	ERR636667	ERR636669	ERR636668	ERR636672	ERR636670	ERR636671	ERR622178	ERR622176	ERR622177	ERR622175	ERR622173	ERR622174	ERR637100	ERR637099	ERR637104	ERR637101	ERR637103	ERR637102	ERR607662	ERR607657	ERR607658	ERR607660	ERR607659	ERR607661	ERR605656	ERR605653	ERR605658	ERR605654	ERR605657	ERR605655	ERR613256	ERR613253	ERR613252	ERR613251	ERR613254	ERR613255	ERR605614	ERR605616	ERR605611	ERR605613	ERR605615	ERR605612	ERR612580	ERR612579	ERR612577	ERR612582	ERR612581	ERR612578	ERR617510	ERR617507	ERR617508	ERR617509	ERR617506	ERR617505	ERR617457	ERR617460	ERR617459	ERR617462	ERR617458	ERR617461	ERR635329	ERR635328	ERR635333	ERR635330	ERR635331	ERR635332	ERR631064	ERR631063	ERR631062	ERR631066	ERR631065	ERR631067	ERR612951	ERR612954	ERR612952	ERR612955	ERR612953	ERR612956	ERR629823	ERR629821	ERR629818	ERR629820	ERR629819	ERR629822	ERR629907	ERR629906	ERR629908	ERR629905	ERR629909	ERR629904	ERR617033	ERR617037	ERR617038	ERR617036	ERR617034	ERR617035
ERR636667	0	0.772062	0.771422	0.792641	0.789838	0.793975	0.906203	0.906978	0.906921	0.875341	0.881601	0.875235	0.842061	0.846748	0.873476	0.842964	0.871188	0.872683	0.850353	0.864813	0.853537	0.850283	0.855271	0.850436	0.932173	0.912739	0.930266	0.924097	0.928113	0.926311	0.949103	0.915127	0.909535	0.903512	0.955314	0.948578	0.935057	0.933244	0.917778	0.930789	0.932828	0.927913	0.912899	0.899013	0.892175	0.914767	0.91348	0.924167	1.10451	1.09953	1.11074	1.10653	1.09931	1.10342	1.09028	1.07901	1.08799	1.08363	1.0883	1.0782	1.08289	1.09144	1.10145	1.07675	1.09506	1.10075	1.07406	1.08079	1.07718	1.08244	1.08355	1.08707	1.08319	1.10031	1.11277	1.1034	1.08998	1.10221	1.07189	1.07236	1.07773	1.09184	1.09202	1.0733	1.10166	1.08643	1.10187	1.09824	1.10032	1.08549	1.09541	1.10596	1.10522	1.10458	1.09225	1.0898
ERR636669	0.772062	0	0.759334	0.78236	0.779841	0.784023	0.898724	0.899909	0.89946	0.865177	0.871986	0.865229	0.832223	0.837043	0.867712	0.83288	0.865235	0.866912	0.839501	0.856471	0.844169	0.839538	0.844962	0.839572	0.923258	0.902582	0.920016	0.914236	0.917886	0.91675	0.942215	0.906498	0.900624	0.895016	0.948744	0.941556	0.92807	0.92488	0.909517	0.922794	0.924676	0.920258	0.905531	0.890784	0.883575	0.907367	0.90623	0.917036	1.09481	1.08952	1.10147	1.09695	1.08967	1.0933	1.07968	1.06851	1.07755	1.07281	1.07773	1.06765	1.07183	1.08037	1.09064	1.06544	1.08381	1.09015	1.06374	1.07089	1.06684	1.07192	1.07317	1.07678	1.0732	1.09067	1.10335	1.09412	1.07967	1.09262	1.06013	1.06063	1.06601	1.08052	1.08062	1.06125	1.09069	1.07586	1.09102	1.0876	1.08949	1.07447	1.08537	1.09564	1.09492	1.09438	1.08239	1.07984
ERR636668	0.771422	0.759334	0	0.782515	0.779404	0.783558	0.895947	0.897307	0.89683	0.86465	0.871692	0.86325	0.831332	0.836961	0.867169	0.83253	0.864857	0.866277	0.839679	0.856307	0.842935	0.839933	0.845577	0.840003	0.921615	0.901295	0.920213	0.913701	0.918072	0.915916	0.939997	0.903218	0.896827	0.890074	0.947179	0.939257	0.928443	0.927343	0.90994	0.923566	0.926346	0.921225	0.905514	0.891859	0.883082	0.907552	0.906642	0.91764	1.09407	1.08842	1.10004	1.09583	1.08869	1.09286	1.07968	1.06754	1.07662	1.07251	1.07703	1.06652	1.07199	1.08134	1.09176	1.06553	1.08493	1.09104	1.06166	1.06874	1.06549	1.07117	1.07212	1.07538	1.07127	1.08898	1.10245	1.09218	1.0784	1.09084	1.06043	1.06074	1.066	1.08104	1.0811	1.06161	1.09145	1.07504	1.09174	1.08757	1.0903	1.07389	1.08468	1.09628	1.0957	1.09458	1.08084	1.07853
ERR636672	0.792641	0.78236	0.782515	0	0.794373	0.798123	0.913263	0.914662	0.914417	0.882259	0.888295	0.883073	0.850242	0.853779	0.87913	0.850558	0.87714	0.87852	0.8566	0.870908	0.86082	0.856692	0.861637	0.856624	0.939552	0.920913	0.936339	0.931577	0.934001	0.933254	0.95745	0.924914	0.919675	0.915172	0.96282	0.956474	0.940016	0.936289	0.922872	0.934235	0.935994	0.932229	0.917074	0.903274	0.897633	0.918825	0.918091	0.927522	1.10975	1.10497	1.11637	1.11209	1.10508	1.10831	1.09509	1.08473	1.09337	1.0889	1.09374	1.08384	1.08731	1.09523	1.10514	1.08177	1.09884	1.10464	1.08095	1.08758	1.08384	1.08829	1.08973	1.09318	1.08977	1.10651	1.11831	1.10979	1.09598	1.10847	1.07665	1.07715	1.08244	1.09624	1.09605	1.07779	1.10541	1.09156	1.1057	1.10259	1.10413	1.09042	1.10133	1.11109	1.11013	1.10977	1.09866	1.09661
ERR636670	0.789838	0.779841	0.779404	0.794373	0	0.795561	0.911364	0.912344	0.911869	0.879884	0.886178	0.880298	0.846437	0.850557	0.876197	0.846714	0.874807	0.876016	0.853028	0.868346	0.857776	0.853835	0.858426	0.853908	0.937487	0.91817	0.934542	0.929462	0.931902	0.931254	0.955299	0.922252	0.917082	0.91187	0.961298	0.954365	0.937659	0.934173	0.920457	0.932357	0.933585	0.929983	0.915253	0.901615	0.895288	0.917285	0.91611	0.926328	1.10856	1.10393	1.11502	1.11065	1.10416	1.10741	1.09388	1.08347	1.09221	1.08752	1.09256	1.08248	1.08634	1.09424	1.10415	1.08031	1.09781	1.10365	1.07959	1.0862	1.08227	1.08711	1.08837	1.09163	1.08817	1.10517	1.11701	1.10801	1.09448	1.1071	1.07552	1.076	1.08145	1.09507	1.09506	1.07668	1.10432	1.09057	1.10473	1.10176	1.10315	1.0892	1.10004	1.11006	1.10905	1.10844	1.09744	1.09534
ERR636671	0.793975	0.784023	0.783558	0.798123	0.795561	0	0.914223	0.915303	0.914492	0.883057	0.889245	0.883574	0.850724	0.854786	0.879471	0.851397	0.877778	0.879469	0.857498	0.871354	0.861324	0.857338	0.862276	0.857341	0.940264	0.921235	0.937208	0.93222	0.934665	0.934027	0.958207	0.925748	0.920484	0.915626	0.963737	0.957148	0.939909	0.936428	0.923112	0.934646	0.936111	0.932696	0.917834	0.903857	0.898221	0.919784	0.918507	0.928374	1.11034	1.10569	1.11671	1.11261	1.10566	1.10903	1.0958	1.08515	1.0938	1.08896	1.09413	1.0844	1.08819	1.09587	1.10587	1.08226	1.09939	1.10519	1.08108	1.08792	1.08392	1.08876	1.08982	1.0933	1.08991	1.10666	1.11856	1.11001	1.09611	1.10893	1.077	1.07759	1.08302	1.09673	1.09653	1.07818	1.10607	1.09213	1.10654	1.10347	1.10492	1.09102	1.10145	1.11136	1.11048	1.11019	1.09888	1.09681
ERR622178	0.906203	0.898724	0.895947	0.913263	0.911364	0.914223	0	0.810801	0.810107	0.784705	0.790879	0.78243	0.884394	0.889182	0.913503	0.886361	0.911419	0.912713	0.889326	0.902197	0.890621	0.889207	0.893112	0.889205	0.990773	0.975404	0.993115	0.985604	0.991986	0.986626	0.987134	0.957035	0.951668	0.945186	0.992972	0.986518	0.979488	0.981202	0.964944	0.97731	0.981182	0.974974	0.94599	0.935603	0.92725	0.947693	0.946735	0.956974	1.09405	1.08806	1.09933	1.09469	1.08804	1.09344	1.08056	1.06781	1.07696	1.0735	1.07645	1.06645	1.07698	1.08667	1.09578	1.07101	1.08928	1.09563	1.06216	1.06859	1.06678	1.07239	1.07312	1.07608	1.07305	1.08903	1.10313	1.09228	1.08058	1.09091	1.06727	1.06749	1.07244	1.08589	1.0864	1.06846	1.09211	1.07546	1.09227	1.08774	1.09102	1.07498	1.08342	1.09496	1.09482	1.09365	1.07898	1.07709
ERR622176	0.906978	0.899909	0.897307	0.914662	0.912344	0.915303	0.810801	0	0.8114	0.787313	0.793324	0.784621	0.886184	0.890751	0.91485	0.88758	0.912749	0.914357	0.891152	0.903787	0.89234	0.890283	0.894871	0.890597	0.992723	0.977503	0.994772	0.987419	0.994121	0.988649	0.988687	0.959388	0.953732	0.947451	0.994465	0.988081	0.980753	0.982481	0.96643	0.978423	0.982101	0.976496	0.947023	0.936855	0.928708	0.948248	0.947341	0.957964	1.0961	1.08981	1.10088	1.09637	1.08969	1.09486	1.08214	1.06985	1.07875	1.07539	1.07884	1.06849	1.07901	1.08849	1.09747	1.07294	1.09108	1.09742	1.06415	1.07057	1.0687	1.07397	1.07488	1.07781	1.07494	1.0906	1.10442	1.09398	1.08228	1.09236	1.06931	1.06947	1.07441	1.08786	1.08818	1.07031	1.09383	1.0773	1.09457	1.08963	1.09289	1.0767	1.08572	1.09672	1.09679	1.09538	1.08105	1.07889
ERR622177	0.906921	0.89946	0.89683	0.914417	0.911869	0.914492	0.810107	0.8114	0	0.785474	0.791583	0.783369	0.885036	0.89022	0.913938	0.887354	0.91173	0.913346	0.890347	0.90302	0.891657	0.88986	0.894652	0.89017	0.992779	0.97734	0.994592	0.987117	0.993811	0.988431	0.988814	0.958871	0.953559	0.947464	0.994483	0.988043	0.979943	0.981567	0.96568	0.97754	0.981424	0.975839	0.946882	0.936707	0.928398	0.948747	0.94759	0.957774	1.09571	1.08977	1.10111	1.0966	1.08996	1.09528	1.08225	1.06969	1.07838	1.07532	1.07874	1.06855	1.07915	1.08827	1.09766	1.07287	1.09115	1.09741	1.06371	1.07033	1.06844	1.0741	1.07483	1.07767	1.07494	1.09091	1.10445	1.09388	1.0823	1.09244	1.06894	1.06918	1.07383	1.08761	1.08784	1.07002	1.094	1.0775	1.09446	1.08955	1.09306	1.07674	1.08543	1.09673	1.09646	1.09543	1.08069	1.07867
ERR622175	0.875341	0.865177	0.86465	0.882259	0.879884	0.883057	0.784705	0.787313	0.785474	0	0.749327	0.741081	0.853099	0.858189	0.890107	0.8539	0.887335	0.889352	0.855812	0.872787	0.860247	0.855445	0.861046	0.855711	0.966821	0.948383	0.964898	0.958514	0.963291	0.960542	0.970849	0.936697	0.93085	0.925314	0.976486	0.969749	0.952842	0.950748	0.935182	0.948796	0.949639	0.945574	0.920988	0.90671	0.899175	0.922924	0.921469	0.932479	1.07171	1.06626	1.07885	1.07375	1.06624	1.07005	1.05435	1.04268	1.05233	1.04727	1.05203	1.04128	1.04924	1.05805	1.06831	1.04288	1.06098	1.06823	1.03874	1.0463	1.04261	1.04777	1.0487	1.05254	1.05039	1.06846	1.08193	1.07182	1.05753	1.0704	1.0379	1.03858	1.04423	1.05892	1.05872	1.03926	1.06524	1.04964	1.0661	1.06212	1.06434	1.04893	1.05951	1.07026	1.06938	1.06881	1.05643	1.05435
ERR622173	0.881601	0.871986	0.871692	0.888295	0.886178	0.889245	0.790879	0.793324	0.791583	0.749327	0	0.749255	0.859565	0.86392	0.894422	0.859951	0.891504	0.893583	0.862117	0.878451	0.866145	0.861715	0.867069	0.862309	0.972666	0.954744	0.970667	0.964548	0.969141	0.966577	0.974895	0.941869	0.936381	0.931065	0.979834	0.973777	0.957626	0.95507	0.940073	0.952932	0.954154	0.95024	0.925352	0.911642	0.904424	0.927446	0.925895	0.936606	1.07737	1.072	1.08431	1.07948	1.07227	1.07608	1.06043	1.04908	1.05831	1.05343	1.05816	1.04772	1.05543	1.06395	1.07399	1.04939	1.06706	1.07417	1.04542	1.0528	1.04918	1.05388	1.0552	1.05843	1.05656	1.07449	1.08737	1.07766	1.06364	1.07651	1.04489	1.04536	1.05084	1.06525	1.06488	1.04596	1.07113	1.05596	1.0717	1.06803	1.07018	1.05527	1.06561	1.07585	1.07508	1.07459	1.06262	1.06044
ERR622174	0.875235	0.865229	0.86325	0.883073	0.880298	0.883574	0.78243	0.784621	0.783369	0.741081	0.749255	0	0.852379	0.857967	0.889527	0.853346	0.886631	0.888464	0.855903	0.873207	0.859394	0.855611	0.861691	0.855889	0.966124	0.948107	0.965369	0.958512	0.964012	0.960419	0.96858	0.9337	0.92772	0.921112	0.974794	0.96765	0.953266	0.952247	0.93571	0.949157	0.951604	0.946302	0.921299	0.907924	0.899302	0.922986	0.922076	0.932849	1.07093	1.06484	1.07721	1.07198	1.06493	1.06938	1.05386	1.04136	1.05101	1.04662	1.05106	1.03994	1.04928	1.05856	1.06904	1.04263	1.06185	1.06885	1.03644	1.04397	1.04086	1.04643	1.04724	1.05068	1.04819	1.06648	1.08049	1.06973	1.05595	1.06855	1.03813	1.03821	1.0439	1.0591	1.05909	1.03926	1.06561	1.04873	1.06614	1.0616	1.06485	1.04811	1.05861	1.0701	1.06971	1.06867	1.05462	1.0526
ERR637100	0.842061	0.832223	0.831332	0.850242	0.846437	0.850724	0.884394	0.886184	0.885036	0.853099	0.859565	0.852379	0	0.747075	0.788111	0.741534	0.784478	0.786527	0.781457	0.79971	0.785633	0.781285	0.787966	0.781387	0.940837	0.921591	0.938744	0.932891	0.936562	0.934654	0.939908	0.904933	0.898872	0.892664	0.946174	0.939871	0.926711	0.924543	0.908521	0.921935	0.923868	0.919518	0.872262	0.855695	0.847368	0.873455	0.872455	0.885528	1.10192	1.0962	1.10748	1.10328	1.09644	1.10067	1.09156	1.07975	1.08904	1.0847	1.08941	1.07888	1.08725	1.09548	1.1058	1.0815	1.09928	1.10526	1.07453	1.08143	1.0784	1.08352	1.08447	1.08778	1.08761	1.10465	1.11704	1.10798	1.09479	1.10655	1.06999	1.07047	1.07589	1.08981	1.08986	1.07126	1.10038	1.08529	1.10126	1.09713	1.09929	1.08418	1.09802	1.10846	1.1078	1.107	1.09434	1.09213
ERR637099	0.846748	0.837043	0.836961	0.853779	0.850557	0.854786	0.889182	0.890751	0.89022	0.858189	0.86392	0.857967	0.747075	0	0.791114	0.747398	0.787717	0.789966	0.786569	0.803445	0.791197	0.785974	0.792268	0.786417	0.945463	0.926492	0.942701	0.937747	0.940527	0.939256	0.94439	0.910881	0.905629	0.900062	0.950063	0.943934	0.930094	0.927261	0.91229	0.925152	0.926729	0.922409	0.875482	0.858459	0.851163	0.876877	0.875117	0.888323	1.10658	1.10158	1.11267	1.10858	1.10154	1.10535	1.09613	1.08499	1.0942	1.08984	1.09445	1.08447	1.09186	1.09979	1.1097	1.08626	1.10318	1.10911	1.08074	1.08739	1.08396	1.08891	1.08982	1.0933	1.09332	1.11018	1.12192	1.11314	1.10009	1.11203	1.07492	1.07536	1.0805	1.09425	1.09428	1.07611	1.10453	1.09006	1.10488	1.10146	1.10326	1.08928	1.10276	1.11263	1.11205	1.11128	1.09993	1.09775
ERR637104	0.873476	0.867712	0.867169	0.87913	0.876197	0.879471	0.913503	0.91485	0.913938	0.890107	0.894422	0.889527	0.788111	0.791114	0	0.788587	0.807187	0.80849	0.822714	0.83243	0.824361	0.822686	0.826174	0.822753	0.971833	0.955867	0.970807	0.96558	0.968471	0.966952	0.965566	0.937565	0.933287	0.928552	0.970527	0.96513	0.95306	0.952022	0.939345	0.949629	0.95204	0.947838	0.899258	0.885593	0.879579	0.900223	0.898945	0.910976	1.13534	1.13056	1.1403	1.13651	1.13048	1.13444	1.12815	1.11729	1.12512	1.1216	1.12551	1.11654	1.12461	1.13195	1.14037	1.11908	1.13486	1.13995	1.11204	1.11793	1.11546	1.11987	1.12095	1.1238	1.12309	1.1378	1.14904	1.14067	1.12969	1.13947	1.10941	1.1098	1.1143	1.12662	1.12684	1.11032	1.13597	1.12199	1.13634	1.13261	1.1348	1.12126	1.13258	1.1418	1.14153	1.14045	1.12891	1.12718
ERR637101	0.842964	0.83288	0.83253	0.850558	0.846714	0.851397	0.886361	0.88758	0.887354	0.8539	0.859951	0.853346	0.741534	0.747398	0.788587	0	0.784881	0.786772	0.781398	0.799694	0.786511	0.781104	0.787812	0.781479	0.941714	0.922421	0.938641	0.933568	0.936478	0.935384	0.941158	0.906632	0.900879	0.895638	0.947227	0.940907	0.926855	0.923519	0.908563	0.9217	0.922997	0.919186	0.872406	0.855127	0.847663	0.873609	0.872407	0.885564	1.10242	1.09746	1.10859	1.10461	1.09739	1.10122	1.09169	1.08054	1.08969	1.08503	1.08999	1.07989	1.08731	1.09501	1.10493	1.08146	1.09843	1.10488	1.07631	1.08309	1.07922	1.08434	1.08545	1.08887	1.08888	1.10609	1.11793	1.10916	1.09576	1.10796	1.06989	1.07024	1.07588	1.08984	1.08968	1.07122	1.10011	1.08556	1.10054	1.09698	1.09889	1.08446	1.09856	1.10849	1.10775	1.1068	1.09546	1.09336
ERR637103	0.871188	0.865235	0.864857	0.87714	0.874807	0.877778	0.911419	0.912749	0.91173	0.887335	0.891504	0.886631	0.784478	0.787717	0.807187	0.784881	0	0.806752	0.819376	0.829378	0.82123	0.818708	0.822651	0.819348	0.969677	0.953911	0.96881	0.963274	0.966681	0.964987	0.96369	0.935284	0.930997	0.926164	0.968879	0.96353	0.951321	0.950233	0.937257	0.947978	0.950132	0.946061	0.89699	0.883015	0.877037	0.898006	0.896856	0.909052	1.1331	1.12807	1.13808	1.13441	1.12788	1.13211	1.12529	1.11456	1.12284	1.1192	1.12285	1.11401	1.1218	1.12937	1.13787	1.11629	1.13236	1.13747	1.10927	1.11529	1.11268	1.11724	1.11807	1.12114	1.1205	1.13542	1.1467	1.13818	1.12697	1.1371	1.10654	1.10681	1.11132	1.12376	1.12389	1.10755	1.13314	1.11928	1.13357	1.12967	1.13183	1.1183	1.13028	1.13907	1.13915	1.1381	1.12671	1.12447
ERR637102	0.872683	0.866912	0.866277	0.87852	0.876016	0.879469	0.912713	0.914357	0.913346	0.889352	0.893583	0.888464	0.786527	0.789966	0.80849	0.786772	0.806752	0	0.821257	0.830928	0.823017	0.820563	0.82489	0.820965	0.971246	0.955605	0.97043	0.965503	0.96838	0.966627	0.964817	0.937027	0.932378	0.927703	0.96984	0.964644	0.952764	0.951945	0.938766	0.949391	0.952163	0.947422	0.899249	0.885613	0.879562	0.90016	0.899145	0.911196	1.13484	1.13002	1.14003	1.13598	1.12995	1.13435	1.12757	1.11693	1.12475	1.12159	1.12462	1.11612	1.12431	1.13178	1.14016	1.1189	1.13461	1.13984	1.11139	1.11707	1.11454	1.11955	1.12041	1.1233	1.12256	1.13735	1.14896	1.14035	1.12938	1.13899	1.10898	1.10901	1.11355	1.12622	1.12615	1.11001	1.13544	1.12179	1.1361	1.13202	1.13444	1.12068	1.13218	1.1415	1.14128	1.14032	1.12861	1.12652
ERR607662	0.850353	0.839501	0.839679	0.8566	0.853028	0.857498	0.889326	0.891152	0.890347	0.855812	0.862117	0.855903	0.781457	0.786569	0.822714	0.781398	0.819376	0.821257	0	0.761465	0.746945	0.737523	0.747329	0.737524	0.941089	0.921491	0.936991	0.932782	0.934664	0.934499	0.94696	0.913103	0.908042	0.90327	0.952644	0.946464	0.927022	0.922531	0.908262	0.921202	0.921291	0.918529	0.870892	0.85304	0.846634	0.872223	0.871345	0.884266	1.1021	1.0975	1.10876	1.10474	1.09788	1.10078	1.09108	1.08059	1.08995	1.08471	1.08985	1.07993	1.08435	1.09177	1.10157	1.07851	1.09517	1.10125	1.07678	1.08386	1.07965	1.08435	1.08538	1.08904	1.08852	1.10571	1.11693	1.10898	1.095	1.10766	1.06757	1.06827	1.07381	1.0875	1.08735	1.06896	1.09736	1.0838	1.09828	1.09483	1.0962	1.08265	1.0959	1.10541	1.10444	1.10417	1.09352	1.09146
ERR607657	0.864813	0.856471	0.856307	0.870908	0.868346	0.871354	0.902197	0.903787	0.90302	0.872787	0.878451	0.873207	0.79971	0.803445	0.83243	0.799694	0.829378	0.830928	0.761465	0	0.763262	0.760952	0.764171	0.760801	0.955129	0.937193	0.952052	0.947531	0.950341	0.949139	0.957894	0.927255	0.922495	0.917805	0.963644	0.95781	0.939339	0.9365	0.922799	0.934599	0.935904	0.932045	0.883919	0.867285	0.860928	0.885116	0.883816	0.89651	1.11712	1.11257	1.12299	1.11929	1.11248	1.11566	1.10709	1.09695	1.10547	1.10104	1.10565	1.09609	1.10089	1.10826	1.11762	1.09527	1.11154	1.11757	1.09238	1.09884	1.09543	1.10014	1.10106	1.10447	1.10373	1.11986	1.13085	1.12292	1.11018	1.12174	1.08534	1.0857	1.09073	1.10392	1.10362	1.08645	1.11383	1.10019	1.11402	1.11076	1.11235	1.09895	1.11093	1.12006	1.11959	1.11882	1.10815	1.10625
ERR607658	0.853537	0.844169	0.842935	0.86082	0.857776	0.861324	0.890621	0.89234	0.891657	0.860247	0.866145	0.859394	0.785633	0.791197	0.824361	0.786511	0.82123	0.823017	0.746945	0.763262	0	0.746715	0.751084	0.747027	0.94386	0.924917	0.941792	0.936305	0.940003	0.938034	0.948023	0.914449	0.908613	0.903071	0.954141	0.947668	0.930858	0.928703	0.912751	0.92608	0.927699	0.923509	0.874026	0.857029	0.849376	0.875627	0.874581	0.887198	1.10586	1.10071	1.11195	1.10785	1.10077	1.10476	1.09558	1.08456	1.09348	1.08908	1.09385	1.0838	1.08946	1.09763	1.10728	1.08356	1.10092	1.107	1.07934	1.08617	1.08276	1.08804	1.08895	1.09256	1.09118	1.10798	1.11981	1.11113	1.09816	1.10989	1.07321	1.07372	1.0788	1.09243	1.09247	1.07437	1.10293	1.08784	1.10348	1.09942	1.10181	1.08693	1.09902	1.10949	1.1086	1.10815	1.09568	1.09383
ERR607660	0.850283	0.839538	0.839933	0.856692	0.853835	0.857338	0.889207	0.890283	0.88986	0.855445	0.861715	0.855611	0.781285	0.785974	0.822686	0.781104	0.818708	0.820563	0.737523	0.760952	0.746715	0	0.746817	0.737089	0.941582	0.92187	0.937434	0.933001	0.935281	0.934733	0.946799	0.913059	0.907334	0.902476	0.952898	0.946417	0.926856	0.92321	0.90814	0.921513	0.921875	0.918892	0.870458	0.85222	0.84573	0.871891	0.870654	0.883872	1.10155	1.09692	1.10824	1.10393	1.09711	1.10012	1.09025	1.08017	1.08894	1.08397	1.08928	1.07918	1.08377	1.09117	1.10109	1.07799	1.09475	1.10093	1.07602	1.08301	1.07907	1.08319	1.08465	1.08827	1.08759	1.10483	1.11632	1.10811	1.09423	1.10678	1.06705	1.06772	1.07327	1.08677	1.08685	1.0684	1.09721	1.08302	1.09763	1.09437	1.09575	1.08203	1.0954	1.10471	1.10397	1.10359	1.09265	1.09067
ERR607659	0.855271	0.844962	0.845577	0.861637	0.858426	0.862276	0.893112	0.894871	0.894652	0.861046	0.867069	0.861691	0.787966	0.792268	0.826174	0.787812	0.822651	0.82489	0.747329	0.764171	0.751084	0.746817	0	0.747327	0.945567	0.926191	0.941169	0.937215	0.939525	0.938705	0.951227	0.917976	0.91245	0.907783	0.956558	0.950443	0.930903	0.927125	0.912734	0.925648	0.92593	0.922849	0.874491	0.857025	0.850774	0.87612	0.874737	0.887793	1.1066	1.10187	1.11319	1.10932	1.10207	1.1052	1.0955	1.0853	1.09417	1.08935	1.09431	1.08451	1.08917	1.09633	1.1062	1.08322	1.09992	1.10583	1.08134	1.08813	1.08393	1.08869	1.08997	1.0934	1.0926	1.10936	1.12079	1.11269	1.09912	1.11149	1.07258	1.07313	1.07818	1.09204	1.09169	1.07379	1.10212	1.08824	1.10256	1.09939	1.10104	1.08727	1.09972	1.1093	1.10828	1.10798	1.09722	1.09533
ERR607661	0.850436	0.839572	0.840003	0.856624	0.853908	0.857341	0.889205	0.890597	0.89017	0.855711	0.862309	0.855889	0.781387	0.786417	0.822753	0.781479	0.819348	0.820965	0.737524	0.760801	0.747027	0.737089	0.747327	0	0.94093	0.921377	0.937009	0.932485	0.934536	0.934045	0.94651	0.912517	0.907209	0.902	0.952101	0.94607	0.926575	0.922734	0.908038	0.921248	0.921706	0.918549	0.870803	0.852665	0.846251	0.872347	0.870868	0.884391	1.10182	1.09712	1.10831	1.10416	1.09723	1.10029	1.09038	1.07995	1.089	1.08405	1.08931	1.07894	1.08402	1.09136	1.10129	1.07803	1.09478	1.10076	1.0759	1.083	1.07882	1.08347	1.08464	1.08816	1.08771	1.10504	1.11636	1.10818	1.09437	1.1069	1.06704	1.06779	1.07318	1.08694	1.0868	1.0683	1.09701	1.08326	1.0974	1.09426	1.09584	1.08196	1.0953	1.10504	1.10425	1.10385	1.09271	1.09082
ERR605656	0.932173	0.923258	0.921615	0.939552	0.937487	0.940264	0.990773	0.992723	0.992779	0.966821	0.972666	0.966124	0.940837	0.945463	0.971833	0.941714	0.969677	0.971246	0.941089	0.955129	0.94386	0.941582	0.945567	0.94093	0	0.807407	0.818444	0.815398	0.8174	0.817798	0.945807	0.913514	0.907101	0.903253	0.951347	0.94637	0.913555	0.915351	0.905124	0.911907	0.915901	0.911267	0.979112	0.964698	0.958148	0.980731	0.978505	0.988508	1.12548	1.12038	1.13163	1.12753	1.12064	1.12449	1.11137	1.10141	1.10901	1.10571	1.10965	1.10096	1.10169	1.11057	1.11958	1.09583	1.11347	1.1191	1.09656	1.10268	1.09943	1.10459	1.10531	1.1085	1.09469	1.11044	1.12262	1.1134	1.10128	1.11214	1.0945	1.09505	1.09914	1.1119	1.11244	1.0954	1.1208	1.10623	1.12156	1.11698	1.11984	1.10492	1.10746	1.11735	1.11675	1.11584	1.10426	1.10167
ERR605653	0.912739	0.902582	0.901295	0.920913	0.91817	0.921235	0.975404	0.977503	0.97734	0.948383	0.954744	0.948107	0.921591	0.926492	0.955867	0.922421	0.953911	0.955605	0.921491	0.937193	0.924917	0.92187	0.926191	0.921377	0.807407	0	0.80716	0.79856	0.805646	0.802062	0.933391	0.89767	0.891221	0.886909	0.939341	0.933707	0.901967	0.902902	0.891221	0.899746	0.903008	0.898043	0.965002	0.94956	0.942887	0.966502	0.964482	0.974695	1.11258	1.10731	1.11912	1.11505	1.10771	1.11125	1.09732	1.08713	1.09516	1.09127	1.09568	1.08671	1.08715	1.09611	1.1055	1.08076	1.0991	1.10498	1.08254	1.08922	1.08539	1.09039	1.09153	1.09504	1.0809	1.0973	1.10971	1.10056	1.08746	1.09923	1.07926	1.07998	1.08455	1.09789	1.09805	1.08055	1.10731	1.0919	1.10792	1.10345	1.10629	1.09087	1.09351	1.10334	1.10282	1.102	1.09053	1.08769
ERR605658	0.930266	0.920016	0.920213	0.936339	0.934542	0.937208	0.993115	0.994772	0.994592	0.964898	0.970667	0.965369	0.938744	0.942701	0.970807	0.938641	0.96881	0.97043	0.936991	0.952052	0.941792	0.937434	0.941169	0.937009	0.818444	0.80716	0	0.813855	0.81026	0.817083	0.94912	0.91663	0.911075	0.909104	0.953576	0.949237	0.910029	0.906967	0.900098	0.907243	0.906705	0.905508	0.977281	0.960821	0.956922	0.978817	0.976299	0.986091	1.1241	1.12012	1.13088	1.12728	1.12038	1.12244	1.108	1.09977	1.10706	1.10261	1.10788	1.09938	1.09828	1.10506	1.11415	1.09216	1.1077	1.11375	1.09693	1.10337	1.09877	1.1029	1.10399	1.10782	1.09493	1.11115	1.12193	1.11407	1.10055	1.11299	1.09074	1.0915	1.09605	1.10865	1.10852	1.09188	1.11735	1.10445	1.11778	1.11444	1.11609	1.10361	1.10565	1.11386	1.11297	1.11244	1.10462	1.1022
ERR605654	0.924097	0.914236	0.913701	0.931577	0.929462	0.93222	0.985604	0.987419	0.987117	0.958514	0.964548	0.958512	0.932891	0.937747	0.96558	0.933568	0.963274	0.965503	0.932782	0.947531	0.936305	0.933001	0.937215	0.932485	0.815398	0.79856	0.813855	0	0.812371	0.810238	0.94253	0.908649	0.902483	0.899064	0.948183	0.943088	0.908257	0.908233	0.897903	0.905998	0.908446	0.90416	0.972431	0.957286	0.951478	0.974284	0.971838	0.981841	1.11981	1.11509	1.12644	1.12238	1.1153	1.11819	1.10448	1.09512	1.10254	1.09868	1.10335	1.09475	1.09417	1.10259	1.11187	1.08849	1.10547	1.11105	1.09094	1.09745	1.09317	1.09805	1.09904	1.10256	1.08862	1.10476	1.11654	1.10816	1.09508	1.10658	1.08705	1.08773	1.09192	1.10532	1.10514	1.08811	1.11427	1.09987	1.11488	1.11101	1.1134	1.09877	1.10073	1.10994	1.10935	1.10887	1.09838	1.09586
ERR605657	0.928113	0.917886	0.918072	0.934001	0.931902	0.934665	0.991986	0.994121	0.993811	0.963291	0.969141	0.964012	0.936562	0.940527	0.968471	0.936478	0.966681	0.96838	0.934664	0.950341	0.940003	0.935281	0.939525	0.934536	0.8174	0.805646	0.81026	0.812371	0	0.815628	0.948405	0.916303	0.910613	0.908825	0.95331	0.948826	0.907906	0.904337	0.897881	0.904607	0.903942	0.902997	0.97567	0.959457	0.955301	0.97757	0.974625	0.984518	1.12348	1.11955	1.13084	1.12694	1.11984	1.12158	1.10715	1.09901	1.1063	1.10169	1.10685	1.0987	1.09695	1.104	1.11287	1.09117	1.10683	1.11216	1.0968	1.10291	1.09829	1.10215	1.10345	1.10714	1.09467	1.11094	1.12152	1.11395	1.10017	1.11275	1.08982	1.09065	1.09527	1.10808	1.10759	1.09125	1.11629	1.10383	1.1166	1.11381	1.11526	1.10264	1.10553	1.11302	1.11196	1.11197	1.10452	1.10211
ERR605655	0.926311	0.91675	0.915916	0.933254	0.931254	0.934027	0.986626	0.988649	0.988431	0.960542	0.966577	0.960419	0.934654	0.939256	0.966952	0.935384	0.964987	0.966627	0.934499	0.949139	0.938034	0.934733	0.938705	0.934045	0.817798	0.802062	0.817083	0.810238	0.815628	0	0.944109	0.910982	0.904886	0.901536	0.949472	0.944502	0.909239	0.909616	0.899835	0.906871	0.909939	0.905993	0.973876	0.959018	0.953017	0.975738	0.973432	0.983384	1.1212	1.11648	1.12746	1.1236	1.11676	1.11962	1.10631	1.09688	1.10435	1.10055	1.10503	1.09631	1.09635	1.10458	1.1137	1.09037	1.10733	1.11304	1.09281	1.09931	1.09534	1.10012	1.10106	1.10461	1.09072	1.10674	1.11858	1.11016	1.09699	1.10876	1.08913	1.08961	1.0939	1.10723	1.1069	1.09017	1.11559	1.10159	1.11628	1.11246	1.11481	1.10029	1.10326	1.11274	1.11209	1.11136	1.10083	1.09819
ERR613256	0.949103	0.942215	0.939997	0.95745	0.955299	0.958207	0.987134	0.988687	0.988814	0.970849	0.974895	0.96858	0.939908	0.94439	0.965566	0.941158	0.96369	0.964817	0.94696	0.957894	0.948023	0.946799	0.951227	0.94651	0.945807	0.933391	0.94912	0.94253	0.948405	0.944109	0	0.83159	0.825238	0.819323	0.869689	0.86193	0.984954	0.988289	0.973304	0.982538	0.988671	0.981473	0.990356	0.979406	0.972385	0.990705	0.989843	1.00083	1.12294	1.1172	1.12748	1.12411	1.11696	1.12223	1.10982	1.09826	1.10604	1.10327	1.10684	1.09748	1.1047	1.11378	1.12215	1.09898	1.11606	1.12172	1.0904	1.0963	1.09391	1.09933	1.09977	1.10298	1.09148	1.10618	1.119	1.10918	1.09841	1.10731	1.10097	1.10085	1.10511	1.11748	1.11798	1.10175	1.12159	1.10646	1.12203	1.11787	1.12057	1.10533	1.10822	1.11871	1.1188	1.11735	1.10377	1.10158
ERR613253	0.915127	0.906498	0.903218	0.924914	0.922252	0.925748	0.957035	0.959388	0.958871	0.936697	0.941869	0.9337	0.904933	0.910881	0.937565	0.906632	0.935284	0.937027	0.913103	0.927255	0.914449	0.913059	0.917976	0.912517	0.913514	0.89767	0.91663	0.908649	0.916303	0.910982	0.83159	0	0.777474	0.768848	0.841761	0.831551	0.951375	0.954953	0.937468	0.948768	0.95565	0.947169	0.961227	0.948848	0.939787	0.961863	0.960974	0.972857	1.0969	1.09036	1.10165	1.09826	1.09032	1.0962	1.08229	1.06907	1.07775	1.07495	1.07868	1.06842	1.07655	1.08717	1.09619	1.07018	1.08957	1.09577	1.06048	1.0668	1.06403	1.07046	1.07134	1.07481	1.06206	1.07844	1.09326	1.08163	1.06964	1.08023	1.07245	1.07264	1.07722	1.09136	1.09167	1.07357	1.09562	1.07828	1.09669	1.09125	1.0948	1.07696	1.08053	1.09231	1.09236	1.09097	1.07528	1.0725
ERR613252	0.909535	0.900624	0.896827	0.919675	0.917082	0.920484	0.951668	0.953732	0.953559	0.93085	0.936381	0.92772	0.898872	0.905629	0.933287	0.900879	0.930997	0.932378	0.908042	0.922495	0.908613	0.907334	0.91245	0.907209	0.907101	0.891221	0.911075	0.902483	0.910613	0.904886	0.825238	0.777474	0	0.75835	0.836298	0.825314	0.94501	0.949051	0.930725	0.942645	0.949817	0.941061	0.955724	0.943469	0.933418	0.956982	0.95535	0.967332	1.09207	1.08526	1.09703	1.09323	1.08517	1.0915	1.07725	1.06367	1.07261	1.06964	1.07336	1.06272	1.07167	1.08271	1.09198	1.06488	1.08506	1.09152	1.05439	1.06101	1.05854	1.06501	1.06561	1.06948	1.05594	1.0728	1.08792	1.07639	1.06405	1.07461	1.0675	1.06738	1.07224	1.08683	1.08727	1.06839	1.09121	1.07311	1.09175	1.08654	1.09015	1.0717	1.07537	1.08775	1.08795	1.08617	1.06968	1.06674
ERR613251	0.903512	0.895016	0.890074	0.915172	0.91187	0.915626	0.945186	0.947451	0.947464	0.925314	0.931065	0.921112	0.892664	0.900062	0.928552	0.895638	0.926164	0.927703	0.90327	0.917805	0.903071	0.902476	0.907783	0.902	0.903253	0.886909	0.909104	0.899064	0.908825	0.901536	0.819323	0.768848	0.75835	0	0.831054	0.819865	0.942174	0.947697	0.927735	0.94038	0.948827	0.938809	0.952536	0.940703	0.928934	0.953361	0.952052	0.964614	1.08636	1.0792	1.09074	1.08689	1.07892	1.08614	1.07257	1.05763	1.06695	1.06475	1.06768	1.05654	1.06713	1.07898	1.08909	1.06046	1.08192	1.08849	1.04675	1.05345	1.0518	1.0592	1.05956	1.06312	1.04914	1.06628	1.08259	1.06997	1.0582	1.06798	1.06258	1.06265	1.06751	1.08204	1.0833	1.06385	1.08713	1.06718	1.08797	1.08173	1.08626	1.06587	1.06971	1.08337	1.08382	1.08174	1.06286	1.05985
ERR613254	0.955314	0.948744	0.947179	0.96282	0.961298	0.963737	0.992972	0.994465	0.994483	0.976486	0.979834	0.974794	0.946174	0.950063	0.970527	0.947227	0.968879	0.96984	0.952644	0.963644	0.954141	0.952898	0.956558	0.952101	0.951347	0.939341	0.953576	0.948183	0.95331	0.949472	0.869689	0.841761	0.836298	0.831054	0	0.869678	0.990047	0.992714	0.978897	0.987869	0.993182	0.987232	0.995117	0.984045	0.97744	0.995743	0.993975	1.00463	1.12797	1.12273	1.13254	1.12939	1.12247	1.1272	1.11481	1.104	1.11178	1.10855	1.11222	1.10334	1.10978	1.11862	1.12646	1.10446	1.12059	1.12615	1.09704	1.10294	1.09993	1.10512	1.10573	1.10919	1.09767	1.11229	1.12433	1.11517	1.10419	1.11366	1.10604	1.10616	1.11019	1.12255	1.12282	1.10706	1.12624	1.11204	1.12668	1.12298	1.12515	1.11082	1.11406	1.12377	1.12352	1.12238	1.10996	1.1081
ERR613255	0.948578	0.941556	0.939257	0.956474	0.954365	0.957148	0.986518	0.988081	0.988043	0.969749	0.973777	0.96765	0.939871	0.943934	0.96513	0.940907	0.96353	0.964644	0.946464	0.95781	0.947668	0.946417	0.950443	0.94607	0.94637	0.933707	0.949237	0.943088	0.948826	0.944502	0.86193	0.831551	0.825314	0.819865	0.869678	0	0.986051	0.98931	0.974635	0.984016	0.98976	0.982858	0.990271	0.979377	0.972342	0.991168	0.989817	1.00031	1.12261	1.11694	1.12705	1.12389	1.11658	1.12188	1.10943	1.09786	1.10589	1.10276	1.10652	1.09708	1.10401	1.11311	1.12129	1.09834	1.11501	1.12098	1.09044	1.09618	1.09382	1.09895	1.09985	1.1032	1.09125	1.10619	1.11875	1.10877	1.09791	1.10757	1.10056	1.10034	1.10458	1.11743	1.11759	1.10136	1.12131	1.10619	1.12195	1.11744	1.12002	1.10496	1.10791	1.1183	1.11806	1.1171	1.10358	1.10131
ERR605614	0.935057	0.92807	0.928443	0.940016	0.937659	0.939909	0.979488	0.980753	0.979943	0.952842	0.957626	0.953266	0.926711	0.930094	0.95306	0.926855	0.951321	0.952764	0.927022	0.939339	0.930858	0.926856	0.930903	0.926575	0.913555	0.901967	0.910029	0.908257	0.907906	0.909239	0.984954	0.951375	0.94501	0.942174	0.990047	0.986051	0	0.779268	0.773111	0.780715	0.778523	0.779294	0.949277	0.933308	0.929674	0.951452	0.948954	0.957075	1.13958	1.13529	1.14558	1.14192	1.13535	1.1378	1.12394	1.11523	1.12248	1.11824	1.12325	1.1146	1.11789	1.12453	1.13357	1.11258	1.12767	1.13291	1.11226	1.11827	1.11453	1.11902	1.11982	1.12307	1.10579	1.12204	1.13242	1.12486	1.11171	1.12372	1.10775	1.10824	1.11284	1.1251	1.12505	1.10897	1.13302	1.12043	1.13337	1.13027	1.13187	1.1196	1.12481	1.13347	1.13292	1.1323	1.1229	1.12069
ERR605616	0.933244	0.92488	0.927343	0.936289	0.934173	0.936428	0.981202	0.982481	0.981567	0.950748	0.95507	0.952247	0.924543	0.927261	0.952022	0.923519	0.950233	0.951945	0.922531	0.9365	0.928703	0.92321	0.927125	0.922734	0.915351	0.902902	0.906967	0.908233	0.904337	0.909616	0.988289	0.954953	0.949051	0.947697	0.992714	0.98931	0.779268	0	0.769124	0.777011	0.76929	0.774177	0.947832	0.929861	0.927969	0.949712	0.946753	0.954994	1.1375	1.13439	1.14471	1.14113	1.13474	1.13561	1.12004	1.11328	1.12014	1.11508	1.12097	1.11284	1.11387	1.11931	1.12815	1.10866	1.12199	1.12747	1.11241	1.11856	1.11367	1.11717	1.11832	1.12176	1.10529	1.12179	1.13104	1.12433	1.11	1.12361	1.10371	1.10457	1.10924	1.12147	1.12077	1.10503	1.12902	1.1186	1.12906	1.12721	1.12793	1.11718	1.12339	1.1306	1.12947	1.12922	1.12324	1.12118
ERR605611	0.917778	0.909517	0.90994	0.922872	0.920457	0.923112	0.964944	0.96643	0.96568	0.935182	0.940073	0.93571	0.908521	0.91229	0.939345	0.908563	0.937257	0.938766	0.908262	0.922799	0.912751	0.90814	0.912734	0.908038	0.905124	0.891221	0.900098	0.897903	0.897881	0.899835	0.973304	0.937468	0.930725	0.927735	0.978897	0.974635	0.773111	0.769124	0	0.765801	0.767705	0.76323	0.93684	0.919416	0.915261	0.938716	0.936519	0.945041	1.12588	1.12183	1.13267	1.12884	1.12204	1.12431	1.10917	1.10028	1.10776	1.10327	1.10846	1.09976	1.10263	1.10928	1.11894	1.09689	1.11269	1.11815	1.09753	1.104	1.09981	1.10425	1.10521	1.10872	1.09063	1.10777	1.11863	1.11077	1.09651	1.10963	1.09179	1.09257	1.09735	1.11025	1.10981	1.09301	1.11867	1.10571	1.11901	1.11611	1.11737	1.1044	1.11072	1.11951	1.11898	1.11825	1.10906	1.10664
ERR605613	0.930789	0.922794	0.923566	0.934235	0.932357	0.934646	0.97731	0.978423	0.97754	0.948796	0.952932	0.949157	0.921935	0.925152	0.949629	0.9217	0.947978	0.949391	0.921202	0.934599	0.92608	0.921513	0.925648	0.921248	0.911907	0.899746	0.907243	0.905998	0.904607	0.906871	0.982538	0.948768	0.942645	0.94038	0.987869	0.984016	0.780715	0.777011	0.765801	0	0.775921	0.772427	0.94626	0.929361	0.926164	0.948087	0.945402	0.953913	1.13519	1.13138	1.14143	1.13805	1.1315	1.13341	1.11869	1.11059	1.11757	1.11296	1.11847	1.10984	1.1124	1.11916	1.12826	1.10725	1.12193	1.12719	1.10805	1.11446	1.11015	1.11428	1.11533	1.11879	1.10159	1.11821	1.12834	1.12092	1.10706	1.11984	1.10204	1.10303	1.10721	1.11968	1.1193	1.10319	1.12786	1.11591	1.128	1.12541	1.12686	1.11486	1.1209	1.12902	1.12845	1.12819	1.11957	1.11739
ERR605615	0.932828	0.924676	0.926346	0.935994	0.933585	0.936111	0.981182	0.982101	0.981424	0.949639	0.954154	0.951604	0.923868	0.926729	0.95204	0.922997	0.950132	0.952163	0.921291	0.935904	0.927699	0.921875	0.92593	0.921706	0.915901	0.903008	0.906705	0.908446	0.903942	0.909939	0.988671	0.95565	0.949817	0.948827	0.993182	0.98976	0.778523	0.76929	0.767705	0.775921	0	0.773609	0.947302	0.929162	0.92748	0.949511	0.946423	0.954327	1.13638	1.13327	1.14378	1.13999	1.13365	1.1344	1.11888	1.11176	1.11892	1.11371	1.11958	1.1117	1.11248	1.11781	1.1266	1.10725	1.12058	1.12588	1.11116	1.1176	1.11271	1.11594	1.11704	1.12051	1.1044	1.12097	1.12992	1.12361	1.10902	1.12263	1.10225	1.10302	1.10763	1.11979	1.11899	1.10323	1.12728	1.11711	1.12741	1.12589	1.12632	1.11611	1.12226	1.12933	1.12796	1.12813	1.12236	1.12028
ERR605612	0.927913	0.920258	0.921225	0.932229	0.929983	0.932696	0.974974	0.976496	0.975839	0.945574	0.95024	0.946302	0.919518	0.922409	0.947838	0.919186	0.946061	0.947422	0.918529	0.932045	0.923509	0.918892	0.922849	0.918549	0.911267	0.898043	0.905508	0.90416	0.902997	0.905993	0.981473	0.947169	0.941061	0.938809	0.987232	0.982858	0.779294	0.774177	0.76323	0.772427	0.773609	0	0.944158	0.926885	0.923717	0.946408	0.943694	0.952044	1.13352	1.12985	1.14046	1.13675	1.13018	1.13199	1.11713	1.10897	1.11603	1.11144	1.11686	1.10847	1.11064	1.11654	1.1261	1.10514	1.12	1.12548	1.10674	1.11311	1.10858	1.11271	1.11383	1.11738	1.0997	1.11648	1.12655	1.1191	1.10502	1.11829	1.10016	1.1009	1.10539	1.11802	1.11763	1.10114	1.12618	1.11402	1.12661	1.12381	1.12505	1.11282	1.11898	1.12718	1.12616	1.12595	1.11781	1.11548
ERR612580	0.912899	0.905531	0.905514	0.917074	0.915253	0.917834	0.94599	0.947023	0.946882	0.920988	0.925352	0.921299	0.872262	0.875482	0.899258	0.872406	0.89699	0.899249	0.870892	0.883919	0.874026	0.870458	0.874491	0.870803	0.979112	0.965002	0.977281	0.972431	0.97567	0.973876	0.990356	0.961227	0.955724	0.952536	0.995117	0.990271	0.949277	0.947832	0.93684	0.94626	0.947302	0.944158	0	0.818346	0.812272	0.833351	0.831019	0.847307	1.13136	1.12718	1.13728	1.1335	1.1272	1.12996	1.12286	1.11291	1.12125	1.11665	1.12152	1.11263	1.11949	1.126	1.13483	1.11404	1.12923	1.13451	1.10924	1.11516	1.11164	1.11599	1.11683	1.12026	1.10017	1.11655	1.12743	1.11938	1.10619	1.11782	1.10665	1.10712	1.11207	1.12419	1.12419	1.10774	1.13013	1.11764	1.13038	1.12757	1.12887	1.11719	1.12886	1.13732	1.13663	1.13603	1.12649	1.12474
ERR612579	0.899013	0.890784	0.891859	0.903274	0.901615	0.903857	0.935603	0.936855	0.936707	0.90671	0.911642	0.907924	0.855695	0.858459	0.885593	0.855127	0.883015	0.885613	0.85304	0.867285	0.857029	0.85222	0.857025	0.852665	0.964698	0.94956	0.960821	0.957286	0.959457	0.959018	0.979406	0.948848	0.943469	0.940703	0.984045	0.979377	0.933308	0.929861	0.919416	0.929361	0.929162	0.926885	0.818346	0	0.788803	0.8203	0.817256	0.827887	1.12246	1.11854	1.1288	1.12542	1.11866	1.12102	1.11268	1.10321	1.11145	1.1066	1.11191	1.10283	1.10858	1.11503	1.12411	1.1033	1.11839	1.12384	1.10022	1.10673	1.10254	1.10651	1.1077	1.11103	1.09071	1.10787	1.11859	1.11081	1.09658	1.11005	1.09555	1.0961	1.10116	1.11399	1.11355	1.09681	1.11985	1.10808	1.12012	1.11779	1.11869	1.10692	1.11962	1.12769	1.12695	1.12635	1.11801	1.11612
ERR612577	0.892175	0.883575	0.883082	0.897633	0.895288	0.898221	0.92725	0.928708	0.928398	0.899175	0.904424	0.899302	0.847368	0.851163	0.879579	0.847663	0.877037	0.879562	0.846634	0.860928	0.849376	0.84573	0.850774	0.846251	0.958148	0.942887	0.956922	0.951478	0.955301	0.953017	0.972385	0.939787	0.933418	0.928934	0.97744	0.972342	0.929674	0.927969	0.915261	0.926164	0.92748	0.923717	0.812272	0.788803	0	0.814139	0.811002	0.822753	1.11551	1.11075	1.12149	1.11754	1.11078	1.11421	1.10593	1.0955	1.10446	1.09961	1.10469	1.09466	1.10262	1.10987	1.11933	1.0968	1.11385	1.11924	1.09077	1.09752	1.09391	1.09846	1.09964	1.10296	1.08137	1.09912	1.11107	1.10256	1.08843	1.10122	1.08903	1.08971	1.09462	1.10757	1.10784	1.09031	1.11444	1.10071	1.11488	1.11163	1.11288	1.09981	1.11225	1.1216	1.1213	1.12043	1.10958	1.10788
ERR612582	0.914767	0.907367	0.907552	0.918825	0.917285	0.919784	0.947693	0.948248	0.948747	0.922924	0.927446	0.922986	0.873455	0.876877	0.900223	0.873609	0.898006	0.90016	0.872223	0.885116	0.875627	0.871891	0.87612	0.872347	0.980731	0.966502	0.978817	0.974284	0.97757	0.975738	0.990705	0.961863	0.956982	0.953361	0.995743	0.991168	0.951452	0.949712	0.938716	0.948087	0.949511	0.946408	0.833351	0.8203	0.814139	0	0.832954	0.84899	1.13257	1.12825	1.13843	1.13482	1.12861	1.13111	1.12394	1.11417	1.1225	1.11809	1.12274	1.11381	1.12073	1.12741	1.13594	1.11566	1.1304	1.13568	1.11027	1.11642	1.11291	1.11714	1.11839	1.12101	1.10129	1.1177	1.12862	1.12032	1.10759	1.11916	1.1081	1.10857	1.11368	1.12557	1.12549	1.10902	1.13145	1.11907	1.13187	1.12907	1.13028	1.11807	1.12995	1.13854	1.13794	1.13745	1.12773	1.1259
ERR612581	0.91348	0.90623	0.906642	0.918091	0.91611	0.918507	0.946735	0.947341	0.94759	0.921469	0.925895	0.922076	0.872455	0.875117	0.898945	0.872407	0.896856	0.899145	0.871345	0.883816	0.874581	0.870654	0.874737	0.870868	0.978505	0.964482	0.976299	0.971838	0.974625	0.973432	0.989843	0.960974	0.95535	0.952052	0.993975	0.989817	0.948954	0.946753	0.936519	0.945402	0.946423	0.943694	0.831019	0.817256	0.811002	0.832954	0	0.846692	1.13214	1.12813	1.13785	1.13454	1.12822	1.13105	1.12354	1.11407	1.12204	1.11762	1.1225	1.1135	1.12018	1.12649	1.13522	1.11487	1.12964	1.13496	1.1103	1.1163	1.11269	1.11692	1.11794	1.12101	1.1013	1.11752	1.12859	1.1206	1.10717	1.11952	1.10744	1.10809	1.11284	1.12479	1.12468	1.10859	1.13063	1.11875	1.13129	1.1284	1.12964	1.11748	1.12982	1.13824	1.13723	1.13692	1.12772	1.12585
ERR612578	0.924167	0.917036	0.91764	0.927522	0.926328	0.928374	0.956974	0.957964	0.957774	0.932479	0.936606	0.932849	0.885528	0.888323	0.910976	0.885564	0.909052	0.911196	0.884266	0.89651	0.887198	0.883872	0.887793	0.884391	0.988508	0.974695	0.986091	0.981841	0.984518	0.983384	1.00083	0.972857	0.967332	0.964614	1.00463	1.00031	0.957075	0.954994	0.945041	0.953913	0.954327	0.952044	0.847307	0.827887	0.822753	0.84899	0.846692	0	1.13919	1.13515	1.14496	1.14138	1.13542	1.13775	1.13036	1.12126	1.12901	1.12472	1.12964	1.1206	1.12681	1.13298	1.1416	1.12193	1.13612	1.14156	1.11821	1.12398	1.12052	1.1243	1.12513	1.12852	1.10929	1.12534	1.13548	1.12827	1.11528	1.1274	1.11449	1.11525	1.11962	1.13168	1.1313	1.11568	1.13756	1.12581	1.1375	1.13523	1.13618	1.12484	1.13667	1.14479	1.14423	1.14367	1.13521	1.13313
