	ERR629867	ERR629863	ERR629866	ERR629865	ERR629862	ERR629864	ERR608869	ERR608870	ERR608865	ERR608866	ERR608868	ERR608867	ERR614124	ERR614123	ERR614126	ERR614125	ERR614127	ERR614128	ERR609030	ERR609032	ERR609031	ERR609027	ERR609028	ERR609029	ERR614130	ERR614129	ERR614131	ERR614134	ERR614133	ERR614132	ERR626616	ERR626615	ERR626614	ERR626618	ERR626619	ERR626617	ERR608395	ERR608398	ERR608397	ERR608396	ERR608400	ERR608399	ERR622232	ERR622231	ERR622228	ERR622227	ERR622230	ERR622229	ERR638175	ERR638174	ERR638173	ERR638176	ERR638172	ERR638171	ERR612074	ERR612071	ERR612073	ERR612075	ERR612072	ERR612076	ERR617488	ERR617489	ERR617492	ERR617490	ERR617487	ERR617491	ERR607399	ERR607402	ERR607401	ERR607397	ERR607400	ERR607398	ERR608496	ERR608497	ERR608498	ERR608499	ERR608495	ERR608500	ERR608173	ERR608177	ERR608175	ERR608174	ERR608178	ERR608176	ERR616762	ERR616761	ERR616760	ERR616764	ERR616763	ERR638122	ERR612958	ERR612962	ERR612961	ERR612960	ERR612959	ERR612957
ERR629867	0	0.253038	0.249987	0.249342	0.265877	0.263409	0.361419	0.36245	0.373432	0.36127	0.363195	0.371699	0.299125	0.291832	0.30555	0.293541	0.308162	0.30774	0.356976	0.359764	0.357605	0.370903	0.351383	0.35664	0.780715	0.792477	0.780758	0.781488	0.781077	0.7826	0.40888	0.407878	0.412981	0.41412	0.416593	0.414838	0.375667	0.331634	0.328999	0.337016	0.336338	0.328209	0.484048	0.485874	0.457824	0.452235	0.485489	0.45248	0.418467	0.418047	0.440852	0.420458	0.434447	0.436296	0.431319	0.431813	0.42839	0.429934	0.429066	0.441038	0.495896	0.496829	0.491515	0.49917	0.48744	0.499471	0.402499	0.377679	0.376692	0.385761	0.377208	0.391254	0.438594	0.445834	0.448415	0.444548	0.442783	0.44344	0.495926	0.486687	0.503128	0.498505	0.488388	0.488568	0.406839	0.397451	0.399965	0.394816	0.395873	0.39497	0.450472	0.447617	0.452147	0.444029	0.426717	0.42974
ERR629863	0.253038	0	0.253796	0.252813	0.257846	0.255817	0.365267	0.365972	0.387261	0.36594	0.366659	0.373045	0.293016	0.288356	0.298977	0.291537	0.299608	0.298894	0.358648	0.361775	0.359452	0.380858	0.354751	0.357638	0.783638	0.797683	0.782626	0.784069	0.783662	0.785127	0.407367	0.403195	0.408729	0.408324	0.411018	0.408957	0.378807	0.325101	0.323261	0.333906	0.333096	0.322192	0.472108	0.474052	0.44797	0.443868	0.473629	0.444185	0.415848	0.415895	0.437926	0.421957	0.432435	0.434657	0.429446	0.428858	0.426221	0.428569	0.426963	0.439325	0.483958	0.484596	0.481177	0.487927	0.477498	0.488436	0.400365	0.377358	0.376599	0.393071	0.376855	0.391325	0.432499	0.438641	0.442671	0.438541	0.442571	0.437773	0.484549	0.474258	0.48805	0.483865	0.475649	0.47596	0.401222	0.393022	0.395149	0.392095	0.39298	0.392369	0.447434	0.441401	0.446339	0.437948	0.423352	0.424984
ERR629866	0.249987	0.253796	0	0.250456	0.268971	0.266212	0.36363	0.364875	0.373171	0.363557	0.365483	0.374366	0.301325	0.29275	0.304696	0.295581	0.307442	0.307279	0.356649	0.359356	0.357084	0.370112	0.352662	0.358666	0.779929	0.79118	0.780297	0.780834	0.780417	0.781942	0.408239	0.408034	0.41396	0.413415	0.415624	0.414082	0.372887	0.33202	0.328933	0.335802	0.335503	0.328229	0.482876	0.484579	0.45854	0.452325	0.484157	0.453082	0.418765	0.4188	0.439311	0.420383	0.432927	0.434785	0.430776	0.432353	0.428636	0.430524	0.42908	0.439287	0.495992	0.497156	0.492105	0.500127	0.487435	0.50056	0.404729	0.377244	0.376713	0.385282	0.377343	0.393284	0.439206	0.447077	0.449984	0.445877	0.441677	0.444583	0.495316	0.487013	0.504115	0.499005	0.488472	0.488802	0.405505	0.397044	0.399181	0.395738	0.396774	0.39574	0.448025	0.445534	0.449867	0.442094	0.42623	0.429562
ERR629865	0.249342	0.252813	0.250456	0	0.264709	0.26187	0.361789	0.362451	0.376154	0.361767	0.363154	0.371362	0.29872	0.292462	0.306004	0.293469	0.308276	0.307794	0.35781	0.361008	0.358798	0.372965	0.351951	0.356857	0.7815	0.793735	0.7813	0.782039	0.781626	0.783195	0.408496	0.406747	0.411772	0.413282	0.415555	0.414139	0.377081	0.331334	0.328458	0.337254	0.336953	0.327462	0.482593	0.484495	0.456243	0.450806	0.484152	0.45085	0.417559	0.417449	0.440696	0.420042	0.434186	0.436317	0.429958	0.429923	0.426853	0.428408	0.42741	0.440067	0.49432	0.495113	0.489731	0.497176	0.485849	0.497679	0.401002	0.377627	0.376478	0.38691	0.377085	0.39032	0.437118	0.444186	0.446767	0.442978	0.443148	0.441719	0.494908	0.484774	0.500616	0.49632	0.486413	0.486489	0.406161	0.396761	0.399104	0.394067	0.395075	0.393996	0.449714	0.44653	0.451074	0.442871	0.42543	0.428004
ERR629862	0.265877	0.257846	0.268971	0.264709	0	0.243963	0.355212	0.355034	0.402887	0.357968	0.355822	0.356008	0.288373	0.296469	0.318808	0.288568	0.315618	0.314044	0.373437	0.37949	0.375442	0.400883	0.355912	0.350761	0.793833	0.813407	0.790503	0.793269	0.793117	0.794286	0.419584	0.405244	0.401717	0.416968	0.421262	0.418749	0.411059	0.335414	0.334437	0.353998	0.353631	0.331271	0.480076	0.482545	0.442127	0.44333	0.482158	0.43917	0.415179	0.415711	0.454759	0.427974	0.447749	0.45155	0.436412	0.424983	0.426701	0.426279	0.428542	0.453985	0.478655	0.478916	0.472477	0.47484	0.474668	0.474505	0.382882	0.387384	0.382804	0.408712	0.384401	0.379632	0.428295	0.428711	0.429313	0.428212	0.457155	0.427785	0.492651	0.47172	0.476742	0.478461	0.474729	0.472234	0.412406	0.399397	0.403075	0.389531	0.389736	0.38962	0.465536	0.455184	0.462184	0.451095	0.42657	0.421384
ERR629864	0.263409	0.255817	0.266212	0.26187	0.243963	0	0.355215	0.355045	0.400225	0.357904	0.355751	0.356888	0.287793	0.29478	0.316017	0.287976	0.312791	0.311254	0.370885	0.37612	0.372545	0.397745	0.354497	0.350336	0.792142	0.811242	0.789132	0.791734	0.791607	0.792757	0.417064	0.403801	0.40134	0.414825	0.419112	0.41658	0.406782	0.333332	0.332185	0.351148	0.35082	0.329263	0.478499	0.480835	0.442045	0.442663	0.480579	0.439174	0.414386	0.414922	0.452214	0.426923	0.445369	0.449093	0.434317	0.424116	0.425369	0.425208	0.427147	0.451264	0.478837	0.479182	0.473117	0.47603	0.474611	0.475708	0.383972	0.385215	0.381194	0.406151	0.382511	0.380077	0.427923	0.429163	0.430195	0.428695	0.455018	0.428054	0.491618	0.471763	0.477729	0.478826	0.474572	0.472298	0.410283	0.397691	0.401609	0.389213	0.389754	0.389179	0.462289	0.452365	0.459083	0.448324	0.424917	0.420234
ERR608869	0.361419	0.365267	0.36363	0.361789	0.355212	0.355215	0	0.239534	0.298093	0.24161	0.240694	0.244784	0.350229	0.354932	0.381348	0.342908	0.381341	0.379799	0.318092	0.326745	0.321549	0.332801	0.283114	0.277581	0.779827	0.79789	0.777564	0.779376	0.779492	0.780125	0.488935	0.474104	0.4643	0.492828	0.497853	0.495327	0.418492	0.353746	0.352016	0.36999	0.367924	0.349584	0.575346	0.577726	0.527742	0.528191	0.577534	0.522129	0.483794	0.484108	0.534161	0.491901	0.524996	0.528851	0.501253	0.484595	0.487863	0.483662	0.489366	0.522519	0.567734	0.568432	0.55606	0.557576	0.561804	0.556669	0.433499	0.45378	0.446727	0.46102	0.449698	0.429949	0.503264	0.502414	0.495556	0.497966	0.532298	0.496621	0.587495	0.563628	0.568291	0.572516	0.568169	0.563783	0.488272	0.470716	0.475331	0.449213	0.449754	0.449153	0.545915	0.540258	0.547227	0.535982	0.499745	0.493364
ERR608870	0.36245	0.365972	0.364875	0.362451	0.355034	0.355045	0.239534	0	0.300544	0.241757	0.240199	0.243821	0.350137	0.355524	0.382211	0.343058	0.381865	0.38037	0.319462	0.328406	0.322967	0.33507	0.283937	0.277752	0.780766	0.799214	0.778357	0.780252	0.780378	0.780949	0.490375	0.475065	0.464935	0.493874	0.498937	0.496358	0.42062	0.354675	0.353049	0.371398	0.369515	0.350602	0.57568	0.578014	0.527654	0.528525	0.577828	0.522213	0.48456	0.484972	0.535591	0.493157	0.526257	0.530267	0.502379	0.485085	0.488597	0.484271	0.490198	0.523946	0.567412	0.568051	0.555708	0.556816	0.561776	0.556007	0.433487	0.455035	0.447927	0.462694	0.450909	0.43029	0.503526	0.502494	0.49547	0.498113	0.5334	0.496734	0.587839	0.563814	0.567708	0.572184	0.568252	0.563826	0.489093	0.47146	0.476014	0.449967	0.450316	0.449848	0.547025	0.541107	0.548245	0.536857	0.50041	0.493556
ERR608865	0.373432	0.387261	0.373171	0.376154	0.402887	0.400225	0.298093	0.300544	0	0.290731	0.300293	0.31855	0.389691	0.375227	0.386299	0.37821	0.393146	0.393281	0.308799	0.310772	0.309345	0.289446	0.307026	0.322175	0.7623	0.762968	0.766885	0.765059	0.764798	0.765636	0.486819	0.490142	0.493003	0.499128	0.50149	0.500548	0.371694	0.370916	0.366493	0.363758	0.362686	0.368574	0.587837	0.589151	0.559251	0.550846	0.588973	0.551235	0.500457	0.499587	0.523664	0.495244	0.515556	0.516743	0.50684	0.50843	0.503957	0.50395	0.504113	0.515489	0.599368	0.60112	0.591473	0.599826	0.588881	0.599609	0.478594	0.455051	0.453802	0.442429	0.45539	0.465045	0.527881	0.536022	0.53406	0.532154	0.52163	0.530061	0.6001	0.593109	0.61116	0.606758	0.595134	0.59468	0.492487	0.481763	0.483672	0.473742	0.475285	0.474091	0.534104	0.539411	0.542468	0.535869	0.512806	0.51729
ERR608866	0.36127	0.36594	0.363557	0.361767	0.357968	0.357904	0.24161	0.241757	0.290731	0	0.24157	0.245978	0.351503	0.354694	0.380753	0.343704	0.380913	0.379596	0.31548	0.323817	0.31859	0.327586	0.281408	0.277385	0.777707	0.794709	0.775885	0.777691	0.777765	0.778174	0.489352	0.475262	0.466324	0.493675	0.498628	0.496115	0.415646	0.35493	0.353039	0.369612	0.367858	0.350821	0.577718	0.580036	0.531267	0.531053	0.579734	0.525517	0.485272	0.485576	0.534719	0.493316	0.525406	0.529033	0.50237	0.486854	0.489342	0.48537	0.490933	0.523012	0.571105	0.571984	0.559755	0.561583	0.565086	0.560703	0.435995	0.454148	0.447235	0.45919	0.450207	0.431646	0.505021	0.504879	0.498546	0.500638	0.531777	0.499361	0.590533	0.568494	0.573646	0.577133	0.572652	0.568558	0.489286	0.471823	0.476265	0.451506	0.452293	0.451571	0.545682	0.541064	0.547788	0.536742	0.500619	0.49453
ERR608868	0.363195	0.366659	0.365483	0.363154	0.355822	0.355751	0.240694	0.240199	0.300293	0.24157	0	0.243437	0.349449	0.354867	0.381717	0.342732	0.380875	0.379159	0.318766	0.327728	0.322459	0.334825	0.283319	0.277073	0.780442	0.798836	0.777884	0.780123	0.780194	0.780453	0.490751	0.475195	0.464988	0.493879	0.498913	0.496387	0.420595	0.354293	0.353294	0.371446	0.369532	0.350375	0.575663	0.577968	0.528108	0.528923	0.577801	0.522766	0.48509	0.485568	0.536239	0.49494	0.526789	0.530935	0.50335	0.48643	0.489736	0.485376	0.491435	0.524684	0.567854	0.568523	0.556256	0.557131	0.562405	0.556262	0.433958	0.455979	0.448704	0.463518	0.45177	0.431157	0.503825	0.502499	0.496119	0.498539	0.533841	0.497237	0.588917	0.565013	0.568534	0.573075	0.569453	0.565038	0.489409	0.471507	0.476299	0.451034	0.451555	0.450937	0.547462	0.541678	0.548814	0.537437	0.501291	0.493822
ERR608867	0.371699	0.373045	0.374366	0.371362	0.356008	0.356888	0.244784	0.243821	0.31855	0.245978	0.243437	0	0.352758	0.362258	0.391031	0.347248	0.388726	0.386894	0.332696	0.342219	0.336484	0.35245	0.293178	0.282384	0.787803	0.808648	0.78423	0.787066	0.787298	0.787523	0.499021	0.480417	0.46785	0.500395	0.505962	0.502983	0.435759	0.361525	0.360796	0.382028	0.380379	0.357311	0.577493	0.580025	0.526256	0.529148	0.579787	0.521591	0.488354	0.488859	0.543293	0.500201	0.533879	0.538267	0.510131	0.489819	0.494619	0.489477	0.496592	0.533172	0.564783	0.5652	0.552455	0.551608	0.560541	0.550632	0.432376	0.463589	0.455698	0.473859	0.458898	0.432304	0.505202	0.501908	0.494561	0.498073	0.541043	0.496915	0.590478	0.563482	0.563689	0.570147	0.568408	0.563014	0.495046	0.476369	0.481519	0.453911	0.453906	0.453638	0.554333	0.546936	0.554604	0.542534	0.504315	0.495086
ERR614124	0.299125	0.293016	0.301325	0.29872	0.288373	0.287793	0.350229	0.350137	0.389691	0.351503	0.349449	0.352758	0	0.252294	0.275036	0.248021	0.269585	0.26771	0.357298	0.361988	0.358747	0.385466	0.344691	0.341573	0.78692	0.805131	0.784285	0.786935	0.78677	0.787379	0.418999	0.405825	0.404205	0.415062	0.419312	0.417037	0.394568	0.320046	0.320872	0.338603	0.337529	0.317517	0.482296	0.484416	0.449581	0.450442	0.484291	0.447514	0.423523	0.423874	0.459134	0.437228	0.452435	0.45607	0.44443	0.437082	0.436986	0.437394	0.438928	0.45984	0.481585	0.481902	0.476882	0.479086	0.478429	0.478825	0.394528	0.391354	0.387466	0.411489	0.38894	0.390102	0.431802	0.433271	0.434838	0.433107	0.458263	0.433095	0.492116	0.473793	0.478749	0.479196	0.476193	0.474277	0.414585	0.403091	0.406523	0.397147	0.397552	0.39728	0.469803	0.459339	0.466172	0.455687	0.435062	0.430535
ERR614123	0.291832	0.288356	0.29275	0.292462	0.296469	0.29478	0.354932	0.355524	0.375227	0.354694	0.354867	0.362258	0.252294	0	0.262108	0.252447	0.260185	0.259102	0.345793	0.348754	0.346488	0.369041	0.342297	0.344977	0.779483	0.793532	0.778505	0.780265	0.780003	0.780825	0.412312	0.405941	0.410074	0.411203	0.414407	0.412507	0.372004	0.314108	0.314235	0.325059	0.324627	0.312511	0.479183	0.48076	0.454747	0.451842	0.480593	0.45163	0.423597	0.423384	0.448246	0.432425	0.442204	0.444893	0.440642	0.440121	0.437249	0.439191	0.438604	0.451394	0.487025	0.487889	0.483998	0.48955	0.481813	0.489506	0.405483	0.385218	0.3834	0.399901	0.383966	0.396877	0.435757	0.440826	0.444542	0.441142	0.448879	0.440827	0.489472	0.478146	0.489593	0.486043	0.479662	0.479366	0.408772	0.40012	0.402493	0.399407	0.400298	0.399735	0.459016	0.451687	0.457149	0.448379	0.433684	0.433366
ERR614126	0.30555	0.298977	0.304696	0.306004	0.318808	0.316017	0.381348	0.382211	0.386299	0.380753	0.381717	0.391031	0.275036	0.262108	0	0.278292	0.255822	0.256118	0.347682	0.347594	0.34695	0.372465	0.360784	0.366847	0.778094	0.788161	0.778358	0.779459	0.779068	0.780047	0.415461	0.416118	0.427041	0.412698	0.414203	0.412998	0.353512	0.314867	0.314652	0.317418	0.316782	0.314797	0.468886	0.469921	0.460443	0.454902	0.46959	0.458342	0.434651	0.43482	0.44124	0.441309	0.438005	0.439466	0.446957	0.454694	0.449112	0.453678	0.450422	0.449819	0.488321	0.489033	0.489703	0.497413	0.483291	0.498122	0.431633	0.392331	0.394199	0.408039	0.393454	0.421506	0.446511	0.454637	0.462222	0.456762	0.446996	0.456225	0.47963	0.476899	0.492556	0.484632	0.476309	0.478642	0.40575	0.403888	0.404552	0.413609	0.414189	0.41382	0.450658	0.444638	0.44804	0.442187	0.440862	0.445332
ERR614125	0.293541	0.291537	0.295581	0.293469	0.288568	0.287976	0.342908	0.343058	0.37821	0.343704	0.342732	0.347248	0.248021	0.252447	0.278292	0	0.27512	0.273736	0.354198	0.359175	0.355936	0.376744	0.338605	0.337254	0.784459	0.801654	0.78241	0.784609	0.784507	0.785266	0.417531	0.405802	0.404044	0.416635	0.421149	0.418779	0.392166	0.322636	0.322668	0.339267	0.337869	0.319629	0.489063	0.491259	0.454297	0.453624	0.490993	0.450571	0.421497	0.421485	0.45841	0.431882	0.450739	0.454219	0.442559	0.435284	0.434897	0.434469	0.436534	0.458219	0.488255	0.488596	0.48193	0.485613	0.483216	0.485133	0.391103	0.387906	0.383775	0.403443	0.385371	0.385073	0.433509	0.43584	0.435958	0.434619	0.456525	0.434087	0.498749	0.481041	0.488882	0.488772	0.483834	0.481746	0.416458	0.403661	0.406935	0.394903	0.395279	0.39485	0.469728	0.461274	0.467795	0.45734	0.433631	0.430399
ERR614127	0.308162	0.299608	0.307442	0.308276	0.315618	0.312791	0.381341	0.381865	0.393146	0.380913	0.380875	0.388726	0.269585	0.260185	0.255822	0.27512	0	0.252902	0.350921	0.351368	0.350836	0.379713	0.361815	0.365908	0.780387	0.792335	0.779899	0.781652	0.781255	0.781925	0.417109	0.414592	0.42428	0.41198	0.414089	0.412777	0.361639	0.313708	0.31456	0.319712	0.320002	0.313829	0.467159	0.468268	0.456667	0.452889	0.468106	0.455768	0.43469	0.434899	0.444689	0.444954	0.441264	0.443314	0.448219	0.454037	0.44938	0.453637	0.450908	0.452755	0.484442	0.485234	0.486007	0.492315	0.480788	0.492924	0.428666	0.394628	0.395659	0.413308	0.395019	0.420322	0.444052	0.450622	0.458471	0.453107	0.450101	0.453109	0.479083	0.473877	0.486762	0.480028	0.473553	0.475641	0.406299	0.403535	0.404953	0.413365	0.414119	0.41364	0.453812	0.446209	0.450326	0.443622	0.441167	0.443255
ERR614128	0.30774	0.298894	0.307279	0.307794	0.314044	0.311254	0.379799	0.38037	0.393281	0.379596	0.379159	0.386894	0.26771	0.259102	0.256118	0.273736	0.252902	0	0.350973	0.351635	0.350515	0.379974	0.360797	0.364506	0.780696	0.793189	0.780022	0.781853	0.781482	0.78218	0.417014	0.413914	0.423162	0.411527	0.413724	0.412558	0.363562	0.313519	0.314805	0.320787	0.320625	0.313923	0.467477	0.468487	0.456168	0.45264	0.468272	0.455141	0.433957	0.434101	0.445097	0.444541	0.441589	0.443826	0.447709	0.452986	0.448619	0.452696	0.450051	0.452924	0.483857	0.48463	0.485413	0.491323	0.480375	0.491932	0.426973	0.394068	0.394805	0.413217	0.394345	0.418818	0.442966	0.449352	0.457156	0.452083	0.450262	0.451845	0.479084	0.473374	0.485753	0.479436	0.473143	0.474943	0.406547	0.403301	0.40454	0.41262	0.413326	0.412843	0.45443	0.44629	0.45082	0.443698	0.440753	0.442616
ERR609030	0.356976	0.358648	0.356649	0.35781	0.373437	0.370885	0.318092	0.319462	0.308799	0.31548	0.318766	0.332696	0.357298	0.345793	0.347682	0.354198	0.350921	0.350973	0	0.25958	0.257773	0.276194	0.271848	0.282992	0.763382	0.770545	0.765169	0.765023	0.764546	0.76538	0.470165	0.469707	0.474873	0.473544	0.47591	0.475088	0.352508	0.328048	0.326466	0.326781	0.325757	0.327964	0.548621	0.549871	0.526811	0.521768	0.549976	0.522271	0.486314	0.486083	0.504513	0.489148	0.499385	0.501103	0.48977	0.491898	0.488664	0.490406	0.489025	0.497474	0.563677	0.565056	0.559959	0.566191	0.556974	0.566359	0.468845	0.442423	0.441716	0.448347	0.442624	0.459013	0.506813	0.513109	0.51519	0.511967	0.510663	0.510995	0.560735	0.552484	0.566064	0.562208	0.553474	0.553958	0.466018	0.459121	0.461061	0.457775	0.459036	0.458028	0.514862	0.512903	0.516712	0.510173	0.496496	0.499166
ERR609032	0.359764	0.361775	0.359356	0.361008	0.37949	0.37612	0.326745	0.328406	0.310772	0.323817	0.327728	0.342219	0.361988	0.348754	0.347594	0.359175	0.351368	0.351635	0.25958	0	0.25959	0.276331	0.279015	0.291896	0.762485	0.767714	0.764785	0.76443	0.763944	0.764808	0.471209	0.472679	0.47941	0.474773	0.476714	0.476188	0.347961	0.330755	0.32874	0.326961	0.325888	0.330766	0.548301	0.549226	0.529326	0.52355	0.54926	0.524972	0.489145	0.488909	0.5031	0.491228	0.498682	0.500082	0.491391	0.495708	0.4915	0.493889	0.491766	0.497237	0.565723	0.566928	0.562793	0.569518	0.558874	0.569907	0.475131	0.443922	0.444367	0.449164	0.444785	0.464569	0.509898	0.517264	0.519894	0.516327	0.510162	0.515234	0.560259	0.553942	0.568764	0.563927	0.554485	0.555654	0.46657	0.460584	0.462281	0.461744	0.46284	0.462041	0.513226	0.512095	0.51515	0.509367	0.498327	0.502076
ERR609031	0.357605	0.359452	0.357084	0.358798	0.375442	0.372545	0.321549	0.322967	0.309345	0.31859	0.322459	0.336484	0.358747	0.346488	0.34695	0.355936	0.350836	0.350515	0.257773	0.25959	0	0.27568	0.274257	0.286077	0.76271	0.76901	0.764663	0.764428	0.763938	0.764776	0.470513	0.470854	0.476536	0.474087	0.47636	0.475597	0.35081	0.328931	0.327114	0.326675	0.325934	0.329078	0.549202	0.550387	0.528209	0.52294	0.55033	0.523893	0.487567	0.487364	0.504379	0.490337	0.499534	0.501156	0.490553	0.493213	0.489675	0.491627	0.48997	0.497599	0.565031	0.566338	0.561559	0.567839	0.558396	0.56822	0.471176	0.442851	0.442791	0.448499	0.44316	0.460858	0.508171	0.514894	0.517059	0.513781	0.510919	0.512627	0.561226	0.553529	0.567472	0.563343	0.554376	0.555096	0.466367	0.459997	0.46174	0.459675	0.460698	0.459995	0.514424	0.51284	0.51648	0.510108	0.497215	0.500429
ERR609027	0.370903	0.380858	0.370112	0.372965	0.400883	0.397745	0.332801	0.33507	0.289446	0.327586	0.334825	0.35245	0.385466	0.369041	0.372465	0.376744	0.379713	0.379974	0.276194	0.276331	0.27568	0	0.287539	0.30542	0.76014	0.759347	0.765151	0.763159	0.762738	0.763751	0.47924	0.485068	0.491648	0.490013	0.491578	0.491061	0.350253	0.357942	0.353491	0.347318	0.34719	0.356905	0.573425	0.574565	0.551022	0.542595	0.574307	0.54408	0.498285	0.497532	0.512401	0.493276	0.506372	0.506934	0.500142	0.505348	0.500155	0.501921	0.500011	0.505299	0.590075	0.591825	0.584529	0.593052	0.580306	0.593241	0.483854	0.450262	0.45079	0.441345	0.451515	0.470073	0.524615	0.533699	0.534293	0.531065	0.515269	0.529212	0.585101	0.580423	0.599308	0.593701	0.581828	0.5823	0.482022	0.474661	0.475642	0.472358	0.47375	0.472591	0.521966	0.527329	0.529571	0.52448	0.508612	0.514659
ERR609028	0.351383	0.354751	0.352662	0.351951	0.355912	0.354497	0.283114	0.283937	0.307026	0.281408	0.283319	0.293178	0.344691	0.342297	0.360784	0.338605	0.361815	0.360797	0.271848	0.279015	0.274257	0.287539	0	0.251931	0.769793	0.783671	0.769201	0.770364	0.770216	0.770857	0.476059	0.466485	0.462687	0.480001	0.484176	0.482396	0.387809	0.3363	0.334061	0.346258	0.345073	0.33351	0.564988	0.566752	0.526439	0.524656	0.566575	0.521352	0.481005	0.481149	0.519984	0.487195	0.512299	0.515289	0.491134	0.481863	0.482355	0.480643	0.483272	0.507572	0.566795	0.567685	0.558247	0.561367	0.560477	0.560843	0.443172	0.442863	0.438296	0.449523	0.440413	0.436101	0.501446	0.503487	0.500576	0.500505	0.521174	0.499278	0.576882	0.558897	0.56723	0.568386	0.562136	0.55972	0.476339	0.462407	0.466234	0.448631	0.449385	0.448812	0.531288	0.52724	0.533267	0.523419	0.495083	0.491981
ERR609029	0.35664	0.357638	0.358666	0.356857	0.350761	0.350336	0.277581	0.277752	0.322175	0.277385	0.277073	0.282384	0.341573	0.344977	0.366847	0.337254	0.365908	0.364506	0.282992	0.291896	0.286077	0.30542	0.251931	0	0.776044	0.793428	0.773924	0.775967	0.776017	0.776353	0.482489	0.468209	0.460901	0.484057	0.488826	0.486741	0.404601	0.339414	0.338285	0.355224	0.353649	0.336519	0.56622	0.568456	0.523277	0.524053	0.568313	0.518936	0.482303	0.48249	0.527643	0.492198	0.519536	0.523233	0.49573	0.481983	0.484311	0.481594	0.48568	0.51509	0.563101	0.5639	0.553703	0.554929	0.558134	0.554198	0.437261	0.448894	0.442895	0.459704	0.445462	0.433137	0.500444	0.500092	0.495977	0.497291	0.528549	0.496264	0.57874	0.556624	0.561104	0.564466	0.560531	0.556986	0.480828	0.465481	0.469699	0.448728	0.449325	0.448677	0.539262	0.532806	0.539637	0.528838	0.497473	0.491459
ERR614130	0.780715	0.783638	0.779929	0.7815	0.793833	0.792142	0.779827	0.780766	0.7623	0.777707	0.780442	0.787803	0.78692	0.779483	0.778094	0.784459	0.780387	0.780696	0.763382	0.762485	0.76271	0.76014	0.769793	0.776044	0	0.311447	0.259186	0.256408	0.256616	0.256087	0.814229	0.819337	0.824188	0.818793	0.818705	0.818915	0.773408	0.78062	0.779147	0.775287	0.77594	0.780684	0.863754	0.864089	0.858768	0.853949	0.863937	0.855998	0.831261	0.830767	0.831496	0.829267	0.829695	0.829576	0.822838	0.82884	0.825221	0.827275	0.824815	0.822313	0.880076	0.881056	0.87912	0.883998	0.875209	0.883809	0.826403	0.804838	0.805688	0.801989	0.805646	0.819196	0.84088	0.846119	0.848188	0.845531	0.832571	0.845027	0.872918	0.873584	0.884408	0.880263	0.873596	0.874767	0.819104	0.818021	0.818318	0.820613	0.821367	0.820872	0.834079	0.837612	0.837893	0.836616	0.833292	0.837388
ERR614129	0.792477	0.797683	0.79118	0.793735	0.813407	0.811242	0.79789	0.799214	0.762968	0.794709	0.798836	0.808648	0.805131	0.793532	0.788161	0.801654	0.792335	0.793189	0.770545	0.767714	0.76901	0.759347	0.783671	0.793428	0.311447	0	0.34029	0.324698	0.323186	0.325654	0.82132	0.832351	0.840883	0.828633	0.827444	0.828017	0.765983	0.793127	0.791033	0.781926	0.782921	0.793683	0.8742	0.874097	0.87501	0.867612	0.874006	0.871472	0.843933	0.843235	0.834049	0.83736	0.832881	0.831683	0.831801	0.843784	0.837882	0.84126	0.837037	0.825991	0.896504	0.8977	0.896382	0.903348	0.890099	0.90339	0.846708	0.813494	0.816299	0.804435	0.815639	0.837116	0.856235	0.864029	0.867198	0.863462	0.835721	0.862645	0.883184	0.888994	0.904176	0.897349	0.888277	0.890548	0.82756	0.829067	0.828411	0.835433	0.836361	0.835873	0.835506	0.843601	0.84208	0.843056	0.844877	0.852491
ERR614131	0.780758	0.782626	0.780297	0.7813	0.790503	0.789132	0.777564	0.778357	0.766885	0.775885	0.777884	0.78423	0.784285	0.778505	0.778358	0.78241	0.779899	0.780022	0.765169	0.764785	0.764663	0.765151	0.769201	0.773924	0.259186	0.34029	0	0.255722	0.25685	0.254547	0.815672	0.818372	0.821928	0.818889	0.819177	0.81916	0.77984	0.779427	0.778468	0.77659	0.777081	0.77965	0.862323	0.862729	0.855232	0.851543	0.862564	0.852856	0.830069	0.829811	0.834045	0.829927	0.831891	0.832182	0.823351	0.827183	0.824449	0.825981	0.824231	0.824762	0.875909	0.876728	0.87475	0.878684	0.871742	0.878529	0.822698	0.805927	0.805963	0.805471	0.806157	0.816639	0.838575	0.842699	0.844361	0.842199	0.834988	0.841744	0.871412	0.870023	0.879041	0.875948	0.870256	0.871007	0.819473	0.817603	0.818208	0.818933	0.8195	0.819238	0.836525	0.838405	0.839334	0.837284	0.832283	0.835109
ERR614134	0.781488	0.784069	0.780834	0.782039	0.793269	0.791734	0.779376	0.780252	0.765059	0.777691	0.780123	0.787066	0.786935	0.780265	0.779459	0.784609	0.781652	0.781853	0.765023	0.76443	0.764428	0.763159	0.770364	0.775967	0.256408	0.324698	0.255722	0	0.252602	0.253589	0.815962	0.819984	0.824199	0.82013	0.820235	0.820278	0.7772	0.781096	0.779725	0.776892	0.777325	0.781221	0.864628	0.864962	0.858369	0.853996	0.864824	0.855612	0.831771	0.83127	0.833816	0.829943	0.83179	0.831937	0.823805	0.828761	0.825625	0.827376	0.825274	0.824241	0.879406	0.880194	0.878198	0.882752	0.874718	0.882637	0.825772	0.806243	0.806729	0.804616	0.806867	0.81901	0.840951	0.845735	0.84734	0.844964	0.834875	0.84446	0.87313	0.87264	0.882866	0.879228	0.872844	0.873733	0.820555	0.819051	0.81952	0.82056	0.82121	0.820797	0.836596	0.839247	0.839825	0.838167	0.833999	0.83765
ERR614133	0.781077	0.783662	0.780417	0.781626	0.793117	0.791607	0.779492	0.780378	0.764798	0.777765	0.780194	0.787298	0.78677	0.780003	0.779068	0.784507	0.781255	0.781482	0.764546	0.763944	0.763938	0.762738	0.770216	0.776017	0.256616	0.323186	0.25685	0.252602	0	0.254179	0.815295	0.819633	0.823976	0.819572	0.819689	0.81982	0.77624	0.780534	0.7792	0.776188	0.776652	0.780642	0.863963	0.864303	0.857909	0.853544	0.864296	0.855142	0.831394	0.83093	0.833132	0.829371	0.831203	0.831289	0.823165	0.828379	0.825214	0.826916	0.824634	0.823548	0.878955	0.879796	0.877856	0.882385	0.874288	0.882265	0.825634	0.805648	0.806232	0.804018	0.806284	0.818778	0.840614	0.84543	0.847185	0.844747	0.834235	0.844103	0.872267	0.872015	0.882305	0.878596	0.872115	0.873078	0.820013	0.818656	0.819006	0.820188	0.820873	0.820486	0.835858	0.838628	0.8392	0.837529	0.833553	0.837277
ERR614132	0.7826	0.785127	0.781942	0.783195	0.794286	0.792757	0.780125	0.780949	0.765636	0.778174	0.780453	0.787523	0.787379	0.780825	0.780047	0.785266	0.781925	0.78218	0.76538	0.764808	0.764776	0.763751	0.770857	0.776353	0.256087	0.325654	0.254547	0.253589	0.254179	0	0.816754	0.820671	0.824892	0.820659	0.820676	0.820799	0.777819	0.781397	0.780325	0.777334	0.77788	0.781622	0.864949	0.865246	0.858966	0.854734	0.865176	0.856402	0.832655	0.832243	0.834876	0.831589	0.83277	0.832866	0.824654	0.829792	0.826558	0.828339	0.826267	0.82515	0.879957	0.880829	0.878938	0.883251	0.875445	0.883157	0.826492	0.807277	0.807721	0.805617	0.807792	0.819871	0.841673	0.846349	0.848115	0.845776	0.835766	0.845237	0.873992	0.873665	0.883579	0.879988	0.873772	0.874734	0.821126	0.819659	0.820213	0.821564	0.822262	0.821845	0.837349	0.84012	0.840623	0.839057	0.834885	0.838269
ERR626616	0.40888	0.407367	0.408239	0.408496	0.419584	0.417064	0.488935	0.490375	0.486819	0.489352	0.490751	0.499021	0.418999	0.412312	0.415461	0.417531	0.417109	0.417014	0.470165	0.471209	0.470513	0.47924	0.476059	0.482489	0.814229	0.82132	0.815672	0.815962	0.815295	0.816754	0	0.259629	0.280273	0.256582	0.256761	0.256458	0.455034	0.434474	0.43263	0.433197	0.435266	0.434082	0.370061	0.37133	0.363315	0.350387	0.371248	0.357471	0.300496	0.300736	0.304763	0.300159	0.300079	0.301704	0.317271	0.330697	0.322711	0.329171	0.322011	0.322207	0.394361	0.395662	0.396258	0.411317	0.38231	0.412677	0.353601	0.29676	0.299828	0.313116	0.298079	0.33774	0.324074	0.340841	0.352238	0.342104	0.309048	0.340697	0.373852	0.375542	0.406074	0.391512	0.374069	0.378373	0.326844	0.325714	0.325254	0.338052	0.338916	0.338492	0.352065	0.348335	0.351472	0.34544	0.342744	0.354159
ERR626615	0.407878	0.403195	0.408034	0.406747	0.405244	0.403801	0.474104	0.475065	0.490142	0.475262	0.475195	0.480417	0.405825	0.405941	0.416118	0.405802	0.414592	0.413914	0.469707	0.472679	0.470854	0.485068	0.466485	0.468209	0.819337	0.832351	0.818372	0.819984	0.819633	0.820671	0.259629	0	0.252049	0.256605	0.261242	0.258738	0.473642	0.430581	0.430059	0.437798	0.439694	0.429612	0.374817	0.377127	0.346761	0.341586	0.377517	0.34258	0.289324	0.289852	0.326228	0.302635	0.319262	0.323365	0.318526	0.315509	0.313831	0.316233	0.314698	0.336742	0.378082	0.37914	0.375923	0.385889	0.370258	0.386145	0.324145	0.30145	0.29869	0.328276	0.298458	0.314386	0.304146	0.313203	0.321226	0.31421	0.325325	0.313251	0.378643	0.3626	0.381766	0.374536	0.363958	0.36397	0.334601	0.324804	0.327531	0.324874	0.325525	0.325135	0.371827	0.35959	0.366638	0.35545	0.337144	0.338698
ERR626614	0.412981	0.408729	0.41396	0.411772	0.401717	0.40134	0.4643	0.464935	0.493003	0.466324	0.464988	0.46785	0.404205	0.410074	0.427041	0.404044	0.42428	0.423162	0.474873	0.47941	0.476536	0.491648	0.462687	0.460901	0.824188	0.840883	0.821928	0.824199	0.823976	0.824892	0.280273	0.252049	0	0.275459	0.282411	0.279085	0.49243	0.437494	0.436944	0.449843	0.450969	0.435545	0.396415	0.399358	0.34888	0.349562	0.399879	0.34488	0.293062	0.293801	0.353673	0.312391	0.344716	0.350056	0.330341	0.312973	0.316702	0.31443	0.318528	0.358069	0.380698	0.381173	0.373231	0.37812	0.374908	0.377658	0.306329	0.31506	0.307942	0.34423	0.309792	0.30171	0.302162	0.304181	0.306284	0.303147	0.347589	0.302659	0.399088	0.369386	0.378429	0.378914	0.373676	0.369624	0.353512	0.337366	0.342146	0.324696	0.324858	0.324569	0.397831	0.382139	0.391246	0.377541	0.345082	0.339156
ERR626618	0.41412	0.408324	0.413415	0.413282	0.416968	0.414825	0.492828	0.493874	0.499128	0.493675	0.493879	0.500395	0.415062	0.411203	0.412698	0.416635	0.41198	0.411527	0.473544	0.474773	0.474087	0.490013	0.480001	0.484057	0.818793	0.828633	0.818889	0.82013	0.819572	0.820659	0.256582	0.256605	0.275459	0	0.250849	0.249918	0.462079	0.430787	0.430202	0.432979	0.435291	0.430969	0.354749	0.355807	0.349937	0.34044	0.35612	0.346906	0.299763	0.300437	0.308168	0.30962	0.304577	0.307595	0.320543	0.331106	0.324828	0.331284	0.325375	0.327129	0.377934	0.379358	0.382226	0.395197	0.369652	0.396222	0.351791	0.302978	0.304668	0.329593	0.302757	0.33975	0.315849	0.329844	0.3437	0.333454	0.315312	0.33254	0.360394	0.35835	0.384536	0.370743	0.356519	0.360932	0.322967	0.321783	0.322231	0.336851	0.337619	0.337347	0.354569	0.344158	0.348652	0.341709	0.341665	0.349538
ERR626619	0.416593	0.411018	0.415624	0.415555	0.421262	0.419112	0.497853	0.498937	0.50149	0.498628	0.498913	0.505962	0.419312	0.414407	0.414203	0.421149	0.414089	0.413724	0.47591	0.476714	0.47636	0.491578	0.484176	0.488826	0.818705	0.827444	0.819177	0.820235	0.819689	0.820676	0.256761	0.261242	0.282411	0.250849	0	0.250482	0.460294	0.433187	0.432658	0.433854	0.4363	0.433458	0.352964	0.354138	0.353911	0.342989	0.354438	0.350843	0.303913	0.304335	0.305473	0.311969	0.302395	0.304538	0.322156	0.335622	0.328071	0.335452	0.328791	0.325234	0.381376	0.382661	0.386589	0.400334	0.372679	0.401777	0.359048	0.304281	0.307151	0.329512	0.305044	0.346043	0.321048	0.336464	0.351058	0.340339	0.313971	0.339389	0.36027	0.361694	0.389696	0.37433	0.359312	0.364493	0.322846	0.323835	0.323974	0.34205	0.34271	0.342507	0.351353	0.342836	0.346402	0.340574	0.344783	0.354017
ERR626617	0.414838	0.408957	0.414082	0.414139	0.418749	0.41658	0.495327	0.496358	0.500548	0.496115	0.496387	0.502983	0.417037	0.412507	0.412998	0.418779	0.412777	0.412558	0.475088	0.476188	0.475597	0.491061	0.482396	0.486741	0.818915	0.828017	0.81916	0.820278	0.81982	0.820799	0.256458	0.258738	0.279085	0.249918	0.250482	0	0.460921	0.43227	0.431593	0.433414	0.435791	0.432317	0.352893	0.353753	0.351199	0.341051	0.354077	0.348104	0.30127	0.301688	0.305662	0.310206	0.302337	0.30508	0.320782	0.333173	0.326033	0.333079	0.326804	0.325644	0.378437	0.379704	0.383259	0.396774	0.369783	0.397886	0.355372	0.303235	0.305783	0.32899	0.303648	0.342812	0.318024	0.332844	0.347099	0.336566	0.313525	0.335869	0.359122	0.359375	0.386595	0.371764	0.357166	0.361907	0.322557	0.322693	0.322795	0.339252	0.340037	0.339739	0.35156	0.342319	0.346064	0.339949	0.342202	0.351133
ERR608395	0.375667	0.378807	0.372887	0.377081	0.411059	0.406782	0.418492	0.42062	0.371694	0.415646	0.420595	0.435759	0.394568	0.372004	0.353512	0.392166	0.361639	0.363562	0.352508	0.347961	0.35081	0.350253	0.387809	0.404601	0.773408	0.765983	0.77984	0.7772	0.77624	0.777819	0.455034	0.473642	0.49243	0.462079	0.460294	0.460921	0	0.321853	0.317139	0.295909	0.297796	0.323448	0.509645	0.509342	0.517537	0.50471	0.509083	0.513002	0.484944	0.484384	0.461951	0.476892	0.461523	0.460061	0.485114	0.504829	0.495286	0.502059	0.494725	0.475199	0.544462	0.545954	0.54785	0.561161	0.534352	0.562607	0.500425	0.435233	0.442526	0.430958	0.440485	0.485609	0.50992	0.524531	0.532989	0.525529	0.47628	0.524026	0.515949	0.528925	0.557235	0.542539	0.526397	0.532248	0.448416	0.453943	0.451722	0.473003	0.473907	0.472851	0.471147	0.478593	0.476954	0.478022	0.489528	0.503381
ERR608398	0.331634	0.325101	0.33202	0.331334	0.335414	0.333332	0.353746	0.354675	0.370916	0.35493	0.354293	0.361525	0.320046	0.314108	0.314867	0.322636	0.313708	0.313519	0.328048	0.330755	0.328931	0.357942	0.3363	0.339414	0.78062	0.793127	0.779427	0.781096	0.780534	0.781397	0.434474	0.430581	0.437494	0.430787	0.433187	0.43227	0.321853	0	0.260058	0.269336	0.267824	0.258773	0.485833	0.486874	0.468018	0.464729	0.486934	0.465716	0.445592	0.445662	0.461549	0.454137	0.457553	0.459862	0.456932	0.458617	0.456036	0.458827	0.457106	0.464343	0.498181	0.499046	0.497451	0.503549	0.493479	0.504042	0.434444	0.408042	0.408148	0.426145	0.40825	0.4275	0.461504	0.467506	0.472759	0.468575	0.471291	0.467836	0.49317	0.483884	0.496933	0.492176	0.484401	0.485546	0.425	0.419879	0.421504	0.424345	0.424619	0.423975	0.473179	0.465715	0.470173	0.463236	0.455324	0.456928
ERR608397	0.328999	0.323261	0.328933	0.328458	0.334437	0.332185	0.352016	0.353049	0.366493	0.353039	0.353294	0.360796	0.320872	0.314235	0.314652	0.322668	0.31456	0.314805	0.326466	0.32874	0.327114	0.353491	0.334061	0.338285	0.779147	0.791033	0.778468	0.779725	0.7792	0.780325	0.43263	0.430059	0.436944	0.430202	0.432658	0.431593	0.317139	0.260058	0	0.267008	0.267564	0.259731	0.487113	0.488129	0.469017	0.465175	0.488254	0.466352	0.444202	0.444304	0.45924	0.451171	0.455704	0.457752	0.455247	0.457051	0.454447	0.457387	0.455282	0.462438	0.49989	0.500857	0.498931	0.505617	0.494581	0.506209	0.43402	0.405624	0.405836	0.422398	0.40597	0.425979	0.461387	0.467925	0.472965	0.468691	0.469248	0.467877	0.493886	0.485109	0.499424	0.494125	0.485661	0.486842	0.423958	0.418852	0.420405	0.423064	0.423367	0.422781	0.471367	0.465081	0.469132	0.462388	0.454262	0.456399
ERR608396	0.337016	0.333906	0.335802	0.337254	0.353998	0.351148	0.36999	0.371398	0.363758	0.369612	0.371446	0.382028	0.338603	0.325059	0.317418	0.339267	0.319712	0.320787	0.326781	0.326961	0.326675	0.347318	0.346258	0.355224	0.775287	0.781926	0.77659	0.776892	0.776188	0.777334	0.433197	0.437798	0.449843	0.432979	0.433854	0.433414	0.295909	0.269336	0.267008	0	0.264833	0.269961	0.485788	0.486442	0.478091	0.470941	0.486237	0.475085	0.451702	0.451452	0.453113	0.454242	0.450433	0.451403	0.4594	0.467873	0.462519	0.467156	0.463111	0.460169	0.507492	0.508648	0.508694	0.517872	0.50066	0.518756	0.451996	0.408758	0.411615	0.419629	0.410896	0.441561	0.471346	0.480887	0.488059	0.482345	0.465038	0.48138	0.492935	0.492106	0.511669	0.502559	0.491478	0.494495	0.424126	0.423336	0.423397	0.433745	0.43438	0.433648	0.464593	0.461867	0.464099	0.459873	0.459629	0.466315
ERR608400	0.336338	0.333096	0.335503	0.336953	0.353631	0.35082	0.367924	0.369515	0.362686	0.367858	0.369532	0.380379	0.337529	0.324627	0.316782	0.337869	0.320002	0.320625	0.325757	0.325888	0.325934	0.34719	0.345073	0.353649	0.77594	0.782921	0.777081	0.777325	0.776652	0.77788	0.435266	0.439694	0.450969	0.435291	0.4363	0.435791	0.297796	0.267824	0.267564	0.264833	0	0.268684	0.487808	0.48865	0.47955	0.472491	0.488658	0.47616	0.453178	0.452935	0.455542	0.455305	0.453052	0.454006	0.460453	0.468779	0.463638	0.467926	0.464067	0.462098	0.50884	0.509712	0.509638	0.518624	0.50186	0.519618	0.452639	0.410557	0.413108	0.421665	0.412423	0.442088	0.472731	0.482305	0.488631	0.483054	0.467339	0.482098	0.494655	0.493567	0.512605	0.503802	0.492916	0.495755	0.426182	0.424869	0.425167	0.434249	0.434626	0.433945	0.466801	0.463577	0.466072	0.461705	0.460593	0.467125
ERR608399	0.328209	0.322192	0.328229	0.327462	0.331271	0.329263	0.349584	0.350602	0.368574	0.350821	0.350375	0.357311	0.317517	0.312511	0.314797	0.319629	0.313829	0.313923	0.327964	0.330766	0.329078	0.356905	0.33351	0.336519	0.780684	0.793683	0.77965	0.781221	0.780642	0.781622	0.434082	0.429612	0.435545	0.430969	0.433458	0.432317	0.323448	0.258773	0.259731	0.269961	0.268684	0	0.487091	0.488272	0.467462	0.464233	0.488473	0.464812	0.443802	0.444075	0.461908	0.452129	0.457631	0.460258	0.456131	0.456766	0.454543	0.457045	0.455612	0.464278	0.498091	0.498865	0.496677	0.502681	0.493169	0.503226	0.431231	0.406852	0.406533	0.424513	0.407027	0.424263	0.460183	0.465852	0.470725	0.466646	0.471223	0.465806	0.494774	0.484334	0.497222	0.49274	0.485189	0.485901	0.424885	0.418878	0.420715	0.421891	0.422087	0.421915	0.473459	0.466108	0.470707	0.463457	0.453993	0.455098
ERR622232	0.484048	0.472108	0.482876	0.482593	0.480076	0.478499	0.575346	0.57568	0.587837	0.577718	0.575663	0.577493	0.482296	0.479183	0.468886	0.489063	0.467159	0.467477	0.548621	0.548301	0.549202	0.573425	0.564988	0.56622	0.863754	0.8742	0.862323	0.864628	0.863963	0.864949	0.370061	0.374817	0.396415	0.354749	0.352964	0.352893	0.509645	0.485833	0.487113	0.485788	0.487808	0.487091	0	0.268829	0.304481	0.294573	0.269026	0.307718	0.372142	0.373935	0.347534	0.384999	0.350725	0.352901	0.401899	0.41638	0.410733	0.418733	0.412128	0.396422	0.34787	0.348648	0.364641	0.379506	0.344314	0.382466	0.442315	0.394991	0.401006	0.426835	0.397615	0.437194	0.369311	0.382828	0.402474	0.390851	0.356867	0.391115	0.328831	0.345945	0.372621	0.349847	0.33979	0.349163	0.344065	0.354483	0.351678	0.386293	0.385394	0.385803	0.370306	0.354496	0.356441	0.354819	0.383412	0.392577
ERR622231	0.485874	0.474052	0.484579	0.484495	0.482545	0.480835	0.577726	0.578014	0.589151	0.580036	0.577968	0.580025	0.484416	0.48076	0.469921	0.491259	0.468268	0.468487	0.549871	0.549226	0.550387	0.574565	0.566752	0.568456	0.864089	0.874097	0.862729	0.864962	0.864303	0.865246	0.37133	0.377127	0.399358	0.355807	0.354138	0.353753	0.509342	0.486874	0.488129	0.486442	0.48865	0.488272	0.268829	0	0.306944	0.296837	0.268803	0.310564	0.374366	0.376019	0.34704	0.386649	0.35076	0.352689	0.403442	0.419199	0.41289	0.421178	0.414407	0.397277	0.349488	0.3503	0.366783	0.382009	0.346241	0.385345	0.44557	0.396591	0.403089	0.427905	0.399241	0.440119	0.372105	0.385993	0.405818	0.394113	0.357829	0.394542	0.329046	0.347378	0.375042	0.351667	0.341264	0.350741	0.344915	0.356117	0.353197	0.389013	0.388231	0.388611	0.37001	0.355024	0.356666	0.355394	0.385417	0.395103
ERR622228	0.457824	0.44797	0.45854	0.456243	0.442127	0.442045	0.527742	0.527654	0.559251	0.531267	0.528108	0.526256	0.449581	0.454747	0.460443	0.454297	0.456667	0.456168	0.526811	0.529326	0.528209	0.551022	0.526439	0.523277	0.858768	0.87501	0.855232	0.858369	0.857909	0.858966	0.363315	0.346761	0.34888	0.349937	0.353911	0.351199	0.517537	0.468018	0.469017	0.478091	0.47955	0.467462	0.304481	0.306944	0	0.264038	0.307944	0.261	0.336678	0.338455	0.369076	0.357222	0.364341	0.369705	0.384833	0.374928	0.377925	0.378514	0.379879	0.401111	0.325345	0.325336	0.325401	0.33138	0.323459	0.332549	0.378228	0.37836	0.376675	0.412662	0.376573	0.379957	0.326871	0.329525	0.338983	0.333328	0.36225	0.333828	0.355004	0.331572	0.339613	0.335046	0.334021	0.331569	0.347269	0.339267	0.341563	0.341713	0.34044	0.341108	0.39249	0.371479	0.380012	0.368613	0.356897	0.352224
