	ERR608360	ERR608361	ERR608359	ERR608363	ERR608364	ERR608362	ERR622146	ERR622144	ERR622143	ERR622148	ERR622147	ERR622145	ERR626952	ERR626951	ERR626956	ERR626955	ERR626953	ERR626954	ERR629879	ERR629876	ERR629878	ERR629875	ERR629874	ERR629877	ERR608919	ERR608924	ERR608921	ERR608923	ERR608920	ERR608922	ERR626425	ERR626424	ERR626428	ERR626427	ERR626426	ERR626423	ERR607987	ERR607986	ERR607988	ERR607984	ERR607983	ERR607985	ERR612359	ERR612363	ERR612364	ERR612361	ERR612362	ERR612360	ERR616827	ERR616828	ERR616826	ERR616824	ERR616823	ERR616825	ERR626939	ERR626942	ERR626940	ERR626943	ERR626941	ERR626944	ERR613341	ERR613345	ERR613346	ERR613343	ERR613342	ERR613344	ERR617267	ERR617269	ERR617265	ERR617270	ERR617266	ERR617268	ERR617033	ERR617037	ERR617038	ERR617036	ERR617034	ERR617035	ERR608355	ERR608356	ERR608358	ERR608357	ERR608354	ERR608353	ERR607780	ERR607779	ERR607776	ERR607775	ERR607778	ERR607777	ERR626775	ERR626772	ERR626774	ERR626773	ERR626771	ERR626776
ERR608360	0	0.762041	0.817778	0.770588	0.769188	0.770477	0.858737	0.835621	0.867269	0.864091	0.860384	0.827894	0.861926	0.838661	0.83284	0.830066	0.837395	0.855211	1.09243	1.08402	1.09371	1.0941	1.08239	1.09245	0.939984	0.94752	0.921122	0.945888	0.920441	0.944205	0.876331	0.878304	0.869896	0.912838	0.911988	0.86809	0.963404	0.96523	0.965552	0.914253	0.921242	0.91302	0.967915	0.95425	0.954595	0.970303	0.955596	0.972238	0.883775	0.882382	0.884303	0.868405	0.869811	0.860646	0.838238	0.850349	0.859843	0.828368	0.83733	0.831053	1.08484	1.09966	1.11786	1.09144	1.09903	1.10186	1.08466	1.07614	1.08498	1.07565	1.0856	1.07553	1.09412	1.10272	1.10173	1.10126	1.09208	1.09053	1.09902	1.09106	1.08868	1.0904	1.10246	1.11719	1.07235	1.06989	1.08709	1.07363	1.08662	1.07286	1.08243	1.08602	1.08359	1.08499	1.08196	1.08113
ERR608361	0.762041	0	0.813256	0.758944	0.757714	0.758077	0.851592	0.826758	0.863161	0.85695	0.853288	0.817858	0.85483	0.828721	0.823605	0.820729	0.827266	0.847149	1.0852	1.0747	1.08629	1.0859	1.07274	1.08482	0.934141	0.938287	0.909842	0.936851	0.910271	0.935145	0.867511	0.869401	0.86059	0.905208	0.903516	0.857961	0.957969	0.959792	0.960343	0.906575	0.914501	0.905746	0.95691	0.943294	0.943821	0.959612	0.944783	0.961624	0.878081	0.876918	0.878873	0.860134	0.862408	0.8521	0.828219	0.84186	0.852552	0.818054	0.827025	0.821561	1.07795	1.09268	1.11263	1.08524	1.09278	1.09501	1.07636	1.06715	1.0775	1.06655	1.07733	1.06639	1.08621	1.09589	1.09504	1.09457	1.08362	1.08156	1.09077	1.08289	1.08043	1.08209	1.09477	1.11142	1.06451	1.06211	1.08009	1.06539	1.07934	1.06444	1.07462	1.07888	1.07554	1.07769	1.07415	1.07305
ERR608359	0.817778	0.813256	0	0.8172	0.816734	0.817568	0.888987	0.869489	0.889847	0.892849	0.890557	0.865754	0.890999	0.875267	0.868932	0.866483	0.874199	0.885821	1.12051	1.11597	1.12195	1.12365	1.11458	1.12104	0.967114	0.981179	0.96147	0.98022	0.958255	0.978295	0.910742	0.911651	0.90589	0.942056	0.941932	0.904912	0.9868	0.988436	0.988597	0.945835	0.950749	0.9437	1.00892	0.995651	0.996375	1.0106	0.997244	1.01251	0.910782	0.909872	0.911293	0.902944	0.901899	0.896693	0.877134	0.884085	0.890653	0.867114	0.876027	0.870266	1.11063	1.12499	1.13894	1.11612	1.12266	1.12702	1.1145	1.10801	1.11274	1.10774	1.11566	1.10743	1.12276	1.12814	1.12675	1.12744	1.12269	1.12152	1.12856	1.12088	1.11879	1.12044	1.13054	1.1403	1.10239	1.10002	1.11476	1.10466	1.11519	1.10408	1.11097	1.11352	1.11208	1.11275	1.11009	1.11009
ERR608363	0.770588	0.758944	0.8172	0	0.760289	0.761223	0.854618	0.830771	0.864189	0.859924	0.856588	0.822698	0.857452	0.832672	0.82747	0.824324	0.831716	0.850176	1.0895	1.08045	1.09066	1.09089	1.07858	1.08941	0.937608	0.943628	0.916003	0.942128	0.916007	0.940297	0.87101	0.872373	0.864064	0.908246	0.906763	0.862143	0.960837	0.962538	0.962789	0.910809	0.917852	0.90959	0.963545	0.949489	0.95013	0.965517	0.951002	0.967811	0.879108	0.877822	0.879799	0.863842	0.864707	0.855379	0.832624	0.845044	0.855091	0.822124	0.831651	0.825329	1.08199	1.0965	1.11561	1.08861	1.09639	1.09896	1.08128	1.07257	1.08177	1.07233	1.08272	1.07197	1.09071	1.0993	1.09839	1.09815	1.08878	1.08676	1.09612	1.08773	1.08533	1.08732	1.09963	1.11495	1.0689	1.06633	1.08389	1.07019	1.08335	1.06925	1.07929	1.08276	1.08005	1.08177	1.07868	1.07759
ERR608364	0.769188	0.757714	0.816734	0.760289	0	0.760148	0.854021	0.829661	0.86381	0.85918	0.855869	0.821489	0.857259	0.832382	0.827002	0.823978	0.831296	0.849636	1.08854	1.07958	1.08998	1.08998	1.0777	1.08871	0.936309	0.942421	0.91476	0.940625	0.914459	0.938831	0.871159	0.872699	0.864067	0.90837	0.906927	0.861934	0.959966	0.961632	0.962258	0.909673	0.917079	0.908346	0.963139	0.948734	0.949049	0.965137	0.949903	0.967234	0.879005	0.877444	0.879761	0.863244	0.864488	0.854873	0.831595	0.844347	0.854762	0.821121	0.830652	0.824507	1.08122	1.09606	1.11515	1.08812	1.0958	1.09819	1.08076	1.07199	1.08099	1.07141	1.08205	1.07127	1.09013	1.09859	1.0981	1.09757	1.088	1.08606	1.09548	1.08701	1.08477	1.08652	1.09885	1.11421	1.06822	1.06568	1.08329	1.06951	1.08266	1.06867	1.07862	1.08257	1.07965	1.08124	1.07795	1.07721
ERR608362	0.770477	0.758077	0.817568	0.761223	0.760148	0	0.854492	0.830629	0.864763	0.859061	0.856074	0.82227	0.857851	0.833	0.82758	0.824797	0.831634	0.850463	1.08935	1.0801	1.09066	1.09059	1.07822	1.08949	0.937592	0.9432	0.915769	0.94154	0.915624	0.939912	0.871436	0.87317	0.864283	0.908024	0.907036	0.862583	0.960309	0.961716	0.962631	0.909546	0.917276	0.908607	0.961752	0.947897	0.948508	0.964036	0.949216	0.966452	0.880888	0.87933	0.881312	0.864242	0.86606	0.855969	0.833095	0.845236	0.85534	0.822165	0.831634	0.825649	1.08177	1.09676	1.11595	1.08917	1.09684	1.09896	1.08143	1.07236	1.08182	1.07195	1.08239	1.07167	1.0911	1.10004	1.09933	1.09902	1.08877	1.08694	1.09549	1.0876	1.08503	1.08679	1.09899	1.11509	1.06941	1.06695	1.08453	1.07046	1.08353	1.06946	1.07944	1.08331	1.0802	1.08218	1.07875	1.07774
ERR622146	0.858737	0.851592	0.888987	0.854618	0.854021	0.854492	0	0.831341	0.86084	0.851601	0.849284	0.8243	0.892026	0.872268	0.868262	0.865796	0.871668	0.8852	1.11332	1.10513	1.11502	1.11486	1.10362	1.11371	0.985035	0.995827	0.976623	0.994281	0.974152	0.993171	0.903887	0.905509	0.898885	0.933998	0.932829	0.897467	0.981545	0.982736	0.9833	0.939679	0.945831	0.938702	0.994064	0.981793	0.98198	0.995704	0.98278	0.998258	0.906617	0.905055	0.90766	0.893891	0.895606	0.887374	0.8742	0.883757	0.891457	0.866547	0.873769	0.868888	1.10598	1.11878	1.1365	1.11224	1.11933	1.12116	1.10861	1.10062	1.10923	1.10043	1.10983	1.10031	1.11519	1.12324	1.12253	1.12203	1.11314	1.1115	1.12108	1.11369	1.11153	1.11302	1.12427	1.13833	1.09725	1.09491	1.11083	1.09833	1.11006	1.09767	1.10498	1.10837	1.10559	1.10741	1.10443	1.1035
ERR622144	0.835621	0.826758	0.869489	0.830771	0.829661	0.830629	0.831341	0	0.836714	0.835828	0.83273	0.795484	0.872354	0.851199	0.846204	0.843496	0.849961	0.86564	1.09835	1.08993	1.0999	1.09997	1.08821	1.09877	0.967411	0.979409	0.957052	0.977479	0.954424	0.976511	0.885686	0.886603	0.879264	0.919929	0.91877	0.877407	0.968926	0.97045	0.971081	0.921763	0.92832	0.920134	0.980388	0.966884	0.967493	0.982506	0.968204	0.9845	0.886199	0.885072	0.886965	0.872596	0.873412	0.865353	0.850747	0.861448	0.870534	0.841734	0.850366	0.844518	1.08962	1.10402	1.12223	1.09624	1.10365	1.10646	1.0935	1.08503	1.09336	1.0844	1.09438	1.08429	1.1	1.1085	1.10762	1.10708	1.09817	1.09651	1.10607	1.09802	1.09577	1.09748	1.1092	1.124	1.08027	1.07787	1.09475	1.08155	1.09392	1.08071	1.08893	1.09252	1.08961	1.09138	1.08808	1.08774
ERR622143	0.867269	0.863161	0.889847	0.864189	0.86381	0.864763	0.86084	0.836714	0	0.864703	0.862269	0.83298	0.897429	0.882575	0.876408	0.874167	0.881347	0.892072	1.12133	1.1165	1.12304	1.12481	1.1151	1.122	0.985363	1.00162	0.984103	1.00018	0.97977	0.999333	0.914646	0.915519	0.910161	0.945867	0.945272	0.908927	0.989808	0.991392	0.991368	0.948785	0.95355	0.946204	1.01388	1.00051	1.00106	1.01535	1.00217	1.01746	0.909418	0.908221	0.909907	0.901469	0.901089	0.895838	0.882212	0.889318	0.89538	0.873347	0.881384	0.875943	1.11149	1.12545	1.14016	1.11642	1.12346	1.12757	1.11746	1.11092	1.11577	1.11049	1.11876	1.11024	1.12358	1.12943	1.12799	1.12867	1.12352	1.12214	1.13013	1.12267	1.1203	1.12212	1.13234	1.14236	1.10444	1.10186	1.11666	1.10636	1.1168	1.1058	1.1123	1.11459	1.11313	1.11381	1.11127	1.11153
ERR622148	0.864091	0.85695	0.892849	0.859924	0.85918	0.859061	0.851601	0.835828	0.864703	0	0.853234	0.829639	0.895861	0.877161	0.872708	0.870228	0.875781	0.889261	1.1165	1.10834	1.1179	1.1179	1.10648	1.11669	0.988847	0.999226	0.980806	0.997917	0.978526	0.996962	0.907605	0.908787	0.902611	0.936833	0.935513	0.901253	0.984561	0.985795	0.986388	0.943588	0.949846	0.942656	0.997477	0.985224	0.985624	0.99955	0.986538	1.00139	0.910809	0.910241	0.912197	0.898253	0.900306	0.892572	0.879083	0.88805	0.895426	0.871333	0.878572	0.873838	1.10817	1.12125	1.13856	1.11467	1.12152	1.12342	1.11127	1.10353	1.11192	1.10305	1.11231	1.10306	1.11795	1.12598	1.12528	1.12471	1.11603	1.11436	1.12377	1.11629	1.11423	1.1156	1.12682	1.14065	1.10029	1.09812	1.11354	1.1012	1.11291	1.10087	1.10765	1.11108	1.10817	1.10988	1.1069	1.10649
ERR622147	0.860384	0.853288	0.890557	0.856588	0.855869	0.856074	0.849284	0.83273	0.862269	0.853234	0	0.826873	0.89349	0.873901	0.869808	0.867611	0.873091	0.886849	1.1148	1.10653	1.1162	1.11605	1.10485	1.11511	0.987128	0.997486	0.978549	0.996003	0.97616	0.995284	0.905904	0.907174	0.900869	0.934863	0.934068	0.899063	0.982422	0.984003	0.984368	0.941468	0.947644	0.939947	0.995464	0.983312	0.983308	0.997167	0.984104	0.999337	0.908222	0.907116	0.909284	0.8956	0.897096	0.88948	0.875975	0.885176	0.893184	0.868269	0.875462	0.871146	1.10715	1.11994	1.1375	1.11362	1.12031	1.12234	1.10993	1.10202	1.11035	1.10193	1.11097	1.10144	1.11663	1.12474	1.12422	1.12364	1.11457	1.11283	1.1223	1.11477	1.11269	1.11438	1.12513	1.13952	1.09868	1.09669	1.11244	1.09965	1.11162	1.09893	1.1062	1.10972	1.10677	1.10864	1.10569	1.10471
ERR622145	0.827894	0.817858	0.865754	0.822698	0.821489	0.82227	0.8243	0.795484	0.83298	0.829639	0.826873	0	0.867511	0.844168	0.839547	0.836906	0.8428	0.860309	1.09312	1.08347	1.09447	1.09428	1.08162	1.09303	0.963806	0.973964	0.950759	0.972292	0.948719	0.971211	0.878461	0.880217	0.87217	0.914031	0.912491	0.870359	0.964522	0.966165	0.966544	0.915307	0.922817	0.914307	0.971456	0.958049	0.958336	0.97385	0.959138	0.976118	0.881641	0.880683	0.882474	0.865501	0.867494	0.858197	0.842873	0.854944	0.86439	0.833547	0.842455	0.836909	1.08413	1.09893	1.11828	1.09141	1.0989	1.10109	1.08717	1.07826	1.08769	1.07783	1.08803	1.07745	1.09407	1.10333	1.10259	1.10223	1.09176	1.08978	1.09957	1.09169	1.08925	1.09105	1.10331	1.11932	1.07432	1.07186	1.08942	1.0751	1.08855	1.07431	1.08307	1.08694	1.08377	1.08568	1.08235	1.0814
ERR626952	0.861926	0.85483	0.890999	0.857452	0.857259	0.857851	0.892026	0.872354	0.897429	0.895861	0.89349	0.867511	0	0.819761	0.818618	0.816657	0.819259	0.83422	1.12742	1.12046	1.12907	1.12935	1.1185	1.12797	0.975516	0.988288	0.967912	0.986507	0.965001	0.985349	0.905306	0.905938	0.899877	0.936757	0.934867	0.898606	0.984128	0.98621	0.986277	0.943442	0.949037	0.942264	1.0079	0.996029	0.996448	1.00977	0.997379	1.01213	0.907196	0.905663	0.907248	0.897248	0.898038	0.892406	0.858958	0.867856	0.874993	0.852201	0.857964	0.853992	1.12771	1.1401	1.15611	1.13354	1.13976	1.14232	1.12912	1.12168	1.12887	1.12133	1.13007	1.12105	1.13755	1.1445	1.14379	1.14355	1.1361	1.13468	1.14197	1.13481	1.1328	1.13418	1.14466	1.15733	1.1173	1.11485	1.12966	1.11805	1.12908	1.11729	1.12754	1.13071	1.12829	1.12966	1.12709	1.12659
ERR626951	0.838661	0.828721	0.875267	0.832672	0.832382	0.833	0.872268	0.851199	0.882575	0.877161	0.873901	0.844168	0.819761	0	0.794963	0.792851	0.794967	0.815088	1.1126	1.10325	1.11446	1.11351	1.10117	1.11312	0.962005	0.971417	0.948667	0.969967	0.946422	0.968479	0.883996	0.885156	0.877453	0.917421	0.915868	0.8754	0.970527	0.972611	0.972834	0.925303	0.932269	0.924454	0.986473	0.973973	0.974173	0.98831	0.975311	0.991134	0.892231	0.890599	0.892715	0.877962	0.87964	0.871437	0.834599	0.846086	0.855969	0.826701	0.834045	0.829666	1.11224	1.12483	1.14327	1.11877	1.12558	1.12702	1.11131	1.10274	1.11211	1.10218	1.11202	1.10189	1.12072	1.12938	1.12859	1.12798	1.11809	1.11636	1.12465	1.11717	1.11509	1.11645	1.12835	1.1434	1.09937	1.09714	1.11369	1.0999	1.1124	1.09895	1.11059	1.11444	1.11159	1.11331	1.11013	1.10929
ERR626956	0.83284	0.823605	0.868932	0.82747	0.827002	0.82758	0.868262	0.846204	0.876408	0.872708	0.869808	0.839547	0.818618	0.794963	0	0.785126	0.793756	0.808715	1.11053	1.10194	1.11192	1.11196	1.09995	1.11053	0.957113	0.967518	0.944927	0.966167	0.942282	0.96462	0.879873	0.880979	0.873936	0.914439	0.913296	0.871822	0.967693	0.969899	0.970257	0.921643	0.928062	0.920273	0.985222	0.972316	0.972582	0.987518	0.973397	0.989834	0.886518	0.885444	0.887045	0.873462	0.874677	0.86684	0.829334	0.840489	0.850304	0.820827	0.82865	0.823057	1.10875	1.12216	1.1397	1.11523	1.12204	1.12428	1.10838	1.10017	1.10887	1.09971	1.10923	1.09949	1.118	1.12587	1.12528	1.12471	1.11571	1.11388	1.12246	1.11448	1.11241	1.1138	1.12577	1.14053	1.09573	1.09346	1.11015	1.0969	1.109	1.09603	1.10728	1.11082	1.10846	1.11036	1.10689	1.10602
ERR626955	0.830066	0.820729	0.866483	0.824324	0.823978	0.824797	0.865796	0.843496	0.874167	0.870228	0.867611	0.836906	0.816657	0.792851	0.785126	0	0.791673	0.806404	1.10926	1.101	1.11104	1.11079	1.09896	1.10963	0.95453	0.96586	0.942547	0.964223	0.939783	0.962571	0.8778	0.879144	0.871622	0.913046	0.911716	0.869793	0.966903	0.968844	0.969397	0.920208	0.926738	0.918763	0.985083	0.971295	0.97171	0.986525	0.972671	0.989328	0.884086	0.882539	0.884638	0.870923	0.872242	0.864115	0.82618	0.837676	0.847693	0.81722	0.8256	0.820085	1.10693	1.12058	1.13815	1.11322	1.12049	1.12268	1.10723	1.09884	1.1075	1.09848	1.10824	1.09814	1.11645	1.12413	1.12349	1.12327	1.11454	1.1126	1.12125	1.11308	1.11089	1.11278	1.12452	1.13931	1.09389	1.09161	1.10838	1.09525	1.10716	1.09425	1.10582	1.10921	1.10639	1.10853	1.10516	1.10437
ERR626953	0.837395	0.827266	0.874199	0.831716	0.831296	0.831634	0.871668	0.849961	0.881347	0.875781	0.873091	0.8428	0.819259	0.794967	0.793756	0.791673	0	0.814186	1.11213	1.10262	1.11357	1.11313	1.10063	1.11243	0.961573	0.971034	0.948042	0.969618	0.945887	0.968112	0.882947	0.883926	0.876849	0.916591	0.914724	0.874449	0.970531	0.97253	0.972789	0.924629	0.931551	0.923696	0.98614	0.973647	0.974052	0.98815	0.974746	0.990339	0.891511	0.890113	0.892079	0.876836	0.878673	0.87065	0.833413	0.844696	0.85484	0.82548	0.832469	0.828184	1.11126	1.12418	1.1425	1.11785	1.12456	1.12622	1.11077	1.10225	1.11175	1.10145	1.11158	1.1017	1.11997	1.1287	1.12821	1.12759	1.11745	1.1157	1.12403	1.11654	1.11429	1.11574	1.12756	1.14321	1.09822	1.09637	1.11285	1.09901	1.11164	1.098	1.1098	1.11379	1.11052	1.11244	1.10925	1.10837
ERR626954	0.855211	0.847149	0.885821	0.850176	0.849636	0.850463	0.8852	0.86564	0.892072	0.889261	0.886849	0.860309	0.83422	0.815088	0.808715	0.806404	0.814186	0	1.12438	1.11668	1.12587	1.12604	1.1148	1.1249	0.971537	0.982726	0.962619	0.981492	0.959542	0.979948	0.898627	0.899916	0.893248	0.929844	0.928324	0.891605	0.978673	0.980825	0.981551	0.937448	0.943272	0.936348	1.00096	0.988649	0.98901	1.00269	0.989836	1.00542	0.90238	0.901131	0.902611	0.891383	0.892796	0.886352	0.851071	0.860294	0.868841	0.844126	0.850382	0.846504	1.12488	1.137	1.15379	1.1309	1.13712	1.13909	1.12526	1.11745	1.12559	1.11717	1.12605	1.11679	1.13437	1.14176	1.14117	1.1407	1.13221	1.13056	1.13806	1.13102	1.12877	1.13029	1.14116	1.15472	1.11338	1.11147	1.12691	1.11439	1.12588	1.11356	1.12437	1.12781	1.12509	1.12683	1.12371	1.12314
ERR629879	1.09243	1.0852	1.12051	1.0895	1.08854	1.08935	1.11332	1.09835	1.12133	1.1165	1.1148	1.09312	1.12742	1.1126	1.11053	1.10926	1.11213	1.12438	0	0.847279	0.862109	0.862067	0.845472	0.860464	1.16336	1.1648	1.14783	1.16449	1.14853	1.16393	1.09907	1.10056	1.09467	1.12244	1.12099	1.09246	1.15335	1.15522	1.15519	1.12002	1.1258	1.11984	1.11386	1.1057	1.10651	1.11549	1.10677	1.11621	1.09972	1.09956	1.10044	1.08712	1.08884	1.08041	1.1033	1.11226	1.11779	1.09816	1.10279	1.09915	0.966939	0.978989	1.00163	0.974875	0.982407	0.980164	0.944134	0.933965	0.946396	0.933501	0.945029	0.933176	0.942756	0.95444	0.954338	0.952612	0.938874	0.936864	0.971824	0.963623	0.961774	0.963194	0.976024	0.993235	0.940408	0.938572	0.956553	0.940965	0.95489	0.941075	0.941862	0.946971	0.941806	0.945328	0.942774	0.939298
ERR629876	1.08402	1.0747	1.11597	1.08045	1.07958	1.0801	1.10513	1.08993	1.1165	1.10834	1.10653	1.08347	1.12046	1.10325	1.10194	1.101	1.10262	1.11668	0.847279	0	0.849446	0.841523	0.819201	0.846509	1.15868	1.15769	1.13919	1.15697	1.14087	1.15655	1.08844	1.09037	1.08367	1.11207	1.11031	1.08151	1.14537	1.14719	1.14728	1.11049	1.11721	1.11138	1.09934	1.0918	1.09229	1.10112	1.09248	1.1019	1.09373	1.0933	1.09445	1.07802	1.08111	1.07138	1.09439	1.10472	1.11125	1.08977	1.09386	1.09103	0.955454	0.967409	0.99463	0.965047	0.973105	0.968423	0.927501	0.914451	0.93275	0.914073	0.928025	0.913903	0.92644	0.942889	0.943217	0.940652	0.920154	0.917673	0.955108	0.946476	0.944849	0.946412	0.960737	0.984906	0.925844	0.923889	0.944109	0.924298	0.941241	0.924108	0.928438	0.935539	0.928576	0.932759	0.929701	0.925263
ERR629878	1.09371	1.08629	1.12195	1.09066	1.08998	1.09066	1.11502	1.0999	1.12304	1.1179	1.1162	1.09447	1.12907	1.11446	1.11192	1.11104	1.11357	1.12587	0.862109	0.849446	0	0.863882	0.847158	0.861394	1.16468	1.16617	1.14892	1.16542	1.14971	1.16502	1.09989	1.10183	1.09568	1.12352	1.12212	1.09389	1.15475	1.15656	1.15634	1.12122	1.12709	1.12113	1.11513	1.10702	1.10751	1.11656	1.10782	1.11737	1.10128	1.10104	1.10192	1.08834	1.09018	1.08183	1.10455	1.1134	1.11928	1.09959	1.10405	1.1004	0.967953	0.98024	1.00264	0.975633	0.983	0.981478	0.945529	0.935137	0.947818	0.934773	0.946144	0.934348	0.943782	0.955528	0.955288	0.953885	0.939861	0.938112	0.973072	0.964583	0.96291	0.964283	0.976824	0.994206	0.941946	0.94052	0.958466	0.942839	0.956445	0.942903	0.942652	0.94749	0.94265	0.946277	0.943669	0.940106
ERR629875	1.0941	1.0859	1.12365	1.09089	1.08998	1.09059	1.11486	1.09997	1.12481	1.1179	1.11605	1.09428	1.12935	1.11351	1.11196	1.11079	1.11313	1.12604	0.862067	0.841523	0.863882	0	0.838861	0.861137	1.16614	1.16622	1.14879	1.16554	1.15002	1.16506	1.09948	1.101	1.09496	1.12231	1.1206	1.09286	1.15374	1.15551	1.15547	1.12065	1.12667	1.12085	1.111	1.10366	1.10419	1.11264	1.10428	1.11326	1.10233	1.10206	1.10331	1.08829	1.09117	1.08161	1.10473	1.11436	1.11992	1.10022	1.10434	1.1013	0.96867	0.979711	1.0046	0.976763	0.984694	0.980768	0.942928	0.93203	0.947251	0.931936	0.944024	0.931675	0.941459	0.954683	0.954869	0.952859	0.936074	0.933879	0.969931	0.961911	0.960383	0.961605	0.974621	0.994913	0.940775	0.939165	0.957356	0.940698	0.955443	0.940578	0.942466	0.948296	0.942082	0.946138	0.943693	0.93968
ERR629874	1.08239	1.07274	1.11458	1.07858	1.0777	1.07822	1.10362	1.08821	1.1151	1.10648	1.10485	1.08162	1.1185	1.10117	1.09995	1.09896	1.10063	1.1148	0.845472	0.819201	0.847158	0.838861	0	0.844569	1.15746	1.15619	1.13778	1.15555	1.1395	1.15491	1.08659	1.08863	1.08175	1.11018	1.10861	1.07943	1.14382	1.14555	1.14543	1.10881	1.11571	1.10942	1.09752	1.08999	1.09047	1.09942	1.09061	1.09997	1.09201	1.09162	1.09272	1.0758	1.07931	1.06931	1.09235	1.10291	1.10956	1.08791	1.09193	1.08931	0.95394	0.965864	0.99425	0.963775	0.971946	0.967	0.925692	0.912614	0.93142	0.912361	0.926333	0.912437	0.925733	0.941753	0.942385	0.939749	0.919169	0.916648	0.954027	0.945596	0.943708	0.944932	0.959803	0.984193	0.924009	0.922338	0.94283	0.922781	0.939742	0.922577	0.926813	0.93417	0.92684	0.931308	0.928181	0.923569
ERR629877	1.09245	1.08482	1.12104	1.08941	1.08871	1.08949	1.11371	1.09877	1.122	1.11669	1.11511	1.09303	1.12797	1.11312	1.11053	1.10963	1.11243	1.1249	0.860464	0.846509	0.861394	0.861137	0.844569	0	1.16382	1.16502	1.14799	1.16456	1.14871	1.16391	1.09875	1.10056	1.0944	1.12206	1.1209	1.09224	1.15352	1.1554	1.15525	1.11989	1.12589	1.11981	1.11358	1.10545	1.10577	1.11498	1.10594	1.11557	1.10039	1.10006	1.1012	1.08715	1.08925	1.08049	1.10327	1.11209	1.11809	1.09799	1.10279	1.09938	0.966243	0.978052	1.0011	0.973965	0.98141	0.979352	0.943362	0.932847	0.945813	0.932827	0.944001	0.93245	0.941159	0.953355	0.953184	0.951316	0.937343	0.935082	0.971145	0.962393	0.960586	0.9622	0.974805	0.992612	0.940134	0.938643	0.956695	0.94095	0.954361	0.940792	0.941358	0.946309	0.940985	0.944518	0.942055	0.93857
ERR608919	0.939984	0.934141	0.967114	0.937608	0.936309	0.937592	0.985035	0.967411	0.985363	0.988847	0.987128	0.963806	0.975516	0.962005	0.957113	0.95453	0.961573	0.971537	1.16336	1.15868	1.16468	1.16614	1.15746	1.16382	0	0.775924	0.751497	0.774249	0.754139	0.771711	0.990717	0.991484	0.985166	1.02094	1.01995	0.98433	1.05025	1.05151	1.05223	1.01221	1.01653	1.00995	1.082	1.06987	1.07013	1.08391	1.07108	1.0861	0.980694	0.979976	0.981049	0.974903	0.973155	0.968871	0.95295	0.959535	0.96537	0.944601	0.952217	0.946889	1.15946	1.17197	1.18399	1.16385	1.16992	1.17412	1.15964	1.15341	1.1583	1.15317	1.16083	1.15294	1.16599	1.17059	1.16948	1.16977	1.16532	1.16423	1.17246	1.16559	1.16357	1.16512	1.17468	1.1842	1.14835	1.14639	1.15946	1.15034	1.15949	1.14959	1.158	1.16016	1.15895	1.15966	1.15725	1.1572
ERR608924	0.94752	0.938287	0.981179	0.943628	0.942421	0.9432	0.995827	0.979409	1.00162	0.999226	0.997486	0.973964	0.988288	0.971417	0.967518	0.96586	0.971034	0.982726	1.1648	1.15769	1.16617	1.16622	1.15619	1.16502	0.775924	0	0.722085	0.746065	0.730741	0.74321	0.997691	0.998669	0.992249	1.02565	1.02433	0.99085	1.05824	1.05917	1.05965	1.02072	1.02611	1.01957	1.07773	1.06738	1.06742	1.08007	1.06793	1.08193	0.995537	0.994248	0.995796	0.985908	0.986216	0.979939	0.963682	0.971984	0.978993	0.956524	0.962604	0.958512	1.1631	1.17418	1.18877	1.16838	1.17418	1.17616	1.16005	1.15311	1.16059	1.15272	1.16097	1.15268	1.16696	1.17335	1.1727	1.17242	1.16475	1.16333	1.17198	1.16543	1.16365	1.1649	1.17502	1.18774	1.15066	1.14906	1.16271	1.15172	1.16178	1.1509	1.15977	1.1626	1.1606	1.16201	1.15936	1.15893
ERR608921	0.921122	0.909842	0.96147	0.916003	0.91476	0.915769	0.976623	0.957052	0.984103	0.980806	0.978549	0.950759	0.967912	0.948667	0.944927	0.942547	0.948042	0.962619	1.14783	1.13919	1.14892	1.14879	1.13778	1.14799	0.751497	0.722085	0	0.719179	0.68907	0.715597	0.976302	0.977666	0.96981	1.00861	1.00685	0.968203	1.04345	1.04463	1.04552	1.00004	1.00697	0.999411	1.05757	1.04633	1.04651	1.06014	1.04712	1.06204	0.975249	0.974122	0.97591	0.962972	0.963691	0.956013	0.939461	0.949969	0.958705	0.931644	0.938716	0.933843	1.14489	1.15704	1.173	1.15044	1.15675	1.15891	1.14173	1.13372	1.14251	1.13341	1.14243	1.13346	1.14886	1.1564	1.15561	1.15532	1.14627	1.14461	1.15378	1.14696	1.145	1.14645	1.15739	1.17179	1.13121	1.12925	1.1442	1.13211	1.14308	1.13133	1.14101	1.14441	1.14181	1.14341	1.14042	1.13975
ERR608923	0.945888	0.936851	0.98022	0.942128	0.940625	0.94154	0.994281	0.977479	1.00018	0.997917	0.996003	0.972292	0.986507	0.969967	0.966167	0.964223	0.969618	0.981492	1.16449	1.15697	1.16542	1.16554	1.15555	1.16456	0.774249	0.746065	0.719179	0	0.728332	0.741184	0.995916	0.997142	0.990578	1.02471	1.0229	0.989217	1.05744	1.05812	1.059	1.01952	1.0251	1.0185	1.07663	1.06579	1.06581	1.07879	1.06687	1.08057	0.993903	0.992578	0.994241	0.984179	0.984582	0.978415	0.961849	0.970263	0.977394	0.955013	0.961345	0.957185	1.16257	1.17385	1.1882	1.16765	1.17356	1.17558	1.15935	1.15252	1.15991	1.15211	1.16042	1.15188	1.16628	1.17272	1.17195	1.17181	1.16419	1.16271	1.1715	1.16487	1.16308	1.16433	1.17449	1.1872	1.14975	1.14826	1.16173	1.15086	1.16087	1.15008	1.15918	1.16217	1.16	1.16125	1.15866	1.158
ERR608920	0.920441	0.910271	0.958255	0.916007	0.914459	0.915624	0.974152	0.954424	0.97977	0.978526	0.97616	0.948719	0.965001	0.946422	0.942282	0.939783	0.945887	0.959542	1.14853	1.14087	1.14971	1.15002	1.1395	1.14871	0.754139	0.730741	0.68907	0.728332	0	0.724945	0.974531	0.975817	0.968577	1.00687	1.00531	0.96657	1.04122	1.04242	1.04289	0.9987	1.00469	0.997439	1.05919	1.04765	1.0479	1.06165	1.04881	1.06371	0.971844	0.970603	0.971939	0.960709	0.960733	0.953834	0.937447	0.946911	0.955202	0.928989	0.936407	0.931675	1.14543	1.15771	1.173	1.15081	1.15696	1.15988	1.14317	1.13565	1.14338	1.13512	1.14396	1.13497	1.15007	1.15693	1.15618	1.15588	1.14822	1.14651	1.15573	1.14867	1.14665	1.14803	1.15898	1.17229	1.1322	1.1303	1.1448	1.1335	1.14406	1.13267	1.14232	1.14527	1.14306	1.1445	1.14163	1.1409
ERR608922	0.944205	0.935145	0.978295	0.940297	0.938831	0.939912	0.993171	0.976511	0.999333	0.996962	0.995284	0.971211	0.985349	0.968479	0.96462	0.962571	0.968112	0.979948	1.16393	1.15655	1.16502	1.16506	1.15491	1.16391	0.771711	0.74321	0.715597	0.741184	0.724945	0	0.995189	0.996317	0.989768	1.02363	1.02231	0.988121	1.05605	1.05701	1.05778	1.01822	1.02362	1.01696	1.07627	1.0653	1.06559	1.07848	1.06625	1.08037	0.992516	0.991245	0.992983	0.982805	0.983175	0.976957	0.960703	0.96878	0.976237	0.953368	0.959537	0.955693	1.16197	1.17284	1.18741	1.16689	1.1728	1.17488	1.15896	1.15188	1.15953	1.15154	1.15996	1.15158	1.16568	1.17219	1.17135	1.17125	1.16368	1.16203	1.17083	1.16401	1.16233	1.16363	1.17388	1.18662	1.14913	1.14739	1.16129	1.15039	1.16025	1.14949	1.15858	1.16149	1.15941	1.16065	1.15809	1.1575
ERR626425	0.876331	0.867511	0.910742	0.87101	0.871159	0.871436	0.903887	0.885686	0.914646	0.907605	0.905904	0.878461	0.905306	0.883996	0.879873	0.8778	0.882947	0.898627	1.09907	1.08844	1.09989	1.09948	1.08659	1.09875	0.990717	0.997691	0.976302	0.995916	0.974531	0.995189	0	0.801275	0.793603	0.840666	0.838724	0.788442	0.972737	0.974606	0.974412	0.927138	0.934717	0.926415	0.975202	0.9621	0.962937	0.977253	0.963825	0.979889	0.89638	0.895166	0.897205	0.88094	0.883363	0.873741	0.871637	0.881445	0.890078	0.864629	0.87093	0.866285	1.08727	1.10059	1.1209	1.09423	1.10201	1.1028	1.0884	1.0792	1.08962	1.07878	1.08912	1.07849	1.09508	1.10454	1.10398	1.10331	1.09247	1.09003	1.10201	1.09389	1.09173	1.09326	1.1056	1.12287	1.07677	1.07452	1.09228	1.07771	1.09081	1.07683	1.08611	1.09011	1.08684	1.08883	1.08562	1.08466
ERR626424	0.878304	0.869401	0.911651	0.872373	0.872699	0.87317	0.905509	0.886603	0.915519	0.908787	0.907174	0.880217	0.905938	0.885156	0.880979	0.879144	0.883926	0.899916	1.10056	1.09037	1.10183	1.101	1.08863	1.10056	0.991484	0.998669	0.977666	0.997142	0.975817	0.996317	0.801275	0	0.795737	0.84249	0.841115	0.791109	0.974006	0.976064	0.975881	0.928545	0.9363	0.927996	0.977814	0.964537	0.965042	0.97975	0.966049	0.982234	0.897096	0.895605	0.897572	0.882326	0.884367	0.874825	0.872825	0.88274	0.891253	0.865893	0.872374	0.867683	1.08814	1.10144	1.12149	1.09481	1.10257	1.10367	1.08977	1.08079	1.09073	1.08028	1.09086	1.0803	1.09675	1.10553	1.10514	1.1043	1.09405	1.09171	1.10332	1.09518	1.09298	1.09479	1.1069	1.12368	1.07772	1.0752	1.09289	1.07872	1.09184	1.07804	1.08742	1.09118	1.08819	1.09023	1.08682	1.08589
ERR626428	0.869896	0.86059	0.90589	0.864064	0.864067	0.864283	0.898885	0.879264	0.910161	0.902611	0.900869	0.87217	0.899877	0.877453	0.873936	0.871622	0.876849	0.893248	1.09467	1.08367	1.09568	1.09496	1.08175	1.0944	0.985166	0.992249	0.96981	0.990578	0.968577	0.989768	0.793603	0.795737	0	0.833987	0.832519	0.782217	0.968016	0.970042	0.970262	0.920892	0.929115	0.920426	0.969583	0.956107	0.956719	0.971569	0.957472	0.974198	0.890377	0.888619	0.890974	0.874045	0.876651	0.866764	0.8645	0.874958	0.883892	0.856979	0.863911	0.858988	1.08248	1.09624	1.1167	1.0897	1.09755	1.09852	1.08346	1.07384	1.08486	1.07349	1.08443	1.07343	1.09058	1.10035	1.10003	1.09864	1.08768	1.08532	1.09721	1.08888	1.08683	1.08823	1.101	1.11856	1.07168	1.06938	1.08745	1.07272	1.08606	1.0716	1.08102	1.08551	1.08205	1.08413	1.08074	1.07952
ERR626427	0.912838	0.905208	0.942056	0.908246	0.90837	0.908024	0.933998	0.919929	0.945867	0.936833	0.934863	0.914031	0.936757	0.917421	0.914439	0.913046	0.916591	0.929844	1.12244	1.11207	1.12352	1.12231	1.11018	1.12206	1.02094	1.02565	1.00861	1.02471	1.00687	1.02363	0.840666	0.84249	0.833987	0	0.865604	0.833032	0.996234	0.997522	0.997456	0.959116	0.966036	0.95906	0.999128	0.988465	0.988568	1.00081	0.99001	1.00297	0.932151	0.931029	0.932831	0.917615	0.92163	0.912244	0.909413	0.917572	0.924864	0.904664	0.908911	0.905831	1.11284	1.12397	1.14338	1.11963	1.12664	1.12621	1.11333	1.1046	1.11517	1.10426	1.114	1.10433	1.12001	1.1289	1.12915	1.12781	1.11675	1.11462	1.1255	1.11814	1.11639	1.11785	1.12911	1.14562	1.10415	1.10214	1.11828	1.10473	1.11663	1.10368	1.1119	1.11625	1.11252	1.11469	1.1118	1.11058
ERR626426	0.911988	0.903516	0.941932	0.906763	0.906927	0.907036	0.932829	0.91877	0.945272	0.935513	0.934068	0.912491	0.934867	0.915868	0.913296	0.911716	0.914724	0.928324	1.12099	1.11031	1.12212	1.1206	1.10861	1.1209	1.01995	1.02433	1.00685	1.0229	1.00531	1.02231	0.838724	0.841115	0.832519	0.865604	0	0.831163	0.994951	0.996309	0.996554	0.95719	0.964608	0.957748	0.997412	0.986847	0.987039	0.999077	0.987716	1.00137	0.930897	0.92923	0.931414	0.915986	0.919822	0.91063	0.90762	0.915999	0.923487	0.90264	0.90732	0.90418	1.11186	1.12275	1.14236	1.11879	1.12564	1.12502	1.112	1.10317	1.11388	1.10291	1.11262	1.10278	1.11868	1.12775	1.1278	1.12659	1.11527	1.11293	1.12434	1.11687	1.11538	1.11656	1.12795	1.14485	1.10273	1.10077	1.11684	1.103	1.11528	1.10248	1.11065	1.11494	1.11143	1.1138	1.11091	1.10901
ERR626423	0.86809	0.857961	0.904912	0.862143	0.861934	0.862583	0.897467	0.877407	0.908927	0.901253	0.899063	0.870359	0.898606	0.8754	0.871822	0.869793	0.874449	0.891605	1.09246	1.08151	1.09389	1.09286	1.07943	1.09224	0.98433	0.99085	0.968203	0.989217	0.96657	0.988121	0.788442	0.791109	0.782217	0.833032	0.831163	0	0.967604	0.969693	0.969463	0.919403	0.92771	0.919178	0.967928	0.954524	0.95485	0.969772	0.956013	0.97261	0.888304	0.886948	0.889157	0.87184	0.874541	0.863974	0.862006	0.873571	0.882504	0.854801	0.86136	0.856609	1.08003	1.09336	1.11488	1.08726	1.09513	1.09616	1.08106	1.07132	1.08224	1.07119	1.08198	1.07073	1.088	1.09806	1.09769	1.09639	1.08534	1.08295	1.09501	1.08639	1.08441	1.08604	1.09896	1.11686	1.06884	1.06654	1.08486	1.06966	1.08343	1.06856	1.07857	1.08275	1.07931	1.08162	1.07788	1.07699
ERR607987	0.963404	0.957969	0.9868	0.960837	0.959966	0.960309	0.981545	0.968926	0.989808	0.984561	0.982422	0.964522	0.984128	0.970527	0.967693	0.966903	0.970531	0.978673	1.15335	1.14537	1.15475	1.15374	1.14382	1.15352	1.05025	1.05824	1.04345	1.05744	1.04122	1.05605	0.972737	0.974006	0.968016	0.996234	0.994951	0.967604	0	0.758741	0.759799	0.746527	0.746956	0.746277	1.01779	1.00781	1.00788	1.01986	1.00837	1.02194	0.928312	0.926945	0.929771	0.917283	0.919141	0.913397	0.971775	0.977936	0.984885	0.966935	0.971377	0.968753	1.15253	1.16245	1.17816	1.15822	1.16366	1.16429	1.14813	1.1413	1.14958	1.14075	1.14856	1.14064	1.15801	1.16537	1.16508	1.16436	1.15589	1.15398	1.15951	1.15355	1.15212	1.15311	1.16243	1.17609	1.14417	1.14245	1.15596	1.1447	1.15495	1.14415	1.15126	1.15432	1.15181	1.15325	1.15086	1.14996
ERR607986	0.96523	0.959792	0.988436	0.962538	0.961632	0.961716	0.982736	0.97045	0.991392	0.985795	0.984003	0.966165	0.98621	0.972611	0.969899	0.968844	0.97253	0.980825	1.15522	1.14719	1.15656	1.15551	1.14555	1.1554	1.05151	1.05917	1.04463	1.05812	1.04242	1.05701	0.974606	0.976064	0.970042	0.997522	0.996309	0.969693	0.758741	0	0.761127	0.748538	0.748805	0.748934	1.01879	1.00896	1.00903	1.02085	1.0094	1.02263	0.930234	0.929143	0.931351	0.91911	0.921031	0.91498	0.973427	0.979689	0.98668	0.96862	0.972869	0.970542	1.15464	1.16454	1.18015	1.16027	1.16595	1.16625	1.14972	1.14289	1.1515	1.14243	1.15041	1.14244	1.15994	1.16735	1.16708	1.16639	1.15749	1.15569	1.16112	1.15521	1.1536	1.15473	1.1643	1.17785	1.1461	1.14447	1.1577	1.14672	1.1566	1.1459	1.15296	1.15629	1.1537	1.15535	1.15279	1.15158
ERR607988	0.965552	0.960343	0.988597	0.962789	0.962258	0.962631	0.9833	0.971081	0.991368	0.986388	0.984368	0.966544	0.986277	0.972834	0.970257	0.969397	0.972789	0.981551	1.15519	1.14728	1.15634	1.15547	1.14543	1.15525	1.05223	1.05965	1.04552	1.059	1.04289	1.05778	0.974412	0.975881	0.970262	0.997456	0.996554	0.969463	0.759799	0.761127	0	0.750399	0.750538	0.750591	1.02069	1.01042	1.01025	1.02236	1.01084	1.02423	0.930836	0.929479	0.932029	0.91972	0.921789	0.91584	0.974089	0.980112	0.986855	0.969336	0.973578	0.971013	1.15414	1.16424	1.17951	1.15992	1.16546	1.16589	1.14971	1.14279	1.15135	1.14225	1.15025	1.14238	1.15952	1.16688	1.16671	1.16591	1.15741	1.15561	1.16108	1.15503	1.15359	1.15456	1.16404	1.17742	1.14576	1.14444	1.15752	1.14651	1.15654	1.14572	1.15285	1.1558	1.15335	1.15483	1.15258	1.15133
ERR607984	0.914253	0.906575	0.945835	0.910809	0.909673	0.909546	0.939679	0.921763	0.948785	0.943588	0.941468	0.915307	0.943442	0.925303	0.921643	0.920208	0.924629	0.937448	1.12002	1.11049	1.12122	1.12065	1.10881	1.11989	1.01221	1.02072	1.00004	1.01952	0.9987	1.01822	0.927138	0.928545	0.920892	0.959116	0.95719	0.919403	0.746527	0.748538	0.750399	0	0.710837	0.707674	0.977692	0.965478	0.965365	0.980106	0.965899	0.982164	0.876502	0.875071	0.878233	0.861273	0.862645	0.854525	0.922564	0.93181	0.940568	0.915549	0.921471	0.917975	1.1166	1.12929	1.1469	1.12309	1.12974	1.13109	1.11218	1.10396	1.11369	1.10341	1.11298	1.10338	1.12238	1.13135	1.13101	1.13026	1.12009	1.11822	1.12489	1.11777	1.11569	1.11722	1.12853	1.1448	1.10561	1.10363	1.11935	1.10632	1.11798	1.10543	1.11455	1.11836	1.11534	1.11722	1.11419	1.11308
ERR607983	0.921242	0.914501	0.950749	0.917852	0.917079	0.917276	0.945831	0.92832	0.95355	0.949846	0.947644	0.922817	0.949037	0.932269	0.928062	0.926738	0.931551	0.943272	1.1258	1.11721	1.12709	1.12667	1.11571	1.12589	1.01653	1.02611	1.00697	1.0251	1.00469	1.02362	0.934717	0.9363	0.929115	0.966036	0.964608	0.92771	0.746956	0.748805	0.750538	0.710837	0	0.710582	0.986814	0.974682	0.975051	0.989493	0.975337	0.991622	0.882554	0.881012	0.883996	0.868995	0.869909	0.862828	0.929644	0.938131	0.94641	0.922372	0.928689	0.924883	1.12264	1.13487	1.15166	1.12859	1.13508	1.13688	1.11913	1.11131	1.12002	1.11079	1.1199	1.11072	1.129	1.13715	1.13647	1.136	1.12701	1.12515	1.13163	1.12455	1.12251	1.12409	1.13503	1.14978	1.11226	1.1103	1.12569	1.11335	1.12467	1.11257	1.12124	1.12438	1.12168	1.12339	1.12043	1.11969
ERR607985	0.91302	0.905746	0.9437	0.90959	0.908346	0.908607	0.938702	0.920134	0.946204	0.942656	0.939947	0.914307	0.942264	0.924454	0.920273	0.918763	0.923696	0.936348	1.11984	1.11138	1.12113	1.12085	1.10942	1.11981	1.00995	1.01957	0.999411	1.0185	0.997439	1.01696	0.926415	0.927996	0.920426	0.95906	0.957748	0.919178	0.746277	0.748934	0.750591	0.707674	0.710582	0	0.980862	0.967681	0.967963	0.983014	0.96863	0.984922	0.87385	0.872424	0.875003	0.859973	0.860552	0.853097	0.921378	0.930177	0.938686	0.913316	0.92076	0.916167	1.11582	1.12848	1.14589	1.12211	1.12871	1.13058	1.11267	1.10481	1.11372	1.10422	1.11349	1.1041	1.12245	1.13071	1.13029	1.12953	1.12075	1.11867	1.12556	1.11824	1.11608	1.11754	1.12871	1.14409	1.10513	1.1031	1.11863	1.10623	1.11798	1.10542	1.11437	1.11775	1.11517	1.11686	1.11379	1.11303
ERR612359	0.967915	0.95691	1.00892	0.963545	0.963139	0.961752	0.994064	0.980388	1.01388	0.997477	0.995464	0.971456	1.0079	0.986473	0.985222	0.985083	0.98614	1.00096	1.11386	1.09934	1.11513	1.111	1.09752	1.11358	1.082	1.07773	1.05757	1.07663	1.05919	1.07627	0.975202	0.977814	0.969583	0.999128	0.997412	0.967928	1.01779	1.01879	1.02069	0.977692	0.986814	0.980862	0	0.775139	0.776637	0.787725	0.774646	0.787163	0.972142	0.970642	0.973557	0.950178	0.956305	0.943711	0.987478	0.999147	1.00951	0.983685	0.98757	0.984661	1.09037	1.10046	1.12443	1.09906	1.10603	1.10216	1.09007	1.07839	1.09722	1.07759	1.08896	1.07791	1.1139	1.12614	1.12691	1.12469	1.10809	1.10551	1.10011	1.09409	1.09233	1.09378	1.10581	1.12964	1.09907	1.09775	1.11382	1.09849	1.11144	1.09733	1.10697	1.11329	1.10754	1.11116	1.10781	1.10498
ERR612363	0.95425	0.943294	0.995651	0.949489	0.948734	0.947897	0.981793	0.966884	1.00051	0.985224	0.983312	0.958049	0.996029	0.973973	0.972316	0.971295	0.973647	0.988649	1.1057	1.0918	1.10702	1.10366	1.08999	1.10545	1.06987	1.06738	1.04633	1.06579	1.04765	1.0653	0.9621	0.964537	0.956107	0.988465	0.986847	0.954524	1.00781	1.00896	1.01042	0.965478	0.974682	0.967681	0.775139	0	0.759983	0.781026	0.75772	0.780486	0.956756	0.955444	0.958179	0.934973	0.940899	0.928351	0.973973	0.985149	0.996037	0.968695	0.973737	0.970141	1.08015	1.09129	1.11515	1.08893	1.09657	1.09288	1.08161	1.0701	1.08839	1.06922	1.08078	1.06951	1.10523	1.11704	1.11747	1.11527	1.09965	1.09696	1.09248	1.08618	1.08417	1.08557	1.09857	1.12169	1.08882	1.08761	1.10445	1.08919	1.10192	1.08789	1.09773	1.10402	1.09877	1.10239	1.09895	1.09584
ERR612364	0.954595	0.943821	0.996375	0.95013	0.949049	0.948508	0.98198	0.967493	1.00106	0.985624	0.983308	0.958336	0.996448	0.974173	0.972582	0.97171	0.974052	0.98901	1.10651	1.09229	1.10751	1.10419	1.09047	1.10577	1.07013	1.06742	1.04651	1.06581	1.0479	1.06559	0.962937	0.965042	0.956719	0.988568	0.987039	0.95485	1.00788	1.00903	1.01025	0.965365	0.975051	0.967963	0.776637	0.759983	0	0.781845	0.759636	0.781809	0.957056	0.955372	0.958047	0.934914	0.941116	0.928287	0.973717	0.985495	0.995895	0.969054	0.973947	0.970211	1.08073	1.09202	1.11574	1.08993	1.09698	1.0934	1.08293	1.07112	1.0896	1.07013	1.08192	1.0706	1.10603	1.11779	1.11816	1.11611	1.10051	1.09781	1.09359	1.08709	1.0855	1.08652	1.09924	1.12269	1.09031	1.08882	1.10563	1.09001	1.10299	1.08921	1.09913	1.10527	1.09974	1.10327	1.10019	1.0971
ERR612361	0.970303	0.959612	1.0106	0.965517	0.965137	0.964036	0.995704	0.982506	1.01535	0.99955	0.997167	0.97385	1.00977	0.98831	0.987518	0.986525	0.98815	1.00269	1.11549	1.10112	1.11656	1.11264	1.09942	1.11498	1.08391	1.08007	1.06014	1.07879	1.06165	1.07848	0.977253	0.97975	0.971569	1.00081	0.999077	0.969772	1.01986	1.02085	1.02236	0.980106	0.989493	0.983014	0.787725	0.781026	0.781845	0	0.780222	0.792146	0.974185	0.972735	0.975325	0.952392	0.958605	0.946502	0.989512	1.00092	1.01091	0.985736	0.989603	0.986727	1.09129	1.10123	1.12525	1.10006	1.10693	1.10314	1.09191	1.08047	1.09888	1.07956	1.09097	1.08024	1.11555	1.12753	1.12822	1.12605	1.10991	1.10744	1.10187	1.09607	1.09434	1.09551	1.10773	1.13075	1.10034	1.09936	1.11529	1.1	1.11285	1.09908	1.10857	1.11435	1.10895	1.11254	1.10938	1.10635
ERR612362	0.955596	0.944783	0.997244	0.951002	0.949903	0.949216	0.98278	0.968204	1.00217	0.986538	0.984104	0.959138	0.997379	0.975311	0.973397	0.972671	0.974746	0.989836	1.10677	1.09248	1.10782	1.10428	1.09061	1.10594	1.07108	1.06793	1.04712	1.06687	1.04881	1.06625	0.963825	0.966049	0.957472	0.99001	0.987716	0.956013	1.00837	1.0094	1.01084	0.965899	0.975337	0.96863	0.774646	0.75772	0.759636	0.780222	0	0.779733	0.957562	0.956372	0.95911	0.935957	0.94224	0.929218	0.97503	0.98652	0.997029	0.970302	0.97489	0.971359	1.08171	1.09237	1.11658	1.09052	1.09783	1.09427	1.08272	1.07096	1.08972	1.07014	1.08199	1.07042	1.1062	1.1184	1.11876	1.1166	1.1007	1.098	1.09362	1.08687	1.08534	1.08653	1.09929	1.12292	1.09047	1.08926	1.10595	1.09048	1.10362	1.08963	1.09967	1.10575	1.10024	1.10377	1.10041	1.09735
ERR612360	0.972238	0.961624	1.01251	0.967811	0.967234	0.966452	0.998258	0.9845	1.01746	1.00139	0.999337	0.976118	1.01213	0.991134	0.989834	0.989328	0.990339	1.00542	1.11621	1.1019	1.11737	1.11326	1.09997	1.11557	1.0861	1.08193	1.06204	1.08057	1.06371	1.08037	0.979889	0.982234	0.974198	1.00297	1.00137	0.97261	1.02194	1.02263	1.02423	0.982164	0.991622	0.984922	0.787163	0.780486	0.781809	0.792146	0.779733	0	0.977033	0.975669	0.978235	0.954998	0.961525	0.948942	0.992036	1.00332	1.01373	0.98809	0.992005	0.989052	1.09284	1.10264	1.12646	1.10149	1.10847	1.10455	1.09238	1.08094	1.09951	1.08008	1.09136	1.08061	1.1162	1.12858	1.12905	1.12675	1.11057	1.10803	1.10236	1.09644	1.09471	1.09599	1.10813	1.13139	1.10118	1.1004	1.11587	1.10093	1.11361	1.09996	1.10904	1.11513	1.10987	1.1134	1.11014	1.10702
