	ERR618451	ERR618452	ERR618448	ERR618447	ERR618449	ERR618450	ERR612595	ERR612598	ERR612596	ERR612597	ERR612600	ERR612599	ERR613108	ERR613109	ERR613111	ERR613112	ERR613110	ERR613107	ERR636724	ERR636725	ERR636721	ERR636726	ERR636722	ERR636723	ERR608963	ERR608961	ERR608965	ERR608966	ERR608964	ERR608962	ERR636781	ERR636786	ERR636784	ERR636783	ERR636785	ERR636782	ERR613356	ERR613354	ERR613355	ERR613353	ERR613358	ERR613357	ERR605682	ERR605679	ERR605680	ERR605681	ERR605677	ERR605678	ERR614539	ERR614541	ERR614540	ERR614537	ERR614538	ERR614542	ERR611351	ERR611350	ERR611352	ERR611348	ERR611349	ERR611347	ERR616786	ERR616781	ERR616782	ERR616783	ERR616785	ERR616784	ERR614999	ERR614998	ERR614996	ERR614995	ERR614994	ERR614997	ERR612533	ERR612531	ERR612532	ERR612534	ERR612530	ERR612529	ERR612856	ERR612858	ERR612859	ERR612857	ERR612860	ERR612855	ERR612289	ERR612288	ERR612287	ERR612290	ERR612292	ERR612291	ERR613788	ERR613791	ERR613790	ERR613793	ERR613792	ERR613789
ERR618451	7.09789e+09	6.90985e+09	6.20371e+09	6.99392e+09	6.61797e+09	6.73344e+09	6.79053e+09	5.8965e+09	5.54927e+09	6.46412e+09	5.844e+09	5.91247e+09	6.92934e+09	6.91081e+09	5.06419e+09	4.95913e+09	4.83267e+09	7.30421e+09	7.37771e+09	7.39403e+09	6.88459e+09	7.44996e+09	7.18313e+09	7.19016e+09	7.12664e+09	5.28324e+09	5.87571e+09	5.79933e+09	5.94015e+09	6.76532e+09	6.28545e+09	6.86246e+09	6.87413e+09	6.77378e+09	6.87576e+09	6.82386e+09	5.90877e+09	6.06833e+09	6.50542e+09	6.89254e+09	5.03949e+09	6.0294e+09	4.55877e+09	4.5532e+09	4.48844e+09	4.61819e+09	4.92988e+09	4.62017e+09	5.55319e+09	6.95141e+09	6.93013e+09	5.64833e+09	5.7479e+09	6.68493e+09	7.12867e+09	6.79488e+09	7.13465e+09	6.8502e+09	7.08598e+09	6.9655e+09	6.62989e+09	6.79737e+09	6.98113e+09	7.14575e+09	6.60121e+09	6.63728e+09	6.85499e+09	6.74392e+09	5.96799e+09	6.12359e+09	5.98675e+09	6.77464e+09	6.43641e+09	6.98494e+09	6.43368e+09	6.39968e+09	6.07443e+09	7.29938e+09	5.14083e+09	5.48692e+09	5.23684e+09	6.35849e+09	5.36905e+09	6.73684e+09	4.82065e+09	4.87322e+09	5.42358e+09	6.70663e+09	6.95631e+09	6.67861e+09	7.29174e+09	6.80426e+09	5.95684e+09	6.83776e+09	6.83006e+09	6.91104e+09
ERR618452	6.90985e+09	7.18834e+09	6.24027e+09	7.03788e+09	6.65902e+09	6.77497e+09	6.83229e+09	5.92979e+09	5.58039e+09	6.503e+09	5.87718e+09	5.94591e+09	6.97405e+09	6.95536e+09	5.09329e+09	4.98752e+09	4.86013e+09	7.35195e+09	7.42579e+09	7.44228e+09	6.9285e+09	7.49876e+09	7.22946e+09	7.23646e+09	7.1725e+09	5.3141e+09	5.90973e+09	5.83299e+09	5.97454e+09	6.80775e+09	6.32269e+09	6.90589e+09	6.91772e+09	6.81642e+09	6.91958e+09	6.8658e+09	5.94211e+09	6.10412e+09	6.54391e+09	6.93607e+09	5.06699e+09	6.06421e+09	4.58174e+09	4.57684e+09	4.51066e+09	4.64171e+09	4.95584e+09	4.64405e+09	5.58567e+09	6.99686e+09	6.97605e+09	5.68253e+09	5.78285e+09	6.72805e+09	7.17751e+09	6.84118e+09	7.18388e+09	6.89707e+09	7.13469e+09	7.01342e+09	6.67404e+09	6.84251e+09	7.0276e+09	7.19358e+09	6.64451e+09	6.68068e+09	6.89926e+09	6.78785e+09	6.00417e+09	6.16109e+09	6.02359e+09	6.81847e+09	6.47909e+09	7.03194e+09	6.47522e+09	6.44131e+09	6.11428e+09	7.34981e+09	5.17175e+09	5.52058e+09	5.26879e+09	6.40008e+09	5.40208e+09	6.78218e+09	4.84686e+09	4.89947e+09	5.45379e+09	6.74697e+09	6.99934e+09	6.71966e+09	7.3407e+09	6.84833e+09	5.99347e+09	6.88182e+09	6.87358e+09	6.95587e+09
ERR618448	6.20371e+09	6.24027e+09	5.85222e+09	6.32687e+09	6.00488e+09	6.08811e+09	6.0993e+09	5.33486e+09	5.04024e+09	5.83042e+09	5.28886e+09	5.35025e+09	6.28245e+09	6.26594e+09	4.65096e+09	4.55886e+09	4.44417e+09	6.59812e+09	6.67448e+09	6.68818e+09	6.25174e+09	6.73506e+09	6.50356e+09	6.51485e+09	6.44853e+09	4.8531e+09	5.36058e+09	5.29404e+09	5.41696e+09	6.14239e+09	5.72299e+09	6.22974e+09	6.23939e+09	6.15128e+09	6.24042e+09	6.18683e+09	5.37358e+09	5.52447e+09	5.90235e+09	6.23185e+09	4.62457e+09	5.47837e+09	4.17006e+09	4.15751e+09	4.0942e+09	4.22376e+09	4.48351e+09	4.21597e+09	5.06446e+09	6.28099e+09	6.26397e+09	5.15081e+09	5.23712e+09	6.06329e+09	6.45615e+09	6.18083e+09	6.46081e+09	6.21118e+09	6.41167e+09	6.31156e+09	6.03947e+09	6.18304e+09	6.33191e+09	6.4724e+09	6.01463e+09	6.04582e+09	6.19732e+09	6.10216e+09	5.42695e+09	5.56667e+09	5.44932e+09	6.1277e+09	5.83625e+09	6.31739e+09	5.83126e+09	5.80255e+09	5.52237e+09	6.57839e+09	4.70266e+09	4.99751e+09	4.77935e+09	5.76974e+09	4.8949e+09	6.09414e+09	4.33901e+09	4.38458e+09	4.85749e+09	5.99707e+09	6.21358e+09	5.97513e+09	6.5829e+09	6.15756e+09	5.43303e+09	6.18719e+09	6.1801e+09	6.25524e+09
ERR618447	6.99392e+09	7.03788e+09	6.32687e+09	7.37565e+09	6.7496e+09	6.85602e+09	6.89508e+09	5.98073e+09	5.6295e+09	6.56615e+09	5.92636e+09	5.99738e+09	7.08189e+09	7.06245e+09	5.16326e+09	5.05713e+09	4.92464e+09	7.46322e+09	7.54446e+09	7.56127e+09	7.0402e+09	7.61842e+09	7.34356e+09	7.3533e+09	7.28323e+09	5.39769e+09	5.99441e+09	5.91605e+09	6.0615e+09	6.91563e+09	6.41736e+09	7.01365e+09	7.02562e+09	6.92233e+09	7.02781e+09	6.96835e+09	6.01446e+09	6.18671e+09	6.63512e+09	7.03139e+09	5.13044e+09	6.13883e+09	4.62154e+09	4.61252e+09	4.54234e+09	4.68303e+09	4.99404e+09	4.68076e+09	5.66041e+09	7.09932e+09	7.07784e+09	5.75981e+09	5.86195e+09	6.83323e+09	7.2997e+09	6.96568e+09	7.30507e+09	7.01277e+09	7.25197e+09	7.13091e+09	6.79533e+09	6.96734e+09	7.14818e+09	7.31639e+09	6.76608e+09	6.80289e+09	6.99876e+09	6.88518e+09	6.08569e+09	6.24774e+09	6.10771e+09	6.91523e+09	6.57436e+09	7.14162e+09	6.56948e+09	6.53461e+09	6.2044e+09	7.45778e+09	5.24155e+09	5.59034e+09	5.33499e+09	6.49324e+09	5.46988e+09	6.88082e+09	4.87183e+09	4.92464e+09	5.48286e+09	6.80968e+09	7.06591e+09	6.78177e+09	7.45663e+09	6.95267e+09	6.08843e+09	6.98693e+09	6.97846e+09	7.06571e+09
ERR618449	6.61797e+09	6.65902e+09	6.00488e+09	6.7496e+09	6.61578e+09	6.49127e+09	6.52245e+09	5.67982e+09	5.35535e+09	6.22221e+09	5.62991e+09	5.6962e+09	6.69614e+09	6.67843e+09	4.9173e+09	4.81754e+09	4.69431e+09	7.04609e+09	7.12369e+09	7.13876e+09	6.658e+09	7.1913e+09	6.93654e+09	6.94679e+09	6.88043e+09	5.13576e+09	5.68977e+09	5.61725e+09	5.75119e+09	6.54253e+09	6.08335e+09	6.63582e+09	6.64658e+09	6.55054e+09	6.64826e+09	6.5916e+09	5.70804e+09	5.86912e+09	6.28342e+09	6.64733e+09	4.88905e+09	5.82275e+09	4.41112e+09	4.4011e+09	4.33444e+09	4.4683e+09	4.75637e+09	4.46414e+09	5.37419e+09	6.70557e+09	6.68689e+09	5.46804e+09	5.56269e+09	6.4626e+09	6.88721e+09	6.57993e+09	6.89227e+09	6.61956e+09	6.84051e+09	6.72953e+09	6.42537e+09	6.58322e+09	6.75006e+09	6.90476e+09	6.39791e+09	6.4324e+09	6.61403e+09	6.50937e+09	5.76942e+09	5.92029e+09	5.79169e+09	6.53697e+09	6.21668e+09	6.74209e+09	6.21212e+09	6.18026e+09	5.87405e+09	7.03261e+09	4.98272e+09	5.30636e+09	5.06863e+09	6.14477e+09	5.19406e+09	6.50224e+09	4.62015e+09	4.66913e+09	5.18656e+09	6.41772e+09	6.65447e+09	6.39285e+09	7.03264e+09	6.56669e+09	5.77033e+09	6.5991e+09	6.59127e+09	6.67208e+09
ERR618450	6.73344e+09	6.77497e+09	6.08811e+09	6.85602e+09	6.49127e+09	6.8269e+09	6.65624e+09	5.78785e+09	5.45061e+09	6.33949e+09	5.73699e+09	5.80312e+09	6.79257e+09	6.77469e+09	4.97764e+09	4.8748e+09	4.75142e+09	7.15586e+09	7.22655e+09	7.24263e+09	6.74929e+09	7.29712e+09	7.03844e+09	7.0453e+09	6.98242e+09	5.18819e+09	5.76644e+09	5.69228e+09	5.82884e+09	6.63175e+09	6.16693e+09	6.72714e+09	6.7387e+09	6.64189e+09	6.74092e+09	6.68985e+09	5.80218e+09	5.95661e+09	6.38046e+09	6.75769e+09	4.95408e+09	5.9189e+09	4.4829e+09	4.47807e+09	4.41401e+09	4.54067e+09	4.84449e+09	4.54299e+09	5.45245e+09	6.81274e+09	6.79294e+09	5.54602e+09	5.64307e+09	6.55359e+09	6.98409e+09	6.65982e+09	6.99056e+09	6.71462e+09	6.94333e+09	6.82665e+09	6.50036e+09	6.66247e+09	6.8415e+09	7.00098e+09	6.47227e+09	6.50675e+09	6.71833e+09	6.61075e+09	5.85613e+09	6.00787e+09	5.87449e+09	6.64036e+09	6.31262e+09	6.84551e+09	6.30957e+09	6.27727e+09	5.96075e+09	7.15056e+09	5.05037e+09	5.38809e+09	5.1447e+09	6.23705e+09	5.27363e+09	6.60508e+09	4.73697e+09	4.78802e+09	5.32424e+09	6.574e+09	6.81674e+09	6.5472e+09	7.14326e+09	6.66991e+09	5.84525e+09	6.70191e+09	6.69478e+09	6.7734e+09
ERR612595	6.79053e+09	6.83229e+09	6.0993e+09	6.89508e+09	6.52245e+09	6.65624e+09	7.56692e+09	6.30908e+09	5.92322e+09	6.92188e+09	6.25353e+09	6.32392e+09	6.93781e+09	6.92056e+09	5.06622e+09	4.9553e+09	4.83649e+09	7.34218e+09	7.24256e+09	7.26197e+09	6.6993e+09	7.32513e+09	7.03355e+09	7.03431e+09	6.99026e+09	5.12281e+09	5.74687e+09	5.67028e+09	5.8085e+09	6.6068e+09	6.12002e+09	6.68205e+09	6.69874e+09	6.60228e+09	6.70415e+09	6.67037e+09	6.05926e+09	6.1926e+09	6.64538e+09	7.05609e+09	5.14115e+09	6.17956e+09	4.83748e+09	4.84056e+09	4.77969e+09	4.89955e+09	5.25608e+09	4.91603e+09	5.60379e+09	6.9956e+09	6.9714e+09	5.69274e+09	5.79473e+09	6.69906e+09	7.01008e+09	6.62259e+09	7.01795e+09	6.7079e+09	6.97214e+09	6.83329e+09	6.47122e+09	6.64475e+09	6.85929e+09	7.04133e+09	6.43815e+09	6.47858e+09	6.96137e+09	6.84803e+09	6.07314e+09	6.21775e+09	6.0785e+09	6.88278e+09	6.4688e+09	7.016e+09	6.47296e+09	6.43701e+09	6.1029e+09	7.36937e+09	5.18864e+09	5.56027e+09	5.30601e+09	6.39932e+09	5.4395e+09	6.78622e+09	5.12558e+09	5.18093e+09	5.78103e+09	7.02304e+09	7.28567e+09	6.98745e+09	7.27528e+09	6.79031e+09	5.91375e+09	6.81972e+09	6.81494e+09	6.88129e+09
ERR612598	5.8965e+09	5.92979e+09	5.33486e+09	5.98073e+09	5.67982e+09	5.78785e+09	6.30908e+09	5.74013e+09	5.20677e+09	6.01147e+09	5.47845e+09	5.53652e+09	6.01536e+09	6.00212e+09	4.47407e+09	4.37947e+09	4.28028e+09	6.34006e+09	6.25633e+09	6.27153e+09	5.81542e+09	6.32289e+09	6.08711e+09	6.08922e+09	6.04304e+09	4.50142e+09	5.02935e+09	4.9656e+09	5.07974e+09	5.73225e+09	5.34434e+09	5.80367e+09	5.81731e+09	5.73995e+09	5.82184e+09	5.79367e+09	5.30828e+09	5.41499e+09	5.78389e+09	6.11304e+09	4.5441e+09	5.40632e+09	4.29565e+09	4.29553e+09	4.24482e+09	4.34679e+09	4.64544e+09	4.36099e+09	4.90909e+09	6.04231e+09	6.02299e+09	4.98225e+09	5.0656e+09	5.80467e+09	6.05085e+09	5.73472e+09	6.05793e+09	5.80343e+09	6.01795e+09	5.90645e+09	5.61468e+09	5.75503e+09	5.93044e+09	6.07878e+09	5.58753e+09	5.61975e+09	6.01847e+09	5.92794e+09	5.29899e+09	5.4169e+09	5.30288e+09	5.95613e+09	5.6185e+09	6.06319e+09	5.62182e+09	5.59265e+09	5.31731e+09	6.34554e+09	4.56324e+09	4.87325e+09	4.66259e+09	5.55995e+09	4.77276e+09	5.87338e+09	4.49945e+09	4.54477e+09	5.03655e+09	6.06078e+09	6.27251e+09	6.03252e+09	6.26728e+09	5.87633e+09	5.15989e+09	5.89951e+09	5.89638e+09	5.94946e+09
ERR612596	5.54927e+09	5.58039e+09	5.04024e+09	5.6295e+09	5.35535e+09	5.45061e+09	5.92322e+09	5.20677e+09	5.11672e+09	5.65473e+09	5.16491e+09	5.21821e+09	5.66729e+09	5.6542e+09	4.24678e+09	4.15991e+09	4.06686e+09	5.96105e+09	5.88552e+09	5.8994e+09	5.48359e+09	5.9459e+09	5.73036e+09	5.73288e+09	5.68728e+09	4.26959e+09	4.75636e+09	4.69707e+09	4.80244e+09	5.40382e+09	5.04967e+09	5.47171e+09	5.48343e+09	5.41268e+09	5.48764e+09	5.46043e+09	5.01467e+09	5.11639e+09	5.45273e+09	5.75216e+09	4.31247e+09	5.1046e+09	4.07605e+09	4.07523e+09	4.02694e+09	4.12386e+09	4.39791e+09	4.13592e+09	4.63876e+09	5.6784e+09	5.66165e+09	4.70674e+09	4.78309e+09	5.46364e+09	5.6912e+09	5.40398e+09	5.69735e+09	5.46375e+09	5.65942e+09	5.55838e+09	5.29375e+09	5.42298e+09	5.58221e+09	5.71767e+09	5.2684e+09	5.2979e+09	5.65837e+09	5.5758e+09	4.99911e+09	5.1077e+09	5.00349e+09	5.60066e+09	5.29276e+09	5.70183e+09	5.29517e+09	5.26855e+09	5.01772e+09	5.95765e+09	4.32114e+09	4.60449e+09	4.41056e+09	5.23905e+09	4.51172e+09	5.52585e+09	4.23765e+09	4.2798e+09	4.72908e+09	5.6759e+09	5.86933e+09	5.65124e+09	5.88632e+09	5.52752e+09	4.87204e+09	5.54932e+09	5.5458e+09	5.59575e+09
ERR612597	6.46412e+09	6.503e+09	5.83042e+09	6.56615e+09	6.22221e+09	6.33949e+09	6.92188e+09	6.01147e+09	5.65473e+09	6.82576e+09	5.95848e+09	6.02603e+09	6.61274e+09	6.59669e+09	4.86178e+09	4.75719e+09	4.64446e+09	6.98188e+09	6.8943e+09	6.91223e+09	6.3896e+09	6.96994e+09	6.69618e+09	6.70217e+09	6.65407e+09	4.91701e+09	5.49569e+09	5.42433e+09	5.55424e+09	6.30205e+09	5.84583e+09	6.37256e+09	6.3878e+09	6.29817e+09	6.39253e+09	6.35555e+09	5.78722e+09	5.91762e+09	6.34022e+09	6.71573e+09	4.93299e+09	5.89934e+09	4.63706e+09	4.63378e+09	4.57392e+09	4.69623e+09	5.02256e+09	4.70618e+09	5.35322e+09	6.64838e+09	6.62719e+09	5.43783e+09	5.53236e+09	6.38438e+09	6.67118e+09	6.31914e+09	6.6781e+09	6.38468e+09	6.62802e+09	6.50228e+09	6.18037e+09	6.33937e+09	6.53296e+09	6.70195e+09	6.14993e+09	6.18766e+09	6.62093e+09	6.51667e+09	5.7952e+09	5.93196e+09	5.80304e+09	6.54799e+09	6.16104e+09	6.67389e+09	6.16334e+09	6.13019e+09	5.82044e+09	6.992e+09	4.9643e+09	5.30801e+09	5.0709e+09	6.0964e+09	5.19485e+09	6.45204e+09	4.85996e+09	4.91014e+09	5.46209e+09	6.63385e+09	6.87678e+09	6.60231e+09	6.90972e+09	6.45865e+09	5.65113e+09	6.48639e+09	6.48191e+09	6.54667e+09
ERR612600	5.844e+09	5.87718e+09	5.28886e+09	5.92636e+09	5.62991e+09	5.73699e+09	6.25353e+09	5.47845e+09	5.16491e+09	5.95848e+09	5.64599e+09	5.49011e+09	5.96019e+09	5.94719e+09	4.43738e+09	4.34422e+09	4.24581e+09	6.28044e+09	6.19815e+09	6.2141e+09	5.76362e+09	6.26367e+09	6.03167e+09	6.03356e+09	5.98867e+09	4.46432e+09	4.98671e+09	4.92477e+09	5.03751e+09	5.68166e+09	5.29933e+09	5.75261e+09	5.76579e+09	5.6894e+09	5.77007e+09	5.74311e+09	5.26366e+09	5.36811e+09	5.73203e+09	6.05721e+09	4.50764e+09	5.36014e+09	4.26186e+09	4.26294e+09	4.21285e+09	4.31309e+09	4.60883e+09	4.32756e+09	4.86625e+09	5.98522e+09	5.96635e+09	4.93837e+09	5.02048e+09	5.7496e+09	5.99277e+09	5.67951e+09	5.9991e+09	5.74834e+09	5.96056e+09	5.84965e+09	5.56075e+09	5.69899e+09	5.87304e+09	6.01946e+09	5.53389e+09	5.56521e+09	5.96144e+09	5.87222e+09	5.25086e+09	5.36702e+09	5.25431e+09	5.89947e+09	5.56684e+09	6.00588e+09	5.57051e+09	5.54194e+09	5.2702e+09	6.28537e+09	4.52486e+09	4.8315e+09	4.62344e+09	5.50968e+09	4.73206e+09	5.81852e+09	4.4648e+09	4.50976e+09	4.99554e+09	6.00468e+09	6.21314e+09	5.97691e+09	6.20718e+09	5.82141e+09	5.11272e+09	5.84439e+09	5.84075e+09	5.89326e+09
ERR612599	5.91247e+09	5.94591e+09	5.35025e+09	5.99738e+09	5.6962e+09	5.80312e+09	6.32392e+09	5.53652e+09	5.21821e+09	6.02603e+09	5.49011e+09	5.76087e+09	6.03683e+09	6.02343e+09	4.48929e+09	4.39467e+09	4.29457e+09	6.36122e+09	6.27883e+09	6.29424e+09	5.83667e+09	6.3454e+09	6.10817e+09	6.11067e+09	6.0643e+09	4.51878e+09	5.0461e+09	4.98278e+09	5.09717e+09	5.75325e+09	5.36242e+09	5.82393e+09	5.83759e+09	5.75918e+09	5.84171e+09	5.81257e+09	5.32396e+09	5.43274e+09	5.80254e+09	6.13241e+09	4.55832e+09	5.42238e+09	4.30297e+09	4.30249e+09	4.251e+09	4.35485e+09	4.65253e+09	4.36785e+09	4.92043e+09	6.05771e+09	6.03915e+09	4.99392e+09	5.07733e+09	5.82118e+09	6.07074e+09	5.75471e+09	6.07751e+09	5.82171e+09	6.0366e+09	5.92487e+09	5.63332e+09	5.77365e+09	5.94872e+09	6.09756e+09	5.60615e+09	5.6385e+09	6.0329e+09	5.94238e+09	5.31086e+09	5.42917e+09	5.31526e+09	5.9702e+09	5.63355e+09	6.08113e+09	5.63746e+09	5.60759e+09	5.33205e+09	6.36349e+09	4.57461e+09	4.88401e+09	4.67296e+09	5.57504e+09	4.78332e+09	5.88949e+09	4.50168e+09	4.54682e+09	5.03884e+09	6.06954e+09	6.28153e+09	6.04141e+09	6.28449e+09	5.89181e+09	5.17418e+09	5.91584e+09	5.91177e+09	5.9657e+09
ERR613108	6.92934e+09	6.97405e+09	6.28245e+09	7.08189e+09	6.69614e+09	6.79257e+09	6.93781e+09	6.01536e+09	5.66729e+09	6.61274e+09	5.96019e+09	6.03683e+09	7.71723e+09	7.45912e+09	5.44145e+09	5.32988e+09	5.1854e+09	7.87362e+09	7.69485e+09	7.71033e+09	7.20503e+09	7.76358e+09	7.49755e+09	7.51079e+09	7.35919e+09	5.46473e+09	6.04683e+09	5.96888e+09	6.11702e+09	6.99531e+09	6.51831e+09	7.13008e+09	7.14019e+09	7.03478e+09	7.14223e+09	7.07319e+09	6.24168e+09	6.43861e+09	6.90534e+09	7.31497e+09	5.33513e+09	6.37228e+09	4.69021e+09	4.67585e+09	4.59878e+09	4.75375e+09	5.05549e+09	4.74119e+09	5.84052e+09	7.31962e+09	7.29925e+09	5.94648e+09	6.0501e+09	7.0574e+09	7.62202e+09	7.30299e+09	7.62654e+09	7.33819e+09	7.57155e+09	7.45405e+09	7.11907e+09	7.29149e+09	7.46466e+09	7.63293e+09	7.09085e+09	7.12755e+09	7.16138e+09	7.04488e+09	6.2278e+09	6.3979e+09	6.2573e+09	7.07379e+09	6.91297e+09	7.50167e+09	6.90429e+09	6.86828e+09	6.53137e+09	7.81676e+09	5.5006e+09	5.84893e+09	5.58566e+09	6.80299e+09	5.7256e+09	7.20333e+09	4.97536e+09	5.0296e+09	5.59371e+09	7.00686e+09	7.27301e+09	6.98009e+09	7.70714e+09	7.18511e+09	6.30809e+09	7.22086e+09	7.21224e+09	7.30776e+09
ERR613109	6.91081e+09	6.95536e+09	6.26594e+09	7.06245e+09	6.67843e+09	6.77469e+09	6.92056e+09	6.00212e+09	5.6542e+09	6.59669e+09	5.94719e+09	6.02343e+09	7.45912e+09	7.66932e+09	5.42772e+09	5.3159e+09	5.17278e+09	7.8474e+09	7.66881e+09	7.68446e+09	7.18202e+09	7.73723e+09	7.47211e+09	7.48537e+09	7.33594e+09	5.4482e+09	6.02951e+09	5.95166e+09	6.09926e+09	6.97293e+09	6.49826e+09	7.1064e+09	7.11677e+09	7.01187e+09	7.11886e+09	7.05027e+09	6.22794e+09	6.42155e+09	6.88858e+09	7.29572e+09	5.32342e+09	6.35692e+09	4.68245e+09	4.66741e+09	4.59143e+09	4.74561e+09	5.04667e+09	4.73322e+09	5.8262e+09	7.2999e+09	7.27916e+09	5.93212e+09	6.0348e+09	7.03944e+09	7.59808e+09	7.27974e+09	7.60299e+09	7.31493e+09	7.54752e+09	7.43091e+09	7.09663e+09	7.26746e+09	7.44077e+09	7.60858e+09	7.06853e+09	7.10521e+09	7.14268e+09	7.0266e+09	6.21311e+09	6.38207e+09	6.24134e+09	7.05547e+09	6.89576e+09	7.48223e+09	6.88628e+09	6.85117e+09	6.51373e+09	7.7945e+09	5.48703e+09	5.83621e+09	5.57308e+09	6.78515e+09	5.71209e+09	7.18355e+09	4.96913e+09	5.02283e+09	5.58607e+09	6.99402e+09	7.25857e+09	6.96669e+09	7.68423e+09	7.16446e+09	6.29066e+09	7.20079e+09	7.19105e+09	7.28674e+09
ERR613111	5.06419e+09	5.09329e+09	4.65096e+09	5.16326e+09	4.9173e+09	4.97764e+09	5.06622e+09	4.47407e+09	4.24678e+09	4.86178e+09	4.43738e+09	4.48929e+09	5.44145e+09	5.42772e+09	4.28916e+09	4.06456e+09	3.96679e+09	5.68203e+09	5.55246e+09	5.56226e+09	5.24492e+09	5.59553e+09	5.42678e+09	5.43656e+09	5.31912e+09	4.08624e+09	4.47526e+09	4.42415e+09	4.52054e+09	5.08831e+09	4.80166e+09	5.19045e+09	5.19701e+09	5.13003e+09	5.19814e+09	5.15274e+09	4.65363e+09	4.78164e+09	5.07951e+09	5.33527e+09	4.06464e+09	4.73753e+09	3.57587e+09	3.56124e+09	3.50635e+09	3.61929e+09	3.81524e+09	3.60552e+09	4.35258e+09	5.30681e+09	5.29485e+09	4.4225e+09	4.48918e+09	5.14272e+09	5.49936e+09	5.2991e+09	5.5028e+09	5.31781e+09	5.46461e+09	5.39137e+09	5.18779e+09	5.2948e+09	5.40391e+09	5.50831e+09	5.16912e+09	5.19193e+09	5.19759e+09	5.1227e+09	4.59484e+09	4.70655e+09	4.6158e+09	5.14143e+09	5.06725e+09	5.4382e+09	5.06078e+09	5.03825e+09	4.82218e+09	5.63334e+09	4.14726e+09	4.37597e+09	4.20233e+09	4.99645e+09	4.29479e+09	5.24867e+09	3.74448e+09	3.78078e+09	4.15749e+09	5.10292e+09	5.27328e+09	5.08632e+09	5.55174e+09	5.22233e+09	4.65895e+09	5.24527e+09	5.23856e+09	5.30032e+09
ERR613112	4.95913e+09	4.98752e+09	4.55886e+09	5.05713e+09	4.81754e+09	4.8748e+09	4.9553e+09	4.37947e+09	4.15991e+09	4.75719e+09	4.34422e+09	4.39467e+09	5.32988e+09	5.3159e+09	4.06456e+09	4.1366e+09	3.89555e+09	5.56286e+09	5.43895e+09	5.44823e+09	5.14085e+09	5.48038e+09	5.3168e+09	5.32644e+09	5.21129e+09	4.01344e+09	4.38996e+09	4.34022e+09	4.4336e+09	4.98727e+09	4.70828e+09	5.08671e+09	5.09333e+09	5.02834e+09	5.09442e+09	5.04929e+09	4.55843e+09	4.68451e+09	4.97375e+09	5.22193e+09	3.98841e+09	4.6404e+09	3.50449e+09	3.48941e+09	3.43553e+09	3.54722e+09	3.73572e+09	3.53258e+09	4.26456e+09	5.19388e+09	5.1824e+09	4.33302e+09	4.39794e+09	5.03515e+09	5.38509e+09	5.19207e+09	5.38828e+09	5.20879e+09	5.35104e+09	5.27993e+09	5.0839e+09	5.18794e+09	5.29249e+09	5.39365e+09	5.06612e+09	5.08838e+09	5.08667e+09	5.01429e+09	4.50043e+09	4.61008e+09	4.52148e+09	5.03231e+09	4.96293e+09	5.32402e+09	4.95635e+09	4.93466e+09	4.72478e+09	5.51258e+09	4.06699e+09	4.28844e+09	4.11929e+09	4.89285e+09	4.20907e+09	5.13848e+09	3.66477e+09	3.70032e+09	4.06581e+09	4.98903e+09	5.15512e+09	4.97278e+09	5.43447e+09	5.1132e+09	4.56664e+09	5.13579e+09	5.12964e+09	5.18986e+09
ERR613110	4.83267e+09	4.86013e+09	4.44417e+09	4.92464e+09	4.69431e+09	4.75142e+09	4.83649e+09	4.28028e+09	4.06686e+09	4.64446e+09	4.24581e+09	4.29457e+09	5.1854e+09	5.17278e+09	3.96679e+09	3.89555e+09	3.94479e+09	5.41158e+09	5.28904e+09	5.29782e+09	5.00056e+09	5.32935e+09	5.17126e+09	5.17997e+09	5.06994e+09	3.91086e+09	4.27728e+09	4.22904e+09	4.31951e+09	4.85306e+09	4.58544e+09	4.94963e+09	4.95596e+09	4.893e+09	4.9569e+09	4.91484e+09	4.44716e+09	4.5664e+09	4.84576e+09	5.08569e+09	3.89473e+09	4.52579e+09	3.42915e+09	3.41587e+09	3.3642e+09	3.47011e+09	3.65564e+09	3.4577e+09	4.15944e+09	5.05637e+09	5.04485e+09	4.22534e+09	4.28862e+09	4.9007e+09	5.23421e+09	5.04524e+09	5.23786e+09	5.06455e+09	5.20253e+09	5.13329e+09	4.9416e+09	5.04235e+09	5.14549e+09	5.24337e+09	4.92348e+09	4.94527e+09	4.95234e+09	4.88256e+09	4.38678e+09	4.49151e+09	4.40557e+09	4.89986e+09	4.83214e+09	5.17981e+09	4.82659e+09	4.8052e+09	4.6023e+09	5.3636e+09	3.96817e+09	4.1838e+09	4.02085e+09	4.76533e+09	4.107e+09	5.00261e+09	3.58579e+09	3.62022e+09	3.97525e+09	4.86453e+09	5.02488e+09	4.84937e+09	5.2852e+09	4.97643e+09	4.44566e+09	4.99722e+09	4.99198e+09	5.04908e+09
ERR613107	7.30421e+09	7.35195e+09	6.59812e+09	7.46322e+09	7.04609e+09	7.15586e+09	7.34218e+09	6.34006e+09	5.96105e+09	6.98188e+09	6.28044e+09	6.36122e+09	7.87362e+09	7.8474e+09	5.68203e+09	5.56286e+09	5.41158e+09	8.56149e+09	8.11119e+09	8.12797e+09	7.57607e+09	8.18677e+09	7.89755e+09	7.90836e+09	7.75663e+09	5.71482e+09	6.34281e+09	6.25943e+09	6.41783e+09	7.35784e+09	6.83962e+09	7.49785e+09	7.50972e+09	7.3947e+09	7.51175e+09	7.44176e+09	6.55041e+09	6.75452e+09	7.25887e+09	7.70696e+09	5.57522e+09	6.69014e+09	4.92097e+09	4.91024e+09	4.83081e+09	4.98793e+09	5.31924e+09	4.98017e+09	6.13465e+09	7.7277e+09	7.70425e+09	6.24715e+09	6.35835e+09	7.43451e+09	8.03612e+09	7.68075e+09	8.04176e+09	7.72976e+09	7.98665e+09	7.85545e+09	7.47854e+09	7.6683e+09	7.86218e+09	8.04699e+09	7.44821e+09	7.48841e+09	7.56296e+09	7.43615e+09	6.55599e+09	6.73679e+09	6.58435e+09	7.46791e+09	7.273e+09	7.90937e+09	7.26481e+09	7.22602e+09	6.85974e+09	8.25984e+09	5.76072e+09	6.13943e+09	5.85674e+09	7.15748e+09	6.00695e+09	7.59319e+09	5.25175e+09	5.30996e+09	5.92163e+09	7.42241e+09	7.71011e+09	7.39186e+09	8.13858e+09	7.57425e+09	6.62127e+09	7.61245e+09	7.60322e+09	7.70398e+09
ERR636724	7.37771e+09	7.42579e+09	6.67448e+09	7.54446e+09	7.12369e+09	7.22655e+09	7.24256e+09	6.25633e+09	5.88552e+09	6.8943e+09	6.19815e+09	6.27883e+09	7.69485e+09	7.66881e+09	5.55246e+09	5.43895e+09	5.28904e+09	8.11119e+09	8.58696e+09	8.36699e+09	7.80027e+09	8.4255e+09	8.1273e+09	8.14177e+09	7.93246e+09	5.85182e+09	6.48024e+09	6.39418e+09	6.55652e+09	7.52997e+09	6.97412e+09	7.66219e+09	7.67312e+09	7.55154e+09	7.67332e+09	7.59163e+09	6.39755e+09	6.60646e+09	7.09935e+09	7.53463e+09	5.45212e+09	6.53672e+09	4.78801e+09	4.77413e+09	4.69468e+09	4.85305e+09	5.17102e+09	4.84219e+09	6.04314e+09	7.64061e+09	7.61767e+09	6.15769e+09	6.26968e+09	7.35898e+09	8.05128e+09	7.71003e+09	8.05655e+09	7.74606e+09	7.99832e+09	7.87281e+09	7.4788e+09	7.6742e+09	7.85692e+09	8.0386e+09	7.44982e+09	7.48998e+09	7.4799e+09	7.35152e+09	6.46758e+09	6.65412e+09	6.49991e+09	7.38395e+09	7.13116e+09	7.77289e+09	7.12094e+09	7.08326e+09	6.7215e+09	8.11303e+09	5.62905e+09	5.99434e+09	5.71559e+09	7.01804e+09	5.86372e+09	7.45034e+09	5.05115e+09	5.10673e+09	5.69832e+09	7.19045e+09	7.47331e+09	7.16287e+09	8.10503e+09	7.52859e+09	6.58174e+09	7.5702e+09	7.55842e+09	7.66607e+09
ERR636725	7.39403e+09	7.44228e+09	6.68818e+09	7.56127e+09	7.13876e+09	7.24263e+09	7.26197e+09	6.27153e+09	5.8994e+09	6.91223e+09	6.2141e+09	6.29424e+09	7.71033e+09	7.68446e+09	5.56226e+09	5.44823e+09	5.29782e+09	8.12797e+09	8.36699e+09	8.62295e+09	7.81536e+09	8.44353e+09	8.14358e+09	8.1584e+09	7.94994e+09	5.86297e+09	6.49372e+09	6.40732e+09	6.56956e+09	7.54619e+09	6.98756e+09	7.67752e+09	7.68896e+09	7.56659e+09	7.68885e+09	7.60722e+09	6.4114e+09	6.62031e+09	7.11512e+09	7.55249e+09	5.46307e+09	6.55057e+09	4.799e+09	4.78559e+09	4.70573e+09	4.86444e+09	5.18375e+09	4.85387e+09	6.05563e+09	7.65754e+09	7.63458e+09	6.1703e+09	6.28284e+09	7.37424e+09	8.06665e+09	7.72411e+09	8.07202e+09	7.76061e+09	8.01398e+09	7.88764e+09	7.49246e+09	7.68883e+09	7.87216e+09	8.05448e+09	7.46321e+09	7.50342e+09	7.49716e+09	7.36841e+09	6.48208e+09	6.6687e+09	6.5142e+09	7.40064e+09	7.14475e+09	7.78828e+09	7.13422e+09	7.09621e+09	6.73339e+09	8.12916e+09	5.63923e+09	6.00577e+09	5.72623e+09	7.03147e+09	5.87488e+09	7.46517e+09	5.0615e+09	5.11736e+09	5.71067e+09	7.20652e+09	7.49006e+09	7.17873e+09	8.12176e+09	7.54348e+09	6.59383e+09	7.58544e+09	7.57337e+09	7.68116e+09
ERR636721	6.88459e+09	6.9285e+09	6.25174e+09	7.0402e+09	6.658e+09	6.74929e+09	6.6993e+09	5.81542e+09	5.48359e+09	6.3896e+09	5.76362e+09	5.83667e+09	7.20503e+09	7.18202e+09	5.24492e+09	5.14085e+09	5.00056e+09	7.57607e+09	7.80027e+09	7.81536e+09	7.53546e+09	7.86586e+09	7.61449e+09	7.6259e+09	7.42647e+09	5.52564e+09	6.10358e+09	6.0235e+09	6.17364e+09	7.06604e+09	6.57583e+09	7.1991e+09	7.20901e+09	7.09977e+09	7.20854e+09	7.13448e+09	5.99544e+09	6.18742e+09	6.63518e+09	7.02675e+09	5.13126e+09	6.12168e+09	4.46789e+09	4.45547e+09	4.38181e+09	4.52727e+09	4.8144e+09	4.51735e+09	5.66356e+09	7.12268e+09	7.10282e+09	5.76919e+09	5.87055e+09	6.86969e+09	7.53461e+09	7.23425e+09	7.53926e+09	7.27066e+09	7.49061e+09	7.38092e+09	7.02679e+09	7.20242e+09	7.36478e+09	7.52421e+09	7.00088e+09	7.03605e+09	6.95283e+09	6.83676e+09	6.03261e+09	6.20365e+09	6.06327e+09	6.86517e+09	6.68673e+09	7.26946e+09	6.67635e+09	6.64114e+09	6.31189e+09	7.57123e+09	5.29844e+09	5.63203e+09	5.37606e+09	6.57672e+09	5.51198e+09	6.97054e+09	4.71671e+09	4.76783e+09	5.30452e+09	6.68354e+09	6.93892e+09	6.65877e+09	7.56507e+09	7.04276e+09	6.18061e+09	7.08148e+09	7.07009e+09	7.16988e+09
ERR636726	7.44996e+09	7.49876e+09	6.73506e+09	7.61842e+09	7.1913e+09	7.29712e+09	7.32513e+09	6.32289e+09	5.9459e+09	6.96994e+09	6.26367e+09	6.3454e+09	7.76358e+09	7.73723e+09	5.59553e+09	5.48038e+09	5.32935e+09	8.18677e+09	8.4255e+09	8.44353e+09	7.86586e+09	8.74669e+09	8.20004e+09	8.21447e+09	8.00499e+09	5.89725e+09	6.53397e+09	6.44625e+09	6.61058e+09	7.5959e+09	7.03099e+09	7.72758e+09	7.7388e+09	7.61571e+09	7.73899e+09	7.65717e+09	6.45668e+09	6.66689e+09	7.16657e+09	7.60896e+09	5.49841e+09	6.59719e+09	4.8352e+09	4.82156e+09	4.74175e+09	4.90166e+09	5.22492e+09	4.89116e+09	6.09791e+09	7.71531e+09	7.69214e+09	6.21348e+09	6.32674e+09	7.42857e+09	8.12289e+09	7.77462e+09	8.12788e+09	7.81193e+09	8.06877e+09	7.94088e+09	7.54115e+09	7.73951e+09	7.92574e+09	8.1105e+09	7.51163e+09	7.55258e+09	7.55647e+09	7.42666e+09	6.53112e+09	6.71964e+09	6.56308e+09	7.45946e+09	7.19432e+09	7.84431e+09	7.18445e+09	7.14563e+09	6.77938e+09	8.19026e+09	5.67595e+09	6.04679e+09	5.76488e+09	7.08133e+09	5.91444e+09	7.51962e+09	5.10299e+09	5.15974e+09	5.75971e+09	7.26854e+09	7.55526e+09	7.24017e+09	8.18264e+09	7.59826e+09	6.6385e+09	7.64023e+09	7.62897e+09	7.73693e+09
ERR636722	7.18313e+09	7.22946e+09	6.50356e+09	7.34356e+09	6.93654e+09	7.03844e+09	7.03355e+09	6.08711e+09	5.73036e+09	6.69618e+09	6.03167e+09	6.10817e+09	7.49755e+09	7.47211e+09	5.42678e+09	5.3168e+09	5.17126e+09	7.89755e+09	8.1273e+09	8.14358e+09	7.61449e+09	8.20004e+09	8.15127e+09	7.93669e+09	7.73034e+09	5.71192e+09	6.3285e+09	6.24466e+09	6.40212e+09	7.34149e+09	6.81915e+09	7.47852e+09	7.48957e+09	7.37376e+09	7.48929e+09	7.41638e+09	6.24201e+09	6.43872e+09	6.91308e+09	7.33386e+09	5.32116e+09	6.37521e+09	4.66276e+09	4.65283e+09	4.57758e+09	4.72478e+09	5.03706e+09	4.71929e+09	5.89465e+09	7.43651e+09	7.41447e+09	6.00404e+09	6.11233e+09	7.16083e+09	7.84843e+09	7.51731e+09	7.85332e+09	7.5648e+09	7.8046e+09	7.68409e+09	7.29412e+09	7.48296e+09	7.66161e+09	7.83501e+09	7.26688e+09	7.30461e+09	7.26962e+09	7.14575e+09	6.2954e+09	6.47333e+09	6.32381e+09	7.17754e+09	6.96013e+09	7.57634e+09	6.95066e+09	6.91381e+09	6.56343e+09	7.90494e+09	5.49989e+09	5.85627e+09	5.58601e+09	6.8448e+09	5.72923e+09	7.26496e+09	4.94994e+09	5.00476e+09	5.57939e+09	7.02126e+09	7.29276e+09	6.9932e+09	7.89534e+09	7.341e+09	6.42117e+09	7.3812e+09	7.37006e+09	7.47246e+09
ERR636723	7.19016e+09	7.23646e+09	6.51485e+09	7.3533e+09	6.94679e+09	7.0453e+09	7.03431e+09	6.08922e+09	5.73288e+09	6.70217e+09	6.03356e+09	6.11067e+09	7.51079e+09	7.48537e+09	5.43656e+09	5.32644e+09	5.17997e+09	7.90836e+09	8.14177e+09	8.1584e+09	7.6259e+09	8.21447e+09	7.93669e+09	8.17519e+09	7.74135e+09	5.72803e+09	6.33858e+09	6.25446e+09	6.41232e+09	7.35525e+09	6.82564e+09	7.48892e+09	7.49972e+09	7.38392e+09	7.49937e+09	7.42138e+09	6.24632e+09	6.44863e+09	6.92422e+09	7.34265e+09	5.33088e+09	6.38025e+09	4.66787e+09	4.65354e+09	4.57672e+09	4.73048e+09	5.037e+09	4.72005e+09	5.90146e+09	7.44568e+09	7.42405e+09	6.01255e+09	6.11985e+09	7.17663e+09	7.86141e+09	7.53642e+09	7.8662e+09	7.57208e+09	7.81153e+09	7.69247e+09	7.3132e+09	7.50084e+09	7.67542e+09	7.84917e+09	7.2857e+09	7.32357e+09	7.2813e+09	7.15739e+09	6.30537e+09	6.48519e+09	6.33591e+09	7.18859e+09	6.96638e+09	7.58614e+09	6.95608e+09	6.91902e+09	6.57004e+09	7.91031e+09	5.50591e+09	5.85942e+09	5.58933e+09	6.85311e+09	5.73284e+09	7.26988e+09	4.93038e+09	4.98493e+09	5.55568e+09	7.00327e+09	7.27568e+09	6.97677e+09	7.90392e+09	7.34736e+09	6.4335e+09	7.38849e+09	7.37675e+09	7.48133e+09
ERR608963	7.12664e+09	7.1725e+09	6.44853e+09	7.28323e+09	6.88043e+09	6.98242e+09	6.99026e+09	6.04304e+09	5.68728e+09	6.65407e+09	5.98867e+09	6.0643e+09	7.35919e+09	7.33594e+09	5.31912e+09	5.21129e+09	5.06994e+09	7.75663e+09	7.93246e+09	7.94994e+09	7.42647e+09	8.00499e+09	7.73034e+09	7.74135e+09	8.12376e+09	5.82828e+09	6.45332e+09	6.36813e+09	6.52814e+09	7.48123e+09	6.81227e+09	7.46991e+09	7.48128e+09	7.36554e+09	7.48237e+09	7.40681e+09	6.13749e+09	6.33271e+09	6.80467e+09	7.22143e+09	5.23221e+09	6.26969e+09	4.59886e+09	4.58691e+09	4.51282e+09	4.66177e+09	4.96716e+09	4.65229e+09	5.70366e+09	7.2336e+09	7.21344e+09	5.81216e+09	5.91828e+09	6.96097e+09	7.60127e+09	7.27173e+09	7.60622e+09	7.3113e+09	7.55253e+09	7.43116e+09	7.0524e+09	7.2355e+09	7.41401e+09	7.5858e+09	7.02473e+09	7.06221e+09	7.08192e+09	6.95922e+09	6.1115e+09	6.28926e+09	6.14221e+09	6.99026e+09	6.74112e+09	7.35305e+09	6.73264e+09	6.69538e+09	6.34841e+09	7.67853e+09	5.29768e+09	5.64928e+09	5.38302e+09	6.62607e+09	5.52462e+09	7.03962e+09	4.77548e+09	4.82949e+09	5.40022e+09	6.8363e+09	7.11028e+09	6.80943e+09	7.67193e+09	7.12497e+09	6.21851e+09	7.16402e+09	7.15295e+09	7.25381e+09
ERR608961	5.28324e+09	5.3141e+09	4.8531e+09	5.39769e+09	5.13576e+09	5.18819e+09	5.12281e+09	4.50142e+09	4.26959e+09	4.91701e+09	4.46432e+09	4.51878e+09	5.46473e+09	5.4482e+09	4.08624e+09	4.01344e+09	3.91086e+09	5.71482e+09	5.85182e+09	5.86297e+09	5.52564e+09	5.89725e+09	5.71192e+09	5.72803e+09	5.82828e+09	4.66433e+09	4.89109e+09	4.83514e+09	4.94217e+09	5.58329e+09	5.11703e+09	5.55907e+09	5.56446e+09	5.48593e+09	5.56503e+09	5.4999e+09	4.60591e+09	4.75675e+09	5.07015e+09	5.33647e+09	4.01633e+09	4.6952e+09	3.50366e+09	3.47966e+09	3.4196e+09	3.55011e+09	3.73533e+09	3.52476e+09	4.30588e+09	5.34303e+09	5.33152e+09	4.38566e+09	4.45734e+09	5.18088e+09	5.6165e+09	5.41895e+09	5.61981e+09	5.41595e+09	5.57047e+09	5.49677e+09	5.27751e+09	5.39392e+09	5.49703e+09	5.60545e+09	5.25834e+09	5.28351e+09	5.23384e+09	5.15329e+09	4.5787e+09	4.70738e+09	4.61083e+09	5.17261e+09	5.01864e+09	5.43412e+09	5.00952e+09	4.98459e+09	4.75523e+09	5.63412e+09	4.03449e+09	4.2636e+09	4.08149e+09	4.94609e+09	4.1791e+09	5.21633e+09	3.52512e+09	3.56229e+09	3.94185e+09	4.95608e+09	5.14017e+09	4.9426e+09	5.6407e+09	5.27534e+09	4.69178e+09	5.30413e+09	5.29503e+09	5.36935e+09
ERR608965	5.87571e+09	5.90973e+09	5.36058e+09	5.99441e+09	5.68977e+09	5.76644e+09	5.74687e+09	5.02935e+09	4.75636e+09	5.49569e+09	4.98671e+09	5.0461e+09	6.04683e+09	6.02951e+09	4.47526e+09	4.38996e+09	4.27728e+09	6.34281e+09	6.48024e+09	6.49372e+09	6.10358e+09	6.53397e+09	6.3285e+09	6.33858e+09	6.45332e+09	4.89109e+09	5.57067e+09	5.32084e+09	5.44359e+09	6.16042e+09	5.64996e+09	6.14321e+09	6.15093e+09	6.06512e+09	6.15164e+09	6.09418e+09	5.11989e+09	5.2697e+09	5.62918e+09	5.94262e+09	4.41369e+09	5.2208e+09	3.8852e+09	3.87252e+09	3.81328e+09	3.93581e+09	4.17184e+09	3.92482e+09	4.75802e+09	5.93597e+09	5.92046e+09	4.84269e+09	4.92521e+09	5.7317e+09	6.21494e+09	5.96648e+09	6.21933e+09	5.99401e+09	6.17588e+09	6.08506e+09	5.80337e+09	5.93837e+09	6.07361e+09	6.20265e+09	5.78168e+09	5.80962e+09	5.817e+09	5.72399e+09	5.07415e+09	5.21169e+09	5.09883e+09	5.74841e+09	5.56282e+09	6.02744e+09	5.55662e+09	5.52777e+09	5.26022e+09	6.27082e+09	4.43967e+09	4.71704e+09	4.50809e+09	5.47388e+09	4.61909e+09	5.78886e+09	4.01453e+09	4.05697e+09	4.50436e+09	5.6287e+09	5.83805e+09	5.60893e+09	6.26916e+09	5.8588e+09	5.16747e+09	5.88866e+09	5.88039e+09	5.95592e+09
ERR608966	5.79933e+09	5.83299e+09	5.29404e+09	5.91605e+09	5.61725e+09	5.69228e+09	5.67028e+09	4.9656e+09	4.69707e+09	5.42433e+09	4.92477e+09	4.98278e+09	5.96888e+09	5.95166e+09	4.42415e+09	4.34022e+09	4.22904e+09	6.25943e+09	6.39418e+09	6.40732e+09	6.0235e+09	6.44625e+09	6.24466e+09	6.25446e+09	6.36813e+09	4.83514e+09	5.32084e+09	5.43733e+09	5.37642e+09	6.08174e+09	5.57894e+09	6.06363e+09	6.07152e+09	5.98675e+09	6.07224e+09	6.01519e+09	5.05519e+09	5.20321e+09	5.55666e+09	5.864e+09	4.36225e+09	5.15412e+09	3.84062e+09	3.82722e+09	3.7683e+09	3.89072e+09	4.12175e+09	3.87865e+09	4.70155e+09	5.85882e+09	5.84431e+09	4.78496e+09	4.86579e+09	5.65922e+09	6.13295e+09	5.88985e+09	6.13696e+09	5.91503e+09	6.09372e+09	6.00521e+09	5.73032e+09	5.86259e+09	5.99536e+09	6.12129e+09	5.70911e+09	5.73672e+09	5.74322e+09	5.65171e+09	5.01197e+09	5.14772e+09	5.03715e+09	5.67534e+09	5.49339e+09	5.95029e+09	5.48678e+09	5.45906e+09	5.19571e+09	6.18805e+09	4.38828e+09	4.66088e+09	4.45539e+09	5.40532e+09	4.5649e+09	5.71438e+09	3.96272e+09	4.00507e+09	4.44412e+09	5.55163e+09	5.75746e+09	5.53246e+09	6.18643e+09	5.78329e+09	5.10463e+09	5.81265e+09	5.80363e+09	5.87867e+09
ERR608964	5.94015e+09	5.97454e+09	5.41696e+09	6.0615e+09	5.75119e+09	5.82884e+09	5.8085e+09	5.07974e+09	4.80244e+09	5.55424e+09	5.03751e+09	5.09717e+09	6.11702e+09	6.09926e+09	4.52054e+09	4.4336e+09	4.31951e+09	6.41783e+09	6.55652e+09	6.56956e+09	6.17364e+09	6.61058e+09	6.40212e+09	6.41232e+09	6.52814e+09	4.94217e+09	5.44359e+09	5.37642e+09	5.68879e+09	6.23117e+09	5.7121e+09	6.21316e+09	6.22108e+09	6.13396e+09	6.22252e+09	6.16377e+09	5.17204e+09	5.32444e+09	5.69003e+09	6.00788e+09	4.45609e+09	5.27457e+09	3.92178e+09	3.90789e+09	3.84783e+09	3.97267e+09	4.21156e+09	3.96131e+09	4.80654e+09	6.00297e+09	5.98815e+09	4.89288e+09	4.97583e+09	5.79668e+09	6.28672e+09	6.03489e+09	6.29093e+09	6.06219e+09	6.24666e+09	6.15491e+09	5.86998e+09	6.00697e+09	6.14427e+09	6.27505e+09	5.84825e+09	5.87676e+09	5.88292e+09	5.78881e+09	5.12815e+09	5.26806e+09	5.15318e+09	5.81349e+09	5.6252e+09	6.09768e+09	5.61867e+09	5.59014e+09	5.31781e+09	6.34416e+09	4.48418e+09	4.76559e+09	4.55341e+09	5.535e+09	4.66664e+09	5.85362e+09	4.05123e+09	4.09493e+09	4.54789e+09	5.68916e+09	5.90121e+09	5.66942e+09	6.34333e+09	5.92582e+09	5.2241e+09	5.95649e+09	5.94764e+09	6.02525e+09
ERR608962	6.76532e+09	6.80775e+09	6.14239e+09	6.91563e+09	6.54253e+09	6.63175e+09	6.6068e+09	5.73225e+09	5.40382e+09	6.30205e+09	5.68166e+09	5.75325e+09	6.99531e+09	6.97293e+09	5.08831e+09	4.98727e+09	4.85306e+09	7.35784e+09	7.52997e+09	7.54619e+09	7.06604e+09	7.5959e+09	7.34149e+09	7.35525e+09	7.48123e+09	5.58329e+09	6.16042e+09	6.08174e+09	6.23117e+09	7.34939e+09	6.49455e+09	7.10634e+09	7.11638e+09	7.00807e+09	7.11671e+09	7.04118e+09	5.84198e+09	6.03125e+09	6.46962e+09	6.85254e+09	5.00223e+09	5.96583e+09	4.38041e+09	4.36416e+09	4.29259e+09	4.44031e+09	4.71783e+09	4.42553e+09	5.4321e+09	6.86261e+09	6.84474e+09	5.53544e+09	5.63399e+09	6.61693e+09	7.21849e+09	6.92088e+09	7.22296e+09	6.94766e+09	7.16853e+09	7.05917e+09	6.71922e+09	6.88635e+09	7.04596e+09	7.20347e+09	6.69336e+09	6.72752e+09	6.71723e+09	6.6031e+09	5.81169e+09	5.98001e+09	5.84408e+09	6.63148e+09	6.40942e+09	6.98097e+09	6.39976e+09	6.36566e+09	6.043e+09	7.27611e+09	5.05549e+09	5.38127e+09	5.13171e+09	6.30192e+09	5.26492e+09	6.68525e+09	4.52177e+09	4.57234e+09	5.10092e+09	6.45352e+09	6.70884e+09	6.43092e+09	7.27552e+09	6.7672e+09	5.92979e+09	6.80434e+09	6.79307e+09	6.8894e+09
ERR636781	6.28545e+09	6.32269e+09	5.72299e+09	6.41736e+09	6.08335e+09	6.16693e+09	6.12002e+09	5.34434e+09	5.04967e+09	5.84583e+09	5.29933e+09	5.36242e+09	6.51831e+09	6.49826e+09	4.80166e+09	4.70828e+09	4.58544e+09	6.83962e+09	6.97412e+09	6.98756e+09	6.57583e+09	7.03099e+09	6.81915e+09	6.82564e+09	6.81227e+09	5.11703e+09	5.64996e+09	5.57894e+09	5.7121e+09	6.49455e+09	6.29168e+09	6.64526e+09	6.65374e+09	6.56127e+09	6.65423e+09	6.59633e+09	5.47684e+09	5.64114e+09	6.03285e+09	6.37456e+09	4.7073e+09	5.58827e+09	4.10306e+09	4.09369e+09	4.03037e+09	4.15599e+09	4.41366e+09	4.14872e+09	5.10736e+09	6.38842e+09	6.37238e+09	5.19917e+09	5.28751e+09	6.16364e+09	6.71192e+09	6.44485e+09	6.71713e+09	6.48478e+09	6.67577e+09	6.57945e+09	6.27318e+09	6.42082e+09	6.56788e+09	6.70451e+09	6.2496e+09	6.27889e+09	6.23772e+09	6.13668e+09	5.42925e+09	5.57753e+09	5.45455e+09	6.1625e+09	6.00677e+09	6.50918e+09	5.99881e+09	5.96819e+09	5.67629e+09	6.77372e+09	4.77885e+09	5.07917e+09	4.85254e+09	5.90528e+09	4.97308e+09	6.25088e+09	4.31678e+09	4.36332e+09	4.84642e+09	6.05575e+09	6.28147e+09	6.0339e+09	6.76778e+09	6.3195e+09	5.55776e+09	6.35143e+09	6.34207e+09	6.42512e+09
ERR636786	6.86246e+09	6.90589e+09	6.22974e+09	7.01365e+09	6.63582e+09	6.72714e+09	6.68205e+09	5.80367e+09	5.47171e+09	6.37256e+09	5.75261e+09	5.82393e+09	7.13008e+09	7.1064e+09	5.19045e+09	5.08671e+09	4.94963e+09	7.49785e+09	7.66219e+09	7.67752e+09	7.1991e+09	7.72758e+09	7.47852e+09	7.48892e+09	7.46991e+09	5.55907e+09	6.14321e+09	6.06363e+09	6.21316e+09	7.10634e+09	6.64526e+09	7.48595e+09	7.28511e+09	7.17219e+09	7.28567e+09	7.20873e+09	5.93779e+09	6.1285e+09	6.57122e+09	6.96057e+09	5.08242e+09	6.06315e+09	4.4275e+09	4.41498e+09	4.34254e+09	4.48701e+09	4.76995e+09	4.47515e+09	5.54261e+09	6.98852e+09	6.97025e+09	5.64702e+09	5.74658e+09	6.73721e+09	7.36624e+09	7.06636e+09	7.37108e+09	7.10238e+09	7.32162e+09	7.21179e+09	6.86588e+09	7.03648e+09	7.19917e+09	7.3563e+09	6.84e+09	6.87352e+09	6.82528e+09	6.71005e+09	5.91069e+09	6.07959e+09	5.94085e+09	6.73902e+09	6.5463e+09	7.12226e+09	6.53708e+09	6.50262e+09	6.17492e+09	7.42357e+09	5.17228e+09	5.5036e+09	5.25092e+09	6.43551e+09	5.38499e+09	6.82649e+09	4.6317e+09	4.68329e+09	5.21838e+09	6.57482e+09	6.83111e+09	6.55086e+09	7.41908e+09	6.90275e+09	6.0469e+09	6.93998e+09	6.9296e+09	7.02618e+09
ERR636784	6.87413e+09	6.91772e+09	6.23939e+09	7.02562e+09	6.64658e+09	6.7387e+09	6.69874e+09	5.81731e+09	5.48343e+09	6.3878e+09	5.76579e+09	5.83759e+09	7.14019e+09	7.11677e+09	5.19701e+09	5.09333e+09	4.95596e+09	7.50972e+09	7.67312e+09	7.68896e+09	7.20901e+09	7.7388e+09	7.48957e+09	7.49972e+09	7.48128e+09	5.56446e+09	6.15093e+09	6.07152e+09	6.22108e+09	7.11638e+09	6.65374e+09	7.28511e+09	7.50542e+09	7.18189e+09	7.29507e+09	7.21866e+09	5.94747e+09	6.13835e+09	6.58232e+09	6.97301e+09	5.08958e+09	6.07322e+09	4.43656e+09	4.42445e+09	4.35209e+09	4.49574e+09	4.7807e+09	4.48503e+09	5.55206e+09	7.00148e+09	6.98289e+09	5.6565e+09	5.75651e+09	6.74834e+09	7.37741e+09	7.07563e+09	7.38247e+09	7.11333e+09	7.33264e+09	7.22278e+09	6.87502e+09	7.04609e+09	7.21021e+09	7.36746e+09	6.84941e+09	6.88309e+09	6.83815e+09	6.72321e+09	5.92134e+09	6.09047e+09	5.95148e+09	6.75177e+09	6.55739e+09	7.13426e+09	6.54844e+09	6.51331e+09	6.18437e+09	7.43706e+09	5.18015e+09	5.51318e+09	5.2592e+09	6.4463e+09	5.39416e+09	6.83845e+09	4.64475e+09	4.69628e+09	5.23354e+09	6.59128e+09	6.84868e+09	6.56766e+09	7.43217e+09	6.91485e+09	6.05583e+09	6.9519e+09	6.94141e+09	7.03797e+09
