	ERR605645	ERR605646	ERR605641	ERR605643	ERR605644	ERR605642	ERR618718	ERR618722	ERR618721	ERR618720	ERR618719	ERR618717	ERR636986	ERR636987	ERR636985	ERR636990	ERR636988	ERR636989	ERR636768	ERR636766	ERR636765	ERR636763	ERR636764	ERR636767	ERR637065	ERR637067	ERR637068	ERR637066	ERR637063	ERR637064	ERR613447	ERR613446	ERR613443	ERR613448	ERR613445	ERR613444	ERR636697	ERR636702	ERR636699	ERR636700	ERR636701	ERR636698	ERR613974	ERR613977	ERR613972	ERR613975	ERR613973	ERR613976	ERR631325	ERR631323	ERR631328	ERR631327	ERR631326	ERR631324	ERR630097	ERR630096	ERR630098	ERR630099	ERR630100	ERR630101	ERR614898	ERR614900	ERR614897	ERR614895	ERR614899	ERR614896	ERR638277	ERR638273	ERR638275	ERR638278	ERR638274	ERR638276	ERR618617	ERR618620	ERR618615	ERR618616	ERR618618	ERR618619	ERR612297	ERR612293	ERR612296	ERR612294	ERR612298	ERR612295	ERR608925	ERR608928	ERR608930	ERR608927	ERR608929	ERR608926	ERR617501	ERR617499	ERR617504	ERR617500	ERR617502	ERR617503
ERR605645	0	0.769981	0.766237	0.774237	0.777795	0.772817	0.969072	0.965057	0.966057	0.965985	0.969658	0.965285	1.00604	0.989241	0.98951	0.984938	0.999176	0.983108	0.987639	0.988953	0.986427	0.993305	0.987582	0.988724	0.992378	0.994325	0.99329	0.994917	0.999977	0.992883	0.904848	0.908295	0.88975	0.92376	0.895815	0.901862	0.965256	0.969077	0.957439	0.968038	0.970098	0.958746	0.992038	0.970517	0.972405	0.983953	0.981522	0.98416	0.985083	0.994445	0.997422	0.996556	0.995763	0.998513	1.12843	1.11943	1.12283	1.13573	1.12435	1.12105	1.13064	1.13145	1.14592	1.14629	1.13125	1.14423	1.13723	1.1501	1.15268	1.1357	1.14907	1.13701	1.10586	1.11388	1.10131	1.10658	1.10895	1.11422	1.10729	1.15375	1.10746	1.15951	1.10431	1.1579	1.13708	1.11435	1.11492	1.11042	1.1143	1.11377	1.12267	1.12425	1.13619	1.12272	1.13259	1.12957
ERR605646	0.769981	0	0.767856	0.775695	0.778922	0.774071	0.970173	0.966066	0.966832	0.967142	0.970589	0.966251	1.0073	0.9904	0.990287	0.986122	1.00056	0.984489	0.988936	0.990361	0.988074	0.99483	0.989015	0.9903	0.99353	0.995427	0.99458	0.996476	1.00135	0.993954	0.906071	0.908436	0.890766	0.924697	0.896692	0.902935	0.966672	0.970821	0.958838	0.969583	0.971406	0.959329	0.993655	0.971656	0.973645	0.984877	0.982396	0.985132	0.985953	0.99543	0.998139	0.997347	0.99682	0.999025	1.12956	1.12059	1.12412	1.13707	1.1257	1.12277	1.13174	1.13215	1.14663	1.14723	1.13239	1.14516	1.138	1.15104	1.15337	1.13665	1.14996	1.1376	1.10656	1.11446	1.10213	1.10755	1.10917	1.11478	1.10656	1.15229	1.1069	1.15813	1.10375	1.1565	1.13854	1.11559	1.11644	1.11166	1.11553	1.11495	1.12337	1.12522	1.1369	1.12359	1.13335	1.13004
ERR605641	0.766237	0.767856	0	0.761873	0.76929	0.760883	0.955344	0.948974	0.950513	0.95076	0.955079	0.950037	0.996057	0.975935	0.976004	0.972183	0.988008	0.970681	0.973599	0.975027	0.973469	0.980416	0.972938	0.974877	0.98148	0.982961	0.981891	0.983543	0.989545	0.980821	0.897839	0.90068	0.881012	0.921482	0.888482	0.896248	0.949141	0.954831	0.941108	0.953007	0.955433	0.940479	0.980036	0.954875	0.95672	0.968515	0.966549	0.968375	0.968195	0.978313	0.981695	0.981102	0.980462	0.981854	1.11865	1.10837	1.11209	1.12816	1.11604	1.11265	1.11998	1.12051	1.13608	1.13731	1.12067	1.1347	1.1257	1.14003	1.14208	1.12626	1.13859	1.12529	1.09392	1.10104	1.08912	1.09529	1.0956	1.10125	1.09126	1.13152	1.09082	1.13845	1.0879	1.13714	1.12992	1.10352	1.10461	1.09898	1.10395	1.10311	1.10872	1.11182	1.12393	1.10886	1.11907	1.11558
ERR605643	0.774237	0.775695	0.761873	0	0.777497	0.769777	0.967695	0.962495	0.96349	0.963813	0.967945	0.963508	1.00633	0.988013	0.988146	0.984646	0.999014	0.98257	0.986024	0.987424	0.985424	0.99217	0.985166	0.987002	0.99287	0.993826	0.993206	0.994654	1	0.992236	0.905519	0.908292	0.890563	0.926535	0.897238	0.903658	0.962212	0.967257	0.954878	0.965767	0.96799	0.954392	0.991603	0.968098	0.969687	0.980518	0.979138	0.980981	0.981404	0.991234	0.994258	0.99362	0.992976	0.994476	1.1267	1.1173	1.12088	1.13558	1.12403	1.12075	1.12791	1.12841	1.14334	1.14465	1.12863	1.14184	1.13395	1.14766	1.14971	1.13425	1.14625	1.13367	1.10268	1.10984	1.09822	1.10396	1.10436	1.11017	1.09981	1.14143	1.09935	1.14812	1.09633	1.14663	1.13661	1.11224	1.11322	1.10752	1.11209	1.11172	1.11779	1.12047	1.1323	1.11784	1.12767	1.12441
ERR605644	0.777795	0.778922	0.76929	0.777497	0	0.776963	0.974246	0.967557	0.969164	0.969382	0.973891	0.969322	1.01245	0.993601	0.993872	0.990467	1.00463	0.989043	0.991192	0.992692	0.991234	0.997264	0.990235	0.992445	0.999318	1.00014	0.999022	1.00077	1.00614	0.998142	0.908521	0.91091	0.895449	0.929458	0.90234	0.907725	0.967061	0.972762	0.960238	0.971149	0.973019	0.959131	0.997447	0.973942	0.975056	0.985572	0.984705	0.985818	0.987205	0.99596	0.999059	0.998522	0.997695	0.998887	1.13312	1.12341	1.12692	1.14236	1.13107	1.12788	1.13283	1.13364	1.14852	1.14977	1.13405	1.14719	1.13886	1.15261	1.15446	1.13998	1.15111	1.13862	1.10789	1.11428	1.10365	1.10975	1.10949	1.11448	1.10019	1.1388	1.09996	1.14572	1.09711	1.14454	1.14347	1.11831	1.11923	1.11391	1.11862	1.11825	1.12223	1.12579	1.13687	1.12245	1.13187	1.12884
ERR605642	0.772817	0.774071	0.760883	0.769777	0.776963	0	0.963886	0.958539	0.959728	0.959926	0.964084	0.959555	1.0033	0.984618	0.984624	0.980998	0.996011	0.979261	0.982693	0.984039	0.981806	0.989043	0.981963	0.983636	0.989447	0.990715	0.989945	0.991545	0.99667	0.988751	0.902175	0.905325	0.887058	0.924105	0.893501	0.900452	0.958632	0.963962	0.951292	0.96238	0.964747	0.950924	0.988743	0.964804	0.966692	0.97797	0.976197	0.978338	0.978651	0.988158	0.991178	0.990681	0.989863	0.991483	1.12562	1.11593	1.11935	1.13469	1.12292	1.11957	1.12689	1.12736	1.14217	1.14341	1.12747	1.14108	1.13298	1.14662	1.14869	1.13287	1.14521	1.13276	1.10131	1.10808	1.09632	1.10234	1.10307	1.10849	1.09871	1.14069	1.09841	1.14716	1.09538	1.14555	1.13592	1.11108	1.11187	1.1067	1.11103	1.11059	1.1169	1.1195	1.13131	1.11695	1.12699	1.12376
ERR618718	0.969072	0.970173	0.955344	0.967695	0.974246	0.963886	0	0.7471	0.748743	0.749941	0.75136	0.74533	0.9054	0.87947	0.880241	0.87425	0.895619	0.871531	0.877997	0.880381	0.87532	0.88684	0.877289	0.879926	0.885622	0.889428	0.887294	0.889949	0.896995	0.886506	0.919358	0.923233	0.889106	0.953493	0.901606	0.914225	0.861844	0.867868	0.849262	0.865503	0.868445	0.850883	0.911485	0.882979	0.885327	0.900925	0.896854	0.900549	0.857778	0.870343	0.873533	0.873386	0.872464	0.87552	1.08584	1.07469	1.07886	1.09325	1.07974	1.07531	1.08171	1.08145	1.10002	1.10048	1.08195	1.09777	1.08882	1.10569	1.10861	1.08822	1.10402	1.08911	1.04889	1.05973	1.04338	1.05031	1.05281	1.06003	1.10602	1.14012	1.10412	1.14605	1.10136	1.14623	1.09243	1.06461	1.06567	1.05894	1.06461	1.06338	1.07225	1.07419	1.08921	1.0722	1.084	1.08032
ERR618722	0.965057	0.966066	0.948974	0.962495	0.967557	0.958539	0.7471	0	0.735031	0.736105	0.743982	0.738129	0.901928	0.874519	0.874929	0.869063	0.891247	0.866613	0.87234	0.875275	0.870574	0.881895	0.871155	0.874249	0.882599	0.885686	0.883657	0.88648	0.894153	0.88243	0.91378	0.917741	0.883569	0.950705	0.897854	0.911042	0.854557	0.861651	0.842335	0.859438	0.862319	0.84209	0.907756	0.876009	0.878702	0.893943	0.891244	0.893506	0.847788	0.861249	0.864627	0.863968	0.863553	0.865892	1.08246	1.07062	1.07488	1.09136	1.0773	1.07316	1.07721	1.0771	1.0963	1.09766	1.07774	1.0939	1.08406	1.10194	1.10447	1.08474	1.09987	1.08422	1.04421	1.0546	1.0392	1.04644	1.04769	1.0544	1.09703	1.12555	1.09484	1.13268	1.0921	1.13322	1.09065	1.06075	1.0619	1.05446	1.06075	1.05961	1.06529	1.06834	1.08327	1.06538	1.07713	1.07304
ERR618721	0.966057	0.966832	0.950513	0.96349	0.969164	0.959728	0.748743	0.735031	0	0.738542	0.746354	0.740537	0.902021	0.875172	0.875569	0.869318	0.891824	0.867226	0.872966	0.875871	0.871033	0.882578	0.872247	0.875096	0.883107	0.885768	0.884012	0.886813	0.893929	0.883127	0.914859	0.918849	0.884816	0.951103	0.898169	0.911403	0.855648	0.862801	0.843558	0.8609	0.863166	0.84408	0.908657	0.877607	0.879966	0.89529	0.891981	0.895097	0.849959	0.862847	0.866593	0.865936	0.865346	0.868231	1.08318	1.07165	1.07582	1.09188	1.07802	1.07373	1.07813	1.07814	1.0968	1.09808	1.07854	1.0947	1.08527	1.10277	1.10553	1.08525	1.10071	1.0855	1.04497	1.05551	1.04004	1.04655	1.04855	1.05587	1.0993	1.1299	1.09687	1.13634	1.09433	1.13703	1.09103	1.06146	1.06277	1.05555	1.0616	1.06026	1.06686	1.07	1.08498	1.0672	1.07887	1.07521
ERR618720	0.965985	0.967142	0.95076	0.963813	0.969382	0.959926	0.749941	0.736105	0.738542	0	0.747899	0.742141	0.902799	0.876109	0.876641	0.870494	0.89253	0.867805	0.873879	0.8765	0.87187	0.883283	0.87288	0.875812	0.88372	0.886648	0.884624	0.887515	0.894622	0.883742	0.915071	0.919197	0.885145	0.951422	0.898796	0.911637	0.856856	0.863474	0.844661	0.861529	0.864124	0.844799	0.909479	0.878563	0.880949	0.896144	0.892907	0.895732	0.850764	0.863647	0.867496	0.866775	0.865977	0.868657	1.08414	1.0726	1.07669	1.09243	1.07863	1.07439	1.07926	1.07906	1.09842	1.09917	1.0795	1.09582	1.08618	1.10376	1.10651	1.08648	1.10175	1.08634	1.04608	1.0563	1.04093	1.0478	1.04964	1.05654	1.10015	1.13051	1.09802	1.13734	1.09523	1.13767	1.0919	1.06266	1.06373	1.05679	1.06264	1.06165	1.06786	1.07069	1.08603	1.06822	1.07976	1.07599
ERR618719	0.969658	0.970589	0.955079	0.967945	0.973891	0.964084	0.75136	0.743982	0.746354	0.747899	0	0.743744	0.904827	0.87893	0.879394	0.873276	0.894667	0.870352	0.876966	0.879585	0.874479	0.88593	0.875738	0.878815	0.885688	0.888886	0.887229	0.88961	0.896653	0.886066	0.919335	0.923208	0.889171	0.95397	0.902082	0.915193	0.860549	0.866965	0.848501	0.864837	0.867485	0.849249	0.911551	0.881447	0.884362	0.899451	0.895938	0.89892	0.855162	0.868286	0.871167	0.870856	0.870393	0.872868	1.08575	1.07444	1.07867	1.09365	1.08003	1.07588	1.08102	1.08067	1.09965	1.10044	1.08127	1.09712	1.08818	1.10518	1.10791	1.08796	1.10326	1.08836	1.04788	1.05866	1.04302	1.05005	1.05218	1.05886	1.10455	1.13595	1.10261	1.14239	1.10008	1.14263	1.09278	1.06446	1.06527	1.05836	1.06431	1.0633	1.07065	1.0731	1.08774	1.07061	1.0822	1.07861
ERR618717	0.965285	0.966251	0.950037	0.963508	0.969322	0.959555	0.74533	0.738129	0.740537	0.742141	0.743744	0	0.901232	0.874213	0.874623	0.868532	0.890792	0.865885	0.872349	0.875182	0.870297	0.882258	0.871437	0.874115	0.882168	0.885295	0.88282	0.885981	0.893267	0.882178	0.914244	0.918577	0.883988	0.950574	0.897054	0.910337	0.855672	0.862398	0.843334	0.860122	0.862874	0.843893	0.907582	0.877199	0.880022	0.895695	0.892044	0.895124	0.850025	0.863053	0.866792	0.866174	0.865734	0.868131	1.08117	1.06955	1.07393	1.08959	1.07577	1.07142	1.07689	1.07674	1.09596	1.09667	1.07722	1.09357	1.0843	1.10164	1.1043	1.08386	1.09978	1.08428	1.04359	1.05403	1.03791	1.04499	1.04695	1.05424	1.0995	1.13226	1.09744	1.13873	1.09487	1.13884	1.08902	1.05984	1.0611	1.0538	1.05964	1.0588	1.06625	1.06884	1.08423	1.06661	1.0784	1.07461
ERR636986	1.00604	1.0073	0.996057	1.00633	1.01245	1.0033	0.9054	0.901928	0.902021	0.902799	0.904827	0.901232	0	0.839265	0.839449	0.835917	0.855698	0.831846	0.89007	0.891142	0.887706	0.89565	0.889506	0.891345	0.91486	0.918529	0.917654	0.919002	0.923795	0.91638	0.964142	0.967796	0.939187	0.991454	0.948108	0.958458	0.898968	0.901829	0.890745	0.900285	0.902384	0.893328	0.940155	0.91837	0.920216	0.932761	0.928834	0.932125	0.896605	0.906915	0.910261	0.909532	0.909068	0.912985	1.1261	1.11702	1.1206	1.13164	1.11992	1.11613	1.12219	1.12199	1.13823	1.13786	1.12215	1.1356	1.129	1.14318	1.14571	1.12696	1.14176	1.12897	1.08798	1.0987	1.08357	1.0889	1.09261	1.09901	1.14858	1.17688	1.14699	1.1815	1.1447	1.18173	1.12987	1.10739	1.10798	1.10261	1.10724	1.10579	1.11426	1.11531	1.12857	1.11427	1.12409	1.12126
ERR636987	0.989241	0.9904	0.975935	0.988013	0.993601	0.984618	0.87947	0.874519	0.875172	0.876109	0.87893	0.874213	0.839265	0	0.810982	0.808036	0.830918	0.80381	0.86425	0.866256	0.862414	0.871742	0.864	0.866063	0.894024	0.896979	0.895371	0.897664	0.903507	0.894308	0.941285	0.945383	0.914475	0.973413	0.92553	0.936625	0.872646	0.876701	0.863363	0.874679	0.877336	0.86398	0.920256	0.893598	0.895738	0.909432	0.905788	0.908603	0.867564	0.880318	0.883257	0.882879	0.882344	0.885695	1.10997	1.09982	1.10369	1.11742	1.1047	1.10072	1.10521	1.10482	1.12267	1.12283	1.10523	1.12022	1.112	1.12792	1.13001	1.11142	1.12587	1.11208	1.06998	1.08046	1.06519	1.07129	1.0741	1.08057	1.12821	1.15429	1.12632	1.15995	1.12373	1.16055	1.11581	1.08982	1.09081	1.08451	1.08976	1.08867	1.09494	1.09691	1.11061	1.09513	1.1055	1.10216
ERR636985	0.98951	0.990287	0.976004	0.988146	0.993872	0.984624	0.880241	0.874929	0.875569	0.876641	0.879394	0.874623	0.839449	0.810982	0	0.808284	0.831229	0.804067	0.864557	0.866833	0.862992	0.871765	0.864257	0.866405	0.894709	0.897443	0.895931	0.898147	0.904167	0.895363	0.941443	0.945225	0.914652	0.973687	0.925556	0.93675	0.873251	0.877632	0.864146	0.875789	0.878057	0.865048	0.920875	0.894456	0.896605	0.909986	0.90676	0.909327	0.868474	0.881086	0.884418	0.884235	0.883393	0.886494	1.11074	1.10045	1.1044	1.11813	1.10546	1.10167	1.10592	1.10573	1.12332	1.12365	1.1065	1.12103	1.11273	1.12874	1.1309	1.1122	1.12674	1.11302	1.0709	1.08114	1.0659	1.07207	1.07461	1.08131	1.12852	1.15462	1.12653	1.16023	1.12448	1.16092	1.11679	1.09085	1.09158	1.08533	1.09059	1.08985	1.09579	1.09779	1.11182	1.0959	1.10641	1.1033
ERR636990	0.984938	0.986122	0.972183	0.984646	0.990467	0.980998	0.87425	0.869063	0.869318	0.870494	0.873276	0.868532	0.835917	0.808036	0.808284	0	0.822502	0.793852	0.859314	0.861203	0.857083	0.86702	0.858637	0.860878	0.888449	0.891845	0.890856	0.892765	0.898759	0.889511	0.936657	0.940788	0.909238	0.968357	0.919553	0.931139	0.867719	0.872066	0.85812	0.870063	0.87248	0.85999	0.914999	0.889043	0.891496	0.905827	0.901301	0.904661	0.863218	0.875806	0.879052	0.878909	0.878655	0.882005	1.1067	1.09667	1.10065	1.11361	1.10091	1.09673	1.10203	1.10177	1.11924	1.11958	1.10225	1.11699	1.10921	1.12497	1.12732	1.10802	1.1233	1.10925	1.06684	1.0778	1.06208	1.06797	1.0715	1.07793	1.12685	1.15512	1.12501	1.16038	1.12244	1.16102	1.1119	1.08679	1.0875	1.08139	1.08631	1.08524	1.09237	1.09417	1.10813	1.09272	1.10349	1.10007
ERR636988	0.999176	1.00056	0.988008	0.999014	1.00463	0.996011	0.895619	0.891247	0.891824	0.89253	0.894667	0.890792	0.855698	0.830918	0.831229	0.822502	0	0.818383	0.879996	0.881934	0.878257	0.886586	0.880223	0.88194	0.907935	0.911313	0.909929	0.911689	0.917222	0.909243	0.955738	0.959562	0.930648	0.984777	0.940498	0.950968	0.889211	0.892687	0.880568	0.890801	0.893031	0.882622	0.932133	0.90869	0.910797	0.923632	0.919791	0.922934	0.885623	0.896878	0.899529	0.899332	0.898694	0.902294	1.12116	1.11162	1.11565	1.12764	1.11542	1.11192	1.11669	1.11629	1.13316	1.13309	1.11681	1.1311	1.12383	1.13894	1.14095	1.1226	1.13701	1.12393	1.08309	1.09381	1.07889	1.08433	1.08752	1.09338	1.14082	1.16762	1.13896	1.17275	1.13685	1.17322	1.12609	1.10205	1.10297	1.09734	1.10175	1.10083	1.10761	1.10922	1.12232	1.10787	1.11805	1.11499
ERR636989	0.983108	0.984489	0.970681	0.98257	0.989043	0.979261	0.871531	0.866613	0.867226	0.867805	0.870352	0.865885	0.831846	0.80381	0.804067	0.793852	0.818383	0	0.856879	0.8586	0.854316	0.863957	0.856265	0.858166	0.885903	0.889797	0.88856	0.890578	0.896343	0.887469	0.934764	0.938899	0.906898	0.966538	0.917492	0.929179	0.865724	0.869527	0.855783	0.867346	0.870007	0.857612	0.913689	0.887527	0.889694	0.904196	0.899738	0.903285	0.860532	0.873225	0.876864	0.876364	0.875537	0.879371	1.10555	1.09542	1.09948	1.11237	1.09955	1.09542	1.10062	1.10072	1.1183	1.11848	1.10136	1.1159	1.1079	1.12388	1.12641	1.1067	1.12217	1.10817	1.06504	1.07608	1.06022	1.06621	1.06949	1.07594	1.12635	1.15525	1.1244	1.16033	1.12202	1.16081	1.11049	1.08476	1.08583	1.08004	1.08488	1.08384	1.09109	1.09272	1.1069	1.09125	1.10224	1.09899
ERR636768	0.987639	0.988936	0.973599	0.986024	0.991192	0.982693	0.877997	0.87234	0.872966	0.873879	0.876966	0.872349	0.89007	0.86425	0.864557	0.859314	0.879996	0.856879	0	0.779281	0.779272	0.788829	0.779867	0.778585	0.895154	0.897895	0.89652	0.89862	0.903525	0.894972	0.935801	0.938565	0.908566	0.968044	0.919585	0.930343	0.870566	0.874942	0.861856	0.872556	0.875314	0.862694	0.917695	0.891592	0.894165	0.908105	0.904278	0.907333	0.84953	0.861383	0.864019	0.864009	0.863748	0.866447	1.11626	1.10621	1.11033	1.12396	1.11152	1.10754	1.10921	1.1093	1.12647	1.12695	1.10943	1.12417	1.11729	1.13318	1.13528	1.11732	1.13114	1.11791	1.06737	1.07773	1.06245	1.06855	1.07164	1.07807	1.12906	1.15682	1.12696	1.16267	1.12487	1.16282	1.12166	1.09583	1.09629	1.09034	1.09552	1.09453	1.10094	1.10316	1.11642	1.10088	1.11149	1.10833
ERR636766	0.988953	0.990361	0.975027	0.987424	0.992692	0.984039	0.880381	0.875275	0.875871	0.8765	0.879585	0.875182	0.891142	0.866256	0.866833	0.861203	0.881934	0.8586	0.779281	0	0.781187	0.790733	0.782666	0.780634	0.897141	0.899795	0.898046	0.900455	0.905123	0.897401	0.937361	0.940582	0.910916	0.96918	0.921434	0.9322	0.873313	0.877105	0.864364	0.874578	0.877681	0.865664	0.919304	0.894017	0.895959	0.910315	0.90594	0.909373	0.852542	0.864461	0.866827	0.866613	0.866331	0.869983	1.11814	1.10862	1.11216	1.12577	1.11319	1.10909	1.11112	1.11093	1.12812	1.12878	1.11137	1.12589	1.1193	1.13477	1.13682	1.11899	1.1329	1.11963	1.06938	1.07959	1.06435	1.07051	1.07341	1.07984	1.13154	1.16004	1.12969	1.16562	1.12783	1.16612	1.12285	1.09738	1.09793	1.09227	1.09732	1.09621	1.10353	1.1053	1.11855	1.10365	1.11354	1.11078
ERR636765	0.986427	0.988074	0.973469	0.985424	0.991234	0.981806	0.87532	0.870574	0.871033	0.87187	0.874479	0.870297	0.887706	0.862414	0.862992	0.857083	0.878257	0.854316	0.779272	0.781187	0	0.784519	0.775662	0.780379	0.892069	0.895623	0.894329	0.896275	0.901015	0.893254	0.933968	0.937128	0.906475	0.965663	0.916907	0.927688	0.86947	0.873158	0.860252	0.870826	0.873771	0.861877	0.915594	0.890563	0.892905	0.907906	0.903045	0.907085	0.848309	0.860774	0.863325	0.862728	0.862301	0.866405	1.11389	1.10423	1.10815	1.12103	1.10827	1.10457	1.10715	1.10733	1.12441	1.12498	1.10726	1.12215	1.11565	1.13107	1.13362	1.11485	1.12931	1.116	1.06462	1.07603	1.06014	1.06615	1.06976	1.07632	1.13066	1.16117	1.12879	1.16656	1.12654	1.16691	1.11798	1.09302	1.09371	1.08768	1.09282	1.09162	1.10034	1.10173	1.11564	1.10041	1.1107	1.10744
ERR636763	0.993305	0.99483	0.980416	0.99217	0.997264	0.989043	0.88684	0.881895	0.882578	0.883283	0.88593	0.882258	0.89565	0.871742	0.871765	0.86702	0.886586	0.863957	0.788829	0.790733	0.784519	0	0.785985	0.790119	0.900421	0.903634	0.901909	0.904021	0.907911	0.900823	0.942145	0.945115	0.91632	0.972773	0.926379	0.936476	0.878068	0.881649	0.870264	0.879583	0.882339	0.87185	0.922913	0.899318	0.900976	0.914893	0.910232	0.9137	0.859705	0.871322	0.873484	0.873258	0.873094	0.876726	1.12275	1.11331	1.117	1.12985	1.11752	1.11376	1.11604	1.11582	1.13255	1.13312	1.11623	1.13038	1.12417	1.13912	1.14136	1.12366	1.13733	1.12445	1.07318	1.08372	1.06879	1.07459	1.07773	1.08421	1.13761	1.16612	1.13569	1.17149	1.13376	1.17167	1.12678	1.10251	1.10317	1.09719	1.10235	1.10133	1.10866	1.11087	1.12363	1.10897	1.1188	1.11594
ERR636764	0.987582	0.989015	0.972938	0.985166	0.990235	0.981963	0.877289	0.871155	0.872247	0.87288	0.875738	0.871437	0.889506	0.864	0.864257	0.858637	0.880223	0.856265	0.779867	0.782666	0.775662	0.785985	0	0.781624	0.894479	0.897465	0.896	0.898091	0.902696	0.894281	0.934661	0.93763	0.907312	0.96734	0.918699	0.929391	0.86944	0.873721	0.860676	0.871649	0.874443	0.861216	0.917086	0.890977	0.892853	0.907573	0.90297	0.906448	0.848015	0.860839	0.863108	0.862719	0.862718	0.865645	1.11523	1.10527	1.10921	1.12306	1.11069	1.10666	1.10796	1.10801	1.12491	1.12593	1.10823	1.12292	1.11645	1.13196	1.13411	1.11659	1.13011	1.11659	1.06558	1.07575	1.06091	1.06733	1.06982	1.07634	1.12768	1.15507	1.12553	1.16104	1.12367	1.16152	1.12073	1.09451	1.0951	1.08864	1.09434	1.09339	1.10007	1.10222	1.11572	1.09968	1.11035	1.10689
ERR636767	0.988724	0.9903	0.974877	0.987002	0.992445	0.983636	0.879926	0.874249	0.875096	0.875812	0.878815	0.874115	0.891345	0.866063	0.866405	0.860878	0.88194	0.858166	0.778585	0.780634	0.780379	0.790119	0.781624	0	0.896433	0.899043	0.897532	0.899494	0.904733	0.896658	0.936628	0.93976	0.910058	0.968892	0.920886	0.931973	0.872719	0.876491	0.863733	0.874336	0.877413	0.864701	0.918773	0.89358	0.895427	0.909846	0.905556	0.909064	0.851569	0.863482	0.866161	0.86582	0.865437	0.869328	1.11779	1.10812	1.11167	1.1254	1.11325	1.10914	1.11093	1.11075	1.12771	1.12848	1.11123	1.12531	1.11916	1.13471	1.13686	1.11882	1.13265	1.1194	1.06877	1.07917	1.06372	1.07006	1.07262	1.0792	1.13063	1.15882	1.12872	1.16437	1.12658	1.16467	1.12302	1.09742	1.09812	1.09205	1.09719	1.09603	1.1031	1.10507	1.11826	1.10275	1.11323	1.1102
ERR637065	0.992378	0.99353	0.98148	0.99287	0.999318	0.989447	0.885622	0.882599	0.883107	0.88372	0.885688	0.882168	0.91486	0.894024	0.894709	0.888449	0.907935	0.885903	0.895154	0.897141	0.892069	0.900421	0.894479	0.896433	0	0.808593	0.806982	0.808785	0.813534	0.804027	0.937031	0.940836	0.908322	0.967604	0.919114	0.930245	0.867424	0.870466	0.857754	0.868488	0.871454	0.860749	0.917772	0.893315	0.895319	0.910256	0.90531	0.909681	0.89738	0.907654	0.910231	0.909069	0.908938	0.913474	1.10641	1.09651	1.10028	1.11257	1.09986	1.09601	1.10165	1.10161	1.11919	1.11885	1.10205	1.11668	1.11064	1.1261	1.12878	1.109	1.12434	1.1107	1.06182	1.07367	1.05657	1.06233	1.06707	1.0735	1.13126	1.16634	1.1296	1.17135	1.12723	1.17187	1.10991	1.08512	1.08599	1.07984	1.08523	1.08386	1.09579	1.09694	1.11116	1.09579	1.10642	1.10368
ERR637067	0.994325	0.995427	0.982961	0.993826	1.00014	0.990715	0.889428	0.885686	0.885768	0.886648	0.888886	0.885295	0.918529	0.896979	0.897443	0.891845	0.911313	0.889797	0.897895	0.899795	0.895623	0.903634	0.897465	0.899043	0.808593	0	0.806131	0.808266	0.819188	0.809517	0.939324	0.942979	0.911519	0.97048	0.922908	0.933159	0.868988	0.872667	0.860261	0.870245	0.873556	0.862162	0.919703	0.894787	0.896705	0.911526	0.906547	0.910655	0.899628	0.910401	0.912496	0.911731	0.911612	0.915246	1.10959	1.09973	1.10363	1.11654	1.1038	1.09985	1.10442	1.10411	1.12157	1.12209	1.10452	1.11954	1.11307	1.12855	1.13092	1.11203	1.12692	1.1132	1.06461	1.07604	1.05961	1.0653	1.06955	1.07596	1.13042	1.16359	1.12877	1.16881	1.12643	1.16921	1.11411	1.08856	1.08953	1.08325	1.08837	1.08746	1.09785	1.09937	1.11355	1.0979	1.10835	1.10512
ERR637068	0.99329	0.99458	0.981891	0.993206	0.999022	0.989945	0.887294	0.883657	0.884012	0.884624	0.887229	0.88282	0.917654	0.895371	0.895931	0.890856	0.909929	0.88856	0.89652	0.898046	0.894329	0.901909	0.896	0.897532	0.806982	0.806131	0	0.806193	0.817627	0.807416	0.937591	0.941069	0.909818	0.969222	0.920889	0.931381	0.86734	0.871536	0.858855	0.869132	0.87232	0.860653	0.918982	0.893172	0.895603	0.909479	0.905496	0.908868	0.898339	0.908595	0.910966	0.910379	0.91	0.913805	1.10899	1.09879	1.10268	1.11585	1.10296	1.09925	1.10342	1.10332	1.12096	1.12085	1.10373	1.11854	1.11207	1.12774	1.13019	1.11099	1.12594	1.11231	1.06359	1.07466	1.05849	1.06448	1.06834	1.0748	1.12946	1.16203	1.12746	1.16715	1.12502	1.16778	1.11319	1.08761	1.08839	1.08232	1.08757	1.08641	1.0967	1.09828	1.11238	1.0967	1.10744	1.10431
ERR637066	0.994917	0.996476	0.983543	0.994654	1.00077	0.991545	0.889949	0.88648	0.886813	0.887515	0.88961	0.885981	0.919002	0.897664	0.898147	0.892765	0.911689	0.890578	0.89862	0.900455	0.896275	0.904021	0.898091	0.899494	0.808785	0.808266	0.806193	0	0.81844	0.809458	0.939753	0.943306	0.912241	0.970628	0.922488	0.933283	0.869677	0.873203	0.860819	0.870891	0.873819	0.863121	0.920429	0.89537	0.89739	0.912015	0.90741	0.910749	0.90179	0.911853	0.91425	0.913371	0.913704	0.917423	1.11056	1.10059	1.10448	1.11687	1.10431	1.10058	1.10571	1.10545	1.12279	1.12307	1.10566	1.12048	1.11432	1.12976	1.13214	1.11312	1.12809	1.11444	1.06569	1.07673	1.06023	1.06618	1.07065	1.07658	1.13221	1.16543	1.13061	1.17058	1.12824	1.171	1.11484	1.08983	1.09024	1.08459	1.08958	1.08867	1.09921	1.10057	1.11447	1.09932	1.10988	1.10652
ERR637063	0.999977	1.00135	0.989545	1	1.00614	0.99667	0.896995	0.894153	0.893929	0.894622	0.896653	0.893267	0.923795	0.903507	0.904167	0.898759	0.917222	0.896343	0.903525	0.905123	0.901015	0.907911	0.902696	0.904733	0.813534	0.819188	0.817627	0.81844	0	0.814366	0.945256	0.948823	0.918239	0.974948	0.928507	0.93872	0.876708	0.879848	0.868319	0.877625	0.880577	0.870827	0.925125	0.90203	0.903552	0.917685	0.912981	0.916639	0.909173	0.91858	0.9212	0.919816	0.920011	0.923504	1.11517	1.10547	1.10934	1.12139	1.10908	1.10517	1.11013	1.11015	1.12695	1.12711	1.11053	1.1249	1.11884	1.13384	1.13618	1.11728	1.13226	1.11862	1.07019	1.08143	1.06531	1.07072	1.07542	1.0817	1.13775	1.17111	1.13634	1.17594	1.13401	1.17632	1.11875	1.09478	1.09519	1.08949	1.09441	1.09316	1.10413	1.10525	1.11926	1.10412	1.11453	1.11143
ERR637064	0.992883	0.993954	0.980821	0.992236	0.998142	0.988751	0.886506	0.88243	0.883127	0.883742	0.886066	0.882178	0.91638	0.894308	0.895363	0.889511	0.909243	0.887469	0.894972	0.897401	0.893254	0.900823	0.894281	0.896658	0.804027	0.809517	0.807416	0.809458	0.814366	0	0.936398	0.940321	0.908803	0.968336	0.919817	0.93057	0.866104	0.869987	0.857446	0.868202	0.870847	0.858783	0.918144	0.891954	0.893655	0.908634	0.904038	0.907826	0.896824	0.907219	0.909726	0.909111	0.909317	0.912327	1.10793	1.09756	1.10149	1.11472	1.10194	1.09817	1.1023	1.1023	1.11961	1.1201	1.10258	1.11785	1.11093	1.12647	1.12894	1.11001	1.12465	1.1107	1.06177	1.07309	1.0567	1.0629	1.06655	1.07308	1.1278	1.16019	1.12597	1.16543	1.12376	1.16607	1.11204	1.08618	1.08727	1.08073	1.08623	1.08505	1.09483	1.09669	1.11091	1.09525	1.10595	1.10258
ERR613447	0.904848	0.906071	0.897839	0.905519	0.908521	0.902175	0.919358	0.91378	0.914859	0.915071	0.919335	0.914244	0.964142	0.941285	0.941443	0.936657	0.955738	0.934764	0.935801	0.937361	0.933968	0.942145	0.934661	0.936628	0.937031	0.939324	0.937591	0.939753	0.945256	0.936398	0	0.795512	0.774732	0.822439	0.783658	0.793362	0.90575	0.911136	0.896524	0.909347	0.911346	0.89699	0.952521	0.927374	0.929444	0.941774	0.939503	0.941638	0.931656	0.943011	0.946478	0.94638	0.945273	0.947398	1.11849	1.10846	1.11245	1.12699	1.11486	1.11069	1.11491	1.11462	1.13115	1.13199	1.11498	1.12932	1.12077	1.13573	1.13795	1.12087	1.13435	1.12092	1.0756	1.08445	1.07062	1.07676	1.07844	1.08478	1.08921	1.13175	1.0886	1.13898	1.08574	1.13751	1.12674	1.10016	1.10099	1.09471	1.10021	1.09936	1.10401	1.10657	1.11961	1.10407	1.11476	1.11173
ERR613446	0.908295	0.908436	0.90068	0.908292	0.91091	0.905325	0.923233	0.917741	0.918849	0.919197	0.923208	0.918577	0.967796	0.945383	0.945225	0.940788	0.959562	0.938899	0.938565	0.940582	0.937128	0.945115	0.93763	0.93976	0.940836	0.942979	0.941069	0.943306	0.948823	0.940321	0.795512	0	0.779258	0.824806	0.787854	0.796598	0.909925	0.915072	0.900748	0.912735	0.915592	0.901172	0.956107	0.931096	0.933157	0.945131	0.942601	0.944828	0.935557	0.946903	0.950329	0.949942	0.949346	0.951011	1.12169	1.11172	1.11541	1.12989	1.11806	1.1141	1.11766	1.11777	1.13389	1.13479	1.11823	1.13243	1.12343	1.13845	1.14054	1.12365	1.13702	1.12343	1.07893	1.08751	1.07412	1.08015	1.08151	1.08783	1.09103	1.13342	1.09106	1.14031	1.08777	1.13897	1.12978	1.10373	1.1042	1.09804	1.10316	1.10255	1.10694	1.10966	1.12234	1.10733	1.11738	1.11431
ERR613443	0.88975	0.890766	0.881012	0.890563	0.895449	0.887058	0.889106	0.883569	0.884816	0.885145	0.889171	0.883988	0.939187	0.914475	0.914652	0.909238	0.930648	0.906898	0.908566	0.910916	0.906475	0.91632	0.907312	0.910058	0.908322	0.911519	0.909818	0.912241	0.918239	0.908803	0.774732	0.779258	0	0.809462	0.755478	0.767116	0.876619	0.882098	0.865006	0.879729	0.882774	0.866317	0.92905	0.900717	0.903205	0.917927	0.91448	0.917639	0.902223	0.915732	0.91907	0.91865	0.917832	0.92053	1.09839	1.08732	1.09154	1.1064	1.09307	1.08903	1.09472	1.09443	1.11268	1.11293	1.09474	1.11053	1.10132	1.1176	1.12008	1.10101	1.11576	1.10124	1.05362	1.06399	1.04847	1.05484	1.05739	1.06435	1.0782	1.12351	1.07769	1.13042	1.07397	1.1293	1.10598	1.07819	1.07911	1.07257	1.07831	1.07706	1.08456	1.08694	1.10126	1.0845	1.09584	1.09254
ERR613448	0.92376	0.924697	0.921482	0.926535	0.929458	0.924105	0.953493	0.950705	0.951103	0.951422	0.95397	0.950574	0.991454	0.973413	0.973687	0.968357	0.984777	0.966538	0.968044	0.96918	0.965663	0.972773	0.96734	0.968892	0.967604	0.97048	0.969222	0.970628	0.974948	0.968336	0.822439	0.824806	0.809462	0	0.814077	0.820878	0.94398	0.94691	0.935512	0.945636	0.947471	0.937366	0.981811	0.962876	0.964764	0.975548	0.972534	0.975711	0.968654	0.978793	0.981347	0.981089	0.980148	0.982921	1.14033	1.13182	1.13514	1.14595	1.13504	1.1315	1.13759	1.13766	1.15221	1.15224	1.13788	1.15043	1.14392	1.15691	1.15927	1.14227	1.15566	1.14363	1.10126	1.11068	1.09675	1.10185	1.10484	1.11086	1.11543	1.16351	1.11618	1.16899	1.11232	1.16729	1.14508	1.12351	1.12406	1.11904	1.12328	1.12226	1.1305	1.1318	1.14379	1.13056	1.14	1.13722
ERR613445	0.895815	0.896692	0.888482	0.897238	0.90234	0.893501	0.901606	0.897854	0.898169	0.898796	0.902082	0.897054	0.948108	0.92553	0.925556	0.919553	0.940498	0.917492	0.919585	0.921434	0.916907	0.926379	0.918699	0.920886	0.919114	0.922908	0.920889	0.922488	0.928507	0.919817	0.783658	0.787854	0.755478	0.814077	0	0.77593	0.890165	0.894884	0.879147	0.892584	0.895508	0.880919	0.938066	0.912778	0.915217	0.929281	0.925669	0.929094	0.916285	0.928737	0.932031	0.931582	0.93064	0.934227	1.10608	1.09605	1.10018	1.11336	1.10079	1.09661	1.10337	1.10323	1.12007	1.12015	1.10339	1.11786	1.11016	1.12535	1.12797	1.10889	1.1238	1.11008	1.06288	1.07323	1.05763	1.06344	1.06691	1.07366	1.08702	1.13552	1.08691	1.14173	1.08327	1.14018	1.11268	1.08702	1.08766	1.08176	1.08671	1.08546	1.09478	1.09609	1.11011	1.09476	1.10561	1.10251
ERR613444	0.901862	0.902935	0.896248	0.903658	0.907725	0.900452	0.914225	0.911042	0.911403	0.911637	0.915193	0.910337	0.958458	0.936625	0.93675	0.931139	0.950968	0.929179	0.930343	0.9322	0.927688	0.936476	0.929391	0.931973	0.930245	0.933159	0.931381	0.933283	0.93872	0.93057	0.793362	0.796598	0.767116	0.820878	0.77593	0	0.902546	0.906229	0.892427	0.904684	0.907193	0.894139	0.947712	0.923893	0.925971	0.939258	0.935895	0.938955	0.928876	0.940999	0.944144	0.943415	0.942882	0.94614	1.11556	1.10559	1.10966	1.12236	1.11004	1.10619	1.11238	1.11236	1.12886	1.12884	1.11278	1.12666	1.11931	1.13381	1.13635	1.11794	1.13231	1.11909	1.07249	1.08253	1.06732	1.07314	1.07629	1.08293	1.09469	1.14252	1.09487	1.14862	1.09133	1.14707	1.1218	1.0967	1.09759	1.09199	1.0969	1.09568	1.10406	1.10557	1.11893	1.10429	1.11457	1.11185
ERR636697	0.965256	0.966672	0.949141	0.962212	0.967061	0.958632	0.861844	0.854557	0.855648	0.856856	0.860549	0.855672	0.898968	0.872646	0.873251	0.867719	0.889211	0.865724	0.870566	0.873313	0.86947	0.878068	0.86944	0.872719	0.867424	0.868988	0.86734	0.869677	0.876708	0.866104	0.90575	0.909925	0.876619	0.94398	0.890165	0.902546	0	0.782121	0.760163	0.779378	0.782894	0.759484	0.874755	0.840657	0.842937	0.857907	0.855832	0.857429	0.864541	0.87707	0.880671	0.880287	0.879803	0.88148	1.09936	1.08836	1.0927	1.10837	1.09512	1.09096	1.0913	1.09164	1.10974	1.1109	1.09177	1.10779	1.0989	1.11606	1.11826	1.10029	1.114	1.09926	1.0483	1.05769	1.04353	1.05067	1.05132	1.05798	1.10371	1.12374	1.1014	1.13071	1.09921	1.13157	1.10562	1.07631	1.07744	1.07039	1.07676	1.07563	1.07729	1.08105	1.09457	1.07717	1.08835	1.08481
ERR636702	0.969077	0.970821	0.954831	0.967257	0.972762	0.963962	0.867868	0.861651	0.862801	0.863474	0.866965	0.862398	0.901829	0.876701	0.877632	0.872066	0.892687	0.869527	0.874942	0.877105	0.873158	0.881649	0.873721	0.876491	0.870466	0.872667	0.871536	0.873203	0.879848	0.869987	0.911136	0.915072	0.882098	0.94691	0.894884	0.906229	0.782121	0	0.77103	0.784131	0.787256	0.770944	0.878156	0.847071	0.849498	0.864398	0.861141	0.863648	0.872579	0.884743	0.887906	0.887182	0.886628	0.889948	1.10434	1.09405	1.09778	1.11229	1.09972	1.09554	1.09664	1.09663	1.11451	1.11528	1.09704	1.11229	1.10495	1.12136	1.1235	1.1054	1.11936	1.10495	1.05333	1.06325	1.04835	1.05526	1.05695	1.06327	1.1127	1.13545	1.11067	1.14172	1.10864	1.14243	1.10946	1.08207	1.08264	1.07611	1.08185	1.08071	1.08488	1.08765	1.10118	1.08495	1.09542	1.0921
ERR636699	0.957439	0.958838	0.941108	0.954878	0.960238	0.951292	0.849262	0.842335	0.843558	0.844661	0.848501	0.843334	0.890745	0.863363	0.864146	0.85812	0.880568	0.855783	0.861856	0.864364	0.860252	0.870264	0.860676	0.863733	0.857754	0.860261	0.858855	0.860819	0.868319	0.857446	0.896524	0.900748	0.865006	0.935512	0.879147	0.892427	0.760163	0.77103	0	0.76791	0.771882	0.746341	0.866631	0.831632	0.834171	0.850646	0.847493	0.850168	0.852672	0.866068	0.8698	0.869251	0.868535	0.871022	1.08967	1.07854	1.08278	1.09871	1.08515	1.08064	1.08192	1.0822	1.10079	1.10204	1.08228	1.09878	1.0901	1.10768	1.1098	1.09086	1.10563	1.09046	1.0394	1.04968	1.03442	1.04165	1.04284	1.04966	1.09701	1.12039	1.09468	1.12681	1.09238	1.12752	1.09593	1.0662	1.06728	1.06043	1.06633	1.06529	1.06829	1.07197	1.08605	1.0687	1.08023	1.07626
ERR636700	0.968038	0.969583	0.953007	0.965767	0.971149	0.96238	0.865503	0.859438	0.8609	0.861529	0.864837	0.860122	0.900285	0.874679	0.875789	0.870063	0.890801	0.867346	0.872556	0.874578	0.870826	0.879583	0.871649	0.874336	0.868488	0.870245	0.869132	0.870891	0.877625	0.868202	0.909347	0.912735	0.879729	0.945636	0.892584	0.904684	0.779378	0.784131	0.76791	0	0.784751	0.767703	0.876446	0.844534	0.847103	0.861935	0.859083	0.861565	0.870129	0.882713	0.885549	0.885239	0.884552	0.88737	1.10294	1.09227	1.09642	1.11098	1.09832	1.09392	1.0948	1.0951	1.11294	1.11389	1.09515	1.11072	1.10301	1.11999	1.12222	1.10397	1.11792	1.10364	1.05191	1.06169	1.04687	1.05371	1.05507	1.06182	1.11064	1.13322	1.10864	1.13956	1.10639	1.14028	1.10808	1.08027	1.08113	1.07445	1.08044	1.07917	1.08305	1.08589	1.09937	1.08286	1.09352	1.0901
ERR636701	0.970098	0.971406	0.955433	0.96799	0.973019	0.964747	0.868445	0.862319	0.863166	0.864124	0.867485	0.862874	0.902384	0.877336	0.878057	0.87248	0.893031	0.870007	0.875314	0.877681	0.873771	0.882339	0.874443	0.877413	0.871454	0.873556	0.87232	0.873819	0.880577	0.870847	0.911346	0.915592	0.882774	0.947471	0.895508	0.907193	0.782894	0.787256	0.771882	0.784751	0	0.771712	0.878486	0.84734	0.849821	0.864567	0.861696	0.863904	0.87263	0.884885	0.887817	0.887416	0.887012	0.889815	1.1051	1.0947	1.09882	1.11338	1.10037	1.09653	1.09718	1.09748	1.11518	1.11617	1.09752	1.11316	1.1055	1.12194	1.12411	1.10608	1.11989	1.10561	1.054	1.06366	1.04901	1.05572	1.05717	1.06373	1.11285	1.13518	1.11071	1.14133	1.10843	1.14214	1.1104	1.08263	1.08338	1.07687	1.08249	1.08149	1.08499	1.08823	1.10171	1.08515	1.09559	1.09244
ERR636698	0.958746	0.959329	0.940479	0.954392	0.959131	0.950924	0.850883	0.84209	0.84408	0.844799	0.849249	0.843893	0.893328	0.86398	0.865048	0.85999	0.882622	0.857612	0.862694	0.865664	0.861877	0.87185	0.861216	0.864701	0.860749	0.862162	0.860653	0.863121	0.870827	0.858783	0.89699	0.901172	0.866317	0.937366	0.880919	0.894139	0.759484	0.770944	0.746341	0.767703	0.771712	0	0.86813	0.830661	0.832975	0.849118	0.847269	0.848461	0.851472	0.865548	0.869289	0.869027	0.86836	0.870098	1.08998	1.07833	1.08264	1.09977	1.08614	1.08183	1.08114	1.0816	1.10062	1.10218	1.0818	1.09871	1.08903	1.10718	1.10917	1.09117	1.10498	1.08957	1.03898	1.0481	1.03366	1.04142	1.04148	1.04832	1.09171	1.11096	1.08935	1.11842	1.08709	1.1195	1.0974	1.06616	1.06723	1.05997	1.06629	1.0655	1.06616	1.07032	1.08461	1.06595	1.0775	1.07352
ERR613974	0.992038	0.993655	0.980036	0.991603	0.997447	0.988743	0.911485	0.907756	0.908657	0.909479	0.911551	0.907582	0.940155	0.920256	0.920875	0.914999	0.932133	0.913689	0.917695	0.919304	0.915594	0.922913	0.917086	0.918773	0.917772	0.919703	0.918982	0.920429	0.925125	0.918144	0.952521	0.956107	0.92905	0.981811	0.938066	0.947712	0.874755	0.878156	0.866631	0.876446	0.878486	0.86813	0	0.816786	0.816143	0.832314	0.826692	0.832577	0.91625	0.926108	0.928022	0.927919	0.92734	0.929946	1.10922	1.09971	1.10331	1.1158	1.10308	1.09967	1.1108	1.11057	1.1272	1.12738	1.11084	1.12534	1.1141	1.12913	1.13168	1.11393	1.12751	1.11418	1.06695	1.07661	1.06266	1.06845	1.0704	1.07652	1.12795	1.15315	1.12664	1.15775	1.12422	1.15837	1.11694	1.09136	1.09221	1.08617	1.09159	1.09029	1.09393	1.0962	1.10962	1.09348	1.10426	1.10069
ERR613977	0.970517	0.971656	0.954875	0.968098	0.973942	0.964804	0.882979	0.876009	0.877607	0.878563	0.881447	0.877199	0.91837	0.893598	0.894456	0.889043	0.90869	0.887527	0.891592	0.894017	0.890563	0.899318	0.890977	0.89358	0.893315	0.894787	0.893172	0.89537	0.90203	0.891954	0.927374	0.931096	0.900717	0.962876	0.912778	0.923893	0.840657	0.847071	0.831632	0.844534	0.84734	0.830661	0.816786	0	0.780655	0.797434	0.79488	0.797274	0.882485	0.894596	0.897519	0.896974	0.896628	0.898353	1.08799	1.07714	1.08153	1.09702	1.08281	1.07924	1.08842	1.08826	1.10677	1.10774	1.08907	1.10501	1.09085	1.1085	1.11086	1.09267	1.1067	1.09129	1.04399	1.05291	1.03898	1.04623	1.04645	1.05315	1.10071	1.1208	1.09881	1.12795	1.09665	1.12855	1.09817	1.06766	1.06853	1.06184	1.06799	1.06715	1.06664	1.07045	1.08495	1.06618	1.07795	1.07351
ERR613972	0.972405	0.973645	0.95672	0.969687	0.975056	0.966692	0.885327	0.878702	0.879966	0.880949	0.884362	0.880022	0.920216	0.895738	0.896605	0.891496	0.910797	0.889694	0.894165	0.895959	0.892905	0.900976	0.892853	0.895427	0.895319	0.896705	0.895603	0.89739	0.903552	0.893655	0.929444	0.933157	0.903205	0.964764	0.915217	0.925971	0.842937	0.849498	0.834171	0.847103	0.849821	0.832975	0.816143	0.780655	0	0.799113	0.793646	0.798603	0.884492	0.89709	0.899242	0.899114	0.898956	0.900268	1.08968	1.07857	1.08268	1.09863	1.08458	1.08092	1.08975	1.0894	1.108	1.10891	1.09037	1.10617	1.0923	1.11004	1.11205	1.09428	1.10769	1.09289	1.04553	1.05387	1.04016	1.04778	1.04787	1.05453	1.10176	1.12089	1.09968	1.12807	1.09743	1.12888	1.09958	1.06915	1.07016	1.06317	1.06925	1.06852	1.06786	1.07183	1.08612	1.06707	1.079	1.0746
ERR613975	0.983953	0.984877	0.968515	0.980518	0.985572	0.97797	0.900925	0.893943	0.89529	0.896144	0.899451	0.895695	0.932761	0.909432	0.909986	0.905827	0.923632	0.904196	0.908105	0.910315	0.907906	0.914893	0.907573	0.909846	0.910256	0.911526	0.909479	0.912015	0.917685	0.908634	0.941774	0.945131	0.917927	0.975548	0.929281	0.939258	0.857907	0.864398	0.850646	0.861935	0.864567	0.849118	0.832314	0.797434	0.799113	0	0.811885	0.809986	0.898798	0.909695	0.912005	0.911909	0.91158	0.912566	1.10228	1.09128	1.0955	1.11117	1.0978	1.09435	1.10159	1.1013	1.11898	1.12022	1.10204	1.11743	1.10375	1.1207	1.12276	1.10586	1.11879	1.10414	1.0573	1.06532	1.05232	1.05949	1.05877	1.06511	1.10989	1.1258	1.10803	1.1326	1.10587	1.13358	1.11189	1.08192	1.08294	1.07618	1.08225	1.08158	1.07921	1.08351	1.09661	1.07858	1.08987	1.08559
ERR613973	0.981522	0.982396	0.966549	0.979138	0.984705	0.976197	0.896854	0.891244	0.891981	0.892907	0.895938	0.892044	0.928834	0.905788	0.90676	0.901301	0.919791	0.899738	0.904278	0.90594	0.903045	0.910232	0.90297	0.905556	0.90531	0.906547	0.905496	0.90741	0.912981	0.904038	0.939503	0.942601	0.91448	0.972534	0.925669	0.935895	0.855832	0.861141	0.847493	0.859083	0.861696	0.847269	0.826692	0.79488	0.793646	0.811885	0	0.811866	0.897167	0.908404	0.911012	0.910602	0.910072	0.91182	1.09847	1.08815	1.09237	1.10674	1.09355	1.08992	1.099	1.09875	1.11624	1.11757	1.09944	1.11488	1.10178	1.11826	1.12061	1.10309	1.1164	1.10208	1.05496	1.0636	1.04999	1.05694	1.05729	1.06359	1.11166	1.13157	1.11013	1.13792	1.10767	1.13859	1.10796	1.07897	1.07987	1.07343	1.07906	1.07851	1.07848	1.08194	1.09596	1.07805	1.08902	1.08507
