	ERR629704	ERR629705	ERR629708	ERR629706	ERR629707	ERR629709	ERR636983	ERR636982	ERR636980	ERR636979	ERR636984	ERR636981	ERR630047	ERR630042	ERR630044	ERR630046	ERR630045	ERR630043	ERR613638	ERR613635	ERR613637	ERR613639	ERR613640	ERR613636	ERR629880	ERR629881	ERR629885	ERR629882	ERR629884	ERR629883	ERR626870	ERR626867	ERR626868	ERR626872	ERR626869	ERR626871	ERR608871	ERR608872	ERR608875	ERR608873	ERR608876	ERR608874	ERR630691	ERR630689	ERR630693	ERR630690	ERR630692	ERR630688	ERR616786	ERR616781	ERR616782	ERR616783	ERR616785	ERR616784	ERR617439	ERR617441	ERR617440	ERR617444	ERR617443	ERR617442	ERR618232	ERR618235	ERR618236	ERR618233	ERR618231	ERR618234	ERR609283	ERR609287	ERR609286	ERR609284	ERR609288	ERR609285	ERR609168	ERR609166	ERR609165	ERR609164	ERR609163	ERR609167	ERR626598	ERR626601	ERR626600	ERR626599	ERR626596	ERR626597	ERR612533	ERR612531	ERR612532	ERR612534	ERR612530	ERR612529	ERR616444	ERR616447	ERR616449	ERR616445	ERR616448	ERR616446
ERR629704	0	0.785954	0.759996	0.786163	0.75944	0.757214	0.876831	0.902003	0.910308	0.88631	0.880227	0.885872	0.94216	0.940267	0.947743	0.949454	0.966977	0.958823	0.862999	0.848931	0.855953	0.864489	0.892542	0.851674	0.901322	0.91662	0.919728	0.90315	0.921702	0.92097	0.903273	0.867133	0.876469	0.867064	0.876006	0.904677	1.00606	0.963442	0.991067	0.953931	0.994949	0.989556	1.03982	1.0369	1.0386	1.02624	1.03739	1.03078	1.03047	1.02675	1.02432	1.02098	1.03123	1.03034	1.07013	1.06864	1.07023	1.06376	1.05965	1.06038	1.08047	1.07913	1.07745	1.0758	1.07852	1.07574	1.03028	1.03147	1.04848	1.03162	1.03276	1.03466	1.08087	1.09598	1.08701	1.08196	1.08067	1.08016	1.08017	1.07032	1.06995	1.07158	1.0574	1.06567	1.08595	1.07485	1.08572	1.08674	1.0934	1.06863	1.07876	1.06163	1.06074	1.11553	1.06097	1.07684
ERR629705	0.785954	0	0.784039	0.804697	0.783444	0.78143	0.899792	0.922841	0.929805	0.908675	0.902485	0.908552	0.957494	0.956988	0.964071	0.963607	0.979914	0.973858	0.881239	0.868707	0.873307	0.882153	0.906651	0.870277	0.919695	0.9326	0.934972	0.92202	0.936626	0.936392	0.919542	0.88704	0.894397	0.88667	0.894302	0.920377	1.01843	0.98036	1.00613	0.972248	1.01021	1.00494	1.05145	1.04983	1.05076	1.04002	1.04927	1.0442	1.04286	1.03998	1.038	1.03508	1.04358	1.04285	1.08408	1.08327	1.08471	1.07851	1.07525	1.07612	1.09394	1.09266	1.09105	1.08986	1.09197	1.08974	1.0456	1.04647	1.06268	1.04672	1.04772	1.04891	1.09468	1.10907	1.10009	1.09587	1.09451	1.09412	1.09381	1.08525	1.08505	1.0866	1.07342	1.08127	1.10014	1.08964	1.09989	1.1009	1.10715	1.08438	1.09237	1.07613	1.07486	1.12625	1.0755	1.09087
ERR629708	0.759996	0.784039	0	0.784854	0.750613	0.751322	0.870996	0.89685	0.904977	0.880847	0.87449	0.880479	0.937337	0.935613	0.943274	0.944152	0.962506	0.953979	0.859389	0.844645	0.851657	0.861134	0.888981	0.847273	0.897508	0.912709	0.916083	0.899452	0.917939	0.917567	0.900406	0.862972	0.872731	0.863332	0.872076	0.901912	1.00153	0.958651	0.987193	0.949347	0.990654	0.985506	1.03624	1.03398	1.03535	1.02306	1.03391	1.02761	1.02617	1.02254	1.02008	1.01647	1.0271	1.02602	1.06624	1.06462	1.06636	1.05982	1.05555	1.05634	1.07561	1.07422	1.07266	1.07112	1.07393	1.071	1.02631	1.02733	1.04487	1.02746	1.02881	1.03045	1.07564	1.09171	1.0818	1.07714	1.0756	1.07506	1.07525	1.06535	1.06507	1.06701	1.05228	1.06073	1.08175	1.07024	1.08137	1.0825	1.08927	1.06436	1.07385	1.05611	1.05511	1.11149	1.05534	1.07183
ERR629706	0.786163	0.804697	0.784854	0	0.783755	0.781946	0.900651	0.923529	0.930558	0.909373	0.903545	0.908803	0.959755	0.958714	0.964839	0.966107	0.981972	0.97518	0.880972	0.868876	0.87424	0.882358	0.907156	0.871098	0.920401	0.933366	0.935725	0.922252	0.937829	0.937243	0.919953	0.887624	0.895638	0.887551	0.894996	0.921173	1.01964	0.981436	1.00704	0.973051	1.01129	1.00575	1.05225	1.05015	1.05158	1.04049	1.05018	1.04477	1.04505	1.04142	1.03969	1.03664	1.04583	1.04497	1.08435	1.08342	1.08495	1.07877	1.0753	1.07596	1.09497	1.09385	1.092	1.09107	1.09337	1.09088	1.04635	1.04725	1.06326	1.04769	1.0487	1.05	1.09579	1.11023	1.10133	1.09694	1.0955	1.09536	1.09482	1.08581	1.08572	1.08718	1.07392	1.08174	1.10114	1.09071	1.10052	1.10178	1.10785	1.08497	1.09326	1.07768	1.07653	1.12695	1.07713	1.09163
ERR629707	0.75944	0.783444	0.750613	0.783755	0	0.750464	0.870613	0.896348	0.904655	0.880343	0.873998	0.879793	0.936965	0.935419	0.943092	0.944146	0.96228	0.95402	0.858923	0.843893	0.851369	0.860227	0.88858	0.846984	0.896716	0.91228	0.915566	0.898958	0.91748	0.917063	0.899891	0.862353	0.872232	0.862392	0.871403	0.901262	1.00133	0.958419	0.986417	0.948649	0.990418	0.984913	1.03623	1.03368	1.03545	1.02247	1.03396	1.02721	1.02608	1.02237	1.01989	1.01627	1.02713	1.0263	1.06544	1.06407	1.06583	1.05925	1.05471	1.05569	1.07561	1.07393	1.07265	1.07074	1.07374	1.07113	1.02592	1.02689	1.04448	1.02704	1.02824	1.03034	1.07595	1.09153	1.08201	1.0771	1.07551	1.07529	1.07534	1.06518	1.06507	1.06678	1.05196	1.06063	1.08161	1.07034	1.08162	1.08242	1.08936	1.06431	1.07391	1.05618	1.05518	1.11179	1.05549	1.07208
ERR629709	0.757214	0.78143	0.751322	0.781946	0.750464	0	0.868469	0.894505	0.90263	0.878236	0.871934	0.878058	0.934607	0.933651	0.941206	0.941857	0.9598	0.952446	0.857852	0.84259	0.849777	0.859567	0.887723	0.845178	0.895319	0.911323	0.914214	0.897413	0.916309	0.915412	0.899181	0.861577	0.871313	0.861202	0.870539	0.90084	0.99951	0.957192	0.985198	0.947182	0.989141	0.983666	1.03508	1.03268	1.03418	1.02145	1.03279	1.02633	1.02457	1.02076	1.01865	1.0148	1.02551	1.02448	1.06507	1.06367	1.06542	1.05848	1.05458	1.05542	1.07427	1.0729	1.07136	1.06988	1.07244	1.06963	1.02462	1.02569	1.04367	1.02592	1.02715	1.02893	1.07435	1.09054	1.08056	1.07547	1.07416	1.07395	1.07399	1.06409	1.06365	1.0656	1.05081	1.05932	1.08057	1.06912	1.08036	1.08131	1.08821	1.06294	1.07265	1.05474	1.05359	1.11088	1.05399	1.07091
ERR636983	0.876831	0.899792	0.870996	0.900651	0.870613	0.868469	0	0.754601	0.766813	0.741194	0.732323	0.740685	0.858137	0.851588	0.858129	0.864913	0.886055	0.871114	0.907025	0.889493	0.898899	0.907986	0.936345	0.892462	0.934604	0.951744	0.956323	0.936312	0.957935	0.956976	0.923419	0.879175	0.89179	0.879228	0.890304	0.924836	0.902172	0.860897	0.884681	0.852947	0.888676	0.883682	1.05171	1.04887	1.05073	1.03613	1.0491	1.0418	1.04281	1.03853	1.03561	1.03185	1.04341	1.04249	1.07963	1.07776	1.0795	1.07228	1.06718	1.06806	1.08935	1.08765	1.08571	1.08408	1.08705	1.08374	1.03763	1.03893	1.05819	1.03958	1.04065	1.04338	1.07759	1.09553	1.08491	1.07922	1.07776	1.07726	1.08063	1.06898	1.06888	1.07081	1.0544	1.06407	1.08725	1.07492	1.08681	1.08811	1.09525	1.06826	1.08805	1.06682	1.06582	1.13146	1.06609	1.08595
ERR636982	0.902003	0.922841	0.89685	0.923529	0.896348	0.894505	0.754601	0	0.784564	0.764715	0.757555	0.764403	0.875198	0.868047	0.873667	0.880651	0.89935	0.885259	0.929845	0.914352	0.922467	0.930386	0.956278	0.916699	0.959453	0.975205	0.979689	0.961319	0.98103	0.980256	0.944655	0.904313	0.916176	0.904849	0.914861	0.946145	0.909772	0.874704	0.89398	0.868144	0.897478	0.893504	1.06955	1.06606	1.06835	1.05481	1.06696	1.06005	1.0631	1.05904	1.0561	1.0526	1.06348	1.0625	1.09669	1.09479	1.09659	1.08959	1.08509	1.0856	1.10678	1.10502	1.10354	1.10173	1.10466	1.10153	1.05802	1.05937	1.07695	1.05987	1.0608	1.06343	1.09628	1.11241	1.10284	1.09771	1.09608	1.09567	1.09819	1.08755	1.08732	1.0888	1.07379	1.08295	1.10457	1.09301	1.10436	1.10528	1.1122	1.08682	1.10535	1.08585	1.08498	1.14607	1.08495	1.10365
ERR636980	0.910308	0.929805	0.904977	0.930558	0.904655	0.90263	0.766813	0.784564	0	0.77212	0.76905	0.771325	0.87899	0.872522	0.877933	0.883907	0.901987	0.888782	0.937605	0.922761	0.929899	0.938699	0.963385	0.924497	0.966988	0.981689	0.985662	0.968546	0.987284	0.986123	0.953991	0.913961	0.924768	0.913867	0.924024	0.954797	0.911393	0.879605	0.897437	0.873658	0.900869	0.897047	1.07434	1.07189	1.07349	1.06067	1.07184	1.06551	1.0675	1.06357	1.06141	1.05788	1.06796	1.06721	1.1029	1.10159	1.10342	1.09635	1.09231	1.09309	1.11191	1.1101	1.10846	1.10728	1.10971	1.107	1.06389	1.06531	1.08283	1.06533	1.06656	1.06876	1.10184	1.11802	1.10779	1.10325	1.10188	1.10114	1.10401	1.09424	1.09423	1.09581	1.08083	1.08978	1.11062	1.09897	1.11044	1.11125	1.11785	1.09328	1.11109	1.09112	1.09024	1.15076	1.09066	1.10896
ERR636979	0.88631	0.908675	0.880847	0.909373	0.880343	0.878236	0.741194	0.764715	0.77212	0	0.744559	0.745901	0.868334	0.859072	0.86559	0.874606	0.894825	0.878597	0.914311	0.897584	0.907376	0.914639	0.942956	0.901043	0.942622	0.959877	0.965452	0.944435	0.966923	0.96583	0.929216	0.88652	0.899181	0.886692	0.897664	0.930452	0.907425	0.867335	0.888885	0.858856	0.892754	0.888134	1.05743	1.05346	1.05624	1.04125	1.05486	1.04728	1.05066	1.04601	1.04225	1.03863	1.05109	1.05033	1.08485	1.0824	1.08414	1.07731	1.07164	1.07233	1.09451	1.09299	1.09146	1.08944	1.09283	1.08923	1.04323	1.04495	1.06326	1.04534	1.04686	1.04967	1.08361	1.10038	1.091	1.08487	1.08317	1.08306	1.08613	1.07416	1.07373	1.07574	1.05953	1.06927	1.09213	1.0801	1.09175	1.09269	1.10007	1.07313	1.09351	1.07294	1.07207	1.13552	1.07233	1.09103
ERR636984	0.880227	0.902485	0.87449	0.903545	0.873998	0.871934	0.732323	0.757555	0.76905	0.744559	0	0.743589	0.861189	0.854053	0.860698	0.867776	0.888673	0.873596	0.909247	0.892676	0.901307	0.910571	0.938333	0.89552	0.937462	0.954141	0.958788	0.939081	0.960504	0.959379	0.925706	0.881879	0.894331	0.881835	0.893116	0.927102	0.903033	0.862854	0.88602	0.854454	0.889564	0.884973	1.0538	1.05063	1.05252	1.0381	1.05123	1.04395	1.04511	1.041	1.03756	1.03376	1.04556	1.0446	1.08119	1.07929	1.08134	1.07378	1.06855	1.06966	1.09095	1.08948	1.08769	1.08597	1.08904	1.08596	1.03957	1.04105	1.06013	1.04169	1.04284	1.04557	1.07986	1.09739	1.08712	1.08155	1.07991	1.07943	1.08242	1.071	1.07072	1.0727	1.05635	1.06629	1.08877	1.07667	1.08858	1.08977	1.09711	1.07003	1.08984	1.06892	1.06787	1.13295	1.06824	1.08772
ERR636981	0.885872	0.908552	0.880479	0.908803	0.879793	0.878058	0.740685	0.764403	0.771325	0.745901	0.743589	0	0.867643	0.858698	0.865245	0.874013	0.894223	0.878214	0.913563	0.897611	0.906652	0.914518	0.943282	0.900656	0.94185	0.95899	0.964524	0.943681	0.965876	0.965117	0.928511	0.886192	0.898894	0.886527	0.897271	0.930015	0.906898	0.866429	0.888845	0.85796	0.891805	0.887625	1.05736	1.05314	1.05599	1.04092	1.05463	1.04687	1.04996	1.04545	1.04172	1.03794	1.05073	1.0497	1.08417	1.0816	1.08367	1.07655	1.07079	1.07174	1.09377	1.09255	1.09073	1.08891	1.09207	1.08858	1.04291	1.04439	1.06297	1.04502	1.04637	1.04942	1.08302	1.09987	1.09035	1.08441	1.08266	1.08242	1.08535	1.07309	1.07278	1.07473	1.05849	1.06841	1.09157	1.07953	1.09109	1.09187	1.09938	1.07216	1.0928	1.07251	1.07158	1.13502	1.07184	1.09039
ERR630047	0.94216	0.957494	0.937337	0.959755	0.936965	0.934607	0.858137	0.875198	0.87899	0.868334	0.861189	0.867643	0	0.791534	0.799467	0.789978	0.809666	0.806458	0.962776	0.946637	0.949762	0.963972	0.98234	0.944603	0.976702	0.987168	0.986227	0.978203	0.987605	0.987977	0.973904	0.930285	0.939755	0.929896	0.939516	0.974229	0.898867	0.873109	0.896037	0.869097	0.899085	0.894411	1.08211	1.0848	1.08201	1.07339	1.07955	1.0769	1.08008	1.07666	1.07845	1.07548	1.08073	1.07948	1.13238	1.13436	1.13602	1.1277	1.12689	1.12742	1.13648	1.13449	1.13247	1.13309	1.13213	1.1326	1.0881	1.08792	1.10717	1.08836	1.0891	1.08898	1.12475	1.1422	1.12911	1.12626	1.12614	1.12467	1.12936	1.12436	1.12451	1.12568	1.11123	1.11901	1.13888	1.12632	1.13866	1.14021	1.14465	1.12431	1.13884	1.11838	1.11766	1.17694	1.11847	1.13763
ERR630042	0.940267	0.956988	0.935613	0.958714	0.935419	0.933651	0.851588	0.868047	0.872522	0.859072	0.854053	0.858698	0.791534	0	0.794515	0.798279	0.818295	0.804287	0.957723	0.942571	0.948213	0.959121	0.980308	0.942799	0.973564	0.985765	0.987802	0.975209	0.989024	0.989044	0.964685	0.922374	0.933022	0.922419	0.932455	0.965107	0.898359	0.868431	0.889424	0.862478	0.892709	0.887995	1.08122	1.08179	1.08099	1.07014	1.07931	1.07461	1.08208	1.07831	1.07805	1.07464	1.08272	1.08161	1.12997	1.13058	1.13241	1.1248	1.12232	1.12301	1.13527	1.13395	1.13212	1.13136	1.13202	1.13131	1.08442	1.08488	1.10254	1.08511	1.08601	1.08716	1.12384	1.13971	1.1291	1.1248	1.12427	1.12351	1.12805	1.12109	1.12092	1.12227	1.10817	1.11592	1.1359	1.1244	1.1359	1.13713	1.14211	1.12073	1.13741	1.11797	1.11709	1.17529	1.1179	1.13577
ERR630044	0.947743	0.964071	0.943274	0.964839	0.943092	0.941206	0.858129	0.873667	0.877933	0.86559	0.860698	0.865245	0.799467	0.794515	0	0.805542	0.824751	0.810843	0.964474	0.950094	0.954892	0.965992	0.98595	0.949942	0.98119	0.992704	0.994574	0.982535	0.996126	0.99574	0.971944	0.930253	0.940676	0.930187	0.940116	0.971776	0.901169	0.87319	0.89279	0.867802	0.895856	0.89211	1.08557	1.08608	1.08487	1.07485	1.08334	1.07881	1.08689	1.08305	1.08293	1.07969	1.08741	1.08644	1.13373	1.13414	1.13581	1.12838	1.12583	1.12668	1.13904	1.13787	1.13588	1.13514	1.136	1.13505	1.08933	1.08976	1.10733	1.09014	1.09107	1.09213	1.12765	1.1436	1.13304	1.12885	1.12836	1.12732	1.13191	1.12499	1.12498	1.12629	1.11201	1.12015	1.13971	1.12813	1.13944	1.14076	1.14585	1.12463	1.14133	1.12196	1.12132	1.17831	1.12192	1.13954
ERR630046	0.949454	0.963607	0.944152	0.966107	0.944146	0.941857	0.864913	0.880651	0.883907	0.874606	0.867776	0.874013	0.789978	0.798279	0.805542	0	0.815255	0.812008	0.96914	0.953392	0.955987	0.970356	0.988181	0.95169	0.984706	0.994734	0.993633	0.985895	0.994733	0.995069	0.980416	0.937732	0.946408	0.936942	0.946453	0.980163	0.901912	0.878193	0.899491	0.874453	0.902796	0.898531	1.08729	1.09011	1.08738	1.07893	1.08489	1.08246	1.08631	1.08291	1.08487	1.08171	1.08675	1.08562	1.13724	1.13922	1.1412	1.13267	1.13165	1.13244	1.14129	1.13966	1.13789	1.13816	1.1373	1.13785	1.0947	1.09412	1.11278	1.09444	1.09523	1.09491	1.13035	1.14723	1.13432	1.13187	1.13173	1.13006	1.13446	1.12976	1.12973	1.13101	1.11721	1.12456	1.1437	1.13173	1.14399	1.14515	1.14943	1.13	1.14387	1.12375	1.1232	1.18121	1.12396	1.14277
ERR630045	0.966977	0.979914	0.962506	0.981972	0.96228	0.9598	0.886055	0.89935	0.901987	0.894825	0.888673	0.894223	0.809666	0.818295	0.824751	0.815255	0	0.829475	0.985664	0.970955	0.972804	0.986608	1.0021	0.968973	1.00318	1.0122	1.01092	1.00437	1.01216	1.01249	0.996584	0.956651	0.964809	0.955367	0.964636	0.99652	0.915506	0.896184	0.914823	0.893104	0.917943	0.913818	1.10088	1.1038	1.10093	1.09345	1.09896	1.09625	1.10077	1.09785	1.09965	1.09692	1.10161	1.10031	1.15048	1.15255	1.15381	1.14615	1.14534	1.1461	1.15456	1.15234	1.1508	1.15123	1.15029	1.15104	1.10971	1.10899	1.12688	1.10953	1.10993	1.10974	1.14392	1.1601	1.1477	1.14529	1.14538	1.14375	1.14767	1.14363	1.14383	1.14477	1.13137	1.13845	1.1569	1.14509	1.1569	1.15804	1.16217	1.1436	1.15674	1.13762	1.1369	1.19226	1.13792	1.15568
ERR630043	0.958823	0.973858	0.953979	0.97518	0.95402	0.952446	0.871114	0.885259	0.888782	0.878597	0.873596	0.878214	0.806458	0.804287	0.810843	0.812008	0.829475	0	0.975468	0.961273	0.965049	0.97651	0.995331	0.960465	0.993036	1.0039	1.00507	0.994401	1.00592	1.00608	0.982706	0.94296	0.952247	0.942641	0.951938	0.983118	0.907329	0.883182	0.90126	0.878266	0.904217	0.900262	1.09431	1.09549	1.09403	1.08454	1.09208	1.0885	1.09536	1.09229	1.09253	1.08949	1.09598	1.09485	1.14211	1.14301	1.14478	1.13739	1.13549	1.13614	1.14705	1.14574	1.1436	1.14325	1.14357	1.14334	1.09988	1.09993	1.11731	1.10008	1.10112	1.10178	1.1361	1.15195	1.14091	1.1374	1.13713	1.13595	1.13993	1.13393	1.13402	1.13504	1.12179	1.12909	1.14816	1.13683	1.14829	1.14918	1.15382	1.13395	1.1491	1.13006	1.12921	1.18494	1.12974	1.14746
ERR613638	0.862999	0.881239	0.859389	0.880972	0.858923	0.857852	0.907025	0.929845	0.937605	0.914311	0.909247	0.913563	0.962776	0.957723	0.964474	0.96914	0.985664	0.975468	0	0.80036	0.810206	0.81578	0.846128	0.80508	0.930411	0.945655	0.950021	0.932308	0.952029	0.951574	0.925539	0.893048	0.902529	0.893068	0.901475	0.926235	1.01697	0.975732	1.00023	0.965901	1.00377	0.99924	1.05641	1.05309	1.05574	1.04284	1.05438	1.04797	1.05629	1.05261	1.04848	1.04522	1.05708	1.05646	1.08894	1.08656	1.08829	1.08239	1.07811	1.07879	1.09723	1.09612	1.09488	1.0929	1.09613	1.09287	1.04213	1.04381	1.05936	1.04441	1.04557	1.04772	1.07117	1.08699	1.07681	1.0717	1.07126	1.07042	1.09185	1.08155	1.08106	1.08284	1.06923	1.07741	1.07313	1.0642	1.07262	1.07372	1.07914	1.059	1.09495	1.07827	1.07742	1.13065	1.07788	1.09313
ERR613635	0.848931	0.868707	0.844645	0.868876	0.843893	0.84259	0.889493	0.914352	0.922761	0.897584	0.892676	0.897611	0.946637	0.942571	0.950094	0.953392	0.970955	0.961273	0.80036	0	0.788431	0.802137	0.83359	0.78117	0.916066	0.932122	0.935759	0.918335	0.93803	0.937386	0.918059	0.881438	0.891675	0.881606	0.890641	0.918975	1.00463	0.962145	0.988695	0.952256	0.992424	0.98747	1.0459	1.04347	1.04497	1.03247	1.04369	1.03715	1.04269	1.0389	1.03544	1.03212	1.04332	1.04248	1.07978	1.07815	1.0799	1.07305	1.06926	1.06982	1.08743	1.08631	1.08517	1.08312	1.08566	1.08297	1.02994	1.03154	1.04851	1.03191	1.03305	1.03527	1.05763	1.07558	1.06289	1.05801	1.05831	1.05677	1.08173	1.07168	1.07142	1.07308	1.05865	1.06719	1.06011	1.05063	1.05948	1.06071	1.0662	1.04614	1.08576	1.06721	1.06625	1.12416	1.06682	1.08403
ERR613637	0.855953	0.873307	0.851657	0.87424	0.851369	0.849777	0.898899	0.922467	0.929899	0.907376	0.901307	0.906652	0.949762	0.948213	0.954892	0.955987	0.972804	0.965049	0.810206	0.788431	0	0.811844	0.84032	0.791097	0.92421	0.938917	0.941347	0.926134	0.94294	0.942838	0.925468	0.890137	0.899015	0.889724	0.89854	0.926373	1.00795	0.968354	0.994328	0.959189	0.998309	0.993081	1.05053	1.04911	1.05003	1.03869	1.04865	1.04317	1.04791	1.04415	1.04157	1.0384	1.048	1.04739	1.086	1.08507	1.08671	1.07971	1.07667	1.07684	1.09298	1.09186	1.09031	1.08889	1.0906	1.08857	1.03745	1.03866	1.05556	1.03911	1.03981	1.04171	1.06336	1.08116	1.06835	1.06417	1.06443	1.06248	1.08772	1.0788	1.07857	1.08025	1.06593	1.07437	1.0664	1.05698	1.06592	1.06709	1.07225	1.05328	1.09175	1.07326	1.07235	1.12878	1.07305	1.08968
ERR613639	0.864489	0.882153	0.861134	0.882358	0.860227	0.859567	0.907986	0.930386	0.938699	0.914639	0.910571	0.914518	0.963972	0.959121	0.965992	0.970356	0.986608	0.97651	0.81578	0.802137	0.811844	0	0.847386	0.806458	0.931843	0.946921	0.951402	0.933699	0.953515	0.952414	0.926683	0.8946	0.90394	0.894846	0.902904	0.927583	1.0177	0.976675	1.00161	0.966691	1.00492	0.99996	1.05718	1.05382	1.0563	1.04347	1.05544	1.04861	1.05678	1.05317	1.04907	1.04572	1.05752	1.05689	1.08912	1.08705	1.08891	1.08282	1.07875	1.07899	1.09765	1.09699	1.09533	1.09358	1.09639	1.0932	1.04273	1.04448	1.05981	1.04498	1.04585	1.04853	1.07196	1.08766	1.07747	1.07239	1.07182	1.07094	1.0922	1.0818	1.08141	1.0829	1.06949	1.07787	1.07373	1.06453	1.07293	1.074	1.07961	1.05947	1.09551	1.07891	1.07815	1.1311	1.07841	1.0936
ERR613640	0.892542	0.906651	0.888981	0.907156	0.88858	0.887723	0.936345	0.956278	0.963385	0.942956	0.938333	0.943282	0.98234	0.980308	0.98595	0.988181	1.0021	0.995331	0.846128	0.83359	0.84032	0.847386	0	0.836206	0.958953	0.971612	0.974024	0.960748	0.975836	0.975391	0.952434	0.92343	0.931013	0.923285	0.930693	0.953006	1.03434	0.998705	1.0214	0.990704	1.02487	1.02039	1.07523	1.0734	1.07459	1.06408	1.07339	1.06832	1.07402	1.07065	1.06813	1.0653	1.07447	1.07392	1.10746	1.10657	1.10796	1.10227	1.09929	1.09973	1.11507	1.11399	1.11269	1.11113	1.11327	1.11096	1.06426	1.06502	1.08022	1.06573	1.06653	1.06796	1.08866	1.1045	1.09329	1.08921	1.08938	1.08803	1.10969	1.10175	1.10134	1.10293	1.09046	1.09773	1.09132	1.08307	1.09104	1.0919	1.0965	1.07915	1.11352	1.09742	1.09656	1.1463	1.09692	1.11135
ERR613636	0.851674	0.870277	0.847273	0.871098	0.846984	0.845178	0.892462	0.916699	0.924497	0.901043	0.89552	0.900656	0.944603	0.942799	0.949942	0.95169	0.968973	0.960465	0.80508	0.78117	0.791097	0.806458	0.836206	0	0.918954	0.934054	0.93696	0.921411	0.939026	0.938382	0.922073	0.884921	0.89449	0.885118	0.894128	0.922665	1.00438	0.96333	0.990479	0.954266	0.994223	0.98906	1.04708	1.04583	1.04653	1.03467	1.045	1.03921	1.04362	1.03966	1.03752	1.0341	1.04428	1.04361	1.08228	1.08155	1.08329	1.07625	1.0729	1.07348	1.0893	1.08811	1.08678	1.0851	1.08717	1.08521	1.03238	1.03346	1.05102	1.03384	1.03503	1.03646	1.05965	1.07809	1.06477	1.06054	1.06061	1.05901	1.08371	1.07512	1.07495	1.07668	1.06205	1.07037	1.06278	1.05273	1.06226	1.06355	1.06858	1.04892	1.08815	1.06908	1.06821	1.12643	1.06886	1.08635
ERR629880	0.901322	0.919695	0.897508	0.920401	0.896716	0.895319	0.934604	0.959453	0.966988	0.942622	0.937462	0.94185	0.976702	0.973564	0.98119	0.984706	1.00318	0.993036	0.930411	0.916066	0.92421	0.931843	0.958953	0.918954	0	0.796014	0.802766	0.779589	0.804656	0.804162	0.949214	0.912032	0.922837	0.912821	0.921496	0.949625	1.03221	0.988253	1.01696	0.978715	1.01995	1.01485	0.998832	0.996313	0.998444	0.985333	0.996211	0.990026	1.00301	0.999064	0.996215	0.992165	1.00384	1.003	1.05115	1.04961	1.05132	1.0439	1.03971	1.0408	1.06863	1.06712	1.06573	1.06341	1.06695	1.06377	1.01044	1.01189	1.02866	1.01176	1.01349	1.01544	1.05646	1.07178	1.06235	1.05753	1.0555	1.05593	1.05909	1.04892	1.04861	1.05081	1.03533	1.04433	1.06172	1.05007	1.06162	1.06276	1.06944	1.04355	1.0624	1.04394	1.04352	1.10087	1.04355	1.06067
ERR629881	0.91662	0.9326	0.912709	0.933366	0.91228	0.911323	0.951744	0.975205	0.981689	0.959877	0.954141	0.95899	0.987168	0.985765	0.992704	0.994734	1.0122	1.0039	0.945655	0.932122	0.938917	0.946921	0.971612	0.934054	0.796014	0	0.815702	0.798103	0.817546	0.817265	0.96503	0.929912	0.939199	0.930332	0.938529	0.965265	1.04262	1.00244	1.0302	0.994069	1.03329	1.02806	1.00841	1.00719	1.00828	0.997104	1.00602	1.0009	1.01276	1.00941	1.00758	1.00404	1.01309	1.01243	1.0637	1.06324	1.06483	1.05766	1.0545	1.0556	1.08232	1.08038	1.07923	1.07749	1.07999	1.07779	1.02414	1.02497	1.0416	1.02494	1.02643	1.02761	1.07041	1.0851	1.07588	1.07141	1.07009	1.06996	1.07258	1.06421	1.06417	1.06591	1.05147	1.05979	1.07554	1.06448	1.07585	1.07685	1.08293	1.05952	1.07638	1.05832	1.05788	1.11227	1.05805	1.07487
ERR629885	0.919728	0.934972	0.916083	0.935725	0.915566	0.914214	0.956323	0.979689	0.985662	0.965452	0.958788	0.964524	0.986227	0.987802	0.994574	0.993633	1.01092	1.00507	0.950021	0.935759	0.941347	0.951402	0.974024	0.93696	0.802766	0.815702	0	0.804444	0.815494	0.815885	0.972173	0.936737	0.945268	0.936978	0.944712	0.972263	1.04325	1.00594	1.03341	0.998102	1.0361	1.03149	1.01114	1.01157	1.0114	1.00122	1.00865	1.00452	1.01533	1.01225	1.01194	1.00796	1.01587	1.0151	1.06842	1.06905	1.07024	1.06259	1.06063	1.06159	1.08582	1.08398	1.08274	1.08164	1.08306	1.08162	1.02954	1.02994	1.04721	1.03006	1.03138	1.03148	1.07398	1.08929	1.07862	1.07526	1.07421	1.0735	1.07652	1.06958	1.0694	1.07129	1.05711	1.06477	1.08059	1.06926	1.08085	1.08209	1.08762	1.0651	1.08048	1.06225	1.06208	1.1163	1.06199	1.0792
ERR629882	0.90315	0.92202	0.899452	0.922252	0.898958	0.897413	0.936312	0.961319	0.968546	0.944435	0.939081	0.943681	0.978203	0.975209	0.982535	0.985895	1.00437	0.994401	0.932308	0.918335	0.926134	0.933699	0.960748	0.921411	0.779589	0.798103	0.804444	0	0.806216	0.806697	0.951731	0.914649	0.925237	0.915058	0.924093	0.951809	1.03312	0.989919	1.01833	0.980501	1.02147	1.01654	1.00043	0.997523	0.999567	0.98662	0.997272	0.991263	1.00397	1	0.997501	0.993072	1.00482	1.0043	1.05191	1.05083	1.0522	1.0451	1.04062	1.0418	1.06947	1.06824	1.06647	1.06449	1.06762	1.06463	1.01204	1.01348	1.03038	1.01335	1.01499	1.01677	1.05737	1.07284	1.06322	1.05864	1.05684	1.057	1.05995	1.04962	1.04938	1.05123	1.03623	1.04506	1.06258	1.05081	1.06262	1.06349	1.07044	1.04454	1.06321	1.04486	1.04444	1.10144	1.04471	1.0617
ERR629884	0.921702	0.936626	0.917939	0.937829	0.91748	0.916309	0.957935	0.98103	0.987284	0.966923	0.960504	0.965876	0.987605	0.989024	0.996126	0.994733	1.01216	1.00592	0.952029	0.93803	0.94294	0.953515	0.975836	0.939026	0.804656	0.817546	0.815494	0.806216	0	0.817515	0.973537	0.937896	0.946526	0.938201	0.946442	0.973487	1.04476	1.00716	1.03473	0.99955	1.03742	1.03255	1.01173	1.01238	1.01191	1.00231	1.00922	1.00546	1.01552	1.01217	1.0122	1.00855	1.01581	1.01549	1.06888	1.06954	1.07084	1.06334	1.06147	1.06221	1.08625	1.08465	1.08328	1.0822	1.08331	1.08223	1.03021	1.03057	1.04767	1.0308	1.0318	1.0323	1.07442	1.0896	1.07919	1.07571	1.07462	1.07405	1.07712	1.07044	1.07001	1.0719	1.05784	1.06541	1.08086	1.06965	1.08122	1.08232	1.08808	1.06554	1.08094	1.06262	1.06237	1.11628	1.0627	1.07973
ERR629883	0.92097	0.936392	0.917567	0.937243	0.917063	0.915412	0.956976	0.980256	0.986123	0.96583	0.959379	0.965117	0.987977	0.989044	0.99574	0.995069	1.01249	1.00608	0.951574	0.937386	0.942838	0.952414	0.975391	0.938382	0.804162	0.817265	0.815885	0.806697	0.817515	0	0.973615	0.93762	0.946421	0.938077	0.946039	0.973218	1.04444	1.00649	1.03421	0.998936	1.03705	1.03218	1.01185	1.0122	1.01202	1.00223	1.00919	1.00543	1.01499	1.01206	1.01169	1.00823	1.01548	1.01503	1.06872	1.06937	1.07071	1.06305	1.061	1.06177	1.08644	1.08469	1.08329	1.08207	1.08356	1.08223	1.02984	1.03041	1.04724	1.03041	1.03135	1.03235	1.07407	1.08919	1.07874	1.07536	1.07432	1.07347	1.0764	1.06949	1.06924	1.07121	1.057	1.06468	1.08067	1.0693	1.08053	1.0818	1.08766	1.06495	1.0809	1.06217	1.06213	1.11642	1.06236	1.0794
ERR626870	0.903273	0.919542	0.900406	0.919953	0.899891	0.899181	0.923419	0.944655	0.953991	0.929216	0.925706	0.928511	0.973904	0.964685	0.971944	0.980416	0.996584	0.982706	0.925539	0.918059	0.925468	0.926683	0.952434	0.922073	0.949214	0.96503	0.972173	0.951731	0.973537	0.973615	0	0.793773	0.804307	0.793315	0.802647	0.82571	1.0177	0.972797	0.996272	0.961603	1.0001	0.994963	1.0588	1.05304	1.05719	1.04386	1.05663	1.04905	1.06806	1.06501	1.05921	1.05585	1.06916	1.06886	1.09339	1.09007	1.09172	1.08701	1.08118	1.0817	1.10359	1.10289	1.10209	1.09891	1.10381	1.09906	1.05558	1.058	1.07091	1.05812	1.05913	1.06308	1.09984	1.11186	1.10685	1.10065	1.09826	1.09932	1.10135	1.08883	1.08837	1.0901	1.07717	1.08546	1.10191	1.09281	1.10147	1.10215	1.10922	1.08531	1.10071	1.08659	1.08563	1.13381	1.08534	1.09893
ERR626867	0.867133	0.88704	0.862972	0.887624	0.862353	0.861577	0.879175	0.904313	0.913961	0.88652	0.881879	0.886192	0.930285	0.922374	0.930253	0.937732	0.956651	0.94296	0.893048	0.881438	0.890137	0.8946	0.92343	0.884921	0.912032	0.929912	0.936737	0.914649	0.937896	0.93762	0.793773	0	0.758589	0.747847	0.756836	0.795573	0.983831	0.934181	0.962537	0.922503	0.966786	0.961065	1.03181	1.02693	1.03022	1.01563	1.02924	1.02131	1.0364	1.03275	1.02798	1.02394	1.03718	1.03681	1.07051	1.06779	1.06952	1.06314	1.05753	1.0586	1.07998	1.07874	1.07729	1.07444	1.07881	1.07478	1.02597	1.02787	1.04459	1.02791	1.02966	1.03317	1.07326	1.08821	1.08024	1.07422	1.07201	1.07238	1.07579	1.06317	1.06272	1.06449	1.04933	1.05879	1.07823	1.06722	1.07742	1.07887	1.08606	1.06003	1.07782	1.05984	1.05873	1.11684	1.05891	1.07567
ERR626868	0.876469	0.894397	0.872731	0.895638	0.872232	0.871313	0.89179	0.916176	0.924768	0.899181	0.894331	0.898894	0.939755	0.933022	0.940676	0.946408	0.964809	0.952247	0.902529	0.891675	0.899015	0.90394	0.931013	0.89449	0.922837	0.939199	0.945268	0.925237	0.946526	0.946421	0.804307	0.758589	0	0.760903	0.769425	0.805566	0.9916	0.944605	0.97208	0.933461	0.976076	0.970375	1.03866	1.03464	1.03762	1.02414	1.03647	1.02932	1.04425	1.0409	1.03684	1.03304	1.04538	1.04466	1.07788	1.07527	1.07749	1.07084	1.06605	1.06667	1.08639	1.0853	1.08428	1.08166	1.08537	1.08176	1.03558	1.03703	1.05326	1.03717	1.03856	1.04202	1.08054	1.09497	1.08707	1.08132	1.07942	1.07952	1.08322	1.07188	1.07115	1.07317	1.05867	1.06751	1.08533	1.07475	1.08481	1.08592	1.09301	1.06777	1.08459	1.06711	1.06614	1.12208	1.06622	1.08276
ERR626872	0.867064	0.88667	0.863332	0.887551	0.862392	0.861202	0.879228	0.904849	0.913867	0.886692	0.881835	0.886527	0.929896	0.922419	0.930187	0.936942	0.955367	0.942641	0.893068	0.881606	0.889724	0.894846	0.923285	0.885118	0.912821	0.930332	0.936978	0.915058	0.938201	0.938077	0.793315	0.747847	0.760903	0	0.759001	0.795183	0.983281	0.934366	0.962995	0.92262	0.966762	0.960968	1.03178	1.02739	1.03078	1.01645	1.02978	1.02197	1.03738	1.03356	1.02877	1.02496	1.03826	1.03774	1.07154	1.06883	1.07032	1.06389	1.05821	1.05923	1.0803	1.07899	1.07797	1.07523	1.07951	1.07537	1.02718	1.02896	1.04574	1.02914	1.03067	1.03385	1.07408	1.08893	1.08093	1.07495	1.07295	1.0733	1.07642	1.064	1.06342	1.06533	1.0505	1.05963	1.07885	1.06809	1.07811	1.07936	1.08683	1.06066	1.07829	1.06072	1.0595	1.11728	1.05983	1.07642
ERR626869	0.876006	0.894302	0.872076	0.894996	0.871403	0.870539	0.890304	0.914861	0.924024	0.897664	0.893116	0.897271	0.939516	0.932455	0.940116	0.946453	0.964636	0.951938	0.901475	0.890641	0.89854	0.902904	0.930693	0.894128	0.921496	0.938529	0.944712	0.924093	0.946442	0.946039	0.802647	0.756836	0.769425	0.759001	0	0.804071	0.99102	0.94355	0.971054	0.932186	0.97514	0.96965	1.03774	1.03335	1.03639	1.02268	1.03568	1.02816	1.04405	1.0404	1.03568	1.0321	1.04474	1.04403	1.07655	1.07373	1.07546	1.06925	1.06397	1.06452	1.08578	1.08459	1.0834	1.08086	1.08467	1.08087	1.03398	1.03644	1.05236	1.03611	1.03778	1.04102	1.07991	1.09431	1.08662	1.08089	1.07903	1.07911	1.08231	1.07017	1.0696	1.07151	1.05675	1.06569	1.08424	1.0739	1.08398	1.08497	1.09204	1.06644	1.08374	1.06634	1.06536	1.12089	1.06549	1.08161
ERR626871	0.904677	0.920377	0.901912	0.921173	0.901262	0.90084	0.924836	0.946145	0.954797	0.930452	0.927102	0.930015	0.974229	0.965107	0.971776	0.980163	0.99652	0.983118	0.926235	0.918975	0.926373	0.927583	0.953006	0.922665	0.949625	0.965265	0.972263	0.951809	0.973487	0.973218	0.82571	0.795573	0.805566	0.795183	0.804071	0	1.01767	0.973121	0.99679	0.962142	1.00032	0.995373	1.05827	1.05272	1.05682	1.04355	1.0566	1.04891	1.0686	1.06547	1.05991	1.05638	1.06935	1.06881	1.09474	1.09131	1.093	1.08803	1.08236	1.08335	1.1051	1.10401	1.10342	1.10034	1.10492	1.10038	1.05674	1.05913	1.07239	1.05906	1.06043	1.06431	1.10104	1.113	1.10785	1.10202	1.09968	1.10023	1.1022	1.09003	1.08942	1.09123	1.07842	1.08658	1.10338	1.09456	1.10264	1.1036	1.11057	1.08702	1.10182	1.0877	1.0867	1.13493	1.08658	1.09992
ERR608871	1.00606	1.01843	1.00153	1.01964	1.00133	0.99951	0.902172	0.909772	0.911393	0.907425	0.903033	0.906898	0.898867	0.898359	0.901169	0.901912	0.915506	0.907329	1.01697	1.00463	1.00795	1.0177	1.03434	1.00438	1.03221	1.04262	1.04325	1.03312	1.04476	1.04444	1.0177	0.983831	0.9916	0.983281	0.99102	1.01767	0	0.813043	0.830149	0.811732	0.832132	0.828247	1.10582	1.10728	1.10578	1.09698	1.10414	1.10067	1.1131	1.10985	1.10969	1.10731	1.11412	1.11295	1.14213	1.1432	1.1443	1.13697	1.1352	1.13596	1.1494	1.14766	1.14605	1.14599	1.14624	1.1452	1.11344	1.11355	1.13033	1.11414	1.11482	1.11502	1.14459	1.16015	1.1486	1.14586	1.14559	1.14402	1.14282	1.13712	1.13694	1.13798	1.12523	1.13236	1.1509	1.14024	1.15091	1.15204	1.15663	1.13706	1.14794	1.12948	1.12859	1.18298	1.12943	1.14656
ERR608872	0.963442	0.98036	0.958651	0.981436	0.958419	0.957192	0.860897	0.874704	0.879605	0.867335	0.862854	0.866429	0.873109	0.868431	0.87319	0.878193	0.896184	0.883182	0.975732	0.962145	0.968354	0.976675	0.998705	0.96333	0.988253	1.00244	1.00594	0.989919	1.00716	1.00649	0.972797	0.934181	0.944605	0.934366	0.94355	0.973121	0.813043	0	0.802958	0.770509	0.805271	0.800069	1.07539	1.07422	1.07475	1.06266	1.0735	1.0675	1.08114	1.07719	1.07501	1.07179	1.08225	1.08092	1.11007	1.10909	1.11072	1.10358	1.09972	1.10024	1.11947	1.11767	1.11577	1.1149	1.11672	1.11415	1.07673	1.07749	1.09512	1.07798	1.07879	1.08105	1.113	1.12948	1.11883	1.11441	1.11336	1.1126	1.11119	1.10193	1.10141	1.1032	1.08856	1.09708	1.11898	1.1076	1.11858	1.11964	1.12569	1.10238	1.1168	1.09736	1.09649	1.15629	1.09693	1.11522
ERR608875	0.991067	1.00613	0.987193	1.00704	0.986417	0.985198	0.884681	0.89398	0.897437	0.888885	0.88602	0.888845	0.896037	0.889424	0.89279	0.899491	0.914823	0.90126	1.00023	0.988695	0.994328	1.00161	1.0214	0.990479	1.01696	1.0302	1.03341	1.01833	1.03473	1.03421	0.996272	0.962537	0.97208	0.962995	0.971054	0.99679	0.830149	0.802958	0	0.797927	0.817267	0.81309	1.09661	1.09524	1.09586	1.08457	1.09486	1.08948	1.10512	1.10167	1.09938	1.09634	1.10589	1.10488	1.13018	1.12882	1.13038	1.12383	1.12035	1.12099	1.13969	1.13818	1.13689	1.13581	1.1378	1.13516	1.09983	1.10051	1.11625	1.10131	1.10193	1.1042	1.13448	1.14882	1.13987	1.13548	1.1346	1.13355	1.13235	1.12358	1.12294	1.12423	1.11122	1.11906	1.13854	1.12859	1.13824	1.13944	1.14509	1.12324	1.1372	1.11951	1.11869	1.1733	1.11915	1.13586
ERR608873	0.953931	0.972248	0.949347	0.973051	0.948649	0.947182	0.852947	0.868144	0.873658	0.858856	0.854454	0.85796	0.869097	0.862478	0.867802	0.874453	0.893104	0.878266	0.965901	0.952256	0.959189	0.966691	0.990704	0.954266	0.978715	0.994069	0.998102	0.980501	0.99955	0.998936	0.961603	0.922503	0.933461	0.92262	0.932186	0.962142	0.811732	0.770509	0.797927	0	0.801128	0.795253	1.06873	1.06682	1.06788	1.0548	1.06675	1.06038	1.07441	1.07026	1.06759	1.06437	1.07567	1.0744	1.10276	1.10112	1.1026	1.09569	1.09086	1.09186	1.11255	1.11083	1.10911	1.1078	1.11029	1.1072	1.06826	1.06933	1.08695	1.06975	1.07079	1.07366	1.10597	1.12234	1.11245	1.10716	1.10625	1.10541	1.10441	1.09383	1.09359	1.09505	1.07999	1.08923	1.11133	1.10024	1.11099	1.11225	1.11849	1.094	1.11008	1.09027	1.08937	1.15012	1.0896	1.10835
ERR608876	0.994949	1.01021	0.990654	1.01129	0.990418	0.989141	0.888676	0.897478	0.900869	0.892754	0.889564	0.891805	0.899085	0.892709	0.895856	0.902796	0.917943	0.904217	1.00377	0.992424	0.998309	1.00492	1.02487	0.994223	1.01995	1.03329	1.0361	1.02147	1.03742	1.03705	1.0001	0.966786	0.976076	0.966762	0.97514	1.00032	0.832132	0.805271	0.817267	0.801128	0	0.815346	1.09834	1.09721	1.09775	1.08672	1.0968	1.09147	1.10746	1.1039	1.10178	1.09862	1.10818	1.10723	1.13157	1.1305	1.13216	1.12587	1.12206	1.12282	1.14115	1.13945	1.13805	1.13693	1.13913	1.13661	1.10207	1.10297	1.11866	1.10346	1.10419	1.1065	1.13594	1.15079	1.14153	1.13709	1.13618	1.13542	1.13354	1.1249	1.12466	1.12593	1.11274	1.12064	1.14021	1.1303	1.13986	1.14118	1.14669	1.12509	1.13908	1.12122	1.1203	1.17459	1.12085	1.13735
ERR608874	0.989556	1.00494	0.985506	1.00575	0.984913	0.983666	0.883682	0.893504	0.897047	0.888134	0.884973	0.887625	0.894411	0.887995	0.89211	0.898531	0.913818	0.900262	0.99924	0.98747	0.993081	0.99996	1.02039	0.98906	1.01485	1.02806	1.03149	1.01654	1.03255	1.03218	0.994963	0.961065	0.970375	0.960968	0.96965	0.995373	0.828247	0.800069	0.81309	0.795253	0.815346	0	1.09503	1.09368	1.09417	1.08297	1.09324	1.08757	1.10361	1.09994	1.09774	1.0946	1.10468	1.10353	1.12852	1.12727	1.12881	1.12246	1.11859	1.11926	1.13827	1.13688	1.13523	1.13423	1.13631	1.13384	1.09837	1.09895	1.11531	1.09975	1.10067	1.10293	1.1329	1.14761	1.13841	1.134	1.13319	1.13206	1.13023	1.12148	1.12109	1.12257	1.10926	1.11718	1.13709	1.12712	1.13713	1.1379	1.1436	1.12169	1.13607	1.11806	1.11726	1.17207	1.11767	1.13446
ERR630691	1.03982	1.05145	1.03624	1.05225	1.03623	1.03508	1.05171	1.06955	1.07434	1.05743	1.0538	1.05736	1.08211	1.08122	1.08557	1.08729	1.10088	1.09431	1.05641	1.0459	1.05053	1.05718	1.07523	1.04708	0.998832	1.00841	1.01114	1.00043	1.01173	1.01185	1.0588	1.03181	1.03866	1.03178	1.03774	1.05827	1.10582	1.07539	1.09661	1.06873	1.09834	1.09503	0	0.806173	0.804967	0.793171	0.803064	0.798063	0.955423	0.952107	0.947992	0.94352	0.956714	0.955336	0.960468	0.960133	0.960737	0.952832	0.949258	0.949922	0.987025	0.98496	0.983377	0.982102	0.985341	0.981188	0.934404	0.93514	0.956185	0.934525	0.93593	0.938901	0.98522	1.00258	0.991924	0.986396	0.984707	0.984644	0.993534	0.983074	0.983066	0.984724	0.968771	0.978013	0.985854	0.97214	0.985441	0.986197	0.994777	0.965583	0.978205	0.95738	0.957035	1.02634	0.956889	0.977296
ERR630689	1.0369	1.04983	1.03398	1.05015	1.03368	1.03268	1.04887	1.06606	1.07189	1.05346	1.05063	1.05314	1.0848	1.08179	1.08608	1.09011	1.1038	1.09549	1.05309	1.04347	1.04911	1.05382	1.0734	1.04583	0.996313	1.00719	1.01157	0.997523	1.01238	1.0122	1.05304	1.02693	1.03464	1.02739	1.03335	1.05272	1.10728	1.07422	1.09524	1.06682	1.09721	1.09368	0.806173	0	0.803496	0.785891	0.802522	0.793176	0.955056	0.950803	0.945381	0.940656	0.95627	0.955078	0.953848	0.951472	0.952091	0.945276	0.939217	0.940337	0.982785	0.980944	0.979777	0.976897	0.981857	0.976169	0.928439	0.93016	0.949533	0.929549	0.930883	0.935713	0.981984	0.99817	0.989597	0.982604	0.980361	0.981001	0.990055	0.976625	0.976065	0.97811	0.961849	0.971984	0.979585	0.966807	0.979338	0.979998	0.988981	0.957928	0.972986	0.952724	0.952286	1.02109	0.952059	0.971365
ERR630693	1.0386	1.05076	1.03535	1.05158	1.03545	1.03418	1.05073	1.06835	1.07349	1.05624	1.05252	1.05599	1.08201	1.08099	1.08487	1.08738	1.10093	1.09403	1.05574	1.04497	1.05003	1.0563	1.07459	1.04653	0.998444	1.00828	1.0114	0.999567	1.01191	1.01202	1.05719	1.03022	1.03762	1.03078	1.03639	1.05682	1.10578	1.07475	1.09586	1.06788	1.09775	1.09417	0.804967	0.803496	0	0.79048	0.801569	0.796013	0.95503	0.951302	0.947151	0.942676	0.956458	0.955439	0.958163	0.95717	0.958043	0.950322	0.946271	0.946977	0.98508	0.982926	0.981549	0.979795	0.983534	0.978996	0.932211	0.933151	0.953714	0.932681	0.93419	0.937514	0.984112	1.00186	0.990841	0.985394	0.983347	0.983749	0.992441	0.981478	0.981175	0.982753	0.967043	0.976457	0.984025	0.970192	0.983933	0.984558	0.992986	0.963364	0.976938	0.955844	0.955653	1.02447	0.955352	0.975654
ERR630690	1.02624	1.04002	1.02306	1.04049	1.02247	1.02145	1.03613	1.05481	1.06067	1.04125	1.0381	1.04092	1.07339	1.07014	1.07485	1.07893	1.09345	1.08454	1.04284	1.03247	1.03869	1.04347	1.06408	1.03467	0.985333	0.997104	1.00122	0.98662	1.00231	1.00223	1.04386	1.01563	1.02414	1.01645	1.02268	1.04355	1.09698	1.06266	1.08457	1.0548	1.08672	1.08297	0.793171	0.785891	0.79048	0	0.789453	0.778787	0.941278	0.936865	0.930818	0.926031	0.942746	0.941546	0.941697	0.938938	0.939745	0.932329	0.925823	0.926741	0.969695	0.967811	0.966642	0.963928	0.969066	0.962915	0.913733	0.915829	0.936685	0.915107	0.916568	0.921428	0.968273	0.986382	0.976328	0.969461	0.966664	0.967965	0.976886	0.96282	0.962328	0.964082	0.947071	0.957515	0.966852	0.953134	0.966641	0.96733	0.976857	0.943786	0.960047	0.93884	0.938205	1.01172	0.937974	0.958686
ERR630692	1.03739	1.04927	1.03391	1.05018	1.03396	1.03279	1.0491	1.06696	1.07184	1.05486	1.05123	1.05463	1.07955	1.07931	1.08334	1.08489	1.09896	1.09208	1.05438	1.04369	1.04865	1.05544	1.07339	1.045	0.996211	1.00602	1.00865	0.997272	1.00922	1.00919	1.05663	1.02924	1.03647	1.02978	1.03568	1.0566	1.10414	1.0735	1.09486	1.06675	1.0968	1.09324	0.803064	0.802522	0.801569	0.789453	0	0.794149	0.951962	0.948159	0.944403	0.940107	0.952798	0.952122	0.957238	0.956564	0.957002	0.949182	0.945531	0.946363	0.983421	0.981622	0.979956	0.978921	0.981751	0.977594	0.931004	0.93174	0.953018	0.931297	0.932935	0.935729	0.981568	0.99946	0.988319	0.983095	0.981123	0.980911	0.989901	0.979421	0.979522	0.981165	0.964732	0.974229	0.982358	0.968598	0.982235	0.983008	0.99152	0.961692	0.975071	0.953537	0.953305	1.02373	0.953098	0.974031
ERR630688	1.03078	1.0442	1.02761	1.04477	1.02721	1.02633	1.0418	1.06005	1.06551	1.04728	1.04395	1.04687	1.0769	1.07461	1.07881	1.08246	1.09625	1.0885	1.04797	1.03715	1.04317	1.04861	1.06832	1.03921	0.990026	1.0009	1.00452	0.991263	1.00546	1.00543	1.04905	1.02131	1.02932	1.02197	1.02816	1.04891	1.10067	1.0675	1.08948	1.06038	1.09147	1.08757	0.798063	0.793176	0.796013	0.778787	0.794149	0	0.945892	0.941995	0.936852	0.931729	0.947224	0.945845	0.948541	0.946876	0.947315	0.939624	0.934369	0.935381	0.976958	0.974923	0.973668	0.971263	0.975589	0.97005	0.920972	0.922582	0.943218	0.921905	0.923517	0.927833	0.974528	0.99285	0.982192	0.976397	0.973712	0.973958	0.983232	0.970575	0.970021	0.971701	0.955016	0.965309	0.974167	0.960195	0.974096	0.974614	0.983848	0.95211	0.967421	0.945724	0.945261	1.01718	0.944861	0.965833
