	ERR636746	ERR636747	ERR636745	ERR636749	ERR636750	ERR636748	ERR636787	ERR636789	ERR636788	ERR636790	ERR636792	ERR636791	ERR607730	ERR607731	ERR607733	ERR607734	ERR607732	ERR607729	ERR607606	ERR607603	ERR607607	ERR607608	ERR607605	ERR607604	ERR612580	ERR612579	ERR612577	ERR612582	ERR612581	ERR612578	ERR622581	ERR622579	ERR622577	ERR622578	ERR622582	ERR622580	ERR636741	ERR636740	ERR636742	ERR636743	ERR636739	ERR636744	ERR613505	ERR613504	ERR613503	ERR613507	ERR613506	ERR613508	ERR614539	ERR614541	ERR614540	ERR614537	ERR614538	ERR614542	ERR630204	ERR630201	ERR630205	ERR630200	ERR630202	ERR630203	ERR630219	ERR630222	ERR630223	ERR630218	ERR630221	ERR630220	ERR617759	ERR617762	ERR617758	ERR617761	ERR617760	ERR617757	ERR614872	ERR614873	ERR614876	ERR614875	ERR614871	ERR614874	ERR617501	ERR617499	ERR617504	ERR617500	ERR617502	ERR617503	ERR617256	ERR617257	ERR617255	ERR617253	ERR617254	ERR617258	ERR616153	ERR616148	ERR616152	ERR616150	ERR616151	ERR616149
ERR636746	0	0.818994	0.82854	0.815648	0.813781	0.815342	0.857634	0.851455	0.850853	0.846424	0.845164	0.845897	0.881195	0.879765	0.883366	0.883608	0.884039	0.888511	1.10552	1.09511	1.10908	1.10962	1.106	1.10368	0.902501	0.885448	0.880273	0.90363	0.902054	0.914259	0.937529	0.970715	0.917232	0.923099	0.93449	0.939251	0.828916	0.829078	0.832058	0.832491	0.835292	0.831076	0.955732	0.955441	0.955148	0.973581	0.971129	0.974246	1.12267	1.09843	1.09866	1.12029	1.11845	1.10182	0.954929	0.962614	0.9593	0.952129	0.967343	0.955229	0.922695	0.908204	0.916701	0.90642	0.908728	0.931163	1.19183	1.09931	1.19346	1.10601	1.10029	1.19592	1.0701	1.07529	1.05356	1.05384	1.07331	1.05393	1.11152	1.11313	1.12561	1.11154	1.12097	1.11808	1.10154	1.10177	1.11571	1.11938	1.11532	1.11909	1.10967	1.1283	1.11093	1.13516	1.1115	1.12227
ERR636747	0.818994	0	0.829134	0.815037	0.813208	0.815035	0.857931	0.851235	0.852151	0.846398	0.845081	0.845242	0.881851	0.879678	0.883148	0.883651	0.883764	0.887945	1.10609	1.09536	1.1095	1.11021	1.10626	1.10366	0.903836	0.886321	0.882402	0.905054	0.902995	0.915177	0.938546	0.972174	0.919518	0.925155	0.934985	0.939943	0.828504	0.829508	0.832514	0.832117	0.835066	0.830787	0.956237	0.95602	0.955782	0.974933	0.972228	0.975099	1.12343	1.09922	1.09952	1.12057	1.1188	1.10154	0.955257	0.962352	0.95844	0.952609	0.967574	0.955557	0.921212	0.906893	0.91397	0.904808	0.907011	0.929716	1.19895	1.10049	1.20016	1.10746	1.10124	1.20249	1.0704	1.0757	1.05426	1.05455	1.07322	1.05465	1.11348	1.1145	1.1272	1.11358	1.12299	1.12031	1.10327	1.10334	1.11705	1.12011	1.11664	1.11892	1.11265	1.13145	1.11384	1.13871	1.11442	1.12577
ERR636745	0.82854	0.829134	0	0.825755	0.82402	0.826216	0.867201	0.861397	0.861929	0.85735	0.856335	0.856313	0.889783	0.888152	0.891843	0.891996	0.892154	0.896066	1.1142	1.10371	1.11728	1.11786	1.11418	1.11192	0.912209	0.895625	0.89161	0.913347	0.911409	0.923232	0.946223	0.978554	0.928225	0.933534	0.943091	0.948007	0.840552	0.840515	0.843525	0.84314	0.845797	0.841769	0.965888	0.965586	0.965714	0.983554	0.980827	0.983838	1.13079	1.10721	1.10741	1.12801	1.12617	1.10961	0.964717	0.971524	0.96813	0.962515	0.976534	0.965321	0.930434	0.917168	0.924115	0.915275	0.917222	0.938569	1.20192	1.10771	1.20326	1.11419	1.10839	1.20554	1.078	1.08287	1.06214	1.06238	1.08036	1.06239	1.12057	1.1219	1.13407	1.12094	1.12981	1.12706	1.11087	1.11101	1.12447	1.12745	1.12403	1.12621	1.1196	1.13773	1.12052	1.14447	1.12133	1.13201
ERR636749	0.815648	0.815037	0.825755	0	0.804236	0.806149	0.851219	0.844194	0.845151	0.839221	0.837553	0.838192	0.876943	0.874511	0.878451	0.878938	0.879192	0.883801	1.10222	1.09108	1.10551	1.10615	1.10213	1.09977	0.898762	0.881104	0.87686	0.899789	0.897926	0.910362	0.933996	0.968595	0.914772	0.920862	0.930281	0.935219	0.820827	0.822207	0.82515	0.825315	0.828034	0.823576	0.951682	0.951462	0.950856	0.970737	0.967911	0.970698	1.11971	1.09509	1.09534	1.11709	1.11503	1.09731	0.949978	0.957565	0.953204	0.94749	0.962979	0.950168	0.916305	0.901152	0.908687	0.89969	0.90142	0.924771	1.19759	1.09771	1.19886	1.10405	1.09833	1.20135	1.06743	1.07308	1.05096	1.05158	1.07019	1.05138	1.1098	1.11074	1.12354	1.10966	1.11925	1.11637	1.0995	1.09953	1.11375	1.11686	1.1131	1.11523	1.10935	1.12828	1.11029	1.13564	1.11119	1.12259
ERR636750	0.813781	0.813208	0.82402	0.804236	0	0.804428	0.850008	0.843138	0.843594	0.837345	0.83583	0.83633	0.875426	0.873207	0.877457	0.877161	0.877803	0.882411	1.10064	1.08976	1.10413	1.10479	1.10089	1.09838	0.897499	0.879243	0.875178	0.898656	0.896429	0.909129	0.932176	0.966686	0.912941	0.918889	0.928592	0.933255	0.819442	0.820447	0.823779	0.823528	0.826584	0.822275	0.949924	0.949494	0.948981	0.969292	0.966174	0.96888	1.11847	1.09316	1.09356	1.11546	1.11373	1.09601	0.948505	0.956184	0.951796	0.945863	0.961318	0.948729	0.915131	0.900171	0.907768	0.898223	0.90026	0.923501	1.19536	1.09619	1.19664	1.10296	1.0967	1.19911	1.06672	1.07191	1.05023	1.05064	1.06955	1.05047	1.10834	1.10908	1.12184	1.10827	1.11769	1.11468	1.09747	1.09771	1.11211	1.11523	1.11137	1.11376	1.10724	1.12632	1.10826	1.1338	1.10904	1.1205
ERR636748	0.815342	0.815035	0.826216	0.806149	0.804428	0	0.852182	0.845141	0.845724	0.840052	0.83847	0.838835	0.877163	0.874503	0.879021	0.879165	0.879584	0.884027	1.10257	1.09163	1.10613	1.10664	1.10262	1.10044	0.898931	0.881168	0.877126	0.900456	0.898142	0.910437	0.934217	0.968509	0.915027	0.92101	0.930676	0.935604	0.82165	0.823245	0.825736	0.825629	0.828393	0.82433	0.951646	0.950878	0.95062	0.970256	0.967511	0.97066	1.12004	1.09535	1.0957	1.11748	1.11552	1.09775	0.950122	0.957657	0.953481	0.947659	0.962798	0.950507	0.916058	0.901641	0.908554	0.899501	0.901456	0.924906	1.19758	1.09798	1.19899	1.10463	1.09823	1.20131	1.06762	1.07278	1.05134	1.05158	1.07057	1.05127	1.11011	1.11142	1.1238	1.11	1.11957	1.11679	1.10018	1.10014	1.11436	1.11726	1.11375	1.11566	1.10938	1.12861	1.11054	1.13584	1.11124	1.12283
ERR636787	0.857634	0.857931	0.867201	0.851219	0.850008	0.852182	0	0.774664	0.775017	0.771065	0.768999	0.769694	0.861863	0.860046	0.864126	0.863775	0.864534	0.868362	1.10518	1.09411	1.10869	1.10921	1.10522	1.10283	0.870183	0.85171	0.847196	0.870916	0.86951	0.881452	0.922373	0.955775	0.902252	0.908516	0.919305	0.924586	0.821227	0.822229	0.825784	0.825379	0.828193	0.824473	0.953143	0.952373	0.952544	0.971232	0.968692	0.971839	1.12272	1.09769	1.09807	1.12001	1.118	1.10047	0.938902	0.947757	0.943475	0.936385	0.95274	0.939609	0.8847	0.869978	0.878204	0.867575	0.870512	0.894483	1.19665	1.10058	1.19818	1.10737	1.10147	1.2009	1.07417	1.07952	1.05741	1.05814	1.07676	1.05789	1.11071	1.11211	1.12508	1.11085	1.12047	1.11764	1.10339	1.10353	1.11792	1.12115	1.11711	1.1197	1.11086	1.13054	1.11217	1.13773	1.11242	1.12445
ERR636789	0.851455	0.851235	0.861397	0.844194	0.843138	0.845141	0.774664	0	0.766071	0.760373	0.758758	0.759866	0.856724	0.853796	0.8588	0.858089	0.85868	0.863626	1.09741	1.08575	1.1007	1.10156	1.09731	1.09493	0.863351	0.844505	0.839602	0.864495	0.863098	0.875271	0.914913	0.950161	0.893953	0.900538	0.911735	0.917056	0.812332	0.813861	0.817789	0.817508	0.820422	0.815872	0.944832	0.94391	0.944066	0.963763	0.961337	0.964543	1.11546	1.08953	1.08983	1.11249	1.11066	1.09213	0.929218	0.93833	0.933626	0.926627	0.943846	0.930062	0.877089	0.861358	0.86979	0.859	0.861141	0.887182	1.19423	1.09425	1.19565	1.10109	1.09469	1.19841	1.06804	1.07348	1.051	1.05194	1.07074	1.05167	1.10323	1.10471	1.11776	1.10351	1.11362	1.11055	1.09577	1.09581	1.11032	1.11381	1.11006	1.11207	1.10376	1.12417	1.10496	1.13182	1.1055	1.11801
ERR636788	0.850853	0.852151	0.861929	0.845151	0.843594	0.845724	0.775017	0.766071	0	0.761689	0.759531	0.761053	0.856012	0.855382	0.859047	0.858247	0.858904	0.863656	1.09741	1.08596	1.10094	1.10175	1.09768	1.09548	0.863342	0.845217	0.839011	0.864608	0.86333	0.875348	0.915675	0.95009	0.893171	0.89983	0.912569	0.917513	0.814182	0.814283	0.818738	0.818354	0.821398	0.816641	0.945686	0.944999	0.94523	0.964	0.961794	0.964875	1.11522	1.0896	1.09013	1.11283	1.11079	1.09309	0.930855	0.940292	0.936295	0.928264	0.945282	0.932065	0.879068	0.863118	0.872546	0.860851	0.863674	0.888723	1.18804	1.09334	1.18957	1.10044	1.09422	1.19259	1.06843	1.07373	1.05139	1.05208	1.07157	1.05192	1.10225	1.10405	1.11741	1.10261	1.11234	1.10918	1.09518	1.09511	1.10992	1.11359	1.10939	1.11323	1.10204	1.1221	1.10341	1.12906	1.10363	1.11588
ERR636790	0.846424	0.846398	0.85735	0.839221	0.837345	0.840052	0.771065	0.760373	0.761689	0	0.747887	0.749919	0.851885	0.8494	0.85403	0.853455	0.854534	0.859702	1.09279	1.08107	1.09626	1.09723	1.0927	1.09035	0.858987	0.839398	0.834145	0.860173	0.858516	0.87085	0.910262	0.946076	0.888763	0.895517	0.907163	0.912646	0.805839	0.807485	0.811846	0.81135	0.814383	0.809844	0.939959	0.939374	0.939592	0.959867	0.956868	0.960213	1.1113	1.08478	1.08519	1.10811	1.10598	1.08732	0.924624	0.933642	0.928806	0.921634	0.939484	0.92482	0.872271	0.855816	0.864054	0.853399	0.855811	0.882234	1.19125	1.09034	1.19279	1.09725	1.09065	1.19567	1.06495	1.07055	1.04787	1.04856	1.06763	1.04836	1.09893	1.1001	1.11374	1.09912	1.10902	1.10593	1.0913	1.09141	1.10618	1.10969	1.10576	1.10794	1.09973	1.12027	1.10077	1.12799	1.10159	1.11391
ERR636792	0.845164	0.845081	0.856335	0.837553	0.83583	0.83847	0.768999	0.758758	0.759531	0.747887	0	0.747045	0.851189	0.848454	0.853142	0.852505	0.853558	0.858441	1.09082	1.0787	1.09427	1.09517	1.0905	1.08796	0.85721	0.837787	0.831727	0.858302	0.856845	0.869849	0.908575	0.944706	0.886815	0.893543	0.905326	0.910197	0.803652	0.80513	0.809313	0.808975	0.811896	0.807194	0.93818	0.937684	0.937646	0.957861	0.955412	0.958632	1.10907	1.08246	1.08297	1.10614	1.10402	1.08528	0.922714	0.932228	0.927044	0.91961	0.937592	0.922997	0.870858	0.853916	0.862745	0.851538	0.854415	0.880929	1.18962	1.08854	1.19122	1.09557	1.08922	1.19409	1.06386	1.06956	1.04663	1.04753	1.06699	1.04727	1.09677	1.09804	1.11159	1.09688	1.10729	1.10401	1.08896	1.08878	1.10437	1.10758	1.10356	1.10585	1.09741	1.11827	1.09878	1.12607	1.09932	1.11194
ERR636791	0.845897	0.845242	0.856313	0.838192	0.83633	0.838835	0.769694	0.759866	0.761053	0.749919	0.747045	0	0.852025	0.849021	0.853747	0.853169	0.854272	0.859191	1.09218	1.08033	1.09549	1.09651	1.09187	1.08951	0.858291	0.838323	0.832866	0.859112	0.857993	0.870679	0.908867	0.944903	0.887387	0.89471	0.905305	0.910849	0.804941	0.806624	0.810575	0.81035	0.813466	0.808727	0.939181	0.938448	0.938501	0.958634	0.95625	0.959129	1.11048	1.08403	1.08436	1.10756	1.10539	1.08682	0.923642	0.933248	0.928086	0.921113	0.938596	0.924357	0.871688	0.855165	0.863392	0.852886	0.85523	0.881968	1.19138	1.08992	1.19276	1.09698	1.09026	1.19564	1.06463	1.07021	1.04751	1.04814	1.06731	1.04793	1.09834	1.09954	1.11309	1.09832	1.1086	1.10558	1.09027	1.09026	1.10576	1.10899	1.10515	1.10732	1.09904	1.11969	1.10034	1.12775	1.10088	1.11336
ERR607730	0.881195	0.881851	0.889783	0.876943	0.875426	0.877163	0.861863	0.856724	0.856012	0.851885	0.851189	0.852025	0	0.801031	0.806973	0.806669	0.808233	0.810497	1.11043	1.09981	1.11347	1.11434	1.11031	1.10841	0.911015	0.895138	0.89156	0.912075	0.911017	0.920463	0.937607	0.971061	0.918673	0.924913	0.934362	0.939397	0.84549	0.845536	0.847353	0.847469	0.85005	0.847281	0.952222	0.951868	0.951776	0.970521	0.967948	0.970606	1.12406	1.10006	1.10041	1.12143	1.11979	1.10333	0.939372	0.946999	0.942426	0.93741	0.951116	0.939588	0.912266	0.898896	0.905738	0.897686	0.89902	0.921043	1.19949	1.10334	1.20094	1.11011	1.10383	1.20305	1.07105	1.07638	1.05489	1.05536	1.07354	1.05563	1.11802	1.11946	1.1319	1.11838	1.12703	1.12484	1.10639	1.10659	1.12006	1.12342	1.11961	1.12234	1.1162	1.13398	1.11726	1.1407	1.11759	1.12848
ERR607731	0.879765	0.879678	0.888152	0.874511	0.873207	0.874503	0.860046	0.853796	0.855382	0.8494	0.848454	0.849021	0.801031	0	0.804918	0.804751	0.806044	0.808575	1.11009	1.09948	1.1133	1.11401	1.10997	1.10763	0.910556	0.893833	0.891513	0.911282	0.910123	0.919848	0.937079	0.971274	0.919577	0.925082	0.933872	0.938547	0.842412	0.84351	0.845259	0.844945	0.847039	0.844661	0.951044	0.950707	0.950501	0.970004	0.967322	0.970194	1.12377	1.10011	1.10022	1.12105	1.11927	1.10233	0.93774	0.945005	0.940139	0.935677	0.949428	0.937713	0.908506	0.895105	0.901446	0.894256	0.895439	0.917834	1.20588	1.10389	1.20716	1.11027	1.10404	1.20908	1.07008	1.07539	1.05381	1.05456	1.07265	1.05471	1.11905	1.11997	1.13228	1.11923	1.12853	1.12572	1.10684	1.10708	1.1204	1.12305	1.12015	1.12113	1.11788	1.13611	1.11898	1.14335	1.11968	1.13079
ERR607733	0.883366	0.883148	0.891843	0.878451	0.877457	0.879021	0.864126	0.8588	0.859047	0.85403	0.853142	0.853747	0.806973	0.804918	0	0.804454	0.805577	0.814701	1.11328	1.10304	1.11672	1.11746	1.11349	1.11139	0.913546	0.897662	0.895113	0.914739	0.913375	0.923132	0.940092	0.972602	0.92203	0.927492	0.936438	0.941296	0.847766	0.848055	0.849314	0.848804	0.851663	0.848904	0.95547	0.955301	0.955278	0.973671	0.971223	0.974206	1.12722	1.10377	1.10387	1.12476	1.12269	1.10639	0.941944	0.94901	0.944697	0.939892	0.953209	0.941937	0.913347	0.900357	0.906716	0.899455	0.900556	0.922387	1.20342	1.1067	1.20469	1.11317	1.10726	1.20681	1.07399	1.07895	1.05787	1.05832	1.07662	1.05835	1.12161	1.12272	1.13496	1.12174	1.1308	1.12797	1.1096	1.10963	1.12328	1.1264	1.1228	1.12501	1.11993	1.13766	1.12102	1.14471	1.12151	1.13237
ERR607734	0.883608	0.883651	0.891996	0.878938	0.877161	0.879165	0.863775	0.858089	0.858247	0.853455	0.852505	0.853169	0.806669	0.804751	0.804454	0	0.805269	0.813904	1.1124	1.10202	1.11587	1.11646	1.11258	1.11024	0.91298	0.897064	0.894093	0.914274	0.912832	0.922385	0.939688	0.972812	0.920821	0.92689	0.936125	0.941096	0.84672	0.847123	0.848709	0.848186	0.851267	0.848227	0.95422	0.95385	0.953682	0.972382	0.970102	0.97265	1.1262	1.10239	1.10288	1.12352	1.122	1.1051	0.9414	0.948502	0.944542	0.939182	0.952769	0.941345	0.912322	0.899239	0.906237	0.897922	0.899535	0.921404	1.20202	1.10547	1.20339	1.11187	1.10576	1.20543	1.07324	1.07826	1.05715	1.05779	1.07592	1.05756	1.12052	1.12168	1.13373	1.1206	1.1296	1.12689	1.10861	1.10869	1.12228	1.12517	1.12162	1.12381	1.11824	1.13649	1.11971	1.14341	1.1201	1.131
ERR607732	0.884039	0.883764	0.892154	0.879192	0.877803	0.879584	0.864534	0.85868	0.858904	0.854534	0.853558	0.854272	0.808233	0.806044	0.805577	0.805269	0	0.815419	1.11358	1.10319	1.11664	1.11757	1.11369	1.11152	0.914257	0.897832	0.895288	0.915472	0.913691	0.923377	0.941457	0.974318	0.923152	0.929076	0.938146	0.942777	0.847641	0.84822	0.849523	0.84931	0.852046	0.849063	0.956068	0.955916	0.955835	0.974227	0.97185	0.97457	1.12732	1.10362	1.10402	1.12466	1.1226	1.10621	0.943447	0.950471	0.946101	0.941409	0.954626	0.943302	0.913185	0.900113	0.906167	0.89932	0.900194	0.922193	1.20434	1.10664	1.20575	1.1133	1.107	1.20767	1.07378	1.07922	1.05817	1.05815	1.07657	1.05854	1.12219	1.123	1.13494	1.12197	1.13118	1.12833	1.10999	1.1103	1.12375	1.12659	1.12347	1.12511	1.12028	1.1381	1.12136	1.14496	1.12194	1.13258
ERR607729	0.888511	0.887945	0.896066	0.883801	0.882411	0.884027	0.868362	0.863626	0.863656	0.859702	0.858441	0.859191	0.810497	0.808575	0.814701	0.813904	0.815419	0	1.11803	1.10792	1.12115	1.12206	1.11798	1.11573	0.9176	0.902154	0.899496	0.918684	0.917625	0.926868	0.945937	0.978334	0.928901	0.934415	0.942899	0.947312	0.853255	0.853918	0.855161	0.854933	0.856558	0.854842	0.960336	0.959958	0.959852	0.978066	0.975816	0.97845	1.13112	1.10829	1.10867	1.12861	1.127	1.11074	0.948141	0.95521	0.950728	0.946325	0.959181	0.948571	0.917515	0.904868	0.910455	0.903656	0.905124	0.925988	1.20821	1.11059	1.20944	1.11707	1.11094	1.21149	1.07671	1.08203	1.06135	1.06155	1.0793	1.06183	1.12647	1.1272	1.13919	1.1265	1.13519	1.13247	1.11463	1.11455	1.12793	1.13031	1.12717	1.12882	1.12477	1.14231	1.126	1.14941	1.12646	1.13722
ERR607606	1.10552	1.10609	1.1142	1.10222	1.10064	1.10257	1.10518	1.09741	1.09741	1.09279	1.09082	1.09218	1.11043	1.11009	1.11328	1.1124	1.11358	1.11803	0	0.75284	0.776738	0.777948	0.773042	0.768954	1.11511	1.1053	1.0987	1.11615	1.11581	1.12265	1.09909	1.12092	1.07877	1.08458	1.09691	1.09988	1.08821	1.08981	1.09532	1.09468	1.09766	1.09342	1.04782	1.04769	1.04719	1.0631	1.0626	1.06387	0.917889	0.878061	0.878501	0.914621	0.911532	0.884407	1.04628	1.05411	1.05169	1.04145	1.05923	1.04696	1.11638	1.10695	1.11213	1.10332	1.10754	1.12195	1.04408	0.900097	1.04552	0.909044	0.90112	1.04718	0.942631	0.946817	0.922151	0.923804	0.946459	0.921764	0.857668	0.858797	0.88001	0.855633	0.873288	0.868157	0.879282	0.877865	0.899266	0.905819	0.898736	0.905178	0.896018	0.922618	0.897455	0.932374	0.89865	0.913527
ERR607603	1.09511	1.09536	1.10371	1.09108	1.08976	1.09163	1.09411	1.08575	1.08596	1.08107	1.0787	1.08033	1.09981	1.09948	1.10304	1.10202	1.10319	1.10792	0.75284	0	0.761429	0.763051	0.752106	0.747123	1.10516	1.09441	1.0882	1.10609	1.1058	1.1128	1.08812	1.11104	1.06754	1.07321	1.08593	1.08902	1.07642	1.07824	1.08367	1.08328	1.08624	1.08214	1.03593	1.03532	1.03487	1.05244	1.05152	1.05298	0.904801	0.861373	0.862174	0.901107	0.897739	0.868434	1.03312	1.0412	1.03853	1.02763	1.04671	1.03344	1.1051	1.09563	1.10082	1.09157	1.09604	1.11119	1.03837	0.88595	1.03978	0.895429	0.886325	1.04194	0.93093	0.935337	0.908642	0.910339	0.934769	0.908506	0.844386	0.845767	0.869103	0.842677	0.861863	0.856157	0.864097	0.862996	0.886907	0.893367	0.885637	0.891634	0.884567	0.913427	0.886067	0.924253	0.887347	0.903887
ERR607607	1.10908	1.1095	1.11728	1.10551	1.10413	1.10613	1.10869	1.1007	1.10094	1.09626	1.09427	1.09549	1.11347	1.1133	1.11672	1.11587	1.11664	1.12115	0.776738	0.761429	0	0.785587	0.780651	0.776473	1.11854	1.10841	1.10233	1.11954	1.11893	1.12552	1.10263	1.12432	1.08291	1.08866	1.10034	1.10335	1.09182	1.09325	1.09866	1.09795	1.10103	1.09682	1.05166	1.05126	1.05072	1.06667	1.06599	1.06754	0.922873	0.883821	0.884071	0.919376	0.916353	0.889821	1.05092	1.05838	1.05589	1.04599	1.06339	1.05112	1.11926	1.11034	1.11551	1.10641	1.11069	1.12517	1.04954	0.906443	1.05084	0.914846	0.906888	1.05226	0.947159	0.950575	0.926965	0.929093	0.950568	0.926666	0.86418	0.865436	0.885611	0.862338	0.879365	0.873957	0.885302	0.884089	0.905142	0.911061	0.90432	0.910234	0.902574	0.928638	0.90427	0.938295	0.905637	0.920124
ERR607608	1.10962	1.11021	1.11786	1.10615	1.10479	1.10664	1.10921	1.10156	1.10175	1.09723	1.09517	1.09651	1.11434	1.11401	1.11746	1.11646	1.11757	1.12206	0.777948	0.763051	0.785587	0	0.782258	0.7778	1.11913	1.10918	1.10304	1.12009	1.11989	1.1263	1.10325	1.12457	1.08344	1.08915	1.10104	1.10392	1.09278	1.09411	1.09969	1.09865	1.1017	1.09747	1.05239	1.052	1.05159	1.06748	1.06675	1.06798	0.92408	0.88546	0.885458	0.920721	0.917735	0.891091	1.05189	1.0595	1.05734	1.04691	1.0644	1.0522	1.12037	1.11119	1.11643	1.10757	1.11183	1.12601	1.04805	0.907308	1.04929	0.915463	0.907598	1.0507	0.947798	0.951822	0.927999	0.929692	0.95151	0.927447	0.864517	0.866335	0.8865	0.863386	0.880042	0.874846	0.886234	0.885323	0.906215	0.912215	0.905525	0.911458	0.902202	0.927907	0.903795	0.937528	0.904958	0.919477
ERR607605	1.106	1.10626	1.11418	1.10213	1.10089	1.10262	1.10522	1.09731	1.09768	1.0927	1.0905	1.09187	1.11031	1.10997	1.11349	1.11258	1.11369	1.11798	0.773042	0.752106	0.780651	0.782258	0	0.767689	1.11546	1.10527	1.09926	1.1165	1.11621	1.12283	1.09969	1.12153	1.07988	1.08549	1.09733	1.10015	1.08817	1.08972	1.09513	1.09482	1.09725	1.09316	1.04846	1.04811	1.04751	1.06395	1.06325	1.06494	0.9187	0.878365	0.878379	0.914891	0.911872	0.884483	1.04615	1.05382	1.05127	1.04115	1.05906	1.0465	1.11567	1.10646	1.11147	1.10274	1.10705	1.12149	1.04817	0.900562	1.04931	0.909079	0.900861	1.0513	0.944098	0.948504	0.923713	0.925488	0.947868	0.923538	0.859594	0.860329	0.881702	0.858009	0.87526	0.869971	0.880584	0.879703	0.901628	0.907388	0.900469	0.905916	0.899183	0.926032	0.900578	0.935721	0.901753	0.917309
ERR607604	1.10368	1.10366	1.11192	1.09977	1.09838	1.10044	1.10283	1.09493	1.09548	1.09035	1.08796	1.08951	1.10841	1.10763	1.11139	1.11024	1.11152	1.11573	0.768954	0.747123	0.776473	0.7778	0.767689	0	1.11374	1.10316	1.09752	1.11488	1.11427	1.12088	1.09723	1.11966	1.07772	1.08333	1.09487	1.09773	1.08567	1.08752	1.09282	1.09232	1.09482	1.09095	1.04511	1.04475	1.04415	1.06142	1.06032	1.06205	0.915304	0.874568	0.874989	0.911147	0.908721	0.879894	1.04388	1.05133	1.04852	1.03897	1.05692	1.0441	1.11284	1.10362	1.10859	1.09993	1.10402	1.1189	1.05308	0.899243	1.05444	0.908154	0.89928	1.05595	0.940783	0.945339	0.92035	0.922188	0.944545	0.920193	0.857912	0.858388	0.880142	0.856487	0.873979	0.868797	0.877697	0.876466	0.898647	0.904112	0.897669	0.901357	0.897586	0.925336	0.899099	0.935808	0.900171	0.916373
ERR612580	0.902501	0.903836	0.912209	0.898762	0.897499	0.898931	0.870183	0.863351	0.863342	0.858987	0.85721	0.858291	0.911015	0.910556	0.913546	0.91298	0.914257	0.9176	1.11511	1.10516	1.11854	1.11913	1.11546	1.11374	0	0.813713	0.807983	0.828293	0.826032	0.842022	0.939094	0.966364	0.920057	0.925593	0.93654	0.94076	0.875662	0.87615	0.879903	0.879642	0.882081	0.878428	0.958218	0.957455	0.957704	0.972534	0.970442	0.973173	1.13126	1.1077	1.10788	1.12923	1.127	1.11142	0.973585	0.98167	0.978614	0.970894	0.98678	0.974481	0.935058	0.922445	0.930033	0.920005	0.922097	0.943372	1.19119	1.11223	1.19244	1.11902	1.11278	1.19484	1.08859	1.09334	1.07312	1.07351	1.09139	1.0737	1.11863	1.12069	1.1323	1.11914	1.12791	1.12509	1.11091	1.11108	1.12432	1.12787	1.12335	1.12718	1.11651	1.13439	1.11806	1.14068	1.11773	1.12868
ERR612579	0.885448	0.886321	0.895625	0.881104	0.879243	0.881168	0.85171	0.844505	0.845217	0.839398	0.837787	0.838323	0.895138	0.893833	0.897662	0.897064	0.897832	0.902154	1.1053	1.09441	1.10841	1.10918	1.10527	1.10316	0.813713	0	0.784641	0.815556	0.812663	0.823084	0.921658	0.952055	0.902661	0.908431	0.919032	0.923325	0.856974	0.858349	0.862067	0.862103	0.864304	0.860545	0.940822	0.939973	0.940701	0.95744	0.954803	0.957661	1.12189	1.09755	1.09771	1.11935	1.11749	1.10056	0.957259	0.965607	0.961586	0.954533	0.970643	0.958258	0.916556	0.903461	0.910673	0.900667	0.903387	0.925745	1.19207	1.10292	1.1934	1.10962	1.10317	1.19556	1.07631	1.08151	1.06023	1.0612	1.07887	1.06082	1.1104	1.11181	1.12421	1.11079	1.12004	1.11718	1.10164	1.10185	1.11548	1.11872	1.11496	1.11716	1.10907	1.12786	1.11029	1.13535	1.11067	1.12206
ERR612577	0.880273	0.882402	0.89161	0.87686	0.875178	0.877126	0.847196	0.839602	0.839011	0.834145	0.831727	0.832866	0.89156	0.891513	0.895113	0.894093	0.895288	0.899496	1.0987	1.0882	1.10233	1.10304	1.09926	1.09752	0.807983	0.784641	0	0.809678	0.806653	0.818214	0.917358	0.946919	0.895753	0.902104	0.914308	0.919086	0.852079	0.852096	0.856962	0.856941	0.859814	0.855701	0.935566	0.934734	0.934921	0.951419	0.949053	0.951608	1.1161	1.09047	1.09116	1.11363	1.11151	1.09529	0.952096	0.960908	0.957495	0.949168	0.965909	0.952724	0.914316	0.899635	0.908984	0.897059	0.900158	0.922796	1.17802	1.09613	1.17952	1.1031	1.09712	1.18233	1.07265	1.07736	1.05588	1.05648	1.07564	1.05604	1.10224	1.10459	1.11675	1.10244	1.11182	1.10875	1.09403	1.09444	1.10862	1.11288	1.10804	1.11268	1.09985	1.11901	1.10144	1.12569	1.10147	1.11279
ERR612582	0.90363	0.905054	0.913347	0.899789	0.898656	0.900456	0.870916	0.864495	0.864608	0.860173	0.858302	0.859112	0.912075	0.911282	0.914739	0.914274	0.915472	0.918684	1.11615	1.10609	1.11954	1.12009	1.1165	1.11488	0.828293	0.815556	0.809678	0	0.827849	0.843523	0.940408	0.967307	0.921714	0.927139	0.937823	0.941921	0.877198	0.877723	0.881383	0.881267	0.88377	0.879921	0.959914	0.959422	0.95956	0.97408	0.972404	0.974917	1.13228	1.1088	1.10908	1.13015	1.12806	1.11274	0.97529	0.983373	0.980075	0.972737	0.988002	0.976008	0.936923	0.924027	0.932147	0.921783	0.924211	0.945111	1.19144	1.11346	1.19281	1.12008	1.1141	1.19519	1.08966	1.0949	1.07436	1.07494	1.0928	1.07479	1.11996	1.12208	1.13313	1.12011	1.12904	1.12606	1.11197	1.11235	1.12525	1.12883	1.12465	1.1284	1.11748	1.13527	1.11888	1.1415	1.11897	1.1295
ERR612581	0.902054	0.902995	0.911409	0.897926	0.896429	0.898142	0.86951	0.863098	0.86333	0.858516	0.856845	0.857993	0.911017	0.910123	0.913375	0.912832	0.913691	0.917625	1.11581	1.1058	1.11893	1.11989	1.11621	1.11427	0.826032	0.812663	0.806653	0.827849	0	0.841369	0.93811	0.9654	0.919353	0.924474	0.935088	0.939267	0.875779	0.876278	0.879843	0.879665	0.882248	0.878529	0.957815	0.957085	0.956978	0.972012	0.970091	0.972488	1.13181	1.10836	1.10867	1.12952	1.12775	1.11193	0.973432	0.981431	0.978239	0.970911	0.986371	0.974192	0.934574	0.921915	0.929578	0.919338	0.922062	0.94297	1.19298	1.11286	1.19416	1.11929	1.11343	1.19618	1.0888	1.09371	1.07337	1.07389	1.09173	1.07383	1.11974	1.12163	1.13305	1.11982	1.12878	1.12582	1.11135	1.11179	1.12482	1.12846	1.12429	1.12763	1.11731	1.13523	1.11894	1.1418	1.11873	1.1299
ERR612578	0.914259	0.915177	0.923232	0.910362	0.909129	0.910437	0.881452	0.875271	0.875348	0.87085	0.869849	0.870679	0.920463	0.919848	0.923132	0.922385	0.923377	0.926868	1.12265	1.1128	1.12552	1.1263	1.12283	1.12088	0.842022	0.823084	0.818214	0.843523	0.841369	0	0.948533	0.974526	0.931171	0.936518	0.945882	0.950125	0.887574	0.888606	0.891781	0.892108	0.893974	0.890821	0.966831	0.966112	0.966253	0.98083	0.979164	0.980923	1.13799	1.11527	1.11549	1.13562	1.13378	1.1187	0.982883	0.990716	0.987375	0.980611	0.995495	0.983861	0.945398	0.933006	0.940359	0.930773	0.933196	0.953476	1.20038	1.11974	1.20159	1.12589	1.12013	1.20357	1.09501	1.1001	1.08008	1.08077	1.0977	1.0809	1.12693	1.12864	1.13951	1.1271	1.13562	1.13282	1.11888	1.11904	1.13176	1.13475	1.13099	1.13377	1.12515	1.14234	1.12632	1.14892	1.12631	1.13697
ERR622581	0.937529	0.938546	0.946223	0.933996	0.932176	0.934217	0.922373	0.914913	0.915675	0.910262	0.908575	0.908867	0.937607	0.937079	0.940092	0.939688	0.941457	0.945937	1.09909	1.08812	1.10263	1.10325	1.09969	1.09723	0.939094	0.921658	0.917358	0.940408	0.93811	0.948533	0	0.821943	0.771623	0.776733	0.782523	0.787437	0.927507	0.928294	0.932888	0.932059	0.935391	0.931236	0.910531	0.910017	0.909947	0.922648	0.921436	0.92221	1.115	1.08977	1.09017	1.1126	1.11044	1.09262	0.947673	0.954812	0.951725	0.944908	0.959743	0.947993	0.975103	0.96173	0.969101	0.959562	0.961991	0.98265	1.19014	1.09627	1.19148	1.10319	1.0974	1.19431	1.08283	1.08752	1.06732	1.06822	1.08551	1.06796	1.10527	1.10677	1.11969	1.1053	1.11548	1.11261	1.09344	1.09354	1.10808	1.11168	1.10781	1.11038	1.10242	1.12246	1.10372	1.13005	1.1042	1.11615
ERR622579	0.970715	0.972174	0.978554	0.968595	0.966686	0.968509	0.955775	0.950161	0.95009	0.946076	0.944706	0.944903	0.971061	0.971274	0.972602	0.972812	0.974318	0.978334	1.12092	1.11104	1.12432	1.12457	1.12153	1.11966	0.966364	0.952055	0.946919	0.967307	0.9654	0.974526	0.821943	0	0.806851	0.810245	0.819481	0.823292	0.96372	0.963395	0.967793	0.967078	0.97012	0.966441	0.938585	0.937843	0.937952	0.946097	0.945357	0.945907	1.13506	1.11233	1.11254	1.13308	1.13128	1.11565	0.982386	0.98951	0.9879	0.980719	0.99388	0.983602	1.00869	0.99685	1.00431	0.994839	0.997295	1.01534	1.1981	1.11721	1.19926	1.12343	1.11834	1.20193	1.10606	1.11031	1.0916	1.09232	1.10883	1.09203	1.12487	1.12715	1.1386	1.12532	1.13454	1.13194	1.11455	1.11488	1.12828	1.13231	1.12794	1.13228	1.1218	1.13975	1.12303	1.14634	1.1234	1.1339
ERR622577	0.917232	0.919518	0.928225	0.914772	0.912941	0.915027	0.902252	0.893953	0.893171	0.888763	0.886815	0.887387	0.918673	0.919577	0.92203	0.920821	0.923152	0.928901	1.07877	1.06754	1.08291	1.08344	1.07988	1.07772	0.920057	0.902661	0.895753	0.921714	0.919353	0.931171	0.771623	0.806851	0	0.74937	0.767183	0.773575	0.906365	0.905933	0.911432	0.91079	0.915046	0.909812	0.893395	0.892928	0.892811	0.907044	0.905673	0.907042	1.09647	1.06905	1.06945	1.09396	1.09175	1.07344	0.924269	0.933272	0.931092	0.921065	0.938142	0.925326	0.957743	0.94285	0.952737	0.939662	0.943619	0.965802	1.16619	1.07483	1.16767	1.08255	1.07652	1.17131	1.06352	1.06804	1.04663	1.04738	1.06696	1.04714	1.08331	1.08623	1.09983	1.08382	1.09477	1.09149	1.07171	1.07159	1.0875	1.09244	1.08743	1.09279	1.07925	1.10077	1.08078	1.10823	1.08127	1.09345
ERR622578	0.923099	0.925155	0.933534	0.920862	0.918889	0.92101	0.908516	0.900538	0.89983	0.895517	0.893543	0.89471	0.924913	0.925082	0.927492	0.92689	0.929076	0.934415	1.08458	1.07321	1.08866	1.08915	1.08549	1.08333	0.925593	0.908431	0.902104	0.927139	0.924474	0.936518	0.776733	0.810245	0.74937	0	0.772229	0.778583	0.913217	0.912805	0.918173	0.9179	0.92131	0.91649	0.898278	0.897815	0.897826	0.911131	0.909852	0.911145	1.1017	1.07513	1.07549	1.09925	1.09705	1.07905	0.93131	0.939683	0.937503	0.927977	0.944599	0.931954	0.963666	0.949456	0.958625	0.946242	0.949917	0.971309	1.17149	1.08047	1.17304	1.08791	1.08234	1.17629	1.06867	1.07304	1.05212	1.05286	1.07187	1.05225	1.08933	1.09156	1.10516	1.08964	1.1002	1.09717	1.07745	1.07755	1.09305	1.09781	1.0928	1.09788	1.08555	1.10616	1.08685	1.11398	1.08744	1.09944
ERR622582	0.93449	0.934985	0.943091	0.930281	0.928592	0.930676	0.919305	0.911735	0.912569	0.907163	0.905326	0.905305	0.934362	0.933872	0.936438	0.936125	0.938146	0.942899	1.09691	1.08593	1.10034	1.10104	1.09733	1.09487	0.93654	0.919032	0.914308	0.937823	0.935088	0.945882	0.782523	0.819481	0.767183	0.772229	0	0.784337	0.924025	0.924938	0.929279	0.928657	0.931691	0.927792	0.907541	0.907179	0.907399	0.920096	0.91861	0.919696	1.11278	1.08752	1.08791	1.1102	1.10847	1.09014	0.943706	0.950974	0.948054	0.941025	0.956087	0.944131	0.972824	0.959042	0.966869	0.957018	0.95972	0.980347	1.18794	1.09377	1.18939	1.10063	1.09478	1.19218	1.08058	1.08535	1.06509	1.06598	1.08372	1.06563	1.10271	1.10441	1.11721	1.10289	1.11307	1.1102	1.09096	1.09139	1.10611	1.1095	1.10562	1.10835	1.1002	1.12012	1.10134	1.12793	1.10175	1.11387
ERR622580	0.939251	0.939943	0.948007	0.935219	0.933255	0.935604	0.924586	0.917056	0.917513	0.912646	0.910197	0.910849	0.939397	0.938547	0.941296	0.941096	0.942777	0.947312	1.09988	1.08902	1.10335	1.10392	1.10015	1.09773	0.94076	0.923325	0.919086	0.941921	0.939267	0.950125	0.787437	0.823292	0.773575	0.778583	0.784337	0	0.929151	0.929592	0.934268	0.933795	0.93683	0.932744	0.911562	0.911325	0.911124	0.923523	0.922451	0.923339	1.11565	1.09066	1.09083	1.11301	1.11102	1.09315	0.948754	0.956262	0.953323	0.946465	0.961358	0.949707	0.976345	0.96337	0.970667	0.96111	0.963858	0.984173	1.19097	1.09709	1.19239	1.10366	1.09811	1.19489	1.08377	1.08848	1.06834	1.0691	1.08673	1.06887	1.10576	1.10713	1.12003	1.10599	1.11601	1.11299	1.09406	1.09441	1.109	1.11234	1.10842	1.11086	1.10318	1.12315	1.1041	1.13081	1.10504	1.11707
ERR636741	0.828916	0.828504	0.840552	0.820827	0.819442	0.82165	0.821227	0.812332	0.814182	0.805839	0.803652	0.804941	0.84549	0.842412	0.847766	0.84672	0.847641	0.853255	1.08821	1.07642	1.09182	1.09278	1.08817	1.08567	0.875662	0.856974	0.852079	0.877198	0.875779	0.887574	0.927507	0.96372	0.906365	0.913217	0.924025	0.929151	0	0.757404	0.763858	0.763373	0.764354	0.761866	0.939017	0.93771	0.937676	0.958822	0.956014	0.959714	1.10555	1.07995	1.08022	1.10259	1.1006	1.08215	0.931123	0.94019	0.934659	0.928159	0.945474	0.931442	0.883986	0.868119	0.875416	0.866701	0.867707	0.894036	1.19509	1.08789	1.19662	1.09438	1.08806	1.19901	1.06161	1.06714	1.04506	1.04549	1.06433	1.04557	1.09748	1.09838	1.11188	1.09779	1.10769	1.1046	1.08824	1.08837	1.10332	1.10598	1.10235	1.10389	1.09681	1.1166	1.09794	1.12493	1.09875	1.1108
ERR636740	0.829078	0.829508	0.840515	0.822207	0.820447	0.823245	0.822229	0.813861	0.814283	0.807485	0.80513	0.806624	0.845536	0.84351	0.848055	0.847123	0.84822	0.853918	1.08981	1.07824	1.09325	1.09411	1.08972	1.08752	0.87615	0.858349	0.852096	0.877723	0.876278	0.888606	0.928294	0.963395	0.905933	0.912805	0.924938	0.929592	0.757404	0	0.765319	0.764682	0.766265	0.763128	0.939892	0.939268	0.939095	0.959242	0.956558	0.960113	1.10717	1.0812	1.08201	1.10416	1.1021	1.08455	0.932784	0.942164	0.937551	0.929991	0.947495	0.933543	0.88672	0.870704	0.879063	0.869141	0.870649	0.896798	1.18935	1.08815	1.19099	1.09495	1.08863	1.19369	1.06278	1.06809	1.04607	1.04637	1.06567	1.04643	1.09757	1.09915	1.11262	1.09769	1.10759	1.10466	1.08913	1.08925	1.10421	1.10739	1.10321	1.10646	1.09623	1.11569	1.09738	1.12319	1.09801	1.10979
ERR636742	0.832058	0.832514	0.843525	0.82515	0.823779	0.825736	0.825784	0.817789	0.818738	0.811846	0.809313	0.810575	0.847353	0.845259	0.849314	0.848709	0.849523	0.855161	1.09532	1.08367	1.09866	1.09969	1.09513	1.09282	0.879903	0.862067	0.856962	0.881383	0.879843	0.891781	0.932888	0.967793	0.911432	0.918173	0.929279	0.934268	0.763858	0.765319	0	0.764664	0.771692	0.763145	0.945127	0.944446	0.944553	0.964562	0.961698	0.964877	1.1125	1.0876	1.08788	1.1098	1.10769	1.0899	0.93803	0.946824	0.941833	0.93522	0.951716	0.938342	0.889093	0.87343	0.880813	0.871745	0.872996	0.898424	1.19539	1.09327	1.19683	1.09985	1.09384	1.19927	1.06656	1.0718	1.05006	1.05046	1.06923	1.05042	1.10401	1.10506	1.11809	1.10424	1.11352	1.11068	1.09516	1.09535	1.10986	1.11266	1.10917	1.11143	1.10273	1.12197	1.10373	1.12931	1.10429	1.11602
ERR636743	0.832491	0.832117	0.84314	0.825315	0.823528	0.825629	0.825379	0.817508	0.818354	0.81135	0.808975	0.81035	0.847469	0.844945	0.848804	0.848186	0.84931	0.854933	1.09468	1.08328	1.09795	1.09865	1.09482	1.09232	0.879642	0.862103	0.856941	0.881267	0.879665	0.892108	0.932059	0.967078	0.91079	0.9179	0.928657	0.933795	0.763373	0.764682	0.764664	0	0.77153	0.762998	0.944984	0.944458	0.944375	0.964078	0.96143	0.964742	1.11183	1.0869	1.08736	1.1093	1.10735	1.08948	0.937704	0.946363	0.941895	0.934673	0.951576	0.938065	0.88875	0.872803	0.880532	0.87132	0.872695	0.898392	1.19428	1.09302	1.19566	1.09973	1.09328	1.19844	1.06675	1.07167	1.04988	1.05047	1.06917	1.05025	1.10311	1.10454	1.11761	1.10341	1.11322	1.10995	1.09442	1.0946	1.10908	1.11223	1.10857	1.11093	1.10191	1.12129	1.10289	1.12875	1.10352	1.11541
ERR636739	0.835292	0.835066	0.845797	0.828034	0.826584	0.828393	0.828193	0.820422	0.821398	0.814383	0.811896	0.813466	0.85005	0.847039	0.851663	0.851267	0.852046	0.856558	1.09766	1.08624	1.10103	1.1017	1.09725	1.09482	0.882081	0.864304	0.859814	0.88377	0.882248	0.893974	0.935391	0.97012	0.915046	0.92131	0.931691	0.93683	0.764354	0.766265	0.771692	0.77153	0	0.770319	0.947507	0.947034	0.946892	0.966989	0.964254	0.967399	1.11446	1.08955	1.09007	1.11175	1.10966	1.09209	0.940668	0.948933	0.943893	0.937897	0.953926	0.940654	0.890869	0.875683	0.882769	0.874243	0.875205	0.900285	1.19854	1.09561	1.19995	1.10238	1.09622	1.20225	1.0685	1.07339	1.05169	1.05223	1.07091	1.05222	1.10634	1.10738	1.12032	1.10656	1.11612	1.11301	1.09746	1.09793	1.11212	1.11489	1.1112	1.11308	1.10558	1.12436	1.10636	1.13205	1.10704	1.11868
ERR636744	0.831076	0.830787	0.841769	0.823576	0.822275	0.82433	0.824473	0.815872	0.816641	0.809844	0.807194	0.808727	0.847281	0.844661	0.848904	0.848227	0.849063	0.854842	1.09342	1.08214	1.09682	1.09747	1.09316	1.09095	0.878428	0.860545	0.855701	0.879921	0.878529	0.890821	0.931236	0.966441	0.909812	0.91649	0.927792	0.932744	0.761866	0.763128	0.763145	0.762998	0.770319	0	0.943522	0.942652	0.942891	0.962629	0.959921	0.963357	1.11058	1.08536	1.08547	1.10792	1.10576	1.08827	0.936291	0.945148	0.940421	0.933156	0.950252	0.936628	0.888324	0.872582	0.880217	0.870956	0.872395	0.897911	1.19283	1.09149	1.19432	1.09843	1.09214	1.19684	1.06529	1.07075	1.04852	1.04929	1.06808	1.04898	1.10158	1.10272	1.11598	1.10184	1.11163	1.10839	1.09266	1.0931	1.10759	1.11066	1.10705	1.10952	1.10032	1.11953	1.10148	1.12723	1.102	1.11356
ERR613505	0.955732	0.956237	0.965888	0.951682	0.949924	0.951646	0.953143	0.944832	0.945686	0.939959	0.93818	0.939181	0.952222	0.951044	0.95547	0.95422	0.956068	0.960336	1.04782	1.03593	1.05166	1.05239	1.04846	1.04511	0.958218	0.940822	0.935566	0.959914	0.957815	0.966831	0.910531	0.938585	0.893395	0.898278	0.907541	0.911562	0.939017	0.939892	0.945127	0.944984	0.947507	0.943522	0	0.740099	0.739453	0.764115	0.761271	0.764579	1.06323	1.03578	1.03611	1.05992	1.05812	1.03885	0.94394	0.952019	0.947843	0.940223	0.957378	0.944501	0.99009	0.977555	0.984616	0.973463	0.977368	0.998852	1.15935	1.04609	1.16073	1.05349	1.04671	1.16257	1.02886	1.03394	1.01115	1.0122	1.03184	1.01138	1.05367	1.05505	1.06913	1.05352	1.06476	1.06105	1.04773	1.04801	1.06324	1.0669	1.06276	1.06518	1.05748	1.07821	1.05891	1.0864	1.05927	1.072
ERR613504	0.955441	0.95602	0.965586	0.951462	0.949494	0.950878	0.952373	0.94391	0.944999	0.939374	0.937684	0.938448	0.951868	0.950707	0.955301	0.95385	0.955916	0.959958	1.04769	1.03532	1.05126	1.052	1.04811	1.04475	0.957455	0.939973	0.934734	0.959422	0.957085	0.966112	0.910017	0.937843	0.892928	0.897815	0.907179	0.911325	0.93771	0.939268	0.944446	0.944458	0.947034	0.942652	0.740099	0	0.739454	0.763801	0.76068	0.764307	1.06267	1.03535	1.03574	1.05934	1.05785	1.03862	0.943852	0.951781	0.948157	0.940515	0.957316	0.944195	0.989384	0.976509	0.983811	0.972559	0.977102	0.998383	1.15893	1.04607	1.16033	1.05348	1.04692	1.16228	1.02904	1.03422	1.01126	1.01245	1.03185	1.01165	1.05352	1.05481	1.06883	1.05337	1.06426	1.06073	1.04749	1.04784	1.06304	1.06664	1.06248	1.06487	1.05692	1.07795	1.05834	1.08606	1.05878	1.07135
ERR613503	0.955148	0.955782	0.965714	0.950856	0.948981	0.95062	0.952544	0.944066	0.94523	0.939592	0.937646	0.938501	0.951776	0.950501	0.955278	0.953682	0.955835	0.959852	1.04719	1.03487	1.05072	1.05159	1.04751	1.04415	0.957704	0.940701	0.934921	0.95956	0.956978	0.966253	0.909947	0.937952	0.892811	0.897826	0.907399	0.911124	0.937676	0.939095	0.944553	0.944375	0.946892	0.942891	0.739453	0.739454	0	0.763752	0.76054	0.763932	1.06247	1.03496	1.03521	1.05895	1.05734	1.03794	0.943276	0.951489	0.947654	0.939833	0.956853	0.943756	0.989566	0.976726	0.984256	0.972797	0.97716	0.99849	1.15964	1.04581	1.16115	1.05303	1.04635	1.16304	1.02886	1.03375	1.01071	1.01203	1.03168	1.0114	1.05327	1.05459	1.06891	1.05318	1.06435	1.06063	1.04677	1.04723	1.06249	1.066	1.06196	1.0644	1.05689	1.07767	1.05821	1.086	1.05882	1.07133
ERR613507	0.973581	0.974933	0.983554	0.970737	0.969292	0.970256	0.971232	0.963763	0.964	0.959867	0.957861	0.958634	0.970521	0.970004	0.973671	0.972382	0.974227	0.978066	1.0631	1.05244	1.06667	1.06748	1.06395	1.06142	0.972534	0.95744	0.951419	0.97408	0.972012	0.98083	0.922648	0.946097	0.907044	0.911131	0.920096	0.923523	0.958822	0.959242	0.964562	0.964078	0.966989	0.962629	0.764115	0.763801	0.763752	0	0.775335	0.778153	1.07688	1.05098	1.05149	1.07385	1.07202	1.05556	0.965685	0.973448	0.970627	0.962544	0.978045	0.966187	1.01082	0.99837	1.00624	0.994648	0.998985	1.01887	1.15936	1.06012	1.16076	1.06732	1.06152	1.16283	1.0458	1.05035	1.0292	1.03	1.04909	1.02921	1.06651	1.06844	1.08169	1.06637	1.0766	1.07337	1.06174	1.06245	1.07649	1.08062	1.07606	1.0804	1.06888	1.08796	1.07028	1.09499	1.07067	1.08193
ERR613506	0.971129	0.972228	0.980827	0.967911	0.966174	0.967511	0.968692	0.961337	0.961794	0.956868	0.955412	0.95625	0.967948	0.967322	0.971223	0.970102	0.97185	0.975816	1.0626	1.05152	1.06599	1.06675	1.06325	1.06032	0.970442	0.954803	0.949053	0.972404	0.970091	0.979164	0.921436	0.945357	0.905673	0.909852	0.91861	0.922451	0.956014	0.956558	0.961698	0.96143	0.964254	0.959921	0.761271	0.76068	0.76054	0.775335	0	0.776067	1.07641	1.05055	1.05099	1.07364	1.07154	1.0548	0.96342	0.971568	0.968381	0.960382	0.975911	0.964012	1.00766	0.99561	1.00301	0.9918	0.995823	1.01594	1.16025	1.05933	1.1616	1.06659	1.0604	1.16354	1.04423	1.04887	1.02672	1.02775	1.04714	1.02731	1.06625	1.06806	1.08109	1.06625	1.07619	1.07277	1.06138	1.06157	1.07599	1.08018	1.07554	1.0797	1.06838	1.08772	1.0698	1.09458	1.07006	1.08147
ERR613508	0.974246	0.975099	0.983838	0.970698	0.96888	0.97066	0.971839	0.964543	0.964875	0.960213	0.958632	0.959129	0.970606	0.970194	0.974206	0.97265	0.97457	0.97845	1.06387	1.05298	1.06754	1.06798	1.06494	1.06205	0.973173	0.957661	0.951608	0.974917	0.972488	0.980923	0.92221	0.945907	0.907042	0.911145	0.919696	0.923339	0.959714	0.960113	0.964877	0.964742	0.967399	0.963357	0.764579	0.764307	0.763932	0.778153	0.776067	0	1.07772	1.05236	1.05284	1.07502	1.07318	1.05663	0.966484	0.974284	0.971183	0.963085	0.978895	0.967016	1.0108	0.99858	1.00653	0.99518	0.998873	1.01891	1.16116	1.0608	1.16246	1.06807	1.06206	1.16436	1.04653	1.05098	1.02952	1.03045	1.04936	1.02996	1.0675	1.06973	1.08249	1.06746	1.07771	1.07434	1.06292	1.06329	1.07726	1.08149	1.07691	1.08095	1.07008	1.08926	1.07152	1.09605	1.07176	1.08309
