	ERR626616	ERR626615	ERR626614	ERR626618	ERR626619	ERR626617	ERR629674	ERR629676	ERR629677	ERR629678	ERR629675	ERR629679	ERR618694	ERR618693	ERR618695	ERR618696	ERR618698	ERR618697	ERR636646	ERR636648	ERR636643	ERR636645	ERR636647	ERR636644	ERR636686	ERR636690	ERR636687	ERR636688	ERR636685	ERR636689	ERR612595	ERR612598	ERR612596	ERR612597	ERR612600	ERR612599	ERR637031	ERR637027	ERR637030	ERR637029	ERR637028	ERR637032	ERR636919	ERR636923	ERR636924	ERR636920	ERR636922	ERR636921	ERR607490	ERR607491	ERR607489	ERR607488	ERR607492	ERR607487	ERR635311	ERR635314	ERR635313	ERR635310	ERR635312	ERR635315	ERR617200	ERR617202	ERR617198	ERR617201	ERR617199	ERR617197	ERR605542	ERR605543	ERR605539	ERR605540	ERR605541	ERR605544	ERR612217	ERR612218	ERR612215	ERR612220	ERR612219	ERR612216	ERR614856	ERR614858	ERR614857	ERR614854	ERR614853	ERR614855	ERR614953	ERR614954	ERR614949	ERR614951	ERR614952	ERR614950	ERR616612	ERR616611	ERR616613	ERR616610	ERR616614	ERR616615
ERR626616	2.90282e+08	2.11681e+08	2.40866e+08	1.85497e+08	1.79785e+08	1.8194e+08	1.70256e+08	1.40639e+08	1.81315e+08	1.80331e+08	1.41703e+08	1.83689e+08	1.37617e+08	1.48289e+08	1.38759e+08	1.44703e+08	1.50147e+08	1.46356e+08	1.48766e+08	1.72551e+08	1.73118e+08	1.31189e+08	1.48856e+08	1.5518e+08	1.57681e+08	1.6259e+08	1.55792e+08	1.63773e+08	1.37635e+08	1.63469e+08	1.68401e+08	1.33766e+08	1.21071e+08	1.54671e+08	1.31747e+08	1.33716e+08	1.80771e+08	1.639e+08	1.45527e+08	1.66093e+08	1.33135e+08	1.75537e+08	1.34344e+08	1.59601e+08	1.5845e+08	1.54694e+08	1.59619e+08	1.52656e+08	2.16784e+08	2.15474e+08	1.67786e+08	1.73562e+08	2.15867e+08	1.68328e+08	1.25734e+08	1.08455e+08	1.08937e+08	1.16868e+08	1.34749e+08	1.07365e+08	1.92753e+08	1.86707e+08	2.37698e+08	2.02538e+08	2.40647e+08	2.22639e+08	1.73293e+08	1.75624e+08	1.86161e+08	1.74981e+08	1.65327e+08	1.72543e+08	2.10395e+08	2.14548e+08	2.20778e+08	2.06061e+08	1.74629e+08	2.10552e+08	1.83333e+08	1.82611e+08	1.81289e+08	1.47351e+08	1.42729e+08	1.42086e+08	2.23206e+08	2.26284e+08	1.7672e+08	1.74902e+08	2.25574e+08	1.82612e+08	1.5908e+08	1.74664e+08	1.89314e+08	1.70005e+08	1.88696e+08	1.91059e+08
ERR626615	2.11681e+08	3.72097e+08	2.80726e+08	2.15874e+08	2.09181e+08	2.11733e+08	1.9814e+08	1.63504e+08	2.11016e+08	2.09621e+08	1.64523e+08	2.13543e+08	1.60005e+08	1.72682e+08	1.61609e+08	1.68722e+08	1.75136e+08	1.70461e+08	1.74072e+08	2.01741e+08	2.02394e+08	1.52767e+08	1.74133e+08	1.81257e+08	1.83686e+08	1.89007e+08	1.81057e+08	1.90599e+08	1.60123e+08	1.90061e+08	1.9782e+08	1.56878e+08	1.41981e+08	1.81186e+08	1.54651e+08	1.56833e+08	2.10372e+08	1.91239e+08	1.69442e+08	1.93639e+08	1.54861e+08	2.04273e+08	1.5723e+08	1.86428e+08	1.85259e+08	1.81145e+08	1.86532e+08	1.78378e+08	2.52729e+08	2.5142e+08	1.95158e+08	2.01933e+08	2.51608e+08	1.95782e+08	1.4621e+08	1.25501e+08	1.26162e+08	1.35302e+08	1.56637e+08	1.2426e+08	2.25047e+08	2.16283e+08	2.77366e+08	2.36355e+08	2.80964e+08	2.59109e+08	2.01414e+08	2.03998e+08	2.16207e+08	2.02974e+08	1.91692e+08	2.00412e+08	2.44832e+08	2.49833e+08	2.57249e+08	2.3992e+08	2.03195e+08	2.44839e+08	2.12819e+08	2.11936e+08	2.1037e+08	1.70776e+08	1.65294e+08	1.64678e+08	2.59404e+08	2.62815e+08	2.04745e+08	2.02821e+08	2.62076e+08	2.11824e+08	1.85249e+08	2.0333e+08	2.20243e+08	1.97895e+08	2.19638e+08	2.22358e+08
ERR626614	2.40866e+08	2.80726e+08	4.66785e+08	2.46005e+08	2.38291e+08	2.41206e+08	2.26375e+08	1.8679e+08	2.41352e+08	2.39722e+08	1.87909e+08	2.44169e+08	1.83416e+08	1.98014e+08	1.85326e+08	1.93577e+08	2.00926e+08	1.95502e+08	1.99503e+08	2.31107e+08	2.31788e+08	1.74739e+08	1.99556e+08	2.07439e+08	2.09511e+08	2.1563e+08	2.06596e+08	2.17274e+08	1.82471e+08	2.16779e+08	2.27309e+08	1.80163e+08	1.62957e+08	2.0807e+08	1.77617e+08	1.80173e+08	2.41405e+08	2.19376e+08	1.94378e+08	2.22212e+08	1.77489e+08	2.34399e+08	1.80414e+08	2.13863e+08	2.12556e+08	2.07992e+08	2.13869e+08	2.04588e+08	2.88564e+08	2.86727e+08	2.22401e+08	2.30136e+08	2.87297e+08	2.23066e+08	1.66766e+08	1.43035e+08	1.43822e+08	1.54392e+08	1.78828e+08	1.4173e+08	2.56927e+08	2.46668e+08	3.16763e+08	2.69833e+08	3.20823e+08	2.95774e+08	2.29674e+08	2.3269e+08	2.46778e+08	2.31839e+08	2.1886e+08	2.28851e+08	2.79618e+08	2.85252e+08	2.9397e+08	2.74184e+08	2.32162e+08	2.79671e+08	2.42663e+08	2.41744e+08	2.39739e+08	1.94595e+08	1.88143e+08	1.87701e+08	2.95728e+08	2.99754e+08	2.33023e+08	2.30895e+08	2.98847e+08	2.41226e+08	2.11253e+08	2.32044e+08	2.51102e+08	2.25564e+08	2.50251e+08	2.53406e+08
ERR626618	1.85497e+08	2.15874e+08	2.46005e+08	3.00698e+08	1.85113e+08	1.87221e+08	1.73847e+08	1.43451e+08	1.85149e+08	1.84044e+08	1.44291e+08	1.87382e+08	1.40242e+08	1.51332e+08	1.4157e+08	1.47895e+08	1.53646e+08	1.49504e+08	1.52779e+08	1.76745e+08	1.77339e+08	1.33602e+08	1.52709e+08	1.58777e+08	1.61969e+08	1.66667e+08	1.59545e+08	1.67921e+08	1.41185e+08	1.67513e+08	1.73927e+08	1.37968e+08	1.24764e+08	1.5908e+08	1.36111e+08	1.37954e+08	1.84361e+08	1.67731e+08	1.48574e+08	1.69814e+08	1.35545e+08	1.79012e+08	1.38019e+08	1.636e+08	1.62641e+08	1.59211e+08	1.63653e+08	1.56627e+08	2.21946e+08	2.20579e+08	1.71328e+08	1.77314e+08	2.21065e+08	1.71719e+08	1.28225e+08	1.09919e+08	1.10521e+08	1.18722e+08	1.37508e+08	1.08933e+08	1.97919e+08	1.89553e+08	2.43678e+08	2.07682e+08	2.46651e+08	2.27406e+08	1.76508e+08	1.78714e+08	1.89432e+08	1.77907e+08	1.6796e+08	1.75671e+08	2.14796e+08	2.19079e+08	2.25745e+08	2.10644e+08	1.78407e+08	2.14777e+08	1.86555e+08	1.85859e+08	1.84306e+08	1.49677e+08	1.44864e+08	1.44429e+08	2.27813e+08	2.30947e+08	1.79848e+08	1.78233e+08	2.30249e+08	1.86065e+08	1.62931e+08	1.78813e+08	1.93483e+08	1.73899e+08	1.92687e+08	1.9515e+08
ERR626619	1.79785e+08	2.09181e+08	2.38291e+08	1.85113e+08	2.85432e+08	1.81491e+08	1.68236e+08	1.38993e+08	1.79221e+08	1.7813e+08	1.3979e+08	1.81386e+08	1.35777e+08	1.46485e+08	1.3713e+08	1.4327e+08	1.48725e+08	1.44763e+08	1.47898e+08	1.71262e+08	1.71838e+08	1.29537e+08	1.48043e+08	1.53847e+08	1.56874e+08	1.61398e+08	1.54637e+08	1.6267e+08	1.36753e+08	1.62192e+08	1.68208e+08	1.3344e+08	1.20619e+08	1.53887e+08	1.31501e+08	1.3325e+08	1.78501e+08	1.62259e+08	1.43844e+08	1.64259e+08	1.31282e+08	1.73416e+08	1.33484e+08	1.5829e+08	1.57282e+08	1.53967e+08	1.58409e+08	1.51381e+08	2.14874e+08	2.13766e+08	1.66124e+08	1.71669e+08	2.14043e+08	1.66299e+08	1.24369e+08	1.06472e+08	1.07107e+08	1.1504e+08	1.33174e+08	1.05582e+08	1.91719e+08	1.83627e+08	2.3588e+08	2.0096e+08	2.39121e+08	2.2035e+08	1.71082e+08	1.73383e+08	1.83692e+08	1.72509e+08	1.62919e+08	1.70405e+08	2.08214e+08	2.12553e+08	2.18907e+08	2.04257e+08	1.73128e+08	2.08256e+08	1.80856e+08	1.80203e+08	1.78747e+08	1.45168e+08	1.40454e+08	1.40078e+08	2.21021e+08	2.24009e+08	1.74389e+08	1.72942e+08	2.23245e+08	1.80524e+08	1.57938e+08	1.73288e+08	1.87443e+08	1.68628e+08	1.86734e+08	1.89172e+08
ERR626617	1.8194e+08	2.11733e+08	2.41206e+08	1.87221e+08	1.81491e+08	2.9099e+08	1.70291e+08	1.40787e+08	1.81513e+08	1.80284e+08	1.41449e+08	1.83548e+08	1.37377e+08	1.48219e+08	1.38794e+08	1.44928e+08	1.5048e+08	1.46337e+08	1.49581e+08	1.73167e+08	1.73755e+08	1.30902e+08	1.49625e+08	1.55485e+08	1.58801e+08	1.63388e+08	1.56582e+08	1.64753e+08	1.38543e+08	1.64306e+08	1.70283e+08	1.3515e+08	1.22159e+08	1.5592e+08	1.33229e+08	1.34997e+08	1.80723e+08	1.64346e+08	1.45486e+08	1.66397e+08	1.3291e+08	1.75378e+08	1.35237e+08	1.60259e+08	1.59165e+08	1.55869e+08	1.6032e+08	1.53194e+08	2.17437e+08	2.16331e+08	1.67908e+08	1.73774e+08	2.1673e+08	1.68222e+08	1.25748e+08	1.07802e+08	1.08318e+08	1.16376e+08	1.34721e+08	1.06831e+08	1.93966e+08	1.85869e+08	2.38821e+08	2.036e+08	2.41868e+08	2.23057e+08	1.73198e+08	1.75349e+08	1.85916e+08	1.74535e+08	1.64892e+08	1.72374e+08	2.10649e+08	2.14894e+08	2.21393e+08	2.066e+08	1.75031e+08	2.10619e+08	1.83012e+08	1.82268e+08	1.80888e+08	1.46857e+08	1.42153e+08	1.41694e+08	2.23351e+08	2.26501e+08	1.76271e+08	1.74802e+08	2.25867e+08	1.82391e+08	1.59664e+08	1.75267e+08	1.8961e+08	1.70472e+08	1.88863e+08	1.91287e+08
ERR629674	1.70256e+08	1.9814e+08	2.26375e+08	1.73847e+08	1.68236e+08	1.70291e+08	4.38424e+08	2.52905e+08	3.23164e+08	3.21219e+08	2.55361e+08	3.27306e+08	1.87245e+08	2.01991e+08	1.88792e+08	1.96819e+08	2.03921e+08	1.98878e+08	1.7505e+08	2.04333e+08	2.04734e+08	1.53664e+08	1.75237e+08	1.82644e+08	1.87742e+08	1.94548e+08	1.85738e+08	1.96026e+08	1.63698e+08	1.95371e+08	2.26507e+08	1.79855e+08	1.63223e+08	2.08327e+08	1.77093e+08	1.79926e+08	2.52535e+08	2.3091e+08	2.05891e+08	2.33256e+08	1.89697e+08	2.45498e+08	1.92666e+08	2.27063e+08	2.25939e+08	2.21041e+08	2.27134e+08	2.18065e+08	2.44057e+08	2.42342e+08	1.88361e+08	1.95072e+08	2.42861e+08	1.88991e+08	1.70745e+08	1.47219e+08	1.48346e+08	1.59319e+08	1.83065e+08	1.46043e+08	2.23101e+08	2.1474e+08	2.74895e+08	2.33888e+08	2.77977e+08	2.5678e+08	1.94743e+08	1.97381e+08	2.09464e+08	1.96794e+08	1.85513e+08	1.94006e+08	2.35823e+08	2.4019e+08	2.47627e+08	2.30712e+08	1.94908e+08	2.35517e+08	2.03413e+08	2.02763e+08	2.011e+08	1.632e+08	1.57881e+08	1.57123e+08	2.36081e+08	2.39613e+08	1.86128e+08	1.84031e+08	2.3895e+08	1.92402e+08	1.77323e+08	1.94944e+08	2.11454e+08	1.89382e+08	2.10801e+08	2.13891e+08
ERR629676	1.40639e+08	1.63504e+08	1.8679e+08	1.43451e+08	1.38993e+08	1.40787e+08	2.52905e+08	3.20466e+08	2.68138e+08	2.6665e+08	2.12271e+08	2.71584e+08	1.545e+08	1.66566e+08	1.55763e+08	1.62216e+08	1.68236e+08	1.64063e+08	1.43974e+08	1.6801e+08	1.68354e+08	1.26396e+08	1.44058e+08	1.50283e+08	1.55317e+08	1.61097e+08	1.53839e+08	1.62273e+08	1.35636e+08	1.61725e+08	1.8643e+08	1.48087e+08	1.34366e+08	1.71642e+08	1.45763e+08	1.48166e+08	2.08335e+08	1.90417e+08	1.69994e+08	1.92408e+08	1.56718e+08	2.0249e+08	1.58751e+08	1.87176e+08	1.8625e+08	1.82233e+08	1.87167e+08	1.79745e+08	2.016e+08	2.00002e+08	1.55697e+08	1.61276e+08	2.00545e+08	1.56291e+08	1.41249e+08	1.2187e+08	1.22701e+08	1.3182e+08	1.51283e+08	1.20841e+08	1.84861e+08	1.77826e+08	2.27315e+08	1.93743e+08	2.29883e+08	2.12592e+08	1.60829e+08	1.6306e+08	1.72721e+08	1.6255e+08	1.53153e+08	1.60089e+08	1.9463e+08	1.98408e+08	2.044e+08	1.90369e+08	1.60917e+08	1.94434e+08	1.68083e+08	1.67389e+08	1.66176e+08	1.34884e+08	1.30474e+08	1.29873e+08	1.94675e+08	1.97599e+08	1.53704e+08	1.51921e+08	1.97051e+08	1.58871e+08	1.46435e+08	1.60941e+08	1.74497e+08	1.56392e+08	1.74026e+08	1.76457e+08
ERR629677	1.81315e+08	2.11016e+08	2.41352e+08	1.85149e+08	1.79221e+08	1.81513e+08	3.23164e+08	2.68138e+08	4.87775e+08	3.42868e+08	2.70905e+08	3.48379e+08	1.9982e+08	2.15552e+08	2.0142e+08	2.09949e+08	2.17688e+08	2.12237e+08	1.86632e+08	2.1785e+08	2.18402e+08	1.63739e+08	1.86882e+08	1.94768e+08	1.99944e+08	2.07175e+08	1.97867e+08	2.08857e+08	1.74368e+08	2.0814e+08	2.41722e+08	1.91869e+08	1.74058e+08	2.22413e+08	1.88995e+08	1.91924e+08	2.6949e+08	2.46302e+08	2.19579e+08	2.48847e+08	2.02322e+08	2.6188e+08	2.05473e+08	2.42327e+08	2.40978e+08	2.35703e+08	2.42366e+08	2.32612e+08	2.59901e+08	2.57951e+08	2.00547e+08	2.07619e+08	2.5866e+08	2.0126e+08	1.818e+08	1.56772e+08	1.57956e+08	1.69592e+08	1.94788e+08	1.55483e+08	2.37483e+08	2.28517e+08	2.92428e+08	2.49048e+08	2.95934e+08	2.73258e+08	2.07643e+08	2.10696e+08	2.23173e+08	2.09833e+08	1.97822e+08	2.06801e+08	2.51508e+08	2.56173e+08	2.64154e+08	2.4593e+08	2.07817e+08	2.51022e+08	2.16694e+08	2.16006e+08	2.1436e+08	1.73923e+08	1.68048e+08	1.67368e+08	2.51629e+08	2.55365e+08	1.98384e+08	1.95999e+08	2.54454e+08	2.05031e+08	1.88828e+08	2.0755e+08	2.25288e+08	2.01739e+08	2.24622e+08	2.27805e+08
ERR629678	1.80331e+08	2.09621e+08	2.39722e+08	1.84044e+08	1.7813e+08	1.80284e+08	3.21219e+08	2.6665e+08	3.42868e+08	4.82197e+08	2.6927e+08	3.464e+08	1.98428e+08	2.13837e+08	2.00049e+08	2.08391e+08	2.16117e+08	2.10608e+08	1.85527e+08	2.1642e+08	2.17044e+08	1.62798e+08	1.85645e+08	1.93568e+08	1.98439e+08	2.05864e+08	1.96451e+08	2.07306e+08	1.73158e+08	2.06704e+08	2.39692e+08	1.90372e+08	1.72638e+08	2.20585e+08	1.87414e+08	1.90302e+08	2.67526e+08	2.44384e+08	2.17974e+08	2.47049e+08	2.0087e+08	2.599e+08	2.03909e+08	2.40582e+08	2.39216e+08	2.33994e+08	2.40534e+08	2.30922e+08	2.58589e+08	2.56596e+08	1.99449e+08	2.06561e+08	2.57134e+08	2.00164e+08	1.80692e+08	1.55907e+08	1.57016e+08	1.68664e+08	1.93713e+08	1.54586e+08	2.35907e+08	2.27174e+08	2.90482e+08	2.47442e+08	2.93889e+08	2.71648e+08	2.06361e+08	2.0931e+08	2.21809e+08	2.08543e+08	1.96525e+08	2.05491e+08	2.49799e+08	2.54572e+08	2.62475e+08	2.44362e+08	2.06556e+08	2.49662e+08	2.1562e+08	2.14692e+08	2.13158e+08	1.72805e+08	1.67098e+08	1.66381e+08	2.49985e+08	2.53937e+08	1.97076e+08	1.94902e+08	2.52977e+08	2.03865e+08	1.8771e+08	2.06535e+08	2.23975e+08	2.00613e+08	2.23293e+08	2.2659e+08
ERR629675	1.41703e+08	1.64523e+08	1.87909e+08	1.44291e+08	1.3979e+08	1.41449e+08	2.55361e+08	2.12271e+08	2.70905e+08	2.6927e+08	3.25509e+08	2.7426e+08	1.56011e+08	1.68129e+08	1.57291e+08	1.63804e+08	1.69731e+08	1.65626e+08	1.45118e+08	1.69372e+08	1.69712e+08	1.27541e+08	1.45229e+08	1.51498e+08	1.56673e+08	1.62526e+08	1.55291e+08	1.63685e+08	1.36971e+08	1.6332e+08	1.87728e+08	1.49103e+08	1.35356e+08	1.73001e+08	1.46812e+08	1.49175e+08	2.10727e+08	1.92531e+08	1.71912e+08	1.945e+08	1.58638e+08	2.04666e+08	1.60592e+08	1.89389e+08	1.88385e+08	1.84069e+08	1.89344e+08	1.81808e+08	2.02956e+08	2.01391e+08	1.56765e+08	1.62479e+08	2.01877e+08	1.57396e+08	1.43005e+08	1.23558e+08	1.24524e+08	1.33563e+08	1.53203e+08	1.22609e+08	1.85823e+08	1.79381e+08	2.2862e+08	1.94831e+08	2.31392e+08	2.13919e+08	1.61956e+08	1.64149e+08	1.74061e+08	1.63623e+08	1.54256e+08	1.61228e+08	1.96074e+08	1.99498e+08	2.05588e+08	1.9156e+08	1.62027e+08	1.95894e+08	1.69194e+08	1.68559e+08	1.67205e+08	1.35831e+08	1.31428e+08	1.30742e+08	1.9611e+08	1.99136e+08	1.54895e+08	1.53035e+08	1.98409e+08	1.59972e+08	1.47235e+08	1.6198e+08	1.75749e+08	1.57409e+08	1.75269e+08	1.7772e+08
ERR629679	1.83689e+08	2.13543e+08	2.44169e+08	1.87382e+08	1.81386e+08	1.83548e+08	3.27306e+08	2.71584e+08	3.48379e+08	3.464e+08	2.7426e+08	4.98017e+08	2.02337e+08	2.18334e+08	2.04073e+08	2.12604e+08	2.20437e+08	2.15042e+08	1.88877e+08	2.20447e+08	2.20929e+08	1.65703e+08	1.89027e+08	1.97073e+08	2.02231e+08	2.09652e+08	2.00211e+08	2.11223e+08	1.76358e+08	2.10544e+08	2.44294e+08	1.93964e+08	1.75928e+08	2.24739e+08	1.90991e+08	1.93993e+08	2.72837e+08	2.49497e+08	2.22392e+08	2.51783e+08	2.04998e+08	2.65256e+08	2.07873e+08	2.45112e+08	2.4383e+08	2.38476e+08	2.45279e+08	2.35344e+08	2.6316e+08	2.61138e+08	2.03008e+08	2.10248e+08	2.61953e+08	2.03745e+08	1.8407e+08	1.58703e+08	1.59824e+08	1.71695e+08	1.9724e+08	1.57462e+08	2.4036e+08	2.31409e+08	2.9609e+08	2.52022e+08	2.99512e+08	2.76737e+08	2.10347e+08	2.13266e+08	2.26079e+08	2.12554e+08	2.00445e+08	2.09451e+08	2.54671e+08	2.59324e+08	2.67356e+08	2.48985e+08	2.10362e+08	2.54323e+08	2.19787e+08	2.19083e+08	2.17219e+08	1.76198e+08	1.70444e+08	1.69756e+08	2.54779e+08	2.58751e+08	2.00944e+08	1.98558e+08	2.57903e+08	2.07702e+08	1.91202e+08	2.10221e+08	2.28064e+08	2.0421e+08	2.27522e+08	2.30822e+08
ERR618694	1.37617e+08	1.60005e+08	1.83416e+08	1.40242e+08	1.35777e+08	1.37377e+08	1.87245e+08	1.545e+08	1.9982e+08	1.98428e+08	1.56011e+08	2.02337e+08	3.81788e+08	2.7441e+08	2.58389e+08	2.67926e+08	2.77342e+08	2.70838e+08	2.2192e+08	2.56739e+08	2.56967e+08	1.96285e+08	2.2202e+08	2.30822e+08	1.50991e+08	1.56463e+08	1.49638e+08	1.57672e+08	1.31523e+08	1.57394e+08	2.83158e+08	2.28338e+08	2.08423e+08	2.6237e+08	2.25228e+08	2.28737e+08	2.98856e+08	2.7368e+08	2.4563e+08	2.7637e+08	2.26697e+08	2.9032e+08	2.33888e+08	2.73866e+08	2.72412e+08	2.6584e+08	2.73692e+08	2.6289e+08	1.87391e+08	1.86034e+08	1.44021e+08	1.49162e+08	1.86582e+08	1.44614e+08	1.2846e+08	1.10635e+08	1.11352e+08	1.19643e+08	1.37637e+08	1.09597e+08	1.7377e+08	1.67775e+08	2.1474e+08	1.8226e+08	2.17164e+08	2.0073e+08	1.58482e+08	1.60574e+08	1.70392e+08	1.60085e+08	1.50935e+08	1.57724e+08	1.91679e+08	1.95573e+08	2.01624e+08	1.87678e+08	1.5805e+08	1.91723e+08	1.62252e+08	1.61522e+08	1.60155e+08	1.2973e+08	1.25351e+08	1.24796e+08	1.89985e+08	1.92869e+08	1.4913e+08	1.47671e+08	1.92157e+08	1.54558e+08	1.38756e+08	1.53046e+08	1.66541e+08	1.4877e+08	1.66088e+08	1.68448e+08
ERR618693	1.48289e+08	1.72682e+08	1.98014e+08	1.51332e+08	1.46485e+08	1.48219e+08	2.01991e+08	1.66566e+08	2.15552e+08	2.13837e+08	1.68129e+08	2.18334e+08	2.7441e+08	4.29833e+08	2.76704e+08	2.87142e+08	2.97586e+08	2.90328e+08	2.3821e+08	2.75447e+08	2.75701e+08	2.10061e+08	2.38112e+08	2.47417e+08	1.62768e+08	1.68627e+08	1.61249e+08	1.69852e+08	1.41858e+08	1.6939e+08	3.04638e+08	2.45223e+08	2.23678e+08	2.81693e+08	2.41995e+08	2.45747e+08	3.20333e+08	2.93298e+08	2.63027e+08	2.96258e+08	2.42576e+08	3.11212e+08	2.50638e+08	2.93833e+08	2.92193e+08	2.8524e+08	2.93531e+08	2.81862e+08	2.02443e+08	2.00914e+08	1.55646e+08	1.61001e+08	2.0162e+08	1.56113e+08	1.38505e+08	1.19051e+08	1.19923e+08	1.28862e+08	1.48367e+08	1.17981e+08	1.8744e+08	1.8062e+08	2.31795e+08	1.96686e+08	2.34455e+08	2.16525e+08	1.71162e+08	1.73377e+08	1.84017e+08	1.72846e+08	1.62867e+08	1.70258e+08	2.06875e+08	2.11008e+08	2.1772e+08	2.02597e+08	1.70706e+08	2.069e+08	1.74782e+08	1.741e+08	1.72607e+08	1.39697e+08	1.3493e+08	1.34433e+08	2.04994e+08	2.08117e+08	1.60655e+08	1.59287e+08	2.07349e+08	1.66677e+08	1.50145e+08	1.65323e+08	1.79964e+08	1.60743e+08	1.79361e+08	1.81909e+08
ERR618695	1.38759e+08	1.61609e+08	1.85326e+08	1.4157e+08	1.3713e+08	1.38794e+08	1.88792e+08	1.55763e+08	2.0142e+08	2.00049e+08	1.57291e+08	2.04073e+08	2.58389e+08	2.76704e+08	3.87384e+08	2.70315e+08	2.80006e+08	2.73289e+08	2.24358e+08	2.59524e+08	2.59604e+08	1.98015e+08	2.24275e+08	2.33108e+08	1.52249e+08	1.5774e+08	1.50832e+08	1.58844e+08	1.32618e+08	1.58465e+08	2.86559e+08	2.31045e+08	2.10775e+08	2.65255e+08	2.28166e+08	2.31404e+08	3.01397e+08	2.75957e+08	2.47604e+08	2.7848e+08	2.28238e+08	2.92671e+08	2.35855e+08	2.76303e+08	2.74856e+08	2.68171e+08	2.76197e+08	2.65161e+08	1.89422e+08	1.87927e+08	1.45629e+08	1.50653e+08	1.88547e+08	1.46092e+08	1.29476e+08	1.11258e+08	1.1207e+08	1.20451e+08	1.38655e+08	1.10283e+08	1.75481e+08	1.69281e+08	2.1692e+08	1.84054e+08	2.19562e+08	2.02686e+08	1.59818e+08	1.6209e+08	1.71963e+08	1.61605e+08	1.52372e+08	1.59221e+08	1.93596e+08	1.97472e+08	2.03705e+08	1.89558e+08	1.59688e+08	1.93532e+08	1.63571e+08	1.62936e+08	1.61385e+08	1.30717e+08	1.26296e+08	1.25789e+08	1.91795e+08	1.94636e+08	1.50381e+08	1.48939e+08	1.93961e+08	1.55878e+08	1.40297e+08	1.5461e+08	1.68236e+08	1.50248e+08	1.6773e+08	1.69991e+08
ERR618696	1.44703e+08	1.68722e+08	1.93577e+08	1.47895e+08	1.4327e+08	1.44928e+08	1.96819e+08	1.62216e+08	2.09949e+08	2.08391e+08	1.63804e+08	2.12604e+08	2.67926e+08	2.87142e+08	2.70315e+08	4.14766e+08	2.93146e+08	2.85969e+08	2.34358e+08	2.70931e+08	2.71116e+08	2.06445e+08	2.3442e+08	2.43232e+08	1.5892e+08	1.6444e+08	1.57309e+08	1.65594e+08	1.38404e+08	1.65386e+08	2.99174e+08	2.40966e+08	2.19679e+08	2.76538e+08	2.37909e+08	2.41435e+08	3.14036e+08	2.87533e+08	2.5789e+08	2.90303e+08	2.37573e+08	3.04873e+08	2.46154e+08	2.88433e+08	2.86837e+08	2.79974e+08	2.88287e+08	2.76717e+08	1.97639e+08	1.96375e+08	1.52012e+08	1.57257e+08	1.96892e+08	1.52398e+08	1.34852e+08	1.15878e+08	1.16565e+08	1.25305e+08	1.4446e+08	1.14816e+08	1.832e+08	1.76314e+08	2.26472e+08	1.92178e+08	2.29114e+08	2.11366e+08	1.6665e+08	1.68855e+08	1.792e+08	1.68344e+08	1.5866e+08	1.65966e+08	2.01894e+08	2.06021e+08	2.12551e+08	1.97888e+08	1.66572e+08	2.01837e+08	1.70423e+08	1.69814e+08	1.68285e+08	1.3615e+08	1.31508e+08	1.31044e+08	2.00127e+08	2.03219e+08	1.56791e+08	1.55404e+08	2.02423e+08	1.62616e+08	1.46215e+08	1.61104e+08	1.75212e+08	1.56643e+08	1.74691e+08	1.77097e+08
ERR618698	1.50147e+08	1.75136e+08	2.00926e+08	1.53646e+08	1.48725e+08	1.5048e+08	2.03921e+08	1.68236e+08	2.17688e+08	2.16117e+08	1.69731e+08	2.20437e+08	2.77342e+08	2.97586e+08	2.80006e+08	2.93146e+08	4.40774e+08	2.96382e+08	2.43327e+08	2.81121e+08	2.81422e+08	2.13984e+08	2.43156e+08	2.5241e+08	1.64852e+08	1.70581e+08	1.63122e+08	1.71866e+08	1.43617e+08	1.71462e+08	3.10834e+08	2.5011e+08	2.28127e+08	2.87071e+08	2.46878e+08	2.5064e+08	3.25175e+08	2.97668e+08	2.66887e+08	3.00661e+08	2.45632e+08	3.15754e+08	2.54996e+08	2.9884e+08	2.97062e+08	2.90238e+08	2.98658e+08	2.86673e+08	2.05472e+08	2.04014e+08	1.57887e+08	1.6321e+08	2.0461e+08	1.58286e+08	1.39718e+08	1.19848e+08	1.20739e+08	1.29602e+08	1.49679e+08	1.18724e+08	1.90419e+08	1.8282e+08	2.3537e+08	1.99612e+08	2.38199e+08	2.19524e+08	1.73114e+08	1.75489e+08	1.86041e+08	1.74807e+08	1.64699e+08	1.72433e+08	2.09738e+08	2.14038e+08	2.20742e+08	2.05628e+08	1.73164e+08	2.09672e+08	1.7704e+08	1.76384e+08	1.74837e+08	1.41377e+08	1.36481e+08	1.36011e+08	2.0771e+08	2.10955e+08	1.62739e+08	1.61362e+08	2.10187e+08	1.68618e+08	1.5207e+08	1.67481e+08	1.82114e+08	1.62802e+08	1.81571e+08	1.8405e+08
ERR618697	1.46356e+08	1.70461e+08	1.95502e+08	1.49504e+08	1.44763e+08	1.46337e+08	1.98878e+08	1.64063e+08	2.12237e+08	2.10608e+08	1.65626e+08	2.15042e+08	2.70838e+08	2.90328e+08	2.73289e+08	2.85969e+08	2.96382e+08	4.22292e+08	2.36923e+08	2.73828e+08	2.73916e+08	2.08666e+08	2.36842e+08	2.4589e+08	1.60593e+08	1.66248e+08	1.59086e+08	1.67478e+08	1.39872e+08	1.67191e+08	3.02292e+08	2.43501e+08	2.22024e+08	2.79377e+08	2.40266e+08	2.4374e+08	3.17046e+08	2.90465e+08	2.60461e+08	2.93244e+08	2.39987e+08	3.08106e+08	2.4875e+08	2.91562e+08	2.8985e+08	2.83068e+08	2.91225e+08	2.79557e+08	1.99905e+08	1.98297e+08	1.53635e+08	1.58827e+08	1.98958e+08	1.54119e+08	1.36311e+08	1.1709e+08	1.1799e+08	1.26676e+08	1.46156e+08	1.16141e+08	1.85101e+08	1.78134e+08	2.28685e+08	1.94131e+08	2.31508e+08	2.13479e+08	1.68391e+08	1.70741e+08	1.81122e+08	1.7015e+08	1.60369e+08	1.67672e+08	2.04019e+08	2.08223e+08	2.14791e+08	1.99906e+08	1.68325e+08	2.03961e+08	1.72296e+08	1.71613e+08	1.70074e+08	1.37634e+08	1.32895e+08	1.32493e+08	2.021e+08	2.05342e+08	1.58317e+08	1.57028e+08	2.04518e+08	1.64281e+08	1.47878e+08	1.62958e+08	1.77144e+08	1.58385e+08	1.76608e+08	1.7912e+08
ERR636646	1.48766e+08	1.74072e+08	1.99503e+08	1.52779e+08	1.47898e+08	1.49581e+08	1.7505e+08	1.43974e+08	1.86632e+08	1.85527e+08	1.45118e+08	1.88877e+08	2.2192e+08	2.3821e+08	2.24358e+08	2.34358e+08	2.43327e+08	2.36923e+08	3.96968e+08	3.11482e+08	3.11983e+08	2.3883e+08	2.7297e+08	2.81147e+08	1.40556e+08	1.44648e+08	1.38401e+08	1.45916e+08	1.22048e+08	1.45506e+08	2.79023e+08	2.24591e+08	2.04377e+08	2.56479e+08	2.22244e+08	2.24705e+08	2.88564e+08	2.63906e+08	2.36173e+08	2.66946e+08	2.16451e+08	2.80264e+08	2.36023e+08	2.76055e+08	2.74448e+08	2.68459e+08	2.7598e+08	2.64215e+08	2.05387e+08	2.04309e+08	1.57295e+08	1.63264e+08	2.04227e+08	1.57711e+08	1.18003e+08	1.00895e+08	1.01642e+08	1.09079e+08	1.26904e+08	1.00064e+08	1.8177e+08	1.73321e+08	2.24553e+08	1.90794e+08	2.27271e+08	2.09053e+08	1.65776e+08	1.68157e+08	1.77968e+08	1.67199e+08	1.57774e+08	1.65235e+08	2.04727e+08	2.09319e+08	2.15817e+08	2.01004e+08	1.69732e+08	2.04896e+08	1.72841e+08	1.72208e+08	1.70738e+08	1.3781e+08	1.33135e+08	1.3313e+08	2.03316e+08	2.06643e+08	1.59517e+08	1.58072e+08	2.06096e+08	1.65336e+08	1.50105e+08	1.65265e+08	1.79558e+08	1.6055e+08	1.78818e+08	1.8116e+08
ERR636648	1.72551e+08	2.01741e+08	2.31107e+08	1.76745e+08	1.71262e+08	1.73167e+08	2.04333e+08	1.6801e+08	2.1785e+08	2.1642e+08	1.69372e+08	2.20447e+08	2.56739e+08	2.75447e+08	2.59524e+08	2.70931e+08	2.81121e+08	2.73828e+08	3.11482e+08	5.02598e+08	3.57727e+08	2.73237e+08	3.11172e+08	3.21965e+08	1.63718e+08	1.68377e+08	1.61417e+08	1.70027e+08	1.42172e+08	1.69538e+08	3.20862e+08	2.58173e+08	2.34825e+08	2.95204e+08	2.55186e+08	2.58367e+08	3.34407e+08	3.05473e+08	2.73255e+08	3.08885e+08	2.50267e+08	3.24634e+08	2.71329e+08	3.18026e+08	3.16295e+08	3.08756e+08	3.17891e+08	3.04409e+08	2.38079e+08	2.3693e+08	1.82665e+08	1.89457e+08	2.36945e+08	1.83138e+08	1.37838e+08	1.18022e+08	1.18965e+08	1.27598e+08	1.48128e+08	1.16943e+08	2.11119e+08	2.01925e+08	2.6074e+08	2.21461e+08	2.6389e+08	2.43215e+08	1.92615e+08	1.95416e+08	2.06908e+08	1.94423e+08	1.8339e+08	1.92035e+08	2.37599e+08	2.42632e+08	2.50301e+08	2.3308e+08	1.96593e+08	2.37693e+08	2.00715e+08	1.99958e+08	1.9836e+08	1.60171e+08	1.54753e+08	1.54623e+08	2.36183e+08	2.39996e+08	1.85334e+08	1.83536e+08	2.39376e+08	1.9209e+08	1.73866e+08	1.9154e+08	2.08325e+08	1.86084e+08	2.074e+08	2.10228e+08
ERR636643	1.73118e+08	2.02394e+08	2.31788e+08	1.77339e+08	1.71838e+08	1.73755e+08	2.04734e+08	1.68354e+08	2.18402e+08	2.17044e+08	1.69712e+08	2.20929e+08	2.56967e+08	2.75701e+08	2.59604e+08	2.71116e+08	2.81422e+08	2.73916e+08	3.11983e+08	3.57727e+08	5.044e+08	2.74461e+08	3.11513e+08	3.23486e+08	1.6417e+08	1.68983e+08	1.61921e+08	1.7037e+08	1.42475e+08	1.70025e+08	3.21525e+08	2.58424e+08	2.35044e+08	2.95684e+08	2.55538e+08	2.58609e+08	3.34442e+08	3.05585e+08	2.7326e+08	3.09013e+08	2.50328e+08	3.24753e+08	2.71549e+08	3.1838e+08	3.16706e+08	3.09369e+08	3.1822e+08	3.04612e+08	2.38876e+08	2.3766e+08	1.8317e+08	1.90028e+08	2.37539e+08	1.83651e+08	1.38239e+08	1.18338e+08	1.19144e+08	1.2804e+08	1.48564e+08	1.17283e+08	2.11734e+08	2.02281e+08	2.61634e+08	2.22046e+08	2.64695e+08	2.43813e+08	1.93206e+08	1.95872e+08	2.07573e+08	1.95081e+08	1.83887e+08	1.92617e+08	2.3825e+08	2.43418e+08	2.51232e+08	2.33595e+08	1.97186e+08	2.38384e+08	2.01154e+08	2.00404e+08	1.98819e+08	1.60418e+08	1.55084e+08	1.54907e+08	2.36784e+08	2.40585e+08	1.85723e+08	1.83947e+08	2.40064e+08	1.92681e+08	1.74463e+08	1.92329e+08	2.08948e+08	1.86713e+08	2.0814e+08	2.10703e+08
ERR636645	1.31189e+08	1.52767e+08	1.74739e+08	1.33602e+08	1.29537e+08	1.30902e+08	1.53664e+08	1.26396e+08	1.63739e+08	1.62798e+08	1.27541e+08	1.65703e+08	1.96285e+08	2.10061e+08	1.98015e+08	2.06445e+08	2.13984e+08	2.08666e+08	2.3883e+08	2.73237e+08	2.74461e+08	3.20192e+08	2.38544e+08	2.47985e+08	1.22419e+08	1.26324e+08	1.21065e+08	1.27461e+08	1.06505e+08	1.27217e+08	2.42564e+08	1.96067e+08	1.78818e+08	2.24449e+08	1.93805e+08	1.96347e+08	2.54285e+08	2.32165e+08	2.08401e+08	2.34768e+08	1.9154e+08	2.47108e+08	2.0711e+08	2.42348e+08	2.40982e+08	2.34939e+08	2.42141e+08	2.32217e+08	1.79599e+08	1.78636e+08	1.38022e+08	1.43308e+08	1.78561e+08	1.38592e+08	1.03684e+08	8.92621e+07	8.99001e+07	9.64083e+07	1.11408e+08	8.8399e+07	1.58728e+08	1.5308e+08	1.96007e+08	1.66644e+08	1.98486e+08	1.83485e+08	1.46167e+08	1.4837e+08	1.57237e+08	1.47906e+08	1.39554e+08	1.45696e+08	1.79964e+08	1.83846e+08	1.89501e+08	1.76529e+08	1.49063e+08	1.80621e+08	1.52625e+08	1.51973e+08	1.50872e+08	1.22009e+08	1.18039e+08	1.1772e+08	1.79088e+08	1.81921e+08	1.4093e+08	1.39225e+08	1.8146e+08	1.4587e+08	1.31417e+08	1.4491e+08	1.57856e+08	1.40845e+08	1.57245e+08	1.59232e+08
ERR636647	1.48856e+08	1.74133e+08	1.99556e+08	1.52709e+08	1.48043e+08	1.49625e+08	1.75237e+08	1.44058e+08	1.86882e+08	1.85645e+08	1.45229e+08	1.89027e+08	2.2202e+08	2.38112e+08	2.24275e+08	2.3442e+08	2.43156e+08	2.36842e+08	2.7297e+08	3.11172e+08	3.11513e+08	2.38544e+08	3.9637e+08	2.80687e+08	1.40605e+08	1.44598e+08	1.38539e+08	1.45963e+08	1.22135e+08	1.45674e+08	2.79025e+08	2.24702e+08	2.04486e+08	2.56473e+08	2.22229e+08	2.24879e+08	2.88671e+08	2.64039e+08	2.3622e+08	2.6704e+08	2.16503e+08	2.80327e+08	2.35991e+08	2.7592e+08	2.74451e+08	2.68355e+08	2.75693e+08	2.64112e+08	2.05544e+08	2.04449e+08	1.57558e+08	1.63464e+08	2.045e+08	1.57901e+08	1.18187e+08	1.01082e+08	1.01738e+08	1.09241e+08	1.27086e+08	1.00196e+08	1.8193e+08	1.73475e+08	2.24671e+08	1.90935e+08	2.27557e+08	2.0947e+08	1.65907e+08	1.68201e+08	1.7814e+08	1.67315e+08	1.57826e+08	1.65299e+08	2.04921e+08	2.09421e+08	2.15958e+08	2.01214e+08	1.69881e+08	2.05052e+08	1.7292e+08	1.72171e+08	1.70778e+08	1.37834e+08	1.33185e+08	1.33113e+08	2.03416e+08	2.06779e+08	1.5953e+08	1.58163e+08	2.06256e+08	1.65506e+08	1.50082e+08	1.65447e+08	1.7962e+08	1.60606e+08	1.78882e+08	1.81358e+08
ERR636644	1.5518e+08	1.81257e+08	2.07439e+08	1.58777e+08	1.53847e+08	1.55485e+08	1.82644e+08	1.50283e+08	1.94768e+08	1.93568e+08	1.51498e+08	1.97073e+08	2.30822e+08	2.47417e+08	2.33108e+08	2.43232e+08	2.5241e+08	2.4589e+08	2.81147e+08	3.21965e+08	3.23486e+08	2.47985e+08	2.80687e+08	4.20493e+08	1.46135e+08	1.50472e+08	1.44328e+08	1.51922e+08	1.26968e+08	1.51496e+08	2.87984e+08	2.32029e+08	2.11122e+08	2.65292e+08	2.29327e+08	2.32253e+08	2.99871e+08	2.7404e+08	2.45417e+08	2.77155e+08	2.24966e+08	2.91266e+08	2.44086e+08	2.85917e+08	2.84198e+08	2.77581e+08	2.85649e+08	2.73618e+08	2.13815e+08	2.1261e+08	1.63887e+08	1.70274e+08	2.12675e+08	1.64481e+08	1.2335e+08	1.05723e+08	1.06458e+08	1.14338e+08	1.3263e+08	1.04798e+08	1.89188e+08	1.81018e+08	2.33663e+08	1.98428e+08	2.3637e+08	2.17957e+08	1.73087e+08	1.75598e+08	1.85889e+08	1.74759e+08	1.64867e+08	1.72599e+08	2.13318e+08	2.17999e+08	2.24751e+08	2.09153e+08	1.76677e+08	2.1367e+08	1.80539e+08	1.79823e+08	1.78277e+08	1.44017e+08	1.39307e+08	1.39029e+08	2.12123e+08	2.15591e+08	1.66677e+08	1.64928e+08	2.15149e+08	1.72679e+08	1.56207e+08	1.72246e+08	1.87185e+08	1.67128e+08	1.86432e+08	1.88877e+08
ERR636686	1.57681e+08	1.83686e+08	2.09511e+08	1.61969e+08	1.56874e+08	1.58801e+08	1.87742e+08	1.55317e+08	1.99944e+08	1.98439e+08	1.56673e+08	2.02231e+08	1.50991e+08	1.62768e+08	1.52249e+08	1.5892e+08	1.64852e+08	1.60593e+08	1.40556e+08	1.63718e+08	1.6417e+08	1.22419e+08	1.40605e+08	1.46135e+08	3.04205e+08	2.00474e+08	1.92633e+08	2.02315e+08	1.70576e+08	2.01763e+08	1.85475e+08	1.47124e+08	1.33422e+08	1.69967e+08	1.45166e+08	1.47094e+08	2.0828e+08	1.91173e+08	1.70488e+08	1.93185e+08	1.57054e+08	2.026e+08	1.57486e+08	1.8502e+08	1.83864e+08	1.80699e+08	1.85127e+08	1.77789e+08	2.04862e+08	2.03336e+08	1.58181e+08	1.63306e+08	2.03877e+08	1.5829e+08	1.42546e+08	1.22235e+08	1.23033e+08	1.32099e+08	1.52379e+08	1.21304e+08	1.90641e+08	1.82236e+08	2.34552e+08	2.00147e+08	2.37801e+08	2.18721e+08	1.68778e+08	1.70944e+08	1.81369e+08	1.70177e+08	1.6062e+08	1.68116e+08	2.04644e+08	2.08617e+08	2.14983e+08	2.00553e+08	1.69637e+08	2.04185e+08	1.76099e+08	1.75502e+08	1.7417e+08	1.41455e+08	1.36832e+08	1.36527e+08	2.11802e+08	2.14678e+08	1.66598e+08	1.6557e+08	2.13874e+08	1.72679e+08	1.52779e+08	1.67509e+08	1.81182e+08	1.63016e+08	1.80632e+08	1.83102e+08
ERR636690	1.6259e+08	1.89007e+08	2.1563e+08	1.66667e+08	1.61398e+08	1.63388e+08	1.94548e+08	1.61097e+08	2.07175e+08	2.05864e+08	1.62526e+08	2.09652e+08	1.56463e+08	1.68627e+08	1.5774e+08	1.6444e+08	1.70581e+08	1.66248e+08	1.44648e+08	1.68377e+08	1.68983e+08	1.26324e+08	1.44598e+08	1.50472e+08	2.00474e+08	3.20148e+08	1.98191e+08	2.09729e+08	1.75394e+08	2.09246e+08	1.90648e+08	1.51478e+08	1.37399e+08	1.75211e+08	1.4923e+08	1.51481e+08	2.16022e+08	1.97951e+08	1.76846e+08	2.00074e+08	1.63097e+08	2.10097e+08	1.62904e+08	1.91586e+08	1.90399e+08	1.86706e+08	1.91744e+08	1.83979e+08	2.10874e+08	2.09413e+08	1.62939e+08	1.68263e+08	2.09961e+08	1.63248e+08	1.47797e+08	1.2714e+08	1.27937e+08	1.37345e+08	1.57819e+08	1.26072e+08	1.96327e+08	1.88639e+08	2.41596e+08	2.05926e+08	2.44602e+08	2.25752e+08	1.7434e+08	1.76635e+08	1.87331e+08	1.75952e+08	1.66082e+08	1.73593e+08	2.11173e+08	2.15265e+08	2.21756e+08	2.06868e+08	1.75014e+08	2.10904e+08	1.82212e+08	1.8151e+08	1.79932e+08	1.46394e+08	1.41602e+08	1.41067e+08	2.18622e+08	2.21555e+08	1.72093e+08	1.70734e+08	2.20709e+08	1.78206e+08	1.57453e+08	1.72834e+08	1.86994e+08	1.68162e+08	1.86678e+08	1.89058e+08
ERR636687	1.55792e+08	1.81057e+08	2.06596e+08	1.59545e+08	1.54637e+08	1.56582e+08	1.85738e+08	1.53839e+08	1.97867e+08	1.96451e+08	1.55291e+08	2.00211e+08	1.49638e+08	1.61249e+08	1.50832e+08	1.57309e+08	1.63122e+08	1.59086e+08	1.38401e+08	1.61417e+08	1.61921e+08	1.21065e+08	1.38539e+08	1.44328e+08	1.92633e+08	1.98191e+08	2.97809e+08	1.99901e+08	1.68403e+08	1.99123e+08	1.82486e+08	1.44958e+08	1.31452e+08	1.67752e+08	1.42893e+08	1.44944e+08	2.06377e+08	1.89028e+08	1.68893e+08	1.9106e+08	1.55679e+08	2.00679e+08	1.55517e+08	1.82909e+08	1.81716e+08	1.78339e+08	1.82868e+08	1.75635e+08	2.01971e+08	2.00538e+08	1.5611e+08	1.61243e+08	2.01041e+08	1.56341e+08	1.41107e+08	1.21417e+08	1.22175e+08	1.31112e+08	1.50891e+08	1.204e+08	1.88119e+08	1.80817e+08	2.31478e+08	1.97444e+08	2.34519e+08	2.16256e+08	1.6721e+08	1.69286e+08	1.79592e+08	1.68704e+08	1.59229e+08	1.66518e+08	2.02374e+08	2.0626e+08	2.12461e+08	1.98273e+08	1.67785e+08	2.02024e+08	1.74615e+08	1.73921e+08	1.7243e+08	1.40405e+08	1.35675e+08	1.35215e+08	2.09368e+08	2.12257e+08	1.65023e+08	1.63763e+08	2.11483e+08	1.70836e+08	1.50808e+08	1.65595e+08	1.7919e+08	1.61052e+08	1.7869e+08	1.81037e+08
ERR636688	1.63773e+08	1.90599e+08	2.17274e+08	1.67921e+08	1.6267e+08	1.64753e+08	1.96026e+08	1.62273e+08	2.08857e+08	2.07306e+08	1.63685e+08	2.11223e+08	1.57672e+08	1.69852e+08	1.58844e+08	1.65594e+08	1.71866e+08	1.67478e+08	1.45916e+08	1.70027e+08	1.7037e+08	1.27461e+08	1.45963e+08	1.51922e+08	2.02315e+08	2.09729e+08	1.99901e+08	3.24731e+08	1.76967e+08	2.11122e+08	1.9226e+08	1.52658e+08	1.3848e+08	1.76579e+08	1.50512e+08	1.52637e+08	2.18084e+08	1.99649e+08	1.78389e+08	2.0187e+08	1.64539e+08	2.11945e+08	1.64463e+08	1.93489e+08	1.92202e+08	1.88445e+08	1.93449e+08	1.85635e+08	2.12504e+08	2.11002e+08	1.64182e+08	1.69537e+08	2.11628e+08	1.6444e+08	1.48973e+08	1.28046e+08	1.28826e+08	1.38342e+08	1.59213e+08	1.27075e+08	1.97969e+08	1.9006e+08	2.43465e+08	2.07608e+08	2.46577e+08	2.27359e+08	1.75536e+08	1.7776e+08	1.88522e+08	1.77188e+08	1.67181e+08	1.74744e+08	2.12676e+08	2.16848e+08	2.23365e+08	2.08505e+08	1.76281e+08	2.12328e+08	1.83438e+08	1.8282e+08	1.81272e+08	1.47374e+08	1.42582e+08	1.42003e+08	2.20382e+08	2.23245e+08	1.73539e+08	1.72239e+08	2.22394e+08	1.7969e+08	1.58656e+08	1.74102e+08	1.88385e+08	1.69361e+08	1.87921e+08	1.90379e+08
ERR636685	1.37635e+08	1.60123e+08	1.82471e+08	1.41185e+08	1.36753e+08	1.38543e+08	1.63698e+08	1.35636e+08	1.74368e+08	1.73158e+08	1.36971e+08	1.76358e+08	1.31523e+08	1.41858e+08	1.32618e+08	1.38404e+08	1.43617e+08	1.39872e+08	1.22048e+08	1.42172e+08	1.42475e+08	1.06505e+08	1.22135e+08	1.26968e+08	1.70576e+08	1.75394e+08	1.68403e+08	1.76967e+08	2.43769e+08	1.76459e+08	1.61192e+08	1.27941e+08	1.16103e+08	1.47922e+08	1.26201e+08	1.27885e+08	1.81707e+08	1.66464e+08	1.48722e+08	1.68356e+08	1.37064e+08	1.76692e+08	1.37244e+08	1.61217e+08	1.60312e+08	1.57385e+08	1.61311e+08	1.54962e+08	1.78122e+08	1.76954e+08	1.37768e+08	1.42189e+08	1.77383e+08	1.37949e+08	1.24538e+08	1.06993e+08	1.0771e+08	1.1563e+08	1.33105e+08	1.06147e+08	1.65921e+08	1.5911e+08	2.04098e+08	1.74115e+08	2.06751e+08	1.90579e+08	1.46951e+08	1.489e+08	1.57892e+08	1.48344e+08	1.39986e+08	1.464e+08	1.78134e+08	1.81466e+08	1.87184e+08	1.74543e+08	1.47707e+08	1.77828e+08	1.53684e+08	1.53142e+08	1.51884e+08	1.23613e+08	1.19485e+08	1.19092e+08	1.84786e+08	1.87232e+08	1.4552e+08	1.44488e+08	1.86639e+08	1.50731e+08	1.33209e+08	1.45981e+08	1.57932e+08	1.42e+08	1.57527e+08	1.59573e+08
ERR636689	1.63469e+08	1.90061e+08	2.16779e+08	1.67513e+08	1.62192e+08	1.64306e+08	1.95371e+08	1.61725e+08	2.0814e+08	2.06704e+08	1.6332e+08	2.10544e+08	1.57394e+08	1.6939e+08	1.58465e+08	1.65386e+08	1.71462e+08	1.67191e+08	1.45506e+08	1.69538e+08	1.70025e+08	1.27217e+08	1.45674e+08	1.51496e+08	2.01763e+08	2.09246e+08	1.99123e+08	2.11122e+08	1.76459e+08	3.23082e+08	1.91852e+08	1.52448e+08	1.38267e+08	1.76191e+08	1.50182e+08	1.52302e+08	2.1724e+08	1.99119e+08	1.77858e+08	2.01363e+08	1.63913e+08	2.11333e+08	1.63979e+08	1.92749e+08	1.91703e+08	1.87928e+08	1.92839e+08	1.85153e+08	2.12055e+08	2.10784e+08	1.6393e+08	1.6934e+08	2.11211e+08	1.64208e+08	1.48603e+08	1.2774e+08	1.28578e+08	1.38062e+08	1.58676e+08	1.26701e+08	1.97315e+08	1.89536e+08	2.42889e+08	2.07173e+08	2.45958e+08	2.26865e+08	1.75232e+08	1.77507e+08	1.88195e+08	1.76801e+08	1.66851e+08	1.74475e+08	2.12252e+08	2.16419e+08	2.22816e+08	2.07857e+08	1.75834e+08	2.11826e+08	1.82966e+08	1.82376e+08	1.80942e+08	1.47128e+08	1.4233e+08	1.4173e+08	2.19643e+08	2.22695e+08	1.73067e+08	1.71509e+08	2.21963e+08	1.791e+08	1.5822e+08	1.73703e+08	1.88032e+08	1.68976e+08	1.8741e+08	1.89833e+08
ERR612595	1.68401e+08	1.9782e+08	2.27309e+08	1.73927e+08	1.68208e+08	1.70283e+08	2.26507e+08	1.8643e+08	2.41722e+08	2.39692e+08	1.87728e+08	2.44294e+08	2.83158e+08	3.04638e+08	2.86559e+08	2.99174e+08	3.10834e+08	3.02292e+08	2.79023e+08	3.20862e+08	3.21525e+08	2.42564e+08	2.79025e+08	2.87984e+08	1.85475e+08	1.90648e+08	1.82486e+08	1.9226e+08	1.61192e+08	1.91852e+08	5.94323e+08	3.53698e+08	3.24952e+08	4.02782e+08	3.50024e+08	3.54058e+08	3.65803e+08	3.3594e+08	2.99422e+08	3.39005e+08	2.75102e+08	3.55433e+08	3.01743e+08	3.51972e+08	3.4986e+08	3.43931e+08	3.51718e+08	3.37811e+08	2.30803e+08	2.29258e+08	1.76724e+08	1.82452e+08	2.29846e+08	1.76612e+08	1.5395e+08	1.30919e+08	1.31837e+08	1.41746e+08	1.65126e+08	1.29937e+08	2.14375e+08	2.02498e+08	2.64856e+08	2.24992e+08	2.68486e+08	2.45653e+08	2.35243e+08	2.37836e+08	2.50229e+08	2.36408e+08	2.24639e+08	2.34315e+08	2.66095e+08	2.71184e+08	2.79198e+08	2.61462e+08	2.23787e+08	2.65176e+08	1.95758e+08	1.95169e+08	1.93152e+08	1.55824e+08	1.50253e+08	1.50362e+08	2.32741e+08	2.36377e+08	1.81601e+08	1.80637e+08	2.35541e+08	1.88379e+08	1.98808e+08	2.16479e+08	2.3232e+08	2.10794e+08	2.31331e+08	2.34474e+08
ERR612598	1.33766e+08	1.56878e+08	1.80163e+08	1.37968e+08	1.3344e+08	1.3515e+08	1.79855e+08	1.48087e+08	1.91869e+08	1.90372e+08	1.49103e+08	1.93964e+08	2.28338e+08	2.45223e+08	2.31045e+08	2.40966e+08	2.5011e+08	2.43501e+08	2.24591e+08	2.58173e+08	2.58424e+08	1.96067e+08	2.24702e+08	2.32029e+08	1.47124e+08	1.51478e+08	1.44958e+08	1.52658e+08	1.27941e+08	1.52448e+08	3.53698e+08	4.15293e+08	2.65688e+08	3.27346e+08	2.8759e+08	2.90797e+08	2.93596e+08	2.69575e+08	2.40936e+08	2.72137e+08	2.21429e+08	2.85348e+08	2.43782e+08	2.83852e+08	2.82274e+08	2.77192e+08	2.8352e+08	2.72581e+08	1.8262e+08	1.81389e+08	1.40056e+08	1.44396e+08	1.81849e+08	1.4e+08	1.22147e+08	1.04139e+08	1.04802e+08	1.12581e+08	1.31094e+08	1.03233e+08	1.70153e+08	1.61092e+08	2.10147e+08	1.78597e+08	2.12967e+08	1.95117e+08	1.90645e+08	1.92837e+08	2.02652e+08	1.91743e+08	1.82167e+08	1.90093e+08	2.15413e+08	2.19321e+08	2.25674e+08	2.11759e+08	1.81973e+08	2.14659e+08	1.55432e+08	1.54834e+08	1.53371e+08	1.23721e+08	1.19325e+08	1.19357e+08	1.84616e+08	1.87466e+08	1.44178e+08	1.43322e+08	1.86745e+08	1.49461e+08	1.61859e+08	1.75815e+08	1.88502e+08	1.71433e+08	1.87856e+08	1.90242e+08
ERR612596	1.21071e+08	1.41981e+08	1.62957e+08	1.24764e+08	1.20619e+08	1.22159e+08	1.63223e+08	1.34366e+08	1.74058e+08	1.72638e+08	1.35356e+08	1.75928e+08	2.08423e+08	2.23678e+08	2.10775e+08	2.19679e+08	2.28127e+08	2.22024e+08	2.04377e+08	2.34825e+08	2.35044e+08	1.78818e+08	2.04486e+08	2.11122e+08	1.33422e+08	1.37399e+08	1.31452e+08	1.3848e+08	1.16103e+08	1.38267e+08	3.24952e+08	2.65688e+08	3.58126e+08	3.01196e+08	2.63089e+08	2.66018e+08	2.67409e+08	2.45711e+08	2.19723e+08	2.47908e+08	2.02219e+08	2.59924e+08	2.22578e+08	2.58969e+08	2.57539e+08	2.52771e+08	2.58783e+08	2.48602e+08	1.65151e+08	1.64026e+08	1.2669e+08	1.30705e+08	1.64461e+08	1.26694e+08	1.10897e+08	9.45976e+07	9.52684e+07	1.02309e+08	1.18884e+08	9.37866e+07	1.53841e+08	1.45916e+08	1.90012e+08	1.61467e+08	1.92606e+08	1.76671e+08	1.74901e+08	1.76917e+08	1.85896e+08	1.75991e+08	1.67459e+08	1.74395e+08	1.97078e+08	2.0058e+08	2.06363e+08	1.93663e+08	1.66724e+08	1.96435e+08	1.40662e+08	1.40192e+08	1.3874e+08	1.12015e+08	1.08136e+08	1.08041e+08	1.67068e+08	1.69587e+08	1.30564e+08	1.29809e+08	1.69055e+08	1.3532e+08	1.48592e+08	1.6122e+08	1.72619e+08	1.57225e+08	1.7217e+08	1.74203e+08
