	ERR636741	ERR636740	ERR636742	ERR636743	ERR636739	ERR636744	ERR638303	ERR638306	ERR638307	ERR638304	ERR638305	ERR638308	ERR613986	ERR613985	ERR613989	ERR613984	ERR613987	ERR613988	ERR612638	ERR612639	ERR612640	ERR612642	ERR612641	ERR612637	ERR613232	ERR613231	ERR613229	ERR613228	ERR613230	ERR613227	ERR607649	ERR607646	ERR607645	ERR607648	ERR607650	ERR607647	ERR613693	ERR613692	ERR613694	ERR613691	ERR613689	ERR613690	ERR613458	ERR613455	ERR613460	ERR613456	ERR613457	ERR613459	ERR614947	ERR614946	ERR614948	ERR614945	ERR614944	ERR614943	ERR616502	ERR616501	ERR616499	ERR616500	ERR616498	ERR616503	ERR616924	ERR616921	ERR616923	ERR616920	ERR616922	ERR616919	ERR631325	ERR631323	ERR631328	ERR631327	ERR631326	ERR631324	ERR632057	ERR632055	ERR632060	ERR632059	ERR632058	ERR632056	ERR616882	ERR616880	ERR616877	ERR616878	ERR616879	ERR616881	ERR618319	ERR618317	ERR618316	ERR618320	ERR618318	ERR618315	ERR613788	ERR613791	ERR613790	ERR613793	ERR613792	ERR613789
ERR636741	0	0.23769	0.238735	0.238478	0.239348	0.237933	0.475608	0.476582	0.474449	0.493647	0.494134	0.476651	0.292313	0.292108	0.293473	0.304404	0.293149	0.293251	0.372599	0.34791	0.364746	0.366966	0.363682	0.352016	0.423071	0.421414	0.381979	0.376776	0.430104	0.379443	0.272	0.274238	0.270989	0.271874	0.272481	0.26953	0.351787	0.347119	0.387639	0.336036	0.333332	0.334703	0.309731	0.304081	0.31239	0.303907	0.303279	0.311725	0.483234	0.482985	0.48146	0.509023	0.50047	0.504398	0.447184	0.448105	0.559405	0.471473	0.471742	0.447162	0.534776	0.520734	0.535174	0.526171	0.536783	0.521237	0.351077	0.352696	0.352367	0.35027	0.350645	0.362861	0.295606	0.297711	0.304513	0.303714	0.30381	0.29385	0.530636	0.533069	0.520576	0.527146	0.520817	0.530099	0.492728	0.484161	0.489747	0.501731	0.489924	0.482902	0.43739	0.444492	0.457298	0.44312	0.444389	0.438726
ERR636740	0.23769	0	0.238468	0.237678	0.239123	0.23712	0.474765	0.475531	0.473268	0.4935	0.493219	0.47541	0.292301	0.288751	0.289458	0.300889	0.289053	0.289391	0.370094	0.346064	0.361763	0.36374	0.360668	0.348239	0.4221	0.420586	0.379798	0.374442	0.429619	0.375752	0.268245	0.269979	0.267955	0.268096	0.268336	0.267075	0.350574	0.345723	0.388054	0.337221	0.333198	0.335759	0.309167	0.305241	0.311555	0.304945	0.304437	0.310643	0.483568	0.48318	0.481742	0.509061	0.50125	0.505449	0.447813	0.449036	0.558561	0.470485	0.470905	0.448158	0.536631	0.520926	0.537181	0.525907	0.538858	0.52226	0.347485	0.349378	0.349296	0.347428	0.347776	0.358597	0.295787	0.300131	0.307781	0.307204	0.307103	0.293641	0.532094	0.534759	0.520859	0.526185	0.520113	0.531663	0.492544	0.483457	0.489237	0.501695	0.489297	0.483498	0.436153	0.44287	0.458187	0.441574	0.442796	0.437748
ERR636742	0.238735	0.238468	0	0.232938	0.234776	0.233496	0.475917	0.476812	0.474354	0.492302	0.492405	0.476809	0.284105	0.294186	0.294663	0.310858	0.293986	0.294528	0.369283	0.350458	0.363243	0.364915	0.36204	0.356182	0.422087	0.420486	0.3863	0.382342	0.428159	0.386327	0.270209	0.27491	0.266292	0.270063	0.269753	0.267166	0.346947	0.342794	0.379443	0.333183	0.331853	0.332749	0.30639	0.307781	0.307979	0.307495	0.306648	0.307543	0.490066	0.489783	0.488764	0.513211	0.505299	0.509023	0.449608	0.449842	0.554542	0.470165	0.470364	0.449321	0.542537	0.530857	0.542824	0.535033	0.54432	0.530273	0.362821	0.361491	0.359969	0.358157	0.358661	0.370633	0.297466	0.294071	0.299959	0.299511	0.299634	0.293179	0.537952	0.540156	0.529113	0.53551	0.530431	0.537385	0.493878	0.486517	0.491237	0.50199	0.491339	0.484378	0.441566	0.446771	0.457207	0.44548	0.44677	0.441404
ERR636743	0.238478	0.237678	0.232938	0	0.23511	0.233183	0.474968	0.47568	0.473317	0.491618	0.491707	0.47561	0.284246	0.292022	0.292583	0.308323	0.291873	0.292377	0.36839	0.34855	0.361587	0.363453	0.36042	0.353789	0.42119	0.419545	0.38445	0.380145	0.427731	0.383757	0.268545	0.273015	0.265429	0.268399	0.268069	0.265997	0.346463	0.342229	0.379826	0.332955	0.331147	0.332273	0.305864	0.307054	0.307572	0.306552	0.305735	0.307112	0.488447	0.488141	0.487055	0.511834	0.503991	0.507722	0.448559	0.449094	0.554505	0.469424	0.469711	0.448564	0.540953	0.528723	0.541239	0.532891	0.542736	0.528379	0.360058	0.358932	0.357613	0.355736	0.356345	0.368128	0.296304	0.294251	0.300372	0.299952	0.30004	0.292322	0.536299	0.538505	0.527006	0.533204	0.528175	0.535795	0.492897	0.485204	0.490158	0.501278	0.490285	0.483581	0.439867	0.445015	0.456346	0.443719	0.444958	0.439659
ERR636739	0.239348	0.239123	0.234776	0.23511	0	0.236203	0.477425	0.478524	0.475907	0.492831	0.493321	0.478338	0.2828	0.296734	0.297324	0.314875	0.296519	0.297052	0.36986	0.352427	0.364359	0.365977	0.363143	0.359172	0.423267	0.421622	0.389506	0.386245	0.428746	0.390997	0.271905	0.277425	0.266362	0.271793	0.270942	0.268127	0.346959	0.342921	0.378129	0.333402	0.33387	0.334324	0.306236	0.309631	0.30787	0.309362	0.308451	0.30741	0.493034	0.49283	0.491644	0.515419	0.507429	0.510963	0.451409	0.451438	0.553857	0.470875	0.470688	0.451044	0.545399	0.534831	0.545678	0.538601	0.547123	0.533901	0.368144	0.365866	0.364127	0.362074	0.362832	0.374928	0.299182	0.294362	0.299034	0.29884	0.298921	0.293847	0.541236	0.54327	0.533159	0.53945	0.53468	0.540515	0.494796	0.488029	0.492348	0.502523	0.492449	0.48547	0.444512	0.449268	0.458328	0.447912	0.449327	0.44368
ERR636744	0.237933	0.23712	0.233496	0.233183	0.236203	0	0.475124	0.475885	0.473499	0.49238	0.492285	0.47581	0.286454	0.291262	0.291884	0.306488	0.291217	0.291487	0.368696	0.347579	0.361499	0.36329	0.360457	0.352169	0.421281	0.419783	0.383068	0.37859	0.428144	0.381745	0.268247	0.272072	0.265856	0.268187	0.268253	0.266012	0.347678	0.343152	0.382176	0.334147	0.331451	0.332949	0.306811	0.306306	0.308595	0.305842	0.305201	0.308127	0.487278	0.486848	0.485702	0.511202	0.503392	0.507274	0.448361	0.448985	0.555845	0.469875	0.470252	0.448385	0.539931	0.526699	0.540191	0.531283	0.541739	0.526886	0.35646	0.355969	0.35514	0.353134	0.353819	0.365156	0.295887	0.29541	0.301795	0.301425	0.301464	0.292343	0.535185	0.537377	0.525375	0.531462	0.526017	0.534667	0.493294	0.485225	0.490363	0.501856	0.490498	0.483899	0.438945	0.444577	0.456914	0.44321	0.444559	0.439305
ERR638303	0.475608	0.474765	0.475917	0.474968	0.477425	0.475124	0	0.245827	0.245851	0.261468	0.25965	0.246258	0.444988	0.441111	0.440405	0.446191	0.440591	0.440921	0.452976	0.454548	0.452176	0.452619	0.450755	0.460595	0.441259	0.440644	0.424488	0.425348	0.447294	0.431347	0.45641	0.455866	0.454953	0.456132	0.45602	0.455485	0.404349	0.404227	0.422004	0.409469	0.40737	0.409868	0.428698	0.438079	0.427084	0.437437	0.437252	0.427619	0.31675	0.317323	0.318695	0.319667	0.317399	0.31878	0.31473	0.310049	0.385596	0.296915	0.297512	0.311565	0.350959	0.357384	0.351286	0.350822	0.351608	0.348108	0.505306	0.495405	0.49437	0.49365	0.494032	0.49755	0.45014	0.453684	0.455503	0.45548	0.455198	0.449253	0.339333	0.339771	0.341508	0.344528	0.354013	0.339108	0.31408	0.307018	0.310177	0.322161	0.3106	0.30911	0.319246	0.303303	0.30109	0.303916	0.304014	0.30508
ERR638306	0.476582	0.475531	0.476812	0.47568	0.478524	0.475885	0.245827	0	0.243992	0.261716	0.260017	0.244353	0.44549	0.441251	0.440352	0.446014	0.440568	0.440821	0.452822	0.454358	0.451688	0.452146	0.45037	0.460009	0.440848	0.440504	0.424235	0.425066	0.447145	0.430796	0.456454	0.455986	0.45541	0.456245	0.456079	0.455674	0.404687	0.404562	0.422427	0.409923	0.40806	0.410464	0.429362	0.438941	0.427803	0.438265	0.43817	0.428332	0.316418	0.316931	0.318454	0.318903	0.31659	0.318143	0.314605	0.310171	0.385189	0.296331	0.297303	0.31188	0.350799	0.35695	0.351021	0.350203	0.351217	0.348068	0.504336	0.494595	0.493438	0.492824	0.493097	0.496531	0.450805	0.454854	0.456218	0.456251	0.455922	0.449914	0.339372	0.339549	0.341178	0.344187	0.353562	0.339115	0.31454	0.307046	0.310423	0.322568	0.310703	0.309678	0.318197	0.301797	0.300366	0.302781	0.302459	0.30429
ERR638307	0.474449	0.473268	0.474354	0.473317	0.475907	0.473499	0.245851	0.243992	0	0.261498	0.260336	0.244263	0.442698	0.439389	0.43844	0.444439	0.43861	0.438867	0.451362	0.45301	0.450427	0.450783	0.449163	0.458921	0.44045	0.439997	0.423787	0.424481	0.446503	0.43062	0.454362	0.454099	0.452991	0.454057	0.453927	0.453485	0.402632	0.402509	0.420694	0.407688	0.406059	0.408492	0.427141	0.437032	0.42561	0.436294	0.436146	0.426093	0.317139	0.317911	0.318964	0.319963	0.317285	0.319152	0.314028	0.309584	0.384656	0.296066	0.296607	0.310928	0.352453	0.35883	0.352594	0.352233	0.353048	0.34989	0.504048	0.494261	0.493239	0.492649	0.492929	0.496247	0.448634	0.452335	0.453569	0.453577	0.453343	0.44754	0.340939	0.341159	0.343058	0.346074	0.355213	0.340484	0.314463	0.307607	0.310607	0.322483	0.311004	0.30973	0.31833	0.302047	0.300361	0.302682	0.302686	0.304313
ERR638304	0.493647	0.4935	0.492302	0.491618	0.492831	0.49238	0.261468	0.261716	0.261498	0	0.252598	0.262471	0.456101	0.46251	0.461796	0.470675	0.461657	0.462205	0.458244	0.471361	0.462196	0.461749	0.461	0.481417	0.431595	0.430961	0.434339	0.439059	0.434071	0.449895	0.475336	0.476762	0.471664	0.475122	0.474514	0.473224	0.40794	0.40979	0.410755	0.417225	0.420287	0.420664	0.440592	0.45652	0.438067	0.4558	0.455405	0.438948	0.338011	0.339378	0.342384	0.319698	0.320521	0.318397	0.342983	0.335416	0.35	0.303007	0.302629	0.337796	0.355046	0.382145	0.35442	0.368825	0.354375	0.365838	0.52838	0.513005	0.510045	0.509508	0.50989	0.513778	0.469347	0.467215	0.465636	0.466057	0.46574	0.466376	0.348122	0.345984	0.364532	0.367472	0.384019	0.347199	0.311273	0.316396	0.312713	0.311819	0.312064	0.311164	0.353336	0.329531	0.302828	0.330762	0.330426	0.332851
ERR638305	0.494134	0.493219	0.492405	0.491707	0.493321	0.492285	0.25965	0.260017	0.260336	0.252598	0	0.260511	0.457898	0.461574	0.460544	0.469099	0.460418	0.460965	0.45819	0.471198	0.461917	0.461413	0.460797	0.479981	0.433076	0.432556	0.434394	0.438475	0.436267	0.448346	0.474333	0.475411	0.47116	0.47397	0.473547	0.472801	0.409799	0.411598	0.414312	0.419938	0.421862	0.423034	0.441729	0.457701	0.43928	0.456902	0.456628	0.439866	0.337093	0.337976	0.341084	0.32008	0.320835	0.319419	0.343525	0.336508	0.35111	0.302741	0.302727	0.338864	0.357174	0.380548	0.356807	0.367077	0.356342	0.365313	0.526316	0.511162	0.508207	0.507867	0.508333	0.511543	0.46952	0.468766	0.468709	0.468999	0.468764	0.466868	0.3496	0.348174	0.36323	0.365207	0.381765	0.349553	0.31138	0.315798	0.312552	0.312282	0.311448	0.31203	0.351459	0.327732	0.306046	0.328975	0.328998	0.331682
ERR638308	0.476651	0.47541	0.476809	0.47561	0.478338	0.47581	0.246258	0.244353	0.244263	0.262471	0.260511	0	0.445489	0.441128	0.440196	0.445796	0.440305	0.440618	0.452708	0.454525	0.451717	0.451982	0.45037	0.460052	0.440899	0.440366	0.423919	0.424713	0.447205	0.430568	0.456161	0.455838	0.455185	0.455985	0.455876	0.455587	0.40471	0.404323	0.422781	0.410053	0.408152	0.41067	0.429146	0.438952	0.427611	0.438175	0.43794	0.428023	0.316405	0.316823	0.318387	0.319327	0.317032	0.318717	0.31469	0.31014	0.385072	0.296338	0.297271	0.31167	0.351207	0.357092	0.351434	0.350268	0.351784	0.348409	0.504544	0.494536	0.493539	0.492856	0.4933	0.496293	0.450806	0.455013	0.456515	0.456506	0.456075	0.449924	0.340159	0.340271	0.341766	0.344412	0.353716	0.339734	0.314753	0.307458	0.310677	0.323088	0.310752	0.310248	0.318535	0.3021	0.301514	0.302921	0.302669	0.304613
ERR613986	0.292313	0.292301	0.284105	0.284246	0.2828	0.286454	0.444988	0.44549	0.442698	0.456101	0.457898	0.445489	0	0.261004	0.261237	0.284568	0.259717	0.261355	0.358546	0.345921	0.355001	0.356671	0.35292	0.356008	0.402882	0.401526	0.374004	0.372339	0.408577	0.380448	0.280736	0.28832	0.272334	0.280585	0.279013	0.27618	0.320211	0.316578	0.348532	0.307697	0.310218	0.308899	0.292398	0.302872	0.292971	0.302603	0.301402	0.292888	0.470716	0.470697	0.470198	0.487507	0.480325	0.482453	0.423524	0.422174	0.515397	0.435948	0.435951	0.421888	0.521358	0.51737	0.521387	0.519485	0.52243	0.513869	0.399521	0.394633	0.392513	0.390795	0.391049	0.402537	0.292558	0.28236	0.282391	0.282741	0.282675	0.285749	0.515654	0.516995	0.511913	0.519	0.516428	0.514905	0.464557	0.459334	0.462855	0.471156	0.463155	0.455045	0.418148	0.419121	0.42031	0.417952	0.419197	0.413819
ERR613985	0.292108	0.288751	0.294186	0.292022	0.296734	0.291262	0.441111	0.441251	0.439389	0.46251	0.461574	0.441128	0.261004	0	0.235085	0.239892	0.235385	0.235127	0.365991	0.33475	0.353761	0.356858	0.352609	0.33234	0.407201	0.405999	0.355341	0.347584	0.417686	0.345704	0.274763	0.272689	0.279185	0.274461	0.275513	0.275864	0.337173	0.331956	0.382909	0.325395	0.315846	0.320417	0.305464	0.295676	0.308118	0.295804	0.295044	0.307219	0.448518	0.44812	0.446809	0.475138	0.467913	0.472487	0.415359	0.417341	0.532369	0.438268	0.439633	0.416046	0.501881	0.483492	0.50257	0.489098	0.504129	0.486376	0.354851	0.359587	0.361602	0.360155	0.359935	0.367983	0.28722	0.301934	0.310788	0.31004	0.309543	0.289209	0.49531	0.498172	0.482528	0.486962	0.480744	0.495125	0.461281	0.449565	0.45687	0.471951	0.45703	0.45256	0.39782	0.404948	0.42539	0.403879	0.404848	0.400732
ERR613989	0.293473	0.289458	0.294663	0.292583	0.297324	0.291884	0.440405	0.440352	0.43844	0.461796	0.460544	0.440196	0.261237	0.235085	0	0.241272	0.233211	0.233563	0.36453	0.334199	0.352097	0.355003	0.350962	0.331417	0.40613	0.405103	0.354771	0.347097	0.41673	0.3449	0.273484	0.271654	0.277875	0.272853	0.273917	0.275165	0.336013	0.330633	0.381955	0.325504	0.315673	0.32078	0.305195	0.297408	0.307797	0.297274	0.296648	0.306664	0.449084	0.448645	0.447415	0.475015	0.468129	0.472801	0.415287	0.4173	0.530592	0.436968	0.43837	0.416162	0.502836	0.484424	0.503539	0.489631	0.505119	0.487393	0.35459	0.358914	0.360796	0.359521	0.359305	0.366785	0.287641	0.303179	0.311492	0.310924	0.310358	0.289736	0.495972	0.498666	0.483064	0.486992	0.481106	0.495731	0.460824	0.4492	0.456344	0.471337	0.456353	0.45259	0.397592	0.404264	0.425299	0.403213	0.404131	0.400395
ERR613984	0.304404	0.300889	0.310858	0.308323	0.314875	0.306488	0.446191	0.446014	0.444439	0.470675	0.469099	0.445796	0.284568	0.239892	0.241272	0	0.242231	0.241469	0.378118	0.340399	0.363369	0.36667	0.362331	0.333207	0.416454	0.415382	0.35699	0.346694	0.42825	0.340807	0.286608	0.280538	0.295467	0.285969	0.288282	0.289545	0.352412	0.346747	0.402064	0.340218	0.326958	0.333201	0.321227	0.303556	0.324705	0.303496	0.303206	0.32327	0.445291	0.444705	0.443009	0.475518	0.468167	0.473621	0.418247	0.421533	0.544049	0.445535	0.447396	0.419839	0.498388	0.474486	0.499198	0.481906	0.500994	0.479836	0.344889	0.355102	0.358865	0.357438	0.356815	0.363443	0.296991	0.319517	0.33003	0.329302	0.328468	0.30267	0.491561	0.49495	0.475376	0.479203	0.470835	0.491503	0.466091	0.452176	0.46076	0.4781	0.460934	0.45751	0.39661	0.406677	0.433349	0.405456	0.406314	0.402625
ERR613987	0.293149	0.289053	0.293986	0.291873	0.296519	0.291217	0.440591	0.440568	0.43861	0.461657	0.460418	0.440305	0.259717	0.235385	0.233211	0.242231	0	0.233437	0.364104	0.334735	0.351762	0.354594	0.350823	0.332024	0.405901	0.40463	0.355191	0.347693	0.41657	0.345837	0.272902	0.271365	0.277102	0.272387	0.273164	0.274518	0.335114	0.33001	0.380761	0.324984	0.315556	0.320524	0.304722	0.297728	0.307123	0.297602	0.296838	0.306027	0.450218	0.44975	0.448525	0.475602	0.468816	0.473426	0.41587	0.417821	0.529946	0.436918	0.438443	0.416786	0.503872	0.485896	0.504653	0.490844	0.506148	0.488626	0.356091	0.360123	0.361873	0.3606	0.360336	0.367643	0.287775	0.302408	0.310745	0.310174	0.309613	0.28947	0.497038	0.499824	0.48433	0.488176	0.482504	0.496855	0.460932	0.449547	0.456669	0.471425	0.456559	0.452852	0.398249	0.404567	0.425275	0.403476	0.404413	0.40086
ERR613988	0.293251	0.289391	0.294528	0.292377	0.297052	0.291487	0.440921	0.440821	0.438867	0.462205	0.460965	0.440618	0.261355	0.235127	0.233563	0.241469	0.233437	0	0.364537	0.334606	0.352262	0.354963	0.351204	0.331716	0.406286	0.405156	0.354906	0.347282	0.416806	0.345056	0.273288	0.271574	0.277951	0.272813	0.273768	0.275138	0.335944	0.33074	0.381931	0.325653	0.315969	0.320844	0.30507	0.297513	0.307832	0.297284	0.296673	0.306702	0.449516	0.449058	0.447795	0.475439	0.468528	0.47314	0.415664	0.417717	0.530688	0.437166	0.438702	0.416584	0.503403	0.485035	0.504132	0.490233	0.505698	0.487992	0.35488	0.359023	0.361088	0.359633	0.359423	0.36673	0.287872	0.303249	0.311627	0.311106	0.310479	0.289828	0.496608	0.499433	0.483596	0.487478	0.481641	0.496308	0.461217	0.449562	0.456808	0.471859	0.456814	0.45302	0.398036	0.404467	0.425546	0.403329	0.404321	0.400566
ERR612638	0.372599	0.370094	0.369283	0.36839	0.36986	0.368696	0.452976	0.452822	0.451362	0.458244	0.45819	0.452708	0.358546	0.365991	0.36453	0.378118	0.364104	0.364537	0	0.276548	0.262345	0.261004	0.261358	0.291452	0.359332	0.358869	0.348133	0.351789	0.364947	0.36225	0.358862	0.362659	0.355294	0.358658	0.357686	0.358112	0.331107	0.330968	0.346988	0.341273	0.342385	0.344968	0.345818	0.367356	0.343493	0.365529	0.365592	0.343578	0.472498	0.472474	0.473497	0.477055	0.474926	0.475962	0.457047	0.454102	0.499689	0.446357	0.447103	0.454587	0.510578	0.5115	0.510643	0.50849	0.511449	0.506706	0.395955	0.379572	0.376382	0.375446	0.375987	0.381027	0.345053	0.346272	0.345414	0.346158	0.346422	0.341466	0.504249	0.504966	0.504084	0.506799	0.51004	0.503509	0.464053	0.461321	0.463064	0.467485	0.462233	0.460879	0.450555	0.441611	0.43983	0.44207	0.442855	0.442336
ERR612639	0.34791	0.346064	0.350458	0.34855	0.352427	0.347579	0.454548	0.454358	0.45301	0.471361	0.471198	0.454525	0.345921	0.33475	0.334199	0.340399	0.334735	0.334606	0.276548	0	0.264573	0.267148	0.262671	0.253817	0.388048	0.386929	0.345321	0.341748	0.397486	0.343777	0.334536	0.334421	0.336291	0.334455	0.335158	0.33517	0.338601	0.334675	0.375911	0.334837	0.328043	0.331958	0.336625	0.33872	0.3368	0.337336	0.337879	0.33609	0.462575	0.462123	0.461692	0.482382	0.476938	0.480143	0.4395	0.439606	0.533383	0.451351	0.452756	0.438889	0.509288	0.497239	0.509697	0.500199	0.511064	0.497682	0.365233	0.362434	0.363764	0.36207	0.361938	0.368433	0.314677	0.326374	0.330073	0.330165	0.330404	0.315865	0.501682	0.5036	0.49305	0.497023	0.493315	0.500811	0.47146	0.461509	0.467658	0.480331	0.46793	0.464493	0.428171	0.428966	0.441975	0.428439	0.429553	0.426779
ERR612640	0.364746	0.361763	0.363243	0.361587	0.364359	0.361499	0.452176	0.451688	0.450427	0.462196	0.461917	0.451717	0.355001	0.353761	0.352097	0.363369	0.351762	0.352262	0.262345	0.264573	0	0.255636	0.254831	0.274858	0.366866	0.366359	0.342705	0.343822	0.374947	0.350618	0.348653	0.351031	0.347472	0.34859	0.348124	0.34903	0.332253	0.330526	0.357897	0.339683	0.336992	0.340862	0.342114	0.3588	0.34065	0.356923	0.357196	0.340442	0.467732	0.467629	0.468037	0.477627	0.47478	0.476919	0.450552	0.44877	0.511374	0.446771	0.447624	0.44889	0.509282	0.50483	0.50972	0.503713	0.510768	0.502672	0.379987	0.36767	0.366053	0.365077	0.365533	0.369919	0.334375	0.341041	0.341916	0.342332	0.342659	0.332644	0.502115	0.50332	0.498281	0.500763	0.50159	0.501275	0.465713	0.459616	0.463408	0.471563	0.462918	0.461883	0.441197	0.43497	0.440075	0.435408	0.435997	0.435164
ERR612642	0.366966	0.36374	0.364915	0.363453	0.365977	0.36329	0.452619	0.452146	0.450783	0.461749	0.461413	0.451982	0.356671	0.356858	0.355003	0.36667	0.354594	0.354963	0.261004	0.267148	0.255636	0	0.255244	0.277811	0.365107	0.364714	0.343721	0.345215	0.372752	0.352413	0.351166	0.353482	0.349532	0.350727	0.350416	0.351205	0.332293	0.33051	0.355887	0.340702	0.338688	0.342305	0.343074	0.361122	0.341228	0.359245	0.359567	0.341161	0.469367	0.469361	0.469739	0.478105	0.47564	0.477519	0.452116	0.450214	0.509126	0.446929	0.447943	0.450328	0.510258	0.506549	0.510708	0.505031	0.51158	0.50405	0.383038	0.369766	0.368163	0.367104	0.367224	0.371567	0.337341	0.343488	0.34387	0.344404	0.344651	0.335348	0.503203	0.504374	0.500045	0.502211	0.503575	0.502406	0.465893	0.46051	0.463954	0.47134	0.463321	0.462433	0.443449	0.436675	0.441067	0.437161	0.437651	0.437333
ERR612641	0.363682	0.360668	0.36204	0.36042	0.363143	0.360457	0.450755	0.45037	0.449163	0.461	0.460797	0.45037	0.35292	0.352609	0.350962	0.362331	0.350823	0.351204	0.261358	0.262671	0.254831	0.255244	0	0.273538	0.367655	0.366945	0.342931	0.343962	0.375375	0.350741	0.347933	0.350339	0.346545	0.347736	0.347469	0.348079	0.330963	0.328927	0.356794	0.337646	0.335102	0.338692	0.340547	0.356493	0.339003	0.354949	0.354924	0.338917	0.466953	0.466786	0.467349	0.477305	0.474076	0.476102	0.448226	0.446556	0.510503	0.445152	0.446233	0.446605	0.508871	0.504592	0.509263	0.503583	0.510283	0.502175	0.381199	0.369144	0.367719	0.366565	0.367038	0.371888	0.332905	0.339149	0.339818	0.340389	0.340554	0.331007	0.501808	0.502996	0.498017	0.500726	0.50149	0.500979	0.464929	0.458924	0.462594	0.470752	0.462086	0.460765	0.439733	0.433841	0.438975	0.434208	0.434941	0.434051
ERR612637	0.352016	0.348239	0.356182	0.353789	0.359172	0.352169	0.460595	0.460009	0.458921	0.481417	0.479981	0.460052	0.356008	0.33234	0.331417	0.333207	0.332024	0.331716	0.291452	0.253817	0.274858	0.277811	0.273538	0	0.401322	0.400688	0.350066	0.343319	0.412636	0.340045	0.334842	0.332007	0.340103	0.334546	0.335708	0.337549	0.35233	0.347536	0.395498	0.348135	0.337157	0.343267	0.346036	0.342535	0.34709	0.34105	0.341814	0.345965	0.463779	0.463048	0.462168	0.487504	0.481991	0.486477	0.442306	0.444035	0.545845	0.458646	0.460333	0.442956	0.513426	0.494674	0.514317	0.499219	0.515767	0.498175	0.354831	0.357629	0.360549	0.359219	0.358939	0.363304	0.317223	0.336834	0.343376	0.343193	0.343423	0.320855	0.505213	0.507772	0.492259	0.494696	0.489305	0.504763	0.478201	0.465723	0.473227	0.488436	0.473241	0.471511	0.426232	0.429986	0.451006	0.429421	0.430362	0.428174
ERR613232	0.423071	0.4221	0.422087	0.42119	0.423267	0.421281	0.441259	0.440848	0.44045	0.431595	0.433076	0.440899	0.402882	0.407201	0.40613	0.416454	0.405901	0.406286	0.359332	0.388048	0.366866	0.365107	0.367655	0.401322	0	0.267303	0.295604	0.308385	0.270336	0.326585	0.405687	0.408294	0.403104	0.405718	0.405251	0.404796	0.327311	0.329888	0.323649	0.349723	0.352108	0.354521	0.353348	0.379765	0.34975	0.378076	0.377771	0.350128	0.4562	0.457831	0.459678	0.440736	0.443678	0.442202	0.470822	0.466032	0.453746	0.439382	0.440331	0.467184	0.466382	0.484443	0.466158	0.474327	0.466536	0.473958	0.432836	0.406594	0.401104	0.40113	0.401289	0.403343	0.403596	0.404283	0.40171	0.402883	0.402788	0.400433	0.462337	0.461135	0.47351	0.474433	0.486298	0.461702	0.439739	0.445097	0.442318	0.437779	0.440804	0.443012	0.464868	0.447307	0.43	0.448888	0.448721	0.451342
ERR613231	0.421414	0.420586	0.420486	0.419545	0.421622	0.419783	0.440644	0.440504	0.439997	0.430961	0.432556	0.440366	0.401526	0.405999	0.405103	0.415382	0.40463	0.405156	0.358869	0.386929	0.366359	0.364714	0.366945	0.400688	0.267303	0	0.294848	0.307892	0.269707	0.326127	0.404422	0.407136	0.401792	0.404398	0.404162	0.403451	0.326124	0.32913	0.322791	0.347878	0.350658	0.352749	0.352114	0.378368	0.348537	0.3766	0.376249	0.348851	0.455422	0.457149	0.458921	0.440205	0.44308	0.441308	0.469745	0.464912	0.454357	0.439005	0.440063	0.466003	0.465603	0.483946	0.465276	0.474139	0.465616	0.473469	0.432194	0.40601	0.400727	0.400492	0.400799	0.402753	0.401924	0.402356	0.399589	0.400722	0.400406	0.398645	0.46152	0.460451	0.473019	0.473769	0.485873	0.461005	0.439331	0.444815	0.441824	0.437485	0.440514	0.442572	0.46403	0.446604	0.429047	0.448129	0.448058	0.450556
ERR613229	0.381979	0.379798	0.3863	0.38445	0.389506	0.383068	0.424488	0.424235	0.423787	0.434339	0.434394	0.423919	0.374004	0.355341	0.354771	0.35699	0.355191	0.354906	0.348133	0.345321	0.342705	0.343721	0.342931	0.350066	0.295604	0.294848	0	0.25616	0.308221	0.262914	0.361742	0.359625	0.365093	0.361442	0.362222	0.362989	0.309901	0.307837	0.342889	0.31997	0.31081	0.317211	0.318663	0.326574	0.317774	0.324878	0.324866	0.317177	0.429597	0.430661	0.430444	0.436598	0.435597	0.43779	0.434631	0.433453	0.491221	0.427808	0.430121	0.433101	0.457426	0.453801	0.45815	0.452212	0.459148	0.451526	0.380966	0.368493	0.36855	0.368132	0.367637	0.369575	0.357182	0.371623	0.374518	0.375085	0.374616	0.359332	0.449613	0.45072	0.446068	0.447565	0.450081	0.449029	0.437208	0.430289	0.434552	0.44367	0.434314	0.434995	0.419794	0.411891	0.417744	0.412763	0.413082	0.414267
ERR613228	0.376776	0.374442	0.382342	0.380145	0.386245	0.37859	0.425348	0.425066	0.424481	0.439059	0.438475	0.424713	0.372339	0.347584	0.347097	0.346694	0.347693	0.347282	0.351789	0.341748	0.343822	0.345215	0.343962	0.343319	0.308385	0.307892	0.25616	0	0.322664	0.255472	0.355968	0.35262	0.361338	0.355693	0.357132	0.358106	0.31386	0.311199	0.353274	0.320051	0.308699	0.315746	0.317287	0.319303	0.317442	0.317957	0.31804	0.316571	0.427	0.427889	0.427171	0.43884	0.436829	0.439932	0.43013	0.430026	0.500949	0.429228	0.431835	0.429372	0.459249	0.45049	0.459841	0.450946	0.461395	0.450208	0.372999	0.364621	0.366138	0.365502	0.364921	0.366631	0.351617	0.3692	0.373446	0.373765	0.373276	0.354978	0.451063	0.452849	0.444097	0.445633	0.445777	0.450452	0.44017	0.431159	0.436875	0.44816	0.436551	0.436861	0.413361	0.408375	0.419396	0.409279	0.409297	0.410023
ERR613230	0.430104	0.429619	0.428159	0.427731	0.428746	0.428144	0.447294	0.447145	0.446503	0.434071	0.436267	0.447205	0.408577	0.417686	0.41673	0.42825	0.41657	0.416806	0.364947	0.397486	0.374947	0.372752	0.375375	0.412636	0.270336	0.269707	0.308221	0.322664	0	0.342335	0.414504	0.418056	0.410787	0.414626	0.413841	0.413103	0.333542	0.336816	0.322648	0.355941	0.361263	0.362058	0.36086	0.38931	0.356832	0.387473	0.387312	0.357374	0.464175	0.465851	0.467871	0.445937	0.448706	0.446414	0.478847	0.473266	0.450618	0.445043	0.445304	0.47461	0.471799	0.493401	0.471368	0.482325	0.471284	0.481717	0.444321	0.416926	0.410806	0.410451	0.410793	0.413315	0.412028	0.409648	0.4058	0.407332	0.40704	0.407802	0.468563	0.466803	0.482214	0.483258	0.496446	0.467793	0.443438	0.451403	0.4469	0.440252	0.445418	0.447135	0.474952	0.456242	0.434755	0.457977	0.457937	0.460409
ERR613227	0.379443	0.375752	0.386327	0.383757	0.390997	0.381745	0.431347	0.430796	0.43062	0.449895	0.448346	0.430568	0.380448	0.345704	0.3449	0.340807	0.345837	0.345056	0.36225	0.343777	0.350618	0.352413	0.350741	0.340045	0.326585	0.326127	0.262914	0.255472	0.342335	0	0.356311	0.350895	0.36436	0.355944	0.357745	0.360209	0.326511	0.322714	0.372268	0.331257	0.316046	0.324744	0.325112	0.321849	0.325779	0.320395	0.320706	0.324718	0.429532	0.429857	0.428728	0.446645	0.444299	0.448495	0.431814	0.432922	0.515837	0.43658	0.43966	0.431899	0.465539	0.449358	0.466443	0.451816	0.467982	0.452126	0.364573	0.36195	0.364883	0.3646	0.363757	0.364292	0.353457	0.376703	0.383073	0.383194	0.38273	0.358725	0.456548	0.459051	0.444778	0.445318	0.44301	0.456082	0.448343	0.436215	0.443582	0.45787	0.443462	0.444625	0.410912	0.409319	0.428667	0.409938	0.409908	0.410952
ERR607649	0.272	0.268245	0.270209	0.268545	0.271905	0.268247	0.45641	0.456454	0.454362	0.475336	0.474333	0.456161	0.280736	0.274763	0.273484	0.286608	0.272902	0.273288	0.358862	0.334536	0.348653	0.351166	0.347933	0.334842	0.405687	0.404422	0.361742	0.355968	0.414504	0.356311	0	0.238164	0.238241	0.235367	0.235508	0.237249	0.333037	0.328176	0.373795	0.32293	0.317127	0.320562	0.298267	0.297744	0.299808	0.297176	0.296575	0.299148	0.470104	0.469659	0.468546	0.4938	0.487	0.491019	0.431081	0.432105	0.538007	0.449841	0.450961	0.431343	0.524094	0.508256	0.524515	0.512474	0.526152	0.510062	0.350709	0.352052	0.351798	0.350519	0.350755	0.359502	0.283658	0.292175	0.298697	0.298632	0.298568	0.282159	0.516587	0.519076	0.505199	0.509202	0.504177	0.516122	0.473655	0.463858	0.47016	0.482916	0.469872	0.465752	0.41912	0.424436	0.441271	0.423387	0.424271	0.420499
ERR607646	0.274238	0.269979	0.27491	0.273015	0.277425	0.272072	0.455866	0.455986	0.454099	0.476762	0.475411	0.455838	0.28832	0.272689	0.271654	0.280538	0.271365	0.271574	0.362659	0.334421	0.351031	0.353482	0.350339	0.332007	0.408294	0.407136	0.359625	0.35262	0.418056	0.350895	0.238164	0	0.242261	0.237953	0.238787	0.239487	0.338084	0.332893	0.381823	0.327793	0.319377	0.323999	0.302951	0.297518	0.305178	0.29716	0.296714	0.304155	0.46589	0.465515	0.464138	0.491482	0.48454	0.488993	0.429707	0.431528	0.541995	0.450993	0.452351	0.43058	0.519855	0.501352	0.520349	0.506395	0.52205	0.50434	0.342894	0.346803	0.347892	0.346511	0.346504	0.354632	0.284366	0.297488	0.305796	0.305431	0.305015	0.284888	0.512235	0.514854	0.4992	0.502937	0.496875	0.511905	0.473517	0.462463	0.469387	0.483403	0.469125	0.465501	0.415565	0.422253	0.442197	0.420981	0.42201	0.418309
ERR607645	0.270989	0.267955	0.266292	0.265429	0.266362	0.265856	0.454953	0.45541	0.452991	0.471664	0.47116	0.455185	0.272334	0.279185	0.277875	0.295467	0.277102	0.277951	0.355294	0.336291	0.347472	0.349532	0.346545	0.340103	0.403104	0.401792	0.365093	0.361338	0.410787	0.36436	0.238241	0.242261	0	0.238121	0.237251	0.23633	0.32687	0.3226	0.363582	0.317282	0.314194	0.316459	0.293182	0.298988	0.294797	0.29818	0.297449	0.294043	0.473585	0.473419	0.472501	0.494867	0.488096	0.491633	0.431088	0.431392	0.531712	0.446948	0.447622	0.430812	0.527109	0.514946	0.527399	0.518129	0.528895	0.515137	0.362104	0.360066	0.358783	0.357445	0.357675	0.3676	0.284062	0.286	0.290416	0.290658	0.290605	0.279949	0.519876	0.52182	0.510886	0.51558	0.511523	0.51933	0.47217	0.463984	0.469232	0.4803	0.469025	0.464141	0.422249	0.425837	0.437875	0.424645	0.425789	0.421526
ERR607648	0.271874	0.268096	0.270063	0.268399	0.271793	0.268187	0.456132	0.456245	0.454057	0.475122	0.47397	0.455985	0.280585	0.274461	0.272853	0.285969	0.272387	0.272813	0.358658	0.334455	0.34859	0.350727	0.347736	0.334546	0.405718	0.404398	0.361442	0.355693	0.414626	0.355944	0.235367	0.237953	0.238121	0	0.235075	0.237149	0.332951	0.328	0.373799	0.323012	0.317087	0.320797	0.29814	0.29787	0.29994	0.297291	0.29671	0.299333	0.470145	0.469734	0.468663	0.493846	0.486898	0.49103	0.430911	0.432024	0.53771	0.449528	0.45064	0.43115	0.524112	0.508402	0.524632	0.512465	0.526198	0.510214	0.350515	0.351635	0.351691	0.350413	0.350572	0.359018	0.283849	0.292711	0.299163	0.299101	0.298989	0.28239	0.516692	0.519124	0.505275	0.509215	0.504224	0.516324	0.473572	0.463814	0.469979	0.482812	0.469717	0.465737	0.419058	0.424099	0.441198	0.42307	0.424092	0.420382
ERR607650	0.272481	0.268336	0.269753	0.268069	0.270942	0.268253	0.45602	0.456079	0.453927	0.474514	0.473547	0.455876	0.279013	0.275513	0.273917	0.288282	0.273164	0.273768	0.357686	0.335158	0.348124	0.350416	0.347469	0.335708	0.405251	0.404162	0.362222	0.357132	0.413841	0.357745	0.235508	0.238787	0.237251	0.235075	0	0.237041	0.331715	0.326949	0.371786	0.322122	0.316875	0.320301	0.297433	0.298816	0.298816	0.298118	0.297604	0.298108	0.471175	0.470728	0.46973	0.494268	0.487493	0.491535	0.431204	0.432348	0.536346	0.449065	0.450096	0.431582	0.525253	0.510095	0.525666	0.514049	0.527305	0.511645	0.352904	0.353352	0.353038	0.351708	0.352072	0.360485	0.284078	0.291649	0.29783	0.297654	0.297576	0.281859	0.517886	0.520197	0.506906	0.510868	0.506149	0.517516	0.473415	0.463851	0.469851	0.482404	0.469578	0.465511	0.419565	0.424198	0.440394	0.42309	0.424213	0.420446
ERR607647	0.26953	0.267075	0.267166	0.265997	0.268127	0.266012	0.455485	0.455674	0.453485	0.473224	0.472801	0.455587	0.27618	0.275864	0.275165	0.289545	0.274518	0.275138	0.358112	0.33517	0.34903	0.351205	0.348079	0.337549	0.404796	0.403451	0.362989	0.358106	0.413103	0.360209	0.237249	0.239487	0.23633	0.237149	0.237041	0	0.330388	0.325753	0.369473	0.319401	0.314868	0.317456	0.295731	0.296113	0.297599	0.295619	0.294931	0.296851	0.470364	0.470128	0.469032	0.49345	0.486254	0.490162	0.429509	0.430324	0.535691	0.448517	0.449184	0.429629	0.523682	0.509763	0.523831	0.513874	0.52546	0.510658	0.35617	0.356064	0.355533	0.354081	0.354313	0.363919	0.282596	0.287561	0.293424	0.293269	0.293039	0.280196	0.51656	0.518713	0.506506	0.51118	0.506462	0.515917	0.472547	0.463496	0.469377	0.481259	0.469136	0.464191	0.419819	0.424691	0.438949	0.423588	0.424691	0.420328
ERR613693	0.351787	0.350574	0.346947	0.346463	0.346959	0.347678	0.404349	0.404687	0.402632	0.40794	0.409799	0.40471	0.320211	0.337173	0.336013	0.352412	0.335114	0.335944	0.331107	0.338601	0.332253	0.332293	0.330963	0.35233	0.327311	0.326124	0.309901	0.31386	0.333542	0.326511	0.333037	0.338084	0.32687	0.332951	0.331715	0.330388	0	0.249976	0.274669	0.258246	0.261612	0.262272	0.286675	0.310671	0.284655	0.309366	0.308834	0.284612	0.435453	0.436213	0.436361	0.43937	0.436149	0.437263	0.411595	0.407481	0.461037	0.400859	0.401459	0.408165	0.473941	0.478161	0.473801	0.475502	0.474582	0.471719	0.409152	0.395851	0.392997	0.391978	0.392128	0.399415	0.330732	0.326358	0.323924	0.325109	0.324753	0.325528	0.467529	0.467857	0.468647	0.473669	0.476825	0.466307	0.42114	0.418694	0.420212	0.4246	0.420196	0.415717	0.407533	0.397625	0.390347	0.397915	0.398971	0.396651
ERR613692	0.347119	0.345723	0.342794	0.342229	0.342921	0.343152	0.404227	0.404562	0.402509	0.40979	0.411598	0.404323	0.316578	0.331956	0.330633	0.346747	0.33001	0.33074	0.330968	0.334675	0.330526	0.33051	0.328927	0.347536	0.329888	0.32913	0.307837	0.311199	0.336816	0.322714	0.328176	0.332893	0.3226	0.328	0.326949	0.325753	0.249976	0	0.278527	0.255346	0.257474	0.259151	0.283143	0.305237	0.281491	0.30379	0.303467	0.281438	0.43388	0.434754	0.434826	0.439963	0.436306	0.437612	0.408554	0.404903	0.465455	0.401023	0.40191	0.405436	0.473889	0.476467	0.473741	0.474432	0.474623	0.470683	0.404904	0.393036	0.390773	0.389582	0.38964	0.396988	0.326056	0.32286	0.321092	0.32196	0.321914	0.321159	0.467164	0.467684	0.467239	0.472225	0.474548	0.466048	0.421628	0.418482	0.420598	0.42598	0.42054	0.415578	0.404211	0.395487	0.390637	0.395588	0.396545	0.394394
ERR613694	0.387639	0.388054	0.379443	0.379826	0.378129	0.382176	0.422004	0.422427	0.420694	0.410755	0.414312	0.422781	0.348532	0.382909	0.381955	0.402064	0.380761	0.381931	0.346988	0.375911	0.357897	0.355887	0.356794	0.395498	0.323649	0.322791	0.342889	0.353274	0.322648	0.372268	0.373795	0.381823	0.363582	0.373799	0.371786	0.369473	0.274669	0.278527	0	0.289877	0.303457	0.300103	0.32011	0.35501	0.316258	0.353655	0.352836	0.316761	0.460892	0.461989	0.463432	0.451116	0.449854	0.4479	0.442331	0.435752	0.438914	0.41565	0.414952	0.43732	0.487479	0.505983	0.486571	0.498996	0.486833	0.493845	0.451123	0.430014	0.424529	0.423364	0.423775	0.431558	0.371548	0.355744	0.348508	0.34969	0.350096	0.363049	0.483293	0.481914	0.493914	0.499357	0.507731	0.481887	0.43012	0.436505	0.432968	0.427331	0.432328	0.427295	0.445431	0.429472	0.403798	0.430002	0.430796	0.42954
ERR613691	0.336036	0.337221	0.333183	0.332955	0.333402	0.334147	0.409469	0.409923	0.407688	0.417225	0.419938	0.410053	0.307697	0.325395	0.325504	0.340218	0.324984	0.325653	0.341273	0.334837	0.339683	0.340702	0.337646	0.348135	0.349723	0.347878	0.31997	0.320051	0.355941	0.331257	0.32293	0.327793	0.317282	0.323012	0.322122	0.319401	0.258246	0.255346	0.289877	0	0.25008	0.248788	0.27964	0.292004	0.279747	0.29121	0.290954	0.279198	0.435242	0.435643	0.435361	0.446995	0.440545	0.442121	0.403023	0.399809	0.480774	0.406444	0.406745	0.39992	0.478926	0.479506	0.478623	0.480151	0.47964	0.473613	0.407486	0.40073	0.399175	0.397485	0.397472	0.407651	0.316507	0.309576	0.308542	0.308793	0.309104	0.31186	0.472865	0.473555	0.471396	0.478926	0.478712	0.471506	0.428488	0.424248	0.426889	0.433869	0.427453	0.419019	0.400549	0.396745	0.392025	0.396156	0.397395	0.392895
ERR613689	0.333332	0.333198	0.331853	0.331147	0.33387	0.331451	0.40737	0.40806	0.406059	0.420287	0.421862	0.408152	0.310218	0.315846	0.315673	0.326958	0.315556	0.315969	0.342385	0.328043	0.336992	0.338688	0.335102	0.337157	0.352108	0.350658	0.31081	0.308699	0.361263	0.316046	0.317127	0.319377	0.314194	0.317087	0.316875	0.314868	0.261612	0.257474	0.303457	0.25008	0	0.246333	0.27958	0.285261	0.279949	0.284245	0.283881	0.279906	0.428213	0.428419	0.42779	0.443871	0.437981	0.440459	0.397861	0.395856	0.48918	0.406545	0.407794	0.395803	0.473601	0.468983	0.473538	0.471076	0.474706	0.46517	0.394142	0.389813	0.389745	0.38827	0.387819	0.396906	0.310059	0.310032	0.312306	0.312374	0.312499	0.307916	0.466382	0.467445	0.461284	0.468489	0.466614	0.465257	0.428756	0.421233	0.425806	0.435989	0.426594	0.418945	0.391218	0.38963	0.392695	0.389105	0.390264	0.38597
ERR613690	0.334703	0.335759	0.332749	0.332273	0.334324	0.332949	0.409868	0.410464	0.408492	0.420664	0.423034	0.41067	0.308899	0.320417	0.32078	0.333201	0.320524	0.320844	0.344968	0.331958	0.340862	0.342305	0.338692	0.343267	0.354521	0.352749	0.317211	0.315746	0.362058	0.324744	0.320562	0.323999	0.316459	0.320797	0.320301	0.317456	0.262272	0.259151	0.300103	0.248788	0.246333	0	0.280662	0.287172	0.280692	0.286234	0.285749	0.280669	0.432485	0.432759	0.432345	0.447074	0.440685	0.442588	0.400412	0.397735	0.489198	0.409039	0.40948	0.397788	0.476674	0.474862	0.476503	0.47668	0.477536	0.469738	0.401557	0.396789	0.396301	0.394605	0.394428	0.404305	0.31237	0.307889	0.308955	0.309206	0.309243	0.309285	0.469497	0.470135	0.466116	0.474178	0.472543	0.468132	0.431054	0.424637	0.428356	0.437569	0.429348	0.420296	0.395493	0.393729	0.392596	0.392932	0.394347	0.389408
ERR613458	0.309731	0.309167	0.30639	0.305864	0.306236	0.306811	0.428698	0.429362	0.427141	0.440592	0.441729	0.429146	0.292398	0.305464	0.305195	0.321227	0.304722	0.30507	0.345818	0.336625	0.342114	0.343074	0.340547	0.346036	0.353348	0.352114	0.318663	0.317287	0.36086	0.325112	0.298267	0.302951	0.293182	0.29814	0.297433	0.295731	0.286675	0.283143	0.32011	0.27964	0.27958	0.280662	0	0.259247	0.243836	0.258237	0.257729	0.243241	0.452862	0.453068	0.4525	0.468085	0.462394	0.46482	0.4182	0.416429	0.502665	0.424836	0.425664	0.416386	0.49924	0.493864	0.49939	0.495364	0.500453	0.490989	0.384198	0.377831	0.37632	0.374626	0.374854	0.38455	0.307047	0.304072	0.30485	0.305437	0.305645	0.302329	0.493152	0.494441	0.487951	0.493758	0.49193	0.49205	0.446875	0.440767	0.444902	0.45346	0.444737	0.439119	0.412777	0.411128	0.414234	0.410604	0.411433	0.407532
ERR613455	0.304081	0.305241	0.307781	0.307054	0.309631	0.306306	0.438079	0.438941	0.437032	0.45652	0.457701	0.438952	0.302872	0.295676	0.297408	0.303556	0.297728	0.297513	0.367356	0.33872	0.3588	0.361122	0.356493	0.342535	0.379765	0.378368	0.326574	0.319303	0.38931	0.321849	0.297744	0.297518	0.298988	0.29787	0.298816	0.296113	0.310671	0.305237	0.35501	0.292004	0.285261	0.287172	0.259247	0	0.262968	0.242741	0.242544	0.261611	0.447118	0.447132	0.445583	0.472246	0.464051	0.467818	0.413958	0.41472	0.529581	0.43752	0.438573	0.41368	0.495535	0.482276	0.496034	0.488311	0.497453	0.482525	0.373002	0.376151	0.377251	0.375453	0.374998	0.386045	0.299973	0.306135	0.312317	0.311679	0.311416	0.300724	0.489893	0.491999	0.480018	0.487395	0.480838	0.489001	0.456736	0.446875	0.453046	0.466259	0.453847	0.446001	0.405247	0.411912	0.423712	0.410667	0.411664	0.406254
ERR613460	0.31239	0.311555	0.307979	0.307572	0.30787	0.308595	0.427084	0.427803	0.42561	0.438067	0.43928	0.427611	0.292971	0.308118	0.307797	0.324705	0.307123	0.307832	0.343493	0.3368	0.34065	0.341228	0.339003	0.34709	0.34975	0.348537	0.317774	0.317442	0.356832	0.325779	0.299808	0.305178	0.294797	0.29994	0.298816	0.297599	0.284655	0.281491	0.316258	0.279747	0.279949	0.280692	0.243836	0.262968	0	0.261856	0.261236	0.24346	0.452937	0.45299	0.45254	0.466783	0.461312	0.463373	0.418439	0.416213	0.498753	0.423068	0.42379	0.416247	0.498144	0.494041	0.49811	0.495	0.499156	0.490667	0.386202	0.378509	0.37654	0.374956	0.375142	0.384586	0.308842	0.304957	0.305193	0.306076	0.306068	0.303932	0.491893	0.492991	0.487587	0.493366	0.492019	0.49082	0.445342	0.439782	0.443315	0.451458	0.443378	0.437599	0.413899	0.411045	0.412818	0.410513	0.411462	0.407856
