	ERR618550	ERR618553	ERR618552	ERR618554	ERR618551	ERR618549	ERR605661	ERR605660	ERR605659	ERR605663	ERR605664	ERR605662	ERR636646	ERR636648	ERR636643	ERR636645	ERR636647	ERR636644	ERR613219	ERR613217	ERR613220	ERR613215	ERR613216	ERR613218	ERR608742	ERR608741	ERR608743	ERR608739	ERR608744	ERR608740	ERR607266	ERR607264	ERR607265	ERR607268	ERR607263	ERR607267	ERR605270	ERR605267	ERR605269	ERR605268	ERR605266	ERR605265	ERR636835	ERR636838	ERR636836	ERR636839	ERR636840	ERR636837	ERR635311	ERR635314	ERR635313	ERR635310	ERR635312	ERR635315	ERR629907	ERR629906	ERR629908	ERR629905	ERR629909	ERR629904	ERR605970	ERR605975	ERR605971	ERR605974	ERR605972	ERR605973	ERR617452	ERR617451	ERR617453	ERR617456	ERR617455	ERR617454	ERR612652	ERR612653	ERR612654	ERR612651	ERR612650	ERR612649	ERR630451	ERR630447	ERR630448	ERR630449	ERR630450	ERR630446	ERR608213	ERR608210	ERR608214	ERR608209	ERR608211	ERR608212	ERR613316	ERR613311	ERR613314	ERR613312	ERR613313	ERR613315
ERR618550	5.98933e+09	5.51216e+09	5.80555e+09	5.51299e+09	5.88208e+09	6.09684e+09	5.84836e+09	5.92244e+09	6.23327e+09	5.88511e+09	5.81645e+09	5.74055e+09	6.32923e+09	6.73467e+09	6.73513e+09	5.92371e+09	6.32962e+09	6.43232e+09	4.16866e+09	5.07911e+09	4.15318e+09	5.5697e+09	5.30826e+09	3.99844e+09	5.91194e+09	6.05061e+09	5.89337e+09	4.63684e+09	5.93566e+09	5.73014e+09	6.25435e+09	7.03226e+09	7.03852e+09	6.36561e+09	6.70258e+09	6.32926e+09	6.05734e+09	4.94478e+09	5.90928e+09	5.88512e+09	6.34661e+09	6.576e+09	6.42762e+09	6.71504e+09	6.68944e+09	6.7398e+09	6.81441e+09	6.65162e+09	5.29956e+09	4.79142e+09	4.81342e+09	5.04924e+09	5.51443e+09	4.76927e+09	5.63595e+09	6.28963e+09	5.64535e+09	5.78083e+09	5.68783e+09	6.34862e+09	4.6248e+09	4.79447e+09	5.8404e+09	4.85109e+09	5.89614e+09	4.92938e+09	4.69046e+09	4.58634e+09	4.69365e+09	4.33242e+09	5.23068e+09	5.17656e+09	5.67781e+09	5.70018e+09	5.61755e+09	6.22222e+09	5.40011e+09	6.48238e+09	5.77287e+09	6.34486e+09	6.55482e+09	5.60262e+09	5.46009e+09	6.58126e+09	4.95689e+09	5.05677e+09	4.8069e+09	4.3088e+09	5.41431e+09	5.02304e+09	4.41855e+09	5.93093e+09	5.21235e+09	5.30131e+09	5.68727e+09	5.30414e+09
ERR618553	5.51216e+09	5.45374e+09	5.54238e+09	5.27119e+09	5.59952e+09	5.79938e+09	5.56292e+09	5.63253e+09	5.92421e+09	5.58345e+09	5.522e+09	5.46978e+09	6.0051e+09	6.38059e+09	6.38195e+09	5.60773e+09	6.0055e+09	6.0945e+09	4.01978e+09	4.8859e+09	4.00638e+09	5.35669e+09	5.10297e+09	3.85546e+09	5.59643e+09	5.72877e+09	5.57719e+09	4.38898e+09	5.61728e+09	5.42302e+09	5.94862e+09	6.67197e+09	6.66845e+09	6.05734e+09	6.3582e+09	6.02375e+09	5.72615e+09	4.70033e+09	5.58908e+09	5.56593e+09	6.00453e+09	6.21916e+09	6.08504e+09	6.35007e+09	6.33408e+09	6.37367e+09	6.44469e+09	6.29201e+09	5.01352e+09	4.52961e+09	4.55028e+09	4.76942e+09	5.21371e+09	4.50954e+09	5.33518e+09	5.95828e+09	5.34264e+09	5.47917e+09	5.38256e+09	6.01309e+09	4.41516e+09	4.59191e+09	5.5726e+09	4.64466e+09	5.62501e+09	4.72123e+09	4.49492e+09	4.38816e+09	4.49882e+09	4.15473e+09	5.00423e+09	4.95374e+09	5.40926e+09	5.4277e+09	5.35319e+09	5.90859e+09	5.14554e+09	6.15937e+09	5.47716e+09	6.00038e+09	6.20126e+09	5.32305e+09	5.18928e+09	6.22472e+09	4.74768e+09	4.85172e+09	4.60787e+09	4.13519e+09	5.19124e+09	4.81207e+09	4.20156e+09	5.61508e+09	4.95547e+09	5.02406e+09	5.38372e+09	5.03977e+09
ERR618552	5.80555e+09	5.54238e+09	6.03492e+09	5.54306e+09	5.89972e+09	6.11514e+09	5.86129e+09	5.93609e+09	6.25153e+09	5.88757e+09	5.82035e+09	5.76034e+09	6.34189e+09	6.74847e+09	6.74993e+09	5.91591e+09	6.34218e+09	6.43893e+09	4.20329e+09	5.12924e+09	4.18845e+09	5.63374e+09	5.36205e+09	4.02879e+09	5.90441e+09	6.04618e+09	5.88404e+09	4.61493e+09	5.9273e+09	5.71873e+09	6.27861e+09	7.06107e+09	7.05936e+09	6.39565e+09	6.7229e+09	6.35892e+09	6.04317e+09	4.93826e+09	5.89545e+09	5.8713e+09	6.34156e+09	6.57298e+09	6.42927e+09	6.7172e+09	6.69813e+09	6.74223e+09	6.81916e+09	6.6537e+09	5.27968e+09	4.76476e+09	4.787e+09	5.02138e+09	5.49476e+09	4.74344e+09	5.62365e+09	6.29249e+09	5.63194e+09	5.77664e+09	5.67522e+09	6.35148e+09	4.62875e+09	4.81449e+09	5.86804e+09	4.87084e+09	5.92494e+09	4.95239e+09	4.71328e+09	4.60144e+09	4.71736e+09	4.35163e+09	5.25894e+09	5.20384e+09	5.69611e+09	5.71708e+09	5.63566e+09	6.23678e+09	5.41328e+09	6.50684e+09	5.77348e+09	6.34034e+09	6.55586e+09	5.60651e+09	5.46312e+09	6.58122e+09	4.98134e+09	5.09236e+09	4.83223e+09	4.328e+09	5.45647e+09	5.05034e+09	4.40764e+09	5.92331e+09	5.21186e+09	5.28867e+09	5.67506e+09	5.30267e+09
ERR618554	5.51299e+09	5.27119e+09	5.54306e+09	5.4543e+09	5.60013e+09	5.79996e+09	5.56282e+09	5.6323e+09	5.9242e+09	5.58307e+09	5.52227e+09	5.4702e+09	6.00692e+09	6.38252e+09	6.38416e+09	5.60885e+09	6.00708e+09	6.0962e+09	4.0221e+09	4.88823e+09	4.00859e+09	5.35879e+09	5.10577e+09	3.85755e+09	5.59617e+09	5.7287e+09	5.57737e+09	4.38961e+09	5.61765e+09	5.42311e+09	5.94843e+09	6.67233e+09	6.67003e+09	6.05647e+09	6.35823e+09	6.02327e+09	5.72694e+09	4.70072e+09	5.5895e+09	5.56702e+09	6.00537e+09	6.21999e+09	6.08575e+09	6.35188e+09	6.3352e+09	6.37525e+09	6.44643e+09	6.29349e+09	5.01294e+09	4.52928e+09	4.55035e+09	4.76968e+09	5.21371e+09	4.50999e+09	5.33503e+09	5.95801e+09	5.34278e+09	5.4787e+09	5.38257e+09	6.01313e+09	4.41589e+09	4.59116e+09	5.57096e+09	4.6435e+09	5.62338e+09	4.72042e+09	4.49433e+09	4.38783e+09	4.49832e+09	4.154e+09	5.00385e+09	4.95315e+09	5.4092e+09	5.42837e+09	5.35293e+09	5.90891e+09	5.14564e+09	6.15922e+09	5.47723e+09	6.001e+09	6.20149e+09	5.3229e+09	5.18924e+09	6.22468e+09	4.74577e+09	4.85024e+09	4.60653e+09	4.13457e+09	5.18872e+09	4.81063e+09	4.20264e+09	5.61494e+09	4.95565e+09	5.02452e+09	5.38337e+09	5.03971e+09
ERR618551	5.88208e+09	5.59952e+09	5.89972e+09	5.60013e+09	6.17713e+09	6.19432e+09	5.9353e+09	6.01139e+09	6.33029e+09	5.97115e+09	5.90093e+09	5.82747e+09	6.43153e+09	6.84582e+09	6.84689e+09	6.01125e+09	6.43213e+09	6.53516e+09	4.23343e+09	5.16497e+09	4.21837e+09	5.66965e+09	5.39941e+09	4.05921e+09	5.9995e+09	6.14168e+09	5.9793e+09	4.69699e+09	6.02317e+09	5.81329e+09	6.35779e+09	7.15421e+09	7.15835e+09	6.47172e+09	6.81492e+09	6.4356e+09	6.14374e+09	5.01014e+09	5.99226e+09	5.96814e+09	6.44092e+09	6.67635e+09	6.52826e+09	6.8218e+09	6.79694e+09	6.84754e+09	6.92415e+09	6.75679e+09	5.37098e+09	4.85066e+09	4.87329e+09	5.11336e+09	5.5892e+09	4.8282e+09	5.7156e+09	6.38737e+09	5.72502e+09	5.86501e+09	5.76841e+09	6.44737e+09	4.68558e+09	4.8614e+09	5.93085e+09	4.91978e+09	5.98769e+09	5.00113e+09	4.75952e+09	4.65171e+09	4.76281e+09	4.39447e+09	5.31177e+09	5.25687e+09	5.76443e+09	5.78638e+09	5.70258e+09	6.31991e+09	5.47918e+09	6.58872e+09	5.85779e+09	6.44107e+09	6.65688e+09	5.68525e+09	5.5393e+09	6.68345e+09	5.03049e+09	5.1356e+09	4.87774e+09	4.36909e+09	5.5014e+09	5.09909e+09	4.4748e+09	6.01695e+09	5.28449e+09	5.3723e+09	5.76649e+09	5.37768e+09
ERR618549	6.09684e+09	5.79938e+09	6.11514e+09	5.79996e+09	6.19432e+09	6.64023e+09	6.16049e+09	6.24154e+09	6.57781e+09	6.19683e+09	6.12384e+09	6.04628e+09	6.68055e+09	7.11797e+09	7.11929e+09	6.23659e+09	6.68086e+09	6.7895e+09	4.36686e+09	5.34454e+09	4.35096e+09	5.87696e+09	5.59159e+09	4.18417e+09	6.22428e+09	6.37547e+09	6.20422e+09	4.85663e+09	6.2498e+09	6.02802e+09	6.60257e+09	7.4456e+09	7.44823e+09	6.72483e+09	7.08524e+09	6.68578e+09	6.37701e+09	5.18643e+09	6.21784e+09	6.19268e+09	6.69277e+09	6.94134e+09	6.78326e+09	7.09329e+09	7.0685e+09	7.12025e+09	7.20129e+09	7.02498e+09	5.56854e+09	5.02198e+09	5.04564e+09	5.29871e+09	5.79808e+09	4.99825e+09	5.92795e+09	6.63874e+09	5.93733e+09	6.08624e+09	5.98343e+09	6.70222e+09	4.84419e+09	5.03136e+09	6.15769e+09	5.09193e+09	6.21846e+09	5.1779e+09	4.92271e+09	4.81015e+09	4.92677e+09	4.54083e+09	5.50229e+09	5.44467e+09	5.98052e+09	6.00343e+09	5.91533e+09	6.56572e+09	5.67954e+09	6.84952e+09	6.0788e+09	6.69364e+09	6.92307e+09	5.89687e+09	5.74281e+09	6.95133e+09	5.20866e+09	5.31927e+09	5.04874e+09	4.5132e+09	5.70596e+09	5.2813e+09	4.62494e+09	6.2474e+09	5.47698e+09	5.56875e+09	5.98371e+09	5.57537e+09
ERR605661	5.84836e+09	5.56292e+09	5.86129e+09	5.56282e+09	5.9353e+09	6.16049e+09	6.5391e+09	6.40216e+09	6.73972e+09	6.35474e+09	6.28167e+09	6.20025e+09	6.4817e+09	6.92953e+09	6.92812e+09	6.0513e+09	6.48242e+09	6.59493e+09	4.42801e+09	5.41927e+09	4.41052e+09	5.95454e+09	5.66779e+09	4.24159e+09	5.99113e+09	6.1387e+09	5.98034e+09	4.6806e+09	6.02196e+09	5.80344e+09	6.46206e+09	7.28744e+09	7.29202e+09	6.57918e+09	6.92961e+09	6.53906e+09	6.28768e+09	5.12429e+09	6.1344e+09	6.10736e+09	6.60464e+09	6.84706e+09	6.61212e+09	6.92663e+09	6.89777e+09	6.95453e+09	7.03612e+09	6.8598e+09	5.46778e+09	4.94046e+09	4.96443e+09	5.20451e+09	5.69386e+09	4.91749e+09	5.84528e+09	6.53868e+09	5.85296e+09	6.00178e+09	5.89564e+09	6.60327e+09	4.9453e+09	5.14027e+09	6.26471e+09	5.20208e+09	6.32515e+09	5.28381e+09	4.91152e+09	4.80542e+09	4.91869e+09	4.53991e+09	5.47557e+09	5.42098e+09	6.03972e+09	6.06193e+09	5.97469e+09	6.6143e+09	5.74206e+09	6.8904e+09	6.01033e+09	6.60611e+09	6.82858e+09	5.83657e+09	5.68628e+09	6.85712e+09	5.2002e+09	5.30575e+09	5.04312e+09	4.51696e+09	5.68759e+09	5.27109e+09	4.6524e+09	6.24338e+09	5.49743e+09	5.57993e+09	5.98886e+09	5.59442e+09
ERR605660	5.92244e+09	5.63253e+09	5.93609e+09	5.6323e+09	6.01139e+09	6.24154e+09	6.40216e+09	6.71884e+09	6.83703e+09	6.44339e+09	6.36867e+09	6.28371e+09	6.56554e+09	7.02417e+09	7.02226e+09	6.1281e+09	6.56681e+09	6.68188e+09	4.47999e+09	5.49019e+09	4.46253e+09	6.03654e+09	5.74321e+09	4.29013e+09	6.06556e+09	6.21542e+09	6.05602e+09	4.73268e+09	6.09803e+09	5.87458e+09	6.54814e+09	7.39029e+09	7.39481e+09	6.66685e+09	7.02471e+09	6.62652e+09	6.37133e+09	5.18608e+09	6.21418e+09	6.18672e+09	6.69772e+09	6.94534e+09	6.69915e+09	7.01956e+09	6.99083e+09	7.04857e+09	7.13157e+09	6.952e+09	5.53847e+09	5.00184e+09	5.02611e+09	5.27141e+09	5.76883e+09	4.97859e+09	5.92302e+09	6.6312e+09	5.93016e+09	6.08274e+09	5.97348e+09	6.69753e+09	5.00615e+09	5.20875e+09	6.35447e+09	5.27137e+09	6.41572e+09	5.35399e+09	4.97525e+09	4.86766e+09	4.98321e+09	4.59826e+09	5.54918e+09	5.49395e+09	6.12395e+09	6.14602e+09	6.05697e+09	6.71049e+09	5.81955e+09	6.99241e+09	6.0925e+09	6.69957e+09	6.92833e+09	5.91563e+09	5.76212e+09	6.95674e+09	5.27286e+09	5.37985e+09	5.11287e+09	4.57568e+09	5.76855e+09	5.34583e+09	4.70814e+09	6.3292e+09	5.569e+09	5.65261e+09	6.06976e+09	5.66809e+09
ERR605659	6.23327e+09	5.92421e+09	6.25153e+09	5.9242e+09	6.33029e+09	6.57781e+09	6.73972e+09	6.83703e+09	7.45974e+09	6.78034e+09	6.7e+09	6.61251e+09	6.92843e+09	7.42596e+09	7.42397e+09	6.45086e+09	6.93001e+09	7.05329e+09	4.69383e+09	5.77732e+09	4.67559e+09	6.37041e+09	6.05151e+09	4.49099e+09	6.38979e+09	6.55161e+09	6.37747e+09	4.96013e+09	6.42355e+09	6.18229e+09	6.9093e+09	7.8264e+09	7.82914e+09	7.04e+09	7.42593e+09	6.99542e+09	6.70566e+09	5.43486e+09	6.5364e+09	6.50711e+09	7.06025e+09	7.33081e+09	7.07026e+09	7.41827e+09	7.38914e+09	7.44982e+09	7.54141e+09	7.34544e+09	5.81771e+09	5.24215e+09	5.2674e+09	5.53011e+09	6.06523e+09	5.21644e+09	6.23072e+09	6.99964e+09	6.23882e+09	6.40445e+09	6.2858e+09	7.07152e+09	5.24094e+09	5.45959e+09	6.6937e+09	5.52667e+09	6.7609e+09	5.61636e+09	5.22251e+09	5.10624e+09	5.23047e+09	4.82033e+09	5.83855e+09	5.77875e+09	6.44767e+09	6.4716e+09	6.37601e+09	7.08093e+09	6.11889e+09	7.38996e+09	6.41652e+09	7.07144e+09	7.32144e+09	6.22693e+09	6.06144e+09	7.35216e+09	5.53589e+09	5.65381e+09	5.36473e+09	4.79049e+09	6.07296e+09	5.61375e+09	4.926e+09	6.66612e+09	5.84836e+09	5.93654e+09	6.3852e+09	5.95444e+09
ERR605663	5.88511e+09	5.58345e+09	5.88757e+09	5.58307e+09	5.97115e+09	6.19683e+09	6.35474e+09	6.44339e+09	6.78034e+09	6.64508e+09	6.3447e+09	6.23276e+09	6.52754e+09	6.98336e+09	6.98036e+09	6.11016e+09	6.52885e+09	6.64745e+09	4.42631e+09	5.41635e+09	4.40764e+09	5.94585e+09	5.66453e+09	4.24183e+09	6.04824e+09	6.19371e+09	6.04068e+09	4.73998e+09	6.0824e+09	5.86194e+09	6.49975e+09	7.33358e+09	7.3475e+09	6.61144e+09	6.97748e+09	6.57154e+09	6.35872e+09	5.16951e+09	6.20264e+09	6.1756e+09	6.66884e+09	6.91298e+09	6.66526e+09	6.98571e+09	6.94824e+09	7.01437e+09	7.09488e+09	6.9176e+09	5.52445e+09	5.00463e+09	5.02921e+09	5.26873e+09	5.75354e+09	4.98063e+09	5.9033e+09	6.59011e+09	5.9118e+09	6.0537e+09	5.95514e+09	6.65549e+09	4.97572e+09	5.16397e+09	6.29182e+09	5.2267e+09	6.35139e+09	5.30422e+09	4.92678e+09	4.82945e+09	4.93444e+09	4.55659e+09	5.49372e+09	5.43912e+09	6.07125e+09	6.09503e+09	6.00557e+09	6.66059e+09	5.77244e+09	6.93068e+09	6.05801e+09	6.66893e+09	6.88721e+09	5.87919e+09	5.72729e+09	6.91735e+09	5.21908e+09	5.31633e+09	5.05947e+09	4.53254e+09	5.69625e+09	5.28962e+09	4.69514e+09	6.29982e+09	5.53644e+09	5.63232e+09	6.04888e+09	5.63615e+09
ERR605664	5.81645e+09	5.522e+09	5.82035e+09	5.52227e+09	5.90093e+09	6.12384e+09	6.28167e+09	6.36867e+09	6.7e+09	6.3447e+09	6.48843e+09	6.16406e+09	6.44789e+09	6.89515e+09	6.89207e+09	6.03456e+09	6.44893e+09	6.5651e+09	4.38529e+09	5.36216e+09	4.3674e+09	5.8852e+09	5.60687e+09	4.20296e+09	5.97221e+09	6.11584e+09	5.96453e+09	4.6813e+09	6.00516e+09	5.78856e+09	6.42186e+09	7.24011e+09	7.25207e+09	6.53221e+09	6.88958e+09	6.49241e+09	6.27885e+09	5.1118e+09	6.12615e+09	6.0994e+09	6.58546e+09	6.825e+09	6.58197e+09	6.89573e+09	6.86066e+09	6.9234e+09	7.00339e+09	6.82943e+09	5.45648e+09	4.9436e+09	4.96695e+09	5.20355e+09	5.68154e+09	4.9199e+09	5.82991e+09	6.50785e+09	5.83824e+09	5.97939e+09	5.88091e+09	6.57227e+09	4.92325e+09	5.1114e+09	6.22106e+09	5.17293e+09	6.27961e+09	5.24981e+09	4.8762e+09	4.7784e+09	4.88386e+09	4.51045e+09	5.43427e+09	5.3808e+09	6.00403e+09	6.02707e+09	5.93916e+09	6.58125e+09	5.70954e+09	6.84843e+09	5.98514e+09	6.58329e+09	6.79909e+09	5.80909e+09	5.6606e+09	6.82767e+09	5.16493e+09	5.26183e+09	5.0082e+09	4.48796e+09	5.63708e+09	5.2347e+09	4.64392e+09	6.22186e+09	5.47373e+09	5.56561e+09	5.97445e+09	5.57186e+09
ERR605662	5.74055e+09	5.46978e+09	5.76034e+09	5.4702e+09	5.82747e+09	6.04628e+09	6.20025e+09	6.28371e+09	6.61251e+09	6.23276e+09	6.16406e+09	6.30913e+09	6.35368e+09	6.78796e+09	6.78717e+09	5.92704e+09	6.35416e+09	6.46167e+09	4.37094e+09	5.34372e+09	4.35448e+09	5.86976e+09	5.58674e+09	4.18672e+09	5.86733e+09	6.01163e+09	5.85598e+09	4.58194e+09	5.8967e+09	5.68297e+09	6.34086e+09	7.14053e+09	7.1411e+09	6.4564e+09	6.79092e+09	6.41682e+09	6.15622e+09	5.02834e+09	6.007e+09	5.98105e+09	6.46904e+09	6.70486e+09	6.47616e+09	6.78014e+09	6.75608e+09	6.80777e+09	6.88758e+09	6.71609e+09	5.35249e+09	4.83537e+09	4.85807e+09	5.09128e+09	5.57255e+09	4.81314e+09	5.72312e+09	6.40429e+09	5.73015e+09	5.87953e+09	5.7721e+09	6.46682e+09	4.86069e+09	5.06036e+09	6.15676e+09	5.1202e+09	6.21477e+09	5.20114e+09	4.8316e+09	4.72476e+09	4.83948e+09	4.46826e+09	5.38321e+09	5.33041e+09	5.93031e+09	5.95096e+09	5.86703e+09	6.48533e+09	5.63856e+09	6.75692e+09	5.89095e+09	6.46479e+09	6.68378e+09	5.72361e+09	5.5768e+09	6.71037e+09	5.11698e+09	5.22427e+09	4.96443e+09	4.4482e+09	5.59793e+09	5.18685e+09	4.56502e+09	6.11493e+09	5.39425e+09	5.46778e+09	5.86607e+09	5.48872e+09
ERR636646	6.32923e+09	6.0051e+09	6.34189e+09	6.00692e+09	6.43153e+09	6.68055e+09	6.4817e+09	6.56554e+09	6.92843e+09	6.52754e+09	6.44789e+09	6.35368e+09	7.564e+09	7.81999e+09	7.82259e+09	6.8769e+09	7.35839e+09	7.47652e+09	4.47627e+09	5.49545e+09	4.46075e+09	6.05315e+09	5.75456e+09	4.28798e+09	6.7135e+09	6.87534e+09	6.68872e+09	5.22789e+09	6.74063e+09	6.5011e+09	7.07334e+09	7.99382e+09	8.00147e+09	7.20606e+09	7.60984e+09	7.16335e+09	6.7446e+09	5.45291e+09	6.57372e+09	6.54822e+09	7.07407e+09	7.33862e+09	7.33162e+09	7.65285e+09	7.62704e+09	7.68215e+09	7.76316e+09	7.58273e+09	6.0323e+09	5.43356e+09	5.45982e+09	5.74476e+09	6.28687e+09	5.4063e+09	6.41799e+09	7.19794e+09	6.42882e+09	6.58458e+09	6.4778e+09	7.26878e+09	5.05973e+09	5.24429e+09	6.45866e+09	5.31009e+09	6.52413e+09	5.40287e+09	5.1646e+09	5.04897e+09	5.16877e+09	4.75705e+09	5.7908e+09	5.7269e+09	6.33393e+09	6.35988e+09	6.2625e+09	6.98234e+09	6.00634e+09	7.2906e+09	6.53152e+09	7.22655e+09	7.47506e+09	6.32592e+09	6.15778e+09	7.50726e+09	5.46983e+09	5.58491e+09	5.29674e+09	4.7233e+09	6.00256e+09	5.54658e+09	4.92463e+09	6.71539e+09	5.84885e+09	5.96706e+09	6.42531e+09	5.9594e+09
ERR636648	6.73467e+09	6.38059e+09	6.74847e+09	6.38252e+09	6.84582e+09	7.11797e+09	6.92953e+09	7.02417e+09	7.42596e+09	6.98336e+09	6.89515e+09	6.78796e+09	7.81999e+09	8.59404e+09	8.35823e+09	7.28656e+09	7.82018e+09	7.96042e+09	4.77608e+09	5.89552e+09	4.75853e+09	6.51462e+09	6.18329e+09	4.57053e+09	7.11362e+09	7.29243e+09	7.08908e+09	5.51097e+09	7.14465e+09	6.88121e+09	7.5349e+09	8.56367e+09	8.57548e+09	7.68083e+09	8.13025e+09	7.63331e+09	7.18054e+09	5.77079e+09	6.9928e+09	6.96419e+09	7.54615e+09	7.84174e+09	7.80405e+09	8.17488e+09	8.14135e+09	8.20874e+09	8.3017e+09	8.09397e+09	6.37699e+09	5.73303e+09	5.76127e+09	6.067e+09	6.65386e+09	5.7035e+09	6.81792e+09	7.67262e+09	6.83053e+09	6.99869e+09	6.88374e+09	7.75084e+09	5.3759e+09	5.5784e+09	6.90351e+09	5.64996e+09	6.97552e+09	5.75027e+09	5.5095e+09	5.38548e+09	5.51439e+09	5.06907e+09	6.19122e+09	6.12094e+09	6.76713e+09	6.79564e+09	6.68866e+09	7.47826e+09	6.4093e+09	7.81861e+09	6.95864e+09	7.72132e+09	7.99633e+09	6.73577e+09	6.55208e+09	8.03241e+09	5.81814e+09	5.94399e+09	5.63049e+09	5.01069e+09	6.39841e+09	5.90208e+09	5.2148e+09	7.15467e+09	6.21009e+09	6.33938e+09	6.83715e+09	6.33062e+09
ERR636643	6.73513e+09	6.38195e+09	6.74993e+09	6.38416e+09	6.84689e+09	7.11929e+09	6.92812e+09	7.02226e+09	7.42397e+09	6.98036e+09	6.89207e+09	6.78717e+09	7.82259e+09	8.35823e+09	8.59989e+09	7.28864e+09	7.82206e+09	7.96429e+09	4.77566e+09	5.89611e+09	4.75796e+09	6.51623e+09	6.18424e+09	4.56961e+09	7.1143e+09	7.29335e+09	7.08873e+09	5.50932e+09	7.14444e+09	6.88133e+09	7.53689e+09	8.56768e+09	8.57814e+09	7.68477e+09	8.13312e+09	7.63695e+09	7.17879e+09	5.7704e+09	6.99113e+09	6.96181e+09	7.54456e+09	7.84018e+09	7.80517e+09	8.17621e+09	8.14325e+09	8.20972e+09	8.30322e+09	8.09514e+09	6.37808e+09	5.73266e+09	5.76078e+09	6.06705e+09	6.65516e+09	5.70336e+09	6.82e+09	7.67673e+09	6.83212e+09	7.00108e+09	6.88545e+09	7.75514e+09	5.37673e+09	5.57926e+09	6.90695e+09	5.65073e+09	6.97895e+09	5.75199e+09	5.5121e+09	5.38699e+09	5.51693e+09	5.07102e+09	6.19504e+09	6.12465e+09	6.77034e+09	6.7985e+09	6.69187e+09	7.48132e+09	6.41227e+09	7.82306e+09	6.96023e+09	7.72386e+09	7.99935e+09	6.73758e+09	6.55341e+09	8.03543e+09	5.82118e+09	5.94804e+09	5.63361e+09	5.01247e+09	6.40378e+09	5.90506e+09	5.21493e+09	7.1569e+09	6.21174e+09	6.34077e+09	6.83868e+09	6.33271e+09
ERR636645	5.92371e+09	5.60773e+09	5.91591e+09	5.60885e+09	6.01125e+09	6.23659e+09	6.0513e+09	6.1281e+09	6.45086e+09	6.11016e+09	6.03456e+09	5.92704e+09	6.8769e+09	7.28656e+09	7.28864e+09	6.66101e+09	6.87734e+09	6.99226e+09	4.16165e+09	5.07281e+09	4.14602e+09	5.55974e+09	5.30353e+09	3.99426e+09	6.32385e+09	6.46529e+09	6.30395e+09	4.97512e+09	6.35033e+09	6.13525e+09	6.59626e+09	7.41687e+09	7.4354e+09	6.7062e+09	7.08614e+09	6.6697e+09	6.34684e+09	5.15195e+09	6.19115e+09	6.16799e+09	6.63214e+09	6.8677e+09	6.8677e+09	7.15235e+09	7.12029e+09	7.17786e+09	7.24677e+09	7.0909e+09	5.7106e+09	5.16885e+09	5.19314e+09	5.45622e+09	5.9434e+09	5.14265e+09	6.04652e+09	6.73565e+09	6.05817e+09	6.18894e+09	6.10276e+09	6.79982e+09	4.75766e+09	4.90543e+09	6.00672e+09	4.96715e+09	6.06406e+09	5.04704e+09	4.81796e+09	4.72195e+09	4.82112e+09	4.44667e+09	5.38459e+09	5.32845e+09	5.9073e+09	5.93338e+09	5.84218e+09	6.50584e+09	5.61378e+09	6.77187e+09	6.12489e+09	6.76797e+09	6.98375e+09	5.9321e+09	5.77886e+09	7.01398e+09	5.10521e+09	5.19555e+09	4.94509e+09	4.42532e+09	5.56867e+09	5.17248e+09	4.66123e+09	6.30538e+09	5.50181e+09	5.62662e+09	6.04798e+09	5.60459e+09
ERR636647	6.32962e+09	6.0055e+09	6.34218e+09	6.00708e+09	6.43213e+09	6.68086e+09	6.48242e+09	6.56681e+09	6.93001e+09	6.52885e+09	6.44893e+09	6.35416e+09	7.35839e+09	7.82018e+09	7.82206e+09	6.87734e+09	7.56376e+09	7.47628e+09	4.47656e+09	5.49524e+09	4.46099e+09	6.05272e+09	5.75483e+09	4.28829e+09	6.71483e+09	6.87636e+09	6.68994e+09	5.22946e+09	6.74208e+09	6.50243e+09	7.0736e+09	7.99436e+09	8.00272e+09	7.2063e+09	7.61066e+09	7.1634e+09	6.74666e+09	5.45433e+09	6.57567e+09	6.54983e+09	7.07607e+09	7.34088e+09	7.33205e+09	7.65318e+09	7.62768e+09	7.68263e+09	7.76353e+09	7.58347e+09	6.03397e+09	5.43504e+09	5.46118e+09	5.74677e+09	6.28899e+09	5.40837e+09	6.41956e+09	7.19856e+09	6.43068e+09	6.58572e+09	6.47949e+09	7.26956e+09	5.06038e+09	5.24424e+09	6.45889e+09	5.31056e+09	6.52421e+09	5.40286e+09	5.16573e+09	5.05002e+09	5.16961e+09	4.75845e+09	5.79162e+09	5.72762e+09	6.33509e+09	6.36141e+09	6.26396e+09	6.98341e+09	6.00806e+09	7.29171e+09	6.53272e+09	7.22844e+09	7.4769e+09	6.32747e+09	6.15898e+09	7.50889e+09	5.47041e+09	5.5854e+09	5.29728e+09	4.72376e+09	6.0022e+09	5.54705e+09	4.92595e+09	6.71697e+09	5.85001e+09	5.9692e+09	6.42671e+09	5.96092e+09
ERR636644	6.43232e+09	6.0945e+09	6.43893e+09	6.0962e+09	6.53516e+09	6.7895e+09	6.59493e+09	6.68188e+09	7.05329e+09	6.64745e+09	6.5651e+09	6.46167e+09	7.47652e+09	7.96042e+09	7.96429e+09	6.99226e+09	7.47628e+09	7.82044e+09	4.54383e+09	5.58363e+09	4.52729e+09	6.15146e+09	5.84879e+09	4.35216e+09	6.82485e+09	6.99013e+09	6.79997e+09	5.31253e+09	6.853e+09	6.60787e+09	7.18641e+09	8.13411e+09	8.14736e+09	7.31993e+09	7.7403e+09	7.27634e+09	6.86628e+09	5.53992e+09	6.69104e+09	6.66422e+09	7.20182e+09	7.47415e+09	7.45976e+09	7.79507e+09	7.76435e+09	7.82522e+09	7.90884e+09	7.72232e+09	6.13154e+09	5.52269e+09	5.54946e+09	5.84088e+09	6.39201e+09	5.49469e+09	6.53027e+09	7.32512e+09	6.54199e+09	6.69761e+09	6.59224e+09	7.39823e+09	5.13996e+09	5.32296e+09	6.56365e+09	5.39077e+09	6.63038e+09	5.4842e+09	5.24777e+09	5.13274e+09	5.25183e+09	4.83294e+09	5.88658e+09	5.82137e+09	6.44237e+09	6.46949e+09	6.36896e+09	7.10941e+09	6.10904e+09	7.4224e+09	6.64628e+09	7.36281e+09	7.61634e+09	6.43483e+09	6.26292e+09	7.64983e+09	5.54976e+09	5.66385e+09	5.3732e+09	4.7898e+09	6.0883e+09	5.62802e+09	5.0059e+09	6.83644e+09	5.94503e+09	6.07147e+09	6.54023e+09	6.05866e+09
ERR613219	4.16866e+09	4.01978e+09	4.20329e+09	4.0221e+09	4.23343e+09	4.36686e+09	4.42801e+09	4.47999e+09	4.69383e+09	4.42631e+09	4.38529e+09	4.37094e+09	4.47627e+09	4.77608e+09	4.77566e+09	4.16165e+09	4.47656e+09	4.54383e+09	3.71405e+09	4.25521e+09	3.55204e+09	4.62246e+09	4.42149e+09	3.42699e+09	4.10811e+09	4.2095e+09	4.09968e+09	3.24907e+09	4.12589e+09	3.98553e+09	4.52916e+09	5.05015e+09	5.04165e+09	4.60969e+09	4.81131e+09	4.5824e+09	4.33242e+09	3.61172e+09	4.2341e+09	4.21734e+09	4.5478e+09	4.70644e+09	4.56011e+09	4.76936e+09	4.75711e+09	4.78845e+09	4.84697e+09	4.72416e+09	3.77506e+09	3.41943e+09	3.43469e+09	3.5859e+09	3.91821e+09	3.40838e+09	4.09157e+09	4.54774e+09	4.09523e+09	4.20307e+09	4.12356e+09	4.58948e+09	3.64825e+09	3.8051e+09	4.51622e+09	3.84296e+09	4.55372e+09	3.90321e+09	3.68316e+09	3.59349e+09	3.68776e+09	3.43068e+09	4.0516e+09	4.01452e+09	4.3349e+09	4.34718e+09	4.29674e+09	4.68027e+09	4.14483e+09	4.86632e+09	4.24068e+09	4.59202e+09	4.73994e+09	4.14263e+09	4.04737e+09	4.75716e+09	3.82656e+09	3.91467e+09	3.72827e+09	3.3879e+09	4.15557e+09	3.87584e+09	3.3643e+09	4.3662e+09	3.91522e+09	3.94229e+09	4.19738e+09	3.97387e+09
ERR613217	5.07911e+09	4.8859e+09	5.12924e+09	4.88823e+09	5.16497e+09	5.34454e+09	5.41927e+09	5.49019e+09	5.77732e+09	5.41635e+09	5.36216e+09	5.34372e+09	5.49545e+09	5.89552e+09	5.89611e+09	5.07281e+09	5.49524e+09	5.58363e+09	4.25521e+09	5.37997e+09	4.23899e+09	5.68149e+09	5.40757e+09	4.07561e+09	5.01108e+09	5.14603e+09	5e+09	3.90186e+09	5.03489e+09	4.84906e+09	5.56949e+09	6.27188e+09	6.25739e+09	5.68076e+09	5.94754e+09	5.64313e+09	5.2902e+09	4.34995e+09	5.16112e+09	5.13843e+09	5.58136e+09	5.79374e+09	5.60465e+09	5.88383e+09	5.87199e+09	5.90979e+09	5.98963e+09	5.82473e+09	4.58087e+09	4.12322e+09	4.1427e+09	4.33655e+09	4.7692e+09	4.10853e+09	4.99174e+09	5.60409e+09	4.9956e+09	5.14129e+09	5.03256e+09	5.66019e+09	4.38897e+09	4.59866e+09	5.54476e+09	4.64822e+09	5.596e+09	4.72785e+09	4.45626e+09	4.34094e+09	4.46343e+09	4.13016e+09	4.94284e+09	4.89333e+09	5.30956e+09	5.32473e+09	5.25807e+09	5.76976e+09	5.05507e+09	6.02209e+09	5.19159e+09	5.65983e+09	5.86074e+09	5.06159e+09	4.93495e+09	5.88419e+09	4.64933e+09	4.76745e+09	4.51995e+09	4.07307e+09	5.08999e+09	4.71438e+09	4.03423e+09	5.34765e+09	4.75237e+09	4.78672e+09	5.12221e+09	4.82981e+09
ERR613220	4.15318e+09	4.00638e+09	4.18845e+09	4.00859e+09	4.21837e+09	4.35096e+09	4.41052e+09	4.46253e+09	4.67559e+09	4.40764e+09	4.3674e+09	4.35448e+09	4.46075e+09	4.75853e+09	4.75796e+09	4.14602e+09	4.46099e+09	4.52729e+09	3.55204e+09	4.23899e+09	3.68784e+09	4.60559e+09	4.40537e+09	3.41456e+09	4.09194e+09	4.19285e+09	4.08333e+09	3.23525e+09	4.1095e+09	3.96942e+09	4.51268e+09	5.03108e+09	5.02271e+09	4.59386e+09	4.79311e+09	4.56615e+09	4.31413e+09	3.5974e+09	4.21661e+09	4.1999e+09	4.52972e+09	4.68783e+09	4.54265e+09	4.75042e+09	4.73906e+09	4.76964e+09	4.82818e+09	4.70571e+09	3.76119e+09	3.40707e+09	3.42185e+09	3.57278e+09	3.90465e+09	3.39595e+09	4.0764e+09	4.53153e+09	4.07971e+09	4.18789e+09	4.1083e+09	4.57294e+09	3.63439e+09	3.79173e+09	4.49969e+09	3.8298e+09	4.53693e+09	3.88987e+09	3.67072e+09	3.58071e+09	3.67564e+09	3.41976e+09	4.03796e+09	4.00091e+09	4.31854e+09	4.33019e+09	4.28071e+09	4.66204e+09	4.12916e+09	4.84783e+09	4.22531e+09	4.5746e+09	4.72218e+09	4.12802e+09	4.03307e+09	4.73987e+09	3.81529e+09	3.90359e+09	3.7172e+09	3.37822e+09	4.14381e+09	3.86463e+09	3.35109e+09	4.34874e+09	3.90032e+09	3.92667e+09	4.17994e+09	3.95911e+09
ERR613215	5.5697e+09	5.35669e+09	5.63374e+09	5.35879e+09	5.66965e+09	5.87696e+09	5.95454e+09	6.03654e+09	6.37041e+09	5.94585e+09	5.8852e+09	5.86976e+09	6.05315e+09	6.51462e+09	6.51623e+09	5.55974e+09	6.05272e+09	6.15146e+09	4.62246e+09	5.68149e+09	4.60559e+09	6.5038e+09	5.94679e+09	4.41932e+09	5.49737e+09	5.65229e+09	5.48307e+09	4.24209e+09	5.52291e+09	5.31062e+09	6.14075e+09	6.96067e+09	6.93725e+09	6.27446e+09	6.57651e+09	6.23108e+09	5.80093e+09	4.74145e+09	5.65407e+09	5.6272e+09	6.13863e+09	6.38453e+09	6.17153e+09	6.49404e+09	6.48568e+09	6.5247e+09	6.61804e+09	6.42518e+09	5.00631e+09	4.48864e+09	4.51055e+09	4.7292e+09	5.21943e+09	4.47178e+09	5.4708e+09	6.18102e+09	5.47485e+09	5.64399e+09	5.51661e+09	6.24591e+09	4.77983e+09	5.02307e+09	6.11013e+09	5.07924e+09	6.17076e+09	5.17178e+09	4.87137e+09	4.73837e+09	4.87888e+09	4.50335e+09	5.42766e+09	5.37089e+09	5.84145e+09	5.85805e+09	5.78239e+09	6.36859e+09	5.54742e+09	6.66825e+09	5.70363e+09	6.23942e+09	6.47651e+09	5.55652e+09	5.4115e+09	6.50209e+09	5.09427e+09	5.23403e+09	4.94786e+09	4.43628e+09	5.60892e+09	5.16898e+09	4.38343e+09	5.87576e+09	5.19871e+09	5.23365e+09	5.61493e+09	5.28679e+09
ERR613216	5.30826e+09	5.10297e+09	5.36205e+09	5.10577e+09	5.39941e+09	5.59159e+09	5.66779e+09	5.74321e+09	6.05151e+09	5.66453e+09	5.60687e+09	5.58674e+09	5.75456e+09	6.18329e+09	6.18424e+09	5.30353e+09	5.75483e+09	5.84879e+09	4.42149e+09	5.40757e+09	4.40537e+09	5.94679e+09	5.86384e+09	4.23149e+09	5.24165e+09	5.38537e+09	5.2289e+09	4.0671e+09	5.26591e+09	5.06819e+09	5.83288e+09	6.58785e+09	6.57074e+09	5.95253e+09	6.23764e+09	5.91285e+09	5.53206e+09	4.53578e+09	5.39488e+09	5.3704e+09	5.84314e+09	6.07071e+09	5.87113e+09	6.17081e+09	6.15922e+09	6.19886e+09	6.28424e+09	6.10694e+09	4.78301e+09	4.29957e+09	4.31992e+09	4.52569e+09	4.98327e+09	4.28395e+09	5.21844e+09	5.87291e+09	5.22262e+09	5.37708e+09	5.26173e+09	5.93261e+09	4.57089e+09	4.79344e+09	5.803e+09	4.84603e+09	5.85801e+09	4.93107e+09	4.64686e+09	4.52527e+09	4.65454e+09	4.30257e+09	5.16489e+09	5.11238e+09	5.55367e+09	5.5703e+09	5.49894e+09	6.04561e+09	5.28334e+09	6.31749e+09	5.43047e+09	5.93094e+09	6.1471e+09	5.29193e+09	5.15751e+09	6.17202e+09	4.85202e+09	4.97844e+09	4.71549e+09	4.23967e+09	5.32325e+09	4.922e+09	4.2005e+09	5.59617e+09	4.96166e+09	4.99918e+09	5.35478e+09	5.0444e+09
ERR613218	3.99844e+09	3.85546e+09	4.02879e+09	3.85755e+09	4.05921e+09	4.18417e+09	4.24159e+09	4.29013e+09	4.49099e+09	4.24183e+09	4.20296e+09	4.18672e+09	4.28798e+09	4.57053e+09	4.56961e+09	3.99426e+09	4.28829e+09	4.35216e+09	3.42699e+09	4.07561e+09	3.41456e+09	4.41932e+09	4.23149e+09	3.43964e+09	3.94494e+09	4.03971e+09	3.9365e+09	3.13314e+09	3.96125e+09	3.82948e+09	4.33554e+09	4.82614e+09	4.82018e+09	4.41094e+09	4.60325e+09	4.38526e+09	4.15737e+09	3.4739e+09	4.06491e+09	4.04899e+09	4.3576e+09	4.50695e+09	4.37005e+09	4.56699e+09	4.55368e+09	4.58476e+09	4.64012e+09	4.524e+09	3.62972e+09	3.29351e+09	3.3078e+09	3.4518e+09	3.76507e+09	3.28289e+09	3.92809e+09	4.35585e+09	3.93182e+09	4.03167e+09	3.95883e+09	4.39504e+09	3.50777e+09	3.65111e+09	4.32218e+09	3.68787e+09	4.35735e+09	3.74379e+09	3.53537e+09	3.45115e+09	3.53941e+09	3.29646e+09	3.8824e+09	3.848e+09	4.15265e+09	4.16457e+09	4.11631e+09	4.47973e+09	3.97399e+09	4.65393e+09	4.06591e+09	4.39864e+09	4.53665e+09	3.97246e+09	3.88309e+09	4.55385e+09	3.6671e+09	3.74922e+09	3.57436e+09	3.25492e+09	3.97515e+09	3.71357e+09	3.24061e+09	4.18704e+09	3.75929e+09	3.78773e+09	4.02832e+09	3.81465e+09
ERR608742	5.91194e+09	5.59643e+09	5.90441e+09	5.59617e+09	5.9995e+09	6.22428e+09	5.99113e+09	6.06556e+09	6.38979e+09	6.04824e+09	5.97221e+09	5.86733e+09	6.7135e+09	7.11362e+09	7.1143e+09	6.32385e+09	6.71483e+09	6.82485e+09	4.10811e+09	5.01108e+09	4.09194e+09	5.49737e+09	5.24165e+09	3.94494e+09	6.59286e+09	6.54523e+09	6.38119e+09	5.03352e+09	6.42796e+09	6.20931e+09	6.55097e+09	7.37024e+09	7.39038e+09	6.66027e+09	7.04109e+09	6.62555e+09	6.32418e+09	5.13333e+09	6.16877e+09	6.14583e+09	6.6063e+09	6.84274e+09	6.84814e+09	7.13515e+09	7.10126e+09	7.16033e+09	7.23107e+09	7.07032e+09	5.60833e+09	5.07134e+09	5.09464e+09	5.35661e+09	5.83822e+09	5.04466e+09	5.88538e+09	6.56258e+09	5.89683e+09	6.0242e+09	5.94171e+09	6.62461e+09	4.67781e+09	4.81828e+09	5.91621e+09	4.8784e+09	5.97418e+09	4.95881e+09	4.68836e+09	4.59377e+09	4.6905e+09	4.3226e+09	5.24609e+09	5.19127e+09	5.75298e+09	5.77758e+09	5.68813e+09	6.34322e+09	5.46495e+09	6.60611e+09	5.96339e+09	6.59596e+09	6.80821e+09	5.77434e+09	5.62371e+09	6.83832e+09	4.97556e+09	5.06529e+09	4.81884e+09	4.30681e+09	5.4353e+09	5.04286e+09	4.53806e+09	6.15333e+09	5.36237e+09	5.48408e+09	5.89878e+09	5.46169e+09
ERR608741	6.05061e+09	5.72877e+09	6.04618e+09	5.7287e+09	6.14168e+09	6.37547e+09	6.1387e+09	6.21542e+09	6.55161e+09	6.19371e+09	6.11584e+09	6.01163e+09	6.87534e+09	7.29243e+09	7.29335e+09	6.46529e+09	6.87636e+09	6.99013e+09	4.2095e+09	5.14603e+09	4.19285e+09	5.65229e+09	5.38537e+09	4.03971e+09	6.54523e+09	6.89404e+09	6.5221e+09	5.13212e+09	6.57108e+09	6.34638e+09	6.71198e+09	7.56298e+09	7.58215e+09	6.82711e+09	7.2197e+09	6.79043e+09	6.4685e+09	5.24088e+09	6.30772e+09	6.28302e+09	6.76385e+09	7.01005e+09	7.01399e+09	7.31242e+09	7.27973e+09	7.33867e+09	7.41322e+09	7.24573e+09	5.7261e+09	5.1709e+09	5.19528e+09	5.46503e+09	5.96365e+09	5.14393e+09	6.01593e+09	6.72173e+09	6.02752e+09	6.16183e+09	6.07361e+09	6.78638e+09	4.77885e+09	4.92854e+09	6.06337e+09	4.99041e+09	6.12358e+09	5.07469e+09	4.80024e+09	4.70137e+09	4.80284e+09	4.42327e+09	5.37673e+09	5.3192e+09	5.89246e+09	5.91743e+09	5.82615e+09	6.50161e+09	5.59496e+09	6.77612e+09	6.10335e+09	6.75656e+09	6.97865e+09	5.90916e+09	5.75365e+09	7.00932e+09	5.09197e+09	5.18703e+09	4.93007e+09	4.40193e+09	5.57048e+09	5.16142e+09	4.6307e+09	6.29714e+09	5.48197e+09	5.605e+09	6.03279e+09	5.58449e+09
ERR608743	5.89337e+09	5.57719e+09	5.88404e+09	5.57737e+09	5.9793e+09	6.20422e+09	5.98034e+09	6.05602e+09	6.37747e+09	6.04068e+09	5.96453e+09	5.85598e+09	6.68872e+09	7.08908e+09	7.08873e+09	6.30395e+09	6.68994e+09	6.79997e+09	4.09968e+09	5e+09	4.08333e+09	5.48307e+09	5.2289e+09	3.9365e+09	6.38119e+09	6.5221e+09	6.55055e+09	5.0199e+09	6.40804e+09	6.18862e+09	6.52858e+09	7.34294e+09	7.36448e+09	6.63557e+09	7.01635e+09	6.60069e+09	6.31002e+09	5.12172e+09	6.15545e+09	6.13188e+09	6.59162e+09	6.82668e+09	6.82536e+09	7.11145e+09	7.07734e+09	7.13554e+09	7.20613e+09	7.04761e+09	5.59336e+09	5.06223e+09	5.08543e+09	5.34541e+09	5.82318e+09	5.03534e+09	5.8699e+09	6.54376e+09	5.88127e+09	6.00797e+09	5.92572e+09	6.6054e+09	4.66784e+09	4.80982e+09	5.90257e+09	4.8698e+09	5.95939e+09	4.94901e+09	4.67731e+09	4.58506e+09	4.67988e+09	4.31401e+09	5.23231e+09	5.17806e+09	5.73815e+09	5.76287e+09	5.67385e+09	6.32799e+09	5.45171e+09	6.58818e+09	5.94825e+09	6.5791e+09	6.79006e+09	5.76025e+09	5.60965e+09	6.82061e+09	4.96447e+09	5.05195e+09	4.80816e+09	4.29679e+09	5.4208e+09	5.03186e+09	4.52848e+09	6.13709e+09	5.34945e+09	5.47163e+09	5.88526e+09	5.44879e+09
ERR608739	4.63684e+09	4.38898e+09	4.61493e+09	4.38961e+09	4.69699e+09	4.85663e+09	4.6806e+09	4.73268e+09	4.96013e+09	4.73998e+09	4.6813e+09	4.58194e+09	5.22789e+09	5.51097e+09	5.50932e+09	4.97512e+09	5.22946e+09	5.31253e+09	3.24907e+09	3.90186e+09	3.23525e+09	4.24209e+09	4.0671e+09	3.13314e+09	5.03352e+09	5.13212e+09	5.0199e+09	4.21168e+09	5.05235e+09	4.90441e+09	5.09477e+09	5.67483e+09	5.69961e+09	5.16426e+09	5.45166e+09	5.14085e+09	4.9698e+09	4.09486e+09	4.85872e+09	4.84181e+09	5.15603e+09	5.32236e+09	5.33828e+09	5.54068e+09	5.50767e+09	5.55815e+09	5.60571e+09	5.49452e+09	4.46002e+09	4.08075e+09	4.09726e+09	4.28896e+09	4.62497e+09	4.06074e+09	4.65114e+09	5.1168e+09	4.66127e+09	4.74002e+09	4.69412e+09	5.16117e+09	3.72886e+09	3.8079e+09	4.60042e+09	3.85273e+09	4.64005e+09	3.90784e+09	3.70222e+09	3.64117e+09	3.70151e+09	3.42934e+09	4.11e+09	4.07055e+09	4.49668e+09	4.51619e+09	4.4501e+09	4.93226e+09	4.29201e+09	5.10953e+09	4.68512e+09	5.15042e+09	5.29254e+09	4.54328e+09	4.4357e+09	5.31564e+09	3.92033e+09	3.97279e+09	3.80305e+09	3.43063e+09	4.23629e+09	3.96752e+09	3.65381e+09	4.82814e+09	4.24356e+09	4.34911e+09	4.65138e+09	4.31712e+09
ERR608744	5.93566e+09	5.61728e+09	5.9273e+09	5.61765e+09	6.02317e+09	6.2498e+09	6.02196e+09	6.09803e+09	6.42355e+09	6.0824e+09	6.00516e+09	5.8967e+09	6.74063e+09	7.14465e+09	7.14444e+09	6.35033e+09	6.74208e+09	6.853e+09	4.12589e+09	5.03489e+09	4.1095e+09	5.52291e+09	5.26591e+09	3.96125e+09	6.42796e+09	6.57108e+09	6.40804e+09	5.05235e+09	6.64651e+09	6.23373e+09	6.57784e+09	7.40227e+09	7.42296e+09	6.68703e+09	7.07134e+09	6.65202e+09	6.3551e+09	5.15572e+09	6.19841e+09	6.17487e+09	6.64057e+09	6.87851e+09	6.87864e+09	7.16765e+09	7.13386e+09	7.19267e+09	7.26394e+09	7.10315e+09	5.63314e+09	5.09562e+09	5.11905e+09	5.3818e+09	5.86468e+09	5.06854e+09	5.91109e+09	6.5922e+09	5.92229e+09	6.05092e+09	5.96752e+09	6.6553e+09	4.69829e+09	4.84198e+09	5.94528e+09	4.90265e+09	6.00268e+09	4.9823e+09	4.70852e+09	4.61508e+09	4.71144e+09	4.34227e+09	5.26863e+09	5.21374e+09	5.77942e+09	5.80425e+09	5.71425e+09	6.37464e+09	5.48965e+09	6.63794e+09	5.99085e+09	6.62819e+09	6.8417e+09	5.80076e+09	5.64913e+09	6.87186e+09	4.99853e+09	5.08734e+09	4.84022e+09	4.32527e+09	5.4591e+09	5.06575e+09	4.55783e+09	6.18194e+09	5.38651e+09	5.50917e+09	5.92715e+09	5.48674e+09
ERR608740	5.73014e+09	5.42302e+09	5.71873e+09	5.42311e+09	5.81329e+09	6.02802e+09	5.80344e+09	5.87458e+09	6.18229e+09	5.86194e+09	5.78856e+09	5.68297e+09	6.5011e+09	6.88121e+09	6.88133e+09	6.13525e+09	6.50243e+09	6.60787e+09	3.98553e+09	4.84906e+09	3.96942e+09	5.31062e+09	5.06819e+09	3.82948e+09	6.20931e+09	6.34638e+09	6.18862e+09	4.90441e+09	6.23373e+09	6.20994e+09	6.34242e+09	7.12134e+09	7.1426e+09	6.44448e+09	6.8116e+09	6.41151e+09	6.13305e+09	4.9886e+09	5.98456e+09	5.96187e+09	6.39921e+09	6.62397e+09	6.63318e+09	6.90497e+09	6.87156e+09	6.92876e+09	6.99585e+09	6.84397e+09	5.45172e+09	4.93875e+09	4.96073e+09	5.2124e+09	5.6716e+09	4.91252e+09	5.71358e+09	6.35731e+09	5.72521e+09	5.84514e+09	5.76846e+09	6.41652e+09	4.54397e+09	4.6745e+09	5.72631e+09	4.73281e+09	5.78076e+09	4.80909e+09	4.54746e+09	4.45853e+09	4.54893e+09	4.19567e+09	5.08224e+09	5.02991e+09	5.57258e+09	5.59676e+09	5.51069e+09	6.14065e+09	5.29784e+09	6.38914e+09	5.78398e+09	6.39168e+09	6.5917e+09	5.60157e+09	5.45727e+09	6.62157e+09	4.82562e+09	4.9088e+09	4.67424e+09	4.1834e+09	5.26225e+09	4.88942e+09	4.41678e+09	5.96702e+09	5.20638e+09	5.32699e+09	5.72557e+09	5.30227e+09
ERR607266	6.25435e+09	5.94862e+09	6.27861e+09	5.94843e+09	6.35779e+09	6.60257e+09	6.46206e+09	6.54814e+09	6.9093e+09	6.49975e+09	6.42186e+09	6.34086e+09	7.07334e+09	7.5349e+09	7.53689e+09	6.59626e+09	7.0736e+09	7.18641e+09	4.52916e+09	5.56949e+09	4.51268e+09	6.14075e+09	5.83288e+09	4.33554e+09	6.55097e+09	6.71198e+09	6.52858e+09	5.09477e+09	6.57784e+09	6.34242e+09	7.32424e+09	8.02408e+09	8.02485e+09	7.23937e+09	7.63039e+09	7.19601e+09	6.62452e+09	5.36334e+09	6.45594e+09	6.43038e+09	6.95925e+09	7.2209e+09	7.20312e+09	7.53029e+09	7.50704e+09	7.56019e+09	7.64594e+09	7.45884e+09	5.9357e+09	5.34921e+09	5.37503e+09	5.64627e+09	6.18431e+09	5.32278e+09	6.30816e+09	7.07322e+09	6.31807e+09	6.47869e+09	6.36631e+09	7.14257e+09	5.11419e+09	5.31702e+09	6.52802e+09	5.3816e+09	6.59394e+09	5.47499e+09	5.19293e+09	5.07055e+09	5.19832e+09	4.78776e+09	5.81215e+09	5.75011e+09	6.32318e+09	6.34767e+09	6.25415e+09	6.95096e+09	5.99954e+09	7.25882e+09	6.45353e+09	7.11807e+09	7.36205e+09	6.25966e+09	6.09332e+09	7.39334e+09	5.51495e+09	5.63714e+09	5.34367e+09	4.77123e+09	6.05544e+09	5.59209e+09	4.88519e+09	6.62856e+09	5.80011e+09	5.89904e+09	6.34573e+09	5.90688e+09
ERR607264	7.03226e+09	6.67197e+09	7.06107e+09	6.67233e+09	7.15421e+09	7.4456e+09	7.28744e+09	7.39029e+09	7.8264e+09	7.33358e+09	7.24011e+09	7.14053e+09	7.99382e+09	8.56367e+09	8.56768e+09	7.41687e+09	7.99436e+09	8.13411e+09	5.05015e+09	6.27188e+09	5.03108e+09	6.96067e+09	6.58785e+09	4.82614e+09	7.37024e+09	7.56298e+09	7.34294e+09	5.67483e+09	7.40227e+09	7.12134e+09	8.02408e+09	9.44133e+09	9.17053e+09	8.19409e+09	8.67561e+09	8.13998e+09	7.46975e+09	5.98515e+09	7.26949e+09	7.23775e+09	7.87303e+09	8.19188e+09	8.14992e+09	8.5557e+09	8.52684e+09	8.59289e+09	8.69973e+09	8.46704e+09	6.64763e+09	5.96284e+09	5.99272e+09	6.31126e+09	6.94244e+09	5.93213e+09	7.09771e+09	8.01569e+09	7.10898e+09	7.29647e+09	7.16643e+09	8.10029e+09	5.70261e+09	5.93779e+09	7.36982e+09	6.01268e+09	7.44934e+09	6.12314e+09	5.8227e+09	5.68139e+09	5.82821e+09	5.35322e+09	6.54991e+09	6.47567e+09	7.13836e+09	7.16579e+09	7.05471e+09	7.88748e+09	6.75516e+09	8.26177e+09	7.27802e+09	8.07532e+09	8.37416e+09	7.04788e+09	6.8529e+09	8.41183e+09	6.17965e+09	6.32636e+09	5.98001e+09	5.3138e+09	6.82072e+09	6.27065e+09	5.44126e+09	7.48729e+09	6.50216e+09	6.62154e+09	7.14877e+09	6.62808e+09
ERR607265	7.03852e+09	6.66845e+09	7.05936e+09	6.67003e+09	7.15835e+09	7.44823e+09	7.29202e+09	7.39481e+09	7.82914e+09	7.3475e+09	7.25207e+09	7.1411e+09	8.00147e+09	8.57548e+09	8.57814e+09	7.4354e+09	8.00272e+09	8.14736e+09	5.04165e+09	6.25739e+09	5.02271e+09	6.93725e+09	6.57074e+09	4.82018e+09	7.39038e+09	7.58215e+09	7.36448e+09	5.69961e+09	7.42296e+09	7.1426e+09	8.02485e+09	9.17053e+09	9.45267e+09	8.18958e+09	8.68173e+09	8.13668e+09	7.49182e+09	5.99638e+09	7.29025e+09	7.25855e+09	7.88883e+09	8.20688e+09	8.1663e+09	8.57651e+09	8.53941e+09	8.61332e+09	8.71939e+09	8.48672e+09	6.6642e+09	5.98409e+09	6.01399e+09	6.33274e+09	6.9596e+09	5.95227e+09	7.11487e+09	8.02523e+09	7.12711e+09	7.30913e+09	7.18487e+09	8.10958e+09	5.70439e+09	5.9305e+09	7.35948e+09	6.00541e+09	7.43813e+09	6.11441e+09	5.81738e+09	5.68133e+09	5.82291e+09	5.34985e+09	6.54331e+09	6.46887e+09	7.13678e+09	7.16542e+09	7.05399e+09	7.8915e+09	6.75582e+09	8.25903e+09	7.28942e+09	8.09325e+09	8.38736e+09	7.05655e+09	6.8616e+09	8.4272e+09	6.16875e+09	6.30981e+09	5.96891e+09	5.3066e+09	6.79955e+09	6.25904e+09	5.45358e+09	7.50033e+09	6.50849e+09	6.63503e+09	7.16463e+09	6.63482e+09
