	ERR629940	ERR629944	ERR629945	ERR629943	ERR629942	ERR629941	ERR618509	ERR618511	ERR618507	ERR618510	ERR618508	ERR618512	ERR636741	ERR636740	ERR636742	ERR636743	ERR636739	ERR636744	ERR612548	ERR612552	ERR612547	ERR612549	ERR612551	ERR612550	ERR636777	ERR636779	ERR636780	ERR636778	ERR636775	ERR636776	ERR612782	ERR612777	ERR612778	ERR612781	ERR612780	ERR612779	ERR629674	ERR629676	ERR629677	ERR629678	ERR629675	ERR629679	ERR636729	ERR636728	ERR636730	ERR636732	ERR636727	ERR636731	ERR616650	ERR616647	ERR616646	ERR616648	ERR616649	ERR616651	ERR637072	ERR637073	ERR637071	ERR637074	ERR637069	ERR637070	ERR618702	ERR618699	ERR618701	ERR618703	ERR618700	ERR618704	ERR612951	ERR612954	ERR612952	ERR612955	ERR612953	ERR612956	ERR621964	ERR621963	ERR621962	ERR621965	ERR621961	ERR621966	ERR605542	ERR605543	ERR605539	ERR605540	ERR605541	ERR605544	ERR630443	ERR630444	ERR630442	ERR630445	ERR630440	ERR630441	ERR613316	ERR613311	ERR613314	ERR613312	ERR613313	ERR613315
ERR629940	0	0.261097	0.255525	0.254692	0.228742	0.24183	0.460594	0.450567	0.449672	0.453716	0.472269	0.449382	0.448217	0.446198	0.450582	0.448972	0.452719	0.448367	0.526139	0.521598	0.51081	0.50999	0.51975	0.521024	0.449495	0.449158	0.446155	0.44608	0.45915	0.448288	0.458013	0.438753	0.494635	0.455935	0.457533	0.449286	0.343207	0.370928	0.339877	0.340754	0.371814	0.339731	0.460326	0.458919	0.46504	0.462388	0.467781	0.464051	0.332289	0.365207	0.370809	0.387285	0.33147	0.3317	0.38734	0.378678	0.356785	0.369523	0.364816	0.354279	0.425569	0.4009	0.409495	0.423432	0.410504	0.427693	0.35807	0.38633	0.409703	0.393914	0.363105	0.392462	0.36867	0.405272	0.402699	0.370023	0.381814	0.365213	0.367642	0.366612	0.357027	0.366981	0.376561	0.369109	0.373431	0.374742	0.37166	0.369603	0.366882	0.381541	0.437625	0.330668	0.372958	0.369809	0.347154	0.365594
ERR629944	0.261097	0	0.228016	0.228727	0.256875	0.233095	0.441949	0.440615	0.437242	0.442324	0.447593	0.440693	0.436799	0.436808	0.433694	0.433326	0.433567	0.434377	0.530546	0.530603	0.532153	0.524605	0.528886	0.530562	0.436275	0.434925	0.433811	0.43374	0.442582	0.438228	0.428319	0.425602	0.452359	0.426882	0.42797	0.424373	0.328834	0.337794	0.331355	0.33109	0.337744	0.332016	0.438507	0.438887	0.438251	0.438442	0.438775	0.438109	0.346042	0.36615	0.369345	0.383231	0.346331	0.346594	0.356738	0.351892	0.343099	0.347007	0.344195	0.345712	0.434885	0.418519	0.422354	0.432836	0.421947	0.437732	0.389253	0.398816	0.402633	0.402045	0.382367	0.403253	0.369294	0.388099	0.385963	0.368228	0.375923	0.366993	0.356413	0.355603	0.352214	0.355342	0.35863	0.357575	0.392542	0.391478	0.388468	0.38896	0.385152	0.386974	0.392393	0.311007	0.343824	0.332777	0.318094	0.337694
ERR629945	0.255525	0.228016	0	0.227994	0.251523	0.231002	0.443075	0.441039	0.43776	0.442847	0.449444	0.44092	0.437009	0.437116	0.434784	0.434206	0.434712	0.435165	0.529712	0.529323	0.529579	0.522514	0.527534	0.52918	0.436789	0.43565	0.434249	0.434307	0.443541	0.438819	0.430962	0.426123	0.456549	0.42934	0.43061	0.426111	0.328636	0.339975	0.330318	0.330086	0.3397	0.330761	0.440298	0.440691	0.440672	0.440726	0.441514	0.440557	0.342359	0.364373	0.367831	0.382196	0.342412	0.342736	0.359345	0.354017	0.343125	0.348724	0.345178	0.345417	0.43229	0.414831	0.418961	0.429993	0.418626	0.434957	0.385029	0.396753	0.40253	0.400514	0.379171	0.401407	0.368495	0.389175	0.387081	0.36754	0.375932	0.365795	0.35635	0.355461	0.351498	0.355425	0.359227	0.357581	0.389365	0.388216	0.385416	0.3854	0.381826	0.384631	0.396216	0.311413	0.34602	0.335431	0.319465	0.339658
ERR629943	0.254692	0.228727	0.227994	0	0.250865	0.230834	0.443758	0.441257	0.438188	0.443367	0.4502	0.441272	0.437511	0.437607	0.435451	0.434764	0.435514	0.435641	0.529783	0.529313	0.529438	0.52248	0.527591	0.529139	0.437574	0.436325	0.434918	0.434816	0.444288	0.439197	0.431757	0.426662	0.457721	0.43014	0.431506	0.426938	0.328808	0.34057	0.330222	0.330333	0.34032	0.330796	0.441074	0.441426	0.44156	0.441447	0.442565	0.441393	0.341435	0.363785	0.367254	0.381768	0.341754	0.342027	0.360189	0.354642	0.343692	0.349271	0.346308	0.345911	0.431783	0.413904	0.418569	0.429587	0.418031	0.434447	0.384259	0.396056	0.402284	0.39984	0.378487	0.400776	0.367704	0.388979	0.386639	0.366855	0.375172	0.365107	0.355817	0.354944	0.350617	0.354477	0.358629	0.357127	0.38874	0.387651	0.384661	0.384734	0.381224	0.384395	0.397319	0.311378	0.345973	0.335867	0.319898	0.339758
ERR629942	0.228742	0.256875	0.251523	0.250865	0	0.238888	0.45794	0.448362	0.447543	0.451354	0.469426	0.447348	0.446231	0.444006	0.448014	0.446459	0.450076	0.446012	0.525339	0.52111	0.51132	0.510072	0.51925	0.520643	0.44738	0.44696	0.444155	0.444163	0.456698	0.446287	0.454436	0.436245	0.49032	0.452444	0.454022	0.44602	0.341247	0.367398	0.338234	0.339219	0.368518	0.338457	0.457294	0.455905	0.461667	0.459244	0.464281	0.460689	0.332246	0.364016	0.369526	0.385692	0.331638	0.331932	0.383777	0.375362	0.354528	0.366277	0.361745	0.352157	0.425571	0.401425	0.409824	0.423319	0.410689	0.427581	0.358769	0.385963	0.407821	0.393064	0.363329	0.391843	0.367468	0.402846	0.400432	0.368639	0.380093	0.363999	0.365735	0.364864	0.355847	0.365307	0.374346	0.367264	0.374172	0.375304	0.372121	0.370418	0.367619	0.381349	0.433534	0.328141	0.369329	0.366049	0.344075	0.36218
ERR629941	0.24183	0.233095	0.231002	0.230834	0.238888	0	0.445124	0.439904	0.437891	0.442116	0.453176	0.439608	0.438267	0.437043	0.436741	0.435725	0.437347	0.436267	0.525133	0.52347	0.521483	0.516217	0.521856	0.523375	0.43731	0.436702	0.434917	0.434909	0.444535	0.437704	0.435096	0.426568	0.464008	0.433499	0.434655	0.429618	0.328473	0.344624	0.329237	0.329439	0.345024	0.329926	0.443014	0.442396	0.444512	0.443355	0.445609	0.443719	0.335405	0.359822	0.363935	0.3782	0.335133	0.335611	0.362363	0.35584	0.343011	0.349252	0.346076	0.342888	0.427125	0.408045	0.41352	0.424766	0.414085	0.429364	0.371982	0.38677	0.398277	0.391528	0.368798	0.39186	0.362246	0.387833	0.385461	0.362104	0.371078	0.35973	0.354506	0.353789	0.348193	0.353993	0.359751	0.355782	0.381364	0.381169	0.378134	0.378032	0.374469	0.380867	0.405023	0.312482	0.347654	0.341128	0.32327	0.341206
ERR618509	0.460594	0.441949	0.443075	0.443758	0.45794	0.445124	0	0.255162	0.254014	0.254459	0.25745	0.256579	0.323923	0.323096	0.320261	0.319627	0.319561	0.320494	0.391568	0.394971	0.410398	0.397143	0.393956	0.395696	0.301735	0.301175	0.303309	0.303127	0.30047	0.302405	0.302338	0.30525	0.32472	0.302078	0.302506	0.301553	0.43398	0.431623	0.437622	0.437226	0.431557	0.438871	0.321163	0.321168	0.322324	0.321432	0.323012	0.321636	0.472592	0.48255	0.484772	0.493478	0.473156	0.47329	0.366567	0.364468	0.371032	0.364274	0.364715	0.371	0.539939	0.527672	0.530735	0.538237	0.530428	0.541625	0.503111	0.50469	0.50306	0.506532	0.496278	0.507933	0.451652	0.459529	0.459383	0.450973	0.455453	0.451016	0.485068	0.485636	0.483772	0.485353	0.485943	0.485647	0.465765	0.464185	0.463576	0.464061	0.462325	0.460511	0.490076	0.449218	0.464229	0.457985	0.452027	0.46203
ERR618511	0.450567	0.440615	0.441039	0.441257	0.448362	0.439904	0.255162	0	0.250571	0.24799	0.268772	0.24736	0.318033	0.315041	0.316325	0.314761	0.316638	0.314696	0.385978	0.385804	0.393633	0.383916	0.384284	0.385954	0.298397	0.298136	0.298812	0.298651	0.301097	0.297198	0.304319	0.297889	0.33729	0.303592	0.304119	0.300928	0.430624	0.435039	0.432932	0.432741	0.435187	0.434372	0.319067	0.317449	0.322376	0.319842	0.324169	0.321264	0.469142	0.482666	0.485722	0.495089	0.46955	0.469564	0.370083	0.365561	0.365713	0.362897	0.362056	0.36369	0.540197	0.526611	0.530607	0.538494	0.530954	0.541703	0.492189	0.498313	0.502979	0.501658	0.48844	0.502009	0.446793	0.460909	0.460249	0.446554	0.452661	0.445522	0.484726	0.485284	0.481997	0.485451	0.487858	0.485656	0.459991	0.459242	0.45899	0.458391	0.457354	0.459519	0.501845	0.449132	0.467714	0.46363	0.454731	0.4651
ERR618507	0.449672	0.437242	0.43776	0.438188	0.447543	0.437891	0.254014	0.250571	0	0.252065	0.26624	0.250737	0.313433	0.312192	0.311694	0.310702	0.312457	0.310998	0.39145	0.391894	0.398416	0.387729	0.389924	0.391871	0.297818	0.296996	0.297479	0.296907	0.30194	0.297823	0.301767	0.29561	0.335629	0.301004	0.301733	0.297595	0.427966	0.432745	0.430241	0.429931	0.432979	0.431271	0.315038	0.314676	0.318308	0.316354	0.320358	0.317392	0.47048	0.485279	0.488168	0.498329	0.470832	0.470894	0.368304	0.363937	0.362655	0.360962	0.360097	0.361935	0.543718	0.5289	0.533104	0.541979	0.533011	0.545632	0.49596	0.50373	0.50684	0.506837	0.492205	0.507557	0.448914	0.463335	0.462172	0.448214	0.454473	0.447249	0.484671	0.484797	0.481032	0.484323	0.48698	0.485442	0.462568	0.461644	0.460256	0.460254	0.458416	0.460536	0.501428	0.447497	0.468401	0.461924	0.452625	0.4657
ERR618510	0.453716	0.442324	0.442847	0.443367	0.451354	0.442116	0.254459	0.24799	0.252065	0	0.266354	0.248927	0.321511	0.318454	0.318657	0.317347	0.318922	0.317499	0.385321	0.386224	0.397012	0.386523	0.384683	0.386554	0.299471	0.299618	0.300635	0.30046	0.300241	0.29802	0.304751	0.300789	0.334484	0.304327	0.30439	0.302394	0.432447	0.434959	0.435477	0.435198	0.435453	0.436886	0.32092	0.318982	0.32324	0.320997	0.324569	0.322079	0.469811	0.481721	0.484628	0.49348	0.470253	0.47045	0.369082	0.365535	0.368437	0.363402	0.36329	0.366274	0.538758	0.526075	0.52978	0.537127	0.530077	0.54003	0.494101	0.498177	0.501223	0.500929	0.489681	0.501708	0.447168	0.45929	0.458731	0.446774	0.452197	0.446355	0.484834	0.485528	0.482924	0.485795	0.487522	0.48562	0.460699	0.459648	0.459575	0.459224	0.458233	0.459451	0.498861	0.449984	0.466547	0.462868	0.455049	0.464009
ERR618508	0.472269	0.447593	0.449444	0.4502	0.469426	0.453176	0.25745	0.268772	0.26624	0.266354	0	0.271426	0.33737	0.337355	0.331629	0.331739	0.330379	0.33303	0.397913	0.404272	0.426456	0.410699	0.403251	0.405216	0.31157	0.311629	0.315052	0.315166	0.306408	0.313394	0.308269	0.319821	0.318454	0.308537	0.308144	0.310401	0.44029	0.432332	0.445567	0.444777	0.432134	0.446991	0.330654	0.331306	0.329629	0.329763	0.32952	0.329375	0.478103	0.484192	0.485489	0.492824	0.478813	0.478997	0.367668	0.368038	0.381859	0.370709	0.373021	0.382531	0.540455	0.52993	0.532368	0.538615	0.531346	0.542228	0.513066	0.509715	0.503171	0.510588	0.504089	0.512336	0.457025	0.458295	0.458183	0.455705	0.458178	0.456944	0.486899	0.487799	0.487516	0.487064	0.485866	0.487432	0.47299	0.471025	0.46994	0.471443	0.469405	0.464201	0.481132	0.452925	0.462318	0.455367	0.453128	0.46111
ERR618512	0.449382	0.440693	0.44092	0.441272	0.447348	0.439608	0.256579	0.24736	0.250737	0.248927	0.271426	0	0.316743	0.313881	0.315504	0.314103	0.31618	0.313816	0.3869	0.386228	0.392061	0.382913	0.384537	0.386285	0.298357	0.298045	0.298287	0.297868	0.302376	0.297153	0.305814	0.297301	0.341034	0.30492	0.305547	0.301576	0.430359	0.436113	0.43247	0.432371	0.436375	0.43374	0.319249	0.317515	0.323367	0.320406	0.325043	0.321905	0.468844	0.483594	0.486448	0.496345	0.469171	0.4694	0.371228	0.366458	0.364833	0.36339	0.361998	0.363027	0.540609	0.526684	0.530833	0.538943	0.531154	0.542193	0.492015	0.499399	0.50464	0.502711	0.488874	0.503248	0.44757	0.462956	0.462128	0.447323	0.453819	0.446159	0.485617	0.48606	0.482453	0.486207	0.488906	0.486449	0.459406	0.458821	0.45865	0.457611	0.456786	0.459541	0.50445	0.449829	0.469668	0.465482	0.455901	0.466826
ERR636741	0.448217	0.436799	0.437009	0.437511	0.446231	0.438267	0.323923	0.318033	0.313433	0.321511	0.33737	0.316743	0	0.23769	0.238735	0.238478	0.239348	0.237933	0.398957	0.397574	0.391331	0.38302	0.394016	0.397082	0.279981	0.276219	0.274216	0.272885	0.293663	0.283206	0.320607	0.305104	0.364069	0.318211	0.321252	0.310412	0.428237	0.442364	0.426716	0.427037	0.441876	0.426976	0.268424	0.270786	0.276332	0.273882	0.280077	0.275852	0.491665	0.511525	0.515597	0.527773	0.491986	0.491838	0.379265	0.372146	0.354496	0.365565	0.359523	0.356329	0.569634	0.552844	0.557271	0.568248	0.557305	0.572079	0.510546	0.52811	0.534344	0.532282	0.509993	0.532658	0.465983	0.487072	0.485571	0.465234	0.475043	0.463338	0.50061	0.499851	0.495028	0.500058	0.503813	0.501651	0.476278	0.476105	0.474806	0.472806	0.471338	0.476003	0.526172	0.460906	0.491894	0.480971	0.46827	0.487987
ERR636740	0.446198	0.436808	0.437116	0.437607	0.444006	0.437043	0.323096	0.315041	0.312192	0.318454	0.337355	0.313881	0.23769	0	0.238468	0.237678	0.239123	0.23712	0.395446	0.393553	0.386906	0.380038	0.390139	0.393109	0.279543	0.276275	0.274071	0.272644	0.292424	0.280632	0.31914	0.302762	0.363255	0.316849	0.319715	0.309829	0.428137	0.44265	0.426993	0.427454	0.442767	0.427388	0.26715	0.267176	0.2739	0.271246	0.277881	0.273515	0.491906	0.510732	0.514877	0.526494	0.491931	0.491869	0.378529	0.37129	0.354574	0.364547	0.358679	0.354406	0.569558	0.553237	0.557691	0.56814	0.558062	0.571654	0.507218	0.524568	0.531787	0.528977	0.507451	0.529303	0.463308	0.484988	0.483524	0.462865	0.472603	0.460923	0.500307	0.499827	0.494923	0.500263	0.503961	0.501308	0.476072	0.475995	0.474787	0.473165	0.471654	0.47726	0.527158	0.460794	0.491126	0.481635	0.468934	0.487215
ERR636742	0.450582	0.433694	0.434784	0.435451	0.448014	0.436741	0.320261	0.316325	0.311694	0.318657	0.331629	0.315504	0.238735	0.238468	0	0.232938	0.234776	0.233496	0.400635	0.400768	0.399909	0.390433	0.397723	0.400675	0.279642	0.275827	0.27468	0.273595	0.290161	0.282432	0.311361	0.302836	0.35045	0.309276	0.312046	0.304111	0.427433	0.438522	0.427285	0.427491	0.438582	0.42776	0.260734	0.261958	0.263965	0.262581	0.267529	0.263927	0.497	0.514822	0.518634	0.529733	0.497301	0.497159	0.373715	0.367339	0.354613	0.361682	0.357089	0.356046	0.575619	0.560224	0.564202	0.574198	0.564262	0.577957	0.514835	0.529305	0.5336	0.533043	0.51314	0.53379	0.466039	0.484607	0.483227	0.465277	0.473916	0.463917	0.500908	0.500378	0.495958	0.500306	0.503565	0.501949	0.483325	0.483001	0.481488	0.480465	0.478626	0.482401	0.521801	0.460423	0.489272	0.478274	0.467104	0.485606
ERR636743	0.448972	0.433326	0.434206	0.434764	0.446459	0.435725	0.319627	0.314761	0.310702	0.317347	0.331739	0.314103	0.238478	0.237678	0.232938	0	0.23511	0.233183	0.399098	0.398547	0.397026	0.387945	0.395429	0.398393	0.278776	0.275015	0.273443	0.27254	0.289596	0.281042	0.311544	0.301977	0.351835	0.309571	0.312293	0.304173	0.426702	0.438226	0.426311	0.426627	0.438415	0.426916	0.260923	0.261679	0.264502	0.262685	0.268204	0.264233	0.495387	0.513386	0.517187	0.528456	0.495699	0.495574	0.373585	0.366848	0.354076	0.36113	0.356561	0.35516	0.573973	0.558386	0.562602	0.572577	0.562736	0.576223	0.512709	0.527308	0.532321	0.531186	0.511337	0.531894	0.464455	0.483447	0.482066	0.46365	0.472529	0.462328	0.499852	0.499332	0.494845	0.499293	0.502725	0.500928	0.481254	0.480978	0.479643	0.478375	0.476773	0.480782	0.521936	0.45977	0.488548	0.478071	0.466582	0.484751
ERR636739	0.452719	0.433567	0.434712	0.435514	0.450076	0.437347	0.319561	0.316638	0.312457	0.318922	0.330379	0.31618	0.239348	0.239123	0.234776	0.23511	0	0.236203	0.403184	0.403752	0.404444	0.394281	0.400721	0.403683	0.280496	0.276487	0.27582	0.274707	0.289953	0.283608	0.309252	0.303128	0.346466	0.30746	0.310117	0.302747	0.428497	0.438783	0.428828	0.428833	0.438658	0.429391	0.258922	0.260168	0.262002	0.261214	0.264082	0.26216	0.499507	0.516483	0.52016	0.531285	0.499921	0.499721	0.374201	0.368136	0.355997	0.362923	0.357484	0.357595	0.578287	0.563207	0.566896	0.576849	0.566984	0.580407	0.518078	0.531996	0.53525	0.535413	0.515919	0.536317	0.468604	0.485905	0.484824	0.467754	0.47644	0.466496	0.502123	0.501548	0.497705	0.501795	0.504414	0.50307	0.487047	0.486634	0.485235	0.484092	0.482302	0.48509	0.520867	0.461061	0.489512	0.478253	0.46731	0.48597
ERR636744	0.448367	0.434377	0.435165	0.435641	0.446012	0.436267	0.320494	0.314696	0.310998	0.317499	0.33303	0.313816	0.237933	0.23712	0.233496	0.233183	0.236203	0	0.397652	0.396877	0.394144	0.385596	0.393718	0.396692	0.278616	0.275035	0.273381	0.272333	0.290237	0.280755	0.31346	0.302179	0.354842	0.31146	0.314179	0.305557	0.427068	0.439501	0.426605	0.426864	0.439624	0.427078	0.262493	0.26329	0.266859	0.264717	0.270859	0.266431	0.494665	0.513058	0.516858	0.528128	0.494807	0.494656	0.374809	0.367899	0.353965	0.36189	0.357196	0.354906	0.573023	0.557223	0.561518	0.571677	0.561799	0.575221	0.511382	0.526628	0.532349	0.530592	0.510304	0.531197	0.464091	0.483834	0.482397	0.463409	0.472448	0.461741	0.500218	0.499635	0.495031	0.499717	0.503323	0.501292	0.479957	0.479724	0.478323	0.47694	0.475384	0.479975	0.523584	0.460326	0.489475	0.479344	0.467524	0.485754
ERR612548	0.526139	0.530546	0.529712	0.529783	0.525339	0.525133	0.391568	0.385978	0.39145	0.385321	0.397913	0.3869	0.398957	0.395446	0.400635	0.399098	0.403184	0.397652	0	0.264523	0.295831	0.281241	0.264622	0.265218	0.372428	0.375621	0.375724	0.376538	0.369566	0.367614	0.393491	0.388222	0.411027	0.394227	0.392923	0.39373	0.5177	0.518809	0.51899	0.519269	0.520193	0.520222	0.398111	0.395445	0.403033	0.399481	0.406266	0.401666	0.522782	0.528055	0.53081	0.536179	0.523172	0.52289	0.457769	0.455675	0.461984	0.454984	0.45797	0.457796	0.571312	0.561792	0.565077	0.57038	0.565888	0.572572	0.491657	0.488129	0.492594	0.490201	0.486359	0.490637	0.448197	0.456204	0.456436	0.448071	0.450896	0.448932	0.522145	0.522944	0.522066	0.524404	0.525624	0.521898	0.509588	0.509435	0.509879	0.50965	0.509427	0.511465	0.533853	0.49914	0.50407	0.507746	0.503019	0.503304
ERR612552	0.521598	0.530603	0.529323	0.529313	0.52111	0.52347	0.394971	0.385804	0.391894	0.386224	0.404272	0.386228	0.397574	0.393553	0.400768	0.398547	0.403752	0.396877	0.264523	0	0.280685	0.270531	0.258789	0.259505	0.373158	0.376306	0.375546	0.376011	0.373144	0.368026	0.396963	0.386772	0.421428	0.39759	0.396289	0.395694	0.51745	0.522311	0.517913	0.518207	0.523463	0.518868	0.399319	0.39648	0.405575	0.401164	0.409304	0.403749	0.522021	0.530531	0.533744	0.53984	0.522205	0.521882	0.461377	0.458078	0.460369	0.455932	0.458126	0.45584	0.574485	0.563523	0.567671	0.573495	0.568407	0.575841	0.48596	0.487154	0.496892	0.490588	0.483225	0.490421	0.447455	0.461232	0.461143	0.447699	0.452367	0.447576	0.523875	0.524447	0.522477	0.526121	0.528705	0.523806	0.508083	0.50841	0.50924	0.508131	0.508322	0.512658	0.543408	0.500623	0.509117	0.513246	0.506006	0.507763
ERR612547	0.51081	0.532153	0.529579	0.529438	0.51132	0.521483	0.410398	0.393633	0.398416	0.397012	0.426456	0.392061	0.391331	0.386906	0.399909	0.397026	0.404444	0.394144	0.295831	0.280685	0	0.256496	0.276851	0.278734	0.380955	0.382302	0.379292	0.37895	0.389743	0.375494	0.411053	0.38437	0.453033	0.410128	0.41045	0.40297	0.518419	0.534879	0.515366	0.516074	0.535633	0.515803	0.402938	0.400197	0.414025	0.407627	0.419256	0.411699	0.526709	0.545133	0.5496	0.559307	0.526446	0.526448	0.478762	0.471768	0.459066	0.465076	0.463616	0.45419	0.591155	0.574898	0.581047	0.590216	0.582184	0.592736	0.481887	0.502604	0.523699	0.509535	0.487875	0.507561	0.459762	0.489886	0.488634	0.460715	0.471401	0.457572	0.536479	0.536178	0.529981	0.5375	0.543508	0.536648	0.511541	0.513036	0.51273	0.509784	0.510396	0.521284	0.576178	0.509293	0.532002	0.533808	0.519635	0.529036
ERR612549	0.50999	0.524605	0.522514	0.52248	0.510072	0.516217	0.397143	0.383916	0.387729	0.386523	0.410699	0.382913	0.38302	0.380038	0.390433	0.387945	0.394281	0.385596	0.281241	0.270531	0.256496	0	0.266713	0.268401	0.369202	0.370868	0.36861	0.368324	0.376053	0.365193	0.396956	0.376022	0.433932	0.39621	0.396026	0.390148	0.511425	0.524411	0.509421	0.509931	0.524652	0.50993	0.391957	0.390541	0.402033	0.396658	0.406771	0.400037	0.521273	0.538098	0.542148	0.551412	0.521142	0.521168	0.466552	0.460491	0.451569	0.455315	0.454493	0.448216	0.584379	0.569001	0.574513	0.583354	0.575206	0.586095	0.482023	0.497318	0.513706	0.50302	0.484047	0.501822	0.451888	0.477066	0.475901	0.452191	0.461596	0.449869	0.527239	0.526963	0.521828	0.528162	0.533088	0.527252	0.507388	0.508197	0.508055	0.505528	0.505784	0.513897	0.559849	0.499639	0.519736	0.520451	0.507624	0.517099
ERR612551	0.51975	0.528886	0.527534	0.527591	0.51925	0.521856	0.393956	0.384284	0.389924	0.384683	0.403251	0.384537	0.394016	0.390139	0.397723	0.395429	0.400721	0.393718	0.264622	0.258789	0.276851	0.266713	0	0.25852	0.370884	0.373842	0.372723	0.373243	0.371602	0.366091	0.395107	0.383979	0.420725	0.395386	0.394294	0.393174	0.51624	0.521798	0.51619	0.516638	0.522793	0.517189	0.396379	0.393802	0.403133	0.398594	0.407098	0.401284	0.521627	0.531242	0.534429	0.541213	0.521715	0.521606	0.46114	0.457489	0.458489	0.454716	0.456755	0.454147	0.575884	0.564226	0.568501	0.574911	0.569271	0.577136	0.48523	0.488071	0.498432	0.491597	0.482793	0.491369	0.447282	0.462273	0.461996	0.447481	0.452864	0.447135	0.523619	0.524024	0.521789	0.525652	0.528181	0.523479	0.508088	0.508442	0.509112	0.507882	0.507908	0.51263	0.544409	0.499441	0.509533	0.512989	0.504974	0.507995
ERR612550	0.521024	0.530562	0.52918	0.529139	0.520643	0.523375	0.395696	0.385954	0.391871	0.386554	0.405216	0.386285	0.397082	0.393109	0.400675	0.398393	0.403683	0.396692	0.265218	0.259505	0.278734	0.268401	0.25852	0	0.373236	0.376212	0.375193	0.375664	0.373324	0.368076	0.397621	0.386667	0.422984	0.39818	0.3968	0.39602	0.517477	0.522759	0.517725	0.518044	0.523957	0.518686	0.399332	0.39645	0.405829	0.401336	0.40973	0.40394	0.522178	0.531375	0.534642	0.541027	0.522209	0.522133	0.462492	0.458907	0.46047	0.456393	0.458452	0.456063	0.575567	0.56415	0.568482	0.574608	0.569292	0.576846	0.485399	0.487999	0.498295	0.491402	0.483035	0.491028	0.447885	0.462582	0.462389	0.448113	0.453242	0.447807	0.524441	0.525059	0.52281	0.526527	0.529328	0.524287	0.508445	0.508795	0.509537	0.508247	0.508405	0.513157	0.54527	0.500967	0.510215	0.514317	0.506576	0.508751
ERR636777	0.449495	0.436275	0.436789	0.437574	0.44738	0.43731	0.301735	0.298397	0.297818	0.299471	0.31157	0.298357	0.279981	0.279543	0.279642	0.278776	0.280496	0.278616	0.372428	0.373158	0.380955	0.369202	0.370884	0.373236	0	0.245377	0.245565	0.245273	0.250399	0.245769	0.314636	0.309327	0.345842	0.313398	0.314229	0.310498	0.420613	0.424514	0.423425	0.423141	0.424173	0.424497	0.289965	0.290566	0.29478	0.292597	0.297649	0.293798	0.466883	0.480004	0.48336	0.493016	0.467153	0.467103	0.3565	0.351912	0.35218	0.349524	0.348416	0.351491	0.534319	0.520515	0.52431	0.53267	0.524162	0.536465	0.493674	0.499836	0.502375	0.50253	0.488923	0.503404	0.443864	0.456999	0.456171	0.443301	0.449094	0.442429	0.480515	0.480691	0.477722	0.48088	0.483171	0.481445	0.452251	0.451542	0.450587	0.450205	0.448659	0.450162	0.495725	0.444576	0.464121	0.457728	0.449178	0.461266
ERR636779	0.449158	0.434925	0.43565	0.436325	0.44696	0.436702	0.301175	0.298136	0.296996	0.299618	0.311629	0.298045	0.276219	0.276275	0.275827	0.275015	0.276487	0.275035	0.375621	0.376306	0.382302	0.370868	0.373842	0.376212	0.245377	0	0.243487	0.243204	0.252575	0.247615	0.312265	0.306656	0.344904	0.310878	0.312338	0.307603	0.420171	0.425059	0.422542	0.422388	0.424489	0.423599	0.286056	0.287148	0.290865	0.288813	0.293428	0.290137	0.46952	0.483604	0.486872	0.497078	0.469723	0.469805	0.3578	0.3531	0.35111	0.350082	0.348356	0.350822	0.538596	0.52451	0.527987	0.536918	0.527912	0.540838	0.49572	0.503725	0.506365	0.506629	0.491659	0.507536	0.446809	0.460781	0.460059	0.446251	0.45279	0.445024	0.482411	0.482298	0.479325	0.482533	0.484816	0.4832	0.454903	0.45427	0.453495	0.452649	0.451147	0.45278	0.497946	0.445252	0.466872	0.459342	0.450201	0.463809
ERR636780	0.446155	0.433811	0.434249	0.434918	0.444155	0.434917	0.303309	0.298812	0.297479	0.300635	0.315052	0.298287	0.274216	0.274071	0.27468	0.273443	0.27582	0.273381	0.375724	0.375546	0.379292	0.36861	0.372723	0.375193	0.245565	0.243487	0	0.242434	0.254089	0.247207	0.313521	0.304914	0.348916	0.312128	0.313527	0.308002	0.41902	0.425725	0.420932	0.420977	0.425291	0.421836	0.285866	0.286577	0.291348	0.288966	0.294417	0.290286	0.468942	0.483858	0.487275	0.497816	0.46909	0.469049	0.358974	0.353343	0.348772	0.349426	0.347401	0.348468	0.538739	0.524035	0.527897	0.536999	0.527766	0.540903	0.493752	0.50297	0.506774	0.506253	0.490179	0.506948	0.445581	0.46118	0.460374	0.445285	0.452403	0.443918	0.482087	0.481933	0.478456	0.482397	0.484738	0.482811	0.453585	0.453195	0.452264	0.451222	0.449872	0.452359	0.500411	0.444778	0.467581	0.460439	0.450385	0.464512
ERR636778	0.44608	0.43374	0.434307	0.434816	0.444163	0.434909	0.303127	0.298651	0.296907	0.30046	0.315166	0.297868	0.272885	0.272644	0.273595	0.27254	0.274707	0.272333	0.376538	0.376011	0.37895	0.368324	0.373243	0.375664	0.245273	0.243204	0.242434	0	0.254814	0.247509	0.313403	0.304559	0.349438	0.311673	0.313484	0.307409	0.418806	0.426001	0.420638	0.42058	0.425577	0.421672	0.28492	0.285824	0.290602	0.28804	0.293888	0.289662	0.469845	0.485104	0.488571	0.499276	0.469674	0.469943	0.359756	0.353976	0.349163	0.350318	0.347894	0.349026	0.540459	0.525443	0.529236	0.538642	0.529336	0.542462	0.494191	0.503967	0.508155	0.507358	0.490816	0.507935	0.446533	0.462507	0.461593	0.44598	0.453255	0.444586	0.482884	0.482622	0.479138	0.482924	0.48567	0.483627	0.454433	0.453894	0.453035	0.451991	0.450456	0.453286	0.501758	0.445335	0.468747	0.461255	0.450971	0.465695
ERR636775	0.45915	0.442582	0.443541	0.444288	0.456698	0.444535	0.30047	0.301097	0.30194	0.300241	0.306408	0.302376	0.293663	0.292424	0.290161	0.289596	0.289953	0.290237	0.369566	0.373144	0.389743	0.376053	0.371602	0.373324	0.250399	0.252575	0.254089	0.254814	0	0.2509	0.316692	0.318584	0.337696	0.316291	0.31638	0.316076	0.427083	0.424642	0.431607	0.431267	0.42468	0.432949	0.297918	0.29753	0.299655	0.298308	0.301431	0.299016	0.469013	0.477135	0.479629	0.487406	0.469339	0.46939	0.354735	0.352345	0.361586	0.352446	0.353495	0.359852	0.530072	0.518822	0.521584	0.528429	0.521541	0.531751	0.498157	0.498299	0.49726	0.499745	0.491283	0.501171	0.445092	0.451954	0.452106	0.444441	0.448249	0.444515	0.481367	0.481838	0.480641	0.482302	0.482829	0.481911	0.454885	0.453675	0.452988	0.453724	0.451852	0.450718	0.487156	0.447648	0.460303	0.45588	0.450163	0.458317
ERR636776	0.448288	0.438228	0.438819	0.439197	0.446287	0.437704	0.302405	0.297198	0.297823	0.29802	0.313394	0.297153	0.283206	0.280632	0.282432	0.281042	0.283608	0.280755	0.367614	0.368026	0.375494	0.365193	0.366091	0.368076	0.245769	0.247615	0.247207	0.247509	0.2509	0	0.31612	0.309625	0.347482	0.315009	0.316077	0.312719	0.421894	0.426147	0.424861	0.424849	0.426506	0.426199	0.292445	0.291234	0.296781	0.294017	0.29991	0.295679	0.466423	0.478738	0.482113	0.490946	0.466657	0.466605	0.357186	0.352714	0.353619	0.349913	0.349781	0.351026	0.532978	0.519517	0.523459	0.531343	0.523531	0.534905	0.489299	0.495354	0.498852	0.498137	0.485449	0.498828	0.440912	0.45464	0.453866	0.440713	0.446207	0.439605	0.480064	0.480457	0.477288	0.480778	0.48321	0.480908	0.450876	0.450274	0.449408	0.449293	0.447706	0.450249	0.497567	0.445109	0.463676	0.459249	0.450774	0.461016
ERR612782	0.458013	0.428319	0.430962	0.431757	0.454436	0.435096	0.302338	0.304319	0.301767	0.304751	0.308269	0.305814	0.320607	0.31914	0.311361	0.311544	0.309252	0.31346	0.393491	0.396963	0.411053	0.396956	0.395107	0.397621	0.314636	0.312265	0.313521	0.313403	0.316692	0.31612	0	0.256036	0.268015	0.239757	0.240148	0.24333	0.432011	0.432298	0.435591	0.435342	0.43199	0.437026	0.307192	0.306896	0.30362	0.304712	0.303259	0.304178	0.493734	0.505182	0.507446	0.515993	0.494382	0.49441	0.370106	0.367028	0.369872	0.365529	0.364764	0.370624	0.571385	0.559944	0.562462	0.569619	0.561957	0.573306	0.499361	0.502965	0.500974	0.504831	0.492325	0.506593	0.445794	0.455617	0.454677	0.444599	0.450137	0.444936	0.462907	0.463012	0.461538	0.463505	0.463309	0.463696	0.49418	0.492904	0.491578	0.492213	0.489503	0.488796	0.474506	0.42819	0.447414	0.437754	0.431028	0.445073
ERR612777	0.438753	0.425602	0.426123	0.426662	0.436245	0.426568	0.30525	0.297889	0.29561	0.300789	0.319821	0.297301	0.305104	0.302762	0.302836	0.301977	0.303128	0.302179	0.388222	0.386772	0.38437	0.376022	0.383979	0.386667	0.309327	0.306656	0.304914	0.304559	0.318584	0.309625	0.256036	0	0.307451	0.254084	0.256724	0.245201	0.42584	0.436718	0.425613	0.425864	0.436807	0.426379	0.306355	0.305592	0.310293	0.308298	0.312467	0.310077	0.479941	0.49704	0.500721	0.511435	0.480306	0.48036	0.376121	0.36978	0.357732	0.364094	0.359656	0.357871	0.559586	0.544583	0.548615	0.558124	0.548907	0.561608	0.48352	0.497687	0.503647	0.501781	0.482	0.502231	0.442637	0.462659	0.461454	0.44198	0.451001	0.440366	0.46132	0.461132	0.456743	0.461842	0.464499	0.462282	0.475388	0.474912	0.473511	0.472687	0.470884	0.474982	0.492928	0.428557	0.456865	0.448017	0.436112	0.453395
ERR612778	0.494635	0.452359	0.456549	0.457721	0.49032	0.464008	0.32472	0.33729	0.335629	0.334484	0.318454	0.341034	0.364069	0.363255	0.35045	0.351835	0.346466	0.354842	0.411027	0.421428	0.453033	0.433932	0.420725	0.422984	0.345842	0.344904	0.348916	0.349438	0.337696	0.347482	0.268015	0.307451	0	0.270527	0.268614	0.281538	0.456386	0.441743	0.46405	0.463291	0.441735	0.465881	0.341605	0.341602	0.332218	0.335747	0.328915	0.333408	0.515457	0.517424	0.5183	0.523032	0.516596	0.516514	0.382841	0.385438	0.405566	0.389329	0.392838	0.406508	0.583681	0.576542	0.577568	0.581683	0.576388	0.585387	0.526486	0.515789	0.501549	0.514723	0.513297	0.517766	0.462707	0.455854	0.455522	0.460942	0.460654	0.46347	0.475256	0.476216	0.479	0.476622	0.47198	0.475771	0.520036	0.517835	0.516223	0.518926	0.515584	0.509115	0.456029	0.443044	0.445556	0.436024	0.438985	0.445433
ERR612781	0.455935	0.426882	0.42934	0.43014	0.452444	0.433499	0.302078	0.303592	0.301004	0.304327	0.308537	0.30492	0.318211	0.316849	0.309276	0.309571	0.30746	0.31146	0.394227	0.39759	0.410128	0.39621	0.395386	0.39818	0.313398	0.310878	0.312128	0.311673	0.316291	0.315009	0.239757	0.254084	0.270527	0	0.240698	0.242163	0.430444	0.431331	0.433751	0.433613	0.431025	0.435175	0.30598	0.305973	0.303294	0.304093	0.302865	0.303584	0.492256	0.504075	0.506585	0.515299	0.492808	0.49285	0.369677	0.366413	0.367652	0.364428	0.363299	0.368764	0.570075	0.558247	0.560947	0.568317	0.560524	0.572159	0.498698	0.50334	0.501504	0.5052	0.491938	0.506907	0.44582	0.456206	0.455168	0.444578	0.450422	0.444721	0.462419	0.462461	0.460765	0.463033	0.462952	0.46328	0.492461	0.491212	0.489793	0.490251	0.487705	0.487079	0.475161	0.427447	0.447869	0.437708	0.430636	0.445257
ERR612780	0.457533	0.42797	0.43061	0.431506	0.454022	0.434655	0.302506	0.304119	0.301733	0.30439	0.308144	0.305547	0.321252	0.319715	0.312046	0.312293	0.310117	0.314179	0.392923	0.396289	0.41045	0.396026	0.394294	0.3968	0.314229	0.312338	0.313527	0.313484	0.31638	0.316077	0.240148	0.256724	0.268614	0.240698	0	0.243849	0.431265	0.431497	0.435028	0.434642	0.431061	0.436329	0.308514	0.30821	0.304932	0.305888	0.304136	0.305125	0.492509	0.50398	0.506213	0.514609	0.493175	0.493145	0.36949	0.366412	0.369396	0.364601	0.364037	0.370344	0.570101	0.558506	0.561235	0.568251	0.56074	0.571976	0.498263	0.501424	0.499415	0.503243	0.490873	0.504996	0.444746	0.454186	0.453224	0.443405	0.448846	0.443811	0.462126	0.462337	0.460872	0.462709	0.462543	0.462817	0.493066	0.491804	0.490522	0.491086	0.488505	0.487806	0.473381	0.427554	0.446238	0.436762	0.429943	0.444033
ERR612779	0.449286	0.424373	0.426111	0.426938	0.44602	0.429618	0.301553	0.300928	0.297595	0.302394	0.310401	0.301576	0.310412	0.309829	0.304111	0.304173	0.302747	0.305557	0.39373	0.395694	0.40297	0.390148	0.393174	0.39602	0.310498	0.307603	0.308002	0.307409	0.316076	0.312719	0.24333	0.245201	0.281538	0.242163	0.243849	0	0.427444	0.432378	0.429315	0.429259	0.431625	0.430334	0.303607	0.304072	0.303441	0.303618	0.303876	0.304036	0.48786	0.502305	0.505151	0.514969	0.488476	0.488491	0.371089	0.366712	0.362358	0.363161	0.360542	0.364016	0.567246	0.553939	0.557076	0.56551	0.556692	0.569241	0.494854	0.503375	0.503855	0.506012	0.489571	0.507343	0.445378	0.459317	0.458106	0.444167	0.451508	0.443768	0.461233	0.461133	0.458468	0.461451	0.462225	0.462046	0.486762	0.485759	0.484243	0.484136	0.481843	0.482473	0.480732	0.426878	0.451044	0.440323	0.431227	0.448124
ERR629674	0.343207	0.328834	0.328636	0.328808	0.341247	0.328473	0.43398	0.430624	0.427966	0.432447	0.44029	0.430359	0.428237	0.428137	0.427433	0.426702	0.428497	0.427068	0.5177	0.51745	0.518419	0.511425	0.51624	0.517477	0.420613	0.420171	0.41902	0.418806	0.427083	0.421894	0.432011	0.42584	0.456386	0.430444	0.431265	0.427444	0	0.255885	0.239202	0.238518	0.255578	0.239896	0.439202	0.439403	0.440712	0.439772	0.442142	0.439722	0.370774	0.387955	0.391365	0.403407	0.370687	0.370817	0.347063	0.340974	0.333606	0.336355	0.334178	0.334132	0.440808	0.424789	0.429002	0.438847	0.429042	0.443223	0.404111	0.412207	0.418381	0.415656	0.398459	0.416533	0.376026	0.39497	0.393086	0.37565	0.382274	0.373361	0.387186	0.386636	0.382831	0.385768	0.389676	0.387824	0.356944	0.356426	0.354239	0.354166	0.350978	0.355147	0.42226	0.349699	0.376335	0.369308	0.356048	0.371332
ERR629676	0.370928	0.337794	0.339975	0.34057	0.367398	0.344624	0.431623	0.435039	0.432745	0.434959	0.432332	0.436113	0.442364	0.44265	0.438522	0.438226	0.438783	0.439501	0.518809	0.522311	0.534879	0.524411	0.521798	0.522759	0.424514	0.425059	0.425725	0.426001	0.424642	0.426147	0.432298	0.436718	0.441743	0.431331	0.431497	0.432378	0.255885	0	0.266433	0.264455	0.24494	0.267787	0.447626	0.448133	0.445961	0.446419	0.446384	0.445402	0.375715	0.378411	0.379474	0.387091	0.376455	0.376208	0.33569	0.334598	0.346843	0.335881	0.338613	0.347593	0.430285	0.422491	0.423358	0.428399	0.422799	0.432432	0.421704	0.412449	0.404536	0.411905	0.408713	0.414829	0.376753	0.377784	0.377203	0.375456	0.376606	0.376234	0.384147	0.384608	0.386201	0.383584	0.382251	0.3843	0.366735	0.364544	0.362994	0.366049	0.362246	0.356073	0.387431	0.349693	0.357637	0.351382	0.34882	0.35506
ERR629677	0.339877	0.331355	0.330318	0.330222	0.338234	0.329237	0.437622	0.432932	0.430241	0.435477	0.445567	0.43247	0.426716	0.426993	0.427285	0.426311	0.428828	0.426605	0.51899	0.517913	0.515366	0.509421	0.51619	0.517725	0.423425	0.422542	0.420932	0.420638	0.431607	0.424861	0.435591	0.425613	0.46405	0.433751	0.435028	0.429315	0.239202	0.266433	0	0.235697	0.265312	0.236942	0.43987	0.440343	0.442575	0.441264	0.444373	0.441663	0.372364	0.39386	0.397551	0.411198	0.372111	0.372286	0.355605	0.348472	0.334458	0.342211	0.338223	0.335517	0.445506	0.427455	0.43243	0.443626	0.432582	0.448113	0.4023	0.41572	0.425272	0.42004	0.398829	0.420498	0.380116	0.403657	0.401414	0.379907	0.388667	0.37698	0.391765	0.391122	0.386346	0.390528	0.39564	0.392568	0.356968	0.356893	0.355088	0.35355	0.351088	0.357457	0.434185	0.354258	0.385533	0.378043	0.362188	0.380159
ERR629678	0.340754	0.33109	0.330086	0.330333	0.339219	0.329439	0.437226	0.432741	0.429931	0.435198	0.444777	0.432371	0.427037	0.427454	0.427491	0.426627	0.428833	0.426864	0.519269	0.518207	0.516074	0.509931	0.516638	0.518044	0.423141	0.422388	0.420977	0.42058	0.431267	0.424849	0.435342	0.425864	0.463291	0.433613	0.434642	0.429259	0.238518	0.264455	0.235697	0	0.26348	0.236641	0.440026	0.440609	0.442556	0.441446	0.444336	0.44165	0.372149	0.393193	0.397091	0.410517	0.3719	0.372001	0.354552	0.34742	0.334433	0.341401	0.338017	0.33563	0.44545	0.427449	0.43223	0.443317	0.432413	0.447899	0.403289	0.415885	0.424976	0.420031	0.399416	0.42061	0.379671	0.402635	0.400262	0.37941	0.387899	0.376508	0.391298	0.390368	0.385798	0.389877	0.394964	0.391964	0.3566	0.356663	0.354891	0.353377	0.350869	0.356796	0.432471	0.35366	0.384375	0.376759	0.361341	0.378895
ERR629675	0.371814	0.337744	0.3397	0.34032	0.368518	0.345024	0.431557	0.435187	0.432979	0.435453	0.432134	0.436375	0.441876	0.442767	0.438582	0.438415	0.438658	0.439624	0.520193	0.523463	0.535633	0.524652	0.522793	0.523957	0.424173	0.424489	0.425291	0.425577	0.42468	0.426506	0.43199	0.436807	0.441735	0.431025	0.431061	0.431625	0.255578	0.24494	0.265312	0.26348	0	0.266922	0.447628	0.448748	0.446485	0.446975	0.44669	0.445952	0.375502	0.380385	0.381535	0.389682	0.376116	0.376213	0.336359	0.335071	0.346148	0.33644	0.338478	0.347927	0.432207	0.423654	0.424609	0.430139	0.423532	0.434508	0.422881	0.414803	0.407089	0.414475	0.409615	0.417419	0.37865	0.379866	0.379087	0.377218	0.378866	0.377694	0.384654	0.385024	0.386572	0.384055	0.382692	0.384988	0.36752	0.365433	0.363954	0.366431	0.362833	0.35587	0.388742	0.350454	0.359871	0.351996	0.348574	0.356574
ERR629679	0.339731	0.332016	0.330761	0.330796	0.338457	0.329926	0.438871	0.434372	0.431271	0.436886	0.446991	0.43374	0.426976	0.427388	0.42776	0.426916	0.429391	0.427078	0.520222	0.518868	0.515803	0.50993	0.517189	0.518686	0.424497	0.423599	0.421836	0.421672	0.432949	0.426199	0.437026	0.426379	0.465881	0.435175	0.436329	0.430334	0.239896	0.267787	0.236942	0.236641	0.266922	0	0.440657	0.441369	0.443528	0.442268	0.44553	0.442621	0.373264	0.395489	0.399411	0.413122	0.373128	0.373078	0.35747	0.350027	0.335223	0.3435	0.339682	0.336435	0.446943	0.428222	0.433318	0.445079	0.433357	0.449515	0.403235	0.417677	0.427429	0.422063	0.400072	0.422611	0.38167	0.405792	0.403393	0.381348	0.390306	0.378225	0.393146	0.392246	0.386927	0.391519	0.396974	0.39384	0.357202	0.357379	0.355174	0.35367	0.351093	0.357944	0.436118	0.355361	0.387789	0.379611	0.363596	0.382034
ERR636729	0.460326	0.438507	0.440298	0.441074	0.457294	0.443014	0.321163	0.319067	0.315038	0.32092	0.330654	0.319249	0.268424	0.26715	0.260734	0.260923	0.258922	0.262493	0.398111	0.399319	0.402938	0.391957	0.396379	0.399332	0.289965	0.286056	0.285866	0.28492	0.297918	0.292445	0.307192	0.306355	0.341605	0.30598	0.308514	0.303607	0.439202	0.447626	0.43987	0.440026	0.447628	0.440657	0	0.232526	0.234002	0.233386	0.234909	0.233559	0.508152	0.524119	0.527614	0.537974	0.508491	0.508511	0.381979	0.376372	0.366641	0.371816	0.367272	0.368287	0.589272	0.574978	0.57841	0.587737	0.578418	0.591545	0.523503	0.535875	0.538477	0.53915	0.520807	0.540094	0.472068	0.488593	0.48713	0.471216	0.47933	0.47042	0.508169	0.507844	0.504267	0.50821	0.510259	0.509143	0.500835	0.500175	0.498862	0.497988	0.496204	0.49837	0.524257	0.465964	0.493236	0.482252	0.47192	0.489711
ERR636728	0.458919	0.438887	0.440691	0.441426	0.455905	0.442396	0.321168	0.317449	0.314676	0.318982	0.331306	0.317515	0.270786	0.267176	0.261958	0.261679	0.260168	0.26329	0.395445	0.39648	0.400197	0.390541	0.393802	0.39645	0.290566	0.287148	0.286577	0.285824	0.29753	0.291234	0.306896	0.305592	0.341602	0.305973	0.30821	0.304072	0.439403	0.448133	0.440343	0.440609	0.448748	0.441369	0.232526	0	0.233678	0.232786	0.234703	0.233388	0.508486	0.523483	0.527123	0.53702	0.508822	0.508835	0.381586	0.375811	0.367222	0.371418	0.367037	0.367117	0.588956	0.575069	0.578682	0.587475	0.578881	0.590975	0.520945	0.532852	0.536394	0.536235	0.518809	0.537299	0.470021	0.487234	0.485806	0.469525	0.477405	0.468641	0.508074	0.507856	0.504288	0.508532	0.51062	0.509033	0.500537	0.500101	0.498783	0.498083	0.496339	0.499395	0.525378	0.466484	0.492769	0.483213	0.472925	0.489408
ERR636730	0.46504	0.438251	0.440672	0.44156	0.461667	0.444512	0.322324	0.322376	0.318308	0.32324	0.329629	0.323367	0.276332	0.2739	0.263965	0.264502	0.262002	0.266859	0.403033	0.405575	0.414025	0.402033	0.403133	0.405829	0.29478	0.290865	0.291348	0.290602	0.299655	0.296781	0.30362	0.310293	0.332218	0.303294	0.304932	0.303441	0.440712	0.445961	0.442575	0.442556	0.446485	0.443528	0.234002	0.233678	0	0.229488	0.230526	0.228882	0.514248	0.528178	0.531491	0.540869	0.514724	0.514527	0.379994	0.375272	0.370739	0.371806	0.368869	0.371876	0.595328	0.582092	0.585233	0.593601	0.585114	0.597357	0.528778	0.538013	0.538673	0.540727	0.524808	0.542134	0.473958	0.487684	0.48656	0.47304	0.479893	0.472601	0.509593	0.509356	0.506433	0.509442	0.511091	0.510524	0.508207	0.507438	0.506098	0.505827	0.503794	0.505158	0.52094	0.467191	0.491869	0.481032	0.472114	0.488693
