	ERR608936	ERR608932	ERR608935	ERR608934	ERR608931	ERR608933	ERR618509	ERR618511	ERR618507	ERR618510	ERR618508	ERR618512	ERR626425	ERR626424	ERR626428	ERR626427	ERR626426	ERR626423	ERR630233	ERR630231	ERR630235	ERR630232	ERR630230	ERR630234	ERR636646	ERR636648	ERR636643	ERR636645	ERR636647	ERR636644	ERR612548	ERR612552	ERR612547	ERR612549	ERR612551	ERR612550	ERR612254	ERR612251	ERR612252	ERR612253	ERR612255	ERR612256	ERR607656	ERR607654	ERR607655	ERR607652	ERR607653	ERR607651	ERR618349	ERR618347	ERR618345	ERR618346	ERR618348	ERR618350	ERR630009	ERR630006	ERR630008	ERR630007	ERR630011	ERR630010	ERR614984	ERR614980	ERR614979	ERR614982	ERR614983	ERR614981	ERR608706	ERR608703	ERR608704	ERR608702	ERR608705	ERR608701	ERR607851	ERR607852	ERR607853	ERR607854	ERR607849	ERR607850	ERR618293	ERR618292	ERR618295	ERR618296	ERR618291	ERR618294	ERR616857	ERR616858	ERR616854	ERR616855	ERR616853	ERR616856	ERR621926	ERR621925	ERR621927	ERR621930	ERR621928	ERR621929
ERR608936	6.51279e+09	7.18776e+09	6.3972e+09	6.46017e+09	6.13776e+09	7.45014e+09	6.12579e+09	6.46821e+09	6.50802e+09	6.34036e+09	5.74789e+09	6.54114e+09	6.30561e+09	6.26076e+09	6.57576e+09	5.14606e+09	5.20204e+09	6.6808e+09	6.32485e+09	5.69689e+09	6.03183e+09	5.53423e+09	6.22312e+09	6.29424e+09	6.66315e+09	7.07354e+09	7.07413e+09	6.25302e+09	6.66381e+09	6.77012e+09	5.91732e+09	6.19578e+09	7.14112e+09	6.86158e+09	6.26997e+09	6.24617e+09	6.69076e+09	6.88382e+09	6.69662e+09	6.7101e+09	5.845e+09	6.51488e+09	7.4478e+09	7.34682e+09	7.38405e+09	7.23393e+09	7.22123e+09	6.99695e+09	4.68379e+09	4.143e+09	3.58388e+09	4.00477e+09	4.27641e+09	4.66017e+09	5.07035e+09	6.46564e+09	6.22889e+09	5.88841e+09	5.95429e+09	5.83141e+09	6.1389e+09	5.406e+09	5.28865e+09	6.04991e+09	6.0056e+09	5.27225e+09	6.29362e+09	6.62186e+09	6.31177e+09	6.38356e+09	6.291e+09	5.05536e+09	4.47952e+09	4.97349e+09	4.96923e+09	5.01068e+09	4.46132e+09	4.56558e+09	5.22582e+09	5.04899e+09	5.02786e+09	4.92649e+09	5.10334e+09	5.14025e+09	6.24249e+09	6.271e+09	6.67029e+09	6.93385e+09	6.67147e+09	6.2033e+09	4.7474e+09	5.1e+09	4.70841e+09	5.24953e+09	5.20944e+09	5.16078e+09
ERR608932	7.18776e+09	8.52717e+09	7.28699e+09	7.36453e+09	6.9844e+09	8.6144e+09	6.97006e+09	7.38416e+09	7.4358e+09	7.22759e+09	6.51815e+09	7.47394e+09	7.18896e+09	7.13334e+09	7.5199e+09	5.79875e+09	5.86439e+09	7.64751e+09	7.24311e+09	6.47449e+09	6.88777e+09	6.27873e+09	7.1177e+09	7.20376e+09	7.62122e+09	8.14065e+09	8.14141e+09	7.11605e+09	7.62207e+09	7.75892e+09	6.74297e+09	7.07968e+09	8.2396e+09	7.89411e+09	7.16949e+09	7.13982e+09	7.66672e+09	7.90645e+09	7.67551e+09	7.69141e+09	6.6371e+09	7.45081e+09	8.61523e+09	8.4875e+09	8.53482e+09	8.34196e+09	8.32744e+09	8.04407e+09	5.29698e+09	4.68161e+09	4.02684e+09	4.51969e+09	4.82354e+09	5.26755e+09	5.73741e+09	7.40943e+09	7.12173e+09	6.70854e+09	6.79294e+09	6.64399e+09	6.98571e+09	6.11024e+09	5.97049e+09	6.87716e+09	6.82447e+09	5.95146e+09	7.19058e+09	7.59272e+09	7.21246e+09	7.30113e+09	7.18806e+09	5.71839e+09	5.08406e+09	5.66568e+09	5.66099e+09	5.70956e+09	5.06288e+09	5.18527e+09	5.97497e+09	5.76506e+09	5.74296e+09	5.6221e+09	5.83198e+09	5.87432e+09	7.12536e+09	7.16063e+09	7.65368e+09	7.98271e+09	7.65913e+09	7.07769e+09	5.34755e+09	5.76631e+09	5.30313e+09	5.94426e+09	5.89712e+09	5.83896e+09
ERR608935	6.3972e+09	7.28699e+09	6.68051e+09	6.54503e+09	6.21553e+09	7.55475e+09	6.20281e+09	6.55255e+09	6.59226e+09	6.42127e+09	5.81786e+09	6.62666e+09	6.38593e+09	6.33981e+09	6.66204e+09	5.20645e+09	5.26316e+09	6.76866e+09	6.4093e+09	5.76954e+09	6.11109e+09	5.60497e+09	6.30583e+09	6.37762e+09	6.75268e+09	7.17024e+09	7.17109e+09	6.33458e+09	6.75364e+09	6.86183e+09	5.99192e+09	6.27557e+09	7.2376e+09	6.95237e+09	6.35102e+09	6.32668e+09	6.77879e+09	6.9759e+09	6.78505e+09	6.79821e+09	5.91746e+09	6.59991e+09	7.55118e+09	7.44866e+09	7.48657e+09	7.33368e+09	7.32057e+09	7.0927e+09	4.73948e+09	4.19315e+09	3.62565e+09	4.05332e+09	4.32565e+09	4.7153e+09	5.13014e+09	6.54911e+09	6.30796e+09	5.96225e+09	6.02879e+09	5.9033e+09	6.21723e+09	5.47131e+09	5.35171e+09	6.127e+09	6.08212e+09	5.33603e+09	6.37552e+09	6.7107e+09	6.39402e+09	6.46792e+09	6.37324e+09	5.11621e+09	4.53245e+09	5.03432e+09	5.02994e+09	5.07179e+09	4.51374e+09	4.61988e+09	5.28985e+09	5.11066e+09	5.08901e+09	4.98594e+09	5.1647e+09	5.20292e+09	6.3245e+09	6.35398e+09	6.7613e+09	7.02972e+09	6.76274e+09	6.28473e+09	4.80171e+09	5.16095e+09	4.76256e+09	5.31242e+09	5.2725e+09	5.22214e+09
ERR608934	6.46017e+09	7.36453e+09	6.54503e+09	6.81368e+09	6.27769e+09	7.63672e+09	6.26414e+09	6.61894e+09	6.65965e+09	6.48629e+09	5.87406e+09	6.69351e+09	6.44907e+09	6.40189e+09	6.72856e+09	5.25313e+09	5.3107e+09	6.83764e+09	6.47291e+09	5.82472e+09	6.17071e+09	5.65721e+09	6.36824e+09	6.4413e+09	6.82155e+09	7.246e+09	7.24686e+09	6.3969e+09	6.8228e+09	6.93263e+09	6.05187e+09	6.33943e+09	7.31752e+09	7.02787e+09	6.4165e+09	6.39131e+09	6.85039e+09	7.05056e+09	6.85609e+09	6.87035e+09	5.97539e+09	6.66862e+09	7.63314e+09	7.52899e+09	7.56744e+09	7.41152e+09	7.3982e+09	7.16734e+09	4.7807e+09	4.23134e+09	3.65718e+09	4.08958e+09	4.36256e+09	4.75672e+09	5.17707e+09	6.61654e+09	6.37145e+09	6.0205e+09	6.08781e+09	5.96059e+09	6.27725e+09	5.52134e+09	5.39993e+09	6.18538e+09	6.14042e+09	5.38422e+09	6.43879e+09	6.77895e+09	6.45725e+09	6.5321e+09	6.43613e+09	5.16193e+09	4.57305e+09	5.08056e+09	5.07692e+09	5.11898e+09	4.55417e+09	4.6612e+09	5.3408e+09	5.15873e+09	5.13693e+09	5.03253e+09	5.21445e+09	5.25277e+09	6.38725e+09	6.41703e+09	6.83039e+09	7.1025e+09	6.83183e+09	6.34697e+09	4.84492e+09	5.20852e+09	4.80474e+09	5.36218e+09	5.32084e+09	5.27103e+09
ERR608931	6.13776e+09	6.9844e+09	6.21553e+09	6.27769e+09	6.20854e+09	7.22283e+09	5.97066e+09	6.28369e+09	6.33404e+09	6.15995e+09	5.61303e+09	6.35372e+09	6.09942e+09	6.05738e+09	6.35744e+09	4.97309e+09	5.02462e+09	6.45604e+09	6.19859e+09	5.59846e+09	5.93231e+09	5.43539e+09	6.09867e+09	6.16667e+09	6.47258e+09	6.86464e+09	6.86363e+09	6.1102e+09	6.47374e+09	6.58396e+09	5.71236e+09	5.97145e+09	6.87313e+09	6.6208e+09	6.04582e+09	6.02007e+09	6.48311e+09	6.66107e+09	6.49568e+09	6.50416e+09	5.67209e+09	6.31353e+09	7.23316e+09	7.14066e+09	7.17523e+09	7.0225e+09	7.02039e+09	6.80958e+09	4.54849e+09	3.859e+09	3.34433e+09	3.73069e+09	4.16065e+09	4.52221e+09	4.9674e+09	6.27568e+09	6.04906e+09	5.7299e+09	5.82104e+09	5.70159e+09	5.98343e+09	5.28005e+09	5.17009e+09	5.89689e+09	5.85619e+09	5.14341e+09	6.11554e+09	6.42541e+09	6.13062e+09	6.20551e+09	6.11141e+09	4.95128e+09	4.30511e+09	4.77534e+09	4.76984e+09	4.80984e+09	4.29484e+09	4.39176e+09	5.02164e+09	4.85661e+09	4.84099e+09	4.74637e+09	4.92119e+09	4.94314e+09	6.10637e+09	6.13306e+09	6.49309e+09	6.74079e+09	6.50679e+09	6.07006e+09	4.55643e+09	4.88487e+09	4.51976e+09	5.0298e+09	4.98964e+09	4.94568e+09
ERR608933	7.45014e+09	8.6144e+09	7.55475e+09	7.63672e+09	7.22283e+09	9.2437e+09	7.21995e+09	7.66144e+09	7.71232e+09	7.49653e+09	6.74273e+09	7.75668e+09	7.46677e+09	7.40634e+09	7.81865e+09	6.0089e+09	6.07759e+09	7.95442e+09	7.50018e+09	6.68455e+09	7.11861e+09	6.48059e+09	7.36791e+09	7.45849e+09	7.90713e+09	8.46572e+09	8.46796e+09	7.35892e+09	7.90824e+09	8.05271e+09	7.0131e+09	7.3706e+09	8.60816e+09	8.23247e+09	7.46504e+09	7.43431e+09	7.97102e+09	8.22967e+09	7.97806e+09	7.99671e+09	6.88155e+09	7.74184e+09	8.97682e+09	8.83787e+09	8.88869e+09	8.68259e+09	8.6636e+09	8.357e+09	5.48794e+09	4.90971e+09	4.21343e+09	4.73837e+09	4.9923e+09	5.45839e+09	5.93161e+09	7.70231e+09	7.39624e+09	6.95712e+09	7.03975e+09	6.88196e+09	7.23666e+09	6.31738e+09	6.17049e+09	7.12238e+09	7.06634e+09	6.15329e+09	7.46167e+09	7.89038e+09	7.4854e+09	7.57744e+09	7.45974e+09	5.90739e+09	5.29034e+09	5.90381e+09	5.89895e+09	5.94934e+09	5.26639e+09	5.39519e+09	6.23171e+09	6.00839e+09	5.98471e+09	5.85621e+09	6.0756e+09	6.12478e+09	7.37342e+09	7.41107e+09	7.9442e+09	8.29897e+09	7.94669e+09	7.32298e+09	5.55208e+09	5.99593e+09	5.50567e+09	6.18323e+09	6.13451e+09	6.07253e+09
ERR618509	6.12579e+09	6.97006e+09	6.20281e+09	6.26414e+09	5.97066e+09	7.21995e+09	6.30958e+09	6.44174e+09	6.48649e+09	6.31489e+09	5.73859e+09	6.51421e+09	6.23016e+09	6.18646e+09	6.49505e+09	5.08428e+09	5.13862e+09	6.59701e+09	6.25395e+09	5.63595e+09	5.96901e+09	5.47472e+09	6.15271e+09	6.22348e+09	6.53575e+09	6.94304e+09	6.94337e+09	6.14271e+09	6.53671e+09	6.6469e+09	5.75849e+09	6.02545e+09	6.93694e+09	6.67104e+09	6.0963e+09	6.07275e+09	6.50631e+09	6.69251e+09	6.5157e+09	6.52655e+09	5.68983e+09	6.3362e+09	7.26872e+09	7.17213e+09	7.20754e+09	7.05668e+09	7.04773e+09	6.82644e+09	4.65875e+09	4.07706e+09	3.53089e+09	3.94252e+09	4.25676e+09	4.63429e+09	5.02237e+09	6.38336e+09	6.15076e+09	5.81829e+09	5.89145e+09	5.76964e+09	6.01877e+09	5.30674e+09	5.1921e+09	5.93168e+09	5.88857e+09	5.17448e+09	6.23846e+09	6.5589e+09	6.25552e+09	6.32873e+09	6.23556e+09	5.02908e+09	4.467e+09	4.95433e+09	4.94928e+09	4.99004e+09	4.45121e+09	4.55236e+09	5.2039e+09	5.03061e+09	5.01252e+09	4.91206e+09	5.08981e+09	5.1218e+09	6.18369e+09	6.21195e+09	6.60048e+09	6.86021e+09	6.60735e+09	6.14541e+09	4.69894e+09	5.04335e+09	4.66222e+09	5.18987e+09	5.14951e+09	5.10343e+09
ERR618511	6.46821e+09	7.38416e+09	6.55255e+09	6.61894e+09	6.28369e+09	7.66144e+09	6.44174e+09	7.02672e+09	6.85134e+09	6.6753e+09	6.03728e+09	6.89096e+09	6.59047e+09	6.54187e+09	6.87948e+09	5.35878e+09	5.41827e+09	6.99026e+09	6.59418e+09	5.92568e+09	6.28058e+09	5.75474e+09	6.48583e+09	6.56123e+09	6.91591e+09	7.3588e+09	7.35989e+09	6.476e+09	6.91675e+09	7.03244e+09	6.09125e+09	6.38334e+09	7.37443e+09	7.07943e+09	6.45968e+09	6.43505e+09	6.89064e+09	7.09452e+09	6.89713e+09	6.90995e+09	6.00558e+09	6.70597e+09	7.7096e+09	7.60289e+09	7.6419e+09	7.48098e+09	7.46727e+09	7.22588e+09	4.89928e+09	4.35351e+09	3.7607e+09	4.20806e+09	4.46994e+09	4.87482e+09	5.26946e+09	6.74928e+09	6.49605e+09	6.13477e+09	6.20289e+09	6.07271e+09	6.34729e+09	5.57906e+09	5.45507e+09	6.25362e+09	6.20598e+09	5.44008e+09	6.5911e+09	6.94144e+09	6.61091e+09	6.68735e+09	6.5892e+09	5.27868e+09	4.71566e+09	5.23893e+09	5.23402e+09	5.27733e+09	4.69609e+09	4.80527e+09	5.50793e+09	5.31949e+09	5.29838e+09	5.19013e+09	5.37717e+09	5.41805e+09	6.51998e+09	6.55108e+09	6.9814e+09	7.26512e+09	6.98336e+09	6.47821e+09	4.96026e+09	5.33475e+09	4.921e+09	5.49255e+09	5.45081e+09	5.39883e+09
ERR618507	6.50802e+09	7.4358e+09	6.59226e+09	6.65965e+09	6.33404e+09	7.71232e+09	6.48649e+09	6.85134e+09	7.12037e+09	6.71257e+09	6.08165e+09	6.93071e+09	6.62537e+09	6.57741e+09	6.91605e+09	5.37958e+09	5.43859e+09	7.03006e+09	6.65419e+09	5.98017e+09	6.34206e+09	5.80605e+09	6.54488e+09	6.62071e+09	6.95918e+09	7.40679e+09	7.40747e+09	6.52482e+09	6.95978e+09	7.08012e+09	6.11761e+09	6.4093e+09	7.40817e+09	7.11513e+09	6.48726e+09	6.46169e+09	6.92888e+09	7.13556e+09	6.93932e+09	6.95014e+09	6.03645e+09	6.74275e+09	7.76513e+09	7.65808e+09	7.69694e+09	7.53241e+09	7.52137e+09	7.2774e+09	4.92645e+09	4.33011e+09	3.74073e+09	4.18518e+09	4.49587e+09	4.90037e+09	5.3096e+09	6.79724e+09	6.54279e+09	6.17834e+09	6.25382e+09	6.12128e+09	6.39226e+09	5.61695e+09	5.49256e+09	6.29716e+09	6.24909e+09	5.4755e+09	6.63624e+09	6.98859e+09	6.65567e+09	6.7344e+09	6.63358e+09	5.31851e+09	4.73435e+09	5.25883e+09	5.25391e+09	5.29801e+09	4.716e+09	4.82504e+09	5.52961e+09	5.34092e+09	5.32158e+09	5.21336e+09	5.40487e+09	5.43978e+09	6.57598e+09	6.60673e+09	7.03488e+09	7.32125e+09	7.04169e+09	6.53396e+09	4.97541e+09	5.35068e+09	4.93491e+09	5.50783e+09	5.46456e+09	5.41406e+09
ERR618510	6.34036e+09	7.22759e+09	6.42127e+09	6.48629e+09	6.15995e+09	7.49653e+09	6.31489e+09	6.6753e+09	6.71257e+09	6.7502e+09	5.92126e+09	6.7513e+09	6.45917e+09	6.41165e+09	6.73926e+09	5.26195e+09	5.31954e+09	6.8469e+09	6.45836e+09	5.8075e+09	6.15318e+09	5.64134e+09	6.35258e+09	6.42644e+09	6.77545e+09	7.20399e+09	7.2051e+09	6.34764e+09	6.77521e+09	6.88786e+09	5.97182e+09	6.25539e+09	7.2174e+09	6.93121e+09	6.33025e+09	6.30558e+09	6.74895e+09	6.94726e+09	6.75501e+09	6.76824e+09	5.88957e+09	6.57005e+09	7.54365e+09	7.44025e+09	7.47828e+09	7.322e+09	7.30899e+09	7.07568e+09	4.80955e+09	4.27382e+09	3.69479e+09	4.13138e+09	4.38909e+09	4.78535e+09	5.17156e+09	6.61015e+09	6.36503e+09	6.01357e+09	6.08004e+09	5.95305e+09	6.22251e+09	5.47375e+09	5.35326e+09	6.13099e+09	6.08444e+09	5.33879e+09	6.45686e+09	6.79663e+09	6.47563e+09	6.55006e+09	6.45461e+09	5.17983e+09	4.627e+09	5.13813e+09	5.13314e+09	5.17585e+09	4.60799e+09	4.71475e+09	5.39958e+09	5.21561e+09	5.19472e+09	5.08873e+09	5.27205e+09	5.31142e+09	6.38755e+09	6.41757e+09	6.83553e+09	7.11076e+09	6.83666e+09	6.34649e+09	4.86964e+09	5.23497e+09	4.83155e+09	5.3883e+09	5.34737e+09	5.29699e+09
ERR618508	5.74789e+09	6.51815e+09	5.81786e+09	5.87406e+09	5.61303e+09	6.74273e+09	5.73859e+09	6.03728e+09	6.08165e+09	5.92126e+09	5.5832e+09	6.10294e+09	5.83969e+09	5.80165e+09	6.08149e+09	4.78821e+09	4.83784e+09	6.17527e+09	5.87415e+09	5.30771e+09	5.6145e+09	5.15893e+09	5.78148e+09	5.84504e+09	6.12159e+09	6.49239e+09	6.49261e+09	5.7697e+09	6.12233e+09	6.22421e+09	5.4022e+09	5.64516e+09	6.47755e+09	6.238e+09	5.71162e+09	5.68888e+09	6.09074e+09	6.26061e+09	6.1023e+09	6.10936e+09	5.34436e+09	5.93533e+09	6.79161e+09	6.70441e+09	6.73591e+09	6.5974e+09	6.59144e+09	6.3899e+09	4.39306e+09	3.81117e+09	3.3079e+09	3.6871e+09	4.02067e+09	4.37007e+09	4.7407e+09	5.9841e+09	5.77196e+09	5.46922e+09	5.53874e+09	5.42755e+09	5.65425e+09	5.00239e+09	4.89782e+09	5.57465e+09	5.53444e+09	4.87994e+09	5.84961e+09	6.14076e+09	5.86508e+09	5.9324e+09	5.84733e+09	4.74307e+09	4.2028e+09	4.65265e+09	4.64773e+09	4.68547e+09	4.18985e+09	4.28279e+09	4.88196e+09	4.72231e+09	4.70555e+09	4.61348e+09	4.7792e+09	4.80511e+09	5.80975e+09	5.83482e+09	6.18459e+09	6.42121e+09	6.19364e+09	5.77457e+09	4.42544e+09	4.7406e+09	4.39043e+09	4.87461e+09	4.83767e+09	4.79555e+09
ERR618512	6.54114e+09	7.47394e+09	6.62666e+09	6.69351e+09	6.35372e+09	7.75668e+09	6.51421e+09	6.89096e+09	6.93071e+09	6.7513e+09	6.10294e+09	7.19109e+09	6.66652e+09	6.61701e+09	6.96025e+09	5.41537e+09	5.47551e+09	7.07329e+09	6.66937e+09	5.98932e+09	6.35079e+09	5.81565e+09	6.55865e+09	6.63602e+09	6.99705e+09	7.44857e+09	7.44934e+09	6.54973e+09	6.99725e+09	7.11511e+09	6.1597e+09	6.45643e+09	7.46517e+09	7.16472e+09	6.53411e+09	6.50898e+09	6.97019e+09	7.17844e+09	6.97741e+09	6.99081e+09	6.07076e+09	6.78279e+09	7.80541e+09	7.69609e+09	7.73589e+09	7.57169e+09	7.55765e+09	7.31183e+09	4.95265e+09	4.40009e+09	3.79902e+09	4.25222e+09	4.51704e+09	4.92681e+09	5.3266e+09	6.82922e+09	6.57262e+09	6.20477e+09	6.27545e+09	6.14201e+09	6.419e+09	5.63795e+09	5.51215e+09	6.32272e+09	6.275e+09	5.4971e+09	6.66796e+09	7.02446e+09	6.6875e+09	6.76596e+09	6.66597e+09	5.33536e+09	4.76879e+09	5.29976e+09	5.29501e+09	5.33889e+09	4.74894e+09	4.85954e+09	5.57284e+09	5.3819e+09	5.3601e+09	5.25045e+09	5.44059e+09	5.4813e+09	6.59437e+09	6.62551e+09	7.06323e+09	7.3528e+09	7.06579e+09	6.55149e+09	5.01222e+09	5.39281e+09	4.97234e+09	5.55249e+09	5.51023e+09	5.45725e+09
ERR626425	6.30561e+09	7.18896e+09	6.38593e+09	6.44907e+09	6.09942e+09	7.46677e+09	6.23016e+09	6.59047e+09	6.62537e+09	6.45917e+09	5.83969e+09	6.66652e+09	6.75747e+09	6.49626e+09	6.82747e+09	5.33916e+09	5.39693e+09	6.93959e+09	6.39433e+09	5.7418e+09	6.07885e+09	5.58198e+09	6.28882e+09	6.36245e+09	6.73325e+09	7.17219e+09	7.17297e+09	6.28723e+09	6.73274e+09	6.84141e+09	6.00117e+09	6.29116e+09	7.25706e+09	6.96452e+09	6.36418e+09	6.34091e+09	6.75125e+09	6.9546e+09	6.75471e+09	6.77151e+09	5.89207e+09	6.57222e+09	7.52832e+09	7.4195e+09	7.45973e+09	7.30143e+09	7.28467e+09	7.0411e+09	4.8561e+09	4.44981e+09	3.84606e+09	4.30251e+09	4.43373e+09	4.83505e+09	5.16555e+09	6.62624e+09	6.37973e+09	6.02452e+09	6.07435e+09	5.94758e+09	6.21569e+09	5.47321e+09	5.35057e+09	6.1269e+09	6.08013e+09	5.34253e+09	6.46208e+09	6.79916e+09	6.48159e+09	6.5505e+09	6.46054e+09	5.17828e+09	4.72616e+09	5.24345e+09	5.23929e+09	5.28202e+09	4.70399e+09	4.81182e+09	5.51039e+09	5.3218e+09	5.29809e+09	5.19035e+09	5.3746e+09	5.41832e+09	6.35318e+09	6.38328e+09	6.81345e+09	7.09959e+09	6.81003e+09	6.31186e+09	4.96605e+09	5.33772e+09	4.92602e+09	5.49118e+09	5.45144e+09	5.39984e+09
ERR626424	6.26076e+09	7.13334e+09	6.33981e+09	6.40189e+09	6.05738e+09	7.40634e+09	6.18646e+09	6.54187e+09	6.57741e+09	6.41165e+09	5.80165e+09	6.61701e+09	6.49626e+09	6.66029e+09	6.77526e+09	5.30254e+09	5.35943e+09	6.88644e+09	6.35272e+09	5.70757e+09	6.04157e+09	5.54859e+09	6.24807e+09	6.32104e+09	6.68228e+09	7.11611e+09	7.11633e+09	6.24527e+09	6.68179e+09	6.79051e+09	5.95525e+09	6.2418e+09	7.19708e+09	6.90937e+09	6.31421e+09	6.29126e+09	6.69856e+09	6.90019e+09	6.70476e+09	6.71889e+09	5.84909e+09	6.5218e+09	7.46934e+09	7.3617e+09	7.40155e+09	7.24479e+09	7.22903e+09	6.98809e+09	4.82395e+09	4.40739e+09	3.81073e+09	4.26089e+09	4.40605e+09	4.80334e+09	5.13485e+09	6.58072e+09	6.33741e+09	5.98618e+09	6.03609e+09	5.91046e+09	6.17355e+09	5.43798e+09	5.31712e+09	6.08491e+09	6.0392e+09	5.30867e+09	6.41626e+09	6.74952e+09	6.43521e+09	6.50368e+09	6.41524e+09	5.14587e+09	4.6945e+09	5.20579e+09	5.20177e+09	5.24416e+09	4.67282e+09	4.7792e+09	5.46935e+09	5.28285e+09	5.25966e+09	5.15264e+09	5.33605e+09	5.37805e+09	6.31281e+09	6.34251e+09	6.7656e+09	7.04859e+09	6.76344e+09	6.27193e+09	4.93403e+09	5.30067e+09	4.8928e+09	5.4525e+09	5.41289e+09	5.36173e+09
ERR626428	6.57576e+09	7.5199e+09	6.66204e+09	6.72856e+09	6.35744e+09	7.81865e+09	6.49505e+09	6.87948e+09	6.91605e+09	6.73926e+09	6.08149e+09	6.96025e+09	6.82747e+09	6.77526e+09	7.35927e+09	5.54926e+09	5.61027e+09	7.24952e+09	6.67839e+09	5.98615e+09	6.34431e+09	5.81663e+09	6.56645e+09	6.64431e+09	7.03327e+09	7.5025e+09	7.50318e+09	6.55756e+09	7.03259e+09	7.1488e+09	6.25703e+09	6.56559e+09	7.59668e+09	7.28327e+09	6.64357e+09	6.6187e+09	7.05391e+09	7.27149e+09	7.05785e+09	7.07551e+09	6.13904e+09	6.86336e+09	7.88351e+09	7.76635e+09	7.80956e+09	7.64072e+09	7.62184e+09	7.36117e+09	5.04851e+09	4.63157e+09	3.99532e+09	4.47598e+09	4.60479e+09	5.02576e+09	5.36891e+09	6.91883e+09	6.65597e+09	6.27783e+09	6.33118e+09	6.19669e+09	6.48015e+09	5.69289e+09	5.56341e+09	6.38554e+09	6.33578e+09	5.55484e+09	6.74685e+09	7.10751e+09	6.7681e+09	6.84124e+09	6.74615e+09	5.3864e+09	4.91615e+09	5.46085e+09	5.45636e+09	5.50137e+09	4.89247e+09	5.00619e+09	5.74387e+09	5.54467e+09	5.52015e+09	5.40609e+09	5.6002e+09	5.64702e+09	6.63188e+09	6.66401e+09	7.12262e+09	7.42786e+09	7.11873e+09	6.58799e+09	5.16167e+09	5.55471e+09	5.11934e+09	5.71822e+09	5.67592e+09	5.62129e+09
ERR626427	5.14606e+09	5.79875e+09	5.20645e+09	5.25313e+09	4.97309e+09	6.0089e+09	5.08428e+09	5.35878e+09	5.37958e+09	5.26195e+09	4.78821e+09	5.41537e+09	5.33916e+09	5.30254e+09	5.54926e+09	4.60537e+09	4.49056e+09	5.63074e+09	5.1719e+09	4.67365e+09	4.92572e+09	4.55408e+09	5.09259e+09	5.14944e+09	5.46292e+09	5.78786e+09	5.78853e+09	5.11909e+09	5.46234e+09	5.53989e+09	4.92871e+09	5.14798e+09	5.86851e+09	5.64642e+09	5.2017e+09	5.18566e+09	5.48046e+09	5.63409e+09	5.48153e+09	5.49412e+09	4.83849e+09	5.34782e+09	6.04941e+09	5.96803e+09	5.99803e+09	5.88403e+09	5.86839e+09	5.68763e+09	4.03821e+09	3.75432e+09	3.27102e+09	3.63665e+09	3.70094e+09	4.02361e+09	4.26907e+09	5.38135e+09	5.19827e+09	4.93029e+09	4.95652e+09	4.86186e+09	5.07303e+09	4.51168e+09	4.41789e+09	5.00681e+09	4.97108e+09	4.41628e+09	5.25043e+09	5.50263e+09	5.26575e+09	5.31445e+09	5.24952e+09	4.26986e+09	3.93648e+09	4.34327e+09	4.34019e+09	4.37463e+09	3.91727e+09	4.00265e+09	4.54339e+09	4.39618e+09	4.37423e+09	4.28941e+09	4.43202e+09	4.47103e+09	5.1529e+09	5.17592e+09	5.5062e+09	5.72135e+09	5.4986e+09	5.12107e+09	4.14531e+09	4.4312e+09	4.11376e+09	4.5484e+09	4.51911e+09	4.47871e+09
ERR626426	5.20204e+09	5.86439e+09	5.26316e+09	5.3107e+09	5.02462e+09	6.07759e+09	5.13862e+09	5.41827e+09	5.43859e+09	5.31954e+09	4.83784e+09	5.47551e+09	5.39693e+09	5.35943e+09	5.61027e+09	4.49056e+09	4.69767e+09	5.69283e+09	5.22768e+09	4.72176e+09	4.97759e+09	4.60077e+09	5.14733e+09	5.20484e+09	5.52444e+09	5.85356e+09	5.8546e+09	5.17435e+09	5.52432e+09	5.60211e+09	4.98236e+09	5.20553e+09	5.93676e+09	5.71094e+09	5.25985e+09	5.24292e+09	5.54209e+09	5.69817e+09	5.54306e+09	5.55648e+09	4.89028e+09	5.40791e+09	6.11853e+09	6.03591e+09	6.06601e+09	5.95044e+09	5.93448e+09	5.7511e+09	4.07788e+09	3.79329e+09	3.30344e+09	3.67393e+09	3.73554e+09	4.06297e+09	4.30998e+09	5.43919e+09	5.25314e+09	4.98119e+09	5.00672e+09	4.91096e+09	5.12736e+09	4.5576e+09	4.4615e+09	5.05957e+09	5.02421e+09	4.46039e+09	5.30775e+09	5.56504e+09	5.32367e+09	5.37342e+09	5.30734e+09	4.31177e+09	3.97582e+09	4.38774e+09	4.38454e+09	4.4195e+09	3.95601e+09	4.04244e+09	4.59058e+09	4.44205e+09	4.4192e+09	4.33361e+09	4.47706e+09	4.51654e+09	5.20829e+09	5.23164e+09	5.56813e+09	5.78613e+09	5.56012e+09	5.176e+09	4.18756e+09	4.47839e+09	4.15598e+09	4.5978e+09	4.56745e+09	4.52629e+09
ERR626423	6.6808e+09	7.64751e+09	6.76866e+09	6.83764e+09	6.45604e+09	7.95442e+09	6.59701e+09	6.99026e+09	7.03006e+09	6.8469e+09	6.17527e+09	7.07329e+09	6.93959e+09	6.88644e+09	7.24952e+09	5.63074e+09	5.69283e+09	7.60649e+09	6.79397e+09	6.08659e+09	6.45243e+09	5.9137e+09	6.68029e+09	6.75938e+09	7.14866e+09	7.63019e+09	7.63118e+09	6.6629e+09	7.14817e+09	7.26756e+09	6.3566e+09	6.67266e+09	7.72913e+09	7.40773e+09	6.75165e+09	6.7268e+09	7.16975e+09	7.39433e+09	7.17474e+09	7.19133e+09	6.23323e+09	6.97462e+09	8.02078e+09	7.90075e+09	7.94516e+09	7.77257e+09	7.75314e+09	7.48493e+09	5.12491e+09	4.70474e+09	4.05538e+09	4.54585e+09	4.67335e+09	5.10185e+09	5.44917e+09	7.03769e+09	6.76834e+09	6.37963e+09	6.43299e+09	6.2956e+09	6.58579e+09	5.78031e+09	5.6488e+09	6.48791e+09	6.43739e+09	5.6401e+09	6.86124e+09	7.23122e+09	6.88279e+09	6.95725e+09	6.86039e+09	5.46896e+09	4.99419e+09	5.54938e+09	5.54532e+09	5.59069e+09	4.96956e+09	5.08576e+09	5.83777e+09	5.63404e+09	5.60861e+09	5.49253e+09	5.69133e+09	5.73805e+09	6.74549e+09	6.77862e+09	7.2479e+09	7.56148e+09	7.24435e+09	6.70087e+09	5.24452e+09	5.64681e+09	5.20042e+09	5.81172e+09	5.76831e+09	5.71286e+09
ERR630233	6.32485e+09	7.24311e+09	6.4093e+09	6.47291e+09	6.19859e+09	7.50018e+09	6.25395e+09	6.59418e+09	6.65419e+09	6.45836e+09	5.87415e+09	6.66937e+09	6.39433e+09	6.35272e+09	6.67839e+09	5.1719e+09	5.22768e+09	6.79397e+09	7.76024e+09	6.77513e+09	7.20441e+09	6.56576e+09	7.42001e+09	7.50718e+09	6.96843e+09	7.42027e+09	7.42234e+09	6.56419e+09	6.97041e+09	7.10237e+09	5.86089e+09	6.1355e+09	7.103e+09	6.83019e+09	6.21347e+09	6.18624e+09	6.69707e+09	6.89508e+09	6.71806e+09	6.71794e+09	5.82914e+09	6.51527e+09	7.67351e+09	7.57392e+09	7.61003e+09	7.44429e+09	7.44079e+09	7.2048e+09	5.36265e+09	4.55194e+09	3.94504e+09	4.40366e+09	4.90129e+09	5.33145e+09	5.22694e+09	6.67443e+09	6.42443e+09	6.06307e+09	6.16272e+09	6.02814e+09	6.39809e+09	5.62161e+09	5.49795e+09	6.30048e+09	6.25586e+09	5.47144e+09	7.19053e+09	7.56259e+09	7.20809e+09	7.30048e+09	7.18528e+09	5.80103e+09	5.14089e+09	5.68928e+09	5.68238e+09	5.72704e+09	5.12614e+09	5.23998e+09	5.98926e+09	5.79399e+09	5.77672e+09	5.66296e+09	5.87293e+09	5.89591e+09	7.2263e+09	7.262e+09	7.70448e+09	8.00801e+09	7.72359e+09	7.18339e+09	5.38737e+09	5.77989e+09	5.33986e+09	5.94603e+09	5.89943e+09	5.84694e+09
ERR630231	5.69689e+09	6.47449e+09	5.76954e+09	5.82472e+09	5.59846e+09	6.68455e+09	5.63595e+09	5.92568e+09	5.98017e+09	5.8075e+09	5.30771e+09	5.98932e+09	5.7418e+09	5.70757e+09	5.98615e+09	4.67365e+09	4.72176e+09	6.08659e+09	6.77513e+09	6.31979e+09	6.50043e+09	5.96235e+09	6.67416e+09	6.74333e+09	6.26407e+09	6.63711e+09	6.6389e+09	5.93195e+09	6.26658e+09	6.37686e+09	5.25104e+09	5.48674e+09	6.31244e+09	6.08473e+09	5.55471e+09	5.53053e+09	5.99575e+09	6.16275e+09	6.01607e+09	6.01388e+09	5.25027e+09	5.84007e+09	6.83572e+09	6.75457e+09	6.78419e+09	6.64838e+09	6.64629e+09	6.45223e+09	4.83862e+09	4.05075e+09	3.52907e+09	3.92268e+09	4.43847e+09	4.8117e+09	4.72933e+09	5.97975e+09	5.76379e+09	5.4549e+09	5.54545e+09	5.42922e+09	5.77228e+09	5.09616e+09	4.98865e+09	5.68751e+09	5.64942e+09	4.96281e+09	6.44004e+09	6.75324e+09	6.45394e+09	6.53453e+09	6.43499e+09	5.25519e+09	4.59242e+09	5.06169e+09	5.05601e+09	5.09396e+09	4.58139e+09	4.67863e+09	5.31069e+09	5.14464e+09	5.12863e+09	5.03266e+09	5.21481e+09	5.23045e+09	6.50142e+09	6.53164e+09	6.88901e+09	7.13439e+09	6.90616e+09	6.466e+09	4.85183e+09	5.185e+09	4.80999e+09	5.32729e+09	5.28664e+09	5.24259e+09
ERR630235	6.03183e+09	6.88777e+09	6.11109e+09	6.17071e+09	5.93231e+09	7.11861e+09	5.96901e+09	6.28058e+09	6.34206e+09	6.15318e+09	5.6145e+09	6.35079e+09	6.07885e+09	6.04157e+09	6.34431e+09	4.92572e+09	4.97759e+09	6.45243e+09	7.20441e+09	6.50043e+09	7.09885e+09	6.30084e+09	7.08888e+09	7.16752e+09	6.64196e+09	7.05752e+09	7.05908e+09	6.28122e+09	6.64481e+09	6.76907e+09	5.56361e+09	5.81787e+09	6.71748e+09	6.47036e+09	5.89255e+09	5.86538e+09	6.36573e+09	6.54715e+09	6.3886e+09	6.386e+09	5.55515e+09	6.19625e+09	7.2875e+09	7.19766e+09	7.23086e+09	7.0759e+09	7.07608e+09	6.86069e+09	5.11236e+09	4.25422e+09	3.69613e+09	4.11687e+09	4.68289e+09	5.08166e+09	5.00446e+09	6.34846e+09	6.11477e+09	5.78044e+09	5.88494e+09	5.75883e+09	6.11104e+09	5.38202e+09	5.26672e+09	6.01843e+09	5.97729e+09	5.23682e+09	6.83603e+09	7.17841e+09	6.85093e+09	6.93981e+09	6.83038e+09	5.55456e+09	4.86283e+09	5.3708e+09	5.36391e+09	5.40542e+09	4.85285e+09	4.9577e+09	5.64882e+09	5.46922e+09	5.4545e+09	5.35078e+09	5.5487e+09	5.56292e+09	6.89832e+09	6.9308e+09	7.32473e+09	7.59938e+09	7.34792e+09	6.85949e+09	5.11039e+09	5.46985e+09	5.06518e+09	5.62547e+09	5.58063e+09	5.53388e+09
ERR630232	5.53423e+09	6.27873e+09	5.60497e+09	5.65721e+09	5.43539e+09	6.48059e+09	5.47472e+09	5.75474e+09	5.80605e+09	5.64134e+09	5.15893e+09	5.81565e+09	5.58198e+09	5.54859e+09	5.81663e+09	4.55408e+09	4.60077e+09	5.9137e+09	6.56576e+09	5.96235e+09	6.30084e+09	5.96372e+09	6.47151e+09	6.53566e+09	6.08071e+09	6.43756e+09	6.43908e+09	5.75902e+09	6.08307e+09	6.18734e+09	5.1058e+09	5.33355e+09	6.12671e+09	5.90621e+09	5.39886e+09	5.37575e+09	5.82079e+09	5.98232e+09	5.83933e+09	5.83791e+09	5.10563e+09	5.67197e+09	6.62551e+09	6.54745e+09	6.57626e+09	6.44713e+09	6.44393e+09	6.25809e+09	4.71292e+09	3.96526e+09	3.45909e+09	3.84077e+09	4.3263e+09	4.68734e+09	4.59948e+09	5.80818e+09	5.60089e+09	5.3012e+09	5.38622e+09	5.27381e+09	5.61079e+09	4.95874e+09	4.8553e+09	5.52966e+09	5.49216e+09	4.8316e+09	6.25279e+09	6.55349e+09	6.26599e+09	6.34277e+09	6.24792e+09	5.11093e+09	4.47259e+09	4.92557e+09	4.92e+09	4.95674e+09	4.46063e+09	4.55453e+09	5.16245e+09	5.00251e+09	4.98589e+09	4.89354e+09	5.06851e+09	5.08557e+09	6.306e+09	6.33469e+09	6.68158e+09	6.91524e+09	6.69656e+09	6.27238e+09	4.73365e+09	5.05564e+09	4.69366e+09	5.19185e+09	5.15277e+09	5.11096e+09
ERR630230	6.22312e+09	7.1177e+09	6.30583e+09	6.36824e+09	6.09867e+09	7.36791e+09	6.15271e+09	6.48583e+09	6.54488e+09	6.35258e+09	5.78148e+09	6.55865e+09	6.28882e+09	6.24807e+09	6.56645e+09	5.09259e+09	5.14733e+09	6.68029e+09	7.42001e+09	6.67416e+09	7.08888e+09	6.47151e+09	7.50744e+09	7.38214e+09	6.85736e+09	7.29473e+09	7.29677e+09	6.46388e+09	6.85974e+09	6.9875e+09	5.76131e+09	6.02966e+09	6.97358e+09	6.70733e+09	6.10563e+09	6.07898e+09	6.58134e+09	6.77617e+09	6.6028e+09	6.60237e+09	5.73454e+09	6.40441e+09	7.5352e+09	7.43893e+09	7.47399e+09	7.31588e+09	7.3109e+09	7.0834e+09	5.27534e+09	4.47799e+09	3.88436e+09	4.33256e+09	4.82418e+09	5.24531e+09	5.14143e+09	6.56092e+09	6.31616e+09	5.96192e+09	6.0571e+09	5.92566e+09	6.29652e+09	5.53589e+09	5.41531e+09	6.20051e+09	6.15707e+09	5.38966e+09	7.06722e+09	7.43086e+09	7.08447e+09	7.17442e+09	7.06253e+09	5.70854e+09	5.05016e+09	5.5851e+09	5.57844e+09	5.62165e+09	5.0353e+09	5.14609e+09	5.87428e+09	5.68404e+09	5.66547e+09	5.55507e+09	5.76002e+09	5.78283e+09	7.10725e+09	7.14235e+09	7.57342e+09	7.8658e+09	7.59079e+09	7.0661e+09	5.30291e+09	5.68646e+09	5.25536e+09	5.84793e+09	5.80235e+09	5.75123e+09
ERR630234	6.29424e+09	7.20376e+09	6.37762e+09	6.4413e+09	6.16667e+09	7.45849e+09	6.22348e+09	6.56123e+09	6.62071e+09	6.42644e+09	5.84504e+09	6.63602e+09	6.36245e+09	6.32104e+09	6.64431e+09	5.14944e+09	5.20484e+09	6.75938e+09	7.50718e+09	6.74333e+09	7.16752e+09	6.53566e+09	7.38214e+09	7.67974e+09	6.93577e+09	7.38169e+09	7.38421e+09	6.53405e+09	6.93798e+09	7.06796e+09	5.83119e+09	6.10465e+09	7.06353e+09	6.79234e+09	6.18168e+09	6.15461e+09	6.66207e+09	6.85891e+09	6.68283e+09	6.68307e+09	5.80151e+09	6.48227e+09	7.63023e+09	7.5314e+09	7.56773e+09	7.40475e+09	7.40061e+09	7.16739e+09	5.33776e+09	4.53756e+09	3.9339e+09	4.38991e+09	4.87865e+09	5.30679e+09	5.19991e+09	6.63847e+09	6.39052e+09	6.03159e+09	6.12893e+09	5.99513e+09	6.36704e+09	5.595e+09	5.47241e+09	6.26972e+09	6.22523e+09	5.44634e+09	7.15468e+09	7.52439e+09	7.17208e+09	7.26378e+09	7.14939e+09	5.77338e+09	5.11506e+09	5.66009e+09	5.6531e+09	5.69709e+09	5.10012e+09	5.21326e+09	5.95631e+09	5.76188e+09	5.74425e+09	5.63218e+09	5.839e+09	5.86341e+09	7.18934e+09	7.22493e+09	7.66487e+09	7.96446e+09	7.68218e+09	7.14706e+09	5.36394e+09	5.75411e+09	5.317e+09	5.91941e+09	5.87316e+09	5.82106e+09
ERR636646	6.66315e+09	7.62122e+09	6.75268e+09	6.82155e+09	6.47258e+09	7.90713e+09	6.53575e+09	6.91591e+09	6.95918e+09	6.77545e+09	6.12159e+09	6.99705e+09	6.73325e+09	6.68228e+09	7.03327e+09	5.46292e+09	5.52444e+09	7.14866e+09	6.96843e+09	6.26407e+09	6.64196e+09	6.08071e+09	6.85736e+09	6.93577e+09	7.564e+09	7.81999e+09	7.82259e+09	6.8769e+09	7.35839e+09	7.47652e+09	6.24824e+09	6.55028e+09	7.57682e+09	7.26628e+09	6.62847e+09	6.60273e+09	7.10825e+09	7.32051e+09	7.11294e+09	7.12776e+09	6.1871e+09	6.91692e+09	8.00727e+09	7.89835e+09	7.93862e+09	7.78256e+09	7.76355e+09	7.52108e+09	5.09893e+09	4.57831e+09	3.95296e+09	4.42535e+09	4.65025e+09	5.07274e+09	5.41513e+09	6.95555e+09	6.69431e+09	6.31386e+09	6.38617e+09	6.2495e+09	6.57676e+09	5.76776e+09	5.63835e+09	6.4773e+09	6.4286e+09	5.62164e+09	6.88945e+09	7.26364e+09	6.90994e+09	6.99164e+09	6.88558e+09	5.50274e+09	4.87246e+09	5.41507e+09	5.41242e+09	5.45594e+09	4.85014e+09	4.96516e+09	5.68814e+09	5.49217e+09	5.46993e+09	5.35719e+09	5.54939e+09	5.59537e+09	6.86659e+09	6.89907e+09	7.35434e+09	7.64658e+09	7.35363e+09	6.82311e+09	5.15545e+09	5.54876e+09	5.11475e+09	5.71459e+09	5.67091e+09	5.61575e+09
ERR636648	7.07354e+09	8.14065e+09	7.17024e+09	7.246e+09	6.86464e+09	8.46572e+09	6.94304e+09	7.3588e+09	7.40679e+09	7.20399e+09	6.49239e+09	7.44857e+09	7.17219e+09	7.11611e+09	7.5025e+09	5.78786e+09	5.85356e+09	7.63019e+09	7.42027e+09	6.63711e+09	7.05752e+09	6.43756e+09	7.29473e+09	7.38169e+09	7.81999e+09	8.59404e+09	8.35823e+09	7.28656e+09	7.82018e+09	7.96042e+09	6.6583e+09	6.99114e+09	8.12944e+09	7.78331e+09	7.07752e+09	7.04872e+09	7.57813e+09	7.81618e+09	7.58548e+09	7.60171e+09	6.56586e+09	7.36675e+09	8.5851e+09	8.46014e+09	8.50633e+09	8.32188e+09	8.30298e+09	8.0215e+09	5.42922e+09	4.88672e+09	4.20703e+09	4.72045e+09	4.94603e+09	5.40022e+09	5.75545e+09	7.44108e+09	7.15253e+09	6.73376e+09	6.81608e+09	6.66449e+09	6.9882e+09	6.11078e+09	5.97031e+09	6.87886e+09	6.82595e+09	5.95252e+09	7.34774e+09	7.7586e+09	7.37053e+09	7.45962e+09	7.34516e+09	5.84288e+09	5.21977e+09	5.81081e+09	5.80711e+09	5.85523e+09	5.19629e+09	5.32057e+09	6.11972e+09	5.90493e+09	5.88293e+09	5.75935e+09	5.97045e+09	6.01846e+09	7.3006e+09	7.33672e+09	7.8429e+09	8.17726e+09	7.84693e+09	7.25267e+09	5.48386e+09	5.91163e+09	5.43852e+09	6.09185e+09	6.04505e+09	5.98469e+09
ERR636643	7.07413e+09	8.14141e+09	7.17109e+09	7.24686e+09	6.86363e+09	8.46796e+09	6.94337e+09	7.35989e+09	7.40747e+09	7.2051e+09	6.49261e+09	7.44934e+09	7.17297e+09	7.11633e+09	7.50318e+09	5.78853e+09	5.8546e+09	7.63118e+09	7.42234e+09	6.6389e+09	7.05908e+09	6.43908e+09	7.29677e+09	7.38421e+09	7.82259e+09	8.35823e+09	8.59989e+09	7.28864e+09	7.82206e+09	7.96429e+09	6.65877e+09	6.9911e+09	8.13026e+09	7.78302e+09	7.0768e+09	7.04892e+09	7.57847e+09	7.81624e+09	7.58495e+09	7.6015e+09	6.56592e+09	7.36699e+09	8.58721e+09	8.46196e+09	8.5078e+09	8.32381e+09	8.3044e+09	8.02316e+09	5.43124e+09	4.89491e+09	4.21294e+09	4.72794e+09	4.94735e+09	5.40267e+09	5.7541e+09	7.44038e+09	7.15238e+09	6.73254e+09	6.8133e+09	6.66225e+09	6.98865e+09	6.11072e+09	5.96983e+09	6.87907e+09	6.82567e+09	5.95249e+09	7.35113e+09	7.76392e+09	7.37414e+09	7.4633e+09	7.34845e+09	5.84398e+09	5.22247e+09	5.81484e+09	5.81131e+09	5.85893e+09	5.19841e+09	5.32374e+09	6.12273e+09	5.90752e+09	5.88514e+09	5.7613e+09	5.97238e+09	6.02115e+09	7.30105e+09	7.33766e+09	7.84647e+09	8.18157e+09	7.84889e+09	7.25328e+09	5.48545e+09	5.91419e+09	5.44021e+09	6.09411e+09	6.04774e+09	5.98721e+09
ERR636645	6.25302e+09	7.11605e+09	6.33458e+09	6.3969e+09	6.1102e+09	7.35892e+09	6.14271e+09	6.476e+09	6.52482e+09	6.34764e+09	5.7697e+09	6.54973e+09	6.28723e+09	6.24527e+09	6.55756e+09	5.11909e+09	5.17435e+09	6.6629e+09	6.56419e+09	5.93195e+09	6.28122e+09	5.75902e+09	6.46388e+09	6.53405e+09	6.8769e+09	7.28656e+09	7.28864e+09	6.66101e+09	6.87734e+09	6.99226e+09	5.82801e+09	6.097e+09	7.01829e+09	6.75292e+09	6.1706e+09	6.14558e+09	6.63609e+09	6.82243e+09	6.64765e+09	6.65567e+09	5.80224e+09	6.46327e+09	7.45905e+09	7.3665e+09	7.40026e+09	7.25713e+09	7.24823e+09	7.03481e+09	4.78585e+09	4.15099e+09	3.59804e+09	4.01422e+09	4.37536e+09	4.75934e+09	5.11715e+09	6.50283e+09	6.26608e+09	5.92711e+09	6.00955e+09	5.88428e+09	6.18251e+09	5.44443e+09	5.32738e+09	6.09146e+09	6.04779e+09	5.30502e+09	6.44977e+09	6.78351e+09	6.4668e+09	6.54527e+09	6.44565e+09	5.19834e+09	4.53113e+09	5.02228e+09	5.0189e+09	5.05916e+09	4.51504e+09	4.61769e+09	5.27038e+09	5.09494e+09	5.07742e+09	4.97668e+09	5.15722e+09	5.18683e+09	6.46986e+09	6.49872e+09	6.88667e+09	7.1445e+09	6.89617e+09	6.43131e+09	4.81211e+09	5.1639e+09	4.77248e+09	5.31411e+09	5.2726e+09	5.22484e+09
ERR636647	6.66381e+09	7.62207e+09	6.75364e+09	6.8228e+09	6.47374e+09	7.90824e+09	6.53671e+09	6.91675e+09	6.95978e+09	6.77521e+09	6.12233e+09	6.99725e+09	6.73274e+09	6.68179e+09	7.03259e+09	5.46234e+09	5.52432e+09	7.14817e+09	6.97041e+09	6.26658e+09	6.64481e+09	6.08307e+09	6.85974e+09	6.93798e+09	7.35839e+09	7.82018e+09	7.82206e+09	6.87734e+09	7.56376e+09	7.47628e+09	6.24831e+09	6.55072e+09	7.57781e+09	7.26685e+09	6.62928e+09	6.60389e+09	7.10935e+09	7.32142e+09	7.11439e+09	7.12914e+09	6.18829e+09	6.91804e+09	8.00804e+09	7.89965e+09	7.93956e+09	7.78313e+09	7.76475e+09	7.52197e+09	5.10014e+09	4.57618e+09	3.95134e+09	4.42308e+09	4.65175e+09	5.07421e+09	5.41618e+09	6.95608e+09	6.69519e+09	6.31448e+09	6.38768e+09	6.25067e+09	6.57762e+09	5.7685e+09	5.63889e+09	6.47792e+09	6.42965e+09	5.6225e+09	6.89126e+09	7.26507e+09	6.91161e+09	6.99304e+09	6.88715e+09	5.50501e+09	4.87389e+09	5.41594e+09	5.41331e+09	5.45689e+09	4.85138e+09	4.96583e+09	5.68949e+09	5.49369e+09	5.47157e+09	5.35857e+09	5.55088e+09	5.59697e+09	6.86734e+09	6.90033e+09	7.3557e+09	7.64748e+09	7.35526e+09	6.82423e+09	5.15602e+09	5.54916e+09	5.11498e+09	5.71492e+09	5.6713e+09	5.61626e+09
ERR636644	6.77012e+09	7.75892e+09	6.86183e+09	6.93263e+09	6.58396e+09	8.05271e+09	6.6469e+09	7.03244e+09	7.08012e+09	6.88786e+09	6.22421e+09	7.11511e+09	6.84141e+09	6.79051e+09	7.1488e+09	5.53989e+09	5.60211e+09	7.26756e+09	7.10237e+09	6.37686e+09	6.76907e+09	6.18734e+09	6.9875e+09	7.06796e+09	7.47652e+09	7.96042e+09	7.96429e+09	6.99226e+09	7.47628e+09	7.82044e+09	6.34677e+09	6.65487e+09	7.70786e+09	7.39178e+09	6.73548e+09	6.70854e+09	7.22582e+09	7.44408e+09	7.23332e+09	7.24722e+09	6.28218e+09	7.02949e+09	8.16221e+09	8.05067e+09	8.09151e+09	7.92617e+09	7.90995e+09	7.65741e+09	5.18537e+09	4.61446e+09	3.98277e+09	4.45971e+09	4.72941e+09	5.15826e+09	5.51268e+09	7.08515e+09	6.81705e+09	6.42826e+09	6.50856e+09	6.36729e+09	6.68844e+09	5.86174e+09	5.72951e+09	6.58525e+09	6.5355e+09	5.71134e+09	7.01167e+09	7.39429e+09	7.03229e+09	7.11744e+09	7.00793e+09	5.59975e+09	4.95638e+09	5.50959e+09	5.50623e+09	5.55125e+09	4.93496e+09	5.05133e+09	5.79304e+09	5.59367e+09	5.57254e+09	5.45761e+09	5.65598e+09	5.69889e+09	6.99123e+09	7.02484e+09	7.4895e+09	7.79285e+09	7.49356e+09	6.94736e+09	5.22862e+09	5.62869e+09	5.18615e+09	5.79734e+09	5.75286e+09	5.69685e+09
ERR612548	5.91732e+09	6.74297e+09	5.99192e+09	6.05187e+09	5.71236e+09	7.0131e+09	5.75849e+09	6.09125e+09	6.11761e+09	5.97182e+09	5.4022e+09	6.1597e+09	6.00117e+09	5.95525e+09	6.25703e+09	4.92871e+09	4.98236e+09	6.3566e+09	5.86089e+09	5.25104e+09	5.56361e+09	5.1058e+09	5.76131e+09	5.83119e+09	6.24824e+09	6.6583e+09	6.65877e+09	5.82801e+09	6.24831e+09	6.34677e+09	6.16448e+09	6.23363e+09	7.15961e+09	6.87531e+09	6.30402e+09	6.28332e+09	6.53703e+09	6.73106e+09	6.53844e+09	6.55651e+09	5.72676e+09	6.37004e+09	7.03676e+09	6.93016e+09	6.96805e+09	6.81841e+09	6.80066e+09	6.57027e+09	4.47375e+09	4.13718e+09	3.5752e+09	3.99874e+09	4.08308e+09	4.45539e+09	4.79748e+09	6.12824e+09	5.90492e+09	5.58059e+09	5.62052e+09	5.50528e+09	5.76479e+09	5.08608e+09	4.9756e+09	5.68608e+09	5.6418e+09	4.97039e+09	5.91105e+09	6.22482e+09	5.93058e+09	5.99329e+09	5.91143e+09	4.74024e+09	4.3534e+09	4.83545e+09	4.83173e+09	4.872e+09	4.33252e+09	4.43543e+09	5.08761e+09	4.9132e+09	4.88826e+09	4.78886e+09	4.95538e+09	5.0017e+09	5.79126e+09	5.81993e+09	6.22459e+09	6.49227e+09	6.21796e+09	5.75396e+09	4.71175e+09	5.06495e+09	4.67486e+09	5.2127e+09	5.1739e+09	5.12498e+09
ERR612552	6.19578e+09	7.07968e+09	6.27557e+09	6.33943e+09	5.97145e+09	7.3706e+09	6.02545e+09	6.38334e+09	6.4093e+09	6.25539e+09	5.64516e+09	6.45643e+09	6.29116e+09	6.2418e+09	6.56559e+09	5.14798e+09	5.20553e+09	6.67266e+09	6.1355e+09	5.48674e+09	5.81787e+09	5.33355e+09	6.02966e+09	6.10465e+09	6.55028e+09	6.99114e+09	6.9911e+09	6.097e+09	6.55072e+09	6.65487e+09	6.23363e+09	6.7689e+09	7.53665e+09	7.22665e+09	6.61629e+09	6.59438e+09	6.8608e+09	7.07007e+09	6.85954e+09	6.88e+09	5.99106e+09	6.68122e+09	7.39348e+09	7.27865e+09	7.31979e+09	7.15948e+09	7.13939e+09	6.89132e+09	4.66872e+09	4.35179e+09	3.75179e+09	4.20423e+09	4.25625e+09	4.64947e+09	5.00356e+09	6.42402e+09	6.1855e+09	5.83866e+09	5.8789e+09	5.75582e+09	6.0324e+09	5.31019e+09	5.19257e+09	5.94881e+09	5.90141e+09	5.18789e+09	6.1956e+09	6.53107e+09	6.21652e+09	6.28221e+09	6.19613e+09	4.9457e+09	4.5522e+09	5.06302e+09	5.05855e+09	5.10105e+09	4.529e+09	4.63775e+09	5.33129e+09	5.14547e+09	5.11902e+09	5.01287e+09	5.18845e+09	5.23969e+09	6.06218e+09	6.093e+09	6.52702e+09	6.81409e+09	6.51858e+09	6.02287e+09	4.92306e+09	5.30036e+09	4.88364e+09	5.45739e+09	5.41728e+09	5.36432e+09
ERR612547	7.14112e+09	8.2396e+09	7.2376e+09	7.31752e+09	6.87313e+09	8.60816e+09	6.93694e+09	7.37443e+09	7.40817e+09	7.2174e+09	6.47755e+09	7.46517e+09	7.25706e+09	7.19708e+09	7.59668e+09	5.86851e+09	5.93676e+09	7.72913e+09	7.103e+09	6.31244e+09	6.71748e+09	6.12671e+09	6.97358e+09	7.06353e+09	7.57682e+09	8.12944e+09	8.13026e+09	7.01829e+09	7.57781e+09	7.70786e+09	7.15961e+09	7.53665e+09	9.09382e+09	8.40843e+09	7.63044e+09	7.60249e+09	7.94677e+09	8.21128e+09	7.94605e+09	7.97118e+09	6.86576e+09	7.7206e+09	8.63937e+09	8.49324e+09	8.54496e+09	8.34331e+09	8.31694e+09	8.00551e+09	5.32473e+09	4.98362e+09	4.26785e+09	4.80749e+09	4.8397e+09	5.30063e+09	5.71603e+09	7.44174e+09	7.14728e+09	6.72062e+09	6.77391e+09	6.62368e+09	6.94668e+09	6.07405e+09	5.93199e+09	6.84378e+09	6.78656e+09	5.92623e+09	7.16094e+09	7.57609e+09	7.18702e+09	7.26831e+09	7.16174e+09	5.64998e+09	5.2066e+09	5.81358e+09	5.8096e+09	5.85967e+09	5.17857e+09	5.30766e+09	6.14383e+09	5.91915e+09	5.88967e+09	5.76245e+09	5.97335e+09	6.03428e+09	6.99745e+09	7.03536e+09	7.56996e+09	7.9273e+09	7.56094e+09	6.9489e+09	5.59399e+09	6.04826e+09	5.54662e+09	6.23828e+09	6.19022e+09	6.12604e+09
