	ERR636720	ERR636718	ERR636716	ERR636719	ERR636717	ERR636715	ERR621924	ERR621920	ERR621922	ERR621923	ERR621919	ERR621921	ERR626848	ERR626846	ERR626843	ERR626847	ERR626844	ERR626845	ERR636796	ERR636797	ERR636795	ERR636794	ERR636793	ERR636798	ERR613960	ERR613965	ERR613961	ERR613962	ERR613963	ERR613964	ERR607674	ERR607670	ERR607672	ERR607673	ERR607671	ERR607669	ERR608027	ERR608025	ERR608026	ERR608028	ERR608029	ERR608030	ERR622183	ERR622179	ERR622180	ERR622184	ERR622181	ERR622182	ERR617344	ERR617348	ERR617343	ERR617346	ERR617347	ERR617345	ERR608432	ERR608431	ERR608430	ERR608427	ERR608429	ERR608428	ERR612289	ERR612288	ERR612287	ERR612290	ERR612292	ERR612291	ERR629898	ERR629903	ERR629900	ERR629902	ERR629901	ERR629899	ERR626763	ERR626760	ERR626764	ERR626762	ERR626761	ERR626759	ERR608755	ERR608752	ERR608753	ERR608754	ERR608751	ERR608756	ERR612074	ERR612071	ERR612073	ERR612075	ERR612072	ERR612076	ERR607446	ERR607445	ERR607448	ERR607447	ERR607449	ERR607450
ERR636720	0	0.774045	0.778814	0.773231	0.77857	0.787725	0.885135	0.875636	0.875602	0.884065	0.866541	0.876475	0.941619	0.979291	0.944257	0.980015	0.955094	0.952668	0.841935	0.84084	0.837696	0.837699	0.846655	0.839978	0.876985	0.876136	0.885353	0.89797	0.890199	0.890344	0.827489	0.824989	0.828493	0.827988	0.824191	0.831453	0.971315	0.992768	0.974598	0.972538	0.96965	0.970213	1.1006	1.05689	1.06112	1.09922	1.05139	1.10129	1.07949	1.06931	1.07899	1.06929	1.06975	1.07847	1.06086	1.06333	1.06333	1.10328	1.07137	1.07698	1.13555	1.13519	1.12627	1.09075	1.08732	1.09139	1.08256	1.09479	1.08317	1.09579	1.094	1.09347	1.06371	1.06708	1.06206	1.06421	1.06658	1.06264	1.09403	1.07736	1.07302	1.09614	1.10293	1.09809	1.10726	1.09194	1.09744	1.09292	1.09836	1.12051	0.921466	0.925477	0.894488	0.924916	0.896232	0.895652
ERR636718	0.774045	0	0.780466	0.774703	0.779477	0.788916	0.886362	0.876553	0.876537	0.885207	0.867714	0.877781	0.942081	0.980178	0.944352	0.980353	0.95527	0.952881	0.842691	0.841546	0.838222	0.838893	0.847039	0.840824	0.878351	0.877009	0.886145	0.899207	0.891443	0.891557	0.82837	0.826552	0.829786	0.829236	0.825401	0.833042	0.971408	0.992538	0.974933	0.97272	0.97011	0.970912	1.10136	1.05785	1.06203	1.10021	1.05195	1.10219	1.07979	1.06976	1.07921	1.07002	1.0701	1.07891	1.06119	1.06362	1.06372	1.10346	1.07183	1.07751	1.13701	1.13646	1.12792	1.09213	1.08861	1.0923	1.08254	1.09483	1.08337	1.09561	1.09392	1.09333	1.06381	1.06704	1.06199	1.06398	1.06655	1.06237	1.09399	1.07773	1.07319	1.09629	1.10302	1.09838	1.1075	1.09229	1.09779	1.09314	1.09833	1.12073	0.922712	0.925928	0.895336	0.925525	0.897405	0.896212
ERR636716	0.778814	0.780466	0	0.779632	0.778541	0.787537	0.887603	0.877547	0.877615	0.885937	0.868577	0.878546	0.943384	0.980465	0.946314	0.981141	0.956609	0.953982	0.84393	0.84264	0.839574	0.839294	0.84804	0.84178	0.879036	0.877925	0.886862	0.899913	0.891745	0.891663	0.830077	0.827326	0.831322	0.830629	0.826982	0.834182	0.97251	0.994213	0.976053	0.974079	0.971569	0.972143	1.10092	1.0583	1.06231	1.10001	1.05263	1.10183	1.08091	1.07048	1.08046	1.07072	1.07116	1.08017	1.06233	1.06468	1.06464	1.10436	1.07242	1.07831	1.13635	1.13594	1.12692	1.09238	1.08889	1.09274	1.08424	1.09666	1.085	1.09784	1.0957	1.09529	1.06561	1.06918	1.06369	1.06585	1.06856	1.06454	1.09577	1.07946	1.075	1.09785	1.10502	1.10034	1.10923	1.09372	1.0992	1.0946	1.10006	1.12208	0.923621	0.927451	0.896793	0.926562	0.898513	0.897785
ERR636719	0.773231	0.774703	0.779632	0	0.779002	0.788213	0.886064	0.875804	0.875987	0.884563	0.866964	0.876697	0.942373	0.980192	0.945186	0.980689	0.955664	0.953215	0.842131	0.84115	0.838436	0.838608	0.846721	0.840463	0.877719	0.876646	0.885857	0.898941	0.890815	0.891161	0.828558	0.825834	0.829398	0.828921	0.825185	0.832482	0.971185	0.992587	0.974688	0.972623	0.969836	0.970354	1.10101	1.0579	1.06187	1.10009	1.05186	1.10205	1.07999	1.06965	1.07948	1.06998	1.07036	1.07931	1.06132	1.06379	1.06373	1.10348	1.07196	1.07731	1.13646	1.13591	1.12708	1.09159	1.08792	1.09197	1.08281	1.09499	1.08384	1.09637	1.09426	1.09373	1.06388	1.06751	1.06255	1.06458	1.06697	1.06277	1.09437	1.07784	1.07356	1.09662	1.10322	1.09834	1.10753	1.09241	1.09762	1.09326	1.09866	1.12083	0.922363	0.9259	0.895304	0.925605	0.897253	0.896244
ERR636717	0.77857	0.779477	0.778541	0.779002	0	0.786597	0.887745	0.877658	0.878798	0.886822	0.869683	0.878974	0.945241	0.982715	0.947652	0.983583	0.957673	0.955588	0.843064	0.841737	0.837819	0.839306	0.846632	0.840844	0.879889	0.878945	0.887699	0.899108	0.89304	0.893189	0.829406	0.827346	0.83054	0.829836	0.825264	0.832984	0.972026	0.990962	0.974167	0.972713	0.970377	0.970904	1.10249	1.0585	1.06312	1.1014	1.05274	1.10309	1.08232	1.07265	1.08133	1.07264	1.07301	1.08155	1.06376	1.06594	1.06616	1.10437	1.07413	1.07942	1.14234	1.14186	1.13338	1.09656	1.09285	1.09679	1.08468	1.09563	1.08534	1.09685	1.09473	1.09506	1.0651	1.06825	1.06375	1.06585	1.06812	1.06393	1.09536	1.0787	1.0748	1.09745	1.10318	1.0998	1.10926	1.09431	1.09954	1.09467	1.10018	1.12244	0.92304	0.926334	0.896224	0.926104	0.898493	0.897569
ERR636715	0.787725	0.788916	0.787537	0.788213	0.786597	0	0.894677	0.884838	0.885503	0.893341	0.877292	0.88594	0.954405	0.990143	0.957287	0.991043	0.966818	0.964337	0.849758	0.84858	0.845209	0.845848	0.852784	0.848022	0.887949	0.88706	0.895119	0.90544	0.899864	0.899951	0.838358	0.835703	0.839401	0.838742	0.834801	0.841146	0.977645	0.996143	0.980117	0.978554	0.975952	0.976872	1.1054	1.06362	1.06786	1.10448	1.05784	1.10624	1.09086	1.08116	1.09008	1.0814	1.0818	1.09027	1.07111	1.07362	1.07351	1.11092	1.08115	1.08644	1.14619	1.14603	1.13761	1.10235	1.09878	1.10246	1.09343	1.10496	1.09442	1.106	1.10411	1.10365	1.07514	1.07839	1.07361	1.07567	1.07792	1.0742	1.10365	1.08769	1.08399	1.10582	1.11161	1.10803	1.11766	1.10279	1.10812	1.10354	1.10875	1.13025	0.92986	0.933514	0.904096	0.932812	0.906471	0.905363
ERR621924	0.885135	0.886362	0.887603	0.886064	0.887745	0.894677	0	0.798911	0.796237	0.80591	0.790709	0.799027	0.939956	0.973414	0.942623	0.974619	0.951181	0.950146	0.903052	0.902132	0.900094	0.90034	0.907835	0.900921	0.932453	0.931551	0.940392	0.953523	0.943337	0.943473	0.899659	0.897174	0.901076	0.900913	0.897732	0.903681	1.0023	1.02058	1.00517	1.00326	1.00053	1.00117	1.1271	1.09009	1.09353	1.12611	1.08509	1.12787	1.10864	1.09922	1.10923	1.09972	1.10002	1.10807	1.0937	1.09592	1.09588	1.13252	1.10291	1.10826	1.12517	1.12485	1.11629	1.08374	1.07996	1.0841	1.11048	1.12179	1.11125	1.12279	1.1209	1.12043	1.09666	1.10056	1.09505	1.09719	1.09966	1.09647	1.12378	1.10937	1.10521	1.12506	1.1325	1.12725	1.09002	1.07986	1.08377	1.0804	1.08464	1.09931	0.974087	0.977188	0.949882	0.976201	0.950985	0.950987
ERR621920	0.875636	0.876553	0.877547	0.875804	0.877658	0.884838	0.798911	0	0.787509	0.797362	0.775339	0.785553	0.931317	0.966627	0.93396	0.967963	0.942439	0.942172	0.893812	0.893088	0.890386	0.891158	0.898751	0.891398	0.922662	0.921696	0.930701	0.944347	0.934466	0.934441	0.889129	0.886787	0.890635	0.890378	0.886943	0.893434	0.994568	1.0138	0.997502	0.995592	0.992292	0.993171	1.12291	1.0847	1.08815	1.122	1.07931	1.12388	1.10225	1.09294	1.10249	1.09302	1.09338	1.10133	1.08669	1.08873	1.08897	1.12615	1.09595	1.10168	1.12024	1.11991	1.1113	1.07668	1.07296	1.07699	1.10349	1.11517	1.10437	1.11621	1.11409	1.11363	1.08958	1.09326	1.08779	1.08985	1.09251	1.08899	1.11753	1.1028	1.09827	1.11907	1.12644	1.12126	1.08265	1.07207	1.07579	1.07289	1.07666	1.09228	0.965782	0.968698	0.940837	0.967944	0.94203	0.941961
ERR621922	0.875602	0.876537	0.877615	0.875987	0.878798	0.885503	0.796237	0.787509	0	0.794987	0.77742	0.786817	0.93021	0.964818	0.932761	0.966472	0.942136	0.940427	0.893922	0.893471	0.891381	0.890843	0.899324	0.891824	0.922128	0.920878	0.930525	0.945138	0.933616	0.933859	0.889827	0.887562	0.891149	0.891072	0.88789	0.894375	0.995348	1.01542	0.998588	0.996217	0.993525	0.994241	1.12244	1.08453	1.08765	1.12119	1.07921	1.12311	1.10142	1.09158	1.10223	1.09173	1.09208	1.10061	1.0865	1.08854	1.08845	1.12658	1.09573	1.10137	1.11731	1.11726	1.10804	1.07575	1.07195	1.07608	1.10339	1.11546	1.10414	1.11657	1.11448	1.11364	1.08952	1.09349	1.08756	1.08982	1.09245	1.08907	1.11769	1.10297	1.09802	1.11883	1.12706	1.12104	1.08324	1.07261	1.0762	1.07304	1.07755	1.09297	0.966027	0.969632	0.940728	0.968012	0.941976	0.941752
ERR621923	0.884065	0.885207	0.885937	0.884563	0.886822	0.893341	0.80591	0.797362	0.794987	0	0.788622	0.79759	0.938387	0.972068	0.941057	0.973071	0.949598	0.948271	0.901367	0.900861	0.89867	0.898558	0.906799	0.898974	0.930485	0.929554	0.93851	0.952227	0.941765	0.941769	0.897385	0.894966	0.898911	0.898267	0.895281	0.901519	1.00176	1.02013	1.00456	1.00237	0.999575	1.0006	1.12531	1.08852	1.09164	1.12444	1.0833	1.12631	1.10619	1.09676	1.1069	1.09704	1.09753	1.10574	1.09196	1.09391	1.09395	1.13106	1.10114	1.10664	1.12362	1.12314	1.1143	1.08241	1.07842	1.08247	1.10819	1.11967	1.10873	1.12081	1.1188	1.11802	1.09436	1.09801	1.0925	1.09458	1.09742	1.09377	1.12173	1.1074	1.10297	1.12316	1.13094	1.12545	1.0892	1.07877	1.08249	1.07938	1.08339	1.09883	0.972353	0.975625	0.948208	0.974874	0.949369	0.949312
ERR621919	0.866541	0.867714	0.868577	0.866964	0.869683	0.877292	0.790709	0.775339	0.77742	0.788622	0	0.776252	0.923192	0.959566	0.925583	0.961343	0.935513	0.934131	0.886643	0.885765	0.88296	0.883573	0.892405	0.883945	0.913455	0.912909	0.922507	0.937752	0.925863	0.925935	0.88077	0.878161	0.882605	0.881497	0.878584	0.885691	0.988768	1.01059	0.992257	0.989937	0.986614	0.987807	1.11914	1.08012	1.0831	1.11818	1.07458	1.12017	1.0947	1.08458	1.09541	1.08491	1.08531	1.09392	1.07932	1.08145	1.08138	1.12059	1.08879	1.09489	1.1119	1.11167	1.10231	1.06838	1.06416	1.06867	1.09661	1.10908	1.09727	1.11031	1.10788	1.1072	1.08199	1.08583	1.08034	1.08246	1.08521	1.08122	1.11117	1.09586	1.09124	1.11245	1.12068	1.11477	1.07654	1.06545	1.06956	1.06604	1.0704	1.08683	0.959127	0.962495	0.932849	0.961234	0.934321	0.934024
ERR621921	0.876475	0.877781	0.878546	0.876697	0.878974	0.88594	0.799027	0.785553	0.786817	0.79759	0.776252	0	0.930666	0.966036	0.933617	0.967436	0.942291	0.941531	0.894848	0.89427	0.891421	0.891959	0.899875	0.892816	0.923148	0.922001	0.931003	0.944997	0.93465	0.934602	0.889715	0.887428	0.89135	0.890996	0.887409	0.893967	0.995443	1.0146	0.998417	0.996674	0.993448	0.994332	1.12276	1.08441	1.08788	1.12178	1.07921	1.12375	1.1017	1.09211	1.10217	1.09235	1.09279	1.10101	1.08677	1.08885	1.08889	1.12596	1.09605	1.10172	1.11967	1.11947	1.11075	1.07674	1.07287	1.0771	1.10368	1.115	1.10424	1.11622	1.11424	1.11364	1.08962	1.0933	1.08771	1.08987	1.09234	1.08885	1.11714	1.1024	1.09809	1.11847	1.12605	1.12068	1.08262	1.07205	1.07565	1.07253	1.07668	1.09178	0.965918	0.969418	0.940975	0.968492	0.942468	0.942375
ERR626848	0.941619	0.942081	0.943384	0.942373	0.945241	0.954405	0.939956	0.931317	0.93021	0.938387	0.923192	0.930666	0	0.829415	0.781118	0.831393	0.794906	0.793249	0.963854	0.961411	0.959004	0.958314	0.969706	0.960572	0.925837	0.925144	0.938066	0.957224	0.941025	0.940973	0.944469	0.94104	0.947646	0.946542	0.941852	0.950045	0.999587	1.0224	1.00379	1.00022	0.99848	0.999125	1.13558	1.0983	1.09974	1.13397	1.09271	1.13602	1.05624	1.04478	1.05664	1.04488	1.0452	1.05535	1.06718	1.06867	1.06888	1.11093	1.07622	1.08252	1.11409	1.11285	1.10451	1.07572	1.07089	1.07543	1.04936	1.06372	1.05032	1.06476	1.06256	1.06173	1.03764	1.04206	1.03583	1.03797	1.04156	1.03704	1.07527	1.05808	1.05277	1.07698	1.08761	1.08004	1.04758	1.0348	1.03887	1.03527	1.04037	1.05968	0.973928	0.976768	0.948796	0.976532	0.949178	0.949472
ERR626846	0.979291	0.980178	0.980465	0.980192	0.982715	0.990143	0.973414	0.966627	0.964818	0.972068	0.959566	0.966036	0.829415	0	0.832041	0.868031	0.843418	0.841194	0.999522	0.99712	0.995723	0.994415	1.00439	0.996314	0.963872	0.963701	0.974648	0.992272	0.976154	0.976079	0.983625	0.980046	0.986469	0.985392	0.982203	0.988571	1.03061	1.05122	1.03444	1.03147	1.02999	1.03067	1.1524	1.12087	1.12194	1.15129	1.11578	1.15302	1.08636	1.07592	1.08784	1.07596	1.07622	1.08568	1.09521	1.09642	1.09656	1.13623	1.10304	1.10902	1.13189	1.13086	1.12276	1.09992	1.09567	1.09996	1.08271	1.09672	1.08348	1.09791	1.09557	1.09397	1.07178	1.07636	1.07002	1.07224	1.07579	1.07155	1.10561	1.09071	1.0856	1.10703	1.11812	1.10987	1.08026	1.06904	1.07279	1.06956	1.07405	1.09105	1.0072	1.00974	0.984955	1.009	0.985174	0.98539
ERR626843	0.944257	0.944352	0.946314	0.945186	0.947652	0.957287	0.942623	0.93396	0.932761	0.941057	0.925583	0.933617	0.781118	0.832041	0	0.834527	0.795219	0.794204	0.966847	0.964337	0.961778	0.961065	0.972251	0.963191	0.928932	0.928689	0.940954	0.960439	0.944053	0.944304	0.947342	0.943847	0.950658	0.949525	0.944879	0.95304	1.00177	1.02528	1.00619	1.00279	1.00086	1.00136	1.13711	1.10018	1.10165	1.13585	1.09475	1.13766	1.05747	1.04618	1.05752	1.0463	1.04653	1.05654	1.06748	1.06926	1.06931	1.11141	1.07674	1.08291	1.11484	1.11358	1.10525	1.07558	1.07092	1.07566	1.0502	1.06465	1.05125	1.06588	1.0636	1.06224	1.03864	1.0429	1.03705	1.03893	1.04255	1.03792	1.07607	1.05904	1.05379	1.07784	1.08835	1.08066	1.0483	1.03536	1.03982	1.03626	1.04096	1.06037	0.976891	0.979324	0.951971	0.979399	0.952633	0.952353
ERR626847	0.980015	0.980353	0.981141	0.980689	0.983583	0.991043	0.974619	0.967963	0.966472	0.973071	0.961343	0.967436	0.831393	0.868031	0.834527	0	0.845811	0.843283	1.0006	0.998529	0.996876	0.995371	1.00551	0.997398	0.965681	0.965373	0.976575	0.993746	0.978106	0.978155	0.984292	0.981162	0.987204	0.986015	0.982721	0.989369	1.0318	1.05243	1.03585	1.03244	1.03114	1.03183	1.15322	1.12143	1.12274	1.15196	1.11663	1.15353	1.08811	1.07791	1.08936	1.07794	1.07809	1.0875	1.09707	1.09842	1.09877	1.13753	1.10477	1.11093	1.13457	1.13328	1.12542	1.10264	1.09837	1.10264	1.08389	1.09773	1.08482	1.09886	1.09679	1.09503	1.07335	1.07784	1.07147	1.07362	1.07756	1.07347	1.10715	1.09223	1.0871	1.10876	1.11937	1.11124	1.08225	1.07097	1.0746	1.07166	1.07603	1.09322	1.00823	1.01105	0.986189	1.01031	0.986736	0.986993
ERR626844	0.955094	0.95527	0.956609	0.955664	0.957673	0.966818	0.951181	0.942439	0.942136	0.949598	0.935513	0.942291	0.794906	0.843418	0.795219	0.845811	0	0.806669	0.976358	0.973932	0.971475	0.970714	0.981733	0.97335	0.941198	0.940765	0.952775	0.970169	0.955964	0.955992	0.958666	0.955196	0.961481	0.960502	0.955666	0.96377	1.01032	1.03101	1.014	1.01071	1.00907	1.00957	1.14304	1.10679	1.1085	1.14136	1.10161	1.14326	1.06676	1.05593	1.06665	1.0562	1.05641	1.06599	1.07716	1.07851	1.07873	1.11876	1.08589	1.09183	1.12343	1.12239	1.11455	1.08452	1.08001	1.08416	1.05921	1.07297	1.06033	1.07369	1.07163	1.07077	1.04811	1.05192	1.04632	1.04846	1.05187	1.04729	1.0843	1.06797	1.06298	1.08599	1.09588	1.08889	1.05539	1.04305	1.04682	1.04361	1.04794	1.06639	0.986063	0.98886	0.962577	0.988895	0.963191	0.963307
ERR626845	0.952668	0.952881	0.953982	0.953215	0.955588	0.964337	0.950146	0.942172	0.940427	0.948271	0.934131	0.941531	0.793249	0.841194	0.794204	0.843283	0.806669	0	0.973439	0.971243	0.969053	0.968276	0.97898	0.970426	0.937844	0.93746	0.949515	0.967854	0.952401	0.952282	0.955811	0.952414	0.958753	0.957607	0.953315	0.961159	1.00774	1.02921	1.01169	1.00869	1.00691	1.00751	1.14068	1.10453	1.10629	1.13941	1.09953	1.1412	1.06527	1.05417	1.06537	1.05447	1.05474	1.0645	1.07571	1.07734	1.07734	1.11818	1.08481	1.09056	1.12167	1.12078	1.11254	1.0846	1.07997	1.08474	1.05855	1.07259	1.05951	1.07371	1.07132	1.07041	1.0473	1.05162	1.04549	1.04756	1.05109	1.04663	1.08364	1.06692	1.06197	1.08523	1.09511	1.08797	1.05715	1.04484	1.04867	1.04529	1.0502	1.06899	0.983819	0.986495	0.959716	0.986233	0.960722	0.960342
ERR636796	0.841935	0.842691	0.84393	0.842131	0.843064	0.849758	0.903052	0.893812	0.893922	0.901367	0.886643	0.894848	0.963854	0.999522	0.966847	1.0006	0.976358	0.973439	0	0.787837	0.787714	0.789264	0.79633	0.786374	0.875352	0.87462	0.881932	0.893212	0.887342	0.887723	0.832309	0.83114	0.833167	0.832877	0.829416	0.835593	0.980464	0.99783	0.982758	0.981501	0.978379	0.978774	1.11138	1.06964	1.07443	1.11056	1.06452	1.11222	1.09786	1.08849	1.09709	1.08878	1.08906	1.09718	1.07893	1.08101	1.08123	1.11775	1.08888	1.09396	1.15396	1.15336	1.14539	1.11028	1.10708	1.11064	1.09829	1.10907	1.09888	1.11004	1.1084	1.10829	1.08144	1.08422	1.07984	1.08191	1.084	1.08049	1.10896	1.09348	1.08933	1.11075	1.11663	1.11302	1.1239	1.10947	1.1145	1.11006	1.11524	1.1367	0.91493	0.918919	0.889302	0.918512	0.891374	0.889742
ERR636797	0.84084	0.841546	0.84264	0.84115	0.841737	0.84858	0.902132	0.893088	0.893471	0.900861	0.885765	0.89427	0.961411	0.99712	0.964337	0.998529	0.973932	0.971243	0.787837	0	0.78671	0.788617	0.795207	0.785644	0.875114	0.874009	0.881609	0.892923	0.886666	0.886957	0.832067	0.830883	0.833182	0.832797	0.829939	0.835744	0.979818	0.997134	0.98186	0.980257	0.977574	0.977972	1.11111	1.06966	1.074	1.11018	1.06432	1.11189	1.09759	1.08812	1.09677	1.08813	1.08876	1.09678	1.07859	1.08077	1.08104	1.11751	1.08858	1.09371	1.15332	1.1526	1.14462	1.11025	1.10678	1.11035	1.09825	1.10921	1.09875	1.11037	1.10849	1.10812	1.08111	1.08458	1.07956	1.08155	1.0839	1.08041	1.10885	1.09324	1.08915	1.11056	1.11651	1.11277	1.12349	1.1091	1.11423	1.1099	1.11498	1.1363	0.914543	0.918682	0.888853	0.918184	0.891116	0.889602
ERR636795	0.837696	0.838222	0.839574	0.838436	0.837819	0.845209	0.900094	0.890386	0.891381	0.89867	0.88296	0.891421	0.959004	0.995723	0.961778	0.996876	0.971475	0.969053	0.787714	0.78671	0	0.782355	0.789424	0.7854	0.871102	0.870284	0.878491	0.889461	0.883942	0.884246	0.827617	0.826167	0.828649	0.828432	0.82426	0.8308	0.976454	0.993758	0.978691	0.977272	0.974429	0.974834	1.11016	1.06717	1.07198	1.10908	1.06183	1.11075	1.09344	1.08389	1.09202	1.08408	1.08465	1.09243	1.07504	1.07726	1.07726	1.11383	1.08504	1.09014	1.1534	1.15286	1.14497	1.10879	1.10526	1.10886	1.09293	1.10362	1.0935	1.10479	1.10282	1.10295	1.07558	1.07857	1.07403	1.07597	1.07798	1.07435	1.10407	1.08775	1.08413	1.10611	1.11093	1.10795	1.11924	1.1049	1.10995	1.10534	1.11067	1.13193	0.911079	0.914923	0.885138	0.914862	0.887454	0.885797
ERR636794	0.837699	0.838893	0.839294	0.838608	0.839306	0.845848	0.90034	0.891158	0.890843	0.898558	0.883573	0.891959	0.958314	0.994415	0.961065	0.995371	0.970714	0.968276	0.789264	0.788617	0.782355	0	0.79048	0.786881	0.871061	0.870116	0.878403	0.890317	0.883123	0.883447	0.828646	0.827181	0.830379	0.829887	0.826456	0.832685	0.977561	0.996836	0.980186	0.978603	0.976145	0.976415	1.10929	1.06764	1.07169	1.10837	1.06193	1.11004	1.09313	1.08331	1.09267	1.0835	1.08394	1.09226	1.07455	1.07683	1.07674	1.1145	1.08426	1.08964	1.14909	1.14839	1.14001	1.1059	1.10224	1.1063	1.09404	1.10545	1.09443	1.1067	1.10482	1.10416	1.07674	1.08018	1.07498	1.07715	1.07957	1.07585	1.10499	1.08919	1.08488	1.10728	1.11311	1.1092	1.12002	1.10549	1.11061	1.10604	1.11134	1.1326	0.9118	0.915632	0.885073	0.915351	0.887374	0.885957
ERR636793	0.846655	0.847039	0.84804	0.846721	0.846632	0.852784	0.907835	0.898751	0.899324	0.906799	0.892405	0.899875	0.969706	1.00439	0.972251	1.00551	0.981733	0.97898	0.79633	0.795207	0.789424	0.79048	0	0.79407	0.880377	0.879275	0.886188	0.896445	0.891316	0.891945	0.837204	0.835838	0.838054	0.838022	0.834604	0.840151	0.983291	0.999425	0.985225	0.983764	0.981214	0.981844	1.11351	1.07223	1.0772	1.11262	1.06727	1.11437	1.10256	1.09302	1.10136	1.0933	1.09372	1.10177	1.08287	1.08528	1.08515	1.12045	1.09262	1.09754	1.15826	1.15768	1.1498	1.11487	1.11136	1.11525	1.10225	1.11281	1.1029	1.1138	1.1122	1.11217	1.08579	1.08877	1.08426	1.08626	1.0882	1.08489	1.11282	1.0974	1.09366	1.11488	1.11978	1.1168	1.12774	1.11362	1.1186	1.11428	1.11924	1.14002	0.917983	0.922036	0.89319	0.922067	0.895752	0.894022
ERR636798	0.839978	0.840824	0.84178	0.840463	0.840844	0.848022	0.900921	0.891398	0.891824	0.898974	0.883945	0.892816	0.960572	0.996314	0.963191	0.997398	0.97335	0.970426	0.786374	0.785644	0.7854	0.786881	0.79407	0	0.873454	0.872208	0.880348	0.892028	0.885274	0.885555	0.829971	0.828904	0.830907	0.830725	0.82772	0.833734	0.979325	0.997008	0.98147	0.979784	0.976936	0.977676	1.11013	1.06839	1.07289	1.10925	1.0631	1.11101	1.09569	1.08595	1.09488	1.08612	1.08644	1.09474	1.07676	1.07929	1.07925	1.1162	1.08671	1.09213	1.15165	1.151	1.14296	1.10821	1.10482	1.10854	1.09619	1.10732	1.09679	1.10843	1.10659	1.10615	1.07929	1.0825	1.07764	1.07974	1.08193	1.07852	1.10733	1.09155	1.08735	1.1091	1.11515	1.11147	1.12186	1.10741	1.1124	1.10812	1.11333	1.13437	0.913627	0.917452	0.887318	0.916994	0.88993	0.888164
ERR613960	0.876985	0.878351	0.879036	0.877719	0.879889	0.887949	0.932453	0.922662	0.922128	0.930485	0.913455	0.923148	0.925837	0.963872	0.928932	0.965681	0.941198	0.937844	0.875352	0.875114	0.871102	0.871061	0.880377	0.873454	0	0.726983	0.738679	0.766109	0.745315	0.744958	0.852966	0.85008	0.855894	0.854993	0.85111	0.858707	0.972485	0.999317	0.977595	0.974031	0.972503	0.972766	1.11106	1.06993	1.07205	1.10974	1.06347	1.11177	1.04761	1.03501	1.04999	1.03581	1.03592	1.04708	1.02229	1.02441	1.02483	1.07409	1.03311	1.04059	1.09398	1.09305	1.08194	1.05413	1.05067	1.05494	1.05113	1.06777	1.0526	1.06872	1.06655	1.06463	1.034	1.03891	1.03158	1.03458	1.03795	1.03311	1.06568	1.04736	1.04146	1.06773	1.07894	1.07066	1.08012	1.06285	1.06893	1.064	1.07042	1.09488	0.868246	0.872993	0.834817	0.872163	0.836444	0.83609
ERR613965	0.876136	0.877009	0.877925	0.876646	0.878945	0.88706	0.931551	0.921696	0.920878	0.929554	0.912909	0.922001	0.925144	0.963701	0.928689	0.965373	0.940765	0.93746	0.87462	0.874009	0.870284	0.870116	0.879275	0.872208	0.726983	0	0.740835	0.767597	0.744591	0.744469	0.852606	0.849826	0.85526	0.854125	0.850608	0.858163	0.971792	0.998087	0.97687	0.973335	0.97174	0.971956	1.11101	1.06969	1.07174	1.10995	1.06329	1.11179	1.04839	1.03603	1.05033	1.03638	1.03694	1.04759	1.02266	1.0249	1.02508	1.07419	1.03383	1.04104	1.09447	1.09346	1.08252	1.05453	1.05092	1.0551	1.05139	1.06801	1.0531	1.06904	1.06645	1.06478	1.03429	1.03919	1.03198	1.03482	1.03817	1.03344	1.0656	1.04741	1.04174	1.0678	1.07872	1.07086	1.08006	1.06287	1.06877	1.06397	1.07037	1.09488	0.867758	0.87252	0.834695	0.871835	0.836568	0.83584
ERR613961	0.885353	0.886145	0.886862	0.885857	0.887699	0.895119	0.940392	0.930701	0.930525	0.93851	0.922507	0.931003	0.938066	0.974648	0.940954	0.976575	0.952775	0.949515	0.881932	0.881609	0.878491	0.878403	0.886188	0.880348	0.738679	0.740835	0	0.77538	0.757667	0.757326	0.861643	0.859302	0.864193	0.863464	0.859856	0.866965	0.97932	1.00358	0.983305	0.980285	0.978967	0.979107	1.11582	1.07545	1.07792	1.11451	1.06942	1.1164	1.05851	1.04673	1.06046	1.0472	1.04749	1.05765	1.03223	1.03434	1.03467	1.08149	1.04309	1.04992	1.10368	1.10313	1.0925	1.06425	1.0606	1.06496	1.06129	1.0769	1.06273	1.07795	1.07575	1.0742	1.04451	1.04909	1.04245	1.04496	1.04822	1.04391	1.07449	1.05677	1.05167	1.07654	1.08673	1.07946	1.0892	1.07267	1.07844	1.0737	1.07967	1.10355	0.87565	0.880044	0.843168	0.879041	0.845272	0.844908
ERR613962	0.89797	0.899207	0.899913	0.898941	0.899108	0.90544	0.953523	0.944347	0.945138	0.952227	0.937752	0.944997	0.957224	0.992272	0.960439	0.993746	0.970169	0.967854	0.893212	0.892923	0.889461	0.890317	0.896445	0.892028	0.766109	0.767597	0.77538	0	0.782559	0.782317	0.876108	0.874576	0.877478	0.877005	0.873316	0.879215	0.988374	1.00734	0.991077	0.988596	0.987049	0.987395	1.12422	1.08453	1.08808	1.12321	1.07907	1.12479	1.07675	1.06646	1.07693	1.06655	1.06691	1.07592	1.04992	1.05191	1.0521	1.09404	1.06061	1.06608	1.12463	1.12447	1.11573	1.08387	1.0801	1.08392	1.07721	1.0904	1.07896	1.0916	1.08953	1.08878	1.06089	1.06468	1.05942	1.06148	1.06416	1.05992	1.08845	1.07166	1.0674	1.0905	1.09767	1.09327	1.10347	1.08797	1.09353	1.0889	1.09416	1.11699	0.888107	0.892106	0.859719	0.891909	0.861515	0.861046
ERR613963	0.890199	0.891443	0.891745	0.890815	0.89304	0.899864	0.943337	0.934466	0.933616	0.941765	0.925863	0.93465	0.941025	0.976154	0.944053	0.978106	0.955964	0.952401	0.887342	0.886666	0.883942	0.883123	0.891316	0.885274	0.745315	0.744591	0.757667	0.782559	0	0.757255	0.86722	0.864489	0.869521	0.868196	0.865602	0.872272	0.983417	1.00924	0.988288	0.984825	0.983708	0.983593	1.11638	1.07762	1.07967	1.11527	1.07173	1.11713	1.0615	1.04939	1.06443	1.0499	1.05013	1.06076	1.03539	1.03739	1.03756	1.08559	1.04564	1.05276	1.10065	1.09977	1.08871	1.06384	1.06029	1.06466	1.06606	1.08249	1.06755	1.08369	1.08139	1.07928	1.05005	1.05512	1.04749	1.05053	1.05414	1.04975	1.07909	1.06199	1.05614	1.08113	1.09242	1.0842	1.09341	1.07697	1.08228	1.078	1.08408	1.1074	0.880062	0.884873	0.848222	0.88358	0.850309	0.849339
ERR613964	0.890344	0.891557	0.891663	0.891161	0.893189	0.899951	0.943473	0.934441	0.933859	0.941769	0.925935	0.934602	0.940973	0.976079	0.944304	0.978155	0.955992	0.952282	0.887723	0.886957	0.884246	0.883447	0.891945	0.885555	0.744958	0.744469	0.757326	0.782317	0.757255	0	0.867297	0.864677	0.87	0.86884	0.865886	0.872651	0.982901	1.00883	0.987464	0.984133	0.983047	0.983232	1.11659	1.07794	1.07991	1.11525	1.07193	1.11714	1.06106	1.04903	1.06393	1.04972	1.04993	1.06055	1.03524	1.0372	1.03756	1.0856	1.04547	1.05263	1.10081	1.09994	1.08853	1.06436	1.06079	1.06484	1.06576	1.08224	1.06745	1.08336	1.08101	1.0791	1.04996	1.05489	1.0475	1.05028	1.0537	1.04929	1.07871	1.06168	1.05559	1.0807	1.09192	1.08343	1.09317	1.07669	1.08222	1.07776	1.08412	1.1074	0.880162	0.884647	0.847708	0.883751	0.849688	0.849194
ERR607674	0.827489	0.82837	0.830077	0.828558	0.829406	0.838358	0.899659	0.889129	0.889827	0.897385	0.88077	0.889715	0.944469	0.983625	0.947342	0.984292	0.958666	0.955811	0.832309	0.832067	0.827617	0.828646	0.837204	0.829971	0.852966	0.852606	0.861643	0.876108	0.86722	0.867297	0	0.754089	0.754441	0.753941	0.752565	0.76176	0.972807	0.995531	0.976892	0.974396	0.971733	0.972076	1.09044	1.04497	1.04895	1.08944	1.03884	1.09176	1.07106	1.06062	1.0703	1.06095	1.0611	1.07035	1.05211	1.05452	1.0547	1.09581	1.06301	1.06897	1.1331	1.13268	1.12374	1.08576	1.08207	1.08627	1.07371	1.08613	1.07448	1.08724	1.08506	1.08488	1.05333	1.05695	1.05161	1.05383	1.05639	1.05203	1.08854	1.07129	1.06654	1.09046	1.09771	1.0929	1.09902	1.08301	1.08873	1.08414	1.08991	1.11295	0.898565	0.903088	0.870821	0.902512	0.872286	0.87158
ERR607670	0.824989	0.826552	0.827326	0.825834	0.827346	0.835703	0.897174	0.886787	0.887562	0.894966	0.878161	0.887428	0.94104	0.980046	0.943847	0.981162	0.955196	0.952414	0.83114	0.830883	0.826167	0.827181	0.835838	0.828904	0.85008	0.849826	0.859302	0.874576	0.864489	0.864677	0.754089	0	0.756404	0.755803	0.748666	0.757767	0.970921	0.995149	0.975121	0.972722	0.970243	0.970701	1.0891	1.04372	1.04739	1.08803	1.03737	1.0903	1.06743	1.05666	1.06705	1.05687	1.05708	1.0666	1.0487	1.05139	1.05144	1.0934	1.05959	1.06553	1.12923	1.12873	1.1195	1.08243	1.0785	1.08265	1.07034	1.083	1.07107	1.08438	1.08193	1.08155	1.04978	1.05337	1.04796	1.05021	1.05284	1.04854	1.08551	1.06797	1.06315	1.08743	1.09497	1.08998	1.09606	1.07992	1.08565	1.08097	1.08678	1.11014	0.896486	0.901361	0.86812	0.900619	0.869794	0.869562
ERR607672	0.828493	0.829786	0.831322	0.829398	0.83054	0.839401	0.901076	0.890635	0.891149	0.898911	0.882605	0.89135	0.947646	0.986469	0.950658	0.987204	0.961481	0.958753	0.833167	0.833182	0.828649	0.830379	0.838054	0.830907	0.855894	0.85526	0.864193	0.877478	0.869521	0.87	0.754441	0.756404	0	0.755641	0.754601	0.763669	0.974173	0.995906	0.977899	0.975688	0.972904	0.973281	1.09146	1.0463	1.05037	1.09054	1.04031	1.09292	1.07349	1.06301	1.07271	1.06334	1.06374	1.07282	1.05409	1.0569	1.05652	1.09698	1.06517	1.07089	1.13547	1.13488	1.12617	1.0882	1.08434	1.08872	1.07595	1.08784	1.07675	1.08911	1.08705	1.08686	1.05534	1.05889	1.05378	1.05596	1.05831	1.05404	1.08988	1.07312	1.06838	1.0922	1.09883	1.09441	1.10121	1.08535	1.09084	1.08629	1.09163	1.11479	0.89995	0.904279	0.872659	0.904107	0.874135	0.873751
ERR607673	0.827988	0.829236	0.830629	0.828921	0.829836	0.838742	0.900913	0.890378	0.891072	0.898267	0.881497	0.890996	0.946542	0.985392	0.949525	0.986015	0.960502	0.957607	0.832877	0.832797	0.828432	0.829887	0.838022	0.830725	0.854993	0.854125	0.863464	0.877005	0.868196	0.86884	0.753941	0.755803	0.755641	0	0.754193	0.763724	0.97374	0.996154	0.977665	0.97529	0.972499	0.973173	1.09102	1.04572	1.05003	1.09001	1.03968	1.09235	1.07287	1.06257	1.07255	1.06292	1.06321	1.07242	1.05366	1.0563	1.05635	1.09723	1.0649	1.07051	1.13474	1.13409	1.12529	1.08767	1.08404	1.08791	1.07557	1.08756	1.07617	1.08868	1.08674	1.0864	1.05497	1.05835	1.05334	1.0556	1.05816	1.05379	1.08951	1.0727	1.06809	1.09168	1.09858	1.09435	1.10085	1.08481	1.09065	1.08585	1.09153	1.11439	0.899503	0.903642	0.871765	0.903208	0.873207	0.872776
ERR607671	0.824191	0.825401	0.826982	0.825185	0.825264	0.834801	0.897732	0.886943	0.88789	0.895281	0.878584	0.887409	0.941852	0.982203	0.944879	0.982721	0.955666	0.953315	0.829416	0.829939	0.82426	0.826456	0.834604	0.82772	0.85111	0.850608	0.859856	0.873316	0.865602	0.865886	0.752565	0.748666	0.754601	0.754193	0	0.756362	0.969608	0.991751	0.973556	0.971163	0.968337	0.969013	1.08996	1.04349	1.04791	1.0891	1.03732	1.09133	1.06783	1.0575	1.06668	1.05756	1.05795	1.06701	1.04948	1.05222	1.05208	1.09247	1.06048	1.06638	1.13405	1.1334	1.12492	1.08556	1.08166	1.0859	1.06975	1.08112	1.0703	1.08264	1.08046	1.08062	1.04845	1.0519	1.04705	1.04932	1.05121	1.0472	1.08424	1.06647	1.06208	1.08633	1.09242	1.0886	1.09595	1.07958	1.08538	1.08043	1.08622	1.10981	0.896235	0.900293	0.867959	0.900247	0.869638	0.869563
ERR607669	0.831453	0.833042	0.834182	0.832482	0.832984	0.841146	0.903681	0.893434	0.894375	0.901519	0.885691	0.893967	0.950045	0.988571	0.95304	0.989369	0.96377	0.961159	0.835593	0.835744	0.8308	0.832685	0.840151	0.833734	0.858707	0.858163	0.866965	0.879215	0.872272	0.872651	0.76176	0.757767	0.763669	0.763724	0.756362	0	0.975723	0.996998	0.979237	0.977301	0.974702	0.975018	1.0929	1.04772	1.05215	1.09176	1.04179	1.09395	1.07523	1.06485	1.07459	1.06531	1.06593	1.07461	1.05642	1.05872	1.05857	1.09857	1.06719	1.0727	1.13794	1.13758	1.12905	1.09108	1.08732	1.09139	1.07789	1.08952	1.07851	1.09098	1.0887	1.08829	1.05718	1.06088	1.05577	1.0577	1.06012	1.05619	1.09195	1.07473	1.07062	1.09396	1.10031	1.09626	1.10298	1.08717	1.09269	1.0879	1.09356	1.11622	0.902171	0.906636	0.87513	0.906435	0.876935	0.876464
ERR608027	0.971315	0.971408	0.97251	0.971185	0.972026	0.977645	1.0023	0.994568	0.995348	1.00176	0.988768	0.995443	0.999587	1.03061	1.00177	1.0318	1.01032	1.00774	0.980464	0.979818	0.976454	0.977561	0.983291	0.979325	0.972485	0.971792	0.97932	0.988374	0.983417	0.982901	0.972807	0.970921	0.974173	0.97374	0.969608	0.975723	0	0.807188	0.736311	0.730675	0.734636	0.731584	0.858808	0.835544	0.83571	0.858103	0.832194	0.859219	1.1282	1.11991	1.12718	1.11996	1.12046	1.1276	1.11271	1.11491	1.11496	1.14691	1.12165	1.12624	1.18077	1.18028	1.17323	1.14166	1.13821	1.14174	1.12733	1.13657	1.12801	1.13765	1.13573	1.13588	1.11291	1.11552	1.11177	1.11342	1.11524	1.11193	1.13713	1.12321	1.11937	1.13883	1.14312	1.14075	1.15012	1.13751	1.14188	1.13799	1.14251	1.16131	0.994332	0.996884	0.972482	0.996698	0.973756	0.973792
ERR608025	0.992768	0.992538	0.994213	0.992587	0.990962	0.996143	1.02058	1.0138	1.01542	1.02013	1.01059	1.0146	1.0224	1.05122	1.02528	1.05243	1.03101	1.02921	0.99783	0.997134	0.993758	0.996836	0.999425	0.997008	0.999317	0.998087	1.00358	1.00734	1.00924	1.00883	0.995531	0.995149	0.995906	0.996154	0.991751	0.996998	0.807188	0	0.811171	0.811441	0.811648	0.810618	0.968633	0.942168	0.946337	0.968111	0.939577	0.968924	1.15173	1.14526	1.14848	1.14516	1.14556	1.15121	1.13717	1.13928	1.1394	1.1636	1.14642	1.14909	1.21211	1.21166	1.20686	1.17179	1.1684	1.17124	1.14807	1.15345	1.14868	1.15431	1.15305	1.1548	1.13408	1.1352	1.13349	1.13437	1.13545	1.13293	1.15495	1.14172	1.13983	1.15678	1.15578	1.15789	1.16987	1.1587	1.16236	1.15864	1.16241	1.18005	1.01157	1.01411	0.99536	1.01489	0.99666	0.996795
ERR608026	0.974598	0.974933	0.976053	0.974688	0.974167	0.980117	1.00517	0.997502	0.998588	1.00456	0.992257	0.998417	1.00379	1.03444	1.00619	1.03585	1.014	1.01169	0.982758	0.98186	0.978691	0.980186	0.985225	0.98147	0.977595	0.97687	0.983305	0.991077	0.988288	0.987464	0.976892	0.975121	0.977899	0.977665	0.973556	0.979237	0.736311	0.811171	0	0.745642	0.748019	0.745452	0.884831	0.860152	0.861684	0.883978	0.857059	0.884527	1.13326	1.12544	1.13161	1.12563	1.12601	1.13262	1.11765	1.11992	1.11976	1.14992	1.12692	1.13069	1.18821	1.18758	1.1813	1.14826	1.14507	1.14839	1.13167	1.13967	1.13232	1.14071	1.13924	1.13961	1.11724	1.11973	1.11624	1.11794	1.11934	1.11626	1.14077	1.12669	1.12372	1.14253	1.14535	1.14435	1.15435	1.14195	1.1463	1.14213	1.14656	1.16517	0.996351	0.998982	0.975984	0.999593	0.977606	0.977664
ERR608028	0.972538	0.97272	0.974079	0.972623	0.972713	0.978554	1.00326	0.995592	0.996217	1.00237	0.989937	0.996674	1.00022	1.03147	1.00279	1.03244	1.01071	1.00869	0.981501	0.980257	0.977272	0.978603	0.983764	0.979784	0.974031	0.973335	0.980285	0.988596	0.984825	0.984133	0.974396	0.972722	0.975688	0.97529	0.971163	0.977301	0.730675	0.811441	0.745642	0	0.738449	0.736059	0.872572	0.849462	0.850176	0.872058	0.845747	0.872611	1.13044	1.12224	1.1291	1.1224	1.12291	1.12983	1.1153	1.11739	1.11751	1.14847	1.12445	1.12874	1.18374	1.18331	1.17678	1.14443	1.1413	1.14463	1.12946	1.1379	1.13012	1.13922	1.13742	1.13789	1.11517	1.11761	1.11381	1.11551	1.11735	1.11404	1.139	1.12512	1.12144	1.14042	1.14411	1.14239	1.15202	1.1397	1.14402	1.14	1.14442	1.16303	0.994321	0.996911	0.973273	0.996712	0.974561	0.974489
ERR608029	0.96965	0.97011	0.971569	0.969836	0.970377	0.975952	1.00053	0.992292	0.993525	0.999575	0.986614	0.993448	0.99848	1.02999	1.00086	1.03114	1.00907	1.00691	0.978379	0.977574	0.974429	0.976145	0.981214	0.976936	0.972503	0.97174	0.978967	0.987049	0.983708	0.983047	0.971733	0.970243	0.972904	0.972499	0.968337	0.974702	0.734636	0.811648	0.748019	0.738449	0	0.73765	0.881924	0.856721	0.858099	0.881367	0.853418	0.881715	1.12919	1.12103	1.12739	1.12126	1.12178	1.12855	1.11327	1.11554	1.1156	1.14652	1.12268	1.12701	1.18341	1.18317	1.17671	1.14315	1.13985	1.14306	1.12761	1.13583	1.12833	1.13718	1.13556	1.13588	1.1128	1.11526	1.11213	1.11358	1.11515	1.11177	1.13686	1.1229	1.11953	1.13844	1.14212	1.14057	1.15053	1.1379	1.14232	1.13813	1.14268	1.16162	0.993023	0.995427	0.971892	0.995568	0.973194	0.973456
ERR608030	0.970213	0.970912	0.972143	0.970354	0.970904	0.976872	1.00117	0.993171	0.994241	1.0006	0.987807	0.994332	0.999125	1.03067	1.00136	1.03183	1.00957	1.00751	0.978774	0.977972	0.974834	0.976415	0.981844	0.977676	0.972766	0.971956	0.979107	0.987395	0.983593	0.983232	0.972076	0.970701	0.973281	0.973173	0.969013	0.975018	0.731584	0.810618	0.745452	0.736059	0.73765	0	0.877462	0.852576	0.853502	0.876501	0.849117	0.876979	1.12943	1.1214	1.1278	1.12151	1.12196	1.12867	1.11378	1.11604	1.11603	1.14711	1.12309	1.12724	1.18346	1.18344	1.17676	1.1432	1.14008	1.14329	1.12789	1.13656	1.12874	1.13745	1.13574	1.13624	1.11345	1.11572	1.11256	1.11391	1.11561	1.11233	1.13742	1.12339	1.12019	1.13898	1.14241	1.14092	1.15088	1.13789	1.14241	1.13853	1.14291	1.16182	0.992958	0.995498	0.971663	0.995825	0.97315	0.973294
ERR622183	1.1006	1.10136	1.10092	1.10101	1.10249	1.1054	1.1271	1.12291	1.12244	1.12531	1.11914	1.12276	1.13558	1.1524	1.13711	1.15322	1.14304	1.14068	1.11138	1.11111	1.11016	1.10929	1.11351	1.11013	1.11106	1.11101	1.11582	1.12422	1.11638	1.11659	1.09044	1.0891	1.09146	1.09102	1.08996	1.0929	0.858808	0.968633	0.884831	0.872572	0.881924	0.877462	0	0.639229	0.628134	0.630018	0.636125	0.630908	1.21145	1.20515	1.21315	1.20535	1.20543	1.211	1.20328	1.20434	1.20424	1.2295	1.20812	1.21202	1.2361	1.23552	1.22985	1.21798	1.21608	1.21843	1.21612	1.22446	1.21651	1.22529	1.22393	1.22267	1.20412	1.20706	1.20306	1.2044	1.20637	1.20403	1.2272	1.21816	1.21504	1.22836	1.23473	1.22984	1.22973	1.22113	1.22416	1.22173	1.22512	1.23749	1.12062	1.12268	1.10616	1.12194	1.10641	1.10713
ERR622179	1.05689	1.05785	1.0583	1.0579	1.0585	1.06362	1.09009	1.0847	1.08453	1.08852	1.08012	1.08441	1.0983	1.12087	1.10018	1.12143	1.10679	1.10453	1.06964	1.06966	1.06717	1.06764	1.07223	1.06839	1.06993	1.06969	1.07545	1.08453	1.07762	1.07794	1.04497	1.04372	1.0463	1.04572	1.04349	1.04772	0.835544	0.942168	0.860152	0.849462	0.856721	0.852576	0.639229	0	0.617446	0.638202	0.622502	0.639377	1.18136	1.17463	1.18201	1.17472	1.17508	1.18096	1.17199	1.17337	1.17343	1.20039	1.17848	1.18237	1.21743	1.21705	1.21101	1.19252	1.19024	1.19272	1.18413	1.19259	1.18484	1.19352	1.192	1.19145	1.16971	1.17243	1.1688	1.17016	1.17208	1.16919	1.19717	1.18607	1.18321	1.19857	1.20376	1.20016	1.20075	1.19056	1.19418	1.19108	1.19504	1.20972	1.08289	1.08515	1.06618	1.08482	1.06667	1.0674
ERR622180	1.06112	1.06203	1.06231	1.06187	1.06312	1.06786	1.09353	1.08815	1.08765	1.09164	1.0831	1.08788	1.09974	1.12194	1.10165	1.12274	1.1085	1.10629	1.07443	1.074	1.07198	1.07169	1.0772	1.07289	1.07205	1.07174	1.07792	1.08808	1.07967	1.07991	1.04895	1.04739	1.05037	1.05003	1.04791	1.05215	0.83571	0.946337	0.861684	0.850176	0.858099	0.853502	0.628134	0.617446	0	0.6274	0.610937	0.628261	1.18149	1.17454	1.18262	1.17472	1.17474	1.18108	1.17227	1.17364	1.1735	1.20188	1.17852	1.18278	1.21495	1.21428	1.20823	1.19117	1.18889	1.19157	1.18499	1.1939	1.18543	1.19475	1.19318	1.19242	1.17089	1.17392	1.1698	1.17122	1.17326	1.17043	1.19821	1.18722	1.18391	1.19943	1.20558	1.20112	1.20145	1.19135	1.19503	1.19183	1.19577	1.21027	1.08634	1.08861	1.06907	1.08815	1.06952	1.07006
ERR622184	1.09922	1.10021	1.10001	1.10009	1.1014	1.10448	1.12611	1.122	1.12119	1.12444	1.11818	1.12178	1.13397	1.15129	1.13585	1.15196	1.14136	1.13941	1.11056	1.11018	1.10908	1.10837	1.11262	1.10925	1.10974	1.10995	1.11451	1.12321	1.11527	1.11525	1.08944	1.08803	1.09054	1.09001	1.0891	1.09176	0.858103	0.968111	0.883978	0.872058	0.881367	0.876501	0.630018	0.638202	0.6274	0	0.635201	0.630514	1.21005	1.20368	1.21183	1.20384	1.20395	1.20974	1.202	1.20309	1.20308	1.22844	1.20699	1.21098	1.23488	1.23446	1.2286	1.21678	1.2147	1.21707	1.21452	1.22295	1.2153	1.22385	1.22258	1.2215	1.20261	1.20554	1.2014	1.20289	1.20493	1.20247	1.22604	1.21682	1.21357	1.22718	1.23345	1.22863	1.22852	1.21985	1.22285	1.22026	1.22388	1.23622	1.11959	1.12198	1.10505	1.12096	1.10536	1.10593
ERR622181	1.05139	1.05195	1.05263	1.05186	1.05274	1.05784	1.08509	1.07931	1.07921	1.0833	1.07458	1.07921	1.09271	1.11578	1.09475	1.11663	1.10161	1.09953	1.06452	1.06432	1.06183	1.06193	1.06727	1.0631	1.06347	1.06329	1.06942	1.07907	1.07173	1.07193	1.03884	1.03737	1.04031	1.03968	1.03732	1.04179	0.832194	0.939577	0.857059	0.845747	0.853418	0.849117	0.636125	0.622502	0.610937	0.635201	0	0.6362	1.17654	1.16923	1.17687	1.1696	1.16977	1.17582	1.16664	1.16811	1.16822	1.19608	1.17342	1.17745	1.21261	1.21204	1.20576	1.18722	1.18463	1.18733	1.17921	1.18787	1.18006	1.18867	1.1872	1.1866	1.16456	1.16747	1.16349	1.16501	1.16696	1.16408	1.19254	1.18134	1.17829	1.19406	1.19964	1.19561	1.19616	1.18573	1.18957	1.18641	1.19013	1.2051	1.07824	1.08056	1.06048	1.08012	1.06098	1.06185
ERR622182	1.10129	1.10219	1.10183	1.10205	1.10309	1.10624	1.12787	1.12388	1.12311	1.12631	1.12017	1.12375	1.13602	1.15302	1.13766	1.15353	1.14326	1.1412	1.11222	1.11189	1.11075	1.11004	1.11437	1.11101	1.11177	1.11179	1.1164	1.12479	1.11713	1.11714	1.09176	1.0903	1.09292	1.09235	1.09133	1.09395	0.859219	0.968924	0.884527	0.872611	0.881715	0.876979	0.630908	0.639377	0.628261	0.630514	0.6362	0	1.21177	1.20545	1.21353	1.20565	1.20585	1.21153	1.20385	1.20497	1.20478	1.23005	1.20886	1.21284	1.2365	1.23596	1.23025	1.2184	1.21669	1.21891	1.21635	1.22484	1.21712	1.22567	1.22433	1.22315	1.20445	1.20734	1.20329	1.2046	1.20661	1.20419	1.22756	1.21843	1.21522	1.22871	1.23493	1.23026	1.23014	1.22146	1.22448	1.22209	1.22555	1.23776	1.12117	1.12347	1.10657	1.12265	1.10705	1.10783
