	ERR608936	ERR608932	ERR608935	ERR608934	ERR608931	ERR608933	ERR608389	ERR608391	ERR608390	ERR608393	ERR608392	ERR608394	ERR609030	ERR609032	ERR609031	ERR609027	ERR609028	ERR609029	ERR606000	ERR606004	ERR606003	ERR606005	ERR606001	ERR606002	ERR607606	ERR607603	ERR607607	ERR607608	ERR607605	ERR607604	ERR617061	ERR617062	ERR617059	ERR617058	ERR617057	ERR617060	ERR617522	ERR617518	ERR617517	ERR617521	ERR617519	ERR617520	ERR613543	ERR613542	ERR613541	ERR613540	ERR613539	ERR613544	ERR613171	ERR613169	ERR613168	ERR613172	ERR613170	ERR613167	ERR617468	ERR617466	ERR617467	ERR617464	ERR617465	ERR617463	ERR626673	ERR626671	ERR626669	ERR626672	ERR626670	ERR626668	ERR617477	ERR617475	ERR617480	ERR617479	ERR617476	ERR617478	ERR615626	ERR615625	ERR615624	ERR615623	ERR615622	ERR615621	ERR606715	ERR606714	ERR606710	ERR606711	ERR606713	ERR606712	ERR618335	ERR618337	ERR618334	ERR618336	ERR618338	ERR618333	ERR616860	ERR616859	ERR616864	ERR616863	ERR616862	ERR616861
ERR608936	0	0.266414	0.245584	0.245878	0.263699	0.282163	0.369747	0.352587	0.351663	0.355272	0.356015	0.353251	0.281206	0.285763	0.282808	0.299349	0.275911	0.281886	0.384925	0.392384	0.390996	0.394519	0.390437	0.393242	0.4599	0.466416	0.461097	0.461887	0.459934	0.460018	0.345403	0.345264	0.360221	0.357438	0.348805	0.344932	0.436881	0.437291	0.430435	0.444598	0.438122	0.448068	0.319359	0.319266	0.344871	0.344376	0.345534	0.319323	0.47655	0.470111	0.473242	0.477011	0.48127	0.48123	0.529709	0.535617	0.535653	0.535713	0.536439	0.530225	0.4496	0.450103	0.447792	0.449312	0.458241	0.44994	0.545434	0.543422	0.534706	0.535049	0.544762	0.535933	0.474999	0.476283	0.479193	0.484696	0.500089	0.507067	0.481242	0.479767	0.564235	0.479348	0.491113	0.481752	0.816658	0.53124	0.819373	0.53857	0.532934	0.813201	0.446895	0.449138	0.452009	0.452419	0.452747	0.450942
ERR608932	0.266414	0	0.262772	0.260129	0.283147	0.243777	0.400807	0.353545	0.363622	0.354466	0.357263	0.364801	0.311555	0.320251	0.314822	0.330224	0.277179	0.271108	0.410168	0.411408	0.407877	0.415018	0.38349	0.384533	0.463668	0.455337	0.469283	0.470767	0.462371	0.46116	0.340627	0.337443	0.338153	0.337014	0.330905	0.338318	0.448871	0.443314	0.438921	0.458394	0.444696	0.465639	0.331283	0.331565	0.320927	0.320532	0.321287	0.332719	0.492765	0.466026	0.464034	0.493675	0.499849	0.466972	0.523051	0.525874	0.525017	0.53428	0.534853	0.529398	0.459491	0.460633	0.456293	0.459603	0.481601	0.450734	0.555202	0.554771	0.540721	0.536658	0.554615	0.537995	0.475527	0.47574	0.485507	0.487815	0.5183	0.528967	0.485098	0.481395	0.591133	0.483563	0.505355	0.489329	0.827351	0.548995	0.830897	0.561	0.551199	0.828525	0.448026	0.45034	0.461728	0.462302	0.46343	0.445748
ERR608935	0.245584	0.262772	0	0.244545	0.264144	0.27794	0.372376	0.352652	0.35225	0.354656	0.35547	0.353248	0.282852	0.287542	0.284415	0.301552	0.274172	0.279276	0.386474	0.393171	0.391567	0.395665	0.38906	0.391842	0.459434	0.464594	0.461007	0.461815	0.459247	0.459403	0.345154	0.344757	0.358394	0.355648	0.347438	0.344268	0.438212	0.437881	0.43124	0.44581	0.43893	0.449454	0.318274	0.318319	0.342027	0.341512	0.342737	0.318571	0.477047	0.468919	0.471932	0.477696	0.482354	0.479424	0.529412	0.535104	0.535116	0.535715	0.536593	0.530412	0.448946	0.449717	0.447193	0.448802	0.459296	0.448649	0.546652	0.544625	0.535463	0.535439	0.545605	0.536234	0.474493	0.475762	0.479357	0.484482	0.501204	0.508562	0.481343	0.479692	0.566956	0.479348	0.492336	0.482118	0.817235	0.532471	0.820022	0.540382	0.534201	0.81427	0.445444	0.448099	0.451662	0.452196	0.452572	0.449378
ERR608934	0.245878	0.260129	0.244545	0	0.263844	0.274731	0.374421	0.352046	0.352911	0.354203	0.355279	0.353924	0.284297	0.289437	0.285599	0.30295	0.273025	0.277764	0.387674	0.393799	0.392041	0.396224	0.387739	0.390428	0.459553	0.463588	0.461605	0.462418	0.459279	0.459052	0.344273	0.343302	0.356045	0.353564	0.345542	0.343063	0.439294	0.438317	0.43208	0.44685	0.439373	0.451091	0.318682	0.318816	0.339899	0.339525	0.340654	0.318868	0.478201	0.468428	0.470945	0.478758	0.483372	0.47825	0.529069	0.534428	0.534421	0.535841	0.536585	0.530579	0.449404	0.450141	0.447509	0.449398	0.460835	0.448482	0.54749	0.54583	0.53617	0.53571	0.546778	0.536678	0.474482	0.475557	0.479654	0.484568	0.502835	0.510289	0.481445	0.479429	0.569177	0.479571	0.493273	0.482531	0.817876	0.534122	0.820701	0.542351	0.535902	0.81521	0.445436	0.447814	0.452027	0.45237	0.45279	0.448813
ERR608931	0.263699	0.283147	0.264144	0.263844	0	0.305179	0.37763	0.383291	0.378372	0.386926	0.388417	0.38027	0.294207	0.297252	0.294922	0.284211	0.287571	0.300873	0.396957	0.420016	0.420699	0.422383	0.423165	0.426716	0.471078	0.476893	0.471712	0.472937	0.469094	0.467199	0.363501	0.360436	0.391267	0.387234	0.373296	0.36339	0.468743	0.473645	0.460872	0.479223	0.474936	0.481436	0.331745	0.330173	0.357019	0.356949	0.35725	0.330817	0.47945	0.47829	0.482954	0.480541	0.481128	0.49466	0.552154	0.561038	0.561102	0.560495	0.561775	0.551225	0.462411	0.462814	0.458182	0.46225	0.461062	0.462197	0.567263	0.560511	0.553585	0.557899	0.565871	0.558767	0.494156	0.495537	0.49685	0.507556	0.519239	0.523704	0.484384	0.483107	0.553166	0.485698	0.493448	0.487618	0.852067	0.53833	0.854492	0.542554	0.54142	0.847602	0.446965	0.4452	0.442658	0.442755	0.442583	0.453329
ERR608933	0.282163	0.243777	0.27794	0.274731	0.305179	0	0.413801	0.354515	0.368836	0.354427	0.357502	0.36978	0.327039	0.336381	0.330643	0.350711	0.288288	0.2768	0.421621	0.417362	0.412394	0.42099	0.380454	0.380524	0.46964	0.457278	0.47636	0.478031	0.468597	0.467648	0.344158	0.341021	0.330655	0.331036	0.328471	0.340997	0.448561	0.439795	0.438225	0.457548	0.441247	0.466206	0.343464	0.34428	0.322135	0.321975	0.322818	0.345511	0.503835	0.470932	0.466813	0.504526	0.511857	0.466724	0.519042	0.519819	0.518635	0.531049	0.531482	0.527784	0.468197	0.469251	0.465275	0.468155	0.495623	0.457087	0.55609	0.557486	0.541693	0.535033	0.555759	0.536591	0.476976	0.476778	0.488571	0.488461	0.523663	0.535589	0.492543	0.488408	0.605488	0.490335	0.515132	0.496961	0.821984	0.557	0.82588	0.570605	0.558856	0.825118	0.45808	0.461361	0.476052	0.476787	0.477978	0.453057
ERR608389	0.369747	0.400807	0.372376	0.374421	0.37763	0.413801	0	0.31471	0.293023	0.319359	0.315922	0.29516	0.359692	0.35769	0.358298	0.367427	0.383507	0.395687	0.375213	0.387807	0.389239	0.38803	0.415812	0.41984	0.453683	0.476114	0.447708	0.44696	0.455026	0.457053	0.36997	0.373968	0.404764	0.398773	0.389889	0.372816	0.362044	0.373841	0.360447	0.36857	0.374198	0.367571	0.355567	0.35562	0.393967	0.394	0.394674	0.354777	0.452916	0.475434	0.483217	0.452185	0.452156	0.494483	0.491353	0.503938	0.505599	0.487604	0.48855	0.479844	0.454592	0.453835	0.455187	0.454441	0.441572	0.46415	0.475163	0.467899	0.470375	0.481322	0.473267	0.480314	0.46128	0.464132	0.451826	0.464829	0.447444	0.44605	0.470757	0.473115	0.500602	0.469754	0.458592	0.465224	0.77335	0.478158	0.773938	0.474351	0.479764	0.760349	0.467538	0.468908	0.46616	0.466345	0.465478	0.472535
ERR608391	0.352587	0.353545	0.352652	0.352046	0.383291	0.354515	0.31471	0	0.265281	0.258149	0.258799	0.265589	0.363117	0.367867	0.364541	0.39331	0.35654	0.353775	0.382093	0.37017	0.36581	0.372182	0.356659	0.357557	0.424147	0.430844	0.425451	0.425449	0.426128	0.428668	0.336996	0.339398	0.336238	0.333992	0.333064	0.33591	0.358597	0.353028	0.351633	0.366532	0.353302	0.373758	0.333067	0.334488	0.338212	0.338138	0.339624	0.334535	0.452094	0.440717	0.44165	0.451444	0.458894	0.444311	0.453039	0.457331	0.457567	0.455978	0.456327	0.453812	0.426236	0.426609	0.427629	0.426415	0.444049	0.426262	0.467372	0.469165	0.458882	0.456724	0.466836	0.456916	0.424645	0.425761	0.42816	0.429109	0.446101	0.455705	0.453842	0.452734	0.5487	0.449913	0.462326	0.451358	0.751802	0.493218	0.754726	0.502645	0.493897	0.749103	0.443825	0.449431	0.4599	0.460687	0.461105	0.441274
ERR608390	0.351663	0.363622	0.35225	0.352911	0.378372	0.368836	0.293023	0.265281	0	0.267698	0.266186	0.262252	0.355091	0.35806	0.355774	0.382048	0.359313	0.361445	0.373905	0.367922	0.36502	0.369414	0.369382	0.371681	0.428517	0.441171	0.427102	0.426751	0.430389	0.433167	0.340653	0.344687	0.352161	0.348469	0.34527	0.341111	0.347549	0.347509	0.342834	0.354518	0.347794	0.359663	0.33368	0.334849	0.351867	0.351741	0.353062	0.334573	0.447962	0.447637	0.45085	0.447174	0.453053	0.456321	0.458822	0.465969	0.466765	0.458661	0.459234	0.455203	0.430222	0.430147	0.431642	0.43009	0.439172	0.43379	0.461838	0.461553	0.455064	0.456671	0.46085	0.456523	0.429729	0.431407	0.428531	0.433115	0.438389	0.444942	0.455814	0.455579	0.532622	0.452158	0.457209	0.451484	0.751468	0.483033	0.753537	0.489298	0.483986	0.745093	0.447792	0.452565	0.459644	0.460333	0.460376	0.447733
ERR608393	0.355272	0.354466	0.354656	0.354203	0.386926	0.354427	0.319359	0.258149	0.267698	0	0.257269	0.266035	0.365691	0.370759	0.367179	0.397056	0.358008	0.354281	0.385965	0.373529	0.368624	0.375296	0.3572	0.358016	0.425409	0.431287	0.42701	0.427089	0.427414	0.429976	0.338672	0.341249	0.334989	0.332923	0.33322	0.337532	0.359786	0.352653	0.352761	0.36699	0.352981	0.374897	0.335267	0.336867	0.338545	0.338488	0.339724	0.336734	0.454896	0.441919	0.442201	0.45432	0.462064	0.444169	0.452297	0.45593	0.456064	0.455562	0.455839	0.454004	0.427808	0.428093	0.429297	0.427673	0.447127	0.427172	0.46816	0.470495	0.459594	0.456249	0.467809	0.456657	0.423978	0.425198	0.427944	0.428322	0.446965	0.45714	0.456316	0.455095	0.552912	0.45216	0.465516	0.45382	0.750222	0.495692	0.753357	0.505725	0.496389	0.748268	0.445929	0.451856	0.463163	0.464038	0.464504	0.443053
ERR608392	0.356015	0.357263	0.35547	0.355279	0.388417	0.357502	0.315922	0.258799	0.266186	0.257269	0	0.264762	0.36487	0.369606	0.366433	0.396949	0.359827	0.356553	0.384778	0.372123	0.367274	0.373934	0.358762	0.359713	0.427814	0.434771	0.428804	0.428726	0.42981	0.432678	0.340377	0.343332	0.337855	0.335606	0.336102	0.339321	0.355492	0.349122	0.349053	0.362157	0.349338	0.369627	0.336928	0.338504	0.342494	0.342423	0.343964	0.338217	0.455489	0.444702	0.445319	0.454838	0.462445	0.447414	0.453216	0.457	0.457166	0.45525	0.455476	0.453742	0.429794	0.429969	0.431448	0.429726	0.448253	0.429865	0.466453	0.468875	0.458659	0.455579	0.465729	0.455975	0.425578	0.426576	0.42835	0.428927	0.445295	0.455126	0.458803	0.45774	0.551857	0.454316	0.466362	0.455723	0.747713	0.494489	0.750548	0.50416	0.495049	0.744978	0.448903	0.454905	0.465959	0.466892	0.467197	0.44631
ERR608394	0.353251	0.364801	0.353248	0.353924	0.38027	0.36978	0.29516	0.265589	0.262252	0.266035	0.264762	0	0.35618	0.359209	0.356898	0.38351	0.360557	0.36244	0.375309	0.368333	0.365647	0.369698	0.369213	0.371438	0.430075	0.442785	0.428852	0.428562	0.432328	0.434591	0.339237	0.343046	0.351131	0.347714	0.344472	0.339708	0.347314	0.346706	0.34234	0.354733	0.346745	0.359962	0.335358	0.336757	0.352725	0.352611	0.354091	0.336347	0.450205	0.449325	0.452458	0.44926	0.455109	0.457776	0.458804	0.465866	0.466473	0.458769	0.459211	0.455407	0.432373	0.432251	0.433798	0.432204	0.441534	0.435683	0.462369	0.462402	0.455491	0.457243	0.461599	0.457109	0.430885	0.432474	0.429743	0.434659	0.440505	0.447135	0.45751	0.457444	0.535445	0.45392	0.459276	0.453292	0.751193	0.485293	0.753385	0.491652	0.486044	0.745171	0.450628	0.455416	0.462063	0.462775	0.462783	0.450165
ERR609030	0.281206	0.311555	0.282852	0.284297	0.294207	0.327039	0.359692	0.363117	0.355091	0.365691	0.36487	0.35618	0	0.25958	0.257773	0.276194	0.271848	0.282992	0.388486	0.398919	0.398381	0.399998	0.40846	0.412023	0.476303	0.486877	0.475334	0.475675	0.476523	0.477355	0.354941	0.356657	0.377603	0.373556	0.365202	0.355641	0.425549	0.429112	0.420631	0.432132	0.430121	0.43383	0.339683	0.339667	0.372465	0.372461	0.373387	0.339299	0.488061	0.489935	0.494374	0.488288	0.4913	0.502792	0.535592	0.542801	0.543104	0.539055	0.540136	0.533505	0.470262	0.470338	0.469603	0.470266	0.47239	0.473787	0.544511	0.541536	0.535506	0.537733	0.543385	0.538351	0.488458	0.489909	0.488746	0.495994	0.502674	0.507437	0.495783	0.495296	0.563473	0.494084	0.499325	0.494516	0.814307	0.531334	0.816581	0.536127	0.533029	0.809015	0.471491	0.473394	0.47455	0.474997	0.475017	0.475868
ERR609032	0.285763	0.320251	0.287542	0.289437	0.297252	0.336381	0.35769	0.367867	0.35806	0.370759	0.369606	0.359209	0.25958	0	0.25959	0.276331	0.279015	0.291896	0.388775	0.40058	0.400594	0.401627	0.414011	0.417658	0.479516	0.492017	0.477786	0.478097	0.479869	0.480977	0.360673	0.362515	0.385324	0.381096	0.372366	0.36183	0.425631	0.430135	0.421504	0.431771	0.431345	0.432701	0.343502	0.343819	0.380376	0.38017	0.381286	0.343023	0.488243	0.493835	0.498977	0.488367	0.491083	0.507859	0.538794	0.546526	0.546849	0.541372	0.54229	0.535639	0.47304	0.473321	0.472554	0.473095	0.472724	0.477708	0.544497	0.541135	0.536185	0.539505	0.543372	0.539887	0.49185	0.493566	0.490761	0.498924	0.502098	0.505953	0.498787	0.498461	0.56032	0.496944	0.500012	0.496609	0.814441	0.530293	0.816429	0.53416	0.531898	0.808168	0.475312	0.477088	0.476972	0.477395	0.477263	0.480338
ERR609031	0.282808	0.314822	0.284415	0.285599	0.294922	0.330643	0.358298	0.364541	0.355774	0.367179	0.366433	0.356898	0.257773	0.25959	0	0.27568	0.274257	0.286077	0.38816	0.399205	0.398975	0.400406	0.410298	0.413889	0.47757	0.488889	0.476284	0.476557	0.478021	0.478813	0.357278	0.358966	0.380651	0.376438	0.368066	0.358142	0.426026	0.429962	0.42148	0.432441	0.430949	0.433578	0.340342	0.340596	0.375518	0.375181	0.376365	0.340073	0.487977	0.491218	0.496049	0.488185	0.490923	0.504699	0.537228	0.544517	0.544794	0.540496	0.541442	0.53491	0.471041	0.471241	0.470481	0.471111	0.472352	0.475028	0.545226	0.542027	0.536204	0.538756	0.544032	0.539338	0.489966	0.491585	0.489909	0.497176	0.502672	0.507069	0.497014	0.496476	0.562262	0.495279	0.499793	0.495577	0.814633	0.531114	0.816765	0.535799	0.532897	0.809016	0.472679	0.474544	0.475317	0.475687	0.475712	0.47733
ERR609027	0.299349	0.330224	0.301552	0.30295	0.284211	0.350711	0.367427	0.39331	0.382048	0.397056	0.396949	0.38351	0.276194	0.276331	0.27568	0	0.287539	0.30542	0.40098	0.426748	0.428335	0.428168	0.440938	0.444921	0.487841	0.498413	0.485904	0.486598	0.486365	0.485317	0.373608	0.372799	0.408223	0.402907	0.389464	0.3754	0.456583	0.464498	0.450765	0.466118	0.465895	0.466548	0.354265	0.35329	0.387213	0.387179	0.387556	0.353106	0.490604	0.498567	0.504593	0.491471	0.490613	0.516308	0.556528	0.566737	0.566693	0.562106	0.563333	0.552916	0.483302	0.483275	0.480359	0.483268	0.475255	0.486478	0.564386	0.556911	0.552497	0.559085	0.56254	0.559525	0.50705	0.508594	0.505722	0.51804	0.520291	0.52261	0.499364	0.499029	0.549582	0.500287	0.500973	0.500152	0.848617	0.537226	0.850461	0.538529	0.540153	0.842346	0.473484	0.471854	0.46739	0.467544	0.466952	0.479811
ERR609028	0.275911	0.277179	0.274172	0.273025	0.287571	0.288288	0.383507	0.35654	0.359313	0.358008	0.359827	0.360557	0.271848	0.279015	0.274257	0.287539	0	0.251931	0.401504	0.408977	0.406649	0.411532	0.396149	0.39842	0.468265	0.467583	0.471454	0.472653	0.467311	0.46654	0.342985	0.341535	0.353029	0.350453	0.342234	0.341997	0.442113	0.440558	0.433775	0.451229	0.442092	0.456462	0.331731	0.331812	0.341323	0.341037	0.342159	0.332628	0.490976	0.475323	0.476164	0.49178	0.496696	0.482025	0.530345	0.535246	0.534494	0.53947	0.540208	0.533792	0.46467	0.465386	0.462275	0.464628	0.478509	0.460897	0.555239	0.553335	0.541887	0.540473	0.554342	0.541549	0.482484	0.4831	0.489231	0.493832	0.516243	0.524753	0.489204	0.486489	0.581969	0.487878	0.504084	0.491849	0.829036	0.544223	0.832195	0.553703	0.546296	0.82819	0.457397	0.458931	0.465654	0.466339	0.466723	0.458215
ERR609029	0.281886	0.271108	0.279276	0.277764	0.300873	0.2768	0.395687	0.353775	0.361445	0.354281	0.356553	0.36244	0.282992	0.291896	0.286077	0.30542	0.251931	0	0.410476	0.412374	0.40866	0.415253	0.389912	0.391258	0.470187	0.465159	0.4749	0.476291	0.469485	0.469	0.343442	0.341593	0.342781	0.341181	0.335861	0.341518	0.443123	0.438125	0.43422	0.451874	0.439619	0.458367	0.33648	0.336925	0.335664	0.335374	0.336507	0.337896	0.498556	0.475512	0.47453	0.499393	0.505465	0.47764	0.526787	0.529647	0.528556	0.536821	0.537375	0.532509	0.467183	0.468116	0.464907	0.467141	0.487471	0.460811	0.556656	0.556527	0.54318	0.539181	0.556066	0.540493	0.481268	0.48138	0.49029	0.492349	0.520459	0.530495	0.493345	0.489887	0.595414	0.491321	0.511508	0.496203	0.824974	0.551012	0.828342	0.562549	0.552914	0.825849	0.460508	0.463354	0.473451	0.474229	0.474964	0.459329
ERR606000	0.384925	0.410168	0.386474	0.387674	0.396957	0.421621	0.375213	0.382093	0.373905	0.385965	0.384778	0.375309	0.388486	0.388775	0.38816	0.40098	0.401504	0.410476	0	0.278021	0.28267	0.278143	0.316957	0.322509	0.460145	0.480368	0.456422	0.455312	0.462797	0.464136	0.400815	0.40369	0.424251	0.420541	0.412265	0.402402	0.43875	0.443635	0.434185	0.445537	0.443672	0.446324	0.35659	0.356847	0.395794	0.395835	0.395879	0.355946	0.433033	0.455621	0.465093	0.432717	0.434165	0.477539	0.51543	0.524468	0.525882	0.514	0.514992	0.507751	0.454224	0.453767	0.455732	0.454328	0.446414	0.463301	0.50995	0.505226	0.504332	0.511356	0.508976	0.510806	0.47261	0.474866	0.469844	0.47767	0.471698	0.473596	0.452975	0.454512	0.499243	0.450992	0.446303	0.447278	0.778928	0.500246	0.78086	0.500263	0.501273	0.769907	0.46552	0.467128	0.466015	0.466022	0.465395	0.471202
ERR606004	0.392384	0.411408	0.393171	0.393799	0.420016	0.417362	0.387807	0.37017	0.367922	0.373529	0.372123	0.368333	0.398919	0.40058	0.399205	0.426748	0.408977	0.412374	0.278021	0	0.258776	0.257542	0.289166	0.293288	0.459761	0.477269	0.457678	0.456287	0.464041	0.466374	0.395958	0.400216	0.407784	0.406218	0.402758	0.396954	0.424479	0.424313	0.420204	0.429785	0.423295	0.432244	0.364973	0.366088	0.395806	0.395932	0.396402	0.364876	0.443749	0.455566	0.462889	0.443146	0.448994	0.470894	0.500923	0.507004	0.508335	0.498366	0.49865	0.495769	0.453679	0.453497	0.457237	0.454242	0.457626	0.461694	0.499034	0.49939	0.495697	0.498832	0.499139	0.498133	0.464165	0.466079	0.46409	0.466702	0.467604	0.473033	0.458359	0.459148	0.529887	0.455027	0.456158	0.45249	0.748544	0.507419	0.751079	0.511973	0.507264	0.741724	0.474179	0.478381	0.481914	0.482001	0.481687	0.47659
ERR606003	0.390996	0.407877	0.391567	0.392041	0.420699	0.412394	0.389239	0.36581	0.36502	0.368624	0.367274	0.365647	0.398381	0.400594	0.398975	0.428335	0.406649	0.40866	0.28267	0.258776	0	0.25979	0.283183	0.286854	0.458045	0.474201	0.456501	0.455008	0.462118	0.464863	0.394607	0.399155	0.402802	0.4011	0.398862	0.395361	0.421182	0.419774	0.417053	0.426033	0.419125	0.429131	0.363326	0.36476	0.391943	0.392078	0.3928	0.363588	0.44538	0.453913	0.460314	0.444724	0.451029	0.467221	0.497075	0.502195	0.503296	0.494605	0.494959	0.49286	0.451874	0.451687	0.455504	0.452229	0.458936	0.459036	0.497114	0.498378	0.493729	0.49533	0.497382	0.494858	0.460889	0.462594	0.461126	0.462997	0.466074	0.472383	0.459101	0.459663	0.534827	0.455174	0.458292	0.453276	0.74551	0.507926	0.748092	0.513639	0.507691	0.73931	0.473439	0.478359	0.483454	0.483684	0.483448	0.475306
ERR606005	0.394519	0.415018	0.395665	0.396224	0.422383	0.42099	0.38803	0.372182	0.369414	0.375296	0.373934	0.369698	0.399998	0.401627	0.400406	0.428168	0.411532	0.415253	0.278143	0.257542	0.25979	0	0.291798	0.295841	0.461189	0.479589	0.458944	0.457381	0.465606	0.467993	0.398232	0.402642	0.410728	0.40878	0.405483	0.399219	0.424632	0.424898	0.420834	0.429623	0.423927	0.4319	0.367018	0.368272	0.399329	0.399529	0.40003	0.366881	0.444592	0.45775	0.465321	0.443876	0.44959	0.473576	0.502483	0.508458	0.50981	0.499337	0.499546	0.496831	0.455223	0.454902	0.458748	0.455679	0.458319	0.46379	0.499152	0.499409	0.496326	0.499558	0.499343	0.498903	0.465813	0.467829	0.465386	0.468077	0.467892	0.47289	0.4602	0.460929	0.529256	0.456521	0.457139	0.453816	0.747501	0.507629	0.749922	0.511587	0.507288	0.740398	0.476654	0.48091	0.483952	0.48411	0.483828	0.479167
ERR606001	0.390437	0.38349	0.38906	0.387739	0.423165	0.380454	0.415812	0.356659	0.369382	0.3572	0.358762	0.369213	0.40846	0.414011	0.410298	0.440938	0.396149	0.389912	0.316957	0.289166	0.283183	0.291798	0	0.249808	0.449644	0.45198	0.453223	0.452927	0.453173	0.454425	0.385032	0.387009	0.373651	0.374757	0.375947	0.383649	0.433329	0.424594	0.425742	0.440342	0.424294	0.447573	0.36309	0.365081	0.362521	0.362665	0.363179	0.36469	0.456218	0.437633	0.438328	0.45638	0.465677	0.439406	0.482214	0.482914	0.482911	0.486084	0.486026	0.485677	0.448067	0.448729	0.450253	0.448403	0.471752	0.446126	0.503379	0.507626	0.495527	0.490929	0.504135	0.491116	0.449537	0.450105	0.458013	0.45459	0.479068	0.490871	0.456126	0.453877	0.564672	0.451179	0.469425	0.453702	0.755203	0.52391	0.759196	0.535789	0.524053	0.756261	0.463826	0.469907	0.482461	0.482985	0.483599	0.459953
ERR606002	0.393242	0.384533	0.391842	0.390428	0.426716	0.380524	0.41984	0.357557	0.371681	0.358016	0.359713	0.371438	0.412023	0.417658	0.413889	0.444921	0.39842	0.391258	0.322509	0.293288	0.286854	0.295841	0.249808	0	0.450658	0.452057	0.45465	0.454441	0.454216	0.455483	0.387046	0.388862	0.373241	0.374335	0.376299	0.385363	0.434888	0.425455	0.427317	0.441787	0.425043	0.449414	0.36582	0.367962	0.362947	0.363002	0.363644	0.367821	0.459213	0.438541	0.438522	0.459227	0.468756	0.438778	0.481828	0.481881	0.481749	0.485909	0.4859	0.485913	0.449428	0.450182	0.451675	0.44988	0.474461	0.446895	0.504237	0.50889	0.496239	0.491006	0.50501	0.491136	0.449972	0.450424	0.459014	0.454787	0.480773	0.492985	0.457796	0.455452	0.568633	0.452616	0.47227	0.455372	0.75433	0.526288	0.75839	0.538416	0.526284	0.755965	0.465359	0.471663	0.484939	0.485637	0.486176	0.461027
ERR607606	0.4599	0.463668	0.459434	0.459553	0.471078	0.46964	0.453683	0.424147	0.428517	0.425409	0.427814	0.430075	0.476303	0.479516	0.47757	0.487841	0.468265	0.470187	0.460145	0.459761	0.458045	0.461189	0.449644	0.450658	0	0.251749	0.240749	0.242166	0.241211	0.241249	0.451542	0.451452	0.456077	0.45431	0.449416	0.45095	0.481504	0.479881	0.474312	0.489673	0.480274	0.494413	0.415251	0.415263	0.421127	0.421305	0.42166	0.41549	0.321174	0.306302	0.310465	0.32202	0.330927	0.320393	0.355252	0.365136	0.366388	0.360356	0.361047	0.352941	0.28939	0.290623	0.288356	0.289585	0.31195	0.287975	0.375425	0.374818	0.363506	0.363993	0.376337	0.364893	0.324872	0.325717	0.330737	0.333722	0.357516	0.37037	0.327676	0.326696	0.460023	0.324942	0.343885	0.327358	0.730777	0.404016	0.734121	0.415889	0.405362	0.727474	0.289621	0.294525	0.308881	0.310331	0.31101	0.287226
ERR607603	0.466416	0.455337	0.464594	0.463588	0.476893	0.457278	0.476114	0.430844	0.441171	0.431287	0.434771	0.442785	0.486877	0.492017	0.488889	0.498413	0.467583	0.465159	0.480368	0.477269	0.474201	0.479589	0.45198	0.452057	0.251749	0	0.262388	0.265048	0.250569	0.247802	0.453163	0.451517	0.448738	0.44813	0.444485	0.451565	0.496631	0.491538	0.487612	0.505962	0.49223	0.512665	0.424303	0.424484	0.411763	0.412105	0.412207	0.425192	0.348622	0.306378	0.303053	0.349937	0.360873	0.305543	0.352874	0.357967	0.358098	0.366068	0.366515	0.359826	0.308769	0.310664	0.305631	0.308941	0.347392	0.294551	0.397685	0.399888	0.38107	0.374853	0.399066	0.376404	0.332812	0.331873	0.346833	0.345391	0.388086	0.404894	0.339598	0.335816	0.495018	0.337645	0.369648	0.344771	0.745418	0.431891	0.749624	0.448372	0.433682	0.747059	0.297267	0.302366	0.325948	0.327653	0.328802	0.286476
ERR607607	0.461097	0.469283	0.461007	0.461605	0.471712	0.47636	0.447708	0.425451	0.427102	0.42701	0.428804	0.428852	0.475334	0.477786	0.476284	0.485904	0.471454	0.4749	0.456422	0.457678	0.456501	0.458944	0.453223	0.45465	0.240749	0.262388	0	0.240352	0.243935	0.244789	0.453763	0.454111	0.461588	0.459493	0.453998	0.453432	0.478329	0.478003	0.4717	0.486201	0.478482	0.489966	0.415542	0.415424	0.426538	0.426797	0.427174	0.4154	0.315325	0.31122	0.317612	0.315909	0.323433	0.329643	0.359631	0.371368	0.372916	0.361861	0.36292	0.353773	0.289178	0.289753	0.28831	0.289003	0.303495	0.291756	0.370349	0.368256	0.360293	0.363687	0.371034	0.364168	0.326849	0.327784	0.328731	0.334174	0.3492	0.360217	0.327068	0.327213	0.447391	0.324438	0.337391	0.325402	0.728361	0.395395	0.731225	0.405057	0.39698	0.722836	0.291496	0.295737	0.306454	0.307737	0.307637	0.292039
ERR607608	0.461887	0.470767	0.461815	0.462418	0.472937	0.478031	0.44696	0.425449	0.426751	0.427089	0.428726	0.428562	0.475675	0.478097	0.476557	0.486598	0.472653	0.476291	0.455312	0.456287	0.455008	0.457381	0.452927	0.454441	0.242166	0.265048	0.240352	0	0.245324	0.246477	0.454554	0.455279	0.462589	0.46042	0.455073	0.454412	0.476821	0.476802	0.470681	0.48456	0.477312	0.488439	0.416245	0.416159	0.428528	0.428671	0.429005	0.416019	0.314369	0.312271	0.319229	0.314708	0.322317	0.331111	0.359871	0.371297	0.373234	0.361329	0.362247	0.353378	0.288555	0.289336	0.288311	0.288478	0.302367	0.292549	0.368504	0.366717	0.359297	0.362728	0.369148	0.363132	0.326412	0.328009	0.327811	0.333129	0.346619	0.357584	0.327786	0.328183	0.44632	0.325291	0.337022	0.325529	0.72546	0.393879	0.728272	0.403443	0.395291	0.719575	0.293163	0.297803	0.308125	0.309296	0.309315	0.294289
ERR607605	0.459934	0.462371	0.459247	0.459279	0.469094	0.468597	0.455026	0.426128	0.430389	0.427414	0.42981	0.432328	0.476523	0.479869	0.478021	0.486365	0.467311	0.469485	0.462797	0.464041	0.462118	0.465606	0.453173	0.454216	0.241211	0.250569	0.243935	0.245324	0	0.240716	0.452276	0.451714	0.457117	0.454904	0.449763	0.451445	0.484587	0.482986	0.477051	0.493002	0.483727	0.497781	0.415419	0.415508	0.419855	0.420034	0.420288	0.415677	0.322527	0.306714	0.310819	0.323534	0.33184	0.320625	0.358059	0.368266	0.369218	0.364192	0.365227	0.355885	0.291418	0.292698	0.289446	0.291194	0.313747	0.288963	0.379882	0.378434	0.367076	0.367278	0.380698	0.368484	0.327329	0.327681	0.332547	0.336473	0.360699	0.373702	0.328216	0.327002	0.460237	0.326372	0.345395	0.329299	0.736566	0.405342	0.739849	0.41722	0.407158	0.73304	0.288107	0.292226	0.30711	0.308498	0.308878	0.285799
ERR607604	0.460018	0.46116	0.459403	0.459052	0.467199	0.467648	0.457053	0.428668	0.433167	0.429976	0.432678	0.434591	0.477355	0.480977	0.478813	0.485317	0.46654	0.469	0.464136	0.466374	0.464863	0.467993	0.454425	0.455483	0.241249	0.247802	0.244789	0.246477	0.240716	0	0.450682	0.449526	0.457219	0.455367	0.449248	0.449949	0.488918	0.487562	0.480736	0.498376	0.488061	0.503227	0.415943	0.415681	0.417905	0.418074	0.418184	0.416026	0.322838	0.304665	0.30833	0.324064	0.331964	0.318845	0.359442	0.370205	0.371269	0.367487	0.367992	0.358006	0.294379	0.295404	0.291408	0.294289	0.315274	0.290202	0.384526	0.382608	0.37038	0.371746	0.38552	0.373026	0.329422	0.329867	0.336421	0.341093	0.36725	0.380237	0.325876	0.324383	0.460731	0.324747	0.345278	0.328047	0.74408	0.408672	0.747382	0.420496	0.410727	0.74109	0.286352	0.289332	0.302509	0.303986	0.304336	0.28267
ERR617061	0.345403	0.340627	0.345154	0.344273	0.363501	0.344158	0.36997	0.336996	0.340653	0.338672	0.340377	0.339237	0.354941	0.360673	0.357278	0.373608	0.342985	0.343442	0.400815	0.395958	0.394607	0.398232	0.385032	0.387046	0.451542	0.453163	0.453763	0.454554	0.452276	0.450682	0	0.253632	0.273199	0.270594	0.262316	0.25332	0.400007	0.397892	0.39079	0.411717	0.397905	0.418182	0.357482	0.358642	0.355144	0.355247	0.35571	0.358021	0.478995	0.464796	0.465389	0.479145	0.485206	0.469715	0.482333	0.488829	0.488851	0.489497	0.489678	0.483337	0.457768	0.45833	0.456558	0.458166	0.471119	0.454627	0.502825	0.501344	0.490221	0.491476	0.502739	0.491473	0.457146	0.457808	0.462105	0.467942	0.485955	0.494953	0.462175	0.460495	0.55663	0.461696	0.473596	0.463679	0.794048	0.518197	0.796872	0.527482	0.520223	0.792029	0.464494	0.465781	0.472647	0.472794	0.473124	0.459967
ERR617062	0.345264	0.337443	0.344757	0.343302	0.360436	0.341021	0.373968	0.339398	0.344687	0.341249	0.343332	0.343046	0.356657	0.362515	0.358966	0.372799	0.341535	0.341593	0.40369	0.400216	0.399155	0.402642	0.387009	0.388862	0.451452	0.451517	0.454111	0.455279	0.451714	0.449526	0.253632	0	0.273304	0.270547	0.261206	0.252683	0.406923	0.404532	0.396875	0.419476	0.404738	0.425951	0.357172	0.358325	0.351445	0.351645	0.352005	0.357555	0.479139	0.462999	0.46332	0.479508	0.48538	0.467701	0.484477	0.490891	0.49095	0.492964	0.493397	0.486304	0.458198	0.458865	0.456537	0.458449	0.471965	0.454126	0.507452	0.50559	0.493917	0.495119	0.507332	0.495145	0.458498	0.459047	0.464164	0.470618	0.490381	0.499853	0.461663	0.459191	0.558261	0.461522	0.474249	0.463791	0.8008	0.521025	0.803796	0.530506	0.523256	0.799445	0.462169	0.46312	0.469783	0.469911	0.470293	0.457476
ERR617059	0.360221	0.338153	0.358394	0.356045	0.391267	0.330655	0.404764	0.336238	0.352161	0.334989	0.337855	0.351131	0.377603	0.385324	0.380651	0.408223	0.353029	0.342781	0.424251	0.407784	0.402802	0.410728	0.373651	0.373241	0.456077	0.448738	0.461588	0.462589	0.457117	0.457219	0.273199	0.273304	0	0.249233	0.253338	0.269785	0.411897	0.400963	0.402661	0.421149	0.401336	0.4308	0.369673	0.371732	0.351191	0.351219	0.352185	0.371359	0.495927	0.466224	0.462332	0.495999	0.5053	0.460081	0.477291	0.477263	0.476437	0.486365	0.486506	0.48533	0.46074	0.46172	0.460758	0.461096	0.490161	0.452932	0.510814	0.514796	0.49858	0.491493	0.511025	0.492356	0.454787	0.454589	0.465404	0.463475	0.496178	0.509393	0.476326	0.473088	0.591234	0.472935	0.495234	0.477826	0.782415	0.537164	0.78615	0.551424	0.538356	0.785533	0.471821	0.477008	0.492001	0.492721	0.493506	0.46409
ERR617058	0.357438	0.337014	0.355648	0.353564	0.387234	0.331036	0.398773	0.333992	0.348469	0.332923	0.335606	0.347714	0.373556	0.381096	0.376438	0.402907	0.350453	0.341181	0.420541	0.406218	0.4011	0.40878	0.374757	0.374335	0.45431	0.44813	0.459493	0.46042	0.454904	0.455367	0.270594	0.270547	0.249233	0	0.252513	0.267243	0.407601	0.397337	0.398352	0.416546	0.398095	0.426082	0.366714	0.368901	0.350575	0.35062	0.351514	0.36827	0.492776	0.465271	0.461909	0.492797	0.501588	0.460309	0.475946	0.476658	0.476069	0.484466	0.485098	0.483247	0.458753	0.459802	0.458815	0.459112	0.486775	0.451931	0.507968	0.511167	0.495677	0.489229	0.507903	0.490012	0.453566	0.453339	0.462845	0.461817	0.492651	0.505267	0.473986	0.470837	0.585989	0.470817	0.491754	0.475284	0.782382	0.532974	0.786029	0.546859	0.534324	0.784695	0.469913	0.474897	0.489622	0.490363	0.490944	0.462847
ERR617057	0.348805	0.330905	0.347438	0.345542	0.373296	0.328471	0.389889	0.333064	0.34527	0.33322	0.336102	0.344472	0.365202	0.372366	0.368066	0.389464	0.342234	0.335861	0.412265	0.402758	0.398862	0.405483	0.375947	0.376299	0.449416	0.444485	0.453998	0.455073	0.449763	0.449248	0.262316	0.261206	0.253338	0.252513	0	0.259479	0.408964	0.401631	0.398847	0.419659	0.402104	0.428144	0.35862	0.360256	0.344349	0.344554	0.345129	0.35987	0.484766	0.459855	0.45734	0.485	0.492846	0.458087	0.477955	0.480768	0.480231	0.487419	0.487732	0.483421	0.454776	0.455737	0.453941	0.455143	0.47845	0.44805	0.508242	0.509137	0.49485	0.490887	0.508156	0.491561	0.45326	0.453185	0.461763	0.463222	0.491302	0.503033	0.465615	0.462809	0.574734	0.463608	0.482944	0.467824	0.791508	0.527689	0.795002	0.540136	0.529332	0.792605	0.461897	0.465028	0.478184	0.478705	0.479281	0.455631
ERR617060	0.344932	0.338318	0.344268	0.343063	0.36339	0.340997	0.372816	0.33591	0.341111	0.337532	0.339321	0.339708	0.355641	0.36183	0.358142	0.3754	0.341997	0.341518	0.402402	0.396954	0.395361	0.399219	0.383649	0.385363	0.45095	0.451565	0.453432	0.454412	0.451445	0.449949	0.25332	0.252683	0.269785	0.267243	0.259479	0	0.40167	0.398944	0.392382	0.413581	0.398783	0.420297	0.356893	0.358195	0.352727	0.352904	0.353455	0.357747	0.479426	0.463642	0.463775	0.479501	0.485964	0.467731	0.481568	0.487656	0.487715	0.489187	0.489595	0.483512	0.456694	0.457447	0.45584	0.457112	0.471591	0.453245	0.503826	0.502883	0.491026	0.491521	0.503763	0.491741	0.456277	0.456748	0.461672	0.467311	0.486991	0.496414	0.462564	0.460451	0.5596	0.461769	0.47484	0.464001	0.794313	0.519808	0.797248	0.529852	0.521816	0.792762	0.463477	0.465197	0.472608	0.472853	0.473162	0.458861
ERR617522	0.436881	0.448871	0.438212	0.439294	0.468743	0.448561	0.362044	0.358597	0.347549	0.359786	0.355492	0.347314	0.425549	0.425631	0.426026	0.456583	0.442113	0.443123	0.43875	0.424479	0.421182	0.424632	0.433329	0.434888	0.481504	0.496631	0.478329	0.476821	0.484587	0.488918	0.400007	0.406923	0.411897	0.407601	0.408964	0.40167	0	0.278456	0.278825	0.277778	0.279218	0.281878	0.412546	0.414584	0.424111	0.424391	0.42541	0.413477	0.500879	0.507009	0.509651	0.49919	0.504839	0.511353	0.455911	0.463668	0.465265	0.447658	0.44779	0.447212	0.495186	0.49469	0.498743	0.49562	0.502331	0.500949	0.442907	0.444708	0.443457	0.447117	0.441582	0.446158	0.460968	0.462577	0.452701	0.457418	0.447052	0.450638	0.5089	0.510183	0.561453	0.504174	0.50078	0.501081	0.718498	0.502142	0.71909	0.50564	0.502567	0.706668	0.523593	0.529677	0.538661	0.539277	0.538972	0.519788
ERR617518	0.437291	0.443314	0.437881	0.438317	0.473645	0.439795	0.373841	0.353028	0.347509	0.352653	0.349122	0.346706	0.429112	0.430135	0.429962	0.464498	0.440558	0.438125	0.443635	0.424313	0.419774	0.424898	0.424594	0.425455	0.479881	0.491538	0.478003	0.476802	0.482986	0.487562	0.397892	0.404532	0.400963	0.397337	0.401631	0.398944	0.278456	0	0.277716	0.27998	0.272603	0.287063	0.412616	0.415007	0.41779	0.417956	0.419178	0.414069	0.504316	0.504009	0.505425	0.503008	0.50978	0.504701	0.448553	0.453651	0.454985	0.441269	0.441611	0.443444	0.49339	0.493086	0.497286	0.493685	0.507107	0.497389	0.443647	0.448358	0.443884	0.443461	0.442942	0.442763	0.454847	0.456087	0.449304	0.451001	0.448605	0.454588	0.510362	0.510812	0.57482	0.504686	0.505924	0.502685	0.711682	0.508473	0.712986	0.514691	0.508562	0.703043	0.523715	0.530822	0.542479	0.543227	0.543173	0.518479
ERR617517	0.430435	0.438921	0.43124	0.43208	0.460872	0.438225	0.360447	0.351633	0.342834	0.352761	0.349053	0.34234	0.420631	0.421504	0.42148	0.450765	0.433775	0.43422	0.434185	0.420204	0.417053	0.420834	0.425742	0.427317	0.474312	0.487612	0.4717	0.470681	0.477051	0.480736	0.39079	0.396875	0.402661	0.398352	0.398847	0.392382	0.278825	0.277716	0	0.283186	0.278165	0.288547	0.404883	0.406774	0.412083	0.412598	0.413396	0.40585	0.495121	0.498648	0.500877	0.493889	0.49965	0.502733	0.450492	0.458068	0.459405	0.443984	0.444224	0.442626	0.489669	0.488991	0.49285	0.489878	0.49799	0.494049	0.442407	0.443276	0.441182	0.444388	0.441485	0.443471	0.455158	0.456561	0.448249	0.453053	0.446726	0.451139	0.500656	0.501683	0.559187	0.496693	0.495027	0.493957	0.724773	0.50063	0.725821	0.504859	0.501245	0.714784	0.515959	0.521228	0.530918	0.531446	0.531298	0.511498
ERR617521	0.444598	0.458394	0.44581	0.44685	0.479223	0.457548	0.36857	0.366532	0.354518	0.36699	0.362157	0.354733	0.432132	0.431771	0.432441	0.466118	0.451229	0.451874	0.445537	0.429785	0.426033	0.429623	0.440342	0.441787	0.489673	0.505962	0.486201	0.48456	0.493002	0.498376	0.411717	0.419476	0.421149	0.416546	0.419659	0.413581	0.277778	0.27998	0.283186	0	0.281544	0.279119	0.421444	0.423615	0.436471	0.436851	0.437899	0.422438	0.508485	0.516245	0.518903	0.506799	0.512434	0.520004	0.461745	0.468343	0.470003	0.451408	0.451834	0.452573	0.501456	0.500745	0.50547	0.501639	0.509375	0.508023	0.445423	0.448509	0.448411	0.450721	0.444305	0.449609	0.466423	0.468276	0.457212	0.460581	0.448229	0.451498	0.51902	0.520513	0.568013	0.513614	0.509286	0.510236	0.710542	0.506336	0.710889	0.509155	0.506216	0.697803	0.53261	0.539511	0.549063	0.549713	0.549451	0.529452
ERR617519	0.438122	0.444696	0.43893	0.439373	0.474936	0.441247	0.374198	0.353302	0.347794	0.352981	0.349338	0.346745	0.430121	0.431345	0.430949	0.465895	0.442092	0.439619	0.443672	0.423295	0.419125	0.423927	0.424294	0.425043	0.480274	0.49223	0.478482	0.477312	0.483727	0.488061	0.397905	0.404738	0.401336	0.398095	0.402104	0.398783	0.279218	0.272603	0.278165	0.281544	0	0.288309	0.413139	0.415752	0.418416	0.418752	0.4199	0.414791	0.504547	0.504337	0.50555	0.503087	0.510087	0.505178	0.448711	0.45377	0.454977	0.441427	0.441369	0.443321	0.493692	0.493237	0.497709	0.494042	0.506929	0.497597	0.44323	0.448278	0.443814	0.443469	0.442777	0.442802	0.455373	0.456595	0.449939	0.451615	0.449111	0.455266	0.510012	0.510597	0.575124	0.504431	0.505708	0.502405	0.711193	0.508755	0.712382	0.515094	0.508907	0.702615	0.524356	0.531419	0.542813	0.543528	0.543423	0.519015
ERR617520	0.448068	0.465639	0.449454	0.451091	0.481436	0.466206	0.367571	0.373758	0.359663	0.374897	0.369627	0.359962	0.43383	0.432701	0.433578	0.466548	0.456462	0.458367	0.446324	0.432244	0.429131	0.4319	0.447573	0.449414	0.494413	0.512665	0.489966	0.488439	0.497781	0.503227	0.418182	0.425951	0.4308	0.426082	0.428144	0.420297	0.281878	0.287063	0.288547	0.279119	0.288309	0	0.425364	0.427516	0.445096	0.445374	0.446541	0.426341	0.510027	0.521404	0.524878	0.508008	0.513204	0.526999	0.468976	0.476539	0.478443	0.457691	0.458053	0.458272	0.505146	0.504449	0.509467	0.505325	0.509933	0.513109	0.447938	0.449945	0.451887	0.455988	0.446727	0.454769	0.47276	0.474674	0.461906	0.466527	0.4499	0.451483	0.522555	0.524476	0.564689	0.517252	0.510568	0.513239	0.711683	0.506192	0.711604	0.507386	0.50614	0.696794	0.536418	0.543031	0.551328	0.552001	0.551678	0.534308
ERR613543	0.319359	0.331283	0.318274	0.318682	0.331745	0.343464	0.355567	0.333067	0.33368	0.335267	0.336928	0.335358	0.339683	0.343502	0.340342	0.354265	0.331731	0.33648	0.35659	0.364973	0.363326	0.367018	0.36309	0.36582	0.415251	0.424303	0.415542	0.416245	0.415419	0.415943	0.357482	0.357172	0.369673	0.366714	0.35862	0.356893	0.412546	0.412616	0.404883	0.421444	0.413139	0.425364	0	0.246377	0.276506	0.276431	0.277388	0.246611	0.420908	0.417397	0.422709	0.421197	0.425911	0.432611	0.493137	0.500556	0.500697	0.498431	0.499188	0.492303	0.40453	0.404596	0.402565	0.404281	0.41213	0.406086	0.504384	0.501537	0.494033	0.49574	0.50359	0.496355	0.436329	0.437841	0.439761	0.445871	0.459399	0.46628	0.425103	0.423789	0.508858	0.422553	0.433272	0.42425	0.798047	0.488574	0.800654	0.495423	0.490569	0.793235	0.402676	0.405686	0.409279	0.409917	0.410197	0.407672
ERR613542	0.319266	0.331565	0.318319	0.318816	0.330173	0.34428	0.35562	0.334488	0.334849	0.336867	0.338504	0.336757	0.339667	0.343819	0.340596	0.35329	0.331812	0.336925	0.356847	0.366088	0.36476	0.368272	0.365081	0.367962	0.415263	0.424484	0.415424	0.416159	0.415508	0.415681	0.358642	0.358325	0.371732	0.368901	0.360256	0.358195	0.414584	0.415007	0.406774	0.423615	0.415752	0.427516	0.246377	0	0.27717	0.277379	0.277868	0.246786	0.42085	0.41781	0.423026	0.421333	0.425641	0.433373	0.494888	0.502436	0.502508	0.500178	0.500951	0.493818	0.405004	0.404879	0.40287	0.404772	0.411828	0.406576	0.505614	0.50248	0.495129	0.497025	0.504694	0.497747	0.437139	0.438573	0.440516	0.446839	0.46006	0.466621	0.425038	0.423818	0.507605	0.422676	0.432983	0.424109	0.800342	0.488854	0.802945	0.495539	0.490839	0.795514	0.402257	0.404971	0.408228	0.408592	0.409182	0.407386
ERR613541	0.344871	0.320927	0.342027	0.339899	0.357019	0.322135	0.393967	0.338212	0.351867	0.338545	0.342494	0.352725	0.372465	0.380376	0.375518	0.387213	0.341323	0.335664	0.395794	0.395806	0.391943	0.399329	0.362521	0.362947	0.421127	0.411763	0.426538	0.428528	0.419855	0.417905	0.355144	0.351445	0.351191	0.350575	0.344349	0.352727	0.424111	0.41779	0.412083	0.436471	0.418416	0.445096	0.276506	0.27717	0	0.24462	0.244926	0.27893	0.446168	0.415414	0.41314	0.447082	0.453953	0.416131	0.480752	0.485122	0.484128	0.492879	0.493022	0.486705	0.421723	0.422501	0.41768	0.421679	0.445017	0.411666	0.512438	0.511469	0.497035	0.494109	0.512372	0.495301	0.436946	0.436977	0.447634	0.450466	0.482037	0.493599	0.431027	0.427023	0.544187	0.429273	0.452532	0.435214	0.810318	0.511081	0.813832	0.523323	0.51366	0.81099	0.409252	0.411436	0.42484	0.425495	0.426953	0.404663
