	ERR607419	ERR607416	ERR607415	ERR607417	ERR607418	ERR607420	ERR618388	ERR618390	ERR618391	ERR618387	ERR618392	ERR618389	ERR629916	ERR629917	ERR629921	ERR629920	ERR629919	ERR629918	ERR608081	ERR608084	ERR608083	ERR608085	ERR608086	ERR608082	ERR617515	ERR617512	ERR617514	ERR617511	ERR617516	ERR617513	ERR608758	ERR608757	ERR608760	ERR608762	ERR608761	ERR608759	ERR636697	ERR636702	ERR636699	ERR636700	ERR636701	ERR636698	ERR617026	ERR617023	ERR617022	ERR617024	ERR617025	ERR617021	ERR608855	ERR608856	ERR608857	ERR608853	ERR608854	ERR608858	ERR631064	ERR631063	ERR631062	ERR631066	ERR631065	ERR631067	ERR618293	ERR618292	ERR618295	ERR618296	ERR618291	ERR618294	ERR606652	ERR606653	ERR606651	ERR606648	ERR606649	ERR606650	ERR638212	ERR638208	ERR638211	ERR638209	ERR638210	ERR638207	ERR626607	ERR626603	ERR626606	ERR626602	ERR626605	ERR626604	ERR618440	ERR618437	ERR618435	ERR618436	ERR618439	ERR618438	ERR630311	ERR630308	ERR630310	ERR630313	ERR630312	ERR630309
ERR607419	0	0.268761	0.275677	0.27277	0.239327	0.239455	0.507449	0.519697	0.508258	0.506917	0.51659	0.506805	0.336818	0.369944	0.380969	0.385837	0.379844	0.339984	0.442828	0.452049	0.438074	0.449406	0.449701	0.436935	0.468523	0.491503	0.471519	0.491588	0.476904	0.491142	0.442919	0.486107	0.428289	0.441945	0.426191	0.429511	0.435895	0.444596	0.432326	0.442133	0.444321	0.431382	0.498211	0.481129	0.483316	0.497102	0.499493	0.485494	0.312398	0.320733	0.320977	0.410126	0.32381	0.321097	0.304509	0.307727	0.302045	0.30474	0.307208	0.312105	0.393581	0.402638	0.402662	0.408307	0.400271	0.397034	0.333556	0.333682	0.342398	0.447637	0.329175	0.329207	0.379339	0.381811	0.328946	0.383293	0.331185	0.388393	0.361592	0.347171	0.359687	0.322058	0.364935	0.396209	0.34584	0.34927	0.341685	0.360063	0.346578	0.348829	0.368552	0.365537	0.378405	0.379134	0.367954	0.374393
ERR607416	0.268761	0	0.24811	0.248107	0.269816	0.268939	0.512776	0.511338	0.508506	0.514867	0.509682	0.512445	0.313596	0.326174	0.334376	0.338207	0.333962	0.313942	0.451326	0.452971	0.451441	0.452306	0.453503	0.452015	0.451901	0.464716	0.453314	0.462974	0.454263	0.464589	0.428119	0.454888	0.425231	0.428236	0.425528	0.424479	0.446266	0.449237	0.448753	0.448079	0.448223	0.450234	0.489087	0.485827	0.485834	0.488385	0.489348	0.483335	0.307054	0.306378	0.305802	0.360771	0.308082	0.306563	0.325547	0.316446	0.315989	0.306982	0.30673	0.305326	0.371262	0.37484	0.37455	0.377514	0.373231	0.372435	0.34962	0.345006	0.3333	0.398259	0.348183	0.342947	0.358486	0.35283	0.323705	0.35213	0.324695	0.357498	0.31734	0.307056	0.316429	0.298571	0.319724	0.339473	0.349104	0.342738	0.348129	0.340371	0.348015	0.345909	0.384235	0.384851	0.38014	0.387926	0.384333	0.380674
ERR607415	0.275677	0.24811	0	0.248895	0.276767	0.275529	0.51628	0.513197	0.511203	0.518629	0.511663	0.515915	0.31347	0.322645	0.330096	0.333354	0.329559	0.31361	0.453953	0.45481	0.45456	0.454655	0.455957	0.455543	0.451813	0.462492	0.452628	0.460018	0.452455	0.462472	0.42761	0.451204	0.426676	0.427821	0.427451	0.425575	0.448783	0.450839	0.451952	0.449957	0.449924	0.453934	0.4886	0.487997	0.487721	0.487958	0.488731	0.484445	0.308743	0.307287	0.306573	0.354553	0.308282	0.306925	0.331285	0.321424	0.320929	0.310412	0.309866	0.307874	0.370978	0.373608	0.37322	0.375527	0.371681	0.371785	0.352703	0.347592	0.333597	0.391664	0.351898	0.346219	0.355826	0.349893	0.324398	0.348754	0.325287	0.353961	0.314894	0.305439	0.314092	0.299556	0.316888	0.333669	0.352584	0.344824	0.351549	0.340231	0.35096	0.348649	0.387014	0.388237	0.381431	0.389792	0.387283	0.382337
ERR607417	0.27277	0.248107	0.248895	0	0.274027	0.272734	0.511405	0.509166	0.506882	0.513404	0.507567	0.510945	0.312449	0.324283	0.333632	0.337044	0.332698	0.312692	0.454905	0.455642	0.455499	0.454804	0.456108	0.455453	0.450587	0.462164	0.451849	0.46121	0.452858	0.462078	0.428682	0.454981	0.426501	0.428569	0.426915	0.425462	0.449468	0.452659	0.452494	0.451626	0.451727	0.453582	0.490915	0.487095	0.487275	0.489966	0.49077	0.485229	0.3099	0.308789	0.308539	0.361864	0.310867	0.308877	0.327203	0.317129	0.317592	0.308565	0.308076	0.305928	0.369186	0.372647	0.372949	0.375673	0.37199	0.3704	0.353822	0.348875	0.335485	0.398542	0.351954	0.34659	0.363002	0.355473	0.3281	0.353958	0.329038	0.360031	0.313484	0.304095	0.312585	0.297481	0.315689	0.335733	0.349294	0.343151	0.348858	0.339815	0.347812	0.345561	0.389809	0.39013	0.384919	0.394042	0.389738	0.385894
ERR607418	0.239327	0.269816	0.276767	0.274027	0	0.239208	0.508617	0.521343	0.509586	0.508207	0.518081	0.508158	0.338207	0.371559	0.382258	0.387468	0.381163	0.341358	0.442559	0.452084	0.437637	0.449539	0.449854	0.436676	0.469645	0.493201	0.472873	0.493107	0.478207	0.492836	0.443814	0.487361	0.429026	0.442821	0.426658	0.430161	0.435582	0.444362	0.43195	0.441882	0.4442	0.430874	0.498867	0.481695	0.483982	0.497745	0.500204	0.486015	0.312673	0.321124	0.321501	0.411051	0.324232	0.321288	0.305014	0.308698	0.30261	0.305195	0.307704	0.312916	0.394921	0.404046	0.40386	0.409677	0.40147	0.398166	0.333093	0.333219	0.342842	0.448414	0.32868	0.32869	0.379003	0.382138	0.328347	0.383905	0.330683	0.3887	0.363303	0.349072	0.361765	0.323342	0.366905	0.397953	0.346918	0.350314	0.342429	0.361471	0.347629	0.34983	0.36798	0.36483	0.378205	0.378338	0.367274	0.374178
ERR607420	0.239455	0.268939	0.275529	0.272734	0.239208	0	0.507566	0.520097	0.508543	0.507106	0.51694	0.507083	0.336528	0.369525	0.380459	0.385641	0.379354	0.339718	0.442215	0.451659	0.437357	0.448854	0.449252	0.436195	0.468492	0.491623	0.471483	0.49191	0.47698	0.491305	0.442752	0.486047	0.42813	0.441929	0.425853	0.429411	0.435382	0.444032	0.431714	0.441602	0.443789	0.430597	0.498294	0.480992	0.483149	0.497058	0.499518	0.48551	0.311891	0.320027	0.320377	0.409594	0.323176	0.320414	0.304732	0.307754	0.302089	0.304843	0.307287	0.311897	0.393662	0.40252	0.402596	0.40832	0.400265	0.396787	0.333229	0.33321	0.341988	0.446862	0.328803	0.328721	0.37853	0.380965	0.327961	0.382679	0.329834	0.387731	0.361324	0.347014	0.359589	0.321813	0.364749	0.395897	0.346107	0.349352	0.342037	0.360378	0.346844	0.348917	0.367747	0.364732	0.3776	0.378026	0.366989	0.373584
ERR618388	0.507449	0.512776	0.51628	0.511405	0.508617	0.507566	0	0.268884	0.252911	0.246665	0.265276	0.246847	0.531002	0.549249	0.561089	0.564041	0.560491	0.533563	0.403988	0.400697	0.405371	0.393888	0.392768	0.391429	0.410004	0.431279	0.412648	0.441344	0.425302	0.42953	0.400082	0.450627	0.385926	0.398611	0.386667	0.390637	0.415871	0.428322	0.420435	0.426168	0.426407	0.412231	0.435841	0.402032	0.405592	0.430713	0.432758	0.416187	0.514694	0.518268	0.518757	0.572165	0.521247	0.518612	0.491356	0.488391	0.492728	0.497663	0.497613	0.496907	0.575566	0.582101	0.584529	0.588288	0.587383	0.578554	0.544404	0.542466	0.539831	0.602317	0.539489	0.537823	0.567432	0.554229	0.53622	0.551359	0.538268	0.5576	0.517716	0.514379	0.516181	0.501775	0.5191	0.544472	0.550692	0.557822	0.55323	0.563863	0.550323	0.550499	0.504217	0.502002	0.501533	0.514543	0.502485	0.503567
ERR618390	0.519697	0.511338	0.513197	0.509166	0.521343	0.520097	0.268884	0	0.258151	0.275168	0.253373	0.268821	0.528337	0.538054	0.54824	0.550666	0.548033	0.529941	0.410722	0.398665	0.417537	0.394713	0.394342	0.406924	0.400164	0.410133	0.401112	0.419073	0.408652	0.408902	0.387274	0.422083	0.385583	0.386527	0.388921	0.388335	0.424891	0.430761	0.435629	0.430003	0.428402	0.430757	0.424465	0.406074	0.407137	0.41955	0.420287	0.412474	0.517	0.516941	0.517142	0.553467	0.519176	0.517274	0.505624	0.498227	0.503662	0.503499	0.502716	0.499941	0.57341	0.577705	0.580212	0.582485	0.583164	0.575338	0.556091	0.552253	0.542229	0.585093	0.552564	0.549041	0.561047	0.544047	0.537299	0.540241	0.539058	0.546185	0.50477	0.503606	0.503485	0.498288	0.505501	0.524951	0.557599	0.561101	0.561303	0.562813	0.556699	0.555397	0.516533	0.516675	0.506515	0.523445	0.515232	0.511227
ERR618391	0.508258	0.508506	0.511203	0.506882	0.509586	0.508543	0.252911	0.258151	0	0.255641	0.254953	0.252628	0.52664	0.541648	0.552406	0.555393	0.552042	0.529015	0.399194	0.392291	0.402626	0.387158	0.386345	0.390698	0.403053	0.420093	0.404864	0.429215	0.414742	0.418651	0.388629	0.433556	0.379182	0.387355	0.381001	0.382813	0.412172	0.421715	0.419468	0.419994	0.419527	0.413294	0.424477	0.398399	0.401034	0.419871	0.421348	0.408679	0.510824	0.512678	0.513201	0.559995	0.515359	0.51309	0.493869	0.489448	0.493281	0.495896	0.495702	0.494419	0.573134	0.578793	0.580933	0.584143	0.583786	0.575685	0.543722	0.540993	0.535569	0.591132	0.539712	0.537356	0.558259	0.544396	0.530852	0.541399	0.532782	0.547394	0.510176	0.506982	0.508666	0.496954	0.51109	0.533872	0.551413	0.556728	0.554047	0.561159	0.550776	0.550565	0.502932	0.501888	0.496951	0.511422	0.501369	0.500146
ERR618387	0.506917	0.514867	0.518629	0.513404	0.508207	0.507106	0.246665	0.275168	0.255641	0	0.271281	0.24722	0.533051	0.552533	0.56466	0.567812	0.564076	0.535845	0.404219	0.403001	0.404545	0.395714	0.394508	0.390219	0.413474	0.436503	0.416409	0.446884	0.429738	0.434777	0.404591	0.457345	0.388307	0.40282	0.388586	0.393311	0.416193	0.429836	0.419304	0.427415	0.428057	0.410431	0.439685	0.403714	0.407682	0.434716	0.436866	0.419117	0.516037	0.520167	0.520723	0.576717	0.523269	0.52067	0.490283	0.488381	0.492198	0.498004	0.498049	0.497964	0.577	0.583758	0.586312	0.590141	0.589192	0.580004	0.543766	0.542093	0.540948	0.606465	0.538567	0.537433	0.569871	0.557524	0.537343	0.554932	0.539466	0.561231	0.521734	0.517922	0.520156	0.50425	0.523037	0.549658	0.550764	0.558452	0.553201	0.565301	0.550556	0.550987	0.503052	0.500255	0.50187	0.51405	0.501229	0.503551
ERR618392	0.51659	0.509682	0.511663	0.507567	0.518081	0.51694	0.265276	0.253373	0.254953	0.271281	0	0.265305	0.526954	0.537485	0.547811	0.550394	0.547549	0.528541	0.407575	0.396182	0.413744	0.392058	0.391554	0.403019	0.400131	0.411232	0.401075	0.420037	0.408971	0.41014	0.38612	0.422243	0.383041	0.38503	0.386293	0.385717	0.421588	0.427985	0.432011	0.427023	0.425461	0.426913	0.42371	0.404301	0.40573	0.418934	0.419744	0.411067	0.514757	0.515021	0.515206	0.553109	0.517313	0.515142	0.502734	0.495938	0.500771	0.501088	0.500249	0.497782	0.572691	0.577436	0.579645	0.582104	0.582537	0.574742	0.552822	0.549288	0.539991	0.584977	0.549286	0.545937	0.55911	0.542567	0.53494	0.538851	0.536452	0.544887	0.504637	0.502984	0.503336	0.496764	0.505616	0.525527	0.555865	0.559593	0.559156	0.561744	0.554957	0.553951	0.512881	0.512848	0.503297	0.519921	0.511533	0.507886
ERR618389	0.506805	0.512445	0.515915	0.510945	0.508158	0.507083	0.246847	0.268821	0.252628	0.24722	0.265305	0	0.530419	0.548681	0.560654	0.563645	0.560029	0.533048	0.402893	0.399831	0.404372	0.392917	0.391906	0.390557	0.409667	0.430907	0.41236	0.440927	0.424818	0.429368	0.399017	0.449959	0.385075	0.397562	0.385784	0.38937	0.414967	0.427332	0.419337	0.425061	0.425414	0.411323	0.43478	0.401398	0.40519	0.429856	0.431965	0.415282	0.514221	0.517686	0.518298	0.571749	0.520626	0.518247	0.491069	0.48805	0.492129	0.497161	0.497032	0.496521	0.575284	0.581699	0.58426	0.587872	0.587112	0.578266	0.543368	0.54154	0.539187	0.601767	0.538541	0.536852	0.566565	0.553556	0.535412	0.550521	0.537481	0.556852	0.51751	0.513901	0.516049	0.501519	0.519006	0.544279	0.550276	0.557477	0.552894	0.563525	0.550055	0.550166	0.503007	0.500691	0.500241	0.513287	0.501273	0.502372
ERR629916	0.336818	0.313596	0.31347	0.312449	0.338207	0.336528	0.531002	0.528337	0.52664	0.533051	0.526954	0.530419	0	0.265496	0.278383	0.282625	0.277274	0.250036	0.478423	0.48054	0.47736	0.479468	0.480733	0.477404	0.453497	0.463966	0.454574	0.46332	0.455817	0.464343	0.446758	0.47037	0.445618	0.447029	0.446433	0.445073	0.470378	0.474768	0.470992	0.473414	0.47413	0.471738	0.501052	0.497447	0.496712	0.499722	0.500347	0.495095	0.337304	0.335974	0.335653	0.381146	0.337576	0.336381	0.338714	0.328402	0.330087	0.321331	0.319531	0.316973	0.351654	0.353921	0.354536	0.357412	0.354335	0.351761	0.351902	0.34752	0.335346	0.397808	0.349887	0.34465	0.409441	0.401569	0.375247	0.399956	0.376227	0.405553	0.327834	0.32099	0.326693	0.316196	0.329297	0.348929	0.332831	0.326321	0.333812	0.322016	0.331159	0.328143	0.397851	0.397213	0.397096	0.403634	0.397571	0.397133
ERR629917	0.369944	0.326174	0.322645	0.324283	0.371559	0.369525	0.549249	0.538054	0.541648	0.552533	0.537485	0.548681	0.265496	0	0.26047	0.262568	0.260402	0.262478	0.495123	0.493039	0.496907	0.493418	0.495291	0.498651	0.458078	0.459353	0.45789	0.456182	0.454794	0.459696	0.452089	0.460099	0.459062	0.452795	0.461225	0.457369	0.489237	0.489554	0.493054	0.489114	0.488541	0.495819	0.507353	0.514379	0.512641	0.506418	0.506244	0.507572	0.354839	0.347605	0.347009	0.357275	0.347525	0.347743	0.373589	0.358336	0.361559	0.346701	0.343745	0.33762	0.357315	0.355066	0.354528	0.354478	0.354772	0.35559	0.381285	0.374633	0.35138	0.371873	0.381602	0.373981	0.40758	0.395811	0.3877	0.393009	0.387793	0.397954	0.319476	0.317359	0.31965	0.326588	0.319988	0.324521	0.358598	0.345787	0.361526	0.331717	0.356171	0.350489	0.421907	0.42398	0.412796	0.422273	0.422208	0.415116
ERR629921	0.380969	0.334376	0.330096	0.333632	0.382258	0.380459	0.561089	0.54824	0.552406	0.56466	0.547811	0.560654	0.278383	0.26047	0	0.258761	0.258052	0.275031	0.497398	0.495472	0.499472	0.496834	0.498811	0.502913	0.464554	0.4643	0.464046	0.458742	0.459115	0.465314	0.454837	0.456219	0.464065	0.455521	0.466228	0.461862	0.492189	0.490363	0.496317	0.490324	0.489499	0.500653	0.507423	0.520214	0.517423	0.507501	0.507098	0.510581	0.360642	0.351728	0.350888	0.346322	0.350657	0.351697	0.387595	0.372932	0.374655	0.357362	0.354861	0.348863	0.368022	0.364039	0.362305	0.360998	0.360998	0.365179	0.386615	0.379444	0.35477	0.359835	0.388807	0.381156	0.401207	0.391321	0.388869	0.389585	0.38848	0.392713	0.328107	0.326012	0.328227	0.337693	0.328379	0.32516	0.371727	0.356285	0.373129	0.340719	0.369524	0.363897	0.423238	0.4268	0.411971	0.420325	0.424056	0.414663
ERR629920	0.385837	0.338207	0.333354	0.337044	0.387468	0.385641	0.564041	0.550666	0.555393	0.567812	0.550394	0.563645	0.282625	0.262568	0.258761	0	0.259233	0.278983	0.501054	0.498623	0.503399	0.500057	0.501958	0.506927	0.466705	0.465669	0.46634	0.459654	0.460785	0.466503	0.45722	0.45725	0.467099	0.458291	0.469469	0.464822	0.496034	0.493881	0.5006	0.494	0.492912	0.504929	0.510309	0.523705	0.520875	0.510247	0.50983	0.513732	0.364541	0.355294	0.354121	0.345625	0.354111	0.355155	0.392912	0.377909	0.379725	0.362106	0.359701	0.353342	0.370212	0.365939	0.364044	0.362658	0.362837	0.36733	0.391348	0.38404	0.35832	0.357728	0.393659	0.385617	0.4032	0.392407	0.392634	0.390578	0.392182	0.393753	0.328869	0.327404	0.32934	0.340428	0.329119	0.324077	0.376192	0.360495	0.378004	0.344077	0.373977	0.368291	0.427801	0.431505	0.415792	0.42469	0.428553	0.418747
ERR629919	0.379844	0.333962	0.329559	0.332698	0.381163	0.379354	0.560491	0.548033	0.552042	0.564076	0.547549	0.560029	0.277274	0.260402	0.258052	0.259233	0	0.274249	0.49857	0.496684	0.500305	0.497899	0.499771	0.503835	0.464996	0.464938	0.464669	0.45966	0.459672	0.465858	0.455759	0.458322	0.464638	0.456506	0.466636	0.462409	0.492975	0.491315	0.497042	0.491334	0.490462	0.501144	0.508611	0.520507	0.518041	0.508647	0.508066	0.511269	0.360482	0.351805	0.350633	0.348979	0.350778	0.351603	0.386266	0.371892	0.373641	0.356605	0.354185	0.348249	0.366829	0.363078	0.361448	0.360295	0.360266	0.364081	0.385949	0.379038	0.354514	0.361235	0.387999	0.380393	0.402928	0.39283	0.389743	0.390971	0.389378	0.39418	0.327851	0.32589	0.328247	0.336827	0.328001	0.325913	0.370334	0.355327	0.371977	0.339614	0.368243	0.362641	0.42366	0.427045	0.412814	0.421052	0.424424	0.415416
ERR629918	0.339984	0.313942	0.31361	0.312692	0.341358	0.339718	0.533563	0.529941	0.529015	0.535845	0.528541	0.533048	0.250036	0.262478	0.275031	0.278983	0.274249	0	0.480085	0.481913	0.479417	0.480897	0.48214	0.479752	0.453738	0.463247	0.454807	0.462023	0.455361	0.463574	0.447389	0.469307	0.447354	0.447768	0.448275	0.446559	0.472776	0.476685	0.473642	0.4755	0.475866	0.474578	0.501691	0.499186	0.498472	0.500372	0.501204	0.496329	0.338401	0.336359	0.336055	0.377719	0.337977	0.336822	0.342457	0.331214	0.333247	0.323732	0.3219	0.318612	0.351345	0.353084	0.353626	0.356048	0.353199	0.350957	0.355182	0.35054	0.336994	0.39451	0.353416	0.347947	0.409033	0.400459	0.376055	0.398512	0.376913	0.404273	0.325585	0.319739	0.325001	0.316541	0.327493	0.345595	0.334916	0.327551	0.336184	0.322209	0.333326	0.329897	0.400253	0.3998	0.39867	0.405432	0.400079	0.399048
ERR608081	0.442828	0.451326	0.453953	0.454905	0.442559	0.442215	0.403988	0.410722	0.399194	0.404219	0.407575	0.402893	0.478423	0.495123	0.497398	0.501054	0.49857	0.480085	0	0.242938	0.238118	0.241655	0.241127	0.239174	0.406238	0.429043	0.409534	0.428426	0.412636	0.431304	0.324331	0.372434	0.311183	0.323076	0.307877	0.310412	0.290909	0.291563	0.300719	0.290948	0.291614	0.303561	0.394878	0.382363	0.382907	0.39423	0.396931	0.381734	0.416502	0.420262	0.42097	0.4696	0.419136	0.420043	0.458643	0.459521	0.454059	0.452149	0.454202	0.456302	0.562375	0.566313	0.565246	0.567815	0.563545	0.563	0.443983	0.441537	0.44438	0.50371	0.443242	0.442858	0.421209	0.422291	0.399458	0.42495	0.400454	0.426245	0.475749	0.464843	0.473447	0.449818	0.47665	0.49337	0.52588	0.524589	0.521374	0.529374	0.52645	0.527104	0.368395	0.372884	0.353774	0.367972	0.367746	0.358011
ERR608084	0.452049	0.452971	0.45481	0.455642	0.452084	0.451659	0.400697	0.398665	0.392291	0.403001	0.396182	0.399831	0.48054	0.493039	0.495472	0.498623	0.496684	0.481913	0.242938	0	0.257362	0.236282	0.236653	0.257734	0.407702	0.424198	0.409925	0.423633	0.410812	0.426367	0.314526	0.355045	0.30904	0.313882	0.30788	0.307059	0.299108	0.294269	0.317711	0.294914	0.292947	0.320995	0.396716	0.390087	0.389924	0.395718	0.398053	0.386966	0.417154	0.418548	0.419141	0.459398	0.417468	0.418177	0.466845	0.464747	0.461086	0.457175	0.458481	0.459117	0.569645	0.572883	0.572036	0.574066	0.571013	0.570148	0.455206	0.451128	0.447689	0.495749	0.454934	0.452822	0.414566	0.410402	0.400222	0.411919	0.400965	0.413501	0.467968	0.45844	0.465985	0.447111	0.468554	0.483213	0.536884	0.53481	0.533427	0.537126	0.537045	0.53668	0.38589	0.391777	0.361592	0.383358	0.385207	0.36996
ERR608083	0.438074	0.451441	0.45456	0.455499	0.437637	0.437357	0.405371	0.417537	0.402626	0.404545	0.413744	0.404372	0.47736	0.496907	0.499472	0.503399	0.500305	0.479417	0.238118	0.257362	0	0.255286	0.253895	0.236748	0.404909	0.431792	0.408822	0.430789	0.413157	0.433324	0.334459	0.387038	0.317075	0.332478	0.312767	0.317339	0.293754	0.298964	0.295668	0.296995	0.299359	0.298027	0.393267	0.376361	0.377996	0.392362	0.395684	0.378245	0.420029	0.424872	0.425704	0.479786	0.424197	0.4247	0.453519	0.456149	0.449678	0.44935	0.451628	0.454762	0.555232	0.560049	0.558854	0.561711	0.556717	0.556516	0.439632	0.438554	0.445233	0.512147	0.438805	0.439431	0.431953	0.435988	0.405972	0.439252	0.40729	0.440574	0.48168	0.469885	0.479405	0.453009	0.482887	0.501037	0.516767	0.516421	0.511657	0.522955	0.517711	0.519064	0.36175	0.364876	0.35562	0.363625	0.361165	0.35635
ERR608085	0.449406	0.452306	0.454655	0.454804	0.449539	0.448854	0.393888	0.394713	0.387158	0.395714	0.392058	0.392917	0.479468	0.493418	0.496834	0.500057	0.497899	0.480897	0.241655	0.236282	0.255286	0	0.234574	0.253263	0.404652	0.42289	0.407242	0.424148	0.409958	0.425085	0.315693	0.360373	0.307306	0.315333	0.30598	0.306545	0.298072	0.29518	0.315808	0.295774	0.294018	0.317306	0.400283	0.388648	0.388401	0.398623	0.401122	0.387492	0.416469	0.419138	0.419891	0.463595	0.418242	0.418915	0.46292	0.461049	0.45814	0.455129	0.456638	0.457146	0.567533	0.570967	0.570547	0.572774	0.570041	0.567969	0.455624	0.451858	0.449077	0.499758	0.454339	0.452504	0.420267	0.414521	0.401809	0.41588	0.402858	0.418071	0.466781	0.457457	0.464574	0.445224	0.467272	0.484248	0.533792	0.532604	0.530804	0.535697	0.534038	0.53386	0.385687	0.391023	0.363392	0.384766	0.38486	0.371319
ERR608086	0.449701	0.453503	0.455957	0.456108	0.449854	0.449252	0.392768	0.394342	0.386345	0.394508	0.391554	0.391906	0.480733	0.495291	0.498811	0.501958	0.499771	0.48214	0.241127	0.236653	0.253895	0.234574	0	0.251804	0.404308	0.423043	0.406877	0.424389	0.41009	0.425391	0.316352	0.362096	0.307236	0.315908	0.305646	0.306613	0.297514	0.295157	0.314569	0.295623	0.294066	0.315979	0.399583	0.386924	0.386924	0.397853	0.4004	0.386463	0.417984	0.420696	0.42134	0.466447	0.419981	0.420647	0.462835	0.461485	0.458313	0.455697	0.457182	0.457894	0.568098	0.571529	0.571213	0.573396	0.570779	0.568599	0.456163	0.452483	0.450517	0.502448	0.454748	0.453221	0.42306	0.417611	0.403663	0.419152	0.404772	0.421122	0.468498	0.459278	0.466399	0.446517	0.469172	0.486634	0.533916	0.533089	0.530876	0.536265	0.534239	0.534074	0.385619	0.390759	0.36401	0.385234	0.384832	0.371806
ERR608082	0.436935	0.452015	0.455543	0.455453	0.436676	0.436195	0.391429	0.406924	0.390698	0.390219	0.403019	0.390557	0.477404	0.498651	0.502913	0.506927	0.503835	0.479752	0.239174	0.257734	0.236748	0.253263	0.251804	0	0.401887	0.430254	0.406118	0.43132	0.41261	0.431366	0.335133	0.391517	0.314985	0.333271	0.310619	0.316351	0.294559	0.30218	0.29715	0.299943	0.302555	0.296299	0.397876	0.375204	0.377011	0.396235	0.399594	0.380061	0.421671	0.427264	0.428334	0.486029	0.427197	0.427261	0.449557	0.452302	0.446962	0.448142	0.450242	0.453106	0.554786	0.560014	0.559436	0.562668	0.558096	0.556079	0.443388	0.442203	0.449291	0.519025	0.441247	0.442063	0.439562	0.441349	0.410078	0.44398	0.411659	0.446048	0.48038	0.469238	0.477908	0.451316	0.481451	0.50248	0.515348	0.516638	0.511266	0.523815	0.51617	0.517521	0.367781	0.369816	0.362127	0.372172	0.366738	0.363451
ERR617515	0.468523	0.451901	0.451813	0.450587	0.469645	0.468492	0.410004	0.400164	0.403053	0.413474	0.400131	0.409667	0.453497	0.458078	0.464554	0.466705	0.464996	0.453738	0.406238	0.407702	0.404909	0.404652	0.404308	0.401887	0	0.285222	0.27234	0.291384	0.277706	0.2856	0.343699	0.373229	0.344429	0.343398	0.347594	0.346636	0.382237	0.390687	0.383664	0.389105	0.390183	0.381905	0.377243	0.368716	0.366567	0.372894	0.372908	0.368024	0.468615	0.467776	0.467547	0.490675	0.468332	0.467789	0.460136	0.452713	0.455986	0.45153	0.449903	0.446875	0.475497	0.477135	0.477935	0.479387	0.480036	0.475746	0.49868	0.495918	0.487066	0.518724	0.496071	0.493706	0.522067	0.510455	0.494336	0.508169	0.495795	0.512706	0.450287	0.447293	0.448122	0.447051	0.448892	0.463908	0.469803	0.467765	0.473397	0.466699	0.469267	0.466786	0.445129	0.445233	0.443612	0.45248	0.443784	0.445071
ERR617512	0.491503	0.464716	0.462492	0.462164	0.493201	0.491623	0.431279	0.410133	0.420093	0.436503	0.411232	0.430907	0.463966	0.459353	0.4643	0.465669	0.464938	0.463247	0.429043	0.424198	0.431792	0.42289	0.423043	0.430254	0.285222	0	0.283149	0.282382	0.280801	0.278924	0.352175	0.36292	0.364587	0.353023	0.36956	0.36472	0.407924	0.411255	0.414255	0.411057	0.410382	0.414504	0.385578	0.389584	0.385823	0.381304	0.379875	0.383615	0.484773	0.481217	0.480889	0.486264	0.481318	0.480936	0.484108	0.473619	0.477956	0.470705	0.468598	0.463605	0.482123	0.48138	0.482255	0.482467	0.484828	0.481389	0.519654	0.515711	0.501441	0.513361	0.518038	0.514234	0.529445	0.514874	0.509029	0.511487	0.510079	0.515898	0.452057	0.451889	0.450254	0.458565	0.449658	0.457524	0.487259	0.482326	0.491688	0.476314	0.485908	0.482175	0.470863	0.472302	0.463086	0.47508	0.46978	0.466339
ERR617514	0.471519	0.453314	0.452628	0.451849	0.472873	0.471483	0.412648	0.401112	0.404864	0.416409	0.401075	0.41236	0.454574	0.45789	0.464046	0.46634	0.464669	0.454807	0.409534	0.409925	0.408822	0.407242	0.406877	0.406118	0.27234	0.283149	0	0.288871	0.276881	0.283772	0.34404	0.370895	0.346537	0.344116	0.35023	0.348495	0.38568	0.393333	0.387867	0.391819	0.392757	0.386621	0.377282	0.370494	0.368061	0.372887	0.372759	0.369071	0.470837	0.46973	0.469607	0.490142	0.470171	0.469587	0.463402	0.45546	0.458862	0.45405	0.452418	0.44908	0.476131	0.477494	0.47828	0.4795	0.480327	0.476106	0.50148	0.498614	0.488741	0.517696	0.499082	0.496568	0.522808	0.510634	0.496269	0.508241	0.497564	0.512814	0.450337	0.447793	0.448104	0.448457	0.448665	0.462722	0.471999	0.469559	0.475609	0.467796	0.471236	0.468756	0.448153	0.448525	0.445874	0.455039	0.447016	0.447457
ERR617511	0.491588	0.462974	0.460018	0.46121	0.493107	0.49191	0.441344	0.419073	0.429215	0.446884	0.420037	0.440927	0.46332	0.456182	0.458742	0.459654	0.45966	0.462023	0.428426	0.423633	0.430789	0.424148	0.424389	0.43132	0.291384	0.282382	0.288871	0	0.282567	0.282939	0.350895	0.354493	0.365676	0.351746	0.370788	0.364621	0.40683	0.408067	0.412967	0.408069	0.407066	0.415077	0.378434	0.391042	0.386989	0.375777	0.373653	0.380652	0.483096	0.478647	0.477758	0.476739	0.478008	0.478046	0.487571	0.477206	0.480243	0.471767	0.469621	0.465021	0.483085	0.481912	0.481816	0.481461	0.48248	0.482165	0.514151	0.510062	0.495055	0.501629	0.513896	0.509877	0.519647	0.507391	0.504316	0.504542	0.50502	0.507963	0.45343	0.45249	0.451994	0.45983	0.451176	0.454146	0.488824	0.482054	0.491908	0.474852	0.487657	0.484049	0.465333	0.46754	0.4562	0.467063	0.464609	0.459222
ERR617516	0.476904	0.454263	0.452455	0.452858	0.478207	0.47698	0.425302	0.408652	0.414742	0.429738	0.408971	0.424818	0.455817	0.454794	0.459115	0.460785	0.459672	0.455361	0.412636	0.410812	0.413157	0.409958	0.41009	0.41261	0.277706	0.280801	0.276881	0.282567	0	0.28147	0.34202	0.359392	0.350229	0.342076	0.354177	0.350233	0.389285	0.393519	0.393147	0.392867	0.392807	0.394043	0.37212	0.375552	0.372539	0.369289	0.367972	0.369849	0.471834	0.469181	0.46856	0.480074	0.468776	0.468617	0.471428	0.462874	0.46544	0.45864	0.45682	0.453196	0.477559	0.477741	0.478099	0.478662	0.479445	0.477289	0.502326	0.498789	0.48727	0.50702	0.501077	0.497872	0.515908	0.50445	0.494654	0.501894	0.49587	0.505902	0.449827	0.447232	0.447828	0.450707	0.447986	0.456555	0.477718	0.47267	0.480359	0.468494	0.476696	0.473498	0.449991	0.451436	0.44438	0.454183	0.449061	0.446606
ERR617513	0.491142	0.464589	0.462472	0.462078	0.492836	0.491305	0.42953	0.408902	0.418651	0.434777	0.41014	0.429368	0.464343	0.459696	0.465314	0.466503	0.465858	0.463574	0.431304	0.426367	0.433324	0.425085	0.425391	0.431366	0.2856	0.278924	0.283772	0.282939	0.28147	0	0.354854	0.366369	0.366106	0.35515	0.371065	0.366398	0.409706	0.413556	0.415422	0.413119	0.412548	0.415246	0.385612	0.389051	0.385917	0.38124	0.379917	0.383491	0.486072	0.482856	0.48218	0.488862	0.48295	0.482407	0.483549	0.473177	0.477641	0.470625	0.468304	0.463529	0.480667	0.480499	0.481218	0.481488	0.483853	0.480313	0.520077	0.516205	0.502136	0.515436	0.518222	0.514393	0.531343	0.516819	0.51035	0.513506	0.511539	0.518068	0.452462	0.452207	0.450692	0.458662	0.450078	0.458221	0.486109	0.481616	0.490741	0.475577	0.484666	0.481061	0.472182	0.473491	0.465063	0.476752	0.471231	0.467955
ERR608758	0.442919	0.428119	0.42761	0.428682	0.443814	0.442752	0.400082	0.387274	0.388629	0.404591	0.38612	0.399017	0.446758	0.452089	0.454837	0.45722	0.455759	0.447389	0.324331	0.314526	0.334459	0.315693	0.316352	0.335133	0.343699	0.352175	0.34404	0.350895	0.34202	0.354854	0	0.285895	0.258705	0.252961	0.261211	0.255457	0.306842	0.302182	0.323908	0.303265	0.300743	0.32737	0.361447	0.363162	0.36125	0.360051	0.360931	0.355893	0.415352	0.413371	0.413167	0.436051	0.412232	0.412791	0.452497	0.445397	0.444892	0.437694	0.43768	0.435615	0.520782	0.521926	0.521988	0.522974	0.521216	0.520685	0.450604	0.445242	0.432372	0.463162	0.450175	0.445975	0.429061	0.417236	0.416391	0.416009	0.416792	0.418951	0.431823	0.425501	0.430258	0.42198	0.431702	0.441517	0.49938	0.49512	0.497732	0.493084	0.498926	0.496817	0.391283	0.396301	0.368636	0.3897	0.390685	0.376535
ERR608757	0.486107	0.454888	0.451204	0.454981	0.487361	0.486047	0.450627	0.422083	0.433556	0.457345	0.422243	0.449959	0.47037	0.460099	0.456219	0.45725	0.458322	0.469307	0.372434	0.355045	0.387038	0.360373	0.362096	0.391517	0.373229	0.36292	0.370895	0.354493	0.359392	0.366369	0.285895	0	0.314267	0.288765	0.319224	0.307537	0.360894	0.347216	0.382088	0.350284	0.345437	0.389487	0.376882	0.405288	0.399737	0.378007	0.376094	0.386565	0.448231	0.440774	0.439821	0.420188	0.437973	0.440047	0.498326	0.487869	0.487797	0.474993	0.474153	0.469848	0.541023	0.539071	0.538275	0.537327	0.536309	0.53954	0.48736	0.480358	0.458855	0.443791	0.489594	0.483647	0.436729	0.422468	0.443755	0.420515	0.443107	0.421038	0.444305	0.441603	0.443995	0.449775	0.443081	0.435355	0.531494	0.521896	0.530419	0.513593	0.530605	0.527042	0.434875	0.442565	0.403755	0.426232	0.434928	0.414136
ERR608760	0.428289	0.425231	0.426676	0.426501	0.429026	0.42813	0.385926	0.385583	0.379182	0.388307	0.383041	0.385075	0.445618	0.459062	0.464065	0.467099	0.464638	0.447354	0.311183	0.30904	0.317075	0.307306	0.307236	0.314985	0.344429	0.364587	0.346537	0.365676	0.350229	0.366106	0.258705	0.314267	0	0.256964	0.247001	0.248755	0.290998	0.293459	0.302362	0.292774	0.292445	0.302705	0.367144	0.353998	0.354331	0.36505	0.36716	0.353697	0.409193	0.410373	0.410308	0.452398	0.410238	0.41007	0.437004	0.433232	0.431843	0.42854	0.429137	0.428971	0.518554	0.521872	0.521998	0.524285	0.521659	0.519494	0.43888	0.435077	0.428871	0.480028	0.437135	0.434435	0.434256	0.425404	0.412188	0.425394	0.41326	0.428743	0.437722	0.429593	0.43578	0.419551	0.438106	0.455365	0.490027	0.489048	0.488169	0.491014	0.490117	0.48932	0.37621	0.379232	0.361227	0.379018	0.375055	0.366704
ERR608762	0.441945	0.428236	0.427821	0.428569	0.442821	0.441929	0.398611	0.386527	0.387355	0.40282	0.38503	0.397562	0.447029	0.452795	0.455521	0.458291	0.456506	0.447768	0.323076	0.313882	0.332478	0.315333	0.315908	0.333271	0.343398	0.353023	0.344116	0.351746	0.342076	0.35515	0.252961	0.288765	0.256964	0	0.259283	0.255573	0.305532	0.301675	0.32167	0.302267	0.299925	0.32516	0.359667	0.360845	0.359682	0.358217	0.359277	0.354364	0.415611	0.413291	0.412991	0.43774	0.412488	0.412778	0.451554	0.444875	0.444048	0.436956	0.437288	0.43536	0.520154	0.521915	0.521659	0.522764	0.520728	0.520513	0.449302	0.444372	0.432217	0.46524	0.449013	0.444831	0.429612	0.418809	0.416629	0.418109	0.417255	0.420723	0.432837	0.42624	0.43131	0.422357	0.432841	0.442975	0.498315	0.494373	0.49679	0.492708	0.49783	0.495992	0.389734	0.394829	0.368508	0.388724	0.389194	0.375806
ERR608761	0.426191	0.425528	0.427451	0.426915	0.426658	0.425853	0.386667	0.388921	0.381001	0.388586	0.386293	0.385784	0.446433	0.461225	0.466228	0.469469	0.466636	0.448275	0.307877	0.30788	0.312767	0.30598	0.305646	0.310619	0.347594	0.36956	0.35023	0.370788	0.354177	0.371065	0.261211	0.319224	0.247001	0.259283	0	0.248602	0.286725	0.290173	0.296808	0.28933	0.289233	0.297407	0.367691	0.353001	0.35384	0.365635	0.367974	0.353794	0.407921	0.409817	0.409696	0.45494	0.409801	0.40939	0.435623	0.432654	0.430751	0.427979	0.428894	0.429131	0.520156	0.52375	0.523713	0.525964	0.52314	0.521038	0.435414	0.431942	0.427596	0.482409	0.433629	0.431358	0.433053	0.425542	0.40987	0.42567	0.411108	0.4292	0.441038	0.432284	0.439023	0.42082	0.441687	0.459269	0.489788	0.489178	0.487475	0.491708	0.490024	0.489529	0.371239	0.374203	0.357699	0.374251	0.370174	0.362578
ERR608759	0.429511	0.424479	0.425575	0.425462	0.430161	0.429411	0.390637	0.388335	0.382813	0.393311	0.385717	0.38937	0.445073	0.457369	0.461862	0.464822	0.462409	0.446559	0.310412	0.307059	0.317339	0.306545	0.306613	0.316351	0.346636	0.36472	0.348495	0.364621	0.350233	0.366398	0.255457	0.307537	0.248755	0.255573	0.248602	0	0.290135	0.290495	0.302938	0.290383	0.289605	0.304756	0.364665	0.35547	0.355396	0.363056	0.364691	0.353058	0.407584	0.408181	0.408293	0.447442	0.407848	0.407869	0.439773	0.435544	0.433728	0.429561	0.430292	0.429896	0.519794	0.522698	0.522804	0.524571	0.521862	0.520502	0.437146	0.433067	0.42593	0.474846	0.435895	0.432966	0.428281	0.419852	0.4086	0.419464	0.409457	0.423113	0.436768	0.428473	0.434962	0.419222	0.43721	0.452485	0.492184	0.490175	0.489715	0.491428	0.492216	0.491305	0.374969	0.378364	0.357639	0.376364	0.373999	0.363825
ERR636697	0.435895	0.446266	0.448783	0.449468	0.435582	0.435382	0.415871	0.424891	0.412172	0.416193	0.421588	0.414967	0.470378	0.489237	0.492189	0.496034	0.492975	0.472776	0.290909	0.299108	0.293754	0.298072	0.297514	0.294559	0.382237	0.407924	0.38568	0.40683	0.389285	0.409706	0.306842	0.360894	0.290998	0.305532	0.286725	0.290135	0	0.241868	0.244451	0.239763	0.242018	0.24698	0.383919	0.3691	0.370156	0.382852	0.386053	0.369752	0.414468	0.418755	0.419005	0.471165	0.417852	0.418303	0.452839	0.454578	0.448758	0.447483	0.449599	0.452278	0.552873	0.557293	0.556306	0.559063	0.554673	0.55383	0.433072	0.431246	0.435396	0.50045	0.431632	0.431782	0.423866	0.42517	0.399468	0.427624	0.400634	0.42928	0.470757	0.459168	0.468714	0.443308	0.471796	0.489483	0.514876	0.514433	0.510174	0.519677	0.515708	0.516603	0.351225	0.355063	0.339255	0.352687	0.35033	0.342516
ERR636702	0.444596	0.449237	0.450839	0.452659	0.444362	0.444032	0.428322	0.430761	0.421715	0.429836	0.427985	0.427332	0.474768	0.489554	0.490363	0.493881	0.491315	0.476685	0.291563	0.294269	0.298964	0.29518	0.295157	0.30218	0.390687	0.411255	0.393333	0.408067	0.393519	0.413556	0.302182	0.347216	0.293459	0.301675	0.290173	0.290495	0.241868	0	0.256788	0.236314	0.236194	0.262754	0.384665	0.379688	0.379452	0.384537	0.387049	0.374962	0.414214	0.416733	0.416657	0.459999	0.415205	0.416112	0.464477	0.464663	0.458837	0.454865	0.456904	0.458922	0.562813	0.566052	0.564774	0.566871	0.562505	0.56318	0.436864	0.433755	0.434092	0.48852	0.436776	0.43576	0.410981	0.411526	0.394261	0.414427	0.394898	0.415183	0.470387	0.459221	0.468594	0.445795	0.471363	0.484961	0.527193	0.524347	0.521905	0.527422	0.527876	0.528115	0.355842	0.361764	0.335878	0.352619	0.355329	0.341731
ERR636699	0.432326	0.448753	0.451952	0.452494	0.43195	0.431714	0.420435	0.435629	0.419468	0.419304	0.432011	0.419337	0.470992	0.493054	0.496317	0.5006	0.497042	0.473642	0.300719	0.317711	0.295668	0.315808	0.314569	0.29715	0.383664	0.414255	0.387867	0.412967	0.393147	0.415422	0.323908	0.382088	0.302362	0.32167	0.296808	0.302938	0.244451	0.256788	0	0.252916	0.257914	0.240867	0.385292	0.364849	0.367231	0.384157	0.387771	0.36877	0.421732	0.427161	0.427746	0.485662	0.42672	0.426869	0.448358	0.452308	0.445236	0.446232	0.448445	0.452354	0.545513	0.550991	0.549728	0.553045	0.54748	0.547003	0.429727	0.429624	0.438978	0.512648	0.428037	0.429664	0.439335	0.444181	0.410118	0.447274	0.411619	0.448865	0.480897	0.468337	0.478655	0.450106	0.48219	0.501401	0.504917	0.505621	0.499416	0.513279	0.506032	0.507736	0.345275	0.346811	0.344491	0.349777	0.344218	0.343448
ERR636700	0.442133	0.448079	0.449957	0.451626	0.441882	0.441602	0.426168	0.430003	0.419994	0.427415	0.427023	0.425061	0.473414	0.489114	0.490324	0.494	0.491334	0.4755	0.290948	0.294914	0.296995	0.295774	0.295623	0.299943	0.389105	0.411057	0.391819	0.408069	0.392867	0.413119	0.303265	0.350284	0.292774	0.302267	0.28933	0.290383	0.239763	0.236314	0.252916	0	0.236269	0.258457	0.383927	0.377001	0.376947	0.383626	0.386341	0.373457	0.413884	0.416785	0.416955	0.462195	0.415431	0.416288	0.461644	0.46222	0.456205	0.452893	0.454919	0.457171	0.560127	0.56362	0.562416	0.564699	0.560288	0.5607	0.43521	0.432409	0.433903	0.490606	0.434747	0.434089	0.413013	0.41399	0.394554	0.416864	0.395358	0.417893	0.470281	0.459048	0.468585	0.445163	0.471515	0.485818	0.524002	0.521693	0.518836	0.525295	0.524666	0.52508	0.353205	0.358653	0.335243	0.350951	0.352653	0.340415
ERR636701	0.444321	0.448223	0.449924	0.451727	0.4442	0.443789	0.426407	0.428402	0.419527	0.428057	0.425461	0.425414	0.47413	0.488541	0.489499	0.492912	0.490462	0.475866	0.291614	0.292947	0.299359	0.294018	0.294066	0.302555	0.390183	0.410382	0.392757	0.407066	0.392807	0.412548	0.300743	0.345437	0.292445	0.299925	0.289233	0.289605	0.242018	0.236194	0.257914	0.236269	0	0.263777	0.384404	0.37965	0.37941	0.384492	0.386676	0.374887	0.413296	0.415665	0.415744	0.458533	0.41411	0.414988	0.463805	0.463733	0.457911	0.454069	0.456074	0.457818	0.562357	0.565586	0.564265	0.566361	0.562261	0.562756	0.43677	0.433539	0.433368	0.487179	0.436642	0.435495	0.410257	0.410206	0.393796	0.412916	0.394431	0.413798	0.468744	0.457716	0.466944	0.444639	0.469672	0.483184	0.527094	0.524286	0.52185	0.527164	0.527698	0.527897	0.356583	0.362659	0.33594	0.35337	0.356088	0.341969
ERR636698	0.431382	0.450234	0.453934	0.453582	0.430874	0.430597	0.412231	0.430757	0.413294	0.410431	0.426913	0.411323	0.471738	0.495819	0.500653	0.504929	0.501144	0.474578	0.303561	0.320995	0.298027	0.317306	0.315979	0.296299	0.381905	0.414504	0.386621	0.415077	0.394043	0.415246	0.32737	0.389487	0.302705	0.32516	0.297407	0.304756	0.24698	0.262754	0.240867	0.258457	0.263777	0	0.390775	0.363948	0.367191	0.388974	0.392729	0.371277	0.424084	0.430619	0.431225	0.493162	0.430649	0.430463	0.444982	0.44934	0.443166	0.445665	0.447993	0.451603	0.544783	0.550903	0.54996	0.553654	0.548511	0.546636	0.432812	0.433063	0.443249	0.520537	0.430119	0.432135	0.448019	0.4514	0.415045	0.45398	0.416998	0.456177	0.481541	0.469484	0.47923	0.450285	0.482921	0.504859	0.503035	0.505304	0.498417	0.514013	0.504235	0.506182	0.350504	0.350627	0.351333	0.357282	0.348963	0.350209
ERR617026	0.498211	0.489087	0.4886	0.490915	0.498867	0.498294	0.435841	0.424465	0.424477	0.439685	0.42371	0.43478	0.501052	0.507353	0.507423	0.510309	0.508611	0.501691	0.394878	0.396716	0.393267	0.400283	0.399583	0.397876	0.377243	0.385578	0.377282	0.378434	0.37212	0.385612	0.361447	0.376882	0.367144	0.359667	0.367691	0.364665	0.383919	0.384665	0.385292	0.383927	0.384404	0.390775	0	0.290598	0.288523	0.270182	0.270536	0.277665	0.495896	0.493938	0.493497	0.512852	0.493348	0.493128	0.506403	0.503865	0.499619	0.494412	0.494852	0.495364	0.541912	0.544538	0.543306	0.544677	0.540125	0.543176	0.498796	0.496819	0.493622	0.530898	0.500396	0.49881	0.5151	0.51585	0.502006	0.515807	0.502603	0.517042	0.510835	0.502856	0.509479	0.498658	0.510665	0.516291	0.522338	0.517534	0.519088	0.518474	0.522062	0.521717	0.441898	0.443996	0.439626	0.44284	0.441601	0.438755
ERR617023	0.481129	0.485827	0.487997	0.487095	0.481695	0.480992	0.402032	0.406074	0.398399	0.403714	0.404301	0.401398	0.497447	0.514379	0.520214	0.523705	0.520507	0.499186	0.382363	0.390087	0.376361	0.388648	0.386924	0.375204	0.368716	0.389584	0.370494	0.391042	0.375552	0.389051	0.363162	0.405288	0.353998	0.360845	0.353001	0.35547	0.3691	0.379688	0.364849	0.377001	0.37965	0.363948	0.290598	0	0.265948	0.286912	0.290036	0.271128	0.4902	0.492969	0.493319	0.536635	0.493839	0.492932	0.483943	0.484167	0.481183	0.481971	0.482569	0.484248	0.536479	0.541729	0.54191	0.54481	0.540787	0.538656	0.494119	0.493878	0.497331	0.557905	0.491648	0.492206	0.532065	0.529449	0.5031	0.529483	0.504605	0.532602	0.511463	0.503258	0.509539	0.49219	0.511725	0.529919	0.507413	0.508819	0.505569	0.515304	0.50762	0.508437	0.432949	0.431804	0.439993	0.441988	0.431814	0.437487
ERR617022	0.483316	0.485834	0.487721	0.487275	0.483982	0.483149	0.405592	0.407137	0.401034	0.407682	0.40573	0.40519	0.496712	0.512641	0.517423	0.520875	0.518041	0.498472	0.382907	0.389924	0.377996	0.388401	0.386924	0.377011	0.366567	0.385823	0.368061	0.386989	0.372539	0.385917	0.36125	0.399737	0.354331	0.359682	0.35384	0.355396	0.370156	0.379452	0.367231	0.376947	0.37941	0.367191	0.288523	0.265948	0	0.284645	0.287621	0.270436	0.490355	0.492455	0.492818	0.532758	0.493192	0.492533	0.486583	0.486352	0.483674	0.48338	0.483972	0.485195	0.536092	0.540722	0.540918	0.543751	0.539843	0.537938	0.496041	0.495471	0.49762	0.554032	0.493914	0.494233	0.530862	0.527563	0.502759	0.527515	0.504253	0.530527	0.5097	0.501909	0.507888	0.491722	0.509802	0.527025	0.508684	0.509433	0.50701	0.514975	0.508943	0.509376	0.434127	0.433341	0.439673	0.44233	0.432984	0.437918
