	ERR612940	ERR612944	ERR612939	ERR612943	ERR612941	ERR612942	ERR637122	ERR637119	ERR637118	ERR637120	ERR637117	ERR637121	ERR636983	ERR636982	ERR636980	ERR636979	ERR636984	ERR636981	ERR617367	ERR617369	ERR617371	ERR617368	ERR617372	ERR617370	ERR612595	ERR612598	ERR612596	ERR612597	ERR612600	ERR612599	ERR636774	ERR636771	ERR636770	ERR636772	ERR636769	ERR636773	ERR636926	ERR636927	ERR636925	ERR636930	ERR636928	ERR636929	ERR622146	ERR622144	ERR622143	ERR622148	ERR622147	ERR622145	ERR626545	ERR626540	ERR626544	ERR626543	ERR626542	ERR626541	ERR616452	ERR616455	ERR616453	ERR616451	ERR616450	ERR616454	ERR613257	ERR613258	ERR613261	ERR613260	ERR613259	ERR613262	ERR626607	ERR626603	ERR626606	ERR626602	ERR626605	ERR626604	ERR616189	ERR616185	ERR616190	ERR616186	ERR616187	ERR616188	ERR638212	ERR638208	ERR638211	ERR638209	ERR638210	ERR638207	ERR616459	ERR616456	ERR616457	ERR616461	ERR616460	ERR616458	ERR605542	ERR605543	ERR605539	ERR605540	ERR605541	ERR605544
ERR612940	0	0.762256	0.734165	0.750246	0.739101	0.766447	0.99746	0.998421	0.99494	1.00041	1.00497	0.99901	0.98354	0.999929	1.01014	0.987188	0.985105	0.987153	0.925928	0.916108	0.900564	0.915067	0.900225	0.901919	0.910986	0.929324	0.941715	0.921951	0.930202	0.929049	0.957489	0.961774	0.958295	0.958692	0.966992	0.958047	0.966762	0.972304	0.978102	0.967276	0.965257	0.965226	0.993608	0.98442	1.01536	0.997023	0.994906	0.97566	1.09483	1.10201	1.09418	1.09485	1.09931	1.09298	1.10679	1.09637	1.09734	1.13995	1.1065	1.09468	1.03583	1.03656	1.0404	1.04922	1.03807	1.04162	1.12283	1.12118	1.12224	1.11092	1.12396	1.13888	1.10434	1.10549	1.09965	1.0977	1.10606	1.10428	1.1534	1.15432	1.1335	1.1557	1.13533	1.15731	1.10035	1.11306	1.1481	1.10008	1.09915	1.11176	1.13996	1.14042	1.13699	1.14085	1.14519	1.14084
ERR612944	0.762256	0	0.760438	0.763558	0.763523	0.777487	1.00427	1.00514	1.00275	1.00686	1.01156	1.00564	0.991259	1.00716	1.01677	0.995187	0.992763	0.995339	0.932052	0.923804	0.910618	0.923031	0.909845	0.91168	0.919036	0.934434	0.946672	0.927497	0.935434	0.934161	0.963421	0.967784	0.965419	0.964935	0.972812	0.964348	0.973755	0.977827	0.983325	0.973094	0.971266	0.971127	0.997116	0.989021	1.01711	1.00036	0.998214	0.981006	1.10372	1.11041	1.10334	1.10376	1.10762	1.10197	1.11548	1.10502	1.10564	1.1472	1.11524	1.10361	1.0553	1.05575	1.05729	1.06533	1.05703	1.05683	1.13115	1.12948	1.1305	1.11984	1.1316	1.14547	1.11431	1.11619	1.10983	1.10869	1.11779	1.11452	1.15912	1.16055	1.14042	1.16162	1.14234	1.16328	1.10942	1.12226	1.15622	1.10862	1.10811	1.12078	1.14677	1.14711	1.14356	1.1472	1.1516	1.14742
ERR612939	0.734165	0.760438	0	0.747968	0.736203	0.76429	0.998086	0.998711	0.995472	1.00086	1.00554	0.999529	0.983807	1.0005	1.01081	0.986992	0.984924	0.986775	0.927447	0.916704	0.900928	0.915755	0.900231	0.902213	0.910849	0.929617	0.942489	0.922648	0.930563	0.929595	0.958292	0.963263	0.959216	0.960084	0.967892	0.959234	0.967362	0.973025	0.978716	0.968129	0.965772	0.965809	0.995237	0.985423	1.01762	0.998462	0.996169	0.976234	1.09485	1.10209	1.09418	1.09465	1.09958	1.09272	1.10588	1.09618	1.0968	1.13926	1.10578	1.09431	1.03125	1.03248	1.03601	1.04503	1.03381	1.03753	1.12192	1.12054	1.121	1.11006	1.12246	1.13865	1.10287	1.10365	1.09787	1.0955	1.10361	1.10266	1.15413	1.15443	1.133	1.15573	1.13543	1.15763	1.10061	1.11283	1.14787	1.10003	1.09899	1.11141	1.14073	1.14115	1.13755	1.1416	1.14594	1.14132
ERR612943	0.750246	0.763558	0.747968	0	0.752375	0.768941	1.00348	1.00453	1.00147	1.0062	1.01098	1.00494	0.990176	1.00588	1.01611	0.993687	0.991248	0.993984	0.93167	0.921754	0.907559	0.921202	0.907273	0.908778	0.916978	0.93341	0.945968	0.926865	0.934204	0.933458	0.963211	0.967332	0.96448	0.964491	0.972391	0.963979	0.972001	0.976827	0.982498	0.972324	0.97043	0.970236	0.997415	0.988941	1.019	1.00071	0.998706	0.980646	1.1018	1.10857	1.1013	1.10194	1.10596	1.09981	1.1133	1.10308	1.10369	1.14548	1.11336	1.10173	1.04603	1.04703	1.04864	1.05698	1.04837	1.04899	1.12871	1.12725	1.12784	1.11755	1.12946	1.14441	1.11067	1.11218	1.10583	1.10445	1.11309	1.11078	1.15883	1.1596	1.13935	1.16091	1.14108	1.16256	1.10746	1.11989	1.15402	1.10675	1.10611	1.11864	1.14624	1.14648	1.14316	1.14684	1.15115	1.14674
ERR612941	0.739101	0.763523	0.736203	0.752375	0	0.7681	0.998877	0.999711	0.996772	1.0018	1.00641	1.00035	0.984692	1.00106	1.01118	0.988141	0.985956	0.987917	0.927464	0.917477	0.902647	0.916642	0.901833	0.903393	0.912573	0.930341	0.942672	0.922925	0.931503	0.930291	0.958909	0.963246	0.959315	0.960084	0.968307	0.959527	0.96804	0.973419	0.979176	0.968737	0.966555	0.966354	0.995104	0.985736	1.01675	0.998444	0.996099	0.976492	1.09562	1.10262	1.095	1.09575	1.10013	1.09367	1.10772	1.09766	1.09847	1.14084	1.10745	1.09599	1.03751	1.03818	1.04171	1.05058	1.03959	1.04303	1.12359	1.12204	1.12285	1.11186	1.12441	1.13968	1.10539	1.10652	1.10071	1.09846	1.10716	1.10547	1.15458	1.1551	1.13432	1.15647	1.13626	1.15814	1.10168	1.11417	1.14925	1.1013	1.10033	1.11277	1.14139	1.14191	1.13846	1.14206	1.14658	1.14193
ERR612942	0.766447	0.777487	0.76429	0.768941	0.7681	0	1.01116	1.01172	1.0093	1.01342	1.01791	1.01254	0.997688	1.01313	1.02276	1.00135	0.999004	1.00173	0.937661	0.928655	0.9161	0.928095	0.915585	0.916965	0.92581	0.941241	0.952665	0.934726	0.941831	0.941013	0.96938	0.97383	0.970743	0.970998	0.978189	0.970718	0.978311	0.983077	0.988342	0.978862	0.977236	0.976774	1.00176	0.994372	1.02258	1.00501	1.00284	0.986592	1.10763	1.11425	1.10717	1.10777	1.11175	1.1058	1.11829	1.10842	1.10914	1.14915	1.11781	1.10686	1.05628	1.05699	1.0586	1.06655	1.05807	1.05918	1.13359	1.13208	1.13297	1.12268	1.13439	1.14837	1.11661	1.11794	1.11199	1.11072	1.11915	1.11661	1.16255	1.16346	1.14377	1.16463	1.14567	1.16649	1.11281	1.12509	1.15796	1.11242	1.11172	1.12375	1.15153	1.15194	1.14833	1.15218	1.15642	1.15202
ERR637122	0.99746	1.00427	0.998086	1.00348	0.998877	1.01116	0	0.72382	0.724815	0.724639	0.732247	0.723677	0.813639	0.833142	0.839597	0.822078	0.81685	0.821432	0.903936	0.906556	0.890209	0.906414	0.889835	0.888927	0.920643	0.94595	0.956862	0.925779	0.94738	0.945218	0.890314	0.891565	0.89362	0.891635	0.901467	0.891015	0.854821	0.8531	0.869466	0.842275	0.841984	0.8419	0.872096	0.846732	0.87927	0.877189	0.874315	0.838023	1.03068	1.03735	1.02917	1.03043	1.0319	1.02688	1.09072	1.07073	1.07167	1.13594	1.09093	1.07026	1.13764	1.13538	1.1406	1.14589	1.13702	1.13725	1.11685	1.11105	1.11611	1.10111	1.11763	1.12573	1.12443	1.12948	1.12077	1.1227	1.13719	1.12658	1.10867	1.11889	1.0958	1.12123	1.09738	1.12128	1.05502	1.07918	1.12682	1.05471	1.05603	1.07812	1.13561	1.13457	1.12955	1.1336	1.13936	1.13592
ERR637119	0.998421	1.00514	0.998711	1.00453	0.999711	1.01172	0.72382	0	0.720489	0.726312	0.72823	0.725267	0.810985	0.831263	0.837488	0.820075	0.814631	0.819419	0.900031	0.903255	0.886911	0.903651	0.886413	0.886152	0.918824	0.944264	0.954618	0.923705	0.945896	0.94355	0.887715	0.888108	0.890572	0.889161	0.898139	0.88838	0.853643	0.851375	0.868041	0.840311	0.839732	0.839771	0.869364	0.842739	0.875099	0.874305	0.871659	0.834644	1.02811	1.03476	1.02669	1.02789	1.02933	1.02443	1.08734	1.06681	1.06779	1.13289	1.08747	1.06632	1.13771	1.13534	1.14084	1.14602	1.13705	1.13767	1.11462	1.10831	1.11362	1.09826	1.11552	1.12257	1.12316	1.12827	1.11928	1.1218	1.13629	1.12507	1.10421	1.11526	1.09239	1.11786	1.09368	1.11767	1.0516	1.0761	1.12418	1.0509	1.05253	1.07473	1.13263	1.13152	1.12642	1.13062	1.13626	1.13286
ERR637118	0.99494	1.00275	0.995472	1.00147	0.996772	1.0093	0.724815	0.720489	0	0.726647	0.728562	0.7262	0.811759	0.831891	0.838253	0.819774	0.81498	0.819333	0.901581	0.903575	0.886943	0.903978	0.886267	0.886206	0.917344	0.943136	0.95429	0.92321	0.944669	0.942553	0.888615	0.889626	0.890712	0.889667	0.899566	0.88948	0.852386	0.851711	0.867751	0.8409	0.84014	0.840086	0.870976	0.844886	0.878746	0.875978	0.873073	0.835986	1.02838	1.03524	1.02726	1.02823	1.0298	1.02468	1.08827	1.0682	1.06921	1.13341	1.08843	1.06773	1.13473	1.13283	1.13809	1.14347	1.13439	1.13514	1.11483	1.10874	1.11351	1.09846	1.11538	1.12393	1.12238	1.12698	1.11843	1.12046	1.13486	1.12428	1.10679	1.11665	1.09364	1.11905	1.09511	1.11942	1.05329	1.07716	1.1249	1.0527	1.05404	1.0758	1.13362	1.13249	1.12761	1.13165	1.13731	1.13409
ERR637120	1.00041	1.00686	1.00086	1.0062	1.0018	1.01342	0.724639	0.726312	0.726647	0	0.73413	0.726173	0.815872	0.834918	0.841315	0.824128	0.819037	0.82351	0.906585	0.909361	0.893285	0.909511	0.892616	0.892201	0.923404	0.948464	0.959017	0.928445	0.949915	0.947622	0.892684	0.894253	0.895976	0.893781	0.903644	0.893586	0.856829	0.855015	0.871265	0.844561	0.844002	0.843729	0.87419	0.848428	0.880639	0.879174	0.876348	0.840434	1.03233	1.03915	1.03115	1.03231	1.03391	1.02906	1.09337	1.07349	1.0743	1.13781	1.09374	1.07305	1.14034	1.13827	1.14364	1.14894	1.1398	1.14027	1.11943	1.11355	1.11856	1.10356	1.12011	1.12786	1.12731	1.13211	1.12349	1.1257	1.13979	1.1292	1.11073	1.12095	1.09839	1.12328	1.09961	1.12354	1.05727	1.081	1.1285	1.05674	1.0581	1.07992	1.13772	1.13672	1.13165	1.1356	1.14126	1.13795
ERR637117	1.00497	1.01156	1.00554	1.01098	1.00641	1.01791	0.732247	0.72823	0.728562	0.73413	0	0.734232	0.819333	0.837468	0.843206	0.827271	0.822477	0.827249	0.910112	0.913038	0.897302	0.913106	0.896698	0.896583	0.927756	0.952295	0.962633	0.932533	0.953914	0.951538	0.896368	0.896738	0.898712	0.897164	0.906064	0.897144	0.861502	0.859665	0.875475	0.849473	0.848903	0.84897	0.877264	0.852293	0.882918	0.882684	0.879525	0.844874	1.0355	1.04157	1.03386	1.03498	1.03622	1.03138	1.09637	1.07692	1.07785	1.14036	1.09669	1.07632	1.1437	1.14145	1.14684	1.15206	1.14307	1.14358	1.12215	1.11646	1.1215	1.10662	1.12303	1.13054	1.13036	1.13521	1.12682	1.12896	1.14286	1.13224	1.11318	1.12325	1.10126	1.12571	1.10255	1.12573	1.06009	1.0837	1.13039	1.05947	1.06103	1.08241	1.14014	1.13921	1.13439	1.13847	1.14388	1.14058
ERR637121	0.99901	1.00564	0.999529	1.00494	1.00035	1.01254	0.723677	0.725267	0.7262	0.726173	0.734232	0	0.81489	0.83427	0.840863	0.823155	0.818366	0.823073	0.905545	0.907971	0.89168	0.908224	0.890921	0.891089	0.922406	0.947266	0.958274	0.927277	0.948971	0.946592	0.89163	0.893004	0.894787	0.892794	0.902556	0.892514	0.856166	0.854468	0.870827	0.844122	0.843186	0.843119	0.873259	0.848076	0.879723	0.87832	0.875112	0.83959	1.03205	1.03877	1.0305	1.03175	1.03354	1.02846	1.0927	1.07273	1.07379	1.13759	1.09317	1.07234	1.13949	1.1374	1.14258	1.148	1.13908	1.13927	1.11877	1.1128	1.11796	1.10271	1.1195	1.12728	1.12647	1.1313	1.12266	1.12479	1.13908	1.12826	1.11008	1.12037	1.09784	1.12276	1.09892	1.12295	1.05684	1.08068	1.1281	1.05641	1.05769	1.0793	1.13709	1.13614	1.13093	1.13519	1.14088	1.13744
ERR636983	0.98354	0.991259	0.983807	0.990176	0.984692	0.997688	0.813639	0.810985	0.811759	0.815872	0.819333	0.81489	0	0.753671	0.765772	0.74034	0.731286	0.73984	0.874012	0.875604	0.857396	0.875879	0.856806	0.856209	0.894099	0.921694	0.933979	0.901136	0.923745	0.921367	0.868476	0.869667	0.871248	0.86935	0.880225	0.86918	0.860102	0.858993	0.875883	0.84833	0.848278	0.848005	0.882135	0.857004	0.891135	0.887127	0.884273	0.848438	1.02716	1.03414	1.02589	1.02693	1.02862	1.02376	1.07304	1.05218	1.05325	1.12039	1.07319	1.05116	1.11664	1.11479	1.11976	1.12539	1.11616	1.11661	1.09422	1.08821	1.0934	1.07711	1.09494	1.10448	1.10537	1.11014	1.10103	1.10323	1.11819	1.1071	1.08848	1.09892	1.07444	1.10125	1.07577	1.10168	1.04461	1.0682	1.11688	1.04353	1.04462	1.06732	1.11814	1.11733	1.11186	1.11621	1.1224	1.11881
ERR636982	0.999929	1.00716	1.0005	1.00588	1.00106	1.01313	0.833142	0.831263	0.831891	0.834918	0.837468	0.83427	0.753671	0	0.78402	0.764094	0.756723	0.763778	0.898896	0.900392	0.88416	0.900715	0.883132	0.883474	0.916386	0.941176	0.952461	0.922963	0.942819	0.940691	0.894316	0.895405	0.896702	0.895567	0.904576	0.895019	0.883325	0.88252	0.896907	0.87293	0.872794	0.872607	0.902853	0.880428	0.91075	0.907014	0.904391	0.873425	1.04755	1.05382	1.04626	1.0472	1.04922	1.04423	1.09073	1.07137	1.07228	1.1351	1.09078	1.07084	1.13087	1.12916	1.13413	1.13948	1.13058	1.13096	1.11037	1.10489	1.10944	1.09457	1.11139	1.12026	1.12068	1.12529	1.11675	1.11871	1.13264	1.12264	1.10586	1.11515	1.09218	1.11748	1.09323	1.11812	1.0641	1.0859	1.13147	1.06322	1.06431	1.08519	1.13335	1.13267	1.12748	1.13178	1.13747	1.13397
ERR636980	1.01014	1.01677	1.01081	1.01611	1.01118	1.02276	0.839597	0.837488	0.838253	0.841315	0.843206	0.840863	0.765772	0.78402	0	0.771405	0.768153	0.770578	0.906972	0.909265	0.894018	0.909648	0.893421	0.893329	0.926348	0.949947	0.9602	0.931584	0.951877	0.949188	0.901819	0.902326	0.904188	0.902759	0.911637	0.902431	0.89222	0.890763	0.905116	0.881997	0.881757	0.881445	0.909399	0.887743	0.915647	0.913558	0.911267	0.8813	1.05262	1.05895	1.05135	1.05279	1.05376	1.04984	1.09675	1.0773	1.07832	1.1399	1.09674	1.0766	1.13874	1.13687	1.14174	1.147	1.13829	1.13879	1.11653	1.1109	1.11554	1.10089	1.1172	1.12512	1.12738	1.13219	1.12347	1.12551	1.13969	1.12908	1.11021	1.11997	1.0975	1.12226	1.0987	1.1223	1.06944	1.09133	1.13635	1.06862	1.06973	1.09056	1.13858	1.13762	1.1327	1.13659	1.14236	1.13891
ERR636979	0.987188	0.995187	0.986992	0.993687	0.988141	1.00135	0.822078	0.820075	0.819774	0.824128	0.827271	0.823155	0.74034	0.764094	0.771405	0	0.743763	0.745375	0.883602	0.88409	0.866262	0.884308	0.865365	0.865199	0.900382	0.927632	0.93968	0.908029	0.929582	0.927276	0.877049	0.878735	0.879565	0.87842	0.888764	0.877886	0.868245	0.868281	0.883851	0.85847	0.857854	0.857732	0.890139	0.866179	0.900944	0.895015	0.892591	0.857891	1.03361	1.04067	1.03223	1.03332	1.03544	1.03009	1.07819	1.05859	1.05958	1.12471	1.07869	1.05763	1.11885	1.11738	1.1222	1.1281	1.11872	1.11936	1.0986	1.09249	1.09758	1.08166	1.09948	1.10925	1.10932	1.11352	1.10484	1.10658	1.12112	1.11092	1.09518	1.10436	1.08009	1.10675	1.08153	1.10739	1.05169	1.07401	1.12182	1.0508	1.05162	1.0733	1.12293	1.122	1.11661	1.12108	1.12743	1.1233
ERR636984	0.985105	0.992763	0.984924	0.991248	0.985956	0.999004	0.81685	0.814631	0.81498	0.819037	0.822477	0.818366	0.731286	0.756723	0.768153	0.743763	0	0.742862	0.87695	0.878529	0.860673	0.878818	0.859924	0.859425	0.896763	0.924128	0.936494	0.903973	0.925784	0.923687	0.871894	0.872869	0.873998	0.87286	0.883325	0.872402	0.862802	0.862173	0.878634	0.851945	0.851327	0.850905	0.88479	0.860433	0.89387	0.890114	0.887344	0.851549	1.02914	1.0361	1.02798	1.02884	1.03061	1.02589	1.07496	1.05429	1.05528	1.12172	1.07488	1.05347	1.11732	1.11547	1.1205	1.12636	1.11684	1.11743	1.09556	1.08982	1.0946	1.07869	1.09652	1.10597	1.10632	1.11161	1.10218	1.1043	1.11913	1.10844	1.09081	1.10099	1.07646	1.10334	1.07788	1.10372	1.04683	1.06991	1.1186	1.04598	1.04704	1.06936	1.11981	1.1191	1.11378	1.11802	1.12409	1.12033
ERR636981	0.987153	0.995339	0.986775	0.993984	0.987917	1.00173	0.821432	0.819419	0.819333	0.82351	0.827249	0.823073	0.73984	0.763778	0.770578	0.745375	0.742862	0	0.88305	0.883692	0.865537	0.883692	0.8647	0.864493	0.899811	0.926874	0.939342	0.907826	0.928756	0.926766	0.876719	0.878427	0.878986	0.878108	0.888297	0.877673	0.867626	0.867967	0.883027	0.857794	0.85702	0.856628	0.89008	0.865785	0.900305	0.894862	0.892334	0.856843	1.0332	1.04026	1.03174	1.03298	1.03491	1.02973	1.07765	1.05758	1.05876	1.12369	1.07762	1.05668	1.11826	1.11656	1.12162	1.12763	1.11791	1.11874	1.09803	1.092	1.09687	1.08124	1.09852	1.10874	1.10855	1.11298	1.10429	1.10585	1.12018	1.11038	1.09457	1.10386	1.07915	1.1062	1.08088	1.10679	1.05102	1.07324	1.12098	1.05032	1.05105	1.0724	1.12253	1.12158	1.11635	1.12093	1.12685	1.12295
ERR617367	0.925928	0.932052	0.927447	0.93167	0.927464	0.937661	0.903936	0.900031	0.901581	0.906585	0.910112	0.905545	0.874012	0.898896	0.906972	0.883602	0.87695	0.88305	0	0.778479	0.76411	0.778919	0.763286	0.763153	0.869216	0.894412	0.90611	0.874892	0.896544	0.89302	0.838441	0.83956	0.841535	0.838957	0.849203	0.839732	0.892296	0.891821	0.90478	0.882458	0.881688	0.881332	0.911153	0.890467	0.919513	0.915493	0.913116	0.882766	1.02915	1.03566	1.02807	1.02895	1.03079	1.02624	1.05791	1.0386	1.0395	1.10151	1.05758	1.03802	1.10201	1.10008	1.10549	1.1105	1.10177	1.10223	1.08605	1.08026	1.08521	1.06951	1.08647	1.09563	1.09389	1.09851	1.08971	1.09211	1.10597	1.09523	1.08823	1.09699	1.07355	1.09933	1.07484	1.09979	1.03968	1.06195	1.10866	1.03907	1.03994	1.06131	1.11856	1.11765	1.11257	1.11684	1.12257	1.11879
ERR617369	0.916108	0.923804	0.916704	0.921754	0.917477	0.928655	0.906556	0.903255	0.903575	0.909361	0.913038	0.907971	0.875604	0.900392	0.909265	0.88409	0.878529	0.883692	0.778479	0	0.762041	0.777088	0.76086	0.761607	0.864655	0.891135	0.903729	0.872584	0.893426	0.890089	0.840436	0.842186	0.842899	0.841328	0.85132	0.841337	0.89096	0.891477	0.904045	0.882573	0.881543	0.880955	0.911851	0.892297	0.923804	0.916397	0.914249	0.88394	1.02979	1.03639	1.0285	1.0292	1.03153	1.02621	1.05664	1.03834	1.0393	1.09985	1.05624	1.0377	1.09349	1.09209	1.0969	1.10277	1.09344	1.09446	1.08397	1.07844	1.08282	1.06743	1.08434	1.09529	1.08927	1.09341	1.08488	1.08693	1.10038	1.09071	1.09018	1.0974	1.07348	1.09977	1.07504	1.10055	1.04047	1.06148	1.10778	1.0394	1.03995	1.06056	1.11871	1.11801	1.11308	1.1176	1.12313	1.11907
ERR617371	0.900564	0.910618	0.900928	0.907559	0.902647	0.9161	0.890209	0.886911	0.886943	0.893285	0.897302	0.89168	0.857396	0.88416	0.894018	0.866262	0.860673	0.865537	0.76411	0.762041	0	0.761746	0.735239	0.735744	0.847638	0.877018	0.890838	0.857471	0.879094	0.876041	0.824916	0.827254	0.827291	0.826055	0.837436	0.825957	0.876478	0.878307	0.891351	0.868127	0.866899	0.866792	0.900328	0.879302	0.913918	0.905244	0.902778	0.86934	1.0172	1.02466	1.01629	1.01699	1.01976	1.01393	1.04521	1.02654	1.02738	1.09079	1.04514	1.0256	1.07972	1.07832	1.08371	1.09002	1.07986	1.08143	1.07268	1.06744	1.07153	1.05565	1.07318	1.08561	1.07811	1.08197	1.0733	1.07444	1.08847	1.07946	1.08103	1.08833	1.06298	1.09058	1.06466	1.09152	1.02842	1.05013	1.09821	1.02761	1.02825	1.04967	1.10938	1.10869	1.10351	1.10822	1.11414	1.10966
ERR617368	0.915067	0.923031	0.915755	0.921202	0.916642	0.928095	0.906414	0.903651	0.903978	0.909511	0.913106	0.908224	0.875879	0.900715	0.909648	0.884308	0.878818	0.883692	0.778919	0.777088	0.761746	0	0.76049	0.761167	0.864296	0.890499	0.90328	0.872423	0.892783	0.88964	0.840207	0.842087	0.842578	0.841353	0.851044	0.841503	0.890506	0.891562	0.903909	0.882568	0.881106	0.881013	0.911944	0.892426	0.923853	0.916399	0.913726	0.883652	1.02972	1.03655	1.02861	1.0295	1.03191	1.02661	1.05649	1.03895	1.03961	1.1001	1.05644	1.03783	1.09275	1.09127	1.09629	1.10197	1.09286	1.09399	1.08365	1.07863	1.08285	1.06784	1.08439	1.09535	1.08917	1.09333	1.08479	1.08641	1.09994	1.09079	1.09083	1.09785	1.07419	1.10024	1.07557	1.10096	1.0407	1.06132	1.10771	1.04005	1.04073	1.06079	1.1191	1.11817	1.11357	1.11787	1.12358	1.11932
ERR617372	0.900225	0.909845	0.900231	0.907273	0.901833	0.915585	0.889835	0.886413	0.886267	0.892616	0.896698	0.890921	0.856806	0.883132	0.893421	0.865365	0.859924	0.8647	0.763286	0.76086	0.735239	0.76049	0	0.734379	0.84691	0.876135	0.890147	0.856939	0.878508	0.875652	0.824321	0.826505	0.82715	0.825763	0.837281	0.825542	0.875982	0.877726	0.891101	0.867787	0.866671	0.865981	0.899886	0.878828	0.914067	0.905102	0.90246	0.869101	1.01648	1.02404	1.01531	1.0163	1.01899	1.01346	1.04419	1.0256	1.02666	1.09012	1.04397	1.02469	1.07882	1.07747	1.08272	1.08937	1.07914	1.08057	1.07217	1.06697	1.07093	1.05521	1.07238	1.08494	1.07742	1.08133	1.07255	1.07363	1.08777	1.07837	1.08031	1.08733	1.06184	1.09002	1.06396	1.09073	1.02786	1.04953	1.09793	1.02695	1.02745	1.0487	1.10861	1.10804	1.10283	1.10777	1.11351	1.10899
ERR617370	0.901919	0.91168	0.902213	0.908778	0.903393	0.916965	0.888927	0.886152	0.886206	0.892201	0.896583	0.891089	0.856209	0.883474	0.893329	0.865199	0.859425	0.864493	0.763153	0.761607	0.735744	0.761167	0.734379	0	0.847385	0.876507	0.890636	0.856867	0.879114	0.875848	0.824308	0.826241	0.82671	0.825377	0.836538	0.825106	0.876	0.877421	0.890852	0.867651	0.86629	0.865896	0.899649	0.878151	0.913037	0.904614	0.90165	0.868632	1.01656	1.02398	1.01521	1.01615	1.01915	1.01326	1.04437	1.02588	1.02668	1.09033	1.0442	1.02479	1.07951	1.07854	1.08367	1.08998	1.07981	1.08107	1.07257	1.06716	1.0714	1.05549	1.07286	1.08524	1.07745	1.08195	1.07298	1.0742	1.08824	1.07901	1.08004	1.08758	1.06211	1.08999	1.06382	1.09056	1.02802	1.0498	1.09787	1.02699	1.02773	1.0489	1.10879	1.10787	1.103	1.10766	1.1134	1.1089
ERR612595	0.910986	0.919036	0.910849	0.916978	0.912573	0.92581	0.920643	0.918824	0.917344	0.923404	0.927756	0.922406	0.894099	0.916386	0.926348	0.900382	0.896763	0.899811	0.869216	0.864655	0.847638	0.864296	0.84691	0.847385	0	0.762594	0.772197	0.742351	0.763923	0.761631	0.886667	0.889895	0.888405	0.888325	0.898128	0.888026	0.893346	0.896827	0.906996	0.88952	0.888301	0.888173	0.919106	0.901764	0.935724	0.923378	0.920711	0.892775	1.05491	1.06196	1.05401	1.05464	1.05777	1.05187	1.0739	1.05836	1.05905	1.11534	1.07402	1.05716	1.09649	1.09534	1.09981	1.10621	1.09683	1.09779	1.09162	1.0871	1.09037	1.07621	1.09217	1.10559	1.10115	1.10394	1.09637	1.09667	1.10912	1.10211	1.10467	1.10922	1.08519	1.1111	1.08702	1.11216	1.06395	1.08217	1.1248	1.06305	1.06324	1.08094	1.05897	1.05906	1.05587	1.05921	1.06302	1.05943
ERR612598	0.929324	0.934434	0.929617	0.93341	0.930341	0.941241	0.94595	0.944264	0.943136	0.948464	0.952295	0.947266	0.921694	0.941176	0.949947	0.927632	0.924128	0.926874	0.894412	0.891135	0.877018	0.890499	0.876135	0.876507	0.762594	0	0.792212	0.769322	0.779827	0.777976	0.912627	0.914984	0.913682	0.913643	0.921947	0.913844	0.91629	0.918812	0.927166	0.912727	0.911318	0.911042	0.937588	0.923532	0.952807	0.94143	0.93946	0.916467	1.07485	1.08123	1.0743	1.07459	1.07754	1.07224	1.09244	1.07773	1.07852	1.13033	1.09253	1.07681	1.1143	1.11315	1.1171	1.12286	1.11444	1.11507	1.10858	1.10472	1.1079	1.0947	1.10935	1.12103	1.11781	1.12055	1.11334	1.11414	1.12565	1.11868	1.12078	1.12511	1.10278	1.1268	1.10467	1.12785	1.08317	1.10009	1.13958	1.08229	1.08263	1.09924	1.07125	1.07112	1.06855	1.07116	1.0749	1.07123
ERR612596	0.941715	0.946672	0.942489	0.945968	0.942672	0.952665	0.956862	0.954618	0.95429	0.959017	0.962633	0.958274	0.933979	0.952461	0.9602	0.93968	0.936494	0.939342	0.90611	0.903729	0.890838	0.90328	0.890147	0.890636	0.772197	0.792212	0	0.777476	0.792857	0.791112	0.923599	0.925476	0.924505	0.924452	0.932207	0.924351	0.927063	0.929272	0.936712	0.923697	0.922765	0.922042	0.946282	0.932785	0.959592	0.949871	0.947581	0.926746	1.0838	1.08956	1.08307	1.08346	1.08617	1.08099	1.10112	1.08699	1.08764	1.13772	1.10123	1.08571	1.12505	1.1237	1.12791	1.13317	1.12502	1.12557	1.11735	1.11315	1.11633	1.10357	1.11754	1.12848	1.12698	1.12974	1.12281	1.12383	1.13522	1.12797	1.12742	1.13187	1.11089	1.13345	1.11239	1.1347	1.09188	1.1083	1.14637	1.09094	1.09139	1.10749	1.07596	1.07585	1.07339	1.07574	1.0788	1.07594
ERR612597	0.921951	0.927497	0.922648	0.926865	0.922925	0.934726	0.925779	0.923705	0.92321	0.928445	0.932533	0.927277	0.901136	0.922963	0.931584	0.908029	0.903973	0.907826	0.874892	0.872584	0.857471	0.872423	0.856939	0.856867	0.742351	0.769322	0.777476	0	0.770871	0.768412	0.89278	0.895171	0.894865	0.894195	0.903123	0.893946	0.901101	0.902866	0.913014	0.896001	0.894986	0.894591	0.922612	0.905605	0.936128	0.926791	0.924004	0.898221	1.06069	1.06694	1.05979	1.0605	1.06309	1.05798	1.08	1.06355	1.06447	1.12065	1.08012	1.06266	1.10789	1.10595	1.11056	1.1161	1.1073	1.10772	1.09837	1.09371	1.09751	1.08325	1.09893	1.11012	1.10868	1.11195	1.10416	1.10539	1.11833	1.10987	1.10705	1.11296	1.09	1.11469	1.09163	1.11563	1.06849	1.08732	1.12947	1.06748	1.06798	1.08608	1.06126	1.0611	1.05801	1.06077	1.06456	1.06125
ERR612600	0.930202	0.935434	0.930563	0.934204	0.931503	0.941831	0.94738	0.945896	0.944669	0.949915	0.953914	0.948971	0.923745	0.942819	0.951877	0.929582	0.925784	0.928756	0.896544	0.893426	0.879094	0.892783	0.878508	0.879114	0.763923	0.779827	0.792857	0.770871	0	0.778615	0.914848	0.917536	0.916094	0.916392	0.924339	0.915958	0.917711	0.920358	0.928311	0.914644	0.913066	0.912806	0.938869	0.925026	0.954344	0.942296	0.940221	0.917495	1.07687	1.08339	1.0765	1.07695	1.07965	1.07442	1.09408	1.07978	1.08023	1.13164	1.09427	1.07853	1.11583	1.11457	1.11854	1.12413	1.11574	1.11657	1.11051	1.10653	1.10919	1.0965	1.11092	1.12295	1.11947	1.12218	1.11505	1.11575	1.12713	1.12033	1.12219	1.1268	1.10464	1.12869	1.10638	1.12933	1.08517	1.10221	1.14117	1.08446	1.08459	1.10117	1.072	1.07216	1.06947	1.07232	1.07523	1.07228
ERR612599	0.929049	0.934161	0.929595	0.933458	0.930291	0.941013	0.945218	0.94355	0.942553	0.947622	0.951538	0.946592	0.921367	0.940691	0.949188	0.927276	0.923687	0.926766	0.89302	0.890089	0.876041	0.88964	0.875652	0.875848	0.761631	0.777976	0.791112	0.768412	0.778615	0	0.911508	0.913877	0.912628	0.91297	0.921186	0.912635	0.91606	0.91865	0.926535	0.91265	0.911481	0.910878	0.936994	0.923228	0.951652	0.940445	0.938428	0.915555	1.07486	1.08112	1.07419	1.07491	1.07754	1.07249	1.0927	1.07784	1.07864	1.13073	1.09275	1.07673	1.11513	1.11362	1.11793	1.1235	1.11505	1.11564	1.1091	1.10513	1.10823	1.09502	1.10955	1.1214	1.11806	1.12095	1.1138	1.1145	1.12647	1.11913	1.12022	1.12497	1.10282	1.12667	1.10438	1.12761	1.083	1.10015	1.13956	1.08234	1.08241	1.09929	1.07103	1.07125	1.06848	1.0711	1.07442	1.07141
ERR636774	0.957489	0.963421	0.958292	0.963211	0.958909	0.96938	0.890314	0.887715	0.888615	0.892684	0.896368	0.89163	0.868476	0.894316	0.901819	0.877049	0.871894	0.876719	0.838441	0.840436	0.824916	0.840207	0.824321	0.824308	0.886667	0.912627	0.923599	0.89278	0.914848	0.911508	0	0.775128	0.776367	0.771354	0.785402	0.770983	0.891363	0.891056	0.905087	0.882366	0.882135	0.881354	0.908465	0.887425	0.917023	0.913293	0.910659	0.879686	1.00885	1.0152	1.00706	1.0082	1.00946	1.00493	1.07049	1.05118	1.05211	1.11534	1.07106	1.05074	1.11667	1.1148	1.11986	1.12465	1.116	1.11643	1.09237	1.08644	1.0913	1.07597	1.09288	1.10204	1.10424	1.10923	1.10043	1.10264	1.11685	1.10612	1.09388	1.10256	1.0795	1.1049	1.0806	1.10527	1.04009	1.06312	1.11117	1.03931	1.04052	1.06207	1.121	1.12015	1.11511	1.11968	1.12554	1.1214
ERR636771	0.961774	0.967784	0.963263	0.967332	0.963246	0.97383	0.891565	0.888108	0.889626	0.894253	0.896738	0.893004	0.869667	0.895405	0.902326	0.878735	0.872869	0.878427	0.83956	0.842186	0.827254	0.842087	0.826505	0.826241	0.889895	0.914984	0.925476	0.895171	0.917536	0.913877	0.775128	0	0.774755	0.77517	0.783154	0.77577	0.893344	0.892501	0.906503	0.883513	0.883414	0.88293	0.909243	0.887522	0.915714	0.913615	0.91095	0.880331	1.00948	1.01615	1.00795	1.00913	1.01028	1.00569	1.07138	1.05177	1.05274	1.11614	1.07165	1.0513	1.12034	1.11802	1.12343	1.12815	1.11952	1.12006	1.09391	1.08802	1.09328	1.07756	1.09465	1.10302	1.10643	1.11176	1.10291	1.10508	1.11966	1.10856	1.09354	1.10291	1.0799	1.10511	1.08137	1.10542	1.04027	1.06336	1.11139	1.03941	1.04063	1.06289	1.12165	1.12084	1.11575	1.1203	1.12561	1.12213
ERR636770	0.958295	0.965419	0.959216	0.96448	0.959315	0.970743	0.89362	0.890572	0.890712	0.895976	0.898712	0.894787	0.871248	0.896702	0.904188	0.879565	0.873998	0.878986	0.841535	0.842899	0.827291	0.842578	0.82715	0.82671	0.888405	0.913682	0.924505	0.894865	0.916094	0.912628	0.776367	0.774755	0	0.77715	0.784139	0.777117	0.892146	0.892543	0.90624	0.88378	0.883208	0.882651	0.910526	0.889205	0.919232	0.914864	0.911909	0.881335	1.0093	1.01607	1.00774	1.00898	1.01042	1.00565	1.07203	1.05325	1.05447	1.11617	1.07232	1.05253	1.11725	1.11529	1.1205	1.12552	1.11657	1.11749	1.09329	1.08766	1.09245	1.07746	1.094	1.10367	1.10548	1.11018	1.10178	1.10353	1.11742	1.10753	1.09609	1.10439	1.08118	1.10658	1.08268	1.10692	1.04144	1.06369	1.11148	1.04069	1.04189	1.06284	1.12264	1.12185	1.11706	1.12136	1.12667	1.12284
ERR636772	0.958692	0.964935	0.960084	0.964491	0.960084	0.970998	0.891635	0.889161	0.889667	0.893781	0.897164	0.892794	0.86935	0.895567	0.902759	0.87842	0.87286	0.878108	0.838957	0.841328	0.826055	0.841353	0.825763	0.825377	0.888325	0.913643	0.924452	0.894195	0.916392	0.91297	0.771354	0.77517	0.77715	0	0.786032	0.771756	0.893054	0.892779	0.90655	0.883826	0.883504	0.883203	0.90982	0.888391	0.917905	0.914249	0.911965	0.881093	1.00927	1.01582	1.00766	1.00873	1.01009	1.00574	1.07139	1.05209	1.0527	1.11577	1.07146	1.0514	1.11803	1.11619	1.12132	1.12641	1.1175	1.11795	1.09303	1.08708	1.09229	1.07704	1.0937	1.10287	1.10554	1.11026	1.10173	1.10359	1.11809	1.10748	1.09444	1.10336	1.08008	1.10561	1.08143	1.10584	1.04028	1.06351	1.11145	1.03966	1.04105	1.06268	1.1217	1.12073	1.11574	1.12018	1.12564	1.12208
ERR636769	0.966992	0.972812	0.967892	0.972391	0.968307	0.978189	0.901467	0.898139	0.899566	0.903644	0.906064	0.902556	0.880225	0.904576	0.911637	0.888764	0.883325	0.888297	0.849203	0.85132	0.837436	0.851044	0.837281	0.836538	0.898128	0.921947	0.932207	0.903123	0.924339	0.921186	0.785402	0.783154	0.784139	0.786032	0	0.785635	0.900008	0.899706	0.912736	0.891343	0.891061	0.890528	0.916153	0.896008	0.923439	0.920868	0.917956	0.888952	1.01596	1.02209	1.01409	1.01536	1.01631	1.01217	1.08004	1.06125	1.06221	1.12276	1.07996	1.06073	1.12608	1.12408	1.12906	1.13381	1.12527	1.12583	1.10138	1.09546	1.10036	1.08583	1.10167	1.11022	1.11329	1.11821	1.10996	1.11209	1.12557	1.11515	1.10208	1.11057	1.08822	1.11278	1.08965	1.11307	1.04781	1.07026	1.11666	1.04732	1.04846	1.06959	1.12925	1.12816	1.12344	1.12753	1.13272	1.12946
ERR636773	0.958047	0.964348	0.959234	0.963979	0.959527	0.970718	0.891015	0.88838	0.88948	0.893586	0.897144	0.892514	0.86918	0.895019	0.902431	0.877886	0.872402	0.877673	0.839732	0.841337	0.825957	0.841503	0.825542	0.825106	0.888026	0.913844	0.924351	0.893946	0.915958	0.912635	0.770983	0.77577	0.777117	0.771756	0.785635	0	0.8927	0.892472	0.906152	0.883736	0.883116	0.882431	0.909705	0.888443	0.918062	0.914275	0.91174	0.880726	1.00911	1.01592	1.00743	1.00871	1.00992	1.0054	1.07145	1.05196	1.05299	1.11614	1.07172	1.05163	1.11782	1.11558	1.12089	1.12561	1.11698	1.11743	1.09324	1.08705	1.09227	1.07708	1.09374	1.10301	1.10519	1.1103	1.10172	1.10345	1.11748	1.10723	1.09455	1.10342	1.08024	1.10573	1.08172	1.10601	1.04083	1.06401	1.11141	1.03991	1.04139	1.06281	1.12178	1.12092	1.11596	1.12026	1.1259	1.1221
ERR636926	0.966762	0.973755	0.967362	0.972001	0.96804	0.978311	0.854821	0.853643	0.852386	0.856829	0.861502	0.856166	0.860102	0.883325	0.89222	0.868245	0.862802	0.867626	0.892296	0.89096	0.876478	0.890506	0.875982	0.876	0.893346	0.91629	0.927063	0.901101	0.917711	0.91606	0.891363	0.893344	0.892146	0.893054	0.900008	0.8927	0	0.782076	0.796226	0.774857	0.774118	0.773733	0.868888	0.849185	0.882687	0.873977	0.871376	0.841642	1.03825	1.04518	1.03733	1.03822	1.04078	1.03548	1.08587	1.06956	1.0705	1.12604	1.08627	1.06891	1.12104	1.11968	1.12409	1.12925	1.12103	1.12182	1.10727	1.10297	1.10665	1.09276	1.10822	1.11849	1.11547	1.11886	1.11141	1.11247	1.12507	1.11655	1.11154	1.11777	1.09557	1.12001	1.097	1.12078	1.06233	1.08245	1.12634	1.06175	1.0626	1.08124	1.13749	1.13681	1.13227	1.13661	1.14173	1.13792
ERR636927	0.972304	0.977827	0.973025	0.976827	0.973419	0.983077	0.8531	0.851375	0.851711	0.855015	0.859665	0.854468	0.858993	0.88252	0.890763	0.868281	0.862173	0.867967	0.891821	0.891477	0.878307	0.891562	0.877726	0.877421	0.896827	0.918812	0.929272	0.902866	0.920358	0.91865	0.891056	0.892501	0.892543	0.892779	0.899706	0.892472	0.782076	0	0.796379	0.774132	0.773881	0.773254	0.867407	0.847667	0.878419	0.872619	0.870115	0.840588	1.03815	1.04475	1.037	1.03803	1.04004	1.03547	1.08654	1.06953	1.07047	1.12693	1.08667	1.06901	1.12548	1.12381	1.12844	1.13315	1.12504	1.12585	1.10877	1.10405	1.10805	1.09407	1.10968	1.11863	1.11714	1.12171	1.11346	1.11517	1.1283	1.11903	1.11018	1.11732	1.09546	1.11944	1.09698	1.12022	1.06099	1.08213	1.12632	1.06057	1.06176	1.08127	1.13762	1.13713	1.13224	1.13656	1.14165	1.138
ERR636925	0.978102	0.983325	0.978716	0.982498	0.979176	0.988342	0.869466	0.868041	0.867751	0.871265	0.875475	0.870827	0.875883	0.896907	0.905116	0.883851	0.878634	0.883027	0.90478	0.904045	0.891351	0.903909	0.891101	0.890852	0.906996	0.927166	0.936712	0.913014	0.928311	0.926535	0.905087	0.906503	0.90624	0.90655	0.912736	0.906152	0.796226	0.796379	0	0.790605	0.789533	0.789128	0.878774	0.86087	0.890054	0.88312	0.880575	0.854236	1.05021	1.05648	1.04932	1.05003	1.05216	1.04776	1.09631	1.08065	1.08144	1.13433	1.09624	1.07975	1.13229	1.13094	1.13523	1.14012	1.13208	1.13299	1.11717	1.11285	1.1163	1.10314	1.11798	1.12732	1.12549	1.12912	1.12177	1.12302	1.13544	1.12679	1.12034	1.1268	1.10535	1.12873	1.10686	1.12953	1.07308	1.09266	1.13451	1.07265	1.07345	1.09166	1.14621	1.1459	1.14148	1.14539	1.15048	1.1467
ERR636930	0.967276	0.973094	0.968129	0.972324	0.968737	0.978862	0.842275	0.840311	0.8409	0.844561	0.849473	0.844122	0.84833	0.87293	0.881997	0.85847	0.851945	0.857794	0.882458	0.882573	0.868127	0.882568	0.867787	0.867651	0.88952	0.912727	0.923697	0.896001	0.914644	0.91265	0.882366	0.883513	0.88378	0.883826	0.891343	0.883736	0.774857	0.774132	0.790605	0	0.760778	0.759763	0.860885	0.839021	0.871085	0.865827	0.862848	0.831808	1.03088	1.0377	1.02975	1.03102	1.03272	1.02815	1.07976	1.06227	1.06283	1.12125	1.07985	1.06122	1.12066	1.11884	1.12392	1.12862	1.1203	1.12106	1.10284	1.09799	1.10192	1.08741	1.10362	1.113	1.11193	1.1162	1.10799	1.10977	1.12306	1.1135	1.10386	1.1116	1.08898	1.11366	1.09036	1.11423	1.05411	1.07553	1.12113	1.05339	1.05438	1.07451	1.13191	1.13117	1.12642	1.13051	1.13604	1.13237
ERR636928	0.965257	0.971266	0.965772	0.97043	0.966555	0.977236	0.841984	0.839732	0.84014	0.844002	0.848903	0.843186	0.848278	0.872794	0.881757	0.857854	0.851327	0.85702	0.881688	0.881543	0.866899	0.881106	0.866671	0.86629	0.888301	0.911318	0.922765	0.894986	0.913066	0.911481	0.882135	0.883414	0.883208	0.883504	0.891061	0.883116	0.774118	0.773881	0.789533	0.760778	0	0.759401	0.860194	0.838563	0.871345	0.865492	0.862532	0.830901	1.03046	1.03716	1.02934	1.03026	1.03252	1.02777	1.0791	1.06136	1.06212	1.12054	1.07885	1.06045	1.11972	1.11778	1.1228	1.1277	1.11924	1.12009	1.10225	1.09704	1.1013	1.08681	1.10285	1.11276	1.111	1.11563	1.10725	1.109	1.12225	1.11289	1.10315	1.11106	1.08817	1.11342	1.08986	1.11405	1.05339	1.07506	1.12031	1.05289	1.05384	1.07408	1.1314	1.13081	1.12614	1.13028	1.1353	1.13194
ERR636929	0.965226	0.971127	0.965809	0.970236	0.966354	0.976774	0.8419	0.839771	0.840086	0.843729	0.84897	0.843119	0.848005	0.872607	0.881445	0.857732	0.850905	0.856628	0.881332	0.880955	0.866792	0.881013	0.865981	0.865896	0.888173	0.911042	0.922042	0.894591	0.912806	0.910878	0.881354	0.88293	0.882651	0.883203	0.890528	0.882431	0.773733	0.773254	0.789128	0.759763	0.759401	0	0.86023	0.838152	0.870933	0.865308	0.862394	0.830585	1.03011	1.03699	1.02876	1.03004	1.03203	1.0272	1.07854	1.06099	1.06182	1.12014	1.07884	1.05994	1.11944	1.11766	1.12268	1.12759	1.11911	1.11988	1.10179	1.09694	1.1011	1.08649	1.10267	1.11196	1.11103	1.11518	1.10709	1.10846	1.12206	1.11239	1.10307	1.11074	1.08808	1.11304	1.08966	1.11364	1.05321	1.0746	1.12021	1.05258	1.0537	1.0737	1.1312	1.13062	1.12569	1.12986	1.13525	1.13146
ERR622146	0.993608	0.997116	0.995237	0.997415	0.995104	1.00176	0.872096	0.869364	0.870976	0.87419	0.877264	0.873259	0.882135	0.902853	0.909399	0.890139	0.88479	0.89008	0.911153	0.911851	0.900328	0.911944	0.899886	0.899649	0.919106	0.937588	0.946282	0.922612	0.938869	0.936994	0.908465	0.909243	0.910526	0.90982	0.916153	0.909705	0.868888	0.867407	0.878774	0.860885	0.860194	0.86023	0	0.821403	0.849525	0.840934	0.838653	0.814778	1.06093	1.06626	1.05994	1.06078	1.06193	1.0582	1.10401	1.08695	1.08786	1.14237	1.10401	1.08626	1.14713	1.14498	1.14966	1.1537	1.14636	1.14678	1.12134	1.11641	1.12044	1.10701	1.122	1.12943	1.13433	1.13846	1.13072	1.13302	1.14564	1.13595	1.11885	1.12675	1.10581	1.12858	1.10726	1.1295	1.07899	1.09898	1.14068	1.07838	1.07965	1.0981	1.14769	1.14672	1.14251	1.14627	1.15127	1.14804
ERR622144	0.98442	0.989021	0.985423	0.988941	0.985736	0.994372	0.846732	0.842739	0.844886	0.848428	0.852293	0.848076	0.857004	0.880428	0.887743	0.866179	0.860433	0.865785	0.890467	0.892297	0.879302	0.892426	0.878828	0.878151	0.901764	0.923532	0.932785	0.905605	0.925026	0.923228	0.887425	0.887522	0.889205	0.888391	0.896008	0.888443	0.849185	0.847667	0.86087	0.839021	0.838563	0.838152	0.821403	0	0.82617	0.82591	0.822797	0.786341	1.04073	1.04649	1.03954	1.04065	1.04189	1.03792	1.08757	1.06873	1.06977	1.12943	1.08724	1.06837	1.13561	1.13321	1.13883	1.14279	1.13487	1.13557	1.10681	1.10113	1.10618	1.09125	1.1076	1.11502	1.12105	1.12572	1.11733	1.11973	1.13367	1.12284	1.10265	1.11155	1.08964	1.11406	1.09105	1.11423	1.05914	1.08132	1.12621	1.05843	1.05993	1.08049	1.1333	1.13256	1.12779	1.13182	1.13704	1.13364
ERR622143	1.01536	1.01711	1.01762	1.019	1.01675	1.02258	0.87927	0.875099	0.878746	0.880639	0.882918	0.879723	0.891135	0.91075	0.915647	0.900944	0.89387	0.900305	0.919513	0.923804	0.913918	0.923853	0.914067	0.913037	0.935724	0.952807	0.959592	0.936128	0.954344	0.951652	0.917023	0.915714	0.919232	0.917905	0.923439	0.918062	0.882687	0.878419	0.890054	0.871085	0.871345	0.870933	0.849525	0.82617	0	0.853304	0.85091	0.82283	1.06684	1.07149	1.06566	1.06668	1.06705	1.06429	1.11147	1.09297	1.09386	1.14961	1.11109	1.093	1.16216	1.15952	1.16479	1.16808	1.16089	1.16136	1.13015	1.12475	1.12937	1.11623	1.13078	1.13528	1.14497	1.14992	1.14189	1.14499	1.15868	1.14703	1.12113	1.1309	1.11142	1.13333	1.11232	1.13306	1.08306	1.10435	1.14578	1.08244	1.08366	1.10379	1.1529	1.15204	1.14743	1.15088	1.15576	1.15321
ERR622148	0.997023	1.00036	0.998462	1.00071	0.998444	1.00501	0.877189	0.874305	0.875978	0.879174	0.882684	0.87832	0.887127	0.907014	0.913558	0.895015	0.890114	0.894862	0.915493	0.916397	0.905244	0.916399	0.905102	0.904614	0.923378	0.94143	0.949871	0.926791	0.942296	0.940445	0.913293	0.913615	0.914864	0.914249	0.920868	0.914275	0.873977	0.872619	0.88312	0.865827	0.865492	0.865308	0.840934	0.82591	0.853304	0	0.84253	0.82015	1.06449	1.07012	1.06324	1.06453	1.06574	1.062	1.10713	1.09026	1.0908	1.14527	1.10676	1.08972	1.1496	1.14748	1.15216	1.15612	1.14872	1.14942	1.12394	1.11907	1.12317	1.10989	1.12461	1.13187	1.13703	1.14117	1.13354	1.13574	1.14826	1.1386	1.12179	1.12905	1.10911	1.13158	1.11024	1.13187	1.08244	1.10244	1.14328	1.08192	1.08298	1.10151	1.15017	1.14953	1.14513	1.14888	1.15387	1.15058
ERR622147	0.994906	0.998214	0.996169	0.998706	0.996099	1.00284	0.874315	0.871659	0.873073	0.876348	0.879525	0.875112	0.884273	0.904391	0.911267	0.892591	0.887344	0.892334	0.913116	0.914249	0.902778	0.913726	0.90246	0.90165	0.920711	0.93946	0.947581	0.924004	0.940221	0.938428	0.910659	0.91095	0.911909	0.911965	0.917956	0.91174	0.871376	0.870115	0.880575	0.862848	0.862532	0.862394	0.838653	0.822797	0.85091	0.84253	0	0.817367	1.06225	1.06752	1.06138	1.06246	1.06352	1.05967	1.10534	1.08851	1.0895	1.14379	1.10503	1.08787	1.14806	1.14606	1.15062	1.1547	1.14719	1.14788	1.12246	1.11735	1.12167	1.10826	1.12294	1.13049	1.1357	1.13972	1.13217	1.13438	1.14686	1.13724	1.12044	1.12794	1.10744	1.12985	1.10867	1.13046	1.08039	1.10027	1.14158	1.07975	1.08089	1.0997	1.14905	1.14829	1.14385	1.14767	1.15276	1.14921
ERR622145	0.97566	0.981006	0.976234	0.980646	0.976492	0.986592	0.838023	0.834644	0.835986	0.840434	0.844874	0.83959	0.848438	0.873425	0.8813	0.857891	0.851549	0.856843	0.882766	0.88394	0.86934	0.883652	0.869101	0.868632	0.892775	0.916467	0.926746	0.898221	0.917495	0.915555	0.879686	0.880331	0.881335	0.881093	0.888952	0.880726	0.841642	0.840588	0.854236	0.831808	0.830901	0.830585	0.814778	0.786341	0.82283	0.82015	0.817367	0	1.03477	1.04109	1.03375	1.03459	1.03603	1.03173	1.08133	1.06283	1.06375	1.12416	1.08129	1.06217	1.12799	1.12611	1.13139	1.13613	1.12737	1.1284	1.10051	1.09531	1.10002	1.08473	1.10122	1.10962	1.11462	1.1191	1.11092	1.11299	1.12685	1.11629	1.09825	1.1067	1.08379	1.10897	1.0855	1.10956	1.05413	1.07612	1.12166	1.05339	1.05456	1.07519	1.12857	1.12777	1.12267	1.12691	1.13236	1.12846
