	ERR636746	ERR636747	ERR636745	ERR636749	ERR636750	ERR636748	ERR636787	ERR636789	ERR636788	ERR636790	ERR636792	ERR636791	ERR607730	ERR607731	ERR607733	ERR607734	ERR607732	ERR607729	ERR607606	ERR607603	ERR607607	ERR607608	ERR607605	ERR607604	ERR612580	ERR612579	ERR612577	ERR612582	ERR612581	ERR612578	ERR622581	ERR622579	ERR622577	ERR622578	ERR622582	ERR622580	ERR636741	ERR636740	ERR636742	ERR636743	ERR636739	ERR636744	ERR613505	ERR613504	ERR613503	ERR613507	ERR613506	ERR613508	ERR614539	ERR614541	ERR614540	ERR614537	ERR614538	ERR614542	ERR630204	ERR630201	ERR630205	ERR630200	ERR630202	ERR630203	ERR630219	ERR630222	ERR630223	ERR630218	ERR630221	ERR630220	ERR617759	ERR617762	ERR617758	ERR617761	ERR617760	ERR617757	ERR614872	ERR614873	ERR614876	ERR614875	ERR614871	ERR614874	ERR617501	ERR617499	ERR617504	ERR617500	ERR617502	ERR617503	ERR617256	ERR617257	ERR617255	ERR617253	ERR617254	ERR617258	ERR616153	ERR616148	ERR616152	ERR616150	ERR616151	ERR616149
ERR636746	3.37515e+08	2.22419e+08	2.05264e+08	2.33081e+08	2.3647e+08	2.32221e+08	2.38781e+08	2.5776e+08	2.57735e+08	2.72283e+08	2.78451e+08	2.743e+08	2.09776e+08	2.11927e+08	2.05078e+08	2.06469e+08	2.0383e+08	1.94997e+08	1.49036e+08	1.78266e+08	1.40111e+08	1.3858e+08	1.50591e+08	1.53803e+08	1.9467e+08	2.24247e+08	2.40245e+08	1.92417e+08	1.94792e+08	1.76892e+08	2.03716e+08	1.57342e+08	2.50042e+08	2.35234e+08	2.09959e+08	2.01155e+08	2.75976e+08	2.73506e+08	2.59776e+08	2.60371e+08	2.53914e+08	2.64475e+08	2.35124e+08	2.35261e+08	2.3677e+08	1.97128e+08	2.01039e+08	1.9621e+08	1.20427e+08	1.73128e+08	1.72266e+08	1.24338e+08	1.27994e+08	1.62629e+08	2.45152e+08	2.23258e+08	2.33221e+08	2.57903e+08	2.10785e+08	2.44641e+08	2.10371e+08	2.35282e+08	2.22804e+08	2.42123e+08	2.35169e+08	1.97708e+08	1.65424e+08	1.63744e+08	1.5701e+08	1.46951e+08	1.60324e+08	1.30995e+08	1.33228e+08	1.2721e+08	1.65622e+08	1.63611e+08	1.28449e+08	1.65351e+08	1.46277e+08	1.40178e+08	1.15335e+08	1.45793e+08	1.24098e+08	1.30683e+08	1.64635e+08	1.64829e+08	1.3199e+08	1.23543e+08	1.32614e+08	1.25238e+08	1.66307e+08	1.26305e+08	1.62058e+08	1.20317e+08	1.61355e+08	1.39511e+08
ERR636747	2.22419e+08	3.31818e+08	2.03372e+08	2.31278e+08	2.34629e+08	2.30339e+08	2.36662e+08	2.55651e+08	2.55108e+08	2.69984e+08	2.76121e+08	2.7221e+08	2.07802e+08	2.10157e+08	2.03404e+08	2.04706e+08	2.02183e+08	1.93505e+08	1.47533e+08	1.76632e+08	1.38757e+08	1.3717e+08	1.49205e+08	1.52508e+08	1.92627e+08	2.22064e+08	2.3748e+08	1.90371e+08	1.92865e+08	1.7514e+08	2.01645e+08	1.5559e+08	2.47024e+08	2.32468e+08	2.08009e+08	1.99218e+08	2.7378e+08	2.71041e+08	2.57424e+08	2.58287e+08	2.51835e+08	2.62329e+08	2.32924e+08	2.33029e+08	2.34502e+08	1.94968e+08	1.98932e+08	1.94239e+08	1.19132e+08	1.71284e+08	1.70397e+08	1.23183e+08	1.26776e+08	1.6138e+08	2.42935e+08	2.2147e+08	2.31597e+08	2.55504e+08	2.08911e+08	2.42428e+08	2.09084e+08	2.3376e+08	2.21868e+08	2.40666e+08	2.33795e+08	1.96498e+08	1.59206e+08	1.61825e+08	1.51341e+08	1.45104e+08	1.58545e+08	1.26294e+08	1.31999e+08	1.25999e+08	1.63947e+08	1.6195e+08	1.27388e+08	1.63673e+08	1.4421e+08	1.38436e+08	1.13799e+08	1.43699e+08	1.22299e+08	1.28712e+08	1.62447e+08	1.62712e+08	1.30354e+08	1.22229e+08	1.30976e+08	1.24238e+08	1.63479e+08	1.24007e+08	1.59329e+08	1.17944e+08	1.58627e+08	1.3686e+08
ERR636745	2.05264e+08	2.03372e+08	2.89415e+08	2.13151e+08	2.16227e+08	2.12163e+08	2.18227e+08	2.355e+08	2.35116e+08	2.48479e+08	2.54035e+08	2.50498e+08	1.91839e+08	1.93872e+08	1.8756e+08	1.88856e+08	1.86515e+08	1.78557e+08	1.34592e+08	1.61174e+08	1.26668e+08	1.25261e+08	1.36189e+08	1.39097e+08	1.77586e+08	2.04559e+08	2.18821e+08	1.75521e+08	1.77799e+08	1.61483e+08	1.85886e+08	1.43595e+08	2.27486e+08	2.14152e+08	1.91637e+08	1.83517e+08	2.51774e+08	2.49584e+08	2.37019e+08	2.37813e+08	2.31938e+08	2.41559e+08	2.13815e+08	2.13947e+08	2.1516e+08	1.79155e+08	1.82829e+08	1.78444e+08	1.08758e+08	1.56404e+08	1.55634e+08	1.12456e+08	1.15779e+08	1.47295e+08	2.23092e+08	2.0342e+08	2.1256e+08	2.34477e+08	1.91912e+08	2.22501e+08	1.92372e+08	2.14838e+08	2.0389e+08	2.21138e+08	2.14892e+08	1.80841e+08	1.46797e+08	1.48077e+08	1.39458e+08	1.32896e+08	1.45096e+08	1.16387e+08	1.20922e+08	1.15514e+08	1.50239e+08	1.48427e+08	1.16814e+08	1.50035e+08	1.31876e+08	1.26464e+08	1.04015e+08	1.31296e+08	1.11843e+08	1.17759e+08	1.48453e+08	1.48662e+08	1.19046e+08	1.11625e+08	1.1963e+08	1.13491e+08	1.49567e+08	1.13522e+08	1.45874e+08	1.0809e+08	1.45126e+08	1.25358e+08
ERR636749	2.33081e+08	2.31278e+08	2.13151e+08	3.6141e+08	2.47522e+08	2.42984e+08	2.49231e+08	2.69304e+08	2.68724e+08	2.84422e+08	2.9101e+08	2.86712e+08	2.18401e+08	2.20949e+08	2.1372e+08	2.15095e+08	2.12401e+08	2.03173e+08	1.55668e+08	1.86497e+08	1.46477e+08	1.44835e+08	1.57547e+08	1.60911e+08	2.02587e+08	2.33514e+08	2.49821e+08	2.00277e+08	2.02832e+08	1.84164e+08	2.12047e+08	1.63449e+08	2.59748e+08	2.44294e+08	2.18778e+08	2.09562e+08	2.88481e+08	2.85469e+08	2.71167e+08	2.71882e+08	2.65184e+08	2.76271e+08	2.45034e+08	2.45146e+08	2.46851e+08	2.05059e+08	2.09261e+08	2.0437e+08	1.25737e+08	1.80808e+08	1.79894e+08	1.29904e+08	1.33796e+08	1.70411e+08	2.55881e+08	2.33113e+08	2.43941e+08	2.69027e+08	2.19846e+08	2.55397e+08	2.19917e+08	2.46112e+08	2.33465e+08	2.53132e+08	2.46093e+08	2.06729e+08	1.67112e+08	1.70195e+08	1.58825e+08	1.52911e+08	1.6681e+08	1.32458e+08	1.38786e+08	1.32375e+08	1.72437e+08	1.70209e+08	1.33967e+08	1.72139e+08	1.52123e+08	1.46072e+08	1.20104e+08	1.51687e+08	1.29085e+08	1.35917e+08	1.71332e+08	1.71633e+08	1.37372e+08	1.28807e+08	1.38124e+08	1.31092e+08	1.72253e+08	1.30706e+08	1.68011e+08	1.24312e+08	1.67116e+08	1.44226e+08
ERR636750	2.3647e+08	2.34629e+08	2.16227e+08	2.47522e+08	3.70307e+08	2.46461e+08	2.52688e+08	2.72976e+08	2.72568e+08	2.886e+08	2.95224e+08	2.90917e+08	2.21551e+08	2.24065e+08	2.16642e+08	2.1828e+08	2.15427e+08	2.06073e+08	1.58272e+08	1.8945e+08	1.48849e+08	1.47174e+08	1.60028e+08	1.63507e+08	2.05456e+08	2.37003e+08	2.53483e+08	2.03074e+08	2.05776e+08	1.86774e+08	2.15288e+08	1.66024e+08	2.63682e+08	2.48061e+08	2.22067e+08	2.12817e+08	2.92511e+08	2.89592e+08	2.74955e+08	2.75824e+08	2.68918e+08	2.80103e+08	2.4879e+08	2.48992e+08	2.50683e+08	2.08117e+08	2.12491e+08	2.0756e+08	1.27749e+08	1.83984e+08	1.82982e+08	1.32127e+08	1.35952e+08	1.73116e+08	2.59671e+08	2.3654e+08	2.47532e+08	2.73079e+08	2.23198e+08	2.59165e+08	2.2302e+08	2.49493e+08	2.36657e+08	2.56796e+08	2.49542e+08	2.09687e+08	1.70757e+08	1.72999e+08	1.62285e+08	1.55257e+08	1.69608e+08	1.35371e+08	1.40729e+08	1.34392e+08	1.74846e+08	1.72673e+08	1.35823e+08	1.74617e+08	1.54634e+08	1.4857e+08	1.22206e+08	1.54159e+08	1.31274e+08	1.38268e+08	1.74406e+08	1.74609e+08	1.39723e+08	1.31012e+08	1.40519e+08	1.33269e+08	1.75421e+08	1.33112e+08	1.71061e+08	1.26575e+08	1.70219e+08	1.46913e+08
ERR636748	2.32221e+08	2.30339e+08	2.12163e+08	2.42984e+08	2.46461e+08	3.58482e+08	2.479e+08	2.67878e+08	2.67431e+08	2.82962e+08	2.89485e+08	2.85311e+08	2.17446e+08	2.20055e+08	2.12679e+08	2.14152e+08	2.1142e+08	2.02282e+08	1.54884e+08	1.85461e+08	1.45624e+08	1.44046e+08	1.56692e+08	1.59957e+08	2.01714e+08	2.32544e+08	2.48713e+08	1.99263e+08	2.01943e+08	1.83395e+08	2.11109e+08	1.62811e+08	2.5859e+08	2.43244e+08	2.17748e+08	2.08577e+08	2.87018e+08	2.83943e+08	2.69868e+08	2.70673e+08	2.63989e+08	2.7489e+08	2.44055e+08	2.44398e+08	2.4595e+08	2.04407e+08	2.08564e+08	2.03555e+08	1.25103e+08	1.79942e+08	1.78988e+08	1.29227e+08	1.33059e+08	1.69516e+08	2.54779e+08	2.32129e+08	2.42833e+08	2.67858e+08	2.19025e+08	2.54211e+08	2.1911e+08	2.4493e+08	2.32565e+08	2.52176e+08	2.45081e+08	2.05845e+08	1.66446e+08	1.69378e+08	1.58095e+08	1.52038e+08	1.66176e+08	1.31945e+08	1.38155e+08	1.31938e+08	1.71584e+08	1.69518e+08	1.33294e+08	1.71485e+08	1.51371e+08	1.45192e+08	1.19522e+08	1.50924e+08	1.28436e+08	1.35197e+08	1.70314e+08	1.70646e+08	1.36573e+08	1.28132e+08	1.37303e+08	1.30394e+08	1.7154e+08	1.30045e+08	1.67208e+08	1.23729e+08	1.66417e+08	1.43533e+08
ERR636787	2.38781e+08	2.36662e+08	2.18227e+08	2.49231e+08	2.52688e+08	2.479e+08	4.22624e+08	3.16682e+08	3.16273e+08	3.33619e+08	3.41382e+08	3.36362e+08	2.41205e+08	2.43782e+08	2.35808e+08	2.37606e+08	2.3447e+08	2.24583e+08	1.66936e+08	2.00021e+08	1.56958e+08	1.55255e+08	1.68889e+08	1.7252e+08	2.28363e+08	2.63027e+08	2.81374e+08	2.25877e+08	2.28566e+08	2.07959e+08	2.3369e+08	1.80857e+08	2.86379e+08	2.69353e+08	2.40814e+08	2.30597e+08	3.11803e+08	3.08691e+08	2.93001e+08	2.93984e+08	2.86707e+08	2.98418e+08	2.64301e+08	2.64674e+08	2.66156e+08	2.21544e+08	2.25969e+08	2.20538e+08	1.34738e+08	1.94127e+08	1.9308e+08	1.39253e+08	1.43414e+08	1.82672e+08	2.81978e+08	2.56433e+08	2.68252e+08	2.96441e+08	2.42083e+08	2.81204e+08	2.49479e+08	2.78509e+08	2.64174e+08	2.8678e+08	2.78393e+08	2.34312e+08	1.81435e+08	1.82584e+08	1.72248e+08	1.63801e+08	1.78815e+08	1.43516e+08	1.47562e+08	1.40808e+08	1.8364e+08	1.81213e+08	1.42476e+08	1.83289e+08	1.64069e+08	1.57331e+08	1.29271e+08	1.6347e+08	1.39078e+08	1.46425e+08	1.83272e+08	1.83532e+08	1.46731e+08	1.37511e+08	1.4761e+08	1.39885e+08	1.85459e+08	1.40352e+08	1.80689e+08	1.3353e+08	1.80072e+08	1.55082e+08
ERR636789	2.5776e+08	2.55651e+08	2.355e+08	2.69304e+08	2.72976e+08	2.67878e+08	3.16682e+08	4.84354e+08	3.4192e+08	3.61314e+08	3.69523e+08	3.63936e+08	2.60034e+08	2.63198e+08	2.54292e+08	2.56354e+08	2.53031e+08	2.42008e+08	1.82639e+08	2.18993e+08	1.7188e+08	1.69855e+08	1.84849e+08	1.88779e+08	2.46802e+08	2.84282e+08	3.04232e+08	2.43981e+08	2.46876e+08	2.24606e+08	2.53159e+08	1.95522e+08	3.10434e+08	2.91896e+08	2.60896e+08	2.49854e+08	3.37457e+08	3.33884e+08	3.16798e+08	3.17809e+08	3.09924e+08	3.22884e+08	2.87034e+08	2.87506e+08	2.89125e+08	2.40416e+08	2.45144e+08	2.39255e+08	1.47412e+08	2.12485e+08	2.1139e+08	1.52434e+08	1.56882e+08	2.00091e+08	3.06752e+08	2.78952e+08	2.91959e+08	3.2249e+08	2.63163e+08	3.0585e+08	2.7002e+08	3.01735e+08	2.86194e+08	3.10655e+08	3.01925e+08	2.5356e+08	1.96207e+08	1.98906e+08	1.8638e+08	1.78496e+08	1.95047e+08	1.55281e+08	1.60421e+08	1.53091e+08	1.99606e+08	1.9688e+08	1.54871e+08	1.99143e+08	1.79442e+08	1.72048e+08	1.41482e+08	1.78713e+08	1.51949e+08	1.60049e+08	2.004e+08	2.00743e+08	1.6063e+08	1.50464e+08	1.61319e+08	1.53171e+08	2.0262e+08	1.53241e+08	1.97494e+08	1.45666e+08	1.96658e+08	1.69281e+08
ERR636788	2.57735e+08	2.55108e+08	2.35116e+08	2.68724e+08	2.72568e+08	2.67431e+08	3.16273e+08	3.4192e+08	4.83481e+08	3.6048e+08	3.68886e+08	3.63147e+08	2.6005e+08	2.624e+08	2.53977e+08	2.56067e+08	2.52727e+08	2.4178e+08	1.82474e+08	2.18673e+08	1.71612e+08	1.69615e+08	1.84491e+08	1.88326e+08	2.46583e+08	2.8376e+08	3.0419e+08	2.43723e+08	2.46574e+08	2.24379e+08	2.52628e+08	1.9537e+08	3.10515e+08	2.91946e+08	2.60322e+08	2.49448e+08	3.36396e+08	3.33412e+08	3.16143e+08	3.17192e+08	3.09271e+08	3.22289e+08	2.86357e+08	2.86714e+08	2.88292e+08	2.40097e+08	2.44723e+08	2.38897e+08	1.47383e+08	2.12255e+08	2.11031e+08	1.52144e+08	1.56679e+08	1.9939e+08	3.05655e+08	2.77783e+08	2.90406e+08	3.21342e+08	2.62283e+08	3.04571e+08	2.69015e+08	3.00736e+08	2.84832e+08	3.09592e+08	3.00606e+08	2.5276e+08	2.01071e+08	1.9922e+08	1.90944e+08	1.7866e+08	1.95122e+08	1.58972e+08	1.60121e+08	1.52856e+08	1.99243e+08	1.96634e+08	1.54409e+08	1.98845e+08	1.79772e+08	1.72214e+08	1.41502e+08	1.79006e+08	1.52379e+08	1.60542e+08	2.0054e+08	2.0095e+08	1.60668e+08	1.50425e+08	1.61489e+08	1.52515e+08	2.03417e+08	1.54071e+08	1.98178e+08	1.46797e+08	1.97519e+08	1.70201e+08
ERR636790	2.72283e+08	2.69984e+08	2.48479e+08	2.84422e+08	2.886e+08	2.82962e+08	3.33619e+08	3.61314e+08	3.6048e+08	5.33299e+08	3.92204e+08	3.85913e+08	2.74639e+08	2.77803e+08	2.68557e+08	2.70683e+08	2.67002e+08	2.55311e+08	1.94081e+08	2.32627e+08	1.82587e+08	1.80391e+08	1.96421e+08	2.00566e+08	2.60523e+08	3.00294e+08	3.21485e+08	2.57536e+08	2.60677e+08	2.37156e+08	2.67582e+08	2.06611e+08	3.28252e+08	3.08613e+08	2.75709e+08	2.64e+08	3.56874e+08	3.53056e+08	3.34838e+08	3.35992e+08	3.27626e+08	3.41293e+08	3.03686e+08	3.04007e+08	3.05688e+08	2.54036e+08	2.59282e+08	2.53009e+08	1.5658e+08	2.25796e+08	2.24568e+08	1.61992e+08	1.66844e+08	2.12685e+08	3.24291e+08	2.95002e+08	3.08793e+08	3.41128e+08	2.78185e+08	3.23682e+08	2.85275e+08	3.19009e+08	3.02709e+08	3.2845e+08	3.19117e+08	2.67984e+08	2.08433e+08	2.10933e+08	1.97911e+08	1.89306e+08	2.0692e+08	1.6484e+08	1.69624e+08	1.61829e+08	2.10985e+08	2.08228e+08	1.63775e+08	2.10588e+08	1.90565e+08	1.82887e+08	1.50232e+08	1.89844e+08	1.61589e+08	1.70188e+08	2.12852e+08	2.1318e+08	1.70563e+08	1.59789e+08	1.71379e+08	1.62654e+08	2.15021e+08	1.62713e+08	2.09688e+08	1.54688e+08	2.08642e+08	1.79792e+08
ERR636792	2.78451e+08	2.76121e+08	2.54035e+08	2.9101e+08	2.95224e+08	2.89485e+08	3.41382e+08	3.69523e+08	3.68886e+08	3.92204e+08	5.55888e+08	3.95181e+08	2.80655e+08	2.83982e+08	2.74513e+08	2.76708e+08	2.72956e+08	2.6111e+08	1.99205e+08	2.38968e+08	1.87431e+08	1.85216e+08	2.01736e+08	2.06084e+08	2.66626e+08	3.07227e+08	3.29237e+08	2.63604e+08	2.66745e+08	2.42466e+08	2.73905e+08	2.11436e+08	3.36089e+08	3.1601e+08	2.82284e+08	2.70564e+08	3.65303e+08	3.61471e+08	3.42902e+08	3.44018e+08	3.35505e+08	3.49557e+08	3.10979e+08	3.11259e+08	3.13115e+08	2.60286e+08	2.65396e+08	2.59039e+08	1.60894e+08	2.31935e+08	2.30616e+08	1.66321e+08	1.71293e+08	2.18317e+08	3.32108e+08	3.01889e+08	3.16172e+08	3.49406e+08	2.84918e+08	3.31438e+08	2.91833e+08	3.2653e+08	3.0961e+08	3.36171e+08	3.26419e+08	2.74116e+08	2.14222e+08	2.16395e+08	2.03367e+08	1.94171e+08	2.12073e+08	1.69409e+08	1.73643e+08	1.65632e+08	2.1603e+08	2.13101e+08	1.67476e+08	2.15546e+08	1.95722e+08	1.87788e+08	1.54347e+08	1.95024e+08	1.65793e+08	1.74701e+08	2.18686e+08	2.19193e+08	1.75037e+08	1.64131e+08	1.76061e+08	1.67055e+08	2.20944e+08	1.67121e+08	2.15274e+08	1.58872e+08	2.14367e+08	1.84622e+08
ERR636791	2.743e+08	2.7221e+08	2.50498e+08	2.86712e+08	2.90917e+08	2.85311e+08	3.36362e+08	3.63936e+08	3.63147e+08	3.85913e+08	3.95181e+08	5.4048e+08	2.7643e+08	2.79808e+08	2.70463e+08	2.72604e+08	2.68889e+08	2.57204e+08	1.95706e+08	2.34643e+08	1.84203e+08	1.81963e+08	1.98183e+08	2.02367e+08	2.6252e+08	3.02729e+08	3.24171e+08	2.59639e+08	2.62613e+08	2.38804e+08	2.69961e+08	2.08415e+08	3.31122e+08	3.11059e+08	2.78354e+08	2.66518e+08	3.59653e+08	3.55792e+08	3.37603e+08	3.38655e+08	3.30193e+08	3.44046e+08	3.06124e+08	3.06523e+08	3.08304e+08	2.56302e+08	2.61306e+08	2.55199e+08	1.58005e+08	2.27763e+08	2.2657e+08	1.63334e+08	1.68245e+08	2.14396e+08	3.26984e+08	2.97175e+08	3.11231e+08	3.43704e+08	2.80469e+08	3.26097e+08	2.87425e+08	3.21432e+08	3.05018e+08	3.30882e+08	3.21511e+08	2.69886e+08	2.09725e+08	2.12592e+08	1.9926e+08	1.90719e+08	2.08529e+08	1.65966e+08	1.70897e+08	1.63054e+08	2.12579e+08	2.09832e+08	1.65006e+08	2.12214e+08	1.92159e+08	1.84402e+08	1.51532e+08	1.91542e+08	1.62867e+08	1.71497e+08	2.14875e+08	2.15274e+08	1.71918e+08	1.61184e+08	1.72827e+08	1.64035e+08	2.16883e+08	1.64089e+08	2.11346e+08	1.55843e+08	2.10462e+08	1.81291e+08
ERR607730	2.09776e+08	2.07802e+08	1.91839e+08	2.18401e+08	2.21551e+08	2.17446e+08	2.41205e+08	2.60034e+08	2.6005e+08	2.74639e+08	2.80655e+08	2.7643e+08	3.48397e+08	2.38557e+08	2.30417e+08	2.32146e+08	2.28892e+08	2.19808e+08	1.49304e+08	1.78783e+08	1.40548e+08	1.38871e+08	1.51118e+08	1.54172e+08	1.95207e+08	2.24601e+08	2.40103e+08	1.92961e+08	1.95197e+08	1.77964e+08	2.06947e+08	1.59757e+08	2.53461e+08	2.38298e+08	2.13362e+08	2.04322e+08	2.74463e+08	2.72046e+08	2.58746e+08	2.59442e+08	2.53048e+08	2.63123e+08	2.40356e+08	2.40522e+08	2.41979e+08	2.01413e+08	2.05446e+08	2.00691e+08	1.2184e+08	1.75103e+08	1.7417e+08	1.25895e+08	1.29518e+08	1.64532e+08	2.55819e+08	2.33131e+08	2.43993e+08	2.68693e+08	2.20421e+08	2.55327e+08	2.17296e+08	2.42466e+08	2.30267e+08	2.49285e+08	2.42501e+08	2.04193e+08	1.62758e+08	1.64498e+08	1.54556e+08	1.47554e+08	1.61279e+08	1.29099e+08	1.35039e+08	1.28885e+08	1.67741e+08	1.65629e+08	1.30428e+08	1.67321e+08	1.45799e+08	1.39778e+08	1.14909e+08	1.45166e+08	1.23773e+08	1.30087e+08	1.6499e+08	1.65198e+08	1.32373e+08	1.23998e+08	1.33023e+08	1.26e+08	1.65774e+08	1.26057e+08	1.61621e+08	1.20075e+08	1.61024e+08	1.39065e+08
ERR607731	2.11927e+08	2.10157e+08	1.93872e+08	2.20949e+08	2.24065e+08	2.20055e+08	2.43782e+08	2.63198e+08	2.624e+08	2.77803e+08	2.83982e+08	2.79808e+08	2.38557e+08	3.54118e+08	2.32872e+08	2.3458e+08	2.3137e+08	2.22119e+08	1.5067e+08	1.80409e+08	1.41767e+08	1.40143e+08	1.52504e+08	1.55781e+08	1.96944e+08	2.26878e+08	2.42083e+08	1.9478e+08	1.97067e+08	1.79595e+08	2.08823e+08	1.61e+08	2.55166e+08	2.40181e+08	2.15282e+08	2.06287e+08	2.77826e+08	2.75001e+08	2.61583e+08	2.62435e+08	2.56138e+08	2.66192e+08	2.42819e+08	2.42978e+08	2.44499e+08	2.03253e+08	2.07362e+08	2.02485e+08	1.22942e+08	1.76511e+08	1.75685e+08	1.27069e+08	1.30783e+08	1.66344e+08	2.58618e+08	2.35841e+08	2.46941e+08	2.71674e+08	2.22874e+08	2.58226e+08	2.20357e+08	2.45844e+08	2.33677e+08	2.52617e+08	2.45803e+08	2.06918e+08	1.59594e+08	1.65585e+08	1.51639e+08	1.48691e+08	1.62499e+08	1.26725e+08	1.36475e+08	1.30266e+08	1.69546e+08	1.67303e+08	1.3179e+08	1.69058e+08	1.4654e+08	1.40705e+08	1.15711e+08	1.45982e+08	1.24208e+08	1.30795e+08	1.66127e+08	1.66316e+08	1.3332e+08	1.25151e+08	1.33894e+08	1.27495e+08	1.66295e+08	1.26227e+08	1.62109e+08	1.20008e+08	1.6133e+08	1.39198e+08
ERR607733	2.05078e+08	2.03404e+08	1.8756e+08	2.1372e+08	2.16642e+08	2.12679e+08	2.35808e+08	2.54292e+08	2.53977e+08	2.68557e+08	2.74513e+08	2.70463e+08	2.30417e+08	2.32872e+08	3.35061e+08	2.28262e+08	2.25183e+08	2.14463e+08	1.45208e+08	1.73748e+08	1.36516e+08	1.34935e+08	1.46831e+08	1.49896e+08	1.90679e+08	2.19429e+08	2.34223e+08	1.88444e+08	1.90721e+08	1.73779e+08	2.02103e+08	1.56225e+08	2.47234e+08	2.32718e+08	2.08518e+08	1.99733e+08	2.68352e+08	2.65903e+08	2.53087e+08	2.53979e+08	2.47624e+08	2.57484e+08	2.34376e+08	2.34462e+08	2.35854e+08	1.96377e+08	2.00272e+08	1.9551e+08	1.18328e+08	1.69942e+08	1.69151e+08	1.22216e+08	1.25909e+08	1.59959e+08	2.49788e+08	2.27835e+08	2.38355e+08	2.62405e+08	2.15374e+08	2.49402e+08	2.12737e+08	2.37256e+08	2.25478e+08	2.43817e+08	2.37263e+08	1.99816e+08	1.56924e+08	1.59788e+08	1.49119e+08	1.43421e+08	1.56628e+08	1.24524e+08	1.3145e+08	1.25562e+08	1.63331e+08	1.61281e+08	1.26907e+08	1.63023e+08	1.41448e+08	1.35734e+08	1.11602e+08	1.4093e+08	1.19968e+08	1.26349e+08	1.60317e+08	1.60598e+08	1.28558e+08	1.20497e+08	1.29203e+08	1.22565e+08	1.60769e+08	1.22173e+08	1.56722e+08	1.16212e+08	1.56065e+08	1.34729e+08
ERR607734	2.06469e+08	2.04706e+08	1.88856e+08	2.15095e+08	2.1828e+08	2.14152e+08	2.37606e+08	2.56354e+08	2.56067e+08	2.70683e+08	2.76708e+08	2.72604e+08	2.32146e+08	2.3458e+08	2.28262e+08	3.3986e+08	2.26873e+08	2.16204e+08	1.46619e+08	1.75489e+08	1.37837e+08	1.36304e+08	1.48274e+08	1.51469e+08	1.9221e+08	2.21193e+08	2.36253e+08	1.89927e+08	1.92245e+08	1.7523e+08	2.03683e+08	1.57279e+08	2.4948e+08	2.34608e+08	2.10115e+08	2.01227e+08	2.70641e+08	2.6813e+08	2.55098e+08	2.56001e+08	2.49523e+08	2.59554e+08	2.36566e+08	2.36736e+08	2.38203e+08	1.9825e+08	2.02116e+08	1.97472e+08	1.19548e+08	1.71818e+08	1.70835e+08	1.23557e+08	1.27074e+08	1.61694e+08	2.51803e+08	2.29662e+08	2.40119e+08	2.64593e+08	2.17078e+08	2.51433e+08	2.14599e+08	2.39353e+08	2.27254e+08	2.46124e+08	2.39326e+08	2.01559e+08	1.59007e+08	1.61493e+08	1.51039e+08	1.44994e+08	1.5842e+08	1.26181e+08	1.32637e+08	1.26682e+08	1.64782e+08	1.6264e+08	1.2804e+08	1.64497e+08	1.42928e+08	1.37136e+08	1.12836e+08	1.42427e+08	1.21279e+08	1.27676e+08	1.61925e+08	1.62181e+08	1.29871e+08	1.21816e+08	1.30591e+08	1.23893e+08	1.62737e+08	1.23507e+08	1.58465e+08	1.17545e+08	1.5785e+08	1.36277e+08
ERR607732	2.0383e+08	2.02183e+08	1.86515e+08	2.12401e+08	2.15427e+08	2.1142e+08	2.3447e+08	2.53031e+08	2.52727e+08	2.67002e+08	2.72956e+08	2.68889e+08	2.28892e+08	2.3137e+08	2.25183e+08	2.26873e+08	3.31641e+08	2.13179e+08	1.44337e+08	1.72785e+08	1.35853e+08	1.34203e+08	1.45997e+08	1.49073e+08	1.89492e+08	2.1825e+08	2.32963e+08	1.87263e+08	1.89651e+08	1.72822e+08	2.00606e+08	1.54933e+08	2.45526e+08	2.3093e+08	2.0686e+08	1.98214e+08	2.67023e+08	2.64484e+08	2.51722e+08	2.52509e+08	2.46231e+08	2.56112e+08	2.32931e+08	2.3301e+08	2.34418e+08	1.95171e+08	1.99017e+08	1.94378e+08	1.17688e+08	1.69143e+08	1.68214e+08	1.21629e+08	1.25298e+08	1.59221e+08	2.47878e+08	2.26097e+08	2.36567e+08	2.60395e+08	2.13741e+08	2.47552e+08	2.11702e+08	2.36129e+08	2.24514e+08	2.42618e+08	2.36178e+08	1.98856e+08	1.55494e+08	1.58999e+08	1.47662e+08	1.4263e+08	1.55942e+08	1.23415e+08	1.30846e+08	1.24832e+08	1.62381e+08	1.6052e+08	1.26272e+08	1.62112e+08	1.40478e+08	1.34926e+08	1.11037e+08	1.40112e+08	1.1921e+08	1.25561e+08	1.59318e+08	1.59467e+08	1.27718e+08	1.19809e+08	1.28282e+08	1.21901e+08	1.5978e+08	1.21376e+08	1.55758e+08	1.15521e+08	1.55066e+08	1.33948e+08
ERR607729	1.94997e+08	1.93505e+08	1.78557e+08	2.03173e+08	2.06073e+08	2.02282e+08	2.24583e+08	2.42008e+08	2.4178e+08	2.55311e+08	2.6111e+08	2.57204e+08	2.19808e+08	2.22119e+08	2.14463e+08	2.16204e+08	2.13179e+08	3.0751e+08	1.37169e+08	1.6416e+08	1.29062e+08	1.27497e+08	1.38812e+08	1.41786e+08	1.81508e+08	2.0879e+08	2.22914e+08	1.79407e+08	1.81492e+08	1.65479e+08	1.91703e+08	1.48077e+08	2.34231e+08	2.20423e+08	1.97601e+08	1.89394e+08	2.55209e+08	2.52751e+08	2.40569e+08	2.41327e+08	2.35669e+08	2.4472e+08	2.22607e+08	2.22773e+08	2.24129e+08	1.86596e+08	1.90238e+08	1.85822e+08	1.11992e+08	1.60721e+08	1.59845e+08	1.15704e+08	1.19041e+08	1.51335e+08	2.3678e+08	2.15923e+08	2.25989e+08	2.48653e+08	2.04171e+08	2.36235e+08	2.02469e+08	2.25736e+08	2.14763e+08	2.32092e+08	2.25723e+08	1.90316e+08	1.47186e+08	1.51373e+08	1.39869e+08	1.35827e+08	1.48466e+08	1.16812e+08	1.25057e+08	1.19329e+08	1.55164e+08	1.53305e+08	1.2074e+08	1.54866e+08	1.33514e+08	1.28262e+08	1.05471e+08	1.33067e+08	1.13344e+08	1.19352e+08	1.51348e+08	1.51661e+08	1.21413e+08	1.14043e+08	1.2213e+08	1.16042e+08	1.51777e+08	1.15284e+08	1.47879e+08	1.0959e+08	1.47273e+08	1.2709e+08
ERR607606	1.49036e+08	1.47533e+08	1.34592e+08	1.55668e+08	1.58272e+08	1.54884e+08	1.66936e+08	1.82639e+08	1.82474e+08	1.94081e+08	1.99205e+08	1.95706e+08	1.49304e+08	1.5067e+08	1.45208e+08	1.46619e+08	1.44337e+08	1.37169e+08	4.35103e+08	3.62278e+08	2.88576e+08	2.85479e+08	3.08701e+08	3.14626e+08	1.4105e+08	1.6297e+08	1.76532e+08	1.39232e+08	1.40754e+08	1.27609e+08	1.63409e+08	1.25584e+08	2.04899e+08	1.91652e+08	1.68582e+08	1.61468e+08	1.94704e+08	1.92175e+08	1.80505e+08	1.81332e+08	1.76026e+08	1.84494e+08	2.21631e+08	2.2171e+08	2.23281e+08	1.85034e+08	1.88083e+08	1.84052e+08	2.13987e+08	3.04474e+08	3.02958e+08	2.20489e+08	2.26812e+08	2.86101e+08	2.31584e+08	2.09914e+08	2.19235e+08	2.45138e+08	1.97452e+08	2.30859e+08	1.56729e+08	1.76098e+08	1.6648e+08	1.82593e+08	1.75859e+08	1.46865e+08	2.94883e+08	2.79472e+08	2.80846e+08	2.52102e+08	2.73958e+08	2.35825e+08	1.96666e+08	1.88903e+08	2.42904e+08	2.39476e+08	1.89904e+08	2.42872e+08	2.74678e+08	2.64062e+08	2.18951e+08	2.74535e+08	2.34522e+08	2.46595e+08	2.91544e+08	2.92671e+08	2.3641e+08	2.2149e+08	2.37439e+08	2.24551e+08	2.94099e+08	2.26626e+08	2.87014e+08	2.17117e+08	2.85724e+08	2.49302e+08
ERR607603	1.78266e+08	1.76632e+08	1.61174e+08	1.86497e+08	1.8945e+08	1.85461e+08	2.00021e+08	2.18993e+08	2.18673e+08	2.32627e+08	2.38968e+08	2.34643e+08	1.78783e+08	1.80409e+08	1.73748e+08	1.75489e+08	1.72785e+08	1.6416e+08	3.62278e+08	5.87378e+08	3.40945e+08	3.37152e+08	3.66841e+08	3.74147e+08	1.68669e+08	1.95179e+08	2.11048e+08	1.66565e+08	1.68357e+08	1.5268e+08	1.95617e+08	1.50241e+08	2.44931e+08	2.2931e+08	2.01761e+08	1.9325e+08	2.333e+08	2.30182e+08	2.16374e+08	2.17215e+08	2.10934e+08	2.209e+08	2.64583e+08	2.64958e+08	2.66789e+08	2.2056e+08	2.24407e+08	2.19528e+08	2.53753e+08	3.62118e+08	3.60147e+08	2.61585e+08	2.69154e+08	3.40058e+08	2.77204e+08	2.51315e+08	2.6256e+08	2.93719e+08	2.36303e+08	2.76578e+08	1.88157e+08	2.11188e+08	1.99776e+08	2.19138e+08	2.1102e+08	1.7617e+08	3.47098e+08	3.31609e+08	3.30617e+08	2.99045e+08	3.25392e+08	2.77324e+08	2.3301e+08	2.23781e+08	2.88298e+08	2.84236e+08	2.2504e+08	2.88142e+08	3.2485e+08	3.12207e+08	2.58356e+08	3.24514e+08	2.76852e+08	2.91271e+08	3.4605e+08	3.4721e+08	2.7977e+08	2.62233e+08	2.81285e+08	2.6628e+08	3.47529e+08	2.6718e+08	3.39147e+08	2.55629e+08	3.37598e+08	2.94015e+08
ERR607607	1.40111e+08	1.38757e+08	1.26668e+08	1.46477e+08	1.48849e+08	1.45624e+08	1.56958e+08	1.7188e+08	1.71612e+08	1.82587e+08	1.87431e+08	1.84203e+08	1.40548e+08	1.41767e+08	1.36516e+08	1.37837e+08	1.35853e+08	1.29062e+08	2.88576e+08	3.40945e+08	3.92461e+08	2.68807e+08	2.90712e+08	2.96346e+08	1.32605e+08	1.53409e+08	1.65967e+08	1.30904e+08	1.32444e+08	1.2014e+08	1.53669e+08	1.18047e+08	1.92514e+08	1.80059e+08	1.58594e+08	1.5187e+08	1.83134e+08	1.80826e+08	1.69862e+08	1.70677e+08	1.65619e+08	1.73599e+08	2.08609e+08	2.0882e+08	2.10317e+08	1.74196e+08	1.77151e+08	1.73224e+08	2.0162e+08	2.86781e+08	2.85429e+08	2.07836e+08	2.13787e+08	2.69576e+08	2.17575e+08	1.97339e+08	2.0615e+08	2.30407e+08	1.85639e+08	2.17137e+08	1.47579e+08	1.6562e+08	1.56551e+08	1.719e+08	1.6551e+08	1.38123e+08	2.76544e+08	2.62866e+08	2.63448e+08	2.37271e+08	2.57902e+08	2.21328e+08	1.85343e+08	1.78249e+08	2.28908e+08	2.25494e+08	1.79084e+08	2.28847e+08	2.58557e+08	2.48515e+08	2.06267e+08	2.58367e+08	2.20816e+08	2.32301e+08	2.74492e+08	2.7548e+08	2.22528e+08	2.08657e+08	2.236e+08	2.11605e+08	2.76564e+08	2.13146e+08	2.69785e+08	2.04184e+08	2.68492e+08	2.34314e+08
ERR607608	1.3858e+08	1.3717e+08	1.25261e+08	1.44835e+08	1.47174e+08	1.44046e+08	1.55255e+08	1.69855e+08	1.69615e+08	1.80391e+08	1.85216e+08	1.81963e+08	1.38871e+08	1.40143e+08	1.34935e+08	1.36304e+08	1.34203e+08	1.27497e+08	2.85479e+08	3.37152e+08	2.68807e+08	3.85118e+08	2.8746e+08	2.93127e+08	1.31126e+08	1.5163e+08	1.64082e+08	1.29459e+08	1.30822e+08	1.18723e+08	1.51957e+08	1.16848e+08	1.90443e+08	1.78133e+08	1.56796e+08	1.50197e+08	1.80942e+08	1.78708e+08	1.67782e+08	1.68748e+08	1.63757e+08	1.71658e+08	2.0629e+08	2.06495e+08	2.07913e+08	1.72215e+08	1.75155e+08	1.7141e+08	1.99337e+08	2.8341e+08	2.82177e+08	2.05441e+08	2.11315e+08	2.66543e+08	2.15042e+08	1.94956e+08	2.03506e+08	2.27753e+08	1.83438e+08	2.1455e+08	1.45706e+08	1.63661e+08	1.54657e+08	1.6972e+08	1.6341e+08	1.36469e+08	2.749e+08	2.60049e+08	2.61919e+08	2.34813e+08	2.55199e+08	2.20055e+08	1.83399e+08	1.76191e+08	2.26375e+08	2.23156e+08	1.77111e+08	2.26408e+08	2.56008e+08	2.45872e+08	2.04063e+08	2.5557e+08	2.18528e+08	2.29828e+08	2.71543e+08	2.72402e+08	2.20073e+08	2.06325e+08	2.21089e+08	2.09218e+08	2.7412e+08	2.11394e+08	2.67443e+08	2.02524e+08	2.66246e+08	2.32351e+08
ERR607605	1.50591e+08	1.49205e+08	1.36189e+08	1.57547e+08	1.60028e+08	1.56692e+08	1.68889e+08	1.84849e+08	1.84491e+08	1.96421e+08	2.01736e+08	1.98183e+08	1.51118e+08	1.52504e+08	1.46831e+08	1.48274e+08	1.45997e+08	1.38812e+08	3.08701e+08	3.66841e+08	2.90712e+08	2.8746e+08	4.45447e+08	3.18783e+08	1.4257e+08	1.64908e+08	1.78342e+08	1.40729e+08	1.42247e+08	1.29047e+08	1.65067e+08	1.26831e+08	2.06723e+08	1.9345e+08	1.70375e+08	1.63251e+08	1.97027e+08	1.94493e+08	1.82733e+08	1.83408e+08	1.78307e+08	1.86806e+08	2.23913e+08	2.24112e+08	2.25751e+08	1.86832e+08	1.90006e+08	1.8574e+08	2.16238e+08	3.07938e+08	3.06591e+08	2.23e+08	2.29371e+08	2.89449e+08	2.34386e+08	2.12537e+08	2.22043e+08	2.48206e+08	1.99864e+08	2.33834e+08	1.58916e+08	1.78427e+08	1.68772e+08	1.85049e+08	1.78187e+08	1.48808e+08	2.95565e+08	2.82575e+08	2.81673e+08	2.55068e+08	2.77304e+08	2.3633e+08	1.98495e+08	1.90582e+08	2.45158e+08	2.41647e+08	1.91683e+08	2.45043e+08	2.77196e+08	2.66625e+08	2.20999e+08	2.76887e+08	2.36632e+08	2.48877e+08	2.94439e+08	2.95351e+08	2.38349e+08	2.23566e+08	2.39617e+08	2.26947e+08	2.96162e+08	2.28044e+08	2.8904e+08	2.18468e+08	2.87746e+08	2.5075e+08
ERR607604	1.53803e+08	1.52508e+08	1.39097e+08	1.60911e+08	1.63507e+08	1.59957e+08	1.7252e+08	1.88779e+08	1.88326e+08	2.00566e+08	2.06084e+08	2.02367e+08	1.54172e+08	1.55781e+08	1.49896e+08	1.51469e+08	1.49073e+08	1.41786e+08	3.14626e+08	3.74147e+08	2.96346e+08	2.93127e+08	3.18783e+08	4.58579e+08	1.45389e+08	1.68324e+08	1.81824e+08	1.43473e+08	1.45156e+08	1.3171e+08	1.68626e+08	1.29417e+08	2.10923e+08	1.974e+08	1.74042e+08	1.66759e+08	2.01241e+08	1.98503e+08	1.86577e+08	1.87358e+08	1.82124e+08	1.90673e+08	2.28961e+08	2.29166e+08	2.30835e+08	1.90739e+08	1.94163e+08	1.89795e+08	2.20584e+08	3.14137e+08	3.12582e+08	2.27593e+08	2.33869e+08	2.95638e+08	2.39066e+08	2.1692e+08	2.26749e+08	2.53085e+08	2.03837e+08	2.38573e+08	1.62585e+08	1.82505e+08	1.72674e+08	1.8924e+08	1.82359e+08	1.52168e+08	2.96459e+08	2.87282e+08	2.82365e+08	2.5917e+08	2.82035e+08	2.37163e+08	2.02534e+08	1.94424e+08	2.5009e+08	2.46491e+08	1.95598e+08	2.49965e+08	2.81897e+08	2.71243e+08	2.24737e+08	2.81519e+08	2.4053e+08	2.52934e+08	2.99985e+08	3.01062e+08	2.4293e+08	2.27982e+08	2.44152e+08	2.31876e+08	3.01219e+08	2.31642e+08	2.93926e+08	2.21633e+08	2.92657e+08	2.54796e+08
ERR612580	1.9467e+08	1.92627e+08	1.77586e+08	2.02587e+08	2.05456e+08	2.01714e+08	2.28363e+08	2.46802e+08	2.46583e+08	2.60523e+08	2.66626e+08	2.6252e+08	1.95207e+08	1.96944e+08	1.90679e+08	1.9221e+08	1.89492e+08	1.81508e+08	1.4105e+08	1.68669e+08	1.32605e+08	1.31126e+08	1.4257e+08	1.45389e+08	3.19571e+08	2.40077e+08	2.5706e+08	2.07875e+08	2.10534e+08	1.90884e+08	1.97707e+08	1.54322e+08	2.42214e+08	2.27976e+08	2.03606e+08	1.95238e+08	2.52242e+08	2.49862e+08	2.36943e+08	2.37706e+08	2.31827e+08	2.41437e+08	2.27786e+08	2.2811e+08	2.29355e+08	1.92188e+08	1.95868e+08	1.91303e+08	1.14116e+08	1.64119e+08	1.63321e+08	1.17723e+08	1.21352e+08	1.53972e+08	2.30659e+08	2.09744e+08	2.1907e+08	2.42672e+08	1.97786e+08	2.29917e+08	2.00609e+08	2.23863e+08	2.12198e+08	2.30638e+08	2.24062e+08	1.88494e+08	1.6139e+08	1.53579e+08	1.53424e+08	1.37661e+08	1.50543e+08	1.28045e+08	1.23587e+08	1.1804e+08	1.53627e+08	1.51713e+08	1.19217e+08	1.53287e+08	1.39383e+08	1.33376e+08	1.09914e+08	1.38719e+08	1.1822e+08	1.24491e+08	1.55973e+08	1.56184e+08	1.25154e+08	1.17145e+08	1.25969e+08	1.18901e+08	1.58621e+08	1.20573e+08	1.54421e+08	1.15008e+08	1.54155e+08	1.33108e+08
ERR612579	2.24247e+08	2.22064e+08	2.04559e+08	2.33514e+08	2.37003e+08	2.32544e+08	2.63027e+08	2.84282e+08	2.8376e+08	3.00294e+08	3.07227e+08	3.02729e+08	2.24601e+08	2.26878e+08	2.19429e+08	2.21193e+08	2.1825e+08	2.0879e+08	1.6297e+08	1.95179e+08	1.53409e+08	1.5163e+08	1.64908e+08	1.68324e+08	2.40077e+08	4.03057e+08	2.96658e+08	2.37174e+08	2.40372e+08	2.19609e+08	2.28478e+08	1.77774e+08	2.79497e+08	2.63078e+08	2.35276e+08	2.25654e+08	2.90718e+08	2.87638e+08	2.72844e+08	2.73606e+08	2.66969e+08	2.78011e+08	2.63627e+08	2.64024e+08	2.65256e+08	2.21801e+08	2.26229e+08	2.20954e+08	1.31913e+08	1.89651e+08	1.88742e+08	1.36259e+08	1.40269e+08	1.78349e+08	2.66803e+08	2.42663e+08	2.53825e+08	2.80653e+08	2.2896e+08	2.65916e+08	2.32151e+08	2.58993e+08	2.45791e+08	2.66924e+08	2.59109e+08	2.17972e+08	1.80592e+08	1.77141e+08	1.71622e+08	1.5893e+08	1.73794e+08	1.43371e+08	1.43322e+08	1.36801e+08	1.78123e+08	1.75665e+08	1.38387e+08	1.77735e+08	1.6037e+08	1.53778e+08	1.2658e+08	1.59669e+08	1.35995e+08	1.43191e+08	1.79858e+08	1.80084e+08	1.44335e+08	1.35275e+08	1.4507e+08	1.37649e+08	1.82056e+08	1.38214e+08	1.77424e+08	1.31403e+08	1.7675e+08	1.52553e+08
ERR612577	2.40245e+08	2.3748e+08	2.18821e+08	2.49821e+08	2.53483e+08	2.48713e+08	2.81374e+08	3.04232e+08	3.0419e+08	3.21485e+08	3.29237e+08	3.24171e+08	2.40103e+08	2.42083e+08	2.34223e+08	2.36253e+08	2.32963e+08	2.22914e+08	1.76532e+08	2.11048e+08	1.65967e+08	1.64082e+08	1.78342e+08	1.81824e+08	2.5706e+08	2.96658e+08	4.55744e+08	2.54005e+08	2.57457e+08	2.34933e+08	2.44622e+08	1.90722e+08	3.00319e+08	2.82472e+08	2.52057e+08	2.41583e+08	3.1118e+08	3.0845e+08	2.92155e+08	2.92994e+08	2.85636e+08	2.97575e+08	2.82809e+08	2.8322e+08	2.84803e+08	2.38355e+08	2.42981e+08	2.37459e+08	1.42722e+08	2.05595e+08	2.0432e+08	1.47371e+08	1.51803e+08	1.92429e+08	2.86286e+08	2.60224e+08	2.71876e+08	3.01232e+08	2.45575e+08	2.85527e+08	2.47731e+08	2.77006e+08	2.62048e+08	2.85383e+08	2.76879e+08	2.32886e+08	2.03084e+08	1.91953e+08	1.92928e+08	1.7217e+08	1.87943e+08	1.60855e+08	1.53824e+08	1.47037e+08	1.91399e+08	1.88929e+08	1.48378e+08	1.9118e+08	1.74543e+08	1.66945e+08	1.37653e+08	1.73876e+08	1.48169e+08	1.5606e+08	1.95319e+08	1.95459e+08	1.56578e+08	1.4635e+08	1.57397e+08	1.48313e+08	1.98708e+08	1.50986e+08	1.93477e+08	1.44021e+08	1.92943e+08	1.66752e+08
ERR612582	1.92417e+08	1.90371e+08	1.75521e+08	2.00277e+08	2.03074e+08	1.99263e+08	2.25877e+08	2.43981e+08	2.43723e+08	2.57536e+08	2.63604e+08	2.59639e+08	1.92961e+08	1.9478e+08	1.88444e+08	1.89927e+08	1.87263e+08	1.79407e+08	1.39232e+08	1.66565e+08	1.30904e+08	1.29459e+08	1.40729e+08	1.43473e+08	2.07875e+08	2.37174e+08	2.54005e+08	3.13294e+08	2.07981e+08	1.88629e+08	1.95324e+08	1.52538e+08	2.39189e+08	2.25161e+08	2.01165e+08	1.92932e+08	2.49207e+08	2.46842e+08	2.34105e+08	2.3481e+08	2.28979e+08	2.38544e+08	2.2486e+08	2.25073e+08	2.26345e+08	1.89748e+08	1.93237e+08	1.88803e+08	1.12629e+08	1.61986e+08	1.61153e+08	1.16227e+08	1.19761e+08	1.51865e+08	2.27661e+08	2.07003e+08	2.16312e+08	2.39463e+08	1.95373e+08	2.27002e+08	1.98013e+08	2.2109e+08	2.09375e+08	2.27714e+08	2.21098e+08	1.86082e+08	1.59633e+08	1.51517e+08	1.51675e+08	1.35868e+08	1.4848e+08	1.26596e+08	1.22016e+08	1.16376e+08	1.51636e+08	1.49669e+08	1.17591e+08	1.51354e+08	1.37458e+08	1.31506e+08	1.08546e+08	1.36947e+08	1.16645e+08	1.22896e+08	1.53962e+08	1.54073e+08	1.23568e+08	1.15642e+08	1.24235e+08	1.17282e+08	1.56605e+08	1.19049e+08	1.52524e+08	1.13566e+08	1.52071e+08	1.31458e+08
ERR612581	1.94792e+08	1.92865e+08	1.77799e+08	2.02832e+08	2.05776e+08	2.01943e+08	2.28566e+08	2.46876e+08	2.46574e+08	2.60677e+08	2.66745e+08	2.62613e+08	1.95197e+08	1.97067e+08	1.90721e+08	1.92245e+08	1.89651e+08	1.81492e+08	1.40754e+08	1.68357e+08	1.32444e+08	1.30822e+08	1.42247e+08	1.45156e+08	2.10534e+08	2.40372e+08	2.57457e+08	2.07981e+08	3.19539e+08	1.91037e+08	1.98024e+08	1.54584e+08	2.42474e+08	2.28378e+08	2.04089e+08	1.9572e+08	2.52187e+08	2.49804e+08	2.36951e+08	2.37686e+08	2.3176e+08	2.41391e+08	2.27937e+08	2.28248e+08	2.29638e+08	1.92363e+08	1.95985e+08	1.91535e+08	1.13912e+08	1.63803e+08	1.62944e+08	1.17612e+08	1.21066e+08	1.53736e+08	2.30713e+08	2.09829e+08	2.19213e+08	2.42652e+08	1.97931e+08	2.30028e+08	2.0076e+08	2.24042e+08	2.12345e+08	2.30872e+08	2.24064e+08	1.88614e+08	1.60196e+08	1.53292e+08	1.52326e+08	1.37542e+08	1.50247e+08	1.27324e+08	1.23512e+08	1.17915e+08	1.53524e+08	1.51557e+08	1.19103e+08	1.53229e+08	1.38914e+08	1.3299e+08	1.09648e+08	1.38428e+08	1.17897e+08	1.24207e+08	1.55769e+08	1.55853e+08	1.24955e+08	1.16923e+08	1.25606e+08	1.18729e+08	1.58235e+08	1.20245e+08	1.54007e+08	1.14581e+08	1.53688e+08	1.32596e+08
ERR612578	1.76892e+08	1.7514e+08	1.61483e+08	1.84164e+08	1.86774e+08	1.83395e+08	2.07959e+08	2.24606e+08	2.24379e+08	2.37156e+08	2.42466e+08	2.38804e+08	1.77964e+08	1.79595e+08	1.73779e+08	1.7523e+08	1.72822e+08	1.65479e+08	1.27609e+08	1.5268e+08	1.2014e+08	1.18723e+08	1.29047e+08	1.3171e+08	1.90884e+08	2.19609e+08	2.34933e+08	1.88629e+08	1.91037e+08	2.7364e+08	1.80033e+08	1.4068e+08	2.20135e+08	2.07204e+08	1.85456e+08	1.77795e+08	2.29437e+08	2.27086e+08	2.15491e+08	2.15999e+08	2.10813e+08	2.19426e+08	2.07552e+08	2.07837e+08	2.0901e+08	1.75107e+08	1.78334e+08	1.74476e+08	1.03357e+08	1.48562e+08	1.47822e+08	1.06759e+08	1.09935e+08	1.39451e+08	2.0975e+08	1.90745e+08	1.99366e+08	2.20529e+08	1.7994e+08	2.09033e+08	1.82427e+08	2.03619e+08	1.93016e+08	2.09734e+08	2.03623e+08	1.71412e+08	1.43694e+08	1.38995e+08	1.36591e+08	1.24758e+08	1.363e+08	1.14151e+08	1.12393e+08	1.07213e+08	1.39649e+08	1.37796e+08	1.08434e+08	1.39245e+08	1.2577e+08	1.20453e+08	9.93889e+07	1.2529e+08	1.06771e+08	1.12463e+08	1.40983e+08	1.41172e+08	1.1317e+08	1.06083e+08	1.13847e+08	1.07778e+08	1.43009e+08	1.08739e+08	1.39362e+08	1.03549e+08	1.38986e+08	1.19984e+08
ERR622581	2.03716e+08	2.01645e+08	1.85886e+08	2.12047e+08	2.15288e+08	2.11109e+08	2.3369e+08	2.53159e+08	2.52628e+08	2.67582e+08	2.73905e+08	2.69961e+08	2.06947e+08	2.08823e+08	2.02103e+08	2.03683e+08	2.00606e+08	1.91703e+08	1.63409e+08	1.95617e+08	1.53669e+08	1.51957e+08	1.65067e+08	1.68626e+08	1.97707e+08	2.28478e+08	2.44622e+08	1.95324e+08	1.98024e+08	1.80033e+08	3.91358e+08	2.12148e+08	3.26392e+08	3.08205e+08	2.78445e+08	2.67403e+08	2.57979e+08	2.55394e+08	2.41662e+08	2.42681e+08	2.36205e+08	2.46396e+08	2.72841e+08	2.73078e+08	2.74719e+08	2.31755e+08	2.35745e+08	2.31123e+08	1.32687e+08	1.90877e+08	1.89844e+08	1.36978e+08	1.41111e+08	1.79623e+08	2.67333e+08	2.43759e+08	2.54502e+08	2.81193e+08	2.301e+08	2.66768e+08	2.06915e+08	2.31776e+08	2.19475e+08	2.38782e+08	2.31745e+08	1.94378e+08	1.79365e+08	1.77807e+08	1.70453e+08	1.59509e+08	1.74027e+08	1.42015e+08	1.38865e+08	1.32685e+08	1.72497e+08	1.70132e+08	1.34018e+08	1.72094e+08	1.60369e+08	1.53749e+08	1.26447e+08	1.59832e+08	1.35841e+08	1.43007e+08	1.81285e+08	1.81567e+08	1.45322e+08	1.36092e+08	1.45953e+08	1.38359e+08	1.82818e+08	1.38467e+08	1.78144e+08	1.31666e+08	1.77422e+08	1.53008e+08
ERR622579	1.57342e+08	1.5559e+08	1.43595e+08	1.63449e+08	1.66024e+08	1.62811e+08	1.80857e+08	1.95522e+08	1.9537e+08	2.06611e+08	2.11436e+08	2.08415e+08	1.59757e+08	1.61e+08	1.56225e+08	1.57279e+08	1.54933e+08	1.48077e+08	1.25584e+08	1.50241e+08	1.18047e+08	1.16848e+08	1.26831e+08	1.29417e+08	1.54322e+08	1.77774e+08	1.90722e+08	1.52538e+08	1.54584e+08	1.4068e+08	2.12148e+08	2.62253e+08	2.56608e+08	2.42691e+08	2.1821e+08	2.09736e+08	1.98492e+08	1.96871e+08	1.86208e+08	1.8698e+08	1.81985e+08	1.89805e+08	2.13453e+08	2.13734e+08	2.14956e+08	1.82478e+08	1.85494e+08	1.81912e+08	1.02142e+08	1.46699e+08	1.45969e+08	1.05362e+08	1.08474e+08	1.37763e+08	2.05534e+08	1.87172e+08	1.94977e+08	2.15848e+08	1.76717e+08	2.04739e+08	1.58623e+08	1.77593e+08	1.67895e+08	1.82981e+08	1.77495e+08	1.4907e+08	1.42046e+08	1.37103e+08	1.35065e+08	1.23058e+08	1.34155e+08	1.12553e+08	1.0669e+08	1.0196e+08	1.32607e+08	1.30831e+08	1.02876e+08	1.32354e+08	1.23905e+08	1.18468e+08	9.7586e+07	1.2333e+08	1.04889e+08	1.10401e+08	1.39803e+08	1.39924e+08	1.12003e+08	1.04657e+08	1.12518e+08	1.0601e+08	1.41434e+08	1.0736e+08	1.37809e+08	1.02255e+08	1.37283e+08	1.18619e+08
ERR622577	2.50042e+08	2.47024e+08	2.27486e+08	2.59748e+08	2.63682e+08	2.5859e+08	2.86379e+08	3.10434e+08	3.10515e+08	3.28252e+08	3.36089e+08	3.31122e+08	2.53461e+08	2.55166e+08	2.47234e+08	2.4948e+08	2.45526e+08	2.34231e+08	2.04899e+08	2.44931e+08	1.92514e+08	1.90443e+08	2.06723e+08	2.10923e+08	2.42214e+08	2.79497e+08	3.00319e+08	2.39189e+08	2.42474e+08	2.20135e+08	3.26392e+08	2.56608e+08	5.51901e+08	3.76945e+08	3.36325e+08	3.22528e+08	3.16778e+08	3.14216e+08	2.97032e+08	2.98176e+08	2.89887e+08	3.0279e+08	3.32559e+08	3.32814e+08	3.34835e+08	2.82056e+08	2.86958e+08	2.81089e+08	1.66103e+08	2.39152e+08	2.37873e+08	1.71443e+08	1.76565e+08	2.24298e+08	3.30087e+08	3.00287e+08	3.12958e+08	3.47343e+08	2.83633e+08	3.29009e+08	2.53576e+08	2.84447e+08	2.68359e+08	2.9349e+08	2.8417e+08	2.38155e+08	2.33599e+08	2.23467e+08	2.22012e+08	2.00331e+08	2.18453e+08	1.84638e+08	1.73166e+08	1.65662e+08	2.15254e+08	2.12409e+08	1.66886e+08	2.14835e+08	2.02203e+08	1.93193e+08	1.59025e+08	2.01268e+08	1.71084e+08	1.802e+08	2.27876e+08	2.28359e+08	1.82673e+08	1.70584e+08	1.83359e+08	1.72609e+08	2.31091e+08	1.75149e+08	2.25115e+08	1.66922e+08	2.2422e+08	1.93782e+08
