	ERR613505	ERR613504	ERR613503	ERR613507	ERR613506	ERR613508	ERR626432	ERR626431	ERR626433	ERR626430	ERR626429	ERR626434	ERR637109	ERR637110	ERR637106	ERR637108	ERR637107	ERR637105	ERR618517	ERR618518	ERR618514	ERR618515	ERR618513	ERR618516	ERR617367	ERR617369	ERR617371	ERR617368	ERR617372	ERR617370	ERR613041	ERR613042	ERR613046	ERR613045	ERR613043	ERR613044	ERR606000	ERR606004	ERR606003	ERR606005	ERR606001	ERR606002	ERR636897	ERR636895	ERR636900	ERR636898	ERR636896	ERR636899	ERR608823	ERR608825	ERR608828	ERR608826	ERR608827	ERR608824	ERR607377	ERR607376	ERR607378	ERR607375	ERR607373	ERR607374	ERR605600	ERR605599	ERR605602	ERR605603	ERR605604	ERR605601	ERR622008	ERR622003	ERR622004	ERR622005	ERR622007	ERR622006	ERR616758	ERR616757	ERR616755	ERR616754	ERR616759	ERR616756	ERR630533	ERR630535	ERR630534	ERR630537	ERR630536	ERR630532	ERR631676	ERR631677	ERR631678	ERR631675	ERR631674	ERR631673	ERR614947	ERR614946	ERR614948	ERR614945	ERR614944	ERR614943
ERR613505	8.10151e+09	7.86702e+09	7.89076e+09	7.03019e+09	7.11957e+09	7.01051e+09	7.39276e+09	6.66115e+09	7.32228e+09	6.74259e+09	7.22247e+09	7.41109e+09	7.89654e+09	7.96969e+09	7.81196e+09	7.8583e+09	7.78107e+09	7.53254e+09	6.42508e+09	6.47751e+09	5.84691e+09	6.25927e+09	6.67059e+09	6.29601e+09	6.89646e+09	6.90711e+09	7.65072e+09	6.89428e+09	7.7013e+09	7.68838e+09	7.57117e+09	7.14131e+09	4.86226e+09	4.97083e+09	7.13733e+09	4.73527e+09	6.09561e+09	6.40389e+09	6.52319e+09	6.34493e+09	7.64729e+09	7.73034e+09	6.45417e+09	6.04157e+09	6.83619e+09	6.69769e+09	6.42128e+09	6.75616e+09	4.70634e+09	6.68456e+09	6.38127e+09	6.38844e+09	6.36574e+09	6.37605e+09	7.64826e+09	7.66483e+09	7.64592e+09	7.93227e+09	6.07906e+09	7.64212e+09	7.4494e+09	7.72796e+09	7.30406e+09	7.38505e+09	7.29352e+09	7.1437e+09	6.47959e+09	7.27166e+09	6.90155e+09	6.86167e+09	6.55419e+09	6.84627e+09	6.69559e+09	6.71611e+09	6.39332e+09	6.28321e+09	6.76119e+09	6.00663e+09	6.25214e+09	5.90313e+09	6.80592e+09	5.96092e+09	5.99581e+09	6.54785e+09	7.32436e+09	7.36619e+09	7.25603e+09	7.56298e+09	6.94154e+09	7.25719e+09	7.09693e+09	7.13527e+09	7.21895e+09	6.1772e+09	6.34788e+09	6.21536e+09
ERR613504	7.86702e+09	8.13338e+09	7.90663e+09	7.04398e+09	7.13394e+09	7.02345e+09	7.41046e+09	6.67689e+09	7.34e+09	6.75823e+09	7.2389e+09	7.42898e+09	7.91601e+09	7.98956e+09	7.8313e+09	7.87726e+09	7.79994e+09	7.55104e+09	6.43867e+09	6.49106e+09	5.85848e+09	6.27242e+09	6.68471e+09	6.30897e+09	6.91067e+09	6.92174e+09	7.66759e+09	6.90862e+09	7.71802e+09	7.70518e+09	7.58792e+09	7.15613e+09	4.87099e+09	4.97976e+09	7.15299e+09	4.74384e+09	6.1074e+09	6.41556e+09	6.53512e+09	6.35675e+09	7.66393e+09	7.74641e+09	6.46921e+09	6.05544e+09	6.85293e+09	6.7138e+09	6.43672e+09	6.77268e+09	4.71324e+09	6.69554e+09	6.39215e+09	6.39905e+09	6.3767e+09	6.38683e+09	7.66263e+09	7.67919e+09	7.66001e+09	7.9477e+09	6.0891e+09	7.65653e+09	7.46168e+09	7.74098e+09	7.31691e+09	7.39765e+09	7.30564e+09	7.15583e+09	6.49066e+09	7.28421e+09	6.91361e+09	6.87336e+09	6.56534e+09	6.85818e+09	6.70613e+09	6.72672e+09	6.40431e+09	6.29401e+09	6.77166e+09	6.01673e+09	6.26301e+09	5.91264e+09	6.81815e+09	5.97057e+09	6.00583e+09	6.55877e+09	7.33776e+09	7.37954e+09	7.26931e+09	7.57767e+09	6.95413e+09	7.27054e+09	7.10906e+09	7.14816e+09	7.23161e+09	6.18738e+09	6.3581e+09	6.22549e+09
ERR613503	7.89076e+09	7.90663e+09	8.18316e+09	7.06343e+09	7.15346e+09	7.0435e+09	7.42986e+09	6.69304e+09	7.35948e+09	6.77492e+09	7.25884e+09	7.44877e+09	7.93947e+09	8.01276e+09	7.85395e+09	7.90058e+09	7.82288e+09	7.57199e+09	6.45508e+09	6.50721e+09	5.87261e+09	6.28842e+09	6.70183e+09	6.32479e+09	6.92979e+09	6.94032e+09	7.68946e+09	6.92758e+09	7.74013e+09	7.72699e+09	7.60903e+09	7.17574e+09	4.88247e+09	4.9915e+09	7.17227e+09	4.75517e+09	6.1228e+09	6.43185e+09	6.55112e+09	6.37237e+09	7.6852e+09	7.76888e+09	6.48427e+09	6.06924e+09	6.86943e+09	6.73002e+09	6.45102e+09	6.78915e+09	4.72514e+09	6.71394e+09	6.40944e+09	6.41575e+09	6.39446e+09	6.40421e+09	7.68403e+09	7.70063e+09	7.68206e+09	7.97003e+09	6.10521e+09	7.67849e+09	7.48384e+09	7.76445e+09	7.33787e+09	7.41959e+09	7.32705e+09	7.17675e+09	6.50675e+09	7.30388e+09	6.93181e+09	6.89148e+09	6.5819e+09	6.87559e+09	6.72516e+09	6.74535e+09	6.42094e+09	6.3102e+09	6.79087e+09	6.03206e+09	6.27995e+09	5.9286e+09	6.83755e+09	5.98669e+09	6.02191e+09	6.57679e+09	7.35789e+09	7.40048e+09	7.29019e+09	7.59919e+09	6.97206e+09	7.29058e+09	7.12952e+09	7.16854e+09	7.25264e+09	6.20462e+09	6.37621e+09	6.24256e+09
ERR613507	7.03019e+09	7.04398e+09	7.06343e+09	6.56088e+09	6.42469e+09	6.3319e+09	6.65183e+09	6.02196e+09	6.59075e+09	6.09193e+09	6.50559e+09	6.66654e+09	7.05707e+09	7.11923e+09	6.98965e+09	7.02427e+09	6.95931e+09	6.74984e+09	5.81653e+09	5.86103e+09	5.30569e+09	5.668e+09	6.02421e+09	5.70383e+09	6.21131e+09	6.22703e+09	6.86544e+09	6.21698e+09	6.90891e+09	6.8967e+09	6.79756e+09	6.42894e+09	4.44014e+09	4.53852e+09	6.42597e+09	4.32963e+09	5.53884e+09	5.81345e+09	5.91809e+09	5.76281e+09	6.87923e+09	6.94975e+09	5.83547e+09	5.4783e+09	6.16202e+09	6.04328e+09	5.81107e+09	6.0934e+09	4.28534e+09	6.02859e+09	5.76514e+09	5.77126e+09	5.75184e+09	5.75926e+09	6.85779e+09	6.87221e+09	6.8552e+09	7.10119e+09	5.49631e+09	6.851e+09	6.68367e+09	6.92182e+09	6.56248e+09	6.63088e+09	6.55296e+09	6.42346e+09	5.86443e+09	6.54286e+09	6.22598e+09	6.19268e+09	5.92889e+09	6.18023e+09	6.03299e+09	6.05094e+09	5.77721e+09	5.68162e+09	6.0908e+09	5.44353e+09	5.65364e+09	5.34643e+09	6.1294e+09	5.39761e+09	5.42668e+09	5.90577e+09	6.57233e+09	6.60778e+09	6.51515e+09	6.77927e+09	6.25269e+09	6.51826e+09	6.37391e+09	6.40727e+09	6.4793e+09	5.58338e+09	5.7281e+09	5.61314e+09
ERR613506	7.11957e+09	7.13394e+09	7.15346e+09	6.42469e+09	6.71577e+09	6.40603e+09	6.72857e+09	6.08824e+09	6.6671e+09	6.15943e+09	6.58035e+09	6.74394e+09	7.14777e+09	7.21203e+09	7.07935e+09	7.11506e+09	7.04874e+09	6.8359e+09	5.88124e+09	5.92665e+09	5.3638e+09	5.73071e+09	6.09336e+09	5.76707e+09	6.28295e+09	6.2978e+09	6.94741e+09	6.28748e+09	6.99129e+09	6.97926e+09	6.88231e+09	6.50804e+09	4.48747e+09	4.58701e+09	6.50493e+09	4.3744e+09	5.59831e+09	5.87631e+09	5.9822e+09	5.82505e+09	6.96147e+09	7.03297e+09	5.90327e+09	5.54027e+09	6.23672e+09	6.11591e+09	5.87732e+09	6.16643e+09	4.32903e+09	6.09634e+09	5.82907e+09	5.83553e+09	5.81565e+09	5.82283e+09	6.9413e+09	6.95571e+09	6.93869e+09	7.18862e+09	5.55826e+09	6.93435e+09	6.76532e+09	7.00839e+09	6.64138e+09	6.71102e+09	6.63225e+09	6.50036e+09	5.93159e+09	6.62182e+09	6.30001e+09	6.26567e+09	5.99765e+09	6.25338e+09	6.10242e+09	6.12117e+09	5.84217e+09	5.7448e+09	6.16157e+09	5.50259e+09	5.71304e+09	5.4017e+09	6.19688e+09	5.45454e+09	5.48374e+09	5.96979e+09	6.65582e+09	6.69161e+09	6.59777e+09	6.86559e+09	6.32954e+09	6.59988e+09	6.44898e+09	6.48259e+09	6.55603e+09	5.64539e+09	5.79222e+09	5.67589e+09
ERR613508	7.01051e+09	7.02345e+09	7.0435e+09	6.3319e+09	6.40603e+09	6.52577e+09	6.63061e+09	6.0041e+09	6.57117e+09	6.07386e+09	6.48625e+09	6.64616e+09	7.03663e+09	7.09875e+09	6.96906e+09	7.00384e+09	6.93923e+09	6.73099e+09	5.80017e+09	5.84425e+09	5.29248e+09	5.65228e+09	6.00771e+09	5.68819e+09	6.19229e+09	6.20765e+09	6.84337e+09	6.19688e+09	6.88606e+09	6.87422e+09	6.7776e+09	6.41162e+09	4.4302e+09	4.52843e+09	6.40829e+09	4.31914e+09	5.52421e+09	5.7967e+09	5.90131e+09	5.74681e+09	6.85807e+09	6.92845e+09	5.81927e+09	5.46334e+09	6.14487e+09	6.02665e+09	5.79436e+09	6.07644e+09	4.27399e+09	6.00975e+09	5.74789e+09	5.75376e+09	5.73526e+09	5.74208e+09	6.83681e+09	6.85088e+09	6.8343e+09	7.07845e+09	5.48173e+09	6.82966e+09	6.66427e+09	6.90105e+09	6.54285e+09	6.61121e+09	6.53362e+09	6.4038e+09	5.84756e+09	6.52381e+09	6.20851e+09	6.17444e+09	5.91251e+09	6.16269e+09	6.01538e+09	6.03348e+09	5.75952e+09	5.66429e+09	6.07331e+09	5.42735e+09	5.63491e+09	5.3291e+09	6.1082e+09	5.38041e+09	5.4097e+09	5.88633e+09	6.55422e+09	6.58976e+09	6.49749e+09	6.75954e+09	6.2352e+09	6.49995e+09	6.35463e+09	6.38741e+09	6.4593e+09	5.56744e+09	5.71086e+09	5.596e+09
ERR626432	7.39276e+09	7.41046e+09	7.42986e+09	6.65183e+09	6.72857e+09	6.63061e+09	8.05099e+09	7.01357e+09	7.72017e+09	7.09024e+09	7.61379e+09	7.81151e+09	7.76037e+09	7.84754e+09	7.69001e+09	7.7202e+09	7.63567e+09	7.36684e+09	6.38927e+09	6.43967e+09	5.76932e+09	6.19149e+09	6.6006e+09	6.26034e+09	6.91152e+09	6.96365e+09	7.72745e+09	6.95187e+09	7.7749e+09	7.76242e+09	7.28968e+09	6.8368e+09	4.64708e+09	4.75783e+09	6.83529e+09	4.53585e+09	5.91937e+09	6.29771e+09	6.42442e+09	6.24177e+09	7.53755e+09	7.62357e+09	6.34556e+09	5.94988e+09	6.70966e+09	6.57311e+09	6.33322e+09	6.62925e+09	4.53808e+09	6.54921e+09	6.23765e+09	6.2468e+09	6.22163e+09	6.22604e+09	7.45834e+09	7.47642e+09	7.45831e+09	7.74816e+09	5.84663e+09	7.44437e+09	7.10228e+09	7.37655e+09	6.96958e+09	7.04586e+09	6.95756e+09	6.79872e+09	6.13728e+09	6.90922e+09	6.53827e+09	6.50424e+09	6.21045e+09	6.49943e+09	6.47788e+09	6.5046e+09	6.19933e+09	6.08732e+09	6.54633e+09	5.83104e+09	6.21032e+09	5.82229e+09	6.762e+09	5.89086e+09	5.9158e+09	6.49258e+09	6.91341e+09	6.95503e+09	6.84466e+09	7.17781e+09	6.56104e+09	6.85796e+09	6.91417e+09	6.95339e+09	7.03471e+09	6.01264e+09	6.16506e+09	6.03231e+09
ERR626431	6.66115e+09	6.67689e+09	6.69304e+09	6.02196e+09	6.08824e+09	6.0041e+09	7.01357e+09	6.56748e+09	6.94737e+09	6.4171e+09	6.85894e+09	7.02442e+09	6.98087e+09	7.05433e+09	6.91831e+09	6.94616e+09	6.87456e+09	6.64479e+09	5.79854e+09	5.84249e+09	5.25947e+09	5.629e+09	5.98258e+09	5.68746e+09	6.25045e+09	6.29282e+09	6.94224e+09	6.28239e+09	6.98338e+09	6.97286e+09	6.57124e+09	6.18198e+09	4.25764e+09	4.35628e+09	6.18158e+09	4.15862e+09	5.38035e+09	5.70731e+09	5.81653e+09	5.65801e+09	6.77228e+09	6.84544e+09	5.76103e+09	5.41531e+09	6.07702e+09	5.95829e+09	5.74971e+09	6.00677e+09	4.15735e+09	5.92639e+09	5.65738e+09	5.66497e+09	5.64366e+09	5.64799e+09	6.70866e+09	6.72444e+09	6.70932e+09	6.95502e+09	5.31997e+09	6.6979e+09	6.40552e+09	6.63983e+09	6.29107e+09	6.35702e+09	6.28028e+09	6.14329e+09	5.55879e+09	6.22818e+09	5.90823e+09	5.87921e+09	5.62252e+09	5.87344e+09	5.86584e+09	5.88908e+09	5.62283e+09	5.52576e+09	5.92526e+09	5.301e+09	5.63052e+09	5.29512e+09	6.10656e+09	5.35487e+09	5.37734e+09	5.87598e+09	6.23959e+09	6.27555e+09	6.18045e+09	6.46646e+09	5.93237e+09	6.19089e+09	6.24312e+09	6.27688e+09	6.34689e+09	5.46205e+09	5.59508e+09	5.47895e+09
ERR626433	7.32228e+09	7.34e+09	7.35948e+09	6.59075e+09	6.6671e+09	6.57117e+09	7.72017e+09	6.94737e+09	7.89008e+09	7.02262e+09	7.53736e+09	7.73226e+09	7.68588e+09	7.77107e+09	7.61505e+09	7.64584e+09	7.56317e+09	7.29809e+09	6.33056e+09	6.37966e+09	5.71971e+09	6.13583e+09	6.53955e+09	6.20356e+09	6.84579e+09	6.89597e+09	7.64647e+09	6.88403e+09	7.69388e+09	7.68206e+09	7.22081e+09	6.77519e+09	4.61064e+09	4.72016e+09	6.77406e+09	4.50031e+09	5.86725e+09	6.23911e+09	6.3638e+09	6.18304e+09	7.45922e+09	7.54405e+09	6.29016e+09	5.89933e+09	6.64999e+09	6.51507e+09	6.27743e+09	6.57006e+09	4.50128e+09	6.4868e+09	6.18015e+09	6.18894e+09	6.16493e+09	6.1686e+09	7.38377e+09	7.40085e+09	7.38241e+09	7.66784e+09	5.796e+09	7.36977e+09	7.03419e+09	7.3041e+09	6.90312e+09	6.97851e+09	6.89061e+09	6.73471e+09	6.08064e+09	6.84281e+09	6.47679e+09	6.44316e+09	6.15282e+09	6.43783e+09	6.41712e+09	6.44343e+09	6.14172e+09	6.03184e+09	6.48453e+09	5.77829e+09	6.14952e+09	5.768e+09	6.69346e+09	5.83584e+09	5.86054e+09	6.42809e+09	6.84887e+09	6.88972e+09	6.78162e+09	7.1081e+09	6.50016e+09	6.79389e+09	6.84663e+09	6.88494e+09	6.96556e+09	5.95756e+09	6.10829e+09	5.97746e+09
ERR626430	6.74259e+09	6.75823e+09	6.77492e+09	6.09193e+09	6.15943e+09	6.07386e+09	7.09024e+09	6.4171e+09	7.02262e+09	6.70492e+09	6.93623e+09	7.10121e+09	7.06113e+09	7.1362e+09	6.99852e+09	7.02647e+09	6.95357e+09	6.71933e+09	5.85948e+09	5.90366e+09	5.31453e+09	5.68772e+09	6.0484e+09	5.74657e+09	6.31774e+09	6.36081e+09	7.01925e+09	6.34866e+09	7.06073e+09	7.05028e+09	6.64759e+09	6.25346e+09	4.29819e+09	4.39875e+09	6.25269e+09	4.19724e+09	5.44302e+09	5.77587e+09	5.88586e+09	5.72601e+09	6.85856e+09	6.93228e+09	5.82465e+09	5.47271e+09	6.145e+09	6.02517e+09	5.81328e+09	6.07426e+09	4.19718e+09	5.99312e+09	5.71958e+09	5.72772e+09	5.7063e+09	5.70962e+09	6.79101e+09	6.80604e+09	6.79042e+09	7.04096e+09	5.37651e+09	6.77846e+09	6.48671e+09	6.72467e+09	6.36985e+09	6.4363e+09	6.35819e+09	6.21981e+09	5.62616e+09	6.30706e+09	5.98235e+09	5.95062e+09	5.69138e+09	5.94495e+09	5.93411e+09	5.95728e+09	5.68646e+09	5.58806e+09	5.99494e+09	5.36035e+09	5.69136e+09	5.35089e+09	6.1743e+09	5.41115e+09	5.43364e+09	5.94005e+09	6.31441e+09	6.35146e+09	6.25477e+09	6.54401e+09	6.00326e+09	6.2655e+09	6.31798e+09	6.3516e+09	6.4232e+09	5.52501e+09	5.65923e+09	5.54209e+09
ERR626429	7.22247e+09	7.2389e+09	7.25884e+09	6.50559e+09	6.58035e+09	6.48625e+09	7.61379e+09	6.85894e+09	7.53736e+09	6.93623e+09	7.6863e+09	7.62526e+09	7.57368e+09	7.65747e+09	7.50723e+09	7.53475e+09	7.4542e+09	7.19401e+09	6.24846e+09	6.2968e+09	5.64789e+09	6.05618e+09	6.45452e+09	6.12381e+09	6.75362e+09	6.80416e+09	7.53995e+09	6.79155e+09	7.58636e+09	7.5735e+09	7.11944e+09	6.68196e+09	4.5521e+09	4.66046e+09	6.68015e+09	4.44325e+09	5.79623e+09	6.16723e+09	6.28969e+09	6.11349e+09	7.36546e+09	7.44888e+09	6.20815e+09	5.8236e+09	6.55976e+09	6.42736e+09	6.19746e+09	6.48092e+09	4.44711e+09	6.40643e+09	6.10466e+09	6.11346e+09	6.08931e+09	6.09184e+09	7.28628e+09	7.30324e+09	7.28602e+09	7.56558e+09	5.72159e+09	7.27141e+09	6.94497e+09	7.21004e+09	6.81575e+09	6.88986e+09	6.80323e+09	6.64987e+09	6.00537e+09	6.75547e+09	6.3956e+09	6.36105e+09	6.07677e+09	6.35639e+09	6.33745e+09	6.36311e+09	6.06634e+09	5.95862e+09	6.40399e+09	5.71056e+09	6.07804e+09	5.70012e+09	6.61077e+09	5.76674e+09	5.79031e+09	6.35024e+09	6.75749e+09	6.79744e+09	6.69044e+09	7.01255e+09	6.41572e+09	6.70401e+09	6.75948e+09	6.79731e+09	6.87603e+09	5.88771e+09	6.03389e+09	5.90498e+09
ERR626434	7.41109e+09	7.42898e+09	7.44877e+09	6.66654e+09	6.74394e+09	6.64616e+09	7.81151e+09	7.02442e+09	7.73226e+09	7.10121e+09	7.62526e+09	8.07591e+09	7.78e+09	7.86697e+09	7.70849e+09	7.73995e+09	7.65537e+09	7.3858e+09	6.40142e+09	6.45196e+09	5.78139e+09	6.20445e+09	6.61435e+09	6.27275e+09	6.92533e+09	6.97637e+09	7.74164e+09	6.96492e+09	7.78961e+09	7.77749e+09	7.30808e+09	6.855e+09	4.65838e+09	4.76936e+09	6.85316e+09	4.54641e+09	5.93111e+09	6.30768e+09	6.43431e+09	6.25123e+09	7.55007e+09	7.63632e+09	6.36116e+09	5.96392e+09	6.72606e+09	6.58924e+09	6.34793e+09	6.64542e+09	4.54769e+09	6.56015e+09	6.24878e+09	6.25757e+09	6.23295e+09	6.23736e+09	7.47302e+09	7.49056e+09	7.47192e+09	7.76236e+09	5.85928e+09	7.45878e+09	7.11624e+09	7.3908e+09	6.9833e+09	7.05995e+09	6.97123e+09	6.81186e+09	6.1503e+09	6.92437e+09	6.55254e+09	6.51863e+09	6.22381e+09	6.51284e+09	6.49083e+09	6.5171e+09	6.21114e+09	6.09911e+09	6.55931e+09	5.84137e+09	6.21842e+09	5.83128e+09	6.77115e+09	5.89995e+09	5.92452e+09	6.5019e+09	6.93082e+09	6.97255e+09	6.86224e+09	7.19496e+09	6.57632e+09	6.87498e+09	6.92748e+09	6.96624e+09	7.0481e+09	6.02309e+09	6.1766e+09	6.04303e+09
ERR637109	7.89654e+09	7.91601e+09	7.93947e+09	7.05707e+09	7.14777e+09	7.03663e+09	7.76037e+09	6.98087e+09	7.68588e+09	7.06113e+09	7.57368e+09	7.78e+09	8.67509e+09	8.50944e+09	8.34037e+09	8.39049e+09	8.30286e+09	8.03963e+09	6.66319e+09	6.71874e+09	6.04921e+09	6.48591e+09	6.91612e+09	6.52783e+09	7.15908e+09	7.16923e+09	7.95889e+09	7.16053e+09	8.01154e+09	7.99816e+09	7.82148e+09	7.36484e+09	4.98732e+09	5.1003e+09	7.36083e+09	4.85819e+09	6.2163e+09	6.53294e+09	6.65852e+09	6.47026e+09	7.83379e+09	7.92063e+09	6.81309e+09	6.37072e+09	7.22702e+09	7.07632e+09	6.77806e+09	7.14161e+09	4.69642e+09	6.72929e+09	6.41279e+09	6.42089e+09	6.39667e+09	6.40812e+09	7.73603e+09	7.75406e+09	7.734e+09	8.03896e+09	6.10198e+09	7.73246e+09	7.41524e+09	7.70491e+09	7.26522e+09	7.34892e+09	7.25424e+09	7.09841e+09	6.46564e+09	7.28304e+09	6.89889e+09	6.86011e+09	6.54154e+09	6.84356e+09	6.72344e+09	6.7433e+09	6.41029e+09	6.29648e+09	6.78907e+09	6.00875e+09	6.25885e+09	5.89675e+09	6.83734e+09	5.95683e+09	5.99503e+09	6.56615e+09	7.45033e+09	7.49397e+09	7.37947e+09	7.70305e+09	7.04397e+09	7.37788e+09	7.14271e+09	7.1832e+09	7.2708e+09	6.18065e+09	6.36021e+09	6.2207e+09
ERR637110	7.96969e+09	7.98956e+09	8.01276e+09	7.11923e+09	7.21203e+09	7.09875e+09	7.84754e+09	7.05433e+09	7.77107e+09	7.1362e+09	7.65747e+09	7.86697e+09	8.50944e+09	8.84186e+09	8.41886e+09	8.46992e+09	8.38035e+09	8.11096e+09	6.72602e+09	6.78208e+09	6.10213e+09	6.54463e+09	6.98051e+09	6.5886e+09	7.23278e+09	7.24476e+09	8.04717e+09	7.23571e+09	8.10111e+09	8.08753e+09	7.89253e+09	7.4284e+09	5.02357e+09	5.13793e+09	7.42393e+09	4.89387e+09	6.271e+09	6.59555e+09	6.72302e+09	6.53187e+09	7.91637e+09	8.00471e+09	6.86893e+09	6.42165e+09	7.28798e+09	7.13482e+09	6.83405e+09	7.20113e+09	4.73709e+09	6.79753e+09	6.47599e+09	6.48474e+09	6.45986e+09	6.47112e+09	7.81527e+09	7.8338e+09	7.81367e+09	8.12327e+09	6.15631e+09	7.81166e+09	7.48713e+09	7.78157e+09	7.33574e+09	7.42034e+09	7.32392e+09	7.16557e+09	6.52209e+09	7.3503e+09	6.9608e+09	6.92152e+09	6.59939e+09	6.90509e+09	6.78804e+09	6.80864e+09	6.4715e+09	6.3562e+09	6.85459e+09	6.06509e+09	6.32649e+09	5.95745e+09	6.91361e+09	6.01898e+09	6.05679e+09	6.63731e+09	7.51402e+09	7.55808e+09	7.4417e+09	7.77146e+09	7.10265e+09	7.44072e+09	7.2153e+09	7.2562e+09	7.3448e+09	6.24057e+09	6.42172e+09	6.28051e+09
ERR637106	7.81196e+09	7.8313e+09	7.85395e+09	6.98965e+09	7.07935e+09	6.96906e+09	7.69001e+09	6.91831e+09	7.61505e+09	6.99852e+09	7.50723e+09	7.70849e+09	8.34037e+09	8.41886e+09	8.50295e+09	8.30337e+09	8.2222e+09	7.96666e+09	6.60161e+09	6.65614e+09	5.99025e+09	6.42187e+09	6.8491e+09	6.46747e+09	7.0824e+09	7.09905e+09	7.87897e+09	7.09039e+09	7.93079e+09	7.91688e+09	7.7459e+09	7.29396e+09	4.9421e+09	5.05433e+09	7.28902e+09	4.81574e+09	6.16116e+09	6.48311e+09	6.60874e+09	6.42138e+09	7.76987e+09	7.85567e+09	6.75475e+09	6.31816e+09	7.1618e+09	7.01264e+09	6.72365e+09	7.07663e+09	4.64424e+09	6.66472e+09	6.35043e+09	6.35862e+09	6.33427e+09	6.3438e+09	7.66153e+09	7.67946e+09	7.65909e+09	7.96229e+09	6.03733e+09	7.65649e+09	7.3386e+09	7.62524e+09	7.19143e+09	7.27332e+09	7.18083e+09	7.02565e+09	6.41389e+09	7.22267e+09	6.84163e+09	6.80268e+09	6.48934e+09	6.78832e+09	6.65688e+09	6.67708e+09	6.35037e+09	6.23783e+09	6.72224e+09	5.95536e+09	6.19918e+09	5.83472e+09	6.76863e+09	5.89566e+09	5.93136e+09	6.4991e+09	7.38881e+09	7.43071e+09	7.31795e+09	7.64001e+09	6.99122e+09	7.31849e+09	7.06552e+09	7.10548e+09	7.19161e+09	6.11797e+09	6.2929e+09	6.15426e+09
ERR637108	7.8583e+09	7.87726e+09	7.90058e+09	7.02427e+09	7.11506e+09	7.00384e+09	7.7202e+09	6.94616e+09	7.64584e+09	7.02647e+09	7.53475e+09	7.73995e+09	8.39049e+09	8.46992e+09	8.30337e+09	8.59418e+09	8.26572e+09	8.00515e+09	6.63228e+09	6.68775e+09	6.02227e+09	6.45624e+09	6.88319e+09	6.49753e+09	7.1239e+09	7.13398e+09	7.91735e+09	7.12435e+09	7.96976e+09	7.95653e+09	7.78507e+09	7.33258e+09	4.96779e+09	5.08026e+09	7.32848e+09	4.83966e+09	6.18906e+09	6.50361e+09	6.62799e+09	6.44085e+09	7.79506e+09	7.88111e+09	6.78596e+09	6.3455e+09	7.19782e+09	7.04746e+09	6.75108e+09	7.11274e+09	4.67271e+09	6.69333e+09	6.3789e+09	6.38715e+09	6.3629e+09	6.37419e+09	7.6954e+09	7.71288e+09	7.69332e+09	7.99539e+09	6.07189e+09	7.69158e+09	7.37676e+09	7.66461e+09	7.22817e+09	7.31085e+09	7.21635e+09	7.06212e+09	6.43566e+09	7.24776e+09	6.86606e+09	6.82752e+09	6.51129e+09	6.81115e+09	6.68904e+09	6.70875e+09	6.37757e+09	6.26466e+09	6.75438e+09	5.97868e+09	6.22408e+09	5.86456e+09	6.79875e+09	5.92444e+09	5.96195e+09	6.52941e+09	7.4169e+09	7.4608e+09	7.34677e+09	7.66747e+09	7.0136e+09	7.34491e+09	7.10437e+09	7.14432e+09	7.23112e+09	6.14823e+09	6.32742e+09	6.1887e+09
ERR637107	7.78107e+09	7.79994e+09	7.82288e+09	6.95931e+09	7.04874e+09	6.93923e+09	7.63567e+09	6.87456e+09	7.56317e+09	6.95357e+09	7.4542e+09	7.65537e+09	8.30286e+09	8.38035e+09	8.2222e+09	8.26572e+09	8.4228e+09	7.93088e+09	6.5681e+09	6.6223e+09	5.96678e+09	6.39489e+09	6.8162e+09	6.4356e+09	7.04835e+09	7.05762e+09	7.82798e+09	7.04812e+09	7.87967e+09	7.86653e+09	7.71079e+09	7.26603e+09	4.92871e+09	5.04026e+09	7.26218e+09	4.80176e+09	6.13343e+09	6.44483e+09	6.56695e+09	6.38288e+09	7.71614e+09	7.80045e+09	6.72738e+09	6.29237e+09	7.133e+09	6.98494e+09	6.6922e+09	7.04878e+09	4.63081e+09	6.62711e+09	6.3178e+09	6.32502e+09	6.30137e+09	6.31186e+09	7.61848e+09	7.63586e+09	7.61647e+09	7.91408e+09	6.01656e+09	7.61454e+09	7.30621e+09	7.58965e+09	7.15854e+09	7.24065e+09	7.14771e+09	6.99518e+09	6.38114e+09	7.18286e+09	6.80634e+09	6.76791e+09	6.45582e+09	6.75157e+09	6.62597e+09	6.64569e+09	6.31773e+09	6.20663e+09	6.69084e+09	5.92389e+09	6.15925e+09	5.80479e+09	6.72466e+09	5.86334e+09	5.90083e+09	6.45996e+09	7.35553e+09	7.39792e+09	7.28617e+09	7.6009e+09	6.95803e+09	7.28458e+09	7.03115e+09	7.07072e+09	7.15591e+09	6.08976e+09	6.26497e+09	6.12858e+09
ERR637105	7.53254e+09	7.55104e+09	7.57199e+09	6.74984e+09	6.8359e+09	6.73099e+09	7.36684e+09	6.64479e+09	7.29809e+09	6.71933e+09	7.19401e+09	7.3858e+09	8.03963e+09	8.11096e+09	7.96666e+09	8.00515e+09	7.93088e+09	7.91458e+09	6.36731e+09	6.41968e+09	5.79187e+09	6.20257e+09	6.60629e+09	6.24067e+09	6.81094e+09	6.81857e+09	7.55061e+09	6.81029e+09	7.60038e+09	7.5873e+09	7.4767e+09	7.05479e+09	4.8057e+09	4.91337e+09	7.05106e+09	4.68324e+09	5.95182e+09	6.24458e+09	6.3615e+09	6.18483e+09	7.45626e+09	7.53549e+09	6.54446e+09	6.12679e+09	6.93414e+09	6.7918e+09	6.51057e+09	6.85325e+09	4.48936e+09	6.40323e+09	6.10742e+09	6.11495e+09	6.09164e+09	6.10241e+09	7.35943e+09	7.37632e+09	7.35689e+09	7.64183e+09	5.83051e+09	7.3564e+09	7.06205e+09	7.33282e+09	6.9213e+09	6.99938e+09	6.91127e+09	6.76559e+09	6.19275e+09	6.9583e+09	6.59987e+09	6.56358e+09	6.26428e+09	6.54724e+09	6.40863e+09	6.42676e+09	6.1135e+09	6.00757e+09	6.47034e+09	5.73561e+09	5.93729e+09	5.60071e+09	6.47576e+09	5.65645e+09	5.69232e+09	6.22419e+09	7.14528e+09	7.18517e+09	7.07949e+09	7.37717e+09	6.76621e+09	7.07727e+09	6.78715e+09	6.82469e+09	6.90661e+09	5.88624e+09	6.0546e+09	5.92463e+09
ERR618517	6.42508e+09	6.43867e+09	6.45508e+09	5.81653e+09	5.88124e+09	5.80017e+09	6.38927e+09	5.79854e+09	6.33056e+09	5.85948e+09	6.24846e+09	6.40142e+09	6.66319e+09	6.72602e+09	6.60161e+09	6.63228e+09	6.5681e+09	6.36731e+09	5.81654e+09	5.663e+09	5.12044e+09	5.46799e+09	5.80182e+09	5.51519e+09	5.98603e+09	6.01096e+09	6.61153e+09	6.00253e+09	6.64962e+09	6.64017e+09	6.33981e+09	5.98738e+09	4.15454e+09	4.24648e+09	5.98392e+09	4.0558e+09	5.18187e+09	5.4545e+09	5.55703e+09	5.40828e+09	6.44296e+09	6.50936e+09	5.52937e+09	5.20003e+09	5.83162e+09	5.71857e+09	5.50946e+09	5.76667e+09	4.06057e+09	5.69601e+09	5.45041e+09	5.45677e+09	5.43839e+09	5.44443e+09	6.43147e+09	6.44399e+09	6.42903e+09	6.65542e+09	5.16942e+09	6.42498e+09	6.1679e+09	6.38322e+09	6.06081e+09	6.1224e+09	6.05186e+09	5.9296e+09	5.40136e+09	6.02187e+09	5.72794e+09	5.70091e+09	5.45998e+09	5.69189e+09	5.66363e+09	5.68187e+09	5.43428e+09	5.34477e+09	5.71666e+09	5.12968e+09	5.36657e+09	5.07252e+09	5.80517e+09	5.12368e+09	5.14757e+09	5.59649e+09	6.09871e+09	6.13207e+09	6.04558e+09	6.2988e+09	5.80679e+09	6.0506e+09	5.9904e+09	6.02028e+09	6.08603e+09	5.26211e+09	5.39226e+09	5.28606e+09
ERR618518	6.47751e+09	6.49106e+09	6.50721e+09	5.86103e+09	5.92665e+09	5.84425e+09	6.43967e+09	5.84249e+09	6.37966e+09	5.90366e+09	6.2968e+09	6.45196e+09	6.71874e+09	6.78208e+09	6.65614e+09	6.68775e+09	6.6223e+09	6.41968e+09	5.663e+09	5.90181e+09	5.15673e+09	5.5081e+09	5.84558e+09	5.55503e+09	6.0309e+09	6.05603e+09	6.66348e+09	6.04738e+09	6.70248e+09	6.69282e+09	6.39211e+09	6.03543e+09	4.18423e+09	4.27669e+09	6.03202e+09	4.08484e+09	5.21865e+09	5.4932e+09	5.59667e+09	5.44594e+09	6.49187e+09	6.55891e+09	5.57232e+09	5.23992e+09	5.87903e+09	5.7641e+09	5.55266e+09	5.81261e+09	4.08743e+09	5.73868e+09	5.49036e+09	5.49654e+09	5.47785e+09	5.48416e+09	6.48256e+09	6.49546e+09	6.48048e+09	6.70928e+09	5.20722e+09	6.47619e+09	6.21689e+09	6.43539e+09	6.10885e+09	6.17037e+09	6.10002e+09	5.97665e+09	5.44335e+09	6.07033e+09	5.77341e+09	5.74482e+09	5.5018e+09	5.73647e+09	5.70632e+09	5.72496e+09	5.47436e+09	5.38446e+09	5.75985e+09	5.16595e+09	5.40559e+09	5.10876e+09	5.84913e+09	5.16009e+09	5.18429e+09	5.63744e+09	6.14858e+09	6.18215e+09	6.09486e+09	6.35033e+09	5.85307e+09	6.09956e+09	6.03639e+09	6.06712e+09	6.13384e+09	5.29989e+09	5.43186e+09	5.3239e+09
ERR618514	5.84691e+09	5.85848e+09	5.87261e+09	5.30569e+09	5.3638e+09	5.29248e+09	5.76932e+09	5.25947e+09	5.71971e+09	5.31453e+09	5.64789e+09	5.78139e+09	6.04921e+09	6.10213e+09	5.99025e+09	6.02227e+09	5.96678e+09	5.79187e+09	5.12044e+09	5.15673e+09	4.87198e+09	4.99963e+09	5.28909e+09	5.0284e+09	5.4399e+09	5.45051e+09	5.96935e+09	5.44302e+09	6.00281e+09	5.99521e+09	5.76558e+09	5.46478e+09	3.84281e+09	3.925e+09	5.46215e+09	3.75167e+09	4.74151e+09	4.96406e+09	5.05052e+09	4.92318e+09	5.82461e+09	5.88115e+09	5.0585e+09	4.76653e+09	5.32607e+09	5.22695e+09	5.03635e+09	5.26949e+09	3.74491e+09	5.17589e+09	4.96468e+09	4.96966e+09	4.95368e+09	4.96106e+09	5.82411e+09	5.83522e+09	5.82352e+09	6.0178e+09	4.73691e+09	5.82031e+09	5.61298e+09	5.79937e+09	5.51558e+09	5.56965e+09	5.50714e+09	5.40475e+09	4.9295e+09	5.47341e+09	5.21844e+09	5.19319e+09	4.98095e+09	5.18276e+09	5.16011e+09	5.17536e+09	4.95416e+09	4.87802e+09	5.20622e+09	4.68482e+09	4.87409e+09	4.62689e+09	5.25881e+09	4.66871e+09	4.693e+09	5.07939e+09	5.5561e+09	5.58523e+09	5.50978e+09	5.72374e+09	5.29493e+09	5.51136e+09	5.44533e+09	5.47192e+09	5.52988e+09	4.80681e+09	4.92575e+09	4.83327e+09
ERR618515	6.25927e+09	6.27242e+09	6.28842e+09	5.668e+09	5.73071e+09	5.65228e+09	6.19149e+09	5.629e+09	6.13583e+09	5.68772e+09	6.05618e+09	6.20445e+09	6.48591e+09	6.54463e+09	6.42187e+09	6.45624e+09	6.39489e+09	6.20257e+09	5.46799e+09	5.5081e+09	4.99963e+09	5.52032e+09	5.65085e+09	5.36588e+09	5.82144e+09	5.83707e+09	6.40982e+09	5.82788e+09	6.44683e+09	6.43825e+09	6.17391e+09	5.84007e+09	4.07067e+09	4.15946e+09	5.83728e+09	3.97304e+09	5.04965e+09	5.29836e+09	5.39428e+09	5.25347e+09	6.24459e+09	6.30743e+09	5.39533e+09	5.07601e+09	5.688e+09	5.5794e+09	5.37238e+09	5.62626e+09	3.97031e+09	5.53446e+09	5.30135e+09	5.30693e+09	5.2886e+09	5.29678e+09	6.24409e+09	6.2566e+09	6.24291e+09	6.45779e+09	5.04504e+09	6.24009e+09	6.00319e+09	6.2094e+09	5.89806e+09	5.95774e+09	5.88934e+09	5.77493e+09	5.25936e+09	5.85507e+09	5.57471e+09	5.54794e+09	5.31518e+09	5.53764e+09	5.51114e+09	5.5281e+09	5.28741e+09	5.20225e+09	5.56238e+09	4.9912e+09	5.20813e+09	4.93333e+09	5.63e+09	4.98015e+09	5.00555e+09	5.43196e+09	5.94133e+09	5.974e+09	5.89115e+09	6.12886e+09	5.6568e+09	5.89325e+09	5.82582e+09	5.85474e+09	5.91805e+09	5.12334e+09	5.25238e+09	5.15048e+09
ERR618513	6.67059e+09	6.68471e+09	6.70183e+09	6.02421e+09	6.09336e+09	6.00771e+09	6.6006e+09	5.98258e+09	6.53955e+09	6.0484e+09	6.45452e+09	6.61435e+09	6.91612e+09	6.98051e+09	6.8491e+09	6.88319e+09	6.8162e+09	6.60629e+09	5.80182e+09	5.84558e+09	5.28909e+09	5.65085e+09	6.20875e+09	5.69024e+09	6.18765e+09	6.20726e+09	6.83684e+09	6.19773e+09	6.8767e+09	6.86706e+09	6.57703e+09	6.2106e+09	4.29135e+09	4.38677e+09	6.20731e+09	4.1871e+09	5.35508e+09	5.63174e+09	5.73693e+09	5.58334e+09	6.66741e+09	6.73622e+09	5.7261e+09	5.37925e+09	6.04449e+09	5.9263e+09	5.70293e+09	5.97684e+09	4.18711e+09	5.88588e+09	5.63064e+09	5.63651e+09	5.61706e+09	5.62397e+09	6.66317e+09	6.67635e+09	6.66181e+09	6.89768e+09	5.34648e+09	6.65742e+09	6.39848e+09	6.62432e+09	6.28257e+09	6.34754e+09	6.2737e+09	6.14753e+09	5.5911e+09	6.24221e+09	5.93474e+09	5.90434e+09	5.65237e+09	5.89438e+09	5.85936e+09	5.87801e+09	5.61508e+09	5.52255e+09	5.9148e+09	5.29428e+09	5.53156e+09	5.22898e+09	5.99222e+09	5.28112e+09	5.30743e+09	5.7751e+09	6.33023e+09	6.36503e+09	6.27465e+09	6.53538e+09	6.02054e+09	6.2783e+09	6.20295e+09	6.23427e+09	6.30392e+09	5.43735e+09	5.57649e+09	5.46484e+09
ERR618516	6.29601e+09	6.30897e+09	6.32479e+09	5.70383e+09	5.76707e+09	5.68819e+09	6.26034e+09	5.68746e+09	6.20356e+09	5.74657e+09	6.12381e+09	6.27275e+09	6.52783e+09	6.5886e+09	6.46747e+09	6.49753e+09	6.4356e+09	6.24067e+09	5.51519e+09	5.55503e+09	5.0284e+09	5.36588e+09	5.69024e+09	5.60139e+09	5.86929e+09	5.8934e+09	6.47583e+09	5.88512e+09	6.51338e+09	6.50435e+09	6.21363e+09	5.87046e+09	4.08441e+09	4.17529e+09	5.86771e+09	3.98867e+09	5.08547e+09	5.35024e+09	5.44934e+09	5.30508e+09	6.31115e+09	6.37535e+09	5.4259e+09	5.10546e+09	5.72029e+09	5.61057e+09	5.40695e+09	5.65684e+09	3.9902e+09	5.5855e+09	5.34636e+09	5.35297e+09	5.33445e+09	5.34031e+09	6.29995e+09	6.31214e+09	6.29795e+09	6.51771e+09	5.07316e+09	6.29357e+09	6.04343e+09	6.25325e+09	5.93988e+09	5.99988e+09	5.93133e+09	5.81286e+09	5.29852e+09	5.90267e+09	5.61636e+09	5.58991e+09	5.3553e+09	5.58145e+09	5.55387e+09	5.57138e+09	5.33068e+09	5.24436e+09	5.60574e+09	5.03443e+09	5.2652e+09	4.97888e+09	5.6916e+09	5.02841e+09	5.05202e+09	5.48818e+09	5.97691e+09	6.00959e+09	5.92572e+09	6.17159e+09	5.69311e+09	5.93059e+09	5.87116e+09	5.90043e+09	5.96461e+09	5.16281e+09	5.29011e+09	5.18624e+09
ERR617367	6.89646e+09	6.91067e+09	6.92979e+09	6.21131e+09	6.28295e+09	6.19229e+09	6.91152e+09	6.25045e+09	6.84579e+09	6.31774e+09	6.75362e+09	6.92533e+09	7.15908e+09	7.23278e+09	7.0824e+09	7.1239e+09	7.04835e+09	6.81094e+09	5.98603e+09	6.0309e+09	5.4399e+09	5.82144e+09	6.18765e+09	5.86929e+09	6.74213e+09	6.53368e+09	7.21185e+09	6.52282e+09	7.25547e+09	7.24568e+09	6.79144e+09	6.39421e+09	4.39268e+09	4.492e+09	6.3916e+09	4.28568e+09	5.52595e+09	5.83101e+09	5.94344e+09	5.78035e+09	6.93394e+09	7.00824e+09	5.88433e+09	5.52301e+09	6.21813e+09	6.09316e+09	5.86175e+09	6.1466e+09	4.32657e+09	6.11949e+09	5.84705e+09	5.85453e+09	5.83336e+09	5.84122e+09	6.91953e+09	6.93373e+09	6.91798e+09	7.16895e+09	5.5193e+09	6.91127e+09	6.61247e+09	6.85136e+09	6.49143e+09	6.5604e+09	6.48086e+09	6.34611e+09	5.74931e+09	6.43785e+09	6.11038e+09	6.08055e+09	5.8129e+09	6.06986e+09	6.07843e+09	6.10023e+09	5.82185e+09	5.72388e+09	6.13735e+09	5.48483e+09	5.79228e+09	5.46297e+09	6.28412e+09	5.52008e+09	5.5467e+09	6.04915e+09	6.49503e+09	6.53331e+09	6.43491e+09	6.72213e+09	6.16663e+09	6.44061e+09	6.44575e+09	6.47827e+09	6.55189e+09	5.63624e+09	5.78109e+09	5.66395e+09
ERR617369	6.90711e+09	6.92174e+09	6.94032e+09	6.22703e+09	6.2978e+09	6.20765e+09	6.96365e+09	6.29282e+09	6.89597e+09	6.36081e+09	6.80416e+09	6.97637e+09	7.16923e+09	7.24476e+09	7.09905e+09	7.13398e+09	7.05762e+09	6.81857e+09	6.01096e+09	6.05603e+09	5.45051e+09	5.83707e+09	6.20726e+09	5.8934e+09	6.53368e+09	6.81212e+09	7.26165e+09	6.5643e+09	7.30579e+09	7.29482e+09	6.80588e+09	6.3998e+09	4.3907e+09	4.49154e+09	6.39728e+09	4.28588e+09	5.54143e+09	5.8638e+09	5.97985e+09	5.81381e+09	6.98052e+09	7.05697e+09	5.89179e+09	5.53098e+09	6.22366e+09	6.09827e+09	5.87434e+09	6.15156e+09	4.33384e+09	6.15597e+09	5.87657e+09	5.88515e+09	5.86366e+09	5.86943e+09	6.95643e+09	6.97055e+09	6.95447e+09	7.21034e+09	5.53028e+09	6.94563e+09	6.63114e+09	6.87257e+09	6.51299e+09	6.58081e+09	6.5022e+09	6.36393e+09	5.7701e+09	6.46388e+09	6.13274e+09	6.10232e+09	5.83428e+09	6.09454e+09	6.1039e+09	6.12607e+09	5.85123e+09	5.75121e+09	6.16371e+09	5.51551e+09	5.8373e+09	5.49589e+09	6.33243e+09	5.55554e+09	5.57978e+09	6.09182e+09	6.50724e+09	6.54503e+09	6.44618e+09	6.74235e+09	6.18225e+09	6.45558e+09	6.47242e+09	6.50477e+09	6.57871e+09	5.66104e+09	5.80273e+09	5.6832e+09
ERR617371	7.65072e+09	7.66759e+09	7.68946e+09	6.86544e+09	6.94741e+09	6.84337e+09	7.72745e+09	6.94224e+09	7.64647e+09	7.01925e+09	7.53995e+09	7.74164e+09	7.95889e+09	8.04717e+09	7.87897e+09	7.91735e+09	7.82798e+09	7.55061e+09	6.61153e+09	6.66348e+09	5.96935e+09	6.40982e+09	6.83684e+09	6.47583e+09	7.21185e+09	7.26165e+09	8.3525e+09	7.25143e+09	8.12795e+09	8.11495e+09	7.53534e+09	7.06444e+09	4.78679e+09	4.89916e+09	7.06075e+09	4.67007e+09	6.08356e+09	6.45535e+09	6.58861e+09	6.39743e+09	7.74726e+09	7.83771e+09	6.47997e+09	6.06986e+09	6.86108e+09	6.71762e+09	6.46078e+09	6.77815e+09	4.72608e+09	6.79343e+09	6.47144e+09	6.48106e+09	6.45597e+09	6.46209e+09	7.72211e+09	7.73847e+09	7.71907e+09	8.02039e+09	6.07273e+09	7.70931e+09	7.33988e+09	7.62107e+09	7.20247e+09	7.28201e+09	7.19059e+09	7.03004e+09	6.35862e+09	7.15704e+09	6.77281e+09	6.73972e+09	6.43254e+09	6.73142e+09	6.73283e+09	6.75801e+09	6.44317e+09	6.32781e+09	6.80089e+09	6.05912e+09	6.43253e+09	6.03578e+09	7.00522e+09	6.10529e+09	6.13224e+09	6.7248e+09	7.20141e+09	7.24509e+09	7.13077e+09	7.47517e+09	6.82897e+09	7.14212e+09	7.1577e+09	7.19627e+09	7.2816e+09	6.2223e+09	6.38512e+09	6.2475e+09
ERR617368	6.89428e+09	6.90862e+09	6.92758e+09	6.21698e+09	6.28748e+09	6.19688e+09	6.95187e+09	6.28239e+09	6.88403e+09	6.34866e+09	6.79155e+09	6.96492e+09	7.16053e+09	7.23571e+09	7.09039e+09	7.12435e+09	7.04812e+09	6.81029e+09	6.00253e+09	6.04738e+09	5.44302e+09	5.82788e+09	6.19773e+09	5.88512e+09	6.52282e+09	6.5643e+09	7.25143e+09	6.79115e+09	7.2953e+09	7.2841e+09	6.79685e+09	6.39079e+09	4.38523e+09	4.48568e+09	6.38721e+09	4.28098e+09	5.53265e+09	5.85389e+09	5.97017e+09	5.80318e+09	6.969e+09	7.0455e+09	5.88209e+09	5.52289e+09	6.21505e+09	6.08952e+09	5.86553e+09	6.14189e+09	4.32772e+09	6.14729e+09	5.86826e+09	5.87646e+09	5.85446e+09	5.86065e+09	6.94597e+09	6.96071e+09	6.94394e+09	7.20056e+09	5.52198e+09	6.93641e+09	6.61977e+09	6.86095e+09	6.50246e+09	6.57014e+09	6.49149e+09	6.35306e+09	5.76403e+09	6.45646e+09	6.12475e+09	6.0957e+09	5.82835e+09	6.08786e+09	6.09374e+09	6.11646e+09	5.84356e+09	5.74355e+09	6.15342e+09	5.50826e+09	5.82941e+09	5.48771e+09	6.32392e+09	5.54747e+09	5.5716e+09	6.08289e+09	6.49885e+09	6.53714e+09	6.43833e+09	6.73541e+09	6.17475e+09	6.44711e+09	6.46295e+09	6.49543e+09	6.56943e+09	5.65213e+09	5.79407e+09	5.67428e+09
ERR617372	7.7013e+09	7.71802e+09	7.74013e+09	6.90891e+09	6.99129e+09	6.88606e+09	7.7749e+09	6.98338e+09	7.69388e+09	7.06073e+09	7.58636e+09	7.78961e+09	8.01154e+09	8.10111e+09	7.93079e+09	7.96976e+09	7.87967e+09	7.60038e+09	6.64962e+09	6.70248e+09	6.00281e+09	6.44683e+09	6.8767e+09	6.51338e+09	7.25547e+09	7.30579e+09	8.12795e+09	7.2953e+09	8.45818e+09	8.16688e+09	7.58482e+09	7.11036e+09	4.81462e+09	4.92711e+09	7.10618e+09	4.69617e+09	6.11951e+09	6.49354e+09	6.62784e+09	6.43455e+09	7.79765e+09	7.88868e+09	6.5199e+09	6.10648e+09	6.90525e+09	6.76025e+09	6.50153e+09	6.8217e+09	4.75047e+09	6.83399e+09	6.50868e+09	6.51799e+09	6.49233e+09	6.49931e+09	7.77126e+09	7.78974e+09	7.76903e+09	8.07325e+09	6.10727e+09	7.75948e+09	7.38684e+09	7.67076e+09	7.24827e+09	7.32798e+09	7.23599e+09	7.07399e+09	6.39828e+09	7.20435e+09	6.81709e+09	6.78279e+09	6.47351e+09	6.77439e+09	6.77345e+09	6.79898e+09	6.48198e+09	6.36549e+09	6.84235e+09	6.09424e+09	6.46726e+09	6.06855e+09	7.04593e+09	6.13871e+09	6.16589e+09	6.76362e+09	7.24967e+09	7.29349e+09	7.17869e+09	7.52559e+09	6.87381e+09	7.18931e+09	7.20167e+09	7.24011e+09	7.32697e+09	6.25774e+09	6.42236e+09	6.28322e+09
ERR617370	7.68838e+09	7.70518e+09	7.72699e+09	6.8967e+09	6.97926e+09	6.87422e+09	7.76242e+09	6.97286e+09	7.68206e+09	7.05028e+09	7.5735e+09	7.77749e+09	7.99816e+09	8.08753e+09	7.91688e+09	7.95653e+09	7.86653e+09	7.5873e+09	6.64017e+09	6.69282e+09	5.99521e+09	6.43825e+09	6.86706e+09	6.50435e+09	7.24568e+09	7.29482e+09	8.11495e+09	7.2841e+09	8.16688e+09	8.43185e+09	7.573e+09	7.09897e+09	4.80758e+09	4.92069e+09	7.09551e+09	4.69021e+09	6.10978e+09	6.48299e+09	6.61793e+09	6.42477e+09	7.78398e+09	7.87495e+09	6.50976e+09	6.09663e+09	6.8935e+09	6.74926e+09	6.49094e+09	6.80997e+09	4.7451e+09	6.8232e+09	6.4993e+09	6.50856e+09	6.48355e+09	6.49033e+09	7.75912e+09	7.77567e+09	7.7559e+09	8.05899e+09	6.09972e+09	7.74626e+09	7.3756e+09	7.6583e+09	7.23723e+09	7.31705e+09	7.22482e+09	7.06365e+09	6.38714e+09	7.1907e+09	6.80499e+09	6.77088e+09	6.46162e+09	6.7625e+09	6.7627e+09	6.78857e+09	6.4713e+09	6.3554e+09	6.83162e+09	6.0842e+09	6.45648e+09	6.05948e+09	7.03343e+09	6.12868e+09	6.15613e+09	6.7518e+09	7.23685e+09	7.28027e+09	7.16535e+09	7.51113e+09	6.86067e+09	7.17608e+09	7.19103e+09	7.23017e+09	7.31572e+09	6.24986e+09	6.41337e+09	6.27526e+09
ERR613041	7.57117e+09	7.58792e+09	7.60903e+09	6.79756e+09	6.88231e+09	6.7776e+09	7.28968e+09	6.57124e+09	7.22081e+09	6.64759e+09	7.11944e+09	7.30808e+09	7.82148e+09	7.89253e+09	7.7459e+09	7.78507e+09	7.71079e+09	7.4767e+09	6.33981e+09	6.39211e+09	5.76558e+09	6.17391e+09	6.57703e+09	6.21363e+09	6.79144e+09	6.80588e+09	7.53534e+09	6.79685e+09	7.58482e+09	7.573e+09	7.81146e+09	7.14665e+09	4.87033e+09	4.97945e+09	7.14257e+09	4.74699e+09	6.04036e+09	6.34354e+09	6.46368e+09	6.28537e+09	7.56654e+09	7.64731e+09	6.41757e+09	6.01073e+09	6.79648e+09	6.65855e+09	6.38588e+09	6.71709e+09	4.54514e+09	6.46288e+09	6.16779e+09	6.17593e+09	6.15358e+09	6.16202e+09	7.40218e+09	7.41916e+09	7.4e+09	7.68101e+09	5.87867e+09	7.39718e+09	7.15411e+09	7.4238e+09	7.01765e+09	7.09338e+09	7.00652e+09	6.8609e+09	6.31388e+09	7.08007e+09	6.71974e+09	6.68319e+09	6.38504e+09	6.6692e+09	6.45813e+09	6.47741e+09	6.17086e+09	6.06405e+09	6.52086e+09	5.79688e+09	6.011e+09	5.67292e+09	6.54531e+09	5.72939e+09	5.76274e+09	6.29439e+09	7.1327e+09	7.17253e+09	7.06744e+09	7.36507e+09	6.76387e+09	7.06861e+09	6.844e+09	6.88167e+09	6.96147e+09	5.95173e+09	6.11682e+09	5.98673e+09
ERR613042	7.14131e+09	7.15613e+09	7.17574e+09	6.42894e+09	6.50804e+09	6.41162e+09	6.8368e+09	6.18198e+09	6.77519e+09	6.25346e+09	6.68196e+09	6.855e+09	7.36484e+09	7.4284e+09	7.29396e+09	7.33258e+09	7.26603e+09	7.05479e+09	5.98738e+09	6.03543e+09	5.46478e+09	5.84007e+09	6.2106e+09	5.87046e+09	6.39421e+09	6.3998e+09	7.06444e+09	6.39079e+09	7.11036e+09	7.09897e+09	7.14665e+09	6.97526e+09	4.65019e+09	4.75184e+09	6.75945e+09	4.53217e+09	5.73114e+09	5.99867e+09	6.10646e+09	5.94515e+09	7.11353e+09	7.18637e+09	6.08243e+09	5.70415e+09	6.43241e+09	6.30626e+09	6.04981e+09	6.36021e+09	4.31347e+09	6.08006e+09	5.81174e+09	5.81868e+09	5.79853e+09	5.80706e+09	6.95474e+09	6.97015e+09	6.95201e+09	7.20726e+09	5.56294e+09	6.95186e+09	6.74347e+09	6.99014e+09	6.6159e+09	6.68572e+09	6.60597e+09	6.47379e+09	5.97506e+09	6.67768e+09	6.3509e+09	6.31698e+09	6.04101e+09	6.30093e+09	6.08955e+09	6.10638e+09	5.82016e+09	5.72241e+09	6.14764e+09	5.47244e+09	5.64591e+09	5.34303e+09	6.13673e+09	5.39285e+09	5.42577e+09	5.9094e+09	6.73469e+09	6.77109e+09	6.67605e+09	6.94096e+09	6.3949e+09	6.67485e+09	6.43876e+09	6.47359e+09	6.54765e+09	5.61549e+09	5.77053e+09	5.65202e+09
ERR613046	4.86226e+09	4.87099e+09	4.88247e+09	4.44014e+09	4.48747e+09	4.4302e+09	4.64708e+09	4.25764e+09	4.61064e+09	4.29819e+09	4.5521e+09	4.65838e+09	4.98732e+09	5.02357e+09	4.9421e+09	4.96779e+09	4.92871e+09	4.8057e+09	4.15454e+09	4.18423e+09	3.84281e+09	4.07067e+09	4.29135e+09	4.08441e+09	4.39268e+09	4.3907e+09	4.78679e+09	4.38523e+09	4.81462e+09	4.80758e+09	4.87033e+09	4.65019e+09	3.50794e+09	3.44503e+09	4.64903e+09	3.30351e+09	4.03005e+09	4.1784e+09	4.24201e+09	4.1456e+09	4.83657e+09	4.87827e+09	4.22513e+09	3.99592e+09	4.43664e+09	4.36169e+09	4.20216e+09	4.39332e+09	3.08743e+09	4.18642e+09	4.02693e+09	4.03066e+09	4.01784e+09	4.02358e+09	4.71999e+09	4.72951e+09	4.71924e+09	4.86882e+09	3.89224e+09	4.72016e+09	4.6109e+09	4.75773e+09	4.53413e+09	4.57681e+09	4.52875e+09	4.45088e+09	4.15683e+09	4.57158e+09	4.37968e+09	4.36253e+09	4.1956e+09	4.34995e+09	4.20137e+09	4.21126e+09	4.03621e+09	3.97708e+09	4.23716e+09	3.82186e+09	3.90943e+09	3.73121e+09	4.20851e+09	3.76039e+09	3.78281e+09	4.07312e+09	4.60276e+09	4.62499e+09	4.5689e+09	4.7218e+09	4.39946e+09	4.56641e+09	4.40961e+09	4.43039e+09	4.47471e+09	3.90814e+09	4.00479e+09	3.93414e+09
