	ERR631235	ERR631234	ERR631233	ERR631236	ERR631238	ERR631237	ERR626952	ERR626951	ERR626956	ERR626955	ERR626953	ERR626954	ERR626905	ERR626906	ERR626908	ERR626907	ERR626904	ERR626903	ERR612618	ERR612614	ERR612613	ERR612616	ERR612617	ERR612615	ERR617515	ERR617512	ERR617514	ERR617511	ERR617516	ERR617513	ERR613997	ERR613999	ERR613998	ERR613996	ERR614001	ERR614000	ERR613974	ERR613977	ERR613972	ERR613975	ERR613973	ERR613976	ERR636667	ERR636669	ERR636668	ERR636672	ERR636670	ERR636671	ERR630339	ERR630342	ERR630343	ERR630340	ERR630338	ERR630341	ERR616189	ERR616185	ERR616190	ERR616186	ERR616187	ERR616188	ERR617486	ERR617484	ERR617485	ERR617481	ERR617482	ERR617483	ERR608168	ERR608171	ERR608172	ERR608169	ERR608170	ERR608167	ERR608355	ERR608356	ERR608358	ERR608357	ERR608354	ERR608353	ERR630147	ERR630150	ERR630146	ERR630148	ERR630149	ERR630151	ERR629631	ERR629635	ERR629634	ERR629633	ERR629630	ERR629632	ERR614881	ERR614877	ERR614878	ERR614879	ERR614882	ERR614880
ERR631235	0	0.760675	0.756698	0.761248	0.761848	0.761815	0.972339	0.950686	0.947625	0.94586	0.949251	0.966771	0.935358	0.962273	0.92505	0.963531	0.936995	0.927966	0.943478	0.952555	0.923921	0.942768	0.942838	0.932069	0.956656	0.973728	0.958947	0.976827	0.965078	0.973567	0.934046	0.934791	0.957841	0.924092	0.934351	0.934387	0.973374	0.943715	0.945367	0.957513	0.956649	0.957092	0.951612	0.942874	0.94129	0.958728	0.956755	0.959277	1.00102	0.988986	0.998305	1.00644	0.98725	0.989513	1.01474	1.01848	1.00946	1.00979	1.0249	1.01595	0.989645	0.981248	0.979191	1.00113	0.996318	0.995572	1.02729	0.99867	0.999127	1.03086	0.997398	1.03093	1.01373	1.00429	1.00217	1.00401	1.01972	1.04348	1.00782	1.0196	0.997205	1.00075	1.04001	1.01902	1.01599	1.02332	1.02251	1.01645	1.00225	1.0177	0.98506	1.00595	1.00223	1.00434	0.985219	0.983424
ERR631234	0.760675	0	0.775672	0.779929	0.780603	0.780417	0.987804	0.966733	0.964222	0.962735	0.965515	0.98219	0.949879	0.973901	0.94093	0.974754	0.951452	0.94274	0.960683	0.969453	0.942666	0.959886	0.960198	0.95073	0.972463	0.9885	0.974718	0.992263	0.981205	0.988535	0.950012	0.950528	0.972862	0.941009	0.950471	0.950039	0.988207	0.960398	0.961845	0.972297	0.972033	0.971938	0.969314	0.961298	0.959788	0.976283	0.974339	0.976807	1.01789	1.00613	1.01524	1.02231	1.00445	1.00656	1.02669	1.02996	1.02166	1.02154	1.03509	1.02762	1.00442	0.996155	0.994335	1.01566	1.01049	1.00984	1.04175	1.01458	1.01495	1.04516	1.01355	1.04493	1.02754	1.01881	1.01681	1.01807	1.03273	1.056	1.02493	1.03659	1.01485	1.01821	1.05575	1.03616	1.03105	1.03745	1.03667	1.03095	1.01778	1.03261	1.00258	1.02203	1.01843	1.0202	1.00251	1.00045
ERR631233	0.756698	0.775672	0	0.775624	0.776464	0.776816	0.982805	0.962298	0.959446	0.957931	0.961462	0.977185	0.946941	0.971708	0.937288	0.972682	0.947994	0.939738	0.956133	0.964275	0.938068	0.95533	0.955785	0.945442	0.969458	0.985098	0.971785	0.9885	0.977252	0.985299	0.945671	0.946254	0.967916	0.936294	0.945967	0.945974	0.983906	0.956405	0.958157	0.969725	0.968593	0.968669	0.965077	0.956804	0.955397	0.971786	0.969815	0.972249	1.01306	1.00179	1.01048	1.01828	1.00004	1.00219	1.02613	1.02988	1.02134	1.02164	1.03616	1.02762	1.00235	0.994722	0.993117	1.01357	1.00909	1.00815	1.03837	1.01116	1.01154	1.0415	1.01009	1.04158	1.02561	1.01656	1.01448	1.01606	1.03084	1.05309	1.01994	1.03124	1.00998	1.0134	1.05075	1.03088	1.02743	1.03454	1.0338	1.02792	1.01426	1.02937	0.998215	1.01802	1.0143	1.01616	0.99836	0.996234
ERR631236	0.761248	0.779929	0.775624	0	0.778017	0.77804	0.985879	0.965649	0.962544	0.960612	0.964601	0.980194	0.950411	0.975596	0.941262	0.976404	0.951867	0.943481	0.959224	0.967895	0.941813	0.958854	0.958455	0.948755	0.972612	0.988106	0.974907	0.991079	0.980117	0.988435	0.949176	0.949455	0.970665	0.939899	0.94923	0.949218	0.986053	0.959066	0.960831	0.972193	0.971159	0.971516	0.968423	0.960197	0.959096	0.974854	0.972844	0.97516	1.01679	1.00544	1.0137	1.02158	1.00382	1.00566	1.02919	1.03322	1.02472	1.02504	1.03911	1.03054	1.00568	0.998011	0.996072	1.01639	1.01231	1.01139	1.04142	1.01435	1.01479	1.04469	1.01338	1.04459	1.02833	1.01937	1.01731	1.01916	1.03341	1.05532	1.02374	1.03446	1.01401	1.01719	1.05366	1.03373	1.03004	1.0367	1.0362	1.03023	1.01701	1.0316	1.00183	1.02124	1.01769	1.01977	1.00201	1.00022
ERR631238	0.761848	0.780603	0.776464	0.778017	0	0.778305	0.986707	0.966747	0.96365	0.961976	0.965518	0.981322	0.950549	0.975544	0.941711	0.976102	0.952394	0.944155	0.960307	0.968565	0.942802	0.959827	0.959782	0.949816	0.973042	0.988582	0.975128	0.991556	0.980785	0.988612	0.949632	0.950391	0.971572	0.940799	0.949885	0.95016	0.987381	0.960519	0.96177	0.973002	0.972482	0.972635	0.969188	0.961205	0.960247	0.975785	0.973845	0.976283	1.01694	1.00568	1.0143	1.02189	1.00419	1.00608	1.02894	1.03304	1.02426	1.02496	1.03932	1.03038	1.00566	0.997835	0.996617	1.01664	1.01215	1.01151	1.04137	1.01489	1.01521	1.04497	1.01347	1.0448	1.02887	1.01982	1.01799	1.01978	1.03377	1.0559	1.02415	1.03516	1.01457	1.01759	1.05411	1.03454	1.03043	1.03739	1.03657	1.03078	1.01736	1.03221	1.00217	1.02167	1.01813	1.02011	1.00223	1.00041
ERR631237	0.761815	0.780417	0.776816	0.77804	0.778305	0	0.985914	0.965983	0.9628	0.960874	0.964646	0.980551	0.950716	0.975796	0.941982	0.976705	0.952501	0.944368	0.959533	0.967895	0.942073	0.958809	0.959236	0.949352	0.973095	0.988834	0.975401	0.991785	0.98089	0.988519	0.949115	0.95023	0.970803	0.940391	0.949865	0.94956	0.986665	0.960048	0.9615	0.972779	0.971678	0.972159	0.969015	0.960776	0.959597	0.975289	0.973353	0.97579	1.01649	1.00543	1.01378	1.02138	1.00395	1.00592	1.0295	1.03319	1.02509	1.02517	1.03968	1.031	1.00577	0.998491	0.997049	1.0171	1.01285	1.01186	1.0415	1.01457	1.01483	1.04491	1.01374	1.0446	1.02917	1.01997	1.01795	1.01983	1.03404	1.05553	1.02387	1.03476	1.01425	1.01743	1.05379	1.03405	1.03058	1.03739	1.03671	1.03103	1.01758	1.03242	1.0021	1.0212	1.01771	1.01972	1.0022	1.00031
ERR626952	0.972339	0.987804	0.982805	0.985879	0.986707	0.985914	0	0.810523	0.809489	0.807483	0.809994	0.824067	0.933797	0.960261	0.925189	0.960392	0.933751	0.927868	0.923659	0.927981	0.912464	0.922301	0.921412	0.913898	0.952149	0.964719	0.953495	0.963452	0.955199	0.96597	0.89684	0.900887	0.914648	0.892283	0.899965	0.899755	0.94607	0.925377	0.926987	0.940203	0.935502	0.938659	0.89722	0.891306	0.892628	0.900223	0.898547	0.900432	1.11178	1.10455	1.10856	1.11648	1.10241	1.10424	1.15723	1.16143	1.15405	1.15628	1.1689	1.15899	1.13597	1.13237	1.13118	1.14239	1.14195	1.14175	1.14564	1.12677	1.12676	1.14796	1.12563	1.14769	1.13975	1.1322	1.13012	1.13175	1.14265	1.15664	1.12337	1.12963	1.11649	1.11915	1.14453	1.12946	1.10882	1.11613	1.11551	1.11117	1.09928	1.11161	1.11298	1.12663	1.12537	1.12688	1.11346	1.11278
ERR626951	0.950686	0.966733	0.962298	0.965649	0.966747	0.965983	0.810523	0	0.786502	0.784351	0.786423	0.805905	0.906713	0.935074	0.897253	0.93574	0.907957	0.899574	0.90439	0.910423	0.88932	0.902916	0.902942	0.893241	0.929489	0.944356	0.931478	0.944285	0.934474	0.94498	0.876506	0.880429	0.89963	0.869773	0.879011	0.879449	0.931519	0.905996	0.907632	0.921762	0.918078	0.920462	0.877298	0.869972	0.869954	0.882845	0.879899	0.882709	1.09361	1.08524	1.09068	1.09807	1.0825	1.08505	1.13927	1.14319	1.13562	1.1371	1.15032	1.14084	1.11774	1.11315	1.11185	1.12487	1.12342	1.12333	1.12904	1.10818	1.10833	1.13195	1.10711	1.13147	1.12131	1.11341	1.11126	1.11289	1.12523	1.14159	1.10572	1.11354	1.0977	1.10058	1.12941	1.11348	1.0898	1.09707	1.09617	1.09171	1.07897	1.09201	1.09376	1.10942	1.10724	1.1091	1.0944	1.09349
ERR626956	0.947625	0.964222	0.959446	0.962544	0.96365	0.9628	0.809489	0.786502	0	0.776632	0.78521	0.799693	0.903827	0.932687	0.893976	0.933375	0.904196	0.89661	0.900866	0.907066	0.886073	0.899632	0.899112	0.889254	0.925543	0.940277	0.927478	0.940035	0.930494	0.941564	0.872481	0.87646	0.895197	0.865929	0.875208	0.875757	0.927977	0.902958	0.904743	0.919415	0.915005	0.9178	0.874112	0.866249	0.866865	0.879057	0.876828	0.879544	1.08944	1.0814	1.0861	1.09475	1.07908	1.08099	1.1372	1.14164	1.13395	1.13582	1.14921	1.13903	1.11487	1.11067	1.10925	1.12205	1.12117	1.12086	1.12586	1.10505	1.10541	1.1289	1.10387	1.12843	1.11898	1.11061	1.10844	1.11014	1.12248	1.1385	1.10179	1.1092	1.09428	1.09703	1.12515	1.10889	1.08632	1.0942	1.09315	1.08842	1.07567	1.08933	1.09032	1.10554	1.10393	1.1057	1.09085	1.08972
ERR626955	0.94586	0.962735	0.957931	0.960612	0.961976	0.960874	0.807483	0.784351	0.776632	0	0.783035	0.797332	0.901785	0.931168	0.891671	0.931911	0.902191	0.894214	0.899319	0.90607	0.884073	0.89832	0.897631	0.887348	0.924251	0.939692	0.925972	0.938601	0.928921	0.940502	0.870375	0.87437	0.893141	0.86337	0.873102	0.873537	0.926855	0.901075	0.903158	0.918038	0.913469	0.916441	0.872783	0.864379	0.86538	0.878153	0.875349	0.878194	1.08752	1.07935	1.08406	1.09246	1.07712	1.07904	1.13598	1.14046	1.13241	1.13458	1.14806	1.13767	1.11339	1.10907	1.10793	1.12027	1.11942	1.11938	1.12426	1.10328	1.10358	1.12729	1.10224	1.12678	1.11755	1.10898	1.1067	1.1089	1.12098	1.13705	1.0999	1.10706	1.09218	1.09484	1.12355	1.10686	1.08395	1.09186	1.09089	1.08615	1.07365	1.08678	1.08837	1.10352	1.10187	1.10367	1.08865	1.08764
ERR626953	0.949251	0.965515	0.961462	0.964601	0.965518	0.964646	0.809994	0.786423	0.78521	0.783035	0	0.804969	0.905756	0.933924	0.896007	0.934788	0.906285	0.898481	0.903561	0.909934	0.888523	0.902406	0.902157	0.892706	0.928067	0.94312	0.930068	0.943392	0.933597	0.944231	0.875208	0.878977	0.898417	0.86837	0.877533	0.877966	0.931192	0.905512	0.906926	0.921397	0.917742	0.920042	0.87644	0.8691	0.868846	0.882074	0.879118	0.882006	1.09286	1.08448	1.08992	1.09735	1.08194	1.08433	1.13876	1.14262	1.13519	1.13685	1.14969	1.14024	1.11686	1.11227	1.1109	1.1243	1.12288	1.12268	1.12848	1.10743	1.10747	1.13113	1.10605	1.13107	1.12068	1.11279	1.1105	1.1122	1.12439	1.14136	1.10499	1.11264	1.09691	1.0996	1.12859	1.11264	1.08949	1.09684	1.09592	1.09126	1.07869	1.09167	1.09298	1.10842	1.10662	1.10826	1.09344	1.09235
ERR626954	0.966771	0.98219	0.977185	0.980194	0.981322	0.980551	0.824067	0.805905	0.799693	0.797332	0.804969	0	0.925256	0.95172	0.916673	0.952306	0.925522	0.919172	0.917483	0.922408	0.905478	0.916437	0.916075	0.908281	0.945044	0.958425	0.946927	0.957697	0.949529	0.959613	0.890824	0.894719	0.910226	0.885674	0.893464	0.893809	0.94094	0.919549	0.920669	0.934074	0.930118	0.932562	0.891192	0.885111	0.885975	0.894627	0.892686	0.895119	1.10847	1.10083	1.1049	1.11312	1.09869	1.10046	1.15261	1.15691	1.14944	1.15173	1.16397	1.15445	1.13174	1.12802	1.12688	1.13883	1.13782	1.13752	1.14229	1.1229	1.1233	1.14504	1.1218	1.14453	1.13563	1.12816	1.12585	1.12767	1.13892	1.15383	1.12024	1.12679	1.11295	1.11537	1.14211	1.12655	1.10436	1.11175	1.11087	1.10647	1.09482	1.10704	1.1091	1.12339	1.12177	1.12342	1.10964	1.10885
ERR626905	0.935358	0.949879	0.946941	0.950411	0.950549	0.950716	0.933797	0.906713	0.903827	0.901785	0.905756	0.925256	0	0.811935	0.764133	0.814217	0.779274	0.765695	0.918012	0.928332	0.896629	0.917226	0.91723	0.90613	0.91346	0.930509	0.915937	0.934666	0.92259	0.930576	0.873059	0.874197	0.904399	0.862668	0.872931	0.873606	0.949591	0.91795	0.920248	0.931353	0.931483	0.930544	0.907437	0.897994	0.895008	0.917084	0.914896	0.917689	1.07295	1.06244	1.07132	1.07707	1.06024	1.06272	1.10941	1.11281	1.10523	1.10563	1.11855	1.1108	1.09253	1.0856	1.08388	1.10142	1.0977	1.097	1.10699	1.08218	1.08259	1.109	1.08112	1.10999	1.09679	1.08836	1.08651	1.08812	1.10189	1.12395	1.08253	1.09419	1.07227	1.07574	1.11179	1.09379	1.0696	1.07606	1.07565	1.06991	1.05705	1.07108	1.06682	1.08557	1.0826	1.08362	1.06687	1.06549
ERR626906	0.962273	0.973901	0.971708	0.975596	0.975544	0.975796	0.960261	0.935074	0.932687	0.931168	0.933924	0.95172	0.811935	0	0.800464	0.837583	0.815046	0.803839	0.945516	0.955749	0.92719	0.945077	0.94526	0.936938	0.939236	0.953773	0.941094	0.959101	0.947971	0.953339	0.904038	0.90332	0.932411	0.894259	0.902753	0.903187	0.973837	0.944439	0.946019	0.954938	0.956213	0.954358	0.935707	0.928232	0.924223	0.94435	0.942797	0.945547	1.09671	1.08669	1.09647	1.1001	1.08467	1.08712	1.12669	1.1294	1.12272	1.12253	1.13394	1.12788	1.11287	1.10574	1.10418	1.12142	1.11726	1.11633	1.12728	1.10373	1.10415	1.12897	1.10303	1.12998	1.11601	1.10855	1.10709	1.10852	1.12129	1.14341	1.10568	1.11769	1.09595	1.09882	1.13405	1.11773	1.09229	1.09746	1.09681	1.09189	1.08012	1.09328	1.08983	1.10769	1.10501	1.10559	1.09	1.08867
ERR626908	0.92505	0.94093	0.937288	0.941262	0.941711	0.941982	0.925189	0.897253	0.893976	0.891671	0.896007	0.916673	0.764133	0.800464	0	0.802586	0.767567	0.753162	0.907348	0.91851	0.884469	0.906529	0.906418	0.894867	0.90357	0.921773	0.905296	0.925823	0.912503	0.921214	0.861971	0.863031	0.894856	0.850651	0.861671	0.862478	0.94154	0.907953	0.910327	0.922353	0.922238	0.921664	0.8969	0.886912	0.883282	0.906991	0.90456	0.907786	1.06345	1.05259	1.06209	1.06779	1.05031	1.05308	1.10105	1.10437	1.09684	1.09722	1.11041	1.10258	1.0834	1.07641	1.07481	1.09299	1.0889	1.0881	1.09849	1.07289	1.07322	1.10105	1.07219	1.10205	1.08795	1.0792	1.07728	1.07907	1.09309	1.116	1.07308	1.08512	1.06257	1.06615	1.10337	1.08508	1.06046	1.06705	1.06637	1.06055	1.04744	1.06174	1.05691	1.07617	1.0735	1.07457	1.057	1.05573
ERR626907	0.963531	0.974754	0.972682	0.976404	0.976102	0.976705	0.960392	0.93574	0.933375	0.931911	0.934788	0.952306	0.814217	0.837583	0.802586	0	0.816991	0.805814	0.947294	0.956494	0.928658	0.946499	0.94654	0.93829	0.941333	0.955838	0.94285	0.960752	0.949773	0.954929	0.905145	0.904895	0.933354	0.89557	0.903928	0.904529	0.974606	0.946245	0.947874	0.956445	0.957385	0.955667	0.937143	0.930147	0.925937	0.946069	0.944124	0.946859	1.09831	1.08808	1.09763	1.10187	1.08615	1.08863	1.12884	1.13153	1.1248	1.12451	1.13602	1.12997	1.11466	1.10735	1.10615	1.12344	1.11871	1.11788	1.12837	1.10566	1.10583	1.13043	1.10474	1.13154	1.11778	1.11038	1.10876	1.11009	1.12273	1.14479	1.10747	1.11924	1.09762	1.10075	1.13534	1.11894	1.09406	1.09875	1.09865	1.0932	1.08192	1.09462	1.09174	1.10931	1.10638	1.10708	1.09179	1.09055
ERR626904	0.936995	0.951452	0.947994	0.951867	0.952394	0.952501	0.933751	0.907957	0.904196	0.902191	0.906285	0.925522	0.779274	0.815046	0.767567	0.816991	0	0.769032	0.918915	0.928932	0.897799	0.91822	0.917942	0.906643	0.9157	0.931876	0.917141	0.935494	0.923712	0.931563	0.874183	0.875154	0.904059	0.863675	0.874211	0.874897	0.949616	0.919024	0.921002	0.932541	0.931895	0.931557	0.909357	0.899486	0.896675	0.918134	0.916097	0.918736	1.07357	1.06318	1.07198	1.07771	1.06078	1.06337	1.11089	1.11442	1.10712	1.10745	1.12074	1.11252	1.09371	1.08739	1.08567	1.10271	1.09908	1.09847	1.10771	1.08328	1.08349	1.10994	1.08218	1.11032	1.09805	1.08945	1.08748	1.08941	1.10288	1.12453	1.08264	1.09407	1.07262	1.07614	1.11183	1.09387	1.07031	1.07662	1.07626	1.07073	1.05778	1.07209	1.0678	1.08593	1.08323	1.08429	1.06746	1.06654
ERR626903	0.927966	0.94274	0.939738	0.943481	0.944155	0.944368	0.927868	0.899574	0.89661	0.894214	0.898481	0.919172	0.765695	0.803839	0.753162	0.805814	0.769032	0	0.909996	0.920679	0.887792	0.909369	0.909123	0.897591	0.906424	0.924018	0.908295	0.92787	0.915186	0.923315	0.865015	0.865661	0.897569	0.853778	0.86512	0.865546	0.944205	0.910577	0.912609	0.924922	0.924563	0.924174	0.898886	0.889278	0.885818	0.909055	0.906864	0.909909	1.06489	1.0541	1.06347	1.06908	1.05165	1.05431	1.10245	1.10584	1.09836	1.0986	1.11175	1.10402	1.08493	1.07758	1.0762	1.09403	1.09058	1.08944	1.10018	1.07478	1.07514	1.10251	1.07363	1.10322	1.08927	1.08084	1.0787	1.08058	1.09451	1.11747	1.0742	1.08648	1.06379	1.06748	1.10464	1.08625	1.06223	1.0685	1.06815	1.06236	1.04885	1.06374	1.05861	1.07773	1.07479	1.07581	1.05864	1.05744
ERR612618	0.943478	0.960683	0.956133	0.959224	0.960307	0.959533	0.923659	0.90439	0.900866	0.899319	0.903561	0.917483	0.918012	0.945516	0.907348	0.947294	0.918915	0.909996	0	0.786601	0.75454	0.771783	0.771212	0.761441	0.894637	0.910967	0.896986	0.912003	0.900808	0.911933	0.901984	0.904754	0.925031	0.89419	0.903747	0.904049	0.899414	0.870953	0.872641	0.887083	0.88417	0.887195	0.879838	0.871259	0.870671	0.886132	0.883895	0.886856	1.05538	1.04634	1.05272	1.06049	1.04421	1.04589	1.09275	1.09719	1.089	1.09144	1.10463	1.09448	1.07269	1.06785	1.06597	1.08127	1.07984	1.07944	1.08462	1.06203	1.06221	1.08747	1.06091	1.08703	1.07976	1.0718	1.06965	1.07161	1.08388	1.10178	1.06649	1.07536	1.05753	1.06108	1.09319	1.07499	1.05192	1.0595	1.05874	1.05347	1.04005	1.05372	1.04697	1.06383	1.06227	1.06342	1.04759	1.04668
ERR612614	0.952555	0.969453	0.964275	0.967895	0.968565	0.967895	0.927981	0.910423	0.907066	0.90607	0.909934	0.922408	0.928332	0.955749	0.91851	0.956494	0.928932	0.920679	0.786601	0	0.764408	0.785486	0.784143	0.769752	0.904718	0.919848	0.906558	0.920145	0.909585	0.920853	0.909601	0.912372	0.930149	0.902311	0.911158	0.911495	0.905003	0.879657	0.881326	0.895131	0.892259	0.895129	0.887289	0.879654	0.879828	0.893037	0.891139	0.893789	1.06247	1.05401	1.05962	1.06787	1.05175	1.05325	1.10079	1.10523	1.09718	1.09978	1.11307	1.10269	1.08057	1.07623	1.07459	1.0885	1.08752	1.08733	1.09077	1.06935	1.06962	1.09386	1.06845	1.09304	1.08778	1.07982	1.07774	1.07968	1.09141	1.10802	1.07338	1.08159	1.06503	1.06827	1.09907	1.08114	1.05897	1.0665	1.06548	1.06032	1.04788	1.06099	1.05512	1.07119	1.06951	1.07081	1.05562	1.05487
ERR612613	0.923921	0.942666	0.938068	0.941813	0.942802	0.942073	0.912464	0.88932	0.886073	0.884073	0.888523	0.905478	0.896629	0.92719	0.884469	0.928658	0.897799	0.887792	0.75454	0.764408	0	0.753281	0.752308	0.732964	0.873821	0.892764	0.87654	0.894485	0.881756	0.893589	0.886366	0.889264	0.913339	0.876956	0.888076	0.888571	0.887588	0.854051	0.855904	0.872277	0.869357	0.871934	0.862057	0.851528	0.850681	0.870541	0.867316	0.87128	1.03456	1.02492	1.03185	1.04024	1.02255	1.02447	1.07542	1.08005	1.07124	1.07349	1.08746	1.07718	1.0533	1.04794	1.04569	1.06253	1.06053	1.06047	1.06677	1.04205	1.04222	1.06988	1.04083	1.06937	1.06077	1.05221	1.04998	1.05194	1.06559	1.08562	1.04614	1.05626	1.03639	1.0403	1.07549	1.05576	1.03289	1.04065	1.0402	1.03432	1.01991	1.03467	1.02586	1.04419	1.04223	1.04376	1.02639	1.02548
ERR612616	0.942768	0.959886	0.95533	0.958854	0.959827	0.958809	0.922301	0.902916	0.899632	0.89832	0.902406	0.916437	0.917226	0.945077	0.906529	0.946499	0.91822	0.909369	0.771783	0.785486	0.753281	0	0.769679	0.759793	0.89409	0.910245	0.896177	0.911091	0.900166	0.911033	0.90159	0.90404	0.924252	0.8938	0.903217	0.903325	0.898496	0.870053	0.871491	0.886104	0.883523	0.885938	0.878887	0.869877	0.869532	0.885336	0.882613	0.885829	1.05408	1.04471	1.05141	1.05904	1.04282	1.04447	1.09193	1.0967	1.08823	1.0907	1.1039	1.09371	1.07109	1.0668	1.06486	1.07987	1.07833	1.07833	1.08403	1.06086	1.06136	1.08648	1.05983	1.0858	1.0792	1.07105	1.06872	1.07081	1.0829	1.10105	1.0648	1.07399	1.05633	1.05951	1.0919	1.0734	1.05093	1.05819	1.05777	1.05212	1.03915	1.05293	1.04556	1.0624	1.06073	1.06219	1.04622	1.04522
ERR612617	0.942838	0.960198	0.955785	0.958455	0.959782	0.959236	0.921412	0.902942	0.899112	0.897631	0.902157	0.916075	0.91723	0.94526	0.906418	0.94654	0.917942	0.909123	0.771212	0.784143	0.752308	0.769679	0	0.758824	0.892485	0.909184	0.895151	0.909677	0.898793	0.910102	0.900867	0.904043	0.923469	0.89296	0.902575	0.903097	0.897642	0.868741	0.870602	0.885487	0.882605	0.885509	0.877933	0.869247	0.869106	0.884458	0.881741	0.884648	1.0538	1.04507	1.05098	1.059	1.0427	1.04442	1.09243	1.09704	1.08888	1.09142	1.10491	1.09441	1.07159	1.06718	1.06526	1.08029	1.0789	1.07859	1.08373	1.06104	1.06139	1.08651	1.05999	1.08592	1.07934	1.07112	1.06897	1.07105	1.08338	1.10077	1.0651	1.07388	1.05611	1.05969	1.0919	1.07353	1.05069	1.05823	1.05769	1.05204	1.03924	1.05274	1.04579	1.06253	1.06082	1.06241	1.04635	1.04534
ERR612615	0.932069	0.95073	0.945442	0.948755	0.949816	0.949352	0.913898	0.893241	0.889254	0.887348	0.892706	0.908281	0.90613	0.936938	0.894867	0.93829	0.906643	0.897591	0.761441	0.769752	0.732964	0.759793	0.758824	0	0.882129	0.899796	0.88453	0.899471	0.887575	0.900427	0.891795	0.895407	0.915579	0.883177	0.894434	0.894529	0.889858	0.859837	0.861749	0.878301	0.874508	0.878337	0.867829	0.857384	0.857919	0.874603	0.871998	0.875427	1.03927	1.03028	1.03592	1.04511	1.02783	1.02972	1.08308	1.08848	1.07937	1.0824	1.09696	1.08541	1.06003	1.05587	1.05392	1.06883	1.06798	1.06767	1.07185	1.04867	1.0488	1.07523	1.04726	1.07433	1.06857	1.05952	1.05707	1.05924	1.07203	1.08963	1.05023	1.05907	1.04123	1.04504	1.07822	1.05819	1.03829	1.04665	1.04557	1.04016	1.02585	1.04045	1.03183	1.04907	1.04723	1.0492	1.03237	1.03145
ERR617515	0.956656	0.972463	0.969458	0.972612	0.973042	0.973095	0.952149	0.929489	0.925543	0.924251	0.928067	0.945044	0.91346	0.939236	0.90357	0.941333	0.9157	0.906424	0.894637	0.904718	0.873821	0.89409	0.892485	0.882129	0	0.835901	0.814303	0.839616	0.822219	0.835842	0.928934	0.930246	0.953846	0.918867	0.928566	0.929227	0.918173	0.885785	0.887561	0.899454	0.899552	0.899367	0.882405	0.872369	0.870897	0.890734	0.888294	0.891865	1.06801	1.05853	1.06561	1.07292	1.05657	1.05835	1.09765	1.10087	1.09287	1.09374	1.10658	1.0987	1.08175	1.07424	1.073	1.09089	1.08704	1.08704	1.10065	1.07627	1.07655	1.10357	1.07525	1.10312	1.08825	1.08025	1.07779	1.07993	1.09311	1.11459	1.08043	1.0898	1.07116	1.07447	1.10745	1.08944	1.07146	1.07866	1.07806	1.07305	1.05985	1.07347	1.06513	1.08294	1.08038	1.08197	1.06536	1.06394
ERR617512	0.973728	0.9885	0.985098	0.988106	0.988582	0.988834	0.964719	0.944356	0.940277	0.939692	0.94312	0.958425	0.930509	0.953773	0.921773	0.955838	0.931876	0.924018	0.910967	0.919848	0.892764	0.910245	0.909184	0.899796	0.835901	0	0.838287	0.85458	0.844551	0.850911	0.945137	0.94633	0.967427	0.936001	0.94507	0.945577	0.931216	0.903172	0.904542	0.915769	0.915281	0.915142	0.899484	0.890227	0.889663	0.906913	0.904976	0.907749	1.08135	1.07245	1.07885	1.08605	1.07022	1.07221	1.11106	1.11432	1.10673	1.10764	1.12002	1.1119	1.09524	1.08888	1.08744	1.10426	1.10051	1.10046	1.11221	1.0897	1.08983	1.11505	1.08868	1.11493	1.10164	1.09415	1.09151	1.09352	1.10595	1.12591	1.09318	1.10191	1.08414	1.08742	1.11863	1.10169	1.08452	1.09122	1.09099	1.08594	1.07304	1.08631	1.07873	1.09532	1.09303	1.09469	1.07947	1.07782
ERR617514	0.958947	0.974718	0.971785	0.974907	0.975128	0.975401	0.953495	0.931478	0.927478	0.925972	0.930068	0.946927	0.915937	0.941094	0.905296	0.94285	0.917141	0.908295	0.896986	0.906558	0.87654	0.896177	0.895151	0.88453	0.814303	0.838287	0	0.842471	0.824736	0.838664	0.931151	0.932358	0.955724	0.921114	0.931012	0.931675	0.920253	0.888103	0.889945	0.901938	0.901978	0.901684	0.884449	0.874434	0.873259	0.892785	0.890806	0.893775	1.06937	1.05982	1.06682	1.07416	1.05781	1.05992	1.09954	1.10295	1.09501	1.09555	1.10862	1.10053	1.08376	1.07649	1.0748	1.09294	1.08879	1.08902	1.10187	1.07783	1.07811	1.10448	1.07675	1.10458	1.08997	1.08187	1.07959	1.08142	1.09478	1.11629	1.08171	1.09127	1.07235	1.07567	1.10872	1.09107	1.07269	1.07977	1.07959	1.07407	1.0608	1.07478	1.06673	1.08419	1.08174	1.08363	1.06692	1.06555
ERR617511	0.976827	0.992263	0.9885	0.991079	0.991556	0.991785	0.963452	0.944285	0.940035	0.938601	0.943392	0.957697	0.934666	0.959101	0.925823	0.960752	0.935494	0.92787	0.912003	0.920145	0.894485	0.911091	0.909677	0.899471	0.839616	0.85458	0.842471	0	0.847373	0.854727	0.945857	0.948461	0.967125	0.937312	0.946421	0.947344	0.932031	0.905509	0.907742	0.91912	0.917495	0.918817	0.901233	0.891142	0.891895	0.907892	0.90607	0.908737	1.08066	1.07237	1.07777	1.08592	1.07014	1.07206	1.11525	1.11952	1.1113	1.11277	1.12603	1.11666	1.09778	1.09238	1.09106	1.10584	1.10372	1.10364	1.11308	1.091	1.09147	1.11593	1.08985	1.11516	1.10468	1.09686	1.09408	1.09616	1.10838	1.12638	1.0921	1.10021	1.08414	1.08706	1.11679	1.09978	1.08486	1.09249	1.09153	1.08676	1.0742	1.0872	1.07982	1.09537	1.09348	1.09524	1.08	1.07886
ERR617516	0.965078	0.981205	0.977252	0.980117	0.980785	0.98089	0.955199	0.934474	0.930494	0.928921	0.933597	0.949529	0.92259	0.947971	0.912503	0.949773	0.923712	0.915186	0.900808	0.909585	0.881756	0.900166	0.898793	0.887575	0.822219	0.844551	0.824736	0.847373	0	0.844457	0.935058	0.937139	0.957814	0.926404	0.935836	0.93624	0.922927	0.893406	0.895674	0.907441	0.906775	0.907408	0.889938	0.87949	0.879135	0.896654	0.895185	0.897814	1.07267	1.0637	1.06996	1.07794	1.06175	1.0636	1.10619	1.10972	1.10178	1.10299	1.11647	1.10721	1.08894	1.08296	1.08153	1.09766	1.09496	1.09447	1.10535	1.08247	1.08244	1.10846	1.08126	1.10778	1.09579	1.08765	1.0851	1.08698	1.09993	1.11915	1.08476	1.09306	1.07597	1.07915	1.11019	1.09294	1.07665	1.08397	1.08338	1.07848	1.06523	1.0789	1.07123	1.08777	1.08563	1.08735	1.07167	1.07022
ERR617513	0.973567	0.988535	0.985299	0.988435	0.988612	0.988519	0.96597	0.94498	0.941564	0.940502	0.944231	0.959613	0.930576	0.953339	0.921214	0.954929	0.931563	0.923315	0.911933	0.920853	0.893589	0.911033	0.910102	0.900427	0.835842	0.850911	0.838664	0.854727	0.844457	0	0.946082	0.947678	0.968962	0.936799	0.94607	0.946944	0.932418	0.903621	0.905369	0.916245	0.91628	0.915966	0.900224	0.890725	0.89011	0.907805	0.906229	0.909229	1.08047	1.07189	1.0782	1.08568	1.06946	1.07184	1.1105	1.11397	1.10647	1.107	1.11986	1.11183	1.0951	1.08883	1.08711	1.10368	1.10053	1.10021	1.11249	1.08955	1.08996	1.11525	1.08827	1.11468	1.10146	1.09354	1.09149	1.09339	1.10598	1.12575	1.09234	1.10164	1.08408	1.08703	1.11839	1.10131	1.08381	1.09047	1.0903	1.08531	1.07274	1.08599	1.07874	1.09508	1.09296	1.09443	1.07888	1.07746
ERR613997	0.934046	0.950012	0.945671	0.949176	0.949632	0.949115	0.89684	0.876506	0.872481	0.870375	0.875208	0.890824	0.873059	0.904038	0.861971	0.905145	0.874183	0.865015	0.901984	0.909601	0.886366	0.90159	0.900867	0.891795	0.928934	0.945137	0.931151	0.945857	0.935058	0.946082	0	0.788444	0.812094	0.774501	0.787886	0.787972	0.938869	0.910183	0.912386	0.926094	0.923393	0.924952	0.899587	0.891209	0.890431	0.905839	0.903701	0.90637	1.08715	1.07879	1.08439	1.09177	1.07629	1.07853	1.12776	1.13128	1.12433	1.12553	1.13812	1.12928	1.10813	1.10308	1.10163	1.11583	1.11408	1.11364	1.12138	1.09998	1.10033	1.12401	1.09867	1.1241	1.1097	1.10178	1.09943	1.10132	1.11369	1.13136	1.09853	1.10676	1.09003	1.09289	1.12281	1.10616	1.08302	1.08989	1.08938	1.08426	1.07221	1.08501	1.08385	1.09944	1.09734	1.09918	1.08394	1.08299
ERR613999	0.934791	0.950528	0.946254	0.949455	0.950391	0.95023	0.900887	0.880429	0.87646	0.87437	0.878977	0.894719	0.874197	0.90332	0.863031	0.904895	0.875154	0.865661	0.904754	0.912372	0.889264	0.90404	0.904043	0.895407	0.930246	0.94633	0.932358	0.948461	0.937139	0.947678	0.788444	0	0.817347	0.779399	0.786514	0.786767	0.941285	0.91179	0.913907	0.92689	0.925055	0.926277	0.901915	0.893967	0.892892	0.908032	0.906401	0.909064	1.08975	1.08092	1.08704	1.09402	1.07874	1.08073	1.12768	1.13087	1.12412	1.12514	1.13729	1.1292	1.10917	1.10359	1.10238	1.11728	1.11474	1.11429	1.12302	1.1017	1.10176	1.12597	1.10023	1.12567	1.11036	1.10255	1.10051	1.10218	1.11452	1.13295	1.1011	1.10974	1.09284	1.0956	1.12579	1.1094	1.08515	1.09185	1.09106	1.08634	1.07438	1.08693	1.08562	1.10169	1.09952	1.101	1.08588	1.08467
ERR613998	0.957841	0.972862	0.967916	0.970665	0.971572	0.970803	0.914648	0.89963	0.895197	0.893141	0.898417	0.910226	0.904399	0.932411	0.894856	0.933354	0.904059	0.897569	0.925031	0.930149	0.913339	0.924252	0.923469	0.915579	0.953846	0.967427	0.955724	0.967125	0.957814	0.968962	0.812094	0.817347	0	0.805796	0.816559	0.816832	0.956436	0.933113	0.935529	0.947841	0.944477	0.946903	0.923625	0.916356	0.917319	0.92756	0.92602	0.928158	1.10439	1.09706	1.10097	1.1091	1.09498	1.09672	1.14616	1.15018	1.14335	1.14483	1.15743	1.14779	1.12658	1.12275	1.12161	1.13329	1.13255	1.13232	1.13729	1.11824	1.11862	1.13993	1.11703	1.13977	1.12833	1.12059	1.11857	1.12036	1.13156	1.14589	1.11523	1.1213	1.10797	1.11063	1.13666	1.12128	1.10091	1.10828	1.1076	1.10302	1.09156	1.10345	1.10273	1.11647	1.11469	1.1166	1.10291	1.10188
ERR613996	0.924092	0.941009	0.936294	0.939899	0.940799	0.940391	0.892283	0.869773	0.865929	0.86337	0.86837	0.885674	0.862668	0.894259	0.850651	0.89557	0.863675	0.853778	0.89419	0.902311	0.876956	0.8938	0.89296	0.883177	0.918867	0.936001	0.921114	0.937312	0.926404	0.936799	0.774501	0.779399	0.805796	0	0.778442	0.77832	0.932359	0.901038	0.903447	0.917772	0.915555	0.917171	0.891512	0.882442	0.881276	0.898385	0.895949	0.899013	1.07854	1.0695	1.07568	1.08307	1.06692	1.06937	1.11933	1.12295	1.11554	1.11665	1.12956	1.12086	1.09927	1.09382	1.09248	1.10749	1.1052	1.10485	1.11361	1.09117	1.09158	1.11654	1.08986	1.11623	1.10069	1.09278	1.09073	1.09245	1.10545	1.12421	1.09031	1.09871	1.08147	1.08455	1.11552	1.09839	1.07483	1.08163	1.08095	1.07582	1.06363	1.07656	1.07462	1.09121	1.08911	1.09052	1.0748	1.07362
ERR614001	0.934351	0.950471	0.945967	0.94923	0.949885	0.949865	0.899965	0.879011	0.875208	0.873102	0.877533	0.893464	0.872931	0.902753	0.861671	0.903928	0.874211	0.86512	0.903747	0.911158	0.888076	0.903217	0.902575	0.894434	0.928566	0.94507	0.931012	0.946421	0.935836	0.94607	0.787886	0.786514	0.816559	0.778442	0	0.785849	0.940108	0.910718	0.913139	0.926058	0.924042	0.925373	0.9011	0.893286	0.892084	0.907645	0.905502	0.908095	1.08928	1.08058	1.08682	1.09355	1.07836	1.08054	1.12778	1.1312	1.12401	1.12515	1.13761	1.12935	1.10903	1.10381	1.10225	1.11709	1.11465	1.11448	1.12291	1.10139	1.10144	1.12546	1.10006	1.12552	1.11025	1.10264	1.10044	1.10226	1.11454	1.13278	1.10087	1.10939	1.09228	1.0952	1.12536	1.10908	1.08456	1.09134	1.09089	1.08585	1.07371	1.0864	1.08542	1.10127	1.09932	1.10075	1.08555	1.0844
ERR614000	0.934387	0.950039	0.945974	0.949218	0.95016	0.94956	0.899755	0.879449	0.875757	0.873537	0.877966	0.893809	0.873606	0.903187	0.862478	0.904529	0.874897	0.865546	0.904049	0.911495	0.888571	0.903325	0.903097	0.894529	0.929227	0.945577	0.931675	0.947344	0.93624	0.946944	0.787972	0.786767	0.816832	0.77832	0.785849	0	0.940718	0.910921	0.91354	0.926375	0.924259	0.925222	0.901099	0.892985	0.891858	0.906976	0.905423	0.908131	1.08907	1.08047	1.08634	1.09346	1.07827	1.08005	1.12701	1.13056	1.12355	1.12435	1.1368	1.12872	1.10869	1.10301	1.10178	1.11651	1.11414	1.11388	1.12232	1.10067	1.10104	1.12517	1.09972	1.1251	1.10959	1.10194	1.09992	1.1017	1.11398	1.13228	1.10016	1.10889	1.09179	1.09465	1.12499	1.10857	1.08455	1.09132	1.09074	1.08578	1.0738	1.08653	1.08515	1.10099	1.0989	1.10027	1.0852	1.08399
ERR613974	0.973374	0.988207	0.983906	0.986053	0.987381	0.986665	0.94607	0.931519	0.927977	0.926855	0.931192	0.94094	0.949591	0.973837	0.94154	0.974606	0.949616	0.944205	0.899414	0.905003	0.887588	0.898496	0.897642	0.889858	0.918173	0.931216	0.920253	0.932031	0.922927	0.932418	0.938869	0.941285	0.956436	0.932359	0.940108	0.940718	0	0.815914	0.815244	0.8312	0.82574	0.831575	0.910468	0.903222	0.904442	0.914543	0.912506	0.91554	1.07927	1.07173	1.07637	1.08444	1.06971	1.07091	1.12584	1.12983	1.12218	1.12434	1.13716	1.12754	1.10345	1.09925	1.09773	1.11103	1.11019	1.11006	1.12083	1.10038	1.10034	1.12378	1.09957	1.12291	1.11178	1.10356	1.10174	1.10345	1.11505	1.13127	1.09927	1.10603	1.09172	1.09454	1.12215	1.10608	1.07384	1.08201	1.08124	1.07611	1.06372	1.07656	1.08697	1.10151	1.10007	1.10178	1.08749	1.08675
ERR613977	0.943715	0.960398	0.956405	0.959066	0.960519	0.960048	0.925377	0.905996	0.902958	0.901075	0.905512	0.919549	0.91795	0.944439	0.907953	0.946245	0.919024	0.910577	0.870953	0.879657	0.854051	0.870053	0.868741	0.859837	0.885785	0.903172	0.888103	0.905509	0.893406	0.903621	0.910183	0.91179	0.933113	0.901038	0.910718	0.910921	0.815914	0	0.779916	0.79665	0.794137	0.796534	0.881091	0.872549	0.872142	0.887845	0.884929	0.888667	1.05606	1.04669	1.05343	1.06082	1.04458	1.04626	1.10015	1.10374	1.09594	1.09713	1.11016	1.1019	1.07753	1.07158	1.06994	1.0866	1.08434	1.08403	1.09912	1.07533	1.07564	1.10197	1.07445	1.10164	1.08617	1.0776	1.07556	1.07762	1.09079	1.11124	1.07636	1.08529	1.06749	1.0707	1.10328	1.0852	1.05076	1.0586	1.05791	1.05196	1.03853	1.05278	1.06142	1.07813	1.07659	1.07821	1.06198	1.06089
ERR613972	0.945367	0.961845	0.958157	0.960831	0.96177	0.9615	0.926987	0.907632	0.904743	0.903158	0.906926	0.920669	0.920248	0.946019	0.910327	0.947874	0.921002	0.912609	0.872641	0.881326	0.855904	0.871491	0.870602	0.861749	0.887561	0.904542	0.889945	0.907742	0.895674	0.905369	0.912386	0.913907	0.935529	0.903447	0.913139	0.91354	0.815244	0.779916	0	0.798293	0.792818	0.797835	0.882859	0.874451	0.873808	0.889467	0.88639	0.890288	1.05773	1.04824	1.05522	1.06232	1.04612	1.04787	1.10116	1.10442	1.09697	1.09789	1.11092	1.10255	1.07873	1.07293	1.07074	1.0879	1.08561	1.08521	1.10035	1.07692	1.07713	1.10333	1.07602	1.10309	1.08706	1.07899	1.07695	1.07888	1.09185	1.11251	1.07806	1.08674	1.06888	1.07232	1.10444	1.08683	1.05255	1.06033	1.05963	1.05382	1.04025	1.05419	1.06292	1.07975	1.07821	1.07949	1.06348	1.0624
ERR613975	0.957513	0.972297	0.969725	0.972193	0.973002	0.972779	0.940203	0.921762	0.919415	0.918038	0.921397	0.934074	0.931353	0.954938	0.922353	0.956445	0.932541	0.924922	0.887083	0.895131	0.872277	0.886104	0.885487	0.878301	0.899454	0.915769	0.901938	0.91912	0.907441	0.916245	0.926094	0.92689	0.947841	0.917772	0.926058	0.926375	0.8312	0.79665	0.798293	0	0.810958	0.809103	0.897141	0.890119	0.889033	0.903626	0.901172	0.904423	1.07115	1.06196	1.06913	1.07544	1.05978	1.06132	1.11026	1.11343	1.10598	1.1068	1.11897	1.11157	1.09007	1.08398	1.08217	1.09908	1.09615	1.09585	1.11154	1.08862	1.08907	1.11443	1.08816	1.1144	1.09796	1.09024	1.08825	1.09011	1.10262	1.12302	1.09126	1.10032	1.08245	1.08592	1.11705	1.09999	1.06409	1.0713	1.0709	1.06517	1.05263	1.06607	1.07604	1.09251	1.09047	1.09176	1.07656	1.07563
ERR613973	0.956649	0.972033	0.968593	0.971159	0.972482	0.971678	0.935502	0.918078	0.915005	0.913469	0.917742	0.930118	0.931483	0.956213	0.922238	0.957385	0.931895	0.924563	0.88417	0.892259	0.869357	0.883523	0.882605	0.874508	0.899552	0.915281	0.901978	0.917495	0.906775	0.91628	0.923393	0.925055	0.944477	0.915555	0.924042	0.924259	0.82574	0.794137	0.792818	0.810958	0	0.810975	0.89418	0.886574	0.886384	0.899944	0.897491	0.901081	1.06786	1.05906	1.06508	1.07259	1.05678	1.05844	1.11093	1.11445	1.10718	1.10825	1.12093	1.11248	1.08885	1.08352	1.08166	1.0979	1.09567	1.09521	1.10911	1.08683	1.08706	1.11241	1.08601	1.11194	1.09714	1.08903	1.08726	1.08912	1.10162	1.12099	1.08791	1.09597	1.07923	1.08233	1.11325	1.09608	1.0617	1.06924	1.06844	1.06301	1.05014	1.06395	1.07352	1.08963	1.08806	1.08947	1.07407	1.07318
ERR613976	0.957092	0.971938	0.968669	0.971516	0.972635	0.972159	0.938659	0.920462	0.9178	0.916441	0.920042	0.932562	0.930544	0.954358	0.921664	0.955667	0.931557	0.924174	0.887195	0.895129	0.871934	0.885938	0.885509	0.878337	0.899367	0.915142	0.901684	0.918817	0.907408	0.915966	0.924952	0.926277	0.946903	0.917171	0.925373	0.925222	0.831575	0.796534	0.797835	0.809103	0.810975	0	0.896364	0.889203	0.88845	0.902733	0.900239	0.903085	1.07093	1.06202	1.06897	1.07559	1.06022	1.06157	1.1103	1.11319	1.10605	1.10648	1.1189	1.11127	1.09029	1.08398	1.08226	1.0994	1.0964	1.09592	1.11171	1.08886	1.08888	1.1143	1.08803	1.11432	1.09795	1.0901	1.08821	1.09003	1.1025	1.12315	1.09123	1.10014	1.08251	1.08559	1.11681	1.09992	1.06453	1.07156	1.07094	1.06511	1.05287	1.06595	1.07591	1.09237	1.09053	1.09164	1.07622	1.07546
ERR636667	0.951612	0.969314	0.965077	0.968423	0.969188	0.969015	0.89722	0.877298	0.874112	0.872783	0.87644	0.891192	0.907437	0.935707	0.8969	0.937143	0.909357	0.898886	0.879838	0.887289	0.862057	0.878887	0.877933	0.867829	0.882405	0.899484	0.884449	0.901233	0.889938	0.900224	0.899587	0.901915	0.923625	0.891512	0.9011	0.901099	0.910468	0.881091	0.882859	0.897141	0.89418	0.896364	0	0.767621	0.766913	0.788005	0.785207	0.789287	1.07298	1.0638	1.07043	1.07767	1.0613	1.06331	1.11131	1.11536	1.10736	1.10868	1.12227	1.11316	1.09283	1.08733	1.08557	1.10143	1.0991	1.09855	1.10642	1.0829	1.08315	1.10915	1.08172	1.10931	1.09794	1.08968	1.08738	1.08943	1.10236	1.12189	1.08161	1.09068	1.07276	1.0759	1.10832	1.09065	1.07799	1.08503	1.08422	1.07967	1.0661	1.08034	1.07032	1.08728	1.08498	1.08659	1.07052	1.0693
ERR636669	0.942874	0.961298	0.956804	0.960197	0.961205	0.960776	0.891306	0.869972	0.866249	0.864379	0.8691	0.885111	0.897994	0.928232	0.886912	0.930147	0.899486	0.889278	0.871259	0.879654	0.851528	0.869877	0.869247	0.857384	0.872369	0.890227	0.874434	0.891142	0.87949	0.890725	0.891209	0.893967	0.916356	0.882442	0.893286	0.892985	0.903222	0.872549	0.874451	0.890119	0.886574	0.889203	0.767621	0	0.755087	0.778034	0.775504	0.779709	1.06111	1.052	1.05808	1.06636	1.04931	1.05143	1.10267	1.10724	1.09861	1.10026	1.11443	1.10459	1.08271	1.07717	1.0758	1.09136	1.08949	1.08878	1.09638	1.07224	1.07258	1.09916	1.07112	1.09937	1.08841	1.07974	1.07696	1.07915	1.09278	1.11218	1.07016	1.07906	1.06117	1.06447	1.09754	1.07914	1.06678	1.07471	1.07399	1.06878	1.05512	1.06965	1.05869	1.07634	1.07372	1.0758	1.05905	1.05779
ERR636668	0.94129	0.959788	0.955397	0.959096	0.960247	0.959597	0.892628	0.869954	0.866865	0.86538	0.868846	0.885975	0.895008	0.924223	0.883282	0.925937	0.896675	0.885818	0.870671	0.879828	0.850681	0.869532	0.869106	0.857919	0.870897	0.889663	0.873259	0.891895	0.879135	0.89011	0.890431	0.892892	0.917319	0.881276	0.892084	0.891858	0.904442	0.872142	0.873808	0.889033	0.886384	0.88845	0.766913	0.755087	0	0.778146	0.775003	0.779152	1.06183	1.05219	1.05915	1.06655	1.04927	1.05176	1.10014	1.1041	1.09589	1.09721	1.11102	1.10205	1.08181	1.07552	1.07378	1.09066	1.08819	1.08741	1.09615	1.0715	1.07171	1.09915	1.07033	1.0994	1.08673	1.0783	1.07585	1.07779	1.09162	1.11239	1.0704	1.08046	1.06083	1.06415	1.0986	1.0804	1.06701	1.0742	1.07333	1.06826	1.0546	1.0692	1.05845	1.0765	1.07409	1.07588	1.0586	1.05749
ERR636672	0.958728	0.976283	0.971786	0.974854	0.975785	0.975289	0.900223	0.882845	0.879057	0.878153	0.882074	0.894627	0.917084	0.94435	0.906991	0.946069	0.918134	0.909055	0.886132	0.893037	0.870541	0.885336	0.884458	0.874603	0.890734	0.906913	0.892785	0.907892	0.896654	0.907805	0.905839	0.908032	0.92756	0.898385	0.907645	0.906976	0.914543	0.887845	0.889467	0.903626	0.899944	0.902733	0.788005	0.778034	0.778146	0	0.789747	0.793517	1.07717	1.06856	1.07421	1.08218	1.06613	1.06807	1.11837	1.12262	1.11441	1.11631	1.12982	1.12	1.09874	1.09385	1.09215	1.1068	1.10526	1.10469	1.11101	1.08848	1.08866	1.1139	1.08733	1.11351	1.10369	1.09565	1.09296	1.0951	1.10792	1.1259	1.08628	1.09396	1.07757	1.08075	1.11124	1.09413	1.08284	1.0904	1.08951	1.08446	1.0714	1.08536	1.07545	1.09187	1.08942	1.0917	1.07574	1.07479
ERR636670	0.956755	0.974339	0.969815	0.972844	0.973845	0.973353	0.898547	0.879899	0.876828	0.875349	0.879118	0.892686	0.914896	0.942797	0.90456	0.944124	0.916097	0.906864	0.883895	0.891139	0.867316	0.882613	0.881741	0.871998	0.888294	0.904976	0.890806	0.90607	0.895185	0.906229	0.903701	0.906401	0.92602	0.895949	0.905502	0.905423	0.912506	0.884929	0.88639	0.901172	0.897491	0.900239	0.785207	0.775504	0.775003	0.789747	0	0.790898	1.07622	1.06753	1.07302	1.08125	1.06501	1.06685	1.11656	1.12084	1.11288	1.11454	1.12776	1.11844	1.09736	1.09232	1.09071	1.10558	1.10401	1.10344	1.10962	1.08699	1.0872	1.11272	1.08601	1.11233	1.10268	1.0944	1.09188	1.09374	1.10661	1.12465	1.08463	1.09302	1.07624	1.07944	1.11063	1.09313	1.08158	1.08879	1.08828	1.08354	1.07034	1.08399	1.07406	1.09068	1.08858	1.09038	1.07457	1.07343
ERR636671	0.959277	0.976807	0.972249	0.97516	0.976283	0.97579	0.900432	0.882709	0.879544	0.878194	0.882006	0.895119	0.917689	0.945547	0.907786	0.946859	0.918736	0.909909	0.886856	0.893789	0.87128	0.885829	0.884648	0.875427	0.891865	0.907749	0.893775	0.908737	0.897814	0.909229	0.90637	0.909064	0.928158	0.899013	0.908095	0.908131	0.91554	0.888667	0.890288	0.904423	0.901081	0.903085	0.789287	0.779709	0.779152	0.793517	0.790898	0	1.07785	1.06944	1.0751	1.08304	1.06694	1.06906	1.11846	1.12272	1.11452	1.11607	1.12973	1.12021	1.09924	1.09426	1.09236	1.10715	1.10579	1.1051	1.11131	1.08883	1.08878	1.11443	1.08777	1.11398	1.10434	1.09609	1.09373	1.09532	1.10809	1.1263	1.08672	1.0947	1.07807	1.08128	1.11221	1.09462	1.08369	1.09103	1.09031	1.08533	1.07225	1.08591	1.07596	1.09216	1.09005	1.09201	1.07634	1.07519
