	ERR618627	ERR618632	ERR618630	ERR618629	ERR618631	ERR618628	ERR635348	ERR635350	ERR635349	ERR635351	ERR635346	ERR635347	ERR608679	ERR608678	ERR608677	ERR608682	ERR608681	ERR608680	ERR607614	ERR607610	ERR607612	ERR607609	ERR607613	ERR607611	ERR607698	ERR607696	ERR607697	ERR607695	ERR607693	ERR607694	ERR613356	ERR613354	ERR613355	ERR613353	ERR613358	ERR613357	ERR605534	ERR605535	ERR605538	ERR605536	ERR605533	ERR605537	ERR607266	ERR607264	ERR607265	ERR607268	ERR607263	ERR607267	ERR617001	ERR617002	ERR616998	ERR616999	ERR617000	ERR616997	ERR617407	ERR617406	ERR617404	ERR617403	ERR617405	ERR617408	ERR638212	ERR638208	ERR638211	ERR638209	ERR638210	ERR638207	ERR617863	ERR617861	ERR617864	ERR617866	ERR617862	ERR617865	ERR608213	ERR608210	ERR608214	ERR608209	ERR608211	ERR608212	ERR617217	ERR617218	ERR617215	ERR617219	ERR617216	ERR617220	ERR613804	ERR613801	ERR613803	ERR613800	ERR613802	ERR613805	ERR617661	ERR617666	ERR617664	ERR617665	ERR617662	ERR617663
ERR618627	0	0.788689	0.777998	0.77358	0.788844	0.777881	1.07498	1.05936	1.06028	1.05964	1.06161	1.07528	0.843445	0.855213	0.882855	0.851865	0.846608	0.84596	0.861174	0.853482	0.85374	0.836656	0.860719	0.853796	0.871327	0.871183	0.871079	0.870879	0.876305	0.864218	0.937733	0.931124	0.918676	0.906628	0.967823	0.93411	0.974033	0.981256	0.976866	0.977225	0.966096	0.974048	0.896292	0.873149	0.871778	0.894292	0.882414	0.894508	1.08959	1.08704	1.07621	1.07526	1.08759	1.07985	1.052	1.05578	1.14327	1.14855	1.1418	1.05112	1.09005	1.09819	1.07424	1.10017	1.0758	1.1012	1.08716	1.05437	1.04239	1.04163	1.11104	1.04087	1.06369	1.06516	1.06847	1.08395	1.0567	1.06262	1.04876	1.06279	1.05355	1.05919	1.04834	1.06635	1.05632	1.05231	1.05872	1.04321	1.0682	1.05794	1.05068	1.05014	1.0481	1.04916	1.12747	1.0819
ERR618632	0.788689	0	0.791115	0.794362	0.800185	0.799085	1.08811	1.07302	1.07363	1.07301	1.07569	1.08885	0.859019	0.870086	0.898175	0.866433	0.860807	0.86012	0.87712	0.870981	0.870086	0.854629	0.876949	0.870659	0.886715	0.886544	0.886708	0.887377	0.892259	0.880329	0.948946	0.944534	0.933231	0.921285	0.979414	0.945679	0.982495	0.989349	0.984577	0.984992	0.975192	0.982302	0.909636	0.888337	0.888497	0.90667	0.89805	0.907696	1.10355	1.10138	1.08909	1.08761	1.10172	1.09359	1.06531	1.06994	1.14078	1.14643	1.13948	1.06449	1.10453	1.11129	1.08809	1.11319	1.08947	1.11409	1.09804	1.06567	1.05496	1.05415	1.12338	1.05378	1.07555	1.07539	1.07995	1.09467	1.06706	1.07404	1.06143	1.07521	1.06752	1.07144	1.06119	1.08089	1.06813	1.06512	1.06994	1.05574	1.08111	1.06942	1.06246	1.06386	1.06179	1.06309	1.13979	1.09357
ERR618630	0.777998	0.791115	0	0.784378	0.79114	0.789313	1.08128	1.06586	1.06665	1.06624	1.06869	1.0819	0.850072	0.86167	0.890503	0.858244	0.852174	0.851738	0.868058	0.861501	0.861104	0.844307	0.867806	0.861542	0.877914	0.877532	0.87769	0.87854	0.883324	0.871483	0.94207	0.937263	0.924988	0.91299	0.97325	0.938625	0.977063	0.983933	0.979434	0.979686	0.969449	0.977121	0.901318	0.879061	0.878894	0.898541	0.889043	0.899207	1.09688	1.09477	1.08218	1.08091	1.09495	1.0867	1.0581	1.06245	1.13693	1.1429	1.13563	1.05724	1.09789	1.10496	1.08104	1.10701	1.08269	1.10791	1.0918	1.05878	1.04775	1.04693	1.11719	1.04614	1.06861	1.06878	1.07338	1.0884	1.06011	1.06713	1.05449	1.06834	1.06026	1.06486	1.05406	1.07399	1.06112	1.05775	1.0633	1.04826	1.07416	1.06244	1.055	1.05635	1.05449	1.05572	1.13396	1.08706
ERR618629	0.77358	0.794362	0.784378	0	0.794236	0.784151	1.07904	1.06396	1.06442	1.0641	1.06601	1.07925	0.849051	0.859697	0.886618	0.856453	0.85123	0.851138	0.866035	0.858381	0.858862	0.841793	0.865387	0.859043	0.876131	0.875666	0.875822	0.875584	0.88049	0.869318	0.942717	0.935659	0.923791	0.911904	0.971467	0.938534	0.977942	0.984812	0.980623	0.980643	0.97046	0.977934	0.901554	0.879	0.877312	0.899367	0.887873	0.900157	1.09308	1.09053	1.08022	1.07894	1.09105	1.08349	1.0563	1.06052	1.14693	1.15193	1.14553	1.05575	1.09362	1.10195	1.07832	1.10388	1.08007	1.10464	1.09097	1.05878	1.04692	1.04593	1.11389	1.04545	1.06809	1.06973	1.0729	1.08748	1.0614	1.0668	1.05312	1.06709	1.0581	1.06339	1.05267	1.07015	1.0607	1.05698	1.06292	1.04777	1.07202	1.06199	1.05536	1.05468	1.05241	1.05375	1.13042	1.08598
ERR618631	0.788844	0.800185	0.79114	0.794236	0	0.799441	1.08787	1.07278	1.07327	1.07289	1.07513	1.08833	0.859303	0.870686	0.898723	0.866966	0.861242	0.860538	0.876905	0.871035	0.87039	0.854975	0.876808	0.870901	0.886674	0.886346	0.886748	0.887463	0.892343	0.880404	0.948776	0.944429	0.933246	0.921169	0.979319	0.945678	0.982912	0.989709	0.98486	0.985214	0.975461	0.982501	0.909875	0.888596	0.88848	0.906963	0.897818	0.907981	1.10346	1.10149	1.08866	1.08766	1.10173	1.09337	1.06501	1.06933	1.14007	1.14589	1.13879	1.0639	1.10431	1.11139	1.08774	1.11289	1.08931	1.11388	1.09779	1.06555	1.05481	1.05433	1.12346	1.05364	1.07523	1.07555	1.07992	1.09467	1.0669	1.07402	1.0615	1.07491	1.06741	1.07165	1.06106	1.0805	1.0676	1.06471	1.06982	1.05549	1.08077	1.06915	1.06225	1.06376	1.06153	1.06278	1.13974	1.09352
ERR618628	0.777881	0.799085	0.789313	0.784151	0.799441	0	1.08137	1.06618	1.0666	1.06662	1.06852	1.08116	0.851977	0.862874	0.888195	0.85941	0.855209	0.854446	0.869381	0.861476	0.862196	0.84589	0.868784	0.862407	0.879241	0.87857	0.878758	0.878664	0.88324	0.872343	0.945291	0.938511	0.926444	0.914985	0.97348	0.942094	0.979859	0.987085	0.982843	0.983663	0.973	0.980132	0.905328	0.88284	0.880665	0.903883	0.891383	0.904257	1.09463	1.09182	1.08238	1.08095	1.09242	1.0855	1.05899	1.06271	1.15307	1.15814	1.15204	1.05846	1.09501	1.10372	1.08038	1.10567	1.08185	1.10621	1.09293	1.06166	1.04941	1.04858	1.11491	1.04788	1.07027	1.0723	1.07508	1.08949	1.06449	1.06929	1.0561	1.06993	1.06037	1.06627	1.05519	1.07167	1.06402	1.05964	1.0658	1.05065	1.07437	1.06508	1.05833	1.05692	1.05514	1.05588	1.13175	1.08798
ERR635348	1.07498	1.08811	1.08128	1.07904	1.08787	1.08137	0	0.7961	0.79641	0.795882	0.796522	0.815522	1.08679	1.09493	1.11413	1.09448	1.09006	1.08965	1.08582	1.07879	1.08048	1.06559	1.08516	1.07963	1.09605	1.09527	1.095	1.09236	1.0978	1.08757	1.10246	1.09747	1.08753	1.07943	1.12346	1.09999	1.155	1.16001	1.15834	1.15789	1.15066	1.15672	1.07872	1.06063	1.05874	1.07659	1.0679	1.07757	0.95364	0.951387	0.937393	0.935234	0.951049	0.940783	0.904405	0.908453	1.06393	1.06788	1.06192	0.903458	0.908219	0.917124	0.887403	0.921642	0.887607	0.920048	1.00154	0.964563	0.950151	0.949697	1.02846	0.948533	0.972877	0.972667	0.977876	0.993625	0.965437	0.971608	0.885857	0.903601	0.891419	0.899144	0.886002	0.905912	0.872779	0.867358	0.873932	0.857993	0.883803	0.872463	0.915469	0.911392	0.909121	0.909827	1.01119	0.953256
ERR635350	1.05936	1.07302	1.06586	1.06396	1.07278	1.06618	0.7961	0	0.768482	0.767788	0.774463	0.795769	1.07173	1.08054	1.10099	1.07988	1.07557	1.07489	1.07124	1.06406	1.06533	1.05011	1.07044	1.06514	1.08211	1.08113	1.0809	1.07824	1.0841	1.07322	1.08859	1.08355	1.07309	1.06446	1.11134	1.08543	1.14333	1.14867	1.14685	1.14639	1.1387	1.14515	1.06305	1.04396	1.04242	1.06085	1.05187	1.06195	0.935803	0.933959	0.918551	0.915682	0.933654	0.922275	0.882254	0.886504	1.04689	1.05147	1.04476	0.881125	0.892289	0.902419	0.869621	0.907073	0.870239	0.905862	0.984629	0.944659	0.928734	0.928547	1.01436	0.926936	0.953923	0.953718	0.959542	0.976641	0.945344	0.952746	0.863184	0.88295	0.869441	0.87793	0.863844	0.886442	0.851917	0.846133	0.853301	0.83536	0.86533	0.851674	0.893183	0.889829	0.887228	0.887936	0.996892	0.934693
ERR635349	1.06028	1.07363	1.06665	1.06442	1.07327	1.0666	0.79641	0.768482	0	0.767686	0.774834	0.796037	1.07263	1.08115	1.10215	1.08055	1.07605	1.07566	1.07174	1.06484	1.06607	1.05076	1.07112	1.06594	1.08245	1.08195	1.08135	1.07928	1.08461	1.07418	1.08904	1.08406	1.07352	1.06485	1.11167	1.08613	1.14382	1.14903	1.14729	1.14711	1.1394	1.14589	1.06389	1.04512	1.04335	1.06157	1.05288	1.06257	0.936664	0.93451	0.919084	0.916287	0.934141	0.923278	0.882911	0.887505	1.04643	1.05079	1.04413	0.881657	0.892909	0.902708	0.87002	0.907397	0.870676	0.906254	0.984873	0.944792	0.929097	0.928633	1.01461	0.926918	0.954508	0.954037	0.960031	0.976664	0.945741	0.953309	0.863809	0.883115	0.869847	0.878382	0.863916	0.88671	0.85171	0.846263	0.852942	0.835272	0.864805	0.851234	0.893648	0.889991	0.88773	0.888354	0.99807	0.934896
ERR635351	1.05964	1.07301	1.06624	1.0641	1.07289	1.06662	0.795882	0.767788	0.767686	0	0.773962	0.795165	1.0723	1.08071	1.10193	1.08007	1.07567	1.07524	1.07155	1.06454	1.06581	1.05057	1.07082	1.06552	1.08258	1.08166	1.08135	1.07904	1.08455	1.07356	1.08877	1.08376	1.07328	1.06481	1.11148	1.08596	1.14355	1.1489	1.14713	1.1465	1.139	1.14557	1.06351	1.04414	1.04274	1.06086	1.05216	1.06192	0.936557	0.934222	0.918568	0.915511	0.934238	0.922699	0.882096	0.886721	1.04442	1.04921	1.04224	0.880941	0.892694	0.90278	0.869337	0.907366	0.8704	0.906397	0.983919	0.943678	0.927819	0.927559	1.01448	0.925974	0.953304	0.952562	0.958475	0.975704	0.944132	0.952015	0.86264	0.882322	0.869038	0.877388	0.863257	0.886255	0.851149	0.845674	0.852374	0.834585	0.864508	0.850857	0.892652	0.889334	0.887285	0.887769	0.997461	0.934937
ERR635346	1.06161	1.07569	1.06869	1.06601	1.07513	1.06852	0.796522	0.774463	0.774834	0.773962	0	0.795804	1.07417	1.08265	1.10294	1.08206	1.07773	1.07735	1.0733	1.06595	1.06728	1.05218	1.07241	1.06711	1.08403	1.08355	1.08288	1.08045	1.08594	1.0752	1.09046	1.085	1.07472	1.06628	1.11265	1.08751	1.14508	1.15034	1.14874	1.14825	1.14031	1.14715	1.06567	1.04683	1.04497	1.06371	1.05448	1.0647	0.93797	0.935911	0.921139	0.918458	0.93576	0.924425	0.885045	0.889378	1.05172	1.05602	1.04952	0.88382	0.893552	0.903558	0.871538	0.908456	0.871532	0.907008	0.987592	0.948328	0.932535	0.932046	1.01645	0.931065	0.957523	0.957282	0.962872	0.979591	0.949154	0.956421	0.866907	0.885805	0.87249	0.88121	0.867311	0.888723	0.855017	0.849216	0.856347	0.838594	0.867342	0.854554	0.896936	0.892968	0.89047	0.891331	0.998969	0.937901
ERR635347	1.07528	1.08885	1.0819	1.07925	1.08833	1.08116	0.815522	0.795769	0.796037	0.795165	0.795804	0	1.08683	1.09469	1.11348	1.09417	1.09043	1.09007	1.08607	1.07865	1.08057	1.06581	1.08549	1.08029	1.09628	1.09535	1.09481	1.09196	1.09753	1.0876	1.10249	1.09694	1.08699	1.07918	1.12303	1.10012	1.15529	1.16026	1.15893	1.15831	1.15116	1.15738	1.07899	1.06128	1.05863	1.07712	1.06798	1.07836	0.950536	0.948233	0.936383	0.933901	0.948854	0.939291	0.903776	0.907137	1.07038	1.07399	1.06861	0.903007	0.90525	0.915384	0.886189	0.920038	0.886375	0.918418	1.00239	0.966079	0.951151	0.950611	1.02774	0.94948	0.973468	0.974037	0.978777	0.993918	0.967533	0.972532	0.885813	0.90384	0.890195	0.899219	0.885615	0.903865	0.873669	0.867874	0.874981	0.858563	0.883336	0.873039	0.9164	0.91101	0.908704	0.90955	1.00969	0.953807
ERR608679	0.843445	0.859019	0.850072	0.849051	0.859303	0.851977	1.08679	1.07173	1.07263	1.0723	1.07417	1.08683	0	0.796836	0.829164	0.794924	0.789565	0.788383	0.854486	0.848934	0.848117	0.835118	0.8543	0.849367	0.872958	0.871963	0.871915	0.872548	0.877145	0.867073	0.944053	0.937716	0.925893	0.913753	0.973493	0.94058	0.977348	0.984925	0.980752	0.980998	0.969974	0.977687	0.891668	0.868466	0.867157	0.889864	0.877513	0.890058	1.10305	1.10096	1.08985	1.0885	1.10105	1.0937	1.06506	1.06902	1.15085	1.15606	1.14965	1.06447	1.10154	1.10953	1.08634	1.11176	1.08796	1.11216	1.09435	1.06228	1.05028	1.0493	1.1177	1.04874	1.06466	1.06643	1.06923	1.08444	1.05749	1.06319	1.06468	1.07782	1.06943	1.07446	1.06398	1.08193	1.06996	1.06626	1.07199	1.05736	1.08122	1.07105	1.06642	1.06643	1.06448	1.0656	1.14123	1.09659
ERR608678	0.855213	0.870086	0.86167	0.859697	0.870686	0.862874	1.09493	1.08054	1.08115	1.08071	1.08265	1.09469	0.796836	0	0.837917	0.80711	0.802275	0.801555	0.864642	0.858858	0.85869	0.847196	0.864407	0.859908	0.883447	0.882916	0.882529	0.882581	0.88717	0.877966	0.953357	0.946825	0.93553	0.924139	0.98081	0.950324	0.985899	0.992972	0.989194	0.98954	0.978845	0.985971	0.902571	0.880859	0.878934	0.900857	0.888708	0.900779	1.1101	1.10807	1.09765	1.09628	1.10825	1.10115	1.07432	1.07811	1.1598	1.16492	1.15876	1.07359	1.10846	1.11642	1.09413	1.1185	1.09564	1.11915	1.10146	1.07094	1.05933	1.05814	1.12333	1.05753	1.0727	1.0747	1.07725	1.0918	1.06615	1.07145	1.07376	1.08657	1.07831	1.0832	1.0731	1.08987	1.07904	1.07531	1.08107	1.0667	1.08955	1.07998	1.07563	1.07534	1.07358	1.07427	1.147	1.10443
ERR608677	0.882855	0.898175	0.890503	0.886618	0.898723	0.888195	1.11413	1.10099	1.10215	1.10193	1.10294	1.11348	0.829164	0.837917	0	0.83639	0.834875	0.833815	0.890754	0.884235	0.886131	0.87578	0.890428	0.886649	0.907846	0.907288	0.906883	0.905402	0.909237	0.903433	0.976553	0.967976	0.958186	0.949411	0.997572	0.97381	1.0058	1.01201	1.0095	1.00982	1.00037	1.00662	0.931628	0.91246	0.908901	0.931911	0.918019	0.931547	1.12557	1.12326	1.1173	1.11612	1.12405	1.11892	1.09602	1.09885	1.18935	1.19322	1.18856	1.09586	1.1238	1.13306	1.11286	1.1353	1.11375	1.13505	1.12062	1.09377	1.08169	1.08046	1.13706	1.08009	1.09432	1.09777	1.09887	1.11078	1.0906	1.09342	1.09624	1.10806	1.09875	1.10494	1.09514	1.10743	1.10227	1.0978	1.10417	1.09032	1.10934	1.10326	1.09923	1.09607	1.09446	1.09522	1.15955	1.1239
ERR608682	0.851865	0.866433	0.858244	0.856453	0.866966	0.85941	1.09448	1.07988	1.08055	1.08007	1.08206	1.09417	0.794924	0.80711	0.83639	0	0.796244	0.794972	0.861768	0.855937	0.855685	0.843876	0.861656	0.857385	0.879892	0.8794	0.879157	0.879028	0.883518	0.874085	0.950621	0.944076	0.932818	0.921295	0.97807	0.94739	0.982929	0.98973	0.985493	0.986328	0.975621	0.98294	0.900174	0.878603	0.876627	0.899052	0.886183	0.899137	1.10918	1.10717	1.09725	1.09574	1.10725	1.10038	1.07343	1.0772	1.15913	1.16408	1.15803	1.07286	1.10782	1.11581	1.09363	1.11819	1.09521	1.11855	1.1009	1.07009	1.05842	1.0573	1.12269	1.05676	1.07155	1.07388	1.07618	1.0905	1.06527	1.07054	1.0732	1.08609	1.07764	1.08251	1.07266	1.08886	1.07815	1.0744	1.08049	1.06584	1.08862	1.0794	1.0752	1.07438	1.0725	1.07349	1.14622	1.10381
ERR608681	0.846608	0.860807	0.852174	0.85123	0.861242	0.855209	1.09006	1.07557	1.07605	1.07567	1.07773	1.09043	0.789565	0.802275	0.834875	0.796244	0	0.789285	0.857129	0.851616	0.85064	0.838382	0.857007	0.8525	0.875428	0.874828	0.874779	0.875658	0.879796	0.869974	0.946266	0.940379	0.928642	0.916683	0.975682	0.942986	0.980119	0.986963	0.982721	0.983116	0.972094	0.979592	0.893735	0.871062	0.870487	0.891553	0.88021	0.891732	1.10673	1.10509	1.0932	1.09196	1.10486	1.09715	1.06902	1.07307	1.15043	1.15574	1.1489	1.0681	1.10556	1.11294	1.08987	1.11489	1.09171	1.11582	1.09676	1.06467	1.05307	1.05235	1.12077	1.05189	1.06713	1.06883	1.07198	1.08675	1.05981	1.06602	1.06774	1.08084	1.07309	1.07767	1.06743	1.086	1.07281	1.06919	1.07497	1.06049	1.08464	1.07405	1.06927	1.06994	1.06818	1.06881	1.1442	1.09945
ERR608680	0.84596	0.86012	0.851738	0.851138	0.860538	0.854446	1.08965	1.07489	1.07566	1.07524	1.07735	1.09007	0.788383	0.801555	0.833815	0.794972	0.789285	0	0.856825	0.852012	0.850729	0.83843	0.856576	0.852275	0.875214	0.874589	0.874356	0.874995	0.879532	0.869294	0.945531	0.940037	0.928624	0.916508	0.975452	0.942371	0.978807	0.98591	0.981484	0.982041	0.971266	0.978848	0.89281	0.870025	0.869411	0.890607	0.879388	0.890589	1.10677	1.10473	1.09267	1.09141	1.10468	1.09696	1.06813	1.07204	1.14861	1.15384	1.14726	1.06741	1.10504	1.11246	1.08928	1.11475	1.09124	1.11527	1.09612	1.06388	1.05251	1.05163	1.12037	1.05111	1.06609	1.06728	1.07058	1.08613	1.05833	1.06479	1.0673	1.0804	1.07276	1.07716	1.06687	1.08556	1.07192	1.06854	1.07403	1.05957	1.08387	1.07324	1.06838	1.06914	1.06726	1.06846	1.14352	1.09855
ERR607614	0.861174	0.87712	0.868058	0.866035	0.876905	0.869381	1.08582	1.07124	1.07174	1.07155	1.0733	1.08607	0.854486	0.864642	0.890754	0.861768	0.857129	0.856825	0	0.792258	0.789293	0.777576	0.795876	0.792856	0.867854	0.866655	0.866516	0.866575	0.870673	0.861851	0.940813	0.933628	0.922362	0.910619	0.968341	0.937467	0.983193	0.990024	0.986472	0.9867	0.976263	0.983638	0.883171	0.859895	0.857869	0.880935	0.868817	0.881421	1.10415	1.10164	1.09108	1.09012	1.10207	1.09473	1.06881	1.0727	1.15606	1.16095	1.15506	1.06801	1.10001	1.10833	1.08537	1.11051	1.08663	1.11077	1.09729	1.06589	1.05419	1.05284	1.11962	1.05243	1.06349	1.06525	1.06827	1.08314	1.05654	1.06211	1.06988	1.08288	1.07425	1.07939	1.06902	1.08638	1.07126	1.06728	1.07334	1.05872	1.08183	1.07246	1.07161	1.07166	1.06958	1.07046	1.14392	1.10113
ERR607610	0.853482	0.870981	0.861501	0.858381	0.871035	0.861476	1.07879	1.06406	1.06484	1.06454	1.06595	1.07865	0.848934	0.858858	0.884235	0.855937	0.851616	0.852012	0.792258	0	0.784115	0.765906	0.790977	0.782873	0.862168	0.861175	0.860912	0.860441	0.865025	0.855675	0.935913	0.927317	0.915529	0.904316	0.962471	0.932108	0.978729	0.985404	0.982019	0.982067	0.971142	0.978877	0.876679	0.853792	0.850228	0.875915	0.861436	0.875831	1.09584	1.09343	1.08434	1.0832	1.09403	1.08721	1.06194	1.06556	1.15834	1.16283	1.1572	1.06133	1.09146	1.10082	1.07762	1.10313	1.07905	1.10336	1.09228	1.06115	1.04871	1.04728	1.11336	1.04694	1.05904	1.06154	1.06377	1.07863	1.05334	1.05791	1.06311	1.07657	1.06695	1.07271	1.06233	1.07796	1.06529	1.0605	1.06707	1.0521	1.07499	1.06644	1.06543	1.06424	1.06227	1.06321	1.13679	1.09468
ERR607612	0.85374	0.870086	0.861104	0.858862	0.87039	0.862196	1.08048	1.06533	1.06607	1.06581	1.06728	1.08057	0.848117	0.85869	0.886131	0.855685	0.85064	0.850729	0.789293	0.784115	0	0.768538	0.788559	0.785301	0.861991	0.86073	0.861234	0.860585	0.865766	0.855493	0.934813	0.927442	0.915461	0.904129	0.963187	0.931259	0.977563	0.984387	0.981005	0.981051	0.970074	0.977899	0.875973	0.85229	0.850285	0.874256	0.861027	0.87436	1.0984	1.09635	1.08533	1.08417	1.09677	1.08906	1.06268	1.06665	1.15201	1.15699	1.15083	1.06214	1.09457	1.10306	1.07937	1.10513	1.08097	1.10558	1.09246	1.06068	1.04836	1.04737	1.11527	1.04675	1.05879	1.06038	1.0632	1.07832	1.05178	1.0571	1.06372	1.07697	1.0684	1.07361	1.06308	1.08065	1.06517	1.06123	1.06746	1.05226	1.07635	1.06653	1.06552	1.06547	1.06325	1.06426	1.13939	1.09552
ERR607609	0.836656	0.854629	0.844307	0.841793	0.854975	0.84589	1.06559	1.05011	1.05076	1.05057	1.05218	1.06581	0.835118	0.847196	0.87578	0.843876	0.838382	0.83843	0.777576	0.765906	0.768538	0	0.776763	0.767423	0.84991	0.84911	0.848721	0.848125	0.853377	0.842293	0.923297	0.91525	0.902709	0.89008	0.953042	0.919403	0.965546	0.973222	0.96954	0.969509	0.957761	0.966334	0.861881	0.836435	0.834026	0.859666	0.84564	0.86027	1.08411	1.08162	1.07114	1.06979	1.08215	1.07462	1.04693	1.05115	1.14346	1.14863	1.14241	1.04597	1.08036	1.08969	1.06487	1.09169	1.06638	1.09223	1.08053	1.04763	1.03492	1.03377	1.10403	1.0329	1.04733	1.04952	1.05233	1.06811	1.0404	1.04598	1.04782	1.0619	1.05261	1.05826	1.04712	1.06512	1.05034	1.04584	1.05236	1.03651	1.06141	1.05169	1.05059	1.04953	1.04753	1.04856	1.1271	1.08127
ERR607613	0.860719	0.876949	0.867806	0.865387	0.876808	0.868784	1.08516	1.07044	1.07112	1.07082	1.07241	1.08549	0.8543	0.864407	0.890428	0.861656	0.857007	0.856576	0.795876	0.790977	0.788559	0.776763	0	0.791991	0.867236	0.866476	0.866407	0.866395	0.870424	0.861288	0.941159	0.932905	0.921671	0.910332	0.968001	0.937108	0.98341	0.990042	0.986567	0.987161	0.976064	0.98382	0.882199	0.859902	0.857656	0.880868	0.868	0.881011	1.10297	1.10073	1.09057	1.0895	1.10097	1.09378	1.06809	1.07226	1.15709	1.16219	1.15616	1.06749	1.09869	1.10718	1.08423	1.10919	1.08565	1.11006	1.09685	1.06578	1.05376	1.0528	1.11936	1.05212	1.06305	1.06528	1.0677	1.08255	1.05681	1.06194	1.06924	1.08234	1.07361	1.07894	1.06868	1.08575	1.07065	1.06645	1.07272	1.05801	1.08141	1.07203	1.07123	1.07109	1.06879	1.06985	1.14323	1.1005
ERR607611	0.853796	0.870659	0.861542	0.859043	0.870901	0.862407	1.07963	1.06514	1.06594	1.06552	1.06711	1.08029	0.849367	0.859908	0.886649	0.857385	0.8525	0.852275	0.792856	0.782873	0.785301	0.767423	0.791991	0	0.862359	0.861866	0.86162	0.860939	0.865852	0.855806	0.936469	0.928401	0.916914	0.90487	0.96404	0.932759	0.978044	0.985181	0.981476	0.981811	0.970733	0.978449	0.877034	0.853327	0.85081	0.875096	0.861747	0.875064	1.09821	1.09593	1.08538	1.08457	1.09624	1.08881	1.06275	1.06695	1.15455	1.15932	1.1532	1.06216	1.09384	1.10225	1.0791	1.10445	1.08028	1.1049	1.09322	1.06173	1.04951	1.04833	1.11567	1.04744	1.06028	1.06222	1.06499	1.07965	1.05372	1.05868	1.06385	1.07699	1.06816	1.07352	1.06337	1.0803	1.06537	1.0613	1.06753	1.05268	1.07593	1.0667	1.06606	1.06536	1.06361	1.06434	1.1386	1.09542
ERR607698	0.871327	0.886715	0.877914	0.876131	0.886674	0.879241	1.09605	1.08211	1.08245	1.08258	1.08403	1.09628	0.872958	0.883447	0.907846	0.879892	0.875428	0.875214	0.867854	0.862168	0.861991	0.84991	0.867236	0.862359	0	0.773094	0.773126	0.776898	0.781023	0.769807	0.948315	0.941525	0.930044	0.918844	0.975793	0.944792	0.985366	0.991534	0.988133	0.988528	0.978089	0.985044	0.898259	0.876854	0.874819	0.897135	0.884873	0.8969	1.11563	1.11325	1.10333	1.10234	1.11366	1.1068	1.08026	1.08381	1.16778	1.17266	1.16673	1.07959	1.10742	1.11565	1.09348	1.1179	1.09483	1.11824	1.11209	1.08296	1.07124	1.07037	1.13312	1.06985	1.08035	1.08249	1.08484	1.09924	1.07417	1.07947	1.08279	1.09514	1.08699	1.09178	1.08209	1.09825	1.08341	1.07949	1.08553	1.07116	1.09358	1.08445	1.08429	1.08382	1.0821	1.08292	1.1533	1.11232
ERR607696	0.871183	0.886544	0.877532	0.875666	0.886346	0.87857	1.09527	1.08113	1.08195	1.08166	1.08355	1.09535	0.871963	0.882916	0.907288	0.8794	0.874828	0.874589	0.866655	0.861175	0.86073	0.84911	0.866476	0.861866	0.773094	0	0.772175	0.775841	0.780219	0.768915	0.947527	0.940331	0.929187	0.917969	0.975133	0.944033	0.985134	0.991455	0.987846	0.988236	0.97797	0.98475	0.898053	0.876487	0.874255	0.896415	0.884077	0.89653	1.11492	1.11282	1.10257	1.10164	1.11296	1.106	1.07968	1.08314	1.1679	1.17253	1.1667	1.07922	1.10675	1.11489	1.09259	1.11708	1.0941	1.1174	1.11154	1.08233	1.07057	1.06979	1.13267	1.06925	1.07973	1.08203	1.0841	1.09863	1.07365	1.07861	1.08195	1.09458	1.08616	1.0913	1.08148	1.09778	1.08273	1.07886	1.08481	1.07078	1.09301	1.08416	1.08382	1.08323	1.08173	1.08233	1.15279	1.11189
ERR607697	0.871079	0.886708	0.87769	0.875822	0.886748	0.878758	1.095	1.0809	1.08135	1.08135	1.08288	1.09481	0.871915	0.882529	0.906883	0.879157	0.874779	0.874356	0.866516	0.860912	0.861234	0.848721	0.866407	0.86162	0.773126	0.772175	0	0.775513	0.77998	0.768656	0.947263	0.940082	0.928877	0.917527	0.974672	0.943922	0.985148	0.991784	0.988427	0.988445	0.978227	0.985246	0.897616	0.875925	0.873604	0.896437	0.884072	0.896317	1.11446	1.11188	1.10249	1.10115	1.1125	1.1054	1.07904	1.08255	1.16845	1.17311	1.16729	1.07844	1.10615	1.11456	1.09237	1.11697	1.09375	1.11723	1.1109	1.08198	1.07028	1.06902	1.13205	1.06852	1.07892	1.08163	1.08342	1.09806	1.07317	1.07824	1.08147	1.09376	1.08571	1.09074	1.08109	1.09691	1.08248	1.07853	1.08449	1.0702	1.09258	1.08379	1.08356	1.08233	1.0809	1.08185	1.15231	1.11159
ERR607695	0.870879	0.887377	0.87854	0.875584	0.887463	0.878664	1.09236	1.07824	1.07928	1.07904	1.08045	1.09196	0.872548	0.882581	0.905402	0.879028	0.875658	0.874995	0.866575	0.860441	0.860585	0.848125	0.866395	0.860939	0.776898	0.775841	0.775513	0	0.777539	0.767098	0.947794	0.939618	0.928091	0.91773	0.974396	0.944456	0.986046	0.992529	0.989459	0.989789	0.979464	0.986053	0.898268	0.876692	0.873708	0.897554	0.883624	0.897567	1.11048	1.1084	1.09998	1.09857	1.10876	1.10237	1.07694	1.08058	1.17224	1.17685	1.17126	1.07664	1.10244	1.11147	1.08942	1.11382	1.0906	1.11397	1.10969	1.08063	1.06865	1.06776	1.12913	1.06705	1.07836	1.08137	1.08272	1.09693	1.07331	1.07768	1.0797	1.0921	1.08324	1.08873	1.07884	1.09361	1.08085	1.07672	1.08299	1.06841	1.08991	1.08205	1.08241	1.08042	1.07873	1.07955	1.14911	1.10966
ERR607693	0.876305	0.892259	0.883324	0.88049	0.892343	0.88324	1.0978	1.0841	1.08461	1.08455	1.08594	1.09753	0.877145	0.88717	0.909237	0.883518	0.879796	0.879532	0.870673	0.865025	0.865766	0.853377	0.870424	0.865852	0.781023	0.780219	0.77998	0.777539	0	0.771894	0.952051	0.944012	0.932475	0.922353	0.978174	0.948545	0.98872	0.994977	0.991918	0.992232	0.982082	0.988775	0.902818	0.882058	0.878919	0.902098	0.888821	0.90175	1.11615	1.11386	1.10539	1.10411	1.11422	1.10816	1.08273	1.08611	1.17519	1.17979	1.17408	1.08253	1.10786	1.11661	1.09509	1.11914	1.09648	1.11902	1.11404	1.0857	1.07369	1.07253	1.13359	1.07207	1.08265	1.08535	1.08726	1.10085	1.07757	1.08167	1.08514	1.09738	1.08883	1.09423	1.08451	1.09917	1.08652	1.08216	1.08858	1.07424	1.09559	1.08747	1.08752	1.08609	1.084	1.08514	1.15365	1.11457
ERR607694	0.864218	0.880329	0.871483	0.869318	0.880404	0.872343	1.08757	1.07322	1.07418	1.07356	1.0752	1.0876	0.867073	0.877966	0.903433	0.874085	0.869974	0.869294	0.861851	0.855675	0.855493	0.842293	0.861288	0.855806	0.769807	0.768915	0.768656	0.767098	0.771894	0	0.942762	0.934962	0.923399	0.911711	0.971274	0.938888	0.980266	0.987442	0.983451	0.983657	0.973044	0.980202	0.891415	0.868921	0.866718	0.89002	0.87725	0.889888	1.10738	1.10508	1.09497	1.09393	1.10549	1.09834	1.07113	1.075	1.16252	1.1676	1.1613	1.07051	1.09923	1.10763	1.08483	1.10975	1.08617	1.11041	1.10522	1.07514	1.06344	1.0623	1.12671	1.0618	1.0731	1.07563	1.07776	1.09232	1.06694	1.07222	1.07389	1.08659	1.07794	1.08309	1.07306	1.08977	1.07484	1.07078	1.07698	1.06209	1.08515	1.07567	1.07566	1.07495	1.07322	1.07408	1.14636	1.10447
ERR613356	0.937733	0.948946	0.94207	0.942717	0.948776	0.945291	1.10246	1.08859	1.08904	1.08877	1.09046	1.10249	0.944053	0.953357	0.976553	0.950621	0.946266	0.945531	0.940813	0.935913	0.934813	0.923297	0.941159	0.936469	0.948315	0.947527	0.947263	0.947794	0.952051	0.942762	0	0.798998	0.789658	0.780632	0.824414	0.796213	0.937647	0.941644	0.940316	0.940477	0.933901	0.937904	0.968537	0.950704	0.950929	0.966324	0.958465	0.967425	1.10924	1.10719	1.09657	1.09471	1.10774	1.10048	1.07641	1.08014	1.15923	1.16381	1.15857	1.07547	1.118	1.1242	1.10263	1.12632	1.10471	1.12681	1.1092	1.07925	1.06898	1.06799	1.13099	1.06726	1.0929	1.09347	1.09709	1.11015	1.08592	1.09184	1.0729	1.08572	1.07804	1.08275	1.07322	1.0899	1.08514	1.08204	1.08745	1.07387	1.09605	1.08674	1.08258	1.08266	1.08093	1.08209	1.15338	1.11076
ERR613354	0.931124	0.944534	0.937263	0.935659	0.944429	0.938511	1.09747	1.08355	1.08406	1.08376	1.085	1.09694	0.937716	0.946825	0.967976	0.944076	0.940379	0.940037	0.933628	0.927317	0.927442	0.91525	0.932905	0.928401	0.941525	0.940331	0.940082	0.939618	0.944012	0.934962	0.798998	0	0.78003	0.771351	0.821951	0.795936	0.935465	0.939866	0.939283	0.939424	0.9322	0.936608	0.963362	0.945031	0.943753	0.962271	0.952098	0.962992	1.10245	1.10025	1.09166	1.08995	1.10072	1.09435	1.07254	1.07549	1.16905	1.17317	1.16856	1.07173	1.11079	1.11847	1.09717	1.12049	1.09883	1.12075	1.10522	1.07631	1.06464	1.0635	1.12436	1.06278	1.08991	1.09161	1.09378	1.10665	1.08443	1.08846	1.06916	1.08182	1.07267	1.07848	1.06908	1.08339	1.08234	1.07818	1.0844	1.07014	1.09116	1.08335	1.07984	1.07805	1.07599	1.07707	1.14712	1.10666
ERR613355	0.918676	0.933231	0.924988	0.923791	0.933246	0.926444	1.08753	1.07309	1.07352	1.07328	1.07472	1.08699	0.925893	0.93553	0.958186	0.932818	0.928642	0.928624	0.922362	0.915529	0.915461	0.902709	0.921671	0.916914	0.930044	0.929187	0.928877	0.928091	0.932475	0.923399	0.789658	0.78003	0	0.758291	0.814934	0.785687	0.92894	0.933775	0.932951	0.933189	0.925353	0.930139	0.950801	0.930979	0.929652	0.949727	0.938544	0.950248	1.09275	1.09024	1.08163	1.07978	1.09118	1.08461	1.06138	1.06476	1.16101	1.16526	1.16053	1.06066	1.10118	1.10929	1.08728	1.11153	1.08913	1.11172	1.09619	1.06611	1.05385	1.05287	1.11593	1.05195	1.07949	1.08151	1.08423	1.09706	1.0741	1.07838	1.05822	1.0716	1.06178	1.06834	1.05818	1.07284	1.07181	1.0677	1.07389	1.05945	1.08111	1.07317	1.06906	1.06683	1.06535	1.06628	1.13883	1.09728
ERR613353	0.906628	0.921285	0.91299	0.911904	0.921169	0.914985	1.07943	1.06446	1.06485	1.06481	1.06628	1.07918	0.913753	0.924139	0.949411	0.921295	0.916683	0.916508	0.910619	0.904316	0.904129	0.89008	0.910332	0.90487	0.918844	0.917969	0.917527	0.91773	0.922353	0.911711	0.780632	0.771351	0.758291	0	0.810157	0.776531	0.923804	0.928735	0.927044	0.926808	0.918525	0.924183	0.93896	0.918107	0.917758	0.937142	0.926786	0.938129	1.08651	1.08396	1.07372	1.07187	1.08447	1.07751	1.05249	1.05617	1.1498	1.15447	1.14911	1.05153	1.09514	1.10261	1.07953	1.10501	1.08134	1.10521	1.08774	1.05594	1.04388	1.04304	1.11017	1.04215	1.07076	1.07217	1.07548	1.08929	1.06431	1.06953	1.04897	1.06234	1.05332	1.05924	1.04859	1.06585	1.06229	1.05822	1.06456	1.04935	1.07298	1.06351	1.05952	1.0586	1.05659	1.05789	1.13375	1.08918
ERR613358	0.967823	0.979414	0.97325	0.971467	0.979319	0.97348	1.12346	1.11134	1.11167	1.11148	1.11265	1.12303	0.973493	0.98081	0.997572	0.97807	0.975682	0.975452	0.968341	0.962471	0.963187	0.953042	0.968001	0.96404	0.975793	0.975133	0.974672	0.974396	0.978174	0.971274	0.824414	0.821951	0.814934	0.810157	0	0.822109	0.952822	0.955072	0.955777	0.9562	0.950752	0.953582	0.998207	0.983184	0.981585	0.998003	0.988485	0.998692	1.12645	1.12428	1.11759	1.11624	1.12492	1.1199	1.10076	1.10345	1.19006	1.19365	1.18974	1.10032	1.13469	1.14223	1.12312	1.14439	1.12457	1.14461	1.1297	1.10413	1.09368	1.0925	1.14591	1.09204	1.11657	1.11818	1.12068	1.1309	1.11206	1.11537	1.09809	1.10947	1.10077	1.10644	1.09777	1.10948	1.11022	1.10642	1.11227	1.09934	1.11798	1.11129	1.10786	1.10555	1.1039	1.105	1.16741	1.13198
ERR613357	0.93411	0.945679	0.938625	0.938534	0.945678	0.942094	1.09999	1.08543	1.08613	1.08596	1.08751	1.10012	0.94058	0.950324	0.97381	0.94739	0.942986	0.942371	0.937467	0.932108	0.931259	0.919403	0.937108	0.932759	0.944792	0.944033	0.943922	0.944456	0.948545	0.938888	0.796213	0.795936	0.785687	0.776531	0.822109	0	0.935177	0.939283	0.938346	0.938129	0.931239	0.935673	0.964365	0.94624	0.946258	0.962738	0.954647	0.963554	1.10647	1.10451	1.0937	1.09173	1.1046	1.0975	1.07351	1.07716	1.15807	1.16272	1.15765	1.07266	1.11524	1.12165	1.09994	1.12338	1.10187	1.12416	1.10632	1.07627	1.06555	1.06459	1.12842	1.06382	1.09023	1.09066	1.0944	1.10782	1.08321	1.08893	1.06975	1.08282	1.07474	1.07972	1.06986	1.08685	1.08221	1.07892	1.08456	1.07066	1.09308	1.08361	1.07948	1.07956	1.07791	1.07863	1.15087	1.10773
ERR605534	0.974033	0.982495	0.977063	0.977942	0.982912	0.979859	1.155	1.14333	1.14382	1.14355	1.14508	1.15529	0.977348	0.985899	1.0058	0.982929	0.980119	0.978807	0.983193	0.978729	0.977563	0.965546	0.98341	0.978044	0.985366	0.985134	0.985148	0.986046	0.98872	0.980266	0.937647	0.935465	0.92894	0.923804	0.952822	0.935177	0	0.773442	0.767976	0.768043	0.760759	0.766125	0.983876	0.970708	0.970484	0.983052	0.976525	0.983382	1.16406	1.16232	1.15236	1.15126	1.16239	1.1563	1.13416	1.1379	1.20117	1.20515	1.20076	1.13325	1.16763	1.17263	1.15462	1.17364	1.15553	1.17474	1.16918	1.14496	1.13724	1.13634	1.18812	1.13591	1.14784	1.14763	1.15129	1.16225	1.1415	1.14697	1.13693	1.1476	1.14154	1.14493	1.1369	1.15199	1.14228	1.13968	1.14382	1.13305	1.15186	1.14356	1.13883	1.13958	1.13801	1.13912	1.19835	1.16209
ERR605535	0.981256	0.989349	0.983933	0.984812	0.989709	0.987085	1.16001	1.14867	1.14903	1.1489	1.15034	1.16026	0.984925	0.992972	1.01201	0.98973	0.986963	0.98591	0.990024	0.985404	0.984387	0.973222	0.990042	0.985181	0.991534	0.991455	0.991784	0.992529	0.994977	0.987442	0.941644	0.939866	0.933775	0.928735	0.955072	0.939283	0.773442	0	0.773618	0.773152	0.767962	0.771884	0.990792	0.978562	0.977919	0.99001	0.983956	0.990642	1.16885	1.16711	1.15756	1.15621	1.16716	1.16143	1.14003	1.14347	1.20647	1.21028	1.20581	1.13915	1.17224	1.17713	1.15971	1.17845	1.1608	1.17941	1.1741	1.15062	1.14292	1.14224	1.19233	1.14168	1.15353	1.15327	1.15701	1.16775	1.14728	1.15281	1.14269	1.15303	1.14725	1.15051	1.14252	1.15732	1.1477	1.14517	1.14914	1.13863	1.15701	1.14887	1.14418	1.14489	1.14335	1.14466	1.20237	1.16692
ERR605538	0.976866	0.984577	0.979434	0.980623	0.98486	0.982843	1.15834	1.14685	1.14729	1.14713	1.14874	1.15893	0.980752	0.989194	1.0095	0.985493	0.982721	0.981484	0.986472	0.982019	0.981005	0.96954	0.986567	0.981476	0.988133	0.987846	0.988427	0.989459	0.991918	0.983451	0.940316	0.939283	0.932951	0.927044	0.955777	0.938346	0.767976	0.773618	0	0.762145	0.760797	0.760803	0.986077	0.973206	0.973587	0.984916	0.979046	0.985605	1.16746	1.16614	1.1556	1.15421	1.16589	1.15951	1.13763	1.14128	1.20021	1.20441	1.19951	1.13668	1.17154	1.17587	1.15822	1.17736	1.15937	1.17802	1.1721	1.14806	1.14061	1.13982	1.19165	1.13963	1.15139	1.15097	1.1548	1.16586	1.14457	1.15032	1.14044	1.15091	1.14537	1.14829	1.14039	1.15579	1.14523	1.14283	1.14676	1.13619	1.15547	1.14643	1.14171	1.14295	1.14161	1.14267	1.20141	1.16516
ERR605536	0.977225	0.984992	0.979686	0.980643	0.985214	0.983663	1.15789	1.14639	1.14711	1.1465	1.14825	1.15831	0.980998	0.98954	1.00982	0.986328	0.983116	0.982041	0.9867	0.982067	0.981051	0.969509	0.987161	0.981811	0.988528	0.988236	0.988445	0.989789	0.992232	0.983657	0.940477	0.939424	0.933189	0.926808	0.9562	0.938129	0.768043	0.773152	0.762145	0	0.760668	0.760457	0.985813	0.972978	0.973239	0.984531	0.978908	0.985362	1.16758	1.16602	1.15527	1.15408	1.16577	1.15929	1.13713	1.14092	1.19957	1.2036	1.19885	1.13589	1.17149	1.17587	1.15809	1.17707	1.15918	1.1781	1.1716	1.14761	1.14006	1.1393	1.19147	1.13898	1.15066	1.15001	1.15393	1.16529	1.14374	1.14958	1.13985	1.15067	1.14512	1.14796	1.14007	1.15569	1.14452	1.14246	1.14624	1.13566	1.15498	1.14568	1.14116	1.14253	1.14098	1.14229	1.20143	1.16491
ERR605533	0.966096	0.975192	0.969449	0.97046	0.975461	0.973	1.15066	1.1387	1.1394	1.139	1.14031	1.15116	0.969974	0.978845	1.00037	0.975621	0.972094	0.971266	0.976263	0.971142	0.970074	0.957761	0.976064	0.970733	0.978089	0.97797	0.978227	0.979464	0.982082	0.973044	0.933901	0.9322	0.925353	0.918525	0.950752	0.931239	0.760759	0.767962	0.760797	0.760668	0	0.759208	0.976354	0.962571	0.96271	0.975237	0.968989	0.975429	1.1601	1.15857	1.14767	1.1466	1.15846	1.15196	1.1295	1.13306	1.19549	1.1997	1.19494	1.12833	1.16415	1.16898	1.1507	1.17028	1.15168	1.17105	1.16499	1.14027	1.13212	1.13154	1.18494	1.13107	1.14318	1.14281	1.14665	1.15811	1.13623	1.14216	1.13198	1.14304	1.13718	1.14034	1.13206	1.14809	1.13731	1.13484	1.13909	1.12804	1.14741	1.13851	1.13391	1.13486	1.13337	1.13457	1.1953	1.15773
ERR605537	0.974048	0.982302	0.977121	0.977934	0.982501	0.980132	1.15672	1.14515	1.14589	1.14557	1.14715	1.15738	0.977687	0.985971	1.00662	0.98294	0.979592	0.978848	0.983638	0.978877	0.977899	0.966334	0.98382	0.978449	0.985044	0.98475	0.985246	0.986053	0.988775	0.980202	0.937904	0.936608	0.930139	0.924183	0.953582	0.935673	0.766125	0.771884	0.760803	0.760457	0.759208	0	0.983317	0.970399	0.970601	0.982352	0.97648	0.982943	1.16642	1.16474	1.1543	1.15324	1.16459	1.15835	1.13609	1.14002	1.20001	1.20434	1.1995	1.13522	1.16989	1.17451	1.15678	1.17578	1.15802	1.17653	1.17078	1.14687	1.13894	1.13821	1.19013	1.13784	1.14968	1.1491	1.15298	1.16414	1.14266	1.14867	1.1389	1.14944	1.14389	1.14706	1.13918	1.1544	1.14376	1.14137	1.14527	1.13459	1.15372	1.14485	1.14051	1.14152	1.14008	1.14136	1.2003	1.16393
ERR607266	0.896292	0.909636	0.901318	0.901554	0.909875	0.905328	1.07872	1.06305	1.06389	1.06351	1.06567	1.07899	0.891668	0.902571	0.931628	0.900174	0.893735	0.89281	0.883171	0.876679	0.875973	0.861881	0.882199	0.877034	0.898259	0.898053	0.897616	0.898268	0.902818	0.891415	0.968537	0.963362	0.950801	0.93896	0.998207	0.964365	0.983876	0.990792	0.986077	0.985813	0.976354	0.983317	0	0.769778	0.770631	0.789184	0.780666	0.790244	1.09694	1.09453	1.08249	1.08132	1.09523	1.08702	1.05937	1.06387	1.12841	1.13417	1.12686	1.0586	1.09539	1.10292	1.07874	1.10502	1.08044	1.10559	1.08615	1.05217	1.04115	1.04062	1.11289	1.03983	1.06178	1.062	1.0663	1.08212	1.05295	1.06058	1.05574	1.06929	1.06149	1.06563	1.05518	1.07482	1.0629	1.05942	1.06516	1.05009	1.0757	1.06413	1.05494	1.0568	1.05487	1.05597	1.13473	1.08741
ERR607264	0.873149	0.888337	0.879061	0.879	0.888596	0.88284	1.06063	1.04396	1.04512	1.04414	1.04683	1.06128	0.868466	0.880859	0.91246	0.878603	0.871062	0.870025	0.859895	0.853792	0.85229	0.836435	0.859902	0.853327	0.876854	0.876487	0.875925	0.876692	0.882058	0.868921	0.950704	0.945031	0.930979	0.918107	0.983184	0.94624	0.970708	0.978562	0.973206	0.972978	0.962571	0.970399	0.769778	0	0.738285	0.765244	0.751297	0.766385	1.08051	1.07841	1.06537	1.06385	1.07867	1.06999	1.03992	1.04444	1.11352	1.11974	1.11191	1.03913	1.07876	1.08646	1.06092	1.08881	1.06254	1.08952	1.06883	1.03276	1.02109	1.02012	1.09738	1.0193	1.04375	1.04396	1.04837	1.06512	1.03439	1.04225	1.03617	1.05069	1.04241	1.04708	1.0356	1.05699	1.04366	1.04003	1.04612	1.03005	1.05738	1.04509	1.03504	1.03706	1.03497	1.03635	1.12013	1.06987
ERR607265	0.871778	0.888497	0.878894	0.877312	0.88848	0.880665	1.05874	1.04242	1.04335	1.04274	1.04497	1.05863	0.867157	0.878934	0.908901	0.876627	0.870487	0.869411	0.857869	0.850228	0.850285	0.834026	0.857656	0.85081	0.874819	0.874255	0.873604	0.873708	0.878919	0.866718	0.950929	0.943753	0.929652	0.917758	0.981585	0.946258	0.970484	0.977919	0.973587	0.973239	0.96271	0.970601	0.770631	0.738285	0	0.767257	0.750173	0.767917	1.07756	1.07483	1.06388	1.0622	1.07537	1.06748	1.03902	1.04309	1.12367	1.12927	1.12226	1.03828	1.07492	1.08383	1.05823	1.08607	1.06018	1.08682	1.06908	1.03383	1.02158	1.02058	1.09503	1.01973	1.04397	1.04496	1.04867	1.06501	1.03626	1.04249	1.03562	1.05	1.04074	1.04653	1.03492	1.05398	1.04369	1.03944	1.04582	1.0298	1.05557	1.04511	1.03555	1.03564	1.03378	1.03493	1.11753	1.06914
ERR607268	0.894292	0.90667	0.898541	0.899367	0.906963	0.903883	1.07659	1.06085	1.06157	1.06086	1.06371	1.07712	0.889864	0.900857	0.931911	0.899052	0.891553	0.890607	0.880935	0.875915	0.874256	0.859666	0.880868	0.875096	0.897135	0.896415	0.896437	0.897554	0.902098	0.89002	0.966324	0.962271	0.949727	0.937142	0.998003	0.962738	0.983052	0.99001	0.984916	0.984531	0.975237	0.982352	0.789184	0.765244	0.767257	0	0.77773	0.785476	1.0967	1.09454	1.08082	1.07946	1.09459	1.08576	1.05707	1.06168	1.11921	1.12571	1.11771	1.05603	1.09507	1.10151	1.07716	1.10363	1.07903	1.10479	1.08366	1.04845	1.03833	1.03757	1.11222	1.0367	1.05968	1.05902	1.06397	1.08016	1.04946	1.05795	1.05265	1.06666	1.05966	1.06316	1.05233	1.0742	1.05933	1.05635	1.06164	1.04674	1.07357	1.0611	1.05113	1.05434	1.05226	1.05341	1.13387	1.08506
ERR607263	0.882414	0.89805	0.889043	0.887873	0.897818	0.891383	1.0679	1.05187	1.05288	1.05216	1.05448	1.06798	0.877513	0.888708	0.918019	0.886183	0.88021	0.879388	0.868817	0.861436	0.861027	0.84564	0.868	0.861747	0.884873	0.884077	0.884072	0.883624	0.888821	0.87725	0.958465	0.952098	0.938544	0.926786	0.988485	0.954647	0.976525	0.983956	0.979046	0.978908	0.968989	0.97648	0.780666	0.751297	0.750173	0.77773	0	0.7782	1.08607	1.0838	1.07255	1.0711	1.08418	1.07622	1.04848	1.05248	1.12787	1.13367	1.1264	1.04769	1.08401	1.09229	1.06769	1.09453	1.06925	1.09533	1.07672	1.0422	1.0305	1.0295	1.10271	1.02871	1.05205	1.05303	1.05679	1.07272	1.04391	1.05078	1.04502	1.05901	1.05033	1.05528	1.04432	1.06349	1.05275	1.0487	1.05488	1.03949	1.06487	1.05422	1.04476	1.04538	1.04331	1.04466	1.12478	1.0774
ERR607267	0.894508	0.907696	0.899207	0.900157	0.907981	0.904257	1.07757	1.06195	1.06257	1.06192	1.0647	1.07836	0.890058	0.900779	0.931547	0.899137	0.891732	0.890589	0.881421	0.875831	0.87436	0.86027	0.881011	0.875064	0.8969	0.89653	0.896317	0.897567	0.90175	0.889888	0.967425	0.962992	0.950248	0.938129	0.998692	0.963554	0.983382	0.990642	0.985605	0.985362	0.975429	0.982943	0.790244	0.766385	0.767917	0.785476	0.7782	0	1.09755	1.09575	1.08209	1.08064	1.09563	1.08699	1.05847	1.06274	1.12096	1.12736	1.11937	1.05721	1.09607	1.10275	1.07818	1.10487	1.08017	1.10564	1.08461	1.04953	1.03899	1.03849	1.11284	1.03798	1.05999	1.05987	1.06445	1.0807	1.0502	1.05862	1.05401	1.06799	1.06068	1.06433	1.05364	1.07508	1.06044	1.05764	1.06294	1.04801	1.07451	1.06213	1.05248	1.05536	1.05339	1.05464	1.13509	1.08591
