	ERR637113	ERR637116	ERR637115	ERR637114	ERR637111	ERR637112	ERR630257	ERR630259	ERR630255	ERR630258	ERR630254	ERR630256	ERR607315	ERR607313	ERR607314	ERR607316	ERR607312	ERR607311	ERR612254	ERR612251	ERR612252	ERR612253	ERR612255	ERR612256	ERR621933	ERR621932	ERR621935	ERR621931	ERR621934	ERR621936	ERR612782	ERR612777	ERR612778	ERR612781	ERR612780	ERR612779	ERR637031	ERR637027	ERR637030	ERR637029	ERR637028	ERR637032	ERR629982	ERR629983	ERR629986	ERR629984	ERR629985	ERR629987	ERR617661	ERR617666	ERR617664	ERR617665	ERR617662	ERR617663	ERR626607	ERR626603	ERR626606	ERR626602	ERR626605	ERR626604	ERR618702	ERR618699	ERR618701	ERR618703	ERR618700	ERR618704	ERR638318	ERR638316	ERR638319	ERR638315	ERR638320	ERR638317	ERR617759	ERR617762	ERR617758	ERR617761	ERR617760	ERR617757	ERR618293	ERR618292	ERR618295	ERR618296	ERR618291	ERR618294	ERR630080	ERR630081	ERR630078	ERR630082	ERR630079	ERR630083	ERR616156	ERR616158	ERR616159	ERR616157	ERR616154	ERR616155
ERR637113	7.80104e+09	7.64112e+09	7.67474e+09	7.66541e+09	7.46043e+09	7.82578e+09	5.48246e+09	5.31384e+09	6.27235e+09	5.76562e+09	6.86625e+09	5.94718e+09	5.59884e+09	6.5803e+09	5.44132e+09	5.73663e+09	6.57721e+09	6.16902e+09	7.20262e+09	7.41928e+09	7.21505e+09	7.22456e+09	6.26161e+09	7.00623e+09	6.57428e+09	6.61447e+09	7.12087e+09	7.04934e+09	7.17244e+09	7.18942e+09	6.91515e+09	7.57524e+09	5.93521e+09	6.97051e+09	6.91304e+09	7.20053e+09	8.1536e+09	7.89317e+09	7.47483e+09	7.92157e+09	7.19326e+09	8.05551e+09	6.95418e+09	6.29116e+09	6.16745e+09	6.87825e+09	6.27089e+09	6.23165e+09	6.59314e+09	6.59374e+09	6.70905e+09	6.66908e+09	3.51411e+09	5.13248e+09	5.67718e+09	5.90122e+09	5.70279e+09	6.41946e+09	5.62121e+09	5.16757e+09	5.40525e+09	5.91556e+09	5.72083e+09	5.43426e+09	5.70897e+09	5.36601e+09	6.81507e+09	5.75247e+09	6.89036e+09	6.55706e+09	6.88833e+09	5.85057e+09	5.32794e+09	6.00582e+09	5.16769e+09	5.60501e+09	5.92235e+09	4.67913e+09	5.80415e+09	5.60764e+09	5.58745e+09	5.47387e+09	5.67317e+09	5.71043e+09	7.39015e+09	6.05028e+09	7.595e+09	6.94418e+09	7.06865e+09	7.05009e+09	5.28449e+09	6.23081e+09	6.342e+09	6.20829e+09	5.45838e+09	5.81788e+09
ERR637116	7.64112e+09	7.91562e+09	7.73434e+09	7.7252e+09	7.51103e+09	7.88527e+09	5.52189e+09	5.34927e+09	6.31883e+09	5.80871e+09	6.92021e+09	5.99151e+09	5.64269e+09	6.6292e+09	5.48235e+09	5.78221e+09	6.63087e+09	6.21542e+09	7.26046e+09	7.48091e+09	7.27076e+09	7.28166e+09	6.30842e+09	7.06142e+09	6.63087e+09	6.67221e+09	7.18575e+09	7.11383e+09	7.23924e+09	7.25604e+09	6.95898e+09	7.62969e+09	5.96891e+09	7.01525e+09	6.95711e+09	7.2468e+09	8.21427e+09	7.95256e+09	7.52509e+09	7.98119e+09	7.2378e+09	8.11492e+09	7.0138e+09	6.34095e+09	6.21254e+09	6.93707e+09	6.3178e+09	6.27799e+09	6.66145e+09	6.65547e+09	6.7719e+09	6.7314e+09	3.53814e+09	5.17995e+09	5.72511e+09	5.94946e+09	5.75104e+09	6.47396e+09	5.66862e+09	5.20546e+09	5.45045e+09	5.96482e+09	5.76698e+09	5.47978e+09	5.75492e+09	5.41104e+09	6.86544e+09	5.78938e+09	6.94209e+09	6.60366e+09	6.94017e+09	5.89047e+09	5.41971e+09	6.0649e+09	5.25623e+09	5.65845e+09	5.97885e+09	4.75718e+09	5.85722e+09	5.65793e+09	5.63623e+09	5.52062e+09	5.72084e+09	5.7622e+09	7.4426e+09	6.08157e+09	7.64928e+09	6.98331e+09	7.11451e+09	7.09027e+09	5.34082e+09	6.2933e+09	6.40713e+09	6.27181e+09	5.51409e+09	5.87892e+09
ERR637115	7.67474e+09	7.73434e+09	7.9868e+09	7.75943e+09	7.54306e+09	7.92058e+09	5.5476e+09	5.37408e+09	6.34917e+09	5.83594e+09	6.95482e+09	6.02002e+09	5.66579e+09	6.65887e+09	5.50385e+09	5.80612e+09	6.6603e+09	6.24171e+09	7.29251e+09	7.51458e+09	7.3033e+09	7.31406e+09	6.33474e+09	7.09235e+09	6.65971e+09	6.70171e+09	7.21871e+09	7.14636e+09	7.27232e+09	7.2891e+09	6.98634e+09	7.66301e+09	5.99036e+09	7.04288e+09	6.98467e+09	7.27681e+09	8.25505e+09	7.99024e+09	7.5588e+09	8.01909e+09	7.26892e+09	8.15537e+09	7.04745e+09	6.36991e+09	6.24127e+09	6.9701e+09	6.34756e+09	6.30687e+09	6.69532e+09	6.69001e+09	6.80742e+09	6.76634e+09	3.55449e+09	5.20445e+09	5.74931e+09	5.97525e+09	5.77519e+09	6.50296e+09	5.69259e+09	5.22708e+09	5.47812e+09	5.99563e+09	5.79679e+09	5.50711e+09	5.78448e+09	5.43844e+09	6.89546e+09	5.81212e+09	6.97205e+09	6.63186e+09	6.9702e+09	5.91413e+09	5.44885e+09	6.09745e+09	5.28487e+09	5.68813e+09	6.01052e+09	4.78204e+09	5.88909e+09	5.6885e+09	5.6669e+09	5.55064e+09	5.75233e+09	5.79358e+09	7.47676e+09	6.107e+09	7.68521e+09	7.01437e+09	7.14663e+09	7.12194e+09	5.36565e+09	6.32464e+09	6.43928e+09	6.30312e+09	5.54025e+09	5.90714e+09
ERR637114	7.66541e+09	7.7252e+09	7.75943e+09	7.96641e+09	7.53404e+09	7.91142e+09	5.53839e+09	5.36522e+09	6.33899e+09	5.82703e+09	6.94338e+09	6.01068e+09	5.65927e+09	6.64992e+09	5.49775e+09	5.79984e+09	6.65184e+09	6.23401e+09	7.28422e+09	7.50608e+09	7.29469e+09	7.30563e+09	6.32759e+09	7.08402e+09	6.6516e+09	6.69346e+09	7.20981e+09	7.13737e+09	7.2635e+09	7.28005e+09	6.97837e+09	7.65389e+09	5.984e+09	7.03546e+09	6.97678e+09	7.26826e+09	8.24388e+09	7.98012e+09	7.54971e+09	8.00889e+09	7.26011e+09	8.14407e+09	7.03658e+09	6.36026e+09	6.23124e+09	6.95909e+09	6.3367e+09	6.29656e+09	6.68466e+09	6.67868e+09	6.79587e+09	6.75475e+09	3.54773e+09	5.19613e+09	5.74086e+09	5.96657e+09	5.76701e+09	6.49327e+09	5.68463e+09	5.21885e+09	5.46867e+09	5.98508e+09	5.78651e+09	5.49741e+09	5.77393e+09	5.42887e+09	6.88713e+09	5.8055e+09	6.96357e+09	6.62408e+09	6.96158e+09	5.90746e+09	5.44282e+09	6.0875e+09	5.27852e+09	5.67827e+09	6.0002e+09	4.77643e+09	5.87748e+09	5.6775e+09	5.65565e+09	5.53989e+09	5.74077e+09	5.78218e+09	7.4674e+09	6.09909e+09	7.67548e+09	7.00511e+09	7.13731e+09	7.11232e+09	5.35741e+09	6.31401e+09	6.42838e+09	6.29199e+09	5.53091e+09	5.89767e+09
ERR637111	7.46043e+09	7.51103e+09	7.54306e+09	7.53404e+09	7.54062e+09	7.68849e+09	5.38737e+09	5.22258e+09	6.15911e+09	5.66425e+09	6.73805e+09	5.84193e+09	5.50562e+09	6.4638e+09	5.35227e+09	5.64085e+09	6.46113e+09	6.06333e+09	7.07607e+09	7.28619e+09	7.08824e+09	7.09697e+09	6.15877e+09	6.88434e+09	6.45909e+09	6.49792e+09	6.99071e+09	6.92104e+09	7.04155e+09	7.05802e+09	6.80702e+09	7.4465e+09	5.8514e+09	6.8615e+09	6.80501e+09	7.08433e+09	7.99887e+09	7.74986e+09	7.34648e+09	7.77688e+09	7.07547e+09	7.90522e+09	6.82584e+09	6.17951e+09	6.05901e+09	6.75205e+09	6.15991e+09	6.12221e+09	6.46045e+09	6.46255e+09	6.57451e+09	6.53605e+09	3.45468e+09	5.03801e+09	5.58412e+09	5.80323e+09	5.60896e+09	6.30967e+09	5.52957e+09	5.0859e+09	5.30338e+09	5.80137e+09	5.61057e+09	5.33194e+09	5.59956e+09	5.26466e+09	6.70059e+09	5.66346e+09	6.77374e+09	6.44933e+09	6.77134e+09	5.7591e+09	5.20621e+09	5.88383e+09	5.05057e+09	5.49384e+09	5.80299e+09	4.57713e+09	5.68624e+09	5.49481e+09	5.47482e+09	5.3639e+09	5.55822e+09	5.59481e+09	7.26331e+09	5.9576e+09	7.46161e+09	6.83061e+09	6.95028e+09	6.93313e+09	5.18846e+09	6.11201e+09	6.22115e+09	6.09021e+09	5.35925e+09	5.70945e+09
ERR637112	7.82578e+09	7.88527e+09	7.92058e+09	7.91142e+09	7.68849e+09	8.31316e+09	5.65908e+09	5.47946e+09	6.48383e+09	5.95645e+09	7.10875e+09	6.1454e+09	5.77624e+09	6.79386e+09	5.6094e+09	5.92063e+09	6.7983e+09	6.36537e+09	7.44362e+09	7.67537e+09	7.45423e+09	7.46634e+09	6.45601e+09	7.23707e+09	6.80013e+09	6.8432e+09	7.37678e+09	7.30309e+09	7.43349e+09	7.44989e+09	7.11318e+09	7.81594e+09	6.0889e+09	7.17122e+09	7.11123e+09	7.4136e+09	8.43544e+09	8.15883e+09	7.70623e+09	8.18935e+09	7.4048e+09	8.33008e+09	7.20506e+09	6.50497e+09	6.36967e+09	7.12493e+09	6.47829e+09	6.43664e+09	6.85866e+09	6.84943e+09	6.97038e+09	6.9273e+09	3.62328e+09	5.31954e+09	5.86249e+09	6.09401e+09	5.88924e+09	6.63653e+09	5.80434e+09	5.32359e+09	5.59958e+09	6.1322e+09	5.92689e+09	5.62941e+09	5.91389e+09	5.55953e+09	7.03001e+09	5.9157e+09	7.10898e+09	6.75817e+09	7.10689e+09	6.02136e+09	5.60882e+09	6.24518e+09	5.43831e+09	5.82173e+09	6.15374e+09	4.91633e+09	6.03065e+09	5.82307e+09	5.80072e+09	5.68041e+09	5.88723e+09	5.93175e+09	7.62932e+09	6.21292e+09	7.84543e+09	7.14539e+09	7.28601e+09	7.2566e+09	5.48505e+09	6.47092e+09	6.58958e+09	6.44926e+09	5.66341e+09	6.04287e+09
ERR630257	5.48246e+09	5.52189e+09	5.5476e+09	5.53839e+09	5.38737e+09	5.65908e+09	4.91597e+09	4.60697e+09	5.3435e+09	4.96809e+09	5.78194e+09	5.10025e+09	4.29472e+09	4.9578e+09	4.18323e+09	4.39072e+09	4.96327e+09	4.68055e+09	5.22685e+09	5.37778e+09	5.23711e+09	5.24499e+09	4.6039e+09	5.09637e+09	4.84049e+09	4.87001e+09	5.20774e+09	5.16489e+09	5.24255e+09	5.25439e+09	5.02192e+09	5.49611e+09	4.35844e+09	5.06211e+09	5.02464e+09	5.22469e+09	5.93919e+09	5.73996e+09	5.43019e+09	5.76109e+09	5.22691e+09	5.86379e+09	5.76283e+09	5.28143e+09	5.18491e+09	5.70518e+09	5.26093e+09	5.22865e+09	5.61854e+09	5.61633e+09	5.70106e+09	5.66826e+09	3.14598e+09	4.50474e+09	4.78423e+09	4.94675e+09	4.80088e+09	5.31992e+09	4.7417e+09	4.3936e+09	4.72884e+09	5.12603e+09	4.97331e+09	4.75263e+09	4.96583e+09	4.69832e+09	5.10696e+09	4.37948e+09	5.16025e+09	4.93115e+09	5.15724e+09	4.44828e+09	4.68773e+09	5.21506e+09	4.56142e+09	4.90531e+09	5.15134e+09	4.16917e+09	5.08859e+09	4.93447e+09	4.91459e+09	4.82363e+09	4.98293e+09	5.01232e+09	5.62018e+09	4.65432e+09	5.76673e+09	5.27874e+09	5.38788e+09	5.35481e+09	4.58009e+09	5.29371e+09	5.37777e+09	5.27834e+09	4.71645e+09	4.99169e+09
ERR630259	5.31384e+09	5.34927e+09	5.37408e+09	5.36522e+09	5.22258e+09	5.47946e+09	4.60697e+09	4.6459e+09	5.18008e+09	4.81791e+09	5.59558e+09	4.94477e+09	4.16017e+09	4.80261e+09	4.05406e+09	4.2524e+09	4.80277e+09	4.53512e+09	5.05639e+09	5.19932e+09	5.06825e+09	5.07436e+09	4.45878e+09	4.93099e+09	4.67905e+09	4.70685e+09	5.02927e+09	4.9874e+09	5.06183e+09	5.07349e+09	4.87175e+09	5.32443e+09	4.2358e+09	4.91096e+09	4.87405e+09	5.06771e+09	5.74833e+09	5.55522e+09	5.2632e+09	5.57646e+09	5.07113e+09	5.67577e+09	5.5696e+09	5.1143e+09	5.02799e+09	5.5155e+09	5.10027e+09	5.07048e+09	5.42017e+09	5.42626e+09	5.50695e+09	5.47569e+09	3.06752e+09	4.36006e+09	4.63304e+09	4.79045e+09	4.64861e+09	5.14606e+09	4.59205e+09	4.2678e+09	4.58064e+09	4.96241e+09	4.81805e+09	4.60385e+09	4.81177e+09	4.55037e+09	4.94442e+09	4.2511e+09	4.99588e+09	4.77653e+09	4.99226e+09	4.31279e+09	4.47456e+09	5.03536e+09	4.35435e+09	4.74003e+09	4.97727e+09	3.98361e+09	4.92067e+09	4.77402e+09	4.7575e+09	4.67092e+09	4.82596e+09	4.84843e+09	5.44415e+09	4.5293e+09	5.58433e+09	5.12909e+09	5.22445e+09	5.20184e+09	4.42074e+09	5.1099e+09	5.18893e+09	5.09412e+09	4.55496e+09	4.81643e+09
ERR630255	6.27235e+09	6.31883e+09	6.34917e+09	6.33899e+09	6.15911e+09	6.48383e+09	5.3435e+09	5.18008e+09	6.28139e+09	5.61152e+09	6.6089e+09	5.77498e+09	4.84792e+09	5.64448e+09	4.71574e+09	4.96258e+09	5.64907e+09	5.31065e+09	5.99172e+09	6.17378e+09	6.00477e+09	6.01334e+09	5.24227e+09	5.83456e+09	5.52837e+09	5.56374e+09	5.97014e+09	5.91857e+09	6.01195e+09	6.02531e+09	5.73223e+09	6.29921e+09	4.94208e+09	5.77955e+09	5.73399e+09	5.97452e+09	6.82823e+09	6.58823e+09	6.21785e+09	6.61377e+09	5.97582e+09	6.73718e+09	6.58442e+09	5.99786e+09	5.87966e+09	6.51441e+09	5.97253e+09	5.93394e+09	6.40684e+09	6.40437e+09	6.50847e+09	6.46844e+09	3.48837e+09	5.06258e+09	5.39416e+09	5.59115e+09	5.41356e+09	6.04541e+09	5.34201e+09	4.92715e+09	5.33307e+09	5.81025e+09	5.62656e+09	5.36089e+09	5.61788e+09	5.29679e+09	5.81217e+09	4.94377e+09	5.87639e+09	5.60112e+09	5.8727e+09	5.0239e+09	5.32165e+09	5.92065e+09	5.17115e+09	5.54611e+09	5.8417e+09	4.70317e+09	5.77138e+09	5.58514e+09	5.56372e+09	5.45469e+09	5.64526e+09	5.67978e+09	6.43252e+09	5.2779e+09	6.60971e+09	6.02496e+09	6.15418e+09	6.11621e+09	5.15194e+09	6.01459e+09	6.11683e+09	5.99561e+09	5.31538e+09	5.64751e+09
ERR630258	5.76562e+09	5.80871e+09	5.83594e+09	5.82703e+09	5.66425e+09	5.95645e+09	4.96809e+09	4.81791e+09	5.61152e+09	5.39043e+09	6.08585e+09	5.34989e+09	4.49985e+09	5.20682e+09	4.37997e+09	4.60287e+09	5.21427e+09	4.91122e+09	5.50266e+09	5.66494e+09	5.51254e+09	5.52177e+09	4.83546e+09	5.36295e+09	5.09227e+09	5.12339e+09	5.48602e+09	5.44018e+09	5.52371e+09	5.53593e+09	5.27425e+09	5.78409e+09	4.56484e+09	5.3176e+09	5.27748e+09	5.49158e+09	6.25749e+09	6.04408e+09	5.71099e+09	6.06743e+09	5.49227e+09	6.17628e+09	6.06649e+09	5.54703e+09	5.44014e+09	6.00448e+09	5.5224e+09	5.48801e+09	5.91618e+09	5.91095e+09	6.0024e+09	5.96629e+09	3.27312e+09	4.71788e+09	5.01302e+09	5.18783e+09	5.03114e+09	5.59008e+09	4.9674e+09	4.59131e+09	4.95693e+09	5.3824e+09	5.21835e+09	4.98209e+09	5.20964e+09	4.92534e+09	5.36286e+09	4.58422e+09	5.42056e+09	5.17466e+09	5.41724e+09	4.65835e+09	4.9445e+09	5.48422e+09	4.8093e+09	5.15033e+09	5.41372e+09	4.38891e+09	5.34575e+09	5.17986e+09	5.15953e+09	5.06159e+09	5.23068e+09	5.26495e+09	5.91206e+09	4.87445e+09	6.06995e+09	5.54208e+09	5.66179e+09	5.62396e+09	4.80135e+09	5.56612e+09	5.6562e+09	5.55033e+09	4.94625e+09	5.24223e+09
ERR630254	6.86625e+09	6.92021e+09	6.95482e+09	6.94338e+09	6.73805e+09	7.10875e+09	5.78194e+09	5.59558e+09	6.6089e+09	6.08585e+09	7.46858e+09	6.27059e+09	5.26194e+09	6.15662e+09	5.11189e+09	5.39026e+09	6.16525e+09	5.78068e+09	6.56932e+09	6.77822e+09	6.58296e+09	6.59371e+09	5.72062e+09	6.39109e+09	6.05021e+09	6.0897e+09	6.55204e+09	6.49422e+09	6.60016e+09	6.61477e+09	6.2613e+09	6.90451e+09	5.37242e+09	6.31439e+09	6.26352e+09	6.53479e+09	7.50299e+09	7.23253e+09	6.80817e+09	7.26137e+09	6.53282e+09	7.39953e+09	7.20565e+09	6.52771e+09	6.38825e+09	7.12505e+09	6.4952e+09	6.45074e+09	7.00931e+09	7.00055e+09	7.1197e+09	7.073e+09	3.73695e+09	5.47864e+09	5.8478e+09	6.06951e+09	5.87026e+09	6.58836e+09	5.78884e+09	5.31658e+09	5.77913e+09	6.31786e+09	6.10894e+09	5.80941e+09	6.0983e+09	5.7392e+09	6.33994e+09	5.35917e+09	6.41227e+09	6.10162e+09	6.40768e+09	5.45186e+09	5.84478e+09	6.45326e+09	5.67281e+09	6.02649e+09	6.36129e+09	5.14051e+09	6.28046e+09	6.0697e+09	6.04423e+09	5.92101e+09	6.13491e+09	6.17739e+09	7.04253e+09	5.73162e+09	7.24503e+09	6.5734e+09	6.72224e+09	6.67656e+09	5.58599e+09	6.56003e+09	6.67717e+09	6.53944e+09	5.76782e+09	6.14606e+09
ERR630256	5.94718e+09	5.99151e+09	6.02002e+09	6.01068e+09	5.84193e+09	6.1454e+09	5.10025e+09	4.94477e+09	5.77498e+09	5.34989e+09	6.27059e+09	5.69612e+09	4.62368e+09	5.36127e+09	4.49905e+09	4.73092e+09	5.36863e+09	5.05287e+09	5.67641e+09	5.84642e+09	5.68776e+09	5.69661e+09	4.98034e+09	5.53048e+09	5.24718e+09	5.27971e+09	5.65755e+09	5.61091e+09	5.69768e+09	5.70979e+09	5.43926e+09	5.96848e+09	4.70127e+09	5.48347e+09	5.4414e+09	5.66481e+09	6.4606e+09	6.23944e+09	5.89228e+09	6.26296e+09	5.6658e+09	6.37593e+09	6.2501e+09	5.70576e+09	5.59474e+09	6.18583e+09	5.68109e+09	5.64457e+09	6.08799e+09	6.08266e+09	6.17875e+09	6.14155e+09	3.34849e+09	4.83957e+09	5.14878e+09	5.3309e+09	5.16763e+09	5.75187e+09	5.10095e+09	4.71043e+09	5.08875e+09	5.53215e+09	5.36115e+09	5.11476e+09	5.35227e+09	5.05471e+09	5.5235e+09	4.71185e+09	5.58312e+09	5.32733e+09	5.57948e+09	4.78926e+09	5.07715e+09	5.6347e+09	4.93626e+09	5.2869e+09	5.56194e+09	4.49903e+09	5.49314e+09	5.32124e+09	5.29961e+09	5.19805e+09	5.37512e+09	5.40887e+09	6.09959e+09	5.01827e+09	6.26385e+09	5.7145e+09	5.8373e+09	5.79937e+09	4.92598e+09	5.72334e+09	5.81785e+09	5.70636e+09	5.07719e+09	5.38587e+09
ERR607315	5.59884e+09	5.64269e+09	5.66579e+09	5.65927e+09	5.50562e+09	5.77624e+09	4.29472e+09	4.16017e+09	4.84792e+09	4.49985e+09	5.26194e+09	4.62368e+09	4.72297e+09	5.22969e+09	4.43005e+09	4.65194e+09	5.24489e+09	4.94376e+09	5.55849e+09	5.71357e+09	5.55929e+09	5.57373e+09	4.89794e+09	5.42077e+09	5.13982e+09	5.16811e+09	5.53301e+09	5.48125e+09	5.57241e+09	5.58248e+09	5.23225e+09	5.71197e+09	4.54165e+09	5.27103e+09	5.23164e+09	5.43065e+09	6.11304e+09	5.92071e+09	5.6132e+09	5.94184e+09	5.40397e+09	6.04108e+09	5.34542e+09	4.88071e+09	4.78005e+09	5.29166e+09	4.8533e+09	4.82373e+09	5.18753e+09	5.16625e+09	5.24852e+09	5.21705e+09	2.8345e+09	4.1108e+09	4.4355e+09	4.5877e+09	4.45448e+09	4.94835e+09	4.39776e+09	4.05522e+09	4.28912e+09	4.65816e+09	4.51476e+09	4.31077e+09	4.50368e+09	4.26156e+09	5.21276e+09	4.47301e+09	5.2627e+09	5.03378e+09	5.26323e+09	4.54849e+09	4.39272e+09	4.7608e+09	4.27013e+09	4.46537e+09	4.69243e+09	3.88946e+09	4.61866e+09	4.47182e+09	4.4506e+09	4.36526e+09	4.50728e+09	4.54733e+09	5.53921e+09	4.58899e+09	5.67982e+09	5.19862e+09	5.31137e+09	5.2712e+09	4.26139e+09	4.93132e+09	5.01311e+09	4.91916e+09	4.37983e+09	4.64452e+09
ERR607313	6.5803e+09	6.6292e+09	6.65887e+09	6.64992e+09	6.4638e+09	6.79386e+09	4.9578e+09	4.80261e+09	5.64448e+09	5.20682e+09	6.15662e+09	5.36127e+09	5.22969e+09	6.31124e+09	5.08544e+09	5.35371e+09	6.10181e+09	5.73274e+09	6.51186e+09	6.70191e+09	6.51752e+09	6.53271e+09	5.69043e+09	6.3405e+09	5.98191e+09	6.01668e+09	6.4674e+09	6.40109e+09	6.51335e+09	6.52788e+09	6.12734e+09	6.71948e+09	5.27897e+09	6.17655e+09	6.12712e+09	6.37765e+09	7.22515e+09	6.98061e+09	6.60472e+09	7.00663e+09	6.34893e+09	7.13455e+09	6.2451e+09	5.67144e+09	5.55839e+09	6.17802e+09	5.64791e+09	5.61227e+09	6.01943e+09	6.00968e+09	6.11147e+09	6.07314e+09	3.23054e+09	4.71137e+09	5.11069e+09	5.30214e+09	5.13269e+09	5.74798e+09	5.06277e+09	4.65895e+09	4.94066e+09	5.39353e+09	5.21996e+09	4.96698e+09	5.20879e+09	4.90622e+09	6.07882e+09	5.16668e+09	6.1432e+09	5.85697e+09	6.14172e+09	5.25358e+09	4.99042e+09	5.50146e+09	4.84434e+09	5.14391e+09	5.42446e+09	4.39261e+09	5.34066e+09	5.16352e+09	5.14262e+09	5.04102e+09	5.21692e+09	5.25538e+09	6.52154e+09	5.36612e+09	6.69743e+09	6.12179e+09	6.24363e+09	6.21194e+09	4.86886e+09	5.70344e+09	5.8038e+09	5.68617e+09	5.02015e+09	5.34159e+09
ERR607314	5.44132e+09	5.48235e+09	5.50385e+09	5.49775e+09	5.35227e+09	5.6094e+09	4.18323e+09	4.05406e+09	4.71574e+09	4.37997e+09	5.11189e+09	4.49905e+09	4.43005e+09	5.08544e+09	4.48201e+09	4.52694e+09	5.09679e+09	4.81045e+09	5.40239e+09	5.55002e+09	5.40392e+09	5.41729e+09	4.7671e+09	5.27048e+09	4.99836e+09	5.02473e+09	5.37474e+09	5.32432e+09	5.41171e+09	5.42239e+09	5.09252e+09	5.5508e+09	4.42786e+09	5.12922e+09	5.09208e+09	5.28331e+09	5.93571e+09	5.74972e+09	5.45717e+09	5.76949e+09	5.25692e+09	5.86649e+09	5.19015e+09	4.74575e+09	4.65128e+09	5.13835e+09	4.72157e+09	4.69288e+09	5.03156e+09	5.01567e+09	5.09467e+09	5.06518e+09	2.76623e+09	3.99803e+09	4.31329e+09	4.46124e+09	4.33134e+09	4.80643e+09	4.27694e+09	3.95095e+09	4.17246e+09	4.52874e+09	4.39093e+09	4.19308e+09	4.38036e+09	4.1458e+09	5.06743e+09	4.35821e+09	5.11613e+09	4.89582e+09	5.11578e+09	4.4292e+09	4.24425e+09	4.62374e+09	4.12724e+09	4.33987e+09	4.56002e+09	3.76281e+09	4.48845e+09	4.34675e+09	4.3267e+09	4.24452e+09	4.38369e+09	4.41933e+09	5.38394e+09	4.47369e+09	5.51914e+09	5.06142e+09	5.16667e+09	5.13147e+09	4.13897e+09	4.78782e+09	4.86541e+09	4.77537e+09	4.25508e+09	4.50907e+09
ERR607316	5.73663e+09	5.78221e+09	5.80612e+09	5.79984e+09	5.64085e+09	5.92063e+09	4.39072e+09	4.2524e+09	4.96258e+09	4.60287e+09	5.39026e+09	4.73092e+09	4.65194e+09	5.35371e+09	4.52694e+09	4.93369e+09	5.36942e+09	5.05857e+09	5.69504e+09	5.85592e+09	5.69562e+09	5.71115e+09	5.01298e+09	5.55314e+09	5.26466e+09	5.29371e+09	5.67074e+09	5.61697e+09	5.71158e+09	5.72218e+09	5.35769e+09	5.85269e+09	4.64401e+09	5.39705e+09	5.35674e+09	5.56194e+09	6.26827e+09	6.07027e+09	5.75184e+09	6.09193e+09	5.53561e+09	6.19395e+09	5.4766e+09	4.99623e+09	4.89165e+09	5.42063e+09	4.96738e+09	4.93713e+09	5.31326e+09	5.29116e+09	5.37606e+09	5.34376e+09	2.8918e+09	4.20215e+09	4.53589e+09	4.69385e+09	4.55592e+09	5.06643e+09	4.49701e+09	4.14337e+09	4.38495e+09	4.76609e+09	4.61814e+09	4.40703e+09	4.60681e+09	4.35736e+09	5.33816e+09	4.57199e+09	5.39068e+09	5.15279e+09	5.39054e+09	4.65118e+09	4.49731e+09	4.87231e+09	4.37117e+09	4.5675e+09	4.80195e+09	3.97932e+09	4.72667e+09	4.57496e+09	4.55297e+09	4.46523e+09	4.61149e+09	4.65311e+09	5.67761e+09	4.69554e+09	5.82314e+09	5.32531e+09	5.4417e+09	5.40019e+09	4.35593e+09	5.04837e+09	5.13288e+09	5.03575e+09	4.47839e+09	4.75199e+09
ERR607312	6.57721e+09	6.63087e+09	6.6603e+09	6.65184e+09	6.46113e+09	6.7983e+09	4.96327e+09	4.80277e+09	5.64907e+09	5.21427e+09	6.16525e+09	5.36863e+09	5.24489e+09	6.10181e+09	5.09679e+09	5.36942e+09	6.33291e+09	5.74177e+09	6.52178e+09	6.71601e+09	6.5248e+09	6.54207e+09	5.69792e+09	6.3498e+09	6.00214e+09	6.03712e+09	6.49126e+09	6.42635e+09	6.53902e+09	6.55294e+09	6.11934e+09	6.71733e+09	5.26904e+09	6.16814e+09	6.11899e+09	6.36786e+09	7.22639e+09	6.98354e+09	6.5995e+09	7.00982e+09	6.33932e+09	7.13525e+09	6.26384e+09	5.68401e+09	5.56284e+09	6.19649e+09	5.65359e+09	5.61706e+09	6.05819e+09	6.03749e+09	6.13945e+09	6.10133e+09	3.23585e+09	4.73709e+09	5.13036e+09	5.31941e+09	5.15335e+09	5.76849e+09	5.08276e+09	4.66904e+09	4.95724e+09	5.40927e+09	5.23404e+09	4.98353e+09	5.22211e+09	4.92397e+09	6.08806e+09	5.16796e+09	6.15152e+09	5.86408e+09	6.15183e+09	5.2596e+09	5.09752e+09	5.535e+09	4.9483e+09	5.17308e+09	5.45287e+09	4.48521e+09	5.3652e+09	5.18643e+09	5.16345e+09	5.0598e+09	5.23379e+09	5.27912e+09	6.51991e+09	5.34734e+09	6.69666e+09	6.10348e+09	6.23697e+09	6.1936e+09	4.91105e+09	5.74244e+09	5.84398e+09	5.72614e+09	5.05855e+09	5.3844e+09
ERR607311	6.16902e+09	6.21542e+09	6.24171e+09	6.23401e+09	6.06333e+09	6.36537e+09	4.68055e+09	4.53512e+09	5.31065e+09	4.91122e+09	5.78068e+09	5.05287e+09	4.94376e+09	5.73274e+09	4.81045e+09	5.05857e+09	5.74177e+09	5.59808e+09	6.11055e+09	6.28476e+09	6.11488e+09	6.12962e+09	5.35827e+09	5.95373e+09	5.62669e+09	5.6581e+09	6.07174e+09	6.01127e+09	6.1146e+09	6.12766e+09	5.75437e+09	6.29729e+09	4.97374e+09	5.79875e+09	5.75428e+09	5.98289e+09	6.75628e+09	6.53463e+09	6.18992e+09	6.55826e+09	5.95566e+09	6.67403e+09	5.86481e+09	5.33894e+09	5.23265e+09	5.80368e+09	5.31464e+09	5.28218e+09	5.66477e+09	5.65266e+09	5.74602e+09	5.71117e+09	3.06651e+09	4.45769e+09	4.82524e+09	5.00205e+09	4.84698e+09	5.41048e+09	4.78267e+09	4.40641e+09	4.66581e+09	5.08378e+09	4.92345e+09	4.69012e+09	4.91227e+09	4.63463e+09	5.71471e+09	4.87752e+09	5.77336e+09	5.51207e+09	5.77235e+09	4.9591e+09	4.71914e+09	5.18685e+09	4.58393e+09	4.8561e+09	5.1144e+09	4.16495e+09	5.03549e+09	4.87134e+09	4.85057e+09	4.75603e+09	4.91788e+09	4.9554e+09	6.11086e+09	5.04555e+09	6.27111e+09	5.73979e+09	5.85491e+09	5.82218e+09	4.60825e+09	5.37433e+09	5.46579e+09	5.35835e+09	4.74629e+09	5.04335e+09
ERR612254	7.20262e+09	7.26046e+09	7.29251e+09	7.28422e+09	7.07607e+09	7.44362e+09	5.22685e+09	5.05639e+09	5.99172e+09	5.50266e+09	6.56932e+09	5.67641e+09	5.55849e+09	6.51186e+09	5.40239e+09	5.69504e+09	6.52178e+09	6.11055e+09	7.61733e+09	7.59472e+09	7.37485e+09	7.39383e+09	6.40981e+09	7.17426e+09	6.79036e+09	6.82863e+09	7.36103e+09	7.28377e+09	7.41587e+09	7.43193e+09	6.77452e+09	7.4316e+09	5.81504e+09	6.82554e+09	6.77347e+09	7.04981e+09	7.9401e+09	7.66923e+09	7.24771e+09	7.69728e+09	6.95965e+09	7.83991e+09	6.66746e+09	6.01934e+09	5.88984e+09	6.59325e+09	5.99073e+09	5.95149e+09	6.38957e+09	6.37679e+09	6.49055e+09	6.44857e+09	3.33708e+09	4.93503e+09	5.41612e+09	5.62975e+09	5.44189e+09	6.13366e+09	5.36383e+09	4.91363e+09	5.17829e+09	5.67538e+09	5.48239e+09	5.20567e+09	5.47001e+09	5.14055e+09	6.58371e+09	5.55663e+09	6.65571e+09	6.3308e+09	6.65615e+09	5.65511e+09	5.31442e+09	5.82068e+09	5.15047e+09	5.421e+09	5.73208e+09	4.64394e+09	5.61438e+09	5.41768e+09	5.39397e+09	5.28112e+09	5.47408e+09	5.51975e+09	7.09408e+09	5.78772e+09	7.29422e+09	6.63894e+09	6.77951e+09	6.7414e+09	5.12503e+09	6.0552e+09	6.16733e+09	6.0347e+09	5.29241e+09	5.65025e+09
ERR612251	7.41928e+09	7.48091e+09	7.51458e+09	7.50608e+09	7.28619e+09	7.67537e+09	5.37778e+09	5.19932e+09	6.17378e+09	5.66494e+09	6.77822e+09	5.84642e+09	5.71357e+09	6.70191e+09	5.55002e+09	5.85592e+09	6.71601e+09	6.28476e+09	7.59472e+09	8.09245e+09	7.60058e+09	7.61924e+09	6.58546e+09	7.38557e+09	6.99555e+09	7.03715e+09	7.59457e+09	7.51681e+09	7.65322e+09	7.66951e+09	6.96566e+09	7.65733e+09	5.96553e+09	7.01961e+09	6.96554e+09	7.25405e+09	8.19586e+09	7.91356e+09	7.46439e+09	7.94315e+09	7.16184e+09	8.08989e+09	6.88254e+09	6.20264e+09	6.06409e+09	6.80448e+09	6.16971e+09	6.1283e+09	6.60193e+09	6.58388e+09	6.70279e+09	6.65869e+09	3.42634e+09	5.08555e+09	5.57351e+09	5.79458e+09	5.60059e+09	6.31986e+09	5.51861e+09	5.04885e+09	5.33507e+09	5.85289e+09	5.65128e+09	5.36402e+09	5.63829e+09	5.29681e+09	6.7778e+09	5.70579e+09	6.85349e+09	6.51434e+09	6.85341e+09	5.81001e+09	5.51971e+09	6.01006e+09	5.3474e+09	5.59206e+09	5.91597e+09	4.81559e+09	5.79617e+09	5.59055e+09	5.56516e+09	5.44733e+09	5.64826e+09	5.69671e+09	7.3176e+09	5.94728e+09	7.52889e+09	6.83373e+09	6.98552e+09	6.94041e+09	5.28455e+09	6.24968e+09	6.36796e+09	6.22922e+09	5.45734e+09	5.83095e+09
ERR612252	7.21505e+09	7.27076e+09	7.3033e+09	7.29469e+09	7.08824e+09	7.45423e+09	5.23711e+09	5.06825e+09	6.00477e+09	5.51254e+09	6.58296e+09	5.68776e+09	5.55929e+09	6.51752e+09	5.40392e+09	5.69562e+09	6.5248e+09	6.11488e+09	7.37485e+09	7.60058e+09	7.62719e+09	7.39946e+09	6.41005e+09	7.1749e+09	6.79086e+09	6.83108e+09	7.36063e+09	7.2848e+09	7.41494e+09	7.43143e+09	6.78712e+09	7.44376e+09	5.82736e+09	6.83875e+09	6.78683e+09	7.06437e+09	7.95247e+09	7.68068e+09	7.25944e+09	7.709e+09	6.97345e+09	7.85234e+09	6.67745e+09	6.02867e+09	5.90155e+09	6.60274e+09	6.00285e+09	5.96354e+09	6.38746e+09	6.38005e+09	6.4939e+09	6.45248e+09	3.3429e+09	4.93632e+09	5.42015e+09	5.63498e+09	5.44554e+09	6.13878e+09	5.3672e+09	4.92117e+09	5.1844e+09	5.68456e+09	5.49088e+09	5.21206e+09	5.47973e+09	5.14599e+09	6.59101e+09	5.56383e+09	6.66329e+09	6.33822e+09	6.6629e+09	5.66058e+09	5.28096e+09	5.82205e+09	5.11768e+09	5.42237e+09	5.73487e+09	4.61455e+09	5.62046e+09	5.42371e+09	5.40011e+09	5.28775e+09	5.48314e+09	5.52494e+09	7.11183e+09	5.80603e+09	7.31279e+09	6.65994e+09	6.79747e+09	6.76216e+09	5.12083e+09	6.05448e+09	6.16611e+09	6.03302e+09	5.29021e+09	5.64728e+09
ERR612253	7.22456e+09	7.28166e+09	7.31406e+09	7.30563e+09	7.09697e+09	7.46634e+09	5.24499e+09	5.07436e+09	6.01334e+09	5.52177e+09	6.59371e+09	5.69661e+09	5.57373e+09	6.53271e+09	5.41729e+09	5.71115e+09	6.54207e+09	6.12962e+09	7.39383e+09	7.61924e+09	7.39946e+09	7.66375e+09	6.42588e+09	7.1933e+09	6.80836e+09	6.84635e+09	7.38064e+09	7.30255e+09	7.43571e+09	7.45241e+09	6.79484e+09	7.45545e+09	5.83189e+09	6.84644e+09	6.79423e+09	7.07207e+09	7.96628e+09	7.6947e+09	7.27031e+09	7.72259e+09	6.98149e+09	7.86552e+09	6.69196e+09	6.0395e+09	5.91088e+09	6.61673e+09	6.01259e+09	5.97264e+09	6.41246e+09	6.40094e+09	6.51484e+09	6.47254e+09	3.35031e+09	4.95225e+09	5.43119e+09	5.6469e+09	5.45715e+09	6.15203e+09	5.37891e+09	4.92833e+09	5.19728e+09	5.69723e+09	5.50407e+09	5.2247e+09	5.49134e+09	5.1593e+09	6.60382e+09	5.57318e+09	6.67631e+09	6.35096e+09	6.67662e+09	5.67192e+09	5.32381e+09	5.84127e+09	5.15922e+09	5.44023e+09	5.75276e+09	4.6516e+09	5.63683e+09	5.43955e+09	5.41553e+09	5.3025e+09	5.49662e+09	5.54129e+09	7.11873e+09	5.80828e+09	7.32044e+09	6.6634e+09	6.80252e+09	6.76558e+09	5.14009e+09	6.07554e+09	6.18832e+09	6.05458e+09	5.30916e+09	5.66817e+09
ERR612255	6.26161e+09	6.30842e+09	6.33474e+09	6.32759e+09	6.15877e+09	6.45601e+09	4.6039e+09	4.45878e+09	5.24227e+09	4.83546e+09	5.72062e+09	4.98034e+09	4.89794e+09	5.69043e+09	4.7671e+09	5.01298e+09	5.69792e+09	5.35827e+09	6.40981e+09	6.58546e+09	6.41005e+09	6.42588e+09	5.83186e+09	6.2503e+09	5.93424e+09	5.96499e+09	6.39533e+09	6.33276e+09	6.43965e+09	6.45258e+09	5.91903e+09	6.44927e+09	5.12878e+09	5.96016e+09	5.91852e+09	6.14179e+09	6.85325e+09	6.63657e+09	6.29699e+09	6.65912e+09	6.06282e+09	6.77369e+09	5.80578e+09	5.26984e+09	5.16249e+09	5.74526e+09	5.24717e+09	5.21415e+09	5.5629e+09	5.55398e+09	5.64729e+09	5.61328e+09	2.96561e+09	4.3469e+09	4.77249e+09	4.95181e+09	4.7945e+09	5.37072e+09	4.72852e+09	4.34861e+09	4.54961e+09	4.96911e+09	4.80599e+09	4.57406e+09	4.7966e+09	4.51765e+09	5.7571e+09	4.90476e+09	5.81615e+09	5.5491e+09	5.81707e+09	4.98766e+09	4.626e+09	5.08407e+09	4.48911e+09	4.7503e+09	5.01123e+09	4.06621e+09	4.90755e+09	4.74322e+09	4.72109e+09	4.62621e+09	4.78915e+09	4.82762e+09	6.1614e+09	5.08168e+09	6.32343e+09	5.78724e+09	5.90338e+09	5.87e+09	4.51654e+09	5.29539e+09	5.38839e+09	5.27825e+09	4.65795e+09	4.95777e+09
ERR612256	7.00623e+09	7.06142e+09	7.09235e+09	7.08402e+09	6.88434e+09	7.23707e+09	5.09637e+09	4.93099e+09	5.83456e+09	5.36295e+09	6.39109e+09	5.53048e+09	5.42077e+09	6.3405e+09	5.27048e+09	5.55314e+09	6.3498e+09	5.95373e+09	7.17426e+09	7.38557e+09	7.1749e+09	7.1933e+09	6.2503e+09	7.21904e+09	6.61315e+09	6.64984e+09	7.15976e+09	7.08584e+09	7.21239e+09	7.22835e+09	6.59714e+09	7.22626e+09	5.67375e+09	6.64598e+09	6.59662e+09	6.86056e+09	7.71064e+09	7.45251e+09	7.04865e+09	7.47916e+09	6.7722e+09	7.61497e+09	6.48803e+09	5.86326e+09	5.73815e+09	6.41655e+09	5.83568e+09	5.79791e+09	6.2163e+09	6.2038e+09	6.31319e+09	6.27285e+09	3.25927e+09	4.81254e+09	5.28296e+09	5.48964e+09	5.308e+09	5.97545e+09	5.23224e+09	4.79638e+09	5.04621e+09	5.52679e+09	5.3407e+09	5.0732e+09	5.32859e+09	5.00977e+09	6.41239e+09	5.42143e+09	6.48187e+09	6.16897e+09	6.48281e+09	5.51735e+09	5.17372e+09	5.66593e+09	5.01564e+09	5.28058e+09	5.58065e+09	4.52672e+09	5.46643e+09	5.27596e+09	5.25253e+09	5.14349e+09	5.33016e+09	5.3745e+09	6.8992e+09	5.64175e+09	7.09131e+09	6.46157e+09	6.59634e+09	6.559e+09	4.9994e+09	5.89734e+09	6.00632e+09	5.87765e+09	5.16133e+09	5.50683e+09
ERR621933	6.57428e+09	6.63087e+09	6.65971e+09	6.6516e+09	6.45909e+09	6.80013e+09	4.84049e+09	4.67905e+09	5.52837e+09	5.09227e+09	6.05021e+09	5.24718e+09	5.13982e+09	5.98191e+09	4.99836e+09	5.26466e+09	6.00214e+09	5.62669e+09	6.79036e+09	6.99555e+09	6.79086e+09	6.80836e+09	5.93424e+09	6.61315e+09	6.66288e+09	6.47853e+09	6.95925e+09	6.89698e+09	7.01204e+09	7.02428e+09	6.19873e+09	6.79187e+09	5.34062e+09	6.24295e+09	6.19979e+09	6.44265e+09	7.2503e+09	7.0071e+09	6.61458e+09	7.03137e+09	6.35208e+09	7.15818e+09	6.14632e+09	5.55888e+09	5.43103e+09	6.07936e+09	5.52357e+09	5.4873e+09	5.92744e+09	5.90349e+09	6.00663e+09	5.96773e+09	3.10858e+09	4.5996e+09	5.01983e+09	5.20972e+09	5.0444e+09	5.6633e+09	4.97293e+09	4.55614e+09	4.81418e+09	5.26462e+09	5.08701e+09	4.8391e+09	5.07481e+09	4.78062e+09	6.04469e+09	5.11809e+09	6.11004e+09	5.81609e+09	6.11027e+09	5.21197e+09	5.04668e+09	5.42103e+09	4.89251e+09	5.0541e+09	5.3356e+09	4.41664e+09	5.2229e+09	5.04052e+09	5.01402e+09	4.90989e+09	5.08436e+09	5.13269e+09	6.498e+09	5.30021e+09	6.67858e+09	6.0629e+09	6.2099e+09	6.15323e+09	4.78839e+09	5.624e+09	5.72585e+09	5.60642e+09	4.93725e+09	5.26452e+09
ERR621932	6.61447e+09	6.67221e+09	6.70171e+09	6.69346e+09	6.49792e+09	6.8432e+09	4.87001e+09	4.70685e+09	5.56374e+09	5.12339e+09	6.0897e+09	5.27971e+09	5.16811e+09	6.01668e+09	5.02473e+09	5.29371e+09	6.03712e+09	5.6581e+09	6.82863e+09	7.03715e+09	6.83108e+09	6.84635e+09	5.96499e+09	6.64984e+09	6.47853e+09	6.74067e+09	7.00096e+09	6.94073e+09	7.05419e+09	7.06679e+09	6.23439e+09	6.83263e+09	5.3707e+09	6.27897e+09	6.23572e+09	6.48012e+09	7.2974e+09	7.05207e+09	6.65513e+09	7.07646e+09	6.38996e+09	7.20423e+09	6.18752e+09	5.59505e+09	5.46555e+09	6.11968e+09	5.55935e+09	5.52206e+09	5.9645e+09	5.94058e+09	6.04438e+09	6.00439e+09	3.12446e+09	4.62688e+09	5.05055e+09	5.24216e+09	5.07467e+09	5.69885e+09	5.0026e+09	4.58348e+09	4.84383e+09	5.29801e+09	5.11765e+09	4.86922e+09	5.10694e+09	4.80912e+09	6.08184e+09	5.14722e+09	6.14766e+09	5.85079e+09	6.14737e+09	5.24079e+09	5.0772e+09	5.45472e+09	4.92209e+09	5.08487e+09	5.36927e+09	4.44263e+09	5.25598e+09	5.07162e+09	5.04523e+09	4.94044e+09	5.11643e+09	5.1644e+09	6.5439e+09	5.33381e+09	6.72654e+09	6.10248e+09	6.2532e+09	6.19416e+09	4.81759e+09	5.65829e+09	5.76094e+09	5.64039e+09	4.96701e+09	5.29679e+09
ERR621935	7.12087e+09	7.18575e+09	7.21871e+09	7.20981e+09	6.99071e+09	7.37678e+09	5.20774e+09	5.02927e+09	5.97014e+09	5.48602e+09	6.55204e+09	5.65755e+09	5.53301e+09	6.4674e+09	5.37474e+09	5.67074e+09	6.49126e+09	6.07174e+09	7.36103e+09	7.59457e+09	7.36063e+09	7.38064e+09	6.39533e+09	7.15976e+09	6.95925e+09	7.00096e+09	7.80106e+09	7.47878e+09	7.61461e+09	7.62719e+09	6.69274e+09	7.36347e+09	5.7368e+09	6.74261e+09	6.69359e+09	6.96744e+09	7.88823e+09	7.61235e+09	7.16696e+09	7.64029e+09	6.87021e+09	7.78369e+09	6.65807e+09	6.00183e+09	5.85879e+09	6.58333e+09	5.96192e+09	5.92118e+09	6.42789e+09	6.39771e+09	6.51289e+09	6.46829e+09	3.32749e+09	4.95342e+09	5.40038e+09	5.61049e+09	5.4275e+09	6.11389e+09	5.3492e+09	4.88813e+09	5.18909e+09	5.6858e+09	5.48959e+09	5.21607e+09	5.47584e+09	5.15223e+09	6.5308e+09	5.49971e+09	6.60306e+09	6.27444e+09	6.60268e+09	5.60384e+09	5.49139e+09	5.86764e+09	5.31958e+09	5.45992e+09	5.77166e+09	4.78831e+09	5.64842e+09	5.44603e+09	5.41788e+09	5.30294e+09	5.49452e+09	5.54881e+09	7.0418e+09	5.70614e+09	7.24488e+09	6.55213e+09	6.71728e+09	6.65433e+09	5.15846e+09	6.08241e+09	6.19699e+09	6.06336e+09	5.32092e+09	5.68417e+09
ERR621931	7.04934e+09	7.11383e+09	7.14636e+09	7.13737e+09	6.92104e+09	7.30309e+09	5.16489e+09	4.9874e+09	5.91857e+09	5.44018e+09	6.49422e+09	5.61091e+09	5.48125e+09	6.40109e+09	5.32432e+09	5.61697e+09	6.42635e+09	6.01127e+09	7.28377e+09	7.51681e+09	7.2848e+09	7.30255e+09	6.33276e+09	7.08584e+09	6.89698e+09	6.94073e+09	7.47878e+09	7.66081e+09	7.53915e+09	7.55263e+09	6.62648e+09	7.28654e+09	5.68326e+09	6.67545e+09	6.6277e+09	6.89623e+09	7.80584e+09	7.53491e+09	7.09319e+09	7.5622e+09	6.80001e+09	7.70196e+09	6.60036e+09	5.95123e+09	5.80761e+09	6.52593e+09	5.9101e+09	5.86884e+09	6.37089e+09	6.33988e+09	6.45375e+09	6.40969e+09	3.29995e+09	4.91345e+09	5.35786e+09	5.56517e+09	5.38437e+09	6.06328e+09	5.30665e+09	4.85046e+09	5.1465e+09	5.63854e+09	5.44283e+09	5.17323e+09	5.42994e+09	5.10933e+09	6.46848e+09	5.44943e+09	6.54016e+09	6.21543e+09	6.54018e+09	5.55288e+09	5.45665e+09	5.81729e+09	5.2863e+09	5.41417e+09	5.72243e+09	4.75975e+09	5.6012e+09	5.39967e+09	5.37121e+09	5.25759e+09	5.44794e+09	5.50136e+09	6.97839e+09	5.65448e+09	7.17991e+09	6.49053e+09	6.65696e+09	6.59137e+09	5.1205e+09	6.03163e+09	6.14471e+09	6.01318e+09	5.28102e+09	5.64107e+09
ERR621934	7.17244e+09	7.23924e+09	7.27232e+09	7.2635e+09	7.04155e+09	7.43349e+09	5.24255e+09	5.06183e+09	6.01195e+09	5.52371e+09	6.60016e+09	5.69768e+09	5.57241e+09	6.51335e+09	5.41171e+09	5.71158e+09	6.53902e+09	6.1146e+09	7.41587e+09	7.65322e+09	7.41494e+09	7.43571e+09	6.43965e+09	7.21239e+09	7.01204e+09	7.05419e+09	7.61461e+09	7.53915e+09	7.92764e+09	7.68933e+09	6.73842e+09	7.41797e+09	5.7722e+09	6.78867e+09	6.73931e+09	7.01601e+09	7.9491e+09	7.67021e+09	7.2187e+09	7.699e+09	6.91773e+09	7.84286e+09	6.70833e+09	6.04438e+09	5.89824e+09	6.63306e+09	6.0031e+09	5.96165e+09	6.48114e+09	6.44816e+09	6.56449e+09	6.51942e+09	3.3485e+09	4.98983e+09	5.43782e+09	5.64918e+09	5.46558e+09	6.15815e+09	5.38626e+09	4.91948e+09	5.22677e+09	5.72768e+09	5.5294e+09	5.25414e+09	5.51549e+09	5.1898e+09	6.57741e+09	5.53528e+09	6.65023e+09	6.31896e+09	6.6503e+09	5.64104e+09	5.55127e+09	5.91375e+09	5.37752e+09	5.50141e+09	5.81528e+09	4.83827e+09	5.69188e+09	5.48726e+09	5.45861e+09	5.34282e+09	5.53513e+09	5.59135e+09	7.09411e+09	5.74292e+09	7.3002e+09	6.59693e+09	6.76552e+09	6.70016e+09	5.1975e+09	6.13036e+09	6.24583e+09	6.11105e+09	5.36125e+09	5.7289e+09
ERR621936	7.18942e+09	7.25604e+09	7.2891e+09	7.28005e+09	7.05802e+09	7.44989e+09	5.25439e+09	5.07349e+09	6.02531e+09	5.53593e+09	6.61477e+09	5.70979e+09	5.58248e+09	6.52788e+09	5.42239e+09	5.72218e+09	6.55294e+09	6.12766e+09	7.43193e+09	7.66951e+09	7.43143e+09	7.45241e+09	6.45258e+09	7.22835e+09	7.02428e+09	7.06679e+09	7.62719e+09	7.55263e+09	7.68933e+09	7.95558e+09	6.75514e+09	7.43565e+09	5.78675e+09	6.80602e+09	6.75612e+09	7.03304e+09	7.9688e+09	7.68804e+09	7.2362e+09	7.7166e+09	6.93444e+09	7.862e+09	6.72302e+09	6.05691e+09	5.91277e+09	6.6465e+09	6.01714e+09	5.97571e+09	6.49218e+09	6.46086e+09	6.57746e+09	6.53251e+09	3.35566e+09	4.99825e+09	5.44845e+09	5.6605e+09	5.47546e+09	6.17097e+09	5.39664e+09	4.92962e+09	5.2372e+09	5.73941e+09	5.54116e+09	5.26418e+09	5.52679e+09	5.20021e+09	6.59192e+09	5.54772e+09	6.66499e+09	6.33261e+09	6.66586e+09	5.65333e+09	5.55086e+09	5.92492e+09	5.37665e+09	5.51223e+09	5.82667e+09	4.83828e+09	5.70314e+09	5.49799e+09	5.4697e+09	5.35278e+09	5.54685e+09	5.60203e+09	7.10922e+09	5.75672e+09	7.31642e+09	6.61316e+09	6.78046e+09	6.71626e+09	5.20498e+09	6.14041e+09	6.25725e+09	6.12133e+09	5.36965e+09	5.73754e+09
ERR612782	6.91515e+09	6.95898e+09	6.98634e+09	6.97837e+09	6.80702e+09	7.11318e+09	5.02192e+09	4.87175e+09	5.73223e+09	5.27425e+09	6.2613e+09	5.43926e+09	5.23225e+09	6.12734e+09	5.09252e+09	5.35769e+09	6.11934e+09	5.75437e+09	6.77452e+09	6.96566e+09	6.78712e+09	6.79484e+09	5.91903e+09	6.59714e+09	6.19873e+09	6.23439e+09	6.69274e+09	6.62648e+09	6.73842e+09	6.75514e+09	6.78235e+09	7.17257e+09	5.68752e+09	6.63723e+09	6.58576e+09	6.84176e+09	7.4843e+09	7.25866e+09	6.90118e+09	7.283e+09	6.65771e+09	7.40052e+09	6.34755e+09	5.75681e+09	5.65106e+09	6.28031e+09	5.74362e+09	5.70914e+09	5.9776e+09	5.9863e+09	6.08969e+09	6.0545e+09	3.21197e+09	4.67267e+09	5.20704e+09	5.41093e+09	5.23048e+09	5.87745e+09	5.15662e+09	4.75261e+09	4.91696e+09	5.37754e+09	5.20261e+09	4.94486e+09	5.19446e+09	4.88113e+09	6.28363e+09	5.33604e+09	6.34954e+09	6.05529e+09	6.34811e+09	5.42135e+09	4.74746e+09	5.4397e+09	4.60582e+09	5.08374e+09	5.36776e+09	4.17852e+09	5.26753e+09	5.09323e+09	5.07491e+09	4.97492e+09	5.15443e+09	5.1845e+09	6.80602e+09	5.62009e+09	6.98244e+09	6.41963e+09	6.52399e+09	6.51257e+09	4.83048e+09	5.69192e+09	5.79128e+09	5.66976e+09	4.99325e+09	5.31494e+09
ERR612777	7.57524e+09	7.62969e+09	7.66301e+09	7.65389e+09	7.4465e+09	7.81594e+09	5.49611e+09	5.32443e+09	6.29921e+09	5.78409e+09	6.90451e+09	5.96848e+09	5.71197e+09	6.71948e+09	5.5508e+09	5.85269e+09	6.71733e+09	6.29729e+09	7.4316e+09	7.65733e+09	7.44376e+09	7.45545e+09	6.44927e+09	7.22626e+09	6.79187e+09	6.83263e+09	7.36347e+09	7.28654e+09	7.41797e+09	7.43565e+09	7.17257e+09	8.10804e+09	6.14538e+09	7.23052e+09	7.17015e+09	7.47707e+09	8.26728e+09	7.99588e+09	7.56342e+09	8.02515e+09	7.27427e+09	8.16537e+09	6.99802e+09	6.3212e+09	6.1959e+09	6.92052e+09	6.30117e+09	6.26102e+09	6.63294e+09	6.63356e+09	6.75218e+09	6.71014e+09	3.50648e+09	5.14271e+09	5.68747e+09	5.91602e+09	5.71418e+09	6.44262e+09	5.63139e+09	5.17097e+09	5.41893e+09	5.9388e+09	5.74036e+09	5.4484e+09	5.72836e+09	5.37928e+09	6.86892e+09	5.79271e+09	6.94524e+09	6.60812e+09	6.94395e+09	5.89237e+09	5.32991e+09	6.03512e+09	5.16717e+09	5.62656e+09	5.94974e+09	4.67181e+09	5.84022e+09	5.6412e+09	5.62028e+09	5.50504e+09	5.70778e+09	5.74607e+09	7.4692e+09	6.10391e+09	7.67834e+09	7.0121e+09	7.13913e+09	7.12019e+09	5.31336e+09	6.28371e+09	6.39764e+09	6.25996e+09	5.49235e+09	5.85964e+09
ERR612778	5.93521e+09	5.96891e+09	5.99036e+09	5.984e+09	5.8514e+09	6.0889e+09	4.35844e+09	4.2358e+09	4.94208e+09	4.56484e+09	5.37242e+09	4.70127e+09	4.54165e+09	5.27897e+09	4.42786e+09	4.64401e+09	5.26904e+09	4.97374e+09	5.81504e+09	5.96553e+09	5.82736e+09	5.83189e+09	5.12878e+09	5.67375e+09	5.34062e+09	5.3707e+09	5.7368e+09	5.68326e+09	5.7722e+09	5.78675e+09	5.68752e+09	6.14538e+09	5.13139e+09	5.7265e+09	5.68569e+09	5.88958e+09	6.37712e+09	6.20055e+09	5.92208e+09	6.21927e+09	5.73274e+09	6.3116e+09	5.44507e+09	4.96529e+09	4.88279e+09	5.3911e+09	4.95877e+09	4.93058e+09	5.10807e+09	5.12013e+09	5.20477e+09	5.17681e+09	2.80914e+09	4.03681e+09	4.5196e+09	4.68913e+09	4.53857e+09	5.0704e+09	4.47695e+09	4.14911e+09	4.24055e+09	4.62516e+09	4.47903e+09	4.26547e+09	4.47416e+09	4.21012e+09	5.42099e+09	4.65126e+09	5.47348e+09	5.23657e+09	5.47179e+09	4.71901e+09	4.02169e+09	4.65674e+09	3.90548e+09	4.36539e+09	4.60056e+09	3.557e+09	4.51397e+09	4.37083e+09	4.35415e+09	4.27213e+09	4.42325e+09	4.44516e+09	5.83732e+09	4.88516e+09	5.97618e+09	5.53437e+09	5.61428e+09	5.60863e+09	4.17606e+09	4.89084e+09	4.97197e+09	4.87084e+09	4.31357e+09	4.57816e+09
