	ERR631235	ERR631234	ERR631233	ERR631236	ERR631238	ERR631237	ERR626952	ERR626951	ERR626956	ERR626955	ERR626953	ERR626954	ERR626905	ERR626906	ERR626908	ERR626907	ERR626904	ERR626903	ERR612618	ERR612614	ERR612613	ERR612616	ERR612617	ERR612615	ERR617515	ERR617512	ERR617514	ERR617511	ERR617516	ERR617513	ERR613997	ERR613999	ERR613998	ERR613996	ERR614001	ERR614000	ERR613974	ERR613977	ERR613972	ERR613975	ERR613973	ERR613976	ERR636667	ERR636669	ERR636668	ERR636672	ERR636670	ERR636671	ERR630339	ERR630342	ERR630343	ERR630340	ERR630338	ERR630341	ERR616189	ERR616185	ERR616190	ERR616186	ERR616187	ERR616188	ERR617486	ERR617484	ERR617485	ERR617481	ERR617482	ERR617483	ERR608168	ERR608171	ERR608172	ERR608169	ERR608170	ERR608167	ERR608355	ERR608356	ERR608358	ERR608357	ERR608354	ERR608353	ERR630147	ERR630150	ERR630146	ERR630148	ERR630149	ERR630151	ERR629631	ERR629635	ERR629634	ERR629633	ERR629630	ERR629632	ERR614881	ERR614877	ERR614878	ERR614879	ERR614882	ERR614880
ERR631235	8.71918e+09	7.54128e+09	7.70921e+09	7.5092e+09	7.48039e+09	7.47788e+09	6.54326e+09	7.27426e+09	7.36353e+09	7.43694e+09	7.31012e+09	6.71485e+09	7.03757e+09	5.91734e+09	7.59649e+09	5.85724e+09	6.97859e+09	7.5023e+09	7.76989e+09	7.43274e+09	8.64259e+09	7.81021e+09	7.81276e+09	8.3317e+09	6.4862e+09	5.80602e+09	6.38532e+09	5.73179e+09	6.14351e+09	5.82655e+09	7.56295e+09	7.5026e+09	6.68205e+09	7.92687e+09	7.53076e+09	7.52328e+09	6.5568e+09	7.79815e+09	7.74202e+09	7.16663e+09	7.24075e+09	7.17086e+09	7.74804e+09	8.16198e+09	8.24597e+09	7.45858e+09	7.53256e+09	7.43126e+09	7.29716e+09	7.89413e+09	7.4986e+09	7.00562e+09	8.01305e+09	7.89929e+09	5.96735e+09	5.8665e+09	6.19941e+09	6.25025e+09	5.65074e+09	5.90686e+09	6.58393e+09	6.92496e+09	7.00051e+09	6.11526e+09	6.27192e+09	6.28903e+09	6.0479e+09	7.18893e+09	7.16993e+09	5.92942e+09	7.24493e+09	5.90641e+09	6.93669e+09	7.47194e+09	7.58917e+09	7.47296e+09	6.57175e+09	5.2496e+09	7.15738e+09	6.58285e+09	7.83849e+09	7.53385e+09	5.55721e+09	6.55675e+09	7.12374e+09	6.68237e+09	6.72275e+09	7.01093e+09	7.74426e+09	7.05811e+09	8.49212e+09	7.3853e+09	7.543e+09	7.44927e+09	8.44597e+09	8.52698e+09
ERR631234	7.54128e+09	7.01096e+09	6.92273e+09	6.75166e+09	6.72821e+09	6.72524e+09	5.84336e+09	6.48573e+09	6.5612e+09	6.62324e+09	6.51612e+09	5.99477e+09	6.34069e+09	5.37738e+09	6.81511e+09	5.32571e+09	6.29057e+09	6.73704e+09	6.93449e+09	6.64324e+09	7.67677e+09	6.96893e+09	6.97092e+09	7.41088e+09	5.8651e+09	5.27493e+09	5.7784e+09	5.20608e+09	5.56534e+09	5.29352e+09	6.74634e+09	6.69688e+09	5.9822e+09	7.05927e+09	6.72055e+09	6.71431e+09	5.8971e+09	6.96481e+09	6.91841e+09	6.43117e+09	6.49082e+09	6.43464e+09	6.91169e+09	7.26415e+09	7.33714e+09	6.6609e+09	6.72422e+09	6.63725e+09	6.54394e+09	7.05133e+09	6.70963e+09	6.29914e+09	7.15152e+09	7.05465e+09	5.43252e+09	5.34644e+09	5.63476e+09	5.68012e+09	5.15887e+09	5.38065e+09	5.95616e+09	6.25066e+09	6.31495e+09	5.55011e+09	5.69011e+09	5.70509e+09	5.48891e+09	6.47088e+09	6.45467e+09	5.38786e+09	6.51771e+09	5.36535e+09	6.26018e+09	6.71414e+09	6.81313e+09	6.71446e+09	5.94649e+09	4.78538e+09	6.43047e+09	5.93038e+09	7.00938e+09	6.75178e+09	5.0433e+09	5.90789e+09	6.38708e+09	6.01454e+09	6.04793e+09	6.29559e+09	6.91857e+09	6.33315e+09	7.55547e+09	6.62085e+09	6.75587e+09	6.67981e+09	7.51767e+09	7.58589e+09
ERR631233	7.70921e+09	6.92273e+09	7.30436e+09	6.89512e+09	6.86984e+09	6.86727e+09	5.99289e+09	6.64841e+09	6.72711e+09	6.79185e+09	6.67918e+09	6.14736e+09	6.46479e+09	5.47066e+09	6.95447e+09	5.41752e+09	6.41445e+09	6.87276e+09	7.10248e+09	6.80386e+09	7.86477e+09	7.13787e+09	7.14021e+09	7.59482e+09	5.97973e+09	5.37417e+09	5.89013e+09	5.3065e+09	5.67462e+09	5.39263e+09	6.91065e+09	6.85779e+09	6.12844e+09	7.2308e+09	6.88224e+09	6.87577e+09	6.03183e+09	7.12892e+09	7.08024e+09	6.57451e+09	6.63892e+09	6.57896e+09	7.0782e+09	7.44187e+09	7.51432e+09	6.82252e+09	6.88769e+09	6.79855e+09	6.69429e+09	7.21763e+09	6.86852e+09	6.43899e+09	7.32084e+09	7.2217e+09	5.52301e+09	5.43211e+09	5.72915e+09	5.77381e+09	5.23659e+09	5.46881e+09	6.07013e+09	6.36993e+09	6.43602e+09	5.65436e+09	5.79356e+09	5.80921e+09	5.59358e+09	6.60359e+09	6.58705e+09	5.48922e+09	6.65233e+09	5.46716e+09	6.38168e+09	6.85209e+09	6.95494e+09	6.85306e+09	6.06037e+09	4.87528e+09	6.57223e+09	6.06104e+09	7.16786e+09	6.90179e+09	5.14578e+09	6.03777e+09	6.53836e+09	6.14999e+09	6.18496e+09	6.43985e+09	7.084e+09	6.47999e+09	7.73792e+09	6.77362e+09	6.91154e+09	6.83088e+09	7.69821e+09	7.76936e+09
ERR631236	7.5092e+09	6.75166e+09	6.89512e+09	6.95365e+09	6.70468e+09	6.70237e+09	5.85909e+09	6.49168e+09	6.56894e+09	6.63155e+09	6.52189e+09	6.00919e+09	6.30252e+09	5.34047e+09	6.77325e+09	5.28981e+09	6.25314e+09	6.69428e+09	6.93133e+09	6.64386e+09	7.66375e+09	6.96569e+09	6.96866e+09	7.40577e+09	5.84029e+09	5.2544e+09	5.7537e+09	5.18961e+09	5.54715e+09	5.27209e+09	6.74484e+09	6.69323e+09	5.98939e+09	7.05294e+09	6.71721e+09	6.71121e+09	5.8975e+09	6.95758e+09	6.91001e+09	6.42096e+09	6.48505e+09	6.42491e+09	6.90779e+09	7.2584e+09	7.32636e+09	6.66355e+09	6.72612e+09	6.64008e+09	6.53369e+09	7.03798e+09	6.70438e+09	6.28744e+09	7.13601e+09	7.04246e+09	5.39435e+09	5.30528e+09	5.5933e+09	5.63423e+09	5.11471e+09	5.34177e+09	5.92796e+09	6.21551e+09	6.27994e+09	5.52653e+09	5.65974e+09	5.67445e+09	5.46833e+09	6.44168e+09	6.42639e+09	5.36629e+09	6.4899e+09	5.34592e+09	6.22852e+09	6.68257e+09	6.7814e+09	6.68311e+09	5.91971e+09	4.77436e+09	6.41075e+09	5.92085e+09	6.9834e+09	6.72779e+09	5.03571e+09	5.89893e+09	6.3891e+09	6.01189e+09	6.04572e+09	6.2924e+09	6.9151e+09	6.33273e+09	7.53898e+09	6.61066e+09	6.74348e+09	6.66392e+09	7.50049e+09	7.56866e+09
ERR631238	7.48039e+09	6.72821e+09	6.86984e+09	6.70468e+09	6.90312e+09	6.67787e+09	5.83066e+09	6.46145e+09	6.53784e+09	6.59958e+09	6.49156e+09	5.98017e+09	6.28157e+09	5.32503e+09	6.7496e+09	5.27447e+09	6.23209e+09	6.67117e+09	6.90075e+09	6.61461e+09	7.63003e+09	6.93453e+09	6.93686e+09	7.37205e+09	5.82217e+09	5.23841e+09	5.73577e+09	5.17337e+09	5.52906e+09	5.25612e+09	6.71504e+09	6.66385e+09	5.96245e+09	7.02134e+09	6.68787e+09	6.68148e+09	5.8732e+09	6.92723e+09	6.88061e+09	6.39517e+09	6.45766e+09	6.39892e+09	6.87784e+09	7.22588e+09	7.29408e+09	6.63335e+09	6.69586e+09	6.61022e+09	6.50583e+09	7.00652e+09	6.67402e+09	6.26125e+09	7.1046e+09	7.01122e+09	5.37802e+09	5.2895e+09	5.57628e+09	5.61756e+09	5.10106e+09	5.32629e+09	5.90783e+09	6.19464e+09	6.25775e+09	5.5078e+09	5.64148e+09	5.65558e+09	5.44936e+09	6.41797e+09	6.40226e+09	5.34811e+09	6.46517e+09	5.32735e+09	6.20588e+09	6.65648e+09	6.75465e+09	6.65702e+09	5.89825e+09	4.75742e+09	6.38379e+09	5.8957e+09	6.953e+09	6.6992e+09	5.01502e+09	5.87373e+09	6.36054e+09	5.98641e+09	6.02044e+09	6.26506e+09	6.88408e+09	6.30523e+09	7.50511e+09	6.58137e+09	6.71375e+09	6.63517e+09	7.46656e+09	7.53455e+09
ERR631237	7.47788e+09	6.72524e+09	6.86727e+09	6.70237e+09	6.67787e+09	6.89853e+09	5.83124e+09	6.4608e+09	6.53765e+09	6.59964e+09	6.49079e+09	5.98028e+09	6.27741e+09	5.32105e+09	6.74529e+09	5.27004e+09	6.2281e+09	6.66657e+09	6.8991e+09	6.61357e+09	7.62744e+09	6.93339e+09	6.93568e+09	7.37053e+09	5.81822e+09	5.23579e+09	5.73238e+09	5.1713e+09	5.526e+09	5.25332e+09	6.71297e+09	6.66194e+09	5.96212e+09	7.0192e+09	6.68533e+09	6.67967e+09	5.8725e+09	6.92557e+09	6.87872e+09	6.39292e+09	6.45636e+09	6.39711e+09	6.87556e+09	7.2242e+09	7.29198e+09	6.63233e+09	6.69463e+09	6.60923e+09	6.50786e+09	7.00819e+09	6.67658e+09	6.26264e+09	7.10616e+09	7.01239e+09	5.377e+09	5.28851e+09	5.57508e+09	5.61631e+09	5.09918e+09	5.32465e+09	5.90726e+09	6.193e+09	6.25626e+09	5.50752e+09	5.63976e+09	5.65424e+09	5.44992e+09	6.41868e+09	6.4026e+09	5.34856e+09	6.46492e+09	5.32795e+09	6.20476e+09	6.65574e+09	6.7543e+09	6.65686e+09	5.89791e+09	4.75849e+09	6.38681e+09	5.89936e+09	6.95647e+09	6.70189e+09	5.01888e+09	5.87784e+09	6.36199e+09	5.98721e+09	6.02055e+09	6.2661e+09	6.88476e+09	6.30582e+09	7.50636e+09	6.58415e+09	6.71606e+09	6.63727e+09	7.46798e+09	7.53581e+09
ERR626952	6.54326e+09	5.84336e+09	5.99289e+09	5.85909e+09	5.83066e+09	5.83124e+09	6.27663e+09	6.60802e+09	6.67373e+09	6.72398e+09	6.63284e+09	6.23094e+09	5.55874e+09	4.69374e+09	5.97623e+09	4.65512e+09	5.51963e+09	5.90282e+09	6.68861e+09	6.47056e+09	7.23825e+09	6.71678e+09	6.7213e+09	7.06233e+09	5.24495e+09	4.73604e+09	5.17036e+09	4.70441e+09	5.01129e+09	4.74305e+09	6.6538e+09	6.59632e+09	6.02291e+09	6.88733e+09	6.61855e+09	6.61185e+09	5.73247e+09	6.65614e+09	6.60975e+09	6.151e+09	6.23631e+09	6.15621e+09	6.73926e+09	7.00909e+09	7.05117e+09	6.56187e+09	6.6135e+09	6.54381e+09	5.84838e+09	6.29563e+09	6.03926e+09	5.60819e+09	6.38116e+09	6.3086e+09	4.41702e+09	4.32345e+09	4.57661e+09	4.59224e+09	4.14085e+09	4.3633e+09	5.00022e+09	5.22589e+09	5.28101e+09	4.66568e+09	4.74962e+09	4.75728e+09	4.65474e+09	5.48984e+09	5.47802e+09	4.55647e+09	5.53666e+09	4.54739e+09	5.28691e+09	5.69317e+09	5.7879e+09	5.69794e+09	5.03088e+09	4.09474e+09	5.53503e+09	5.14611e+09	6.04092e+09	5.81046e+09	4.35773e+09	5.12764e+09	5.98062e+09	5.59442e+09	5.62946e+09	5.85968e+09	6.4247e+09	5.90919e+09	6.77718e+09	5.9508e+09	6.06283e+09	5.97141e+09	6.74034e+09	6.7984e+09
ERR626951	7.27426e+09	6.48573e+09	6.64841e+09	6.49168e+09	6.46145e+09	6.4608e+09	6.60802e+09	7.42494e+09	7.30111e+09	7.36299e+09	7.25619e+09	6.75586e+09	6.24801e+09	5.26427e+09	6.72729e+09	5.21746e+09	6.20004e+09	6.64481e+09	7.34107e+09	7.07479e+09	8.01701e+09	7.3741e+09	7.37773e+09	7.79268e+09	5.82982e+09	5.24349e+09	5.74377e+09	5.1979e+09	5.55195e+09	5.25443e+09	7.2965e+09	7.23223e+09	6.53762e+09	7.58432e+09	7.25794e+09	7.24972e+09	6.23431e+09	7.31411e+09	7.25982e+09	6.73581e+09	6.82519e+09	6.74102e+09	7.39819e+09	7.72702e+09	7.78558e+09	7.17606e+09	7.24021e+09	7.15499e+09	6.42205e+09	6.93626e+09	6.62731e+09	6.15749e+09	7.03762e+09	6.94825e+09	4.91164e+09	4.81386e+09	5.09681e+09	5.12308e+09	4.61578e+09	4.85415e+09	5.54324e+09	5.80928e+09	5.87245e+09	5.15924e+09	5.265e+09	5.2752e+09	5.13598e+09	6.09289e+09	6.07857e+09	5.02843e+09	6.1441e+09	5.01432e+09	5.87114e+09	6.33062e+09	6.43738e+09	6.33576e+09	5.57388e+09	4.49603e+09	6.13017e+09	5.67016e+09	6.7115e+09	6.44996e+09	4.78113e+09	5.64906e+09	6.50944e+09	6.08491e+09	6.12348e+09	6.38288e+09	7.03097e+09	6.43693e+09	7.48246e+09	6.52942e+09	6.66126e+09	6.56398e+09	7.44064e+09	7.50845e+09
ERR626956	7.36353e+09	6.5612e+09	6.72711e+09	6.56894e+09	6.53784e+09	6.53765e+09	6.67373e+09	7.30111e+09	7.59829e+09	7.4504e+09	7.33278e+09	6.82692e+09	6.32589e+09	5.32342e+09	6.81453e+09	5.27611e+09	6.27778e+09	6.72943e+09	7.42138e+09	7.1496e+09	8.1133e+09	7.45558e+09	7.46023e+09	7.88706e+09	5.9e+09	5.30461e+09	5.81243e+09	5.25981e+09	5.61922e+09	5.31556e+09	7.37428e+09	7.30785e+09	6.60423e+09	7.66905e+09	7.33433e+09	7.32582e+09	6.29724e+09	7.39314e+09	7.33719e+09	6.80271e+09	6.89484e+09	6.80824e+09	7.47922e+09	7.81867e+09	7.87529e+09	7.25438e+09	7.31896e+09	7.23193e+09	6.49942e+09	7.02238e+09	6.71063e+09	6.22858e+09	7.12386e+09	7.03479e+09	4.96481e+09	4.86281e+09	5.15219e+09	5.17612e+09	4.66087e+09	4.90607e+09	5.60786e+09	5.87598e+09	5.9402e+09	5.218e+09	5.32338e+09	5.33412e+09	5.19538e+09	6.16646e+09	6.15181e+09	5.0852e+09	6.21855e+09	5.07216e+09	5.93839e+09	6.40748e+09	6.51574e+09	6.41264e+09	5.6378e+09	4.54834e+09	6.20809e+09	5.74425e+09	6.79723e+09	6.53109e+09	4.84103e+09	5.72291e+09	6.5786e+09	6.14463e+09	6.1842e+09	6.44781e+09	7.10735e+09	6.50207e+09	7.5715e+09	6.60381e+09	6.73672e+09	6.63677e+09	7.52855e+09	7.59789e+09
ERR626955	7.43694e+09	6.62324e+09	6.79185e+09	6.63155e+09	6.59958e+09	6.59964e+09	6.72398e+09	7.36299e+09	7.4504e+09	7.72792e+09	7.39528e+09	6.87958e+09	6.39516e+09	5.37759e+09	6.89134e+09	5.32966e+09	6.34626e+09	6.80456e+09	7.48635e+09	7.20921e+09	8.19323e+09	7.52084e+09	7.52596e+09	7.96223e+09	5.95643e+09	5.35279e+09	5.8682e+09	5.30874e+09	5.67243e+09	5.36455e+09	7.4379e+09	7.37017e+09	6.6562e+09	7.73864e+09	7.39698e+09	7.38806e+09	6.34606e+09	7.45742e+09	7.39998e+09	6.85816e+09	6.95124e+09	6.86357e+09	7.54373e+09	7.89077e+09	7.9475e+09	7.31396e+09	7.38023e+09	7.29183e+09	6.55939e+09	7.0886e+09	6.77281e+09	6.28513e+09	7.19241e+09	7.10159e+09	5.01163e+09	4.90819e+09	5.20115e+09	5.22544e+09	4.70388e+09	4.9516e+09	5.66092e+09	5.93271e+09	5.99754e+09	5.26667e+09	5.3734e+09	5.38421e+09	5.24372e+09	6.22722e+09	6.21191e+09	5.13213e+09	6.27957e+09	5.11901e+09	5.9955e+09	6.47126e+09	6.5809e+09	6.47631e+09	5.69112e+09	4.58945e+09	6.27198e+09	5.80192e+09	6.86919e+09	6.59946e+09	4.88786e+09	5.78027e+09	6.63161e+09	6.1932e+09	6.2327e+09	6.49938e+09	7.16789e+09	6.55464e+09	7.64458e+09	6.66387e+09	6.79819e+09	6.69742e+09	7.60109e+09	7.67144e+09
ERR626953	7.31012e+09	6.51612e+09	6.67918e+09	6.52189e+09	6.49156e+09	6.49079e+09	6.63284e+09	7.25619e+09	7.33278e+09	7.39528e+09	7.49044e+09	6.78209e+09	6.2796e+09	5.2898e+09	6.76258e+09	5.24274e+09	6.2318e+09	6.6792e+09	7.37269e+09	7.10465e+09	8.05569e+09	7.40598e+09	7.40992e+09	7.82843e+09	5.8581e+09	5.26722e+09	5.77139e+09	5.22065e+09	5.57772e+09	5.27826e+09	7.32809e+09	7.26302e+09	6.56302e+09	7.61905e+09	7.2892e+09	7.28132e+09	6.25804e+09	7.34587e+09	7.29141e+09	6.76347e+09	6.85313e+09	6.76884e+09	7.43038e+09	7.76294e+09	7.8223e+09	7.20666e+09	7.27097e+09	7.18535e+09	6.45016e+09	6.96846e+09	6.65686e+09	6.18437e+09	7.07004e+09	6.9804e+09	4.93418e+09	4.83513e+09	5.12013e+09	5.14641e+09	4.63718e+09	4.87604e+09	5.5687e+09	5.83657e+09	5.9006e+09	5.18221e+09	5.28868e+09	5.2991e+09	5.159e+09	6.12226e+09	6.1078e+09	5.05086e+09	6.17404e+09	5.03618e+09	5.89906e+09	6.36152e+09	6.4686e+09	6.36673e+09	5.59934e+09	4.51507e+09	6.15837e+09	5.69559e+09	6.74389e+09	6.48049e+09	4.80185e+09	5.67468e+09	6.53593e+09	6.10825e+09	6.14708e+09	6.40826e+09	7.06117e+09	6.4627e+09	7.51726e+09	6.5578e+09	6.69027e+09	6.59279e+09	7.47541e+09	7.54371e+09
ERR626954	6.71485e+09	5.99477e+09	6.14736e+09	6.00919e+09	5.98017e+09	5.98028e+09	6.23094e+09	6.75586e+09	6.82692e+09	6.87958e+09	6.78209e+09	6.53471e+09	5.72397e+09	4.83293e+09	6.15528e+09	4.7922e+09	5.68252e+09	6.07991e+09	6.84519e+09	6.61586e+09	7.42266e+09	6.87409e+09	6.87821e+09	7.235e+09	5.38559e+09	4.85827e+09	5.30802e+09	4.82264e+09	5.14088e+09	4.86605e+09	6.8089e+09	6.75052e+09	6.14785e+09	7.05489e+09	6.77362e+09	6.76611e+09	5.85371e+09	6.81386e+09	6.76577e+09	6.29278e+09	6.37845e+09	6.29816e+09	6.89733e+09	7.18013e+09	7.22633e+09	6.71055e+09	6.76501e+09	6.69163e+09	5.97968e+09	6.44275e+09	6.17463e+09	5.73395e+09	6.53129e+09	6.45552e+09	4.53506e+09	4.43988e+09	4.70031e+09	4.71788e+09	4.25437e+09	4.48026e+09	5.12701e+09	5.36215e+09	5.41894e+09	4.78078e+09	4.86996e+09	4.87877e+09	4.76666e+09	5.62981e+09	5.61686e+09	4.66602e+09	5.67728e+09	4.65557e+09	5.42342e+09	5.84156e+09	5.93978e+09	5.84668e+09	5.15762e+09	4.1881e+09	5.67149e+09	5.2659e+09	6.1941e+09	5.95697e+09	4.45475e+09	5.24719e+09	6.10486e+09	5.7097e+09	5.74597e+09	5.98291e+09	6.56636e+09	6.03328e+09	6.94089e+09	6.08574e+09	6.2025e+09	6.10993e+09	6.90299e+09	6.96315e+09
ERR626905	7.03757e+09	6.34069e+09	6.46479e+09	6.30252e+09	6.28157e+09	6.27741e+09	5.55874e+09	6.24801e+09	6.32589e+09	6.39516e+09	6.2796e+09	5.72397e+09	6.79288e+09	5.57475e+09	7.04848e+09	5.51727e+09	6.50435e+09	6.96841e+09	6.61594e+09	6.31172e+09	7.39078e+09	6.65025e+09	6.65036e+09	7.10643e+09	5.78425e+09	5.2066e+09	5.70007e+09	5.13052e+09	5.4836e+09	5.23011e+09	6.55051e+09	6.5e+09	5.7493e+09	6.88451e+09	6.52587e+09	6.51789e+09	5.60884e+09	6.66766e+09	6.6178e+09	6.14785e+09	6.19346e+09	6.14974e+09	6.65285e+09	7.02302e+09	7.10802e+09	6.38195e+09	6.45033e+09	6.3608e+09	6.04206e+09	6.52825e+09	6.18592e+09	5.82127e+09	6.62687e+09	6.52711e+09	5.0747e+09	4.99634e+09	5.26863e+09	5.3154e+09	4.82292e+09	5.02734e+09	5.53609e+09	5.81701e+09	5.87815e+09	5.15519e+09	5.29317e+09	5.30962e+09	5.10531e+09	6.03599e+09	6.02149e+09	5.01567e+09	6.07804e+09	4.98891e+09	5.83827e+09	6.26777e+09	6.35755e+09	6.26974e+09	5.54082e+09	4.44484e+09	6.01467e+09	5.5198e+09	6.57218e+09	6.32533e+09	4.68575e+09	5.49734e+09	5.82907e+09	5.49348e+09	5.52422e+09	5.75342e+09	6.33956e+09	5.78671e+09	6.99241e+09	6.09632e+09	6.22572e+09	6.16062e+09	6.95615e+09	7.02136e+09
ERR626906	5.91734e+09	5.37738e+09	5.47066e+09	5.34047e+09	5.32503e+09	5.32105e+09	4.69374e+09	5.26427e+09	5.32342e+09	5.37759e+09	5.2898e+09	4.83293e+09	5.57475e+09	4.98969e+09	5.95183e+09	4.76302e+09	5.528e+09	5.88956e+09	5.56388e+09	5.31796e+09	6.17687e+09	5.59135e+09	5.59007e+09	5.94695e+09	4.9395e+09	4.47771e+09	4.8724e+09	4.40698e+09	4.69336e+09	4.49724e+09	5.51843e+09	5.48167e+09	4.86667e+09	5.78462e+09	5.50176e+09	5.496e+09	4.7612e+09	5.61306e+09	5.57519e+09	5.20855e+09	5.23834e+09	5.20898e+09	5.59733e+09	5.88742e+09	5.95935e+09	5.37733e+09	5.43209e+09	5.36056e+09	5.09776e+09	5.48663e+09	5.2041e+09	4.92566e+09	5.56461e+09	5.48372e+09	4.37452e+09	4.31351e+09	4.53218e+09	4.57286e+09	4.17698e+09	4.33753e+09	4.72674e+09	4.95597e+09	5.00457e+09	4.41914e+09	4.53689e+09	4.55164e+09	4.3752e+09	5.12298e+09	5.11137e+09	4.30568e+09	5.15501e+09	4.28052e+09	4.97104e+09	5.3082e+09	5.37724e+09	5.30911e+09	4.73091e+09	3.82684e+09	5.08607e+09	4.67972e+09	5.52942e+09	5.33453e+09	4.00639e+09	4.6607e+09	4.92e+09	4.65793e+09	4.68217e+09	4.86616e+09	5.3313e+09	4.89e+09	5.85712e+09	5.14635e+09	5.25065e+09	5.2035e+09	5.82909e+09	5.88009e+09
ERR626908	7.59649e+09	6.81511e+09	6.95447e+09	6.77325e+09	6.7496e+09	6.74529e+09	5.97623e+09	6.72729e+09	6.81453e+09	6.89134e+09	6.76258e+09	6.15528e+09	7.04848e+09	5.95183e+09	7.85665e+09	5.88953e+09	6.98272e+09	7.50489e+09	7.13306e+09	6.79764e+09	7.99762e+09	7.1714e+09	7.17148e+09	7.67922e+09	6.19471e+09	5.55787e+09	6.10243e+09	5.47694e+09	5.86363e+09	5.58277e+09	7.05716e+09	7.00081e+09	6.17693e+09	7.42711e+09	7.02928e+09	7.02053e+09	6.01723e+09	7.18521e+09	7.13022e+09	6.60779e+09	6.65964e+09	6.60931e+09	7.17158e+09	7.58431e+09	7.67908e+09	6.87309e+09	6.94846e+09	6.8489e+09	6.5023e+09	7.04224e+09	6.66435e+09	6.25663e+09	7.15216e+09	7.04141e+09	5.41889e+09	5.33322e+09	5.63268e+09	5.68309e+09	5.14319e+09	5.36644e+09	5.93065e+09	6.2405e+09	6.30823e+09	5.51106e+09	5.66193e+09	5.68012e+09	5.45806e+09	6.48515e+09	6.46934e+09	5.3583e+09	6.53254e+09	5.33045e+09	6.26409e+09	6.74142e+09	6.84208e+09	6.7436e+09	5.93497e+09	4.73842e+09	6.46917e+09	5.9251e+09	7.08931e+09	6.81468e+09	5.00878e+09	5.90075e+09	6.27053e+09	5.89926e+09	5.93372e+09	6.18638e+09	6.83503e+09	6.22366e+09	7.55817e+09	6.56073e+09	6.70365e+09	6.63135e+09	7.51742e+09	7.59041e+09
ERR626907	5.85724e+09	5.32571e+09	5.41752e+09	5.28981e+09	5.27447e+09	5.27004e+09	4.65512e+09	5.21746e+09	5.27611e+09	5.32966e+09	5.24274e+09	4.7922e+09	5.51727e+09	4.76302e+09	5.88953e+09	4.8951e+09	5.47217e+09	5.8281e+09	5.51199e+09	5.27013e+09	6.11567e+09	5.53917e+09	5.53805e+09	5.88987e+09	4.89238e+09	4.43637e+09	4.82643e+09	4.36711e+09	4.65004e+09	4.45612e+09	5.46774e+09	5.43132e+09	4.8251e+09	5.73036e+09	5.45104e+09	5.44562e+09	4.71957e+09	5.55892e+09	5.52143e+09	5.15945e+09	5.18988e+09	5.1604e+09	5.54443e+09	5.83016e+09	5.90048e+09	5.32817e+09	5.38207e+09	5.31129e+09	5.04939e+09	5.43272e+09	5.15516e+09	4.87958e+09	5.50999e+09	5.43013e+09	4.3325e+09	4.2723e+09	4.48889e+09	4.52816e+09	4.1373e+09	4.29608e+09	4.68193e+09	4.90753e+09	4.95532e+09	4.37802e+09	4.49487e+09	4.50916e+09	4.33483e+09	5.07188e+09	5.06128e+09	4.26621e+09	5.10457e+09	4.24157e+09	4.92333e+09	5.25616e+09	5.32398e+09	5.25662e+09	4.68706e+09	3.79398e+09	5.0374e+09	4.63697e+09	5.47442e+09	5.28235e+09	3.97125e+09	4.61829e+09	4.87487e+09	4.61636e+09	4.63963e+09	4.82231e+09	5.28076e+09	4.84573e+09	5.79815e+09	5.09832e+09	5.20164e+09	5.15456e+09	5.77071e+09	5.82124e+09
ERR626904	6.97859e+09	6.29057e+09	6.41445e+09	6.25314e+09	6.23209e+09	6.2281e+09	5.51963e+09	6.20004e+09	6.27778e+09	6.34626e+09	6.2318e+09	5.68252e+09	6.50435e+09	5.528e+09	6.98272e+09	5.47217e+09	6.67462e+09	6.90454e+09	6.56356e+09	6.2652e+09	7.32703e+09	6.59791e+09	6.59839e+09	7.04856e+09	5.73798e+09	5.16782e+09	5.65547e+09	5.0936e+09	5.4417e+09	5.1912e+09	6.499e+09	6.44876e+09	5.70928e+09	6.82815e+09	6.47389e+09	6.46632e+09	5.5711e+09	6.61488e+09	6.5666e+09	6.10153e+09	6.1482e+09	6.10338e+09	6.59915e+09	6.96499e+09	7.04771e+09	6.33385e+09	6.40095e+09	6.31223e+09	6.00151e+09	6.4822e+09	6.14447e+09	5.78317e+09	6.58018e+09	6.48106e+09	5.03777e+09	4.95947e+09	5.22923e+09	5.27477e+09	4.78622e+09	4.99006e+09	5.49519e+09	5.77135e+09	5.83179e+09	5.11871e+09	5.25402e+09	5.27066e+09	5.0722e+09	5.99179e+09	5.97814e+09	4.98288e+09	6.03362e+09	4.95706e+09	5.79475e+09	6.21945e+09	6.3079e+09	6.22102e+09	5.50097e+09	4.41695e+09	5.97565e+09	5.4864e+09	6.52688e+09	6.2826e+09	4.6593e+09	5.46405e+09	5.79036e+09	5.45823e+09	5.48868e+09	5.71548e+09	6.29439e+09	5.74774e+09	6.93885e+09	6.05529e+09	6.18347e+09	6.11898e+09	6.90369e+09	6.96793e+09
ERR626903	7.5023e+09	6.73704e+09	6.87276e+09	6.69428e+09	6.67117e+09	6.66657e+09	5.90282e+09	6.64481e+09	6.72943e+09	6.80456e+09	6.6792e+09	6.07991e+09	6.96841e+09	5.88956e+09	7.50489e+09	5.8281e+09	6.90454e+09	7.67128e+09	7.04483e+09	6.71497e+09	7.89321e+09	7.08221e+09	7.08266e+09	7.58123e+09	6.12404e+09	5.49723e+09	6.03283e+09	5.41792e+09	5.79819e+09	5.52323e+09	6.97142e+09	6.91617e+09	6.1039e+09	7.33555e+09	6.94364e+09	6.93545e+09	5.94867e+09	7.09876e+09	7.04511e+09	6.53102e+09	6.58221e+09	6.53278e+09	7.08291e+09	7.48827e+09	7.58196e+09	6.78941e+09	6.86314e+09	6.76545e+09	6.42808e+09	6.95862e+09	6.58554e+09	6.18736e+09	7.06829e+09	6.95788e+09	5.36539e+09	5.28144e+09	5.57542e+09	5.627e+09	5.09473e+09	5.31308e+09	5.86621e+09	6.17217e+09	6.2386e+09	5.45384e+09	5.60225e+09	5.62094e+09	5.40123e+09	6.41245e+09	6.397e+09	5.30396e+09	6.4592e+09	5.2758e+09	6.19686e+09	6.66579e+09	6.76477e+09	6.66784e+09	5.87226e+09	4.68974e+09	6.39787e+09	5.8592e+09	7.00916e+09	6.73829e+09	4.95644e+09	5.83504e+09	6.1978e+09	5.83475e+09	5.86768e+09	6.11693e+09	6.75415e+09	6.15199e+09	7.46666e+09	6.48582e+09	6.62744e+09	6.55719e+09	7.4273e+09	7.49823e+09
ERR612618	7.76989e+09	6.93449e+09	7.10248e+09	6.93133e+09	6.90075e+09	6.8991e+09	6.68861e+09	7.34107e+09	7.42138e+09	7.48635e+09	7.37269e+09	6.84519e+09	6.61594e+09	5.56388e+09	7.13306e+09	5.51199e+09	6.56356e+09	7.04483e+09	8.06705e+09	7.53688e+09	8.61063e+09	7.88103e+09	7.88546e+09	8.34891e+09	6.21291e+09	5.57602e+09	6.11871e+09	5.51789e+09	5.90463e+09	5.5905e+09	7.54385e+09	7.48009e+09	6.72875e+09	7.8594e+09	7.5075e+09	7.50014e+09	6.54081e+09	7.71504e+09	7.6593e+09	7.0972e+09	7.18645e+09	7.10109e+09	7.72393e+09	8.08709e+09	8.15503e+09	7.47428e+09	7.54313e+09	7.4499e+09	6.8885e+09	7.43936e+09	7.09901e+09	6.60801e+09	7.54655e+09	7.45048e+09	5.39788e+09	5.29492e+09	5.60008e+09	5.63207e+09	5.08822e+09	5.33836e+09	6.03534e+09	6.3271e+09	6.39592e+09	5.61712e+09	5.73917e+09	5.75214e+09	5.58926e+09	6.62143e+09	6.60592e+09	5.47632e+09	6.67523e+09	5.45898e+09	6.37989e+09	6.87062e+09	6.98316e+09	6.87535e+09	6.05646e+09	4.88223e+09	6.6244e+09	6.12119e+09	7.24665e+09	6.96617e+09	5.17312e+09	6.09971e+09	6.92158e+09	6.47866e+09	6.51763e+09	6.79436e+09	7.48557e+09	6.84874e+09	8.03933e+09	7.0163e+09	7.15736e+09	7.05969e+09	7.99551e+09	8.0687e+09
ERR612614	7.43274e+09	6.64324e+09	6.80386e+09	6.64386e+09	6.61461e+09	6.61357e+09	6.47056e+09	7.07479e+09	7.1496e+09	7.20921e+09	7.10465e+09	6.61586e+09	6.31172e+09	5.31796e+09	6.79764e+09	5.27013e+09	6.2652e+09	6.71497e+09	7.53688e+09	7.4659e+09	8.24312e+09	7.57108e+09	7.57667e+09	8.00654e+09	5.95432e+09	5.35535e+09	5.86624e+09	5.30369e+09	5.66808e+09	5.36766e+09	7.25741e+09	7.19616e+09	6.4997e+09	7.54735e+09	7.2223e+09	7.21513e+09	6.31613e+09	7.41295e+09	7.36183e+09	6.83247e+09	6.91977e+09	6.83605e+09	7.42602e+09	7.76134e+09	7.82083e+09	7.19814e+09	7.26217e+09	7.17537e+09	6.62539e+09	7.14331e+09	6.82819e+09	6.35813e+09	7.24403e+09	7.15485e+09	5.17028e+09	5.0701e+09	5.35968e+09	5.38754e+09	4.87076e+09	5.1122e+09	5.78531e+09	6.05755e+09	6.12168e+09	5.39248e+09	5.50333e+09	5.51494e+09	5.371e+09	6.34277e+09	6.32898e+09	5.26243e+09	6.39474e+09	5.24745e+09	6.1113e+09	6.57524e+09	6.68249e+09	6.57976e+09	5.80849e+09	4.70192e+09	6.35367e+09	5.88384e+09	6.93984e+09	6.67509e+09	4.98285e+09	5.8633e+09	6.67661e+09	6.25439e+09	6.29165e+09	6.55423e+09	7.20461e+09	6.60651e+09	7.70707e+09	6.74789e+09	6.88031e+09	6.78534e+09	7.66603e+09	7.73389e+09
ERR612613	8.64259e+09	7.67677e+09	7.86477e+09	7.66375e+09	7.63003e+09	7.62744e+09	7.23825e+09	8.01701e+09	8.1133e+09	8.19323e+09	8.05569e+09	7.42266e+09	7.39078e+09	6.17687e+09	7.99762e+09	6.11567e+09	7.32703e+09	7.89321e+09	8.61063e+09	8.24312e+09	9.8521e+09	8.65617e+09	8.66241e+09	9.24331e+09	6.87192e+09	6.13866e+09	6.76315e+09	6.06785e+09	6.51033e+09	6.15679e+09	8.26077e+09	8.18588e+09	7.29729e+09	8.6467e+09	8.21863e+09	8.20939e+09	7.10219e+09	8.4704e+09	8.40457e+09	7.75181e+09	7.84876e+09	7.7556e+09	8.47424e+09	8.92146e+09	9.00789e+09	8.1679e+09	8.25216e+09	8.13896e+09	7.58206e+09	8.22215e+09	7.81738e+09	7.26533e+09	8.34939e+09	8.23293e+09	5.97105e+09	5.85866e+09	6.205e+09	6.2477e+09	5.63043e+09	5.90495e+09	6.67747e+09	7.02085e+09	7.10049e+09	6.19626e+09	6.34377e+09	6.35822e+09	6.15624e+09	7.34575e+09	7.32695e+09	6.02976e+09	7.40755e+09	6.00876e+09	7.07118e+09	7.63683e+09	7.76598e+09	7.64147e+09	6.69442e+09	5.35141e+09	7.34692e+09	6.76007e+09	8.07026e+09	7.74544e+09	5.68394e+09	6.735e+09	7.5465e+09	7.04869e+09	7.09311e+09	7.40724e+09	8.20976e+09	7.468e+09	8.90693e+09	7.70946e+09	7.87462e+09	7.76642e+09	8.85488e+09	8.94112e+09
ERR612616	7.81021e+09	6.96893e+09	7.13787e+09	6.96569e+09	6.93453e+09	6.93339e+09	6.71678e+09	7.3741e+09	7.45558e+09	7.52084e+09	7.40598e+09	6.87409e+09	6.65025e+09	5.59135e+09	7.1714e+09	5.53917e+09	6.59791e+09	7.08221e+09	7.88103e+09	7.57108e+09	8.65617e+09	8.14681e+09	7.92439e+09	8.3924e+09	6.24308e+09	5.60295e+09	6.14864e+09	5.54432e+09	5.93364e+09	5.61713e+09	7.57795e+09	7.51352e+09	6.7568e+09	7.89642e+09	7.54141e+09	7.53373e+09	6.56831e+09	7.75028e+09	7.69443e+09	7.12759e+09	7.21746e+09	7.13156e+09	7.76027e+09	8.12749e+09	8.19514e+09	7.50826e+09	7.57818e+09	7.48359e+09	6.92162e+09	7.4773e+09	7.13354e+09	6.63915e+09	7.58471e+09	7.48786e+09	5.42536e+09	5.32076e+09	5.62866e+09	5.66048e+09	5.1135e+09	5.36512e+09	6.0651e+09	6.35899e+09	6.42807e+09	5.64454e+09	5.76773e+09	5.78033e+09	5.61607e+09	6.65549e+09	6.63998e+09	5.50272e+09	6.70996e+09	5.48532e+09	6.41116e+09	6.90633e+09	7.01974e+09	6.91092e+09	6.08637e+09	4.90499e+09	6.6596e+09	6.15309e+09	7.28584e+09	7.00369e+09	5.19884e+09	6.13125e+09	6.9515e+09	6.50619e+09	6.54502e+09	6.8238e+09	7.51986e+09	6.87792e+09	8.08131e+09	7.05052e+09	7.19242e+09	7.09409e+09	8.03741e+09	8.11052e+09
ERR612617	7.81276e+09	6.97092e+09	7.14021e+09	6.96866e+09	6.93686e+09	6.93568e+09	6.7213e+09	7.37773e+09	7.46023e+09	7.52596e+09	7.40992e+09	6.87821e+09	6.65036e+09	5.59007e+09	7.17148e+09	5.53805e+09	6.59839e+09	7.08266e+09	7.88546e+09	7.57667e+09	8.66241e+09	7.92439e+09	8.15348e+09	8.39945e+09	6.245e+09	5.6047e+09	6.15059e+09	5.54717e+09	5.93606e+09	5.61892e+09	7.58065e+09	7.5154e+09	6.75971e+09	7.89926e+09	7.54349e+09	7.53555e+09	6.57133e+09	7.75328e+09	7.69671e+09	7.12925e+09	7.21992e+09	7.133e+09	7.76342e+09	8.13151e+09	8.19833e+09	7.51176e+09	7.58212e+09	7.48727e+09	6.92834e+09	7.48301e+09	7.14085e+09	6.64542e+09	7.59143e+09	7.4948e+09	5.42557e+09	5.32073e+09	5.6283e+09	5.65941e+09	5.11192e+09	5.36473e+09	6.06813e+09	6.36131e+09	6.43031e+09	5.64768e+09	5.76963e+09	5.78256e+09	5.62008e+09	6.6589e+09	6.6429e+09	5.50605e+09	6.71397e+09	5.48937e+09	6.4137e+09	6.90964e+09	7.02303e+09	6.91401e+09	6.08913e+09	4.90946e+09	6.66544e+09	6.1599e+09	7.29183e+09	7.00918e+09	5.20449e+09	6.13755e+09	6.95717e+09	6.51019e+09	6.54935e+09	6.82878e+09	7.52558e+09	6.88318e+09	8.08724e+09	7.05581e+09	7.19805e+09	7.09881e+09	8.04258e+09	8.11625e+09
ERR612615	8.3317e+09	7.41088e+09	7.59482e+09	7.40577e+09	7.37205e+09	7.37053e+09	7.06233e+09	7.79268e+09	7.88706e+09	7.96223e+09	7.82843e+09	7.235e+09	7.10643e+09	5.94695e+09	7.67922e+09	5.88987e+09	7.04856e+09	7.58123e+09	8.34891e+09	8.00654e+09	9.24331e+09	8.3924e+09	8.39945e+09	9.20094e+09	6.63702e+09	5.94024e+09	6.53447e+09	5.87884e+09	6.30013e+09	5.95665e+09	8.01446e+09	7.94065e+09	7.10834e+09	8.37423e+09	7.9715e+09	7.96267e+09	6.91404e+09	8.20852e+09	8.14518e+09	7.52151e+09	7.61987e+09	7.52431e+09	8.21774e+09	8.63763e+09	8.71106e+09	7.93546e+09	8.01372e+09	7.90764e+09	7.3565e+09	7.96346e+09	7.58762e+09	7.04942e+09	8.08357e+09	7.97543e+09	5.7601e+09	5.64744e+09	5.98101e+09	6.0158e+09	5.42283e+09	5.69498e+09	6.45174e+09	6.7721e+09	6.84736e+09	5.99494e+09	6.12831e+09	6.14234e+09	5.96357e+09	7.09396e+09	7.0767e+09	5.84042e+09	7.15406e+09	5.82279e+09	6.82469e+09	7.36587e+09	7.49009e+09	7.37093e+09	6.47059e+09	5.19565e+09	7.11001e+09	6.55756e+09	7.79532e+09	7.48603e+09	5.52291e+09	6.53398e+09	7.34348e+09	6.85957e+09	6.90282e+09	7.20436e+09	7.97014e+09	7.26379e+09	8.61274e+09	7.47941e+09	7.63508e+09	7.52817e+09	8.56284e+09	8.6447e+09
ERR617515	6.4862e+09	5.8651e+09	5.97973e+09	5.84029e+09	5.82217e+09	5.81822e+09	5.24495e+09	5.82982e+09	5.9e+09	5.95643e+09	5.8581e+09	5.38559e+09	5.78425e+09	4.9395e+09	6.19471e+09	4.89238e+09	5.73798e+09	6.12404e+09	6.21291e+09	5.95432e+09	6.87192e+09	6.24308e+09	6.245e+09	6.63702e+09	5.65247e+09	4.91566e+09	5.36737e+09	4.85102e+09	5.17535e+09	4.93176e+09	6.03945e+09	5.99423e+09	5.3578e+09	6.31683e+09	6.01628e+09	6.01e+09	5.30802e+09	6.24472e+09	6.20217e+09	5.77843e+09	5.82903e+09	5.7817e+09	6.2282e+09	6.54368e+09	6.60749e+09	6.00292e+09	6.06122e+09	5.98261e+09	5.66715e+09	6.09417e+09	5.80752e+09	5.46411e+09	6.17792e+09	6.09801e+09	4.732e+09	4.65786e+09	4.90371e+09	4.93962e+09	4.49778e+09	4.68885e+09	5.18158e+09	5.42665e+09	5.48121e+09	4.84005e+09	4.95811e+09	4.96938e+09	4.79462e+09	5.62118e+09	5.60745e+09	4.70919e+09	5.66009e+09	4.69014e+09	5.44607e+09	5.82619e+09	5.90834e+09	5.82687e+09	5.18373e+09	4.20566e+09	5.58489e+09	5.16641e+09	6.07053e+09	5.85469e+09	4.41545e+09	5.14735e+09	5.53572e+09	5.2215e+09	5.24996e+09	5.4575e+09	5.98448e+09	5.49193e+09	6.5067e+09	5.72167e+09	5.83358e+09	5.76831e+09	6.47419e+09	6.53139e+09
ERR617512	5.80602e+09	5.27493e+09	5.37417e+09	5.2544e+09	5.23841e+09	5.23579e+09	4.73604e+09	5.24349e+09	5.30461e+09	5.35279e+09	5.26722e+09	4.85827e+09	5.2066e+09	4.47771e+09	5.55787e+09	4.43637e+09	5.16782e+09	5.49723e+09	5.57602e+09	5.35535e+09	6.13866e+09	5.60295e+09	5.6047e+09	5.94024e+09	4.91566e+09	4.6451e+09	4.85047e+09	4.40941e+09	4.68735e+09	4.47953e+09	5.42369e+09	5.38453e+09	4.83746e+09	5.6605e+09	5.40297e+09	5.39791e+09	4.80019e+09	5.60215e+09	5.56556e+09	5.20302e+09	5.2475e+09	5.20626e+09	5.58845e+09	5.85853e+09	5.91153e+09	5.3961e+09	5.44552e+09	5.37879e+09	5.10262e+09	5.46968e+09	5.22407e+09	4.92722e+09	5.54217e+09	5.47334e+09	4.29062e+09	4.22415e+09	4.43866e+09	4.46844e+09	4.08214e+09	4.25231e+09	4.68198e+09	4.89189e+09	4.93831e+09	4.38706e+09	4.48868e+09	4.49862e+09	4.35013e+09	5.06231e+09	5.05115e+09	4.27573e+09	5.09579e+09	4.25894e+09	4.90926e+09	5.23739e+09	5.30784e+09	5.23819e+09	4.68481e+09	3.83276e+09	5.0309e+09	4.66923e+09	5.44868e+09	5.26231e+09	4.01446e+09	4.65237e+09	4.98945e+09	4.7173e+09	4.74153e+09	4.92134e+09	5.37554e+09	4.95109e+09	5.82214e+09	5.14935e+09	5.24483e+09	5.18878e+09	5.79355e+09	5.8431e+09
ERR617514	6.38532e+09	5.7784e+09	5.89013e+09	5.7537e+09	5.73577e+09	5.73238e+09	5.17036e+09	5.74377e+09	5.81243e+09	5.8682e+09	5.77139e+09	5.30802e+09	5.70007e+09	4.8724e+09	6.10243e+09	4.82643e+09	5.65547e+09	6.03283e+09	6.11871e+09	5.86624e+09	6.76315e+09	6.14864e+09	6.15059e+09	6.53447e+09	5.36737e+09	4.85047e+09	5.49678e+09	4.78739e+09	5.1048e+09	4.866e+09	5.94868e+09	5.90426e+09	5.28168e+09	6.21973e+09	5.92556e+09	5.91961e+09	5.23429e+09	6.1505e+09	6.1086e+09	5.69393e+09	5.74388e+09	5.69732e+09	6.13381e+09	6.44267e+09	6.5048e+09	5.91362e+09	5.97003e+09	5.89385e+09	5.58602e+09	6.00321e+09	5.72356e+09	5.38614e+09	6.0857e+09	6.00677e+09	4.66713e+09	4.59386e+09	4.83481e+09	4.86966e+09	4.43673e+09	4.62462e+09	5.10791e+09	5.3472e+09	5.40079e+09	4.7732e+09	4.88885e+09	4.89969e+09	4.72973e+09	5.53886e+09	5.52614e+09	4.64585e+09	5.57709e+09	4.6274e+09	5.36624e+09	5.7392e+09	5.81921e+09	5.73971e+09	5.11018e+09	4.15097e+09	5.50471e+09	5.09425e+09	5.97985e+09	5.76844e+09	4.35732e+09	5.07562e+09	5.45543e+09	5.14818e+09	5.17524e+09	5.37934e+09	5.89575e+09	5.41291e+09	6.40597e+09	5.63864e+09	5.74761e+09	5.68336e+09	6.37444e+09	6.43003e+09
ERR617511	5.73179e+09	5.20608e+09	5.3065e+09	5.18961e+09	5.17337e+09	5.1713e+09	4.70441e+09	5.1979e+09	5.25981e+09	5.30874e+09	5.22065e+09	4.82264e+09	5.13052e+09	4.40698e+09	5.47694e+09	4.36711e+09	5.0936e+09	5.41792e+09	5.51789e+09	5.30369e+09	6.06785e+09	5.54432e+09	5.54717e+09	5.87884e+09	4.85102e+09	4.40941e+09	4.78739e+09	4.54053e+09	4.63189e+09	4.42362e+09	5.36708e+09	5.32588e+09	4.79697e+09	5.59817e+09	5.34469e+09	5.33877e+09	4.75691e+09	5.53923e+09	5.50223e+09	5.14255e+09	5.19064e+09	5.14554e+09	5.52884e+09	5.79593e+09	5.8438e+09	5.3442e+09	5.39236e+09	5.32636e+09	5.0603e+09	5.41932e+09	5.18391e+09	4.88399e+09	5.49101e+09	5.42363e+09	4.22754e+09	4.15878e+09	4.37228e+09	4.39788e+09	4.0145e+09	4.18843e+09	4.62357e+09	4.82498e+09	4.87082e+09	4.33676e+09	4.42909e+09	4.43861e+09	4.30422e+09	5.00287e+09	4.99166e+09	4.22958e+09	5.03661e+09	4.21536e+09	4.84435e+09	5.16939e+09	5.24036e+09	5.17028e+09	4.62619e+09	3.79736e+09	4.98498e+09	4.63486e+09	5.39393e+09	5.21067e+09	3.98827e+09	4.61798e+09	4.94884e+09	4.67593e+09	4.70084e+09	4.87787e+09	5.32638e+09	4.90837e+09	5.76112e+09	5.10167e+09	5.19494e+09	5.13679e+09	5.73307e+09	5.78152e+09
ERR617516	6.14351e+09	5.56534e+09	5.67462e+09	5.54715e+09	5.52906e+09	5.526e+09	5.01129e+09	5.55195e+09	5.61922e+09	5.67243e+09	5.57772e+09	5.14088e+09	5.4836e+09	4.69336e+09	5.86363e+09	4.65004e+09	5.4417e+09	5.79819e+09	5.90463e+09	5.66808e+09	6.51033e+09	5.93364e+09	5.93606e+09	6.30013e+09	5.17535e+09	4.68735e+09	5.1048e+09	4.63189e+09	5.12622e+09	4.70231e+09	5.74087e+09	5.69681e+09	5.11392e+09	5.9945e+09	5.71702e+09	5.71094e+09	5.06706e+09	5.93036e+09	5.88937e+09	5.49533e+09	5.54617e+09	5.49765e+09	5.91702e+09	6.20987e+09	6.26443e+09	5.71295e+09	5.76592e+09	5.69357e+09	5.39907e+09	5.79396e+09	5.53296e+09	5.20712e+09	5.87128e+09	5.79815e+09	4.49989e+09	4.42644e+09	4.65812e+09	4.68748e+09	4.27199e+09	4.45808e+09	4.92751e+09	5.1504e+09	5.20058e+09	4.61142e+09	4.71627e+09	4.72704e+09	4.57527e+09	5.34088e+09	5.32901e+09	4.49383e+09	5.37784e+09	4.47741e+09	5.1713e+09	5.52712e+09	5.60398e+09	5.52815e+09	4.93067e+09	4.02403e+09	5.31626e+09	4.93169e+09	5.76627e+09	5.5651e+09	4.22789e+09	4.91314e+09	5.27927e+09	4.98238e+09	5.009e+09	5.20274e+09	5.69393e+09	5.23555e+09	6.17215e+09	5.44643e+09	5.54903e+09	5.48643e+09	6.14119e+09	6.19433e+09
ERR617513	5.82655e+09	5.29352e+09	5.39263e+09	5.27209e+09	5.25612e+09	5.25332e+09	4.74305e+09	5.25443e+09	5.31556e+09	5.36455e+09	5.27826e+09	4.86605e+09	5.23011e+09	4.49724e+09	5.58277e+09	4.45612e+09	5.1912e+09	5.52323e+09	5.5905e+09	5.36766e+09	6.15679e+09	5.61713e+09	5.61892e+09	5.95665e+09	4.93176e+09	4.47953e+09	4.866e+09	4.42362e+09	4.70231e+09	4.67662e+09	5.43686e+09	5.39718e+09	4.84662e+09	5.67579e+09	5.41574e+09	5.41061e+09	4.81065e+09	5.61789e+09	5.58044e+09	5.21643e+09	5.26087e+09	5.21921e+09	5.60179e+09	5.87427e+09	5.9284e+09	5.408e+09	5.45775e+09	5.39047e+09	5.1192e+09	5.48662e+09	5.2393e+09	4.94218e+09	5.5596e+09	5.49003e+09	4.30944e+09	4.24229e+09	4.45862e+09	4.48897e+09	4.10038e+09	4.27133e+09	4.69921e+09	4.91014e+09	4.95681e+09	4.40288e+09	4.50514e+09	4.51594e+09	4.36505e+09	5.08106e+09	5.06982e+09	4.291e+09	5.11468e+09	4.27393e+09	4.92698e+09	5.25685e+09	5.32722e+09	5.25724e+09	4.70138e+09	3.84409e+09	5.04955e+09	4.68412e+09	5.4684e+09	5.28139e+09	4.02732e+09	4.66735e+09	5.00114e+09	4.72814e+09	4.7525e+09	4.93367e+09	5.38907e+09	4.96282e+09	5.84096e+09	5.16504e+09	5.26143e+09	5.20553e+09	5.81282e+09	5.8626e+09
ERR613997	7.56295e+09	6.74634e+09	6.91065e+09	6.74484e+09	6.71504e+09	6.71297e+09	6.6538e+09	7.2965e+09	7.37428e+09	7.4379e+09	7.32809e+09	6.8089e+09	6.55051e+09	5.51843e+09	7.05716e+09	5.46774e+09	6.499e+09	6.97142e+09	7.54385e+09	7.25741e+09	8.26077e+09	7.57795e+09	7.58065e+09	8.01446e+09	6.03945e+09	5.42369e+09	5.94868e+09	5.36708e+09	5.74087e+09	5.43686e+09	7.78171e+09	7.50956e+09	6.75757e+09	7.88764e+09	7.537e+09	7.52893e+09	6.39983e+09	7.53821e+09	7.4828e+09	6.9399e+09	7.02464e+09	6.94501e+09	7.58111e+09	7.9277e+09	7.99545e+09	7.34044e+09	7.40763e+09	7.31799e+09	6.63283e+09	7.1701e+09	6.83929e+09	6.36154e+09	7.27411e+09	7.18024e+09	5.14987e+09	5.05134e+09	5.34571e+09	5.37728e+09	4.85065e+09	5.09208e+09	5.77546e+09	6.05868e+09	6.12599e+09	5.37122e+09	5.48991e+09	5.5013e+09	5.34312e+09	6.34386e+09	6.32846e+09	5.23344e+09	6.39646e+09	5.21645e+09	6.12572e+09	6.6036e+09	6.71259e+09	6.60773e+09	5.81177e+09	4.67486e+09	6.35982e+09	5.87141e+09	6.96714e+09	6.69416e+09	4.95123e+09	5.84982e+09	6.6836e+09	6.25255e+09	6.29179e+09	6.56006e+09	7.22767e+09	6.61232e+09	7.749e+09	6.75541e+09	6.89402e+09	6.79707e+09	7.70778e+09	7.77794e+09
ERR613999	7.5026e+09	6.69688e+09	6.85779e+09	6.69323e+09	6.66385e+09	6.66194e+09	6.59632e+09	7.23223e+09	7.30785e+09	7.37017e+09	7.26302e+09	6.75052e+09	6.5e+09	5.48167e+09	7.00081e+09	5.43132e+09	6.44876e+09	6.91617e+09	7.48009e+09	7.19616e+09	8.18588e+09	7.51352e+09	7.5154e+09	7.94065e+09	5.99423e+09	5.38453e+09	5.90426e+09	5.32588e+09	5.69681e+09	5.39718e+09	7.50956e+09	7.65471e+09	6.70312e+09	7.819e+09	7.47822e+09	7.46996e+09	6.3506e+09	7.47678e+09	7.42285e+09	6.88955e+09	6.97032e+09	6.89426e+09	7.51678e+09	7.85639e+09	7.92498e+09	7.27853e+09	7.34401e+09	7.25632e+09	6.57376e+09	7.10537e+09	6.77641e+09	6.30726e+09	7.20803e+09	7.1151e+09	5.11859e+09	5.02237e+09	5.31342e+09	5.34549e+09	4.82471e+09	5.06197e+09	5.73255e+09	6.01482e+09	6.08123e+09	5.3322e+09	5.45174e+09	5.46312e+09	5.30245e+09	6.29272e+09	6.278e+09	5.19423e+09	6.3449e+09	5.17706e+09	6.08052e+09	6.55222e+09	6.65944e+09	6.55607e+09	5.76858e+09	4.63917e+09	6.30333e+09	5.81796e+09	6.90346e+09	6.63348e+09	4.90854e+09	5.79655e+09	6.62741e+09	6.20407e+09	6.24264e+09	6.50724e+09	7.16476e+09	6.55838e+09	7.68004e+09	6.69877e+09	6.83638e+09	6.74126e+09	7.63936e+09	7.70915e+09
ERR613998	6.68205e+09	5.9822e+09	6.12844e+09	5.98939e+09	5.96245e+09	5.96212e+09	6.02291e+09	6.53762e+09	6.60423e+09	6.6562e+09	6.56302e+09	6.14785e+09	5.7493e+09	4.86667e+09	6.17693e+09	4.8251e+09	5.70928e+09	6.1039e+09	6.72875e+09	6.4997e+09	7.29729e+09	6.7568e+09	6.75971e+09	7.10834e+09	5.3578e+09	4.83746e+09	5.28168e+09	4.79697e+09	5.11392e+09	4.84662e+09	6.75757e+09	6.70312e+09	6.27421e+09	7.00478e+09	6.7254e+09	6.71802e+09	5.7801e+09	6.71806e+09	6.67198e+09	6.21798e+09	6.29552e+09	6.22293e+09	6.75907e+09	7.03681e+09	7.08526e+09	6.57164e+09	6.6239e+09	6.55282e+09	5.93744e+09	6.38953e+09	6.12204e+09	5.69911e+09	6.47551e+09	6.40033e+09	4.57552e+09	4.48443e+09	4.74123e+09	4.76178e+09	4.30295e+09	4.52307e+09	5.13502e+09	5.36912e+09	5.42504e+09	4.79184e+09	4.88473e+09	4.89324e+09	4.7762e+09	5.6279e+09	5.61573e+09	4.67949e+09	5.67449e+09	4.66764e+09	5.43424e+09	5.84584e+09	5.94e+09	5.84972e+09	5.17094e+09	4.20367e+09	5.65893e+09	5.25294e+09	6.17272e+09	5.93913e+09	4.45443e+09	5.23395e+09	6.01773e+09	5.6413e+09	5.67609e+09	5.90576e+09	6.46679e+09	5.95128e+09	6.87558e+09	6.04643e+09	6.16114e+09	6.07395e+09	6.8413e+09	6.89979e+09
