	ERR636667	ERR636669	ERR636668	ERR636672	ERR636670	ERR636671	ERR622178	ERR622176	ERR622177	ERR622175	ERR622173	ERR622174	ERR637100	ERR637099	ERR637104	ERR637101	ERR637103	ERR637102	ERR607662	ERR607657	ERR607658	ERR607660	ERR607659	ERR607661	ERR605656	ERR605653	ERR605658	ERR605654	ERR605657	ERR605655	ERR613256	ERR613253	ERR613252	ERR613251	ERR613254	ERR613255	ERR605614	ERR605616	ERR605611	ERR605613	ERR605615	ERR605612	ERR612580	ERR612579	ERR612577	ERR612582	ERR612581	ERR612578	ERR617510	ERR617507	ERR617508	ERR617509	ERR617506	ERR617505	ERR617457	ERR617460	ERR617459	ERR617462	ERR617458	ERR617461	ERR635329	ERR635328	ERR635333	ERR635330	ERR635331	ERR635332	ERR631064	ERR631063	ERR631062	ERR631066	ERR631065	ERR631067	ERR612951	ERR612954	ERR612952	ERR612955	ERR612953	ERR612956	ERR629823	ERR629821	ERR629818	ERR629820	ERR629819	ERR629822	ERR629907	ERR629906	ERR629908	ERR629905	ERR629909	ERR629904	ERR617033	ERR617037	ERR617038	ERR617036	ERR617034	ERR617035
ERR636667	4.46471e+08	3.44598e+08	3.48668e+08	2.89981e+08	2.95583e+08	2.87641e+08	2.38472e+08	2.34848e+08	2.35999e+08	3.17737e+08	2.9785e+08	3.19644e+08	3.2619e+08	3.09088e+08	2.34944e+08	3.23808e+08	2.40194e+08	2.36962e+08	3.24747e+08	2.77706e+08	3.12081e+08	3.26334e+08	3.08965e+08	3.26341e+08	2.16542e+08	2.52526e+08	2.20397e+08	2.31237e+08	2.238e+08	2.26104e+08	1.83192e+08	2.56617e+08	2.7406e+08	2.98046e+08	1.72649e+08	1.83387e+08	2.29803e+08	2.37308e+08	2.67033e+08	2.41202e+08	2.40521e+08	2.45873e+08	2.15809e+08	2.47673e+08	2.66214e+08	2.12997e+08	2.15559e+08	1.96014e+08	1.56261e+08	1.68552e+08	1.4414e+08	1.52181e+08	1.68279e+08	1.63699e+08	1.8127e+08	2.10126e+08	1.86274e+08	1.9633e+08	1.85196e+08	2.1407e+08	1.91715e+08	1.74866e+08	1.48481e+08	2.09436e+08	1.63779e+08	1.49399e+08	2.21684e+08	2.02737e+08	2.11555e+08	1.97776e+08	1.9487e+08	1.85922e+08	2.0927e+08	1.63046e+08	1.36543e+08	1.55934e+08	1.88415e+08	1.59665e+08	2.21085e+08	2.18052e+08	2.03211e+08	1.68037e+08	1.68533e+08	2.16745e+08	1.48232e+08	1.80093e+08	1.48651e+08	1.53674e+08	1.50594e+08	1.83112e+08	1.576e+08	1.37066e+08	1.38732e+08	1.39803e+08	1.65986e+08	1.72379e+08
ERR636669	3.44598e+08	5.39768e+08	3.88419e+08	3.22607e+08	3.28708e+08	3.19896e+08	2.6521e+08	2.61024e+08	2.62458e+08	3.5437e+08	3.32011e+08	3.56418e+08	3.63232e+08	3.4418e+08	2.60423e+08	3.60702e+08	2.663e+08	2.62659e+08	3.62197e+08	3.08848e+08	3.47435e+08	3.63916e+08	3.4441e+08	3.63981e+08	2.41576e+08	2.82047e+08	2.46383e+08	2.58274e+08	2.50155e+08	2.52444e+08	2.03812e+08	2.85973e+08	3.05481e+08	3.31941e+08	1.92017e+08	2.04071e+08	2.55597e+08	2.64519e+08	2.97439e+08	2.68676e+08	2.68004e+08	2.73702e+08	2.40014e+08	2.75689e+08	2.96423e+08	2.36911e+08	2.39696e+08	2.17992e+08	1.76517e+08	1.90464e+08	1.62729e+08	1.71884e+08	1.89957e+08	1.85105e+08	2.0496e+08	2.3727e+08	2.10489e+08	2.21971e+08	2.09348e+08	2.4174e+08	2.16865e+08	1.97982e+08	1.68173e+08	2.36919e+08	1.85591e+08	1.69107e+08	2.50097e+08	2.28623e+08	2.38753e+08	2.23413e+08	2.20075e+08	2.09985e+08	2.36091e+08	1.84068e+08	1.54244e+08	1.75923e+08	2.12875e+08	1.8026e+08	2.50253e+08	2.46811e+08	2.30134e+08	1.90386e+08	1.90988e+08	2.45549e+08	1.67972e+08	2.03537e+08	1.68395e+08	1.73918e+08	1.70558e+08	2.07168e+08	1.78027e+08	1.55116e+08	1.56979e+08	1.58141e+08	1.87359e+08	1.94575e+08
ERR636668	3.48668e+08	3.88419e+08	5.51815e+08	3.2613e+08	3.32519e+08	3.23617e+08	2.69274e+08	2.64958e+08	2.66423e+08	3.58564e+08	3.35835e+08	3.61358e+08	3.6768e+08	3.48037e+08	2.63513e+08	3.64868e+08	2.69396e+08	2.65808e+08	3.66132e+08	3.12345e+08	3.51859e+08	3.67766e+08	3.47951e+08	3.67815e+08	2.44903e+08	2.85736e+08	2.49039e+08	2.6136e+08	2.52857e+08	2.55582e+08	2.06847e+08	2.90603e+08	3.10645e+08	3.38095e+08	1.94672e+08	2.07138e+08	2.58277e+08	2.66388e+08	3.00542e+08	2.7132e+08	2.70247e+08	2.76312e+08	2.42684e+08	2.78306e+08	2.99927e+08	2.39472e+08	2.42203e+08	2.20201e+08	1.78836e+08	1.93143e+08	1.65192e+08	1.74326e+08	1.92573e+08	1.87386e+08	2.07237e+08	2.4048e+08	2.13333e+08	2.24605e+08	2.12049e+08	2.45112e+08	2.19186e+08	1.99677e+08	1.6953e+08	2.39492e+08	1.871e+08	1.70576e+08	2.5416e+08	2.32404e+08	2.42213e+08	2.26316e+08	2.23111e+08	2.13078e+08	2.3988e+08	1.86959e+08	1.56351e+08	1.78816e+08	2.15945e+08	1.83143e+08	2.52847e+08	2.49483e+08	2.32694e+08	1.92237e+08	1.92869e+08	2.48053e+08	1.69485e+08	2.06225e+08	1.69933e+08	1.75866e+08	1.72076e+08	2.09779e+08	1.80335e+08	1.56563e+08	1.58381e+08	1.59806e+08	1.90204e+08	1.97403e+08
ERR636672	2.89981e+08	3.22607e+08	3.2613e+08	4.00383e+08	2.7845e+08	2.71077e+08	2.23368e+08	2.19753e+08	2.20895e+08	2.97925e+08	2.79326e+08	2.99316e+08	3.05583e+08	2.89973e+08	2.20705e+08	3.03581e+08	2.25552e+08	2.22546e+08	3.04961e+08	2.6076e+08	2.92633e+08	3.06385e+08	2.90063e+08	3.06481e+08	2.02557e+08	2.36066e+08	2.06626e+08	2.16325e+08	2.09894e+08	2.11696e+08	1.70967e+08	2.39247e+08	2.55424e+08	2.77188e+08	1.61331e+08	1.71289e+08	2.15822e+08	2.23593e+08	2.50826e+08	2.27119e+08	2.26576e+08	2.31195e+08	2.03029e+08	2.33031e+08	2.50054e+08	2.00413e+08	2.02651e+08	1.84615e+08	1.45775e+08	1.57194e+08	1.34263e+08	1.41821e+08	1.56793e+08	1.52878e+08	1.69436e+08	1.96038e+08	1.73862e+08	1.83344e+08	1.72826e+08	1.9977e+08	1.79442e+08	1.63895e+08	1.39151e+08	1.95775e+08	1.53489e+08	1.3994e+08	2.06245e+08	1.8859e+08	1.96907e+08	1.8442e+08	1.81539e+08	1.73199e+08	1.94744e+08	1.51722e+08	1.27204e+08	1.44996e+08	1.75541e+08	1.48535e+08	2.06849e+08	2.03988e+08	1.90104e+08	1.5723e+08	1.57852e+08	2.02915e+08	1.38896e+08	1.68219e+08	1.39255e+08	1.43772e+08	1.41093e+08	1.71139e+08	1.46819e+08	1.279e+08	1.29542e+08	1.30441e+08	1.54451e+08	1.60246e+08
ERR636670	2.95583e+08	3.28708e+08	3.32519e+08	2.7845e+08	4.13324e+08	2.76248e+08	2.27623e+08	2.24089e+08	2.25334e+08	3.03738e+08	2.84684e+08	3.05334e+08	3.12052e+08	2.95895e+08	2.25184e+08	3.10025e+08	2.29929e+08	2.26923e+08	3.11344e+08	2.65892e+08	2.9856e+08	3.12498e+08	2.96008e+08	3.12538e+08	2.06518e+08	2.40901e+08	2.10567e+08	2.20557e+08	2.14e+08	2.158e+08	1.74368e+08	2.44127e+08	2.6059e+08	2.83093e+08	1.64365e+08	1.74682e+08	2.20151e+08	2.27978e+08	2.55836e+08	2.31478e+08	2.31131e+08	2.35771e+08	2.06878e+08	2.37365e+08	2.54958e+08	2.04125e+08	2.06546e+08	1.87939e+08	1.48621e+08	1.60185e+08	1.3696e+08	1.44697e+08	1.59723e+08	1.55731e+08	1.7272e+08	1.9984e+08	1.77207e+08	1.8697e+08	1.76158e+08	2.03697e+08	1.8279e+08	1.66977e+08	1.4178e+08	1.99667e+08	1.56395e+08	1.42582e+08	2.10291e+08	1.92316e+08	2.00889e+08	1.87967e+08	1.85121e+08	1.76713e+08	1.98717e+08	1.54744e+08	1.29745e+08	1.48078e+08	1.79089e+08	1.51509e+08	2.10771e+08	2.0787e+08	1.93652e+08	1.60265e+08	1.60821e+08	2.06758e+08	1.41561e+08	1.71371e+08	1.4188e+08	1.46416e+08	1.43752e+08	1.74457e+08	1.4971e+08	1.30339e+08	1.32027e+08	1.3304e+08	1.57459e+08	1.63386e+08
ERR636671	2.87641e+08	3.19896e+08	3.23617e+08	2.71077e+08	2.76248e+08	3.95165e+08	2.21573e+08	2.18096e+08	2.19425e+08	2.95636e+08	2.77113e+08	2.97143e+08	3.0339e+08	2.87687e+08	2.19155e+08	3.01259e+08	2.23873e+08	2.20791e+08	3.02599e+08	2.58893e+08	2.90519e+08	3.04115e+08	2.87914e+08	3.04182e+08	2.00992e+08	2.34402e+08	2.04978e+08	2.14683e+08	2.08292e+08	2.10042e+08	1.69622e+08	2.37363e+08	2.53427e+08	2.75178e+08	1.60012e+08	1.69967e+08	2.14449e+08	2.2208e+08	2.4909e+08	2.2548e+08	2.25051e+08	2.29507e+08	2.01459e+08	2.31301e+08	2.482e+08	1.988e+08	2.01193e+08	1.83154e+08	1.44577e+08	1.55851e+08	1.33252e+08	1.4068e+08	1.55512e+08	1.51563e+08	1.67999e+08	1.94541e+08	1.72525e+08	1.82114e+08	1.71513e+08	1.98173e+08	1.77854e+08	1.62542e+08	1.37954e+08	1.94246e+08	1.52254e+08	1.38806e+08	2.04826e+08	1.87188e+08	1.9558e+08	1.82984e+08	1.80309e+08	1.7201e+08	1.93398e+08	1.50669e+08	1.26277e+08	1.43956e+08	1.74335e+08	1.47369e+08	2.05313e+08	2.02425e+08	1.88573e+08	1.55996e+08	1.56617e+08	2.01387e+08	1.37729e+08	1.6686e+08	1.38015e+08	1.4248e+08	1.39857e+08	1.69748e+08	1.45812e+08	1.26963e+08	1.28562e+08	1.29431e+08	1.53347e+08	1.59113e+08
ERR622178	2.38472e+08	2.6521e+08	2.69274e+08	2.23368e+08	2.27623e+08	2.21573e+08	3.66661e+08	2.42689e+08	2.4406e+08	3.23055e+08	3.03413e+08	3.25782e+08	2.78866e+08	2.64021e+08	2.00601e+08	2.76363e+08	2.05091e+08	2.02348e+08	2.78667e+08	2.38387e+08	2.68429e+08	2.80052e+08	2.65389e+08	2.80115e+08	1.76685e+08	2.05641e+08	1.78449e+08	1.88075e+08	1.80968e+08	1.84198e+08	1.54891e+08	2.16858e+08	2.31752e+08	2.52516e+08	1.45902e+08	1.55099e+08	1.92516e+08	1.97566e+08	2.23429e+08	2.01467e+08	2.00111e+08	2.05297e+08	1.8526e+08	2.11805e+08	2.28463e+08	1.82847e+08	1.84977e+08	1.68066e+08	1.45785e+08	1.5759e+08	1.34922e+08	1.42544e+08	1.57245e+08	1.52506e+08	1.68543e+08	1.95897e+08	1.73746e+08	1.82626e+08	1.73108e+08	1.99834e+08	1.76414e+08	1.60504e+08	1.36687e+08	1.92576e+08	1.50761e+08	1.37322e+08	2.06928e+08	1.89514e+08	1.96811e+08	1.83916e+08	1.81407e+08	1.73382e+08	1.94658e+08	1.52379e+08	1.27208e+08	1.45719e+08	1.75038e+08	1.49257e+08	2.02679e+08	2.00024e+08	1.86653e+08	1.54723e+08	1.55044e+08	1.98822e+08	1.37911e+08	1.67927e+08	1.38324e+08	1.43289e+08	1.39994e+08	1.70528e+08	1.47486e+08	1.28085e+08	1.29415e+08	1.30597e+08	1.55793e+08	1.61509e+08
ERR622176	2.34848e+08	2.61024e+08	2.64958e+08	2.19753e+08	2.24089e+08	2.18096e+08	2.42689e+08	3.56452e+08	2.40263e+08	3.17582e+08	2.98316e+08	3.2042e+08	2.74241e+08	2.59719e+08	1.9737e+08	2.72004e+08	2.01796e+08	1.98997e+08	2.74022e+08	2.34476e+08	2.63993e+08	2.75689e+08	2.60984e+08	2.75623e+08	1.73546e+08	2.01966e+08	1.75376e+08	1.84793e+08	1.77686e+08	1.80909e+08	1.52263e+08	2.12928e+08	2.27682e+08	2.48012e+08	1.43436e+08	1.52465e+08	1.89364e+08	1.94325e+08	2.19705e+08	1.98229e+08	1.96962e+08	2.01846e+08	1.82339e+08	2.084e+08	2.24725e+08	1.80111e+08	1.82194e+08	1.6542e+08	1.42938e+08	1.54655e+08	1.32456e+08	1.39902e+08	1.54358e+08	1.49789e+08	1.65497e+08	1.92174e+08	1.70522e+08	1.79206e+08	1.69638e+08	1.96037e+08	1.73035e+08	1.57487e+08	1.34146e+08	1.88958e+08	1.47931e+08	1.34731e+08	2.03038e+08	1.85935e+08	1.93127e+08	1.80611e+08	1.78069e+08	1.70195e+08	1.91013e+08	1.49609e+08	1.24968e+08	1.43014e+08	1.7182e+08	1.46591e+08	1.98827e+08	1.96251e+08	1.83122e+08	1.51756e+08	1.52146e+08	1.95133e+08	1.35345e+08	1.64792e+08	1.35534e+08	1.4057e+08	1.37335e+08	1.67401e+08	1.44541e+08	1.25682e+08	1.26913e+08	1.2816e+08	1.52786e+08	1.58508e+08
ERR622177	2.35999e+08	2.62458e+08	2.66423e+08	2.20895e+08	2.25334e+08	2.19425e+08	2.4406e+08	2.40263e+08	3.59889e+08	3.19779e+08	3.00354e+08	3.22418e+08	2.76021e+08	2.61173e+08	1.98604e+08	2.73402e+08	2.0309e+08	2.00272e+08	2.75667e+08	2.35879e+08	2.65531e+08	2.77188e+08	2.62325e+08	2.77123e+08	1.74362e+08	2.02999e+08	1.76282e+08	1.8579e+08	1.78649e+08	1.81856e+08	1.52958e+08	2.14149e+08	2.28846e+08	2.49199e+08	1.4412e+08	1.5321e+08	1.90566e+08	1.95598e+08	2.21062e+08	1.99512e+08	1.98164e+08	2.03065e+08	1.83261e+08	2.09455e+08	2.2592e+08	1.80822e+08	1.82992e+08	1.66271e+08	1.43777e+08	1.55418e+08	1.3301e+08	1.40486e+08	1.54991e+08	1.50337e+08	1.66246e+08	1.93172e+08	1.71506e+08	1.80097e+08	1.70495e+08	1.96952e+08	1.73805e+08	1.58339e+08	1.3472e+08	1.89902e+08	1.48613e+08	1.35381e+08	2.04231e+08	1.86943e+08	1.94182e+08	1.81422e+08	1.78945e+08	1.71075e+08	1.91932e+08	1.50204e+08	1.25557e+08	1.43743e+08	1.72638e+08	1.47265e+08	1.99971e+08	1.97339e+08	1.84274e+08	1.52588e+08	1.5302e+08	1.9621e+08	1.3593e+08	1.65499e+08	1.36225e+08	1.41277e+08	1.37935e+08	1.68188e+08	1.45344e+08	1.26281e+08	1.27641e+08	1.2876e+08	1.53666e+08	1.59361e+08
ERR622175	3.17737e+08	3.5437e+08	3.58564e+08	2.97925e+08	3.03738e+08	2.95636e+08	3.23055e+08	3.17582e+08	3.19779e+08	5.94192e+08	4.04231e+08	4.33549e+08	3.70849e+08	3.51152e+08	2.64612e+08	3.68178e+08	2.70755e+08	2.66883e+08	3.71905e+08	3.16825e+08	3.5677e+08	3.73873e+08	3.53647e+08	3.73823e+08	2.35277e+08	2.74761e+08	2.39548e+08	2.51681e+08	2.43096e+08	2.46088e+08	2.03308e+08	2.8587e+08	3.05588e+08	3.32253e+08	1.91682e+08	2.03751e+08	2.572e+08	2.6577e+08	2.99475e+08	2.69951e+08	2.697e+08	2.75406e+08	2.45798e+08	2.82391e+08	3.03914e+08	2.42553e+08	2.45548e+08	2.23082e+08	1.96768e+08	2.12157e+08	1.81435e+08	1.91742e+08	2.11694e+08	2.06357e+08	2.28978e+08	2.64765e+08	2.34986e+08	2.47746e+08	2.33986e+08	2.70034e+08	2.40346e+08	2.19633e+08	1.86943e+08	2.62246e+08	2.06274e+08	1.87775e+08	2.7829e+08	2.54509e+08	2.65358e+08	2.48501e+08	2.45039e+08	2.3385e+08	2.61856e+08	2.04553e+08	1.71512e+08	1.95682e+08	2.36018e+08	2.00407e+08	2.76547e+08	2.72654e+08	2.54308e+08	2.10844e+08	2.11669e+08	2.71247e+08	1.88165e+08	2.27679e+08	1.88413e+08	1.94711e+08	1.90874e+08	2.31306e+08	1.99392e+08	1.7394e+08	1.76068e+08	1.77361e+08	2.09751e+08	2.17467e+08
ERR622173	2.9785e+08	3.32011e+08	3.35835e+08	2.79326e+08	2.84684e+08	2.77113e+08	3.03413e+08	2.98316e+08	3.00354e+08	4.04231e+08	5.31578e+08	4.06627e+08	3.47712e+08	3.29541e+08	2.48686e+08	3.45398e+08	2.54526e+08	2.50855e+08	3.48759e+08	2.97267e+08	3.34723e+08	3.50624e+08	3.31729e+08	3.50417e+08	2.20168e+08	2.57023e+08	2.24209e+08	2.35496e+08	2.27506e+08	2.30248e+08	1.90866e+08	2.68048e+08	2.86405e+08	3.11327e+08	1.80167e+08	1.91293e+08	2.41236e+08	2.49488e+08	2.80949e+08	2.53505e+08	2.53098e+08	2.58408e+08	2.30861e+08	2.65065e+08	2.85172e+08	2.27746e+08	2.306e+08	2.09562e+08	1.83449e+08	1.97816e+08	1.69189e+08	1.78712e+08	1.97239e+08	1.92225e+08	2.13446e+08	2.46754e+08	2.19117e+08	2.30972e+08	2.18107e+08	2.51657e+08	2.24035e+08	2.04781e+08	1.74315e+08	2.44341e+08	1.92217e+08	1.74972e+08	2.5924e+08	2.37097e+08	2.4721e+08	2.31702e+08	2.28247e+08	2.181e+08	2.44085e+08	1.90565e+08	1.59919e+08	1.82353e+08	2.1995e+08	1.86645e+08	2.57441e+08	2.53932e+08	2.36875e+08	1.96373e+08	1.97227e+08	2.52664e+08	1.75391e+08	2.1216e+08	1.75738e+08	1.81505e+08	1.7794e+08	2.15538e+08	1.85808e+08	1.62208e+08	1.64157e+08	1.65333e+08	1.9545e+08	2.02708e+08
ERR622174	3.19644e+08	3.56418e+08	3.61358e+08	2.99316e+08	3.05334e+08	2.97143e+08	3.25782e+08	3.2042e+08	3.22418e+08	4.33549e+08	4.06627e+08	6.01166e+08	3.73379e+08	3.53313e+08	2.66388e+08	3.70608e+08	2.7262e+08	2.68795e+08	3.74035e+08	3.1849e+08	3.59276e+08	3.75977e+08	3.55402e+08	3.7592e+08	2.36953e+08	2.765e+08	2.40745e+08	2.53154e+08	2.44201e+08	2.47582e+08	2.05349e+08	2.88978e+08	3.08953e+08	3.36464e+08	1.93412e+08	2.0573e+08	2.58514e+08	2.66629e+08	3.00964e+08	2.71361e+08	2.70355e+08	2.76672e+08	2.47114e+08	2.83512e+08	3.05634e+08	2.43948e+08	2.46744e+08	2.2425e+08	1.98305e+08	2.14151e+08	1.83272e+08	1.93727e+08	2.13621e+08	2.07909e+08	2.3059e+08	2.67114e+08	2.37094e+08	2.49569e+08	2.3589e+08	2.72444e+08	2.41729e+08	2.20644e+08	1.87695e+08	2.63927e+08	2.07047e+08	1.88578e+08	2.81364e+08	2.57374e+08	2.6798e+08	2.50734e+08	2.47307e+08	2.36248e+08	2.64743e+08	2.06762e+08	1.73166e+08	1.97862e+08	2.38298e+08	2.02516e+08	2.78019e+08	2.74478e+08	2.55987e+08	2.11983e+08	2.12717e+08	2.72837e+08	1.89098e+08	2.29495e+08	1.89497e+08	1.96095e+08	1.91747e+08	2.33106e+08	2.00994e+08	1.75026e+08	1.7695e+08	1.78459e+08	2.11889e+08	2.19648e+08
ERR637100	3.2619e+08	3.63232e+08	3.6768e+08	3.05583e+08	3.12052e+08	3.0339e+08	2.78866e+08	2.74241e+08	2.76021e+08	3.70849e+08	3.47712e+08	3.73379e+08	5.72007e+08	3.93172e+08	2.96422e+08	4.12198e+08	3.03323e+08	2.99174e+08	3.99941e+08	3.41537e+08	3.84165e+08	4.01936e+08	3.80205e+08	4.0198e+08	2.41585e+08	2.81855e+08	2.4598e+08	2.58006e+08	2.49812e+08	2.52445e+08	2.10629e+08	2.95098e+08	3.15306e+08	3.42909e+08	1.98543e+08	2.10676e+08	2.63702e+08	2.72452e+08	3.06665e+08	2.76965e+08	2.76251e+08	2.8209e+08	2.59462e+08	2.98218e+08	3.20832e+08	2.564e+08	2.59326e+08	2.35404e+08	1.78168e+08	1.92544e+08	1.64691e+08	1.73848e+08	1.91989e+08	1.86728e+08	2.04468e+08	2.37383e+08	2.10253e+08	2.21598e+08	2.09004e+08	2.4188e+08	2.14514e+08	1.95767e+08	1.6601e+08	2.34163e+08	1.83234e+08	1.66968e+08	2.50618e+08	2.29094e+08	2.38711e+08	2.23228e+08	2.20038e+08	2.10046e+08	2.3412e+08	1.82313e+08	1.52617e+08	1.74216e+08	2.10504e+08	1.78517e+08	2.51446e+08	2.47987e+08	2.31104e+08	1.91241e+08	1.9187e+08	2.46597e+08	1.68385e+08	2.04458e+08	1.68545e+08	1.74475e+08	1.70943e+08	2.07981e+08	1.77109e+08	1.5404e+08	1.55878e+08	1.57156e+08	1.86814e+08	1.93891e+08
ERR637099	3.09088e+08	3.4418e+08	3.48037e+08	2.89973e+08	2.95895e+08	2.87687e+08	2.64021e+08	2.59719e+08	2.61173e+08	3.51152e+08	3.29541e+08	3.53313e+08	3.93172e+08	5.19956e+08	2.81642e+08	3.9063e+08	2.8813e+08	2.84118e+08	3.7911e+08	3.24194e+08	3.63945e+08	3.81186e+08	3.60707e+08	3.81079e+08	2.28528e+08	2.66609e+08	2.32961e+08	2.44009e+08	2.36596e+08	2.38843e+08	1.99299e+08	2.78778e+08	2.97543e+08	3.23331e+08	1.88031e+08	1.99485e+08	2.50034e+08	2.58618e+08	2.90671e+08	2.62698e+08	2.62166e+08	2.67708e+08	2.46252e+08	2.83264e+08	3.04348e+08	2.43272e+08	2.46317e+08	2.23523e+08	1.67644e+08	1.80856e+08	1.54679e+08	1.63269e+08	1.80471e+08	1.75698e+08	1.92535e+08	2.23244e+08	1.97681e+08	2.08411e+08	1.96567e+08	2.2728e+08	2.02012e+08	1.84436e+08	1.56518e+08	2.20484e+08	1.72806e+08	1.57447e+08	2.3516e+08	2.15024e+08	2.24322e+08	2.09814e+08	2.0683e+08	1.97308e+08	2.19812e+08	1.71089e+08	1.43396e+08	1.63634e+08	1.97784e+08	1.67531e+08	2.36767e+08	2.33525e+08	2.17733e+08	1.80156e+08	1.8076e+08	2.3224e+08	1.58679e+08	1.92477e+08	1.59065e+08	1.64362e+08	1.6118e+08	1.95629e+08	1.66642e+08	1.45099e+08	1.46799e+08	1.47999e+08	1.75391e+08	1.82043e+08
ERR637104	2.34944e+08	2.60423e+08	2.63513e+08	2.20705e+08	2.25184e+08	2.19155e+08	2.00601e+08	1.9737e+08	1.98604e+08	2.64612e+08	2.48686e+08	2.66388e+08	2.96422e+08	2.81642e+08	3.23167e+08	2.94444e+08	2.2204e+08	2.1917e+08	2.86293e+08	2.46638e+08	2.75735e+08	2.87676e+08	2.73e+08	2.87717e+08	1.7193e+08	2.00007e+08	1.74772e+08	1.83276e+08	1.77605e+08	1.79403e+08	1.51386e+08	2.10518e+08	2.24462e+08	2.43744e+08	1.42929e+08	1.5153e+08	1.89608e+08	1.95566e+08	2.19326e+08	1.98797e+08	1.98072e+08	2.02319e+08	1.87497e+08	2.1495e+08	2.30688e+08	1.85326e+08	1.87538e+08	1.70288e+08	1.21177e+08	1.30857e+08	1.11983e+08	1.18247e+08	1.30595e+08	1.26918e+08	1.38249e+08	1.60783e+08	1.42524e+08	1.50099e+08	1.41646e+08	1.63831e+08	1.44948e+08	1.32204e+08	1.12316e+08	1.5848e+08	1.23897e+08	1.12944e+08	1.70104e+08	1.55552e+08	1.61996e+08	1.51518e+08	1.49243e+08	1.42479e+08	1.59085e+08	1.2397e+08	1.03657e+08	1.18486e+08	1.42899e+08	1.21388e+08	1.70008e+08	1.67681e+08	1.56359e+08	1.29308e+08	1.29663e+08	1.66826e+08	1.138e+08	1.38537e+08	1.14054e+08	1.18116e+08	1.15613e+08	1.40822e+08	1.20205e+08	1.0452e+08	1.05662e+08	1.0666e+08	1.26969e+08	1.31694e+08
ERR637101	3.23808e+08	3.60702e+08	3.64868e+08	3.03581e+08	3.10025e+08	3.01259e+08	2.76363e+08	2.72004e+08	2.73402e+08	3.68178e+08	3.45398e+08	3.70608e+08	4.12198e+08	3.9063e+08	2.94444e+08	5.65013e+08	3.01326e+08	2.97257e+08	3.97515e+08	3.39449e+08	3.81428e+08	3.99553e+08	3.7794e+08	3.99474e+08	2.39748e+08	2.79754e+08	2.44514e+08	2.56137e+08	2.48315e+08	2.50593e+08	2.08897e+08	2.92524e+08	3.12422e+08	3.39299e+08	1.9697e+08	2.09018e+08	2.62024e+08	2.71229e+08	3.04765e+08	2.7537e+08	2.74943e+08	2.80508e+08	2.57818e+08	2.96617e+08	3.1874e+08	2.54772e+08	2.57753e+08	2.33948e+08	1.76825e+08	1.90702e+08	1.63158e+08	1.72132e+08	1.90313e+08	1.85295e+08	2.03143e+08	2.35446e+08	2.08599e+08	2.20053e+08	2.07398e+08	2.39769e+08	2.13164e+08	1.94816e+08	1.65404e+08	2.32754e+08	1.8254e+08	1.66125e+08	2.47957e+08	2.26706e+08	2.36747e+08	2.21383e+08	2.18125e+08	2.08153e+08	2.31895e+08	1.80454e+08	1.51282e+08	1.72562e+08	2.08661e+08	1.76706e+08	2.49966e+08	2.46604e+08	2.29691e+08	1.90053e+08	1.90788e+08	2.45111e+08	1.67476e+08	2.0306e+08	1.67848e+08	1.73476e+08	1.70083e+08	2.06551e+08	1.75761e+08	1.53082e+08	1.54942e+08	1.56283e+08	1.85101e+08	1.92062e+08
ERR637103	2.40194e+08	2.663e+08	2.69396e+08	2.25552e+08	2.29929e+08	2.23873e+08	2.05091e+08	2.01796e+08	2.0309e+08	2.70755e+08	2.54526e+08	2.7262e+08	3.03323e+08	2.8813e+08	2.2204e+08	3.01326e+08	3.35602e+08	2.23813e+08	2.92958e+08	2.52313e+08	2.82087e+08	2.94605e+08	2.79429e+08	2.94439e+08	1.75901e+08	2.04519e+08	1.78755e+08	1.87546e+08	1.8158e+08	1.83474e+08	1.54794e+08	2.15347e+08	2.29605e+08	2.49356e+08	1.46093e+08	1.54863e+08	1.93808e+08	1.99914e+08	2.24289e+08	2.03163e+08	2.02516e+08	2.06805e+08	1.91723e+08	2.19868e+08	2.3594e+08	1.89491e+08	1.91714e+08	1.74052e+08	1.24368e+08	1.34389e+08	1.14941e+08	1.21313e+08	1.34166e+08	1.30292e+08	1.42133e+08	1.65177e+08	1.46255e+08	1.54066e+08	1.45525e+08	1.68202e+08	1.48981e+08	1.35815e+08	1.15387e+08	1.62849e+08	1.27265e+08	1.16025e+08	1.7474e+08	1.59765e+08	1.66438e+08	1.55622e+08	1.53405e+08	1.46374e+08	1.63392e+08	1.27301e+08	1.06468e+08	1.21723e+08	1.46857e+08	1.24653e+08	1.74683e+08	1.72353e+08	1.60736e+08	1.32934e+08	1.33338e+08	1.71365e+08	1.17017e+08	1.42334e+08	1.1726e+08	1.21481e+08	1.18927e+08	1.44788e+08	1.23385e+08	1.07467e+08	1.08512e+08	1.09528e+08	1.30273e+08	1.35326e+08
ERR637102	2.36962e+08	2.62659e+08	2.65808e+08	2.22546e+08	2.26923e+08	2.20791e+08	2.02348e+08	1.98997e+08	2.00272e+08	2.66883e+08	2.50855e+08	2.68795e+08	2.99174e+08	2.84118e+08	2.1917e+08	2.97257e+08	2.23813e+08	3.28008e+08	2.88952e+08	2.48953e+08	2.78258e+08	2.90587e+08	2.75479e+08	2.90507e+08	1.734e+08	2.01592e+08	1.76198e+08	1.84669e+08	1.7896e+08	1.80848e+08	1.52722e+08	2.12279e+08	2.26476e+08	2.45903e+08	1.44177e+08	1.52794e+08	1.91122e+08	1.97052e+08	2.21177e+08	2.00363e+08	1.99507e+08	2.03975e+08	1.88898e+08	2.16547e+08	2.32415e+08	1.86726e+08	1.88881e+08	1.71499e+08	1.22274e+08	1.32054e+08	1.12916e+08	1.19332e+08	1.31788e+08	1.27903e+08	1.39534e+08	1.62156e+08	1.4375e+08	1.51221e+08	1.43095e+08	1.65258e+08	1.46165e+08	1.33262e+08	1.13232e+08	1.59748e+08	1.24922e+08	1.13828e+08	1.71696e+08	1.57114e+08	1.6365e+08	1.52798e+08	1.50601e+08	1.43762e+08	1.60527e+08	1.25076e+08	1.04459e+08	1.19494e+08	1.44101e+08	1.22485e+08	1.71491e+08	1.69321e+08	1.57873e+08	1.30433e+08	1.30908e+08	1.68221e+08	1.14845e+08	1.39658e+08	1.14995e+08	1.19219e+08	1.16608e+08	1.42124e+08	1.21254e+08	1.05406e+08	1.06536e+08	1.07504e+08	1.28035e+08	1.32949e+08
ERR607662	3.24747e+08	3.62197e+08	3.66132e+08	3.04961e+08	3.11344e+08	3.02599e+08	2.78667e+08	2.74022e+08	2.75667e+08	3.71905e+08	3.48759e+08	3.74035e+08	3.99941e+08	3.7911e+08	2.86293e+08	3.97515e+08	2.92958e+08	2.88952e+08	5.79486e+08	3.5885e+08	4.03248e+08	4.23906e+08	3.99995e+08	4.24e+08	2.43056e+08	2.83737e+08	2.48311e+08	2.59734e+08	2.52235e+08	2.54156e+08	2.09476e+08	2.93285e+08	3.12949e+08	3.39679e+08	1.97615e+08	2.09687e+08	2.65287e+08	2.75117e+08	3.08787e+08	2.79097e+08	2.79205e+08	2.84375e+08	2.61656e+08	3.01236e+08	3.23236e+08	2.5852e+08	2.61424e+08	2.37374e+08	1.79239e+08	1.93109e+08	1.65155e+08	1.74262e+08	1.92474e+08	1.87883e+08	2.06069e+08	2.3841e+08	2.11106e+08	2.23039e+08	2.10116e+08	2.428e+08	2.17575e+08	1.99039e+08	1.69102e+08	2.37524e+08	1.86532e+08	1.69969e+08	2.50806e+08	2.29126e+08	2.39489e+08	2.24193e+08	2.20944e+08	2.10701e+08	2.35076e+08	1.82949e+08	1.53663e+08	1.74848e+08	2.11755e+08	1.79111e+08	2.54615e+08	2.50978e+08	2.33845e+08	1.93682e+08	1.94424e+08	2.49637e+08	1.70906e+08	2.06599e+08	1.71056e+08	1.76727e+08	1.73534e+08	2.1018e+08	1.79307e+08	1.56401e+08	1.58402e+08	1.59462e+08	1.88452e+08	1.9551e+08
ERR607657	2.77706e+08	3.08848e+08	3.12345e+08	2.6076e+08	2.65892e+08	2.58893e+08	2.38387e+08	2.34476e+08	2.35879e+08	3.16825e+08	2.97267e+08	3.1849e+08	3.41537e+08	3.24194e+08	2.46638e+08	3.39449e+08	2.52313e+08	2.48953e+08	3.5885e+08	4.40718e+08	3.45657e+08	3.60768e+08	3.42669e+08	3.60907e+08	2.06901e+08	2.41167e+08	2.11058e+08	2.2095e+08	2.142e+08	2.1622e+08	1.79232e+08	2.50058e+08	2.66776e+08	2.89607e+08	1.69012e+08	1.79287e+08	2.2669e+08	2.34503e+08	2.63189e+08	2.38141e+08	2.3775e+08	2.42635e+08	2.23985e+08	2.57644e+08	2.76527e+08	2.21329e+08	2.23962e+08	2.03305e+08	1.49678e+08	1.61354e+08	1.38096e+08	1.45661e+08	1.61037e+08	1.56995e+08	1.71898e+08	1.99012e+08	1.76378e+08	1.86077e+08	1.75415e+08	2.0281e+08	1.81426e+08	1.65787e+08	1.40794e+08	1.98123e+08	1.5533e+08	1.41408e+08	2.09923e+08	1.919e+08	2.00264e+08	1.87333e+08	1.84646e+08	1.76113e+08	1.96621e+08	1.53083e+08	1.28435e+08	1.46321e+08	1.76949e+08	1.49857e+08	2.1217e+08	2.09304e+08	1.95114e+08	1.61472e+08	1.62159e+08	2.08132e+08	1.42225e+08	1.72359e+08	1.42632e+08	1.47364e+08	1.44574e+08	1.75421e+08	1.49881e+08	1.30679e+08	1.32173e+08	1.33264e+08	1.57766e+08	1.63646e+08
ERR607658	3.12081e+08	3.47435e+08	3.51859e+08	2.92633e+08	2.9856e+08	2.90519e+08	2.68429e+08	2.63993e+08	2.65531e+08	3.5677e+08	3.34723e+08	3.59276e+08	3.84165e+08	3.63945e+08	2.75735e+08	3.81428e+08	2.82087e+08	2.78258e+08	4.03248e+08	3.45657e+08	5.39743e+08	4.05278e+08	3.84528e+08	4.05237e+08	2.33474e+08	2.72329e+08	2.37719e+08	2.49208e+08	2.41269e+08	2.43844e+08	2.01795e+08	2.82453e+08	3.01761e+08	3.27924e+08	1.9022e+08	2.01951e+08	2.54428e+08	2.62875e+08	2.95937e+08	2.67248e+08	2.66687e+08	2.72273e+08	2.51412e+08	2.89164e+08	3.10824e+08	2.48299e+08	2.51151e+08	2.28112e+08	1.71152e+08	1.84717e+08	1.57926e+08	1.66694e+08	1.84271e+08	1.79307e+08	1.96458e+08	2.27715e+08	2.01804e+08	2.12768e+08	2.00603e+08	2.31968e+08	2.07153e+08	1.89041e+08	1.60581e+08	2.26246e+08	1.77181e+08	1.61393e+08	2.40469e+08	2.19784e+08	2.29272e+08	2.14265e+08	2.1122e+08	2.01429e+08	2.25256e+08	1.75419e+08	1.47031e+08	1.67698e+08	2.02593e+08	1.71752e+08	2.42276e+08	2.38925e+08	2.22817e+08	1.84463e+08	1.85075e+08	2.3767e+08	1.62401e+08	1.97272e+08	1.62706e+08	1.68412e+08	1.64889e+08	2.0057e+08	1.71568e+08	1.49189e+08	1.51069e+08	1.52157e+08	1.80808e+08	1.87479e+08
ERR607660	3.26334e+08	3.63916e+08	3.67766e+08	3.06385e+08	3.12498e+08	3.04115e+08	2.80052e+08	2.75689e+08	2.77188e+08	3.73873e+08	3.50624e+08	3.75977e+08	4.01936e+08	3.81186e+08	2.87676e+08	3.99553e+08	2.94605e+08	2.90587e+08	4.23906e+08	3.60768e+08	4.05278e+08	5.85056e+08	4.02126e+08	4.26221e+08	2.44018e+08	2.84924e+08	2.49317e+08	2.60885e+08	2.53185e+08	2.55275e+08	2.10538e+08	2.94712e+08	3.14793e+08	3.41721e+08	1.98474e+08	2.10709e+08	2.6663e+08	2.76135e+08	3.10326e+08	2.80296e+08	2.80281e+08	2.85574e+08	2.63071e+08	3.03013e+08	3.25173e+08	2.59881e+08	2.62932e+08	2.38648e+08	1.80377e+08	1.94345e+08	1.66197e+08	1.75498e+08	1.9381e+08	1.89132e+08	2.07521e+08	2.39814e+08	2.12691e+08	2.24542e+08	2.11448e+08	2.44436e+08	2.18952e+08	2.00318e+08	1.70141e+08	2.38982e+08	1.87644e+08	1.70937e+08	2.52502e+08	2.30736e+08	2.40998e+08	2.25956e+08	2.22431e+08	2.1215e+08	2.36791e+08	1.84287e+08	1.54679e+08	1.76126e+08	2.13219e+08	1.8042e+08	2.56161e+08	2.52524e+08	2.35286e+08	1.94986e+08	1.95613e+08	2.51183e+08	1.71797e+08	2.08016e+08	1.72184e+08	1.77794e+08	1.74579e+08	2.1153e+08	1.80414e+08	1.57464e+08	1.59372e+08	1.60487e+08	1.89804e+08	1.96863e+08
ERR607659	3.08965e+08	3.4441e+08	3.47951e+08	2.90063e+08	2.96008e+08	2.87914e+08	2.65389e+08	2.60984e+08	2.62325e+08	3.53647e+08	3.31729e+08	3.55402e+08	3.80205e+08	3.60707e+08	2.73e+08	3.7794e+08	2.79429e+08	2.75479e+08	3.99995e+08	3.42669e+08	3.84528e+08	4.02126e+08	5.31493e+08	4.02003e+08	2.31009e+08	2.69683e+08	2.36143e+08	2.46921e+08	2.39611e+08	2.41701e+08	1.99141e+08	2.78729e+08	2.97664e+08	3.23064e+08	1.8796e+08	1.99443e+08	2.52458e+08	2.6153e+08	2.93674e+08	2.65384e+08	2.65403e+08	2.70471e+08	2.49319e+08	2.86947e+08	3.07866e+08	2.46222e+08	2.49169e+08	2.26165e+08	1.69482e+08	1.82703e+08	1.56149e+08	1.64717e+08	1.82192e+08	1.77709e+08	1.94998e+08	2.25522e+08	1.9988e+08	2.10986e+08	1.98816e+08	2.29759e+08	2.05725e+08	1.88268e+08	1.59844e+08	2.24711e+08	1.76316e+08	1.60688e+08	2.37386e+08	2.16965e+08	2.26811e+08	2.12255e+08	2.09027e+08	1.99433e+08	2.2267e+08	1.73384e+08	1.45472e+08	1.65656e+08	2.00508e+08	1.69645e+08	2.40804e+08	2.37447e+08	2.21463e+08	1.83241e+08	1.84044e+08	2.3619e+08	1.61523e+08	1.95547e+08	1.61877e+08	1.67137e+08	1.63977e+08	1.9885e+08	1.69921e+08	1.48124e+08	1.50047e+08	1.51063e+08	1.78659e+08	1.85276e+08
ERR607661	3.26341e+08	3.63981e+08	3.67815e+08	3.06481e+08	3.12538e+08	3.04182e+08	2.80115e+08	2.75623e+08	2.77123e+08	3.73823e+08	3.50417e+08	3.7592e+08	4.0198e+08	3.81079e+08	2.87717e+08	3.99474e+08	2.94439e+08	2.90507e+08	4.24e+08	3.60907e+08	4.05237e+08	4.26221e+08	4.02003e+08	5.85318e+08	2.44342e+08	2.85213e+08	2.4955e+08	2.61165e+08	2.53555e+08	2.55623e+08	2.1069e+08	2.95028e+08	3.14924e+08	3.42045e+08	1.98795e+08	2.10881e+08	2.66812e+08	2.76408e+08	3.10444e+08	2.80477e+08	2.8042e+08	2.85793e+08	2.63002e+08	3.029e+08	3.25022e+08	2.59772e+08	2.62912e+08	2.38522e+08	1.80278e+08	1.94279e+08	1.66201e+08	1.75422e+08	1.93788e+08	1.89085e+08	2.07493e+08	2.40004e+08	2.12709e+08	2.24546e+08	2.11478e+08	2.4464e+08	2.18859e+08	2.00259e+08	1.70081e+08	2.39012e+08	1.87666e+08	1.71055e+08	2.52639e+08	2.30795e+08	2.41208e+08	2.25839e+08	2.22484e+08	2.12261e+08	2.36764e+08	1.84216e+08	1.54694e+08	1.76128e+08	2.13182e+08	1.80399e+08	2.56227e+08	2.52536e+08	2.35393e+08	1.94943e+08	1.95682e+08	2.51304e+08	1.7193e+08	2.07932e+08	1.72331e+08	1.77888e+08	1.74575e+08	2.11613e+08	1.80505e+08	1.57349e+08	1.59282e+08	1.60406e+08	1.89816e+08	1.96832e+08
ERR605656	2.16542e+08	2.41576e+08	2.44903e+08	2.02557e+08	2.06518e+08	2.00992e+08	1.76685e+08	1.73546e+08	1.74362e+08	2.35277e+08	2.20168e+08	2.36953e+08	2.41585e+08	2.28528e+08	1.7193e+08	2.39748e+08	1.75901e+08	1.734e+08	2.43056e+08	2.06901e+08	2.33474e+08	2.44018e+08	2.31009e+08	2.44342e+08	3.28386e+08	2.50199e+08	2.21593e+08	2.31033e+08	2.24513e+08	2.26049e+08	1.58002e+08	2.20639e+08	2.35926e+08	2.55712e+08	1.49098e+08	1.57874e+08	2.04044e+08	2.09483e+08	2.33576e+08	2.13209e+08	2.11989e+08	2.16534e+08	1.65208e+08	1.90591e+08	2.05164e+08	1.63035e+08	1.65355e+08	1.50052e+08	1.25982e+08	1.36097e+08	1.16059e+08	1.22619e+08	1.35684e+08	1.31972e+08	1.46563e+08	1.69675e+08	1.50716e+08	1.58521e+08	1.49692e+08	1.72719e+08	1.56256e+08	1.42155e+08	1.20823e+08	1.70756e+08	1.33329e+08	1.21508e+08	1.7915e+08	1.6388e+08	1.70974e+08	1.59698e+08	1.57488e+08	1.50282e+08	1.74037e+08	1.35862e+08	1.13717e+08	1.29942e+08	1.56662e+08	1.33096e+08	1.78698e+08	1.76187e+08	1.64594e+08	1.36225e+08	1.36477e+08	1.75379e+08	1.20251e+08	1.46269e+08	1.20385e+08	1.24902e+08	1.22062e+08	1.48907e+08	1.30676e+08	1.1372e+08	1.15064e+08	1.16055e+08	1.377e+08	1.43103e+08
ERR605653	2.52526e+08	2.82047e+08	2.85736e+08	2.36066e+08	2.40901e+08	2.34402e+08	2.05641e+08	2.01966e+08	2.02999e+08	2.74761e+08	2.57023e+08	2.765e+08	2.81855e+08	2.66609e+08	2.00007e+08	2.79754e+08	2.04519e+08	2.01592e+08	2.83737e+08	2.41167e+08	2.72329e+08	2.84924e+08	2.69683e+08	2.85213e+08	2.50199e+08	4.19573e+08	2.53931e+08	2.66463e+08	2.57412e+08	2.60406e+08	1.82366e+08	2.55539e+08	2.73147e+08	2.96185e+08	1.72026e+08	1.823e+08	2.34803e+08	2.414e+08	2.69606e+08	2.45544e+08	2.44461e+08	2.49765e+08	1.91661e+08	2.21272e+08	2.38124e+08	1.89204e+08	1.91793e+08	1.74108e+08	1.4801e+08	1.59848e+08	1.36325e+08	1.43924e+08	1.5931e+08	1.55175e+08	1.72388e+08	1.99409e+08	1.77111e+08	1.86498e+08	1.75983e+08	2.02959e+08	1.83772e+08	1.67372e+08	1.42304e+08	2.00939e+08	1.57011e+08	1.43114e+08	2.1026e+08	1.92211e+08	2.00749e+08	1.87729e+08	1.84941e+08	1.76401e+08	2.04084e+08	1.59382e+08	1.33547e+08	1.52373e+08	1.83885e+08	1.56075e+08	2.10333e+08	2.07303e+08	1.93531e+08	1.60228e+08	1.60704e+08	2.06247e+08	1.41418e+08	1.72046e+08	1.41651e+08	1.46821e+08	1.43552e+08	1.74983e+08	1.53575e+08	1.33865e+08	1.35404e+08	1.36518e+08	1.61657e+08	1.68048e+08
ERR605658	2.20397e+08	2.46383e+08	2.49039e+08	2.06626e+08	2.10567e+08	2.04978e+08	1.78449e+08	1.75376e+08	1.76282e+08	2.39548e+08	2.24209e+08	2.40745e+08	2.4598e+08	2.32961e+08	1.74772e+08	2.44514e+08	1.78755e+08	1.76198e+08	2.48311e+08	2.11058e+08	2.37719e+08	2.49317e+08	2.36143e+08	2.4955e+08	2.21593e+08	2.53931e+08	3.38055e+08	2.34851e+08	2.29781e+08	2.29554e+08	1.59401e+08	2.22768e+08	2.37904e+08	2.57125e+08	1.5069e+08	1.59393e+08	2.08168e+08	2.15338e+08	2.3881e+08	2.17896e+08	2.18192e+08	2.21663e+08	1.68199e+08	1.94727e+08	2.08614e+08	1.66015e+08	1.68465e+08	1.52956e+08	1.28364e+08	1.38194e+08	1.18036e+08	1.24507e+08	1.37775e+08	1.34737e+08	1.5016e+08	1.72947e+08	1.53776e+08	1.62251e+08	1.52654e+08	1.76017e+08	1.60049e+08	1.46532e+08	1.24581e+08	1.74995e+08	1.3756e+08	1.25253e+08	1.81581e+08	1.65952e+08	1.7379e+08	1.62806e+08	1.60387e+08	1.52777e+08	1.76462e+08	1.37565e+08	1.15619e+08	1.31583e+08	1.59276e+08	1.34707e+08	1.83166e+08	1.80494e+08	1.68428e+08	1.39526e+08	1.40053e+08	1.79656e+08	1.23273e+08	1.49158e+08	1.23537e+08	1.27683e+08	1.25238e+08	1.51646e+08	1.33274e+08	1.16577e+08	1.18051e+08	1.18932e+08	1.39571e+08	1.44977e+08
ERR605654	2.31237e+08	2.58274e+08	2.6136e+08	2.16325e+08	2.20557e+08	2.14683e+08	1.88075e+08	1.84793e+08	1.8579e+08	2.51681e+08	2.35496e+08	2.53154e+08	2.58006e+08	2.44009e+08	1.83276e+08	2.56137e+08	1.87546e+08	1.84669e+08	2.59734e+08	2.2095e+08	2.49208e+08	2.60885e+08	2.46921e+08	2.61165e+08	2.31033e+08	2.66463e+08	2.34851e+08	3.64737e+08	2.38069e+08	2.40435e+08	1.6745e+08	2.34299e+08	2.50406e+08	2.71212e+08	1.57996e+08	1.67317e+08	2.16821e+08	2.23239e+08	2.48879e+08	2.26766e+08	2.26031e+08	2.30721e+08	1.76292e+08	2.03539e+08	2.18766e+08	1.73908e+08	1.7644e+08	1.6017e+08	1.35077e+08	1.4571e+08	1.24307e+08	1.31283e+08	1.4529e+08	1.41755e+08	1.57546e+08	1.81961e+08	1.61788e+08	1.70396e+08	1.60621e+08	1.85178e+08	1.68137e+08	1.53271e+08	1.3027e+08	1.83572e+08	1.43797e+08	1.31131e+08	1.91714e+08	1.75247e+08	1.83314e+08	1.71413e+08	1.68926e+08	1.61078e+08	1.86446e+08	1.45535e+08	1.22051e+08	1.39043e+08	1.67962e+08	1.42538e+08	1.92143e+08	1.89386e+08	1.76931e+08	1.4631e+08	1.46889e+08	1.88509e+08	1.29216e+08	1.5694e+08	1.29428e+08	1.3396e+08	1.31121e+08	1.59664e+08	1.40366e+08	1.22481e+08	1.23918e+08	1.24822e+08	1.47531e+08	1.53263e+08
ERR605657	2.238e+08	2.50155e+08	2.52857e+08	2.09894e+08	2.14e+08	2.08292e+08	1.80968e+08	1.77686e+08	1.78649e+08	2.43096e+08	2.27506e+08	2.44201e+08	2.49812e+08	2.36596e+08	1.77605e+08	2.48315e+08	1.8158e+08	1.7896e+08	2.52235e+08	2.142e+08	2.41269e+08	2.53185e+08	2.39611e+08	2.53555e+08	2.24513e+08	2.57412e+08	2.29781e+08	2.38069e+08	3.46132e+08	2.32695e+08	1.61493e+08	2.2553e+08	2.40903e+08	2.60291e+08	1.52551e+08	1.61401e+08	2.11334e+08	2.18777e+08	2.42456e+08	2.21378e+08	2.21721e+08	2.25159e+08	1.70709e+08	1.97519e+08	2.11695e+08	1.6838e+08	1.70998e+08	1.55239e+08	1.30133e+08	1.40072e+08	1.19453e+08	1.26117e+08	1.3964e+08	1.36692e+08	1.52311e+08	1.7537e+08	1.55941e+08	1.64606e+08	1.54924e+08	1.78446e+08	1.62548e+08	1.48719e+08	1.26535e+08	1.77547e+08	1.39539e+08	1.27331e+08	1.83807e+08	1.68141e+08	1.76088e+08	1.65086e+08	1.62541e+08	1.54893e+08	1.78685e+08	1.39283e+08	1.17139e+08	1.33195e+08	1.61335e+08	1.36401e+08	1.858e+08	1.83054e+08	1.70793e+08	1.41412e+08	1.42096e+08	1.82098e+08	1.25131e+08	1.51196e+08	1.25442e+08	1.29438e+08	1.27037e+08	1.53867e+08	1.34903e+08	1.18251e+08	1.19808e+08	1.20511e+08	1.4127e+08	1.46735e+08
ERR605655	2.26104e+08	2.52444e+08	2.55582e+08	2.11696e+08	2.158e+08	2.10042e+08	1.84198e+08	1.80909e+08	1.81856e+08	2.46088e+08	2.30248e+08	2.47582e+08	2.52445e+08	2.38843e+08	1.79403e+08	2.50593e+08	1.83474e+08	1.80848e+08	2.54156e+08	2.1622e+08	2.43844e+08	2.55275e+08	2.41701e+08	2.55623e+08	2.26049e+08	2.60406e+08	2.29554e+08	2.40435e+08	2.32695e+08	3.51229e+08	1.63879e+08	2.29088e+08	2.44825e+08	2.65148e+08	1.54698e+08	1.63795e+08	2.12446e+08	2.18597e+08	2.43517e+08	2.22229e+08	2.21294e+08	2.25773e+08	1.72535e+08	1.99123e+08	2.14102e+08	1.70197e+08	1.72634e+08	1.56717e+08	1.31999e+08	1.42397e+08	1.21601e+08	1.28352e+08	1.41962e+08	1.3851e+08	1.53798e+08	1.777e+08	1.57956e+08	1.66341e+08	1.56871e+08	1.80941e+08	1.64011e+08	1.49564e+08	1.27151e+08	1.79233e+08	1.40362e+08	1.27938e+08	1.87184e+08	1.71091e+08	1.78827e+08	1.67245e+08	1.64836e+08	1.57157e+08	1.81934e+08	1.42013e+08	1.19044e+08	1.35662e+08	1.63961e+08	1.39002e+08	1.87509e+08	1.84916e+08	1.72691e+08	1.42796e+08	1.43423e+08	1.83968e+08	1.2631e+08	1.53266e+08	1.26484e+08	1.30905e+08	1.28136e+08	1.56016e+08	1.36768e+08	1.19218e+08	1.2064e+08	1.21612e+08	1.43788e+08	1.49436e+08
ERR613256	1.83192e+08	2.03812e+08	2.06847e+08	1.70967e+08	1.74368e+08	1.69622e+08	1.54891e+08	1.52263e+08	1.52958e+08	2.03308e+08	1.90866e+08	2.05349e+08	2.10629e+08	1.99299e+08	1.51386e+08	2.08897e+08	1.54794e+08	1.52722e+08	2.09476e+08	1.79232e+08	2.01795e+08	2.10538e+08	1.99141e+08	2.1069e+08	1.58002e+08	1.82366e+08	1.59401e+08	1.6745e+08	1.61493e+08	1.63879e+08	2.48841e+08	2.15626e+08	2.30115e+08	2.49775e+08	1.47416e+08	1.56431e+08	1.56961e+08	1.60568e+08	1.81274e+08	1.64344e+08	1.6251e+08	1.67077e+08	1.40755e+08	1.61474e+08	1.74058e+08	1.39234e+08	1.4086e+08	1.2749e+08	1.10521e+08	1.19603e+08	1.02347e+08	1.07867e+08	1.19421e+08	1.15673e+08	1.28157e+08	1.49001e+08	1.32319e+08	1.38947e+08	1.31361e+08	1.51814e+08	1.34872e+08	1.22596e+08	1.04365e+08	1.47359e+08	1.15183e+08	1.04943e+08	1.58582e+08	1.45211e+08	1.51109e+08	1.41083e+08	1.39246e+08	1.32891e+08	1.52824e+08	1.19725e+08	1.00076e+08	1.14511e+08	1.37468e+08	1.17489e+08	1.52802e+08	1.50929e+08	1.40896e+08	1.16652e+08	1.16881e+08	1.50008e+08	1.04428e+08	1.27243e+08	1.04646e+08	1.08441e+08	1.06022e+08	1.29474e+08	1.13508e+08	9.85912e+07	9.95543e+07	1.00574e+08	1.20033e+08	1.24602e+08
ERR613253	2.56617e+08	2.85973e+08	2.90603e+08	2.39247e+08	2.44127e+08	2.37363e+08	2.16858e+08	2.12928e+08	2.14149e+08	2.8587e+08	2.68048e+08	2.88978e+08	2.95098e+08	2.78778e+08	2.10518e+08	2.92524e+08	2.15347e+08	2.12279e+08	2.93285e+08	2.50058e+08	2.82453e+08	2.94712e+08	2.78729e+08	2.95028e+08	2.20639e+08	2.55539e+08	2.22768e+08	2.34299e+08	2.2553e+08	2.29088e+08	2.15626e+08	4.36536e+08	3.22474e+08	3.50784e+08	2.02755e+08	2.1567e+08	2.21018e+08	2.26133e+08	2.55713e+08	2.31394e+08	2.28757e+08	2.35414e+08	1.96827e+08	2.25979e+08	2.44166e+08	1.94611e+08	1.96867e+08	1.78198e+08	1.57832e+08	1.70897e+08	1.46266e+08	1.54017e+08	1.70531e+08	1.65153e+08	1.83076e+08	2.13082e+08	1.89197e+08	1.98539e+08	1.87807e+08	2.16985e+08	1.92705e+08	1.74899e+08	1.48974e+08	2.10566e+08	1.64374e+08	1.49778e+08	2.26711e+08	2.0771e+08	2.16205e+08	2.01652e+08	1.98829e+08	1.89794e+08	2.18276e+08	1.70954e+08	1.42641e+08	1.63561e+08	1.96385e+08	1.67522e+08	2.18306e+08	2.15458e+08	2.01203e+08	1.66372e+08	1.66804e+08	2.14174e+08	1.49049e+08	1.81907e+08	1.49117e+08	1.54885e+08	1.51193e+08	1.8513e+08	1.62143e+08	1.40769e+08	1.4216e+08	1.43537e+08	1.71612e+08	1.78301e+08
ERR613252	2.7406e+08	3.05481e+08	3.10645e+08	2.55424e+08	2.6059e+08	2.53427e+08	2.31752e+08	2.27682e+08	2.28846e+08	3.05588e+08	2.86405e+08	3.08953e+08	3.15306e+08	2.97543e+08	2.24462e+08	3.12422e+08	2.29605e+08	2.26476e+08	3.12949e+08	2.66776e+08	3.01761e+08	3.14793e+08	2.97664e+08	3.14924e+08	2.35926e+08	2.73147e+08	2.37904e+08	2.50406e+08	2.40903e+08	2.44825e+08	2.30115e+08	3.22474e+08	4.8927e+08	3.75594e+08	2.16177e+08	2.30129e+08	2.36567e+08	2.41876e+08	2.7376e+08	2.47551e+08	2.44658e+08	2.51834e+08	2.1042e+08	2.41453e+08	2.61255e+08	2.07826e+08	2.10505e+08	1.90574e+08	1.69312e+08	1.83401e+08	1.56851e+08	1.65316e+08	1.83032e+08	1.77096e+08	1.96366e+08	2.28616e+08	2.02936e+08	2.13024e+08	2.01549e+08	2.32964e+08	2.06554e+08	1.8735e+08	1.59537e+08	2.25874e+08	1.76117e+08	1.60412e+08	2.43544e+08	2.23042e+08	2.31967e+08	2.16396e+08	2.13523e+08	2.03652e+08	2.34514e+08	1.83607e+08	1.53198e+08	1.75519e+08	2.10805e+08	1.7993e+08	2.33996e+08	2.31122e+08	2.15726e+08	1.78282e+08	1.78685e+08	2.2971e+08	1.59697e+08	1.95142e+08	1.6001e+08	1.6605e+08	1.62095e+08	1.98629e+08	1.73953e+08	1.50865e+08	1.52296e+08	1.5392e+08	1.84266e+08	1.91499e+08
