	ERR608871	ERR608872	ERR608875	ERR608873	ERR608876	ERR608874	ERR629916	ERR629917	ERR629921	ERR629920	ERR629919	ERR629918	ERR622034	ERR622035	ERR622036	ERR622037	ERR622033	ERR622038	ERR617032	ERR617029	ERR617028	ERR617030	ERR617031	ERR617027	ERR613145	ERR613147	ERR613144	ERR613148	ERR613146	ERR613143	ERR637092	ERR637091	ERR637089	ERR637088	ERR637090	ERR637087	ERR636821	ERR636819	ERR636818	ERR636817	ERR636820	ERR636822	ERR626616	ERR626615	ERR626614	ERR626618	ERR626619	ERR626617	ERR626673	ERR626671	ERR626669	ERR626672	ERR626670	ERR626668	ERR629898	ERR629903	ERR629900	ERR629902	ERR629901	ERR629899	ERR613784	ERR613782	ERR613783	ERR613785	ERR613786	ERR613787	ERR629613	ERR629612	ERR629616	ERR629617	ERR629614	ERR629615	ERR618349	ERR618347	ERR618345	ERR618346	ERR618348	ERR618350	ERR618319	ERR618317	ERR618316	ERR618320	ERR618318	ERR618315	ERR618351	ERR618352	ERR618355	ERR618356	ERR618354	ERR618353	ERR617096	ERR617095	ERR617100	ERR617099	ERR617098	ERR617097
ERR608871	0	0.80652	0.824956	0.804882	0.827192	0.823049	1.1032	1.11277	1.11184	1.11332	1.11159	1.10471	1.01997	1.01975	1.02182	1.02808	1.01525	1.03027	0.991794	0.982455	0.98343	0.991173	0.993829	0.985318	1.0371	1.07979	1.03725	1.08166	1.08543	1.0308	0.988413	0.988614	0.992366	0.9955	0.987994	1.00287	0.93857	0.927614	0.929471	0.934672	0.936682	0.937102	1.12562	1.11816	1.11133	1.12795	1.12957	1.12904	1.12826	1.12901	1.12567	1.1282	1.13853	1.12025	1.11158	1.1183	1.11224	1.11969	1.11818	1.11975	1.1261	1.1298	1.12275	1.12879	1.12846	1.12956	1.0985	1.08789	1.08762	1.08767	1.09917	1.08829	1.14474	1.24734	1.25124	1.24924	1.14998	1.14663	1.12069	1.11578	1.11898	1.12567	1.11953	1.1164	1.15502	1.15611	1.14537	1.14563	1.14644	1.15518	1.12459	1.12459	1.12747	1.12949	1.12793	1.12322
ERR608872	0.80652	0	0.797311	0.763862	0.799793	0.794476	1.07008	1.08239	1.08326	1.08479	1.0829	1.0719	0.980714	0.981194	0.982539	0.989694	0.974393	0.992321	0.956952	0.9392	0.941278	0.955591	0.958601	0.945988	0.995864	1.04607	0.995623	1.04897	1.05296	0.986229	0.947877	0.947448	0.951846	0.953182	0.94669	0.964275	0.895949	0.880478	0.880223	0.888925	0.89363	0.894595	1.09551	1.08529	1.07675	1.09523	1.0978	1.09693	1.09491	1.09581	1.09289	1.09462	1.10929	1.08588	1.07832	1.08888	1.07873	1.09028	1.08831	1.0887	1.09494	1.09892	1.09002	1.09726	1.09669	1.0978	1.06549	1.05243	1.05173	1.05161	1.0658	1.05227	1.11681	1.21728	1.2226	1.21939	1.12357	1.11918	1.08927	1.08275	1.08728	1.09518	1.08716	1.08552	1.12363	1.12529	1.11345	1.11388	1.11463	1.12442	1.09284	1.09393	1.09888	1.101	1.09919	1.09057
ERR608875	0.824956	0.797311	0	0.791964	0.812904	0.808538	1.09323	1.1046	1.10564	1.10699	1.10513	1.09502	1.00512	1.00559	1.00697	1.01341	0.999517	1.01569	0.984784	0.967876	0.969603	0.983145	0.985998	0.974513	1.02015	1.06584	1.02012	1.06839	1.07203	1.01125	0.974749	0.973937	0.977856	0.978925	0.973494	0.988371	0.924175	0.911208	0.910657	0.917872	0.922078	0.922911	1.11676	1.10713	1.09938	1.11633	1.11839	1.11742	1.11544	1.11623	1.11381	1.11538	1.12901	1.10741	1.10118	1.11152	1.10185	1.11271	1.11096	1.11092	1.11585	1.11975	1.11166	1.1179	1.11773	1.11861	1.08862	1.07671	1.07602	1.07575	1.0886	1.07644	1.13659	1.22689	1.23196	1.22883	1.14321	1.13851	1.11126	1.10515	1.10946	1.11664	1.10921	1.10821	1.13851	1.13992	1.12911	1.12971	1.13026	1.13902	1.11432	1.11574	1.12068	1.12209	1.12058	1.1124
ERR608873	0.804882	0.763862	0.791964	0	0.79539	0.789381	1.06263	1.07557	1.07696	1.07879	1.07613	1.06462	0.971469	0.972078	0.973213	0.981144	0.964893	0.983416	0.949601	0.929491	0.93136	0.947736	0.950695	0.937388	0.985544	1.03769	0.985364	1.04097	1.045	0.975177	0.938572	0.938215	0.942827	0.943621	0.937492	0.955339	0.886518	0.869662	0.868465	0.878581	0.884176	0.88522	1.0889	1.0779	1.06887	1.08812	1.09042	1.08936	1.0873	1.08803	1.08524	1.08711	1.10305	1.07807	1.07085	1.08275	1.07133	1.08383	1.08193	1.0818	1.08761	1.09194	1.08254	1.08981	1.08953	1.09037	1.05854	1.04455	1.04392	1.04362	1.05803	1.04435	1.11047	1.20924	1.21512	1.21152	1.11764	1.11248	1.08191	1.07502	1.07974	1.08795	1.07951	1.07833	1.11656	1.11806	1.10612	1.10669	1.10715	1.11715	1.08537	1.08731	1.09285	1.09483	1.09295	1.08305
ERR608876	0.827192	0.799793	0.812904	0.79539	0	0.811029	1.09541	1.10637	1.10743	1.10888	1.10694	1.09687	1.00896	1.00926	1.0101	1.01677	1.0031	1.01935	0.988057	0.971654	0.973294	0.986126	0.989091	0.977782	1.0226	1.0677	1.02252	1.0707	1.07399	1.01406	0.97774	0.977333	0.981108	0.982179	0.976645	0.991688	0.928395	0.915497	0.914922	0.922212	0.926223	0.926802	1.11821	1.10886	1.1012	1.11755	1.12021	1.11901	1.11722	1.118	1.11577	1.11704	1.1309	1.10911	1.10248	1.11309	1.10352	1.11426	1.11248	1.1124	1.11758	1.12128	1.11312	1.11947	1.11922	1.12033	1.09071	1.07857	1.07834	1.07806	1.09098	1.07872	1.13802	1.22771	1.23273	1.22971	1.14421	1.13997	1.11292	1.10684	1.11077	1.11829	1.11095	1.10961	1.14022	1.14144	1.13091	1.13122	1.13171	1.14063	1.11571	1.11743	1.12209	1.12385	1.12211	1.11387
ERR608874	0.823049	0.794476	0.808538	0.789381	0.811029	0	1.09184	1.1031	1.10423	1.1057	1.1037	1.09336	1.00432	1.00477	1.00585	1.0126	0.998309	1.01476	0.982774	0.966013	0.967817	0.981085	0.984197	0.972411	1.01834	1.06446	1.0183	1.06725	1.0706	1.00955	0.972249	0.972069	0.975918	0.97657	0.971356	0.986328	0.92246	0.909108	0.908769	0.915992	0.920648	0.92106	1.11513	1.10549	1.09753	1.11453	1.11684	1.11584	1.11372	1.11463	1.11231	1.114	1.12772	1.10595	1.09956	1.1099	1.09994	1.11092	1.10942	1.10929	1.11426	1.11787	1.10979	1.11607	1.116	1.11676	1.08721	1.07506	1.07461	1.07413	1.08732	1.07474	1.13505	1.22587	1.23087	1.22783	1.14158	1.13697	1.10968	1.10345	1.10761	1.11499	1.10733	1.10615	1.13735	1.13858	1.128	1.12842	1.12888	1.13758	1.11236	1.1142	1.11884	1.12084	1.11894	1.11065
ERR629916	1.1032	1.07008	1.09323	1.06263	1.09541	1.09184	0	0.815253	0.821481	0.824277	0.820572	0.796744	1.06117	1.06199	1.06299	1.06924	1.05545	1.07058	1.05595	1.04032	1.04285	1.05468	1.05667	1.04628	1.07527	1.1153	1.07441	1.11757	1.12076	1.06691	1.03878	1.03944	1.04132	1.04194	1.03891	1.05309	1.05124	1.03694	1.03606	1.04491	1.04893	1.04996	0.952483	0.938064	0.928015	0.949241	0.953217	0.950876	0.949317	0.950185	0.94776	0.949556	0.969333	0.939106	0.920669	0.937813	0.922882	0.939611	0.937431	0.935794	0.949472	0.954302	0.942929	0.950946	0.950922	0.951483	0.919454	0.90222	0.900366	0.90084	0.919008	0.900705	0.989951	1.13002	1.13478	1.13275	0.998827	0.992022	0.943597	0.934496	0.93938	0.950441	0.940943	0.939658	1.01823	1.02039	1.00613	1.00697	1.00797	1.01932	0.939102	0.942397	0.950461	0.952003	0.950336	0.936214
ERR629917	1.11277	1.08239	1.1046	1.07557	1.10637	1.1031	0.815253	0	0.837248	0.840041	0.836451	0.816935	1.07394	1.07472	1.07619	1.08178	1.06887	1.0827	1.06726	1.05394	1.05605	1.06619	1.06785	1.05882	1.08835	1.12569	1.08776	1.12812	1.13121	1.08099	1.05312	1.05321	1.05513	1.05656	1.05285	1.06683	1.06463	1.05109	1.05074	1.05875	1.06229	1.06329	0.966373	0.953948	0.945396	0.965033	0.968257	0.966063	0.965453	0.966104	0.963879	0.965608	0.982593	0.95611	0.93825	0.952209	0.940042	0.954036	0.952339	0.951299	0.964027	0.968172	0.958412	0.965623	0.965619	0.966498	0.934642	0.919753	0.91809	0.918622	0.935069	0.919125	1.00234	1.14402	1.14783	1.14628	1.01017	1.00438	0.959041	0.951124	0.955591	0.96567	0.957068	0.954796	1.03346	1.03512	1.02146	1.02243	1.02339	1.03427	0.955097	0.957025	0.963468	0.964852	0.963481	0.952295
ERR629921	1.11184	1.08326	1.10564	1.07696	1.10743	1.10423	0.821481	0.837248	0	0.83842	0.835233	0.823232	1.07654	1.07702	1.07869	1.08411	1.07154	1.08523	1.06704	1.05569	1.05753	1.06656	1.06831	1.05941	1.09154	1.12851	1.09083	1.13086	1.1338	1.08474	1.05489	1.05538	1.0574	1.05938	1.05466	1.06909	1.06662	1.0534	1.05398	1.0615	1.06458	1.06521	0.967168	0.95632	0.94796	0.967365	0.969871	0.967805	0.969129	0.96981	0.966887	0.969465	0.983832	0.959725	0.940716	0.952393	0.942345	0.954131	0.952646	0.953241	0.96596	0.970118	0.961088	0.967956	0.967634	0.968757	0.93647	0.922508	0.920531	0.921262	0.937365	0.921308	1.00326	1.15289	1.1561	1.15504	1.01073	1.00543	0.96108	0.953841	0.957142	0.967107	0.959157	0.956354	1.0384	1.04025	1.02642	1.0271	1.02836	1.03895	0.95687	0.957811	0.963292	0.965282	0.963852	0.95453
ERR629920	1.11332	1.08479	1.10699	1.07879	1.10888	1.1057	0.824277	0.840041	0.83842	0	0.837618	0.825551	1.07696	1.07773	1.07906	1.08468	1.07233	1.08574	1.06831	1.05683	1.05904	1.06796	1.06947	1.06085	1.09282	1.12973	1.09227	1.13157	1.13483	1.08604	1.05646	1.05711	1.05891	1.06082	1.05677	1.07088	1.06752	1.05481	1.05533	1.06272	1.06564	1.06652	0.969192	0.95803	0.950034	0.96897	0.972234	0.970232	0.971325	0.971787	0.969457	0.971553	0.986282	0.962137	0.942932	0.954605	0.94478	0.956104	0.954507	0.955114	0.967478	0.9726	0.962831	0.969731	0.969653	0.970555	0.938295	0.924089	0.922819	0.923239	0.938953	0.923247	1.00498	1.1541	1.15724	1.15634	1.01211	1.00764	0.96268	0.955998	0.959225	0.969	0.96124	0.958288	1.04024	1.04206	1.02817	1.0289	1.03025	1.04081	0.958813	0.959638	0.965486	0.966936	0.966287	0.956663
ERR629919	1.11159	1.0829	1.10513	1.07613	1.10694	1.1037	0.820572	0.836451	0.835233	0.837618	0	0.8223	1.07548	1.07602	1.07759	1.08332	1.07078	1.08454	1.06665	1.05479	1.0571	1.06577	1.06774	1.05884	1.0909	1.12798	1.09016	1.13033	1.13333	1.08419	1.05401	1.05443	1.05665	1.05854	1.05404	1.06821	1.06584	1.05249	1.05272	1.06021	1.06326	1.06471	0.966598	0.955514	0.946983	0.966501	0.969639	0.967288	0.968075	0.969146	0.96627	0.968418	0.983615	0.958541	0.939423	0.951875	0.941265	0.952994	0.951465	0.951879	0.965062	0.969995	0.96038	0.967466	0.966828	0.96796	0.935747	0.921746	0.919896	0.920598	0.93647	0.920931	1.00242	1.15162	1.15489	1.15379	1.00982	1.00483	0.960028	0.952665	0.956246	0.966424	0.958073	0.9554	1.03762	1.03899	1.02539	1.02628	1.02737	1.03827	0.955666	0.957001	0.962794	0.964631	0.963347	0.953694
ERR629918	1.10471	1.0719	1.09502	1.06462	1.09687	1.09336	0.796744	0.816935	0.823232	0.825551	0.8223	0	1.06314	1.06412	1.0652	1.0712	1.05746	1.07256	1.05793	1.0426	1.04523	1.05685	1.05897	1.04821	1.07725	1.11663	1.07642	1.119	1.12213	1.06876	1.04125	1.0416	1.04388	1.0445	1.0411	1.05555	1.05372	1.0393	1.03821	1.047	1.05149	1.05244	0.953617	0.939069	0.929745	0.950498	0.954247	0.952271	0.950114	0.950616	0.94867	0.950464	0.970133	0.940264	0.9222	0.938979	0.924038	0.940738	0.938699	0.936921	0.950581	0.95542	0.944078	0.951558	0.951866	0.952686	0.921152	0.903728	0.902344	0.902558	0.920555	0.90297	0.990949	1.13098	1.13576	1.1335	0.999525	0.992584	0.944736	0.935824	0.940759	0.95191	0.942139	0.940717	1.01942	1.02152	1.00743	1.00851	1.00936	1.02057	0.940215	0.943444	0.951807	0.952765	0.951576	0.937432
ERR622034	1.01997	0.980714	1.00512	0.971469	1.00896	1.00432	1.06117	1.07394	1.07654	1.07696	1.07548	1.06314	0	0.817531	0.820143	0.829976	0.809158	0.832582	0.936996	0.916808	0.919188	0.934576	0.937351	0.924588	0.925804	0.9777	0.925918	0.981787	0.985395	0.916533	0.898379	0.897724	0.902942	0.901725	0.897551	0.913455	0.90078	0.888447	0.887887	0.894638	0.898523	0.899658	1.09259	1.0819	1.07309	1.09081	1.09285	1.09206	1.09565	1.09658	1.09456	1.09551	1.11137	1.08772	1.07922	1.09216	1.08029	1.09327	1.09104	1.09029	1.09747	1.10101	1.09191	1.09882	1.09857	1.09931	1.05389	1.04015	1.03919	1.03922	1.0537	1.0398	1.11857	1.20412	1.20896	1.20636	1.12537	1.12015	1.09452	1.08739	1.09213	1.10014	1.09177	1.09141	1.12311	1.12433	1.11423	1.11468	1.11503	1.12371	1.09282	1.09502	1.10097	1.10223	1.10042	1.08997
ERR622035	1.01975	0.981194	1.00559	0.972078	1.00926	1.00477	1.06199	1.07472	1.07702	1.07773	1.07602	1.06412	0.817531	0	0.820947	0.830253	0.810208	0.832753	0.937507	0.916858	0.918642	0.935095	0.937851	0.924747	0.924761	0.97652	0.925051	0.980475	0.983865	0.915815	0.899027	0.898131	0.903188	0.901909	0.897467	0.913626	0.900219	0.888342	0.887457	0.894278	0.89827	0.899054	1.09335	1.08254	1.07384	1.09146	1.09361	1.09276	1.09604	1.09682	1.09498	1.09563	1.11201	1.08808	1.0801	1.09273	1.08114	1.09422	1.09167	1.09082	1.0982	1.10131	1.09252	1.09923	1.09894	1.09993	1.05429	1.04059	1.03974	1.03951	1.05419	1.04037	1.11888	1.203	1.20795	1.20535	1.12582	1.12052	1.09502	1.08773	1.09239	1.10063	1.09217	1.09197	1.12346	1.12486	1.11447	1.11496	1.11529	1.12412	1.09282	1.09563	1.10159	1.10295	1.10106	1.09053
ERR622036	1.02182	0.982539	1.00697	0.973213	1.0101	1.00585	1.06299	1.07619	1.07869	1.07906	1.07759	1.0652	0.820143	0.820947	0	0.827901	0.812283	0.830786	0.939362	0.917832	0.920032	0.936987	0.939909	0.926227	0.926054	0.977242	0.92594	0.981165	0.984467	0.91608	0.899044	0.898378	0.903329	0.901825	0.897768	0.913479	0.901803	0.889414	0.888473	0.89533	0.899334	0.900344	1.09451	1.08332	1.07462	1.09161	1.09417	1.09332	1.09671	1.09752	1.09569	1.09625	1.11291	1.08874	1.08115	1.09407	1.08235	1.09545	1.09307	1.09237	1.09901	1.10253	1.09348	1.10038	1.09996	1.10064	1.05555	1.04164	1.04068	1.04032	1.05531	1.04128	1.12023	1.2014	1.20646	1.20354	1.12708	1.12181	1.09608	1.08854	1.09358	1.10198	1.09311	1.09294	1.12258	1.1241	1.11394	1.11448	1.11463	1.12337	1.09406	1.09686	1.10339	1.10441	1.10265	1.09149
ERR622037	1.02808	0.989694	1.01341	0.981144	1.01677	1.0126	1.06924	1.08178	1.08411	1.08468	1.08332	1.0712	0.829976	0.830253	0.827901	0	0.822675	0.839271	0.94744	0.927256	0.929305	0.944826	0.947728	0.934788	0.935603	0.985177	0.935475	0.988898	0.992108	0.926333	0.907325	0.90641	0.911805	0.910143	0.906304	0.921679	0.90933	0.898639	0.897662	0.904047	0.907611	0.908132	1.10033	1.08987	1.08126	1.09822	1.1004	1.09954	1.10296	1.10364	1.10195	1.10254	1.11848	1.09494	1.08746	1.10031	1.08862	1.10142	1.09907	1.09852	1.10495	1.10808	1.09982	1.10595	1.1056	1.10656	1.0618	1.04835	1.04703	1.04726	1.06139	1.04801	1.12537	1.20636	1.21124	1.2088	1.13194	1.12688	1.10203	1.09516	1.09967	1.10748	1.09918	1.09891	1.12788	1.12935	1.11933	1.11989	1.1203	1.12835	1.09997	1.10301	1.10898	1.10985	1.10845	1.09778
ERR622033	1.01525	0.974393	0.999517	0.964893	1.0031	0.998309	1.05545	1.06887	1.07154	1.07233	1.07078	1.05746	0.809158	0.810208	0.812283	0.822675	0	0.825194	0.931383	0.90926	0.911772	0.928733	0.931572	0.917947	0.918138	0.97204	0.917825	0.975956	0.979782	0.907708	0.892037	0.891099	0.896538	0.894994	0.890693	0.907737	0.894435	0.881218	0.879682	0.887871	0.892259	0.893393	1.08668	1.0756	1.06669	1.08449	1.0869	1.08619	1.08956	1.09015	1.08807	1.08881	1.10587	1.08109	1.07293	1.08664	1.07404	1.08793	1.08565	1.08477	1.09196	1.09516	1.08602	1.0927	1.0927	1.09367	1.04873	1.03423	1.03288	1.03298	1.04834	1.0337	1.11353	1.19819	1.2032	1.20016	1.12029	1.11466	1.08855	1.08087	1.08587	1.09453	1.08558	1.08537	1.11715	1.11868	1.10796	1.10881	1.10879	1.11773	1.08643	1.08916	1.09545	1.09693	1.09512	1.08393
ERR622038	1.03027	0.992321	1.01569	0.983416	1.01935	1.01476	1.07058	1.0827	1.08523	1.08574	1.08454	1.07256	0.832582	0.832753	0.830786	0.839271	0.825194	0	0.949655	0.929616	0.931458	0.947161	0.949764	0.93709	0.937703	0.987024	0.937955	0.990554	0.99351	0.928627	0.909485	0.908912	0.913604	0.91244	0.908451	0.923567	0.911715	0.901379	0.90045	0.906721	0.90989	0.910649	1.10222	1.0916	1.08325	1.10015	1.10221	1.10141	1.10454	1.10547	1.10387	1.10435	1.12029	1.09695	1.0895	1.10208	1.09057	1.10328	1.10098	1.10005	1.10667	1.10973	1.10142	1.10762	1.10755	1.10847	1.06304	1.04984	1.04856	1.04859	1.06297	1.04969	1.127	1.20786	1.21254	1.20998	1.13355	1.12853	1.10396	1.09678	1.10142	1.10954	1.10135	1.10085	1.13012	1.13145	1.12161	1.12237	1.12258	1.13074	1.10184	1.1047	1.11074	1.11175	1.11044	1.09934
ERR617032	0.991794	0.956952	0.984784	0.949601	0.988057	0.982774	1.05595	1.06726	1.06704	1.06831	1.06665	1.05793	0.936996	0.937507	0.939362	0.94744	0.931383	0.949655	0	0.773618	0.775389	0.780024	0.781855	0.775366	0.910177	0.947058	0.91033	0.948897	0.953137	0.90714	0.913457	0.913217	0.91796	0.921221	0.913712	0.931769	0.906131	0.889515	0.893039	0.900489	0.904299	0.904926	1.08325	1.07544	1.06704	1.08607	1.08855	1.08768	1.08718	1.0882	1.08427	1.08707	1.09837	1.07784	1.06437	1.07263	1.06546	1.0738	1.07232	1.07378	1.08371	1.0882	1.0803	1.08704	1.08637	1.08775	1.04818	1.03632	1.03585	1.03608	1.04981	1.03691	1.10415	1.22168	1.22532	1.22357	1.10994	1.10623	1.0791	1.07245	1.07672	1.0844	1.07774	1.0737	1.12691	1.12865	1.11669	1.11768	1.1185	1.12736	1.07721	1.07644	1.07864	1.08085	1.0793	1.07444
ERR617029	0.982455	0.9392	0.967876	0.929491	0.971654	0.966013	1.04032	1.05394	1.05569	1.05683	1.05479	1.0426	0.916808	0.916858	0.917832	0.927256	0.90926	0.929616	0.773618	0	0.751999	0.773776	0.776238	0.757548	0.887443	0.930414	0.887198	0.933202	0.937055	0.880238	0.892077	0.891615	0.896707	0.89723	0.891752	0.910016	0.884169	0.865785	0.865888	0.875728	0.881834	0.8828	1.06917	1.05811	1.04861	1.06832	1.07087	1.07005	1.06803	1.06925	1.0665	1.06798	1.08401	1.05874	1.04753	1.06028	1.04877	1.0616	1.05936	1.05928	1.06793	1.07212	1.06257	1.06983	1.06973	1.07091	1.03372	1.01944	1.01829	1.01845	1.03342	1.01903	1.09086	1.196	1.20105	1.1984	1.09762	1.09272	1.06408	1.05621	1.06134	1.07024	1.06168	1.05987	1.10653	1.10835	1.09665	1.09743	1.0981	1.10749	1.06127	1.06253	1.06831	1.06967	1.06797	1.05803
ERR617028	0.98343	0.941278	0.969603	0.93136	0.973294	0.967817	1.04285	1.05605	1.05753	1.05904	1.0571	1.04523	0.919188	0.918642	0.920032	0.929305	0.911772	0.931458	0.775389	0.751999	0	0.776132	0.77849	0.759907	0.889971	0.931864	0.889787	0.93465	0.938188	0.883097	0.893406	0.892877	0.898392	0.898703	0.893097	0.911299	0.885487	0.868097	0.868152	0.878016	0.883646	0.884426	1.07186	1.061	1.05163	1.07127	1.07376	1.07286	1.07116	1.07195	1.0692	1.0709	1.08667	1.06149	1.05048	1.063	1.05173	1.06419	1.0621	1.06185	1.07071	1.07489	1.06528	1.07246	1.07259	1.07347	1.03557	1.02162	1.02077	1.02072	1.03582	1.02162	1.09336	1.19837	1.20353	1.20068	1.10005	1.0952	1.06667	1.05907	1.06382	1.07261	1.06427	1.06269	1.10867	1.11026	1.09884	1.09969	1.1004	1.10951	1.06386	1.06549	1.07098	1.07277	1.07086	1.06117
ERR617030	0.991173	0.955591	0.983145	0.947736	0.986126	0.981085	1.05468	1.06619	1.06656	1.06796	1.06577	1.05685	0.934576	0.935095	0.936987	0.944826	0.928733	0.947161	0.780024	0.773776	0.776132	0	0.784341	0.776735	0.910487	0.948986	0.910909	0.951216	0.955101	0.907304	0.910645	0.910665	0.91567	0.918133	0.911067	0.928608	0.903548	0.887412	0.890161	0.897698	0.901593	0.902286	1.08237	1.07394	1.06556	1.08451	1.08679	1.0861	1.08529	1.08633	1.08283	1.08542	1.09737	1.07613	1.0629	1.07208	1.06425	1.07319	1.07149	1.07273	1.08227	1.08652	1.07841	1.0854	1.08473	1.08613	1.04699	1.03484	1.03441	1.03486	1.04874	1.03519	1.10318	1.21827	1.22225	1.22032	1.10913	1.10535	1.07776	1.07123	1.0755	1.08392	1.07657	1.073	1.12502	1.12658	1.11483	1.11572	1.11638	1.12562	1.07635	1.0756	1.07825	1.08061	1.07891	1.0733
ERR617031	0.993829	0.958601	0.985998	0.950695	0.989091	0.984197	1.05667	1.06785	1.06831	1.06947	1.06774	1.05897	0.937351	0.937851	0.939909	0.947728	0.931572	0.949764	0.781855	0.776238	0.77849	0.784341	0	0.779318	0.911624	0.949116	0.911913	0.951338	0.954959	0.908639	0.913904	0.91399	0.918638	0.921463	0.914273	0.931531	0.907047	0.890778	0.893669	0.901275	0.904957	0.905825	1.08417	1.07602	1.06775	1.08673	1.08857	1.08815	1.08775	1.08848	1.08494	1.08739	1.09916	1.07838	1.06501	1.07397	1.06624	1.07495	1.07344	1.07455	1.08441	1.08839	1.08057	1.08728	1.0871	1.08829	1.04926	1.03711	1.03676	1.03698	1.05062	1.03768	1.10513	1.21988	1.22378	1.22194	1.11102	1.10707	1.07988	1.07377	1.07778	1.08556	1.07854	1.07488	1.12684	1.12835	1.11643	1.1174	1.11804	1.12736	1.07821	1.07749	1.08002	1.08207	1.08087	1.07511
ERR617027	0.985318	0.945988	0.974513	0.937388	0.977782	0.972411	1.04628	1.05882	1.05941	1.06085	1.05884	1.04821	0.924588	0.924747	0.926227	0.934788	0.917947	0.93709	0.775366	0.757548	0.759907	0.776735	0.779318	0	0.898501	0.938636	0.897872	0.940807	0.944763	0.892896	0.899914	0.899579	0.904833	0.906009	0.899797	0.917891	0.892772	0.875724	0.877138	0.886073	0.890598	0.891323	1.07474	1.06499	1.05614	1.07544	1.07804	1.07729	1.07615	1.07732	1.07397	1.07602	1.08964	1.06635	1.05435	1.06479	1.05529	1.06588	1.06409	1.06482	1.07424	1.07864	1.0699	1.07673	1.0764	1.07766	1.039	1.02549	1.02498	1.02537	1.03943	1.026	1.09613	1.20827	1.21279	1.21048	1.10237	1.09806	1.07002	1.0628	1.06765	1.07611	1.06811	1.06509	1.11537	1.11722	1.10554	1.10629	1.10714	1.11617	1.06784	1.06816	1.07238	1.07437	1.07263	1.06509
ERR613145	1.0371	0.995864	1.02015	0.985544	1.0226	1.01834	1.07527	1.08835	1.09154	1.09282	1.0909	1.07725	0.925804	0.924761	0.926054	0.935603	0.918138	0.937703	0.910177	0.887443	0.889971	0.910487	0.911624	0.898501	0	0.798434	0.742131	0.803078	0.805906	0.732586	0.926215	0.925698	0.930014	0.928058	0.925749	0.940979	0.922994	0.904572	0.90232	0.912253	0.920073	0.922172	1.09417	1.0821	1.07329	1.09036	1.09333	1.09221	1.09552	1.09649	1.09464	1.09505	1.11298	1.08766	1.082	1.09683	1.08324	1.09836	1.09593	1.09374	1.09674	1.10013	1.09051	1.09767	1.09768	1.09814	1.07292	1.05925	1.05813	1.0576	1.07187	1.05846	1.12049	1.1964	1.20161	1.1986	1.12788	1.12178	1.096	1.08801	1.09297	1.10169	1.09252	1.09382	1.13577	1.13757	1.12726	1.1284	1.12825	1.13719	1.08668	1.09013	1.09714	1.09769	1.09621	1.08349
ERR613147	1.07979	1.04607	1.06584	1.03769	1.0677	1.06446	1.1153	1.12569	1.12851	1.12973	1.12798	1.11663	0.9777	0.97652	0.977242	0.985177	0.97204	0.987024	0.947058	0.930414	0.931864	0.948986	0.949116	0.938636	0.798434	0	0.798873	0.826254	0.828084	0.794991	0.978663	0.978088	0.981697	0.980339	0.978736	0.989321	0.976697	0.963287	0.961431	0.968851	0.974382	0.976094	1.13113	1.12127	1.11374	1.12797	1.13032	1.12934	1.13335	1.13415	1.13253	1.13315	1.1478	1.12683	1.12211	1.13408	1.12308	1.13538	1.13344	1.13176	1.1341	1.13671	1.12877	1.1345	1.13459	1.13507	1.11232	1.1009	1.10034	1.09963	1.11164	1.10061	1.15434	1.22076	1.22489	1.22251	1.16034	1.15536	1.13349	1.12726	1.1313	1.1388	1.131	1.13171	1.16721	1.16892	1.16017	1.16103	1.16075	1.16865	1.12394	1.12704	1.13266	1.133	1.13179	1.12107
ERR613144	1.03725	0.995623	1.02012	0.985364	1.02252	1.0183	1.07441	1.08776	1.09083	1.09227	1.09016	1.07642	0.925918	0.925051	0.92594	0.935475	0.917825	0.937955	0.91033	0.887198	0.889787	0.910909	0.911913	0.897872	0.742131	0.798873	0	0.803441	0.806457	0.732328	0.926444	0.925753	0.930264	0.928056	0.926091	0.940964	0.923091	0.904941	0.902382	0.912654	0.920654	0.922206	1.09394	1.08176	1.07287	1.09005	1.09289	1.0918	1.09503	1.0957	1.0942	1.09481	1.11256	1.08716	1.08166	1.09635	1.08252	1.09783	1.09541	1.0932	1.0964	1.09977	1.09009	1.09704	1.09699	1.09765	1.07233	1.0586	1.05767	1.0573	1.07142	1.05803	1.12034	1.19619	1.20111	1.19829	1.12794	1.12145	1.09558	1.08762	1.09292	1.10137	1.09233	1.09355	1.13531	1.13728	1.1271	1.12791	1.12803	1.13682	1.08631	1.08982	1.09718	1.09786	1.09612	1.08314
ERR613148	1.08166	1.04897	1.06839	1.04097	1.0707	1.06725	1.11757	1.12812	1.13086	1.13157	1.13033	1.119	0.981787	0.980475	0.981165	0.988898	0.975956	0.990554	0.948897	0.933202	0.93465	0.951216	0.951338	0.940807	0.803078	0.826254	0.803441	0	0.83103	0.800295	0.982659	0.982068	0.985282	0.984466	0.982183	0.993221	0.980566	0.967673	0.965992	0.972691	0.978398	0.979911	1.13375	1.12387	1.11646	1.13103	1.13313	1.13213	1.13602	1.13662	1.13536	1.13556	1.1499	1.12972	1.12439	1.1364	1.12536	1.13744	1.13561	1.13415	1.13645	1.13933	1.13131	1.13717	1.13705	1.13758	1.1148	1.104	1.10345	1.10277	1.11453	1.10337	1.15649	1.22332	1.2272	1.22513	1.16265	1.15767	1.136	1.12968	1.13377	1.1412	1.13346	1.13454	1.16963	1.17121	1.16262	1.1633	1.16344	1.1709	1.12658	1.12937	1.13486	1.13549	1.13405	1.12405
ERR613146	1.08543	1.05296	1.07203	1.045	1.07399	1.0706	1.12076	1.13121	1.1338	1.13483	1.13333	1.12213	0.985395	0.983865	0.984467	0.992108	0.979782	0.99351	0.953137	0.937055	0.938188	0.955101	0.954959	0.944763	0.805906	0.828084	0.806457	0.83103	0	0.802873	0.986242	0.986049	0.989017	0.988066	0.985836	0.996686	0.983969	0.971739	0.969965	0.976304	0.982388	0.983674	1.13716	1.12712	1.11995	1.13396	1.1363	1.13508	1.13937	1.13963	1.13852	1.13871	1.15357	1.13308	1.1281	1.1404	1.12921	1.1413	1.13964	1.13772	1.14001	1.14244	1.13466	1.14021	1.14027	1.14098	1.11801	1.10663	1.10593	1.10533	1.11693	1.10638	1.15966	1.22339	1.22721	1.22508	1.16585	1.16053	1.13966	1.13348	1.13737	1.14456	1.13708	1.13827	1.17149	1.17273	1.1646	1.16529	1.16547	1.17242	1.12988	1.13295	1.13854	1.13889	1.13788	1.12702
ERR613143	1.0308	0.986229	1.01125	0.975177	1.01406	1.00955	1.06691	1.08099	1.08474	1.08604	1.08419	1.06876	0.916533	0.915815	0.91608	0.926333	0.907708	0.928627	0.90714	0.880238	0.883097	0.907304	0.908639	0.892896	0.732586	0.794991	0.732328	0.800295	0.802873	0	0.916754	0.91599	0.920894	0.91773	0.916195	0.931955	0.914189	0.89421	0.890556	0.902299	0.911308	0.913004	1.0866	1.07304	1.06363	1.0813	1.08436	1.083	1.08615	1.08668	1.08537	1.08545	1.10517	1.07803	1.07313	1.08954	1.07433	1.09082	1.08852	1.08598	1.08829	1.09181	1.08137	1.0886	1.08855	1.08918	1.06486	1.0505	1.04966	1.04872	1.06383	1.04965	1.11329	1.18511	1.19117	1.18757	1.12126	1.1146	1.08749	1.07905	1.08444	1.09375	1.08391	1.08594	1.12609	1.12791	1.11772	1.11855	1.11834	1.12759	1.0779	1.0825	1.09078	1.09119	1.08935	1.075
ERR637092	0.988413	0.947877	0.974749	0.938572	0.97774	0.972249	1.03878	1.05312	1.05489	1.05646	1.05401	1.04125	0.898379	0.899027	0.899044	0.907325	0.892037	0.909485	0.913457	0.892077	0.893406	0.910645	0.913904	0.899914	0.926215	0.978663	0.926444	0.982659	0.986242	0.916754	0	0.785022	0.794628	0.79373	0.784981	0.808818	0.87	0.857741	0.856886	0.863588	0.867779	0.868735	1.07577	1.06367	1.05453	1.07334	1.07588	1.07503	1.07586	1.0766	1.07412	1.0753	1.09239	1.06684	1.05669	1.07047	1.05829	1.07156	1.06963	1.06893	1.07875	1.08257	1.07268	1.07985	1.07984	1.08076	1.03214	1.01751	1.01638	1.01635	1.03172	1.01691	1.102	1.19291	1.19796	1.19527	1.10936	1.10386	1.07424	1.06649	1.0713	1.07999	1.07133	1.07095	1.1027	1.10395	1.09335	1.09378	1.09361	1.10305	1.07281	1.07548	1.08186	1.08343	1.08147	1.07037
ERR637091	0.988614	0.947448	0.973937	0.938215	0.977333	0.972069	1.03944	1.05321	1.05538	1.05711	1.05443	1.0416	0.897724	0.898131	0.898378	0.90641	0.891099	0.908912	0.913217	0.891615	0.892877	0.910665	0.91399	0.899579	0.925698	0.978088	0.925753	0.982068	0.986049	0.91599	0.785022	0	0.794049	0.792559	0.783691	0.808201	0.869657	0.857399	0.856742	0.863066	0.867209	0.86846	1.07573	1.06374	1.05423	1.0733	1.07568	1.07467	1.07556	1.07643	1.07359	1.07519	1.09235	1.06658	1.05669	1.07054	1.05805	1.07196	1.06975	1.06872	1.0785	1.08237	1.07235	1.07948	1.07958	1.08069	1.0322	1.01772	1.0162	1.01615	1.03193	1.01697	1.10203	1.19165	1.19692	1.19409	1.10946	1.10383	1.07462	1.06687	1.07183	1.08026	1.07149	1.07137	1.10199	1.10359	1.09266	1.09303	1.09313	1.10248	1.07258	1.07615	1.08204	1.08344	1.08187	1.07038
ERR637089	0.992366	0.951846	0.977856	0.942827	0.981108	0.975918	1.04132	1.05513	1.0574	1.05891	1.05665	1.04388	0.902942	0.903188	0.903329	0.911805	0.896538	0.913604	0.91796	0.896707	0.898392	0.91567	0.918638	0.904833	0.930014	0.981697	0.930264	0.985282	0.989017	0.920894	0.794628	0.794049	0	0.797012	0.794081	0.811771	0.875284	0.863505	0.862779	0.869325	0.873369	0.874189	1.07786	1.06636	1.05667	1.07602	1.07818	1.07714	1.07809	1.07857	1.07622	1.07753	1.09434	1.0689	1.05899	1.07281	1.06068	1.07398	1.07235	1.07125	1.08072	1.08464	1.07476	1.08181	1.08195	1.08294	1.03439	1.02042	1.01897	1.01902	1.03444	1.01933	1.1041	1.19371	1.19854	1.1959	1.11137	1.10577	1.07705	1.06915	1.07438	1.08279	1.07389	1.07392	1.10457	1.10605	1.0954	1.09583	1.09565	1.10529	1.0747	1.078	1.08382	1.08513	1.08365	1.0726
ERR637088	0.9955	0.953182	0.978925	0.943621	0.982179	0.97657	1.04194	1.05656	1.05938	1.06082	1.05854	1.0445	0.901725	0.901909	0.901825	0.910143	0.894994	0.91244	0.921221	0.89723	0.898703	0.918133	0.921463	0.906009	0.928058	0.980339	0.928056	0.984466	0.988066	0.91773	0.79373	0.792559	0.797012	0	0.7925	0.810143	0.875254	0.863321	0.86078	0.868162	0.87377	0.874043	1.07834	1.06568	1.05591	1.07451	1.07715	1.07639	1.07677	1.07753	1.07535	1.07608	1.09466	1.06791	1.05904	1.07416	1.06068	1.07553	1.07338	1.07195	1.08047	1.08422	1.0743	1.08138	1.08151	1.08228	1.03568	1.02105	1.01938	1.01922	1.03518	1.01999	1.10433	1.18688	1.19244	1.18936	1.11223	1.10629	1.07721	1.06909	1.07427	1.08317	1.07395	1.07448	1.10118	1.10259	1.09215	1.09268	1.0927	1.10183	1.07452	1.07841	1.08522	1.0865	1.08469	1.07235
ERR637090	0.987994	0.94669	0.973494	0.937492	0.976645	0.971356	1.03891	1.05285	1.05466	1.05677	1.05404	1.0411	0.897551	0.897467	0.897768	0.906304	0.890693	0.908451	0.913712	0.891752	0.893097	0.911067	0.914273	0.899797	0.925749	0.978736	0.926091	0.982183	0.985836	0.916195	0.784981	0.783691	0.794081	0.7925	0	0.808098	0.868971	0.856598	0.856169	0.862866	0.866854	0.867575	1.07579	1.06385	1.05421	1.07351	1.07583	1.07517	1.07554	1.07618	1.0738	1.0751	1.09255	1.06641	1.05671	1.0705	1.05809	1.07176	1.06983	1.06875	1.07852	1.0824	1.07245	1.07934	1.07963	1.08033	1.03182	1.0172	1.01588	1.01584	1.03156	1.01662	1.10187	1.19195	1.19719	1.19441	1.10937	1.10388	1.07446	1.06678	1.07148	1.08033	1.07143	1.07132	1.10206	1.10365	1.09258	1.09324	1.09304	1.1028	1.07273	1.07569	1.08187	1.08317	1.08151	1.0703
ERR637087	1.00287	0.964275	0.988371	0.955339	0.991688	0.986328	1.05309	1.06683	1.06909	1.07088	1.06821	1.05555	0.913455	0.913626	0.913479	0.921679	0.907737	0.923567	0.931769	0.910016	0.911299	0.928608	0.931531	0.917891	0.940979	0.989321	0.940964	0.993221	0.996686	0.931955	0.808818	0.808201	0.811771	0.810143	0.808098	0	0.887305	0.876669	0.876	0.881589	0.885408	0.88647	1.08943	1.07802	1.0688	1.0869	1.08916	1.08831	1.08916	1.0894	1.08735	1.08864	1.10528	1.08035	1.07142	1.08539	1.07268	1.08644	1.08458	1.08307	1.09183	1.09556	1.08585	1.09273	1.09277	1.09389	1.04634	1.03245	1.03135	1.03115	1.04603	1.03179	1.1145	1.19723	1.20234	1.1996	1.12178	1.1163	1.08875	1.08116	1.08603	1.09418	1.08568	1.08587	1.11211	1.11345	1.10354	1.1037	1.10382	1.11253	1.08601	1.08936	1.09543	1.09672	1.09512	1.08419
ERR636821	0.93857	0.895949	0.924175	0.886518	0.928395	0.92246	1.05124	1.06463	1.06662	1.06752	1.06584	1.05372	0.90078	0.900219	0.901803	0.90933	0.894435	0.911715	0.906131	0.884169	0.885487	0.903548	0.907047	0.892772	0.922994	0.976697	0.923091	0.980566	0.983969	0.914189	0.87	0.869657	0.875284	0.875254	0.868971	0.887305	0	0.746377	0.74625	0.754541	0.757879	0.759988	1.08247	1.07095	1.06158	1.08064	1.08333	1.08195	1.08644	1.08732	1.08494	1.08637	1.10252	1.07753	1.06659	1.07951	1.0675	1.08038	1.07868	1.07788	1.08422	1.08789	1.07859	1.08554	1.08535	1.08621	1.04331	1.0292	1.02769	1.02786	1.04319	1.0287	1.10907	1.20001	1.20511	1.20215	1.11639	1.11089	1.08185	1.07449	1.07948	1.08815	1.07926	1.07836	1.11082	1.11257	1.10143	1.10199	1.10224	1.11154	1.08037	1.08311	1.08882	1.09038	1.08863	1.07827
ERR636819	0.927614	0.880478	0.911208	0.869662	0.915497	0.909108	1.03694	1.05109	1.0534	1.05481	1.05249	1.0393	0.888447	0.888342	0.889414	0.898639	0.881218	0.901379	0.889515	0.865785	0.868097	0.887412	0.890778	0.875724	0.904572	0.963287	0.904941	0.967673	0.971739	0.89421	0.857741	0.857399	0.863505	0.863321	0.856598	0.876669	0.746377	0	0.720837	0.732577	0.742852	0.744552	1.06496	1.05287	1.0431	1.06282	1.06612	1.06486	1.06895	1.06979	1.06737	1.06875	1.08656	1.05984	1.04789	1.06175	1.04903	1.06273	1.06102	1.05986	1.06685	1.07096	1.06111	1.06849	1.06838	1.06945	1.02993	1.01479	1.01347	1.01339	1.02979	1.0144	1.09378	1.18839	1.19385	1.19078	1.10127	1.09565	1.06421	1.05612	1.06125	1.07072	1.06144	1.06052	1.09698	1.09867	1.0867	1.08706	1.08761	1.09753	1.06281	1.06557	1.07163	1.07331	1.07145	1.06016
ERR636818	0.929471	0.880223	0.910657	0.868465	0.914922	0.908769	1.03606	1.05074	1.05398	1.05533	1.05272	1.03821	0.887887	0.887457	0.888473	0.897662	0.879682	0.90045	0.893039	0.865888	0.868152	0.890161	0.893669	0.877138	0.90232	0.961431	0.902382	0.965992	0.969965	0.890556	0.856886	0.856742	0.862779	0.86078	0.856169	0.876	0.74625	0.720837	0	0.731354	0.742245	0.744801	1.06399	1.05074	1.04045	1.06063	1.06349	1.06224	1.06617	1.06708	1.06481	1.0659	1.0853	1.05667	1.0465	1.06177	1.04753	1.06292	1.06076	1.05913	1.06516	1.06919	1.05863	1.0665	1.06641	1.06726	1.02932	1.01325	1.01203	1.01162	1.0284	1.01276	1.09278	1.18045	1.18657	1.1831	1.10089	1.09462	1.06293	1.05464	1.05995	1.06946	1.0597	1.05991	1.09208	1.09402	1.08236	1.08285	1.08309	1.09296	1.06119	1.06462	1.07223	1.07327	1.0715	1.05879
ERR636817	0.934672	0.888925	0.917872	0.878581	0.922212	0.915992	1.04491	1.05875	1.0615	1.06272	1.06021	1.047	0.894638	0.894278	0.89533	0.904047	0.887871	0.906721	0.900489	0.875728	0.878016	0.897698	0.901275	0.886073	0.912253	0.968851	0.912654	0.972691	0.976304	0.902299	0.863588	0.863066	0.869325	0.868162	0.862866	0.881589	0.754541	0.732577	0.731354	0	0.751196	0.753251	1.0743	1.06218	1.05245	1.07188	1.07471	1.0734	1.07782	1.07845	1.07626	1.07748	1.09514	1.06863	1.05798	1.07198	1.05921	1.07316	1.07125	1.07023	1.0762	1.08002	1.07011	1.07742	1.07728	1.07844	1.03705	1.02248	1.02101	1.02087	1.03697	1.02191	1.10255	1.19037	1.19601	1.19289	1.11005	1.10413	1.07419	1.06627	1.07138	1.08055	1.07136	1.07085	1.10215	1.10387	1.09256	1.09304	1.09361	1.10295	1.0724	1.07531	1.0819	1.08316	1.08147	1.06983
ERR636820	0.936682	0.89363	0.922078	0.884176	0.926223	0.920648	1.04893	1.06229	1.06458	1.06564	1.06326	1.05149	0.898523	0.89827	0.899334	0.907611	0.892259	0.90989	0.904299	0.881834	0.883646	0.901593	0.904957	0.890598	0.920073	0.974382	0.920654	0.978398	0.982388	0.911308	0.867779	0.867209	0.873369	0.87377	0.866854	0.885408	0.757879	0.742852	0.742245	0.751196	0	0.756674	1.08026	1.06873	1.05935	1.0784	1.08112	1.0801	1.08439	1.08515	1.08288	1.08425	1.10071	1.07552	1.06445	1.0773	1.06545	1.07825	1.0766	1.07575	1.08215	1.08601	1.07644	1.08342	1.08329	1.08425	1.04103	1.02678	1.02537	1.02503	1.04076	1.02639	1.10732	1.1985	1.20375	1.20085	1.1146	1.10923	1.07985	1.07235	1.07744	1.08611	1.0771	1.07656	1.10952	1.11136	1.10018	1.10059	1.10105	1.11017	1.0784	1.08101	1.08685	1.08866	1.08679	1.07613
ERR636822	0.937102	0.894595	0.922911	0.88522	0.926802	0.92106	1.04996	1.06329	1.06521	1.06652	1.06471	1.05244	0.899658	0.899054	0.900344	0.908132	0.893393	0.910649	0.904926	0.8828	0.884426	0.902286	0.905825	0.891323	0.922172	0.976094	0.922206	0.979911	0.983674	0.913004	0.868735	0.86846	0.874189	0.874043	0.867575	0.88647	0.759988	0.744552	0.744801	0.753251	0.756674	0	1.08154	1.07036	1.0608	1.07986	1.08261	1.08135	1.08577	1.08671	1.08407	1.08559	1.1018	1.07656	1.06553	1.07824	1.06654	1.07923	1.07713	1.0769	1.0833	1.08691	1.07752	1.08464	1.08435	1.0857	1.04181	1.02795	1.02637	1.02652	1.04188	1.02747	1.10824	1.20001	1.20505	1.20225	1.11524	1.11016	1.08068	1.07344	1.07814	1.0869	1.07814	1.07743	1.11022	1.11197	1.10087	1.10143	1.1018	1.11091	1.07976	1.08218	1.08791	1.08931	1.08781	1.07741
ERR626616	1.12562	1.09551	1.11676	1.0889	1.11821	1.11513	0.952483	0.966373	0.967168	0.969192	0.966598	0.953617	1.09259	1.09335	1.09451	1.10033	1.08668	1.10222	1.08325	1.06917	1.07186	1.08237	1.08417	1.07474	1.09417	1.13113	1.09394	1.13375	1.13716	1.0866	1.07577	1.07573	1.07786	1.07834	1.07579	1.08943	1.08247	1.06496	1.06399	1.0743	1.08026	1.08154	0	0.830186	0.818726	0.848663	0.852479	0.850726	0.938432	0.939943	0.936642	0.939186	0.958002	0.928354	0.916823	0.931449	0.918598	0.932417	0.930678	0.930777	0.911102	0.916018	0.905608	0.913085	0.912225	0.913576	0.97856	0.963796	0.962657	0.962798	0.979105	0.96307	0.987775	1.13163	1.13726	1.13472	0.996143	0.990088	0.93921	0.92969	0.934843	0.946184	0.935964	0.934013	1.01762	1.02009	1.00514	1.00607	1.00732	1.01884	0.935485	0.937546	0.944294	0.94653	0.944528	0.932372
ERR626615	1.11816	1.08529	1.10713	1.0779	1.10886	1.10549	0.938064	0.953948	0.95632	0.95803	0.955514	0.939069	1.0819	1.08254	1.08332	1.08987	1.0756	1.0916	1.07544	1.05811	1.061	1.07394	1.07602	1.06499	1.0821	1.12127	1.08176	1.12387	1.12712	1.07304	1.06367	1.06374	1.06636	1.06568	1.06385	1.07802	1.07095	1.05287	1.05074	1.06218	1.06873	1.07036	0.830186	0	0.795789	0.828973	0.833164	0.83111	0.922319	0.923412	0.920675	0.922734	0.945573	0.911203	0.900691	0.918465	0.902601	0.919711	0.918076	0.916839	0.895971	0.901817	0.889243	0.897644	0.897305	0.898434	0.966243	0.949707	0.947899	0.947693	0.965465	0.948547	0.975602	1.11319	1.12009	1.11658	0.985141	0.977421	0.92415	0.913769	0.919883	0.932131	0.920665	0.919597	1.00085	1.00373	0.988178	0.989091	0.990165	1.00263	0.919919	0.923612	0.932697	0.934611	0.93218	0.916125
ERR626614	1.11133	1.07675	1.09938	1.06887	1.1012	1.09753	0.928015	0.945396	0.94796	0.950034	0.946983	0.929745	1.07309	1.07384	1.07462	1.08126	1.06669	1.08325	1.06704	1.04861	1.05163	1.06556	1.06775	1.05614	1.07329	1.11374	1.07287	1.11646	1.11995	1.06363	1.05453	1.05423	1.05667	1.05591	1.05421	1.0688	1.06158	1.0431	1.04045	1.05245	1.05935	1.0608	0.818726	0.795789	0	0.81624	0.820893	0.818757	0.911523	0.912881	0.910121	0.912038	0.936486	0.899568	0.88883	0.907387	0.891012	0.909415	0.907094	0.905763	0.886465	0.892503	0.878565	0.887569	0.887174	0.888285	0.956662	0.938729	0.93742	0.937255	0.955782	0.937936	0.96697	1.10429	1.1118	1.10769	0.977172	0.969062	0.913523	0.902041	0.908868	0.92162	0.909504	0.908719	0.990562	0.993178	0.977236	0.978174	0.979246	0.992105	0.908737	0.913173	0.922978	0.924792	0.922526	0.905064
ERR626618	1.12795	1.09523	1.11633	1.08812	1.11755	1.11453	0.949241	0.965033	0.967365	0.96897	0.966501	0.950498	1.09081	1.09146	1.09161	1.09822	1.08449	1.10015	1.08607	1.06832	1.07127	1.08451	1.08673	1.07544	1.09036	1.12797	1.09005	1.13103	1.13396	1.0813	1.07334	1.0733	1.07602	1.07451	1.07351	1.0869	1.08064	1.06282	1.06063	1.07188	1.0784	1.07986	0.848663	0.828973	0.81624	0	0.844315	0.842989	0.935178	0.936152	0.934161	0.935486	0.95803	0.924624	0.915738	0.933228	0.917656	0.934913	0.932897	0.930959	0.909452	0.914526	0.902356	0.90979	0.909582	0.910266	0.977186	0.961009	0.959796	0.95926	0.976339	0.960024	0.987362	1.11434	1.12097	1.11735	0.996634	0.989279	0.938431	0.928226	0.934459	0.945903	0.934586	0.934189	1.00749	1.00972	0.995458	0.996483	0.996995	1.00885	0.933079	0.937387	0.946486	0.947854	0.94605	0.929494
ERR626619	1.12957	1.0978	1.11839	1.09042	1.12021	1.11684	0.953217	0.968257	0.969871	0.972234	0.969639	0.954247	1.09285	1.09361	1.09417	1.1004	1.0869	1.10221	1.08855	1.07087	1.07376	1.08679	1.08857	1.07804	1.09333	1.13032	1.09289	1.13313	1.1363	1.08436	1.07588	1.07568	1.07818	1.07715	1.07583	1.08916	1.08333	1.06612	1.06349	1.07471	1.08112	1.08261	0.852479	0.833164	0.820893	0.844315	0	0.846723	0.938465	0.939697	0.937375	0.938899	0.960753	0.927786	0.919374	0.936641	0.921196	0.938144	0.936223	0.934898	0.912506	0.917464	0.905803	0.913077	0.912741	0.913629	0.980474	0.964934	0.963713	0.963605	0.979779	0.963942	0.989297	1.11636	1.12295	1.11942	0.998676	0.991307	0.940997	0.930884	0.937241	0.948349	0.937628	0.937083	1.01059	1.01265	0.998735	0.999474	1.00041	1.01208	0.936814	0.940544	0.949779	0.950952	0.948712	0.933185
ERR626617	1.12904	1.09693	1.11742	1.08936	1.11901	1.11584	0.950876	0.966063	0.967805	0.970232	0.967288	0.952271	1.09206	1.09276	1.09332	1.09954	1.08619	1.10141	1.08768	1.07005	1.07286	1.0861	1.08815	1.07729	1.09221	1.12934	1.0918	1.13213	1.13508	1.083	1.07503	1.07467	1.07714	1.07639	1.07517	1.08831	1.08195	1.06486	1.06224	1.0734	1.0801	1.08135	0.850726	0.83111	0.818757	0.842989	0.846723	0	0.936586	0.93781	0.935689	0.937231	0.959483	0.926883	0.918179	0.935456	0.920058	0.936829	0.934548	0.933271	0.911178	0.916405	0.904431	0.911741	0.911501	0.912202	0.978712	0.963055	0.9617	0.961272	0.9775	0.961756	0.988538	1.11611	1.12264	1.11905	0.998189	0.99018	0.940099	0.930075	0.935964	0.947456	0.936532	0.935871	1.00963	1.01226	0.997909	0.998764	0.999378	1.01083	0.935177	0.938754	0.948438	0.949506	0.947675	0.931625
