	ERR613986	ERR613985	ERR613989	ERR613984	ERR613987	ERR613988	ERR638303	ERR638306	ERR638307	ERR638304	ERR638305	ERR638308	ERR605614	ERR605616	ERR605611	ERR605613	ERR605615	ERR605612	ERR614003	ERR614005	ERR614004	ERR614006	ERR614007	ERR614002	ERR636926	ERR636927	ERR636925	ERR636930	ERR636928	ERR636929	ERR613329	ERR613332	ERR613333	ERR613330	ERR613334	ERR613331	ERR636894	ERR636891	ERR636890	ERR636893	ERR636889	ERR636892	ERR636802	ERR636800	ERR636804	ERR636803	ERR636801	ERR636799	ERR612074	ERR612071	ERR612073	ERR612075	ERR612072	ERR612076	ERR615447	ERR615448	ERR615449	ERR615451	ERR615446	ERR615450	ERR631325	ERR631323	ERR631328	ERR631327	ERR631326	ERR631324	ERR613562	ERR613557	ERR613559	ERR613560	ERR613561	ERR613558	ERR618351	ERR618352	ERR618355	ERR618356	ERR618354	ERR618353	ERR629966	ERR629964	ERR629965	ERR629969	ERR629968	ERR629967	ERR616181	ERR616184	ERR616182	ERR616179	ERR616180	ERR616183	ERR617330	ERR617329	ERR617326	ERR617327	ERR617325	ERR617328
ERR613986	7.33995e+09	7.7993e+09	7.77073e+09	8.06643e+09	7.74408e+09	7.76573e+09	6.25658e+09	6.25367e+09	6.2623e+09	5.61291e+09	5.63961e+09	6.25992e+09	6.58134e+09	6.68246e+09	7.13213e+09	6.77162e+09	6.73279e+09	6.84915e+09	6.55955e+09	6.74928e+09	6.57415e+09	6.77668e+09	6.82349e+09	6.22516e+09	7.02358e+09	6.99923e+09	6.46002e+09	7.34044e+09	7.35942e+09	7.37424e+09	6.54258e+09	5.74593e+09	5.77584e+09	5.93744e+09	4.91502e+09	6.35788e+09	6.96728e+09	7.51044e+09	7.57569e+09	6.94661e+09	7.2169e+09	7.01895e+09	6.03405e+09	7.38672e+09	6.00611e+09	6.1124e+09	7.36897e+09	7.21567e+09	6.19111e+09	6.90765e+09	6.65064e+09	6.87529e+09	6.61915e+09	5.59106e+09	5.46777e+09	6.44682e+09	6.51261e+09	6.66527e+09	5.22296e+09	6.75456e+09	7.53182e+09	6.90725e+09	6.73372e+09	6.75363e+09	6.77209e+09	6.72038e+09	5.6505e+09	6.96695e+09	6.9478e+09	5.68902e+09	5.70055e+09	6.93376e+09	5.20311e+09	5.07721e+09	5.56177e+09	5.51882e+09	5.54781e+09	5.08129e+09	6.71969e+09	6.80288e+09	6.14043e+09	6.23844e+09	6.18952e+09	6.26138e+09	5.81687e+09	7.02446e+09	6.89608e+09	6.03691e+09	6.38435e+09	6.92853e+09	5.90679e+09	5.88388e+09	5.3293e+09	5.35255e+09	5.30349e+09	5.90974e+09
ERR613985	7.7993e+09	8.88217e+09	8.60564e+09	8.98183e+09	8.57199e+09	8.6003e+09	6.89568e+09	6.89371e+09	6.9e+09	6.15421e+09	6.19215e+09	6.90101e+09	7.16657e+09	7.26437e+09	7.81308e+09	7.37812e+09	7.32065e+09	7.47129e+09	7.12829e+09	7.33951e+09	7.13547e+09	7.37186e+09	7.42858e+09	6.73883e+09	7.72769e+09	7.68681e+09	7.07058e+09	8.08508e+09	8.11076e+09	8.12773e+09	7.19016e+09	6.29496e+09	6.32656e+09	6.48805e+09	5.33673e+09	6.96755e+09	7.59619e+09	8.27489e+09	8.36633e+09	7.57252e+09	7.91025e+09	7.6606e+09	6.55162e+09	8.13698e+09	6.51915e+09	6.63862e+09	8.10853e+09	7.91907e+09	6.8019e+09	7.63031e+09	7.32937e+09	7.58587e+09	7.28914e+09	6.1209e+09	6.04926e+09	7.17859e+09	7.23702e+09	7.41443e+09	5.76683e+09	7.51562e+09	8.4371e+09	7.70724e+09	7.50097e+09	7.52188e+09	7.54389e+09	7.49986e+09	6.17957e+09	7.66215e+09	7.64001e+09	6.2206e+09	6.23526e+09	7.62742e+09	5.84974e+09	5.70326e+09	6.26279e+09	6.21309e+09	6.24711e+09	5.70757e+09	7.38276e+09	7.47932e+09	6.7137e+09	6.80874e+09	6.75384e+09	6.83729e+09	6.48016e+09	7.8533e+09	7.70494e+09	6.71916e+09	7.12548e+09	7.73908e+09	6.68537e+09	6.65792e+09	6.00556e+09	6.03183e+09	5.95987e+09	6.68748e+09
ERR613989	7.77073e+09	8.60564e+09	8.81832e+09	8.94644e+09	8.5456e+09	8.57256e+09	6.87322e+09	6.87191e+09	6.87832e+09	6.13431e+09	6.17314e+09	6.8793e+09	7.14326e+09	7.23746e+09	7.78491e+09	7.35288e+09	7.29343e+09	7.44523e+09	7.107e+09	7.3157e+09	7.11267e+09	7.34767e+09	7.40416e+09	6.71912e+09	7.70482e+09	7.66222e+09	7.04972e+09	8.05802e+09	8.08349e+09	8.10092e+09	7.16696e+09	6.27767e+09	6.30928e+09	6.46763e+09	5.32089e+09	6.94502e+09	7.57098e+09	8.24425e+09	8.33755e+09	7.5475e+09	7.8838e+09	7.63461e+09	6.53486e+09	8.10999e+09	6.50193e+09	6.6212e+09	8.0804e+09	7.89276e+09	6.78186e+09	7.60629e+09	7.30632e+09	7.5615e+09	7.26594e+09	6.10352e+09	6.03433e+09	7.16029e+09	7.21554e+09	7.39254e+09	5.75294e+09	7.49406e+09	8.40755e+09	7.68147e+09	7.4763e+09	7.49663e+09	7.51855e+09	7.47638e+09	6.16194e+09	7.63486e+09	7.61293e+09	6.20273e+09	6.21715e+09	7.60006e+09	5.8429e+09	5.69608e+09	6.25301e+09	6.20365e+09	6.23807e+09	5.70015e+09	7.35971e+09	7.45583e+09	6.69334e+09	6.78604e+09	6.73141e+09	6.81427e+09	6.46942e+09	7.83555e+09	7.68787e+09	6.70637e+09	7.11152e+09	7.72177e+09	6.66532e+09	6.638e+09	5.98868e+09	6.01425e+09	5.94057e+09	6.66727e+09
ERR613984	8.06643e+09	8.98183e+09	8.94644e+09	9.62876e+09	8.90998e+09	8.94054e+09	7.16171e+09	7.16079e+09	7.16639e+09	6.3803e+09	6.42187e+09	7.16872e+09	7.40714e+09	7.50648e+09	8.095e+09	7.62905e+09	7.56648e+09	7.7288e+09	7.35599e+09	7.57709e+09	7.36079e+09	7.61091e+09	7.67162e+09	6.94528e+09	8.01375e+09	7.96618e+09	7.31743e+09	8.38945e+09	8.41738e+09	8.43624e+09	7.45763e+09	6.51979e+09	6.55293e+09	6.71625e+09	5.5118e+09	7.22057e+09	7.85032e+09	8.5857e+09	8.68793e+09	7.82511e+09	8.18965e+09	7.9193e+09	6.75851e+09	8.44089e+09	6.72376e+09	6.84897e+09	8.40803e+09	8.20336e+09	7.05949e+09	7.93632e+09	7.61578e+09	7.88742e+09	7.57222e+09	6.34396e+09	6.28906e+09	7.48355e+09	7.53898e+09	7.72786e+09	5.9911e+09	7.83473e+09	8.81721e+09	8.03837e+09	7.8181e+09	7.83979e+09	7.86394e+09	7.82261e+09	6.39915e+09	7.95376e+09	7.93026e+09	6.44172e+09	6.45703e+09	7.91811e+09	6.12321e+09	5.96693e+09	6.55979e+09	6.50727e+09	6.54359e+09	5.97138e+09	7.65951e+09	7.76181e+09	6.9532e+09	7.04806e+09	6.99092e+09	7.07912e+09	6.75696e+09	8.20681e+09	8.04879e+09	7.0054e+09	7.43797e+09	8.08394e+09	7.01415e+09	6.98486e+09	6.28933e+09	6.31641e+09	6.23677e+09	7.01599e+09
ERR613987	7.74408e+09	8.57199e+09	8.5456e+09	8.90998e+09	8.75078e+09	8.53992e+09	6.84622e+09	6.84482e+09	6.85136e+09	6.11121e+09	6.14985e+09	6.85254e+09	7.11977e+09	7.21289e+09	7.75721e+09	7.32782e+09	7.26808e+09	7.4198e+09	7.0846e+09	7.29179e+09	7.09009e+09	7.32351e+09	7.37987e+09	6.69836e+09	7.67731e+09	7.63448e+09	7.0253e+09	8.02811e+09	8.05287e+09	8.07011e+09	7.14042e+09	6.2555e+09	6.28681e+09	6.4446e+09	5.30316e+09	6.91962e+09	7.54528e+09	8.21331e+09	8.30576e+09	7.52248e+09	7.85626e+09	7.60905e+09	6.51475e+09	8.08056e+09	6.48249e+09	6.60075e+09	8.05104e+09	7.8649e+09	6.75637e+09	7.57653e+09	7.27772e+09	7.53193e+09	7.23758e+09	6.08141e+09	6.01085e+09	7.13095e+09	7.1856e+09	7.3617e+09	5.73088e+09	7.46222e+09	8.37052e+09	7.64844e+09	7.44451e+09	7.46476e+09	7.48673e+09	7.44518e+09	6.13985e+09	7.60492e+09	7.58345e+09	6.18085e+09	6.19511e+09	7.57077e+09	5.81881e+09	5.67257e+09	6.22605e+09	6.17746e+09	6.21179e+09	5.67675e+09	7.33253e+09	7.42763e+09	6.66882e+09	6.76104e+09	6.70692e+09	6.7895e+09	6.44484e+09	7.80255e+09	7.65546e+09	6.68004e+09	7.08272e+09	7.68946e+09	6.63389e+09	6.60697e+09	5.96086e+09	5.98653e+09	5.91342e+09	6.6358e+09
ERR613988	7.76573e+09	8.6003e+09	8.57256e+09	8.94054e+09	8.53992e+09	8.80756e+09	6.86729e+09	6.86614e+09	6.8727e+09	6.12927e+09	6.16803e+09	6.87368e+09	7.13882e+09	7.23271e+09	7.77976e+09	7.34792e+09	7.2883e+09	7.44044e+09	7.10366e+09	7.31149e+09	7.10911e+09	7.34366e+09	7.40003e+09	6.71556e+09	7.70098e+09	7.65804e+09	7.04649e+09	8.05383e+09	8.07904e+09	8.09644e+09	7.16251e+09	6.27356e+09	6.30559e+09	6.46347e+09	5.31717e+09	6.94032e+09	7.56694e+09	8.23965e+09	8.33306e+09	7.54389e+09	7.87984e+09	7.63113e+09	6.53234e+09	8.1067e+09	6.49926e+09	6.61866e+09	8.07687e+09	7.88891e+09	6.77563e+09	7.59974e+09	7.29998e+09	7.55465e+09	7.25946e+09	6.09827e+09	6.02984e+09	7.15488e+09	7.20939e+09	7.38664e+09	5.74857e+09	7.48802e+09	8.4015e+09	7.67646e+09	7.47089e+09	7.49173e+09	7.51362e+09	7.47198e+09	6.15638e+09	7.62769e+09	7.60627e+09	6.19761e+09	6.21193e+09	7.59329e+09	5.83953e+09	5.69296e+09	6.24883e+09	6.19952e+09	6.23393e+09	5.69683e+09	7.35431e+09	7.44983e+09	6.68763e+09	6.78057e+09	6.72596e+09	6.80883e+09	6.46555e+09	7.82991e+09	7.68217e+09	6.70171e+09	7.10648e+09	7.7152e+09	6.66011e+09	6.63305e+09	5.98379e+09	6.00891e+09	5.93576e+09	6.66185e+09
ERR638303	6.25658e+09	6.89568e+09	6.87322e+09	7.16171e+09	6.84622e+09	6.86729e+09	6.56959e+09	6.3697e+09	6.36968e+09	5.72407e+09	5.75939e+09	6.37537e+09	5.8909e+09	5.95669e+09	6.38585e+09	6.04887e+09	5.99862e+09	6.12554e+09	5.70066e+09	5.85007e+09	5.70283e+09	5.87167e+09	5.91577e+09	5.41671e+09	6.21806e+09	6.18674e+09	5.73178e+09	6.47423e+09	6.4932e+09	6.50575e+09	5.93302e+09	5.24825e+09	5.27182e+09	5.39085e+09	4.48513e+09	5.76468e+09	6.06986e+09	6.58579e+09	6.65563e+09	6.05233e+09	6.30716e+09	6.11851e+09	5.28559e+09	6.44709e+09	5.26148e+09	5.34983e+09	6.42716e+09	6.28527e+09	6.20396e+09	6.89325e+09	6.64131e+09	6.85078e+09	6.61106e+09	5.62343e+09	5.58567e+09	6.53804e+09	6.57509e+09	6.72402e+09	5.33983e+09	6.80511e+09	6.75502e+09	6.21693e+09	6.0588e+09	6.07475e+09	6.0907e+09	6.06211e+09	5.66042e+09	6.88756e+09	6.86867e+09	5.69273e+09	5.70651e+09	6.86185e+09	5.43721e+09	5.31007e+09	5.78548e+09	5.74329e+09	5.77334e+09	5.31501e+09	6.62022e+09	6.70046e+09	6.06095e+09	6.12925e+09	6.08132e+09	6.15236e+09	5.98206e+09	7.11541e+09	6.99392e+09	6.18176e+09	6.52377e+09	7.02272e+09	6.213e+09	6.19022e+09	5.62629e+09	5.65102e+09	5.58789e+09	6.2125e+09
ERR638306	6.25367e+09	6.89371e+09	6.87191e+09	7.16079e+09	6.84482e+09	6.86614e+09	6.3697e+09	6.56674e+09	6.37129e+09	5.72244e+09	5.75758e+09	6.37706e+09	5.88778e+09	5.95268e+09	6.3814e+09	6.04526e+09	5.99437e+09	6.12204e+09	5.69734e+09	5.84627e+09	5.6992e+09	5.86786e+09	5.91181e+09	5.4133e+09	6.21808e+09	6.18635e+09	5.73116e+09	6.47352e+09	6.49247e+09	6.50498e+09	5.93138e+09	5.248e+09	5.27154e+09	5.38909e+09	4.48341e+09	5.76286e+09	6.06649e+09	6.58318e+09	6.65359e+09	6.04918e+09	6.30455e+09	6.11508e+09	5.2846e+09	6.44528e+09	5.26037e+09	5.34874e+09	6.42471e+09	6.28314e+09	6.20558e+09	6.89436e+09	6.64278e+09	6.85253e+09	6.61205e+09	5.62375e+09	5.58897e+09	6.54225e+09	6.5783e+09	6.72756e+09	5.34252e+09	6.80869e+09	6.75735e+09	6.21843e+09	6.06066e+09	6.07625e+09	6.09258e+09	6.0643e+09	5.65849e+09	6.88418e+09	6.86515e+09	5.69084e+09	5.70448e+09	6.8588e+09	5.44769e+09	5.32004e+09	5.7968e+09	5.75462e+09	5.78436e+09	5.32457e+09	6.61743e+09	6.69775e+09	6.05847e+09	6.12614e+09	6.07875e+09	6.14901e+09	5.9899e+09	7.12335e+09	7.00259e+09	6.18874e+09	6.53147e+09	7.03031e+09	6.21844e+09	6.19599e+09	5.63139e+09	5.65582e+09	5.5917e+09	6.21807e+09
ERR638307	6.2623e+09	6.9e+09	6.87832e+09	7.16639e+09	6.85136e+09	6.8727e+09	6.36968e+09	6.37129e+09	6.56678e+09	5.7228e+09	5.7571e+09	6.37722e+09	5.89599e+09	5.96098e+09	6.38889e+09	6.05267e+09	6.00262e+09	6.12945e+09	5.70622e+09	5.85595e+09	5.70872e+09	5.87747e+09	5.92125e+09	5.42245e+09	6.22401e+09	6.1928e+09	5.73681e+09	6.47972e+09	6.49893e+09	6.51182e+09	5.93548e+09	5.25105e+09	5.27457e+09	5.3931e+09	4.48673e+09	5.76721e+09	6.07513e+09	6.59011e+09	6.65986e+09	6.05787e+09	6.3121e+09	6.12336e+09	5.2919e+09	6.45233e+09	5.26732e+09	5.35584e+09	6.43199e+09	6.29049e+09	6.20622e+09	6.89465e+09	6.64308e+09	6.85335e+09	6.61303e+09	5.6251e+09	5.58594e+09	6.53845e+09	6.57536e+09	6.72517e+09	5.34013e+09	6.8057e+09	6.75849e+09	6.21962e+09	6.06136e+09	6.07687e+09	6.09317e+09	6.06529e+09	5.66067e+09	6.88715e+09	6.86801e+09	5.69269e+09	5.70645e+09	6.8614e+09	5.43967e+09	5.31236e+09	5.78871e+09	5.74624e+09	5.77615e+09	5.31711e+09	6.62033e+09	6.70073e+09	6.06128e+09	6.12966e+09	6.08225e+09	6.15287e+09	5.98528e+09	7.11898e+09	6.99754e+09	6.18446e+09	6.52618e+09	7.02558e+09	6.20953e+09	6.18696e+09	5.62387e+09	5.64842e+09	5.58464e+09	6.21007e+09
ERR638304	5.61291e+09	6.15421e+09	6.13431e+09	6.3803e+09	6.11121e+09	6.12927e+09	5.72407e+09	5.72244e+09	5.7228e+09	5.34664e+09	5.20546e+09	5.72698e+09	5.29947e+09	5.35901e+09	5.7237e+09	5.43628e+09	5.396e+09	5.50298e+09	5.11203e+09	5.24382e+09	5.11714e+09	5.26192e+09	5.2998e+09	4.86919e+09	5.56177e+09	5.53737e+09	5.14534e+09	5.78411e+09	5.80046e+09	5.8113e+09	5.32985e+09	4.73902e+09	4.75967e+09	4.86564e+09	4.08008e+09	5.18816e+09	5.4373e+09	5.87872e+09	5.93533e+09	5.42225e+09	5.63943e+09	5.47873e+09	4.75308e+09	5.74973e+09	4.73311e+09	4.80887e+09	5.73489e+09	5.61338e+09	5.5824e+09	6.16383e+09	5.95285e+09	6.13098e+09	5.92762e+09	5.0876e+09	5.0466e+09	5.85312e+09	5.88958e+09	6.01601e+09	4.83641e+09	6.08429e+09	6.01063e+09	5.55178e+09	5.41683e+09	5.43061e+09	5.44482e+09	5.41762e+09	5.11929e+09	6.1656e+09	6.14922e+09	5.14663e+09	5.15855e+09	6.14403e+09	4.89548e+09	4.78625e+09	5.19462e+09	5.15882e+09	5.18421e+09	4.79084e+09	5.93572e+09	6.00378e+09	5.46415e+09	5.52627e+09	5.48556e+09	5.54556e+09	5.37232e+09	6.33759e+09	6.23506e+09	5.54428e+09	5.83373e+09	6.25994e+09	5.5595e+09	5.54019e+09	5.05893e+09	5.08144e+09	5.03094e+09	5.55933e+09
ERR638305	5.63961e+09	6.19215e+09	6.17314e+09	6.42187e+09	6.14985e+09	6.16803e+09	5.75939e+09	5.75758e+09	5.7571e+09	5.20546e+09	5.40754e+09	5.76256e+09	5.32305e+09	5.37946e+09	5.7522e+09	5.46014e+09	5.41568e+09	5.52717e+09	5.14048e+09	5.27099e+09	5.1427e+09	5.2896e+09	5.3283e+09	4.8936e+09	5.59681e+09	5.57015e+09	5.17573e+09	5.81903e+09	5.83555e+09	5.84636e+09	5.35937e+09	4.7648e+09	4.7861e+09	4.88933e+09	4.0974e+09	5.21374e+09	5.46666e+09	5.91316e+09	5.97332e+09	5.4511e+09	5.6721e+09	5.50869e+09	4.77951e+09	5.7872e+09	4.75929e+09	4.83651e+09	5.76995e+09	5.64745e+09	5.61184e+09	6.20021e+09	5.98601e+09	6.16484e+09	5.95939e+09	5.11268e+09	5.08037e+09	5.89599e+09	5.92903e+09	6.05598e+09	4.86808e+09	6.12509e+09	6.05241e+09	5.58938e+09	5.45345e+09	5.46668e+09	5.48072e+09	5.45558e+09	5.14505e+09	6.19678e+09	6.18107e+09	5.173e+09	5.18472e+09	6.17532e+09	4.93683e+09	4.82698e+09	5.23814e+09	5.20158e+09	5.22794e+09	4.83123e+09	5.97041e+09	6.03855e+09	5.49192e+09	5.55103e+09	5.51039e+09	5.57109e+09	5.41473e+09	6.38475e+09	6.28189e+09	5.58665e+09	5.87862e+09	6.30623e+09	5.60439e+09	5.5845e+09	5.09801e+09	5.11975e+09	5.06671e+09	5.60391e+09
ERR638308	6.25992e+09	6.90101e+09	6.8793e+09	7.16872e+09	6.85254e+09	6.87368e+09	6.37537e+09	6.37706e+09	6.37722e+09	5.72698e+09	5.76256e+09	6.57987e+09	5.89389e+09	5.95825e+09	6.38761e+09	6.05095e+09	5.99937e+09	6.12771e+09	5.70357e+09	5.8527e+09	5.7053e+09	5.87463e+09	5.91839e+09	5.4188e+09	6.22488e+09	6.19285e+09	5.73704e+09	6.48019e+09	6.49948e+09	6.51195e+09	5.93836e+09	5.25397e+09	5.27765e+09	5.39535e+09	4.48808e+09	5.76842e+09	6.07306e+09	6.59005e+09	6.66066e+09	6.05554e+09	6.31107e+09	6.12168e+09	5.29063e+09	6.45264e+09	5.26665e+09	5.3552e+09	6.43184e+09	6.2901e+09	6.21257e+09	6.9018e+09	6.64956e+09	6.86021e+09	6.6193e+09	5.63066e+09	5.59445e+09	6.54954e+09	6.58514e+09	6.73491e+09	5.34778e+09	6.81584e+09	6.76328e+09	6.22485e+09	6.06637e+09	6.08221e+09	6.09797e+09	6.07117e+09	5.66486e+09	6.89107e+09	6.87281e+09	5.6969e+09	5.71099e+09	6.86618e+09	5.45441e+09	5.32616e+09	5.80389e+09	5.76222e+09	5.79203e+09	5.33118e+09	6.62405e+09	6.70361e+09	6.06322e+09	6.13074e+09	6.08313e+09	6.15414e+09	5.99703e+09	7.1323e+09	7.01079e+09	6.19613e+09	6.53936e+09	7.03881e+09	6.22426e+09	6.20103e+09	5.63601e+09	5.66134e+09	5.59585e+09	6.22399e+09
ERR605614	6.58134e+09	7.16657e+09	7.14326e+09	7.40714e+09	7.11977e+09	7.13882e+09	5.8909e+09	5.88778e+09	5.89599e+09	5.29947e+09	5.32305e+09	5.89389e+09	6.52292e+09	6.41098e+09	6.82628e+09	6.49505e+09	6.45546e+09	6.56718e+09	6.09385e+09	6.25829e+09	6.10379e+09	6.28197e+09	6.32414e+09	5.79132e+09	6.52634e+09	6.50188e+09	6.01611e+09	6.8055e+09	6.82408e+09	6.83698e+09	6.18288e+09	5.45493e+09	5.48112e+09	5.62789e+09	4.67914e+09	6.01452e+09	6.45936e+09	6.94972e+09	7.01188e+09	6.44092e+09	6.68379e+09	6.5068e+09	5.62246e+09	6.83322e+09	5.5972e+09	5.69393e+09	6.81682e+09	6.67857e+09	5.91037e+09	6.56824e+09	6.33153e+09	6.537e+09	6.30494e+09	5.35485e+09	5.14385e+09	6.04045e+09	6.09475e+09	6.23587e+09	4.91942e+09	6.31688e+09	6.98469e+09	6.41813e+09	6.25821e+09	6.27619e+09	6.29358e+09	6.24908e+09	5.37739e+09	6.58182e+09	6.56411e+09	5.41167e+09	5.42459e+09	6.55327e+09	4.88524e+09	4.76956e+09	5.21234e+09	5.17282e+09	5.20027e+09	4.77363e+09	6.29488e+09	6.37046e+09	5.76725e+09	5.85129e+09	5.80578e+09	5.87338e+09	5.48628e+09	6.58834e+09	6.47125e+09	5.687e+09	6.00673e+09	6.49994e+09	5.54651e+09	5.52478e+09	5.01535e+09	5.03681e+09	4.99141e+09	5.54875e+09
ERR605616	6.68246e+09	7.26437e+09	7.23746e+09	7.50648e+09	7.21289e+09	7.23271e+09	5.95669e+09	5.95268e+09	5.96098e+09	5.35901e+09	5.37946e+09	5.95825e+09	6.41098e+09	6.727e+09	6.9294e+09	6.59221e+09	6.57497e+09	6.66791e+09	6.17256e+09	6.34926e+09	6.19075e+09	6.37395e+09	6.4151e+09	5.86793e+09	6.59913e+09	6.58139e+09	6.08057e+09	6.89528e+09	6.91242e+09	6.92566e+09	6.24989e+09	5.49877e+09	5.52645e+09	5.69016e+09	4.72828e+09	6.08403e+09	6.55492e+09	7.04952e+09	7.1051e+09	6.5351e+09	6.77637e+09	6.60252e+09	5.68299e+09	6.92228e+09	5.65834e+09	5.75645e+09	6.91101e+09	6.76893e+09	5.97522e+09	6.64524e+09	6.40446e+09	6.61729e+09	6.37905e+09	5.40971e+09	5.17743e+09	6.08548e+09	6.15265e+09	6.29581e+09	4.95074e+09	6.37809e+09	7.05997e+09	6.48038e+09	6.3183e+09	6.33816e+09	6.35535e+09	6.30277e+09	5.43191e+09	6.67333e+09	6.65463e+09	5.46758e+09	5.47982e+09	6.64279e+09	4.88665e+09	4.7707e+09	5.22294e+09	5.18173e+09	5.2082e+09	4.77549e+09	6.37599e+09	6.45311e+09	5.84214e+09	5.93837e+09	5.89276e+09	5.9608e+09	5.50677e+09	6.64124e+09	6.52016e+09	5.71748e+09	6.04099e+09	6.55268e+09	5.57408e+09	5.55243e+09	5.03743e+09	5.06023e+09	5.02353e+09	5.57801e+09
ERR605611	7.13213e+09	7.81308e+09	7.78491e+09	8.095e+09	7.75721e+09	7.77976e+09	6.38585e+09	6.3814e+09	6.38889e+09	5.7237e+09	5.7522e+09	6.38761e+09	6.82628e+09	6.9294e+09	7.64486e+09	7.02567e+09	6.98244e+09	7.11256e+09	6.57626e+09	6.76395e+09	6.58768e+09	6.7915e+09	6.83935e+09	6.23485e+09	7.07647e+09	7.04875e+09	6.50002e+09	7.3955e+09	7.41666e+09	7.43146e+09	6.68854e+09	5.87475e+09	5.90378e+09	6.0662e+09	5.01569e+09	6.49836e+09	6.99322e+09	7.5628e+09	7.63407e+09	6.97181e+09	7.25246e+09	7.04786e+09	6.04783e+09	7.42788e+09	6.02052e+09	6.12703e+09	7.40945e+09	7.24814e+09	6.38871e+09	7.13268e+09	6.86294e+09	7.09511e+09	6.83229e+09	5.77076e+09	5.56442e+09	6.56499e+09	6.62559e+09	6.78347e+09	5.31472e+09	6.8744e+09	7.63247e+09	6.99229e+09	6.81112e+09	6.83072e+09	6.85113e+09	6.80292e+09	5.79615e+09	7.14605e+09	7.12535e+09	5.83428e+09	5.84808e+09	7.11426e+09	5.30351e+09	5.17422e+09	5.66881e+09	5.62365e+09	5.65388e+09	5.17871e+09	6.82987e+09	6.91561e+09	6.23732e+09	6.33018e+09	6.28108e+09	6.35616e+09	5.94508e+09	7.17888e+09	7.04647e+09	6.1684e+09	6.5264e+09	7.07885e+09	6.06539e+09	6.04157e+09	5.46957e+09	5.4941e+09	5.44276e+09	6.0686e+09
ERR605613	6.77162e+09	7.37812e+09	7.35288e+09	7.62905e+09	7.32782e+09	7.34792e+09	6.04887e+09	6.04526e+09	6.05267e+09	5.43628e+09	5.46014e+09	6.05095e+09	6.49505e+09	6.59221e+09	7.02567e+09	6.88705e+09	6.64054e+09	6.7551e+09	6.25781e+09	6.43272e+09	6.27079e+09	6.4581e+09	6.50133e+09	5.94376e+09	6.70407e+09	6.68108e+09	6.17331e+09	6.99977e+09	7.01852e+09	7.03181e+09	6.34479e+09	5.58512e+09	5.61234e+09	5.77052e+09	4.7885e+09	6.17118e+09	6.64325e+09	7.15365e+09	7.21583e+09	6.62351e+09	6.87466e+09	6.69239e+09	5.76389e+09	7.02957e+09	5.73816e+09	5.8382e+09	7.01391e+09	6.86983e+09	6.06356e+09	6.7487e+09	6.50194e+09	6.71724e+09	6.47499e+09	5.48807e+09	5.2689e+09	6.19762e+09	6.25679e+09	6.4034e+09	5.03748e+09	6.48727e+09	7.18248e+09	6.59148e+09	6.42585e+09	6.44488e+09	6.46317e+09	6.41433e+09	5.51335e+09	6.77063e+09	6.75124e+09	5.54964e+09	5.56223e+09	6.7402e+09	4.99296e+09	4.87427e+09	5.33203e+09	5.2909e+09	5.31825e+09	4.87832e+09	6.47258e+09	6.55215e+09	5.92516e+09	6.01681e+09	5.97041e+09	6.03984e+09	5.6161e+09	6.76322e+09	6.64065e+09	5.82633e+09	6.1568e+09	6.67188e+09	5.69023e+09	5.66856e+09	5.14064e+09	5.16373e+09	5.12003e+09	5.69388e+09
ERR605615	6.73279e+09	7.32065e+09	7.29343e+09	7.56648e+09	7.26808e+09	7.2883e+09	5.99862e+09	5.99437e+09	6.00262e+09	5.396e+09	5.41568e+09	5.99937e+09	6.45546e+09	6.57497e+09	6.98244e+09	6.64054e+09	6.83062e+09	6.71789e+09	6.21482e+09	6.39434e+09	6.23383e+09	6.41946e+09	6.46097e+09	5.9073e+09	6.64548e+09	6.62881e+09	6.12113e+09	6.94698e+09	6.96445e+09	6.97739e+09	6.29257e+09	5.53247e+09	5.56015e+09	5.72751e+09	4.75676e+09	6.12547e+09	6.60293e+09	7.10421e+09	7.15909e+09	6.58306e+09	6.82631e+09	6.6507e+09	5.71865e+09	6.97308e+09	5.69386e+09	5.79283e+09	6.96302e+09	6.8183e+09	6.01604e+09	6.69291e+09	6.44933e+09	6.66508e+09	6.42409e+09	5.4449e+09	5.21001e+09	6.12688e+09	6.1958e+09	6.34042e+09	4.98186e+09	6.42411e+09	7.11457e+09	6.52763e+09	6.36417e+09	6.38437e+09	6.402e+09	6.34754e+09	5.46713e+09	6.7231e+09	6.70424e+09	5.5033e+09	5.51535e+09	6.69243e+09	4.91629e+09	4.79881e+09	5.25567e+09	5.2143e+09	5.24087e+09	4.80353e+09	6.42211e+09	6.50031e+09	5.88288e+09	5.98207e+09	5.93639e+09	6.00489e+09	5.54008e+09	6.68765e+09	6.56576e+09	5.75453e+09	6.08014e+09	6.5984e+09	5.61471e+09	5.59239e+09	5.07188e+09	5.09511e+09	5.05934e+09	5.61823e+09
ERR605612	6.84915e+09	7.47129e+09	7.44523e+09	7.7288e+09	7.4198e+09	7.44044e+09	6.12554e+09	6.12204e+09	6.12945e+09	5.50298e+09	5.52717e+09	6.12771e+09	6.56718e+09	6.66791e+09	7.11256e+09	6.7551e+09	6.71789e+09	7.04744e+09	6.32474e+09	6.50192e+09	6.33772e+09	6.52762e+09	6.57119e+09	6.00493e+09	6.78383e+09	6.76009e+09	6.24324e+09	7.08446e+09	7.1034e+09	7.11742e+09	6.42054e+09	5.64929e+09	5.67667e+09	5.83534e+09	4.83872e+09	6.24428e+09	6.71717e+09	7.24063e+09	7.30445e+09	6.69672e+09	6.95413e+09	6.76718e+09	5.82376e+09	7.11317e+09	5.79717e+09	5.89862e+09	7.09744e+09	6.94834e+09	6.13843e+09	6.83655e+09	6.5844e+09	6.80304e+09	6.55659e+09	5.55291e+09	5.33661e+09	6.28023e+09	6.33998e+09	6.4893e+09	5.10039e+09	6.57496e+09	7.28093e+09	6.67953e+09	6.51012e+09	6.52908e+09	6.54759e+09	6.49958e+09	5.5771e+09	6.85434e+09	6.83488e+09	5.61337e+09	5.62623e+09	6.8238e+09	5.06727e+09	4.94533e+09	5.41241e+09	5.3701e+09	5.39823e+09	4.95012e+09	6.5517e+09	6.63231e+09	5.99448e+09	6.08539e+09	6.03844e+09	6.10933e+09	5.69159e+09	6.85806e+09	6.73359e+09	5.90494e+09	6.24194e+09	6.76519e+09	5.77636e+09	5.75371e+09	5.21628e+09	5.24021e+09	5.19509e+09	5.77949e+09
ERR614003	6.55955e+09	7.12829e+09	7.107e+09	7.35599e+09	7.0846e+09	7.10366e+09	5.70066e+09	5.69734e+09	5.70622e+09	5.11203e+09	5.14048e+09	5.70357e+09	6.09385e+09	6.17256e+09	6.57626e+09	6.25781e+09	6.21482e+09	6.32474e+09	6.42191e+09	6.41455e+09	6.25723e+09	6.43895e+09	6.48156e+09	5.94089e+09	6.58106e+09	6.55358e+09	6.06799e+09	6.85547e+09	6.87324e+09	6.88701e+09	6.06005e+09	5.34466e+09	5.37036e+09	5.51238e+09	4.58287e+09	5.89125e+09	6.54089e+09	7.01912e+09	7.08327e+09	6.52374e+09	6.76496e+09	6.58789e+09	5.73974e+09	6.96066e+09	5.71237e+09	5.81045e+09	6.93977e+09	6.8045e+09	5.64173e+09	6.2888e+09	6.0576e+09	6.25874e+09	6.02759e+09	5.09594e+09	4.97002e+09	5.86106e+09	5.9168e+09	6.05455e+09	4.74658e+09	6.13653e+09	7.07177e+09	6.49948e+09	6.341e+09	6.35938e+09	6.37491e+09	6.32997e+09	5.15191e+09	6.34138e+09	6.32513e+09	5.18779e+09	5.19883e+09	6.31191e+09	4.71007e+09	4.59646e+09	5.03333e+09	4.99494e+09	5.02239e+09	4.59926e+09	6.14111e+09	6.21606e+09	5.61289e+09	5.69897e+09	5.6544e+09	5.71906e+09	5.29624e+09	6.38821e+09	6.27193e+09	5.49398e+09	5.80918e+09	6.30014e+09	5.32337e+09	5.30272e+09	4.80007e+09	4.82036e+09	4.773e+09	5.32622e+09
ERR614005	6.74928e+09	7.33951e+09	7.3157e+09	7.57709e+09	7.29179e+09	7.31149e+09	5.85007e+09	5.84627e+09	5.85595e+09	5.24382e+09	5.27099e+09	5.8527e+09	6.25829e+09	6.34926e+09	6.76395e+09	6.43272e+09	6.39434e+09	6.50192e+09	6.41455e+09	6.78006e+09	6.42946e+09	6.62497e+09	6.66879e+09	6.09612e+09	6.7573e+09	6.73398e+09	6.22565e+09	7.0527e+09	7.07134e+09	7.08509e+09	6.21955e+09	5.47192e+09	5.5001e+09	5.6535e+09	4.69397e+09	6.04606e+09	6.72921e+09	7.22976e+09	7.29152e+09	6.71103e+09	6.96072e+09	6.77863e+09	5.88309e+09	7.16292e+09	5.8558e+09	5.95725e+09	7.14448e+09	7.00226e+09	5.78562e+09	6.45647e+09	6.21728e+09	6.42855e+09	6.18687e+09	5.22182e+09	5.08679e+09	6.00699e+09	6.07258e+09	6.21365e+09	4.85742e+09	6.29785e+09	7.27543e+09	6.67925e+09	6.51552e+09	6.53572e+09	6.55103e+09	6.49993e+09	5.28232e+09	6.5226e+09	6.50527e+09	5.31996e+09	5.33068e+09	6.49181e+09	4.80475e+09	4.68805e+09	5.14055e+09	5.10099e+09	5.12886e+09	4.69125e+09	6.30709e+09	6.38475e+09	5.76105e+09	5.85596e+09	5.80993e+09	5.87654e+09	5.40832e+09	6.54446e+09	6.42379e+09	5.61569e+09	5.94052e+09	6.45395e+09	5.46106e+09	5.43995e+09	4.92029e+09	4.94143e+09	4.89592e+09	5.46444e+09
ERR614004	6.57415e+09	7.13547e+09	7.11267e+09	7.36079e+09	7.09009e+09	7.10911e+09	5.70283e+09	5.6992e+09	5.70872e+09	5.11714e+09	5.1427e+09	5.7053e+09	6.10379e+09	6.19075e+09	6.58768e+09	6.27079e+09	6.23383e+09	6.33772e+09	6.25723e+09	6.42946e+09	6.44455e+09	6.45371e+09	6.49548e+09	5.95161e+09	6.58042e+09	6.5583e+09	6.06969e+09	6.86199e+09	6.87944e+09	6.89327e+09	6.06251e+09	5.34142e+09	5.36844e+09	5.51671e+09	4.58775e+09	5.89608e+09	6.55379e+09	7.03013e+09	7.08907e+09	6.53713e+09	6.77451e+09	6.60101e+09	5.74386e+09	6.96633e+09	5.71685e+09	5.8156e+09	6.94927e+09	6.81396e+09	5.64382e+09	6.29082e+09	6.06011e+09	6.26297e+09	6.03084e+09	5.09827e+09	4.96275e+09	5.85158e+09	5.91384e+09	6.0511e+09	4.74058e+09	6.13301e+09	7.06711e+09	6.49471e+09	6.33691e+09	6.35592e+09	6.37077e+09	6.32193e+09	5.15579e+09	6.35291e+09	6.33694e+09	5.19208e+09	5.20252e+09	6.32348e+09	4.68553e+09	4.57208e+09	5.00966e+09	4.97124e+09	4.99844e+09	4.5754e+09	6.14643e+09	6.22198e+09	5.62041e+09	5.712e+09	5.66751e+09	5.73165e+09	5.27642e+09	6.37405e+09	6.25743e+09	5.47731e+09	5.7914e+09	6.28644e+09	5.30748e+09	5.28762e+09	4.78612e+09	4.80685e+09	4.7633e+09	5.3107e+09
ERR614006	6.77668e+09	7.37186e+09	7.34767e+09	7.61091e+09	7.32351e+09	7.34366e+09	5.87167e+09	5.86786e+09	5.87747e+09	5.26192e+09	5.2896e+09	5.87463e+09	6.28197e+09	6.37395e+09	6.7915e+09	6.4581e+09	6.41946e+09	6.52762e+09	6.43895e+09	6.62497e+09	6.45371e+09	6.83377e+09	6.69504e+09	6.11818e+09	6.78525e+09	6.76142e+09	6.25049e+09	7.08228e+09	7.10134e+09	7.11499e+09	6.24441e+09	5.49222e+09	5.51997e+09	5.67492e+09	4.71027e+09	6.06922e+09	6.75668e+09	7.26156e+09	7.32353e+09	6.73847e+09	6.9898e+09	6.80631e+09	5.90372e+09	7.19325e+09	5.87654e+09	5.97917e+09	7.17489e+09	7.03098e+09	5.80729e+09	6.48194e+09	6.24157e+09	6.45362e+09	6.21044e+09	5.24053e+09	5.10571e+09	6.03075e+09	6.09617e+09	6.23807e+09	4.87556e+09	6.32338e+09	7.30711e+09	6.70775e+09	6.54332e+09	6.56283e+09	6.57885e+09	6.52769e+09	5.30164e+09	6.54888e+09	6.53082e+09	5.3388e+09	5.34998e+09	6.51746e+09	4.82398e+09	4.70571e+09	5.16116e+09	5.1213e+09	5.14932e+09	4.70933e+09	6.33112e+09	6.40977e+09	5.78209e+09	5.87729e+09	5.8313e+09	5.89841e+09	5.42866e+09	6.57061e+09	6.44912e+09	5.63697e+09	5.96357e+09	6.47987e+09	5.48475e+09	5.46363e+09	4.94146e+09	4.96205e+09	4.9169e+09	5.48803e+09
ERR614007	6.82349e+09	7.42858e+09	7.40416e+09	7.67162e+09	7.37987e+09	7.40003e+09	5.91577e+09	5.91181e+09	5.92125e+09	5.2998e+09	5.3283e+09	5.91839e+09	6.32414e+09	6.4151e+09	6.83935e+09	6.50133e+09	6.46097e+09	6.57119e+09	6.48156e+09	6.66879e+09	6.49548e+09	6.69504e+09	6.9247e+09	6.1564e+09	6.83549e+09	6.81077e+09	6.29436e+09	7.13542e+09	7.15425e+09	7.16917e+09	6.28933e+09	5.53144e+09	5.5596e+09	5.71341e+09	4.74058e+09	6.11248e+09	6.80283e+09	7.31536e+09	7.37917e+09	6.78426e+09	7.04026e+09	6.85331e+09	5.94211e+09	7.2469e+09	5.91493e+09	6.01796e+09	7.22843e+09	7.08244e+09	5.84959e+09	6.53085e+09	6.28825e+09	6.50203e+09	6.25604e+09	5.27714e+09	5.14577e+09	6.08011e+09	6.1451e+09	6.28853e+09	4.91309e+09	6.37415e+09	7.36837e+09	6.76348e+09	6.59692e+09	6.61676e+09	6.63256e+09	6.58221e+09	5.33823e+09	6.59578e+09	6.57819e+09	5.37552e+09	5.38698e+09	6.5644e+09	4.86707e+09	4.74798e+09	5.20774e+09	5.16775e+09	5.1957e+09	4.75165e+09	6.37703e+09	6.45639e+09	5.82224e+09	5.91753e+09	5.871e+09	5.93887e+09	5.47408e+09	6.62577e+09	6.50312e+09	5.68344e+09	6.01384e+09	6.53411e+09	5.53532e+09	5.51399e+09	4.98567e+09	5.00668e+09	4.95963e+09	5.53863e+09
ERR614002	6.22516e+09	6.73883e+09	6.71912e+09	6.94528e+09	6.69836e+09	6.71556e+09	5.41671e+09	5.4133e+09	5.42245e+09	4.86919e+09	4.8936e+09	5.4188e+09	5.79132e+09	5.86793e+09	6.23485e+09	5.94376e+09	5.9073e+09	6.00493e+09	5.94089e+09	6.09612e+09	5.95161e+09	6.11818e+09	6.1564e+09	5.82142e+09	6.23551e+09	6.2139e+09	5.76419e+09	6.49093e+09	6.50721e+09	6.51941e+09	5.75288e+09	5.08368e+09	5.1088e+09	5.24595e+09	4.37795e+09	5.5993e+09	6.20763e+09	6.64199e+09	6.69748e+09	6.19207e+09	6.41015e+09	6.25036e+09	5.46764e+09	6.58665e+09	5.44205e+09	5.53329e+09	6.56948e+09	6.44697e+09	5.36087e+09	5.95956e+09	5.7465e+09	5.93398e+09	5.71985e+09	4.85107e+09	4.7228e+09	5.55349e+09	5.61034e+09	5.73744e+09	4.51474e+09	5.81458e+09	6.67663e+09	6.14617e+09	6.00009e+09	6.01757e+09	6.0312e+09	5.98603e+09	4.906e+09	6.01734e+09	6.002e+09	4.93978e+09	4.94927e+09	5.98969e+09	4.45484e+09	4.3487e+09	4.75721e+09	4.7214e+09	4.74764e+09	4.35138e+09	5.83146e+09	5.90083e+09	5.34186e+09	5.42644e+09	5.38453e+09	5.44438e+09	5.0177e+09	6.03909e+09	5.93135e+09	5.20573e+09	5.49785e+09	5.9589e+09	5.02352e+09	5.00505e+09	4.53722e+09	4.55607e+09	4.51476e+09	5.02682e+09
ERR636926	7.02358e+09	7.72769e+09	7.70482e+09	8.01375e+09	7.67731e+09	7.70098e+09	6.21806e+09	6.21808e+09	6.22401e+09	5.56177e+09	5.59681e+09	6.22488e+09	6.52634e+09	6.59913e+09	7.07647e+09	6.70407e+09	6.64548e+09	6.78383e+09	6.58106e+09	6.7573e+09	6.58042e+09	6.78525e+09	6.83549e+09	6.23551e+09	7.37938e+09	7.11709e+09	6.57442e+09	7.46005e+09	7.48284e+09	7.49929e+09	6.56874e+09	5.78423e+09	5.81182e+09	5.94991e+09	4.92336e+09	6.37336e+09	6.9805e+09	7.56794e+09	7.65189e+09	6.96079e+09	7.25637e+09	7.03717e+09	6.10048e+09	7.4844e+09	6.06995e+09	6.17768e+09	7.45587e+09	7.29306e+09	6.14441e+09	6.86754e+09	6.60525e+09	6.82865e+09	6.57057e+09	5.54141e+09	5.47373e+09	6.4744e+09	6.52023e+09	6.67643e+09	5.22077e+09	6.76614e+09	7.74143e+09	7.09998e+09	6.91794e+09	6.93593e+09	6.95433e+09	6.91922e+09	5.58511e+09	6.88087e+09	6.86179e+09	5.62216e+09	5.63518e+09	6.85112e+09	5.30717e+09	5.17672e+09	5.67365e+09	5.63043e+09	5.66208e+09	5.18015e+09	6.65944e+09	6.7431e+09	6.06996e+09	6.15089e+09	6.10156e+09	6.17604e+09	5.87289e+09	7.08359e+09	6.95294e+09	6.084e+09	6.44249e+09	6.98198e+09	6.00693e+09	5.98281e+09	5.40586e+09	5.42842e+09	5.36122e+09	6.00874e+09
ERR636927	6.99923e+09	7.68681e+09	7.66222e+09	7.96618e+09	7.63448e+09	7.65804e+09	6.18674e+09	6.18635e+09	6.1928e+09	5.53737e+09	5.57015e+09	6.19285e+09	6.50188e+09	6.58139e+09	7.04875e+09	6.68108e+09	6.62881e+09	6.76009e+09	6.55358e+09	6.73398e+09	6.5583e+09	6.76142e+09	6.81077e+09	6.2139e+09	7.11709e+09	7.29908e+09	6.5413e+09	7.42261e+09	7.44441e+09	7.46018e+09	6.53586e+09	5.75301e+09	5.78124e+09	5.92477e+09	4.90488e+09	6.34557e+09	6.95501e+09	7.53298e+09	7.60976e+09	6.93511e+09	7.22365e+09	7.01029e+09	6.07274e+09	7.44372e+09	6.0437e+09	6.14994e+09	7.41944e+09	7.25881e+09	6.11543e+09	6.83194e+09	6.57276e+09	6.79551e+09	6.53919e+09	5.51662e+09	5.4378e+09	6.42683e+09	6.48017e+09	6.63456e+09	5.188e+09	6.72309e+09	7.68596e+09	7.05072e+09	6.87112e+09	6.88995e+09	6.90794e+09	6.86811e+09	5.56126e+09	6.85402e+09	6.83504e+09	5.59768e+09	5.61081e+09	6.82339e+09	5.25209e+09	5.12394e+09	5.61698e+09	5.57438e+09	5.60484e+09	5.12731e+09	6.63045e+09	6.71318e+09	6.04705e+09	6.13299e+09	6.08393e+09	6.15658e+09	5.82063e+09	7.02656e+09	6.89697e+09	6.03432e+09	6.38797e+09	6.9273e+09	5.95437e+09	5.93104e+09	5.36124e+09	5.38396e+09	5.32228e+09	5.9566e+09
ERR636925	6.46002e+09	7.07058e+09	7.04972e+09	7.31743e+09	7.0253e+09	7.04649e+09	5.73178e+09	5.73116e+09	5.73681e+09	5.14534e+09	5.17573e+09	5.73704e+09	6.01611e+09	6.08057e+09	6.50002e+09	6.17331e+09	6.12113e+09	6.24324e+09	6.06799e+09	6.22565e+09	6.06969e+09	6.25049e+09	6.29436e+09	5.76419e+09	6.57442e+09	6.5413e+09	6.25771e+09	6.83958e+09	6.85961e+09	6.87367e+09	6.05576e+09	5.35658e+09	5.38215e+09	5.50656e+09	4.58365e+09	5.88461e+09	6.42294e+09	6.93425e+09	7.00471e+09	6.40547e+09	6.66329e+09	6.47221e+09	5.64363e+09	6.85886e+09	5.61683e+09	5.71246e+09	6.83558e+09	6.69493e+09	5.6671e+09	6.30639e+09	6.07602e+09	6.27339e+09	6.04547e+09	5.12772e+09	5.05941e+09	5.95187e+09	5.99624e+09	6.13475e+09	4.83253e+09	6.21339e+09	7.07494e+09	6.51192e+09	6.35224e+09	6.36913e+09	6.38453e+09	6.35128e+09	5.16683e+09	6.32238e+09	6.3055e+09	5.20007e+09	5.21167e+09	6.29575e+09	4.89274e+09	4.7768e+09	5.22206e+09	5.18397e+09	5.21166e+09	4.78036e+09	6.12669e+09	6.20052e+09	5.60452e+09	5.67835e+09	5.63377e+09	5.69999e+09	5.41013e+09	6.48787e+09	6.37338e+09	5.60137e+09	5.91994e+09	6.39953e+09	5.51188e+09	5.49077e+09	4.97602e+09	4.99586e+09	4.93972e+09	5.51412e+09
ERR636930	7.34044e+09	8.08508e+09	8.05802e+09	8.38945e+09	8.02811e+09	8.05383e+09	6.47423e+09	6.47352e+09	6.47972e+09	5.78411e+09	5.81903e+09	6.48019e+09	6.8055e+09	6.89528e+09	7.3955e+09	6.99977e+09	6.94698e+09	7.08446e+09	6.85547e+09	7.0527e+09	6.86199e+09	7.08228e+09	7.13542e+09	6.49093e+09	7.46005e+09	7.42261e+09	6.83958e+09	8.03328e+09	7.82063e+09	7.83854e+09	6.83871e+09	6.00142e+09	6.03148e+09	6.18557e+09	5.10585e+09	6.63355e+09	7.29107e+09	7.9183e+09	8.00098e+09	7.27027e+09	7.581e+09	7.35172e+09	6.33815e+09	7.82013e+09	6.30743e+09	6.42097e+09	7.79424e+09	7.61953e+09	6.39597e+09	7.16272e+09	6.88503e+09	7.12484e+09	6.84848e+09	5.76011e+09	5.67919e+09	6.73203e+09	6.78988e+09	6.95435e+09	5.41508e+09	7.04877e+09	8.08542e+09	7.40024e+09	7.20903e+09	7.22841e+09	7.24799e+09	7.20458e+09	5.80798e+09	7.1903e+09	7.16918e+09	5.84715e+09	5.8609e+09	7.15709e+09	5.48529e+09	5.34896e+09	5.8738e+09	5.8282e+09	5.86034e+09	5.35301e+09	6.94527e+09	7.0343e+09	6.32309e+09	6.41623e+09	6.36437e+09	6.44221e+09	6.08182e+09	7.36978e+09	7.23058e+09	6.30878e+09	6.6863e+09	7.2631e+09	6.2475e+09	6.22212e+09	5.61488e+09	5.63853e+09	5.57369e+09	6.24974e+09
ERR636928	7.35942e+09	8.11076e+09	8.08349e+09	8.41738e+09	8.05287e+09	8.07904e+09	6.4932e+09	6.49247e+09	6.49893e+09	5.80046e+09	5.83555e+09	6.49948e+09	6.82408e+09	6.91242e+09	7.41666e+09	7.01852e+09	6.96445e+09	7.1034e+09	6.87324e+09	7.07134e+09	6.87944e+09	7.10134e+09	7.15425e+09	6.50721e+09	7.48284e+09	7.44441e+09	6.85961e+09	7.82063e+09	8.0824e+09	7.86233e+09	6.85846e+09	6.01789e+09	6.0484e+09	6.202e+09	5.11863e+09	6.65215e+09	7.31171e+09	7.94188e+09	8.02664e+09	7.28984e+09	7.60377e+09	7.37238e+09	6.35502e+09	7.84474e+09	6.32419e+09	6.43809e+09	7.81769e+09	7.64201e+09	6.41382e+09	7.18394e+09	6.90522e+09	7.14532e+09	6.8685e+09	5.77573e+09	5.69576e+09	6.75381e+09	6.81078e+09	6.97596e+09	5.4305e+09	7.07074e+09	8.1143e+09	7.42549e+09	7.23303e+09	7.25229e+09	7.27197e+09	7.2292e+09	5.82351e+09	7.21005e+09	7.18946e+09	5.86285e+09	5.87638e+09	7.17719e+09	5.50464e+09	5.36753e+09	5.89393e+09	5.84813e+09	5.8802e+09	5.37129e+09	6.96454e+09	7.0539e+09	6.33969e+09	6.43253e+09	6.38044e+09	6.45879e+09	6.10157e+09	7.39375e+09	7.25424e+09	6.32884e+09	6.70811e+09	7.28678e+09	6.27057e+09	6.24458e+09	5.63454e+09	5.65844e+09	5.59237e+09	6.27259e+09
ERR636929	7.37424e+09	8.12773e+09	8.10092e+09	8.43624e+09	8.07011e+09	8.09644e+09	6.50575e+09	6.50498e+09	6.51182e+09	5.8113e+09	5.84636e+09	6.51195e+09	6.83698e+09	6.92566e+09	7.43146e+09	7.03181e+09	6.97739e+09	7.11742e+09	6.88701e+09	7.08509e+09	6.89327e+09	7.11499e+09	7.16917e+09	6.51941e+09	7.49929e+09	7.46018e+09	6.87367e+09	7.83854e+09	7.86233e+09	8.11812e+09	6.87287e+09	6.02985e+09	6.06079e+09	6.21428e+09	5.12817e+09	6.66561e+09	7.32583e+09	7.95883e+09	8.04376e+09	7.3046e+09	7.61889e+09	7.38676e+09	6.36722e+09	7.86151e+09	6.33603e+09	6.45042e+09	7.83513e+09	7.6582e+09	6.42655e+09	7.19929e+09	6.91943e+09	7.16032e+09	6.88266e+09	5.78644e+09	5.70694e+09	6.7679e+09	6.82564e+09	6.99117e+09	5.44126e+09	7.08622e+09	8.13538e+09	7.44366e+09	7.25047e+09	7.27046e+09	7.29016e+09	7.24747e+09	5.83432e+09	7.22371e+09	7.20338e+09	5.87333e+09	5.88738e+09	7.19096e+09	5.51786e+09	5.38057e+09	5.90886e+09	5.86236e+09	5.89503e+09	5.38459e+09	6.97779e+09	7.06725e+09	6.35139e+09	6.44457e+09	6.39207e+09	6.47054e+09	6.11495e+09	7.41101e+09	7.27142e+09	6.34259e+09	6.72312e+09	7.30338e+09	6.28547e+09	6.2596e+09	5.64746e+09	5.67142e+09	5.60545e+09	6.28742e+09
ERR613329	6.54258e+09	7.19016e+09	7.16696e+09	7.45763e+09	7.14042e+09	7.16251e+09	5.93302e+09	5.93138e+09	5.93548e+09	5.32985e+09	5.35937e+09	5.93836e+09	6.18288e+09	6.24989e+09	6.68854e+09	6.34479e+09	6.29257e+09	6.42054e+09	6.06005e+09	6.21955e+09	6.06251e+09	6.24441e+09	6.28933e+09	5.75288e+09	6.56874e+09	6.53586e+09	6.05576e+09	6.83871e+09	6.85846e+09	6.87287e+09	6.51725e+09	5.57617e+09	5.60189e+09	5.73082e+09	4.76341e+09	6.1279e+09	6.43127e+09	6.97239e+09	7.0444e+09	6.41088e+09	6.6812e+09	6.48209e+09	5.62089e+09	6.85746e+09	5.59526e+09	5.69107e+09	6.83539e+09	6.68668e+09	5.90863e+09	6.5677e+09	6.32839e+09	6.53073e+09	6.29976e+09	5.35285e+09	5.24362e+09	6.15908e+09	6.20127e+09	6.34615e+09	5.01126e+09	6.42622e+09	7.1661e+09	6.59398e+09	6.42772e+09	6.44389e+09	6.4624e+09	6.43019e+09	5.36694e+09	6.54915e+09	6.53108e+09	5.39869e+09	5.41158e+09	6.5234e+09	5.09962e+09	4.97888e+09	5.43907e+09	5.39963e+09	5.42783e+09	4.98347e+09	6.30068e+09	6.37637e+09	5.76644e+09	5.83733e+09	5.7911e+09	5.85999e+09	5.6117e+09	6.71755e+09	6.59917e+09	5.80766e+09	6.13702e+09	6.6262e+09	5.76759e+09	5.74588e+09	5.21103e+09	5.23325e+09	5.17616e+09	5.77029e+09
ERR613332	5.74593e+09	6.29496e+09	6.27767e+09	6.51979e+09	6.2555e+09	6.27356e+09	5.24825e+09	5.248e+09	5.25105e+09	4.73902e+09	4.7648e+09	5.25397e+09	5.45493e+09	5.49877e+09	5.87475e+09	5.58512e+09	5.53247e+09	5.64929e+09	5.34466e+09	5.47192e+09	5.34142e+09	5.49222e+09	5.53144e+09	5.08368e+09	5.78423e+09	5.75301e+09	5.35658e+09	6.00142e+09	6.01789e+09	6.02985e+09	5.57617e+09	5.15077e+09	4.9999e+09	5.09353e+09	4.2749e+09	5.42603e+09	5.65053e+09	6.10768e+09	6.1717e+09	5.63352e+09	5.86472e+09	5.69371e+09	4.98313e+09	6.01193e+09	4.96161e+09	5.04138e+09	5.99112e+09	5.86712e+09	5.23297e+09	5.7822e+09	5.58211e+09	5.75005e+09	5.55716e+09	4.76589e+09	4.68104e+09	5.45382e+09	5.48222e+09	5.60433e+09	4.48143e+09	5.67137e+09	6.28941e+09	5.81598e+09	5.67504e+09	5.68937e+09	5.70382e+09	5.68335e+09	4.77088e+09	5.75266e+09	5.73761e+09	4.79703e+09	4.80869e+09	5.73177e+09	4.57701e+09	4.47401e+09	4.86546e+09	4.83236e+09	4.85741e+09	4.47863e+09	5.5472e+09	5.61119e+09	5.09952e+09	5.15062e+09	5.11234e+09	5.17082e+09	5.00618e+09	5.92681e+09	5.82966e+09	5.16741e+09	5.44635e+09	5.84988e+09	5.12514e+09	5.10646e+09	4.64894e+09	4.66855e+09	4.6152e+09	5.12743e+09
ERR613333	5.77584e+09	6.32656e+09	6.30928e+09	6.55293e+09	6.28681e+09	6.30559e+09	5.27182e+09	5.27154e+09	5.27457e+09	4.75967e+09	4.7861e+09	5.27765e+09	5.48112e+09	5.52645e+09	5.90378e+09	5.61234e+09	5.56015e+09	5.67667e+09	5.37036e+09	5.5001e+09	5.36844e+09	5.51997e+09	5.5596e+09	5.1088e+09	5.81182e+09	5.78124e+09	5.38215e+09	6.03148e+09	6.0484e+09	6.06079e+09	5.60189e+09	4.9999e+09	5.194e+09	5.11632e+09	4.29263e+09	5.4508e+09	5.67977e+09	6.13991e+09	6.20331e+09	5.66309e+09	5.89506e+09	5.72348e+09	5.0073e+09	6.04323e+09	4.98488e+09	5.06583e+09	6.02299e+09	5.8981e+09	5.25554e+09	5.80891e+09	5.60663e+09	5.77611e+09	5.58243e+09	4.78572e+09	4.69872e+09	5.47638e+09	5.5055e+09	5.62916e+09	4.49829e+09	5.69597e+09	6.3207e+09	5.84382e+09	5.70263e+09	5.71645e+09	5.7317e+09	5.71011e+09	4.79076e+09	5.77895e+09	5.76435e+09	4.81709e+09	4.82901e+09	5.75845e+09	4.59305e+09	4.48929e+09	4.88332e+09	4.85017e+09	4.87514e+09	4.4936e+09	5.57235e+09	5.63675e+09	5.12203e+09	5.17446e+09	5.13602e+09	5.19508e+09	5.02452e+09	5.95216e+09	5.85415e+09	5.18733e+09	5.46787e+09	5.87488e+09	5.14457e+09	5.126e+09	4.66582e+09	4.6858e+09	4.63229e+09	5.14662e+09
