	ERR617271	ERR617274	ERR617275	ERR617276	ERR617272	ERR617273	ERR636911	ERR636912	ERR636910	ERR636907	ERR636908	ERR636909	ERR617527	ERR617525	ERR617524	ERR617523	ERR617526	ERR617528	ERR613933	ERR613931	ERR613932	ERR613928	ERR613930	ERR613929	ERR608197	ERR608201	ERR608199	ERR608198	ERR608200	ERR608202	ERR608374	ERR608375	ERR608373	ERR608376	ERR608372	ERR608371	ERR612555	ERR612554	ERR612553	ERR612557	ERR612558	ERR612556	ERR621996	ERR621991	ERR621992	ERR621994	ERR621995	ERR621993	ERR612891	ERR612895	ERR612893	ERR612892	ERR612894	ERR612896	ERR617477	ERR617475	ERR617480	ERR617479	ERR617476	ERR617478	ERR612297	ERR612293	ERR612296	ERR612294	ERR612298	ERR612295	ERR618729	ERR618733	ERR618731	ERR618734	ERR618730	ERR618732	ERR608432	ERR608431	ERR608430	ERR608427	ERR608429	ERR608428	ERR626545	ERR626540	ERR626544	ERR626543	ERR626542	ERR626541	ERR608841	ERR608846	ERR608845	ERR608844	ERR608843	ERR608842	ERR630311	ERR630308	ERR630310	ERR630313	ERR630312	ERR630309
ERR617271	0	0.279542	0.279397	0.280776	0.267613	0.266975	0.386762	0.387041	0.384993	0.380584	0.3797	0.382883	0.378663	0.368822	0.368808	0.361508	0.376244	0.368207	0.353887	0.354623	0.354426	0.352751	0.376962	0.354352	0.38813	0.363456	0.366439	0.363265	0.363427	0.363075	0.34388	0.34449	0.345295	0.343924	0.344836	0.344066	0.364429	0.376232	0.359306	0.3724	0.37529	0.374474	0.378621	0.386284	0.379631	0.379047	0.378897	0.379172	0.457645	0.447506	0.448884	0.447327	0.447356	0.448529	0.448603	0.446744	0.441456	0.444937	0.447296	0.444523	0.555494	0.637294	0.558875	0.633378	0.559712	0.633165	0.508402	0.50771	0.506878	0.509309	0.505546	0.507329	0.452399	0.450281	0.450835	0.44268	0.444628	0.43597	0.426601	0.4258	0.427071	0.426631	0.426462	0.427752	0.45913	0.427507	0.428129	0.427549	0.429658	0.428709	0.399555	0.401966	0.393211	0.402688	0.398922	0.395083
ERR617274	0.279542	0	0.255461	0.25531	0.270911	0.26997	0.393345	0.391625	0.391928	0.396318	0.385984	0.392753	0.356804	0.360204	0.360582	0.361367	0.356233	0.357326	0.350463	0.351268	0.350537	0.34013	0.394784	0.351161	0.420203	0.357452	0.352182	0.361602	0.355144	0.355464	0.34741	0.342795	0.33508	0.341252	0.328225	0.339586	0.37031	0.397316	0.354322	0.393672	0.397863	0.395703	0.377837	0.369952	0.372351	0.369961	0.37668	0.372256	0.440635	0.447547	0.440015	0.457248	0.444151	0.447098	0.456265	0.460994	0.448358	0.442307	0.455891	0.442955	0.537357	0.61744	0.539412	0.621475	0.538536	0.621625	0.499777	0.498921	0.500873	0.498385	0.501195	0.498797	0.430556	0.429667	0.430068	0.464108	0.428968	0.428462	0.426148	0.431727	0.426344	0.426167	0.429712	0.424848	0.492139	0.438527	0.438824	0.437887	0.432676	0.437956	0.391683	0.390614	0.396756	0.402016	0.390322	0.39571
ERR617275	0.279397	0.255461	0	0.25559	0.269895	0.269252	0.395269	0.393248	0.393797	0.397425	0.387568	0.39447	0.35667	0.359369	0.359781	0.361027	0.35581	0.357052	0.352379	0.353329	0.352578	0.342186	0.396983	0.353195	0.422007	0.359745	0.354279	0.363807	0.357283	0.357815	0.348921	0.344541	0.337153	0.342687	0.330225	0.341462	0.37265	0.398939	0.356672	0.395321	0.39932	0.397301	0.379399	0.371749	0.373967	0.371687	0.378197	0.37364	0.44136	0.446963	0.440428	0.456764	0.443879	0.446439	0.455475	0.460206	0.447542	0.441668	0.454689	0.442385	0.535869	0.615579	0.537935	0.619267	0.537202	0.619429	0.499126	0.498117	0.500208	0.497616	0.500286	0.498151	0.430745	0.429545	0.429884	0.46328	0.428493	0.427793	0.427658	0.433216	0.42794	0.427564	0.431275	0.42635	0.492445	0.43905	0.439545	0.438686	0.433529	0.438762	0.39396	0.392777	0.399082	0.404557	0.392619	0.397927
ERR617276	0.280776	0.25531	0.25559	0	0.271241	0.27046	0.39383	0.391787	0.392504	0.396592	0.386206	0.393249	0.355913	0.359413	0.35994	0.36128	0.355157	0.356757	0.350737	0.351819	0.351169	0.340399	0.395996	0.351755	0.421795	0.358057	0.352123	0.362152	0.355539	0.356115	0.348054	0.343308	0.335551	0.341718	0.328366	0.340208	0.371328	0.398384	0.35519	0.394846	0.399002	0.396955	0.378737	0.370313	0.373007	0.370737	0.377291	0.37276	0.440777	0.447927	0.440308	0.457851	0.444489	0.447067	0.457129	0.461906	0.448989	0.442723	0.456502	0.443297	0.536499	0.616249	0.538434	0.620383	0.537449	0.620732	0.50002	0.499005	0.501318	0.498367	0.501402	0.498934	0.430166	0.429353	0.429697	0.465556	0.428751	0.42874	0.427161	0.432765	0.427265	0.426886	0.430698	0.425578	0.493799	0.439444	0.43962	0.438854	0.433301	0.438786	0.392627	0.391265	0.398143	0.403431	0.391156	0.396881
ERR617272	0.267613	0.270911	0.269895	0.271241	0	0.262297	0.396515	0.396377	0.394634	0.389918	0.386751	0.39279	0.368794	0.359918	0.35965	0.357858	0.366529	0.361378	0.360174	0.360714	0.36048	0.357062	0.391949	0.361392	0.407775	0.371757	0.370972	0.372538	0.370211	0.370773	0.349377	0.347075	0.350569	0.34641	0.345907	0.349521	0.375575	0.388734	0.365499	0.384078	0.386302	0.385798	0.383203	0.38794	0.383751	0.38158	0.383086	0.383231	0.454214	0.444747	0.44775	0.447871	0.444069	0.445173	0.446547	0.448522	0.441401	0.440976	0.44523	0.440896	0.539717	0.615832	0.542749	0.613695	0.543728	0.613472	0.50434	0.503057	0.502949	0.503625	0.502777	0.502487	0.446241	0.443641	0.443983	0.446444	0.437089	0.430646	0.433001	0.434086	0.433594	0.433079	0.43462	0.433684	0.472633	0.434035	0.434827	0.434091	0.433988	0.435467	0.409181	0.410081	0.405719	0.415839	0.408011	0.407566
ERR617273	0.266975	0.26997	0.269252	0.27046	0.262297	0	0.39598	0.395689	0.394027	0.390226	0.386405	0.39225	0.368169	0.359706	0.360009	0.357675	0.366425	0.360907	0.359606	0.360262	0.359813	0.355908	0.391702	0.360598	0.407897	0.370045	0.36966	0.371483	0.368978	0.369213	0.349257	0.347259	0.349082	0.346286	0.345133	0.348618	0.374684	0.389177	0.364732	0.384713	0.38688	0.386297	0.382834	0.386437	0.382662	0.380809	0.382723	0.382363	0.453412	0.444818	0.446965	0.44812	0.443824	0.445382	0.446184	0.448167	0.440969	0.440695	0.445549	0.440614	0.540155	0.61713	0.54311	0.61506	0.543853	0.614906	0.503097	0.501856	0.501991	0.502527	0.501376	0.501542	0.445072	0.442591	0.443068	0.446695	0.436594	0.430116	0.43216	0.433371	0.432827	0.432312	0.433815	0.43279	0.473126	0.433825	0.434264	0.433757	0.433523	0.435127	0.407268	0.408128	0.404317	0.413881	0.406221	0.405505
ERR636911	0.386762	0.393345	0.395269	0.39383	0.396515	0.39598	0	0.242283	0.242727	0.255317	0.248547	0.246414	0.398289	0.399867	0.399933	0.389151	0.397242	0.389976	0.313124	0.313747	0.313777	0.322865	0.316651	0.312787	0.338036	0.314764	0.323872	0.310211	0.31525	0.315959	0.340814	0.343662	0.345824	0.344295	0.35063	0.340722	0.332821	0.345236	0.336127	0.346768	0.351079	0.35018	0.354642	0.366776	0.356143	0.357079	0.355118	0.355852	0.504774	0.519982	0.501156	0.522492	0.517822	0.520328	0.565787	0.562951	0.551586	0.551432	0.564955	0.552307	0.647472	0.742555	0.649719	0.745443	0.647498	0.745415	0.6183	0.619324	0.620172	0.619867	0.618352	0.619282	0.528958	0.531131	0.531931	0.557427	0.536481	0.534674	0.439775	0.440467	0.439342	0.439737	0.43855	0.439843	0.513759	0.468847	0.469738	0.469577	0.464627	0.466374	0.398745	0.403697	0.384358	0.395609	0.398387	0.388196
ERR636912	0.387041	0.391625	0.393248	0.391787	0.396377	0.395689	0.242283	0	0.242395	0.257387	0.24895	0.24671	0.395528	0.398348	0.398475	0.387961	0.394264	0.387865	0.311145	0.311961	0.311697	0.319579	0.317902	0.310819	0.341149	0.311472	0.319894	0.307751	0.312176	0.312433	0.340523	0.342859	0.343305	0.343241	0.347973	0.33902	0.332229	0.347484	0.334447	0.349207	0.353898	0.352443	0.353686	0.363444	0.353933	0.355159	0.353963	0.353991	0.503472	0.520571	0.500621	0.523769	0.518124	0.520685	0.566398	0.563877	0.552126	0.551436	0.56569	0.552281	0.646664	0.741782	0.648808	0.745259	0.646405	0.745237	0.617276	0.618262	0.619397	0.618662	0.617659	0.618319	0.527599	0.529762	0.530692	0.559372	0.535685	0.534596	0.439488	0.441016	0.438948	0.439388	0.438634	0.439187	0.516813	0.470382	0.47098	0.470891	0.465141	0.467447	0.396028	0.40076	0.382944	0.393785	0.395808	0.38654
ERR636910	0.384993	0.391928	0.393797	0.392504	0.394634	0.394027	0.242727	0.242395	0	0.254094	0.247878	0.246028	0.397329	0.398262	0.39827	0.387464	0.396023	0.388653	0.313793	0.314594	0.314473	0.323637	0.317074	0.313803	0.33809	0.315618	0.325147	0.311435	0.316377	0.316904	0.340875	0.343567	0.346617	0.344223	0.351296	0.341277	0.333232	0.344962	0.336908	0.346259	0.35056	0.349399	0.354494	0.366984	0.356351	0.357325	0.355059	0.355948	0.504777	0.519267	0.501032	0.521714	0.517117	0.519535	0.56452	0.561547	0.550647	0.550425	0.563745	0.551344	0.645784	0.740456	0.64814	0.74327	0.645884	0.743246	0.617326	0.618289	0.619147	0.618886	0.617316	0.618303	0.528532	0.530581	0.531505	0.556357	0.53576	0.533782	0.44019	0.440533	0.439751	0.440037	0.43881	0.440384	0.512864	0.46866	0.469515	0.469346	0.464465	0.466125	0.39973	0.40459	0.385001	0.39672	0.399322	0.388953
ERR636907	0.380584	0.396318	0.397425	0.396592	0.389918	0.390226	0.255317	0.257387	0.254094	0	0.251515	0.250888	0.40376	0.397316	0.396903	0.385795	0.401602	0.391479	0.328037	0.328344	0.328589	0.341991	0.322335	0.328642	0.333813	0.334798	0.346276	0.328249	0.335782	0.33648	0.346561	0.349945	0.362958	0.350973	0.366735	0.353794	0.344633	0.342716	0.350913	0.342149	0.344348	0.344957	0.361688	0.382757	0.368505	0.368859	0.363175	0.367665	0.510783	0.514057	0.503485	0.513454	0.513253	0.514799	0.556803	0.553586	0.545566	0.547388	0.555855	0.548089	0.638105	0.729546	0.64072	0.729529	0.639733	0.729187	0.618272	0.618604	0.618965	0.619764	0.617084	0.61851	0.53424	0.535054	0.535802	0.545093	0.53633	0.531718	0.446675	0.443617	0.446774	0.446799	0.44467	0.448387	0.501456	0.465804	0.466435	0.46625	0.465338	0.464535	0.417684	0.423158	0.397336	0.41378	0.417324	0.40384
ERR636908	0.3797	0.385984	0.387568	0.386206	0.386751	0.386405	0.248547	0.24895	0.247878	0.251515	0	0.247418	0.390859	0.388975	0.389561	0.380514	0.389224	0.382533	0.316251	0.316735	0.31661	0.326472	0.32269	0.316763	0.346056	0.32189	0.330148	0.318235	0.32224	0.323124	0.341013	0.342632	0.350639	0.343184	0.352523	0.344009	0.338057	0.345381	0.339593	0.3456	0.348967	0.348604	0.353537	0.36724	0.356531	0.356784	0.354391	0.35655	0.501455	0.51214	0.497307	0.514874	0.510296	0.51254	0.557108	0.555528	0.545288	0.544373	0.556527	0.545099	0.631175	0.723401	0.633306	0.725831	0.631663	0.726028	0.611728	0.612473	0.61349	0.612908	0.611862	0.612248	0.523926	0.52537	0.526296	0.550696	0.528659	0.526847	0.440798	0.440979	0.440868	0.44075	0.440315	0.441041	0.512249	0.466809	0.467286	0.467273	0.462824	0.464784	0.40614	0.410258	0.390515	0.405033	0.405643	0.39557
ERR636909	0.382883	0.392753	0.39447	0.393249	0.39279	0.39225	0.246414	0.24671	0.246028	0.250888	0.247418	0	0.39931	0.397699	0.398005	0.386988	0.3978	0.389653	0.317729	0.318348	0.318218	0.328888	0.317839	0.31776	0.3373	0.321083	0.331507	0.316454	0.322397	0.322526	0.341657	0.344935	0.351104	0.345421	0.355645	0.3445	0.335954	0.34349	0.340733	0.344228	0.347837	0.347218	0.355728	0.370625	0.358658	0.359959	0.356461	0.358581	0.50562	0.516757	0.500725	0.518407	0.515033	0.517175	0.56135	0.558446	0.54842	0.548982	0.560758	0.549743	0.641849	0.735708	0.644175	0.737771	0.642264	0.737689	0.616689	0.617666	0.618305	0.618497	0.616319	0.617609	0.529061	0.530663	0.53155	0.552434	0.534792	0.532179	0.440974	0.440239	0.440756	0.440842	0.439416	0.441778	0.509423	0.466929	0.467621	0.46759	0.463991	0.464835	0.404673	0.409681	0.388108	0.401435	0.404386	0.392704
ERR617527	0.378663	0.356804	0.35667	0.355913	0.368794	0.368169	0.398289	0.395528	0.397329	0.40376	0.390859	0.39931	0	0.280624	0.280385	0.28683	0.268764	0.274724	0.415248	0.417176	0.416063	0.400946	0.463935	0.415867	0.463851	0.394774	0.385174	0.400657	0.390776	0.391951	0.434364	0.429776	0.416771	0.42774	0.409634	0.424337	0.432527	0.460698	0.414787	0.457549	0.461071	0.460125	0.431425	0.415158	0.422973	0.420408	0.430006	0.422597	0.51667	0.531502	0.520986	0.543465	0.527544	0.530372	0.533887	0.539868	0.525913	0.51714	0.533659	0.517846	0.586703	0.658238	0.587776	0.666849	0.585159	0.667311	0.546074	0.545438	0.549088	0.543846	0.550072	0.545662	0.499292	0.499469	0.499635	0.546267	0.502016	0.505931	0.522107	0.530443	0.521934	0.522053	0.52668	0.519273	0.58649	0.536684	0.536913	0.536285	0.529021	0.535925	0.473253	0.469743	0.487537	0.485693	0.471613	0.483293
ERR617525	0.368822	0.360204	0.359369	0.359413	0.359918	0.359706	0.399867	0.398348	0.398262	0.397316	0.388975	0.397699	0.280624	0	0.274352	0.27799	0.278758	0.276785	0.420439	0.421963	0.421342	0.411041	0.461956	0.421551	0.456754	0.404537	0.39868	0.408442	0.40123	0.402222	0.43423	0.430853	0.425119	0.429558	0.41896	0.429301	0.435573	0.454958	0.421514	0.450854	0.453015	0.453267	0.433298	0.42513	0.42877	0.426236	0.432512	0.428359	0.521999	0.525461	0.522329	0.533785	0.523126	0.525003	0.521959	0.527103	0.51659	0.511348	0.521721	0.511904	0.580652	0.649283	0.5826	0.653354	0.581543	0.653451	0.544286	0.542974	0.545513	0.542201	0.545941	0.542936	0.505507	0.504319	0.504568	0.53078	0.50249	0.502407	0.523931	0.529799	0.524174	0.523997	0.527561	0.522373	0.573465	0.531604	0.531875	0.531425	0.527302	0.531974	0.483364	0.481179	0.492304	0.494125	0.481965	0.489694
ERR617524	0.368808	0.360582	0.359781	0.35994	0.35965	0.360009	0.399933	0.398475	0.39827	0.396903	0.389561	0.398005	0.280385	0.274352	0	0.278121	0.27857	0.276454	0.420993	0.422719	0.421934	0.411847	0.462101	0.422315	0.455245	0.404753	0.398834	0.408056	0.401338	0.402487	0.435141	0.431596	0.426207	0.430066	0.420327	0.430073	0.436056	0.454965	0.422143	0.450895	0.453054	0.453302	0.433875	0.426694	0.429963	0.427149	0.433403	0.429203	0.523146	0.526333	0.523357	0.534294	0.52401	0.525861	0.522756	0.527615	0.517202	0.512091	0.522107	0.512435	0.58284	0.651486	0.584637	0.655553	0.583648	0.655481	0.545168	0.543783	0.546154	0.543088	0.546716	0.543849	0.506824	0.505666	0.505839	0.530429	0.503506	0.502996	0.524932	0.530513	0.525088	0.524984	0.528563	0.523428	0.572803	0.53206	0.532462	0.531742	0.527836	0.532429	0.484394	0.482191	0.493037	0.494951	0.482996	0.490593
ERR617523	0.361508	0.361367	0.361027	0.36128	0.357858	0.357675	0.389151	0.387961	0.387464	0.385795	0.380514	0.386988	0.28683	0.27799	0.278121	0	0.285	0.278742	0.413921	0.415605	0.414832	0.406242	0.449368	0.414579	0.438741	0.396099	0.392976	0.398569	0.393598	0.394286	0.427552	0.425793	0.419545	0.424706	0.416076	0.422994	0.425825	0.44335	0.41488	0.439874	0.442179	0.44258	0.427539	0.422888	0.424268	0.422462	0.427339	0.423641	0.523087	0.525173	0.521519	0.530782	0.523317	0.525031	0.52112	0.523502	0.514239	0.511737	0.520437	0.511838	0.591809	0.664599	0.594071	0.666949	0.593137	0.666853	0.545722	0.544873	0.546431	0.54486	0.546374	0.544867	0.508305	0.507317	0.507741	0.525241	0.505738	0.503561	0.518329	0.522739	0.518273	0.518271	0.520836	0.517249	0.562034	0.525172	0.525724	0.525123	0.522549	0.525448	0.476015	0.474869	0.482811	0.484357	0.474882	0.480644
ERR617526	0.376244	0.356233	0.35581	0.355157	0.366529	0.366425	0.397242	0.394264	0.396023	0.401602	0.389224	0.3978	0.268764	0.278758	0.27857	0.285	0	0.273395	0.415091	0.416885	0.415713	0.401348	0.462601	0.415556	0.461998	0.39504	0.385835	0.400534	0.391123	0.392138	0.433265	0.428775	0.416827	0.426847	0.409989	0.423971	0.431919	0.45897	0.414758	0.455725	0.459071	0.458301	0.431126	0.415655	0.423046	0.420504	0.429653	0.422649	0.51701	0.530346	0.520716	0.5419	0.526735	0.529439	0.532257	0.537921	0.524208	0.516087	0.532007	0.516845	0.586076	0.657455	0.587209	0.665582	0.584761	0.665916	0.545762	0.545062	0.548505	0.543552	0.549382	0.545264	0.499576	0.499707	0.499814	0.543928	0.501702	0.505109	0.521622	0.529782	0.521493	0.521688	0.526219	0.518929	0.584186	0.535257	0.535543	0.534805	0.528084	0.534545	0.473736	0.470355	0.487255	0.485964	0.472064	0.483205
ERR617528	0.368207	0.357326	0.357052	0.356757	0.361378	0.360907	0.389976	0.387865	0.388653	0.391479	0.382533	0.389653	0.274724	0.276785	0.276454	0.278742	0.273395	0	0.412619	0.414367	0.413557	0.401489	0.454374	0.41304	0.447792	0.392181	0.386175	0.396319	0.389039	0.389874	0.429234	0.426421	0.416158	0.424832	0.411437	0.421908	0.426385	0.449881	0.412554	0.446368	0.449541	0.449274	0.428184	0.417727	0.422118	0.42	0.42726	0.421434	0.520042	0.528807	0.521124	0.537576	0.525727	0.528084	0.527373	0.531382	0.51916	0.514057	0.526849	0.514492	0.591089	0.664063	0.592774	0.669295	0.590848	0.6694	0.545246	0.544478	0.546985	0.54368	0.547475	0.544556	0.503185	0.502696	0.503192	0.534942	0.503588	0.504215	0.519178	0.525586	0.51914	0.51918	0.522478	0.51727	0.57324	0.530067	0.530489	0.529782	0.524921	0.529798	0.47259	0.470427	0.483373	0.482885	0.471276	0.480111
ERR613933	0.353887	0.350463	0.352379	0.350737	0.360174	0.359606	0.313124	0.311145	0.313793	0.328037	0.316251	0.317729	0.415248	0.420439	0.420993	0.413921	0.415091	0.412619	0	0.23061	0.230746	0.238955	0.257696	0.232318	0.335071	0.280873	0.286346	0.279558	0.281015	0.281381	0.286044	0.285671	0.285103	0.285709	0.286587	0.280764	0.282678	0.309346	0.278625	0.311214	0.317344	0.314142	0.325461	0.332326	0.324139	0.324537	0.324949	0.324222	0.457564	0.475729	0.455432	0.480315	0.472999	0.475989	0.529777	0.528885	0.51687	0.514364	0.529073	0.515429	0.607535	0.703557	0.609731	0.706772	0.607838	0.706868	0.593137	0.593967	0.594886	0.594041	0.593495	0.593789	0.490334	0.4925	0.493379	0.525791	0.497165	0.496415	0.386982	0.390812	0.386231	0.386977	0.387587	0.38599	0.477968	0.42288	0.423473	0.423006	0.415344	0.419706	0.348692	0.353184	0.334126	0.348843	0.347878	0.338106
ERR613931	0.354623	0.351268	0.353329	0.351819	0.360714	0.360262	0.313747	0.311961	0.314594	0.328344	0.316735	0.318348	0.417176	0.421963	0.422719	0.415605	0.416885	0.414367	0.23061	0	0.230677	0.23954	0.256697	0.232392	0.335405	0.282078	0.287899	0.280979	0.282364	0.283071	0.285559	0.285134	0.285525	0.285301	0.286903	0.280711	0.282691	0.30847	0.278877	0.309967	0.316143	0.312889	0.325749	0.333257	0.324796	0.325325	0.325224	0.325036	0.457968	0.475563	0.455595	0.479966	0.472803	0.475798	0.529881	0.529029	0.517252	0.514703	0.529309	0.515849	0.60748	0.703001	0.609623	0.706139	0.607765	0.706319	0.594024	0.594866	0.595746	0.595046	0.594413	0.594743	0.490928	0.493065	0.494039	0.525929	0.49752	0.496658	0.386561	0.39038	0.385952	0.38657	0.387181	0.385716	0.477342	0.422246	0.422858	0.422526	0.414823	0.419283	0.349568	0.353988	0.334057	0.349327	0.348595	0.338311
ERR613932	0.354426	0.350537	0.352578	0.351169	0.36048	0.359813	0.313777	0.311697	0.314473	0.328589	0.31661	0.318218	0.416063	0.421342	0.421934	0.414832	0.415713	0.413557	0.230746	0.230677	0	0.239312	0.257681	0.232345	0.335799	0.281587	0.286986	0.280263	0.281717	0.282331	0.286111	0.285722	0.285483	0.28558	0.286805	0.281087	0.283038	0.309495	0.278931	0.311176	0.317403	0.314283	0.326207	0.33313	0.324899	0.325623	0.325736	0.3252	0.457819	0.475769	0.45558	0.480382	0.473021	0.475988	0.529666	0.528855	0.516979	0.514342	0.528972	0.515484	0.607532	0.703247	0.609675	0.706386	0.607778	0.706534	0.593368	0.594169	0.595149	0.594323	0.593752	0.594049	0.490363	0.492502	0.493432	0.525906	0.497136	0.496297	0.386658	0.390496	0.386069	0.386761	0.387367	0.385724	0.477865	0.422551	0.423068	0.422695	0.415047	0.419572	0.349137	0.3537	0.334185	0.349256	0.348173	0.338422
ERR613928	0.352751	0.34013	0.342186	0.340399	0.357062	0.355908	0.322865	0.319579	0.323637	0.341991	0.326472	0.328888	0.400946	0.411041	0.411847	0.406242	0.401348	0.401489	0.238955	0.23954	0.239312	0	0.280693	0.237292	0.355429	0.279976	0.28034	0.283013	0.280012	0.279848	0.300786	0.298901	0.285585	0.298152	0.285878	0.28828	0.291466	0.32938	0.281421	0.331566	0.338392	0.334821	0.33084	0.326021	0.324268	0.324867	0.329517	0.32493	0.452318	0.477194	0.453114	0.484693	0.473338	0.476783	0.525733	0.526138	0.511888	0.507366	0.525536	0.508521	0.599	0.695011	0.60062	0.700595	0.597915	0.700958	0.576438	0.577443	0.579062	0.577021	0.578047	0.577425	0.478106	0.480818	0.481636	0.52661	0.487461	0.489037	0.393072	0.400451	0.392184	0.393063	0.395268	0.390473	0.492594	0.431945	0.432449	0.432126	0.421935	0.428399	0.342389	0.344264	0.338286	0.346096	0.341344	0.338386
ERR613930	0.376962	0.394784	0.396983	0.395996	0.391949	0.391702	0.316651	0.317902	0.317074	0.322335	0.32269	0.317839	0.463935	0.461956	0.462101	0.449368	0.462601	0.454374	0.257696	0.256697	0.257681	0.280693	0	0.257565	0.301998	0.307027	0.323841	0.298316	0.309932	0.310017	0.290985	0.296466	0.312611	0.298295	0.32019	0.298559	0.287546	0.287405	0.301352	0.289887	0.294752	0.293002	0.339709	0.367192	0.347661	0.349946	0.341405	0.347536	0.486129	0.492628	0.477617	0.488436	0.491911	0.493921	0.551554	0.545431	0.538746	0.542665	0.550301	0.543362	0.645743	0.743705	0.648808	0.742291	0.647847	0.741992	0.63237	0.633297	0.632496	0.634935	0.629954	0.633046	0.527676	0.52938	0.53042	0.534287	0.532029	0.526177	0.394282	0.389143	0.393964	0.394325	0.390093	0.396783	0.45527	0.420702	0.421739	0.421617	0.420787	0.418571	0.373886	0.382918	0.340784	0.362952	0.374068	0.350385
ERR613929	0.354352	0.351161	0.353195	0.351755	0.361392	0.360598	0.312787	0.310819	0.313803	0.328642	0.316763	0.31776	0.415867	0.421551	0.422315	0.414579	0.415556	0.41304	0.232318	0.232392	0.232345	0.237292	0.257565	0	0.334345	0.279286	0.284784	0.278216	0.279997	0.280004	0.287971	0.288041	0.284337	0.287934	0.286897	0.281362	0.28178	0.310402	0.278153	0.312601	0.318985	0.315921	0.326721	0.332703	0.324772	0.325908	0.326438	0.325138	0.459023	0.478308	0.456831	0.482689	0.475544	0.478483	0.530761	0.529557	0.517277	0.515223	0.530181	0.516204	0.611482	0.707628	0.613681	0.710769	0.611644	0.710961	0.592017	0.593035	0.593797	0.593161	0.592331	0.592915	0.490618	0.492969	0.49385	0.526655	0.498054	0.497303	0.388012	0.391877	0.387184	0.387902	0.388256	0.386593	0.479218	0.424406	0.425077	0.42477	0.416927	0.421231	0.34661	0.350891	0.332885	0.346073	0.345702	0.336163
ERR608197	0.38813	0.420203	0.422007	0.421795	0.407775	0.407897	0.338036	0.341149	0.33809	0.333813	0.346056	0.3373	0.463851	0.456754	0.455245	0.438741	0.461998	0.447792	0.335071	0.335405	0.335799	0.355429	0.301998	0.334345	0	0.318188	0.336296	0.304519	0.321116	0.32133	0.343836	0.351945	0.365028	0.353553	0.376002	0.352409	0.339295	0.32781	0.356084	0.329757	0.332489	0.332838	0.385058	0.415464	0.39531	0.397179	0.387602	0.393006	0.526098	0.524578	0.514655	0.51503	0.525197	0.526583	0.563143	0.553527	0.549761	0.558051	0.561275	0.558521	0.681297	0.775013	0.684978	0.770746	0.684509	0.770126	0.641208	0.641891	0.639748	0.643717	0.637439	0.641421	0.556865	0.557508	0.558263	0.536765	0.558195	0.54826	0.444444	0.435754	0.444249	0.444367	0.437791	0.447348	0.462311	0.454039	0.455315	0.455294	0.46047	0.452678	0.419402	0.429148	0.389938	0.406666	0.419986	0.398549
ERR608201	0.363456	0.357452	0.359745	0.358057	0.371757	0.370045	0.314764	0.311472	0.315618	0.334798	0.32189	0.321083	0.394774	0.404537	0.404753	0.396099	0.39504	0.392181	0.280873	0.282078	0.281587	0.279976	0.307027	0.279286	0.318188	0	0.246023	0.244535	0.24259	0.241514	0.317917	0.318761	0.304141	0.317931	0.308836	0.306247	0.307478	0.341425	0.302759	0.343646	0.350606	0.347427	0.345431	0.343346	0.339449	0.341025	0.344396	0.339579	0.473733	0.498599	0.473556	0.504647	0.494926	0.498414	0.542491	0.541273	0.527141	0.5243	0.542153	0.525565	0.628423	0.725621	0.630083	0.730419	0.627343	0.730537	0.589136	0.590594	0.591981	0.590478	0.5906	0.59071	0.496123	0.499036	0.499808	0.54011	0.50714	0.50771	0.415	0.420475	0.413796	0.414785	0.415345	0.412573	0.504876	0.450557	0.451087	0.451032	0.442515	0.446946	0.360551	0.363405	0.356263	0.361442	0.359907	0.356068
ERR608199	0.366439	0.352182	0.354279	0.352123	0.370972	0.36966	0.323872	0.319894	0.325147	0.346276	0.330148	0.331507	0.385174	0.39868	0.398834	0.392976	0.385835	0.386175	0.286346	0.287899	0.286986	0.28034	0.323841	0.284784	0.336296	0.246023	0	0.249258	0.24496	0.244923	0.326102	0.324787	0.305853	0.323457	0.307849	0.310957	0.316861	0.355916	0.306774	0.358084	0.36517	0.361784	0.350651	0.341996	0.342036	0.34306	0.349	0.342452	0.470848	0.500036	0.473371	0.508321	0.495623	0.499514	0.542294	0.542646	0.527088	0.52158	0.541931	0.523156	0.622723	0.718181	0.624008	0.724914	0.620872	0.725194	0.582497	0.583714	0.58589	0.582974	0.585066	0.583842	0.490417	0.493493	0.494248	0.5438	0.502116	0.504934	0.420588	0.428475	0.419301	0.420369	0.422422	0.417208	0.51659	0.45807	0.458389	0.458177	0.447416	0.454024	0.36118	0.362365	0.363052	0.365206	0.360059	0.361298
ERR608198	0.363265	0.361602	0.363807	0.362152	0.372538	0.371483	0.310211	0.307751	0.311435	0.328249	0.318235	0.316454	0.400657	0.408442	0.408056	0.398569	0.400534	0.396319	0.279558	0.280979	0.280263	0.283013	0.298316	0.278216	0.304519	0.244535	0.249258	0	0.245014	0.245093	0.312557	0.314182	0.30438	0.313819	0.309647	0.303498	0.304073	0.333334	0.302114	0.335624	0.342519	0.339624	0.345352	0.348738	0.341827	0.343295	0.344704	0.341272	0.476971	0.499595	0.475623	0.503742	0.496168	0.499438	0.544749	0.542539	0.529464	0.52751	0.543956	0.528891	0.635682	0.732916	0.63759	0.736836	0.635137	0.736815	0.596696	0.597681	0.598731	0.59775	0.597364	0.597746	0.502454	0.50503	0.505789	0.538956	0.512064	0.511556	0.414219	0.417905	0.41295	0.413827	0.413677	0.412521	0.497882	0.447518	0.44813	0.447889	0.440432	0.443721	0.363356	0.367541	0.354862	0.362192	0.362689	0.356119
ERR608200	0.363427	0.355144	0.357283	0.355539	0.370211	0.368978	0.31525	0.312176	0.316377	0.335782	0.32224	0.322397	0.390776	0.40123	0.401338	0.393598	0.391123	0.389039	0.281015	0.282364	0.281717	0.280012	0.309932	0.279997	0.321116	0.24259	0.24496	0.245014	0	0.242412	0.317567	0.317313	0.303447	0.316572	0.306982	0.30556	0.309197	0.343075	0.302597	0.34527	0.352144	0.349064	0.346356	0.344051	0.340608	0.341504	0.3453	0.340625	0.472935	0.498578	0.473667	0.505067	0.49486	0.498471	0.542672	0.542025	0.527684	0.523703	0.542151	0.525088	0.627628	0.723967	0.629203	0.729372	0.626374	0.729491	0.589514	0.590666	0.592252	0.590303	0.591169	0.590718	0.495466	0.498246	0.498956	0.541056	0.506058	0.507164	0.416504	0.422729	0.415364	0.416238	0.417442	0.414064	0.507436	0.452109	0.452543	0.452324	0.443092	0.448227	0.362148	0.365132	0.358862	0.363787	0.361348	0.358702
ERR608202	0.363075	0.355464	0.357815	0.356115	0.370773	0.369213	0.315959	0.312433	0.316904	0.33648	0.323124	0.322526	0.391951	0.402222	0.402487	0.394286	0.392138	0.389874	0.281381	0.283071	0.282331	0.279848	0.310017	0.280004	0.32133	0.241514	0.244923	0.245093	0.242412	0	0.318914	0.319722	0.304125	0.318727	0.3082	0.306883	0.308663	0.343799	0.303044	0.345776	0.35282	0.349657	0.345615	0.342316	0.339212	0.340669	0.344501	0.339408	0.472791	0.49839	0.473028	0.504895	0.494524	0.498015	0.541553	0.540725	0.526238	0.52303	0.541247	0.524316	0.626087	0.723181	0.627659	0.728393	0.624882	0.728517	0.587187	0.588646	0.590127	0.588411	0.588909	0.588672	0.494344	0.497249	0.498016	0.540008	0.505702	0.506518	0.415902	0.42172	0.41456	0.415607	0.416486	0.413187	0.506883	0.451579	0.452225	0.45186	0.443147	0.448021	0.360521	0.363075	0.357405	0.362136	0.359811	0.356975
ERR608374	0.34388	0.34741	0.348921	0.348054	0.349377	0.349257	0.340814	0.340523	0.340875	0.346561	0.341013	0.341657	0.434364	0.43423	0.435141	0.427552	0.433265	0.429234	0.286044	0.285559	0.286111	0.300786	0.290985	0.287971	0.343836	0.317917	0.326102	0.312557	0.317567	0.318914	0	0.234332	0.253202	0.234542	0.253744	0.239914	0.311616	0.320069	0.31209	0.320282	0.324566	0.322105	0.338346	0.356647	0.342631	0.342233	0.338748	0.342345	0.444676	0.450925	0.43818	0.452728	0.449136	0.451662	0.508154	0.506809	0.497954	0.497018	0.507112	0.498276	0.604564	0.694456	0.607301	0.694336	0.606862	0.694342	0.592863	0.592876	0.59292	0.593302	0.591305	0.592534	0.482248	0.483048	0.483817	0.500519	0.484082	0.480212	0.375002	0.373625	0.374954	0.374902	0.373683	0.376621	0.445499	0.39558	0.396338	0.395583	0.391765	0.393584	0.367033	0.373612	0.3418	0.364127	0.366636	0.350252
ERR608375	0.34449	0.342795	0.344541	0.343308	0.347075	0.347259	0.343662	0.342859	0.343567	0.349945	0.342632	0.344935	0.429776	0.430853	0.431596	0.425793	0.428775	0.426421	0.285671	0.285134	0.285722	0.298901	0.296466	0.288041	0.351945	0.318761	0.324787	0.314182	0.317313	0.319722	0.234332	0	0.251093	0.232214	0.249051	0.238869	0.314121	0.325016	0.311602	0.324663	0.329038	0.32641	0.337947	0.354107	0.341607	0.340639	0.338213	0.341312	0.440333	0.448649	0.435702	0.45195	0.446687	0.449212	0.506112	0.506127	0.496374	0.493681	0.505185	0.494912	0.599019	0.687974	0.601654	0.688788	0.601242	0.689088	0.589518	0.58947	0.589987	0.58967	0.588575	0.589073	0.477907	0.478848	0.479452	0.501193	0.47933	0.47672	0.374612	0.374537	0.374519	0.37448	0.374191	0.375578	0.449877	0.396701	0.397468	0.396446	0.3912	0.394426	0.366656	0.372649	0.343348	0.36536	0.365989	0.351562
ERR608373	0.345295	0.33508	0.337153	0.335551	0.350569	0.349082	0.345824	0.343305	0.346617	0.362958	0.350639	0.351104	0.416771	0.425119	0.426207	0.419545	0.416827	0.416158	0.285103	0.285525	0.285483	0.285585	0.312611	0.284337	0.365028	0.304141	0.305853	0.30438	0.303447	0.304125	0.253202	0.251093	0	0.24988	0.23565	0.236438	0.314187	0.345686	0.307277	0.347532	0.353988	0.350423	0.341374	0.34089	0.33592	0.337001	0.340114	0.33655	0.434447	0.456682	0.433607	0.463011	0.452915	0.456521	0.506557	0.506343	0.492895	0.488916	0.50605	0.490396	0.60377	0.697138	0.605923	0.700964	0.603853	0.701336	0.570317	0.571103	0.571959	0.570974	0.57052	0.571051	0.464454	0.466498	0.467219	0.504902	0.47199	0.471903	0.377492	0.383007	0.37672	0.377377	0.378309	0.375581	0.468021	0.408892	0.409619	0.409109	0.399941	0.405189	0.343094	0.347205	0.335331	0.343926	0.34271	0.336406
ERR608376	0.343924	0.341252	0.342687	0.341718	0.34641	0.346286	0.344295	0.343241	0.344223	0.350973	0.343184	0.345421	0.42774	0.429558	0.430066	0.424706	0.426847	0.424832	0.285709	0.285301	0.28558	0.298152	0.298295	0.287934	0.353553	0.317931	0.323457	0.313819	0.316572	0.318727	0.234542	0.232214	0.24988	0	0.247636	0.23836	0.314498	0.326248	0.311309	0.32621	0.330612	0.327872	0.337886	0.35299	0.341071	0.340072	0.338076	0.340743	0.439317	0.448325	0.434953	0.452007	0.4462	0.448759	0.505517	0.505581	0.495749	0.492703	0.504573	0.494071	0.597839	0.686675	0.600379	0.687752	0.599782	0.688005	0.587648	0.587733	0.588195	0.587704	0.586903	0.587326	0.476285	0.477226	0.477911	0.501128	0.478023	0.475665	0.374792	0.375335	0.374815	0.374731	0.374761	0.375683	0.451535	0.3975	0.398191	0.39709	0.39144	0.395256	0.366194	0.371722	0.343685	0.365244	0.365508	0.351546
ERR608372	0.344836	0.328225	0.330225	0.328366	0.345907	0.345133	0.35063	0.347973	0.351296	0.366735	0.352523	0.355645	0.409634	0.41896	0.420327	0.416076	0.409989	0.411437	0.286587	0.286903	0.286805	0.285878	0.32019	0.286897	0.376002	0.308836	0.307849	0.309647	0.306982	0.3082	0.253744	0.249051	0.23565	0.247636	0	0.23788	0.319007	0.35051	0.308473	0.351834	0.358018	0.3543	0.340773	0.338463	0.335249	0.335209	0.339495	0.335658	0.428851	0.452184	0.429781	0.460563	0.447835	0.45175	0.50311	0.504788	0.490696	0.484593	0.502617	0.486129	0.591145	0.682453	0.592978	0.687505	0.590875	0.688056	0.566761	0.567369	0.568802	0.566732	0.567919	0.567273	0.458555	0.460509	0.461095	0.50515	0.465429	0.466771	0.378527	0.385287	0.378021	0.378454	0.380805	0.37629	0.47378	0.41069	0.411239	0.410477	0.400074	0.406995	0.348443	0.35108	0.341307	0.351936	0.347483	0.343067
ERR608371	0.344066	0.339586	0.341462	0.340208	0.349521	0.348618	0.340722	0.33902	0.341277	0.353794	0.344009	0.3445	0.424337	0.429301	0.430073	0.422994	0.423971	0.421908	0.280764	0.280711	0.281087	0.28828	0.298559	0.281362	0.352409	0.306247	0.310957	0.303498	0.30556	0.306883	0.239914	0.238869	0.236438	0.23836	0.23788	0	0.30899	0.331735	0.305139	0.332933	0.339061	0.335617	0.337049	0.345486	0.335922	0.336396	0.33661	0.335948	0.437269	0.453651	0.434223	0.457939	0.450715	0.453941	0.507479	0.506605	0.49506	0.492322	0.506651	0.493807	0.606038	0.698987	0.608517	0.701206	0.607109	0.701406	0.58084	0.581457	0.581739	0.581451	0.580336	0.581201	0.472055	0.473557	0.474364	0.502733	0.477058	0.475314	0.373336	0.376062	0.372837	0.373266	0.373186	0.372886	0.456558	0.401314	0.401913	0.401551	0.394154	0.397864	0.350263	0.355648	0.334018	0.349099	0.34986	0.338306
ERR612555	0.364429	0.37031	0.37265	0.371328	0.375575	0.374684	0.332821	0.332229	0.333232	0.344633	0.338057	0.335954	0.432527	0.435573	0.436056	0.425825	0.431919	0.426385	0.282678	0.282691	0.283038	0.291466	0.287546	0.28178	0.339295	0.307478	0.316861	0.304073	0.309197	0.308663	0.311616	0.314121	0.314187	0.314498	0.319007	0.30899	0	0.268266	0.249084	0.272005	0.279839	0.275151	0.310259	0.325589	0.311699	0.313799	0.310161	0.31154	0.45603	0.470654	0.450697	0.471601	0.468661	0.471116	0.534291	0.530549	0.520193	0.5214	0.533622	0.522229	0.610276	0.710754	0.613276	0.712054	0.611027	0.711713	0.594626	0.595771	0.595801	0.596716	0.593455	0.595561	0.50012	0.501551	0.502656	0.523663	0.506527	0.50331	0.402817	0.403046	0.401914	0.402453	0.401229	0.403145	0.476141	0.431018	0.431363	0.431057	0.426792	0.428101	0.369763	0.375246	0.351495	0.364838	0.369663	0.356037
ERR612554	0.376232	0.397316	0.398939	0.398384	0.388734	0.389177	0.345236	0.347484	0.344962	0.342716	0.345381	0.34349	0.460698	0.454958	0.454965	0.44335	0.45897	0.449881	0.309346	0.30847	0.309495	0.32938	0.287405	0.310402	0.32781	0.341425	0.355916	0.333334	0.343075	0.343799	0.320069	0.325016	0.345686	0.326248	0.35051	0.331735	0.268266	0	0.284961	0.249634	0.252413	0.251265	0.323605	0.361612	0.337979	0.338936	0.325882	0.337231	0.475743	0.471287	0.463696	0.46474	0.471981	0.472845	0.541366	0.535594	0.531115	0.535943	0.540292	0.536308	0.617669	0.715003	0.621446	0.711794	0.621151	0.711194	0.620446	0.621005	0.619953	0.622807	0.617241	0.620543	0.52615	0.526328	0.527424	0.522239	0.526226	0.518903	0.415784	0.408902	0.415852	0.415461	0.411614	0.419404	0.456836	0.429149	0.42934	0.42954	0.431698	0.428282	0.405059	0.412845	0.373012	0.395739	0.404994	0.383154
ERR612553	0.359306	0.354322	0.356672	0.35519	0.365499	0.364732	0.336127	0.334447	0.336908	0.350913	0.339593	0.340733	0.414787	0.421514	0.422143	0.41488	0.414758	0.412554	0.278625	0.278877	0.278931	0.281421	0.301352	0.278153	0.356084	0.302759	0.306774	0.302114	0.302597	0.303044	0.31209	0.311602	0.307277	0.311309	0.308473	0.305139	0.249084	0.284961	0	0.288203	0.295814	0.291052	0.308883	0.314022	0.306081	0.307036	0.307886	0.306216	0.44556	0.465635	0.443676	0.4704	0.462612	0.465456	0.527267	0.526129	0.513566	0.511376	0.526767	0.512427	0.595244	0.693322	0.5976	0.696976	0.595165	0.696875	0.581015	0.58202	0.582971	0.582269	0.581451	0.581918	0.486019	0.487848	0.488736	0.522794	0.493411	0.492727	0.40204	0.405922	0.401091	0.401687	0.402601	0.401002	0.486992	0.433535	0.433687	0.433313	0.426082	0.430241	0.364907	0.368068	0.353256	0.364592	0.364032	0.35607
ERR612557	0.3724	0.393672	0.395321	0.394846	0.384078	0.384713	0.346768	0.349207	0.346259	0.342149	0.3456	0.344228	0.457549	0.450854	0.450895	0.439874	0.455725	0.446368	0.311214	0.309967	0.311176	0.331566	0.289887	0.312601	0.329757	0.343646	0.358084	0.335624	0.34527	0.345776	0.320282	0.324663	0.347532	0.32621	0.351834	0.332933	0.272005	0.249634	0.288203	0	0.249168	0.248617	0.323404	0.362506	0.338727	0.339074	0.325838	0.337515	0.4737	0.46634	0.460995	0.460365	0.467303	0.46793	0.537097	0.531757	0.527613	0.532357	0.536253	0.532929	0.610274	0.706743	0.61413	0.703202	0.613983	0.702511	0.617772	0.618074	0.617193	0.619863	0.614513	0.617537	0.523599	0.523537	0.524682	0.518353	0.522932	0.515353	0.416181	0.408826	0.41623	0.415787	0.412154	0.420133	0.455222	0.42757	0.427842	0.427621	0.430604	0.427167	0.408178	0.415775	0.37631	0.399673	0.408093	0.386475
ERR612558	0.37529	0.397863	0.39932	0.399002	0.386302	0.38688	0.351079	0.353898	0.35056	0.344348	0.348967	0.347837	0.461071	0.453015	0.453054	0.442179	0.459071	0.449541	0.317344	0.316143	0.317403	0.338392	0.294752	0.318985	0.332489	0.350606	0.36517	0.342519	0.352144	0.35282	0.324566	0.329038	0.353988	0.330612	0.358018	0.339061	0.279839	0.252413	0.295814	0.249168	0	0.250263	0.327736	0.368734	0.344448	0.344648	0.330377	0.343452	0.47768	0.46728	0.464457	0.460545	0.468786	0.468953	0.538072	0.532802	0.529377	0.534521	0.53709	0.534798	0.609947	0.704311	0.613851	0.699973	0.614245	0.69917	0.620614	0.620857	0.619718	0.622691	0.617213	0.620361	0.527341	0.527037	0.528148	0.51904	0.525442	0.517591	0.420631	0.412874	0.420831	0.420284	0.41663	0.424723	0.455377	0.429682	0.42995	0.429974	0.433681	0.429676	0.415109	0.422671	0.382421	0.406568	0.415002	0.39303
ERR612556	0.374474	0.395703	0.397301	0.396955	0.385798	0.386297	0.35018	0.352443	0.349399	0.344957	0.348604	0.347218	0.460125	0.453267	0.453302	0.44258	0.458301	0.449274	0.314142	0.312889	0.314283	0.334821	0.293002	0.315921	0.332838	0.347427	0.361784	0.339624	0.349064	0.349657	0.322105	0.32641	0.350423	0.327872	0.3543	0.335617	0.275151	0.251265	0.291052	0.248617	0.250263	0	0.325108	0.364622	0.340897	0.341197	0.327444	0.339918	0.474845	0.466506	0.462333	0.460274	0.467645	0.468186	0.537657	0.532672	0.528681	0.533413	0.536883	0.533911	0.609369	0.705149	0.613274	0.701252	0.613334	0.700595	0.619408	0.619641	0.618657	0.621295	0.616038	0.619089	0.524944	0.524856	0.525993	0.519175	0.523816	0.516313	0.417439	0.410015	0.417647	0.417079	0.41359	0.421506	0.455917	0.42828	0.428684	0.428512	0.43176	0.428242	0.411157	0.418697	0.378751	0.402668	0.411051	0.389171
ERR621996	0.378621	0.377837	0.379399	0.378737	0.383203	0.382834	0.354642	0.353686	0.354494	0.361688	0.353537	0.355728	0.431425	0.433298	0.433875	0.427539	0.431126	0.428184	0.325461	0.325749	0.326207	0.33084	0.339709	0.326721	0.385058	0.345431	0.350651	0.345352	0.346356	0.345615	0.338346	0.337947	0.341374	0.337886	0.340773	0.337049	0.310259	0.323605	0.308883	0.323404	0.327736	0.325108	0	0.263828	0.249588	0.247556	0.243666	0.248787	0.407416	0.41501	0.400973	0.418026	0.413455	0.415228	0.495189	0.493852	0.484285	0.484098	0.495187	0.484639	0.548549	0.648527	0.551346	0.64938	0.550414	0.649089	0.561988	0.562629	0.562766	0.563195	0.561132	0.562035	0.465028	0.465631	0.466397	0.488583	0.467562	0.464535	0.380997	0.381891	0.380575	0.380601	0.381376	0.381783	0.45457	0.403242	0.40318	0.402809	0.398754	0.401482	0.370823	0.373898	0.355636	0.370761	0.369992	0.360346
ERR621991	0.386284	0.369952	0.371749	0.370313	0.38794	0.386437	0.366776	0.363444	0.366984	0.382757	0.36724	0.370625	0.415158	0.42513	0.426694	0.422888	0.415655	0.417727	0.332326	0.333257	0.33313	0.326021	0.367192	0.332703	0.415464	0.343346	0.341996	0.348738	0.344051	0.342316	0.356647	0.354107	0.34089	0.35299	0.338463	0.345486	0.325589	0.361612	0.314022	0.362506	0.368734	0.364622	0.263828	0	0.249378	0.250139	0.260289	0.250993	0.399132	0.425473	0.40066	0.436715	0.420785	0.424201	0.495882	0.497543	0.482842	0.478058	0.49662	0.478681	0.537576	0.63862	0.539158	0.645327	0.536086	0.645638	0.540738	0.542045	0.544038	0.54158	0.542861	0.541864	0.445925	0.447918	0.448582	0.50021	0.455013	0.457364	0.387715	0.395818	0.386864	0.387451	0.391251	0.385366	0.486106	0.420905	0.420687	0.420415	0.410379	0.418002	0.359733	0.358693	0.36052	0.366079	0.358663	0.359521
ERR621992	0.379631	0.372351	0.373967	0.373007	0.383751	0.382662	0.356143	0.353933	0.356351	0.368505	0.356531	0.358658	0.422973	0.42877	0.429963	0.424268	0.423046	0.422118	0.324139	0.324796	0.324899	0.324268	0.347661	0.324772	0.39531	0.339449	0.342036	0.341827	0.340608	0.339212	0.342631	0.341607	0.33592	0.341071	0.335249	0.335922	0.311699	0.337979	0.306081	0.338727	0.344448	0.340897	0.249588	0.249378	0	0.244522	0.247612	0.243712	0.401697	0.41927	0.398836	0.425929	0.416202	0.418749	0.494428	0.494293	0.482069	0.480045	0.494786	0.480635	0.546066	0.648132	0.548271	0.651525	0.546283	0.651491	0.5513	0.55231	0.553267	0.552658	0.551715	0.551938	0.454382	0.455706	0.456462	0.492324	0.460515	0.459757	0.379937	0.384284	0.379117	0.379621	0.381578	0.379066	0.466924	0.40847	0.408262	0.408154	0.4011	0.405898	0.360241	0.361629	0.352267	0.362499	0.359446	0.353832
