	ERR617271	ERR617274	ERR617275	ERR617276	ERR617272	ERR617273	ERR636911	ERR636912	ERR636910	ERR636907	ERR636908	ERR636909	ERR617527	ERR617525	ERR617524	ERR617523	ERR617526	ERR617528	ERR613933	ERR613931	ERR613932	ERR613928	ERR613930	ERR613929	ERR608197	ERR608201	ERR608199	ERR608198	ERR608200	ERR608202	ERR608374	ERR608375	ERR608373	ERR608376	ERR608372	ERR608371	ERR612555	ERR612554	ERR612553	ERR612557	ERR612558	ERR612556	ERR621996	ERR621991	ERR621992	ERR621994	ERR621995	ERR621993	ERR612891	ERR612895	ERR612893	ERR612892	ERR612894	ERR612896	ERR617477	ERR617475	ERR617480	ERR617479	ERR617476	ERR617478	ERR612297	ERR612293	ERR612296	ERR612294	ERR612298	ERR612295	ERR618729	ERR618733	ERR618731	ERR618734	ERR618730	ERR618732	ERR608432	ERR608431	ERR608430	ERR608427	ERR608429	ERR608428	ERR626545	ERR626540	ERR626544	ERR626543	ERR626542	ERR626541	ERR608841	ERR608846	ERR608845	ERR608844	ERR608843	ERR608842	ERR630311	ERR630308	ERR630310	ERR630313	ERR630312	ERR630309
ERR617271	3.62816e+08	2.84655e+08	2.82523e+08	2.8519e+08	2.43947e+08	2.47016e+08	2.03111e+08	2.08498e+08	2.01779e+08	1.76501e+08	1.9355e+08	1.94092e+08	2.76191e+08	2.40155e+08	2.39318e+08	2.34918e+08	2.71248e+08	2.55451e+08	2.38928e+08	2.37586e+08	2.39025e+08	2.6641e+08	1.96362e+08	2.42442e+08	1.78957e+08	2.66092e+08	2.82132e+08	2.54306e+08	2.68212e+08	2.68507e+08	2.11981e+08	2.16063e+08	2.58834e+08	2.18047e+08	2.59329e+08	2.37309e+08	2.38973e+08	1.90066e+08	2.5771e+08	1.87066e+08	1.80968e+08	1.8534e+08	2.13918e+08	2.5966e+08	2.35153e+08	2.34377e+08	2.17377e+08	2.33647e+08	1.94301e+08	1.44008e+08	1.7507e+08	1.27841e+08	1.50584e+08	1.47461e+08	1.51471e+08	1.4546e+08	1.63119e+08	1.77045e+08	1.50015e+08	1.74898e+08	1.59474e+08	1.46952e+08	1.63459e+08	1.21288e+08	1.72471e+08	1.19377e+08	2.0939e+08	2.05732e+08	1.98103e+08	2.10385e+08	1.96209e+08	2.03941e+08	2.20132e+08	2.14088e+08	2.14006e+08	1.25498e+08	1.91993e+08	1.75864e+08	1.71403e+08	1.5685e+08	1.73523e+08	1.71722e+08	1.66488e+08	1.7781e+08	1.02452e+08	1.4181e+08	1.42259e+08	1.42491e+08	1.56388e+08	1.46254e+08	2.55956e+08	2.63395e+08	2.13927e+08	2.42499e+08	2.55891e+08	2.28064e+08
ERR617274	2.84655e+08	4.90378e+08	3.40493e+08	3.43757e+08	2.90726e+08	2.94197e+08	2.41765e+08	2.48026e+08	2.40074e+08	2.10051e+08	2.30735e+08	2.31031e+08	3.31963e+08	2.88047e+08	2.87142e+08	2.80517e+08	3.26055e+08	3.05901e+08	2.84464e+08	2.83268e+08	2.84865e+08	3.17525e+08	2.32189e+08	2.88492e+08	2.10096e+08	3.15549e+08	3.35506e+08	3.01421e+08	3.18365e+08	3.18673e+08	2.53045e+08	2.58582e+08	3.08382e+08	2.6118e+08	3.10295e+08	2.83151e+08	2.83257e+08	2.24964e+08	3.06688e+08	2.21718e+08	2.14631e+08	2.19723e+08	2.5563e+08	3.10677e+08	2.80587e+08	2.80433e+08	2.59725e+08	2.79044e+08	2.3453e+08	1.73725e+08	2.10692e+08	1.53573e+08	1.81925e+08	1.78017e+08	1.81833e+08	1.73775e+08	1.95123e+08	2.12792e+08	1.79948e+08	2.10166e+08	1.95708e+08	1.85139e+08	2.00794e+08	1.51921e+08	2.11632e+08	1.49508e+08	2.50904e+08	2.46706e+08	2.37254e+08	2.52661e+08	2.34615e+08	2.44562e+08	2.66074e+08	2.58675e+08	2.58686e+08	1.50106e+08	2.32562e+08	2.12242e+08	2.05298e+08	1.87495e+08	2.07802e+08	2.05728e+08	1.9904e+08	2.131e+08	1.2141e+08	1.69846e+08	1.70264e+08	1.70659e+08	1.87536e+08	1.75076e+08	3.03814e+08	3.12748e+08	2.53721e+08	2.86868e+08	3.03841e+08	2.70216e+08
ERR617275	2.82523e+08	3.40493e+08	4.84392e+08	3.41122e+08	2.88639e+08	2.92085e+08	2.39951e+08	2.46297e+08	2.38323e+08	2.08589e+08	2.29116e+08	2.2925e+08	3.2965e+08	2.86008e+08	2.85098e+08	2.78522e+08	3.23726e+08	3.03587e+08	2.82351e+08	2.8094e+08	2.82524e+08	3.15081e+08	2.30348e+08	2.86312e+08	2.08278e+08	3.12833e+08	3.3263e+08	2.98811e+08	3.15891e+08	3.15795e+08	2.51243e+08	2.5664e+08	3.06136e+08	2.59273e+08	3.07917e+08	2.81067e+08	2.80715e+08	2.23225e+08	3.04e+08	2.19869e+08	2.12937e+08	2.17954e+08	2.53998e+08	3.08542e+08	2.78837e+08	2.7846e+08	2.58192e+08	2.77383e+08	2.33108e+08	1.72712e+08	2.09377e+08	1.52582e+08	1.80805e+08	1.7696e+08	1.80655e+08	1.72699e+08	1.93852e+08	2.1147e+08	1.78916e+08	2.08874e+08	1.944e+08	1.84141e+08	1.99464e+08	1.51076e+08	2.10288e+08	1.48697e+08	2.48799e+08	2.44788e+08	2.35395e+08	2.50648e+08	2.3273e+08	2.42513e+08	2.64417e+08	2.5713e+08	2.5719e+08	1.49181e+08	2.31062e+08	2.10873e+08	2.04024e+08	1.86235e+08	2.06458e+08	2.0448e+08	1.97711e+08	2.1179e+08	1.2079e+08	1.68787e+08	1.69154e+08	1.69682e+08	1.86313e+08	1.73802e+08	3.01411e+08	3.10291e+08	2.51592e+08	2.84481e+08	3.01437e+08	2.67994e+08
ERR617276	2.8519e+08	3.43757e+08	3.41122e+08	4.92506e+08	2.91465e+08	2.94754e+08	2.42418e+08	2.4873e+08	2.40785e+08	2.10693e+08	2.31626e+08	2.31658e+08	3.33226e+08	2.89175e+08	2.88146e+08	2.814e+08	3.27221e+08	3.07073e+08	2.85155e+08	2.83741e+08	2.85198e+08	3.1808e+08	2.32572e+08	2.88887e+08	2.10364e+08	3.16132e+08	3.36307e+08	3.01917e+08	3.18942e+08	3.19029e+08	2.5359e+08	2.59177e+08	3.09125e+08	2.61848e+08	3.11086e+08	2.83684e+08	2.83695e+08	2.25466e+08	3.07216e+08	2.22109e+08	2.14992e+08	2.20251e+08	2.56448e+08	3.11706e+08	2.81546e+08	2.81292e+08	2.60781e+08	2.80079e+08	2.35322e+08	1.74308e+08	2.1137e+08	1.54067e+08	1.82461e+08	1.78631e+08	1.82411e+08	1.7434e+08	1.95808e+08	2.13668e+08	1.80603e+08	2.10939e+08	1.96397e+08	1.86073e+08	2.01765e+08	1.52637e+08	2.12577e+08	1.50162e+08	2.51397e+08	2.47254e+08	2.37832e+08	2.53177e+08	2.35139e+08	2.45183e+08	2.6698e+08	2.59672e+08	2.59689e+08	1.50556e+08	2.33247e+08	2.12951e+08	2.05866e+08	1.87979e+08	2.0838e+08	2.06274e+08	1.99644e+08	2.13773e+08	1.21828e+08	1.70338e+08	1.70891e+08	1.71278e+08	1.88098e+08	1.75569e+08	3.04228e+08	3.13221e+08	2.54093e+08	2.87277e+08	3.04435e+08	2.70616e+08
ERR617272	2.43947e+08	2.90726e+08	2.88639e+08	2.91465e+08	3.74115e+08	2.51912e+08	2.05615e+08	2.10988e+08	2.04189e+08	1.7878e+08	1.96151e+08	1.96516e+08	2.82002e+08	2.45039e+08	2.44216e+08	2.3893e+08	2.76961e+08	2.60276e+08	2.42893e+08	2.41765e+08	2.42975e+08	2.70843e+08	1.98787e+08	2.46173e+08	1.80192e+08	2.69432e+08	2.86255e+08	2.57512e+08	2.71673e+08	2.71826e+08	2.16289e+08	2.20739e+08	2.63161e+08	2.22826e+08	2.64547e+08	2.41765e+08	2.41975e+08	1.92642e+08	2.61826e+08	1.896e+08	1.83709e+08	1.8807e+08	2.17725e+08	2.64294e+08	2.3913e+08	2.38792e+08	2.21265e+08	2.37536e+08	1.98643e+08	1.47365e+08	1.78749e+08	1.30398e+08	1.54227e+08	1.51093e+08	1.54486e+08	1.47827e+08	1.659e+08	1.80742e+08	1.52871e+08	1.78439e+08	1.65216e+08	1.55494e+08	1.69541e+08	1.27913e+08	1.78756e+08	1.25833e+08	2.12612e+08	2.08995e+08	2.01205e+08	2.14019e+08	1.98896e+08	2.07185e+08	2.25473e+08	2.19345e+08	2.1938e+08	1.27809e+08	1.9696e+08	1.80121e+08	1.7426e+08	1.5926e+08	1.76446e+08	1.74561e+08	1.68996e+08	1.80772e+08	1.03518e+08	1.44212e+08	1.44661e+08	1.44887e+08	1.59332e+08	1.48801e+08	2.58715e+08	2.66196e+08	2.16392e+08	2.44461e+08	2.58815e+08	2.30231e+08
ERR617273	2.47016e+08	2.94197e+08	2.92085e+08	2.94754e+08	2.51912e+08	3.81716e+08	2.08306e+08	2.1373e+08	2.06785e+08	1.80998e+08	1.98733e+08	1.98925e+08	2.85761e+08	2.48196e+08	2.47252e+08	2.42052e+08	2.80482e+08	2.63669e+08	2.45713e+08	2.44464e+08	2.45934e+08	2.74056e+08	2.01215e+08	2.49232e+08	1.82432e+08	2.72776e+08	2.89794e+08	2.60703e+08	2.75141e+08	2.75315e+08	2.18628e+08	2.23275e+08	2.66455e+08	2.25464e+08	2.67529e+08	2.44595e+08	2.44958e+08	1.94999e+08	2.64971e+08	1.91961e+08	1.86088e+08	1.9041e+08	2.20408e+08	2.67681e+08	2.42037e+08	2.41587e+08	2.23972e+08	2.4065e+08	2.0141e+08	1.49436e+08	1.8126e+08	1.32241e+08	1.56312e+08	1.5303e+08	1.56474e+08	1.49819e+08	1.68017e+08	1.82942e+08	1.54831e+08	1.80651e+08	1.67236e+08	1.5722e+08	1.71586e+08	1.29366e+08	1.8107e+08	1.27305e+08	2.15677e+08	2.12036e+08	2.04099e+08	2.16984e+08	2.01923e+08	2.10084e+08	2.28368e+08	2.22159e+08	2.22054e+08	1.29387e+08	1.99421e+08	1.82386e+08	1.766e+08	1.61351e+08	1.78812e+08	1.76956e+08	1.71223e+08	1.83218e+08	1.04911e+08	1.46215e+08	1.46491e+08	1.46875e+08	1.61337e+08	1.50642e+08	2.62003e+08	2.69652e+08	2.18985e+08	2.47612e+08	2.62044e+08	2.33314e+08
ERR636911	2.03111e+08	2.41765e+08	2.39951e+08	2.42418e+08	2.05615e+08	2.08306e+08	4.08932e+08	2.90513e+08	2.81726e+08	2.49274e+08	2.70209e+08	2.71198e+08	3.16332e+08	2.75707e+08	2.74909e+08	2.70424e+08	3.10569e+08	2.93843e+08	2.34197e+08	2.323e+08	2.33758e+08	2.60804e+08	1.92616e+08	2.37629e+08	1.85988e+08	2.75102e+08	2.9133e+08	2.63213e+08	2.77221e+08	2.77714e+08	1.93981e+08	1.9753e+08	2.38945e+08	1.99313e+08	2.3869e+08	2.18208e+08	2.33746e+08	1.8504e+08	2.5176e+08	1.8201e+08	1.75907e+08	1.79807e+08	2.34496e+08	2.83597e+08	2.57148e+08	2.56533e+08	2.38011e+08	2.55747e+08	1.85534e+08	1.3643e+08	1.67166e+08	1.21204e+08	1.42767e+08	1.39734e+08	1.44994e+08	1.39684e+08	1.57133e+08	1.70186e+08	1.43549e+08	1.67933e+08	1.51138e+08	1.3424e+08	1.55006e+08	1.10254e+08	1.63745e+08	1.08424e+08	2.04602e+08	2.00731e+08	1.93345e+08	2.05324e+08	1.91677e+08	1.99053e+08	2.11737e+08	2.05515e+08	2.05341e+08	1.20059e+08	1.83758e+08	1.68273e+08	1.69829e+08	1.55374e+08	1.7213e+08	1.70253e+08	1.65103e+08	1.76318e+08	9.98309e+07	1.3851e+08	1.38808e+08	1.3891e+08	1.52636e+08	1.42927e+08	2.49996e+08	2.57409e+08	2.09219e+08	2.37485e+08	2.49737e+08	2.23073e+08
ERR636912	2.08498e+08	2.48026e+08	2.46297e+08	2.4873e+08	2.10988e+08	2.1373e+08	2.90513e+08	4.25732e+08	2.88448e+08	2.55118e+08	2.76435e+08	2.77555e+08	3.24284e+08	2.82599e+08	2.8181e+08	2.7733e+08	3.18697e+08	3.0129e+08	2.39959e+08	2.38076e+08	2.396e+08	2.67271e+08	1.97403e+08	2.43389e+08	1.90435e+08	2.82204e+08	2.98747e+08	2.69818e+08	2.84185e+08	2.84875e+08	1.98974e+08	2.02688e+08	2.45177e+08	2.04599e+08	2.44928e+08	2.23941e+08	2.39625e+08	1.89699e+08	2.58132e+08	1.8657e+08	1.80338e+08	1.84299e+08	2.4057e+08	2.91161e+08	2.63962e+08	2.63128e+08	2.44224e+08	2.62405e+08	1.90455e+08	1.39902e+08	1.71522e+08	1.24276e+08	1.46439e+08	1.43349e+08	1.48806e+08	1.43285e+08	1.61118e+08	1.74476e+08	1.47368e+08	1.72418e+08	1.554e+08	1.38196e+08	1.59218e+08	1.13453e+08	1.68188e+08	1.11627e+08	2.09814e+08	2.05817e+08	1.98253e+08	2.10579e+08	1.96535e+08	2.04259e+08	2.17212e+08	2.10886e+08	2.10752e+08	1.23118e+08	1.88504e+08	1.72653e+08	1.74275e+08	1.59345e+08	1.76428e+08	1.74653e+08	1.69333e+08	1.8088e+08	1.02455e+08	1.42081e+08	1.42348e+08	1.42581e+08	1.56639e+08	1.46639e+08	2.56844e+08	2.64278e+08	2.1484e+08	2.43668e+08	2.56411e+08	2.28939e+08
ERR636910	2.01779e+08	2.40074e+08	2.38323e+08	2.40785e+08	2.04189e+08	2.06785e+08	2.81726e+08	2.88448e+08	4.03577e+08	2.47559e+08	2.6802e+08	2.69111e+08	3.13466e+08	2.73305e+08	2.72566e+08	2.6814e+08	3.08021e+08	2.9122e+08	2.32333e+08	2.30451e+08	2.32017e+08	2.58771e+08	1.91262e+08	2.35615e+08	1.84383e+08	2.73122e+08	2.88947e+08	2.61019e+08	2.74944e+08	2.75547e+08	1.92704e+08	1.96268e+08	2.37358e+08	1.98095e+08	2.3712e+08	2.16743e+08	2.31823e+08	1.8363e+08	2.49729e+08	1.80622e+08	1.74526e+08	1.78417e+08	2.32795e+08	2.81811e+08	2.55402e+08	2.54747e+08	2.36304e+08	2.54019e+08	1.84192e+08	1.35335e+08	1.6591e+08	1.20234e+08	1.417e+08	1.3864e+08	1.43898e+08	1.38679e+08	1.55931e+08	1.68885e+08	1.42565e+08	1.66682e+08	1.50161e+08	1.33499e+08	1.53941e+08	1.09604e+08	1.62662e+08	1.07839e+08	2.03162e+08	1.99346e+08	1.91935e+08	2.03914e+08	1.90319e+08	1.97659e+08	2.10226e+08	2.04033e+08	2.03862e+08	1.19131e+08	1.82423e+08	1.6695e+08	1.6856e+08	1.5434e+08	1.70895e+08	1.68958e+08	1.63942e+08	1.75022e+08	9.91505e+07	1.37474e+08	1.37765e+08	1.37936e+08	1.51562e+08	1.41874e+08	2.48364e+08	2.55707e+08	2.07876e+08	2.3581e+08	2.48195e+08	2.21596e+08
ERR636907	1.76501e+08	2.10051e+08	2.08589e+08	2.10693e+08	1.7878e+08	1.80998e+08	2.49274e+08	2.55118e+08	2.47559e+08	3.29403e+08	2.39076e+08	2.39806e+08	2.7574e+08	2.40711e+08	2.39881e+08	2.35975e+08	2.70709e+08	2.56139e+08	2.03995e+08	2.0233e+08	2.03621e+08	2.27097e+08	1.67802e+08	2.06824e+08	1.61929e+08	2.39467e+08	2.53357e+08	2.2904e+08	2.41123e+08	2.41665e+08	1.68573e+08	1.71629e+08	2.07404e+08	1.73247e+08	2.07351e+08	1.89412e+08	2.03266e+08	1.61077e+08	2.18957e+08	1.58522e+08	1.53113e+08	1.56528e+08	2.04639e+08	2.47315e+08	2.24335e+08	2.23676e+08	2.07678e+08	2.23048e+08	1.60722e+08	1.18183e+08	1.44751e+08	1.04914e+08	1.23751e+08	1.21198e+08	1.25468e+08	1.20666e+08	1.35736e+08	1.47154e+08	1.24185e+08	1.45162e+08	1.31579e+08	1.17579e+08	1.35063e+08	9.65401e+07	1.42614e+08	9.49671e+07	1.76735e+08	1.7368e+08	1.66992e+08	1.77472e+08	1.65603e+08	1.72051e+08	1.83436e+08	1.78028e+08	1.7799e+08	1.03982e+08	1.59176e+08	1.45849e+08	1.46853e+08	1.34294e+08	1.48745e+08	1.47109e+08	1.42624e+08	1.52424e+08	8.62507e+07	1.19647e+08	1.19936e+08	1.20096e+08	1.31949e+08	1.23562e+08	2.16311e+08	2.22894e+08	1.81196e+08	2.05412e+08	2.16165e+08	1.93285e+08
ERR636908	1.9355e+08	2.30735e+08	2.29116e+08	2.31626e+08	1.96151e+08	1.98733e+08	2.70209e+08	2.76435e+08	2.6802e+08	2.39076e+08	3.78816e+08	2.59731e+08	3.01728e+08	2.63245e+08	2.6218e+08	2.57574e+08	2.96358e+08	2.79998e+08	2.23212e+08	2.21512e+08	2.22856e+08	2.48534e+08	1.83258e+08	2.26428e+08	1.76016e+08	2.61694e+08	2.77256e+08	2.50086e+08	2.63567e+08	2.64002e+08	1.8508e+08	1.88641e+08	2.27526e+08	1.90383e+08	2.27757e+08	2.07879e+08	2.22258e+08	1.76091e+08	2.39846e+08	1.73361e+08	1.67487e+08	1.71288e+08	2.23936e+08	2.71151e+08	2.45574e+08	2.45138e+08	2.27336e+08	2.44126e+08	1.77238e+08	1.30383e+08	1.59576e+08	1.15575e+08	1.36496e+08	1.33613e+08	1.38293e+08	1.32964e+08	1.49443e+08	1.62152e+08	1.36911e+08	1.59996e+08	1.46106e+08	1.31405e+08	1.49962e+08	1.07793e+08	1.58313e+08	1.06011e+08	1.94697e+08	1.91182e+08	1.83884e+08	1.95579e+08	1.82249e+08	1.89566e+08	2.02343e+08	1.96535e+08	1.963e+08	1.1423e+08	1.75943e+08	1.60768e+08	1.61759e+08	1.4791e+08	1.63814e+08	1.62123e+08	1.57071e+08	1.68023e+08	9.46508e+07	1.31774e+08	1.321e+08	1.32236e+08	1.45407e+08	1.36027e+08	2.37324e+08	2.44661e+08	1.98746e+08	2.25131e+08	2.37199e+08	2.11902e+08
ERR636909	1.94092e+08	2.31031e+08	2.2925e+08	2.31658e+08	1.96516e+08	1.98925e+08	2.71198e+08	2.77555e+08	2.69111e+08	2.39806e+08	2.59731e+08	3.80562e+08	3.0199e+08	2.63467e+08	2.62506e+08	2.58218e+08	2.96589e+08	2.80377e+08	2.23603e+08	2.21854e+08	2.23335e+08	2.49059e+08	1.84112e+08	2.2674e+08	1.7747e+08	2.62837e+08	2.78057e+08	2.51234e+08	2.6456e+08	2.65229e+08	1.85298e+08	1.88638e+08	2.28202e+08	1.90586e+08	2.27957e+08	2.0833e+08	2.23288e+08	1.76801e+08	2.40353e+08	1.73817e+08	1.68021e+08	1.7178e+08	2.24256e+08	2.71325e+08	2.45977e+08	2.45261e+08	2.27589e+08	2.44431e+08	1.77342e+08	1.3037e+08	1.59819e+08	1.15851e+08	1.36457e+08	1.33636e+08	1.3862e+08	1.33466e+08	1.50039e+08	1.62508e+08	1.37247e+08	1.60444e+08	1.45045e+08	1.29109e+08	1.4875e+08	1.05911e+08	1.57035e+08	1.04235e+08	1.95485e+08	1.91819e+08	1.84746e+08	1.96185e+08	1.83159e+08	1.9019e+08	2.02481e+08	1.96527e+08	1.96473e+08	1.14685e+08	1.75658e+08	1.60901e+08	1.62102e+08	1.48357e+08	1.64326e+08	1.62603e+08	1.57625e+08	1.68397e+08	9.5347e+07	1.32219e+08	1.32564e+08	1.32704e+08	1.45764e+08	1.36541e+08	2.38689e+08	2.45955e+08	1.99838e+08	2.26751e+08	2.386e+08	2.13229e+08
ERR617527	2.76191e+08	3.31963e+08	3.2965e+08	3.33226e+08	2.82002e+08	2.85761e+08	3.16332e+08	3.24284e+08	3.13466e+08	2.7574e+08	3.01728e+08	3.0199e+08	6.45082e+08	4.1084e+08	4.09681e+08	4.00542e+08	4.64603e+08	4.3711e+08	3.12584e+08	3.10262e+08	3.12148e+08	3.48621e+08	2.53958e+08	3.16274e+08	2.43071e+08	3.64863e+08	3.88282e+08	3.48774e+08	3.68984e+08	3.6852e+08	2.64687e+08	2.7064e+08	3.23914e+08	2.73274e+08	3.25722e+08	2.96392e+08	3.18135e+08	2.52844e+08	3.44005e+08	2.48973e+08	2.40925e+08	2.46314e+08	3.08098e+08	3.73346e+08	3.37645e+08	3.37575e+08	3.12552e+08	3.35852e+08	2.61671e+08	1.93442e+08	2.34839e+08	1.7111e+08	2.02453e+08	1.97998e+08	2.00506e+08	1.91828e+08	2.15362e+08	2.3501e+08	1.9857e+08	2.32016e+08	2.229e+08	2.08827e+08	2.28331e+08	1.70873e+08	2.40998e+08	1.68454e+08	2.86532e+08	2.82019e+08	2.7173e+08	2.88772e+08	2.68794e+08	2.79645e+08	2.93638e+08	2.8538e+08	2.85253e+08	1.65561e+08	2.56406e+08	2.33914e+08	2.25808e+08	2.05902e+08	2.28449e+08	2.26251e+08	2.18523e+08	2.34161e+08	1.3297e+08	1.86016e+08	1.86465e+08	1.86896e+08	2.05674e+08	1.91741e+08	3.21916e+08	3.3195e+08	2.68661e+08	3.04045e+08	3.21887e+08	2.86169e+08
ERR617525	2.40155e+08	2.88047e+08	2.86008e+08	2.89175e+08	2.45039e+08	2.48196e+08	2.75707e+08	2.82599e+08	2.73305e+08	2.40711e+08	2.63245e+08	2.63467e+08	4.1084e+08	5.08982e+08	3.58575e+08	3.50764e+08	4.035e+08	3.80146e+08	2.71952e+08	2.70037e+08	2.71423e+08	3.02965e+08	2.21253e+08	2.75073e+08	2.1242e+08	3.17932e+08	3.37834e+08	3.03865e+08	3.21319e+08	3.21093e+08	2.30172e+08	2.35257e+08	2.81388e+08	2.37423e+08	2.82778e+08	2.57584e+08	2.76417e+08	2.19725e+08	2.98643e+08	2.16561e+08	2.09501e+08	2.1414e+08	2.68164e+08	3.24867e+08	2.94075e+08	2.93769e+08	2.72293e+08	2.92379e+08	2.26575e+08	1.67676e+08	2.03462e+08	1.48528e+08	1.7551e+08	1.71727e+08	1.73831e+08	1.66144e+08	1.8655e+08	2.03472e+08	1.72048e+08	2.00639e+08	1.92769e+08	1.80103e+08	1.97231e+08	1.47692e+08	2.08257e+08	1.45614e+08	2.47637e+08	2.43586e+08	2.34569e+08	2.49275e+08	2.32121e+08	2.41574e+08	2.54149e+08	2.47248e+08	2.47049e+08	1.43769e+08	2.21958e+08	2.02678e+08	1.95371e+08	1.78267e+08	1.97603e+08	1.95822e+08	1.89172e+08	2.02551e+08	1.15448e+08	1.6123e+08	1.61519e+08	1.6181e+08	1.78038e+08	1.66137e+08	2.78835e+08	2.87426e+08	2.32653e+08	2.63196e+08	2.78755e+08	2.48054e+08
ERR617524	2.39318e+08	2.87142e+08	2.85098e+08	2.88146e+08	2.44216e+08	2.47252e+08	2.74909e+08	2.8181e+08	2.72566e+08	2.39881e+08	2.6218e+08	2.62506e+08	4.09681e+08	3.58575e+08	5.05293e+08	3.49439e+08	4.02318e+08	3.78926e+08	2.71324e+08	2.69353e+08	2.7069e+08	3.02318e+08	2.20689e+08	2.74481e+08	2.11919e+08	3.1706e+08	3.36991e+08	3.03071e+08	3.20543e+08	3.20246e+08	2.29244e+08	2.34336e+08	2.8036e+08	2.36587e+08	2.81632e+08	2.56569e+08	2.75874e+08	2.19367e+08	2.97982e+08	2.16192e+08	2.08976e+08	2.13816e+08	2.67373e+08	3.23915e+08	2.93135e+08	2.92875e+08	2.71375e+08	2.9146e+08	2.25694e+08	1.67005e+08	2.02683e+08	1.4798e+08	1.74783e+08	1.71058e+08	1.73159e+08	1.65676e+08	1.86011e+08	2.0283e+08	1.71536e+08	2.00174e+08	1.92004e+08	1.79316e+08	1.96565e+08	1.46923e+08	2.07366e+08	1.4497e+08	2.46947e+08	2.42947e+08	2.34131e+08	2.48703e+08	2.31796e+08	2.41036e+08	2.53166e+08	2.46222e+08	2.45989e+08	1.43337e+08	2.21276e+08	2.01979e+08	1.9468e+08	1.77606e+08	1.96965e+08	1.95155e+08	1.88367e+08	2.01769e+08	1.15109e+08	1.60607e+08	1.61014e+08	1.61315e+08	1.77446e+08	1.6557e+08	2.77863e+08	2.86467e+08	2.31868e+08	2.62355e+08	2.77906e+08	2.47188e+08
ERR617523	2.34918e+08	2.80517e+08	2.78522e+08	2.814e+08	2.3893e+08	2.42052e+08	2.70424e+08	2.7733e+08	2.6814e+08	2.35975e+08	2.57574e+08	2.58218e+08	4.00542e+08	3.50764e+08	3.49439e+08	4.88326e+08	3.93106e+08	3.71086e+08	2.65769e+08	2.63872e+08	2.65271e+08	2.96283e+08	2.17213e+08	2.69167e+08	2.0922e+08	3.11628e+08	3.30668e+08	2.98117e+08	3.14819e+08	3.14618e+08	2.24268e+08	2.28811e+08	2.74523e+08	2.30843e+08	2.75222e+08	2.5116e+08	2.71537e+08	2.15814e+08	2.92683e+08	2.12537e+08	2.05528e+08	2.10245e+08	2.62007e+08	3.17031e+08	2.87303e+08	2.86636e+08	2.65695e+08	2.85451e+08	2.20234e+08	1.63027e+08	1.98143e+08	1.44737e+08	1.70422e+08	1.66833e+08	1.69493e+08	1.62632e+08	1.82318e+08	1.98144e+08	1.67756e+08	1.95737e+08	1.85927e+08	1.70752e+08	1.90207e+08	1.40254e+08	2.00724e+08	1.38468e+08	2.4281e+08	2.38679e+08	2.30169e+08	2.44242e+08	2.27902e+08	2.36697e+08	2.46945e+08	2.39982e+08	2.39731e+08	1.40348e+08	2.15378e+08	1.96963e+08	1.90665e+08	1.74301e+08	1.92901e+08	1.91127e+08	1.84929e+08	1.97732e+08	1.13357e+08	1.57369e+08	1.57788e+08	1.58004e+08	1.73476e+08	1.62318e+08	2.73411e+08	2.81808e+08	2.28142e+08	2.5873e+08	2.7328e+08	2.43401e+08
ERR617526	2.71248e+08	3.26055e+08	3.23726e+08	3.27221e+08	2.76961e+08	2.80482e+08	3.10569e+08	3.18697e+08	3.08021e+08	2.70709e+08	2.96358e+08	2.96589e+08	4.64603e+08	4.035e+08	4.02318e+08	3.93106e+08	6.24267e+08	4.29309e+08	3.06725e+08	3.0456e+08	3.0635e+08	3.42181e+08	2.4921e+08	3.10507e+08	2.38765e+08	3.58261e+08	3.81079e+08	3.4246e+08	3.62197e+08	3.6195e+08	2.59928e+08	2.65901e+08	3.18131e+08	2.68431e+08	3.19848e+08	2.91124e+08	3.12137e+08	2.48021e+08	3.37474e+08	2.44367e+08	2.36224e+08	2.41728e+08	3.02426e+08	3.66633e+08	3.31517e+08	3.31462e+08	3.07007e+08	3.29731e+08	2.56755e+08	1.89898e+08	2.30339e+08	1.67962e+08	1.98712e+08	1.94293e+08	1.96845e+08	1.88275e+08	2.11415e+08	2.30625e+08	1.94937e+08	2.27661e+08	2.18456e+08	2.04317e+08	2.23724e+08	1.67322e+08	2.36074e+08	1.64855e+08	2.81263e+08	2.76605e+08	2.66535e+08	2.83337e+08	2.63854e+08	2.74426e+08	2.88285e+08	2.80091e+08	2.80028e+08	1.62536e+08	2.51655e+08	2.29554e+08	2.21613e+08	2.02077e+08	2.2427e+08	2.22157e+08	2.14492e+08	2.29914e+08	1.3058e+08	1.82714e+08	1.83001e+08	1.83409e+08	2.01657e+08	1.88168e+08	3.16008e+08	3.25865e+08	2.63564e+08	2.98356e+08	3.16098e+08	2.80996e+08
ERR617528	2.55451e+08	3.05901e+08	3.03587e+08	3.07073e+08	2.60276e+08	2.63669e+08	2.93843e+08	3.0129e+08	2.9122e+08	2.56139e+08	2.79998e+08	2.80377e+08	4.3711e+08	3.80146e+08	3.78926e+08	3.71086e+08	4.29309e+08	5.62328e+08	2.89151e+08	2.87001e+08	2.88635e+08	3.22602e+08	2.35824e+08	2.92774e+08	2.26731e+08	3.38587e+08	3.59567e+08	3.23699e+08	3.42174e+08	3.41974e+08	2.4422e+08	2.49375e+08	2.99224e+08	2.51602e+08	3.00182e+08	2.73561e+08	2.9519e+08	2.34535e+08	3.1845e+08	2.31109e+08	2.23505e+08	2.28538e+08	2.84855e+08	3.45095e+08	3.12487e+08	3.12052e+08	2.8916e+08	3.10763e+08	2.40411e+08	1.77717e+08	2.15958e+08	1.57614e+08	1.86079e+08	1.81918e+08	1.84677e+08	1.76919e+08	1.98774e+08	2.16226e+08	1.82929e+08	2.13433e+08	2.03658e+08	1.88223e+08	2.08465e+08	1.54471e+08	2.20087e+08	1.52334e+08	2.64647e+08	2.6028e+08	2.50944e+08	2.66368e+08	2.48369e+08	2.58254e+08	2.69607e+08	2.6216e+08	2.61856e+08	1.52923e+08	2.35272e+08	2.14911e+08	2.08026e+08	1.89955e+08	2.10409e+08	2.08494e+08	2.01594e+08	2.15672e+08	1.23183e+08	1.7146e+08	1.7177e+08	1.721e+08	1.89197e+08	1.76771e+08	2.97755e+08	3.07043e+08	2.48384e+08	2.81614e+08	2.97762e+08	2.64871e+08
ERR613933	2.38928e+08	2.84464e+08	2.82351e+08	2.85155e+08	2.42893e+08	2.45713e+08	2.34197e+08	2.39959e+08	2.32333e+08	2.03995e+08	2.23212e+08	2.23603e+08	3.12584e+08	2.71952e+08	2.71324e+08	2.65769e+08	3.06725e+08	2.89151e+08	4.23373e+08	2.91308e+08	2.92847e+08	3.24476e+08	2.3983e+08	2.95684e+08	2.06339e+08	3.05276e+08	3.23732e+08	2.92088e+08	3.07808e+08	3.0833e+08	2.27898e+08	2.3243e+08	2.77554e+08	2.347e+08	2.78678e+08	2.55008e+08	2.79412e+08	2.22772e+08	3.01226e+08	2.19233e+08	2.12124e+08	2.16986e+08	2.42416e+08	2.93108e+08	2.65472e+08	2.65257e+08	2.46055e+08	2.64067e+08	2.04889e+08	1.51576e+08	1.84285e+08	1.34361e+08	1.58585e+08	1.55157e+08	1.59215e+08	1.52638e+08	1.71371e+08	1.86321e+08	1.57576e+08	1.83827e+08	1.74845e+08	1.59525e+08	1.78918e+08	1.30927e+08	1.89071e+08	1.28959e+08	2.2422e+08	2.20464e+08	2.12336e+08	2.25738e+08	2.102e+08	2.18789e+08	2.33344e+08	2.26759e+08	2.26662e+08	1.32209e+08	2.03413e+08	1.86064e+08	1.85834e+08	1.69938e+08	1.88341e+08	1.86391e+08	1.80435e+08	1.9291e+08	1.09473e+08	1.52309e+08	1.52548e+08	1.52943e+08	1.67956e+08	1.57073e+08	2.75284e+08	2.83038e+08	2.30504e+08	2.60523e+08	2.75284e+08	2.45336e+08
ERR613931	2.37586e+08	2.83268e+08	2.8094e+08	2.83741e+08	2.41765e+08	2.44464e+08	2.323e+08	2.38076e+08	2.30451e+08	2.0233e+08	2.21512e+08	2.21854e+08	3.10262e+08	2.70037e+08	2.69353e+08	2.63872e+08	3.0456e+08	2.87001e+08	2.91308e+08	4.19792e+08	2.91499e+08	3.23161e+08	2.38741e+08	2.94277e+08	2.04894e+08	3.03309e+08	3.21446e+08	2.89956e+08	3.05661e+08	3.06163e+08	2.26755e+08	2.31258e+08	2.76156e+08	2.33459e+08	2.77213e+08	2.53662e+08	2.77957e+08	2.21642e+08	2.99803e+08	2.1828e+08	2.11192e+08	2.1593e+08	2.40816e+08	2.91088e+08	2.63725e+08	2.63364e+08	2.44584e+08	2.62299e+08	2.03789e+08	1.50816e+08	1.83173e+08	1.33568e+08	1.57891e+08	1.54308e+08	1.58144e+08	1.51701e+08	1.70246e+08	1.85058e+08	1.56445e+08	1.82826e+08	1.74527e+08	1.59273e+08	1.7869e+08	1.30739e+08	1.88743e+08	1.28759e+08	2.23175e+08	2.19509e+08	2.11508e+08	2.24673e+08	2.09247e+08	2.17675e+08	2.31964e+08	2.25585e+08	2.25357e+08	1.31416e+08	2.02264e+08	1.85095e+08	1.84771e+08	1.68821e+08	1.87135e+08	1.85197e+08	1.79169e+08	1.91712e+08	1.08709e+08	1.51325e+08	1.51748e+08	1.51942e+08	1.67025e+08	1.56077e+08	2.73541e+08	2.81399e+08	2.29134e+08	2.58985e+08	2.73691e+08	2.44014e+08
ERR613932	2.39025e+08	2.84865e+08	2.82524e+08	2.85198e+08	2.42975e+08	2.45934e+08	2.33758e+08	2.396e+08	2.32017e+08	2.03621e+08	2.22856e+08	2.23335e+08	3.12148e+08	2.71423e+08	2.7069e+08	2.65271e+08	3.0635e+08	2.88635e+08	2.92847e+08	2.91499e+08	4.23639e+08	3.24749e+08	2.39933e+08	2.95945e+08	2.06159e+08	3.05302e+08	3.23469e+08	2.91858e+08	3.07645e+08	3.08133e+08	2.28116e+08	2.32492e+08	2.77682e+08	2.34899e+08	2.78774e+08	2.55111e+08	2.7925e+08	2.22751e+08	3.01282e+08	2.19163e+08	2.12132e+08	2.16933e+08	2.4203e+08	2.92655e+08	2.65171e+08	2.64749e+08	2.45794e+08	2.63789e+08	2.04903e+08	1.51641e+08	1.84217e+08	1.34324e+08	1.58695e+08	1.55177e+08	1.59267e+08	1.52557e+08	1.7129e+08	1.862e+08	1.57479e+08	1.83946e+08	1.75211e+08	1.59807e+08	1.79305e+08	1.31133e+08	1.8942e+08	1.29151e+08	2.24213e+08	2.20676e+08	2.12391e+08	2.25716e+08	2.10348e+08	2.18728e+08	2.3362e+08	2.26995e+08	2.26779e+08	1.32191e+08	2.03426e+08	1.86225e+08	1.85949e+08	1.69977e+08	1.88219e+08	1.86282e+08	1.80393e+08	1.92969e+08	1.09489e+08	1.52349e+08	1.5287e+08	1.53075e+08	1.68092e+08	1.57162e+08	2.75383e+08	2.83192e+08	2.30702e+08	2.60559e+08	2.75486e+08	2.4542e+08
ERR613928	2.6641e+08	3.17525e+08	3.15081e+08	3.1808e+08	2.70843e+08	2.74056e+08	2.60804e+08	2.67271e+08	2.58771e+08	2.27097e+08	2.48534e+08	2.49059e+08	3.48621e+08	3.02965e+08	3.02318e+08	2.96283e+08	3.42181e+08	3.22602e+08	3.24476e+08	3.23161e+08	3.24749e+08	5.10212e+08	2.67487e+08	3.30299e+08	2.28961e+08	3.3998e+08	3.60496e+08	3.24912e+08	3.42585e+08	3.43162e+08	2.53392e+08	2.5832e+08	3.09313e+08	2.6091e+08	3.10273e+08	2.83744e+08	3.11362e+08	2.48032e+08	3.35896e+08	2.44073e+08	2.361e+08	2.4145e+08	2.6983e+08	3.26404e+08	2.95605e+08	2.95118e+08	2.73978e+08	2.94055e+08	2.30151e+08	1.70063e+08	2.06869e+08	1.50757e+08	1.78037e+08	1.74068e+08	1.78219e+08	1.70985e+08	1.91919e+08	2.0862e+08	1.76451e+08	2.05927e+08	1.96741e+08	1.7868e+08	2.014e+08	1.46571e+08	2.126e+08	1.44324e+08	2.52635e+08	2.48435e+08	2.39208e+08	2.54161e+08	2.36898e+08	2.46545e+08	2.61525e+08	2.54068e+08	2.54123e+08	1.47962e+08	2.27841e+08	2.08502e+08	2.07824e+08	1.89892e+08	2.10499e+08	2.08366e+08	2.0166e+08	2.1575e+08	1.22242e+08	1.70177e+08	1.70576e+08	1.70898e+08	1.87695e+08	1.75435e+08	3.07528e+08	3.1641e+08	2.57354e+08	2.90999e+08	3.07526e+08	2.74011e+08
ERR613930	1.96362e+08	2.32189e+08	2.30348e+08	2.32572e+08	1.98787e+08	2.01215e+08	1.92616e+08	1.97403e+08	1.91262e+08	1.67802e+08	1.83258e+08	1.84112e+08	2.53958e+08	2.21253e+08	2.20689e+08	2.17213e+08	2.4921e+08	2.35824e+08	2.3983e+08	2.38741e+08	2.39933e+08	2.67487e+08	3.05399e+08	2.44296e+08	1.72567e+08	2.52015e+08	2.66256e+08	2.41322e+08	2.53665e+08	2.54194e+08	1.87171e+08	1.90318e+08	2.27942e+08	1.92269e+08	2.2805e+08	2.09504e+08	2.30906e+08	1.84334e+08	2.47686e+08	1.81381e+08	1.75232e+08	1.79281e+08	1.98771e+08	2.39592e+08	2.17536e+08	2.16818e+08	2.0159e+08	2.16307e+08	1.64907e+08	1.2213e+08	1.48733e+08	1.08635e+08	1.27728e+08	1.24948e+08	1.2916e+08	1.24313e+08	1.39571e+08	1.50978e+08	1.27849e+08	1.49125e+08	1.38759e+08	1.22928e+08	1.41769e+08	1.01344e+08	1.49886e+08	9.99302e+07	1.82414e+08	1.79369e+08	1.72865e+08	1.83207e+08	1.71355e+08	1.7788e+08	1.88547e+08	1.8306e+08	1.82908e+08	1.07764e+08	1.63903e+08	1.50491e+08	1.51785e+08	1.39155e+08	1.53914e+08	1.5221e+08	1.47649e+08	1.5743e+08	9.02764e+07	1.24439e+08	1.24685e+08	1.24886e+08	1.36782e+08	1.28287e+08	2.26651e+08	2.32923e+08	1.90276e+08	2.15356e+08	2.26553e+08	2.02481e+08
ERR613929	2.42442e+08	2.88492e+08	2.86312e+08	2.88887e+08	2.46173e+08	2.49232e+08	2.37629e+08	2.43389e+08	2.35615e+08	2.06824e+08	2.26428e+08	2.2674e+08	3.16274e+08	2.75073e+08	2.74481e+08	2.69167e+08	3.10507e+08	2.92774e+08	2.95684e+08	2.94277e+08	2.95945e+08	3.30299e+08	2.44296e+08	4.3361e+08	2.0961e+08	3.09915e+08	3.28369e+08	2.96484e+08	3.12191e+08	3.12899e+08	2.30962e+08	2.35247e+08	2.81451e+08	2.37621e+08	2.82377e+08	2.58487e+08	2.83804e+08	2.26246e+08	3.05901e+08	2.22684e+08	2.15405e+08	2.20279e+08	2.45643e+08	2.96913e+08	2.69022e+08	2.68426e+08	2.4925e+08	2.67633e+08	2.07799e+08	1.53614e+08	1.86911e+08	1.36269e+08	1.60762e+08	1.57285e+08	1.61554e+08	1.54952e+08	1.74055e+08	1.88916e+08	1.59968e+08	1.86665e+08	1.76828e+08	1.60088e+08	1.80924e+08	1.3157e+08	1.91148e+08	1.29635e+08	2.28447e+08	2.24609e+08	2.16285e+08	2.29849e+08	2.14279e+08	2.22713e+08	2.36664e+08	2.29896e+08	2.29754e+08	1.34292e+08	2.0608e+08	1.88631e+08	1.88623e+08	1.72645e+08	1.91123e+08	1.89087e+08	1.83239e+08	1.95897e+08	1.1127e+08	1.54624e+08	1.54903e+08	1.55122e+08	1.7036e+08	1.59357e+08	2.79823e+08	2.87817e+08	2.34282e+08	2.65016e+08	2.79823e+08	2.49479e+08
ERR608197	1.78957e+08	2.10096e+08	2.08278e+08	2.10364e+08	1.80192e+08	1.82432e+08	1.85988e+08	1.90435e+08	1.84383e+08	1.61929e+08	1.76016e+08	1.7747e+08	2.43071e+08	2.1242e+08	2.11919e+08	2.0922e+08	2.38765e+08	2.26731e+08	2.06339e+08	2.04894e+08	2.06159e+08	2.28961e+08	1.72567e+08	2.0961e+08	2.83873e+08	2.63054e+08	2.78266e+08	2.53355e+08	2.64627e+08	2.65395e+08	1.69963e+08	1.72463e+08	2.08167e+08	1.74128e+08	2.0722e+08	1.90901e+08	2.07076e+08	1.65246e+08	2.21757e+08	1.62394e+08	1.57058e+08	1.60455e+08	1.87361e+08	2.25142e+08	2.05052e+08	2.04143e+08	1.89897e+08	2.04149e+08	1.52418e+08	1.12542e+08	1.37877e+08	1.00581e+08	1.17666e+08	1.15256e+08	1.20763e+08	1.16622e+08	1.30981e+08	1.41031e+08	1.19494e+08	1.39258e+08	1.20203e+08	1.05036e+08	1.2304e+08	8.69103e+07	1.29911e+08	8.56529e+07	1.66533e+08	1.63424e+08	1.5759e+08	1.67059e+08	1.56309e+08	1.6205e+08	1.74188e+08	1.69238e+08	1.69121e+08	1.00909e+08	1.51206e+08	1.39084e+08	1.40287e+08	1.28724e+08	1.42211e+08	1.40737e+08	1.36865e+08	1.45696e+08	8.48708e+07	1.15532e+08	1.1583e+08	1.1596e+08	1.2698e+08	1.19401e+08	2.0964e+08	2.15295e+08	1.75923e+08	1.99792e+08	2.09425e+08	1.87442e+08
ERR608201	2.66092e+08	3.15549e+08	3.12833e+08	3.16132e+08	2.69432e+08	2.72776e+08	2.75102e+08	2.82204e+08	2.73122e+08	2.39467e+08	2.61694e+08	2.62837e+08	3.64863e+08	3.17932e+08	3.1706e+08	3.11628e+08	3.58261e+08	3.38587e+08	3.05276e+08	3.03309e+08	3.05302e+08	3.3998e+08	2.52015e+08	3.09915e+08	2.63054e+08	5.44092e+08	4.11176e+08	3.71701e+08	3.92388e+08	3.93487e+08	2.53181e+08	2.57663e+08	3.10267e+08	2.60214e+08	3.10045e+08	2.84084e+08	3.05615e+08	2.43079e+08	3.29138e+08	2.3913e+08	2.31352e+08	2.36446e+08	2.79295e+08	3.37271e+08	3.0588e+08	3.05112e+08	2.83279e+08	3.04232e+08	2.34495e+08	1.73058e+08	2.11361e+08	1.538e+08	1.81093e+08	1.77152e+08	1.83846e+08	1.76718e+08	1.98612e+08	2.15129e+08	1.81963e+08	2.12405e+08	1.90731e+08	1.71509e+08	1.95445e+08	1.41218e+08	2.06303e+08	1.38997e+08	2.54339e+08	2.49504e+08	2.40297e+08	2.55257e+08	2.38238e+08	2.47405e+08	2.682e+08	2.60386e+08	2.60155e+08	1.52558e+08	2.33116e+08	2.1357e+08	2.12626e+08	1.94407e+08	2.15572e+08	2.13193e+08	2.06707e+08	2.20773e+08	1.26283e+08	1.74689e+08	1.75071e+08	1.75203e+08	1.92395e+08	1.80255e+08	3.13143e+08	3.22401e+08	2.62239e+08	2.97263e+08	3.13094e+08	2.79378e+08
ERR608199	2.82132e+08	3.35506e+08	3.3263e+08	3.36307e+08	2.86255e+08	2.89794e+08	2.9133e+08	2.98747e+08	2.88947e+08	2.53357e+08	2.77256e+08	2.78057e+08	3.88282e+08	3.37834e+08	3.36991e+08	3.30668e+08	3.81079e+08	3.59567e+08	3.23732e+08	3.21446e+08	3.23469e+08	3.60496e+08	2.66256e+08	3.28369e+08	2.78266e+08	4.11176e+08	6.0273e+08	3.94582e+08	4.1442e+08	4.15276e+08	2.6897e+08	2.73858e+08	3.29278e+08	2.76662e+08	3.29692e+08	3.01727e+08	3.23462e+08	2.57259e+08	3.48906e+08	2.53136e+08	2.449e+08	2.50459e+08	2.96304e+08	3.58182e+08	3.24624e+08	3.23855e+08	3.00469e+08	3.22663e+08	2.50563e+08	1.84962e+08	2.25559e+08	1.64094e+08	1.93559e+08	1.8935e+08	1.96066e+08	1.88377e+08	2.11516e+08	2.29687e+08	1.9406e+08	2.26572e+08	2.04292e+08	1.85745e+08	2.09649e+08	1.52715e+08	2.2115e+08	1.50172e+08	2.70585e+08	2.65711e+08	2.55865e+08	2.71903e+08	2.53347e+08	2.63533e+08	2.86264e+08	2.78165e+08	2.77926e+08	1.624e+08	2.49326e+08	2.2809e+08	2.26314e+08	2.06909e+08	2.29341e+08	2.26852e+08	2.19824e+08	2.34929e+08	1.33939e+08	1.85759e+08	1.86331e+08	1.86635e+08	2.04998e+08	1.91714e+08	3.31918e+08	3.41959e+08	2.77941e+08	3.1494e+08	3.31972e+08	2.95945e+08
ERR608198	2.54306e+08	3.01421e+08	2.98811e+08	3.01917e+08	2.57512e+08	2.60703e+08	2.63213e+08	2.69818e+08	2.61019e+08	2.2904e+08	2.50086e+08	2.51234e+08	3.48774e+08	3.03865e+08	3.03071e+08	2.98117e+08	3.4246e+08	3.23699e+08	2.92088e+08	2.89956e+08	2.91858e+08	3.24912e+08	2.41322e+08	2.96484e+08	2.53355e+08	3.71701e+08	3.94582e+08	5.04172e+08	3.74346e+08	3.75183e+08	2.42189e+08	2.46368e+08	2.96636e+08	2.48757e+08	2.96529e+08	2.71707e+08	2.92417e+08	2.32619e+08	3.14765e+08	2.29005e+08	2.21354e+08	2.26322e+08	2.66941e+08	3.22078e+08	2.92414e+08	2.91527e+08	2.70631e+08	2.9079e+08	2.23434e+08	1.6486e+08	2.01307e+08	1.4671e+08	1.72595e+08	1.68831e+08	1.7542e+08	1.68782e+08	1.89513e+08	2.05286e+08	1.73587e+08	2.02609e+08	1.80516e+08	1.62446e+08	1.85013e+08	1.33698e+08	1.9523e+08	1.31613e+08	2.41952e+08	2.37613e+08	2.28841e+08	2.43166e+08	2.26706e+08	2.35627e+08	2.55239e+08	2.47851e+08	2.47706e+08	1.45727e+08	2.21918e+08	2.03401e+08	2.02865e+08	1.85688e+08	2.05524e+08	2.03345e+08	1.97249e+08	2.10556e+08	1.20837e+08	1.66865e+08	1.67213e+08	1.67312e+08	1.83713e+08	1.72124e+08	2.99015e+08	3.07771e+08	2.50549e+08	2.8405e+08	2.98963e+08	2.66855e+08
ERR608200	2.68212e+08	3.18365e+08	3.15891e+08	3.18942e+08	2.71673e+08	2.75141e+08	2.77221e+08	2.84185e+08	2.74944e+08	2.41123e+08	2.63567e+08	2.6456e+08	3.68984e+08	3.21319e+08	3.20543e+08	3.14819e+08	3.62197e+08	3.42174e+08	3.07808e+08	3.05661e+08	3.07645e+08	3.42585e+08	2.53665e+08	3.12191e+08	2.64627e+08	3.92388e+08	4.1442e+08	3.74346e+08	5.51214e+08	3.96251e+08	2.55489e+08	2.6014e+08	3.13011e+08	2.62751e+08	3.12957e+08	2.86522e+08	3.07835e+08	2.44886e+08	3.31769e+08	2.40964e+08	2.32931e+08	2.38306e+08	2.81564e+08	3.40032e+08	3.0823e+08	3.07538e+08	2.8542e+08	3.06526e+08	2.36791e+08	1.74697e+08	2.13189e+08	1.55235e+08	1.82832e+08	1.78787e+08	1.85591e+08	1.78339e+08	2.0017e+08	2.17138e+08	1.83694e+08	2.14391e+08	1.92466e+08	1.7449e+08	1.97294e+08	1.43588e+08	2.08137e+08	1.41266e+08	2.55514e+08	2.51104e+08	2.41775e+08	2.56916e+08	2.39344e+08	2.48883e+08	2.70602e+08	2.62766e+08	2.62681e+08	1.53788e+08	2.35411e+08	2.15548e+08	2.1413e+08	1.95707e+08	2.16984e+08	2.14743e+08	2.08032e+08	2.22235e+08	1.26984e+08	1.75957e+08	1.76423e+08	1.76648e+08	1.94043e+08	1.81567e+08	3.1495e+08	3.24143e+08	2.63681e+08	2.99e+08	3.14825e+08	2.80762e+08
ERR608202	2.68507e+08	3.18673e+08	3.15795e+08	3.19029e+08	2.71826e+08	2.75315e+08	2.77714e+08	2.84875e+08	2.75547e+08	2.41665e+08	2.64002e+08	2.65229e+08	3.6852e+08	3.21093e+08	3.20246e+08	3.14618e+08	3.6195e+08	3.41974e+08	3.0833e+08	3.06163e+08	3.08133e+08	3.43162e+08	2.54194e+08	3.12899e+08	2.65395e+08	3.93487e+08	4.15276e+08	3.75183e+08	3.96251e+08	5.53169e+08	2.55639e+08	2.60105e+08	3.13195e+08	2.62689e+08	3.13232e+08	2.86783e+08	3.08463e+08	2.45246e+08	3.32266e+08	2.41391e+08	2.33436e+08	2.38751e+08	2.82007e+08	3.40686e+08	3.08857e+08	3.0799e+08	2.85814e+08	3.07103e+08	2.36915e+08	1.74962e+08	2.13562e+08	1.55432e+08	1.83086e+08	1.79077e+08	1.85856e+08	1.78624e+08	2.00691e+08	2.17413e+08	1.83824e+08	2.14521e+08	1.92799e+08	1.73814e+08	1.97809e+08	1.43088e+08	2.08667e+08	1.40923e+08	2.56745e+08	2.51902e+08	2.42709e+08	2.57756e+08	2.40286e+08	2.49821e+08	2.70878e+08	2.63157e+08	2.6306e+08	1.54125e+08	2.35505e+08	2.15789e+08	2.14767e+08	1.96401e+08	2.17615e+08	2.15295e+08	2.08758e+08	2.22984e+08	1.27456e+08	1.76361e+08	1.76746e+08	1.77123e+08	1.94312e+08	1.81961e+08	3.15917e+08	3.2516e+08	2.64532e+08	2.99934e+08	3.15904e+08	2.81745e+08
ERR608374	2.11981e+08	2.53045e+08	2.51243e+08	2.5359e+08	2.16289e+08	2.18628e+08	1.93981e+08	1.98974e+08	1.92704e+08	1.68573e+08	1.8508e+08	1.85298e+08	2.64687e+08	2.30172e+08	2.29244e+08	2.24268e+08	2.59928e+08	2.4422e+08	2.27898e+08	2.26755e+08	2.28116e+08	2.53392e+08	1.87171e+08	2.30962e+08	1.69963e+08	2.53181e+08	2.6897e+08	2.42189e+08	2.55489e+08	2.55639e+08	3.41001e+08	2.29553e+08	2.7208e+08	2.31827e+08	2.73684e+08	2.50375e+08	2.25735e+08	1.80253e+08	2.44129e+08	1.77418e+08	1.71987e+08	1.75855e+08	2.05515e+08	2.48994e+08	2.25535e+08	2.24981e+08	2.08972e+08	2.24095e+08	1.89033e+08	1.40217e+08	1.69831e+08	1.2398e+08	1.46814e+08	1.43657e+08	1.46079e+08	1.39788e+08	1.56779e+08	1.70916e+08	1.44557e+08	1.68702e+08	1.52885e+08	1.44623e+08	1.5707e+08	1.18981e+08	1.65616e+08	1.16996e+08	1.98824e+08	1.95559e+08	1.88038e+08	2.00278e+08	1.85965e+08	1.93867e+08	2.13905e+08	2.08063e+08	2.08185e+08	1.21067e+08	1.86935e+08	1.70757e+08	1.6968e+08	1.54974e+08	1.7189e+08	1.70147e+08	1.64524e+08	1.76092e+08	1.00595e+08	1.40386e+08	1.40782e+08	1.41013e+08	1.55002e+08	1.44806e+08	2.41515e+08	2.48518e+08	2.02503e+08	2.28435e+08	2.41488e+08	2.15461e+08
ERR608375	2.16063e+08	2.58582e+08	2.5664e+08	2.59177e+08	2.20739e+08	2.23275e+08	1.9753e+08	2.02688e+08	1.96268e+08	1.71629e+08	1.88641e+08	1.88638e+08	2.7064e+08	2.35257e+08	2.34336e+08	2.28811e+08	2.65901e+08	2.49375e+08	2.3243e+08	2.31258e+08	2.32492e+08	2.5832e+08	1.90318e+08	2.35247e+08	1.72463e+08	2.57663e+08	2.73858e+08	2.46368e+08	2.6014e+08	2.60105e+08	2.29553e+08	3.52945e+08	2.7752e+08	2.36926e+08	2.79516e+08	2.55301e+08	2.29808e+08	1.83449e+08	2.48745e+08	1.80757e+08	1.75023e+08	1.79083e+08	2.09671e+08	2.54066e+08	2.29935e+08	2.29739e+08	2.13083e+08	2.28697e+08	1.93532e+08	1.43437e+08	1.73779e+08	1.26743e+08	1.50287e+08	1.47057e+08	1.4938e+08	1.42797e+08	1.60141e+08	1.74888e+08	1.47845e+08	1.72666e+08	1.5704e+08	1.49439e+08	1.61294e+08	1.22791e+08	1.69976e+08	1.20644e+08	2.02962e+08	1.99722e+08	1.91967e+08	2.04669e+08	1.89763e+08	1.98119e+08	2.18988e+08	2.13062e+08	2.12956e+08	1.2351e+08	1.91614e+08	1.74796e+08	1.73356e+08	1.58294e+08	1.75491e+08	1.73731e+08	1.67878e+08	1.79835e+08	1.02444e+08	1.43358e+08	1.43702e+08	1.43937e+08	1.58383e+08	1.47782e+08	2.4588e+08	2.52986e+08	2.06134e+08	2.32497e+08	2.46034e+08	2.19359e+08
ERR608373	2.58834e+08	3.08382e+08	3.06136e+08	3.09125e+08	2.63161e+08	2.66455e+08	2.38945e+08	2.45177e+08	2.37358e+08	2.07404e+08	2.27526e+08	2.28202e+08	3.23914e+08	2.81388e+08	2.8036e+08	2.74523e+08	3.18131e+08	2.99224e+08	2.77554e+08	2.76156e+08	2.77682e+08	3.09313e+08	2.27942e+08	2.81451e+08	2.08167e+08	3.10267e+08	3.29278e+08	2.96636e+08	3.13011e+08	3.13195e+08	2.7208e+08	2.7752e+08	4.77806e+08	2.80223e+08	3.34221e+08	3.05497e+08	2.76075e+08	2.19541e+08	2.98167e+08	2.16137e+08	2.09167e+08	2.13983e+08	2.51329e+08	3.0511e+08	2.76301e+08	2.75363e+08	2.55536e+08	2.74364e+08	2.32877e+08	1.72317e+08	2.09562e+08	1.52685e+08	1.80382e+08	1.76606e+08	1.79691e+08	1.72229e+08	1.93203e+08	2.1018e+08	1.77744e+08	2.07598e+08	1.86829e+08	1.73422e+08	1.91782e+08	1.4275e+08	2.02303e+08	1.40301e+08	2.46645e+08	2.42317e+08	2.33346e+08	2.48145e+08	2.3099e+08	2.40392e+08	2.62728e+08	2.55426e+08	2.55403e+08	1.48898e+08	2.29307e+08	2.09592e+08	2.08804e+08	1.90869e+08	2.11459e+08	2.09286e+08	2.02788e+08	2.16839e+08	1.23932e+08	1.72555e+08	1.7283e+08	1.73175e+08	1.90169e+08	1.77869e+08	2.97567e+08	3.06124e+08	2.49078e+08	2.82057e+08	2.97661e+08	2.65375e+08
