	ERR637092	ERR637091	ERR637089	ERR637088	ERR637090	ERR637087	ERR614481	ERR614478	ERR614477	ERR614479	ERR614480	ERR614482	ERR613232	ERR613231	ERR613229	ERR613228	ERR613230	ERR613227	ERR622030	ERR622028	ERR622027	ERR622032	ERR622029	ERR622031	ERR618242	ERR618239	ERR618241	ERR618237	ERR618238	ERR618240	ERR607690	ERR607692	ERR607691	ERR607689	ERR607687	ERR607688	ERR635348	ERR635350	ERR635349	ERR635351	ERR635346	ERR635347	ERR630239	ERR630238	ERR630236	ERR630237	ERR630241	ERR630240	ERR613155	ERR613160	ERR613157	ERR613158	ERR613159	ERR613156	ERR612681	ERR612686	ERR612685	ERR612683	ERR612684	ERR612682	ERR608496	ERR608497	ERR608498	ERR608499	ERR608495	ERR608500	ERR605741	ERR605739	ERR605742	ERR605738	ERR605737	ERR605740	ERR607875	ERR607880	ERR607876	ERR607877	ERR607879	ERR607878	ERR630070	ERR630068	ERR630069	ERR630067	ERR630071	ERR630066	ERR618702	ERR618699	ERR618701	ERR618703	ERR618700	ERR618704	ERR606039	ERR606037	ERR606036	ERR606038	ERR606040	ERR606041
ERR637092	0	0.789956	0.799383	0.798196	0.789997	0.813193	0.939238	0.920711	0.950728	0.912544	0.938238	0.941007	0.93274	0.93173	0.906064	0.900816	0.936816	0.894428	0.903384	0.920289	0.909567	0.903355	0.917883	0.904004	0.873392	0.869691	0.874278	0.872937	0.874508	0.869679	0.907377	0.907187	0.906857	0.912605	0.927029	0.91136	1.08152	1.06743	1.06799	1.0674	1.06915	1.08154	0.967575	0.992229	0.966382	0.984007	0.976871	0.968026	1.03694	1.09541	1.04699	1.09863	1.09197	1.04634	1.07006	1.08638	1.08561	1.07794	1.08569	1.09702	1.06821	1.06363	1.05852	1.06121	1.09093	1.06158	1.10962	1.10817	1.11052	1.10685	1.09896	1.1104	1.08059	1.06788	1.07867	1.08061	1.06929	1.06854	0.900431	0.885508	0.922407	0.892143	0.898459	0.881279	1.08251	1.07528	1.0771	1.08208	1.07832	1.08432	1.08785	1.06977	1.09412	1.06847	1.09023	1.0906
ERR637091	0.789956	0	0.79874	0.796944	0.788629	0.81248	0.939321	0.920643	0.950912	0.912658	0.938445	0.940768	0.931836	0.931178	0.905276	0.899904	0.93669	0.893378	0.902824	0.919668	0.909024	0.902581	0.917346	0.903334	0.872512	0.86881	0.873244	0.872695	0.873743	0.869272	0.907306	0.907342	0.906836	0.912614	0.927028	0.910951	1.0809	1.06696	1.06734	1.06697	1.06908	1.08118	0.967624	0.992561	0.966511	0.984353	0.977192	0.968155	1.03683	1.09549	1.04664	1.09852	1.09215	1.04611	1.06992	1.08591	1.0855	1.07786	1.0852	1.09701	1.06763	1.06332	1.05795	1.06097	1.09098	1.06119	1.10909	1.1082	1.1105	1.10667	1.09875	1.11022	1.07988	1.06691	1.07822	1.07994	1.06867	1.06791	0.900298	0.885016	0.921779	0.891646	0.898112	0.880485	1.08236	1.07515	1.07684	1.08233	1.07821	1.08391	1.08724	1.06927	1.09378	1.06799	1.08943	1.09013
ERR637089	0.799383	0.79874	0	0.801209	0.798849	0.815843	0.943157	0.925008	0.954728	0.917263	0.942119	0.944612	0.935653	0.934935	0.909706	0.904244	0.939844	0.898522	0.907841	0.923911	0.91343	0.907496	0.921754	0.908174	0.879217	0.874771	0.879377	0.878465	0.879781	0.87594	0.911681	0.912213	0.911265	0.91667	0.930621	0.915392	1.08322	1.06939	1.06979	1.06888	1.07111	1.08355	0.971668	0.995716	0.970255	0.987877	0.980568	0.971798	1.03941	1.09704	1.04934	1.10005	1.09357	1.0486	1.0724	1.08857	1.08768	1.08008	1.08711	1.09903	1.06985	1.06573	1.06025	1.06332	1.09267	1.06365	1.11101	1.10965	1.11221	1.10836	1.10058	1.11195	1.08225	1.06969	1.08028	1.08232	1.0711	1.07016	0.905845	0.891068	0.926393	0.897334	0.903918	0.886773	1.08416	1.07726	1.07895	1.08414	1.08029	1.08597	1.08934	1.07135	1.09569	1.0702	1.09113	1.09176
ERR637088	0.798196	0.796944	0.801209	0	0.796943	0.813971	0.94403	0.926478	0.958672	0.918176	0.943486	0.945792	0.935419	0.934578	0.908828	0.903465	0.940455	0.895925	0.906098	0.922798	0.911945	0.905889	0.920792	0.907019	0.879895	0.874285	0.879859	0.879486	0.879871	0.875506	0.91197	0.911843	0.911651	0.91696	0.930688	0.914659	1.08255	1.06848	1.0688	1.06828	1.07047	1.08309	0.973881	0.997855	0.972264	0.990367	0.983871	0.97373	1.04017	1.0989	1.05049	1.10158	1.09542	1.04974	1.07101	1.08757	1.08686	1.07986	1.08632	1.09841	1.06847	1.06374	1.05859	1.06168	1.09302	1.06231	1.11191	1.1096	1.11314	1.10843	1.10039	1.11156	1.08098	1.06763	1.07899	1.08062	1.06906	1.06843	0.908816	0.891592	0.929642	0.898638	0.906217	0.886615	1.08428	1.07733	1.07907	1.084	1.08103	1.08582	1.08703	1.06882	1.09509	1.06744	1.08936	1.08988
ERR637090	0.789997	0.788629	0.798849	0.796943	0	0.81248	0.938656	0.920289	0.950514	0.91225	0.937958	0.940505	0.9323	0.931279	0.905646	0.900026	0.936937	0.89376	0.902348	0.919284	0.90847	0.902268	0.917146	0.902891	0.872953	0.868907	0.873476	0.87321	0.873579	0.869571	0.906378	0.906456	0.906226	0.911698	0.926046	0.910494	1.08119	1.06731	1.0674	1.067	1.06891	1.08126	0.96704	0.991561	0.965923	0.983559	0.976532	0.967548	1.0363	1.0951	1.0464	1.0981	1.09155	1.04579	1.06993	1.08624	1.08568	1.07817	1.08526	1.09736	1.06784	1.06338	1.05786	1.06099	1.09113	1.06141	1.10942	1.10808	1.11061	1.10659	1.09897	1.11024	1.0798	1.06718	1.07824	1.08014	1.06877	1.06794	0.900416	0.884776	0.921881	0.89161	0.89815	0.880282	1.08239	1.07523	1.07728	1.08233	1.07851	1.08417	1.08745	1.06945	1.09391	1.06817	1.0896	1.09045
ERR637087	0.813193	0.81248	0.815843	0.813971	0.81248	0	0.952262	0.936608	0.964016	0.928978	0.951603	0.953851	0.944513	0.943413	0.919812	0.915416	0.948276	0.909354	0.920118	0.935729	0.925816	0.920221	0.933544	0.920909	0.89265	0.888411	0.892223	0.892533	0.892724	0.88915	0.921501	0.921712	0.921064	0.926067	0.938732	0.9245	1.09346	1.08039	1.08063	1.08048	1.08227	1.09383	0.983835	1.00651	0.982299	0.999166	0.992694	0.983837	1.05093	1.10612	1.06067	1.10909	1.1028	1.06022	1.08301	1.09864	1.09803	1.09115	1.09741	1.10868	1.08048	1.07644	1.07123	1.0744	1.10275	1.07453	1.12181	1.11992	1.12284	1.11856	1.11134	1.12199	1.09175	1.0798	1.09056	1.09197	1.08123	1.08053	0.920175	0.905041	0.939433	0.911097	0.917814	0.901114	1.0943	1.08813	1.0899	1.09454	1.09136	1.09636	1.09904	1.08222	1.10602	1.08093	1.10134	1.10166
ERR614481	0.939238	0.939321	0.943157	0.94403	0.938656	0.952262	0	0.819326	0.848727	0.812409	0.833349	0.837242	0.977153	0.976617	0.954501	0.950074	0.981205	0.944941	0.960191	0.972763	0.964368	0.959584	0.972098	0.96031	0.899718	0.897066	0.90029	0.89865	0.900619	0.89702	0.900323	0.900107	0.900371	0.905686	0.919104	0.906154	1.1152	1.10325	1.10398	1.10377	1.10511	1.11484	0.921195	0.946588	0.921074	0.937925	0.930228	0.921136	1.09467	1.14221	1.10207	1.14507	1.13936	1.10188	1.11193	1.12586	1.12523	1.11779	1.12512	1.13487	1.11506	1.11208	1.10657	1.10933	1.13214	1.10905	1.14194	1.14202	1.14345	1.14075	1.1344	1.14462	1.12374	1.11388	1.12257	1.12398	1.11446	1.11423	0.946681	0.933554	0.966591	0.939557	0.945285	0.929473	1.12103	1.11465	1.11649	1.12096	1.11709	1.12247	1.13071	1.11556	1.13442	1.11451	1.13242	1.13337
ERR614478	0.920711	0.920643	0.925008	0.926478	0.920289	0.936608	0.819326	0	0.825926	0.782865	0.817702	0.822502	0.962689	0.962103	0.936711	0.931483	0.966937	0.9261	0.939801	0.953957	0.944662	0.939032	0.953349	0.940263	0.875937	0.8731	0.876773	0.874371	0.87785	0.873532	0.882168	0.882303	0.881923	0.888186	0.903482	0.889205	1.09916	1.08655	1.08721	1.0868	1.08784	1.09899	0.897711	0.926429	0.897196	0.916606	0.907348	0.897908	1.07568	1.12746	1.08359	1.13084	1.12435	1.08355	1.09555	1.11106	1.10993	1.10156	1.10982	1.12022	1.09939	1.09632	1.09022	1.09297	1.11761	1.09288	1.12596	1.12667	1.12773	1.12537	1.11884	1.1296	1.10915	1.09821	1.10781	1.10935	1.09939	1.09915	0.922662	0.90907	0.944869	0.915523	0.92118	0.904319	1.10538	1.09775	1.09986	1.10544	1.10039	1.10712	1.11668	1.10019	1.11968	1.09894	1.11839	1.1194
ERR614477	0.950728	0.950912	0.954728	0.958672	0.950514	0.964016	0.848727	0.825926	0	0.822423	0.847021	0.851212	0.987709	0.986632	0.967448	0.964029	0.989771	0.961411	0.973667	0.984914	0.977889	0.972681	0.98398	0.973377	0.908532	0.907969	0.909602	0.906746	0.910852	0.907889	0.909289	0.909116	0.909372	0.914699	0.928239	0.917636	1.12457	1.11345	1.11443	1.11427	1.11473	1.12322	0.926486	0.951303	0.926979	0.942326	0.932861	0.927307	1.1017	1.14582	1.10789	1.14944	1.14386	1.10772	1.12223	1.13579	1.13452	1.12605	1.13435	1.14329	1.1261	1.12466	1.11881	1.12093	1.13866	1.12044	1.14789	1.14979	1.1496	1.14872	1.14315	1.15319	1.13376	1.12567	1.13278	1.13459	1.12669	1.12607	0.948993	0.942034	0.967684	0.946362	0.94795	0.938397	1.12905	1.1218	1.12318	1.12865	1.12362	1.13054	1.14394	1.12987	1.14383	1.12929	1.14501	1.14623
ERR614479	0.912544	0.912658	0.917263	0.918176	0.91225	0.928978	0.812409	0.782865	0.822423	0	0.811326	0.815979	0.956632	0.955989	0.92886	0.923085	0.961115	0.916558	0.931174	0.946279	0.935959	0.9306	0.945242	0.931472	0.867949	0.863954	0.868943	0.866991	0.869661	0.864762	0.87488	0.875422	0.874822	0.881272	0.897579	0.881681	1.09342	1.07972	1.08082	1.08036	1.0818	1.09331	0.890412	0.920271	0.890146	0.910861	0.901224	0.89089	1.06977	1.12349	1.07831	1.12685	1.12041	1.07811	1.08899	1.10522	1.10417	1.09582	1.10408	1.11496	1.09297	1.08949	1.0835	1.08664	1.11307	1.08618	1.12126	1.12138	1.12282	1.12017	1.11301	1.1244	1.10312	1.09184	1.10197	1.10344	1.09282	1.09262	0.916331	0.900555	0.93971	0.908206	0.914639	0.895382	1.10025	1.09245	1.09465	1.10002	1.09508	1.10178	1.10988	1.09274	1.11416	1.09134	1.11178	1.11308
ERR614480	0.938238	0.938445	0.942119	0.943486	0.937958	0.951603	0.833349	0.817702	0.847021	0.811326	0	0.835989	0.976555	0.976083	0.9537	0.949211	0.980146	0.94417	0.959524	0.972666	0.963904	0.958823	0.97184	0.960008	0.898884	0.896097	0.899099	0.897726	0.899992	0.89626	0.898547	0.898906	0.898689	0.904063	0.917406	0.904637	1.11469	1.10296	1.10362	1.10328	1.10469	1.11461	0.919275	0.944783	0.919601	0.936325	0.928142	0.919469	1.09398	1.14199	1.10172	1.14487	1.13902	1.10138	1.11177	1.12571	1.12501	1.11749	1.12479	1.13453	1.11459	1.11196	1.10634	1.10895	1.13179	1.10891	1.14155	1.14139	1.143	1.14034	1.13422	1.14419	1.12351	1.11351	1.12213	1.12368	1.11447	1.11408	0.945436	0.932578	0.965357	0.938691	0.944221	0.928621	1.12095	1.11425	1.11618	1.12068	1.11662	1.12229	1.13031	1.11513	1.13419	1.11401	1.13209	1.13326
ERR614482	0.941007	0.940768	0.944612	0.945792	0.940505	0.953851	0.837242	0.822502	0.851212	0.815979	0.835989	0	0.978467	0.978343	0.956338	0.9518	0.98207	0.946742	0.961987	0.974716	0.966573	0.961628	0.97394	0.96249	0.901885	0.899262	0.90221	0.901193	0.90325	0.899836	0.902501	0.902085	0.902171	0.907589	0.920154	0.907842	1.11656	1.10474	1.10557	1.10533	1.10646	1.11631	0.923737	0.949213	0.923849	0.940612	0.932997	0.923975	1.09595	1.14299	1.10339	1.14606	1.14022	1.1032	1.11344	1.12756	1.12666	1.11919	1.12636	1.13621	1.11668	1.114	1.10856	1.11112	1.13376	1.1109	1.14326	1.14317	1.14471	1.14208	1.13582	1.14583	1.12521	1.11538	1.12377	1.12526	1.11622	1.11593	0.948696	0.935462	0.968231	0.941891	0.947069	0.93158	1.12229	1.11603	1.11788	1.12243	1.11845	1.12394	1.13226	1.11702	1.13579	1.11616	1.13368	1.13515
ERR613232	0.93274	0.931836	0.935653	0.935419	0.9323	0.944513	0.977153	0.962689	0.987709	0.956632	0.976555	0.978467	0	0.842672	0.815432	0.809521	0.848824	0.804861	0.894382	0.904565	0.898785	0.89377	0.902758	0.894509	0.921981	0.919057	0.922781	0.922553	0.922526	0.919407	0.963194	0.963523	0.962916	0.967498	0.979264	0.966214	1.09905	1.08704	1.0875	1.08713	1.08838	1.0991	1.00255	1.02406	1.00137	1.01707	1.0108	1.00253	1.02827	1.06163	1.03377	1.06341	1.0593	1.03367	1.0531	1.0627	1.06193	1.05793	1.06157	1.06889	1.09064	1.08752	1.08247	1.08481	1.10969	1.08524	1.07668	1.07714	1.07781	1.0751	1.07028	1.07862	1.09896	1.08873	1.09781	1.09905	1.08998	1.089	0.944096	0.929368	0.963261	0.935748	0.942189	0.925008	1.10152	1.09548	1.09713	1.10118	1.0983	1.10275	1.09595	1.07997	1.10139	1.07894	1.09758	1.09849
ERR613231	0.93173	0.931178	0.934935	0.934578	0.931279	0.943413	0.976617	0.962103	0.986632	0.955989	0.976083	0.978343	0.842672	0	0.815559	0.809559	0.848411	0.804847	0.89468	0.904599	0.899271	0.894088	0.902977	0.894717	0.92087	0.917615	0.921755	0.921432	0.921485	0.918448	0.962373	0.962929	0.96264	0.9669	0.978447	0.965964	1.09794	1.08594	1.08652	1.08594	1.08716	1.09787	1.00158	1.02363	1.0007	1.0163	1.01023	1.00186	1.02796	1.0617	1.03372	1.06392	1.05958	1.03326	1.05307	1.0626	1.0623	1.05784	1.06196	1.06909	1.08968	1.08635	1.08151	1.08392	1.1084	1.08422	1.07721	1.07715	1.0778	1.07511	1.07045	1.07901	1.09785	1.08766	1.09662	1.09775	1.08891	1.08784	0.942413	0.928439	0.962194	0.934222	0.94093	0.923488	1.10057	1.09463	1.09619	1.10038	1.09701	1.1018	1.09517	1.07924	1.10052	1.0781	1.09667	1.09748
ERR613229	0.906064	0.905276	0.909706	0.908828	0.905646	0.919812	0.954501	0.936711	0.967448	0.92886	0.9537	0.956338	0.815432	0.815559	0	0.768134	0.823063	0.761164	0.86182	0.874484	0.867185	0.861812	0.872374	0.862305	0.892675	0.887869	0.893246	0.893045	0.892714	0.888855	0.939297	0.939544	0.939519	0.944212	0.957465	0.942585	1.07859	1.06491	1.06521	1.06493	1.06645	1.07889	0.974345	0.998902	0.972854	0.991199	0.98458	0.97446	1.00187	1.04181	1.0084	1.04399	1.03893	1.00835	1.0292	1.04071	1.0399	1.03507	1.0396	1.04769	1.06859	1.06468	1.0591	1.06212	1.09084	1.06218	1.05537	1.05568	1.0562	1.0531	1.04751	1.05711	1.07861	1.0669	1.07713	1.07861	1.06793	1.06711	0.915052	0.89694	0.937584	0.904785	0.913106	0.891203	1.08167	1.07466	1.07678	1.08131	1.0778	1.08308	1.07391	1.05585	1.08089	1.05476	1.07579	1.07664
ERR613228	0.900816	0.899904	0.904244	0.903465	0.900026	0.915416	0.950074	0.931483	0.964029	0.923085	0.949211	0.9518	0.809521	0.809559	0.768134	0	0.817864	0.75224	0.854518	0.867116	0.859315	0.853925	0.865327	0.854483	0.887392	0.882684	0.887891	0.887972	0.887804	0.883475	0.934231	0.934756	0.934261	0.939235	0.953104	0.937741	1.07348	1.05947	1.0599	1.05953	1.06096	1.07401	0.969178	0.994357	0.967894	0.986079	0.979336	0.969088	0.995674	1.03651	1.00278	1.0389	1.03401	1.00246	1.02283	1.03429	1.03393	1.02902	1.03378	1.04182	1.06356	1.05901	1.05367	1.05673	1.08664	1.05697	1.04916	1.04967	1.05037	1.04703	1.04142	1.05108	1.07394	1.06159	1.07259	1.0737	1.06309	1.0621	0.910237	0.891026	0.933604	0.899279	0.908125	0.885458	1.07708	1.06998	1.07209	1.0769	1.07334	1.0785	1.06907	1.05036	1.07643	1.04922	1.07108	1.07183
ERR613230	0.936816	0.93669	0.939844	0.940455	0.936937	0.948276	0.981205	0.966937	0.989771	0.961115	0.980146	0.98207	0.848824	0.848411	0.823063	0.817864	0	0.8139	0.9003	0.909278	0.904713	0.89993	0.907699	0.900118	0.927053	0.924323	0.927487	0.927351	0.927709	0.924399	0.967079	0.967537	0.96728	0.971663	0.982654	0.970578	1.10334	1.09189	1.09219	1.09208	1.093	1.10335	1.00653	1.02782	1.00567	1.02079	1.01478	1.00679	1.03246	1.06443	1.03771	1.06625	1.06234	1.03743	1.05796	1.06714	1.0667	1.06248	1.06644	1.07293	1.09539	1.09262	1.08772	1.0901	1.11286	1.09021	1.08098	1.08128	1.08188	1.07935	1.07511	1.08306	1.10333	1.09345	1.1019	1.10349	1.09463	1.0938	0.947583	0.934557	0.966082	0.940411	0.946124	0.930371	1.10541	1.09956	1.10096	1.10516	1.10197	1.10679	1.10141	1.08583	1.10581	1.085	1.10284	1.10365
ERR613227	0.894428	0.893378	0.898522	0.895925	0.89376	0.909354	0.944941	0.9261	0.961411	0.916558	0.94417	0.946742	0.804861	0.804847	0.761164	0.75224	0.8139	0	0.848267	0.863347	0.854326	0.8487	0.861318	0.849297	0.881105	0.875455	0.881536	0.882126	0.881554	0.87625	0.929542	0.929806	0.929195	0.934479	0.94846	0.931719	1.06794	1.0532	1.05385	1.0533	1.05513	1.06881	0.963753	0.98973	0.962155	0.981706	0.975014	0.963809	0.992617	1.03692	1.00089	1.03914	1.0341	1.00066	1.01852	1.03128	1.03112	1.02651	1.03039	1.03973	1.05671	1.05173	1.04652	1.04981	1.08245	1.05	1.04803	1.0476	1.04894	1.04486	1.03886	1.04851	1.06836	1.05479	1.0667	1.06789	1.0562	1.05523	0.906343	0.884509	0.930244	0.893821	0.904083	0.878229	1.0725	1.06536	1.06778	1.07222	1.06902	1.07382	1.06229	1.04263	1.07106	1.04112	1.06445	1.06533
ERR622030	0.903384	0.902824	0.907841	0.906098	0.902348	0.920118	0.960191	0.939801	0.973667	0.931174	0.959524	0.961987	0.894382	0.89468	0.86182	0.854518	0.9003	0.848267	0	0.742755	0.732414	0.721249	0.741058	0.722422	0.891089	0.88581	0.891747	0.891431	0.891405	0.887194	0.938216	0.938329	0.938001	0.9435	0.958437	0.941954	1.08625	1.07198	1.07283	1.07235	1.07444	1.08683	0.979697	1.00555	0.978519	0.997549	0.990367	0.979988	0.985902	1.02701	0.993086	1.03	1.02447	0.992737	1.02026	1.03237	1.03161	1.02635	1.03143	1.04002	1.07815	1.07381	1.06818	1.0714	1.10185	1.07151	1.0532	1.05385	1.05425	1.0513	1.04573	1.0556	1.087	1.07368	1.08521	1.08635	1.07497	1.07499	0.914897	0.8963	0.938221	0.904537	0.912734	0.890376	1.09178	1.08475	1.08667	1.09159	1.08804	1.09287	1.08167	1.06283	1.0887	1.06154	1.08354	1.08479
ERR622028	0.920289	0.919668	0.923911	0.922798	0.919284	0.935729	0.972763	0.953957	0.984914	0.946279	0.972666	0.974716	0.904565	0.904599	0.874484	0.867116	0.909278	0.863347	0.742755	0	0.747525	0.742701	0.75445	0.743527	0.908549	0.904242	0.909614	0.908477	0.90921	0.905493	0.952067	0.952029	0.952022	0.957177	0.971201	0.955954	1.09727	1.08389	1.08446	1.08399	1.08609	1.09721	0.992835	1.01694	0.991509	1.00947	1.00225	0.992948	0.993328	1.02862	0.998739	1.03169	1.02662	0.998671	1.02843	1.03853	1.0379	1.03281	1.03773	1.04487	1.0902	1.08633	1.08089	1.08398	1.1115	1.08379	1.05751	1.0589	1.05853	1.05643	1.05184	1.06081	1.09805	1.08599	1.09631	1.09762	1.08713	1.08725	0.929358	0.912756	0.950851	0.920003	0.927084	0.907214	1.10167	1.09498	1.09685	1.1015	1.09756	1.10314	1.09352	1.0757	1.09928	1.07468	1.0954	1.09646
ERR622027	0.909567	0.909024	0.91343	0.911945	0.90847	0.925816	0.964368	0.944662	0.977889	0.935959	0.963904	0.966573	0.898785	0.899271	0.867185	0.859315	0.904713	0.854326	0.732414	0.747525	0	0.732312	0.745972	0.733392	0.898342	0.892512	0.898805	0.898103	0.898426	0.894585	0.943377	0.943487	0.943498	0.948227	0.962878	0.946978	1.08886	1.07467	1.07534	1.07492	1.07694	1.08925	0.984294	1.00913	0.982692	1.0016	0.994541	0.984452	0.988034	1.02752	0.99452	1.03067	1.02541	0.994326	1.02228	1.03374	1.0331	1.02791	1.03277	1.04103	1.08098	1.07693	1.07126	1.07442	1.10419	1.07424	1.05348	1.05438	1.05465	1.05204	1.04638	1.05638	1.08982	1.07693	1.08785	1.08915	1.07819	1.07819	0.920415	0.902295	0.943452	0.910031	0.918338	0.896508	1.094	1.08689	1.08889	1.09345	1.08992	1.09517	1.08431	1.06596	1.09096	1.06467	1.08608	1.08745
ERR622032	0.903355	0.902581	0.907496	0.905889	0.902268	0.920221	0.959584	0.939032	0.972681	0.9306	0.958823	0.961628	0.89377	0.894088	0.861812	0.853925	0.89993	0.8487	0.721249	0.742701	0.732312	0	0.741334	0.722164	0.889652	0.884779	0.890612	0.890172	0.89056	0.886061	0.938149	0.938162	0.938215	0.943382	0.958304	0.942269	1.08504	1.07085	1.07168	1.07124	1.07313	1.08558	0.979511	1.00499	0.977906	0.997047	0.989502	0.979579	0.985723	1.02641	0.992401	1.02972	1.02439	0.992389	1.0195	1.03175	1.03133	1.02562	1.03066	1.03944	1.07764	1.0732	1.06754	1.071	1.10097	1.07083	1.05207	1.05296	1.05291	1.05052	1.04496	1.0547	1.08627	1.07312	1.08447	1.08576	1.07422	1.07424	0.91416	0.895751	0.937159	0.903873	0.91177	0.88961	1.09066	1.08367	1.08588	1.0903	1.08683	1.09193	1.0812	1.06219	1.08782	1.0608	1.08336	1.08424
ERR622029	0.917883	0.917346	0.921754	0.920792	0.917146	0.933544	0.972098	0.953349	0.98398	0.945242	0.97184	0.97394	0.902758	0.902977	0.872374	0.865327	0.907699	0.861318	0.741058	0.75445	0.745972	0.741334	0	0.742284	0.906686	0.901991	0.907331	0.906636	0.906888	0.903362	0.951022	0.951066	0.950822	0.955765	0.969785	0.95423	1.09719	1.08385	1.08443	1.08425	1.08607	1.0974	0.992496	1.01672	0.991424	1.00931	1.00208	0.992887	0.993141	1.02847	0.998886	1.03155	1.02636	0.998914	1.02824	1.03875	1.03793	1.03305	1.03781	1.04514	1.09001	1.08615	1.0806	1.08371	1.1116	1.08359	1.0583	1.05924	1.05918	1.05697	1.05216	1.06117	1.098	1.08578	1.09641	1.09757	1.08697	1.08704	0.928592	0.912135	0.950134	0.919457	0.926679	0.906611	1.10207	1.09544	1.09716	1.10158	1.09811	1.10336	1.09329	1.07574	1.09918	1.07462	1.09524	1.09625
ERR622031	0.904004	0.903334	0.908174	0.907019	0.902891	0.920909	0.96031	0.940263	0.973377	0.931472	0.960008	0.96249	0.894509	0.894717	0.862305	0.854483	0.900118	0.849297	0.722422	0.743527	0.733392	0.722164	0.742284	0	0.891279	0.886508	0.892108	0.891455	0.891749	0.887455	0.938546	0.938724	0.938669	0.943818	0.958703	0.942832	1.08683	1.07285	1.07369	1.07307	1.07531	1.08741	0.979666	1.00512	0.978393	0.997035	0.990073	0.979922	0.986268	1.02662	0.993022	1.02975	1.02451	0.99282	1.0211	1.03301	1.0325	1.02692	1.03211	1.04056	1.07929	1.07508	1.06947	1.07272	1.10273	1.07281	1.05321	1.0541	1.05429	1.05155	1.04639	1.05595	1.08788	1.07477	1.08624	1.08739	1.07611	1.076	0.91482	0.896747	0.937956	0.904751	0.912904	0.890824	1.09246	1.08529	1.0874	1.09182	1.08831	1.09361	1.08266	1.0642	1.08979	1.06295	1.08477	1.08596
ERR618242	0.873392	0.872512	0.879217	0.879895	0.872953	0.89265	0.899718	0.875937	0.908532	0.867949	0.898884	0.901885	0.921981	0.92087	0.892675	0.887392	0.927053	0.881105	0.891089	0.908549	0.898342	0.889652	0.906686	0.891279	0	0.737054	0.740325	0.740036	0.743824	0.73476	0.894818	0.894991	0.895016	0.901092	0.918386	0.901748	1.06854	1.05432	1.0551	1.05459	1.05621	1.06841	0.933599	0.962544	0.933156	0.952593	0.94314	0.934145	1.03629	1.09452	1.04559	1.09834	1.09109	1.04529	1.06219	1.07931	1.0785	1.06908	1.07797	1.08999	1.05864	1.05496	1.0482	1.05153	1.0799	1.05162	1.0967	1.09767	1.0987	1.09601	1.08826	1.10079	1.07331	1.06108	1.07194	1.07397	1.0627	1.06223	0.869446	0.854884	0.895616	0.862226	0.867636	0.848912	1.07442	1.06651	1.0686	1.07395	1.06897	1.07607	1.08442	1.06656	1.08887	1.0656	1.08649	1.08751
ERR618239	0.869691	0.86881	0.874771	0.874285	0.868907	0.888411	0.897066	0.8731	0.907969	0.863954	0.896097	0.899262	0.919057	0.917615	0.887869	0.882684	0.924323	0.875455	0.88581	0.904242	0.892512	0.884779	0.901991	0.886508	0.737054	0	0.738981	0.734054	0.737282	0.73296	0.891279	0.891232	0.891173	0.897121	0.914935	0.89748	1.06407	1.04936	1.05026	1.04955	1.05131	1.06408	0.929932	0.959374	0.929201	0.949524	0.940225	0.930692	1.03178	1.09156	1.04146	1.0952	1.08813	1.04121	1.05703	1.07432	1.07349	1.06463	1.073	1.08565	1.0529	1.04867	1.04212	1.04544	1.07595	1.04563	1.09316	1.09294	1.09473	1.09141	1.08326	1.09599	1.06833	1.05525	1.06674	1.06834	1.05675	1.05643	0.867814	0.851029	0.89452	0.859027	0.865777	0.844592	1.0701	1.06204	1.06428	1.06986	1.06495	1.07163	1.07795	1.05935	1.08362	1.05821	1.07976	1.08097
ERR618241	0.874278	0.873244	0.879377	0.879859	0.873476	0.892223	0.90029	0.876773	0.909602	0.868943	0.899099	0.90221	0.922781	0.921755	0.893246	0.887891	0.927487	0.881536	0.891747	0.909614	0.898805	0.890612	0.907331	0.892108	0.740325	0.738981	0	0.742508	0.74598	0.736969	0.894926	0.89507	0.895432	0.901269	0.918197	0.901992	1.06977	1.05531	1.05624	1.05573	1.05711	1.06951	0.934183	0.962952	0.933651	0.953571	0.944076	0.935043	1.03727	1.09513	1.04637	1.09912	1.09181	1.04627	1.06315	1.08025	1.0791	1.07008	1.07885	1.09079	1.05895	1.05496	1.04875	1.0519	1.08047	1.05179	1.09816	1.09859	1.09981	1.09707	1.08923	1.10166	1.07388	1.06153	1.07239	1.07421	1.06331	1.0627	0.871426	0.856876	0.897406	0.864089	0.869553	0.850742	1.07529	1.06745	1.06953	1.0751	1.07018	1.07689	1.08446	1.06681	1.08937	1.06572	1.08638	1.08776
ERR618237	0.872937	0.872695	0.878465	0.879486	0.87321	0.892533	0.89865	0.874371	0.906746	0.866991	0.897726	0.901193	0.922553	0.921432	0.893045	0.887972	0.927351	0.882126	0.891431	0.908477	0.898103	0.890172	0.906636	0.891455	0.740036	0.734054	0.742508	0	0.74032	0.737258	0.89445	0.894614	0.89477	0.900737	0.918265	0.901849	1.0683	1.0541	1.05488	1.05437	1.05588	1.06804	0.931239	0.960284	0.930663	0.950277	0.940615	0.932245	1.03508	1.09327	1.04385	1.09738	1.09012	1.04388	1.06229	1.07922	1.07814	1.06876	1.07794	1.08978	1.05879	1.05536	1.04841	1.05173	1.07927	1.05159	1.09541	1.09675	1.09735	1.09533	1.08735	1.10034	1.07379	1.06193	1.07228	1.07437	1.06359	1.06314	0.866773	0.852897	0.892819	0.86008	0.864562	0.846589	1.07364	1.06519	1.06728	1.07323	1.06778	1.07551	1.08448	1.06687	1.08824	1.0657	1.08613	1.08733
ERR618238	0.874508	0.873743	0.879781	0.879871	0.873579	0.892724	0.900619	0.87785	0.910852	0.869661	0.899992	0.90325	0.922526	0.921485	0.892714	0.887804	0.927709	0.881554	0.891405	0.90921	0.898426	0.89056	0.906888	0.891749	0.743824	0.737282	0.74598	0.74032	0	0.73994	0.895482	0.89571	0.896054	0.901709	0.918804	0.902205	1.06952	1.05538	1.0558	1.05558	1.05683	1.0695	0.934946	0.96331	0.933939	0.954085	0.944536	0.935322	1.03664	1.09467	1.04601	1.09842	1.09163	1.04565	1.06287	1.07961	1.07906	1.0699	1.07863	1.09065	1.05882	1.05484	1.04833	1.05181	1.08044	1.05169	1.09788	1.09815	1.09969	1.09666	1.08895	1.10111	1.07359	1.06129	1.07201	1.07401	1.06288	1.06263	0.872283	0.856863	0.898115	0.864526	0.870161	0.850722	1.0751	1.06736	1.06917	1.07493	1.06994	1.07684	1.0837	1.06616	1.08901	1.06502	1.08568	1.08706
ERR618240	0.869679	0.869272	0.87594	0.875506	0.869571	0.88915	0.89702	0.873532	0.907889	0.864762	0.89626	0.899836	0.919407	0.918448	0.888855	0.883475	0.924399	0.87625	0.887194	0.905493	0.894585	0.886061	0.903362	0.887455	0.73476	0.73296	0.736969	0.737258	0.73994	0	0.891823	0.892231	0.891701	0.898205	0.915511	0.898438	1.06559	1.05114	1.05169	1.05101	1.05293	1.06585	0.931031	0.959982	0.930252	0.950705	0.941254	0.931801	1.03389	1.09308	1.04372	1.09686	1.08959	1.04335	1.05882	1.07604	1.07549	1.06655	1.07506	1.08739	1.05462	1.05028	1.04406	1.04723	1.07739	1.04732	1.09517	1.09517	1.09718	1.09364	1.08556	1.09791	1.06975	1.05709	1.06802	1.07016	1.05823	1.05835	0.868801	0.852591	0.895418	0.860826	0.866445	0.845982	1.0717	1.06384	1.06582	1.07181	1.06698	1.07356	1.07992	1.06169	1.08572	1.06062	1.08218	1.08333
ERR607690	0.907377	0.907306	0.911681	0.91197	0.906378	0.921501	0.900323	0.882168	0.909289	0.87488	0.898547	0.902501	0.963194	0.962373	0.939297	0.934231	0.967079	0.929542	0.938216	0.952067	0.943377	0.938149	0.951022	0.938546	0.894818	0.891279	0.894926	0.89445	0.895482	0.891823	0	0.792761	0.79215	0.801534	0.814768	0.799375	1.11426	1.10267	1.1032	1.1029	1.10438	1.11476	0.869838	0.888805	0.869727	0.882868	0.87694	0.869654	1.07508	1.12481	1.08342	1.12835	1.12237	1.08223	1.1108	1.12486	1.12403	1.11763	1.12386	1.13393	1.10964	1.10634	1.10151	1.104	1.1286	1.10386	1.14325	1.14195	1.14436	1.14098	1.13425	1.14407	1.11933	1.10852	1.11778	1.11915	1.10965	1.10934	0.924451	0.911402	0.944289	0.917318	0.922317	0.907337	1.12108	1.11511	1.11712	1.12129	1.11787	1.12257	1.12602	1.11107	1.13123	1.10996	1.12791	1.12895
ERR607692	0.907187	0.907342	0.912213	0.911843	0.906456	0.921712	0.900107	0.882303	0.909116	0.875422	0.898906	0.902085	0.963523	0.962929	0.939544	0.934756	0.967537	0.929806	0.938329	0.952029	0.943487	0.938162	0.951066	0.938724	0.894991	0.891232	0.89507	0.894614	0.89571	0.892231	0.792761	0	0.792992	0.802263	0.815617	0.800696	1.11428	1.10267	1.10351	1.1031	1.10457	1.11476	0.871451	0.890254	0.871201	0.883469	0.878594	0.871301	1.07563	1.12507	1.08368	1.12825	1.12238	1.08268	1.11138	1.12496	1.12426	1.11799	1.12413	1.134	1.11005	1.10673	1.10179	1.10456	1.12868	1.10446	1.14333	1.14203	1.14473	1.14104	1.13466	1.14435	1.11956	1.10882	1.11804	1.11961	1.10989	1.10983	0.924379	0.911504	0.944023	0.917284	0.922122	0.90797	1.12153	1.11565	1.1171	1.1215	1.11793	1.12271	1.12671	1.1115	1.13155	1.11036	1.1285	1.12946
ERR607691	0.906857	0.906836	0.911265	0.911651	0.906226	0.921064	0.900371	0.881923	0.909372	0.874822	0.898689	0.902171	0.962916	0.96264	0.939519	0.934261	0.96728	0.929195	0.938001	0.952022	0.943498	0.938215	0.950822	0.938669	0.895016	0.891173	0.895432	0.89477	0.896054	0.891701	0.79215	0.792992	0	0.801974	0.815397	0.800139	1.11377	1.10231	1.10276	1.10253	1.10425	1.11415	0.87055	0.88947	0.870755	0.883005	0.878263	0.87087	1.07519	1.12505	1.08359	1.12828	1.12243	1.08239	1.11067	1.12448	1.12387	1.11725	1.12348	1.1335	1.10968	1.10611	1.10113	1.10404	1.12865	1.10377	1.14264	1.14177	1.14398	1.1403	1.13411	1.14371	1.11881	1.10834	1.11737	1.11876	1.10919	1.10924	0.924124	0.91085	0.943731	0.91744	0.922172	0.907335	1.12077	1.11496	1.11651	1.12079	1.1178	1.12199	1.12518	1.11058	1.13066	1.10944	1.12746	1.12844
ERR607689	0.912605	0.912614	0.91667	0.91696	0.911698	0.926067	0.905686	0.888186	0.914699	0.881272	0.904063	0.907589	0.967498	0.9669	0.944212	0.939235	0.971663	0.934479	0.9435	0.957177	0.948227	0.943382	0.955765	0.943818	0.901092	0.897121	0.901269	0.900737	0.901709	0.898205	0.801534	0.802263	0.801974	0	0.818025	0.803911	1.11688	1.10527	1.10613	1.10545	1.10704	1.11709	0.876328	0.894572	0.876041	0.888056	0.883498	0.876241	1.07785	1.12706	1.08615	1.13029	1.12454	1.08505	1.11385	1.12732	1.12693	1.12022	1.1264	1.13636	1.11252	1.10919	1.10429	1.10689	1.13073	1.10674	1.14563	1.1441	1.14641	1.14305	1.13655	1.14616	1.12172	1.11129	1.1203	1.12151	1.11237	1.1122	0.929593	0.916971	0.948981	0.922742	0.928219	0.91333	1.12377	1.11767	1.11955	1.12348	1.12023	1.12485	1.12804	1.1135	1.13323	1.11216	1.12976	1.13068
ERR607687	0.927029	0.927028	0.930621	0.930688	0.926046	0.938732	0.919104	0.903482	0.928239	0.897579	0.917406	0.920154	0.979264	0.978447	0.957465	0.953104	0.982654	0.94846	0.958437	0.971201	0.962878	0.958304	0.969785	0.958703	0.918386	0.914935	0.918197	0.918265	0.918804	0.915511	0.814768	0.815617	0.815397	0.818025	0	0.815975	1.12686	1.11629	1.1167	1.11624	1.11798	1.12766	0.890253	0.906148	0.890065	0.900503	0.897022	0.890103	1.08996	1.13666	1.09753	1.13963	1.13391	1.09683	1.12404	1.13667	1.13654	1.13087	1.13625	1.14574	1.123	1.11979	1.11541	1.11777	1.14113	1.11765	1.15587	1.15404	1.15701	1.15321	1.14679	1.15588	1.13144	1.12161	1.13008	1.13142	1.12277	1.12221	0.947111	0.934841	0.965337	0.93996	0.945475	0.931534	1.13381	1.12876	1.13017	1.13404	1.13121	1.13504	1.13767	1.12387	1.14316	1.12262	1.13971	1.14053
ERR607688	0.91136	0.910951	0.915392	0.914659	0.910494	0.9245	0.906154	0.889205	0.917636	0.881681	0.904637	0.907842	0.966214	0.965964	0.942585	0.937741	0.970578	0.931719	0.941954	0.955954	0.946978	0.942269	0.95423	0.942832	0.901748	0.89748	0.901992	0.901849	0.902205	0.898438	0.799375	0.800696	0.800139	0.803911	0.815975	0	1.11694	1.10541	1.10593	1.10539	1.10721	1.11767	0.875417	0.893384	0.87509	0.887595	0.883572	0.87575	1.07906	1.12863	1.08743	1.13132	1.12585	1.08641	1.11362	1.12732	1.12695	1.12104	1.12642	1.13669	1.11232	1.10823	1.10384	1.10653	1.13191	1.10644	1.14686	1.14449	1.14784	1.14384	1.13704	1.14647	1.12182	1.11051	1.12012	1.12117	1.11152	1.11155	0.931539	0.916996	0.951008	0.923464	0.929744	0.913108	1.12447	1.11904	1.12025	1.12439	1.1217	1.12564	1.12696	1.1123	1.13357	1.11093	1.12933	1.12999
ERR635348	1.08152	1.0809	1.08322	1.08255	1.08119	1.09346	1.1152	1.09916	1.12457	1.09342	1.11469	1.11656	1.09905	1.09794	1.07859	1.07348	1.10334	1.06794	1.08625	1.09727	1.08886	1.08504	1.09719	1.08683	1.06854	1.06407	1.06977	1.0683	1.06952	1.06559	1.11426	1.11428	1.11377	1.11688	1.12686	1.11694	0	0.782053	0.782206	0.78148	0.78258	0.800432	1.12813	1.14534	1.1267	1.13977	1.13447	1.12818	0.940104	1.00827	0.951681	1.01195	1.0043	0.951811	0.913513	0.935191	0.934488	0.922141	0.934036	0.95113	0.894726	0.888884	0.881136	0.88525	0.924028	0.884961	0.94369	0.943682	0.945443	0.939456	0.928605	0.945762	0.921812	0.90665	0.919657	0.922416	0.908575	0.908418	1.10207	1.08796	1.1193	1.09557	1.10145	1.08403	0.921871	0.91146	0.913751	0.920718	0.91543	0.922411	0.921059	0.896407	0.925795	0.895821	0.922335	0.924547
ERR635350	1.06743	1.06696	1.06939	1.06848	1.06731	1.08039	1.10325	1.08655	1.11345	1.07972	1.10296	1.10474	1.08704	1.08594	1.06491	1.05947	1.09189	1.0532	1.07198	1.08389	1.07467	1.07085	1.08385	1.07285	1.05432	1.04936	1.05531	1.0541	1.05538	1.05114	1.10267	1.10267	1.10231	1.10527	1.11629	1.10541	0.782053	0	0.754928	0.754075	0.761173	0.781865	1.11558	1.13382	1.11434	1.12789	1.1224	1.11548	0.920564	0.995474	0.93323	0.999235	0.990833	0.933376	0.893899	0.917666	0.91683	0.904015	0.916507	0.935054	0.873282	0.866613	0.85815	0.862811	0.907101	0.86262	0.926076	0.926354	0.927925	0.921723	0.909593	0.92844	0.905994	0.888767	0.903412	0.90646	0.890795	0.890888	1.08847	1.07339	1.1069	1.08121	1.08784	1.06931	0.903109	0.891302	0.893824	0.902074	0.895927	0.903846	0.900542	0.873801	0.906872	0.872479	0.902424	0.904492
ERR635349	1.06799	1.06734	1.06979	1.0688	1.0674	1.08063	1.10398	1.08721	1.11443	1.08082	1.10362	1.10557	1.0875	1.08652	1.06521	1.0599	1.09219	1.05385	1.07283	1.08446	1.07534	1.07168	1.08443	1.07369	1.0551	1.05026	1.05624	1.05488	1.0558	1.05169	1.1032	1.10351	1.10276	1.10613	1.1167	1.10593	0.782206	0.754928	0	0.753823	0.761444	0.782022	1.11655	1.13428	1.11503	1.12851	1.12322	1.11614	0.921096	0.995714	0.933889	0.999252	0.991472	0.93413	0.894383	0.917954	0.917318	0.90425	0.916896	0.935409	0.873961	0.866988	0.858783	0.863321	0.907511	0.862967	0.926482	0.92653	0.928548	0.922109	0.910147	0.928634	0.905971	0.88928	0.903634	0.906711	0.891211	0.89074	1.08949	1.07411	1.10749	1.08194	1.08868	1.06975	0.903218	0.891713	0.894082	0.902176	0.896202	0.903458	0.900871	0.873789	0.907343	0.872805	0.902556	0.904794
ERR635351	1.0674	1.06697	1.06888	1.06828	1.067	1.08048	1.10377	1.0868	1.11427	1.08036	1.10328	1.10533	1.08713	1.08594	1.06493	1.05953	1.09208	1.0533	1.07235	1.08399	1.07492	1.07124	1.08425	1.07307	1.05459	1.04955	1.05573	1.05437	1.05558	1.05101	1.1029	1.1031	1.10253	1.10545	1.11624	1.10539	0.78148	0.754075	0.753823	0	0.760318	0.78102	1.11622	1.13437	1.11485	1.12864	1.12315	1.11585	0.91986	0.995129	0.93291	0.999114	0.990861	0.933118	0.893613	0.917431	0.916807	0.903827	0.916102	0.93506	0.872171	0.865453	0.857016	0.861884	0.906819	0.861412	0.926449	0.926342	0.928426	0.921638	0.909903	0.928135	0.905756	0.888591	0.903553	0.906307	0.890509	0.890098	1.0894	1.07416	1.10768	1.08187	1.08866	1.06975	0.902472	0.890604	0.893627	0.901592	0.895577	0.902852	0.8998	0.872315	0.906411	0.871383	0.901213	0.903744
ERR635346	1.06915	1.06908	1.07111	1.07047	1.06891	1.08227	1.10511	1.08784	1.11473	1.0818	1.10469	1.10646	1.08838	1.08716	1.06645	1.06096	1.093	1.05513	1.07444	1.08609	1.07694	1.07313	1.08607	1.07531	1.05621	1.05131	1.05711	1.05588	1.05683	1.05293	1.10438	1.10457	1.10425	1.10704	1.11798	1.10721	0.78258	0.761173	0.761444	0.760318	0	0.782153	1.11721	1.13495	1.11588	1.12939	1.12396	1.11711	0.923436	0.996939	0.935665	1.00103	0.992848	0.936084	0.896884	0.920239	0.919426	0.90601	0.919253	0.93711	0.87701	0.870646	0.862084	0.866874	0.909622	0.866662	0.928197	0.928578	0.930035	0.923629	0.912237	0.930746	0.908464	0.892495	0.906077	0.908882	0.894144	0.893647	1.08992	1.07515	1.10824	1.08297	1.0895	1.07116	0.905106	0.893444	0.895962	0.903811	0.897843	0.905799	0.904388	0.877611	0.910163	0.876624	0.905492	0.907779
ERR635347	1.08154	1.08118	1.08355	1.08309	1.08126	1.09383	1.11484	1.09899	1.12322	1.09331	1.11461	1.11631	1.0991	1.09787	1.07889	1.07401	1.10335	1.06881	1.08683	1.09721	1.08925	1.08558	1.0974	1.08741	1.06841	1.06408	1.06951	1.06804	1.0695	1.06585	1.11476	1.11476	1.11415	1.11709	1.12766	1.11767	0.800432	0.781865	0.782022	0.78102	0.782153	0	1.12782	1.14488	1.12656	1.13905	1.13366	1.12766	0.940793	1.00757	0.950833	1.01146	1.00408	0.951374	0.913849	0.935279	0.934285	0.921402	0.93423	0.951006	0.895312	0.890179	0.882128	0.886288	0.923136	0.885798	0.940971	0.942013	0.943003	0.937559	0.927443	0.944672	0.921419	0.907575	0.919743	0.922691	0.909754	0.908953	1.10077	1.08763	1.11789	1.09467	1.10023	1.08355	0.920675	0.909632	0.911638	0.919481	0.913552	0.920996	0.921398	0.8975	0.925194	0.896804	0.922358	0.924743
ERR630239	0.967575	0.967624	0.971668	0.973881	0.96704	0.983835	0.921195	0.897711	0.926486	0.890412	0.919275	0.923737	1.00255	1.00158	0.974345	0.969178	1.00653	0.963753	0.979697	0.992835	0.984294	0.979511	0.992496	0.979666	0.933599	0.929932	0.934183	0.931239	0.934946	0.931031	0.869838	0.871451	0.87055	0.876328	0.890253	0.875417	1.12813	1.11558	1.11655	1.11622	1.11721	1.12782	0	0.799908	0.776773	0.791555	0.782688	0.773297	1.09001	1.14299	1.09826	1.14673	1.14055	1.0978	1.1244	1.13916	1.13813	1.12976	1.13817	1.14825	1.12748	1.1242	1.11817	1.1209	1.14538	1.12077	1.14735	1.14948	1.14893	1.14796	1.14155	1.15229	1.13823	1.12846	1.13695	1.13878	1.1294	1.1291	0.944474	0.933155	0.964845	0.938827	0.942798	0.929198	1.13288	1.12485	1.12706	1.13271	1.12771	1.1343	1.14081	1.12507	1.1438	1.12401	1.14264	1.14383
ERR630238	0.992229	0.992561	0.995716	0.997855	0.991561	1.00651	0.946588	0.926429	0.951303	0.920271	0.944783	0.949213	1.02406	1.02363	0.998902	0.994357	1.02782	0.98973	1.00555	1.01694	1.00913	1.00499	1.01672	1.00512	0.962544	0.959374	0.962952	0.960284	0.96331	0.959982	0.888805	0.890254	0.88947	0.894572	0.906148	0.893384	1.14534	1.13382	1.13428	1.13437	1.13495	1.14488	0.799908	0	0.798535	0.810156	0.805519	0.800509	1.10998	1.15904	1.11755	1.16253	1.15654	1.11701	1.14178	1.15551	1.15455	1.14683	1.1547	1.16402	1.14458	1.14162	1.13586	1.13846	1.161	1.13829	1.16356	1.16545	1.16524	1.16409	1.15833	1.1679	1.15452	1.14555	1.15363	1.15529	1.14632	1.14619	0.971768	0.961439	0.989992	0.966739	0.97048	0.957798	1.14952	1.14221	1.14435	1.14958	1.14479	1.15126	1.1573	1.14248	1.16019	1.14148	1.15887	1.16002
ERR630236	0.966382	0.966511	0.970255	0.972264	0.965923	0.982299	0.921074	0.897196	0.926979	0.890146	0.919601	0.923849	1.00137	1.0007	0.972854	0.967894	1.00567	0.962155	0.978519	0.991509	0.982692	0.977906	0.991424	0.978393	0.933156	0.929201	0.933651	0.930663	0.933939	0.930252	0.869727	0.871201	0.870755	0.876041	0.890065	0.87509	1.1267	1.11434	1.11503	1.11485	1.11588	1.12656	0.776773	0.798535	0	0.790739	0.784481	0.776632	1.08857	1.14178	1.09661	1.14593	1.13925	1.09636	1.12324	1.13802	1.13699	1.1287	1.13685	1.1472	1.126	1.12287	1.11659	1.11944	1.14427	1.11919	1.14613	1.14823	1.14772	1.14629	1.1403	1.15079	1.13698	1.12715	1.13606	1.1372	1.12803	1.12772	0.943878	0.931835	0.964729	0.938101	0.942573	0.927591	1.13168	1.12335	1.12561	1.13118	1.126	1.13316	1.13937	1.12332	1.14234	1.12214	1.14081	1.14177
ERR630237	0.984007	0.984353	0.987877	0.990367	0.983559	0.999166	0.937925	0.916606	0.942326	0.910861	0.936325	0.940612	1.01707	1.0163	0.991199	0.986079	1.02079	0.981706	0.997549	1.00947	1.0016	0.997047	1.00931	0.997035	0.952593	0.949524	0.953571	0.950277	0.954085	0.950705	0.882868	0.883469	0.883005	0.888056	0.900503	0.887595	1.13977	1.12789	1.12851	1.12864	1.12939	1.13905	0.791555	0.810156	0.790739	0	0.797331	0.792518	1.10315	1.15337	1.11071	1.15703	1.15079	1.11015	1.13646	1.1503	1.14936	1.14137	1.14943	1.15887	1.13933	1.13671	1.13069	1.13327	1.15577	1.13309	1.15788	1.1603	1.15961	1.15871	1.15274	1.16313	1.1495	1.14048	1.14853	1.15021	1.14125	1.14109	0.962217	0.952349	0.981612	0.957517	0.960899	0.948847	1.14406	1.13629	1.13856	1.14394	1.13877	1.14566	1.15248	1.13742	1.15482	1.13648	1.15376	1.15506
ERR630241	0.976871	0.977192	0.980568	0.983871	0.976532	0.992694	0.930228	0.907348	0.932861	0.901224	0.928142	0.932997	1.0108	1.01023	0.98458	0.979336	1.01478	0.975014	0.990367	1.00225	0.994541	0.989502	1.00208	0.990073	0.94314	0.940225	0.944076	0.940615	0.944536	0.941254	0.87694	0.878594	0.878263	0.883498	0.897022	0.883572	1.13447	1.1224	1.12322	1.12315	1.12396	1.13366	0.782688	0.805519	0.784481	0.797331	0	0.783701	1.09635	1.14746	1.10376	1.15132	1.1448	1.10339	1.13155	1.14561	1.14443	1.13586	1.14447	1.15426	1.13425	1.13182	1.12555	1.1282	1.15019	1.12784	1.15236	1.1553	1.15418	1.1538	1.14777	1.15837	1.14466	1.13572	1.14375	1.14553	1.1367	1.1365	0.951561	0.942791	0.971338	0.947964	0.950415	0.939249	1.13869	1.13036	1.13277	1.13842	1.13286	1.14013	1.14873	1.13324	1.15016	1.13248	1.14991	1.15111
ERR630240	0.968026	0.968155	0.971798	0.97373	0.967548	0.983837	0.921136	0.897908	0.927307	0.89089	0.919469	0.923975	1.00253	1.00186	0.97446	0.969088	1.00679	0.963809	0.979988	0.992948	0.984452	0.979579	0.992887	0.979922	0.934145	0.930692	0.935043	0.932245	0.935322	0.931801	0.869654	0.871301	0.87087	0.876241	0.890103	0.87575	1.12818	1.11548	1.11614	1.11585	1.11711	1.12766	0.773297	0.800509	0.776632	0.792518	0.783701	0	1.09043	1.14347	1.09874	1.1472	1.14069	1.09821	1.12444	1.13879	1.13788	1.12984	1.13805	1.14833	1.12702	1.12389	1.11779	1.12086	1.14518	1.1205	1.14752	1.14943	1.14899	1.14786	1.14171	1.15208	1.13813	1.12801	1.13675	1.13855	1.12897	1.12878	0.945713	0.933774	0.966333	0.940001	0.944285	0.929493	1.13275	1.12473	1.12705	1.13233	1.12744	1.13434	1.14048	1.1244	1.14358	1.12339	1.14228	1.14323
