	ERR629704	ERR629705	ERR629708	ERR629706	ERR629707	ERR629709	ERR605656	ERR605653	ERR605658	ERR605654	ERR605657	ERR605655	ERR608884	ERR608887	ERR608886	ERR608888	ERR608883	ERR608885	ERR613552	ERR613556	ERR613554	ERR613551	ERR613553	ERR613555	ERR631209	ERR631212	ERR631207	ERR631208	ERR631211	ERR631210	ERR613356	ERR613354	ERR613355	ERR613353	ERR613358	ERR613357	ERR636976	ERR636978	ERR636974	ERR636975	ERR636973	ERR636977	ERR608367	ERR608369	ERR608366	ERR608370	ERR608365	ERR608368	ERR607484	ERR607483	ERR607481	ERR607482	ERR607486	ERR607485	ERR614872	ERR614873	ERR614876	ERR614875	ERR614871	ERR614874	ERR616957	ERR616960	ERR616958	ERR616956	ERR616955	ERR616959	ERR616477	ERR616479	ERR616476	ERR616474	ERR616478	ERR616475	ERR616857	ERR616858	ERR616854	ERR616855	ERR616853	ERR616856	ERR630009	ERR630006	ERR630008	ERR630007	ERR630011	ERR630010	ERR608173	ERR608177	ERR608175	ERR608174	ERR608178	ERR608176	ERR605718	ERR605714	ERR605715	ERR605713	ERR605717	ERR605716
ERR629704	0	0.252685	0.235581	0.252539	0.235797	0.236962	0.394022	0.369743	0.384706	0.379869	0.381679	0.381377	0.28541	0.289802	0.293821	0.294225	0.277744	0.283642	0.319933	0.315197	0.31494	0.320578	0.319527	0.315698	0.452805	0.463097	0.461345	0.468991	0.461579	0.460598	0.37926	0.364998	0.351541	0.344309	0.418835	0.372946	0.311003	0.296358	0.320596	0.29499	0.29562	0.295174	0.300212	0.302905	0.304712	0.305307	0.345354	0.304719	0.433174	0.448309	0.446193	0.44296	0.432425	0.43304	0.400513	0.408411	0.379139	0.380036	0.405776	0.380096	0.600163	0.612646	0.613187	0.602214	0.601019	0.615698	0.408579	0.408119	0.414382	0.416245	0.408862	0.495887	0.399212	0.398822	0.391192	0.394873	0.392911	0.400167	0.36985	0.303347	0.309171	0.321222	0.323514	0.328541	0.525097	0.504418	0.512896	0.514254	0.508303	0.505184	0.478348	0.476806	0.477156	0.469266	0.476504	0.486923
ERR629705	0.252685	0	0.260648	0.239572	0.261626	0.265212	0.390636	0.378727	0.378174	0.38057	0.37527	0.379706	0.319114	0.285257	0.287928	0.286812	0.306069	0.316779	0.340687	0.321229	0.322589	0.341939	0.340347	0.321912	0.467986	0.468951	0.469367	0.476336	0.4672	0.466458	0.368722	0.354403	0.350275	0.353532	0.391309	0.364666	0.301578	0.308254	0.304416	0.305595	0.305364	0.309926	0.31647	0.321679	0.30674	0.307193	0.319056	0.321963	0.43458	0.441243	0.438496	0.436919	0.434319	0.434111	0.387653	0.394363	0.38208	0.381644	0.390363	0.38301	0.613048	0.613809	0.614997	0.613974	0.608913	0.616753	0.419437	0.419462	0.411918	0.412356	0.420532	0.470996	0.392541	0.393314	0.398995	0.409248	0.399564	0.392618	0.340706	0.30881	0.308626	0.309169	0.310192	0.312223	0.524247	0.514324	0.530837	0.526845	0.516402	0.516014	0.47499	0.478426	0.477246	0.475803	0.472988	0.486291
ERR629708	0.235581	0.260648	0	0.261248	0.233116	0.234275	0.398538	0.371938	0.388117	0.383131	0.384645	0.385096	0.282141	0.296784	0.301501	0.302056	0.275752	0.279792	0.317275	0.318002	0.317286	0.317668	0.316847	0.318487	0.453314	0.465686	0.463541	0.471656	0.464128	0.463102	0.386266	0.37078	0.355497	0.346612	0.426799	0.379394	0.316252	0.296405	0.326371	0.296837	0.298118	0.294534	0.302612	0.304672	0.309736	0.310253	0.353512	0.307232	0.436809	0.453276	0.451041	0.447682	0.435986	0.436784	0.406892	0.415302	0.382851	0.383977	0.412177	0.383631	0.600341	0.6133	0.614004	0.602841	0.601798	0.616509	0.408287	0.407655	0.418955	0.420844	0.408494	0.504207	0.402498	0.402273	0.393442	0.394918	0.394328	0.403701	0.375356	0.304746	0.312298	0.32525	0.325834	0.331683	0.528559	0.506162	0.51354	0.516069	0.510502	0.5067	0.481186	0.479675	0.480325	0.471489	0.479187	0.490571
ERR629706	0.252539	0.239572	0.261248	0	0.262373	0.265913	0.389824	0.377967	0.379274	0.379984	0.376727	0.379134	0.317266	0.282536	0.284929	0.283974	0.30458	0.315575	0.342066	0.32128	0.322892	0.343407	0.341618	0.322175	0.466907	0.467896	0.468269	0.474765	0.466093	0.465421	0.367072	0.35404	0.350123	0.352621	0.391136	0.363154	0.302855	0.309609	0.306094	0.305424	0.305158	0.311499	0.314691	0.319769	0.30513	0.306252	0.319225	0.319801	0.434366	0.441288	0.439045	0.436936	0.433778	0.433951	0.38793	0.394432	0.381988	0.381531	0.390999	0.382851	0.612046	0.614992	0.615995	0.61276	0.608481	0.617661	0.42105	0.421282	0.412005	0.412511	0.422122	0.470691	0.395656	0.396176	0.399455	0.410083	0.400825	0.395574	0.34344	0.309209	0.308826	0.310945	0.313337	0.315157	0.523561	0.512699	0.528546	0.524965	0.514695	0.51444	0.476158	0.478298	0.477283	0.475392	0.474389	0.486068
ERR629707	0.235797	0.261626	0.233116	0.262373	0	0.234301	0.3984	0.371693	0.388334	0.383177	0.384994	0.385132	0.281479	0.296904	0.301677	0.3024	0.27527	0.279202	0.317402	0.318593	0.317819	0.317822	0.316917	0.319071	0.452569	0.464999	0.462812	0.471138	0.463618	0.462485	0.386462	0.371292	0.35574	0.346541	0.427475	0.379503	0.316841	0.296548	0.327371	0.29738	0.2984	0.294853	0.302556	0.304496	0.31011	0.310415	0.354618	0.306784	0.436527	0.453382	0.451138	0.447717	0.435881	0.436659	0.407117	0.415468	0.382844	0.383952	0.412621	0.383612	0.599187	0.61293	0.613496	0.601795	0.600913	0.616124	0.407865	0.407358	0.418808	0.420621	0.408148	0.504534	0.403443	0.402933	0.393732	0.395156	0.395031	0.404562	0.376642	0.305326	0.313118	0.326343	0.327112	0.333024	0.527997	0.505296	0.512476	0.514926	0.5098	0.50586	0.481217	0.479575	0.480178	0.471245	0.479357	0.490292
ERR629709	0.236962	0.265212	0.234275	0.265913	0.234301	0	0.40053	0.37237	0.389938	0.38448	0.386378	0.386668	0.281066	0.301507	0.306185	0.306713	0.275619	0.278826	0.31715	0.320694	0.319513	0.317417	0.316681	0.321015	0.453451	0.467021	0.4647	0.47289	0.465495	0.464397	0.389535	0.373885	0.357732	0.34788	0.431232	0.382506	0.319486	0.29744	0.330036	0.298137	0.299231	0.295118	0.303398	0.305412	0.3124	0.312915	0.35804	0.308099	0.439094	0.456422	0.454138	0.450589	0.438313	0.43913	0.410708	0.419308	0.385289	0.386391	0.416276	0.385987	0.600181	0.614163	0.614974	0.602833	0.601905	0.617561	0.409204	0.408756	0.422004	0.423792	0.40948	0.509001	0.405922	0.40551	0.39518	0.395765	0.396058	0.40727	0.379335	0.305753	0.313928	0.32821	0.328507	0.334614	0.530177	0.506434	0.51318	0.516194	0.511157	0.506856	0.482864	0.480922	0.481742	0.47228	0.480774	0.492297
ERR605656	0.394022	0.390636	0.398538	0.389824	0.3984	0.40053	0	0.275518	0.274841	0.269605	0.277238	0.268121	0.41539	0.398299	0.397005	0.394988	0.412382	0.414555	0.422467	0.417624	0.41812	0.423487	0.422087	0.417735	0.461459	0.446972	0.4496	0.449601	0.446369	0.447044	0.332909	0.341735	0.347227	0.354888	0.356014	0.33414	0.397602	0.411118	0.399147	0.404407	0.40263	0.413117	0.406877	0.410284	0.399607	0.398934	0.404461	0.408315	0.468594	0.46282	0.464033	0.465374	0.469427	0.467864	0.455344	0.452012	0.464817	0.464294	0.456317	0.464997	0.483026	0.49085	0.489407	0.483637	0.480765	0.49271	0.502916	0.502684	0.486532	0.487503	0.502075	0.495557	0.500219	0.499862	0.490837	0.490619	0.495049	0.50084	0.38327	0.364066	0.359695	0.357804	0.379413	0.378633	0.451572	0.452602	0.471334	0.46025	0.451344	0.455335	0.432316	0.430177	0.429243	0.433796	0.433834	0.428311
ERR605653	0.369743	0.378727	0.371938	0.377967	0.371693	0.37237	0.275518	0	0.279364	0.266917	0.28019	0.270195	0.385693	0.388586	0.388732	0.38717	0.38514	0.384417	0.395591	0.400397	0.399652	0.396392	0.395157	0.400312	0.445029	0.440573	0.440581	0.442932	0.439721	0.439981	0.335311	0.338927	0.334499	0.334633	0.374158	0.333617	0.387188	0.388127	0.392721	0.38295	0.381519	0.388565	0.385303	0.387887	0.385406	0.384666	0.40674	0.387091	0.459105	0.46063	0.461703	0.461604	0.45952	0.458557	0.450565	0.449607	0.449476	0.449415	0.453708	0.449622	0.487715	0.502857	0.501965	0.489961	0.488799	0.505824	0.482879	0.482637	0.475944	0.477537	0.481945	0.509722	0.486978	0.486074	0.472816	0.469119	0.476494	0.487966	0.391018	0.344923	0.345565	0.351059	0.370227	0.372074	0.458793	0.447762	0.459939	0.455032	0.449064	0.449537	0.430368	0.425573	0.426634	0.423742	0.430782	0.429115
ERR605658	0.384706	0.378174	0.388117	0.379274	0.388334	0.389938	0.274841	0.279364	0	0.27169	0.265218	0.271328	0.412079	0.397187	0.396704	0.394153	0.407564	0.409561	0.410891	0.408461	0.408475	0.411759	0.410446	0.408661	0.463204	0.45043	0.452635	0.454878	0.449065	0.44977	0.335149	0.335618	0.340207	0.350702	0.350569	0.335573	0.385102	0.398314	0.385205	0.394511	0.392538	0.400011	0.403764	0.408468	0.395655	0.394611	0.393763	0.407046	0.465658	0.459958	0.459416	0.46142	0.466514	0.465181	0.447072	0.445841	0.457106	0.4563	0.447384	0.457381	0.499402	0.495886	0.496701	0.500057	0.492699	0.499426	0.492424	0.492219	0.480071	0.480453	0.492396	0.494655	0.485208	0.485049	0.482116	0.482154	0.483184	0.485457	0.363311	0.351919	0.347892	0.343117	0.357754	0.357033	0.459084	0.459394	0.482012	0.471047	0.459021	0.462249	0.425942	0.430113	0.429435	0.434367	0.425826	0.432176
ERR605654	0.379869	0.38057	0.383131	0.379984	0.383177	0.38448	0.269605	0.266917	0.27169	0	0.272915	0.266037	0.401527	0.392631	0.392576	0.39017	0.398996	0.400058	0.40633	0.405959	0.405873	0.407128	0.405814	0.406136	0.452482	0.44229	0.443604	0.44531	0.441248	0.442029	0.331653	0.335999	0.33692	0.342828	0.360015	0.331319	0.388423	0.396836	0.391363	0.391297	0.389517	0.398071	0.395542	0.399251	0.391014	0.390475	0.401083	0.39807	0.460672	0.457642	0.458236	0.459358	0.461319	0.460014	0.448032	0.446177	0.453663	0.453126	0.449692	0.453662	0.487514	0.495204	0.494453	0.488854	0.484936	0.497788	0.48936	0.489289	0.477513	0.478583	0.488701	0.498509	0.487804	0.487208	0.478103	0.47668	0.481096	0.488493	0.37991	0.350423	0.348209	0.348982	0.368255	0.368663	0.453711	0.449469	0.467215	0.458378	0.449408	0.451645	0.426201	0.424169	0.424402	0.425848	0.426987	0.426123
ERR605657	0.381679	0.37527	0.384645	0.376727	0.384994	0.386378	0.277238	0.28019	0.265218	0.272915	0	0.272791	0.409783	0.396544	0.396579	0.393823	0.405119	0.406962	0.407368	0.405613	0.40567	0.408293	0.407064	0.406024	0.463458	0.451413	0.453572	0.456159	0.449993	0.450601	0.336457	0.335248	0.339193	0.349378	0.351266	0.336703	0.382618	0.395198	0.382803	0.391752	0.390076	0.396684	0.402542	0.407132	0.394734	0.393465	0.39284	0.406014	0.465646	0.460246	0.459372	0.461515	0.466396	0.465123	0.446218	0.44543	0.455483	0.454733	0.446705	0.455785	0.503439	0.498852	0.49979	0.503961	0.496254	0.502643	0.489886	0.489914	0.479219	0.479587	0.490268	0.495864	0.4827	0.482455	0.480051	0.479966	0.480694	0.482871	0.361165	0.349855	0.345735	0.341271	0.354246	0.353972	0.461913	0.461443	0.484266	0.473586	0.461457	0.464216	0.426632	0.431288	0.430796	0.435532	0.425982	0.434165
ERR605655	0.381377	0.379706	0.385096	0.379134	0.385132	0.386668	0.268121	0.270195	0.271328	0.266037	0.272791	0	0.404126	0.391973	0.391412	0.389085	0.400944	0.402709	0.408329	0.406198	0.406061	0.409269	0.408004	0.406221	0.455675	0.444251	0.446025	0.447447	0.443228	0.443985	0.330241	0.334434	0.337604	0.34478	0.354893	0.330512	0.387422	0.398147	0.389488	0.39238	0.390727	0.399735	0.397519	0.400894	0.391534	0.390791	0.398457	0.399503	0.461676	0.457637	0.458335	0.459501	0.462515	0.461114	0.44746	0.445674	0.454885	0.454369	0.448832	0.455046	0.48888	0.495313	0.494701	0.48986	0.486015	0.498125	0.491753	0.491439	0.478151	0.478929	0.491205	0.495111	0.488673	0.488325	0.479657	0.479088	0.482981	0.489275	0.375737	0.352048	0.348584	0.347942	0.36698	0.366486	0.454459	0.452507	0.470955	0.461387	0.452279	0.455039	0.427334	0.426143	0.42544	0.428678	0.42807	0.426991
ERR608884	0.28541	0.319114	0.282141	0.317266	0.281479	0.281066	0.41539	0.385693	0.412079	0.401527	0.409783	0.404126	0	0.284492	0.289176	0.291242	0.238832	0.238232	0.327743	0.335446	0.333961	0.327815	0.327209	0.3356	0.460371	0.478777	0.475824	0.482587	0.478021	0.477003	0.403962	0.392736	0.374743	0.359156	0.453354	0.396876	0.343425	0.315901	0.356887	0.315022	0.31654	0.313049	0.296671	0.294629	0.31336	0.314138	0.37466	0.296995	0.459091	0.479899	0.479472	0.474764	0.458062	0.459207	0.442642	0.450153	0.411572	0.413538	0.449467	0.412593	0.602391	0.627414	0.62709	0.605939	0.609568	0.630078	0.430451	0.429715	0.44545	0.448087	0.429324	0.535472	0.442328	0.441375	0.422965	0.420149	0.426473	0.444125	0.4085	0.324061	0.333978	0.352001	0.357128	0.363623	0.542449	0.512983	0.51007	0.517702	0.517856	0.51231	0.508226	0.502048	0.503209	0.490503	0.50679	0.512152
ERR608887	0.289802	0.285257	0.296784	0.282536	0.296904	0.301507	0.398299	0.388586	0.397187	0.392631	0.396544	0.391973	0.284492	0	0.241397	0.241808	0.273048	0.285374	0.349539	0.325284	0.327624	0.3515	0.349206	0.325759	0.47306	0.475939	0.476013	0.480842	0.475303	0.474542	0.372597	0.367268	0.362441	0.361315	0.404822	0.369118	0.315064	0.320974	0.320643	0.314569	0.314054	0.323301	0.297942	0.300722	0.290286	0.29098	0.317169	0.299542	0.445608	0.455569	0.455219	0.452183	0.445294	0.445515	0.409895	0.414147	0.39943	0.399932	0.41419	0.40078	0.615036	0.62797	0.62745	0.616367	0.616601	0.629745	0.436541	0.436331	0.426019	0.426991	0.436062	0.485768	0.4234	0.423564	0.42053	0.429499	0.42551	0.423946	0.36569	0.322379	0.322861	0.326976	0.337474	0.339066	0.53023	0.515977	0.524824	0.523415	0.517626	0.516852	0.498492	0.496367	0.495526	0.491397	0.498012	0.501536
ERR608886	0.293821	0.287928	0.301501	0.284929	0.301677	0.306185	0.397005	0.388732	0.396704	0.392576	0.396579	0.391412	0.289176	0.241397	0	0.242207	0.27771	0.290229	0.354214	0.328576	0.331259	0.355947	0.353785	0.329238	0.473704	0.475495	0.475722	0.480246	0.474843	0.474189	0.37149	0.367275	0.363553	0.36314	0.402779	0.368287	0.316466	0.324582	0.322141	0.317604	0.316697	0.327384	0.300671	0.303665	0.291525	0.292218	0.316492	0.302111	0.446046	0.454938	0.454909	0.451917	0.445857	0.445752	0.410235	0.413926	0.40147	0.401829	0.414017	0.402584	0.614062	0.626836	0.626173	0.615328	0.615443	0.628493	0.439186	0.439154	0.426695	0.427605	0.438705	0.483207	0.425618	0.42565	0.423043	0.432501	0.428101	0.426105	0.365523	0.324477	0.324354	0.327655	0.339239	0.340714	0.52849	0.514846	0.524164	0.522362	0.516393	0.516008	0.49812	0.496122	0.495174	0.491537	0.497715	0.500592
ERR608888	0.294225	0.286812	0.302056	0.283974	0.3024	0.306713	0.394988	0.38717	0.394153	0.39017	0.393823	0.389085	0.291242	0.241808	0.242207	0	0.279461	0.292137	0.354501	0.328915	0.331274	0.356398	0.353965	0.32932	0.473029	0.474274	0.474745	0.479011	0.473479	0.472975	0.369182	0.364844	0.361308	0.361716	0.399414	0.366034	0.315808	0.324857	0.32057	0.317852	0.317124	0.32766	0.30157	0.304917	0.291519	0.292134	0.314243	0.303261	0.445001	0.453231	0.453161	0.450332	0.444683	0.444666	0.408889	0.41263	0.401331	0.40156	0.412673	0.40251	0.612628	0.62451	0.623872	0.613812	0.613701	0.626261	0.43909	0.439083	0.4261	0.426855	0.438645	0.481243	0.424861	0.425066	0.423083	0.432595	0.427994	0.425244	0.362291	0.323418	0.322856	0.325727	0.337094	0.338328	0.526496	0.513755	0.523734	0.521587	0.515057	0.514889	0.495871	0.494099	0.493002	0.489801	0.495203	0.498701
ERR608883	0.277744	0.306069	0.275752	0.30458	0.27527	0.275619	0.412382	0.38514	0.407564	0.398996	0.405119	0.400944	0.238832	0.273048	0.27771	0.279461	0	0.238554	0.323001	0.325781	0.324686	0.323497	0.32259	0.326132	0.462285	0.478435	0.475943	0.482921	0.477529	0.476453	0.398009	0.386007	0.369319	0.356426	0.443617	0.391093	0.332622	0.308944	0.344887	0.307915	0.309293	0.306447	0.291999	0.291204	0.304863	0.305578	0.360938	0.293503	0.454565	0.474252	0.473206	0.468963	0.453704	0.454773	0.433362	0.441166	0.404686	0.406562	0.439791	0.405853	0.606483	0.627816	0.627703	0.609436	0.611892	0.630562	0.426037	0.425269	0.438618	0.440778	0.425075	0.526268	0.432387	0.431654	0.416698	0.41592	0.419638	0.433968	0.396037	0.317958	0.326735	0.342564	0.346368	0.352453	0.54194	0.515152	0.515562	0.521107	0.519699	0.514764	0.505241	0.500491	0.501329	0.490187	0.503726	0.510398
ERR608885	0.283642	0.316779	0.279792	0.315575	0.279202	0.278826	0.414555	0.384417	0.409561	0.400058	0.406962	0.402709	0.238232	0.285374	0.290229	0.292137	0.238554	0	0.324781	0.333921	0.332293	0.325006	0.324339	0.334147	0.461004	0.479306	0.476311	0.483532	0.478438	0.477359	0.403318	0.391204	0.37261	0.358002	0.451466	0.396112	0.340956	0.312836	0.354137	0.313109	0.314651	0.309624	0.297065	0.29561	0.313143	0.313744	0.372932	0.298215	0.458952	0.479742	0.478797	0.474375	0.458012	0.459178	0.441923	0.449689	0.411135	0.413236	0.448418	0.41211	0.602694	0.625832	0.625761	0.606253	0.609011	0.628759	0.429034	0.428012	0.445346	0.447793	0.427928	0.535649	0.440042	0.43918	0.422089	0.418853	0.424766	0.441863	0.404138	0.320478	0.330672	0.348095	0.351782	0.358482	0.542851	0.513665	0.51227	0.519381	0.518818	0.513174	0.506619	0.501228	0.502434	0.489903	0.504948	0.51191
ERR613552	0.319933	0.340687	0.317275	0.342066	0.317402	0.31715	0.422467	0.395591	0.410891	0.40633	0.407368	0.408329	0.327743	0.349539	0.354214	0.354501	0.323001	0.324781	0	0.257461	0.25414	0.241484	0.241506	0.257054	0.467215	0.481015	0.478397	0.487309	0.478815	0.478348	0.374435	0.355657	0.337527	0.32624	0.416438	0.366845	0.366903	0.346586	0.375813	0.348307	0.349427	0.343801	0.347957	0.349445	0.356383	0.356884	0.396565	0.352142	0.444165	0.461134	0.458733	0.455379	0.443072	0.444301	0.4238	0.432307	0.398093	0.399641	0.428957	0.399164	0.608282	0.620316	0.621699	0.610901	0.60911	0.624084	0.41785	0.417474	0.433085	0.434892	0.418543	0.520341	0.415842	0.415476	0.406012	0.405191	0.405486	0.417258	0.416063	0.352569	0.359979	0.372555	0.370197	0.376316	0.544186	0.521241	0.528153	0.531452	0.52551	0.521633	0.485032	0.483494	0.484098	0.474866	0.482731	0.495217
ERR613556	0.315197	0.321229	0.318002	0.32128	0.318593	0.320694	0.417624	0.400397	0.408461	0.405959	0.405613	0.406198	0.335446	0.325284	0.328576	0.328915	0.325781	0.333921	0.257461	0	0.238277	0.25851	0.256736	0.238354	0.475417	0.481748	0.481093	0.4885	0.479847	0.479417	0.359492	0.343451	0.333442	0.329253	0.39273	0.353444	0.351592	0.345084	0.357373	0.343178	0.343766	0.344522	0.342488	0.34563	0.341978	0.342957	0.369404	0.346657	0.436181	0.447909	0.445701	0.442958	0.435286	0.436015	0.402745	0.410076	0.386487	0.387238	0.406998	0.387634	0.621403	0.628878	0.630116	0.622735	0.620148	0.632068	0.418052	0.417924	0.419221	0.420199	0.41908	0.492205	0.400933	0.400979	0.398892	0.40573	0.399925	0.401727	0.399465	0.353107	0.356433	0.364018	0.363995	0.368373	0.542077	0.526139	0.537562	0.537007	0.528886	0.527289	0.484539	0.484643	0.483864	0.47919	0.482586	0.493385
ERR613554	0.31494	0.322589	0.317286	0.322892	0.317819	0.319513	0.41812	0.399652	0.408475	0.405873	0.40567	0.406061	0.333961	0.327624	0.331259	0.331274	0.324686	0.332293	0.25414	0.238277	0	0.255418	0.253769	0.238748	0.473704	0.480797	0.480122	0.48755	0.478923	0.478586	0.360498	0.344061	0.333102	0.328009	0.395112	0.354183	0.352739	0.344594	0.358817	0.343049	0.343737	0.343879	0.34259	0.345467	0.343172	0.344111	0.372203	0.34673	0.43617	0.448565	0.446266	0.44352	0.435284	0.436061	0.404105	0.411671	0.386668	0.387645	0.408414	0.387761	0.619838	0.627892	0.629206	0.621289	0.618722	0.631136	0.417088	0.417036	0.419843	0.420777	0.417913	0.494586	0.40163	0.40169	0.398518	0.404618	0.399511	0.402599	0.401038	0.352809	0.356588	0.364733	0.364645	0.368691	0.541969	0.525248	0.5362	0.536096	0.528192	0.526398	0.483951	0.483713	0.483091	0.478019	0.481984	0.492756
ERR613551	0.320578	0.341939	0.317668	0.343407	0.317822	0.317417	0.423487	0.396392	0.411759	0.407128	0.408293	0.409269	0.327815	0.3515	0.355947	0.356398	0.323497	0.325006	0.241484	0.25851	0.255418	0	0.241453	0.25827	0.46692	0.48098	0.478382	0.487311	0.47875	0.478344	0.375482	0.356799	0.338432	0.326915	0.417984	0.36791	0.36802	0.347103	0.377051	0.349121	0.350257	0.344184	0.348661	0.350149	0.357665	0.35815	0.398172	0.352848	0.444691	0.461789	0.459289	0.456027	0.443519	0.444693	0.424635	0.43316	0.398643	0.400226	0.429883	0.399649	0.608312	0.620338	0.6219	0.61098	0.609142	0.624109	0.417935	0.417543	0.433741	0.435474	0.418555	0.521313	0.416437	0.41606	0.406399	0.405352	0.40585	0.418056	0.417688	0.353599	0.361283	0.374088	0.371584	0.377708	0.544217	0.521	0.527772	0.531234	0.525446	0.521399	0.485279	0.48373	0.484179	0.474992	0.482972	0.495619
ERR613553	0.319527	0.340347	0.316847	0.341618	0.316917	0.316681	0.422087	0.395157	0.410446	0.405814	0.407064	0.408004	0.327209	0.349206	0.353785	0.353965	0.32259	0.324339	0.241506	0.256736	0.253769	0.241453	0	0.256637	0.466705	0.480624	0.478119	0.486839	0.47847	0.477981	0.373976	0.355349	0.337336	0.326132	0.416172	0.366504	0.366306	0.345939	0.375005	0.347553	0.348575	0.342986	0.347542	0.349106	0.355883	0.356478	0.39605	0.351698	0.443741	0.460701	0.458203	0.454894	0.442692	0.443857	0.423164	0.431752	0.397502	0.399022	0.428284	0.398447	0.607807	0.619769	0.621149	0.610515	0.608584	0.623494	0.417197	0.416844	0.432566	0.434202	0.417855	0.519758	0.415022	0.414483	0.405305	0.404463	0.404683	0.416515	0.415813	0.352178	0.359687	0.372229	0.369924	0.376158	0.543405	0.520402	0.527473	0.530833	0.524785	0.520977	0.484433	0.482927	0.483573	0.474234	0.482155	0.49467
ERR613555	0.315698	0.321912	0.318487	0.322175	0.319071	0.321015	0.417735	0.400312	0.408661	0.406136	0.406024	0.406221	0.3356	0.325759	0.329238	0.32932	0.326132	0.334147	0.257054	0.238354	0.238748	0.25827	0.256637	0	0.475029	0.481692	0.481078	0.48833	0.479794	0.47935	0.359631	0.343619	0.333412	0.329148	0.393178	0.353667	0.352168	0.345302	0.357927	0.343312	0.344035	0.34487	0.342768	0.345651	0.34233	0.343352	0.370256	0.346718	0.436076	0.447896	0.445775	0.443096	0.435216	0.435854	0.403296	0.410602	0.386641	0.387645	0.407433	0.3878	0.621037	0.628692	0.629896	0.622244	0.619702	0.631852	0.418387	0.418297	0.41962	0.42058	0.419151	0.492585	0.401578	0.401534	0.399035	0.405771	0.400204	0.402369	0.400017	0.353108	0.356667	0.36411	0.364492	0.368622	0.542365	0.52633	0.537457	0.537052	0.529064	0.527423	0.484842	0.484598	0.483948	0.479064	0.482982	0.493338
ERR631209	0.452805	0.467986	0.453314	0.466907	0.452569	0.453451	0.461459	0.445029	0.463204	0.452482	0.463458	0.455675	0.460371	0.47306	0.473704	0.473029	0.462285	0.461004	0.467215	0.475417	0.473704	0.46692	0.466705	0.475029	0	0.265478	0.259968	0.264935	0.265731	0.264332	0.451218	0.451183	0.440481	0.433665	0.492569	0.447665	0.486761	0.480193	0.494057	0.475865	0.475486	0.479956	0.46323	0.463374	0.469205	0.469185	0.500278	0.463664	0.345317	0.363215	0.36614	0.361394	0.344883	0.345254	0.376125	0.376417	0.353261	0.354708	0.382533	0.352779	0.457956	0.493505	0.492134	0.462665	0.468681	0.495863	0.35648	0.355736	0.357849	0.36158	0.353028	0.443305	0.408096	0.406104	0.377378	0.367914	0.384921	0.410469	0.516472	0.467622	0.470483	0.479623	0.492047	0.494743	0.377229	0.343024	0.341397	0.34428	0.347904	0.341883	0.356611	0.342949	0.346135	0.331538	0.35661	0.350879
ERR631212	0.463097	0.468951	0.465686	0.467896	0.464999	0.467021	0.446972	0.440573	0.45043	0.44229	0.451413	0.444251	0.478777	0.475939	0.475495	0.474274	0.478435	0.479306	0.481015	0.481748	0.480797	0.48098	0.480624	0.481692	0.265478	0	0.253685	0.254517	0.252593	0.252308	0.4394	0.442976	0.438741	0.437851	0.470579	0.437937	0.489078	0.491688	0.49356	0.486407	0.485621	0.492662	0.47529	0.476777	0.475655	0.475244	0.493413	0.476045	0.337805	0.342349	0.34555	0.343031	0.338564	0.33768	0.359415	0.356027	0.354578	0.354909	0.363218	0.354065	0.439211	0.464108	0.462087	0.441817	0.444228	0.465698	0.368248	0.367971	0.351304	0.353653	0.365713	0.403643	0.405782	0.404521	0.384422	0.38171	0.391998	0.40764	0.504905	0.474173	0.473392	0.477853	0.491845	0.492748	0.345919	0.331358	0.345832	0.336221	0.332239	0.332416	0.334492	0.325609	0.326184	0.323234	0.336416	0.326539
ERR631207	0.461345	0.469367	0.463541	0.468269	0.462812	0.4647	0.4496	0.440581	0.452635	0.443604	0.453572	0.446025	0.475824	0.476013	0.475722	0.474745	0.475943	0.476311	0.478397	0.481093	0.480122	0.478382	0.478119	0.481078	0.259968	0.253685	0	0.254082	0.253914	0.253655	0.440795	0.444045	0.438041	0.436259	0.475036	0.439071	0.489248	0.489839	0.494311	0.484615	0.483849	0.490642	0.473158	0.4743	0.474852	0.474323	0.495783	0.473886	0.338424	0.345831	0.349313	0.346146	0.338716	0.33812	0.362988	0.360081	0.354034	0.354299	0.367365	0.353527	0.441707	0.469563	0.467803	0.445235	0.4483	0.471303	0.365527	0.365179	0.352657	0.355549	0.362798	0.413562	0.40629	0.404816	0.382602	0.378151	0.3902	0.408248	0.508101	0.472447	0.472571	0.478089	0.492315	0.493839	0.350955	0.331305	0.34214	0.33505	0.333132	0.331962	0.336864	0.326051	0.327943	0.321586	0.338	0.329514
ERR631208	0.468991	0.476336	0.471656	0.474765	0.471138	0.47289	0.449601	0.442932	0.454878	0.44531	0.456159	0.447447	0.482587	0.480842	0.480246	0.479011	0.482921	0.483532	0.487309	0.4885	0.48755	0.487311	0.486839	0.48833	0.264935	0.254517	0.254082	0	0.255128	0.254995	0.442474	0.447551	0.443037	0.441614	0.476224	0.440792	0.49595	0.497938	0.500837	0.491884	0.491081	0.498893	0.479052	0.480112	0.48023	0.479872	0.500379	0.479292	0.342426	0.347439	0.351955	0.348965	0.34297	0.341921	0.367572	0.363306	0.36156	0.361881	0.371584	0.360763	0.437353	0.466577	0.464136	0.440532	0.444541	0.467949	0.375584	0.375376	0.358106	0.360737	0.372652	0.410746	0.415423	0.413918	0.391453	0.387946	0.399891	0.41725	0.513434	0.479516	0.478855	0.484098	0.499878	0.500985	0.346189	0.329656	0.340147	0.331825	0.330203	0.330339	0.338842	0.327521	0.328802	0.324585	0.341052	0.328117
ERR631211	0.461579	0.4672	0.464128	0.466093	0.463618	0.465495	0.446369	0.439721	0.449065	0.441248	0.449993	0.443228	0.478021	0.475303	0.474843	0.473479	0.477529	0.478438	0.478815	0.479847	0.478923	0.47875	0.47847	0.479794	0.265731	0.252593	0.253914	0.255128	0	0.252211	0.438182	0.441093	0.436964	0.436439	0.468802	0.436673	0.487182	0.490062	0.491587	0.484789	0.48409	0.491019	0.474511	0.476019	0.474475	0.474231	0.491826	0.475465	0.337227	0.341374	0.344458	0.341974	0.337766	0.33676	0.357501	0.354703	0.353076	0.35316	0.361529	0.352644	0.440237	0.463807	0.462312	0.442717	0.444605	0.465547	0.366999	0.36684	0.350532	0.352616	0.36468	0.403209	0.403936	0.402576	0.383151	0.380466	0.390297	0.405699	0.502706	0.472474	0.471748	0.475808	0.489493	0.490609	0.346796	0.332417	0.347781	0.337815	0.333252	0.333603	0.333051	0.324553	0.324959	0.322372	0.334527	0.326064
ERR631210	0.460598	0.466458	0.463102	0.465421	0.462485	0.464397	0.447044	0.439981	0.44977	0.442029	0.450601	0.443985	0.477003	0.474542	0.474189	0.472975	0.476453	0.477359	0.478348	0.479417	0.478586	0.478344	0.477981	0.47935	0.264332	0.252308	0.253655	0.254995	0.252211	0	0.439072	0.441691	0.43696	0.436275	0.470018	0.437313	0.487083	0.489408	0.49136	0.484112	0.483499	0.49025	0.473624	0.475047	0.474007	0.473663	0.491971	0.474628	0.336653	0.341536	0.344557	0.342076	0.337121	0.336348	0.357059	0.354162	0.351774	0.351999	0.361235	0.351153	0.441161	0.46545	0.463829	0.443984	0.446101	0.467206	0.365555	0.365406	0.349865	0.352152	0.363213	0.404263	0.402842	0.401468	0.381393	0.378694	0.388762	0.404603	0.503077	0.472043	0.471482	0.475867	0.489322	0.490585	0.347699	0.332519	0.347279	0.337981	0.333683	0.333466	0.333821	0.325253	0.325924	0.322839	0.335238	0.327182
ERR613356	0.37926	0.368722	0.386266	0.367072	0.386462	0.389535	0.332909	0.335311	0.335149	0.331653	0.336457	0.330241	0.403962	0.372597	0.37149	0.369182	0.398009	0.403318	0.374435	0.359492	0.360498	0.375482	0.373976	0.359631	0.451218	0.4394	0.440795	0.442474	0.438182	0.439072	0	0.265922	0.271939	0.283134	0.292971	0.259669	0.389047	0.404532	0.390702	0.397005	0.395185	0.40666	0.388554	0.392018	0.377589	0.377372	0.382216	0.39027	0.441747	0.436476	0.438132	0.438104	0.441658	0.440393	0.424261	0.42121	0.434541	0.433604	0.425252	0.435144	0.529703	0.535119	0.534385	0.529975	0.526725	0.536942	0.472797	0.472784	0.450833	0.451312	0.472451	0.468659	0.463616	0.463671	0.460215	0.464767	0.464578	0.463575	0.388848	0.367778	0.364137	0.362155	0.380746	0.379534	0.464282	0.463666	0.481063	0.471829	0.462636	0.46604	0.427361	0.426901	0.424947	0.428212	0.427986	0.426618
ERR613354	0.364998	0.354403	0.37078	0.35404	0.371292	0.373885	0.341735	0.338927	0.335618	0.335999	0.335248	0.334434	0.392736	0.367268	0.367275	0.364844	0.386007	0.391204	0.355657	0.343451	0.344061	0.356799	0.355349	0.343619	0.451183	0.442976	0.444045	0.447551	0.441093	0.441691	0.265922	0	0.262786	0.273938	0.294859	0.264406	0.376636	0.38961	0.378377	0.384191	0.382802	0.391445	0.380787	0.384701	0.370721	0.370431	0.374229	0.383591	0.438279	0.435263	0.435113	0.435269	0.438074	0.436996	0.416664	0.416385	0.424465	0.423464	0.417692	0.425181	0.542884	0.543611	0.544155	0.543374	0.537775	0.546631	0.46032	0.460251	0.443224	0.443702	0.460603	0.470756	0.448612	0.448755	0.447845	0.452194	0.450077	0.448636	0.37604	0.355908	0.352954	0.35102	0.363261	0.362901	0.474479	0.471623	0.490046	0.482214	0.471589	0.473926	0.427482	0.42963	0.427798	0.430391	0.426551	0.432714
ERR613355	0.351541	0.350275	0.355497	0.350123	0.35574	0.357732	0.347227	0.334499	0.340207	0.33692	0.339193	0.337604	0.374743	0.362441	0.363553	0.361308	0.369319	0.37261	0.337527	0.333442	0.333102	0.338432	0.337336	0.333412	0.440481	0.438741	0.438041	0.443037	0.436964	0.43696	0.271939	0.262786	0	0.259048	0.315194	0.267829	0.373181	0.376918	0.377821	0.37266	0.371484	0.377499	0.367527	0.370922	0.362956	0.362523	0.380071	0.370707	0.433273	0.436025	0.435851	0.435046	0.432815	0.432237	0.41737	0.418249	0.415829	0.415557	0.419478	0.416449	0.541265	0.547576	0.548134	0.542679	0.538855	0.550807	0.447747	0.447686	0.438307	0.439317	0.447882	0.483919	0.442448	0.442322	0.437398	0.439191	0.439822	0.442859	0.386546	0.346823	0.347738	0.350743	0.362281	0.363659	0.477809	0.467624	0.48164	0.477286	0.469142	0.469565	0.427568	0.42745	0.427244	0.424754	0.426665	0.43353
ERR613353	0.344309	0.353532	0.346612	0.352621	0.346541	0.34788	0.354888	0.334633	0.350702	0.342828	0.349378	0.34478	0.359156	0.361315	0.36314	0.361716	0.356426	0.358002	0.32624	0.329253	0.328009	0.326915	0.326132	0.329148	0.433665	0.437851	0.436259	0.441614	0.436439	0.436275	0.283134	0.273938	0.259048	0	0.337717	0.277366	0.375684	0.371201	0.383439	0.366952	0.366471	0.370696	0.358641	0.360647	0.360152	0.359998	0.390809	0.361148	0.433383	0.4414	0.441601	0.439715	0.432532	0.432359	0.423589	0.425343	0.413743	0.414069	0.427296	0.414477	0.540063	0.554279	0.554542	0.542196	0.541037	0.557553	0.442517	0.442249	0.43883	0.440501	0.442107	0.49747	0.444731	0.444124	0.433246	0.432376	0.436566	0.445434	0.401714	0.34539	0.349192	0.357685	0.369229	0.372136	0.482944	0.466131	0.474692	0.474069	0.468681	0.467248	0.434535	0.431191	0.43153	0.425097	0.433713	0.438497
ERR613358	0.418835	0.391309	0.426799	0.391136	0.427475	0.431232	0.356014	0.374158	0.350569	0.360015	0.351266	0.354893	0.453354	0.404822	0.402779	0.399414	0.443617	0.451466	0.416438	0.39273	0.395112	0.417984	0.416172	0.393178	0.492569	0.470579	0.475036	0.476224	0.468802	0.470018	0.292971	0.294859	0.315194	0.337717	0	0.296914	0.410065	0.439305	0.403867	0.433093	0.431248	0.442664	0.43269	0.438183	0.413432	0.413036	0.383706	0.435864	0.469325	0.453852	0.45277	0.455782	0.469884	0.468102	0.437651	0.434361	0.464447	0.462462	0.434924	0.46507	0.556271	0.542286	0.543149	0.554086	0.545207	0.544573	0.503644	0.504081	0.474674	0.473025	0.504628	0.454799	0.480676	0.481535	0.49041	0.499433	0.49175	0.479782	0.371917	0.400847	0.39177	0.378478	0.389074	0.38485	0.482444	0.496813	0.524786	0.508976	0.494023	0.500444	0.44574	0.45412	0.450178	0.462687	0.446023	0.451144
ERR613357	0.372946	0.364666	0.379394	0.363154	0.379503	0.382506	0.33414	0.333617	0.335573	0.331319	0.336703	0.330512	0.396876	0.369118	0.368287	0.366034	0.391093	0.396112	0.366845	0.353444	0.354183	0.36791	0.366504	0.353667	0.447665	0.437937	0.439071	0.440792	0.436673	0.437313	0.259669	0.264406	0.267829	0.277366	0.296914	0	0.385653	0.398765	0.388107	0.391458	0.389878	0.400615	0.382545	0.386117	0.373176	0.372915	0.381392	0.384434	0.439139	0.435611	0.437067	0.436968	0.438927	0.437888	0.422282	0.420077	0.430067	0.429448	0.423618	0.430798	0.53033	0.537	0.536331	0.531004	0.527918	0.539094	0.467539	0.46739	0.447562	0.448152	0.467173	0.471294	0.459377	0.459418	0.455001	0.458919	0.459321	0.459611	0.389086	0.363209	0.360482	0.359971	0.377792	0.377178	0.465433	0.462741	0.478801	0.470883	0.462072	0.464861	0.42738	0.426354	0.424867	0.426742	0.427759	0.427161
ERR636976	0.311003	0.301578	0.316252	0.302855	0.316841	0.319486	0.397602	0.387188	0.385102	0.388423	0.382618	0.387422	0.343425	0.315064	0.316466	0.315808	0.332622	0.340956	0.366903	0.351592	0.352739	0.36802	0.366306	0.352168	0.486761	0.489078	0.489248	0.49595	0.487182	0.487083	0.389047	0.376636	0.373181	0.375684	0.410065	0.385653	0	0.26094	0.252555	0.258401	0.257063	0.263626	0.32646	0.331519	0.316153	0.316035	0.326743	0.330835	0.458384	0.465828	0.463073	0.46184	0.458183	0.458197	0.419504	0.425767	0.413499	0.413435	0.422028	0.41433	0.614962	0.617021	0.618183	0.616102	0.611649	0.620357	0.450603	0.450485	0.445784	0.446056	0.451438	0.501763	0.427931	0.428528	0.430963	0.437715	0.431467	0.428325	0.351077	0.322732	0.322349	0.322251	0.324616	0.326245	0.535852	0.523042	0.538477	0.535725	0.525302	0.524849	0.490692	0.493816	0.493211	0.490938	0.488789	0.50182
ERR636978	0.296358	0.308254	0.296405	0.309609	0.296548	0.29744	0.411118	0.388127	0.398314	0.396836	0.395198	0.398147	0.315901	0.320974	0.324582	0.324857	0.308944	0.312836	0.346586	0.345084	0.344594	0.347103	0.345939	0.345302	0.480193	0.491688	0.489839	0.497938	0.490062	0.489408	0.404532	0.38961	0.376918	0.371201	0.439305	0.398765	0.26094	0	0.272815	0.245898	0.24601	0.242447	0.313728	0.316722	0.316621	0.316702	0.353469	0.317884	0.461181	0.476263	0.473537	0.470894	0.460589	0.461267	0.431588	0.439549	0.411343	0.41236	0.436083	0.412272	0.615825	0.625838	0.626734	0.618275	0.616095	0.629264	0.4396	0.439198	0.448855	0.450199	0.439893	0.527314	0.428312	0.428731	0.423178	0.424512	0.423231	0.429735	0.379339	0.319584	0.325538	0.335086	0.335642	0.340491	0.546436	0.524201	0.532855	0.535324	0.528427	0.525003	0.499164	0.499082	0.499901	0.491618	0.496955	0.510228
ERR636974	0.320596	0.304416	0.326371	0.306094	0.327371	0.330036	0.399147	0.392721	0.385205	0.391363	0.382803	0.389488	0.356887	0.320643	0.322141	0.32057	0.344887	0.354137	0.375813	0.357373	0.358817	0.377051	0.375005	0.357927	0.494057	0.49356	0.494311	0.500837	0.491587	0.49136	0.390702	0.378377	0.377821	0.383439	0.403867	0.388107	0.252555	0.272815	0	0.26833	0.26688	0.276109	0.337452	0.343555	0.323501	0.323699	0.321705	0.342522	0.461791	0.466775	0.463549	0.462733	0.461702	0.461845	0.419574	0.425361	0.418427	0.418139	0.421312	0.419253	0.619198	0.616877	0.61834	0.619879	0.613966	0.620295	0.456233	0.456369	0.448672	0.448303	0.457558	0.496715	0.429347	0.430462	0.436144	0.444409	0.435883	0.42967	0.34202	0.328296	0.32586	0.321858	0.322956	0.323223	0.537723	0.528624	0.546528	0.541967	0.530359	0.530673	0.491306	0.496327	0.495345	0.49512	0.48937	0.503679
ERR636975	0.29499	0.305595	0.296837	0.305424	0.29738	0.298137	0.404407	0.38295	0.394511	0.391297	0.391752	0.39238	0.315022	0.314569	0.317604	0.317852	0.307915	0.313109	0.348307	0.343178	0.343049	0.349121	0.347553	0.343312	0.475865	0.486407	0.484615	0.491884	0.484789	0.484112	0.397005	0.384191	0.37266	0.366952	0.433093	0.391458	0.258401	0.245898	0.26833	0	0.242087	0.245694	0.309666	0.312965	0.31147	0.312238	0.348643	0.313537	0.456076	0.470492	0.468574	0.465688	0.455559	0.456037	0.426479	0.433543	0.40759	0.408534	0.431122	0.40849	0.611204	0.623348	0.623848	0.613424	0.611966	0.626486	0.439669	0.439332	0.444444	0.44593	0.439819	0.520051	0.427911	0.428171	0.421149	0.423679	0.422364	0.429097	0.37728	0.317143	0.322474	0.3321	0.335852	0.340153	0.540446	0.518554	0.526965	0.529126	0.522483	0.51949	0.495066	0.493733	0.494477	0.486626	0.49303	0.504024
ERR636973	0.29562	0.305364	0.298118	0.305158	0.2984	0.299231	0.40263	0.381519	0.392538	0.389517	0.390076	0.390727	0.31654	0.314054	0.316697	0.317124	0.309293	0.314651	0.349427	0.343766	0.343737	0.350257	0.348575	0.344035	0.475486	0.485621	0.483849	0.491081	0.48409	0.483499	0.395185	0.382802	0.371484	0.366471	0.431248	0.389878	0.257063	0.24601	0.26688	0.242087	0	0.245843	0.309691	0.312851	0.310811	0.311337	0.346899	0.31351	0.455962	0.469676	0.467843	0.465035	0.455352	0.455881	0.425885	0.43262	0.407707	0.408564	0.43037	0.408791	0.610092	0.621834	0.622299	0.612436	0.610663	0.624948	0.440391	0.440056	0.444125	0.445795	0.440426	0.518699	0.428196	0.428158	0.421621	0.424525	0.423044	0.429079	0.375556	0.315966	0.321056	0.330452	0.334959	0.339066	0.539352	0.517755	0.526246	0.528206	0.52158	0.518744	0.494012	0.492691	0.493401	0.485795	0.492108	0.502976
ERR636977	0.295174	0.309926	0.294534	0.311499	0.294853	0.295118	0.413117	0.388565	0.400011	0.398071	0.396684	0.399735	0.313049	0.323301	0.327384	0.32766	0.306447	0.309624	0.343801	0.344522	0.343879	0.344184	0.342986	0.34487	0.479956	0.492662	0.490642	0.498893	0.491019	0.49025	0.40666	0.391445	0.377499	0.370696	0.442664	0.400615	0.263626	0.242447	0.276109	0.245694	0.245843	0	0.313334	0.316214	0.318092	0.317934	0.357348	0.317867	0.462441	0.478256	0.475691	0.472742	0.461818	0.46265	0.43377	0.441987	0.411851	0.413039	0.438495	0.412718	0.616006	0.626468	0.6276	0.618587	0.61659	0.63008	0.438466	0.438139	0.450049	0.451544	0.43905	0.531069	0.42907	0.429177	0.422726	0.423368	0.422752	0.430402	0.382391	0.319239	0.326226	0.336555	0.336537	0.341809	0.548398	0.525123	0.533076	0.53612	0.529681	0.525857	0.500141	0.499988	0.50091	0.492017	0.497825	0.51158
ERR608367	0.300212	0.31647	0.302612	0.314691	0.302556	0.303398	0.406877	0.385303	0.403764	0.395542	0.402542	0.397519	0.296671	0.297942	0.300671	0.30157	0.291999	0.297065	0.347957	0.342488	0.34259	0.348661	0.347542	0.342768	0.46323	0.47529	0.473158	0.479052	0.474511	0.473624	0.388554	0.380787	0.367527	0.358641	0.43269	0.382545	0.32646	0.313728	0.337452	0.309666	0.309691	0.313334	0	0.242106	0.249173	0.250245	0.30796	0.242389	0.451702	0.467741	0.467256	0.46357	0.451067	0.45174	0.431147	0.43676	0.409318	0.410292	0.436863	0.410174	0.602226	0.621942	0.621455	0.605	0.606948	0.624522	0.437954	0.43707	0.440977	0.443182	0.436997	0.519041	0.437192	0.436925	0.424744	0.426545	0.429201	0.438878	0.39798	0.32946	0.335376	0.347565	0.357302	0.361357	0.531743	0.507669	0.510662	0.514446	0.511525	0.50799	0.498209	0.493466	0.494484	0.484568	0.496995	0.502203
ERR608369	0.302905	0.321679	0.304672	0.319769	0.304496	0.305412	0.410284	0.387887	0.408468	0.399251	0.407132	0.400894	0.294629	0.300722	0.303665	0.304917	0.291204	0.29561	0.349445	0.34563	0.345467	0.350149	0.349106	0.345651	0.463374	0.476777	0.4743	0.480112	0.476019	0.475047	0.392018	0.384701	0.370922	0.360647	0.438183	0.386117	0.331519	0.316722	0.343555	0.312965	0.312851	0.316214	0.242106	0	0.252925	0.252363	0.315771	0.24051	0.454674	0.471642	0.47145	0.46749	0.453819	0.454742	0.436421	0.442085	0.413166	0.414247	0.442597	0.413896	0.602495	0.624373	0.623731	0.605396	0.608213	0.626955	0.440159	0.439279	0.444389	0.446766	0.438878	0.524177	0.442472	0.441831	0.428148	0.429009	0.433056	0.443925	0.40519	0.333728	0.340525	0.353577	0.363185	0.367637	0.533984	0.508584	0.50954	0.514403	0.512647	0.508654	0.502047	0.49647	0.49765	0.486971	0.500848	0.505037
ERR608366	0.304712	0.30674	0.309736	0.30513	0.31011	0.3124	0.399607	0.385406	0.395655	0.391014	0.394734	0.391534	0.31336	0.290286	0.291525	0.291519	0.304863	0.313143	0.356383	0.341978	0.343172	0.357665	0.355883	0.34233	0.469205	0.475655	0.474852	0.48023	0.474475	0.474007	0.377589	0.370721	0.362956	0.360152	0.413432	0.373176	0.316153	0.316621	0.323501	0.31147	0.310811	0.318092	0.249173	0.252925	0	0.245353	0.283242	0.251587	0.449465	0.461103	0.460414	0.457575	0.449266	0.449576	0.422275	0.426998	0.408773	0.409131	0.426751	0.409615	0.606114	0.619341	0.619186	0.60795	0.60781	0.621932	0.442605	0.441988	0.437769	0.439283	0.442113	0.503836	0.43314	0.433199	0.427212	0.432609	0.43104	0.434013	0.378472	0.327716	0.330063	0.33641	0.346134	0.348313	0.527745	0.509741	0.517709	0.517969	0.512505	0.510804	0.493494	0.491072	0.491299	0.484977	0.492233	0.498392
