	ERR607762	ERR607759	ERR607761	ERR607760	ERR637124	ERR637123	ERR605564	ERR605568	ERR605563	ERR605566	ERR605567	ERR605565	ERR637100	ERR637099	ERR637104	ERR637101	ERR637103	ERR637102	ERR626766	ERR626765	ERR626769	ERR626770	ERR626768	ERR626767	ERR635317	ERR635320	ERR635318	ERR635319	ERR635316	ERR635321	ERR608936	ERR608932	ERR608935	ERR608934	ERR608931	ERR608933	ERR613612	ERR613613	ERR613611	ERR613614	ERR613615	ERR613616	ERR613543	ERR613542	ERR613541	ERR613540	ERR613539	ERR613544	ERR630510	ERR630507	ERR630506	ERR630511	ERR630508	ERR630509	ERR607629	ERR607630	ERR607632	ERR607627	ERR607631	ERR607628	ERR630169	ERR630164	ERR630168	ERR630167	ERR630165	ERR630166	ERR617049	ERR617048	ERR617047	ERR617045	ERR617046	ERR617050	ERR612105	ERR612101	ERR612103	ERR612104	ERR612102	ERR612106	ERR618198	ERR618196	ERR618194	ERR618195	ERR618193	ERR618197	ERR638277	ERR638273	ERR638275	ERR638278	ERR638274	ERR638276	ERR636658	ERR636656	ERR636659	ERR636657	ERR636660	ERR636655
ERR607762	0	0.80613	0.830847	0.833198	0.805373	0.809299	0.969541	0.969939	0.963702	0.969282	0.96754	0.976409	0.908749	0.913854	0.940332	0.909858	0.938221	0.939935	0.921988	0.917653	0.922258	0.923163	0.923064	0.920552	1.10282	1.1108	1.09918	1.11041	1.1082	1.11066	0.942013	0.918995	0.940084	0.938518	0.950259	0.912051	0.91996	0.924056	0.918901	0.923913	0.927225	0.950128	0.974788	0.974998	0.950125	0.949583	0.949782	0.975689	1.00709	1.02074	1.01142	1.00613	1.01332	1.00622	1.11033	1.09726	1.09751	1.0992	1.09702	1.11077	1.07189	1.06387	1.0664	1.06727	1.07352	1.07738	1.07489	1.07367	1.06229	1.06738	1.0642	1.07364	1.0996	1.0989	1.10521	1.11715	1.10535	1.13202	1.09101	1.0872	1.08823	1.08449	1.08822	1.0898	1.10596	1.12043	1.12173	1.10891	1.11863	1.10634	0.886544	0.88383	0.88659	0.899789	0.874685	0.875661
ERR607759	0.80613	0	0.802534	0.805576	0.756138	0.761966	0.935325	0.936409	0.928493	0.9361	0.933511	0.943916	0.869721	0.876239	0.913268	0.870113	0.910119	0.9134	0.879904	0.874467	0.881067	0.883012	0.882351	0.878193	1.07107	1.07945	1.06668	1.07918	1.07616	1.07947	0.909018	0.880586	0.907016	0.905292	0.916941	0.871724	0.878941	0.884457	0.878463	0.886321	0.890514	0.917544	0.945693	0.945844	0.91486	0.914868	0.914443	0.946901	0.974729	0.990614	0.979658	0.972946	0.982785	0.973568	1.07805	1.06333	1.06324	1.06548	1.06282	1.0785	1.03992	1.03173	1.03428	1.03575	1.04275	1.04714	1.04308	1.04172	1.02956	1.03436	1.03149	1.04166	1.07508	1.07478	1.08171	1.09495	1.08181	1.11111	1.05659	1.0529	1.05388	1.0498	1.0529	1.05561	1.07733	1.09438	1.09645	1.07988	1.09239	1.07768	0.847595	0.842332	0.847354	0.86163	0.829918	0.83093
ERR607761	0.830847	0.802534	0	0.83055	0.801414	0.805607	0.967221	0.967543	0.961414	0.967242	0.965146	0.974077	0.905849	0.911027	0.937726	0.906958	0.935778	0.938005	0.91883	0.913912	0.919075	0.919841	0.919793	0.917091	1.10072	1.10883	1.09708	1.10838	1.10605	1.10882	0.939309	0.916213	0.937672	0.936536	0.947626	0.908859	0.916843	0.921535	0.915795	0.921341	0.924765	0.947801	0.972928	0.972943	0.947823	0.947648	0.947545	0.973985	1.00485	1.01861	1.00926	1.00355	1.01158	1.0039	1.1079	1.09482	1.09477	1.09667	1.09434	1.10827	1.06985	1.06183	1.06428	1.06553	1.07168	1.0758	1.07309	1.07174	1.06038	1.06549	1.06228	1.07202	1.09792	1.09702	1.10357	1.11545	1.10361	1.13015	1.08865	1.08506	1.08574	1.08204	1.08589	1.08766	1.10392	1.11854	1.12012	1.10653	1.11661	1.10411	0.883612	0.880195	0.883419	0.896895	0.870993	0.871854
ERR607760	0.833198	0.805576	0.83055	0	0.804323	0.808348	0.969446	0.969729	0.963354	0.969054	0.967233	0.976247	0.908339	0.913607	0.939797	0.909547	0.937736	0.940079	0.921751	0.916802	0.921523	0.922371	0.922335	0.919816	1.1023	1.11034	1.09835	1.11033	1.10767	1.11057	0.941957	0.919033	0.939866	0.938565	0.950382	0.911142	0.919727	0.924406	0.918955	0.923745	0.927183	0.95039	0.974654	0.974797	0.950156	0.949839	0.949877	0.975725	1.00666	1.01992	1.01074	1.00519	1.01329	1.00507	1.10952	1.09664	1.09655	1.09823	1.09613	1.11011	1.07133	1.06317	1.06521	1.06681	1.07311	1.07665	1.07479	1.07353	1.06177	1.06702	1.06387	1.07378	1.09893	1.09825	1.10476	1.11648	1.10506	1.13143	1.09043	1.08657	1.08782	1.08405	1.08798	1.0896	1.10545	1.12014	1.12169	1.10834	1.11801	1.10546	0.885721	0.88305	0.885798	0.899326	0.8734	0.87464
ERR637124	0.805373	0.756138	0.801414	0.804323	0	0.761548	0.935529	0.936624	0.928617	0.935969	0.933598	0.944202	0.868372	0.875364	0.912071	0.870112	0.909253	0.912435	0.881078	0.874751	0.881248	0.88302	0.882643	0.878898	1.07072	1.07983	1.06626	1.07947	1.07649	1.08004	0.908919	0.880773	0.907067	0.905247	0.918982	0.871625	0.879526	0.885149	0.878667	0.886597	0.89049	0.91808	0.945087	0.945338	0.914831	0.914663	0.914603	0.946032	0.974604	0.991366	0.980029	0.973219	0.982601	0.973563	1.07763	1.06275	1.06243	1.0647	1.06225	1.0783	1.04063	1.03185	1.03462	1.03612	1.04302	1.04727	1.04434	1.04317	1.02963	1.0351	1.03178	1.04298	1.07502	1.07461	1.08139	1.0946	1.08182	1.11113	1.05675	1.05261	1.05393	1.04943	1.05356	1.05583	1.0766	1.09422	1.09601	1.07984	1.09178	1.07672	0.845789	0.841435	0.845879	0.862325	0.828601	0.829151
ERR637123	0.809299	0.761966	0.805607	0.808348	0.761548	0	0.938965	0.940038	0.932591	0.939567	0.937409	0.947423	0.874419	0.880205	0.916142	0.875187	0.913191	0.916019	0.88497	0.87975	0.886153	0.887474	0.887188	0.883394	1.07544	1.08385	1.07102	1.08342	1.08039	1.08391	0.912858	0.885423	0.911219	0.90935	0.920748	0.876858	0.883373	0.889089	0.882887	0.890877	0.894994	0.921183	0.948709	0.94912	0.918938	0.918945	0.918683	0.949914	0.978444	0.994089	0.983245	0.976999	0.986038	0.977354	1.08251	1.06786	1.06781	1.06988	1.06725	1.08286	1.0437	1.03546	1.03815	1.03946	1.04645	1.05078	1.0473	1.04605	1.034	1.0389	1.03589	1.04593	1.07807	1.07774	1.08477	1.09774	1.0849	1.11374	1.0611	1.0571	1.05814	1.05419	1.05767	1.05991	1.08101	1.09804	1.0998	1.08364	1.09588	1.08139	0.852347	0.847085	0.85196	0.866159	0.834905	0.836181
ERR605564	0.969541	0.935325	0.967221	0.969446	0.935529	0.938965	0	0.730436	0.722545	0.730059	0.728159	0.734638	0.910907	0.914698	0.944162	0.91031	0.942203	0.943908	0.921239	0.917548	0.92411	0.92592	0.925022	0.920259	1.08935	1.09607	1.08485	1.09592	1.09238	1.0965	0.957917	0.934856	0.956382	0.955095	0.961543	0.92867	0.894267	0.898467	0.894859	0.903085	0.906678	0.928576	0.821293	0.821445	0.794362	0.794834	0.794497	0.822762	0.976708	0.991792	0.983415	0.975922	0.985393	0.976642	1.0938	1.07987	1.07984	1.08119	1.07935	1.09321	1.05739	1.05016	1.05301	1.05351	1.05985	1.0649	1.06335	1.06269	1.0527	1.05579	1.05485	1.06175	1.01901	1.01945	1.02328	1.03238	1.02274	1.04298	1.07621	1.07267	1.07339	1.06947	1.07135	1.07467	1.10104	1.11807	1.12028	1.1012	1.11597	1.1009	0.921241	0.915613	0.921196	0.928254	0.906904	0.908014
ERR605568	0.969939	0.936409	0.967543	0.969729	0.936624	0.940038	0.730436	0	0.724585	0.727412	0.725469	0.73679	0.910169	0.914536	0.942944	0.91029	0.941244	0.942812	0.922663	0.918487	0.924348	0.926288	0.925181	0.920913	1.09007	1.09749	1.0856	1.09727	1.09395	1.09756	0.957984	0.935398	0.956319	0.955048	0.962838	0.929115	0.896491	0.899642	0.896344	0.903464	0.906863	0.929914	0.820256	0.820633	0.794469	0.795236	0.794606	0.822043	0.976776	0.992341	0.983751	0.975919	0.985353	0.976464	1.09461	1.0809	1.08057	1.0821	1.08039	1.09435	1.05905	1.05163	1.05427	1.05491	1.06123	1.06644	1.0652	1.06454	1.05381	1.05759	1.05572	1.06338	1.01978	1.02031	1.02392	1.03302	1.02342	1.04347	1.07751	1.07387	1.07472	1.07071	1.07336	1.0763	1.10216	1.11904	1.12123	1.10268	1.1167	1.10165	0.920188	0.915188	0.919795	0.928173	0.906163	0.907173
ERR605563	0.963702	0.928493	0.961414	0.963354	0.928617	0.932591	0.722545	0.724585	0	0.7241	0.722186	0.729554	0.903911	0.908152	0.939111	0.903833	0.936718	0.938758	0.915136	0.910555	0.917303	0.919148	0.918085	0.913549	1.08386	1.09128	1.07949	1.09095	1.08757	1.09166	0.952151	0.92833	0.950168	0.948984	0.956484	0.921792	0.888373	0.892617	0.888436	0.896671	0.900077	0.923668	0.816973	0.817551	0.788833	0.78958	0.788853	0.818618	0.970748	0.986496	0.97748	0.969866	0.979451	0.970483	1.08858	1.07429	1.07425	1.07565	1.07383	1.08808	1.05231	1.04456	1.0477	1.04826	1.05452	1.05973	1.05833	1.0577	1.04702	1.05041	1.0488	1.05656	1.01689	1.01729	1.02142	1.03103	1.02085	1.04195	1.0706	1.06711	1.06777	1.06378	1.06631	1.06965	1.09608	1.11324	1.11547	1.09628	1.11096	1.09564	0.914173	0.908364	0.913844	0.922435	0.898987	0.900118
ERR605566	0.969282	0.9361	0.967242	0.969054	0.935969	0.939567	0.730059	0.727412	0.7241	0	0.724995	0.73626	0.909953	0.914013	0.942914	0.909505	0.940995	0.942702	0.921712	0.917764	0.923634	0.925623	0.924325	0.920185	1.09005	1.09745	1.08564	1.09712	1.09409	1.09746	0.958036	0.93513	0.956282	0.954997	0.962628	0.929048	0.896357	0.899761	0.896297	0.903246	0.906841	0.929298	0.820163	0.820284	0.793711	0.794533	0.794209	0.821621	0.976518	0.99192	0.983467	0.97591	0.985254	0.976496	1.0949	1.08094	1.08091	1.08239	1.08061	1.09452	1.05913	1.05161	1.05429	1.05477	1.06124	1.06648	1.06533	1.06452	1.05366	1.05748	1.05575	1.06357	1.01954	1.02036	1.02368	1.03289	1.02353	1.04343	1.0776	1.07401	1.07473	1.07063	1.07346	1.0766	1.10192	1.119	1.12102	1.10259	1.11688	1.10152	0.919917	0.914641	0.919779	0.928251	0.905676	0.907062
ERR605567	0.96754	0.933511	0.965146	0.967233	0.933598	0.937409	0.728159	0.725469	0.722186	0.724995	0	0.734462	0.908205	0.912072	0.941608	0.907852	0.939717	0.941349	0.919801	0.915681	0.921838	0.923756	0.922691	0.918252	1.08866	1.09555	1.08412	1.09547	1.09215	1.09597	0.955974	0.933033	0.954503	0.95314	0.9605	0.926742	0.894006	0.897314	0.894012	0.901075	0.904692	0.927482	0.819007	0.819335	0.792067	0.792311	0.792165	0.820576	0.974965	0.990275	0.982002	0.974155	0.983807	0.97478	1.09343	1.07926	1.0794	1.08056	1.0788	1.09302	1.05709	1.04963	1.05247	1.05303	1.05937	1.06491	1.06354	1.06238	1.0521	1.05558	1.05394	1.06157	1.01892	1.01938	1.02316	1.03248	1.02268	1.04283	1.07545	1.07216	1.07286	1.06866	1.07125	1.07443	1.1006	1.11758	1.11967	1.10099	1.11535	1.10003	0.918002	0.912817	0.917746	0.926053	0.903861	0.904704
ERR605565	0.976409	0.943916	0.974077	0.976247	0.944202	0.947423	0.734638	0.73679	0.729554	0.73626	0.734462	0	0.917928	0.921353	0.949476	0.917408	0.947525	0.949501	0.929108	0.925455	0.931457	0.93349	0.932204	0.927635	1.09537	1.10212	1.09131	1.10207	1.0988	1.10244	0.964577	0.942469	0.962862	0.961889	0.967861	0.936894	0.903197	0.905699	0.903377	0.910591	0.914376	0.935452	0.825483	0.826044	0.801219	0.800906	0.800787	0.82717	0.982689	0.9972	0.989354	0.981857	0.990959	0.98274	1.09994	1.08621	1.08626	1.08749	1.0859	1.09907	1.06339	1.05671	1.05943	1.06	1.06615	1.07113	1.07011	1.06916	1.05984	1.0625	1.06149	1.06824	1.02129	1.02185	1.02518	1.03381	1.02458	1.04357	1.08267	1.07916	1.07989	1.07602	1.07827	1.08156	1.10705	1.12362	1.12566	1.10738	1.12137	1.10677	0.92825	0.922955	0.928147	0.93471	0.914634	0.915431
ERR637100	0.908749	0.869721	0.905849	0.908339	0.868372	0.874419	0.910907	0.910169	0.903911	0.909953	0.908205	0.917928	0	0.751456	0.792693	0.745807	0.788927	0.79099	0.865153	0.861097	0.865925	0.867286	0.866468	0.86383	1.09413	1.10337	1.0898	1.10263	1.09963	1.10344	0.85772	0.831773	0.855401	0.853771	0.866917	0.823745	0.857911	0.860966	0.857383	0.861184	0.86431	0.889246	0.918204	0.917823	0.890063	0.889866	0.890154	0.919499	0.96383	0.980053	0.969904	0.962688	0.971705	0.963125	1.09427	1.08018	1.07944	1.08189	1.07948	1.09503	1.06639	1.05764	1.0607	1.06162	1.06857	1.07317	1.07311	1.07211	1.05893	1.0641	1.06072	1.07139	1.0958	1.09544	1.10184	1.11424	1.10204	1.12989	1.08303	1.07891	1.08031	1.07577	1.07945	1.08188	1.10377	1.12242	1.12412	1.10752	1.12004	1.10431	0.84498	0.841132	0.844863	0.859536	0.830353	0.831537
ERR637099	0.913854	0.876239	0.911027	0.913607	0.875364	0.880205	0.914698	0.914536	0.908152	0.914013	0.912072	0.921353	0.751456	0	0.795999	0.751896	0.792556	0.794731	0.870111	0.866262	0.870719	0.872086	0.871366	0.86853	1.09902	1.10737	1.09455	1.10671	1.10394	1.1073	0.861383	0.836221	0.859265	0.857472	0.869013	0.829184	0.862007	0.865062	0.861847	0.865584	0.868864	0.892207	0.922101	0.921332	0.89428	0.893682	0.894276	0.923421	0.967905	0.983081	0.973462	0.96677	0.975785	0.96727	1.09898	1.08493	1.08453	1.08686	1.08448	1.09918	1.06933	1.06165	1.06432	1.06514	1.07198	1.07669	1.07649	1.07568	1.06357	1.06814	1.06546	1.07487	1.09867	1.09837	1.10464	1.11682	1.10462	1.13223	1.08739	1.08384	1.08499	1.08078	1.08386	1.08632	1.10894	1.1267	1.12853	1.11117	1.12413	1.10915	0.850927	0.846809	0.850607	0.863315	0.83651	0.837857
ERR637104	0.940332	0.913268	0.937726	0.939797	0.912071	0.916142	0.944162	0.942944	0.939111	0.942914	0.941608	0.949476	0.792693	0.795999	0	0.793257	0.812558	0.813814	0.908601	0.905105	0.908226	0.908693	0.908346	0.906951	1.12914	1.13725	1.12506	1.13657	1.13424	1.13702	0.888883	0.87028	0.887117	0.885403	0.897437	0.864728	0.896326	0.897949	0.895348	0.895349	0.898424	0.917504	0.94545	0.944589	0.924135	0.923848	0.924288	0.946023	0.997686	1.01071	1.00273	0.996759	1.0046	0.996812	1.12804	1.11559	1.11487	1.11707	1.1148	1.12882	1.09962	1.09185	1.09448	1.09531	1.10117	1.10541	1.10711	1.10642	1.09457	1.0994	1.09637	1.10586	1.12115	1.12081	1.12674	1.13792	1.12656	1.15206	1.1201	1.11651	1.11759	1.1135	1.11749	1.11916	1.13682	1.15303	1.15474	1.14006	1.15107	1.13759	0.881083	0.879511	0.881005	0.892582	0.872452	0.873537
ERR637101	0.909858	0.870113	0.906958	0.909547	0.870112	0.875187	0.91031	0.91029	0.903833	0.909505	0.907852	0.917408	0.745807	0.751896	0.793257	0	0.789473	0.791341	0.864553	0.860894	0.865705	0.867022	0.866415	0.863239	1.09452	1.10293	1.09004	1.10205	1.09921	1.10284	0.857654	0.831592	0.855634	0.85355	0.86538	0.824557	0.857112	0.860263	0.857058	0.860857	0.864199	0.888703	0.919058	0.918356	0.890128	0.889863	0.890086	0.919896	0.963916	0.979326	0.969841	0.962774	0.972307	0.963319	1.0945	1.08047	1.07995	1.08231	1.08004	1.09509	1.06499	1.0572	1.06027	1.06097	1.06769	1.07265	1.07238	1.0714	1.0593	1.06394	1.06105	1.07078	1.09552	1.09524	1.10181	1.11393	1.10176	1.12961	1.08278	1.07893	1.08011	1.07588	1.07901	1.08151	1.10451	1.12271	1.12449	1.10698	1.12035	1.10493	0.846681	0.842203	0.846214	0.85938	0.831371	0.832476
ERR637103	0.938221	0.910119	0.935778	0.937736	0.909253	0.913191	0.942203	0.941244	0.936718	0.940995	0.939717	0.947525	0.788927	0.792556	0.812558	0.789473	0	0.812029	0.904459	0.90126	0.904126	0.904496	0.904499	0.902761	1.12641	1.13481	1.12239	1.13414	1.13165	1.13458	0.885795	0.867149	0.884023	0.882702	0.894636	0.861317	0.894168	0.895284	0.893017	0.893446	0.895953	0.91595	0.943948	0.942808	0.922174	0.921687	0.922525	0.944399	0.99566	1.00924	1.00082	0.994783	1.00262	0.995002	1.12556	1.11299	1.11244	1.11441	1.11231	1.12619	1.09752	1.08972	1.09222	1.09313	1.0993	1.10341	1.1045	1.10359	1.09168	1.09682	1.09362	1.10301	1.11929	1.11898	1.12483	1.13613	1.12477	1.1501	1.1173	1.11342	1.11482	1.11065	1.11444	1.11624	1.13456	1.15087	1.15225	1.13742	1.14861	1.135	0.878328	0.876498	0.877942	0.889744	0.86907	0.870212
ERR637102	0.939935	0.9134	0.938005	0.940079	0.912435	0.916019	0.943908	0.942812	0.938758	0.942702	0.941349	0.949501	0.79099	0.794731	0.813814	0.791341	0.812029	0	0.907937	0.904829	0.907426	0.908084	0.90818	0.906337	1.12863	1.13689	1.12455	1.1363	1.13386	1.13684	0.88816	0.869843	0.886131	0.885042	0.896806	0.863756	0.896158	0.897565	0.895006	0.894827	0.897127	0.917514	0.945319	0.944542	0.924042	0.923155	0.924561	0.94579	0.9975	1.01058	1.00251	0.996685	1.00401	0.996511	1.12746	1.11514	1.11443	1.11694	1.11454	1.12841	1.09966	1.09186	1.09454	1.09528	1.10129	1.10555	1.10722	1.10626	1.09419	1.09912	1.09598	1.10583	1.12108	1.12085	1.12647	1.13779	1.12649	1.15175	1.1199	1.11587	1.11712	1.11308	1.11697	1.11863	1.1364	1.15283	1.1543	1.1395	1.15068	1.13684	0.881469	0.879358	0.880907	0.892867	0.871731	0.873147
ERR626766	0.921988	0.879904	0.91883	0.921751	0.881078	0.88497	0.921239	0.922663	0.915136	0.921712	0.919801	0.929108	0.865153	0.870111	0.908601	0.864553	0.904459	0.907937	0	0.745638	0.756572	0.758291	0.757104	0.749157	1.0808	1.08804	1.07627	1.08737	1.08448	1.08849	0.884117	0.857438	0.881705	0.880457	0.888165	0.850849	0.883462	0.888717	0.884441	0.893412	0.896366	0.922139	0.930492	0.930591	0.900122	0.900014	0.899309	0.931592	0.970147	0.985259	0.9746	0.967774	0.977999	0.969183	1.08354	1.06914	1.06895	1.07039	1.06839	1.08281	1.05247	1.04542	1.04834	1.04906	1.0562	1.06126	1.0596	1.05884	1.04888	1.05188	1.05078	1.05759	1.08369	1.08347	1.08986	1.10178	1.08938	1.11684	1.0649	1.06139	1.06228	1.05853	1.0601	1.06368	1.08964	1.10719	1.10959	1.08974	1.10496	1.08996	0.865882	0.858777	0.8654	0.874644	0.847261	0.849187
ERR626765	0.917653	0.874467	0.913912	0.916802	0.874751	0.87975	0.917548	0.918487	0.910555	0.917764	0.915681	0.925455	0.861097	0.866262	0.905105	0.860894	0.90126	0.904829	0.745638	0	0.75097	0.7533	0.752547	0.744096	1.07639	1.0841	1.07202	1.08383	1.08046	1.08449	0.880964	0.853846	0.878507	0.87749	0.886354	0.84609	0.879591	0.884738	0.880238	0.889019	0.892258	0.918759	0.92683	0.926982	0.895923	0.895813	0.895169	0.928025	0.965388	0.980995	0.970115	0.962745	0.973046	0.964298	1.07926	1.06444	1.06444	1.06598	1.06379	1.07893	1.04808	1.04068	1.04364	1.04463	1.05152	1.05682	1.05597	1.05516	1.0443	1.04788	1.04628	1.05401	1.07972	1.07928	1.08626	1.09846	1.08572	1.11369	1.06047	1.05682	1.05806	1.05394	1.05583	1.05954	1.08541	1.10316	1.10555	1.08563	1.10116	1.08562	0.859975	0.853134	0.859408	0.870293	0.841309	0.843071
ERR626769	0.922258	0.881067	0.919075	0.921523	0.881248	0.886153	0.92411	0.924348	0.917303	0.923634	0.921838	0.931457	0.865925	0.870719	0.908226	0.865705	0.904126	0.907426	0.756572	0.75097	0	0.756751	0.755918	0.754291	1.08228	1.09053	1.07794	1.08985	1.08678	1.09053	0.884509	0.858798	0.881815	0.881146	0.890543	0.851568	0.887111	0.891884	0.887911	0.895336	0.898556	0.924433	0.930854	0.930796	0.90144	0.901291	0.900926	0.932083	0.972392	0.988425	0.977686	0.970124	0.98062	0.97164	1.08512	1.07042	1.07042	1.07209	1.07003	1.08486	1.05583	1.04806	1.05092	1.052	1.05918	1.06391	1.06299	1.06202	1.05103	1.055	1.05313	1.06104	1.08553	1.08554	1.09195	1.10348	1.09158	1.11847	1.06734	1.06372	1.06482	1.06091	1.06316	1.06617	1.09082	1.10828	1.11085	1.0916	1.10604	1.09119	0.865581	0.859523	0.865106	0.876221	0.847907	0.849516
ERR626770	0.923163	0.883012	0.919841	0.922371	0.88302	0.887474	0.92592	0.926288	0.919148	0.925623	0.923756	0.93349	0.867286	0.872086	0.908693	0.867022	0.904496	0.908084	0.758291	0.7533	0.756751	0	0.75714	0.756063	1.08331	1.09156	1.07904	1.09116	1.08784	1.09194	0.885718	0.859976	0.883166	0.881868	0.892468	0.852818	0.889252	0.893893	0.889539	0.896707	0.899624	0.925914	0.932285	0.932629	0.90361	0.903349	0.903043	0.933947	0.973282	0.989608	0.979084	0.971485	0.981524	0.972315	1.08588	1.07146	1.07114	1.07307	1.07096	1.08568	1.0573	1.04958	1.05212	1.05328	1.06042	1.06528	1.06459	1.0637	1.05243	1.05632	1.05419	1.06276	1.08715	1.08696	1.09337	1.10523	1.09308	1.12007	1.06859	1.06468	1.06591	1.06177	1.06436	1.06731	1.0917	1.10966	1.11187	1.09286	1.10736	1.09206	0.866413	0.860837	0.865853	0.877624	0.849102	0.851011
ERR626768	0.923064	0.882351	0.919793	0.922335	0.882643	0.887188	0.925022	0.925181	0.918085	0.924325	0.922691	0.932204	0.866468	0.871366	0.908346	0.866415	0.904499	0.90818	0.757104	0.752547	0.755918	0.75714	0	0.754884	1.08282	1.09089	1.07848	1.09025	1.08731	1.09139	0.884698	0.859083	0.882489	0.881284	0.890736	0.852047	0.888237	0.892733	0.88841	0.895945	0.899108	0.925371	0.931858	0.932131	0.902655	0.902376	0.901917	0.932952	0.972789	0.98843	0.977776	0.970419	0.980565	0.971639	1.08543	1.07087	1.07083	1.07253	1.0705	1.08514	1.0561	1.04852	1.05145	1.05232	1.05943	1.06407	1.06332	1.06251	1.05165	1.05542	1.05338	1.06154	1.08593	1.08591	1.09231	1.10396	1.09199	1.11905	1.06772	1.06413	1.06525	1.06126	1.06357	1.06669	1.09142	1.10894	1.11115	1.09205	1.10679	1.09149	0.865959	0.859876	0.865512	0.876701	0.848634	0.850614
ERR626767	0.920552	0.878193	0.917091	0.919816	0.878898	0.883394	0.920259	0.920913	0.913549	0.920185	0.918252	0.927635	0.86383	0.86853	0.906951	0.863239	0.902761	0.906337	0.749157	0.744096	0.754291	0.756063	0.754884	0	1.07966	1.08767	1.07532	1.08701	1.08374	1.08777	0.883251	0.856472	0.880516	0.879443	0.887433	0.849278	0.883561	0.888349	0.884364	0.892397	0.895859	0.921669	0.928271	0.928345	0.898351	0.898221	0.897534	0.92985	0.968659	0.984366	0.973735	0.966573	0.976882	0.967558	1.08232	1.06765	1.06753	1.06916	1.06732	1.0819	1.05188	1.0443	1.04741	1.04816	1.05532	1.06047	1.05983	1.05871	1.04805	1.0516	1.04983	1.05772	1.08217	1.0819	1.0885	1.10058	1.08785	1.11555	1.06385	1.06045	1.06119	1.05737	1.05954	1.06286	1.08857	1.1059	1.10862	1.08883	1.10404	1.08847	0.862577	0.856639	0.8626	0.872845	0.844735	0.84652
ERR635317	1.10282	1.07107	1.10072	1.1023	1.07072	1.07544	1.08935	1.09007	1.08386	1.09005	1.08866	1.09537	1.09413	1.09902	1.12914	1.09452	1.12641	1.12863	1.0808	1.07639	1.08228	1.08331	1.08282	1.07966	0	0.788128	0.769752	0.788098	0.782492	0.788879	1.11417	1.0956	1.11314	1.1121	1.12002	1.08913	1.08211	1.08689	1.08258	1.09024	1.09263	1.11156	1.09996	1.10078	1.07663	1.0773	1.07666	1.10116	1.04201	1.05734	1.04715	1.04063	1.05121	1.04172	0.906489	0.887468	0.887954	0.888805	0.887566	0.904844	0.917535	0.907715	0.911213	0.911164	0.92189	0.927898	0.94441	0.942074	0.928757	0.932748	0.930589	0.942243	0.98077	0.98002	0.989578	1.00329	0.990296	1.02463	0.896093	0.890024	0.891478	0.885205	0.890439	0.893311	0.937948	0.960008	0.962736	0.936411	0.957389	0.93642	1.08642	1.08088	1.0858	1.09493	1.07206	1.07194
ERR635320	1.1108	1.07945	1.10883	1.11034	1.07983	1.08385	1.09607	1.09749	1.09128	1.09745	1.09555	1.10212	1.10337	1.10737	1.13725	1.10293	1.13481	1.13689	1.08804	1.0841	1.09053	1.09156	1.09089	1.08767	0.788128	0	0.781335	0.788859	0.790084	0.789861	1.12204	1.1037	1.12075	1.1199	1.12536	1.09851	1.08872	1.09331	1.0898	1.09821	1.10054	1.11766	1.10843	1.10897	1.08438	1.08508	1.0846	1.10911	1.04988	1.06307	1.05449	1.04803	1.05852	1.04956	0.913112	0.895347	0.895877	0.896277	0.895555	0.910089	0.923823	0.917075	0.920007	0.919606	0.928988	0.935857	0.949572	0.947667	0.938847	0.941097	0.940643	0.947226	0.987579	0.987599	0.99673	1.00986	0.996876	1.03047	0.901963	0.897408	0.898339	0.892707	0.895965	0.899713	0.946163	0.966328	0.969334	0.941461	0.963929	0.944144	1.0958	1.08995	1.09524	1.10205	1.08167	1.08217
ERR635318	1.09918	1.06668	1.09708	1.09835	1.06626	1.07102	1.08485	1.0856	1.07949	1.08564	1.08412	1.09131	1.0898	1.09455	1.12506	1.09004	1.12239	1.12455	1.07627	1.07202	1.07794	1.07904	1.07848	1.07532	0.769752	0.781335	0	0.781202	0.775746	0.782595	1.11032	1.09119	1.10913	1.10791	1.11627	1.08463	1.07735	1.08236	1.07784	1.08565	1.08806	1.10719	1.09588	1.09646	1.07196	1.07259	1.07228	1.09703	1.03694	1.05249	1.04232	1.03545	1.04641	1.03669	0.901473	0.881809	0.882302	0.883517	0.882068	0.900075	0.910909	0.901277	0.904417	0.904645	0.915165	0.921598	0.937395	0.936064	0.921806	0.926055	0.923876	0.935648	0.974789	0.974171	0.983806	0.998196	0.984996	1.01982	0.890036	0.883619	0.884945	0.87845	0.884542	0.887187	0.933267	0.956	0.958655	0.931891	0.953228	0.931712	1.08153	1.07601	1.0808	1.09036	1.06704	1.06716
ERR635319	1.11041	1.07918	1.10838	1.11033	1.07947	1.08342	1.09592	1.09727	1.09095	1.09712	1.09547	1.10207	1.10263	1.10671	1.13657	1.10205	1.13414	1.1363	1.08737	1.08383	1.08985	1.09116	1.09025	1.08701	0.788098	0.788859	0.781202	0	0.790363	0.790033	1.12166	1.1033	1.12023	1.11931	1.12497	1.09777	1.08834	1.09289	1.08942	1.09778	1.1002	1.11751	1.10766	1.10857	1.0842	1.08496	1.08418	1.10894	1.04978	1.06302	1.05455	1.04789	1.05819	1.04968	0.912604	0.895012	0.895398	0.896193	0.894822	0.909597	0.92424	0.917204	0.920014	0.920242	0.929208	0.936186	0.948268	0.946678	0.937494	0.939584	0.93947	0.945927	0.987559	0.987703	0.996461	1.00994	0.99689	1.03042	0.901834	0.89698	0.89821	0.89237	0.895297	0.899257	0.945495	0.965714	0.968706	0.940895	0.963346	0.943871	1.0954	1.08955	1.09489	1.10172	1.0812	1.0814
ERR635316	1.1082	1.07616	1.10605	1.10767	1.07649	1.08039	1.09238	1.09395	1.08757	1.09409	1.09215	1.0988	1.09963	1.10394	1.13424	1.09921	1.13165	1.13386	1.08448	1.08046	1.08678	1.08784	1.08731	1.08374	0.782492	0.790084	0.775746	0.790363	0	0.791097	1.11898	1.09993	1.11761	1.11669	1.12241	1.09438	1.08529	1.09014	1.08618	1.09511	1.09744	1.11497	1.1047	1.10553	1.08076	1.08154	1.08092	1.10592	1.04633	1.05944	1.05051	1.04453	1.05442	1.0461	0.910446	0.892384	0.89257	0.893375	0.892253	0.907966	0.919249	0.912147	0.915024	0.915041	0.924446	0.931333	0.946414	0.944502	0.934221	0.935815	0.936011	0.943552	0.984703	0.984137	0.993705	1.00707	0.994147	1.02802	0.898705	0.893987	0.895277	0.88938	0.892632	0.896521	0.943001	0.963631	0.966466	0.938774	0.96125	0.941053	1.09243	1.08621	1.0919	1.09874	1.07769	1.07813
ERR635321	1.11066	1.07947	1.10882	1.11057	1.08004	1.08391	1.0965	1.09756	1.09166	1.09746	1.09597	1.10244	1.10344	1.1073	1.13702	1.10284	1.13458	1.13684	1.08849	1.08449	1.09053	1.09194	1.09139	1.08777	0.788879	0.789861	0.782595	0.790033	0.791097	0	1.12197	1.10368	1.12064	1.11973	1.1255	1.09796	1.08903	1.09356	1.08984	1.09837	1.10057	1.11794	1.108	1.10902	1.08451	1.08503	1.08475	1.10903	1.05017	1.06374	1.05477	1.04849	1.05871	1.04981	0.913087	0.895216	0.895494	0.89625	0.895221	0.909735	0.9248	0.91777	0.92059	0.920358	0.93006	0.936713	0.949507	0.948083	0.938858	0.94095	0.94066	0.94728	0.988007	0.98788	0.996971	1.01008	0.997246	1.03038	0.902623	0.89793	0.899133	0.893105	0.896596	0.899974	0.946101	0.96595	0.969186	0.941368	0.963746	0.944043	1.0959	1.09006	1.0955	1.10208	1.08171	1.08187
ERR608936	0.942013	0.909018	0.939309	0.941957	0.908919	0.912858	0.957917	0.957984	0.952151	0.958036	0.955974	0.964577	0.85772	0.861383	0.888883	0.857654	0.885795	0.88816	0.884117	0.880964	0.884509	0.885718	0.884698	0.883251	1.11417	1.12204	1.11032	1.12166	1.11898	1.12197	0	0.796285	0.81319	0.811953	0.826801	0.79029	0.90509	0.908188	0.905253	0.908874	0.911117	0.931978	0.95802	0.95767	0.933397	0.932905	0.932997	0.958738	1.00392	1.01763	1.00874	1.00264	1.01093	1.00312	1.11797	1.10532	1.10504	1.10667	1.10487	1.11803	1.08755	1.08015	1.08296	1.08374	1.08993	1.09422	1.09667	1.0959	1.08511	1.08913	1.0867	1.09513	1.11592	1.11593	1.1216	1.13277	1.1215	1.14676	1.1063	1.10277	1.10387	1.10006	1.10287	1.10489	1.12488	1.1404	1.14225	1.12641	1.13882	1.12511	0.897903	0.894425	0.897957	0.907598	0.885709	0.886925
ERR608932	0.918995	0.880586	0.916213	0.919033	0.880773	0.885423	0.934856	0.935398	0.92833	0.93513	0.933033	0.942469	0.831773	0.836221	0.87028	0.831592	0.867149	0.869843	0.857438	0.853846	0.858798	0.859976	0.859083	0.856472	1.0956	1.1037	1.09119	1.1033	1.09993	1.10368	0.796285	0	0.793273	0.791279	0.799913	0.756297	0.879827	0.883739	0.880022	0.885752	0.888529	0.911727	0.938546	0.938262	0.909806	0.909514	0.909121	0.939049	0.981708	0.996036	0.986357	0.980141	0.989038	0.98076	1.09991	1.08639	1.08614	1.08784	1.08571	1.10003	1.06653	1.05878	1.06158	1.06245	1.06934	1.07396	1.07677	1.0759	1.06506	1.06893	1.06663	1.07514	1.09856	1.0983	1.10485	1.11659	1.10443	1.13181	1.08633	1.08267	1.08362	1.07992	1.08242	1.08511	1.10707	1.12402	1.12615	1.10822	1.12211	1.10739	0.873164	0.868266	0.872497	0.883581	0.857628	0.858939
ERR608935	0.940084	0.907016	0.937672	0.939866	0.907067	0.911219	0.956382	0.956319	0.950168	0.956282	0.954503	0.962862	0.855401	0.859265	0.887117	0.855634	0.884023	0.886131	0.881705	0.878507	0.881815	0.883166	0.882489	0.880516	1.11314	1.12075	1.10913	1.12023	1.11761	1.12064	0.81319	0.793273	0	0.809009	0.824286	0.787413	0.903691	0.906403	0.903477	0.907397	0.909769	0.930595	0.955954	0.955876	0.931477	0.931122	0.931155	0.956799	1.00217	1.01627	1.00725	1.00079	1.00933	1.00156	1.1165	1.10406	1.10369	1.10561	1.10353	1.11699	1.08601	1.07852	1.08126	1.08189	1.08852	1.09279	1.09498	1.09433	1.08365	1.08789	1.0852	1.09389	1.11426	1.11428	1.12031	1.13128	1.11968	1.14517	1.10494	1.10155	1.10237	1.0986	1.10159	1.10371	1.12369	1.13933	1.14107	1.12501	1.13736	1.12403	0.896125	0.892163	0.895605	0.905934	0.88338	0.884252
ERR608934	0.938518	0.905292	0.936536	0.938565	0.905247	0.90935	0.955095	0.955048	0.948984	0.954997	0.95314	0.961889	0.853771	0.857472	0.885403	0.85355	0.882702	0.885042	0.880457	0.87749	0.881146	0.881868	0.881284	0.879443	1.1121	1.1199	1.10791	1.11931	1.11669	1.11973	0.811953	0.791279	0.809009	0	0.822308	0.785316	0.901393	0.904574	0.901408	0.905351	0.907616	0.928806	0.955434	0.955145	0.930235	0.929976	0.929967	0.956171	1.0007	1.01496	1.00598	0.999428	1.00812	1	1.11615	1.10334	1.10286	1.1048	1.10266	1.11604	1.08509	1.07765	1.08008	1.08108	1.08746	1.0918	1.09437	1.09369	1.08312	1.08723	1.08465	1.09308	1.11356	1.11365	1.11946	1.13061	1.11917	1.14478	1.10382	1.10044	1.10135	1.09764	1.1004	1.1027	1.12266	1.13858	1.14031	1.12418	1.13656	1.12285	0.894359	0.891066	0.894037	0.904911	0.881412	0.882684
ERR608931	0.950259	0.916941	0.947626	0.950382	0.918982	0.920748	0.961543	0.962838	0.956484	0.962628	0.9605	0.967861	0.866917	0.869013	0.897437	0.86538	0.894636	0.896806	0.888165	0.886354	0.890543	0.892468	0.890736	0.887433	1.12002	1.12536	1.11627	1.12497	1.12241	1.1255	0.826801	0.799913	0.824286	0.822308	0	0.797151	0.906103	0.909049	0.908239	0.913973	0.916515	0.933264	0.965097	0.964267	0.938977	0.938536	0.938256	0.965189	1.00886	1.01987	1.01257	1.00714	1.015	1.00821	1.12354	1.1118	1.11164	1.11279	1.11095	1.12272	1.08813	1.08316	1.08575	1.08592	1.09194	1.09676	1.09854	1.09797	1.09115	1.0929	1.09233	1.09641	1.11912	1.11951	1.12509	1.13563	1.12417	1.14942	1.1095	1.10745	1.10787	1.1049	1.1055	1.10877	1.13099	1.14505	1.14743	1.12992	1.14333	1.13094	0.910021	0.903899	0.909322	0.913317	0.896178	0.897652
ERR608933	0.912051	0.871724	0.908859	0.911142	0.871625	0.876858	0.92867	0.929115	0.921792	0.929048	0.926742	0.936894	0.823745	0.829184	0.864728	0.824557	0.861317	0.863756	0.850849	0.84609	0.851568	0.852818	0.852047	0.849278	1.08913	1.09851	1.08463	1.09777	1.09438	1.09796	0.79029	0.756297	0.787413	0.785316	0.797151	0	0.873723	0.87816	0.873743	0.879028	0.882171	0.907169	0.932451	0.93221	0.903312	0.902917	0.902713	0.933283	0.974907	0.990779	0.980032	0.973123	0.982752	0.973757	1.09364	1.07967	1.07929	1.08107	1.07874	1.09421	1.06152	1.05306	1.05607	1.05687	1.06409	1.06854	1.07195	1.07102	1.05863	1.06299	1.0603	1.07029	1.0933	1.09329	1.09995	1.11201	1.09987	1.12767	1.0801	1.07642	1.07743	1.0734	1.07664	1.07917	1.1008	1.11869	1.12059	1.10314	1.11649	1.10116	0.863805	0.859233	0.863109	0.876747	0.847749	0.848954
ERR613612	0.91996	0.878941	0.916843	0.919727	0.879526	0.883373	0.894267	0.896491	0.888373	0.896357	0.894006	0.903197	0.857911	0.862007	0.896326	0.857112	0.894168	0.896158	0.883462	0.879591	0.887111	0.889252	0.888237	0.883561	1.08211	1.08872	1.07735	1.08834	1.08529	1.08903	0.90509	0.879827	0.903691	0.901393	0.906103	0.873723	0	0.760523	0.754514	0.768633	0.772298	0.800214	0.916757	0.915825	0.883279	0.883419	0.882904	0.917391	0.95608	0.97052	0.961222	0.954102	0.963598	0.955552	1.08782	1.07307	1.07288	1.07418	1.07247	1.08678	1.04648	1.03924	1.04262	1.04334	1.04992	1.05536	1.05527	1.05407	1.04481	1.04773	1.04675	1.05291	1.08065	1.0804	1.08737	1.10012	1.08698	1.11607	1.06502	1.06175	1.06256	1.0583	1.05979	1.06394	1.09514	1.11252	1.11464	1.09409	1.11066	1.09517	0.879049	0.871973	0.878406	0.885985	0.861388	0.86315
ERR613613	0.924056	0.884457	0.921535	0.924406	0.885149	0.889089	0.898467	0.899642	0.892617	0.899761	0.897314	0.905699	0.860966	0.865062	0.897949	0.860263	0.895284	0.897565	0.888717	0.884738	0.891884	0.893893	0.892733	0.888349	1.08689	1.09331	1.08236	1.09289	1.09014	1.09356	0.908188	0.883739	0.906403	0.904574	0.909049	0.87816	0.760523	0	0.761743	0.774133	0.777462	0.804901	0.918201	0.917167	0.886158	0.886151	0.886025	0.918691	0.960521	0.974652	0.965324	0.958956	0.968092	0.960463	1.0921	1.07782	1.07764	1.07926	1.07675	1.09143	1.05054	1.04381	1.0471	1.04757	1.0541	1.05957	1.06018	1.05927	1.05	1.05264	1.0514	1.05823	1.08325	1.08322	1.0897	1.10244	1.08933	1.11796	1.06993	1.06685	1.06724	1.06355	1.06515	1.0688	1.09933	1.11623	1.11863	1.0987	1.11442	1.09923	0.882592	0.875994	0.882652	0.889034	0.866083	0.867385
ERR613611	0.918901	0.878463	0.915795	0.918955	0.878667	0.882887	0.894859	0.896344	0.888436	0.896297	0.894012	0.903377	0.857383	0.861847	0.895348	0.857058	0.893017	0.895006	0.884441	0.880238	0.887911	0.889539	0.88841	0.884364	1.08258	1.0898	1.07784	1.08942	1.08618	1.08984	0.905253	0.880022	0.903477	0.901408	0.908239	0.873743	0.754514	0.761743	0	0.768516	0.771805	0.801026	0.915381	0.914641	0.882959	0.882863	0.882954	0.915974	0.956913	0.971922	0.962244	0.955263	0.964648	0.956155	1.08796	1.07342	1.07302	1.07449	1.07254	1.08744	1.04791	1.03992	1.04349	1.04424	1.05107	1.05632	1.05663	1.05579	1.0452	1.04863	1.04713	1.05462	1.08053	1.08001	1.08717	1.09988	1.08673	1.11585	1.0663	1.06249	1.06326	1.05913	1.06125	1.06507	1.09516	1.1126	1.11484	1.09491	1.11073	1.09519	0.877028	0.870685	0.877049	0.885794	0.860136	0.861692
ERR613614	0.923913	0.886321	0.921341	0.923745	0.886597	0.890877	0.903085	0.903464	0.896671	0.903246	0.901075	0.910591	0.861184	0.865584	0.895349	0.860857	0.893446	0.894827	0.893412	0.889019	0.895336	0.896707	0.895945	0.892397	1.09024	1.09821	1.08565	1.09778	1.09511	1.09837	0.908874	0.885752	0.907397	0.905351	0.913973	0.879028	0.768633	0.774133	0.768516	0	0.776406	0.805725	0.919435	0.919026	0.88969	0.890015	0.889857	0.920178	0.96413	0.979257	0.969816	0.962878	0.971913	0.963338	1.09564	1.08152	1.08093	1.08283	1.08066	1.09546	1.05699	1.0488	1.05216	1.05294	1.05972	1.06456	1.06614	1.06489	1.05371	1.05798	1.05558	1.06456	1.08842	1.08778	1.09463	1.10724	1.09453	1.12294	1.07543	1.07184	1.07263	1.0685	1.07143	1.07434	1.10199	1.11955	1.1215	1.10305	1.11766	1.1022	0.881225	0.875862	0.881164	0.891698	0.866376	0.867412
ERR613615	0.927225	0.890514	0.924765	0.927183	0.89049	0.894994	0.906678	0.906863	0.900077	0.906841	0.904692	0.914376	0.86431	0.868864	0.898424	0.864199	0.895953	0.897127	0.896366	0.892258	0.898556	0.899624	0.899108	0.895859	1.09263	1.10054	1.08806	1.1002	1.09744	1.10057	0.911117	0.888529	0.909769	0.907616	0.916515	0.882171	0.772298	0.777462	0.771805	0.776406	0	0.808686	0.92228	0.921162	0.89294	0.89308	0.893215	0.922476	0.967124	0.981911	0.972687	0.965839	0.974835	0.966601	1.09767	1.08361	1.08313	1.08503	1.08298	1.09759	1.05974	1.05168	1.05467	1.05561	1.06237	1.06746	1.06849	1.06739	1.05608	1.06021	1.05799	1.06677	1.09009	1.08961	1.09655	1.10893	1.09641	1.12441	1.07801	1.07398	1.07539	1.07092	1.07382	1.07681	1.10455	1.12176	1.12377	1.1055	1.11965	1.10461	0.884428	0.879556	0.884048	0.894618	0.869634	0.871142
ERR613616	0.950128	0.917544	0.947801	0.95039	0.91808	0.921183	0.928576	0.929914	0.923668	0.929298	0.927482	0.935452	0.889246	0.892207	0.917504	0.888703	0.91595	0.917514	0.922139	0.918759	0.924433	0.925914	0.925371	0.921669	1.11156	1.11766	1.10719	1.11751	1.11497	1.11794	0.931978	0.911727	0.930595	0.928806	0.933264	0.907169	0.800214	0.804901	0.801026	0.805725	0.808686	0	0.944769	0.943689	0.917777	0.917738	0.917624	0.945025	0.989953	1.00245	0.994492	0.988252	0.9967	0.989321	1.11605	1.10345	1.10292	1.10428	1.10225	1.11558	1.07747	1.07095	1.07395	1.0746	1.08047	1.08565	1.08612	1.08508	1.07629	1.0795	1.07807	1.08445	1.10706	1.10695	1.11317	1.12496	1.11285	1.13935	1.09651	1.09352	1.09392	1.09012	1.09207	1.09541	1.12266	1.13842	1.14045	1.12244	1.13659	1.12277	0.912746	0.907387	0.912657	0.919066	0.899348	0.900621
ERR613543	0.974788	0.945693	0.972928	0.974654	0.945087	0.948709	0.821293	0.820256	0.816973	0.820163	0.819007	0.825483	0.918204	0.922101	0.94545	0.919058	0.943948	0.945319	0.930492	0.92683	0.930854	0.932285	0.931858	0.928271	1.09996	1.10843	1.09588	1.10766	1.1047	1.108	0.95802	0.938546	0.955954	0.955434	0.965097	0.932451	0.916757	0.918201	0.915381	0.919435	0.92228	0.944769	0	0.787219	0.77164	0.771655	0.771317	0.788122	0.99417	1.00882	1.00033	0.993866	1.00188	0.993869	1.10425	1.09117	1.09085	1.09232	1.09086	1.10438	1.07156	1.06331	1.06582	1.06654	1.07298	1.07762	1.07609	1.07524	1.06354	1.06804	1.0653	1.0746	1.03473	1.03441	1.03785	1.04526	1.03731	1.05325	1.08943	1.08545	1.08635	1.08227	1.0861	1.08828	1.10969	1.12576	1.12773	1.11145	1.12366	1.10935	0.924464	0.921038	0.924465	0.934335	0.913565	0.914354
ERR613542	0.974998	0.945844	0.972943	0.974797	0.945338	0.94912	0.821445	0.820633	0.817551	0.820284	0.819335	0.826044	0.917823	0.921332	0.944589	0.918356	0.942808	0.944542	0.930591	0.926982	0.930796	0.932629	0.932131	0.928345	1.10078	1.10897	1.09646	1.10857	1.10553	1.10902	0.95767	0.938262	0.955876	0.955145	0.964267	0.93221	0.915825	0.917167	0.914641	0.919026	0.921162	0.943689	0.787219	0	0.771796	0.772293	0.771883	0.788852	0.994068	1.00821	1.00004	0.993609	1.00176	0.993855	1.10505	1.09198	1.09181	1.09304	1.09164	1.10512	1.07199	1.06387	1.06632	1.06736	1.07369	1.07832	1.07674	1.07588	1.06417	1.0688	1.06613	1.07517	1.03552	1.03517	1.03848	1.04605	1.0381	1.05424	1.09021	1.08646	1.08735	1.08332	1.08653	1.08905	1.1106	1.12656	1.12862	1.1123	1.1245	1.1102	0.924787	0.921319	0.924612	0.93412	0.91377	0.914497
ERR613541	0.950125	0.91486	0.947823	0.950156	0.914831	0.918938	0.794362	0.794469	0.788833	0.793711	0.792067	0.801219	0.890063	0.89428	0.924135	0.890128	0.922174	0.924042	0.900122	0.895923	0.90144	0.90361	0.902655	0.898351	1.07663	1.08438	1.07196	1.0842	1.08076	1.08451	0.933397	0.909806	0.931477	0.930235	0.938977	0.903312	0.883279	0.886158	0.882959	0.88969	0.89294	0.917777	0.77164	0.771796	0	0.74072	0.740705	0.773009	0.966213	0.981855	0.972473	0.965784	0.974711	0.966277	1.08213	1.06752	1.06741	1.06911	1.06733	1.08181	1.04487	1.03684	1.03961	1.04021	1.04713	1.05246	1.05066	1.04988	1.03825	1.04233	1.04027	1.04881	1.02324	1.02314	1.02735	1.03665	1.02678	1.04755	1.064	1.06024	1.06113	1.05662	1.05988	1.06283	1.08762	1.10521	1.10742	1.08839	1.10291	1.08725	0.897649	0.892782	0.897796	0.90737	0.883846	0.884754
ERR613540	0.949583	0.914868	0.947648	0.949839	0.914663	0.918945	0.794834	0.795236	0.78958	0.794533	0.792311	0.800906	0.889866	0.893682	0.923848	0.889863	0.921687	0.923155	0.900014	0.895813	0.901291	0.903349	0.902376	0.898221	1.0773	1.08508	1.07259	1.08496	1.08154	1.08503	0.932905	0.909514	0.931122	0.929976	0.938536	0.902917	0.883419	0.886151	0.882863	0.890015	0.89308	0.917738	0.771655	0.772293	0.74072	0	0.740928	0.773267	0.966433	0.981764	0.972663	0.965515	0.974649	0.966202	1.08237	1.06794	1.06791	1.0693	1.06767	1.08219	1.04534	1.03732	1.04014	1.04075	1.04773	1.05288	1.05088	1.04991	1.03857	1.04245	1.04062	1.04899	1.02311	1.02298	1.0273	1.03656	1.02666	1.04743	1.06475	1.06092	1.06194	1.05729	1.06046	1.06351	1.08846	1.10574	1.10809	1.08923	1.10363	1.08804	0.897651	0.892412	0.89748	0.906904	0.883356	0.884197
ERR613539	0.949782	0.914443	0.947545	0.949877	0.914603	0.918683	0.794497	0.794606	0.788853	0.794209	0.792165	0.800787	0.890154	0.894276	0.924288	0.890086	0.922525	0.924561	0.899309	0.895169	0.900926	0.903043	0.901917	0.897534	1.07666	1.0846	1.07228	1.08418	1.08092	1.08475	0.932997	0.909121	0.931155	0.929967	0.938256	0.902713	0.882904	0.886025	0.882954	0.889857	0.893215	0.917624	0.771317	0.771883	0.740705	0.740928	0	0.773229	0.966683	0.982044	0.972895	0.96594	0.975106	0.966444	1.08209	1.06783	1.06763	1.06898	1.06729	1.08164	1.04491	1.03688	1.03977	1.0403	1.04714	1.05267	1.05022	1.04969	1.0383	1.04221	1.04033	1.04853	1.02331	1.02311	1.02753	1.03671	1.02719	1.04769	1.06392	1.06018	1.06137	1.0568	1.05968	1.06283	1.08803	1.1053	1.10752	1.08873	1.10301	1.08762	0.897697	0.892529	0.897193	0.906715	0.883215	0.883991
ERR613544	0.975689	0.946901	0.973985	0.975725	0.946032	0.949914	0.822762	0.822043	0.818618	0.821621	0.820576	0.82717	0.919499	0.923421	0.946023	0.919896	0.944399	0.94579	0.931592	0.928025	0.932083	0.933947	0.932952	0.92985	1.10116	1.10911	1.09703	1.10894	1.10592	1.10903	0.958738	0.939049	0.956799	0.956171	0.965189	0.933283	0.917391	0.918691	0.915974	0.920178	0.922476	0.945025	0.788122	0.788852	0.773009	0.773267	0.773229	0	0.995072	1.00945	1.00099	0.994814	1.00286	0.994764	1.10573	1.09274	1.09234	1.09377	1.09226	1.10565	1.07241	1.06445	1.06684	1.06768	1.07396	1.0786	1.07689	1.07631	1.06448	1.06891	1.06651	1.07575	1.03553	1.03511	1.0384	1.04566	1.03799	1.05383	1.09069	1.08671	1.08771	1.08366	1.08718	1.08939	1.11078	1.12712	1.1288	1.11275	1.12465	1.11058	0.92562	0.922327	0.92591	0.935354	0.914997	0.915789
