	ERR629867	ERR629863	ERR629866	ERR629865	ERR629862	ERR629864	ERR608869	ERR608870	ERR608865	ERR608866	ERR608868	ERR608867	ERR614124	ERR614123	ERR614126	ERR614125	ERR614127	ERR614128	ERR609030	ERR609032	ERR609031	ERR609027	ERR609028	ERR609029	ERR614130	ERR614129	ERR614131	ERR614134	ERR614133	ERR614132	ERR626616	ERR626615	ERR626614	ERR626618	ERR626619	ERR626617	ERR608395	ERR608398	ERR608397	ERR608396	ERR608400	ERR608399	ERR622232	ERR622231	ERR622228	ERR622227	ERR622230	ERR622229	ERR638175	ERR638174	ERR638173	ERR638176	ERR638172	ERR638171	ERR612074	ERR612071	ERR612073	ERR612075	ERR612072	ERR612076	ERR617488	ERR617489	ERR617492	ERR617490	ERR617487	ERR617491	ERR607399	ERR607402	ERR607401	ERR607397	ERR607400	ERR607398	ERR608496	ERR608497	ERR608498	ERR608499	ERR608495	ERR608500	ERR608173	ERR608177	ERR608175	ERR608174	ERR608178	ERR608176	ERR616762	ERR616761	ERR616760	ERR616764	ERR616763	ERR638122	ERR612958	ERR612962	ERR612961	ERR612960	ERR612959	ERR612957
ERR629867	0	0.814854	0.812504	0.809894	0.798098	0.800707	0.924825	0.924273	0.961137	0.92698	0.924622	0.918176	0.87202	0.881752	0.898392	0.86985	0.897531	0.896289	0.958525	0.961926	0.959972	0.966827	0.936846	0.92988	1.26338	1.27314	1.26025	1.26186	1.26249	1.26175	1.08973	1.07945	1.07011	1.0882	1.09073	1.08983	0.956463	0.916133	0.917155	0.928865	0.926321	0.914274	1.06968	1.07109	1.0406	1.04507	1.07138	1.03906	1.07621	1.076	1.10302	1.08173	1.09866	1.10118	1.09631	1.08163	1.08659	1.08196	1.08777	1.10952	1.06532	1.065	1.05809	1.05418	1.06599	1.05341	1.0253	1.05283	1.04818	1.05955	1.05068	1.02991	1.07608	1.07124	1.06533	1.06862	1.09877	1.06898	1.08405	1.06737	1.06208	1.06865	1.07067	1.06619	1.03917	1.03069	1.03259	1.0143	1.01448	1.01426	1.07841	1.07083	1.07531	1.06893	1.051	1.04355
ERR629863	0.814854	0	0.817147	0.814107	0.794484	0.797281	0.927408	0.926886	0.96719	0.929865	0.926964	0.920034	0.872059	0.883322	0.898747	0.871784	0.896969	0.895425	0.959348	0.963186	0.961107	0.970881	0.938533	0.930793	1.26423	1.27465	1.26066	1.26256	1.26327	1.26247	1.08939	1.07795	1.06858	1.08652	1.08903	1.08805	0.960087	0.91694	0.917741	0.930069	0.928246	0.914689	1.06711	1.06888	1.03903	1.04415	1.06902	1.03846	1.0758	1.07609	1.10285	1.08291	1.09871	1.10181	1.09552	1.08036	1.08581	1.08149	1.08729	1.10912	1.06296	1.06244	1.05653	1.05185	1.06473	1.05085	1.02463	1.05334	1.04852	1.06202	1.05097	1.03069	1.07447	1.0691	1.06335	1.06684	1.09956	1.0673	1.08239	1.06495	1.05796	1.06514	1.06849	1.06345	1.03892	1.03043	1.03239	1.01478	1.01495	1.01446	1.07815	1.06979	1.07422	1.06792	1.05083	1.0427
ERR629866	0.812504	0.817147	0	0.811798	0.800665	0.802858	0.926922	0.926108	0.963098	0.929247	0.926599	0.920387	0.873965	0.883884	0.9002	0.871922	0.898881	0.898157	0.960501	0.964034	0.96203	0.968877	0.938671	0.931991	1.26394	1.27364	1.26093	1.26244	1.26309	1.26224	1.09082	1.08053	1.07128	1.08959	1.09202	1.09109	0.957924	0.918549	0.919476	0.930693	0.928353	0.915906	1.07105	1.07245	1.0419	1.04645	1.07286	1.04085	1.0771	1.0773	1.10426	1.08299	1.09986	1.10235	1.09746	1.08288	1.08786	1.08338	1.08909	1.1108	1.06624	1.06599	1.05917	1.05557	1.06723	1.05473	1.02672	1.05438	1.04972	1.06096	1.05219	1.03181	1.07744	1.07259	1.06677	1.07009	1.10021	1.07016	1.08557	1.06899	1.06358	1.07033	1.07225	1.06768	1.04057	1.03204	1.03392	1.01617	1.01627	1.01565	1.07959	1.07192	1.07626	1.06976	1.05213	1.04475
ERR629865	0.809894	0.814107	0.811798	0	0.797531	0.799203	0.925252	0.924223	0.961986	0.927148	0.924464	0.918328	0.870985	0.881522	0.897694	0.869103	0.896807	0.895717	0.958074	0.961424	0.959611	0.96699	0.935999	0.928916	1.26349	1.27322	1.2601	1.26182	1.26247	1.26173	1.08878	1.07835	1.06935	1.08735	1.08971	1.089	0.956288	0.915848	0.916647	0.928117	0.925985	0.913194	1.06868	1.07011	1.03942	1.04396	1.0704	1.0383	1.07497	1.07504	1.10235	1.08093	1.09794	1.10043	1.09522	1.08042	1.08552	1.08107	1.08695	1.10864	1.0643	1.06376	1.05689	1.05311	1.06484	1.05225	1.02435	1.05225	1.04722	1.05926	1.0499	1.02908	1.0748	1.0702	1.06419	1.06763	1.09815	1.06764	1.08326	1.06632	1.06027	1.06717	1.06981	1.06494	1.03874	1.03011	1.03182	1.01438	1.01429	1.0136	1.07732	1.06996	1.07431	1.06802	1.05002	1.04241
ERR629862	0.798098	0.794484	0.800665	0.797531	0	0.775785	0.914678	0.913674	0.958492	0.917596	0.91353	0.905901	0.855843	0.869039	0.885199	0.856238	0.882438	0.880937	0.947302	0.95152	0.949239	0.961168	0.925372	0.916202	1.26154	1.27283	1.25755	1.25967	1.26052	1.25966	1.07815	1.06528	1.05531	1.07407	1.07676	1.07576	0.951514	0.903484	0.904573	0.918431	0.916669	0.900932	1.05374	1.05581	1.02501	1.03115	1.05618	1.02481	1.06383	1.06406	1.09203	1.07234	1.08823	1.09129	1.08375	1.06783	1.07348	1.06927	1.07521	1.09817	1.04866	1.04832	1.04224	1.03682	1.05157	1.03585	1.01134	1.04185	1.03667	1.05272	1.03939	1.01783	1.06119	1.05514	1.04971	1.05341	1.08891	1.05383	1.06924	1.05064	1.04216	1.0501	1.05423	1.04915	1.02644	1.01831	1.02038	1.00248	1.00246	1.00213	1.06737	1.05795	1.06258	1.05578	1.03879	1.02994
ERR629864	0.800707	0.797281	0.802858	0.799203	0.775785	0	0.915475	0.91424	0.95901	0.91802	0.914303	0.906565	0.857618	0.87084	0.886943	0.858076	0.883999	0.882722	0.948511	0.952448	0.950119	0.961939	0.925857	0.917216	1.26165	1.27287	1.2577	1.25981	1.26063	1.25979	1.07868	1.06608	1.05613	1.07511	1.07754	1.07646	0.952444	0.90486	0.90601	0.919707	0.917851	0.902033	1.05474	1.0562	1.02571	1.03181	1.05692	1.0258	1.06457	1.06487	1.09296	1.07299	1.08866	1.09189	1.08469	1.06874	1.07446	1.07001	1.07646	1.09891	1.0498	1.04936	1.04334	1.03801	1.05244	1.03684	1.01223	1.04285	1.03783	1.05351	1.04017	1.01858	1.06238	1.05619	1.05076	1.05415	1.0898	1.05478	1.07049	1.05202	1.04351	1.05135	1.0554	1.05035	1.02722	1.01874	1.02116	1.00326	1.0032	1.00271	1.06787	1.0583	1.06297	1.05615	1.03915	1.03043
ERR608869	0.924825	0.927408	0.926922	0.925252	0.914678	0.915475	0	0.736709	0.782882	0.742591	0.737576	0.734043	0.901912	0.91006	0.926379	0.89863	0.925843	0.92456	0.846023	0.851135	0.849837	0.853217	0.82286	0.815453	1.24281	1.25286	1.23899	1.24093	1.24146	1.24045	1.10093	1.09127	1.0826	1.10096	1.10314	1.10242	0.933482	0.895151	0.894993	0.906853	0.903866	0.892302	1.08388	1.08534	1.05372	1.05713	1.08565	1.05228	1.08952	1.08968	1.11617	1.09403	1.11188	1.11439	1.10792	1.09375	1.09864	1.09397	1.09964	1.12053	1.07925	1.07932	1.07161	1.06876	1.07865	1.06794	1.04611	1.07358	1.06962	1.07939	1.0715	1.05057	1.09225	1.0885	1.08186	1.08513	1.11285	1.08492	1.10224	1.08583	1.08282	1.08869	1.08934	1.08475	1.03828	1.02918	1.03124	1.01168	1.01188	1.01143	1.08706	1.08174	1.0854	1.07982	1.06058	1.05392
ERR608870	0.924273	0.926886	0.926108	0.924223	0.913674	0.91424	0.736709	0	0.782374	0.74175	0.736333	0.732813	0.901209	0.909288	0.925395	0.897802	0.924665	0.923533	0.844904	0.849965	0.848466	0.852567	0.821967	0.814722	1.24276	1.25279	1.23894	1.24085	1.24148	1.24036	1.10007	1.09047	1.08176	1.10003	1.10237	1.10156	0.932754	0.894216	0.893859	0.905483	0.902857	0.891634	1.08336	1.08451	1.05316	1.05664	1.08497	1.05162	1.0889	1.08924	1.11552	1.09341	1.11128	1.11403	1.10732	1.09246	1.09766	1.09295	1.09877	1.11997	1.07824	1.07819	1.07025	1.06727	1.07787	1.06673	1.04526	1.07278	1.06878	1.07864	1.0708	1.04958	1.09104	1.08788	1.08062	1.08416	1.11178	1.08382	1.10121	1.08502	1.08155	1.08764	1.08842	1.08388	1.03758	1.02838	1.03063	1.01121	1.01131	1.0112	1.08625	1.08098	1.08491	1.07931	1.06001	1.05313
ERR608865	0.961137	0.96719	0.963098	0.961986	0.958492	0.95901	0.782882	0.782374	0	0.780135	0.782919	0.778034	0.941691	0.946152	0.960792	0.936326	0.9618	0.960789	0.878537	0.883065	0.882015	0.877424	0.859661	0.856682	1.24915	1.25595	1.24652	1.24795	1.24835	1.24733	1.12983	1.12309	1.1156	1.13206	1.13419	1.13334	0.954576	0.929374	0.928209	0.936585	0.933179	0.926327	1.11724	1.11837	1.08891	1.09039	1.11869	1.08633	1.11922	1.11917	1.14269	1.12095	1.13859	1.1407	1.1373	1.12511	1.1293	1.12478	1.1294	1.14847	1.11376	1.11389	1.10599	1.10492	1.11182	1.10445	1.08122	1.10381	1.10121	1.10554	1.103	1.08396	1.12425	1.12181	1.11528	1.11804	1.13813	1.11768	1.13365	1.12053	1.12034	1.12457	1.12377	1.11977	1.0723	1.06342	1.06494	1.04711	1.04777	1.04737	1.116	1.11326	1.11638	1.11119	1.09242	1.08746
ERR608866	0.92698	0.929865	0.929247	0.927148	0.917596	0.91802	0.742591	0.74175	0.780135	0	0.741932	0.733464	0.903798	0.911954	0.927979	0.900391	0.927378	0.92647	0.847108	0.852238	0.850784	0.853618	0.82431	0.81722	1.24309	1.2527	1.23934	1.24136	1.24185	1.24071	1.10296	1.09359	1.08494	1.10274	1.10557	1.10436	0.934162	0.897407	0.896885	0.908224	0.905439	0.894579	1.08626	1.08734	1.0562	1.05935	1.0879	1.0547	1.09157	1.09183	1.11802	1.09584	1.11367	1.11616	1.11019	1.09593	1.10065	1.09617	1.10152	1.1229	1.08146	1.0813	1.0736	1.07072	1.08105	1.0702	1.048	1.07556	1.0717	1.08074	1.0737	1.05264	1.09424	1.0907	1.08418	1.08743	1.11437	1.08716	1.10468	1.08865	1.08532	1.09129	1.09207	1.08745	1.04063	1.03127	1.0333	1.01417	1.01458	1.01403	1.08859	1.0835	1.08772	1.08196	1.06232	1.05563
ERR608868	0.924622	0.926964	0.926599	0.924464	0.91353	0.914303	0.737576	0.736333	0.782919	0.741932	0	0.73253	0.900331	0.909068	0.924913	0.897305	0.923837	0.922925	0.844554	0.850069	0.848203	0.853074	0.821612	0.814332	1.24278	1.25286	1.23884	1.24096	1.24154	1.24026	1.10067	1.09071	1.08167	1.09988	1.1022	1.10139	0.933157	0.893923	0.893931	0.905875	0.902808	0.891303	1.08288	1.08436	1.05323	1.05661	1.08477	1.05172	1.08918	1.08956	1.11605	1.09428	1.11173	1.11456	1.10766	1.09317	1.0983	1.09347	1.09947	1.12035	1.07844	1.07856	1.07077	1.0674	1.07816	1.06673	1.04525	1.07339	1.06918	1.07922	1.0714	1.05035	1.09166	1.08796	1.08132	1.08456	1.11253	1.08427	1.10188	1.08537	1.08167	1.08757	1.08871	1.08434	1.03834	1.02881	1.03102	1.01194	1.01221	1.01192	1.08642	1.08105	1.08499	1.07924	1.06059	1.05329
ERR608867	0.918176	0.920034	0.920387	0.918328	0.905901	0.906565	0.734043	0.732813	0.778034	0.733464	0.73253	0	0.894058	0.903094	0.91946	0.891398	0.917937	0.917178	0.839389	0.845142	0.843287	0.849324	0.815402	0.807184	1.24171	1.25243	1.23766	1.23988	1.24057	1.23933	1.09452	1.08387	1.07482	1.09348	1.09604	1.09503	0.93044	0.888474	0.888475	0.901038	0.898581	0.885923	1.07632	1.07768	1.04614	1.0501	1.07827	1.04491	1.08322	1.08333	1.11022	1.08859	1.10625	1.10868	1.10179	1.08681	1.09201	1.08737	1.09289	1.1147	1.07111	1.07093	1.06358	1.05981	1.0713	1.05927	1.03763	1.0667	1.06257	1.07381	1.06481	1.04288	1.08472	1.08077	1.07425	1.07775	1.10715	1.07724	1.09565	1.07843	1.07399	1.08031	1.08166	1.07688	1.03168	1.02237	1.02477	1.00525	1.00528	1.00515	1.08089	1.07481	1.07903	1.07323	1.05401	1.04688
ERR614124	0.87202	0.872059	0.873965	0.870985	0.855843	0.857618	0.901912	0.901209	0.941691	0.903798	0.900331	0.894058	0	0.79083	0.810098	0.777324	0.806815	0.805531	0.931116	0.934405	0.932771	0.943214	0.910469	0.903109	1.25753	1.26821	1.25373	1.25595	1.25663	1.25545	1.07894	1.06639	1.05649	1.07501	1.07768	1.07669	0.940024	0.893675	0.896259	0.909051	0.906101	0.891877	1.06316	1.0646	1.03531	1.0407	1.06505	1.03508	1.07175	1.07198	1.09978	1.08027	1.09532	1.09863	1.09293	1.07774	1.08315	1.07885	1.08464	1.10662	1.05758	1.05707	1.05116	1.04581	1.05987	1.04473	1.01782	1.0474	1.04242	1.05665	1.04511	1.02407	1.06672	1.06108	1.05525	1.05854	1.09346	1.05917	1.07311	1.05518	1.04702	1.05447	1.05846	1.05363	1.03574	1.02763	1.02999	1.01271	1.01272	1.01235	1.07694	1.06834	1.07267	1.06625	1.04974	1.04122
ERR614123	0.881752	0.883322	0.883884	0.881522	0.869039	0.87084	0.91006	0.909288	0.946152	0.911954	0.909068	0.903094	0.79083	0	0.820962	0.789527	0.818865	0.81716	0.938965	0.942386	0.940689	0.948596	0.919705	0.912745	1.25917	1.26897	1.25561	1.25772	1.25837	1.25724	1.08646	1.07511	1.06594	1.08393	1.08688	1.08565	0.945643	0.903491	0.905949	0.917107	0.91415	0.901497	1.07256	1.07372	1.04521	1.05012	1.07449	1.04461	1.07954	1.07971	1.10636	1.08643	1.10193	1.10496	1.10073	1.08631	1.09112	1.08688	1.09262	1.11396	1.06698	1.06702	1.06083	1.05622	1.06893	1.05534	1.02703	1.05527	1.0503	1.06263	1.05282	1.03236	1.07567	1.07077	1.06484	1.06831	1.10015	1.06865	1.08244	1.06513	1.0587	1.06544	1.06872	1.06393	1.04559	1.03737	1.03904	1.02202	1.02201	1.02184	1.08438	1.07641	1.08071	1.07424	1.05819	1.05001
ERR614126	0.898392	0.898747	0.9002	0.897694	0.885199	0.886943	0.926379	0.925395	0.960792	0.927979	0.924913	0.91946	0.810098	0.820962	0	0.810097	0.829968	0.828927	0.952357	0.954923	0.953512	0.963111	0.934308	0.928175	1.26256	1.27216	1.25908	1.26096	1.26175	1.26058	1.09913	1.08758	1.07851	1.09567	1.09818	1.09694	0.957783	0.916642	0.919086	0.93016	0.926789	0.914949	1.08412	1.08554	1.0585	1.06368	1.08569	1.05835	1.09244	1.09285	1.11836	1.10003	1.1145	1.11716	1.1126	1.09868	1.10348	1.09948	1.10498	1.12522	1.07919	1.07901	1.07337	1.069	1.08158	1.06768	1.04148	1.06839	1.06401	1.07682	1.06631	1.04685	1.08828	1.08287	1.07724	1.08087	1.11256	1.08125	1.09376	1.0773	1.06986	1.07682	1.08045	1.07582	1.05825	1.05097	1.05277	1.03647	1.0365	1.03622	1.09665	1.08853	1.09245	1.0864	1.07132	1.06345
ERR614125	0.86985	0.871784	0.871922	0.869103	0.856238	0.858076	0.89863	0.897802	0.936326	0.900391	0.897305	0.891398	0.777324	0.789527	0.810097	0	0.807476	0.806405	0.929006	0.932183	0.930768	0.938745	0.908169	0.901202	1.25684	1.26696	1.25317	1.25529	1.25592	1.25487	1.07747	1.06593	1.05613	1.07514	1.07775	1.0766	0.937729	0.893667	0.895922	0.90769	0.904704	0.891734	1.06402	1.06522	1.03536	1.04008	1.06576	1.03452	1.07023	1.07022	1.09821	1.07715	1.09344	1.09649	1.09199	1.07695	1.08228	1.07742	1.08362	1.10531	1.05772	1.05754	1.05084	1.04647	1.0593	1.04541	1.01638	1.04552	1.04081	1.05324	1.04312	1.02199	1.06683	1.06161	1.05574	1.05901	1.09163	1.05939	1.07367	1.05595	1.0496	1.05659	1.05919	1.05466	1.03583	1.02697	1.0292	1.01137	1.01124	1.01113	1.07563	1.06776	1.07218	1.06549	1.04809	1.0403
ERR614127	0.897531	0.896969	0.898881	0.896807	0.882438	0.883999	0.925843	0.924665	0.9618	0.927378	0.923837	0.917937	0.806815	0.818865	0.829968	0.807476	0	0.825822	0.95118	0.95364	0.952491	0.963604	0.933637	0.92655	1.26239	1.2725	1.25873	1.26104	1.26165	1.26031	1.09708	1.08497	1.07571	1.09292	1.09564	1.09431	0.957299	0.913877	0.916899	0.927994	0.925214	0.912574	1.08104	1.08227	1.05572	1.06104	1.08272	1.05638	1.09065	1.09115	1.11673	1.09917	1.11278	1.11568	1.11056	1.09631	1.10125	1.0971	1.10304	1.12326	1.07605	1.07577	1.07051	1.06506	1.07911	1.06421	1.03927	1.06678	1.0623	1.07615	1.06456	1.04522	1.08508	1.07943	1.0745	1.07753	1.11089	1.07831	1.0913	1.07394	1.06576	1.07292	1.07721	1.07287	1.05618	1.04872	1.05094	1.03509	1.03501	1.03492	1.09516	1.08653	1.09073	1.08417	1.06975	1.06119
ERR614128	0.896289	0.895425	0.898157	0.895717	0.880937	0.882722	0.92456	0.923533	0.960789	0.92647	0.922925	0.917178	0.805531	0.81716	0.828927	0.806405	0.825822	0	0.950054	0.953051	0.951431	0.96302	0.932009	0.925386	1.26224	1.27244	1.25851	1.26081	1.26144	1.26013	1.09607	1.08395	1.07483	1.09174	1.09447	1.09335	0.957358	0.91339	0.916569	0.927616	0.924965	0.912213	1.08014	1.08116	1.05478	1.06039	1.08157	1.05526	1.08975	1.09016	1.11603	1.09847	1.11196	1.11497	1.1097	1.09552	1.10059	1.09649	1.10215	1.12279	1.07508	1.07468	1.0696	1.06416	1.0779	1.06321	1.03839	1.06616	1.06135	1.07564	1.06335	1.04439	1.0841	1.07834	1.07343	1.07686	1.11012	1.07723	1.09012	1.07341	1.06452	1.07186	1.07613	1.07151	1.0557	1.04804	1.05006	1.03452	1.03442	1.03399	1.09419	1.08546	1.08968	1.08317	1.06904	1.06034
ERR609030	0.958525	0.959348	0.960501	0.958074	0.947302	0.948511	0.846023	0.844904	0.878537	0.847108	0.844554	0.839389	0.931116	0.938965	0.952357	0.929006	0.95118	0.950054	0	0.827386	0.825323	0.836525	0.807513	0.801193	1.25199	1.26149	1.24838	1.25025	1.25097	1.24965	1.12062	1.11128	1.10283	1.11913	1.12162	1.12067	0.960201	0.923854	0.924808	0.934831	0.932505	0.92195	1.10302	1.10429	1.07687	1.08033	1.10463	1.07573	1.11259	1.11297	1.13675	1.11794	1.13313	1.13543	1.12646	1.11331	1.11771	1.11376	1.11886	1.13819	1.10097	1.10111	1.09464	1.09139	1.1016	1.09045	1.07165	1.09697	1.09324	1.10337	1.09517	1.07626	1.11281	1.1092	1.10359	1.10658	1.13297	1.10648	1.12039	1.10536	1.1008	1.10676	1.10834	1.10415	1.065	1.0571	1.0589	1.04231	1.04256	1.04218	1.1089	1.10322	1.10666	1.10141	1.08528	1.07861
ERR609032	0.961926	0.963186	0.964034	0.961424	0.95152	0.952448	0.851135	0.849965	0.883065	0.852238	0.850069	0.845142	0.934405	0.942386	0.954923	0.932183	0.95364	0.953051	0.827386	0	0.830342	0.841067	0.813123	0.806856	1.25276	1.2621	1.24921	1.25123	1.25175	1.25043	1.12292	1.11353	1.10529	1.12174	1.12364	1.12297	0.963751	0.927909	0.928652	0.938959	0.936114	0.926157	1.10593	1.10682	1.07954	1.08319	1.10709	1.07839	1.11527	1.11559	1.13896	1.12027	1.13532	1.13767	1.12874	1.11567	1.12027	1.11616	1.12123	1.14043	1.10339	1.10369	1.09719	1.09391	1.10395	1.09318	1.07449	1.0995	1.09601	1.1058	1.09764	1.07901	1.1153	1.11168	1.10598	1.10898	1.13501	1.10903	1.12293	1.10776	1.10338	1.10926	1.11073	1.10672	1.06806	1.05996	1.0618	1.04556	1.04595	1.04556	1.11155	1.10562	1.10914	1.10392	1.08843	1.08154
ERR609031	0.959972	0.961107	0.96203	0.959611	0.949239	0.950119	0.849837	0.848466	0.882015	0.850784	0.848203	0.843287	0.932771	0.940689	0.953512	0.930768	0.952491	0.951431	0.825323	0.830342	0	0.83919	0.810461	0.804378	1.25254	1.26195	1.24902	1.25089	1.25155	1.2502	1.12127	1.11176	1.10357	1.11995	1.12201	1.12146	0.962943	0.926759	0.927358	0.937406	0.935451	0.924687	1.1038	1.10507	1.07757	1.08107	1.10544	1.07664	1.11375	1.1138	1.13743	1.11864	1.1338	1.13611	1.12713	1.11398	1.11851	1.11434	1.11964	1.139	1.10174	1.10191	1.09553	1.09193	1.10238	1.09137	1.07223	1.09736	1.09403	1.10397	1.09575	1.07686	1.11373	1.10995	1.10424	1.10737	1.13364	1.10709	1.12132	1.10622	1.10185	1.1076	1.10904	1.10492	1.06585	1.05791	1.05986	1.04344	1.04382	1.04339	1.10934	1.10361	1.10716	1.10213	1.08612	1.07931
ERR609027	0.966827	0.970881	0.968877	0.96699	0.961168	0.961939	0.853217	0.852567	0.877424	0.853618	0.853074	0.849324	0.943214	0.948596	0.963111	0.938745	0.963604	0.96302	0.836525	0.841067	0.83919	0	0.814112	0.810456	1.25344	1.26118	1.2506	1.25202	1.2526	1.25151	1.12558	1.1183	1.11072	1.12697	1.1293	1.1282	0.963713	0.935567	0.935077	0.944082	0.941718	0.933292	1.11254	1.11416	1.08495	1.0873	1.11402	1.083	1.11743	1.11737	1.14084	1.11976	1.13643	1.13868	1.13245	1.12	1.12418	1.11999	1.12448	1.14379	1.11013	1.11035	1.10265	1.10093	1.10873	1.10057	1.07871	1.10209	1.09858	1.10451	1.10049	1.08155	1.12039	1.11788	1.11166	1.11441	1.13595	1.11421	1.12842	1.11497	1.11393	1.11859	1.11824	1.11428	1.07151	1.06308	1.06472	1.04743	1.04806	1.04755	1.11377	1.11026	1.11328	1.10855	1.09087	1.08559
ERR609028	0.936846	0.938533	0.938671	0.935999	0.925372	0.925857	0.82286	0.821967	0.859661	0.82431	0.821612	0.815402	0.910469	0.919705	0.934308	0.908169	0.933637	0.932009	0.807513	0.813123	0.810461	0.814112	0	0.773344	1.24765	1.25775	1.24386	1.24582	1.24649	1.24523	1.10393	1.09371	1.08508	1.10279	1.10508	1.10439	0.944118	0.905421	0.905745	0.917183	0.914724	0.902888	1.0871	1.0882	1.05828	1.06186	1.08853	1.05731	1.09517	1.09556	1.12099	1.10023	1.11685	1.11925	1.11046	1.09602	1.10099	1.09669	1.10202	1.12287	1.08394	1.08377	1.0767	1.07318	1.08394	1.07243	1.05165	1.07871	1.0748	1.08487	1.07686	1.05626	1.09607	1.09218	1.08585	1.08936	1.1166	1.08887	1.10477	1.0885	1.08457	1.09066	1.09178	1.08738	1.04659	1.0376	1.0398	1.02192	1.02216	1.02163	1.09175	1.08642	1.09014	1.08432	1.06709	1.05968
ERR609029	0.92988	0.930793	0.931991	0.928916	0.916202	0.917216	0.815453	0.814722	0.856682	0.81722	0.814332	0.807184	0.903109	0.912745	0.928175	0.901202	0.92655	0.925386	0.801193	0.806856	0.804378	0.810456	0.773344	0	1.24642	1.25715	1.24241	1.24459	1.24534	1.24394	1.09854	1.08794	1.07887	1.09666	1.09912	1.09843	0.941012	0.898975	0.899647	0.911736	0.909753	0.896786	1.08043	1.08189	1.05107	1.05562	1.08205	1.05036	1.09008	1.09012	1.11651	1.0959	1.11254	1.11508	1.10495	1.09055	1.09532	1.09106	1.09655	1.11778	1.07692	1.07701	1.06985	1.06613	1.07769	1.06522	1.04559	1.07351	1.06954	1.08117	1.0717	1.05048	1.08986	1.08567	1.07954	1.08305	1.11238	1.08266	1.09892	1.08209	1.07709	1.08368	1.08564	1.08061	1.03984	1.03122	1.03342	1.01503	1.01543	1.015	1.08661	1.08027	1.08427	1.07828	1.06068	1.05312
ERR614130	1.26338	1.26423	1.26394	1.26349	1.26154	1.26165	1.24281	1.24276	1.24915	1.24309	1.24278	1.24171	1.25753	1.25917	1.26256	1.25684	1.26239	1.26224	1.25199	1.25276	1.25254	1.25344	1.24765	1.24642	0	0.435809	0.387362	0.388087	0.388185	0.38768	1.31415	1.31152	1.30905	1.31404	1.31476	1.31454	1.26867	1.26029	1.26036	1.26265	1.26204	1.2597	1.30944	1.30979	1.30113	1.30209	1.30989	1.30073	1.31152	1.31164	1.31893	1.31288	1.31773	1.31849	1.31626	1.3123	1.31373	1.31228	1.31392	1.31996	1.30878	1.30879	1.30663	1.3059	1.30866	1.30562	1.2999	1.30737	1.30631	1.30892	1.30694	1.30112	1.3117	1.31066	1.30897	1.30977	1.31751	1.30973	1.31427	1.30983	1.30888	1.31053	1.31078	1.30955	1.29843	1.29605	1.29649	1.29155	1.29174	1.29158	1.31019	1.3084	1.30974	1.30804	1.30279	1.30087
ERR614129	1.27314	1.27465	1.27364	1.27322	1.27283	1.27287	1.25286	1.25279	1.25595	1.2527	1.25286	1.25243	1.26821	1.26897	1.27216	1.26696	1.2725	1.27244	1.26149	1.2621	1.26195	1.26118	1.25775	1.25715	0.435809	0	0.452018	0.443069	0.442137	0.444154	1.32249	1.32055	1.31835	1.32294	1.32361	1.32341	1.27571	1.2703	1.27001	1.27167	1.27105	1.26962	1.319	1.31921	1.31096	1.31148	1.31921	1.31027	1.31997	1.31997	1.32665	1.32059	1.32535	1.32604	1.32466	1.32119	1.32233	1.32101	1.32241	1.32798	1.31844	1.31839	1.3162	1.31587	1.3179	1.31567	1.30952	1.3159	1.31506	1.31628	1.31555	1.31032	1.32085	1.32017	1.31842	1.31913	1.32513	1.31908	1.32321	1.31955	1.31934	1.32055	1.32044	1.31933	1.3078	1.30553	1.30576	1.30108	1.3012	1.30119	1.31846	1.31741	1.31853	1.31698	1.31182	1.31037
ERR614131	1.26025	1.26066	1.26093	1.2601	1.25755	1.2577	1.23899	1.23894	1.24652	1.23934	1.23884	1.23766	1.25373	1.25561	1.25908	1.25317	1.25873	1.25851	1.24838	1.24921	1.24902	1.2506	1.24386	1.24241	0.387362	0.452018	0	0.384473	0.385431	0.383247	1.31119	1.30823	1.30553	1.31068	1.31144	1.31112	1.26607	1.25647	1.25661	1.25929	1.25871	1.25592	1.30585	1.30629	1.2975	1.29863	1.3063	1.29719	1.30836	1.30853	1.31611	1.31006	1.31481	1.31565	1.3132	1.3089	1.31037	1.30902	1.31071	1.317	1.30514	1.30508	1.30304	1.30205	1.30523	1.30182	1.29634	1.30436	1.30312	1.30628	1.30373	1.29774	1.30841	1.30712	1.30546	1.30633	1.31474	1.30633	1.31107	1.30625	1.30485	1.30671	1.30716	1.30595	1.29526	1.29277	1.2932	1.28824	1.28825	1.28826	1.30694	1.30506	1.30636	1.30468	1.29934	1.29724
ERR614134	1.26186	1.26256	1.26244	1.26182	1.25967	1.25981	1.24093	1.24085	1.24795	1.24136	1.24096	1.23988	1.25595	1.25772	1.26096	1.25529	1.26104	1.26081	1.25025	1.25123	1.25089	1.25202	1.24582	1.24459	0.388087	0.443069	0.384473	0	0.383008	0.383319	1.31267	1.30995	1.30732	1.31253	1.31317	1.31294	1.26754	1.25872	1.25862	1.26116	1.26049	1.25805	1.30786	1.30819	1.29941	1.30039	1.30826	1.29894	1.31002	1.31005	1.31759	1.31127	1.31632	1.31703	1.31468	1.31056	1.31205	1.31064	1.31221	1.31838	1.3071	1.30706	1.30494	1.3042	1.30699	1.30394	1.29836	1.30583	1.30484	1.30763	1.30547	1.29957	1.3101	1.30904	1.30716	1.30811	1.31603	1.30809	1.31267	1.30801	1.30699	1.30878	1.30905	1.30773	1.29682	1.2943	1.29472	1.2896	1.28976	1.28963	1.30864	1.30692	1.30808	1.30648	1.30115	1.29926
ERR614133	1.26249	1.26327	1.26309	1.26247	1.26052	1.26063	1.24146	1.24148	1.24835	1.24185	1.24154	1.24057	1.25663	1.25837	1.26175	1.25592	1.26165	1.26144	1.25097	1.25175	1.25155	1.2526	1.24649	1.24534	0.388185	0.442137	0.385431	0.383008	0	0.383934	1.31309	1.31031	1.30774	1.31287	1.31363	1.31341	1.2678	1.25915	1.25915	1.26151	1.26092	1.25854	1.30834	1.30871	1.29992	1.30094	1.3088	1.29952	1.31039	1.31043	1.31788	1.31168	1.31668	1.31739	1.31502	1.311	1.31237	1.31088	1.31256	1.31871	1.30745	1.30743	1.30537	1.30453	1.30737	1.30433	1.29881	1.30636	1.30519	1.30801	1.30579	1.29997	1.3105	1.3094	1.30762	1.30857	1.31643	1.30849	1.31306	1.30852	1.30742	1.3092	1.30938	1.30817	1.29727	1.29489	1.29521	1.2902	1.29028	1.29016	1.30908	1.30727	1.30854	1.30683	1.30155	1.29974
ERR614132	1.26175	1.26247	1.26224	1.26173	1.25966	1.25979	1.24045	1.24036	1.24733	1.24071	1.24026	1.23933	1.25545	1.25724	1.26058	1.25487	1.26031	1.26013	1.24965	1.25043	1.2502	1.25151	1.24523	1.24394	0.38768	0.444154	0.383247	0.383319	0.383934	0	1.31306	1.31018	1.30764	1.31272	1.3134	1.31315	1.26706	1.25798	1.25814	1.26064	1.25989	1.25737	1.30799	1.30832	1.2996	1.30077	1.30833	1.29929	1.31029	1.31042	1.31793	1.31186	1.31665	1.31733	1.31501	1.31098	1.31231	1.3109	1.31258	1.31878	1.30732	1.3073	1.30527	1.3043	1.30735	1.30412	1.29853	1.30619	1.30516	1.30787	1.30571	1.29984	1.31038	1.30917	1.30744	1.30836	1.31654	1.30835	1.31302	1.30837	1.30715	1.30896	1.30935	1.30803	1.29705	1.29458	1.29511	1.29016	1.29028	1.29018	1.30885	1.30704	1.30827	1.30661	1.30139	1.29941
ERR626616	1.08973	1.08939	1.09082	1.08878	1.07815	1.07868	1.10093	1.10007	1.12983	1.10296	1.10067	1.09452	1.07894	1.08646	1.09913	1.07747	1.09708	1.09607	1.12062	1.12292	1.12127	1.12558	1.10393	1.09854	1.31415	1.32249	1.31119	1.31267	1.31309	1.31306	0	0.825017	0.813436	0.843821	0.847402	0.845743	1.13296	1.10493	1.105	1.11343	1.11407	1.10362	0.961624	0.962791	0.931669	0.936197	0.963041	0.929772	0.88519	0.885786	0.922174	0.893545	0.916351	0.919332	0.940999	0.921058	0.927773	0.920481	0.92913	0.960671	0.924281	0.923735	0.913851	0.910763	0.923516	0.909433	0.908499	0.940186	0.93479	0.947724	0.936614	0.913012	0.908695	0.902594	0.893905	0.898259	0.938046	0.898375	0.924361	0.902675	0.898012	0.905257	0.907321	0.901065	0.995399	0.985351	0.987656	0.970158	0.969961	0.970098	0.992579	0.983052	0.987593	0.981474	0.962563	0.955532
ERR626615	1.07945	1.07795	1.08053	1.07835	1.06528	1.06608	1.09127	1.09047	1.12309	1.09359	1.09071	1.08387	1.06639	1.07511	1.08758	1.06593	1.08497	1.08395	1.11128	1.11353	1.11176	1.1183	1.09371	1.08794	1.31152	1.32055	1.30823	1.30995	1.31031	1.31018	0.825017	0	0.789924	0.823412	0.827464	0.825478	1.12511	1.09412	1.09424	1.10344	1.10424	1.09237	0.94483	0.946435	0.913606	0.920386	0.946971	0.913103	0.869395	0.869796	0.909107	0.88072	0.903249	0.907211	0.926193	0.904339	0.9122	0.904791	0.913796	0.94704	0.905403	0.904851	0.895393	0.890337	0.906667	0.888675	0.892178	0.927769	0.921935	0.938334	0.923668	0.898295	0.889542	0.882061	0.874008	0.878058	0.924972	0.878691	0.906998	0.882808	0.874761	0.883535	0.887693	0.880985	0.980414	0.969947	0.972514	0.954743	0.954348	0.954462	0.979818	0.968481	0.973981	0.967104	0.947957	0.939282
ERR626614	1.07011	1.06858	1.07128	1.06935	1.05531	1.05613	1.0826	1.08176	1.1156	1.08494	1.08167	1.07482	1.05649	1.06594	1.07851	1.05613	1.07571	1.07483	1.10283	1.10529	1.10357	1.11072	1.08508	1.07887	1.30905	1.31835	1.30553	1.30732	1.30774	1.30764	0.813436	0.789924	0	0.810675	0.815069	0.812944	1.11737	1.08448	1.08487	1.09482	1.09539	1.08333	0.935335	0.936589	0.902347	0.909758	0.937542	0.901792	0.858506	0.858544	0.900601	0.871062	0.894948	0.898285	0.915734	0.892845	0.900987	0.893301	0.903002	0.937799	0.892861	0.892158	0.882355	0.876713	0.894344	0.875148	0.881083	0.919402	0.912719	0.930692	0.914816	0.887804	0.876657	0.868444	0.860063	0.864339	0.915023	0.865009	0.896265	0.870345	0.860668	0.87046	0.875041	0.868013	0.970076	0.959217	0.962171	0.943558	0.942971	0.943305	0.97111	0.958951	0.964434	0.95718	0.937773	0.927644
ERR626618	1.0882	1.08652	1.08959	1.08735	1.07407	1.07511	1.10096	1.10003	1.13206	1.10274	1.09988	1.09348	1.07501	1.08393	1.09567	1.07514	1.09292	1.09174	1.11913	1.12174	1.11995	1.12697	1.10279	1.09666	1.31404	1.32294	1.31068	1.31253	1.31287	1.31272	0.843821	0.823412	0.810675	0	0.839013	0.83778	1.13337	1.1023	1.10257	1.11164	1.11252	1.10092	0.95438	0.955189	0.925847	0.932405	0.956067	0.925606	0.884516	0.884907	0.92211	0.896994	0.916571	0.920104	0.939759	0.919096	0.926447	0.919608	0.927927	0.95983	0.918497	0.918018	0.909527	0.904132	0.919905	0.902442	0.906631	0.939909	0.934382	0.95096	0.935847	0.912408	0.903562	0.895877	0.888556	0.892356	0.938149	0.892928	0.918915	0.895939	0.887097	0.895685	0.89983	0.89392	0.990984	0.981116	0.983742	0.967377	0.966872	0.967265	0.990551	0.978824	0.98377	0.977696	0.960288	0.951523
ERR626619	1.09073	1.08903	1.09202	1.08971	1.07676	1.07754	1.10314	1.10237	1.13419	1.10557	1.1022	1.09604	1.07768	1.08688	1.09818	1.07775	1.09564	1.09447	1.12162	1.12364	1.12201	1.1293	1.10508	1.09912	1.31476	1.32361	1.31144	1.31317	1.31363	1.3134	0.847402	0.827464	0.815069	0.839013	0	0.84131	1.13514	1.10479	1.105	1.11415	1.11467	1.10315	0.957376	0.958492	0.929103	0.935507	0.958842	0.928738	0.887376	0.888156	0.925307	0.899686	0.919508	0.92248	0.942378	0.922009	0.929094	0.921967	0.930929	0.962179	0.921423	0.921274	0.912633	0.907818	0.923125	0.906272	0.909715	0.942738	0.936814	0.95347	0.938505	0.91553	0.907216	0.899947	0.892553	0.896517	0.941233	0.897222	0.923199	0.900366	0.891773	0.899994	0.904489	0.898219	0.993998	0.984292	0.987202	0.970763	0.970122	0.970548	0.993304	0.981911	0.986632	0.980325	0.963465	0.954749
ERR626617	1.08983	1.08805	1.09109	1.089	1.07576	1.07646	1.10242	1.10156	1.13334	1.10436	1.10139	1.09503	1.07669	1.08565	1.09694	1.0766	1.09431	1.09335	1.12067	1.12297	1.12146	1.1282	1.10439	1.09843	1.31454	1.32341	1.31112	1.31294	1.31341	1.31315	0.845743	0.825478	0.812944	0.83778	0.84131	0	1.13465	1.1037	1.10417	1.11312	1.11405	1.10223	0.956214	0.957031	0.927403	0.934162	0.95769	0.927404	0.886367	0.886505	0.923745	0.898831	0.918209	0.921565	0.941351	0.920889	0.928274	0.921374	0.929842	0.961407	0.920386	0.920314	0.911646	0.90629	0.922151	0.904816	0.908651	0.941666	0.935976	0.952553	0.937508	0.914539	0.905495	0.898107	0.89088	0.894795	0.93943	0.895442	0.921686	0.898696	0.889986	0.898661	0.902874	0.896451	0.992563	0.982816	0.985705	0.969215	0.968687	0.969365	0.99202	0.980812	0.985235	0.979243	0.961985	0.953534
ERR608395	0.956463	0.960087	0.957924	0.956288	0.951514	0.952444	0.933482	0.932754	0.954576	0.934162	0.933157	0.93044	0.940024	0.945643	0.957783	0.937729	0.957299	0.957358	0.960201	0.963751	0.962943	0.963713	0.944118	0.941012	1.26867	1.27571	1.26607	1.26754	1.2678	1.26706	1.13296	1.12511	1.11737	1.13337	1.13514	1.13465	0	0.864397	0.862527	0.871461	0.870886	0.861421	1.1198	1.12109	1.0933	1.09626	1.12099	1.09184	1.12284	1.12281	1.14585	1.12608	1.14201	1.14425	1.13869	1.12605	1.13029	1.12643	1.13086	1.14994	1.11349	1.11315	1.1064	1.10429	1.11277	1.10369	1.07784	1.10016	1.09688	1.10369	1.09874	1.08107	1.12542	1.12246	1.1164	1.11933	1.14254	1.11917	1.132	1.11815	1.11546	1.12082	1.12113	1.11707	1.09357	1.08596	1.08737	1.07161	1.07183	1.0715	1.12338	1.11841	1.12172	1.11685	1.10038	1.09469
ERR608398	0.916133	0.91694	0.918549	0.915848	0.903484	0.90486	0.895151	0.894216	0.929374	0.897407	0.893923	0.888474	0.893675	0.903491	0.916642	0.893667	0.913877	0.91339	0.923854	0.927909	0.926759	0.935567	0.905421	0.898975	1.26029	1.2703	1.25647	1.25872	1.25915	1.25798	1.10493	1.09412	1.08448	1.1023	1.10479	1.1037	0.864397	0	0.816273	0.82975	0.824834	0.809022	1.08533	1.08684	1.05776	1.06283	1.08687	1.05728	1.09434	1.09454	1.12064	1.10126	1.11627	1.11924	1.11043	1.09606	1.10092	1.09666	1.10226	1.12329	1.07898	1.07883	1.07277	1.0679	1.08056	1.06719	1.04345	1.07106	1.06683	1.07929	1.06894	1.04904	1.09363	1.08888	1.08322	1.08641	1.11789	1.0866	1.10096	1.08346	1.07722	1.08463	1.08685	1.08236	1.06131	1.05276	1.05485	1.03842	1.03834	1.03784	1.09465	1.08686	1.09089	1.08491	1.06865	1.06064
ERR608397	0.917155	0.917741	0.919476	0.916647	0.904573	0.90601	0.894993	0.893859	0.928209	0.896885	0.893931	0.888475	0.896259	0.905949	0.919086	0.895922	0.916899	0.916569	0.924808	0.928652	0.927358	0.935077	0.905745	0.899647	1.26036	1.27001	1.25661	1.25862	1.25915	1.25814	1.105	1.09424	1.08487	1.10257	1.105	1.10417	0.862527	0.816273	0	0.828453	0.827989	0.813328	1.08637	1.08732	1.05836	1.06281	1.08772	1.05779	1.09424	1.09448	1.12045	1.10044	1.1164	1.11919	1.11058	1.09581	1.10105	1.09681	1.10227	1.12324	1.07972	1.07954	1.07312	1.06886	1.08094	1.06813	1.04443	1.0715	1.06717	1.07918	1.06932	1.04942	1.09397	1.08924	1.08331	1.08689	1.11752	1.08697	1.10158	1.08429	1.07834	1.0855	1.08764	1.08277	1.06072	1.05245	1.05428	1.03761	1.03767	1.03737	1.09412	1.08689	1.09073	1.08498	1.06849	1.06049
ERR608396	0.928865	0.930069	0.930693	0.928117	0.918431	0.919707	0.906853	0.905483	0.936585	0.908224	0.905875	0.901038	0.909051	0.917107	0.93016	0.90769	0.927994	0.927616	0.934831	0.938959	0.937406	0.944082	0.917183	0.911736	1.26265	1.27167	1.25929	1.26116	1.26151	1.26064	1.11343	1.10344	1.09482	1.11164	1.11415	1.11312	0.871461	0.82975	0.828453	0	0.839983	0.826483	1.0962	1.09761	1.06897	1.0732	1.09756	1.06804	1.10311	1.10339	1.12819	1.1086	1.1243	1.12671	1.11887	1.10488	1.10998	1.10575	1.11085	1.13122	1.08974	1.08956	1.08344	1.07949	1.09076	1.07854	1.05455	1.08023	1.07614	1.08693	1.07844	1.0593	1.10327	1.0989	1.09345	1.09661	1.12517	1.09684	1.11047	1.09428	1.08888	1.09554	1.09756	1.09291	1.07117	1.06328	1.06504	1.04863	1.04869	1.04826	1.10325	1.09645	1.10045	1.09456	1.07832	1.07116
ERR608400	0.926321	0.928246	0.928353	0.925985	0.916669	0.917851	0.903866	0.902857	0.933179	0.905439	0.902808	0.898581	0.906101	0.91415	0.926789	0.904704	0.925214	0.924965	0.932505	0.936114	0.935451	0.941718	0.914724	0.909753	1.26204	1.27105	1.25871	1.26049	1.26092	1.25989	1.11407	1.10424	1.09539	1.11252	1.11467	1.11405	0.870886	0.824834	0.827989	0.839983	0	0.821442	1.09637	1.09764	1.06915	1.0733	1.0979	1.0681	1.10375	1.10383	1.12869	1.10895	1.12472	1.12721	1.11963	1.10567	1.11045	1.10626	1.11171	1.13188	1.09061	1.09015	1.08391	1.08003	1.09115	1.07935	1.05513	1.08078	1.07622	1.08701	1.07842	1.05939	1.10403	1.10023	1.09391	1.09736	1.12584	1.09742	1.11086	1.09499	1.08969	1.09604	1.09807	1.09339	1.07044	1.06248	1.0641	1.04779	1.04764	1.04751	1.10338	1.09635	1.10051	1.09463	1.07851	1.07125
ERR608399	0.914274	0.914689	0.915906	0.913194	0.900932	0.902033	0.892302	0.891634	0.926327	0.894579	0.891303	0.885923	0.891877	0.901497	0.914949	0.891734	0.912574	0.912213	0.92195	0.926157	0.924687	0.933292	0.902888	0.896786	1.2597	1.26962	1.25592	1.25805	1.25854	1.25737	1.10362	1.09237	1.08333	1.10092	1.10315	1.10223	0.861421	0.809022	0.813328	0.826483	0.821442	0	1.08407	1.08554	1.05644	1.06104	1.08573	1.0557	1.09277	1.09288	1.11883	1.09943	1.11502	1.11785	1.10868	1.09449	1.09924	1.09513	1.10055	1.12172	1.0773	1.07709	1.07098	1.06641	1.07906	1.0656	1.04225	1.06952	1.06514	1.07777	1.06733	1.04751	1.09225	1.08742	1.08162	1.08503	1.11639	1.08505	1.09977	1.08225	1.07567	1.08313	1.08543	1.08081	1.05899	1.05071	1.05269	1.03584	1.03575	1.03557	1.09275	1.08547	1.08954	1.08358	1.06714	1.05908
ERR622232	1.06968	1.06711	1.07105	1.06868	1.05374	1.05474	1.08388	1.08336	1.11724	1.08626	1.08288	1.07632	1.06316	1.07256	1.08412	1.06402	1.08104	1.08014	1.10302	1.10593	1.1038	1.11254	1.0871	1.08043	1.30944	1.319	1.30585	1.30786	1.30834	1.30799	0.961624	0.94483	0.935335	0.95438	0.957376	0.956214	1.1198	1.08533	1.08637	1.0962	1.09637	1.08407	0	0.837143	0.804802	0.814306	0.838241	0.805797	0.944386	0.944991	0.976538	0.958705	0.972677	0.975896	0.975724	0.956204	0.963975	0.957487	0.96526	0.992778	0.924055	0.923648	0.917846	0.910741	0.928493	0.90926	0.951242	0.98331	0.978766	0.997863	0.980444	0.958637	0.930118	0.922451	0.917078	0.921104	0.96362	0.921134	0.952141	0.931497	0.919228	0.927966	0.934596	0.928832	0.957773	0.948403	0.950842	0.934848	0.934045	0.934465	0.98346	0.970075	0.975591	0.968146	0.952929	0.942313
ERR622231	1.07109	1.06888	1.07245	1.07011	1.05581	1.0562	1.08534	1.08451	1.11837	1.08734	1.08436	1.07768	1.0646	1.07372	1.08554	1.06522	1.08227	1.08116	1.10429	1.10682	1.10507	1.11416	1.0882	1.08189	1.30979	1.31921	1.30629	1.30819	1.30871	1.30832	0.962791	0.946435	0.936589	0.955189	0.958492	0.957031	1.12109	1.08684	1.08732	1.09761	1.09764	1.08554	0.837143	0	0.806598	0.816306	0.839604	0.807881	0.945286	0.946022	0.977935	0.959921	0.973317	0.976603	0.976913	0.957965	0.965385	0.958495	0.966886	0.994222	0.925328	0.924634	0.919175	0.912112	0.929475	0.910544	0.952395	0.983957	0.979782	0.998753	0.981104	0.959566	0.931567	0.92405	0.918526	0.922518	0.96507	0.922952	0.953276	0.932657	0.921047	0.929488	0.935897	0.929942	0.959683	0.950312	0.952908	0.937126	0.936356	0.93646	0.985041	0.97153	0.976703	0.969559	0.954183	0.943733
ERR622228	1.0406	1.03903	1.0419	1.03942	1.02501	1.02571	1.05372	1.05316	1.08891	1.0562	1.05323	1.04614	1.03531	1.04521	1.0585	1.03536	1.05572	1.05478	1.07687	1.07954	1.07757	1.08495	1.05828	1.05107	1.30113	1.31096	1.2975	1.29941	1.29992	1.2996	0.931669	0.913606	0.902347	0.925847	0.929103	0.927403	1.0933	1.05776	1.05836	1.06897	1.06915	1.05644	0.804802	0.806598	0	0.768783	0.807082	0.75872	0.910057	0.910995	0.947988	0.923843	0.942709	0.946545	0.944942	0.922796	0.931525	0.923922	0.932982	0.964101	0.889677	0.889245	0.881233	0.874439	0.89297	0.872656	0.917157	0.953652	0.948296	0.967838	0.950905	0.924997	0.896856	0.888949	0.881841	0.88622	0.932711	0.886318	0.921431	0.897631	0.88687	0.896457	0.90212	0.895088	0.923719	0.912448	0.91542	0.895967	0.895044	0.895552	0.953854	0.940758	0.946321	0.938307	0.918214	0.907528
ERR622227	1.04507	1.04415	1.04645	1.04396	1.03115	1.03181	1.05713	1.05664	1.09039	1.05935	1.05661	1.0501	1.0407	1.05012	1.06368	1.04008	1.06104	1.06039	1.08033	1.08319	1.08107	1.0873	1.06186	1.05562	1.30209	1.31148	1.29863	1.30039	1.30094	1.30077	0.936197	0.920386	0.909758	0.932405	0.935507	0.934162	1.09626	1.06283	1.06281	1.0732	1.0733	1.06104	0.814306	0.816306	0.768783	0	0.816864	0.768253	0.91572	0.916119	0.951892	0.927512	0.947176	0.950439	0.950896	0.929696	0.93739	0.9304	0.93872	0.969604	0.898118	0.898147	0.8896	0.884092	0.90037	0.882527	0.923866	0.958363	0.953371	0.970627	0.955835	0.93067	0.904378	0.897748	0.890223	0.894597	0.937119	0.895085	0.929044	0.906559	0.897872	0.90622	0.910589	0.904081	0.930894	0.919513	0.922707	0.902815	0.902452	0.902299	0.958559	0.946397	0.952391	0.944695	0.923977	0.914477
ERR622230	1.07138	1.06902	1.07286	1.0704	1.05618	1.05692	1.08565	1.08497	1.11869	1.0879	1.08477	1.07827	1.06505	1.07449	1.08569	1.06576	1.08272	1.08157	1.10463	1.10709	1.10544	1.11402	1.08853	1.08205	1.30989	1.31921	1.3063	1.30826	1.3088	1.30833	0.963041	0.946971	0.937542	0.956067	0.958842	0.95769	1.12099	1.08687	1.08772	1.09756	1.0979	1.08573	0.838241	0.839604	0.807082	0.816864	0	0.808913	0.945813	0.94653	0.978231	0.960366	0.973831	0.977452	0.977837	0.958436	0.965996	0.959752	0.96786	0.994705	0.925924	0.92566	0.919612	0.912991	0.930087	0.911435	0.953159	0.984811	0.9805	0.999325	0.982347	0.960273	0.932462	0.924995	0.919275	0.923224	0.965361	0.923431	0.953891	0.933075	0.921869	0.930361	0.936805	0.930773	0.960113	0.950929	0.953752	0.937741	0.937007	0.937178	0.985784	0.972542	0.977564	0.969927	0.955067	0.945097
ERR622229	1.03906	1.03846	1.04085	1.0383	1.02481	1.0258	1.05228	1.05162	1.08633	1.0547	1.05172	1.04491	1.03508	1.04461	1.05835	1.03452	1.05638	1.05526	1.07573	1.07839	1.07664	1.083	1.05731	1.05036	1.30073	1.31027	1.29719	1.29894	1.29952	1.29929	0.929772	0.913103	0.901792	0.925606	0.928738	0.927404	1.09184	1.05728	1.05779	1.06804	1.0681	1.0557	0.805797	0.807881	0.75872	0.768253	0.808913	0	0.908574	0.909296	0.946363	0.920987	0.941297	0.945092	0.943839	0.922049	0.930436	0.922873	0.931656	0.963125	0.889445	0.889431	0.880919	0.874735	0.892175	0.873344	0.916119	0.952309	0.947431	0.965281	0.949687	0.9235	0.896895	0.88963	0.88219	0.886432	0.931313	0.886722	0.921685	0.89794	0.88863	0.897947	0.902448	0.895222	0.923296	0.91205	0.915179	0.894868	0.893954	0.894223	0.952411	0.939716	0.945485	0.937816	0.917073	0.906866
