	ERR636667	ERR636669	ERR636668	ERR636672	ERR636670	ERR636671	ERR622178	ERR622176	ERR622177	ERR622175	ERR622173	ERR622174	ERR637100	ERR637099	ERR637104	ERR637101	ERR637103	ERR637102	ERR607662	ERR607657	ERR607658	ERR607660	ERR607659	ERR607661	ERR605656	ERR605653	ERR605658	ERR605654	ERR605657	ERR605655	ERR613256	ERR613253	ERR613252	ERR613251	ERR613254	ERR613255	ERR605614	ERR605616	ERR605611	ERR605613	ERR605615	ERR605612	ERR612580	ERR612579	ERR612577	ERR612582	ERR612581	ERR612578	ERR617510	ERR617507	ERR617508	ERR617509	ERR617506	ERR617505	ERR617457	ERR617460	ERR617459	ERR617462	ERR617458	ERR617461	ERR635329	ERR635328	ERR635333	ERR635330	ERR635331	ERR635332	ERR631064	ERR631063	ERR631062	ERR631066	ERR631065	ERR631067	ERR612951	ERR612954	ERR612952	ERR612955	ERR612953	ERR612956	ERR629823	ERR629821	ERR629818	ERR629820	ERR629819	ERR629822	ERR629907	ERR629906	ERR629908	ERR629905	ERR629909	ERR629904	ERR617033	ERR617037	ERR617038	ERR617036	ERR617034	ERR617035
ERR636667	8.05472e+09	8.20272e+09	8.27215e+09	7.57567e+09	7.64596e+09	7.55076e+09	6.75153e+09	6.67288e+09	6.69928e+09	8.13982e+09	7.84335e+09	8.17798e+09	8.15177e+09	7.95838e+09	7.03286e+09	8.10436e+09	7.11459e+09	7.06024e+09	8.21549e+09	7.69586e+09	8.12245e+09	8.23619e+09	8.06693e+09	8.23335e+09	5.99687e+09	6.66237e+09	6.06719e+09	6.2904e+09	6.12323e+09	6.19243e+09	5.15235e+09	6.58532e+09	6.87221e+09	7.2186e+09	4.93668e+09	5.15586e+09	6.8521e+09	6.94004e+09	7.44403e+09	7.04736e+09	6.99112e+09	7.13218e+09	6.35326e+09	6.98609e+09	7.29791e+09	6.30497e+09	6.36214e+09	5.94973e+09	5.8471e+09	6.16337e+09	5.54232e+09	5.74163e+09	6.14669e+09	6.05896e+09	6.41073e+09	7.00218e+09	6.52257e+09	6.7153e+09	6.49044e+09	7.07708e+09	7.67447e+09	7.36627e+09	6.77652e+09	7.95281e+09	7.13648e+09	6.79855e+09	7.63661e+09	7.27434e+09	7.47426e+09	7.18831e+09	7.10886e+09	6.91513e+09	7.4937e+09	6.50443e+09	5.83633e+09	6.30931e+09	7.09398e+09	6.39189e+09	8.1519e+09	8.11637e+09	7.92387e+09	7.29679e+09	7.29874e+09	8.10257e+09	6.58998e+09	7.39754e+09	6.60189e+09	6.76073e+09	6.65303e+09	7.47094e+09	5.08675e+09	4.60893e+09	4.63704e+09	4.67732e+09	5.26716e+09	5.39807e+09
ERR636669	8.20272e+09	8.86806e+09	8.69233e+09	7.92035e+09	7.99755e+09	7.89285e+09	7.0691e+09	6.98483e+09	7.01235e+09	8.56107e+09	8.23799e+09	8.6033e+09	8.5594e+09	8.34473e+09	7.32089e+09	8.50826e+09	7.40964e+09	7.34978e+09	8.63418e+09	8.05121e+09	8.52608e+09	8.65682e+09	8.46727e+09	8.65371e+09	6.30234e+09	7.01974e+09	6.3787e+09	6.61858e+09	6.43856e+09	6.51171e+09	5.39968e+09	6.93734e+09	7.2475e+09	7.6231e+09	5.16838e+09	5.40308e+09	7.14753e+09	7.24483e+09	7.78946e+09	7.35789e+09	7.30106e+09	7.45065e+09	6.62369e+09	7.29946e+09	7.6359e+09	6.57246e+09	6.6333e+09	6.1962e+09	6.13854e+09	6.47819e+09	5.81355e+09	6.02627e+09	6.45976e+09	6.36495e+09	6.75365e+09	7.39039e+09	6.87497e+09	7.08076e+09	6.83962e+09	7.4707e+09	8.04805e+09	7.71191e+09	7.07662e+09	8.35662e+09	7.46465e+09	7.10081e+09	8.04361e+09	7.65314e+09	7.86801e+09	7.55921e+09	7.47406e+09	7.26655e+09	7.88599e+09	6.82372e+09	6.10949e+09	6.61533e+09	7.45495e+09	6.70481e+09	8.57887e+09	8.53885e+09	8.32408e+09	7.6358e+09	7.63933e+09	8.52371e+09	6.88535e+09	7.74961e+09	6.89747e+09	7.06729e+09	6.95229e+09	7.82887e+09	5.39409e+09	4.88253e+09	4.91297e+09	4.95585e+09	5.58803e+09	5.73023e+09
ERR636668	8.27215e+09	8.69233e+09	9.03074e+09	7.98116e+09	8.06007e+09	7.95378e+09	7.13797e+09	7.05196e+09	7.08062e+09	8.64036e+09	8.31191e+09	8.68927e+09	8.637e+09	8.41368e+09	7.37489e+09	8.58007e+09	7.46462e+09	7.40434e+09	8.70868e+09	8.11802e+09	8.60566e+09	8.73239e+09	8.53879e+09	8.72917e+09	6.36161e+09	7.08766e+09	6.43047e+09	6.67822e+09	6.4892e+09	6.57041e+09	5.44973e+09	7.0118e+09	7.32852e+09	7.71623e+09	5.21356e+09	5.45288e+09	7.19583e+09	7.28684e+09	7.84533e+09	7.40585e+09	7.34286e+09	7.50032e+09	6.67558e+09	7.35524e+09	7.70263e+09	6.62349e+09	6.6843e+09	6.24208e+09	6.19409e+09	6.54112e+09	5.86792e+09	6.08356e+09	6.52273e+09	6.42145e+09	6.81587e+09	7.46772e+09	6.94476e+09	7.14932e+09	6.90863e+09	7.54956e+09	8.10911e+09	7.76161e+09	7.11848e+09	8.42361e+09	7.51098e+09	7.14331e+09	8.13034e+09	7.73508e+09	7.94795e+09	7.62999e+09	7.54501e+09	7.33565e+09	7.96903e+09	6.89213e+09	6.16331e+09	6.68041e+09	7.52741e+09	6.77114e+09	8.64965e+09	8.60923e+09	8.39199e+09	7.69093e+09	7.69244e+09	8.59337e+09	6.92959e+09	7.81372e+09	6.94157e+09	7.11813e+09	6.99661e+09	7.89393e+09	5.45187e+09	4.92717e+09	4.95698e+09	5.00215e+09	5.65371e+09	5.7986e+09
ERR636672	7.57567e+09	7.92035e+09	7.98116e+09	7.55139e+09	7.40923e+09	7.3205e+09	6.52288e+09	6.44796e+09	6.47288e+09	7.85222e+09	7.57241e+09	7.88322e+09	7.87278e+09	7.69562e+09	6.83208e+09	7.83111e+09	6.90896e+09	6.85694e+09	7.93478e+09	7.45011e+09	7.84362e+09	7.95364e+09	7.79592e+09	7.95137e+09	5.78317e+09	6.41519e+09	5.85936e+09	6.06468e+09	5.9141e+09	5.97341e+09	4.97385e+09	6.33133e+09	6.60167e+09	6.92491e+09	4.76989e+09	4.978e+09	6.65696e+09	6.74829e+09	7.2177e+09	6.84674e+09	6.79797e+09	6.92523e+09	6.16402e+09	6.77129e+09	7.06103e+09	6.11826e+09	6.17329e+09	5.77973e+09	5.64574e+09	5.94414e+09	5.35283e+09	5.54249e+09	5.92781e+09	5.85119e+09	6.17902e+09	6.73544e+09	6.27926e+09	6.46642e+09	6.24853e+09	6.80631e+09	7.43169e+09	7.14724e+09	6.58703e+09	7.68991e+09	6.9298e+09	6.60777e+09	7.35206e+09	7.00816e+09	7.20198e+09	6.93486e+09	6.85781e+09	6.67275e+09	7.21936e+09	6.2775e+09	5.6471e+09	6.09235e+09	6.84422e+09	6.16981e+09	7.87561e+09	7.84217e+09	7.66232e+09	7.07555e+09	7.0789e+09	7.82984e+09	6.40069e+09	7.16126e+09	6.41243e+09	6.5584e+09	6.46074e+09	7.231e+09	4.87661e+09	4.4269e+09	4.45515e+09	4.49182e+09	5.04289e+09	5.16501e+09
ERR636670	7.64596e+09	7.99755e+09	8.06007e+09	7.40923e+09	7.68638e+09	7.38557e+09	6.58222e+09	6.50618e+09	6.53234e+09	7.9288e+09	7.64464e+09	7.96208e+09	7.94999e+09	7.76901e+09	6.88877e+09	7.90745e+09	6.96678e+09	6.91443e+09	8.01385e+09	7.51812e+09	7.92051e+09	8.03297e+09	7.87181e+09	8.03017e+09	5.83857e+09	6.48015e+09	5.91438e+09	6.12411e+09	5.96971e+09	6.03108e+09	5.01931e+09	6.39618e+09	6.67094e+09	6.99956e+09	4.81279e+09	5.02356e+09	6.71203e+09	6.80385e+09	7.28198e+09	6.90397e+09	6.85429e+09	6.98458e+09	6.21617e+09	6.83094e+09	7.12643e+09	6.16955e+09	6.22556e+09	5.82679e+09	5.69593e+09	5.99789e+09	5.39964e+09	5.59189e+09	5.98175e+09	5.90282e+09	6.23725e+09	6.80246e+09	6.33989e+09	6.52935e+09	6.30896e+09	6.87415e+09	7.49671e+09	7.20746e+09	6.63819e+09	7.76083e+09	6.98569e+09	6.65936e+09	7.42371e+09	7.07458e+09	7.27104e+09	6.99926e+09	6.92163e+09	6.73425e+09	7.28948e+09	6.33405e+09	5.69472e+09	6.14703e+09	6.90801e+09	6.22542e+09	7.9508e+09	7.91632e+09	7.73257e+09	7.13599e+09	7.13814e+09	7.90361e+09	6.45162e+09	7.22349e+09	6.46304e+09	6.61206e+09	6.51225e+09	7.29472e+09	4.92799e+09	4.47127e+09	4.49994e+09	4.53721e+09	5.09707e+09	5.22114e+09
ERR636671	7.55076e+09	7.89285e+09	7.95378e+09	7.3205e+09	7.38557e+09	7.50383e+09	6.50209e+09	6.42744e+09	6.45285e+09	7.82447e+09	7.54627e+09	7.85594e+09	7.84612e+09	7.66972e+09	6.81304e+09	7.80411e+09	6.8893e+09	6.83792e+09	7.90779e+09	7.42731e+09	7.81763e+09	7.92641e+09	7.77007e+09	7.92408e+09	5.76296e+09	6.39256e+09	5.83845e+09	6.04344e+09	5.89262e+09	5.9524e+09	4.95771e+09	6.30902e+09	6.57853e+09	6.90028e+09	4.75476e+09	4.96174e+09	6.63588e+09	6.72637e+09	7.1938e+09	6.82423e+09	6.77513e+09	6.90242e+09	6.1457e+09	6.7504e+09	7.03965e+09	6.10043e+09	6.15554e+09	5.76316e+09	5.62501e+09	5.92173e+09	5.3337e+09	5.52221e+09	5.90571e+09	5.82874e+09	6.15488e+09	6.70915e+09	6.25509e+09	6.4417e+09	6.22445e+09	6.77946e+09	7.4038e+09	7.12148e+09	6.56396e+09	7.66109e+09	6.9044e+09	6.5845e+09	7.32526e+09	6.98226e+09	7.17522e+09	6.90915e+09	6.83294e+09	6.64878e+09	7.19297e+09	6.25586e+09	5.62758e+09	6.07132e+09	6.81951e+09	6.14763e+09	7.84576e+09	7.8124e+09	7.63367e+09	7.05092e+09	7.05412e+09	7.80022e+09	6.37842e+09	7.1363e+09	6.38969e+09	6.53598e+09	6.4382e+09	7.2058e+09	4.85509e+09	4.40665e+09	4.43475e+09	4.47124e+09	5.02109e+09	5.14198e+09
ERR622178	6.75153e+09	7.0691e+09	7.13797e+09	6.52288e+09	6.58222e+09	6.50209e+09	6.34397e+09	6.06779e+09	6.09171e+09	7.27291e+09	7.02351e+09	7.31888e+09	7.07777e+09	6.8986e+09	6.07822e+09	7.02957e+09	6.14869e+09	6.10192e+09	7.13392e+09	6.679e+09	7.06015e+09	7.1531e+09	7.00391e+09	7.15091e+09	5.42062e+09	5.98449e+09	5.45779e+09	5.66444e+09	5.49971e+09	5.57903e+09	4.71796e+09	5.96934e+09	6.21646e+09	6.52186e+09	4.52051e+09	4.71917e+09	5.96865e+09	6.01416e+09	6.46663e+09	6.12022e+09	6.05397e+09	6.19593e+09	5.57223e+09	6.0877e+09	6.36483e+09	5.53142e+09	5.57787e+09	5.22652e+09	5.37769e+09	5.66134e+09	5.11964e+09	5.29362e+09	5.64604e+09	5.55243e+09	5.87356e+09	6.39481e+09	5.98633e+09	6.13908e+09	5.95905e+09	6.46021e+09	6.7636e+09	6.4797e+09	5.9896e+09	7.00974e+09	6.29042e+09	6.00901e+09	6.89221e+09	6.5907e+09	6.7448e+09	6.49332e+09	6.43034e+09	6.26882e+09	6.75192e+09	5.92506e+09	5.3307e+09	5.75622e+09	6.407e+09	5.83066e+09	7.18612e+09	7.15692e+09	6.98535e+09	6.44002e+09	6.43838e+09	7.14369e+09	5.86428e+09	6.56403e+09	5.87213e+09	6.0251e+09	5.91549e+09	6.62601e+09	4.80533e+09	4.36364e+09	4.38431e+09	4.42576e+09	4.97813e+09	5.0981e+09
ERR622176	6.67288e+09	6.98483e+09	7.05196e+09	6.44796e+09	6.50618e+09	6.42744e+09	6.06779e+09	6.20207e+09	6.02289e+09	7.18289e+09	6.93805e+09	7.22856e+09	6.99313e+09	6.8181e+09	6.01084e+09	6.94638e+09	6.08027e+09	6.03427e+09	7.04819e+09	6.60087e+09	6.97535e+09	7.06728e+09	6.92036e+09	7.06503e+09	5.36229e+09	5.91517e+09	5.39808e+09	5.60215e+09	5.43939e+09	5.51725e+09	4.67059e+09	5.90103e+09	6.14369e+09	6.44348e+09	4.47591e+09	4.67123e+09	5.90021e+09	5.94444e+09	6.38965e+09	6.04936e+09	5.98397e+09	6.1237e+09	5.51077e+09	6.0186e+09	6.29164e+09	5.47116e+09	5.5166e+09	5.1704e+09	5.31765e+09	5.59692e+09	5.06292e+09	5.23499e+09	5.58188e+09	5.49005e+09	5.80574e+09	6.31891e+09	5.91665e+09	6.06627e+09	5.88872e+09	6.3821e+09	6.68121e+09	6.4022e+09	5.91969e+09	6.92299e+09	6.21547e+09	5.93843e+09	6.80625e+09	6.51018e+09	6.66237e+09	6.41547e+09	6.35382e+09	6.19469e+09	6.66771e+09	5.85446e+09	5.26948e+09	5.68841e+09	6.32851e+09	5.76137e+09	7.09676e+09	7.06838e+09	6.89962e+09	6.36321e+09	6.36211e+09	7.05508e+09	5.79755e+09	6.48609e+09	5.80476e+09	5.95599e+09	5.84753e+09	6.54738e+09	4.75098e+09	4.31615e+09	4.33635e+09	4.37732e+09	4.92137e+09	5.03942e+09
ERR622177	6.69928e+09	7.01235e+09	7.08062e+09	6.47288e+09	6.53234e+09	6.45285e+09	6.09171e+09	6.02289e+09	6.251e+09	7.21393e+09	6.9675e+09	7.25925e+09	7.02158e+09	6.84493e+09	6.03456e+09	6.97395e+09	6.10442e+09	6.05834e+09	7.07603e+09	6.62717e+09	7.00361e+09	7.09524e+09	6.94748e+09	7.09311e+09	5.38053e+09	5.93717e+09	5.41667e+09	5.62166e+09	5.45853e+09	5.537e+09	4.68556e+09	5.92325e+09	6.16733e+09	6.46912e+09	4.49055e+09	4.68697e+09	5.92424e+09	5.9692e+09	6.41665e+09	6.07438e+09	6.00802e+09	6.14879e+09	5.5327e+09	6.04279e+09	6.3174e+09	5.49202e+09	5.53816e+09	5.19051e+09	5.33815e+09	5.61852e+09	5.08216e+09	5.25503e+09	5.60378e+09	5.51056e+09	5.8283e+09	6.34407e+09	5.94004e+09	6.09077e+09	5.91226e+09	6.4085e+09	6.70913e+09	6.42852e+09	5.94433e+09	6.95175e+09	6.24164e+09	5.9636e+09	6.83574e+09	6.53853e+09	6.69057e+09	6.44191e+09	6.37968e+09	6.22022e+09	6.69674e+09	5.87941e+09	5.29118e+09	5.71279e+09	6.35584e+09	5.78572e+09	7.12681e+09	7.09792e+09	6.92871e+09	6.39005e+09	6.38877e+09	7.08469e+09	5.82038e+09	6.51272e+09	5.82743e+09	5.97893e+09	5.87061e+09	6.57414e+09	4.76765e+09	4.33036e+09	4.35085e+09	4.39139e+09	4.93917e+09	5.05797e+09
ERR622175	8.13982e+09	8.56107e+09	8.64036e+09	7.85222e+09	7.9288e+09	7.82447e+09	7.27291e+09	7.18289e+09	7.21393e+09	9.08442e+09	8.47558e+09	8.861e+09	8.57234e+09	8.34514e+09	7.28582e+09	8.51792e+09	7.37517e+09	7.31472e+09	8.65577e+09	8.05286e+09	8.54513e+09	8.68076e+09	8.48234e+09	8.67712e+09	6.37814e+09	7.1079e+09	6.4507e+09	6.69968e+09	6.50907e+09	6.58905e+09	5.47998e+09	7.05369e+09	7.37229e+09	7.76245e+09	5.24191e+09	5.48278e+09	7.14864e+09	7.23902e+09	7.79955e+09	7.35616e+09	7.29545e+09	7.45378e+09	6.62453e+09	7.29868e+09	7.64317e+09	6.57326e+09	6.63415e+09	6.19339e+09	6.33959e+09	6.69325e+09	6.00612e+09	6.22605e+09	6.67458e+09	6.57001e+09	6.99022e+09	7.65098e+09	7.12115e+09	7.32847e+09	7.08508e+09	7.73504e+09	8.19373e+09	7.84111e+09	7.20069e+09	8.51441e+09	7.59488e+09	7.22517e+09	8.28714e+09	7.8881e+09	8.10192e+09	7.78083e+09	7.69632e+09	7.48357e+09	8.10867e+09	7.02493e+09	6.28158e+09	6.81103e+09	7.66411e+09	6.90414e+09	8.74656e+09	8.70564e+09	8.48e+09	7.76991e+09	7.77426e+09	8.68909e+09	7.02111e+09	7.90908e+09	7.03247e+09	7.21187e+09	7.08791e+09	7.99028e+09	5.65865e+09	5.12269e+09	5.1535e+09	5.19971e+09	5.86286e+09	6.01262e+09
ERR622173	7.84335e+09	8.23799e+09	8.31191e+09	7.57241e+09	7.64464e+09	7.54627e+09	7.02351e+09	6.93805e+09	6.9675e+09	8.47558e+09	8.4192e+09	8.52223e+09	8.24863e+09	8.03584e+09	7.03558e+09	8.19758e+09	7.12077e+09	7.06336e+09	8.3258e+09	7.76055e+09	8.22283e+09	8.34918e+09	8.16302e+09	8.34501e+09	6.16185e+09	6.85434e+09	6.23122e+09	6.46814e+09	6.28694e+09	6.3629e+09	5.30756e+09	6.80646e+09	7.10662e+09	7.47408e+09	5.08084e+09	5.31044e+09	6.90563e+09	6.98945e+09	7.52096e+09	7.10243e+09	7.04256e+09	7.19384e+09	6.40342e+09	7.04419e+09	7.37008e+09	6.35359e+09	6.41214e+09	5.9913e+09	6.12586e+09	6.46149e+09	5.80775e+09	6.01723e+09	6.44394e+09	6.34441e+09	6.74039e+09	7.36622e+09	6.86433e+09	7.06179e+09	6.83054e+09	7.44578e+09	7.89177e+09	7.55832e+09	6.95277e+09	8.19105e+09	7.32481e+09	6.9757e+09	7.97433e+09	7.59751e+09	7.79989e+09	7.49774e+09	7.41736e+09	7.21577e+09	7.80612e+09	6.78054e+09	6.07454e+09	6.57724e+09	7.38728e+09	6.66478e+09	8.40939e+09	8.37107e+09	8.15977e+09	7.49206e+09	7.49561e+09	8.35571e+09	6.78269e+09	7.62452e+09	6.79412e+09	6.96504e+09	6.84707e+09	7.70095e+09	5.45539e+09	4.94488e+09	4.97432e+09	5.01804e+09	5.6503e+09	5.79134e+09
ERR622174	8.17798e+09	8.6033e+09	8.68927e+09	7.88322e+09	7.96208e+09	7.85594e+09	7.31888e+09	7.22856e+09	7.25925e+09	8.861e+09	8.52223e+09	9.1912e+09	8.61677e+09	8.38344e+09	7.31264e+09	8.55812e+09	7.40331e+09	7.34248e+09	8.69798e+09	8.08863e+09	8.59138e+09	8.72302e+09	8.52175e+09	8.71935e+09	6.41781e+09	7.15377e+09	6.48336e+09	6.73947e+09	6.54108e+09	6.62789e+09	5.51536e+09	7.10708e+09	7.43042e+09	7.82996e+09	5.27399e+09	5.51786e+09	7.17455e+09	7.25856e+09	7.82973e+09	7.38162e+09	7.314e+09	7.47964e+09	6.65232e+09	7.32792e+09	7.68106e+09	6.60105e+09	6.66156e+09	6.21772e+09	6.38068e+09	6.74019e+09	6.04782e+09	6.2698e+09	6.72162e+09	6.6109e+09	7.03584e+09	7.70971e+09	7.1734e+09	7.37876e+09	7.13677e+09	7.79417e+09	8.23192e+09	7.86978e+09	7.22373e+09	8.55711e+09	7.61991e+09	7.24833e+09	8.35031e+09	7.94821e+09	8.16001e+09	7.8315e+09	7.74694e+09	7.53283e+09	8.16999e+09	7.07657e+09	6.32191e+09	6.85949e+09	7.7179e+09	6.95385e+09	8.79219e+09	8.75134e+09	8.52354e+09	7.80392e+09	7.80619e+09	8.73401e+09	7.04784e+09	7.95113e+09	7.05872e+09	7.24412e+09	7.11478e+09	8.0333e+09	5.70497e+09	5.15884e+09	5.18853e+09	5.23661e+09	5.91595e+09	6.06778e+09
ERR637100	8.15177e+09	8.5594e+09	8.637e+09	7.87278e+09	7.94999e+09	7.84612e+09	7.07777e+09	6.99313e+09	7.02158e+09	8.57234e+09	8.24863e+09	8.61677e+09	8.95634e+09	8.48028e+09	7.42338e+09	8.64891e+09	7.51573e+09	7.45424e+09	8.72002e+09	8.12739e+09	8.6104e+09	8.74394e+09	8.54822e+09	8.73989e+09	6.26059e+09	6.97178e+09	6.33367e+09	6.57177e+09	6.39306e+09	6.46811e+09	5.39299e+09	6.9272e+09	7.23754e+09	7.61659e+09	5.16317e+09	5.39576e+09	7.15657e+09	7.25349e+09	7.80198e+09	7.36841e+09	7.31008e+09	7.45953e+09	6.67642e+09	7.35987e+09	7.70348e+09	6.62478e+09	6.68592e+09	6.2443e+09	6.1096e+09	6.45066e+09	5.78561e+09	5.99854e+09	6.43283e+09	6.33562e+09	6.70428e+09	7.34669e+09	6.82681e+09	7.03431e+09	6.79277e+09	7.42677e+09	7.99922e+09	7.66262e+09	7.02413e+09	8.30729e+09	7.41257e+09	7.04809e+09	8.00552e+09	7.61382e+09	7.82642e+09	7.51595e+09	7.4308e+09	7.22314e+09	7.85172e+09	6.78313e+09	6.06821e+09	6.57348e+09	7.41469e+09	6.66255e+09	8.54639e+09	8.50617e+09	8.28859e+09	7.59753e+09	7.59962e+09	8.49052e+09	6.84733e+09	7.71509e+09	6.86017e+09	7.0293e+09	6.91469e+09	7.79489e+09	5.31083e+09	4.80116e+09	4.83071e+09	4.87371e+09	5.50584e+09	5.64524e+09
ERR637099	7.95838e+09	8.34473e+09	8.41368e+09	7.69562e+09	7.76901e+09	7.66972e+09	6.8986e+09	6.8181e+09	6.84493e+09	8.34514e+09	8.03584e+09	8.38344e+09	8.48028e+09	8.50942e+09	7.26908e+09	8.43147e+09	7.35751e+09	7.29846e+09	8.49736e+09	7.93731e+09	8.39076e+09	8.52029e+09	8.33578e+09	8.51623e+09	6.09433e+09	6.77882e+09	6.17098e+09	6.39589e+09	6.22917e+09	6.2971e+09	5.25495e+09	6.72946e+09	7.0257e+09	7.38527e+09	5.03514e+09	5.25862e+09	7.00452e+09	7.10276e+09	7.62473e+09	7.2106e+09	7.15749e+09	7.29759e+09	6.52842e+09	7.19176e+09	7.51755e+09	6.47845e+09	6.53868e+09	6.11096e+09	5.95084e+09	6.27672e+09	5.63526e+09	5.84132e+09	6.25981e+09	6.17077e+09	6.52153e+09	7.13409e+09	6.635e+09	6.83716e+09	6.60216e+09	7.21073e+09	7.81112e+09	7.49395e+09	6.87849e+09	8.1036e+09	7.25284e+09	6.90134e+09	7.78023e+09	7.40377e+09	7.61183e+09	7.31654e+09	7.2337e+09	7.03301e+09	7.63453e+09	6.60556e+09	5.91983e+09	6.40409e+09	7.21822e+09	6.48859e+09	8.32987e+09	8.29165e+09	8.0849e+09	7.4269e+09	7.42953e+09	8.27674e+09	6.70016e+09	7.53166e+09	6.71346e+09	6.87366e+09	6.76628e+09	7.60837e+09	5.14594e+09	4.65875e+09	4.68811e+09	4.72834e+09	5.3295e+09	5.46218e+09
ERR637104	7.03286e+09	7.32089e+09	7.37489e+09	6.83208e+09	6.88877e+09	6.81304e+09	6.07822e+09	6.01084e+09	6.03456e+09	7.28582e+09	7.03558e+09	7.31264e+09	7.42338e+09	7.26908e+09	6.69776e+09	7.38546e+09	6.59292e+09	6.54724e+09	7.43437e+09	7.02089e+09	7.35943e+09	7.45099e+09	7.31618e+09	7.44855e+09	5.30923e+09	5.8728e+09	5.37662e+09	5.55964e+09	5.42629e+09	5.47973e+09	4.60632e+09	5.82494e+09	6.06507e+09	6.35529e+09	4.42543e+09	4.61057e+09	6.25267e+09	6.3336e+09	6.75093e+09	6.42317e+09	6.37646e+09	6.49066e+09	5.82361e+09	6.38018e+09	6.6422e+09	5.78171e+09	5.83273e+09	5.4684e+09	5.20118e+09	5.47076e+09	4.93526e+09	5.10741e+09	5.45627e+09	5.38738e+09	5.65001e+09	6.15282e+09	5.73996e+09	5.91114e+09	5.71246e+09	6.21564e+09	6.88044e+09	6.63278e+09	6.12915e+09	7.10474e+09	6.43717e+09	6.14702e+09	6.75771e+09	6.44697e+09	6.62258e+09	6.38277e+09	6.31181e+09	6.1444e+09	6.64974e+09	5.79606e+09	5.22389e+09	5.62734e+09	6.31058e+09	5.69614e+09	7.27494e+09	7.24752e+09	7.0912e+09	6.57723e+09	6.58012e+09	7.23643e+09	5.95603e+09	6.64543e+09	5.96705e+09	6.09979e+09	6.01177e+09	6.70874e+09	4.36402e+09	3.96357e+09	3.98772e+09	4.0209e+09	4.51262e+09	4.61909e+09
ERR637101	8.10436e+09	8.50826e+09	8.58007e+09	7.83111e+09	7.90745e+09	7.80411e+09	7.02957e+09	6.94638e+09	6.97395e+09	8.51792e+09	8.19758e+09	8.55812e+09	8.64891e+09	8.43147e+09	7.38546e+09	8.84795e+09	7.47624e+09	7.41554e+09	8.66819e+09	8.08137e+09	8.55513e+09	8.69165e+09	8.49832e+09	8.68756e+09	6.22142e+09	6.92731e+09	6.29996e+09	6.53202e+09	6.35963e+09	6.42949e+09	5.35924e+09	6.8773e+09	7.18389e+09	7.55547e+09	5.1326e+09	5.36296e+09	7.12359e+09	7.22528e+09	7.76442e+09	7.33589e+09	7.28195e+09	7.42615e+09	6.64136e+09	7.32172e+09	7.65799e+09	6.58999e+09	6.65154e+09	6.21281e+09	6.07174e+09	6.4073e+09	5.74798e+09	5.95892e+09	6.38957e+09	6.2973e+09	6.66306e+09	7.29472e+09	6.78097e+09	6.98843e+09	6.74671e+09	7.37381e+09	7.95861e+09	7.62967e+09	6.99694e+09	8.26337e+09	7.38275e+09	7.0206e+09	7.94751e+09	7.55923e+09	7.77379e+09	7.46839e+09	7.38393e+09	7.17729e+09	7.79575e+09	6.7372e+09	6.03189e+09	6.53038e+09	7.36612e+09	6.61775e+09	8.49972e+09	8.45948e+09	8.24346e+09	7.56074e+09	7.56444e+09	8.44395e+09	6.81778e+09	7.67254e+09	6.83095e+09	6.99599e+09	6.88493e+09	7.75202e+09	5.27355e+09	4.77195e+09	4.80236e+09	4.84415e+09	5.46271e+09	5.60068e+09
ERR637103	7.11459e+09	7.40964e+09	7.46462e+09	6.90896e+09	6.96678e+09	6.8893e+09	6.14869e+09	6.08027e+09	6.10442e+09	7.37517e+09	7.12077e+09	7.40331e+09	7.51573e+09	7.35751e+09	6.59292e+09	7.47624e+09	6.84317e+09	6.61714e+09	7.52629e+09	7.1025e+09	7.44923e+09	7.54358e+09	7.40521e+09	7.54072e+09	5.37509e+09	5.94747e+09	5.44303e+09	5.62955e+09	5.49351e+09	5.5474e+09	4.66088e+09	5.89876e+09	6.14311e+09	6.43811e+09	4.47663e+09	4.665e+09	6.31932e+09	6.40204e+09	6.82756e+09	6.49285e+09	6.44593e+09	6.56179e+09	5.8868e+09	6.45258e+09	6.71996e+09	5.8442e+09	5.89607e+09	5.52641e+09	5.26324e+09	5.53755e+09	4.99289e+09	5.1683e+09	5.52293e+09	5.4524e+09	5.72172e+09	6.23207e+09	5.813e+09	5.98649e+09	5.7853e+09	6.29638e+09	6.96041e+09	6.70786e+09	6.19437e+09	7.19032e+09	6.50793e+09	6.2126e+09	6.84149e+09	6.5254e+09	6.70381e+09	6.46008e+09	6.38837e+09	6.21771e+09	6.73179e+09	5.86352e+09	5.28222e+09	5.6923e+09	6.3868e+09	5.76233e+09	7.3644e+09	7.33604e+09	7.17641e+09	6.6512e+09	6.65408e+09	7.32441e+09	6.02072e+09	6.72157e+09	6.03156e+09	6.16692e+09	6.077e+09	6.78619e+09	4.42619e+09	4.0195e+09	4.04407e+09	4.07779e+09	4.57748e+09	4.68607e+09
ERR637102	7.06024e+09	7.34978e+09	7.40434e+09	6.85694e+09	6.91443e+09	6.83792e+09	6.10192e+09	6.03427e+09	6.05834e+09	7.31472e+09	7.06336e+09	7.34248e+09	7.45424e+09	7.29846e+09	6.54724e+09	7.41554e+09	6.61714e+09	6.74756e+09	7.46417e+09	7.04802e+09	7.38923e+09	7.48152e+09	7.34557e+09	7.47886e+09	5.32955e+09	5.89543e+09	5.39602e+09	5.58079e+09	5.44565e+09	5.50018e+09	4.62391e+09	5.84837e+09	6.09055e+09	6.38265e+09	4.44212e+09	4.62796e+09	6.27402e+09	6.35474e+09	6.77572e+09	6.44519e+09	6.39791e+09	6.5132e+09	5.84457e+09	6.40364e+09	6.66827e+09	5.80294e+09	5.85403e+09	5.4881e+09	5.2208e+09	5.4917e+09	4.95396e+09	5.12726e+09	5.47767e+09	5.40742e+09	5.67189e+09	6.17763e+09	5.76249e+09	5.93417e+09	5.73525e+09	6.24091e+09	6.90465e+09	6.65523e+09	6.14786e+09	7.13056e+09	6.45765e+09	6.16573e+09	6.78458e+09	6.47238e+09	6.64883e+09	6.40693e+09	6.33589e+09	6.16748e+09	6.67597e+09	5.81788e+09	5.24233e+09	5.64845e+09	6.33503e+09	5.71774e+09	7.30201e+09	7.27477e+09	7.11709e+09	6.60008e+09	6.60241e+09	7.26306e+09	5.97583e+09	6.66941e+09	5.98657e+09	6.12073e+09	6.03173e+09	6.73305e+09	4.38176e+09	3.9786e+09	4.00291e+09	4.03608e+09	4.53201e+09	4.63911e+09
ERR607662	8.21549e+09	8.63418e+09	8.70868e+09	7.93478e+09	8.01385e+09	7.90779e+09	7.13392e+09	7.04819e+09	7.07603e+09	8.65577e+09	8.3258e+09	8.69798e+09	8.72002e+09	8.49736e+09	7.43437e+09	8.66819e+09	7.52629e+09	7.46417e+09	9.10407e+09	8.23434e+09	8.72906e+09	8.8743e+09	8.67019e+09	8.8706e+09	6.34281e+09	7.06793e+09	6.42308e+09	6.66088e+09	6.48345e+09	6.55465e+09	5.44554e+09	6.9995e+09	7.31461e+09	7.69615e+09	5.21304e+09	5.44951e+09	7.20871e+09	7.31145e+09	7.86368e+09	7.42441e+09	7.36977e+09	7.51771e+09	6.73409e+09	7.429e+09	7.77287e+09	6.68175e+09	6.7441e+09	6.29664e+09	6.14969e+09	6.49237e+09	5.82028e+09	6.03513e+09	6.47371e+09	6.38032e+09	6.77117e+09	7.4174e+09	6.89144e+09	7.10335e+09	6.85627e+09	7.4983e+09	8.07995e+09	7.73979e+09	7.09308e+09	8.39446e+09	7.48793e+09	7.11783e+09	8.07267e+09	7.67471e+09	7.89472e+09	7.58206e+09	7.4956e+09	7.2842e+09	7.91404e+09	6.83301e+09	6.11322e+09	6.62198e+09	7.47515e+09	6.71207e+09	8.62551e+09	8.58368e+09	8.36192e+09	7.65948e+09	7.66318e+09	8.56764e+09	6.90324e+09	7.77706e+09	6.91624e+09	7.08501e+09	6.97242e+09	7.85758e+09	5.398e+09	4.88194e+09	4.91388e+09	4.95635e+09	5.5928e+09	5.73585e+09
ERR607657	7.69586e+09	8.05121e+09	8.11802e+09	7.45011e+09	7.51812e+09	7.42731e+09	6.679e+09	6.60087e+09	6.62717e+09	8.05286e+09	7.76055e+09	8.08863e+09	8.12739e+09	7.93731e+09	7.02089e+09	8.08137e+09	7.1025e+09	7.04802e+09	8.23434e+09	7.93167e+09	8.13931e+09	8.25441e+09	8.08668e+09	8.25147e+09	5.90614e+09	6.55843e+09	5.97825e+09	6.19327e+09	6.03321e+09	6.09864e+09	5.08883e+09	6.49401e+09	6.7745e+09	7.11419e+09	4.87753e+09	5.09224e+09	6.78861e+09	6.87889e+09	7.37211e+09	6.98278e+09	6.92932e+09	7.06543e+09	6.33963e+09	6.97265e+09	7.28079e+09	6.29203e+09	6.34959e+09	5.93773e+09	5.73585e+09	6.04662e+09	5.43561e+09	5.63149e+09	6.02947e+09	5.94616e+09	6.28385e+09	6.86382e+09	6.39112e+09	6.58292e+09	6.35916e+09	6.93701e+09	7.55402e+09	7.25457e+09	6.67295e+09	7.82637e+09	7.02807e+09	6.69461e+09	7.49505e+09	7.13843e+09	7.33636e+09	7.05642e+09	6.97785e+09	6.78613e+09	7.36009e+09	6.38394e+09	5.72936e+09	6.19161e+09	6.96691e+09	6.2724e+09	8.02362e+09	7.98887e+09	7.79921e+09	7.18383e+09	7.18627e+09	7.97488e+09	6.488e+09	7.28037e+09	6.4999e+09	6.65426e+09	6.55057e+09	7.35296e+09	4.96262e+09	4.49607e+09	4.52392e+09	4.56283e+09	5.13791e+09	5.26522e+09
ERR607658	8.12245e+09	8.52608e+09	8.60566e+09	7.84362e+09	7.92051e+09	7.81763e+09	7.06015e+09	6.97535e+09	7.00361e+09	8.54513e+09	8.22283e+09	8.59138e+09	8.6104e+09	8.39076e+09	7.35943e+09	8.55513e+09	7.44923e+09	7.38923e+09	8.72906e+09	8.13931e+09	8.86934e+09	8.75276e+09	8.55986e+09	8.74947e+09	6.26636e+09	6.97735e+09	6.33645e+09	6.57637e+09	6.39461e+09	6.47158e+09	5.38466e+09	6.91587e+09	7.22602e+09	7.6046e+09	5.15417e+09	5.38767e+09	7.128e+09	7.22071e+09	7.76876e+09	7.33676e+09	7.27598e+09	7.42881e+09	6.66166e+09	7.34147e+09	7.68447e+09	6.61032e+09	6.6707e+09	6.22989e+09	6.07691e+09	6.41714e+09	5.7554e+09	5.96754e+09	6.39877e+09	6.30192e+09	6.68135e+09	7.31974e+09	6.80433e+09	7.00809e+09	6.76897e+09	7.39929e+09	7.9781e+09	7.64076e+09	7.00697e+09	8.28521e+09	7.39372e+09	7.03156e+09	7.97602e+09	7.58805e+09	7.79884e+09	7.48801e+09	7.40433e+09	7.19723e+09	7.8239e+09	6.76357e+09	6.04982e+09	6.55476e+09	7.39013e+09	6.64399e+09	8.50766e+09	8.46853e+09	8.25475e+09	7.56873e+09	7.56994e+09	8.45244e+09	6.82054e+09	7.68698e+09	6.83279e+09	7.00366e+09	6.88747e+09	7.76614e+09	5.32074e+09	4.80892e+09	4.83845e+09	4.88202e+09	5.51685e+09	5.65828e+09
ERR607660	8.23619e+09	8.65682e+09	8.73239e+09	7.95364e+09	8.03297e+09	7.92641e+09	7.1531e+09	7.06728e+09	7.09524e+09	8.68076e+09	8.34918e+09	8.72302e+09	8.74394e+09	8.52029e+09	7.45099e+09	8.69165e+09	7.54358e+09	7.48152e+09	8.8743e+09	8.25441e+09	8.75276e+09	9.15377e+09	8.69362e+09	8.89452e+09	6.35995e+09	7.088e+09	6.43987e+09	6.67935e+09	6.50036e+09	6.57304e+09	5.46063e+09	7.02137e+09	7.3383e+09	7.72174e+09	5.22732e+09	5.46434e+09	7.22503e+09	7.32743e+09	7.8829e+09	7.44089e+09	7.38576e+09	7.53498e+09	6.75023e+09	7.44744e+09	7.79397e+09	6.69775e+09	6.76077e+09	6.31133e+09	6.16719e+09	6.51122e+09	5.83678e+09	6.05224e+09	6.49247e+09	6.39825e+09	6.79152e+09	7.44056e+09	6.91263e+09	7.12546e+09	6.87734e+09	7.5217e+09	8.10058e+09	7.75803e+09	7.10866e+09	8.41654e+09	7.50486e+09	7.13323e+09	8.09698e+09	7.69806e+09	7.91809e+09	7.60426e+09	7.51755e+09	7.30534e+09	7.93848e+09	6.85298e+09	6.12951e+09	6.64062e+09	7.49701e+09	6.73166e+09	8.64933e+09	8.60727e+09	8.384e+09	7.67842e+09	7.6815e+09	8.59151e+09	6.91852e+09	7.79621e+09	6.93177e+09	7.10123e+09	6.98761e+09	7.87727e+09	5.41606e+09	4.89768e+09	4.92932e+09	4.97238e+09	5.61235e+09	5.7561e+09
ERR607659	8.06693e+09	8.46727e+09	8.53879e+09	7.79592e+09	7.87181e+09	7.77007e+09	7.00391e+09	6.92036e+09	6.94748e+09	8.48234e+09	8.16302e+09	8.52175e+09	8.54822e+09	8.33578e+09	7.31618e+09	8.49832e+09	7.40521e+09	7.34557e+09	8.67019e+09	8.08668e+09	8.55986e+09	8.69362e+09	8.74603e+09	8.68941e+09	6.21885e+09	6.92297e+09	6.29717e+09	6.52861e+09	6.35585e+09	6.4254e+09	5.34384e+09	6.85511e+09	7.1597e+09	7.52872e+09	5.11704e+09	5.34719e+09	7.08942e+09	7.18836e+09	7.72404e+09	7.29841e+09	7.24431e+09	7.38946e+09	6.62033e+09	7.29755e+09	7.63043e+09	6.56948e+09	6.63077e+09	6.19359e+09	6.03114e+09	6.36495e+09	5.7097e+09	5.91891e+09	6.346e+09	6.25559e+09	6.63128e+09	7.25754e+09	6.7478e+09	6.95326e+09	6.7135e+09	7.33586e+09	7.93071e+09	7.60266e+09	6.975e+09	8.23297e+09	7.35865e+09	6.99921e+09	7.9063e+09	7.52169e+09	7.73504e+09	7.43108e+09	7.34724e+09	7.14159e+09	7.75573e+09	6.70625e+09	6.00444e+09	6.50048e+09	7.33078e+09	6.58822e+09	8.45327e+09	8.41394e+09	8.20181e+09	7.52463e+09	7.52861e+09	8.3984e+09	6.78543e+09	7.63555e+09	6.79777e+09	6.96277e+09	6.85193e+09	7.71403e+09	5.2744e+09	4.77355e+09	4.80427e+09	4.84552e+09	5.46337e+09	5.60264e+09
ERR607661	8.23335e+09	8.65371e+09	8.72917e+09	7.95137e+09	8.03017e+09	7.92408e+09	7.15091e+09	7.06503e+09	7.09311e+09	8.67712e+09	8.34501e+09	8.71935e+09	8.73989e+09	8.51623e+09	7.44855e+09	8.68756e+09	7.54072e+09	7.47886e+09	8.8706e+09	8.25147e+09	8.74947e+09	8.89452e+09	8.68941e+09	9.14671e+09	6.35823e+09	7.08563e+09	6.43755e+09	6.67733e+09	6.4981e+09	6.57119e+09	5.45945e+09	7.01903e+09	7.33514e+09	7.7191e+09	5.22569e+09	5.46279e+09	7.22286e+09	7.32452e+09	7.87951e+09	7.43803e+09	7.38237e+09	7.53212e+09	6.74729e+09	7.44411e+09	7.78987e+09	6.69492e+09	6.75768e+09	6.30866e+09	6.16539e+09	6.50951e+09	5.83525e+09	6.05079e+09	6.49123e+09	6.39662e+09	6.78879e+09	7.43788e+09	6.91036e+09	7.12228e+09	6.87492e+09	7.51896e+09	8.09676e+09	7.7547e+09	7.10578e+09	8.41224e+09	7.50175e+09	7.13066e+09	8.09397e+09	7.69583e+09	7.91536e+09	7.60119e+09	7.51445e+09	7.30298e+09	7.9359e+09	6.85126e+09	6.12831e+09	6.63947e+09	7.49501e+09	6.73047e+09	8.64563e+09	8.60339e+09	8.38143e+09	7.67573e+09	7.67923e+09	8.58789e+09	6.91722e+09	7.79456e+09	6.93024e+09	7.09975e+09	6.98617e+09	7.87544e+09	5.41393e+09	4.8957e+09	4.92731e+09	4.97033e+09	5.61035e+09	5.75443e+09
ERR605656	5.99687e+09	6.30234e+09	6.36161e+09	5.78317e+09	5.83857e+09	5.76296e+09	5.42062e+09	5.36229e+09	5.38053e+09	6.37814e+09	6.16185e+09	6.41781e+09	6.26059e+09	6.09433e+09	5.30923e+09	6.22142e+09	5.37509e+09	5.32955e+09	6.34281e+09	5.90614e+09	6.26636e+09	6.35995e+09	6.21885e+09	6.35823e+09	5.37056e+09	5.69247e+09	5.21276e+09	5.40202e+09	5.25106e+09	5.32058e+09	4.45736e+09	5.59e+09	5.81114e+09	6.08168e+09	4.27238e+09	4.45724e+09	5.35856e+09	5.39696e+09	5.81583e+09	5.49182e+09	5.43402e+09	5.56658e+09	4.98268e+09	5.43666e+09	5.68e+09	4.94608e+09	4.9869e+09	4.68006e+09	4.90677e+09	5.15458e+09	4.67542e+09	4.82878e+09	5.13913e+09	5.05749e+09	5.37573e+09	5.82691e+09	5.47524e+09	5.60608e+09	5.44794e+09	5.88255e+09	6.01487e+09	5.75246e+09	5.31476e+09	6.2468e+09	5.58388e+09	5.33315e+09	6.18753e+09	5.92497e+09	6.06116e+09	5.8403e+09	5.78783e+09	5.64725e+09	6.08685e+09	5.36678e+09	4.84452e+09	5.21927e+09	5.78652e+09	5.28708e+09	6.39929e+09	6.36921e+09	6.20795e+09	5.70041e+09	5.69997e+09	6.35729e+09	5.21456e+09	5.82748e+09	5.21951e+09	5.35716e+09	5.25714e+09	5.88436e+09	4.58832e+09	4.18147e+09	4.20353e+09	4.24071e+09	4.74475e+09	4.86113e+09
ERR605653	6.66237e+09	7.01974e+09	7.08766e+09	6.41519e+09	6.48015e+09	6.39256e+09	5.98449e+09	5.91517e+09	5.93717e+09	7.1079e+09	6.85434e+09	7.15377e+09	6.97178e+09	6.77882e+09	5.8728e+09	6.92731e+09	5.94747e+09	5.89543e+09	7.06793e+09	6.55843e+09	6.97735e+09	7.088e+09	6.92297e+09	7.08563e+09	5.69247e+09	6.51916e+09	5.73572e+09	5.95617e+09	5.78045e+09	5.8586e+09	4.86614e+09	6.17337e+09	6.43165e+09	6.74868e+09	4.65704e+09	4.86615e+09	5.92645e+09	5.97854e+09	6.45756e+09	6.083e+09	6.02162e+09	6.17037e+09	5.49428e+09	6.01874e+09	6.29748e+09	5.45233e+09	5.49919e+09	5.1494e+09	5.39922e+09	5.68465e+09	5.13315e+09	5.30832e+09	5.66672e+09	5.57495e+09	5.9434e+09	6.4653e+09	6.05532e+09	6.20926e+09	6.02438e+09	6.52977e+09	6.69883e+09	6.39776e+09	5.89101e+09	6.96841e+09	6.2017e+09	5.912e+09	6.8888e+09	6.58227e+09	6.74287e+09	6.48595e+09	6.42411e+09	6.25961e+09	6.77198e+09	5.93417e+09	5.33496e+09	5.7643e+09	6.42332e+09	5.8419e+09	7.14547e+09	7.1093e+09	6.92263e+09	6.33454e+09	6.33492e+09	7.09562e+09	5.77073e+09	6.478e+09	5.77682e+09	5.9333e+09	5.82011e+09	6.54415e+09	5.04626e+09	4.5865e+09	4.61193e+09	4.65328e+09	5.22183e+09	5.35476e+09
ERR605658	6.06719e+09	6.3787e+09	6.43047e+09	5.85936e+09	5.91438e+09	5.83845e+09	5.45779e+09	5.39808e+09	5.41667e+09	6.4507e+09	6.23122e+09	6.48336e+09	6.33367e+09	6.17098e+09	5.37662e+09	6.29996e+09	5.44303e+09	5.39602e+09	6.42308e+09	5.97825e+09	6.33645e+09	6.43987e+09	6.29717e+09	6.43755e+09	5.21276e+09	5.73572e+09	5.46459e+09	5.44592e+09	5.31479e+09	5.36214e+09	4.47298e+09	5.61469e+09	5.83747e+09	6.1042e+09	4.29027e+09	4.47387e+09	5.43702e+09	5.50052e+09	5.90381e+09	5.57962e+09	5.54059e+09	5.65647e+09	5.0379e+09	5.50571e+09	5.74067e+09	5.00029e+09	5.04318e+09	4.73412e+09	4.94388e+09	5.18931e+09	4.70449e+09	4.8588e+09	5.17361e+09	5.10193e+09	5.42617e+09	5.87279e+09	5.51563e+09	5.65635e+09	5.48824e+09	5.92942e+09	6.10354e+09	5.85171e+09	5.40986e+09	6.33576e+09	5.68416e+09	5.42889e+09	6.24039e+09	5.97226e+09	6.11802e+09	5.90098e+09	5.84603e+09	5.6997e+09	6.13693e+09	5.40314e+09	4.88415e+09	5.25474e+09	5.83847e+09	5.32246e+09	6.49048e+09	6.45803e+09	6.29491e+09	5.78615e+09	5.78982e+09	6.44648e+09	5.29564e+09	5.901e+09	5.30197e+09	5.43123e+09	5.33999e+09	5.95776e+09	4.60455e+09	4.20812e+09	4.23424e+09	4.26751e+09	4.75111e+09	4.86637e+09
ERR605654	6.2904e+09	6.61858e+09	6.67822e+09	6.06468e+09	6.12411e+09	6.04344e+09	5.66444e+09	5.60215e+09	5.62166e+09	6.69968e+09	6.46814e+09	6.73947e+09	6.57177e+09	6.39589e+09	5.55964e+09	6.53202e+09	5.62955e+09	5.58079e+09	6.66088e+09	6.19327e+09	6.57637e+09	6.67935e+09	6.52861e+09	6.67733e+09	5.40202e+09	5.95617e+09	5.44592e+09	5.85125e+09	5.48781e+09	5.5568e+09	4.63139e+09	5.83898e+09	6.07491e+09	6.36295e+09	4.43697e+09	4.63146e+09	5.61714e+09	5.66733e+09	6.10803e+09	5.76256e+09	5.7076e+09	5.84484e+09	5.20848e+09	5.69492e+09	5.9497e+09	5.16959e+09	5.21326e+09	4.88823e+09	5.12496e+09	5.38725e+09	4.87703e+09	5.03949e+09	5.37098e+09	5.2882e+09	5.62753e+09	6.10533e+09	5.72932e+09	5.87237e+09	5.70029e+09	6.16555e+09	6.32597e+09	6.05216e+09	5.58367e+09	6.57284e+09	5.87145e+09	5.60372e+09	6.49422e+09	6.21239e+09	6.36146e+09	6.12713e+09	6.07032e+09	5.91796e+09	6.38791e+09	5.61686e+09	5.06444e+09	5.45964e+09	6.06919e+09	5.53175e+09	6.73591e+09	6.70236e+09	6.53136e+09	5.99076e+09	5.99143e+09	6.6897e+09	5.47089e+09	6.1203e+09	5.47648e+09	5.61965e+09	5.51614e+09	6.18133e+09	4.7871e+09	4.36093e+09	4.38562e+09	4.42321e+09	4.94815e+09	5.07055e+09
ERR605657	6.12323e+09	6.43856e+09	6.4892e+09	5.9141e+09	5.96971e+09	5.89262e+09	5.49971e+09	5.43939e+09	5.45853e+09	6.50907e+09	6.28694e+09	6.54108e+09	6.39306e+09	6.22917e+09	5.42629e+09	6.35963e+09	5.49351e+09	5.44565e+09	6.48345e+09	6.03321e+09	6.39461e+09	6.50036e+09	6.35585e+09	6.4981e+09	5.25106e+09	5.78045e+09	5.31479e+09	5.48781e+09	5.55282e+09	5.40303e+09	4.5022e+09	5.6558e+09	5.88107e+09	6.15005e+09	4.31819e+09	4.50338e+09	5.4875e+09	5.55509e+09	5.96014e+09	5.63327e+09	5.59674e+09	5.71061e+09	5.07932e+09	5.5548e+09	5.79055e+09	5.04116e+09	5.08567e+09	4.77267e+09	4.9794e+09	5.2265e+09	4.73692e+09	4.89176e+09	5.2106e+09	5.14003e+09	5.46772e+09	5.91847e+09	5.55632e+09	5.70061e+09	5.52907e+09	5.97572e+09	6.1612e+09	5.90861e+09	5.46109e+09	6.39519e+09	5.73834e+09	5.48033e+09	6.29084e+09	6.01935e+09	6.16798e+09	5.94905e+09	5.8935e+09	5.74541e+09	6.18739e+09	5.44362e+09	4.92059e+09	5.29331e+09	5.88629e+09	5.36122e+09	6.55147e+09	6.51844e+09	6.35336e+09	5.84014e+09	5.84403e+09	6.50667e+09	5.3434e+09	5.9532e+09	5.3505e+09	5.47854e+09	5.38819e+09	6.01101e+09	4.63329e+09	4.23481e+09	4.26179e+09	4.29472e+09	4.77959e+09	4.89536e+09
ERR605655	6.19243e+09	6.51171e+09	6.57041e+09	5.97341e+09	6.03108e+09	5.9524e+09	5.57903e+09	5.51725e+09	5.537e+09	6.58905e+09	6.3629e+09	6.62789e+09	6.46811e+09	6.2971e+09	5.47973e+09	6.42949e+09	5.5474e+09	5.50018e+09	6.55465e+09	6.09864e+09	6.47158e+09	6.57304e+09	6.4254e+09	6.57119e+09	5.32058e+09	5.8586e+09	5.36214e+09	5.5568e+09	5.40303e+09	5.67147e+09	4.56644e+09	5.74493e+09	5.97573e+09	6.25582e+09	4.37647e+09	4.5665e+09	5.53404e+09	5.58205e+09	6.01196e+09	5.67714e+09	5.62134e+09	5.75423e+09	5.13515e+09	5.61094e+09	5.8601e+09	5.09704e+09	5.14009e+09	4.82196e+09	5.04648e+09	5.30301e+09	4.80488e+09	4.9631e+09	5.28684e+09	5.20618e+09	5.53653e+09	6.00427e+09	5.63598e+09	5.77634e+09	5.60815e+09	6.06235e+09	6.22216e+09	5.95333e+09	5.49639e+09	6.46233e+09	5.77785e+09	5.51627e+09	6.38332e+09	6.10775e+09	6.25321e+09	6.025e+09	5.96931e+09	5.82091e+09	6.27968e+09	5.5259e+09	4.98694e+09	5.37263e+09	5.96812e+09	5.44215e+09	6.62124e+09	6.58922e+09	6.42156e+09	5.89447e+09	5.89562e+09	6.5769e+09	5.38784e+09	6.02158e+09	5.39406e+09	5.53247e+09	5.43258e+09	6.08068e+09	4.70705e+09	4.28922e+09	4.31347e+09	4.35004e+09	4.86497e+09	4.98459e+09
ERR613256	5.15235e+09	5.39968e+09	5.44973e+09	4.97385e+09	5.01931e+09	4.95771e+09	4.71796e+09	4.67059e+09	4.68556e+09	5.47998e+09	5.30756e+09	5.51536e+09	5.39299e+09	5.25495e+09	4.60632e+09	5.35924e+09	4.66088e+09	4.62391e+09	5.44554e+09	5.08883e+09	5.38466e+09	5.46063e+09	5.34384e+09	5.45945e+09	4.45736e+09	4.86614e+09	4.47298e+09	4.63139e+09	4.5022e+09	4.56644e+09	4.17453e+09	4.95612e+09	5.13932e+09	5.36803e+09	3.85512e+09	4.01267e+09	4.60784e+09	4.62692e+09	4.97518e+09	4.71185e+09	4.65526e+09	4.77131e+09	4.34387e+09	4.71138e+09	4.91528e+09	4.31312e+09	4.34628e+09	4.09135e+09	4.29993e+09	4.50596e+09	4.11166e+09	4.23804e+09	4.49446e+09	4.42092e+09	4.67681e+09	5.05148e+09	4.76261e+09	4.86784e+09	4.74092e+09	5.09712e+09	5.15217e+09	4.93152e+09	4.57607e+09	5.34236e+09	4.79523e+09	4.59099e+09	5.35011e+09	5.13734e+09	5.24446e+09	5.0627e+09	5.0204e+09	4.90544e+09	5.2689e+09	4.6833e+09	4.24812e+09	4.5616e+09	5.02232e+09	4.61906e+09	5.46982e+09	5.44625e+09	5.31236e+09	4.89636e+09	4.89538e+09	5.43586e+09	4.50943e+09	5.01432e+09	4.51384e+09	4.63084e+09	4.54501e+09	5.05937e+09	4.01157e+09	3.6662e+09	3.68368e+09	3.71621e+09	4.14739e+09	4.2443e+09
ERR613253	6.58532e+09	6.93734e+09	7.0118e+09	6.33133e+09	6.39618e+09	6.30902e+09	5.96934e+09	5.90103e+09	5.92325e+09	7.05369e+09	6.80646e+09	7.10708e+09	6.9272e+09	6.72946e+09	5.82494e+09	6.8773e+09	5.89876e+09	5.84837e+09	6.9995e+09	6.49401e+09	6.91587e+09	7.02137e+09	6.85511e+09	7.01903e+09	5.59e+09	6.17337e+09	5.61469e+09	5.83898e+09	5.6558e+09	5.74493e+09	4.95612e+09	6.5231e+09	6.55651e+09	6.88719e+09	4.74088e+09	4.95575e+09	5.83028e+09	5.86274e+09	6.34615e+09	5.97603e+09	5.90245e+09	6.06081e+09	5.46348e+09	5.97312e+09	6.2606e+09	5.42114e+09	5.467e+09	5.11671e+09	5.39455e+09	5.68498e+09	5.13519e+09	5.31038e+09	5.66882e+09	5.56376e+09	5.92312e+09	6.45654e+09	6.0467e+09	6.19264e+09	6.01596e+09	6.52071e+09	6.60519e+09	6.29374e+09	5.79741e+09	6.8754e+09	6.10347e+09	5.81822e+09	6.88725e+09	6.58492e+09	6.73508e+09	6.47344e+09	6.41323e+09	6.25137e+09	6.77258e+09	5.94473e+09	5.33604e+09	5.77393e+09	6.42189e+09	5.8539e+09	7.05588e+09	7.02193e+09	6.83347e+09	6.24519e+09	6.24459e+09	7.00686e+09	5.69721e+09	6.41047e+09	5.70278e+09	5.86804e+09	5.74665e+09	6.47475e+09	5.03206e+09	4.56565e+09	4.58834e+09	4.63275e+09	5.21727e+09	5.35086e+09
ERR613252	6.87221e+09	7.2475e+09	7.32852e+09	6.60167e+09	6.67094e+09	6.57853e+09	6.21646e+09	6.14369e+09	6.16733e+09	7.37229e+09	7.10662e+09	7.43042e+09	7.23754e+09	7.0257e+09	6.06507e+09	7.18389e+09	6.14311e+09	6.09055e+09	7.31461e+09	6.7745e+09	7.22602e+09	7.3383e+09	7.1597e+09	7.33514e+09	5.81114e+09	6.43165e+09	5.83747e+09	6.07491e+09	5.88107e+09	5.97573e+09	5.13932e+09	6.55651e+09	7.08538e+09	7.19575e+09	4.91184e+09	5.13869e+09	6.07248e+09	6.10816e+09	6.61979e+09	6.22768e+09	6.15005e+09	6.3173e+09	5.68397e+09	6.22272e+09	6.52928e+09	5.63941e+09	5.68767e+09	5.3184e+09	5.61005e+09	5.9184e+09	5.3367e+09	5.52191e+09	5.90131e+09	5.78957e+09	6.17193e+09	6.74062e+09	6.30393e+09	6.459e+09	6.27167e+09	6.80924e+09	6.89721e+09	6.56661e+09	6.03886e+09	7.1861e+09	6.36372e+09	6.06149e+09	7.20138e+09	6.87885e+09	7.03779e+09	6.75794e+09	6.69436e+09	6.52165e+09	7.0787e+09	6.19678e+09	5.55191e+09	6.01523e+09	6.70324e+09	6.10042e+09	7.37907e+09	7.34281e+09	7.14159e+09	6.51548e+09	6.51409e+09	7.32674e+09	5.93325e+09	6.69119e+09	5.93941e+09	6.1136e+09	5.98521e+09	6.75944e+09	5.23566e+09	4.74264e+09	4.76676e+09	4.81335e+09	5.43142e+09	5.57289e+09
