	ERR637000	ERR636999	ERR636997	ERR636998	ERR637001	ERR637002	ERR613997	ERR613999	ERR613998	ERR613996	ERR614001	ERR614000	ERR613666	ERR613669	ERR613667	ERR613668	ERR613670	ERR613665	ERR618718	ERR618722	ERR618721	ERR618720	ERR618719	ERR618717	ERR612205	ERR612203	ERR612206	ERR612204	ERR612208	ERR612207	ERR613329	ERR613332	ERR613333	ERR613330	ERR613334	ERR613331	ERR607785	ERR607781	ERR607783	ERR607784	ERR607786	ERR607782	ERR608153	ERR608149	ERR608151	ERR608154	ERR608152	ERR608150	ERR617330	ERR617329	ERR617326	ERR617327	ERR617325	ERR617328	ERR622132	ERR622133	ERR622135	ERR622131	ERR622136	ERR622134	ERR629611	ERR629607	ERR629610	ERR629609	ERR629608	ERR629606	ERR608241	ERR608242	ERR608240	ERR608239	ERR608244	ERR608243	ERR607591	ERR607593	ERR607596	ERR607594	ERR607592	ERR607595	ERR617066	ERR617064	ERR617067	ERR617068	ERR617065	ERR617063	ERR616444	ERR616447	ERR616449	ERR616445	ERR616448	ERR616446	ERR609168	ERR609166	ERR609165	ERR609164	ERR609163	ERR609167
ERR637000	3.52445e+08	2.32063e+08	2.20744e+08	2.47024e+08	2.3583e+08	2.32145e+08	2.02773e+08	1.98826e+08	1.63484e+08	2.22305e+08	2.00096e+08	2.00013e+08	2.03546e+08	1.83959e+08	1.93641e+08	1.85655e+08	1.46006e+08	2.0913e+08	2.5116e+08	2.69344e+08	2.63915e+08	2.61179e+08	2.53789e+08	2.68947e+08	1.81521e+08	1.90136e+08	1.84005e+08	1.80923e+08	1.76113e+08	1.49427e+08	2.02472e+08	1.69467e+08	1.71085e+08	1.76067e+08	1.38995e+08	1.92969e+08	2.32032e+08	2.33912e+08	2.34815e+08	1.85567e+08	2.34498e+08	1.93506e+08	2.15132e+08	1.46522e+08	2.08983e+08	1.88864e+08	2.10778e+08	1.87265e+08	1.82286e+08	1.81075e+08	1.5427e+08	1.55424e+08	1.53058e+08	1.82009e+08	1.6698e+08	1.66872e+08	1.74578e+08	1.80915e+08	1.24928e+08	1.45443e+08	1.56632e+08	1.69532e+08	1.58035e+08	1.67611e+08	1.70005e+08	2.00145e+08	1.72299e+08	1.49115e+08	1.53402e+08	1.19043e+08	1.3854e+08	1.44797e+08	2.20408e+08	1.88053e+08	2.20291e+08	2.19372e+08	1.87213e+08	2.19121e+08	1.45529e+08	1.64442e+08	1.42814e+08	1.45562e+08	1.67637e+08	1.58834e+08	1.48071e+08	1.88986e+08	1.91136e+08	9.02336e+07	1.91381e+08	1.50447e+08	1.68381e+08	1.28892e+08	1.52929e+08	1.61803e+08	1.6296e+08	1.69329e+08
ERR636999	2.32063e+08	3.48379e+08	2.19803e+08	2.45831e+08	2.32939e+08	2.29424e+08	2.0088e+08	1.9662e+08	1.62135e+08	2.19957e+08	1.97804e+08	1.97877e+08	2.02034e+08	1.82225e+08	1.92072e+08	1.83909e+08	1.44676e+08	2.07471e+08	2.4915e+08	2.66845e+08	2.61834e+08	2.58794e+08	2.51621e+08	2.66597e+08	1.8008e+08	1.88443e+08	1.82272e+08	1.79502e+08	1.74462e+08	1.48052e+08	2.00476e+08	1.67776e+08	1.69145e+08	1.74413e+08	1.37896e+08	1.9127e+08	2.29963e+08	2.31699e+08	2.32695e+08	1.83907e+08	2.32391e+08	1.91916e+08	2.12954e+08	1.45644e+08	2.06952e+08	1.87323e+08	2.08652e+08	1.85531e+08	1.80193e+08	1.78916e+08	1.52559e+08	1.53659e+08	1.51704e+08	1.79984e+08	1.6542e+08	1.6518e+08	1.72861e+08	1.79032e+08	1.23726e+08	1.44071e+08	1.5518e+08	1.68214e+08	1.56647e+08	1.66151e+08	1.68528e+08	1.98365e+08	1.69855e+08	1.47326e+08	1.51564e+08	1.1781e+08	1.36934e+08	1.43225e+08	2.18247e+08	1.8663e+08	2.18418e+08	2.1737e+08	1.85785e+08	2.17144e+08	1.44798e+08	1.63325e+08	1.42003e+08	1.44863e+08	1.6641e+08	1.57923e+08	1.46715e+08	1.87725e+08	1.89564e+08	8.93052e+07	1.89942e+08	1.49112e+08	1.67115e+08	1.27945e+08	1.51864e+08	1.60758e+08	1.61547e+08	1.68129e+08
ERR636997	2.20744e+08	2.19803e+08	3.19263e+08	2.33591e+08	2.21402e+08	2.18129e+08	1.90781e+08	1.86848e+08	1.54081e+08	2.08821e+08	1.87975e+08	1.88112e+08	1.92094e+08	1.73392e+08	1.82605e+08	1.74926e+08	1.37753e+08	1.97206e+08	2.36467e+08	2.53432e+08	2.48587e+08	2.45716e+08	2.38945e+08	2.53119e+08	1.71222e+08	1.79036e+08	1.73274e+08	1.70539e+08	1.65939e+08	1.40862e+08	1.90842e+08	1.5986e+08	1.61304e+08	1.66044e+08	1.31407e+08	1.82128e+08	2.18696e+08	2.20255e+08	2.21112e+08	1.74936e+08	2.20793e+08	1.82592e+08	2.02415e+08	1.38518e+08	1.96678e+08	1.78021e+08	1.98288e+08	1.76353e+08	1.70515e+08	1.69381e+08	1.44408e+08	1.45407e+08	1.43425e+08	1.70249e+08	1.56594e+08	1.56332e+08	1.63563e+08	1.69562e+08	1.17063e+08	1.36256e+08	1.4696e+08	1.59269e+08	1.48278e+08	1.57248e+08	1.59625e+08	1.87701e+08	1.609e+08	1.39597e+08	1.43557e+08	1.11666e+08	1.29792e+08	1.35626e+08	2.06501e+08	1.76436e+08	2.06524e+08	2.05519e+08	1.75678e+08	2.05447e+08	1.36943e+08	1.54567e+08	1.34293e+08	1.37018e+08	1.57446e+08	1.4927e+08	1.38834e+08	1.77496e+08	1.79367e+08	8.45435e+07	1.79615e+08	1.41058e+08	1.57956e+08	1.20898e+08	1.43669e+08	1.51896e+08	1.52673e+08	1.58841e+08
ERR636998	2.47024e+08	2.45831e+08	2.33591e+08	3.87362e+08	2.47896e+08	2.44142e+08	2.14749e+08	2.10485e+08	1.72875e+08	2.35247e+08	2.11763e+08	2.11766e+08	2.15147e+08	1.94524e+08	2.0462e+08	1.96217e+08	1.53984e+08	2.21131e+08	2.65815e+08	2.85281e+08	2.79657e+08	2.76514e+08	2.68698e+08	2.84939e+08	1.92028e+08	2.01069e+08	1.94494e+08	1.91378e+08	1.86169e+08	1.57864e+08	2.13814e+08	1.78869e+08	1.80441e+08	1.85816e+08	1.46424e+08	2.03793e+08	2.45167e+08	2.47453e+08	2.48284e+08	1.95926e+08	2.47825e+08	2.04332e+08	2.27856e+08	1.54865e+08	2.21174e+08	2.00008e+08	2.23215e+08	1.98242e+08	1.93879e+08	1.92417e+08	1.64e+08	1.65144e+08	1.62654e+08	1.93454e+08	1.77747e+08	1.77486e+08	1.85778e+08	1.92426e+08	1.32815e+08	1.54659e+08	1.66612e+08	1.80281e+08	1.68074e+08	1.78326e+08	1.80975e+08	2.12892e+08	1.8301e+08	1.58377e+08	1.63066e+08	1.26414e+08	1.47195e+08	1.53892e+08	2.33764e+08	1.99796e+08	2.33973e+08	2.3273e+08	1.98767e+08	2.32602e+08	1.54319e+08	1.74465e+08	1.51295e+08	1.54257e+08	1.77838e+08	1.68354e+08	1.56886e+08	2.00506e+08	2.02577e+08	9.55853e+07	2.03047e+08	1.59544e+08	1.78784e+08	1.37025e+08	1.62214e+08	1.71897e+08	1.72935e+08	1.79771e+08
ERR637001	2.3583e+08	2.32939e+08	2.21402e+08	2.47896e+08	3.54371e+08	2.32991e+08	2.03646e+08	1.99651e+08	1.64163e+08	2.23184e+08	2.00852e+08	2.00889e+08	2.04436e+08	1.84826e+08	1.94438e+08	1.86425e+08	1.46577e+08	2.10052e+08	2.52163e+08	2.70419e+08	2.6504e+08	2.62076e+08	2.54808e+08	2.69917e+08	1.82353e+08	1.90908e+08	1.84646e+08	1.81698e+08	1.76821e+08	1.50007e+08	2.03224e+08	1.70154e+08	1.71593e+08	1.76783e+08	1.39598e+08	1.93813e+08	2.331e+08	2.34977e+08	2.35876e+08	1.86356e+08	2.35388e+08	1.94347e+08	2.1595e+08	1.47107e+08	2.09775e+08	1.89744e+08	2.11499e+08	1.87925e+08	1.82674e+08	1.81272e+08	1.54532e+08	1.55556e+08	1.53328e+08	1.82236e+08	1.6762e+08	1.67274e+08	1.75084e+08	1.81486e+08	1.25262e+08	1.45854e+08	1.56945e+08	1.70021e+08	1.58364e+08	1.68104e+08	1.70441e+08	2.00736e+08	1.72375e+08	1.49275e+08	1.5363e+08	1.19306e+08	1.38727e+08	1.45112e+08	2.2058e+08	1.88525e+08	2.20658e+08	2.19658e+08	1.87513e+08	2.19451e+08	1.45759e+08	1.64704e+08	1.42955e+08	1.45811e+08	1.67708e+08	1.59048e+08	1.48211e+08	1.89247e+08	1.9116e+08	9.02524e+07	1.91548e+08	1.50462e+08	1.68666e+08	1.29203e+08	1.53211e+08	1.62173e+08	1.63258e+08	1.69635e+08
ERR637002	2.32145e+08	2.29424e+08	2.18129e+08	2.44142e+08	2.32991e+08	3.45443e+08	2.00452e+08	1.96617e+08	1.61521e+08	2.19699e+08	1.97708e+08	1.9782e+08	2.01256e+08	1.8187e+08	1.91386e+08	1.83518e+08	1.44414e+08	2.06807e+08	2.48198e+08	2.66267e+08	2.60949e+08	2.58079e+08	2.50816e+08	2.65779e+08	1.79472e+08	1.87919e+08	1.818e+08	1.78763e+08	1.73984e+08	1.47746e+08	1.99962e+08	1.67488e+08	1.68959e+08	1.73965e+08	1.37409e+08	1.90684e+08	2.29158e+08	2.31051e+08	2.3203e+08	1.83242e+08	2.3166e+08	1.91084e+08	2.1253e+08	1.44766e+08	2.06532e+08	1.86791e+08	2.08243e+08	1.85049e+08	1.8021e+08	1.7874e+08	1.52361e+08	1.53403e+08	1.51047e+08	1.79691e+08	1.64926e+08	1.64671e+08	1.72429e+08	1.78565e+08	1.23342e+08	1.4354e+08	1.54725e+08	1.67485e+08	1.56158e+08	1.65603e+08	1.67842e+08	1.97648e+08	1.70017e+08	1.47235e+08	1.5158e+08	1.17541e+08	1.36775e+08	1.43028e+08	2.17279e+08	1.8569e+08	2.1733e+08	2.16285e+08	1.84728e+08	2.16222e+08	1.43496e+08	1.62384e+08	1.40847e+08	1.43637e+08	1.65357e+08	1.56658e+08	1.46161e+08	1.86665e+08	1.88562e+08	8.90932e+07	1.88941e+08	1.48511e+08	1.66136e+08	1.27296e+08	1.50823e+08	1.59731e+08	1.60623e+08	1.67128e+08
ERR613997	2.02773e+08	2.0088e+08	1.90781e+08	2.14749e+08	2.03646e+08	2.00452e+08	4.1181e+08	2.79298e+08	2.32056e+08	3.10793e+08	2.80909e+08	2.8078e+08	2.39229e+08	2.1583e+08	2.27254e+08	2.17917e+08	1.70667e+08	2.46007e+08	3.00094e+08	3.21673e+08	3.15397e+08	3.12161e+08	3.03237e+08	3.21432e+08	2.09433e+08	2.19788e+08	2.12229e+08	2.08822e+08	2.0293e+08	1.72341e+08	2.26186e+08	1.88243e+08	1.89731e+08	1.96063e+08	1.52661e+08	2.15337e+08	2.65449e+08	2.68217e+08	2.69302e+08	2.14929e+08	2.68265e+08	2.23682e+08	2.52017e+08	1.7044e+08	2.44986e+08	2.21266e+08	2.4699e+08	2.19065e+08	1.86794e+08	1.85247e+08	1.58104e+08	1.58993e+08	1.56109e+08	1.8659e+08	1.99659e+08	1.99454e+08	2.08617e+08	2.15959e+08	1.4965e+08	1.74002e+08	1.87348e+08	2.02658e+08	1.88894e+08	2.00022e+08	2.03112e+08	2.37019e+08	1.73702e+08	1.49767e+08	1.54636e+08	1.19383e+08	1.39251e+08	1.45335e+08	2.16306e+08	1.84644e+08	2.1641e+08	2.15558e+08	1.83148e+08	2.15489e+08	1.40006e+08	1.59112e+08	1.37254e+08	1.40063e+08	1.62136e+08	1.53131e+08	1.46971e+08	1.87693e+08	1.89592e+08	9.0193e+07	1.90063e+08	1.49645e+08	1.63949e+08	1.25877e+08	1.48492e+08	1.57767e+08	1.58981e+08	1.6508e+08
ERR613999	1.98826e+08	1.9662e+08	1.86848e+08	2.10485e+08	1.99651e+08	1.96617e+08	2.79298e+08	3.99278e+08	2.27046e+08	3.04353e+08	2.7706e+08	2.7689e+08	2.34216e+08	2.11714e+08	2.22706e+08	2.13723e+08	1.67248e+08	2.41192e+08	2.93946e+08	3.15765e+08	3.09469e+08	3.06305e+08	2.97352e+08	3.15188e+08	2.05147e+08	2.15217e+08	2.07874e+08	2.04337e+08	1.98848e+08	1.68827e+08	2.21775e+08	1.84727e+08	1.8625e+08	1.92087e+08	1.49578e+08	2.10808e+08	2.59988e+08	2.62689e+08	2.6391e+08	2.10685e+08	2.62779e+08	2.1896e+08	2.47663e+08	1.66972e+08	2.40511e+08	2.17311e+08	2.42763e+08	2.15197e+08	1.83676e+08	1.82208e+08	1.5535e+08	1.56251e+08	1.53067e+08	1.8332e+08	1.95834e+08	1.95597e+08	2.04564e+08	2.11678e+08	1.46693e+08	1.70677e+08	1.8368e+08	1.98394e+08	1.85093e+08	1.96069e+08	1.98944e+08	2.32063e+08	1.7104e+08	1.47142e+08	1.51993e+08	1.17264e+08	1.36823e+08	1.4278e+08	2.12079e+08	1.80993e+08	2.12269e+08	2.11449e+08	1.79317e+08	2.1127e+08	1.3679e+08	1.5578e+08	1.34022e+08	1.36711e+08	1.58809e+08	1.49669e+08	1.44162e+08	1.83834e+08	1.85616e+08	8.86039e+07	1.8611e+08	1.46853e+08	1.60423e+08	1.2334e+08	1.45237e+08	1.54405e+08	1.5573e+08	1.61609e+08
ERR613998	1.63484e+08	1.62135e+08	1.54081e+08	1.72875e+08	1.64163e+08	1.61521e+08	2.32056e+08	2.27046e+08	2.91284e+08	2.52203e+08	2.28451e+08	2.28292e+08	1.95269e+08	1.75767e+08	1.85628e+08	1.77537e+08	1.39713e+08	2.00409e+08	2.43011e+08	2.59777e+08	2.54926e+08	2.5244e+08	2.45265e+08	2.60051e+08	1.70038e+08	1.78059e+08	1.72108e+08	1.69737e+08	1.64574e+08	1.39897e+08	1.83497e+08	1.52482e+08	1.53903e+08	1.5947e+08	1.2458e+08	1.75019e+08	2.15404e+08	2.16965e+08	2.1786e+08	1.75088e+08	2.1765e+08	1.82306e+08	2.03876e+08	1.39324e+08	1.98435e+08	1.79713e+08	1.99748e+08	1.77794e+08	1.48352e+08	1.47049e+08	1.2562e+08	1.264e+08	1.2444e+08	1.48016e+08	1.61179e+08	1.60782e+08	1.68117e+08	1.73847e+08	1.20753e+08	1.40335e+08	1.51477e+08	1.63916e+08	1.52602e+08	1.61494e+08	1.64151e+08	1.91175e+08	1.37552e+08	1.19208e+08	1.22566e+08	9.52789e+07	1.10834e+08	1.15633e+08	1.72804e+08	1.47551e+08	1.7278e+08	1.72124e+08	1.46694e+08	1.7204e+08	1.12846e+08	1.27395e+08	1.10636e+08	1.13045e+08	1.29843e+08	1.23058e+08	1.17533e+08	1.50483e+08	1.5206e+08	7.21009e+07	1.52332e+08	1.19776e+08	1.31361e+08	1.0071e+08	1.19282e+08	1.26382e+08	1.27183e+08	1.32285e+08
ERR613996	2.22305e+08	2.19957e+08	2.08821e+08	2.35247e+08	2.23184e+08	2.19699e+08	3.10793e+08	3.04353e+08	2.52203e+08	4.79313e+08	3.06264e+08	3.06185e+08	2.60545e+08	2.35205e+08	2.47584e+08	2.37469e+08	1.85664e+08	2.68071e+08	3.27959e+08	3.52446e+08	3.45224e+08	3.41672e+08	3.31557e+08	3.5185e+08	2.28853e+08	2.40142e+08	2.31835e+08	2.28048e+08	2.21785e+08	1.88172e+08	2.46967e+08	2.05413e+08	2.07127e+08	2.13817e+08	1.66174e+08	2.34921e+08	2.89792e+08	2.92746e+08	2.94112e+08	2.34165e+08	2.92938e+08	2.43604e+08	2.75914e+08	1.85729e+08	2.68124e+08	2.41791e+08	2.70363e+08	2.39727e+08	2.06811e+08	2.04978e+08	1.74792e+08	1.7587e+08	1.7257e+08	2.06346e+08	2.19492e+08	2.19245e+08	2.29388e+08	2.37423e+08	1.64374e+08	1.9127e+08	2.05328e+08	2.21871e+08	2.07071e+08	2.19347e+08	2.22632e+08	2.59931e+08	1.92247e+08	1.65439e+08	1.70838e+08	1.31816e+08	1.53832e+08	1.60528e+08	2.38958e+08	2.03954e+08	2.39174e+08	2.38277e+08	2.02068e+08	2.38166e+08	1.54541e+08	1.75774e+08	1.51433e+08	1.54399e+08	1.79223e+08	1.69067e+08	1.62246e+08	2.07245e+08	2.09241e+08	9.94528e+07	2.09815e+08	1.65269e+08	1.81143e+08	1.39166e+08	1.64105e+08	1.74396e+08	1.75828e+08	1.82493e+08
ERR614001	2.00096e+08	1.97804e+08	1.87975e+08	2.11763e+08	2.00852e+08	1.97708e+08	2.80909e+08	2.7706e+08	2.28451e+08	3.06264e+08	4.03406e+08	2.78598e+08	2.35814e+08	2.13064e+08	2.241e+08	2.15077e+08	1.68354e+08	2.427e+08	2.95994e+08	3.17911e+08	3.11424e+08	3.08345e+08	2.99326e+08	3.17485e+08	2.06421e+08	2.16682e+08	2.09237e+08	2.05621e+08	2.00179e+08	1.69905e+08	2.2333e+08	1.85857e+08	1.87507e+08	1.93349e+08	1.5059e+08	2.12349e+08	2.61675e+08	2.64589e+08	2.65632e+08	2.12028e+08	2.64578e+08	2.20504e+08	2.49337e+08	1.68109e+08	2.42163e+08	2.18809e+08	2.44356e+08	2.16627e+08	1.84624e+08	1.83118e+08	1.56144e+08	1.57069e+08	1.53988e+08	1.84372e+08	1.96901e+08	1.96803e+08	2.05736e+08	2.13068e+08	1.47594e+08	1.71727e+08	1.84753e+08	1.99546e+08	1.86111e+08	1.97116e+08	2.00061e+08	2.3337e+08	1.721e+08	1.48022e+08	1.52923e+08	1.17949e+08	1.37601e+08	1.43562e+08	2.13282e+08	1.82108e+08	2.13488e+08	2.12614e+08	1.80394e+08	2.12621e+08	1.37711e+08	1.56753e+08	1.34966e+08	1.37578e+08	1.59745e+08	1.50677e+08	1.44947e+08	1.8497e+08	1.86933e+08	8.90707e+07	1.87269e+08	1.47733e+08	1.61377e+08	1.24107e+08	1.46106e+08	1.55311e+08	1.56676e+08	1.62519e+08
ERR614000	2.00013e+08	1.97877e+08	1.88112e+08	2.11766e+08	2.00889e+08	1.9782e+08	2.8078e+08	2.7689e+08	2.28292e+08	3.06185e+08	2.78598e+08	4.03224e+08	2.35484e+08	2.12914e+08	2.23798e+08	2.14926e+08	1.682e+08	2.42492e+08	2.95587e+08	3.1758e+08	3.11016e+08	3.0803e+08	2.98768e+08	3.17058e+08	2.06382e+08	2.16642e+08	2.09276e+08	2.05653e+08	2.00207e+08	1.69968e+08	2.23204e+08	1.85778e+08	1.87448e+08	1.93273e+08	1.50547e+08	2.12331e+08	2.61659e+08	2.64502e+08	2.6563e+08	2.12122e+08	2.64583e+08	2.20414e+08	2.49258e+08	1.68028e+08	2.42087e+08	2.18596e+08	2.44236e+08	2.16414e+08	1.84917e+08	1.83302e+08	1.56334e+08	1.57293e+08	1.54034e+08	1.8454e+08	1.96953e+08	1.96783e+08	2.0584e+08	2.1294e+08	1.4767e+08	1.71721e+08	1.84669e+08	1.99562e+08	1.86246e+08	1.97149e+08	2.00222e+08	2.33536e+08	1.72164e+08	1.48139e+08	1.53004e+08	1.17961e+08	1.37675e+08	1.4372e+08	2.1328e+08	1.82387e+08	2.1366e+08	2.12833e+08	1.80585e+08	2.1265e+08	1.37713e+08	1.56861e+08	1.34998e+08	1.37746e+08	1.59977e+08	1.50887e+08	1.45122e+08	1.85183e+08	1.86984e+08	8.91833e+07	1.87434e+08	1.47868e+08	1.61528e+08	1.2409e+08	1.46219e+08	1.55415e+08	1.5687e+08	1.62666e+08
ERR613666	2.03546e+08	2.02034e+08	1.92094e+08	2.15147e+08	2.04436e+08	2.01256e+08	2.39229e+08	2.34216e+08	1.95269e+08	2.60545e+08	2.35814e+08	2.35484e+08	4.28136e+08	2.75172e+08	2.91323e+08	2.77712e+08	2.25076e+08	3.11622e+08	2.74933e+08	2.93592e+08	2.88443e+08	2.85186e+08	2.77119e+08	2.94291e+08	2.46044e+08	2.55871e+08	2.48417e+08	2.45549e+08	2.38797e+08	2.06159e+08	2.58158e+08	2.18091e+08	2.19921e+08	2.27613e+08	1.83854e+08	2.47261e+08	2.55904e+08	2.57952e+08	2.58693e+08	2.06814e+08	2.58273e+08	2.15423e+08	2.33056e+08	1.588e+08	2.27147e+08	2.05108e+08	2.28256e+08	2.03048e+08	1.73662e+08	1.72252e+08	1.46946e+08	1.48153e+08	1.46091e+08	1.73417e+08	2.21111e+08	2.20788e+08	2.30156e+08	2.37202e+08	1.71417e+08	1.95382e+08	1.73051e+08	1.87658e+08	1.74498e+08	1.84787e+08	1.87806e+08	2.19511e+08	1.59027e+08	1.38061e+08	1.41689e+08	1.10015e+08	1.28133e+08	1.33955e+08	2.03549e+08	1.73569e+08	2.03396e+08	2.02649e+08	1.72639e+08	2.02547e+08	1.46953e+08	1.64254e+08	1.43545e+08	1.47114e+08	1.67571e+08	1.59784e+08	1.36293e+08	1.75548e+08	1.7734e+08	8.29187e+07	1.77522e+08	1.38807e+08	1.7827e+08	1.35158e+08	1.62857e+08	1.71877e+08	1.71202e+08	1.79515e+08
ERR613669	1.83959e+08	1.82225e+08	1.73392e+08	1.94524e+08	1.84826e+08	1.8187e+08	2.1583e+08	2.11714e+08	1.75767e+08	2.35205e+08	2.13064e+08	2.12914e+08	2.75172e+08	3.62041e+08	2.63691e+08	2.54015e+08	2.05854e+08	2.82022e+08	2.46871e+08	2.6456e+08	2.5956e+08	2.56801e+08	2.49046e+08	2.64467e+08	2.23456e+08	2.3251e+08	2.2583e+08	2.22736e+08	2.1709e+08	1.87941e+08	2.35425e+08	1.99918e+08	2.01562e+08	2.07459e+08	1.68362e+08	2.25182e+08	2.30391e+08	2.32675e+08	2.3335e+08	1.86646e+08	2.32642e+08	1.93967e+08	2.09964e+08	1.42336e+08	2.04406e+08	1.84625e+08	2.05862e+08	1.82762e+08	1.57017e+08	1.55743e+08	1.32738e+08	1.33727e+08	1.31317e+08	1.56742e+08	2.0037e+08	2.00324e+08	2.08491e+08	2.15004e+08	1.56115e+08	1.77526e+08	1.55033e+08	1.67633e+08	1.56219e+08	1.65416e+08	1.67956e+08	1.96279e+08	1.44391e+08	1.24559e+08	1.28418e+08	9.9209e+07	1.1571e+08	1.20836e+08	1.8252e+08	1.55717e+08	1.82653e+08	1.81855e+08	1.54567e+08	1.81663e+08	1.31842e+08	1.48228e+08	1.28781e+08	1.31765e+08	1.51246e+08	1.43743e+08	1.22397e+08	1.56905e+08	1.58518e+08	7.49016e+07	1.58739e+08	1.24689e+08	1.61082e+08	1.22469e+08	1.46984e+08	1.55343e+08	1.54961e+08	1.6221e+08
ERR613667	1.93641e+08	1.92072e+08	1.82605e+08	2.0462e+08	1.94438e+08	1.91386e+08	2.27254e+08	2.22706e+08	1.85628e+08	2.47584e+08	2.241e+08	2.23798e+08	2.91323e+08	2.63691e+08	3.9565e+08	2.65951e+08	2.15827e+08	2.97672e+08	2.60979e+08	2.78786e+08	2.73857e+08	2.70854e+08	2.6299e+08	2.79183e+08	2.34767e+08	2.44164e+08	2.37131e+08	2.34419e+08	2.27987e+08	1.97074e+08	2.47112e+08	2.09055e+08	2.10727e+08	2.18019e+08	1.76439e+08	2.36609e+08	2.43163e+08	2.45193e+08	2.45818e+08	1.96862e+08	2.45383e+08	2.04811e+08	2.21421e+08	1.50775e+08	2.15609e+08	1.94822e+08	2.16827e+08	1.9274e+08	1.64695e+08	1.63365e+08	1.39488e+08	1.40428e+08	1.38427e+08	1.64479e+08	2.1095e+08	2.10595e+08	2.19579e+08	2.26122e+08	1.63918e+08	1.86586e+08	1.64255e+08	1.77992e+08	1.65552e+08	1.75309e+08	1.7807e+08	2.08153e+08	1.50828e+08	1.30822e+08	1.3445e+08	1.04378e+08	1.21538e+08	1.2701e+08	1.9297e+08	1.6473e+08	1.93069e+08	1.92209e+08	1.63679e+08	1.92145e+08	1.39893e+08	1.56346e+08	1.36599e+08	1.39908e+08	1.59541e+08	1.51999e+08	1.29414e+08	1.66389e+08	1.68068e+08	7.89134e+07	1.68184e+08	1.31722e+08	1.69874e+08	1.28888e+08	1.55311e+08	1.63868e+08	1.63326e+08	1.71205e+08
ERR613668	1.85655e+08	1.83909e+08	1.74926e+08	1.96217e+08	1.86425e+08	1.83518e+08	2.17917e+08	2.13723e+08	1.77537e+08	2.37469e+08	2.15077e+08	2.14926e+08	2.77712e+08	2.54015e+08	2.65951e+08	3.67143e+08	2.07589e+08	2.84323e+08	2.49274e+08	2.66928e+08	2.62095e+08	2.59226e+08	2.5148e+08	2.67055e+08	2.25492e+08	2.34572e+08	2.27879e+08	2.24854e+08	2.18971e+08	1.89654e+08	2.37366e+08	2.01612e+08	2.03258e+08	2.09395e+08	1.69764e+08	2.27066e+08	2.32558e+08	2.3507e+08	2.35764e+08	1.88511e+08	2.3491e+08	1.96064e+08	2.1213e+08	1.43818e+08	2.06451e+08	1.86483e+08	2.07849e+08	1.84506e+08	1.58002e+08	1.56735e+08	1.33659e+08	1.34521e+08	1.32175e+08	1.57751e+08	2.0164e+08	2.01663e+08	2.10089e+08	2.16522e+08	1.57072e+08	1.78781e+08	1.56252e+08	1.68928e+08	1.57464e+08	1.66783e+08	1.69464e+08	1.97838e+08	1.45274e+08	1.25428e+08	1.29296e+08	9.98556e+07	1.1643e+08	1.21671e+08	1.83734e+08	1.56848e+08	1.83792e+08	1.83076e+08	1.55627e+08	1.82918e+08	1.32866e+08	1.49196e+08	1.29814e+08	1.3282e+08	1.52252e+08	1.44643e+08	1.2321e+08	1.57901e+08	1.59625e+08	7.52965e+07	1.5983e+08	1.25499e+08	1.62196e+08	1.23235e+08	1.47991e+08	1.56388e+08	1.55903e+08	1.6332e+08
ERR613670	1.46006e+08	1.44676e+08	1.37753e+08	1.53984e+08	1.46577e+08	1.44414e+08	1.70667e+08	1.67248e+08	1.39713e+08	1.85664e+08	1.68354e+08	1.682e+08	2.25076e+08	2.05854e+08	2.15827e+08	2.07589e+08	2.56463e+08	2.29883e+08	1.94766e+08	2.08138e+08	2.04397e+08	2.02241e+08	1.96293e+08	2.08358e+08	1.82599e+08	1.89452e+08	1.84316e+08	1.8216e+08	1.77529e+08	1.54381e+08	1.92345e+08	1.64103e+08	1.65435e+08	1.70562e+08	1.39757e+08	1.84405e+08	1.82548e+08	1.84035e+08	1.84614e+08	1.48217e+08	1.84233e+08	1.54215e+08	1.65322e+08	1.12937e+08	1.60986e+08	1.45687e+08	1.61955e+08	1.44078e+08	1.21515e+08	1.20522e+08	1.02868e+08	1.03644e+08	1.02149e+08	1.21405e+08	1.62158e+08	1.62121e+08	1.68693e+08	1.73519e+08	1.27506e+08	1.44201e+08	1.21333e+08	1.31305e+08	1.22359e+08	1.29514e+08	1.31492e+08	1.53651e+08	1.1148e+08	9.65949e+07	9.93455e+07	7.71188e+07	8.97748e+07	9.37563e+07	1.42248e+08	1.21469e+08	1.4206e+08	1.41654e+08	1.20681e+08	1.41558e+08	1.05959e+08	1.18221e+08	1.03362e+08	1.05918e+08	1.20656e+08	1.15131e+08	9.54721e+07	1.22674e+08	1.2378e+08	5.83549e+07	1.23969e+08	9.72667e+07	1.29618e+08	9.81466e+07	1.18597e+08	1.25136e+08	1.24355e+08	1.30509e+08
ERR613665	2.0913e+08	2.07471e+08	1.97206e+08	2.21131e+08	2.10052e+08	2.06807e+08	2.46007e+08	2.41192e+08	2.00409e+08	2.68071e+08	2.427e+08	2.42492e+08	3.11622e+08	2.82022e+08	2.97672e+08	2.84323e+08	2.29883e+08	4.45931e+08	2.82516e+08	3.02208e+08	2.96879e+08	2.9357e+08	2.84862e+08	3.02763e+08	2.51669e+08	2.61996e+08	2.5413e+08	2.51011e+08	2.44224e+08	2.10751e+08	2.644e+08	2.23593e+08	2.25394e+08	2.32754e+08	1.87805e+08	2.53004e+08	2.62726e+08	2.65378e+08	2.66117e+08	2.12379e+08	2.65359e+08	2.21052e+08	2.39995e+08	1.62779e+08	2.33714e+08	2.11e+08	2.35022e+08	2.08797e+08	1.80132e+08	1.78514e+08	1.5242e+08	1.53496e+08	1.51132e+08	1.7985e+08	2.27092e+08	2.26912e+08	2.36511e+08	2.43908e+08	1.76011e+08	2.00849e+08	1.78533e+08	1.93237e+08	1.80081e+08	1.90651e+08	1.93713e+08	2.26298e+08	1.65387e+08	1.43137e+08	1.47227e+08	1.13865e+08	1.32926e+08	1.38813e+08	2.10397e+08	1.79394e+08	2.10247e+08	2.09467e+08	1.78135e+08	2.09303e+08	1.50873e+08	1.69105e+08	1.47352e+08	1.50879e+08	1.72551e+08	1.64172e+08	1.40751e+08	1.81088e+08	1.82777e+08	8.57827e+07	1.83111e+08	1.43406e+08	1.83253e+08	1.39213e+08	1.67202e+08	1.7682e+08	1.76305e+08	1.84625e+08
ERR618718	2.5116e+08	2.4915e+08	2.36467e+08	2.65815e+08	2.52163e+08	2.48198e+08	3.00094e+08	2.93946e+08	2.43011e+08	3.27959e+08	2.95994e+08	2.95587e+08	2.74933e+08	2.46871e+08	2.60979e+08	2.49274e+08	1.94766e+08	2.82516e+08	5.67715e+08	4.35152e+08	4.26659e+08	4.22126e+08	4.1159e+08	4.36231e+08	2.43287e+08	2.55015e+08	2.46343e+08	2.42822e+08	2.35477e+08	1.99704e+08	2.78554e+08	2.31782e+08	2.33819e+08	2.41502e+08	1.88441e+08	2.65743e+08	3.23089e+08	3.25678e+08	3.27495e+08	2.59695e+08	3.26779e+08	2.71301e+08	3.08527e+08	2.09877e+08	2.99965e+08	2.71276e+08	3.02187e+08	2.68542e+08	2.37731e+08	2.35863e+08	2.01355e+08	2.02596e+08	1.99549e+08	2.37506e+08	2.43248e+08	2.42647e+08	2.5376e+08	2.62843e+08	1.82182e+08	2.11793e+08	2.25329e+08	2.44134e+08	2.27271e+08	2.40866e+08	2.44468e+08	2.86511e+08	2.18315e+08	1.88801e+08	1.94425e+08	1.50823e+08	1.75553e+08	1.83388e+08	2.74955e+08	2.34498e+08	2.74799e+08	2.73704e+08	2.32818e+08	2.73716e+08	1.80769e+08	2.04144e+08	1.77161e+08	1.80869e+08	2.08097e+08	1.9723e+08	1.86186e+08	2.39123e+08	2.41403e+08	1.13466e+08	2.41872e+08	1.89686e+08	2.08788e+08	1.59772e+08	1.89811e+08	2.01021e+08	2.02174e+08	2.1038e+08
ERR618722	2.69344e+08	2.66845e+08	2.53432e+08	2.85281e+08	2.70419e+08	2.66267e+08	3.21673e+08	3.15765e+08	2.59777e+08	3.52446e+08	3.17911e+08	3.1758e+08	2.93592e+08	2.6456e+08	2.78786e+08	2.66928e+08	2.08138e+08	3.02208e+08	4.35152e+08	6.39923e+08	4.59285e+08	4.54457e+08	4.40259e+08	4.66492e+08	2.60603e+08	2.73348e+08	2.63886e+08	2.5959e+08	2.52294e+08	2.13865e+08	2.98058e+08	2.48181e+08	2.50156e+08	2.57742e+08	2.0105e+08	2.83786e+08	3.45868e+08	3.49225e+08	3.50961e+08	2.777e+08	3.49852e+08	2.89767e+08	3.31305e+08	2.24122e+08	3.2159e+08	2.90858e+08	3.24651e+08	2.87781e+08	2.56928e+08	2.54789e+08	2.17215e+08	2.186e+08	2.14697e+08	2.56519e+08	2.60104e+08	2.59849e+08	2.71854e+08	2.81441e+08	1.94885e+08	2.26686e+08	2.41292e+08	2.61188e+08	2.4338e+08	2.57988e+08	2.61931e+08	3.06888e+08	2.36487e+08	2.03601e+08	2.10255e+08	1.62248e+08	1.89342e+08	1.97647e+08	2.95339e+08	2.51885e+08	2.95546e+08	2.94342e+08	2.49924e+08	2.94169e+08	1.92816e+08	2.18763e+08	1.88909e+08	1.92839e+08	2.23219e+08	2.10802e+08	1.99994e+08	2.56337e+08	2.5888e+08	1.22105e+08	2.59492e+08	2.03778e+08	2.23475e+08	1.71353e+08	2.02717e+08	2.15204e+08	2.1667e+08	2.25188e+08
ERR618721	2.63915e+08	2.61834e+08	2.48587e+08	2.79657e+08	2.6504e+08	2.60949e+08	3.15397e+08	3.09469e+08	2.54926e+08	3.45224e+08	3.11424e+08	3.11016e+08	2.88443e+08	2.5956e+08	2.73857e+08	2.62095e+08	2.04397e+08	2.96879e+08	4.26659e+08	4.59285e+08	6.17226e+08	4.45287e+08	4.31365e+08	4.57078e+08	2.55781e+08	2.68062e+08	2.59065e+08	2.54978e+08	2.47646e+08	2.09894e+08	2.92461e+08	2.43482e+08	2.45445e+08	2.53039e+08	1.97531e+08	2.7846e+08	3.39194e+08	3.4229e+08	3.44005e+08	2.72428e+08	3.43086e+08	2.84417e+08	3.2445e+08	2.19883e+08	3.15349e+08	2.85082e+08	3.17992e+08	2.82254e+08	2.51173e+08	2.49074e+08	2.12451e+08	2.13894e+08	2.10209e+08	2.50829e+08	2.55358e+08	2.55037e+08	2.66781e+08	2.76207e+08	1.91436e+08	2.22595e+08	2.36725e+08	2.56246e+08	2.38727e+08	2.53153e+08	2.56927e+08	3.01089e+08	2.31041e+08	1.99258e+08	2.05643e+08	1.5891e+08	1.85169e+08	1.93597e+08	2.89351e+08	2.4687e+08	2.89298e+08	2.88156e+08	2.44835e+08	2.88127e+08	1.89293e+08	2.14488e+08	1.85432e+08	1.89362e+08	2.18731e+08	2.06787e+08	1.95943e+08	2.51225e+08	2.53726e+08	1.19458e+08	2.54305e+08	1.99535e+08	2.19243e+08	1.68019e+08	1.99039e+08	2.11009e+08	2.12533e+08	2.2103e+08
ERR618720	2.61179e+08	2.58794e+08	2.45716e+08	2.76514e+08	2.62076e+08	2.58079e+08	3.12161e+08	3.06305e+08	2.5244e+08	3.41672e+08	3.08345e+08	3.0803e+08	2.85186e+08	2.56801e+08	2.70854e+08	2.59226e+08	2.02241e+08	2.9357e+08	4.22126e+08	4.54457e+08	4.45287e+08	6.05523e+08	4.26611e+08	4.52031e+08	2.52914e+08	2.65336e+08	2.56198e+08	2.52167e+08	2.45011e+08	2.07723e+08	2.89516e+08	2.41051e+08	2.43184e+08	2.50624e+08	1.95603e+08	2.75809e+08	3.35655e+08	3.38664e+08	3.40473e+08	2.69566e+08	3.39565e+08	2.81482e+08	3.21156e+08	2.17594e+08	3.11971e+08	2.82019e+08	3.14789e+08	2.79218e+08	2.48358e+08	2.46384e+08	2.1017e+08	2.11475e+08	2.07831e+08	2.4798e+08	2.52662e+08	2.52246e+08	2.63921e+08	2.73309e+08	1.8937e+08	2.20069e+08	2.34164e+08	2.53495e+08	2.36254e+08	2.50247e+08	2.54084e+08	2.97686e+08	2.28435e+08	1.96999e+08	2.0322e+08	1.57051e+08	1.8315e+08	1.91309e+08	2.86002e+08	2.44094e+08	2.85923e+08	2.84865e+08	2.42066e+08	2.84799e+08	1.87161e+08	2.12112e+08	1.83305e+08	1.8715e+08	2.16219e+08	2.04356e+08	1.93656e+08	2.4829e+08	2.50781e+08	1.1812e+08	2.51343e+08	1.97279e+08	2.16715e+08	1.66134e+08	1.96666e+08	2.08685e+08	2.10021e+08	2.18347e+08
ERR618719	2.53789e+08	2.51621e+08	2.38945e+08	2.68698e+08	2.54808e+08	2.50816e+08	3.03237e+08	2.97352e+08	2.45265e+08	3.31557e+08	2.99326e+08	2.98768e+08	2.77119e+08	2.49046e+08	2.6299e+08	2.5148e+08	1.96293e+08	2.84862e+08	4.1159e+08	4.40259e+08	4.31365e+08	4.26611e+08	5.77432e+08	4.40664e+08	2.4535e+08	2.57076e+08	2.48391e+08	2.44575e+08	2.37292e+08	2.01189e+08	2.80858e+08	2.33616e+08	2.35603e+08	2.43186e+08	1.89896e+08	2.67663e+08	3.2639e+08	3.29064e+08	3.30787e+08	2.62258e+08	3.30077e+08	2.73899e+08	3.11774e+08	2.11987e+08	3.02987e+08	2.74224e+08	3.05509e+08	2.71332e+08	2.40618e+08	2.38712e+08	2.03557e+08	2.0501e+08	2.01638e+08	2.40164e+08	2.44651e+08	2.4428e+08	2.55441e+08	2.64515e+08	1.83176e+08	2.13094e+08	2.27402e+08	2.46357e+08	2.29431e+08	2.42986e+08	2.46655e+08	2.89188e+08	2.21228e+08	1.91034e+08	1.96774e+08	1.5249e+08	1.77476e+08	1.85434e+08	2.77682e+08	2.36999e+08	2.77652e+08	2.7662e+08	2.3516e+08	2.76588e+08	1.8192e+08	2.05818e+08	1.78319e+08	1.81943e+08	2.09894e+08	1.98654e+08	1.88066e+08	2.41434e+08	2.43871e+08	1.14708e+08	2.44279e+08	1.91669e+08	2.10298e+08	1.61061e+08	1.90875e+08	2.02329e+08	2.03612e+08	2.11749e+08
ERR618717	2.68947e+08	2.66597e+08	2.53119e+08	2.84939e+08	2.69917e+08	2.65779e+08	3.21432e+08	3.15188e+08	2.60051e+08	3.5185e+08	3.17485e+08	3.17058e+08	2.94291e+08	2.64467e+08	2.79183e+08	2.67055e+08	2.08358e+08	3.02763e+08	4.36231e+08	4.66492e+08	4.57078e+08	4.52031e+08	4.40664e+08	6.40765e+08	2.61012e+08	2.73742e+08	2.64077e+08	2.60228e+08	2.52358e+08	2.14072e+08	2.98058e+08	2.48133e+08	2.50117e+08	2.58025e+08	2.0113e+08	2.84005e+08	3.46184e+08	3.49218e+08	3.51122e+08	2.77913e+08	3.50176e+08	2.90218e+08	3.30656e+08	2.2414e+08	3.21374e+08	2.90505e+08	3.23919e+08	2.87592e+08	2.56433e+08	2.54141e+08	2.16901e+08	2.18417e+08	2.14819e+08	2.55842e+08	2.61421e+08	2.61026e+08	2.73014e+08	2.82816e+08	1.95792e+08	2.27644e+08	2.4235e+08	2.6234e+08	2.44443e+08	2.59112e+08	2.62949e+08	3.08128e+08	2.3562e+08	2.03429e+08	2.09674e+08	1.62227e+08	1.89193e+08	1.97589e+08	2.95773e+08	2.52485e+08	2.95796e+08	2.94574e+08	2.50509e+08	2.9461e+08	1.93807e+08	2.19374e+08	1.89909e+08	1.93881e+08	2.23754e+08	2.11752e+08	2.00276e+08	2.57125e+08	2.59703e+08	1.22115e+08	2.60237e+08	2.0415e+08	2.24225e+08	1.71794e+08	2.03557e+08	2.15963e+08	2.17339e+08	2.25892e+08
ERR612205	1.81521e+08	1.8008e+08	1.71222e+08	1.92028e+08	1.82353e+08	1.79472e+08	2.09433e+08	2.05147e+08	1.70038e+08	2.28853e+08	2.06421e+08	2.06382e+08	2.46044e+08	2.23456e+08	2.34767e+08	2.25492e+08	1.82599e+08	2.51669e+08	2.43287e+08	2.60603e+08	2.55781e+08	2.52914e+08	2.4535e+08	2.61012e+08	3.77594e+08	2.76466e+08	2.68151e+08	2.64727e+08	2.58301e+08	2.24852e+08	2.2891e+08	1.9408e+08	1.95632e+08	2.01927e+08	1.6344e+08	2.19423e+08	2.31498e+08	2.33501e+08	2.34304e+08	1.86926e+08	2.33699e+08	1.94672e+08	2.09601e+08	1.41683e+08	2.03917e+08	1.83848e+08	2.04975e+08	1.81932e+08	1.60454e+08	1.59152e+08	1.3564e+08	1.36596e+08	1.34397e+08	1.60152e+08	2.02794e+08	2.02661e+08	2.11161e+08	2.17552e+08	1.57457e+08	1.79497e+08	1.5819e+08	1.71433e+08	1.59423e+08	1.68855e+08	1.71677e+08	2.00862e+08	1.47152e+08	1.27152e+08	1.30935e+08	1.01172e+08	1.17923e+08	1.23401e+08	1.867e+08	1.59252e+08	1.87036e+08	1.86126e+08	1.58198e+08	1.8608e+08	1.32971e+08	1.48842e+08	1.29792e+08	1.33007e+08	1.52128e+08	1.44625e+08	1.24963e+08	1.61031e+08	1.62544e+08	7.57611e+07	1.62774e+08	1.27392e+08	1.641e+08	1.24295e+08	1.50019e+08	1.58302e+08	1.57669e+08	1.654e+08
ERR612203	1.90136e+08	1.88443e+08	1.79036e+08	2.01069e+08	1.90908e+08	1.87919e+08	2.19788e+08	2.15217e+08	1.78059e+08	2.40142e+08	2.16682e+08	2.16642e+08	2.55871e+08	2.3251e+08	2.44164e+08	2.34572e+08	1.89452e+08	2.61996e+08	2.55015e+08	2.73348e+08	2.68062e+08	2.65336e+08	2.57076e+08	2.73742e+08	2.76466e+08	4.0558e+08	2.78916e+08	2.75216e+08	2.68615e+08	2.33595e+08	2.383e+08	2.01977e+08	2.03626e+08	2.09951e+08	1.69443e+08	2.28197e+08	2.42182e+08	2.44505e+08	2.45411e+08	1.9546e+08	2.44585e+08	2.03506e+08	2.19763e+08	1.48044e+08	2.13804e+08	1.92527e+08	2.15063e+08	1.90629e+08	1.69472e+08	1.68102e+08	1.43141e+08	1.44128e+08	1.41656e+08	1.69183e+08	2.12303e+08	2.12076e+08	2.21184e+08	2.27962e+08	1.64462e+08	1.87706e+08	1.66509e+08	1.8022e+08	1.67873e+08	1.77676e+08	1.80655e+08	2.11408e+08	1.5566e+08	1.34229e+08	1.38246e+08	1.06656e+08	1.245e+08	1.30322e+08	1.96922e+08	1.67821e+08	1.97137e+08	1.96216e+08	1.66653e+08	1.96172e+08	1.39072e+08	1.56082e+08	1.35751e+08	1.39019e+08	1.59438e+08	1.5145e+08	1.31502e+08	1.69156e+08	1.70895e+08	7.97437e+07	1.71243e+08	1.34127e+08	1.7189e+08	1.30376e+08	1.56814e+08	1.65851e+08	1.65288e+08	1.73181e+08
ERR612206	1.84005e+08	1.82272e+08	1.73274e+08	1.94494e+08	1.84646e+08	1.818e+08	2.12229e+08	2.07874e+08	1.72108e+08	2.31835e+08	2.09237e+08	2.09276e+08	2.48417e+08	2.2583e+08	2.37131e+08	2.27879e+08	1.84316e+08	2.5413e+08	2.46343e+08	2.63886e+08	2.59065e+08	2.56198e+08	2.48391e+08	2.64077e+08	2.68151e+08	2.78916e+08	3.85064e+08	2.66759e+08	2.62346e+08	2.28155e+08	2.31252e+08	1.961e+08	1.97698e+08	2.03858e+08	1.64877e+08	2.21472e+08	2.3387e+08	2.35925e+08	2.36654e+08	1.88787e+08	2.36155e+08	1.96609e+08	2.12158e+08	1.4319e+08	2.06432e+08	1.86081e+08	2.07566e+08	1.84162e+08	1.62984e+08	1.61594e+08	1.37625e+08	1.38629e+08	1.36239e+08	1.62601e+08	2.04919e+08	2.04939e+08	2.13697e+08	2.2009e+08	1.59149e+08	1.81517e+08	1.60065e+08	1.73299e+08	1.61282e+08	1.70821e+08	1.73672e+08	2.03171e+08	1.49444e+08	1.29005e+08	1.32789e+08	1.02439e+08	1.19702e+08	1.25177e+08	1.89185e+08	1.61357e+08	1.89453e+08	1.88597e+08	1.6021e+08	1.88437e+08	1.34327e+08	1.50509e+08	1.31123e+08	1.34366e+08	1.53915e+08	1.46222e+08	1.26531e+08	1.62884e+08	1.64575e+08	7.67742e+07	1.64836e+08	1.28989e+08	1.65989e+08	1.25741e+08	1.51506e+08	1.59969e+08	1.59423e+08	1.67188e+08
ERR612204	1.80923e+08	1.79502e+08	1.70539e+08	1.91378e+08	1.81698e+08	1.78763e+08	2.08822e+08	2.04337e+08	1.69737e+08	2.28048e+08	2.05621e+08	2.05653e+08	2.45549e+08	2.22736e+08	2.34419e+08	2.24854e+08	1.8216e+08	2.51011e+08	2.42822e+08	2.5959e+08	2.54978e+08	2.52167e+08	2.44575e+08	2.60228e+08	2.64727e+08	2.75216e+08	2.66759e+08	3.75289e+08	2.56994e+08	2.23761e+08	2.28271e+08	1.93345e+08	1.94923e+08	2.01509e+08	1.63019e+08	2.18806e+08	2.30532e+08	2.32501e+08	2.33389e+08	1.86231e+08	2.32761e+08	1.941e+08	2.08669e+08	1.41436e+08	2.03096e+08	1.83095e+08	2.0414e+08	1.81254e+08	1.59992e+08	1.58673e+08	1.35337e+08	1.36238e+08	1.34163e+08	1.59762e+08	2.03128e+08	2.02777e+08	2.11453e+08	2.17704e+08	1.57409e+08	1.79616e+08	1.58202e+08	1.71525e+08	1.59483e+08	1.68833e+08	1.71755e+08	2.00906e+08	1.46514e+08	1.26887e+08	1.30321e+08	1.00914e+08	1.17667e+08	1.23063e+08	1.86803e+08	1.5919e+08	1.86932e+08	1.86157e+08	1.58367e+08	1.86003e+08	1.33314e+08	1.48932e+08	1.30113e+08	1.33387e+08	1.52228e+08	1.44948e+08	1.24944e+08	1.61013e+08	1.6272e+08	7.56262e+07	1.62998e+08	1.27345e+08	1.64442e+08	1.24412e+08	1.50229e+08	1.58638e+08	1.57798e+08	1.65646e+08
ERR612208	1.76113e+08	1.74462e+08	1.65939e+08	1.86169e+08	1.76821e+08	1.73984e+08	2.0293e+08	1.98848e+08	1.64574e+08	2.21785e+08	2.00179e+08	2.00207e+08	2.38797e+08	2.1709e+08	2.27987e+08	2.18971e+08	1.77529e+08	2.44224e+08	2.35477e+08	2.52294e+08	2.47646e+08	2.45011e+08	2.37292e+08	2.52358e+08	2.58301e+08	2.68615e+08	2.62346e+08	2.56994e+08	3.60794e+08	2.20099e+08	2.22457e+08	1.88821e+08	1.9043e+08	1.96263e+08	1.59011e+08	2.13065e+08	2.23918e+08	2.2601e+08	2.26738e+08	1.809e+08	2.26114e+08	1.88358e+08	2.02962e+08	1.37038e+08	1.97509e+08	1.7791e+08	1.98567e+08	1.76148e+08	1.55765e+08	1.54485e+08	1.31594e+08	1.32508e+08	1.30265e+08	1.55556e+08	1.97052e+08	1.96992e+08	2.0527e+08	2.11394e+08	1.5321e+08	1.74501e+08	1.52941e+08	1.65716e+08	1.54254e+08	1.63311e+08	1.66022e+08	1.94189e+08	1.43137e+08	1.23376e+08	1.27108e+08	9.80704e+07	1.14465e+08	1.19664e+08	1.80822e+08	1.54199e+08	1.80994e+08	1.80305e+08	1.53171e+08	1.80325e+08	1.2881e+08	1.44349e+08	1.25662e+08	1.28761e+08	1.47557e+08	1.40092e+08	1.20963e+08	1.55651e+08	1.57291e+08	7.33869e+07	1.5752e+08	1.23298e+08	1.59316e+08	1.2066e+08	1.45428e+08	1.53643e+08	1.53039e+08	1.60542e+08
ERR612207	1.49427e+08	1.48052e+08	1.40862e+08	1.57864e+08	1.50007e+08	1.47746e+08	1.72341e+08	1.68827e+08	1.39897e+08	1.88172e+08	1.69905e+08	1.69968e+08	2.06159e+08	1.87941e+08	1.97074e+08	1.89654e+08	1.54381e+08	2.10751e+08	1.99704e+08	2.13865e+08	2.09894e+08	2.07723e+08	2.01189e+08	2.14072e+08	2.24852e+08	2.33595e+08	2.28155e+08	2.23761e+08	2.20099e+08	2.83742e+08	1.92437e+08	1.63967e+08	1.65301e+08	1.70348e+08	1.38783e+08	1.84493e+08	1.90299e+08	1.91884e+08	1.92711e+08	1.5404e+08	1.92213e+08	1.60255e+08	1.7203e+08	1.16358e+08	1.67421e+08	1.50928e+08	1.68376e+08	1.49309e+08	1.31262e+08	1.30188e+08	1.10878e+08	1.11669e+08	1.09724e+08	1.31054e+08	1.69986e+08	1.69881e+08	1.7697e+08	1.82031e+08	1.32967e+08	1.50992e+08	1.29311e+08	1.40132e+08	1.30402e+08	1.38057e+08	1.40473e+08	1.6415e+08	1.20476e+08	1.03927e+08	1.07094e+08	8.26497e+07	9.65935e+07	1.00889e+08	1.52298e+08	1.29926e+08	1.5261e+08	1.51955e+08	1.29084e+08	1.51784e+08	1.10166e+08	1.23188e+08	1.07461e+08	1.10022e+08	1.26018e+08	1.19816e+08	1.01968e+08	1.3123e+08	1.32663e+08	6.18934e+07	1.3292e+08	1.03904e+08	1.36828e+08	1.03488e+08	1.25005e+08	1.32059e+08	1.31135e+08	1.37812e+08
ERR613329	2.02472e+08	2.00476e+08	1.90842e+08	2.13814e+08	2.03224e+08	1.99962e+08	2.26186e+08	2.21775e+08	1.83497e+08	2.46967e+08	2.2333e+08	2.23204e+08	2.58158e+08	2.35425e+08	2.47112e+08	2.37366e+08	1.92345e+08	2.644e+08	2.78554e+08	2.98058e+08	2.92461e+08	2.89516e+08	2.80858e+08	2.98058e+08	2.2891e+08	2.383e+08	2.31252e+08	2.28271e+08	2.22457e+08	1.92437e+08	4.15633e+08	2.46419e+08	2.48114e+08	2.56026e+08	2.05577e+08	2.78411e+08	2.66047e+08	2.68431e+08	2.69389e+08	2.15763e+08	2.68803e+08	2.24308e+08	2.48415e+08	1.69319e+08	2.41619e+08	2.18776e+08	2.43286e+08	2.16462e+08	1.86301e+08	1.84796e+08	1.57841e+08	1.59022e+08	1.56057e+08	1.85968e+08	2.24066e+08	2.23641e+08	2.3299e+08	2.40373e+08	1.73788e+08	1.98084e+08	1.83434e+08	1.98055e+08	1.84896e+08	1.95595e+08	1.98593e+08	2.31534e+08	1.75129e+08	1.51174e+08	1.56016e+08	1.20843e+08	1.40559e+08	1.46745e+08	2.1611e+08	1.84725e+08	2.16294e+08	2.15341e+08	1.83355e+08	2.15326e+08	1.52172e+08	1.71142e+08	1.48724e+08	1.52102e+08	1.74753e+08	1.65832e+08	1.45858e+08	1.86241e+08	1.8811e+08	8.96088e+07	1.88523e+08	1.48693e+08	1.82894e+08	1.39437e+08	1.67005e+08	1.76532e+08	1.76221e+08	1.84335e+08
ERR613332	1.69467e+08	1.67776e+08	1.5986e+08	1.78869e+08	1.70154e+08	1.67488e+08	1.88243e+08	1.84727e+08	1.52482e+08	2.05413e+08	1.85857e+08	1.85778e+08	2.18091e+08	1.99918e+08	2.09055e+08	2.01612e+08	1.64103e+08	2.23593e+08	2.31782e+08	2.48181e+08	2.43482e+08	2.41051e+08	2.33616e+08	2.48133e+08	1.9408e+08	2.01977e+08	1.961e+08	1.93345e+08	1.88821e+08	1.63967e+08	2.46419e+08	3.12335e+08	2.13237e+08	2.17619e+08	1.77174e+08	2.36166e+08	2.22314e+08	2.24517e+08	2.25289e+08	1.80728e+08	2.24537e+08	1.87599e+08	2.06915e+08	1.4108e+08	2.01288e+08	1.82413e+08	2.02955e+08	1.80452e+08	1.54438e+08	1.53057e+08	1.3064e+08	1.31559e+08	1.29037e+08	1.54161e+08	1.88664e+08	1.88557e+08	1.96296e+08	2.0241e+08	1.47377e+08	1.67475e+08	1.51444e+08	1.63271e+08	1.52672e+08	1.61453e+08	1.63777e+08	1.91082e+08	1.45965e+08	1.25647e+08	1.29817e+08	1.00392e+08	1.1687e+08	1.21969e+08	1.78313e+08	1.52502e+08	1.78625e+08	1.77881e+08	1.51245e+08	1.77789e+08	1.26945e+08	1.42828e+08	1.23809e+08	1.26616e+08	1.45993e+08	1.38352e+08	1.2047e+08	1.53361e+08	1.54938e+08	7.42337e+07	1.55378e+08	1.22791e+08	1.53423e+08	1.17042e+08	1.40013e+08	1.48337e+08	1.47742e+08	1.54669e+08
ERR613333	1.71085e+08	1.69145e+08	1.61304e+08	1.80441e+08	1.71593e+08	1.68959e+08	1.89731e+08	1.8625e+08	1.53903e+08	2.07127e+08	1.87507e+08	1.87448e+08	2.19921e+08	2.01562e+08	2.10727e+08	2.03258e+08	1.65435e+08	2.25394e+08	2.33819e+08	2.50156e+08	2.45445e+08	2.43184e+08	2.35603e+08	2.50117e+08	1.95632e+08	2.03626e+08	1.97698e+08	1.94923e+08	1.9043e+08	1.65301e+08	2.48114e+08	2.13237e+08	3.15631e+08	2.19083e+08	1.78173e+08	2.37745e+08	2.24252e+08	2.26321e+08	2.2714e+08	1.82273e+08	2.26663e+08	1.89352e+08	2.08661e+08	1.42298e+08	2.03042e+08	1.83959e+08	2.04465e+08	1.81971e+08	1.55489e+08	1.54207e+08	1.3163e+08	1.32613e+08	1.29935e+08	1.55142e+08	1.89966e+08	1.89784e+08	1.97448e+08	2.03735e+08	1.48276e+08	1.6852e+08	1.52539e+08	1.64575e+08	1.53773e+08	1.62796e+08	1.64999e+08	1.92461e+08	1.46756e+08	1.26301e+08	1.30655e+08	1.01006e+08	1.17528e+08	1.22684e+08	1.79668e+08	1.53714e+08	1.79936e+08	1.79139e+08	1.52384e+08	1.79149e+08	1.27996e+08	1.43893e+08	1.24906e+08	1.27771e+08	1.47101e+08	1.3939e+08	1.21306e+08	1.54548e+08	1.56146e+08	7.48028e+07	1.56584e+08	1.23698e+08	1.54435e+08	1.17819e+08	1.40983e+08	1.49318e+08	1.48872e+08	1.55709e+08
