	ERR605689	ERR605691	ERR605693	ERR605692	ERR605690	ERR605694	ERR608871	ERR608872	ERR608875	ERR608873	ERR608876	ERR608874	ERR617026	ERR617023	ERR617022	ERR617024	ERR617025	ERR617021	ERR636667	ERR636669	ERR636668	ERR636672	ERR636670	ERR636671	ERR612254	ERR612251	ERR612252	ERR612253	ERR612255	ERR612256	ERR605270	ERR605267	ERR605269	ERR605268	ERR605266	ERR605265	ERR636729	ERR636728	ERR636730	ERR636732	ERR636727	ERR636731	ERR608837	ERR608839	ERR608836	ERR608838	ERR608840	ERR608835	ERR638175	ERR638174	ERR638173	ERR638176	ERR638172	ERR638171	ERR618521	ERR618524	ERR618523	ERR618520	ERR618519	ERR618522	ERR617330	ERR617329	ERR617326	ERR617327	ERR617325	ERR617328	ERR612191	ERR612192	ERR612195	ERR612194	ERR612193	ERR612196	ERR626676	ERR626679	ERR626675	ERR626677	ERR626678	ERR626674	ERR608823	ERR608825	ERR608828	ERR608826	ERR608827	ERR608824	ERR629896	ERR629893	ERR629897	ERR629895	ERR629892	ERR629894	ERR612992	ERR612991	ERR612988	ERR612989	ERR612987	ERR612990
ERR605689	5.22922e+08	3.36194e+08	2.43631e+08	3.05398e+08	3.48724e+08	2.54402e+08	1.68342e+08	2.32595e+08	1.88752e+08	2.53087e+08	1.84631e+08	1.91942e+08	2.66516e+08	3.09209e+08	3.02036e+08	2.66988e+08	2.61805e+08	2.87935e+08	2.82121e+08	3.15354e+08	3.20868e+08	2.62745e+08	2.68e+08	2.60613e+08	2.88069e+08	3.02121e+08	2.87182e+08	2.90627e+08	2.32566e+08	2.76292e+08	2.67432e+08	2.02315e+08	2.58003e+08	2.55065e+08	2.88116e+08	3.06996e+08	2.42386e+08	2.40978e+08	2.27473e+08	2.33335e+08	2.21102e+08	2.28605e+08	3.77355e+08	2.81205e+08	3.77402e+08	2.80149e+08	2.84626e+08	3.54406e+08	2.05003e+08	2.04831e+08	1.44915e+08	1.89718e+08	1.52145e+08	1.47766e+08	1.92716e+08	1.79303e+08	1.79136e+08	1.87484e+08	2.0339e+08	1.92176e+08	2.27391e+08	2.25312e+08	1.92102e+08	1.93292e+08	1.88437e+08	2.26732e+08	2.38951e+08	2.26669e+08	1.88116e+08	2.26737e+08	2.27609e+08	2.18972e+08	1.47588e+08	1.85633e+08	1.87368e+08	1.84543e+08	1.85887e+08	2.07285e+08	1.25574e+08	2.07274e+08	1.92696e+08	1.933e+08	1.92636e+08	1.92498e+08	2.16556e+08	2.09378e+08	2.15259e+08	2.30857e+08	1.71418e+08	1.79235e+08	2.50474e+08	2.59419e+08	2.17079e+08	2.11797e+08	2.18757e+08	2.53886e+08
ERR605691	3.36194e+08	4.32607e+08	2.19493e+08	2.7405e+08	3.12496e+08	2.2889e+08	1.50538e+08	2.07423e+08	1.68434e+08	2.25597e+08	1.64884e+08	1.71357e+08	2.39845e+08	2.77519e+08	2.71207e+08	2.4033e+08	2.35535e+08	2.58655e+08	2.52091e+08	2.81459e+08	2.86215e+08	2.35163e+08	2.39575e+08	2.33149e+08	2.57539e+08	2.69773e+08	2.56797e+08	2.59742e+08	2.08171e+08	2.46884e+08	2.41502e+08	1.83265e+08	2.33013e+08	2.30445e+08	2.59513e+08	2.76323e+08	2.16672e+08	2.15344e+08	2.03295e+08	2.08446e+08	1.97606e+08	2.04246e+08	3.38899e+08	2.53207e+08	3.38699e+08	2.52126e+08	2.56195e+08	3.18556e+08	1.82783e+08	1.82635e+08	1.29358e+08	1.69352e+08	1.35848e+08	1.31738e+08	1.73725e+08	1.61641e+08	1.61444e+08	1.69086e+08	1.83104e+08	1.73053e+08	2.01861e+08	2.00134e+08	1.70656e+08	1.71714e+08	1.67549e+08	2.0137e+08	2.15082e+08	2.04485e+08	1.69995e+08	2.04396e+08	2.05153e+08	1.97442e+08	1.31713e+08	1.65283e+08	1.66784e+08	1.64266e+08	1.65509e+08	1.84564e+08	1.12138e+08	1.84556e+08	1.71527e+08	1.7221e+08	1.71476e+08	1.71461e+08	1.9206e+08	1.8532e+08	1.90829e+08	2.04646e+08	1.51753e+08	1.58818e+08	2.23979e+08	2.31742e+08	1.94437e+08	1.89859e+08	1.95776e+08	2.26964e+08
ERR605693	2.43631e+08	2.19493e+08	2.54895e+08	2.00102e+08	2.27215e+08	1.69522e+08	1.10796e+08	1.5108e+08	1.22833e+08	1.63829e+08	1.20267e+08	1.24955e+08	1.76878e+08	2.02366e+08	1.97736e+08	1.76928e+08	1.73571e+08	1.89559e+08	1.83072e+08	2.04539e+08	2.07321e+08	1.71219e+08	1.74362e+08	1.69725e+08	1.87184e+08	1.95765e+08	1.87077e+08	1.88841e+08	1.51456e+08	1.79536e+08	1.78096e+08	1.35338e+08	1.7206e+08	1.70066e+08	1.90606e+08	2.02679e+08	1.57792e+08	1.56338e+08	1.47957e+08	1.51628e+08	1.43928e+08	1.48656e+08	2.46048e+08	1.83977e+08	2.45715e+08	1.83124e+08	1.86056e+08	2.31769e+08	1.31952e+08	1.31832e+08	9.34908e+07	1.23156e+08	9.83153e+07	9.53785e+07	1.26381e+08	1.17315e+08	1.1715e+08	1.23233e+08	1.33067e+08	1.25492e+08	1.439e+08	1.42742e+08	1.21965e+08	1.22801e+08	1.20532e+08	1.43594e+08	1.56506e+08	1.49095e+08	1.24013e+08	1.48832e+08	1.49584e+08	1.43791e+08	9.53219e+07	1.18574e+08	1.19953e+08	1.17821e+08	1.18702e+08	1.32431e+08	8.13174e+07	1.32366e+08	1.23419e+08	1.23798e+08	1.23429e+08	1.23459e+08	1.36471e+08	1.30561e+08	1.35636e+08	1.45508e+08	1.07173e+08	1.11673e+08	1.60185e+08	1.65535e+08	1.39293e+08	1.36007e+08	1.39965e+08	1.62055e+08
ERR605692	3.05398e+08	2.7405e+08	2.00102e+08	3.66535e+08	2.83887e+08	2.08866e+08	1.36185e+08	1.87852e+08	1.52816e+08	2.04591e+08	1.49642e+08	1.55509e+08	2.16431e+08	2.51238e+08	2.45397e+08	2.16905e+08	2.12781e+08	2.33722e+08	2.28744e+08	2.55285e+08	2.59887e+08	2.13063e+08	2.17165e+08	2.11331e+08	2.33463e+08	2.44601e+08	2.3249e+08	2.35374e+08	1.88751e+08	2.23913e+08	2.17558e+08	1.65125e+08	2.09896e+08	2.07519e+08	2.34061e+08	2.49287e+08	1.96186e+08	1.95111e+08	1.84339e+08	1.88901e+08	1.7917e+08	1.85197e+08	3.05677e+08	2.29119e+08	3.05748e+08	2.28218e+08	2.31742e+08	2.87273e+08	1.64592e+08	1.64369e+08	1.1647e+08	1.5206e+08	1.22321e+08	1.1857e+08	1.55792e+08	1.45178e+08	1.45125e+08	1.51426e+08	1.6421e+08	1.55392e+08	1.82966e+08	1.81264e+08	1.54571e+08	1.5562e+08	1.51455e+08	1.82408e+08	1.92742e+08	1.82867e+08	1.52137e+08	1.83047e+08	1.83694e+08	1.76893e+08	1.18508e+08	1.49237e+08	1.50526e+08	1.48328e+08	1.4943e+08	1.66554e+08	1.00585e+08	1.66232e+08	1.54577e+08	1.54975e+08	1.5449e+08	1.54322e+08	1.74272e+08	1.68918e+08	1.73112e+08	1.85624e+08	1.38206e+08	1.44823e+08	2.03045e+08	2.10448e+08	1.76164e+08	1.72033e+08	1.77552e+08	2.05908e+08
ERR605690	3.48724e+08	3.12496e+08	2.27215e+08	2.83887e+08	4.59781e+08	2.37125e+08	1.56721e+08	2.15929e+08	1.75256e+08	2.35002e+08	1.71588e+08	1.78376e+08	2.48491e+08	2.87676e+08	2.80958e+08	2.48985e+08	2.44161e+08	2.68237e+08	2.61997e+08	2.9281e+08	2.97552e+08	2.44124e+08	2.48873e+08	2.42114e+08	2.67727e+08	2.8048e+08	2.66792e+08	2.69881e+08	2.16309e+08	2.56593e+08	2.49531e+08	1.88909e+08	2.40607e+08	2.37894e+08	2.68381e+08	2.85945e+08	2.25239e+08	2.23704e+08	2.11354e+08	2.16746e+08	2.05446e+08	2.12467e+08	3.50157e+08	2.61212e+08	3.50119e+08	2.60148e+08	2.6433e+08	3.2928e+08	1.8987e+08	1.8982e+08	1.34347e+08	1.76103e+08	1.41156e+08	1.36889e+08	1.79334e+08	1.66635e+08	1.66532e+08	1.7448e+08	1.89108e+08	1.78559e+08	2.09738e+08	2.07899e+08	1.77198e+08	1.78514e+08	1.74271e+08	2.09201e+08	2.22271e+08	2.11027e+08	1.75044e+08	2.10853e+08	2.11902e+08	2.03852e+08	1.36785e+08	1.71515e+08	1.73278e+08	1.70477e+08	1.71804e+08	1.91671e+08	1.16494e+08	1.91752e+08	1.78247e+08	1.78834e+08	1.78269e+08	1.78244e+08	1.99716e+08	1.92615e+08	1.98541e+08	2.12979e+08	1.57798e+08	1.64877e+08	2.31827e+08	2.40071e+08	2.01023e+08	1.96304e+08	2.02343e+08	2.35041e+08
ERR605694	2.54402e+08	2.2889e+08	1.69522e+08	2.08866e+08	2.37125e+08	2.72799e+08	1.15827e+08	1.58252e+08	1.28643e+08	1.7164e+08	1.25946e+08	1.30825e+08	1.84121e+08	2.11104e+08	2.06432e+08	1.842e+08	1.80875e+08	1.97576e+08	1.91804e+08	2.14361e+08	2.17254e+08	1.79156e+08	1.82657e+08	1.77728e+08	1.95697e+08	2.04826e+08	1.95424e+08	1.97572e+08	1.58435e+08	1.87706e+08	1.85141e+08	1.40569e+08	1.78835e+08	1.76838e+08	1.98428e+08	2.11058e+08	1.65303e+08	1.63821e+08	1.54981e+08	1.58776e+08	1.50748e+08	1.55793e+08	2.57149e+08	1.92046e+08	2.5662e+08	1.91152e+08	1.9413e+08	2.42083e+08	1.38066e+08	1.37998e+08	9.78442e+07	1.28734e+08	1.02843e+08	9.97853e+07	1.31509e+08	1.21953e+08	1.21954e+08	1.28163e+08	1.38493e+08	1.30679e+08	1.5083e+08	1.49652e+08	1.27813e+08	1.28668e+08	1.26068e+08	1.50659e+08	1.63063e+08	1.55336e+08	1.29054e+08	1.55032e+08	1.55778e+08	1.49802e+08	9.98584e+07	1.24367e+08	1.25659e+08	1.23588e+08	1.24505e+08	1.38915e+08	8.50905e+07	1.38807e+08	1.29216e+08	1.29638e+08	1.29255e+08	1.29273e+08	1.43208e+08	1.37362e+08	1.42337e+08	1.52729e+08	1.12748e+08	1.17471e+08	1.67424e+08	1.72959e+08	1.45567e+08	1.42159e+08	1.46376e+08	1.69523e+08
ERR608871	1.68342e+08	1.50538e+08	1.10796e+08	1.36185e+08	1.56721e+08	1.15827e+08	2.60993e+08	2.17885e+08	1.81325e+08	2.32646e+08	1.78082e+08	1.84307e+08	1.80675e+08	2.0475e+08	2.00277e+08	1.80327e+08	1.77096e+08	1.93437e+08	1.7688e+08	1.97828e+08	1.98973e+08	1.66519e+08	1.69765e+08	1.6522e+08	1.97912e+08	2.06102e+08	1.9779e+08	1.99507e+08	1.60381e+08	1.89334e+08	1.56636e+08	1.1375e+08	1.50526e+08	1.48583e+08	1.67242e+08	1.78834e+08	1.7294e+08	1.70326e+08	1.61893e+08	1.65602e+08	1.57585e+08	1.62265e+08	2.03646e+08	1.45185e+08	2.02411e+08	1.44498e+08	1.47106e+08	1.9113e+08	1.23238e+08	1.23087e+08	8.69153e+07	1.16175e+08	9.15301e+07	8.90115e+07	1.04007e+08	9.42844e+07	9.41597e+07	1.01418e+08	1.1016e+08	1.02103e+08	1.32656e+08	1.31711e+08	1.12598e+08	1.13358e+08	1.12338e+08	1.32654e+08	1.35233e+08	1.29024e+08	1.04079e+08	1.28133e+08	1.29182e+08	1.23358e+08	9.14088e+07	1.12046e+08	1.14033e+08	1.11343e+08	1.12223e+08	1.25929e+08	8.06117e+07	1.2802e+08	1.19563e+08	1.19852e+08	1.19478e+08	1.20127e+08	1.27496e+08	1.19647e+08	1.26763e+08	1.3609e+08	9.85175e+07	1.01902e+08	1.28655e+08	1.33324e+08	1.10949e+08	1.07677e+08	1.1132e+08	1.30777e+08
ERR608872	2.32595e+08	2.07423e+08	1.5108e+08	1.87852e+08	2.15929e+08	1.58252e+08	2.17885e+08	4.12342e+08	2.35898e+08	3.06773e+08	2.31671e+08	2.40032e+08	2.42483e+08	2.7802e+08	2.71702e+08	2.42304e+08	2.37988e+08	2.61192e+08	2.40342e+08	2.68791e+08	2.71493e+08	2.25546e+08	2.30002e+08	2.238e+08	2.6866e+08	2.80381e+08	2.67963e+08	2.70734e+08	2.17213e+08	2.56975e+08	2.11677e+08	1.54131e+08	2.03408e+08	2.00904e+08	2.27452e+08	2.43261e+08	2.32771e+08	2.29731e+08	2.17886e+08	2.23034e+08	2.12047e+08	2.18645e+08	2.79686e+08	1.99983e+08	2.78424e+08	1.99115e+08	2.02671e+08	2.61717e+08	1.69556e+08	1.69316e+08	1.19514e+08	1.5885e+08	1.25662e+08	1.21964e+08	1.43449e+08	1.30603e+08	1.30475e+08	1.39601e+08	1.51971e+08	1.41553e+08	1.85286e+08	1.83769e+08	1.56774e+08	1.57875e+08	1.55758e+08	1.85142e+08	1.8611e+08	1.76939e+08	1.43007e+08	1.76338e+08	1.77326e+08	1.6945e+08	1.25564e+08	1.55292e+08	1.5761e+08	1.54326e+08	1.55441e+08	1.74303e+08	1.09574e+08	1.76726e+08	1.64767e+08	1.65107e+08	1.64476e+08	1.65318e+08	1.78776e+08	1.6941e+08	1.77814e+08	1.90788e+08	1.39194e+08	1.44443e+08	1.81548e+08	1.88227e+08	1.56297e+08	1.51758e+08	1.57048e+08	1.84509e+08
ERR608875	1.88752e+08	1.68434e+08	1.22833e+08	1.52816e+08	1.75256e+08	1.28643e+08	1.81325e+08	2.35898e+08	2.98985e+08	2.52968e+08	1.94153e+08	2.00968e+08	1.97064e+08	2.25971e+08	2.20801e+08	1.96986e+08	1.93441e+08	2.12217e+08	1.95058e+08	2.17915e+08	2.20251e+08	1.83142e+08	1.86568e+08	1.81556e+08	2.18409e+08	2.27775e+08	2.17818e+08	2.20017e+08	1.76803e+08	2.08927e+08	1.71358e+08	1.24985e+08	1.6454e+08	1.62717e+08	1.84147e+08	1.96863e+08	1.89222e+08	1.86982e+08	1.77388e+08	1.81562e+08	1.72614e+08	1.78017e+08	2.25167e+08	1.61477e+08	2.24307e+08	1.6083e+08	1.63683e+08	2.1079e+08	1.35569e+08	1.35369e+08	9.55305e+07	1.26801e+08	1.00462e+08	9.75267e+07	1.14879e+08	1.04681e+08	1.04558e+08	1.11713e+08	1.21695e+08	1.1341e+08	1.48475e+08	1.47366e+08	1.25779e+08	1.26668e+08	1.24821e+08	1.48505e+08	1.48838e+08	1.41488e+08	1.14452e+08	1.41037e+08	1.41824e+08	1.35549e+08	1.00324e+08	1.2434e+08	1.26108e+08	1.2351e+08	1.24584e+08	1.39547e+08	8.76373e+07	1.41602e+08	1.32033e+08	1.32247e+08	1.31862e+08	1.3235e+08	1.43681e+08	1.36344e+08	1.42869e+08	1.53187e+08	1.11994e+08	1.16368e+08	1.46361e+08	1.51815e+08	1.25981e+08	1.22341e+08	1.26639e+08	1.48743e+08
ERR608873	2.53087e+08	2.25597e+08	1.63829e+08	2.04591e+08	2.35002e+08	1.7164e+08	2.32646e+08	3.06773e+08	2.52968e+08	4.68055e+08	2.48159e+08	2.57296e+08	2.618e+08	3.01203e+08	2.9435e+08	2.61687e+08	2.56891e+08	2.82687e+08	2.60417e+08	2.91051e+08	2.9447e+08	2.44156e+08	2.49063e+08	2.42291e+08	2.90762e+08	3.03878e+08	2.90227e+08	2.93054e+08	2.34975e+08	2.78256e+08	2.29112e+08	1.6694e+08	2.20082e+08	2.17469e+08	2.46535e+08	2.6378e+08	2.51817e+08	2.48768e+08	2.35652e+08	2.41268e+08	2.29247e+08	2.36434e+08	3.03818e+08	2.17529e+08	3.02829e+08	2.16569e+08	2.20528e+08	2.84329e+08	1.84297e+08	1.83826e+08	1.29614e+08	1.72203e+08	1.36409e+08	1.32501e+08	1.55955e+08	1.42135e+08	1.41982e+08	1.5166e+08	1.65223e+08	1.5404e+08	2.02067e+08	2.00449e+08	1.70901e+08	1.72089e+08	1.69565e+08	2.01976e+08	2.02065e+08	1.92092e+08	1.55282e+08	1.91357e+08	1.92448e+08	1.83895e+08	1.36076e+08	1.68845e+08	1.71251e+08	1.67838e+08	1.69163e+08	1.89606e+08	1.18667e+08	1.92319e+08	1.79172e+08	1.79653e+08	1.78929e+08	1.79531e+08	1.95133e+08	1.85414e+08	1.94106e+08	2.08186e+08	1.52146e+08	1.58313e+08	1.98532e+08	2.05951e+08	1.70833e+08	1.65915e+08	1.71836e+08	2.01677e+08
ERR608876	1.84631e+08	1.64884e+08	1.20267e+08	1.49642e+08	1.71588e+08	1.25946e+08	1.78082e+08	2.31671e+08	1.94153e+08	2.48159e+08	2.90031e+08	1.97341e+08	1.92917e+08	2.21145e+08	2.16227e+08	1.92871e+08	1.89332e+08	2.07752e+08	1.90836e+08	2.13298e+08	2.15527e+08	1.79223e+08	1.8262e+08	1.77877e+08	2.13639e+08	2.22816e+08	2.13102e+08	2.15111e+08	1.73052e+08	2.04375e+08	1.67597e+08	1.22237e+08	1.61009e+08	1.59194e+08	1.80068e+08	1.92651e+08	1.85213e+08	1.82888e+08	1.7351e+08	1.77682e+08	1.68909e+08	1.74059e+08	2.20366e+08	1.58092e+08	2.19651e+08	1.57561e+08	1.60277e+08	2.06402e+08	1.32863e+08	1.32603e+08	9.35951e+07	1.24251e+08	9.84627e+07	9.55213e+07	1.1261e+08	1.02656e+08	1.02584e+08	1.09555e+08	1.19315e+08	1.11217e+08	1.4559e+08	1.44562e+08	1.23209e+08	1.24068e+08	1.22316e+08	1.45602e+08	1.45649e+08	1.38487e+08	1.12159e+08	1.37998e+08	1.38834e+08	1.32742e+08	9.8287e+07	1.21791e+08	1.23535e+08	1.21012e+08	1.21951e+08	1.36648e+08	8.5862e+07	1.38705e+08	1.29248e+08	1.29548e+08	1.29039e+08	1.29554e+08	1.40778e+08	1.33589e+08	1.39967e+08	1.50131e+08	1.09737e+08	1.14048e+08	1.43596e+08	1.48948e+08	1.23587e+08	1.19994e+08	1.24205e+08	1.45807e+08
ERR608874	1.91942e+08	1.71357e+08	1.24955e+08	1.55509e+08	1.78376e+08	1.30825e+08	1.84307e+08	2.40032e+08	2.00968e+08	2.57296e+08	1.97341e+08	3.07354e+08	2.00474e+08	2.29828e+08	2.24641e+08	2.00411e+08	1.96861e+08	2.16024e+08	1.98385e+08	2.21605e+08	2.23877e+08	1.86065e+08	1.89662e+08	1.84591e+08	2.22029e+08	2.31519e+08	2.21351e+08	2.23621e+08	1.79894e+08	2.1244e+08	1.74276e+08	1.27051e+08	1.67394e+08	1.65507e+08	1.87284e+08	2.00204e+08	1.92524e+08	1.9017e+08	1.80351e+08	1.8466e+08	1.75492e+08	1.80961e+08	2.29024e+08	1.64301e+08	2.28203e+08	1.63682e+08	1.66497e+08	2.14533e+08	1.38172e+08	1.37897e+08	9.73039e+07	1.29248e+08	1.02353e+08	9.93814e+07	1.16879e+08	1.06591e+08	1.06448e+08	1.13783e+08	1.23908e+08	1.15409e+08	1.51414e+08	1.50332e+08	1.28142e+08	1.29054e+08	1.27132e+08	1.51346e+08	1.51394e+08	1.43993e+08	1.16422e+08	1.43491e+08	1.44275e+08	1.37975e+08	1.02269e+08	1.26741e+08	1.28507e+08	1.25873e+08	1.26844e+08	1.42236e+08	8.91229e+07	1.44028e+08	1.34369e+08	1.34717e+08	1.34171e+08	1.34563e+08	1.46266e+08	1.38748e+08	1.45428e+08	1.56055e+08	1.1396e+08	1.18414e+08	1.49145e+08	1.54663e+08	1.2841e+08	1.24534e+08	1.29009e+08	1.51485e+08
ERR617026	2.66516e+08	2.39845e+08	1.76878e+08	2.16431e+08	2.48491e+08	1.84121e+08	1.80675e+08	2.42483e+08	1.97064e+08	2.618e+08	1.92917e+08	2.00474e+08	4.4149e+08	3.47323e+08	3.39997e+08	3.07983e+08	3.02307e+08	3.28013e+08	2.5914e+08	2.89699e+08	2.91723e+08	2.43829e+08	2.48134e+08	2.4168e+08	3.04425e+08	3.16973e+08	3.0454e+08	3.07088e+08	2.47134e+08	2.91719e+08	2.52425e+08	1.8931e+08	2.43423e+08	2.40952e+08	2.6875e+08	2.85758e+08	2.54297e+08	2.50779e+08	2.38347e+08	2.43923e+08	2.32e+08	2.3875e+08	3.28848e+08	2.41188e+08	3.26757e+08	2.40224e+08	2.44005e+08	3.09709e+08	1.81382e+08	1.81201e+08	1.27729e+08	1.70989e+08	1.34641e+08	1.30679e+08	1.73973e+08	1.59724e+08	1.59516e+08	1.69881e+08	1.83052e+08	1.71464e+08	1.95462e+08	1.94038e+08	1.65558e+08	1.671e+08	1.65279e+08	1.9543e+08	2.17328e+08	2.08107e+08	1.71525e+08	2.07153e+08	2.08411e+08	1.99833e+08	1.3277e+08	1.63511e+08	1.66105e+08	1.62415e+08	1.63528e+08	1.83573e+08	1.17591e+08	1.88154e+08	1.75964e+08	1.76197e+08	1.75606e+08	1.76271e+08	1.89879e+08	1.78534e+08	1.8886e+08	2.02736e+08	1.4704e+08	1.52103e+08	2.13458e+08	2.2018e+08	1.85561e+08	1.80766e+08	1.86056e+08	2.16221e+08
ERR617023	3.09209e+08	2.77519e+08	2.02366e+08	2.51238e+08	2.87676e+08	2.11104e+08	2.0475e+08	2.7802e+08	2.25971e+08	3.01203e+08	2.21145e+08	2.29828e+08	3.47323e+08	5.5507e+08	3.90175e+08	3.47401e+08	3.41035e+08	3.74443e+08	2.98571e+08	3.3364e+08	3.37439e+08	2.80028e+08	2.85299e+08	2.77731e+08	3.49899e+08	3.65047e+08	3.49204e+08	3.52614e+08	2.83807e+08	3.35251e+08	2.85093e+08	2.13881e+08	2.74867e+08	2.71849e+08	3.05302e+08	3.2494e+08	2.9058e+08	2.87556e+08	2.72448e+08	2.78947e+08	2.65047e+08	2.7313e+08	3.77548e+08	2.77874e+08	3.76249e+08	2.76867e+08	2.81125e+08	3.55111e+08	2.09752e+08	2.09429e+08	1.4752e+08	1.95799e+08	1.55454e+08	1.50621e+08	1.98774e+08	1.83228e+08	1.83037e+08	1.9372e+08	2.095e+08	1.96869e+08	2.30246e+08	2.28785e+08	1.94731e+08	1.962e+08	1.9278e+08	2.30175e+08	2.48091e+08	2.36531e+08	1.94794e+08	2.35935e+08	2.37e+08	2.27621e+08	1.52972e+08	1.90393e+08	1.92832e+08	1.89066e+08	1.90433e+08	2.1355e+08	1.34455e+08	2.18732e+08	2.03757e+08	2.04323e+08	2.03549e+08	2.04057e+08	2.24256e+08	2.13375e+08	2.22949e+08	2.39111e+08	1.75354e+08	1.82442e+08	2.50447e+08	2.58965e+08	2.17427e+08	2.11923e+08	2.18399e+08	2.54019e+08
ERR617022	3.02036e+08	2.71207e+08	1.97736e+08	2.45397e+08	2.80958e+08	2.06432e+08	2.00277e+08	2.71702e+08	2.20801e+08	2.9435e+08	2.16227e+08	2.24641e+08	3.39997e+08	3.90175e+08	5.3467e+08	3.40125e+08	3.33704e+08	3.66416e+08	2.91918e+08	3.26138e+08	3.29872e+08	2.73934e+08	2.7904e+08	2.71517e+08	3.421e+08	3.56915e+08	3.41443e+08	3.44827e+08	2.77519e+08	3.28049e+08	2.79363e+08	2.09654e+08	2.69302e+08	2.66316e+08	2.98944e+08	3.18108e+08	2.84354e+08	2.81412e+08	2.6667e+08	2.73053e+08	2.59484e+08	2.67354e+08	3.69364e+08	2.72055e+08	3.68109e+08	2.70998e+08	2.75205e+08	3.47544e+08	2.04718e+08	2.04567e+08	1.44071e+08	1.91264e+08	1.51638e+08	1.47045e+08	1.94554e+08	1.79313e+08	1.78949e+08	1.89591e+08	2.04908e+08	1.92567e+08	2.24632e+08	2.22931e+08	1.89948e+08	1.91296e+08	1.88053e+08	2.24386e+08	2.42533e+08	2.31253e+08	1.90625e+08	2.30789e+08	2.31909e+08	2.22475e+08	1.49178e+08	1.85774e+08	1.8807e+08	1.84405e+08	1.85916e+08	2.08167e+08	1.31248e+08	2.13244e+08	1.98768e+08	1.99241e+08	1.98454e+08	1.99046e+08	2.18597e+08	2.07919e+08	2.17435e+08	2.33112e+08	1.70797e+08	1.77728e+08	2.44365e+08	2.52692e+08	2.1239e+08	2.06882e+08	2.13383e+08	2.47875e+08
ERR617024	2.66988e+08	2.4033e+08	1.76928e+08	2.16905e+08	2.48985e+08	1.842e+08	1.80327e+08	2.42304e+08	1.96986e+08	2.61687e+08	1.92871e+08	2.00411e+08	3.07983e+08	3.47401e+08	3.40125e+08	4.4082e+08	3.02062e+08	3.27898e+08	2.59393e+08	2.90045e+08	2.92257e+08	2.44032e+08	2.48412e+08	2.41901e+08	3.04666e+08	3.17422e+08	3.04687e+08	3.07407e+08	2.47672e+08	2.92157e+08	2.5179e+08	1.88819e+08	2.42813e+08	2.40327e+08	2.68311e+08	2.85305e+08	2.54489e+08	2.51064e+08	2.38701e+08	2.44132e+08	2.32204e+08	2.38971e+08	3.2889e+08	2.41551e+08	3.27034e+08	2.4054e+08	2.44316e+08	3.09746e+08	1.81043e+08	1.80907e+08	1.27631e+08	1.70449e+08	1.34475e+08	1.30454e+08	1.733e+08	1.59318e+08	1.59231e+08	1.69301e+08	1.82543e+08	1.71131e+08	1.95865e+08	1.94417e+08	1.65985e+08	1.67326e+08	1.65288e+08	1.95849e+08	2.16571e+08	2.07159e+08	1.70678e+08	2.06357e+08	2.07519e+08	1.99057e+08	1.32467e+08	1.6349e+08	1.65844e+08	1.62237e+08	1.63476e+08	1.83424e+08	1.17134e+08	1.88045e+08	1.75822e+08	1.76189e+08	1.75505e+08	1.76099e+08	1.9031e+08	1.79425e+08	1.89379e+08	2.03318e+08	1.47705e+08	1.53037e+08	2.1403e+08	2.20719e+08	1.86021e+08	1.81257e+08	1.86473e+08	2.16838e+08
ERR617025	2.61805e+08	2.35535e+08	1.73571e+08	2.12781e+08	2.44161e+08	1.80875e+08	1.77096e+08	2.37988e+08	1.93441e+08	2.56891e+08	1.89332e+08	1.96861e+08	3.02307e+08	3.41035e+08	3.33704e+08	3.02062e+08	4.273e+08	3.2174e+08	2.54431e+08	2.84547e+08	2.86708e+08	2.39367e+08	2.4373e+08	2.37335e+08	2.98894e+08	3.11236e+08	2.99e+08	3.01652e+08	2.42843e+08	2.86517e+08	2.4711e+08	1.85375e+08	2.38432e+08	2.35954e+08	2.63294e+08	2.79883e+08	2.4949e+08	2.46332e+08	2.33994e+08	2.39367e+08	2.27698e+08	2.34423e+08	3.22869e+08	2.36947e+08	3.20879e+08	2.35948e+08	2.39723e+08	3.03769e+08	1.77741e+08	1.77531e+08	1.25288e+08	1.67433e+08	1.31951e+08	1.28008e+08	1.70276e+08	1.56485e+08	1.56228e+08	1.66317e+08	1.79279e+08	1.6809e+08	1.92096e+08	1.90791e+08	1.62676e+08	1.64034e+08	1.62222e+08	1.92087e+08	2.12602e+08	2.03435e+08	1.67502e+08	2.0251e+08	2.03681e+08	1.95301e+08	1.30048e+08	1.6043e+08	1.62807e+08	1.59276e+08	1.60347e+08	1.79932e+08	1.14985e+08	1.84624e+08	1.72501e+08	1.72829e+08	1.72231e+08	1.72811e+08	1.8656e+08	1.75783e+08	1.85727e+08	1.99198e+08	1.44675e+08	1.49952e+08	2.09838e+08	2.16328e+08	1.82387e+08	1.77649e+08	1.82896e+08	2.12583e+08
ERR617021	2.87935e+08	2.58655e+08	1.89559e+08	2.33722e+08	2.68237e+08	1.97576e+08	1.93437e+08	2.61192e+08	2.12217e+08	2.82687e+08	2.07752e+08	2.16024e+08	3.28013e+08	3.74443e+08	3.66416e+08	3.27898e+08	3.2174e+08	4.98073e+08	2.7988e+08	3.12962e+08	3.15888e+08	2.6298e+08	2.67874e+08	2.60677e+08	3.28254e+08	3.42287e+08	3.27972e+08	3.30969e+08	2.66382e+08	3.14558e+08	2.69246e+08	2.01916e+08	2.59639e+08	2.56897e+08	2.87574e+08	3.05856e+08	2.73941e+08	2.70666e+08	2.5698e+08	2.62882e+08	2.49946e+08	2.57444e+08	3.5406e+08	2.59919e+08	3.52341e+08	2.58907e+08	2.62969e+08	3.33165e+08	1.96257e+08	1.95953e+08	1.38145e+08	1.83961e+08	1.45574e+08	1.41039e+08	1.86284e+08	1.71284e+08	1.71213e+08	1.81831e+08	1.96277e+08	1.84001e+08	2.13368e+08	2.11945e+08	1.80641e+08	1.82168e+08	1.79719e+08	2.13502e+08	2.33058e+08	2.22512e+08	1.83199e+08	2.21735e+08	2.23004e+08	2.13892e+08	1.43363e+08	1.77616e+08	1.80094e+08	1.76268e+08	1.77613e+08	1.99165e+08	1.265e+08	2.04163e+08	1.90529e+08	1.91028e+08	1.90276e+08	1.90872e+08	2.07381e+08	1.96356e+08	2.06366e+08	2.21397e+08	1.61342e+08	1.67541e+08	2.31511e+08	2.39091e+08	2.01206e+08	1.9599e+08	2.02044e+08	2.34669e+08
ERR636667	2.82121e+08	2.52091e+08	1.83072e+08	2.28744e+08	2.61997e+08	1.91804e+08	1.7688e+08	2.40342e+08	1.95058e+08	2.60417e+08	1.90836e+08	1.98385e+08	2.5914e+08	2.98571e+08	2.91918e+08	2.59393e+08	2.54431e+08	2.7988e+08	4.50138e+08	3.46715e+08	3.50708e+08	2.91236e+08	2.96719e+08	2.88722e+08	2.92115e+08	3.05335e+08	2.91455e+08	2.94342e+08	2.37359e+08	2.79741e+08	2.38119e+08	1.74504e+08	2.29103e+08	2.26252e+08	2.56618e+08	2.74372e+08	2.53275e+08	2.50874e+08	2.37584e+08	2.43293e+08	2.31595e+08	2.38448e+08	3.38768e+08	2.46389e+08	3.38262e+08	2.45564e+08	2.49653e+08	3.18035e+08	1.89908e+08	1.89725e+08	1.33839e+08	1.77004e+08	1.40869e+08	1.36615e+08	1.60624e+08	1.47116e+08	1.46916e+08	1.56056e+08	1.70285e+08	1.59185e+08	2.08527e+08	2.06844e+08	1.76193e+08	1.77429e+08	1.74035e+08	2.08109e+08	2.12017e+08	2.01172e+08	1.62967e+08	2.00533e+08	2.01735e+08	1.92883e+08	1.41649e+08	1.76235e+08	1.78501e+08	1.75209e+08	1.76466e+08	1.9764e+08	1.23042e+08	2.00467e+08	1.86646e+08	1.8727e+08	1.86549e+08	1.86963e+08	2.07725e+08	1.98527e+08	2.06437e+08	2.2137e+08	1.6325e+08	1.69968e+08	2.11006e+08	2.19112e+08	1.81802e+08	1.76791e+08	1.82891e+08	2.14346e+08
ERR636669	3.15354e+08	2.81459e+08	2.04539e+08	2.55285e+08	2.9281e+08	2.14361e+08	1.97828e+08	2.68791e+08	2.17915e+08	2.91051e+08	2.13298e+08	2.21605e+08	2.89699e+08	3.3364e+08	3.26138e+08	2.90045e+08	2.84547e+08	3.12962e+08	3.46715e+08	5.45085e+08	3.91185e+08	3.24459e+08	3.30411e+08	3.21535e+08	3.26019e+08	3.40892e+08	3.2556e+08	3.28474e+08	2.64595e+08	3.12281e+08	2.6678e+08	1.94962e+08	2.56542e+08	2.53314e+08	2.87278e+08	3.07136e+08	2.82354e+08	2.79437e+08	2.6448e+08	2.70802e+08	2.57778e+08	2.65456e+08	3.78984e+08	2.7463e+08	3.78063e+08	2.73754e+08	2.7843e+08	3.55449e+08	2.14795e+08	2.14412e+08	1.51192e+08	2.0032e+08	1.59147e+08	1.54352e+08	1.81405e+08	1.65908e+08	1.65739e+08	1.76336e+08	1.92205e+08	1.79575e+08	2.34835e+08	2.32945e+08	1.98597e+08	2.00052e+08	1.96437e+08	2.34428e+08	2.37773e+08	2.2574e+08	1.82811e+08	2.24969e+08	2.26426e+08	2.1648e+08	1.59064e+08	1.97765e+08	2.00302e+08	1.96487e+08	1.97878e+08	2.21746e+08	1.38467e+08	2.2507e+08	2.09526e+08	2.10302e+08	2.09498e+08	2.09978e+08	2.32706e+08	2.21945e+08	2.31346e+08	2.47986e+08	1.82407e+08	1.8977e+08	2.37008e+08	2.46077e+08	2.04053e+08	1.98461e+08	2.0524e+08	2.40828e+08
ERR636668	3.20868e+08	2.86215e+08	2.07321e+08	2.59887e+08	2.97552e+08	2.17254e+08	1.98973e+08	2.71493e+08	2.20251e+08	2.9447e+08	2.15527e+08	2.23877e+08	2.91723e+08	3.37439e+08	3.29872e+08	2.92257e+08	2.86708e+08	3.15888e+08	3.50708e+08	3.91185e+08	5.56984e+08	3.27919e+08	3.34173e+08	3.25217e+08	3.29678e+08	3.44694e+08	3.28774e+08	3.32046e+08	2.67426e+08	3.15811e+08	2.68977e+08	1.96944e+08	2.58404e+08	2.55367e+08	2.89942e+08	3.10288e+08	2.84895e+08	2.82359e+08	2.67198e+08	2.73483e+08	2.60375e+08	2.68111e+08	3.83378e+08	2.78544e+08	3.82881e+08	2.77711e+08	2.82232e+08	3.59358e+08	2.16865e+08	2.16503e+08	1.52687e+08	2.01637e+08	1.60496e+08	1.55683e+08	1.83311e+08	1.68061e+08	1.67835e+08	1.78019e+08	1.94492e+08	1.81825e+08	2.38776e+08	2.36808e+08	2.01606e+08	2.02923e+08	1.99022e+08	2.38266e+08	2.40285e+08	2.27843e+08	1.84548e+08	2.2715e+08	2.28567e+08	2.1856e+08	1.60517e+08	2.00131e+08	2.02645e+08	1.99103e+08	2.00489e+08	2.24596e+08	1.39432e+08	2.27727e+08	2.11925e+08	2.12598e+08	2.11768e+08	2.12288e+08	2.36727e+08	2.26797e+08	2.35302e+08	2.52339e+08	1.86273e+08	1.94137e+08	2.41809e+08	2.5125e+08	2.08449e+08	2.0259e+08	2.09739e+08	2.45821e+08
ERR636672	2.62745e+08	2.35163e+08	1.71219e+08	2.13063e+08	2.44124e+08	1.79156e+08	1.66519e+08	2.25546e+08	1.83142e+08	2.44156e+08	1.79223e+08	1.86065e+08	2.43829e+08	2.80028e+08	2.73934e+08	2.44032e+08	2.39367e+08	2.6298e+08	2.91236e+08	3.24459e+08	3.27919e+08	4.03479e+08	2.79397e+08	2.71977e+08	2.74152e+08	2.86532e+08	2.73831e+08	2.7631e+08	2.22964e+08	2.62759e+08	2.24057e+08	1.64039e+08	2.15481e+08	2.12911e+08	2.40967e+08	2.57531e+08	2.38406e+08	2.35995e+08	2.23709e+08	2.28811e+08	2.18165e+08	2.24454e+08	3.17368e+08	2.30398e+08	3.1661e+08	2.29685e+08	2.3353e+08	2.97981e+08	1.77849e+08	1.77659e+08	1.25345e+08	1.66089e+08	1.31929e+08	1.27946e+08	1.50266e+08	1.37323e+08	1.37277e+08	1.4614e+08	1.59252e+08	1.48697e+08	1.94039e+08	1.92498e+08	1.64197e+08	1.65312e+08	1.62399e+08	1.93696e+08	1.98835e+08	1.88912e+08	1.53018e+08	1.88344e+08	1.89412e+08	1.8111e+08	1.33015e+08	1.64875e+08	1.67099e+08	1.63886e+08	1.65137e+08	1.84967e+08	1.15636e+08	1.87474e+08	1.74683e+08	1.75276e+08	1.74646e+08	1.75106e+08	1.93173e+08	1.83838e+08	1.9203e+08	2.05916e+08	1.51233e+08	1.57286e+08	1.95361e+08	2.028e+08	1.68521e+08	1.63778e+08	1.69475e+08	1.98608e+08
ERR636670	2.68e+08	2.39575e+08	1.74362e+08	2.17165e+08	2.48873e+08	1.82657e+08	1.69765e+08	2.30002e+08	1.86568e+08	2.49063e+08	1.8262e+08	1.89662e+08	2.48134e+08	2.85299e+08	2.7904e+08	2.48412e+08	2.4373e+08	2.67874e+08	2.96719e+08	3.30411e+08	3.34173e+08	2.79397e+08	4.16177e+08	2.77031e+08	2.79317e+08	2.91829e+08	2.78913e+08	2.81392e+08	2.27045e+08	2.67612e+08	2.28273e+08	1.67047e+08	2.19424e+08	2.16833e+08	2.45392e+08	2.62467e+08	2.43086e+08	2.40568e+08	2.27833e+08	2.33243e+08	2.22126e+08	2.2859e+08	3.23324e+08	2.34838e+08	3.22816e+08	2.34148e+08	2.38048e+08	3.03627e+08	1.81166e+08	1.8087e+08	1.27712e+08	1.69098e+08	1.34345e+08	1.30421e+08	1.53075e+08	1.39874e+08	1.39891e+08	1.48828e+08	1.62237e+08	1.51552e+08	1.97789e+08	1.96146e+08	1.67345e+08	1.6843e+08	1.65519e+08	1.97468e+08	2.02856e+08	1.92696e+08	1.561e+08	1.92058e+08	1.93126e+08	1.8468e+08	1.35569e+08	1.6814e+08	1.70493e+08	1.6714e+08	1.68376e+08	1.88678e+08	1.17831e+08	1.91162e+08	1.7808e+08	1.7857e+08	1.77998e+08	1.78572e+08	1.97004e+08	1.87688e+08	1.95718e+08	2.09985e+08	1.5439e+08	1.60487e+08	1.99191e+08	2.06922e+08	1.71824e+08	1.66987e+08	1.72757e+08	2.02659e+08
ERR636671	2.60613e+08	2.33149e+08	1.69725e+08	2.11331e+08	2.42114e+08	1.77728e+08	1.6522e+08	2.238e+08	1.81556e+08	2.42291e+08	1.77877e+08	1.84591e+08	2.4168e+08	2.77731e+08	2.71517e+08	2.41901e+08	2.37335e+08	2.60677e+08	2.88722e+08	3.21535e+08	3.25217e+08	2.71977e+08	2.77031e+08	3.97914e+08	2.71969e+08	2.84054e+08	2.71377e+08	2.73926e+08	2.21202e+08	2.60488e+08	2.22233e+08	1.62798e+08	2.1369e+08	2.11283e+08	2.39079e+08	2.5551e+08	2.36501e+08	2.34169e+08	2.2177e+08	2.2692e+08	2.16354e+08	2.22492e+08	3.147e+08	2.28584e+08	3.14005e+08	2.27733e+08	2.316e+08	2.95443e+08	1.76335e+08	1.76187e+08	1.24356e+08	1.6463e+08	1.30817e+08	1.26898e+08	1.49007e+08	1.3629e+08	1.36165e+08	1.44945e+08	1.57949e+08	1.47516e+08	1.92473e+08	1.90924e+08	1.62906e+08	1.63871e+08	1.61088e+08	1.92129e+08	1.97583e+08	1.87658e+08	1.51948e+08	1.87036e+08	1.88051e+08	1.79857e+08	1.32034e+08	1.63742e+08	1.6591e+08	1.62909e+08	1.6402e+08	1.83744e+08	1.1473e+08	1.86071e+08	1.73434e+08	1.73904e+08	1.73288e+08	1.73766e+08	1.9169e+08	1.82564e+08	1.90549e+08	2.04393e+08	1.50187e+08	1.56135e+08	1.93931e+08	2.01266e+08	1.67172e+08	1.62531e+08	1.68076e+08	1.97077e+08
ERR612254	2.88069e+08	2.57539e+08	1.87184e+08	2.33463e+08	2.67727e+08	1.95697e+08	1.97912e+08	2.6866e+08	2.18409e+08	2.90762e+08	2.13639e+08	2.22029e+08	3.04425e+08	3.49899e+08	3.421e+08	3.04666e+08	2.98894e+08	3.28254e+08	2.92115e+08	3.26019e+08	3.29678e+08	2.74152e+08	2.79317e+08	2.71969e+08	5.13252e+08	3.78408e+08	3.61417e+08	3.64981e+08	2.95233e+08	3.48202e+08	2.70114e+08	1.988e+08	2.5974e+08	2.56771e+08	2.90135e+08	3.09538e+08	2.86466e+08	2.83624e+08	2.68889e+08	2.75133e+08	2.61556e+08	2.69627e+08	3.47838e+08	2.52859e+08	3.47037e+08	2.52055e+08	2.55978e+08	3.2621e+08	1.94593e+08	1.94377e+08	1.36959e+08	1.81546e+08	1.44068e+08	1.39815e+08	1.70521e+08	1.56327e+08	1.56113e+08	1.65606e+08	1.80287e+08	1.68695e+08	2.14099e+08	2.12367e+08	1.8096e+08	1.82179e+08	1.78992e+08	2.13744e+08	2.30503e+08	2.19205e+08	1.78448e+08	2.18604e+08	2.19659e+08	2.10567e+08	1.45823e+08	1.81395e+08	1.83645e+08	1.80152e+08	1.81714e+08	2.03383e+08	1.26101e+08	2.0495e+08	1.91072e+08	1.91519e+08	1.90986e+08	1.91424e+08	2.15105e+08	2.05152e+08	2.13936e+08	2.29229e+08	1.68537e+08	1.75297e+08	2.32946e+08	2.41659e+08	2.01265e+08	1.9557e+08	2.02304e+08	2.36703e+08
ERR612251	3.02121e+08	2.69773e+08	1.95765e+08	2.44601e+08	2.8048e+08	2.04826e+08	2.06102e+08	2.80381e+08	2.27775e+08	3.03878e+08	2.22816e+08	2.31519e+08	3.16973e+08	3.65047e+08	3.56915e+08	3.17422e+08	3.11236e+08	3.42287e+08	3.05335e+08	3.40892e+08	3.44694e+08	2.86532e+08	2.91829e+08	2.84054e+08	3.78408e+08	5.5553e+08	3.78509e+08	3.82075e+08	3.06777e+08	3.62453e+08	2.81966e+08	2.07684e+08	2.71324e+08	2.6808e+08	3.03424e+08	3.23914e+08	2.98809e+08	2.95911e+08	2.80481e+08	2.86973e+08	2.729e+08	2.81167e+08	3.63521e+08	2.64183e+08	3.62715e+08	2.63119e+08	2.67374e+08	3.40784e+08	2.046e+08	2.04372e+08	1.43985e+08	1.90665e+08	1.51496e+08	1.47079e+08	1.78794e+08	1.63908e+08	1.63739e+08	1.73806e+08	1.89179e+08	1.77131e+08	2.25448e+08	2.23505e+08	1.90326e+08	1.9171e+08	1.8821e+08	2.25027e+08	2.41873e+08	2.30019e+08	1.87188e+08	2.29247e+08	2.30415e+08	2.20696e+08	1.535e+08	1.90838e+08	1.93322e+08	1.8958e+08	1.91057e+08	2.1404e+08	1.32419e+08	2.1557e+08	2.00996e+08	2.01407e+08	2.00561e+08	2.01145e+08	2.26052e+08	2.15542e+08	2.24763e+08	2.40785e+08	1.77091e+08	1.84293e+08	2.44587e+08	2.53561e+08	2.11185e+08	2.05099e+08	2.1227e+08	2.48367e+08
ERR612252	2.87182e+08	2.56797e+08	1.87077e+08	2.3249e+08	2.66792e+08	1.95424e+08	1.9779e+08	2.67963e+08	2.17818e+08	2.90227e+08	2.13102e+08	2.21351e+08	3.0454e+08	3.49204e+08	3.41443e+08	3.04687e+08	2.99e+08	3.27972e+08	2.91455e+08	3.2556e+08	3.28774e+08	2.73831e+08	2.78913e+08	2.71377e+08	3.61417e+08	3.78509e+08	5.12201e+08	3.65115e+08	2.93123e+08	3.45878e+08	2.70611e+08	1.99341e+08	2.60288e+08	2.5748e+08	2.90668e+08	3.09955e+08	2.86156e+08	2.83033e+08	2.6847e+08	2.74554e+08	2.61368e+08	2.69019e+08	3.47284e+08	2.52112e+08	3.46255e+08	2.51141e+08	2.55215e+08	3.25978e+08	1.94977e+08	1.94738e+08	1.37355e+08	1.8241e+08	1.44529e+08	1.40286e+08	1.71002e+08	1.56595e+08	1.564e+08	1.66498e+08	1.80908e+08	1.69113e+08	2.13346e+08	2.11792e+08	1.80377e+08	1.81689e+08	1.78673e+08	2.13067e+08	2.31526e+08	2.20605e+08	1.79435e+08	2.1963e+08	2.20774e+08	2.11562e+08	1.46423e+08	1.81575e+08	1.8393e+08	1.80214e+08	1.81691e+08	2.03548e+08	1.26781e+08	2.05156e+08	1.91388e+08	1.91889e+08	1.91294e+08	1.91795e+08	2.13998e+08	2.03338e+08	2.12722e+08	2.28065e+08	1.67177e+08	1.73652e+08	2.31538e+08	2.40014e+08	2.00103e+08	1.9459e+08	2.01104e+08	2.35014e+08
ERR612253	2.90627e+08	2.59742e+08	1.88841e+08	2.35374e+08	2.69881e+08	1.97572e+08	1.99507e+08	2.70734e+08	2.20017e+08	2.93054e+08	2.15111e+08	2.23621e+08	3.07088e+08	3.52614e+08	3.44827e+08	3.07407e+08	3.01652e+08	3.30969e+08	2.94342e+08	3.28474e+08	3.32046e+08	2.7631e+08	2.81392e+08	2.73926e+08	3.64981e+08	3.82075e+08	3.65115e+08	5.20501e+08	2.96065e+08	3.49502e+08	2.72355e+08	2.00766e+08	2.6219e+08	2.59199e+08	2.92815e+08	3.12406e+08	2.88504e+08	2.85486e+08	2.70705e+08	2.76883e+08	2.63442e+08	2.71433e+08	3.50651e+08	2.54997e+08	3.49718e+08	2.54032e+08	2.58054e+08	3.29127e+08	1.96502e+08	1.96349e+08	1.38304e+08	1.83502e+08	1.45641e+08	1.41228e+08	1.7256e+08	1.58144e+08	1.57841e+08	1.67646e+08	1.82378e+08	1.70591e+08	2.1569e+08	2.14111e+08	1.8225e+08	1.83565e+08	1.8051e+08	2.15411e+08	2.32815e+08	2.216e+08	1.80402e+08	2.208e+08	2.21997e+08	2.12675e+08	1.47269e+08	1.82876e+08	1.85245e+08	1.81636e+08	1.8309e+08	2.05155e+08	1.27441e+08	2.06709e+08	1.92748e+08	1.93257e+08	1.92666e+08	1.93106e+08	2.16341e+08	2.0591e+08	2.15144e+08	2.30479e+08	1.69406e+08	1.76085e+08	2.34586e+08	2.43295e+08	2.02673e+08	1.96977e+08	2.03761e+08	2.38206e+08
ERR612255	2.32566e+08	2.08171e+08	1.51456e+08	1.88751e+08	2.16309e+08	1.58435e+08	1.60381e+08	2.17213e+08	1.76803e+08	2.34975e+08	1.73052e+08	1.79894e+08	2.47134e+08	2.83807e+08	2.77519e+08	2.47672e+08	2.42843e+08	2.66382e+08	2.37359e+08	2.64595e+08	2.67426e+08	2.22964e+08	2.27045e+08	2.21202e+08	2.95233e+08	3.06777e+08	2.93123e+08	2.96065e+08	3.60212e+08	2.82771e+08	2.18462e+08	1.61149e+08	2.10233e+08	2.0775e+08	2.34495e+08	2.50144e+08	2.33057e+08	2.30569e+08	2.18986e+08	2.23931e+08	2.13087e+08	2.19464e+08	2.81005e+08	2.04917e+08	2.80412e+08	2.04331e+08	2.07454e+08	2.63774e+08	1.56035e+08	1.55829e+08	1.0985e+08	1.45509e+08	1.15587e+08	1.12118e+08	1.36707e+08	1.25449e+08	1.25253e+08	1.32802e+08	1.44578e+08	1.35336e+08	1.71584e+08	1.70237e+08	1.45034e+08	1.46098e+08	1.43311e+08	1.71352e+08	1.84736e+08	1.75684e+08	1.43292e+08	1.75244e+08	1.76073e+08	1.68761e+08	1.17232e+08	1.45601e+08	1.47441e+08	1.4459e+08	1.45819e+08	1.63201e+08	1.01564e+08	1.64635e+08	1.53578e+08	1.53905e+08	1.53441e+08	1.53837e+08	1.72881e+08	1.64813e+08	1.71822e+08	1.84127e+08	1.3558e+08	1.41172e+08	1.87362e+08	1.94277e+08	1.61886e+08	1.57294e+08	1.62758e+08	1.90269e+08
ERR612256	2.76292e+08	2.46884e+08	1.79536e+08	2.23913e+08	2.56593e+08	1.87706e+08	1.89334e+08	2.56975e+08	2.08927e+08	2.78256e+08	2.04375e+08	2.1244e+08	2.91719e+08	3.35251e+08	3.28049e+08	2.92157e+08	2.86517e+08	3.14558e+08	2.79741e+08	3.12281e+08	3.15811e+08	2.62759e+08	2.67612e+08	2.60488e+08	3.48202e+08	3.62453e+08	3.45878e+08	3.49502e+08	2.82771e+08	4.76708e+08	2.5835e+08	1.9058e+08	2.48694e+08	2.45768e+08	2.7769e+08	2.96424e+08	2.74296e+08	2.71469e+08	2.57472e+08	2.6354e+08	2.50575e+08	2.58197e+08	3.3296e+08	2.42432e+08	3.32144e+08	2.41395e+08	2.45345e+08	3.12381e+08	1.86087e+08	1.85783e+08	1.30873e+08	1.73564e+08	1.37788e+08	1.33651e+08	1.63185e+08	1.49677e+08	1.4944e+08	1.5859e+08	1.72649e+08	1.61609e+08	2.04841e+08	2.03131e+08	1.73048e+08	1.74278e+08	1.71142e+08	2.04524e+08	2.20387e+08	2.09592e+08	1.70824e+08	2.09039e+08	2.10049e+08	2.01367e+08	1.39475e+08	1.7334e+08	1.75547e+08	1.72122e+08	1.73646e+08	1.94495e+08	1.20541e+08	1.95981e+08	1.82557e+08	1.83083e+08	1.82529e+08	1.82826e+08	2.05751e+08	1.96237e+08	2.04616e+08	2.19272e+08	1.61331e+08	1.67799e+08	2.23356e+08	2.31715e+08	1.93005e+08	1.87579e+08	1.93875e+08	2.26934e+08
ERR605270	2.67432e+08	2.41502e+08	1.78096e+08	2.17558e+08	2.49531e+08	1.85141e+08	1.56636e+08	2.11677e+08	1.71358e+08	2.29112e+08	1.67597e+08	1.74276e+08	2.52425e+08	2.85093e+08	2.79363e+08	2.5179e+08	2.4711e+08	2.69246e+08	2.38119e+08	2.6678e+08	2.68977e+08	2.24057e+08	2.28273e+08	2.22233e+08	2.70114e+08	2.81966e+08	2.70611e+08	2.72355e+08	2.18462e+08	2.5835e+08	4.26739e+08	2.25509e+08	2.9004e+08	2.87306e+08	3.17821e+08	3.37375e+08	2.23674e+08	2.2101e+08	2.09769e+08	2.14537e+08	2.04164e+08	2.10188e+08	3.26371e+08	2.40384e+08	3.24595e+08	2.39713e+08	2.43435e+08	3.07411e+08	1.72927e+08	1.72828e+08	1.22126e+08	1.62733e+08	1.28775e+08	1.24883e+08	1.72761e+08	1.59273e+08	1.58733e+08	1.68858e+08	1.81626e+08	1.70463e+08	1.85869e+08	1.84399e+08	1.57759e+08	1.58685e+08	1.5697e+08	1.8563e+08	2.26723e+08	2.17503e+08	1.80148e+08	2.1649e+08	2.17616e+08	2.09024e+08	1.29922e+08	1.59701e+08	1.62063e+08	1.58826e+08	1.59842e+08	1.79211e+08	1.12318e+08	1.79787e+08	1.67937e+08	1.68426e+08	1.67748e+08	1.68499e+08	1.81632e+08	1.71449e+08	1.8083e+08	1.93962e+08	1.41179e+08	1.46073e+08	2.16392e+08	2.23533e+08	1.88933e+08	1.84373e+08	1.89282e+08	2.19889e+08
ERR605267	2.02315e+08	1.83265e+08	1.35338e+08	1.65125e+08	1.88909e+08	1.40569e+08	1.1375e+08	1.54131e+08	1.24985e+08	1.6694e+08	1.22237e+08	1.27051e+08	1.8931e+08	2.13881e+08	2.09654e+08	1.88819e+08	1.85375e+08	2.01916e+08	1.74504e+08	1.94962e+08	1.96944e+08	1.64039e+08	1.67047e+08	1.62798e+08	1.988e+08	2.07684e+08	1.99341e+08	2.00766e+08	1.61149e+08	1.9058e+08	2.25509e+08	2.64467e+08	2.17977e+08	2.15893e+08	2.39525e+08	2.53594e+08	1.63223e+08	1.61493e+08	1.53215e+08	1.56726e+08	1.49081e+08	1.53569e+08	2.44795e+08	1.82836e+08	2.43783e+08	1.8224e+08	1.85125e+08	2.30932e+08	1.25912e+08	1.25876e+08	8.90209e+07	1.18142e+08	9.37911e+07	9.08777e+07	1.32256e+08	1.22577e+08	1.22183e+08	1.29163e+08	1.38667e+08	1.30742e+08	1.35801e+08	1.3471e+08	1.1528e+08	1.15981e+08	1.14469e+08	1.35594e+08	1.71332e+08	1.64397e+08	1.37509e+08	1.63861e+08	1.64761e+08	1.58445e+08	9.45505e+07	1.16505e+08	1.18292e+08	1.1595e+08	1.167e+08	1.30805e+08	8.1698e+07	1.31194e+08	1.22423e+08	1.22688e+08	1.22308e+08	1.2278e+08	1.33116e+08	1.2616e+08	1.32632e+08	1.42043e+08	1.03882e+08	1.07642e+08	1.65298e+08	1.70694e+08	1.44859e+08	1.41551e+08	1.45221e+08	1.68029e+08
ERR605269	2.58003e+08	2.33013e+08	1.7206e+08	2.09896e+08	2.40607e+08	1.78835e+08	1.50526e+08	2.03408e+08	1.6454e+08	2.20082e+08	1.61009e+08	1.67394e+08	2.43423e+08	2.74867e+08	2.69302e+08	2.42813e+08	2.38432e+08	2.59639e+08	2.29103e+08	2.56542e+08	2.58404e+08	2.15481e+08	2.19424e+08	2.1369e+08	2.5974e+08	2.71324e+08	2.60288e+08	2.6219e+08	2.10233e+08	2.48694e+08	2.9004e+08	2.17977e+08	4.01142e+08	2.7744e+08	3.0666e+08	3.25271e+08	2.15075e+08	2.12377e+08	2.01597e+08	2.06114e+08	1.96182e+08	2.02054e+08	3.14345e+08	2.31775e+08	3.12712e+08	2.31062e+08	2.3472e+08	2.96228e+08	1.65785e+08	1.65765e+08	1.17143e+08	1.55946e+08	1.23513e+08	1.19778e+08	1.66724e+08	1.53715e+08	1.53229e+08	1.62923e+08	1.7501e+08	1.64433e+08	1.78128e+08	1.76647e+08	1.51122e+08	1.5201e+08	1.50404e+08	1.77861e+08	2.18497e+08	2.09697e+08	1.73833e+08	2.08616e+08	2.09851e+08	2.01535e+08	1.24697e+08	1.53267e+08	1.55592e+08	1.52341e+08	1.53417e+08	1.7201e+08	1.0783e+08	1.72525e+08	1.6121e+08	1.6162e+08	1.60985e+08	1.61654e+08	1.74241e+08	1.64364e+08	1.73552e+08	1.86006e+08	1.35441e+08	1.40037e+08	2.08624e+08	2.15393e+08	1.82161e+08	1.77745e+08	1.82546e+08	2.11993e+08
