	ERR613505	ERR613504	ERR613503	ERR613507	ERR613506	ERR613508	ERR626432	ERR626431	ERR626433	ERR626430	ERR626429	ERR626434	ERR637109	ERR637110	ERR637106	ERR637108	ERR637107	ERR637105	ERR618517	ERR618518	ERR618514	ERR618515	ERR618513	ERR618516	ERR617367	ERR617369	ERR617371	ERR617368	ERR617372	ERR617370	ERR613041	ERR613042	ERR613046	ERR613045	ERR613043	ERR613044	ERR606000	ERR606004	ERR606003	ERR606005	ERR606001	ERR606002	ERR636897	ERR636895	ERR636900	ERR636898	ERR636896	ERR636899	ERR608823	ERR608825	ERR608828	ERR608826	ERR608827	ERR608824	ERR607377	ERR607376	ERR607378	ERR607375	ERR607373	ERR607374	ERR605600	ERR605599	ERR605602	ERR605603	ERR605604	ERR605601	ERR622008	ERR622003	ERR622004	ERR622005	ERR622007	ERR622006	ERR616758	ERR616757	ERR616755	ERR616754	ERR616759	ERR616756	ERR630533	ERR630535	ERR630534	ERR630537	ERR630536	ERR630532	ERR631676	ERR631677	ERR631678	ERR631675	ERR631674	ERR631673	ERR614947	ERR614946	ERR614948	ERR614945	ERR614944	ERR614943
ERR613505	0	0.744369	0.743713	0.768094	0.765152	0.768351	0.961349	0.976039	0.962342	0.973776	0.964106	0.960724	0.929775	0.927923	0.93421	0.931953	0.934159	0.942496	0.955533	0.95397	0.968553	0.957191	0.947965	0.957953	0.941519	0.942851	0.928605	0.943222	0.928254	0.92791	0.884179	0.893131	0.952335	0.949646	0.893612	0.957402	0.90765	0.905424	0.903734	0.907749	0.880904	0.880074	0.979999	0.991045	0.971824	0.973968	0.981289	0.972997	1.07242	1.03021	1.03576	1.03538	1.03542	1.03481	1.05159	1.05157	1.05146	1.04763	1.07795	1.05202	0.962078	0.959487	0.964259	0.962957	0.964397	0.965974	1.05631	1.0416	1.04813	1.04923	1.05478	1.04988	1.03811	1.03736	1.04573	1.048	1.03625	1.05468	1.0717	1.07767	1.06302	1.07674	1.07583	1.06622	1.07655	1.07564	1.07849	1.07216	1.08624	1.07926	1.04185	1.04146	1.03993	1.05854	1.05461	1.05745
ERR613504	0.744369	0	0.743753	0.767747	0.764503	0.768079	0.96	0.974672	0.960992	0.972547	0.96307	0.959438	0.929635	0.927302	0.933674	0.93131	0.933644	0.942004	0.955197	0.953596	0.968077	0.956773	0.947714	0.957627	0.941166	0.941925	0.927827	0.942837	0.927537	0.927506	0.884247	0.893086	0.952131	0.949833	0.892952	0.957105	0.907188	0.904977	0.903149	0.907057	0.880514	0.879705	0.979119	0.990149	0.971057	0.973306	0.98033	0.972264	1.07236	1.02992	1.0353	1.03519	1.03501	1.03407	1.05067	1.05055	1.05052	1.04685	1.07721	1.05091	0.962293	0.960077	0.964498	0.963389	0.964784	0.966207	1.05576	1.04124	1.04732	1.0484	1.05425	1.04928	1.03822	1.0375	1.04545	1.04795	1.0363	1.0546	1.07095	1.07688	1.0622	1.07629	1.07513	1.06573	1.07615	1.0753	1.07818	1.07161	1.08583	1.0787	1.04125	1.04076	1.03895	1.05762	1.05371	1.05664
ERR613503	0.743713	0.743753	0	0.767722	0.764401	0.767729	0.960808	0.975666	0.961607	0.973237	0.963632	0.959704	0.929234	0.927074	0.933358	0.930921	0.933527	0.941753	0.954948	0.953571	0.968019	0.956547	0.947453	0.95767	0.940797	0.942084	0.927751	0.942542	0.927443	0.9275	0.884131	0.89303	0.95244	0.9501	0.893097	0.957503	0.907437	0.905338	0.903764	0.907953	0.880766	0.879825	0.979612	0.990475	0.971534	0.973852	0.981001	0.972334	1.07184	1.02981	1.03525	1.03503	1.03497	1.03409	1.05069	1.05055	1.05016	1.04671	1.07706	1.05082	0.961095	0.958706	0.963429	0.962181	0.963617	0.964764	1.05604	1.04116	1.04732	1.04852	1.05405	1.04942	1.03748	1.03681	1.04524	1.04751	1.03567	1.05421	1.07077	1.0768	1.06216	1.07607	1.07494	1.06554	1.07573	1.07497	1.07782	1.07124	1.08577	1.07821	1.04111	1.04029	1.0386	1.05746	1.05328	1.05628
ERR613507	0.768094	0.767747	0.767722	0	0.778768	0.781528	0.978218	0.992308	0.979351	0.990249	0.981033	0.977788	0.951528	0.949351	0.954083	0.952921	0.95492	0.96204	0.97194	0.970886	0.986029	0.974526	0.966068	0.974345	0.962055	0.961467	0.948339	0.961981	0.947637	0.947784	0.897733	0.906148	0.958165	0.955721	0.906475	0.961629	0.916676	0.913997	0.912103	0.915659	0.892844	0.891901	0.997574	1.00749	0.990054	0.992012	0.997811	0.991184	1.08887	1.04698	1.0526	1.05242	1.05232	1.0516	1.0674	1.06724	1.06725	1.06365	1.09404	1.06808	0.977139	0.975115	0.978728	0.977802	0.978897	0.980107	1.06643	1.05256	1.05923	1.05975	1.06491	1.0605	1.05515	1.05445	1.06183	1.06402	1.05346	1.06996	1.08447	1.09144	1.0766	1.0904	1.08945	1.07995	1.09117	1.09063	1.09309	1.08629	1.09979	1.09326	1.05794	1.05712	1.05565	1.07335	1.0697	1.07297
ERR613506	0.765152	0.764503	0.764401	0.778768	0	0.779308	0.976454	0.990494	0.977513	0.988718	0.979072	0.975928	0.949026	0.946794	0.95168	0.950338	0.952852	0.959625	0.970651	0.969069	0.984269	0.973033	0.964195	0.973014	0.960055	0.960027	0.94631	0.960093	0.945796	0.946085	0.896307	0.904661	0.957359	0.955035	0.904877	0.961358	0.915758	0.913093	0.911012	0.914955	0.891096	0.890325	0.995781	1.00548	0.98806	0.990074	0.996014	0.989206	1.08699	1.04504	1.0509	1.05015	1.05022	1.04997	1.06599	1.06613	1.06601	1.06225	1.09282	1.06678	0.974208	0.97219	0.975819	0.974841	0.975855	0.97717	1.06577	1.05186	1.05859	1.05905	1.06432	1.05979	1.05352	1.05258	1.06001	1.0621	1.05141	1.06849	1.0838	1.09016	1.07546	1.08939	1.08849	1.07917	1.09012	1.08953	1.09209	1.08557	1.09866	1.09246	1.05673	1.05613	1.05444	1.07217	1.06854	1.0717
ERR613508	0.768351	0.768079	0.767729	0.781528	0.779308	0	0.978746	0.992754	0.979769	0.991046	0.981432	0.9783	0.951574	0.949505	0.954371	0.95325	0.955339	0.962527	0.972695	0.971477	0.986047	0.974721	0.966159	0.97493	0.96262	0.962214	0.948814	0.962826	0.948461	0.948603	0.898524	0.906537	0.958103	0.955719	0.907008	0.962195	0.916784	0.914067	0.912319	0.915502	0.893165	0.892371	0.998119	1.00816	0.990617	0.99252	0.998729	0.991987	1.08883	1.04745	1.05294	1.05231	1.05258	1.05198	1.06821	1.06804	1.06798	1.06419	1.09473	1.06886	0.977444	0.975436	0.978709	0.97778	0.978851	0.980429	1.06717	1.05317	1.05953	1.06024	1.06555	1.06113	1.05551	1.05463	1.06206	1.06447	1.05367	1.07036	1.08509	1.09176	1.07718	1.09074	1.09004	1.08053	1.09177	1.09093	1.09368	1.08711	1.1004	1.09389	1.05838	1.05798	1.05634	1.07397	1.07037	1.07376
ERR626432	0.961349	0.96	0.960808	0.978218	0.976454	0.978746	0	0.771	0.748449	0.770488	0.75582	0.745525	0.86976	0.867097	0.872155	0.870691	0.874375	0.882666	0.906334	0.905401	0.927312	0.913438	0.903542	0.910285	0.888034	0.88571	0.867731	0.885037	0.867007	0.867106	0.938649	0.953594	1.03028	1.02639	0.952903	1.03509	0.98289	0.968702	0.964636	0.97105	0.934035	0.931932	0.919369	0.930854	0.908756	0.912539	0.918555	0.911123	1.09295	1.04697	1.05261	1.05251	1.05275	1.05278	1.05994	1.05977	1.0598	1.05514	1.09113	1.06113	1.10488	1.10049	1.10784	1.10672	1.10851	1.11189	1.10185	1.08892	1.0947	1.09537	1.1004	1.09461	1.06113	1.06006	1.06683	1.06899	1.05863	1.07531	1.07014	1.0791	1.06134	1.07751	1.07718	1.0661	1.08979	1.08904	1.09188	1.08377	1.09751	1.09161	1.06141	1.06078	1.05979	1.07821	1.07571	1.07864
ERR626431	0.976039	0.974672	0.975666	0.992308	0.990494	0.992754	0.771	0	0.772295	0.786402	0.774845	0.770231	0.887766	0.885785	0.890746	0.889178	0.892126	0.899436	0.921484	0.920706	0.939726	0.92742	0.918681	0.924681	0.903767	0.90258	0.886537	0.902241	0.886246	0.885881	0.95475	0.968444	1.04096	1.03706	0.967698	1.04578	0.996331	0.983921	0.980755	0.986188	0.952251	0.950146	0.933623	0.944141	0.923863	0.927684	0.933736	0.926191	1.10319	1.06078	1.06582	1.06553	1.0657	1.06566	1.07331	1.07331	1.07305	1.06897	1.10186	1.07425	1.11561	1.11149	1.1186	1.11745	1.11933	1.12254	1.11381	1.10132	1.10664	1.10717	1.11204	1.10654	1.07386	1.07281	1.07945	1.08193	1.07151	1.08781	1.08344	1.09163	1.07533	1.08995	1.0896	1.07936	1.10124	1.10088	1.10347	1.09608	1.10928	1.10349	1.07423	1.07371	1.07262	1.09013	1.08751	1.09033
ERR626433	0.962342	0.960992	0.961607	0.979351	0.977513	0.979769	0.748449	0.772295	0	0.772062	0.758122	0.747772	0.871326	0.868804	0.873961	0.872444	0.875602	0.884031	0.907658	0.906626	0.92785	0.914674	0.904955	0.911685	0.88922	0.887113	0.869388	0.887133	0.868824	0.868856	0.939534	0.954556	1.03061	1.02681	0.953887	1.03581	0.984006	0.969998	0.966276	0.972639	0.936214	0.933786	0.920113	0.931174	0.909606	0.913535	0.919578	0.91179	1.09374	1.04813	1.05369	1.0534	1.05367	1.0538	1.06114	1.06107	1.06128	1.05646	1.09202	1.06215	1.10587	1.10133	1.10891	1.10765	1.10955	1.11281	1.10301	1.09011	1.09561	1.0966	1.1016	1.09559	1.06231	1.06113	1.06806	1.07021	1.05994	1.07644	1.07166	1.08075	1.0633	1.07887	1.07884	1.06767	1.0907	1.09021	1.09276	1.08503	1.09877	1.09276	1.06224	1.06181	1.06077	1.07927	1.0766	1.07923
ERR626430	0.973776	0.972547	0.973237	0.990249	0.988718	0.991046	0.770488	0.786402	0.772062	0	0.77296	0.769893	0.885567	0.883133	0.888156	0.886603	0.889553	0.897236	0.919923	0.919002	0.937383	0.9253	0.916626	0.923607	0.902236	0.900939	0.885345	0.900936	0.885005	0.884816	0.952724	0.966517	1.03965	1.03593	0.965547	1.04465	0.994132	0.981528	0.978506	0.98404	0.949497	0.947653	0.931248	0.942538	0.921778	0.925079	0.931362	0.923994	1.10187	1.0588	1.06428	1.06394	1.06401	1.06416	1.07126	1.07127	1.07148	1.06723	1.1004	1.07243	1.11382	1.10961	1.11685	1.11555	1.11766	1.12079	1.1121	1.09935	1.10504	1.10559	1.11057	1.10531	1.07181	1.07089	1.07791	1.07989	1.06947	1.08607	1.08246	1.09069	1.07447	1.08907	1.08872	1.07847	1.09937	1.09912	1.10151	1.09443	1.10767	1.10163	1.07227	1.07168	1.07074	1.08798	1.08533	1.08832
ERR626429	0.964106	0.96307	0.963632	0.981033	0.979072	0.981432	0.75582	0.774845	0.758122	0.77296	0	0.755605	0.874928	0.872665	0.87706	0.876321	0.879448	0.887492	0.910543	0.910136	0.930647	0.917984	0.907789	0.914708	0.892395	0.890714	0.873196	0.890861	0.87245	0.872637	0.942421	0.957054	1.03346	1.02956	0.956798	1.03827	0.985913	0.97153	0.967882	0.973623	0.937743	0.935691	0.922727	0.933995	0.912796	0.91629	0.922459	0.91552	1.09516	1.04916	1.05485	1.05443	1.05507	1.05518	1.06197	1.06186	1.06184	1.05736	1.09318	1.06318	1.10588	1.10153	1.10903	1.10785	1.10972	1.11332	1.10387	1.09068	1.09652	1.09749	1.10245	1.09659	1.06277	1.06179	1.06892	1.07114	1.06071	1.0773	1.07254	1.08162	1.06411	1.07976	1.07966	1.06868	1.0914	1.09106	1.09368	1.08591	1.0994	1.09318	1.06326	1.06281	1.06156	1.07975	1.07733	1.08033
ERR626434	0.960724	0.959438	0.959704	0.977788	0.975928	0.9783	0.745525	0.770231	0.747772	0.769893	0.755605	0	0.869496	0.866893	0.87231	0.870674	0.873777	0.882389	0.906163	0.905332	0.926591	0.913245	0.903173	0.909657	0.887587	0.885403	0.867508	0.885114	0.866605	0.86686	0.93769	0.952757	1.02982	1.02571	0.952696	1.03503	0.982794	0.968565	0.964932	0.970893	0.934344	0.931916	0.918548	0.929687	0.908269	0.912016	0.917982	0.910346	1.0923	1.0464	1.05203	1.05207	1.05216	1.05198	1.05933	1.05922	1.05963	1.05445	1.09056	1.06041	1.10438	1.09996	1.10723	1.10615	1.1079	1.11148	1.10148	1.08845	1.09431	1.09466	1.09998	1.09395	1.0606	1.05951	1.06621	1.06859	1.05831	1.07497	1.06997	1.07859	1.06112	1.07661	1.07676	1.06545	1.08905	1.08862	1.09121	1.08354	1.09725	1.09122	1.06048	1.0601	1.05907	1.07774	1.07473	1.0778
ERR637109	0.929775	0.929635	0.929234	0.951528	0.949026	0.951574	0.86976	0.887766	0.871326	0.885567	0.874928	0.869496	0	0.747749	0.758836	0.751682	0.758099	0.767765	0.891076	0.890588	0.90801	0.896037	0.886271	0.894947	0.87241	0.87406	0.858457	0.873943	0.858042	0.857927	0.894684	0.907456	0.985046	0.980931	0.907455	0.990855	0.939363	0.932696	0.929266	0.934972	0.899817	0.897449	0.843975	0.857163	0.832721	0.83626	0.846437	0.834328	1.07659	1.03274	1.03837	1.03822	1.03824	1.03754	1.05706	1.05727	1.05693	1.05277	1.08466	1.05758	1.09073	1.0863	1.09451	1.09263	1.09481	1.09809	1.10039	1.0868	1.09253	1.09345	1.09908	1.09346	1.04806	1.04751	1.05582	1.05819	1.04604	1.06563	1.07452	1.08109	1.06516	1.08006	1.07866	1.06888	1.08896	1.08835	1.09106	1.08421	1.09922	1.09159	1.05494	1.05459	1.05284	1.0725	1.06868	1.07148
ERR637110	0.927923	0.927302	0.927074	0.949351	0.946794	0.949505	0.867097	0.885785	0.868804	0.883133	0.872665	0.866893	0.747749	0	0.756739	0.749189	0.75543	0.765777	0.889536	0.888908	0.90636	0.894473	0.884964	0.893175	0.870691	0.871996	0.856212	0.871908	0.855627	0.855602	0.89314	0.905791	0.98456	0.980296	0.906112	0.990167	0.937997	0.930588	0.926976	0.933123	0.89759	0.894937	0.843275	0.856588	0.831436	0.835246	0.845222	0.833261	1.07537	1.03085	1.0367	1.03612	1.0365	1.0358	1.05481	1.05483	1.05469	1.05059	1.083	1.05526	1.0892	1.08466	1.09285	1.09112	1.09343	1.09657	1.09863	1.08504	1.0907	1.09171	1.09705	1.09163	1.04626	1.04587	1.05422	1.05685	1.04436	1.0642	1.07247	1.07939	1.06306	1.07807	1.07675	1.06695	1.0871	1.08653	1.08918	1.08223	1.09727	1.08978	1.05284	1.05237	1.05072	1.07076	1.06666	1.06951
ERR637106	0.93421	0.933674	0.933358	0.954083	0.95168	0.954371	0.872155	0.890746	0.873961	0.888156	0.87706	0.87231	0.758836	0.756739	0	0.759873	0.761749	0.770467	0.895374	0.894639	0.912951	0.901132	0.89122	0.899118	0.878445	0.878005	0.862367	0.877983	0.862065	0.861893	0.899466	0.912459	0.989566	0.985207	0.912751	0.994607	0.942579	0.933851	0.929821	0.93581	0.90055	0.898448	0.84772	0.860536	0.837025	0.840397	0.849196	0.838614	1.08069	1.03527	1.04105	1.04052	1.04088	1.04068	1.06032	1.0602	1.05992	1.05578	1.08956	1.06108	1.09358	1.08906	1.0971	1.09557	1.09746	1.10081	1.10267	1.08914	1.09497	1.09591	1.10135	1.09557	1.05097	1.05046	1.05829	1.06064	1.04886	1.06776	1.07522	1.08343	1.06643	1.08184	1.08089	1.07062	1.0923	1.09164	1.09438	1.08711	1.10149	1.09454	1.05927	1.0585	1.057	1.07658	1.07271	1.07597
ERR637108	0.931953	0.93131	0.930921	0.952921	0.950338	0.95325	0.870691	0.889178	0.872444	0.886603	0.876321	0.870674	0.751682	0.749189	0.759873	0	0.759617	0.76902	0.893077	0.892444	0.90964	0.897912	0.888707	0.896816	0.874432	0.875822	0.860159	0.875865	0.860176	0.859696	0.896288	0.908293	0.986215	0.98213	0.908878	0.991822	0.940472	0.933376	0.930164	0.935735	0.900675	0.898285	0.844865	0.85828	0.833093	0.836632	0.846884	0.834899	1.07767	1.03396	1.03948	1.03894	1.03949	1.03869	1.05805	1.05827	1.05772	1.05416	1.08569	1.05855	1.09164	1.08717	1.09516	1.09347	1.09588	1.09871	1.10144	1.08777	1.09345	1.09446	1.10001	1.0944	1.04917	1.04841	1.05677	1.05933	1.04691	1.06635	1.07527	1.08234	1.06626	1.08097	1.07988	1.06973	1.0903	1.08929	1.09208	1.08548	1.10009	1.09285	1.05583	1.05574	1.05396	1.07357	1.0696	1.07254
ERR637107	0.934159	0.933644	0.933527	0.95492	0.952852	0.955339	0.874375	0.892126	0.875602	0.889553	0.879448	0.873777	0.758099	0.75543	0.761749	0.759617	0	0.770349	0.89559	0.894998	0.912076	0.900415	0.891453	0.899083	0.877677	0.879108	0.863994	0.879125	0.863589	0.863381	0.899082	0.911291	0.988023	0.983608	0.911084	0.993472	0.942688	0.935147	0.932352	0.937527	0.903325	0.901179	0.847269	0.860443	0.836012	0.839475	0.849586	0.83793	1.07971	1.03625	1.04171	1.04162	1.04181	1.04113	1.0606	1.06073	1.06066	1.05685	1.0883	1.06115	1.09344	1.08901	1.09707	1.09533	1.0976	1.10053	1.104	1.09028	1.09586	1.09708	1.10265	1.09694	1.05135	1.05069	1.05902	1.06159	1.04903	1.06887	1.07795	1.0849	1.06892	1.0837	1.08244	1.07259	1.09255	1.09187	1.09458	1.08799	1.10236	1.09532	1.05889	1.05873	1.05712	1.07627	1.07244	1.0751
ERR637105	0.942496	0.942004	0.941753	0.96204	0.959625	0.962527	0.882666	0.899436	0.884031	0.897236	0.887492	0.882389	0.767765	0.765777	0.770467	0.76902	0.770349	0	0.902959	0.902325	0.919198	0.907692	0.899098	0.906522	0.886808	0.887833	0.873239	0.887422	0.872858	0.872879	0.906752	0.918633	0.99277	0.988625	0.918546	0.998049	0.949302	0.94167	0.938317	0.943931	0.911028	0.908864	0.85339	0.865463	0.842781	0.846333	0.855644	0.844959	1.08686	1.04381	1.04947	1.04886	1.04961	1.04884	1.07003	1.07007	1.0699	1.06597	1.09725	1.07049	1.10016	1.09578	1.10371	1.10215	1.10408	1.10719	1.11138	1.09806	1.10373	1.10462	1.10993	1.10454	1.05887	1.05861	1.06635	1.06897	1.05696	1.07575	1.08552	1.09255	1.07658	1.09133	1.09027	1.08051	1.10093	1.10007	1.10299	1.09605	1.10982	1.10327	1.06834	1.06805	1.06657	1.08504	1.08164	1.08452
ERR618517	0.955533	0.955197	0.954948	0.97194	0.970651	0.972695	0.906334	0.921484	0.907658	0.919923	0.910543	0.906163	0.891076	0.889536	0.895374	0.893077	0.89559	0.902959	0	0.825649	0.850014	0.836332	0.827173	0.830667	0.854147	0.854886	0.840476	0.854352	0.840311	0.839864	0.927039	0.938786	1.00989	1.00543	0.940017	1.01408	0.962775	0.955057	0.95107	0.956918	0.923891	0.921946	0.939504	0.950081	0.929678	0.933142	0.940407	0.931832	1.09657	1.05516	1.06047	1.06001	1.06015	1.05988	1.07407	1.07428	1.07416	1.07014	1.10132	1.07457	1.10243	1.09852	1.10545	1.10419	1.10602	1.10864	1.11237	1.09952	1.10505	1.10595	1.11068	1.10575	1.07003	1.06932	1.07676	1.07913	1.06811	1.08554	1.08699	1.09412	1.07838	1.09272	1.09193	1.08215	1.10314	1.10237	1.10498	1.09826	1.11187	1.10536	1.07311	1.07284	1.07144	1.08975	1.08654	1.08918
ERR618518	0.95397	0.953596	0.953571	0.970886	0.969069	0.971477	0.905401	0.920706	0.906626	0.919002	0.910136	0.905332	0.890588	0.888908	0.894639	0.892444	0.894998	0.902325	0.825649	0	0.84919	0.835957	0.826246	0.82936	0.853675	0.854104	0.839398	0.85363	0.838714	0.838919	0.925547	0.937323	1.00853	1.00481	0.938902	1.01313	0.961978	0.953878	0.950398	0.956155	0.92283	0.920787	0.938548	0.949292	0.92855	0.932144	0.938892	0.930655	1.09588	1.05409	1.05977	1.05933	1.05919	1.05903	1.07339	1.07336	1.07325	1.06916	1.10054	1.0739	1.10145	1.09745	1.10437	1.10334	1.10491	1.10755	1.11135	1.09845	1.10413	1.10487	1.11001	1.10507	1.06918	1.06844	1.0757	1.07795	1.06708	1.08476	1.08636	1.09341	1.07786	1.09211	1.09115	1.08152	1.10252	1.10181	1.1044	1.09762	1.11125	1.10485	1.072	1.07178	1.07034	1.08882	1.08547	1.08842
ERR618514	0.968553	0.968077	0.968019	0.986029	0.984269	0.986047	0.927312	0.939726	0.92785	0.937383	0.930647	0.926591	0.90801	0.90636	0.912951	0.90964	0.912076	0.919198	0.850014	0.84919	0	0.85005	0.842208	0.852924	0.871821	0.875186	0.863202	0.874586	0.862578	0.862219	0.941139	0.950961	1.01733	1.01337	0.95213	1.02155	0.974796	0.970569	0.968279	0.97291	0.942919	0.941406	0.952992	0.963166	0.94365	0.946508	0.95468	0.9452	1.10426	1.06801	1.07255	1.07217	1.07197	1.07147	1.08682	1.08668	1.0863	1.08306	1.10964	1.08677	1.10974	1.10655	1.11326	1.11221	1.11382	1.11569	1.12347	1.11088	1.11597	1.11701	1.12212	1.11761	1.0813	1.08063	1.08833	1.09003	1.07937	1.0968	1.10211	1.10712	1.0938	1.1064	1.10539	1.09669	1.11349	1.11304	1.1156	1.11014	1.12332	1.1163	1.08382	1.08393	1.08238	1.09997	1.0959	1.0986
ERR618515	0.957191	0.956773	0.956547	0.974526	0.973033	0.974721	0.913438	0.92742	0.914674	0.9253	0.917984	0.913245	0.896037	0.894473	0.901132	0.897912	0.900415	0.907692	0.836332	0.835957	0.85005	0	0.828653	0.840135	0.859428	0.861241	0.848427	0.861285	0.847857	0.84725	0.929126	0.939997	1.00883	1.00493	0.940946	1.01328	0.965325	0.960045	0.956897	0.962177	0.930509	0.928186	0.943293	0.953928	0.933525	0.936913	0.944363	0.935242	1.0973	1.05824	1.0633	1.06286	1.06302	1.0623	1.07755	1.07749	1.07731	1.07344	1.10228	1.07759	1.10292	1.0991	1.10596	1.10464	1.10645	1.10891	1.11483	1.10235	1.10754	1.10844	1.11361	1.10851	1.07238	1.07166	1.07921	1.08121	1.07021	1.08811	1.09201	1.09817	1.08337	1.09692	1.09606	1.08699	1.10557	1.10485	1.10749	1.10137	1.11505	1.10814	1.0751	1.07477	1.07344	1.09152	1.08803	1.09046
ERR618513	0.947965	0.947714	0.947453	0.966068	0.964195	0.966159	0.903542	0.918681	0.904955	0.916626	0.907789	0.903173	0.886271	0.884964	0.89122	0.888707	0.891453	0.899098	0.827173	0.826246	0.842208	0.828653	0	0.831091	0.849986	0.852066	0.837791	0.851658	0.837216	0.836702	0.919749	0.931701	1.00298	0.998961	0.932737	1.00729	0.957147	0.950856	0.947577	0.95293	0.919619	0.917783	0.935248	0.94648	0.925309	0.928637	0.936217	0.926996	1.0906	1.04973	1.05511	1.05472	1.05483	1.05451	1.06902	1.06921	1.06888	1.06509	1.09521	1.06918	1.0952	1.09151	1.09861	1.09734	1.09919	1.10163	1.10801	1.09459	1.10025	1.10099	1.10633	1.10133	1.06402	1.06333	1.07128	1.07329	1.06224	1.08051	1.08422	1.0906	1.0753	1.08936	1.08843	1.07871	1.09838	1.09765	1.10026	1.09393	1.10788	1.10077	1.06685	1.06681	1.06535	1.08385	1.08023	1.0831
ERR618516	0.957953	0.957627	0.95767	0.974345	0.973014	0.97493	0.910285	0.924681	0.911685	0.923607	0.914708	0.909657	0.894947	0.893175	0.899118	0.896816	0.899083	0.906522	0.830667	0.82936	0.852924	0.840135	0.831091	0	0.858043	0.858627	0.844402	0.857946	0.844019	0.843669	0.929446	0.941123	1.01108	1.00684	0.94233	1.01512	0.96524	0.957438	0.954005	0.959488	0.927126	0.924956	0.942295	0.952817	0.932359	0.935984	0.942634	0.934275	1.09868	1.05766	1.06306	1.06278	1.06257	1.06247	1.07678	1.07713	1.07684	1.07281	1.10366	1.07752	1.10421	1.10032	1.10682	1.10574	1.10742	1.10999	1.11453	1.10173	1.10728	1.10789	1.11307	1.10798	1.07266	1.07173	1.07915	1.08152	1.07054	1.08782	1.08936	1.09638	1.08082	1.09502	1.09416	1.08457	1.10585	1.10514	1.10774	1.10104	1.11445	1.10786	1.07561	1.07532	1.07405	1.09212	1.0885	1.09155
ERR617367	0.941519	0.941166	0.940797	0.962055	0.960055	0.96262	0.888034	0.903767	0.88922	0.902236	0.892395	0.887587	0.87241	0.870691	0.878445	0.874432	0.877677	0.886808	0.854147	0.853675	0.871821	0.859428	0.849986	0.858043	0	0.786575	0.771428	0.786953	0.770535	0.770466	0.9158	0.928868	1.00716	1.00307	0.93002	1.01301	0.960034	0.95213	0.948435	0.954471	0.917821	0.91523	0.925391	0.936428	0.914626	0.91856	0.926306	0.916688	1.07895	1.03608	1.04133	1.04081	1.0412	1.04044	1.05602	1.05619	1.0559	1.0521	1.08377	1.05687	1.09623	1.09218	1.10017	1.09847	1.10077	1.10329	1.09895	1.08532	1.09112	1.09234	1.09774	1.09234	1.05175	1.05067	1.05869	1.06099	1.04947	1.06835	1.06799	1.07477	1.0584	1.07324	1.07252	1.06254	1.08546	1.08459	1.08749	1.08072	1.09529	1.08813	1.0557	1.05528	1.05402	1.07334	1.06959	1.07229
ERR617369	0.942851	0.941925	0.942084	0.961467	0.960027	0.962214	0.88571	0.90258	0.887113	0.900939	0.890714	0.885403	0.87406	0.871996	0.878005	0.875822	0.879108	0.887833	0.854886	0.854104	0.875186	0.861241	0.852066	0.858627	0.786575	0	0.768916	0.784779	0.767684	0.768531	0.917323	0.931596	1.01035	1.00597	0.932562	1.0151	0.960986	0.950329	0.945942	0.952292	0.914613	0.911767	0.926414	0.937531	0.915886	0.920319	0.926607	0.918563	1.081	1.0351	1.04142	1.04071	1.04099	1.04065	1.05477	1.05483	1.05499	1.05041	1.08505	1.05584	1.09764	1.09341	1.10101	1.09973	1.10169	1.10468	1.09744	1.08381	1.08985	1.09076	1.09607	1.09019	1.0514	1.05019	1.05803	1.0604	1.04902	1.06682	1.0642	1.07258	1.05496	1.07072	1.07024	1.05945	1.08466	1.08407	1.08689	1.07922	1.09375	1.08668	1.05607	1.05562	1.05424	1.07345	1.06987	1.07337
ERR617371	0.928605	0.927827	0.927751	0.948339	0.94631	0.948814	0.867731	0.886537	0.869388	0.885345	0.873196	0.867508	0.858457	0.856212	0.862367	0.860159	0.863994	0.873239	0.840476	0.839398	0.863202	0.848427	0.837791	0.844402	0.771428	0.768916	0	0.768612	0.741379	0.741943	0.902783	0.918595	1.00168	0.996703	0.919732	1.00614	0.949233	0.936694	0.932147	0.938544	0.898556	0.895468	0.914111	0.925929	0.902757	0.907508	0.913758	0.905599	1.07102	1.02169	1.02875	1.02801	1.02825	1.02818	1.0421	1.04221	1.04243	1.03688	1.07459	1.04317	1.0875	1.083	1.09092	1.08944	1.09153	1.09473	1.08624	1.07222	1.07874	1.07924	1.0849	1.07882	1.03936	1.0383	1.04565	1.0483	1.03702	1.05535	1.05097	1.06062	1.04132	1.05842	1.05805	1.04633	1.07348	1.0726	1.07567	1.06714	1.08227	1.07538	1.04374	1.04305	1.04191	1.06219	1.0587	1.06214
ERR617368	0.943222	0.942837	0.942542	0.961981	0.960093	0.962826	0.885037	0.902241	0.887133	0.900936	0.890861	0.885114	0.873943	0.871908	0.877983	0.875865	0.879125	0.887422	0.854352	0.85363	0.874586	0.861285	0.851658	0.857946	0.786953	0.784779	0.768612	0	0.767294	0.768058	0.916998	0.931479	1.01006	1.00616	0.932767	1.0149	0.960961	0.950691	0.945915	0.952687	0.914464	0.912179	0.926609	0.937546	0.915631	0.920116	0.926188	0.918138	1.08168	1.03551	1.04147	1.04106	1.04122	1.04104	1.0554	1.05528	1.05536	1.05069	1.08589	1.05634	1.09798	1.09354	1.10128	1.09969	1.10185	1.10493	1.09751	1.08408	1.09006	1.09101	1.09622	1.09053	1.05163	1.05041	1.05784	1.0604	1.04957	1.0672	1.0646	1.07312	1.0553	1.07155	1.071	1.05985	1.08509	1.0843	1.08731	1.07942	1.09392	1.08741	1.05613	1.05571	1.05438	1.07398	1.07049	1.07379
ERR617372	0.928254	0.927537	0.927443	0.947637	0.945796	0.948461	0.867007	0.886246	0.868824	0.885005	0.87245	0.866605	0.858042	0.855627	0.862065	0.860176	0.863589	0.872858	0.840311	0.838714	0.862578	0.847857	0.837216	0.844019	0.770535	0.767684	0.741379	0.767294	0	0.740604	0.90182	0.917729	1.00072	0.995969	0.9191	1.00559	0.948503	0.935881	0.931063	0.938304	0.89748	0.894608	0.91372	0.925518	0.902356	0.907165	0.913457	0.905143	1.07048	1.0211	1.02791	1.02706	1.02758	1.02738	1.04145	1.04119	1.04157	1.03618	1.07403	1.04231	1.08705	1.08246	1.09033	1.08906	1.09117	1.09422	1.08585	1.0716	1.07805	1.07875	1.08422	1.07826	1.0387	1.03746	1.0448	1.0475	1.03618	1.05453	1.0503	1.05984	1.0404	1.05773	1.05718	1.04555	1.07248	1.07199	1.0749	1.06612	1.0817	1.0749	1.04288	1.04257	1.04099	1.06152	1.05817	1.06159
ERR617370	0.92791	0.927506	0.9275	0.947784	0.946085	0.948603	0.867106	0.885881	0.868856	0.884816	0.872637	0.86686	0.857927	0.855602	0.861893	0.859696	0.863381	0.872879	0.839864	0.838919	0.862219	0.84725	0.836702	0.843669	0.770466	0.768531	0.741943	0.768058	0.740604	0	0.902329	0.917874	1.00125	0.996561	0.919595	1.00594	0.948714	0.936674	0.931581	0.93882	0.897959	0.894992	0.913515	0.925696	0.902487	0.906671	0.913378	0.905028	1.0707	1.0215	1.02821	1.02771	1.02758	1.0275	1.04138	1.04139	1.0413	1.0362	1.07373	1.04233	1.08724	1.08244	1.0903	1.08887	1.09109	1.09437	1.08598	1.07195	1.07807	1.07876	1.08452	1.07841	1.03873	1.03761	1.04495	1.04749	1.03615	1.05447	1.05074	1.0599	1.04063	1.05787	1.05743	1.04559	1.0724	1.07175	1.07473	1.06627	1.08163	1.07462	1.04259	1.04229	1.04072	1.06119	1.05783	1.06115
ERR613041	0.884179	0.884247	0.884131	0.897733	0.896307	0.898524	0.938649	0.95475	0.939534	0.952724	0.942421	0.93769	0.894684	0.89314	0.899466	0.896288	0.899082	0.906752	0.927039	0.925547	0.941139	0.929126	0.919749	0.929446	0.9158	0.917323	0.902783	0.916998	0.90182	0.902329	0	0.776539	0.850677	0.846469	0.777081	0.855068	0.868555	0.866596	0.863765	0.868085	0.84407	0.842534	0.932756	0.942967	0.924461	0.927227	0.934643	0.925608	1.09709	1.05695	1.06248	1.06209	1.06173	1.0612	1.0816	1.0817	1.08143	1.07753	1.10698	1.08199	1.0517	1.04946	1.05435	1.05359	1.05483	1.05611	1.08395	1.06976	1.07644	1.07715	1.08225	1.07806	1.07287	1.07202	1.07966	1.08193	1.07096	1.08853	1.09827	1.10415	1.0898	1.10284	1.10242	1.09334	1.10905	1.1086	1.1112	1.10498	1.11869	1.11186	1.07317	1.07264	1.07139	1.08988	1.08593	1.08897
ERR613042	0.893131	0.893086	0.89303	0.906148	0.904661	0.906537	0.953594	0.968444	0.954556	0.966517	0.957054	0.952757	0.907456	0.905791	0.912459	0.908293	0.911291	0.918633	0.938786	0.937323	0.950961	0.939997	0.931701	0.941123	0.928868	0.931596	0.918595	0.931479	0.917729	0.917874	0.776539	0	0.851742	0.847529	0.78538	0.856217	0.874583	0.875109	0.873217	0.876564	0.85614	0.855102	0.942996	0.952843	0.935311	0.9374	0.94518	0.936193	1.1043	1.0679	1.07246	1.072	1.07191	1.07113	1.09242	1.09233	1.09225	1.0887	1.11538	1.09245	1.05703	1.05515	1.0598	1.05879	1.06007	1.0608	1.09225	1.07873	1.08496	1.08549	1.09073	1.08696	1.0824	1.08202	1.0894	1.09146	1.08063	1.09857	1.10956	1.11449	1.10149	1.11349	1.11247	1.10437	1.11872	1.11813	1.12058	1.11483	1.12814	1.12123	1.08281	1.08238	1.08109	1.09891	1.09494	1.09757
ERR613046	0.952335	0.952131	0.95244	0.958165	0.957359	0.958103	1.03028	1.04096	1.03061	1.03965	1.03346	1.02982	0.985046	0.98456	0.989566	0.986215	0.988023	0.99277	1.00989	1.00853	1.01733	1.00883	1.00298	1.01108	1.00716	1.01035	1.00168	1.01006	1.00072	1.00125	0.850677	0.851742	0	0.871369	0.851234	0.875306	0.916172	0.921969	0.921664	0.922455	0.918648	0.918195	1.01019	1.01635	1.0054	1.00637	1.01214	1.00533	1.15431	1.12708	1.13044	1.13004	1.13004	1.12916	1.14874	1.14839	1.14852	1.1461	1.16571	1.14851	1.0945	1.09429	1.0964	1.09584	1.09659	1.09629	1.13408	1.12261	1.12813	1.1279	1.13257	1.13057	1.13944	1.13899	1.14529	1.14669	1.13803	1.15269	1.16282	1.16603	1.15628	1.16574	1.16435	1.15844	1.1695	1.16884	1.17072	1.16684	1.17739	1.17189	1.13653	1.13624	1.13518	1.14967	1.14644	1.1484
ERR613045	0.949646	0.949833	0.9501	0.955721	0.955035	0.955719	1.02639	1.03706	1.02681	1.03593	1.02956	1.02571	0.980931	0.980296	0.985207	0.98213	0.983608	0.988625	1.00543	1.00481	1.01337	1.00493	0.998961	1.00684	1.00307	1.00597	0.996703	1.00616	0.995969	0.996561	0.846469	0.847529	0.871369	0	0.847514	0.873389	0.913489	0.918409	0.918354	0.919346	0.914477	0.914348	1.00598	1.01252	1.00096	1.0022	1.00798	1.00141	1.15231	1.12414	1.12755	1.12743	1.12698	1.12636	1.1458	1.146	1.14543	1.14313	1.16339	1.14578	1.09309	1.0928	1.09468	1.09412	1.09474	1.0949	1.13207	1.12058	1.12603	1.12579	1.13019	1.12823	1.13654	1.13598	1.14231	1.14373	1.13493	1.14962	1.16026	1.16345	1.1535	1.16261	1.16165	1.15552	1.16688	1.16642	1.16816	1.16396	1.17471	1.16899	1.1338	1.13369	1.13257	1.14722	1.14381	1.14592
ERR613043	0.893612	0.892952	0.893097	0.906475	0.904877	0.907008	0.952903	0.967698	0.953887	0.965547	0.956798	0.952696	0.907455	0.906112	0.912751	0.908878	0.911084	0.918546	0.940017	0.938902	0.95213	0.940946	0.932737	0.94233	0.93002	0.932562	0.919732	0.932767	0.9191	0.919595	0.777081	0.78538	0.851234	0.847514	0	0.855896	0.874131	0.874726	0.873303	0.876351	0.856443	0.855295	0.942673	0.952418	0.935324	0.93755	0.944885	0.936111	1.10425	1.06804	1.07237	1.07227	1.07204	1.07121	1.09257	1.09274	1.09242	1.08922	1.11545	1.09262	1.05709	1.0553	1.05962	1.05891	1.06014	1.06105	1.09277	1.07932	1.08531	1.08587	1.09118	1.0875	1.08304	1.08222	1.0899	1.09169	1.08066	1.09879	1.11003	1.11465	1.10168	1.11378	1.11285	1.10496	1.11891	1.11833	1.12069	1.11549	1.12864	1.12155	1.08314	1.08284	1.08138	1.09894	1.09513	1.09763
ERR613044	0.957402	0.957105	0.957503	0.961629	0.961358	0.962195	1.03509	1.04578	1.03581	1.04465	1.03827	1.03503	0.990855	0.990167	0.994607	0.991822	0.993472	0.998049	1.01408	1.01313	1.02155	1.01328	1.00729	1.01512	1.01301	1.0151	1.00614	1.0149	1.00559	1.00594	0.855068	0.856217	0.875306	0.873389	0.855896	0	0.919671	0.924725	0.924226	0.925115	0.92229	0.922116	1.01495	1.02124	1.01018	1.01137	1.01679	1.01069	1.15874	1.13108	1.13466	1.13423	1.13423	1.13352	1.15274	1.15275	1.15265	1.15017	1.16982	1.15276	1.09808	1.09787	1.09942	1.0993	1.09985	1.09995	1.1373	1.12612	1.13148	1.13116	1.13559	1.13345	1.14379	1.14313	1.14918	1.15058	1.14186	1.15627	1.1661	1.16988	1.1597	1.16918	1.16819	1.16191	1.17339	1.17305	1.17475	1.17058	1.18081	1.17544	1.14115	1.14066	1.13951	1.1538	1.15073	1.15283
ERR606000	0.90765	0.907188	0.907437	0.916676	0.915758	0.916784	0.98289	0.996331	0.984006	0.994132	0.985913	0.982794	0.939363	0.937997	0.942579	0.940472	0.942688	0.949302	0.962775	0.961978	0.974796	0.965325	0.957147	0.96524	0.960034	0.960986	0.949233	0.960961	0.948503	0.948714	0.868555	0.874583	0.916172	0.913489	0.874131	0.919671	0	0.808331	0.807969	0.80996	0.787296	0.786268	0.973466	0.982604	0.967467	0.969538	0.974869	0.968625	1.12635	1.08931	1.09344	1.09333	1.09297	1.09319	1.10257	1.10259	1.10227	1.09922	1.12677	1.10289	1.0497	1.04843	1.05207	1.05119	1.05219	1.05305	1.09087	1.07666	1.08325	1.08377	1.08913	1.08535	1.09859	1.09828	1.10527	1.10713	1.0969	1.11316	1.11803	1.12321	1.11025	1.1225	1.12175	1.11343	1.1292	1.12861	1.1311	1.1253	1.13765	1.13118	1.0959	1.09545	1.09435	1.11124	1.10793	1.11033
ERR606004	0.905424	0.904977	0.905338	0.913997	0.913093	0.914067	0.968702	0.983921	0.969998	0.981528	0.97153	0.968565	0.932696	0.930588	0.933851	0.933376	0.935147	0.94167	0.955057	0.953878	0.970569	0.960045	0.950856	0.957438	0.95213	0.950329	0.936694	0.950691	0.935881	0.936674	0.866596	0.875109	0.921969	0.918409	0.874726	0.924725	0.808331	0	0.790088	0.793405	0.772768	0.77131	0.968173	0.977495	0.962234	0.964771	0.967957	0.963487	1.12313	1.08096	1.08555	1.08535	1.08533	1.08598	1.09375	1.09375	1.09358	1.08992	1.12279	1.09479	1.05036	1.04841	1.05233	1.05174	1.0527	1.05459	1.08326	1.06886	1.07639	1.07664	1.08186	1.07768	1.09175	1.091	1.09846	1.10007	1.08974	1.10565	1.10595	1.11363	1.09845	1.11219	1.11196	1.10209	1.12216	1.12145	1.12409	1.11723	1.12959	1.12379	1.09022	1.08969	1.08855	1.10562	1.10288	1.10587
ERR606003	0.903734	0.903149	0.903764	0.912103	0.911012	0.912319	0.964636	0.980755	0.966276	0.978506	0.967882	0.964932	0.929266	0.926976	0.929821	0.930164	0.932352	0.938317	0.95107	0.950398	0.968279	0.956897	0.947577	0.954005	0.948435	0.945942	0.932147	0.945915	0.931063	0.931581	0.863765	0.873217	0.921664	0.918354	0.873303	0.924226	0.807969	0.790088	0	0.791769	0.769396	0.76786	0.96584	0.974638	0.959543	0.961962	0.965149	0.960667	1.1214	1.07821	1.08323	1.08282	1.08291	1.08324	1.0907	1.09091	1.09088	1.08655	1.12063	1.09189	1.05003	1.04793	1.05185	1.05138	1.05233	1.05449	1.08128	1.06664	1.0741	1.07478	1.07965	1.07537	1.08977	1.08913	1.09597	1.09816	1.08786	1.10357	1.10227	1.11081	1.09472	1.10898	1.10924	1.09879	1.11974	1.11924	1.12183	1.11453	1.1272	1.12151	1.08783	1.0874	1.08602	1.1038	1.1011	1.10366
ERR606005	0.907749	0.907057	0.907953	0.915659	0.914955	0.915502	0.97105	0.986188	0.972639	0.98404	0.973623	0.970893	0.934972	0.933123	0.93581	0.935735	0.937527	0.943931	0.956918	0.956155	0.97291	0.962177	0.95293	0.959488	0.954471	0.952292	0.938544	0.952687	0.938304	0.93882	0.868085	0.876564	0.922455	0.919346	0.876351	0.925115	0.80996	0.793405	0.791769	0	0.77441	0.773548	0.970214	0.978916	0.964361	0.966751	0.969959	0.965498	1.12479	1.08262	1.08751	1.08713	1.08713	1.08761	1.09533	1.09495	1.09505	1.09116	1.12429	1.0964	1.05244	1.05048	1.05441	1.05385	1.05485	1.05669	1.08485	1.07022	1.07742	1.07777	1.08292	1.07887	1.09349	1.09296	1.09969	1.1018	1.09171	1.10717	1.10725	1.11519	1.0996	1.11364	1.11348	1.1033	1.12344	1.12295	1.12543	1.11864	1.13094	1.12521	1.09169	1.09111	1.09	1.10697	1.1042	1.10699
ERR606001	0.880904	0.880514	0.880766	0.892844	0.891096	0.893165	0.934035	0.952251	0.936214	0.949497	0.937743	0.934344	0.899817	0.89759	0.90055	0.900675	0.903325	0.911028	0.923891	0.92283	0.942919	0.930509	0.919619	0.927126	0.917821	0.914613	0.898556	0.914464	0.89748	0.897959	0.84407	0.85614	0.918648	0.914477	0.856443	0.92229	0.787296	0.772768	0.769396	0.77441	0	0.733286	0.941474	0.951663	0.933825	0.936581	0.940903	0.935668	1.10087	1.05364	1.05935	1.05894	1.05899	1.05945	1.06633	1.06613	1.06644	1.06137	1.09882	1.06743	1.03385	1.03102	1.0362	1.03534	1.03654	1.03886	1.06269	1.04711	1.05493	1.05564	1.06112	1.05599	1.06564	1.06493	1.07187	1.07456	1.06349	1.08009	1.07945	1.08858	1.07087	1.0868	1.08675	1.07528	1.09736	1.09694	1.09983	1.09195	1.1059	1.09959	1.06468	1.06408	1.06276	1.08195	1.07909	1.08184
ERR606002	0.880074	0.879705	0.879825	0.891901	0.890325	0.892371	0.931932	0.950146	0.933786	0.947653	0.935691	0.931916	0.897449	0.894937	0.898448	0.898285	0.901179	0.908864	0.921946	0.920787	0.941406	0.928186	0.917783	0.924956	0.91523	0.911767	0.895468	0.912179	0.894608	0.894992	0.842534	0.855102	0.918195	0.914348	0.855295	0.922116	0.786268	0.77131	0.76786	0.773548	0.733286	0	0.939921	0.950483	0.932438	0.935039	0.939125	0.933982	1.0993	1.05158	1.05762	1.05722	1.05722	1.05757	1.06453	1.06435	1.06453	1.05987	1.09769	1.06567	1.03359	1.03075	1.0359	1.03504	1.03634	1.03873	1.06146	1.04576	1.05341	1.05418	1.05958	1.05455	1.06385	1.06317	1.07034	1.07244	1.06194	1.0785	1.07726	1.08664	1.06885	1.08466	1.08499	1.07331	1.09609	1.09543	1.09818	1.0903	1.10401	1.09788	1.0632	1.06258	1.06121	1.08057	1.07732	1.08057
ERR636897	0.979999	0.979119	0.979612	0.997574	0.995781	0.998119	0.919369	0.933623	0.920113	0.931248	0.922727	0.918548	0.843975	0.843275	0.84772	0.844865	0.847269	0.85339	0.939504	0.938548	0.952992	0.943293	0.935248	0.942295	0.925391	0.926414	0.914111	0.926609	0.91372	0.913515	0.932756	0.942996	1.01019	1.00598	0.942673	1.01495	0.973466	0.968173	0.96584	0.970214	0.941474	0.939921	0	0.852031	0.832287	0.83566	0.841706	0.833931	1.1091	1.07045	1.07522	1.07496	1.07515	1.07436	1.09684	1.09702	1.0969	1.09318	1.12114	1.09726	1.12129	1.11754	1.12485	1.12344	1.12544	1.1277	1.13338	1.1214	1.12658	1.12771	1.13233	1.12763	1.08712	1.0863	1.09396	1.09573	1.085	1.10252	1.10902	1.11494	1.10069	1.1139	1.11278	1.10403	1.12417	1.12369	1.12616	1.12035	1.13302	1.12666	1.09398	1.09359	1.09221	1.10925	1.1059	1.1081
ERR636895	0.991045	0.990149	0.990475	1.00749	1.00548	1.00816	0.930854	0.944141	0.931174	0.942538	0.933995	0.929687	0.857163	0.856588	0.860536	0.85828	0.860443	0.865463	0.950081	0.949292	0.963166	0.953928	0.94648	0.952817	0.936428	0.937531	0.925929	0.937546	0.925518	0.925696	0.942967	0.952843	1.01635	1.01252	0.952418	1.02124	0.982604	0.977495	0.974638	0.978916	0.951663	0.950483	0.852031	0	0.844864	0.848011	0.853229	0.846323	1.11703	1.07951	1.08409	1.08394	1.0841	1.08396	1.10558	1.10561	1.1054	1.10209	1.12883	1.10594	1.12923	1.12543	1.13253	1.13091	1.13305	1.13542	1.14073	1.12904	1.13403	1.13493	1.13978	1.13487	1.09577	1.09527	1.10249	1.10444	1.09415	1.11068	1.11691	1.12263	1.10886	1.12161	1.12077	1.11201	1.1318	1.13143	1.13382	1.12803	1.14016	1.13393	1.10266	1.10242	1.10123	1.11776	1.11445	1.1166
ERR636900	0.971824	0.971057	0.971534	0.990054	0.98806	0.990617	0.908756	0.923863	0.909606	0.921778	0.912796	0.908269	0.832721	0.831436	0.837025	0.833093	0.836012	0.842781	0.929678	0.92855	0.94365	0.933525	0.925309	0.932359	0.914626	0.915886	0.902757	0.915631	0.902356	0.902487	0.924461	0.935311	1.0054	1.00096	0.935324	1.01018	0.967467	0.962234	0.959543	0.964361	0.933825	0.932438	0.832287	0.844864	0	0.821263	0.834444	0.819604	1.103	1.06335	1.0682	1.06837	1.06843	1.06784	1.09017	1.0903	1.09041	1.08637	1.1148	1.09054	1.11546	1.11165	1.11903	1.11757	1.11969	1.12203	1.12754	1.11524	1.1202	1.12132	1.12574	1.12154	1.08066	1.07999	1.08767	1.08973	1.07888	1.09662	1.10279	1.1086	1.09404	1.10733	1.10639	1.09757	1.11815	1.11741	1.11979	1.1139	1.12717	1.1207	1.08688	1.08659	1.08535	1.10319	1.09907	1.10193
ERR636898	0.973968	0.973306	0.973852	0.992012	0.990074	0.99252	0.912539	0.927684	0.913535	0.925079	0.91629	0.912016	0.83626	0.835246	0.840397	0.836632	0.839475	0.846333	0.933142	0.932144	0.946508	0.936913	0.928637	0.935984	0.91856	0.920319	0.907508	0.920116	0.907165	0.906671	0.927227	0.9374	1.00637	1.0022	0.93755	1.01137	0.969538	0.964771	0.961962	0.966751	0.936581	0.935039	0.83566	0.848011	0.821263	0	0.837832	0.823374	1.1043	1.06573	1.07048	1.0702	1.07048	1.06979	1.09205	1.09237	1.09221	1.08844	1.11647	1.09256	1.11711	1.11333	1.12073	1.11931	1.12112	1.12352	1.12969	1.11721	1.12251	1.12355	1.12851	1.12366	1.08211	1.08153	1.08912	1.09138	1.08036	1.09821	1.10487	1.11085	1.0962	1.10979	1.1087	1.09983	1.11994	1.11939	1.1218	1.11588	1.12901	1.12247	1.08892	1.08847	1.08741	1.10467	1.10098	1.10351
ERR636896	0.981289	0.98033	0.981001	0.997811	0.996014	0.998729	0.918555	0.933736	0.919578	0.931362	0.922459	0.917982	0.846437	0.845222	0.849196	0.846884	0.849586	0.855644	0.940407	0.938892	0.95468	0.944363	0.936217	0.942634	0.926306	0.926607	0.913758	0.926188	0.913457	0.913378	0.934643	0.94518	1.01214	1.00798	0.944885	1.01679	0.974869	0.967957	0.965149	0.969959	0.940903	0.939125	0.841706	0.853229	0.834444	0.837832	0	0.83577	1.11084	1.0705	1.07546	1.07547	1.0758	1.07516	1.09729	1.09734	1.09722	1.09336	1.12279	1.09799	1.12266	1.11881	1.12588	1.12465	1.12625	1.1289	1.13333	1.12133	1.12646	1.12736	1.13219	1.12741	1.08783	1.08754	1.09457	1.09681	1.08595	1.10305	1.10798	1.1147	1.09973	1.11329	1.11259	1.10328	1.1246	1.12405	1.12684	1.12029	1.13334	1.12699	1.0947	1.09452	1.0931	1.11014	1.10684	1.10949
ERR636899	0.972997	0.972264	0.972334	0.991184	0.989206	0.991987	0.911123	0.926191	0.91179	0.923994	0.91552	0.910346	0.834328	0.833261	0.838614	0.834899	0.83793	0.844959	0.931832	0.930655	0.9452	0.935242	0.926996	0.934275	0.916688	0.918563	0.905599	0.918138	0.905143	0.905028	0.925608	0.936193	1.00533	1.00141	0.936111	1.01069	0.968625	0.963487	0.960667	0.965498	0.935668	0.933982	0.833931	0.846323	0.819604	0.823374	0.83577	0	1.1036	1.06441	1.06936	1.06901	1.06927	1.06833	1.0915	1.09152	1.09135	1.08777	1.11574	1.09183	1.11657	1.11274	1.12011	1.11855	1.12057	1.12276	1.12887	1.11657	1.12168	1.12271	1.12772	1.12283	1.08137	1.08067	1.08862	1.09073	1.0794	1.09705	1.10423	1.11009	1.09565	1.10878	1.10782	1.09907	1.11921	1.11876	1.12108	1.11473	1.12828	1.12159	1.08822	1.08809	1.08642	1.10402	1.10039	1.10301
