	ERR607762	ERR607759	ERR607761	ERR607760	ERR637124	ERR637123	ERR605564	ERR605568	ERR605563	ERR605566	ERR605567	ERR605565	ERR637100	ERR637099	ERR637104	ERR637101	ERR637103	ERR637102	ERR626766	ERR626765	ERR626769	ERR626770	ERR626768	ERR626767	ERR635317	ERR635320	ERR635318	ERR635319	ERR635316	ERR635321	ERR608936	ERR608932	ERR608935	ERR608934	ERR608931	ERR608933	ERR613612	ERR613613	ERR613611	ERR613614	ERR613615	ERR613616	ERR613543	ERR613542	ERR613541	ERR613540	ERR613539	ERR613544	ERR630510	ERR630507	ERR630506	ERR630511	ERR630508	ERR630509	ERR607629	ERR607630	ERR607632	ERR607627	ERR607631	ERR607628	ERR630169	ERR630164	ERR630168	ERR630167	ERR630165	ERR630166	ERR617049	ERR617048	ERR617047	ERR617045	ERR617046	ERR617050	ERR612105	ERR612101	ERR612103	ERR612104	ERR612102	ERR612106	ERR618198	ERR618196	ERR618194	ERR618195	ERR618193	ERR618197	ERR638277	ERR638273	ERR638275	ERR638278	ERR638274	ERR638276	ERR636658	ERR636656	ERR636659	ERR636657	ERR636660	ERR636655
ERR607762	6.90561e+09	7.68381e+09	6.80421e+09	6.75178e+09	7.7212e+09	7.55219e+09	7.27902e+09	7.27459e+09	7.47639e+09	7.27386e+09	7.33172e+09	7.07823e+09	7.47374e+09	7.31356e+09	6.54094e+09	7.43394e+09	6.61155e+09	6.56468e+09	7.30376e+09	7.55129e+09	7.17167e+09	7.11354e+09	7.13249e+09	7.33548e+09	6.93035e+09	6.69248e+09	7.07836e+09	6.7043e+09	6.77554e+09	6.69003e+09	6.37975e+09	7.27452e+09	6.46421e+09	6.5289e+09	6.22209e+09	7.53266e+09	7.4983e+09	7.33102e+09	7.49476e+09	7.17894e+09	7.08759e+09	6.24661e+09	6.50514e+09	6.49676e+09	7.48108e+09	7.48232e+09	7.48532e+09	6.46225e+09	7.08353e+09	6.66469e+09	6.92845e+09	7.11071e+09	6.85469e+09	7.09357e+09	6.60843e+09	7.15559e+09	7.17186e+09	7.09863e+09	7.16548e+09	6.61132e+09	6.60497e+09	7.05527e+09	6.85266e+09	6.86149e+09	6.42721e+09	6.17332e+09	5.47117e+09	5.54017e+09	6.1199e+09	5.91063e+09	6.01881e+09	5.56724e+09	6.34887e+09	6.34961e+09	6.12172e+09	5.67097e+09	6.10767e+09	5.09474e+09	5.89027e+09	6.10958e+09	6.07661e+09	6.30734e+09	6.13937e+09	5.9831e+09	6.94587e+09	5.77295e+09	5.68981e+09	6.59034e+09	5.87146e+09	6.94624e+09	7.42377e+09	7.53089e+09	7.42941e+09	7.03734e+09	7.84338e+09	7.82475e+09
ERR607759	7.68381e+09	9.29754e+09	7.78806e+09	7.71779e+09	9.0917e+09	8.8505e+09	8.49875e+09	8.49198e+09	8.76879e+09	8.49045e+09	8.56763e+09	8.22765e+09	8.74392e+09	8.51674e+09	7.43929e+09	8.69118e+09	7.53145e+09	7.46871e+09	8.61712e+09	8.9367e+09	8.45541e+09	8.37971e+09	8.4042e+09	8.65908e+09	8.01232e+09	7.69096e+09	8.21849e+09	7.70674e+09	7.80581e+09	7.68619e+09	7.34594e+09	8.48838e+09	7.44819e+09	7.52802e+09	7.12904e+09	8.84215e+09	8.80641e+09	8.57258e+09	8.7986e+09	8.37144e+09	8.25063e+09	7.18229e+09	7.49736e+09	7.48494e+09	8.76953e+09	8.76971e+09	8.77443e+09	7.44425e+09	8.20184e+09	7.63046e+09	7.98923e+09	8.2427e+09	7.88511e+09	8.21508e+09	7.6041e+09	8.32899e+09	8.35126e+09	8.25152e+09	8.34245e+09	7.60874e+09	7.76831e+09	8.33843e+09	8.08332e+09	8.0931e+09	7.55099e+09	7.24242e+09	6.55624e+09	6.64384e+09	7.38791e+09	7.11422e+09	7.25767e+09	6.67671e+09	7.26372e+09	7.26845e+09	6.98319e+09	6.4392e+09	6.96564e+09	5.75724e+09	7.02941e+09	7.30874e+09	7.26309e+09	7.56027e+09	7.34138e+09	7.14591e+09	8.09133e+09	6.65042e+09	6.55519e+09	7.64217e+09	6.76987e+09	8.09016e+09	8.66689e+09	8.82194e+09	8.67495e+09	8.13651e+09	9.26934e+09	9.24341e+09
ERR607761	6.80421e+09	7.78806e+09	7.06712e+09	6.83029e+09	7.82706e+09	7.65299e+09	7.37207e+09	7.36799e+09	7.57498e+09	7.36688e+09	7.42645e+09	7.16643e+09	7.5731e+09	7.40849e+09	6.61561e+09	7.53208e+09	6.6871e+09	6.63931e+09	7.4027e+09	7.65611e+09	7.26878e+09	7.20973e+09	7.22977e+09	7.43555e+09	7.01524e+09	6.77077e+09	7.16662e+09	6.78307e+09	6.85641e+09	6.7684e+09	6.45563e+09	7.36942e+09	6.54164e+09	6.60751e+09	6.29363e+09	7.63372e+09	7.59764e+09	7.42547e+09	7.59404e+09	7.27024e+09	7.17709e+09	6.31922e+09	6.58198e+09	6.57357e+09	7.57964e+09	7.58071e+09	7.58355e+09	6.53865e+09	7.17193e+09	6.74196e+09	7.01273e+09	7.20047e+09	6.93705e+09	7.18305e+09	6.68537e+09	7.24552e+09	7.26179e+09	7.18687e+09	7.25553e+09	6.68813e+09	6.68942e+09	7.14793e+09	6.94198e+09	6.95111e+09	6.50886e+09	6.25062e+09	5.54671e+09	5.617e+09	6.20822e+09	5.99487e+09	6.10525e+09	5.64417e+09	6.4202e+09	6.42121e+09	6.18888e+09	5.7309e+09	6.17462e+09	5.14622e+09	5.97158e+09	6.19469e+09	6.16111e+09	6.39626e+09	6.22481e+09	6.06586e+09	7.03197e+09	5.83871e+09	5.75455e+09	6.66962e+09	5.93914e+09	7.03258e+09	7.52124e+09	7.63155e+09	7.52737e+09	7.12436e+09	7.95276e+09	7.93385e+09
ERR607760	6.75178e+09	7.71779e+09	6.83029e+09	6.95668e+09	7.75619e+09	7.58463e+09	7.30712e+09	7.3032e+09	7.50701e+09	7.30221e+09	7.36097e+09	7.10423e+09	7.50603e+09	7.34369e+09	6.56481e+09	7.46592e+09	6.63583e+09	6.5885e+09	7.33511e+09	7.5849e+09	7.20368e+09	7.14541e+09	7.16444e+09	7.36779e+09	6.95505e+09	6.71412e+09	7.10486e+09	6.72599e+09	6.79867e+09	6.7115e+09	6.40417e+09	7.30491e+09	6.48958e+09	6.55415e+09	6.2431e+09	7.56569e+09	7.5289e+09	7.3595e+09	7.52561e+09	7.20838e+09	7.11619e+09	6.26846e+09	6.52937e+09	6.52123e+09	7.51171e+09	7.51275e+09	7.5155e+09	6.48687e+09	7.11033e+09	6.68695e+09	6.95351e+09	7.13801e+09	6.8789e+09	7.12123e+09	6.63257e+09	7.18382e+09	7.20051e+09	7.12646e+09	7.19401e+09	6.63483e+09	6.63028e+09	7.08391e+09	6.88054e+09	6.88901e+09	6.45176e+09	6.19701e+09	5.49454e+09	5.56414e+09	6.14942e+09	5.9378e+09	6.0471e+09	5.59032e+09	6.37093e+09	6.37212e+09	6.14243e+09	5.68949e+09	6.12802e+09	5.11022e+09	5.91708e+09	6.13783e+09	6.10392e+09	6.33634e+09	6.16643e+09	6.01006e+09	6.97283e+09	5.79291e+09	5.70949e+09	6.61412e+09	5.89226e+09	6.9732e+09	7.4563e+09	7.56399e+09	7.4619e+09	7.06483e+09	7.87982e+09	7.8611e+09
ERR637124	7.7212e+09	9.0917e+09	7.82706e+09	7.75619e+09	9.40487e+09	8.89891e+09	8.54042e+09	8.53484e+09	8.81476e+09	8.53318e+09	8.6109e+09	8.26643e+09	8.79444e+09	8.56142e+09	7.47464e+09	8.73666e+09	7.56744e+09	7.50486e+09	8.66241e+09	8.98703e+09	8.5024e+09	8.42748e+09	8.45085e+09	8.70612e+09	8.05113e+09	7.72022e+09	8.25955e+09	7.73607e+09	7.83792e+09	7.71576e+09	7.38256e+09	8.53303e+09	7.48529e+09	7.56584e+09	7.15477e+09	8.89384e+09	8.84739e+09	8.61192e+09	8.84297e+09	8.41466e+09	8.29278e+09	7.21197e+09	7.53483e+09	7.52177e+09	8.81436e+09	8.81521e+09	8.81892e+09	7.48076e+09	8.24053e+09	7.66006e+09	8.02486e+09	8.28091e+09	7.92111e+09	8.25395e+09	7.6411e+09	8.37441e+09	8.39735e+09	8.29539e+09	8.38795e+09	7.64363e+09	7.80293e+09	8.38332e+09	8.12486e+09	8.13393e+09	7.58687e+09	7.27853e+09	6.58951e+09	6.67836e+09	7.43766e+09	7.15675e+09	7.30548e+09	6.7097e+09	7.2966e+09	7.30297e+09	7.01469e+09	6.46703e+09	6.9964e+09	5.78047e+09	7.06952e+09	7.3547e+09	7.3073e+09	7.60842e+09	7.38232e+09	7.18738e+09	8.13712e+09	6.68349e+09	6.58883e+09	7.67741e+09	6.80408e+09	8.13639e+09	8.71977e+09	8.87364e+09	8.72776e+09	8.17405e+09	9.32717e+09	9.30174e+09
ERR637123	7.55219e+09	8.8505e+09	7.65299e+09	7.58463e+09	8.89891e+09	8.91016e+09	8.32714e+09	8.32097e+09	8.58636e+09	8.31937e+09	8.39369e+09	8.06715e+09	8.56718e+09	8.35101e+09	7.31768e+09	8.51554e+09	7.4071e+09	7.34661e+09	8.42887e+09	8.73679e+09	8.27127e+09	8.19903e+09	8.22253e+09	8.46959e+09	7.86247e+09	7.55218e+09	8.05941e+09	7.56773e+09	7.66281e+09	7.54796e+09	7.21117e+09	8.31775e+09	7.31046e+09	7.38834e+09	7.00333e+09	8.65681e+09	8.62039e+09	8.39761e+09	8.61358e+09	8.20336e+09	8.08695e+09	7.05185e+09	7.3607e+09	7.34889e+09	8.58857e+09	8.58902e+09	8.59333e+09	7.30881e+09	8.04781e+09	7.49893e+09	7.84443e+09	8.08654e+09	7.74526e+09	8.06083e+09	7.46538e+09	8.16399e+09	8.18515e+09	8.08998e+09	8.1771e+09	7.46939e+09	7.60196e+09	8.15401e+09	7.90659e+09	7.91606e+09	7.38996e+09	7.08991e+09	6.39662e+09	6.48144e+09	7.20092e+09	6.93733e+09	7.07538e+09	6.5133e+09	7.13569e+09	7.14026e+09	6.8626e+09	6.33222e+09	6.84586e+09	5.66492e+09	6.86405e+09	7.13506e+09	7.09054e+09	7.37703e+09	7.16555e+09	6.97674e+09	7.92884e+09	6.5268e+09	6.43311e+09	7.49216e+09	6.64358e+09	7.92796e+09	8.4925e+09	8.64044e+09	8.50018e+09	7.98326e+09	9.0661e+09	9.04103e+09
ERR605564	7.27902e+09	8.49875e+09	7.37207e+09	7.30712e+09	8.54042e+09	8.32714e+09	8.66578e+09	8.39642e+09	8.66619e+09	8.39573e+09	8.47034e+09	8.14645e+09	8.32842e+09	8.12462e+09	7.13232e+09	8.2868e+09	7.21704e+09	7.15901e+09	8.2681e+09	8.56649e+09	8.10915e+09	8.0354e+09	8.06122e+09	8.30224e+09	7.72749e+09	7.43137e+09	7.92188e+09	7.44645e+09	7.53902e+09	7.42631e+09	7.04421e+09	8.11024e+09	7.14061e+09	7.21679e+09	6.85523e+09	8.43019e+09	8.51318e+09	8.29015e+09	8.50063e+09	8.09404e+09	7.97995e+09	6.97365e+09	7.34319e+09	7.33267e+09	8.56364e+09	8.56203e+09	8.56887e+09	7.29325e+09	7.91424e+09	7.38133e+09	7.71672e+09	7.95379e+09	7.61894e+09	7.92472e+09	7.34596e+09	8.02285e+09	8.04259e+09	7.95345e+09	8.03551e+09	7.35379e+09	7.5343e+09	8.07182e+09	7.82783e+09	7.83707e+09	7.32495e+09	7.02739e+09	6.3505e+09	6.43357e+09	7.1282e+09	6.87742e+09	7.00517e+09	6.46969e+09	7.09024e+09	7.09345e+09	6.8195e+09	6.29867e+09	6.80665e+09	5.64007e+09	6.78381e+09	7.04507e+09	7.00564e+09	7.2848e+09	7.0871e+09	6.89358e+09	7.80195e+09	6.43758e+09	6.3456e+09	7.39278e+09	6.55006e+09	7.8045e+09	8.25407e+09	8.40075e+09	8.26136e+09	7.7833e+09	8.80905e+09	8.78269e+09
ERR605568	7.27459e+09	8.49198e+09	7.36799e+09	7.3032e+09	8.53484e+09	8.32097e+09	8.39642e+09	8.64606e+09	8.65411e+09	8.38975e+09	8.46441e+09	8.13623e+09	8.3267e+09	8.12163e+09	7.13134e+09	8.28295e+09	7.2161e+09	7.1577e+09	8.26335e+09	8.56142e+09	8.10751e+09	8.03524e+09	8.05991e+09	8.29907e+09	7.71503e+09	7.41632e+09	7.90917e+09	7.43129e+09	7.52255e+09	7.41136e+09	7.04359e+09	8.10732e+09	7.14036e+09	7.21576e+09	6.84983e+09	8.42733e+09	8.49849e+09	8.27945e+09	8.48864e+09	8.08841e+09	7.97472e+09	6.96677e+09	7.34115e+09	7.33006e+09	8.5564e+09	8.55463e+09	8.56186e+09	7.29028e+09	7.90639e+09	7.37137e+09	7.70632e+09	7.94528e+09	7.60867e+09	7.91733e+09	7.33499e+09	8.01124e+09	8.03159e+09	7.94122e+09	8.02417e+09	7.34211e+09	7.52119e+09	8.05902e+09	7.81679e+09	7.82491e+09	7.31359e+09	7.01584e+09	6.34143e+09	6.42464e+09	7.12208e+09	6.8686e+09	6.99921e+09	6.45978e+09	7.07938e+09	7.08185e+09	6.80997e+09	6.28924e+09	6.79578e+09	5.63248e+09	6.77655e+09	7.03868e+09	6.99822e+09	7.27764e+09	7.0765e+09	6.88631e+09	7.79245e+09	6.4298e+09	6.33812e+09	7.37998e+09	6.54274e+09	7.79479e+09	8.25278e+09	8.39742e+09	8.26052e+09	7.77812e+09	8.80583e+09	8.77943e+09
ERR605563	7.47639e+09	8.76879e+09	7.57498e+09	7.50701e+09	8.81476e+09	8.58636e+09	8.66619e+09	8.65411e+09	9.21402e+09	8.65349e+09	8.73293e+09	8.38718e+09	8.5914e+09	8.37406e+09	7.3244e+09	8.54551e+09	7.41388e+09	7.35254e+09	8.53529e+09	8.85107e+09	8.37183e+09	8.29541e+09	8.32126e+09	8.57316e+09	7.95069e+09	7.63442e+09	8.15656e+09	7.65065e+09	7.74826e+09	7.62894e+09	7.24351e+09	8.36121e+09	7.3438e+09	7.42262e+09	7.03911e+09	8.70184e+09	8.77951e+09	8.54305e+09	8.76817e+09	8.34007e+09	8.21987e+09	7.16268e+09	7.55106e+09	7.5389e+09	8.83397e+09	8.83215e+09	8.83932e+09	7.4987e+09	8.14655e+09	7.5813e+09	7.93614e+09	8.18801e+09	7.8328e+09	8.15797e+09	7.54961e+09	8.26518e+09	8.28631e+09	8.19061e+09	8.27801e+09	7.55703e+09	7.7639e+09	8.33043e+09	8.07467e+09	8.08392e+09	7.54802e+09	7.2391e+09	6.5606e+09	6.64729e+09	7.38039e+09	7.11357e+09	7.25131e+09	6.684e+09	7.27792e+09	7.28201e+09	6.99612e+09	6.45513e+09	6.982e+09	5.77429e+09	7.0069e+09	7.28245e+09	7.24007e+09	7.53408e+09	7.32249e+09	7.1222e+09	8.03652e+09	6.61511e+09	6.52113e+09	7.60539e+09	6.73267e+09	8.03985e+09	8.51166e+09	8.66702e+09	8.5198e+09	8.00819e+09	9.10276e+09	9.0742e+09
ERR605566	7.27386e+09	8.49045e+09	7.36688e+09	7.30221e+09	8.53318e+09	8.31937e+09	8.39573e+09	8.38975e+09	8.65349e+09	8.6447e+09	8.46295e+09	8.13518e+09	8.3248e+09	8.12048e+09	7.12994e+09	8.28204e+09	7.21445e+09	7.15604e+09	8.2621e+09	8.55969e+09	8.10642e+09	8.0333e+09	8.05862e+09	8.2978e+09	7.71532e+09	7.41645e+09	7.90976e+09	7.43176e+09	7.52273e+09	7.4117e+09	7.04213e+09	8.10551e+09	7.13859e+09	7.21416e+09	6.84818e+09	8.42596e+09	8.49707e+09	8.27844e+09	8.48738e+09	8.087e+09	7.97342e+09	6.96625e+09	7.3405e+09	7.32978e+09	8.55596e+09	8.55419e+09	8.56112e+09	7.28999e+09	7.90493e+09	7.37018e+09	7.70527e+09	7.94395e+09	7.60756e+09	7.91602e+09	7.33516e+09	8.01156e+09	8.03135e+09	7.94101e+09	8.02411e+09	7.34246e+09	7.52178e+09	8.05944e+09	7.81741e+09	7.82591e+09	7.31432e+09	7.01652e+09	6.34267e+09	6.42593e+09	7.12346e+09	6.86977e+09	7.00051e+09	6.46081e+09	7.07972e+09	7.08228e+09	6.8101e+09	6.28969e+09	6.79638e+09	5.63261e+09	6.77701e+09	7.03922e+09	6.99874e+09	7.27853e+09	7.0772e+09	6.88642e+09	7.79253e+09	6.42968e+09	6.33843e+09	7.38027e+09	6.54272e+09	7.79525e+09	8.25094e+09	8.39561e+09	8.25826e+09	7.77649e+09	8.80382e+09	8.77817e+09
ERR605567	7.33172e+09	8.56763e+09	7.42645e+09	7.36097e+09	8.6109e+09	8.39369e+09	8.47034e+09	8.46441e+09	8.73293e+09	8.46295e+09	8.7989e+09	8.20561e+09	8.39929e+09	8.19148e+09	7.18605e+09	8.35556e+09	7.27179e+09	7.21272e+09	8.33854e+09	8.64052e+09	8.18018e+09	8.10601e+09	8.13176e+09	8.37452e+09	7.7802e+09	7.47809e+09	7.97733e+09	7.49333e+09	7.58616e+09	7.47271e+09	7.09978e+09	8.17785e+09	7.19709e+09	7.27348e+09	6.90426e+09	8.50301e+09	8.57602e+09	8.35286e+09	8.56532e+09	8.1576e+09	8.0416e+09	7.02152e+09	7.39852e+09	7.38736e+09	8.63309e+09	8.63218e+09	8.63869e+09	7.34796e+09	7.97278e+09	7.43079e+09	7.76998e+09	8.0126e+09	7.671e+09	7.98416e+09	7.39419e+09	8.08102e+09	8.10076e+09	8.00938e+09	8.0935e+09	7.40196e+09	7.588e+09	8.13239e+09	7.88671e+09	7.89587e+09	7.37742e+09	7.07609e+09	6.39984e+09	6.48404e+09	7.18913e+09	6.93274e+09	7.06518e+09	6.5195e+09	7.13459e+09	7.13661e+09	6.86117e+09	6.33522e+09	6.84778e+09	5.67206e+09	6.83832e+09	7.10284e+09	7.0621e+09	7.34561e+09	7.14226e+09	6.94931e+09	7.85896e+09	6.48005e+09	6.38751e+09	7.44215e+09	6.59395e+09	7.86187e+09	8.32386e+09	8.47125e+09	8.33154e+09	7.84275e+09	8.88654e+09	8.86004e+09
ERR605565	7.07823e+09	8.22765e+09	7.16643e+09	7.10423e+09	8.26643e+09	8.06715e+09	8.14645e+09	8.13623e+09	8.38718e+09	8.13518e+09	8.20561e+09	8.14348e+09	8.07e+09	7.87967e+09	6.94137e+09	8.03144e+09	7.0221e+09	6.96633e+09	8.00361e+09	8.28559e+09	7.85151e+09	7.78105e+09	7.80644e+09	8.03606e+09	7.49871e+09	7.2189e+09	7.68127e+09	7.23347e+09	7.31936e+09	7.21392e+09	6.84669e+09	7.86231e+09	6.93973e+09	7.01167e+09	6.6697e+09	8.16236e+09	8.23815e+09	8.03347e+09	8.22674e+09	7.84646e+09	7.73826e+09	6.78104e+09	7.13666e+09	7.12689e+09	8.29258e+09	8.29178e+09	8.29805e+09	7.08854e+09	7.67951e+09	7.17712e+09	7.49265e+09	7.71692e+09	7.4e+09	7.68947e+09	7.1349e+09	7.77629e+09	7.79418e+09	7.70992e+09	7.78807e+09	7.14338e+09	7.30222e+09	7.81145e+09	7.57931e+09	7.58828e+09	7.09941e+09	6.81252e+09	6.13874e+09	6.21828e+09	6.87788e+09	6.64157e+09	6.76247e+09	6.25311e+09	6.89456e+09	6.89566e+09	6.63529e+09	6.13492e+09	6.62355e+09	5.49969e+09	6.56093e+09	6.80943e+09	6.77187e+09	7.0378e+09	6.84951e+09	6.66519e+09	7.56365e+09	6.25621e+09	6.16688e+09	7.17279e+09	6.36491e+09	7.56606e+09	7.99886e+09	8.13703e+09	8.00652e+09	7.55712e+09	8.51933e+09	8.49535e+09
ERR637100	7.47374e+09	8.74392e+09	7.5731e+09	7.50603e+09	8.79444e+09	8.56718e+09	8.32842e+09	8.3267e+09	8.5914e+09	8.3248e+09	8.39929e+09	8.07e+09	8.95634e+09	8.48028e+09	7.42338e+09	8.64891e+09	7.51573e+09	7.45424e+09	8.46604e+09	8.7753e+09	8.30994e+09	8.23887e+09	8.26252e+09	8.50835e+09	7.76634e+09	7.45186e+09	7.96103e+09	7.46807e+09	7.56373e+09	7.44785e+09	7.27203e+09	8.3892e+09	7.37244e+09	7.45095e+09	7.05885e+09	8.73496e+09	8.61999e+09	8.40078e+09	8.61474e+09	8.21053e+09	8.09468e+09	7.05739e+09	7.37388e+09	7.36247e+09	8.6031e+09	8.60347e+09	8.60728e+09	7.32197e+09	8.01818e+09	7.46608e+09	7.81265e+09	8.05587e+09	7.71368e+09	8.03085e+09	7.37321e+09	8.07034e+09	8.09234e+09	7.99601e+09	8.0842e+09	7.37488e+09	7.49258e+09	8.04656e+09	7.79985e+09	7.8091e+09	7.28072e+09	6.98222e+09	6.2791e+09	6.36376e+09	7.08937e+09	6.82295e+09	6.96475e+09	6.39542e+09	7.04021e+09	7.0444e+09	6.76902e+09	6.24239e+09	6.75167e+09	5.5807e+09	6.75846e+09	7.03029e+09	6.9855e+09	7.27229e+09	7.05788e+09	6.87096e+09	7.82497e+09	6.42366e+09	6.33037e+09	7.38333e+09	6.54074e+09	7.82358e+09	8.4984e+09	8.64442e+09	8.50575e+09	7.9829e+09	9.07082e+09	9.046e+09
ERR637099	7.31356e+09	8.51674e+09	7.40849e+09	7.34369e+09	8.56142e+09	8.35101e+09	8.12462e+09	8.12163e+09	8.37406e+09	8.12048e+09	8.19148e+09	7.87967e+09	8.48028e+09	8.50942e+09	7.26908e+09	8.43147e+09	7.35751e+09	7.29846e+09	8.24039e+09	8.53511e+09	8.08688e+09	8.01795e+09	8.04188e+09	8.28043e+09	7.59229e+09	7.2965e+09	7.77614e+09	7.31205e+09	7.4021e+09	7.29282e+09	7.1056e+09	8.18105e+09	7.20301e+09	7.27959e+09	6.91093e+09	8.50591e+09	8.40362e+09	8.19596e+09	8.39622e+09	8.00872e+09	7.89772e+09	6.90368e+09	7.20627e+09	7.19582e+09	8.38684e+09	8.38723e+09	8.39087e+09	7.15576e+09	7.83589e+09	7.31401e+09	7.64147e+09	7.87218e+09	7.54727e+09	7.84828e+09	7.21156e+09	7.87709e+09	7.89787e+09	7.80767e+09	7.89042e+09	7.21456e+09	7.30801e+09	7.83622e+09	7.59946e+09	7.60953e+09	7.10019e+09	6.80891e+09	6.1018e+09	6.18335e+09	6.87242e+09	6.62216e+09	6.75374e+09	6.21507e+09	6.8922e+09	6.89439e+09	6.62975e+09	6.1183e+09	6.61316e+09	5.47396e+09	6.56906e+09	6.82767e+09	6.7856e+09	7.05971e+09	6.85837e+09	6.67707e+09	7.63409e+09	6.27983e+09	6.18704e+09	7.21319e+09	6.39297e+09	7.63276e+09	8.28189e+09	8.42176e+09	8.28847e+09	7.80043e+09	8.82281e+09	8.7987e+09
ERR637104	6.54094e+09	7.43929e+09	6.61561e+09	6.56481e+09	7.47464e+09	7.31768e+09	7.13232e+09	7.13134e+09	7.3244e+09	7.12994e+09	7.18605e+09	6.94137e+09	7.42338e+09	7.26908e+09	6.69776e+09	7.38546e+09	6.59292e+09	6.54724e+09	7.16965e+09	7.40939e+09	7.0399e+09	6.98431e+09	7.0042e+09	7.2017e+09	6.72241e+09	6.49354e+09	6.8624e+09	6.50566e+09	6.57379e+09	6.49149e+09	6.30944e+09	7.18533e+09	6.3923e+09	6.45657e+09	6.16092e+09	7.43398e+09	7.34284e+09	7.18561e+09	7.33921e+09	7.03843e+09	6.94988e+09	6.13526e+09	6.39024e+09	6.38325e+09	7.33791e+09	7.33888e+09	7.34137e+09	6.34911e+09	6.9259e+09	6.52325e+09	6.77599e+09	6.95163e+09	6.70557e+09	6.93636e+09	6.40905e+09	6.93647e+09	6.95269e+09	6.88215e+09	6.94652e+09	6.41078e+09	6.37528e+09	6.81027e+09	6.61424e+09	6.62393e+09	6.19905e+09	5.94995e+09	5.23167e+09	5.29861e+09	5.8605e+09	5.66023e+09	5.76368e+09	5.32515e+09	6.1551e+09	6.15399e+09	5.9336e+09	5.4957e+09	5.92043e+09	4.93405e+09	5.65354e+09	5.86521e+09	5.83343e+09	6.05699e+09	5.89485e+09	5.74353e+09	6.71651e+09	5.57142e+09	5.48852e+09	6.36877e+09	5.66781e+09	6.71557e+09	7.27296e+09	7.37581e+09	7.27816e+09	6.90419e+09	7.67221e+09	7.65441e+09
ERR637101	7.43394e+09	8.69118e+09	7.53208e+09	7.46592e+09	8.73666e+09	8.51554e+09	8.2868e+09	8.28295e+09	8.54551e+09	8.28204e+09	8.35556e+09	8.03144e+09	8.64891e+09	8.43147e+09	7.38546e+09	8.84795e+09	7.47624e+09	7.41554e+09	8.41556e+09	8.71987e+09	8.25804e+09	8.18664e+09	8.21059e+09	8.45684e+09	7.72847e+09	7.42223e+09	7.92071e+09	7.43821e+09	7.53148e+09	7.41816e+09	7.23257e+09	8.3408e+09	7.33205e+09	7.41076e+09	7.02929e+09	8.67915e+09	8.57683e+09	8.35975e+09	8.56874e+09	8.16628e+09	8.05122e+09	7.02622e+09	7.33607e+09	7.32483e+09	8.55657e+09	8.55645e+09	8.56078e+09	7.28441e+09	7.97938e+09	7.43624e+09	7.77666e+09	8.01709e+09	7.67835e+09	7.99154e+09	7.33675e+09	8.02614e+09	8.04794e+09	7.95355e+09	8.03979e+09	7.3406e+09	7.45911e+09	8.00339e+09	7.75927e+09	7.76928e+09	7.24591e+09	6.94724e+09	6.24571e+09	6.32944e+09	7.04043e+09	6.78123e+09	6.91763e+09	6.36171e+09	7.00798e+09	7.01079e+09	6.73855e+09	6.2159e+09	6.72176e+09	5.55798e+09	6.71864e+09	6.98593e+09	6.94159e+09	7.22531e+09	7.01714e+09	6.83018e+09	7.78077e+09	6.39198e+09	6.29831e+09	7.34879e+09	6.50751e+09	7.77943e+09	8.44238e+09	8.58899e+09	8.44988e+09	7.94124e+09	9.0095e+09	8.9844e+09
ERR637103	6.61155e+09	7.53145e+09	6.6871e+09	6.63583e+09	7.56744e+09	7.4071e+09	7.21704e+09	7.2161e+09	7.41388e+09	7.21445e+09	7.27179e+09	7.0221e+09	7.51573e+09	7.35751e+09	6.59292e+09	7.47624e+09	6.84317e+09	6.61714e+09	7.2603e+09	7.50388e+09	7.12935e+09	7.07255e+09	7.09184e+09	7.29297e+09	6.79895e+09	6.5642e+09	6.94185e+09	6.57673e+09	6.64666e+09	6.56234e+09	6.37986e+09	7.2723e+09	6.46417e+09	6.52944e+09	6.22819e+09	7.52684e+09	7.4332e+09	7.27276e+09	7.4293e+09	7.12121e+09	7.03184e+09	6.20246e+09	6.4613e+09	6.45414e+09	7.42697e+09	7.42834e+09	7.43054e+09	6.41931e+09	7.00518e+09	6.59319e+09	6.85207e+09	7.0318e+09	6.7798e+09	7.0156e+09	6.4787e+09	7.01733e+09	7.0339e+09	6.96234e+09	7.02804e+09	6.48071e+09	6.45202e+09	6.89476e+09	6.69545e+09	6.70504e+09	6.27308e+09	6.02085e+09	5.30182e+09	5.36976e+09	5.94121e+09	5.73659e+09	5.84325e+09	5.39721e+09	6.22013e+09	6.21938e+09	5.9953e+09	5.55094e+09	5.98146e+09	4.98194e+09	5.72821e+09	5.94351e+09	5.91073e+09	6.13811e+09	5.97326e+09	5.81934e+09	6.79409e+09	5.63212e+09	5.54798e+09	6.44104e+09	5.7299e+09	6.79343e+09	7.36069e+09	7.46622e+09	7.36592e+09	6.98379e+09	7.7697e+09	7.75116e+09
ERR637102	6.56468e+09	7.46871e+09	6.63931e+09	6.5885e+09	7.50486e+09	7.34661e+09	7.15901e+09	7.1577e+09	7.35254e+09	7.15604e+09	7.21272e+09	6.96633e+09	7.45424e+09	7.29846e+09	6.54724e+09	7.41554e+09	6.61714e+09	6.74756e+09	7.19797e+09	7.43862e+09	7.06854e+09	7.01254e+09	7.0316e+09	7.23012e+09	6.74644e+09	6.51451e+09	6.88707e+09	6.52691e+09	6.59574e+09	6.51237e+09	6.33252e+09	7.21392e+09	6.41631e+09	6.48036e+09	6.18235e+09	7.46518e+09	7.37051e+09	7.21273e+09	7.36738e+09	7.06482e+09	6.97621e+09	6.15628e+09	6.41317e+09	6.40648e+09	7.36636e+09	7.36788e+09	7.36947e+09	6.37161e+09	6.9515e+09	6.54561e+09	6.80068e+09	6.97716e+09	6.72972e+09	6.96185e+09	6.43141e+09	6.96172e+09	6.97804e+09	6.90766e+09	6.97205e+09	6.43251e+09	6.39784e+09	6.8363e+09	6.63897e+09	6.64868e+09	6.22078e+09	5.97148e+09	5.25111e+09	5.31816e+09	5.88443e+09	5.6823e+09	5.78715e+09	5.34477e+09	6.17563e+09	6.17483e+09	5.95301e+09	5.51267e+09	5.93945e+09	4.94898e+09	5.67599e+09	5.88924e+09	5.85691e+09	6.0815e+09	5.91782e+09	5.76622e+09	6.74082e+09	5.58973e+09	5.50695e+09	6.39028e+09	5.68699e+09	6.74059e+09	7.30159e+09	7.40494e+09	7.3072e+09	6.92932e+09	7.70379e+09	7.68588e+09
ERR626766	7.30376e+09	8.61712e+09	7.4027e+09	7.33511e+09	8.66241e+09	8.42887e+09	8.2681e+09	8.26335e+09	8.53529e+09	8.2621e+09	8.33854e+09	8.00361e+09	8.46604e+09	8.24039e+09	7.16965e+09	8.41556e+09	7.2603e+09	7.19797e+09	8.9161e+09	8.95542e+09	8.47919e+09	8.40343e+09	8.42849e+09	8.68098e+09	7.62863e+09	7.30712e+09	7.83478e+09	7.32389e+09	7.42156e+09	7.30215e+09	7.2038e+09	8.30904e+09	7.30122e+09	7.37918e+09	6.98118e+09	8.65658e+09	8.56979e+09	8.33914e+09	8.56119e+09	8.14677e+09	8.02965e+09	6.99564e+09	7.29635e+09	7.28178e+09	8.52403e+09	8.52287e+09	8.52813e+09	7.24543e+09	7.89879e+09	7.3268e+09	7.68306e+09	7.94036e+09	7.57739e+09	7.91101e+09	7.27493e+09	7.97722e+09	7.99835e+09	7.90147e+09	7.99113e+09	7.2811e+09	7.53523e+09	8.09417e+09	7.84612e+09	7.85409e+09	7.3253e+09	7.02406e+09	6.43179e+09	6.51879e+09	7.25494e+09	6.98223e+09	7.12605e+09	6.55257e+09	6.95019e+09	6.9544e+09	6.68284e+09	6.16436e+09	6.6662e+09	5.51155e+09	6.87055e+09	7.14599e+09	7.09956e+09	7.39415e+09	7.17819e+09	6.98445e+09	7.78739e+09	6.40185e+09	6.31015e+09	7.35936e+09	6.51565e+09	7.78819e+09	8.3893e+09	8.5443e+09	8.39802e+09	7.87355e+09	8.99286e+09	8.96389e+09
ERR626765	7.55129e+09	8.9367e+09	7.65611e+09	7.5849e+09	8.98703e+09	8.73679e+09	8.56649e+09	8.56142e+09	8.85107e+09	8.55969e+09	8.64052e+09	8.28559e+09	8.7753e+09	8.53511e+09	7.40939e+09	8.71987e+09	7.50388e+09	7.43862e+09	8.95542e+09	9.58713e+09	8.78646e+09	8.7073e+09	8.73214e+09	8.99807e+09	7.90045e+09	7.55992e+09	8.11781e+09	7.57711e+09	7.6815e+09	7.55482e+09	7.44157e+09	8.60614e+09	7.54383e+09	7.62593e+09	7.2051e+09	8.97714e+09	8.88469e+09	8.63875e+09	8.87646e+09	8.43802e+09	8.31404e+09	7.22403e+09	7.54184e+09	7.52701e+09	8.83644e+09	8.83545e+09	8.84031e+09	7.48863e+09	8.17925e+09	7.57601e+09	7.95224e+09	8.22305e+09	7.84138e+09	8.19228e+09	7.52641e+09	8.2676e+09	8.29009e+09	8.18696e+09	8.28223e+09	7.53174e+09	7.79905e+09	8.39088e+09	8.12818e+09	8.13628e+09	7.58053e+09	7.26688e+09	6.65491e+09	6.74631e+09	7.52388e+09	7.23426e+09	7.38755e+09	6.7815e+09	7.18502e+09	7.19148e+09	6.90506e+09	6.36165e+09	6.88632e+09	5.68124e+09	7.11315e+09	7.40391e+09	7.35462e+09	7.66477e+09	7.43611e+09	7.23308e+09	8.0675e+09	6.61244e+09	6.51746e+09	7.61414e+09	6.73232e+09	8.0682e+09	8.69719e+09	8.86063e+09	8.70702e+09	8.14779e+09	9.33727e+09	9.30651e+09
ERR626769	7.17167e+09	8.45541e+09	7.26878e+09	7.20368e+09	8.5024e+09	8.27127e+09	8.10915e+09	8.10751e+09	8.37183e+09	8.10642e+09	8.18018e+09	7.85151e+09	8.30994e+09	8.08688e+09	7.0399e+09	8.25804e+09	7.12935e+09	7.06854e+09	8.47919e+09	8.78646e+09	8.59676e+09	8.26029e+09	8.28363e+09	8.52034e+09	7.48326e+09	7.16288e+09	7.68596e+09	7.17956e+09	7.27613e+09	7.15867e+09	7.08099e+09	8.15576e+09	7.17645e+09	7.25184e+09	6.85097e+09	8.49801e+09	8.40073e+09	8.17628e+09	8.3957e+09	7.99741e+09	7.88235e+09	6.87104e+09	7.16958e+09	7.15577e+09	8.36249e+09	8.362e+09	8.36622e+09	7.12009e+09	7.74927e+09	7.18297e+09	7.53474e+09	7.78889e+09	7.43191e+09	7.76151e+09	7.14122e+09	7.82917e+09	7.85003e+09	7.75354e+09	7.84264e+09	7.14613e+09	7.39467e+09	7.94494e+09	7.70381e+09	7.71021e+09	7.19383e+09	6.90203e+09	6.32893e+09	6.41493e+09	7.143e+09	6.87051e+09	7.01572e+09	6.44591e+09	6.82424e+09	6.82841e+09	6.5635e+09	6.05742e+09	6.54576e+09	5.41926e+09	6.76023e+09	7.03209e+09	6.98597e+09	7.27522e+09	7.05848e+09	6.87239e+09	7.649e+09	6.29566e+09	6.20713e+09	7.22567e+09	6.40737e+09	7.64957e+09	8.23946e+09	8.38823e+09	8.24822e+09	7.72648e+09	8.82707e+09	8.79906e+09
ERR626770	7.11354e+09	8.37971e+09	7.20973e+09	7.14541e+09	8.42748e+09	8.19903e+09	8.0354e+09	8.03524e+09	8.29541e+09	8.0333e+09	8.10601e+09	7.78105e+09	8.23887e+09	8.01795e+09	6.98431e+09	8.18664e+09	7.07255e+09	7.01254e+09	8.40343e+09	8.7073e+09	8.26029e+09	8.45143e+09	8.21191e+09	8.44546e+09	7.41764e+09	7.09851e+09	7.61768e+09	7.11511e+09	7.21134e+09	7.09434e+09	7.02377e+09	8.08597e+09	7.11795e+09	7.19343e+09	6.79447e+09	8.42438e+09	8.32277e+09	8.10105e+09	8.31919e+09	7.92695e+09	7.81421e+09	6.81358e+09	7.11082e+09	7.0962e+09	8.28763e+09	8.28704e+09	8.29104e+09	7.06164e+09	7.6822e+09	7.12087e+09	7.46926e+09	7.72037e+09	7.36807e+09	7.69516e+09	7.08156e+09	7.76075e+09	7.78175e+09	7.68641e+09	7.77408e+09	7.08536e+09	7.32813e+09	7.87323e+09	7.63528e+09	7.64065e+09	7.13053e+09	6.84276e+09	6.27488e+09	6.35947e+09	7.08098e+09	6.8114e+09	6.95629e+09	6.38964e+09	6.76583e+09	6.77064e+09	6.50854e+09	6.00759e+09	6.48906e+09	5.37633e+09	6.70411e+09	6.97451e+09	6.92872e+09	7.21431e+09	6.99852e+09	6.81579e+09	7.58395e+09	6.24449e+09	6.15738e+09	7.16293e+09	6.35513e+09	7.58329e+09	8.17026e+09	8.31564e+09	8.17964e+09	7.66062e+09	8.7488e+09	8.72152e+09
ERR626768	7.13249e+09	8.4042e+09	7.22977e+09	7.16444e+09	8.45085e+09	8.22253e+09	8.06122e+09	8.05991e+09	8.32126e+09	8.05862e+09	8.13176e+09	7.80644e+09	8.26252e+09	8.04188e+09	7.0042e+09	8.21059e+09	7.09184e+09	7.0316e+09	8.42849e+09	8.73214e+09	8.28363e+09	8.21191e+09	8.4959e+09	8.46903e+09	7.4402e+09	7.12245e+09	7.64095e+09	7.13918e+09	7.23448e+09	7.11791e+09	7.04312e+09	8.10902e+09	7.13749e+09	7.21303e+09	6.81513e+09	8.44814e+09	8.34991e+09	8.12833e+09	8.34547e+09	7.95073e+09	7.8373e+09	6.83425e+09	7.13051e+09	7.11668e+09	8.31259e+09	8.31175e+09	8.31626e+09	7.08165e+09	7.70564e+09	7.14474e+09	7.49334e+09	7.74521e+09	7.39112e+09	7.7183e+09	7.10077e+09	7.78269e+09	7.80293e+09	7.70766e+09	7.79559e+09	7.10556e+09	7.35107e+09	7.89658e+09	7.65745e+09	7.66393e+09	7.15188e+09	6.86234e+09	6.29133e+09	6.37595e+09	7.09805e+09	6.82851e+09	6.97224e+09	6.40706e+09	6.78604e+09	6.79035e+09	6.52748e+09	6.02481e+09	6.50959e+09	5.3915e+09	6.7202e+09	6.98911e+09	6.94408e+09	7.23053e+09	7.01543e+09	6.8308e+09	7.60358e+09	6.25993e+09	6.17269e+09	7.18315e+09	6.37133e+09	7.60344e+09	8.19192e+09	8.33849e+09	8.20096e+09	7.68338e+09	8.77299e+09	8.74517e+09
ERR626767	7.33548e+09	8.65908e+09	7.43555e+09	7.36779e+09	8.70612e+09	8.46959e+09	8.30224e+09	8.29907e+09	8.57316e+09	8.2978e+09	8.37452e+09	8.03606e+09	8.50835e+09	8.28043e+09	7.2017e+09	8.45684e+09	7.29297e+09	7.23012e+09	8.68098e+09	8.99807e+09	8.52034e+09	8.44546e+09	8.46903e+09	8.99941e+09	7.66105e+09	7.33458e+09	7.86886e+09	7.35125e+09	7.45106e+09	7.33026e+09	7.23503e+09	8.34885e+09	7.33382e+09	7.41216e+09	7.00919e+09	8.7008e+09	8.60608e+09	8.37341e+09	8.5982e+09	8.18348e+09	8.06404e+09	7.02222e+09	7.32758e+09	7.31306e+09	8.56343e+09	8.56253e+09	8.5676e+09	7.27635e+09	7.93396e+09	7.35548e+09	7.71495e+09	7.97513e+09	7.60909e+09	7.94649e+09	7.30537e+09	8.01338e+09	8.03466e+09	7.93674e+09	8.02712e+09	7.31114e+09	7.56541e+09	8.1298e+09	7.88003e+09	7.88741e+09	7.35486e+09	7.05304e+09	6.45883e+09	6.54648e+09	7.29063e+09	7.01401e+09	7.16105e+09	6.58013e+09	6.97847e+09	6.98266e+09	6.70972e+09	6.18744e+09	6.69165e+09	5.53166e+09	6.90375e+09	7.18169e+09	7.13491e+09	7.43142e+09	7.21186e+09	7.01831e+09	7.82393e+09	6.42792e+09	6.33569e+09	7.38942e+09	6.54239e+09	7.82396e+09	8.43254e+09	8.58759e+09	8.44135e+09	7.90807e+09	9.04067e+09	9.01139e+09
ERR635317	6.93035e+09	8.01232e+09	7.01524e+09	6.95505e+09	8.05113e+09	7.86247e+09	7.72749e+09	7.71503e+09	7.95069e+09	7.71532e+09	7.7802e+09	7.49871e+09	7.76634e+09	7.59229e+09	6.72241e+09	7.72847e+09	6.79895e+09	6.74644e+09	7.62863e+09	7.90045e+09	7.48326e+09	7.41764e+09	7.4402e+09	7.66105e+09	8.16308e+09	7.64173e+09	8.13345e+09	7.65791e+09	7.75223e+09	7.63662e+09	6.55621e+09	7.51957e+09	6.6453e+09	6.71215e+09	6.39882e+09	7.79884e+09	7.91815e+09	7.72276e+09	7.90862e+09	7.54161e+09	7.43903e+09	6.52439e+09	6.82951e+09	6.82102e+09	7.92535e+09	7.92465e+09	7.93075e+09	6.78471e+09	7.6198e+09	7.13791e+09	7.44378e+09	7.65322e+09	7.35394e+09	7.62812e+09	7.44871e+09	8.11579e+09	8.13601e+09	8.04754e+09	8.12733e+09	7.45691e+09	7.5311e+09	8.04716e+09	7.81219e+09	7.8229e+09	7.32827e+09	7.03461e+09	6.33143e+09	6.41151e+09	7.07675e+09	6.84176e+09	6.96291e+09	6.44283e+09	7.09667e+09	7.10057e+09	6.82849e+09	6.31114e+09	6.81404e+09	5.65253e+09	6.80492e+09	7.05947e+09	7.02113e+09	7.28741e+09	7.09759e+09	6.91346e+09	7.88751e+09	6.53086e+09	6.44056e+09	7.48147e+09	6.6459e+09	7.89181e+09	7.73229e+09	7.86418e+09	7.73936e+09	7.31492e+09	8.21686e+09	8.19627e+09
ERR635320	6.69248e+09	7.69096e+09	6.77077e+09	6.71412e+09	7.72022e+09	7.55218e+09	7.43137e+09	7.41632e+09	7.63442e+09	7.41645e+09	7.47809e+09	7.2189e+09	7.45186e+09	7.2965e+09	6.49354e+09	7.42223e+09	6.5642e+09	6.51451e+09	7.30712e+09	7.55992e+09	7.16288e+09	7.09851e+09	7.12245e+09	7.33458e+09	7.64173e+09	7.58971e+09	7.8163e+09	7.40448e+09	7.48078e+09	7.3836e+09	6.31141e+09	7.22081e+09	6.39617e+09	6.45951e+09	6.1837e+09	7.47314e+09	7.61047e+09	7.42909e+09	7.59494e+09	7.24583e+09	7.15061e+09	6.29834e+09	6.57405e+09	6.56776e+09	7.60861e+09	7.60796e+09	7.6149e+09	6.53274e+09	7.33895e+09	6.90465e+09	7.17904e+09	7.37119e+09	7.09642e+09	7.3456e+09	7.17627e+09	7.79232e+09	7.8101e+09	7.72977e+09	7.80307e+09	7.18991e+09	7.22748e+09	7.6971e+09	7.47755e+09	7.4903e+09	7.02877e+09	6.74587e+09	6.0439e+09	6.11795e+09	6.71716e+09	6.50842e+09	6.61009e+09	6.15139e+09	6.85074e+09	6.84952e+09	6.59543e+09	6.10593e+09	6.58532e+09	5.47837e+09	6.49015e+09	6.72155e+09	6.68814e+09	6.93603e+09	6.77009e+09	6.59005e+09	7.56426e+09	6.28963e+09	6.20047e+09	7.20099e+09	6.39776e+09	7.56964e+09	7.4185e+09	7.54488e+09	7.4258e+09	7.04878e+09	7.86696e+09	7.84668e+09
ERR635318	7.07836e+09	8.21849e+09	7.16662e+09	7.10486e+09	8.25955e+09	8.05941e+09	7.92188e+09	7.90917e+09	8.15656e+09	7.90976e+09	7.97733e+09	7.68127e+09	7.96103e+09	7.77614e+09	6.8624e+09	7.92071e+09	6.94185e+09	6.88707e+09	7.83478e+09	8.11781e+09	7.68596e+09	7.61768e+09	7.64095e+09	7.86886e+09	8.13345e+09	7.8163e+09	8.57464e+09	7.83291e+09	7.93222e+09	7.81002e+09	6.70863e+09	7.70786e+09	6.80057e+09	6.8699e+09	6.53706e+09	8.00189e+09	8.12267e+09	7.9157e+09	8.11354e+09	7.73013e+09	7.62336e+09	6.67237e+09	6.98846e+09	6.97918e+09	8.12979e+09	8.12832e+09	8.13493e+09	6.94198e+09	7.79848e+09	7.28899e+09	7.61155e+09	7.83359e+09	7.51702e+09	7.80726e+09	7.62212e+09	8.32497e+09	8.34672e+09	8.25179e+09	8.33722e+09	7.6307e+09	7.73714e+09	8.27926e+09	8.03421e+09	8.04357e+09	7.52884e+09	7.22479e+09	6.53105e+09	6.61483e+09	7.3152e+09	7.06515e+09	7.19453e+09	6.64635e+09	7.2567e+09	7.26197e+09	6.97798e+09	6.44329e+09	6.96273e+09	5.76527e+09	7.01168e+09	7.27954e+09	7.23891e+09	7.51975e+09	7.31699e+09	7.12512e+09	8.0945e+09	6.68485e+09	6.59336e+09	7.66959e+09	6.80395e+09	8.0986e+09	7.92586e+09	8.06384e+09	7.93358e+09	7.48484e+09	8.43768e+09	8.4163e+09
ERR635319	6.7043e+09	7.70674e+09	6.78307e+09	6.72599e+09	7.73607e+09	7.56773e+09	7.44645e+09	7.43129e+09	7.65065e+09	7.43176e+09	7.49333e+09	7.23347e+09	7.46807e+09	7.31205e+09	6.50566e+09	7.43821e+09	6.57673e+09	6.52691e+09	7.32389e+09	7.57711e+09	7.17956e+09	7.11511e+09	7.13918e+09	7.35125e+09	7.65791e+09	7.40448e+09	7.83291e+09	7.62e+09	7.49566e+09	7.39798e+09	6.32367e+09	7.23525e+09	6.40889e+09	6.47238e+09	6.19564e+09	7.48903e+09	7.62689e+09	7.44495e+09	7.61103e+09	7.26115e+09	7.16568e+09	6.31099e+09	6.5872e+09	6.58079e+09	7.62418e+09	7.62362e+09	7.63094e+09	6.54554e+09	7.35386e+09	6.91732e+09	7.19289e+09	7.38594e+09	7.10985e+09	7.35991e+09	7.19032e+09	7.80885e+09	7.82698e+09	7.74591e+09	7.82024e+09	7.20408e+09	7.24422e+09	7.71539e+09	7.49502e+09	7.50767e+09	7.04467e+09	6.76076e+09	6.06061e+09	6.13492e+09	6.7353e+09	6.52656e+09	6.62855e+09	6.16844e+09	6.8644e+09	6.86355e+09	6.60894e+09	6.11792e+09	6.5978e+09	5.48836e+09	6.50636e+09	6.73876e+09	6.70541e+09	6.95391e+09	6.78774e+09	6.60684e+09	7.58082e+09	6.30248e+09	6.2127e+09	7.21647e+09	6.41059e+09	7.58599e+09	7.43423e+09	7.56052e+09	7.44101e+09	7.06264e+09	7.88434e+09	7.86423e+09
ERR635316	6.77554e+09	7.80581e+09	6.85641e+09	6.79867e+09	7.83792e+09	7.66281e+09	7.53902e+09	7.52255e+09	7.74826e+09	7.52273e+09	7.58616e+09	7.31936e+09	7.56373e+09	7.4021e+09	6.57379e+09	7.53148e+09	6.64666e+09	6.59574e+09	7.42156e+09	7.6815e+09	7.27613e+09	7.21134e+09	7.23448e+09	7.45106e+09	7.75223e+09	7.48078e+09	7.93222e+09	7.49566e+09	7.7952e+09	7.47547e+09	6.39691e+09	7.32678e+09	6.48296e+09	6.54772e+09	6.26283e+09	7.58819e+09	7.72349e+09	7.53517e+09	7.70874e+09	7.35025e+09	7.25225e+09	6.37971e+09	6.66418e+09	6.65766e+09	7.72187e+09	7.7211e+09	7.72813e+09	6.62188e+09	7.44096e+09	6.99106e+09	7.27726e+09	7.47415e+09	7.19246e+09	7.448e+09	7.27569e+09	7.90824e+09	7.92675e+09	7.84466e+09	7.91951e+09	7.28606e+09	7.34195e+09	7.82643e+09	7.60045e+09	7.61252e+09	7.13914e+09	6.8536e+09	6.14668e+09	6.22265e+09	6.84411e+09	6.62965e+09	6.73573e+09	6.25679e+09	6.93964e+09	6.94102e+09	6.67978e+09	6.18045e+09	6.66819e+09	5.54154e+09	6.60419e+09	6.84303e+09	6.8076e+09	7.06051e+09	6.89035e+09	6.70631e+09	7.67973e+09	6.37594e+09	6.286e+09	7.30241e+09	6.48647e+09	7.68509e+09	7.52786e+09	7.65768e+09	7.53497e+09	7.1439e+09	7.99073e+09	7.96992e+09
ERR635321	6.69003e+09	7.68619e+09	6.7684e+09	6.7115e+09	7.71576e+09	7.54796e+09	7.42631e+09	7.41136e+09	7.62894e+09	7.4117e+09	7.47271e+09	7.21392e+09	7.44785e+09	7.29282e+09	6.49149e+09	7.41816e+09	6.56234e+09	6.51237e+09	7.30215e+09	7.55482e+09	7.15867e+09	7.09434e+09	7.11791e+09	7.33026e+09	7.63662e+09	7.3836e+09	7.81002e+09	7.39798e+09	7.47547e+09	7.57771e+09	6.30852e+09	7.2166e+09	6.39297e+09	6.4566e+09	6.18075e+09	7.46954e+09	7.60511e+09	7.42461e+09	7.59007e+09	7.24179e+09	7.14658e+09	6.29489e+09	6.57097e+09	6.56429e+09	7.60388e+09	7.60284e+09	7.60977e+09	6.52943e+09	7.33444e+09	6.90033e+09	7.1749e+09	7.36658e+09	7.0925e+09	7.34114e+09	7.17083e+09	7.78595e+09	7.80375e+09	7.72363e+09	7.79733e+09	7.1848e+09	7.22006e+09	7.68959e+09	7.46992e+09	7.48265e+09	7.02128e+09	6.73922e+09	6.03781e+09	6.11106e+09	6.70992e+09	6.50144e+09	6.60346e+09	6.14473e+09	6.84612e+09	6.84569e+09	6.59211e+09	6.10289e+09	6.58152e+09	5.47574e+09	6.48376e+09	6.71549e+09	6.68203e+09	6.92935e+09	6.76343e+09	6.58395e+09	7.55902e+09	6.28515e+09	6.19605e+09	7.19538e+09	6.39367e+09	7.56428e+09	7.41526e+09	7.5406e+09	7.42203e+09	7.04549e+09	7.86269e+09	7.84273e+09
ERR608936	6.37975e+09	7.34594e+09	6.45563e+09	6.40417e+09	7.38256e+09	7.21117e+09	7.04421e+09	7.04359e+09	7.24351e+09	7.04213e+09	7.09978e+09	6.84669e+09	7.27203e+09	7.1056e+09	6.30944e+09	7.23257e+09	6.37986e+09	6.33252e+09	7.2038e+09	7.44157e+09	7.08099e+09	7.02377e+09	7.04312e+09	7.23503e+09	6.55621e+09	6.31141e+09	6.70863e+09	6.32367e+09	6.39691e+09	6.30852e+09	6.51279e+09	7.18776e+09	6.3972e+09	6.46017e+09	6.13776e+09	7.45014e+09	7.27745e+09	7.11056e+09	7.27403e+09	6.96929e+09	6.87964e+09	6.06776e+09	6.31019e+09	6.30105e+09	7.25334e+09	7.25418e+09	7.25682e+09	6.27043e+09	6.78804e+09	6.35691e+09	6.62568e+09	6.81688e+09	6.54898e+09	6.79802e+09	6.27063e+09	6.80703e+09	6.82263e+09	6.74935e+09	6.81664e+09	6.27351e+09	6.36153e+09	6.80302e+09	6.60737e+09	6.61527e+09	6.19291e+09	5.94888e+09	5.34497e+09	5.41376e+09	5.99322e+09	5.7818e+09	5.89223e+09	5.4403e+09	6.01015e+09	6.01139e+09	5.79597e+09	5.36938e+09	5.78097e+09	4.82377e+09	5.73715e+09	5.95353e+09	5.91969e+09	6.14944e+09	5.98043e+09	5.82818e+09	6.62421e+09	5.50422e+09	5.42664e+09	6.28252e+09	5.59774e+09	6.62346e+09	7.16946e+09	7.27817e+09	7.17509e+09	6.78272e+09	7.59936e+09	7.58037e+09
ERR608932	7.27452e+09	8.48838e+09	7.36942e+09	7.30491e+09	8.53303e+09	8.31775e+09	8.11024e+09	8.10732e+09	8.36121e+09	8.10551e+09	8.17785e+09	7.86231e+09	8.3892e+09	8.18105e+09	7.18533e+09	8.3408e+09	7.2723e+09	7.21392e+09	8.30904e+09	8.60614e+09	8.15576e+09	8.08597e+09	8.10902e+09	8.34885e+09	7.51957e+09	7.22081e+09	7.70786e+09	7.23525e+09	7.32678e+09	7.2166e+09	7.18776e+09	8.52717e+09	7.28699e+09	7.36453e+09	6.9844e+09	8.6144e+09	8.40403e+09	8.19232e+09	8.39674e+09	8.00824e+09	7.89579e+09	6.89791e+09	7.19089e+09	7.17954e+09	8.36994e+09	8.3705e+09	8.37497e+09	7.14189e+09	7.79558e+09	7.26637e+09	7.59696e+09	7.83227e+09	7.50129e+09	7.80766e+09	7.15668e+09	7.82332e+09	7.84278e+09	7.75249e+09	7.83655e+09	7.16059e+09	7.29735e+09	7.83329e+09	7.59377e+09	7.60302e+09	7.09043e+09	6.79861e+09	6.1205e+09	6.2023e+09	6.90031e+09	6.64457e+09	6.77856e+09	6.23512e+09	6.83818e+09	6.84013e+09	6.5772e+09	6.06692e+09	6.56033e+09	5.42475e+09	6.57596e+09	6.83722e+09	6.79518e+09	7.07319e+09	6.86937e+09	6.68474e+09	7.59387e+09	6.24162e+09	6.14906e+09	7.17624e+09	6.3532e+09	7.59345e+09	8.25854e+09	8.39847e+09	8.26564e+09	7.77628e+09	8.80484e+09	8.78119e+09
ERR608935	6.46421e+09	7.44819e+09	6.54164e+09	6.48958e+09	7.48529e+09	7.31046e+09	7.14061e+09	7.14036e+09	7.3438e+09	7.13859e+09	7.19709e+09	6.93973e+09	7.37244e+09	7.20301e+09	6.3923e+09	7.33205e+09	6.46417e+09	6.41631e+09	7.30122e+09	7.54383e+09	7.17645e+09	7.11795e+09	7.13749e+09	7.33382e+09	6.6453e+09	6.39617e+09	6.80057e+09	6.40889e+09	6.48296e+09	6.39297e+09	6.3972e+09	7.28699e+09	6.68051e+09	6.54503e+09	6.21553e+09	7.55475e+09	7.37756e+09	7.20766e+09	7.37452e+09	7.06413e+09	6.97273e+09	6.14537e+09	6.39326e+09	6.3837e+09	7.35377e+09	7.35466e+09	7.35719e+09	6.35226e+09	6.88084e+09	6.44164e+09	6.71564e+09	6.90999e+09	6.63727e+09	6.89097e+09	6.35365e+09	6.90034e+09	6.91585e+09	6.84129e+09	6.91037e+09	6.35649e+09	6.44427e+09	6.89456e+09	6.69471e+09	6.70276e+09	6.27231e+09	6.02448e+09	5.41162e+09	5.48153e+09	6.07117e+09	5.85557e+09	5.96847e+09	5.50828e+09	6.0891e+09	6.08997e+09	5.86998e+09	5.43605e+09	5.8558e+09	4.8814e+09	5.8094e+09	6.02909e+09	5.99517e+09	6.22896e+09	6.05629e+09	5.90164e+09	6.71286e+09	5.57187e+09	5.49262e+09	6.36388e+09	5.66714e+09	6.71209e+09	7.26828e+09	7.37938e+09	7.27442e+09	6.87411e+09	7.7059e+09	7.68719e+09
