	ERR636774	ERR636771	ERR636770	ERR636772	ERR636769	ERR636773	ERR630233	ERR630231	ERR630235	ERR630232	ERR630230	ERR630234	ERR613232	ERR613231	ERR613229	ERR613228	ERR613230	ERR613227	ERR626870	ERR626867	ERR626868	ERR626872	ERR626869	ERR626871	ERR618633	ERR618635	ERR618638	ERR618636	ERR618637	ERR618634	ERR636777	ERR636779	ERR636780	ERR636778	ERR636775	ERR636776	ERR617522	ERR617518	ERR617517	ERR617521	ERR617519	ERR617520	ERR613974	ERR613977	ERR613972	ERR613975	ERR613973	ERR613976	ERR630443	ERR630444	ERR630442	ERR630445	ERR630440	ERR630441	ERR631301	ERR631297	ERR631302	ERR631298	ERR631300	ERR631299	ERR605542	ERR605543	ERR605539	ERR605540	ERR605541	ERR605544	ERR613495	ERR613494	ERR613491	ERR613492	ERR613496	ERR613493	ERR626607	ERR626603	ERR626606	ERR626602	ERR626605	ERR626604	ERR608432	ERR608431	ERR608430	ERR608427	ERR608429	ERR608428	ERR630211	ERR630208	ERR630209	ERR630210	ERR630207	ERR630206	ERR617510	ERR617507	ERR617508	ERR617509	ERR617506	ERR617505
ERR636774	0	0.236366	0.235702	0.234704	0.240299	0.234343	0.420552	0.43756	0.43075	0.440411	0.421802	0.420704	0.399886	0.398435	0.353242	0.347159	0.409059	0.348593	0.377237	0.334392	0.336195	0.334986	0.337011	0.377889	0.326705	0.328739	0.348268	0.338658	0.347381	0.327524	0.304973	0.303369	0.300564	0.300001	0.317151	0.305915	0.442421	0.438647	0.431784	0.452948	0.439469	0.459715	0.319686	0.288172	0.290346	0.305623	0.298841	0.305776	0.438251	0.438263	0.436681	0.435608	0.433539	0.43927	0.361979	0.363349	0.363451	0.371208	0.362411	0.35442	0.462073	0.461678	0.456492	0.461348	0.465965	0.463176	0.425666	0.423368	0.411667	0.411678	0.425081	0.411363	0.468547	0.456014	0.466707	0.440983	0.469598	0.484448	0.475293	0.478077	0.478929	0.512249	0.483784	0.48279	0.484882	0.500831	0.481467	0.481515	0.491759	0.481632	0.496601	0.491597	0.509797	0.502886	0.492247	0.487352
ERR636771	0.236366	0	0.235275	0.236578	0.237537	0.236672	0.417999	0.434037	0.426722	0.437315	0.419583	0.418272	0.4001	0.398565	0.355857	0.350139	0.408325	0.353204	0.3814	0.339849	0.340194	0.340067	0.34132	0.381714	0.330336	0.331248	0.352008	0.342704	0.351238	0.32943	0.303838	0.301804	0.299299	0.298966	0.315972	0.306231	0.445852	0.443258	0.435268	0.456966	0.444201	0.463467	0.317353	0.29033	0.292146	0.30719	0.299203	0.307056	0.441522	0.441343	0.439688	0.43859	0.436489	0.440452	0.365332	0.367266	0.366951	0.37567	0.365694	0.358981	0.46313	0.462555	0.458076	0.462533	0.466222	0.464119	0.426275	0.423939	0.411853	0.412057	0.425762	0.411612	0.471082	0.458548	0.469377	0.444256	0.472356	0.485229	0.480829	0.483336	0.484233	0.513227	0.488802	0.487229	0.485496	0.502725	0.483357	0.483806	0.493127	0.48423	0.49934	0.495043	0.512574	0.506015	0.495657	0.489708
ERR636770	0.235702	0.235275	0	0.236448	0.237374	0.235915	0.419524	0.435622	0.429415	0.438231	0.420348	0.4195	0.399618	0.398156	0.354208	0.348221	0.408699	0.3495	0.37661	0.336248	0.337215	0.336506	0.338096	0.377062	0.328963	0.33041	0.348897	0.339883	0.348081	0.329299	0.304413	0.302816	0.3002	0.2996	0.315673	0.304664	0.443515	0.439895	0.433649	0.453439	0.440864	0.460057	0.316852	0.286654	0.287964	0.302298	0.295785	0.302613	0.440441	0.440376	0.438933	0.438014	0.435909	0.441307	0.362026	0.363593	0.363213	0.370879	0.362401	0.354701	0.462376	0.462053	0.457483	0.462314	0.466052	0.463233	0.425096	0.422788	0.412034	0.411949	0.424756	0.411689	0.46708	0.454892	0.465326	0.440192	0.46828	0.483611	0.47754	0.479996	0.480863	0.512836	0.484726	0.483843	0.487307	0.50273	0.483967	0.483858	0.493869	0.484234	0.496983	0.491975	0.509399	0.502737	0.492422	0.487962
ERR636772	0.234704	0.236578	0.236448	0	0.240225	0.234721	0.420077	0.436743	0.42979	0.439426	0.421152	0.420219	0.40032	0.398796	0.354372	0.348521	0.409314	0.350128	0.379359	0.336937	0.338408	0.337523	0.339312	0.380011	0.328243	0.330187	0.350057	0.34039	0.349204	0.328856	0.305722	0.304053	0.301445	0.300935	0.318058	0.306913	0.443891	0.44035	0.433014	0.454551	0.441202	0.46113	0.319557	0.289042	0.291199	0.306273	0.299332	0.306506	0.43941	0.43938	0.437544	0.43676	0.434585	0.439882	0.363272	0.364669	0.364685	0.372749	0.363561	0.356096	0.462389	0.461979	0.456834	0.461632	0.466044	0.463498	0.425869	0.423446	0.411707	0.411783	0.425276	0.411462	0.469175	0.456717	0.467438	0.441973	0.470337	0.484644	0.476849	0.479539	0.480368	0.512506	0.485204	0.484009	0.485246	0.501508	0.482245	0.482289	0.492362	0.482524	0.497654	0.492878	0.510688	0.503947	0.493407	0.488233
ERR636769	0.240299	0.237537	0.237374	0.240225	0	0.240358	0.413825	0.42341	0.419637	0.425945	0.413837	0.413576	0.396236	0.394612	0.360032	0.357122	0.402959	0.362197	0.37805	0.346945	0.343236	0.346704	0.344922	0.378282	0.342137	0.341093	0.358383	0.351894	0.357421	0.338141	0.300952	0.298741	0.297502	0.297217	0.308951	0.30295	0.452592	0.451989	0.443227	0.462723	0.453078	0.467744	0.303014	0.288357	0.289301	0.297941	0.290252	0.297951	0.449555	0.448922	0.447412	0.447326	0.444689	0.446717	0.366114	0.369514	0.367754	0.37671	0.366814	0.36436	0.462689	0.462388	0.459087	0.462466	0.464779	0.463625	0.423923	0.421814	0.413513	0.413444	0.423244	0.413166	0.467298	0.455668	0.465713	0.443364	0.468216	0.479324	0.491971	0.494091	0.495064	0.514206	0.497893	0.494395	0.493898	0.508506	0.493296	0.493557	0.500354	0.494085	0.501801	0.499171	0.513699	0.508039	0.499535	0.493131
ERR636773	0.234343	0.236672	0.235915	0.234721	0.240358	0	0.420393	0.437325	0.430344	0.439924	0.421461	0.420535	0.399581	0.397881	0.352915	0.346971	0.408808	0.348326	0.377914	0.335155	0.336866	0.33579	0.337752	0.378449	0.326866	0.328969	0.348525	0.338954	0.347624	0.327694	0.305263	0.303525	0.300885	0.300391	0.317477	0.306355	0.442471	0.438721	0.431815	0.453094	0.439632	0.459886	0.319382	0.288377	0.290469	0.305866	0.298587	0.305744	0.438055	0.438185	0.436526	0.435536	0.433354	0.438947	0.361925	0.363345	0.363371	0.371431	0.362424	0.35443	0.461752	0.461255	0.456174	0.460966	0.465522	0.462765	0.425349	0.423075	0.411339	0.411424	0.42477	0.410974	0.468266	0.455719	0.466351	0.440917	0.469334	0.484056	0.475307	0.478091	0.478914	0.511923	0.483804	0.482737	0.484701	0.500683	0.48142	0.481456	0.491621	0.48164	0.4967	0.49171	0.509825	0.502924	0.492337	0.487253
ERR630233	0.420552	0.417999	0.419524	0.420077	0.413825	0.420393	0	0.255145	0.242241	0.264056	0.236124	0.234745	0.502843	0.501314	0.478489	0.476083	0.506664	0.481637	0.514985	0.489924	0.487151	0.490456	0.488795	0.514485	0.491997	0.492512	0.508874	0.502661	0.507911	0.489034	0.457548	0.45551	0.455154	0.454858	0.462909	0.461088	0.560381	0.561345	0.551705	0.569884	0.562149	0.573032	0.43418	0.432428	0.431906	0.439486	0.431792	0.439546	0.43	0.428478	0.424603	0.426222	0.421782	0.419968	0.458667	0.46156	0.460009	0.46833	0.458796	0.457758	0.392429	0.39148	0.389915	0.39104	0.391617	0.393235	0.350515	0.347687	0.338863	0.339295	0.350758	0.340043	0.41497	0.402578	0.41459	0.392928	0.417212	0.421765	0.460238	0.461813	0.462549	0.463281	0.463265	0.45573	0.426769	0.442882	0.431985	0.433653	0.434672	0.433194	0.431418	0.431602	0.446012	0.440759	0.431574	0.419327
ERR630231	0.43756	0.434037	0.435622	0.436743	0.42341	0.437325	0.255145	0	0.242884	0.240014	0.249216	0.253209	0.501755	0.500478	0.491433	0.49213	0.502899	0.501816	0.520496	0.508922	0.500714	0.508922	0.503163	0.51912	0.511603	0.509762	0.523537	0.520037	0.522202	0.504495	0.465052	0.463297	0.464404	0.464574	0.465611	0.469039	0.575057	0.579349	0.567726	0.583905	0.579897	0.585078	0.425336	0.44433	0.442797	0.441354	0.434218	0.441435	0.457752	0.454996	0.451317	0.45474	0.449561	0.441535	0.468717	0.473418	0.470352	0.478997	0.469144	0.475623	0.405387	0.405078	0.407706	0.40449	0.400112	0.405562	0.36246	0.36106	0.363869	0.364403	0.361952	0.36476	0.417149	0.407798	0.417412	0.406753	0.418532	0.411494	0.497191	0.49765	0.49849	0.471259	0.495614	0.484151	0.454164	0.464123	0.464246	0.466209	0.458978	0.465942	0.446945	0.452667	0.456941	0.45514	0.452794	0.437877
ERR630235	0.43075	0.426722	0.429415	0.42979	0.419637	0.430344	0.242241	0.242884	0	0.251479	0.240661	0.241921	0.508319	0.50676	0.491433	0.490567	0.510157	0.498541	0.526549	0.505607	0.500315	0.505776	0.50253	0.525626	0.507575	0.50664	0.523516	0.518185	0.522473	0.502015	0.464048	0.461519	0.461976	0.461531	0.467708	0.46873	0.576022	0.579241	0.567529	0.585841	0.57996	0.587961	0.433026	0.442227	0.44151	0.446024	0.437499	0.445885	0.451385	0.449231	0.445182	0.447445	0.442518	0.4367	0.471272	0.47536	0.472992	0.482241	0.471563	0.473606	0.40476	0.403803	0.404484	0.403148	0.400905	0.405176	0.363073	0.360297	0.355248	0.355994	0.362552	0.356592	0.426659	0.415387	0.426779	0.409998	0.428726	0.424939	0.487894	0.48905	0.489859	0.474351	0.489801	0.479993	0.445604	0.461006	0.455067	0.456978	0.453538	0.456957	0.449044	0.452813	0.46201	0.458389	0.452718	0.437545
ERR630232	0.440411	0.437315	0.438231	0.439426	0.425945	0.439924	0.264056	0.240014	0.251479	0	0.25626	0.26179	0.496498	0.495478	0.489614	0.491096	0.497536	0.501034	0.51672	0.510023	0.500586	0.509788	0.503029	0.515191	0.511629	0.509602	0.521363	0.519075	0.52014	0.504103	0.465651	0.464237	0.465815	0.465825	0.464769	0.468757	0.571373	0.575979	0.564409	0.579496	0.576774	0.580385	0.423427	0.445705	0.444004	0.439975	0.43381	0.440163	0.457606	0.454832	0.450843	0.455262	0.4496	0.441322	0.466727	0.471404	0.468259	0.476321	0.467162	0.475463	0.404864	0.405043	0.408282	0.403876	0.399245	0.405037	0.361637	0.360619	0.367906	0.367833	0.36106	0.368214	0.410659	0.402608	0.411208	0.403819	0.412084	0.404375	0.498726	0.498919	0.499584	0.467116	0.495205	0.483086	0.454888	0.461707	0.46514	0.466805	0.458294	0.466523	0.443541	0.450241	0.451595	0.450525	0.449977	0.435419
ERR630230	0.421802	0.419583	0.420348	0.421152	0.413837	0.421461	0.236124	0.249216	0.240661	0.25626	0	0.235727	0.502131	0.500704	0.479513	0.477615	0.505656	0.483405	0.514239	0.491263	0.487816	0.491852	0.489631	0.513401	0.49468	0.495029	0.510576	0.5048	0.509431	0.491246	0.457847	0.455996	0.455869	0.455575	0.462349	0.461015	0.562503	0.56392	0.554193	0.571609	0.564679	0.574403	0.431129	0.432286	0.43161	0.437501	0.43009	0.4375	0.434548	0.432765	0.428505	0.430907	0.425759	0.423509	0.459127	0.462011	0.460435	0.468326	0.459147	0.459189	0.393109	0.392486	0.391267	0.391726	0.391815	0.39397	0.350672	0.34837	0.342065	0.342538	0.350967	0.343122	0.413194	0.401455	0.412931	0.393231	0.415471	0.419049	0.465927	0.467126	0.468005	0.464853	0.467784	0.459749	0.432275	0.446088	0.437913	0.439426	0.438818	0.438518	0.433119	0.433937	0.446294	0.441636	0.433869	0.421339
ERR630234	0.420704	0.418272	0.4195	0.420219	0.413576	0.420535	0.234745	0.253209	0.241921	0.26179	0.235727	0	0.502028	0.500564	0.478339	0.476299	0.505843	0.481721	0.513919	0.490134	0.487	0.490608	0.488665	0.513362	0.492474	0.492875	0.508563	0.502661	0.50755	0.489345	0.45733	0.455313	0.454921	0.454773	0.462269	0.460585	0.56014	0.561202	0.551723	0.569332	0.562065	0.572428	0.43261	0.431783	0.431164	0.437725	0.430476	0.437773	0.430582	0.429118	0.425247	0.426912	0.422308	0.420471	0.457839	0.46075	0.459156	0.467299	0.458001	0.457448	0.392089	0.39114	0.38993	0.391026	0.391253	0.39279	0.349711	0.347041	0.339325	0.339895	0.349884	0.340334	0.412952	0.400672	0.412443	0.391546	0.414987	0.419759	0.460938	0.462144	0.463015	0.462773	0.463327	0.455449	0.42787	0.443137	0.433109	0.43453	0.435331	0.434002	0.430525	0.430823	0.444601	0.439523	0.430849	0.418833
ERR613232	0.399886	0.4001	0.399618	0.40032	0.396236	0.399581	0.502843	0.501755	0.508319	0.496498	0.502131	0.502028	0	0.267303	0.295604	0.308385	0.270336	0.326585	0.367147	0.408848	0.390639	0.406508	0.390839	0.365265	0.375094	0.365331	0.353299	0.365277	0.353073	0.358647	0.3806	0.385455	0.388072	0.389727	0.36903	0.378538	0.35942	0.368001	0.357443	0.365006	0.368457	0.36412	0.365546	0.389471	0.388307	0.371436	0.374706	0.372308	0.44346	0.441235	0.441758	0.445866	0.444471	0.433977	0.378555	0.380976	0.378696	0.379014	0.379021	0.403673	0.459298	0.461359	0.466802	0.462114	0.457383	0.458783	0.434038	0.436152	0.456986	0.455129	0.43262	0.454962	0.442596	0.440805	0.441651	0.448726	0.440909	0.440695	0.494379	0.490954	0.49178	0.449972	0.48074	0.467403	0.468598	0.462344	0.473687	0.473002	0.463111	0.47485	0.455255	0.460962	0.457074	0.457828	0.461505	0.456353
ERR613231	0.398435	0.398565	0.398156	0.398796	0.394612	0.397881	0.501314	0.500478	0.50676	0.495478	0.500704	0.500564	0.267303	0	0.294848	0.307892	0.269707	0.326127	0.367459	0.408221	0.389839	0.405642	0.390245	0.365859	0.374324	0.36451	0.35348	0.365055	0.352823	0.358085	0.379367	0.384267	0.386603	0.388719	0.36828	0.377588	0.360139	0.368847	0.357897	0.365915	0.368924	0.365327	0.364947	0.38885	0.387788	0.371325	0.374553	0.372443	0.44286	0.440476	0.44124	0.444826	0.443829	0.432956	0.37835	0.38083	0.378761	0.379024	0.378547	0.403201	0.45856	0.460484	0.465996	0.460954	0.456485	0.45798	0.433459	0.43542	0.455731	0.453952	0.431897	0.453857	0.443005	0.440924	0.442183	0.448819	0.441527	0.440927	0.494131	0.490898	0.491688	0.450124	0.480815	0.467537	0.46807	0.462156	0.47316	0.472608	0.462628	0.47459	0.455563	0.461094	0.457396	0.458184	0.461754	0.45604
ERR613229	0.353242	0.355857	0.354208	0.354372	0.360032	0.352915	0.478489	0.491433	0.491433	0.489614	0.479513	0.478339	0.295604	0.294848	0	0.25616	0.308221	0.262914	0.359106	0.357465	0.351073	0.357007	0.350368	0.359069	0.328856	0.327552	0.327938	0.327794	0.327375	0.324131	0.350526	0.354732	0.354164	0.355005	0.351197	0.347203	0.360904	0.357765	0.353139	0.370045	0.357868	0.376048	0.357964	0.346168	0.346333	0.344308	0.346091	0.345266	0.418644	0.418051	0.417454	0.418347	0.417151	0.418364	0.353685	0.352597	0.353993	0.354413	0.353655	0.359597	0.440985	0.441906	0.440726	0.442329	0.444072	0.44108	0.413727	0.414191	0.421648	0.41988	0.412722	0.419836	0.44607	0.438727	0.444438	0.432361	0.446281	0.459777	0.451772	0.450715	0.451336	0.463611	0.448715	0.443805	0.455337	0.459838	0.451954	0.451223	0.454338	0.451587	0.455097	0.451626	0.464	0.459501	0.452739	0.450964
ERR613228	0.347159	0.350139	0.348221	0.348521	0.357122	0.346971	0.476083	0.49213	0.490567	0.491096	0.477615	0.476299	0.308385	0.307892	0.25616	0	0.322664	0.255472	0.363576	0.350838	0.347854	0.350914	0.347279	0.364249	0.323638	0.324101	0.327956	0.325097	0.327522	0.321932	0.349547	0.352933	0.351868	0.352412	0.353334	0.345853	0.365898	0.360655	0.357104	0.375796	0.360437	0.382861	0.362054	0.341049	0.341239	0.343888	0.344955	0.344941	0.416662	0.416467	0.41558	0.415912	0.41455	0.418667	0.353784	0.351729	0.35403	0.354595	0.353575	0.354323	0.441528	0.442127	0.439527	0.442371	0.445442	0.441627	0.414184	0.414106	0.417885	0.416511	0.413288	0.41606	0.450402	0.442142	0.448817	0.432976	0.451155	0.467007	0.445782	0.445226	0.445939	0.469765	0.445445	0.442776	0.455267	0.462499	0.450345	0.449542	0.455822	0.449892	0.458272	0.453369	0.468412	0.463158	0.454266	0.453137
ERR613230	0.409059	0.408325	0.408699	0.409314	0.402959	0.408808	0.506664	0.502899	0.510157	0.497536	0.505656	0.505843	0.270336	0.269707	0.308221	0.322664	0	0.342335	0.375429	0.420907	0.401284	0.418086	0.401714	0.373249	0.386591	0.375659	0.363825	0.376647	0.363524	0.368408	0.387706	0.392142	0.39527	0.396995	0.374205	0.386375	0.367698	0.378188	0.366406	0.372979	0.378593	0.371244	0.370018	0.400069	0.398882	0.380526	0.383329	0.381499	0.452071	0.449243	0.450129	0.454307	0.453183	0.440239	0.387853	0.391225	0.388166	0.389077	0.388269	0.415356	0.465326	0.46738	0.473812	0.468031	0.462123	0.464549	0.440075	0.442219	0.464186	0.462417	0.438372	0.462235	0.447528	0.446431	0.446658	0.456237	0.445628	0.441529	0.505529	0.502176	0.502739	0.451645	0.491152	0.476711	0.473932	0.467018	0.48061	0.480576	0.468013	0.482556	0.460587	0.468	0.461406	0.463019	0.468139	0.461781
ERR613227	0.348593	0.353204	0.3495	0.350128	0.362197	0.348326	0.481637	0.501816	0.498541	0.501034	0.483405	0.481721	0.326585	0.326127	0.262914	0.255472	0.342335	0	0.370041	0.346542	0.348653	0.346892	0.346856	0.371016	0.320918	0.324556	0.329597	0.323629	0.329234	0.324915	0.356193	0.35936	0.357038	0.357355	0.362455	0.351045	0.371122	0.361689	0.361931	0.380211	0.362004	0.389231	0.374484	0.341523	0.342185	0.34893	0.350799	0.349871	0.418307	0.418784	0.417909	0.41729	0.416608	0.424407	0.357234	0.353802	0.357201	0.356797	0.356843	0.351429	0.448332	0.448876	0.444569	0.44935	0.454019	0.448637	0.421164	0.420748	0.421354	0.419844	0.420592	0.419563	0.458089	0.449394	0.456297	0.436837	0.459095	0.479433	0.439399	0.439558	0.440199	0.480239	0.441436	0.442378	0.461072	0.469211	0.452942	0.451774	0.461922	0.451742	0.463765	0.455946	0.474487	0.468068	0.456934	0.458106
ERR626870	0.377237	0.3814	0.37661	0.379359	0.37805	0.377914	0.514985	0.520496	0.526549	0.51672	0.514239	0.513919	0.367147	0.367459	0.359106	0.363576	0.375429	0.370041	0	0.298742	0.280455	0.295895	0.280772	0.25841	0.352284	0.347372	0.334891	0.342135	0.333931	0.343953	0.341402	0.347373	0.348717	0.349802	0.333703	0.334463	0.387968	0.387153	0.386305	0.390472	0.387106	0.393317	0.360056	0.363965	0.362582	0.347248	0.354776	0.348112	0.460008	0.459271	0.460717	0.461613	0.462079	0.462168	0.37027	0.370444	0.369692	0.368165	0.37048	0.384322	0.497912	0.500107	0.499907	0.500988	0.501832	0.498338	0.470701	0.472012	0.483267	0.481639	0.47	0.481405	0.468135	0.464251	0.466855	0.460671	0.468238	0.4831	0.499697	0.497509	0.498187	0.503466	0.492393	0.487	0.503022	0.500874	0.498451	0.497309	0.498518	0.497897	0.485288	0.481953	0.48963	0.486592	0.483057	0.483528
ERR626867	0.334392	0.339849	0.336248	0.336937	0.346945	0.335155	0.489924	0.508922	0.505607	0.510023	0.491263	0.490134	0.408848	0.408221	0.357465	0.350838	0.420907	0.346542	0.298742	0	0.252316	0.246321	0.251502	0.301431	0.324915	0.329826	0.340183	0.331049	0.339153	0.33055	0.323316	0.325702	0.322987	0.322447	0.333917	0.318579	0.420464	0.411036	0.411479	0.428619	0.411358	0.437027	0.367123	0.331115	0.33212	0.340838	0.342101	0.341112	0.454213	0.455157	0.454456	0.452041	0.452042	0.462721	0.370665	0.368015	0.371016	0.372971	0.370517	0.359363	0.494829	0.495098	0.488338	0.49519	0.501431	0.495583	0.467178	0.466302	0.458915	0.458222	0.466891	0.457775	0.495231	0.484851	0.493316	0.467808	0.496608	0.517822	0.47687	0.47837	0.47899	0.532372	0.485129	0.488253	0.502595	0.515261	0.493268	0.492425	0.506035	0.491665	0.506046	0.496421	0.518592	0.510846	0.49776	0.497964
ERR626868	0.336195	0.340194	0.337215	0.338408	0.343236	0.336866	0.487151	0.500714	0.500315	0.500586	0.487816	0.487	0.390639	0.389839	0.351073	0.347854	0.401284	0.348653	0.280455	0.252316	0	0.252016	0.248873	0.282401	0.325761	0.326763	0.333114	0.328273	0.331899	0.325677	0.314435	0.317884	0.316912	0.316649	0.320042	0.310228	0.40981	0.403919	0.402375	0.417774	0.404347	0.424521	0.350519	0.330155	0.330649	0.331182	0.333298	0.331735	0.452024	0.452117	0.451906	0.450418	0.450274	0.456978	0.363221	0.36228	0.363744	0.366012	0.363254	0.360265	0.48919	0.489846	0.485007	0.48977	0.494408	0.489842	0.460453	0.460128	0.45754	0.45678	0.459923	0.456453	0.483701	0.474295	0.481891	0.460914	0.484794	0.502658	0.482024	0.482495	0.483337	0.520328	0.486273	0.486188	0.497971	0.507882	0.491043	0.490483	0.499833	0.489987	0.497512	0.490281	0.508754	0.502224	0.491611	0.490675
ERR626872	0.334986	0.340067	0.336506	0.337523	0.346704	0.33579	0.490456	0.508922	0.505776	0.509788	0.491852	0.490608	0.406508	0.405642	0.357007	0.350914	0.418086	0.346892	0.295895	0.246321	0.252016	0	0.250973	0.298704	0.323222	0.327331	0.337297	0.328707	0.336245	0.328495	0.321824	0.323994	0.321418	0.321018	0.331462	0.316957	0.4172	0.408028	0.40874	0.425489	0.408616	0.433933	0.365513	0.331219	0.332419	0.339684	0.341231	0.340368	0.453516	0.454331	0.45426	0.451483	0.451912	0.461896	0.368884	0.366873	0.36947	0.371326	0.36874	0.35843	0.495345	0.495797	0.489473	0.495935	0.501718	0.496089	0.467084	0.466227	0.459446	0.458861	0.466852	0.458547	0.494128	0.483937	0.492322	0.467351	0.495351	0.516372	0.477562	0.478824	0.479557	0.530173	0.485195	0.48779	0.501909	0.514485	0.492739	0.492021	0.505381	0.491464	0.504642	0.49542	0.517237	0.509652	0.496482	0.496996
ERR626869	0.337011	0.34132	0.338096	0.339312	0.344922	0.337752	0.488795	0.503163	0.50253	0.503029	0.489631	0.488665	0.390839	0.390245	0.350368	0.347279	0.401714	0.346856	0.280772	0.251502	0.248873	0.250973	0	0.282978	0.324353	0.325524	0.331294	0.326373	0.330193	0.325084	0.316185	0.319626	0.318246	0.318021	0.321694	0.311275	0.407779	0.401246	0.400269	0.415371	0.401738	0.422437	0.353453	0.330625	0.330969	0.332233	0.334907	0.332714	0.450829	0.451026	0.451002	0.449291	0.449472	0.456485	0.362706	0.361282	0.362912	0.365111	0.362639	0.358643	0.489537	0.490276	0.485557	0.490567	0.495181	0.490278	0.460783	0.460463	0.458299	0.457441	0.460521	0.457003	0.483328	0.474092	0.481608	0.460468	0.484602	0.503364	0.480279	0.480703	0.481522	0.520058	0.484506	0.484648	0.497652	0.507443	0.490178	0.489385	0.499598	0.489123	0.496565	0.48883	0.507716	0.501086	0.490249	0.489972
ERR626871	0.377889	0.381714	0.377062	0.380011	0.378282	0.378449	0.514485	0.51912	0.525626	0.515191	0.513401	0.513362	0.365265	0.365859	0.359069	0.364249	0.373249	0.371016	0.25841	0.301431	0.282401	0.298704	0.282978	0	0.353368	0.348126	0.335556	0.34314	0.334647	0.344543	0.341216	0.347258	0.348818	0.350078	0.332565	0.334778	0.387456	0.387349	0.385956	0.390113	0.387476	0.392307	0.358535	0.364214	0.362814	0.346959	0.354376	0.347571	0.460284	0.459425	0.460992	0.462123	0.462131	0.461623	0.370422	0.370641	0.369851	0.368777	0.370645	0.385313	0.497734	0.499896	0.499975	0.500638	0.501213	0.498158	0.470023	0.471505	0.483197	0.481796	0.469502	0.481551	0.467018	0.463338	0.46571	0.460468	0.466949	0.481196	0.500418	0.498375	0.499063	0.501698	0.492656	0.487047	0.502558	0.50018	0.498413	0.497204	0.497877	0.497939	0.484258	0.481563	0.488623	0.48572	0.482638	0.482832
ERR618633	0.326705	0.330336	0.328963	0.328243	0.342137	0.326866	0.491997	0.511603	0.507575	0.511629	0.49468	0.492474	0.375094	0.374324	0.328856	0.323638	0.386591	0.320918	0.352284	0.324915	0.325761	0.323222	0.324353	0.353368	0	0.259141	0.271674	0.262662	0.271638	0.261207	0.332442	0.335228	0.332768	0.333149	0.339974	0.329863	0.367229	0.358443	0.357035	0.37726	0.359299	0.386438	0.365229	0.331412	0.332586	0.340809	0.341734	0.341666	0.419302	0.41987	0.420172	0.417971	0.418221	0.425208	0.344009	0.341897	0.344651	0.346352	0.344056	0.337828	0.483151	0.483638	0.479496	0.484276	0.488673	0.483737	0.452277	0.451404	0.448279	0.447416	0.451698	0.44712	0.466108	0.456507	0.464221	0.443385	0.466783	0.485909	0.447712	0.448247	0.44878	0.48679	0.451446	0.451877	0.462219	0.473331	0.454914	0.45437	0.465301	0.454718	0.471773	0.464515	0.483461	0.47643	0.465349	0.465178
ERR618635	0.328739	0.331248	0.33041	0.330187	0.341093	0.328969	0.492512	0.509762	0.50664	0.509602	0.495029	0.492875	0.365331	0.36451	0.327552	0.324101	0.375659	0.324556	0.347372	0.329826	0.326763	0.327331	0.325524	0.348126	0.259141	0	0.26846	0.262986	0.268245	0.259925	0.329526	0.332329	0.331009	0.331297	0.334542	0.327568	0.359501	0.35327	0.350568	0.369469	0.354405	0.37777	0.359061	0.332285	0.333308	0.338873	0.339602	0.339403	0.419322	0.419466	0.420493	0.418525	0.418956	0.42293	0.341928	0.34113	0.342448	0.345051	0.341959	0.340757	0.482556	0.483131	0.480379	0.484141	0.487162	0.482843	0.451607	0.451162	0.450263	0.449359	0.451016	0.448905	0.462198	0.452993	0.460011	0.442473	0.462453	0.479306	0.452943	0.452862	0.453521	0.480522	0.454348	0.452585	0.460041	0.47018	0.454517	0.454099	0.462737	0.455177	0.467762	0.462609	0.478967	0.472372	0.463164	0.462147
ERR618638	0.348268	0.352008	0.348897	0.350057	0.358383	0.348525	0.508874	0.523537	0.523516	0.521363	0.510576	0.508563	0.353299	0.35348	0.327938	0.327956	0.363825	0.329597	0.334891	0.340183	0.333114	0.337297	0.331294	0.335556	0.271674	0.26846	0	0.263878	0.261801	0.269188	0.342569	0.346902	0.346087	0.347038	0.341782	0.338061	0.34157	0.336172	0.336245	0.348048	0.336876	0.354648	0.364315	0.344109	0.344512	0.342216	0.346778	0.343019	0.42296	0.423064	0.424985	0.424217	0.425117	0.426971	0.341861	0.340976	0.341878	0.341165	0.342242	0.347803	0.488374	0.48975	0.488705	0.491297	0.492998	0.488825	0.457928	0.458339	0.464061	0.462655	0.457174	0.462292	0.454282	0.448206	0.452218	0.441372	0.453852	0.471849	0.458234	0.456629	0.457309	0.472982	0.453211	0.449959	0.465258	0.467942	0.459514	0.458606	0.463568	0.459812	0.46039	0.455839	0.467852	0.462931	0.456423	0.457711
ERR618636	0.338658	0.342704	0.339883	0.34039	0.351894	0.338954	0.502661	0.520037	0.518185	0.519075	0.5048	0.502661	0.365277	0.365055	0.327794	0.325097	0.376647	0.323629	0.342135	0.331049	0.328273	0.328707	0.326373	0.34314	0.262662	0.262986	0.263878	0	0.263778	0.265045	0.338758	0.342604	0.340799	0.341613	0.342119	0.334481	0.353421	0.345076	0.345718	0.361238	0.346054	0.369521	0.366445	0.337573	0.338376	0.341133	0.344489	0.342186	0.42131	0.421562	0.423122	0.421205	0.422237	0.42713	0.341597	0.340012	0.341964	0.342405	0.342099	0.341232	0.486397	0.487711	0.484865	0.488848	0.491852	0.487003	0.455754	0.455521	0.457265	0.456114	0.455019	0.455663	0.459947	0.452361	0.457998	0.441724	0.460067	0.47977	0.45103	0.450503	0.450985	0.480305	0.450443	0.449488	0.464614	0.471625	0.457523	0.45666	0.465213	0.457589	0.465765	0.459349	0.475381	0.469124	0.459976	0.461241
ERR618637	0.347381	0.351238	0.348081	0.349204	0.357421	0.347624	0.507911	0.522202	0.522473	0.52014	0.509431	0.50755	0.353073	0.352823	0.327375	0.327522	0.363524	0.329234	0.333931	0.339153	0.331899	0.336245	0.330193	0.334647	0.271638	0.268245	0.261801	0.263778	0	0.268668	0.341311	0.345816	0.345144	0.34601	0.340655	0.336633	0.342191	0.336565	0.336569	0.348459	0.337535	0.355084	0.36297	0.343692	0.343599	0.341122	0.345803	0.342269	0.422432	0.422465	0.42444	0.423634	0.424391	0.426446	0.341322	0.34035	0.341429	0.340907	0.341652	0.347465	0.487448	0.488952	0.487803	0.490284	0.492071	0.487708	0.456797	0.457391	0.463116	0.461757	0.456158	0.461441	0.453329	0.447205	0.451399	0.440419	0.453222	0.471004	0.457861	0.456387	0.45672	0.472565	0.453124	0.449662	0.464609	0.467545	0.459115	0.458192	0.463208	0.459232	0.460008	0.455547	0.467597	0.462402	0.456142	0.457261
ERR618634	0.327524	0.32943	0.329299	0.328856	0.338141	0.327694	0.489034	0.504495	0.502015	0.504103	0.491246	0.489345	0.358647	0.358085	0.324131	0.321932	0.368408	0.324915	0.343953	0.33055	0.325677	0.328495	0.325084	0.344543	0.261207	0.259925	0.269188	0.265045	0.268668	0	0.326215	0.329006	0.328072	0.328447	0.330036	0.324548	0.358775	0.354652	0.349828	0.369083	0.355225	0.376363	0.35223	0.331542	0.332371	0.335639	0.336278	0.3365	0.41903	0.418755	0.419442	0.417938	0.418188	0.420828	0.341149	0.340742	0.34194	0.344522	0.341297	0.342754	0.47899	0.479756	0.4773	0.480396	0.483011	0.479386	0.447887	0.447523	0.447706	0.446695	0.447109	0.44633	0.458771	0.449768	0.457181	0.44054	0.459011	0.473903	0.455292	0.454895	0.45579	0.476784	0.455788	0.452895	0.457776	0.467509	0.453606	0.45344	0.460266	0.454181	0.466055	0.461866	0.477037	0.47103	0.462592	0.460607
ERR636777	0.304973	0.303838	0.304413	0.305722	0.300952	0.305263	0.457548	0.465052	0.464048	0.465651	0.457847	0.45733	0.3806	0.379367	0.350526	0.349547	0.387706	0.356193	0.341402	0.323316	0.314435	0.321824	0.316185	0.341216	0.332442	0.329526	0.342569	0.338758	0.341311	0.326215	0	0.245377	0.245565	0.245273	0.250399	0.245769	0.423772	0.423892	0.415138	0.433583	0.424595	0.438702	0.31303	0.308308	0.308355	0.308951	0.305255	0.30957	0.452251	0.451542	0.450587	0.450205	0.448659	0.450162	0.360944	0.363924	0.362377	0.369785	0.361552	0.363099	0.480515	0.480691	0.477722	0.48088	0.483171	0.481445	0.447989	0.446764	0.442886	0.442312	0.447075	0.442164	0.479717	0.469175	0.478054	0.458492	0.48054	0.491337	0.496853	0.498028	0.498994	0.516718	0.501063	0.497466	0.495125	0.508542	0.493514	0.493881	0.500291	0.494641	0.503467	0.501093	0.515047	0.509564	0.501584	0.49611
ERR636779	0.303369	0.301804	0.302816	0.304053	0.298741	0.303525	0.45551	0.463297	0.461519	0.464237	0.455996	0.455313	0.385455	0.384267	0.354732	0.352933	0.392142	0.35936	0.347373	0.325702	0.317884	0.323994	0.319626	0.347258	0.335228	0.332329	0.346902	0.342604	0.345816	0.329006	0.245377	0	0.243487	0.243204	0.252575	0.247615	0.429482	0.42959	0.420657	0.439717	0.430652	0.444557	0.313371	0.307436	0.307815	0.309827	0.305386	0.310382	0.454903	0.45427	0.453495	0.452649	0.451147	0.45278	0.364482	0.367722	0.366038	0.374158	0.365015	0.36559	0.482411	0.482298	0.479325	0.482533	0.484816	0.4832	0.449698	0.448169	0.442867	0.442629	0.448685	0.44236	0.483694	0.473041	0.482201	0.461745	0.484655	0.495322	0.499719	0.501177	0.502161	0.520987	0.504848	0.501538	0.497496	0.512141	0.496186	0.496634	0.503516	0.497379	0.507547	0.505299	0.519637	0.513995	0.505674	0.499754
ERR636780	0.300564	0.299299	0.3002	0.301445	0.297502	0.300885	0.455154	0.464404	0.461976	0.465815	0.455869	0.454921	0.388072	0.386603	0.354164	0.351868	0.39527	0.357038	0.348717	0.322987	0.316912	0.321418	0.318246	0.348818	0.332768	0.331009	0.346087	0.340799	0.345144	0.328072	0.245565	0.243487	0	0.242434	0.254089	0.247207	0.429971	0.429041	0.420882	0.440047	0.430046	0.445544	0.31651	0.305704	0.306358	0.310387	0.305718	0.310747	0.453585	0.453195	0.452264	0.451222	0.449872	0.452359	0.363644	0.366349	0.365195	0.373313	0.364304	0.362969	0.482087	0.481933	0.478456	0.482397	0.484738	0.482811	0.449635	0.447945	0.441921	0.441521	0.448707	0.441181	0.484149	0.473346	0.482667	0.461251	0.485267	0.497082	0.497077	0.498754	0.499659	0.521976	0.502749	0.500186	0.497002	0.512059	0.494997	0.495572	0.503309	0.496258	0.507808	0.504869	0.520019	0.514144	0.505309	0.499807
ERR636778	0.300001	0.298966	0.2996	0.300935	0.297217	0.300391	0.454858	0.464574	0.461531	0.465825	0.455575	0.454773	0.389727	0.388719	0.355005	0.352412	0.396995	0.357355	0.349802	0.322447	0.316649	0.321018	0.318021	0.350078	0.333149	0.331297	0.347038	0.341613	0.34601	0.328447	0.245273	0.243204	0.242434	0	0.254814	0.247509	0.431574	0.430468	0.422425	0.441947	0.431505	0.447458	0.316742	0.305228	0.305708	0.310281	0.305576	0.310976	0.454433	0.453894	0.453035	0.451991	0.450456	0.453286	0.364897	0.367705	0.366411	0.3746	0.36547	0.363664	0.482884	0.482622	0.479138	0.482924	0.48567	0.483627	0.450213	0.448668	0.441865	0.441556	0.449576	0.441368	0.486007	0.474894	0.484305	0.462378	0.487073	0.498669	0.497546	0.499196	0.500166	0.523441	0.503633	0.501298	0.498132	0.513579	0.496122	0.496626	0.504579	0.497306	0.509087	0.506048	0.521614	0.515752	0.506481	0.501062
ERR636775	0.317151	0.315972	0.315673	0.318058	0.308951	0.317477	0.462909	0.465611	0.467708	0.464769	0.462349	0.462269	0.36903	0.36828	0.351197	0.353334	0.374205	0.362455	0.333703	0.333917	0.320042	0.331462	0.321694	0.332565	0.339974	0.334542	0.341782	0.342119	0.340655	0.330036	0.250399	0.252575	0.254089	0.254814	0	0.2509	0.417144	0.419571	0.410573	0.426054	0.42062	0.42917	0.308881	0.316979	0.316495	0.309759	0.307895	0.310327	0.454885	0.453675	0.452988	0.453724	0.451852	0.450718	0.361001	0.364374	0.36194	0.36877	0.361624	0.369649	0.481367	0.481838	0.480641	0.482302	0.482829	0.481911	0.448246	0.447696	0.449091	0.448489	0.447215	0.448175	0.473127	0.464069	0.471507	0.456904	0.473396	0.482212	0.503126	0.503504	0.504328	0.509447	0.503638	0.498001	0.495792	0.505473	0.495593	0.495883	0.499036	0.496791	0.498736	0.498266	0.50843	0.504217	0.498652	0.492929
ERR636776	0.305915	0.306231	0.304664	0.306913	0.30295	0.306355	0.461088	0.469039	0.46873	0.468757	0.461015	0.460585	0.378538	0.377588	0.347203	0.345853	0.386375	0.351045	0.334463	0.318579	0.310228	0.316957	0.311275	0.334778	0.329863	0.327568	0.338061	0.334481	0.336633	0.324548	0.245769	0.247615	0.247207	0.247509	0.2509	0	0.419295	0.418003	0.411365	0.427891	0.418923	0.432973	0.313706	0.305914	0.305775	0.305	0.303034	0.305982	0.450876	0.450274	0.449408	0.449293	0.447706	0.450249	0.357813	0.359847	0.358876	0.364974	0.358147	0.359395	0.480064	0.480457	0.477288	0.480778	0.48321	0.480908	0.447569	0.446543	0.444073	0.443417	0.446783	0.443247	0.476561	0.466432	0.474791	0.455355	0.477334	0.490401	0.493459	0.494541	0.495228	0.516212	0.496763	0.493974	0.495848	0.507671	0.493092	0.493227	0.500165	0.493627	0.501137	0.497943	0.511679	0.50629	0.498467	0.494134
ERR617522	0.442421	0.445852	0.443515	0.443891	0.452592	0.442471	0.560381	0.575057	0.576022	0.571373	0.562503	0.56014	0.35942	0.360139	0.360904	0.365898	0.367698	0.371122	0.387968	0.420464	0.40981	0.4172	0.407779	0.387456	0.367229	0.359501	0.34157	0.353421	0.342191	0.358775	0.423772	0.429482	0.429971	0.431574	0.417144	0.419295	0	0.278456	0.278825	0.277778	0.279218	0.281878	0.437276	0.426683	0.426278	0.420208	0.425838	0.421119	0.433994	0.432903	0.436613	0.438073	0.439619	0.434152	0.38181	0.381115	0.380936	0.377076	0.382014	0.399591	0.514544	0.516682	0.518804	0.518277	0.517573	0.514283	0.489816	0.491551	0.505244	0.503471	0.489208	0.503221	0.457313	0.456327	0.455469	0.460242	0.455368	0.467764	0.471449	0.467416	0.467403	0.443978	0.45528	0.445258	0.459298	0.448607	0.45776	0.456198	0.45092	0.458348	0.441775	0.442817	0.443073	0.441831	0.442697	0.445098
ERR617518	0.438647	0.443258	0.439895	0.44035	0.451989	0.438721	0.561345	0.579349	0.579241	0.575979	0.56392	0.561202	0.368001	0.368847	0.357765	0.360655	0.378188	0.361689	0.387153	0.411036	0.403919	0.408028	0.401246	0.387349	0.358443	0.35327	0.336172	0.345076	0.336565	0.354652	0.423892	0.42959	0.429041	0.430468	0.419571	0.418003	0.278456	0	0.277716	0.27998	0.272603	0.287063	0.442008	0.421597	0.421385	0.418203	0.42491	0.419064	0.431799	0.431357	0.435421	0.435712	0.437692	0.436055	0.377761	0.375241	0.376498	0.371468	0.377742	0.389961	0.5155	0.5177	0.518529	0.519389	0.520099	0.515602	0.49007	0.491762	0.503727	0.501679	0.489938	0.501316	0.460037	0.458452	0.4578	0.458437	0.458429	0.475726	0.46047	0.45686	0.456956	0.451323	0.44627	0.439763	0.461123	0.45259	0.456227	0.454204	0.453342	0.456199	0.443454	0.441124	0.445795	0.442994	0.440793	0.445967
ERR617517	0.431784	0.435268	0.433649	0.433014	0.443227	0.431815	0.551705	0.567726	0.567529	0.564409	0.554193	0.551723	0.357443	0.357897	0.353139	0.357104	0.366406	0.361931	0.386305	0.411479	0.402375	0.40874	0.400269	0.385956	0.357035	0.350568	0.336245	0.345718	0.336569	0.349828	0.415138	0.420657	0.420882	0.422425	0.410573	0.411365	0.278825	0.277716	0	0.283186	0.278165	0.288547	0.431994	0.418669	0.418554	0.414745	0.419415	0.4156	0.427991	0.427033	0.430341	0.431391	0.432849	0.428281	0.37644	0.375312	0.375679	0.372534	0.376486	0.391908	0.508836	0.510681	0.512103	0.511758	0.512074	0.508819	0.48375	0.485164	0.496881	0.495097	0.482919	0.494518	0.456465	0.454367	0.454558	0.456524	0.454975	0.467133	0.464399	0.460857	0.460951	0.44401	0.450738	0.441343	0.453119	0.445651	0.451481	0.449962	0.446492	0.452056	0.440909	0.441025	0.443895	0.44183	0.441102	0.442248
ERR617521	0.452948	0.456966	0.453439	0.454551	0.462723	0.453094	0.569884	0.583905	0.585841	0.579496	0.571609	0.569332	0.365006	0.365915	0.370045	0.375796	0.372979	0.380211	0.390472	0.428619	0.417774	0.425489	0.415371	0.390113	0.37726	0.369469	0.348048	0.361238	0.348459	0.369083	0.433583	0.439717	0.440047	0.441947	0.426054	0.427891	0.277778	0.27998	0.283186	0	0.281544	0.279119	0.444775	0.434933	0.434003	0.425888	0.433023	0.426767	0.442111	0.441222	0.444987	0.447114	0.448575	0.443295	0.387812	0.387114	0.386713	0.38168	0.388074	0.406739	0.52255	0.524967	0.527545	0.526904	0.525906	0.522381	0.497424	0.499499	0.51556	0.513503	0.497142	0.513082	0.459447	0.459878	0.457393	0.46436	0.457232	0.471244	0.477831	0.473318	0.473362	0.448612	0.459476	0.449842	0.468716	0.455153	0.466468	0.464488	0.458727	0.466705	0.444603	0.445404	0.443457	0.442651	0.44531	0.449178
ERR617519	0.439469	0.444201	0.440864	0.441202	0.453078	0.439632	0.562149	0.579897	0.57996	0.576774	0.564679	0.562065	0.368457	0.368924	0.357868	0.360437	0.378593	0.362004	0.387106	0.411358	0.404347	0.408616	0.401738	0.387476	0.359299	0.354405	0.336876	0.346054	0.337535	0.355225	0.424595	0.430652	0.430046	0.431505	0.42062	0.418923	0.279218	0.272603	0.278165	0.281544	0	0.288309	0.442662	0.422537	0.422312	0.419221	0.425643	0.420026	0.431768	0.431269	0.435253	0.435589	0.437587	0.435804	0.378322	0.375919	0.377151	0.37214	0.378546	0.390748	0.515507	0.517563	0.518364	0.519252	0.520154	0.515333	0.490407	0.49202	0.503725	0.501792	0.490098	0.501389	0.4601	0.458331	0.457995	0.458373	0.458309	0.475586	0.460243	0.456534	0.456439	0.451581	0.446019	0.439265	0.461305	0.452682	0.456359	0.454442	0.453236	0.456229	0.443397	0.440535	0.445905	0.443149	0.441138	0.445838
ERR617520	0.459715	0.463467	0.460057	0.46113	0.467744	0.459886	0.573032	0.585078	0.587961	0.580385	0.574403	0.572428	0.36412	0.365327	0.376048	0.382861	0.371244	0.389231	0.393317	0.437027	0.424521	0.433933	0.422437	0.392307	0.386438	0.37777	0.354648	0.369521	0.355084	0.376363	0.438702	0.444557	0.445544	0.447458	0.42917	0.432973	0.281878	0.287063	0.288547	0.279119	0.288309	0	0.44657	0.441736	0.44063	0.430439	0.437444	0.43141	0.447779	0.446548	0.450515	0.453085	0.454254	0.447452	0.393955	0.393502	0.392524	0.387596	0.394128	0.415571	0.525357	0.52799	0.531325	0.529856	0.528012	0.525109	0.500716	0.502945	0.520478	0.518365	0.500138	0.518064	0.460423	0.461481	0.458607	0.468146	0.458028	0.469682	0.486224	0.481758	0.481952	0.448303	0.466874	0.455966	0.472373	0.457296	0.471622	0.469734	0.461862	0.472112	0.446474	0.449046	0.444343	0.444516	0.44866	0.45188
ERR613974	0.319686	0.317353	0.316852	0.319557	0.303014	0.319382	0.43418	0.425336	0.433026	0.423427	0.431129	0.43261	0.365546	0.364947	0.357964	0.362054	0.370018	0.374484	0.360056	0.367123	0.350519	0.365513	0.353453	0.358535	0.365229	0.359061	0.364315	0.366445	0.36297	0.35223	0.31303	0.313371	0.31651	0.316742	0.308881	0.313706	0.437276	0.442008	0.431994	0.444775	0.442662	0.44657	0	0.272169	0.26939	0.254497	0.250826	0.25474	0.455541	0.453863	0.452938	0.454687	0.452275	0.44732	0.354952	0.360521	0.356949	0.364053	0.356266	0.369281	0.456751	0.458074	0.458589	0.457355	0.456097	0.457306	0.419718	0.419338	0.426329	0.425594	0.418606	0.425462	0.440836	0.432757	0.439732	0.429089	0.441447	0.444897	0.495892	0.495628	0.496731	0.487177	0.493476	0.485027	0.49584	0.50287	0.49917	0.499855	0.497761	0.500584	0.480689	0.482433	0.487792	0.485193	0.483306	0.475953
ERR613977	0.288172	0.29033	0.286654	0.289042	0.288357	0.288377	0.432428	0.44433	0.442227	0.445705	0.432286	0.431783	0.389471	0.38885	0.346168	0.341049	0.400069	0.341523	0.363965	0.331115	0.330155	0.331219	0.330625	0.364214	0.331412	0.332285	0.344109	0.337573	0.343692	0.331542	0.308308	0.307436	0.305704	0.305228	0.316979	0.305914	0.426683	0.421597	0.418669	0.434933	0.422537	0.441736	0.272169	0	0.234977	0.246605	0.243526	0.246613	0.434856	0.434992	0.434252	0.433281	0.431991	0.437454	0.340662	0.341682	0.341894	0.347935	0.341219	0.335148	0.456198	0.456603	0.452164	0.456794	0.460523	0.457165	0.42095	0.419437	0.413414	0.412836	0.420679	0.412535	0.449151	0.43811	0.447162	0.423168	0.450291	0.468609	0.458407	0.459853	0.460847	0.495449	0.463274	0.462496	0.485963	0.498422	0.481688	0.481402	0.490491	0.481648	0.477195	0.471092	0.48826	0.481491	0.471739	0.469502
ERR613972	0.290346	0.292146	0.287964	0.291199	0.289301	0.290469	0.431906	0.442797	0.44151	0.444004	0.43161	0.431164	0.388307	0.387788	0.346333	0.341239	0.398882	0.342185	0.362582	0.33212	0.330649	0.332419	0.330969	0.362814	0.332586	0.333308	0.344512	0.338376	0.343599	0.332371	0.308355	0.307815	0.306358	0.305708	0.316495	0.305775	0.426278	0.421385	0.418554	0.434003	0.422312	0.44063	0.26939	0.234977	0	0.244831	0.240957	0.244791	0.434952	0.434773	0.434119	0.433467	0.431949	0.437139	0.340161	0.341399	0.341496	0.34737	0.340648	0.335554	0.455226	0.455811	0.451599	0.455997	0.459422	0.456258	0.419555	0.418125	0.413102	0.412288	0.419338	0.41233	0.446794	0.435839	0.444698	0.421196	0.447855	0.466272	0.458821	0.46008	0.461139	0.493929	0.462724	0.461703	0.485804	0.497424	0.481546	0.481223	0.489835	0.481609	0.475486	0.469586	0.486121	0.479489	0.470313	0.468076
