	ERR608153	ERR608149	ERR608151	ERR608154	ERR608152	ERR608150	ERR635337	ERR635335	ERR635338	ERR635336	ERR635339	ERR635334	ERR613219	ERR613217	ERR613220	ERR613215	ERR613216	ERR613218	ERR613108	ERR613109	ERR613111	ERR613112	ERR613110	ERR613107	ERR612225	ERR612224	ERR612221	ERR612223	ERR612226	ERR612222	ERR636919	ERR636923	ERR636924	ERR636920	ERR636922	ERR636921	ERR608758	ERR608757	ERR608760	ERR608762	ERR608761	ERR608759	ERR608837	ERR608839	ERR608836	ERR608838	ERR608840	ERR608835	ERR621907	ERR621912	ERR621908	ERR621911	ERR621909	ERR621910	ERR626775	ERR626772	ERR626774	ERR626773	ERR626771	ERR626776	ERR613155	ERR613160	ERR613157	ERR613158	ERR613159	ERR613156	ERR631064	ERR631063	ERR631062	ERR631066	ERR631065	ERR631067	ERR617115	ERR617114	ERR617117	ERR617116	ERR617118	ERR617113	ERR606662	ERR606661	ERR606663	ERR606660	ERR606665	ERR606664	ERR611351	ERR611350	ERR611352	ERR611348	ERR611349	ERR611347	ERR629611	ERR629607	ERR629610	ERR629609	ERR629608	ERR629606
ERR608153	0	0.317431	0.245468	0.255199	0.2438	0.255992	0.36617	0.329813	0.376738	0.321831	0.379936	0.366544	0.513358	0.473514	0.513483	0.467324	0.466792	0.522317	0.318776	0.318597	0.383175	0.389553	0.397089	0.318471	0.368515	0.34126	0.340194	0.3382	0.343106	0.340316	0.302053	0.306604	0.306699	0.303204	0.306835	0.302951	0.292807	0.347566	0.279487	0.291276	0.277751	0.279674	0.300938	0.294372	0.299766	0.294979	0.293619	0.293311	0.439732	0.433726	0.451415	0.436748	0.451922	0.434449	0.488884	0.491758	0.488664	0.492177	0.48714	0.486421	0.421298	0.483973	0.422703	0.48747	0.476698	0.422438	0.435296	0.433756	0.430918	0.428788	0.430008	0.431139	0.487734	0.48767	0.480998	0.482146	0.498634	0.490757	0.457011	0.456183	0.460492	0.536016	0.459838	0.459865	0.410023	0.415515	0.409053	0.404799	0.406289	0.405712	0.395934	0.399163	0.396435	0.397279	0.39827	0.409432
ERR608149	0.317431	0	0.309687	0.286904	0.313641	0.286015	0.340239	0.34231	0.339032	0.354602	0.338192	0.341069	0.487559	0.487883	0.48814	0.505803	0.491686	0.487765	0.36426	0.363396	0.333933	0.334538	0.338239	0.383589	0.353323	0.36637	0.409352	0.396297	0.364061	0.396684	0.348136	0.374927	0.373203	0.374538	0.374884	0.366586	0.305868	0.289143	0.330491	0.307533	0.334572	0.324484	0.390327	0.33732	0.392492	0.335794	0.338879	0.374036	0.44878	0.447069	0.444925	0.446971	0.443825	0.447994	0.509222	0.504004	0.508012	0.506436	0.507825	0.510508	0.46905	0.448043	0.453927	0.44985	0.445302	0.453929	0.496498	0.487108	0.486037	0.473456	0.473	0.469562	0.515945	0.513621	0.523345	0.523575	0.499682	0.506538	0.484442	0.490172	0.480522	0.495065	0.49685	0.4989	0.458337	0.446759	0.457625	0.448684	0.458518	0.452382	0.435942	0.4445	0.437419	0.445183	0.446408	0.472906
ERR608151	0.245468	0.309687	0	0.253723	0.245452	0.251985	0.359981	0.325158	0.369677	0.319003	0.372922	0.360043	0.511213	0.47386	0.511284	0.469928	0.468065	0.519668	0.317904	0.317639	0.376916	0.382962	0.390369	0.319789	0.362769	0.338431	0.341835	0.338663	0.33998	0.340613	0.301424	0.308707	0.308489	0.305311	0.308771	0.304014	0.289177	0.340669	0.279332	0.288549	0.278107	0.278539	0.305314	0.294766	0.304634	0.294929	0.293999	0.296331	0.436781	0.4314	0.447635	0.433976	0.447985	0.432129	0.489091	0.491145	0.488935	0.491856	0.487154	0.486901	0.421822	0.479407	0.421717	0.48295	0.472536	0.421681	0.437941	0.43584	0.432733	0.429932	0.430938	0.431793	0.488545	0.488343	0.482964	0.484197	0.497548	0.490656	0.455909	0.455732	0.458909	0.531458	0.459357	0.459685	0.409682	0.41368	0.408735	0.403849	0.40633	0.405127	0.395242	0.399226	0.395985	0.397567	0.398457	0.411251
ERR608154	0.255199	0.286904	0.253723	0	0.253738	0.249477	0.348347	0.323572	0.355353	0.32273	0.357633	0.349676	0.496395	0.469091	0.496439	0.472457	0.466446	0.503004	0.324001	0.323451	0.357877	0.363152	0.369647	0.332231	0.354623	0.340493	0.357245	0.350524	0.340951	0.352158	0.306947	0.321797	0.3212	0.319469	0.322173	0.315571	0.282306	0.318543	0.283327	0.281165	0.284361	0.281205	0.325089	0.295154	0.32557	0.294926	0.295222	0.313215	0.43476	0.430292	0.441654	0.432412	0.44144	0.431234	0.488789	0.488859	0.488109	0.489917	0.487169	0.487572	0.431536	0.466149	0.426045	0.469277	0.460137	0.426126	0.449847	0.444564	0.442486	0.435989	0.436717	0.435834	0.489784	0.489337	0.488692	0.489683	0.49135	0.48858	0.460107	0.461856	0.461095	0.519032	0.466835	0.467683	0.420235	0.419429	0.419171	0.413037	0.417761	0.415069	0.401634	0.407741	0.402713	0.406518	0.407993	0.426004
ERR608152	0.2438	0.313641	0.245452	0.253738	0	0.254232	0.365343	0.329903	0.375325	0.323086	0.378506	0.365834	0.509569	0.471033	0.509702	0.465918	0.46491	0.518289	0.319619	0.319586	0.379636	0.385917	0.392937	0.320495	0.366763	0.342027	0.343426	0.340899	0.343492	0.343279	0.302251	0.308986	0.309128	0.304866	0.309122	0.304709	0.290048	0.343529	0.278317	0.289077	0.277026	0.278722	0.304596	0.292754	0.303349	0.29304	0.292216	0.296083	0.43873	0.433055	0.449992	0.435925	0.450321	0.433898	0.487951	0.490597	0.48778	0.491046	0.486365	0.485585	0.423322	0.482006	0.423963	0.485435	0.474975	0.423832	0.436489	0.434331	0.431849	0.429474	0.430456	0.431312	0.487111	0.48697	0.481047	0.482334	0.497882	0.489984	0.457931	0.457492	0.461103	0.5346	0.461546	0.461778	0.412611	0.417793	0.411618	0.406582	0.408424	0.407817	0.397056	0.401273	0.397708	0.399053	0.40037	0.412599
ERR608150	0.255992	0.286015	0.251985	0.249477	0.254232	0	0.347482	0.321968	0.35419	0.321735	0.356566	0.347822	0.498247	0.471443	0.498453	0.474661	0.468833	0.504908	0.324095	0.323333	0.357321	0.362231	0.36896	0.33224	0.352029	0.338866	0.356924	0.350208	0.339162	0.351761	0.306215	0.322022	0.321634	0.319161	0.322426	0.315692	0.281047	0.317955	0.282825	0.281566	0.283746	0.280207	0.325796	0.29491	0.326174	0.294664	0.29519	0.313425	0.433066	0.42906	0.440001	0.430907	0.439912	0.429837	0.48966	0.489701	0.489108	0.490853	0.488228	0.488424	0.431024	0.465815	0.425739	0.468788	0.459846	0.42579	0.449447	0.444434	0.442588	0.436216	0.43663	0.435906	0.490819	0.490088	0.489841	0.490608	0.4931	0.489672	0.4601	0.461788	0.461068	0.518884	0.467004	0.467918	0.4199	0.419185	0.418828	0.411843	0.417027	0.414122	0.40078	0.407194	0.401632	0.405976	0.407191	0.425783
ERR635337	0.36617	0.340239	0.359981	0.348347	0.365343	0.347482	0	0.259345	0.243585	0.274272	0.246077	0.245535	0.594285	0.584558	0.59489	0.594712	0.58439	0.595626	0.388269	0.38788	0.39833	0.398705	0.407086	0.405509	0.340997	0.348343	0.402017	0.386536	0.347512	0.384825	0.337805	0.361962	0.359808	0.364091	0.361813	0.353276	0.348014	0.345311	0.362303	0.348365	0.361857	0.354331	0.407547	0.387179	0.411586	0.386175	0.387528	0.392345	0.464513	0.460993	0.46413	0.46186	0.46488	0.462436	0.578535	0.574365	0.57791	0.577263	0.575163	0.579011	0.481193	0.503762	0.470438	0.508594	0.499893	0.470468	0.528174	0.524377	0.518079	0.508174	0.509918	0.510313	0.582518	0.58062	0.581643	0.582646	0.56614	0.574802	0.500905	0.503754	0.497093	0.530366	0.50429	0.505646	0.447619	0.428268	0.447665	0.43806	0.450175	0.441693	0.443056	0.446018	0.443563	0.449456	0.449035	0.474639
ERR635335	0.329813	0.34231	0.325158	0.323572	0.329903	0.321968	0.259345	0	0.270184	0.241027	0.27405	0.258452	0.576812	0.556061	0.577125	0.560248	0.553452	0.581	0.359949	0.35979	0.398994	0.401994	0.410447	0.370199	0.338648	0.327323	0.363689	0.351766	0.328031	0.351621	0.303887	0.320849	0.319305	0.32142	0.320672	0.313703	0.325108	0.348749	0.328865	0.32541	0.32709	0.322364	0.365906	0.35648	0.36858	0.355789	0.356099	0.352739	0.454777	0.449278	0.460492	0.451402	0.461049	0.450573	0.556582	0.555466	0.556355	0.557035	0.55376	0.555767	0.456883	0.505967	0.452977	0.510541	0.500494	0.452633	0.498614	0.497121	0.490781	0.484683	0.486463	0.487966	0.559373	0.557694	0.55478	0.555989	0.554259	0.555654	0.484952	0.485488	0.48469	0.540816	0.486358	0.487144	0.42251	0.412414	0.421967	0.413746	0.422151	0.416398	0.420994	0.422368	0.421095	0.424372	0.423551	0.443244
ERR635338	0.376738	0.339032	0.369677	0.355353	0.375325	0.35419	0.243585	0.270184	0	0.288416	0.244022	0.248508	0.594644	0.588836	0.594953	0.600463	0.589311	0.59511	0.398541	0.398161	0.396417	0.395972	0.403871	0.417224	0.343328	0.357619	0.415282	0.399267	0.355766	0.397589	0.347888	0.375281	0.373	0.376676	0.375132	0.366108	0.353241	0.343031	0.371158	0.354343	0.371653	0.362814	0.42149	0.393839	0.425386	0.393017	0.394755	0.405662	0.467165	0.464585	0.464874	0.465082	0.465451	0.46614	0.583088	0.578421	0.582515	0.581236	0.579805	0.584002	0.49039	0.501968	0.477959	0.506717	0.498884	0.47793	0.536437	0.531321	0.525982	0.515189	0.516509	0.516262	0.587175	0.585174	0.587841	0.588689	0.569699	0.578549	0.507516	0.511177	0.503009	0.528288	0.512682	0.51435	0.457793	0.437379	0.45768	0.446639	0.459699	0.450895	0.450774	0.455322	0.451422	0.458488	0.458481	0.485765
ERR635336	0.321831	0.354602	0.319003	0.32273	0.323086	0.321735	0.274272	0.241027	0.288416	0	0.293493	0.274869	0.574468	0.546464	0.574759	0.547162	0.542331	0.580244	0.3534	0.353302	0.409404	0.413498	0.422022	0.359455	0.350675	0.3281	0.34976	0.340638	0.330134	0.340652	0.299056	0.307235	0.30598	0.30825	0.307083	0.301775	0.326679	0.36082	0.323452	0.32595	0.320414	0.318126	0.34936	0.353335	0.35216	0.352957	0.352225	0.339275	0.458648	0.45241	0.467637	0.455289	0.468477	0.453803	0.548698	0.549006	0.548888	0.550401	0.545798	0.547285	0.449417	0.51306	0.449075	0.518012	0.506898	0.448563	0.488336	0.48842	0.481488	0.477487	0.479547	0.481866	0.55065	0.549562	0.54367	0.545151	0.549269	0.549013	0.479855	0.478992	0.481051	0.54903	0.478816	0.479072	0.414265	0.408113	0.413884	0.408686	0.414371	0.409891	0.417735	0.416569	0.417471	0.418446	0.417392	0.431445
ERR635339	0.379936	0.338192	0.372922	0.357633	0.378506	0.356566	0.246077	0.27405	0.244022	0.293493	0	0.250569	0.592826	0.588522	0.593331	0.600826	0.589227	0.593201	0.401786	0.401326	0.394917	0.39427	0.401622	0.420976	0.344947	0.361351	0.41978	0.403704	0.359437	0.40233	0.351874	0.380162	0.377813	0.381406	0.380076	0.370751	0.354572	0.341543	0.373851	0.355948	0.374668	0.365601	0.426384	0.395998	0.430093	0.395104	0.396845	0.410127	0.467912	0.465653	0.46507	0.466026	0.465156	0.467018	0.583334	0.578721	0.582789	0.581586	0.580274	0.584322	0.493174	0.5006	0.480052	0.505094	0.497833	0.480015	0.538481	0.533043	0.527893	0.516956	0.517966	0.51741	0.587788	0.585803	0.588957	0.589801	0.569789	0.578969	0.509488	0.513392	0.504724	0.527025	0.515381	0.517282	0.461301	0.440869	0.4612	0.45004	0.46308	0.454357	0.453066	0.458336	0.4539	0.461236	0.461158	0.489127
ERR635334	0.366544	0.341069	0.360043	0.349676	0.365834	0.347822	0.245535	0.258452	0.248508	0.274869	0.250569	0	0.596809	0.587507	0.597383	0.597294	0.587117	0.597947	0.389113	0.389082	0.398898	0.399193	0.407513	0.405994	0.339742	0.347468	0.402001	0.386438	0.3463	0.385159	0.337801	0.362603	0.360387	0.364161	0.362255	0.353869	0.348591	0.346545	0.363039	0.350034	0.36263	0.354813	0.408505	0.387357	0.412233	0.386412	0.387589	0.39295	0.46304	0.459547	0.462873	0.460597	0.463434	0.461094	0.580233	0.576251	0.579605	0.578965	0.576841	0.580566	0.48071	0.503786	0.470587	0.508348	0.499971	0.470372	0.529126	0.525328	0.519368	0.509376	0.511005	0.511301	0.584408	0.582267	0.583326	0.584175	0.569954	0.576572	0.501496	0.504248	0.497628	0.529768	0.505028	0.506513	0.446644	0.427915	0.446498	0.435726	0.447909	0.439576	0.441903	0.445337	0.442123	0.448326	0.447645	0.473649
ERR613219	0.513358	0.487559	0.511213	0.496395	0.509569	0.498247	0.594285	0.576812	0.594644	0.574468	0.592826	0.596809	0	0.310049	0.283648	0.34492	0.324205	0.28702	0.494948	0.492528	0.447954	0.452383	0.446552	0.501493	0.571694	0.569626	0.562427	0.562619	0.569184	0.564979	0.551474	0.560688	0.560544	0.556658	0.560225	0.557443	0.488109	0.483548	0.502444	0.488611	0.508147	0.50273	0.530237	0.477521	0.529278	0.476908	0.478451	0.524972	0.583025	0.583663	0.58222	0.583334	0.579391	0.582882	0.495524	0.493064	0.494423	0.491811	0.49882	0.496654	0.566775	0.509301	0.554618	0.505142	0.508286	0.555824	0.565802	0.553334	0.559752	0.551865	0.547989	0.541532	0.502646	0.502737	0.522514	0.521205	0.499053	0.497435	0.578147	0.584486	0.576965	0.589711	0.59472	0.597169	0.605844	0.615529	0.60469	0.605989	0.60414	0.60534	0.575614	0.585095	0.577426	0.581392	0.584416	0.593822
ERR613217	0.473514	0.487883	0.47386	0.469091	0.471033	0.471443	0.584558	0.556061	0.588836	0.546464	0.588522	0.587507	0.310049	0	0.310901	0.281139	0.272884	0.324258	0.456218	0.453813	0.455912	0.462782	0.459996	0.454097	0.563318	0.545433	0.517077	0.522681	0.546825	0.525574	0.519863	0.519653	0.520165	0.515094	0.519272	0.518351	0.466082	0.486558	0.466962	0.464907	0.470786	0.469244	0.478199	0.44604	0.476273	0.445978	0.445589	0.47742	0.565127	0.563874	0.571798	0.564949	0.569552	0.563211	0.46614	0.468516	0.465582	0.466476	0.468138	0.464937	0.526502	0.513974	0.521804	0.511837	0.510453	0.522739	0.518082	0.509685	0.514647	0.511691	0.508907	0.504648	0.468525	0.469764	0.478793	0.477993	0.479875	0.470587	0.545031	0.548157	0.54759	0.593619	0.556672	0.558297	0.568932	0.586099	0.567573	0.572775	0.566475	0.570356	0.541871	0.548454	0.543292	0.543896	0.546884	0.54794
ERR613220	0.513483	0.48814	0.511284	0.496439	0.509702	0.498453	0.59489	0.577125	0.594953	0.574759	0.593331	0.597383	0.283648	0.310901	0	0.345237	0.324536	0.287328	0.495796	0.493481	0.449072	0.453185	0.447309	0.502249	0.572001	0.570106	0.563015	0.563386	0.56967	0.565893	0.551676	0.561073	0.560979	0.556852	0.560661	0.557836	0.488491	0.484112	0.502686	0.488766	0.508383	0.502878	0.530682	0.477374	0.529658	0.476732	0.478412	0.525456	0.582889	0.583636	0.58231	0.583346	0.579359	0.582757	0.495789	0.49331	0.494617	0.491989	0.499035	0.496903	0.567368	0.509773	0.555288	0.505335	0.508848	0.556342	0.565905	0.553231	0.559914	0.551933	0.548371	0.541693	0.502478	0.502412	0.522573	0.521204	0.499495	0.497264	0.578915	0.585229	0.577818	0.590637	0.595639	0.597992	0.606021	0.615875	0.604833	0.605792	0.604021	0.605274	0.575508	0.585235	0.577507	0.581528	0.5845	0.594075
ERR613215	0.467324	0.505803	0.469928	0.472457	0.465918	0.474661	0.594712	0.560248	0.600463	0.547162	0.600826	0.597294	0.34492	0.281139	0.345237	0	0.27218	0.362318	0.453758	0.451848	0.477153	0.484748	0.483537	0.444747	0.572901	0.547958	0.506738	0.516165	0.54993	0.519708	0.51675	0.510334	0.511539	0.504787	0.50991	0.510918	0.471636	0.505144	0.463756	0.470059	0.466244	0.468168	0.463157	0.444771	0.459866	0.444971	0.443895	0.466288	0.569226	0.566948	0.579952	0.568798	0.578051	0.566092	0.466885	0.473192	0.466713	0.470084	0.468925	0.46404	0.51895	0.532785	0.520203	0.531597	0.528008	0.520957	0.502519	0.497194	0.502056	0.503315	0.501012	0.498438	0.465624	0.467565	0.468125	0.467777	0.488775	0.473185	0.543405	0.544072	0.548238	0.610811	0.551376	0.552376	0.56286	0.585568	0.56143	0.568435	0.559092	0.564933	0.537956	0.543039	0.53926	0.537535	0.54037	0.535324
ERR613216	0.466792	0.491686	0.468065	0.466446	0.46491	0.468833	0.58439	0.553452	0.589311	0.542331	0.589227	0.587117	0.324205	0.272884	0.324536	0.27218	0	0.339987	0.449966	0.448155	0.461112	0.468374	0.466413	0.445395	0.563538	0.542233	0.508184	0.515311	0.543858	0.518381	0.514657	0.511536	0.512342	0.506846	0.511092	0.511056	0.464546	0.490659	0.461918	0.4632	0.464951	0.464882	0.467463	0.442053	0.465141	0.442234	0.441451	0.468477	0.563832	0.56213	0.572179	0.563487	0.5702	0.561291	0.463525	0.467462	0.463146	0.465277	0.465409	0.461851	0.519079	0.518349	0.516635	0.516929	0.514047	0.517487	0.508902	0.501806	0.506433	0.505094	0.50248	0.499253	0.464927	0.466451	0.471653	0.471243	0.480413	0.468919	0.540374	0.542439	0.543813	0.596983	0.550338	0.551671	0.562386	0.581431	0.561034	0.567096	0.559728	0.564215	0.536345	0.542089	0.537863	0.537194	0.540122	0.538644
ERR613218	0.522317	0.487765	0.519668	0.503004	0.518289	0.504908	0.595626	0.581	0.59511	0.580244	0.593201	0.597947	0.28702	0.324258	0.287328	0.362318	0.339987	0	0.502233	0.499725	0.446488	0.450022	0.443441	0.510483	0.572937	0.573903	0.570846	0.569891	0.573275	0.572185	0.558309	0.568845	0.568561	0.565322	0.568377	0.56533	0.494291	0.483168	0.510977	0.494943	0.516845	0.510573	0.540347	0.485759	0.539653	0.484744	0.48662	0.534276	0.587662	0.588351	0.585176	0.587675	0.582071	0.587579	0.50371	0.50006	0.502362	0.49918	0.507008	0.505184	0.574176	0.507878	0.560554	0.50319	0.507691	0.56182	0.576095	0.56327	0.569561	0.56058	0.556795	0.550098	0.512458	0.512019	0.533598	0.532022	0.504765	0.50549	0.584521	0.591347	0.582561	0.587175	0.601735	0.604293	0.612835	0.620623	0.611632	0.612441	0.611489	0.61215	0.582338	0.59199	0.584227	0.588864	0.591592	0.602486
ERR613108	0.318776	0.36426	0.317904	0.324001	0.319619	0.324095	0.388269	0.359949	0.398541	0.3534	0.401786	0.389113	0.494948	0.456218	0.495796	0.453758	0.449966	0.502233	0	0.246704	0.329247	0.336651	0.346961	0.25038	0.358749	0.331601	0.334067	0.329142	0.333851	0.329417	0.340903	0.342365	0.341905	0.343718	0.342528	0.339771	0.332643	0.374488	0.324212	0.331801	0.322027	0.322985	0.320894	0.324671	0.322661	0.324793	0.323109	0.313541	0.416666	0.410064	0.426557	0.412587	0.427065	0.41126	0.48448	0.485096	0.484563	0.486315	0.482057	0.483205	0.389931	0.447767	0.38786	0.452875	0.441188	0.38725	0.438359	0.437187	0.432012	0.427255	0.428915	0.430452	0.488414	0.487311	0.482282	0.483613	0.489523	0.487327	0.425303	0.425008	0.427531	0.499095	0.427758	0.428604	0.40044	0.400335	0.399789	0.398241	0.400625	0.398808	0.389774	0.389989	0.38961	0.39064	0.390119	0.402089
ERR613109	0.318597	0.363396	0.317639	0.323451	0.319586	0.323333	0.38788	0.35979	0.398161	0.353302	0.401326	0.389082	0.492528	0.453813	0.493481	0.451848	0.448155	0.499725	0.246704	0	0.327557	0.335283	0.345121	0.251239	0.358295	0.331602	0.334357	0.329497	0.333755	0.329622	0.340777	0.343126	0.342699	0.344259	0.343223	0.340177	0.331381	0.37344	0.323831	0.330911	0.321778	0.322633	0.321118	0.323912	0.323151	0.324131	0.322811	0.313732	0.415771	0.409165	0.425538	0.411596	0.425798	0.410346	0.482948	0.483467	0.48285	0.484572	0.480658	0.481507	0.390025	0.446591	0.387577	0.451741	0.439935	0.38733	0.437206	0.435876	0.430668	0.426003	0.427471	0.429009	0.486524	0.485529	0.480713	0.482099	0.487494	0.485632	0.424363	0.424247	0.426343	0.498268	0.427067	0.427834	0.400516	0.400507	0.399741	0.398384	0.400775	0.398798	0.389679	0.38967	0.389686	0.390595	0.390306	0.402273
ERR613111	0.383175	0.333933	0.376916	0.357877	0.379636	0.357321	0.39833	0.398994	0.396417	0.409404	0.394917	0.398898	0.447954	0.455912	0.449072	0.477153	0.461112	0.446488	0.329247	0.327557	0	0.264755	0.266968	0.353118	0.359117	0.380011	0.424243	0.411675	0.377114	0.411623	0.398022	0.422709	0.421444	0.421796	0.422771	0.415491	0.350138	0.333391	0.373409	0.352522	0.377835	0.36881	0.417419	0.360572	0.419259	0.359859	0.362211	0.402236	0.428283	0.428144	0.419563	0.426981	0.417395	0.428452	0.500401	0.494283	0.49932	0.496714	0.49977	0.502399	0.455996	0.406699	0.436376	0.407127	0.405162	0.436625	0.49904	0.487648	0.488421	0.474868	0.47366	0.469114	0.509551	0.507155	0.520502	0.52027	0.492511	0.498943	0.46784	0.475647	0.462333	0.459577	0.48537	0.488408	0.4686	0.457592	0.467996	0.458329	0.468173	0.462543	0.442858	0.453085	0.444259	0.453022	0.454387	0.481904
ERR613112	0.389553	0.334538	0.382962	0.363152	0.385917	0.362231	0.398705	0.401994	0.395972	0.413498	0.39427	0.399193	0.452383	0.462782	0.453185	0.484748	0.468374	0.450022	0.336651	0.335283	0.264755	0	0.267014	0.361213	0.360544	0.384208	0.430909	0.418078	0.381282	0.417787	0.402823	0.42839	0.426973	0.427535	0.428396	0.420904	0.354533	0.333159	0.37936	0.357036	0.383583	0.37431	0.424418	0.366516	0.426387	0.365827	0.368366	0.409076	0.431631	0.431793	0.421844	0.430533	0.419706	0.432382	0.506157	0.499633	0.505022	0.502298	0.505361	0.508364	0.461898	0.40803	0.441815	0.408108	0.406726	0.442133	0.505874	0.494259	0.494848	0.481004	0.479843	0.475113	0.515468	0.513082	0.526889	0.526778	0.497115	0.504342	0.472958	0.480964	0.466901	0.45865	0.490894	0.494013	0.474051	0.462061	0.47352	0.463382	0.473636	0.467873	0.448309	0.458654	0.449733	0.458816	0.460034	0.488306
ERR613110	0.397089	0.338239	0.390369	0.369647	0.392937	0.36896	0.407086	0.410447	0.403871	0.422022	0.401622	0.407513	0.446552	0.459996	0.447309	0.483537	0.466413	0.443441	0.346961	0.345121	0.266968	0.267014	0	0.370977	0.368596	0.393912	0.440056	0.427379	0.390731	0.427617	0.410316	0.436445	0.43516	0.435149	0.436439	0.428919	0.360345	0.335931	0.386001	0.363012	0.390747	0.381398	0.433027	0.371562	0.434612	0.370647	0.373767	0.41747	0.438133	0.438395	0.427594	0.437046	0.425177	0.438842	0.507357	0.500883	0.506255	0.50315	0.507026	0.509518	0.469805	0.40966	0.449447	0.408837	0.40862	0.449963	0.510913	0.498765	0.500158	0.486207	0.484867	0.479513	0.516872	0.514383	0.529194	0.528998	0.499017	0.505746	0.480225	0.488439	0.474221	0.462242	0.49892	0.50212	0.48271	0.471503	0.481999	0.471655	0.481808	0.476204	0.45565	0.46662	0.457232	0.466689	0.467863	0.496009
ERR613107	0.318471	0.383589	0.319789	0.332231	0.320495	0.33224	0.405509	0.370199	0.417224	0.359455	0.420976	0.405994	0.501493	0.454097	0.502249	0.444747	0.445395	0.510483	0.25038	0.251239	0.353118	0.361213	0.370977	0	0.377233	0.34101	0.327326	0.326516	0.344332	0.327543	0.343833	0.338211	0.338188	0.338719	0.338272	0.337564	0.343197	0.393999	0.327388	0.342069	0.324271	0.328073	0.310566	0.328559	0.311128	0.328857	0.326678	0.306833	0.426889	0.418967	0.440643	0.422189	0.441203	0.42004	0.482364	0.485115	0.482563	0.485408	0.480061	0.479907	0.386766	0.463277	0.390507	0.468441	0.455874	0.390188	0.429223	0.430684	0.425059	0.423324	0.425288	0.428036	0.484578	0.483719	0.474778	0.476179	0.49277	0.486898	0.427757	0.425405	0.431728	0.515791	0.426709	0.426938	0.398147	0.403711	0.397237	0.398065	0.397247	0.397556	0.391261	0.389189	0.390504	0.38928	0.388429	0.394048
ERR612225	0.368515	0.353323	0.362769	0.354623	0.366763	0.352029	0.340997	0.338648	0.343328	0.350675	0.344947	0.339742	0.571694	0.563318	0.572001	0.572901	0.563538	0.572937	0.358749	0.358295	0.359117	0.360544	0.368596	0.377233	0	0.265164	0.33547	0.318238	0.261292	0.317204	0.353704	0.379275	0.377686	0.378351	0.379723	0.371018	0.349891	0.355207	0.361992	0.351889	0.363002	0.356608	0.407489	0.378349	0.409994	0.378183	0.379605	0.393063	0.395942	0.393446	0.392591	0.393513	0.392561	0.394587	0.541977	0.53778	0.541047	0.540387	0.539987	0.542634	0.445329	0.451206	0.432199	0.454697	0.446917	0.432198	0.494297	0.487328	0.48454	0.473464	0.474178	0.472646	0.546417	0.544572	0.549608	0.549981	0.535436	0.539455	0.458218	0.462904	0.454392	0.478281	0.469259	0.47109	0.42514	0.408405	0.424815	0.408908	0.423002	0.414956	0.411203	0.418652	0.411984	0.420103	0.420359	0.451039
ERR612224	0.34126	0.36637	0.338431	0.340493	0.342027	0.338866	0.348343	0.327323	0.357619	0.3281	0.361351	0.347468	0.569626	0.545433	0.570106	0.547958	0.542233	0.573903	0.331601	0.331602	0.380011	0.384208	0.393912	0.34101	0.265164	0	0.279743	0.266094	0.241148	0.265444	0.331361	0.342627	0.341712	0.343492	0.343239	0.337146	0.343216	0.372455	0.341859	0.343677	0.340264	0.338202	0.363658	0.361687	0.36628	0.361514	0.361475	0.353399	0.399111	0.392662	0.405436	0.394936	0.406018	0.394199	0.521669	0.519993	0.521313	0.521955	0.519203	0.520962	0.415598	0.461408	0.410299	0.466193	0.455188	0.409958	0.463299	0.460547	0.455299	0.448035	0.449664	0.450581	0.525175	0.523443	0.522339	0.523216	0.520539	0.521369	0.439372	0.440637	0.438987	0.49415	0.443117	0.444036	0.393294	0.383372	0.392794	0.382856	0.391897	0.38625	0.388321	0.390156	0.388218	0.392217	0.391404	0.412653
ERR612221	0.340194	0.409352	0.341835	0.357245	0.343426	0.356924	0.402017	0.363689	0.415282	0.34976	0.41978	0.402001	0.562427	0.517077	0.563015	0.506738	0.508184	0.570846	0.334067	0.334357	0.424243	0.430909	0.440056	0.327326	0.33547	0.279743	0	0.245904	0.28562	0.246653	0.345299	0.333528	0.333779	0.335579	0.333973	0.333915	0.365341	0.415958	0.346941	0.363514	0.342995	0.347303	0.335602	0.368392	0.337378	0.368652	0.36657	0.335434	0.429194	0.420252	0.444989	0.424296	0.44597	0.421619	0.495065	0.497983	0.495511	0.49849	0.492225	0.492163	0.400906	0.488552	0.407299	0.494203	0.480897	0.406889	0.432291	0.435302	0.428315	0.42793	0.430463	0.434249	0.495854	0.49519	0.484132	0.485707	0.504384	0.498591	0.433034	0.42941	0.437442	0.527629	0.4279	0.427459	0.38762	0.393141	0.386966	0.388944	0.387426	0.387283	0.391769	0.386922	0.390867	0.388253	0.386681	0.388662
ERR612223	0.3382	0.396297	0.338663	0.350524	0.340899	0.350208	0.386536	0.351766	0.399267	0.340638	0.403704	0.386438	0.562619	0.522681	0.563386	0.516165	0.515311	0.569891	0.329142	0.329497	0.411675	0.418078	0.427379	0.326516	0.318238	0.266094	0.245904	0	0.271467	0.243292	0.339086	0.331432	0.331231	0.334788	0.331857	0.330888	0.358425	0.403746	0.344321	0.357108	0.340632	0.343448	0.33864	0.365495	0.341347	0.365553	0.363909	0.335722	0.423595	0.414313	0.436868	0.417934	0.43754	0.415979	0.500539	0.502235	0.500853	0.503065	0.497954	0.49811	0.401647	0.480535	0.404882	0.486047	0.473078	0.404688	0.439401	0.441238	0.433969	0.4314	0.433827	0.437014	0.502416	0.50117	0.492571	0.494037	0.505712	0.502887	0.433011	0.430397	0.436001	0.517851	0.429167	0.429124	0.386242	0.387266	0.385609	0.38616	0.386978	0.385506	0.389529	0.38506	0.388554	0.387311	0.385327	0.392006
ERR612226	0.343106	0.364061	0.33998	0.340951	0.343492	0.339162	0.347512	0.328031	0.355766	0.330134	0.359437	0.3463	0.569184	0.546825	0.56967	0.54993	0.543858	0.573275	0.333851	0.333755	0.377114	0.381282	0.390731	0.344332	0.261292	0.241148	0.28562	0.271467	0	0.271055	0.332681	0.346121	0.345167	0.346876	0.346852	0.340337	0.342962	0.369773	0.342646	0.343221	0.34149	0.338991	0.36815	0.362262	0.37081	0.362293	0.362273	0.357328	0.397363	0.391305	0.402678	0.393259	0.403252	0.392731	0.523566	0.521729	0.52325	0.523793	0.521224	0.523139	0.418902	0.460175	0.412651	0.464978	0.454222	0.412337	0.466471	0.463209	0.458192	0.450587	0.452017	0.452602	0.527205	0.525462	0.525059	0.525858	0.522173	0.523164	0.441017	0.442622	0.440015	0.492126	0.4456	0.446663	0.396917	0.386367	0.396412	0.385498	0.395331	0.389422	0.39071	0.393397	0.390742	0.39523	0.394455	0.417133
ERR612222	0.340316	0.396684	0.340613	0.352158	0.343279	0.351761	0.384825	0.351621	0.397589	0.340652	0.40233	0.385159	0.564979	0.525574	0.565893	0.519708	0.518381	0.572185	0.329417	0.329622	0.411623	0.417787	0.427617	0.327543	0.317204	0.265444	0.246653	0.243292	0.271055	0	0.341203	0.333423	0.333395	0.337268	0.334181	0.33282	0.359567	0.403759	0.346198	0.358393	0.342603	0.344977	0.340366	0.368138	0.343349	0.368262	0.366586	0.337514	0.421633	0.412888	0.434774	0.416465	0.435878	0.414681	0.500429	0.501392	0.500707	0.50269	0.497421	0.498336	0.400984	0.478932	0.403714	0.484889	0.471585	0.40326	0.440488	0.442203	0.434736	0.431641	0.434207	0.437551	0.502939	0.501691	0.493323	0.494906	0.50474	0.502675	0.430094	0.427734	0.432998	0.514451	0.426414	0.426263	0.384724	0.384475	0.384181	0.38494	0.386077	0.384263	0.388666	0.384021	0.38776	0.38673	0.384884	0.391752
ERR636919	0.302053	0.348136	0.301424	0.306947	0.302251	0.306215	0.337805	0.303887	0.347888	0.299056	0.351874	0.337801	0.551474	0.519863	0.551676	0.51675	0.514657	0.558309	0.340903	0.340777	0.398022	0.402823	0.410316	0.343833	0.353704	0.331361	0.345299	0.339086	0.332681	0.341203	0	0.250676	0.250215	0.247502	0.250528	0.245038	0.316911	0.359867	0.30898	0.315912	0.306779	0.307265	0.334005	0.327706	0.333974	0.327236	0.326473	0.323686	0.468229	0.461267	0.478496	0.464325	0.478722	0.462589	0.547538	0.550048	0.547494	0.550379	0.545864	0.545093	0.458036	0.523816	0.460193	0.527558	0.517073	0.459629	0.483862	0.484281	0.479556	0.477388	0.479272	0.481118	0.545289	0.544985	0.537497	0.538677	0.552676	0.547572	0.491238	0.489661	0.494093	0.565204	0.491549	0.491489	0.43534	0.436	0.434444	0.428738	0.43239	0.430421	0.431172	0.43216	0.431335	0.431689	0.431298	0.443116
ERR636923	0.306604	0.374927	0.308707	0.321797	0.308986	0.322022	0.361962	0.320849	0.375281	0.307235	0.380162	0.362603	0.560688	0.519653	0.561073	0.510334	0.511536	0.568845	0.342365	0.343126	0.422709	0.42839	0.436445	0.338211	0.379275	0.342627	0.333528	0.331432	0.346121	0.333423	0.250676	0	0.237617	0.24079	0.237537	0.239632	0.335695	0.386865	0.318945	0.333701	0.314508	0.318938	0.317761	0.33998	0.318507	0.339497	0.3377	0.313714	0.485244	0.476627	0.498603	0.480582	0.499063	0.478178	0.546187	0.550124	0.546664	0.550346	0.544269	0.542992	0.454659	0.539138	0.462252	0.543623	0.532195	0.461381	0.4795	0.483296	0.476684	0.477132	0.479536	0.483121	0.544262	0.543964	0.531541	0.533096	0.554403	0.548358	0.491949	0.488012	0.496319	0.5784	0.487113	0.486428	0.431975	0.4368	0.43115	0.431073	0.430662	0.430421	0.436579	0.432565	0.436007	0.433163	0.431733	0.434163
ERR636924	0.306699	0.373203	0.308489	0.3212	0.309128	0.321634	0.359808	0.319305	0.373	0.30598	0.377813	0.360387	0.560544	0.520165	0.560979	0.511539	0.512342	0.568561	0.341905	0.342699	0.421444	0.426973	0.43516	0.338188	0.377686	0.341712	0.333779	0.331231	0.345167	0.333395	0.250215	0.237617	0	0.241191	0.23753	0.239791	0.33499	0.385509	0.318902	0.333142	0.314541	0.318711	0.318678	0.339924	0.319332	0.339422	0.337604	0.313984	0.485009	0.476279	0.498026	0.480309	0.498591	0.477968	0.546445	0.550384	0.547043	0.550534	0.544584	0.543475	0.45483	0.538209	0.462024	0.542821	0.531373	0.461189	0.480434	0.484241	0.477372	0.477694	0.480095	0.483708	0.544947	0.54444	0.532362	0.533997	0.554165	0.548596	0.491866	0.488126	0.496063	0.577309	0.487139	0.486401	0.432067	0.436155	0.431259	0.431047	0.430885	0.430625	0.436415	0.432501	0.435801	0.433289	0.431725	0.43472
ERR636920	0.303204	0.374538	0.305311	0.319469	0.304866	0.319161	0.364091	0.32142	0.376676	0.30825	0.381406	0.364161	0.556658	0.515094	0.556852	0.504787	0.506846	0.565322	0.343718	0.344259	0.421796	0.427535	0.435149	0.338719	0.378351	0.343492	0.335579	0.334788	0.346876	0.337268	0.247502	0.24079	0.241191	0	0.24072	0.239856	0.332101	0.385942	0.3147	0.330553	0.310419	0.314902	0.319308	0.334482	0.318322	0.334287	0.332216	0.314723	0.481623	0.473603	0.495309	0.477487	0.495958	0.474777	0.544317	0.548822	0.544691	0.548788	0.542563	0.541027	0.455348	0.539041	0.463152	0.54309	0.53184	0.462294	0.47587	0.479044	0.473591	0.475012	0.477267	0.480352	0.540978	0.541086	0.528811	0.530277	0.554559	0.546297	0.492723	0.489101	0.49754	0.580885	0.489364	0.488511	0.433086	0.439624	0.432306	0.43021	0.429795	0.430084	0.435024	0.432962	0.43473	0.43202	0.431421	0.434767
ERR636922	0.306835	0.374884	0.308771	0.322173	0.309122	0.322426	0.361813	0.320672	0.375132	0.307083	0.380076	0.362255	0.560225	0.519272	0.560661	0.50991	0.511092	0.568377	0.342528	0.343223	0.422771	0.428396	0.436439	0.338272	0.379723	0.343239	0.333973	0.331857	0.346852	0.334181	0.250528	0.237537	0.23753	0.24072	0	0.239821	0.335967	0.386888	0.319177	0.333929	0.314728	0.319234	0.318246	0.340153	0.31869	0.339833	0.337858	0.31382	0.485411	0.476668	0.498616	0.480607	0.499207	0.47816	0.546098	0.55015	0.546714	0.550124	0.544201	0.542874	0.454687	0.539216	0.462088	0.543622	0.53216	0.461282	0.479457	0.483328	0.47664	0.477174	0.479588	0.483053	0.544201	0.543902	0.53135	0.533007	0.554282	0.54829	0.491751	0.487903	0.496082	0.578455	0.486842	0.486122	0.43214	0.436849	0.431356	0.43123	0.430778	0.430605	0.436472	0.432453	0.43581	0.433219	0.431683	0.434083
ERR636921	0.302951	0.366586	0.304014	0.315571	0.304709	0.315692	0.353276	0.313703	0.366108	0.301775	0.370751	0.353869	0.557443	0.518351	0.557836	0.510918	0.511056	0.56533	0.339771	0.340177	0.415491	0.420904	0.428919	0.337564	0.371018	0.337146	0.333915	0.330888	0.340337	0.33282	0.245038	0.239632	0.239791	0.239856	0.239821	0	0.329094	0.379093	0.314565	0.327522	0.310501	0.31384	0.319745	0.335415	0.320311	0.335102	0.333307	0.313959	0.47887	0.470664	0.491559	0.474378	0.492053	0.472148	0.544983	0.548579	0.545301	0.548795	0.542953	0.54216	0.453513	0.533745	0.459376	0.538063	0.526768	0.45873	0.478963	0.481847	0.475589	0.475475	0.47776	0.481029	0.543013	0.542807	0.531678	0.533215	0.552151	0.54659	0.489208	0.486006	0.493324	0.573868	0.485752	0.485148	0.429785	0.433299	0.429068	0.427412	0.428151	0.427452	0.432402	0.42953	0.432062	0.429984	0.428745	0.43383
ERR608758	0.292807	0.305868	0.289177	0.282306	0.290048	0.281047	0.348014	0.325108	0.353241	0.326679	0.354572	0.348591	0.488109	0.466082	0.488491	0.471636	0.464546	0.494291	0.332643	0.331381	0.350138	0.354533	0.360345	0.343197	0.349891	0.343216	0.365341	0.358425	0.342962	0.359567	0.316911	0.335695	0.33499	0.332101	0.335967	0.329094	0	0.285895	0.258705	0.252961	0.261211	0.255457	0.345232	0.306066	0.345123	0.305494	0.30645	0.332808	0.426131	0.423222	0.430303	0.424216	0.429929	0.423544	0.484728	0.48402	0.484016	0.485295	0.483567	0.484102	0.43503	0.455551	0.427505	0.458233	0.450111	0.427504	0.452497	0.445397	0.444892	0.437694	0.43768	0.435615	0.485961	0.485482	0.487547	0.488292	0.487289	0.483783	0.457559	0.460289	0.457683	0.507007	0.467232	0.46838	0.427438	0.426432	0.426625	0.418768	0.424457	0.421545	0.405907	0.413925	0.407211	0.412149	0.413918	0.43395
ERR608757	0.347566	0.289143	0.340669	0.318543	0.343529	0.317955	0.345311	0.348749	0.343031	0.36082	0.341543	0.346545	0.483548	0.486558	0.484112	0.505144	0.490659	0.483168	0.374488	0.37344	0.333391	0.333159	0.335931	0.393999	0.355207	0.372455	0.415958	0.403746	0.369773	0.403759	0.359867	0.386865	0.385509	0.385942	0.386888	0.379093	0.285895	0	0.314267	0.288765	0.319224	0.307537	0.404749	0.349172	0.406411	0.347967	0.350666	0.389225	0.442848	0.442237	0.436905	0.441622	0.435619	0.442967	0.505777	0.500421	0.504808	0.503022	0.504781	0.507584	0.472801	0.441002	0.456301	0.442225	0.438652	0.456529	0.498326	0.487869	0.487797	0.474993	0.474153	0.469848	0.512477	0.510506	0.521766	0.521857	0.496658	0.502928	0.482581	0.488999	0.478403	0.485347	0.497023	0.499237	0.464383	0.453258	0.463675	0.454153	0.46394	0.4582	0.440892	0.450578	0.44226	0.450721	0.452104	0.478946
ERR608760	0.279487	0.330491	0.279332	0.283327	0.278317	0.282825	0.362303	0.328865	0.371158	0.323452	0.373851	0.363039	0.502444	0.466962	0.502686	0.463756	0.461918	0.510977	0.324212	0.323831	0.373409	0.37936	0.386001	0.327388	0.361992	0.341859	0.346941	0.344321	0.342646	0.346198	0.30898	0.318945	0.318902	0.3147	0.319177	0.314565	0.258705	0.314267	0	0.256964	0.247001	0.248755	0.3214	0.30079	0.319972	0.301144	0.300399	0.312591	0.429101	0.424337	0.438687	0.426584	0.438861	0.424842	0.483035	0.485254	0.482816	0.485801	0.481951	0.481118	0.424152	0.472332	0.422594	0.47519	0.465256	0.422138	0.437004	0.433232	0.431843	0.42854	0.429137	0.428971	0.481938	0.482008	0.478218	0.479245	0.491574	0.48394	0.453325	0.453595	0.455742	0.523532	0.459157	0.459651	0.416707	0.421263	0.41588	0.409901	0.412559	0.411697	0.398709	0.404645	0.39984	0.402069	0.403661	0.417593
ERR608762	0.291276	0.307533	0.288549	0.281165	0.289077	0.281566	0.348365	0.32541	0.354343	0.32595	0.355948	0.350034	0.488611	0.464907	0.488766	0.470059	0.4632	0.494943	0.331801	0.330911	0.352522	0.357036	0.363012	0.342069	0.351889	0.343677	0.363514	0.357108	0.343221	0.358393	0.315912	0.333701	0.333142	0.330553	0.333929	0.327522	0.252961	0.288765	0.256964	0	0.259283	0.255573	0.342855	0.305534	0.342915	0.305406	0.305855	0.330811	0.426805	0.423437	0.431448	0.424609	0.431016	0.423886	0.48435	0.483977	0.483741	0.485267	0.483249	0.483751	0.434544	0.457634	0.427195	0.460246	0.45172	0.427308	0.451554	0.444875	0.444048	0.436956	0.437288	0.43536	0.485516	0.485149	0.486567	0.487366	0.48659	0.48354	0.456727	0.459348	0.457117	0.508902	0.46626	0.467395	0.426812	0.426124	0.425959	0.418766	0.424153	0.421219	0.405805	0.413512	0.407229	0.411746	0.413565	0.432843
ERR608761	0.277751	0.334572	0.278107	0.284361	0.277026	0.283746	0.361857	0.32709	0.371653	0.320414	0.374668	0.36263	0.508147	0.470786	0.508383	0.466244	0.464951	0.516845	0.322027	0.321778	0.377835	0.383583	0.390747	0.324271	0.363002	0.340264	0.342995	0.340632	0.34149	0.342603	0.306779	0.314508	0.314541	0.310419	0.314728	0.310501	0.261211	0.319224	0.247001	0.259283	0	0.248602	0.316453	0.302036	0.315076	0.30228	0.30119	0.308315	0.430015	0.424602	0.440316	0.427221	0.440518	0.425409	0.484947	0.487279	0.484661	0.487861	0.483591	0.482849	0.421435	0.475335	0.420945	0.478941	0.468336	0.420714	0.435623	0.432654	0.430751	0.427979	0.428894	0.429131	0.483607	0.483656	0.478446	0.479766	0.493637	0.485858	0.451745	0.451619	0.454638	0.525635	0.456452	0.456961	0.413534	0.41845	0.412673	0.407535	0.409598	0.409078	0.397188	0.402036	0.397933	0.399537	0.401049	0.413824
ERR608759	0.279674	0.324484	0.278539	0.281205	0.278722	0.280207	0.354331	0.322364	0.362814	0.318126	0.365601	0.354813	0.50273	0.469244	0.502878	0.468168	0.464882	0.510573	0.322985	0.322633	0.36881	0.37431	0.381398	0.328073	0.356608	0.338202	0.347303	0.343448	0.338991	0.344977	0.307265	0.318938	0.318711	0.314902	0.319234	0.31384	0.255457	0.307537	0.248755	0.255573	0.248602	0	0.323496	0.301975	0.322553	0.301716	0.301397	0.31364	0.426003	0.421647	0.43475	0.423714	0.43495	0.422148	0.484262	0.4855	0.483749	0.486394	0.482637	0.482619	0.423469	0.468368	0.420537	0.471399	0.461585	0.4205	0.439773	0.435544	0.433728	0.429561	0.430292	0.429896	0.483621	0.483479	0.480633	0.481785	0.490733	0.484368	0.450851	0.451802	0.452967	0.518844	0.457234	0.45779	0.414666	0.417536	0.413561	0.407463	0.410929	0.409404	0.396881	0.403004	0.397782	0.400504	0.402174	0.417463
ERR608837	0.300938	0.390327	0.305314	0.325089	0.304596	0.325796	0.407547	0.365906	0.42149	0.34936	0.426384	0.408505	0.530237	0.478199	0.530682	0.463157	0.467463	0.540347	0.320894	0.321118	0.417419	0.424418	0.433027	0.310566	0.407489	0.363658	0.335602	0.33864	0.36815	0.340366	0.334005	0.317761	0.318678	0.319308	0.318246	0.319745	0.345232	0.404749	0.3214	0.342855	0.316453	0.323496	0	0.290569	0.242567	0.290676	0.287579	0.244071	0.461003	0.452314	0.477109	0.456499	0.477843	0.453479	0.490745	0.495868	0.491308	0.495669	0.48875	0.487147	0.402123	0.495724	0.411539	0.500148	0.487642	0.410978	0.42844	0.433252	0.426435	0.428519	0.430991	0.435112	0.489934	0.48979	0.474863	0.476785	0.503877	0.495476	0.45421	0.449598	0.459629	0.552231	0.448337	0.447419	0.401911	0.412081	0.400927	0.405062	0.401012	0.402796	0.400434	0.395052	0.399522	0.395332	0.394497	0.392084
ERR608839	0.294372	0.33732	0.294766	0.295154	0.292754	0.29491	0.387179	0.35648	0.393839	0.353335	0.395998	0.387357	0.477521	0.44604	0.477374	0.444771	0.442053	0.485759	0.324671	0.323912	0.360572	0.366516	0.371562	0.328559	0.378349	0.361687	0.368392	0.365495	0.362262	0.368138	0.327706	0.33998	0.339924	0.334482	0.340153	0.335415	0.306066	0.349172	0.30079	0.305534	0.302036	0.301975	0.290569	0	0.288613	0.250855	0.250624	0.27923	0.437298	0.433235	0.445981	0.435255	0.445782	0.433386	0.478464	0.480698	0.477821	0.481038	0.478179	0.476477	0.421059	0.458296	0.4184	0.459957	0.451778	0.418446	0.439274	0.433871	0.434336	0.4303	0.43054	0.429301	0.478246	0.478191	0.47607	0.476785	0.48917	0.480228	0.462739	0.463581	0.465015	0.527627	0.470173	0.470886	0.42662	0.431825	0.425442	0.418628	0.421257	0.420522	0.403632	0.41128	0.404931	0.407853	0.409756	0.4252
ERR608836	0.299766	0.392492	0.304634	0.32557	0.303349	0.326174	0.411586	0.36858	0.425386	0.35216	0.430093	0.412233	0.529278	0.476273	0.529658	0.459866	0.465141	0.539653	0.322661	0.323151	0.419259	0.426387	0.434612	0.311128	0.409994	0.36628	0.337378	0.341347	0.37081	0.343349	0.333974	0.318507	0.319332	0.318322	0.31869	0.320311	0.345123	0.406411	0.319972	0.342915	0.315076	0.322553	0.242567	0.288613	0	0.288952	0.285363	0.245164	0.461331	0.452853	0.477891	0.457014	0.478744	0.453981	0.490856	0.496483	0.491487	0.496005	0.488845	0.486996	0.404044	0.498127	0.414151	0.502363	0.49009	0.413416	0.427063	0.431936	0.42593	0.428796	0.431156	0.435127	0.488982	0.488991	0.473829	0.475586	0.505682	0.495601	0.456409	0.451847	0.462272	0.555611	0.451111	0.450313	0.404477	0.416407	0.403678	0.406738	0.402281	0.404726	0.401651	0.397199	0.400814	0.396715	0.395841	0.393402
