	ERR630005	ERR630004	ERR630001	ERR630002	ERR630000	ERR630003	ERR613356	ERR613354	ERR613355	ERR613353	ERR613358	ERR613357	ERR605934	ERR605937	ERR605938	ERR605935	ERR605936	ERR605939	ERR608950	ERR608951	ERR608952	ERR608954	ERR608949	ERR608953	ERR630397	ERR630396	ERR630394	ERR630393	ERR630395	ERR630392	ERR630276	ERR630277	ERR630275	ERR630274	ERR630272	ERR630273	ERR629948	ERR629951	ERR629949	ERR629950	ERR629946	ERR629947	ERR622034	ERR622035	ERR622036	ERR622037	ERR622033	ERR622038	ERR630533	ERR630535	ERR630534	ERR630537	ERR630536	ERR630532	ERR618617	ERR618620	ERR618615	ERR618616	ERR618618	ERR618619	ERR629975	ERR629973	ERR629972	ERR629971	ERR629974	ERR629970	ERR615626	ERR615625	ERR615624	ERR615623	ERR615622	ERR615621	ERR617407	ERR617406	ERR617404	ERR617403	ERR617405	ERR617408	ERR607446	ERR607445	ERR607448	ERR607447	ERR607449	ERR607450	ERR613773	ERR613774	ERR613775	ERR613771	ERR613770	ERR613772	ERR608535	ERR608532	ERR608533	ERR608536	ERR608531	ERR608534
ERR630005	0	0.249282	0.25206	0.262871	0.265584	0.249055	0.366525	0.351739	0.348906	0.35307	0.384417	0.362671	0.413236	0.437394	0.43669	0.434838	0.437501	0.438462	0.320936	0.330139	0.318556	0.321102	0.330616	0.319637	0.470266	0.482666	0.452044	0.450986	0.478549	0.450614	0.41454	0.411936	0.414461	0.405309	0.419571	0.407775	0.433634	0.416154	0.416724	0.415823	0.436346	0.419712	0.344506	0.345417	0.348039	0.356343	0.340905	0.360656	0.510156	0.505287	0.506375	0.50646	0.502993	0.503225	0.479369	0.498335	0.477837	0.478609	0.489912	0.499112	0.420919	0.422238	0.439189	0.426985	0.420397	0.441425	0.441512	0.443088	0.443585	0.45314	0.464004	0.469881	0.509372	0.505611	0.776795	0.773739	0.777846	0.511615	0.298999	0.303307	0.283048	0.305019	0.283767	0.28332	0.418053	0.417788	0.4173	0.414389	0.419576	0.415963	0.480578	0.489947	0.489777	0.479783	0.511791	0.481329
ERR630004	0.249282	0	0.252794	0.265047	0.267683	0.249425	0.366033	0.351398	0.349111	0.353974	0.382417	0.362522	0.412726	0.437411	0.436529	0.43629	0.439037	0.438226	0.3223	0.332032	0.31849	0.321055	0.330119	0.319395	0.469714	0.481523	0.452042	0.450713	0.477512	0.450888	0.415798	0.412813	0.415828	0.40597	0.421098	0.408309	0.43557	0.41719	0.417771	0.416746	0.438101	0.420827	0.343827	0.344819	0.347178	0.35503	0.34057	0.359243	0.51104	0.505639	0.50776	0.506923	0.503427	0.504332	0.480121	0.498563	0.478699	0.478978	0.490429	0.499475	0.421972	0.42323	0.44076	0.428028	0.421281	0.443292	0.443104	0.44458	0.444844	0.454277	0.464235	0.469769	0.510987	0.506773	0.77804	0.774875	0.779036	0.513199	0.298094	0.302053	0.283833	0.303898	0.28482	0.284198	0.418677	0.41842	0.418038	0.41504	0.420744	0.415027	0.481914	0.490429	0.490645	0.48095	0.511116	0.482653
ERR630001	0.25206	0.252794	0	0.255132	0.256998	0.251617	0.355294	0.344656	0.340535	0.343496	0.380814	0.351367	0.40323	0.420284	0.420689	0.417043	0.41965	0.422458	0.322065	0.32868	0.318919	0.321436	0.340329	0.319547	0.464875	0.476765	0.445405	0.446848	0.472276	0.444248	0.414964	0.415615	0.415439	0.407567	0.419097	0.410037	0.428358	0.415486	0.415613	0.415294	0.430748	0.415462	0.34311	0.343991	0.345701	0.354617	0.337566	0.35957	0.499715	0.497983	0.496441	0.498377	0.495779	0.493868	0.471794	0.488446	0.469551	0.471515	0.480246	0.489213	0.417436	0.418547	0.431086	0.419903	0.417116	0.433484	0.434363	0.435919	0.436886	0.44383	0.455701	0.462797	0.499348	0.496111	0.757695	0.754707	0.758706	0.501131	0.29585	0.30078	0.276428	0.300728	0.277422	0.277166	0.409926	0.409618	0.409535	0.407626	0.412483	0.413055	0.47126	0.481139	0.479671	0.470604	0.508543	0.471772
ERR630002	0.262871	0.265047	0.255132	0	0.242523	0.261602	0.365816	0.355022	0.343265	0.337364	0.406023	0.359969	0.416624	0.423373	0.427033	0.403727	0.404668	0.429444	0.318088	0.316869	0.330621	0.335694	0.358273	0.332389	0.477583	0.491581	0.448848	0.455419	0.485862	0.447158	0.405501	0.410795	0.406438	0.405993	0.407514	0.406844	0.414481	0.412932	0.412269	0.413437	0.415835	0.410582	0.351936	0.353506	0.354938	0.368648	0.340903	0.374228	0.498719	0.50272	0.489976	0.501935	0.49942	0.490705	0.475649	0.494611	0.470774	0.476819	0.483841	0.495528	0.414789	0.415176	0.417638	0.415748	0.415149	0.41887	0.429919	0.430766	0.437168	0.439635	0.463763	0.47409	0.490858	0.490291	0.747524	0.7472	0.747778	0.491383	0.317358	0.324836	0.278463	0.323523	0.279231	0.279242	0.408139	0.407384	0.407822	0.405487	0.403906	0.425363	0.468415	0.486151	0.480311	0.466997	0.524688	0.468962
ERR630000	0.265584	0.267683	0.256998	0.242523	0	0.26389	0.367247	0.356647	0.343987	0.3368	0.409299	0.361368	0.41793	0.423161	0.42703	0.401235	0.401919	0.429698	0.318714	0.316718	0.332977	0.338406	0.361738	0.334746	0.478939	0.49342	0.449516	0.456473	0.487314	0.447452	0.405656	0.411718	0.40669	0.407426	0.407337	0.408059	0.412847	0.413008	0.412163	0.413455	0.414209	0.410322	0.354696	0.356181	0.357633	0.371867	0.342826	0.377667	0.498551	0.503282	0.489226	0.502454	0.500053	0.490343	0.475942	0.495163	0.470587	0.477444	0.483868	0.496049	0.415068	0.415316	0.416104	0.415696	0.415602	0.417337	0.429432	0.430234	0.437373	0.439485	0.465206	0.475824	0.489154	0.489029	0.745338	0.745409	0.745483	0.489541	0.320594	0.328	0.279292	0.326597	0.280414	0.280131	0.408034	0.407276	0.407756	0.405322	0.403073	0.427217	0.468159	0.48696	0.480473	0.466704	0.526753	0.468579
ERR630003	0.249055	0.249425	0.251617	0.261602	0.26389	0	0.365559	0.350894	0.347449	0.35145	0.384992	0.361669	0.412701	0.435982	0.435521	0.432811	0.435544	0.437424	0.321155	0.329779	0.319413	0.322021	0.332606	0.320236	0.46941	0.4816	0.450382	0.449993	0.47771	0.448937	0.412738	0.410415	0.412803	0.403897	0.417618	0.406226	0.431598	0.414603	0.414989	0.414241	0.434278	0.417893	0.344177	0.345164	0.347503	0.355854	0.340045	0.360609	0.509154	0.504701	0.505345	0.505899	0.502242	0.50208	0.478533	0.497343	0.476592	0.477554	0.488857	0.498127	0.419599	0.420482	0.437085	0.425308	0.41888	0.439516	0.440559	0.441991	0.443013	0.452034	0.463455	0.46979	0.507961	0.504124	0.775167	0.772158	0.776177	0.510062	0.29938	0.303807	0.282337	0.305764	0.282992	0.282784	0.415924	0.415626	0.415342	0.412328	0.417262	0.414757	0.479186	0.489034	0.4884	0.478145	0.511729	0.479957
ERR613356	0.366525	0.366033	0.355294	0.365816	0.367247	0.365559	0	0.265922	0.271939	0.283134	0.292971	0.259669	0.345478	0.35619	0.354657	0.371092	0.374911	0.355704	0.423806	0.426911	0.40825	0.407099	0.438129	0.407254	0.441299	0.447885	0.435677	0.437879	0.444508	0.437422	0.468076	0.473545	0.469234	0.467861	0.469359	0.468814	0.460037	0.44986	0.449949	0.449206	0.462444	0.443737	0.399889	0.399137	0.399219	0.404416	0.393923	0.40784	0.460864	0.460154	0.466989	0.459244	0.459078	0.461408	0.448374	0.453506	0.447627	0.446976	0.449623	0.454019	0.437254	0.437603	0.449165	0.432426	0.436255	0.451344	0.44379	0.446105	0.439716	0.444906	0.439094	0.443317	0.469795	0.464273	0.700549	0.694243	0.702798	0.471305	0.349389	0.351549	0.350944	0.348501	0.349577	0.351198	0.429504	0.429611	0.430297	0.433115	0.442654	0.428773	0.449719	0.448492	0.449534	0.451665	0.472429	0.450377
ERR613354	0.351739	0.351398	0.344656	0.355022	0.356647	0.350894	0.265922	0	0.262786	0.273938	0.294859	0.264406	0.35476	0.373365	0.371245	0.381593	0.385165	0.372618	0.408612	0.412772	0.397725	0.397177	0.420475	0.397007	0.442364	0.45092	0.432665	0.433584	0.447749	0.433534	0.451965	0.454683	0.4526	0.45104	0.453571	0.451432	0.450332	0.437346	0.437333	0.436405	0.452718	0.434311	0.390045	0.38961	0.391031	0.396555	0.384525	0.400155	0.466283	0.463261	0.469776	0.463237	0.461623	0.464363	0.450794	0.461051	0.449616	0.449078	0.455571	0.461409	0.427087	0.427514	0.441951	0.425953	0.425978	0.44428	0.440496	0.442599	0.437929	0.444715	0.443331	0.447839	0.471915	0.46613	0.723063	0.71806	0.724709	0.473875	0.344894	0.347356	0.343247	0.346147	0.341902	0.343506	0.426335	0.426375	0.426762	0.427668	0.435871	0.422964	0.451798	0.453264	0.454459	0.452837	0.474446	0.452502
ERR613355	0.348906	0.349111	0.340535	0.343265	0.343987	0.347449	0.271939	0.262786	0	0.259048	0.315194	0.267829	0.366145	0.377463	0.377071	0.370829	0.373718	0.379181	0.398902	0.400133	0.396538	0.397862	0.422105	0.396544	0.449377	0.460316	0.430975	0.434867	0.45588	0.430896	0.439705	0.444638	0.440368	0.4437	0.440083	0.442495	0.435208	0.427521	0.427487	0.427244	0.436904	0.423879	0.390302	0.390133	0.39209	0.400688	0.381647	0.405283	0.464778	0.465492	0.463324	0.464842	0.462937	0.459929	0.451634	0.465077	0.448436	0.450955	0.457048	0.465589	0.417576	0.417757	0.427332	0.415743	0.417229	0.428956	0.432081	0.433618	0.433735	0.43826	0.447255	0.454694	0.462956	0.459196	0.719749	0.717111	0.720894	0.464288	0.352781	0.356903	0.337665	0.355511	0.337005	0.338357	0.418984	0.418725	0.419307	0.419597	0.423976	0.424863	0.446567	0.455231	0.453388	0.446737	0.485086	0.447158
ERR613353	0.35307	0.353974	0.343496	0.337364	0.3368	0.35145	0.283134	0.273938	0.259048	0	0.337717	0.277366	0.379027	0.382589	0.385093	0.362395	0.364021	0.38773	0.395804	0.392991	0.400852	0.403539	0.430499	0.401439	0.459485	0.471977	0.434635	0.441768	0.46671	0.433849	0.434015	0.44207	0.435037	0.442756	0.433202	0.440786	0.425725	0.425671	0.42474	0.425673	0.426912	0.420477	0.394671	0.394719	0.396501	0.408154	0.38255	0.413195	0.465297	0.470429	0.459704	0.468977	0.467254	0.45926	0.455199	0.470227	0.449991	0.456035	0.460172	0.470803	0.415222	0.415162	0.417401	0.412398	0.415256	0.418776	0.428134	0.429052	0.433221	0.43441	0.452586	0.462435	0.457671	0.456009	0.713017	0.712352	0.713433	0.458112	0.363921	0.36946	0.336697	0.367265	0.336622	0.337724	0.41735	0.416713	0.417984	0.41789	0.418091	0.433396	0.444993	0.459778	0.454664	0.444628	0.498377	0.445588
ERR613358	0.384417	0.382417	0.380814	0.406023	0.409299	0.384992	0.292971	0.294859	0.315194	0.337717	0	0.296914	0.354686	0.388544	0.381928	0.426964	0.432226	0.381984	0.45033	0.460687	0.42271	0.418699	0.434263	0.420833	0.44385	0.444891	0.456439	0.448555	0.444795	0.458645	0.497387	0.495315	0.497587	0.487726	0.501309	0.490511	0.500446	0.47574	0.477478	0.474557	0.503716	0.475881	0.41455	0.412402	0.413605	0.410896	0.417614	0.411605	0.486723	0.474325	0.499981	0.47603	0.474761	0.489983	0.465293	0.467782	0.470031	0.461914	0.469015	0.468291	0.466946	0.468428	0.492421	0.467343	0.465144	0.495543	0.477108	0.480173	0.465589	0.478379	0.452495	0.449044	0.505426	0.49637	0.739768	0.729505	0.743016	0.509155	0.353594	0.351	0.383107	0.351267	0.381323	0.382805	0.463073	0.463755	0.463161	0.465507	0.481193	0.438029	0.480889	0.465625	0.475054	0.48353	0.46108	0.48138
ERR613357	0.362671	0.362522	0.351367	0.359969	0.361368	0.361669	0.259669	0.264406	0.267829	0.277366	0.296914	0	0.34839	0.357925	0.356813	0.368282	0.3721	0.358118	0.418492	0.420696	0.405157	0.404673	0.43545	0.404463	0.442594	0.449957	0.434191	0.437046	0.446432	0.435538	0.462391	0.468094	0.463303	0.462959	0.463329	0.463697	0.45437	0.44539	0.445406	0.444646	0.456653	0.439287	0.397102	0.396621	0.396734	0.402791	0.390439	0.406465	0.460198	0.46039	0.465075	0.459621	0.459201	0.460264	0.448017	0.454493	0.446614	0.446861	0.449853	0.454875	0.433331	0.43357	0.444178	0.428512	0.432502	0.446183	0.440499	0.442759	0.437547	0.442095	0.439752	0.44473	0.467199	0.46208	0.701558	0.695873	0.703626	0.468634	0.349301	0.351969	0.346727	0.3489	0.345482	0.347113	0.426258	0.426363	0.42694	0.429428	0.437825	0.427811	0.44755	0.448547	0.448795	0.449307	0.47496	0.448142
ERR605934	0.413236	0.412726	0.40323	0.416624	0.41793	0.412701	0.345478	0.35476	0.366145	0.379027	0.354686	0.34839	0	0.286873	0.281539	0.327066	0.333011	0.28172	0.472386	0.475252	0.452174	0.449259	0.478204	0.451024	0.462587	0.465093	0.468084	0.467515	0.46326	0.470212	0.524776	0.531044	0.525809	0.528983	0.524869	0.528451	0.507338	0.495438	0.495978	0.494352	0.509592	0.490164	0.460339	0.458486	0.45875	0.462706	0.454036	0.464922	0.459832	0.455823	0.472316	0.455616	0.455918	0.464702	0.456599	0.457298	0.45876	0.456057	0.456425	0.457264	0.487239	0.487654	0.499003	0.482222	0.486159	0.500865	0.486055	0.488802	0.477253	0.483696	0.466868	0.468022	0.483979	0.477402	0.686073	0.67749	0.688843	0.486404	0.379954	0.381197	0.397914	0.377578	0.39576	0.397641	0.477227	0.478263	0.47836	0.482393	0.49315	0.470096	0.474503	0.465227	0.46928	0.477658	0.478969	0.474928
ERR605937	0.437394	0.437411	0.420284	0.423373	0.423161	0.435982	0.35619	0.373365	0.377463	0.382589	0.388544	0.357925	0.286873	0	0.266832	0.294964	0.29897	0.267534	0.487575	0.484469	0.472797	0.471534	0.511527	0.472484	0.478572	0.481707	0.476613	0.482968	0.478199	0.478961	0.536561	0.549203	0.538338	0.546844	0.534376	0.545644	0.506468	0.506986	0.506695	0.506587	0.507856	0.49593	0.479518	0.477634	0.476598	0.483957	0.468079	0.487078	0.456019	0.462429	0.465481	0.459777	0.462188	0.461388	0.462432	0.460428	0.461749	0.464576	0.457941	0.46025	0.495743	0.495251	0.495205	0.484952	0.495358	0.496047	0.486028	0.48826	0.48045	0.480998	0.473627	0.478598	0.475355	0.47216	0.643118	0.636488	0.645598	0.475941	0.406288	0.409487	0.409131	0.403461	0.406987	0.408885	0.47845	0.479124	0.47997	0.485396	0.492327	0.488107	0.470682	0.468313	0.467396	0.473841	0.499348	0.470775
ERR605938	0.43669	0.436529	0.420689	0.427033	0.42703	0.435521	0.354657	0.371245	0.377071	0.385093	0.381928	0.356813	0.281539	0.266832	0	0.303433	0.308452	0.264222	0.489149	0.487362	0.472326	0.470323	0.508417	0.47147	0.4747	0.4776	0.475558	0.480116	0.474402	0.478128	0.537824	0.549008	0.539369	0.546778	0.536003	0.545423	0.509917	0.507323	0.507045	0.506545	0.511486	0.497051	0.479292	0.47766	0.476954	0.48321	0.469394	0.486281	0.457365	0.461395	0.468577	0.45932	0.461432	0.463173	0.462194	0.459689	0.46206	0.463003	0.457864	0.459592	0.496374	0.496122	0.499176	0.486572	0.495852	0.500086	0.488658	0.490819	0.48211	0.484054	0.473589	0.477466	0.478442	0.474136	0.648479	0.641149	0.651215	0.479306	0.403468	0.405982	0.411174	0.400374	0.408929	0.411006	0.480064	0.481067	0.481703	0.48704	0.495113	0.484913	0.472823	0.468276	0.468981	0.476189	0.494768	0.472954
ERR605935	0.434838	0.43629	0.417043	0.403727	0.401235	0.432811	0.371092	0.381593	0.370829	0.362395	0.426964	0.368282	0.327066	0.294964	0.303433	0	0.256193	0.305928	0.472894	0.462762	0.475329	0.47712	0.51821	0.47609	0.498879	0.508401	0.478011	0.490666	0.502543	0.47845	0.51421	0.531086	0.516233	0.534247	0.509554	0.53024	0.476953	0.492028	0.490373	0.492275	0.476879	0.478792	0.481307	0.480502	0.480058	0.493508	0.464296	0.497854	0.457772	0.473437	0.453608	0.469415	0.471013	0.456178	0.471237	0.477582	0.464912	0.475173	0.468573	0.477828	0.479146	0.477775	0.465067	0.467226	0.47962	0.464538	0.471073	0.471506	0.475003	0.46907	0.486016	0.497688	0.459961	0.462134	0.638343	0.64055	0.638333	0.458212	0.426761	0.432686	0.402967	0.427122	0.401256	0.403353	0.468591	0.468764	0.470277	0.474648	0.4717	0.497774	0.464726	0.479791	0.470732	0.46603	0.529273	0.464704
ERR605936	0.437501	0.439037	0.41965	0.404668	0.401919	0.435544	0.374911	0.385165	0.373718	0.364021	0.432226	0.3721	0.333011	0.29897	0.308452	0.256193	0	0.310946	0.474278	0.463326	0.477834	0.479803	0.521299	0.47876	0.501682	0.511441	0.479914	0.493098	0.50559	0.480046	0.514643	0.532087	0.51669	0.535305	0.509721	0.531283	0.476286	0.493109	0.491186	0.493112	0.47606	0.479344	0.483299	0.482601	0.482117	0.496076	0.465747	0.500331	0.45939	0.47595	0.454404	0.471683	0.4736	0.457647	0.473421	0.479842	0.466448	0.47733	0.470371	0.480052	0.479873	0.478627	0.464453	0.467679	0.480603	0.463718	0.471219	0.471634	0.47573	0.469019	0.487849	0.499974	0.460118	0.462824	0.636174	0.638965	0.635876	0.458031	0.430453	0.43665	0.404666	0.430796	0.403237	0.405357	0.46934	0.469446	0.471016	0.475462	0.471537	0.500291	0.465239	0.48155	0.471894	0.466379	0.532831	0.465321
ERR605939	0.438462	0.438226	0.422458	0.429444	0.429698	0.437424	0.355704	0.372618	0.379181	0.38773	0.381984	0.358118	0.28172	0.267534	0.264222	0.305928	0.310946	0	0.491394	0.490043	0.473518	0.471602	0.509962	0.472633	0.475092	0.477623	0.476731	0.481431	0.474595	0.479528	0.540163	0.551115	0.541596	0.548347	0.538337	0.5473	0.512539	0.509536	0.509356	0.50885	0.514061	0.499274	0.480007	0.478206	0.477597	0.483491	0.470155	0.486433	0.458567	0.462209	0.470049	0.460254	0.462382	0.464409	0.46317	0.460162	0.463494	0.464152	0.458558	0.460102	0.498607	0.498208	0.501785	0.488813	0.49803	0.502622	0.490492	0.492769	0.483775	0.485693	0.473903	0.477781	0.480569	0.476089	0.648503	0.640679	0.651345	0.481523	0.404199	0.406579	0.413124	0.400837	0.410767	0.412699	0.481597	0.482636	0.483233	0.488594	0.49717	0.485865	0.474117	0.468647	0.469639	0.477503	0.494288	0.474127
ERR608950	0.320936	0.3223	0.322065	0.318088	0.318714	0.321155	0.423806	0.408612	0.398902	0.395804	0.45033	0.418492	0.472386	0.487575	0.489149	0.472894	0.474278	0.491394	0	0.244486	0.262003	0.268428	0.28065	0.264644	0.542415	0.556692	0.513363	0.517267	0.551349	0.510776	0.445581	0.446399	0.445838	0.443833	0.448694	0.444267	0.467037	0.462593	0.461905	0.463119	0.468226	0.464883	0.369218	0.371083	0.373184	0.384733	0.363157	0.388925	0.56967	0.57081	0.558144	0.570811	0.566946	0.559337	0.545533	0.567361	0.540851	0.546319	0.555593	0.567834	0.473149	0.473883	0.478204	0.478451	0.47333	0.479319	0.489637	0.489901	0.498054	0.502497	0.528476	0.537603	0.557825	0.557481	0.811623	0.813006	0.811427	0.558758	0.358579	0.363661	0.329933	0.364637	0.330813	0.329549	0.466764	0.465845	0.465852	0.461225	0.458231	0.478729	0.535967	0.555495	0.549893	0.533759	0.589008	0.536752
ERR608951	0.330139	0.332032	0.32868	0.316869	0.316718	0.329779	0.426911	0.412772	0.400133	0.392991	0.460687	0.420696	0.475252	0.484469	0.487362	0.462762	0.463326	0.490043	0.244486	0	0.274517	0.282062	0.299874	0.277561	0.547212	0.562105	0.51489	0.521101	0.556252	0.511982	0.445155	0.449021	0.445638	0.448238	0.446982	0.447785	0.462923	0.464751	0.463605	0.465511	0.463605	0.465335	0.378011	0.38009	0.381902	0.395629	0.368933	0.400261	0.566948	0.571111	0.553351	0.570494	0.567045	0.556133	0.546225	0.567977	0.54031	0.547702	0.555421	0.568588	0.474184	0.474676	0.473394	0.477755	0.474709	0.473947	0.488489	0.488588	0.498643	0.500707	0.531486	0.542043	0.551624	0.552527	0.801433	0.80404	0.800882	0.551826	0.369369	0.375216	0.333001	0.375537	0.333722	0.332586	0.468299	0.467084	0.467592	0.463091	0.457352	0.487219	0.53371	0.556285	0.548815	0.531372	0.595061	0.534549
ERR608952	0.318556	0.31849	0.318919	0.330621	0.332977	0.319413	0.40825	0.397725	0.396538	0.400852	0.42271	0.405157	0.452174	0.472797	0.472326	0.475329	0.477834	0.473518	0.262003	0.274517	0	0.25041	0.267586	0.249092	0.526161	0.53742	0.507233	0.508071	0.533653	0.505996	0.462489	0.461354	0.462666	0.453488	0.467271	0.456296	0.48225	0.469504	0.469473	0.469478	0.484359	0.471493	0.362695	0.363868	0.364989	0.371	0.361975	0.374035	0.563743	0.56135	0.558718	0.561926	0.558766	0.556941	0.536416	0.553544	0.534322	0.536155	0.545172	0.55423	0.477617	0.478665	0.490216	0.481847	0.477046	0.492214	0.491032	0.492435	0.494241	0.500918	0.514099	0.520285	0.560975	0.558158	0.804785	0.803139	0.80549	0.562475	0.336286	0.338726	0.329375	0.339408	0.329255	0.328291	0.46561	0.465029	0.464845	0.461961	0.466155	0.46598	0.532749	0.543903	0.541946	0.531714	0.569636	0.533585
ERR608954	0.321102	0.321055	0.321436	0.335694	0.338406	0.322021	0.407099	0.397177	0.397862	0.403539	0.418699	0.404673	0.449259	0.471534	0.470323	0.47712	0.479803	0.471602	0.268428	0.282062	0.25041	0	0.267615	0.250664	0.52339	0.534171	0.506594	0.506469	0.530662	0.505671	0.465652	0.463971	0.465887	0.455571	0.470547	0.458698	0.485772	0.471616	0.471871	0.471279	0.48794	0.473623	0.364028	0.365026	0.365922	0.370925	0.364107	0.373493	0.563051	0.559716	0.558889	0.560383	0.557284	0.556634	0.535264	0.551538	0.533534	0.534582	0.543738	0.55211	0.479812	0.480672	0.49341	0.483721	0.47892	0.495636	0.492651	0.493925	0.49456	0.501938	0.512062	0.517661	0.561518	0.55848	0.804289	0.802092	0.80523	0.563306	0.33446	0.336022	0.33185	0.336812	0.332011	0.330765	0.466855	0.466622	0.466291	0.463486	0.468836	0.464762	0.53295	0.54221	0.541072	0.532299	0.566194	0.533697
ERR608949	0.330616	0.330119	0.340329	0.358273	0.361738	0.332606	0.438129	0.420475	0.422105	0.430499	0.434263	0.43545	0.478204	0.511527	0.508417	0.51821	0.521299	0.509962	0.28065	0.299874	0.267586	0.267615	0	0.26815	0.537995	0.549151	0.522927	0.518255	0.546178	0.521184	0.469229	0.461742	0.468681	0.454769	0.475702	0.457979	0.500842	0.478412	0.479558	0.478305	0.503273	0.48611	0.375246	0.375838	0.378938	0.381716	0.37926	0.383241	0.587678	0.579068	0.583332	0.580978	0.576491	0.5797	0.555085	0.57512	0.554461	0.553552	0.567084	0.575644	0.491035	0.49284	0.512336	0.500596	0.49014	0.514742	0.512096	0.513459	0.513139	0.525148	0.53308	0.53652	0.586329	0.582237	0.847269	0.845091	0.848091	0.589074	0.35202	0.351702	0.355653	0.356373	0.35607	0.354831	0.486353	0.486091	0.485151	0.480154	0.486575	0.473351	0.556483	0.564192	0.565668	0.555004	0.577164	0.557429
ERR608953	0.319637	0.319395	0.319547	0.332389	0.334746	0.320236	0.407254	0.397007	0.396544	0.401439	0.420833	0.404463	0.451024	0.472484	0.47147	0.47609	0.47876	0.472633	0.264644	0.277561	0.249092	0.250664	0.26815	0	0.524391	0.53552	0.506148	0.506749	0.531797	0.505061	0.463327	0.462034	0.463476	0.453784	0.468197	0.456767	0.483315	0.469795	0.46994	0.469793	0.485358	0.471757	0.363154	0.364197	0.365057	0.3705	0.36254	0.373388	0.562873	0.560345	0.558467	0.56086	0.557816	0.55639	0.535411	0.55217	0.533409	0.53494	0.54393	0.552816	0.477944	0.478892	0.491006	0.481957	0.477258	0.493156	0.491377	0.492641	0.493985	0.500914	0.512662	0.51845	0.560873	0.558	0.80448	0.802479	0.805278	0.562442	0.335177	0.337229	0.330069	0.338031	0.330188	0.328903	0.465542	0.465072	0.464802	0.46205	0.466357	0.464807	0.532595	0.542893	0.54118	0.531653	0.56783	0.533216
ERR630397	0.470266	0.469714	0.464875	0.477583	0.478939	0.46941	0.441299	0.442364	0.449377	0.459485	0.44385	0.442594	0.462587	0.478572	0.4747	0.498879	0.501682	0.475092	0.542415	0.547212	0.526161	0.52339	0.537995	0.524391	0	0.270107	0.283783	0.275163	0.267395	0.286766	0.404377	0.406118	0.404915	0.399127	0.407699	0.400589	0.392817	0.363998	0.366592	0.36266	0.396462	0.361118	0.511109	0.510831	0.511457	0.512622	0.508877	0.515062	0.379383	0.364724	0.398018	0.367034	0.366528	0.384797	0.338462	0.338975	0.344043	0.333575	0.342311	0.339053	0.358578	0.360269	0.387929	0.356722	0.356533	0.391723	0.377883	0.380746	0.361873	0.37636	0.34339	0.340785	0.389001	0.375697	0.663857	0.649037	0.668346	0.393892	0.450867	0.4513	0.464806	0.449937	0.464254	0.465325	0.354038	0.355738	0.354033	0.357684	0.377098	0.331161	0.351074	0.326819	0.339434	0.354433	0.330677	0.351491
ERR630396	0.482666	0.481523	0.476765	0.491581	0.49342	0.4816	0.447885	0.45092	0.460316	0.471977	0.444891	0.449957	0.465093	0.481707	0.4776	0.508401	0.511441	0.477623	0.556692	0.562105	0.53742	0.534171	0.549151	0.53552	0.270107	0	0.300441	0.289257	0.268173	0.303998	0.425944	0.427033	0.426538	0.417672	0.429715	0.420321	0.415086	0.384674	0.387604	0.383538	0.419058	0.381994	0.519833	0.519177	0.519675	0.519269	0.518755	0.521329	0.389209	0.372246	0.411726	0.375064	0.375151	0.397371	0.346394	0.341881	0.354477	0.3413	0.348877	0.341988	0.378791	0.380845	0.409472	0.376538	0.376612	0.413407	0.394098	0.397564	0.375146	0.390629	0.347887	0.34163	0.404477	0.390777	0.664247	0.646968	0.66935	0.40974	0.457793	0.457689	0.476799	0.456221	0.476415	0.477314	0.370783	0.372759	0.370858	0.37567	0.396885	0.342089	0.366165	0.33511	0.350688	0.37042	0.326638	0.366661
ERR630394	0.452044	0.452042	0.445405	0.448848	0.449516	0.450382	0.435677	0.432665	0.430975	0.434635	0.456439	0.434191	0.468084	0.476613	0.475558	0.478011	0.479914	0.476731	0.513363	0.51489	0.507233	0.506594	0.522927	0.506148	0.283783	0.300441	0	0.265801	0.292522	0.259666	0.360088	0.367329	0.361168	0.366599	0.36021	0.364742	0.340612	0.325606	0.326361	0.324582	0.343461	0.319494	0.496681	0.496939	0.498043	0.503357	0.49044	0.507088	0.368407	0.365612	0.373791	0.366005	0.364828	0.366749	0.335393	0.348659	0.332561	0.333677	0.341373	0.348777	0.319812	0.320493	0.337029	0.316863	0.319182	0.339917	0.346438	0.347972	0.342137	0.349171	0.348476	0.356449	0.357867	0.349311	0.658247	0.650267	0.660801	0.360993	0.447573	0.450365	0.443849	0.448816	0.443849	0.444565	0.322042	0.323231	0.322118	0.323799	0.33408	0.326592	0.324165	0.324618	0.325357	0.324809	0.363946	0.324714
ERR630393	0.450986	0.450713	0.446848	0.455419	0.456473	0.449993	0.437879	0.433584	0.434867	0.441768	0.448555	0.437046	0.467515	0.482968	0.480116	0.490666	0.493098	0.481431	0.517267	0.521101	0.508071	0.506469	0.518255	0.506749	0.275163	0.289257	0.265801	0	0.28346	0.265969	0.367649	0.369977	0.368293	0.36836	0.369941	0.36704	0.356761	0.331077	0.333279	0.330269	0.3602	0.32925	0.496917	0.496969	0.498559	0.502153	0.492941	0.505455	0.375512	0.365183	0.384707	0.367395	0.365288	0.374734	0.337331	0.349299	0.338544	0.333988	0.34575	0.349495	0.327955	0.329807	0.354972	0.328606	0.326691	0.358191	0.356985	0.359213	0.348651	0.360699	0.348454	0.352218	0.372409	0.361553	0.67623	0.666357	0.679386	0.376777	0.444031	0.445859	0.44758	0.445312	0.447401	0.448019	0.333742	0.334927	0.333309	0.334836	0.348636	0.322162	0.33665	0.328221	0.334586	0.338115	0.349661	0.337548
ERR630395	0.478549	0.477512	0.472276	0.485862	0.487314	0.47771	0.444508	0.447749	0.45588	0.46671	0.444795	0.446432	0.46326	0.478199	0.474402	0.502543	0.50559	0.474595	0.551349	0.556252	0.533653	0.530662	0.546178	0.531797	0.267395	0.268173	0.292522	0.28346	0	0.29616	0.417768	0.419922	0.418438	0.411244	0.421165	0.413508	0.405278	0.376555	0.379408	0.375387	0.409095	0.373171	0.516828	0.51608	0.516503	0.517099	0.51497	0.519289	0.383312	0.36802	0.404714	0.370422	0.370649	0.390864	0.340862	0.337686	0.347895	0.336101	0.343023	0.337551	0.371013	0.372822	0.400062	0.368136	0.369094	0.403898	0.386273	0.389725	0.368527	0.383255	0.344494	0.340072	0.396221	0.382638	0.660031	0.643406	0.665153	0.401092	0.455465	0.455685	0.472037	0.45397	0.471493	0.472539	0.362901	0.364899	0.362911	0.367461	0.388087	0.338146	0.357896	0.329703	0.343747	0.361599	0.32796	0.358395
ERR630392	0.450614	0.450888	0.444248	0.447158	0.447452	0.448937	0.437422	0.433534	0.430896	0.433849	0.458645	0.435538	0.470212	0.478961	0.478128	0.47845	0.480046	0.479528	0.510776	0.511982	0.505996	0.505671	0.521184	0.505061	0.286766	0.303998	0.259666	0.265969	0.29616	0	0.355925	0.363317	0.357186	0.363808	0.3559	0.361233	0.336846	0.321934	0.323185	0.321617	0.339616	0.316579	0.496028	0.496548	0.497753	0.503381	0.489528	0.507264	0.369942	0.36705	0.373394	0.36767	0.365927	0.366727	0.336718	0.351656	0.333523	0.335425	0.343876	0.351718	0.317805	0.318499	0.334515	0.31548	0.31726	0.337036	0.345352	0.346861	0.342307	0.349088	0.351284	0.360085	0.356461	0.348213	0.661474	0.654167	0.663907	0.359678	0.447554	0.450829	0.442753	0.449434	0.442828	0.443482	0.321876	0.322789	0.321726	0.323276	0.332268	0.327701	0.324476	0.327125	0.327316	0.324786	0.367646	0.324884
ERR630276	0.41454	0.415798	0.414964	0.405501	0.405656	0.412738	0.468076	0.451965	0.439705	0.434015	0.497387	0.462391	0.524776	0.536561	0.537824	0.51421	0.514643	0.540163	0.445581	0.445155	0.462489	0.465652	0.469229	0.463327	0.404377	0.425944	0.360088	0.367649	0.417768	0.355925	0	0.239599	0.234144	0.248473	0.236873	0.241938	0.308972	0.303035	0.302764	0.304439	0.310406	0.306349	0.447332	0.449752	0.452611	0.46342	0.440042	0.467785	0.448342	0.449815	0.433943	0.450276	0.445854	0.435072	0.416313	0.444827	0.408918	0.416733	0.429646	0.445086	0.314193	0.315054	0.322522	0.322081	0.314595	0.324138	0.365789	0.365609	0.377815	0.381786	0.417495	0.431023	0.418665	0.416498	0.742737	0.742553	0.74293	0.420861	0.446948	0.452418	0.41803	0.453266	0.419729	0.418956	0.328971	0.327554	0.32739	0.320239	0.314316	0.351128	0.387832	0.413047	0.405633	0.383849	0.459976	0.388558
ERR630277	0.411936	0.412813	0.415615	0.410795	0.411718	0.410415	0.473545	0.454683	0.444638	0.44207	0.495315	0.468094	0.531044	0.549203	0.549008	0.531086	0.532087	0.551115	0.446399	0.449021	0.461354	0.463971	0.461742	0.462034	0.406118	0.427033	0.367329	0.369977	0.419922	0.363317	0.239599	0	0.238788	0.242284	0.24502	0.237098	0.3237	0.30693	0.307596	0.307775	0.325885	0.314989	0.444425	0.446963	0.450656	0.459735	0.439701	0.463764	0.462152	0.458336	0.450163	0.459977	0.454674	0.449161	0.426105	0.455132	0.420569	0.424787	0.441276	0.455247	0.320797	0.322387	0.339548	0.333099	0.320643	0.341749	0.377797	0.377965	0.387304	0.395138	0.423894	0.434876	0.437796	0.433632	0.766103	0.764698	0.766528	0.440786	0.445866	0.450418	0.422002	0.452288	0.423624	0.422893	0.338638	0.337281	0.336876	0.328545	0.326325	0.347622	0.402937	0.422891	0.418938	0.399059	0.458826	0.40367
ERR630275	0.414461	0.415828	0.415439	0.406438	0.40669	0.412803	0.469234	0.4526	0.440368	0.435037	0.497587	0.463303	0.525809	0.538338	0.539369	0.516233	0.51669	0.541596	0.445838	0.445638	0.462666	0.465887	0.468681	0.463476	0.404915	0.426538	0.361168	0.368293	0.418438	0.357186	0.234144	0.238788	0	0.248166	0.237589	0.241505	0.310527	0.303484	0.303202	0.304711	0.312103	0.307297	0.447794	0.450266	0.453172	0.463922	0.440879	0.468249	0.450148	0.45081	0.435849	0.451363	0.446912	0.436741	0.417886	0.446582	0.410648	0.418079	0.431469	0.446802	0.315012	0.316029	0.32473	0.323676	0.315349	0.326216	0.367503	0.367243	0.379099	0.383817	0.418729	0.431943	0.420289	0.417859	0.746029	0.745755	0.74624	0.422573	0.447368	0.452549	0.418845	0.453607	0.420424	0.419729	0.330727	0.329481	0.329134	0.321813	0.316213	0.351358	0.38992	0.41471	0.407636	0.386013	0.460387	0.390784
ERR630274	0.405309	0.40597	0.407567	0.405993	0.407426	0.403897	0.467861	0.45104	0.4437	0.442756	0.487726	0.462959	0.528983	0.546844	0.546778	0.534247	0.535305	0.548347	0.443833	0.448238	0.453488	0.455571	0.454769	0.453784	0.399127	0.417672	0.366599	0.36836	0.411244	0.363808	0.248473	0.242284	0.248166	0	0.255639	0.234906	0.331407	0.311656	0.312198	0.312342	0.334407	0.317522	0.429502	0.432234	0.434826	0.442568	0.426592	0.446345	0.466399	0.461646	0.458703	0.463211	0.458914	0.456276	0.426455	0.451315	0.422375	0.424565	0.44009	0.451608	0.323938	0.325618	0.345276	0.333751	0.323098	0.348451	0.377464	0.378421	0.38383	0.392169	0.413407	0.422483	0.450849	0.445522	0.764894	0.761398	0.765904	0.453724	0.4364	0.440428	0.416308	0.441814	0.417853	0.416857	0.32815	0.32697	0.326393	0.318861	0.321256	0.332024	0.406502	0.420305	0.418437	0.403577	0.452124	0.407295
ERR630272	0.419571	0.421098	0.419097	0.407514	0.407337	0.417618	0.469359	0.453571	0.440083	0.433202	0.501309	0.463329	0.524869	0.534376	0.536003	0.509554	0.509721	0.538337	0.448694	0.446982	0.467271	0.470547	0.475702	0.468197	0.407699	0.429715	0.36021	0.369941	0.421165	0.3559	0.236873	0.24502	0.237589	0.255639	0	0.247932	0.305165	0.304957	0.304215	0.30629	0.306166	0.306175	0.453892	0.456534	0.459192	0.470688	0.44547	0.475153	0.445437	0.449059	0.429351	0.449046	0.444831	0.431574	0.416341	0.445244	0.407638	0.416921	0.429194	0.445511	0.315352	0.315669	0.318871	0.321818	0.316074	0.319765	0.366089	0.365473	0.379537	0.381533	0.420528	0.434905	0.412557	0.411119	0.736344	0.737098	0.736186	0.414076	0.451667	0.457265	0.420858	0.457824	0.422464	0.421852	0.331282	0.32972	0.32987	0.322506	0.314535	0.357428	0.384958	0.413008	0.404015	0.380816	0.463887	0.385774
ERR630273	0.407775	0.408309	0.410037	0.406844	0.408059	0.406226	0.468814	0.451432	0.442495	0.440786	0.490511	0.463697	0.528451	0.545644	0.545423	0.53024	0.531283	0.5473	0.444267	0.447785	0.456296	0.458698	0.457979	0.456767	0.400589	0.420321	0.364742	0.36704	0.413508	0.361233	0.241938	0.237098	0.241505	0.234906	0.247932	0	0.32508	0.30702	0.307743	0.307919	0.327685	0.313284	0.435017	0.437818	0.440863	0.449339	0.431217	0.453381	0.461997	0.458141	0.452391	0.459606	0.454864	0.450607	0.423773	0.450393	0.418946	0.422011	0.437976	0.450735	0.320016	0.321526	0.339615	0.329952	0.319502	0.342196	0.374747	0.375229	0.382737	0.39062	0.415991	0.426164	0.442704	0.437925	0.76222	0.759801	0.763038	0.445509	0.439878	0.444205	0.417723	0.445753	0.419273	0.418402	0.329535	0.328373	0.327753	0.319967	0.320088	0.336728	0.401746	0.418733	0.415667	0.398579	0.453564	0.402541
ERR629948	0.433634	0.43557	0.428358	0.414481	0.412847	0.431598	0.460037	0.450332	0.435208	0.425725	0.500446	0.45437	0.507338	0.506468	0.509917	0.476953	0.476286	0.512539	0.467037	0.462923	0.48225	0.485772	0.500842	0.483315	0.392817	0.415086	0.340612	0.356761	0.405278	0.336846	0.308972	0.3237	0.310527	0.331407	0.305165	0.32508	0	0.259975	0.257531	0.261692	0.238481	0.251327	0.474906	0.476699	0.478118	0.490416	0.463787	0.495354	0.408898	0.420668	0.390552	0.418749	0.416452	0.396032	0.384574	0.411594	0.372955	0.387674	0.393731	0.412275	0.299343	0.298429	0.288028	0.298231	0.301339	0.288106	0.338441	0.3371	0.353941	0.349866	0.396451	0.414303	0.366216	0.368121	0.67457	0.677291	0.67409	0.365649	0.455866	0.46202	0.422429	0.460812	0.423245	0.423321	0.298189	0.297229	0.298124	0.294315	0.280793	0.344586	0.347112	0.382316	0.368408	0.342897	0.448951	0.347518
ERR629951	0.416154	0.41719	0.415486	0.412932	0.413008	0.414603	0.44986	0.437346	0.427521	0.425671	0.47574	0.44539	0.495438	0.506986	0.507323	0.492028	0.493109	0.509536	0.462593	0.464751	0.469504	0.471616	0.478412	0.469795	0.363998	0.384674	0.325606	0.331077	0.376555	0.321934	0.303035	0.30693	0.303484	0.311656	0.304957	0.30702	0.259975	0	0.244241	0.244758	0.262535	0.247449	0.461136	0.462168	0.464625	0.473544	0.454371	0.47788	0.407438	0.407024	0.397905	0.407417	0.403431	0.396498	0.370691	0.398079	0.364749	0.371211	0.383838	0.398623	0.289552	0.290266	0.306272	0.296684	0.289915	0.308638	0.337592	0.337634	0.345162	0.351751	0.379067	0.391473	0.379169	0.375017	0.704129	0.701832	0.705033	0.381651	0.435842	0.440319	0.414679	0.440962	0.415543	0.415506	0.292919	0.292666	0.292088	0.287323	0.287075	0.310445	0.349766	0.370143	0.365372	0.346574	0.415548	0.350458
ERR629949	0.416724	0.417771	0.415613	0.412269	0.412163	0.414989	0.449949	0.437333	0.427487	0.42474	0.477478	0.445406	0.495978	0.506695	0.507045	0.490373	0.491186	0.509356	0.461905	0.463605	0.469473	0.471871	0.479558	0.46994	0.366592	0.387604	0.326361	0.333279	0.379408	0.323185	0.302764	0.307596	0.303202	0.312198	0.304215	0.307743	0.257531	0.244241	0	0.244878	0.259895	0.24717	0.460655	0.462092	0.464374	0.473332	0.453565	0.477721	0.40841	0.409035	0.398187	0.409177	0.40552	0.397187	0.372359	0.399774	0.365618	0.373039	0.385212	0.400359	0.289886	0.290086	0.304343	0.296037	0.290057	0.306513	0.338116	0.338127	0.346342	0.352024	0.3811	0.394175	0.378868	0.375112	0.702081	0.70033	0.702951	0.381101	0.436717	0.441398	0.414483	0.441814	0.415227	0.415165	0.292418	0.291869	0.291377	0.286397	0.28544	0.31269	0.349772	0.371539	0.36592	0.34658	0.419469	0.350601
ERR629950	0.415823	0.416746	0.415294	0.413437	0.413455	0.414241	0.449206	0.436405	0.427244	0.425673	0.474557	0.444646	0.494352	0.506587	0.506545	0.492275	0.493112	0.50885	0.463119	0.465511	0.469478	0.471279	0.478305	0.469793	0.36266	0.383538	0.324582	0.330269	0.375387	0.321617	0.304439	0.307775	0.304711	0.312342	0.30629	0.307919	0.261692	0.244758	0.244878	0	0.264378	0.248372	0.461209	0.462312	0.464727	0.47333	0.454572	0.477589	0.407197	0.406322	0.397973	0.406719	0.402883	0.39647	0.370426	0.397448	0.364385	0.370344	0.383411	0.398019	0.290139	0.291056	0.307665	0.297396	0.290432	0.310113	0.338684	0.339043	0.345715	0.352751	0.378765	0.39127	0.379973	0.375575	0.704716	0.702321	0.70578	0.382657	0.435129	0.439598	0.414758	0.440212	0.415619	0.415569	0.293677	0.293288	0.292525	0.287766	0.288192	0.310032	0.349921	0.369445	0.365171	0.346846	0.41421	0.350601
ERR629946	0.436346	0.438101	0.430748	0.415835	0.414209	0.434278	0.462444	0.452718	0.436904	0.426912	0.503716	0.456653	0.509592	0.507856	0.511486	0.476879	0.47606	0.514061	0.468226	0.463605	0.484359	0.48794	0.503273	0.485358	0.396462	0.419058	0.343461	0.3602	0.409095	0.339616	0.310406	0.325885	0.312103	0.334407	0.306166	0.327685	0.238481	0.262535	0.259895	0.264378	0	0.253199	0.477702	0.479549	0.480996	0.493565	0.466173	0.498442	0.410113	0.422592	0.390833	0.420481	0.418199	0.396788	0.387164	0.414318	0.374874	0.390469	0.39624	0.415038	0.301315	0.30025	0.287909	0.300074	0.303495	0.287441	0.339665	0.338373	0.356285	0.35141	0.399858	0.418022	0.365691	0.368213	0.673418	0.676771	0.672857	0.364837	0.459035	0.465259	0.424583	0.464192	0.42555	0.425426	0.301044	0.299796	0.300687	0.296968	0.282146	0.348868	0.348624	0.385309	0.370733	0.344269	0.452952	0.348978
ERR629947	0.419712	0.420827	0.415462	0.410582	0.410322	0.417893	0.443737	0.434311	0.423879	0.420477	0.475881	0.439287	0.490164	0.49593	0.497051	0.478792	0.479344	0.499274	0.464883	0.465335	0.471493	0.473623	0.48611	0.471757	0.361118	0.381994	0.319494	0.32925	0.373171	0.316579	0.306349	0.314989	0.307297	0.317522	0.306175	0.313284	0.251327	0.247449	0.24717	0.248372	0.253199	0	0.46262	0.464064	0.465803	0.475366	0.454649	0.479913	0.396836	0.401326	0.386952	0.400573	0.39812	0.386919	0.363823	0.388663	0.356083	0.364972	0.374198	0.389326	0.287868	0.28806	0.296335	0.28898	0.288424	0.297688	0.330101	0.330151	0.339169	0.341845	0.372348	0.386718	0.367259	0.364574	0.682578	0.680886	0.68348	0.368989	0.436118	0.441145	0.412907	0.440663	0.413646	0.413665	0.283983	0.283227	0.283389	0.280052	0.278124	0.311686	0.338146	0.360967	0.3535	0.335248	0.415627	0.338564
ERR622034	0.344506	0.343827	0.34311	0.351936	0.354696	0.344177	0.399889	0.390045	0.390302	0.394671	0.41455	0.397102	0.460339	0.479518	0.479292	0.481307	0.483299	0.480007	0.369218	0.378011	0.362695	0.364028	0.375246	0.363154	0.511109	0.519833	0.496681	0.496917	0.516828	0.496028	0.447332	0.444425	0.447794	0.429502	0.453892	0.435017	0.474906	0.461136	0.460655	0.461209	0.477702	0.46262	0	0.244664	0.245266	0.250187	0.247355	0.253629	0.562484	0.55905	0.55993	0.55981	0.557226	0.557661	0.526131	0.540442	0.525384	0.525413	0.53377	0.541093	0.468852	0.469978	0.483291	0.472352	0.467996	0.485589	0.477948	0.479986	0.480282	0.487044	0.494568	0.498736	0.563499	0.56001	0.795369	0.791302	0.796436	0.565472	0.358479	0.361174	0.350616	0.361028	0.351657	0.350297	0.44344	0.442762	0.442812	0.439853	0.445835	0.440653	0.521232	0.527412	0.527656	0.520865	0.548498	0.522474
ERR622035	0.345417	0.344819	0.343991	0.353506	0.356181	0.345164	0.399137	0.38961	0.390133	0.394719	0.412402	0.396621	0.458486	0.477634	0.47766	0.480502	0.482601	0.478206	0.371083	0.38009	0.363868	0.365026	0.375838	0.364197	0.510831	0.519177	0.496939	0.496969	0.51608	0.496548	0.449752	0.446963	0.450266	0.432234	0.456534	0.437818	0.476699	0.462168	0.462092	0.462312	0.479549	0.464064	0.244664	0	0.245172	0.249729	0.248957	0.252587	0.561618	0.557859	0.559506	0.558718	0.556143	0.55708	0.525185	0.539099	0.524624	0.524589	0.532566	0.539733	0.469711	0.471099	0.484482	0.473301	0.468956	0.487068	0.477974	0.480014	0.479321	0.487025	0.493692	0.49752	0.562864	0.559396	0.793777	0.789441	0.795045	0.564812	0.358478	0.361059	0.351349	0.360923	0.352419	0.351104	0.444593	0.443902	0.443746	0.441299	0.447661	0.44122	0.520895	0.526296	0.526845	0.520711	0.546636	0.522135
ERR622036	0.348039	0.347178	0.345701	0.354938	0.357633	0.347503	0.399219	0.391031	0.39209	0.396501	0.413605	0.396734	0.45875	0.476598	0.476954	0.480058	0.482117	0.477597	0.373184	0.381902	0.364989	0.365922	0.378938	0.365057	0.511457	0.519675	0.498043	0.498559	0.516503	0.497753	0.452611	0.450656	0.453172	0.434826	0.459192	0.440863	0.478118	0.464625	0.464374	0.464727	0.480996	0.465803	0.245266	0.245172	0	0.247303	0.24918	0.250026	0.561797	0.55879	0.559777	0.559335	0.556991	0.557605	0.525702	0.538756	0.525107	0.52526	0.532377	0.539409	0.472045	0.473096	0.485795	0.474673	0.470936	0.488208	0.478686	0.480823	0.480101	0.486898	0.493068	0.497133	0.563579	0.560269	0.790634	0.786154	0.791906	0.565488	0.358775	0.361112	0.352033	0.360609	0.352734	0.351475	0.444563	0.444034	0.443939	0.441765	0.448059	0.442306	0.521049	0.526359	0.526573	0.520944	0.547826	0.522143
