	ERR637000	ERR636999	ERR636997	ERR636998	ERR637001	ERR637002	ERR613997	ERR613999	ERR613998	ERR613996	ERR614001	ERR614000	ERR613666	ERR613669	ERR613667	ERR613668	ERR613670	ERR613665	ERR618718	ERR618722	ERR618721	ERR618720	ERR618719	ERR618717	ERR612205	ERR612203	ERR612206	ERR612204	ERR612208	ERR612207	ERR613329	ERR613332	ERR613333	ERR613330	ERR613334	ERR613331	ERR607785	ERR607781	ERR607783	ERR607784	ERR607786	ERR607782	ERR608153	ERR608149	ERR608151	ERR608154	ERR608152	ERR608150	ERR617330	ERR617329	ERR617326	ERR617327	ERR617325	ERR617328	ERR622132	ERR622133	ERR622135	ERR622131	ERR622136	ERR622134	ERR629611	ERR629607	ERR629610	ERR629609	ERR629608	ERR629606	ERR608241	ERR608242	ERR608240	ERR608239	ERR608244	ERR608243	ERR607591	ERR607593	ERR607596	ERR607594	ERR607592	ERR607595	ERR617066	ERR617064	ERR617067	ERR617068	ERR617065	ERR617063	ERR616444	ERR616447	ERR616449	ERR616445	ERR616448	ERR616446	ERR609168	ERR609166	ERR609165	ERR609164	ERR609163	ERR609167
ERR637000	0	0.821866	0.826963	0.814185	0.815715	0.818153	0.967212	0.969519	0.98971	0.958259	0.968849	0.968951	0.97571	0.984897	0.981269	0.983758	1.01426	0.972093	0.936496	0.93043	0.931834	0.932349	0.93534	0.931728	1.00241	0.997096	1.00052	1.00253	1.00611	1.02711	0.970556	0.989167	0.986962	0.985806	1.01296	0.976629	0.935712	0.936359	0.936534	0.960592	0.935222	0.956533	0.954489	0.989203	0.957027	0.965859	0.956345	0.966112	1.07786	1.07779	1.08882	1.08785	1.08697	1.07782	1.10583	1.10558	1.10266	1.10024	1.12761	1.11584	1.09445	1.08962	1.0938	1.09014	1.09024	1.07821	1.07991	1.08506	1.08644	1.10228	1.09062	1.08671	1.04078	1.05244	1.04115	1.04147	1.05121	1.04173	1.07603	1.06749	1.07698	1.07649	1.06593	1.06986	1.07933	1.06175	1.06023	1.12019	1.06073	1.07839	1.06681	1.08457	1.07328	1.06893	1.06729	1.06692
ERR636999	0.821866	0	0.825744	0.813394	0.821023	0.822995	0.969175	0.972435	0.99099	0.960965	0.971966	0.971643	0.976598	0.986812	0.9825	0.985664	1.01586	0.973266	0.937833	0.93257	0.933114	0.934388	0.937005	0.933529	1.00349	0.998678	1.00234	1.00356	1.00788	1.02869	0.972787	0.991343	0.989862	0.9877	1.01399	0.978255	0.937603	0.938572	0.938488	0.962372	0.937157	0.957919	0.956977	0.989311	0.959265	0.967176	0.958796	0.968039	1.08009	1.08019	1.09081	1.08995	1.08813	1.07991	1.10709	1.10712	1.10411	1.10191	1.12886	1.11708	1.09574	1.09037	1.09491	1.09123	1.09132	1.07942	1.08317	1.08743	1.08879	1.10392	1.09279	1.08863	1.04256	1.0532	1.04236	1.04295	1.052	1.04316	1.07573	1.0679	1.07694	1.0761	1.06656	1.06984	1.08064	1.06212	1.06124	1.1217	1.06145	1.0796	1.06751	1.08516	1.07375	1.0692	1.06846	1.06745
ERR636997	0.826963	0.825744	0	0.819467	0.826765	0.82846	0.973495	0.976392	0.994725	0.965594	0.975923	0.975411	0.980228	0.989943	0.986118	0.98901	1.01842	0.977088	0.942941	0.937347	0.938091	0.93931	0.941795	0.938477	1.00683	1.00246	1.0058	1.00729	1.01101	1.03149	0.975813	0.993742	0.99183	0.990558	1.01616	0.98109	0.941526	0.942732	0.942888	0.965912	0.941653	0.961387	0.960986	0.992665	0.963341	0.971168	0.962893	0.971914	1.08451	1.08445	1.09497	1.09422	1.09277	1.08449	1.11098	1.11108	1.1082	1.1057	1.1326	1.12114	1.09965	1.09444	1.099	1.09544	1.09524	1.08388	1.08716	1.09125	1.09274	1.1074	1.09642	1.09267	1.04763	1.05845	1.04772	1.04834	1.05717	1.04825	1.08044	1.07248	1.08166	1.08078	1.07126	1.07488	1.08506	1.06716	1.066	1.12536	1.06646	1.08416	1.0726	1.09005	1.07838	1.07439	1.07358	1.07272
ERR636998	0.814185	0.813394	0.819467	0	0.813527	0.81558	0.961582	0.964146	0.985237	0.952939	0.963642	0.963508	0.971281	0.980368	0.97706	0.979482	1.01139	0.967412	0.930771	0.924129	0.925277	0.926343	0.929365	0.925278	0.997894	0.992692	0.996399	0.99806	1.00201	1.02355	0.96657	0.985657	0.983825	0.982317	1.01063	0.972673	0.930978	0.930893	0.931379	0.956594	0.930352	0.952423	0.948608	0.984971	0.951625	0.960236	0.950567	0.9607	1.0722	1.07248	1.08356	1.08276	1.08182	1.07243	1.10042	1.10046	1.0973	1.09501	1.12305	1.11099	1.08908	1.08426	1.08848	1.0846	1.08449	1.07252	1.07482	1.08008	1.08116	1.09766	1.08561	1.08151	1.03563	1.04673	1.03537	1.03621	1.04577	1.03621	1.07153	1.06264	1.07288	1.07225	1.0611	1.06544	1.0752	1.05681	1.05569	1.11672	1.05577	1.0739	1.06163	1.07922	1.06862	1.06355	1.06234	1.06179
ERR637001	0.815715	0.821023	0.826765	0.813527	0	0.817411	0.966347	0.968743	0.988977	0.957569	0.968275	0.968049	0.97483	0.983864	0.980537	0.983014	1.01369	0.971183	0.93574	0.929663	0.930903	0.931921	0.934566	0.931196	1.00149	0.996427	1.00015	1.00176	1.00548	1.02658	0.97002	0.988485	0.986839	0.985112	1.01219	0.975751	0.934588	0.935266	0.935465	0.959739	0.934583	0.955618	0.953878	0.988552	0.956426	0.964794	0.955951	0.965675	1.07809	1.07843	1.0892	1.08855	1.08734	1.0784	1.10545	1.10569	1.1026	1.10009	1.12763	1.11581	1.09472	1.08957	1.09404	1.09006	1.0903	1.07812	1.08079	1.08569	1.08691	1.10246	1.09113	1.08692	1.04163	1.05253	1.04162	1.0421	1.05168	1.04227	1.07648	1.06795	1.07766	1.07689	1.06686	1.07041	1.08002	1.0623	1.0613	1.12103	1.0615	1.07941	1.06722	1.08469	1.07363	1.0691	1.06765	1.0673
ERR637002	0.818153	0.822995	0.82846	0.81558	0.817411	0	0.968023	0.970141	0.990764	0.959247	0.969927	0.969495	0.976398	0.985624	0.982155	0.984567	1.01471	0.97271	0.937593	0.931318	0.932603	0.933503	0.93639	0.932828	1.00307	0.99795	1.00153	1.00351	1.00715	1.0277	0.971884	0.99005	0.988244	0.986836	1.01365	0.977632	0.937171	0.937717	0.937671	0.962033	0.936508	0.957984	0.955705	0.990246	0.958025	0.966413	0.957516	0.967144	1.07841	1.07894	1.08972	1.08899	1.08817	1.07891	1.10666	1.10672	1.1035	1.10133	1.1285	1.1169	1.09526	1.09041	1.09451	1.09089	1.09127	1.07919	1.08118	1.08606	1.08716	1.10323	1.09165	1.08756	1.04265	1.05354	1.04269	1.04329	1.05262	1.04317	1.0776	1.06852	1.07848	1.07777	1.06741	1.07136	1.08047	1.06271	1.06168	1.12109	1.06189	1.07953	1.06817	1.08549	1.07479	1.07007	1.06906	1.06815
ERR613997	0.967212	0.969175	0.973495	0.961582	0.966347	0.968023	0	0.788946	0.812381	0.77519	0.788415	0.788618	0.927645	0.939187	0.934882	0.93762	0.974517	0.922962	0.87104	0.864157	0.865349	0.865885	0.869658	0.865176	0.968391	0.961463	0.966485	0.968315	0.973178	0.995819	0.952138	0.974804	0.973385	0.969939	1.0052	0.959143	0.89997	0.899155	0.899231	0.919627	0.899443	0.916334	0.905468	0.949081	0.907909	0.91838	0.907391	0.919608	1.09789	1.09843	1.10806	1.1078	1.10802	1.09771	1.06788	1.06774	1.06449	1.06216	1.0921	1.07912	1.05469	1.0494	1.05424	1.05071	1.05033	1.04043	1.10561	1.11159	1.11159	1.12771	1.11638	1.11331	1.08058	1.0906	1.08052	1.08071	1.09089	1.08062	1.11824	1.10895	1.1194	1.11858	1.10775	1.11224	1.1105	1.09462	1.09372	1.14497	1.09373	1.10894	1.10617	1.12062	1.11274	1.10751	1.1059	1.10583
ERR613999	0.969519	0.972435	0.976392	0.964146	0.968743	0.970141	0.788946	0	0.817607	0.780112	0.786964	0.787305	0.931146	0.941443	0.93774	0.939991	0.977087	0.925636	0.874761	0.866386	0.867887	0.868392	0.872611	0.868175	0.971246	0.96456	0.969385	0.97173	0.975801	0.998417	0.954566	0.97663	0.97504	0.972678	1.00763	0.962396	0.90348	0.902699	0.902379	0.922435	0.902875	0.920043	0.906753	0.952026	0.909836	0.920002	0.908564	0.92109	1.09839	1.09882	1.1088	1.10847	1.10949	1.09851	1.06944	1.06938	1.06618	1.06403	1.09377	1.08061	1.0565	1.05188	1.05629	1.05262	1.05258	1.04293	1.1056	1.11236	1.1122	1.1285	1.1171	1.11409	1.08223	1.09228	1.082	1.08216	1.09299	1.08228	1.12084	1.11093	1.12218	1.1215	1.10959	1.11477	1.11183	1.09656	1.09582	1.14566	1.09577	1.11011	1.10837	1.12225	1.11503	1.10963	1.10773	1.10786
ERR613998	0.98971	0.99099	0.994725	0.985237	0.988977	0.990764	0.812381	0.817607	0	0.806268	0.81677	0.817155	0.945572	0.95786	0.952048	0.956148	0.988766	0.942271	0.89712	0.892527	0.893062	0.893215	0.896621	0.892259	0.987205	0.981788	0.986004	0.986535	0.992312	1.01329	0.972246	0.994451	0.992399	0.987736	1.01971	0.977878	0.922912	0.924108	0.924128	0.939119	0.922529	0.935705	0.92997	0.965187	0.931501	0.939712	0.931958	0.941311	1.11786	1.11853	1.12715	1.12672	1.12606	1.11808	1.08391	1.08433	1.08138	1.07959	1.107	1.09489	1.07083	1.06566	1.07072	1.06763	1.06688	1.05834	1.12597	1.12986	1.13121	1.14407	1.13433	1.1316	1.09971	1.10897	1.09987	1.1	1.10843	1.09998	1.13211	1.1255	1.13319	1.132	1.1243	1.12739	1.12734	1.11159	1.11062	1.15976	1.11087	1.12559	1.12265	1.13668	1.128	1.12398	1.12292	1.12229
ERR613996	0.958259	0.960965	0.965594	0.952939	0.957569	0.959247	0.77519	0.780112	0.806268	0	0.779114	0.779143	0.92179	0.933143	0.928941	0.931577	0.970003	0.916693	0.86174	0.852779	0.85475	0.855323	0.859966	0.85453	0.96131	0.954303	0.959543	0.961568	0.9661	0.989696	0.945181	0.968613	0.966931	0.963998	1.00078	0.952812	0.892057	0.891382	0.891039	0.913411	0.891352	0.910322	0.895768	0.943238	0.8985	0.910225	0.897858	0.910567	1.08836	1.08913	1.0994	1.09893	1.0994	1.0886	1.06021	1.06011	1.05665	1.05431	1.08539	1.07178	1.04799	1.04304	1.04743	1.04366	1.04348	1.03313	1.09647	1.10334	1.10329	1.12011	1.10825	1.10515	1.0713	1.0817	1.07107	1.07119	1.08244	1.07116	1.11046	1.1006	1.11182	1.11126	1.09914	1.10419	1.10245	1.08599	1.08524	1.1383	1.08516	1.10068	1.09767	1.11237	1.10437	1.09889	1.09704	1.09712
ERR614001	0.968849	0.971966	0.975923	0.963642	0.968275	0.969927	0.788415	0.786964	0.81677	0.779114	0	0.786423	0.930135	0.940725	0.937082	0.939296	0.976311	0.924962	0.873488	0.865209	0.867057	0.867318	0.871565	0.866652	0.970675	0.96365	0.968623	0.971121	0.97498	0.997801	0.953512	0.976118	0.974187	0.971915	1.00685	0.9612	0.90261	0.901341	0.901484	0.921681	0.901771	0.918861	0.905716	0.951081	0.908737	0.918918	0.907661	0.920161	1.09839	1.09888	1.10881	1.10845	1.10919	1.0983	1.06932	1.06897	1.06595	1.06345	1.0934	1.08022	1.05622	1.0516	1.05614	1.05255	1.05239	1.04272	1.10524	1.11207	1.11187	1.12828	1.11692	1.11398	1.08203	1.09191	1.08178	1.08203	1.09268	1.08181	1.12032	1.11055	1.12156	1.12111	1.10933	1.11423	1.11173	1.09619	1.09512	1.14563	1.09538	1.10982	1.10809	1.1219	1.11475	1.10939	1.10741	1.10769
ERR614000	0.968951	0.971643	0.975411	0.963508	0.968049	0.969495	0.788618	0.787305	0.817155	0.779143	0.786423	0	0.930853	0.941008	0.937755	0.939579	0.976683	0.925354	0.874302	0.865799	0.867837	0.867891	0.87273	0.867458	0.970655	0.963627	0.968397	0.970914	0.974782	0.997502	0.953706	0.976226	0.974234	0.972008	1.00688	0.961121	0.902504	0.901411	0.901339	0.921264	0.901611	0.918974	0.905777	0.951229	0.908795	0.919389	0.907831	0.920637	1.09774	1.09844	1.10831	1.10787	1.10901	1.09789	1.06913	1.06892	1.06566	1.06361	1.09313	1.08015	1.05631	1.05147	1.05574	1.05238	1.05195	1.04231	1.10503	1.11172	1.11161	1.12817	1.11666	1.11353	1.08195	1.09126	1.08139	1.08155	1.0922	1.08167	1.12024	1.11024	1.12141	1.12063	1.10875	1.11368	1.11124	1.09569	1.09493	1.14518	1.09497	1.10943	1.10769	1.12187	1.11441	1.10908	1.1069	1.1073
ERR613666	0.97571	0.976598	0.980228	0.971281	0.97483	0.976398	0.927645	0.931146	0.945572	0.92179	0.930135	0.930853	0	0.775976	0.764424	0.773997	0.800942	0.757381	0.940572	0.937117	0.9369	0.937967	0.940907	0.936087	0.880977	0.878598	0.881113	0.880247	0.885905	0.903889	0.880926	0.898446	0.896376	0.891071	0.911688	0.885277	0.93532	0.936024	0.936794	0.954294	0.935646	0.950802	0.964195	0.997769	0.964829	0.97392	0.9662	0.975025	1.12936	1.12978	1.13847	1.13744	1.1363	1.1293	1.03263	1.03267	1.03056	1.02998	1.0455	1.03919	1.09357	1.08802	1.09313	1.09003	1.08938	1.08011	1.14095	1.14409	1.14591	1.15836	1.14884	1.14565	1.10987	1.11924	1.11025	1.11032	1.11857	1.11031	1.10834	1.10462	1.1108	1.10845	1.10299	1.1042	1.14132	1.1245	1.12367	1.17419	1.12416	1.13986	1.08261	1.10286	1.08655	1.08335	1.086	1.08221
ERR613669	0.984897	0.986812	0.989943	0.980368	0.983864	0.985624	0.939187	0.941443	0.95786	0.933143	0.940725	0.941008	0.775976	0	0.778814	0.778812	0.805522	0.772149	0.954427	0.94906	0.94965	0.950294	0.954263	0.949642	0.889532	0.886826	0.889007	0.889644	0.893686	0.909525	0.886678	0.90054	0.898592	0.897028	0.914361	0.891878	0.947843	0.947425	0.948153	0.964848	0.947863	0.962748	0.975392	1.01042	0.976622	0.985267	0.976756	0.986364	1.13473	1.13514	1.14392	1.14314	1.14331	1.13477	1.03919	1.03868	1.03732	1.03648	1.04966	1.04445	1.103	1.09869	1.10283	1.09987	1.09959	1.09072	1.14481	1.14978	1.15022	1.16384	1.15414	1.15135	1.11845	1.12736	1.11832	1.11863	1.12737	1.1188	1.11679	1.11118	1.11918	1.11746	1.10954	1.11185	1.14845	1.13363	1.13281	1.17886	1.13316	1.14695	1.08924	1.10805	1.09351	1.08987	1.09192	1.08884
ERR613667	0.981269	0.9825	0.986118	0.97706	0.980537	0.982155	0.934882	0.93774	0.952048	0.928941	0.937082	0.937755	0.764424	0.778814	0	0.777437	0.803065	0.763312	0.947987	0.944401	0.944274	0.945127	0.948456	0.943953	0.886125	0.88372	0.88597	0.88504	0.890587	0.907545	0.883885	0.900338	0.898538	0.893506	0.912784	0.888409	0.942242	0.942729	0.943675	0.95988	0.942635	0.957122	0.970662	1.00396	0.971782	0.980335	0.972712	0.981765	1.13367	1.13407	1.14234	1.14177	1.14076	1.13358	1.03604	1.03618	1.034	1.03378	1.04778	1.0421	1.0982	1.09301	1.09794	1.0949	1.09447	1.08534	1.14504	1.1484	1.14977	1.16206	1.15277	1.14975	1.11465	1.12349	1.11458	1.11493	1.12316	1.11485	1.11172	1.10809	1.11427	1.11217	1.1064	1.10788	1.14506	1.12908	1.1283	1.17683	1.12889	1.14381	1.08595	1.10571	1.08955	1.08648	1.08888	1.08523
ERR613668	0.983758	0.985664	0.98901	0.979482	0.983014	0.984567	0.93762	0.939991	0.956148	0.931577	0.939296	0.939579	0.773997	0.778812	0.777437	0	0.80435	0.771123	0.952888	0.947949	0.948075	0.948907	0.952703	0.948055	0.888121	0.885571	0.88762	0.887965	0.892588	0.908183	0.885844	0.899586	0.897673	0.895499	0.913537	0.890976	0.946467	0.945531	0.946235	0.963212	0.946287	0.960647	0.973631	1.00879	0.975035	0.983687	0.975357	0.985057	1.13496	1.13534	1.14395	1.14347	1.14345	1.13496	1.03949	1.03883	1.03704	1.03646	1.05004	1.04443	1.1027	1.09843	1.1025	1.09943	1.09889	1.09038	1.14508	1.14979	1.15027	1.16398	1.15437	1.15138	1.11858	1.12728	1.11858	1.11873	1.12742	1.11883	1.11654	1.11135	1.11884	1.11713	1.10966	1.11211	1.14857	1.13384	1.13282	1.17931	1.13321	1.14711	1.08928	1.10831	1.09358	1.08998	1.09227	1.08891
ERR613670	1.01426	1.01586	1.01842	1.01139	1.01369	1.01471	0.974517	0.977087	0.988766	0.970003	0.976311	0.976683	0.800942	0.805522	0.803065	0.80435	0	0.800288	0.989514	0.986125	0.986168	0.986707	0.989865	0.985917	0.909092	0.908385	0.90937	0.908666	0.912561	0.924884	0.906495	0.916711	0.914913	0.91234	0.92306	0.90994	0.981301	0.981844	0.982378	0.995653	0.981601	0.993123	1.00946	1.03779	1.01045	1.01736	1.0111	1.01881	1.15972	1.16011	1.16762	1.1669	1.16604	1.15953	1.05607	1.0556	1.0544	1.05468	1.06225	1.05953	1.12763	1.12343	1.12722	1.12465	1.12441	1.11638	1.16944	1.17273	1.17377	1.18484	1.17655	1.17401	1.14297	1.15077	1.14347	1.14329	1.15052	1.14333	1.13189	1.12908	1.13456	1.13246	1.12747	1.12833	1.16997	1.15583	1.15543	1.19794	1.15572	1.16858	1.10553	1.12459	1.10861	1.10574	1.109	1.1052
ERR613665	0.972093	0.973266	0.977088	0.967412	0.971183	0.97271	0.922962	0.925636	0.942271	0.916693	0.924962	0.925354	0.757381	0.772149	0.763312	0.771123	0.800288	0	0.936491	0.931957	0.931794	0.932788	0.93662	0.931241	0.879415	0.876287	0.87946	0.879106	0.884454	0.902796	0.878468	0.895411	0.893548	0.889733	0.911111	0.883488	0.931726	0.931177	0.932011	0.950745	0.931594	0.947658	0.959177	0.995556	0.960292	0.969597	0.961282	0.970936	1.1241	1.12482	1.1334	1.13271	1.13204	1.12409	1.02976	1.0295	1.02742	1.02653	1.04285	1.03597	1.08956	1.08464	1.089	1.08595	1.08539	1.07619	1.13511	1.13929	1.14046	1.15434	1.14394	1.14102	1.10543	1.11499	1.1058	1.10589	1.11487	1.10597	1.10626	1.10152	1.10878	1.10674	1.0998	1.10181	1.13768	1.12098	1.12042	1.17056	1.12065	1.13607	1.07984	1.09957	1.08429	1.08028	1.08258	1.07924
ERR618718	0.936496	0.937833	0.942941	0.930771	0.93574	0.937593	0.87104	0.874761	0.89712	0.86174	0.873488	0.874302	0.940572	0.954427	0.947987	0.952888	0.989514	0.936491	0	0.745711	0.747309	0.748379	0.749843	0.743946	0.974205	0.96804	0.972753	0.973586	0.97949	1.00242	0.923644	0.948227	0.946189	0.942761	0.979619	0.929952	0.875416	0.876234	0.875239	0.901188	0.874285	0.895193	0.877221	0.92041	0.879743	0.89012	0.879721	0.891534	1.06708	1.06751	1.07815	1.07764	1.07667	1.06682	1.05262	1.05309	1.04974	1.04703	1.0784	1.06483	1.04439	1.0382	1.04376	1.03973	1.03956	1.02733	1.08055	1.08596	1.08696	1.1029	1.0912	1.0875	1.04828	1.05983	1.04866	1.04889	1.05975	1.04863	1.08433	1.07627	1.08576	1.08465	1.07477	1.07847	1.08291	1.06301	1.06224	1.12326	1.06247	1.08095	1.07606	1.09338	1.08196	1.07736	1.07632	1.0754
ERR618722	0.93043	0.93257	0.937347	0.924129	0.929663	0.931318	0.864157	0.866386	0.892527	0.852779	0.865209	0.865799	0.937117	0.94906	0.944401	0.947949	0.986125	0.931957	0.745711	0	0.733762	0.734753	0.742617	0.736883	0.969375	0.962751	0.967884	0.969832	0.974612	0.998102	0.918763	0.943261	0.941681	0.939672	0.977007	0.926378	0.869547	0.869178	0.868598	0.896433	0.868331	0.891165	0.869167	0.916757	0.87289	0.883389	0.871381	0.885175	1.05981	1.06044	1.07188	1.07128	1.07143	1.05981	1.04958	1.04942	1.04586	1.04334	1.07546	1.06152	1.04063	1.03478	1.03998	1.03581	1.03549	1.02324	1.0727	1.08	1.07994	1.09818	1.0853	1.0818	1.04323	1.05496	1.04306	1.04334	1.05515	1.04335	1.08255	1.07261	1.08411	1.08304	1.0707	1.07586	1.07841	1.05903	1.05809	1.11878	1.05815	1.07637	1.07287	1.08964	1.07968	1.0741	1.07263	1.07218
ERR618721	0.931834	0.933114	0.938091	0.925277	0.930903	0.932603	0.865349	0.867887	0.893062	0.85475	0.867057	0.867837	0.9369	0.94965	0.944274	0.948075	0.986168	0.931794	0.747309	0.733762	0	0.737062	0.744905	0.739179	0.969714	0.963571	0.968093	0.96976	0.974901	0.998447	0.919329	0.943885	0.942245	0.939885	0.976793	0.926928	0.870569	0.870609	0.870005	0.897174	0.869387	0.891558	0.871203	0.917415	0.873983	0.884769	0.873276	0.886093	1.06171	1.06235	1.07351	1.07276	1.07264	1.06161	1.04974	1.04969	1.04619	1.04365	1.07538	1.06159	1.0411	1.03525	1.04053	1.0362	1.03605	1.02371	1.07477	1.08135	1.08153	1.09917	1.0869	1.08281	1.04429	1.05583	1.04451	1.04472	1.0562	1.04453	1.0827	1.07327	1.08431	1.0831	1.0716	1.07632	1.07934	1.0599	1.05894	1.12006	1.05904	1.07754	1.07329	1.09023	1.07978	1.07474	1.07311	1.07241
ERR618720	0.932349	0.934388	0.93931	0.926343	0.931921	0.933503	0.865885	0.868392	0.893215	0.855323	0.867318	0.867891	0.937967	0.950294	0.945127	0.948907	0.986707	0.932788	0.748379	0.734753	0.737062	0	0.746369	0.740684	0.970642	0.963932	0.968946	0.970586	0.975508	0.99886	0.919672	0.944156	0.942059	0.939898	0.976919	0.926923	0.871222	0.871377	0.870539	0.897833	0.869919	0.892098	0.871653	0.917978	0.874829	0.885614	0.873666	0.886944	1.06241	1.06287	1.07399	1.07347	1.07336	1.06237	1.05018	1.0503	1.04672	1.04408	1.07588	1.06234	1.04167	1.0358	1.0409	1.03708	1.03674	1.02455	1.07547	1.08206	1.0824	1.09996	1.08742	1.0837	1.04519	1.05655	1.04545	1.04555	1.05696	1.04542	1.08337	1.07389	1.08506	1.08393	1.07239	1.0772	1.08018	1.06079	1.05982	1.12063	1.05993	1.07824	1.07409	1.09087	1.08072	1.07533	1.07403	1.07346
ERR618719	0.93534	0.937005	0.941795	0.929365	0.934566	0.93639	0.869658	0.872611	0.896621	0.859966	0.871565	0.87273	0.940907	0.954263	0.948456	0.952703	0.989865	0.93662	0.749843	0.742617	0.744905	0.746369	0	0.742361	0.974227	0.96828	0.972865	0.974283	0.979917	1.00296	0.923798	0.948578	0.946704	0.943666	0.980042	0.930737	0.87423	0.874925	0.874166	0.900307	0.873184	0.894492	0.875827	0.91946	0.878669	0.88854	0.87801	0.89028	1.06563	1.06608	1.07722	1.07633	1.07591	1.06575	1.05378	1.05384	1.05054	1.04795	1.07958	1.06579	1.0441	1.03794	1.04334	1.03961	1.03937	1.02696	1.07871	1.08472	1.08563	1.10201	1.09031	1.08651	1.04768	1.05895	1.04787	1.04798	1.05912	1.04779	1.08514	1.07639	1.0865	1.08562	1.07473	1.07897	1.08231	1.06254	1.06154	1.12247	1.06189	1.08021	1.07656	1.09355	1.08307	1.07813	1.07687	1.07618
ERR618717	0.931728	0.933529	0.938477	0.925278	0.931196	0.932828	0.865176	0.868175	0.892259	0.85453	0.866652	0.867458	0.936087	0.949642	0.943953	0.948055	0.985917	0.931241	0.743946	0.736883	0.739179	0.740684	0.742361	0	0.968878	0.962316	0.967846	0.968849	0.97483	0.997946	0.919175	0.943762	0.942162	0.93941	0.977144	0.92631	0.869365	0.869662	0.868741	0.896361	0.86814	0.890557	0.871037	0.917122	0.873831	0.884678	0.873451	0.886077	1.06088	1.06176	1.07272	1.07188	1.07146	1.06117	1.0477	1.04776	1.04429	1.04149	1.07389	1.06005	1.03899	1.0331	1.03834	1.03416	1.03405	1.02166	1.07441	1.08058	1.08126	1.09847	1.08585	1.08216	1.04287	1.05424	1.04298	1.04328	1.05444	1.04298	1.08084	1.07176	1.08235	1.08123	1.07001	1.07436	1.07812	1.05803	1.05704	1.11897	1.05723	1.07592	1.0718	1.08892	1.07834	1.07297	1.07167	1.0712
ERR612205	1.00241	1.00349	1.00683	0.997894	1.00149	1.00307	0.968391	0.971246	0.987205	0.96131	0.970675	0.970655	0.880977	0.889532	0.886125	0.888121	0.909092	0.879415	0.974205	0.969375	0.969714	0.970642	0.974227	0.968878	0	0.766206	0.770411	0.770405	0.774835	0.791271	0.918885	0.932585	0.930935	0.927766	0.945303	0.922323	0.957159	0.957457	0.957863	0.975503	0.957324	0.972315	0.987415	1.0226	0.988947	0.998205	0.990067	0.999428	1.13453	1.13494	1.14374	1.14309	1.14265	1.13462	1.04315	1.04284	1.041	1.04059	1.05495	1.04877	1.10331	1.09819	1.10309	1.10003	1.09927	1.08996	1.14543	1.14991	1.15069	1.16424	1.15475	1.15135	1.11791	1.1269	1.11742	1.1179	1.12666	1.11779	1.12097	1.11694	1.12355	1.12135	1.11476	1.11692	1.14854	1.13208	1.13152	1.18133	1.13187	1.14683	1.09016	1.11021	1.09373	1.09067	1.09329	1.08942
ERR612203	0.997096	0.998678	1.00246	0.992692	0.996427	0.99795	0.961463	0.96456	0.981788	0.954303	0.96365	0.963627	0.878598	0.886826	0.88372	0.885571	0.908385	0.876287	0.96804	0.962751	0.963571	0.963932	0.96828	0.962316	0.766206	0	0.767101	0.767557	0.77175	0.789186	0.916074	0.930072	0.928307	0.925784	0.945115	0.920161	0.951813	0.951582	0.951841	0.970693	0.951746	0.967602	0.981343	1.01877	0.982902	0.992948	0.983676	0.993899	1.12851	1.12892	1.13821	1.13759	1.13747	1.12854	1.03871	1.03858	1.03629	1.0357	1.05167	1.0449	1.09776	1.09299	1.09739	1.09453	1.09373	1.08415	1.13921	1.14442	1.14517	1.15948	1.14934	1.14578	1.11196	1.12144	1.11169	1.11211	1.12131	1.112	1.11793	1.11295	1.12053	1.11853	1.11093	1.11341	1.14397	1.12776	1.12692	1.17733	1.12707	1.14208	1.08617	1.10603	1.09057	1.08662	1.08904	1.08558
ERR612206	1.00052	1.00234	1.0058	0.996399	1.00015	1.00153	0.966485	0.969385	0.986004	0.959543	0.968623	0.968397	0.881113	0.889007	0.88597	0.88762	0.90937	0.87946	0.972753	0.967884	0.968093	0.968946	0.972865	0.967846	0.770411	0.767101	0	0.77236	0.769613	0.787093	0.918643	0.932248	0.930501	0.927936	0.945913	0.922636	0.956932	0.957154	0.957756	0.975443	0.956949	0.972257	0.986203	1.02224	0.98767	0.997058	0.988639	0.998228	1.13269	1.13323	1.14231	1.14157	1.14149	1.13292	1.04288	1.04223	1.04006	1.03979	1.05458	1.04817	1.10261	1.09781	1.10245	1.09939	1.09864	1.08935	1.14373	1.14853	1.14944	1.16351	1.15325	1.15003	1.11676	1.12581	1.11639	1.11676	1.12574	1.11685	1.12086	1.11649	1.12342	1.12122	1.11412	1.11652	1.14774	1.13155	1.13069	1.18044	1.13098	1.14603	1.08954	1.1096	1.09371	1.09042	1.09282	1.08906
ERR612204	1.00253	1.00356	1.00729	0.99806	1.00176	1.00351	0.968315	0.97173	0.986535	0.961568	0.971121	0.970914	0.880247	0.889644	0.88504	0.887965	0.908666	0.879106	0.973586	0.969832	0.96976	0.970586	0.974283	0.968849	0.770405	0.767557	0.77236	0	0.776647	0.792831	0.918716	0.933031	0.931281	0.927158	0.945022	0.922171	0.95779	0.958151	0.958343	0.97586	0.957866	0.97225	0.988137	1.02199	0.989449	0.99873	0.990592	0.999762	1.13448	1.13493	1.14349	1.14295	1.14225	1.13442	1.04109	1.04125	1.03904	1.03892	1.05379	1.04717	1.1022	1.09688	1.10187	1.09898	1.098	1.08873	1.14582	1.14962	1.15117	1.1641	1.15449	1.15126	1.1167	1.12603	1.11657	1.11681	1.12532	1.1169	1.11909	1.1157	1.12173	1.11938	1.11349	1.11513	1.14767	1.13114	1.1302	1.18101	1.13046	1.14603	1.08824	1.10883	1.09209	1.08874	1.09186	1.08772
ERR612208	1.00611	1.00788	1.01101	1.00201	1.00548	1.00715	0.973178	0.975801	0.992312	0.9661	0.97498	0.974782	0.885905	0.893686	0.890587	0.892588	0.912561	0.884454	0.97949	0.974612	0.974901	0.975508	0.979917	0.97483	0.774835	0.77175	0.769613	0.776647	0	0.790061	0.922539	0.935433	0.933479	0.931246	0.948054	0.926442	0.963071	0.962985	0.963505	0.980842	0.96307	0.977811	0.992275	1.0275	0.993652	1.00323	0.994675	1.00418	1.13669	1.13713	1.14601	1.14539	1.14521	1.13661	1.04575	1.04529	1.04343	1.0432	1.05687	1.05111	1.10718	1.10219	1.10669	1.10382	1.10311	1.09403	1.1469	1.15207	1.15271	1.16655	1.15676	1.15368	1.12099	1.12995	1.12079	1.1209	1.12973	1.12069	1.12395	1.11959	1.12667	1.12454	1.11738	1.11996	1.15142	1.13561	1.13471	1.18364	1.13504	1.14977	1.09269	1.1126	1.09678	1.09331	1.09587	1.09204
ERR612207	1.02711	1.02869	1.03149	1.02355	1.02658	1.0277	0.995819	0.998417	1.01329	0.989696	0.997801	0.997502	0.903889	0.909525	0.907545	0.908183	0.924884	0.902796	1.00242	0.998102	0.998447	0.99886	1.00296	0.997946	0.791271	0.789186	0.787093	0.792831	0.790061	0	0.937692	0.947854	0.946189	0.944089	0.957194	0.940863	0.986002	0.986444	0.986365	1.00168	0.98587	0.999252	1.01465	1.04686	1.0159	1.02449	1.01669	1.02576	1.15208	1.15248	1.16086	1.16022	1.1602	1.15208	1.05749	1.05718	1.05551	1.05579	1.06576	1.0614	1.12335	1.11861	1.12294	1.12025	1.11928	1.11108	1.16199	1.16662	1.16716	1.18008	1.17053	1.16789	1.13753	1.1458	1.137	1.13726	1.14554	1.13744	1.13555	1.13208	1.13819	1.1364	1.12974	1.13174	1.1658	1.15093	1.14997	1.19597	1.15014	1.16434	1.10426	1.12379	1.10788	1.10457	1.10811	1.10382
ERR613329	0.970556	0.972787	0.975813	0.96657	0.97002	0.971884	0.952138	0.954566	0.972246	0.945181	0.953512	0.953706	0.880926	0.886678	0.883885	0.885844	0.906495	0.878468	0.923644	0.918763	0.919329	0.919672	0.923798	0.919175	0.918885	0.916074	0.918643	0.918716	0.922539	0.937692	0	0.795078	0.793693	0.789438	0.82071	0.781051	0.901532	0.901679	0.902067	0.920096	0.901171	0.917491	0.917661	0.955522	0.919676	0.928282	0.919972	0.929868	1.10051	1.10096	1.11024	1.10934	1.10974	1.10057	1.01967	1.01992	1.018	1.0169	1.03286	1.02628	1.06533	1.06099	1.065	1.06201	1.06169	1.05255	1.10435	1.10996	1.11012	1.12526	1.11478	1.11158	1.0827	1.09215	1.0825	1.08287	1.09218	1.08268	1.09045	1.08414	1.09287	1.09115	1.08204	1.08517	1.11469	1.09912	1.09826	1.14829	1.09838	1.11273	1.06672	1.08601	1.07106	1.06705	1.06899	1.06593
ERR613332	0.989167	0.991343	0.993742	0.985657	0.988485	0.99005	0.974804	0.97663	0.994451	0.968613	0.976118	0.976226	0.898446	0.90054	0.900338	0.899586	0.916711	0.895411	0.948227	0.943261	0.943885	0.944156	0.948578	0.943762	0.932585	0.930072	0.932248	0.933031	0.935433	0.947854	0.795078	0	0.801067	0.806244	0.82539	0.799925	0.924968	0.924524	0.924969	0.941007	0.924849	0.939454	0.942033	0.977353	0.943821	0.951396	0.943292	0.952982	1.11607	1.11679	1.12576	1.12506	1.12561	1.11613	1.03309	1.03273	1.03122	1.0304	1.04263	1.03761	1.08448	1.081	1.08413	1.08145	1.08151	1.07269	1.11788	1.12413	1.12391	1.13876	1.12856	1.12566	1.10097	1.10962	1.10046	1.10071	1.10994	1.1007	1.10437	1.09823	1.1074	1.10578	1.09585	1.09932	1.13062	1.11702	1.11613	1.16138	1.11602	1.12883	1.07969	1.09793	1.08407	1.07936	1.08208	1.07885
ERR613333	0.986962	0.989862	0.99183	0.983825	0.986839	0.988244	0.973385	0.97504	0.992399	0.966931	0.974187	0.974234	0.896376	0.898592	0.898538	0.897673	0.914913	0.893548	0.946189	0.941681	0.942245	0.942059	0.946704	0.942162	0.930935	0.928307	0.930501	0.931281	0.933479	0.946189	0.793693	0.801067	0	0.805022	0.825088	0.798718	0.922838	0.922814	0.923147	0.93907	0.922256	0.937037	0.940163	0.975557	0.941799	0.949553	0.942015	0.951182	1.11555	1.11604	1.12501	1.12416	1.12506	1.11576	1.03235	1.03217	1.03095	1.02982	1.04227	1.03717	1.08374	1.07996	1.08339	1.08028	1.08067	1.07192	1.11783	1.12414	1.12352	1.1385	1.12844	1.12546	1.10013	1.1087	1.09971	1.10007	1.10915	1.09985	1.10331	1.09744	1.10615	1.10443	1.09501	1.09852	1.13009	1.11619	1.11528	1.1607	1.11518	1.12815	1.07918	1.09743	1.08344	1.07884	1.08117	1.07829
ERR613330	0.985806	0.9877	0.990558	0.982317	0.985112	0.986836	0.969939	0.972678	0.987736	0.963998	0.971915	0.972008	0.891071	0.897028	0.893506	0.895499	0.91234	0.889733	0.942761	0.939672	0.939885	0.939898	0.943666	0.93941	0.927766	0.925784	0.927936	0.927158	0.931246	0.944089	0.789438	0.806244	0.805022	0	0.825752	0.793388	0.919816	0.920939	0.92104	0.936355	0.919785	0.933826	0.938139	0.971232	0.939742	0.946932	0.940472	0.948648	1.11665	1.11684	1.1254	1.12466	1.12415	1.11651	1.03023	1.03089	1.0295	1.0285	1.04129	1.03593	1.08105	1.07664	1.08071	1.07791	1.07772	1.06886	1.1204	1.12479	1.12543	1.13901	1.1294	1.12656	1.09829	1.10729	1.09829	1.09854	1.10702	1.09863	1.10039	1.09565	1.10293	1.10094	1.09365	1.09584	1.12838	1.1135	1.11252	1.16028	1.11274	1.1268	1.07711	1.09656	1.08074	1.07727	1.08019	1.07651
ERR613334	1.01296	1.01399	1.01616	1.01063	1.01219	1.01365	1.0052	1.00763	1.01971	1.00078	1.00685	1.00688	0.911688	0.914361	0.912784	0.913537	0.92306	0.911111	0.979619	0.977007	0.976793	0.976919	0.980042	0.977144	0.945303	0.945115	0.945913	0.945022	0.948054	0.957194	0.82071	0.82539	0.825088	0.825752	0	0.822521	0.95644	0.957916	0.958595	0.970389	0.956503	0.967802	0.977119	1.00306	0.978134	0.983199	0.978628	0.984573	1.14144	1.14166	1.14944	1.14895	1.14798	1.14143	1.05063	1.05055	1.04981	1.05011	1.0564	1.05356	1.11054	1.10611	1.10993	1.1075	1.10714	1.09942	1.14535	1.14914	1.14975	1.16108	1.15314	1.15046	1.12481	1.13279	1.12512	1.12507	1.13245	1.12506	1.11821	1.11544	1.12107	1.11848	1.11311	1.11464	1.15165	1.13802	1.13714	1.18005	1.13744	1.15018	1.09495	1.11374	1.0972	1.09467	1.09825	1.09426
ERR613331	0.976629	0.978255	0.98109	0.972673	0.975751	0.977632	0.959143	0.962396	0.977878	0.952812	0.9612	0.961121	0.885277	0.891878	0.888409	0.890976	0.90994	0.883488	0.929952	0.926378	0.926928	0.926923	0.930737	0.92631	0.922323	0.920161	0.922636	0.922171	0.926442	0.940863	0.781051	0.799925	0.798718	0.793388	0.822521	0	0.90759	0.908833	0.909095	0.925855	0.907579	0.923075	0.925292	0.960757	0.926881	0.934929	0.927745	0.936511	1.10653	1.10673	1.11579	1.11519	1.11457	1.10634	1.02277	1.02345	1.02172	1.02071	1.03568	1.02947	1.07067	1.0658	1.06997	1.06722	1.06729	1.05771	1.11037	1.11505	1.11571	1.12947	1.11993	1.11665	1.08763	1.09682	1.08776	1.08792	1.09683	1.08782	1.09273	1.08766	1.09543	1.09322	1.08566	1.08828	1.11917	1.10315	1.1022	1.15243	1.10287	1.11753	1.06991	1.0893	1.07382	1.07001	1.07238	1.06928
ERR607785	0.935712	0.937603	0.941526	0.930978	0.934588	0.937171	0.89997	0.90348	0.922912	0.892057	0.90261	0.902504	0.93532	0.947843	0.942242	0.946467	0.981301	0.931726	0.875416	0.869547	0.870569	0.871222	0.87423	0.869365	0.957159	0.951813	0.956932	0.95779	0.963071	0.986002	0.901532	0.924968	0.922838	0.919816	0.95644	0.90759	0	0.765415	0.765379	0.790174	0.762748	0.78705	0.864623	0.908989	0.865701	0.876746	0.86631	0.878575	1.07891	1.0793	1.08996	1.08904	1.08884	1.079	1.04797	1.04819	1.04463	1.04195	1.07412	1.06033	1.03549	1.02952	1.0349	1.03136	1.03053	1.01945	1.08463	1.09063	1.09127	1.10814	1.09607	1.0922	1.05495	1.06614	1.05499	1.05529	1.0661	1.05533	1.09964	1.09099	1.10121	1.10028	1.08954	1.09387	1.09462	1.07612	1.07534	1.13248	1.07546	1.09273	1.08938	1.10537	1.09612	1.09099	1.08942	1.08929
ERR607781	0.936359	0.938572	0.942732	0.930893	0.935266	0.937717	0.899155	0.902699	0.924108	0.891382	0.901341	0.901411	0.936024	0.947425	0.942729	0.945531	0.981844	0.931177	0.876234	0.869178	0.870609	0.871377	0.874925	0.869662	0.957457	0.951582	0.957154	0.958151	0.962985	0.986444	0.901679	0.924524	0.922814	0.920939	0.957916	0.908833	0.765415	0	0.761404	0.792844	0.764834	0.785639	0.86381	0.911279	0.865094	0.877339	0.86557	0.878398	1.07657	1.07704	1.08776	1.08702	1.08774	1.07643	1.04668	1.04672	1.04351	1.04058	1.07347	1.05921	1.03479	1.02886	1.03409	1.03011	1.02965	1.01828	1.08168	1.08878	1.08877	1.10689	1.09436	1.0906	1.05359	1.06471	1.0534	1.05387	1.0657	1.0538	1.10054	1.09043	1.10191	1.10099	1.08868	1.09398	1.09412	1.07623	1.07545	1.13217	1.07557	1.09208	1.08926	1.10423	1.0959	1.09051	1.08869	1.08846
ERR607783	0.936534	0.938488	0.942888	0.931379	0.935465	0.937671	0.899231	0.902379	0.924128	0.891039	0.901484	0.901339	0.936794	0.948153	0.943675	0.946235	0.982378	0.932011	0.875239	0.868598	0.870005	0.870539	0.874166	0.868741	0.957863	0.951841	0.957756	0.958343	0.963505	0.986365	0.902067	0.924969	0.923147	0.92104	0.958595	0.909095	0.765379	0.761404	0	0.792732	0.764801	0.78563	0.863896	0.911266	0.865172	0.87727	0.865365	0.878124	1.07626	1.07654	1.08759	1.08695	1.08755	1.07621	1.04704	1.04676	1.04345	1.0404	1.07337	1.05913	1.03443	1.029	1.03406	1.03003	1.02951	1.01835	1.08178	1.08886	1.08869	1.10706	1.09431	1.09048	1.05365	1.06487	1.05347	1.05371	1.06564	1.05373	1.10052	1.09022	1.10189	1.101	1.08841	1.0939	1.09406	1.07628	1.07508	1.1315	1.07529	1.09168	1.08874	1.10415	1.09615	1.09048	1.0884	1.08839
ERR607784	0.960592	0.962372	0.965912	0.956594	0.959739	0.962033	0.919627	0.922435	0.939119	0.913411	0.921681	0.921264	0.954294	0.964848	0.95988	0.963212	0.995653	0.950745	0.901188	0.896433	0.897174	0.897833	0.900307	0.896361	0.975503	0.970693	0.975443	0.97586	0.980842	1.00168	0.920096	0.941007	0.93907	0.936355	0.970389	0.925855	0.790174	0.792844	0.792732	0	0.789972	0.80744	0.888255	0.926718	0.888961	0.898624	0.890187	0.900116	1.10233	1.10269	1.11251	1.11165	1.11162	1.102	1.06762	1.06762	1.06433	1.06205	1.09168	1.07863	1.05271	1.0473	1.05231	1.04867	1.04832	1.03849	1.10718	1.11272	1.1135	1.12828	1.11789	1.11425	1.08036	1.09034	1.08022	1.08055	1.0906	1.08065	1.12181	1.1135	1.12315	1.12233	1.11195	1.11627	1.11647	1.0999	1.0991	1.1508	1.09942	1.11457	1.11229	1.12639	1.11843	1.11363	1.11225	1.11171
ERR607786	0.935222	0.937157	0.941653	0.930352	0.934583	0.936508	0.899443	0.902875	0.922529	0.891352	0.901771	0.901611	0.935646	0.947863	0.942635	0.946287	0.981601	0.931594	0.874285	0.868331	0.869387	0.869919	0.873184	0.86814	0.957324	0.951746	0.956949	0.957866	0.96307	0.98587	0.901171	0.924849	0.922256	0.919785	0.956503	0.907579	0.762748	0.764834	0.764801	0.789972	0	0.787461	0.863338	0.908844	0.864683	0.87596	0.865045	0.877478	1.07773	1.07802	1.08856	1.08804	1.08791	1.0777	1.0475	1.04776	1.04408	1.04151	1.07378	1.06011	1.03525	1.02915	1.03455	1.03071	1.03022	1.01902	1.08365	1.09015	1.09044	1.10729	1.09547	1.09161	1.0541	1.06533	1.05408	1.05434	1.06551	1.05418	1.0993	1.09042	1.10076	1.09989	1.08867	1.09331	1.09415	1.07582	1.07454	1.13211	1.07494	1.09201	1.08887	1.1045	1.09569	1.09047	1.08873	1.08845
ERR607782	0.956533	0.957919	0.961387	0.952423	0.955618	0.957984	0.916334	0.920043	0.935705	0.910322	0.918861	0.918974	0.950802	0.962748	0.957122	0.960647	0.993123	0.947658	0.895193	0.891165	0.891558	0.892098	0.894492	0.890557	0.972315	0.967602	0.972257	0.97225	0.977811	0.999252	0.917491	0.939454	0.937037	0.933826	0.967802	0.923075	0.78705	0.785639	0.78563	0.80744	0.787461	0	0.883862	0.921983	0.884296	0.894022	0.885733	0.895507	1.09841	1.09853	1.10813	1.1075	1.10706	1.09807	1.06322	1.06369	1.06034	1.058	1.08813	1.07511	1.04922	1.04286	1.04839	1.04485	1.04433	1.03411	1.10422	1.10908	1.10983	1.12465	1.114	1.11071	1.07493	1.08519	1.07518	1.07531	1.08519	1.07531	1.11596	1.10858	1.11756	1.11638	1.10715	1.11113	1.11162	1.09425	1.09346	1.14666	1.09376	1.10972	1.10743	1.12226	1.11318	1.1087	1.1072	1.10693
ERR608153	0.954489	0.956977	0.960986	0.948608	0.953878	0.955705	0.905468	0.906753	0.92997	0.895768	0.905716	0.905777	0.964195	0.975392	0.970662	0.973631	1.00946	0.959177	0.877221	0.869167	0.871203	0.871653	0.875827	0.871037	0.987415	0.981343	0.986203	0.988137	0.992275	1.01465	0.917661	0.942033	0.940163	0.938139	0.977119	0.925292	0.864623	0.86381	0.863896	0.888255	0.863338	0.883862	0	0.842643	0.788836	0.798474	0.784546	0.803177	1.06956	1.06992	1.08106	1.0806	1.08194	1.06978	1.05243	1.05219	1.04874	1.04622	1.0781	1.06401	1.03928	1.03462	1.03901	1.03511	1.03505	1.02352	1.07502	1.08308	1.08241	1.10088	1.08832	1.08495	1.04833	1.05926	1.04772	1.04818	1.06021	1.04799	1.09635	1.08541	1.09753	1.09684	1.08359	1.08944	1.08595	1.06899	1.06819	1.12319	1.06825	1.08357	1.08414	1.09965	1.09155	1.08584	1.08374	1.08399
ERR608149	0.989203	0.989311	0.992665	0.984971	0.988552	0.990246	0.949081	0.952026	0.965187	0.943238	0.951081	0.951229	0.997769	1.01042	1.00396	1.00879	1.03779	0.995556	0.92041	0.916757	0.917415	0.917978	0.91946	0.917122	1.0226	1.01877	1.02224	1.02199	1.0275	1.04686	0.955522	0.977353	0.975557	0.971232	1.00306	0.960757	0.908989	0.911279	0.911266	0.926718	0.908844	0.921983	0.842643	0	0.842079	0.850708	0.844535	0.850862	1.11019	1.11053	1.11916	1.11831	1.11729	1.11008	1.08909	1.0896	1.08662	1.08506	1.11159	1.09977	1.07635	1.07101	1.076	1.07262	1.07249	1.06277	1.11644	1.12006	1.12141	1.13305	1.12442	1.12133	1.08688	1.09631	1.08707	1.08737	1.096	1.08693	1.12375	1.11789	1.12492	1.12396	1.11662	1.11971	1.11876	1.10244	1.10195	1.15128	1.10238	1.11736	1.1168	1.1321	1.12176	1.11844	1.11746	1.11665
ERR608151	0.957027	0.959265	0.963341	0.951625	0.956426	0.958025	0.907909	0.909836	0.931501	0.8985	0.908737	0.908795	0.964829	0.976622	0.971782	0.975035	1.01045	0.960292	0.879743	0.87289	0.873983	0.874829	0.878669	0.873831	0.988947	0.982902	0.98767	0.989449	0.993652	1.0159	0.919676	0.943821	0.941799	0.939742	0.978134	0.926881	0.865701	0.865094	0.865172	0.888961	0.864683	0.884296	0.788836	0.842079	0	0.804792	0.79091	0.803524	1.07266	1.07313	1.08394	1.08353	1.08434	1.07287	1.0539	1.05357	1.05023	1.04755	1.07978	1.06576	1.04048	1.03535	1.04018	1.03624	1.03609	1.02478	1.07825	1.08564	1.08531	1.10308	1.09071	1.08715	1.05063	1.0618	1.05056	1.0508	1.06253	1.05061	1.09714	1.08706	1.09854	1.09787	1.08525	1.09088	1.08833	1.07158	1.07047	1.12558	1.07061	1.08644	1.08616	1.10174	1.09312	1.08742	1.08587	1.08593
ERR608154	0.965859	0.967176	0.971168	0.960236	0.964794	0.966413	0.91838	0.920002	0.939712	0.910225	0.918918	0.919389	0.97392	0.985267	0.980335	0.983687	1.01736	0.969597	0.89012	0.883389	0.884769	0.885614	0.88854	0.884678	0.998205	0.992948	0.997058	0.99873	1.00323	1.02449	0.928282	0.951396	0.949553	0.946932	0.983199	0.934929	0.876746	0.877339	0.87727	0.898624	0.87596	0.894022	0.798474	0.850708	0.804792	0	0.800627	0.816649	1.08331	1.08367	1.09421	1.09318	1.09384	1.08349	1.06393	1.06414	1.06073	1.05864	1.08879	1.0754	1.05127	1.04609	1.05069	1.04699	1.047	1.03619	1.08878	1.09513	1.09527	1.11156	1.09996	1.09698	1.06141	1.07202	1.06134	1.06159	1.07252	1.06151	1.10554	1.09654	1.10673	1.10607	1.09468	1.09984	1.09711	1.08022	1.07979	1.13262	1.07969	1.09494	1.09533	1.11057	1.10207	1.09683	1.09535	1.09522
ERR608152	0.956345	0.958796	0.962893	0.950567	0.955951	0.957516	0.907391	0.908564	0.931958	0.897858	0.907661	0.907831	0.9662	0.976756	0.972712	0.975357	1.0111	0.961282	0.879721	0.871381	0.873276	0.873666	0.87801	0.873451	0.990067	0.983676	0.988639	0.990592	0.994675	1.01669	0.919972	0.943292	0.942015	0.940472	0.978628	0.927745	0.86631	0.86557	0.865365	0.890187	0.865045	0.885733	0.784546	0.844535	0.79091	0.800627	0	0.80517	1.07114	1.07173	1.08291	1.0821	1.08356	1.07147	1.05471	1.05445	1.05085	1.04816	1.08003	1.06644	1.04136	1.03667	1.04097	1.03687	1.03722	1.02602	1.07644	1.08446	1.08367	1.10231	1.08968	1.08637	1.05075	1.06187	1.0504	1.0506	1.06252	1.05056	1.09838	1.08755	1.09991	1.09911	1.08568	1.09159	1.08731	1.07126	1.07026	1.12454	1.07031	1.08561	1.08638	1.10176	1.09411	1.08788	1.08612	1.0861
ERR608150	0.966112	0.968039	0.971914	0.9607	0.965675	0.967144	0.919608	0.92109	0.941311	0.910567	0.920161	0.920637	0.975025	0.986364	0.981765	0.985057	1.01881	0.970936	0.891534	0.885175	0.886093	0.886944	0.89028	0.886077	0.999428	0.993899	0.998228	0.999762	1.00418	1.02576	0.929868	0.952982	0.951182	0.948648	0.984573	0.936511	0.878575	0.878398	0.878124	0.900116	0.877478	0.895507	0.803177	0.850862	0.803524	0.816649	0.80517	0	1.08276	1.08353	1.09374	1.09308	1.09344	1.08294	1.06442	1.06426	1.06118	1.05882	1.0891	1.0758	1.05126	1.0463	1.05081	1.04724	1.04719	1.03654	1.08857	1.09497	1.09497	1.1115	1.10014	1.09675	1.06087	1.07155	1.0609	1.06113	1.07188	1.06103	1.10546	1.09627	1.10683	1.10624	1.09458	1.09949	1.09653	1.08044	1.07942	1.13251	1.07949	1.09506	1.09535	1.11047	1.10203	1.09683	1.09492	1.09491
