	ERR606035	ERR606030	ERR606033	ERR606034	ERR606031	ERR606032	ERR608806	ERR608810	ERR608807	ERR608808	ERR608809	ERR608805	ERR605534	ERR605535	ERR605538	ERR605536	ERR605533	ERR605537	ERR626866	ERR626861	ERR626865	ERR626864	ERR626862	ERR626863	ERR607419	ERR607416	ERR607415	ERR607417	ERR607418	ERR607420	ERR608582	ERR608584	ERR608580	ERR608583	ERR608579	ERR608581	ERR621996	ERR621991	ERR621992	ERR621994	ERR621995	ERR621993	ERR636821	ERR636819	ERR636818	ERR636817	ERR636820	ERR636822	ERR638212	ERR638208	ERR638211	ERR638209	ERR638210	ERR638207	ERR616703	ERR616700	ERR616702	ERR616701	ERR616704	ERR616705	ERR616711	ERR616707	ERR616706	ERR616708	ERR616709	ERR616710	ERR630174	ERR630175	ERR630173	ERR630172	ERR630170	ERR630171	ERR618466	ERR618467	ERR618465	ERR618469	ERR618470	ERR618468	ERR616675	ERR616674	ERR616671	ERR616672	ERR616673	ERR616670	ERR608496	ERR608497	ERR608498	ERR608499	ERR608495	ERR608500	ERR616762	ERR616761	ERR616760	ERR616764	ERR616763	ERR638122
ERR606035	0	0.825897	0.811275	0.810872	0.784753	0.783332	0.852792	0.886865	0.852321	0.886832	0.88447	0.857071	0.987397	0.994951	0.990726	0.99141	0.980571	0.987994	0.901373	0.901679	0.93929	0.937681	0.912922	0.911828	1.07156	1.08821	1.0914	1.09006	1.07124	1.07137	1.05145	1.05076	1.05558	1.05186	1.0904	1.04986	0.898136	0.882525	0.889197	0.889835	0.896797	0.890399	0.898418	0.882962	0.881957	0.890507	0.896188	0.897043	1.10961	1.11814	1.0948	1.12018	1.09633	1.12066	1.07629	1.09488	1.1016	1.09313	1.07617	1.07682	1.14653	1.1617	1.16308	1.16984	1.14742	1.14567	1.05992	1.06478	1.05969	1.07182	1.05735	1.06807	1.07927	1.07214	1.06635	1.07598	1.07947	1.07942	1.06965	1.07019	1.08503	1.09277	1.06948	1.08757	1.07792	1.07308	1.06671	1.07003	1.1033	1.07047	1.04814	1.03969	1.04183	1.02314	1.02321	1.02299
ERR606030	0.825897	0	0.82285	0.821646	0.791484	0.78928	0.859064	0.893283	0.857406	0.893132	0.890609	0.861166	0.993126	0.99954	0.996504	0.997346	0.987444	0.993892	0.907608	0.907996	0.947486	0.946101	0.918343	0.91772	1.07768	1.09293	1.09562	1.09531	1.07746	1.07744	1.05475	1.05402	1.05793	1.05497	1.08892	1.05382	0.902092	0.888034	0.893395	0.894606	0.900784	0.894391	0.898305	0.885039	0.886278	0.893044	0.896401	0.897327	1.11142	1.12112	1.09881	1.12347	1.09963	1.12335	1.07897	1.09768	1.10496	1.09579	1.07915	1.08001	1.15072	1.1655	1.16659	1.17412	1.1513	1.14987	1.06227	1.06495	1.0614	1.0734	1.05973	1.06955	1.08324	1.07697	1.07171	1.08224	1.08528	1.08565	1.0715	1.0722	1.08726	1.09502	1.0711	1.08938	1.08503	1.08103	1.07434	1.07742	1.10603	1.0774	1.05198	1.04284	1.04451	1.02583	1.02618	1.02593
ERR606033	0.811275	0.82285	0	0.807816	0.780812	0.778903	0.847981	0.882527	0.847572	0.882235	0.879754	0.852141	0.984517	0.992148	0.987716	0.987729	0.977544	0.985247	0.897614	0.897852	0.935968	0.934081	0.909381	0.908002	1.06909	1.08627	1.08979	1.08836	1.06942	1.06917	1.04923	1.04855	1.05289	1.04914	1.08856	1.04708	0.894139	0.87802	0.885733	0.885183	0.892751	0.88636	0.894036	0.878347	0.876871	0.886038	0.891651	0.892901	1.10888	1.11719	1.09331	1.11926	1.09461	1.1199	1.07398	1.09275	1.09947	1.09055	1.07398	1.07485	1.14536	1.16026	1.16162	1.16841	1.14622	1.14444	1.05759	1.06276	1.05742	1.06943	1.05481	1.06574	1.07806	1.07024	1.06458	1.07402	1.07746	1.0773	1.0671	1.06788	1.08242	1.08969	1.0668	1.08455	1.07596	1.07072	1.06438	1.06775	1.1018	1.06807	1.04609	1.03729	1.03963	1.02124	1.02077	1.02094
ERR606034	0.810872	0.821646	0.807816	0	0.780779	0.778213	0.849225	0.884235	0.848428	0.883676	0.881501	0.852788	0.984649	0.992211	0.988184	0.988786	0.977975	0.985492	0.897845	0.897794	0.936094	0.934822	0.909377	0.908642	1.06885	1.08557	1.08892	1.08776	1.06881	1.06869	1.04878	1.04817	1.05248	1.0491	1.08815	1.04712	0.894341	0.878032	0.885083	0.885763	0.892782	0.886272	0.894968	0.87883	0.878326	0.886761	0.892541	0.893678	1.10746	1.11638	1.09253	1.11821	1.09391	1.11861	1.07337	1.09239	1.09939	1.09042	1.07375	1.07439	1.14468	1.1599	1.16117	1.16817	1.1456	1.14397	1.05704	1.06204	1.05674	1.06906	1.05418	1.06513	1.07709	1.06976	1.06406	1.07367	1.07692	1.07685	1.06678	1.06761	1.08233	1.09028	1.06655	1.08493	1.0757	1.07093	1.06436	1.06754	1.10123	1.06788	1.04605	1.0375	1.03963	1.0206	1.02045	1.0205
ERR606031	0.784753	0.791484	0.780812	0.780779	0	0.737417	0.816356	0.858945	0.815832	0.858094	0.855684	0.821782	0.96556	0.973682	0.968916	0.969204	0.957693	0.966014	0.86968	0.869642	0.913929	0.911965	0.883409	0.881734	1.04463	1.0634	1.06689	1.06553	1.04447	1.04464	1.02443	1.02351	1.02831	1.02469	1.06697	1.02207	0.86612	0.846868	0.855919	0.855809	0.864365	0.857196	0.868661	0.849362	0.847703	0.858954	0.866088	0.867336	1.08793	1.09662	1.07079	1.09841	1.07249	1.09936	1.05114	1.07118	1.07822	1.06886	1.05139	1.05186	1.12677	1.14259	1.14398	1.15129	1.12767	1.12575	1.03388	1.03958	1.03389	1.04664	1.03091	1.04293	1.05339	1.04515	1.03914	1.04939	1.05327	1.05311	1.04507	1.04551	1.0609	1.0694	1.04428	1.06373	1.05222	1.04659	1.03987	1.04342	1.08038	1.04392	1.02306	1.01343	1.01593	0.996064	0.996131	0.99607
ERR606032	0.783332	0.78928	0.778903	0.778213	0.737417	0	0.813742	0.856817	0.813576	0.856261	0.853545	0.819012	0.963607	0.971992	0.967089	0.967549	0.9556	0.964185	0.867752	0.867957	0.912244	0.910532	0.881611	0.880311	1.04262	1.06142	1.06534	1.06387	1.04242	1.04251	1.02262	1.02225	1.02674	1.02296	1.06627	1.02035	0.863863	0.844455	0.854044	0.853073	0.86229	0.854967	0.867256	0.847737	0.845685	0.857138	0.864227	0.865518	1.08677	1.09479	1.06903	1.09724	1.07071	1.09775	1.04972	1.06975	1.077	1.0673	1.04991	1.05066	1.12547	1.14115	1.14264	1.15016	1.12605	1.12444	1.03233	1.03803	1.03237	1.04502	1.02946	1.0415	1.05194	1.0434	1.03704	1.04722	1.05114	1.05124	1.04326	1.04399	1.05954	1.06791	1.04285	1.06208	1.05035	1.04457	1.03763	1.04151	1.0793	1.04196	1.02157	1.01179	1.01453	0.994526	0.994492	0.994564
ERR608806	0.852792	0.859064	0.847981	0.849225	0.816356	0.813742	0	0.797216	0.747144	0.796305	0.793235	0.753519	0.974998	0.982999	0.977769	0.978194	0.967076	0.975175	0.870442	0.870946	0.914045	0.91174	0.884761	0.883078	1.0495	1.0685	1.07242	1.07074	1.04943	1.04915	1.01913	1.0182	1.02328	1.01905	1.06308	1.01602	0.884393	0.867007	0.875431	0.874628	0.882414	0.875693	0.863553	0.845367	0.842831	0.853909	0.860931	0.86257	1.0884	1.09553	1.06917	1.09796	1.07147	1.09841	1.04503	1.06518	1.07219	1.06271	1.04559	1.04604	1.12785	1.14324	1.14475	1.15174	1.12883	1.12715	1.03225	1.0382	1.03214	1.04516	1.02915	1.04143	1.05529	1.04671	1.04073	1.05027	1.05382	1.05408	1.04091	1.04179	1.05681	1.06529	1.04062	1.05967	1.05263	1.04623	1.04037	1.04407	1.08215	1.04428	1.01582	1.00632	1.00907	0.989559	0.989753	0.989178
ERR608810	0.886865	0.893283	0.882527	0.884235	0.858945	0.856817	0.797216	0	0.797706	0.825302	0.823232	0.801585	1.00056	1.00677	1.00221	1.00259	0.993214	0.999827	0.908131	0.908544	0.942688	0.940554	0.919504	0.917666	1.08598	1.10264	1.10615	1.10461	1.08572	1.08565	1.05508	1.05443	1.05887	1.05485	1.09421	1.05221	0.918859	0.905755	0.911786	0.910761	0.917492	0.911563	0.895963	0.884179	0.882016	0.888737	0.893794	0.895128	1.12086	1.12674	1.10364	1.12871	1.10537	1.12977	1.07657	1.09474	1.10112	1.09256	1.07716	1.07792	1.15574	1.16932	1.17084	1.1769	1.15644	1.15496	1.06528	1.07073	1.06517	1.07693	1.06259	1.07345	1.09218	1.08455	1.079	1.08721	1.09053	1.09042	1.07159	1.07268	1.08635	1.09352	1.07122	1.08882	1.08812	1.08238	1.07736	1.0805	1.1148	1.08088	1.04925	1.04107	1.04329	1.02592	1.02589	1.02565
ERR608807	0.852321	0.857406	0.847572	0.848428	0.815832	0.813576	0.747144	0.797706	0	0.796568	0.79353	0.753137	0.975106	0.982356	0.97786	0.978239	0.967148	0.975247	0.870814	0.871117	0.914484	0.912167	0.884484	0.882504	1.04835	1.06693	1.0706	1.06929	1.04825	1.04788	1.01766	1.01661	1.02182	1.01765	1.06085	1.01472	0.883736	0.866344	0.8742	0.8737	0.881943	0.874943	0.862931	0.844548	0.842455	0.853002	0.86001	0.861399	1.08596	1.0938	1.06791	1.09653	1.06965	1.09703	1.04396	1.06402	1.07174	1.06177	1.04441	1.04486	1.12678	1.14231	1.14366	1.15093	1.12765	1.12586	1.03098	1.03645	1.03107	1.04395	1.02786	1.04013	1.05353	1.04542	1.03932	1.04939	1.05287	1.05316	1.03937	1.04015	1.05573	1.06444	1.03905	1.05864	1.05174	1.04546	1.0393	1.04319	1.0802	1.04323	1.01541	1.00582	1.00849	0.988587	0.988633	0.988293
ERR608808	0.886832	0.893132	0.882235	0.883676	0.858094	0.856261	0.796305	0.825302	0.796568	0	0.821874	0.800165	1.00056	1.00638	1.00216	1.00262	0.993151	0.999926	0.906413	0.906947	0.94124	0.939282	0.918395	0.916484	1.0854	1.10255	1.10608	1.10448	1.08511	1.08513	1.05439	1.05379	1.05798	1.05446	1.09386	1.05161	0.917787	0.904777	0.910695	0.909967	0.915807	0.910766	0.895681	0.883597	0.881471	0.887886	0.893484	0.894357	1.12084	1.12676	1.10352	1.12883	1.10523	1.12998	1.07625	1.09418	1.10093	1.09235	1.0765	1.0775	1.15559	1.1691	1.17048	1.17661	1.15632	1.15476	1.06469	1.07051	1.0648	1.07656	1.0622	1.07314	1.09215	1.08432	1.07907	1.08693	1.09024	1.09032	1.07128	1.07261	1.0859	1.09334	1.07093	1.08893	1.08796	1.08211	1.07695	1.08022	1.11479	1.0808	1.04811	1.04005	1.04206	1.02489	1.0251	1.02471
ERR608809	0.88447	0.890609	0.879754	0.881501	0.855684	0.853545	0.793235	0.823232	0.79353	0.821874	0	0.797634	0.99912	1.00505	1.00078	1.0014	0.991678	0.998155	0.904609	0.904746	0.939743	0.937555	0.916225	0.914377	1.08367	1.10068	1.10414	1.10247	1.08353	1.08331	1.05248	1.05165	1.05606	1.05236	1.09204	1.04973	0.916138	0.902419	0.908821	0.907995	0.914418	0.908869	0.893752	0.881291	0.879378	0.886021	0.891481	0.892937	1.11896	1.12452	1.10156	1.12709	1.10321	1.12777	1.07448	1.09254	1.09913	1.09037	1.07474	1.0754	1.15387	1.16769	1.16889	1.17524	1.15451	1.15301	1.06326	1.06862	1.06301	1.07483	1.06044	1.0714	1.09007	1.08212	1.07674	1.08479	1.08824	1.08817	1.06946	1.07104	1.08433	1.09186	1.06919	1.08702	1.08603	1.08022	1.07513	1.07836	1.11284	1.07888	1.04645	1.03835	1.04069	1.02287	1.02299	1.02279
ERR608805	0.857071	0.861166	0.852141	0.852788	0.821782	0.819012	0.753519	0.801585	0.753137	0.800165	0.797634	0	0.978201	0.98578	0.981234	0.981618	0.970364	0.978616	0.875611	0.876226	0.918317	0.916268	0.889184	0.887828	1.05415	1.07262	1.07605	1.07486	1.05393	1.05382	1.02293	1.02239	1.02716	1.02312	1.0655	1.02057	0.888761	0.871812	0.879872	0.879151	0.886924	0.88014	0.866401	0.849598	0.847623	0.857093	0.863847	0.865017	1.09145	1.09895	1.07335	1.10132	1.07523	1.10196	1.049	1.06862	1.07601	1.06609	1.04926	1.04975	1.13111	1.14648	1.14803	1.15519	1.1321	1.13054	1.03601	1.04136	1.03577	1.04855	1.0329	1.04468	1.05984	1.05143	1.04559	1.05542	1.05903	1.05913	1.04426	1.04493	1.06015	1.06839	1.04366	1.06305	1.05745	1.05174	1.0456	1.04936	1.08563	1.04953	1.02033	1.01077	1.01311	0.993819	0.994403	0.993446
ERR605534	0.987397	0.993126	0.984517	0.984649	0.96556	0.963607	0.974998	1.00056	0.975106	1.00056	0.99912	0.978201	0	0.765202	0.760064	0.760138	0.753326	0.758345	0.993648	0.993942	1.02174	1.02001	1.00273	1.00146	1.14811	1.16154	1.16392	1.16233	1.14797	1.14785	1.13246	1.13184	1.13531	1.13229	1.16367	1.13035	0.991802	0.97924	0.985382	0.984453	0.990111	0.985506	0.968091	0.956771	0.955121	0.961411	0.966152	0.967365	1.17477	1.1796	1.16121	1.18062	1.16215	1.18165	1.15215	1.16563	1.17046	1.16405	1.15208	1.15249	1.20134	1.21303	1.21376	1.21868	1.202	1.20082	1.13881	1.14422	1.13926	1.1478	1.13681	1.14595	1.1459	1.13973	1.13544	1.14159	1.14479	1.14448	1.15015	1.15037	1.16095	1.16613	1.14975	1.16247	1.1534	1.14919	1.14459	1.1476	1.17419	1.14767	1.13162	1.12537	1.12671	1.11406	1.11371	1.11334
ERR605535	0.994951	0.99954	0.992148	0.992211	0.973682	0.971992	0.982999	1.00677	0.982356	1.00638	1.00505	0.98578	0.765202	0	0.765296	0.764872	0.760199	0.763725	1.00129	1.0019	1.02745	1.02614	1.00984	1.0083	1.15361	1.16686	1.16919	1.16771	1.15372	1.15344	1.13876	1.13805	1.14127	1.1385	1.16869	1.13663	0.998483	0.98662	0.993047	0.991547	0.997215	0.992625	0.973634	0.963722	0.962211	0.968078	0.972148	0.97338	1.17964	1.18432	1.16652	1.18568	1.16767	1.18652	1.15777	1.17065	1.17525	1.16911	1.15761	1.15803	1.20608	1.21711	1.2179	1.22268	1.20662	1.20547	1.1445	1.14987	1.1449	1.15352	1.14302	1.15127	1.15125	1.14531	1.14084	1.1471	1.15012	1.15007	1.15559	1.15608	1.16629	1.17111	1.15539	1.16768	1.1589	1.15482	1.15047	1.15346	1.17921	1.15365	1.13765	1.13148	1.13319	1.12055	1.12031	1.12014
ERR605538	0.990726	0.996504	0.987716	0.988184	0.968916	0.967089	0.977769	1.00221	0.97786	1.00216	1.00078	0.981234	0.760064	0.765296	0	0.754204	0.753263	0.752969	0.996412	0.997291	1.02363	1.02199	1.00564	1.00416	1.15136	1.16496	1.16747	1.16594	1.1515	1.15121	1.13646	1.13584	1.13931	1.1363	1.16755	1.13419	0.995457	0.983381	0.989801	0.988147	0.994104	0.989575	0.969905	0.959554	0.957299	0.963362	0.968466	0.969513	1.17857	1.18269	1.16465	1.18422	1.16588	1.18482	1.1556	1.16871	1.17335	1.16713	1.1556	1.15586	1.20418	1.21527	1.21618	1.2207	1.20462	1.20353	1.14238	1.14784	1.14286	1.15137	1.14053	1.14935	1.14975	1.14326	1.1389	1.14482	1.14781	1.1476	1.15389	1.15409	1.1644	1.16915	1.15346	1.16596	1.15653	1.15218	1.14775	1.15089	1.1778	1.15093	1.1347	1.12902	1.13069	1.11827	1.11762	1.1174
ERR605536	0.99141	0.997346	0.987729	0.988786	0.969204	0.967549	0.978194	1.00259	0.978239	1.00262	1.0014	0.981618	0.760138	0.764872	0.754204	0	0.75315	0.75264	0.996945	0.997346	1.02354	1.02206	1.00583	1.00445	1.15116	1.1647	1.16723	1.16558	1.15088	1.1505	1.13597	1.13542	1.13889	1.13621	1.16723	1.13381	0.995421	0.983244	0.989688	0.987984	0.994056	0.989189	0.970473	0.959659	0.95761	0.963857	0.968822	0.970056	1.17845	1.18268	1.16448	1.1839	1.16567	1.18486	1.15533	1.16834	1.17271	1.16661	1.15507	1.15545	1.2038	1.21517	1.21588	1.22073	1.20454	1.20357	1.14213	1.14781	1.14264	1.15115	1.14047	1.14922	1.14923	1.14286	1.13855	1.14458	1.14754	1.14717	1.15351	1.15382	1.16408	1.16904	1.15315	1.16579	1.1561	1.15164	1.14725	1.15039	1.17747	1.15061	1.13471	1.1288	1.13033	1.11814	1.11767	1.11737
ERR605533	0.980571	0.987444	0.977544	0.977975	0.957693	0.9556	0.967076	0.993214	0.967148	0.993151	0.991678	0.970364	0.753326	0.760199	0.753263	0.75315	0	0.751733	0.986434	0.986781	1.01498	1.01328	0.996015	0.994674	1.14338	1.15717	1.15957	1.15784	1.14319	1.14307	1.1275	1.12661	1.13055	1.12735	1.15964	1.12507	0.985677	0.972605	0.97953	0.977993	0.984328	0.979136	0.960639	0.948782	0.946746	0.953465	0.958767	0.960107	1.17102	1.17572	1.15698	1.17702	1.15802	1.17773	1.1477	1.1613	1.1658	1.15968	1.14753	1.14792	1.1979	1.20942	1.21043	1.21533	1.19852	1.19722	1.13399	1.13986	1.1345	1.14319	1.13222	1.14123	1.14192	1.13513	1.13074	1.13706	1.14027	1.13988	1.14557	1.14617	1.1567	1.1617	1.14534	1.15827	1.14847	1.1442	1.13948	1.14256	1.1704	1.14276	1.12643	1.12013	1.12179	1.109	1.10856	1.10843
ERR605537	0.987994	0.993892	0.985247	0.985492	0.966014	0.964185	0.975175	0.999827	0.975247	0.999926	0.998155	0.978616	0.758345	0.763725	0.752969	0.75264	0.751733	0	0.994063	0.994577	1.02103	1.01947	1.00303	1.00164	1.15002	1.16352	1.16613	1.16448	1.14992	1.1498	1.13481	1.13425	1.1375	1.13461	1.16593	1.13242	0.993162	0.98081	0.98729	0.986075	0.991762	0.986952	0.967492	0.956587	0.954582	0.96078	0.965753	0.966967	1.17701	1.18143	1.16331	1.18273	1.16462	1.18341	1.15401	1.16713	1.17186	1.16558	1.15408	1.15434	1.20308	1.21436	1.21526	1.22006	1.20371	1.20257	1.1405	1.14628	1.14119	1.14984	1.13892	1.14773	1.14829	1.14191	1.13758	1.14378	1.1467	1.14639	1.15204	1.15244	1.16275	1.16781	1.15154	1.16434	1.15526	1.15088	1.14652	1.14944	1.1762	1.14974	1.13309	1.12705	1.1286	1.11594	1.1157	1.1154
ERR626866	0.901373	0.907608	0.897614	0.897845	0.86968	0.867752	0.870442	0.908131	0.870814	0.906413	0.904609	0.875611	0.993648	1.00129	0.996412	0.996945	0.986434	0.994063	0	0.765816	0.816825	0.814636	0.78055	0.778458	1.06594	1.08358	1.08693	1.08564	1.0659	1.0656	1.03725	1.03642	1.04139	1.03733	1.07858	1.03462	0.899965	0.882081	0.891249	0.890747	0.898673	0.891131	0.887966	0.8688	0.866383	0.8779	0.885249	0.886003	1.09709	1.10557	1.08067	1.10776	1.08232	1.10857	1.06874	1.0879	1.09497	1.08559	1.06893	1.06948	1.13906	1.15442	1.15581	1.16277	1.1398	1.13819	1.04943	1.05484	1.04931	1.06208	1.04656	1.05805	1.06808	1.06003	1.05407	1.06391	1.06734	1.06782	1.06435	1.06489	1.07996	1.08769	1.06384	1.08238	1.07224	1.0671	1.06021	1.06378	1.09838	1.06417	1.04215	1.03321	1.03583	1.01719	1.01703	1.01676
ERR626861	0.901679	0.907996	0.897852	0.897794	0.869642	0.867957	0.870946	0.908544	0.871117	0.906947	0.904746	0.876226	0.993942	1.0019	0.997291	0.997346	0.986781	0.994577	0.765816	0	0.81804	0.81603	0.779299	0.777481	1.06596	1.08359	1.08693	1.08537	1.06598	1.06552	1.0371	1.03619	1.04113	1.03722	1.07877	1.03429	0.900064	0.882484	0.891112	0.891134	0.898998	0.891419	0.888217	0.869774	0.86723	0.878815	0.885742	0.886468	1.09711	1.1054	1.08072	1.10736	1.08252	1.10847	1.06849	1.08761	1.09476	1.08561	1.06861	1.06907	1.13885	1.15437	1.15569	1.16255	1.13962	1.13801	1.0493	1.05459	1.04922	1.06176	1.04607	1.05782	1.06792	1.06	1.05393	1.0639	1.06709	1.06766	1.06403	1.06469	1.07967	1.08761	1.06381	1.08205	1.07212	1.06691	1.06027	1.06419	1.09882	1.064	1.04214	1.03354	1.03576	1.01696	1.01715	1.0168
ERR626865	0.93929	0.947486	0.935968	0.936094	0.913929	0.912244	0.914045	0.942688	0.914484	0.94124	0.939743	0.918317	1.02174	1.02745	1.02363	1.02354	1.01498	1.02103	0.816825	0.81804	0	0.85171	0.829877	0.82817	1.09812	1.11449	1.11756	1.11573	1.09775	1.0977	1.07341	1.07271	1.077	1.07334	1.11173	1.07082	0.940282	0.925368	0.933052	0.931821	0.939254	0.932941	0.928432	0.913363	0.910654	0.920408	0.926527	0.927549	1.12839	1.13437	1.11215	1.13636	1.114	1.13737	1.10138	1.11832	1.12443	1.11618	1.10164	1.10204	1.16433	1.1779	1.17905	1.18513	1.16489	1.16358	1.08422	1.08993	1.08431	1.09522	1.0816	1.092	1.10129	1.09395	1.08824	1.09645	1.09955	1.09961	1.09759	1.09838	1.11122	1.11807	1.09735	1.11331	1.10337	1.09843	1.09278	1.09603	1.12833	1.09618	1.07643	1.06899	1.07141	1.05507	1.05509	1.05452
ERR626864	0.937681	0.946101	0.934081	0.934822	0.911965	0.910532	0.91174	0.940554	0.912167	0.939282	0.937555	0.916268	1.02001	1.02614	1.02199	1.02206	1.01328	1.01947	0.814636	0.81603	0.85171	0	0.828012	0.825883	1.09665	1.1133	1.1161	1.11455	1.09651	1.09654	1.07174	1.07089	1.07566	1.07184	1.11043	1.06907	0.937911	0.923571	0.930868	0.930002	0.937143	0.930826	0.92646	0.911269	0.908925	0.917701	0.924772	0.925454	1.12702	1.13345	1.11082	1.1356	1.11257	1.13643	1.10011	1.11684	1.12268	1.11475	1.10019	1.10034	1.16293	1.17652	1.17819	1.18416	1.16381	1.16235	1.08268	1.08844	1.08312	1.09422	1.08053	1.09068	1.09971	1.09213	1.08692	1.09493	1.09779	1.09823	1.09636	1.09681	1.10969	1.1171	1.09582	1.11216	1.10195	1.09668	1.09109	1.09467	1.12736	1.0947	1.07527	1.06759	1.06995	1.05408	1.05375	1.05333
ERR626862	0.912922	0.918343	0.909381	0.909377	0.883409	0.881611	0.884761	0.919504	0.884484	0.918395	0.916225	0.889184	1.00273	1.00984	1.00564	1.00583	0.996015	1.00303	0.78055	0.779299	0.829877	0.828012	0	0.79181	1.07559	1.0926	1.09547	1.0942	1.07562	1.07549	1.04765	1.04632	1.05112	1.0473	1.08692	1.04503	0.911584	0.895067	0.902921	0.903125	0.910704	0.903658	0.899392	0.882163	0.880741	0.890653	0.897488	0.898059	1.10503	1.11315	1.08963	1.11554	1.09121	1.11609	1.07759	1.09618	1.1031	1.09413	1.07764	1.07819	1.1463	1.16128	1.16272	1.16933	1.14702	1.14538	1.05879	1.06371	1.05892	1.07099	1.05555	1.06682	1.07716	1.06964	1.06415	1.07375	1.0771	1.07754	1.07329	1.07403	1.08846	1.09638	1.07296	1.091	1.0819	1.07703	1.07041	1.07404	1.10666	1.07401	1.05207	1.04359	1.04547	1.02727	1.02751	1.02679
ERR626863	0.911828	0.91772	0.908002	0.908642	0.881734	0.880311	0.883078	0.917666	0.882504	0.916484	0.914377	0.887828	1.00146	1.0083	1.00416	1.00445	0.994674	1.00164	0.778458	0.777481	0.82817	0.825883	0.79181	0	1.07498	1.09214	1.09526	1.09414	1.07496	1.07489	1.0471	1.04613	1.05085	1.04705	1.08673	1.04456	0.910398	0.893902	0.902349	0.901813	0.909695	0.902371	0.898582	0.881113	0.879159	0.889817	0.896348	0.89732	1.10505	1.11316	1.0892	1.11537	1.09092	1.11604	1.07764	1.09622	1.10305	1.09405	1.07787	1.07836	1.14572	1.16082	1.16209	1.16884	1.14661	1.14497	1.05859	1.06407	1.0587	1.07105	1.05601	1.06707	1.07695	1.06907	1.06326	1.07294	1.07603	1.07657	1.07314	1.07396	1.08843	1.09619	1.07265	1.09076	1.0811	1.07608	1.06954	1.07322	1.1064	1.07307	1.05237	1.04345	1.04588	1.0278	1.02766	1.02742
ERR607419	1.07156	1.07768	1.06909	1.06885	1.04463	1.04262	1.0495	1.08598	1.04835	1.0854	1.08367	1.05415	1.14811	1.15361	1.15136	1.15116	1.14338	1.15002	1.06594	1.06596	1.09812	1.09665	1.07559	1.07498	0	0.779744	0.784764	0.783389	0.742154	0.743477	0.887358	0.887455	0.893531	0.888525	0.943482	0.885715	1.03768	1.02087	1.02949	1.02944	1.03666	1.03065	1.07723	1.05847	1.05602	1.06811	1.07487	1.07636	0.900974	0.909133	0.874043	0.913386	0.875298	0.913642	0.930075	0.952729	0.961115	0.949873	0.929949	0.929207	1.00732	1.02891	1.03094	1.04087	1.00805	1.00532	0.920178	0.928449	0.920127	0.938107	0.916897	0.932132	0.89228	0.880979	0.873726	0.887191	0.891909	0.893131	0.931483	0.929958	0.948951	0.959815	0.931299	0.9524	0.891732	0.882318	0.873238	0.878967	0.929027	0.879429	0.98457	0.973776	0.976527	0.957215	0.956506	0.9568
ERR607416	1.08821	1.09293	1.08627	1.08557	1.0634	1.06142	1.0685	1.10264	1.06693	1.10255	1.10068	1.07262	1.16154	1.16686	1.16496	1.1647	1.15717	1.16352	1.08358	1.08359	1.11449	1.1133	1.0926	1.09214	0.779744	0	0.807136	0.806969	0.778026	0.780266	0.910855	0.910718	0.91653	0.911663	0.959568	0.909619	1.05558	1.04	1.04736	1.04824	1.05448	1.04862	1.09389	1.07609	1.07448	1.08568	1.0915	1.09288	0.919823	0.928074	0.896571	0.932203	0.897363	0.931972	0.949912	0.971422	0.979397	0.969098	0.950545	0.949434	1.02462	1.04501	1.0467	1.05626	1.02536	1.02271	0.943026	0.949566	0.943053	0.959341	0.939984	0.953711	0.914903	0.905413	0.89909	0.912395	0.916382	0.917291	0.951495	0.95051	0.968162	0.978496	0.951788	0.971093	0.916488	0.909291	0.900566	0.905628	0.94786	0.905645	1.00481	0.994274	0.996754	0.978749	0.978279	0.978586
ERR607415	1.0914	1.09562	1.08979	1.08892	1.06689	1.06534	1.07242	1.10615	1.0706	1.10608	1.10414	1.07605	1.16392	1.16919	1.16747	1.16723	1.15957	1.16613	1.08693	1.08693	1.11756	1.1161	1.09547	1.09526	0.784764	0.807136	0	0.810501	0.783103	0.784836	0.914226	0.913939	0.919765	0.915183	0.961977	0.913347	1.0589	1.04357	1.0507	1.05161	1.05773	1.0522	1.09745	1.07965	1.07812	1.08913	1.09516	1.09628	0.921209	0.929938	0.898978	0.93389	0.899656	0.933625	0.952876	0.973968	0.981813	0.971473	0.95267	0.952106	1.02661	1.04682	1.0487	1.05811	1.0274	1.02463	0.945654	0.951383	0.944789	0.96128	0.942601	0.955543	0.918359	0.908649	0.902753	0.915744	0.919833	0.921042	0.954561	0.952933	0.971255	0.981163	0.954794	0.973934	0.920226	0.913106	0.904572	0.909431	0.950487	0.909364	1.0088	0.998246	1.0007	0.982564	0.982136	0.982301
ERR607417	1.09006	1.09531	1.08836	1.08776	1.06553	1.06387	1.07074	1.10461	1.06929	1.10448	1.10247	1.07486	1.16233	1.16771	1.16594	1.16558	1.15784	1.16448	1.08564	1.08537	1.11573	1.11455	1.0942	1.09414	0.783389	0.806969	0.810501	0	0.781638	0.783473	0.91386	0.913753	0.919569	0.91482	0.962924	0.912816	1.05767	1.04217	1.04961	1.05052	1.0565	1.05078	1.09639	1.07863	1.07665	1.08766	1.09396	1.09532	0.92327	0.931434	0.900054	0.934832	0.900546	0.935005	0.952251	0.973068	0.980696	0.970808	0.952546	0.951221	1.02695	1.04715	1.04878	1.05814	1.02781	1.02515	0.944783	0.951446	0.944614	0.960857	0.941609	0.955283	0.917966	0.90808	0.902116	0.91494	0.919309	0.920051	0.954065	0.953006	0.971012	0.980746	0.954363	0.973528	0.919232	0.911817	0.903304	0.908289	0.950941	0.908584	1.00728	0.997528	0.999766	0.981625	0.98146	0.981762
ERR607418	1.07124	1.07746	1.06942	1.06881	1.04447	1.04242	1.04943	1.08572	1.04825	1.08511	1.08353	1.05393	1.14797	1.15372	1.1515	1.15088	1.14319	1.14992	1.0659	1.06598	1.09775	1.09651	1.07562	1.07496	0.742154	0.778026	0.783103	0.781638	0	0.741947	0.885618	0.885576	0.892196	0.887002	0.941808	0.884279	1.03777	1.02084	1.02933	1.02929	1.03638	1.03053	1.07738	1.05855	1.05592	1.068	1.07487	1.07643	0.898899	0.907545	0.872214	0.911868	0.873102	0.911762	0.929169	0.952616	0.96062	0.949536	0.929454	0.928558	1.00557	1.02747	1.02993	1.03961	1.00685	1.00392	0.918744	0.926781	0.918525	0.936441	0.915774	0.93097	0.890087	0.878576	0.871483	0.885371	0.890449	0.891265	0.930413	0.929144	0.948578	0.959435	0.930644	0.951143	0.89095	0.881954	0.872662	0.87835	0.928187	0.878572	0.984186	0.972954	0.976269	0.956692	0.956111	0.956288
ERR607420	1.07137	1.07744	1.06917	1.06869	1.04464	1.04251	1.04915	1.08565	1.04788	1.08513	1.08331	1.05382	1.14785	1.15344	1.15121	1.1505	1.14307	1.1498	1.0656	1.06552	1.0977	1.09654	1.07549	1.07489	0.743477	0.780266	0.784836	0.783473	0.741947	0	0.886677	0.88655	0.892819	0.887729	0.942634	0.884621	1.03723	1.02053	1.029	1.02897	1.03597	1.0302	1.07713	1.05821	1.0557	1.06767	1.07474	1.07611	0.900619	0.908738	0.874122	0.913215	0.874629	0.913488	0.929018	0.952233	0.960569	0.949427	0.929283	0.928317	1.00637	1.02795	1.03027	1.03996	1.00734	1.00451	0.919377	0.927004	0.91908	0.937138	0.916006	0.93144	0.891491	0.880256	0.873018	0.886723	0.891586	0.89273	0.930308	0.928868	0.948314	0.958937	0.930427	0.951431	0.891253	0.882419	0.873294	0.878765	0.928645	0.878781	0.983903	0.972944	0.97603	0.956694	0.956252	0.956104
ERR608582	1.05145	1.05475	1.04923	1.04878	1.02443	1.02262	1.01913	1.05508	1.01766	1.05439	1.05248	1.02293	1.13246	1.13876	1.13646	1.13597	1.1275	1.13481	1.03725	1.0371	1.07341	1.07174	1.04765	1.0471	0.887358	0.910855	0.914226	0.91386	0.885618	0.886677	0	0.79047	0.799721	0.791325	0.852443	0.791971	1.00484	0.988508	0.996008	0.996575	1.00332	0.997086	1.04999	1.03251	1.03117	1.04186	1.04755	1.04873	0.942951	0.953	0.920319	0.957296	0.92131	0.957185	0.888874	0.912591	0.921477	0.909537	0.88873	0.889073	1.01183	1.03084	1.03218	1.0421	1.01279	1.01023	0.896922	0.902951	0.896248	0.91458	0.893398	0.90889	0.889977	0.880072	0.873647	0.886407	0.890714	0.891544	0.901883	0.901941	0.921621	0.933981	0.901782	0.925021	0.884868	0.878971	0.870366	0.874465	0.915332	0.874676	0.928499	0.91654	0.919317	0.898285	0.899035	0.898346
ERR608584	1.05076	1.05402	1.04855	1.04817	1.02351	1.02225	1.0182	1.05443	1.01661	1.05379	1.05165	1.02239	1.13184	1.13805	1.13584	1.13542	1.12661	1.13425	1.03642	1.03619	1.07271	1.07089	1.04632	1.04613	0.887455	0.910718	0.913939	0.913753	0.885576	0.88655	0.79047	0	0.79965	0.790873	0.852162	0.791914	1.00446	0.987886	0.995098	0.995912	1.00289	0.996456	1.04907	1.03197	1.03033	1.04116	1.04666	1.04785	0.94253	0.952413	0.91969	0.95707	0.920791	0.956826	0.888294	0.912609	0.921648	0.909625	0.888755	0.889099	1.01157	1.03066	1.03203	1.04214	1.01281	1.00974	0.896223	0.901991	0.895481	0.913964	0.892655	0.907813	0.889386	0.879897	0.873545	0.886142	0.890904	0.891102	0.9014	0.901493	0.921113	0.933258	0.901214	0.924934	0.885245	0.879759	0.870761	0.874705	0.9152	0.874368	0.92778	0.916354	0.919199	0.897832	0.897887	0.897848
ERR608580	1.05558	1.05793	1.05289	1.05248	1.02831	1.02674	1.02328	1.05887	1.02182	1.05798	1.05606	1.02716	1.13531	1.14127	1.13931	1.13889	1.13055	1.1375	1.04139	1.04113	1.077	1.07566	1.05112	1.05085	0.893531	0.91653	0.919765	0.919569	0.892196	0.892819	0.799721	0.79965	0	0.799968	0.853271	0.794827	1.00872	0.993114	1.00002	1.00071	1.00758	1.00082	1.05347	1.03627	1.03504	1.04539	1.05089	1.05211	0.947637	0.95725	0.925265	0.961447	0.926437	0.961257	0.893382	0.916343	0.925671	0.913665	0.893548	0.894099	1.01557	1.03368	1.03532	1.04492	1.01609	1.01375	0.90224	0.908068	0.901428	0.919579	0.899196	0.913467	0.894768	0.885403	0.879424	0.892155	0.895965	0.896595	0.906309	0.906336	0.925422	0.937109	0.906049	0.928608	0.889795	0.884421	0.875949	0.880163	0.919101	0.880249	0.932546	0.920753	0.923405	0.902904	0.903314	0.903282
ERR608583	1.05186	1.05497	1.04914	1.0491	1.02469	1.02296	1.01905	1.05485	1.01765	1.05446	1.05236	1.02312	1.13229	1.1385	1.1363	1.13621	1.12735	1.13461	1.03733	1.03722	1.07334	1.07184	1.0473	1.04705	0.888525	0.911663	0.915183	0.91482	0.887002	0.887729	0.791325	0.790873	0.799968	0	0.852823	0.792427	1.00501	0.98885	0.995957	0.996652	1.00334	0.997151	1.05013	1.03277	1.03115	1.04203	1.04755	1.04867	0.944005	0.954316	0.921104	0.958368	0.922359	0.957894	0.888448	0.912458	0.921606	0.909431	0.888684	0.888917	1.01273	1.03153	1.03322	1.04294	1.01349	1.01085	0.896691	0.902872	0.895471	0.914486	0.893261	0.908096	0.890697	0.881163	0.87428	0.887152	0.891262	0.892059	0.902128	0.902371	0.921667	0.933935	0.902419	0.925131	0.885644	0.879752	0.871097	0.875451	0.916053	0.875279	0.928543	0.916865	0.919209	0.898387	0.898755	0.898346
ERR608579	1.0904	1.08892	1.08856	1.08815	1.06697	1.06627	1.06308	1.09421	1.06085	1.09386	1.09204	1.0655	1.16367	1.16869	1.16755	1.16723	1.15964	1.16593	1.07858	1.07877	1.11173	1.11043	1.08692	1.08673	0.943482	0.959568	0.961977	0.962924	0.941808	0.942634	0.852443	0.852162	0.853271	0.852823	0	0.850396	1.04527	1.03247	1.03768	1.03869	1.04436	1.03804	1.08774	1.07305	1.07347	1.08179	1.08536	1.08643	0.982065	0.992611	0.966275	0.99697	0.966791	0.995716	0.935972	0.954923	0.963816	0.953596	0.935861	0.936649	1.0463	1.06243	1.06324	1.0722	1.04715	1.04481	0.948068	0.949765	0.946496	0.962186	0.945039	0.956148	0.937734	0.931652	0.92776	0.939089	0.941549	0.942553	0.947579	0.947287	0.964025	0.975	0.94773	0.966615	0.938795	0.936425	0.928654	0.931491	0.954945	0.931244	0.973178	0.963093	0.964529	0.946757	0.947875	0.947369
ERR608581	1.04986	1.05382	1.04708	1.04712	1.02207	1.02035	1.01602	1.05221	1.01472	1.05161	1.04973	1.02057	1.13035	1.13663	1.13419	1.13381	1.12507	1.13242	1.03462	1.03429	1.07082	1.06907	1.04503	1.04456	0.885715	0.909619	0.913347	0.912816	0.884279	0.884621	0.791971	0.791914	0.794827	0.792427	0.850396	0	1.00256	0.986158	0.993953	0.994177	1.00141	0.994546	1.04784	1.0301	1.02853	1.03934	1.04513	1.04676	0.944293	0.952871	0.919493	0.956879	0.921429	0.957318	0.887101	0.910524	0.919286	0.907678	0.88733	0.887644	1.01133	1.02966	1.0316	1.04091	1.01204	1.00954	0.895839	0.902567	0.895116	0.913519	0.892205	0.907514	0.889371	0.879377	0.872767	0.885204	0.889216	0.890006	0.901084	0.90149	0.9201	0.932367	0.901174	0.923686	0.882368	0.875813	0.868074	0.872138	0.914644	0.872115	0.925286	0.913618	0.916456	0.89571	0.896035	0.895912
ERR621996	0.898136	0.902092	0.894139	0.894341	0.86612	0.863863	0.884393	0.918859	0.883736	0.917787	0.916138	0.888761	0.991802	0.998483	0.995457	0.995421	0.985677	0.993162	0.899965	0.900064	0.940282	0.937911	0.911584	0.910398	1.03768	1.05558	1.0589	1.05767	1.03777	1.03723	1.00484	1.00446	1.00872	1.00501	1.04527	1.00256	0	0.776116	0.785281	0.781599	0.79028	0.785414	0.883867	0.868972	0.866886	0.876246	0.881237	0.88243	1.0747	1.08185	1.05609	1.08427	1.05776	1.08485	1.03245	1.05092	1.0577	1.04886	1.03203	1.03296	1.11082	1.1253	1.12669	1.13361	1.11144	1.10981	1.02285	1.02833	1.02264	1.03581	1.01995	1.03208	1.04238	1.03432	1.02895	1.03848	1.04172	1.04193	1.02783	1.02863	1.04314	1.05102	1.02772	1.04585	1.04313	1.0383	1.03195	1.03531	1.0689	1.03555	1.0135	1.0039	1.00633	0.988064	0.987879	0.987662
ERR621991	0.882525	0.888034	0.87802	0.878032	0.846868	0.844455	0.867007	0.905755	0.866344	0.904777	0.902419	0.871812	0.97924	0.98662	0.983381	0.983244	0.972605	0.98081	0.882081	0.882484	0.925368	0.923571	0.895067	0.893902	1.02087	1.04	1.04357	1.04217	1.02084	1.02053	0.988508	0.987886	0.993114	0.98885	1.03247	0.986158	0.776116	0	0.762365	0.763539	0.773593	0.762653	0.868862	0.851056	0.848455	0.859612	0.865774	0.867252	1.06077	1.06811	1.04113	1.07056	1.04288	1.07143	1.01774	1.03768	1.04448	1.03564	1.01745	1.01854	1.09861	1.11404	1.11547	1.12286	1.09932	1.0974	1.00741	1.01357	1.00738	1.02122	1.00432	1.01704	1.02627	1.01791	1.01191	1.02224	1.02598	1.02604	1.01372	1.01435	1.03037	1.03835	1.01359	1.03292	1.02732	1.02201	1.01514	1.01919	1.05509	1.01919	0.99828	0.988384	0.990798	0.971087	0.971261	0.970818
ERR621992	0.889197	0.893395	0.885733	0.885083	0.855919	0.854044	0.875431	0.911786	0.8742	0.910695	0.908821	0.879872	0.985382	0.993047	0.989801	0.989688	0.97953	0.98729	0.891249	0.891112	0.933052	0.930868	0.902921	0.902349	1.02949	1.04736	1.0507	1.04961	1.02933	1.029	0.996008	0.995098	1.00002	0.995957	1.03768	0.993953	0.785281	0.762365	0	0.774363	0.783286	0.77229	0.875516	0.859563	0.857429	0.867631	0.873006	0.873823	1.06678	1.07465	1.04835	1.07694	1.05032	1.07771	1.02414	1.04359	1.05064	1.0417	1.02411	1.02491	1.10435	1.11971	1.12105	1.12827	1.10517	1.10307	1.01475	1.01991	1.01434	1.02804	1.01149	1.02404	1.03377	1.02631	1.0204	1.03054	1.03401	1.03427	1.01999	1.02068	1.03598	1.04437	1.01992	1.03851	1.03505	1.03019	1.02383	1.02733	1.06108	1.02715	1.00466	0.995104	0.997494	0.978293	0.978059	0.977685
ERR621994	0.889835	0.894606	0.885183	0.885763	0.855809	0.853073	0.874628	0.910761	0.8737	0.909967	0.907995	0.879151	0.984453	0.991547	0.988147	0.987984	0.977993	0.986075	0.890747	0.891134	0.931821	0.930002	0.903125	0.901813	1.02944	1.04824	1.05161	1.05052	1.02929	1.02897	0.996575	0.995912	1.00071	0.996652	1.03869	0.994177	0.781599	0.763539	0.774363	0	0.779988	0.773729	0.874983	0.859027	0.856312	0.866666	0.872582	0.873932	1.0687	1.07559	1.04911	1.07795	1.05087	1.07893	1.025	1.04401	1.05076	1.04185	1.02494	1.02568	1.1049	1.1198	1.12123	1.12837	1.10574	1.10377	1.01576	1.02132	1.01554	1.02881	1.01252	1.02496	1.0347	1.02627	1.02066	1.03039	1.03404	1.03404	1.02058	1.02118	1.03652	1.04461	1.02032	1.03894	1.03478	1.02979	1.02372	1.02713	1.06214	1.02735	1.0052	0.995606	0.998029	0.979229	0.979299	0.978775
ERR621995	0.896797	0.900784	0.892751	0.892782	0.864365	0.86229	0.882414	0.917492	0.881943	0.915807	0.914418	0.886924	0.990111	0.997215	0.994104	0.994056	0.984328	0.991762	0.898673	0.898998	0.939254	0.937143	0.910704	0.909695	1.03666	1.05448	1.05773	1.0565	1.03638	1.03597	1.00332	1.00289	1.00758	1.00334	1.04436	1.00141	0.79028	0.773593	0.783286	0.779988	0	0.783041	0.881976	0.8671	0.865041	0.874527	0.879557	0.880756	1.07358	1.08096	1.05496	1.08317	1.05664	1.08402	1.03101	1.04992	1.05662	1.04772	1.03078	1.03172	1.11012	1.12478	1.12613	1.13328	1.11074	1.1089	1.02143	1.02726	1.02133	1.03464	1.01881	1.03098	1.04104	1.03339	1.028	1.03742	1.04083	1.04079	1.02655	1.02724	1.04212	1.04996	1.02622	1.04467	1.04202	1.03675	1.03078	1.0343	1.06793	1.03412	1.01135	1.00223	1.00466	0.985928	0.986237	0.985776
ERR621993	0.890399	0.894391	0.88636	0.886272	0.857196	0.854967	0.875693	0.911563	0.874943	0.910766	0.908869	0.88014	0.985506	0.992625	0.989575	0.989189	0.979136	0.986952	0.891131	0.891419	0.932941	0.930826	0.903658	0.902371	1.03065	1.04862	1.0522	1.05078	1.03053	1.0302	0.997086	0.996456	1.00082	0.997151	1.03804	0.994546	0.785414	0.762653	0.77229	0.773729	0.783041	0	0.876162	0.860287	0.857631	0.868104	0.873648	0.874405	1.0681	1.07532	1.04926	1.07776	1.05134	1.07862	1.02515	1.04473	1.05142	1.04244	1.02527	1.02601	1.10524	1.12039	1.12165	1.12898	1.10574	1.10399	1.01565	1.02113	1.01561	1.0291	1.01277	1.02498	1.03487	1.02717	1.0214	1.03108	1.03474	1.03492	1.02122	1.02182	1.0369	1.04513	1.02108	1.03955	1.03611	1.03146	1.02482	1.02839	1.06226	1.02824	1.00579	0.996105	0.998295	0.979391	0.979478	0.978865
ERR636821	0.898418	0.898305	0.894036	0.894968	0.868661	0.867256	0.863553	0.895963	0.862931	0.895681	0.893752	0.866401	0.968091	0.973634	0.969905	0.970473	0.960639	0.967492	0.887966	0.888217	0.928432	0.92646	0.899392	0.898582	1.07723	1.09389	1.09745	1.09639	1.07738	1.07713	1.04999	1.04907	1.05347	1.05013	1.08774	1.04784	0.883867	0.868862	0.875516	0.874983	0.881976	0.876162	0	0.756868	0.756481	0.765127	0.768626	0.770825	1.10956	1.11779	1.09446	1.12035	1.09591	1.12067	1.07623	1.09503	1.10242	1.09295	1.07632	1.07702	1.15083	1.16545	1.16683	1.17363	1.15173	1.15016	1.05995	1.06398	1.05953	1.07202	1.05726	1.06796	1.08287	1.07536	1.07004	1.0798	1.08293	1.0834	1.06864	1.06943	1.0839	1.09208	1.06846	1.08635	1.08468	1.07969	1.07348	1.07665	1.1089	1.07704	1.04539	1.03637	1.03904	1.01998	1.02017	1.01981
ERR636819	0.882962	0.885039	0.878347	0.87883	0.849362	0.847737	0.845367	0.884179	0.844548	0.883597	0.881291	0.849598	0.956771	0.963722	0.959554	0.959659	0.948782	0.956587	0.8688	0.869774	0.913363	0.911269	0.882163	0.881113	1.05847	1.07609	1.07965	1.07863	1.05855	1.05821	1.03251	1.03197	1.03627	1.03277	1.07305	1.0301	0.868972	0.851056	0.859563	0.859027	0.8671	0.860287	0.756868	0	0.730932	0.742972	0.753452	0.755207	1.09332	1.10187	1.07706	1.10419	1.07871	1.10473	1.06067	1.08074	1.08802	1.07862	1.06096	1.06157	1.13642	1.15212	1.15348	1.16059	1.13726	1.13546	1.04425	1.04877	1.04378	1.05675	1.04128	1.05281	1.06399	1.05604	1.05041	1.06065	1.06421	1.06456	1.0537	1.05454	1.07	1.07842	1.05365	1.07271	1.06608	1.06084	1.05397	1.05789	1.0923	1.0579	1.0304	1.02029	1.02313	1.00324	1.00361	1.00327
ERR636818	0.881957	0.886278	0.876871	0.878326	0.847703	0.845685	0.842831	0.882016	0.842455	0.881471	0.879378	0.847623	0.955121	0.962211	0.957299	0.95761	0.946746	0.954582	0.866383	0.86723	0.910654	0.908925	0.880741	0.879159	1.05602	1.07448	1.07812	1.07665	1.05592	1.0557	1.03117	1.03033	1.03504	1.03115	1.07347	1.02853	0.866886	0.848455	0.857429	0.856312	0.865041	0.857631	0.756481	0.730932	0	0.741589	0.752576	0.755191	1.09312	1.10087	1.07532	1.10341	1.07711	1.1041	1.05967	1.07925	1.08622	1.07684	1.05989	1.06033	1.13508	1.15034	1.15192	1.15903	1.13599	1.13424	1.04299	1.04846	1.043	1.05537	1.0399	1.05205	1.06253	1.05414	1.04816	1.05811	1.06173	1.0621	1.05283	1.05355	1.06837	1.07708	1.05249	1.0716	1.06364	1.05757	1.0514	1.05499	1.09185	1.05535	1.02869	1.01886	1.02162	1.0022	1.00208	1.0019
ERR636817	0.890507	0.893044	0.886038	0.886761	0.858954	0.857138	0.853909	0.888737	0.853002	0.887886	0.886021	0.857093	0.961411	0.968078	0.963362	0.963857	0.953465	0.96078	0.8779	0.878815	0.920408	0.917701	0.890653	0.889817	1.06811	1.08568	1.08913	1.08766	1.068	1.06767	1.04186	1.04116	1.04539	1.04203	1.08179	1.03934	0.876246	0.859612	0.867631	0.866666	0.874527	0.868104	0.765127	0.742972	0.741589	0	0.761956	0.764012	1.10255	1.11065	1.08658	1.11305	1.08815	1.11366	1.06892	1.08804	1.09547	1.08599	1.06931	1.0697	1.1442	1.15915	1.16062	1.16747	1.14486	1.14334	1.05274	1.05772	1.05257	1.06514	1.04983	1.06131	1.07406	1.06625	1.06067	1.07049	1.07386	1.07414	1.06186	1.0626	1.07731	1.08545	1.06152	1.08027	1.07525	1.06988	1.06358	1.06721	1.10144	1.06743	1.03817	1.02865	1.03133	1.01241	1.0126	1.01204
ERR636820	0.896188	0.896401	0.891651	0.892541	0.866088	0.864227	0.860931	0.893794	0.86001	0.893484	0.891481	0.863847	0.966152	0.972148	0.968466	0.968822	0.958767	0.965753	0.885249	0.885742	0.926527	0.924772	0.897488	0.896348	1.07487	1.0915	1.09516	1.09396	1.07487	1.07474	1.04755	1.04666	1.05089	1.04755	1.08536	1.04513	0.881237	0.865774	0.873006	0.872582	0.879557	0.873648	0.768626	0.753452	0.752576	0.761956	0	0.767615	1.10725	1.11584	1.09227	1.11815	1.09397	1.1189	1.074	1.0928	1.10019	1.09077	1.07418	1.07471	1.14902	1.16367	1.16518	1.17205	1.14984	1.14822	1.05764	1.06184	1.05725	1.06948	1.05487	1.06578	1.08066	1.07296	1.06749	1.07761	1.08082	1.08118	1.06625	1.0672	1.0816	1.08988	1.06575	1.08441	1.08223	1.07731	1.07103	1.07422	1.10699	1.07459	1.04326	1.03369	1.03649	1.01719	1.01742	1.01699
ERR636822	0.897043	0.897327	0.892901	0.893678	0.867336	0.865518	0.86257	0.895128	0.861399	0.894357	0.892937	0.865017	0.967365	0.97338	0.969513	0.970056	0.960107	0.966967	0.886003	0.886468	0.927549	0.925454	0.898059	0.89732	1.07636	1.09288	1.09628	1.09532	1.07643	1.07611	1.04873	1.04785	1.05211	1.04867	1.08643	1.04676	0.88243	0.867252	0.873823	0.873932	0.880756	0.874405	0.770825	0.755207	0.755191	0.764012	0.767615	0	1.10838	1.11694	1.09343	1.11936	1.09494	1.11982	1.07501	1.0941	1.10103	1.09203	1.07542	1.07594	1.15017	1.16474	1.16596	1.17302	1.15087	1.14913	1.05872	1.06278	1.0583	1.07047	1.05586	1.06702	1.08162	1.07429	1.06876	1.07856	1.08183	1.08232	1.06756	1.06842	1.08273	1.09136	1.06712	1.08576	1.08391	1.07917	1.07274	1.07603	1.10817	1.07645	1.04438	1.03451	1.03715	1.01834	1.0188	1.01804
