	ERR613986	ERR613985	ERR613989	ERR613984	ERR613987	ERR613988	ERR638303	ERR638306	ERR638307	ERR638304	ERR638305	ERR638308	ERR605614	ERR605616	ERR605611	ERR605613	ERR605615	ERR605612	ERR614003	ERR614005	ERR614004	ERR614006	ERR614007	ERR614002	ERR636926	ERR636927	ERR636925	ERR636930	ERR636928	ERR636929	ERR613329	ERR613332	ERR613333	ERR613330	ERR613334	ERR613331	ERR636894	ERR636891	ERR636890	ERR636893	ERR636889	ERR636892	ERR636802	ERR636800	ERR636804	ERR636803	ERR636801	ERR636799	ERR612074	ERR612071	ERR612073	ERR612075	ERR612072	ERR612076	ERR615447	ERR615448	ERR615449	ERR615451	ERR615446	ERR615450	ERR631325	ERR631323	ERR631328	ERR631327	ERR631326	ERR631324	ERR613562	ERR613557	ERR613559	ERR613560	ERR613561	ERR613558	ERR618351	ERR618352	ERR618355	ERR618356	ERR618354	ERR618353	ERR629966	ERR629964	ERR629965	ERR629969	ERR629968	ERR629967	ERR616181	ERR616184	ERR616182	ERR616179	ERR616180	ERR616183	ERR617330	ERR617329	ERR617326	ERR617327	ERR617325	ERR617328
ERR613986	3.82116e+08	3.18989e+08	3.14361e+08	3.47259e+08	3.11811e+08	3.13601e+08	1.48096e+08	1.481e+08	1.47798e+08	1.25556e+08	1.26114e+08	1.48443e+08	2.15331e+08	2.23725e+08	2.50477e+08	2.26512e+08	2.27104e+08	2.30965e+08	2.01963e+08	2.14881e+08	2.04021e+08	2.16474e+08	2.18751e+08	1.85582e+08	2.47248e+08	2.46056e+08	2.1787e+08	2.69097e+08	2.70099e+08	2.71668e+08	2.32747e+08	1.93569e+08	1.95051e+08	2.02512e+08	1.58675e+08	2.22278e+08	2.28909e+08	2.70341e+08	2.73705e+08	2.26872e+08	2.44627e+08	2.32359e+08	1.81639e+08	2.59185e+08	1.79985e+08	1.84786e+08	2.59389e+08	2.46593e+08	1.52797e+08	1.83029e+08	1.71273e+08	1.82435e+08	1.69391e+08	1.30708e+08	1.41569e+08	1.83386e+08	1.86724e+08	1.93598e+08	1.32205e+08	1.97176e+08	3.19224e+08	2.78691e+08	2.69773e+08	2.70098e+08	2.71767e+08	2.68384e+08	1.23819e+08	1.72995e+08	1.71693e+08	1.24961e+08	1.25478e+08	1.71827e+08	1.48272e+08	1.42524e+08	1.65559e+08	1.6385e+08	1.65128e+08	1.43175e+08	1.59031e+08	1.62357e+08	1.37504e+08	1.41446e+08	1.39963e+08	1.42961e+08	1.46857e+08	1.99975e+08	1.93543e+08	1.55033e+08	1.70545e+08	1.94381e+08	1.85621e+08	1.84165e+08	1.57269e+08	1.58351e+08	1.56142e+08	1.85422e+08
ERR613985	3.18989e+08	5.48921e+08	3.89103e+08	4.30937e+08	3.85888e+08	3.88407e+08	1.87295e+08	1.87287e+08	1.8685e+08	1.58428e+08	1.59505e+08	1.87765e+08	2.65338e+08	2.74361e+08	3.08705e+08	2.78801e+08	2.78398e+08	2.83944e+08	2.47082e+08	2.62699e+08	2.49267e+08	2.64761e+08	2.67523e+08	2.26353e+08	3.05746e+08	3.03516e+08	2.68608e+08	3.32074e+08	3.33825e+08	3.35462e+08	2.86919e+08	2.38848e+08	2.40539e+08	2.48731e+08	1.94284e+08	2.73307e+08	2.80469e+08	3.33033e+08	3.38004e+08	2.78267e+08	3.00737e+08	2.84902e+08	2.22933e+08	3.20072e+08	2.21055e+08	2.26922e+08	3.19785e+08	3.03889e+08	1.93207e+08	2.31603e+08	2.16747e+08	2.30637e+08	2.14005e+08	1.65273e+08	1.78199e+08	2.31126e+08	2.34575e+08	2.42955e+08	1.66159e+08	2.47456e+08	3.97758e+08	3.46771e+08	3.35268e+08	3.3564e+08	3.37692e+08	3.33852e+08	1.56497e+08	2.18027e+08	2.16397e+08	1.58054e+08	1.58685e+08	2.16704e+08	1.88663e+08	1.81326e+08	2.10615e+08	2.08234e+08	2.10205e+08	1.82013e+08	2.01266e+08	2.05485e+08	1.7369e+08	1.7812e+08	1.7645e+08	1.80069e+08	1.88405e+08	2.55325e+08	2.47041e+08	1.98234e+08	2.18188e+08	2.48202e+08	2.36605e+08	2.34628e+08	2.00163e+08	2.01532e+08	1.98059e+08	2.36285e+08
ERR613989	3.14361e+08	3.89103e+08	5.3795e+08	4.24969e+08	3.83134e+08	3.85284e+08	1.84725e+08	1.84884e+08	1.8449e+08	1.56329e+08	1.5742e+08	1.85374e+08	2.62143e+08	2.70776e+08	3.05039e+08	2.75575e+08	2.74748e+08	2.80548e+08	2.44297e+08	2.59412e+08	2.46213e+08	2.61539e+08	2.64318e+08	2.23714e+08	3.02682e+08	3.00194e+08	2.65823e+08	3.28378e+08	3.30008e+08	3.31735e+08	2.83854e+08	2.36381e+08	2.38174e+08	2.45986e+08	1.91982e+08	2.70202e+08	2.77118e+08	3.29006e+08	3.34126e+08	2.74752e+08	2.97159e+08	2.81347e+08	2.207e+08	3.16426e+08	2.18603e+08	2.24555e+08	3.16104e+08	3.00377e+08	1.90688e+08	2.28596e+08	2.13947e+08	2.27626e+08	2.11132e+08	1.6311e+08	1.7646e+08	2.29037e+08	2.32062e+08	2.40408e+08	1.64609e+08	2.4504e+08	3.93124e+08	3.42605e+08	3.31368e+08	3.3161e+08	3.33799e+08	3.30347e+08	1.5462e+08	2.15017e+08	2.13396e+08	1.56036e+08	1.56621e+08	2.13706e+08	1.8758e+08	1.80208e+08	2.09142e+08	2.06827e+08	2.08742e+08	1.8079e+08	1.98653e+08	2.02872e+08	1.715e+08	1.75481e+08	1.73926e+08	1.77459e+08	1.87179e+08	2.5316e+08	2.44947e+08	1.9669e+08	2.16608e+08	2.45895e+08	2.34076e+08	2.32141e+08	1.98068e+08	1.99299e+08	1.9556e+08	2.33762e+08
ERR613984	3.47259e+08	4.30937e+08	4.24969e+08	6.41678e+08	4.21459e+08	4.24077e+08	2.06949e+08	2.07184e+08	2.06704e+08	1.75163e+08	1.7639e+08	2.07665e+08	2.89451e+08	2.99116e+08	3.37408e+08	3.04404e+08	3.03596e+08	3.10032e+08	2.68949e+08	2.85766e+08	2.71163e+08	2.87995e+08	2.91181e+08	2.46208e+08	3.34206e+08	3.31368e+08	2.93137e+08	3.62744e+08	3.64578e+08	3.6664e+08	3.13195e+08	2.60447e+08	2.62561e+08	2.71222e+08	2.11509e+08	2.98277e+08	3.05475e+08	3.63351e+08	3.69323e+08	3.02981e+08	3.27879e+08	3.10421e+08	2.42885e+08	3.49567e+08	2.40586e+08	2.47204e+08	3.49116e+08	3.31586e+08	2.13754e+08	2.56172e+08	2.39724e+08	2.55119e+08	2.36628e+08	1.82764e+08	1.96295e+08	2.54818e+08	2.58181e+08	2.67605e+08	1.83103e+08	2.72606e+08	4.36039e+08	3.79466e+08	3.67077e+08	3.67361e+08	3.69819e+08	3.65869e+08	1.73061e+08	2.40935e+08	2.39261e+08	1.74691e+08	1.75363e+08	2.39446e+08	2.09164e+08	2.00897e+08	2.3319e+08	2.30613e+08	2.32769e+08	2.01539e+08	2.22713e+08	2.27271e+08	1.92114e+08	1.96831e+08	1.94907e+08	1.99027e+08	2.09328e+08	2.83311e+08	2.74116e+08	2.20019e+08	2.4224e+08	2.75374e+08	2.62152e+08	2.5995e+08	2.21665e+08	2.23062e+08	2.19199e+08	2.61606e+08
ERR613987	3.11811e+08	3.85888e+08	3.83134e+08	4.21459e+08	5.30317e+08	3.82223e+08	1.82773e+08	1.8298e+08	1.82549e+08	1.54528e+08	1.55706e+08	1.83357e+08	2.59901e+08	2.68332e+08	3.02372e+08	2.73117e+08	2.72304e+08	2.78048e+08	2.42389e+08	2.57462e+08	2.4432e+08	2.5949e+08	2.62283e+08	2.21948e+08	3.0028e+08	2.97832e+08	2.63738e+08	3.25945e+08	3.27313e+08	3.29239e+08	2.81431e+08	2.34375e+08	2.36305e+08	2.44049e+08	1.90444e+08	2.68166e+08	2.74844e+08	3.26281e+08	3.31552e+08	2.72615e+08	2.94812e+08	2.79199e+08	2.1919e+08	3.13998e+08	2.17129e+08	2.22861e+08	3.13705e+08	2.97937e+08	1.88681e+08	2.26384e+08	2.11574e+08	2.254e+08	2.08901e+08	1.6134e+08	1.7465e+08	2.26796e+08	2.29709e+08	2.38014e+08	1.62985e+08	2.42573e+08	3.90104e+08	3.39859e+08	3.28677e+08	3.2894e+08	3.31066e+08	3.27614e+08	1.52912e+08	2.12699e+08	2.11193e+08	1.54295e+08	1.54952e+08	2.11408e+08	1.86057e+08	1.78819e+08	2.07362e+08	2.05185e+08	2.07126e+08	1.79457e+08	1.96588e+08	2.00728e+08	1.69538e+08	1.73609e+08	1.72032e+08	1.75613e+08	1.85486e+08	2.50648e+08	2.42523e+08	1.94654e+08	2.1446e+08	2.43678e+08	2.31755e+08	2.2983e+08	1.95908e+08	1.97302e+08	1.93516e+08	2.31433e+08
ERR613988	3.13601e+08	3.88407e+08	3.85284e+08	4.24077e+08	3.82223e+08	5.36364e+08	1.84273e+08	1.84525e+08	1.84117e+08	1.55863e+08	1.56986e+08	1.84922e+08	2.61596e+08	2.7014e+08	3.04319e+08	2.74824e+08	2.74026e+08	2.79968e+08	2.43962e+08	2.58956e+08	2.45964e+08	2.61134e+08	2.63951e+08	2.23444e+08	3.02257e+08	2.99696e+08	2.65519e+08	3.28043e+08	3.29685e+08	3.31447e+08	2.83233e+08	2.35899e+08	2.37593e+08	2.45515e+08	1.91552e+08	2.69766e+08	2.76672e+08	3.28428e+08	3.33854e+08	2.74456e+08	2.96703e+08	2.811e+08	2.2051e+08	3.162e+08	2.18442e+08	2.24271e+08	3.15814e+08	2.99932e+08	1.90205e+08	2.28101e+08	2.13356e+08	2.27085e+08	2.10625e+08	1.62771e+08	1.76008e+08	2.28509e+08	2.31431e+08	2.39858e+08	1.6421e+08	2.44359e+08	3.92522e+08	3.42193e+08	3.30993e+08	3.31076e+08	3.33263e+08	3.2992e+08	1.54117e+08	2.14295e+08	2.12796e+08	1.5561e+08	1.56243e+08	2.13096e+08	1.87491e+08	1.80184e+08	2.09e+08	2.06632e+08	2.08399e+08	1.80811e+08	1.9816e+08	2.0238e+08	1.70901e+08	1.75126e+08	1.73455e+08	1.77106e+08	1.86873e+08	2.52793e+08	2.44584e+08	1.9625e+08	2.16176e+08	2.45453e+08	2.33704e+08	2.31848e+08	1.97566e+08	1.98869e+08	1.95127e+08	2.33232e+08
ERR638303	1.48096e+08	1.87295e+08	1.84725e+08	2.06949e+08	1.82773e+08	1.84273e+08	3.70406e+08	2.52251e+08	2.51711e+08	2.14573e+08	2.16723e+08	2.53235e+08	1.41265e+08	1.46548e+08	1.66853e+08	1.4946e+08	1.49157e+08	1.52412e+08	1.18308e+08	1.26294e+08	1.19288e+08	1.27469e+08	1.29307e+08	1.07844e+08	1.55822e+08	1.54481e+08	1.35475e+08	1.69954e+08	1.70939e+08	1.71969e+08	1.51237e+08	1.24471e+08	1.25265e+08	1.29894e+08	1.00044e+08	1.43973e+08	1.38713e+08	1.6836e+08	1.7111e+08	1.37454e+08	1.49722e+08	1.41186e+08	1.073e+08	1.59874e+08	1.06294e+08	1.09493e+08	1.60079e+08	1.5098e+08	2.2701e+08	2.69885e+08	2.53213e+08	2.6912e+08	2.50562e+08	1.95283e+08	1.95767e+08	2.50391e+08	2.5327e+08	2.61842e+08	1.82931e+08	2.66066e+08	2.09657e+08	1.8072e+08	1.74241e+08	1.7447e+08	1.75328e+08	1.74041e+08	1.83592e+08	2.52437e+08	2.5094e+08	1.85254e+08	1.86215e+08	2.51193e+08	2.04644e+08	1.96617e+08	2.27275e+08	2.24523e+08	2.26296e+08	1.97055e+08	2.32834e+08	2.37638e+08	2.02174e+08	2.07023e+08	2.0491e+08	2.08575e+08	2.20342e+08	2.94138e+08	2.85083e+08	2.31761e+08	2.54122e+08	2.86559e+08	2.75076e+08	2.72629e+08	2.34064e+08	2.35529e+08	2.32255e+08	2.74307e+08
ERR638306	1.481e+08	1.87287e+08	1.84884e+08	2.07184e+08	1.8298e+08	1.84525e+08	2.52251e+08	3.70064e+08	2.53015e+08	2.14457e+08	2.16544e+08	2.54636e+08	1.41171e+08	1.46324e+08	1.66649e+08	1.49357e+08	1.48893e+08	1.52302e+08	1.18162e+08	1.26164e+08	1.19181e+08	1.2727e+08	1.29076e+08	1.07785e+08	1.55957e+08	1.54508e+08	1.3551e+08	1.69881e+08	1.70968e+08	1.72028e+08	1.5113e+08	1.24508e+08	1.25426e+08	1.29691e+08	1.00001e+08	1.43847e+08	1.38521e+08	1.68265e+08	1.71038e+08	1.3742e+08	1.49701e+08	1.4109e+08	1.07349e+08	1.59886e+08	1.06366e+08	1.09481e+08	1.60019e+08	1.50983e+08	2.27814e+08	2.70483e+08	2.53878e+08	2.69889e+08	2.51213e+08	1.95848e+08	1.96762e+08	2.51637e+08	2.54471e+08	2.62905e+08	1.83894e+08	2.67301e+08	2.09883e+08	1.80763e+08	1.74376e+08	1.7461e+08	1.75463e+08	1.74149e+08	1.83583e+08	2.52274e+08	2.50616e+08	1.85169e+08	1.86056e+08	2.51034e+08	2.05683e+08	1.97626e+08	2.28361e+08	2.25698e+08	2.27502e+08	1.98019e+08	2.32791e+08	2.3779e+08	2.02115e+08	2.06892e+08	2.04955e+08	2.08508e+08	2.21233e+08	2.95078e+08	2.86045e+08	2.32508e+08	2.55006e+08	2.87188e+08	2.75956e+08	2.73715e+08	2.34888e+08	2.36394e+08	2.32929e+08	2.75266e+08
ERR638307	1.47798e+08	1.8685e+08	1.8449e+08	2.06704e+08	1.82549e+08	1.84117e+08	2.51711e+08	2.53015e+08	3.6888e+08	2.13817e+08	2.16006e+08	2.54068e+08	1.40884e+08	1.46173e+08	1.66269e+08	1.49056e+08	1.48685e+08	1.52102e+08	1.18065e+08	1.25992e+08	1.18992e+08	1.27128e+08	1.28944e+08	1.07564e+08	1.55588e+08	1.54272e+08	1.35251e+08	1.69644e+08	1.70536e+08	1.7175e+08	1.50968e+08	1.24367e+08	1.25182e+08	1.29535e+08	9.9858e+07	1.43708e+08	1.3826e+08	1.68008e+08	1.70704e+08	1.37064e+08	1.49306e+08	1.40746e+08	1.07036e+08	1.59446e+08	1.06063e+08	1.09208e+08	1.59757e+08	1.50557e+08	2.27072e+08	2.6973e+08	2.53025e+08	2.69096e+08	2.5047e+08	1.95231e+08	1.96065e+08	2.5073e+08	2.53605e+08	2.62144e+08	1.8321e+08	2.66457e+08	2.09411e+08	1.80383e+08	1.74029e+08	1.74134e+08	1.7511e+08	1.73765e+08	1.83165e+08	2.5191e+08	2.50224e+08	1.84749e+08	1.85768e+08	2.50564e+08	2.05066e+08	1.97102e+08	2.27695e+08	2.25031e+08	2.26825e+08	1.97439e+08	2.32367e+08	2.37381e+08	2.01895e+08	2.06617e+08	2.04587e+08	2.08225e+08	2.20657e+08	2.94488e+08	2.85274e+08	2.3195e+08	2.54313e+08	2.86654e+08	2.75072e+08	2.72847e+08	2.34246e+08	2.35785e+08	2.32209e+08	2.7462e+08
ERR638304	1.25556e+08	1.58428e+08	1.56329e+08	1.75163e+08	1.54528e+08	1.55863e+08	2.14573e+08	2.14457e+08	2.13817e+08	2.81822e+08	1.8454e+08	2.15171e+08	1.19496e+08	1.24184e+08	1.40991e+08	1.26474e+08	1.2634e+08	1.29149e+08	9.98625e+07	1.06811e+08	1.00961e+08	1.07794e+08	1.09244e+08	9.12196e+07	1.3165e+08	1.30681e+08	1.14512e+08	1.43753e+08	1.44485e+08	1.45406e+08	1.27925e+08	1.05415e+08	1.06089e+08	1.09942e+08	8.48316e+07	1.22013e+08	1.17305e+08	1.42386e+08	1.44505e+08	1.16193e+08	1.26614e+08	1.19353e+08	9.04996e+07	1.34964e+08	8.97977e+07	9.24358e+07	1.35287e+08	1.27512e+08	1.92955e+08	2.28946e+08	2.14979e+08	2.28528e+08	2.12853e+08	1.66175e+08	1.66413e+08	2.12087e+08	2.14947e+08	2.22157e+08	1.55594e+08	2.25731e+08	1.77047e+08	1.52679e+08	1.47201e+08	1.47376e+08	1.48248e+08	1.46934e+08	1.56005e+08	2.14381e+08	2.12848e+08	1.57358e+08	1.58176e+08	2.13175e+08	1.73233e+08	1.66512e+08	1.92359e+08	1.90069e+08	1.91643e+08	1.66876e+08	1.97531e+08	2.01779e+08	1.71892e+08	1.76145e+08	1.74495e+08	1.77532e+08	1.86327e+08	2.48556e+08	2.4095e+08	1.9596e+08	2.14754e+08	2.42176e+08	2.32427e+08	2.30479e+08	1.98206e+08	1.99435e+08	1.96781e+08	2.3188e+08
ERR638305	1.26114e+08	1.59505e+08	1.5742e+08	1.7639e+08	1.55706e+08	1.56986e+08	2.16723e+08	2.16544e+08	2.16006e+08	1.8454e+08	2.87394e+08	2.17491e+08	1.20185e+08	1.24672e+08	1.41872e+08	1.27203e+08	1.26894e+08	1.29776e+08	1.006e+08	1.07466e+08	1.01466e+08	1.08451e+08	1.09993e+08	9.17187e+07	1.32602e+08	1.31516e+08	1.15264e+08	1.44658e+08	1.45385e+08	1.46299e+08	1.28886e+08	1.06051e+08	1.06871e+08	1.10591e+08	8.52219e+07	1.22655e+08	1.17988e+08	1.43363e+08	1.45584e+08	1.16969e+08	1.27409e+08	1.20074e+08	9.12168e+07	1.36049e+08	9.04575e+07	9.3073e+07	1.36178e+08	1.28407e+08	1.94679e+08	2.31089e+08	2.16915e+08	2.30517e+08	2.14613e+08	1.67706e+08	1.68245e+08	2.1476e+08	2.17155e+08	2.24405e+08	1.57233e+08	2.28056e+08	1.7837e+08	1.53812e+08	1.48233e+08	1.48382e+08	1.49222e+08	1.4803e+08	1.57308e+08	2.15864e+08	2.14498e+08	1.58644e+08	1.59473e+08	2.14718e+08	1.75449e+08	1.68653e+08	1.94738e+08	1.92396e+08	1.93935e+08	1.69037e+08	1.99361e+08	2.03547e+08	1.73258e+08	1.77429e+08	1.75637e+08	1.78848e+08	1.88958e+08	2.51758e+08	2.44055e+08	1.9863e+08	2.17729e+08	2.452e+08	2.35275e+08	2.33257e+08	2.00404e+08	2.01622e+08	1.987e+08	2.34635e+08
ERR638308	1.48443e+08	1.87765e+08	1.85374e+08	2.07665e+08	1.83357e+08	1.84922e+08	2.53235e+08	2.54636e+08	2.54068e+08	2.15171e+08	2.17491e+08	3.72699e+08	1.41529e+08	1.4666e+08	1.66937e+08	1.4966e+08	1.49232e+08	1.52643e+08	1.18437e+08	1.26482e+08	1.19425e+08	1.2761e+08	1.29422e+08	1.07987e+08	1.56505e+08	1.55058e+08	1.35912e+08	1.70506e+08	1.7149e+08	1.72534e+08	1.51519e+08	1.24811e+08	1.25751e+08	1.30072e+08	1.00271e+08	1.4423e+08	1.39e+08	1.68801e+08	1.71573e+08	1.37736e+08	1.49995e+08	1.41484e+08	1.07618e+08	1.60377e+08	1.06667e+08	1.09765e+08	1.60555e+08	1.51439e+08	2.28665e+08	2.71574e+08	2.54877e+08	2.71023e+08	2.52205e+08	1.96799e+08	1.97583e+08	2.52615e+08	2.55596e+08	2.64058e+08	1.84553e+08	2.6849e+08	2.10433e+08	1.81375e+08	1.7496e+08	1.75169e+08	1.76076e+08	1.74769e+08	1.83895e+08	2.53067e+08	2.51377e+08	1.85564e+08	1.86585e+08	2.51685e+08	2.06967e+08	1.98821e+08	2.29791e+08	2.27176e+08	2.28898e+08	1.99184e+08	2.33671e+08	2.38525e+08	2.02753e+08	2.07539e+08	2.05497e+08	2.09228e+08	2.22466e+08	2.96556e+08	2.87347e+08	2.33777e+08	2.5627e+08	2.88735e+08	2.77354e+08	2.74858e+08	2.35991e+08	2.37623e+08	2.33839e+08	2.76686e+08
ERR605614	2.15331e+08	2.65338e+08	2.62143e+08	2.89451e+08	2.59901e+08	2.61596e+08	1.41265e+08	1.41171e+08	1.40884e+08	1.19496e+08	1.20185e+08	1.41529e+08	3.81853e+08	2.74647e+08	3.03758e+08	2.77742e+08	2.78464e+08	2.82197e+08	1.80569e+08	1.9163e+08	1.82118e+08	1.93213e+08	1.94998e+08	1.65504e+08	2.23709e+08	2.22072e+08	1.964e+08	2.42933e+08	2.4425e+08	2.45548e+08	2.46749e+08	2.08682e+08	2.10245e+08	2.17113e+08	1.74431e+08	2.36431e+08	2.07157e+08	2.45953e+08	2.49493e+08	2.05357e+08	2.21495e+08	2.10384e+08	1.62258e+08	2.33178e+08	1.6103e+08	1.65458e+08	2.3327e+08	2.21491e+08	1.75917e+08	2.06237e+08	1.94675e+08	2.05812e+08	1.92543e+08	1.53546e+08	1.32263e+08	1.71656e+08	1.74548e+08	1.80942e+08	1.2355e+08	1.84216e+08	2.8929e+08	2.52161e+08	2.43985e+08	2.44028e+08	2.45573e+08	2.42937e+08	1.27672e+08	1.78323e+08	1.76978e+08	1.28563e+08	1.29563e+08	1.7718e+08	1.31628e+08	1.26221e+08	1.4702e+08	1.45325e+08	1.46492e+08	1.2669e+08	1.49714e+08	1.52817e+08	1.29265e+08	1.32524e+08	1.31117e+08	1.33907e+08	1.40383e+08	1.90714e+08	1.84339e+08	1.4777e+08	1.62751e+08	1.85262e+08	1.75218e+08	1.7367e+08	1.48309e+08	1.49301e+08	1.4695e+08	1.74964e+08
ERR605616	2.23725e+08	2.74361e+08	2.70776e+08	2.99116e+08	2.68332e+08	2.7014e+08	1.46548e+08	1.46324e+08	1.46173e+08	1.24184e+08	1.24672e+08	1.4666e+08	2.74647e+08	4.04976e+08	3.14145e+08	2.87198e+08	2.89662e+08	2.92248e+08	1.86572e+08	1.98491e+08	1.8861e+08	2.00206e+08	2.02096e+08	1.7125e+08	2.30599e+08	2.29638e+08	2.02688e+08	2.51173e+08	2.52387e+08	2.53785e+08	2.54274e+08	2.14242e+08	2.15939e+08	2.24019e+08	1.79881e+08	2.44159e+08	2.14721e+08	2.54641e+08	2.57825e+08	2.12678e+08	2.29134e+08	2.18083e+08	1.67296e+08	2.40904e+08	1.66097e+08	1.70634e+08	2.41393e+08	2.29224e+08	1.81644e+08	2.12841e+08	2.0082e+08	2.12444e+08	1.98935e+08	1.58324e+08	1.36416e+08	1.76691e+08	1.80347e+08	1.87085e+08	1.27459e+08	1.9048e+08	2.98941e+08	2.60601e+08	2.51869e+08	2.52212e+08	2.53962e+08	2.50491e+08	1.32018e+08	1.85071e+08	1.83672e+08	1.32928e+08	1.33935e+08	1.83695e+08	1.34048e+08	1.28731e+08	1.50391e+08	1.48451e+08	1.49536e+08	1.29132e+08	1.55054e+08	1.5823e+08	1.34131e+08	1.37992e+08	1.36541e+08	1.39391e+08	1.43042e+08	1.95409e+08	1.88831e+08	1.51297e+08	1.66402e+08	1.89985e+08	1.7996e+08	1.78292e+08	1.52528e+08	1.53625e+08	1.51936e+08	1.79605e+08
ERR605611	2.50477e+08	3.08705e+08	3.05039e+08	3.37408e+08	3.02372e+08	3.04319e+08	1.66853e+08	1.66649e+08	1.66269e+08	1.40991e+08	1.41872e+08	1.66937e+08	3.03758e+08	3.14145e+08	4.88298e+08	3.19346e+08	3.1872e+08	3.24858e+08	2.09254e+08	2.22322e+08	2.11259e+08	2.24158e+08	2.265e+08	1.91724e+08	2.60065e+08	2.5843e+08	2.28212e+08	2.82463e+08	2.84032e+08	2.85804e+08	2.82543e+08	2.38055e+08	2.39813e+08	2.48079e+08	1.98229e+08	2.70665e+08	2.40279e+08	2.85659e+08	2.89753e+08	2.38252e+08	2.57115e+08	2.44101e+08	1.88008e+08	2.71226e+08	1.86655e+08	1.91582e+08	2.71431e+08	2.57589e+08	2.02942e+08	2.38812e+08	2.2494e+08	2.38256e+08	2.22678e+08	1.76762e+08	1.55502e+08	2.01649e+08	2.04981e+08	2.12552e+08	1.45116e+08	2.1648e+08	3.37602e+08	2.93887e+08	2.84091e+08	2.84278e+08	2.86172e+08	2.829e+08	1.49329e+08	2.08666e+08	2.07069e+08	1.50375e+08	1.51473e+08	2.07274e+08	1.54498e+08	1.48216e+08	1.72709e+08	1.70671e+08	1.72072e+08	1.48641e+08	1.76677e+08	1.80385e+08	1.52538e+08	1.56469e+08	1.54853e+08	1.58129e+08	1.64767e+08	2.24218e+08	2.16793e+08	1.7389e+08	1.91481e+08	2.17796e+08	2.06231e+08	2.04597e+08	1.74636e+08	1.75904e+08	1.73408e+08	2.05946e+08
ERR605613	2.26512e+08	2.78801e+08	2.75575e+08	3.04404e+08	2.73117e+08	2.74824e+08	1.4946e+08	1.49357e+08	1.49056e+08	1.26474e+08	1.27203e+08	1.4966e+08	2.77742e+08	2.87198e+08	3.19346e+08	4.15265e+08	2.91285e+08	2.96581e+08	1.89367e+08	2.01124e+08	1.91172e+08	2.02904e+08	2.04793e+08	1.73523e+08	2.34663e+08	2.33178e+08	2.06103e+08	2.55032e+08	2.56374e+08	2.57814e+08	2.57973e+08	2.17632e+08	2.19224e+08	2.27002e+08	1.81999e+08	2.47285e+08	2.17625e+08	2.58355e+08	2.61887e+08	2.15621e+08	2.32486e+08	2.21023e+08	1.70091e+08	2.44817e+08	1.68839e+08	1.7341e+08	2.44945e+08	2.32756e+08	1.84632e+08	2.16739e+08	2.04391e+08	2.16376e+08	2.02423e+08	1.61035e+08	1.3939e+08	1.80909e+08	1.83969e+08	1.90936e+08	1.30352e+08	1.94373e+08	3.0387e+08	2.6469e+08	2.55905e+08	2.56131e+08	2.57881e+08	2.54664e+08	1.34602e+08	1.88318e+08	1.86851e+08	1.35638e+08	1.36702e+08	1.8704e+08	1.38173e+08	1.32483e+08	1.54575e+08	1.52641e+08	1.53809e+08	1.33028e+08	1.5826e+08	1.61581e+08	1.36762e+08	1.40379e+08	1.38977e+08	1.4182e+08	1.47483e+08	2.00668e+08	1.94037e+08	1.55619e+08	1.71264e+08	1.95049e+08	1.84572e+08	1.83047e+08	1.56252e+08	1.57497e+08	1.55257e+08	1.84467e+08
ERR605615	2.27104e+08	2.78398e+08	2.74748e+08	3.03596e+08	2.72304e+08	2.74026e+08	1.49157e+08	1.48893e+08	1.48685e+08	1.2634e+08	1.26894e+08	1.49232e+08	2.78464e+08	2.89662e+08	3.1872e+08	2.91285e+08	4.15563e+08	2.96247e+08	1.8911e+08	2.01386e+08	1.91282e+08	2.03163e+08	2.04912e+08	1.73652e+08	2.33707e+08	2.32749e+08	2.05348e+08	2.54774e+08	2.5597e+08	2.57456e+08	2.5767e+08	2.16852e+08	2.18443e+08	2.26885e+08	1.8215e+08	2.47298e+08	2.17709e+08	2.58172e+08	2.61126e+08	2.15579e+08	2.32256e+08	2.20972e+08	1.6945e+08	2.4409e+08	1.68213e+08	1.72822e+08	2.44789e+08	2.32277e+08	1.84455e+08	2.16214e+08	2.04048e+08	2.15997e+08	2.02091e+08	1.60846e+08	1.3856e+08	1.79494e+08	1.83312e+08	1.90079e+08	1.29497e+08	1.93632e+08	3.03237e+08	2.63969e+08	2.55392e+08	2.55674e+08	2.57419e+08	2.53729e+08	1.34213e+08	1.88232e+08	1.86751e+08	1.35171e+08	1.36151e+08	1.87013e+08	1.36298e+08	1.30711e+08	1.52659e+08	1.50886e+08	1.51921e+08	1.31124e+08	1.57805e+08	1.61006e+08	1.36515e+08	1.40524e+08	1.39188e+08	1.41989e+08	1.45251e+08	1.98613e+08	1.92055e+08	1.53813e+08	1.69163e+08	1.93077e+08	1.82849e+08	1.81276e+08	1.54986e+08	1.56015e+08	1.5454e+08	1.82647e+08
ERR605612	2.30965e+08	2.83944e+08	2.80548e+08	3.10032e+08	2.78048e+08	2.79968e+08	1.52412e+08	1.52302e+08	1.52102e+08	1.29149e+08	1.29776e+08	1.52643e+08	2.82197e+08	2.92248e+08	3.24858e+08	2.96581e+08	2.96247e+08	4.27407e+08	1.92837e+08	2.04939e+08	1.94825e+08	2.06605e+08	2.08538e+08	1.76878e+08	2.39075e+08	2.37735e+08	2.09981e+08	2.59969e+08	2.61214e+08	2.62834e+08	2.622e+08	2.21089e+08	2.22647e+08	2.30584e+08	1.84776e+08	2.51454e+08	2.21653e+08	2.63214e+08	2.66756e+08	2.19697e+08	2.36758e+08	2.2512e+08	1.73288e+08	2.494e+08	1.71879e+08	1.76668e+08	2.4974e+08	2.36998e+08	1.87824e+08	2.20594e+08	2.0805e+08	2.20148e+08	2.05916e+08	1.63843e+08	1.42286e+08	1.84572e+08	1.87777e+08	1.94895e+08	1.32992e+08	1.98429e+08	3.09722e+08	2.69718e+08	2.60828e+08	2.60993e+08	2.62783e+08	2.5958e+08	1.37143e+08	1.92014e+08	1.90438e+08	1.38183e+08	1.39277e+08	1.90644e+08	1.40926e+08	1.35072e+08	1.5763e+08	1.55662e+08	1.56846e+08	1.35575e+08	1.6147e+08	1.64924e+08	1.39523e+08	1.43142e+08	1.41726e+08	1.44689e+08	1.50356e+08	2.04586e+08	1.97977e+08	1.58765e+08	1.74712e+08	1.98936e+08	1.88261e+08	1.86698e+08	1.59359e+08	1.60549e+08	1.58431e+08	1.87986e+08
ERR614003	2.01963e+08	2.47082e+08	2.44297e+08	2.68949e+08	2.42389e+08	2.43962e+08	1.18308e+08	1.18162e+08	1.18065e+08	9.98625e+07	1.006e+08	1.18437e+08	1.80569e+08	1.86572e+08	2.09254e+08	1.89367e+08	1.8911e+08	1.92837e+08	3.1179e+08	2.18801e+08	2.08666e+08	2.20616e+08	2.22786e+08	1.90849e+08	2.24991e+08	2.23434e+08	1.98417e+08	2.43798e+08	2.44927e+08	2.46098e+08	1.98102e+08	1.65289e+08	1.66681e+08	1.7251e+08	1.35292e+08	1.8896e+08	2.10683e+08	2.4848e+08	2.52323e+08	2.08965e+08	2.25416e+08	2.13974e+08	1.74794e+08	2.47696e+08	1.73091e+08	1.77628e+08	2.47243e+08	2.35485e+08	1.23095e+08	1.4761e+08	1.3811e+08	1.47074e+08	1.36402e+08	1.05284e+08	1.13709e+08	1.48081e+08	1.50475e+08	1.56047e+08	1.06092e+08	1.59057e+08	3.05906e+08	2.68286e+08	2.59707e+08	2.60021e+08	2.61592e+08	2.58831e+08	9.79065e+07	1.37343e+08	1.36304e+08	9.88319e+07	9.92584e+07	1.36528e+08	1.20295e+08	1.15602e+08	1.34343e+08	1.32872e+08	1.34028e+08	1.16089e+08	1.28183e+08	1.30926e+08	1.10414e+08	1.13316e+08	1.12152e+08	1.14682e+08	1.17852e+08	1.60435e+08	1.55189e+08	1.24059e+08	1.36739e+08	1.55881e+08	1.48992e+08	1.47659e+08	1.25821e+08	1.26689e+08	1.2478e+08	1.48754e+08
ERR614005	2.14881e+08	2.62699e+08	2.59412e+08	2.85766e+08	2.57462e+08	2.58956e+08	1.26294e+08	1.26164e+08	1.25992e+08	1.06811e+08	1.07466e+08	1.26482e+08	1.9163e+08	1.98491e+08	2.22322e+08	2.01124e+08	2.01386e+08	2.04939e+08	2.18801e+08	3.44715e+08	2.20874e+08	2.35187e+08	2.37509e+08	2.01724e+08	2.38648e+08	2.37347e+08	2.10263e+08	2.59244e+08	2.60397e+08	2.61677e+08	2.101e+08	1.74864e+08	1.76443e+08	1.83071e+08	1.43544e+08	2.00474e+08	2.23919e+08	2.64263e+08	2.67995e+08	2.22101e+08	2.39454e+08	2.2749e+08	1.85118e+08	2.62989e+08	1.83354e+08	1.88057e+08	2.62611e+08	2.50172e+08	1.31168e+08	1.57273e+08	1.47262e+08	1.56936e+08	1.45532e+08	1.12247e+08	1.20798e+08	1.57154e+08	1.60118e+08	1.6589e+08	1.12736e+08	1.68994e+08	3.2526e+08	2.85104e+08	2.76023e+08	2.76466e+08	2.78171e+08	2.74718e+08	1.04486e+08	1.46755e+08	1.45642e+08	1.055e+08	1.0589e+08	1.45877e+08	1.27247e+08	1.22365e+08	1.42249e+08	1.40759e+08	1.41989e+08	1.22781e+08	1.36826e+08	1.39702e+08	1.17996e+08	1.21367e+08	1.20115e+08	1.22753e+08	1.24647e+08	1.70156e+08	1.6456e+08	1.31517e+08	1.44819e+08	1.65361e+08	1.58345e+08	1.57175e+08	1.33891e+08	1.34829e+08	1.3296e+08	1.58131e+08
ERR614004	2.04021e+08	2.49267e+08	2.46213e+08	2.71163e+08	2.4432e+08	2.45964e+08	1.19288e+08	1.19181e+08	1.18992e+08	1.00961e+08	1.01466e+08	1.19425e+08	1.82118e+08	1.8861e+08	2.11259e+08	1.91172e+08	1.91282e+08	1.94825e+08	2.08666e+08	2.20874e+08	3.16332e+08	2.22701e+08	2.24845e+08	1.92426e+08	2.26562e+08	2.25397e+08	1.99872e+08	2.46013e+08	2.46967e+08	2.48297e+08	1.99692e+08	1.66356e+08	1.67852e+08	1.74039e+08	1.36466e+08	1.90601e+08	2.12595e+08	2.50735e+08	2.54185e+08	2.10909e+08	2.27254e+08	2.15857e+08	1.76062e+08	2.49652e+08	1.74443e+08	1.79071e+08	2.49433e+08	2.37602e+08	1.23853e+08	1.48662e+08	1.39101e+08	1.48123e+08	1.37355e+08	1.06058e+08	1.14576e+08	1.49045e+08	1.51788e+08	1.57296e+08	1.06974e+08	1.60427e+08	3.0821e+08	2.70134e+08	2.61709e+08	2.62046e+08	2.63719e+08	2.60547e+08	9.87685e+07	1.38604e+08	1.37749e+08	9.96485e+07	1.00108e+08	1.37765e+08	1.205e+08	1.15779e+08	1.34673e+08	1.33246e+08	1.3439e+08	1.16271e+08	1.2929e+08	1.32169e+08	1.11499e+08	1.14747e+08	1.13561e+08	1.159e+08	1.17848e+08	1.6104e+08	1.5568e+08	1.24428e+08	1.37059e+08	1.56324e+08	1.49556e+08	1.48557e+08	1.26477e+08	1.27312e+08	1.25633e+08	1.49379e+08
ERR614006	2.16474e+08	2.64761e+08	2.61539e+08	2.87995e+08	2.5949e+08	2.61134e+08	1.27469e+08	1.2727e+08	1.27128e+08	1.07794e+08	1.08451e+08	1.2761e+08	1.93213e+08	2.00206e+08	2.24158e+08	2.02904e+08	2.03163e+08	2.06605e+08	2.20616e+08	2.35187e+08	2.22701e+08	3.4963e+08	2.39449e+08	2.03377e+08	2.40744e+08	2.39444e+08	2.12276e+08	2.61508e+08	2.62744e+08	2.64005e+08	2.12285e+08	1.76476e+08	1.78007e+08	1.84799e+08	1.44925e+08	2.02278e+08	2.25908e+08	2.66664e+08	2.70347e+08	2.24063e+08	2.41522e+08	2.29425e+08	1.86677e+08	2.65158e+08	1.84999e+08	1.89751e+08	2.64926e+08	2.52387e+08	1.32477e+08	1.58865e+08	1.48551e+08	1.58309e+08	1.46752e+08	1.13344e+08	1.21903e+08	1.58545e+08	1.61484e+08	1.67411e+08	1.13836e+08	1.70555e+08	3.27904e+08	2.87227e+08	2.78244e+08	2.78563e+08	2.80314e+08	2.76932e+08	1.05611e+08	1.483e+08	1.47218e+08	1.06633e+08	1.06923e+08	1.47335e+08	1.28288e+08	1.23264e+08	1.43481e+08	1.41898e+08	1.43016e+08	1.23726e+08	1.38098e+08	1.41027e+08	1.19138e+08	1.22512e+08	1.21278e+08	1.23864e+08	1.25667e+08	1.71769e+08	1.66054e+08	1.32671e+08	1.46092e+08	1.66932e+08	1.59764e+08	1.58524e+08	1.35168e+08	1.36052e+08	1.34252e+08	1.59524e+08
ERR614007	2.18751e+08	2.67523e+08	2.64318e+08	2.91181e+08	2.62283e+08	2.63951e+08	1.29307e+08	1.29076e+08	1.28944e+08	1.09244e+08	1.09993e+08	1.29422e+08	1.94998e+08	2.02096e+08	2.265e+08	2.04793e+08	2.04912e+08	2.08538e+08	2.22786e+08	2.37509e+08	2.24845e+08	2.39449e+08	3.56002e+08	2.05338e+08	2.4325e+08	2.41998e+08	2.14434e+08	2.64212e+08	2.65469e+08	2.66823e+08	2.14175e+08	1.78185e+08	1.79832e+08	1.86323e+08	1.46235e+08	2.04449e+08	2.28196e+08	2.6936e+08	2.73172e+08	2.26287e+08	2.43954e+08	2.31749e+08	1.88412e+08	2.67921e+08	1.86807e+08	1.9159e+08	2.67685e+08	2.54919e+08	1.34202e+08	1.60809e+08	1.50665e+08	1.60476e+08	1.48724e+08	1.14783e+08	1.2356e+08	1.60757e+08	1.63636e+08	1.69599e+08	1.15269e+08	1.7279e+08	3.31791e+08	2.90784e+08	2.81515e+08	2.81864e+08	2.83614e+08	2.80217e+08	1.07014e+08	1.50229e+08	1.49126e+08	1.07964e+08	1.08382e+08	1.49319e+08	1.30203e+08	1.25105e+08	1.45596e+08	1.44028e+08	1.45355e+08	1.25653e+08	1.40059e+08	1.43051e+08	1.20866e+08	1.24216e+08	1.22995e+08	1.25658e+08	1.27705e+08	1.74346e+08	1.6864e+08	1.34718e+08	1.48365e+08	1.69469e+08	1.62166e+08	1.60941e+08	1.37079e+08	1.38047e+08	1.36016e+08	1.61991e+08
ERR614002	1.85582e+08	2.26353e+08	2.23714e+08	2.46208e+08	2.21948e+08	2.23444e+08	1.07844e+08	1.07785e+08	1.07564e+08	9.12196e+07	9.17187e+07	1.07987e+08	1.65504e+08	1.7125e+08	1.91724e+08	1.73523e+08	1.73652e+08	1.76878e+08	1.90849e+08	2.01724e+08	1.92426e+08	2.03377e+08	2.05338e+08	2.71742e+08	2.06113e+08	2.05043e+08	1.82068e+08	2.23628e+08	2.2453e+08	2.25648e+08	1.81964e+08	1.51808e+08	1.53197e+08	1.58718e+08	1.24761e+08	1.73721e+08	1.93428e+08	2.27926e+08	2.313e+08	1.91947e+08	2.06795e+08	1.96488e+08	1.60871e+08	2.27313e+08	1.59331e+08	1.63452e+08	2.26925e+08	2.163e+08	1.12261e+08	1.34519e+08	1.25881e+08	1.34012e+08	1.24363e+08	9.59475e+07	1.0371e+08	1.34945e+08	1.374e+08	1.42411e+08	9.67551e+07	1.45175e+08	2.80759e+08	2.46348e+08	2.38722e+08	2.38992e+08	2.40606e+08	2.37659e+08	8.94136e+07	1.2545e+08	1.24514e+08	9.01911e+07	9.04812e+07	1.24652e+08	1.0955e+08	1.05235e+08	1.22356e+08	1.21105e+08	1.22117e+08	1.05732e+08	1.16907e+08	1.19431e+08	1.00702e+08	1.03504e+08	1.02514e+08	1.04733e+08	1.06752e+08	1.45726e+08	1.40899e+08	1.12539e+08	1.23956e+08	1.41538e+08	1.35337e+08	1.34397e+08	1.14373e+08	1.15254e+08	1.13452e+08	1.35214e+08
ERR636926	2.47248e+08	3.05746e+08	3.02682e+08	3.34206e+08	3.0028e+08	3.02257e+08	1.55822e+08	1.55957e+08	1.55588e+08	1.3165e+08	1.32602e+08	1.56505e+08	2.23709e+08	2.30599e+08	2.60065e+08	2.34663e+08	2.33707e+08	2.39075e+08	2.24991e+08	2.38648e+08	2.26562e+08	2.40744e+08	2.4325e+08	2.06113e+08	4.35877e+08	2.97568e+08	2.6383e+08	3.24116e+08	3.25883e+08	3.27578e+08	2.45232e+08	2.04446e+08	2.05987e+08	2.12676e+08	1.66161e+08	2.33317e+08	2.57491e+08	3.05515e+08	3.10683e+08	2.55338e+08	2.76231e+08	2.61684e+08	2.09805e+08	2.99206e+08	2.08107e+08	2.13556e+08	2.98688e+08	2.83917e+08	1.60678e+08	1.92957e+08	1.80404e+08	1.91977e+08	1.77997e+08	1.37237e+08	1.48392e+08	1.92983e+08	1.9543e+08	2.02465e+08	1.38102e+08	2.06343e+08	3.63545e+08	3.17182e+08	3.06796e+08	3.07031e+08	3.08904e+08	3.06258e+08	1.29717e+08	1.80826e+08	1.79574e+08	1.30842e+08	1.31391e+08	1.79835e+08	1.59803e+08	1.5356e+08	1.7824e+08	1.76427e+08	1.77858e+08	1.54096e+08	1.68312e+08	1.71884e+08	1.44878e+08	1.48343e+08	1.46814e+08	1.50149e+08	1.58629e+08	2.14929e+08	2.07927e+08	1.66516e+08	1.8371e+08	2.08671e+08	1.97666e+08	1.9604e+08	1.66864e+08	1.68001e+08	1.6476e+08	1.97255e+08
ERR636927	2.46056e+08	3.03516e+08	3.00194e+08	3.31368e+08	2.97832e+08	2.99696e+08	1.54481e+08	1.54508e+08	1.54272e+08	1.30681e+08	1.31516e+08	1.55058e+08	2.22072e+08	2.29638e+08	2.5843e+08	2.33178e+08	2.32749e+08	2.37735e+08	2.23434e+08	2.37347e+08	2.25397e+08	2.39444e+08	2.41998e+08	2.05043e+08	2.97568e+08	4.292e+08	2.61726e+08	3.2185e+08	3.23442e+08	3.25192e+08	2.43406e+08	2.02751e+08	2.04447e+08	2.11533e+08	1.65287e+08	2.31983e+08	2.56188e+08	3.03666e+08	3.08174e+08	2.53916e+08	2.74391e+08	2.60133e+08	2.08182e+08	2.96888e+08	2.0661e+08	2.11956e+08	2.96568e+08	2.82016e+08	1.59376e+08	1.91185e+08	1.78799e+08	1.90482e+08	1.76631e+08	1.3609e+08	1.4679e+08	1.90776e+08	1.93659e+08	2.00642e+08	1.36824e+08	2.04406e+08	3.60542e+08	3.14619e+08	3.04264e+08	3.0442e+08	3.0638e+08	3.03261e+08	1.28581e+08	1.79669e+08	1.78291e+08	1.29675e+08	1.30291e+08	1.78438e+08	1.57044e+08	1.50954e+08	1.75358e+08	1.7352e+08	1.75001e+08	1.51488e+08	1.66688e+08	1.7016e+08	1.43677e+08	1.47336e+08	1.4594e+08	1.49086e+08	1.55681e+08	2.11626e+08	2.04734e+08	1.63836e+08	1.80582e+08	2.05548e+08	1.9499e+08	1.9333e+08	1.64747e+08	1.65831e+08	1.62998e+08	1.94582e+08
ERR636925	2.1787e+08	2.68608e+08	2.65823e+08	2.93137e+08	2.63738e+08	2.65519e+08	1.35475e+08	1.3551e+08	1.35251e+08	1.14512e+08	1.15264e+08	1.35912e+08	1.964e+08	2.02688e+08	2.28212e+08	2.06103e+08	2.05348e+08	2.09981e+08	1.98417e+08	2.10263e+08	1.99872e+08	2.12276e+08	2.14434e+08	1.82068e+08	2.6383e+08	2.61726e+08	3.49256e+08	2.84739e+08	2.86426e+08	2.87918e+08	2.1594e+08	1.80198e+08	1.81657e+08	1.87622e+08	1.46951e+08	2.05686e+08	2.2686e+08	2.68561e+08	2.72983e+08	2.24993e+08	2.43205e+08	2.30385e+08	1.85216e+08	2.63018e+08	1.8375e+08	1.8849e+08	2.62542e+08	2.49892e+08	1.39744e+08	1.67553e+08	1.56816e+08	1.66817e+08	1.54842e+08	1.1938e+08	1.28974e+08	1.67806e+08	1.69996e+08	1.76206e+08	1.20201e+08	1.79399e+08	3.18875e+08	2.78502e+08	2.69453e+08	2.69721e+08	2.71369e+08	2.68864e+08	1.12765e+08	1.57316e+08	1.56222e+08	1.13719e+08	1.14261e+08	1.5634e+08	1.3913e+08	1.33736e+08	1.55055e+08	1.53526e+08	1.54749e+08	1.34196e+08	1.46139e+08	1.49261e+08	1.25957e+08	1.29036e+08	1.27802e+08	1.3052e+08	1.37077e+08	1.85989e+08	1.79961e+08	1.44097e+08	1.58942e+08	1.80602e+08	1.71325e+08	1.69922e+08	1.44747e+08	1.45701e+08	1.43114e+08	1.71035e+08
ERR636930	2.69097e+08	3.32074e+08	3.28378e+08	3.62744e+08	3.25945e+08	3.28043e+08	1.69954e+08	1.69881e+08	1.69644e+08	1.43753e+08	1.44658e+08	1.70506e+08	2.42933e+08	2.51173e+08	2.82463e+08	2.55032e+08	2.54774e+08	2.59969e+08	2.43798e+08	2.59244e+08	2.46013e+08	2.61508e+08	2.64212e+08	2.23628e+08	3.24116e+08	3.2185e+08	2.84739e+08	5.00459e+08	3.54522e+08	3.56592e+08	2.65676e+08	2.20998e+08	2.22799e+08	2.3061e+08	1.80104e+08	2.53151e+08	2.79696e+08	3.32017e+08	3.37035e+08	2.77316e+08	2.99756e+08	2.84177e+08	2.26852e+08	3.2447e+08	2.25149e+08	2.31e+08	3.2416e+08	3.08288e+08	1.75227e+08	2.10129e+08	1.96515e+08	2.09504e+08	1.94088e+08	1.4976e+08	1.61077e+08	2.09302e+08	2.12598e+08	2.20203e+08	1.50257e+08	2.24325e+08	3.94352e+08	3.43743e+08	3.32708e+08	3.32802e+08	3.34973e+08	3.31422e+08	1.41344e+08	1.97639e+08	1.9611e+08	1.42679e+08	1.43246e+08	1.96339e+08	1.7177e+08	1.65109e+08	1.91865e+08	1.89947e+08	1.91527e+08	1.65731e+08	1.83451e+08	1.87268e+08	1.58152e+08	1.62234e+08	1.60663e+08	1.64154e+08	1.70792e+08	2.3221e+08	2.24553e+08	1.79783e+08	1.98085e+08	2.25551e+08	2.1416e+08	2.12385e+08	1.81103e+08	1.82262e+08	1.79216e+08	2.13885e+08
ERR636928	2.70099e+08	3.33825e+08	3.30008e+08	3.64578e+08	3.27313e+08	3.29685e+08	1.70939e+08	1.70968e+08	1.70536e+08	1.44485e+08	1.45385e+08	1.7149e+08	2.4425e+08	2.52387e+08	2.84032e+08	2.56374e+08	2.5597e+08	2.61214e+08	2.44927e+08	2.60397e+08	2.46967e+08	2.62744e+08	2.65469e+08	2.2453e+08	3.25883e+08	3.23442e+08	2.86426e+08	3.54522e+08	5.0515e+08	3.58382e+08	2.67225e+08	2.22209e+08	2.24114e+08	2.31885e+08	1.81181e+08	2.54484e+08	2.81075e+08	3.33668e+08	3.39017e+08	2.78648e+08	3.01341e+08	2.85694e+08	2.28131e+08	3.26246e+08	2.26494e+08	2.32326e+08	3.25935e+08	3.09955e+08	1.76291e+08	2.11478e+08	1.97865e+08	2.10652e+08	1.9534e+08	1.50564e+08	1.62035e+08	2.10698e+08	2.13693e+08	2.2151e+08	1.51013e+08	2.25639e+08	3.96801e+08	3.45987e+08	3.34627e+08	3.34768e+08	3.36897e+08	3.33424e+08	1.42107e+08	1.98641e+08	1.97189e+08	1.43419e+08	1.43989e+08	1.97443e+08	1.72993e+08	1.66206e+08	1.93162e+08	1.91278e+08	1.92714e+08	1.66748e+08	1.84448e+08	1.88256e+08	1.58902e+08	1.6312e+08	1.6159e+08	1.65089e+08	1.71901e+08	2.33824e+08	2.26085e+08	1.80886e+08	1.99386e+08	2.27005e+08	2.15681e+08	2.13817e+08	1.82199e+08	1.83394e+08	1.80352e+08	2.15194e+08
ERR636929	2.71668e+08	3.35462e+08	3.31735e+08	3.6664e+08	3.29239e+08	3.31447e+08	1.71969e+08	1.72028e+08	1.7175e+08	1.45406e+08	1.46299e+08	1.72534e+08	2.45548e+08	2.53785e+08	2.85804e+08	2.57814e+08	2.57456e+08	2.62834e+08	2.46098e+08	2.61677e+08	2.48297e+08	2.64005e+08	2.66823e+08	2.25648e+08	3.27578e+08	3.25192e+08	2.87918e+08	3.56592e+08	3.58382e+08	5.09897e+08	2.68734e+08	2.23386e+08	2.25309e+08	2.33247e+08	1.82004e+08	2.55829e+08	2.82497e+08	3.35326e+08	3.40578e+08	2.80221e+08	3.02891e+08	2.87212e+08	2.29183e+08	3.27951e+08	2.27515e+08	2.33437e+08	3.27648e+08	3.11442e+08	1.77276e+08	2.12703e+08	1.98927e+08	2.11822e+08	1.96635e+08	1.51505e+08	1.62967e+08	2.11867e+08	2.1504e+08	2.22814e+08	1.52016e+08	2.26978e+08	3.98799e+08	3.47485e+08	3.36266e+08	3.36469e+08	3.38692e+08	3.35173e+08	1.43016e+08	1.9986e+08	1.9834e+08	1.4437e+08	1.44885e+08	1.98536e+08	1.74101e+08	1.67374e+08	1.94503e+08	1.92352e+08	1.94008e+08	1.67934e+08	1.85587e+08	1.89455e+08	1.59993e+08	1.64184e+08	1.62502e+08	1.66127e+08	1.73017e+08	2.35156e+08	2.2762e+08	1.82163e+08	2.00789e+08	2.28556e+08	2.17101e+08	2.15153e+08	1.83301e+08	1.846e+08	1.81496e+08	2.16646e+08
ERR613329	2.32747e+08	2.86919e+08	2.83854e+08	3.13195e+08	2.81431e+08	2.83233e+08	1.51237e+08	1.5113e+08	1.50968e+08	1.27925e+08	1.28886e+08	1.51519e+08	2.46749e+08	2.54274e+08	2.82543e+08	2.57973e+08	2.5767e+08	2.622e+08	1.98102e+08	2.101e+08	1.99692e+08	2.12285e+08	2.14175e+08	1.81964e+08	2.45232e+08	2.43406e+08	2.1594e+08	2.65676e+08	2.67225e+08	2.68734e+08	4.14254e+08	2.43669e+08	2.45334e+08	2.53584e+08	2.02956e+08	2.76243e+08	2.28544e+08	2.7115e+08	2.75202e+08	2.26241e+08	2.44529e+08	2.32005e+08	1.80011e+08	2.56648e+08	1.78565e+08	1.83392e+08	2.5633e+08	2.43763e+08	1.82366e+08	2.13808e+08	2.01626e+08	2.1324e+08	1.99651e+08	1.59069e+08	1.43514e+08	1.85573e+08	1.88266e+08	1.95085e+08	1.33998e+08	1.98784e+08	3.1844e+08	2.78e+08	2.68614e+08	2.69008e+08	2.70821e+08	2.6788e+08	1.36157e+08	1.88959e+08	1.8759e+08	1.37127e+08	1.38146e+08	1.87814e+08	1.51362e+08	1.45385e+08	1.6881e+08	1.66889e+08	1.68307e+08	1.45916e+08	1.62203e+08	1.65652e+08	1.40193e+08	1.43708e+08	1.4218e+08	1.45155e+08	1.52272e+08	2.06107e+08	1.99272e+08	1.60292e+08	1.76323e+08	2.00301e+08	1.89831e+08	1.88303e+08	1.60743e+08	1.6193e+08	1.59122e+08	1.89478e+08
ERR613332	1.93569e+08	2.38848e+08	2.36381e+08	2.60447e+08	2.34375e+08	2.35899e+08	1.24471e+08	1.24508e+08	1.24367e+08	1.05415e+08	1.06051e+08	1.24811e+08	2.08682e+08	2.14242e+08	2.38055e+08	2.17632e+08	2.16852e+08	2.21089e+08	1.65289e+08	1.74864e+08	1.66356e+08	1.76476e+08	1.78185e+08	1.51808e+08	2.04446e+08	2.02751e+08	1.80198e+08	2.20998e+08	2.22209e+08	2.23386e+08	2.43669e+08	3.09998e+08	2.1015e+08	2.14805e+08	1.74276e+08	2.33558e+08	1.90325e+08	2.2577e+08	2.29414e+08	1.884e+08	2.03666e+08	1.93089e+08	1.5038e+08	2.13294e+08	1.49376e+08	1.53126e+08	2.13007e+08	2.02503e+08	1.53782e+08	1.79794e+08	1.69763e+08	1.79317e+08	1.67959e+08	1.3468e+08	1.18763e+08	1.53648e+08	1.55433e+08	1.61188e+08	1.10935e+08	1.64163e+08	2.64687e+08	2.31309e+08	2.23599e+08	2.23929e+08	2.25304e+08	2.23222e+08	1.13462e+08	1.57274e+08	1.56185e+08	1.14316e+08	1.15165e+08	1.56216e+08	1.26208e+08	1.21369e+08	1.40546e+08	1.38976e+08	1.40229e+08	1.21829e+08	1.33797e+08	1.36649e+08	1.1554e+08	1.18185e+08	1.16988e+08	1.19328e+08	1.26872e+08	1.70966e+08	1.65517e+08	1.33213e+08	1.46593e+08	1.66207e+08	1.57102e+08	1.5572e+08	1.32794e+08	1.33731e+08	1.31336e+08	1.56826e+08
ERR613333	1.95051e+08	2.40539e+08	2.38174e+08	2.62561e+08	2.36305e+08	2.37593e+08	1.25265e+08	1.25426e+08	1.25182e+08	1.06089e+08	1.06871e+08	1.25751e+08	2.10245e+08	2.15939e+08	2.39813e+08	2.19224e+08	2.18443e+08	2.22647e+08	1.66681e+08	1.76443e+08	1.67852e+08	1.78007e+08	1.79832e+08	1.53197e+08	2.05987e+08	2.04447e+08	1.81657e+08	2.22799e+08	2.24114e+08	2.25309e+08	2.45334e+08	2.1015e+08	3.13257e+08	2.16232e+08	1.75242e+08	2.35109e+08	1.92115e+08	2.27922e+08	2.31401e+08	1.90235e+08	2.05638e+08	1.95021e+08	1.51793e+08	2.15191e+08	1.50658e+08	1.54468e+08	2.14856e+08	2.04488e+08	1.54826e+08	1.81043e+08	1.70832e+08	1.80507e+08	1.69013e+08	1.35598e+08	1.19466e+08	1.54664e+08	1.56493e+08	1.62208e+08	1.1147e+08	1.65135e+08	2.66937e+08	2.33557e+08	2.25592e+08	2.25871e+08	2.27399e+08	2.25284e+08	1.14109e+08	1.58164e+08	1.56967e+08	1.14849e+08	1.15824e+08	1.57169e+08	1.27063e+08	1.22064e+08	1.41489e+08	1.39889e+08	1.41207e+08	1.22499e+08	1.34522e+08	1.37355e+08	1.16214e+08	1.18906e+08	1.17733e+08	1.20175e+08	1.27451e+08	1.7199e+08	1.66481e+08	1.33906e+08	1.47429e+08	1.67164e+08	1.58149e+08	1.56848e+08	1.33788e+08	1.34771e+08	1.32221e+08	1.57792e+08
