	ERR608869	ERR608870	ERR608865	ERR608866	ERR608868	ERR608867	ERR613360	ERR613364	ERR613363	ERR613362	ERR613361	ERR613359	ERR626766	ERR626765	ERR626769	ERR626770	ERR626768	ERR626767	ERR608758	ERR608757	ERR608760	ERR608762	ERR608761	ERR608759	ERR637122	ERR637119	ERR637118	ERR637120	ERR637117	ERR637121	ERR621924	ERR621920	ERR621922	ERR621923	ERR621919	ERR621921	ERR608389	ERR608391	ERR608390	ERR608393	ERR608392	ERR608394	ERR626952	ERR626951	ERR626956	ERR626955	ERR626953	ERR626954	ERR606039	ERR606037	ERR606036	ERR606038	ERR606040	ERR606041	ERR618308	ERR618307	ERR618305	ERR618306	ERR618303	ERR618304	ERR609006	ERR609007	ERR609008	ERR609004	ERR609003	ERR609005	ERR636931	ERR636935	ERR636934	ERR636936	ERR636933	ERR636932	ERR618690	ERR618687	ERR618689	ERR618688	ERR618692	ERR618691	ERR617314	ERR617316	ERR617317	ERR617315	ERR617318	ERR617313	ERR612217	ERR612218	ERR612215	ERR612220	ERR612219	ERR612216	ERR638286	ERR638290	ERR638285	ERR638287	ERR638288	ERR638289
ERR608869	0	0.747288	0.793796	0.753243	0.748126	0.744439	0.981478	1.01608	0.98501	0.988124	0.970464	0.962881	0.857948	0.854846	0.860783	0.862191	0.860984	0.857449	0.916189	0.941432	0.904322	0.913726	0.901687	0.905029	0.840034	0.836843	0.838809	0.84219	0.847032	0.840972	0.868209	0.857501	0.858069	0.866994	0.848795	0.858572	0.945192	0.913475	0.922886	0.912224	0.91486	0.922468	0.853362	0.8297	0.823669	0.821413	0.82869	0.846642	1.11663	1.09965	1.12012	1.09871	1.11851	1.11971	1.0857	1.0843	1.08198	1.08151	1.08275	1.08517	1.07029	1.07002	1.07004	1.0729	1.09934	1.06992	0.910332	0.889289	0.890051	0.889577	0.894461	0.897397	1.06704	1.06448	1.06813	1.06921	1.06461	1.06618	1.11404	1.10239	1.10295	1.11356	1.1028	1.11271	1.09436	1.09309	1.09118	1.09614	1.11054	1.0946	1.11949	1.10812	1.1224	1.12451	1.10287	1.10269
ERR608870	0.747288	0	0.793196	0.752369	0.746887	0.743176	0.980799	1.01578	0.984109	0.987435	0.969676	0.962315	0.856941	0.853627	0.859375	0.861351	0.860283	0.856547	0.91523	0.940513	0.903151	0.912604	0.900355	0.903798	0.839533	0.836232	0.837714	0.841236	0.846482	0.840562	0.867643	0.856405	0.856758	0.865688	0.8476	0.857672	0.944069	0.912239	0.921291	0.910877	0.913318	0.921306	0.853019	0.829108	0.823623	0.820873	0.828346	0.846065	1.11585	1.09863	1.11935	1.09787	1.11754	1.11879	1.08503	1.08314	1.0809	1.0807	1.08196	1.08402	1.06963	1.06937	1.06929	1.07206	1.09881	1.06908	0.909616	0.888478	0.889436	0.888635	0.893615	0.896241	1.06672	1.06369	1.06767	1.0686	1.06414	1.06563	1.11387	1.1017	1.10228	1.11321	1.10215	1.11234	1.09369	1.09216	1.09026	1.09519	1.10965	1.09366	1.11891	1.10774	1.12201	1.12388	1.1022	1.10222
ERR608865	0.793796	0.793196	0	0.790987	0.793761	0.788523	1.01485	1.04384	1.02089	1.02319	1.00554	1.00034	0.895968	0.895081	0.899527	0.90119	0.899987	0.896077	0.949859	0.965435	0.942273	0.947155	0.93985	0.941659	0.88276	0.878489	0.88205	0.883832	0.886905	0.883723	0.905915	0.896836	0.89848	0.904457	0.891812	0.897913	0.971674	0.952698	0.958785	0.952079	0.954792	0.958468	0.882143	0.867272	0.860543	0.858015	0.866206	0.8777	1.14816	1.13346	1.14775	1.13291	1.14912	1.15053	1.11437	1.11305	1.11217	1.11134	1.11087	1.11406	1.09993	1.09975	1.09939	1.10133	1.1203	1.10015	0.946072	0.926226	0.926772	0.92624	0.931388	0.935751	1.09617	1.09365	1.09666	1.09732	1.09457	1.09544	1.14168	1.13181	1.13236	1.14126	1.13234	1.13882	1.12367	1.12271	1.12166	1.12556	1.13786	1.12315	1.14643	1.13543	1.14902	1.15149	1.1323	1.1324
ERR608866	0.753243	0.752369	0.790987	0	0.752498	0.743712	0.983697	1.01784	0.987476	0.990693	0.972849	0.965396	0.86029	0.857337	0.862509	0.864421	0.863258	0.859668	0.917553	0.942036	0.906138	0.915284	0.903343	0.907186	0.843011	0.839544	0.841278	0.845022	0.849531	0.844287	0.870701	0.860276	0.860378	0.868938	0.851939	0.861067	0.946388	0.915885	0.924507	0.914642	0.917069	0.924195	0.854625	0.832787	0.826383	0.823648	0.831299	0.848135	1.11927	1.10246	1.12227	1.10159	1.12123	1.1225	1.08743	1.08591	1.08361	1.08313	1.08441	1.0866	1.07221	1.07218	1.07193	1.07464	1.10046	1.07178	0.912815	0.89144	0.892214	0.89199	0.896334	0.899341	1.06919	1.06642	1.07017	1.0711	1.0666	1.06824	1.11602	1.10437	1.10512	1.11563	1.10479	1.11459	1.09618	1.09501	1.09324	1.09826	1.11216	1.09653	1.12145	1.11037	1.12455	1.12656	1.10469	1.10496
ERR608868	0.748126	0.746887	0.793761	0.752498	0	0.742764	0.981556	1.01649	0.98489	0.9878	0.970697	0.962603	0.856941	0.853961	0.859391	0.861095	0.860061	0.856628	0.914897	0.940827	0.90256	0.912473	0.899652	0.903677	0.840769	0.837126	0.838656	0.842822	0.847345	0.841877	0.867737	0.856599	0.856897	0.866179	0.848102	0.857882	0.944345	0.911921	0.92119	0.910169	0.913019	0.920805	0.854074	0.829898	0.824319	0.821566	0.828821	0.846874	1.11643	1.09936	1.11995	1.09831	1.11846	1.11966	1.08518	1.08374	1.08148	1.08073	1.08264	1.0846	1.06995	1.0698	1.06966	1.07238	1.09951	1.06924	0.909774	0.888691	0.889388	0.888751	0.893637	0.89612	1.0668	1.06424	1.06795	1.06904	1.06418	1.0657	1.11396	1.10189	1.10259	1.11339	1.10209	1.11279	1.09378	1.09247	1.09077	1.09556	1.11005	1.09421	1.11914	1.10858	1.1222	1.12402	1.10244	1.10247
ERR608867	0.744439	0.743176	0.788523	0.743712	0.742764	0	0.975947	1.01167	0.978946	0.981809	0.964717	0.956267	0.851138	0.847236	0.853155	0.854619	0.85394	0.850315	0.909508	0.937399	0.896031	0.907409	0.893611	0.897726	0.832973	0.829812	0.830807	0.835373	0.840527	0.834417	0.86195	0.850509	0.850771	0.859886	0.840745	0.85161	0.940416	0.905427	0.915501	0.903819	0.906365	0.915181	0.849435	0.824117	0.818765	0.815677	0.82273	0.842406	1.11009	1.09232	1.11427	1.09112	1.11217	1.11336	1.07905	1.07726	1.07467	1.07412	1.0762	1.07804	1.0639	1.0636	1.06344	1.06653	1.09524	1.06278	0.904359	0.882846	0.883665	0.883284	0.887961	0.889998	1.06107	1.05862	1.06248	1.06374	1.05846	1.06029	1.10826	1.09619	1.09661	1.10774	1.09645	1.10753	1.088	1.0864	1.08443	1.08953	1.10428	1.08836	1.11364	1.10275	1.11701	1.11901	1.09682	1.09659
ERR613360	0.981478	0.980799	1.01485	0.983697	0.981556	0.975947	0	0.793235	0.763164	0.766305	0.746523	0.740087	0.963912	0.95995	0.966149	0.968398	0.967493	0.962359	0.984345	1.00826	0.973779	0.983214	0.971339	0.975297	0.987388	0.984073	0.985164	0.989325	0.993465	0.989228	0.968157	0.957314	0.95907	0.96757	0.950406	0.958021	0.976779	0.94699	0.956289	0.945466	0.948065	0.954702	1.00584	0.988262	0.985066	0.983366	0.988249	1.00196	1.08081	1.06281	1.08368	1.06207	1.08217	1.08299	1.06843	1.06743	1.06416	1.06413	1.0663	1.06803	1.04986	1.04944	1.04933	1.05197	1.07802	1.04936	1.01437	0.998058	0.999156	0.998735	1.00088	1.00325	1.04548	1.0431	1.04732	1.04789	1.04342	1.0446	1.09237	1.08063	1.08126	1.09204	1.08077	1.09149	0.99942	0.998682	0.997715	1.00073	1.00985	0.999114	1.09735	1.08641	1.09966	1.10148	1.08052	1.08067
ERR613364	1.01608	1.01578	1.04384	1.01784	1.01649	1.01167	0.793235	0	0.793646	0.795389	0.786026	0.783276	1.00032	0.997512	1.00231	1.0044	1.00375	0.999126	1.01776	1.03742	1.00924	1.01673	1.00699	1.01062	1.02453	1.02159	1.02291	1.02629	1.0297	1.02622	0.994366	0.985052	0.986603	0.994573	0.979309	0.98499	1.0071	0.983513	0.990788	0.981923	0.984365	0.989581	1.03697	1.02247	1.01949	1.01775	1.02235	1.03369	1.10849	1.09333	1.11008	1.09259	1.10974	1.11037	1.09731	1.09652	1.09364	1.09371	1.09524	1.09689	1.07868	1.07868	1.07838	1.08078	1.10159	1.07883	1.04757	1.03341	1.03427	1.03404	1.03564	1.03797	1.07554	1.0739	1.07718	1.0778	1.07367	1.0747	1.11933	1.10855	1.1095	1.1192	1.10918	1.11841	1.0186	1.01848	1.01841	1.01937	1.02512	1.01852	1.12292	1.11321	1.12519	1.12692	1.10835	1.10878
ERR613363	0.98501	0.984109	1.02089	0.987476	0.98489	0.978946	0.763164	0.793646	0	0.763938	0.753407	0.746004	0.967849	0.963308	0.96898	0.970776	0.97003	0.966083	0.984865	1.01096	0.973455	0.98385	0.971145	0.975335	0.990787	0.988068	0.988428	0.992779	0.997082	0.992358	0.968377	0.957627	0.958662	0.967343	0.950143	0.957865	0.979171	0.947079	0.956204	0.945144	0.947239	0.955145	1.00905	0.99026	0.988066	0.986033	0.990281	1.00442	1.07958	1.06192	1.0853	1.06067	1.0815	1.08222	1.07075	1.06954	1.06574	1.06602	1.06886	1.07012	1.05146	1.0513	1.05129	1.0542	1.08185	1.05087	1.01529	1.0001	1.00121	1.00075	1.00231	1.00364	1.0484	1.04673	1.05086	1.05168	1.04618	1.04749	1.09402	1.08179	1.08257	1.09362	1.08182	1.09451	1.00106	0.999975	0.998701	1.0017	1.01028	1.00132	1.0989	1.08878	1.1016	1.10284	1.08248	1.08244
ERR613362	0.988124	0.987435	1.02319	0.990693	0.9878	0.981809	0.766305	0.795389	0.763938	0	0.756874	0.749709	0.971154	0.966757	0.972017	0.973703	0.973027	0.969252	0.987808	1.01368	0.976543	0.986516	0.974317	0.9787	0.994225	0.991852	0.99204	0.996307	1.00022	0.995905	0.970372	0.960294	0.961327	0.9702	0.95269	0.960386	0.982286	0.95016	0.959637	0.948484	0.950705	0.958372	1.01216	0.993583	0.990872	0.989063	0.993283	1.00742	1.08162	1.06407	1.08704	1.06297	1.08371	1.08414	1.07302	1.07201	1.06806	1.06842	1.07141	1.07232	1.05365	1.05364	1.05366	1.0565	1.08393	1.05297	1.01839	1.00318	1.00454	1.00412	1.00568	1.00682	1.05068	1.04921	1.0533	1.05415	1.04854	1.04993	1.09639	1.08403	1.08467	1.09606	1.08436	1.09655	1.00262	1.00169	1.00068	1.0034	1.01158	1.00284	1.10123	1.09136	1.10376	1.10509	1.08479	1.0848
ERR613361	0.970464	0.969676	1.00554	0.972849	0.970697	0.964717	0.746523	0.786026	0.753407	0.756874	0	0.727008	0.952278	0.947758	0.955032	0.957149	0.955936	0.950972	0.973839	0.999003	0.963041	0.972596	0.960182	0.964401	0.97513	0.97188	0.973149	0.977196	0.981072	0.977036	0.959462	0.948528	0.950299	0.959194	0.940809	0.949289	0.967389	0.935528	0.94541	0.934031	0.936977	0.944431	0.995912	0.977781	0.974559	0.972192	0.977646	0.991877	1.07181	1.053	1.07472	1.05228	1.07291	1.0739	1.05912	1.05797	1.05466	1.05464	1.05656	1.05879	1.03997	1.03982	1.03975	1.04275	1.06994	1.03995	1.00376	0.987024	0.988075	0.987725	0.989482	0.992064	1.03602	1.03387	1.0381	1.0384	1.03395	1.03503	1.08412	1.07188	1.07253	1.08387	1.07187	1.08333	0.993254	0.992721	0.991411	0.99466	1.00496	0.993021	1.08915	1.07745	1.09197	1.09341	1.07195	1.07204
ERR613359	0.962881	0.962315	1.00034	0.965396	0.962603	0.956267	0.740087	0.783276	0.746004	0.749709	0.727008	0	0.943995	0.939329	0.946286	0.948167	0.947372	0.942495	0.96595	0.993246	0.953856	0.964673	0.951125	0.955571	0.966811	0.963874	0.964721	0.969026	0.973739	0.968957	0.95314	0.942531	0.943252	0.952517	0.933789	0.942842	0.960869	0.926014	0.936871	0.924331	0.927148	0.935816	0.99048	0.970477	0.967532	0.964962	0.97034	0.985808	1.06473	1.04536	1.06888	1.04445	1.06653	1.06722	1.05229	1.05112	1.04745	1.04772	1.05014	1.05178	1.03338	1.03299	1.03305	1.03628	1.06539	1.03269	0.995726	0.978885	0.979985	0.979466	0.981343	0.983532	1.02946	1.0271	1.03149	1.03234	1.02705	1.0284	1.07803	1.0649	1.06568	1.07784	1.06533	1.07779	0.988855	0.988135	0.986515	0.990265	1.00117	0.988795	1.08304	1.07179	1.08578	1.08737	1.06505	1.06532
ERR626766	0.857948	0.856941	0.895968	0.86029	0.856941	0.851138	0.963912	1.00032	0.967849	0.971154	0.952278	0.943995	0	0.744167	0.755101	0.756905	0.755621	0.747691	0.894339	0.922155	0.881583	0.891999	0.878213	0.882528	0.876081	0.872424	0.874204	0.87915	0.882934	0.877519	0.900217	0.889438	0.889944	0.898469	0.881309	0.890145	0.925372	0.890602	0.900608	0.888907	0.892243	0.899789	0.904695	0.881279	0.875439	0.872134	0.880356	0.898589	1.09278	1.07546	1.09634	1.07406	1.09456	1.09581	1.06078	1.05923	1.05684	1.05648	1.05788	1.0601	1.05088	1.05044	1.05001	1.05333	1.08225	1.05028	0.924249	0.902768	0.90443	0.903444	0.907636	0.910603	1.04603	1.04297	1.04722	1.04798	1.04354	1.04513	1.09116	1.07904	1.07966	1.09087	1.07935	1.09004	1.06734	1.06585	1.06404	1.06913	1.08364	1.06717	1.09505	1.08338	1.09789	1.10016	1.07777	1.07789
ERR626765	0.854846	0.853627	0.895081	0.857337	0.853961	0.847236	0.95995	0.997512	0.963308	0.966757	0.947758	0.939329	0.744167	0	0.74955	0.751939	0.751152	0.742652	0.890322	0.919633	0.876424	0.888189	0.873411	0.877944	0.871702	0.8685	0.869808	0.874604	0.879285	0.873386	0.897096	0.886434	0.886322	0.895372	0.877119	0.886977	0.922403	0.885269	0.89605	0.883958	0.886805	0.895446	0.902106	0.877408	0.872031	0.869029	0.876318	0.89573	1.08806	1.0703	1.09247	1.06912	1.09013	1.09142	1.0568	1.0553	1.05223	1.05203	1.05395	1.05568	1.04616	1.04597	1.04563	1.049	1.07911	1.04552	0.920105	0.89882	0.900359	0.899393	0.903577	0.905928	1.04209	1.03922	1.04316	1.04434	1.03932	1.04106	1.08742	1.07505	1.07551	1.08723	1.07522	1.08641	1.06344	1.06189	1.05964	1.06515	1.07971	1.06326	1.09174	1.07973	1.09466	1.09659	1.07384	1.07393
ERR626769	0.860783	0.859375	0.899527	0.862509	0.859391	0.853155	0.966149	1.00231	0.96898	0.972017	0.955032	0.946286	0.755101	0.74955	0	0.755497	0.754627	0.752927	0.89421	0.923073	0.880512	0.891739	0.877811	0.882325	0.878394	0.875229	0.876402	0.881262	0.885524	0.879893	0.900647	0.890375	0.890225	0.898711	0.881757	0.891085	0.92722	0.890849	0.901234	0.889202	0.891741	0.900396	0.90686	0.882765	0.877364	0.874642	0.881421	0.900375	1.09299	1.07529	1.09774	1.07431	1.09477	1.09613	1.06256	1.06068	1.05783	1.05765	1.0599	1.06145	1.05203	1.05173	1.05144	1.05495	1.08443	1.05136	0.925209	0.904482	0.906151	0.905084	0.909371	0.911561	1.04792	1.04562	1.0495	1.05088	1.04525	1.04695	1.09242	1.08021	1.08056	1.09198	1.08031	1.09157	1.06874	1.067	1.06525	1.07003	1.08434	1.06858	1.09662	1.08547	1.09956	1.10132	1.07883	1.0791
ERR626770	0.862191	0.861351	0.90119	0.864421	0.861095	0.854619	0.968398	1.0044	0.970776	0.973703	0.957149	0.948167	0.756905	0.751939	0.755497	0	0.755866	0.754749	0.895651	0.924575	0.881828	0.893224	0.878813	0.8834	0.880231	0.877624	0.878189	0.883307	0.887459	0.881725	0.901649	0.89175	0.891417	0.89964	0.883148	0.89217	0.928281	0.892032	0.902053	0.889884	0.892877	0.901418	0.908284	0.883975	0.878682	0.876075	0.882846	0.901728	1.09304	1.07597	1.0984	1.07458	1.0954	1.09672	1.06344	1.06157	1.05908	1.05853	1.06099	1.06241	1.05279	1.05273	1.05261	1.05597	1.0855	1.05204	0.926292	0.90575	0.907202	0.906057	0.910532	0.912079	1.04906	1.04674	1.05063	1.05174	1.04595	1.04794	1.09317	1.08099	1.08138	1.09293	1.08118	1.09302	1.07023	1.06825	1.06637	1.07118	1.0859	1.07013	1.09772	1.08674	1.10071	1.10223	1.0801	1.08008
ERR626768	0.860984	0.860283	0.899987	0.863258	0.860061	0.85394	0.967493	1.00375	0.97003	0.973027	0.955936	0.947372	0.755621	0.751152	0.754627	0.755866	0	0.753533	0.895166	0.923561	0.881547	0.892676	0.878639	0.883037	0.879094	0.876222	0.877002	0.882289	0.886215	0.88066	0.901158	0.890729	0.890829	0.89916	0.882817	0.891605	0.927641	0.891249	0.901632	0.889504	0.892633	0.90125	0.906817	0.882863	0.877729	0.875113	0.881737	0.900412	1.09319	1.07593	1.09809	1.07463	1.09542	1.0965	1.0633	1.06142	1.05865	1.05856	1.06073	1.06226	1.05275	1.0522	1.05212	1.05543	1.08517	1.0516	0.925778	0.905039	0.906823	0.905456	0.90976	0.911881	1.0483	1.04614	1.04991	1.05077	1.0453	1.0475	1.09297	1.08069	1.08124	1.09265	1.08097	1.09226	1.06971	1.06778	1.06596	1.07097	1.08544	1.06967	1.09716	1.08615	1.10029	1.10178	1.07953	1.07982
ERR626767	0.857449	0.856547	0.896077	0.859668	0.856628	0.850315	0.962359	0.999126	0.966083	0.969252	0.950972	0.942495	0.747691	0.742652	0.752927	0.754749	0.753533	0	0.89289	0.921051	0.879183	0.890042	0.875989	0.880755	0.875454	0.871781	0.87325	0.877917	0.881937	0.876672	0.898837	0.88838	0.88833	0.897202	0.879609	0.888991	0.92419	0.888037	0.89847	0.886732	0.889396	0.897891	0.904274	0.880303	0.874692	0.871925	0.879283	0.897891	1.09158	1.07396	1.09567	1.07276	1.09343	1.09484	1.05992	1.05812	1.05556	1.05551	1.05714	1.05932	1.04976	1.04946	1.04912	1.0523	1.08172	1.04898	0.922753	0.901414	0.902974	0.902311	0.906561	0.908872	1.04548	1.04244	1.04647	1.04756	1.04254	1.04415	1.0904	1.0781	1.07867	1.09032	1.07841	1.08945	1.06596	1.06451	1.06266	1.0678	1.0823	1.06608	1.09461	1.08314	1.09755	1.09971	1.07704	1.07703
ERR608758	0.916189	0.91523	0.949859	0.917553	0.914897	0.909508	0.984345	1.01776	0.984865	0.987808	0.973839	0.96595	0.894339	0.890322	0.89421	0.895651	0.895166	0.89289	0	0.873295	0.828763	0.840646	0.825867	0.828771	0.932018	0.929453	0.929852	0.93436	0.937636	0.933059	0.955317	0.946878	0.946809	0.953664	0.939694	0.947343	0.932493	0.899617	0.908173	0.896875	0.89937	0.907403	0.943469	0.92353	0.920292	0.918699	0.922732	0.93723	1.10375	1.08645	1.11001	1.0855	1.10578	1.10678	1.08008	1.0781	1.07486	1.07492	1.078	1.07851	1.06199	1.06181	1.06185	1.06436	1.0934	1.06083	0.954281	0.936367	0.937641	0.936937	0.939668	0.940934	1.07209	1.07019	1.07348	1.07552	1.0697	1.07122	1.10487	1.09243	1.09289	1.10416	1.09235	1.10528	1.08777	1.08604	1.08404	1.0889	1.10297	1.08858	1.11105	1.10126	1.114	1.11544	1.09399	1.09393
ERR608757	0.941432	0.940513	0.965435	0.942036	0.940827	0.937399	1.00826	1.03742	1.01096	1.01368	0.999003	0.993246	0.922155	0.919633	0.923073	0.924575	0.923561	0.921051	0.873295	0	0.865521	0.872848	0.863003	0.863863	0.960174	0.957117	0.959229	0.96242	0.964906	0.961177	0.980794	0.972468	0.973396	0.979253	0.96793	0.973232	0.953431	0.930168	0.936691	0.928845	0.931384	0.935814	0.964164	0.949593	0.945229	0.943789	0.948571	0.959576	1.12634	1.11137	1.12952	1.11057	1.12787	1.12874	1.10018	1.09869	1.0967	1.09635	1.09789	1.09916	1.08364	1.08308	1.08351	1.0851	1.10773	1.08322	0.981113	0.964427	0.965362	0.965158	0.968128	0.970747	1.09377	1.09158	1.09468	1.09566	1.09159	1.09288	1.12476	1.1142	1.11493	1.12457	1.11455	1.12401	1.10871	1.10734	1.10597	1.11027	1.12281	1.10863	1.13044	1.12035	1.13307	1.13472	1.11516	1.11521
ERR608760	0.904322	0.903151	0.942273	0.906138	0.90256	0.896031	0.973779	1.00924	0.973455	0.976543	0.963041	0.953856	0.881583	0.876424	0.880512	0.881828	0.881547	0.879183	0.828763	0.865521	0	0.823488	0.805384	0.815049	0.917813	0.916093	0.91522	0.920781	0.924178	0.919432	0.943638	0.934158	0.934064	0.941621	0.92647	0.934537	0.923592	0.885037	0.894668	0.88145	0.884168	0.893937	0.934156	0.912018	0.908776	0.907559	0.910723	0.927012	1.09276	1.07456	1.10077	1.07323	1.09539	1.09605	1.07018	1.06779	1.06435	1.06426	1.06846	1.06823	1.05233	1.0518	1.05209	1.05491	1.0868	1.05029	0.940848	0.92233	0.924171	0.923522	0.92624	0.926912	1.06224	1.06027	1.06411	1.06575	1.05942	1.06123	1.09477	1.08173	1.08221	1.09436	1.08164	1.09618	1.07769	1.07556	1.07349	1.07877	1.09307	1.07854	1.10162	1.09226	1.10504	1.10597	1.08364	1.08338
ERR608762	0.913726	0.912604	0.947155	0.915284	0.912473	0.907409	0.983214	1.01673	0.98385	0.986516	0.972596	0.964673	0.891999	0.888189	0.891739	0.893224	0.892676	0.890042	0.840646	0.872848	0.823488	0	0.820441	0.828675	0.929415	0.926859	0.927181	0.931868	0.935085	0.930371	0.953423	0.944135	0.944515	0.951437	0.937502	0.944891	0.930869	0.89747	0.905967	0.894923	0.897182	0.904889	0.94129	0.921939	0.917346	0.916276	0.920189	0.934361	1.10334	1.08604	1.10962	1.08505	1.10533	1.10618	1.07986	1.07788	1.0748	1.07481	1.07792	1.07823	1.06196	1.06151	1.06176	1.06423	1.09321	1.06064	0.951628	0.933715	0.935467	0.93459	0.937452	0.938525	1.07188	1.06955	1.07347	1.07497	1.06896	1.07074	1.10394	1.09186	1.09224	1.10367	1.09207	1.10471	1.08746	1.0856	1.08363	1.08829	1.10228	1.08828	1.11097	1.10086	1.11371	1.11526	1.09381	1.09386
ERR608761	0.901687	0.900355	0.93985	0.903343	0.899652	0.893611	0.971339	1.00699	0.971145	0.974317	0.960182	0.951125	0.878213	0.873411	0.877811	0.878813	0.878639	0.875989	0.825867	0.863003	0.805384	0.820441	0	0.812095	0.91456	0.912285	0.91221	0.917626	0.920946	0.916062	0.941558	0.931594	0.931426	0.939313	0.92363	0.932715	0.921497	0.883031	0.892677	0.879186	0.882226	0.892308	0.93183	0.909718	0.906221	0.904922	0.908235	0.924945	1.09095	1.07273	1.09883	1.07162	1.0935	1.09458	1.06821	1.06608	1.06245	1.06235	1.06624	1.06629	1.05032	1.04993	1.05005	1.05289	1.085	1.04829	0.938299	0.919246	0.921516	0.920548	0.923308	0.924118	1.05985	1.0577	1.06164	1.06348	1.05699	1.05875	1.09304	1.07977	1.08053	1.09267	1.07998	1.09458	1.07558	1.07375	1.07101	1.07635	1.0913	1.07634	1.09986	1.09006	1.10285	1.10428	1.08137	1.08141
ERR608759	0.905029	0.903798	0.941659	0.907186	0.903677	0.897726	0.975297	1.01062	0.975335	0.9787	0.964401	0.955571	0.882528	0.877944	0.882325	0.8834	0.883037	0.880755	0.828771	0.863863	0.815049	0.828675	0.812095	0	0.919367	0.916932	0.916943	0.921835	0.925225	0.920179	0.945133	0.935876	0.935524	0.943212	0.928061	0.936842	0.92487	0.888439	0.898279	0.885414	0.888254	0.897808	0.934209	0.912979	0.909669	0.908231	0.911899	0.927649	1.09467	1.07687	1.102	1.07568	1.09724	1.09811	1.07144	1.06954	1.06604	1.06595	1.06909	1.06977	1.05332	1.05322	1.05318	1.05603	1.08695	1.05186	0.942909	0.924501	0.926193	0.925457	0.928129	0.929038	1.06318	1.06084	1.065	1.06648	1.06066	1.06222	1.09669	1.08373	1.08422	1.09615	1.08388	1.09714	1.07918	1.07734	1.0749	1.08021	1.09485	1.07974	1.10256	1.09251	1.10579	1.10718	1.08495	1.08495
ERR637122	0.840034	0.839533	0.88276	0.843011	0.840769	0.832973	0.987388	1.02453	0.990787	0.994225	0.97513	0.966811	0.876081	0.871702	0.878394	0.880231	0.879094	0.875454	0.932018	0.960174	0.917813	0.929415	0.91456	0.919367	0	0.73692	0.737728	0.737651	0.745522	0.736663	0.891392	0.880533	0.880536	0.889494	0.870828	0.881893	0.959664	0.923156	0.934492	0.92184	0.924713	0.933816	0.872392	0.846867	0.842013	0.838196	0.84587	0.865146	1.11988	1.10261	1.12494	1.1013	1.12169	1.12277	1.09209	1.09019	1.08716	1.08728	1.08893	1.09106	1.08569	1.08558	1.0853	1.08892	1.11791	1.08523	0.860208	0.840699	0.838854	0.840045	0.844357	0.84391	1.07505	1.07185	1.07636	1.07728	1.0727	1.07427	1.11337	1.10067	1.10163	1.11306	1.10118	1.11215	1.10098	1.09924	1.0972	1.10267	1.11735	1.10098	1.12076	1.10922	1.12382	1.12561	1.10338	1.10326
ERR637119	0.836843	0.836232	0.878489	0.839544	0.837126	0.829812	0.984073	1.02159	0.988068	0.991852	0.97188	0.963874	0.872424	0.8685	0.875229	0.877624	0.876222	0.871781	0.929453	0.957117	0.916093	0.926859	0.912285	0.916932	0.73692	0	0.733461	0.739469	0.741545	0.73837	0.890098	0.878707	0.879319	0.888162	0.869239	0.879571	0.956393	0.92088	0.931734	0.91955	0.922548	0.931219	0.87045	0.84567	0.839684	0.836612	0.844795	0.863852	1.11855	1.10092	1.12273	1.09981	1.12037	1.12153	1.08869	1.08698	1.08437	1.08395	1.08536	1.08778	1.08219	1.08205	1.08149	1.085	1.11388	1.08169	0.859718	0.83962	0.838433	0.838551	0.843783	0.843522	1.0719	1.06851	1.07295	1.07372	1.06959	1.0711	1.11096	1.09876	1.0992	1.11075	1.09881	1.10905	1.09785	1.09645	1.09438	1.09977	1.1147	1.09778	1.11783	1.10565	1.12081	1.12245	1.10038	1.10003
ERR637118	0.838809	0.837714	0.88205	0.841278	0.838656	0.830807	0.985164	1.02291	0.988428	0.99204	0.973149	0.964721	0.874204	0.869808	0.876402	0.878189	0.877002	0.87325	0.929852	0.959229	0.91522	0.927181	0.91221	0.916943	0.737728	0.733461	0	0.739657	0.741752	0.739165	0.889966	0.878933	0.878824	0.887922	0.868964	0.879808	0.958028	0.920676	0.931798	0.919112	0.921675	0.9316	0.871174	0.845633	0.840871	0.837614	0.844275	0.864392	1.11745	1.09993	1.12287	1.09871	1.11969	1.1209	1.08976	1.08807	1.08498	1.08478	1.0867	1.08881	1.08305	1.08282	1.08265	1.0864	1.11599	1.08224	0.858689	0.839364	0.838131	0.838799	0.84335	0.842155	1.07261	1.06951	1.07405	1.07506	1.07008	1.07196	1.1112	1.09866	1.09945	1.11114	1.09881	1.11039	1.09851	1.09695	1.09464	1.10024	1.11507	1.09882	1.11842	1.10694	1.12135	1.12332	1.1008	1.10081
ERR637120	0.84219	0.841236	0.883832	0.845022	0.842822	0.835373	0.989325	1.02629	0.992779	0.996307	0.977196	0.969026	0.87915	0.874604	0.881262	0.883307	0.882289	0.877917	0.93436	0.96242	0.920781	0.931868	0.917626	0.921835	0.737651	0.739469	0.739657	0	0.747562	0.739283	0.893636	0.883091	0.883588	0.891974	0.873503	0.88409	0.961443	0.926051	0.936684	0.924264	0.927089	0.936358	0.873831	0.849537	0.844447	0.840822	0.848248	0.86719	1.12227	1.10525	1.12702	1.10389	1.12412	1.12523	1.09441	1.09287	1.08993	1.08965	1.09129	1.09347	1.08812	1.08796	1.08763	1.09128	1.11983	1.08761	0.862021	0.842246	0.841378	0.841776	0.846467	0.845699	1.07728	1.07376	1.07829	1.07916	1.07477	1.07655	1.11529	1.10309	1.10371	1.11511	1.10338	1.11392	1.10329	1.10183	1.09968	1.1051	1.11947	1.10334	1.12277	1.11132	1.12563	1.12754	1.10538	1.10535
ERR637117	0.847032	0.846482	0.886905	0.849531	0.847345	0.840527	0.993465	1.0297	0.997082	1.00022	0.981072	0.973739	0.882934	0.879285	0.885524	0.887459	0.886215	0.881937	0.937636	0.964906	0.924178	0.935085	0.920946	0.925225	0.745522	0.741545	0.741752	0.747562	0	0.747579	0.898255	0.887604	0.888202	0.896317	0.878755	0.888584	0.964808	0.930233	0.940687	0.928948	0.931919	0.94041	0.87671	0.85368	0.848223	0.845452	0.852518	0.87014	1.12556	1.1088	1.13015	1.10752	1.12761	1.12867	1.09746	1.09591	1.09292	1.09288	1.09432	1.09644	1.09097	1.091	1.0905	1.09397	1.12207	1.0907	0.864095	0.844919	0.84375	0.844499	0.849047	0.848537	1.08028	1.07688	1.08136	1.08209	1.07785	1.07955	1.11804	1.10621	1.10698	1.1179	1.10621	1.11691	1.10644	1.10496	1.10282	1.10803	1.12244	1.10638	1.12551	1.11404	1.12843	1.13019	1.10854	1.10856
ERR637121	0.840972	0.840562	0.883723	0.844287	0.841877	0.834417	0.989228	1.02622	0.992358	0.995905	0.977036	0.968957	0.877519	0.873386	0.879893	0.881725	0.88066	0.876672	0.933059	0.961177	0.919432	0.930371	0.916062	0.920179	0.736663	0.73837	0.739165	0.739283	0.747579	0	0.892989	0.881968	0.882071	0.890653	0.872593	0.883103	0.960868	0.924781	0.935938	0.923123	0.926245	0.935142	0.872836	0.848374	0.843116	0.839845	0.846957	0.866085	1.1216	1.10435	1.12636	1.10294	1.12348	1.12469	1.09398	1.09219	1.08948	1.08902	1.09078	1.09286	1.08754	1.08728	1.08695	1.09071	1.1195	1.08694	0.860936	0.841604	0.840467	0.841029	0.845161	0.844641	1.0767	1.07349	1.07791	1.07878	1.0743	1.07615	1.11497	1.10259	1.10311	1.11444	1.10267	1.1136	1.1027	1.10121	1.0989	1.10419	1.11907	1.10278	1.12226	1.11082	1.12529	1.12688	1.10476	1.10471
ERR621924	0.868209	0.867643	0.905915	0.870701	0.867737	0.86195	0.968157	0.994366	0.968377	0.970372	0.959462	0.95314	0.900217	0.897096	0.900647	0.901649	0.901158	0.898837	0.955317	0.980794	0.943638	0.953423	0.941558	0.945133	0.891392	0.890098	0.889966	0.893636	0.898255	0.892989	0	0.799987	0.797123	0.806658	0.791808	0.799917	0.986634	0.955971	0.9646	0.954621	0.956782	0.963926	0.901201	0.878734	0.875363	0.872806	0.877911	0.894037	1.12254	1.10659	1.12802	1.10546	1.12432	1.12536	1.10785	1.10647	1.10361	1.10358	1.10618	1.10686	1.09933	1.099	1.09877	1.10188	1.12871	1.0984	0.947799	0.929973	0.931098	0.930686	0.934166	0.934923	1.09354	1.09155	1.09519	1.09651	1.09108	1.09259	1.133	1.12252	1.1229	1.13281	1.12259	1.13321	1.07424	1.07314	1.07191	1.0753	1.08501	1.07524	1.1381	1.12953	1.14076	1.14214	1.12342	1.12313
ERR621920	0.857501	0.856405	0.896836	0.860276	0.856599	0.850509	0.957314	0.985052	0.957627	0.960294	0.948528	0.942531	0.889438	0.886434	0.890375	0.89175	0.890729	0.88838	0.946878	0.972468	0.934158	0.944135	0.931594	0.935876	0.880533	0.878707	0.878933	0.883091	0.887604	0.881968	0.799987	0	0.78871	0.798389	0.77669	0.786721	0.978778	0.946951	0.95578	0.945162	0.947589	0.955449	0.892892	0.869385	0.86575	0.862834	0.868198	0.885316	1.11643	1.09981	1.12153	1.0988	1.11777	1.11911	1.10152	1.1002	1.09722	1.09714	1.09917	1.10029	1.09246	1.09253	1.09236	1.09549	1.12282	1.09188	0.939286	0.920523	0.922218	0.921468	0.925295	0.926229	1.08718	1.08478	1.08879	1.08972	1.08465	1.08606	1.12706	1.11625	1.11652	1.12654	1.11626	1.12697	1.06687	1.06551	1.06451	1.068	1.07819	1.06727	1.13207	1.12304	1.13497	1.13615	1.11697	1.1166
ERR621922	0.858069	0.856758	0.89848	0.860378	0.856897	0.850771	0.95907	0.986603	0.958662	0.961327	0.950299	0.943252	0.889944	0.886322	0.890225	0.891417	0.890829	0.88833	0.946809	0.973396	0.934064	0.944515	0.931426	0.935524	0.880536	0.879319	0.878824	0.883588	0.888202	0.882071	0.797123	0.78871	0	0.795935	0.778685	0.787911	0.97923	0.946218	0.955532	0.944436	0.947198	0.955152	0.893755	0.868942	0.865755	0.863258	0.867711	0.885908	1.11543	1.09878	1.1215	1.0978	1.11747	1.1184	1.1012	1.09982	1.09665	1.0966	1.09965	1.10043	1.09247	1.09237	1.09223	1.09536	1.12331	1.09123	0.93907	0.92072	0.921865	0.92172	0.925145	0.925994	1.08674	1.08475	1.0886	1.08974	1.08405	1.08589	1.12712	1.116	1.11647	1.12675	1.11615	1.12735	1.06707	1.06584	1.06455	1.0678	1.07821	1.06801	1.13219	1.1234	1.13513	1.13627	1.11696	1.11647
ERR621923	0.866994	0.865688	0.904457	0.868938	0.866179	0.859886	0.96757	0.994573	0.967343	0.9702	0.959194	0.952517	0.898469	0.895372	0.898711	0.89964	0.89916	0.897202	0.953664	0.979253	0.941621	0.951437	0.939313	0.943212	0.889494	0.888162	0.887922	0.891974	0.896317	0.890653	0.806658	0.798389	0.795935	0	0.789782	0.79856	0.98505	0.953483	0.962424	0.952228	0.95457	0.962071	0.900369	0.877291	0.873473	0.871232	0.875991	0.893112	1.12005	1.10411	1.12567	1.10296	1.12171	1.12329	1.10557	1.10421	1.10138	1.10112	1.1039	1.10454	1.09715	1.09687	1.09692	1.09965	1.12694	1.09621	0.946348	0.928106	0.92972	0.929116	0.932617	0.933312	1.09169	1.08977	1.0936	1.09474	1.08933	1.09088	1.13143	1.12061	1.12079	1.13073	1.12067	1.13128	1.07321	1.0718	1.0705	1.07413	1.08401	1.07395	1.13596	1.12752	1.139	1.14018	1.12114	1.12085
ERR621919	0.848795	0.8476	0.891812	0.851939	0.848102	0.840745	0.950406	0.979309	0.950143	0.95269	0.940809	0.933789	0.881309	0.877119	0.881757	0.883148	0.882817	0.879609	0.939694	0.96793	0.92647	0.937502	0.92363	0.928061	0.870828	0.869239	0.868964	0.873503	0.878755	0.872593	0.791808	0.77669	0.778685	0.789782	0	0.777491	0.973399	0.938896	0.948756	0.93715	0.93946	0.948295	0.887095	0.860998	0.857342	0.854515	0.859874	0.878669	1.10918	1.09217	1.11557	1.09115	1.11103	1.1123	1.09507	1.09353	1.09031	1.09022	1.09291	1.09397	1.08589	1.08582	1.08572	1.08892	1.11784	1.08491	0.931932	0.912891	0.914375	0.914167	0.917645	0.918006	1.08034	1.07808	1.08203	1.08324	1.07782	1.07933	1.12137	1.10994	1.11049	1.12117	1.11021	1.12173	1.06084	1.05897	1.05787	1.06166	1.07231	1.06149	1.12625	1.11702	1.12956	1.13041	1.11051	1.11024
ERR621921	0.858572	0.857672	0.897913	0.861067	0.857882	0.85161	0.958021	0.98499	0.957865	0.960386	0.949289	0.942842	0.890145	0.886977	0.891085	0.89217	0.891605	0.888991	0.947343	0.973232	0.934537	0.944891	0.932715	0.936842	0.881893	0.879571	0.879808	0.88409	0.888584	0.883103	0.799917	0.786721	0.787911	0.79856	0.777491	0	0.97901	0.9473	0.956289	0.945547	0.948133	0.95578	0.893946	0.870645	0.866644	0.864099	0.869403	0.88703	1.11638	1.1001	1.12186	1.09904	1.11801	1.11923	1.101	1.09979	1.097	1.09668	1.09936	1.10059	1.09261	1.09243	1.09236	1.09543	1.12264	1.09194	0.939673	0.921304	0.922556	0.922037	0.925809	0.926637	1.08704	1.08521	1.08864	1.08984	1.08461	1.0863	1.12724	1.11652	1.11689	1.12718	1.11659	1.12732	1.06664	1.06531	1.06412	1.06731	1.07738	1.06739	1.13231	1.12327	1.1353	1.13638	1.11737	1.11716
ERR608389	0.945192	0.944069	0.971674	0.946388	0.944345	0.940416	0.976779	1.0071	0.979171	0.982286	0.967389	0.960869	0.925372	0.922403	0.92722	0.928281	0.927641	0.92419	0.932493	0.953431	0.923592	0.930869	0.921497	0.92487	0.959664	0.956393	0.958028	0.961443	0.964808	0.960868	0.986634	0.978778	0.97923	0.98505	0.973399	0.97901	0	0.830554	0.839212	0.830167	0.832776	0.839565	0.968516	0.952436	0.948596	0.946605	0.951869	0.963361	1.11534	1.09962	1.11815	1.09894	1.11658	1.11747	1.08619	1.08492	1.08293	1.08235	1.08404	1.08578	1.07292	1.07252	1.07278	1.07488	1.09781	1.07234	0.971518	0.954838	0.956317	0.954952	0.958048	0.961716	1.07463	1.07254	1.07564	1.07675	1.07225	1.07367	1.11532	1.1044	1.10488	1.11474	1.10485	1.1142	1.09798	1.09707	1.0954	1.09982	1.1127	1.09848	1.1205	1.11033	1.12309	1.12461	1.10507	1.1052
ERR608391	0.913475	0.912239	0.952698	0.915885	0.911921	0.905427	0.94699	0.983513	0.947079	0.95016	0.935528	0.926014	0.890602	0.885269	0.890849	0.892032	0.891249	0.888037	0.899617	0.930168	0.885037	0.89747	0.883031	0.888439	0.923156	0.92088	0.920676	0.926051	0.930233	0.924781	0.955971	0.946951	0.946218	0.953483	0.938896	0.9473	0.830554	0	0.796541	0.78173	0.784065	0.796738	0.943281	0.920598	0.917794	0.915817	0.920237	0.936458	1.08411	1.06602	1.09158	1.06476	1.08647	1.08742	1.05823	1.05622	1.05299	1.0528	1.05634	1.05694	1.04418	1.04414	1.04425	1.04712	1.07847	1.04232	0.937181	0.918495	0.920523	0.919926	0.922218	0.923347	1.04636	1.04467	1.04858	1.0498	1.04341	1.04545	1.0881	1.07526	1.07573	1.08771	1.07556	1.08914	1.06949	1.06801	1.0653	1.07073	1.08564	1.07027	1.09409	1.08397	1.09734	1.09844	1.07605	1.07606
ERR608390	0.922886	0.921291	0.958785	0.924507	0.92119	0.915501	0.956289	0.990788	0.956204	0.959637	0.94541	0.936871	0.900608	0.89605	0.901234	0.902053	0.901632	0.89847	0.908173	0.936691	0.894668	0.905967	0.892677	0.898279	0.934492	0.931734	0.931798	0.936684	0.940687	0.935938	0.9646	0.95578	0.955532	0.962424	0.948756	0.956289	0.839212	0.796541	0	0.795524	0.797912	0.808861	0.950584	0.92957	0.926168	0.924495	0.92918	0.943974	1.09341	1.07571	1.09957	1.0747	1.09529	1.09633	1.06703	1.06494	1.06222	1.06163	1.06516	1.06579	1.05287	1.05267	1.05233	1.05525	1.0847	1.05122	0.946911	0.929054	0.930856	0.930162	0.932378	0.934092	1.05521	1.05337	1.0569	1.05822	1.05205	1.05415	1.0961	1.08414	1.08421	1.09562	1.08426	1.09687	1.07821	1.07622	1.07418	1.07913	1.09349	1.07882	1.10203	1.092	1.10485	1.10624	1.08481	1.08472
ERR608393	0.912224	0.910877	0.952079	0.914642	0.910169	0.903819	0.945466	0.981923	0.945144	0.948484	0.934031	0.924331	0.888907	0.883958	0.889202	0.889884	0.889504	0.886732	0.896875	0.928845	0.88145	0.894923	0.879186	0.885414	0.92184	0.91955	0.919112	0.924264	0.928948	0.923123	0.954621	0.945162	0.944436	0.952228	0.93715	0.945547	0.830167	0.78173	0.795524	0	0.777473	0.79081	0.942383	0.919473	0.91598	0.91442	0.9187	0.935291	1.08355	1.06495	1.09127	1.06373	1.08591	1.08691	1.05786	1.05584	1.05262	1.05213	1.05638	1.05657	1.04405	1.04386	1.0441	1.04697	1.07903	1.04205	0.935227	0.916322	0.918392	0.917545	0.920099	0.921263	1.04602	1.04418	1.04823	1.04992	1.04272	1.045	1.08737	1.07431	1.07477	1.08683	1.07458	1.08849	1.06899	1.06709	1.06477	1.07003	1.08482	1.06973	1.09377	1.08413	1.09707	1.09799	1.07569	1.07576
ERR608392	0.91486	0.913318	0.954792	0.917069	0.913019	0.906365	0.948065	0.984365	0.947239	0.950705	0.936977	0.927148	0.892243	0.886805	0.891741	0.892877	0.892633	0.889396	0.89937	0.931384	0.884168	0.897182	0.882226	0.888254	0.924713	0.922548	0.921675	0.927089	0.931919	0.926245	0.956782	0.947589	0.947198	0.95457	0.93946	0.948133	0.832776	0.784065	0.797912	0.777473	0	0.793011	0.944691	0.921567	0.91855	0.916675	0.921091	0.937394	1.08462	1.06659	1.09281	1.06526	1.08724	1.08793	1.05996	1.0578	1.05444	1.05418	1.05842	1.05833	1.04581	1.04536	1.04545	1.04842	1.08032	1.04357	0.937854	0.919654	0.921197	0.920693	0.923212	0.923924	1.04794	1.04613	1.0499	1.05177	1.04457	1.04678	1.08862	1.07611	1.07632	1.08854	1.07628	1.09033	1.07077	1.06885	1.06643	1.07157	1.08637	1.07158	1.09516	1.08554	1.09842	1.09947	1.0772	1.07713
ERR608394	0.922468	0.921306	0.958468	0.924195	0.920805	0.915181	0.954702	0.989581	0.955145	0.958372	0.944431	0.935816	0.899789	0.895446	0.900396	0.901418	0.90125	0.897891	0.907403	0.935814	0.893937	0.904889	0.892308	0.897808	0.933816	0.931219	0.9316	0.936358	0.94041	0.935142	0.963926	0.955449	0.955152	0.962071	0.948295	0.95578	0.839565	0.796738	0.808861	0.79081	0.793011	0	0.950788	0.929803	0.926315	0.924524	0.929054	0.944013	1.09254	1.07526	1.09924	1.07382	1.09483	1.09542	1.06642	1.0647	1.06184	1.06172	1.06505	1.0654	1.05239	1.05236	1.05209	1.05493	1.08438	1.05088	0.946556	0.928196	0.930089	0.929104	0.931889	0.933676	1.05518	1.05344	1.057	1.05853	1.0523	1.05411	1.0964	1.0844	1.0844	1.0961	1.08443	1.09686	1.07771	1.07593	1.07394	1.07897	1.09307	1.07841	1.10244	1.09227	1.1049	1.10642	1.08475	1.08493
ERR626952	0.853362	0.853019	0.882143	0.854625	0.854074	0.849435	1.00584	1.03697	1.00905	1.01216	0.995912	0.99048	0.904695	0.902106	0.90686	0.908284	0.906817	0.904274	0.943469	0.964164	0.934156	0.94129	0.93183	0.934209	0.872392	0.87045	0.871174	0.873831	0.87671	0.872836	0.901201	0.892892	0.893755	0.900369	0.887095	0.893946	0.968516	0.943281	0.950584	0.942383	0.944691	0.950788	0	0.823646	0.822501	0.820577	0.823025	0.8382	1.14839	1.13309	1.15153	1.13287	1.1498	1.15079	1.12057	1.1193	1.117	1.11668	1.11813	1.11958	1.10551	1.10511	1.10508	1.10716	1.12938	1.10508	0.934688	0.915892	0.916681	0.916474	0.920366	0.923425	1.09968	1.09692	1.10071	1.10124	1.09755	1.09866	1.14008	1.12962	1.13018	1.13968	1.13011	1.13857	1.12749	1.12627	1.12443	1.12892	1.14115	1.1276	1.14953	1.13969	1.15226	1.15409	1.1347	1.13487
ERR626951	0.8297	0.829108	0.867272	0.832787	0.829898	0.824117	0.988262	1.02247	0.99026	0.993583	0.977781	0.970477	0.881279	0.877408	0.882765	0.883975	0.882863	0.880303	0.92353	0.949593	0.912018	0.921939	0.909718	0.912979	0.846867	0.84567	0.845633	0.849537	0.85368	0.848374	0.878734	0.869385	0.868942	0.877291	0.860998	0.870645	0.952436	0.920598	0.92957	0.919473	0.921567	0.929803	0.823646	0	0.798809	0.79667	0.798607	0.818888	1.13034	1.11419	1.13608	1.11307	1.13219	1.13337	1.1032	1.10161	1.09894	1.0989	1.1009	1.10221	1.08765	1.08753	1.08714	1.09012	1.11632	1.08684	0.914667	0.895282	0.896035	0.895627	0.899272	0.90135	1.08323	1.08048	1.0846	1.08548	1.08042	1.0823	1.12525	1.11329	1.1143	1.12477	1.11397	1.12477	1.11018	1.10865	1.10651	1.11147	1.12473	1.11046	1.13431	1.12414	1.1367	1.13858	1.11792	1.11761
ERR626956	0.823669	0.823623	0.860543	0.826383	0.824319	0.818765	0.985066	1.01949	0.988066	0.990872	0.974559	0.967532	0.875439	0.872031	0.877364	0.878682	0.877729	0.874692	0.920292	0.945229	0.908776	0.917346	0.906221	0.909669	0.842013	0.839684	0.840871	0.844447	0.848223	0.843116	0.875363	0.86575	0.865755	0.873473	0.857342	0.866644	0.948596	0.917794	0.926168	0.91598	0.91855	0.926315	0.822501	0.798809	0	0.788929	0.79737	0.812535	1.12835	1.11207	1.13317	1.11116	1.13009	1.13113	1.10007	1.09851	1.09633	1.09587	1.09738	1.0992	1.08427	1.08407	1.08416	1.08686	1.11238	1.08383	0.911833	0.891815	0.892538	0.892316	0.896288	0.898835	1.07988	1.07739	1.08111	1.08207	1.07747	1.07919	1.12289	1.11132	1.11186	1.12262	1.11169	1.12206	1.10727	1.10548	1.10377	1.10851	1.12201	1.10751	1.13132	1.12129	1.13441	1.13604	1.11525	1.11529
ERR626955	0.821413	0.820873	0.858015	0.823648	0.821566	0.815677	0.983366	1.01775	0.986033	0.989063	0.972192	0.964962	0.872134	0.869029	0.874642	0.876075	0.875113	0.871925	0.918699	0.943789	0.907559	0.916276	0.904922	0.908231	0.838196	0.836612	0.837614	0.840822	0.845452	0.839845	0.872806	0.862834	0.863258	0.871232	0.854515	0.864099	0.946605	0.915817	0.924495	0.91442	0.916675	0.924524	0.820577	0.79667	0.788929	0	0.795348	0.810262	1.12718	1.11064	1.13178	1.10989	1.12876	1.12991	1.09844	1.0968	1.09447	1.09426	1.09578	1.09752	1.08306	1.08288	1.0827	1.08571	1.11129	1.08286	0.909535	0.888506	0.889694	0.889486	0.893476	0.896198	1.07831	1.07524	1.07951	1.08045	1.07594	1.07744	1.12195	1.11021	1.111	1.12156	1.11062	1.12096	1.10514	1.10405	1.1022	1.10707	1.12055	1.10575	1.13004	1.11972	1.13322	1.13485	1.11388	1.11381
ERR626953	0.82869	0.828346	0.866206	0.831299	0.828821	0.82273	0.988249	1.02235	0.990281	0.993283	0.977646	0.97034	0.880356	0.876318	0.881421	0.882846	0.881737	0.879283	0.922732	0.948571	0.910723	0.920189	0.908235	0.911899	0.84587	0.844795	0.844275	0.848248	0.852518	0.846957	0.877911	0.868198	0.867711	0.875991	0.859874	0.869403	0.951869	0.920237	0.92918	0.9187	0.921091	0.929054	0.823025	0.798607	0.79737	0.795348	0	0.817873	1.12981	1.11349	1.13529	1.11269	1.13176	1.13301	1.1031	1.10132	1.09878	1.0985	1.10044	1.10196	1.08684	1.08669	1.08662	1.08934	1.11584	1.08598	0.913856	0.89464	0.895149	0.894887	0.898535	0.900492	1.08256	1.07974	1.08421	1.08504	1.07999	1.08184	1.12481	1.11318	1.11392	1.12468	1.11339	1.12419	1.10946	1.10789	1.10598	1.11087	1.12413	1.11003	1.13381	1.12403	1.13672	1.13803	1.11767	1.11741
ERR626954	0.846642	0.846065	0.8777	0.848135	0.846874	0.842406	1.00196	1.03369	1.00442	1.00742	0.991877	0.985808	0.898589	0.89573	0.900375	0.901728	0.900412	0.897891	0.93723	0.959576	0.927012	0.934361	0.924945	0.927649	0.865146	0.863852	0.864392	0.86719	0.87014	0.866085	0.894037	0.885316	0.885908	0.893112	0.878669	0.88703	0.963361	0.936458	0.943974	0.935291	0.937394	0.944013	0.8382	0.818888	0.812535	0.810262	0.817873	0	1.14418	1.12876	1.14832	1.12799	1.14558	1.14667	1.11711	1.11561	1.11344	1.11314	1.11472	1.11613	1.1016	1.10131	1.10111	1.10373	1.12705	1.1012	0.928192	0.909181	0.909855	0.909661	0.913554	0.916551	1.09586	1.09367	1.09716	1.09822	1.09384	1.09501	1.13735	1.12643	1.12716	1.1371	1.12685	1.13615	1.12389	1.12241	1.12075	1.12523	1.13748	1.12403	1.14662	1.13688	1.14923	1.1507	1.13156	1.13144
