	ERR637000	ERR636999	ERR636997	ERR636998	ERR637001	ERR637002	ERR613997	ERR613999	ERR613998	ERR613996	ERR614001	ERR614000	ERR613666	ERR613669	ERR613667	ERR613668	ERR613670	ERR613665	ERR618718	ERR618722	ERR618721	ERR618720	ERR618719	ERR618717	ERR612205	ERR612203	ERR612206	ERR612204	ERR612208	ERR612207	ERR613329	ERR613332	ERR613333	ERR613330	ERR613334	ERR613331	ERR607785	ERR607781	ERR607783	ERR607784	ERR607786	ERR607782	ERR608153	ERR608149	ERR608151	ERR608154	ERR608152	ERR608150	ERR617330	ERR617329	ERR617326	ERR617327	ERR617325	ERR617328	ERR622132	ERR622133	ERR622135	ERR622131	ERR622136	ERR622134	ERR629611	ERR629607	ERR629610	ERR629609	ERR629608	ERR629606	ERR608241	ERR608242	ERR608240	ERR608239	ERR608244	ERR608243	ERR607591	ERR607593	ERR607596	ERR607594	ERR607592	ERR607595	ERR617066	ERR617064	ERR617067	ERR617068	ERR617065	ERR617063	ERR616444	ERR616447	ERR616449	ERR616445	ERR616448	ERR616446	ERR609168	ERR609166	ERR609165	ERR609164	ERR609163	ERR609167
ERR637000	0	0.251961	0.253975	0.25121	0.248936	0.2497	0.329862	0.328964	0.337766	0.335105	0.329382	0.329488	0.350938	0.349249	0.352488	0.349171	0.383078	0.346077	0.357008	0.368051	0.36526	0.363854	0.35921	0.365621	0.382689	0.376783	0.380567	0.381823	0.385431	0.405399	0.325445	0.339975	0.338031	0.334641	0.375122	0.328421	0.32756	0.327026	0.32786	0.340217	0.328604	0.336628	0.313708	0.335487	0.311047	0.308177	0.312678	0.307371	0.538074	0.537727	0.541118	0.540951	0.53449	0.536509	0.461849	0.462046	0.463928	0.467276	0.471152	0.462849	0.419664	0.424883	0.420178	0.423479	0.424531	0.440263	0.455838	0.44493	0.451393	0.45858	0.448882	0.446464	0.429125	0.414453	0.429074	0.428693	0.413656	0.428355	0.474036	0.461374	0.475018	0.474166	0.461902	0.463995	0.472057	0.460406	0.460772	0.538138	0.460735	0.470612	0.430051	0.438228	0.431688	0.428448	0.427232	0.43001
ERR636999	0.251961	0	0.252555	0.252619	0.251461	0.252487	0.331402	0.331382	0.335435	0.337903	0.331828	0.331845	0.349224	0.349438	0.350582	0.349108	0.381092	0.345433	0.359834	0.372243	0.368888	0.367755	0.362451	0.369458	0.382901	0.378391	0.381383	0.381619	0.386202	0.405504	0.326963	0.342306	0.340255	0.334489	0.373479	0.328414	0.32709	0.327944	0.328748	0.337544	0.328367	0.333503	0.317191	0.331782	0.314073	0.308957	0.316072	0.308773	0.543053	0.542594	0.545505	0.545184	0.537573	0.541402	0.464022	0.464256	0.466157	0.469999	0.472664	0.464692	0.419957	0.424161	0.420223	0.423871	0.424598	0.441317	0.460429	0.447304	0.454962	0.459242	0.451203	0.448528	0.430855	0.415521	0.430929	0.430514	0.41385	0.430284	0.471456	0.462066	0.472573	0.471487	0.462871	0.463414	0.473379	0.461003	0.461269	0.539172	0.461425	0.472229	0.428478	0.437553	0.429269	0.427118	0.42638	0.428734
ERR636997	0.253975	0.252555	0	0.25689	0.253931	0.253402	0.338662	0.337963	0.338932	0.346427	0.338474	0.338625	0.35176	0.348297	0.351704	0.348078	0.375067	0.348409	0.363282	0.376694	0.373013	0.371495	0.365871	0.374107	0.38234	0.378592	0.380877	0.381139	0.384793	0.401031	0.326813	0.335684	0.333874	0.330685	0.363372	0.327079	0.335386	0.336063	0.337259	0.342874	0.336956	0.3391	0.321866	0.325181	0.317799	0.310316	0.320277	0.309443	0.541305	0.540738	0.541679	0.541632	0.533975	0.539701	0.466232	0.466472	0.469167	0.473156	0.469787	0.464471	0.424228	0.430077	0.424772	0.429353	0.430421	0.448629	0.46194	0.446811	0.454505	0.454601	0.449207	0.447475	0.437994	0.420408	0.43819	0.437671	0.418805	0.437339	0.468159	0.45961	0.469048	0.468109	0.461011	0.460919	0.470396	0.462809	0.463537	0.531321	0.463856	0.469544	0.431981	0.435466	0.430687	0.429771	0.428811	0.432075
ERR636998	0.25121	0.252619	0.25689	0	0.251298	0.252121	0.326236	0.325823	0.34038	0.328896	0.325919	0.326115	0.352141	0.353178	0.354913	0.352666	0.392744	0.346039	0.350434	0.359603	0.357337	0.356209	0.352397	0.35705	0.38625	0.379158	0.383852	0.385135	0.389887	0.412904	0.325911	0.346579	0.344395	0.340271	0.386843	0.330954	0.32299	0.321338	0.322231	0.3417	0.323713	0.336882	0.3087	0.344978	0.307245	0.308866	0.308694	0.308236	0.535113	0.534792	0.540433	0.540301	0.534281	0.53353	0.457642	0.457926	0.459321	0.461525	0.472855	0.461692	0.416237	0.419902	0.416578	0.418791	0.419318	0.43272	0.451234	0.443602	0.449233	0.461822	0.44915	0.445703	0.42124	0.409509	0.421065	0.420826	0.408862	0.420605	0.476461	0.461596	0.477951	0.476748	0.461713	0.465049	0.472892	0.456974	0.457026	0.544371	0.457023	0.470894	0.428884	0.441725	0.432282	0.427559	0.426375	0.428646
ERR637001	0.248936	0.251461	0.253931	0.251298	0	0.24982	0.3305	0.329575	0.337704	0.335582	0.330055	0.330018	0.351551	0.35071	0.352899	0.350295	0.384054	0.34663	0.356764	0.368133	0.365112	0.363791	0.359094	0.365548	0.38413	0.378175	0.38167	0.383078	0.386727	0.40693	0.326343	0.341578	0.339591	0.33556	0.376159	0.329256	0.327413	0.32708	0.328007	0.340418	0.328716	0.336503	0.313895	0.335402	0.311301	0.308226	0.31282	0.30788	0.53855	0.538073	0.541556	0.541442	0.534836	0.537011	0.462125	0.462561	0.464302	0.467591	0.471721	0.463351	0.419476	0.424464	0.419963	0.423295	0.424379	0.440167	0.456335	0.445087	0.451785	0.458709	0.449067	0.446553	0.429164	0.41442	0.429087	0.428749	0.413506	0.428327	0.473144	0.46121	0.474246	0.473446	0.461794	0.463599	0.471903	0.460212	0.460484	0.538328	0.46053	0.470702	0.429846	0.438454	0.43143	0.428269	0.427165	0.42982
ERR637002	0.2497	0.252487	0.253402	0.252121	0.24982	0	0.33284	0.331648	0.339292	0.338368	0.332215	0.332264	0.35274	0.350225	0.353552	0.349973	0.382448	0.347931	0.358168	0.369704	0.366626	0.365385	0.360592	0.367402	0.383839	0.378418	0.3818	0.383175	0.386478	0.405445	0.326169	0.339059	0.337249	0.3343	0.373262	0.328777	0.330619	0.330098	0.330888	0.342572	0.331548	0.338876	0.315367	0.334124	0.312701	0.308672	0.314114	0.308223	0.537195	0.536954	0.539654	0.539692	0.533111	0.535814	0.461916	0.462256	0.464437	0.467831	0.469871	0.462303	0.420311	0.425977	0.420978	0.424545	0.425812	0.442275	0.455383	0.443478	0.450178	0.456228	0.447138	0.445039	0.431163	0.415429	0.430989	0.430569	0.414679	0.430287	0.472358	0.46015	0.473424	0.472724	0.460983	0.462878	0.470614	0.460433	0.460634	0.535649	0.460563	0.469313	0.430776	0.437328	0.431945	0.428706	0.427581	0.430675
ERR613997	0.329862	0.331402	0.338662	0.326236	0.3305	0.33284	0	0.23238	0.256498	0.236296	0.232163	0.23243	0.329125	0.339398	0.334096	0.338404	0.388466	0.323326	0.368511	0.375344	0.373876	0.373344	0.371113	0.371674	0.37427	0.365488	0.371394	0.371772	0.379077	0.408901	0.348727	0.37995	0.377998	0.367921	0.421683	0.354962	0.301893	0.300518	0.300953	0.30885	0.303126	0.306225	0.317075	0.368011	0.316689	0.325313	0.318387	0.323912	0.593269	0.593339	0.601829	0.601761	0.596606	0.592017	0.47523	0.476641	0.475481	0.476657	0.503259	0.486556	0.428841	0.427726	0.428474	0.428167	0.427048	0.437092	0.492812	0.489871	0.495335	0.514525	0.497669	0.492751	0.447197	0.442542	0.447565	0.447732	0.442223	0.446972	0.536237	0.520756	0.537655	0.535861	0.52039	0.524177	0.529449	0.505728	0.505959	0.603406	0.505279	0.526897	0.453833	0.478131	0.459491	0.454259	0.4533	0.453403
ERR613999	0.328964	0.331382	0.337963	0.325823	0.329575	0.331648	0.23238	0	0.255979	0.238392	0.230481	0.230896	0.330436	0.33836	0.33488	0.337544	0.387134	0.323977	0.371201	0.377254	0.376042	0.375071	0.373154	0.374241	0.373545	0.364633	0.370346	0.371486	0.377783	0.407099	0.348076	0.377459	0.375463	0.36695	0.419756	0.354516	0.30492	0.303106	0.303541	0.309873	0.305987	0.30857	0.315852	0.367036	0.315819	0.323805	0.316763	0.322437	0.592218	0.592213	0.600496	0.600505	0.595866	0.591064	0.474775	0.476103	0.475103	0.476524	0.501491	0.485165	0.428885	0.42907	0.428874	0.42891	0.428152	0.439209	0.489892	0.487402	0.492404	0.51161	0.495023	0.490232	0.448438	0.442737	0.448542	0.448703	0.442822	0.448114	0.537136	0.52089	0.538531	0.537036	0.520477	0.524912	0.528787	0.50669	0.506887	0.601578	0.506202	0.52629	0.454698	0.477042	0.460211	0.45486	0.45367	0.454317
ERR613998	0.337766	0.335435	0.338932	0.34038	0.337704	0.339292	0.256498	0.255979	0	0.277815	0.257018	0.257359	0.322848	0.329178	0.32196	0.328572	0.357652	0.323559	0.406779	0.420761	0.417227	0.416322	0.411205	0.415475	0.365493	0.363037	0.364317	0.360927	0.368681	0.388689	0.35426	0.374674	0.37256	0.358222	0.396581	0.353494	0.321284	0.325355	0.326091	0.297982	0.324096	0.300538	0.340383	0.34586	0.336497	0.332375	0.339945	0.330618	0.62436	0.624282	0.627363	0.627259	0.619415	0.623081	0.490066	0.492354	0.492417	0.496915	0.50394	0.494641	0.437733	0.440276	0.437891	0.441915	0.441255	0.46258	0.51028	0.496279	0.506039	0.509122	0.500258	0.497574	0.473123	0.458837	0.473929	0.473642	0.456297	0.472758	0.539076	0.534096	0.539708	0.537351	0.535101	0.533396	0.542197	0.525518	0.52617	0.603469	0.52626	0.540972	0.451419	0.465079	0.449937	0.45014	0.45078	0.451586
ERR613996	0.335105	0.337903	0.346427	0.328896	0.335582	0.338368	0.236296	0.238392	0.277815	0	0.237591	0.238083	0.340334	0.352116	0.347212	0.350967	0.406089	0.332502	0.355494	0.358786	0.358194	0.357815	0.357251	0.35566	0.385142	0.374529	0.381814	0.383208	0.390315	0.422981	0.352914	0.387926	0.38578	0.377197	0.435159	0.361611	0.304578	0.30144	0.301679	0.325072	0.304826	0.320429	0.315802	0.382446	0.317326	0.330562	0.31785	0.32969	0.580606	0.58071	0.591943	0.591899	0.587658	0.579409	0.471949	0.473146	0.471273	0.471336	0.505468	0.485989	0.430757	0.428173	0.430264	0.428274	0.426844	0.431345	0.488387	0.490137	0.493959	0.518802	0.499451	0.493817	0.440454	0.440354	0.440439	0.440676	0.440654	0.440174	0.535393	0.51661	0.537278	0.535567	0.515716	0.521414	0.526034	0.499102	0.499047	0.605078	0.49817	0.523013	0.459216	0.486933	0.467399	0.460247	0.458931	0.458674
ERR614001	0.329382	0.331828	0.338474	0.325919	0.330055	0.332215	0.232163	0.230481	0.257018	0.237591	0	0.230655	0.331191	0.33951	0.335864	0.338763	0.388735	0.324814	0.369877	0.375721	0.374741	0.373876	0.372093	0.3726	0.37485	0.365782	0.37159	0.372881	0.379193	0.408594	0.348491	0.378164	0.376339	0.36775	0.420924	0.355216	0.30446	0.302519	0.302922	0.310091	0.305394	0.30841	0.315653	0.367677	0.315744	0.323994	0.316758	0.322915	0.592073	0.592059	0.600437	0.600617	0.5958	0.590784	0.475169	0.476136	0.475271	0.476611	0.502135	0.485645	0.428947	0.42883	0.428875	0.428872	0.42794	0.438617	0.490201	0.487825	0.492799	0.512381	0.495567	0.49086	0.447985	0.442672	0.448221	0.448235	0.442749	0.447604	0.537263	0.520955	0.538776	0.537282	0.520728	0.524942	0.528855	0.506435	0.506689	0.602235	0.505913	0.526451	0.454995	0.477976	0.460695	0.455247	0.45412	0.454591
ERR614000	0.329488	0.331845	0.338625	0.326115	0.330018	0.332264	0.23243	0.230896	0.257359	0.238083	0.230655	0	0.331041	0.338906	0.33543	0.338151	0.387958	0.324481	0.370782	0.376622	0.37562	0.374838	0.373074	0.373645	0.373928	0.365012	0.370774	0.372042	0.37824	0.407663	0.348578	0.378152	0.376084	0.367681	0.420693	0.355079	0.304954	0.303088	0.303372	0.31041	0.305863	0.308858	0.315748	0.367804	0.315821	0.324126	0.316691	0.322855	0.591817	0.591797	0.600108	0.600178	0.595729	0.590556	0.474557	0.475761	0.47472	0.476165	0.501404	0.485021	0.428955	0.429028	0.428728	0.42886	0.428012	0.438823	0.489952	0.487525	0.492354	0.512041	0.49516	0.490475	0.448111	0.44248	0.448089	0.448303	0.442575	0.447751	0.537236	0.520804	0.538747	0.537187	0.520497	0.524857	0.52873	0.506471	0.506713	0.601802	0.505955	0.526202	0.454574	0.477365	0.460276	0.45485	0.453542	0.454132
ERR613666	0.350938	0.349224	0.35176	0.352141	0.351551	0.35274	0.329125	0.330436	0.322848	0.340334	0.331191	0.331041	0	0.266743	0.256666	0.265509	0.305839	0.253644	0.411456	0.423877	0.421075	0.420489	0.415484	0.41865	0.322859	0.319999	0.32277	0.318547	0.327279	0.351986	0.335349	0.357686	0.355872	0.341565	0.381241	0.334745	0.344772	0.347923	0.348823	0.343246	0.347037	0.341117	0.36572	0.376013	0.36155	0.360658	0.365891	0.359582	0.621199	0.621191	0.626299	0.625916	0.617378	0.619725	0.478553	0.480875	0.480522	0.48404	0.494694	0.483959	0.46779	0.467823	0.467439	0.469609	0.468942	0.482777	0.531132	0.519228	0.52855	0.533932	0.524141	0.520607	0.486669	0.476169	0.487773	0.487459	0.473809	0.486828	0.539038	0.533883	0.539913	0.537376	0.534395	0.532575	0.553695	0.533535	0.533961	0.618229	0.534686	0.552197	0.455454	0.472603	0.455052	0.455007	0.455728	0.455765
ERR613669	0.349249	0.349438	0.348297	0.353178	0.35071	0.350225	0.339398	0.33836	0.329178	0.352116	0.33951	0.338906	0.266743	0	0.263272	0.256973	0.287286	0.265117	0.416519	0.428022	0.42538	0.424224	0.419524	0.425165	0.316355	0.315193	0.315865	0.315208	0.317731	0.333774	0.333813	0.341329	0.340622	0.334422	0.362945	0.332906	0.360904	0.362304	0.36309	0.354417	0.362698	0.354403	0.369357	0.368444	0.365014	0.359374	0.367599	0.358253	0.61359	0.6133	0.615944	0.615912	0.609017	0.612095	0.480262	0.481414	0.483377	0.487644	0.485652	0.479549	0.473704	0.477638	0.474224	0.477775	0.478063	0.495048	0.526744	0.514245	0.521694	0.523333	0.517101	0.515249	0.49741	0.482469	0.497716	0.497249	0.480884	0.496988	0.537276	0.530191	0.538109	0.53685	0.531194	0.53107	0.54706	0.536239	0.5367	0.603534	0.537003	0.545963	0.462457	0.467203	0.460136	0.460314	0.45986	0.462649
ERR613667	0.352488	0.350582	0.351704	0.354913	0.352899	0.353552	0.334096	0.33488	0.32196	0.347212	0.335864	0.33543	0.256666	0.263272	0	0.2622	0.295403	0.258718	0.4186	0.431557	0.42853	0.427657	0.422461	0.427169	0.320811	0.320594	0.320762	0.316922	0.324158	0.344853	0.337096	0.355	0.353188	0.338877	0.373044	0.335606	0.350855	0.354495	0.355332	0.343748	0.353255	0.342799	0.370608	0.371079	0.366219	0.362284	0.370165	0.361285	0.624924	0.624777	0.628421	0.628355	0.619676	0.623512	0.482847	0.484958	0.485212	0.489898	0.494165	0.485649	0.471029	0.471883	0.470814	0.473878	0.473199	0.48923	0.535076	0.521769	0.53111	0.533032	0.525519	0.522707	0.493264	0.480437	0.494128	0.493818	0.477905	0.493034	0.53927	0.535171	0.540032	0.537618	0.536211	0.533777	0.554262	0.537492	0.537912	0.615077	0.538683	0.553259	0.456879	0.469777	0.454692	0.455798	0.456434	0.457128
ERR613668	0.349171	0.349108	0.348078	0.352666	0.350295	0.349973	0.338404	0.337544	0.328572	0.350967	0.338763	0.338151	0.265509	0.256973	0.2622	0	0.288096	0.264455	0.415481	0.426883	0.424245	0.423246	0.418457	0.42423	0.316376	0.315088	0.315711	0.314751	0.317896	0.334432	0.333475	0.341569	0.34052	0.334046	0.363381	0.332366	0.359362	0.360745	0.361546	0.353235	0.361089	0.352929	0.368562	0.368211	0.364114	0.358883	0.367061	0.357731	0.6139	0.61363	0.616313	0.616391	0.609449	0.612507	0.48046	0.48154	0.483278	0.487674	0.486243	0.479918	0.473448	0.476999	0.473972	0.477333	0.477575	0.494237	0.527283	0.514812	0.522359	0.524194	0.517825	0.515826	0.496874	0.482187	0.497143	0.496793	0.480461	0.496462	0.536986	0.530252	0.537973	0.536483	0.531151	0.530923	0.547393	0.535991	0.536355	0.604227	0.536856	0.546261	0.462254	0.467734	0.460017	0.460285	0.459887	0.462431
ERR613670	0.383078	0.381092	0.375067	0.392744	0.384054	0.382448	0.388466	0.387134	0.357652	0.406089	0.388735	0.387958	0.305839	0.287286	0.295403	0.288096	0	0.311286	0.459572	0.475457	0.471659	0.469962	0.463227	0.472614	0.339109	0.346598	0.341353	0.337212	0.337253	0.330467	0.36748	0.355986	0.355502	0.349357	0.345031	0.359986	0.406791	0.410965	0.411607	0.3853	0.409308	0.387994	0.414474	0.369503	0.408278	0.392445	0.411831	0.391709	0.63737	0.636929	0.633999	0.633904	0.625068	0.635913	0.511387	0.512495	0.515993	0.52311	0.496299	0.501291	0.503271	0.51003	0.503974	0.510677	0.511294	0.534108	0.557014	0.53538	0.545847	0.52957	0.533647	0.534671	0.537005	0.515637	0.53765	0.536823	0.512976	0.536433	0.541416	0.545324	0.541296	0.540396	0.547673	0.542029	0.56035	0.56108	0.562063	0.598298	0.562953	0.560738	0.484161	0.471628	0.474355	0.480294	0.480795	0.484866
ERR613665	0.346077	0.345433	0.348409	0.346039	0.34663	0.347931	0.323326	0.323977	0.323559	0.332502	0.324814	0.324481	0.253644	0.265117	0.258718	0.264455	0.311286	0	0.403287	0.413838	0.41131	0.410772	0.406779	0.409379	0.322754	0.317863	0.321951	0.319634	0.32755	0.354323	0.331026	0.353725	0.35209	0.340578	0.384054	0.332275	0.340765	0.342209	0.343067	0.343844	0.342505	0.341225	0.357871	0.37748	0.354364	0.354925	0.357687	0.354427	0.611909	0.611922	0.617808	0.617539	0.610099	0.610538	0.472954	0.474772	0.474514	0.477385	0.49131	0.479067	0.46346	0.463745	0.463208	0.464767	0.464335	0.476827	0.523051	0.513674	0.521624	0.530405	0.519162	0.515528	0.480238	0.471131	0.481116	0.480939	0.469245	0.480441	0.537057	0.528938	0.538478	0.536264	0.529061	0.529074	0.548294	0.528086	0.528318	0.614785	0.528757	0.546616	0.454561	0.472527	0.455937	0.454042	0.454175	0.454617
ERR618718	0.357008	0.359834	0.363282	0.350434	0.356764	0.358168	0.368511	0.371201	0.406779	0.355494	0.369877	0.370782	0.411456	0.416519	0.4186	0.415481	0.459572	0.403287	0	0.26121	0.259158	0.259019	0.257501	0.258363	0.445842	0.436201	0.442837	0.444942	0.450427	0.475189	0.362896	0.387398	0.385583	0.385476	0.434159	0.371092	0.373507	0.369768	0.370369	0.424666	0.37227	0.412845	0.337712	0.395866	0.339649	0.347765	0.339146	0.349596	0.502674	0.502196	0.5132	0.51287	0.507737	0.501014	0.463988	0.463894	0.463831	0.463973	0.487669	0.472906	0.44658	0.445607	0.44689	0.444989	0.445388	0.443159	0.475366	0.475986	0.47727	0.496446	0.483505	0.478951	0.441786	0.441024	0.441402	0.441477	0.440916	0.441427	0.480711	0.462354	0.482753	0.481508	0.460718	0.467188	0.475227	0.454051	0.4529	0.553132	0.453172	0.472351	0.481069	0.496809	0.488133	0.480959	0.479235	0.480501
ERR618722	0.368051	0.372243	0.376694	0.359603	0.368133	0.369704	0.375344	0.377254	0.420761	0.358786	0.375721	0.376622	0.423877	0.428022	0.431557	0.426883	0.475457	0.413838	0.26121	0	0.25443	0.254823	0.259215	0.256977	0.455696	0.444923	0.452523	0.456217	0.460393	0.487263	0.373798	0.400232	0.398856	0.400801	0.451833	0.384353	0.381348	0.375699	0.376043	0.437001	0.379463	0.425047	0.342868	0.41432	0.346558	0.358701	0.344535	0.360717	0.500483	0.500276	0.514692	0.514522	0.511656	0.499028	0.468851	0.467896	0.467229	0.466218	0.496959	0.479694	0.453402	0.451746	0.453812	0.450447	0.450786	0.444558	0.47588	0.482413	0.481104	0.507247	0.491226	0.486071	0.442482	0.445518	0.441691	0.441937	0.446691	0.442163	0.493911	0.47106	0.496311	0.495302	0.468704	0.478111	0.482536	0.458716	0.457506	0.564216	0.457166	0.479379	0.491213	0.509637	0.500249	0.491811	0.489402	0.490638
ERR618721	0.36526	0.368888	0.373013	0.357337	0.365112	0.366626	0.373876	0.376042	0.417227	0.358194	0.374741	0.37562	0.421075	0.42538	0.42853	0.424245	0.471659	0.41131	0.259158	0.25443	0	0.254227	0.258399	0.256638	0.453082	0.442522	0.449749	0.453111	0.45744	0.484002	0.370698	0.396603	0.395003	0.396266	0.446818	0.380494	0.379794	0.374719	0.375138	0.434395	0.37809	0.422511	0.341516	0.409605	0.344713	0.355843	0.342943	0.357928	0.50061	0.500293	0.513576	0.513285	0.509711	0.499092	0.467052	0.466331	0.46578	0.465159	0.493719	0.477146	0.451682	0.450236	0.451966	0.449021	0.449373	0.444257	0.475658	0.480455	0.479681	0.503799	0.488825	0.483772	0.442415	0.444528	0.441783	0.441954	0.445265	0.442011	0.489566	0.467997	0.491952	0.490905	0.465943	0.474493	0.47983	0.457008	0.455783	0.560535	0.455631	0.476783	0.488348	0.505896	0.49691	0.488607	0.486359	0.487692
ERR618720	0.363854	0.367755	0.371495	0.356209	0.363791	0.365385	0.373344	0.375071	0.416322	0.357815	0.373876	0.374838	0.420489	0.424224	0.427657	0.423246	0.469962	0.410772	0.259019	0.254823	0.254227	0	0.258191	0.257094	0.452458	0.442079	0.449226	0.452626	0.456877	0.482828	0.369393	0.394404	0.392787	0.394706	0.444597	0.379111	0.379323	0.374409	0.374698	0.433542	0.377683	0.42155	0.340858	0.407702	0.343676	0.354556	0.342178	0.356282	0.499765	0.499432	0.512457	0.512116	0.508532	0.498242	0.466677	0.46583	0.465585	0.465042	0.492564	0.476411	0.45105	0.44972	0.451205	0.448416	0.449014	0.444296	0.474698	0.479061	0.478477	0.501988	0.487256	0.482475	0.442662	0.443909	0.441907	0.442066	0.444995	0.442278	0.488332	0.466784	0.490692	0.4898	0.464775	0.473444	0.478639	0.456626	0.455405	0.558649	0.455438	0.475684	0.487744	0.504532	0.495954	0.487967	0.485856	0.487266
ERR618719	0.35921	0.362451	0.365871	0.352397	0.359094	0.360592	0.371113	0.373154	0.411205	0.357251	0.372093	0.373074	0.415484	0.419524	0.422461	0.418457	0.463227	0.406779	0.257501	0.259215	0.258399	0.258191	0	0.258076	0.447982	0.438476	0.445273	0.44806	0.452765	0.477441	0.365823	0.389925	0.388523	0.389176	0.437106	0.374698	0.376533	0.372261	0.372721	0.428546	0.374982	0.416702	0.339211	0.398633	0.341419	0.349707	0.340386	0.351703	0.500464	0.500153	0.511695	0.5114	0.506752	0.498868	0.466537	0.465676	0.465788	0.465805	0.49013	0.475085	0.449187	0.448087	0.449454	0.447316	0.447452	0.444557	0.475784	0.477667	0.478191	0.498504	0.485485	0.480842	0.442921	0.442614	0.442481	0.44256	0.443133	0.442646	0.483214	0.463699	0.485414	0.484333	0.462181	0.469146	0.475385	0.454499	0.45337	0.553533	0.4536	0.472598	0.484839	0.50032	0.49188	0.484907	0.482832	0.484206
ERR618717	0.365621	0.369458	0.374107	0.35705	0.365548	0.367402	0.371674	0.374241	0.415475	0.35566	0.3726	0.373645	0.41865	0.425165	0.427169	0.42423	0.472614	0.409379	0.258363	0.256977	0.256638	0.257094	0.258076	0	0.453267	0.442225	0.450268	0.45277	0.458527	0.485554	0.370407	0.398813	0.397252	0.397137	0.450233	0.380408	0.376584	0.371298	0.37178	0.431971	0.374957	0.419743	0.340998	0.411885	0.343743	0.356355	0.342822	0.358211	0.503635	0.503424	0.517446	0.516968	0.513017	0.502079	0.46498	0.464613	0.463896	0.462497	0.494384	0.476703	0.449126	0.447123	0.449125	0.445896	0.44617	0.44049	0.474696	0.47956	0.47955	0.505103	0.488474	0.483167	0.438999	0.441914	0.438532	0.438614	0.442744	0.438848	0.490798	0.469118	0.493096	0.491703	0.466686	0.475096	0.481964	0.456462	0.455261	0.564543	0.45513	0.478554	0.485793	0.505478	0.494769	0.486228	0.484133	0.485318
ERR612205	0.382689	0.382901	0.38234	0.38625	0.38413	0.383839	0.37427	0.373545	0.365493	0.385142	0.37485	0.373928	0.322859	0.316355	0.320811	0.316376	0.339109	0.322754	0.445842	0.455696	0.453082	0.452458	0.447982	0.453267	0	0.259572	0.258579	0.258172	0.260234	0.278828	0.367118	0.375664	0.374537	0.367582	0.392649	0.36596	0.391502	0.393567	0.393758	0.387632	0.393218	0.387552	0.397266	0.397285	0.393893	0.38933	0.396347	0.388456	0.627644	0.627441	0.63134	0.631443	0.62495	0.626436	0.493722	0.494081	0.495591	0.500364	0.500206	0.493368	0.499403	0.502148	0.499816	0.502722	0.502582	0.517279	0.546075	0.535398	0.541949	0.545064	0.538879	0.53658	0.518322	0.504988	0.51821	0.518268	0.503284	0.517823	0.559852	0.553649	0.560916	0.5592	0.554148	0.553853	0.566476	0.554435	0.554771	0.624342	0.555043	0.565605	0.48205	0.487789	0.479316	0.480207	0.480237	0.482275
ERR612203	0.376783	0.378391	0.378592	0.379158	0.378175	0.378418	0.365488	0.364633	0.363037	0.374529	0.365782	0.365012	0.319999	0.315193	0.320594	0.315088	0.346598	0.317863	0.436201	0.444923	0.442522	0.442079	0.438476	0.442225	0.259572	0	0.258569	0.259879	0.262809	0.287026	0.361449	0.372592	0.371403	0.366123	0.39839	0.36228	0.384207	0.384854	0.385093	0.38495	0.385646	0.384466	0.388348	0.400472	0.385279	0.384104	0.387451	0.383055	0.619609	0.619362	0.624633	0.624614	0.619147	0.618403	0.48549	0.486295	0.487125	0.49051	0.497084	0.487602	0.492757	0.495692	0.493241	0.495406	0.495618	0.508606	0.536469	0.528568	0.534185	0.542175	0.532875	0.530192	0.509213	0.497612	0.508966	0.508933	0.496693	0.508648	0.55846	0.548921	0.559866	0.558405	0.548869	0.550477	0.562371	0.548736	0.548824	0.623717	0.548961	0.56096	0.478644	0.487062	0.478347	0.476776	0.476508	0.478597
ERR612206	0.380567	0.381383	0.380877	0.383852	0.38167	0.3818	0.371394	0.370346	0.364317	0.381814	0.37159	0.370774	0.32277	0.315865	0.320762	0.315711	0.341353	0.321951	0.442837	0.452523	0.449749	0.449226	0.445273	0.450268	0.258579	0.258569	0	0.259464	0.259044	0.279133	0.365004	0.373795	0.372831	0.366601	0.393708	0.364441	0.38995	0.391713	0.391903	0.387069	0.391453	0.387079	0.394481	0.397946	0.391365	0.387419	0.393372	0.386544	0.624648	0.624425	0.628498	0.628652	0.622562	0.623395	0.490984	0.491576	0.492746	0.497356	0.498406	0.490966	0.497297	0.500225	0.497755	0.500351	0.500707	0.515043	0.542663	0.532766	0.539286	0.543662	0.536363	0.53415	0.515729	0.502778	0.515454	0.515546	0.501273	0.515148	0.559089	0.552087	0.560316	0.55865	0.552238	0.552611	0.564693	0.552514	0.5527	0.623206	0.552807	0.563874	0.480969	0.487043	0.479003	0.479072	0.478995	0.481161
ERR612204	0.381823	0.381619	0.381139	0.385135	0.383078	0.383175	0.371772	0.371486	0.360927	0.383208	0.372881	0.372042	0.318547	0.315208	0.316922	0.314751	0.337212	0.319634	0.444942	0.456217	0.453111	0.452626	0.44806	0.45277	0.258172	0.259879	0.259464	0	0.261557	0.280333	0.365193	0.375392	0.373963	0.365107	0.39179	0.363442	0.388496	0.391178	0.391508	0.383867	0.390491	0.383502	0.397069	0.395599	0.393455	0.388737	0.396054	0.387897	0.63032	0.630038	0.633936	0.633902	0.626822	0.62901	0.491576	0.492876	0.493895	0.498671	0.499278	0.492089	0.496897	0.499203	0.497104	0.500245	0.500247	0.515171	0.546473	0.535236	0.542659	0.545208	0.538776	0.536375	0.516431	0.503273	0.516509	0.516407	0.501293	0.515965	0.557534	0.552832	0.558603	0.556629	0.553198	0.552275	0.566798	0.553879	0.554103	0.625557	0.554514	0.566026	0.478037	0.484862	0.47514	0.475981	0.476663	0.478193
ERR612208	0.385431	0.386202	0.384793	0.389887	0.386727	0.386478	0.379077	0.377783	0.368681	0.390315	0.379193	0.37824	0.327279	0.317731	0.324158	0.317896	0.337253	0.32755	0.450427	0.460393	0.45744	0.456877	0.452765	0.458527	0.260234	0.262809	0.259044	0.261557	0	0.274496	0.369526	0.374487	0.373605	0.367868	0.390288	0.368019	0.397199	0.399188	0.399391	0.391638	0.398787	0.392363	0.401484	0.398363	0.397992	0.392516	0.400049	0.391397	0.628718	0.628388	0.631615	0.631815	0.625491	0.627499	0.495701	0.496152	0.49783	0.503109	0.499194	0.493748	0.502136	0.505748	0.502786	0.505995	0.506299	0.521677	0.54682	0.535688	0.542353	0.544354	0.538755	0.536762	0.522553	0.508331	0.522315	0.522279	0.506721	0.521788	0.561174	0.555055	0.562114	0.560759	0.555585	0.555508	0.567168	0.557212	0.557381	0.622692	0.557688	0.566479	0.484507	0.487083	0.481301	0.482295	0.482079	0.48472
ERR612207	0.405399	0.405504	0.401031	0.412904	0.40693	0.405445	0.408901	0.407099	0.388689	0.422981	0.408594	0.407663	0.351986	0.333774	0.344853	0.334432	0.330467	0.354323	0.475189	0.487263	0.484002	0.482828	0.477441	0.485554	0.278828	0.287026	0.279133	0.280333	0.274496	0	0.389959	0.381685	0.381232	0.378449	0.381555	0.385609	0.427571	0.430142	0.430348	0.413898	0.42946	0.416418	0.428251	0.401322	0.423384	0.412171	0.425497	0.411006	0.639756	0.639223	0.638995	0.639026	0.632311	0.638551	0.514204	0.514483	0.517703	0.524159	0.503578	0.505377	0.521438	0.527456	0.522365	0.527342	0.527927	0.547098	0.562809	0.546716	0.554488	0.546557	0.546769	0.5468	0.547959	0.52932	0.54751	0.547309	0.527689	0.547	0.565271	0.563685	0.565927	0.565248	0.564872	0.562692	0.574171	0.572895	0.573586	0.617583	0.573737	0.574228	0.500692	0.490876	0.493688	0.497107	0.497075	0.50121
ERR613329	0.325445	0.326963	0.326813	0.325911	0.326343	0.326169	0.348727	0.348076	0.35426	0.352914	0.348491	0.348578	0.335349	0.333813	0.337096	0.333475	0.36748	0.331026	0.362896	0.373798	0.370698	0.369393	0.365823	0.370407	0.367118	0.361449	0.365004	0.365193	0.369526	0.389959	0	0.274127	0.27264	0.266485	0.319834	0.257097	0.334672	0.334284	0.335271	0.350741	0.335772	0.345657	0.316882	0.339645	0.313579	0.311632	0.316014	0.311091	0.540186	0.539844	0.542729	0.542584	0.535496	0.538622	0.430722	0.431644	0.433755	0.437354	0.43936	0.431366	0.416534	0.422023	0.41743	0.420889	0.422204	0.437939	0.461176	0.450212	0.45616	0.461689	0.453799	0.451303	0.441752	0.426307	0.441352	0.440896	0.425251	0.440823	0.473556	0.462239	0.474866	0.473918	0.462777	0.464562	0.47921	0.468703	0.468645	0.542113	0.469043	0.47731	0.426418	0.432167	0.426864	0.423797	0.423537	0.426607
ERR613332	0.339975	0.342306	0.335684	0.346579	0.341578	0.339059	0.37995	0.377459	0.374674	0.387926	0.378164	0.378152	0.357686	0.341329	0.355	0.341569	0.355986	0.353725	0.387398	0.400232	0.396603	0.394404	0.389925	0.398813	0.375664	0.372592	0.373795	0.375392	0.374487	0.381685	0.274127	0	0.258223	0.267332	0.290303	0.271668	0.372063	0.371684	0.372397	0.377139	0.373459	0.375173	0.344297	0.333133	0.339318	0.326951	0.340769	0.326211	0.540885	0.540355	0.537168	0.537095	0.530758	0.539361	0.448053	0.447903	0.45263	0.457768	0.435975	0.438203	0.439749	0.450608	0.441575	0.447619	0.450492	0.471286	0.470517	0.453799	0.459205	0.451767	0.452618	0.453221	0.473443	0.451234	0.472426	0.471919	0.450305	0.471858	0.472106	0.464854	0.472875	0.473876	0.465708	0.466937	0.478301	0.483756	0.483958	0.52173	0.484189	0.477458	0.446725	0.432943	0.442935	0.441741	0.44086	0.447262
ERR613333	0.338031	0.340255	0.333874	0.344395	0.339591	0.337249	0.377998	0.375463	0.37256	0.38578	0.376339	0.376084	0.355872	0.340622	0.353188	0.34052	0.355502	0.35209	0.385583	0.398856	0.395003	0.392787	0.388523	0.397252	0.374537	0.371403	0.372831	0.373963	0.373605	0.381232	0.27264	0.258223	0	0.266296	0.290437	0.270329	0.369617	0.369259	0.370184	0.374869	0.370702	0.372593	0.342775	0.331895	0.337438	0.325284	0.339298	0.324581	0.541511	0.540923	0.538052	0.537875	0.531541	0.540062	0.447581	0.447746	0.452321	0.457394	0.436395	0.438209	0.438871	0.449336	0.440563	0.44672	0.449435	0.470046	0.470369	0.453834	0.459477	0.452189	0.453015	0.453211	0.472322	0.450193	0.471242	0.470799	0.449285	0.470715	0.471856	0.464853	0.47242	0.473334	0.465566	0.466618	0.478488	0.48308	0.483343	0.522577	0.48367	0.47742	0.445904	0.432845	0.442096	0.440867	0.440074	0.446285
ERR613330	0.334641	0.334489	0.330685	0.340271	0.33556	0.3343	0.367921	0.36695	0.358222	0.377197	0.36775	0.367681	0.341565	0.334422	0.338877	0.334046	0.349357	0.340578	0.385476	0.400801	0.396266	0.394706	0.389176	0.397137	0.367582	0.366123	0.366601	0.365107	0.367868	0.378449	0.266485	0.267332	0.266296	0	0.291734	0.262155	0.355479	0.357539	0.358423	0.35809	0.357382	0.35516	0.339303	0.325468	0.333863	0.322159	0.337167	0.321385	0.554336	0.553644	0.551553	0.551481	0.542423	0.552382	0.446073	0.447133	0.450717	0.456452	0.439707	0.439615	0.431584	0.43959	0.432747	0.438814	0.440508	0.461759	0.477332	0.458493	0.467077	0.458578	0.458703	0.458287	0.465869	0.444734	0.46542	0.464855	0.442588	0.464683	0.470598	0.467525	0.471215	0.470602	0.469054	0.466645	0.483617	0.482336	0.482369	0.531938	0.48354	0.482776	0.434476	0.427802	0.429316	0.430013	0.430588	0.435073
ERR613334	0.375122	0.373479	0.363372	0.386843	0.376159	0.373262	0.421683	0.419756	0.396581	0.435159	0.420924	0.420693	0.381241	0.362945	0.373044	0.363381	0.345031	0.384054	0.434159	0.451833	0.446818	0.444597	0.437106	0.450233	0.392649	0.39839	0.393708	0.39179	0.390288	0.381555	0.319834	0.290303	0.290437	0.291734	0	0.309412	0.41335	0.416886	0.417645	0.401649	0.415527	0.40169	0.395057	0.331361	0.388147	0.365556	0.391039	0.364869	0.576409	0.57539	0.566691	0.566666	0.556904	0.574638	0.48721	0.487285	0.49283	0.501351	0.457767	0.470053	0.475199	0.486364	0.476893	0.485632	0.487795	0.513649	0.514796	0.487887	0.497614	0.469201	0.482717	0.485606	0.516516	0.489475	0.516301	0.515631	0.487044	0.515367	0.480156	0.487685	0.479887	0.480253	0.490775	0.483733	0.500111	0.514834	0.515595	0.521596	0.516966	0.501214	0.470652	0.444636	0.458354	0.464784	0.46528	0.471727
ERR613331	0.328421	0.328414	0.327079	0.330954	0.329256	0.328777	0.354962	0.354516	0.353494	0.361611	0.355216	0.355079	0.334745	0.332906	0.335606	0.332366	0.359986	0.332275	0.371092	0.384353	0.380494	0.379111	0.374698	0.380408	0.36596	0.36228	0.364441	0.363442	0.368019	0.385609	0.257097	0.271668	0.270329	0.262155	0.309412	0	0.340482	0.341734	0.34272	0.351079	0.341847	0.346333	0.32472	0.33283	0.32021	0.314288	0.323375	0.31369	0.547669	0.547104	0.54811	0.547832	0.539709	0.545688	0.434748	0.436131	0.43855	0.443093	0.438834	0.433385	0.420741	0.426426	0.421571	0.425979	0.427534	0.445545	0.467407	0.452941	0.460285	0.459765	0.455472	0.45348	0.449493	0.431921	0.449289	0.448788	0.42994	0.448539	0.470941	0.464133	0.471997	0.470821	0.465008	0.464726	0.481158	0.472373	0.472553	0.539894	0.473473	0.479789	0.427037	0.429457	0.424902	0.42376	0.42377	0.427282
ERR607785	0.32756	0.32709	0.335386	0.32299	0.327413	0.330619	0.301893	0.30492	0.321284	0.304578	0.30446	0.304954	0.344772	0.360904	0.350855	0.359362	0.406791	0.340765	0.373507	0.381348	0.379794	0.379323	0.376533	0.376584	0.391502	0.384207	0.38995	0.388496	0.397199	0.427571	0.334672	0.372063	0.369617	0.355479	0.41335	0.340482	0	0.238406	0.239188	0.258555	0.238008	0.251704	0.308627	0.360659	0.307261	0.316637	0.310565	0.316657	0.581031	0.580971	0.589115	0.588676	0.581607	0.579753	0.461778	0.463635	0.462019	0.463747	0.490597	0.473668	0.409463	0.405592	0.408612	0.407794	0.405942	0.414385	0.483456	0.478412	0.485453	0.502107	0.48622	0.480997	0.427456	0.423999	0.428825	0.428595	0.422331	0.428222	0.51446	0.501817	0.5158	0.513792	0.501913	0.503735	0.514964	0.488615	0.488771	0.589456	0.488618	0.512773	0.435564	0.463504	0.441079	0.436883	0.436585	0.435606
ERR607781	0.327026	0.327944	0.336063	0.321338	0.32708	0.330098	0.300518	0.303106	0.325355	0.30144	0.302519	0.303088	0.347923	0.362304	0.354495	0.360745	0.410965	0.342209	0.369768	0.375699	0.374719	0.374409	0.372261	0.371298	0.393567	0.384854	0.391713	0.391178	0.399188	0.430142	0.334284	0.371684	0.369259	0.357539	0.416886	0.341734	0.238406	0	0.236171	0.264989	0.239582	0.256498	0.30462	0.365165	0.303957	0.316231	0.306739	0.315617	0.574534	0.574628	0.583515	0.583262	0.57725	0.573295	0.458637	0.46018	0.458922	0.459558	0.489013	0.471294	0.40785	0.404679	0.407146	0.405719	0.404042	0.411018	0.477545	0.475116	0.480925	0.500767	0.483191	0.478023	0.423663	0.421214	0.425028	0.424858	0.42075	0.424499	0.515223	0.49942	0.51664	0.51489	0.499111	0.502727	0.51242	0.486812	0.486765	0.588085	0.486331	0.509801	0.436763	0.464214	0.443308	0.437776	0.436942	0.436496
ERR607783	0.32786	0.328748	0.337259	0.322231	0.328007	0.330888	0.300953	0.303541	0.326091	0.301679	0.302922	0.303372	0.348823	0.36309	0.355332	0.361546	0.411607	0.343067	0.370369	0.376043	0.375138	0.374698	0.372721	0.37178	0.393758	0.385093	0.391903	0.391508	0.399391	0.430348	0.335271	0.372397	0.370184	0.358423	0.417645	0.34272	0.239188	0.236171	0	0.265761	0.240253	0.257558	0.305449	0.366049	0.305034	0.316942	0.307349	0.31654	0.574865	0.57476	0.583922	0.583733	0.57777	0.573584	0.459807	0.461114	0.459826	0.460454	0.490153	0.472268	0.408846	0.4056	0.408096	0.406686	0.404965	0.411899	0.478411	0.476268	0.481851	0.501916	0.484287	0.479085	0.424533	0.422115	0.425735	0.425551	0.421695	0.425306	0.516317	0.500238	0.517765	0.516014	0.500052	0.503633	0.513014	0.487424	0.487433	0.588679	0.486907	0.510441	0.437779	0.465351	0.444505	0.43904	0.438112	0.437763
ERR607784	0.340217	0.337544	0.342874	0.3417	0.340418	0.342572	0.30885	0.309873	0.297982	0.325072	0.310091	0.31041	0.343246	0.354417	0.343748	0.353235	0.3853	0.343844	0.424666	0.437001	0.434395	0.433542	0.428546	0.431971	0.387632	0.38495	0.387069	0.383867	0.391638	0.413898	0.350741	0.377139	0.374869	0.35809	0.401649	0.351079	0.258555	0.264989	0.265761	0	0.262335	0.23323	0.334887	0.348146	0.330531	0.329603	0.335287	0.328103	0.62592	0.625597	0.628722	0.628405	0.620013	0.62461	0.487013	0.489157	0.489076	0.493242	0.503552	0.492886	0.42153	0.42149	0.420917	0.424112	0.422348	0.442623	0.50734	0.49342	0.50373	0.507658	0.497675	0.494629	0.458863	0.446543	0.460542	0.460185	0.443967	0.459483	0.536564	0.530611	0.537061	0.53532	0.532122	0.530059	0.541006	0.522876	0.523684	0.601537	0.523642	0.539949	0.439443	0.458563	0.439139	0.439368	0.439911	0.439887
ERR607786	0.328604	0.328367	0.336956	0.323713	0.328716	0.331548	0.303126	0.305987	0.324096	0.304826	0.305394	0.305863	0.347037	0.362698	0.353255	0.361089	0.409308	0.342505	0.37227	0.379463	0.37809	0.377683	0.374982	0.374957	0.393218	0.385646	0.391453	0.390491	0.398787	0.42946	0.335772	0.373459	0.370702	0.357382	0.415527	0.341847	0.238008	0.239582	0.240253	0.262335	0	0.255246	0.308371	0.363098	0.307539	0.317533	0.310522	0.317501	0.579655	0.579553	0.588152	0.587748	0.580954	0.578377	0.462354	0.464076	0.462509	0.464021	0.491731	0.474568	0.410744	0.406815	0.409909	0.408869	0.407027	0.414701	0.483361	0.479246	0.485807	0.503411	0.487196	0.481951	0.427556	0.424718	0.42874	0.428699	0.422983	0.428217	0.515426	0.502044	0.516752	0.514782	0.501936	0.504394	0.515206	0.488798	0.488788	0.590246	0.488488	0.513016	0.437512	0.465544	0.443469	0.438902	0.438432	0.437553
ERR607782	0.336628	0.333503	0.3391	0.336882	0.336503	0.338876	0.306225	0.30857	0.300538	0.320429	0.30841	0.308858	0.341117	0.354403	0.342799	0.352929	0.387994	0.341225	0.412845	0.425047	0.422511	0.42155	0.416702	0.419743	0.387552	0.384466	0.387079	0.383502	0.392363	0.416418	0.345657	0.375173	0.372593	0.35516	0.40169	0.346333	0.251704	0.256498	0.257558	0.23323	0.255246	0	0.329215	0.347468	0.324998	0.32578	0.329901	0.324227	0.616596	0.616309	0.62008	0.619814	0.611195	0.615283	0.480472	0.482663	0.482511	0.4862	0.499583	0.487825	0.416671	0.41519	0.415973	0.418485	0.416379	0.43457	0.503068	0.490188	0.499992	0.505342	0.495043	0.491646	0.450382	0.439616	0.452256	0.451935	0.436743	0.451266	0.528164	0.522031	0.528883	0.526738	0.523525	0.521504	0.533732	0.513659	0.514539	0.597331	0.514566	0.532582	0.435388	0.456841	0.435347	0.435453	0.436101	0.435746
ERR608153	0.313708	0.317191	0.321866	0.3087	0.313895	0.315367	0.317075	0.315852	0.340383	0.315802	0.315653	0.315748	0.36572	0.369357	0.370608	0.368562	0.414474	0.357871	0.337712	0.342868	0.341516	0.340858	0.339211	0.340998	0.397266	0.388348	0.394481	0.397069	0.401484	0.428251	0.316882	0.344297	0.342775	0.339303	0.395057	0.32472	0.308627	0.30462	0.305449	0.334887	0.308371	0.329215	0	0.317431	0.245468	0.255199	0.2438	0.255992	0.523434	0.523112	0.530915	0.530777	0.526833	0.522141	0.436976	0.436938	0.437439	0.438704	0.458378	0.443702	0.395934	0.399163	0.396435	0.397279	0.39827	0.409432	0.438484	0.436237	0.438881	0.459014	0.443045	0.438831	0.413276	0.403984	0.412457	0.412807	0.404338	0.412233	0.482299	0.463391	0.483849	0.483051	0.462316	0.468976	0.469675	0.452224	0.452101	0.544183	0.451362	0.466965	0.432813	0.448162	0.438523	0.431668	0.430116	0.432683
ERR608149	0.335487	0.331782	0.325181	0.344978	0.335402	0.334124	0.368011	0.367036	0.34586	0.382446	0.367677	0.367804	0.376013	0.368444	0.371079	0.368211	0.369503	0.37748	0.395866	0.41432	0.409605	0.407702	0.398633	0.411885	0.397285	0.400472	0.397946	0.395599	0.398363	0.401322	0.339645	0.333133	0.331895	0.325468	0.331361	0.33283	0.360659	0.365165	0.366049	0.348146	0.363098	0.347468	0.317431	0	0.309687	0.286904	0.313641	0.286015	0.563107	0.562084	0.556173	0.556037	0.545329	0.561432	0.479745	0.480316	0.484278	0.491687	0.464979	0.469616	0.435942	0.4445	0.437419	0.445183	0.446408	0.472906	0.489984	0.463857	0.474696	0.452795	0.461091	0.462356	0.477124	0.452197	0.477427	0.477127	0.449233	0.476341	0.470335	0.475515	0.470054	0.469388	0.478155	0.471764	0.479561	0.485955	0.487237	0.515562	0.488127	0.480715	0.45276	0.439695	0.443221	0.448609	0.448876	0.453429
ERR608151	0.311047	0.314073	0.317799	0.307245	0.311301	0.312701	0.316689	0.315819	0.336497	0.317326	0.315744	0.315821	0.36155	0.365014	0.366219	0.364114	0.408278	0.354364	0.339649	0.346558	0.344713	0.343676	0.341419	0.343743	0.393893	0.385279	0.391365	0.393455	0.397992	0.423384	0.313579	0.339318	0.337438	0.333863	0.388147	0.32021	0.307261	0.303957	0.305034	0.330531	0.307539	0.324998	0.245468	0.309687	0	0.253723	0.245452	0.251985	0.52613	0.52576	0.532469	0.532373	0.52753	0.524796	0.436915	0.436812	0.437983	0.439543	0.456112	0.442548	0.395242	0.399226	0.395985	0.397567	0.398457	0.411251	0.440107	0.435323	0.438922	0.456009	0.44138	0.437459	0.415283	0.404528	0.414894	0.415112	0.404744	0.414632	0.479412	0.46222	0.480787	0.480098	0.461223	0.467097	0.469206	0.452928	0.452878	0.541613	0.452462	0.466589	0.430873	0.444444	0.435423	0.429336	0.428093	0.430722
