	ERR618627	ERR618632	ERR618630	ERR618629	ERR618631	ERR618628	ERR635348	ERR635350	ERR635349	ERR635351	ERR635346	ERR635347	ERR608679	ERR608678	ERR608677	ERR608682	ERR608681	ERR608680	ERR607614	ERR607610	ERR607612	ERR607609	ERR607613	ERR607611	ERR607698	ERR607696	ERR607697	ERR607695	ERR607693	ERR607694	ERR613356	ERR613354	ERR613355	ERR613353	ERR613358	ERR613357	ERR605534	ERR605535	ERR605538	ERR605536	ERR605533	ERR605537	ERR607266	ERR607264	ERR607265	ERR607268	ERR607263	ERR607267	ERR617001	ERR617002	ERR616998	ERR616999	ERR617000	ERR616997	ERR617407	ERR617406	ERR617404	ERR617403	ERR617405	ERR617408	ERR638212	ERR638208	ERR638211	ERR638209	ERR638210	ERR638207	ERR617863	ERR617861	ERR617864	ERR617866	ERR617862	ERR617865	ERR608213	ERR608210	ERR608214	ERR608209	ERR608211	ERR608212	ERR617217	ERR617218	ERR617215	ERR617219	ERR617216	ERR617220	ERR613804	ERR613801	ERR613803	ERR613800	ERR613802	ERR613805	ERR617661	ERR617666	ERR617664	ERR617665	ERR617662	ERR617663
ERR618627	7.5992e+09	6.67739e+09	7.04381e+09	7.09014e+09	6.67123e+09	6.97259e+09	6.77712e+09	7.41992e+09	7.4087e+09	7.42855e+09	7.33854e+09	6.77808e+09	7.37586e+09	6.95596e+09	6.00766e+09	7.01948e+09	7.20521e+09	7.24608e+09	7.22143e+09	7.47877e+09	7.45867e+09	8.03417e+09	7.25372e+09	7.50239e+09	7.23256e+09	7.26008e+09	7.26304e+09	7.2771e+09	7.12794e+09	7.5311e+09	6.12858e+09	6.30034e+09	6.76052e+09	7.16981e+09	5.21786e+09	6.25527e+09	5.69576e+09	5.45257e+09	5.65229e+09	5.666e+09	5.94255e+09	5.73038e+09	7.09089e+09	8.03581e+09	8.03882e+09	7.23054e+09	7.62891e+09	7.18501e+09	4.85833e+09	4.9221e+09	5.58513e+09	5.67166e+09	4.94223e+09	5.34136e+09	6.83309e+09	6.6179e+09	5.47437e+09	4.93162e+09	5.65011e+09	6.92086e+09	6.28462e+09	5.96204e+09	6.93103e+09	5.86946e+09	6.89824e+09	5.85808e+09	4.45683e+09	5.84854e+09	6.36904e+09	6.40079e+09	3.53526e+09	6.4395e+09	5.5906e+09	5.71478e+09	5.41596e+09	4.83086e+09	6.14222e+09	5.67029e+09	7.07338e+09	6.20165e+09	6.77278e+09	6.38034e+09	7.06979e+09	6.05231e+09	7.45885e+09	7.58471e+09	7.38839e+09	7.97897e+09	6.95328e+09	7.42891e+09	6.70014e+09	6.67564e+09	6.79166e+09	6.74873e+09	3.53156e+09	5.19964e+09
ERR618632	6.67739e+09	6.32261e+09	6.42431e+09	6.45307e+09	6.10298e+09	6.34768e+09	6.13893e+09	6.70483e+09	6.69537e+09	6.71328e+09	6.63237e+09	6.13765e+09	6.68362e+09	6.3154e+09	5.46923e+09	6.37156e+09	6.53726e+09	6.5741e+09	6.54385e+09	6.76571e+09	6.75301e+09	7.25514e+09	6.57134e+09	6.78933e+09	6.55394e+09	6.57731e+09	6.57977e+09	6.5886e+09	6.45838e+09	6.81606e+09	5.61844e+09	5.75823e+09	6.15969e+09	6.5194e+09	4.8014e+09	5.72871e+09	5.2404e+09	5.02427e+09	5.20486e+09	5.21704e+09	5.45981e+09	5.2724e+09	6.44999e+09	7.26813e+09	7.26478e+09	6.57475e+09	6.9106e+09	6.5346e+09	4.46667e+09	4.52127e+09	5.13057e+09	5.20829e+09	4.54271e+09	4.90543e+09	6.23279e+09	6.04126e+09	5.08627e+09	4.59612e+09	5.24434e+09	6.31132e+09	5.68553e+09	5.41287e+09	6.27006e+09	5.33284e+09	6.23926e+09	5.31992e+09	4.12277e+09	5.37928e+09	5.83616e+09	5.86293e+09	3.27058e+09	5.89738e+09	5.13488e+09	5.25289e+09	4.98141e+09	4.45841e+09	5.63288e+09	5.20749e+09	6.44486e+09	5.67969e+09	6.17411e+09	5.8372e+09	6.43911e+09	5.53241e+09	6.75174e+09	6.85851e+09	6.69039e+09	7.206e+09	6.29777e+09	6.72528e+09	6.1258e+09	6.09218e+09	6.19487e+09	6.15557e+09	3.26265e+09	4.78924e+09
ERR618630	7.04381e+09	6.42431e+09	6.99988e+09	6.80025e+09	6.41838e+09	6.68718e+09	6.4772e+09	7.08593e+09	7.07567e+09	7.0944e+09	7.00775e+09	6.4762e+09	7.05527e+09	6.65836e+09	5.75435e+09	6.7187e+09	6.89675e+09	6.93648e+09	6.90724e+09	7.14776e+09	7.13233e+09	7.67556e+09	6.93687e+09	7.17202e+09	6.92077e+09	6.94623e+09	6.94869e+09	6.95888e+09	6.81893e+09	7.20326e+09	5.8979e+09	6.05135e+09	6.4845e+09	6.87173e+09	5.02637e+09	6.01673e+09	5.49122e+09	5.26021e+09	5.45254e+09	5.46584e+09	5.72626e+09	5.5252e+09	6.8011e+09	7.68761e+09	7.68542e+09	6.9352e+09	7.30125e+09	6.89188e+09	4.67833e+09	4.73723e+09	5.38072e+09	5.4635e+09	4.75897e+09	5.14285e+09	6.56227e+09	6.3565e+09	5.32837e+09	4.80518e+09	5.49748e+09	6.64625e+09	5.99785e+09	5.70086e+09	6.61983e+09	5.61479e+09	6.58752e+09	5.60149e+09	4.30885e+09	5.64368e+09	6.13422e+09	6.16313e+09	3.41356e+09	6.20042e+09	5.38393e+09	5.50893e+09	5.21931e+09	4.66216e+09	5.91609e+09	5.46122e+09	6.79011e+09	5.96623e+09	6.49975e+09	6.13511e+09	6.78514e+09	5.8128e+09	7.133e+09	7.24884e+09	7.0662e+09	7.62324e+09	6.64619e+09	7.10458e+09	6.44508e+09	6.41246e+09	6.52214e+09	6.48049e+09	3.40617e+09	5.01558e+09
ERR618629	7.09014e+09	6.45307e+09	6.80025e+09	7.08188e+09	6.44717e+09	6.73398e+09	6.53978e+09	7.15053e+09	7.14023e+09	7.15887e+09	7.07388e+09	6.54157e+09	7.11468e+09	6.7186e+09	5.81459e+09	6.77881e+09	6.95406e+09	6.99257e+09	6.9697e+09	7.21501e+09	7.19443e+09	7.73855e+09	7.00014e+09	7.23632e+09	6.98136e+09	7.00725e+09	7.01033e+09	7.0241e+09	6.88311e+09	7.2643e+09	5.92565e+09	6.09e+09	6.52761e+09	6.91548e+09	5.05919e+09	6.04707e+09	5.51399e+09	5.28303e+09	5.47389e+09	5.48663e+09	5.74909e+09	5.54746e+09	6.84511e+09	7.73914e+09	7.74406e+09	6.9761e+09	7.35581e+09	6.93343e+09	4.70399e+09	4.76555e+09	5.39916e+09	5.48184e+09	4.7848e+09	5.16618e+09	6.59166e+09	6.38613e+09	5.27272e+09	4.7561e+09	5.43989e+09	6.67403e+09	6.07051e+09	5.76287e+09	6.68655e+09	5.67249e+09	6.65473e+09	5.663e+09	4.31683e+09	5.64954e+09	6.14694e+09	6.17717e+09	3.43118e+09	6.21386e+09	5.40556e+09	5.52431e+09	5.23868e+09	4.68132e+09	5.93046e+09	5.48228e+09	6.81667e+09	5.98864e+09	6.53271e+09	6.15898e+09	6.81421e+09	5.84888e+09	7.1868e+09	7.306e+09	7.12027e+09	7.6798e+09	6.708e+09	7.1589e+09	6.46349e+09	6.44251e+09	6.5533e+09	6.51175e+09	3.4285e+09	5.03202e+09
ERR618631	6.67123e+09	6.10298e+09	6.41838e+09	6.44717e+09	6.31176e+09	6.34149e+09	6.12961e+09	6.69586e+09	6.6867e+09	6.70428e+09	6.62326e+09	6.12862e+09	6.67647e+09	6.3084e+09	5.4628e+09	6.36457e+09	6.53057e+09	6.56745e+09	6.53745e+09	6.75923e+09	6.74628e+09	7.24823e+09	6.56483e+09	6.78264e+09	6.54948e+09	6.57335e+09	6.57558e+09	6.58404e+09	6.45404e+09	6.8117e+09	5.61384e+09	5.75265e+09	6.15389e+09	6.5135e+09	4.79707e+09	5.72409e+09	5.23565e+09	5.02064e+09	5.20125e+09	5.21367e+09	5.45598e+09	5.26849e+09	6.44397e+09	7.26107e+09	7.25768e+09	6.56883e+09	6.90395e+09	6.5286e+09	4.46046e+09	4.51474e+09	5.1251e+09	5.20231e+09	4.53653e+09	4.89929e+09	6.22573e+09	6.03411e+09	5.0843e+09	4.59377e+09	5.24224e+09	6.3041e+09	5.6759e+09	5.40364e+09	6.2608e+09	5.32389e+09	6.23002e+09	5.3107e+09	4.11702e+09	5.37315e+09	5.82902e+09	5.85585e+09	3.2648e+09	5.89046e+09	5.12808e+09	5.24657e+09	4.97433e+09	4.45187e+09	5.62645e+09	5.20049e+09	6.43663e+09	5.67305e+09	6.16545e+09	5.82963e+09	6.43133e+09	5.52473e+09	6.74267e+09	6.84895e+09	6.68091e+09	7.19639e+09	6.28846e+09	6.71605e+09	6.11798e+09	6.08437e+09	6.18635e+09	6.14699e+09	3.25677e+09	4.78234e+09
ERR618628	6.97259e+09	6.34768e+09	6.68718e+09	6.73398e+09	6.34149e+09	6.85636e+09	6.44204e+09	7.03775e+09	7.02731e+09	7.04489e+09	6.96273e+09	6.4445e+09	7.00262e+09	6.61599e+09	5.7339e+09	6.6748e+09	6.84488e+09	6.88216e+09	6.86082e+09	7.1003e+09	7.07947e+09	7.60808e+09	6.89095e+09	7.12e+09	6.86916e+09	6.89419e+09	6.89728e+09	6.91139e+09	6.77409e+09	7.14365e+09	5.83991e+09	6.00306e+09	6.43008e+09	6.80649e+09	4.99158e+09	5.95799e+09	5.434e+09	5.20747e+09	5.39308e+09	5.40566e+09	5.6631e+09	5.46548e+09	6.7319e+09	7.60346e+09	7.60924e+09	6.85824e+09	7.23082e+09	6.81639e+09	4.6387e+09	4.69923e+09	5.31738e+09	5.39876e+09	4.71806e+09	5.0908e+09	6.48119e+09	6.28283e+09	5.16852e+09	4.66476e+09	5.33121e+09	6.56159e+09	5.98708e+09	5.68366e+09	6.58634e+09	5.59598e+09	6.55608e+09	5.58653e+09	4.25403e+09	5.55673e+09	6.04431e+09	6.07463e+09	3.38643e+09	6.11071e+09	5.32825e+09	5.44162e+09	5.16478e+09	4.61858e+09	5.83808e+09	5.40268e+09	6.7036e+09	5.89523e+09	6.42912e+09	6.06162e+09	6.70126e+09	5.76348e+09	7.0697e+09	7.18719e+09	7.00512e+09	7.54976e+09	6.60677e+09	7.04303e+09	6.35407e+09	6.33744e+09	6.44518e+09	6.40565e+09	3.3841e+09	4.9579e+09
ERR635348	6.77712e+09	6.13893e+09	6.4772e+09	6.53978e+09	6.12961e+09	6.44204e+09	7.36736e+09	7.79877e+09	7.78761e+09	7.80766e+09	7.72464e+09	7.17698e+09	7.06006e+09	6.68763e+09	5.82256e+09	6.7412e+09	6.90069e+09	6.93706e+09	6.95325e+09	7.17386e+09	7.15312e+09	7.62247e+09	6.98421e+09	7.18694e+09	6.84396e+09	6.86658e+09	6.86894e+09	6.88968e+09	6.76327e+09	7.08953e+09	5.78788e+09	5.97177e+09	6.402e+09	6.77424e+09	4.95776e+09	5.90848e+09	5.21244e+09	4.9932e+09	5.16243e+09	5.17584e+09	5.4273e+09	5.23476e+09	6.75644e+09	7.62801e+09	7.64167e+09	6.87612e+09	7.2691e+09	6.83418e+09	4.90766e+09	4.9725e+09	5.60051e+09	5.68512e+09	4.99e+09	5.37542e+09	6.85418e+09	6.65368e+09	5.32512e+09	4.82174e+09	5.48773e+09	6.93329e+09	6.67019e+09	6.31699e+09	7.29403e+09	6.2129e+09	7.26456e+09	6.20744e+09	4.4803e+09	5.81333e+09	6.31295e+09	6.34463e+09	3.5795e+09	6.38282e+09	5.70976e+09	5.81756e+09	5.53226e+09	4.94748e+09	6.22892e+09	5.78321e+09	7.12539e+09	6.28643e+09	6.85499e+09	6.45971e+09	7.12729e+09	6.1652e+09	7.75705e+09	7.87653e+09	7.69122e+09	8.23223e+09	7.29183e+09	7.731e+09	6.73079e+09	6.73216e+09	6.84611e+09	6.80459e+09	3.62929e+09	5.28667e+09
ERR635350	7.41992e+09	6.70483e+09	7.08593e+09	7.15053e+09	6.69586e+09	7.03775e+09	7.79877e+09	8.78e+09	8.53833e+09	8.56245e+09	8.45668e+09	7.80473e+09	7.69913e+09	7.26332e+09	6.27756e+09	7.32564e+09	7.51302e+09	7.55581e+09	7.5746e+09	7.834e+09	7.81108e+09	8.36947e+09	7.61057e+09	7.85028e+09	7.4705e+09	7.49675e+09	7.50016e+09	7.52237e+09	7.37321e+09	7.76049e+09	6.30185e+09	6.5034e+09	6.99246e+09	7.41949e+09	5.36415e+09	6.43853e+09	5.69311e+09	5.44526e+09	5.63864e+09	5.65405e+09	5.93867e+09	5.72013e+09	7.36914e+09	8.37834e+09	8.3921e+09	7.50856e+09	7.95453e+09	7.46032e+09	5.36932e+09	5.44176e+09	6.16296e+09	6.26109e+09	5.46265e+09	5.90116e+09	7.58478e+09	7.34993e+09	5.93587e+09	5.35131e+09	6.12487e+09	7.67824e+09	7.21205e+09	6.80946e+09	7.94089e+09	6.69478e+09	7.90513e+09	6.68667e+09	4.89025e+09	6.41596e+09	6.98913e+09	7.02432e+09	3.88003e+09	7.06825e+09	6.20971e+09	6.3401e+09	6.00957e+09	5.35041e+09	6.81426e+09	6.29553e+09	7.88965e+09	6.91648e+09	7.56814e+09	7.11738e+09	7.88846e+09	6.76721e+09	8.50432e+09	8.64813e+09	8.42603e+09	9.08045e+09	7.9444e+09	8.47325e+09	7.43401e+09	7.42675e+09	7.55852e+09	7.50903e+09	3.91975e+09	5.77165e+09
ERR635349	7.4087e+09	6.69537e+09	7.07567e+09	7.14023e+09	6.6867e+09	7.02731e+09	7.78761e+09	8.53833e+09	8.75388e+09	8.5493e+09	8.44414e+09	7.79329e+09	7.68745e+09	7.25282e+09	6.26861e+09	7.31566e+09	7.50233e+09	7.54499e+09	7.56274e+09	7.82064e+09	7.79802e+09	8.35553e+09	7.5985e+09	7.83711e+09	7.4584e+09	7.48456e+09	7.48813e+09	7.51022e+09	7.36176e+09	7.74758e+09	6.29409e+09	6.49494e+09	6.98266e+09	7.40898e+09	5.35745e+09	6.4303e+09	5.68492e+09	5.43781e+09	5.63094e+09	5.64593e+09	5.92946e+09	5.71176e+09	7.35823e+09	8.36405e+09	8.37781e+09	7.49764e+09	7.94181e+09	7.44966e+09	5.36189e+09	5.43435e+09	6.15421e+09	6.25229e+09	5.4551e+09	5.89304e+09	7.5728e+09	7.33851e+09	5.93243e+09	5.34838e+09	6.12145e+09	7.66585e+09	7.20128e+09	6.80009e+09	7.92901e+09	6.68579e+09	7.8934e+09	6.67756e+09	4.88477e+09	6.40798e+09	6.97942e+09	7.01517e+09	3.87533e+09	7.05884e+09	6.20326e+09	6.33395e+09	6.00358e+09	5.34506e+09	6.80686e+09	6.28845e+09	7.8788e+09	6.9076e+09	7.55787e+09	7.10801e+09	7.87762e+09	6.75758e+09	8.49386e+09	8.63654e+09	8.41501e+09	9.06776e+09	7.93439e+09	8.46291e+09	7.42376e+09	7.41631e+09	7.54745e+09	7.49827e+09	3.91435e+09	5.76447e+09
ERR635351	7.42855e+09	6.71328e+09	7.0944e+09	7.15887e+09	6.70428e+09	7.04489e+09	7.80766e+09	8.56245e+09	8.5493e+09	8.80306e+09	8.46763e+09	7.81274e+09	7.70641e+09	7.26956e+09	6.28127e+09	7.33277e+09	7.52071e+09	7.56349e+09	7.58093e+09	7.84014e+09	7.81749e+09	8.37743e+09	7.6166e+09	7.85671e+09	7.477e+09	7.50303e+09	7.50624e+09	7.52852e+09	7.37945e+09	7.76812e+09	6.30902e+09	6.50983e+09	6.99942e+09	7.42791e+09	5.36885e+09	6.4457e+09	5.69966e+09	5.45096e+09	5.64532e+09	5.66063e+09	5.94552e+09	5.72646e+09	7.37663e+09	8.38809e+09	8.40084e+09	7.51781e+09	7.96294e+09	7.46881e+09	5.37595e+09	5.44813e+09	6.17267e+09	6.27104e+09	5.4691e+09	5.90968e+09	7.59757e+09	7.36172e+09	5.95842e+09	5.37092e+09	6.14833e+09	7.69171e+09	7.21706e+09	6.8152e+09	7.94918e+09	6.70055e+09	7.91312e+09	6.69212e+09	4.8992e+09	6.4296e+09	7.00365e+09	7.03913e+09	3.88492e+09	7.08276e+09	6.22095e+09	6.35286e+09	6.02094e+09	5.35937e+09	6.82852e+09	6.30676e+09	7.90549e+09	6.92895e+09	7.58173e+09	7.1305e+09	7.90344e+09	6.7765e+09	8.51815e+09	8.66123e+09	8.43922e+09	9.09597e+09	7.95488e+09	8.48691e+09	7.44869e+09	7.44003e+09	7.57161e+09	7.52239e+09	3.92388e+09	5.78118e+09
ERR635346	7.33854e+09	6.63237e+09	7.00775e+09	7.07388e+09	6.62326e+09	6.96273e+09	7.72464e+09	8.45668e+09	8.44414e+09	8.46763e+09	8.59334e+09	7.73003e+09	7.62079e+09	7.19364e+09	6.22339e+09	7.25442e+09	7.43787e+09	7.47968e+09	7.49964e+09	7.75439e+09	7.73099e+09	8.27857e+09	7.53508e+09	7.77007e+09	7.39379e+09	7.41894e+09	7.4227e+09	7.445e+09	7.29937e+09	7.67785e+09	6.2382e+09	6.43839e+09	6.91988e+09	7.33987e+09	5.31464e+09	6.37245e+09	5.63364e+09	5.38922e+09	5.57905e+09	5.5941e+09	5.87476e+09	5.65938e+09	7.29173e+09	8.28306e+09	8.29694e+09	7.42799e+09	7.86843e+09	7.38064e+09	5.31079e+09	5.38271e+09	6.09045e+09	6.18698e+09	5.40255e+09	5.8347e+09	7.49014e+09	7.25973e+09	5.84374e+09	5.27164e+09	6.02891e+09	7.58134e+09	7.14879e+09	6.75176e+09	7.86325e+09	6.63797e+09	7.82888e+09	6.63036e+09	4.83558e+09	6.3342e+09	6.89732e+09	6.93251e+09	3.84095e+09	6.97545e+09	6.14474e+09	6.27197e+09	5.94794e+09	5.29837e+09	6.73689e+09	6.22893e+09	7.79003e+09	6.83595e+09	7.47724e+09	7.03268e+09	7.78981e+09	6.69052e+09	8.41104e+09	8.55138e+09	8.33351e+09	8.97324e+09	7.86459e+09	8.38022e+09	7.34085e+09	7.33616e+09	7.46515e+09	7.41706e+09	3.88267e+09	5.70855e+09
ERR635347	6.77808e+09	6.13765e+09	6.4762e+09	6.54157e+09	6.12862e+09	6.4445e+09	7.17698e+09	7.80473e+09	7.79329e+09	7.81274e+09	7.73003e+09	7.38008e+09	7.06256e+09	6.69138e+09	5.82936e+09	6.7455e+09	6.902e+09	6.93855e+09	6.9559e+09	7.17948e+09	7.15572e+09	7.62582e+09	6.98716e+09	7.18907e+09	6.84571e+09	6.86845e+09	6.87136e+09	6.8939e+09	6.76656e+09	7.09108e+09	5.79134e+09	5.97841e+09	6.40958e+09	6.77928e+09	4.96375e+09	5.91213e+09	5.21547e+09	4.99652e+09	5.16563e+09	5.17872e+09	5.42967e+09	5.23824e+09	6.75687e+09	7.62771e+09	7.64527e+09	6.87428e+09	7.27085e+09	6.83253e+09	4.92059e+09	4.98612e+09	5.6063e+09	5.69139e+09	5.00262e+09	5.38344e+09	6.86067e+09	6.66143e+09	5.30358e+09	4.8019e+09	5.46536e+09	6.93958e+09	6.68435e+09	6.3246e+09	7.30162e+09	6.22028e+09	7.27198e+09	6.21571e+09	4.4805e+09	5.81164e+09	6.31406e+09	6.34559e+09	3.58557e+09	6.38388e+09	5.70964e+09	5.81524e+09	5.5321e+09	4.9496e+09	6.22494e+09	5.78278e+09	7.13122e+09	6.28959e+09	6.86345e+09	6.46363e+09	7.13313e+09	6.17988e+09	7.75871e+09	7.87967e+09	7.6931e+09	8.23595e+09	7.29925e+09	7.73303e+09	6.73034e+09	6.73785e+09	6.85183e+09	6.81035e+09	3.63575e+09	5.28791e+09
ERR608679	7.37586e+09	6.68362e+09	7.05527e+09	7.11468e+09	6.67647e+09	7.00262e+09	7.06006e+09	7.69913e+09	7.68745e+09	7.70641e+09	7.62079e+09	7.06256e+09	7.91437e+09	7.26641e+09	6.28737e+09	7.32819e+09	7.51431e+09	7.55458e+09	7.51999e+09	7.76168e+09	7.74438e+09	8.27641e+09	7.55115e+09	7.78374e+09	7.50537e+09	7.53261e+09	7.5352e+09	7.54867e+09	7.40661e+09	7.787e+09	6.17862e+09	6.36879e+09	6.83481e+09	7.24646e+09	5.27002e+09	6.30987e+09	5.68667e+09	5.44388e+09	5.63787e+09	5.65232e+09	5.92925e+09	5.71739e+09	7.26551e+09	8.23061e+09	8.24153e+09	7.40174e+09	7.82833e+09	7.35616e+09	4.81197e+09	4.87587e+09	5.51759e+09	5.60379e+09	4.8943e+09	5.2844e+09	6.81061e+09	6.59941e+09	5.32992e+09	4.80526e+09	5.49984e+09	6.89429e+09	6.59875e+09	6.24775e+09	7.23931e+09	6.14501e+09	7.20636e+09	6.13871e+09	4.40342e+09	5.7642e+09	6.28379e+09	6.31521e+09	3.50471e+09	6.35499e+09	5.65027e+09	5.76491e+09	5.47172e+09	4.88048e+09	6.19497e+09	5.72909e+09	7.05674e+09	6.18784e+09	6.76845e+09	6.36648e+09	7.05783e+09	6.05363e+09	7.71115e+09	7.83418e+09	7.64232e+09	8.20541e+09	7.22198e+09	7.68279e+09	6.6766e+09	6.66701e+09	6.78384e+09	6.74229e+09	3.53745e+09	5.18951e+09
ERR608678	6.95596e+09	6.3154e+09	6.65836e+09	6.7186e+09	6.3084e+09	6.61599e+09	6.68763e+09	7.26332e+09	7.25282e+09	7.26956e+09	7.19364e+09	6.69138e+09	7.26641e+09	7.08625e+09	5.9902e+09	6.94148e+09	7.10726e+09	7.14324e+09	7.1133e+09	7.33153e+09	7.31394e+09	7.78767e+09	7.14159e+09	7.34931e+09	7.09704e+09	7.12106e+09	7.12444e+09	7.1376e+09	7.0099e+09	7.34896e+09	5.85063e+09	6.03099e+09	6.45978e+09	6.8348e+09	5.01331e+09	5.97182e+09	5.37749e+09	5.15475e+09	5.33219e+09	5.34518e+09	5.59964e+09	5.40575e+09	6.86761e+09	7.74161e+09	7.75468e+09	6.98887e+09	7.38247e+09	6.94864e+09	4.54255e+09	4.60266e+09	5.19155e+09	5.27054e+09	4.61868e+09	4.97849e+09	6.39405e+09	6.20215e+09	4.97012e+09	4.49e+09	5.12541e+09	6.47036e+09	6.27135e+09	5.94582e+09	6.852e+09	5.84961e+09	6.82259e+09	5.84522e+09	4.15648e+09	5.41464e+09	5.89588e+09	5.92567e+09	3.32261e+09	5.96234e+09	5.35002e+09	5.45261e+09	5.18388e+09	4.63447e+09	5.84848e+09	5.42216e+09	6.62461e+09	5.82619e+09	6.36484e+09	5.99014e+09	6.62705e+09	5.71118e+09	7.271e+09	7.38246e+09	7.20956e+09	7.71401e+09	6.83496e+09	7.24623e+09	6.27238e+09	6.26999e+09	6.37716e+09	6.33984e+09	3.36102e+09	4.90055e+09
ERR608677	6.00766e+09	5.46923e+09	5.75435e+09	5.81459e+09	5.4628e+09	5.7339e+09	5.82256e+09	6.27756e+09	6.26861e+09	6.28127e+09	6.22339e+09	5.82936e+09	6.28737e+09	5.9902e+09	5.44591e+09	6.03526e+09	6.15957e+09	6.18717e+09	6.17173e+09	6.34879e+09	6.32816e+09	6.69855e+09	6.19496e+09	6.35767e+09	6.15467e+09	6.1743e+09	6.17715e+09	6.19234e+09	6.09169e+09	6.3521e+09	5.09338e+09	5.25589e+09	5.60629e+09	5.90425e+09	4.41948e+09	5.19373e+09	4.67868e+09	4.49726e+09	4.63865e+09	4.64826e+09	4.85737e+09	4.69948e+09	5.94541e+09	6.64516e+09	6.66359e+09	6.03646e+09	6.36689e+09	6.00543e+09	3.9531e+09	4.00677e+09	4.47691e+09	4.54081e+09	4.01657e+09	4.30829e+09	5.48808e+09	5.33443e+09	4.18108e+09	3.7907e+09	4.30692e+09	5.54824e+09	5.50938e+09	5.2327e+09	5.96004e+09	5.14991e+09	5.93818e+09	5.15137e+09	3.60375e+09	4.64527e+09	5.05185e+09	5.07806e+09	2.92024e+09	5.10916e+09	4.66181e+09	4.73542e+09	4.52169e+09	4.06835e+09	5.05812e+09	4.71986e+09	5.68042e+09	5.02467e+09	5.48007e+09	5.15976e+09	5.68643e+09	4.95701e+09	6.2714e+09	6.36264e+09	6.22321e+09	6.62152e+09	5.93971e+09	6.25233e+09	5.38183e+09	5.39772e+09	5.48523e+09	5.4564e+09	2.96807e+09	4.25465e+09
ERR608682	7.01948e+09	6.37156e+09	6.7187e+09	6.77881e+09	6.36457e+09	6.6748e+09	6.7412e+09	7.32564e+09	7.31566e+09	7.33277e+09	7.25442e+09	6.7455e+09	7.32819e+09	6.94148e+09	6.03526e+09	7.20467e+09	7.16922e+09	7.20637e+09	7.17405e+09	7.3961e+09	7.37792e+09	7.85975e+09	7.20241e+09	7.41329e+09	7.1586e+09	7.183e+09	7.18617e+09	7.20018e+09	7.07044e+09	7.41489e+09	5.90082e+09	6.08277e+09	6.51691e+09	6.89684e+09	5.05349e+09	6.02358e+09	5.42512e+09	5.19938e+09	5.37985e+09	5.39257e+09	5.65008e+09	5.45386e+09	6.92799e+09	7.81313e+09	7.82691e+09	7.05016e+09	7.44946e+09	7.00907e+09	4.58298e+09	4.64438e+09	5.23839e+09	5.31859e+09	4.66097e+09	5.02301e+09	6.45362e+09	6.25943e+09	5.01972e+09	4.53329e+09	5.17708e+09	6.53098e+09	6.32069e+09	5.98995e+09	6.90754e+09	5.89255e+09	6.87801e+09	5.88822e+09	4.1924e+09	5.46548e+09	5.95197e+09	5.98245e+09	3.35058e+09	6.0189e+09	5.39357e+09	5.49713e+09	5.22546e+09	4.67079e+09	5.89769e+09	5.46663e+09	6.68605e+09	5.87649e+09	6.422e+09	6.0432e+09	6.68788e+09	5.76251e+09	7.33366e+09	7.44648e+09	7.27142e+09	7.78363e+09	6.89159e+09	7.30816e+09	6.32928e+09	6.3281e+09	6.43602e+09	6.39822e+09	3.38745e+09	4.94212e+09
ERR608681	7.20521e+09	6.53726e+09	6.89675e+09	6.95406e+09	6.53057e+09	6.84488e+09	6.90069e+09	7.51302e+09	7.50233e+09	7.52071e+09	7.43787e+09	6.902e+09	7.51431e+09	7.10726e+09	6.15957e+09	7.16922e+09	7.55998e+09	7.38739e+09	7.35065e+09	7.58119e+09	7.56522e+09	8.07347e+09	7.38019e+09	7.60221e+09	7.3377e+09	7.3634e+09	7.36639e+09	7.37767e+09	7.24252e+09	7.60714e+09	6.04606e+09	6.23007e+09	6.67991e+09	7.07788e+09	5.16379e+09	6.17338e+09	5.56017e+09	5.32637e+09	5.51428e+09	5.52814e+09	5.79561e+09	5.59103e+09	7.10469e+09	8.0317e+09	8.04112e+09	7.23669e+09	7.64577e+09	7.19337e+09	4.69576e+09	4.75744e+09	5.38224e+09	5.46527e+09	4.77572e+09	5.15529e+09	6.63882e+09	6.43468e+09	5.20262e+09	4.6939e+09	5.36773e+09	6.72049e+09	6.45179e+09	6.11563e+09	7.07135e+09	6.0162e+09	7.03969e+09	6.00962e+09	4.30314e+09	5.62521e+09	6.12679e+09	6.15766e+09	3.42637e+09	6.1957e+09	5.52708e+09	5.63859e+09	5.35373e+09	4.77829e+09	6.05609e+09	5.60328e+09	6.8793e+09	6.03923e+09	6.59984e+09	6.2113e+09	6.88057e+09	5.9072e+09	7.52692e+09	7.64364e+09	7.46114e+09	7.99955e+09	7.05638e+09	7.5003e+09	6.5136e+09	6.50263e+09	6.61536e+09	6.57634e+09	3.46047e+09	5.07078e+09
ERR608680	7.24608e+09	6.5741e+09	6.93648e+09	6.99257e+09	6.56745e+09	6.88216e+09	6.93706e+09	7.55581e+09	7.54499e+09	7.56349e+09	7.47968e+09	6.93855e+09	7.55458e+09	7.14324e+09	6.18717e+09	7.20637e+09	7.38739e+09	7.6408e+09	7.38806e+09	7.62056e+09	7.60519e+09	8.11926e+09	7.41799e+09	7.64251e+09	7.37506e+09	7.40097e+09	7.40408e+09	7.41598e+09	7.27866e+09	7.64795e+09	6.07913e+09	6.26302e+09	6.71705e+09	7.11863e+09	5.18895e+09	6.20728e+09	5.59141e+09	5.35527e+09	5.54506e+09	5.55903e+09	5.82871e+09	5.62217e+09	7.14388e+09	8.07986e+09	8.0882e+09	7.27731e+09	7.68951e+09	7.23396e+09	4.72387e+09	4.78629e+09	5.41652e+09	5.50091e+09	4.80504e+09	5.18771e+09	6.68294e+09	6.47655e+09	5.24606e+09	4.73219e+09	5.41237e+09	6.76516e+09	6.48314e+09	6.14433e+09	7.10887e+09	6.04466e+09	7.07688e+09	6.03786e+09	4.33007e+09	5.66322e+09	6.16866e+09	6.19946e+09	3.44596e+09	6.23825e+09	5.55866e+09	5.67276e+09	5.3847e+09	4.80438e+09	6.09322e+09	5.6363e+09	6.92494e+09	6.07776e+09	6.64198e+09	6.25171e+09	6.92565e+09	5.94292e+09	7.57128e+09	7.68884e+09	7.50474e+09	8.04885e+09	7.09436e+09	7.54407e+09	6.55725e+09	6.54475e+09	6.65783e+09	6.61774e+09	3.47937e+09	5.10194e+09
ERR607614	7.22143e+09	6.54385e+09	6.90724e+09	6.9697e+09	6.53745e+09	6.86082e+09	6.95325e+09	7.5746e+09	7.56274e+09	7.58093e+09	7.49964e+09	6.9559e+09	7.51999e+09	7.1133e+09	6.17173e+09	7.17405e+09	7.35065e+09	7.38806e+09	7.67176e+09	7.70509e+09	7.68761e+09	8.1996e+09	7.50079e+09	7.72617e+09	7.41932e+09	7.44537e+09	7.4482e+09	7.46311e+09	7.32628e+09	7.69088e+09	6.0611e+09	6.25277e+09	6.70525e+09	7.10355e+09	5.18247e+09	6.1892e+09	5.5718e+09	5.33728e+09	5.52415e+09	5.53734e+09	5.80541e+09	5.60123e+09	7.14757e+09	8.08725e+09	8.10342e+09	7.27733e+09	7.70074e+09	7.23385e+09	4.68869e+09	4.75165e+09	5.36998e+09	5.4525e+09	4.76871e+09	5.14622e+09	6.62609e+09	6.42255e+09	5.13094e+09	4.62851e+09	5.29347e+09	6.70684e+09	6.51505e+09	6.16445e+09	7.13486e+09	6.06173e+09	7.10341e+09	6.05795e+09	4.27594e+09	5.59219e+09	6.0967e+09	6.12818e+09	3.40899e+09	6.16658e+09	5.51284e+09	5.62122e+09	5.33906e+09	4.76398e+09	6.03758e+09	5.58895e+09	6.87029e+09	6.02729e+09	6.59509e+09	6.20145e+09	6.87331e+09	5.90537e+09	7.56935e+09	7.69094e+09	7.50249e+09	8.04778e+09	7.09977e+09	7.54217e+09	6.49884e+09	6.49585e+09	6.60933e+09	6.56934e+09	3.45339e+09	5.05685e+09
ERR607610	7.47877e+09	6.76571e+09	7.14776e+09	7.21501e+09	6.75923e+09	7.1003e+09	7.17386e+09	7.834e+09	7.82064e+09	7.84014e+09	7.75439e+09	7.17948e+09	7.76168e+09	7.33153e+09	6.34879e+09	7.3961e+09	7.58119e+09	7.62056e+09	7.70509e+09	8.19097e+09	7.94152e+09	8.50032e+09	7.74031e+09	7.98755e+09	7.65321e+09	7.68109e+09	7.68508e+09	7.70402e+09	7.5555e+09	7.94564e+09	6.2662e+09	6.4695e+09	6.94658e+09	7.36341e+09	5.35132e+09	6.40051e+09	5.76772e+09	5.52178e+09	5.71815e+09	5.73165e+09	6.01401e+09	5.79936e+09	7.38457e+09	8.37693e+09	8.39839e+09	7.51859e+09	7.96845e+09	7.47364e+09	4.87779e+09	4.94481e+09	5.5856e+09	5.67252e+09	4.96143e+09	5.35353e+09	6.89424e+09	6.68001e+09	5.31575e+09	4.78976e+09	5.48595e+09	6.97859e+09	6.71599e+09	6.34449e+09	7.36451e+09	6.2369e+09	7.33161e+09	6.23374e+09	4.43339e+09	5.80955e+09	6.34129e+09	6.37474e+09	3.53593e+09	6.41422e+09	5.69135e+09	5.80453e+09	5.51022e+09	4.91462e+09	6.23741e+09	5.77078e+09	7.14445e+09	6.25572e+09	6.85632e+09	6.43976e+09	7.14691e+09	6.13716e+09	7.8213e+09	7.95354e+09	7.75065e+09	8.33698e+09	7.32773e+09	7.79263e+09	6.74926e+09	6.74986e+09	6.86934e+09	6.82646e+09	3.5759e+09	5.23908e+09
ERR607612	7.45867e+09	6.75301e+09	7.13233e+09	7.19443e+09	6.74628e+09	7.07947e+09	7.15312e+09	7.81108e+09	7.79802e+09	7.81749e+09	7.73099e+09	7.15572e+09	7.74438e+09	7.31394e+09	6.32816e+09	7.37792e+09	7.56522e+09	7.60519e+09	7.68761e+09	7.94152e+09	8.13982e+09	8.4726e+09	7.72138e+09	7.96347e+09	7.63618e+09	7.6643e+09	7.66725e+09	7.68259e+09	7.53606e+09	7.92679e+09	6.25069e+09	6.44792e+09	6.92295e+09	7.34071e+09	5.33213e+09	6.38425e+09	5.75152e+09	5.50602e+09	5.70211e+09	5.71623e+09	5.99795e+09	5.78355e+09	7.3686e+09	8.358e+09	8.37362e+09	7.50544e+09	7.94755e+09	7.46006e+09	4.85257e+09	4.91814e+09	5.56653e+09	5.65325e+09	4.93601e+09	5.33089e+09	6.87223e+09	6.65761e+09	5.34275e+09	4.81448e+09	5.51365e+09	6.95715e+09	6.68856e+09	6.32437e+09	7.34156e+09	6.2182e+09	7.30794e+09	6.21334e+09	4.42354e+09	5.79992e+09	6.32722e+09	6.35952e+09	3.51932e+09	6.39959e+09	5.68333e+09	5.79928e+09	5.50323e+09	4.90516e+09	6.23441e+09	5.76351e+09	7.12439e+09	6.24034e+09	6.83321e+09	6.42276e+09	7.12638e+09	6.10889e+09	7.80584e+09	7.93499e+09	7.73491e+09	8.31686e+09	7.30672e+09	7.77719e+09	6.73596e+09	6.72935e+09	6.84852e+09	6.80576e+09	3.55882e+09	5.22654e+09
ERR607609	8.03417e+09	7.25514e+09	7.67556e+09	7.73855e+09	7.24823e+09	7.60808e+09	7.62247e+09	8.36947e+09	8.35553e+09	8.37743e+09	8.27857e+09	7.62582e+09	8.27641e+09	7.78767e+09	6.69855e+09	7.85975e+09	8.07347e+09	8.11926e+09	8.1996e+09	8.50032e+09	8.4726e+09	9.39268e+09	8.23831e+09	8.52554e+09	8.1489e+09	8.18034e+09	8.18453e+09	8.20302e+09	8.03321e+09	8.48781e+09	6.70562e+09	6.91843e+09	7.44699e+09	7.91671e+09	5.69155e+09	6.85336e+09	6.18906e+09	5.9154e+09	6.13538e+09	6.15075e+09	6.46441e+09	6.22527e+09	7.89575e+09	9.01263e+09	9.02701e+09	8.05202e+09	8.54065e+09	8.00044e+09	5.2513e+09	5.32371e+09	6.04451e+09	6.14173e+09	5.34367e+09	5.78147e+09	7.47819e+09	7.23315e+09	5.85686e+09	5.26095e+09	6.04962e+09	7.57491e+09	7.09096e+09	6.6937e+09	7.82218e+09	6.57999e+09	7.78473e+09	6.57303e+09	4.77868e+09	6.3063e+09	6.89207e+09	6.92826e+09	3.7867e+09	6.97228e+09	6.09052e+09	6.22383e+09	5.89299e+09	5.23916e+09	6.70513e+09	6.17937e+09	7.74922e+09	6.75732e+09	7.41552e+09	6.96166e+09	7.74815e+09	6.60508e+09	8.36555e+09	8.51421e+09	8.28424e+09	8.96081e+09	7.79414e+09	8.33186e+09	7.31282e+09	7.29846e+09	7.43156e+09	7.38198e+09	3.81223e+09	5.63397e+09
ERR607613	7.25372e+09	6.57134e+09	6.93687e+09	7.00014e+09	6.56483e+09	6.89095e+09	6.98421e+09	7.61057e+09	7.5985e+09	7.6166e+09	7.53508e+09	6.98716e+09	7.55115e+09	7.14159e+09	6.19496e+09	7.20241e+09	7.38019e+09	7.41799e+09	7.50079e+09	7.74031e+09	7.72138e+09	8.23831e+09	7.73728e+09	7.7609e+09	7.45001e+09	7.47676e+09	7.47944e+09	7.4946e+09	7.35627e+09	7.72397e+09	6.0867e+09	6.28059e+09	6.7361e+09	7.13658e+09	5.20412e+09	6.21585e+09	5.59578e+09	5.3602e+09	5.54783e+09	5.56125e+09	5.83151e+09	5.62564e+09	7.1781e+09	8.12405e+09	8.14134e+09	7.30804e+09	7.73508e+09	7.26448e+09	4.71397e+09	4.77715e+09	5.39765e+09	5.4811e+09	4.79398e+09	5.1738e+09	6.66084e+09	6.45588e+09	5.15099e+09	4.64592e+09	5.31416e+09	6.74162e+09	6.54421e+09	6.19055e+09	7.16746e+09	6.08685e+09	7.13597e+09	6.08304e+09	4.29562e+09	5.61884e+09	6.12696e+09	6.15825e+09	3.42501e+09	6.19705e+09	5.53542e+09	5.64424e+09	5.36088e+09	4.78315e+09	6.06254e+09	5.61222e+09	6.90549e+09	6.05658e+09	6.62879e+09	6.23221e+09	6.90811e+09	5.93547e+09	7.60366e+09	7.72697e+09	7.53661e+09	8.08726e+09	7.13095e+09	7.57678e+09	6.5303e+09	6.52796e+09	6.64232e+09	6.60193e+09	3.46936e+09	5.08028e+09
ERR607611	7.50239e+09	6.78933e+09	7.17202e+09	7.23632e+09	6.78264e+09	7.12e+09	7.18694e+09	7.85028e+09	7.83711e+09	7.85671e+09	7.77007e+09	7.18907e+09	7.78374e+09	7.34931e+09	6.35767e+09	7.41329e+09	7.60221e+09	7.64251e+09	7.72617e+09	7.98755e+09	7.96347e+09	8.52554e+09	7.7609e+09	8.23749e+09	7.67715e+09	7.70498e+09	7.70849e+09	7.72533e+09	7.57677e+09	7.97182e+09	6.28072e+09	6.4816e+09	6.95927e+09	7.38167e+09	5.35908e+09	6.4154e+09	5.78328e+09	5.53577e+09	5.73395e+09	5.74755e+09	6.03125e+09	5.81515e+09	7.40713e+09	8.40596e+09	8.42315e+09	7.54548e+09	7.99256e+09	7.49968e+09	4.87993e+09	4.94614e+09	5.59789e+09	5.68454e+09	4.96372e+09	5.3617e+09	6.913e+09	6.69581e+09	5.35641e+09	4.8255e+09	5.52802e+09	6.99822e+09	6.71897e+09	6.35116e+09	7.37651e+09	6.24383e+09	7.34314e+09	6.23982e+09	4.44381e+09	5.829e+09	6.36061e+09	6.39398e+09	3.53692e+09	6.43409e+09	5.70476e+09	5.8212e+09	5.52326e+09	4.92293e+09	6.2579e+09	5.7854e+09	7.16419e+09	6.27237e+09	6.87137e+09	6.45691e+09	7.1662e+09	6.14206e+09	7.84337e+09	7.9742e+09	7.77164e+09	8.36073e+09	7.34029e+09	7.81422e+09	6.772e+09	6.76624e+09	6.88617e+09	6.84338e+09	3.57694e+09	5.25171e+09
ERR607698	7.23256e+09	6.55394e+09	6.92077e+09	6.98136e+09	6.54948e+09	6.86916e+09	6.84396e+09	7.4705e+09	7.4584e+09	7.477e+09	7.39379e+09	6.84571e+09	7.50537e+09	7.09704e+09	6.15467e+09	7.1586e+09	7.3377e+09	7.37506e+09	7.41932e+09	7.65321e+09	7.63618e+09	8.1489e+09	7.45001e+09	7.67715e+09	7.7926e+09	7.60695e+09	7.60929e+09	7.61798e+09	7.478e+09	7.8581e+09	6.03686e+09	6.22739e+09	6.68169e+09	7.08658e+09	5.15663e+09	6.16599e+09	5.59115e+09	5.35631e+09	5.5468e+09	5.56085e+09	5.82782e+09	5.62421e+09	7.14055e+09	8.08704e+09	8.10286e+09	7.27252e+09	7.69724e+09	7.23019e+09	4.5791e+09	4.64191e+09	5.26437e+09	5.34703e+09	4.659e+09	5.03753e+09	6.54072e+09	6.33303e+09	5.04052e+09	4.53411e+09	5.20439e+09	6.62252e+09	6.40395e+09	6.05621e+09	7.02889e+09	5.95237e+09	6.99639e+09	5.95045e+09	4.15949e+09	5.48182e+09	5.99305e+09	6.02338e+09	3.30258e+09	6.06224e+09	5.39562e+09	5.50607e+09	5.22171e+09	4.64792e+09	5.92588e+09	5.47285e+09	6.76818e+09	5.9153e+09	6.48675e+09	6.0907e+09	6.77045e+09	5.78878e+09	7.46935e+09	7.59179e+09	7.402e+09	7.95642e+09	6.99056e+09	7.44196e+09	6.40141e+09	6.39505e+09	6.50987e+09	6.47007e+09	3.35067e+09	4.94379e+09
ERR607696	7.26008e+09	6.57731e+09	6.94623e+09	7.00725e+09	6.57335e+09	6.89419e+09	6.86658e+09	7.49675e+09	7.48456e+09	7.50303e+09	7.41894e+09	6.86845e+09	7.53261e+09	7.12106e+09	6.1743e+09	7.183e+09	7.3634e+09	7.40097e+09	7.44537e+09	7.68109e+09	7.6643e+09	8.18034e+09	7.47676e+09	7.70498e+09	7.60695e+09	7.84796e+09	7.63763e+09	7.64583e+09	7.50511e+09	7.88793e+09	6.0586e+09	6.25044e+09	6.7067e+09	7.11379e+09	5.17446e+09	6.18828e+09	5.6124e+09	5.37632e+09	5.56802e+09	5.58155e+09	5.85036e+09	5.64544e+09	7.16527e+09	8.11807e+09	8.1338e+09	7.29841e+09	7.72548e+09	7.25553e+09	4.59759e+09	4.66074e+09	5.28546e+09	5.3687e+09	4.67817e+09	5.05782e+09	6.56667e+09	6.3584e+09	5.06084e+09	4.55174e+09	5.22601e+09	6.64917e+09	6.42486e+09	6.07475e+09	7.05271e+09	5.97115e+09	7.02019e+09	5.96855e+09	4.17495e+09	5.50311e+09	6.01713e+09	6.04734e+09	3.31514e+09	6.0866e+09	5.41455e+09	5.5249e+09	5.24003e+09	4.66357e+09	5.9468e+09	5.49205e+09	6.79511e+09	5.93767e+09	6.51219e+09	6.11364e+09	6.79743e+09	5.81126e+09	7.49502e+09	7.61867e+09	7.42737e+09	7.9854e+09	7.01395e+09	7.46757e+09	6.42587e+09	6.41979e+09	6.53479e+09	6.49501e+09	3.36267e+09	4.96128e+09
ERR607697	7.26304e+09	6.57977e+09	6.94869e+09	7.01033e+09	6.57558e+09	6.89728e+09	6.86894e+09	7.50016e+09	7.48813e+09	7.50624e+09	7.4227e+09	6.87136e+09	7.5352e+09	7.12444e+09	6.17715e+09	7.18617e+09	7.36639e+09	7.40408e+09	7.4482e+09	7.68508e+09	7.66725e+09	8.18453e+09	7.47944e+09	7.70849e+09	7.60929e+09	7.63763e+09	7.85498e+09	7.64922e+09	7.50783e+09	7.89178e+09	6.06091e+09	6.25329e+09	6.71012e+09	7.11704e+09	5.17679e+09	6.19078e+09	5.61327e+09	5.3778e+09	5.56875e+09	5.58261e+09	5.85122e+09	5.64634e+09	7.16827e+09	8.12171e+09	8.13815e+09	7.30071e+09	7.72859e+09	7.25844e+09	4.59954e+09	4.66298e+09	5.28776e+09	5.37095e+09	4.67993e+09	5.06036e+09	6.57013e+09	6.36152e+09	5.06031e+09	4.55172e+09	5.22514e+09	6.65283e+09	6.42761e+09	6.07654e+09	7.0552e+09	5.97244e+09	7.02316e+09	5.97036e+09	4.17667e+09	5.50521e+09	6.02016e+09	6.05049e+09	3.31664e+09	6.08986e+09	5.41663e+09	5.52666e+09	5.24151e+09	4.6652e+09	5.94866e+09	5.4939e+09	6.79956e+09	5.94107e+09	6.51664e+09	6.11753e+09	6.80173e+09	5.81527e+09	7.49797e+09	7.62127e+09	7.4301e+09	7.98915e+09	7.01653e+09	7.47025e+09	6.42871e+09	6.42368e+09	6.53833e+09	6.49833e+09	3.36407e+09	4.9632e+09
ERR607695	7.2771e+09	6.5886e+09	6.95888e+09	7.0241e+09	6.58404e+09	6.91139e+09	6.88968e+09	7.52237e+09	7.51022e+09	7.52852e+09	7.445e+09	6.8939e+09	7.54867e+09	7.1376e+09	6.19234e+09	7.20018e+09	7.37767e+09	7.41598e+09	7.46311e+09	7.70402e+09	7.68259e+09	8.20302e+09	7.4946e+09	7.72533e+09	7.61798e+09	7.64583e+09	7.64922e+09	7.88231e+09	7.52205e+09	7.90437e+09	6.073e+09	6.26943e+09	6.72833e+09	7.13372e+09	5.19098e+09	6.20342e+09	5.62552e+09	5.38886e+09	5.57976e+09	5.5932e+09	5.86355e+09	5.65838e+09	7.17989e+09	8.13429e+09	8.15478e+09	7.30989e+09	7.74329e+09	7.26716e+09	4.62373e+09	4.68768e+09	5.30646e+09	5.39091e+09	4.70392e+09	5.08222e+09	6.59183e+09	6.38323e+09	5.04719e+09	4.54018e+09	5.21119e+09	6.67303e+09	6.45369e+09	6.09665e+09	7.07777e+09	5.99161e+09	7.04637e+09	5.99067e+09	4.18848e+09	5.51791e+09	6.0357e+09	6.06699e+09	3.33275e+09	6.10636e+09	5.42895e+09	5.53626e+09	5.253e+09	4.67729e+09	5.95742e+09	5.50583e+09	6.81906e+09	5.95805e+09	6.53917e+09	6.1356e+09	6.82241e+09	5.84172e+09	7.51498e+09	7.64141e+09	7.44719e+09	8.00963e+09	7.03775e+09	7.48752e+09	6.44347e+09	6.44371e+09	6.55887e+09	6.51876e+09	3.38042e+09	4.97736e+09
ERR607693	7.12794e+09	6.45838e+09	6.81893e+09	6.88311e+09	6.45404e+09	6.77409e+09	6.76327e+09	7.37321e+09	7.36176e+09	7.37945e+09	7.29937e+09	6.76656e+09	7.40661e+09	7.0099e+09	6.09169e+09	7.07044e+09	7.24252e+09	7.27866e+09	7.32628e+09	7.5555e+09	7.53606e+09	8.03321e+09	7.35627e+09	7.57677e+09	7.478e+09	7.50511e+09	7.50783e+09	7.52205e+09	7.59327e+09	7.75172e+09	5.95552e+09	6.14699e+09	6.59329e+09	6.98686e+09	5.09693e+09	6.08201e+09	5.51391e+09	5.28391e+09	5.46928e+09	5.48244e+09	5.74437e+09	5.54517e+09	7.04222e+09	7.96596e+09	7.98568e+09	7.16886e+09	7.58934e+09	7.12766e+09	4.51874e+09	4.58147e+09	5.18486e+09	5.26602e+09	4.5972e+09	4.96571e+09	6.4379e+09	6.23639e+09	4.92235e+09	4.43104e+09	5.08206e+09	6.51723e+09	6.34113e+09	5.99451e+09	6.94674e+09	5.89185e+09	6.91564e+09	5.89085e+09	4.09725e+09	5.39026e+09	5.89416e+09	5.92442e+09	3.26212e+09	5.96217e+09	5.32265e+09	5.42732e+09	5.15112e+09	4.58962e+09	5.83716e+09	5.39807e+09	6.66194e+09	5.8267e+09	6.39095e+09	5.99855e+09	6.66511e+09	5.7126e+09	7.36714e+09	7.48859e+09	7.30179e+09	7.84099e+09	6.9064e+09	7.34089e+09	6.29803e+09	6.29837e+09	6.41041e+09	6.37192e+09	3.31302e+09	4.87282e+09
ERR607694	7.5311e+09	6.81606e+09	7.20326e+09	7.2643e+09	6.8117e+09	7.14365e+09	7.08953e+09	7.76049e+09	7.74758e+09	7.76812e+09	7.67785e+09	7.09108e+09	7.787e+09	7.34896e+09	6.3521e+09	7.41489e+09	7.60714e+09	7.64795e+09	7.69088e+09	7.94564e+09	7.92679e+09	8.48781e+09	7.72397e+09	7.97182e+09	7.8581e+09	7.88793e+09	7.89178e+09	7.90437e+09	7.75172e+09	8.40124e+09	6.27359e+09	6.47205e+09	6.95334e+09	7.38395e+09	5.3441e+09	6.40981e+09	5.81879e+09	5.57001e+09	5.77262e+09	5.78723e+09	6.07048e+09	5.85437e+09	7.41666e+09	8.42744e+09	8.44199e+09	7.55852e+09	8.00636e+09	7.51329e+09	4.78161e+09	4.84791e+09	5.50661e+09	5.59454e+09	4.86583e+09	5.26565e+09	6.84628e+09	6.62389e+09	5.30318e+09	4.76348e+09	5.4788e+09	6.93421e+09	6.61677e+09	6.25227e+09	7.28205e+09	6.14438e+09	7.24756e+09	6.14064e+09	4.34062e+09	5.73748e+09	6.27723e+09	6.30901e+09	3.43976e+09	6.35043e+09	5.60599e+09	5.72452e+09	5.4232e+09	4.82137e+09	6.16809e+09	5.68753e+09	7.08346e+09	6.17766e+09	6.78153e+09	6.36411e+09	7.08454e+09	6.04041e+09	7.76047e+09	7.89341e+09	7.68813e+09	8.28996e+09	7.24524e+09	7.73128e+09	6.69358e+09	6.6831e+09	6.80444e+09	6.76135e+09	3.48125e+09	5.15112e+09
ERR613356	6.12858e+09	5.61844e+09	5.8979e+09	5.92565e+09	5.61384e+09	5.83991e+09	5.78788e+09	6.30185e+09	6.29409e+09	6.30902e+09	6.2382e+09	5.79134e+09	6.17862e+09	5.85063e+09	5.09338e+09	5.90082e+09	6.04606e+09	6.07913e+09	6.0611e+09	6.2662e+09	6.25069e+09	6.70562e+09	6.0867e+09	6.28072e+09	6.03686e+09	6.0586e+09	6.06091e+09	6.073e+09	5.95552e+09	6.27359e+09	5.65544e+09	5.59544e+09	5.97075e+09	6.29719e+09	4.69008e+09	5.56779e+09	5.00176e+09	4.80049e+09	4.96491e+09	4.97659e+09	5.20201e+09	5.02895e+09	5.98655e+09	6.71274e+09	6.70961e+09	6.09427e+09	6.39476e+09	6.05818e+09	4.29734e+09	4.34819e+09	4.9085e+09	4.98234e+09	4.36766e+09	4.70338e+09	5.91394e+09	5.74297e+09	4.80482e+09	4.35218e+09	4.95043e+09	5.98592e+09	5.37207e+09	5.12229e+09	5.89877e+09	5.05166e+09	5.87175e+09	5.03729e+09	3.9517e+09	5.10678e+09	5.52634e+09	5.55288e+09	3.15627e+09	5.58527e+09	4.89228e+09	4.99574e+09	4.75097e+09	4.27039e+09	5.34112e+09	4.95775e+09	6.10664e+09	5.40675e+09	5.86449e+09	5.55186e+09	6.09983e+09	5.28313e+09	6.32644e+09	6.42628e+09	6.27099e+09	6.74025e+09	5.92727e+09	6.304e+09	5.78471e+09	5.76118e+09	5.85412e+09	5.81804e+09	3.14458e+09	4.56987e+09
ERR613354	6.30034e+09	5.75823e+09	6.05135e+09	6.09e+09	5.75265e+09	6.00306e+09	5.97177e+09	6.5034e+09	6.49494e+09	6.50983e+09	6.43839e+09	5.97841e+09	6.36879e+09	6.03099e+09	5.25589e+09	6.08277e+09	6.23007e+09	6.26302e+09	6.25277e+09	6.4695e+09	6.44792e+09	6.91843e+09	6.28059e+09	6.4816e+09	6.22739e+09	6.25044e+09	6.25329e+09	6.26943e+09	6.14699e+09	6.47205e+09	5.59544e+09	5.94935e+09	6.13949e+09	6.47598e+09	4.80762e+09	5.70329e+09	5.11631e+09	4.90994e+09	5.07569e+09	5.08752e+09	5.32104e+09	5.14279e+09	6.15425e+09	6.9134e+09	6.918e+09	6.2613e+09	6.58697e+09	6.22476e+09	4.40159e+09	4.45686e+09	5.01624e+09	5.09158e+09	4.47362e+09	4.81347e+09	6.05886e+09	5.88461e+09	4.82343e+09	4.36492e+09	4.97199e+09	6.1311e+09	5.56031e+09	5.28903e+09	6.09162e+09	5.21207e+09	6.0655e+09	5.20166e+09	4.0247e+09	5.20535e+09	5.64494e+09	5.674e+09	3.22694e+09	5.70737e+09	4.99967e+09	5.09856e+09	4.85275e+09	4.35985e+09	5.45272e+09	5.06652e+09	6.25715e+09	5.53099e+09	6.01515e+09	5.6821e+09	6.25298e+09	5.42165e+09	6.51625e+09	6.62328e+09	6.45897e+09	6.94693e+09	6.11399e+09	6.49385e+09	5.91636e+09	5.90515e+09	6.00145e+09	5.96452e+09	3.22013e+09	4.66619e+09
ERR613355	6.76052e+09	6.15969e+09	6.4845e+09	6.52761e+09	6.15389e+09	6.43008e+09	6.402e+09	6.99246e+09	6.98266e+09	6.99942e+09	6.91988e+09	6.40958e+09	6.83481e+09	6.45978e+09	5.60629e+09	6.51691e+09	6.67991e+09	6.71705e+09	6.70525e+09	6.94658e+09	6.92295e+09	7.44699e+09	6.7361e+09	6.95927e+09	6.68169e+09	6.7067e+09	6.71012e+09	6.72833e+09	6.59329e+09	6.95334e+09	5.97075e+09	6.13949e+09	6.79698e+09	6.95049e+09	5.10538e+09	6.0903e+09	5.45114e+09	5.22365e+09	5.40665e+09	5.41955e+09	5.67684e+09	5.48009e+09	6.59959e+09	7.44451e+09	7.44938e+09	6.71853e+09	7.08091e+09	6.67731e+09	4.69262e+09	4.75311e+09	5.3619e+09	5.44504e+09	4.77059e+09	5.13993e+09	6.50663e+09	6.3125e+09	5.17229e+09	4.6698e+09	5.33426e+09	6.58652e+09	5.94958e+09	5.64838e+09	6.5341e+09	5.56457e+09	6.50459e+09	5.55254e+09	4.28352e+09	5.57114e+09	6.05375e+09	6.08511e+09	3.42192e+09	6.1218e+09	5.33232e+09	5.44205e+09	5.17129e+09	4.63351e+09	5.83263e+09	5.40617e+09	6.72439e+09	5.92141e+09	6.45607e+09	6.08723e+09	6.71987e+09	5.80117e+09	7.00635e+09	7.12485e+09	6.94281e+09	7.485e+09	6.55919e+09	6.98081e+09	6.34836e+09	6.33638e+09	6.44281e+09	6.40186e+09	3.41243e+09	4.97457e+09
