	ERR629982	ERR629983	ERR629986	ERR629984	ERR629985	ERR629987	ERR622030	ERR622028	ERR622027	ERR622032	ERR622029	ERR622031	ERR636707	ERR636704	ERR636705	ERR636706	ERR636703	ERR636708	ERR626432	ERR626431	ERR626433	ERR626430	ERR626429	ERR626434	ERR612618	ERR612614	ERR612613	ERR612616	ERR612617	ERR612615	ERR613123	ERR613121	ERR613124	ERR613122	ERR613120	ERR613119	ERR605618	ERR605622	ERR605617	ERR605619	ERR605621	ERR605620	ERR613638	ERR613635	ERR613637	ERR613639	ERR613640	ERR613636	ERR618472	ERR618474	ERR618476	ERR618471	ERR618475	ERR618473	ERR608168	ERR608171	ERR608172	ERR608169	ERR608170	ERR608167	ERR614539	ERR614541	ERR614540	ERR614537	ERR614538	ERR614542	ERR611343	ERR611344	ERR611346	ERR611341	ERR611345	ERR611342	ERR617486	ERR617484	ERR617485	ERR617481	ERR617482	ERR617483	ERR614898	ERR614900	ERR614897	ERR614895	ERR614899	ERR614896	ERR616770	ERR616773	ERR616771	ERR616774	ERR616772	ERR616769	ERR617338	ERR617337	ERR617340	ERR617341	ERR617342	ERR617339
ERR629982	4.37427e+08	2.54289e+08	2.47925e+08	2.93277e+08	2.5346e+08	2.50866e+08	2.12933e+08	1.83451e+08	2.03249e+08	2.14164e+08	1.83494e+08	2.10674e+08	1.74965e+08	1.83688e+08	1.71035e+08	1.74173e+08	1.62473e+08	1.72932e+08	2.11125e+08	1.78204e+08	2.07863e+08	1.80736e+08	2.02757e+08	2.12133e+08	1.9179e+08	1.7586e+08	2.42247e+08	1.94477e+08	1.94297e+08	2.24731e+08	1.21669e+08	1.90484e+08	1.17985e+08	1.14937e+08	1.91452e+08	2.13068e+08	1.92126e+08	1.79905e+08	2.09724e+08	1.87356e+08	1.82809e+08	1.81866e+08	1.61181e+08	1.89291e+08	1.74279e+08	1.60067e+08	1.26178e+08	1.84181e+08	2.54338e+08	2.50936e+08	2.53074e+08	3.06591e+08	2.63604e+08	2.81188e+08	1.98695e+08	2.58212e+08	2.56766e+08	1.92443e+08	2.61251e+08	1.92818e+08	1.96029e+08	2.80982e+08	2.79205e+08	2.02213e+08	2.08201e+08	2.63322e+08	2.89484e+08	2.60162e+08	2.69748e+08	2.7366e+08	2.77698e+08	2.65961e+08	2.16061e+08	2.32342e+08	2.35986e+08	1.92857e+08	1.99489e+08	1.99997e+08	2.09511e+08	2.07277e+08	1.67403e+08	1.6581e+08	2.0709e+08	1.72712e+08	2.65627e+08	2.41329e+08	2.83504e+08	2.37456e+08	2.41964e+08	2.44671e+08	2.74791e+08	2.69426e+08	3.2264e+08	3.21104e+08	3.24341e+08	2.77858e+08
ERR629983	2.54289e+08	3.36346e+08	2.1239e+08	2.50285e+08	2.17149e+08	2.14933e+08	1.81025e+08	1.562e+08	1.7285e+08	1.82125e+08	1.56103e+08	1.79179e+08	1.49232e+08	1.56624e+08	1.46128e+08	1.48611e+08	1.38735e+08	1.47371e+08	1.79323e+08	1.51566e+08	1.76587e+08	1.53774e+08	1.7218e+08	1.80304e+08	1.6353e+08	1.50017e+08	2.06411e+08	1.65795e+08	1.65679e+08	1.91884e+08	1.03131e+08	1.6132e+08	1.00166e+08	9.74135e+07	1.62297e+08	1.80036e+08	1.63214e+08	1.53126e+08	1.78074e+08	1.59074e+08	1.55683e+08	1.5434e+08	1.36986e+08	1.61192e+08	1.48596e+08	1.36079e+08	1.07535e+08	1.56885e+08	2.17233e+08	2.14039e+08	2.15785e+08	2.61496e+08	2.24832e+08	2.40048e+08	1.69969e+08	2.20436e+08	2.19263e+08	1.64567e+08	2.23085e+08	1.65168e+08	1.67679e+08	2.3998e+08	2.3848e+08	1.73021e+08	1.78067e+08	2.25232e+08	2.46193e+08	2.2256e+08	2.29891e+08	2.32916e+08	2.36718e+08	2.26216e+08	1.84342e+08	1.97894e+08	2.01013e+08	1.64714e+08	1.70099e+08	1.7056e+08	1.79222e+08	1.77274e+08	1.4343e+08	1.42165e+08	1.77233e+08	1.47925e+08	2.26545e+08	2.0625e+08	2.41825e+08	2.03013e+08	2.0682e+08	2.09012e+08	2.3455e+08	2.3034e+08	2.75066e+08	2.73818e+08	2.76242e+08	2.37241e+08
ERR629986	2.47925e+08	2.1239e+08	3.25493e+08	2.44132e+08	2.13822e+08	2.11627e+08	1.76882e+08	1.52732e+08	1.68872e+08	1.78045e+08	1.52685e+08	1.7516e+08	1.4618e+08	1.53347e+08	1.43276e+08	1.45497e+08	1.3589e+08	1.44353e+08	1.74874e+08	1.47973e+08	1.72318e+08	1.50111e+08	1.67972e+08	1.75841e+08	1.5995e+08	1.46849e+08	2.01652e+08	1.62108e+08	1.62033e+08	1.87726e+08	1.00142e+08	1.56568e+08	9.71693e+07	9.45451e+07	1.57457e+08	1.74478e+08	1.59191e+08	1.49785e+08	1.73419e+08	1.55105e+08	1.52392e+08	1.50293e+08	1.33816e+08	1.57635e+08	1.45513e+08	1.32845e+08	1.05214e+08	1.53695e+08	2.13074e+08	2.09259e+08	2.1096e+08	2.56075e+08	2.19796e+08	2.35169e+08	1.66531e+08	2.1576e+08	2.1451e+08	1.61216e+08	2.18397e+08	1.61846e+08	1.64239e+08	2.35073e+08	2.33731e+08	1.69591e+08	1.74599e+08	2.21426e+08	2.40251e+08	2.183e+08	2.24991e+08	2.2747e+08	2.31599e+08	2.20897e+08	1.79995e+08	1.92857e+08	1.95693e+08	1.60952e+08	1.65757e+08	1.66144e+08	1.75884e+08	1.7402e+08	1.40763e+08	1.39747e+08	1.73855e+08	1.45365e+08	2.22208e+08	2.02837e+08	2.36845e+08	1.99535e+08	2.03185e+08	2.05563e+08	2.28752e+08	2.25342e+08	2.68003e+08	2.66818e+08	2.69297e+08	2.31333e+08
ERR629984	2.93277e+08	2.50285e+08	2.44132e+08	4.25767e+08	2.4941e+08	2.46912e+08	2.09449e+08	1.80356e+08	1.99807e+08	2.10767e+08	1.8038e+08	2.07209e+08	1.72281e+08	1.80858e+08	1.68366e+08	1.7144e+08	1.59925e+08	1.70019e+08	2.07641e+08	1.75285e+08	2.04402e+08	1.77638e+08	1.99321e+08	2.08629e+08	1.88777e+08	1.73131e+08	2.38501e+08	1.91319e+08	1.91241e+08	2.21196e+08	1.19681e+08	1.87231e+08	1.16077e+08	1.13061e+08	1.88374e+08	2.09656e+08	1.88891e+08	1.76908e+08	2.06223e+08	1.84228e+08	1.79643e+08	1.78933e+08	1.58351e+08	1.86152e+08	1.71381e+08	1.57235e+08	1.24042e+08	1.81035e+08	2.50225e+08	2.46908e+08	2.49063e+08	3.01736e+08	2.59517e+08	2.76846e+08	1.95549e+08	2.54315e+08	2.52882e+08	1.89502e+08	2.57335e+08	1.89842e+08	1.93015e+08	2.76606e+08	2.74846e+08	1.98992e+08	2.04837e+08	2.58993e+08	2.8489e+08	2.56043e+08	2.6526e+08	2.69098e+08	2.73086e+08	2.61499e+08	2.12759e+08	2.28817e+08	2.32433e+08	1.89953e+08	1.96503e+08	1.96918e+08	2.06371e+08	2.03968e+08	1.64849e+08	1.63335e+08	2.03866e+08	1.7001e+08	2.61348e+08	2.37283e+08	2.78879e+08	2.33513e+08	2.37814e+08	2.40578e+08	2.70642e+08	2.65267e+08	3.17465e+08	3.16061e+08	3.19279e+08	2.73578e+08
ERR629985	2.5346e+08	2.17149e+08	2.13822e+08	2.4941e+08	3.37358e+08	2.16163e+08	1.81096e+08	1.56403e+08	1.72863e+08	1.82259e+08	1.56211e+08	1.79298e+08	1.49522e+08	1.56813e+08	1.46444e+08	1.48881e+08	1.39034e+08	1.47633e+08	1.79051e+08	1.51423e+08	1.76468e+08	1.53724e+08	1.72012e+08	1.80173e+08	1.63577e+08	1.50278e+08	2.06435e+08	1.65909e+08	1.65856e+08	1.92295e+08	1.02621e+08	1.60402e+08	9.95996e+07	9.69355e+07	1.6126e+08	1.78841e+08	1.63044e+08	1.53303e+08	1.77671e+08	1.58884e+08	1.5597e+08	1.53947e+08	1.37088e+08	1.6135e+08	1.49061e+08	1.36105e+08	1.07757e+08	1.57437e+08	2.17709e+08	2.13933e+08	2.15687e+08	2.61776e+08	2.24721e+08	2.4034e+08	1.70205e+08	2.20563e+08	2.19315e+08	1.64686e+08	2.23172e+08	1.65303e+08	1.67911e+08	2.40249e+08	2.38964e+08	1.73389e+08	1.78396e+08	2.26263e+08	2.45743e+08	2.23114e+08	2.29992e+08	2.32678e+08	2.36644e+08	2.25716e+08	1.84023e+08	1.97186e+08	2.00357e+08	1.64539e+08	1.69529e+08	1.69954e+08	1.79741e+08	1.77662e+08	1.43735e+08	1.42609e+08	1.77611e+08	1.48433e+08	2.26981e+08	2.07193e+08	2.4204e+08	2.03765e+08	2.0759e+08	2.09946e+08	2.3378e+08	2.30264e+08	2.74148e+08	2.72821e+08	2.75516e+08	2.36521e+08
ERR629987	2.50866e+08	2.14933e+08	2.11627e+08	2.46912e+08	2.16163e+08	3.31569e+08	1.78989e+08	1.5454e+08	1.70723e+08	1.80109e+08	1.5441e+08	1.77236e+08	1.47883e+08	1.55192e+08	1.44862e+08	1.47242e+08	1.37485e+08	1.46005e+08	1.76932e+08	1.49695e+08	1.74332e+08	1.51831e+08	1.69963e+08	1.77908e+08	1.61687e+08	1.48419e+08	2.03904e+08	1.6389e+08	1.63938e+08	1.89947e+08	1.01432e+08	1.58474e+08	9.834e+07	9.57364e+07	1.59223e+08	1.76587e+08	1.60831e+08	1.51486e+08	1.75234e+08	1.56895e+08	1.5398e+08	1.51983e+08	1.35452e+08	1.59451e+08	1.47266e+08	1.34426e+08	1.06446e+08	1.55468e+08	2.15445e+08	2.117e+08	2.13386e+08	2.58963e+08	2.22275e+08	2.37799e+08	1.68506e+08	2.18257e+08	2.17162e+08	1.63082e+08	2.20959e+08	1.63733e+08	1.66271e+08	2.3773e+08	2.36464e+08	1.71621e+08	1.76572e+08	2.2389e+08	2.43006e+08	2.20844e+08	2.27504e+08	2.30016e+08	2.34157e+08	2.23291e+08	1.82208e+08	1.95058e+08	1.98051e+08	1.62773e+08	1.67712e+08	1.68085e+08	1.77992e+08	1.75925e+08	1.42267e+08	1.41315e+08	1.76001e+08	1.47063e+08	2.24649e+08	2.05051e+08	2.39605e+08	2.01773e+08	2.05508e+08	2.07836e+08	2.31767e+08	2.28013e+08	2.71474e+08	2.70158e+08	2.72714e+08	2.34336e+08
ERR622030	2.12933e+08	1.81025e+08	1.76882e+08	2.09449e+08	1.81096e+08	1.78989e+08	5.94136e+08	3.82832e+08	4.18039e+08	4.40813e+08	3.83623e+08	4.35316e+08	1.58725e+08	1.66183e+08	1.54224e+08	1.57965e+08	1.46484e+08	1.56299e+08	3.30069e+08	2.79935e+08	3.25253e+08	2.83788e+08	3.16238e+08	3.31244e+08	3.13633e+08	2.89329e+08	3.88482e+08	3.17256e+08	3.1793e+08	3.61736e+08	2.02276e+08	3.1105e+08	1.96475e+08	1.91304e+08	3.12473e+08	3.45986e+08	3.52861e+08	3.34038e+08	3.81824e+08	3.46327e+08	3.3886e+08	3.37138e+08	2.84782e+08	3.33246e+08	3.08826e+08	2.81982e+08	2.25836e+08	3.24558e+08	2.1492e+08	2.12218e+08	2.14092e+08	2.60108e+08	2.23588e+08	2.37837e+08	1.90491e+08	2.4257e+08	2.40928e+08	1.84885e+08	2.45004e+08	1.85427e+08	1.58485e+08	2.28777e+08	2.27328e+08	1.63543e+08	1.68577e+08	2.13677e+08	2.34265e+08	2.09055e+08	2.17227e+08	2.20673e+08	2.23633e+08	2.143e+08	1.79556e+08	1.94314e+08	1.97433e+08	1.59828e+08	1.65839e+08	1.66246e+08	1.69237e+08	1.67411e+08	1.34225e+08	1.32746e+08	1.67228e+08	1.38126e+08	2.15804e+08	1.9529e+08	2.30449e+08	1.9219e+08	1.95749e+08	1.98178e+08	2.38406e+08	2.33898e+08	2.80743e+08	2.79613e+08	2.82436e+08	2.41716e+08
ERR622028	1.83451e+08	1.562e+08	1.52732e+08	1.80356e+08	1.56403e+08	1.5454e+08	3.82832e+08	4.70088e+08	3.66149e+08	3.83784e+08	3.36507e+08	3.79097e+08	1.36647e+08	1.43053e+08	1.32908e+08	1.36033e+08	1.26207e+08	1.3448e+08	2.84682e+08	2.41989e+08	2.80615e+08	2.45212e+08	2.7312e+08	2.85913e+08	2.71913e+08	2.51129e+08	3.35906e+08	2.74988e+08	2.75679e+08	3.13576e+08	1.74515e+08	2.67875e+08	1.69619e+08	1.64949e+08	2.69087e+08	2.97427e+08	3.08109e+08	2.92107e+08	3.32965e+08	3.02522e+08	2.96509e+08	2.94339e+08	2.48063e+08	2.90448e+08	2.69493e+08	2.45701e+08	1.97247e+08	2.82923e+08	1.85639e+08	1.82833e+08	1.84492e+08	2.24462e+08	1.92618e+08	2.05239e+08	1.67532e+08	2.1241e+08	2.10943e+08	1.62745e+08	2.14378e+08	1.63317e+08	1.36832e+08	1.97167e+08	1.95939e+08	1.41092e+08	1.45311e+08	1.84598e+08	2.0134e+08	1.80506e+08	1.87063e+08	1.89908e+08	1.92685e+08	1.84439e+08	1.54478e+08	1.66873e+08	1.69649e+08	1.37649e+08	1.42538e+08	1.42937e+08	1.45954e+08	1.44352e+08	1.15914e+08	1.14721e+08	1.44182e+08	1.19289e+08	1.86075e+08	1.6882e+08	1.98833e+08	1.66093e+08	1.69285e+08	1.71152e+08	2.05442e+08	2.0187e+08	2.41801e+08	2.40697e+08	2.43174e+08	2.08238e+08
ERR622027	2.03249e+08	1.7285e+08	1.68872e+08	1.99807e+08	1.72863e+08	1.70723e+08	4.18039e+08	3.66149e+08	5.49008e+08	4.19109e+08	3.66886e+08	4.13911e+08	1.51524e+08	1.58559e+08	1.47292e+08	1.5075e+08	1.39788e+08	1.49044e+08	3.14118e+08	2.66508e+08	3.09382e+08	2.70281e+08	3.01356e+08	3.15317e+08	2.98796e+08	2.75781e+08	3.69672e+08	3.02226e+08	3.02707e+08	3.4457e+08	1.92001e+08	2.95146e+08	1.86524e+08	1.81561e+08	2.96614e+08	3.28188e+08	3.36384e+08	3.18539e+08	3.63727e+08	3.30083e+08	3.23188e+08	3.21224e+08	2.7159e+08	3.18077e+08	2.94761e+08	2.69045e+08	2.15582e+08	3.0977e+08	2.052e+08	2.02486e+08	2.04247e+08	2.48459e+08	2.13233e+08	2.27066e+08	1.825e+08	2.32093e+08	2.30598e+08	1.77408e+08	2.34451e+08	1.77821e+08	1.51358e+08	2.1835e+08	2.16916e+08	1.56081e+08	1.60861e+08	2.04115e+08	2.23503e+08	1.99707e+08	2.07369e+08	2.10685e+08	2.13555e+08	2.04627e+08	1.71107e+08	1.84984e+08	1.88093e+08	1.52456e+08	1.58035e+08	1.5847e+08	1.61432e+08	1.59656e+08	1.28225e+08	1.26755e+08	1.59526e+08	1.31831e+08	2.05969e+08	1.86744e+08	2.20208e+08	1.8356e+08	1.86992e+08	1.89397e+08	2.27215e+08	2.23174e+08	2.67543e+08	2.66385e+08	2.69166e+08	2.30377e+08
ERR622032	2.14164e+08	1.82125e+08	1.78045e+08	2.10767e+08	1.82259e+08	1.80109e+08	4.40813e+08	3.83784e+08	4.19109e+08	5.97191e+08	3.84484e+08	4.36518e+08	1.59623e+08	1.67114e+08	1.55172e+08	1.58858e+08	1.47389e+08	1.57171e+08	3.31179e+08	2.80947e+08	3.26045e+08	2.84603e+08	3.17193e+08	3.32363e+08	3.14593e+08	2.90388e+08	3.89627e+08	3.18184e+08	3.18987e+08	3.63128e+08	2.02838e+08	3.11647e+08	1.96964e+08	1.91755e+08	3.13224e+08	3.46631e+08	3.53433e+08	3.34661e+08	3.82353e+08	3.4688e+08	3.39647e+08	3.376e+08	2.85769e+08	3.34468e+08	3.10075e+08	2.83113e+08	2.26728e+08	3.2557e+08	2.16331e+08	2.13569e+08	2.15223e+08	2.61807e+08	2.24793e+08	2.39353e+08	1.91306e+08	2.43632e+08	2.42054e+08	1.85771e+08	2.45998e+08	1.86335e+08	1.59374e+08	2.3015e+08	2.2862e+08	1.64505e+08	1.69474e+08	2.14959e+08	2.35348e+08	2.10268e+08	2.18348e+08	2.21827e+08	2.24841e+08	2.1554e+08	1.80553e+08	1.95153e+08	1.98445e+08	1.60786e+08	1.66678e+08	1.67078e+08	1.70314e+08	1.68445e+08	1.35011e+08	1.33703e+08	1.68372e+08	1.39022e+08	2.17121e+08	1.96669e+08	2.31974e+08	1.93459e+08	1.97053e+08	1.99543e+08	2.39548e+08	2.35023e+08	2.81992e+08	2.80758e+08	2.83648e+08	2.42734e+08
ERR622029	1.83494e+08	1.56103e+08	1.52685e+08	1.8038e+08	1.56211e+08	1.5441e+08	3.83623e+08	3.36507e+08	3.66886e+08	3.84484e+08	4.70404e+08	3.79757e+08	1.36951e+08	1.433e+08	1.33159e+08	1.36196e+08	1.26375e+08	1.34702e+08	2.85882e+08	2.42956e+08	2.81652e+08	2.46008e+08	2.74055e+08	2.86951e+08	2.72863e+08	2.52006e+08	3.37147e+08	2.7586e+08	2.76763e+08	3.14461e+08	1.75602e+08	2.69091e+08	1.70585e+08	1.66045e+08	2.70495e+08	2.9893e+08	3.08635e+08	2.9263e+08	3.33458e+08	3.03037e+08	2.96971e+08	2.94978e+08	2.4874e+08	2.91097e+08	2.70064e+08	2.46464e+08	1.97819e+08	2.8347e+08	1.85261e+08	1.82754e+08	1.84239e+08	2.24127e+08	1.92467e+08	2.04897e+08	1.67383e+08	2.12259e+08	2.10792e+08	1.6256e+08	2.14346e+08	1.63067e+08	1.36684e+08	1.97043e+08	1.95937e+08	1.40947e+08	1.45288e+08	1.84408e+08	2.01347e+08	1.80294e+08	1.87011e+08	1.89825e+08	1.92565e+08	1.8445e+08	1.54445e+08	1.66936e+08	1.69817e+08	1.37641e+08	1.42608e+08	1.42984e+08	1.45823e+08	1.44238e+08	1.15746e+08	1.14566e+08	1.44038e+08	1.191e+08	1.85824e+08	1.68615e+08	1.98561e+08	1.65831e+08	1.6894e+08	1.71103e+08	2.05513e+08	2.01865e+08	2.42001e+08	2.40932e+08	2.43423e+08	2.08435e+08
ERR622031	2.10674e+08	1.79179e+08	1.7516e+08	2.07209e+08	1.79298e+08	1.77236e+08	4.35316e+08	3.79097e+08	4.13911e+08	4.36518e+08	3.79757e+08	5.83618e+08	1.57033e+08	1.64507e+08	1.52815e+08	1.56463e+08	1.45085e+08	1.546e+08	3.26659e+08	2.77216e+08	3.21949e+08	2.80834e+08	3.13021e+08	3.27847e+08	3.10658e+08	2.86513e+08	3.84433e+08	3.14163e+08	3.14843e+08	3.58231e+08	2.00082e+08	3.07409e+08	1.94349e+08	1.89162e+08	3.08862e+08	3.41729e+08	3.49169e+08	3.30719e+08	3.77804e+08	3.428e+08	3.35811e+08	3.33745e+08	2.82052e+08	3.303e+08	3.06057e+08	2.79538e+08	2.23912e+08	3.21609e+08	2.12819e+08	2.10089e+08	2.11845e+08	2.576e+08	2.21214e+08	2.35462e+08	1.88493e+08	2.40099e+08	2.38395e+08	1.8312e+08	2.42379e+08	1.83556e+08	1.56855e+08	2.26363e+08	2.25014e+08	1.61908e+08	1.66802e+08	2.11476e+08	2.31412e+08	2.06924e+08	2.14803e+08	2.18092e+08	2.21241e+08	2.12017e+08	1.77578e+08	1.91831e+08	1.95152e+08	1.58135e+08	1.63859e+08	1.64321e+08	1.67405e+08	1.65574e+08	1.32851e+08	1.31413e+08	1.65512e+08	1.36693e+08	2.13523e+08	1.93491e+08	2.28033e+08	1.90435e+08	1.9379e+08	1.96262e+08	2.35848e+08	2.31457e+08	2.7761e+08	2.76629e+08	2.7955e+08	2.39071e+08
ERR636707	1.74965e+08	1.49232e+08	1.4618e+08	1.72281e+08	1.49522e+08	1.47883e+08	1.58725e+08	1.36647e+08	1.51524e+08	1.59623e+08	1.36951e+08	1.57033e+08	2.62531e+08	1.70708e+08	1.59093e+08	1.62726e+08	1.51402e+08	1.61633e+08	1.5756e+08	1.3296e+08	1.5501e+08	1.34786e+08	1.51092e+08	1.58209e+08	1.43333e+08	1.31482e+08	1.80454e+08	1.45274e+08	1.45201e+08	1.6727e+08	9.11256e+07	1.41765e+08	8.84738e+07	8.61609e+07	1.42568e+08	1.58565e+08	1.42451e+08	1.33273e+08	1.55322e+08	1.39107e+08	1.35403e+08	1.35048e+08	1.19842e+08	1.40516e+08	1.29353e+08	1.18841e+08	9.37136e+07	1.36682e+08	1.73271e+08	1.71003e+08	1.72607e+08	2.09006e+08	1.79675e+08	1.91799e+08	1.32941e+08	1.72822e+08	1.7175e+08	1.28679e+08	1.74926e+08	1.28867e+08	1.30503e+08	1.87132e+08	1.8634e+08	1.3471e+08	1.38636e+08	1.75582e+08	1.92744e+08	1.73464e+08	1.79596e+08	1.82209e+08	1.84904e+08	1.77202e+08	1.47502e+08	1.58859e+08	1.61408e+08	1.3131e+08	1.36011e+08	1.36412e+08	1.41281e+08	1.39685e+08	1.12911e+08	1.11834e+08	1.39628e+08	1.16482e+08	1.77353e+08	1.61259e+08	1.89006e+08	1.58666e+08	1.61719e+08	1.63687e+08	1.76529e+08	1.72879e+08	2.07272e+08	2.06389e+08	2.08477e+08	1.78514e+08
ERR636704	1.83688e+08	1.56624e+08	1.53347e+08	1.80858e+08	1.56813e+08	1.55192e+08	1.66183e+08	1.43053e+08	1.58559e+08	1.67114e+08	1.433e+08	1.64507e+08	1.70708e+08	2.83693e+08	1.67305e+08	1.69624e+08	1.59261e+08	1.68564e+08	1.65431e+08	1.39839e+08	1.62772e+08	1.41663e+08	1.5881e+08	1.66272e+08	1.50397e+08	1.3804e+08	1.89482e+08	1.5231e+08	1.52322e+08	1.75656e+08	9.55481e+07	1.48817e+08	9.27798e+07	9.03343e+07	1.49804e+08	1.66519e+08	1.49213e+08	1.39512e+08	1.62659e+08	1.45595e+08	1.4169e+08	1.41599e+08	1.25704e+08	1.47342e+08	1.35579e+08	1.24676e+08	9.82575e+07	1.43218e+08	1.81763e+08	1.79551e+08	1.81103e+08	2.19496e+08	1.88593e+08	2.01364e+08	1.38982e+08	1.80994e+08	1.79893e+08	1.34537e+08	1.83139e+08	1.34827e+08	1.36836e+08	1.96514e+08	1.95504e+08	1.41222e+08	1.45351e+08	1.84082e+08	2.02439e+08	1.82047e+08	1.88543e+08	1.91276e+08	1.94054e+08	1.86098e+08	1.54886e+08	1.66828e+08	1.69438e+08	1.37926e+08	1.42852e+08	1.43181e+08	1.48191e+08	1.46642e+08	1.18426e+08	1.1737e+08	1.4657e+08	1.22177e+08	1.86341e+08	1.69122e+08	1.98553e+08	1.66592e+08	1.69736e+08	1.71741e+08	1.85276e+08	1.81555e+08	2.17642e+08	2.16713e+08	2.18838e+08	1.87448e+08
ERR636705	1.71035e+08	1.46128e+08	1.43276e+08	1.68366e+08	1.46444e+08	1.44862e+08	1.54224e+08	1.32908e+08	1.47292e+08	1.55172e+08	1.33159e+08	1.52815e+08	1.59093e+08	1.67305e+08	2.52834e+08	1.58056e+08	1.48571e+08	1.57046e+08	1.53239e+08	1.29501e+08	1.508e+08	1.31158e+08	1.46977e+08	1.53923e+08	1.39579e+08	1.28109e+08	1.75805e+08	1.41372e+08	1.41454e+08	1.63168e+08	8.84097e+07	1.37644e+08	8.57895e+07	8.3493e+07	1.3842e+08	1.5371e+08	1.38467e+08	1.29826e+08	1.51055e+08	1.35245e+08	1.31829e+08	1.31363e+08	1.16591e+08	1.36957e+08	1.26085e+08	1.1564e+08	9.13936e+07	1.33155e+08	1.69466e+08	1.67015e+08	1.68651e+08	2.04218e+08	1.7555e+08	1.87381e+08	1.29891e+08	1.68674e+08	1.67721e+08	1.25674e+08	1.70789e+08	1.26036e+08	1.2764e+08	1.83132e+08	1.82318e+08	1.31864e+08	1.35574e+08	1.71943e+08	1.88339e+08	1.70047e+08	1.75793e+08	1.78218e+08	1.80958e+08	1.73252e+08	1.4399e+08	1.5492e+08	1.57412e+08	1.28449e+08	1.32712e+08	1.33086e+08	1.38382e+08	1.36941e+08	1.10641e+08	1.09798e+08	1.36864e+08	1.14222e+08	1.73764e+08	1.58079e+08	1.85144e+08	1.55633e+08	1.5865e+08	1.60548e+08	1.72015e+08	1.68711e+08	2.01922e+08	2.00894e+08	2.02928e+08	1.73902e+08
ERR636706	1.74173e+08	1.48611e+08	1.45497e+08	1.7144e+08	1.48881e+08	1.47242e+08	1.57965e+08	1.36033e+08	1.5075e+08	1.58858e+08	1.36196e+08	1.56463e+08	1.62726e+08	1.69624e+08	1.58056e+08	2.60219e+08	1.50468e+08	1.60584e+08	1.56938e+08	1.32616e+08	1.54374e+08	1.34279e+08	1.50571e+08	1.57664e+08	1.42678e+08	1.30919e+08	1.79536e+08	1.44481e+08	1.4449e+08	1.66552e+08	9.0718e+07	1.41163e+08	8.81094e+07	8.57498e+07	1.42056e+08	1.58048e+08	1.41774e+08	1.32654e+08	1.54607e+08	1.38382e+08	1.34709e+08	1.34431e+08	1.19336e+08	1.39976e+08	1.28799e+08	1.18419e+08	9.33434e+07	1.35929e+08	1.72427e+08	1.70257e+08	1.71825e+08	2.08082e+08	1.78877e+08	1.90977e+08	1.3222e+08	1.72036e+08	1.70947e+08	1.27954e+08	1.74018e+08	1.28119e+08	1.29919e+08	1.86263e+08	1.85474e+08	1.34027e+08	1.37925e+08	1.74764e+08	1.91888e+08	1.72625e+08	1.78758e+08	1.81357e+08	1.84023e+08	1.76428e+08	1.46905e+08	1.58217e+08	1.60607e+08	1.3083e+08	1.35487e+08	1.35879e+08	1.40655e+08	1.39048e+08	1.12331e+08	1.11299e+08	1.38967e+08	1.15961e+08	1.76499e+08	1.60507e+08	1.88292e+08	1.57938e+08	1.60946e+08	1.62847e+08	1.75816e+08	1.72184e+08	2.06485e+08	2.05432e+08	2.0758e+08	1.77664e+08
ERR636703	1.62473e+08	1.38735e+08	1.3589e+08	1.59925e+08	1.39034e+08	1.37485e+08	1.46484e+08	1.26207e+08	1.39788e+08	1.47389e+08	1.26375e+08	1.45085e+08	1.51402e+08	1.59261e+08	1.48571e+08	1.50468e+08	2.3328e+08	1.4939e+08	1.45844e+08	1.23343e+08	1.43585e+08	1.25015e+08	1.40039e+08	1.46609e+08	1.32829e+08	1.22002e+08	1.67169e+08	1.34519e+08	1.34663e+08	1.55206e+08	8.41231e+07	1.30918e+08	8.16491e+07	7.94643e+07	1.31627e+08	1.46282e+08	1.31563e+08	1.23266e+08	1.43342e+08	1.28332e+08	1.25118e+08	1.24676e+08	1.10873e+08	1.30153e+08	1.19904e+08	1.10082e+08	8.68917e+07	1.26563e+08	1.61059e+08	1.58754e+08	1.60164e+08	1.94127e+08	1.66862e+08	1.78241e+08	1.23305e+08	1.60214e+08	1.59086e+08	1.19183e+08	1.61991e+08	1.1947e+08	1.21384e+08	1.74011e+08	1.73126e+08	1.25267e+08	1.28908e+08	1.63418e+08	1.78782e+08	1.6133e+08	1.66834e+08	1.69084e+08	1.71684e+08	1.64391e+08	1.36916e+08	1.47232e+08	1.49584e+08	1.22065e+08	1.26068e+08	1.26619e+08	1.31371e+08	1.29911e+08	1.04976e+08	1.04157e+08	1.2989e+08	1.08405e+08	1.64884e+08	1.50045e+08	1.75775e+08	1.47658e+08	1.50582e+08	1.52311e+08	1.63738e+08	1.60684e+08	1.92137e+08	1.91178e+08	1.931e+08	1.65544e+08
ERR636708	1.72932e+08	1.47371e+08	1.44353e+08	1.70019e+08	1.47633e+08	1.46005e+08	1.56299e+08	1.3448e+08	1.49044e+08	1.57171e+08	1.34702e+08	1.546e+08	1.61633e+08	1.68564e+08	1.57046e+08	1.60584e+08	1.4939e+08	2.56964e+08	1.55218e+08	1.31164e+08	1.5272e+08	1.3287e+08	1.49009e+08	1.55937e+08	1.41175e+08	1.29579e+08	1.77848e+08	1.43063e+08	1.43123e+08	1.64931e+08	8.9777e+07	1.3971e+08	8.70933e+07	8.48166e+07	1.40587e+08	1.56288e+08	1.40151e+08	1.31148e+08	1.52947e+08	1.3699e+08	1.33168e+08	1.32988e+08	1.18037e+08	1.38386e+08	1.27412e+08	1.17108e+08	9.23139e+07	1.34437e+08	1.70879e+08	1.68675e+08	1.70191e+08	2.06076e+08	1.77294e+08	1.89105e+08	1.31134e+08	1.70584e+08	1.69371e+08	1.26797e+08	1.72472e+08	1.27051e+08	1.2876e+08	1.84695e+08	1.83803e+08	1.32816e+08	1.36786e+08	1.73e+08	1.90216e+08	1.71064e+08	1.77336e+08	1.79889e+08	1.82387e+08	1.74916e+08	1.45565e+08	1.5676e+08	1.59337e+08	1.29797e+08	1.34168e+08	1.34708e+08	1.39315e+08	1.37853e+08	1.11313e+08	1.10333e+08	1.37721e+08	1.14835e+08	1.74975e+08	1.5903e+08	1.86481e+08	1.56393e+08	1.59509e+08	1.61371e+08	1.74367e+08	1.70724e+08	2.04644e+08	2.03878e+08	2.05869e+08	1.76194e+08
ERR626432	2.11125e+08	1.79323e+08	1.74874e+08	2.07641e+08	1.79051e+08	1.76932e+08	3.30069e+08	2.84682e+08	3.14118e+08	3.31179e+08	2.85882e+08	3.26659e+08	1.5756e+08	1.65431e+08	1.53239e+08	1.56938e+08	1.45844e+08	1.55218e+08	5.43663e+08	3.35055e+08	3.88731e+08	3.38596e+08	3.7691e+08	3.96141e+08	2.96889e+08	2.73124e+08	3.68074e+08	3.00336e+08	3.00665e+08	3.42239e+08	1.94381e+08	2.98082e+08	1.88406e+08	1.84068e+08	3.00485e+08	3.32893e+08	2.98091e+08	2.79538e+08	3.24659e+08	2.91543e+08	2.83666e+08	2.83728e+08	2.57484e+08	2.99656e+08	2.76486e+08	2.54965e+08	2.02934e+08	2.91277e+08	2.12412e+08	2.10451e+08	2.12198e+08	2.57333e+08	2.21478e+08	2.35489e+08	1.58095e+08	2.07327e+08	2.06013e+08	1.53181e+08	2.10024e+08	1.53553e+08	1.55404e+08	2.24264e+08	2.22763e+08	1.60203e+08	1.65052e+08	2.09108e+08	2.32401e+08	2.064e+08	2.15107e+08	2.18773e+08	2.21527e+08	2.12814e+08	1.78115e+08	1.92688e+08	1.95907e+08	1.58567e+08	1.64933e+08	1.65312e+08	1.6736e+08	1.65669e+08	1.32966e+08	1.31398e+08	1.65566e+08	1.36887e+08	2.09515e+08	1.89281e+08	2.23849e+08	1.86266e+08	1.89603e+08	1.91764e+08	2.30035e+08	2.25231e+08	2.71058e+08	2.70169e+08	2.72686e+08	2.32991e+08
ERR626431	1.78204e+08	1.51566e+08	1.47973e+08	1.75285e+08	1.51423e+08	1.49695e+08	2.79935e+08	2.41989e+08	2.66508e+08	2.80947e+08	2.42956e+08	2.77216e+08	1.3296e+08	1.39839e+08	1.29501e+08	1.32616e+08	1.23343e+08	1.31164e+08	3.35055e+08	4.12819e+08	3.30327e+08	2.89987e+08	3.21873e+08	3.36398e+08	2.52757e+08	2.32934e+08	3.12738e+08	2.55887e+08	2.5614e+08	2.91656e+08	1.65171e+08	2.52533e+08	1.60273e+08	1.56477e+08	2.54473e+08	2.8104e+08	2.52541e+08	2.37366e+08	2.74963e+08	2.47085e+08	2.40664e+08	2.40359e+08	2.1897e+08	2.54801e+08	2.35501e+08	2.16965e+08	1.73163e+08	2.48013e+08	1.79204e+08	1.77249e+08	1.78717e+08	2.16923e+08	1.86601e+08	1.98476e+08	1.33682e+08	1.75046e+08	1.73891e+08	1.29581e+08	1.77173e+08	1.29795e+08	1.31256e+08	1.89091e+08	1.87985e+08	1.35436e+08	1.39438e+08	1.76908e+08	1.9533e+08	1.74325e+08	1.81249e+08	1.84156e+08	1.86696e+08	1.79094e+08	1.50162e+08	1.62126e+08	1.64859e+08	1.33734e+08	1.38802e+08	1.39231e+08	1.41327e+08	1.39898e+08	1.12366e+08	1.11073e+08	1.39845e+08	1.15751e+08	1.76639e+08	1.59728e+08	1.88653e+08	1.57291e+08	1.602e+08	1.62034e+08	1.94137e+08	1.90411e+08	2.28449e+08	2.27656e+08	2.29931e+08	1.96606e+08
ERR626433	2.07863e+08	1.76587e+08	1.72318e+08	2.04402e+08	1.76468e+08	1.74332e+08	3.25253e+08	2.80615e+08	3.09382e+08	3.26045e+08	2.81652e+08	3.21949e+08	1.5501e+08	1.62772e+08	1.508e+08	1.54374e+08	1.43585e+08	1.5272e+08	3.88731e+08	3.30327e+08	5.2995e+08	3.33732e+08	3.71241e+08	3.90218e+08	2.92833e+08	2.69369e+08	3.62816e+08	2.96123e+08	2.96385e+08	3.37702e+08	1.91371e+08	2.9355e+08	1.85574e+08	1.8122e+08	2.95673e+08	3.27317e+08	2.93625e+08	2.75547e+08	3.19864e+08	2.87235e+08	2.7956e+08	2.79525e+08	2.53544e+08	2.95173e+08	2.72631e+08	2.51088e+08	2.00184e+08	2.87071e+08	2.0914e+08	2.0705e+08	2.08875e+08	2.53285e+08	2.18061e+08	2.31736e+08	1.55806e+08	2.04128e+08	2.02916e+08	1.50864e+08	2.06684e+08	1.51162e+08	1.5301e+08	2.20783e+08	2.19451e+08	1.57916e+08	1.62587e+08	2.0611e+08	2.28561e+08	2.03332e+08	2.11723e+08	2.15395e+08	2.17974e+08	2.0935e+08	1.75256e+08	1.89465e+08	1.92677e+08	1.56035e+08	1.62128e+08	1.6269e+08	1.64763e+08	1.63198e+08	1.30882e+08	1.29381e+08	1.63212e+08	1.34822e+08	2.06245e+08	1.86378e+08	2.20329e+08	1.83461e+08	1.86807e+08	1.88896e+08	2.26444e+08	2.21796e+08	2.66716e+08	2.65629e+08	2.68315e+08	2.29396e+08
ERR626430	1.80736e+08	1.53774e+08	1.50111e+08	1.77638e+08	1.53724e+08	1.51831e+08	2.83788e+08	2.45212e+08	2.70281e+08	2.84603e+08	2.46008e+08	2.80834e+08	1.34786e+08	1.41663e+08	1.31158e+08	1.34279e+08	1.25015e+08	1.3287e+08	3.38596e+08	2.89987e+08	3.33732e+08	4.21104e+08	3.25784e+08	3.399e+08	2.55916e+08	2.35708e+08	3.16551e+08	2.58905e+08	2.59203e+08	2.95045e+08	1.6666e+08	2.54977e+08	1.61672e+08	1.57649e+08	2.56888e+08	2.83829e+08	2.56155e+08	2.40579e+08	2.78688e+08	2.50488e+08	2.44225e+08	2.43516e+08	2.21749e+08	2.58163e+08	2.38555e+08	2.19611e+08	1.75409e+08	2.51227e+08	1.82004e+08	1.79699e+08	1.81196e+08	2.20003e+08	1.89264e+08	2.01258e+08	1.35579e+08	1.77314e+08	1.76344e+08	1.31412e+08	1.79725e+08	1.31622e+08	1.33243e+08	1.91782e+08	1.90767e+08	1.37451e+08	1.41493e+08	1.79607e+08	1.98249e+08	1.77065e+08	1.83944e+08	1.86873e+08	1.89445e+08	1.81691e+08	1.5204e+08	1.64179e+08	1.67114e+08	1.35556e+08	1.40564e+08	1.41107e+08	1.43281e+08	1.41825e+08	1.13933e+08	1.12687e+08	1.4191e+08	1.17419e+08	1.79198e+08	1.62256e+08	1.91552e+08	1.59801e+08	1.62679e+08	1.64517e+08	1.96638e+08	1.92986e+08	2.31382e+08	2.3046e+08	2.32843e+08	1.99228e+08
ERR626429	2.02757e+08	1.7218e+08	1.67972e+08	1.99321e+08	1.72012e+08	1.69963e+08	3.16238e+08	2.7312e+08	3.01356e+08	3.17193e+08	2.74055e+08	3.13021e+08	1.51092e+08	1.5881e+08	1.46977e+08	1.50571e+08	1.40039e+08	1.49009e+08	3.7691e+08	3.21873e+08	3.71241e+08	3.25784e+08	5.05973e+08	3.78194e+08	2.84571e+08	2.61896e+08	3.52536e+08	2.8792e+08	2.88168e+08	3.28221e+08	1.85705e+08	2.84974e+08	1.80186e+08	1.75822e+08	2.87002e+08	3.17681e+08	2.85737e+08	2.68015e+08	3.1134e+08	2.79509e+08	2.71899e+08	2.71839e+08	2.46811e+08	2.87441e+08	2.65137e+08	2.44431e+08	1.94841e+08	2.79403e+08	2.03943e+08	2.01887e+08	2.03484e+08	2.47008e+08	2.12533e+08	2.25985e+08	1.51875e+08	1.98937e+08	1.9785e+08	1.47134e+08	2.01631e+08	1.47478e+08	1.49323e+08	2.15191e+08	2.14047e+08	1.53953e+08	1.58623e+08	2.01139e+08	2.23127e+08	1.98444e+08	2.06758e+08	2.10278e+08	2.12872e+08	2.04467e+08	1.70919e+08	1.84662e+08	1.87846e+08	1.52162e+08	1.58048e+08	1.58631e+08	1.60594e+08	1.59156e+08	1.27716e+08	1.26137e+08	1.59088e+08	1.31526e+08	2.01019e+08	1.81833e+08	2.14996e+08	1.78949e+08	1.82176e+08	1.84381e+08	2.20655e+08	2.16113e+08	2.59898e+08	2.58883e+08	2.61491e+08	2.23514e+08
ERR626434	2.12133e+08	1.80304e+08	1.75841e+08	2.08629e+08	1.80173e+08	1.77908e+08	3.31244e+08	2.85913e+08	3.15317e+08	3.32363e+08	2.86951e+08	3.27847e+08	1.58209e+08	1.66272e+08	1.53923e+08	1.57664e+08	1.46609e+08	1.55937e+08	3.96141e+08	3.36398e+08	3.90218e+08	3.399e+08	3.78194e+08	5.4717e+08	2.98166e+08	2.7434e+08	3.69572e+08	3.01712e+08	3.01988e+08	3.43785e+08	1.95056e+08	2.99197e+08	1.89081e+08	1.84631e+08	3.01492e+08	3.33706e+08	2.99043e+08	2.80673e+08	3.25919e+08	2.92675e+08	2.84839e+08	2.84842e+08	2.584e+08	3.00715e+08	2.77552e+08	2.5579e+08	2.03767e+08	2.92436e+08	2.13365e+08	2.11241e+08	2.12941e+08	2.58304e+08	2.22465e+08	2.3649e+08	1.58887e+08	2.08284e+08	2.07053e+08	1.54026e+08	2.11058e+08	1.54171e+08	1.56096e+08	2.25243e+08	2.23868e+08	1.61059e+08	1.65897e+08	2.10355e+08	2.3325e+08	2.0745e+08	2.16113e+08	2.19748e+08	2.22608e+08	2.13582e+08	1.78791e+08	1.93351e+08	1.96686e+08	1.59199e+08	1.65405e+08	1.65979e+08	1.68161e+08	1.66511e+08	1.3363e+08	1.32032e+08	1.66481e+08	1.37605e+08	2.10574e+08	1.90261e+08	2.24924e+08	1.8727e+08	1.90562e+08	1.92806e+08	2.31165e+08	2.26358e+08	2.72401e+08	2.71114e+08	2.73935e+08	2.34258e+08
ERR612618	1.9179e+08	1.6353e+08	1.5995e+08	1.88777e+08	1.63577e+08	1.61687e+08	3.13633e+08	2.71913e+08	2.98796e+08	3.14593e+08	2.72863e+08	3.10658e+08	1.43333e+08	1.50397e+08	1.39579e+08	1.42678e+08	1.32829e+08	1.41175e+08	2.96889e+08	2.52757e+08	2.92833e+08	2.55916e+08	2.84571e+08	2.98166e+08	4.48385e+08	2.89179e+08	3.85324e+08	3.17897e+08	3.18241e+08	3.60055e+08	1.76267e+08	2.6865e+08	1.71214e+08	1.67126e+08	2.70673e+08	2.98621e+08	2.76059e+08	2.60193e+08	2.99847e+08	2.70182e+08	2.64174e+08	2.62363e+08	2.38543e+08	2.77996e+08	2.57536e+08	2.36256e+08	1.89193e+08	2.70794e+08	1.94721e+08	1.91891e+08	1.93447e+08	2.3531e+08	2.01867e+08	2.15237e+08	1.47795e+08	1.92784e+08	1.91718e+08	1.4312e+08	1.9513e+08	1.4353e+08	1.45314e+08	2.09021e+08	2.08038e+08	1.50063e+08	1.54374e+08	1.95812e+08	2.11766e+08	1.89999e+08	1.96897e+08	1.99692e+08	2.02819e+08	1.94119e+08	1.63942e+08	1.76719e+08	1.79927e+08	1.46057e+08	1.51138e+08	1.51594e+08	1.53537e+08	1.51898e+08	1.22038e+08	1.2094e+08	1.51785e+08	1.25703e+08	1.95452e+08	1.77172e+08	2.08701e+08	1.74473e+08	1.77813e+08	1.79928e+08	2.16705e+08	2.12821e+08	2.54376e+08	2.53153e+08	2.55793e+08	2.1944e+08
ERR612614	1.7586e+08	1.50017e+08	1.46849e+08	1.73131e+08	1.50278e+08	1.48419e+08	2.89329e+08	2.51129e+08	2.75781e+08	2.90388e+08	2.52006e+08	2.86513e+08	1.31482e+08	1.3804e+08	1.28109e+08	1.30919e+08	1.22002e+08	1.29579e+08	2.73124e+08	2.32934e+08	2.69369e+08	2.35708e+08	2.61896e+08	2.7434e+08	2.89179e+08	3.91383e+08	3.56237e+08	2.92512e+08	2.93091e+08	3.33411e+08	1.61649e+08	2.46014e+08	1.57092e+08	1.53309e+08	2.47831e+08	2.73097e+08	2.5419e+08	2.39929e+08	2.75877e+08	2.49075e+08	2.43786e+08	2.41547e+08	2.20164e+08	2.56467e+08	2.37943e+08	2.17973e+08	1.7477e+08	2.50214e+08	1.78712e+08	1.75896e+08	1.77298e+08	2.15956e+08	1.85092e+08	1.97466e+08	1.3585e+08	1.76898e+08	1.75857e+08	1.31438e+08	1.7895e+08	1.31956e+08	1.33417e+08	1.91721e+08	1.90693e+08	1.37771e+08	1.41698e+08	1.7982e+08	1.93852e+08	1.74538e+08	1.80469e+08	1.82977e+08	1.85857e+08	1.77719e+08	1.50107e+08	1.61648e+08	1.64502e+08	1.33845e+08	1.38373e+08	1.3871e+08	1.41013e+08	1.39357e+08	1.12122e+08	1.11036e+08	1.39323e+08	1.15429e+08	1.79235e+08	1.6283e+08	1.91379e+08	1.60187e+08	1.63223e+08	1.65232e+08	1.98823e+08	1.95394e+08	2.33234e+08	2.32184e+08	2.34519e+08	2.01278e+08
ERR612613	2.42247e+08	2.06411e+08	2.01652e+08	2.38501e+08	2.06435e+08	2.03904e+08	3.88482e+08	3.35906e+08	3.69672e+08	3.89627e+08	3.37147e+08	3.84433e+08	1.80454e+08	1.89482e+08	1.75805e+08	1.79536e+08	1.67169e+08	1.77848e+08	3.68074e+08	3.12738e+08	3.62816e+08	3.16551e+08	3.52536e+08	3.69572e+08	3.85324e+08	3.56237e+08	6.47998e+08	3.89782e+08	3.90355e+08	4.45789e+08	2.18738e+08	3.35163e+08	2.12364e+08	2.07373e+08	3.37546e+08	3.73227e+08	3.42599e+08	3.22286e+08	3.72452e+08	3.35287e+08	3.2729e+08	3.25693e+08	2.9456e+08	3.43438e+08	3.17615e+08	2.91665e+08	2.32853e+08	3.34448e+08	2.45823e+08	2.42519e+08	2.44315e+08	2.97316e+08	2.55059e+08	2.71976e+08	1.86263e+08	2.43292e+08	2.41959e+08	1.80362e+08	2.46234e+08	1.80889e+08	1.82957e+08	2.63867e+08	2.62294e+08	1.89216e+08	1.94527e+08	2.46649e+08	2.67902e+08	2.39817e+08	2.4883e+08	2.52652e+08	2.5622e+08	2.45492e+08	2.07003e+08	2.23223e+08	2.27411e+08	1.84415e+08	1.91047e+08	1.91453e+08	1.93547e+08	1.91451e+08	1.53737e+08	1.52229e+08	1.91442e+08	1.5842e+08	2.46829e+08	2.23558e+08	2.6356e+08	2.20128e+08	2.24239e+08	2.27142e+08	2.71959e+08	2.66809e+08	3.19568e+08	3.18082e+08	3.21303e+08	2.75224e+08
ERR612616	1.94477e+08	1.65795e+08	1.62108e+08	1.91319e+08	1.65909e+08	1.6389e+08	3.17256e+08	2.74988e+08	3.02226e+08	3.18184e+08	2.7586e+08	3.14163e+08	1.45274e+08	1.5231e+08	1.41372e+08	1.44481e+08	1.34519e+08	1.43063e+08	3.00336e+08	2.55887e+08	2.96123e+08	2.58905e+08	2.8792e+08	3.01712e+08	3.17897e+08	2.92512e+08	3.89782e+08	4.57566e+08	3.22037e+08	3.64402e+08	1.781e+08	2.71534e+08	1.73069e+08	1.68841e+08	2.73645e+08	3.01789e+08	2.78968e+08	2.62911e+08	3.03047e+08	2.73029e+08	2.66946e+08	2.65166e+08	2.41272e+08	2.81127e+08	2.60403e+08	2.38674e+08	1.91238e+08	2.73935e+08	1.9747e+08	1.94469e+08	1.96057e+08	2.38501e+08	2.04644e+08	2.18357e+08	1.49495e+08	1.95289e+08	1.94047e+08	1.44931e+08	1.97616e+08	1.45447e+08	1.47249e+08	2.11857e+08	2.10732e+08	1.52143e+08	1.56478e+08	1.98521e+08	2.14685e+08	1.92774e+08	1.99677e+08	2.02472e+08	2.05568e+08	1.96622e+08	1.66323e+08	1.7899e+08	1.82299e+08	1.48107e+08	1.53289e+08	1.53591e+08	1.55745e+08	1.54007e+08	1.23751e+08	1.22587e+08	1.53948e+08	1.27509e+08	1.98233e+08	1.79839e+08	2.11767e+08	1.76913e+08	1.80341e+08	1.82539e+08	2.19496e+08	2.15534e+08	2.57631e+08	2.56483e+08	2.59038e+08	2.22202e+08
ERR612617	1.94297e+08	1.65679e+08	1.62033e+08	1.91241e+08	1.65856e+08	1.63938e+08	3.1793e+08	2.75679e+08	3.02707e+08	3.18987e+08	2.76763e+08	3.14843e+08	1.45201e+08	1.52322e+08	1.41454e+08	1.4449e+08	1.34663e+08	1.43123e+08	3.00665e+08	2.5614e+08	2.96385e+08	2.59203e+08	2.88168e+08	3.01988e+08	3.18241e+08	2.93091e+08	3.90355e+08	3.22037e+08	4.57944e+08	3.64937e+08	1.78132e+08	2.71625e+08	1.7304e+08	1.68917e+08	2.73717e+08	3.01777e+08	2.79417e+08	2.63539e+08	3.03536e+08	2.73511e+08	2.67656e+08	2.65503e+08	2.4165e+08	2.81711e+08	2.61074e+08	2.39263e+08	1.91711e+08	2.74623e+08	1.97442e+08	1.94403e+08	1.96032e+08	2.38465e+08	2.04589e+08	2.18187e+08	1.49717e+08	1.9531e+08	1.94146e+08	1.45014e+08	1.97646e+08	1.45498e+08	1.47256e+08	2.11863e+08	2.10749e+08	1.52166e+08	1.56494e+08	1.98509e+08	2.14541e+08	1.92877e+08	1.99648e+08	2.02379e+08	2.05657e+08	1.96542e+08	1.66154e+08	1.78892e+08	1.82171e+08	1.47982e+08	1.53121e+08	1.53551e+08	1.55633e+08	1.53944e+08	1.23801e+08	1.22583e+08	1.53825e+08	1.27449e+08	1.9819e+08	1.79817e+08	2.11559e+08	1.77042e+08	1.80426e+08	1.82614e+08	2.19388e+08	2.15522e+08	2.57456e+08	2.56238e+08	2.5885e+08	2.22139e+08
ERR612615	2.24731e+08	1.91884e+08	1.87726e+08	2.21196e+08	1.92295e+08	1.89947e+08	3.61736e+08	3.13576e+08	3.4457e+08	3.63128e+08	3.14461e+08	3.58231e+08	1.6727e+08	1.75656e+08	1.63168e+08	1.66552e+08	1.55206e+08	1.64931e+08	3.42239e+08	2.91656e+08	3.37702e+08	2.95045e+08	3.28221e+08	3.43785e+08	3.60055e+08	3.33411e+08	4.45789e+08	3.64402e+08	3.64937e+08	5.74172e+08	2.02387e+08	3.09747e+08	1.96751e+08	1.91905e+08	3.11991e+08	3.43845e+08	3.18995e+08	3.01194e+08	3.46469e+08	3.12191e+08	3.05787e+08	3.02588e+08	2.75033e+08	3.20957e+08	2.97468e+08	2.72265e+08	2.17874e+08	3.13158e+08	2.28936e+08	2.25054e+08	2.26736e+08	2.76387e+08	2.36721e+08	2.52843e+08	1.73061e+08	2.25478e+08	2.24268e+08	1.67425e+08	2.28344e+08	1.68104e+08	1.70174e+08	2.45036e+08	2.43682e+08	1.75938e+08	1.80875e+08	2.29994e+08	2.48141e+08	2.23639e+08	2.3127e+08	2.34269e+08	2.37982e+08	2.27378e+08	1.9184e+08	2.06312e+08	2.10078e+08	1.70985e+08	1.7665e+08	1.77143e+08	1.8007e+08	1.78169e+08	1.43111e+08	1.41958e+08	1.78014e+08	1.47472e+08	2.29828e+08	2.08727e+08	2.45102e+08	2.0552e+08	2.09348e+08	2.11883e+08	2.52085e+08	2.48038e+08	2.96016e+08	2.94489e+08	2.97457e+08	2.55245e+08
ERR613123	1.21669e+08	1.03131e+08	1.00142e+08	1.19681e+08	1.02621e+08	1.01432e+08	2.02276e+08	1.74515e+08	1.92001e+08	2.02838e+08	1.75602e+08	2.00082e+08	9.11256e+07	9.55481e+07	8.84097e+07	9.0718e+07	8.41231e+07	8.9777e+07	1.94381e+08	1.65171e+08	1.91371e+08	1.6666e+08	1.85705e+08	1.95056e+08	1.76267e+08	1.61649e+08	2.18738e+08	1.781e+08	1.78132e+08	2.02387e+08	2.34413e+08	2.19053e+08	1.4191e+08	1.38929e+08	2.20191e+08	2.43666e+08	1.90261e+08	1.78042e+08	2.0688e+08	1.8667e+08	1.80222e+08	1.82689e+08	1.5702e+08	1.81617e+08	1.67364e+08	1.55478e+08	1.23357e+08	1.7596e+08	1.20901e+08	1.20622e+08	1.21605e+08	1.46871e+08	1.26834e+08	1.34446e+08	9.65169e+07	1.25472e+08	1.24683e+08	9.36121e+07	1.26924e+08	9.35958e+07	9.11286e+07	1.31346e+08	1.30489e+08	9.37543e+07	9.65123e+07	1.21527e+08	1.33856e+08	1.17561e+08	1.23588e+08	1.25896e+08	1.27147e+08	1.22464e+08	1.02689e+08	1.11669e+08	1.13658e+08	9.10412e+07	9.52402e+07	9.56162e+07	9.54658e+07	9.44817e+07	7.55715e+07	7.46108e+07	9.45065e+07	7.77709e+07	1.21661e+08	1.09294e+08	1.29965e+08	1.07482e+08	1.0943e+08	1.10702e+08	1.34508e+08	1.3076e+08	1.58566e+08	1.57782e+08	1.5958e+08	1.35926e+08
ERR613121	1.90484e+08	1.6132e+08	1.56568e+08	1.87231e+08	1.60402e+08	1.58474e+08	3.1105e+08	2.67875e+08	2.95146e+08	3.11647e+08	2.69091e+08	3.07409e+08	1.41765e+08	1.48817e+08	1.37644e+08	1.41163e+08	1.30918e+08	1.3971e+08	2.98082e+08	2.52533e+08	2.9355e+08	2.54977e+08	2.84974e+08	2.99197e+08	2.6865e+08	2.46014e+08	3.35163e+08	2.71534e+08	2.71625e+08	3.09747e+08	2.19053e+08	4.73974e+08	2.12713e+08	2.08113e+08	3.37179e+08	3.74167e+08	2.92405e+08	2.73187e+08	3.18335e+08	2.86608e+08	2.76651e+08	2.80412e+08	2.39655e+08	2.78509e+08	2.56152e+08	2.37493e+08	1.87993e+08	2.69518e+08	1.89822e+08	1.8935e+08	1.90926e+08	2.30825e+08	1.99389e+08	2.11112e+08	1.5092e+08	1.96468e+08	1.95452e+08	1.4657e+08	1.98843e+08	1.46476e+08	1.42219e+08	2.0565e+08	2.04342e+08	1.4664e+08	1.51003e+08	1.90242e+08	2.1087e+08	1.84772e+08	1.9441e+08	1.98232e+08	2.00096e+08	1.92798e+08	1.61036e+08	1.74999e+08	1.7817e+08	1.42842e+08	1.49404e+08	1.49975e+08	1.49229e+08	1.4785e+08	1.18364e+08	1.16707e+08	1.47774e+08	1.21647e+08	1.91151e+08	1.71569e+08	2.0417e+08	1.68836e+08	1.71813e+08	1.73955e+08	2.09648e+08	2.03763e+08	2.47358e+08	2.4621e+08	2.48924e+08	2.12194e+08
ERR613124	1.17985e+08	1.00166e+08	9.71693e+07	1.16077e+08	9.95996e+07	9.834e+07	1.96475e+08	1.69619e+08	1.86524e+08	1.96964e+08	1.70585e+08	1.94349e+08	8.84738e+07	9.27798e+07	8.57895e+07	8.81094e+07	8.16491e+07	8.70933e+07	1.88406e+08	1.60273e+08	1.85574e+08	1.61672e+08	1.80186e+08	1.89081e+08	1.71214e+08	1.57092e+08	2.12364e+08	1.73069e+08	1.7304e+08	1.96751e+08	1.4191e+08	2.12713e+08	2.23875e+08	1.3507e+08	2.13837e+08	2.36423e+08	1.84883e+08	1.73082e+08	2.01068e+08	1.81487e+08	1.75115e+08	1.77565e+08	1.52587e+08	1.7643e+08	1.62689e+08	1.51009e+08	1.20068e+08	1.7095e+08	1.17318e+08	1.16985e+08	1.17911e+08	1.42568e+08	1.23114e+08	1.30468e+08	9.37743e+07	1.21882e+08	1.2114e+08	9.10577e+07	1.23225e+08	9.10155e+07	8.83478e+07	1.27412e+08	1.26594e+08	9.10442e+07	9.37374e+07	1.18021e+08	1.29876e+08	1.14106e+08	1.19748e+08	1.22048e+08	1.23359e+08	1.18813e+08	9.95551e+07	1.08207e+08	1.10164e+08	8.8315e+07	9.23451e+07	9.27087e+07	9.26165e+07	9.16482e+07	7.33875e+07	7.23454e+07	9.16497e+07	7.54417e+07	1.18147e+08	1.06156e+08	1.26099e+08	1.04374e+08	1.06208e+08	1.07614e+08	1.30372e+08	1.26914e+08	1.53733e+08	1.53029e+08	1.54667e+08	1.31903e+08
