	ERR617522	ERR617518	ERR617517	ERR617521	ERR617519	ERR617520	ERR614130	ERR614129	ERR614131	ERR614134	ERR614133	ERR614132	ERR613176	ERR613175	ERR613177	ERR613174	ERR613178	ERR613173	ERR636777	ERR636779	ERR636780	ERR636778	ERR636775	ERR636776	ERR621996	ERR621991	ERR621992	ERR621994	ERR621995	ERR621993	ERR605656	ERR605653	ERR605658	ERR605654	ERR605657	ERR605655	ERR608691	ERR608690	ERR608692	ERR608694	ERR608693	ERR608689	ERR626848	ERR626846	ERR626843	ERR626847	ERR626844	ERR626845	ERR616222	ERR616226	ERR616223	ERR616225	ERR616227	ERR616224	ERR629794	ERR629797	ERR629798	ERR629795	ERR629796	ERR629799	ERR622045	ERR622047	ERR622046	ERR622049	ERR622050	ERR622048	ERR616786	ERR616781	ERR616782	ERR616783	ERR616785	ERR616784	ERR607875	ERR607880	ERR607876	ERR607877	ERR607879	ERR607878	ERR638318	ERR638316	ERR638319	ERR638315	ERR638320	ERR638317	ERR613697	ERR613698	ERR613699	ERR613696	ERR613695	ERR613700	ERR616633	ERR616629	ERR616631	ERR616628	ERR616630	ERR616632
ERR617522	5.21104e+09	5.27872e+09	5.16208e+09	4.91311e+09	5.28443e+09	4.72768e+09	4.22048e+09	3.29164e+09	4.53315e+09	4.36822e+09	4.3472e+09	4.36264e+09	4.42571e+09	5.54474e+09	4.5926e+09	5.76909e+09	4.58391e+09	5.99437e+09	5.5227e+09	5.55365e+09	5.63515e+09	5.65811e+09	5.23254e+09	5.52802e+09	5.62397e+09	6.22856e+09	5.92454e+09	5.91182e+09	5.67801e+09	5.90137e+09	4.96781e+09	5.45512e+09	4.9917e+09	5.17612e+09	5.02681e+09	5.09843e+09	5.24483e+09	4.93679e+09	5.28515e+09	5.00282e+09	5.35783e+09	4.25717e+09	5.75831e+09	4.61387e+09	5.7013e+09	4.56701e+09	5.34542e+09	5.38496e+09	5.53112e+09	6.15411e+09	5.81532e+09	6.15347e+09	6.25296e+09	5.36701e+09	6.05361e+09	6.26587e+09	6.25924e+09	5.51784e+09	5.51659e+09	6.29189e+09	4.75513e+09	4.43314e+09	4.46627e+09	4.9936e+09	5.08701e+09	5.00573e+09	5.50008e+09	5.63204e+09	5.79281e+09	5.93185e+09	5.47478e+09	5.50454e+09	4.40572e+09	4.86653e+09	4.48096e+09	4.41951e+09	4.83878e+09	4.83896e+09	5.38215e+09	4.58952e+09	5.43788e+09	5.18744e+09	5.43806e+09	4.67142e+09	5.5268e+09	5.42745e+09	5.39436e+09	5.68231e+09	5.77857e+09	4.67642e+09	6.06844e+09	5.5312e+09	6.06402e+09	5.45138e+09	5.25857e+09	6.05632e+09
ERR617518	5.27872e+09	5.78731e+09	5.44177e+09	5.17434e+09	5.57953e+09	4.97458e+09	4.42552e+09	3.43864e+09	4.76074e+09	4.58292e+09	4.5608e+09	4.57819e+09	4.64186e+09	5.84355e+09	4.82022e+09	6.08545e+09	4.81116e+09	6.33375e+09	5.81973e+09	5.85238e+09	5.94118e+09	5.96589e+09	5.50814e+09	5.82912e+09	5.93483e+09	6.58996e+09	6.25939e+09	6.24682e+09	5.99364e+09	6.23438e+09	5.22859e+09	5.75501e+09	5.24972e+09	5.45134e+09	5.28615e+09	5.36802e+09	5.52715e+09	5.19519e+09	5.57209e+09	5.2662e+09	5.6502e+09	4.46532e+09	6.08727e+09	4.85586e+09	6.02702e+09	4.8057e+09	5.63904e+09	5.68238e+09	5.85253e+09	6.52517e+09	6.16176e+09	6.5259e+09	6.63343e+09	5.67914e+09	6.39901e+09	6.62792e+09	6.61992e+09	5.81776e+09	5.81694e+09	6.65494e+09	5.00199e+09	4.65626e+09	4.69143e+09	5.25757e+09	5.35817e+09	5.27117e+09	5.79162e+09	5.93417e+09	6.11224e+09	6.26305e+09	5.76385e+09	5.79583e+09	4.63053e+09	5.12961e+09	4.71184e+09	4.64742e+09	5.09915e+09	5.09942e+09	5.67108e+09	4.81653e+09	5.7313e+09	5.46058e+09	5.73303e+09	4.90683e+09	5.82309e+09	5.72032e+09	5.68515e+09	5.99033e+09	6.09688e+09	4.91194e+09	6.41423e+09	5.83747e+09	6.40963e+09	5.75052e+09	5.54437e+09	6.40128e+09
ERR617517	5.16208e+09	5.44177e+09	5.53557e+09	5.0558e+09	5.44815e+09	4.86301e+09	4.35831e+09	3.39767e+09	4.682e+09	4.51222e+09	4.49027e+09	4.50636e+09	4.57003e+09	5.73773e+09	4.7442e+09	5.97219e+09	4.73401e+09	6.20662e+09	5.71471e+09	5.74762e+09	5.83271e+09	5.85675e+09	5.40907e+09	5.71813e+09	5.81934e+09	6.45136e+09	6.13358e+09	6.11951e+09	5.8755e+09	6.10912e+09	5.12139e+09	5.6334e+09	5.15301e+09	5.34192e+09	5.19064e+09	5.26112e+09	5.42186e+09	5.10119e+09	5.46342e+09	5.17068e+09	5.53963e+09	4.3977e+09	5.9528e+09	4.75263e+09	5.89318e+09	4.70418e+09	5.5201e+09	5.56114e+09	5.71138e+09	6.36569e+09	6.00883e+09	6.36352e+09	6.46862e+09	5.53725e+09	6.27172e+09	6.49375e+09	6.48635e+09	5.71233e+09	5.70939e+09	6.52097e+09	4.91534e+09	4.57912e+09	4.61462e+09	5.16451e+09	5.26219e+09	5.17693e+09	5.70051e+09	5.83801e+09	6.00123e+09	6.14664e+09	5.67415e+09	5.70597e+09	4.53524e+09	5.01434e+09	4.61308e+09	4.54838e+09	4.98503e+09	4.98502e+09	5.56206e+09	4.73584e+09	5.62102e+09	5.35901e+09	5.62074e+09	4.82018e+09	5.72502e+09	5.61725e+09	5.58199e+09	5.88788e+09	5.98654e+09	4.83349e+09	6.28611e+09	5.72184e+09	6.28131e+09	5.63861e+09	5.4354e+09	6.27389e+09
ERR617521	4.91311e+09	5.17434e+09	5.0558e+09	5.01144e+09	5.17871e+09	4.63999e+09	4.12529e+09	3.21629e+09	4.43263e+09	4.26903e+09	4.24875e+09	4.26567e+09	4.32515e+09	5.4116e+09	4.48864e+09	5.62919e+09	4.48007e+09	5.85182e+09	5.39087e+09	5.41956e+09	5.49948e+09	5.52096e+09	5.11023e+09	5.39947e+09	5.49177e+09	6.07864e+09	5.78207e+09	5.77212e+09	5.54425e+09	5.75984e+09	4.86282e+09	5.33408e+09	4.87847e+09	5.06214e+09	4.91152e+09	4.98744e+09	5.12573e+09	4.82488e+09	5.16625e+09	4.88889e+09	5.23602e+09	4.15867e+09	5.63065e+09	4.5244e+09	5.57482e+09	4.47899e+09	5.22843e+09	5.26821e+09	5.4177e+09	6.01879e+09	5.69427e+09	6.01956e+09	6.1164e+09	5.26226e+09	5.90546e+09	6.11094e+09	6.10339e+09	5.38351e+09	5.3838e+09	6.13522e+09	4.64674e+09	4.33304e+09	4.36526e+09	4.87762e+09	4.9683e+09	4.89075e+09	5.35701e+09	5.48672e+09	5.64746e+09	5.78263e+09	5.33206e+09	5.36043e+09	4.31748e+09	4.76988e+09	4.39224e+09	4.33278e+09	4.74275e+09	4.7429e+09	5.25982e+09	4.4884e+09	5.31357e+09	5.07081e+09	5.31456e+09	4.5719e+09	5.38552e+09	5.29423e+09	5.2626e+09	5.53521e+09	5.63147e+09	4.56358e+09	5.91771e+09	5.40176e+09	5.91409e+09	5.32306e+09	5.13847e+09	5.90628e+09
ERR617519	5.28443e+09	5.57953e+09	5.44815e+09	5.17871e+09	5.80239e+09	4.9792e+09	4.42881e+09	3.44106e+09	4.76409e+09	4.58708e+09	4.56499e+09	4.58154e+09	4.64573e+09	5.85013e+09	4.82585e+09	6.09256e+09	4.81626e+09	6.33937e+09	5.8254e+09	5.85705e+09	5.94609e+09	5.97072e+09	5.51265e+09	5.83425e+09	5.94041e+09	6.59667e+09	6.26571e+09	6.2533e+09	5.99887e+09	6.24005e+09	5.23637e+09	5.76327e+09	5.25743e+09	5.45945e+09	5.29419e+09	5.37595e+09	5.53254e+09	5.20045e+09	5.57759e+09	5.27242e+09	5.65546e+09	4.47049e+09	6.09443e+09	4.86282e+09	6.03384e+09	4.81197e+09	5.64628e+09	5.6895e+09	5.86003e+09	6.53341e+09	6.16949e+09	6.53377e+09	6.64212e+09	5.68632e+09	6.40523e+09	6.63511e+09	6.62684e+09	5.82419e+09	5.82241e+09	6.6623e+09	5.00888e+09	4.66244e+09	4.69855e+09	5.26385e+09	5.36412e+09	5.27766e+09	5.79903e+09	5.94046e+09	6.11874e+09	6.27003e+09	5.7716e+09	5.80375e+09	4.63698e+09	5.13633e+09	4.71829e+09	4.6535e+09	5.10588e+09	5.10582e+09	5.67663e+09	4.82152e+09	5.73652e+09	5.46586e+09	5.7372e+09	4.91132e+09	5.82986e+09	5.72783e+09	5.6925e+09	5.99782e+09	6.10415e+09	4.91855e+09	6.42213e+09	5.84328e+09	6.41739e+09	5.75667e+09	5.55115e+09	6.40939e+09
ERR617520	4.72768e+09	4.97458e+09	4.86301e+09	4.63999e+09	4.9792e+09	4.65139e+09	3.97871e+09	3.10627e+09	4.27203e+09	4.11582e+09	4.09645e+09	4.11288e+09	4.16881e+09	5.20128e+09	4.32489e+09	5.4071e+09	4.31692e+09	5.61705e+09	5.18081e+09	5.20888e+09	5.28396e+09	5.30449e+09	4.91602e+09	5.18937e+09	5.27736e+09	5.83188e+09	5.55191e+09	5.54243e+09	5.32661e+09	5.53082e+09	4.6792e+09	5.12503e+09	4.69419e+09	4.86772e+09	4.72478e+09	4.79754e+09	4.92858e+09	4.6433e+09	4.96724e+09	4.70438e+09	5.03383e+09	4.00855e+09	5.40697e+09	4.35937e+09	5.35515e+09	4.31587e+09	5.02772e+09	5.0641e+09	5.20434e+09	5.77378e+09	5.46616e+09	5.77365e+09	5.86546e+09	5.05667e+09	5.66686e+09	5.86091e+09	5.85398e+09	5.17354e+09	5.17324e+09	5.88413e+09	4.47334e+09	4.17448e+09	4.20512e+09	4.693e+09	4.77859e+09	4.70487e+09	5.14803e+09	5.27095e+09	5.42301e+09	5.5506e+09	5.1244e+09	5.15114e+09	4.16043e+09	4.58954e+09	4.23128e+09	4.1748e+09	4.56367e+09	4.56345e+09	5.05873e+09	4.32712e+09	5.10977e+09	4.88015e+09	5.11058e+09	4.40644e+09	5.17531e+09	5.08887e+09	5.05878e+09	5.31722e+09	5.40875e+09	4.39536e+09	5.67845e+09	5.18921e+09	5.67442e+09	5.11515e+09	4.94025e+09	5.66764e+09
ERR614130	4.22048e+09	4.42552e+09	4.35831e+09	4.12529e+09	4.42881e+09	3.97871e+09	7.85553e+09	5.9273e+09	8.1295e+09	7.86328e+09	7.81997e+09	7.85936e+09	4.247e+09	5.24067e+09	4.39357e+09	5.43072e+09	4.3808e+09	5.5989e+09	5.27813e+09	5.32372e+09	5.39246e+09	5.4177e+09	5.00946e+09	5.26889e+09	5.30877e+09	5.77849e+09	5.554e+09	5.53426e+09	5.35434e+09	5.534e+09	4.32713e+09	4.75358e+09	4.3877e+09	4.51909e+09	4.42574e+09	4.46079e+09	4.96494e+09	4.7093e+09	4.99268e+09	4.75863e+09	5.05774e+09	4.137e+09	5.25882e+09	4.20013e+09	5.20683e+09	4.15746e+09	4.89721e+09	4.92539e+09	4.93699e+09	5.50565e+09	5.18312e+09	5.49754e+09	5.5828e+09	4.7649e+09	5.61121e+09	5.77584e+09	5.77093e+09	5.16345e+09	5.15807e+09	5.79851e+09	4.51101e+09	4.22272e+09	4.25783e+09	4.73321e+09	4.81905e+09	4.73856e+09	5.24507e+09	5.35682e+09	5.45821e+09	5.55845e+09	5.2281e+09	5.25003e+09	3.74788e+09	4.12956e+09	3.81382e+09	3.74826e+09	4.1099e+09	4.10743e+09	5.03799e+09	4.34286e+09	5.08505e+09	4.87147e+09	5.08308e+09	4.40373e+09	5.2306e+09	5.10051e+09	5.07119e+09	5.35169e+09	5.41506e+09	4.43043e+09	5.59531e+09	5.11905e+09	5.59145e+09	5.04705e+09	4.85073e+09	5.58839e+09
ERR614129	3.29164e+09	3.43864e+09	3.39767e+09	3.21629e+09	3.44106e+09	3.10627e+09	5.9273e+09	4.93993e+09	6.28452e+09	6.10764e+09	6.07747e+09	6.10207e+09	3.37793e+09	4.09282e+09	3.48186e+09	4.22892e+09	3.47185e+09	4.34314e+09	4.12417e+09	4.16003e+09	4.20809e+09	4.22759e+09	3.92814e+09	4.11131e+09	4.1361e+09	4.46866e+09	4.31196e+09	4.29517e+09	4.16812e+09	4.29874e+09	3.38516e+09	3.69877e+09	3.4435e+09	3.53001e+09	3.47336e+09	3.48836e+09	3.88557e+09	3.70345e+09	3.9033e+09	3.73884e+09	3.95148e+09	3.29671e+09	4.08025e+09	3.29967e+09	4.04093e+09	3.26861e+09	3.81889e+09	3.83866e+09	3.8292e+09	4.24678e+09	4.00592e+09	4.23944e+09	4.30026e+09	3.6978e+09	4.35049e+09	4.46848e+09	4.46514e+09	4.03318e+09	4.02743e+09	4.48558e+09	3.55337e+09	3.34738e+09	3.37203e+09	3.71761e+09	3.78017e+09	3.71978e+09	4.10862e+09	4.18674e+09	4.25034e+09	4.31949e+09	4.09679e+09	4.11305e+09	2.93794e+09	3.21959e+09	2.9871e+09	2.93345e+09	3.2053e+09	3.20328e+09	3.93763e+09	3.4395e+09	3.97193e+09	3.81873e+09	3.96948e+09	3.47832e+09	4.0902e+09	3.98541e+09	3.96382e+09	4.17583e+09	4.21644e+09	3.50268e+09	4.34077e+09	3.99358e+09	4.33845e+09	3.9424e+09	3.79458e+09	4.33633e+09
ERR614131	4.53315e+09	4.76074e+09	4.682e+09	4.43263e+09	4.76409e+09	4.27203e+09	8.1295e+09	6.28452e+09	9.00799e+09	8.42188e+09	8.37344e+09	8.41957e+09	4.52134e+09	5.61515e+09	4.68265e+09	5.82605e+09	4.66971e+09	6.01523e+09	5.65522e+09	5.70353e+09	5.77968e+09	5.80712e+09	5.36054e+09	5.64835e+09	5.69587e+09	6.21835e+09	5.96711e+09	5.94653e+09	5.74624e+09	5.94425e+09	4.64341e+09	5.11008e+09	4.70232e+09	4.85164e+09	4.74231e+09	4.78689e+09	5.31786e+09	5.03474e+09	5.34995e+09	5.08995e+09	5.42064e+09	4.40164e+09	5.65383e+09	4.49797e+09	5.59764e+09	4.45142e+09	5.25619e+09	5.28738e+09	5.30582e+09	5.92744e+09	5.5769e+09	5.92002e+09	6.01331e+09	5.1207e+09	6.02584e+09	6.20897e+09	6.20334e+09	5.529e+09	5.52443e+09	6.23291e+09	4.81595e+09	4.49795e+09	4.53708e+09	5.05827e+09	5.15187e+09	5.0645e+09	5.60885e+09	5.73327e+09	5.85115e+09	5.96351e+09	5.58926e+09	5.61363e+09	4.01599e+09	4.43535e+09	4.08859e+09	4.01943e+09	4.41441e+09	4.41126e+09	5.39575e+09	4.62896e+09	5.44759e+09	5.21231e+09	5.44569e+09	4.69966e+09	5.599e+09	5.46182e+09	5.42921e+09	5.73293e+09	5.80623e+09	4.72378e+09	6.00771e+09	5.48433e+09	6.00312e+09	5.40529e+09	5.19271e+09	5.99929e+09
ERR614134	4.36822e+09	4.58292e+09	4.51222e+09	4.26903e+09	4.58708e+09	4.11582e+09	7.86328e+09	6.10764e+09	8.42188e+09	8.4152e+09	8.10229e+09	8.13987e+09	4.37973e+09	5.42148e+09	4.53332e+09	5.62072e+09	4.52042e+09	5.79759e+09	5.46017e+09	5.50662e+09	5.57873e+09	5.60537e+09	5.17829e+09	5.45117e+09	5.4955e+09	5.99086e+09	5.75292e+09	5.73256e+09	5.54299e+09	5.73157e+09	4.47893e+09	4.9257e+09	4.54215e+09	4.68083e+09	4.58149e+09	4.61783e+09	5.13406e+09	4.8653e+09	5.16304e+09	4.91804e+09	5.23055e+09	4.26549e+09	5.4491e+09	4.34273e+09	5.39545e+09	4.29814e+09	5.07052e+09	5.09965e+09	5.11133e+09	5.70662e+09	5.36988e+09	5.69878e+09	5.7874e+09	4.93212e+09	5.80875e+09	5.9822e+09	5.97667e+09	5.33829e+09	5.33289e+09	6.0055e+09	4.65701e+09	4.35423e+09	4.39178e+09	4.88814e+09	4.97792e+09	4.89398e+09	5.42303e+09	5.53949e+09	5.64687e+09	5.75295e+09	5.40492e+09	5.42794e+09	3.87352e+09	4.27224e+09	3.94286e+09	3.87532e+09	4.25196e+09	4.24925e+09	5.20912e+09	4.48015e+09	5.25867e+09	5.03428e+09	5.25652e+09	4.54437e+09	5.40887e+09	5.27433e+09	5.24335e+09	5.53771e+09	5.60483e+09	4.57254e+09	5.79352e+09	5.29211e+09	5.78939e+09	5.21762e+09	5.01329e+09	5.78583e+09
ERR614133	4.3472e+09	4.5608e+09	4.49027e+09	4.24875e+09	4.56499e+09	4.09645e+09	7.81997e+09	6.07747e+09	8.37344e+09	8.10229e+09	8.32366e+09	8.09422e+09	4.35874e+09	5.39301e+09	4.51161e+09	5.59125e+09	4.4994e+09	5.76623e+09	5.43244e+09	5.47848e+09	5.54967e+09	5.57605e+09	5.15205e+09	5.42283e+09	5.46661e+09	5.95858e+09	5.72273e+09	5.70133e+09	5.51402e+09	5.70075e+09	4.4579e+09	4.90191e+09	4.52123e+09	4.65869e+09	4.56054e+09	4.59601e+09	5.10732e+09	4.84067e+09	5.13608e+09	4.89305e+09	5.20306e+09	4.24532e+09	5.42165e+09	4.32284e+09	5.36908e+09	4.27865e+09	5.04637e+09	5.07522e+09	5.08668e+09	5.67756e+09	5.34352e+09	5.66897e+09	5.75737e+09	4.90917e+09	5.77713e+09	5.9493e+09	5.94412e+09	5.31109e+09	5.30493e+09	5.97277e+09	4.6347e+09	4.33389e+09	4.37096e+09	4.86405e+09	4.95264e+09	4.86975e+09	5.39519e+09	5.51003e+09	5.61628e+09	5.72195e+09	5.37742e+09	5.39989e+09	3.85616e+09	4.25227e+09	3.92461e+09	3.85768e+09	4.23241e+09	4.22925e+09	5.18288e+09	4.45906e+09	5.23194e+09	5.00894e+09	5.22933e+09	4.52284e+09	5.38065e+09	5.24667e+09	5.21625e+09	5.5082e+09	5.5749e+09	4.54996e+09	5.76225e+09	5.26526e+09	5.75884e+09	5.19075e+09	4.98762e+09	5.75515e+09
ERR614132	4.36264e+09	4.57819e+09	4.50636e+09	4.26567e+09	4.58154e+09	4.11288e+09	7.85936e+09	6.10207e+09	8.41957e+09	8.13987e+09	8.09422e+09	8.40538e+09	4.37283e+09	5.41183e+09	4.52583e+09	5.6116e+09	4.51372e+09	5.78891e+09	5.45335e+09	5.50029e+09	5.57212e+09	5.59789e+09	5.17196e+09	5.44453e+09	5.48725e+09	5.98044e+09	5.74375e+09	5.72352e+09	5.53434e+09	5.72259e+09	4.46917e+09	4.9135e+09	4.52972e+09	4.66839e+09	4.56854e+09	4.60748e+09	5.1272e+09	4.85975e+09	5.15782e+09	4.91166e+09	5.22505e+09	4.26033e+09	5.44179e+09	4.33797e+09	5.38774e+09	4.2938e+09	5.06359e+09	5.09336e+09	5.105e+09	5.69853e+09	5.36307e+09	5.69081e+09	5.77936e+09	4.92747e+09	5.79863e+09	5.9715e+09	5.96629e+09	5.32867e+09	5.32401e+09	5.9948e+09	4.64887e+09	4.34677e+09	4.38381e+09	4.88003e+09	4.9693e+09	4.88545e+09	5.41051e+09	5.52735e+09	5.63617e+09	5.74129e+09	5.39274e+09	5.41522e+09	3.8674e+09	4.26621e+09	3.93655e+09	3.86874e+09	4.2458e+09	4.24309e+09	5.20242e+09	4.47422e+09	5.25181e+09	5.02805e+09	5.24983e+09	4.54018e+09	5.39717e+09	5.26322e+09	5.23272e+09	5.52319e+09	5.59116e+09	4.56318e+09	5.78087e+09	5.28388e+09	5.77688e+09	5.20818e+09	5.0044e+09	5.77341e+09
ERR613176	4.42571e+09	4.64186e+09	4.57003e+09	4.32515e+09	4.64573e+09	4.16881e+09	4.247e+09	3.37793e+09	4.52134e+09	4.37973e+09	4.35874e+09	4.37283e+09	4.61222e+09	5.48862e+09	4.61134e+09	5.68488e+09	4.59822e+09	5.8648e+09	5.34702e+09	5.38779e+09	5.46051e+09	5.48413e+09	5.07328e+09	5.33882e+09	5.49659e+09	5.99014e+09	5.75162e+09	5.73226e+09	5.54351e+09	5.73185e+09	4.59367e+09	5.04291e+09	4.65729e+09	4.79789e+09	4.69732e+09	4.73302e+09	5.1513e+09	4.88338e+09	5.18001e+09	4.93869e+09	5.24832e+09	4.2845e+09	5.43226e+09	4.34193e+09	5.37943e+09	4.29884e+09	5.05938e+09	5.08771e+09	5.13219e+09	5.71085e+09	5.38334e+09	5.70314e+09	5.79203e+09	4.95727e+09	5.78557e+09	5.96164e+09	5.9572e+09	5.32076e+09	5.31321e+09	5.9853e+09	4.71019e+09	4.41439e+09	4.44949e+09	4.93746e+09	5.02463e+09	4.94385e+09	5.39331e+09	5.50732e+09	5.61765e+09	5.72619e+09	5.37401e+09	5.39802e+09	3.97663e+09	4.37604e+09	4.0443e+09	3.97809e+09	4.35496e+09	4.35251e+09	5.18233e+09	4.46099e+09	5.23342e+09	5.00968e+09	5.23177e+09	4.52562e+09	5.44608e+09	5.32048e+09	5.2893e+09	5.57445e+09	5.64194e+09	4.63356e+09	5.7874e+09	5.29286e+09	5.78334e+09	5.22229e+09	5.02414e+09	5.77789e+09
ERR613175	5.54474e+09	5.84355e+09	5.73773e+09	5.4116e+09	5.85013e+09	5.20128e+09	5.24067e+09	4.09282e+09	5.61515e+09	5.42148e+09	5.39301e+09	5.41183e+09	5.48862e+09	7.16359e+09	5.70237e+09	7.23042e+09	5.6853e+09	7.4928e+09	6.75974e+09	6.81396e+09	6.91611e+09	6.94923e+09	6.37466e+09	6.75175e+09	6.97324e+09	7.68519e+09	7.3399e+09	7.313e+09	7.04112e+09	7.30819e+09	5.74697e+09	6.37064e+09	5.8234e+09	6.02728e+09	5.87595e+09	5.9354e+09	6.49117e+09	6.11524e+09	6.53104e+09	6.19071e+09	6.62625e+09	5.29032e+09	6.90224e+09	5.40199e+09	6.83164e+09	5.34277e+09	6.3805e+09	6.41996e+09	6.51124e+09	7.31956e+09	6.86472e+09	7.3099e+09	7.43564e+09	6.27545e+09	7.40187e+09	7.65096e+09	7.64393e+09	6.7421e+09	6.73399e+09	7.68409e+09	5.88414e+09	5.47122e+09	5.52088e+09	6.19692e+09	6.31798e+09	6.20573e+09	6.83343e+09	6.99686e+09	7.1577e+09	7.31446e+09	6.80695e+09	6.84108e+09	4.95828e+09	5.49791e+09	5.04899e+09	4.96583e+09	5.46905e+09	5.46567e+09	6.52972e+09	5.52628e+09	6.60109e+09	6.28664e+09	6.59902e+09	5.61875e+09	6.90261e+09	6.73209e+09	6.68822e+09	7.08677e+09	7.18629e+09	5.77271e+09	7.40482e+09	6.71103e+09	7.39899e+09	6.61087e+09	6.33991e+09	7.39233e+09
ERR613177	4.5926e+09	4.82022e+09	4.7442e+09	4.48864e+09	4.82585e+09	4.32489e+09	4.39357e+09	3.48186e+09	4.68265e+09	4.53332e+09	4.51161e+09	4.52583e+09	4.61134e+09	5.70237e+09	4.94053e+09	5.90982e+09	4.76307e+09	6.10089e+09	5.55391e+09	5.59617e+09	5.67269e+09	5.69698e+09	5.2645e+09	5.54619e+09	5.71207e+09	6.2338e+09	5.9816e+09	5.96109e+09	5.7616e+09	5.95903e+09	4.76717e+09	5.24041e+09	4.83181e+09	4.98154e+09	4.873e+09	4.91317e+09	5.34722e+09	5.06484e+09	5.37818e+09	5.12305e+09	5.44994e+09	4.43234e+09	5.65034e+09	4.50487e+09	5.59565e+09	4.45812e+09	5.25769e+09	5.28755e+09	5.33804e+09	5.94737e+09	5.6038e+09	5.93971e+09	6.03307e+09	5.15605e+09	6.01767e+09	6.20313e+09	6.1986e+09	5.52773e+09	5.52023e+09	6.22784e+09	4.88575e+09	4.57268e+09	4.61049e+09	5.12477e+09	5.21573e+09	5.13094e+09	5.60091e+09	5.7213e+09	5.83859e+09	5.95381e+09	5.58081e+09	5.60599e+09	4.12417e+09	4.54394e+09	4.19441e+09	4.12614e+09	4.52129e+09	4.51911e+09	5.38132e+09	4.62017e+09	5.43538e+09	5.19852e+09	5.43398e+09	4.68937e+09	5.65703e+09	5.52638e+09	5.49347e+09	5.79223e+09	5.86502e+09	4.8019e+09	6.01898e+09	5.49922e+09	6.01516e+09	5.42425e+09	5.21694e+09	6.00963e+09
ERR613174	5.76909e+09	6.08545e+09	5.97219e+09	5.62919e+09	6.09256e+09	5.4071e+09	5.43072e+09	4.22892e+09	5.82605e+09	5.62072e+09	5.59125e+09	5.6116e+09	5.68488e+09	7.23042e+09	5.90982e+09	7.76755e+09	5.89276e+09	7.81868e+09	7.03858e+09	7.09642e+09	7.20547e+09	7.24103e+09	6.62924e+09	7.03123e+09	7.26462e+09	8.02926e+09	7.65747e+09	7.62839e+09	7.33723e+09	7.62188e+09	5.97488e+09	6.63663e+09	6.05323e+09	6.27112e+09	6.10862e+09	6.17322e+09	6.75587e+09	6.35541e+09	6.79875e+09	6.43614e+09	6.89917e+09	5.48419e+09	7.1955e+09	5.60851e+09	7.1204e+09	5.54657e+09	6.64039e+09	6.68319e+09	6.78093e+09	7.64097e+09	7.15772e+09	7.63058e+09	7.76488e+09	6.53303e+09	7.72505e+09	7.99221e+09	7.9848e+09	7.02009e+09	7.01225e+09	8.02736e+09	6.10556e+09	5.66854e+09	5.72134e+09	6.43597e+09	6.56449e+09	6.44556e+09	7.11449e+09	7.28962e+09	7.46187e+09	7.63037e+09	7.08662e+09	7.12304e+09	5.15009e+09	5.72085e+09	5.24639e+09	5.15991e+09	5.69005e+09	5.68682e+09	6.79181e+09	5.73012e+09	6.86709e+09	6.53301e+09	6.86485e+09	5.8285e+09	7.18746e+09	7.00624e+09	6.95959e+09	7.38417e+09	7.4916e+09	5.98885e+09	7.72663e+09	6.98796e+09	7.72058e+09	6.8806e+09	6.59493e+09	7.71362e+09
ERR613178	4.58391e+09	4.81116e+09	4.73401e+09	4.48007e+09	4.81626e+09	4.31692e+09	4.3808e+09	3.47185e+09	4.66971e+09	4.52042e+09	4.4994e+09	4.51372e+09	4.59822e+09	5.6853e+09	4.76307e+09	5.89276e+09	4.91295e+09	6.08307e+09	5.5375e+09	5.57934e+09	5.65517e+09	5.6798e+09	5.24956e+09	5.53034e+09	5.69689e+09	6.21757e+09	5.9661e+09	5.94543e+09	5.74655e+09	5.94346e+09	4.75625e+09	5.22762e+09	4.81912e+09	4.96956e+09	4.86051e+09	4.90105e+09	5.33383e+09	5.05141e+09	5.3643e+09	5.1095e+09	5.43561e+09	4.42088e+09	5.63668e+09	4.49545e+09	5.58125e+09	4.44925e+09	5.24446e+09	5.27442e+09	5.32632e+09	5.93309e+09	5.59145e+09	5.92585e+09	6.01871e+09	5.14586e+09	5.99997e+09	6.18502e+09	6.18024e+09	5.51127e+09	5.50406e+09	6.20949e+09	4.87309e+09	4.561e+09	4.5986e+09	5.11095e+09	5.20157e+09	5.11694e+09	5.5833e+09	5.70324e+09	5.82095e+09	5.93616e+09	5.56332e+09	5.58876e+09	4.11625e+09	4.53493e+09	4.1872e+09	4.119e+09	4.51287e+09	4.50998e+09	5.36733e+09	4.60831e+09	5.42067e+09	5.18512e+09	5.41918e+09	4.67777e+09	5.63919e+09	5.51073e+09	5.47801e+09	5.77446e+09	5.84698e+09	4.78853e+09	6.00273e+09	5.48464e+09	5.99902e+09	5.40979e+09	5.20388e+09	5.99294e+09
ERR613173	5.99437e+09	6.33375e+09	6.20662e+09	5.85182e+09	6.33937e+09	5.61705e+09	5.5989e+09	4.34314e+09	6.01523e+09	5.79759e+09	5.76623e+09	5.78891e+09	5.8648e+09	7.4928e+09	6.10089e+09	7.81868e+09	6.08307e+09	8.37391e+09	7.29559e+09	7.3556e+09	7.47195e+09	7.50885e+09	6.86557e+09	7.29137e+09	7.53569e+09	8.35509e+09	7.95376e+09	7.92582e+09	7.61334e+09	7.91674e+09	6.20242e+09	6.90027e+09	6.27609e+09	6.51131e+09	6.33286e+09	6.40744e+09	7.00103e+09	6.57646e+09	7.04809e+09	6.66203e+09	7.15459e+09	5.65695e+09	7.48015e+09	5.81243e+09	7.40104e+09	5.74642e+09	6.89132e+09	6.93783e+09	7.05374e+09	7.9614e+09	7.45343e+09	7.95166e+09	8.09429e+09	6.79703e+09	8.03125e+09	8.31585e+09	8.30737e+09	7.27981e+09	7.2736e+09	8.35232e+09	6.31232e+09	5.8528e+09	5.90715e+09	6.65894e+09	6.79497e+09	6.67022e+09	7.36649e+09	7.55515e+09	7.74359e+09	7.92381e+09	7.33706e+09	7.37644e+09	5.34745e+09	5.95162e+09	5.449e+09	5.35938e+09	5.91855e+09	5.91571e+09	7.03897e+09	5.91944e+09	7.11924e+09	6.76625e+09	7.11717e+09	6.0264e+09	7.44628e+09	7.26084e+09	7.21225e+09	7.65548e+09	7.77273e+09	6.18782e+09	8.03174e+09	7.25317e+09	8.0257e+09	7.13872e+09	6.84004e+09	8.01742e+09
ERR636777	5.5227e+09	5.81973e+09	5.71471e+09	5.39087e+09	5.8254e+09	5.18081e+09	5.27813e+09	4.12417e+09	5.65522e+09	5.46017e+09	5.43244e+09	5.45335e+09	5.34702e+09	6.75974e+09	5.55391e+09	7.03858e+09	5.5375e+09	7.29559e+09	7.06474e+09	6.90895e+09	7.01162e+09	7.04607e+09	6.46393e+09	6.84379e+09	6.86227e+09	7.57174e+09	7.22563e+09	7.19954e+09	6.9277e+09	7.19547e+09	5.65913e+09	6.27101e+09	5.73311e+09	5.93174e+09	5.78435e+09	5.84238e+09	6.35955e+09	5.99049e+09	6.40062e+09	6.06608e+09	6.4918e+09	5.18532e+09	6.88645e+09	5.39298e+09	6.81378e+09	5.33421e+09	6.36675e+09	6.40831e+09	6.39686e+09	7.20041e+09	6.74868e+09	7.18991e+09	7.31454e+09	6.16392e+09	7.29779e+09	7.54446e+09	7.53871e+09	6.64374e+09	6.63738e+09	7.57884e+09	5.7022e+09	5.29924e+09	5.34715e+09	6.00967e+09	6.12984e+09	6.01866e+09	6.7272e+09	6.88953e+09	7.04824e+09	7.20352e+09	6.70083e+09	6.73483e+09	4.8559e+09	5.39231e+09	4.94612e+09	4.86354e+09	5.36265e+09	5.36069e+09	6.4801e+09	5.48798e+09	6.55036e+09	6.23935e+09	6.5479e+09	5.57959e+09	6.7285e+09	6.55647e+09	6.51318e+09	6.91011e+09	7.00918e+09	5.60998e+09	7.28531e+09	6.59747e+09	7.28006e+09	6.49541e+09	6.22627e+09	7.27364e+09
ERR636779	5.55365e+09	5.85238e+09	5.74762e+09	5.41956e+09	5.85705e+09	5.20888e+09	5.32372e+09	4.16003e+09	5.70353e+09	5.50662e+09	5.47848e+09	5.50029e+09	5.38779e+09	6.81396e+09	5.59617e+09	7.09642e+09	5.57934e+09	7.3556e+09	6.90895e+09	7.18254e+09	7.07355e+09	7.10827e+09	6.51391e+09	6.89737e+09	6.91749e+09	7.63314e+09	7.2841e+09	7.25732e+09	6.98375e+09	7.25399e+09	5.68964e+09	6.30763e+09	5.76706e+09	5.9646e+09	5.81938e+09	5.87562e+09	6.41005e+09	6.03781e+09	6.45179e+09	6.11394e+09	6.54465e+09	5.22602e+09	6.93456e+09	5.42274e+09	6.8602e+09	5.36396e+09	6.40846e+09	6.45127e+09	6.43501e+09	7.24977e+09	6.79038e+09	7.23905e+09	7.36522e+09	6.19796e+09	7.35863e+09	7.60835e+09	7.60249e+09	6.69716e+09	6.69035e+09	7.64295e+09	5.74264e+09	5.33635e+09	5.38471e+09	6.05528e+09	6.17643e+09	6.06443e+09	6.78495e+09	6.94911e+09	7.1088e+09	7.26414e+09	6.75828e+09	6.79226e+09	4.87925e+09	5.41977e+09	4.97029e+09	4.88606e+09	5.38997e+09	5.38806e+09	6.52839e+09	5.52682e+09	6.59966e+09	6.2856e+09	6.59668e+09	5.61866e+09	6.78576e+09	6.60833e+09	6.56513e+09	6.96835e+09	7.06805e+09	5.65151e+09	7.34545e+09	6.64804e+09	7.34003e+09	6.54571e+09	6.27101e+09	7.33337e+09
ERR636780	5.63515e+09	5.94118e+09	5.83271e+09	5.49948e+09	5.94609e+09	5.28396e+09	5.39246e+09	4.20809e+09	5.77968e+09	5.57873e+09	5.54967e+09	5.57212e+09	5.46051e+09	6.91611e+09	5.67269e+09	7.20547e+09	5.65517e+09	7.47195e+09	7.01162e+09	7.07355e+09	7.39832e+09	7.21565e+09	6.60842e+09	7.00094e+09	7.02442e+09	7.75765e+09	7.39985e+09	7.37285e+09	7.09234e+09	7.36917e+09	5.77393e+09	6.40459e+09	5.85071e+09	6.05406e+09	5.90415e+09	5.96345e+09	6.50588e+09	6.1256e+09	6.54851e+09	6.20279e+09	6.64279e+09	5.29732e+09	7.04186e+09	5.49932e+09	6.96576e+09	5.43903e+09	6.50372e+09	6.54743e+09	6.53539e+09	7.36809e+09	6.89914e+09	7.35722e+09	7.4864e+09	6.29481e+09	7.4774e+09	7.73313e+09	7.72718e+09	6.79941e+09	6.79259e+09	7.7689e+09	5.82599e+09	5.4114e+09	5.46047e+09	6.14469e+09	6.26875e+09	6.15412e+09	6.88848e+09	7.05707e+09	7.22067e+09	7.38014e+09	6.86093e+09	6.89633e+09	4.95111e+09	5.50244e+09	5.04414e+09	4.95875e+09	5.47188e+09	5.47019e+09	6.62417e+09	5.60139e+09	6.69773e+09	6.37626e+09	6.69479e+09	5.69577e+09	6.88984e+09	6.70933e+09	6.66485e+09	7.0768e+09	7.17865e+09	5.73333e+09	7.46314e+09	6.75026e+09	7.45762e+09	6.64529e+09	6.36556e+09	7.45071e+09
ERR636778	5.65811e+09	5.96589e+09	5.85675e+09	5.52096e+09	5.97072e+09	5.30449e+09	5.4177e+09	4.22759e+09	5.80712e+09	5.60537e+09	5.57605e+09	5.59789e+09	5.48413e+09	6.94923e+09	5.69698e+09	7.24103e+09	5.6798e+09	7.50885e+09	7.04607e+09	7.10827e+09	7.21565e+09	7.47008e+09	6.63912e+09	7.03427e+09	7.05846e+09	7.79636e+09	7.43671e+09	7.40904e+09	7.12676e+09	7.40544e+09	5.79709e+09	6.43202e+09	5.87479e+09	6.07912e+09	5.92886e+09	5.98724e+09	6.53818e+09	6.1551e+09	6.58062e+09	6.23344e+09	6.67534e+09	5.32238e+09	7.07456e+09	5.52147e+09	6.99841e+09	5.46141e+09	6.53299e+09	6.57668e+09	6.56401e+09	7.4029e+09	6.92961e+09	7.39235e+09	7.52194e+09	6.32086e+09	7.5134e+09	7.77108e+09	7.76522e+09	6.83069e+09	6.82373e+09	7.8068e+09	5.85176e+09	5.43445e+09	5.48382e+09	6.17225e+09	6.29677e+09	6.18135e+09	6.9217e+09	7.09143e+09	7.25565e+09	7.41654e+09	6.89453e+09	6.92971e+09	4.96975e+09	5.52338e+09	5.06324e+09	4.97703e+09	5.4928e+09	5.49156e+09	6.65442e+09	5.62542e+09	6.72706e+09	6.40447e+09	6.72525e+09	5.72016e+09	6.92333e+09	6.74098e+09	6.6957e+09	7.11173e+09	7.21381e+09	5.75813e+09	7.50047e+09	6.78209e+09	7.49529e+09	6.67644e+09	6.3946e+09	7.48768e+09
ERR636775	5.23254e+09	5.50814e+09	5.40907e+09	5.11023e+09	5.51265e+09	4.91602e+09	5.00946e+09	3.92814e+09	5.36054e+09	5.17829e+09	5.15205e+09	5.17196e+09	5.07328e+09	6.37466e+09	5.2645e+09	6.62924e+09	5.24956e+09	6.86557e+09	6.46393e+09	6.51391e+09	6.60842e+09	6.63912e+09	6.30323e+09	6.45593e+09	6.46955e+09	7.11867e+09	6.80185e+09	6.77851e+09	6.52938e+09	6.77489e+09	5.35991e+09	5.92246e+09	5.42489e+09	5.60888e+09	5.4716e+09	5.52761e+09	6.00236e+09	5.66198e+09	6.04102e+09	5.73146e+09	6.12549e+09	4.91292e+09	6.49344e+09	5.11798e+09	6.42603e+09	5.06318e+09	6.0154e+09	6.05484e+09	6.04221e+09	6.77853e+09	6.3653e+09	6.7691e+09	6.88213e+09	5.82794e+09	6.86371e+09	7.08885e+09	7.08341e+09	6.26438e+09	6.25849e+09	7.11997e+09	5.39382e+09	5.02123e+09	5.06473e+09	5.67879e+09	5.78869e+09	5.68704e+09	6.33608e+09	6.4857e+09	6.63424e+09	6.77569e+09	6.31141e+09	6.3428e+09	4.60539e+09	5.10548e+09	4.69022e+09	4.61219e+09	5.07814e+09	5.07676e+09	6.12245e+09	5.20732e+09	6.1869e+09	5.90142e+09	6.18453e+09	5.29225e+09	6.33812e+09	6.18303e+09	6.14338e+09	6.50497e+09	6.59712e+09	5.30842e+09	6.8519e+09	6.22271e+09	6.84683e+09	6.12955e+09	5.8816e+09	6.84064e+09
ERR636776	5.52802e+09	5.82912e+09	5.71813e+09	5.39947e+09	5.83425e+09	5.18937e+09	5.26889e+09	4.11131e+09	5.64835e+09	5.45117e+09	5.42283e+09	5.44453e+09	5.33882e+09	6.75175e+09	5.54619e+09	7.03123e+09	5.53034e+09	7.29137e+09	6.84379e+09	6.89737e+09	7.00094e+09	7.03427e+09	6.45593e+09	7.0491e+09	6.86054e+09	7.57071e+09	7.22265e+09	7.19798e+09	6.92632e+09	7.19244e+09	5.66286e+09	6.27393e+09	5.72906e+09	5.93242e+09	5.77897e+09	5.84351e+09	6.3564e+09	5.98547e+09	6.39867e+09	6.06092e+09	6.48954e+09	5.17422e+09	6.89198e+09	5.40099e+09	6.82012e+09	5.34243e+09	6.37043e+09	6.41339e+09	6.40873e+09	7.20906e+09	6.76183e+09	7.20018e+09	7.32418e+09	6.17998e+09	7.28894e+09	7.53453e+09	7.52852e+09	6.63259e+09	6.62817e+09	7.56805e+09	5.69812e+09	5.29345e+09	5.34161e+09	6.00422e+09	6.1235e+09	6.01463e+09	6.7066e+09	6.87092e+09	7.03602e+09	7.19119e+09	6.68079e+09	6.71402e+09	4.85867e+09	5.39945e+09	4.94988e+09	4.86806e+09	5.36984e+09	5.36794e+09	6.47679e+09	5.48124e+09	6.54663e+09	6.23552e+09	6.54452e+09	5.57642e+09	6.71474e+09	6.54847e+09	6.50615e+09	6.89608e+09	6.99817e+09	5.60089e+09	7.27609e+09	6.59198e+09	7.27081e+09	6.49027e+09	6.22369e+09	7.26407e+09
ERR621996	5.62397e+09	5.93483e+09	5.81934e+09	5.49177e+09	5.94041e+09	5.27736e+09	5.30877e+09	4.1361e+09	5.69587e+09	5.4955e+09	5.46661e+09	5.48725e+09	5.49659e+09	6.97324e+09	5.71207e+09	7.26462e+09	5.69689e+09	7.53569e+09	6.86227e+09	6.91749e+09	7.02442e+09	7.05846e+09	6.46955e+09	6.86054e+09	7.4709e+09	7.99463e+09	7.6271e+09	7.60571e+09	7.32015e+09	7.59615e+09	5.79353e+09	6.42732e+09	5.85885e+09	6.07502e+09	5.9103e+09	5.97978e+09	6.6447e+09	6.25409e+09	6.6883e+09	6.33236e+09	6.78541e+09	5.39692e+09	7.00895e+09	5.48108e+09	6.93767e+09	5.42067e+09	6.47134e+09	6.51469e+09	6.72125e+09	7.55722e+09	7.09135e+09	7.54991e+09	7.68098e+09	6.48282e+09	7.60156e+09	7.85977e+09	7.85145e+09	6.91196e+09	6.90716e+09	7.89275e+09	6.03328e+09	5.6019e+09	5.65314e+09	6.35502e+09	6.48257e+09	6.367e+09	7.00168e+09	7.17063e+09	7.34721e+09	7.51064e+09	6.97511e+09	7.00944e+09	5.09902e+09	5.66206e+09	5.19487e+09	5.11033e+09	5.63236e+09	5.62841e+09	6.59985e+09	5.57207e+09	6.67176e+09	6.34868e+09	6.67103e+09	5.67027e+09	7.08142e+09	6.91389e+09	6.86974e+09	7.27329e+09	7.38128e+09	5.91435e+09	7.59483e+09	6.88079e+09	7.58912e+09	6.77583e+09	6.49949e+09	7.58179e+09
ERR621991	6.22856e+09	6.58996e+09	6.45136e+09	6.07864e+09	6.59667e+09	5.83188e+09	5.77849e+09	4.46866e+09	6.21835e+09	5.99086e+09	5.95858e+09	5.98044e+09	5.99014e+09	7.68519e+09	6.2338e+09	8.02926e+09	6.21757e+09	8.35509e+09	7.57174e+09	7.63314e+09	7.75765e+09	7.79636e+09	7.11867e+09	7.57071e+09	7.99463e+09	9.18315e+09	8.45653e+09	8.42676e+09	8.08073e+09	8.41697e+09	6.40405e+09	7.14049e+09	6.47492e+09	6.72914e+09	6.53386e+09	6.6158e+09	7.30743e+09	6.85356e+09	7.35849e+09	6.94419e+09	7.47018e+09	5.87421e+09	7.77173e+09	6.01992e+09	7.69113e+09	5.95139e+09	7.14797e+09	7.19807e+09	7.44956e+09	8.42343e+09	7.88172e+09	8.41538e+09	8.57057e+09	7.17829e+09	8.44947e+09	8.75906e+09	8.74899e+09	7.63828e+09	7.63308e+09	8.79851e+09	6.60899e+09	6.11401e+09	6.17182e+09	6.97515e+09	7.12159e+09	6.98939e+09	7.72984e+09	7.92873e+09	8.13802e+09	8.33572e+09	7.6978e+09	7.74031e+09	5.63273e+09	6.2789e+09	5.74084e+09	5.64797e+09	6.244e+09	6.23995e+09	7.2671e+09	6.09107e+09	7.35149e+09	6.97768e+09	7.34967e+09	6.20431e+09	7.81776e+09	7.62554e+09	7.57399e+09	8.04841e+09	8.17859e+09	6.47453e+09	8.44515e+09	7.60863e+09	8.43812e+09	7.48602e+09	7.17204e+09	8.4293e+09
ERR621992	5.92454e+09	6.25939e+09	6.13358e+09	5.78207e+09	6.26571e+09	5.55191e+09	5.554e+09	4.31196e+09	5.96711e+09	5.75292e+09	5.72273e+09	5.74375e+09	5.75162e+09	7.3399e+09	5.9816e+09	7.65747e+09	5.9661e+09	7.95376e+09	7.22563e+09	7.2841e+09	7.39985e+09	7.43671e+09	6.80185e+09	7.22265e+09	7.6271e+09	8.45653e+09	8.29527e+09	8.02052e+09	7.70575e+09	8.0146e+09	6.09813e+09	6.78279e+09	6.1697e+09	6.40242e+09	6.22502e+09	6.29789e+09	6.98301e+09	6.56137e+09	7.02946e+09	6.64596e+09	7.13457e+09	5.64412e+09	7.39077e+09	5.75034e+09	7.31476e+09	5.68534e+09	6.81214e+09	6.85772e+09	7.08473e+09	7.98975e+09	7.4843e+09	7.98177e+09	8.12449e+09	6.82743e+09	8.03388e+09	8.31737e+09	8.30813e+09	7.28531e+09	7.2797e+09	8.35352e+09	6.32893e+09	5.86631e+09	5.92184e+09	6.67394e+09	6.81139e+09	6.68679e+09	7.38081e+09	7.56357e+09	7.75436e+09	7.9336e+09	7.35118e+09	7.3899e+09	5.3655e+09	5.96747e+09	5.46646e+09	5.37769e+09	5.93506e+09	5.93072e+09	6.94127e+09	5.83955e+09	7.01924e+09	6.67084e+09	7.01763e+09	5.94358e+09	7.46101e+09	7.27785e+09	7.23004e+09	7.67147e+09	7.78903e+09	6.20304e+09	8.02904e+09	7.25291e+09	8.02262e+09	7.13936e+09	6.84305e+09	8.01481e+09
ERR621994	5.91182e+09	6.24682e+09	6.11951e+09	5.77212e+09	6.2533e+09	5.54243e+09	5.53426e+09	4.29517e+09	5.94653e+09	5.73256e+09	5.70133e+09	5.72352e+09	5.73226e+09	7.313e+09	5.96109e+09	7.62839e+09	5.94543e+09	7.92582e+09	7.19954e+09	7.25732e+09	7.37285e+09	7.40904e+09	6.77851e+09	7.19798e+09	7.60571e+09	8.42676e+09	8.02052e+09	8.2402e+09	7.68353e+09	7.98703e+09	6.08241e+09	6.76389e+09	6.14904e+09	6.38342e+09	6.20367e+09	6.28011e+09	6.95995e+09	6.53962e+09	7.00787e+09	6.62359e+09	7.11199e+09	5.62392e+09	7.37129e+09	5.73865e+09	7.29486e+09	5.67387e+09	6.79276e+09	6.83942e+09	7.06939e+09	7.96888e+09	7.46722e+09	7.96148e+09	8.10325e+09	6.81586e+09	8.00329e+09	8.28451e+09	8.27492e+09	7.25655e+09	7.25227e+09	8.31982e+09	6.30746e+09	5.84723e+09	5.90038e+09	6.65141e+09	6.78734e+09	6.66402e+09	7.34488e+09	7.52807e+09	7.72117e+09	7.89975e+09	7.31564e+09	7.35355e+09	5.35213e+09	5.95507e+09	5.45395e+09	5.36547e+09	5.92255e+09	5.91886e+09	6.91946e+09	5.82098e+09	6.99704e+09	6.65047e+09	6.99611e+09	5.92638e+09	7.42881e+09	7.25164e+09	7.20342e+09	7.63795e+09	7.75721e+09	6.18007e+09	7.99637e+09	7.22689e+09	7.99023e+09	7.11334e+09	6.81963e+09	7.98235e+09
ERR621995	5.67801e+09	5.99364e+09	5.8755e+09	5.54425e+09	5.99887e+09	5.32661e+09	5.35434e+09	4.16812e+09	5.74624e+09	5.54299e+09	5.51402e+09	5.53434e+09	5.54351e+09	7.04112e+09	5.7616e+09	7.33723e+09	5.74655e+09	7.61334e+09	6.9277e+09	6.98375e+09	7.09234e+09	7.12676e+09	6.52938e+09	6.92632e+09	7.32015e+09	8.08073e+09	7.70575e+09	7.68353e+09	7.61804e+09	7.6742e+09	5.84844e+09	6.49197e+09	5.91453e+09	6.13398e+09	5.96694e+09	6.03749e+09	6.70641e+09	6.31044e+09	6.75107e+09	6.38958e+09	6.84908e+09	5.44197e+09	7.07903e+09	5.53005e+09	7.00665e+09	5.46878e+09	6.53286e+09	6.57676e+09	6.78934e+09	7.63787e+09	7.165e+09	7.62992e+09	7.7635e+09	6.54712e+09	7.68042e+09	7.94337e+09	7.93444e+09	6.98004e+09	6.97532e+09	7.97665e+09	6.0891e+09	5.65205e+09	5.70339e+09	6.415e+09	6.54425e+09	6.42712e+09	7.06995e+09	7.24178e+09	7.42111e+09	7.58781e+09	7.04284e+09	7.07827e+09	5.14747e+09	5.7179e+09	5.24391e+09	5.15928e+09	5.68779e+09	5.68369e+09	6.66241e+09	5.6207e+09	6.73535e+09	6.40774e+09	6.73452e+09	5.72019e+09	7.15062e+09	6.98062e+09	6.93616e+09	7.3457e+09	7.45561e+09	5.96734e+09	7.67445e+09	6.949e+09	7.66839e+09	6.84248e+09	6.56255e+09	7.66076e+09
ERR621993	5.90137e+09	6.23438e+09	6.10912e+09	5.75984e+09	6.24005e+09	5.53082e+09	5.534e+09	4.29874e+09	5.94425e+09	5.73157e+09	5.70075e+09	5.72259e+09	5.73185e+09	7.30819e+09	5.95903e+09	7.62188e+09	5.94346e+09	7.91674e+09	7.19547e+09	7.25399e+09	7.36917e+09	7.40544e+09	6.77489e+09	7.19244e+09	7.59615e+09	8.41697e+09	8.0146e+09	7.98703e+09	7.6742e+09	8.22469e+09	6.07152e+09	6.75148e+09	6.1421e+09	6.37319e+09	6.19725e+09	6.27051e+09	6.95374e+09	6.53535e+09	7.00027e+09	6.619e+09	7.10464e+09	5.62457e+09	7.35721e+09	5.72616e+09	7.2801e+09	5.66216e+09	6.7804e+09	6.82729e+09	7.05054e+09	7.95005e+09	7.44779e+09	7.94229e+09	8.08371e+09	6.79522e+09	7.99574e+09	8.27723e+09	8.26776e+09	7.25189e+09	7.24658e+09	8.31294e+09	6.30089e+09	5.84289e+09	5.89575e+09	6.64514e+09	6.78136e+09	6.65783e+09	7.34436e+09	7.52661e+09	7.71633e+09	7.89405e+09	7.3155e+09	7.35341e+09	5.34139e+09	5.94095e+09	5.44246e+09	5.35355e+09	5.90855e+09	5.90449e+09	6.91207e+09	5.81768e+09	6.98968e+09	6.64392e+09	6.98872e+09	5.92115e+09	7.4253e+09	7.24491e+09	7.19664e+09	7.63437e+09	7.75106e+09	6.17609e+09	7.98922e+09	7.21912e+09	7.9829e+09	7.106e+09	6.81064e+09	7.97503e+09
ERR605656	4.96781e+09	5.22859e+09	5.12139e+09	4.86282e+09	5.23637e+09	4.6792e+09	4.32713e+09	3.38516e+09	4.64341e+09	4.47893e+09	4.4579e+09	4.46917e+09	4.59367e+09	5.74697e+09	4.76717e+09	5.97488e+09	4.75625e+09	6.20242e+09	5.65913e+09	5.68964e+09	5.77393e+09	5.79709e+09	5.35991e+09	5.66286e+09	5.79353e+09	6.40405e+09	6.09813e+09	6.08241e+09	5.84844e+09	6.07152e+09	5.37056e+09	5.69247e+09	5.21276e+09	5.40202e+09	5.25106e+09	5.32058e+09	5.40118e+09	5.0869e+09	5.4373e+09	5.15461e+09	5.51311e+09	4.3968e+09	5.90366e+09	4.72394e+09	5.84898e+09	4.67633e+09	5.48456e+09	5.52048e+09	5.59722e+09	6.2291e+09	5.88358e+09	6.22548e+09	6.32689e+09	5.42658e+09	6.18315e+09	6.39434e+09	6.38919e+09	5.64069e+09	5.63681e+09	6.42238e+09	4.91701e+09	4.58559e+09	4.6217e+09	5.15903e+09	5.25457e+09	5.1712e+09	5.64936e+09	5.78326e+09	5.94056e+09	6.08059e+09	5.62427e+09	5.65513e+09	4.45986e+09	4.92785e+09	4.5359e+09	4.4725e+09	4.90107e+09	4.89917e+09	5.50989e+09	4.70029e+09	5.56824e+09	5.31191e+09	5.56771e+09	4.78301e+09	5.72732e+09	5.62082e+09	5.58701e+09	5.88539e+09	5.98136e+09	4.84995e+09	6.19623e+09	5.64369e+09	6.19186e+09	5.56406e+09	5.36497e+09	6.18352e+09
ERR605653	5.45512e+09	5.75501e+09	5.6334e+09	5.33408e+09	5.76327e+09	5.12503e+09	4.75358e+09	3.69877e+09	5.11008e+09	4.9257e+09	4.90191e+09	4.9135e+09	5.04291e+09	6.37064e+09	5.24041e+09	6.63663e+09	5.22762e+09	6.90027e+09	6.27101e+09	6.30763e+09	6.40459e+09	6.43202e+09	5.92246e+09	6.27393e+09	6.42732e+09	7.14049e+09	6.78279e+09	6.76389e+09	6.49197e+09	6.75148e+09	5.69247e+09	6.51916e+09	5.73572e+09	5.95617e+09	5.78045e+09	5.8586e+09	5.9765e+09	5.61551e+09	6.01755e+09	5.69208e+09	6.10423e+09	4.83357e+09	6.54695e+09	5.17801e+09	6.48382e+09	5.1234e+09	6.05877e+09	6.10013e+09	6.20154e+09	6.939e+09	6.53514e+09	6.9339e+09	7.0524e+09	6.00281e+09	6.89251e+09	7.13811e+09	7.13217e+09	6.26176e+09	6.2568e+09	7.17142e+09	5.427e+09	5.04739e+09	5.08922e+09	5.70487e+09	5.81492e+09	5.71781e+09	6.27767e+09	6.43363e+09	6.61228e+09	6.77484e+09	6.24897e+09	6.28507e+09	4.88864e+09	5.42042e+09	4.9742e+09	4.90323e+09	5.39003e+09	5.38789e+09	6.09257e+09	5.16098e+09	6.16047e+09	5.86415e+09	6.15935e+09	5.25415e+09	6.36185e+09	6.23486e+09	6.19457e+09	6.5474e+09	6.65678e+09	5.34753e+09	6.90753e+09	6.26427e+09	6.90269e+09	6.17197e+09	5.94033e+09	6.89323e+09
ERR605658	4.9917e+09	5.24972e+09	5.15301e+09	4.87847e+09	5.25743e+09	4.69419e+09	4.3877e+09	3.4435e+09	4.70232e+09	4.54215e+09	4.52123e+09	4.52972e+09	4.65729e+09	5.8234e+09	4.83181e+09	6.05323e+09	4.81912e+09	6.27609e+09	5.73311e+09	5.76706e+09	5.85071e+09	5.87479e+09	5.42489e+09	5.72906e+09	5.85885e+09	6.47492e+09	6.1697e+09	6.14904e+09	5.91453e+09	6.1421e+09	5.21276e+09	5.73572e+09	5.46459e+09	5.44592e+09	5.31479e+09	5.36214e+09	5.46176e+09	5.14723e+09	5.49605e+09	5.21592e+09	5.57369e+09	4.46059e+09	5.95316e+09	4.74606e+09	5.89784e+09	4.69862e+09	5.53025e+09	5.56524e+09	5.63373e+09	6.2822e+09	5.9221e+09	6.27509e+09	6.37916e+09	5.45283e+09	6.2646e+09	6.47897e+09	6.47496e+09	5.72093e+09	5.71284e+09	6.50946e+09	4.97961e+09	4.64566e+09	4.68315e+09	5.22659e+09	5.32405e+09	5.23688e+09	5.75212e+09	5.88347e+09	6.02868e+09	6.16853e+09	5.7276e+09	5.75953e+09	4.48382e+09	4.94893e+09	4.55878e+09	4.49194e+09	4.922e+09	4.9206e+09	5.5683e+09	4.75423e+09	5.62859e+09	5.3693e+09	5.62696e+09	4.8309e+09	5.81942e+09	5.69586e+09	5.66031e+09	5.97969e+09	6.06953e+09	4.92086e+09	6.28255e+09	5.71366e+09	6.27767e+09	5.63412e+09	5.42634e+09	6.26969e+09
