	ERR636802	ERR636800	ERR636804	ERR636803	ERR636801	ERR636799	ERR637059	ERR637060	ERR637062	ERR637057	ERR637061	ERR637058	ERR613543	ERR613542	ERR613541	ERR613540	ERR613539	ERR613544	ERR614003	ERR614005	ERR614004	ERR614006	ERR614007	ERR614002	ERR608119	ERR608117	ERR608118	ERR608121	ERR608122	ERR608120	ERR608590	ERR608587	ERR608589	ERR608588	ERR608586	ERR608585	ERR608871	ERR608872	ERR608875	ERR608873	ERR608876	ERR608874	ERR608568	ERR608567	ERR608572	ERR608570	ERR608569	ERR608571	ERR617174	ERR617173	ERR617175	ERR617177	ERR617176	ERR617178	ERR609006	ERR609007	ERR609008	ERR609004	ERR609003	ERR609005	ERR621977	ERR621974	ERR621978	ERR621975	ERR621976	ERR621973	ERR629975	ERR629973	ERR629972	ERR629971	ERR629974	ERR629970	ERR614898	ERR614900	ERR614897	ERR614895	ERR614899	ERR614896	ERR629887	ERR629891	ERR629889	ERR629886	ERR629890	ERR629888	ERR607851	ERR607852	ERR607853	ERR607854	ERR607849	ERR607850	ERR617501	ERR617499	ERR617504	ERR617500	ERR617502	ERR617503
ERR636802	0	0.291289	0.241536	0.241191	0.290387	0.278789	0.378314	0.363186	0.367659	0.35755	0.363778	0.375543	0.342846	0.341764	0.38843	0.387985	0.389189	0.342192	0.272281	0.280855	0.275939	0.282377	0.282807	0.270434	0.344609	0.322845	0.342935	0.309887	0.311166	0.307172	0.357161	0.357183	0.358053	0.35596	0.359264	0.408907	0.396217	0.36844	0.382201	0.371021	0.383674	0.380255	0.322693	0.34336	0.322842	0.327711	0.326243	0.327025	0.670131	0.669988	0.669866	0.663454	0.66399	0.673412	0.519952	0.520187	0.520808	0.514382	0.523378	0.521442	0.60517	0.607665	0.610222	0.607228	0.612489	0.607812	0.50043	0.501342	0.51467	0.503429	0.499527	0.517327	0.456455	0.456347	0.456465	0.459117	0.456495	0.456725	0.321514	0.330907	0.331062	0.334654	0.331477	0.333293	0.629944	0.618358	0.617802	0.617514	0.629108	0.625881	0.591797	0.587973	0.604893	0.591683	0.600135	0.596759
ERR636800	0.291289	0	0.292509	0.28709	0.236997	0.237721	0.320117	0.313462	0.314267	0.311413	0.312943	0.31635	0.340674	0.34065	0.337351	0.336786	0.338067	0.341917	0.289246	0.284201	0.292361	0.283258	0.280455	0.30887	0.302007	0.301895	0.301165	0.314433	0.312858	0.316624	0.356952	0.347466	0.35865	0.356107	0.366228	0.447394	0.418601	0.350035	0.393379	0.339359	0.398296	0.389557	0.336337	0.390855	0.336274	0.328345	0.320592	0.329337	0.647084	0.650438	0.64687	0.628017	0.62869	0.65621	0.487007	0.48736	0.48776	0.486972	0.530257	0.486621	0.616159	0.613176	0.627107	0.612568	0.630717	0.611285	0.483293	0.483807	0.481832	0.485948	0.483585	0.482752	0.463508	0.46432	0.487945	0.49048	0.464398	0.485108	0.333094	0.33933	0.337995	0.314822	0.342002	0.316802	0.6223	0.602797	0.602386	0.601459	0.621631	0.616901	0.57726	0.576528	0.605194	0.57691	0.595489	0.589356
ERR636804	0.241536	0.292509	0	0.241533	0.29137	0.279609	0.378712	0.363487	0.368169	0.357862	0.364047	0.376015	0.342585	0.341649	0.38839	0.388155	0.389377	0.341763	0.272389	0.280517	0.275814	0.281918	0.282251	0.270234	0.345051	0.323262	0.343813	0.310351	0.312134	0.307536	0.356867	0.357038	0.357439	0.355889	0.358746	0.406977	0.394234	0.368118	0.381272	0.371028	0.38259	0.379155	0.322361	0.341798	0.322498	0.327551	0.326579	0.327141	0.670199	0.669758	0.669954	0.663826	0.664287	0.672664	0.52053	0.520504	0.521414	0.514738	0.522638	0.52197	0.60606	0.608765	0.610911	0.608331	0.613331	0.60894	0.500116	0.501284	0.515046	0.503451	0.49928	0.51763	0.456197	0.455944	0.455752	0.458341	0.456124	0.456052	0.320763	0.329725	0.330032	0.334369	0.330254	0.332914	0.629497	0.618092	0.617541	0.617231	0.628451	0.625575	0.592002	0.587986	0.604718	0.591912	0.600193	0.596746
ERR636803	0.241191	0.28709	0.241533	0	0.286003	0.274427	0.374251	0.359284	0.363773	0.353433	0.359765	0.371503	0.340697	0.339646	0.38418	0.383779	0.385087	0.339544	0.27027	0.277934	0.27336	0.278878	0.279371	0.269515	0.340417	0.319433	0.339241	0.307556	0.309078	0.305204	0.356362	0.356095	0.357083	0.355388	0.358616	0.410046	0.395784	0.366163	0.381999	0.368547	0.383765	0.379715	0.32217	0.344554	0.322335	0.326846	0.325184	0.326304	0.669959	0.669672	0.669515	0.662681	0.663104	0.672761	0.517838	0.517903	0.518772	0.512504	0.523023	0.519313	0.606686	0.608947	0.612053	0.608623	0.614533	0.609024	0.498282	0.499485	0.512386	0.501708	0.497659	0.514925	0.454893	0.454649	0.455783	0.458641	0.454819	0.455918	0.318715	0.327627	0.328014	0.331167	0.328401	0.329847	0.629907	0.617997	0.617628	0.617164	0.628956	0.625956	0.591846	0.587999	0.605386	0.591768	0.600869	0.597165
ERR636801	0.290387	0.236997	0.29137	0.286003	0	0.237135	0.318264	0.311761	0.313027	0.309405	0.311595	0.316066	0.339507	0.33932	0.335887	0.335495	0.336495	0.34063	0.287907	0.28138	0.289206	0.280346	0.277502	0.306396	0.301877	0.301908	0.303209	0.315742	0.314344	0.316925	0.355711	0.347472	0.357192	0.355426	0.364477	0.443484	0.415272	0.349314	0.39286	0.340182	0.397599	0.388933	0.336509	0.388444	0.336233	0.330006	0.321945	0.330762	0.648683	0.651304	0.648652	0.63016	0.630887	0.655474	0.487267	0.4875	0.48787	0.486795	0.527848	0.48752	0.619309	0.617014	0.629927	0.616356	0.633497	0.615209	0.481927	0.482672	0.482852	0.485866	0.482203	0.483852	0.460881	0.46168	0.485206	0.487096	0.461802	0.481926	0.328824	0.334121	0.332517	0.31257	0.336567	0.314379	0.623048	0.603999	0.603539	0.602604	0.62186	0.617299	0.579335	0.577602	0.606276	0.578985	0.59731	0.59127
ERR636799	0.278789	0.237721	0.279609	0.274427	0.237135	0	0.323239	0.314857	0.316896	0.311298	0.314748	0.320925	0.336214	0.335889	0.340054	0.339698	0.340825	0.337414	0.278221	0.272934	0.279493	0.272415	0.269988	0.294589	0.302932	0.299027	0.303824	0.30987	0.308815	0.310442	0.355152	0.347843	0.356609	0.354247	0.362752	0.438372	0.411908	0.35083	0.391187	0.343339	0.395618	0.387468	0.33285	0.381447	0.332707	0.327731	0.320384	0.328409	0.654355	0.656533	0.6544	0.637676	0.638363	0.660597	0.491367	0.491592	0.491979	0.490023	0.526998	0.491613	0.619669	0.617903	0.62957	0.617281	0.633057	0.616246	0.48358	0.484551	0.486494	0.487799	0.48386	0.487869	0.455877	0.456566	0.477614	0.479516	0.456806	0.474428	0.321201	0.326756	0.325642	0.309407	0.328903	0.310676	0.626062	0.608125	0.607615	0.606735	0.624984	0.620568	0.582985	0.580923	0.608119	0.582563	0.599675	0.593922
ERR637059	0.378314	0.320117	0.378712	0.374251	0.318264	0.323239	0	0.237239	0.236651	0.238014	0.236973	0.236077	0.326846	0.326591	0.300004	0.299938	0.299995	0.328477	0.348202	0.338574	0.347551	0.337025	0.334415	0.365834	0.305349	0.31696	0.311588	0.339885	0.337743	0.340069	0.359671	0.351579	0.36075	0.361443	0.371273	0.455345	0.443411	0.373948	0.422752	0.362947	0.42783	0.418653	0.357248	0.412492	0.357224	0.350294	0.339275	0.350765	0.5836	0.584389	0.583697	0.563875	0.564704	0.585958	0.423606	0.423399	0.42371	0.42235	0.465952	0.424674	0.587438	0.584892	0.598962	0.583936	0.603364	0.583252	0.417351	0.418203	0.419831	0.422991	0.417959	0.420374	0.419676	0.421002	0.450846	0.45294	0.421141	0.447384	0.327895	0.330398	0.327972	0.298488	0.333384	0.301311	0.556996	0.537549	0.537388	0.536386	0.555233	0.551036	0.52322	0.519572	0.551433	0.523004	0.542864	0.536803
ERR637060	0.363186	0.313462	0.363487	0.359284	0.311761	0.314857	0.237239	0	0.232939	0.234223	0.232473	0.23684	0.316947	0.316569	0.299053	0.298982	0.299223	0.318412	0.333244	0.325168	0.333226	0.323809	0.321432	0.350348	0.299056	0.306718	0.304158	0.326723	0.324669	0.326508	0.354023	0.3469	0.355166	0.356023	0.365491	0.448024	0.438011	0.371386	0.417591	0.361499	0.422278	0.413567	0.348064	0.401874	0.348385	0.342093	0.331349	0.342593	0.588104	0.588349	0.588045	0.570649	0.571543	0.59061	0.425639	0.425404	0.425819	0.423625	0.462761	0.426857	0.583004	0.581058	0.593819	0.580195	0.597991	0.579677	0.41669	0.417519	0.420946	0.422085	0.41711	0.421881	0.408673	0.409899	0.437289	0.439628	0.409881	0.434056	0.31321	0.316614	0.314428	0.287252	0.31954	0.289509	0.558141	0.539815	0.53955	0.538787	0.556409	0.552474	0.52447	0.520331	0.55052	0.523979	0.542343	0.536545
ERR637062	0.367659	0.314267	0.368169	0.363773	0.313027	0.316896	0.236651	0.232939	0	0.235431	0.23244	0.235472	0.319425	0.319342	0.298356	0.29825	0.298652	0.321054	0.337905	0.330142	0.338377	0.32869	0.326038	0.355865	0.299938	0.308947	0.304626	0.329628	0.32741	0.330026	0.354909	0.34706	0.356013	0.357052	0.367177	0.451639	0.440528	0.371324	0.41837	0.360413	0.423332	0.414305	0.349652	0.405427	0.34978	0.342601	0.331776	0.343022	0.584208	0.585093	0.584332	0.565676	0.566598	0.588087	0.423523	0.423215	0.423666	0.42195	0.464325	0.42452	0.581188	0.578668	0.592342	0.57789	0.596603	0.57714	0.416058	0.416788	0.418364	0.420895	0.416611	0.419057	0.412923	0.414117	0.442681	0.445212	0.414178	0.439646	0.319093	0.323062	0.32059	0.29089	0.325996	0.29334	0.556285	0.537247	0.537078	0.536169	0.554796	0.550539	0.521632	0.518091	0.548971	0.521241	0.540321	0.534334
ERR637057	0.35755	0.311413	0.357862	0.353433	0.309405	0.311298	0.238014	0.234223	0.235431	0	0.234264	0.237696	0.314083	0.31357	0.299659	0.299465	0.299839	0.315357	0.327155	0.319237	0.32692	0.3178	0.315698	0.34332	0.297575	0.303338	0.302956	0.32277	0.320986	0.322344	0.352614	0.345189	0.353499	0.354001	0.362492	0.443333	0.434052	0.370096	0.415226	0.361117	0.42007	0.411521	0.345473	0.39723	0.345931	0.340697	0.330007	0.340787	0.591388	0.591562	0.591713	0.575229	0.576172	0.59298	0.428427	0.428104	0.428664	0.425421	0.461219	0.429534	0.584808	0.583296	0.595193	0.582383	0.599242	0.582011	0.417019	0.418106	0.42312	0.422802	0.417421	0.424265	0.405352	0.406422	0.43275	0.434641	0.406459	0.429386	0.306558	0.309857	0.308065	0.283093	0.312711	0.284995	0.5601	0.542438	0.54221	0.541389	0.558265	0.554295	0.526802	0.522608	0.551937	0.526356	0.54411	0.538607
ERR637061	0.363778	0.312943	0.364047	0.359765	0.311595	0.314748	0.236973	0.232473	0.23244	0.234264	0	0.236187	0.31715	0.316999	0.298688	0.298609	0.298931	0.318636	0.33391	0.325825	0.334127	0.324642	0.322107	0.351324	0.298994	0.306878	0.30378	0.326986	0.325043	0.327083	0.353869	0.346419	0.354973	0.355831	0.365656	0.448828	0.438523	0.371149	0.417457	0.360967	0.422414	0.413464	0.347961	0.402577	0.348113	0.341628	0.330773	0.34202	0.586409	0.587052	0.586561	0.568886	0.569851	0.589471	0.424707	0.424413	0.42493	0.422817	0.462845	0.425971	0.581885	0.579726	0.592762	0.578987	0.596977	0.578265	0.416088	0.416771	0.419582	0.421181	0.416361	0.420482	0.409342	0.410565	0.438327	0.440767	0.410659	0.435235	0.314462	0.318336	0.315899	0.288034	0.321168	0.290369	0.557162	0.538614	0.538418	0.537543	0.555547	0.551463	0.523245	0.519347	0.54963	0.522816	0.541329	0.535552
ERR637058	0.375543	0.31635	0.376015	0.371503	0.316066	0.320925	0.236077	0.23684	0.235472	0.237696	0.236187	0	0.324386	0.324306	0.298627	0.298393	0.299022	0.326071	0.345788	0.337938	0.347082	0.336491	0.333542	0.364911	0.302962	0.313907	0.306556	0.335123	0.332858	0.336611	0.359028	0.349367	0.360234	0.360394	0.371123	0.457957	0.445565	0.373051	0.421575	0.360765	0.426723	0.417475	0.354174	0.412422	0.354451	0.345597	0.334843	0.346467	0.581378	0.583244	0.581335	0.561279	0.562119	0.587191	0.422105	0.422038	0.422294	0.421272	0.467807	0.42231	0.581959	0.578611	0.59374	0.577735	0.597993	0.576886	0.417272	0.417845	0.416698	0.421113	0.417803	0.417244	0.419454	0.420828	0.450895	0.453765	0.420945	0.447895	0.328118	0.332357	0.32989	0.296768	0.335477	0.299844	0.555623	0.535654	0.535347	0.534414	0.554305	0.549833	0.519866	0.517196	0.549148	0.519392	0.539613	0.533419
ERR613543	0.342846	0.340674	0.342585	0.340697	0.339507	0.336214	0.326846	0.316947	0.319425	0.314083	0.31715	0.324386	0	0.246377	0.276506	0.276431	0.277388	0.246611	0.335291	0.336496	0.337861	0.336835	0.335273	0.342874	0.32951	0.322543	0.330772	0.322314	0.322062	0.322403	0.346265	0.34286	0.347462	0.347182	0.35377	0.424579	0.418546	0.369629	0.397334	0.366493	0.400455	0.394312	0.32507	0.366283	0.325245	0.324137	0.319554	0.323948	0.583787	0.5834	0.583785	0.575817	0.576288	0.586711	0.442947	0.442657	0.443773	0.437102	0.453591	0.444607	0.548794	0.550086	0.556309	0.54958	0.559555	0.5498	0.421262	0.422358	0.433546	0.423746	0.420754	0.435934	0.410841	0.411393	0.422467	0.426323	0.411567	0.422623	0.311568	0.320495	0.319096	0.303514	0.322181	0.30404	0.544886	0.531619	0.531248	0.530616	0.543624	0.540346	0.515185	0.510731	0.531889	0.514937	0.526335	0.522362
ERR613542	0.341764	0.34065	0.341649	0.339646	0.33932	0.335889	0.326591	0.316569	0.319342	0.31357	0.316999	0.324306	0.246377	0	0.27717	0.277379	0.277868	0.246786	0.334389	0.335456	0.336503	0.335721	0.334322	0.341667	0.329696	0.322432	0.33142	0.322555	0.322187	0.322192	0.34687	0.343546	0.347875	0.347658	0.354103	0.423892	0.418137	0.370092	0.397784	0.367483	0.401071	0.394877	0.325574	0.365633	0.325866	0.324926	0.320158	0.324504	0.585682	0.584975	0.585622	0.577825	0.578402	0.587806	0.443995	0.44357	0.444599	0.437882	0.453366	0.445474	0.550866	0.552292	0.55809	0.551695	0.56139	0.552011	0.421713	0.422631	0.434711	0.424559	0.421287	0.437116	0.409641	0.410225	0.420781	0.424562	0.410381	0.420855	0.309542	0.318043	0.316688	0.302503	0.319737	0.302942	0.546226	0.533042	0.532907	0.532021	0.544839	0.54161	0.516939	0.512149	0.533029	0.516671	0.527828	0.523956
ERR613541	0.38843	0.337351	0.38839	0.38418	0.335887	0.340054	0.300004	0.299053	0.298356	0.299659	0.298688	0.298627	0.276506	0.27717	0	0.24462	0.244926	0.27893	0.365964	0.358604	0.366478	0.357609	0.354737	0.382603	0.323915	0.333422	0.327902	0.351926	0.35004	0.352821	0.372396	0.363984	0.374022	0.374316	0.384084	0.466895	0.451669	0.383146	0.428903	0.371947	0.433701	0.424627	0.361523	0.416777	0.361025	0.353603	0.343878	0.354381	0.580908	0.582842	0.580727	0.561302	0.562087	0.585749	0.426254	0.426416	0.426671	0.425769	0.471207	0.427363	0.575191	0.572662	0.587076	0.571786	0.591343	0.570723	0.42015	0.421034	0.420263	0.424054	0.420906	0.420647	0.426906	0.428254	0.456669	0.459448	0.428378	0.45385	0.339355	0.344295	0.342091	0.311574	0.347192	0.314598	0.554344	0.534702	0.534451	0.533354	0.552822	0.548439	0.519792	0.517251	0.548327	0.51953	0.539801	0.533602
ERR613540	0.387985	0.336786	0.388155	0.383779	0.335495	0.339698	0.299938	0.298982	0.29825	0.299465	0.298609	0.298393	0.276431	0.277379	0.24462	0	0.245251	0.27906	0.365479	0.358186	0.366028	0.357005	0.354518	0.382361	0.323566	0.332983	0.327462	0.351395	0.349539	0.352501	0.372567	0.3639	0.374001	0.37436	0.384083	0.466988	0.451928	0.383237	0.429142	0.372185	0.43382	0.424793	0.36138	0.416954	0.361112	0.353506	0.343757	0.354182	0.581424	0.583286	0.581258	0.561863	0.562617	0.58635	0.42677	0.426959	0.427158	0.426209	0.471571	0.427689	0.575141	0.572619	0.58699	0.571816	0.591264	0.570705	0.420651	0.421396	0.420778	0.424414	0.421428	0.421255	0.426735	0.428234	0.456444	0.459352	0.428235	0.453698	0.339203	0.343976	0.341798	0.311246	0.346922	0.314206	0.554701	0.535086	0.534912	0.533815	0.553172	0.548781	0.519998	0.517475	0.548392	0.519722	0.539793	0.533691
ERR613539	0.389189	0.338067	0.389377	0.385087	0.336495	0.340825	0.299995	0.299223	0.298652	0.299839	0.298931	0.299022	0.277388	0.277868	0.244926	0.245251	0	0.279788	0.366458	0.358771	0.366643	0.357861	0.355085	0.383126	0.324438	0.334056	0.328729	0.35294	0.350981	0.353794	0.373386	0.365243	0.374932	0.375137	0.384883	0.467384	0.452223	0.383892	0.429739	0.372875	0.434473	0.425488	0.362596	0.417485	0.362165	0.354848	0.345136	0.35551	0.581774	0.583642	0.581691	0.56233	0.563099	0.586381	0.427153	0.427338	0.42755	0.426428	0.471525	0.428155	0.576292	0.57372	0.588046	0.572908	0.592437	0.571847	0.420662	0.421584	0.42106	0.424797	0.4215	0.421669	0.426835	0.428297	0.456595	0.459244	0.428323	0.453625	0.339405	0.343943	0.341694	0.311793	0.346981	0.314759	0.555078	0.535556	0.535241	0.534177	0.553512	0.549049	0.520701	0.518234	0.549213	0.520534	0.540593	0.534408
ERR613544	0.342192	0.341917	0.341763	0.339544	0.34063	0.337414	0.328477	0.318412	0.321054	0.315357	0.318636	0.326071	0.246611	0.246786	0.27893	0.27906	0.279788	0	0.335195	0.336734	0.337639	0.336987	0.335607	0.342083	0.331236	0.323622	0.332619	0.322669	0.322565	0.322655	0.345817	0.343261	0.347191	0.347099	0.353468	0.422798	0.417236	0.369426	0.396541	0.367449	0.399676	0.393747	0.324958	0.364349	0.324931	0.324392	0.319717	0.32428	0.58455	0.58385	0.584496	0.576983	0.577582	0.586746	0.444105	0.443768	0.444807	0.437861	0.452753	0.445574	0.548992	0.550453	0.556199	0.549936	0.559446	0.550289	0.421431	0.422474	0.434722	0.42411	0.42103	0.437223	0.410385	0.41112	0.421125	0.424777	0.4111	0.421356	0.31143	0.320082	0.318674	0.304537	0.321613	0.305026	0.544984	0.532002	0.531676	0.531017	0.543603	0.540439	0.515748	0.510978	0.531563	0.515494	0.526487	0.522696
ERR614003	0.272281	0.289246	0.272389	0.27027	0.287907	0.278221	0.348202	0.333244	0.337905	0.327155	0.33391	0.345788	0.335291	0.334389	0.365964	0.365479	0.366458	0.335195	0	0.236162	0.233906	0.23677	0.236828	0.238166	0.322466	0.304632	0.323252	0.302562	0.303126	0.299701	0.364247	0.362124	0.364535	0.363675	0.367487	0.423621	0.40948	0.371446	0.39764	0.37078	0.400596	0.394564	0.330103	0.359643	0.331197	0.333543	0.327104	0.332541	0.679245	0.678734	0.679017	0.669292	0.669957	0.680869	0.512077	0.512171	0.51281	0.507662	0.525946	0.513405	0.627902	0.628885	0.634852	0.628385	0.637885	0.628461	0.492835	0.493875	0.504388	0.497809	0.492029	0.506658	0.441303	0.441321	0.44971	0.450957	0.441562	0.447264	0.300301	0.307328	0.307349	0.309039	0.308021	0.30759	0.638652	0.625195	0.624669	0.624309	0.63742	0.633974	0.603978	0.59927	0.620717	0.603664	0.615228	0.610928
ERR614005	0.280855	0.284201	0.280517	0.277934	0.28138	0.272934	0.338574	0.325168	0.330142	0.319237	0.325825	0.337938	0.336496	0.335456	0.358604	0.358186	0.358771	0.336734	0.236162	0	0.23383	0.231179	0.231251	0.24357	0.316822	0.302711	0.320522	0.307485	0.30785	0.303768	0.365956	0.363892	0.366287	0.365323	0.369051	0.425146	0.409236	0.370802	0.401345	0.370023	0.404363	0.397658	0.336387	0.365986	0.336814	0.339854	0.332214	0.338929	0.680624	0.680001	0.68093	0.66957	0.670321	0.679936	0.50993	0.509988	0.510498	0.505829	0.525578	0.511665	0.638222	0.639094	0.645632	0.638675	0.648691	0.638482	0.491431	0.492665	0.503605	0.498279	0.490886	0.505711	0.440417	0.440487	0.452972	0.453043	0.440677	0.449104	0.298907	0.30209	0.302424	0.305445	0.303343	0.304197	0.641527	0.627417	0.627152	0.626533	0.639517	0.636229	0.607024	0.601619	0.624685	0.606559	0.619449	0.614956
ERR614004	0.275939	0.292361	0.275814	0.27336	0.289206	0.279493	0.347551	0.333226	0.338377	0.32692	0.334127	0.347082	0.337861	0.336503	0.366478	0.366028	0.366643	0.337639	0.233906	0.23383	0	0.234587	0.235239	0.237988	0.324088	0.307279	0.327515	0.307881	0.308808	0.303408	0.367516	0.366937	0.367649	0.367325	0.370239	0.421867	0.40845	0.374847	0.401866	0.375425	0.404679	0.398568	0.335745	0.361081	0.336566	0.340855	0.333884	0.339909	0.683961	0.682732	0.683996	0.674166	0.674911	0.682493	0.51406	0.514252	0.514732	0.509485	0.525272	0.516116	0.635812	0.637303	0.64266	0.636816	0.645746	0.636914	0.493819	0.495072	0.50773	0.500492	0.493116	0.509984	0.439632	0.439598	0.448147	0.448282	0.439764	0.444873	0.298054	0.302201	0.302686	0.309438	0.302935	0.307527	0.642579	0.629619	0.629215	0.628678	0.640654	0.637505	0.609114	0.603652	0.625255	0.608899	0.620546	0.616433
ERR614006	0.282377	0.283258	0.281918	0.278878	0.280346	0.272415	0.337025	0.323809	0.32869	0.3178	0.324642	0.336491	0.336835	0.335721	0.357609	0.357005	0.357861	0.336987	0.23677	0.231179	0.234587	0	0.231321	0.244899	0.315678	0.302309	0.319735	0.307932	0.308166	0.304231	0.365379	0.363104	0.365669	0.364542	0.368481	0.425452	0.409216	0.370217	0.401151	0.369115	0.404741	0.397728	0.336844	0.367222	0.33732	0.339879	0.332376	0.339329	0.680163	0.679427	0.680488	0.668676	0.669571	0.67947	0.5096	0.509682	0.510119	0.505552	0.525822	0.511302	0.638928	0.639775	0.646518	0.639208	0.649634	0.639035	0.491537	0.492796	0.503457	0.498399	0.491021	0.505474	0.441257	0.441186	0.454376	0.45443	0.441487	0.450606	0.299483	0.302376	0.302764	0.304908	0.303612	0.303791	0.641376	0.627112	0.62679	0.626137	0.639408	0.636054	0.606945	0.60156	0.624826	0.606504	0.619477	0.614893
ERR614007	0.282807	0.280455	0.282251	0.279371	0.277502	0.269988	0.334415	0.321432	0.326038	0.315698	0.322107	0.333542	0.335273	0.334322	0.354737	0.354518	0.355085	0.335607	0.236828	0.231251	0.235239	0.231321	0	0.246402	0.313193	0.300491	0.31698	0.306351	0.306694	0.303309	0.363651	0.360953	0.364073	0.36296	0.367213	0.4262	0.40949	0.368035	0.399997	0.366467	0.403356	0.396196	0.335126	0.367539	0.335381	0.33742	0.329749	0.336765	0.677237	0.676727	0.677418	0.665513	0.666271	0.677242	0.507281	0.507269	0.507835	0.503559	0.525121	0.508725	0.636715	0.637395	0.644411	0.636945	0.647668	0.636756	0.489432	0.490824	0.500669	0.496107	0.489105	0.502637	0.440961	0.441123	0.455096	0.455384	0.441267	0.45138	0.29997	0.303335	0.303319	0.303403	0.304547	0.302506	0.639249	0.62463	0.624163	0.623587	0.637335	0.63382	0.604317	0.599283	0.622839	0.60391	0.617248	0.612535
ERR614002	0.270434	0.30887	0.270234	0.269515	0.306396	0.294589	0.365834	0.350348	0.355865	0.34332	0.351324	0.364911	0.342874	0.341667	0.382603	0.382361	0.383126	0.342083	0.238166	0.24357	0.237988	0.244899	0.246402	0	0.338856	0.317299	0.341097	0.310745	0.312293	0.30606	0.370829	0.371654	0.37094	0.369996	0.371191	0.414079	0.405044	0.381398	0.401261	0.383914	0.403172	0.398296	0.335658	0.351946	0.336773	0.343275	0.338075	0.341979	0.688388	0.68682	0.688598	0.681095	0.681757	0.686736	0.522783	0.522794	0.523422	0.516794	0.5246	0.524752	0.632591	0.635007	0.638138	0.634674	0.64079	0.635046	0.499265	0.500569	0.516004	0.505459	0.498343	0.51873	0.442839	0.44251	0.444302	0.4446	0.442587	0.442318	0.30345	0.308783	0.310142	0.321305	0.309136	0.318941	0.644272	0.632707	0.63234	0.632052	0.642494	0.639656	0.611744	0.605679	0.624811	0.61145	0.620959	0.617292
ERR608119	0.344609	0.302007	0.345051	0.340417	0.301877	0.302932	0.305349	0.299056	0.299938	0.297575	0.298994	0.302962	0.32951	0.329696	0.323915	0.323566	0.324438	0.331236	0.322466	0.316822	0.324088	0.315678	0.313193	0.338856	0	0.241044	0.237672	0.261106	0.259216	0.263229	0.362258	0.353794	0.363101	0.361941	0.371671	0.452315	0.436665	0.371201	0.413695	0.361663	0.418589	0.409778	0.33181	0.387079	0.331182	0.323675	0.315426	0.324449	0.616306	0.618583	0.616101	0.598803	0.599415	0.622433	0.456362	0.456556	0.456753	0.455213	0.494808	0.45652	0.584561	0.582438	0.59565	0.581545	0.599384	0.580751	0.450372	0.451199	0.452332	0.454107	0.450624	0.45327	0.436722	0.437602	0.461718	0.463909	0.437968	0.458821	0.326858	0.332374	0.330589	0.307335	0.334772	0.309315	0.58812	0.569734	0.569311	0.568535	0.586981	0.582836	0.54284	0.540802	0.569392	0.542007	0.560383	0.554454
ERR608117	0.322845	0.301895	0.323262	0.319433	0.301908	0.299027	0.31696	0.306718	0.308947	0.303338	0.306878	0.313907	0.322543	0.322432	0.333422	0.332983	0.334056	0.323622	0.304632	0.302711	0.307279	0.302309	0.300491	0.317299	0.241044	0	0.240668	0.244946	0.244064	0.246369	0.358211	0.351492	0.359194	0.357494	0.365765	0.440528	0.428226	0.371196	0.407509	0.364477	0.411707	0.403813	0.320909	0.370278	0.321038	0.316107	0.309236	0.316814	0.625451	0.62701	0.625303	0.611837	0.612222	0.630983	0.464778	0.465091	0.46533	0.461969	0.492747	0.465262	0.581732	0.580658	0.591269	0.58003	0.594701	0.579438	0.453878	0.454956	0.459723	0.457485	0.453708	0.461405	0.428704	0.429153	0.447252	0.449463	0.429448	0.445009	0.313214	0.320495	0.319112	0.302834	0.322478	0.30391	0.592536	0.576182	0.575781	0.575133	0.591512	0.587796	0.548191	0.545572	0.571023	0.547364	0.563016	0.557624
ERR608118	0.342935	0.301165	0.343813	0.339241	0.303209	0.303824	0.311588	0.304158	0.304626	0.302956	0.30378	0.306556	0.330772	0.33142	0.327902	0.327462	0.328729	0.332619	0.323252	0.320522	0.327515	0.319735	0.31698	0.341097	0.237672	0.240668	0	0.257058	0.2543	0.261421	0.363597	0.353607	0.364679	0.362881	0.373911	0.457602	0.441486	0.372892	0.413965	0.361378	0.41891	0.410215	0.329379	0.388665	0.329328	0.319554	0.311924	0.320714	0.614522	0.617786	0.613972	0.596679	0.5971	0.62432	0.457088	0.457541	0.457729	0.456481	0.499163	0.456612	0.576319	0.573098	0.58765	0.572384	0.591384	0.571253	0.453068	0.453664	0.45176	0.454757	0.453278	0.452812	0.440316	0.441191	0.464658	0.467995	0.441492	0.46268	0.332118	0.340171	0.338116	0.311072	0.342875	0.313449	0.587269	0.568673	0.567993	0.567227	0.586967	0.582446	0.539494	0.539013	0.567173	0.538635	0.557237	0.551056
ERR608121	0.309887	0.314433	0.310351	0.307556	0.315742	0.30987	0.339885	0.326723	0.329628	0.32277	0.326986	0.335123	0.322314	0.322555	0.351926	0.351395	0.35294	0.322669	0.302562	0.307485	0.307881	0.307932	0.306351	0.310745	0.261106	0.244946	0.257058	0	0.237519	0.240096	0.354944	0.349116	0.355709	0.353277	0.361236	0.43166	0.423364	0.372941	0.399595	0.368318	0.402775	0.396783	0.311127	0.355537	0.311645	0.307847	0.304344	0.308055	0.6254	0.627144	0.62494	0.615407	0.615708	0.633432	0.473987	0.474086	0.474647	0.469657	0.492346	0.474049	0.566572	0.566477	0.574593	0.566075	0.577669	0.565915	0.458993	0.459787	0.466715	0.460576	0.458347	0.468953	0.431737	0.432049	0.441923	0.445744	0.432492	0.441816	0.317091	0.3279	0.327125	0.313588	0.329355	0.314052	0.589169	0.574841	0.574163	0.573651	0.588926	0.585221	0.544877	0.542715	0.564003	0.544174	0.556393	0.551719
ERR608122	0.311166	0.312858	0.312134	0.309078	0.314344	0.308815	0.337743	0.324669	0.32741	0.320986	0.325043	0.332858	0.322062	0.322187	0.35004	0.349539	0.350981	0.322565	0.303126	0.30785	0.308808	0.308166	0.306694	0.312293	0.259216	0.244064	0.2543	0.237519	0	0.240374	0.354596	0.348363	0.355184	0.353001	0.361249	0.433084	0.423811	0.3716	0.399172	0.366394	0.402756	0.396283	0.311497	0.35727	0.31181	0.307605	0.303792	0.307777	0.623804	0.625538	0.623179	0.613467	0.613675	0.632056	0.47233	0.47259	0.473175	0.46836	0.492346	0.47258	0.566351	0.56594	0.574443	0.565339	0.577619	0.565246	0.458082	0.458875	0.465161	0.459267	0.457434	0.467298	0.432259	0.432376	0.443235	0.446962	0.432888	0.443167	0.317994	0.328493	0.327741	0.313074	0.330254	0.313504	0.587939	0.573394	0.572702	0.572242	0.58787	0.584127	0.543674	0.541754	0.563244	0.542928	0.555509	0.550708
ERR608120	0.307172	0.316624	0.307536	0.305204	0.316925	0.310442	0.340069	0.326508	0.330026	0.322344	0.327083	0.336611	0.322403	0.322192	0.352821	0.352501	0.353794	0.322655	0.299701	0.303768	0.303408	0.304231	0.303309	0.30606	0.263229	0.246369	0.261421	0.240096	0.240374	0	0.354144	0.350658	0.354834	0.353442	0.359758	0.425278	0.417924	0.372768	0.398308	0.370237	0.401607	0.395451	0.311939	0.350552	0.311777	0.311153	0.306993	0.311209	0.628986	0.629504	0.628541	0.619863	0.620181	0.633251	0.475889	0.476101	0.476534	0.471167	0.488925	0.476948	0.571925	0.572867	0.579359	0.572253	0.582303	0.57252	0.459235	0.460377	0.470254	0.462078	0.458596	0.472645	0.428877	0.429103	0.43729	0.440406	0.429426	0.437036	0.312604	0.321787	0.321282	0.312605	0.323097	0.312835	0.590773	0.577328	0.576756	0.576432	0.590131	0.586738	0.548818	0.545476	0.566182	0.548404	0.559977	0.555459
ERR608590	0.357161	0.356952	0.356867	0.356362	0.355711	0.355152	0.359671	0.354023	0.354909	0.352614	0.353869	0.359028	0.346265	0.34687	0.372396	0.372567	0.373386	0.345817	0.364247	0.365956	0.367516	0.365379	0.363651	0.370829	0.362258	0.358211	0.363597	0.354944	0.354596	0.354144	0	0.269742	0.267075	0.268692	0.27225	0.342905	0.365175	0.334768	0.343064	0.339434	0.345524	0.342012	0.31554	0.337284	0.314954	0.319223	0.320861	0.31817	0.549595	0.547974	0.550099	0.546424	0.547247	0.550304	0.471386	0.470418	0.471866	0.463472	0.455723	0.47361	0.550964	0.555831	0.554266	0.554939	0.556089	0.556808	0.454208	0.455147	0.468302	0.455496	0.453675	0.47021	0.475851	0.477016	0.485293	0.489579	0.476715	0.487538	0.36747	0.374747	0.373188	0.356423	0.376508	0.35763	0.518387	0.507679	0.50753	0.506672	0.516818	0.514319	0.49732	0.491268	0.505945	0.496698	0.503363	0.50034
ERR608587	0.357183	0.347466	0.357038	0.356095	0.347472	0.347843	0.351579	0.3469	0.34706	0.345189	0.346419	0.349367	0.34286	0.343546	0.363984	0.3639	0.365243	0.343261	0.362124	0.363892	0.366937	0.363104	0.360953	0.371654	0.353794	0.351492	0.353607	0.349116	0.348363	0.350658	0.269742	0	0.27071	0.269506	0.27457	0.35547	0.373366	0.332256	0.346314	0.333474	0.349295	0.344555	0.314185	0.346049	0.314441	0.31457	0.31578	0.31397	0.547392	0.54791	0.547887	0.542103	0.542815	0.553231	0.465199	0.464557	0.465848	0.458042	0.460015	0.466223	0.54934	0.552713	0.553644	0.551568	0.556106	0.553141	0.451529	0.452499	0.461575	0.451688	0.451074	0.463228	0.475369	0.476537	0.488138	0.492949	0.476504	0.490232	0.367443	0.37571	0.374209	0.351221	0.378002	0.353067	0.519208	0.506456	0.506125	0.505099	0.518451	0.515075	0.494052	0.489713	0.506465	0.49322	0.502011	0.498037
ERR608589	0.358053	0.35865	0.357439	0.357083	0.357192	0.356609	0.36075	0.355166	0.356013	0.353499	0.354973	0.360234	0.347462	0.347875	0.374022	0.374001	0.374932	0.347191	0.364535	0.366287	0.367649	0.365669	0.364073	0.37094	0.363101	0.359194	0.364679	0.355709	0.355184	0.354834	0.267075	0.27071	0	0.268983	0.272123	0.341323	0.363398	0.335329	0.342337	0.340404	0.344948	0.34119	0.316056	0.336092	0.315415	0.319903	0.321951	0.318934	0.549513	0.547657	0.549855	0.546895	0.547675	0.549806	0.472619	0.471629	0.47293	0.464468	0.455401	0.474788	0.551485	0.556893	0.554417	0.555796	0.556573	0.557954	0.454939	0.456038	0.469552	0.456425	0.454223	0.471629	0.476447	0.477476	0.485514	0.48954	0.477206	0.487692	0.368114	0.374978	0.37344	0.357245	0.376937	0.358524	0.517645	0.507514	0.507272	0.506326	0.51621	0.513615	0.497602	0.491292	0.50556	0.496913	0.503139	0.500287
ERR608588	0.35596	0.356107	0.355889	0.355388	0.355426	0.354247	0.361443	0.356023	0.357052	0.354001	0.355831	0.360394	0.347182	0.347658	0.374316	0.37436	0.375137	0.347099	0.363675	0.365323	0.367325	0.364542	0.36296	0.369996	0.361941	0.357494	0.362881	0.353277	0.353001	0.353442	0.268692	0.269506	0.268983	0	0.272416	0.342706	0.364687	0.335029	0.342356	0.34	0.344772	0.341354	0.315354	0.33647	0.314886	0.31829	0.321066	0.317318	0.550737	0.549695	0.551371	0.548372	0.54902	0.553203	0.473691	0.472921	0.474196	0.465422	0.457081	0.475221	0.550827	0.555761	0.553784	0.554873	0.555762	0.556779	0.456214	0.457349	0.470122	0.457446	0.455488	0.472352	0.476333	0.477348	0.485817	0.489943	0.477212	0.488012	0.368141	0.375372	0.373763	0.356801	0.377128	0.358012	0.519668	0.508923	0.508551	0.507761	0.518218	0.515463	0.497573	0.491515	0.505778	0.496678	0.502768	0.499824
ERR608586	0.359264	0.366228	0.358746	0.358616	0.364477	0.362752	0.371273	0.365491	0.367177	0.362492	0.365656	0.371123	0.35377	0.354103	0.384084	0.384083	0.384883	0.353468	0.367487	0.369051	0.370239	0.368481	0.367213	0.371191	0.371671	0.365765	0.373911	0.361236	0.361249	0.359758	0.27225	0.27457	0.272123	0.272416	0	0.328666	0.356424	0.339716	0.341662	0.347634	0.343776	0.341177	0.320169	0.330292	0.320357	0.327008	0.330178	0.32575	0.554321	0.552079	0.555357	0.554168	0.555029	0.552885	0.481918	0.480997	0.482317	0.472655	0.454647	0.484039	0.557436	0.563935	0.559163	0.562947	0.560979	0.565261	0.462127	0.463433	0.47909	0.464259	0.461262	0.481328	0.479604	0.480654	0.486759	0.490338	0.480333	0.488905	0.370533	0.37677	0.375794	0.363734	0.37845	0.364454	0.521276	0.512201	0.512046	0.511376	0.519196	0.517142	0.502754	0.495306	0.507513	0.501817	0.506051	0.503504
ERR608585	0.408907	0.447394	0.406977	0.410046	0.443484	0.438372	0.455345	0.448024	0.451639	0.443333	0.448828	0.457957	0.424579	0.423892	0.466895	0.466988	0.467384	0.422798	0.423621	0.425146	0.421867	0.425452	0.4262	0.414079	0.452315	0.440528	0.457602	0.43166	0.433084	0.425278	0.342905	0.35547	0.341323	0.342706	0.328666	0	0.359718	0.406622	0.383347	0.425021	0.38208	0.385065	0.386034	0.343424	0.386918	0.404049	0.409317	0.401227	0.601794	0.593402	0.604129	0.612199	0.61311	0.583023	0.551572	0.550337	0.551784	0.539135	0.479703	0.555253	0.60714	0.619275	0.603048	0.618525	0.603041	0.622377	0.522662	0.524865	0.551324	0.529024	0.520877	0.554364	0.522943	0.523073	0.514877	0.514609	0.52245	0.516816	0.423595	0.423178	0.424109	0.435417	0.423308	0.43393	0.557618	0.557986	0.558413	0.557923	0.552435	0.553389	0.55638	0.543187	0.54334	0.554932	0.548932	0.54976
ERR608871	0.396217	0.418601	0.394234	0.395784	0.415272	0.411908	0.443411	0.438011	0.440528	0.434052	0.438523	0.445565	0.418546	0.418137	0.451669	0.451928	0.452223	0.417236	0.40948	0.409236	0.40845	0.409216	0.40949	0.405044	0.436665	0.428226	0.441486	0.423364	0.423811	0.417924	0.365175	0.373366	0.363398	0.364687	0.356424	0.359718	0	0.315112	0.296753	0.335852	0.295738	0.296487	0.378966	0.356987	0.378497	0.392649	0.396114	0.390316	0.600435	0.594825	0.602199	0.604345	0.605354	0.587545	0.540615	0.539968	0.540871	0.5306	0.49069	0.544199	0.610651	0.620116	0.609892	0.619066	0.6108	0.621779	0.513922	0.515839	0.537943	0.519636	0.512666	0.540485	0.528571	0.529214	0.529228	0.529613	0.528772	0.530227	0.428874	0.429703	0.429798	0.433326	0.430648	0.432773	0.562841	0.557892	0.558173	0.557606	0.558905	0.557913	0.553983	0.543277	0.550232	0.553076	0.553028	0.552013
ERR608872	0.36844	0.350035	0.368118	0.366163	0.349314	0.35083	0.373948	0.371386	0.371324	0.370096	0.371149	0.373051	0.369629	0.370092	0.383146	0.383237	0.383892	0.369426	0.371446	0.370802	0.374847	0.370217	0.368035	0.381398	0.371201	0.371196	0.372892	0.372941	0.3716	0.372768	0.334768	0.332256	0.335329	0.335029	0.339716	0.406622	0.315112	0	0.286731	0.264952	0.29017	0.283605	0.340053	0.371881	0.339294	0.339391	0.338757	0.339257	0.574136	0.575025	0.574553	0.564645	0.565356	0.57846	0.484808	0.484445	0.485103	0.479522	0.488408	0.486291	0.581326	0.583531	0.587367	0.582535	0.590309	0.583265	0.470266	0.47071	0.478794	0.471402	0.469938	0.480432	0.501694	0.503027	0.516337	0.520073	0.502749	0.51739	0.39706	0.403455	0.401807	0.381457	0.405514	0.383484	0.549152	0.534052	0.533855	0.532792	0.547914	0.544079	0.522353	0.518434	0.53873	0.521736	0.533651	0.52931
ERR608875	0.382201	0.393379	0.381272	0.381999	0.39286	0.391187	0.422752	0.417591	0.41837	0.415226	0.417457	0.421575	0.397334	0.397784	0.428903	0.429142	0.429739	0.396541	0.39764	0.401345	0.401866	0.401151	0.399997	0.401261	0.413695	0.407509	0.413965	0.399595	0.399172	0.398308	0.343064	0.346314	0.342337	0.342356	0.341662	0.383347	0.296753	0.286731	0	0.300472	0.272351	0.271399	0.352459	0.358328	0.351485	0.357923	0.36332	0.35712	0.571422	0.569843	0.571583	0.57173	0.572519	0.573044	0.517331	0.516864	0.517981	0.509513	0.491768	0.519367	0.575108	0.58175	0.576175	0.580728	0.577727	0.582932	0.496076	0.497016	0.510771	0.496039	0.495059	0.512989	0.524142	0.52523	0.530008	0.534386	0.524913	0.533093	0.424862	0.432354	0.431198	0.418374	0.433754	0.419524	0.540408	0.532066	0.531779	0.531193	0.539301	0.536716	0.523249	0.517461	0.52689	0.522676	0.525859	0.523801
ERR608873	0.371021	0.339359	0.371028	0.368547	0.340182	0.343339	0.362947	0.361499	0.360413	0.361117	0.360967	0.360765	0.366493	0.367483	0.371947	0.372185	0.372875	0.367449	0.37078	0.370023	0.375425	0.369115	0.366467	0.383914	0.361663	0.364477	0.361378	0.368318	0.366394	0.370237	0.339434	0.333474	0.340404	0.34	0.347634	0.425021	0.335852	0.264952	0.300472	0	0.304862	0.296472	0.342331	0.386149	0.34125	0.336648	0.334677	0.337215	0.574473	0.577059	0.574501	0.560357	0.561146	0.583366	0.475598	0.475497	0.476197	0.472392	0.495269	0.476406	0.579203	0.579121	0.587415	0.578199	0.590677	0.578167	0.465856	0.465929	0.468728	0.465547	0.465751	0.469746	0.500652	0.50211	0.518747	0.523257	0.50188	0.519818	0.397736	0.40521	0.403366	0.376587	0.407825	0.37954	0.552901	0.535164	0.534806	0.533818	0.552585	0.547848	0.520928	0.519083	0.542879	0.520514	0.535697	0.530386
ERR608876	0.383674	0.398296	0.38259	0.383765	0.397599	0.395618	0.42783	0.422278	0.423332	0.42007	0.422414	0.426723	0.400455	0.401071	0.433701	0.43382	0.434473	0.399676	0.400596	0.404363	0.404679	0.404741	0.403356	0.403172	0.418589	0.411707	0.41891	0.402775	0.402756	0.401607	0.345524	0.349295	0.344948	0.344772	0.343776	0.38208	0.295738	0.29017	0.272351	0.304862	0	0.272132	0.354841	0.358306	0.354143	0.361402	0.366785	0.360258	0.572874	0.571126	0.573196	0.574221	0.575029	0.574049	0.521039	0.520551	0.521779	0.512872	0.492276	0.523221	0.576328	0.583405	0.57693	0.582581	0.578346	0.585067	0.499057	0.500224	0.514632	0.49896	0.498005	0.516744	0.526311	0.527369	0.531061	0.535276	0.527058	0.534101	0.427405	0.434788	0.433918	0.422034	0.436302	0.422965	0.541357	0.533493	0.533277	0.532789	0.540173	0.53766	0.524973	0.519103	0.527617	0.524512	0.526928	0.525216
ERR608874	0.380255	0.389557	0.379155	0.379715	0.388933	0.387468	0.418653	0.413567	0.414305	0.411521	0.413464	0.417475	0.394312	0.394877	0.424627	0.424793	0.425488	0.393747	0.394564	0.397658	0.398568	0.397728	0.396196	0.398296	0.409778	0.403813	0.410215	0.396783	0.396283	0.395451	0.342012	0.344555	0.34119	0.341354	0.341177	0.385065	0.296487	0.283605	0.271399	0.296472	0.272132	0	0.350425	0.35842	0.34925	0.355946	0.360542	0.354745	0.571907	0.570556	0.57191	0.571345	0.572099	0.57346	0.514566	0.514045	0.515192	0.506788	0.491152	0.516697	0.576034	0.582427	0.577633	0.581477	0.579479	0.583683	0.493659	0.494484	0.507816	0.493669	0.492429	0.510209	0.52204	0.523175	0.528594	0.532703	0.522812	0.531499	0.421958	0.429318	0.42814	0.414959	0.430966	0.416029	0.541488	0.532458	0.532247	0.531587	0.540361	0.53769	0.523385	0.517758	0.528089	0.522885	0.526716	0.524706
ERR608568	0.322693	0.336337	0.322361	0.32217	0.336509	0.33285	0.357248	0.348064	0.349652	0.345473	0.347961	0.354174	0.32507	0.325574	0.361523	0.36138	0.362596	0.324958	0.330103	0.336387	0.335745	0.336844	0.335126	0.335658	0.33181	0.320909	0.329379	0.311127	0.311497	0.311939	0.31554	0.314185	0.316056	0.315354	0.320169	0.386034	0.378966	0.340053	0.352459	0.342331	0.354841	0.350425	0	0.294041	0.258913	0.260347	0.261426	0.2598	0.58307	0.583165	0.582579	0.577525	0.577903	0.589115	0.478482	0.47803	0.479132	0.471864	0.476742	0.479808	0.550573	0.553382	0.555394	0.55255	0.558165	0.553879	0.46077	0.461409	0.472245	0.460644	0.459986	0.474625	0.464754	0.465626	0.471109	0.476003	0.465544	0.473537	0.340941	0.352051	0.35027	0.334758	0.353488	0.335441	0.550382	0.538368	0.537767	0.537229	0.549756	0.546584	0.518778	0.515139	0.531216	0.518421	0.526696	0.523364
ERR608567	0.34336	0.390855	0.341798	0.344554	0.388444	0.381447	0.412492	0.401874	0.405427	0.39723	0.402577	0.412422	0.366283	0.365633	0.416777	0.416954	0.417485	0.364349	0.359643	0.365986	0.361081	0.367222	0.367539	0.351946	0.387079	0.370278	0.388665	0.355537	0.35727	0.350552	0.337284	0.346049	0.336092	0.33647	0.330292	0.343424	0.356987	0.371881	0.358328	0.386149	0.358306	0.35842	0.294041	0	0.295013	0.311067	0.316009	0.308578	0.605893	0.601377	0.606468	0.609522	0.610138	0.59921	0.522713	0.521923	0.523151	0.512207	0.477629	0.52573	0.574182	0.583317	0.573287	0.582533	0.574461	0.585567	0.495109	0.496691	0.518959	0.498849	0.493465	0.522246	0.486346	0.486518	0.479176	0.481411	0.486203	0.481893	0.366445	0.371918	0.372124	0.378613	0.372329	0.377152	0.563303	0.55857	0.558567	0.558179	0.560427	0.559615	0.544997	0.535848	0.541966	0.544159	0.543636	0.542724
ERR608572	0.322842	0.336274	0.322498	0.322335	0.336233	0.332707	0.357224	0.348385	0.34978	0.345931	0.348113	0.354451	0.325245	0.325866	0.361025	0.361112	0.362165	0.324931	0.331197	0.336814	0.336566	0.33732	0.335381	0.336773	0.331182	0.321038	0.329328	0.311645	0.31181	0.311777	0.314954	0.314441	0.315415	0.314886	0.320357	0.386918	0.378497	0.339294	0.351485	0.34125	0.354143	0.34925	0.258913	0.295013	0	0.258702	0.261676	0.258335	0.583512	0.583665	0.582913	0.577581	0.57789	0.588701	0.478789	0.478375	0.479511	0.472353	0.478319	0.48036	0.550997	0.553927	0.55612	0.553026	0.558801	0.554252	0.461314	0.462027	0.472922	0.461163	0.460415	0.475185	0.467222	0.467976	0.47353	0.47832	0.467932	0.475934	0.342733	0.353543	0.351968	0.336477	0.35522	0.337338	0.551269	0.539126	0.538478	0.538026	0.550663	0.547536	0.519595	0.516092	0.532249	0.519393	0.528078	0.524785
