	ERR613041	ERR613042	ERR613046	ERR613045	ERR613043	ERR613044	ERR613219	ERR613217	ERR613220	ERR613215	ERR613216	ERR613218	ERR635337	ERR635335	ERR635338	ERR635336	ERR635339	ERR635334	ERR607762	ERR607759	ERR607761	ERR607760	ERR637124	ERR637123	ERR636697	ERR636702	ERR636699	ERR636700	ERR636701	ERR636698	ERR629929	ERR629932	ERR629933	ERR629928	ERR629931	ERR629930	ERR618242	ERR618239	ERR618241	ERR618237	ERR618238	ERR618240	ERR630257	ERR630259	ERR630255	ERR630258	ERR630254	ERR630256	ERR617378	ERR617374	ERR617376	ERR617375	ERR617377	ERR617373	ERR632075	ERR632076	ERR632077	ERR632074	ERR632078	ERR632073	ERR631301	ERR631297	ERR631302	ERR631298	ERR631300	ERR631299	ERR631724	ERR631719	ERR631721	ERR631722	ERR631723	ERR631720	ERR626612	ERR626610	ERR626611	ERR626613	ERR626608	ERR626609	ERR605559	ERR605557	ERR605562	ERR605561	ERR605558	ERR605560	ERR636931	ERR636935	ERR636934	ERR636936	ERR636933	ERR636932	ERR612837	ERR612841	ERR612842	ERR612840	ERR612839	ERR612838
ERR613041	0	0.252267	0.373114	0.365236	0.252445	0.381624	0.538054	0.504211	0.538505	0.50202	0.498852	0.544382	0.367782	0.336464	0.378739	0.330134	0.382825	0.366776	0.325071	0.325487	0.322524	0.324108	0.327971	0.320009	0.302344	0.30024	0.310806	0.299523	0.300529	0.315939	0.444822	0.447674	0.444583	0.438206	0.444617	0.437247	0.335983	0.339965	0.337039	0.334914	0.337605	0.339695	0.488626	0.494313	0.466309	0.480689	0.459166	0.474464	0.529622	0.537199	0.528712	0.536803	0.529746	0.528345	0.428847	0.425293	0.428186	0.422545	0.4289	0.422691	0.371044	0.3731	0.372375	0.379842	0.370876	0.368243	0.419955	0.420261	0.428551	0.422667	0.42354	0.418377	0.45599	0.453002	0.459128	0.460402	0.433407	0.437637	0.493238	0.48211	0.491043	0.488489	0.488531	0.490694	0.339683	0.322376	0.323049	0.323077	0.324801	0.327293	0.457244	0.480836	0.480042	0.475558	0.45867	0.488259
ERR613042	0.252267	0	0.34618	0.339068	0.246702	0.355574	0.539146	0.514686	0.539598	0.518741	0.511767	0.543311	0.351835	0.33065	0.360671	0.330175	0.363938	0.351251	0.322036	0.341669	0.321009	0.32204	0.345455	0.33382	0.313828	0.305254	0.327574	0.306219	0.304907	0.335087	0.447673	0.446566	0.44434	0.447311	0.444504	0.4455	0.350415	0.357852	0.351191	0.348813	0.352418	0.357182	0.486877	0.489943	0.469369	0.481264	0.466926	0.475866	0.542705	0.546277	0.541604	0.545816	0.542506	0.535156	0.438539	0.424037	0.424168	0.428833	0.424289	0.422389	0.378874	0.38257	0.380544	0.388926	0.379034	0.382838	0.426912	0.427985	0.44009	0.431346	0.43261	0.423594	0.456166	0.449675	0.458803	0.459571	0.441741	0.441805	0.491247	0.484246	0.491127	0.488939	0.488495	0.490927	0.334811	0.32326	0.323522	0.323375	0.32537	0.330176	0.463375	0.478479	0.478614	0.474754	0.460514	0.481694
ERR613046	0.373114	0.34618	0	0.27	0.345433	0.272551	0.526066	0.541638	0.526908	0.563422	0.547423	0.521417	0.388795	0.403769	0.382941	0.419878	0.380423	0.388138	0.404881	0.46114	0.407861	0.406574	0.465827	0.450513	0.426352	0.408457	0.448899	0.412269	0.406854	0.457468	0.496483	0.484953	0.48589	0.519213	0.487938	0.515571	0.45238	0.466912	0.450948	0.453331	0.453269	0.463921	0.500229	0.495537	0.512242	0.506151	0.52885	0.507394	0.589861	0.576805	0.588679	0.577396	0.588758	0.563526	0.528189	0.491402	0.48226	0.511375	0.478916	0.492371	0.447106	0.454271	0.448593	0.454825	0.447513	0.47379	0.510973	0.513219	0.53064	0.518623	0.520559	0.502608	0.489652	0.478725	0.488135	0.487953	0.516746	0.500067	0.501949	0.514063	0.509777	0.510316	0.509213	0.51001	0.392283	0.409508	0.409219	0.40887	0.408287	0.415167	0.527466	0.49831	0.501564	0.502556	0.511014	0.484094
ERR613045	0.365236	0.339068	0.27	0	0.337842	0.272282	0.522096	0.536069	0.523011	0.557258	0.541529	0.517828	0.38388	0.397338	0.378835	0.413323	0.376157	0.383125	0.398393	0.453694	0.401273	0.399865	0.458381	0.443219	0.418781	0.401193	0.441312	0.405001	0.399823	0.449606	0.49128	0.480354	0.480859	0.51346	0.483097	0.509652	0.445016	0.459225	0.443386	0.445956	0.445582	0.456381	0.49614	0.492349	0.506993	0.501318	0.523159	0.502553	0.584364	0.571698	0.583233	0.572346	0.583183	0.558817	0.522596	0.486609	0.477733	0.505893	0.474283	0.487512	0.440273	0.44724	0.441676	0.447903	0.440654	0.466615	0.505302	0.507522	0.52473	0.512848	0.514736	0.497041	0.484592	0.473489	0.482925	0.482827	0.510599	0.494134	0.49794	0.50905	0.505141	0.505526	0.50479	0.505451	0.385331	0.402614	0.402043	0.401797	0.401368	0.407818	0.522009	0.493879	0.497069	0.497867	0.505979	0.480853
ERR613043	0.252445	0.246702	0.345433	0.337842	0	0.354532	0.538326	0.513944	0.539039	0.518534	0.511553	0.542474	0.350477	0.330107	0.359497	0.329531	0.362671	0.350581	0.322404	0.342156	0.321451	0.322595	0.346206	0.334409	0.314369	0.305876	0.328168	0.306875	0.305622	0.336045	0.447228	0.446552	0.444068	0.447472	0.444395	0.445786	0.349993	0.357672	0.350825	0.348277	0.351855	0.356953	0.48649	0.489683	0.469014	0.480941	0.466737	0.475876	0.542808	0.546171	0.541746	0.545652	0.542591	0.535096	0.438678	0.423531	0.423585	0.42892	0.423686	0.422409	0.37873	0.382516	0.380641	0.388874	0.378844	0.38308	0.427404	0.428493	0.440748	0.431954	0.433141	0.424213	0.456519	0.449809	0.459033	0.459958	0.442316	0.442166	0.490992	0.484058	0.490968	0.488655	0.488183	0.490679	0.33443	0.323324	0.323575	0.323553	0.325323	0.330618	0.464064	0.478777	0.478795	0.47517	0.460761	0.48222
ERR613044	0.381624	0.355574	0.272551	0.272282	0.354532	0	0.521572	0.539063	0.522139	0.561692	0.545503	0.516303	0.398517	0.412491	0.392347	0.428839	0.389366	0.397348	0.412672	0.469013	0.415602	0.414149	0.473279	0.458413	0.433915	0.416835	0.456558	0.420579	0.415327	0.464687	0.501013	0.489808	0.490867	0.524374	0.493049	0.520595	0.459311	0.473509	0.457432	0.460833	0.459516	0.470342	0.502562	0.498544	0.516409	0.508447	0.533418	0.510553	0.590849	0.57674	0.589658	0.577446	0.589593	0.564216	0.535471	0.49981	0.490624	0.518743	0.486944	0.500659	0.451622	0.458817	0.452962	0.458545	0.452131	0.479559	0.517799	0.519797	0.536924	0.525258	0.527329	0.509175	0.492595	0.482715	0.490454	0.490599	0.522217	0.504721	0.503545	0.516359	0.511084	0.512068	0.511515	0.511705	0.398544	0.417609	0.417093	0.416822	0.416096	0.422167	0.532506	0.500601	0.503882	0.505324	0.515802	0.48622
ERR613219	0.538054	0.539146	0.526066	0.522096	0.538326	0.521572	0	0.310049	0.283648	0.34492	0.324205	0.28702	0.594285	0.576812	0.594644	0.574468	0.592826	0.596809	0.580856	0.564584	0.578999	0.579781	0.563586	0.564302	0.543479	0.549029	0.546116	0.54802	0.54811	0.545643	0.533505	0.535473	0.537543	0.554937	0.539281	0.55359	0.517827	0.523206	0.513224	0.523905	0.512256	0.520977	0.501301	0.509039	0.521805	0.504241	0.539614	0.510974	0.512012	0.491455	0.510643	0.491716	0.510703	0.489716	0.606189	0.608972	0.606744	0.604073	0.60495	0.610917	0.487932	0.487888	0.486367	0.481593	0.487536	0.514341	0.606279	0.605186	0.605167	0.605727	0.605817	0.605936	0.534701	0.540354	0.53271	0.532317	0.574186	0.556129	0.49188	0.500673	0.492126	0.49418	0.496792	0.491975	0.536831	0.555224	0.555888	0.555968	0.549995	0.544938	0.558389	0.52136	0.522444	0.524264	0.547679	0.518463
ERR613217	0.504211	0.514686	0.541638	0.536069	0.513944	0.539063	0.310049	0	0.310901	0.281139	0.272884	0.324258	0.584558	0.556061	0.588836	0.546464	0.588522	0.587507	0.55869	0.518939	0.555132	0.556753	0.516467	0.521788	0.50317	0.516403	0.498899	0.513598	0.515894	0.495767	0.505768	0.514885	0.51553	0.515055	0.516331	0.515095	0.472354	0.47199	0.467951	0.478299	0.465876	0.471383	0.490707	0.503103	0.495296	0.487224	0.502394	0.490268	0.472255	0.464211	0.470877	0.463767	0.471437	0.465393	0.565087	0.582228	0.584063	0.568123	0.583656	0.583837	0.451826	0.448583	0.449984	0.444107	0.451285	0.46635	0.571068	0.568901	0.563492	0.567921	0.567406	0.573641	0.515521	0.524643	0.515287	0.515601	0.535917	0.525753	0.479986	0.476778	0.475037	0.475505	0.478408	0.47443	0.516765	0.526466	0.527271	0.527589	0.521259	0.514262	0.522147	0.505886	0.505229	0.504899	0.518996	0.512776
ERR613220	0.538505	0.539598	0.526908	0.523011	0.539039	0.522139	0.283648	0.310901	0	0.345237	0.324536	0.287328	0.59489	0.577125	0.594953	0.574759	0.593331	0.597383	0.580788	0.564843	0.579082	0.579542	0.563907	0.564654	0.543532	0.549283	0.546448	0.54835	0.548277	0.545756	0.533796	0.535752	0.537882	0.55518	0.539519	0.553622	0.518316	0.523624	0.513696	0.524474	0.512821	0.521407	0.501591	0.509415	0.522278	0.504549	0.539961	0.511413	0.511562	0.490615	0.510286	0.491221	0.510202	0.489337	0.606454	0.609406	0.607023	0.604317	0.605221	0.611346	0.488018	0.488066	0.486483	0.481488	0.48783	0.514486	0.606523	0.605337	0.605229	0.605951	0.605959	0.605977	0.534402	0.540334	0.532184	0.531786	0.574236	0.556183	0.491942	0.500877	0.492	0.494264	0.49689	0.491865	0.536805	0.555539	0.556027	0.556207	0.550151	0.545066	0.55907	0.521536	0.522801	0.524761	0.548518	0.518936
ERR613215	0.50202	0.518741	0.563422	0.557258	0.518534	0.561692	0.34492	0.281139	0.345237	0	0.27218	0.362318	0.594712	0.560248	0.600463	0.547162	0.600826	0.597294	0.561058	0.507977	0.556712	0.55864	0.50344	0.512877	0.496136	0.51429	0.487353	0.510372	0.513939	0.480975	0.507404	0.520818	0.520666	0.507598	0.520717	0.508434	0.463281	0.458383	0.459149	0.46932	0.456281	0.458318	0.502721	0.517541	0.498898	0.495915	0.49853	0.497051	0.463021	0.464446	0.461976	0.463976	0.462481	0.468607	0.556335	0.583392	0.587565	0.563003	0.587947	0.584214	0.449298	0.444049	0.447082	0.440075	0.448424	0.454105	0.56492	0.561912	0.552363	0.560007	0.559268	0.568931	0.519269	0.531678	0.519998	0.520968	0.528007	0.523508	0.491307	0.481369	0.483335	0.482884	0.486097	0.482789	0.52103	0.526023	0.526928	0.527447	0.521233	0.512153	0.515544	0.511821	0.510221	0.508462	0.517828	0.524013
ERR613216	0.498852	0.511767	0.547423	0.541529	0.511553	0.545503	0.324205	0.272884	0.324536	0.27218	0	0.339987	0.58439	0.553452	0.589311	0.542331	0.589227	0.587117	0.555969	0.509919	0.551918	0.553723	0.506764	0.513716	0.495866	0.510904	0.489402	0.507636	0.510653	0.485298	0.502845	0.513626	0.513777	0.508442	0.514282	0.508758	0.464016	0.462027	0.459858	0.469563	0.457566	0.46169	0.49198	0.505196	0.492596	0.486904	0.496557	0.489144	0.466086	0.462396	0.464898	0.461833	0.465542	0.464086	0.557591	0.578525	0.58149	0.562184	0.581457	0.579746	0.447017	0.443007	0.445096	0.438963	0.446429	0.457534	0.564463	0.561971	0.555234	0.560588	0.559998	0.567992	0.514127	0.524208	0.514224	0.514882	0.529114	0.521481	0.48191	0.475563	0.475764	0.475729	0.478592	0.475139	0.514479	0.521901	0.522672	0.523028	0.516886	0.509171	0.515857	0.505425	0.504436	0.503332	0.514957	0.514088
ERR613218	0.544382	0.543311	0.521417	0.517828	0.542474	0.516303	0.28702	0.324258	0.287328	0.362318	0.339987	0	0.595626	0.581	0.59511	0.580244	0.593201	0.597947	0.585357	0.573418	0.583983	0.584561	0.572927	0.572567	0.551449	0.555512	0.555365	0.554812	0.554584	0.55568	0.540052	0.539946	0.542359	0.563499	0.544347	0.561755	0.526813	0.533397	0.522334	0.532879	0.521756	0.530813	0.504608	0.510736	0.527835	0.50886	0.547375	0.516165	0.522322	0.499734	0.520876	0.500312	0.520746	0.497116	0.613875	0.61365	0.610587	0.61064	0.608422	0.615557	0.496712	0.497418	0.495468	0.491222	0.496558	0.524785	0.612642	0.611939	0.612967	0.612774	0.612941	0.611908	0.540445	0.544541	0.537861	0.537608	0.582319	0.56323	0.496767	0.50818	0.498313	0.500775	0.503213	0.498461	0.542072	0.56153	0.56201	0.562195	0.556336	0.552352	0.565798	0.525932	0.527513	0.52965	0.55409	0.52068
ERR635337	0.367782	0.351835	0.388795	0.38388	0.350477	0.398517	0.594285	0.584558	0.59489	0.594712	0.58439	0.595626	0	0.259345	0.243585	0.274272	0.246077	0.245535	0.321029	0.381011	0.32305	0.322358	0.387682	0.369938	0.349934	0.330006	0.372922	0.334112	0.328788	0.383385	0.475106	0.467521	0.465639	0.48285	0.466447	0.480339	0.378464	0.391177	0.378779	0.374931	0.381452	0.390026	0.511535	0.510242	0.500077	0.510209	0.50327	0.505793	0.597663	0.598041	0.596545	0.597374	0.597358	0.583736	0.472199	0.434168	0.428389	0.45631	0.427026	0.436732	0.418801	0.425457	0.421204	0.431499	0.419977	0.431097	0.460374	0.462082	0.480924	0.467592	0.469739	0.453787	0.486149	0.472408	0.488132	0.488575	0.479686	0.475956	0.534474	0.533169	0.536822	0.53462	0.533308	0.536812	0.324431	0.324567	0.324048	0.32356	0.32504	0.33611	0.526926	0.534399	0.534971	0.532596	0.520045	0.532412
ERR635335	0.336464	0.33065	0.403769	0.397338	0.330107	0.412491	0.576812	0.556061	0.577125	0.560248	0.553452	0.581	0.259345	0	0.270184	0.241027	0.27405	0.258452	0.296365	0.33947	0.296264	0.296276	0.344086	0.329149	0.309694	0.295933	0.329804	0.298538	0.295109	0.337581	0.458902	0.45789	0.454861	0.457457	0.455002	0.455977	0.340934	0.349521	0.34115	0.338036	0.342519	0.348515	0.503388	0.507371	0.485535	0.49828	0.481836	0.492479	0.570855	0.575633	0.569856	0.574986	0.570827	0.56488	0.445054	0.424081	0.422874	0.432543	0.422604	0.423051	0.390667	0.395348	0.392385	0.401803	0.391429	0.395477	0.435767	0.436642	0.451446	0.441481	0.443219	0.43037	0.471873	0.464066	0.47481	0.475445	0.454795	0.456265	0.524173	0.516632	0.523391	0.520884	0.520275	0.523157	0.308351	0.298575	0.298805	0.299058	0.3005	0.307011	0.505452	0.523155	0.522979	0.519243	0.503684	0.527224
ERR635338	0.378739	0.360671	0.382941	0.378835	0.359497	0.392347	0.594644	0.588836	0.594953	0.600463	0.589311	0.59511	0.243585	0.270184	0	0.288416	0.244022	0.248508	0.329823	0.395437	0.332801	0.331305	0.402055	0.383678	0.363466	0.341898	0.387379	0.346781	0.340814	0.397919	0.479601	0.471226	0.469665	0.490027	0.470413	0.487413	0.391477	0.405031	0.391215	0.38838	0.394182	0.403713	0.512587	0.511134	0.504621	0.512597	0.5101	0.509018	0.603021	0.601662	0.602078	0.601158	0.602675	0.587213	0.482576	0.441608	0.434384	0.465635	0.432407	0.444248	0.425887	0.432864	0.4281	0.438067	0.42683	0.441032	0.469477	0.471472	0.490978	0.477211	0.479434	0.462022	0.488198	0.474195	0.489627	0.489883	0.487362	0.481146	0.535229	0.536346	0.538679	0.536621	0.535268	0.538697	0.328372	0.333869	0.333405	0.332796	0.334055	0.344425	0.53355	0.535993	0.537171	0.535254	0.525313	0.532561
ERR635336	0.330134	0.330175	0.419878	0.413323	0.329531	0.428839	0.574468	0.546464	0.574759	0.547162	0.542331	0.580244	0.274272	0.241027	0.288416	0	0.293493	0.274869	0.298445	0.32273	0.296728	0.297933	0.326938	0.314349	0.298457	0.290125	0.313127	0.291214	0.289756	0.320209	0.45694	0.458515	0.455049	0.450786	0.454905	0.449907	0.327108	0.332338	0.327363	0.323185	0.328238	0.332536	0.504366	0.509786	0.481941	0.497342	0.474584	0.490698	0.561291	0.569346	0.560098	0.568357	0.561461	0.559194	0.43496	0.422981	0.425164	0.426212	0.425828	0.422047	0.3854	0.388717	0.387033	0.396018	0.386023	0.385015	0.429437	0.429554	0.441515	0.433512	0.434808	0.426357	0.474054	0.467933	0.477587	0.478428	0.449698	0.454847	0.5243	0.513448	0.522008	0.519071	0.518571	0.521631	0.314379	0.297677	0.298044	0.29835	0.299949	0.304991	0.500684	0.524778	0.524164	0.519761	0.501559	0.531628
ERR635339	0.382825	0.363938	0.380423	0.376157	0.362671	0.389366	0.592826	0.588522	0.593331	0.600826	0.589227	0.593201	0.246077	0.27405	0.244022	0.293493	0	0.250569	0.33343	0.400041	0.3366	0.335096	0.406564	0.388551	0.368062	0.346587	0.392415	0.351097	0.345371	0.402943	0.480774	0.472014	0.470377	0.492102	0.471313	0.489422	0.395222	0.409174	0.395148	0.392635	0.397701	0.407404	0.512389	0.510568	0.505687	0.512559	0.51173	0.509212	0.603734	0.60169	0.602779	0.60129	0.603362	0.587429	0.486307	0.445086	0.437312	0.469036	0.435119	0.447422	0.427962	0.434898	0.429918	0.439824	0.428805	0.444109	0.472874	0.474828	0.494304	0.480663	0.482817	0.465027	0.488455	0.474318	0.489784	0.490063	0.489625	0.482665	0.534913	0.536448	0.538467	0.536627	0.535243	0.538596	0.330324	0.337533	0.337059	0.336825	0.337428	0.348139	0.535009	0.535691	0.536819	0.534958	0.526313	0.53165
ERR635334	0.366776	0.351251	0.388138	0.383125	0.350581	0.397348	0.596809	0.587507	0.597383	0.597294	0.587117	0.597947	0.245535	0.258452	0.248508	0.274869	0.250569	0	0.318898	0.38137	0.321276	0.319941	0.387604	0.369696	0.35012	0.329356	0.373741	0.333686	0.32828	0.383888	0.47565	0.46832	0.466289	0.482213	0.466955	0.479901	0.380749	0.393673	0.381026	0.377101	0.383679	0.391882	0.511747	0.511214	0.50106	0.510435	0.503672	0.505799	0.599225	0.599581	0.59821	0.59925	0.598947	0.585669	0.471764	0.435393	0.429593	0.455199	0.427895	0.435023	0.420271	0.426985	0.422425	0.43289	0.421097	0.432222	0.45877	0.460615	0.479434	0.466173	0.468282	0.451704	0.485353	0.472727	0.487269	0.487563	0.4792	0.475306	0.535635	0.533975	0.538333	0.536084	0.534415	0.538205	0.323272	0.323961	0.323501	0.323266	0.325118	0.335458	0.527005	0.534495	0.53538	0.532912	0.520445	0.532507
ERR607762	0.325071	0.322036	0.404881	0.398393	0.322404	0.412672	0.580856	0.55869	0.580788	0.561058	0.555969	0.585357	0.321029	0.296365	0.329823	0.298445	0.33343	0.318898	0	0.286565	0.228074	0.22747	0.289507	0.27282	0.297768	0.286444	0.320455	0.288221	0.285472	0.326089	0.442641	0.443433	0.440308	0.441534	0.440553	0.439708	0.363105	0.368451	0.362986	0.362186	0.363729	0.368027	0.493854	0.498225	0.477827	0.488636	0.474829	0.483511	0.556422	0.560203	0.555657	0.559882	0.556514	0.551399	0.42518	0.405361	0.403896	0.411762	0.403962	0.403673	0.384822	0.389155	0.386544	0.394931	0.385597	0.388895	0.40157	0.401988	0.4183	0.40827	0.410623	0.392227	0.445497	0.441221	0.448475	0.449049	0.430443	0.431324	0.514394	0.507662	0.513533	0.511491	0.511725	0.513309	0.307184	0.295629	0.296634	0.296346	0.297904	0.302053	0.484153	0.499598	0.499576	0.495806	0.483028	0.504099
ERR607759	0.325487	0.341669	0.46114	0.453694	0.342156	0.469013	0.564584	0.518939	0.564843	0.507977	0.509919	0.573418	0.381011	0.33947	0.395437	0.32273	0.400041	0.38137	0.286565	0	0.280071	0.284117	0.235518	0.234983	0.293896	0.302307	0.288518	0.298927	0.303287	0.29083	0.435733	0.442669	0.438782	0.420404	0.438068	0.420766	0.324182	0.320821	0.324868	0.321943	0.325138	0.322334	0.48805	0.495841	0.458508	0.47723	0.444689	0.469877	0.513019	0.527486	0.512139	0.526719	0.513719	0.520595	0.403854	0.416053	0.423651	0.404665	0.426227	0.413387	0.374042	0.373725	0.375083	0.381538	0.37416	0.360115	0.396498	0.395596	0.397999	0.39634	0.396444	0.398961	0.458216	0.457694	0.462512	0.46397	0.42277	0.433918	0.509605	0.493549	0.504361	0.501208	0.501204	0.503895	0.34633	0.318875	0.320338	0.32048	0.321789	0.321761	0.47064	0.505886	0.504222	0.498691	0.478056	0.517786
ERR607761	0.322524	0.321009	0.407861	0.401273	0.321451	0.415602	0.578999	0.555132	0.579082	0.556712	0.551918	0.583983	0.32305	0.296264	0.332801	0.296728	0.3366	0.321276	0.228074	0.280071	0	0.227466	0.282609	0.266751	0.294054	0.284235	0.31522	0.285685	0.283481	0.320963	0.441531	0.442638	0.439314	0.439262	0.439665	0.437645	0.358376	0.363314	0.358314	0.357278	0.358885	0.363072	0.493174	0.497826	0.476211	0.487542	0.472222	0.48209	0.553362	0.557834	0.552542	0.557661	0.553534	0.549329	0.422217	0.404973	0.404344	0.409839	0.404547	0.402949	0.382707	0.386809	0.384199	0.392654	0.383391	0.385447	0.399327	0.399637	0.415113	0.4057	0.407809	0.390818	0.445871	0.442008	0.448905	0.449628	0.429354	0.430837	0.5138	0.506408	0.512571	0.51048	0.510719	0.512192	0.307502	0.29445	0.295313	0.295415	0.296927	0.300616	0.482505	0.499797	0.499667	0.495707	0.482127	0.504897
ERR607760	0.324108	0.32204	0.406574	0.399865	0.322595	0.414149	0.579781	0.556753	0.579542	0.55864	0.553723	0.584561	0.322358	0.296276	0.331305	0.297933	0.335096	0.319941	0.22747	0.284117	0.227466	0	0.286722	0.270684	0.296218	0.285853	0.318533	0.287475	0.28518	0.324002	0.442186	0.443434	0.440252	0.440516	0.440544	0.438729	0.361325	0.366291	0.361288	0.36045	0.361838	0.36609	0.493885	0.498635	0.477431	0.488356	0.474049	0.48311	0.554523	0.558666	0.553856	0.558422	0.554827	0.550261	0.424365	0.40586	0.404706	0.411331	0.404756	0.404043	0.383485	0.387722	0.384947	0.393422	0.384222	0.386995	0.401034	0.401305	0.417226	0.407581	0.409698	0.391816	0.445247	0.441491	0.44815	0.448895	0.429881	0.430953	0.513904	0.50684	0.512817	0.510785	0.511077	0.512543	0.306942	0.29519	0.295942	0.295894	0.297364	0.300786	0.483346	0.499446	0.499252	0.495505	0.482591	0.504306
ERR637124	0.327971	0.345455	0.465827	0.458381	0.346206	0.473279	0.563586	0.516467	0.563907	0.50344	0.506764	0.572927	0.387682	0.344086	0.402055	0.326938	0.406564	0.387604	0.289507	0.235518	0.282609	0.286722	0	0.236156	0.294565	0.305105	0.289171	0.301355	0.305902	0.289357	0.436659	0.445165	0.441125	0.419943	0.440274	0.420442	0.325976	0.321199	0.326564	0.32422	0.325958	0.322537	0.489868	0.498562	0.460161	0.478555	0.445249	0.471126	0.51008	0.525362	0.509324	0.524733	0.510857	0.519721	0.404646	0.41958	0.427462	0.405976	0.429906	0.416662	0.373244	0.372582	0.374279	0.379731	0.373298	0.357985	0.397627	0.396312	0.397425	0.39714	0.397136	0.399588	0.458021	0.459018	0.46229	0.463688	0.421949	0.433538	0.510117	0.493313	0.504341	0.501201	0.501521	0.503788	0.348515	0.321598	0.323083	0.323476	0.324386	0.322614	0.470014	0.505972	0.504195	0.498567	0.478346	0.518753
ERR637123	0.320009	0.33382	0.450513	0.443219	0.334409	0.458413	0.564302	0.521788	0.564654	0.512877	0.513716	0.572567	0.369938	0.329149	0.383678	0.314349	0.388551	0.369696	0.27282	0.234983	0.266751	0.270684	0.236156	0	0.287999	0.293902	0.287325	0.291226	0.294887	0.290186	0.43366	0.439806	0.436054	0.420383	0.435516	0.420287	0.325283	0.323745	0.32587	0.323333	0.326243	0.324434	0.486225	0.493648	0.458486	0.476057	0.446047	0.468842	0.51711	0.529894	0.516264	0.529349	0.517756	0.522705	0.40351	0.411662	0.418232	0.402026	0.420272	0.408694	0.371243	0.371689	0.372564	0.379429	0.371599	0.360075	0.392969	0.392335	0.396737	0.394017	0.394272	0.393682	0.45352	0.452662	0.457649	0.459046	0.420749	0.430415	0.507922	0.493148	0.50332	0.50041	0.500447	0.502832	0.336522	0.310745	0.311867	0.31204	0.313648	0.314226	0.469795	0.5027	0.501175	0.495839	0.476029	0.513516
ERR636697	0.302344	0.313828	0.426352	0.418781	0.314369	0.433915	0.543479	0.50317	0.543532	0.496136	0.495866	0.551449	0.349934	0.309694	0.363466	0.298457	0.368062	0.35012	0.297768	0.293896	0.294054	0.296218	0.294565	0.287999	0	0.241868	0.244451	0.239763	0.242018	0.24698	0.439255	0.445595	0.441658	0.427555	0.441482	0.427267	0.306007	0.306403	0.306222	0.30519	0.30624	0.306752	0.489927	0.497792	0.463999	0.48018	0.45321	0.473298	0.524102	0.535515	0.523229	0.534936	0.524422	0.528929	0.419069	0.421583	0.425833	0.414416	0.427442	0.419376	0.350446	0.351659	0.351998	0.358582	0.350885	0.342681	0.408955	0.408066	0.41453	0.411009	0.411901	0.406873	0.449615	0.44941	0.453712	0.454938	0.419934	0.428206	0.505644	0.491658	0.501149	0.498225	0.498838	0.500314	0.31699	0.294439	0.296011	0.296086	0.29728	0.297266	0.473417	0.502442	0.501002	0.495967	0.478188	0.51295
ERR636702	0.30024	0.305254	0.408457	0.401193	0.305876	0.416835	0.549029	0.516403	0.549283	0.51429	0.510904	0.555512	0.330006	0.295933	0.341898	0.290125	0.346587	0.329356	0.286444	0.302307	0.284235	0.285853	0.305105	0.293902	0.241868	0	0.256788	0.236314	0.236194	0.262754	0.440463	0.443386	0.439935	0.433207	0.439987	0.432269	0.314765	0.319245	0.315038	0.313315	0.31595	0.318871	0.488382	0.494318	0.465707	0.480363	0.458168	0.473899	0.537114	0.545374	0.536153	0.54487	0.53722	0.536907	0.423501	0.416542	0.418879	0.415284	0.419748	0.414274	0.355831	0.358841	0.357628	0.365651	0.356224	0.353483	0.409939	0.409969	0.420246	0.413759	0.415112	0.406446	0.44811	0.445392	0.45216	0.452744	0.423722	0.429112	0.505897	0.494957	0.503281	0.500515	0.500566	0.502562	0.306812	0.287112	0.288055	0.288185	0.290575	0.293269	0.477189	0.501544	0.500655	0.496132	0.4793	0.509056
ERR636699	0.310806	0.327574	0.448899	0.441312	0.328168	0.456558	0.546116	0.498899	0.546448	0.487353	0.489402	0.555365	0.372922	0.329804	0.387379	0.313127	0.392415	0.373741	0.320455	0.288518	0.31522	0.318533	0.289171	0.287325	0.244451	0.256788	0	0.252916	0.257914	0.240867	0.44397	0.451608	0.447568	0.428178	0.44708	0.4287	0.300913	0.297984	0.301735	0.299148	0.301524	0.299155	0.49442	0.5028	0.464536	0.483152	0.450305	0.47572	0.517978	0.53303	0.517029	0.532049	0.518457	0.526603	0.417658	0.429354	0.436467	0.417764	0.438677	0.427013	0.356254	0.356103	0.357781	0.363936	0.356416	0.342301	0.412047	0.411084	0.413603	0.412111	0.412392	0.414055	0.46089	0.46097	0.465195	0.466763	0.424715	0.436425	0.51127	0.494483	0.505451	0.50232	0.502714	0.504745	0.337814	0.310537	0.312116	0.312175	0.313703	0.313372	0.475781	0.510756	0.508921	0.503382	0.483061	0.523204
ERR636700	0.299523	0.306219	0.412269	0.405001	0.306875	0.420579	0.54802	0.513598	0.54835	0.510372	0.507636	0.554812	0.334112	0.298538	0.346781	0.291214	0.351097	0.333686	0.288221	0.298927	0.285685	0.287475	0.301355	0.291226	0.239763	0.236314	0.252916	0	0.236269	0.258457	0.439634	0.44327	0.439705	0.431339	0.439789	0.430639	0.312057	0.315667	0.312439	0.31084	0.313326	0.315556	0.488295	0.494669	0.464796	0.479915	0.456532	0.473396	0.534202	0.543298	0.533116	0.542738	0.534387	0.535129	0.421684	0.41694	0.419689	0.414335	0.420744	0.414728	0.354445	0.357112	0.356274	0.364108	0.354954	0.350816	0.408695	0.408836	0.41813	0.41222	0.413374	0.405865	0.448362	0.446049	0.452189	0.453077	0.422487	0.42862	0.505792	0.494178	0.502664	0.499887	0.500128	0.501981	0.309092	0.28792	0.289278	0.288952	0.291464	0.293603	0.476104	0.501671	0.500654	0.496088	0.478811	0.509845
ERR636701	0.300529	0.304907	0.406854	0.399823	0.305622	0.415327	0.54811	0.515894	0.548277	0.513939	0.510653	0.554584	0.328788	0.295109	0.340814	0.289756	0.345371	0.32828	0.285472	0.303287	0.283481	0.28518	0.305902	0.294887	0.242018	0.236194	0.257914	0.236269	0	0.263777	0.439226	0.442472	0.438772	0.432467	0.43873	0.431411	0.315381	0.320034	0.315701	0.314066	0.316563	0.319654	0.487573	0.493548	0.465218	0.479663	0.458118	0.473177	0.536539	0.544468	0.535502	0.543886	0.536655	0.535973	0.423542	0.415838	0.417733	0.415022	0.418511	0.413822	0.354789	0.357969	0.35675	0.364694	0.355396	0.353182	0.409788	0.409985	0.420526	0.413911	0.415228	0.406096	0.446589	0.443901	0.450411	0.451001	0.422824	0.427932	0.504641	0.493973	0.502025	0.499256	0.499447	0.501422	0.305523	0.286536	0.28764	0.287507	0.289991	0.292434	0.476499	0.500074	0.499239	0.494681	0.478294	0.507609
ERR636698	0.315939	0.335087	0.457468	0.449606	0.336045	0.464687	0.545643	0.495767	0.545756	0.480975	0.485298	0.55568	0.383385	0.337581	0.397919	0.320209	0.402943	0.383888	0.326089	0.29083	0.320963	0.324002	0.289357	0.290186	0.24698	0.262754	0.240867	0.258457	0.263777	0	0.446471	0.456126	0.451859	0.428382	0.451121	0.429098	0.303955	0.298342	0.304505	0.303049	0.303536	0.29992	0.498166	0.507806	0.467804	0.486349	0.45214	0.478713	0.514111	0.53039	0.513253	0.529548	0.514637	0.525719	0.41972	0.435463	0.442913	0.421045	0.445318	0.432938	0.356302	0.355119	0.357381	0.362144	0.356418	0.339798	0.415322	0.413629	0.414207	0.414856	0.41487	0.416711	0.462001	0.464251	0.466387	0.468032	0.424608	0.437423	0.512979	0.495131	0.506471	0.503332	0.503983	0.505602	0.34291	0.316223	0.317763	0.318128	0.318846	0.3161	0.476123	0.512347	0.510253	0.504625	0.4849	0.526097
ERR629929	0.444822	0.447673	0.496483	0.49128	0.447228	0.501013	0.533505	0.505768	0.533796	0.507404	0.502845	0.540052	0.475106	0.458902	0.479601	0.45694	0.480774	0.47565	0.442641	0.435733	0.441531	0.442186	0.436659	0.43366	0.439255	0.440463	0.44397	0.439634	0.439226	0.446471	0	0.256354	0.254193	0.258669	0.253901	0.256683	0.445876	0.447877	0.444554	0.445731	0.443621	0.448522	0.320153	0.330886	0.302541	0.310654	0.306252	0.30745	0.377309	0.374863	0.376526	0.374294	0.376967	0.363551	0.325498	0.31798	0.31764	0.316723	0.317888	0.320419	0.397523	0.397676	0.397686	0.399348	0.397889	0.405593	0.324339	0.323587	0.331983	0.326044	0.326819	0.322658	0.30315	0.301704	0.304917	0.306115	0.308809	0.297315	0.331992	0.322753	0.328018	0.325807	0.326166	0.328064	0.445817	0.446305	0.44709	0.447112	0.444219	0.443744	0.369429	0.369895	0.369201	0.366066	0.363668	0.38015
ERR629932	0.447674	0.446566	0.484953	0.480354	0.446552	0.489808	0.535473	0.514885	0.535752	0.520818	0.513626	0.539946	0.467521	0.45789	0.471226	0.458515	0.472014	0.46832	0.443433	0.442669	0.442638	0.443434	0.445165	0.439806	0.445595	0.443386	0.451608	0.44327	0.442472	0.456126	0.256354	0	0.251925	0.277182	0.252446	0.273506	0.452654	0.457495	0.451534	0.452052	0.451299	0.4573	0.313516	0.318995	0.304507	0.308587	0.31592	0.306714	0.395599	0.388305	0.394405	0.38807	0.395	0.373126	0.337384	0.316651	0.313359	0.324962	0.312806	0.319379	0.405868	0.40747	0.406173	0.409764	0.406129	0.417546	0.331908	0.33275	0.344903	0.335652	0.336676	0.330081	0.307905	0.300228	0.308744	0.309533	0.322769	0.307838	0.333395	0.331465	0.333338	0.331652	0.331343	0.333616	0.44754	0.448739	0.449407	0.449074	0.44709	0.448815	0.38047	0.372799	0.373305	0.371452	0.37061	0.376791
ERR629933	0.444583	0.44434	0.48589	0.480859	0.444068	0.490867	0.537543	0.51553	0.537882	0.520666	0.513777	0.542359	0.465639	0.454861	0.469665	0.455049	0.470377	0.466289	0.440308	0.438782	0.439314	0.440252	0.441125	0.436054	0.441658	0.439935	0.447568	0.439705	0.438772	0.451859	0.254193	0.251925	0	0.272486	0.251141	0.269431	0.448987	0.453642	0.448074	0.448376	0.448023	0.453417	0.316256	0.32247	0.304494	0.310019	0.313763	0.307892	0.393999	0.387964	0.392817	0.387818	0.393405	0.373277	0.332089	0.313064	0.310624	0.320145	0.310248	0.315849	0.403533	0.405114	0.404083	0.407561	0.403966	0.414219	0.326989	0.328136	0.339818	0.330687	0.331752	0.32556	0.307306	0.30006	0.30816	0.309271	0.318396	0.304653	0.335094	0.331765	0.334541	0.332452	0.332511	0.334795	0.445451	0.445643	0.446229	0.446116	0.444428	0.445806	0.377073	0.372468	0.372646	0.37052	0.368171	0.377885
ERR629928	0.438206	0.447311	0.519213	0.51346	0.447472	0.524374	0.554937	0.515055	0.55518	0.507598	0.508442	0.563499	0.48285	0.457457	0.490027	0.450786	0.492102	0.482213	0.441534	0.420404	0.439262	0.440516	0.419943	0.420383	0.427555	0.433207	0.428178	0.431339	0.432467	0.428382	0.258669	0.277182	0.272486	0	0.270508	0.24285	0.434616	0.432607	0.433606	0.433792	0.432097	0.433864	0.35034	0.364831	0.316506	0.335156	0.302904	0.32779	0.372242	0.384057	0.371507	0.383031	0.372609	0.376644	0.303838	0.319701	0.325795	0.302989	0.32804	0.319733	0.398392	0.396478	0.39852	0.39987	0.398482	0.394824	0.310332	0.308194	0.308584	0.30813	0.308174	0.31269	0.320507	0.324655	0.325053	0.326876	0.294704	0.298372	0.359124	0.337384	0.350359	0.346266	0.346911	0.35001	0.448923	0.442099	0.443086	0.443356	0.440924	0.438725	0.361119	0.386428	0.384296	0.37877	0.365142	0.405029
ERR629931	0.444617	0.444504	0.487938	0.483097	0.444395	0.493049	0.539281	0.516331	0.539519	0.520717	0.514282	0.544347	0.466447	0.455002	0.470413	0.454905	0.471313	0.466955	0.440553	0.438068	0.439665	0.440544	0.440274	0.435516	0.441482	0.439987	0.44708	0.439789	0.43873	0.451121	0.253901	0.252446	0.251141	0.270508	0	0.267668	0.448898	0.453111	0.447801	0.448021	0.447716	0.45328	0.317518	0.324222	0.304251	0.310604	0.312654	0.308172	0.393124	0.388003	0.391811	0.387534	0.392473	0.373406	0.330414	0.312798	0.310548	0.319048	0.310473	0.315268	0.403798	0.404873	0.404166	0.407579	0.404086	0.413688	0.326471	0.327167	0.338571	0.329762	0.330832	0.325125	0.307548	0.301041	0.308809	0.309662	0.316926	0.304023	0.335053	0.330791	0.334276	0.332148	0.331754	0.3345	0.4454	0.445559	0.446296	0.44575	0.444236	0.445362	0.376015	0.372547	0.372727	0.370394	0.367751	0.378851
ERR629930	0.437247	0.4455	0.515571	0.509652	0.445786	0.520595	0.55359	0.515095	0.553622	0.508434	0.508758	0.561755	0.480339	0.455977	0.487413	0.449907	0.489422	0.479901	0.439708	0.420766	0.437645	0.438729	0.420442	0.420287	0.427267	0.432269	0.4287	0.430639	0.431411	0.429098	0.256683	0.273506	0.269431	0.24285	0.267668	0	0.434904	0.433615	0.433863	0.434193	0.432702	0.434606	0.346932	0.361022	0.31419	0.332099	0.302698	0.325006	0.37311	0.383263	0.372482	0.38258	0.373444	0.375427	0.304515	0.317279	0.322673	0.302436	0.324586	0.317512	0.397626	0.396173	0.397672	0.399292	0.397762	0.395044	0.309325	0.307284	0.308792	0.30775	0.307763	0.311154	0.317339	0.320886	0.321516	0.323288	0.29456	0.296422	0.356201	0.336004	0.348	0.344184	0.344866	0.348064	0.44731	0.441085	0.442014	0.442098	0.440055	0.437925	0.360323	0.383507	0.3814	0.37631	0.363446	0.401459
ERR618242	0.335983	0.350415	0.45238	0.445016	0.349993	0.459311	0.517827	0.472354	0.518316	0.463281	0.464016	0.526813	0.378464	0.340934	0.391477	0.327108	0.395222	0.380749	0.363105	0.324182	0.358376	0.361325	0.325976	0.325283	0.306007	0.314765	0.300913	0.312057	0.315381	0.303955	0.445876	0.452654	0.448987	0.434616	0.448898	0.434904	0	0.252559	0.250411	0.251572	0.252624	0.250496	0.484323	0.492908	0.457311	0.473929	0.445761	0.467779	0.503502	0.516933	0.50268	0.516172	0.503886	0.510134	0.44221	0.452368	0.45759	0.442569	0.458937	0.451496	0.348823	0.348688	0.349774	0.355761	0.348588	0.339906	0.43994	0.439782	0.439698	0.439448	0.438938	0.444529	0.468852	0.468505	0.472555	0.474608	0.441474	0.449105	0.506312	0.491117	0.500486	0.49748	0.498177	0.49996	0.352481	0.333657	0.334716	0.335166	0.334655	0.335005	0.487008	0.515217	0.513607	0.508933	0.492289	0.52661
ERR618239	0.339965	0.357852	0.466912	0.459225	0.357672	0.473509	0.523206	0.47199	0.523624	0.458383	0.462027	0.533397	0.391177	0.349521	0.405031	0.332338	0.409174	0.393673	0.368451	0.320821	0.363314	0.366291	0.321199	0.323745	0.306403	0.319245	0.297984	0.315667	0.320034	0.298342	0.447877	0.457495	0.453642	0.432607	0.453111	0.433615	0.252559	0	0.253066	0.251872	0.252032	0.249181	0.489854	0.499978	0.460077	0.47828	0.445803	0.471767	0.498792	0.514981	0.497998	0.514002	0.499366	0.509801	0.43918	0.455188	0.461637	0.441787	0.463394	0.454268	0.35034	0.348524	0.350902	0.355537	0.35013	0.33637	0.439671	0.438781	0.436544	0.43795	0.437277	0.444357	0.470953	0.472412	0.475136	0.47714	0.439232	0.449046	0.508859	0.491122	0.501807	0.498239	0.499275	0.501275	0.359875	0.33933	0.340486	0.340988	0.339863	0.338288	0.485431	0.51747	0.515395	0.510199	0.492807	0.531174
ERR618241	0.337039	0.351191	0.450948	0.443386	0.350825	0.457432	0.513224	0.467951	0.513696	0.459149	0.459858	0.522334	0.378779	0.34115	0.391215	0.327363	0.395148	0.381026	0.362986	0.324868	0.358314	0.361288	0.326564	0.32587	0.306222	0.315038	0.301735	0.312439	0.315701	0.304505	0.444554	0.451534	0.448074	0.433606	0.447801	0.433863	0.250411	0.253066	0	0.252842	0.252586	0.251002	0.48214	0.491134	0.455898	0.471969	0.444837	0.466094	0.500897	0.514046	0.50002	0.513157	0.501135	0.507442	0.443082	0.453163	0.458174	0.443183	0.459354	0.452262	0.346031	0.345635	0.346649	0.352425	0.345885	0.337822	0.440932	0.440705	0.44061	0.440384	0.439914	0.44512	0.466736	0.466813	0.470399	0.472309	0.441065	0.447726	0.503402	0.488408	0.497624	0.494409	0.495181	0.497118	0.350531	0.333273	0.334414	0.33484	0.334141	0.333761	0.486799	0.513491	0.51193	0.507452	0.491739	0.524921
ERR618237	0.334914	0.348813	0.453331	0.445956	0.348277	0.460833	0.523905	0.478299	0.524474	0.46932	0.469563	0.532879	0.374931	0.338036	0.38838	0.323185	0.392635	0.377101	0.362186	0.321943	0.357278	0.36045	0.32422	0.323333	0.30519	0.313315	0.299148	0.31084	0.314066	0.303049	0.445731	0.452052	0.448376	0.433792	0.448021	0.434193	0.251572	0.251872	0.252842	0	0.252789	0.252614	0.4848	0.493119	0.456635	0.474588	0.444603	0.467915	0.506725	0.520444	0.505764	0.519553	0.507037	0.512466	0.438626	0.448226	0.453926	0.439151	0.455272	0.446944	0.351227	0.350905	0.352421	0.35891	0.35113	0.341421	0.438177	0.438084	0.438511	0.437313	0.43696	0.443052	0.470326	0.468639	0.474353	0.476037	0.441296	0.449336	0.506862	0.491158	0.501486	0.497904	0.498063	0.500856	0.352885	0.332894	0.333919	0.334085	0.333855	0.334897	0.487096	0.516571	0.515048	0.510289	0.492223	0.527886
ERR618238	0.337605	0.352418	0.453269	0.445582	0.351855	0.459516	0.512256	0.465876	0.512821	0.456281	0.457566	0.521756	0.381452	0.342519	0.394182	0.328238	0.397701	0.383679	0.363729	0.325138	0.358885	0.361838	0.325958	0.326243	0.30624	0.31595	0.301524	0.313326	0.316563	0.303536	0.443621	0.451299	0.448023	0.432097	0.447716	0.432702	0.252624	0.252032	0.252586	0.252789	0	0.252003	0.481911	0.491377	0.455476	0.471535	0.444022	0.465506	0.498419	0.511707	0.497618	0.51086	0.498833	0.505857	0.442146	0.453466	0.458486	0.442541	0.45994	0.452524	0.344982	0.344386	0.345961	0.350998	0.344981	0.336492	0.440836	0.440266	0.439879	0.440067	0.439595	0.444643	0.465187	0.465835	0.469101	0.470854	0.43953	0.446208	0.501939	0.486439	0.495888	0.492679	0.493462	0.495319	0.351188	0.334423	0.33549	0.336154	0.334686	0.333704	0.485398	0.512236	0.510459	0.505837	0.490481	0.524167
ERR618240	0.339695	0.357182	0.463921	0.456381	0.356953	0.470342	0.520977	0.471383	0.521407	0.458318	0.46169	0.530813	0.390026	0.348515	0.403713	0.332536	0.407404	0.391882	0.368027	0.322334	0.363072	0.36609	0.322537	0.324434	0.306752	0.318871	0.299155	0.315556	0.319654	0.29992	0.448522	0.4573	0.453417	0.433864	0.45328	0.434606	0.250496	0.249181	0.251002	0.252614	0.252003	0	0.489318	0.499161	0.460585	0.478045	0.446682	0.471526	0.499847	0.515394	0.499075	0.514665	0.500251	0.510222	0.441428	0.45687	0.462993	0.443339	0.464685	0.455256	0.350007	0.348514	0.350428	0.355596	0.349454	0.336958	0.440615	0.439922	0.437855	0.439164	0.438688	0.445284	0.47132	0.472738	0.475249	0.477359	0.440669	0.450219	0.509643	0.492686	0.502746	0.499345	0.500474	0.502257	0.35851	0.338594	0.339626	0.340353	0.339532	0.338138	0.48645	0.517982	0.515995	0.511046	0.493758	0.531023
ERR630257	0.488626	0.486877	0.500229	0.49614	0.48649	0.502562	0.501301	0.490707	0.501591	0.502721	0.49198	0.504608	0.511535	0.503388	0.512587	0.504366	0.512389	0.511747	0.493854	0.48805	0.493174	0.493885	0.489868	0.486225	0.489927	0.488382	0.49442	0.488295	0.487573	0.498166	0.320153	0.313516	0.316256	0.35034	0.317518	0.346932	0.484323	0.489854	0.48214	0.4848	0.481911	0.489318	0	0.268341	0.277141	0.26419	0.302578	0.268985	0.396444	0.377374	0.394908	0.377724	0.395168	0.363297	0.398226	0.380603	0.375476	0.387761	0.374111	0.382955	0.43015	0.431807	0.430063	0.431201	0.430667	0.44907	0.39022	0.391062	0.400362	0.393076	0.393449	0.389286	0.332082	0.326595	0.3301	0.329893	0.371426	0.348532	0.325283	0.33507	0.329337	0.329224	0.32933	0.329123	0.48329	0.491039	0.491528	0.491508	0.488653	0.488672	0.419415	0.390362	0.391983	0.39287	0.405479	0.387594
ERR630259	0.494313	0.489943	0.495537	0.492349	0.489683	0.498544	0.509039	0.503103	0.509415	0.517541	0.505196	0.510736	0.510242	0.507371	0.511134	0.509786	0.510568	0.511214	0.498225	0.495841	0.497826	0.498635	0.498562	0.493648	0.497792	0.494318	0.5028	0.494669	0.493548	0.507806	0.330886	0.318995	0.32247	0.364831	0.324222	0.361022	0.492908	0.499978	0.491134	0.493119	0.491377	0.499161	0.268341	0	0.286704	0.272959	0.316449	0.278507	0.413694	0.393002	0.412062	0.393331	0.412529	0.376245	0.408774	0.383906	0.377513	0.396765	0.375666	0.387299	0.441106	0.443462	0.441171	0.443474	0.441431	0.461344	0.39917	0.400747	0.41199	0.40303	0.403346	0.398154	0.343113	0.333054	0.340703	0.340069	0.384754	0.361112	0.33329	0.347492	0.340179	0.340504	0.340047	0.340362	0.488953	0.496644	0.497149	0.496985	0.494514	0.496123	0.429985	0.398084	0.400393	0.401811	0.414135	0.390596
ERR630255	0.466309	0.469369	0.512242	0.506993	0.469014	0.516409	0.521805	0.495296	0.522278	0.498898	0.492596	0.527835	0.500077	0.485535	0.504621	0.481941	0.505687	0.50106	0.477827	0.458508	0.476211	0.477431	0.460161	0.458486	0.463999	0.465707	0.464536	0.464796	0.465218	0.467804	0.302541	0.304507	0.304494	0.316506	0.304251	0.31419	0.457311	0.460077	0.455898	0.456635	0.455476	0.460585	0.277141	0.286704	0	0.266973	0.264956	0.26284	0.378256	0.373993	0.376628	0.373344	0.378009	0.360286	0.356401	0.352461	0.35381	0.351179	0.354507	0.355187	0.415504	0.415332	0.415632	0.417393	0.415682	0.424011	0.354084	0.354243	0.358865	0.354292	0.353707	0.357753	0.329743	0.325253	0.330872	0.331659	0.337883	0.327034	0.335748	0.329932	0.33349	0.331238	0.331495	0.333616	0.471333	0.471297	0.471979	0.471999	0.469446	0.469587	0.393467	0.390846	0.391053	0.388955	0.386675	0.398123
