	ERR607419	ERR607416	ERR607415	ERR607417	ERR607418	ERR607420	ERR618388	ERR618390	ERR618391	ERR618387	ERR618392	ERR618389	ERR629916	ERR629917	ERR629921	ERR629920	ERR629919	ERR629918	ERR608081	ERR608084	ERR608083	ERR608085	ERR608086	ERR608082	ERR617515	ERR617512	ERR617514	ERR617511	ERR617516	ERR617513	ERR608758	ERR608757	ERR608760	ERR608762	ERR608761	ERR608759	ERR636697	ERR636702	ERR636699	ERR636700	ERR636701	ERR636698	ERR617026	ERR617023	ERR617022	ERR617024	ERR617025	ERR617021	ERR608855	ERR608856	ERR608857	ERR608853	ERR608854	ERR608858	ERR631064	ERR631063	ERR631062	ERR631066	ERR631065	ERR631067	ERR618293	ERR618292	ERR618295	ERR618296	ERR618291	ERR618294	ERR606652	ERR606653	ERR606651	ERR606648	ERR606649	ERR606650	ERR638212	ERR638208	ERR638211	ERR638209	ERR638210	ERR638207	ERR626607	ERR626603	ERR626606	ERR626602	ERR626605	ERR626604	ERR618440	ERR618437	ERR618435	ERR618436	ERR618439	ERR618438	ERR630311	ERR630308	ERR630310	ERR630313	ERR630312	ERR630309
ERR607419	0	0.77156	0.776557	0.775153	0.734087	0.735439	1.09502	1.10753	1.09865	1.09287	1.10577	1.0952	0.930989	0.948438	0.952489	0.95403	0.950595	0.932539	1.07307	1.08518	1.06391	1.08295	1.08273	1.06455	1.06946	1.08358	1.07079	1.08483	1.07596	1.08305	1.08447	1.10791	1.0729	1.0842	1.07102	1.07503	1.06953	1.07646	1.05977	1.07476	1.07715	1.05808	1.08452	1.06824	1.07083	1.08426	1.08575	1.07549	0.898978	0.90461	0.905275	0.95514	0.906925	0.90608	0.87502	0.884725	0.878716	0.884542	0.886426	0.892311	0.904777	0.910773	0.910856	0.914011	0.908859	0.907406	0.929701	0.93398	0.950286	1.00871	0.928268	0.932457	0.893786	0.901453	0.866161	0.905828	0.867492	0.906199	0.919649	0.912594	0.919295	0.899323	0.920875	0.937243	0.881442	0.887204	0.878893	0.898821	0.882361	0.885247	0.986608	0.983769	1.00569	0.995234	0.987141	0.998771
ERR607416	0.77156	0	0.798861	0.798742	0.769866	0.772234	1.11354	1.12469	1.1165	1.11153	1.12285	1.11367	0.951001	0.965775	0.968671	0.970455	0.967518	0.952337	1.08985	1.10173	1.08113	1.1001	1.09983	1.08229	1.08694	1.09976	1.08813	1.10027	1.09231	1.09937	1.10048	1.12136	1.09038	1.10027	1.08833	1.09178	1.08654	1.09253	1.07706	1.09103	1.09316	1.07615	1.0986	1.08528	1.08765	1.09868	1.09984	1.09116	0.922875	0.927493	0.928008	0.971824	0.929312	0.928973	0.902999	0.911274	0.905034	0.909507	0.911774	0.91703	0.926818	0.932321	0.932173	0.935648	0.930067	0.929417	0.950846	0.954466	0.969877	1.02249	0.949939	0.953477	0.912647	0.920409	0.888727	0.924676	0.889606	0.92461	0.940974	0.933759	0.941157	0.922083	0.941819	0.954931	0.905959	0.910199	0.902967	0.920062	0.90679	0.909844	1.00621	1.00366	1.02385	1.01304	1.00678	1.01716
ERR607415	0.776557	0.798861	0	0.802238	0.774983	0.776748	1.1173	1.12822	1.12017	1.11556	1.12644	1.1176	0.9544	0.969019	0.971716	0.973524	0.970504	0.956174	1.09332	1.10484	1.08461	1.10354	1.10333	1.08581	1.09072	1.10302	1.09199	1.10315	1.09563	1.10258	1.10341	1.12383	1.09371	1.10318	1.09187	1.09485	1.08995	1.09565	1.08041	1.09411	1.09603	1.07965	1.10122	1.08869	1.0911	1.10147	1.10247	1.09419	0.925744	0.930347	0.930641	0.973097	0.932119	0.931416	0.907161	0.915459	0.908882	0.913019	0.914949	0.920575	0.929823	0.934932	0.934804	0.937755	0.932308	0.932256	0.954119	0.957611	0.972975	1.02459	0.953391	0.957028	0.913973	0.922235	0.891105	0.926339	0.891816	0.926221	0.944494	0.936895	0.944152	0.925565	0.945188	0.957328	0.909398	0.913488	0.906729	0.923043	0.910598	0.913409	1.00922	1.00672	1.02678	1.01587	1.00979	1.02009
ERR607417	0.775153	0.798742	0.802238	0	0.773538	0.775426	1.11475	1.12583	1.11787	1.11278	1.12409	1.11496	0.953159	0.968586	0.971772	0.973582	0.970454	0.954793	1.09208	1.10376	1.08342	1.10211	1.10188	1.08461	1.08926	1.10186	1.09057	1.10269	1.09487	1.10149	1.10243	1.12324	1.09262	1.10204	1.09031	1.0936	1.08841	1.09462	1.07914	1.09322	1.09527	1.07832	1.10112	1.08766	1.09008	1.1013	1.10263	1.09378	0.925611	0.930121	0.931159	0.97475	0.932353	0.931824	0.905702	0.913827	0.907653	0.912833	0.914771	0.920114	0.930233	0.935563	0.93556	0.938359	0.933226	0.93241	0.953769	0.957329	0.972516	1.02541	0.952747	0.956306	0.916103	0.923767	0.892133	0.927219	0.892726	0.927595	0.943315	0.935855	0.943077	0.924704	0.943955	0.957248	0.90884	0.913631	0.906186	0.923228	0.909849	0.912694	1.00902	1.00643	1.02647	1.01618	1.00947	1.02001
ERR607418	0.734087	0.769866	0.774983	0.773538	0	0.734015	1.09534	1.10772	1.0988	1.0931	1.10563	1.09551	0.930107	0.947254	0.951033	0.953226	0.94932	0.931548	1.07307	1.08505	1.06384	1.08303	1.08285	1.06434	1.06919	1.08348	1.0707	1.08462	1.07582	1.08275	1.08418	1.10757	1.07301	1.08416	1.07074	1.07469	1.06938	1.0763	1.05969	1.07443	1.0769	1.05808	1.08406	1.06813	1.07052	1.08401	1.08526	1.07514	0.89803	0.903618	0.904407	0.953878	0.906151	0.904839	0.873706	0.883325	0.877005	0.882484	0.884745	0.890786	0.90346	0.909182	0.909386	0.912829	0.907563	0.905654	0.928563	0.93253	0.949082	1.00705	0.927349	0.93109	0.891841	0.899993	0.864456	0.904432	0.865437	0.904422	0.918894	0.911682	0.91851	0.898157	0.919968	0.936271	0.880758	0.885902	0.877611	0.89777	0.881319	0.884253	0.986237	0.982999	1.00528	0.994204	0.986524	0.998392
ERR607420	0.735439	0.772234	0.776748	0.775426	0.734015	0	1.09465	1.10739	1.09836	1.09254	1.10529	1.09515	0.929891	0.947456	0.951337	0.953347	0.949789	0.931342	1.07289	1.08493	1.06361	1.08244	1.0828	1.06408	1.06915	1.08328	1.07063	1.08442	1.07561	1.08264	1.08424	1.10745	1.07272	1.08394	1.07077	1.07457	1.06942	1.07603	1.05934	1.07436	1.07664	1.05784	1.08425	1.06815	1.07053	1.08388	1.08535	1.07529	0.898793	0.904411	0.904875	0.954617	0.906574	0.905706	0.874818	0.884019	0.878186	0.884168	0.886132	0.891698	0.904167	0.909753	0.910044	0.913429	0.908316	0.906084	0.928769	0.933045	0.949448	1.00725	0.927713	0.931608	0.893601	0.901218	0.866384	0.905787	0.86701	0.906182	0.919082	0.911917	0.918899	0.898714	0.920353	0.936657	0.881009	0.886964	0.878568	0.898393	0.881663	0.884832	0.985725	0.982799	1.00506	0.993944	0.986185	0.998038
ERR618388	1.09502	1.11354	1.1173	1.11475	1.09534	1.09465	0	0.753131	0.737424	0.719455	0.750447	0.724798	1.09611	1.11036	1.11536	1.11672	1.11449	1.09834	0.892759	0.901807	0.887385	0.89611	0.894984	0.878428	0.926985	0.94495	0.929822	0.953622	0.940588	0.9453	0.935211	0.970014	0.918043	0.932674	0.91583	0.923144	0.919109	0.92928	0.912911	0.926898	0.929508	0.906755	0.93295	0.905791	0.908848	0.929309	0.931698	0.918148	1.10741	1.11241	1.11322	1.14887	1.11408	1.11257	1.07232	1.07819	1.07943	1.08615	1.08661	1.08915	1.10706	1.11096	1.11203	1.11492	1.11407	1.10787	1.0789	1.08147	1.09172	1.13639	1.07592	1.07967	1.13453	1.13652	1.11307	1.13857	1.11577	1.13979	1.11163	1.11003	1.11054	1.09838	1.11239	1.12897	1.09649	1.10312	1.09761	1.11191	1.09738	1.09931	1.01641	1.01387	1.02834	1.02479	1.01607	1.02464
ERR618390	1.10753	1.12469	1.12822	1.12583	1.10772	1.10739	0.753131	0	0.756645	0.748972	0.767026	0.752494	1.10761	1.12082	1.12533	1.12671	1.12442	1.10983	0.905127	0.913354	0.900592	0.908889	0.907728	0.893073	0.938853	0.954882	0.941535	0.962422	0.950599	0.954999	0.944232	0.976081	0.929574	0.941906	0.927898	0.933831	0.930664	0.939274	0.924546	0.93684	0.939297	0.919917	0.939359	0.916211	0.918462	0.935736	0.938043	0.926721	1.11885	1.12312	1.12406	1.15723	1.12485	1.12327	1.087	1.09258	1.09289	1.09914	1.09978	1.10186	1.11864	1.12228	1.12286	1.12559	1.12483	1.11927	1.09043	1.09283	1.10276	1.14448	1.08791	1.09173	1.14368	1.14625	1.12385	1.14835	1.1263	1.14952	1.12397	1.12172	1.12261	1.11094	1.12455	1.13921	1.10856	1.11469	1.10954	1.12283	1.10948	1.11139	1.0278	1.02554	1.03866	1.03563	1.02752	1.03555
ERR618391	1.09865	1.1165	1.12017	1.11787	1.0988	1.09836	0.737424	0.756645	0	0.732463	0.753652	0.736587	1.09868	1.11225	1.11715	1.11845	1.11617	1.10099	0.893771	0.90295	0.888347	0.897788	0.896531	0.880499	0.929007	0.946165	0.931848	0.95348	0.941145	0.946433	0.934719	0.968321	0.918613	0.932507	0.916833	0.923324	0.919933	0.929446	0.913464	0.926732	0.929214	0.908823	0.930186	0.905805	0.908619	0.926599	0.928951	0.916824	1.11055	1.11525	1.11584	1.15043	1.11684	1.11543	1.07743	1.08331	1.08337	1.08986	1.09037	1.09314	1.11002	1.11387	1.11444	1.1173	1.11661	1.11085	1.08117	1.08383	1.09399	1.13743	1.07882	1.0824	1.13598	1.13868	1.11567	1.14067	1.11823	1.14197	1.1158	1.11344	1.11476	1.10257	1.11652	1.13177	1.09973	1.10575	1.10062	1.11442	1.10055	1.1027	1.0171	1.01497	1.02889	1.02508	1.0167	1.02551
ERR618387	1.09287	1.11153	1.11556	1.11278	1.0931	1.09254	0.719455	0.748972	0.732463	0	0.746375	0.719744	1.094	1.10828	1.11363	1.11478	1.11272	1.09607	0.88976	0.899124	0.884366	0.893034	0.891996	0.875292	0.924249	0.942489	0.927234	0.951275	0.938305	0.942832	0.932844	0.968138	0.915667	0.930474	0.913462	0.920486	0.91676	0.927407	0.910343	0.92474	0.927001	0.904192	0.931979	0.904368	0.907506	0.928386	0.930698	0.917042	1.10542	1.11036	1.1112	1.14743	1.11208	1.11068	1.0695	1.07548	1.07632	1.08341	1.08396	1.08669	1.10488	1.10916	1.11005	1.11293	1.11229	1.10589	1.07672	1.07928	1.08989	1.13469	1.07359	1.07771	1.13275	1.13457	1.11097	1.13665	1.11348	1.13811	1.10986	1.10778	1.10848	1.09631	1.11045	1.12722	1.0941	1.10094	1.09563	1.10994	1.09509	1.097	1.01357	1.01101	1.02559	1.02238	1.01293	1.02214
ERR618392	1.10577	1.12285	1.12644	1.12409	1.10563	1.10529	0.750447	0.767026	0.753652	0.746375	0	0.749958	1.10571	1.11888	1.12354	1.12498	1.12266	1.10799	0.902925	0.911213	0.898215	0.90646	0.905308	0.890825	0.936966	0.953479	0.939545	0.960503	0.948583	0.953314	0.942346	0.973955	0.927259	0.93995	0.925064	0.931524	0.929057	0.937901	0.922835	0.93577	0.938086	0.918399	0.938801	0.915251	0.918188	0.935103	0.937502	0.925726	1.11713	1.12159	1.12244	1.15552	1.12323	1.12171	1.08491	1.09056	1.09069	1.09708	1.09752	1.10013	1.11652	1.12034	1.12111	1.12353	1.12277	1.11716	1.08904	1.09137	1.10119	1.14368	1.08624	1.0901	1.14203	1.14451	1.12235	1.14654	1.12447	1.14782	1.12228	1.11982	1.12095	1.10915	1.12286	1.13743	1.10646	1.11247	1.10747	1.1207	1.10728	1.10933	1.02564	1.02338	1.03683	1.0332	1.02528	1.03345
ERR618389	1.0952	1.11367	1.1176	1.11496	1.09551	1.09515	0.724798	0.752494	0.736587	0.719744	0.749958	0	1.09582	1.10987	1.11504	1.11636	1.11423	1.098	0.891953	0.901037	0.886737	0.895122	0.894038	0.877909	0.926356	0.944657	0.929144	0.952686	0.939794	0.944467	0.933657	0.968731	0.917022	0.931442	0.914773	0.921634	0.91797	0.928049	0.911344	0.925634	0.9282	0.905792	0.931232	0.904551	0.907735	0.927549	0.930094	0.916597	1.10766	1.11262	1.11333	1.14902	1.11422	1.11289	1.07283	1.07863	1.07951	1.08641	1.08683	1.08928	1.10735	1.11149	1.11232	1.11504	1.11435	1.10816	1.07774	1.08031	1.09103	1.13522	1.07489	1.07872	1.13427	1.13668	1.11317	1.13854	1.11553	1.14022	1.11216	1.11015	1.11105	1.09879	1.11295	1.12925	1.09648	1.103	1.09761	1.11184	1.0975	1.09927	1.0152	1.01274	1.02674	1.02341	1.0148	1.02328
ERR629916	0.930989	0.951001	0.9544	0.953159	0.930107	0.929891	1.09611	1.10761	1.09868	1.094	1.10571	1.09582	0	0.820993	0.82744	0.830299	0.826433	0.801995	1.05592	1.06731	1.04838	1.06632	1.06601	1.04998	1.06858	1.082	1.07039	1.08231	1.07395	1.08241	1.06974	1.09232	1.05983	1.06968	1.05683	1.0607	1.04852	1.05323	1.04006	1.05156	1.05402	1.03935	1.07902	1.06617	1.0685	1.07944	1.08089	1.07123	0.950341	0.955254	0.954951	0.995077	0.956558	0.955706	0.920746	0.929004	0.923102	0.928432	0.929784	0.934889	0.941553	0.945758	0.945921	0.949127	0.945294	0.942882	0.895545	0.89956	0.915593	0.97355	0.893897	0.897301	0.99	0.996683	0.966337	1.00033	0.967841	1.00088	0.967859	0.961611	0.967785	0.95006	0.969208	0.982783	0.899251	0.904018	0.896102	0.913613	0.900393	0.902467	0.956294	0.953749	0.971756	0.962806	0.956895	0.966125
ERR629917	0.948438	0.965775	0.969019	0.968586	0.947254	0.947456	1.11036	1.12082	1.11225	1.10828	1.11888	1.10987	0.820993	0	0.843895	0.846741	0.843005	0.82286	1.06946	1.08024	1.06199	1.07963	1.0794	1.064	1.08239	1.09502	1.08427	1.09444	1.08679	1.09531	1.08288	1.10352	1.07404	1.08285	1.07124	1.07447	1.06277	1.06658	1.05439	1.06492	1.06728	1.05461	1.09047	1.07991	1.08234	1.09104	1.09241	1.08388	0.966704	0.97099	0.97088	1.00634	0.971795	0.971226	0.941052	0.948999	0.942677	0.947065	0.948236	0.953211	0.958569	0.962391	0.962438	0.965105	0.961349	0.960401	0.914464	0.918262	0.933563	0.986277	0.913855	0.916608	1.00169	1.00853	0.980381	1.01188	0.981174	1.01251	0.983811	0.977835	0.983499	0.967202	0.985036	0.996275	0.917941	0.921663	0.914595	0.930147	0.919226	0.921148	0.972391	0.970463	0.987361	0.977615	0.973552	0.981517
ERR629921	0.952489	0.968671	0.971716	0.971772	0.951033	0.951337	1.11536	1.12533	1.11715	1.11363	1.12354	1.11504	0.82744	0.843895	0	0.845332	0.841961	0.829333	1.07207	1.08331	1.06446	1.08318	1.08278	1.06705	1.08528	1.09762	1.08697	1.09647	1.08915	1.09783	1.08554	1.10437	1.07738	1.08495	1.07413	1.07746	1.06557	1.06887	1.05686	1.06753	1.06965	1.05789	1.09084	1.08183	1.08403	1.09186	1.09298	1.08503	0.96912	0.972925	0.972811	1.00541	0.973856	0.973364	0.945909	0.953546	0.946826	0.950044	0.951228	0.955853	0.960677	0.963756	0.963548	0.965592	0.96197	0.961588	0.916932	0.920627	0.93518	0.985497	0.917022	0.920021	1.00201	1.00996	0.98224	1.01384	0.983417	1.01373	0.986943	0.980599	0.986566	0.970546	0.987912	0.997717	0.920836	0.924042	0.917006	0.931825	0.922115	0.924306	0.974249	0.972318	0.988741	0.97799	0.975382	0.983034
ERR629920	0.95403	0.970455	0.973524	0.973582	0.953226	0.953347	1.11672	1.12671	1.11845	1.11478	1.12498	1.11636	0.830299	0.846741	0.845332	0	0.844434	0.831677	1.07303	1.08425	1.06569	1.08429	1.08383	1.06851	1.08687	1.09908	1.08834	1.09764	1.09068	1.09926	1.08659	1.10566	1.0784	1.08654	1.07574	1.07886	1.06674	1.07034	1.05838	1.06864	1.07058	1.05904	1.09216	1.08367	1.08555	1.09316	1.09462	1.08659	0.971303	0.974945	0.975025	1.0071	0.975647	0.97544	0.948374	0.955993	0.949406	0.952595	0.953871	0.958959	0.962897	0.966118	0.96594	0.968203	0.964181	0.964145	0.919036	0.922849	0.937371	0.986807	0.919218	0.921757	1.00397	1.01181	0.98472	1.0156	0.985318	1.01553	0.988685	0.982323	0.988315	0.972645	0.990025	0.99945	0.923339	0.926195	0.919563	0.934073	0.924727	0.926871	0.976027	0.974299	0.990872	0.980592	0.977207	0.984763
ERR629919	0.950595	0.967518	0.970504	0.970454	0.94932	0.949789	1.11449	1.12442	1.11617	1.11272	1.12266	1.11423	0.826433	0.843005	0.841961	0.844434	0	0.828317	1.07127	1.08263	1.06361	1.08234	1.08196	1.06646	1.0848	1.09698	1.08647	1.09617	1.08849	1.09763	1.08493	1.10426	1.07634	1.08456	1.07353	1.07665	1.06474	1.06803	1.05622	1.06674	1.06861	1.05699	1.09029	1.08153	1.08348	1.09157	1.09283	1.0846	0.968167	0.971512	0.971638	1.00479	0.972585	0.972139	0.944637	0.952403	0.945788	0.949218	0.950295	0.95541	0.960067	0.963256	0.963159	0.965266	0.961466	0.960979	0.916458	0.920012	0.93486	0.98518	0.916083	0.9191	1.0014	1.00907	0.981383	1.0129	0.982214	1.01276	0.985418	0.979625	0.985595	0.968996	0.986938	0.997089	0.919873	0.922712	0.91609	0.930772	0.921074	0.923443	0.97321	0.971144	0.987682	0.977278	0.97429	0.981991
ERR629918	0.932539	0.952337	0.956174	0.954793	0.931548	0.931342	1.09834	1.10983	1.10099	1.09607	1.10799	1.098	0.801995	0.82286	0.829333	0.831677	0.828317	0	1.05832	1.06951	1.05073	1.06854	1.06821	1.05208	1.07072	1.08423	1.07275	1.08426	1.07587	1.08443	1.07199	1.09466	1.06212	1.0716	1.05924	1.06292	1.05089	1.05545	1.04216	1.05403	1.05595	1.04176	1.08082	1.06823	1.07051	1.08154	1.08285	1.0732	0.95114	0.956346	0.95588	0.995633	0.957574	0.956592	0.922243	0.930364	0.92454	0.929889	0.931216	0.936401	0.943335	0.947562	0.947838	0.950741	0.946917	0.944779	0.897873	0.901878	0.917911	0.975128	0.896726	0.900014	0.991509	0.997897	0.96739	1.00102	0.969112	1.00201	0.969309	0.963577	0.969239	0.951643	0.97093	0.98452	0.90097	0.905906	0.897482	0.915155	0.901921	0.904224	0.958322	0.955463	0.973678	0.964435	0.958898	0.968002
ERR608081	1.07307	1.08985	1.09332	1.09208	1.07307	1.07289	0.892759	0.905127	0.893771	0.88976	0.902925	0.891953	1.05592	1.06946	1.07207	1.07303	1.07127	1.05832	0	0.800379	0.773622	0.798352	0.797061	0.772957	0.925224	0.943342	0.928137	0.945451	0.933173	0.944142	0.910227	0.940964	0.895162	0.908118	0.892633	0.898018	0.894691	0.901472	0.885391	0.899109	0.901847	0.884353	0.937531	0.918482	0.920951	0.936352	0.938947	0.925235	1.08445	1.08925	1.08943	1.11985	1.08926	1.08892	1.06448	1.07137	1.06788	1.07306	1.07434	1.07745	1.0827	1.08588	1.08575	1.08812	1.08569	1.0834	1.03937	1.04229	1.05423	1.09588	1.03854	1.04207	1.10748	1.11437	1.09151	1.11679	1.09301	1.11753	1.10137	1.09702	1.10033	1.08653	1.10204	1.11292	1.06989	1.07334	1.06784	1.08115	1.07086	1.07322	0.958877	0.957076	0.971116	0.964253	0.959094	0.966538
ERR608084	1.08518	1.10173	1.10484	1.10376	1.08505	1.08493	0.901807	0.913354	0.90295	0.899124	0.911213	0.901037	1.06731	1.08024	1.08331	1.08425	1.08263	1.06951	0.800379	0	0.792735	0.808889	0.807575	0.791422	0.938128	0.955184	0.940526	0.9579	0.946286	0.955554	0.921996	0.95237	0.907709	0.9196	0.905355	0.910384	0.908049	0.914781	0.899969	0.912377	0.914911	0.898502	0.951427	0.931699	0.934281	0.949356	0.951906	0.938697	1.09609	1.10083	1.10101	1.13095	1.1009	1.10037	1.07581	1.08241	1.07942	1.08489	1.0857	1.08865	1.09475	1.09811	1.09828	1.10039	1.09824	1.0955	1.05227	1.05506	1.06633	1.10734	1.05126	1.05455	1.1193	1.12499	1.10301	1.12753	1.10474	1.12838	1.11139	1.1074	1.11056	1.09688	1.11203	1.12343	1.08258	1.08616	1.08103	1.09392	1.08346	1.08558	0.97448	0.972859	0.985269	0.980178	0.974383	0.981485
ERR608083	1.06391	1.08113	1.08461	1.08342	1.06384	1.06361	0.887385	0.900592	0.888347	0.884366	0.898215	0.886737	1.04838	1.06199	1.06446	1.06569	1.06361	1.05073	0.773622	0.792735	0	0.791472	0.789916	0.763784	0.917317	0.935735	0.920107	0.937477	0.925213	0.936378	0.902771	0.934603	0.887631	0.900829	0.885066	0.890634	0.88666	0.893563	0.875925	0.891136	0.89382	0.874965	0.928188	0.908861	0.911372	0.926811	0.929566	0.91601	1.07558	1.08032	1.08068	1.11161	1.08069	1.08003	1.05537	1.06244	1.0589	1.06415	1.06523	1.06857	1.07313	1.0768	1.0767	1.07886	1.07629	1.07429	1.0313	1.03438	1.0464	1.08886	1.0305	1.03391	1.09843	1.1059	1.08244	1.10867	1.08409	1.10903	1.09348	1.08865	1.09228	1.07763	1.09402	1.10458	1.06029	1.06357	1.05784	1.07155	1.06138	1.06379	0.949147	0.947331	0.962655	0.954719	0.949649	0.957719
ERR608085	1.08295	1.1001	1.10354	1.10211	1.08303	1.08244	0.89611	0.908889	0.897788	0.893034	0.90646	0.895122	1.06632	1.07963	1.08318	1.08429	1.08234	1.06854	0.798352	0.808889	0.791472	0	0.804789	0.788277	0.935681	0.953201	0.938445	0.956748	0.94476	0.953781	0.921522	0.953119	0.906043	0.919361	0.90381	0.909022	0.906706	0.914023	0.898722	0.911523	0.913967	0.896221	0.952233	0.93088	0.933125	0.949836	0.95255	0.938706	1.09432	1.09931	1.0997	1.13068	1.09958	1.09886	1.0726	1.07919	1.07691	1.08266	1.0834	1.08655	1.09356	1.09705	1.09725	1.09965	1.09767	1.09428	1.05213	1.05509	1.06614	1.10753	1.05057	1.05405	1.11933	1.12439	1.10167	1.12673	1.10369	1.12744	1.10891	1.10507	1.1078	1.09442	1.10931	1.12184	1.0808	1.08498	1.07986	1.0931	1.08179	1.08429	0.974167	0.972378	0.985263	0.980223	0.973937	0.981259
ERR608086	1.08273	1.09983	1.10333	1.10188	1.08285	1.0828	0.894984	0.907728	0.896531	0.891996	0.905308	0.894038	1.06601	1.0794	1.08278	1.08383	1.08196	1.06821	0.797061	0.807575	0.789916	0.804789	0	0.787374	0.934568	0.951831	0.93683	0.955489	0.943746	0.952527	0.919865	0.951991	0.904773	0.917908	0.902267	0.908106	0.905771	0.912866	0.897545	0.91035	0.912724	0.895205	0.951347	0.929549	0.932007	0.949143	0.951738	0.937947	1.094	1.09893	1.09918	1.13066	1.09926	1.09849	1.07213	1.0788	1.0768	1.0822	1.08297	1.08592	1.09295	1.09645	1.09666	1.0992	1.09727	1.09399	1.05196	1.05453	1.06597	1.10727	1.0503	1.05377	1.11883	1.12398	1.10158	1.12632	1.10325	1.1274	1.10863	1.10499	1.10743	1.09439	1.10908	1.12166	1.08038	1.08488	1.07947	1.09268	1.08143	1.0837	0.973033	0.971473	0.984196	0.979386	0.97317	0.980174
ERR608082	1.06455	1.08229	1.08581	1.08461	1.06434	1.06408	0.878428	0.893073	0.880499	0.875292	0.890825	0.877909	1.04998	1.064	1.06705	1.06851	1.06646	1.05208	0.772957	0.791422	0.763784	0.788277	0.787374	0	0.915951	0.935453	0.919127	0.93816	0.92523	0.935593	0.903315	0.936676	0.886689	0.900787	0.883983	0.890264	0.886882	0.89421	0.876735	0.891807	0.894575	0.874526	0.931418	0.909594	0.912378	0.929789	0.93246	0.917993	1.07658	1.08165	1.08186	1.11427	1.08192	1.0811	1.05433	1.06121	1.05843	1.06404	1.0652	1.06836	1.0751	1.07866	1.07889	1.08116	1.07877	1.07589	1.03397	1.03703	1.04942	1.09284	1.03285	1.03594	1.10145	1.1077	1.08411	1.11015	1.08602	1.11097	1.09299	1.08891	1.09208	1.0776	1.09378	1.10586	1.06167	1.06585	1.06007	1.07412	1.06259	1.06517	0.952583	0.950779	0.965546	0.958964	0.95284	0.960894
ERR617515	1.06946	1.08694	1.09072	1.08926	1.06919	1.06915	0.926985	0.938853	0.929007	0.924249	0.936966	0.926356	1.06858	1.08239	1.08528	1.08687	1.0848	1.07072	0.925224	0.938128	0.917317	0.935681	0.934568	0.915951	0	0.831094	0.809798	0.834798	0.817526	0.831149	0.891533	0.921096	0.877374	0.888857	0.875073	0.880627	0.860898	0.868019	0.85151	0.866224	0.868896	0.849068	0.941473	0.921696	0.923989	0.939539	0.941447	0.929043	1.08234	1.08746	1.08745	1.11972	1.08784	1.08705	1.05758	1.0644	1.0616	1.06716	1.06811	1.0715	1.0766	1.08022	1.08043	1.08289	1.08049	1.0776	1.05625	1.05892	1.07052	1.11358	1.0543	1.05824	1.1059	1.11198	1.08808	1.11481	1.08971	1.1156	1.09628	1.09196	1.09514	1.08065	1.09698	1.10931	1.06396	1.06852	1.06256	1.07691	1.06534	1.0677	0.960126	0.958546	0.974777	0.966902	0.959689	0.970083
ERR617512	1.08358	1.09976	1.10302	1.10186	1.08348	1.08328	0.94495	0.954882	0.946165	0.942489	0.953479	0.944657	1.082	1.09502	1.09762	1.09908	1.09698	1.08423	0.943342	0.955184	0.935735	0.953201	0.951831	0.935453	0.831094	0	0.83347	0.849454	0.839535	0.845853	0.906738	0.93309	0.894993	0.9045	0.89323	0.897935	0.878489	0.885007	0.870801	0.883619	0.886028	0.869486	0.954815	0.937143	0.939274	0.952451	0.95423	0.943809	1.09575	1.10006	1.10064	1.13028	1.10085	1.09973	1.07305	1.07936	1.07645	1.08166	1.08275	1.08578	1.09007	1.09337	1.09353	1.09597	1.0933	1.09066	1.07007	1.07288	1.08431	1.1245	1.06878	1.07228	1.11708	1.12377	1.10109	1.12592	1.10287	1.12674	1.10941	1.10497	1.10811	1.09447	1.10979	1.12113	1.07857	1.08228	1.07681	1.09015	1.07951	1.08166	0.976792	0.975588	0.990477	0.983108	0.976919	0.985846
ERR617514	1.07079	1.08813	1.09199	1.09057	1.0707	1.07063	0.929822	0.941535	0.931848	0.927234	0.939545	0.929144	1.07039	1.08427	1.08697	1.08834	1.08647	1.07275	0.928137	0.940526	0.920107	0.938445	0.93683	0.919127	0.809798	0.83347	0	0.837653	0.819999	0.833926	0.893667	0.922756	0.879536	0.891326	0.877547	0.883157	0.863076	0.870545	0.854163	0.86833	0.871379	0.852121	0.94248	0.923345	0.925533	0.940611	0.942776	0.930858	1.08394	1.08895	1.08915	1.12108	1.08945	1.08867	1.05944	1.06653	1.06371	1.06906	1.07011	1.0734	1.07827	1.08207	1.08209	1.08451	1.08178	1.07902	1.05824	1.06103	1.07249	1.11531	1.0566	1.06043	1.10725	1.11335	1.08957	1.11582	1.09141	1.11664	1.09818	1.09342	1.09683	1.08249	1.09854	1.11076	1.06585	1.07014	1.06434	1.0785	1.06714	1.06936	0.961901	0.960632	0.976807	0.969001	0.961868	0.972207
ERR617511	1.08483	1.10027	1.10315	1.10269	1.08462	1.08442	0.953622	0.962422	0.95348	0.951275	0.960503	0.952686	1.08231	1.09444	1.09647	1.09764	1.09617	1.08426	0.945451	0.9579	0.937477	0.956748	0.955489	0.93816	0.834798	0.849454	0.837653	0	0.842326	0.849606	0.908557	0.932517	0.897499	0.90609	0.895927	0.899618	0.880561	0.886264	0.871909	0.884807	0.887147	0.872148	0.952641	0.938629	0.940756	0.951257	0.952727	0.943028	1.09669	1.10107	1.10073	1.12937	1.10104	1.10061	1.07656	1.08306	1.07921	1.08383	1.08493	1.08843	1.09038	1.09362	1.0932	1.09558	1.09231	1.09103	1.06855	1.07122	1.08231	1.12192	1.06787	1.0712	1.11553	1.12326	1.10127	1.12589	1.10273	1.12623	1.11177	1.10676	1.11078	1.09692	1.1123	1.12182	1.07903	1.08195	1.07681	1.08977	1.08025	1.08237	0.973786	0.972983	0.987883	0.979322	0.974211	0.98259
ERR617516	1.07596	1.09231	1.09563	1.09487	1.07582	1.07561	0.940588	0.950599	0.941145	0.938305	0.948583	0.939794	1.07395	1.08679	1.08915	1.09068	1.08849	1.07587	0.933173	0.946286	0.925213	0.94476	0.943746	0.92523	0.817526	0.839535	0.819999	0.842326	0	0.839494	0.898004	0.924521	0.885233	0.895437	0.883451	0.887931	0.868193	0.874134	0.858851	0.872865	0.875442	0.858461	0.944549	0.927971	0.930505	0.94352	0.944882	0.934248	1.08858	1.09306	1.09302	1.12285	1.09324	1.09237	1.06624	1.07296	1.0698	1.07442	1.07549	1.07895	1.08194	1.08544	1.08528	1.08759	1.08501	1.08272	1.06042	1.06347	1.07519	1.11589	1.05935	1.06319	1.10908	1.11653	1.09348	1.11884	1.09518	1.11961	1.10343	1.09862	1.1024	1.08801	1.10382	1.11424	1.07038	1.07371	1.06833	1.08182	1.0716	1.07383	0.964629	0.963301	0.978942	0.970574	0.964433	0.973952
ERR617513	1.08305	1.09937	1.10258	1.10149	1.08275	1.08264	0.9453	0.954999	0.946433	0.942832	0.953314	0.944467	1.08241	1.09531	1.09783	1.09926	1.09763	1.08443	0.944142	0.955554	0.936378	0.953781	0.952527	0.935593	0.831149	0.845853	0.833926	0.849606	0.839494	0	0.907911	0.93386	0.895344	0.904859	0.89371	0.898321	0.879751	0.886145	0.871717	0.884524	0.887209	0.869701	0.955098	0.937663	0.939841	0.953205	0.954656	0.944262	1.09527	1.09993	1.10012	1.13039	1.10063	1.09936	1.07239	1.07884	1.07591	1.08113	1.08178	1.08549	1.08948	1.09302	1.09306	1.09539	1.09284	1.09034	1.07057	1.07335	1.08437	1.1251	1.06916	1.07247	1.11688	1.12342	1.10075	1.1257	1.10229	1.12647	1.10911	1.10461	1.10823	1.09427	1.10967	1.12083	1.07776	1.08186	1.07616	1.08937	1.07909	1.08097	0.977257	0.976194	0.991182	0.983945	0.977592	0.986416
ERR608758	1.08447	1.10048	1.10341	1.10243	1.08418	1.08424	0.935211	0.944232	0.934719	0.932844	0.942346	0.933657	1.06974	1.08288	1.08554	1.08659	1.08493	1.07199	0.910227	0.921996	0.902771	0.921522	0.919865	0.903315	0.891533	0.906738	0.893667	0.908557	0.898004	0.907911	0	0.862373	0.818246	0.829947	0.815144	0.818047	0.86919	0.874894	0.860838	0.873302	0.875795	0.860324	0.93269	0.916581	0.918405	0.931032	0.933077	0.921936	1.095	1.0995	1.09957	1.12929	1.09974	1.09901	1.07698	1.08356	1.08024	1.08505	1.08618	1.08933	1.09117	1.09443	1.09431	1.09654	1.09386	1.09181	1.05289	1.05565	1.0669	1.1082	1.05146	1.0548	1.11769	1.12469	1.1022	1.12652	1.10358	1.12724	1.1094	1.10483	1.1085	1.09454	1.10974	1.12048	1.07907	1.08248	1.07678	1.09003	1.08022	1.08224	0.969446	0.96834	0.982003	0.975131	0.970164	0.977292
ERR608757	1.10791	1.12136	1.12383	1.12324	1.10757	1.10745	0.970014	0.976081	0.968321	0.968138	0.973955	0.968731	1.09232	1.10352	1.10437	1.10566	1.10426	1.09466	0.940964	0.95237	0.934603	0.953119	0.951991	0.936676	0.921096	0.93309	0.922756	0.932517	0.924521	0.93386	0.862373	0	0.854942	0.862015	0.85226	0.853149	0.90114	0.904496	0.893432	0.903254	0.904887	0.895374	0.953054	0.944103	0.945214	0.951771	0.953971	0.945875	1.11672	1.1205	1.12014	1.14416	1.11997	1.11967	1.10307	1.10926	1.10519	1.10861	1.10936	1.11259	1.11203	1.11476	1.11388	1.11617	1.11279	1.11234	1.07554	1.07782	1.08851	1.12432	1.07492	1.078	1.13392	1.14208	1.12214	1.14421	1.1235	1.14434	1.13213	1.12702	1.13124	1.11804	1.1326	1.13948	1.10146	1.10326	1.09861	1.1099	1.10261	1.10448	0.993585	0.993147	1.00473	0.997272	0.994098	1.00028
ERR608760	1.0729	1.09038	1.09371	1.09262	1.07301	1.07272	0.918043	0.929574	0.918613	0.915667	0.927259	0.917022	1.05983	1.07404	1.07738	1.0784	1.07634	1.06212	0.895162	0.907709	0.887631	0.906043	0.904773	0.886689	0.877374	0.894993	0.879536	0.897499	0.885233	0.895344	0.818246	0.854942	0	0.81315	0.794963	0.804633	0.854809	0.861798	0.845342	0.859319	0.862385	0.843609	0.923248	0.903709	0.906108	0.921223	0.923809	0.910816	1.0848	1.08961	1.08991	1.12184	1.08995	1.08909	1.06413	1.07086	1.06802	1.07363	1.07466	1.07778	1.08088	1.08447	1.08435	1.08711	1.08467	1.08179	1.04256	1.04548	1.05753	1.10118	1.041	1.0446	1.10952	1.11573	1.09247	1.11802	1.09425	1.11899	1.09843	1.09404	1.0973	1.08301	1.09892	1.11108	1.06804	1.07213	1.06651	1.08065	1.06923	1.07137	0.958719	0.956706	0.971698	0.965061	0.958296	0.966872
ERR608762	1.0842	1.10027	1.10318	1.10204	1.08416	1.08394	0.932674	0.941906	0.932507	0.930474	0.93995	0.931442	1.06968	1.08285	1.08495	1.08654	1.08456	1.0716	0.908118	0.9196	0.900829	0.919361	0.917908	0.900787	0.888857	0.9045	0.891326	0.90609	0.895437	0.904859	0.829947	0.862015	0.81315	0	0.809919	0.818096	0.866921	0.872945	0.857973	0.870762	0.87294	0.857699	0.930442	0.914192	0.916521	0.928525	0.931093	0.919862	1.09489	1.09918	1.09921	1.12876	1.0994	1.09875	1.07653	1.08305	1.0795	1.08465	1.08581	1.08899	1.0904	1.09415	1.09374	1.0964	1.09338	1.09152	1.05212	1.05521	1.06655	1.10798	1.05102	1.05435	1.11686	1.12386	1.10156	1.12609	1.10319	1.12674	1.10935	1.10466	1.10842	1.09447	1.10998	1.1201	1.07861	1.08195	1.07666	1.08966	1.07974	1.082	0.968572	0.967067	0.981038	0.973972	0.96885	0.976225
ERR608761	1.07102	1.08833	1.09187	1.09031	1.07074	1.07077	0.91583	0.927898	0.916833	0.913462	0.925064	0.914773	1.05683	1.07124	1.07413	1.07574	1.07353	1.05924	0.892633	0.905355	0.885066	0.90381	0.902267	0.883983	0.875073	0.89323	0.877547	0.895927	0.883451	0.89371	0.815144	0.85226	0.794963	0.809919	0	0.801487	0.852088	0.859129	0.842609	0.857101	0.859132	0.841066	0.920512	0.901011	0.903667	0.918625	0.921265	0.908095	1.08243	1.08747	1.08743	1.11988	1.08774	1.08698	1.0623	1.06891	1.06603	1.07148	1.0726	1.07579	1.07869	1.08265	1.08228	1.08509	1.08231	1.07993	1.03951	1.0426	1.05477	1.09896	1.03814	1.04182	1.10739	1.11399	1.09024	1.11615	1.09208	1.11708	1.09694	1.09221	1.09564	1.08115	1.09722	1.1092	1.06593	1.07	1.06399	1.07834	1.06704	1.06927	0.955333	0.953794	0.968758	0.961843	0.955455	0.964078
ERR608759	1.07503	1.09178	1.09485	1.0936	1.07469	1.07457	0.923144	0.933831	0.923324	0.920486	0.931524	0.921634	1.0607	1.07447	1.07746	1.07886	1.07665	1.06292	0.898018	0.910384	0.890634	0.909022	0.908106	0.890264	0.880627	0.897935	0.883157	0.899618	0.887931	0.898321	0.818047	0.853149	0.804633	0.818096	0.801487	0	0.857512	0.86419	0.848548	0.862177	0.864959	0.847573	0.923648	0.905532	0.908197	0.921818	0.924093	0.911891	1.08608	1.09066	1.0908	1.12237	1.0913	1.09046	1.06686	1.07381	1.07028	1.07563	1.07667	1.08013	1.08197	1.08572	1.08553	1.08806	1.08514	1.08266	1.04276	1.0456	1.0576	1.10067	1.04142	1.04497	1.10972	1.11639	1.09346	1.11901	1.09479	1.11976	1.10067	1.09587	1.09969	1.08514	1.10119	1.11239	1.06953	1.0732	1.0674	1.08124	1.07063	1.07294	0.959906	0.957896	0.972554	0.965634	0.959854	0.967718
ERR636697	1.06953	1.08654	1.08995	1.08841	1.06938	1.06942	0.919109	0.930664	0.919933	0.91676	0.929057	0.91797	1.04852	1.06277	1.06557	1.06674	1.06474	1.05089	0.894691	0.908049	0.88666	0.906706	0.905771	0.886882	0.860898	0.878489	0.863076	0.880561	0.868193	0.879751	0.86919	0.90114	0.854809	0.866921	0.852088	0.857512	0	0.775592	0.754159	0.772759	0.776166	0.753535	0.917746	0.899166	0.901296	0.915813	0.917982	0.905889	1.08136	1.08625	1.08634	1.11723	1.08648	1.08543	1.06285	1.06989	1.06639	1.07175	1.07269	1.07616	1.07518	1.07868	1.07865	1.08115	1.0785	1.07602	1.0329	1.03612	1.04806	1.09214	1.03174	1.03534	1.1051	1.11223	1.08864	1.11428	1.09045	1.115	1.09577	1.09092	1.09481	1.08032	1.09635	1.10764	1.06442	1.06811	1.06238	1.07589	1.06555	1.0677	0.929778	0.928861	0.94361	0.935867	0.92976	0.938496
ERR636702	1.07646	1.09253	1.09565	1.09462	1.0763	1.07603	0.92928	0.939274	0.929446	0.927407	0.937901	0.928049	1.05323	1.06658	1.06887	1.07034	1.06803	1.05545	0.901472	0.914781	0.893563	0.914023	0.912866	0.89421	0.868019	0.885007	0.870545	0.886264	0.874134	0.886145	0.874894	0.904496	0.861798	0.872945	0.859129	0.86419	0.775592	0	0.764938	0.777395	0.780386	0.764935	0.921651	0.905832	0.907996	0.920475	0.922344	0.911562	1.08755	1.09219	1.09216	1.12137	1.09221	1.09167	1.07128	1.0777	1.07428	1.07848	1.08005	1.08341	1.08144	1.08446	1.08409	1.08665	1.08372	1.08201	1.03725	1.04026	1.05211	1.09371	1.03653	1.03986	1.10947	1.117	1.0943	1.11938	1.09608	1.11979	1.10235	1.09762	1.10168	1.08731	1.10308	1.11337	1.07094	1.07377	1.06864	1.08136	1.07187	1.07412	0.934084	0.932915	0.94678	0.938907	0.933809	0.941767
ERR636699	1.05977	1.07706	1.08041	1.07914	1.05969	1.05934	0.912911	0.924546	0.913464	0.910343	0.922835	0.911344	1.04006	1.05439	1.05686	1.05838	1.05622	1.04216	0.885391	0.899969	0.875925	0.898722	0.897545	0.876735	0.85151	0.870801	0.854163	0.871909	0.858851	0.871717	0.860838	0.893432	0.845342	0.857973	0.842609	0.848548	0.754159	0.764938	0	0.76178	0.765753	0.740693	0.907278	0.889242	0.891498	0.905873	0.907787	0.896079	1.07189	1.07659	1.0769	1.10847	1.07689	1.07617	1.05325	1.06054	1.05668	1.06197	1.06299	1.06653	1.06523	1.06873	1.06852	1.07096	1.0681	1.06618	1.02334	1.02657	1.03915	1.08401	1.02256	1.02595	1.09538	1.10303	1.07893	1.10561	1.08081	1.10605	1.08745	1.08203	1.08639	1.07103	1.088	1.09874	1.05417	1.05763	1.0516	1.06535	1.0551	1.05753	0.918644	0.917365	0.933866	0.925078	0.918684	0.928163
ERR636700	1.07476	1.09103	1.09411	1.09322	1.07443	1.07436	0.926898	0.93684	0.926732	0.92474	0.93577	0.925634	1.05156	1.06492	1.06753	1.06864	1.06674	1.05403	0.899109	0.912377	0.891136	0.911523	0.91035	0.891807	0.866224	0.883619	0.86833	0.884807	0.872865	0.884524	0.873302	0.903254	0.859319	0.870762	0.857101	0.862177	0.772759	0.777395	0.76178	0	0.77796	0.761636	0.920067	0.903843	0.905914	0.918461	0.920711	0.909452	1.08564	1.09061	1.09055	1.1204	1.09048	1.08995	1.06896	1.07578	1.07201	1.0768	1.07782	1.0814	1.07939	1.08267	1.08224	1.08474	1.08204	1.08011	1.03543	1.03838	1.05041	1.09259	1.03474	1.03792	1.10827	1.11565	1.09244	1.11761	1.09437	1.11857	1.10051	1.09588	1.09944	1.08526	1.10125	1.11175	1.06902	1.07217	1.06671	1.07967	1.06998	1.07216	0.931548	0.930754	0.944838	0.936732	0.931756	0.939694
ERR636701	1.07715	1.09316	1.09603	1.09527	1.0769	1.07664	0.929508	0.939297	0.929214	0.927001	0.938086	0.9282	1.05402	1.06728	1.06965	1.07058	1.06861	1.05595	0.901847	0.914911	0.89382	0.913967	0.912724	0.894575	0.868896	0.886028	0.871379	0.887147	0.875442	0.887209	0.875795	0.904887	0.862385	0.87294	0.859132	0.864959	0.776166	0.780386	0.765753	0.77796	0	0.765633	0.922368	0.906391	0.908693	0.921165	0.923254	0.912188	1.0881	1.09271	1.09267	1.12201	1.09291	1.09197	1.07132	1.07804	1.07435	1.07907	1.08006	1.08369	1.0818	1.08518	1.08473	1.0872	1.08458	1.0826	1.03775	1.04049	1.05247	1.09416	1.03676	1.04008	1.11042	1.11754	1.09464	1.11973	1.09654	1.12054	1.10277	1.09799	1.10174	1.08764	1.10342	1.11359	1.07175	1.0747	1.0692	1.08242	1.07268	1.07503	0.934764	0.934018	0.947676	0.939874	0.934863	0.942658
ERR636698	1.05808	1.07615	1.07965	1.07832	1.05808	1.05784	0.906755	0.919917	0.908823	0.904192	0.918399	0.905792	1.03935	1.05461	1.05789	1.05904	1.05699	1.04176	0.884353	0.898502	0.874965	0.896221	0.895205	0.874526	0.849068	0.869486	0.852121	0.872148	0.858461	0.869701	0.860324	0.895374	0.843609	0.857699	0.841066	0.847573	0.753535	0.764935	0.740693	0.761636	0.765633	0	0.909879	0.888254	0.891432	0.907947	0.910476	0.89703	1.07093	1.07615	1.07631	1.10947	1.07654	1.07544	1.0507	1.05765	1.05443	1.06029	1.0611	1.06467	1.06444	1.06852	1.06823	1.071	1.06851	1.06578	1.02422	1.02767	1.04012	1.08593	1.02284	1.02656	1.09649	1.10311	1.07841	1.10531	1.08062	1.10619	1.08539	1.0802	1.08422	1.06921	1.08615	1.09827	1.0533	1.05745	1.05159	1.06583	1.05429	1.05656	0.920481	0.918834	0.935532	0.927317	0.920189	0.92999
ERR617026	1.08452	1.0986	1.10122	1.10112	1.08406	1.08425	0.93295	0.939359	0.930186	0.931979	0.938801	0.931232	1.07902	1.09047	1.09084	1.09216	1.09029	1.08082	0.937531	0.951427	0.928188	0.952233	0.951347	0.931418	0.941473	0.954815	0.94248	0.952641	0.944549	0.955098	0.93269	0.953054	0.923248	0.930442	0.920512	0.923648	0.917746	0.921651	0.907278	0.920067	0.922368	0.909879	0	0.762535	0.764717	0.766282	0.768966	0.764829	1.09391	1.09684	1.09691	1.1227	1.09699	1.09598	1.0809	1.08774	1.08203	1.08541	1.08676	1.09119	1.0926	1.09597	1.09499	1.09683	1.09304	1.0938	1.02976	1.03241	1.04364	1.07956	1.03082	1.03426	1.10329	1.11397	1.09174	1.11672	1.09355	1.11648	1.11593	1.10978	1.11517	1.10049	1.11674	1.12265	1.07798	1.07901	1.07393	1.08627	1.07889	1.08086	0.974067	0.973081	0.988816	0.977989	0.974748	0.982819
ERR617023	1.06824	1.08528	1.08869	1.08766	1.06813	1.06815	0.905791	0.916211	0.905805	0.904368	0.915251	0.904551	1.06617	1.07991	1.08183	1.08367	1.08153	1.06823	0.918482	0.931699	0.908861	0.93088	0.929549	0.909594	0.921696	0.937143	0.923345	0.938629	0.927971	0.937663	0.916581	0.944103	0.903709	0.914192	0.901011	0.905532	0.899166	0.905832	0.889242	0.903843	0.906391	0.888254	0.762535	0	0.743422	0.761463	0.764063	0.748798	1.07895	1.08328	1.08382	1.11504	1.08418	1.08279	1.06084	1.06789	1.06374	1.06886	1.06992	1.07403	1.07941	1.0834	1.08281	1.08527	1.0821	1.08061	1.02176	1.02462	1.0363	1.07755	1.02117	1.02527	1.0951	1.10291	1.07859	1.10595	1.08096	1.10609	1.09917	1.09351	1.09834	1.08324	1.09982	1.1101	1.06293	1.06595	1.06007	1.07397	1.06346	1.06592	0.962713	0.961075	0.978418	0.969338	0.963159	0.972807
ERR617022	1.07083	1.08765	1.0911	1.09008	1.07052	1.07053	0.908848	0.918462	0.908619	0.907506	0.918188	0.907735	1.0685	1.08234	1.08403	1.08555	1.08348	1.07051	0.920951	0.934281	0.911372	0.933125	0.932007	0.912378	0.923989	0.939274	0.925533	0.940756	0.930505	0.939841	0.918405	0.945214	0.906108	0.916521	0.903667	0.908197	0.901296	0.907996	0.891498	0.905914	0.908693	0.891432	0.764717	0.743422	0	0.763507	0.766573	0.751349	1.08161	1.08585	1.08609	1.11667	1.08653	1.08522	1.06391	1.0707	1.06667	1.07174	1.07268	1.07663	1.08171	1.08562	1.0851	1.08744	1.0842	1.08301	1.0241	1.02696	1.03842	1.07864	1.02356	1.02765	1.09702	1.10483	1.08088	1.10779	1.08296	1.10795	1.10169	1.09634	1.10058	1.08572	1.10209	1.11224	1.06528	1.06842	1.06266	1.07652	1.0663	1.06856	0.9648	0.963314	0.980764	0.971018	0.965153	0.975004
ERR617024	1.08426	1.09868	1.10147	1.1013	1.08401	1.08388	0.929309	0.935736	0.926599	0.928386	0.935103	0.927549	1.07944	1.09104	1.09186	1.09316	1.09157	1.08154	0.936352	0.949356	0.926811	0.949836	0.949143	0.929789	0.939539	0.952451	0.940611	0.951257	0.94352	0.953205	0.931032	0.951771	0.921223	0.928525	0.918625	0.921818	0.915813	0.920475	0.905873	0.918461	0.921165	0.907947	0.766282	0.761463	0.763507	0	0.768869	0.764292	1.09362	1.09686	1.09712	1.12362	1.09738	1.09635	1.08025	1.08689	1.08133	1.08518	1.08629	1.09089	1.09277	1.09628	1.09571	1.09733	1.09361	1.0942	1.03154	1.03431	1.04547	1.08212	1.03226	1.03602	1.10414	1.11435	1.09207	1.11709	1.09404	1.11713	1.11516	1.10959	1.11443	1.09995	1.11579	1.12256	1.07808	1.0795	1.07436	1.08653	1.07889	1.08092	0.975252	0.973995	0.990281	0.97959	0.975866	0.984059
ERR617025	1.08575	1.09984	1.10247	1.10263	1.08526	1.08535	0.931698	0.938043	0.928951	0.930698	0.937502	0.930094	1.08089	1.09241	1.09298	1.09462	1.09283	1.08285	0.938947	0.951906	0.929566	0.95255	0.951738	0.93246	0.941447	0.95423	0.942776	0.952727	0.944882	0.954656	0.933077	0.953971	0.923809	0.931093	0.921265	0.924093	0.917982	0.922344	0.907787	0.920711	0.923254	0.910476	0.768966	0.764063	0.766573	0.768869	0	0.767268	1.09475	1.09789	1.09819	1.12444	1.09844	1.09744	1.08167	1.08821	1.08278	1.08647	1.08788	1.09197	1.0938	1.09751	1.09669	1.09859	1.09485	1.09534	1.03276	1.03541	1.04659	1.08299	1.03368	1.03728	1.10484	1.11546	1.09315	1.11811	1.09494	1.11808	1.11629	1.11041	1.11561	1.10113	1.11715	1.12355	1.07912	1.08076	1.07559	1.08765	1.08025	1.08232	0.976196	0.975413	0.991161	0.980663	0.976991	0.985237
ERR617021	1.07549	1.09116	1.09419	1.09378	1.07514	1.07529	0.918148	0.926721	0.916824	0.917042	0.925726	0.916597	1.07123	1.08388	1.08503	1.08659	1.0846	1.0732	0.925235	0.938697	0.91601	0.938706	0.937947	0.917993	0.929043	0.943809	0.930858	0.943028	0.934248	0.944262	0.921936	0.945875	0.910816	0.919862	0.908095	0.911891	0.905889	0.911562	0.896079	0.909452	0.912188	0.89703	0.764829	0.748798	0.751349	0.764292	0.767268	0	1.08547	1.08904	1.08949	1.11811	1.08972	1.08832	1.07015	1.07711	1.07226	1.07662	1.07764	1.08205	1.08516	1.08854	1.08795	1.09022	1.08659	1.08639	1.02561	1.02842	1.03993	1.07827	1.02585	1.02969	1.09836	1.10762	1.08442	1.1107	1.08656	1.11078	1.10661	1.10098	1.106	1.09101	1.10744	1.11557	1.0695	1.07157	1.0658	1.07882	1.07037	1.07244	0.966189	0.964688	0.9815	0.971205	0.966541	0.97573
