	ERR626813	ERR626814	ERR626815	ERR626817	ERR626818	ERR626816	ERR605682	ERR605679	ERR605680	ERR605681	ERR605677	ERR605678	ERR612555	ERR612554	ERR612553	ERR612557	ERR612558	ERR612556	ERR613458	ERR613455	ERR613460	ERR613456	ERR613457	ERR613459	ERR613041	ERR613042	ERR613046	ERR613045	ERR613043	ERR613044	ERR636774	ERR636771	ERR636770	ERR636772	ERR636769	ERR636773	ERR636894	ERR636891	ERR636890	ERR636893	ERR636889	ERR636892	ERR608919	ERR608924	ERR608921	ERR608923	ERR608920	ERR608922	ERR630510	ERR630507	ERR630506	ERR630511	ERR630508	ERR630509	ERR635311	ERR635314	ERR635313	ERR635310	ERR635312	ERR635315	ERR617174	ERR617173	ERR617175	ERR617177	ERR617176	ERR617178	ERR616722	ERR616721	ERR616720	ERR616719	ERR616723	ERR616718	ERR631724	ERR631719	ERR631721	ERR631722	ERR631723	ERR631720	ERR605648	ERR605649	ERR605652	ERR605647	ERR605651	ERR605650	ERR607780	ERR607779	ERR607776	ERR607775	ERR607778	ERR607777	ERR617378	ERR617374	ERR617376	ERR617375	ERR617377	ERR617373
ERR626813	0	0.764818	0.762787	0.804327	0.748945	0.801775	1.02108	1.02273	1.02645	1.01916	1.0087	1.02038	0.907643	0.931387	0.895418	0.930137	0.933927	0.93243	0.905033	0.89086	0.908075	0.891262	0.891809	0.906517	0.914653	0.92923	1.00708	1.00266	0.928874	1.01187	0.88621	0.88897	0.888267	0.887599	0.898829	0.887306	0.890234	0.871773	0.869394	0.891536	0.882805	0.888663	0.972157	0.971878	0.9442	0.970234	0.945928	0.969189	0.959236	0.976537	0.96454	0.957598	0.96767	0.958116	1.064	1.07624	1.07501	1.06972	1.05821	1.07713	1.06695	1.0731	1.06657	1.04852	1.04922	1.07886	1.05098	1.05084	1.06379	1.0576	1.05024	1.05889	1.05669	1.05639	1.04847	1.05283	1.05161	1.06434	1.04913	1.05107	1.05108	1.04119	1.05022	1.05374	1.05158	1.0496	1.06883	1.05222	1.06681	1.05117	1.06885	1.08328	1.06845	1.08262	1.0697	1.08381
ERR626814	0.764818	0	0.775675	0.814918	0.763422	0.812847	1.0294	1.03117	1.0348	1.02734	1.0176	1.02892	0.917078	0.940393	0.906309	0.938647	0.942659	0.940973	0.913871	0.900391	0.916966	0.901352	0.901482	0.915542	0.924317	0.938157	1.01283	1.00882	0.93763	1.01782	0.896807	0.899307	0.898946	0.898518	0.90828	0.898169	0.899192	0.881822	0.880013	0.900252	0.892565	0.897998	0.97915	0.979952	0.954152	0.97845	0.95516	0.977417	0.969158	0.985124	0.974311	0.967286	0.977063	0.96816	1.07135	1.08287	1.08164	1.07659	1.06585	1.08361	1.07578	1.08117	1.07554	1.05808	1.05879	1.08604	1.05982	1.05986	1.07281	1.06653	1.05919	1.06789	1.06555	1.06481	1.05782	1.06184	1.06045	1.07297	1.05712	1.05865	1.05853	1.04918	1.05749	1.0614	1.06077	1.05857	1.07668	1.06126	1.07515	1.06037	1.07785	1.0916	1.07744	1.09087	1.07889	1.09176
ERR626815	0.762787	0.775675	0	0.813001	0.76073	0.810974	1.0281	1.02969	1.03278	1.02594	1.01554	1.02717	0.916652	0.940219	0.904961	0.938344	0.94198	0.940382	0.912889	0.899992	0.915919	0.900346	0.900772	0.914567	0.92337	0.937484	1.01229	1.0084	0.937174	1.01695	0.896525	0.899154	0.898655	0.897943	0.907976	0.897591	0.898399	0.881221	0.878637	0.89965	0.891236	0.897183	0.978701	0.979124	0.952789	0.977574	0.953798	0.976489	0.968445	0.984836	0.973738	0.966775	0.976452	0.967613	1.07129	1.08298	1.0819	1.07702	1.06575	1.08386	1.07433	1.08003	1.07382	1.05631	1.05689	1.08553	1.05869	1.05845	1.07133	1.06503	1.05786	1.06644	1.06407	1.06375	1.05634	1.06051	1.05942	1.07159	1.05748	1.05871	1.05892	1.04963	1.05808	1.06155	1.05949	1.05753	1.07608	1.06011	1.07424	1.05918	1.07627	1.09034	1.07584	1.08941	1.07739	1.0907
ERR626817	0.804327	0.814918	0.813001	0	0.801015	0.837441	1.04847	1.04834	1.05068	1.04699	1.03566	1.04687	0.948885	0.968668	0.937359	0.966339	0.96993	0.968579	0.941417	0.931753	0.943706	0.932184	0.93256	0.942728	0.954095	0.96718	1.03423	1.0303	0.967091	1.03798	0.929509	0.932684	0.931188	0.93137	0.94013	0.930152	0.928125	0.913155	0.910244	0.92899	0.921273	0.926923	1.00588	1.00404	0.981679	1.00247	0.982791	1.00191	0.997759	1.01369	1.00274	0.996051	1.00534	0.996354	1.09454	1.1058	1.10503	1.10067	1.08948	1.10668	1.09568	1.1014	1.09508	1.07905	1.07966	1.10803	1.08262	1.08199	1.09311	1.08789	1.08191	1.08926	1.08756	1.08687	1.07958	1.08391	1.08285	1.09307	1.08133	1.08264	1.0835	1.07391	1.08281	1.08451	1.08407	1.08213	1.09913	1.08402	1.0973	1.08319	1.09752	1.11043	1.09689	1.10939	1.09811	1.11177
ERR626818	0.748945	0.763422	0.76073	0.801015	0	0.798244	1.01926	1.02045	1.02379	1.01697	1.00635	1.01803	0.904922	0.92966	0.892605	0.927709	0.931576	0.929966	0.902507	0.887994	0.905182	0.888605	0.888857	0.903754	0.911895	0.926658	1.00513	1.00072	0.926503	1.00989	0.883685	0.886029	0.886254	0.885061	0.895923	0.884792	0.887766	0.868983	0.866654	0.888839	0.879826	0.885799	0.969434	0.969676	0.941414	0.967882	0.942806	0.966732	0.957287	0.974646	0.962589	0.955541	0.965523	0.956334	1.06273	1.0752	1.07377	1.06868	1.05707	1.07572	1.06497	1.07121	1.06468	1.04638	1.04677	1.07665	1.04915	1.04848	1.06191	1.05549	1.04821	1.05697	1.05469	1.05434	1.04652	1.05093	1.04962	1.06231	1.04781	1.04961	1.04969	1.03981	1.0487	1.05234	1.05001	1.04754	1.06689	1.05026	1.065	1.04946	1.06696	1.08152	1.06649	1.08061	1.06792	1.08213
ERR626816	0.801775	0.812847	0.810974	0.837441	0.798244	0	1.0477	1.047	1.04972	1.04646	1.03443	1.04592	0.946825	0.966851	0.935181	0.964756	0.96793	0.966884	0.939921	0.929984	0.94239	0.930778	0.931051	0.941073	0.952474	0.965935	1.03299	1.02916	0.965797	1.0367	0.927304	0.930441	0.929008	0.929027	0.937671	0.928634	0.926339	0.91121	0.908012	0.927196	0.919201	0.924933	1.00468	1.0028	0.980145	1.00125	0.981437	1.00044	0.996148	1.01194	1.00118	0.994747	1.00345	0.994902	1.09325	1.10557	1.10419	1.09991	1.08824	1.106	1.09473	1.10105	1.09415	1.07845	1.07873	1.10745	1.08147	1.0812	1.09182	1.08681	1.08107	1.08823	1.08603	1.08539	1.07824	1.08238	1.08157	1.0919	1.08025	1.08119	1.08252	1.07259	1.0819	1.08309	1.08266	1.08102	1.09819	1.08273	1.0958	1.08181	1.0959	1.10885	1.09547	1.10812	1.09658	1.11031
ERR605682	1.02108	1.0294	1.0281	1.04847	1.01926	1.0477	0	0.853328	0.852111	0.846572	0.843474	0.8504	0.965572	0.986132	0.961062	0.986184	0.98906	0.98639	0.966078	0.951277	0.967003	0.951299	0.951498	0.96658	0.945493	0.952426	0.988064	0.985064	0.952709	0.989022	1.01173	1.01462	1.01369	1.01289	1.02089	1.01237	1.03274	1.01547	1.01339	1.03433	1.02562	1.03132	1.10505	1.10244	1.08159	1.10146	1.08413	1.1007	1.05212	1.06678	1.05795	1.05143	1.05967	1.05145	1.11653	1.12603	1.12608	1.12228	1.1122	1.12682	1.09981	1.10377	1.09907	1.08586	1.08588	1.1082	1.09059	1.08997	1.10005	1.09549	1.08984	1.09674	1.10134	1.10112	1.09515	1.09862	1.09793	1.10719	1.0281	1.02783	1.02838	1.02509	1.02883	1.02774	1.09788	1.09611	1.11073	1.09819	1.10949	1.09735	1.05368	1.05858	1.05296	1.0579	1.05401	1.05754
ERR605679	1.02273	1.03117	1.02969	1.04834	1.02045	1.047	0.853328	0	0.85055	0.853103	0.838109	0.84673	0.970999	0.990153	0.965051	0.989889	0.992341	0.98941	0.970072	0.956876	0.970658	0.956618	0.957243	0.970257	0.948408	0.95707	0.991751	0.989856	0.957399	0.992706	1.01499	1.01814	1.01634	1.01633	1.02385	1.01583	1.03599	1.01913	1.01588	1.03723	1.02844	1.03435	1.1104	1.10547	1.08489	1.10467	1.08768	1.10396	1.05536	1.07081	1.06145	1.05482	1.06296	1.05467	1.12048	1.13155	1.13156	1.12738	1.11623	1.13243	1.1017	1.10691	1.10059	1.08767	1.08773	1.11328	1.09325	1.09279	1.10151	1.09701	1.09298	1.09845	1.10416	1.10353	1.097	1.10136	1.10051	1.10887	1.03293	1.03217	1.03475	1.02938	1.03555	1.03149	1.10128	1.09983	1.11435	1.101	1.11274	1.1001	1.05514	1.06038	1.0546	1.05958	1.05566	1.06085
ERR605680	1.02645	1.0348	1.03278	1.05068	1.02379	1.04972	0.852111	0.85055	0	0.851883	0.840133	0.848828	0.97616	0.994863	0.969498	0.994244	0.996424	0.993895	0.974797	0.962548	0.975511	0.962508	0.963214	0.974864	0.953436	0.96229	0.996186	0.993931	0.962869	0.996713	1.01968	1.02313	1.0205	1.02079	1.02845	1.02064	1.04044	1.02347	1.01969	1.04162	1.03277	1.03894	1.11535	1.10933	1.08855	1.10846	1.092	1.10786	1.06046	1.07668	1.06687	1.0603	1.06832	1.05931	1.12466	1.1361	1.13618	1.13198	1.12024	1.1367	1.10499	1.11037	1.10371	1.09083	1.09104	1.11814	1.09715	1.09666	1.10468	1.1007	1.09648	1.10227	1.1081	1.10739	1.10052	1.10527	1.10461	1.11232	1.03731	1.03631	1.03992	1.03333	1.04031	1.03508	1.10545	1.10411	1.11836	1.10483	1.11678	1.10411	1.05792	1.06343	1.05782	1.06264	1.05858	1.06472
ERR605681	1.01916	1.02734	1.02594	1.04699	1.01697	1.04646	0.846572	0.853103	0.851883	0	0.843097	0.849654	0.962864	0.983195	0.958181	0.983456	0.986329	0.983359	0.963035	0.947905	0.963643	0.947822	0.948231	0.962997	0.94285	0.949922	0.986264	0.984259	0.950056	0.987727	1.0085	1.01153	1.01073	1.00968	1.01767	1.00961	1.03049	1.01321	1.01118	1.03177	1.02384	1.02874	1.10243	1.10051	1.07949	1.09972	1.08168	1.09887	1.04885	1.06336	1.05453	1.04798	1.05645	1.04812	1.11531	1.12471	1.12417	1.12052	1.11083	1.12569	1.0985	1.10261	1.09803	1.08461	1.08482	1.10661	1.0888	1.08849	1.09863	1.09396	1.08819	1.09499	1.10008	1.09947	1.09366	1.09687	1.09632	1.10599	1.02675	1.02667	1.02697	1.0237	1.02737	1.02685	1.09612	1.09448	1.10908	1.09657	1.10783	1.0958	1.05313	1.05806	1.05224	1.05714	1.05307	1.05685
ERR605677	1.0087	1.0176	1.01554	1.03566	1.00635	1.03443	0.843474	0.838109	0.840133	0.843097	0	0.834884	0.962675	0.982584	0.955598	0.98239	0.984718	0.981813	0.957127	0.943906	0.957965	0.94351	0.944499	0.957448	0.940301	0.949887	0.990491	0.988059	0.950907	0.991194	1.00165	1.00554	1.00315	1.00303	1.011	1.00234	1.02561	1.0073	1.00396	1.02656	1.0172	1.02346	1.10107	1.09551	1.07331	1.09417	1.07664	1.09358	1.04375	1.0608	1.05041	1.04391	1.05189	1.0431	1.11164	1.1236	1.12373	1.11889	1.1073	1.12429	1.09138	1.09706	1.09038	1.07662	1.07659	1.10425	1.08265	1.08215	1.0914	1.0869	1.08206	1.08814	1.09429	1.09338	1.08675	1.09083	1.09057	1.09912	1.02721	1.02705	1.03029	1.02317	1.03065	1.02623	1.091	1.08927	1.10468	1.09013	1.10263	1.08933	1.04856	1.0549	1.04827	1.05441	1.04907	1.05585
ERR605678	1.02038	1.02892	1.02717	1.04687	1.01803	1.04592	0.8504	0.84673	0.848828	0.849654	0.834884	0	0.968289	0.988012	0.962385	0.987683	0.990211	0.986943	0.967521	0.95381	0.968022	0.953951	0.954385	0.967525	0.946332	0.95469	0.990708	0.988258	0.955167	0.991572	1.01204	1.01571	1.01355	1.01336	1.02145	1.01265	1.03424	1.01619	1.01355	1.03514	1.02648	1.03202	1.10838	1.10376	1.08254	1.10282	1.08555	1.10205	1.05312	1.06883	1.05924	1.05298	1.06092	1.05243	1.11866	1.12973	1.12945	1.12523	1.11436	1.13034	1.09993	1.10514	1.09911	1.08585	1.08605	1.11143	1.09109	1.09072	1.09974	1.09533	1.09063	1.09687	1.10245	1.10163	1.09529	1.09908	1.09852	1.10726	1.03098	1.03075	1.03339	1.02731	1.03375	1.03045	1.09871	1.09753	1.11194	1.09842	1.1104	1.09783	1.05387	1.05929	1.05353	1.0587	1.05443	1.05926
ERR612555	0.907643	0.917078	0.916652	0.948885	0.904922	0.946825	0.965572	0.970999	0.97616	0.962864	0.962675	0.968289	0	0.803594	0.76676	0.806222	0.812478	0.808764	0.892321	0.875098	0.895084	0.875471	0.875581	0.894182	0.863642	0.872482	0.933627	0.930158	0.872657	0.937985	0.883956	0.884085	0.885965	0.884595	0.892567	0.88465	0.901628	0.886751	0.886657	0.903281	0.896832	0.899999	1.00444	1.01062	0.986314	1.00965	0.986437	1.00837	0.972749	0.985566	0.977413	0.971314	0.97975	0.972675	1.07997	1.08949	1.08802	1.0832	1.07464	1.08992	1.08946	1.09329	1.08964	1.07327	1.07383	1.09509	1.07518	1.0754	1.08798	1.08188	1.07457	1.08294	1.08001	1.0801	1.07379	1.07689	1.07555	1.08822	1.02005	1.02054	1.01891	1.01582	1.01815	1.02387	1.07926	1.0768	1.09366	1.08079	1.09277	1.07976	1.0588	1.06656	1.05805	1.06573	1.05911	1.06454
ERR612554	0.931387	0.940393	0.940219	0.968668	0.92966	0.966851	0.986132	0.990153	0.994863	0.983195	0.982584	0.988012	0.803594	0	0.798178	0.831836	0.836998	0.834007	0.913573	0.899483	0.916201	0.89994	0.900111	0.915722	0.888279	0.896105	0.952317	0.949331	0.896897	0.956202	0.908075	0.908232	0.909543	0.908407	0.915243	0.908888	0.922107	0.909521	0.908626	0.923415	0.91797	0.920639	1.02358	1.02893	1.00644	1.02775	1.0066	1.02677	0.993574	1.00538	0.99778	0.99236	0.999827	0.993376	1.09519	1.10448	1.10345	1.09847	1.09047	1.10496	1.10662	1.11025	1.10676	1.09161	1.09174	1.11264	1.09335	1.09377	1.10506	1.09967	1.09306	1.10062	1.0972	1.09746	1.09148	1.09444	1.0933	1.10475	1.03926	1.03968	1.03849	1.03532	1.03803	1.04293	1.09755	1.09542	1.11072	1.09896	1.11014	1.09779	1.07731	1.08464	1.07668	1.08421	1.07807	1.08329
ERR612553	0.895418	0.906309	0.904961	0.937359	0.892605	0.935181	0.961062	0.965051	0.969498	0.958181	0.955598	0.962385	0.76676	0.798178	0	0.800586	0.806448	0.802837	0.884378	0.868045	0.887307	0.86845	0.868745	0.886445	0.858333	0.869391	0.935342	0.931387	0.869906	0.939215	0.874034	0.874532	0.875775	0.874685	0.883203	0.875047	0.894791	0.878538	0.87712	0.896117	0.889023	0.892744	0.999715	1.0036	0.977799	1.00226	0.978625	1.00106	0.96521	0.979497	0.970263	0.963986	0.972433	0.964865	1.07472	1.08553	1.08434	1.07876	1.06925	1.08627	1.08078	1.08586	1.08118	1.06412	1.06446	1.0894	1.06677	1.06711	1.07952	1.07306	1.06636	1.07438	1.07164	1.07174	1.06488	1.06865	1.06722	1.07954	1.01724	1.01765	1.01704	1.01238	1.01633	1.02054	1.07131	1.06918	1.08675	1.07241	1.08549	1.0716	1.05187	1.06105	1.05123	1.06026	1.05265	1.05994
ERR612557	0.930137	0.938647	0.938344	0.966339	0.927709	0.964756	0.986184	0.989889	0.994244	0.983456	0.98239	0.987683	0.806222	0.831836	0.800586	0	0.833203	0.830378	0.913454	0.89995	0.916119	0.90023	0.900915	0.915561	0.88967	0.898402	0.95439	0.951496	0.898807	0.95796	0.907589	0.907778	0.908701	0.908084	0.914393	0.90828	0.922117	0.908865	0.908217	0.922671	0.917333	0.920479	1.02385	1.02844	1.00644	1.02764	1.00666	1.02631	0.994191	1.0059	0.99832	0.992965	1.0003	0.99396	1.09517	1.10474	1.10328	1.09888	1.09012	1.10519	1.10552	1.10983	1.10578	1.09018	1.09062	1.11215	1.09235	1.0924	1.10393	1.09842	1.09217	1.09955	1.09627	1.09626	1.09032	1.09319	1.09234	1.10355	1.0407	1.04081	1.03999	1.03655	1.03946	1.04351	1.09665	1.09475	1.11031	1.09765	1.10925	1.09666	1.07715	1.0844	1.07626	1.08358	1.07735	1.08326
ERR612558	0.933927	0.942659	0.94198	0.96993	0.931576	0.96793	0.98906	0.992341	0.996424	0.986329	0.984718	0.990211	0.812478	0.836998	0.806448	0.833203	0	0.834971	0.917051	0.904287	0.919849	0.904231	0.904674	0.91945	0.89354	0.901964	0.957883	0.954575	0.902618	0.961167	0.911091	0.911502	0.91244	0.911571	0.918261	0.911523	0.925838	0.912688	0.911734	0.926713	0.920976	0.924114	1.02705	1.03156	1.00965	1.03054	1.00952	1.02904	0.997904	1.01016	1.00235	0.996798	1.00419	0.997654	1.09836	1.10806	1.10669	1.10209	1.09357	1.10866	1.10762	1.11183	1.10785	1.09281	1.09331	1.11492	1.09491	1.09532	1.1064	1.10099	1.09458	1.10209	1.09862	1.09865	1.09265	1.09592	1.09482	1.10588	1.04349	1.0439	1.04313	1.03911	1.04226	1.04647	1.09897	1.09715	1.11274	1.10029	1.11171	1.0993	1.07928	1.08704	1.07881	1.08628	1.07999	1.08559
ERR612556	0.93243	0.940973	0.940382	0.968579	0.929966	0.966884	0.98639	0.98941	0.993895	0.983359	0.981813	0.986943	0.808764	0.834007	0.802837	0.830378	0.834971	0	0.91561	0.902199	0.918067	0.90242	0.903261	0.917721	0.890759	0.899252	0.954949	0.951581	0.899709	0.958704	0.909481	0.909969	0.911069	0.910222	0.916752	0.910457	0.924834	0.911782	0.911037	0.925903	0.920393	0.92286	1.02656	1.03076	1.00842	1.02963	1.00874	1.02823	0.995261	1.0076	0.999437	0.994166	1.00154	0.995082	1.09609	1.10571	1.10499	1.09997	1.09124	1.10664	1.10601	1.1101	1.10598	1.09117	1.09158	1.11331	1.09337	1.09331	1.10481	1.09901	1.093	1.10014	1.09702	1.09695	1.09094	1.0941	1.09313	1.10429	1.04074	1.04091	1.04037	1.03627	1.03975	1.04365	1.09735	1.09551	1.11098	1.09849	1.11002	1.0976	1.07675	1.08437	1.07624	1.08359	1.07752	1.08311
ERR613458	0.905033	0.913871	0.912889	0.941417	0.902507	0.939921	0.966078	0.970072	0.974797	0.963035	0.957127	0.967521	0.892321	0.913573	0.884378	0.913454	0.917051	0.91561	0	0.777456	0.795289	0.77795	0.778592	0.793605	0.892737	0.903576	0.971388	0.967697	0.903693	0.976444	0.895678	0.896871	0.897033	0.896532	0.903517	0.895923	0.899814	0.886774	0.886292	0.901301	0.895241	0.898672	0.983959	0.989938	0.966835	0.988201	0.966598	0.986966	0.968636	0.982023	0.973515	0.967559	0.975569	0.96819	1.06647	1.07733	1.07624	1.07147	1.06151	1.07838	1.08095	1.08522	1.08062	1.06462	1.06504	1.08915	1.06173	1.06172	1.07487	1.0679	1.06162	1.06961	1.07159	1.07136	1.0649	1.06792	1.06701	1.07944	1.04094	1.04207	1.04116	1.03462	1.04042	1.04556	1.06472	1.06215	1.07962	1.06574	1.07848	1.06462	1.07566	1.08808	1.07569	1.08703	1.07684	1.08677
ERR613455	0.89086	0.900391	0.899992	0.931753	0.887994	0.929984	0.951277	0.956876	0.962548	0.947905	0.943906	0.95381	0.875098	0.899483	0.868045	0.89995	0.904287	0.902199	0.777456	0	0.78177	0.754964	0.755311	0.779882	0.876657	0.887722	0.960369	0.956488	0.887895	0.965896	0.88072	0.881156	0.882391	0.880702	0.888903	0.880681	0.8876	0.87262	0.872955	0.889219	0.882643	0.886446	0.971291	0.978658	0.953807	0.977089	0.95339	0.975363	0.952775	0.966283	0.957518	0.951361	0.959762	0.952129	1.05322	1.06341	1.06237	1.05715	1.04812	1.06484	1.06711	1.07073	1.06728	1.04985	1.05061	1.07356	1.04602	1.04637	1.06073	1.05372	1.04581	1.05501	1.05688	1.05712	1.05022	1.05333	1.05216	1.06592	1.02508	1.02631	1.02464	1.01877	1.02373	1.03049	1.0488	1.0463	1.06457	1.05046	1.06388	1.04947	1.06215	1.07432	1.06163	1.07313	1.06272	1.07196
ERR613460	0.908075	0.916966	0.915919	0.943706	0.905182	0.94239	0.967003	0.970658	0.975511	0.963643	0.957965	0.968022	0.895084	0.916201	0.887307	0.916119	0.919849	0.918067	0.795289	0.78177	0	0.782247	0.782586	0.797066	0.896048	0.906604	0.973972	0.970019	0.907485	0.978276	0.8991	0.900183	0.900471	0.900074	0.906997	0.899351	0.903836	0.89051	0.890216	0.905073	0.898677	0.902416	0.98724	0.992545	0.970353	0.990923	0.969985	0.989825	0.971173	0.984701	0.975975	0.970061	0.977887	0.970402	1.06787	1.07857	1.07733	1.07247	1.06312	1.07946	1.08124	1.0854	1.08133	1.06504	1.06543	1.08956	1.06223	1.06228	1.07522	1.06846	1.06202	1.06998	1.07227	1.07187	1.06514	1.06851	1.06774	1.07973	1.04212	1.04322	1.04238	1.0356	1.04157	1.04664	1.0652	1.06288	1.08021	1.0662	1.07906	1.0649	1.07617	1.08829	1.07562	1.08711	1.07683	1.08688
ERR613456	0.891262	0.901352	0.900346	0.932184	0.888605	0.930778	0.951299	0.956618	0.962508	0.947822	0.94351	0.953951	0.875471	0.89994	0.86845	0.90023	0.904231	0.90242	0.77795	0.754964	0.782247	0	0.756056	0.780519	0.8772	0.887994	0.960085	0.955733	0.888086	0.965519	0.881788	0.882198	0.883538	0.882425	0.890449	0.881656	0.888225	0.872822	0.873706	0.889798	0.883129	0.886692	0.972201	0.979428	0.954597	0.977726	0.954254	0.976503	0.95354	0.967402	0.958465	0.952284	0.960877	0.953014	1.05432	1.06487	1.0637	1.05863	1.04916	1.06594	1.0681	1.07189	1.06826	1.05091	1.05169	1.07483	1.04733	1.04774	1.06198	1.05476	1.04713	1.05623	1.05792	1.05787	1.05113	1.05416	1.05319	1.06664	1.0257	1.02685	1.0253	1.01934	1.02432	1.03099	1.05029	1.04769	1.06583	1.05159	1.06506	1.05068	1.06235	1.07479	1.06212	1.07328	1.06311	1.07223
ERR613457	0.891809	0.901482	0.900772	0.93256	0.888857	0.931051	0.951498	0.957243	0.963214	0.948231	0.944499	0.954385	0.875581	0.900111	0.868745	0.900915	0.904674	0.903261	0.778592	0.755311	0.782586	0.756056	0	0.780704	0.877688	0.888687	0.960529	0.956706	0.888986	0.966028	0.880771	0.880981	0.882658	0.881123	0.889252	0.881016	0.888022	0.872375	0.873288	0.889102	0.882697	0.886251	0.971404	0.978959	0.953967	0.977348	0.953584	0.975625	0.95343	0.967087	0.958156	0.952167	0.960503	0.953064	1.05427	1.06442	1.06291	1.05785	1.04919	1.06539	1.06814	1.07182	1.06834	1.05097	1.05157	1.07438	1.04744	1.04734	1.06208	1.05465	1.04726	1.05628	1.05817	1.05816	1.05163	1.05453	1.05306	1.0669	1.02541	1.02705	1.02515	1.01912	1.0243	1.03111	1.0501	1.04758	1.06581	1.05165	1.06489	1.05045	1.06276	1.07533	1.06245	1.07376	1.06365	1.07284
ERR613459	0.906517	0.915542	0.914567	0.942728	0.903754	0.941073	0.96658	0.970257	0.974864	0.962997	0.957448	0.967525	0.894182	0.915722	0.886445	0.915561	0.91945	0.917721	0.793605	0.779882	0.797066	0.780519	0.780704	0	0.894338	0.904933	0.972671	0.968947	0.905661	0.977459	0.897791	0.898841	0.898935	0.898345	0.90532	0.897692	0.90246	0.889135	0.888735	0.903759	0.897106	0.900674	0.985807	0.991312	0.968856	0.989727	0.968317	0.988428	0.969862	0.983123	0.974429	0.968725	0.976713	0.968976	1.0671	1.07805	1.07692	1.07199	1.06238	1.07935	1.08129	1.08569	1.08108	1.06492	1.06562	1.08959	1.06237	1.06238	1.075	1.06857	1.06218	1.06997	1.07238	1.07184	1.06509	1.06885	1.06783	1.07984	1.04145	1.04242	1.04191	1.03479	1.04107	1.0456	1.06525	1.06296	1.08024	1.06603	1.07906	1.06501	1.0763	1.08858	1.07587	1.08743	1.07694	1.08715
ERR613041	0.914653	0.924317	0.92337	0.954095	0.911895	0.952474	0.945493	0.948408	0.953436	0.94285	0.940301	0.946332	0.863642	0.888279	0.858333	0.88967	0.89354	0.890759	0.892737	0.876657	0.896048	0.8772	0.877688	0.894338	0	0.77487	0.848983	0.844792	0.77534	0.85311	0.911812	0.912612	0.913752	0.912013	0.920362	0.912205	0.920587	0.904485	0.904208	0.921932	0.915645	0.918918	1.00963	1.01542	0.990062	1.01376	0.990325	1.01225	0.975675	0.989071	0.980788	0.974578	0.983128	0.975447	1.08209	1.09217	1.09101	1.08607	1.07712	1.09303	1.09669	1.10092	1.09701	1.08118	1.08161	1.10411	1.0788	1.07873	1.09088	1.08508	1.07824	1.08582	1.08615	1.08621	1.07988	1.08285	1.08146	1.09367	1.00832	1.00851	1.00787	1.00446	1.00731	1.0113	1.08261	1.0805	1.0969	1.08373	1.09626	1.08306	1.05464	1.06168	1.05375	1.06101	1.05512	1.05996
ERR613042	0.92923	0.938157	0.937484	0.96718	0.926658	0.965935	0.952426	0.95707	0.96229	0.949922	0.949887	0.95469	0.872482	0.896105	0.869391	0.898402	0.901964	0.899252	0.903576	0.887722	0.906604	0.887994	0.888687	0.904933	0.77487	0	0.850033	0.845886	0.783678	0.854328	0.924314	0.924335	0.926237	0.924515	0.931982	0.924497	0.930352	0.91575	0.916282	0.932093	0.926448	0.928939	1.01716	1.02456	1.00088	1.02276	1.00031	1.02145	0.986122	0.998044	0.990465	0.984862	0.992638	0.985769	1.08941	1.09877	1.0971	1.09247	1.0848	1.09937	1.10618	1.10971	1.10647	1.09138	1.09224	1.11161	1.08913	1.08902	1.10125	1.09567	1.0886	1.09654	1.09612	1.09621	1.09055	1.0929	1.09175	1.10361	1.01411	1.01414	1.01279	1.01109	1.01227	1.01725	1.09214	1.09003	1.10571	1.09345	1.1051	1.09304	1.0626	1.06874	1.06172	1.06788	1.06315	1.06596
ERR613046	1.00708	1.01283	1.01229	1.03423	1.00513	1.03299	0.988064	0.991751	0.996186	0.986264	0.990491	0.990708	0.933627	0.952317	0.935342	0.95439	0.957883	0.954949	0.971388	0.960369	0.973972	0.960085	0.960529	0.972671	0.848983	0.850033	0	0.869875	0.8495	0.873702	1.00265	1.00262	1.00465	1.00297	1.00778	1.00283	0.995851	0.986193	0.987366	0.997043	0.994509	0.994782	1.07347	1.08215	1.06569	1.08084	1.06411	1.07974	1.05469	1.0634	1.0584	1.05394	1.06001	1.05476	1.14177	1.14868	1.14718	1.14389	1.13845	1.14934	1.15751	1.16008	1.15794	1.14598	1.14641	1.16008	1.14411	1.1444	1.15444	1.14981	1.14416	1.1503	1.14883	1.14934	1.14475	1.14673	1.14561	1.15535	1.052	1.05107	1.05016	1.05169	1.04988	1.05368	1.14625	1.14462	1.15649	1.14782	1.15659	1.14749	1.09945	1.10071	1.09834	1.10025	1.09956	1.09743
ERR613045	1.00266	1.00882	1.0084	1.0303	1.00072	1.02916	0.985064	0.989856	0.993931	0.984259	0.988059	0.988258	0.930158	0.949331	0.931387	0.951496	0.954575	0.951581	0.967697	0.956488	0.970019	0.955733	0.956706	0.968947	0.844792	0.845886	0.869875	0	0.84577	0.871783	0.998274	0.998154	1.00011	0.99826	1.00345	0.998232	0.992408	0.982742	0.983869	0.993794	0.990669	0.991557	1.07056	1.07896	1.06216	1.07754	1.06057	1.07646	1.05082	1.05971	1.05469	1.0502	1.05631	1.05115	1.1391	1.1461	1.14475	1.14142	1.13544	1.14667	1.15492	1.15743	1.1552	1.14315	1.14365	1.15773	1.14113	1.14152	1.15123	1.14677	1.14103	1.14717	1.1459	1.14626	1.14175	1.14363	1.14253	1.15231	1.05022	1.04959	1.04817	1.04944	1.0481	1.0516	1.14352	1.14165	1.15388	1.14487	1.15383	1.14443	1.09713	1.09852	1.09611	1.0979	1.09702	1.0955
ERR613043	0.928874	0.93763	0.937174	0.967091	0.926503	0.965797	0.952709	0.957399	0.962869	0.950056	0.950907	0.955167	0.872657	0.896897	0.869906	0.898807	0.902618	0.899709	0.903693	0.887895	0.907485	0.888086	0.888986	0.905661	0.77534	0.783678	0.8495	0.84577	0	0.853958	0.925146	0.925595	0.927324	0.925869	0.933397	0.926107	0.930534	0.915677	0.916215	0.931853	0.926611	0.928764	1.01633	1.0239	1.00035	1.02241	0.99988	1.02092	0.988209	0.999654	0.992399	0.986744	0.994621	0.987867	1.08982	1.09903	1.0975	1.09303	1.08521	1.09974	1.10711	1.1104	1.1076	1.09234	1.0929	1.11194	1.08965	1.08983	1.10195	1.09621	1.0891	1.09675	1.09646	1.09671	1.09105	1.09347	1.09212	1.10422	1.01392	1.01409	1.01243	1.01083	1.01203	1.01719	1.09286	1.09056	1.10631	1.09433	1.10584	1.09383	1.06322	1.06912	1.0623	1.06835	1.06351	1.06644
ERR613044	1.01187	1.01782	1.01695	1.03798	1.00989	1.0367	0.989022	0.992706	0.996713	0.987727	0.991194	0.991572	0.937985	0.956202	0.939215	0.95796	0.961167	0.958704	0.976444	0.965896	0.978276	0.965519	0.966028	0.977459	0.85311	0.854328	0.873702	0.871783	0.853958	0	1.00778	1.00778	1.00959	1.00839	1.01269	1.00801	1.00012	0.990718	0.991736	1.00178	0.998676	0.999428	1.07886	1.08707	1.0706	1.08577	1.06957	1.08453	1.05956	1.06844	1.06325	1.05891	1.0651	1.05972	1.14508	1.15249	1.15138	1.14767	1.14205	1.15265	1.16077	1.16374	1.16141	1.14981	1.15007	1.16435	1.14812	1.14835	1.15769	1.15331	1.14809	1.15379	1.15237	1.15272	1.14839	1.15014	1.14947	1.15841	1.05476	1.05376	1.05274	1.05404	1.05306	1.05559	1.15036	1.14878	1.16056	1.15157	1.16053	1.15125	1.1014	1.1021	1.10067	1.10189	1.10142	1.09965
ERR636774	0.88621	0.896807	0.896525	0.929509	0.883685	0.927304	1.01173	1.01499	1.01968	1.0085	1.00165	1.01204	0.883956	0.908075	0.874034	0.907589	0.911091	0.909481	0.895678	0.88072	0.8991	0.881788	0.880771	0.897791	0.911812	0.924314	1.00265	0.998274	0.925146	1.00778	0	0.78373	0.784689	0.779683	0.794355	0.779273	0.902847	0.887848	0.886434	0.9029	0.896506	0.901457	0.992977	0.9974	0.970572	0.996106	0.971345	0.994437	0.949914	0.963836	0.954491	0.948231	0.956925	0.948977	1.05924	1.07087	1.06942	1.06381	1.05407	1.07132	1.07289	1.07714	1.0725	1.0553	1.05602	1.08113	1.06066	1.06063	1.07378	1.06757	1.05992	1.06909	1.06447	1.06405	1.05727	1.06095	1.05954	1.07239	1.0462	1.04819	1.04663	1.03858	1.04561	1.0516	1.06023	1.05773	1.07554	1.06072	1.07481	1.05997	1.07719	1.09082	1.07669	1.08985	1.07805	1.08976
ERR636771	0.88897	0.899307	0.899154	0.932684	0.886029	0.930441	1.01462	1.01814	1.02313	1.01153	1.00554	1.01571	0.884085	0.908232	0.874532	0.907778	0.911502	0.909969	0.896871	0.881156	0.900183	0.882198	0.880981	0.898841	0.912612	0.924335	1.00262	0.998154	0.925595	1.00778	0.78373	0	0.78337	0.783907	0.79226	0.784419	0.903144	0.888482	0.887865	0.90334	0.897132	0.901627	0.992505	0.998152	0.971622	0.996901	0.971999	0.99563	0.950573	0.964194	0.954962	0.949117	0.957601	0.949934	1.05949	1.07042	1.06899	1.06398	1.0543	1.07105	1.07517	1.07899	1.07498	1.05802	1.05847	1.08209	1.06205	1.06221	1.07534	1.06909	1.06122	1.07032	1.06578	1.06546	1.05888	1.06221	1.06108	1.07396	1.04758	1.04901	1.04723	1.04017	1.04627	1.05303	1.06168	1.05885	1.07665	1.06263	1.07609	1.06193	1.07937	1.09254	1.07857	1.09131	1.0802	1.0911
ERR636770	0.888267	0.898946	0.898655	0.931188	0.886254	0.929008	1.01369	1.01634	1.0205	1.01073	1.00315	1.01355	0.885965	0.909543	0.875775	0.908701	0.91244	0.911069	0.897033	0.882391	0.900471	0.883538	0.882658	0.898935	0.913752	0.926237	1.00465	1.00011	0.927324	1.00959	0.784689	0.78337	0	0.785607	0.793067	0.785555	0.903826	0.889423	0.887644	0.904101	0.897612	0.902356	0.994759	0.998722	0.97218	0.997575	0.973012	0.996238	0.951666	0.96585	0.95617	0.950331	0.958777	0.950776	1.05986	1.07202	1.07059	1.06502	1.05477	1.07248	1.07474	1.07958	1.07473	1.05741	1.05793	1.08391	1.06234	1.06247	1.0748	1.06887	1.06192	1.07023	1.06596	1.06582	1.05881	1.06246	1.06129	1.07376	1.04762	1.0489	1.04824	1.04001	1.04758	1.05274	1.06219	1.0599	1.07761	1.06282	1.07658	1.06186	1.07849	1.09202	1.07804	1.09093	1.07945	1.09147
ERR636772	0.887599	0.898518	0.897943	0.93137	0.885061	0.929027	1.01289	1.01633	1.02079	1.00968	1.00303	1.01336	0.884595	0.908407	0.874685	0.908084	0.911571	0.910222	0.896532	0.880702	0.900074	0.882425	0.881123	0.898345	0.912013	0.924515	1.00297	0.99826	0.925869	1.00839	0.779683	0.783907	0.785607	0	0.795045	0.78021	0.904108	0.889201	0.88774	0.904349	0.897844	0.902426	0.993933	0.998243	0.971738	0.996968	0.972484	0.995659	0.950123	0.964039	0.95484	0.948826	0.957284	0.949211	1.05991	1.07118	1.06986	1.06434	1.05457	1.07202	1.07413	1.07839	1.07405	1.05663	1.05725	1.08215	1.06157	1.06153	1.0746	1.06858	1.06083	1.06971	1.06536	1.0653	1.05841	1.0617	1.06058	1.07345	1.04693	1.04895	1.04723	1.03951	1.04643	1.0527	1.06118	1.05861	1.07656	1.06202	1.07586	1.06109	1.07839	1.09213	1.07769	1.09092	1.07943	1.09075
ERR636769	0.898829	0.90828	0.907976	0.94013	0.895923	0.937671	1.02089	1.02385	1.02845	1.01767	1.011	1.02145	0.892567	0.915243	0.883203	0.914393	0.918261	0.916752	0.903517	0.888903	0.906997	0.890449	0.889252	0.90532	0.920362	0.931982	1.00778	1.00345	0.933397	1.01269	0.794355	0.79226	0.793067	0.795045	0	0.794663	0.909958	0.896727	0.895789	0.910582	0.904478	0.908466	0.99943	1.00485	0.979234	1.00347	0.979602	1.00208	0.95817	0.970814	0.962325	0.95668	0.965108	0.957085	1.06538	1.07661	1.07499	1.06985	1.06055	1.07729	1.08306	1.08708	1.08308	1.06653	1.06698	1.09069	1.07071	1.07111	1.08366	1.07761	1.07031	1.07855	1.07387	1.07378	1.06715	1.07067	1.0696	1.08175	1.05414	1.05568	1.05433	1.0468	1.05347	1.05927	1.0707	1.06832	1.08516	1.07141	1.08487	1.07074	1.08719	1.1002	1.08653	1.0991	1.08814	1.09901
ERR636773	0.887306	0.898169	0.897591	0.930152	0.884792	0.928634	1.01237	1.01583	1.02064	1.00961	1.00234	1.01265	0.88465	0.908888	0.875047	0.90828	0.911523	0.910457	0.895923	0.880681	0.899351	0.881656	0.881016	0.897692	0.912205	0.924497	1.00283	0.998232	0.926107	1.00801	0.779273	0.784419	0.785555	0.78021	0.794663	0	0.903357	0.888842	0.887631	0.903957	0.897393	0.901968	0.993577	0.997844	0.971273	0.996709	0.97202	0.995326	0.949903	0.964549	0.954641	0.948891	0.95759	0.949513	1.0599	1.07131	1.06994	1.06428	1.0546	1.07209	1.07435	1.07869	1.07426	1.05678	1.05757	1.08254	1.06136	1.06158	1.07474	1.06847	1.0609	1.07002	1.06529	1.06511	1.05834	1.06188	1.06082	1.07345	1.04692	1.04873	1.04714	1.03945	1.04607	1.0525	1.0612	1.05883	1.07678	1.06196	1.07605	1.06097	1.07832	1.09189	1.07793	1.09051	1.07925	1.09061
ERR636894	0.890234	0.899192	0.898399	0.928125	0.887766	0.926339	1.03274	1.03599	1.04044	1.03049	1.02561	1.03424	0.901628	0.922107	0.894791	0.922117	0.925838	0.924834	0.899814	0.8876	0.903836	0.888225	0.888022	0.90246	0.920587	0.930352	0.995851	0.992408	0.930534	1.00012	0.902847	0.903144	0.903826	0.904108	0.909958	0.903357	0	0.790078	0.790194	0.80421	0.799094	0.801271	0.947453	0.955536	0.931342	0.954351	0.930127	0.952546	0.985991	0.997782	0.989727	0.984456	0.991782	0.985371	1.08501	1.09508	1.09361	1.08869	1.08025	1.09574	1.10792	1.1121	1.1082	1.0927	1.09318	1.11476	1.09292	1.09308	1.10527	1.09895	1.09248	1.10028	1.09629	1.09632	1.09008	1.0932	1.0919	1.10382	1.06916	1.06998	1.06877	1.06296	1.0679	1.07376	1.0922	1.09007	1.10631	1.0932	1.10545	1.09232	1.09906	1.10991	1.09836	1.10903	1.09968	1.10906
ERR636891	0.871773	0.881822	0.881221	0.913155	0.868983	0.91121	1.01547	1.01913	1.02347	1.01321	1.0073	1.01619	0.886751	0.909521	0.878538	0.908865	0.912688	0.911782	0.886774	0.87262	0.89051	0.872822	0.872375	0.889135	0.904485	0.91575	0.986193	0.982742	0.915677	0.990718	0.887848	0.888482	0.889423	0.889201	0.896727	0.888842	0.790078	0	0.766867	0.791523	0.779263	0.787717	0.936283	0.942967	0.915469	0.940992	0.914975	0.939265	0.971771	0.985059	0.975604	0.969849	0.978394	0.970704	1.0756	1.086	1.0847	1.07938	1.07042	1.08652	1.09197	1.09661	1.09226	1.07542	1.07628	1.09992	1.07607	1.07613	1.08888	1.08269	1.07569	1.08393	1.08017	1.08006	1.07357	1.07695	1.07573	1.08821	1.05597	1.05707	1.056	1.04942	1.05488	1.06069	1.07542	1.07337	1.09063	1.07675	1.08965	1.07552	1.08238	1.09398	1.08164	1.09311	1.08318	1.09318
ERR636890	0.869394	0.880013	0.878637	0.910244	0.866654	0.908012	1.01339	1.01588	1.01969	1.01118	1.00396	1.01355	0.886657	0.908626	0.87712	0.908217	0.911734	0.911037	0.886292	0.872955	0.890216	0.873706	0.873288	0.888735	0.904208	0.916282	0.987366	0.983869	0.916215	0.991736	0.886434	0.887865	0.887644	0.88774	0.895789	0.887631	0.790194	0.766867	0	0.791087	0.778279	0.787358	0.938167	0.942528	0.914517	0.940788	0.914868	0.939132	0.970954	0.98573	0.97551	0.969302	0.97808	0.969864	1.07538	1.08665	1.08554	1.0802	1.07022	1.08776	1.09058	1.09571	1.09034	1.0735	1.07412	1.10019	1.07524	1.07492	1.08709	1.08114	1.07459	1.08276	1.07932	1.07899	1.07201	1.07592	1.07452	1.08666	1.05533	1.05633	1.05606	1.0485	1.05517	1.0596	1.07476	1.07266	1.09021	1.07532	1.08881	1.07441	1.08002	1.09195	1.07957	1.09121	1.08071	1.09207
ERR636893	0.891536	0.900252	0.89965	0.92899	0.888839	0.927196	1.03433	1.03723	1.04162	1.03177	1.02656	1.03514	0.903281	0.923415	0.896117	0.922671	0.926713	0.925903	0.901301	0.889219	0.905073	0.889798	0.889102	0.903759	0.921932	0.932093	0.997043	0.993794	0.931853	1.00178	0.9029	0.90334	0.904101	0.904349	0.910582	0.903957	0.80421	0.791523	0.791087	0	0.800384	0.802832	0.949096	0.956413	0.932637	0.955322	0.931228	0.953595	0.98648	0.99835	0.9901	0.985165	0.992178	0.985677	1.08561	1.09559	1.09421	1.08904	1.08092	1.09627	1.1084	1.11264	1.10852	1.09307	1.09364	1.11569	1.09331	1.09358	1.10529	1.09926	1.09277	1.10067	1.09697	1.09686	1.0906	1.09375	1.09242	1.10427	1.06988	1.07105	1.06979	1.06374	1.06869	1.07453	1.09288	1.09086	1.10703	1.0939	1.10593	1.09323	1.09978	1.11074	1.09906	1.10997	1.10051	1.10982
ERR636889	0.882805	0.892565	0.891236	0.921273	0.879826	0.919201	1.02562	1.02844	1.03277	1.02384	1.0172	1.02648	0.896832	0.91797	0.889023	0.917333	0.920976	0.920393	0.895241	0.882643	0.898677	0.883129	0.882697	0.897106	0.915645	0.926448	0.994509	0.990669	0.926611	0.998676	0.896506	0.897132	0.897612	0.897844	0.904478	0.897393	0.799094	0.779263	0.778279	0.800384	0	0.796888	0.944325	0.95065	0.925183	0.949226	0.924587	0.947337	0.980724	0.993689	0.984613	0.979378	0.987122	0.979835	1.08202	1.09256	1.09109	1.08583	1.07699	1.09284	1.10124	1.10604	1.10099	1.08542	1.08574	1.10943	1.08663	1.08663	1.09831	1.0929	1.086	1.09385	1.09015	1.09004	1.0834	1.08701	1.0858	1.09742	1.0653	1.06645	1.0655	1.05869	1.06474	1.0695	1.08611	1.08386	1.10053	1.08684	1.09942	1.08562	1.09258	1.1041	1.09187	1.10302	1.09309	1.10357
ERR636892	0.888663	0.897998	0.897183	0.926923	0.885799	0.924933	1.03132	1.03435	1.03894	1.02874	1.02346	1.03202	0.899999	0.920639	0.892744	0.920479	0.924114	0.92286	0.898672	0.886446	0.902416	0.886692	0.886251	0.900674	0.918918	0.928939	0.994782	0.991557	0.928764	0.999428	0.901457	0.901627	0.902356	0.902426	0.908466	0.901968	0.801271	0.787717	0.787358	0.802832	0.796888	0	0.946427	0.954527	0.930063	0.953118	0.928683	0.951558	0.98435	0.99647	0.988007	0.982839	0.990394	0.983451	1.08403	1.09419	1.09279	1.08769	1.0795	1.09475	1.10662	1.11075	1.10669	1.09086	1.09169	1.11374	1.09129	1.0914	1.10363	1.09753	1.09109	1.0988	1.09453	1.09474	1.08833	1.09177	1.09016	1.10247	1.06818	1.06919	1.06759	1.06195	1.06691	1.07272	1.0909	1.08825	1.10494	1.09148	1.10388	1.09068	1.09753	1.10861	1.09711	1.10764	1.09835	1.1078
ERR608919	0.972157	0.97915	0.978701	1.00588	0.969434	1.00468	1.10505	1.1104	1.11535	1.10243	1.10107	1.10838	1.00444	1.02358	0.999715	1.02385	1.02705	1.02656	0.983959	0.971291	0.98724	0.972201	0.971404	0.985807	1.00963	1.01716	1.07347	1.07056	1.01633	1.07886	0.992977	0.992505	0.994759	0.993933	0.99943	0.993577	0.947453	0.936283	0.938167	0.949096	0.944325	0.946427	0	0.786165	0.761431	0.784478	0.764144	0.781873	1.0499	1.05834	1.05247	1.0481	1.05492	1.04892	1.13796	1.14444	1.14341	1.13939	1.13432	1.14493	1.15171	1.15377	1.15194	1.13813	1.1391	1.15294	1.13864	1.13883	1.15079	1.14503	1.13831	1.14545	1.14502	1.14513	1.1403	1.14222	1.14097	1.15264	1.13326	1.13463	1.13187	1.12825	1.13074	1.1389	1.13829	1.13625	1.15006	1.14032	1.14983	1.1395	1.1522	1.16189	1.15156	1.16112	1.153	1.15957
ERR608924	0.971878	0.979952	0.979124	1.00404	0.969676	1.0028	1.10244	1.10547	1.10933	1.10051	1.09551	1.10376	1.01062	1.02893	1.0036	1.02844	1.03156	1.03076	0.989938	0.978658	0.992545	0.979428	0.978959	0.991312	1.01542	1.02456	1.08215	1.07896	1.0239	1.08707	0.9974	0.998152	0.998722	0.998243	1.00485	0.997844	0.955536	0.942967	0.942528	0.956413	0.95065	0.954527	0.786165	0	0.735341	0.758868	0.743436	0.756112	1.05248	1.06357	1.05611	1.05125	1.05819	1.05166	1.14077	1.14878	1.14788	1.14378	1.13664	1.14933	1.14947	1.15311	1.14949	1.13587	1.13671	1.15524	1.13742	1.13713	1.14796	1.14311	1.1369	1.14402	1.14431	1.14404	1.13839	1.14121	1.14027	1.15068	1.13394	1.13545	1.13409	1.12847	1.13327	1.1385	1.13802	1.13629	1.15084	1.13901	1.14964	1.13812	1.14874	1.15932	1.148	1.15831	1.14935	1.15838
ERR608921	0.9442	0.954152	0.952789	0.981679	0.941414	0.980145	1.08159	1.08489	1.08855	1.07949	1.07331	1.08254	0.986314	1.00644	0.977799	1.00644	1.00965	1.00842	0.966835	0.953807	0.970353	0.954597	0.953967	0.968856	0.990062	1.00088	1.06569	1.06216	1.00035	1.0706	0.970572	0.971622	0.97218	0.971738	0.979234	0.971273	0.931342	0.915469	0.914517	0.932637	0.925183	0.930063	0.761431	0.735341	0	0.732348	0.701978	0.728874	1.02797	1.04057	1.03186	1.02637	1.0343	1.0271	1.12075	1.12981	1.12916	1.12413	1.11623	1.13047	1.12918	1.13346	1.12915	1.11407	1.11491	1.1364	1.11586	1.11572	1.12708	1.12164	1.11518	1.1225	1.12302	1.12272	1.11641	1.11967	1.11824	1.12985	1.11298	1.11451	1.11332	1.10664	1.11257	1.11759	1.11631	1.11419	1.13016	1.11712	1.12877	1.11628	1.128	1.13994	1.1275	1.13903	1.12885	1.13931
ERR608923	0.970234	0.97845	0.977574	1.00247	0.967882	1.00125	1.10146	1.10467	1.10846	1.09972	1.09417	1.10282	1.00965	1.02775	1.00226	1.02764	1.03054	1.02963	0.988201	0.977089	0.990923	0.977726	0.977348	0.989727	1.01376	1.02276	1.08084	1.07754	1.02241	1.08577	0.996106	0.996901	0.997575	0.996968	1.00347	0.996709	0.954351	0.940992	0.940788	0.955322	0.949226	0.953118	0.784478	0.758868	0.732348	0	0.74107	0.75404	1.05142	1.06284	1.05577	1.05067	1.05768	1.05104	1.13981	1.14795	1.14715	1.1429	1.13577	1.14831	1.14883	1.15257	1.14885	1.13496	1.13583	1.15456	1.13665	1.13662	1.14726	1.14224	1.13611	1.14305	1.14364	1.14339	1.13762	1.14051	1.13937	1.15008	1.13321	1.13454	1.13327	1.12768	1.13243	1.13754	1.13702	1.13538	1.14977	1.13808	1.14866	1.13723	1.14802	1.15861	1.14753	1.15773	1.14877	1.15783
ERR608920	0.945928	0.95516	0.953798	0.982791	0.942806	0.981437	1.08413	1.08768	1.092	1.08168	1.07664	1.08555	0.986437	1.0066	0.978625	1.00666	1.00952	1.00874	0.966598	0.95339	0.969985	0.954254	0.953584	0.968317	0.990325	1.00031	1.06411	1.06057	0.99988	1.06957	0.971345	0.971999	0.973012	0.972484	0.979602	0.97202	0.930127	0.914975	0.914868	0.931228	0.924587	0.928683	0.764144	0.743436	0.701978	0.74107	0	0.737672	1.02901	1.0407	1.03305	1.02768	1.03505	1.02807	1.12139	1.13012	1.12901	1.12446	1.11712	1.13061	1.13159	1.13522	1.13192	1.11667	1.11769	1.13763	1.11817	1.11809	1.12981	1.12418	1.11771	1.12515	1.12543	1.12535	1.11925	1.1221	1.12081	1.13249	1.11431	1.11593	1.11428	1.10822	1.1133	1.11924	1.11851	1.11645	1.13186	1.11974	1.13088	1.11883	1.13113	1.14242	1.13047	1.14157	1.13185	1.1414
ERR608922	0.969189	0.977417	0.976489	1.00191	0.966732	1.00044	1.1007	1.10396	1.10786	1.09887	1.09358	1.10205	1.00837	1.02677	1.00106	1.02631	1.02904	1.02823	0.986966	0.975363	0.989825	0.976503	0.975625	0.988428	1.01225	1.02145	1.07974	1.07646	1.02092	1.08453	0.994437	0.99563	0.996238	0.995659	1.00208	0.995326	0.952546	0.939265	0.939132	0.953595	0.947337	0.951558	0.781873	0.756112	0.728874	0.75404	0.737672	0	1.05056	1.06194	1.0545	1.04938	1.05648	1.04974	1.13914	1.14719	1.14616	1.14206	1.13501	1.1475	1.14806	1.15171	1.1482	1.13406	1.13498	1.15369	1.13607	1.13572	1.14674	1.14155	1.13531	1.14241	1.14261	1.14241	1.13687	1.13963	1.13853	1.14944	1.1319	1.13337	1.13218	1.12636	1.13118	1.13632	1.13617	1.1343	1.14912	1.13739	1.1478	1.13642	1.14725	1.15778	1.14679	1.15676	1.14785	1.15697
