	ERR630047	ERR630042	ERR630044	ERR630046	ERR630045	ERR630043	ERR636911	ERR636912	ERR636910	ERR636907	ERR636908	ERR636909	ERR612225	ERR612224	ERR612221	ERR612223	ERR612226	ERR612222	ERR612903	ERR612904	ERR612906	ERR612907	ERR612908	ERR612905	ERR608936	ERR608932	ERR608935	ERR608934	ERR608931	ERR608933	ERR608852	ERR608851	ERR608848	ERR608849	ERR608847	ERR608850	ERR629858	ERR629860	ERR629856	ERR629861	ERR629859	ERR629857	ERR636746	ERR636747	ERR636745	ERR636749	ERR636750	ERR636748	ERR622045	ERR622047	ERR622046	ERR622049	ERR622050	ERR622048	ERR630268	ERR630269	ERR630267	ERR630270	ERR630266	ERR630271	ERR626612	ERR626610	ERR626611	ERR626613	ERR626608	ERR626609	ERR631068	ERR631072	ERR631073	ERR631070	ERR631071	ERR631069	ERR608355	ERR608356	ERR608358	ERR608357	ERR608354	ERR608353	ERR608246	ERR608247	ERR608245	ERR608248	ERR608250	ERR608249	ERR629873	ERR629870	ERR629868	ERR629871	ERR629869	ERR629872	ERR626517	ERR626516	ERR626521	ERR626519	ERR626520	ERR626518
ERR630047	0	0.793072	0.800905	0.791511	0.811216	0.808061	0.849562	0.84705	0.850721	0.866964	0.859644	0.856112	0.978937	0.956235	0.937144	0.938593	0.958864	0.937115	0.962751	1.00377	0.988671	0.992376	0.991448	0.969532	0.896286	0.870344	0.894701	0.893026	0.888491	0.867033	0.896811	0.897716	0.901614	0.894681	0.931033	0.898792	0.965141	0.974149	0.963618	0.97283	0.974988	0.975242	0.926487	0.923469	0.93354	0.917997	0.916642	0.918297	1.15224	1.15995	1.15895	1.14599	1.14414	1.14593	1.11819	1.1249	1.11323	1.12176	1.10458	1.1259	1.15125	1.14749	1.15242	1.15328	1.1315	1.13838	1.12241	1.12294	1.12876	1.12219	1.12427	1.12838	1.14449	1.13621	1.13374	1.13566	1.14683	1.1575	1.15391	1.14737	1.17033	1.1539	1.15814	1.15346	0.946893	0.936393	0.934311	0.947786	0.94717	0.947872	1.06327	1.0579	1.06686	1.06832	1.06716	1.07047
ERR630042	0.793072	0	0.796044	0.799833	0.819808	0.805941	0.846218	0.843653	0.847065	0.861867	0.852929	0.851897	0.97799	0.955085	0.934793	0.937884	0.957311	0.936812	0.961685	1.00431	0.987212	0.991047	0.990064	0.969928	0.893553	0.868432	0.891784	0.890239	0.892659	0.86328	0.894521	0.895639	0.900569	0.89134	0.935201	0.896751	0.959438	0.97304	0.957795	0.972096	0.973997	0.971551	0.923827	0.92262	0.932522	0.91813	0.917043	0.918156	1.1479	1.15634	1.15527	1.14177	1.13983	1.14172	1.11716	1.12452	1.11297	1.12074	1.10331	1.1269	1.14784	1.14587	1.14881	1.14965	1.12783	1.13506	1.11936	1.12098	1.12658	1.11868	1.12213	1.12445	1.14077	1.13243	1.1302	1.13196	1.14366	1.15701	1.14959	1.14225	1.16865	1.15055	1.15524	1.15061	0.950078	0.93435	0.932705	0.950483	0.947063	0.951239	1.06036	1.05463	1.06369	1.06492	1.06355	1.06981
ERR630044	0.800905	0.796044	0	0.806989	0.826239	0.812361	0.852159	0.849855	0.852888	0.866421	0.858738	0.857287	0.983474	0.961746	0.941862	0.944958	0.964077	0.94405	0.96873	1.01021	0.993344	0.997261	0.996188	0.976881	0.900428	0.876758	0.899118	0.897729	0.899569	0.871965	0.902449	0.903452	0.907531	0.898921	0.941354	0.904275	0.966402	0.979022	0.964817	0.978183	0.98009	0.978002	0.9313	0.9305	0.93985	0.925822	0.924949	0.925881	1.1516	1.16009	1.15879	1.14548	1.14388	1.14551	1.12145	1.12853	1.11703	1.12491	1.10763	1.13068	1.15138	1.14949	1.15224	1.15313	1.13173	1.13896	1.12344	1.12471	1.13022	1.12237	1.12579	1.12857	1.14432	1.1364	1.13407	1.13573	1.14727	1.16043	1.15304	1.14576	1.17192	1.15405	1.15873	1.15416	0.955435	0.940516	0.93884	0.955805	0.952926	0.95637	1.06569	1.06004	1.06893	1.07005	1.06881	1.07494
ERR630046	0.791511	0.799833	0.806989	0	0.816798	0.813629	0.854922	0.852764	0.856233	0.871669	0.865244	0.861175	0.984348	0.962754	0.944587	0.945882	0.965129	0.944223	0.97003	1.00976	0.995296	0.998615	0.99772	0.976303	0.903044	0.878309	0.901666	0.899643	0.894831	0.875464	0.904009	0.905337	0.908503	0.902285	0.936745	0.905711	0.97113	0.979336	0.970056	0.978261	0.980487	0.980808	0.933035	0.929948	0.939755	0.925039	0.923992	0.924902	1.15707	1.1648	1.16365	1.15101	1.14938	1.15113	1.12376	1.13039	1.11887	1.12696	1.11039	1.13121	1.15626	1.15264	1.15725	1.15789	1.13683	1.14345	1.12776	1.12836	1.13406	1.12767	1.12967	1.13382	1.14983	1.14123	1.1391	1.14079	1.15176	1.16191	1.15843	1.15227	1.1747	1.15856	1.16274	1.15824	0.952217	0.942375	0.9406	0.953342	0.952881	0.95353	1.06961	1.06449	1.07318	1.07459	1.07334	1.07644
ERR630045	0.811216	0.819808	0.826239	0.816798	0	0.831084	0.873753	0.871747	0.874433	0.887873	0.882527	0.879369	0.998169	0.978456	0.962722	0.963201	0.980617	0.961985	0.987305	1.02423	1.01062	1.01372	1.01315	0.992896	0.919153	0.896982	0.91804	0.916502	0.910856	0.894973	0.921456	0.922309	0.925138	0.919698	0.949784	0.922961	0.98696	0.993786	0.985505	0.992846	0.994971	0.99577	0.949538	0.946227	0.954895	0.941729	0.940898	0.941642	1.16943	1.17652	1.17547	1.16353	1.16202	1.16366	1.13723	1.14379	1.13288	1.14062	1.12495	1.14445	1.16868	1.165	1.16955	1.17037	1.15034	1.15655	1.14143	1.14182	1.14739	1.14144	1.14305	1.14702	1.16231	1.1544	1.15208	1.15382	1.16398	1.1733	1.17047	1.16461	1.18591	1.17044	1.17469	1.17046	0.964718	0.956379	0.954775	0.965301	0.965297	0.96546	1.08483	1.08015	1.08812	1.08937	1.08843	1.09086
ERR630043	0.808061	0.805941	0.812361	0.813629	0.831084	0	0.862102	0.859673	0.862962	0.875943	0.868644	0.866963	0.99201	0.971194	0.952694	0.955161	0.973415	0.953915	0.97947	1.01933	1.0034	1.00715	1.00608	0.986717	0.91024	0.887693	0.908932	0.907376	0.907476	0.884364	0.912525	0.913918	0.917342	0.91033	0.947757	0.914905	0.976999	0.987734	0.975542	0.987035	0.988636	0.987713	0.942078	0.940078	0.949376	0.935777	0.934964	0.935749	1.16009	1.16768	1.16656	1.15409	1.15231	1.15384	1.12945	1.13662	1.12548	1.13311	1.11648	1.1383	1.15937	1.15695	1.16032	1.16123	1.14052	1.14742	1.13201	1.13306	1.1384	1.13139	1.13434	1.13684	1.15269	1.14475	1.14273	1.14442	1.15528	1.1674	1.16107	1.15428	1.17848	1.16166	1.16591	1.16145	0.962119	0.949921	0.948157	0.962642	0.960683	0.96333	1.07585	1.07066	1.07921	1.0804	1.07928	1.08393
ERR636911	0.849562	0.846218	0.852159	0.854922	0.873753	0.862102	0	0.76976	0.773114	0.791143	0.781924	0.78089	0.968824	0.944542	0.923034	0.926099	0.947074	0.926057	0.952079	0.996694	0.977959	0.98235	0.980773	0.961389	0.876018	0.850288	0.873908	0.871946	0.877542	0.844459	0.867815	0.868931	0.873427	0.863953	0.910482	0.869179	0.946166	0.960442	0.944706	0.959232	0.961215	0.958406	0.891858	0.89188	0.901813	0.885012	0.883612	0.885396	1.13958	1.14826	1.14708	1.13299	1.13089	1.13268	1.10805	1.11533	1.10342	1.11136	1.0932	1.11801	1.13603	1.13525	1.13732	1.13824	1.11571	1.12323	1.10786	1.10943	1.11491	1.10633	1.11054	1.11246	1.12998	1.12174	1.11931	1.1212	1.13341	1.14853	1.1393	1.13102	1.15965	1.14079	1.14545	1.14083	0.955263	0.93853	0.936536	0.955781	0.952141	0.956461	1.05264	1.04646	1.0555	1.05695	1.05554	1.0629
ERR636912	0.84705	0.843653	0.849855	0.852764	0.871747	0.859673	0.76976	0	0.770203	0.788581	0.779596	0.778326	0.965571	0.941582	0.919611	0.922891	0.943586	0.92236	0.948714	0.994128	0.975202	0.979152	0.977876	0.958284	0.872274	0.846004	0.870518	0.868171	0.874449	0.840032	0.86371	0.865391	0.869506	0.859831	0.907645	0.865367	0.943335	0.957556	0.941489	0.956758	0.958621	0.955921	0.888267	0.888165	0.898404	0.881514	0.879993	0.881976	1.13728	1.14636	1.14522	1.13115	1.1291	1.13078	1.10603	1.11386	1.10161	1.10959	1.09131	1.11624	1.13437	1.13357	1.13563	1.13643	1.11364	1.12153	1.10594	1.10749	1.113	1.10442	1.10863	1.1104	1.12833	1.11979	1.11738	1.11938	1.13177	1.14711	1.13749	1.12936	1.15813	1.1389	1.14366	1.13893	0.952566	0.93492	0.932873	0.952998	0.949241	0.953629	1.05035	1.04395	1.05299	1.0545	1.05297	1.0608
ERR636910	0.850721	0.847065	0.852888	0.856233	0.874433	0.862962	0.773114	0.770203	0	0.791289	0.783151	0.781811	0.969074	0.945256	0.92392	0.926874	0.947434	0.926613	0.951731	0.996677	0.977791	0.982053	0.980715	0.960983	0.876395	0.850916	0.874565	0.872572	0.878356	0.845319	0.868284	0.870118	0.874052	0.864716	0.911015	0.869983	0.946718	0.960587	0.944789	0.959207	0.961522	0.958776	0.892217	0.892097	0.902339	0.885857	0.8844	0.886265	1.13984	1.14833	1.14746	1.13324	1.13131	1.13307	1.10814	1.11584	1.10367	1.11158	1.0937	1.11816	1.13657	1.13544	1.13782	1.13847	1.11606	1.12361	1.10811	1.1097	1.11527	1.10696	1.11085	1.11276	1.13032	1.12191	1.11975	1.12129	1.13363	1.14886	1.13933	1.13159	1.15967	1.14077	1.14562	1.14072	0.955719	0.938883	0.936856	0.956219	0.952345	0.956812	1.05321	1.04658	1.05605	1.05718	1.05588	1.06342
ERR636907	0.866964	0.861867	0.866421	0.871669	0.887873	0.875943	0.791143	0.788581	0.791289	0	0.793913	0.793444	0.983862	0.96175	0.941968	0.944779	0.963687	0.944819	0.969968	1.01227	0.99391	0.997879	0.996487	0.978628	0.894209	0.871243	0.892503	0.89043	0.896629	0.866086	0.887702	0.888894	0.892397	0.884393	0.927014	0.889164	0.962238	0.976017	0.960682	0.974642	0.976441	0.973657	0.910473	0.910418	0.91972	0.904888	0.903576	0.904866	1.14983	1.15857	1.15726	1.14367	1.14189	1.14356	1.1205	1.12798	1.11627	1.12396	1.10686	1.13049	1.14674	1.14627	1.14786	1.14873	1.12736	1.13441	1.11998	1.12139	1.12665	1.11854	1.12234	1.1239	1.14085	1.13285	1.13073	1.13241	1.14417	1.1591	1.14883	1.14144	1.16891	1.15076	1.15539	1.15076	0.970854	0.95433	0.952656	0.971467	0.967354	0.971545	1.06773	1.06168	1.07011	1.07128	1.07034	1.07793
ERR636908	0.859644	0.852929	0.858738	0.865244	0.882527	0.868644	0.781924	0.779596	0.783151	0.793913	0	0.784984	0.973889	0.950578	0.928661	0.932466	0.952222	0.932441	0.957645	1.00193	0.983011	0.987393	0.985664	0.967289	0.882241	0.857485	0.880208	0.878175	0.886923	0.851244	0.875169	0.876827	0.880852	0.871074	0.919034	0.875983	0.950518	0.966136	0.949025	0.965322	0.966627	0.963346	0.89817	0.899229	0.909067	0.893239	0.891913	0.89384	1.14081	1.14991	1.14889	1.13453	1.13256	1.13423	1.11154	1.11911	1.10726	1.11504	1.09707	1.1224	1.1379	1.13796	1.139	1.13998	1.11783	1.12533	1.11029	1.11221	1.1175	1.1084	1.11348	1.11431	1.13163	1.12359	1.12121	1.12321	1.13545	1.15193	1.14055	1.13228	1.16172	1.14274	1.14746	1.14281	0.962039	0.943624	0.941848	0.962518	0.958004	0.963426	1.05656	1.05002	1.05901	1.06026	1.05885	1.0678
ERR636909	0.856112	0.851897	0.857287	0.861175	0.879369	0.866963	0.78089	0.778326	0.781811	0.793444	0.784984	0	0.973222	0.950074	0.929016	0.932248	0.952642	0.931911	0.957322	1.00148	0.982999	0.987121	0.985976	0.966466	0.882349	0.857592	0.880385	0.878456	0.884525	0.852073	0.874235	0.875202	0.879682	0.870557	0.915988	0.875565	0.951285	0.965452	0.94989	0.964707	0.966179	0.963678	0.897859	0.897506	0.907732	0.892077	0.890375	0.892059	1.14183	1.15049	1.14951	1.13546	1.13345	1.13528	1.11125	1.11858	1.10691	1.11474	1.09676	1.1212	1.13871	1.13806	1.1402	1.141	1.11882	1.1261	1.11104	1.11266	1.11793	1.10991	1.1138	1.11533	1.13278	1.1245	1.12218	1.12412	1.13606	1.15127	1.14139	1.13356	1.1615	1.14285	1.14763	1.14302	0.960426	0.94383	0.941683	0.961108	0.957047	0.961675	1.05675	1.0505	1.05963	1.06086	1.05955	1.06711
ERR612225	0.978937	0.97799	0.983474	0.984348	0.998169	0.99201	0.968824	0.965571	0.969074	0.983862	0.973889	0.973222	0	0.81589	0.801375	0.803649	0.818407	0.803997	0.953673	0.987537	0.972033	0.975799	0.974521	0.960735	0.934282	0.918403	0.932426	0.93169	0.938056	0.914551	0.933771	0.934441	0.936876	0.930105	0.967444	0.93368	0.970072	0.983499	0.968389	0.982489	0.983896	0.980319	0.963797	0.964241	0.971222	0.960646	0.958663	0.960092	1.08506	1.09406	1.09355	1.07896	1.07687	1.07824	1.07127	1.07854	1.06686	1.07359	1.0569	1.08201	1.08072	1.08145	1.08156	1.08286	1.06321	1.07056	1.06236	1.06374	1.06812	1.06089	1.06477	1.0658	1.08742	1.0807	1.07863	1.08017	1.09022	1.10398	1.09146	1.08461	1.1115	1.09373	1.09812	1.09391	0.97035	0.95682	0.955716	0.970729	0.966917	0.971769	1.00286	0.997524	1.00417	1.00531	1.00411	1.0118
ERR612224	0.956235	0.955085	0.961746	0.962754	0.978456	0.971194	0.944542	0.941582	0.945256	0.96175	0.950578	0.950074	0.81589	0	0.766576	0.770172	0.791066	0.770717	0.930017	0.969576	0.95237	0.956388	0.954637	0.938953	0.915267	0.895185	0.913163	0.912441	0.919992	0.890125	0.911352	0.912447	0.915483	0.906903	0.951341	0.911775	0.948421	0.964207	0.946945	0.962849	0.964222	0.960329	0.942721	0.943527	0.951438	0.939136	0.937227	0.938957	1.06629	1.07639	1.07565	1.05929	1.05711	1.05852	1.05004	1.05816	1.04554	1.05305	1.03392	1.06203	1.06284	1.06349	1.06393	1.06497	1.04242	1.0509	1.0412	1.04278	1.04789	1.03933	1.04399	1.04482	1.06879	1.06082	1.05847	1.06049	1.07198	1.08781	1.07363	1.0656	1.0962	1.07643	1.08104	1.07637	0.954372	0.938272	0.936988	0.95554	0.951021	0.956357	0.98021	0.974018	0.982145	0.98368	0.982366	0.991381
ERR612221	0.937144	0.934793	0.941862	0.944587	0.962722	0.952694	0.923034	0.919611	0.92392	0.941968	0.928661	0.929016	0.801375	0.766576	0	0.735298	0.770415	0.736636	0.908895	0.954992	0.934721	0.939606	0.937673	0.919615	0.899175	0.874462	0.896706	0.895428	0.906239	0.867508	0.889835	0.891345	0.895424	0.88476	0.937994	0.890545	0.92795	0.947722	0.925903	0.946551	0.947693	0.942765	0.925237	0.92669	0.936381	0.921558	0.919379	0.921349	1.04295	1.05455	1.05362	1.03544	1.03285	1.03474	1.0245	1.03334	1.01916	1.02761	1.00633	1.03787	1.04061	1.04185	1.04182	1.043	1.01714	1.02669	1.01529	1.01791	1.02324	1.01319	1.01886	1.01952	1.04589	1.03681	1.034	1.03644	1.04985	1.0691	1.05119	1.04175	1.07775	1.05458	1.06026	1.05477	0.946002	0.924473	0.922554	0.946666	0.941034	0.947969	0.958996	0.950614	0.961129	0.962904	0.961451	0.973677
ERR612223	0.938593	0.937884	0.944958	0.945882	0.963201	0.955161	0.926099	0.922891	0.926874	0.944779	0.932466	0.932248	0.803649	0.770172	0.735298	0	0.773925	0.741046	0.911987	0.957011	0.937767	0.942293	0.940748	0.922382	0.901467	0.877526	0.899615	0.898235	0.907138	0.871437	0.893546	0.894816	0.898301	0.888718	0.938602	0.8942	0.93269	0.950163	0.930459	0.948765	0.950393	0.94619	0.928178	0.929075	0.938481	0.923663	0.921858	0.923829	1.04857	1.05926	1.05863	1.04097	1.0385	1.04009	1.02972	1.03838	1.0242	1.03257	1.01203	1.04264	1.04661	1.04675	1.04762	1.04896	1.02375	1.03256	1.0214	1.02326	1.02858	1.01946	1.0246	1.02569	1.0514	1.04278	1.04016	1.04207	1.05534	1.07293	1.05709	1.0482	1.08179	1.05987	1.06542	1.05986	0.946438	0.926809	0.925489	0.947492	0.942163	0.948599	0.964158	0.956562	0.9667	0.967872	0.966312	0.9777
ERR612226	0.958864	0.957311	0.964077	0.965129	0.980617	0.973415	0.947074	0.943586	0.947434	0.963687	0.952222	0.952642	0.818407	0.791066	0.770415	0.773925	0	0.774529	0.932155	0.97109	0.953849	0.957969	0.956301	0.940812	0.916838	0.897468	0.914668	0.91356	0.921772	0.892049	0.913174	0.914504	0.916992	0.908785	0.952652	0.91342	0.950594	0.966444	0.94891	0.965567	0.966746	0.962727	0.944301	0.945229	0.953661	0.940934	0.939425	0.941278	1.06858	1.07811	1.07771	1.06139	1.05885	1.06074	1.05269	1.06056	1.04808	1.05557	1.03701	1.06444	1.06461	1.06557	1.06581	1.06696	1.04502	1.05289	1.04316	1.04483	1.04987	1.04154	1.04599	1.04703	1.07086	1.06294	1.06059	1.06266	1.07389	1.08968	1.07529	1.06729	1.09777	1.07776	1.0827	1.07802	0.956275	0.939388	0.938871	0.956891	0.952227	0.957892	0.982513	0.976748	0.984559	0.985976	0.984648	0.993809
ERR612222	0.937115	0.936812	0.94405	0.944223	0.961985	0.953915	0.926057	0.92236	0.926613	0.944819	0.932441	0.931911	0.803997	0.770717	0.736636	0.741046	0.774529	0	0.912612	0.956695	0.938298	0.942784	0.941319	0.922227	0.902443	0.878566	0.900072	0.89906	0.906864	0.872367	0.893928	0.895449	0.898942	0.88959	0.938202	0.8952	0.9333	0.950339	0.931637	0.949366	0.950713	0.946651	0.92862	0.929093	0.938912	0.924256	0.921836	0.923982	1.049	1.05959	1.05909	1.04138	1.03876	1.04042	1.02857	1.03721	1.02331	1.03177	1.01099	1.04099	1.04663	1.04632	1.04797	1.04916	1.02364	1.03289	1.02171	1.02356	1.02927	1.02009	1.02451	1.02656	1.05223	1.04301	1.04047	1.04264	1.05539	1.0724	1.05718	1.04826	1.08166	1.05963	1.0652	1.0597	0.94628	0.927366	0.925857	0.947144	0.942241	0.948496	0.963735	0.956149	0.966549	0.968268	0.966646	0.976604
ERR612903	0.962751	0.961685	0.96873	0.97003	0.987305	0.97947	0.952079	0.948714	0.951731	0.969968	0.957645	0.957322	0.953673	0.930017	0.908895	0.911987	0.932155	0.912612	0	0.837187	0.813618	0.819722	0.818515	0.793308	0.925533	0.902941	0.923939	0.922653	0.929842	0.89565	0.907387	0.908716	0.912022	0.902471	0.948379	0.90826	0.896291	0.912819	0.895416	0.910452	0.913285	0.909287	0.91193	0.913246	0.92197	0.908402	0.906542	0.908323	1.07469	1.08483	1.08374	1.06735	1.06521	1.06687	1.06135	1.0695	1.05666	1.06465	1.04515	1.07286	1.07388	1.07479	1.07551	1.07684	1.0529	1.06106	1.04047	1.04274	1.04795	1.03857	1.04392	1.04474	1.07089	1.06313	1.06034	1.06232	1.0748	1.09229	1.08132	1.07279	1.10603	1.0841	1.08981	1.08419	0.930235	0.910814	0.908954	0.931923	0.92572	0.932152	0.999178	0.992171	1.00121	1.00237	1.00107	1.01173
ERR612904	1.00377	1.00431	1.01021	1.00976	1.02423	1.01933	0.996694	0.994128	0.996677	1.01227	1.00193	1.00148	0.987537	0.969576	0.954992	0.957011	0.97109	0.956695	0.837187	0	0.860349	0.865092	0.86494	0.844838	0.965685	0.947539	0.96416	0.962977	0.967169	0.94295	0.949312	0.950057	0.952385	0.945799	0.979784	0.949852	0.938664	0.949579	0.937912	0.947536	0.950189	0.947429	0.950575	0.951366	0.958483	0.947612	0.946048	0.947897	1.10713	1.11514	1.11431	1.10118	1.09918	1.10079	1.09604	1.1027	1.09178	1.09883	1.0823	1.10563	1.10567	1.10508	1.10651	1.10768	1.08805	1.09497	1.07783	1.079	1.08344	1.07679	1.08014	1.0818	1.10434	1.09749	1.0955	1.09707	1.10678	1.11917	1.11373	1.10676	1.13296	1.11477	1.11961	1.11528	0.961691	0.94836	0.94696	0.962977	0.958086	0.962878	1.03623	1.031	1.03798	1.03908	1.03814	1.045
ERR612906	0.988671	0.987212	0.993344	0.995296	1.01062	1.0034	0.977959	0.975202	0.977791	0.99391	0.983011	0.982999	0.972033	0.95237	0.934721	0.937767	0.953849	0.938298	0.813618	0.860349	0	0.841501	0.840483	0.824032	0.94704	0.927805	0.9461	0.944525	0.951867	0.922018	0.930445	0.931736	0.935065	0.926606	0.966667	0.931287	0.91825	0.932514	0.916975	0.930296	0.932684	0.928639	0.932776	0.934797	0.94188	0.930479	0.928538	0.930462	1.09317	1.10215	1.10129	1.08668	1.0843	1.08601	1.08282	1.09008	1.07846	1.08577	1.06822	1.09374	1.09101	1.09167	1.09226	1.0934	1.07202	1.07973	1.06094	1.06294	1.06746	1.05945	1.06406	1.0647	1.08886	1.08169	1.07973	1.08131	1.09228	1.10796	1.09862	1.09074	1.12106	1.10097	1.10625	1.10129	0.947729	0.930989	0.929664	0.94907	0.943026	0.949209	1.01895	1.01293	1.02055	1.02161	1.02071	1.02976
ERR612907	0.992376	0.991047	0.997261	0.998615	1.01372	1.00715	0.98235	0.979152	0.982053	0.997879	0.987393	0.987121	0.975799	0.956388	0.939606	0.942293	0.957969	0.942784	0.819722	0.865092	0.841501	0	0.84564	0.829494	0.95111	0.932572	0.949757	0.948355	0.955199	0.92657	0.934372	0.935577	0.938471	0.930397	0.969338	0.935323	0.922504	0.935894	0.921267	0.934054	0.936345	0.932902	0.936486	0.937698	0.944932	0.933789	0.931798	0.933795	1.09628	1.10478	1.10385	1.08977	1.08761	1.08904	1.08608	1.093	1.0818	1.08914	1.07153	1.09675	1.0941	1.09515	1.09538	1.09668	1.07564	1.08312	1.06471	1.0664	1.07099	1.06309	1.06757	1.06859	1.09229	1.08521	1.08316	1.0847	1.09549	1.11067	1.10184	1.09409	1.12362	1.10393	1.10921	1.10431	0.951251	0.935145	0.933722	0.952589	0.946956	0.952848	1.02353	1.01799	1.02514	1.02635	1.02512	1.03389
ERR612908	0.991448	0.990064	0.996188	0.99772	1.01315	1.00608	0.980773	0.977876	0.980715	0.996487	0.985664	0.985976	0.974521	0.954637	0.937673	0.940748	0.956301	0.941319	0.818515	0.86494	0.840483	0.84564	0	0.828508	0.949239	0.930949	0.948153	0.946963	0.954451	0.925097	0.932833	0.933843	0.93721	0.928917	0.968508	0.933656	0.921283	0.935616	0.920615	0.933594	0.935612	0.931853	0.936046	0.937366	0.944961	0.93319	0.931541	0.933276	1.09424	1.10307	1.10237	1.08784	1.08546	1.08744	1.08437	1.0917	1.07992	1.08739	1.06984	1.09502	1.09229	1.09308	1.09373	1.09475	1.07357	1.08118	1.06245	1.06416	1.06864	1.06075	1.06556	1.06612	1.09026	1.08324	1.0811	1.08266	1.09365	1.10916	1.1	1.09216	1.12215	1.10233	1.10752	1.1028	0.95101	0.934467	0.933059	0.951939	0.946492	0.952484	1.02149	1.01569	1.02303	1.02392	1.02322	1.03214
ERR612905	0.969532	0.969928	0.976881	0.976303	0.992896	0.986717	0.961389	0.958284	0.960983	0.978628	0.967289	0.966466	0.960735	0.938953	0.919615	0.922382	0.940812	0.922227	0.793308	0.844838	0.824032	0.829494	0.828508	0	0.934508	0.912656	0.933122	0.931441	0.936615	0.906781	0.916588	0.917448	0.920949	0.912182	0.953495	0.917615	0.90696	0.921046	0.905965	0.918731	0.920912	0.917936	0.919588	0.920383	0.929226	0.915911	0.9141	0.916342	1.08349	1.09304	1.09189	1.07668	1.07467	1.07635	1.06973	1.07742	1.06495	1.07299	1.05431	1.08052	1.08305	1.08256	1.08435	1.08544	1.06249	1.07033	1.05106	1.05236	1.05774	1.04954	1.05371	1.05528	1.08061	1.07275	1.07046	1.07184	1.08356	1.09872	1.0907	1.08279	1.11326	1.09269	1.09781	1.09289	0.936243	0.919666	0.917824	0.937457	0.932584	0.938068	1.00774	1.00174	1.01018	1.01157	1.01053	1.01875
ERR608936	0.896286	0.893553	0.900428	0.903044	0.919153	0.91024	0.876018	0.872274	0.876395	0.894209	0.882241	0.882349	0.934282	0.915267	0.899175	0.901467	0.916838	0.902443	0.925533	0.965685	0.94704	0.95111	0.949239	0.934508	0	0.784767	0.800304	0.799083	0.813646	0.779291	0.836107	0.837884	0.841335	0.832691	0.877563	0.837278	0.913615	0.928693	0.91177	0.927058	0.928916	0.925391	0.884324	0.885377	0.893607	0.88005	0.878837	0.880137	1.1213	1.12896	1.12862	1.11533	1.11324	1.11486	1.10218	1.10925	1.09866	1.10535	1.08871	1.11334	1.11736	1.11805	1.11847	1.11931	1.10064	1.10697	1.0932	1.09455	1.0991	1.09158	1.09561	1.09609	1.11274	1.10623	1.10441	1.10561	1.1157	1.12996	1.12415	1.11706	1.14342	1.12642	1.13026	1.12653	0.926637	0.909315	0.907753	0.927932	0.92205	0.928766	1.03429	1.02908	1.03603	1.03716	1.03591	1.04431
ERR608932	0.870344	0.868432	0.876758	0.878309	0.896982	0.887693	0.850288	0.846004	0.850916	0.871243	0.857485	0.857592	0.918403	0.895185	0.874462	0.877526	0.897468	0.878566	0.902941	0.947539	0.927805	0.932572	0.930949	0.912656	0.784767	0	0.781843	0.779769	0.788213	0.746036	0.811659	0.813386	0.817165	0.806686	0.85993	0.812662	0.894299	0.911814	0.89245	0.910101	0.912194	0.908102	0.862802	0.864127	0.873603	0.857785	0.855976	0.858209	1.10664	1.11473	1.11414	1.09968	1.09782	1.09915	1.08312	1.09105	1.07884	1.08657	1.06825	1.09489	1.10267	1.10311	1.10378	1.10456	1.0836	1.09085	1.07482	1.07642	1.0817	1.07315	1.07747	1.07824	1.09733	1.08974	1.08749	1.08913	1.10049	1.11574	1.1095	1.10161	1.13057	1.11145	1.11633	1.11181	0.911784	0.891318	0.889287	0.91292	0.906848	0.913738	1.01426	1.00815	1.01674	1.01786	1.01652	1.0256
ERR608935	0.894701	0.891784	0.899118	0.901666	0.91804	0.908932	0.873908	0.870518	0.874565	0.892503	0.880208	0.880385	0.932426	0.913163	0.896706	0.899615	0.914668	0.900072	0.923939	0.96416	0.9461	0.949757	0.948153	0.933122	0.800304	0.781843	0	0.796298	0.811138	0.776483	0.833853	0.835307	0.838491	0.829789	0.875765	0.834687	0.911622	0.927424	0.910001	0.925773	0.927355	0.92328	0.882451	0.883698	0.891921	0.878267	0.876959	0.878538	1.12011	1.12783	1.12746	1.11399	1.11212	1.11359	1.10106	1.10816	1.09701	1.10422	1.08731	1.11225	1.11621	1.11729	1.11725	1.11828	1.09942	1.10586	1.09172	1.0933	1.09777	1.09022	1.0943	1.09478	1.11212	1.10542	1.10357	1.10482	1.11486	1.12902	1.12321	1.11594	1.14272	1.12536	1.12971	1.12566	0.926105	0.908035	0.906375	0.92694	0.92096	0.927834	1.03247	1.02765	1.03442	1.03548	1.03438	1.04225
ERR608934	0.893026	0.890239	0.897729	0.899643	0.916502	0.907376	0.871946	0.868171	0.872572	0.89043	0.878175	0.878456	0.93169	0.912441	0.895428	0.898235	0.91356	0.89906	0.922653	0.962977	0.944525	0.948355	0.946963	0.931441	0.799083	0.779769	0.796298	0	0.809206	0.774316	0.832307	0.833503	0.837403	0.828432	0.874707	0.83305	0.910672	0.926314	0.909026	0.925105	0.926637	0.922769	0.880904	0.882075	0.890153	0.876554	0.874922	0.876757	1.11945	1.12728	1.12688	1.11343	1.11146	1.11282	1.1001	1.10711	1.09612	1.10314	1.08623	1.11126	1.11565	1.1164	1.1166	1.11725	1.09834	1.10524	1.09086	1.09232	1.09678	1.08916	1.09319	1.09352	1.11103	1.10421	1.10252	1.10359	1.11369	1.12838	1.12258	1.11517	1.1421	1.12471	1.12895	1.12473	0.924594	0.906191	0.904527	0.92533	0.919856	0.926568	1.03154	1.02641	1.03357	1.03464	1.03359	1.04172
ERR608931	0.888491	0.892659	0.899569	0.894831	0.910856	0.907476	0.877542	0.874449	0.878356	0.896629	0.886923	0.884525	0.938056	0.919992	0.906239	0.907138	0.921772	0.906864	0.929842	0.967169	0.951867	0.955199	0.954451	0.936615	0.813646	0.788213	0.811138	0.809206	0	0.785963	0.842813	0.843937	0.846364	0.840863	0.873836	0.843906	0.922183	0.931082	0.920244	0.92973	0.932338	0.931123	0.889676	0.888169	0.89621	0.882857	0.881733	0.882817	1.12991	1.13651	1.13605	1.12371	1.12199	1.12373	1.10637	1.11322	1.10222	1.10969	1.09329	1.11544	1.12666	1.12435	1.12717	1.12826	1.10958	1.11556	1.10163	1.10183	1.10685	1.10108	1.103	1.10598	1.1226	1.11558	1.11358	1.11502	1.12395	1.13382	1.13328	1.12728	1.14864	1.13394	1.13795	1.1337	0.925047	0.912712	0.911419	0.926348	0.923016	0.926663	1.04136	1.03723	1.04415	1.04523	1.04412	1.04779
ERR608933	0.867033	0.86328	0.871965	0.875464	0.894973	0.884364	0.844459	0.840032	0.845319	0.866086	0.851244	0.852073	0.914551	0.890125	0.867508	0.871437	0.892049	0.872367	0.89565	0.94295	0.922018	0.92657	0.925097	0.906781	0.779291	0.746036	0.776483	0.774316	0.785963	0	0.805328	0.806854	0.811503	0.799215	0.858257	0.806242	0.888533	0.90822	0.886265	0.9065	0.908733	0.903427	0.856752	0.859467	0.869006	0.852388	0.850588	0.852608	1.1001	1.10923	1.10867	1.09347	1.09133	1.09273	1.07719	1.08533	1.07303	1.08085	1.0619	1.08981	1.09619	1.09759	1.09739	1.09833	1.07637	1.08415	1.06782	1.06952	1.07473	1.06547	1.07067	1.07103	1.09042	1.08293	1.08081	1.0823	1.09416	1.11152	1.1036	1.09478	1.12629	1.10616	1.11089	1.10635	0.910225	0.886838	0.884746	0.910924	0.903312	0.91197	1.00806	1.0012	1.00999	1.01135	1.00949	1.02092
ERR608852	0.896811	0.894521	0.902449	0.904009	0.921456	0.912525	0.867815	0.86371	0.868284	0.887702	0.875169	0.874235	0.933771	0.911352	0.889835	0.893546	0.913174	0.893928	0.907387	0.949312	0.930445	0.934372	0.932833	0.916588	0.836107	0.811659	0.833853	0.832307	0.842813	0.805328	0	0.769757	0.777894	0.767548	0.820448	0.769764	0.89925	0.914935	0.89712	0.913368	0.915153	0.911505	0.865932	0.867393	0.87637	0.860619	0.858673	0.860803	1.11642	1.12471	1.12425	1.10969	1.10765	1.10914	1.09305	1.10037	1.08866	1.09642	1.07822	1.10396	1.11288	1.11291	1.11371	1.115	1.09355	1.10107	1.0839	1.08524	1.09046	1.08252	1.08652	1.08769	1.10625	1.09856	1.09659	1.09824	1.10953	1.12472	1.11978	1.11211	1.14109	1.12173	1.12641	1.12169	0.921509	0.901763	0.900055	0.922878	0.916631	0.923562	1.02868	1.02233	1.03096	1.03228	1.03063	1.04012
ERR608851	0.897716	0.895639	0.903452	0.905337	0.922309	0.913918	0.868931	0.865391	0.870118	0.888894	0.876827	0.875202	0.934441	0.912447	0.891345	0.894816	0.914504	0.895449	0.908716	0.950057	0.931736	0.935577	0.933843	0.917448	0.837884	0.813386	0.835307	0.833503	0.843937	0.806854	0.769757	0	0.778744	0.768635	0.821366	0.770762	0.900443	0.915921	0.898291	0.914125	0.916462	0.912639	0.867532	0.868873	0.878036	0.861719	0.860212	0.862586	1.11682	1.12509	1.12465	1.11005	1.10818	1.10978	1.09339	1.10079	1.08919	1.09683	1.07875	1.10457	1.11318	1.11331	1.11409	1.11522	1.09396	1.10125	1.08437	1.08555	1.09055	1.0829	1.08655	1.08773	1.10686	1.09921	1.09709	1.09877	1.10988	1.12501	1.12011	1.1123	1.14135	1.12209	1.12651	1.12221	0.922694	0.903086	0.901337	0.923724	0.917504	0.924621	1.02972	1.02323	1.03194	1.03306	1.03174	1.04109
ERR608848	0.901614	0.900569	0.907531	0.908503	0.925138	0.917342	0.873427	0.869506	0.874052	0.892397	0.880852	0.879682	0.936876	0.915483	0.895424	0.898301	0.916992	0.898942	0.912022	0.952385	0.935065	0.938471	0.93721	0.920949	0.841335	0.817165	0.838491	0.837403	0.846364	0.811503	0.777894	0.778744	0	0.770558	0.82014	0.778506	0.904208	0.918819	0.902171	0.917033	0.918781	0.915436	0.871168	0.871919	0.880702	0.865427	0.863761	0.865618	1.11968	1.12792	1.12737	1.11329	1.11141	1.11274	1.09665	1.10369	1.09245	1.1	1.08228	1.10757	1.11592	1.11609	1.11685	1.11804	1.09716	1.10454	1.0874	1.08844	1.09347	1.08615	1.08941	1.09083	1.10991	1.10247	1.1006	1.10224	1.11251	1.12726	1.12311	1.11573	1.14366	1.12547	1.13028	1.12557	0.924584	0.906341	0.904897	0.925986	0.920315	0.92677	1.03352	1.0273	1.03565	1.03679	1.03538	1.04427
ERR608849	0.894681	0.89134	0.898921	0.902285	0.919698	0.91033	0.863953	0.859831	0.864716	0.884393	0.871074	0.870557	0.930105	0.906903	0.88476	0.888718	0.908785	0.88959	0.902471	0.945799	0.926606	0.930397	0.928917	0.912182	0.832691	0.806686	0.829789	0.828432	0.840863	0.799215	0.767548	0.768635	0.770558	0	0.817428	0.767823	0.894846	0.91245	0.892915	0.91092	0.912338	0.908146	0.861526	0.863844	0.873119	0.856703	0.855105	0.856853	1.1122	1.1208	1.12016	1.10537	1.10317	1.10459	1.089	1.09658	1.08489	1.09239	1.07388	1.10085	1.10802	1.10903	1.10897	1.11034	1.08831	1.09621	1.07863	1.08037	1.08513	1.07678	1.08146	1.08184	1.10147	1.09389	1.09197	1.09342	1.10487	1.12152	1.11563	1.10728	1.1381	1.1182	1.12312	1.11847	0.920148	0.898789	0.896708	0.921325	0.914745	0.922164	1.02411	1.01715	1.02617	1.02712	1.02554	1.03658
ERR608847	0.931033	0.935201	0.941354	0.936745	0.949784	0.947757	0.910482	0.907645	0.911015	0.927014	0.919034	0.915988	0.967444	0.951341	0.937994	0.938602	0.952652	0.938202	0.948379	0.979784	0.966667	0.969338	0.968508	0.953495	0.877563	0.85993	0.875765	0.874707	0.873836	0.858257	0.820448	0.821366	0.82014	0.817428	0	0.82161	0.93816	0.94421	0.936651	0.942951	0.945003	0.945064	0.906031	0.904524	0.911508	0.898719	0.897936	0.898662	1.14746	1.15367	1.15355	1.14166	1.14001	1.14143	1.12433	1.13035	1.12011	1.12741	1.11179	1.13254	1.14366	1.14102	1.14431	1.14524	1.12783	1.13346	1.1189	1.11878	1.12344	1.1186	1.11985	1.12308	1.13919	1.1324	1.13056	1.1321	1.14052	1.14919	1.1509	1.14533	1.1659	1.15131	1.1554	1.15125	0.94699	0.936586	0.935629	0.94808	0.945323	0.948702	1.06771	1.06334	1.07059	1.07142	1.07046	1.07425
ERR608850	0.898792	0.896751	0.904275	0.905711	0.922961	0.914905	0.869179	0.865367	0.869983	0.889164	0.875983	0.875565	0.93368	0.911775	0.890545	0.8942	0.91342	0.8952	0.90826	0.949852	0.931287	0.935323	0.933656	0.917615	0.837278	0.812662	0.834687	0.83305	0.843906	0.806242	0.769764	0.770762	0.778506	0.767823	0.82161	0	0.9	0.916006	0.897955	0.914209	0.916063	0.912275	0.866494	0.868246	0.877249	0.861039	0.859356	0.861633	1.11653	1.12481	1.12439	1.10974	1.10765	1.10912	1.09365	1.10122	1.08968	1.09692	1.07898	1.10488	1.11247	1.11326	1.11353	1.11435	1.09344	1.10101	1.08391	1.08508	1.08998	1.0821	1.0862	1.08713	1.10617	1.09874	1.09685	1.09839	1.10935	1.12521	1.11973	1.11213	1.14153	1.12213	1.12724	1.12253	0.922717	0.902755	0.900967	0.924011	0.917474	0.924541	1.02924	1.02244	1.03114	1.03227	1.03083	1.04093
ERR629858	0.965141	0.959438	0.966402	0.97113	0.98696	0.976999	0.946166	0.943335	0.946718	0.962238	0.950518	0.951285	0.970072	0.948421	0.92795	0.93269	0.950594	0.9333	0.896291	0.938664	0.91825	0.922504	0.921283	0.90696	0.913615	0.894299	0.911622	0.910672	0.922183	0.888533	0.89925	0.900443	0.904208	0.894846	0.93816	0.9	0	0.808973	0.783011	0.806767	0.809	0.801021	0.908611	0.910731	0.917666	0.905318	0.904076	0.905845	1.10172	1.11137	1.11102	1.09583	1.09306	1.09488	1.07723	1.08555	1.07346	1.08068	1.06227	1.09013	1.08962	1.0911	1.09055	1.09173	1.07077	1.07811	1.06699	1.06968	1.07415	1.06526	1.07048	1.07022	1.09177	1.08444	1.08265	1.08412	1.0953	1.11295	1.10177	1.09353	1.12533	1.10551	1.11034	1.1058	0.933594	0.913079	0.911445	0.934499	0.928134	0.935279	1.01433	1.00819	1.01579	1.01708	1.01559	1.02703
ERR629860	0.974149	0.97304	0.979022	0.979336	0.993786	0.987734	0.960442	0.957556	0.960587	0.976017	0.966136	0.965452	0.983499	0.964207	0.947722	0.950163	0.966444	0.950339	0.912819	0.949579	0.932514	0.935894	0.935616	0.921046	0.928693	0.911814	0.927424	0.926314	0.931082	0.90822	0.914935	0.915921	0.918819	0.91245	0.94421	0.916006	0.808973	0	0.807689	0.81747	0.820271	0.820199	0.922046	0.922685	0.929136	0.917568	0.916815	0.918011	1.1183	1.12649	1.12609	1.11236	1.11012	1.11148	1.09276	1.10007	1.08869	1.09556	1.07893	1.1033	1.10658	1.10587	1.10774	1.10859	1.08888	1.09575	1.08567	1.08729	1.09201	1.08461	1.08827	1.08961	1.10932	1.10254	1.10081	1.10193	1.11216	1.1251	1.11874	1.11203	1.13827	1.12117	1.1255	1.12123	0.940577	0.92619	0.925206	0.942097	0.938498	0.942259	1.03222	1.02666	1.03386	1.03522	1.03404	1.04113
ERR629856	0.963618	0.957795	0.964817	0.970056	0.985505	0.975542	0.944706	0.941489	0.944789	0.960682	0.949025	0.94989	0.968389	0.946945	0.925903	0.930459	0.94891	0.931637	0.895416	0.937912	0.916975	0.921267	0.920615	0.905965	0.91177	0.89245	0.910001	0.909026	0.920244	0.886265	0.89712	0.898291	0.902171	0.892915	0.936651	0.897955	0.783011	0.807689	0	0.805106	0.807318	0.799326	0.906172	0.908761	0.91607	0.903628	0.902394	0.903809	1.10117	1.11063	1.11007	1.09512	1.09273	1.09398	1.07673	1.0852	1.07296	1.08014	1.06175	1.08935	1.08886	1.09043	1.08987	1.09094	1.06985	1.07773	1.06593	1.06858	1.07331	1.06398	1.06956	1.069	1.0908	1.08355	1.08204	1.08321	1.09472	1.11201	1.10063	1.09238	1.12443	1.10471	1.10952	1.10473	0.932758	0.911867	0.910322	0.934303	0.927475	0.934955	1.0126	1.00638	1.01386	1.01548	1.01396	1.02545
ERR629861	0.97283	0.972096	0.978183	0.978261	0.992846	0.987035	0.959232	0.956758	0.959207	0.974642	0.965322	0.964707	0.982489	0.962849	0.946551	0.948765	0.965567	0.949366	0.910452	0.947536	0.930296	0.934054	0.933594	0.918731	0.927058	0.910101	0.925773	0.925105	0.92973	0.9065	0.913368	0.914125	0.917033	0.91092	0.942951	0.914209	0.806767	0.81747	0.805106	0	0.817744	0.817938	0.920478	0.920849	0.927728	0.916102	0.915289	0.916411	1.11722	1.12541	1.12504	1.11117	1.10913	1.11072	1.09166	1.09931	1.08776	1.09454	1.07791	1.10249	1.10542	1.10488	1.10671	1.10761	1.08815	1.09469	1.08433	1.08567	1.09075	1.08314	1.0869	1.08848	1.10848	1.10149	1.09964	1.10089	1.11126	1.12386	1.11772	1.1109	1.13702	1.12012	1.12444	1.11997	0.939751	0.92563	0.924093	0.94087	0.936809	0.94156	1.03116	1.02557	1.03276	1.03424	1.03296	1.04
ERR629859	0.974988	0.973997	0.98009	0.980487	0.994971	0.988636	0.961215	0.958621	0.961522	0.976441	0.966627	0.966179	0.983896	0.964222	0.947693	0.950393	0.966746	0.950713	0.913285	0.950189	0.932684	0.936345	0.935612	0.920912	0.928916	0.912194	0.927355	0.926637	0.932338	0.908733	0.915153	0.916462	0.918781	0.912338	0.945003	0.916063	0.809	0.820271	0.807318	0.817744	0	0.820079	0.923108	0.923213	0.929661	0.918218	0.917588	0.918751	1.11812	1.12653	1.12611	1.11259	1.11027	1.11152	1.09283	1.10021	1.08895	1.09568	1.07906	1.10322	1.10659	1.10595	1.10778	1.10875	1.08906	1.09588	1.08561	1.08737	1.09186	1.0844	1.08813	1.08959	1.10939	1.10224	1.10045	1.10206	1.1119	1.1253	1.11836	1.11178	1.1382	1.12083	1.12542	1.12112	0.941071	0.926728	0.925306	0.942248	0.938311	0.942846	1.03222	1.02689	1.03399	1.03533	1.03414	1.04131
ERR629857	0.975242	0.971551	0.978002	0.980808	0.99577	0.987713	0.958406	0.955921	0.958776	0.973657	0.963346	0.963678	0.980319	0.960329	0.942765	0.94619	0.962727	0.946651	0.909287	0.947429	0.928639	0.932902	0.931853	0.917936	0.925391	0.908102	0.92328	0.922769	0.931123	0.903427	0.911505	0.912639	0.915436	0.908146	0.945064	0.912275	0.801021	0.820199	0.799326	0.817938	0.820079	0	0.919007	0.920208	0.926559	0.915637	0.914625	0.915858	1.11286	1.12139	1.12132	1.1071	1.10489	1.10594	1.08862	1.09634	1.08464	1.0916	1.07456	1.10003	1.101	1.10147	1.10202	1.10288	1.0832	1.09016	1.07974	1.08182	1.08662	1.07808	1.08278	1.08319	1.1033	1.09653	1.0948	1.0962	1.10652	1.1216	1.11267	1.1053	1.13422	1.11593	1.12055	1.11625	0.941171	0.923972	0.922591	0.942285	0.936785	0.942696	1.02713	1.02139	1.02859	1.02995	1.02861	1.03732
ERR636746	0.926487	0.923827	0.9313	0.933035	0.949538	0.942078	0.891858	0.888267	0.892217	0.910473	0.89817	0.897859	0.963797	0.942721	0.925237	0.928178	0.944301	0.92862	0.91193	0.950575	0.932776	0.936486	0.936046	0.919588	0.884324	0.862802	0.882451	0.880904	0.889676	0.856752	0.865932	0.867532	0.871168	0.861526	0.906031	0.866494	0.908611	0.922046	0.906172	0.920478	0.923108	0.919007	0	0.817888	0.826813	0.814849	0.812835	0.814518	1.12377	1.13215	1.13169	1.11794	1.11597	1.11733	1.09948	1.10668	1.09577	1.1029	1.08582	1.11074	1.11492	1.11597	1.11633	1.11719	1.09734	1.10403	1.09287	1.09467	1.09912	1.09094	1.09548	1.09591	1.11352	1.10644	1.10451	1.1063	1.1166	1.13145	1.12168	1.11405	1.14227	1.12373	1.1285	1.12394	0.933171	0.916076	0.914634	0.933538	0.928002	0.934335	1.02913	1.02457	1.03097	1.03197	1.03128	1.03851
ERR636747	0.923469	0.92262	0.9305	0.929948	0.946227	0.940078	0.89188	0.888165	0.892097	0.910418	0.899229	0.897506	0.964241	0.943527	0.92669	0.929075	0.945229	0.929093	0.913246	0.951366	0.934797	0.937698	0.937366	0.920383	0.885377	0.864127	0.883698	0.882075	0.888169	0.859467	0.867393	0.868873	0.871919	0.863844	0.904524	0.868246	0.910731	0.922685	0.908761	0.920849	0.923213	0.920208	0.817888	0	0.827768	0.814732	0.812747	0.814658	1.12569	1.1342	1.13343	1.11996	1.11785	1.11937	1.10035	1.10745	1.09625	1.10338	1.08675	1.11087	1.11757	1.11751	1.11862	1.11961	1.09926	1.10633	1.09475	1.09614	1.10105	1.09345	1.09699	1.09867	1.11609	1.10855	1.10681	1.10828	1.11885	1.132	1.12398	1.117	1.14345	1.12571	1.13027	1.1257	0.932374	0.917645	0.91627	0.933088	0.928484	0.934022	1.03097	1.02636	1.0331	1.03425	1.03296	1.03912
ERR636745	0.93354	0.932522	0.93985	0.939755	0.954895	0.949376	0.901813	0.898404	0.902339	0.91972	0.909067	0.907732	0.971222	0.951438	0.936381	0.938481	0.953661	0.938912	0.92197	0.958483	0.94188	0.944932	0.944961	0.929226	0.893607	0.873603	0.891921	0.890153	0.89621	0.869006	0.87637	0.878036	0.880702	0.873119	0.911508	0.877249	0.917666	0.929136	0.91607	0.927728	0.929661	0.926559	0.826813	0.827768	0	0.82482	0.822954	0.825226	1.13238	1.13989	1.13948	1.1267	1.1245	1.12606	1.10842	1.1152	1.10444	1.11119	1.0952	1.11849	1.12404	1.12427	1.12519	1.12589	1.10686	1.1132	1.10214	1.10346	1.10818	1.10069	1.10456	1.10549	1.12257	1.11557	1.11368	1.11532	1.12523	1.13806	1.13044	1.12355	1.14931	1.13249	1.13642	1.13272	0.938584	0.924392	0.922946	0.938843	0.934607	0.939744	1.03879	1.03466	1.04079	1.0415	1.0409	1.04649
ERR636749	0.917997	0.91813	0.925822	0.925039	0.941729	0.935777	0.885012	0.881514	0.885857	0.904888	0.893239	0.892077	0.960646	0.939136	0.921558	0.923663	0.940934	0.924256	0.908402	0.947612	0.930479	0.933789	0.93319	0.915911	0.88005	0.857785	0.878267	0.876554	0.882857	0.852388	0.860619	0.861719	0.865427	0.856703	0.898719	0.861039	0.905318	0.917568	0.903628	0.916102	0.918218	0.915637	0.814849	0.814732	0.82482	0	0.804184	0.806167	1.12246	1.13084	1.12995	1.1161	1.11427	1.1159	1.09635	1.1033	1.09183	1.09924	1.0822	1.10658	1.11409	1.11403	1.11523	1.11613	1.09555	1.10245	1.09066	1.09206	1.09697	1.08928	1.09303	1.09447	1.11222	1.10508	1.10287	1.10457	1.11515	1.12858	1.12092	1.11374	1.14053	1.1226	1.12713	1.1227	0.928937	0.91361	0.912474	0.929984	0.925206	0.930631	1.02772	1.0228	1.03006	1.03123	1.03004	1.03633
ERR636750	0.916642	0.917043	0.924949	0.923992	0.940898	0.934964	0.883612	0.879993	0.8844	0.903576	0.891913	0.890375	0.958663	0.937227	0.919379	0.921858	0.939425	0.921836	0.906542	0.946048	0.928538	0.931798	0.931541	0.9141	0.878837	0.855976	0.876959	0.874922	0.881733	0.850588	0.858673	0.860212	0.863761	0.855105	0.897936	0.859356	0.904076	0.916815	0.902394	0.915289	0.917588	0.914625	0.812835	0.812747	0.822954	0.804184	0	0.804295	1.12093	1.12937	1.12861	1.11494	1.11272	1.11429	1.09472	1.10168	1.09057	1.09763	1.08078	1.1052	1.11256	1.11246	1.11347	1.11442	1.09375	1.10081	1.08854	1.0901	1.09505	1.08733	1.091	1.09241	1.11063	1.10308	1.10108	1.10245	1.11342	1.12705	1.11912	1.11181	1.13917	1.12096	1.12534	1.12085	0.928422	0.912429	0.911023	0.929002	0.924713	0.929943	1.0261	1.02108	1.02851	1.02939	1.02842	1.03499
