	ERR607649	ERR607646	ERR607645	ERR607648	ERR607650	ERR607647	ERR617232	ERR617231	ERR617230	ERR617229	ERR617228	ERR617227	ERR617515	ERR617512	ERR617514	ERR617511	ERR617516	ERR617513	ERR607785	ERR607781	ERR607783	ERR607784	ERR607786	ERR607782	ERR637031	ERR637027	ERR637030	ERR637029	ERR637028	ERR637032	ERR626425	ERR626424	ERR626428	ERR626427	ERR626426	ERR626423	ERR617127	ERR617130	ERR617125	ERR617129	ERR617128	ERR617126	ERR630257	ERR630259	ERR630255	ERR630258	ERR630254	ERR630256	ERR611384	ERR611380	ERR611382	ERR611381	ERR611383	ERR611379	ERR618579	ERR618583	ERR618582	ERR618581	ERR618580	ERR618584	ERR616153	ERR616148	ERR616152	ERR616150	ERR616151	ERR616149	ERR622045	ERR622047	ERR622046	ERR622049	ERR622050	ERR622048	ERR607599	ERR607601	ERR607598	ERR607597	ERR607600	ERR607602	ERR616857	ERR616858	ERR616854	ERR616855	ERR616853	ERR616856	ERR609235	ERR609240	ERR609238	ERR609237	ERR609239	ERR609236	ERR618596	ERR618593	ERR618594	ERR618595	ERR618592	ERR618591
ERR607649	8.29595e+09	8.23201e+09	7.84393e+09	8.0677e+09	8.01446e+09	7.99156e+09	5.46528e+09	5.83237e+09	5.62628e+09	6.62836e+09	6.59275e+09	6.21954e+09	6.28779e+09	5.6391e+09	6.19216e+09	5.57965e+09	5.97249e+09	5.6527e+09	7.9294e+09	8.00619e+09	8.00899e+09	7.20829e+09	7.96724e+09	7.34955e+09	8.44395e+09	8.16557e+09	7.7155e+09	8.19645e+09	7.41171e+09	8.33941e+09	7.08558e+09	7.03169e+09	7.40962e+09	5.72494e+09	5.78875e+09	7.53433e+09	6.04277e+09	5.54522e+09	5.80372e+09	6.65694e+09	6.58963e+09	6.04596e+09	5.57748e+09	5.39967e+09	6.39451e+09	5.87145e+09	7.01452e+09	6.05817e+09	6.17797e+09	6.26794e+09	5.81531e+09	6.61239e+09	6.18651e+09	6.33948e+09	6.75921e+09	6.10891e+09	6.4346e+09	6.48132e+09	6.40526e+09	6.10803e+09	7.20722e+09	6.05641e+09	7.0995e+09	5.824e+09	7.06633e+09	6.44005e+09	6.17509e+09	5.72438e+09	5.77779e+09	6.51855e+09	6.65362e+09	6.52932e+09	6.82068e+09	7.53193e+09	6.7615e+09	7.50122e+09	7.5273e+09	7.53863e+09	7.12983e+09	7.16424e+09	7.65269e+09	7.97101e+09	7.65598e+09	7.08295e+09	6.86096e+09	7.00265e+09	5.89005e+09	6.5618e+09	7.02129e+09	6.83372e+09	6.06629e+09	6.34782e+09	6.3715e+09	6.06263e+09	6.27131e+09	6.55431e+09
ERR607646	8.23201e+09	8.65239e+09	8.0027e+09	8.23401e+09	8.17828e+09	8.15696e+09	5.58035e+09	5.9622e+09	5.75025e+09	6.78506e+09	6.74721e+09	6.359e+09	6.43244e+09	5.76217e+09	6.33348e+09	5.69957e+09	6.10543e+09	5.77662e+09	8.09203e+09	8.17345e+09	8.17659e+09	7.3375e+09	8.13105e+09	7.48477e+09	8.63404e+09	8.34177e+09	7.87006e+09	8.37456e+09	7.55308e+09	8.52387e+09	7.23635e+09	7.17995e+09	7.57054e+09	5.83731e+09	5.90341e+09	7.69986e+09	6.18953e+09	5.6721e+09	5.94049e+09	6.82626e+09	6.75677e+09	6.19262e+09	5.69655e+09	5.51308e+09	6.5373e+09	5.99978e+09	7.17702e+09	6.19178e+09	6.29833e+09	6.39352e+09	5.92295e+09	6.74711e+09	6.30709e+09	6.46637e+09	6.92778e+09	6.25876e+09	6.5942e+09	6.64066e+09	6.56139e+09	6.25763e+09	7.37671e+09	6.19146e+09	7.26525e+09	5.95472e+09	7.23171e+09	6.58772e+09	6.29531e+09	5.83208e+09	5.88655e+09	6.64802e+09	6.7869e+09	6.65963e+09	6.95623e+09	7.69004e+09	6.89447e+09	7.65849e+09	7.6856e+09	7.69711e+09	7.26962e+09	7.30553e+09	7.8136e+09	8.14665e+09	7.81614e+09	7.22121e+09	7.01554e+09	7.1591e+09	6.01734e+09	6.70458e+09	7.17863e+09	6.98531e+09	6.22262e+09	6.51151e+09	6.53741e+09	6.21904e+09	6.43115e+09	6.72474e+09
ERR607645	7.84393e+09	8.0027e+09	7.85611e+09	7.84565e+09	7.79581e+09	7.77857e+09	5.32112e+09	5.66708e+09	5.469e+09	6.42932e+09	6.39608e+09	6.04239e+09	6.10533e+09	5.48324e+09	6.0137e+09	5.42856e+09	5.80533e+09	5.49514e+09	7.72044e+09	7.79102e+09	7.79393e+09	7.04119e+09	7.75498e+09	7.17573e+09	8.20168e+09	7.93879e+09	7.51639e+09	7.9681e+09	7.23003e+09	8.10288e+09	6.89195e+09	6.84114e+09	7.20207e+09	5.57843e+09	5.64017e+09	7.32217e+09	5.85774e+09	5.38892e+09	5.63242e+09	6.44581e+09	6.37998e+09	5.86199e+09	5.43157e+09	5.26215e+09	6.2201e+09	5.71434e+09	6.81508e+09	5.89532e+09	6.03202e+09	6.11419e+09	5.68403e+09	6.44667e+09	6.03953e+09	6.18479e+09	6.5539e+09	5.92546e+09	6.23906e+09	6.28801e+09	6.21612e+09	5.92511e+09	6.99635e+09	5.88827e+09	6.89385e+09	5.66088e+09	6.86052e+09	6.25636e+09	6.02602e+09	5.5921e+09	5.64396e+09	6.35883e+09	6.48915e+09	6.36858e+09	6.65312e+09	7.3363e+09	6.59844e+09	7.30742e+09	7.33154e+09	7.34199e+09	6.95879e+09	6.9916e+09	7.4531e+09	7.75461e+09	7.45836e+09	6.91439e+09	6.67248e+09	6.81059e+09	5.73477e+09	6.38888e+09	6.82823e+09	6.64756e+09	5.8741e+09	6.14854e+09	6.16697e+09	5.87039e+09	6.07608e+09	6.34551e+09
ERR607648	8.0677e+09	8.23401e+09	7.84565e+09	8.29912e+09	8.01683e+09	7.99328e+09	5.4656e+09	5.83392e+09	5.62822e+09	6.63021e+09	6.59432e+09	6.22061e+09	6.29105e+09	5.64155e+09	6.19559e+09	5.58154e+09	5.97485e+09	5.65464e+09	7.9315e+09	8.0085e+09	8.01148e+09	7.21036e+09	7.96923e+09	7.35082e+09	8.44656e+09	8.16741e+09	7.71729e+09	8.19894e+09	7.41311e+09	8.34185e+09	7.08658e+09	7.0329e+09	7.41082e+09	5.72598e+09	5.79021e+09	7.53579e+09	6.04513e+09	5.54655e+09	5.80579e+09	6.65989e+09	6.59259e+09	6.04828e+09	5.57838e+09	5.40063e+09	6.39566e+09	5.87205e+09	7.01565e+09	6.05943e+09	6.17956e+09	6.26991e+09	5.81605e+09	6.61425e+09	6.18792e+09	6.34167e+09	6.76116e+09	6.11166e+09	6.43699e+09	6.48363e+09	6.40726e+09	6.11059e+09	7.21063e+09	6.05973e+09	7.10305e+09	5.82759e+09	7.06973e+09	6.44324e+09	6.17755e+09	5.72637e+09	5.77993e+09	6.52107e+09	6.65632e+09	6.53188e+09	6.82205e+09	7.53385e+09	6.76294e+09	7.50275e+09	7.52893e+09	7.54015e+09	7.13105e+09	7.16584e+09	7.654e+09	7.97267e+09	7.65715e+09	7.08376e+09	6.86339e+09	7.00471e+09	5.8922e+09	6.56342e+09	7.02289e+09	6.83523e+09	6.068e+09	6.34971e+09	6.37345e+09	6.06497e+09	6.27272e+09	6.55582e+09
ERR607650	8.01446e+09	8.17828e+09	7.79581e+09	8.01683e+09	8.19051e+09	7.94101e+09	5.42965e+09	5.79379e+09	5.58972e+09	6.58171e+09	6.54681e+09	6.17712e+09	6.24686e+09	5.60356e+09	6.15216e+09	5.54417e+09	5.93371e+09	5.61623e+09	7.88009e+09	7.95594e+09	7.95921e+09	7.16932e+09	7.9168e+09	7.3079e+09	8.38573e+09	8.11136e+09	7.66782e+09	8.14248e+09	7.36736e+09	8.28305e+09	7.04027e+09	6.98709e+09	7.36091e+09	5.69123e+09	5.7548e+09	7.48431e+09	6.00008e+09	5.50651e+09	5.763e+09	6.60809e+09	6.54131e+09	6.00273e+09	5.54178e+09	5.36512e+09	6.3517e+09	5.83284e+09	6.96591e+09	6.01861e+09	6.14301e+09	6.23237e+09	5.78261e+09	6.57417e+09	6.15147e+09	6.30367e+09	6.7107e+09	6.06744e+09	6.38968e+09	6.43576e+09	6.36052e+09	6.06617e+09	7.1605e+09	6.01988e+09	7.05363e+09	5.78944e+09	7.02058e+09	6.40007e+09	6.14072e+09	5.69372e+09	5.74728e+09	6.4815e+09	6.61572e+09	6.49246e+09	6.78085e+09	7.48557e+09	6.72232e+09	7.45492e+09	7.48085e+09	7.49214e+09	7.08769e+09	7.12239e+09	7.60519e+09	7.91946e+09	7.60814e+09	7.04152e+09	6.81636e+09	6.95646e+09	5.85398e+09	6.51949e+09	6.97475e+09	6.78895e+09	6.0222e+09	6.30062e+09	6.32445e+09	6.01878e+09	6.22512e+09	6.50508e+09
ERR607647	7.99156e+09	8.15696e+09	7.77857e+09	7.99328e+09	7.94101e+09	8.15066e+09	5.42163e+09	5.77585e+09	5.5731e+09	6.56016e+09	6.52561e+09	6.16134e+09	6.22432e+09	5.58562e+09	6.13061e+09	5.52953e+09	5.91666e+09	5.5981e+09	7.86465e+09	7.93703e+09	7.94017e+09	7.15741e+09	7.90069e+09	7.29688e+09	8.36799e+09	8.09198e+09	7.65293e+09	8.12237e+09	7.3555e+09	8.26461e+09	7.02007e+09	6.96767e+09	7.33879e+09	5.67331e+09	5.73673e+09	7.4623e+09	5.97965e+09	5.49703e+09	5.74691e+09	6.58462e+09	6.51738e+09	5.98303e+09	5.5325e+09	5.3588e+09	6.34114e+09	5.82213e+09	6.95215e+09	6.00732e+09	6.13349e+09	6.2177e+09	5.77778e+09	6.55795e+09	6.14168e+09	6.28993e+09	6.69209e+09	6.04707e+09	6.36874e+09	6.41871e+09	6.3444e+09	6.04598e+09	7.13156e+09	5.9948e+09	7.02629e+09	5.76249e+09	6.99264e+09	6.37251e+09	6.12811e+09	5.68329e+09	5.73674e+09	6.46855e+09	6.60215e+09	6.47883e+09	6.76788e+09	7.4697e+09	6.71203e+09	7.4405e+09	7.46528e+09	7.47614e+09	7.08013e+09	7.11422e+09	7.58954e+09	7.90388e+09	7.59608e+09	7.03403e+09	6.80172e+09	6.9437e+09	5.84016e+09	6.51014e+09	6.96163e+09	6.77559e+09	5.99905e+09	6.28131e+09	6.30033e+09	5.99589e+09	6.20615e+09	6.48353e+09
ERR617232	5.46528e+09	5.58035e+09	5.32112e+09	5.4656e+09	5.42965e+09	5.42163e+09	4.42392e+09	4.49365e+09	4.35448e+09	5.02164e+09	4.99567e+09	4.75494e+09	4.65617e+09	4.2364e+09	4.59549e+09	4.20289e+09	4.45573e+09	4.25054e+09	5.40899e+09	5.45499e+09	5.4545e+09	4.89333e+09	5.43399e+09	5.00055e+09	5.82391e+09	5.62224e+09	5.3273e+09	5.64115e+09	5.1279e+09	5.74873e+09	5.11785e+09	5.0839e+09	5.31802e+09	4.25353e+09	4.29595e+09	5.39469e+09	4.55254e+09	4.23807e+09	4.39779e+09	4.95461e+09	4.9092e+09	4.55297e+09	4.16184e+09	4.0394e+09	4.69075e+09	4.35523e+09	5.07988e+09	4.47223e+09	4.41995e+09	4.47407e+09	4.18164e+09	4.68711e+09	4.42709e+09	4.51941e+09	4.98388e+09	4.56804e+09	4.77729e+09	4.80693e+09	4.75794e+09	4.56597e+09	5.17876e+09	4.45294e+09	5.11369e+09	4.30318e+09	5.09443e+09	4.69885e+09	4.39009e+09	4.10665e+09	4.1377e+09	4.60614e+09	4.68919e+09	4.6139e+09	4.79671e+09	5.23881e+09	4.76335e+09	5.21749e+09	5.23649e+09	5.24565e+09	4.97421e+09	4.99653e+09	5.30221e+09	5.52393e+09	5.30874e+09	4.94424e+09	4.9585e+09	5.04127e+09	4.34548e+09	4.76461e+09	5.05372e+09	4.93858e+09	4.56889e+09	4.76051e+09	4.77384e+09	4.56711e+09	4.70786e+09	4.89445e+09
ERR617231	5.83237e+09	5.9622e+09	5.66708e+09	5.83392e+09	5.79379e+09	5.77585e+09	4.49365e+09	4.98336e+09	4.65357e+09	5.38473e+09	5.35353e+09	5.07104e+09	4.99153e+09	4.52726e+09	4.92387e+09	4.47286e+09	4.75661e+09	4.54281e+09	5.75379e+09	5.81729e+09	5.81769e+09	5.18288e+09	5.78259e+09	5.29476e+09	6.20825e+09	5.99842e+09	5.66006e+09	6.01914e+09	5.43282e+09	6.12676e+09	5.46391e+09	5.42376e+09	5.68368e+09	4.53522e+09	4.58235e+09	5.7674e+09	4.88695e+09	4.48869e+09	4.6998e+09	5.3277e+09	5.27987e+09	4.88468e+09	4.41532e+09	4.26921e+09	4.98547e+09	4.62905e+09	5.41663e+09	4.75576e+09	4.67747e+09	4.76516e+09	4.39715e+09	4.99876e+09	4.68615e+09	4.80623e+09	5.34231e+09	4.90347e+09	5.12875e+09	5.1468e+09	5.08875e+09	4.90062e+09	5.57265e+09	4.79061e+09	5.49845e+09	4.64042e+09	5.48175e+09	5.06213e+09	4.66446e+09	4.3507e+09	4.38383e+09	4.89471e+09	4.98503e+09	4.90598e+09	5.09854e+09	5.58126e+09	5.05091e+09	5.55568e+09	5.57913e+09	5.59003e+09	5.25699e+09	5.28254e+09	5.64799e+09	5.88956e+09	5.64039e+09	5.22307e+09	5.28734e+09	5.36782e+09	4.62895e+09	5.05652e+09	5.38266e+09	5.25951e+09	4.91756e+09	5.1093e+09	5.13963e+09	4.91642e+09	5.04788e+09	5.25935e+09
ERR617230	5.62628e+09	5.75025e+09	5.469e+09	5.62822e+09	5.58972e+09	5.5731e+09	4.35448e+09	4.65357e+09	4.68049e+09	5.2049e+09	5.1761e+09	4.90624e+09	4.82863e+09	4.38564e+09	4.76432e+09	4.33299e+09	4.60432e+09	4.40081e+09	5.55079e+09	5.61156e+09	5.61258e+09	5.00593e+09	5.57816e+09	5.11283e+09	5.98445e+09	5.7848e+09	5.46221e+09	5.8049e+09	5.24539e+09	5.90656e+09	5.27883e+09	5.24088e+09	5.48819e+09	4.39452e+09	4.4395e+09	5.56792e+09	4.72928e+09	4.34753e+09	4.55017e+09	5.14915e+09	5.10401e+09	4.72693e+09	4.27493e+09	4.13451e+09	4.81906e+09	4.47916e+09	5.22964e+09	4.59987e+09	4.52258e+09	4.60625e+09	4.25237e+09	4.82933e+09	4.53025e+09	4.64552e+09	5.16086e+09	4.74295e+09	4.95709e+09	4.97384e+09	4.91863e+09	4.74024e+09	5.37895e+09	4.63401e+09	5.30786e+09	4.49098e+09	5.29204e+09	4.89249e+09	4.50852e+09	4.20946e+09	4.24078e+09	4.72911e+09	4.81503e+09	4.73974e+09	4.92484e+09	5.38476e+09	4.87901e+09	5.3605e+09	5.38298e+09	5.39329e+09	5.07328e+09	5.09834e+09	5.44766e+09	5.67777e+09	5.44067e+09	5.04152e+09	5.10655e+09	5.18335e+09	4.47914e+09	4.88691e+09	5.19651e+09	5.08032e+09	4.75628e+09	4.93916e+09	4.96802e+09	4.75526e+09	4.88003e+09	5.08221e+09
ERR617229	6.62836e+09	6.78506e+09	6.42932e+09	6.63021e+09	6.58171e+09	6.56016e+09	5.02164e+09	5.38473e+09	5.2049e+09	6.30403e+09	6.04741e+09	5.70504e+09	5.62014e+09	5.06776e+09	5.53966e+09	5.00335e+09	5.33982e+09	5.08723e+09	6.53397e+09	6.61006e+09	6.61123e+09	5.85128e+09	6.56901e+09	5.98388e+09	7.08307e+09	6.82939e+09	6.42128e+09	6.85461e+09	6.14879e+09	6.98464e+09	6.17937e+09	6.13209e+09	6.44486e+09	5.0759e+09	5.13071e+09	6.54628e+09	5.50046e+09	5.02876e+09	5.2749e+09	6.02648e+09	5.97057e+09	5.49694e+09	4.9425e+09	4.77196e+09	5.61852e+09	5.19422e+09	6.13227e+09	5.34314e+09	5.25744e+09	5.3604e+09	4.93012e+09	5.63689e+09	5.26665e+09	5.40915e+09	6.04639e+09	5.52327e+09	5.79275e+09	5.81173e+09	5.74174e+09	5.52014e+09	6.3258e+09	5.38935e+09	6.23582e+09	5.2128e+09	6.2161e+09	5.7147e+09	5.24622e+09	4.87761e+09	4.91754e+09	5.51736e+09	5.62441e+09	5.53081e+09	5.75268e+09	6.32869e+09	5.69727e+09	6.29794e+09	6.32643e+09	6.33902e+09	5.94463e+09	5.97547e+09	6.40943e+09	6.7e+09	6.39973e+09	5.90472e+09	5.97798e+09	6.07488e+09	5.19426e+09	5.70211e+09	6.09211e+09	5.94551e+09	5.54551e+09	5.77023e+09	5.80853e+09	5.544e+09	5.69681e+09	5.94942e+09
ERR617228	6.59275e+09	6.74721e+09	6.39608e+09	6.59432e+09	6.54681e+09	6.52561e+09	4.99567e+09	5.35353e+09	5.1761e+09	6.04741e+09	6.22926e+09	5.67242e+09	5.58869e+09	5.0405e+09	5.50869e+09	4.97765e+09	5.31154e+09	5.05849e+09	6.4996e+09	6.57504e+09	6.57603e+09	5.8245e+09	6.53418e+09	5.95661e+09	7.04235e+09	6.79095e+09	6.38817e+09	6.81617e+09	6.11936e+09	6.94531e+09	6.14444e+09	6.09653e+09	6.40695e+09	5.04782e+09	5.10241e+09	6.50743e+09	5.46574e+09	5.00126e+09	5.2445e+09	5.98866e+09	5.93206e+09	5.46342e+09	4.92119e+09	4.7535e+09	5.59259e+09	5.17079e+09	6.10216e+09	5.31955e+09	5.23415e+09	5.33489e+09	4.91026e+09	5.60903e+09	5.24407e+09	5.38293e+09	6.01295e+09	5.49212e+09	5.75948e+09	5.78024e+09	5.71147e+09	5.48952e+09	6.28568e+09	5.35776e+09	6.19634e+09	5.18186e+09	6.17656e+09	5.67944e+09	5.22166e+09	4.85629e+09	4.89561e+09	5.49191e+09	5.59812e+09	5.50497e+09	5.72701e+09	6.29733e+09	5.67119e+09	6.26721e+09	6.2948e+09	6.3068e+09	5.91723e+09	5.94776e+09	6.37786e+09	6.6645e+09	6.36902e+09	5.8775e+09	5.94759e+09	6.04417e+09	5.16937e+09	5.67665e+09	6.06096e+09	5.9158e+09	5.51185e+09	5.73729e+09	5.77279e+09	5.5105e+09	5.66434e+09	5.91386e+09
ERR617227	6.21954e+09	6.359e+09	6.04239e+09	6.22061e+09	6.17712e+09	6.16134e+09	4.75494e+09	5.07104e+09	4.90624e+09	5.70504e+09	5.67242e+09	5.57116e+09	5.2779e+09	4.77538e+09	5.20546e+09	4.72399e+09	5.02879e+09	4.79192e+09	6.14224e+09	6.20637e+09	6.2065e+09	5.52401e+09	6.17245e+09	5.64759e+09	6.63709e+09	6.40467e+09	6.04049e+09	6.4271e+09	5.79718e+09	6.54789e+09	5.8069e+09	5.76454e+09	6.04661e+09	4.78948e+09	4.83979e+09	6.13902e+09	5.16067e+09	4.74974e+09	4.96566e+09	5.63942e+09	5.58736e+09	5.15946e+09	4.67488e+09	4.52305e+09	5.2976e+09	4.90546e+09	5.7654e+09	5.04421e+09	4.97172e+09	5.05564e+09	4.67767e+09	5.30832e+09	4.98054e+09	5.10289e+09	5.66887e+09	5.18205e+09	5.4293e+09	5.45515e+09	5.39364e+09	5.17971e+09	5.91089e+09	5.05608e+09	5.83078e+09	4.8878e+09	5.81105e+09	5.35023e+09	4.95235e+09	4.61422e+09	4.65139e+09	5.20282e+09	5.30114e+09	5.21432e+09	5.42396e+09	5.94913e+09	5.37633e+09	5.92251e+09	5.94627e+09	5.95766e+09	5.61108e+09	5.63915e+09	6.02447e+09	6.28812e+09	6.02382e+09	5.57524e+09	5.6228e+09	5.71464e+09	4.90125e+09	5.37912e+09	5.73024e+09	5.59574e+09	5.1934e+09	5.40842e+09	5.4347e+09	5.1912e+09	5.34332e+09	5.57024e+09
ERR617515	6.28779e+09	6.43244e+09	6.10533e+09	6.29105e+09	6.24686e+09	6.22432e+09	4.65617e+09	4.99153e+09	4.82863e+09	5.62014e+09	5.58869e+09	5.2779e+09	5.65247e+09	4.91566e+09	5.36737e+09	4.85102e+09	5.17535e+09	4.93176e+09	6.20594e+09	6.27449e+09	6.27772e+09	5.57169e+09	6.23884e+09	5.69443e+09	6.69786e+09	6.46534e+09	6.08953e+09	6.48981e+09	5.83738e+09	6.60928e+09	5.77275e+09	5.72782e+09	6.0129e+09	4.76541e+09	4.81487e+09	6.10531e+09	5.26596e+09	4.82168e+09	5.05586e+09	5.75455e+09	5.70459e+09	5.26553e+09	4.72852e+09	4.57178e+09	5.35405e+09	4.96279e+09	5.82488e+09	5.10161e+09	5.01633e+09	5.11203e+09	4.70907e+09	5.36762e+09	5.02433e+09	5.15573e+09	5.76433e+09	5.28566e+09	5.53311e+09	5.55011e+09	5.48351e+09	5.28096e+09	6.03361e+09	5.16475e+09	5.94854e+09	5.0042e+09	5.92949e+09	5.46529e+09	5.00598e+09	4.66316e+09	4.69947e+09	5.26077e+09	5.36073e+09	5.27288e+09	5.48197e+09	6.0146e+09	5.42936e+09	5.98629e+09	6.0119e+09	6.02358e+09	5.64979e+09	5.67937e+09	6.08428e+09	6.34941e+09	6.07447e+09	5.61392e+09	5.68731e+09	5.77796e+09	4.9658e+09	5.43801e+09	5.79271e+09	5.65676e+09	5.30975e+09	5.51792e+09	5.55371e+09	5.30789e+09	5.44753e+09	5.68219e+09
ERR617512	5.6391e+09	5.76217e+09	5.48324e+09	5.64155e+09	5.60356e+09	5.58562e+09	4.2364e+09	4.52726e+09	4.38564e+09	5.06776e+09	5.0405e+09	4.77538e+09	4.91566e+09	4.6451e+09	4.85047e+09	4.40941e+09	4.68735e+09	4.47953e+09	5.56981e+09	5.62781e+09	5.63e+09	5.0237e+09	5.59811e+09	5.13114e+09	5.99036e+09	5.79124e+09	5.47118e+09	5.81166e+09	5.2549e+09	5.91506e+09	5.19923e+09	5.16046e+09	5.40508e+09	4.32872e+09	4.37275e+09	5.48395e+09	4.76387e+09	4.38147e+09	4.5839e+09	5.18202e+09	5.13836e+09	4.76294e+09	4.29037e+09	4.15343e+09	4.83282e+09	4.49403e+09	5.23757e+09	4.61391e+09	4.53655e+09	4.61971e+09	4.26774e+09	4.84013e+09	4.54395e+09	4.65771e+09	5.18336e+09	4.77017e+09	4.98408e+09	4.99933e+09	4.94289e+09	4.76681e+09	5.41357e+09	4.66492e+09	5.341e+09	4.52391e+09	5.32426e+09	4.92416e+09	4.5254e+09	4.22676e+09	4.2586e+09	4.74656e+09	4.83252e+09	4.75682e+09	4.94067e+09	5.39955e+09	4.89664e+09	5.37477e+09	5.3972e+09	5.40695e+09	5.08621e+09	5.11128e+09	5.45909e+09	5.68712e+09	5.45106e+09	5.05511e+09	5.11862e+09	5.19747e+09	4.49586e+09	4.90375e+09	5.21009e+09	5.09282e+09	4.79012e+09	4.97112e+09	5.00164e+09	4.78855e+09	4.91104e+09	5.11274e+09
ERR617514	6.19216e+09	6.33348e+09	6.0137e+09	6.19559e+09	6.15216e+09	6.13061e+09	4.59549e+09	4.92387e+09	4.76432e+09	5.53966e+09	5.50869e+09	5.20546e+09	5.36737e+09	4.85047e+09	5.49678e+09	4.78739e+09	5.1048e+09	4.866e+09	6.11171e+09	6.17906e+09	6.182e+09	5.49126e+09	6.14403e+09	5.6113e+09	6.59329e+09	6.36593e+09	5.99894e+09	6.38949e+09	5.75162e+09	6.50699e+09	5.68922e+09	5.64532e+09	5.9242e+09	4.70181e+09	4.75119e+09	6.01484e+09	5.19335e+09	4.75858e+09	4.98777e+09	5.67123e+09	5.62183e+09	5.1927e+09	4.66508e+09	4.51111e+09	5.27798e+09	4.89486e+09	5.73947e+09	5.03023e+09	4.94519e+09	5.03986e+09	4.64424e+09	5.28948e+09	4.95344e+09	5.08236e+09	5.67901e+09	5.20976e+09	5.45224e+09	5.46905e+09	5.4042e+09	5.20526e+09	5.94152e+09	5.09052e+09	5.85828e+09	4.93333e+09	5.84027e+09	5.38565e+09	4.93637e+09	4.59983e+09	4.63571e+09	5.18563e+09	5.28318e+09	5.19765e+09	5.40211e+09	5.92421e+09	5.35122e+09	5.89573e+09	5.9213e+09	5.93228e+09	5.5673e+09	5.59576e+09	5.99216e+09	6.25184e+09	5.98275e+09	5.53123e+09	5.60354e+09	5.69232e+09	4.89704e+09	5.35848e+09	5.70687e+09	5.57376e+09	5.23297e+09	5.43705e+09	5.47218e+09	5.23133e+09	5.36882e+09	5.59829e+09
ERR617511	5.57965e+09	5.69957e+09	5.42856e+09	5.58154e+09	5.54417e+09	5.52953e+09	4.20289e+09	4.47286e+09	4.33299e+09	5.00335e+09	4.97765e+09	4.72399e+09	4.85102e+09	4.40941e+09	4.78739e+09	4.54053e+09	4.63189e+09	4.42362e+09	5.51887e+09	5.57179e+09	5.5736e+09	4.98364e+09	5.54535e+09	5.09019e+09	5.93312e+09	5.73378e+09	5.42221e+09	5.75415e+09	5.21258e+09	5.85816e+09	5.14361e+09	5.10667e+09	5.34563e+09	4.28e+09	4.32285e+09	5.42427e+09	4.69945e+09	4.34085e+09	4.53007e+09	5.11162e+09	5.0679e+09	4.69978e+09	4.25322e+09	4.12259e+09	4.78909e+09	4.4526e+09	5.18706e+09	4.57171e+09	4.50074e+09	4.57429e+09	4.2441e+09	4.79099e+09	4.50801e+09	4.61373e+09	5.1209e+09	4.70721e+09	4.91915e+09	4.93935e+09	4.88603e+09	4.70419e+09	5.33778e+09	4.59842e+09	5.2675e+09	4.455e+09	5.25005e+09	4.85176e+09	4.48395e+09	4.19042e+09	4.22216e+09	4.70259e+09	4.78791e+09	4.71175e+09	4.89597e+09	5.34776e+09	4.85498e+09	5.32394e+09	5.3447e+09	5.35455e+09	5.05009e+09	5.07449e+09	5.40741e+09	5.63228e+09	5.40588e+09	5.01972e+09	5.06867e+09	5.14881e+09	4.45164e+09	4.86283e+09	5.16093e+09	5.04507e+09	4.72141e+09	4.90692e+09	4.93084e+09	4.72047e+09	4.85036e+09	5.04617e+09
ERR617516	5.97249e+09	6.10543e+09	5.80533e+09	5.97485e+09	5.93371e+09	5.91666e+09	4.45573e+09	4.75661e+09	4.60432e+09	5.33982e+09	5.31154e+09	5.02879e+09	5.17535e+09	4.68735e+09	5.1048e+09	4.63189e+09	5.12622e+09	4.70231e+09	5.90304e+09	5.96298e+09	5.96525e+09	5.31553e+09	5.93264e+09	5.43126e+09	6.35749e+09	6.1403e+09	5.79683e+09	6.16232e+09	5.56493e+09	6.27578e+09	5.49151e+09	5.4505e+09	5.71368e+09	4.54801e+09	4.59439e+09	5.79958e+09	5.00981e+09	4.6094e+09	4.81998e+09	5.46132e+09	5.41428e+09	5.00929e+09	4.51721e+09	4.37304e+09	5.10266e+09	4.73519e+09	5.53924e+09	4.86513e+09	4.79058e+09	4.87379e+09	4.50747e+09	5.1111e+09	4.79785e+09	4.91667e+09	5.47129e+09	5.02027e+09	5.25202e+09	5.27319e+09	5.21284e+09	5.01667e+09	5.71484e+09	4.90538e+09	5.63688e+09	4.75047e+09	5.61819e+09	5.18342e+09	4.77396e+09	4.45395e+09	4.48844e+09	5.01291e+09	5.10609e+09	5.02347e+09	5.22297e+09	5.71812e+09	5.17711e+09	5.69177e+09	5.71506e+09	5.72591e+09	5.38869e+09	5.41577e+09	5.78386e+09	6.03014e+09	5.77864e+09	5.35502e+09	5.40993e+09	5.49711e+09	4.73488e+09	5.18228e+09	5.51079e+09	5.38356e+09	5.03935e+09	5.2388e+09	5.26678e+09	5.03787e+09	5.17524e+09	5.39071e+09
ERR617513	5.6527e+09	5.77662e+09	5.49514e+09	5.65464e+09	5.61623e+09	5.5981e+09	4.25054e+09	4.54281e+09	4.40081e+09	5.08723e+09	5.05849e+09	4.79192e+09	4.93176e+09	4.47953e+09	4.866e+09	4.42362e+09	4.70231e+09	4.67662e+09	5.58287e+09	5.64133e+09	5.6436e+09	5.03252e+09	5.6111e+09	5.13958e+09	6.00758e+09	5.80649e+09	5.48412e+09	5.82682e+09	5.26598e+09	5.93153e+09	5.21576e+09	5.17718e+09	5.42267e+09	4.34202e+09	4.38594e+09	5.50265e+09	4.78339e+09	4.39766e+09	4.60203e+09	5.20332e+09	5.15961e+09	4.78167e+09	4.30395e+09	4.16542e+09	4.84856e+09	4.5084e+09	5.25514e+09	4.62857e+09	4.5494e+09	4.63361e+09	4.27904e+09	4.85436e+09	4.55635e+09	4.67111e+09	5.20384e+09	4.78996e+09	5.00412e+09	5.01853e+09	4.96231e+09	4.78626e+09	5.43521e+09	4.683e+09	5.36234e+09	4.54206e+09	5.34635e+09	4.94425e+09	4.53644e+09	4.23623e+09	4.26802e+09	4.75783e+09	4.84425e+09	4.76825e+09	4.95272e+09	5.41445e+09	4.90879e+09	5.38934e+09	5.41204e+09	5.42212e+09	5.10044e+09	5.1257e+09	5.47417e+09	5.70458e+09	5.46609e+09	5.06827e+09	5.13546e+09	5.21439e+09	4.51112e+09	4.91857e+09	5.22651e+09	5.1101e+09	4.81148e+09	4.99213e+09	5.0237e+09	4.80965e+09	4.93249e+09	5.13506e+09
ERR607785	7.9294e+09	8.09203e+09	7.72044e+09	7.9315e+09	7.88009e+09	7.86465e+09	5.40899e+09	5.75379e+09	5.55079e+09	6.53397e+09	6.4996e+09	6.14224e+09	6.20594e+09	5.56981e+09	6.11171e+09	5.51887e+09	5.90304e+09	5.58287e+09	8.16882e+09	8.00946e+09	8.01211e+09	7.21976e+09	7.97651e+09	7.36238e+09	8.37306e+09	8.09397e+09	7.65497e+09	8.12381e+09	7.35845e+09	8.2692e+09	6.99775e+09	6.94674e+09	7.31467e+09	5.65342e+09	5.71639e+09	7.43907e+09	5.965e+09	5.49254e+09	5.73731e+09	6.56546e+09	6.49847e+09	5.96811e+09	5.54277e+09	5.37126e+09	6.35175e+09	5.83188e+09	6.96188e+09	6.01782e+09	6.16092e+09	6.24077e+09	5.80847e+09	6.58061e+09	6.16967e+09	6.31516e+09	6.69546e+09	6.04696e+09	6.36875e+09	6.42191e+09	6.34937e+09	6.04625e+09	7.12237e+09	5.98808e+09	7.01878e+09	5.75319e+09	6.98438e+09	6.36366e+09	6.1411e+09	5.69561e+09	5.74934e+09	6.48078e+09	6.61467e+09	6.48973e+09	6.7851e+09	7.48762e+09	6.73117e+09	7.46019e+09	7.48218e+09	7.49393e+09	7.10554e+09	7.13935e+09	7.60906e+09	7.9247e+09	7.62076e+09	7.05979e+09	6.81651e+09	6.96046e+09	5.85432e+09	6.52735e+09	6.97764e+09	6.79217e+09	5.99184e+09	6.27677e+09	6.29268e+09	5.98852e+09	6.20416e+09	6.47885e+09
ERR607781	8.00619e+09	8.17345e+09	7.79102e+09	8.0085e+09	7.95594e+09	7.93703e+09	5.45499e+09	5.81729e+09	5.61156e+09	6.61006e+09	6.57504e+09	6.20637e+09	6.27449e+09	5.62781e+09	6.17906e+09	5.57179e+09	5.96298e+09	5.64133e+09	8.00946e+09	8.31933e+09	8.09156e+09	7.27328e+09	8.04655e+09	7.42055e+09	8.45442e+09	8.17442e+09	7.72074e+09	8.20497e+09	7.41805e+09	8.34834e+09	7.06934e+09	7.01625e+09	7.39107e+09	5.70945e+09	5.77359e+09	7.51843e+09	6.03561e+09	5.54233e+09	5.79953e+09	6.64705e+09	6.57896e+09	6.03827e+09	5.59511e+09	5.41706e+09	6.41362e+09	5.88851e+09	7.03432e+09	6.07721e+09	6.21421e+09	6.30233e+09	5.85095e+09	6.64742e+09	6.22279e+09	6.37587e+09	6.77444e+09	6.12091e+09	6.44637e+09	6.49563e+09	6.42078e+09	6.12002e+09	7.20871e+09	6.06032e+09	7.10273e+09	5.82597e+09	7.06888e+09	6.44313e+09	6.19771e+09	5.74421e+09	5.79854e+09	6.54023e+09	6.67564e+09	6.55034e+09	6.84812e+09	7.56094e+09	6.78945e+09	7.53285e+09	7.55567e+09	7.56741e+09	7.16319e+09	7.19812e+09	7.68391e+09	8.00514e+09	7.69131e+09	7.1169e+09	6.88717e+09	7.02864e+09	5.91384e+09	6.58785e+09	7.04694e+09	6.8595e+09	6.07066e+09	6.35417e+09	6.37569e+09	6.06718e+09	6.27917e+09	6.56103e+09
ERR607783	8.00899e+09	8.17659e+09	7.79393e+09	8.01148e+09	7.95921e+09	7.94017e+09	5.4545e+09	5.81769e+09	5.61258e+09	6.61123e+09	6.57603e+09	6.2065e+09	6.27772e+09	5.63e+09	6.182e+09	5.5736e+09	5.96525e+09	5.6436e+09	8.01211e+09	8.09156e+09	8.32805e+09	7.27554e+09	8.04942e+09	7.42235e+09	8.45677e+09	8.17687e+09	7.72286e+09	8.20744e+09	7.4194e+09	8.3507e+09	7.07023e+09	7.01705e+09	7.39261e+09	5.71013e+09	5.77406e+09	7.51952e+09	6.03665e+09	5.54256e+09	5.80003e+09	6.64833e+09	6.58015e+09	6.03977e+09	5.59485e+09	5.41729e+09	6.41359e+09	5.88843e+09	7.03464e+09	6.07721e+09	6.21344e+09	6.302e+09	5.8499e+09	6.64702e+09	6.22185e+09	6.37482e+09	6.77604e+09	6.12201e+09	6.4483e+09	6.49728e+09	6.42163e+09	6.12137e+09	7.21069e+09	6.0612e+09	7.10448e+09	5.82774e+09	7.07038e+09	6.44445e+09	6.19681e+09	5.74382e+09	5.79746e+09	6.53988e+09	6.67512e+09	6.54972e+09	6.84841e+09	7.56128e+09	6.78971e+09	7.53349e+09	7.55624e+09	7.56805e+09	7.162e+09	7.19723e+09	7.68422e+09	8.00493e+09	7.69107e+09	7.11586e+09	6.88741e+09	7.02878e+09	5.91331e+09	6.58732e+09	7.04693e+09	6.85931e+09	6.07231e+09	6.35614e+09	6.37773e+09	6.06902e+09	6.28089e+09	6.56277e+09
ERR607784	7.20829e+09	7.3375e+09	7.04119e+09	7.21036e+09	7.16932e+09	7.15741e+09	4.89333e+09	5.18288e+09	5.00593e+09	5.85128e+09	5.8245e+09	5.52401e+09	5.57169e+09	5.0237e+09	5.49126e+09	4.98364e+09	5.31553e+09	5.03252e+09	7.21976e+09	7.27328e+09	7.27554e+09	6.82992e+09	7.2479e+09	6.76318e+09	7.55015e+09	7.32771e+09	6.97324e+09	7.35212e+09	6.73089e+09	7.46805e+09	6.33604e+09	6.29306e+09	6.6099e+09	5.15234e+09	5.20823e+09	6.71678e+09	5.32088e+09	4.92601e+09	5.13177e+09	5.83478e+09	5.77545e+09	5.32537e+09	5.02005e+09	4.87319e+09	5.72937e+09	5.27119e+09	6.25917e+09	5.43643e+09	5.6451e+09	5.70665e+09	5.33949e+09	6.00744e+09	5.65169e+09	5.77548e+09	5.9739e+09	5.40439e+09	5.68595e+09	5.73854e+09	5.67748e+09	5.4053e+09	6.40637e+09	5.41386e+09	6.31802e+09	5.20062e+09	6.28568e+09	5.73952e+09	5.62653e+09	5.23376e+09	5.28309e+09	5.92827e+09	6.04614e+09	5.93457e+09	6.20155e+09	6.8116e+09	6.15842e+09	6.78894e+09	6.80645e+09	6.81562e+09	6.5063e+09	6.53386e+09	6.92623e+09	7.18282e+09	6.938e+09	6.46696e+09	6.14891e+09	6.28001e+09	5.30164e+09	5.90612e+09	6.2943e+09	6.13088e+09	5.32103e+09	5.57396e+09	5.58083e+09	5.31844e+09	5.5139e+09	5.74704e+09
ERR607786	7.96724e+09	8.13105e+09	7.75498e+09	7.96923e+09	7.9168e+09	7.90069e+09	5.43399e+09	5.78259e+09	5.57816e+09	6.56901e+09	6.53418e+09	6.17245e+09	6.23884e+09	5.59811e+09	6.14403e+09	5.54535e+09	5.93264e+09	5.6111e+09	7.97651e+09	8.04655e+09	8.04942e+09	7.2479e+09	8.24942e+09	7.39176e+09	8.41487e+09	8.13275e+09	7.68899e+09	8.16305e+09	7.38949e+09	8.30982e+09	7.0325e+09	6.98049e+09	7.35151e+09	5.67973e+09	5.74325e+09	7.47678e+09	5.9978e+09	5.51965e+09	5.76695e+09	6.60359e+09	6.53571e+09	6.00063e+09	5.56723e+09	5.39377e+09	6.38075e+09	5.85796e+09	6.99467e+09	6.04454e+09	6.18504e+09	6.26637e+09	5.82868e+09	6.60845e+09	6.19325e+09	6.34075e+09	6.7306e+09	6.0789e+09	6.40323e+09	6.45466e+09	6.38125e+09	6.07841e+09	7.15908e+09	6.01696e+09	7.05423e+09	5.78166e+09	7.02006e+09	6.39535e+09	6.16488e+09	5.71712e+09	5.77066e+09	6.50702e+09	6.64093e+09	6.51557e+09	6.8128e+09	7.52071e+09	6.75831e+09	7.49265e+09	7.51535e+09	7.52703e+09	7.13274e+09	7.16683e+09	7.64212e+09	7.96049e+09	7.65254e+09	7.0866e+09	6.84804e+09	6.99202e+09	5.88027e+09	6.55557e+09	7.00964e+09	6.82266e+09	6.02531e+09	6.31125e+09	6.32856e+09	6.0223e+09	6.23788e+09	6.51455e+09
ERR607782	7.34955e+09	7.48477e+09	7.17573e+09	7.35082e+09	7.3079e+09	7.29688e+09	5.00055e+09	5.29476e+09	5.11283e+09	5.98388e+09	5.95661e+09	5.64759e+09	5.69443e+09	5.13114e+09	5.6113e+09	5.09019e+09	5.43126e+09	5.13958e+09	7.36238e+09	7.42055e+09	7.42235e+09	6.76318e+09	7.39176e+09	7.07681e+09	7.71298e+09	7.47889e+09	7.10908e+09	7.50436e+09	6.85935e+09	7.62609e+09	6.46508e+09	6.42093e+09	6.74627e+09	5.24889e+09	5.3063e+09	6.85657e+09	5.44489e+09	5.04112e+09	5.25116e+09	5.97489e+09	5.91395e+09	5.45002e+09	5.12903e+09	4.97918e+09	5.85951e+09	5.38765e+09	6.40344e+09	5.55726e+09	5.75243e+09	5.81463e+09	5.43982e+09	6.12283e+09	5.75963e+09	5.88531e+09	6.1178e+09	5.53151e+09	5.8209e+09	5.87582e+09	5.81327e+09	5.53185e+09	6.54185e+09	5.52191e+09	6.45104e+09	5.30308e+09	6.41764e+09	5.85625e+09	5.73118e+09	5.32938e+09	5.37907e+09	6.04091e+09	6.16188e+09	6.04737e+09	6.32179e+09	6.9491e+09	6.27737e+09	6.92617e+09	6.9435e+09	6.95329e+09	6.63287e+09	6.66161e+09	7.0665e+09	7.33464e+09	7.08034e+09	6.59288e+09	6.28516e+09	6.41914e+09	5.41488e+09	6.03654e+09	6.43397e+09	6.26684e+09	5.45289e+09	5.71392e+09	5.7205e+09	5.44969e+09	5.65222e+09	5.89204e+09
ERR637031	8.44395e+09	8.63404e+09	8.20168e+09	8.44656e+09	8.38573e+09	8.36799e+09	5.82391e+09	6.20825e+09	5.98445e+09	7.08307e+09	7.04235e+09	6.63709e+09	6.69786e+09	5.99036e+09	6.59329e+09	5.93312e+09	6.35749e+09	6.00758e+09	8.37306e+09	8.45442e+09	8.45677e+09	7.55015e+09	8.41487e+09	7.71298e+09	9.387e+09	8.77784e+09	8.26161e+09	8.81337e+09	7.91398e+09	8.99153e+09	7.50096e+09	7.44366e+09	7.85461e+09	6.02806e+09	6.09621e+09	7.99373e+09	6.46021e+09	5.92988e+09	6.20109e+09	7.13669e+09	7.0628e+09	6.46247e+09	5.93919e+09	5.74833e+09	6.82823e+09	6.25749e+09	7.50299e+09	6.4606e+09	6.53038e+09	6.62274e+09	6.14371e+09	6.99265e+09	6.54082e+09	6.70194e+09	7.25352e+09	6.53791e+09	6.89401e+09	6.9475e+09	6.86443e+09	6.53636e+09	7.67543e+09	6.42247e+09	7.55927e+09	6.16938e+09	7.52308e+09	6.83997e+09	6.50874e+09	6.02513e+09	6.08226e+09	6.8783e+09	7.02407e+09	6.88894e+09	7.20738e+09	7.98221e+09	7.1453e+09	7.94998e+09	7.97676e+09	7.99001e+09	7.54602e+09	7.58494e+09	8.1145e+09	8.47875e+09	8.12691e+09	7.49535e+09	7.3224e+09	7.47724e+09	6.26658e+09	6.99753e+09	7.49764e+09	7.29271e+09	6.51148e+09	6.82558e+09	6.84788e+09	6.50808e+09	6.74107e+09	7.05181e+09
ERR637027	8.16557e+09	8.34177e+09	7.93879e+09	8.16741e+09	8.11136e+09	8.09198e+09	5.62224e+09	5.99842e+09	5.7848e+09	6.82939e+09	6.79095e+09	6.40467e+09	6.46534e+09	5.79124e+09	6.36593e+09	5.73378e+09	6.1403e+09	5.80649e+09	8.09397e+09	8.17442e+09	8.17687e+09	7.32771e+09	8.13275e+09	7.47889e+09	8.77784e+09	8.72037e+09	7.98668e+09	8.50729e+09	7.66366e+09	8.66156e+09	7.25272e+09	7.19796e+09	7.58857e+09	5.84458e+09	5.91034e+09	7.72121e+09	6.22511e+09	5.71219e+09	5.97755e+09	6.86623e+09	6.79617e+09	6.22762e+09	5.73996e+09	5.55522e+09	6.58823e+09	6.04408e+09	7.23253e+09	6.23944e+09	6.33411e+09	6.42644e+09	5.96026e+09	6.78187e+09	6.34361e+09	6.50144e+09	6.98281e+09	6.30229e+09	6.64125e+09	6.69057e+09	6.61213e+09	6.30125e+09	7.41226e+09	6.21937e+09	7.3018e+09	5.97796e+09	7.26676e+09	6.61789e+09	6.31489e+09	5.85024e+09	5.90552e+09	6.66805e+09	6.80757e+09	6.6784e+09	6.98623e+09	7.72285e+09	6.92473e+09	7.69265e+09	7.71765e+09	7.73036e+09	7.30868e+09	7.34538e+09	7.85154e+09	8.18971e+09	7.85908e+09	7.26064e+09	7.06892e+09	7.21496e+09	6.06186e+09	6.75762e+09	7.23511e+09	7.04112e+09	6.26661e+09	6.56301e+09	6.58567e+09	6.26402e+09	6.48258e+09	6.77901e+09
ERR637030	7.7155e+09	7.87006e+09	7.51639e+09	7.71729e+09	7.66782e+09	7.65293e+09	5.3273e+09	5.66006e+09	5.46221e+09	6.42128e+09	6.38817e+09	6.04049e+09	6.08953e+09	5.47118e+09	5.99894e+09	5.42221e+09	5.79683e+09	5.48412e+09	7.65497e+09	7.72074e+09	7.72286e+09	6.97324e+09	7.68899e+09	7.10908e+09	8.26161e+09	7.98668e+09	7.78565e+09	8.01572e+09	7.27277e+09	8.15998e+09	6.85374e+09	6.80471e+09	7.1612e+09	5.54394e+09	5.60486e+09	7.28166e+09	5.84571e+09	5.39027e+09	5.62507e+09	6.43092e+09	6.3655e+09	5.84965e+09	5.43019e+09	5.2632e+09	6.21785e+09	5.71099e+09	6.80817e+09	5.89228e+09	6.01846e+09	6.09392e+09	5.67732e+09	6.4236e+09	6.02659e+09	6.16705e+09	6.54845e+09	5.91617e+09	6.23028e+09	6.28244e+09	6.21168e+09	5.91624e+09	6.97088e+09	5.86584e+09	6.87062e+09	5.63576e+09	6.83691e+09	6.23198e+09	5.99585e+09	5.5663e+09	5.61802e+09	6.32542e+09	6.45487e+09	6.33427e+09	6.6248e+09	7.30168e+09	6.57346e+09	7.27437e+09	7.29645e+09	7.30753e+09	6.93843e+09	6.97101e+09	7.42026e+09	7.72276e+09	7.43056e+09	6.89422e+09	6.66559e+09	6.80549e+09	5.72956e+09	6.38648e+09	6.82278e+09	6.64262e+09	5.86508e+09	6.1449e+09	6.15875e+09	5.86215e+09	6.07286e+09	6.34059e+09
ERR637029	8.19645e+09	8.37456e+09	7.9681e+09	8.19894e+09	8.14248e+09	8.12237e+09	5.64115e+09	6.01914e+09	5.8049e+09	6.85461e+09	6.81617e+09	6.4271e+09	6.48981e+09	5.81166e+09	6.38949e+09	5.75415e+09	6.16232e+09	5.82682e+09	8.12381e+09	8.20497e+09	8.20744e+09	7.35212e+09	8.16305e+09	7.50436e+09	8.81337e+09	8.50729e+09	8.01572e+09	8.79081e+09	7.68942e+09	8.69689e+09	7.277e+09	7.222e+09	7.61447e+09	5.86215e+09	5.92877e+09	7.7481e+09	6.24884e+09	5.73294e+09	5.99946e+09	6.89432e+09	6.82344e+09	6.25202e+09	5.76109e+09	5.57646e+09	6.61377e+09	6.06743e+09	7.26137e+09	6.26296e+09	6.35437e+09	6.44736e+09	5.97884e+09	6.80443e+09	6.36412e+09	6.52234e+09	7.01193e+09	6.32789e+09	6.66886e+09	6.71858e+09	6.63911e+09	6.32687e+09	7.44096e+09	6.24165e+09	7.32953e+09	5.99927e+09	7.29431e+09	6.64207e+09	6.33633e+09	5.86958e+09	5.92483e+09	6.69112e+09	6.83135e+09	6.70204e+09	7.01073e+09	7.75177e+09	6.949e+09	7.72146e+09	7.74642e+09	7.75906e+09	7.33461e+09	7.37143e+09	7.88045e+09	8.22191e+09	7.88867e+09	7.28637e+09	7.09664e+09	7.24338e+09	6.08415e+09	6.78343e+09	7.26339e+09	7.06766e+09	6.29302e+09	6.59109e+09	6.61397e+09	6.28989e+09	6.51015e+09	6.8082e+09
ERR637028	7.41171e+09	7.55308e+09	7.23003e+09	7.41311e+09	7.36736e+09	7.3555e+09	5.1279e+09	5.43282e+09	5.24539e+09	6.14879e+09	6.11936e+09	5.79718e+09	5.83738e+09	5.2549e+09	5.75162e+09	5.21258e+09	5.56493e+09	5.26598e+09	7.35845e+09	7.41805e+09	7.4194e+09	6.73089e+09	7.38949e+09	6.85935e+09	7.91398e+09	7.66366e+09	7.27277e+09	7.68942e+09	7.21119e+09	7.82025e+09	6.58456e+09	6.53972e+09	6.87396e+09	5.33956e+09	5.39745e+09	6.98755e+09	5.59292e+09	5.17474e+09	5.39013e+09	6.1436e+09	6.08066e+09	5.59776e+09	5.22691e+09	5.07113e+09	5.97582e+09	5.49227e+09	6.53282e+09	5.6658e+09	5.81109e+09	5.87632e+09	5.49108e+09	6.18902e+09	5.81849e+09	5.9473e+09	6.26697e+09	5.6649e+09	5.96279e+09	6.01678e+09	5.95112e+09	5.66485e+09	6.67857e+09	5.63167e+09	6.58474e+09	5.4091e+09	6.55172e+09	5.97695e+09	5.78601e+09	5.37872e+09	5.42857e+09	6.10002e+09	6.22268e+09	6.10727e+09	6.38667e+09	7.02392e+09	6.34082e+09	6.99937e+09	7.01916e+09	7.02908e+09	6.69286e+09	6.7228e+09	7.13721e+09	7.41667e+09	7.14954e+09	6.65144e+09	6.40181e+09	6.53702e+09	5.51202e+09	6.14436e+09	6.55344e+09	6.38231e+09	5.60338e+09	5.87222e+09	5.88111e+09	5.60072e+09	5.80644e+09	6.05753e+09
ERR637032	8.33941e+09	8.52387e+09	8.10288e+09	8.34185e+09	8.28305e+09	8.26461e+09	5.74873e+09	6.12676e+09	5.90656e+09	6.98464e+09	6.94531e+09	6.54789e+09	6.60928e+09	5.91506e+09	6.50699e+09	5.85816e+09	6.27578e+09	5.93153e+09	8.2692e+09	8.34834e+09	8.3507e+09	7.46805e+09	8.30982e+09	7.62609e+09	8.99153e+09	8.66156e+09	8.15998e+09	8.69689e+09	7.82025e+09	9.13608e+09	7.40619e+09	7.35009e+09	7.75279e+09	5.95727e+09	6.02488e+09	7.88972e+09	6.36991e+09	5.84987e+09	6.11588e+09	7.03246e+09	6.96016e+09	6.37271e+09	5.86379e+09	5.67577e+09	6.73718e+09	6.17628e+09	7.39953e+09	6.37593e+09	6.45485e+09	6.54529e+09	6.07512e+09	6.90963e+09	6.46534e+09	6.62351e+09	7.14854e+09	6.44611e+09	6.79589e+09	6.84877e+09	6.76785e+09	6.44495e+09	7.57209e+09	6.3416e+09	7.45826e+09	6.09221e+09	7.42251e+09	6.75128e+09	6.43459e+09	5.9592e+09	6.01545e+09	6.79857e+09	6.94158e+09	6.80893e+09	7.12278e+09	7.88277e+09	7.06204e+09	7.85142e+09	7.87766e+09	7.89072e+09	7.45767e+09	7.49547e+09	8.01403e+09	8.36876e+09	8.02506e+09	7.40788e+09	7.22495e+09	7.3772e+09	6.1873e+09	6.90679e+09	7.39731e+09	7.19673e+09	6.41585e+09	6.72411e+09	6.74587e+09	6.4129e+09	6.6415e+09	6.94607e+09
ERR626425	7.08558e+09	7.23635e+09	6.89195e+09	7.08658e+09	7.04027e+09	7.02007e+09	5.11785e+09	5.46391e+09	5.27883e+09	6.17937e+09	6.14444e+09	5.8069e+09	5.77275e+09	5.19923e+09	5.68922e+09	5.14361e+09	5.49151e+09	5.21576e+09	6.99775e+09	7.06934e+09	7.07023e+09	6.33604e+09	7.0325e+09	6.46508e+09	7.50096e+09	7.25272e+09	6.85374e+09	7.277e+09	6.58456e+09	7.40619e+09	6.75747e+09	6.49626e+09	6.82747e+09	5.33916e+09	5.39693e+09	6.93959e+09	5.59999e+09	5.14005e+09	5.38019e+09	6.145e+09	6.08456e+09	5.59886e+09	5.11845e+09	4.9507e+09	5.83912e+09	5.38074e+09	6.38198e+09	5.54388e+09	5.58395e+09	5.67449e+09	5.25219e+09	5.97248e+09	5.59254e+09	5.73389e+09	6.20931e+09	5.64336e+09	5.92975e+09	5.9623e+09	5.89474e+09	5.64122e+09	6.58492e+09	5.58014e+09	6.49041e+09	5.37796e+09	6.46531e+09	5.92108e+09	5.56988e+09	5.17692e+09	5.22227e+09	5.86318e+09	5.97762e+09	5.87468e+09	6.11202e+09	6.71809e+09	6.05867e+09	6.68846e+09	6.71502e+09	6.72669e+09	6.35318e+09	6.38328e+09	6.81345e+09	7.09959e+09	6.81003e+09	6.31186e+09	6.24459e+09	6.35886e+09	5.39924e+09	5.96694e+09	6.37569e+09	6.21741e+09	5.62442e+09	5.87088e+09	5.89771e+09	5.62328e+09	5.79979e+09	6.05586e+09
ERR626424	7.03169e+09	7.17995e+09	6.84114e+09	7.0329e+09	6.98709e+09	6.96767e+09	5.0839e+09	5.42376e+09	5.24088e+09	6.13209e+09	6.09653e+09	5.76454e+09	5.72782e+09	5.16046e+09	5.64532e+09	5.10667e+09	5.4505e+09	5.17718e+09	6.94674e+09	7.01625e+09	7.01705e+09	6.29306e+09	6.98049e+09	6.42093e+09	7.44366e+09	7.19796e+09	6.80471e+09	7.222e+09	6.53972e+09	7.35009e+09	6.49626e+09	6.66029e+09	6.77526e+09	5.30254e+09	5.35943e+09	6.88644e+09	5.55617e+09	5.10375e+09	5.34029e+09	6.09552e+09	6.03428e+09	5.55523e+09	5.08622e+09	4.92067e+09	5.80053e+09	5.34591e+09	6.33694e+09	5.50691e+09	5.54845e+09	5.63811e+09	5.2223e+09	5.93263e+09	5.55754e+09	5.69774e+09	6.1616e+09	5.60036e+09	5.88338e+09	5.91621e+09	5.8514e+09	5.59756e+09	6.53257e+09	5.53871e+09	6.44011e+09	5.33722e+09	6.41464e+09	5.87607e+09	5.53485e+09	5.14423e+09	5.19126e+09	5.82452e+09	5.93787e+09	5.83536e+09	6.07158e+09	6.67154e+09	6.01962e+09	6.64155e+09	6.66801e+09	6.67889e+09	6.31281e+09	6.34251e+09	6.7656e+09	7.04859e+09	6.76344e+09	6.27193e+09	6.20276e+09	6.31609e+09	5.36491e+09	5.92838e+09	6.33206e+09	6.17642e+09	5.57889e+09	5.82385e+09	5.84946e+09	5.57766e+09	5.75541e+09	6.00785e+09
ERR626428	7.40962e+09	7.57054e+09	7.20207e+09	7.41082e+09	7.36091e+09	7.33879e+09	5.31802e+09	5.68368e+09	5.48819e+09	6.44486e+09	6.40695e+09	6.04661e+09	6.0129e+09	5.40508e+09	5.9242e+09	5.34563e+09	5.71368e+09	5.42267e+09	7.31467e+09	7.39107e+09	7.39261e+09	6.6099e+09	7.35151e+09	6.74627e+09	7.85461e+09	7.58857e+09	7.1612e+09	7.61447e+09	6.87396e+09	7.75279e+09	6.82747e+09	6.77526e+09	7.35927e+09	5.54926e+09	5.61027e+09	7.24952e+09	5.83266e+09	5.34532e+09	5.5986e+09	6.41257e+09	6.34849e+09	5.83123e+09	5.32337e+09	5.14601e+09	6.08591e+09	5.60001e+09	6.66189e+09	5.7726e+09	5.81411e+09	5.90987e+09	5.46433e+09	6.22604e+09	5.8232e+09	5.97376e+09	6.48161e+09	5.88242e+09	6.18583e+09	6.21893e+09	6.14751e+09	5.87939e+09	6.8782e+09	5.81033e+09	6.77813e+09	5.59666e+09	6.75041e+09	6.17269e+09	5.80067e+09	5.38465e+09	5.43291e+09	6.11141e+09	6.23341e+09	6.1239e+09	6.37474e+09	7.02065e+09	6.31728e+09	6.98903e+09	7.01742e+09	7.0289e+09	6.63188e+09	6.66401e+09	7.12262e+09	7.42786e+09	7.11873e+09	6.58799e+09	6.51696e+09	6.63797e+09	5.62003e+09	6.22135e+09	6.65529e+09	6.48726e+09	5.86577e+09	6.12555e+09	6.15502e+09	5.86407e+09	6.05014e+09	6.32224e+09
