	ERR621933	ERR621932	ERR621935	ERR621931	ERR621934	ERR621936	ERR607764	ERR607768	ERR607763	ERR607766	ERR607765	ERR607767	ERR636667	ERR636669	ERR636668	ERR636672	ERR636670	ERR636671	ERR605656	ERR605653	ERR605658	ERR605654	ERR605657	ERR605655	ERR636787	ERR636789	ERR636788	ERR636790	ERR636792	ERR636791	ERR608153	ERR608149	ERR608151	ERR608154	ERR608152	ERR608150	ERR608341	ERR608344	ERR608342	ERR608345	ERR608343	ERR608346	ERR617232	ERR617231	ERR617230	ERR617229	ERR617228	ERR617227	ERR616054	ERR616055	ERR616057	ERR616056	ERR616058	ERR616059	ERR616267	ERR616266	ERR616270	ERR616269	ERR616268	ERR616265	ERR638312	ERR638314	ERR638313	ERR638311	ERR638309	ERR638310	ERR606715	ERR606714	ERR606710	ERR606711	ERR606713	ERR606712	ERR616827	ERR616828	ERR616826	ERR616824	ERR616823	ERR616825	ERR618744	ERR618742	ERR618741	ERR618743	ERR618745	ERR618746	ERR622045	ERR622047	ERR622046	ERR622049	ERR622050	ERR622048	ERR618493	ERR618491	ERR618492	ERR618494	ERR618490	ERR618489
ERR621933	6.66288e+09	6.47853e+09	6.95925e+09	6.89698e+09	7.01204e+09	7.02428e+09	7.21413e+09	7.18607e+09	6.94867e+09	7.1312e+09	7.19847e+09	7.14935e+09	6.74112e+09	7.0646e+09	7.13382e+09	6.51114e+09	6.57139e+09	6.49136e+09	5.39941e+09	5.97082e+09	5.44134e+09	5.64593e+09	5.48207e+09	5.55909e+09	6.58189e+09	6.81903e+09	6.8461e+09	6.96688e+09	7.0458e+09	6.99142e+09	6.54197e+09	4.99389e+09	6.43861e+09	6.00907e+09	6.46064e+09	5.99794e+09	5.20763e+09	6.42132e+09	6.12673e+09	6.38437e+09	6.57625e+09	6.17599e+09	4.86796e+09	5.21017e+09	5.03299e+09	5.89645e+09	5.85839e+09	5.52836e+09	5.40725e+09	5.75294e+09	6.09143e+09	5.24541e+09	6.11315e+09	6.22674e+09	5.37665e+09	5.91471e+09	6.56589e+09	6.47626e+09	6.45528e+09	5.5719e+09	6.23473e+09	6.25763e+09	6.25922e+09	5.64774e+09	6.20505e+09	5.60738e+09	5.90817e+09	6.02809e+09	3.58302e+09	5.9282e+09	5.24318e+09	5.73832e+09	6.26873e+09	6.29488e+09	6.23345e+09	6.77e+09	6.72194e+09	7.03907e+09	5.88123e+09	5.55118e+09	5.85551e+09	5.55481e+09	5.91394e+09	6.02998e+09	5.39049e+09	5.00952e+09	5.05184e+09	5.67585e+09	5.78668e+09	5.68759e+09	6.38542e+09	6.24516e+09	6.25136e+09	6.41828e+09	5.84888e+09	6.57056e+09
ERR621932	6.47853e+09	6.74067e+09	7.00096e+09	6.94073e+09	7.05419e+09	7.06679e+09	7.26014e+09	7.23219e+09	6.99244e+09	7.17692e+09	7.24552e+09	7.19602e+09	6.78134e+09	7.10791e+09	7.17812e+09	6.54966e+09	6.61058e+09	6.52952e+09	5.43131e+09	6.00886e+09	5.47448e+09	5.68106e+09	5.51564e+09	5.59431e+09	6.6189e+09	6.85914e+09	6.88668e+09	7.00831e+09	7.08712e+09	7.03327e+09	6.58225e+09	5.01892e+09	6.4772e+09	6.04364e+09	6.49973e+09	6.03282e+09	5.23447e+09	6.45958e+09	6.1626e+09	6.42215e+09	6.6157e+09	6.21159e+09	4.89401e+09	5.23918e+09	5.06074e+09	5.93218e+09	5.89268e+09	5.56087e+09	5.44096e+09	5.78953e+09	6.13026e+09	5.27816e+09	6.15213e+09	6.26685e+09	5.41008e+09	5.95241e+09	6.60834e+09	6.51769e+09	6.49692e+09	5.60746e+09	6.27228e+09	6.29568e+09	6.29669e+09	5.68038e+09	6.24215e+09	5.63897e+09	5.94776e+09	6.06937e+09	3.60407e+09	5.96888e+09	5.2773e+09	5.77785e+09	6.30697e+09	6.33334e+09	6.271e+09	6.81234e+09	6.76454e+09	7.08491e+09	5.91966e+09	5.58746e+09	5.89445e+09	5.59008e+09	5.95234e+09	6.0687e+09	5.42553e+09	5.03896e+09	5.08469e+09	5.71176e+09	5.82338e+09	5.72333e+09	6.42586e+09	6.28374e+09	6.29104e+09	6.45892e+09	5.88637e+09	6.61442e+09
ERR621935	6.95925e+09	7.00096e+09	7.80106e+09	7.47878e+09	7.61461e+09	7.62719e+09	7.84763e+09	7.81606e+09	7.54508e+09	7.7532e+09	7.82959e+09	7.77427e+09	7.30892e+09	7.67575e+09	7.75583e+09	7.04808e+09	7.11686e+09	7.02643e+09	5.82238e+09	6.4622e+09	5.86772e+09	6.09723e+09	5.91419e+09	6.00031e+09	7.12767e+09	7.39618e+09	7.42791e+09	7.56536e+09	7.65492e+09	7.59322e+09	7.08935e+09	5.36149e+09	6.97094e+09	6.48965e+09	6.99698e+09	6.47725e+09	5.59866e+09	6.9555e+09	6.62327e+09	6.91384e+09	7.12825e+09	6.67868e+09	5.23343e+09	5.61346e+09	5.41823e+09	6.38001e+09	6.33674e+09	5.96665e+09	5.84234e+09	6.22714e+09	6.60469e+09	5.66425e+09	6.62899e+09	6.75596e+09	5.80028e+09	6.39827e+09	7.12591e+09	7.02531e+09	7.0014e+09	6.01607e+09	6.7395e+09	6.76523e+09	6.76682e+09	6.0838e+09	6.70541e+09	6.03721e+09	6.38416e+09	6.51805e+09	3.83167e+09	6.40662e+09	5.64546e+09	6.19474e+09	6.77909e+09	6.80789e+09	6.73895e+09	7.34387e+09	7.28933e+09	7.64897e+09	6.37529e+09	6.00616e+09	6.34582e+09	6.01029e+09	6.41229e+09	6.54193e+09	5.8009e+09	5.37661e+09	5.42449e+09	6.11793e+09	6.24194e+09	6.13122e+09	6.92804e+09	6.76967e+09	6.77888e+09	6.96513e+09	6.32683e+09	7.1349e+09
ERR621931	6.89698e+09	6.94073e+09	7.47878e+09	7.66081e+09	7.53915e+09	7.55263e+09	7.76591e+09	7.73506e+09	7.46606e+09	7.67297e+09	7.74696e+09	7.69373e+09	7.23434e+09	7.59619e+09	7.67563e+09	6.97645e+09	7.04437e+09	6.9554e+09	5.77314e+09	6.40614e+09	5.8175e+09	6.04566e+09	5.86258e+09	5.94872e+09	7.05193e+09	7.31769e+09	7.3499e+09	7.48285e+09	7.57054e+09	7.50974e+09	7.01956e+09	5.31042e+09	6.90427e+09	6.42697e+09	6.92939e+09	6.41505e+09	5.54531e+09	6.88752e+09	6.55952e+09	6.84668e+09	7.05854e+09	6.61338e+09	5.1861e+09	5.56408e+09	5.37099e+09	6.32089e+09	6.27731e+09	5.91256e+09	5.79772e+09	6.17903e+09	6.54936e+09	5.62204e+09	6.57283e+09	6.69859e+09	5.75534e+09	6.34594e+09	7.06283e+09	6.96292e+09	6.94015e+09	5.96818e+09	6.67337e+09	6.69952e+09	6.70044e+09	6.02595e+09	6.63983e+09	5.98007e+09	6.32987e+09	6.46202e+09	3.8009e+09	6.35257e+09	5.60034e+09	6.14372e+09	6.71051e+09	6.73879e+09	6.67097e+09	7.26803e+09	7.21559e+09	7.57057e+09	6.31903e+09	5.95511e+09	6.29204e+09	5.95825e+09	6.35556e+09	6.48294e+09	5.75394e+09	5.33282e+09	5.38175e+09	6.06501e+09	6.1878e+09	6.07871e+09	6.86322e+09	6.70632e+09	6.71589e+09	6.89978e+09	6.27008e+09	7.06865e+09
ERR621934	7.01204e+09	7.05419e+09	7.61461e+09	7.53915e+09	7.92764e+09	7.68933e+09	7.90964e+09	7.87701e+09	7.6021e+09	7.81318e+09	7.89016e+09	7.83444e+09	7.36433e+09	7.73605e+09	7.81811e+09	7.09902e+09	7.16874e+09	7.07742e+09	5.86615e+09	6.51249e+09	5.91033e+09	6.14316e+09	5.95661e+09	6.04509e+09	7.17874e+09	7.45092e+09	7.48429e+09	7.62246e+09	7.7129e+09	7.65073e+09	7.14345e+09	5.39533e+09	7.02361e+09	6.53596e+09	7.05077e+09	6.52379e+09	5.63559e+09	7.00966e+09	6.67256e+09	6.96769e+09	7.18393e+09	6.72848e+09	5.26909e+09	5.65614e+09	5.45846e+09	6.4309e+09	6.38678e+09	6.01142e+09	5.88935e+09	6.27906e+09	6.65948e+09	5.71051e+09	6.6844e+09	6.81291e+09	5.84414e+09	6.44799e+09	7.18346e+09	7.08072e+09	7.05792e+09	6.0611e+09	6.78692e+09	6.81314e+09	6.81432e+09	6.1243e+09	6.75229e+09	6.07692e+09	6.4278e+09	6.56294e+09	3.85289e+09	6.45108e+09	5.68259e+09	6.2367e+09	6.82391e+09	6.85422e+09	6.78407e+09	7.39758e+09	7.34166e+09	7.70683e+09	6.4253e+09	6.05134e+09	6.39596e+09	6.05683e+09	6.46245e+09	6.59447e+09	5.83862e+09	5.41035e+09	5.45881e+09	6.15867e+09	6.28431e+09	6.17252e+09	6.98188e+09	6.82034e+09	6.83101e+09	7.01953e+09	6.37237e+09	7.19e+09
ERR621936	7.02428e+09	7.06679e+09	7.62719e+09	7.55263e+09	7.68933e+09	7.95558e+09	7.92747e+09	7.89481e+09	7.62001e+09	7.83215e+09	7.90916e+09	7.85312e+09	7.38036e+09	7.75294e+09	7.83466e+09	7.11534e+09	7.18474e+09	7.09315e+09	5.87642e+09	6.5246e+09	5.92238e+09	6.15467e+09	5.96925e+09	6.05601e+09	7.19535e+09	7.46784e+09	7.50114e+09	7.63986e+09	7.73074e+09	7.6685e+09	7.15864e+09	5.40745e+09	7.03839e+09	6.54997e+09	7.06474e+09	6.53762e+09	5.64824e+09	7.02348e+09	6.68629e+09	6.98109e+09	7.19904e+09	6.74237e+09	5.28121e+09	5.66621e+09	5.46843e+09	6.44283e+09	6.39899e+09	6.0234e+09	5.89745e+09	6.28774e+09	6.66995e+09	5.71734e+09	6.69445e+09	6.82329e+09	5.85247e+09	6.45776e+09	7.19636e+09	7.09326e+09	7.06988e+09	6.07073e+09	6.80279e+09	6.8287e+09	6.83024e+09	6.13804e+09	6.76796e+09	6.091e+09	6.44345e+09	6.57871e+09	3.86361e+09	6.46616e+09	5.69564e+09	6.25127e+09	6.84201e+09	6.87199e+09	6.80146e+09	7.41515e+09	7.36017e+09	7.72546e+09	6.43808e+09	6.06411e+09	6.40865e+09	6.06926e+09	6.47517e+09	6.60718e+09	5.85157e+09	5.42273e+09	5.47186e+09	6.17322e+09	6.29891e+09	6.18672e+09	6.9962e+09	6.83567e+09	6.84523e+09	7.03408e+09	6.38667e+09	7.20593e+09
ERR607764	7.21413e+09	7.26014e+09	7.84763e+09	7.76591e+09	7.90964e+09	7.92747e+09	9.21437e+09	8.91089e+09	8.6163e+09	8.84569e+09	8.93999e+09	8.86615e+09	8.2421e+09	8.66325e+09	8.7409e+09	7.95848e+09	8.03734e+09	7.93153e+09	6.35691e+09	7.08645e+09	6.43532e+09	6.67737e+09	6.49592e+09	6.57058e+09	7.99651e+09	8.29967e+09	8.32759e+09	8.49032e+09	8.58637e+09	8.52055e+09	7.92045e+09	5.96364e+09	7.78937e+09	7.23522e+09	7.80915e+09	7.22154e+09	6.15623e+09	7.66022e+09	7.29749e+09	7.61695e+09	7.87143e+09	7.35677e+09	5.72723e+09	6.11525e+09	5.89592e+09	6.97287e+09	6.93362e+09	6.53252e+09	6.40173e+09	6.82972e+09	7.26051e+09	6.19608e+09	7.28982e+09	7.42923e+09	6.38741e+09	7.07018e+09	7.91026e+09	7.79999e+09	7.76694e+09	6.6438e+09	7.61811e+09	7.64711e+09	7.64905e+09	6.85563e+09	7.58397e+09	6.80822e+09	7.216e+09	7.3712e+09	4.33757e+09	7.23071e+09	6.36069e+09	6.98057e+09	7.70141e+09	7.73298e+09	7.65573e+09	8.32891e+09	8.28276e+09	8.67436e+09	7.111e+09	6.70327e+09	7.08225e+09	6.70521e+09	7.15062e+09	7.29566e+09	6.4487e+09	5.96839e+09	6.0248e+09	6.81382e+09	6.95809e+09	6.82476e+09	7.77676e+09	7.61596e+09	7.60388e+09	7.82233e+09	7.11348e+09	8.03554e+09
ERR607768	7.18607e+09	7.23219e+09	7.81606e+09	7.73506e+09	7.87701e+09	7.89481e+09	8.91089e+09	9.1395e+09	8.58098e+09	8.81448e+09	8.90249e+09	8.83499e+09	8.2104e+09	8.62882e+09	8.70346e+09	7.92987e+09	8.00823e+09	7.90301e+09	6.33263e+09	7.05924e+09	6.4144e+09	6.65381e+09	6.47521e+09	6.54599e+09	7.96765e+09	8.27028e+09	8.29466e+09	8.45833e+09	8.55294e+09	8.48807e+09	7.88849e+09	5.9455e+09	7.75892e+09	7.20912e+09	7.77764e+09	7.1955e+09	6.13567e+09	7.62715e+09	7.2682e+09	7.58442e+09	7.83864e+09	7.32723e+09	5.70824e+09	6.08999e+09	5.87151e+09	6.94153e+09	6.90208e+09	6.50731e+09	6.37145e+09	6.79669e+09	7.22525e+09	6.16505e+09	7.2558e+09	7.39341e+09	6.35894e+09	7.04021e+09	7.87583e+09	7.76663e+09	7.73323e+09	6.61609e+09	7.59241e+09	7.6211e+09	7.62302e+09	6.83397e+09	7.55896e+09	6.78767e+09	7.19431e+09	7.34864e+09	4.32605e+09	7.20654e+09	6.34247e+09	6.95827e+09	7.68033e+09	7.71129e+09	7.63461e+09	8.29837e+09	8.25594e+09	8.64268e+09	7.07836e+09	6.67448e+09	7.05078e+09	6.67639e+09	7.11831e+09	7.26208e+09	6.4281e+09	5.94906e+09	6.00594e+09	6.79036e+09	6.93432e+09	6.80172e+09	7.74128e+09	7.58318e+09	7.56996e+09	7.78683e+09	7.08508e+09	8.00061e+09
ERR607763	6.94867e+09	6.99244e+09	7.54508e+09	7.46606e+09	7.6021e+09	7.62001e+09	8.6163e+09	8.58098e+09	8.55451e+09	8.52197e+09	8.60969e+09	8.54043e+09	7.96099e+09	8.35071e+09	8.41788e+09	7.70059e+09	7.77423e+09	7.67548e+09	6.11419e+09	6.804e+09	6.19637e+09	6.41983e+09	6.25527e+09	6.32016e+09	7.74004e+09	8.02188e+09	8.04368e+09	8.19706e+09	8.2852e+09	8.22501e+09	7.63603e+09	5.78613e+09	7.51475e+09	6.99189e+09	7.53065e+09	6.97964e+09	5.9599e+09	7.37472e+09	7.03758e+09	7.33526e+09	7.57813e+09	7.09258e+09	5.52867e+09	5.88584e+09	5.67733e+09	6.6954e+09	6.66011e+09	6.28732e+09	6.13535e+09	6.53934e+09	6.94937e+09	5.93549e+09	6.97914e+09	7.10938e+09	6.1414e+09	6.79395e+09	7.59308e+09	7.49027e+09	7.45746e+09	6.39165e+09	7.37755e+09	7.40443e+09	7.40685e+09	6.65463e+09	7.34664e+09	6.61173e+09	6.96998e+09	7.11789e+09	4.21451e+09	6.9811e+09	6.1518e+09	6.74303e+09	7.46646e+09	7.49521e+09	7.42314e+09	8.04587e+09	8.0063e+09	8.36511e+09	6.81156e+09	6.4295e+09	6.78487e+09	6.43015e+09	6.8491e+09	6.98453e+09	6.24212e+09	5.78478e+09	5.83941e+09	6.59239e+09	6.73032e+09	6.60194e+09	7.46597e+09	7.32007e+09	7.30243e+09	7.50996e+09	6.84524e+09	7.71556e+09
ERR607766	7.1312e+09	7.17692e+09	7.7532e+09	7.67297e+09	7.81318e+09	7.83215e+09	8.84569e+09	8.81448e+09	8.52197e+09	9.00741e+09	8.83828e+09	8.7707e+09	8.15399e+09	8.5668e+09	8.6392e+09	7.87934e+09	7.95651e+09	7.85212e+09	6.28417e+09	7.00319e+09	6.36755e+09	6.60287e+09	6.42776e+09	6.4963e+09	7.91673e+09	8.21524e+09	8.23909e+09	8.4009e+09	8.49406e+09	8.43045e+09	7.83202e+09	5.91051e+09	7.70468e+09	7.16089e+09	7.72243e+09	7.14707e+09	6.09666e+09	7.57044e+09	7.21643e+09	7.5282e+09	7.78027e+09	7.27466e+09	5.66913e+09	6.04433e+09	5.82821e+09	6.88615e+09	6.84822e+09	6.45867e+09	6.3185e+09	6.73875e+09	7.16343e+09	6.11322e+09	7.19353e+09	7.32955e+09	6.30968e+09	6.98478e+09	7.81197e+09	7.70408e+09	7.67032e+09	6.56572e+09	7.54537e+09	7.57322e+09	7.57548e+09	6.79468e+09	7.51204e+09	6.74868e+09	7.14787e+09	7.30072e+09	4.30375e+09	7.15928e+09	6.30288e+09	6.91314e+09	7.63381e+09	7.66453e+09	7.58915e+09	8.24294e+09	8.20226e+09	8.58235e+09	7.02002e+09	6.6214e+09	6.99283e+09	6.62246e+09	7.05892e+09	7.2006e+09	6.3877e+09	5.91359e+09	5.96992e+09	6.74753e+09	6.89014e+09	6.7581e+09	7.68088e+09	7.52601e+09	7.51141e+09	7.726e+09	7.03342e+09	7.93842e+09
ERR607765	7.19847e+09	7.24552e+09	7.82959e+09	7.74696e+09	7.89016e+09	7.90916e+09	8.93999e+09	8.90249e+09	8.60969e+09	8.83828e+09	9.19928e+09	8.85795e+09	8.22828e+09	8.65114e+09	8.72226e+09	7.94945e+09	8.02784e+09	7.9217e+09	6.34791e+09	7.07709e+09	6.43484e+09	6.67101e+09	6.49629e+09	6.56422e+09	7.98963e+09	8.2954e+09	8.31686e+09	8.48514e+09	8.58118e+09	8.51547e+09	7.90447e+09	5.96202e+09	7.77528e+09	7.22557e+09	7.79314e+09	7.21134e+09	6.15278e+09	7.6414e+09	7.28395e+09	7.59902e+09	7.85442e+09	7.34371e+09	5.72837e+09	6.10325e+09	5.88413e+09	6.95817e+09	6.9199e+09	6.52544e+09	6.37513e+09	6.80019e+09	7.23268e+09	6.16559e+09	7.26329e+09	7.40096e+09	6.36104e+09	7.04502e+09	7.8856e+09	7.77661e+09	7.74219e+09	6.62074e+09	7.60976e+09	7.63885e+09	7.64088e+09	6.84958e+09	7.57661e+09	6.80479e+09	7.21679e+09	7.37141e+09	4.34232e+09	7.22835e+09	6.36115e+09	6.97937e+09	7.70609e+09	7.73702e+09	7.66022e+09	8.32271e+09	8.28245e+09	8.66931e+09	7.10085e+09	6.69708e+09	7.07347e+09	6.6978e+09	7.1412e+09	7.28451e+09	6.44074e+09	5.96197e+09	6.01891e+09	6.80577e+09	6.94995e+09	6.81627e+09	7.76291e+09	7.60772e+09	7.59076e+09	7.8088e+09	7.10807e+09	8.02539e+09
ERR607767	7.14935e+09	7.19602e+09	7.77427e+09	7.69373e+09	7.83444e+09	7.85312e+09	8.86615e+09	8.83499e+09	8.54043e+09	8.7707e+09	8.85795e+09	9.04886e+09	8.17312e+09	8.58712e+09	8.66026e+09	7.89593e+09	7.97367e+09	7.86931e+09	6.29884e+09	7.02049e+09	6.38129e+09	6.61816e+09	6.44172e+09	6.51123e+09	7.9333e+09	8.23273e+09	8.25744e+09	8.41915e+09	8.51295e+09	8.44841e+09	7.85018e+09	5.92107e+09	7.72192e+09	7.17591e+09	7.74078e+09	7.16265e+09	6.10974e+09	7.58943e+09	7.23403e+09	7.54724e+09	7.79961e+09	7.29245e+09	5.68164e+09	6.05965e+09	5.84266e+09	6.9044e+09	6.86618e+09	6.47435e+09	6.33505e+09	6.75736e+09	7.18319e+09	6.12987e+09	7.21356e+09	7.35046e+09	6.32527e+09	7.00193e+09	7.83208e+09	7.72412e+09	7.69032e+09	6.58124e+09	7.56025e+09	7.58868e+09	7.5909e+09	6.8073e+09	7.52706e+09	6.76112e+09	7.15939e+09	7.31277e+09	4.3083e+09	7.17115e+09	6.31224e+09	6.9246e+09	7.64815e+09	7.67864e+09	7.60338e+09	8.26044e+09	8.21854e+09	8.601e+09	7.0365e+09	6.63566e+09	7.00948e+09	6.63719e+09	7.0759e+09	7.21847e+09	6.39843e+09	5.92301e+09	5.97918e+09	6.75951e+09	6.9018e+09	6.76982e+09	7.69857e+09	7.54199e+09	7.5281e+09	7.74367e+09	7.04744e+09	7.95598e+09
ERR636667	6.74112e+09	6.78134e+09	7.30892e+09	7.23434e+09	7.36433e+09	7.38036e+09	8.2421e+09	8.2104e+09	7.96099e+09	8.15399e+09	8.22828e+09	8.17312e+09	8.05472e+09	8.20272e+09	8.27215e+09	7.57567e+09	7.64596e+09	7.55076e+09	5.99687e+09	6.66237e+09	6.06719e+09	6.2904e+09	6.12323e+09	6.19243e+09	7.49616e+09	7.75622e+09	7.78253e+09	7.91816e+09	7.99978e+09	7.94299e+09	7.48866e+09	5.67753e+09	7.36781e+09	6.85958e+09	7.38728e+09	6.84773e+09	5.8209e+09	7.20065e+09	6.87179e+09	7.16278e+09	7.39346e+09	6.92498e+09	5.40861e+09	5.77217e+09	5.56873e+09	6.55639e+09	6.52046e+09	6.15229e+09	6.05895e+09	6.45091e+09	6.84433e+09	5.86951e+09	6.87187e+09	6.99875e+09	6.06112e+09	6.68995e+09	7.45662e+09	7.35704e+09	7.32707e+09	6.2989e+09	7.22529e+09	7.25208e+09	7.25309e+09	6.52574e+09	7.19341e+09	6.48132e+09	6.79088e+09	6.93278e+09	4.11959e+09	6.80442e+09	6.00467e+09	6.576e+09	7.25157e+09	7.27811e+09	7.20955e+09	7.80686e+09	7.76123e+09	8.1035e+09	6.62973e+09	6.26037e+09	6.60204e+09	6.26349e+09	6.66516e+09	6.79691e+09	6.1122e+09	5.66951e+09	5.72194e+09	6.45008e+09	6.58225e+09	6.4606e+09	7.28296e+09	7.13879e+09	7.12534e+09	7.32477e+09	6.67911e+09	7.51525e+09
ERR636669	7.0646e+09	7.10791e+09	7.67575e+09	7.59619e+09	7.73605e+09	7.75294e+09	8.66325e+09	8.62882e+09	8.35071e+09	8.5668e+09	8.65114e+09	8.58712e+09	8.20272e+09	8.86806e+09	8.69233e+09	7.92035e+09	7.99755e+09	7.89285e+09	6.30234e+09	7.01974e+09	6.3787e+09	6.61858e+09	6.43856e+09	6.51171e+09	7.83333e+09	8.12325e+09	8.14993e+09	8.30374e+09	8.39496e+09	8.33156e+09	7.84694e+09	5.91425e+09	7.71659e+09	7.17163e+09	7.73818e+09	7.15714e+09	6.07584e+09	7.55052e+09	7.19586e+09	7.50837e+09	7.75619e+09	7.25438e+09	5.67028e+09	6.05583e+09	5.83878e+09	6.89869e+09	6.8589e+09	6.46297e+09	6.37234e+09	6.79215e+09	7.21432e+09	6.17046e+09	7.24414e+09	7.38027e+09	6.34789e+09	7.01867e+09	7.8397e+09	7.73182e+09	7.69986e+09	6.59919e+09	7.54278e+09	7.57177e+09	7.57331e+09	6.79276e+09	7.50813e+09	6.74587e+09	7.11995e+09	7.27092e+09	4.29228e+09	7.13394e+09	6.28374e+09	6.89119e+09	7.57542e+09	7.6055e+09	7.5306e+09	8.18056e+09	8.13439e+09	8.51215e+09	7.00436e+09	6.6072e+09	6.97492e+09	6.61085e+09	7.04357e+09	7.18484e+09	6.37738e+09	5.90748e+09	5.96283e+09	6.73615e+09	6.87718e+09	6.74775e+09	7.67355e+09	7.51705e+09	7.50497e+09	7.71857e+09	7.02536e+09	7.92289e+09
ERR636668	7.13382e+09	7.17812e+09	7.75583e+09	7.67563e+09	7.81811e+09	7.83466e+09	8.7409e+09	8.70346e+09	8.41788e+09	8.6392e+09	8.72226e+09	8.66026e+09	8.27215e+09	8.69233e+09	9.03074e+09	7.98116e+09	8.06007e+09	7.95378e+09	6.36161e+09	7.08766e+09	6.43047e+09	6.67822e+09	6.4892e+09	6.57041e+09	7.89253e+09	8.18578e+09	8.21856e+09	8.36946e+09	8.46291e+09	8.39788e+09	7.91871e+09	5.95125e+09	7.78505e+09	7.23019e+09	7.80934e+09	7.21667e+09	6.11814e+09	7.62444e+09	7.25974e+09	7.58131e+09	7.8303e+09	7.31864e+09	5.70931e+09	6.11285e+09	5.89371e+09	6.96832e+09	6.92678e+09	6.51942e+09	6.4484e+09	6.8756e+09	7.30095e+09	6.24728e+09	7.32953e+09	7.46971e+09	6.42002e+09	7.09668e+09	7.92697e+09	7.81585e+09	7.78483e+09	6.67057e+09	7.59873e+09	7.62877e+09	7.62958e+09	6.83913e+09	7.56271e+09	6.78872e+09	7.16914e+09	7.32218e+09	4.31066e+09	7.1863e+09	6.32496e+09	6.94049e+09	7.61894e+09	7.64931e+09	7.57316e+09	8.24182e+09	8.18945e+09	8.5785e+09	7.07278e+09	6.66689e+09	7.04225e+09	6.67188e+09	7.11255e+09	7.25731e+09	6.42396e+09	5.94755e+09	6.00283e+09	6.78589e+09	6.92793e+09	6.79776e+09	7.748e+09	7.5837e+09	7.57717e+09	7.79279e+09	7.08312e+09	7.99541e+09
ERR636672	6.51114e+09	6.54966e+09	7.04808e+09	6.97645e+09	7.09902e+09	7.11534e+09	7.95848e+09	7.92987e+09	7.70059e+09	7.87934e+09	7.94945e+09	7.89593e+09	7.57567e+09	7.92035e+09	7.98116e+09	7.55139e+09	7.40923e+09	7.3205e+09	5.78317e+09	6.41519e+09	5.85936e+09	6.06468e+09	5.9141e+09	5.97341e+09	7.2661e+09	7.50989e+09	7.53078e+09	7.66103e+09	7.73597e+09	7.68356e+09	7.23551e+09	5.51926e+09	7.12283e+09	6.64149e+09	7.13926e+09	6.63133e+09	5.64858e+09	6.95046e+09	6.64376e+09	6.91599e+09	7.13631e+09	6.69301e+09	5.23591e+09	5.57175e+09	5.37738e+09	6.31355e+09	6.28121e+09	5.93871e+09	5.82781e+09	6.19854e+09	6.57538e+09	5.64287e+09	6.60245e+09	6.72136e+09	5.84599e+09	6.44867e+09	7.18148e+09	7.08885e+09	7.05833e+09	6.07858e+09	7.00941e+09	7.03444e+09	7.03583e+09	6.34504e+09	6.98032e+09	6.30481e+09	6.5823e+09	6.71813e+09	4.01756e+09	6.59212e+09	5.82779e+09	6.37395e+09	7.04476e+09	7.06969e+09	7.00588e+09	7.55858e+09	7.52086e+09	7.83424e+09	6.37791e+09	6.03103e+09	6.35394e+09	6.03177e+09	6.41166e+09	6.53425e+09	5.93517e+09	5.51105e+09	5.56281e+09	6.25919e+09	6.38585e+09	6.26802e+09	7.01879e+09	6.8875e+09	6.86844e+09	7.05869e+09	6.45258e+09	7.2457e+09
ERR636670	6.57139e+09	6.61058e+09	7.11686e+09	7.04437e+09	7.16874e+09	7.18474e+09	8.03734e+09	8.00823e+09	7.77423e+09	7.95651e+09	8.02784e+09	7.97367e+09	7.64596e+09	7.99755e+09	8.06007e+09	7.40923e+09	7.68638e+09	7.38557e+09	5.83857e+09	6.48015e+09	5.91438e+09	6.12411e+09	5.96971e+09	6.03108e+09	7.33141e+09	7.57977e+09	7.60165e+09	7.73405e+09	7.81051e+09	7.75722e+09	7.303e+09	5.56256e+09	7.18871e+09	6.70012e+09	7.20514e+09	6.68967e+09	5.69503e+09	7.01592e+09	6.70371e+09	6.98063e+09	7.2045e+09	6.75423e+09	5.28215e+09	5.62398e+09	5.4269e+09	6.37627e+09	6.34339e+09	5.99482e+09	5.88327e+09	6.2593e+09	6.64063e+09	5.69688e+09	6.66779e+09	6.78906e+09	5.89902e+09	6.50898e+09	7.25084e+09	7.15619e+09	7.12573e+09	6.13325e+09	7.07001e+09	7.09515e+09	7.09672e+09	6.39623e+09	7.03978e+09	6.35458e+09	6.63808e+09	6.7753e+09	4.04587e+09	6.64829e+09	5.87484e+09	6.42703e+09	7.1042e+09	7.12967e+09	7.06429e+09	7.6288e+09	7.58961e+09	7.91002e+09	6.44108e+09	6.08899e+09	6.41635e+09	6.09002e+09	6.47535e+09	6.60017e+09	5.98226e+09	5.5535e+09	5.6054e+09	6.31058e+09	6.4382e+09	6.31923e+09	7.08656e+09	6.95286e+09	6.93474e+09	7.12759e+09	6.51143e+09	7.31576e+09
ERR636671	6.49136e+09	6.52952e+09	7.02643e+09	6.9554e+09	7.07742e+09	7.09315e+09	7.93153e+09	7.90301e+09	7.67548e+09	7.85212e+09	7.9217e+09	7.86931e+09	7.55076e+09	7.89285e+09	7.95378e+09	7.3205e+09	7.38557e+09	7.50383e+09	5.76296e+09	6.39256e+09	5.83845e+09	6.04344e+09	5.89262e+09	5.9524e+09	7.24474e+09	7.48632e+09	7.50744e+09	7.63619e+09	7.71105e+09	7.659e+09	7.21257e+09	5.50315e+09	7.10046e+09	6.6215e+09	7.11659e+09	6.61112e+09	5.63172e+09	6.92876e+09	6.62329e+09	6.89479e+09	7.1139e+09	6.6723e+09	5.21816e+09	5.55354e+09	5.36046e+09	6.292e+09	6.25944e+09	5.91847e+09	5.80677e+09	6.17636e+09	6.55159e+09	5.62332e+09	6.57783e+09	6.69703e+09	5.82743e+09	6.4278e+09	7.15675e+09	7.06446e+09	7.03498e+09	6.05896e+09	6.98745e+09	7.01239e+09	7.0141e+09	6.32649e+09	6.95879e+09	6.28624e+09	6.55685e+09	6.69181e+09	4.00295e+09	6.56676e+09	5.8059e+09	6.34922e+09	7.02231e+09	7.04692e+09	6.98314e+09	7.53408e+09	7.49535e+09	7.80699e+09	6.35185e+09	6.00649e+09	6.32779e+09	6.0073e+09	6.38542e+09	6.50728e+09	5.91531e+09	5.49352e+09	5.54506e+09	6.2384e+09	6.36421e+09	6.2474e+09	6.99159e+09	6.86078e+09	6.842e+09	7.03158e+09	6.42758e+09	7.21689e+09
ERR605656	5.39941e+09	5.43131e+09	5.82238e+09	5.77314e+09	5.86615e+09	5.87642e+09	6.35691e+09	6.33263e+09	6.11419e+09	6.28417e+09	6.34791e+09	6.29884e+09	5.99687e+09	6.30234e+09	6.36161e+09	5.78317e+09	5.83857e+09	5.76296e+09	5.37056e+09	5.69247e+09	5.21276e+09	5.40202e+09	5.25106e+09	5.32058e+09	5.7166e+09	5.93528e+09	5.95696e+09	6.07044e+09	6.13996e+09	6.09075e+09	5.92378e+09	4.5676e+09	5.8321e+09	5.46441e+09	5.85211e+09	5.44943e+09	4.70406e+09	5.74983e+09	5.49874e+09	5.71804e+09	5.87881e+09	5.54444e+09	4.53142e+09	4.84403e+09	4.68722e+09	5.44666e+09	5.41521e+09	5.12371e+09	5.14196e+09	5.43639e+09	5.72304e+09	5.00052e+09	5.74084e+09	5.8389e+09	5.03027e+09	5.48641e+09	6.03248e+09	5.95629e+09	5.93955e+09	5.19172e+09	5.58427e+09	5.60821e+09	5.6061e+09	5.06155e+09	5.55958e+09	5.02367e+09	5.49858e+09	5.6015e+09	3.42545e+09	5.51897e+09	4.92964e+09	5.35635e+09	5.57151e+09	5.59598e+09	5.53867e+09	6.02763e+09	5.98845e+09	6.28025e+09	5.61012e+09	5.32037e+09	5.58828e+09	5.32713e+09	5.63913e+09	5.74029e+09	4.91701e+09	4.58559e+09	4.6217e+09	5.15903e+09	5.25457e+09	5.1712e+09	5.96427e+09	5.84219e+09	5.85308e+09	5.99154e+09	5.50612e+09	6.11752e+09
ERR605653	5.97082e+09	6.00886e+09	6.4622e+09	6.40614e+09	6.51249e+09	6.5246e+09	7.08645e+09	7.05924e+09	6.804e+09	7.00319e+09	7.07709e+09	7.02049e+09	6.66237e+09	7.01974e+09	7.08766e+09	6.41519e+09	6.48015e+09	6.39256e+09	5.69247e+09	6.51916e+09	5.73572e+09	5.95617e+09	5.78045e+09	5.8586e+09	6.34401e+09	6.59785e+09	6.62204e+09	6.75439e+09	6.83545e+09	6.77806e+09	6.57279e+09	5.01156e+09	6.46763e+09	6.03728e+09	6.4882e+09	6.02185e+09	5.16517e+09	6.36891e+09	6.07728e+09	6.33215e+09	6.52078e+09	6.13027e+09	4.96632e+09	5.31482e+09	5.13529e+09	6.01185e+09	5.97482e+09	5.64017e+09	5.66561e+09	6.007e+09	6.34008e+09	5.50138e+09	6.36179e+09	6.47551e+09	5.54069e+09	6.07027e+09	6.70605e+09	6.61739e+09	6.59712e+09	5.72989e+09	6.18498e+09	6.21256e+09	6.21044e+09	5.58511e+09	6.15855e+09	5.54209e+09	6.0971e+09	6.21575e+09	3.74265e+09	6.11745e+09	5.43788e+09	5.92984e+09	6.17735e+09	6.20534e+09	6.13979e+09	6.70153e+09	6.65893e+09	6.99599e+09	6.21381e+09	5.87995e+09	6.18939e+09	5.88615e+09	6.24697e+09	6.36408e+09	5.427e+09	5.04739e+09	5.08922e+09	5.70487e+09	5.81492e+09	5.71781e+09	6.62796e+09	6.48801e+09	6.49754e+09	6.65995e+09	6.09803e+09	6.81067e+09
ERR605658	5.44134e+09	5.47448e+09	5.86772e+09	5.8175e+09	5.91033e+09	5.92238e+09	6.43532e+09	6.4144e+09	6.19637e+09	6.36755e+09	6.43484e+09	6.38129e+09	6.06719e+09	6.3787e+09	6.43047e+09	5.85936e+09	5.91438e+09	5.83845e+09	5.21276e+09	5.73572e+09	5.46459e+09	5.44592e+09	5.31479e+09	5.36214e+09	5.79262e+09	6.01564e+09	6.02949e+09	6.15154e+09	6.22118e+09	6.17182e+09	5.98239e+09	4.62866e+09	5.89188e+09	5.52281e+09	5.90877e+09	5.50731e+09	4.75888e+09	5.79623e+09	5.54856e+09	5.76527e+09	5.93177e+09	5.59526e+09	4.58751e+09	4.87344e+09	4.71397e+09	5.48247e+09	5.4523e+09	5.16944e+09	5.15501e+09	5.45122e+09	5.7496e+09	5.00495e+09	5.76968e+09	5.86743e+09	5.04881e+09	5.51752e+09	6.07996e+09	6.00457e+09	5.98506e+09	5.22143e+09	5.6578e+09	5.6809e+09	5.68028e+09	5.1307e+09	5.6353e+09	5.09763e+09	5.58915e+09	5.69349e+09	3.48825e+09	5.59904e+09	5.00699e+09	5.43473e+09	5.67188e+09	5.69576e+09	5.63979e+09	6.11109e+09	6.08419e+09	6.36716e+09	5.65576e+09	5.3684e+09	5.63603e+09	5.37156e+09	5.68455e+09	5.78474e+09	4.97961e+09	4.64566e+09	4.68315e+09	5.22659e+09	5.32405e+09	5.23688e+09	6.01953e+09	5.90499e+09	5.9057e+09	6.04746e+09	5.56787e+09	6.18412e+09
ERR605654	5.64593e+09	5.68106e+09	6.09723e+09	6.04566e+09	6.14316e+09	6.15467e+09	6.67737e+09	6.65381e+09	6.41983e+09	6.60287e+09	6.67101e+09	6.61816e+09	6.2904e+09	6.61858e+09	6.67822e+09	6.06468e+09	6.12411e+09	6.04344e+09	5.40202e+09	5.95617e+09	5.44592e+09	5.85125e+09	5.48781e+09	5.5568e+09	5.99401e+09	6.22843e+09	6.24873e+09	6.37185e+09	6.44599e+09	6.39393e+09	6.20756e+09	4.76819e+09	6.11147e+09	5.7175e+09	6.12981e+09	5.70207e+09	4.90994e+09	6.01697e+09	5.75075e+09	5.98392e+09	6.1575e+09	5.79923e+09	4.72548e+09	5.04592e+09	4.87932e+09	5.68832e+09	5.65452e+09	5.34913e+09	5.36762e+09	5.68089e+09	5.98899e+09	5.21384e+09	6.00934e+09	6.11385e+09	5.25198e+09	5.74173e+09	6.32762e+09	6.24699e+09	6.22824e+09	5.42781e+09	5.85282e+09	5.87797e+09	5.87645e+09	5.29806e+09	5.82831e+09	5.25867e+09	5.7767e+09	5.88588e+09	3.5771e+09	5.79346e+09	5.16617e+09	5.62063e+09	5.84963e+09	5.87496e+09	5.81468e+09	6.32882e+09	6.29226e+09	6.59879e+09	5.87552e+09	5.5685e+09	5.85377e+09	5.57433e+09	5.90613e+09	6.01302e+09	5.15088e+09	4.79804e+09	4.83756e+09	5.40856e+09	5.50979e+09	5.42051e+09	6.2569e+09	6.1299e+09	6.13712e+09	6.28601e+09	5.77228e+09	6.42622e+09
ERR605657	5.48207e+09	5.51564e+09	5.91419e+09	5.86258e+09	5.95661e+09	5.96925e+09	6.49592e+09	6.47521e+09	6.25527e+09	6.42776e+09	6.49629e+09	6.44172e+09	6.12323e+09	6.43856e+09	6.4892e+09	5.9141e+09	5.96971e+09	5.89262e+09	5.25106e+09	5.78045e+09	5.31479e+09	5.48781e+09	5.55282e+09	5.40303e+09	5.84694e+09	6.07203e+09	6.08534e+09	6.21009e+09	6.27986e+09	6.23086e+09	6.03437e+09	4.66715e+09	5.94321e+09	5.56951e+09	5.95931e+09	5.55443e+09	4.79735e+09	5.84227e+09	5.59294e+09	5.81136e+09	5.98045e+09	5.64065e+09	4.62146e+09	4.9061e+09	4.74488e+09	5.52146e+09	5.49139e+09	5.2077e+09	5.1882e+09	5.4877e+09	5.78965e+09	5.03505e+09	5.81029e+09	5.90913e+09	5.08376e+09	5.5585e+09	6.1282e+09	6.0525e+09	6.03229e+09	5.25927e+09	5.70904e+09	5.7328e+09	5.7319e+09	5.17615e+09	5.68689e+09	5.14356e+09	5.63999e+09	5.74586e+09	3.51867e+09	5.64849e+09	5.05006e+09	5.48232e+09	5.7278e+09	5.75186e+09	5.695e+09	6.16955e+09	6.14368e+09	6.42787e+09	5.69864e+09	5.40869e+09	5.679e+09	5.412e+09	5.72815e+09	5.8286e+09	5.02135e+09	4.68478e+09	4.72257e+09	5.2718e+09	5.37055e+09	5.28215e+09	6.06911e+09	5.95477e+09	5.95369e+09	6.09702e+09	5.61396e+09	6.23738e+09
ERR605655	5.55909e+09	5.59431e+09	6.00031e+09	5.94872e+09	6.04509e+09	6.05601e+09	6.57058e+09	6.54599e+09	6.32016e+09	6.4963e+09	6.56422e+09	6.51123e+09	6.19243e+09	6.51171e+09	6.57041e+09	5.97341e+09	6.03108e+09	5.9524e+09	5.32058e+09	5.8586e+09	5.36214e+09	5.5568e+09	5.40303e+09	5.67147e+09	5.90461e+09	6.13287e+09	6.15274e+09	6.27364e+09	6.34569e+09	6.29478e+09	6.10937e+09	4.70256e+09	6.01489e+09	5.6308e+09	6.03399e+09	5.61617e+09	4.84145e+09	5.92351e+09	5.66379e+09	5.89085e+09	6.06024e+09	5.71163e+09	4.6582e+09	4.9728e+09	4.80946e+09	5.60008e+09	5.5683e+09	5.26882e+09	5.27804e+09	5.5839e+09	5.8856e+09	5.12803e+09	5.90491e+09	6.00713e+09	5.16781e+09	5.64585e+09	6.21906e+09	6.13994e+09	6.12175e+09	5.33955e+09	5.76542e+09	5.78967e+09	5.78832e+09	5.22189e+09	5.74081e+09	5.18377e+09	5.68287e+09	5.79041e+09	3.53112e+09	5.70142e+09	5.0869e+09	5.53244e+09	5.76159e+09	5.78645e+09	5.72715e+09	6.23047e+09	6.19333e+09	6.49313e+09	5.7787e+09	5.47931e+09	5.75746e+09	5.48495e+09	5.80826e+09	5.91255e+09	5.07305e+09	4.72904e+09	4.76732e+09	5.32699e+09	5.42586e+09	5.33834e+09	6.15272e+09	6.02911e+09	6.03587e+09	6.18127e+09	5.67984e+09	6.31715e+09
ERR636787	6.58189e+09	6.6189e+09	7.12767e+09	7.05193e+09	7.17874e+09	7.19535e+09	7.99651e+09	7.96765e+09	7.74004e+09	7.91673e+09	7.98963e+09	7.9333e+09	7.49616e+09	7.83333e+09	7.89253e+09	7.2661e+09	7.33141e+09	7.24474e+09	5.7166e+09	6.34401e+09	5.79262e+09	5.99401e+09	5.84694e+09	5.90461e+09	7.60185e+09	7.6452e+09	7.66483e+09	7.79907e+09	7.87725e+09	7.82447e+09	7.17042e+09	5.47641e+09	7.05996e+09	6.5831e+09	7.07409e+09	6.57363e+09	5.65605e+09	6.95221e+09	6.64746e+09	6.91858e+09	7.1413e+09	6.69657e+09	5.21589e+09	5.54432e+09	5.35085e+09	6.28586e+09	6.2541e+09	5.91348e+09	5.66379e+09	6.03298e+09	6.41113e+09	5.47828e+09	6.43896e+09	6.55564e+09	5.69968e+09	6.30162e+09	7.03508e+09	6.94276e+09	6.91221e+09	5.93355e+09	6.95552e+09	6.97952e+09	6.98225e+09	6.29847e+09	6.92727e+09	6.25972e+09	6.46554e+09	6.60147e+09	3.92164e+09	6.47438e+09	5.71263e+09	6.25523e+09	7.03791e+09	7.06296e+09	6.99934e+09	7.55046e+09	7.51257e+09	7.82523e+09	6.24672e+09	5.90018e+09	6.2227e+09	5.90041e+09	6.28025e+09	6.40362e+09	5.81743e+09	5.39882e+09	5.44895e+09	6.14193e+09	6.26821e+09	6.15047e+09	6.89104e+09	6.76098e+09	6.7401e+09	6.93139e+09	6.32504e+09	7.11899e+09
ERR636789	6.81903e+09	6.85914e+09	7.39618e+09	7.31769e+09	7.45092e+09	7.46784e+09	8.29967e+09	8.27028e+09	8.02188e+09	8.21524e+09	8.2954e+09	8.23273e+09	7.75622e+09	8.12325e+09	8.18578e+09	7.50989e+09	7.57977e+09	7.48632e+09	5.93528e+09	6.59785e+09	6.01564e+09	6.22843e+09	6.07203e+09	6.13287e+09	7.6452e+09	8.14296e+09	7.93676e+09	8.0855e+09	8.1707e+09	8.11255e+09	7.42396e+09	5.64414e+09	7.30685e+09	6.8054e+09	7.32219e+09	6.79355e+09	5.83974e+09	7.20487e+09	6.88144e+09	7.16778e+09	7.40205e+09	6.93463e+09	5.40585e+09	5.74968e+09	5.54685e+09	6.53327e+09	6.49828e+09	6.13895e+09	5.87878e+09	6.26695e+09	6.66467e+09	5.68466e+09	6.69365e+09	6.81713e+09	5.89766e+09	6.52782e+09	7.29839e+09	7.20092e+09	7.16844e+09	6.1405e+09	7.17977e+09	7.20548e+09	7.20861e+09	6.48767e+09	7.15032e+09	6.44712e+09	6.6954e+09	6.83825e+09	4.04143e+09	6.70503e+09	5.90756e+09	6.47558e+09	7.27061e+09	7.29779e+09	7.22943e+09	7.81737e+09	7.77914e+09	8.11617e+09	6.50639e+09	6.14104e+09	6.48154e+09	6.14136e+09	6.54276e+09	6.67242e+09	6.00241e+09	5.56397e+09	5.61635e+09	6.34068e+09	6.47316e+09	6.34973e+09	7.16059e+09	7.02292e+09	7.00221e+09	7.20302e+09	6.56545e+09	7.40109e+09
ERR636788	6.8461e+09	6.88668e+09	7.42791e+09	7.3499e+09	7.48429e+09	7.50114e+09	8.32759e+09	8.29466e+09	8.04368e+09	8.23909e+09	8.31686e+09	8.25744e+09	7.78253e+09	8.14993e+09	8.21856e+09	7.53078e+09	7.60165e+09	7.50744e+09	5.95696e+09	6.62204e+09	6.02949e+09	6.24873e+09	6.08534e+09	6.15274e+09	7.66483e+09	7.93676e+09	8.18643e+09	8.10558e+09	8.19144e+09	8.13274e+09	7.45366e+09	5.65485e+09	7.33439e+09	6.82671e+09	7.35156e+09	6.81648e+09	5.85383e+09	7.23622e+09	6.90748e+09	7.19885e+09	7.43321e+09	6.96013e+09	5.41431e+09	5.77176e+09	5.56835e+09	6.55996e+09	6.52441e+09	6.15823e+09	5.91349e+09	6.30542e+09	6.70215e+09	5.72193e+09	6.73039e+09	6.8558e+09	5.93189e+09	6.56351e+09	7.33527e+09	7.23571e+09	7.20464e+09	6.17267e+09	7.20019e+09	7.22565e+09	7.22871e+09	6.50343e+09	7.16919e+09	6.46026e+09	6.7073e+09	6.84973e+09	4.04236e+09	6.71879e+09	5.91697e+09	6.48823e+09	7.2786e+09	7.30611e+09	7.23684e+09	7.83684e+09	7.79363e+09	8.1366e+09	6.52925e+09	6.1591e+09	6.50279e+09	6.16043e+09	6.56484e+09	6.69674e+09	6.01858e+09	5.57733e+09	5.62991e+09	6.35788e+09	6.49063e+09	6.36777e+09	7.18703e+09	7.04435e+09	7.02769e+09	7.22995e+09	6.58313e+09	7.42539e+09
ERR636790	6.96688e+09	7.00831e+09	7.56536e+09	7.48285e+09	7.62246e+09	7.63986e+09	8.49032e+09	8.45833e+09	8.19706e+09	8.4009e+09	8.48514e+09	8.41915e+09	7.91816e+09	8.30374e+09	8.36946e+09	7.66103e+09	7.73405e+09	7.63619e+09	6.07044e+09	6.75439e+09	6.15154e+09	6.37185e+09	6.21009e+09	6.27364e+09	7.79907e+09	8.0855e+09	8.10558e+09	8.50226e+09	8.35639e+09	8.29482e+09	7.58465e+09	5.75027e+09	7.46255e+09	6.94471e+09	7.47974e+09	6.93272e+09	5.95686e+09	7.36567e+09	7.02989e+09	7.32697e+09	7.56801e+09	7.08514e+09	5.52173e+09	5.87801e+09	5.66944e+09	6.68735e+09	6.65184e+09	6.27842e+09	6.01417e+09	6.41404e+09	6.82393e+09	5.81513e+09	6.85383e+09	6.98127e+09	6.02285e+09	6.66992e+09	7.46369e+09	7.36215e+09	7.32951e+09	6.27067e+09	7.32003e+09	7.34659e+09	7.34964e+09	6.60565e+09	7.28852e+09	6.56334e+09	6.83514e+09	6.98148e+09	4.1156e+09	6.84466e+09	6.02591e+09	6.60857e+09	7.41167e+09	7.44008e+09	7.36873e+09	7.98324e+09	7.94325e+09	8.29705e+09	6.6701e+09	6.29168e+09	6.64354e+09	6.29251e+09	6.70768e+09	6.84253e+09	6.11579e+09	5.6666e+09	5.71923e+09	6.46415e+09	6.59995e+09	6.47365e+09	7.33171e+09	7.1881e+09	7.16827e+09	7.37582e+09	6.71559e+09	7.57774e+09
ERR636792	7.0458e+09	7.08712e+09	7.65492e+09	7.57054e+09	7.7129e+09	7.73074e+09	8.58637e+09	8.55294e+09	8.2852e+09	8.49406e+09	8.58118e+09	8.51295e+09	7.99978e+09	8.39496e+09	8.46291e+09	7.73597e+09	7.81051e+09	7.71105e+09	6.13996e+09	6.83545e+09	6.22118e+09	6.44599e+09	6.27986e+09	6.34569e+09	7.87725e+09	8.1707e+09	8.19144e+09	8.35639e+09	8.69147e+09	8.38598e+09	7.66497e+09	5.8023e+09	7.54086e+09	7.01494e+09	7.55869e+09	7.00187e+09	6.01438e+09	7.44759e+09	7.10521e+09	7.40789e+09	7.65252e+09	7.1618e+09	5.58059e+09	5.94381e+09	5.73204e+09	6.76695e+09	6.73034e+09	6.34963e+09	6.0843e+09	6.4909e+09	6.90735e+09	5.88283e+09	6.93714e+09	7.06732e+09	6.08687e+09	6.74337e+09	7.54902e+09	7.44566e+09	7.41222e+09	6.33713e+09	7.38925e+09	7.41647e+09	7.41942e+09	6.66417e+09	7.35734e+09	6.62037e+09	6.90418e+09	7.05262e+09	4.1501e+09	6.91446e+09	6.08382e+09	6.67526e+09	7.48154e+09	7.51092e+09	7.43795e+09	8.06578e+09	8.02473e+09	8.38714e+09	6.753e+09	6.3678e+09	6.7258e+09	6.36913e+09	6.79139e+09	6.92933e+09	6.17251e+09	5.71738e+09	5.77013e+09	6.52553e+09	6.66331e+09	6.53545e+09	7.41886e+09	7.27149e+09	7.25281e+09	7.46281e+09	6.79099e+09	7.66796e+09
ERR636791	6.99142e+09	7.03327e+09	7.59322e+09	7.50974e+09	7.65073e+09	7.6685e+09	8.52055e+09	8.48807e+09	8.22501e+09	8.43045e+09	8.51547e+09	8.44841e+09	7.94299e+09	8.33156e+09	8.39788e+09	7.68356e+09	7.75722e+09	7.659e+09	6.09075e+09	6.77806e+09	6.17182e+09	6.39393e+09	6.23086e+09	6.29478e+09	7.82447e+09	8.11255e+09	8.13274e+09	8.29482e+09	8.38598e+09	8.56261e+09	7.60872e+09	5.76588e+09	7.48529e+09	6.96576e+09	7.50323e+09	6.95289e+09	5.97405e+09	7.39054e+09	7.05302e+09	7.35181e+09	7.59389e+09	7.1085e+09	5.53923e+09	5.89743e+09	5.6877e+09	6.71092e+09	6.67414e+09	6.29938e+09	6.0328e+09	6.43555e+09	6.84707e+09	5.83321e+09	6.87719e+09	7.0053e+09	6.04027e+09	6.69018e+09	7.48763e+09	7.38562e+09	7.35305e+09	6.28875e+09	7.34133e+09	7.3679e+09	7.37089e+09	6.62341e+09	7.30955e+09	6.58058e+09	6.85375e+09	7.00166e+09	4.12512e+09	6.86396e+09	6.04182e+09	6.62686e+09	7.43337e+09	7.46185e+09	7.3901e+09	8.00846e+09	7.9678e+09	8.32479e+09	6.6937e+09	6.31293e+09	6.66622e+09	6.31433e+09	6.73132e+09	6.86683e+09	6.13121e+09	5.68024e+09	5.73338e+09	6.48099e+09	6.6175e+09	6.49038e+09	7.3564e+09	7.21154e+09	7.19237e+09	7.40052e+09	6.73642e+09	7.60365e+09
ERR608153	6.54197e+09	6.58225e+09	7.08935e+09	7.01956e+09	7.14345e+09	7.15864e+09	7.92045e+09	7.88849e+09	7.63603e+09	7.83202e+09	7.90447e+09	7.85018e+09	7.48866e+09	7.84694e+09	7.91871e+09	7.23551e+09	7.303e+09	7.21257e+09	5.92378e+09	6.57279e+09	5.98239e+09	6.20756e+09	6.03437e+09	6.10937e+09	7.17042e+09	7.42396e+09	7.45366e+09	7.58465e+09	7.66497e+09	7.60872e+09	7.56729e+09	5.56263e+09	7.2214e+09	6.72916e+09	7.24713e+09	6.71543e+09	5.6733e+09	7.02494e+09	6.70029e+09	6.98752e+09	7.20458e+09	6.75375e+09	5.29885e+09	5.66947e+09	5.47174e+09	6.43427e+09	6.39728e+09	6.0319e+09	6.02448e+09	6.4079e+09	6.78593e+09	5.84377e+09	6.81085e+09	6.93596e+09	5.99447e+09	6.60145e+09	7.33347e+09	7.23605e+09	7.20983e+09	6.2193e+09	6.97738e+09	7.00515e+09	7.00438e+09	6.30885e+09	6.94569e+09	6.26292e+09	6.61827e+09	6.75312e+09	4.02098e+09	6.63675e+09	5.86604e+09	6.4206e+09	6.96386e+09	6.99252e+09	6.92326e+09	7.51364e+09	7.46445e+09	7.80728e+09	6.55742e+09	6.19388e+09	6.52918e+09	6.19799e+09	6.5928e+09	6.72128e+09	5.95435e+09	5.52513e+09	5.57588e+09	6.27393e+09	6.39975e+09	6.28566e+09	7.15116e+09	7.00222e+09	6.99987e+09	7.18993e+09	6.55793e+09	7.36621e+09
ERR608149	4.99389e+09	5.01892e+09	5.36149e+09	5.31042e+09	5.39533e+09	5.40745e+09	5.96364e+09	5.9455e+09	5.78613e+09	5.91051e+09	5.96202e+09	5.92107e+09	5.67753e+09	5.91425e+09	5.95125e+09	5.51926e+09	5.56256e+09	5.50315e+09	4.5676e+09	5.01156e+09	4.62866e+09	4.76819e+09	4.66715e+09	4.70256e+09	5.47641e+09	5.64414e+09	5.65485e+09	5.75027e+09	5.8023e+09	5.76588e+09	5.56263e+09	4.53442e+09	5.48727e+09	5.1627e+09	5.49737e+09	5.15461e+09	4.44462e+09	5.33354e+09	5.12642e+09	5.31037e+09	5.46021e+09	5.16301e+09	4.16089e+09	4.39106e+09	4.25215e+09	4.91001e+09	4.88968e+09	4.6548e+09	4.58126e+09	4.84134e+09	5.109e+09	4.44462e+09	5.12827e+09	5.21094e+09	4.57914e+09	5.00274e+09	5.50784e+09	5.44589e+09	5.42483e+09	4.74538e+09	5.34726e+09	5.36564e+09	5.36586e+09	4.89699e+09	5.3287e+09	4.87069e+09	5.07378e+09	5.16677e+09	3.21528e+09	5.07934e+09	4.55104e+09	4.93134e+09	5.36314e+09	5.38106e+09	5.33668e+09	5.7101e+09	5.68748e+09	5.90161e+09	4.97516e+09	4.73274e+09	4.9589e+09	4.73277e+09	4.99896e+09	5.08363e+09	4.60346e+09	4.3095e+09	4.34406e+09	4.82932e+09	4.9158e+09	4.83448e+09	5.3985e+09	5.3092e+09	5.29504e+09	5.42586e+09	5.01081e+09	5.55353e+09
ERR608151	6.43861e+09	6.4772e+09	6.97094e+09	6.90427e+09	7.02361e+09	7.03839e+09	7.78937e+09	7.75892e+09	7.51475e+09	7.70468e+09	7.77528e+09	7.72192e+09	7.36781e+09	7.71659e+09	7.78505e+09	7.12283e+09	7.18871e+09	7.10046e+09	5.8321e+09	6.46763e+09	5.89188e+09	6.11147e+09	5.94321e+09	6.01489e+09	7.05996e+09	7.30685e+09	7.33439e+09	7.46255e+09	7.54086e+09	7.48529e+09	7.2214e+09	5.48727e+09	7.32611e+09	6.62364e+09	7.12774e+09	6.6145e+09	5.59238e+09	6.90915e+09	6.59475e+09	6.87293e+09	7.0862e+09	6.64635e+09	5.2232e+09	5.58355e+09	5.3895e+09	6.32925e+09	6.29425e+09	5.93966e+09	5.92294e+09	6.29696e+09	6.6668e+09	5.7437e+09	6.6907e+09	6.81242e+09	5.8968e+09	6.491e+09	7.20601e+09	7.1118e+09	7.08599e+09	6.1187e+09	6.87194e+09	6.89905e+09	6.89862e+09	6.22023e+09	6.84236e+09	6.1749e+09	6.519e+09	6.65116e+09	3.97016e+09	6.53553e+09	5.78177e+09	6.32438e+09	6.86248e+09	6.88988e+09	6.82308e+09	7.39602e+09	7.3499e+09	7.68122e+09	6.44772e+09	6.09403e+09	6.42161e+09	6.09774e+09	6.48235e+09	6.60721e+09	5.86782e+09	5.44844e+09	5.49847e+09	6.18096e+09	6.30364e+09	6.19197e+09	7.02949e+09	6.88647e+09	6.88222e+09	7.06831e+09	6.45368e+09	7.24214e+09
