	ERR612638	ERR612639	ERR612640	ERR612642	ERR612641	ERR612637	ERR608374	ERR608375	ERR608373	ERR608376	ERR608372	ERR608371	ERR629704	ERR629705	ERR629708	ERR629706	ERR629707	ERR629709	ERR636946	ERR636947	ERR636943	ERR636948	ERR636945	ERR636944	ERR613447	ERR613446	ERR613443	ERR613448	ERR613445	ERR613444	ERR613219	ERR613217	ERR613220	ERR613215	ERR613216	ERR613218	ERR637113	ERR637116	ERR637115	ERR637114	ERR637111	ERR637112	ERR617184	ERR617183	ERR617182	ERR617181	ERR617179	ERR617180	ERR613316	ERR613311	ERR613314	ERR613312	ERR613313	ERR613315	ERR618117	ERR618118	ERR618116	ERR618119	ERR618115	ERR618120	ERR612277	ERR612278	ERR612275	ERR612280	ERR612276	ERR612279	ERR608855	ERR608856	ERR608857	ERR608853	ERR608854	ERR608858	ERR626708	ERR626706	ERR626707	ERR626709	ERR626704	ERR626705	ERR614947	ERR614946	ERR614948	ERR614945	ERR614944	ERR614943	ERR629758	ERR629759	ERR629763	ERR629761	ERR629760	ERR629762	ERR617049	ERR617048	ERR617047	ERR617045	ERR617046	ERR617050
ERR612638	5.961e+09	6.62128e+09	6.07248e+09	6.00812e+09	6.09071e+09	6.88229e+09	6.14099e+09	6.20733e+09	6.69639e+09	6.23571e+09	6.74005e+09	6.47616e+09	6.61256e+09	5.99977e+09	6.75215e+09	5.98651e+09	6.76851e+09	6.82467e+09	6.71152e+09	6.71587e+09	6.22803e+09	6.74122e+09	6.51128e+09	6.50464e+09	5.92244e+09	5.81892e+09	6.67742e+09	5.0422e+09	6.36095e+09	6.02691e+09	4.12324e+09	5.01418e+09	4.10795e+09	5.49399e+09	5.23863e+09	3.95656e+09	6.38322e+09	6.43043e+09	6.45796e+09	6.44869e+09	6.279e+09	6.58172e+09	4.24137e+09	5.14289e+09	5.10174e+09	4.60737e+09	4.35701e+09	4.59969e+09	4.44873e+09	5.95888e+09	5.24308e+09	5.33548e+09	5.71938e+09	5.33476e+09	4.47464e+09	5.64857e+09	4.33687e+09	5.64857e+09	3.91199e+09	5.72633e+09	4.7357e+09	5.45083e+09	5.2716e+09	5.25222e+09	4.77227e+09	5.20644e+09	6.0712e+09	5.88037e+09	5.86696e+09	4.6135e+09	5.85177e+09	5.88475e+09	6.30614e+09	5.95603e+09	6.24871e+09	6.26953e+09	6.77145e+09	6.45209e+09	5.93768e+09	5.97043e+09	6.03461e+09	5.20482e+09	5.33669e+09	5.23009e+09	6.45614e+09	5.96191e+09	6.5951e+09	6.57757e+09	5.9186e+09	6.57163e+09	5.2041e+09	5.27089e+09	5.81939e+09	5.61806e+09	5.72378e+09	5.29411e+09
ERR612639	6.62128e+09	7.95117e+09	7.00903e+09	6.9273e+09	7.03184e+09	8.03374e+09	7.1157e+09	7.19757e+09	7.81566e+09	7.23237e+09	7.8685e+09	7.53709e+09	7.70988e+09	6.94479e+09	7.88684e+09	6.92637e+09	7.90752e+09	7.97793e+09	7.8383e+09	7.84372e+09	7.23006e+09	7.87644e+09	7.5862e+09	7.57527e+09	6.83436e+09	6.70519e+09	7.78523e+09	5.7593e+09	7.3881e+09	6.96726e+09	4.68917e+09	5.76753e+09	4.67079e+09	6.35686e+09	6.04151e+09	4.49109e+09	7.42045e+09	7.4785e+09	7.51281e+09	7.50129e+09	7.28978e+09	7.66783e+09	4.84286e+09	5.91711e+09	5.86552e+09	5.2698e+09	4.97311e+09	5.26055e+09	5.06123e+09	6.89354e+09	6.01123e+09	6.12625e+09	6.59937e+09	6.12282e+09	5.14834e+09	6.53905e+09	4.98331e+09	6.53902e+09	4.47399e+09	6.635e+09	5.4315e+09	6.28366e+09	6.08069e+09	6.04211e+09	5.47413e+09	5.98654e+09	7.04247e+09	6.80848e+09	6.78994e+09	5.27421e+09	6.77296e+09	6.81328e+09	7.3334e+09	6.89957e+09	7.26172e+09	7.28696e+09	7.91848e+09	7.51701e+09	6.89343e+09	6.93298e+09	7.01289e+09	5.99387e+09	6.15685e+09	6.02678e+09	7.51433e+09	6.8982e+09	7.69028e+09	7.66778e+09	6.84319e+09	7.66021e+09	6.02826e+09	6.10795e+09	6.77531e+09	6.52787e+09	6.65767e+09	6.13823e+09
ERR612640	6.07248e+09	7.00903e+09	6.63484e+09	6.34771e+09	6.43695e+09	7.29649e+09	6.4944e+09	6.56694e+09	7.09486e+09	6.59796e+09	7.14585e+09	6.85598e+09	7.00392e+09	6.33761e+09	7.15546e+09	6.32371e+09	7.17376e+09	7.23386e+09	7.11043e+09	7.1154e+09	6.58592e+09	7.14378e+09	6.89292e+09	6.88693e+09	6.25284e+09	6.14074e+09	7.07e+09	5.29847e+09	6.72539e+09	6.36089e+09	4.33644e+09	5.29737e+09	4.31998e+09	5.8202e+09	5.54017e+09	4.15706e+09	6.75097e+09	6.80418e+09	6.83329e+09	6.82389e+09	6.63765e+09	6.96899e+09	4.46066e+09	5.43168e+09	5.38716e+09	4.85632e+09	4.5851e+09	4.84729e+09	4.6661e+09	6.28996e+09	5.52052e+09	5.61467e+09	6.03006e+09	5.61853e+09	4.76027e+09	5.97296e+09	4.61183e+09	5.97369e+09	4.15233e+09	6.05891e+09	5.02462e+09	5.78412e+09	5.60594e+09	5.5692e+09	5.06357e+09	5.51941e+09	6.42004e+09	6.21373e+09	6.19855e+09	4.84531e+09	6.18115e+09	6.21783e+09	6.67332e+09	6.28954e+09	6.61107e+09	6.63324e+09	7.1787e+09	6.83053e+09	6.2801e+09	6.315e+09	6.38499e+09	5.48943e+09	5.63068e+09	5.51495e+09	6.83273e+09	6.29363e+09	6.9834e+09	6.96517e+09	6.2475e+09	6.95828e+09	5.50026e+09	5.57197e+09	6.16808e+09	5.94678e+09	6.06372e+09	5.59611e+09
ERR612642	6.00812e+09	6.9273e+09	6.34771e+09	6.49021e+09	6.36571e+09	7.21041e+09	6.4198e+09	6.49149e+09	7.01054e+09	6.52199e+09	7.06042e+09	6.77529e+09	6.92021e+09	6.26434e+09	7.06943e+09	6.25165e+09	7.08746e+09	7.14627e+09	7.02523e+09	7.02994e+09	6.51029e+09	7.05799e+09	6.81194e+09	6.80626e+09	6.18306e+09	6.07293e+09	6.98573e+09	5.24354e+09	6.647e+09	6.28939e+09	4.29372e+09	5.2407e+09	4.27767e+09	5.75534e+09	5.47992e+09	4.1166e+09	6.673e+09	6.72523e+09	6.75377e+09	6.74463e+09	6.56119e+09	6.88751e+09	4.41331e+09	5.37214e+09	5.32775e+09	4.8045e+09	4.53693e+09	4.79585e+09	4.61934e+09	6.21901e+09	5.46155e+09	5.55551e+09	5.96338e+09	5.55824e+09	4.70862e+09	5.90368e+09	4.56244e+09	5.90508e+09	4.10919e+09	5.98891e+09	4.97086e+09	5.7194e+09	5.5439e+09	5.50738e+09	5.00908e+09	5.45878e+09	6.34534e+09	6.14238e+09	6.12701e+09	4.79458e+09	6.11038e+09	6.14649e+09	6.59449e+09	6.21645e+09	6.53376e+09	6.55538e+09	7.09157e+09	6.74887e+09	6.20593e+09	6.2401e+09	6.30935e+09	5.42787e+09	5.56641e+09	5.45275e+09	6.75207e+09	6.22242e+09	6.90076e+09	6.88271e+09	6.17727e+09	6.87563e+09	5.43636e+09	5.50656e+09	6.09407e+09	5.87578e+09	5.99169e+09	5.53036e+09
ERR612641	6.09071e+09	7.03184e+09	6.43695e+09	6.36571e+09	6.67114e+09	7.31918e+09	6.51378e+09	6.58694e+09	7.11828e+09	6.61743e+09	7.16822e+09	6.87834e+09	7.0264e+09	6.35643e+09	7.17896e+09	6.34267e+09	7.19719e+09	7.25721e+09	7.13162e+09	7.13613e+09	6.60489e+09	7.16482e+09	6.91322e+09	6.90604e+09	6.27137e+09	6.15892e+09	7.09381e+09	5.31496e+09	6.74791e+09	6.38156e+09	4.34298e+09	5.30641e+09	4.32667e+09	5.82902e+09	5.54889e+09	4.16417e+09	6.77383e+09	6.82629e+09	6.85552e+09	6.84615e+09	6.65984e+09	6.99162e+09	4.46969e+09	5.4412e+09	5.39626e+09	4.86398e+09	4.59318e+09	4.85498e+09	4.68316e+09	6.31465e+09	5.53984e+09	5.63666e+09	6.05434e+09	5.63845e+09	4.76144e+09	5.98891e+09	4.61261e+09	5.98894e+09	4.15339e+09	6.07457e+09	5.02759e+09	5.79338e+09	5.60904e+09	5.57764e+09	5.06611e+09	5.52808e+09	6.44291e+09	6.23619e+09	6.22004e+09	4.8631e+09	6.20344e+09	6.23953e+09	6.69739e+09	6.3132e+09	6.63553e+09	6.65737e+09	7.20492e+09	6.85543e+09	6.29983e+09	6.33505e+09	6.40475e+09	5.50539e+09	5.64819e+09	5.53245e+09	6.85578e+09	6.31522e+09	7.0072e+09	6.98873e+09	6.26883e+09	6.98191e+09	5.51578e+09	5.58667e+09	6.18311e+09	5.96275e+09	6.07879e+09	5.61183e+09
ERR612637	6.88229e+09	8.03374e+09	7.29649e+09	7.21041e+09	7.31918e+09	8.6665e+09	7.41291e+09	7.50539e+09	8.1612e+09	7.54321e+09	8.22637e+09	7.86231e+09	8.047e+09	7.22222e+09	8.23461e+09	7.20648e+09	8.25733e+09	8.33298e+09	8.18245e+09	8.18894e+09	7.53043e+09	8.22436e+09	7.91045e+09	7.90465e+09	7.10597e+09	6.96939e+09	8.11973e+09	5.96174e+09	7.68879e+09	7.23997e+09	4.88151e+09	6.02899e+09	4.86254e+09	6.667e+09	6.32271e+09	4.67079e+09	7.73267e+09	7.79863e+09	7.83421e+09	7.82329e+09	7.59241e+09	8.00484e+09	5.02559e+09	6.17468e+09	6.12122e+09	5.48916e+09	5.17029e+09	5.47883e+09	5.23587e+09	7.17013e+09	6.24002e+09	6.35414e+09	6.85291e+09	6.35763e+09	5.44264e+09	6.82678e+09	5.26531e+09	6.83009e+09	4.71772e+09	6.93419e+09	5.71422e+09	6.59637e+09	6.41436e+09	6.33666e+09	5.76039e+09	6.27736e+09	7.34051e+09	7.08839e+09	7.06846e+09	5.46008e+09	7.04889e+09	7.09196e+09	7.64927e+09	7.1742e+09	7.57239e+09	7.59963e+09	8.27952e+09	7.84455e+09	7.19234e+09	7.23466e+09	7.31975e+09	6.2401e+09	6.41026e+09	6.27027e+09	7.83358e+09	7.16865e+09	8.02186e+09	7.99867e+09	7.11318e+09	7.99042e+09	6.28914e+09	6.37427e+09	7.09806e+09	6.82674e+09	6.97204e+09	6.40312e+09
ERR608374	6.14099e+09	7.1157e+09	6.4944e+09	6.4198e+09	6.51378e+09	7.41291e+09	7.20042e+09	7.08425e+09	7.64703e+09	7.11653e+09	7.69832e+09	7.39537e+09	7.44183e+09	6.73279e+09	7.60143e+09	6.71718e+09	7.62134e+09	7.68327e+09	7.4519e+09	7.45749e+09	6.90851e+09	7.48565e+09	7.22921e+09	7.22067e+09	6.52318e+09	6.40555e+09	7.40796e+09	5.51606e+09	7.04032e+09	6.65424e+09	4.396e+09	5.38889e+09	4.38128e+09	5.92663e+09	5.6391e+09	4.21338e+09	7.17344e+09	7.22628e+09	7.25611e+09	7.24752e+09	7.05742e+09	7.39449e+09	4.62441e+09	5.63612e+09	5.58839e+09	5.0312e+09	4.7495e+09	5.02231e+09	4.85283e+09	6.57824e+09	5.74804e+09	5.86051e+09	6.30247e+09	5.85485e+09	4.91965e+09	6.22415e+09	4.76739e+09	6.22395e+09	4.29343e+09	6.3136e+09	5.12685e+09	5.91619e+09	5.72624e+09	5.69556e+09	5.16829e+09	5.64366e+09	6.84683e+09	6.62412e+09	6.6065e+09	5.15802e+09	6.59297e+09	6.62943e+09	7.12703e+09	6.72327e+09	7.06242e+09	7.08216e+09	7.64352e+09	7.29046e+09	6.59023e+09	6.62651e+09	6.70209e+09	5.74688e+09	5.90121e+09	5.77873e+09	7.25374e+09	6.69412e+09	7.40554e+09	7.38977e+09	6.64623e+09	7.38141e+09	5.71379e+09	5.78633e+09	6.40408e+09	6.17848e+09	6.297e+09	5.81333e+09
ERR608375	6.20733e+09	7.19757e+09	6.56694e+09	6.49149e+09	6.58694e+09	7.50539e+09	7.08425e+09	7.36904e+09	7.7403e+09	7.20339e+09	7.79743e+09	7.48339e+09	7.52865e+09	6.80177e+09	7.69039e+09	6.7888e+09	7.71101e+09	7.77385e+09	7.53856e+09	7.54403e+09	6.98446e+09	7.57268e+09	7.31033e+09	7.3052e+09	6.59357e+09	6.47374e+09	7.49435e+09	5.5669e+09	7.11689e+09	6.72301e+09	4.44763e+09	5.45948e+09	4.43293e+09	6.0119e+09	5.71618e+09	4.26141e+09	7.2539e+09	7.31036e+09	7.33986e+09	7.33231e+09	7.13575e+09	7.48286e+09	4.66843e+09	5.70571e+09	5.65801e+09	5.09033e+09	4.8012e+09	5.08144e+09	4.89901e+09	6.65214e+09	5.80996e+09	5.92108e+09	6.36888e+09	5.91814e+09	5.01412e+09	6.30211e+09	4.85772e+09	6.30329e+09	4.37252e+09	6.39579e+09	5.21289e+09	6.00839e+09	5.82763e+09	5.78237e+09	5.25514e+09	5.72963e+09	6.92764e+09	6.69905e+09	6.68119e+09	5.2056e+09	6.66715e+09	6.70434e+09	7.21424e+09	6.79654e+09	7.14814e+09	7.16813e+09	7.74141e+09	7.37958e+09	6.66972e+09	6.70643e+09	6.78331e+09	5.81348e+09	5.96845e+09	5.84286e+09	7.3365e+09	6.76202e+09	7.49088e+09	7.47465e+09	6.71488e+09	7.46693e+09	5.78028e+09	5.8542e+09	6.49178e+09	6.25801e+09	6.38259e+09	5.88048e+09
ERR608373	6.69639e+09	7.81566e+09	7.09486e+09	7.01054e+09	7.11828e+09	8.1612e+09	7.64703e+09	7.7403e+09	8.66816e+09	7.7784e+09	8.48521e+09	8.1211e+09	8.1886e+09	7.3582e+09	8.38161e+09	7.33851e+09	8.40513e+09	8.48082e+09	8.21402e+09	8.22187e+09	7.56237e+09	8.25492e+09	7.9448e+09	7.93041e+09	7.12263e+09	6.98668e+09	8.15996e+09	5.98665e+09	7.72779e+09	7.27813e+09	4.79854e+09	5.92633e+09	4.78123e+09	6.54554e+09	6.21534e+09	4.59374e+09	7.86485e+09	7.92449e+09	7.96022e+09	7.94987e+09	7.72385e+09	8.12633e+09	5.04863e+09	6.18101e+09	6.12675e+09	5.49437e+09	5.18232e+09	5.48566e+09	5.26825e+09	7.21081e+09	6.26465e+09	6.39608e+09	6.89598e+09	6.38513e+09	5.39508e+09	6.86285e+09	5.22227e+09	6.86286e+09	4.68759e+09	6.96487e+09	5.60431e+09	6.48364e+09	6.28405e+09	6.23252e+09	5.65055e+09	6.17361e+09	7.50241e+09	7.24833e+09	7.22787e+09	5.60426e+09	7.21336e+09	7.25415e+09	7.81469e+09	7.34486e+09	7.73779e+09	7.76258e+09	8.43868e+09	8.01325e+09	7.27273e+09	7.31323e+09	7.40033e+09	6.30989e+09	6.48747e+09	6.3476e+09	7.95916e+09	7.29758e+09	8.14528e+09	8.12418e+09	7.23902e+09	8.11482e+09	6.33169e+09	6.41485e+09	7.11993e+09	6.86227e+09	6.99761e+09	6.44755e+09
ERR608376	6.23571e+09	7.23237e+09	6.59796e+09	6.52199e+09	6.61743e+09	7.54321e+09	7.11653e+09	7.20339e+09	7.7784e+09	7.43709e+09	7.83619e+09	7.51881e+09	7.56519e+09	6.83204e+09	7.72778e+09	6.81839e+09	7.74893e+09	7.81247e+09	7.57428e+09	7.58016e+09	7.01526e+09	7.60924e+09	7.34387e+09	7.33917e+09	6.62328e+09	6.50223e+09	7.53011e+09	5.58886e+09	7.14914e+09	6.7529e+09	4.46952e+09	5.48901e+09	4.45419e+09	6.04669e+09	5.74815e+09	4.28185e+09	7.28658e+09	7.34358e+09	7.37352e+09	7.36564e+09	7.16677e+09	7.51768e+09	4.68986e+09	5.7346e+09	5.68656e+09	5.11502e+09	4.82365e+09	5.10537e+09	4.91801e+09	6.68177e+09	5.8349e+09	5.94591e+09	6.39657e+09	5.94337e+09	5.04619e+09	6.334e+09	4.88887e+09	6.33544e+09	4.39911e+09	6.42879e+09	5.24208e+09	6.04126e+09	5.86161e+09	5.81332e+09	5.28419e+09	5.76016e+09	6.96014e+09	6.72947e+09	6.71081e+09	5.22573e+09	6.69739e+09	6.73418e+09	7.24677e+09	6.82484e+09	7.18029e+09	7.20043e+09	7.77973e+09	7.41392e+09	6.70385e+09	6.74008e+09	6.81827e+09	5.84091e+09	5.99698e+09	5.87133e+09	7.36985e+09	6.79005e+09	7.52594e+09	7.5099e+09	6.74294e+09	7.50169e+09	5.81148e+09	5.8864e+09	6.52964e+09	6.29356e+09	6.41974e+09	5.9131e+09
ERR608372	6.74005e+09	7.8685e+09	7.14585e+09	7.06042e+09	7.16822e+09	8.22637e+09	7.69832e+09	7.79743e+09	8.48521e+09	7.83619e+09	8.78732e+09	8.17385e+09	8.2402e+09	7.39539e+09	8.43254e+09	7.37921e+09	8.45682e+09	8.53304e+09	8.25938e+09	8.26668e+09	7.6041e+09	8.3008e+09	7.98826e+09	7.97942e+09	7.16732e+09	7.03022e+09	8.21e+09	6.01261e+09	7.76953e+09	7.31543e+09	4.84184e+09	5.98854e+09	4.82439e+09	6.62414e+09	6.2828e+09	4.63255e+09	7.90794e+09	7.97257e+09	8.00874e+09	7.99873e+09	7.76624e+09	8.17832e+09	5.07549e+09	6.23402e+09	6.18046e+09	5.54012e+09	5.21872e+09	5.53011e+09	5.2913e+09	7.25176e+09	6.30227e+09	6.42695e+09	6.93059e+09	6.42322e+09	5.51852e+09	6.91658e+09	5.34114e+09	6.91919e+09	4.78952e+09	7.0244e+09	5.71175e+09	6.58859e+09	6.41118e+09	6.3312e+09	5.75991e+09	6.27127e+09	7.55282e+09	7.29296e+09	7.272e+09	5.62429e+09	7.25644e+09	7.29841e+09	7.86996e+09	7.38493e+09	7.79149e+09	7.81651e+09	8.50062e+09	8.06823e+09	7.32175e+09	7.36284e+09	7.4506e+09	6.35157e+09	6.52735e+09	6.38524e+09	8.00527e+09	7.33121e+09	8.19185e+09	8.17051e+09	7.27526e+09	8.16142e+09	6.3748e+09	6.45897e+09	7.18698e+09	6.91718e+09	7.06131e+09	6.48979e+09
ERR608371	6.47616e+09	7.53709e+09	6.85598e+09	6.77529e+09	6.87834e+09	7.86231e+09	7.39537e+09	7.48339e+09	8.1211e+09	7.51881e+09	8.17385e+09	8.05242e+09	7.89242e+09	7.11181e+09	8.07091e+09	7.09356e+09	8.09301e+09	8.16285e+09	7.91122e+09	7.91787e+09	7.30584e+09	7.94881e+09	7.66221e+09	7.65036e+09	6.8854e+09	6.75661e+09	7.86092e+09	5.80225e+09	7.45614e+09	7.03177e+09	4.63198e+09	5.70305e+09	4.61542e+09	6.28743e+09	5.97566e+09	4.43685e+09	7.59365e+09	7.6501e+09	7.68359e+09	7.67405e+09	7.46434e+09	7.83727e+09	4.87475e+09	5.95688e+09	5.90549e+09	5.30336e+09	5.00485e+09	5.29526e+09	5.10418e+09	6.95937e+09	6.05832e+09	6.18369e+09	6.66036e+09	6.17299e+09	5.18635e+09	6.60002e+09	5.02247e+09	6.5996e+09	4.51424e+09	6.69666e+09	5.39609e+09	6.24324e+09	6.04111e+09	6.00487e+09	5.44027e+09	5.94911e+09	7.24158e+09	7.00002e+09	6.98064e+09	5.42902e+09	6.96749e+09	7.0056e+09	7.54504e+09	7.10305e+09	7.47334e+09	7.49549e+09	8.12198e+09	7.72841e+09	6.99484e+09	7.03314e+09	7.11559e+09	6.08038e+09	6.24888e+09	6.11626e+09	7.68285e+09	7.06376e+09	7.85303e+09	7.8338e+09	7.00986e+09	7.82597e+09	6.07382e+09	6.15247e+09	6.82098e+09	6.57755e+09	6.70607e+09	6.18356e+09
ERR629704	6.61256e+09	7.70988e+09	7.00392e+09	6.92021e+09	7.0264e+09	8.047e+09	7.44183e+09	7.52865e+09	8.1886e+09	7.56519e+09	8.2402e+09	7.89242e+09	8.35818e+09	7.31038e+09	8.31791e+09	7.29153e+09	8.33932e+09	8.41528e+09	8.09488e+09	8.10196e+09	7.45966e+09	8.13461e+09	7.83178e+09	7.81857e+09	7.02919e+09	6.89572e+09	8.03925e+09	5.91075e+09	7.61808e+09	7.17704e+09	4.77545e+09	5.89272e+09	4.75703e+09	6.50242e+09	6.17747e+09	4.57138e+09	7.75216e+09	7.81046e+09	7.84668e+09	7.83616e+09	7.61363e+09	8.01052e+09	5.00039e+09	6.11592e+09	6.06338e+09	5.43968e+09	5.13332e+09	5.43156e+09	5.19446e+09	7.09696e+09	6.17469e+09	6.29919e+09	6.78937e+09	6.29218e+09	5.30128e+09	6.78842e+09	5.1317e+09	6.78771e+09	4.60799e+09	6.8883e+09	5.53975e+09	6.41407e+09	6.20488e+09	6.1675e+09	5.58462e+09	6.10942e+09	7.35437e+09	7.10798e+09	7.08953e+09	5.50405e+09	7.0733e+09	7.11441e+09	7.6741e+09	7.21813e+09	7.59839e+09	7.62345e+09	8.28553e+09	7.86773e+09	7.17051e+09	7.20991e+09	7.29485e+09	6.22779e+09	6.4002e+09	6.26432e+09	7.8401e+09	7.19041e+09	8.02316e+09	8.00015e+09	7.13398e+09	7.99162e+09	6.26294e+09	6.34467e+09	7.03883e+09	6.78527e+09	6.91835e+09	6.37727e+09
ERR629705	5.99977e+09	6.94479e+09	6.33761e+09	6.26434e+09	6.35643e+09	7.22222e+09	6.73279e+09	6.80177e+09	7.3582e+09	6.83204e+09	7.39539e+09	7.11181e+09	7.31038e+09	6.8226e+09	7.467e+09	6.60947e+09	7.48464e+09	7.54755e+09	7.27414e+09	7.28006e+09	6.7406e+09	7.30699e+09	7.05506e+09	7.03937e+09	6.37151e+09	6.25688e+09	7.22987e+09	5.40578e+09	6.8798e+09	6.5051e+09	4.34157e+09	5.30762e+09	4.32453e+09	5.82191e+09	5.55074e+09	4.16391e+09	6.99707e+09	7.04315e+09	7.07357e+09	7.06411e+09	6.88059e+09	7.20774e+09	4.55986e+09	5.52482e+09	5.47731e+09	4.93633e+09	4.67129e+09	4.92917e+09	4.75387e+09	6.4149e+09	5.61125e+09	5.72639e+09	6.15348e+09	5.714e+09	4.72047e+09	6.10812e+09	4.57426e+09	6.10448e+09	4.12278e+09	6.18907e+09	4.95707e+09	5.74157e+09	5.52677e+09	5.53097e+09	4.99554e+09	5.48083e+09	6.63764e+09	6.42818e+09	6.41328e+09	5.03468e+09	6.40077e+09	6.43515e+09	6.91321e+09	6.5365e+09	6.84975e+09	6.87079e+09	7.42347e+09	7.07687e+09	6.45046e+09	6.48508e+09	6.55825e+09	5.63526e+09	5.78584e+09	5.67011e+09	7.06696e+09	6.52594e+09	7.22059e+09	7.20142e+09	6.47502e+09	7.19456e+09	5.63528e+09	5.706e+09	6.29141e+09	6.08065e+09	6.18841e+09	5.73627e+09
ERR629708	6.75215e+09	7.88684e+09	7.15546e+09	7.06943e+09	7.17896e+09	8.23461e+09	7.60143e+09	7.69039e+09	8.38161e+09	7.72778e+09	8.43254e+09	8.07091e+09	8.31791e+09	7.467e+09	8.75709e+09	7.44626e+09	8.54153e+09	8.61936e+09	8.28907e+09	8.29627e+09	7.62534e+09	8.33065e+09	8.01401e+09	7.99784e+09	7.17869e+09	7.03957e+09	8.22703e+09	6.02872e+09	7.79024e+09	7.33298e+09	4.87194e+09	6.02241e+09	4.853e+09	6.65114e+09	6.31606e+09	4.6627e+09	7.92663e+09	7.98591e+09	8.0238e+09	8.01224e+09	7.78099e+09	8.1935e+09	5.10755e+09	6.25076e+09	6.19549e+09	5.55416e+09	5.24079e+09	5.54619e+09	5.29731e+09	7.25382e+09	6.30181e+09	6.43222e+09	6.93716e+09	6.42311e+09	5.41047e+09	6.94561e+09	5.23593e+09	6.94447e+09	4.69748e+09	7.04749e+09	5.65051e+09	6.54729e+09	6.33482e+09	6.29343e+09	5.69676e+09	6.23401e+09	7.51613e+09	7.26219e+09	7.24315e+09	5.61549e+09	7.22714e+09	7.26922e+09	7.8445e+09	7.37317e+09	7.76576e+09	7.79171e+09	8.4827e+09	8.0473e+09	7.33905e+09	7.38015e+09	7.46765e+09	6.36589e+09	6.54466e+09	6.40424e+09	8.01695e+09	7.3437e+09	8.20943e+09	8.18566e+09	7.28428e+09	8.17692e+09	6.41411e+09	6.49861e+09	7.21275e+09	6.95117e+09	7.0878e+09	6.53264e+09
ERR629706	5.98651e+09	6.92637e+09	6.32371e+09	6.25165e+09	6.34267e+09	7.20648e+09	6.71718e+09	6.7888e+09	7.33851e+09	6.81839e+09	7.37921e+09	7.09356e+09	7.29153e+09	6.60947e+09	7.44626e+09	6.78695e+09	7.46354e+09	7.52635e+09	7.25455e+09	7.26071e+09	6.72368e+09	7.28747e+09	7.03569e+09	7.02291e+09	6.35622e+09	6.24206e+09	7.20984e+09	5.39059e+09	6.85846e+09	6.48617e+09	4.33503e+09	5.30017e+09	4.31849e+09	5.81665e+09	5.5434e+09	4.1569e+09	6.97832e+09	7.02572e+09	7.05624e+09	7.04691e+09	6.86241e+09	7.19042e+09	4.54598e+09	5.51729e+09	5.46993e+09	4.92825e+09	4.66215e+09	4.92208e+09	4.73724e+09	6.39568e+09	5.59515e+09	5.708e+09	6.13227e+09	5.69753e+09	4.73178e+09	6.09289e+09	4.5847e+09	6.09015e+09	4.1326e+09	6.17486e+09	4.96521e+09	5.74345e+09	5.53699e+09	5.53253e+09	5.00414e+09	5.48263e+09	6.62015e+09	6.41022e+09	6.39422e+09	5.01621e+09	6.38205e+09	6.41619e+09	6.8956e+09	6.51488e+09	6.83247e+09	6.85248e+09	7.40327e+09	7.05729e+09	6.43118e+09	6.46571e+09	6.53896e+09	5.61807e+09	5.76785e+09	5.65138e+09	7.0489e+09	6.50648e+09	7.20104e+09	7.18129e+09	6.45848e+09	7.17459e+09	5.61397e+09	5.68459e+09	6.27525e+09	6.06239e+09	6.17281e+09	5.71368e+09
ERR629707	6.76851e+09	7.90752e+09	7.17376e+09	7.08746e+09	7.19719e+09	8.25733e+09	7.62134e+09	7.71101e+09	8.40513e+09	7.74893e+09	8.45682e+09	8.09301e+09	8.33932e+09	7.48464e+09	8.54153e+09	7.46354e+09	8.80316e+09	8.64195e+09	8.3099e+09	8.31776e+09	7.64383e+09	8.35199e+09	8.03417e+09	8.01778e+09	7.1959e+09	7.05685e+09	8.24837e+09	6.04163e+09	7.80922e+09	7.34995e+09	4.88615e+09	6.04171e+09	4.86723e+09	6.67333e+09	6.33589e+09	4.67598e+09	7.94602e+09	8.00555e+09	8.0438e+09	8.03262e+09	7.79948e+09	8.21413e+09	5.11973e+09	6.26821e+09	6.21253e+09	5.56916e+09	5.25402e+09	5.56052e+09	5.30874e+09	7.27077e+09	6.31667e+09	6.44728e+09	6.95368e+09	6.43839e+09	5.43298e+09	6.96449e+09	5.25801e+09	6.96351e+09	4.71695e+09	7.06754e+09	5.67076e+09	6.56966e+09	6.35814e+09	6.31437e+09	5.71696e+09	6.2545e+09	7.53591e+09	7.28136e+09	7.26189e+09	5.62811e+09	7.24555e+09	7.28796e+09	7.86491e+09	7.39123e+09	7.78625e+09	7.81208e+09	8.50589e+09	8.0687e+09	7.35917e+09	7.39973e+09	7.48845e+09	6.38253e+09	6.56166e+09	6.42059e+09	8.03677e+09	7.36022e+09	8.23033e+09	8.20663e+09	7.30088e+09	8.19728e+09	6.43263e+09	6.51748e+09	7.23491e+09	6.97142e+09	7.1096e+09	6.5513e+09
ERR629709	6.82467e+09	7.97793e+09	7.23386e+09	7.14627e+09	7.25721e+09	8.33298e+09	7.68327e+09	7.77385e+09	8.48082e+09	7.81247e+09	8.53304e+09	8.16285e+09	8.41528e+09	7.54755e+09	8.61936e+09	7.52635e+09	8.64195e+09	8.96932e+09	8.38922e+09	8.39687e+09	7.71141e+09	8.43147e+09	8.10853e+09	8.09175e+09	7.25518e+09	7.11462e+09	8.32423e+09	6.08809e+09	7.87843e+09	7.41239e+09	4.92319e+09	6.092e+09	4.9045e+09	6.73196e+09	6.39067e+09	4.71107e+09	8.01581e+09	8.07622e+09	8.11516e+09	8.10369e+09	7.86762e+09	8.28892e+09	5.16075e+09	6.32104e+09	6.26486e+09	5.61355e+09	5.2965e+09	5.60537e+09	5.34783e+09	7.33286e+09	6.36634e+09	6.49837e+09	7.01136e+09	6.48887e+09	5.47317e+09	7.02623e+09	5.29578e+09	7.02555e+09	4.74913e+09	7.13044e+09	5.71362e+09	6.62387e+09	6.41e+09	6.36522e+09	5.76095e+09	6.30467e+09	7.59864e+09	7.34078e+09	7.32097e+09	5.66941e+09	7.30491e+09	7.3473e+09	7.93153e+09	7.45096e+09	7.85112e+09	7.87819e+09	8.58463e+09	8.13898e+09	7.42506e+09	7.46659e+09	7.55673e+09	6.43646e+09	6.61817e+09	6.47531e+09	8.10741e+09	7.42005e+09	8.3039e+09	8.27922e+09	7.35991e+09	8.27001e+09	6.49173e+09	6.57753e+09	7.30488e+09	7.03843e+09	7.17765e+09	6.61207e+09
ERR636946	6.71152e+09	7.8383e+09	7.11043e+09	7.02523e+09	7.13162e+09	8.18245e+09	7.4519e+09	7.53856e+09	8.21402e+09	7.57428e+09	8.25938e+09	7.91122e+09	8.09488e+09	7.27414e+09	8.28907e+09	7.25455e+09	8.3099e+09	8.38922e+09	8.70858e+09	8.46903e+09	7.77371e+09	8.5045e+09	8.17251e+09	8.15607e+09	7.05878e+09	6.92135e+09	8.09012e+09	5.9355e+09	7.66357e+09	7.21611e+09	4.73834e+09	5.85154e+09	4.71934e+09	6.46516e+09	6.13926e+09	4.53686e+09	7.8135e+09	7.86922e+09	7.90584e+09	7.89677e+09	7.6715e+09	8.07185e+09	5.01311e+09	6.1273e+09	6.07319e+09	5.44483e+09	5.14118e+09	5.43725e+09	5.10464e+09	7.02689e+09	6.08092e+09	6.21711e+09	6.71568e+09	6.1998e+09	5.11015e+09	6.68892e+09	4.94205e+09	6.68828e+09	4.42451e+09	6.78833e+09	5.37078e+09	6.27034e+09	6.03951e+09	6.0214e+09	5.41681e+09	5.96381e+09	7.25834e+09	7.00885e+09	6.98818e+09	5.40462e+09	6.97473e+09	7.01385e+09	7.60149e+09	7.14216e+09	7.52593e+09	7.55108e+09	8.22822e+09	7.80195e+09	7.07786e+09	7.11819e+09	7.20586e+09	6.11545e+09	6.29421e+09	6.1552e+09	7.90255e+09	7.24769e+09	8.09089e+09	8.06781e+09	7.18805e+09	8.05901e+09	6.1219e+09	6.20472e+09	6.90358e+09	6.64942e+09	6.782e+09	6.23948e+09
ERR636947	6.71587e+09	7.84372e+09	7.1154e+09	7.02994e+09	7.13613e+09	8.18894e+09	7.45749e+09	7.54403e+09	8.22187e+09	7.58016e+09	8.26668e+09	7.91787e+09	8.10196e+09	7.28006e+09	8.29627e+09	7.26071e+09	8.31776e+09	8.39687e+09	8.46903e+09	8.72703e+09	7.78092e+09	8.51354e+09	8.1807e+09	8.16363e+09	7.06437e+09	6.92672e+09	8.09806e+09	5.94024e+09	7.67036e+09	7.22261e+09	4.74021e+09	5.85425e+09	4.72126e+09	6.46883e+09	6.14262e+09	4.53922e+09	7.82006e+09	7.87677e+09	7.91265e+09	7.9039e+09	7.67818e+09	8.07919e+09	5.01661e+09	6.13134e+09	6.07679e+09	5.44749e+09	5.14457e+09	5.4402e+09	5.10768e+09	7.03259e+09	6.08458e+09	6.22165e+09	6.72037e+09	6.20363e+09	5.11186e+09	6.69478e+09	4.94365e+09	6.69422e+09	4.42544e+09	6.79445e+09	5.37081e+09	6.27139e+09	6.04087e+09	6.02213e+09	5.41698e+09	5.96451e+09	7.26429e+09	7.01451e+09	6.99394e+09	5.40871e+09	6.98082e+09	7.01949e+09	7.60807e+09	7.14827e+09	7.53246e+09	7.55736e+09	8.23626e+09	7.80956e+09	7.08401e+09	7.12464e+09	7.21219e+09	6.12032e+09	6.29933e+09	6.16067e+09	7.90893e+09	7.25324e+09	8.09753e+09	8.0749e+09	7.19385e+09	8.0661e+09	6.12724e+09	6.20989e+09	6.90923e+09	6.65531e+09	6.7879e+09	6.24512e+09
ERR636943	6.22803e+09	7.23006e+09	6.58592e+09	6.51029e+09	6.60489e+09	7.53043e+09	6.90851e+09	6.98446e+09	7.56237e+09	7.01526e+09	7.6041e+09	7.30584e+09	7.45966e+09	6.7406e+09	7.62534e+09	6.72368e+09	7.64383e+09	7.71141e+09	7.77371e+09	7.78092e+09	7.40507e+09	7.81145e+09	7.53354e+09	7.52067e+09	6.54686e+09	6.42457e+09	7.45107e+09	5.5357e+09	7.07983e+09	6.68583e+09	4.38624e+09	5.38275e+09	4.36894e+09	5.92504e+09	5.63774e+09	4.20454e+09	7.22164e+09	7.27116e+09	7.30225e+09	7.29436e+09	7.10145e+09	7.44478e+09	4.64567e+09	5.65095e+09	5.60228e+09	5.03793e+09	4.76357e+09	5.03096e+09	4.76297e+09	6.50573e+09	5.65417e+09	5.77713e+09	6.22711e+09	5.76149e+09	4.69863e+09	6.15537e+09	4.54818e+09	6.15443e+09	4.08285e+09	6.24386e+09	4.95946e+09	5.78769e+09	5.55922e+09	5.56438e+09	5.00066e+09	5.5125e+09	6.71814e+09	6.49455e+09	6.47604e+09	5.03875e+09	6.46388e+09	6.49972e+09	7.03022e+09	6.62884e+09	6.96515e+09	6.98674e+09	7.56803e+09	7.20253e+09	6.51266e+09	6.54946e+09	6.62759e+09	5.65006e+09	5.80957e+09	5.68583e+09	7.29698e+09	6.72885e+09	7.45595e+09	7.43747e+09	6.67743e+09	7.42946e+09	5.61278e+09	5.68724e+09	6.30973e+09	6.08455e+09	6.20179e+09	5.71821e+09
ERR636948	6.74122e+09	7.87644e+09	7.14378e+09	7.05799e+09	7.16482e+09	8.22436e+09	7.48565e+09	7.57268e+09	8.25492e+09	7.60924e+09	8.3008e+09	7.94881e+09	8.13461e+09	7.30699e+09	8.33065e+09	7.28747e+09	8.35199e+09	8.43147e+09	8.5045e+09	8.51354e+09	7.81145e+09	8.80147e+09	8.21383e+09	8.19769e+09	7.09081e+09	6.95232e+09	8.13085e+09	5.95992e+09	7.69942e+09	7.24866e+09	4.76199e+09	5.88377e+09	4.74309e+09	6.50377e+09	6.17434e+09	4.55943e+09	7.84974e+09	7.90661e+09	7.94307e+09	7.93432e+09	7.70667e+09	8.11121e+09	5.03602e+09	6.15858e+09	6.10446e+09	5.47132e+09	5.16556e+09	5.46372e+09	5.12338e+09	7.05841e+09	6.10661e+09	6.24257e+09	6.74413e+09	6.2259e+09	5.14104e+09	6.72344e+09	4.97183e+09	6.72362e+09	4.44967e+09	6.82491e+09	5.39918e+09	6.30455e+09	6.07424e+09	6.05336e+09	5.44539e+09	5.99527e+09	7.29226e+09	7.04063e+09	7.02011e+09	5.42575e+09	7.00597e+09	7.04572e+09	7.63573e+09	7.17273e+09	7.55958e+09	7.58521e+09	8.26984e+09	7.83873e+09	7.1129e+09	7.15405e+09	7.24229e+09	6.14417e+09	6.3238e+09	6.1838e+09	7.94083e+09	7.27905e+09	8.13078e+09	8.10734e+09	7.21948e+09	8.09844e+09	6.15375e+09	6.23743e+09	6.94271e+09	6.68607e+09	6.82051e+09	6.27233e+09
ERR636945	6.51128e+09	7.5862e+09	6.89292e+09	6.81194e+09	6.91322e+09	7.91045e+09	7.22921e+09	7.31033e+09	7.9448e+09	7.34387e+09	7.98826e+09	7.66221e+09	7.83178e+09	7.05506e+09	8.01401e+09	7.03569e+09	8.03417e+09	8.10853e+09	8.17251e+09	8.1807e+09	7.53354e+09	8.21383e+09	8.14117e+09	7.89345e+09	6.8474e+09	6.7163e+09	7.82543e+09	5.771e+09	7.42327e+09	6.99828e+09	4.5869e+09	5.65037e+09	4.56874e+09	6.23216e+09	5.92383e+09	4.39403e+09	7.57156e+09	7.6243e+09	7.65854e+09	7.64998e+09	7.43908e+09	7.81398e+09	4.85866e+09	5.92396e+09	5.87219e+09	5.27135e+09	4.98125e+09	5.26382e+09	4.96507e+09	6.81372e+09	5.90651e+09	6.03784e+09	6.51626e+09	6.02086e+09	4.9333e+09	6.46509e+09	4.77333e+09	6.4639e+09	4.27768e+09	6.55935e+09	5.1973e+09	6.06796e+09	5.83645e+09	5.82963e+09	5.24163e+09	5.77449e+09	7.03656e+09	6.79826e+09	6.77874e+09	5.25602e+09	6.76588e+09	6.80353e+09	7.36993e+09	6.93639e+09	7.29835e+09	7.32288e+09	7.95825e+09	7.5587e+09	6.84242e+09	6.88156e+09	6.96527e+09	5.92234e+09	6.09312e+09	5.96086e+09	7.65434e+09	7.03699e+09	7.82952e+09	7.8084e+09	6.98038e+09	7.79944e+09	5.90839e+09	5.98755e+09	6.65205e+09	6.41057e+09	6.53571e+09	6.0201e+09
ERR636944	6.50464e+09	7.57527e+09	6.88693e+09	6.80626e+09	6.90604e+09	7.90465e+09	7.22067e+09	7.3052e+09	7.93041e+09	7.33917e+09	7.97942e+09	7.65036e+09	7.81857e+09	7.03937e+09	7.99784e+09	7.02291e+09	8.01778e+09	8.09175e+09	8.15607e+09	8.16363e+09	7.52067e+09	8.19769e+09	7.89345e+09	8.11413e+09	6.83818e+09	6.70715e+09	7.81052e+09	5.75707e+09	7.40654e+09	6.98294e+09	4.58777e+09	5.65367e+09	4.57015e+09	6.24141e+09	5.92853e+09	4.39315e+09	7.55794e+09	7.61383e+09	7.6474e+09	7.63995e+09	7.42658e+09	7.80439e+09	4.84612e+09	5.92382e+09	5.87226e+09	5.27175e+09	4.9764e+09	5.26325e+09	4.95151e+09	6.7996e+09	5.89683e+09	6.02378e+09	6.49989e+09	6.01085e+09	4.97103e+09	6.45703e+09	4.80888e+09	6.4575e+09	4.30935e+09	6.55409e+09	5.22862e+09	6.09226e+09	5.87438e+09	5.85288e+09	5.27352e+09	5.79698e+09	7.02771e+09	6.78757e+09	6.76729e+09	5.23956e+09	6.75402e+09	6.79183e+09	7.3604e+09	6.92086e+09	7.28946e+09	7.31358e+09	7.94686e+09	7.54712e+09	6.82936e+09	6.86884e+09	6.95254e+09	5.91186e+09	6.08032e+09	5.94714e+09	7.64033e+09	7.02123e+09	7.81356e+09	7.79299e+09	6.96748e+09	7.7841e+09	5.89268e+09	5.97169e+09	6.64589e+09	6.39955e+09	6.52891e+09	6.00331e+09
ERR613447	5.92244e+09	6.83436e+09	6.25284e+09	6.18306e+09	6.27137e+09	7.10597e+09	6.52318e+09	6.59357e+09	7.12263e+09	6.62328e+09	7.16732e+09	6.8854e+09	7.02919e+09	6.37151e+09	7.17869e+09	6.35622e+09	7.1959e+09	7.25518e+09	7.05878e+09	7.06437e+09	6.54686e+09	7.09081e+09	6.8474e+09	6.83818e+09	6.55679e+09	6.23755e+09	7.17433e+09	5.38697e+09	6.83316e+09	6.46661e+09	4.32923e+09	5.28555e+09	4.31286e+09	5.79777e+09	5.5255e+09	4.15206e+09	6.76574e+09	6.81575e+09	6.84431e+09	6.83632e+09	6.65508e+09	6.97696e+09	4.46406e+09	5.41854e+09	5.37321e+09	4.84539e+09	4.58155e+09	4.83671e+09	4.71566e+09	6.34376e+09	5.57049e+09	5.67101e+09	6.08831e+09	5.66998e+09	4.67953e+09	5.98886e+09	4.53448e+09	5.987e+09	4.08615e+09	6.07125e+09	4.97105e+09	5.75209e+09	5.54167e+09	5.54043e+09	5.00937e+09	5.49106e+09	6.45473e+09	6.2524e+09	6.23737e+09	4.8925e+09	6.22226e+09	6.25715e+09	6.71892e+09	6.34694e+09	6.65659e+09	6.67826e+09	7.21387e+09	6.87529e+09	6.30125e+09	6.3339e+09	6.40574e+09	5.51542e+09	5.65608e+09	5.5425e+09	6.84684e+09	6.31757e+09	6.99477e+09	6.976e+09	6.26965e+09	6.97028e+09	5.51908e+09	5.58834e+09	6.17042e+09	5.95757e+09	6.06876e+09	5.61619e+09
ERR613446	5.81892e+09	6.70519e+09	6.14074e+09	6.07293e+09	6.15892e+09	6.96939e+09	6.40555e+09	6.47374e+09	6.98668e+09	6.50223e+09	7.03022e+09	6.75661e+09	6.89572e+09	6.25688e+09	7.03957e+09	6.24206e+09	7.05685e+09	7.11462e+09	6.92135e+09	6.92672e+09	6.42457e+09	6.95232e+09	6.7163e+09	6.70715e+09	6.23755e+09	6.32543e+09	7.0347e+09	5.29774e+09	6.70366e+09	6.34866e+09	4.25956e+09	5.19249e+09	4.24315e+09	5.69203e+09	5.42647e+09	4.08646e+09	6.63987e+09	6.68841e+09	6.71636e+09	6.70805e+09	6.53168e+09	6.84489e+09	4.39034e+09	5.3241e+09	5.27982e+09	4.76396e+09	4.5061e+09	4.75593e+09	4.64033e+09	6.22784e+09	5.47541e+09	5.57214e+09	5.97925e+09	5.57175e+09	4.60111e+09	5.87956e+09	4.4597e+09	5.87763e+09	4.02104e+09	5.95969e+09	4.88749e+09	5.65036e+09	5.44458e+09	5.44436e+09	4.92529e+09	5.39604e+09	6.33557e+09	6.13833e+09	6.124e+09	4.81144e+09	6.10897e+09	6.14319e+09	6.59209e+09	6.23083e+09	6.5317e+09	6.55284e+09	7.07251e+09	6.74411e+09	6.18215e+09	6.2146e+09	6.28446e+09	5.41722e+09	5.55433e+09	5.44345e+09	6.71706e+09	6.20268e+09	6.86036e+09	6.84251e+09	6.15607e+09	6.83629e+09	5.4175e+09	5.48504e+09	6.05274e+09	5.84585e+09	5.95385e+09	5.51199e+09
ERR613443	6.67742e+09	7.78523e+09	7.07e+09	6.98573e+09	7.09381e+09	8.11973e+09	7.40796e+09	7.49435e+09	8.15996e+09	7.53011e+09	8.21e+09	7.86092e+09	8.03925e+09	7.22987e+09	8.22703e+09	7.20984e+09	8.24837e+09	8.32423e+09	8.09012e+09	8.09806e+09	7.45107e+09	8.13085e+09	7.82543e+09	7.81052e+09	7.17433e+09	7.0347e+09	8.4634e+09	6.03242e+09	7.78223e+09	7.32883e+09	4.84035e+09	5.96947e+09	4.82141e+09	6.58464e+09	6.25723e+09	4.63552e+09	7.71661e+09	7.77525e+09	7.81194e+09	7.80136e+09	7.57929e+09	7.97563e+09	5.00987e+09	6.12056e+09	6.06691e+09	5.44155e+09	5.13959e+09	5.43368e+09	5.27496e+09	7.20158e+09	6.26599e+09	6.39473e+09	6.89311e+09	6.38554e+09	5.26038e+09	6.80957e+09	5.09089e+09	6.80739e+09	4.56866e+09	6.90797e+09	5.56683e+09	6.47489e+09	6.23893e+09	6.2246e+09	5.61288e+09	6.16688e+09	7.34719e+09	7.1022e+09	7.08425e+09	5.50215e+09	7.06771e+09	7.1081e+09	7.665e+09	7.21267e+09	7.58808e+09	7.61508e+09	8.28081e+09	7.86069e+09	7.18818e+09	7.22809e+09	7.31387e+09	6.24386e+09	6.41648e+09	6.28014e+09	7.81568e+09	7.16703e+09	8.00067e+09	7.97621e+09	7.1081e+09	7.96958e+09	6.28533e+09	6.36739e+09	7.05948e+09	6.80759e+09	6.93923e+09	6.40212e+09
ERR613448	5.0422e+09	5.7593e+09	5.29847e+09	5.24354e+09	5.31496e+09	5.96174e+09	5.51606e+09	5.5669e+09	5.98665e+09	5.58886e+09	6.01261e+09	5.80225e+09	5.91075e+09	5.40578e+09	6.02872e+09	5.39059e+09	6.04163e+09	6.08809e+09	5.9355e+09	5.94024e+09	5.5357e+09	5.95992e+09	5.771e+09	5.75707e+09	5.38697e+09	5.29774e+09	6.03242e+09	4.80954e+09	5.77315e+09	5.48973e+09	3.70991e+09	4.46578e+09	3.6946e+09	4.86264e+09	4.65443e+09	3.57072e+09	5.71408e+09	5.74765e+09	5.7707e+09	5.76349e+09	5.62777e+09	5.87074e+09	3.83869e+09	4.58981e+09	4.55328e+09	4.12678e+09	3.92347e+09	4.12391e+09	4.08617e+09	5.37976e+09	4.75876e+09	4.85141e+09	5.18319e+09	4.83848e+09	3.87145e+09	5.05281e+09	3.75664e+09	5.04786e+09	3.40058e+09	5.11213e+09	4.14073e+09	4.79821e+09	4.5881e+09	4.63286e+09	4.17099e+09	4.59446e+09	5.44956e+09	5.29272e+09	5.28159e+09	4.2241e+09	5.27232e+09	5.29826e+09	5.65823e+09	5.38064e+09	5.61031e+09	5.6268e+09	6.04184e+09	5.78214e+09	5.3127e+09	5.33889e+09	5.39558e+09	4.68445e+09	4.80205e+09	4.71347e+09	5.77302e+09	5.36951e+09	5.8886e+09	5.87266e+09	5.32914e+09	5.8689e+09	4.66026e+09	4.71584e+09	5.16425e+09	5.00652e+09	5.08617e+09	4.74145e+09
ERR613445	6.36095e+09	7.3881e+09	6.72539e+09	6.647e+09	6.74791e+09	7.68879e+09	7.04032e+09	7.11689e+09	7.72779e+09	7.14914e+09	7.76953e+09	7.45614e+09	7.61808e+09	6.8798e+09	7.79024e+09	6.85846e+09	7.80922e+09	7.87843e+09	7.66357e+09	7.67036e+09	7.07983e+09	7.69942e+09	7.42327e+09	7.40654e+09	6.83316e+09	6.70366e+09	7.78223e+09	5.77315e+09	7.62709e+09	6.98062e+09	4.60679e+09	5.6544e+09	4.58845e+09	6.21578e+09	5.91841e+09	4.41652e+09	7.32727e+09	7.37857e+09	7.41207e+09	7.40161e+09	7.20149e+09	7.55955e+09	4.77907e+09	5.80755e+09	5.75608e+09	5.17508e+09	4.89561e+09	5.16795e+09	5.05048e+09	6.8494e+09	5.97695e+09	6.10147e+09	6.56734e+09	6.0887e+09	4.94725e+09	6.45054e+09	4.79011e+09	6.4465e+09	4.30674e+09	6.53815e+09	5.25809e+09	6.12154e+09	5.87758e+09	5.89005e+09	5.29999e+09	5.8367e+09	6.97357e+09	6.74859e+09	6.73187e+09	5.25963e+09	6.71799e+09	6.75465e+09	7.27115e+09	6.86374e+09	7.20118e+09	7.22567e+09	7.83168e+09	7.45117e+09	6.80991e+09	6.84672e+09	6.9264e+09	5.93291e+09	6.09429e+09	5.96875e+09	7.41684e+09	6.82681e+09	7.58609e+09	7.563e+09	6.76996e+09	7.55723e+09	5.95308e+09	6.02938e+09	6.66048e+09	6.43253e+09	6.5496e+09	6.06342e+09
ERR613444	6.02691e+09	6.96726e+09	6.36089e+09	6.28939e+09	6.38156e+09	7.23997e+09	6.65424e+09	6.72301e+09	7.27813e+09	6.7529e+09	7.31543e+09	7.03177e+09	7.17704e+09	6.5051e+09	7.33298e+09	6.48617e+09	7.34995e+09	7.41239e+09	7.21611e+09	7.22261e+09	6.68583e+09	7.24866e+09	6.99828e+09	6.98294e+09	6.46661e+09	6.34866e+09	7.32883e+09	5.48973e+09	6.98062e+09	6.81455e+09	4.3662e+09	5.33251e+09	4.34835e+09	5.84769e+09	5.57683e+09	4.18937e+09	6.91672e+09	6.96352e+09	6.99361e+09	6.98446e+09	6.80291e+09	7.12781e+09	4.53136e+09	5.4857e+09	5.43844e+09	4.90016e+09	4.64114e+09	4.89334e+09	4.80464e+09	6.47355e+09	5.66648e+09	5.78506e+09	6.2139e+09	5.76962e+09	4.65438e+09	6.07958e+09	4.50864e+09	6.07457e+09	4.06072e+09	6.15857e+09	4.95629e+09	5.76818e+09	5.52888e+09	5.55459e+09	4.99566e+09	5.50523e+09	6.58177e+09	6.37492e+09	6.35989e+09	4.99584e+09	6.34743e+09	6.3805e+09	6.85743e+09	6.48747e+09	6.79372e+09	6.81679e+09	7.3651e+09	7.0209e+09	6.41411e+09	6.44827e+09	6.52203e+09	5.60561e+09	5.75566e+09	5.63956e+09	6.99578e+09	6.45932e+09	7.14861e+09	7.12804e+09	6.40745e+09	7.12274e+09	5.60233e+09	5.67266e+09	6.25303e+09	6.04521e+09	6.15044e+09	5.70466e+09
ERR613219	4.12324e+09	4.68917e+09	4.33644e+09	4.29372e+09	4.34298e+09	4.88151e+09	4.396e+09	4.44763e+09	4.79854e+09	4.46952e+09	4.84184e+09	4.63198e+09	4.77545e+09	4.34157e+09	4.87194e+09	4.33503e+09	4.88615e+09	4.92319e+09	4.73834e+09	4.74021e+09	4.38624e+09	4.76199e+09	4.5869e+09	4.58777e+09	4.32923e+09	4.25956e+09	4.84035e+09	3.70991e+09	4.60679e+09	4.3662e+09	3.71405e+09	4.25521e+09	3.55204e+09	4.62246e+09	4.42149e+09	3.42699e+09	4.53188e+09	4.5717e+09	4.59341e+09	4.58693e+09	4.44839e+09	4.69567e+09	3.37392e+09	4.0616e+09	4.03467e+09	3.68209e+09	3.4792e+09	3.67279e+09	3.3643e+09	4.3662e+09	3.91522e+09	3.94229e+09	4.19738e+09	3.97387e+09	3.77439e+09	4.39385e+09	3.67125e+09	4.40454e+09	3.34183e+09	4.46142e+09	3.87804e+09	4.29522e+09	4.2705e+09	4.15705e+09	3.90488e+09	4.12528e+09	4.4432e+09	4.31706e+09	4.30758e+09	3.45461e+09	4.29385e+09	4.31963e+09	4.55133e+09	4.2728e+09	4.50638e+09	4.52085e+09	4.9181e+09	4.66124e+09	4.53142e+09	4.5497e+09	4.59364e+09	4.05352e+09	4.13134e+09	4.057e+09	4.64015e+09	4.24966e+09	4.75029e+09	4.73864e+09	4.2196e+09	4.73214e+09	4.20194e+09	4.25022e+09	4.66223e+09	4.50176e+09	4.59434e+09	4.25997e+09
ERR613217	5.01418e+09	5.76753e+09	5.29737e+09	5.2407e+09	5.30641e+09	6.02899e+09	5.38889e+09	5.45948e+09	5.92633e+09	5.48901e+09	5.98854e+09	5.70305e+09	5.89272e+09	5.30762e+09	6.02241e+09	5.30017e+09	6.04171e+09	6.092e+09	5.85154e+09	5.85425e+09	5.38275e+09	5.88377e+09	5.65037e+09	5.65367e+09	5.28555e+09	5.19249e+09	5.96947e+09	4.46578e+09	5.6544e+09	5.33251e+09	4.25521e+09	5.37997e+09	4.23899e+09	5.68149e+09	5.40757e+09	4.07561e+09	5.56601e+09	5.6214e+09	5.65006e+09	5.64173e+09	5.45508e+09	5.78862e+09	4.04682e+09	4.94258e+09	4.90712e+09	4.44364e+09	4.18045e+09	4.43044e+09	4.03423e+09	5.34765e+09	4.75237e+09	4.78672e+09	5.12221e+09	4.82981e+09	4.64034e+09	5.3927e+09	4.50386e+09	5.40796e+09	4.06953e+09	5.48489e+09	4.76605e+09	5.30196e+09	5.28768e+09	5.11673e+09	4.8014e+09	5.07362e+09	5.46376e+09	5.29369e+09	5.28047e+09	4.15736e+09	5.26198e+09	5.2964e+09	5.60959e+09	5.2346e+09	5.54925e+09	5.56851e+09	6.10109e+09	5.75626e+09	5.57772e+09	5.60253e+09	5.66111e+09	4.94167e+09	5.04312e+09	4.9443e+09	5.70853e+09	5.1843e+09	5.85536e+09	5.8401e+09	5.146e+09	5.83091e+09	5.14514e+09	5.20827e+09	5.76105e+09	5.54349e+09	5.66933e+09	5.2213e+09
ERR613220	4.10795e+09	4.67079e+09	4.31998e+09	4.27767e+09	4.32667e+09	4.86254e+09	4.38128e+09	4.43293e+09	4.78123e+09	4.45419e+09	4.82439e+09	4.61542e+09	4.75703e+09	4.32453e+09	4.853e+09	4.31849e+09	4.86723e+09	4.9045e+09	4.71934e+09	4.72126e+09	4.36894e+09	4.74309e+09	4.56874e+09	4.57015e+09	4.31286e+09	4.24315e+09	4.82141e+09	3.6946e+09	4.58845e+09	4.34835e+09	3.55204e+09	4.23899e+09	3.68784e+09	4.60559e+09	4.40537e+09	3.41456e+09	4.51462e+09	4.55476e+09	4.57629e+09	4.56929e+09	4.4318e+09	4.67804e+09	3.36176e+09	4.04775e+09	4.02065e+09	3.67067e+09	3.46772e+09	3.66085e+09	3.35109e+09	4.34874e+09	3.90032e+09	3.92667e+09	4.17994e+09	3.95911e+09	3.77061e+09	4.37773e+09	3.6677e+09	4.38873e+09	3.33914e+09	4.44538e+09	3.8732e+09	4.28462e+09	4.26408e+09	4.14664e+09	3.89981e+09	4.1146e+09	4.42754e+09	4.30192e+09	4.29199e+09	3.44171e+09	4.27854e+09	4.30434e+09	4.53509e+09	4.25707e+09	4.49044e+09	4.50441e+09	4.8997e+09	4.64428e+09	4.51401e+09	4.53248e+09	4.57628e+09	4.03906e+09	4.11556e+09	4.04165e+09	4.62316e+09	4.23383e+09	4.7319e+09	4.72046e+09	4.20362e+09	4.71386e+09	4.18585e+09	4.23348e+09	4.64426e+09	4.48472e+09	4.57714e+09	4.2434e+09
