	ERR636967	ERR636969	ERR636970	ERR636971	ERR636972	ERR636968	ERR608691	ERR608690	ERR608692	ERR608694	ERR608693	ERR608689	ERR621981	ERR621980	ERR621982	ERR621979	ERR621983	ERR621984	ERR637065	ERR637067	ERR637068	ERR637066	ERR637063	ERR637064	ERR608806	ERR608810	ERR608807	ERR608808	ERR608809	ERR608805	ERR629698	ERR629702	ERR629700	ERR629703	ERR629701	ERR629699	ERR629916	ERR629917	ERR629921	ERR629920	ERR629919	ERR629918	ERR607785	ERR607781	ERR607783	ERR607784	ERR607786	ERR607782	ERR613316	ERR613311	ERR613314	ERR613312	ERR613313	ERR613315	ERR616957	ERR616960	ERR616958	ERR616956	ERR616955	ERR616959	ERR618268	ERR618269	ERR618270	ERR618271	ERR618267	ERR618272	ERR618466	ERR618467	ERR618465	ERR618469	ERR618470	ERR618468	ERR616817	ERR616822	ERR616818	ERR616820	ERR616819	ERR616821	ERR622132	ERR622133	ERR622135	ERR622131	ERR622136	ERR622134	ERR609168	ERR609166	ERR609165	ERR609164	ERR609163	ERR609167	ERR630268	ERR630269	ERR630267	ERR630270	ERR630266	ERR630271
ERR636967	0	0.806501	0.807727	0.807143	0.808289	0.800463	0.971426	0.979135	0.968378	0.976423	0.968105	0.998398	0.927808	0.928171	0.908666	0.916706	0.908927	0.908238	0.899032	0.901322	0.899675	0.901842	0.906701	0.89859	0.885237	0.912289	0.884116	0.911746	0.910142	0.887274	1.10401	1.10187	1.11754	1.10107	1.10127	1.11764	1.07974	1.09185	1.09402	1.09496	1.09318	1.08227	0.85566	0.85691	0.856753	0.872986	0.855659	0.869639	1.15827	1.11596	1.13638	1.13311	1.12393	1.13447	1.07946	1.09174	1.09174	1.08185	1.08335	1.09342	1.08457	1.08096	1.07972	1.08322	1.08231	1.08168	1.10267	1.09664	1.09118	1.10062	1.10363	1.10401	1.10416	1.1139	1.10469	1.11527	1.09783	1.11447	1.07533	1.07566	1.07258	1.07007	1.10079	1.08744	1.11464	1.13013	1.12093	1.11604	1.1146	1.114	1.10551	1.1132	1.10097	1.10898	1.0903	1.11673
ERR636969	0.806501	0	0.801196	0.800024	0.80203	0.793489	0.967299	0.975231	0.964256	0.97276	0.963609	0.995606	0.922929	0.923367	0.903148	0.911455	0.904039	0.903224	0.893485	0.896291	0.894573	0.896107	0.901955	0.893617	0.879276	0.908558	0.878157	0.907145	0.905903	0.881733	1.09941	1.09669	1.11315	1.09632	1.09627	1.11303	1.07597	1.08808	1.09007	1.09105	1.08916	1.07825	0.850153	0.851372	0.851283	0.868261	0.849759	0.864911	1.15476	1.11153	1.13259	1.12866	1.11967	1.13057	1.07577	1.08809	1.088	1.07833	1.07947	1.08954	1.08086	1.077	1.07555	1.07888	1.07827	1.07766	1.09794	1.09142	1.08644	1.09591	1.09873	1.09931	1.09931	1.10922	1.10021	1.11089	1.09306	1.10988	1.07195	1.07192	1.06883	1.06629	1.09784	1.08401	1.11027	1.12603	1.11616	1.1114	1.11012	1.10963	1.10065	1.10861	1.0963	1.10398	1.08545	1.11206
ERR636970	0.807727	0.801196	0	0.794771	0.796407	0.794452	0.964372	0.973025	0.961419	0.970335	0.960915	0.994147	0.920653	0.920965	0.900289	0.908909	0.901086	0.89988	0.893117	0.89503	0.893152	0.894858	0.90088	0.892321	0.875618	0.905053	0.874941	0.904389	0.902699	0.878512	1.09801	1.09564	1.11197	1.0952	1.0949	1.11204	1.07475	1.0873	1.08985	1.09079	1.08882	1.07707	0.848317	0.848925	0.848597	0.867118	0.847784	0.863963	1.15386	1.11053	1.13131	1.12776	1.11869	1.12905	1.073	1.08721	1.0869	1.07547	1.07737	1.08836	1.07946	1.07537	1.07386	1.07771	1.07721	1.07661	1.09684	1.09015	1.08438	1.0937	1.09699	1.09716	1.09847	1.10853	1.09876	1.11005	1.09149	1.10935	1.06982	1.07	1.06667	1.06395	1.09617	1.08219	1.10877	1.12402	1.11515	1.11011	1.10871	1.10828	1.0994	1.10753	1.09492	1.10279	1.08378	1.11149
ERR636971	0.807143	0.800024	0.794771	0	0.795801	0.793228	0.964011	0.972694	0.960772	0.969926	0.96028	0.993717	0.920349	0.920863	0.899959	0.908588	0.901187	0.899624	0.891811	0.893755	0.89199	0.894411	0.899977	0.891289	0.874587	0.904094	0.873916	0.903494	0.901737	0.877157	1.09745	1.095	1.11143	1.09452	1.09442	1.11146	1.07416	1.08674	1.08881	1.09007	1.08781	1.07667	0.846837	0.847609	0.847435	0.865356	0.846434	0.862618	1.15351	1.1102	1.13082	1.12737	1.1186	1.12894	1.07321	1.08734	1.08677	1.07574	1.07769	1.08805	1.07904	1.07505	1.07372	1.07731	1.07707	1.07621	1.09639	1.08979	1.08423	1.09364	1.09669	1.09712	1.09828	1.10818	1.09834	1.10987	1.09131	1.10879	1.06936	1.06938	1.06623	1.06366	1.09548	1.08177	1.10876	1.12415	1.11513	1.11	1.10836	1.10784	1.09947	1.10727	1.0949	1.10264	1.08371	1.11093
ERR636972	0.808289	0.80203	0.796407	0.795801	0	0.794822	0.964838	0.973754	0.961786	0.970946	0.960974	0.99436	0.921253	0.921484	0.900901	0.909967	0.9021	0.900357	0.892913	0.894845	0.89271	0.895242	0.900815	0.892307	0.876295	0.905564	0.87577	0.904435	0.902903	0.87916	1.09969	1.09733	1.11385	1.09701	1.09676	1.11399	1.07613	1.08855	1.09096	1.09192	1.08988	1.07837	0.849554	0.849784	0.849763	0.867468	0.848701	0.864452	1.15551	1.11209	1.13291	1.12946	1.12065	1.13085	1.0744	1.08854	1.08816	1.07697	1.07907	1.08981	1.08094	1.07695	1.07569	1.07949	1.07867	1.07811	1.09832	1.09142	1.08653	1.09549	1.09861	1.099	1.10035	1.11021	1.10052	1.1121	1.09344	1.11091	1.07115	1.07113	1.06791	1.06551	1.09708	1.08321	1.11043	1.12558	1.11699	1.11164	1.11023	1.10986	1.10152	1.10949	1.09723	1.10479	1.08621	1.11325
ERR636968	0.800463	0.793489	0.794452	0.793228	0.794822	0	0.961245	0.97011	0.958277	0.967125	0.957574	0.99199	0.916673	0.917403	0.895722	0.904212	0.89652	0.895384	0.888318	0.890594	0.888457	0.8907	0.8964	0.887419	0.869581	0.900305	0.868861	0.899187	0.89775	0.87248	1.09303	1.09071	1.10711	1.09017	1.08974	1.10732	1.06981	1.08296	1.08523	1.08636	1.08434	1.07229	0.842504	0.842586	0.842689	0.8621	0.842227	0.858711	1.14993	1.10603	1.1271	1.12352	1.11457	1.12519	1.06827	1.08317	1.08274	1.07097	1.07331	1.08423	1.07488	1.07064	1.06938	1.07312	1.07236	1.07177	1.09198	1.08487	1.07923	1.08897	1.09223	1.09266	1.09348	1.10382	1.09402	1.10548	1.08663	1.10469	1.06543	1.06526	1.06197	1.0593	1.09184	1.0776	1.10431	1.12002	1.11079	1.10563	1.10429	1.10391	1.09495	1.10313	1.09056	1.09845	1.07897	1.10689
ERR608691	0.971426	0.967299	0.964372	0.964011	0.964838	0.961245	0	0.738624	0.729639	0.737748	0.727533	0.764435	1.0066	1.00652	0.988479	0.995097	0.988729	0.987682	0.946236	0.948435	0.946407	0.948664	0.954283	0.94654	0.915522	0.943667	0.914878	0.943012	0.941284	0.918322	1.12401	1.12212	1.13684	1.12181	1.12131	1.13731	1.10547	1.11727	1.11937	1.12008	1.11866	1.10712	0.947353	0.94699	0.946232	0.966013	0.94623	0.962598	1.16984	1.129	1.14793	1.14552	1.13718	1.14589	1.10616	1.11988	1.11918	1.10845	1.11115	1.1208	1.10603	1.10239	1.10122	1.10482	1.10486	1.1035	1.12572	1.11925	1.11466	1.12269	1.12542	1.12557	1.12878	1.13814	1.1286	1.13968	1.12234	1.13893	1.0841	1.08393	1.08114	1.07832	1.10896	1.09576	1.12141	1.13587	1.12781	1.1224	1.12099	1.12067	1.12971	1.13659	1.1255	1.1323	1.11531	1.14012
ERR608690	0.979135	0.975231	0.973025	0.972694	0.973754	0.97011	0.738624	0	0.739299	0.745689	0.737439	0.768291	1.01574	1.01598	0.998903	1.00524	0.999018	0.997861	0.955277	0.957298	0.955577	0.957488	0.962684	0.95545	0.927375	0.952978	0.92649	0.952084	0.950165	0.929109	1.13355	1.13169	1.1457	1.13155	1.1312	1.14632	1.11418	1.12492	1.12728	1.12805	1.12639	1.11579	0.957469	0.957693	0.957176	0.975136	0.956733	0.971604	1.17712	1.13796	1.15642	1.154	1.1457	1.15434	1.11473	1.12729	1.12664	1.11676	1.11918	1.12824	1.11538	1.11182	1.11064	1.11414	1.11362	1.11251	1.13498	1.12867	1.12452	1.13214	1.13483	1.13507	1.13757	1.14663	1.13772	1.14803	1.13183	1.14729	1.09367	1.09367	1.09085	1.08838	1.11775	1.10492	1.13075	1.14525	1.13694	1.13211	1.13052	1.13044	1.13859	1.14533	1.13462	1.14146	1.12498	1.14856
ERR608692	0.968378	0.964256	0.961419	0.960772	0.961786	0.958277	0.729639	0.739299	0	0.733827	0.722717	0.76642	1.00409	1.00422	0.985512	0.992655	0.985859	0.984728	0.944634	0.946087	0.944413	0.946344	0.952352	0.944092	0.911086	0.938916	0.910849	0.938331	0.936664	0.914216	1.12353	1.12159	1.13614	1.12161	1.12109	1.13681	1.10483	1.11683	1.11897	1.11996	1.11827	1.10693	0.944623	0.944285	0.943699	0.963757	0.943822	0.960579	1.16976	1.12875	1.1474	1.1454	1.13706	1.14567	1.10412	1.11905	1.11839	1.10642	1.10977	1.12031	1.10539	1.10168	1.10037	1.10415	1.10419	1.10281	1.12527	1.11882	1.11425	1.12163	1.12437	1.12459	1.12856	1.13797	1.1281	1.13988	1.12191	1.13882	1.08354	1.08329	1.08045	1.07769	1.10856	1.09516	1.12126	1.13557	1.12807	1.1226	1.12048	1.12052	1.12938	1.13631	1.12531	1.13227	1.11523	1.14007
ERR608694	0.976423	0.97276	0.970335	0.969926	0.970946	0.967125	0.737748	0.745689	0.733827	0	0.731911	0.768199	1.01326	1.01335	0.995935	1.00284	0.99591	0.99517	0.952237	0.954042	0.952387	0.954308	0.959952	0.952714	0.923661	0.949548	0.92298	0.949039	0.947139	0.925734	1.13215	1.12994	1.14438	1.12968	1.12934	1.14458	1.11255	1.12361	1.12548	1.1264	1.12495	1.11464	0.954081	0.954558	0.95413	0.972034	0.953311	0.968816	1.17562	1.13661	1.15478	1.15248	1.14423	1.15305	1.11257	1.12516	1.1245	1.11454	1.1169	1.1261	1.11364	1.11012	1.10885	1.11226	1.11188	1.11089	1.13335	1.12727	1.1227	1.13065	1.13324	1.13335	1.1362	1.14493	1.13642	1.14645	1.13018	1.14551	1.09193	1.09193	1.08893	1.0866	1.11633	1.10329	1.12926	1.14366	1.13552	1.13061	1.12899	1.12859	1.13732	1.14419	1.13334	1.14016	1.12361	1.14737
ERR608693	0.968105	0.963609	0.960915	0.96028	0.960974	0.957574	0.727533	0.737439	0.722717	0.731911	0	0.764555	1.00343	1.00344	0.984926	0.991796	0.985092	0.983852	0.943611	0.944954	0.943193	0.945396	0.951444	0.942971	0.909734	0.938771	0.909274	0.937945	0.936171	0.912866	1.12188	1.12016	1.1349	1.1198	1.11966	1.13551	1.10338	1.11557	1.11759	1.11874	1.11689	1.10531	0.943373	0.94314	0.942552	0.962643	0.942194	0.959696	1.16842	1.12722	1.14615	1.14402	1.13561	1.14437	1.10312	1.11798	1.11734	1.10548	1.1085	1.11896	1.1042	1.10024	1.09919	1.10285	1.10266	1.10165	1.12366	1.11718	1.1125	1.12025	1.12296	1.12353	1.12705	1.13655	1.12688	1.13852	1.12064	1.1375	1.08215	1.08203	1.07889	1.07631	1.10747	1.09391	1.11969	1.13414	1.12658	1.12111	1.11918	1.11899	1.12778	1.13508	1.12389	1.13072	1.11375	1.13877
ERR608689	0.998398	0.995606	0.994147	0.993717	0.99436	0.99199	0.764435	0.768291	0.76642	0.768199	0.764555	0	1.03861	1.03882	1.02484	1.03045	1.0243	1.02343	0.974849	0.976855	0.975508	0.977263	0.981558	0.976096	0.956665	0.97763	0.955455	0.977369	0.975614	0.957366	1.15313	1.15116	1.16405	1.15069	1.15065	1.164	1.13322	1.14248	1.1436	1.14416	1.14295	1.13464	0.981239	0.982903	0.982654	0.995685	0.980718	0.992708	1.19149	1.15642	1.17416	1.17005	1.16249	1.17213	1.13488	1.14336	1.14302	1.1369	1.1375	1.14462	1.13547	1.13223	1.13095	1.1337	1.13307	1.13245	1.15367	1.14904	1.14534	1.15287	1.15503	1.15548	1.15574	1.16288	1.15664	1.16411	1.15093	1.16366	1.11539	1.11585	1.11306	1.1113	1.13793	1.12622	1.15015	1.16396	1.15479	1.15125	1.15031	1.14945	1.15709	1.16313	1.15313	1.15955	1.14468	1.16566
ERR621981	0.927808	0.922929	0.920653	0.920349	0.921253	0.916673	1.0066	1.01574	1.00409	1.01326	1.00343	1.03861	0	0.799923	0.788383	0.791479	0.788361	0.787341	0.963752	0.964853	0.962962	0.965371	0.971062	0.962301	0.941294	0.970429	0.941179	0.969781	0.968314	0.94524	1.11644	1.11441	1.12985	1.11392	1.1138	1.13042	1.09906	1.11167	1.11461	1.11561	1.11371	1.10148	0.919879	0.91881	0.919096	0.936815	0.919194	0.934889	1.07255	1.05128	1.06065	1.06	1.05618	1.06034	1.10062	1.11608	1.11574	1.10303	1.10539	1.11687	1.09817	1.09377	1.093	1.09684	1.09678	1.09565	1.10917	1.10215	1.09719	1.10486	1.10859	1.10809	1.11844	1.12801	1.11821	1.12995	1.11153	1.12878	1.01968	1.01939	1.0172	1.01606	1.03287	1.02601	1.07639	1.09668	1.08154	1.0768	1.07862	1.0758	1.1211	1.12877	1.11729	1.1242	1.10616	1.13291
ERR621980	0.928171	0.923367	0.920965	0.920863	0.921484	0.917403	1.00652	1.01598	1.00422	1.01335	1.00344	1.03882	0.799923	0	0.788746	0.791473	0.789382	0.78767	0.963938	0.964862	0.963484	0.965634	0.971296	0.962438	0.941864	0.971704	0.941836	0.971443	0.969671	0.946031	1.11581	1.11358	1.12917	1.11303	1.11275	1.12953	1.0987	1.11127	1.1142	1.11527	1.11332	1.10088	0.919956	0.918731	0.919474	0.937919	0.919431	0.935157	1.07149	1.04985	1.05954	1.05882	1.05498	1.05898	1.10117	1.11657	1.11603	1.10365	1.10587	1.11704	1.09721	1.09298	1.09223	1.0963	1.09598	1.09487	1.10786	1.10136	1.09607	1.10426	1.10774	1.10757	1.1173	1.12682	1.11708	1.1289	1.11034	1.12755	1.01891	1.01854	1.01677	1.01536	1.03184	1.02519	1.07548	1.09527	1.08057	1.07581	1.07781	1.07459	1.12001	1.12766	1.11594	1.12336	1.10521	1.13168
ERR621982	0.908666	0.903148	0.900289	0.899959	0.900901	0.895722	0.988479	0.998903	0.985512	0.995935	0.984926	1.02484	0.788383	0.788746	0	0.777572	0.767685	0.765914	0.944582	0.945397	0.943407	0.946163	0.952468	0.942843	0.918085	0.950307	0.918315	0.949253	0.947884	0.922692	1.10204	1.09987	1.11605	1.09954	1.09893	1.11678	1.08452	1.09834	1.10165	1.10292	1.10064	1.08699	0.898162	0.896403	0.896769	0.917798	0.897668	0.915256	1.0694	1.04306	1.05419	1.05399	1.0492	1.05355	1.08566	1.10387	1.10327	1.08814	1.09156	1.10426	1.0836	1.07901	1.0781	1.0822	1.08258	1.08099	1.09501	1.08753	1.08201	1.08986	1.09362	1.09348	1.10439	1.1148	1.10371	1.1169	1.09652	1.1156	1.009	1.00821	1.00612	1.00443	1.02463	1.01624	1.06651	1.08634	1.0726	1.06726	1.06805	1.0657	1.10716	1.11526	1.10297	1.11036	1.09144	1.11993
ERR621979	0.916706	0.911455	0.908909	0.908588	0.909967	0.904212	0.995097	1.00524	0.992655	1.00284	0.991796	1.03045	0.791479	0.791473	0.777572	0	0.778626	0.776863	0.952699	0.95347	0.951415	0.954195	0.960069	0.950513	0.926654	0.958544	0.926821	0.957831	0.956358	0.931547	1.10628	1.10436	1.12041	1.10399	1.10351	1.12098	1.08903	1.10218	1.10564	1.10671	1.10456	1.09125	0.906117	0.904347	0.904897	0.925971	0.906021	0.923119	1.07042	1.04558	1.05593	1.05565	1.05113	1.05511	1.09139	1.10858	1.10777	1.09389	1.09675	1.10892	1.08761	1.08301	1.08217	1.08626	1.08647	1.08517	1.09911	1.09215	1.08656	1.09468	1.09851	1.09837	1.10849	1.11901	1.10818	1.1207	1.10109	1.11955	1.01159	1.01104	1.00869	1.0071	1.02659	1.01859	1.06922	1.08891	1.07509	1.06953	1.07097	1.06836	1.11139	1.1193	1.10714	1.11456	1.09565	1.12376
ERR621983	0.908927	0.904039	0.901086	0.901187	0.9021	0.89652	0.988729	0.999018	0.985859	0.99591	0.985092	1.0243	0.788361	0.789382	0.767685	0.778626	0	0.767287	0.945334	0.946638	0.944388	0.946944	0.953365	0.943783	0.91919	0.951447	0.919321	0.950755	0.949152	0.923842	1.10289	1.10111	1.11729	1.10032	1.10014	1.11792	1.08517	1.09867	1.10185	1.10282	1.10092	1.08762	0.899534	0.897973	0.898539	0.919143	0.899083	0.916357	1.06953	1.04349	1.05485	1.05431	1.04982	1.05416	1.08737	1.10461	1.10407	1.08996	1.09304	1.10521	1.08434	1.07955	1.07846	1.08291	1.08306	1.08168	1.09624	1.08849	1.08329	1.09127	1.09497	1.09506	1.1053	1.11559	1.10455	1.11754	1.09768	1.1164	1.00941	1.00869	1.00644	1.00502	1.02452	1.01638	1.06717	1.08695	1.07293	1.06756	1.06888	1.06637	1.10792	1.11594	1.10363	1.11114	1.09226	1.12041
ERR621984	0.908238	0.903224	0.89988	0.899624	0.900357	0.895384	0.987682	0.997861	0.984728	0.99517	0.983852	1.02343	0.787341	0.78767	0.765914	0.776863	0.767287	0	0.944469	0.94551	0.943414	0.946026	0.952123	0.942548	0.917177	0.949952	0.91744	0.949185	0.947843	0.922066	1.10063	1.09853	1.11508	1.09804	1.09763	1.11542	1.08354	1.09703	1.10032	1.10128	1.09942	1.08592	0.897401	0.896004	0.896599	0.917597	0.89725	0.914778	1.06858	1.04182	1.0533	1.05273	1.04807	1.05247	1.08542	1.1029	1.1023	1.08759	1.09109	1.1034	1.08236	1.07765	1.07673	1.08109	1.08123	1.07962	1.09387	1.08633	1.08091	1.08908	1.09264	1.09257	1.10303	1.11341	1.10253	1.11547	1.09536	1.11431	1.00815	1.0075	1.0052	1.00336	1.02399	1.01562	1.06535	1.08534	1.07113	1.06584	1.06705	1.06452	1.10579	1.11392	1.10185	1.1093	1.08989	1.11857
ERR637065	0.899032	0.893485	0.893117	0.891811	0.892913	0.888318	0.946236	0.955277	0.944634	0.952237	0.943611	0.974849	0.963752	0.963938	0.944582	0.952699	0.945334	0.944469	0	0.806468	0.804861	0.806697	0.811397	0.801948	0.859134	0.89076	0.856507	0.889873	0.887289	0.859937	1.08565	1.08301	1.10053	1.08209	1.08232	1.0999	1.0618	1.07446	1.07627	1.07728	1.07526	1.06436	0.874586	0.876275	0.876126	0.893714	0.873701	0.888296	1.14527	1.10101	1.12306	1.11817	1.10867	1.12089	1.06688	1.07762	1.07787	1.06982	1.07	1.07945	1.06707	1.06346	1.06185	1.06526	1.06351	1.06373	1.0845	1.07792	1.07269	1.0834	1.08653	1.0868	1.08645	1.09631	1.08815	1.09814	1.08035	1.09709	1.05609	1.05717	1.05349	1.05086	1.08423	1.06974	1.09791	1.1151	1.10379	1.09909	1.0982	1.09736	1.08807	1.09594	1.08267	1.09163	1.07126	1.09928
ERR637067	0.901322	0.896291	0.89503	0.893755	0.894845	0.890594	0.948435	0.957298	0.946087	0.954042	0.944954	0.976855	0.964853	0.964862	0.945397	0.95347	0.946638	0.94551	0.806468	0	0.80392	0.806088	0.816891	0.807337	0.860288	0.891015	0.858456	0.890038	0.887759	0.861953	1.08849	1.08597	1.10348	1.08538	1.08532	1.10317	1.06465	1.07783	1.0798	1.08062	1.07879	1.06733	0.876615	0.87811	0.877808	0.89557	0.875961	0.890647	1.14841	1.10448	1.12582	1.12171	1.11208	1.12331	1.06774	1.07985	1.0797	1.07038	1.07152	1.08114	1.06991	1.06616	1.06468	1.06808	1.06664	1.06631	1.08764	1.08087	1.07561	1.08595	1.0891	1.08962	1.08975	1.09991	1.0911	1.10164	1.08343	1.10065	1.05903	1.05946	1.05618	1.05331	1.08658	1.07203	1.10081	1.11781	1.10733	1.10267	1.1011	1.1003	1.09133	1.09928	1.08632	1.09497	1.07467	1.10267
ERR637068	0.899675	0.894573	0.893152	0.89199	0.89271	0.888457	0.946407	0.955577	0.944413	0.952387	0.943193	0.975508	0.962962	0.963484	0.943407	0.951415	0.944388	0.943414	0.804861	0.80392	0	0.803994	0.815352	0.80524	0.858564	0.889776	0.856993	0.88872	0.886602	0.860255	1.08767	1.08527	1.10279	1.0845	1.08474	1.10256	1.06372	1.0768	1.07897	1.07974	1.07805	1.0663	0.875403	0.876996	0.876564	0.894374	0.874786	0.889899	1.14762	1.10352	1.12523	1.12089	1.11136	1.12278	1.0668	1.07867	1.07862	1.06951	1.07077	1.08015	1.06913	1.06508	1.06324	1.06729	1.06577	1.0656	1.08675	1.08018	1.07446	1.0849	1.0879	1.08843	1.08876	1.09898	1.08993	1.10066	1.08218	1.0995	1.05816	1.0586	1.05502	1.05232	1.08587	1.07117	1.10006	1.1173	1.10654	1.10176	1.10054	1.09967	1.09053	1.09871	1.08546	1.09427	1.07397	1.10214
ERR637066	0.901842	0.896107	0.894858	0.894411	0.895242	0.8907	0.948664	0.957488	0.946344	0.954308	0.945396	0.977263	0.965371	0.965634	0.946163	0.954195	0.946944	0.946026	0.806697	0.806088	0.803994	0	0.816135	0.807278	0.860898	0.89132	0.859444	0.89067	0.888558	0.862682	1.08996	1.08747	1.10484	1.08697	1.08705	1.10448	1.06574	1.07841	1.08	1.08107	1.07944	1.06767	0.87732	0.878988	0.878952	0.896095	0.877064	0.89124	1.14919	1.10524	1.12684	1.12259	1.1129	1.12461	1.06968	1.0813	1.08108	1.07224	1.07306	1.08275	1.07128	1.06725	1.06591	1.06944	1.06798	1.06756	1.08883	1.08235	1.07673	1.0872	1.09022	1.09112	1.09089	1.10108	1.09243	1.10258	1.08476	1.10165	1.05967	1.06035	1.05691	1.05413	1.08732	1.07276	1.10206	1.11911	1.10813	1.1035	1.10236	1.10184	1.09252	1.10077	1.08746	1.09612	1.07602	1.10388
ERR637063	0.906701	0.901955	0.90088	0.899977	0.900815	0.8964	0.954283	0.962684	0.952352	0.959952	0.951444	0.981558	0.971062	0.971296	0.952468	0.960069	0.953365	0.952123	0.811397	0.816891	0.815352	0.816135	0	0.812182	0.868166	0.896922	0.866778	0.896405	0.894132	0.869008	1.09533	1.09274	1.10967	1.09198	1.09218	1.10919	1.0703	1.08267	1.08457	1.08533	1.08339	1.0728	0.883753	0.885552	0.884989	0.900756	0.882985	0.895884	1.15301	1.11027	1.13163	1.12707	1.11753	1.12923	1.07415	1.08506	1.08472	1.07663	1.0772	1.08657	1.076	1.07262	1.07081	1.07404	1.07284	1.07251	1.09395	1.08753	1.08227	1.09255	1.09569	1.09607	1.09602	1.10583	1.09724	1.1073	1.08994	1.1064	1.06537	1.06592	1.06241	1.06029	1.09242	1.07813	1.10709	1.12384	1.113	1.10882	1.10755	1.10673	1.09736	1.10553	1.09244	1.10096	1.08157	1.10851
ERR637064	0.89859	0.893617	0.892321	0.891289	0.892307	0.887419	0.94654	0.95545	0.944092	0.952714	0.942971	0.976096	0.962301	0.962438	0.942843	0.950513	0.943783	0.942548	0.801948	0.807337	0.80524	0.807278	0.812182	0	0.856302	0.888378	0.855518	0.887339	0.885033	0.858348	1.0862	1.08386	1.10124	1.08338	1.08312	1.10102	1.06211	1.07525	1.07746	1.0784	1.07643	1.06447	0.874281	0.87474	0.874777	0.892891	0.873089	0.888013	1.14687	1.1024	1.12391	1.11967	1.11016	1.12153	1.06551	1.07825	1.07824	1.06841	1.06949	1.07967	1.06736	1.06335	1.06168	1.06542	1.0643	1.06387	1.08514	1.07833	1.07299	1.08313	1.08641	1.08676	1.08745	1.09808	1.08849	1.09977	1.08065	1.09877	1.05624	1.05679	1.05336	1.05034	1.08429	1.06981	1.09898	1.1156	1.10539	1.10018	1.09898	1.0986	1.08904	1.0975	1.08413	1.0928	1.07268	1.10096
ERR608806	0.885237	0.879276	0.875618	0.874587	0.876295	0.869581	0.915522	0.927375	0.911086	0.923661	0.909734	0.956665	0.941294	0.941864	0.918085	0.926654	0.91919	0.917177	0.859134	0.860288	0.858564	0.860898	0.868166	0.856302	0	0.792713	0.74328	0.791813	0.788689	0.749473	1.05409	1.0519	1.07069	1.05145	1.05062	1.07154	1.033	1.04825	1.05223	1.05384	1.05113	1.03527	0.851975	0.850873	0.850428	0.877218	0.851394	0.872303	1.12322	1.07343	1.09568	1.09388	1.08384	1.0932	1.03024	1.0511	1.04987	1.03332	1.03841	1.05196	1.03464	1.02944	1.02774	1.03326	1.03295	1.03168	1.05573	1.04706	1.041	1.05045	1.05409	1.05435	1.06101	1.0733	1.06033	1.07547	1.05239	1.07447	1.02797	1.02749	1.02365	1.02034	1.05772	1.04134	1.0707	1.08728	1.07864	1.0722	1.06945	1.06992	1.06197	1.07137	1.05696	1.06587	1.04386	1.07673
ERR608810	0.912289	0.908558	0.905053	0.904094	0.905564	0.900305	0.943667	0.952978	0.938916	0.949548	0.938771	0.97763	0.970429	0.971704	0.950307	0.958544	0.951447	0.949952	0.89076	0.891015	0.889776	0.89132	0.896922	0.888378	0.792713	0	0.793294	0.819825	0.817825	0.796991	1.09109	1.08903	1.10576	1.08907	1.08815	1.10627	1.06417	1.07768	1.08172	1.08274	1.08079	1.06651	0.887364	0.886533	0.885908	0.904581	0.88661	0.901752	1.15234	1.10815	1.1273	1.12624	1.11735	1.12526	1.05955	1.07887	1.0776	1.06249	1.06732	1.07915	1.06816	1.06348	1.06214	1.06685	1.06712	1.06578	1.09251	1.0848	1.0792	1.0873	1.09068	1.09058	1.09633	1.10664	1.09533	1.10875	1.08848	1.10789	1.06064	1.05976	1.05647	1.05373	1.08697	1.07226	1.10618	1.12065	1.11348	1.10728	1.10516	1.10563	1.09895	1.10702	1.09458	1.10225	1.08305	1.11209
ERR608807	0.884116	0.878157	0.874941	0.873916	0.87577	0.868861	0.914878	0.92649	0.910849	0.92298	0.909274	0.955455	0.941179	0.941836	0.918315	0.926821	0.919321	0.91744	0.856507	0.858456	0.856993	0.859444	0.866778	0.855518	0.74328	0.793294	0	0.792144	0.78915	0.749204	1.05228	1.05011	1.06905	1.04979	1.04924	1.06959	1.03172	1.04685	1.05019	1.05198	1.0493	1.03417	0.851334	0.850245	0.849835	0.876403	0.850328	0.871554	1.12147	1.0718	1.09436	1.09199	1.08171	1.09176	1.02984	1.04931	1.04824	1.03289	1.03755	1.05003	1.03377	1.02855	1.02689	1.03178	1.03154	1.03045	1.05393	1.04577	1.03957	1.04956	1.05312	1.0534	1.05913	1.07094	1.05878	1.07315	1.05034	1.07184	1.02704	1.02687	1.02314	1.0197	1.05713	1.041	1.06904	1.08609	1.07682	1.07026	1.06831	1.06832	1.06029	1.06933	1.05493	1.06382	1.0421	1.07414
ERR608808	0.911746	0.907145	0.904389	0.903494	0.904435	0.899187	0.943012	0.952084	0.938331	0.949039	0.937945	0.977369	0.969781	0.971443	0.949253	0.957831	0.950755	0.949185	0.889873	0.890038	0.88872	0.89067	0.896405	0.887339	0.791813	0.819825	0.792144	0	0.816414	0.79552	1.09091	1.08893	1.1057	1.08856	1.08794	1.10629	1.06353	1.0771	1.08131	1.0825	1.08029	1.06611	0.886892	0.885577	0.885147	0.903631	0.885869	0.900695	1.15238	1.10802	1.12731	1.12642	1.11758	1.12534	1.05922	1.07903	1.07731	1.06207	1.06711	1.07956	1.06808	1.06331	1.06177	1.06649	1.06694	1.0652	1.09265	1.08475	1.07945	1.08716	1.09055	1.0906	1.09643	1.10692	1.09525	1.10894	1.08843	1.10768	1.06014	1.05916	1.05594	1.05329	1.08642	1.07168	1.10624	1.12079	1.11386	1.10744	1.10528	1.10555	1.09885	1.1068	1.09457	1.10196	1.08284	1.11191
ERR608809	0.910142	0.905903	0.902699	0.901737	0.902903	0.89775	0.941284	0.950165	0.936664	0.947139	0.936171	0.975614	0.968314	0.969671	0.947884	0.956358	0.949152	0.947843	0.887289	0.887759	0.886602	0.888558	0.894132	0.885033	0.788689	0.817825	0.78915	0.816414	0	0.792988	1.08904	1.08694	1.10386	1.08678	1.08602	1.10451	1.06181	1.07527	1.07929	1.08085	1.07847	1.06437	0.884438	0.883138	0.883241	0.901589	0.883922	0.898917	1.1506	1.10613	1.12544	1.12464	1.11539	1.12354	1.05783	1.07723	1.07589	1.06064	1.06564	1.07763	1.06587	1.06105	1.05983	1.06447	1.0649	1.06347	1.09055	1.08253	1.07711	1.08504	1.08854	1.08847	1.09431	1.10504	1.09354	1.10693	1.08655	1.10589	1.05815	1.05719	1.05426	1.05136	1.08488	1.07002	1.10422	1.119	1.11153	1.10535	1.10325	1.10361	1.09672	1.10519	1.09234	1.09985	1.0806	1.10979
ERR608805	0.887274	0.881733	0.878512	0.877157	0.87916	0.87248	0.918322	0.929109	0.914216	0.925734	0.912866	0.957366	0.94524	0.946031	0.922692	0.931547	0.923842	0.922066	0.859937	0.861953	0.860255	0.862682	0.869008	0.858348	0.749473	0.796991	0.749204	0.79552	0.792988	0	1.0586	1.05631	1.07498	1.05599	1.05555	1.07545	1.03661	1.05143	1.05506	1.05637	1.05396	1.0392	0.855945	0.854872	0.854058	0.879267	0.855129	0.874448	1.12621	1.0777	1.09957	1.09738	1.08722	1.09731	1.03495	1.05427	1.05313	1.03798	1.04232	1.05503	1.03898	1.03412	1.03218	1.03745	1.03714	1.03574	1.06048	1.05197	1.04601	1.05578	1.05945	1.05956	1.06504	1.07683	1.065	1.0788	1.05665	1.07775	1.03208	1.03192	1.02826	1.02495	1.06171	1.04563	1.0749	1.09167	1.08252	1.07647	1.07416	1.07418	1.06624	1.07516	1.06097	1.0699	1.04841	1.08008
ERR629698	1.10401	1.09941	1.09801	1.09745	1.09969	1.09303	1.12401	1.13355	1.12353	1.13215	1.12188	1.15313	1.11644	1.11581	1.10204	1.10628	1.10289	1.10063	1.08565	1.08849	1.08767	1.08996	1.09533	1.0862	1.05409	1.09109	1.05228	1.09091	1.08904	1.0586	0	0.786817	0.816076	0.785671	0.785714	0.814466	0.939358	0.956472	0.958763	0.961299	0.957902	0.940593	1.07589	1.07514	1.07472	1.0999	1.0753	1.0948	1.00275	0.939857	0.967525	0.965489	0.950925	0.962537	0.954712	0.973038	0.973572	0.958995	0.961575	0.975933	0.9411	0.936857	0.934509	0.938121	0.938209	0.936888	0.894277	0.883702	0.877175	0.890961	0.895811	0.896275	0.891827	0.904513	0.892257	0.907005	0.883251	0.905236	0.952368	0.952448	0.947818	0.944551	0.985051	0.966896	0.920554	0.94425	0.930054	0.923127	0.921003	0.920296	0.892847	0.903025	0.886176	0.89613	0.8733	0.907714
ERR629702	1.10187	1.09669	1.09564	1.095	1.09733	1.09071	1.12212	1.13169	1.12159	1.12994	1.12016	1.15116	1.11441	1.11358	1.09987	1.10436	1.10111	1.09853	1.08301	1.08597	1.08527	1.08747	1.09274	1.08386	1.0519	1.08903	1.05011	1.08893	1.08694	1.05631	0.786817	0	0.813837	0.780408	0.77782	0.812311	0.93622	0.952947	0.955014	0.95754	0.953799	0.93698	1.07313	1.07257	1.07241	1.09761	1.07256	1.09248	0.999116	0.935546	0.963851	0.961455	0.946745	0.959407	0.952507	0.970403	0.970652	0.956545	0.959412	0.973283	0.937794	0.933451	0.930818	0.935047	0.934202	0.933327	0.890338	0.880087	0.873161	0.887489	0.892256	0.892696	0.887224	0.899891	0.888228	0.902192	0.878685	0.900173	0.9491	0.949485	0.944712	0.941611	0.982236	0.963628	0.916286	0.941146	0.925939	0.919883	0.917303	0.916269	0.888512	0.899086	0.881378	0.891832	0.868996	0.903413
ERR629700	1.11754	1.11315	1.11197	1.11143	1.11385	1.10711	1.13684	1.1457	1.13614	1.14438	1.1349	1.16405	1.12985	1.12917	1.11605	1.12041	1.11729	1.11508	1.10053	1.10348	1.10279	1.10484	1.10967	1.10124	1.07069	1.10576	1.06905	1.1057	1.10386	1.07498	0.816076	0.813837	0	0.813401	0.813411	0.838846	0.957816	0.972954	0.974409	0.977187	0.974125	0.958663	1.09117	1.09064	1.09041	1.1141	1.09053	1.10946	1.01646	0.95772	0.983776	0.981599	0.968213	0.979318	0.975263	0.991828	0.992248	0.97935	0.981561	0.994703	0.95918	0.955675	0.953115	0.956592	0.956336	0.955422	0.917375	0.90762	0.901923	0.914805	0.919052	0.919285	0.913985	0.9257	0.914735	0.927889	0.906502	0.926349	0.970385	0.971056	0.966283	0.963796	1.00055	0.983327	0.939753	0.961834	0.948285	0.942606	0.940503	0.940019	0.914277	0.923311	0.907999	0.917114	0.897154	0.927467
ERR629703	1.10107	1.09632	1.0952	1.09452	1.09701	1.09017	1.12181	1.13155	1.12161	1.12968	1.1198	1.15069	1.11392	1.11303	1.09954	1.10399	1.10032	1.09804	1.08209	1.08538	1.0845	1.08697	1.09198	1.08338	1.05145	1.08907	1.04979	1.08856	1.08678	1.05599	0.785671	0.780408	0.813401	0	0.779388	0.81093	0.935058	0.951912	0.95332	0.956316	0.952687	0.93596	1.07287	1.072	1.0719	1.09714	1.07197	1.09167	0.99824	0.934611	0.96333	0.960687	0.945884	0.958176	0.9522	0.969244	0.969817	0.956471	0.958525	0.972341	0.936691	0.932214	0.929521	0.9334	0.932954	0.931807	0.88974	0.879324	0.872611	0.886916	0.891551	0.892515	0.886006	0.89885	0.886979	0.90101	0.877723	0.899107	0.947561	0.948192	0.943281	0.940324	0.981166	0.962553	0.915308	0.940933	0.924645	0.918491	0.916765	0.91556	0.887964	0.898109	0.88067	0.891104	0.868285	0.902381
ERR629701	1.10127	1.09627	1.0949	1.09442	1.09676	1.08974	1.12131	1.1312	1.12109	1.12934	1.11966	1.15065	1.1138	1.11275	1.09893	1.10351	1.10014	1.09763	1.08232	1.08532	1.08474	1.08705	1.09218	1.08312	1.05062	1.08815	1.04924	1.08794	1.08602	1.05555	0.785714	0.77782	0.813411	0.779388	0	0.811686	0.935373	0.951952	0.954144	0.956771	0.953478	0.93618	1.07239	1.07158	1.07144	1.09674	1.07159	1.09154	0.998811	0.935074	0.963416	0.961092	0.946432	0.95867	0.950995	0.969267	0.969678	0.955498	0.957728	0.972042	0.936381	0.931884	0.92937	0.933668	0.933411	0.932268	0.889244	0.878941	0.872094	0.886373	0.891005	0.891685	0.886439	0.898949	0.886606	0.901367	0.877713	0.899644	0.947937	0.948226	0.943293	0.940375	0.981537	0.962312	0.915551	0.940488	0.924911	0.918738	0.916762	0.915691	0.887691	0.898129	0.880564	0.890913	0.868275	0.90268
ERR629699	1.11764	1.11303	1.11204	1.11146	1.11399	1.10732	1.13731	1.14632	1.13681	1.14458	1.13551	1.164	1.13042	1.12953	1.11678	1.12098	1.11792	1.11542	1.0999	1.10317	1.10256	1.10448	1.10919	1.10102	1.07154	1.10627	1.06959	1.10629	1.10451	1.07545	0.814466	0.812311	0.838846	0.81093	0.811686	0	0.957752	0.972016	0.973677	0.975799	0.972556	0.958472	1.09144	1.09113	1.09077	1.11434	1.09077	1.10893	1.01494	0.957084	0.983544	0.980627	0.967277	0.979095	0.975842	0.990457	0.990936	0.979665	0.981242	0.993417	0.958597	0.955132	0.952553	0.956185	0.955334	0.954793	0.915199	0.906512	0.900273	0.91357	0.917712	0.918104	0.91279	0.923246	0.913736	0.925373	0.905694	0.923997	0.970789	0.971457	0.966853	0.964387	1.00104	0.983987	0.938403	0.961505	0.946652	0.941898	0.939749	0.93868	0.912833	0.921888	0.906534	0.915988	0.896096	0.92521
ERR629916	1.07974	1.07597	1.07475	1.07416	1.07613	1.06981	1.10547	1.11418	1.10483	1.11255	1.10338	1.13322	1.09906	1.0987	1.08452	1.08903	1.08517	1.08354	1.0618	1.06465	1.06372	1.06574	1.0703	1.06211	1.033	1.06417	1.03172	1.06353	1.06181	1.03661	0.939358	0.93622	0.957816	0.935058	0.935373	0.957752	0	0.82876	0.83507	0.837927	0.834098	0.809845	1.05211	1.05125	1.05096	1.07103	1.05153	1.06637	1.03932	0.984178	1.00806	1.00686	0.994262	1.00427	0.977426	0.995519	0.996116	0.981156	0.984761	0.998038	0.911542	0.906056	0.903109	0.908454	0.908267	0.906391	0.944844	0.935211	0.928377	0.940976	0.945449	0.945378	0.940118	0.954323	0.940333	0.956837	0.929828	0.955432	0.924713	0.924611	0.920473	0.916848	0.959558	0.940145	0.97716	0.996448	0.985432	0.97913	0.976264	0.976424	0.961055	0.972091	0.954296	0.965322	0.939999	0.977343
ERR629917	1.09185	1.08808	1.0873	1.08674	1.08855	1.08296	1.11727	1.12492	1.11683	1.12361	1.11557	1.14248	1.11167	1.11127	1.09834	1.10218	1.09867	1.09703	1.07446	1.07783	1.0768	1.07841	1.08267	1.07525	1.04825	1.07768	1.04685	1.0771	1.07527	1.05143	0.956472	0.952947	0.972954	0.951912	0.951952	0.972016	0.82876	0	0.851375	0.854222	0.850446	0.830526	1.06622	1.06584	1.06594	1.08405	1.06614	1.07971	1.05044	0.999358	1.02217	1.01967	1.00811	1.01848	0.994913	1.00937	1.00984	0.99795	1.00086	1.01179	0.928545	0.923899	0.921061	0.925264	0.924699	0.922853	0.961725	0.95351	0.947608	0.959689	0.962856	0.963957	0.956522	0.969461	0.957979	0.971116	0.948139	0.970112	0.942636	0.943588	0.939296	0.936827	0.975649	0.957789	0.991647	1.01053	0.998901	0.993889	0.991413	0.991205	0.976149	0.986259	0.969323	0.980084	0.956459	0.990663
ERR629921	1.09402	1.09007	1.08985	1.08881	1.09096	1.08523	1.11937	1.12728	1.11897	1.12548	1.11759	1.1436	1.11461	1.1142	1.10165	1.10564	1.10185	1.10032	1.07627	1.0798	1.07897	1.08	1.08457	1.07746	1.05223	1.08172	1.05019	1.08131	1.07929	1.05506	0.958763	0.955014	0.974409	0.95332	0.954144	0.973677	0.83507	0.851375	0	0.852701	0.849307	0.836877	1.06889	1.06947	1.06924	1.08677	1.06885	1.08213	1.0506	1.00054	1.02397	1.02053	1.009	1.02073	0.999553	1.01111	1.01221	1.00265	1.00421	1.01372	0.931709	0.927452	0.924443	0.928265	0.927579	0.925944	0.963788	0.956206	0.950918	0.963166	0.96693	0.967487	0.95858	0.970504	0.960885	0.972309	0.950884	0.97156	0.94671	0.947564	0.942918	0.941434	0.978699	0.961078	0.993337	1.01286	1.00004	0.995647	0.993647	0.992883	0.977894	0.987427	0.970625	0.981653	0.958506	0.991241
ERR629920	1.09496	1.09105	1.09079	1.09007	1.09192	1.08636	1.12008	1.12805	1.11996	1.1264	1.11874	1.14416	1.11561	1.11527	1.10292	1.10671	1.10282	1.10128	1.07728	1.08062	1.07974	1.08107	1.08533	1.0784	1.05384	1.08274	1.05198	1.0825	1.08085	1.05637	0.961299	0.95754	0.977187	0.956316	0.956771	0.975799	0.837927	0.854222	0.852701	0	0.851802	0.839249	1.07045	1.07095	1.07051	1.08794	1.07	1.08319	1.05236	1.00262	1.02585	1.022	1.01091	1.02281	1.00212	1.01343	1.0144	1.00482	1.00634	1.01624	0.933564	0.929665	0.926259	0.930038	0.929516	0.92799	0.966475	0.958719	0.953258	0.965658	0.968882	0.969585	0.96074	0.972545	0.962837	0.974444	0.952905	0.973526	0.948389	0.94975	0.945275	0.943254	0.980301	0.963299	0.994983	1.015	1.00174	0.997326	0.995333	0.994636	0.980489	0.990007	0.973381	0.984352	0.961294	0.993396
ERR629919	1.09318	1.08916	1.08882	1.08781	1.08988	1.08434	1.11866	1.12639	1.11827	1.12495	1.11689	1.14295	1.11371	1.11332	1.10064	1.10456	1.10092	1.09942	1.07526	1.07879	1.07805	1.07944	1.08339	1.07643	1.05113	1.08079	1.0493	1.08029	1.07847	1.05396	0.957902	0.953799	0.974125	0.952687	0.953478	0.972556	0.834098	0.850446	0.849307	0.851802	0	0.835825	1.06797	1.06836	1.06784	1.0859	1.06769	1.08133	1.05006	0.999503	1.0229	1.01987	1.00846	1.01988	0.998712	1.01068	1.01232	1.00156	1.00312	1.01342	0.930173	0.926093	0.92277	0.9266	0.926081	0.924676	0.962481	0.954903	0.949448	0.96177	0.965072	0.966049	0.957355	0.969834	0.959714	0.971874	0.949963	0.970942	0.945949	0.946931	0.942045	0.940544	0.977724	0.960546	0.992123	1.01219	0.998902	0.994375	0.992286	0.992012	0.976678	0.986434	0.969821	0.98058	0.957306	0.990057
ERR629918	1.08227	1.07825	1.07707	1.07667	1.07837	1.07229	1.10712	1.11579	1.10693	1.11464	1.10531	1.13464	1.10148	1.10088	1.08699	1.09125	1.08762	1.08592	1.06436	1.06733	1.0663	1.06767	1.0728	1.06447	1.03527	1.06651	1.03417	1.06611	1.06437	1.0392	0.940593	0.93698	0.958663	0.93596	0.93618	0.958472	0.809845	0.830526	0.836877	0.839249	0.835825	0	1.05478	1.05409	1.05391	1.07383	1.05434	1.0695	1.04018	0.985445	1.00909	1.00797	0.995345	1.00594	0.97917	0.997338	0.997964	0.982767	0.98665	0.999441	0.912394	0.907179	0.904298	0.90959	0.909362	0.907364	0.945925	0.936783	0.93008	0.942382	0.946346	0.947032	0.941411	0.956093	0.942078	0.957914	0.931669	0.956871	0.926365	0.926746	0.922427	0.918867	0.961435	0.941896	0.977907	0.997435	0.986614	0.980358	0.977134	0.977375	0.962229	0.972935	0.955603	0.966402	0.941099	0.978634
ERR607785	0.85566	0.850153	0.848317	0.846837	0.849554	0.842504	0.947353	0.957469	0.944623	0.954081	0.943373	0.981239	0.919879	0.919956	0.898162	0.906117	0.899534	0.897401	0.874586	0.876615	0.875403	0.87732	0.883753	0.874281	0.851975	0.887364	0.851334	0.886892	0.884438	0.855945	1.07589	1.07313	1.09117	1.07287	1.07239	1.09144	1.05211	1.06622	1.06889	1.07045	1.06797	1.05478	0	0.763606	0.763592	0.788289	0.760888	0.78532	1.13745	1.09104	1.11314	1.10992	1.09968	1.11096	1.05718	1.07216	1.07179	1.06034	1.06254	1.0733	1.05339	1.04853	1.04725	1.0517	1.05058	1.0499	1.07571	1.06832	1.06275	1.07256	1.07636	1.07646	1.0784	1.08923	1.07937	1.09131	1.07148	1.09008	1.04265	1.04287	1.03912	1.03604	1.0711	1.05619	1.0883	1.10528	1.09556	1.08999	1.08823	1.08814	1.08131	1.08978	1.07653	1.08491	1.06409	1.09397
ERR607781	0.85691	0.851372	0.848925	0.847609	0.849784	0.842586	0.94699	0.957693	0.944285	0.954558	0.94314	0.982903	0.91881	0.918731	0.896403	0.904347	0.897973	0.896004	0.876275	0.87811	0.876996	0.878988	0.885552	0.87474	0.850873	0.886533	0.850245	0.885577	0.883138	0.854872	1.07514	1.07257	1.09064	1.072	1.07158	1.09113	1.05125	1.06584	1.06947	1.07095	1.06836	1.05409	0.763606	0	0.759561	0.790929	0.762969	0.783867	1.13763	1.09079	1.11217	1.10981	1.09981	1.10997	1.05478	1.07188	1.07123	1.05805	1.06088	1.073	1.05223	1.0473	1.04619	1.05074	1.04978	1.04921	1.07523	1.06731	1.06144	1.07113	1.07477	1.07476	1.0782	1.08943	1.07816	1.09137	1.0705	1.09018	1.04119	1.04125	1.03785	1.03452	1.07032	1.05492	1.08807	1.10399	1.0952	1.08941	1.08738	1.08718	1.08067	1.08942	1.07635	1.08426	1.06356	1.09402
ERR607783	0.856753	0.851283	0.848597	0.847435	0.849763	0.842689	0.946232	0.957176	0.943699	0.95413	0.942552	0.982654	0.919096	0.919474	0.896769	0.904897	0.898539	0.896599	0.876126	0.877808	0.876564	0.878952	0.884989	0.874777	0.850428	0.885908	0.849835	0.885147	0.883241	0.854058	1.07472	1.07241	1.09041	1.0719	1.07144	1.09077	1.05096	1.06594	1.06924	1.07051	1.06784	1.05391	0.763592	0.759561	0	0.790826	0.762935	0.783903	1.13762	1.09077	1.1123	1.10974	1.09979	1.11007	1.05468	1.0719	1.07119	1.05766	1.0609	1.07316	1.05225	1.04755	1.04605	1.05064	1.04984	1.04906	1.07486	1.06684	1.06095	1.07087	1.07416	1.07447	1.0781	1.08934	1.0779	1.09143	1.07019	1.09007	1.0415	1.04128	1.03776	1.03428	1.07019	1.05478	1.08749	1.10383	1.09542	1.08927	1.08703	1.08705	1.08081	1.08945	1.07614	1.08409	1.06359	1.09379
ERR607784	0.872986	0.868261	0.867118	0.865356	0.867468	0.8621	0.966013	0.975136	0.963757	0.972034	0.962643	0.995685	0.936815	0.937919	0.917798	0.925971	0.919143	0.917597	0.893714	0.89557	0.894374	0.896095	0.900756	0.892891	0.877218	0.904581	0.876403	0.903631	0.901589	0.879267	1.0999	1.09761	1.1141	1.09714	1.09674	1.11434	1.07103	1.08405	1.08677	1.08794	1.0859	1.07383	0.788289	0.790929	0.790826	0	0.787991	0.805602	1.15664	1.1137	1.13412	1.13091	1.12184	1.1318	1.07908	1.09295	1.09263	1.08178	1.08406	1.09417	1.07481	1.07071	1.0691	1.07327	1.07246	1.07153	1.0999	1.09302	1.0878	1.09692	1.09999	1.10026	1.10232	1.11215	1.10268	1.11349	1.09546	1.11274	1.06287	1.06291	1.05942	1.0567	1.08922	1.07501	1.1115	1.12668	1.11819	1.11295	1.1114	1.11088	1.10479	1.11266	1.10058	1.10819	1.08913	1.1165
ERR607786	0.855659	0.849759	0.847784	0.846434	0.848701	0.842227	0.94623	0.956733	0.943822	0.953311	0.942194	0.980718	0.919194	0.919431	0.897668	0.906021	0.899083	0.89725	0.873701	0.875961	0.874786	0.877064	0.882985	0.873089	0.851394	0.88661	0.850328	0.885869	0.883922	0.855129	1.0753	1.07256	1.09053	1.07197	1.07159	1.09077	1.05153	1.06614	1.06885	1.07	1.06769	1.05434	0.760888	0.762969	0.762935	0.787991	0	0.785656	1.13704	1.09068	1.11229	1.10939	1.09932	1.11005	1.05621	1.07161	1.07115	1.05929	1.06179	1.07303	1.0528	1.04796	1.0468	1.0512	1.05011	1.04961	1.07519	1.06756	1.06186	1.07165	1.07529	1.07548	1.0782	1.08868	1.07852	1.09076	1.07073	1.08955	1.04217	1.04244	1.03856	1.03556	1.07075	1.05591	1.0877	1.10429	1.09501	1.08933	1.08744	1.08717	1.08071	1.08908	1.07565	1.08434	1.06345	1.09331
ERR607782	0.869639	0.864911	0.863963	0.862618	0.864452	0.858711	0.962598	0.971604	0.960579	0.968816	0.959696	0.992708	0.934889	0.935157	0.915256	0.923119	0.916357	0.914778	0.888296	0.890647	0.889899	0.89124	0.895884	0.888013	0.872303	0.901752	0.871554	0.900695	0.898917	0.874448	1.0948	1.09248	1.10946	1.09167	1.09154	1.10893	1.06637	1.07971	1.08213	1.08319	1.08133	1.0695	0.78532	0.783867	0.783903	0.805602	0.785656	0	1.15224	1.10894	1.12979	1.12612	1.11674	1.12741	1.07542	1.08814	1.08805	1.07806	1.07964	1.08955	1.07009	1.0659	1.06441	1.06853	1.06725	1.06677	1.09487	1.08779	1.08259	1.09218	1.09536	1.09567	1.09671	1.10657	1.09772	1.10825	1.09003	1.10703	1.0585	1.05895	1.05541	1.05265	1.08568	1.07151	1.10671	1.12255	1.11294	1.10807	1.10638	1.10609	1.09976	1.10765	1.09523	1.10306	1.08381	1.1112
