	ERR617660	ERR617657	ERR617656	ERR617659	ERR617658	ERR617655	ERR609045	ERR609050	ERR609049	ERR609047	ERR609048	ERR609046	ERR613974	ERR613977	ERR613972	ERR613975	ERR613973	ERR613976	ERR608936	ERR608932	ERR608935	ERR608934	ERR608931	ERR608933	ERR612225	ERR612224	ERR612221	ERR612223	ERR612226	ERR612222	ERR618587	ERR618589	ERR618588	ERR618586	ERR618590	ERR618585	ERR608806	ERR608810	ERR608807	ERR608808	ERR608809	ERR608805	ERR613454	ERR613449	ERR613451	ERR613450	ERR613453	ERR613452	ERR618617	ERR618620	ERR618615	ERR618616	ERR618618	ERR618619	ERR609253	ERR609257	ERR609258	ERR609255	ERR609256	ERR609254	ERR611301	ERR611302	ERR611300	ERR611299	ERR611297	ERR611298	ERR616833	ERR616831	ERR616832	ERR616829	ERR616830	ERR616834	ERR617033	ERR617037	ERR617038	ERR617036	ERR617034	ERR617035	ERR617439	ERR617441	ERR617440	ERR617444	ERR617443	ERR617442	ERR614999	ERR614998	ERR614996	ERR614995	ERR614994	ERR614997	ERR630147	ERR630150	ERR630146	ERR630148	ERR630149	ERR630151
ERR617660	0	0.815526	0.886486	0.760193	0.759159	0.769509	0.969739	0.904883	0.906064	0.894568	0.901033	0.908048	0.900553	0.86742	0.870256	0.885087	0.882793	0.884705	0.911409	0.886716	0.910178	0.908104	0.917803	0.879231	0.977267	0.95296	0.927222	0.931398	0.955142	0.932513	0.871259	0.881911	0.874634	0.873786	0.88204	0.866964	0.826992	0.870069	0.825489	0.869582	0.866743	0.830832	0.906596	0.888283	0.888579	0.889084	0.906528	0.904441	1.04948	1.05967	1.04444	1.05203	1.05306	1.05976	1.05409	1.05217	1.05365	1.05743	1.07219	1.05483	1.0641	1.06475	1.06395	1.04318	1.04533	1.05142	1.08036	1.06063	1.08141	1.06803	1.06867	1.07939	1.07495	1.08531	1.08395	1.08386	1.07304	1.07072	1.06853	1.06573	1.06731	1.06042	1.05424	1.05526	1.04916	1.05107	1.06703	1.06374	1.06555	1.04974	1.06237	1.07092	1.05346	1.057	1.08906	1.07063
ERR617657	0.815526	0	0.910645	0.814238	0.813503	0.81528	1.00143	0.945296	0.946379	0.935693	0.940133	0.947127	0.92936	0.902528	0.90451	0.915516	0.914132	0.915804	0.947991	0.928971	0.947203	0.945438	0.954528	0.922775	1.00959	0.989048	0.968915	0.972351	0.991385	0.973479	0.914935	0.922386	0.916858	0.917231	0.922629	0.911059	0.869513	0.901665	0.868667	0.90119	0.899549	0.872264	0.947313	0.933175	0.933347	0.933911	0.947291	0.945201	1.0828	1.09135	1.0784	1.08542	1.0851	1.09139	1.08676	1.08539	1.08693	1.09039	1.10295	1.08791	1.09354	1.09413	1.09329	1.07527	1.07748	1.08256	1.11393	1.09527	1.11433	1.10203	1.10244	1.11277	1.1075	1.11732	1.11646	1.11608	1.1052	1.10306	1.09925	1.09579	1.09734	1.09177	1.08595	1.0866	1.085	1.08668	1.10111	1.09811	1.10016	1.08559	1.09689	1.10486	1.08864	1.0918	1.12101	1.10478
ERR617656	0.886486	0.910645	0	0.885283	0.885489	0.893792	1.03528	0.998738	0.999301	0.994949	0.997094	0.999424	0.977185	0.963531	0.965644	0.974469	0.971804	0.974448	1.00078	0.986289	1.00055	0.99926	0.997169	0.983824	1.05716	1.04167	1.02762	1.02815	1.04352	1.02808	0.978386	0.988756	0.984098	0.979067	0.988709	0.97673	0.941306	0.964015	0.939385	0.964387	0.962556	0.940783	1.00261	0.98977	0.989671	0.990136	1.0026	1.00109	1.12862	1.13807	1.1254	1.12997	1.13293	1.13844	1.13752	1.13505	1.13567	1.13676	1.15143	1.13719	1.14203	1.14281	1.14209	1.12899	1.12923	1.135	1.15104	1.13886	1.15155	1.14286	1.1447	1.15045	1.1514	1.15669	1.15487	1.15565	1.15155	1.15017	1.14393	1.14436	1.14528	1.13906	1.13705	1.13736	1.12902	1.13026	1.14249	1.1388	1.14006	1.12942	1.13815	1.14189	1.13271	1.13491	1.15528	1.14166
ERR617659	0.760193	0.814238	0.885283	0	0.757199	0.767075	0.968273	0.902642	0.903883	0.892129	0.898386	0.905852	0.898099	0.864887	0.867888	0.883074	0.880442	0.883059	0.909972	0.884854	0.908686	0.906743	0.915995	0.877345	0.975654	0.950754	0.925533	0.92934	0.953538	0.930307	0.869948	0.88082	0.873203	0.872555	0.880997	0.864894	0.824901	0.868111	0.823274	0.867781	0.864834	0.828849	0.904267	0.885533	0.886067	0.886654	0.904216	0.901895	1.04786	1.05814	1.04292	1.05017	1.05098	1.05803	1.0528	1.05076	1.05233	1.0559	1.07098	1.05332	1.06344	1.06403	1.0633	1.04235	1.04468	1.05067	1.07916	1.05913	1.08006	1.06631	1.06731	1.07797	1.07426	1.08411	1.08301	1.08263	1.07194	1.06939	1.06726	1.06462	1.06604	1.05917	1.05324	1.05402	1.04766	1.04983	1.06572	1.06216	1.06443	1.04847	1.06088	1.06926	1.05186	1.0553	1.08783	1.06888
ERR617658	0.759159	0.813503	0.885489	0.757199	0	0.76651	0.967667	0.902143	0.903339	0.891336	0.898004	0.904981	0.897655	0.864209	0.867346	0.881909	0.879794	0.881921	0.909257	0.884278	0.908045	0.906026	0.915713	0.876478	0.974727	0.950124	0.924729	0.928581	0.952309	0.929667	0.868785	0.8793	0.871749	0.87154	0.87995	0.863957	0.823951	0.867029	0.822349	0.866566	0.863841	0.82775	0.903895	0.885365	0.885949	0.886118	0.903798	0.901399	1.04738	1.05763	1.04252	1.04967	1.05038	1.05736	1.05174	1.05	1.05123	1.05537	1.07013	1.05255	1.06183	1.06231	1.06168	1.04063	1.04303	1.04896	1.07852	1.05831	1.07944	1.06571	1.06688	1.07784	1.07322	1.08363	1.0823	1.08174	1.07073	1.06839	1.06628	1.06317	1.06487	1.05811	1.05179	1.05266	1.04725	1.04925	1.06543	1.06177	1.0636	1.04797	1.06009	1.06887	1.05115	1.0547	1.08738	1.0686
ERR617655	0.769509	0.81528	0.893792	0.767075	0.76651	0	0.976927	0.908918	0.910601	0.896824	0.903342	0.912276	0.902224	0.866297	0.868291	0.882021	0.881644	0.882438	0.913538	0.889901	0.911899	0.910281	0.924285	0.880619	0.979011	0.954706	0.928733	0.933856	0.957042	0.935847	0.871953	0.879687	0.872484	0.876139	0.879845	0.867581	0.824143	0.866108	0.824313	0.865802	0.863662	0.829339	0.909204	0.892743	0.893511	0.893659	0.908955	0.907008	1.05084	1.05904	1.04567	1.05403	1.05252	1.05916	1.05147	1.05068	1.05246	1.05748	1.06937	1.05326	1.06091	1.0615	1.06069	1.03867	1.04215	1.04701	1.08496	1.06299	1.0859	1.0711	1.0708	1.08367	1.07591	1.08792	1.08736	1.08623	1.07191	1.06926	1.06815	1.06333	1.06487	1.05926	1.05084	1.05198	1.05208	1.05415	1.07019	1.06719	1.06974	1.05253	1.066	1.07628	1.0564	1.06	1.09447	1.07602
ERR609045	0.969739	1.00143	1.03528	0.968273	0.967667	0.976927	0	0.87056	0.871513	0.865436	0.870407	0.869852	0.997378	0.982193	0.984414	0.996082	0.991101	0.994945	0.977034	0.959245	0.9757	0.974297	0.971367	0.956988	1.02322	1.00689	0.994012	0.993963	1.00892	0.993506	0.965885	0.979173	0.971896	0.96632	0.978602	0.963062	0.965492	0.991612	0.962788	0.991475	0.989521	0.965702	0.976579	0.961784	0.9626	0.962254	0.976248	0.97513	1.10493	1.11563	1.10138	1.10602	1.11051	1.11621	1.11552	1.11263	1.11367	1.11485	1.13077	1.11515	1.1375	1.1383	1.13749	1.12369	1.12355	1.1297	1.13577	1.12269	1.1361	1.12711	1.12943	1.13521	1.13475	1.14018	1.13858	1.13924	1.13505	1.13345	1.12824	1.12901	1.13047	1.12307	1.12109	1.12182	1.11222	1.11377	1.12674	1.12327	1.12432	1.11294	1.1211	1.12517	1.115	1.11772	1.13987	1.12476
ERR609050	0.904883	0.945296	0.998738	0.902642	0.902143	0.908918	0.87056	0	0.800465	0.793621	0.797201	0.807131	0.945024	0.920352	0.923406	0.937645	0.933321	0.936672	0.922193	0.898316	0.920509	0.918727	0.924444	0.892778	0.976723	0.954206	0.933703	0.936726	0.956469	0.936158	0.900569	0.913819	0.90508	0.902003	0.913916	0.895695	0.894447	0.930158	0.892507	0.929737	0.927538	0.897207	0.913747	0.895606	0.896625	0.89596	0.913026	0.911236	1.0548	1.06568	1.04982	1.05626	1.0594	1.06636	1.06193	1.05926	1.06073	1.064	1.07936	1.06193	1.09127	1.09195	1.09103	1.0726	1.07343	1.07986	1.09235	1.07432	1.09325	1.08093	1.08203	1.09144	1.08743	1.09613	1.09482	1.09494	1.086	1.08359	1.08141	1.08012	1.08241	1.07419	1.0706	1.07126	1.06294	1.06472	1.0801	1.07651	1.07846	1.06345	1.07323	1.08109	1.06477	1.0684	1.09884	1.08103
ERR609049	0.906064	0.946379	0.999301	0.903883	0.903339	0.910601	0.871513	0.800465	0	0.794685	0.798519	0.808324	0.946129	0.921245	0.924216	0.938378	0.934291	0.937709	0.922485	0.89866	0.920684	0.919165	0.924519	0.893277	0.97715	0.954947	0.934644	0.937696	0.957306	0.93754	0.901556	0.914657	0.905799	0.903085	0.914477	0.896858	0.895768	0.93113	0.894014	0.930694	0.928138	0.89844	0.914594	0.896637	0.89775	0.897065	0.9137	0.912367	1.05572	1.0668	1.05101	1.05704	1.0606	1.06726	1.06304	1.06078	1.06189	1.06507	1.08088	1.06322	1.09197	1.09279	1.09182	1.07382	1.07477	1.08113	1.09373	1.07553	1.09417	1.08201	1.08355	1.09267	1.08885	1.0972	1.09619	1.09618	1.08751	1.08526	1.0825	1.08137	1.08329	1.07553	1.07179	1.0723	1.06419	1.06591	1.08132	1.07781	1.07977	1.065	1.07457	1.08194	1.06588	1.06961	1.10002	1.08217
ERR609047	0.894568	0.935693	0.994949	0.892129	0.891336	0.896824	0.865436	0.793621	0.794685	0	0.788942	0.794288	0.937081	0.909169	0.911825	0.926235	0.922421	0.925487	0.913087	0.888306	0.911179	0.909637	0.918401	0.88159	0.969609	0.946573	0.924132	0.927995	0.948491	0.927722	0.889166	0.901073	0.892155	0.891292	0.900825	0.884318	0.880811	0.918095	0.87901	0.917293	0.915276	0.884341	0.903974	0.886	0.887008	0.8865	0.903217	0.901542	1.04661	1.05718	1.04185	1.04883	1.05065	1.05776	1.05252	1.05036	1.05192	1.05571	1.07029	1.05317	1.08179	1.08284	1.08142	1.06204	1.06382	1.0697	1.087	1.06685	1.08759	1.07393	1.07468	1.08619	1.07989	1.08967	1.08913	1.08852	1.07731	1.07477	1.07315	1.07099	1.07284	1.0657	1.06039	1.06125	1.0558	1.05774	1.07361	1.07038	1.07246	1.05659	1.06688	1.07606	1.05761	1.06148	1.09398	1.07537
ERR609048	0.901033	0.940133	0.997094	0.898386	0.898004	0.903342	0.870407	0.797201	0.798519	0.788942	0	0.804238	0.941401	0.915115	0.917441	0.931154	0.927433	0.930639	0.918534	0.894718	0.916456	0.914762	0.922135	0.888284	0.974302	0.951418	0.930645	0.933591	0.953764	0.933821	0.895856	0.908046	0.899524	0.897688	0.907577	0.89131	0.888523	0.92439	0.887188	0.923645	0.92155	0.891958	0.910487	0.893189	0.893712	0.893838	0.909608	0.908277	1.053	1.06349	1.04816	1.05518	1.05729	1.06393	1.05984	1.05787	1.05914	1.06268	1.0774	1.06033	1.08744	1.08848	1.08722	1.06867	1.07021	1.076	1.09316	1.07394	1.09355	1.08079	1.08187	1.0922	1.08647	1.09617	1.09519	1.09472	1.08467	1.08217	1.07936	1.0776	1.07941	1.07216	1.06716	1.06809	1.06263	1.06434	1.08005	1.07661	1.0786	1.06322	1.07364	1.08191	1.06498	1.06827	1.09967	1.0817
ERR609046	0.908048	0.947127	0.999424	0.905852	0.904981	0.912276	0.869852	0.807131	0.808324	0.794288	0.804238	0	0.947183	0.922788	0.925291	0.939647	0.934946	0.938694	0.925052	0.90169	0.923395	0.921739	0.926706	0.896303	0.979724	0.957612	0.937847	0.940402	0.959886	0.939987	0.903868	0.916772	0.90823	0.905426	0.916741	0.899475	0.897163	0.932106	0.895481	0.931819	0.929736	0.900174	0.917259	0.900151	0.900815	0.900502	0.916769	0.915406	1.05866	1.06933	1.05376	1.05998	1.06331	1.06996	1.06612	1.06368	1.06484	1.06765	1.0835	1.0659	1.09395	1.09481	1.0938	1.07614	1.07671	1.08279	1.09643	1.07845	1.09728	1.08485	1.08624	1.09571	1.09132	1.09953	1.09861	1.09872	1.08961	1.0876	1.08486	1.08381	1.08513	1.07757	1.07369	1.0745	1.06714	1.06891	1.08436	1.08078	1.08259	1.06759	1.0778	1.08511	1.06918	1.07297	1.10278	1.0851
ERR613974	0.900553	0.92936	0.977185	0.898099	0.897655	0.902224	0.997378	0.945024	0.946129	0.937081	0.941401	0.947183	0	0.814394	0.813657	0.829111	0.823786	0.829439	0.952675	0.934124	0.951572	0.949931	0.956226	0.929466	0.987715	0.967804	0.951552	0.954215	0.970304	0.954498	0.926268	0.935222	0.928943	0.927873	0.93524	0.922734	0.891496	0.917499	0.890339	0.916935	0.9147	0.893038	0.926608	0.911446	0.912531	0.912396	0.925982	0.923839	1.07347	1.08252	1.06937	1.07541	1.07653	1.08245	1.09134	1.08966	1.09079	1.0941	1.10704	1.09182	1.08533	1.08654	1.0857	1.0683	1.06917	1.0749	1.11063	1.09256	1.1116	1.09978	1.10017	1.10932	1.11058	1.12014	1.1196	1.11884	1.10949	1.10673	1.09331	1.09109	1.09229	1.08605	1.08127	1.08236	1.0841	1.08593	1.09934	1.09657	1.09863	1.085	1.09803	1.10512	1.09024	1.09318	1.1214	1.10517
ERR613977	0.86742	0.902528	0.963531	0.864887	0.864209	0.866297	0.982193	0.920352	0.921245	0.909169	0.915115	0.922788	0.814394	0	0.778289	0.794684	0.792403	0.794509	0.927118	0.905501	0.925605	0.923664	0.935432	0.898306	0.965272	0.941942	0.921402	0.925471	0.944935	0.926334	0.893658	0.901595	0.894949	0.896919	0.901586	0.889054	0.855087	0.888647	0.855309	0.887918	0.885497	0.858774	0.898779	0.882157	0.882781	0.883191	0.898055	0.895814	1.05065	1.05897	1.04578	1.05327	1.0527	1.05926	1.06492	1.06363	1.06485	1.06968	1.08139	1.06604	1.05894	1.06019	1.05936	1.03819	1.04058	1.04565	1.08931	1.06788	1.09019	1.07625	1.07607	1.0879	1.0864	1.09795	1.09764	1.0966	1.0833	1.08043	1.06973	1.06564	1.06683	1.06075	1.05382	1.05494	1.05923	1.06144	1.07626	1.07362	1.07625	1.06041	1.07502	1.08438	1.06588	1.06922	1.10252	1.08427
ERR613972	0.870256	0.90451	0.965644	0.867888	0.867346	0.868291	0.984414	0.923406	0.924216	0.911825	0.917441	0.925291	0.813657	0.778289	0	0.796163	0.791005	0.795722	0.929252	0.907605	0.927626	0.92583	0.937432	0.900767	0.966237	0.943574	0.923527	0.927318	0.946042	0.928017	0.895865	0.903982	0.896663	0.899198	0.903918	0.891666	0.856541	0.889803	0.856647	0.889036	0.88623	0.860407	0.900814	0.884551	0.885353	0.885409	0.89965	0.897761	1.05211	1.05986	1.04689	1.05479	1.05401	1.06053	1.06619	1.06522	1.0663	1.07111	1.0827	1.06794	1.05972	1.06081	1.0602	1.03879	1.04157	1.04658	1.09076	1.06931	1.09177	1.07794	1.0776	1.08949	1.088	1.09992	1.09944	1.09836	1.08472	1.08188	1.0708	1.06644	1.06781	1.06181	1.05454	1.05575	1.06081	1.06289	1.07745	1.07524	1.07773	1.062	1.07668	1.08581	1.06721	1.07082	1.10366	1.08584
ERR613975	0.885087	0.915516	0.974469	0.883074	0.881909	0.882021	0.996082	0.937645	0.938378	0.926235	0.931154	0.939647	0.829111	0.794684	0.796163	0	0.808691	0.806528	0.941687	0.922563	0.940453	0.939004	0.950846	0.915898	0.979148	0.957779	0.939292	0.943068	0.960506	0.944553	0.911218	0.917306	0.910996	0.913838	0.917129	0.906666	0.871629	0.900525	0.872188	0.89966	0.897725	0.874948	0.91538	0.90149	0.901944	0.902395	0.914328	0.913105	1.06366	1.07109	1.05883	1.06623	1.0647	1.07089	1.07746	1.07665	1.0781	1.08268	1.09304	1.07912	1.06938	1.07056	1.06958	1.04976	1.05242	1.05659	1.10376	1.08281	1.10466	1.09135	1.0903	1.10269	1.09974	1.11145	1.11124	1.10993	1.09633	1.09378	1.08203	1.07718	1.07867	1.07324	1.06568	1.06705	1.07469	1.07677	1.09073	1.0887	1.09118	1.07574	1.09004	1.09952	1.081	1.08459	1.11637	1.09918
ERR613973	0.882793	0.914132	0.971804	0.880442	0.879794	0.881644	0.991101	0.933321	0.934291	0.922421	0.927433	0.934946	0.823786	0.792403	0.791005	0.808691	0	0.808644	0.938661	0.918876	0.937697	0.936426	0.946235	0.912546	0.976087	0.954328	0.935809	0.939039	0.95657	0.940094	0.908169	0.915985	0.909125	0.910819	0.915865	0.904062	0.870432	0.899913	0.870025	0.899526	0.896844	0.873432	0.912326	0.896997	0.897562	0.898112	0.911283	0.90967	1.06152	1.06957	1.05672	1.06393	1.06344	1.0696	1.07681	1.0754	1.07669	1.08104	1.09281	1.07781	1.07005	1.07126	1.07067	1.05084	1.05273	1.05781	1.10018	1.07999	1.10124	1.08801	1.08774	1.09898	1.09798	1.109	1.10858	1.10748	1.09493	1.09242	1.08042	1.0766	1.07807	1.07204	1.06532	1.0666	1.07164	1.0737	1.0878	1.08524	1.08781	1.07259	1.08671	1.09518	1.07777	1.08098	1.11258	1.09523
ERR613976	0.884705	0.915804	0.974448	0.883059	0.881921	0.882438	0.994945	0.936672	0.937709	0.925487	0.930639	0.938694	0.829439	0.794509	0.795722	0.806528	0.808644	0	0.940495	0.920993	0.939124	0.937815	0.949838	0.914482	0.978215	0.956638	0.938617	0.942043	0.959501	0.943469	0.909643	0.915533	0.909382	0.91281	0.915577	0.90548	0.870833	0.899747	0.871565	0.898944	0.897023	0.874482	0.91571	0.90172	0.902005	0.902408	0.914703	0.913099	1.06329	1.07063	1.05871	1.06604	1.06453	1.0704	1.07719	1.07652	1.07765	1.08243	1.09299	1.07894	1.06936	1.07031	1.06954	1.04948	1.05216	1.05656	1.10379	1.08288	1.10451	1.09122	1.09051	1.10242	1.09991	1.11138	1.1114	1.11008	1.09629	1.09352	1.08178	1.07719	1.07832	1.07277	1.06548	1.0669	1.07463	1.07672	1.09074	1.0885	1.09119	1.07571	1.0901	1.09939	1.08112	1.08431	1.1162	1.09914
ERR608936	0.911409	0.947991	1.00078	0.909972	0.909257	0.913538	0.977034	0.922193	0.922485	0.913087	0.918534	0.925052	0.952675	0.927118	0.929252	0.941687	0.938661	0.940495	0	0.786643	0.803269	0.801922	0.816517	0.780715	0.939714	0.919228	0.901447	0.904098	0.921079	0.905001	0.867391	0.876547	0.86965	0.869262	0.87514	0.863857	0.906679	0.938329	0.906368	0.937159	0.93543	0.910713	0.938375	0.924148	0.925455	0.924572	0.937549	0.936284	1.08352	1.092	1.07881	1.08512	1.08656	1.09205	1.0854	1.08401	1.08546	1.08919	1.10158	1.08637	1.09842	1.09934	1.09823	1.08104	1.08274	1.0879	1.11717	1.09896	1.11824	1.10578	1.10612	1.11615	1.11427	1.12354	1.12309	1.12254	1.1118	1.1095	1.10688	1.1044	1.10618	1.09987	1.09491	1.09567	1.09055	1.09245	1.10622	1.10342	1.1053	1.09101	1.10508	1.11313	1.09699	1.09958	1.12906	1.11292
ERR608932	0.886716	0.928971	0.986289	0.884854	0.884278	0.889901	0.959245	0.898316	0.89866	0.888306	0.894718	0.90169	0.934124	0.905501	0.907605	0.922563	0.918876	0.920993	0.786643	0	0.783596	0.781547	0.789993	0.746964	0.922225	0.898044	0.876113	0.879474	0.90046	0.880403	0.842978	0.854455	0.84648	0.845271	0.853541	0.83851	0.882888	0.920435	0.882006	0.918798	0.917388	0.886928	0.914837	0.897708	0.899091	0.898563	0.913932	0.912318	1.06428	1.07394	1.05918	1.06598	1.06801	1.07408	1.06668	1.0652	1.0666	1.07027	1.08417	1.06785	1.08077	1.08139	1.08059	1.0616	1.06323	1.06894	1.09834	1.07874	1.09922	1.08578	1.08642	1.09725	1.09582	1.10561	1.10493	1.10428	1.09364	1.09125	1.08942	1.08719	1.08885	1.08205	1.07691	1.07762	1.06973	1.07125	1.08674	1.0833	1.08549	1.07009	1.08505	1.09312	1.07651	1.07941	1.11059	1.09289
ERR608935	0.910178	0.947203	1.00055	0.908686	0.908045	0.911899	0.9757	0.920509	0.920684	0.911179	0.916456	0.923395	0.951572	0.925605	0.927626	0.940453	0.937697	0.939124	0.803269	0.783596	0	0.798984	0.813939	0.777825	0.937639	0.916963	0.898835	0.902125	0.918695	0.902484	0.865111	0.874283	0.867141	0.86701	0.873069	0.861325	0.90535	0.936702	0.904555	0.93562	0.934314	0.908979	0.93659	0.92221	0.923495	0.922566	0.935258	0.934251	1.08187	1.09047	1.07736	1.08367	1.08483	1.09059	1.08405	1.08263	1.08401	1.08769	1.10011	1.08522	1.09683	1.09766	1.09667	1.07937	1.08095	1.08615	1.11591	1.09753	1.11708	1.10455	1.10491	1.11517	1.11307	1.1224	1.12196	1.12113	1.11036	1.10826	1.10575	1.10292	1.10482	1.09846	1.0936	1.09434	1.08898	1.09091	1.10483	1.10178	1.10416	1.08967	1.10361	1.11159	1.09545	1.0983	1.12753	1.11146
ERR608934	0.908104	0.945438	0.99926	0.906743	0.906026	0.910281	0.974297	0.918727	0.919165	0.909637	0.914762	0.921739	0.949931	0.923664	0.92583	0.939004	0.936426	0.937815	0.801922	0.781547	0.798984	0	0.811915	0.775703	0.936936	0.916285	0.897593	0.900832	0.917636	0.901538	0.863829	0.872907	0.865685	0.865577	0.871644	0.859787	0.903729	0.935344	0.902623	0.934133	0.932863	0.907332	0.935339	0.920417	0.921804	0.921144	0.934203	0.932772	1.08137	1.0898	1.07653	1.083	1.0843	1.09006	1.08322	1.08179	1.08313	1.08688	1.09924	1.08438	1.09592	1.09668	1.0955	1.07843	1.0798	1.0851	1.11507	1.09637	1.11609	1.10334	1.10364	1.11398	1.11223	1.12117	1.12112	1.12002	1.10946	1.10723	1.10458	1.1021	1.10395	1.09751	1.09253	1.09325	1.08816	1.08985	1.10396	1.10109	1.10312	1.08889	1.10257	1.11061	1.09438	1.09739	1.12676	1.11049
ERR608931	0.917803	0.954528	0.997169	0.915995	0.915713	0.924285	0.971367	0.924444	0.924519	0.918401	0.922135	0.926706	0.956226	0.935432	0.937432	0.950846	0.946235	0.949838	0.816517	0.789993	0.813939	0.811915	0	0.787445	0.943229	0.923703	0.908262	0.909538	0.925722	0.909171	0.876522	0.889485	0.882428	0.87671	0.888346	0.873427	0.918805	0.94903	0.916225	0.948227	0.946507	0.920485	0.944568	0.928422	0.929667	0.929053	0.943725	0.941792	1.08878	1.09936	1.08401	1.08951	1.09373	1.09943	1.09657	1.09435	1.09544	1.09723	1.11281	1.09672	1.10767	1.10848	1.1076	1.09204	1.09266	1.09889	1.11952	1.10426	1.12042	1.10968	1.11142	1.11892	1.12118	1.12804	1.12699	1.12727	1.12062	1.11913	1.11346	1.1131	1.1151	1.1074	1.10459	1.10533	1.09509	1.09657	1.11044	1.10675	1.10854	1.09533	1.1087	1.11378	1.10184	1.10457	1.12981	1.11383
ERR608933	0.879231	0.922775	0.983824	0.877345	0.876478	0.880619	0.956988	0.892778	0.893277	0.88159	0.888284	0.896303	0.929466	0.898306	0.900767	0.915898	0.912546	0.914482	0.780715	0.746964	0.777825	0.775703	0.787445	0	0.918034	0.892766	0.86902	0.873262	0.894828	0.874077	0.834861	0.845927	0.837357	0.837939	0.844763	0.830029	0.873349	0.912924	0.872815	0.911553	0.909601	0.878467	0.908229	0.891108	0.892526	0.891652	0.907357	0.905613	1.05832	1.0677	1.053	1.06015	1.06143	1.06775	1.05877	1.05763	1.05909	1.06346	1.0766	1.06015	1.07349	1.07432	1.07343	1.05358	1.05554	1.06103	1.09292	1.07213	1.09372	1.07962	1.07986	1.09176	1.08933	1.10011	1.09964	1.09852	1.08609	1.08379	1.08327	1.08009	1.08191	1.07529	1.06918	1.0698	1.063	1.06502	1.08057	1.07736	1.07982	1.06376	1.07889	1.08781	1.06973	1.07296	1.10569	1.08772
ERR612225	0.977267	1.00959	1.05716	0.975654	0.974727	0.979011	1.02322	0.976723	0.97715	0.969609	0.974302	0.979724	0.987715	0.965272	0.966237	0.979148	0.976087	0.978215	0.939714	0.922225	0.937639	0.936936	0.943229	0.918034	0	0.822775	0.806009	0.808677	0.825486	0.80908	0.937801	0.94749	0.940564	0.939021	0.946556	0.934051	0.962557	0.988248	0.961216	0.987121	0.985736	0.964864	0.970046	0.955373	0.956534	0.956419	0.968618	0.967412	1.06692	1.07678	1.06268	1.06882	1.06997	1.07611	1.06895	1.06752	1.06838	1.07212	1.08517	1.06997	1.08284	1.08369	1.08271	1.06587	1.06713	1.0726	1.09183	1.07363	1.09323	1.08049	1.08111	1.0907	1.09025	1.09966	1.09929	1.09853	1.0882	1.08582	1.08051	1.07859	1.07992	1.07301	1.06838	1.06939	1.07085	1.07246	1.08666	1.08353	1.08581	1.07156	1.08448	1.09203	1.07654	1.07947	1.10874	1.0919
ERR612224	0.95296	0.989048	1.04167	0.950754	0.950124	0.954706	1.00689	0.954206	0.954947	0.946573	0.951418	0.957612	0.967804	0.941942	0.943574	0.957779	0.954328	0.956638	0.919228	0.898044	0.916963	0.916285	0.923703	0.892766	0.822775	0	0.770832	0.774709	0.797047	0.775281	0.912781	0.923274	0.915499	0.91437	0.922675	0.908743	0.937719	0.967607	0.936408	0.966606	0.964812	0.94038	0.945235	0.929087	0.930486	0.930373	0.944397	0.94293	1.0465	1.05683	1.0416	1.0487	1.04975	1.05679	1.04792	1.04614	1.04707	1.05128	1.06525	1.04853	1.06291	1.06405	1.06302	1.04353	1.04539	1.05142	1.0713	1.05162	1.073	1.0589	1.05946	1.07041	1.06956	1.07974	1.07933	1.07828	1.06722	1.06468	1.06102	1.05858	1.06016	1.05271	1.0475	1.04857	1.04837	1.04984	1.06498	1.06214	1.06444	1.04886	1.06298	1.07097	1.05378	1.05747	1.08939	1.07078
ERR612221	0.927222	0.968915	1.02762	0.925533	0.924729	0.928733	0.994012	0.933703	0.934644	0.924132	0.930645	0.937847	0.951552	0.921402	0.923527	0.939292	0.935809	0.938617	0.901447	0.876113	0.898835	0.897593	0.908262	0.86902	0.806009	0.770832	0	0.738858	0.774746	0.740266	0.888096	0.899319	0.890443	0.890141	0.898729	0.882984	0.913539	0.950298	0.912186	0.949269	0.947497	0.917597	0.92275	0.904026	0.905407	0.904951	0.921307	0.919773	1.02467	1.03573	1.01916	1.02697	1.02827	1.0355	1.02219	1.0206	1.02165	1.02663	1.04126	1.023	1.0399	1.0407	1.03989	1.01803	1.02014	1.02627	1.04709	1.02471	1.04858	1.03307	1.03359	1.04587	1.04404	1.05578	1.05533	1.05402	1.04117	1.03846	1.03901	1.03604	1.03801	1.02985	1.02388	1.02461	1.02044	1.02247	1.03925	1.03582	1.03857	1.02148	1.03686	1.04643	1.02687	1.03071	1.06664	1.04626
ERR612223	0.931398	0.972351	1.02815	0.92934	0.928581	0.933856	0.993963	0.936726	0.937696	0.927995	0.933591	0.940402	0.954215	0.925471	0.927318	0.943068	0.939039	0.942043	0.904098	0.879474	0.902125	0.900832	0.909538	0.873262	0.808677	0.774709	0.738858	0	0.778508	0.744739	0.892807	0.904414	0.895758	0.895066	0.903779	0.887979	0.918737	0.954217	0.916989	0.95285	0.951515	0.922109	0.927383	0.908742	0.910051	0.909591	0.9261	0.924559	1.02893	1.04029	1.02419	1.03124	1.03298	1.04019	1.02873	1.02668	1.02784	1.03217	1.04727	1.02917	1.04543	1.04661	1.04582	1.02446	1.0262	1.03259	1.05176	1.03076	1.05332	1.03853	1.03925	1.05052	1.0493	1.0603	1.05972	1.05868	1.04739	1.04459	1.0434	1.0412	1.04282	1.03443	1.02925	1.03018	1.02614	1.02801	1.04463	1.04115	1.04377	1.02711	1.0424	1.05045	1.0327	1.0366	1.07054	1.05039
ERR612226	0.955142	0.991385	1.04352	0.953538	0.952309	0.957042	1.00892	0.956469	0.957306	0.948491	0.953764	0.959886	0.970304	0.944935	0.946042	0.960506	0.95657	0.959501	0.921079	0.90046	0.918695	0.917636	0.925722	0.894828	0.825486	0.797047	0.774746	0.778508	0	0.779138	0.914984	0.925505	0.917454	0.916802	0.924507	0.911164	0.940104	0.969216	0.938626	0.968105	0.966657	0.942952	0.94831	0.932325	0.933656	0.933052	0.947157	0.945713	1.04792	1.05834	1.04322	1.05013	1.05129	1.05784	1.04944	1.04753	1.04865	1.05283	1.06686	1.05007	1.06505	1.0661	1.06547	1.04613	1.04794	1.05371	1.07388	1.05415	1.07552	1.06174	1.06211	1.07291	1.07156	1.08184	1.08168	1.08042	1.0692	1.06679	1.06271	1.06013	1.06188	1.05451	1.04957	1.05025	1.05062	1.05219	1.06761	1.06444	1.06668	1.05126	1.06548	1.07347	1.05639	1.05969	1.09161	1.07349
ERR612222	0.932513	0.973479	1.02808	0.930307	0.929667	0.935847	0.993506	0.936158	0.93754	0.927722	0.933821	0.939987	0.954498	0.926334	0.928017	0.944553	0.940094	0.943469	0.905001	0.880403	0.902484	0.901538	0.909171	0.874077	0.80908	0.775281	0.740266	0.744739	0.779138	0	0.893858	0.90635	0.897398	0.895693	0.906083	0.889082	0.920532	0.956025	0.918716	0.954814	0.953297	0.92357	0.927137	0.907803	0.909361	0.908653	0.925766	0.924128	1.02901	1.04062	1.02375	1.0309	1.03335	1.04061	1.02937	1.02699	1.02796	1.03216	1.04801	1.02964	1.04634	1.04753	1.04663	1.02589	1.0274	1.03412	1.05061	1.02977	1.05185	1.03728	1.03832	1.04919	1.04937	1.06004	1.05921	1.05874	1.04783	1.04531	1.04369	1.04204	1.04382	1.03524	1.03047	1.03142	1.02541	1.02703	1.04358	1.04001	1.04254	1.02617	1.04102	1.04877	1.03132	1.03531	1.06868	1.0489
ERR618587	0.871259	0.914935	0.978386	0.869948	0.868785	0.871953	0.965885	0.900569	0.901556	0.889166	0.895856	0.903868	0.926268	0.893658	0.895865	0.911218	0.908169	0.909643	0.867391	0.842978	0.865111	0.863829	0.876522	0.834861	0.937801	0.912781	0.888096	0.892807	0.914984	0.893858	0	0.757968	0.748229	0.748422	0.757614	0.738854	0.870013	0.91027	0.869065	0.908688	0.906657	0.875277	0.911472	0.894403	0.895808	0.895139	0.910569	0.908577	1.05189	1.06151	1.04704	1.05469	1.05457	1.06104	1.04948	1.04867	1.05001	1.05453	1.0675	1.0511	1.05661	1.05757	1.05665	1.03541	1.038	1.04376	1.08184	1.06076	1.08308	1.06862	1.06873	1.08098	1.07569	1.0869	1.08639	1.08533	1.07245	1.07013	1.06831	1.06447	1.06632	1.05972	1.05284	1.05377	1.0487	1.05072	1.06709	1.06372	1.06594	1.04964	1.06547	1.07459	1.05572	1.05931	1.09303	1.07434
ERR618589	0.881911	0.922386	0.988756	0.88082	0.8793	0.879687	0.979173	0.913819	0.914657	0.901073	0.908046	0.916772	0.935222	0.901595	0.903982	0.917306	0.915985	0.915533	0.876547	0.854455	0.874283	0.872907	0.889485	0.845927	0.94749	0.923274	0.899319	0.904414	0.925505	0.90635	0.757968	0	0.754024	0.763033	0.762715	0.752663	0.878154	0.91583	0.878105	0.914231	0.912146	0.883903	0.922258	0.9075	0.908625	0.90801	0.921179	0.919543	1.06055	1.06809	1.05549	1.06356	1.0617	1.06756	1.05487	1.0546	1.05608	1.06153	1.07215	1.05699	1.0608	1.06161	1.06052	1.03909	1.04248	1.04688	1.09157	1.06927	1.09247	1.07777	1.07695	1.09026	1.08259	1.09473	1.09476	1.09312	1.07805	1.07522	1.07508	1.06987	1.07146	1.066	1.05779	1.05876	1.05816	1.06046	1.07583	1.07343	1.07595	1.05882	1.07513	1.08538	1.06498	1.06864	1.10326	1.0851
ERR618588	0.874634	0.916858	0.984098	0.873203	0.871749	0.872484	0.971896	0.90508	0.905799	0.892155	0.899524	0.90823	0.928943	0.894949	0.896663	0.910996	0.909125	0.909382	0.86965	0.84648	0.867141	0.865685	0.882428	0.837357	0.940564	0.915499	0.890443	0.895758	0.917454	0.897398	0.748229	0.754024	0	0.752912	0.753832	0.742626	0.870401	0.909821	0.870445	0.908355	0.906707	0.876341	0.914685	0.899356	0.900356	0.900144	0.913958	0.912186	1.0543	1.06241	1.0493	1.05718	1.05546	1.06218	1.04918	1.04875	1.05005	1.05547	1.06672	1.05113	1.05551	1.05628	1.05549	1.03342	1.03655	1.04158	1.08541	1.06309	1.0867	1.07159	1.0708	1.08429	1.07683	1.08898	1.08876	1.08749	1.07235	1.06961	1.06935	1.06419	1.0659	1.06018	1.05195	1.05302	1.05143	1.05382	1.06971	1.06707	1.06951	1.05237	1.06888	1.07918	1.05878	1.06207	1.09741	1.07895
ERR618586	0.873786	0.917231	0.979067	0.872555	0.87154	0.876139	0.96632	0.902003	0.903085	0.891292	0.897688	0.905426	0.927873	0.896919	0.899198	0.913838	0.910819	0.91281	0.869262	0.845271	0.86701	0.865577	0.87671	0.837939	0.939021	0.91437	0.890141	0.895066	0.916802	0.895693	0.748422	0.763033	0.752912	0	0.762529	0.742546	0.873955	0.913892	0.87312	0.912499	0.910141	0.878933	0.91396	0.896394	0.898142	0.897454	0.913202	0.911488	1.05418	1.06381	1.049	1.05626	1.05697	1.06355	1.05292	1.05123	1.05271	1.0573	1.07063	1.0538	1.05983	1.06078	1.05992	1.03922	1.04162	1.04722	1.08305	1.0623	1.08396	1.06985	1.07046	1.08198	1.07795	1.08854	1.08798	1.08734	1.07526	1.07278	1.07067	1.06732	1.06916	1.06285	1.05618	1.05727	1.05032	1.05265	1.06828	1.06519	1.06731	1.05129	1.06672	1.07558	1.05747	1.0607	1.0939	1.07541
ERR618590	0.88204	0.922629	0.988709	0.880997	0.87995	0.879845	0.978602	0.913916	0.914477	0.900825	0.907577	0.916741	0.93524	0.901586	0.903918	0.917129	0.915865	0.915577	0.87514	0.853541	0.873069	0.871644	0.888346	0.844763	0.946556	0.922675	0.898729	0.903779	0.924507	0.906083	0.757614	0.762715	0.753832	0.762529	0	0.752413	0.877967	0.915671	0.878379	0.914371	0.912556	0.88405	0.922212	0.907427	0.908924	0.908439	0.921006	0.919898	1.06093	1.06844	1.05607	1.0637	1.06213	1.0682	1.05531	1.05466	1.05623	1.06187	1.07206	1.0572	1.06144	1.06185	1.06108	1.03959	1.04288	1.04777	1.09208	1.06971	1.09305	1.07828	1.07764	1.09098	1.08303	1.09481	1.09506	1.09332	1.07855	1.07589	1.07515	1.07003	1.07178	1.06624	1.05793	1.05916	1.05871	1.06098	1.07657	1.07395	1.07651	1.05954	1.07531	1.0857	1.06567	1.06889	1.1037	1.08551
ERR618585	0.866964	0.911059	0.97673	0.864894	0.863957	0.867581	0.963062	0.895695	0.896858	0.884318	0.89131	0.899475	0.922734	0.889054	0.891666	0.906666	0.904062	0.90548	0.863857	0.83851	0.861325	0.859787	0.873427	0.830029	0.934051	0.908743	0.882984	0.887979	0.911164	0.889082	0.738854	0.752663	0.742626	0.742546	0.752413	0	0.864913	0.906182	0.864116	0.905073	0.902857	0.870208	0.906716	0.889048	0.890422	0.889907	0.905384	0.903738	1.04821	1.0578	1.04306	1.05089	1.05072	1.05758	1.04537	1.04439	1.0458	1.05079	1.06348	1.04687	1.05323	1.05455	1.05336	1.03147	1.0342	1.04	1.07833	1.05669	1.07943	1.06459	1.06485	1.0773	1.07228	1.08356	1.08331	1.08212	1.069	1.06623	1.06488	1.06103	1.06271	1.05633	1.04912	1.0502	1.04467	1.0468	1.06316	1.05996	1.06225	1.04552	1.06155	1.07118	1.05172	1.05511	1.08967	1.07073
ERR608806	0.826992	0.869513	0.941306	0.824901	0.823951	0.824143	0.965492	0.894447	0.895768	0.880811	0.888523	0.897163	0.891496	0.855087	0.856541	0.871629	0.870432	0.870833	0.906679	0.882888	0.90535	0.903729	0.918805	0.873349	0.962557	0.937719	0.913539	0.918737	0.940104	0.920532	0.870013	0.878154	0.870401	0.873955	0.877967	0.864913	0	0.795129	0.745188	0.794097	0.79115	0.751591	0.895772	0.87916	0.87999	0.87987	0.895459	0.89353	1.0336	1.04204	1.02843	1.03666	1.03535	1.04215	1.03727	1.03689	1.03814	1.04362	1.05558	1.03934	1.05882	1.05949	1.0588	1.03605	1.03977	1.04415	1.08075	1.05763	1.08171	1.06638	1.06553	1.07942	1.07002	1.08271	1.08196	1.08108	1.06544	1.06274	1.05671	1.05142	1.05276	1.04703	1.03865	1.0397	1.04436	1.04641	1.0627	1.06018	1.0629	1.04511	1.06009	1.07108	1.05002	1.05372	1.08998	1.07119
ERR608810	0.870069	0.901665	0.964015	0.868111	0.867029	0.866108	0.991612	0.930158	0.93113	0.918095	0.92439	0.932106	0.917499	0.888647	0.889803	0.900525	0.899913	0.899747	0.938329	0.920435	0.936702	0.935344	0.94903	0.912924	0.988248	0.967607	0.950298	0.954217	0.969216	0.956025	0.91027	0.91583	0.909821	0.913892	0.915671	0.906182	0.795129	0	0.795677	0.822958	0.821007	0.799596	0.932801	0.920016	0.920864	0.9202	0.93223	0.930785	1.06536	1.07241	1.06114	1.06865	1.0667	1.07241	1.07076	1.07014	1.0714	1.07645	1.08681	1.07263	1.08944	1.09054	1.0894	1.06997	1.07347	1.07724	1.11386	1.09348	1.1149	1.10146	1.1004	1.11272	1.10363	1.11472	1.11457	1.1132	1.09931	1.09642	1.08651	1.08144	1.08343	1.07845	1.07071	1.07192	1.08203	1.08405	1.09811	1.0961	1.09838	1.08246	1.0958	1.10615	1.08671	1.08992	1.12264	1.10609
ERR608807	0.825489	0.868667	0.939385	0.823274	0.822349	0.824313	0.962788	0.892507	0.894014	0.87901	0.887188	0.895481	0.890339	0.855309	0.856647	0.872188	0.870025	0.871565	0.906368	0.882006	0.904555	0.902623	0.916225	0.872815	0.961216	0.936408	0.912186	0.916989	0.938626	0.918716	0.869065	0.878105	0.870445	0.87312	0.878379	0.864116	0.745188	0.795677	0	0.794527	0.791577	0.751321	0.894927	0.87747	0.87856	0.878152	0.894746	0.892441	1.03234	1.0415	1.02754	1.03536	1.0347	1.04172	1.03722	1.03617	1.03761	1.04309	1.05566	1.03905	1.05883	1.05974	1.05849	1.0365	1.03978	1.04468	1.07853	1.05603	1.07924	1.06444	1.06401	1.07695	1.06904	1.08102	1.08038	1.07942	1.06508	1.06238	1.05594	1.05121	1.05287	1.04684	1.03881	1.04014	1.04254	1.04474	1.06073	1.05798	1.06054	1.04337	1.05802	1.0688	1.04834	1.05193	1.08738	1.06865
ERR608808	0.869582	0.90119	0.964387	0.867781	0.866566	0.865802	0.991475	0.929737	0.930694	0.917293	0.923645	0.931819	0.916935	0.887918	0.889036	0.89966	0.899526	0.898944	0.937159	0.918798	0.93562	0.934133	0.948227	0.911553	0.987121	0.966606	0.949269	0.95285	0.968105	0.954814	0.908688	0.914231	0.908355	0.912499	0.914371	0.905073	0.794097	0.822958	0.794527	0	0.819541	0.798118	0.931491	0.919207	0.919781	0.919536	0.931053	0.929622	1.06453	1.07147	1.06043	1.06777	1.06554	1.07166	1.07	1.06948	1.0709	1.07598	1.08621	1.07225	1.08932	1.08954	1.08871	1.06959	1.07258	1.07659	1.11396	1.09319	1.11466	1.10149	1.1004	1.11263	1.1034	1.11484	1.1144	1.11295	1.09907	1.09598	1.08612	1.08083	1.08243	1.07778	1.06988	1.07097	1.08197	1.08414	1.09838	1.09627	1.09837	1.0824	1.09593	1.10612	1.08692	1.0901	1.12279	1.10614
ERR608809	0.866743	0.899549	0.962556	0.864834	0.863841	0.863662	0.989521	0.927538	0.928138	0.915276	0.92155	0.929736	0.9147	0.885497	0.88623	0.897725	0.896844	0.897023	0.93543	0.917388	0.934314	0.932863	0.946507	0.909601	0.985736	0.964812	0.947497	0.951515	0.966657	0.953297	0.906657	0.912146	0.906707	0.910141	0.912556	0.902857	0.79115	0.821007	0.791577	0.819541	0	0.795688	0.929343	0.916877	0.91749	0.917489	0.928989	0.927798	1.0633	1.07	1.05876	1.06621	1.06422	1.07005	1.06871	1.06812	1.06947	1.07446	1.08484	1.07055	1.0878	1.08839	1.08749	1.0681	1.07121	1.07487	1.11206	1.09172	1.11301	1.09958	1.09853	1.11075	1.10173	1.11316	1.11287	1.1115	1.09744	1.09488	1.0848	1.0796	1.08089	1.07626	1.06868	1.06968	1.07965	1.08166	1.09616	1.09415	1.09637	1.08053	1.09384	1.10453	1.08485	1.08828	1.12124	1.10423
ERR608805	0.830832	0.872264	0.940783	0.828849	0.82775	0.829339	0.965702	0.897207	0.89844	0.884341	0.891958	0.900174	0.893038	0.858774	0.860407	0.874948	0.873432	0.874482	0.910713	0.886928	0.908979	0.907332	0.920485	0.878467	0.964864	0.94038	0.917597	0.922109	0.942952	0.92357	0.875277	0.883903	0.876341	0.878933	0.88405	0.870208	0.751591	0.799596	0.751321	0.798118	0.795688	0	0.899387	0.882592	0.883562	0.88334	0.899186	0.896943	1.0375	1.04645	1.0325	1.04051	1.03981	1.04663	1.04239	1.04178	1.04308	1.04818	1.06067	1.04427	1.06351	1.06414	1.06326	1.04135	1.04469	1.04944	1.0837	1.06202	1.08464	1.07025	1.06967	1.08254	1.07472	1.08634	1.08565	1.08475	1.07029	1.06781	1.06053	1.05587	1.05752	1.05149	1.04394	1.04502	1.04831	1.05054	1.06645	1.06374	1.06619	1.04914	1.064	1.0744	1.0541	1.05771	1.0927	1.07406
ERR613454	0.906596	0.947313	1.00261	0.904267	0.903895	0.909204	0.976579	0.913747	0.914594	0.903974	0.910487	0.917259	0.926608	0.898779	0.900814	0.91538	0.912326	0.91571	0.938375	0.914837	0.93659	0.935339	0.944568	0.908229	0.970046	0.945235	0.92275	0.927383	0.94831	0.927137	0.911472	0.922258	0.914685	0.91396	0.922212	0.906716	0.895772	0.932801	0.894927	0.931491	0.929343	0.899387	0	0.785566	0.786609	0.786401	0.804431	0.80172	1.04853	1.05855	1.04361	1.05035	1.05222	1.05889	1.04691	1.04526	1.04684	1.05076	1.06503	1.04788	1.06363	1.06459	1.06364	1.04398	1.04519	1.05132	1.077	1.05629	1.07829	1.06422	1.0647	1.07611	1.07034	1.08088	1.08039	1.07963	1.06811	1.06537	1.06439	1.06234	1.06412	1.05657	1.05156	1.05265	1.0478	1.05	1.06517	1.06262	1.06439	1.04905	1.05782	1.0669	1.04838	1.0523	1.08556	1.06665
ERR613449	0.888283	0.933175	0.98977	0.885533	0.885365	0.892743	0.961784	0.895606	0.896637	0.886	0.893189	0.900151	0.911446	0.882157	0.884551	0.90149	0.896997	0.90172	0.924148	0.897708	0.92221	0.920417	0.928422	0.891108	0.955373	0.929087	0.904026	0.908742	0.932325	0.907803	0.894403	0.9075	0.899356	0.896394	0.907427	0.889048	0.87916	0.920016	0.87747	0.919207	0.916877	0.882592	0.785566	0	0.757707	0.758203	0.784884	0.781549	1.0343	1.04611	1.02897	1.03593	1.0391	1.04644	1.03473	1.03244	1.03391	1.03757	1.05367	1.03525	1.05074	1.0518	1.05103	1.03067	1.03134	1.03865	1.0611	1.04049	1.06203	1.04806	1.04925	1.05983	1.05676	1.06691	1.06595	1.06556	1.05512	1.05257	1.05127	1.05009	1.05213	1.04324	1.03921	1.04027	1.0312	1.03291	1.04922	1.04615	1.048	1.03228	1.04092	1.04948	1.03136	1.03542	1.06939	1.04913
ERR613451	0.888579	0.933347	0.989671	0.886067	0.885949	0.893511	0.9626	0.896625	0.89775	0.887008	0.893712	0.900815	0.912531	0.882781	0.885353	0.901944	0.897562	0.902005	0.925455	0.899091	0.923495	0.921804	0.929667	0.892526	0.956534	0.930486	0.905407	0.910051	0.933656	0.909361	0.895808	0.908625	0.900356	0.898142	0.908924	0.890422	0.87999	0.920864	0.87856	0.919781	0.91749	0.883562	0.786609	0.757707	0	0.759094	0.78534	0.782846	1.0354	1.047	1.03015	1.03732	1.0403	1.04732	1.03531	1.0331	1.03485	1.03861	1.05465	1.03567	1.05203	1.05314	1.05229	1.03197	1.03239	1.03979	1.06213	1.04152	1.06334	1.04917	1.05033	1.06091	1.05754	1.06773	1.06678	1.06619	1.05595	1.05314	1.05229	1.0507	1.05264	1.04414	1.03988	1.04094	1.03212	1.03408	1.05008	1.047	1.04914	1.03326	1.0419	1.05063	1.03237	1.0363	1.0703	1.05041
ERR613450	0.889084	0.933911	0.990136	0.886654	0.886118	0.893659	0.962254	0.89596	0.897065	0.8865	0.893838	0.900502	0.912396	0.883191	0.885409	0.902395	0.898112	0.902408	0.924572	0.898563	0.922566	0.921144	0.929053	0.891652	0.956419	0.930373	0.904951	0.909591	0.933052	0.908653	0.895139	0.90801	0.900144	0.897454	0.908439	0.889907	0.87987	0.9202	0.878152	0.919536	0.917489	0.88334	0.786401	0.758203	0.759094	0	0.785572	0.782342	1.03493	1.04621	1.02973	1.03667	1.03961	1.04685	1.03494	1.03278	1.03427	1.03792	1.05405	1.0353	1.05175	1.05312	1.05214	1.03152	1.03213	1.03916	1.06176	1.04099	1.06269	1.0487	1.05016	1.06054	1.05731	1.06772	1.06672	1.06637	1.05586	1.05295	1.05141	1.05013	1.05199	1.04363	1.03903	1.04042	1.03203	1.03388	1.04986	1.0469	1.04854	1.03294	1.0418	1.0503	1.03223	1.03616	1.06997	1.05016
ERR613453	0.906528	0.947291	1.0026	0.904216	0.903798	0.908955	0.976248	0.913026	0.9137	0.903217	0.909608	0.916769	0.925982	0.898055	0.89965	0.914328	0.911283	0.914703	0.937549	0.913932	0.935258	0.934203	0.943725	0.907357	0.968618	0.944397	0.921307	0.9261	0.947157	0.925766	0.910569	0.921179	0.913958	0.913202	0.921006	0.905384	0.895459	0.93223	0.894746	0.931053	0.928989	0.899186	0.804431	0.784884	0.78534	0.785572	0	0.800811	1.04782	1.05773	1.04304	1.05006	1.05182	1.05822	1.04648	1.04502	1.04612	1.05032	1.06452	1.04735	1.06161	1.063	1.06193	1.04226	1.04339	1.04991	1.0767	1.0559	1.07771	1.06385	1.06413	1.07556	1.07005	1.08081	1.07978	1.07959	1.06739	1.06472	1.06375	1.06159	1.06326	1.05588	1.05058	1.05171	1.04744	1.04942	1.06486	1.06195	1.0641	1.04821	1.05692	1.06623	1.0477	1.0514	1.08491	1.06616
ERR613452	0.904441	0.945201	1.00109	0.901895	0.901399	0.907008	0.97513	0.911236	0.912367	0.901542	0.908277	0.915406	0.923839	0.895814	0.897761	0.913105	0.90967	0.913099	0.936284	0.912318	0.934251	0.932772	0.941792	0.905613	0.967412	0.94293	0.919773	0.924559	0.945713	0.924128	0.908577	0.919543	0.912186	0.911488	0.919898	0.903738	0.89353	0.930785	0.892441	0.929622	0.927798	0.896943	0.80172	0.781549	0.782846	0.782342	0.800811	0	1.04675	1.05667	1.04155	1.04865	1.05078	1.05739	1.04538	1.04382	1.04528	1.04922	1.06367	1.04642	1.06089	1.06186	1.06113	1.0416	1.04219	1.04887	1.07506	1.05452	1.07636	1.06223	1.06267	1.07413	1.06893	1.0797	1.0789	1.0783	1.06674	1.06402	1.06294	1.06071	1.06239	1.05477	1.04991	1.05087	1.04614	1.04817	1.06333	1.06095	1.06272	1.04698	1.05556	1.06481	1.04623	1.05014	1.08346	1.06468
