	ERR618548	ERR618543	ERR618545	ERR618544	ERR618546	ERR618547	ERR607756	ERR607753	ERR607755	ERR607758	ERR607757	ERR607754	ERR605479	ERR605480	ERR605481	ERR605482	ERR605483	ERR605484	ERR612225	ERR612224	ERR612221	ERR612223	ERR612226	ERR612222	ERR626866	ERR626861	ERR626865	ERR626864	ERR626862	ERR626863	ERR637038	ERR637037	ERR637036	ERR637033	ERR637034	ERR637035	ERR608582	ERR608584	ERR608580	ERR608583	ERR608579	ERR608581	ERR606035	ERR606030	ERR606033	ERR606034	ERR606031	ERR606032	ERR617567	ERR617565	ERR617570	ERR617568	ERR617566	ERR617569	ERR607580	ERR607583	ERR607584	ERR607582	ERR607581	ERR607579	ERR613784	ERR613782	ERR613783	ERR613785	ERR613786	ERR613787	ERR630080	ERR630081	ERR630078	ERR630082	ERR630079	ERR630083	ERR613769	ERR613766	ERR613767	ERR613765	ERR613768	ERR626740	ERR612182	ERR612183	ERR612181	ERR612180	ERR612179	ERR612184	ERR630009	ERR630006	ERR630008	ERR630007	ERR630011	ERR630010	ERR612610	ERR612607	ERR612608	ERR612612	ERR612611	ERR612609
ERR618548	7.11969e+09	6.54858e+09	6.38462e+09	6.37332e+09	6.92275e+09	6.91828e+09	6.10855e+09	6.38225e+09	6.70395e+09	6.05673e+09	6.03395e+09	6.81039e+09	7.21482e+09	6.9997e+09	6.73586e+09	6.95828e+09	7.01998e+09	6.95072e+09	5.35856e+09	6.17032e+09	7.16202e+09	6.93619e+09	6.08336e+09	6.9085e+09	7.02067e+09	7.01096e+09	5.54324e+09	5.60839e+09	6.52954e+09	6.56898e+09	6.54693e+09	6.49478e+09	6.46323e+09	6.29587e+09	6.58257e+09	6.53493e+09	6.72476e+09	6.74296e+09	6.50889e+09	6.69805e+09	5.04516e+09	6.78999e+09	6.10162e+09	5.90547e+09	6.22582e+09	6.21944e+09	7.32891e+09	7.4178e+09	5.04724e+09	6.4856e+09	6.41012e+09	6.45921e+09	3.19017e+09	6.42759e+09	5.62049e+09	6.42066e+09	6.41667e+09	6.44464e+09	5.51366e+09	5.50886e+09	5.88526e+09	5.70425e+09	6.15386e+09	5.80844e+09	5.82364e+09	5.78275e+09	6.51828e+09	5.25226e+09	6.70625e+09	6.01255e+09	6.20992e+09	6.10517e+09	6.5613e+09	6.07155e+09	6.53219e+09	6.71141e+09	6.59585e+09	7.10676e+09	5.51923e+09	4.80087e+09	5.49881e+09	5.51796e+09	5.67326e+09	5.37103e+09	4.97103e+09	6.44655e+09	6.20348e+09	5.84428e+09	5.84414e+09	5.72247e+09	5.91754e+09	6.71312e+09	5.55005e+09	5.87193e+09	5.92511e+09	6.42658e+09
ERR618543	6.54858e+09	6.46786e+09	6.09789e+09	6.08727e+09	6.58504e+09	6.58012e+09	5.79396e+09	6.05357e+09	6.35131e+09	5.74578e+09	5.72431e+09	6.45468e+09	6.8194e+09	6.61886e+09	6.37249e+09	6.58074e+09	6.63765e+09	6.57396e+09	5.09166e+09	5.8501e+09	6.77706e+09	6.56406e+09	5.7693e+09	6.53768e+09	6.65262e+09	6.64466e+09	5.28716e+09	5.34797e+09	6.19826e+09	6.23481e+09	6.19864e+09	6.15041e+09	6.12043e+09	5.96379e+09	6.23355e+09	6.18541e+09	6.37628e+09	6.39185e+09	6.17553e+09	6.35098e+09	4.80198e+09	6.43917e+09	5.79766e+09	5.60421e+09	5.91473e+09	5.90699e+09	6.93654e+09	7.01989e+09	4.82549e+09	6.17267e+09	6.09384e+09	6.13891e+09	3.05358e+09	6.1092e+09	5.34468e+09	6.0931e+09	6.0893e+09	6.11562e+09	5.24629e+09	5.23951e+09	5.59214e+09	5.42539e+09	5.8457e+09	5.52409e+09	5.53782e+09	5.50033e+09	6.17861e+09	4.9869e+09	6.35272e+09	5.69665e+09	5.88848e+09	5.78241e+09	6.22831e+09	5.76518e+09	6.20094e+09	6.36585e+09	6.26037e+09	6.7351e+09	5.25405e+09	4.58261e+09	5.23505e+09	5.25181e+09	5.39984e+09	5.11583e+09	4.72787e+09	6.11326e+09	5.88721e+09	5.5502e+09	5.54224e+09	5.42941e+09	5.62688e+09	6.36864e+09	5.28265e+09	5.58418e+09	5.6332e+09	6.09689e+09
ERR618545	6.38462e+09	6.09789e+09	6.1608e+09	5.94136e+09	6.41944e+09	6.41554e+09	5.66233e+09	5.91353e+09	6.20149e+09	5.61598e+09	5.59505e+09	6.30064e+09	6.65319e+09	6.45973e+09	6.22239e+09	6.42341e+09	6.47783e+09	6.4165e+09	4.98052e+09	5.71556e+09	6.61033e+09	6.40574e+09	5.63677e+09	6.38009e+09	6.49125e+09	6.48437e+09	5.17331e+09	5.23234e+09	6.05385e+09	6.08898e+09	6.05385e+09	6.00736e+09	5.97823e+09	5.82692e+09	6.08749e+09	6.0415e+09	6.22209e+09	6.23737e+09	6.02839e+09	6.19793e+09	4.69986e+09	6.28211e+09	5.66651e+09	5.48002e+09	5.77954e+09	5.77208e+09	6.76492e+09	6.84503e+09	4.72081e+09	6.02264e+09	5.94858e+09	5.99241e+09	2.99397e+09	5.96354e+09	5.22379e+09	5.94761e+09	5.94388e+09	5.96894e+09	5.12832e+09	5.12242e+09	5.46459e+09	5.30288e+09	5.70913e+09	5.3983e+09	5.41128e+09	5.37536e+09	6.03335e+09	4.87956e+09	6.20083e+09	5.56757e+09	5.75306e+09	5.65095e+09	6.07754e+09	5.63082e+09	6.05092e+09	6.21092e+09	6.10826e+09	6.56678e+09	5.13554e+09	4.48504e+09	5.11694e+09	5.13376e+09	5.27657e+09	5.00134e+09	4.63039e+09	5.97069e+09	5.75358e+09	5.4276e+09	5.41953e+09	5.31037e+09	5.49662e+09	6.21289e+09	5.16368e+09	5.45537e+09	5.50274e+09	5.95088e+09
ERR618544	6.37332e+09	6.08727e+09	5.94136e+09	6.14117e+09	6.40788e+09	6.4042e+09	5.64808e+09	5.89853e+09	6.18579e+09	5.60186e+09	5.58095e+09	6.2855e+09	6.63337e+09	6.4406e+09	6.20363e+09	6.40439e+09	6.45858e+09	6.39761e+09	4.96942e+09	5.70149e+09	6.59385e+09	6.38917e+09	5.62332e+09	6.36385e+09	6.47432e+09	6.46666e+09	5.16061e+09	5.21986e+09	6.03775e+09	6.07291e+09	6.03679e+09	5.99008e+09	5.96169e+09	5.8106e+09	6.07061e+09	6.02406e+09	6.20581e+09	6.22058e+09	6.01268e+09	6.18204e+09	4.68831e+09	6.26604e+09	5.65265e+09	5.46607e+09	5.76551e+09	5.75804e+09	6.74723e+09	6.82663e+09	4.71101e+09	6.00954e+09	5.93405e+09	5.9775e+09	2.98774e+09	5.9491e+09	5.21102e+09	5.93207e+09	5.92851e+09	5.95352e+09	5.1159e+09	5.10929e+09	5.45064e+09	5.28986e+09	5.69475e+09	5.38478e+09	5.39778e+09	5.36171e+09	6.01686e+09	4.86687e+09	6.18407e+09	5.55206e+09	5.73752e+09	5.63493e+09	6.06281e+09	5.61682e+09	6.03637e+09	6.19508e+09	6.09365e+09	6.55023e+09	5.12568e+09	4.47713e+09	5.10721e+09	5.12347e+09	5.26646e+09	4.9923e+09	4.619e+09	5.95498e+09	5.73817e+09	5.41354e+09	5.40502e+09	5.29655e+09	5.48444e+09	6.19831e+09	5.1527e+09	5.44398e+09	5.49058e+09	5.93645e+09
ERR618546	6.92275e+09	6.58504e+09	6.41944e+09	6.40788e+09	7.20066e+09	6.95804e+09	6.13202e+09	6.4084e+09	6.73217e+09	6.08003e+09	6.05704e+09	6.84023e+09	7.24691e+09	7.02945e+09	6.76382e+09	6.98813e+09	7.05066e+09	6.98102e+09	5.37905e+09	6.19464e+09	7.19412e+09	6.96667e+09	6.1073e+09	6.93795e+09	7.05266e+09	7.04319e+09	5.56686e+09	5.63168e+09	6.55802e+09	6.59748e+09	6.57349e+09	6.5211e+09	6.48909e+09	6.32064e+09	6.60946e+09	6.56106e+09	6.75403e+09	6.77125e+09	6.53626e+09	6.72656e+09	5.06371e+09	6.81933e+09	6.12732e+09	5.92866e+09	6.25283e+09	6.24653e+09	7.36348e+09	7.45293e+09	5.06936e+09	6.51868e+09	6.44132e+09	6.49048e+09	3.20144e+09	6.45784e+09	5.64245e+09	6.4479e+09	6.44361e+09	6.47181e+09	5.53522e+09	5.52996e+09	5.90828e+09	5.72647e+09	6.1785e+09	5.83151e+09	5.84716e+09	5.80569e+09	6.54477e+09	5.27013e+09	6.73379e+09	6.0352e+09	6.23439e+09	6.12776e+09	6.59007e+09	6.09582e+09	6.56105e+09	6.74063e+09	6.62427e+09	7.13916e+09	5.54227e+09	4.82009e+09	5.52236e+09	5.54085e+09	5.69687e+09	5.39354e+09	4.98815e+09	6.47339e+09	6.22825e+09	5.86701e+09	5.86621e+09	5.74389e+09	5.94318e+09	6.74381e+09	5.57397e+09	5.89684e+09	5.95172e+09	6.45458e+09
ERR618547	6.91828e+09	6.58012e+09	6.41554e+09	6.4042e+09	6.95804e+09	7.19202e+09	6.13707e+09	6.41251e+09	6.73593e+09	6.08476e+09	6.06205e+09	6.84355e+09	7.25233e+09	7.03507e+09	6.76998e+09	6.99345e+09	7.05533e+09	6.9865e+09	5.3841e+09	6.20034e+09	7.1991e+09	6.97197e+09	6.11266e+09	6.94448e+09	7.05627e+09	7.0469e+09	5.56822e+09	5.6333e+09	6.56209e+09	6.60154e+09	6.57905e+09	6.52677e+09	6.49472e+09	6.32606e+09	6.6147e+09	6.56743e+09	6.76021e+09	6.77824e+09	6.54275e+09	6.73298e+09	5.06955e+09	6.82529e+09	6.13182e+09	5.93497e+09	6.25639e+09	6.25089e+09	7.36782e+09	7.45717e+09	5.07029e+09	6.51931e+09	6.44419e+09	6.49322e+09	3.20385e+09	6.46113e+09	5.64789e+09	6.4526e+09	6.44874e+09	6.47659e+09	5.54017e+09	5.53539e+09	5.91377e+09	5.73186e+09	6.18402e+09	5.83664e+09	5.85213e+09	5.81034e+09	6.55244e+09	5.27904e+09	6.74101e+09	6.04349e+09	6.2414e+09	6.13653e+09	6.59419e+09	6.10195e+09	6.56555e+09	6.74552e+09	6.62901e+09	7.14377e+09	5.54602e+09	4.82244e+09	5.52599e+09	5.54489e+09	5.70102e+09	5.39699e+09	4.99492e+09	6.48066e+09	6.23514e+09	5.8737e+09	5.8745e+09	5.75158e+09	5.94679e+09	6.74806e+09	5.57742e+09	5.90034e+09	5.9552e+09	6.45962e+09
ERR607756	6.10855e+09	5.79396e+09	5.66233e+09	5.64808e+09	6.13202e+09	6.13707e+09	6.94869e+09	6.97711e+09	7.25551e+09	6.72612e+09	6.69755e+09	7.323e+09	7.57155e+09	7.40283e+09	7.19608e+09	7.36276e+09	7.41858e+09	7.35888e+09	5.83682e+09	6.67299e+09	7.51748e+09	7.3477e+09	6.58078e+09	7.33402e+09	7.02463e+09	7.01697e+09	5.48975e+09	5.5519e+09	6.5549e+09	6.57456e+09	7.11639e+09	7.07791e+09	7.05578e+09	6.9209e+09	7.144e+09	7.1245e+09	6.95363e+09	6.97696e+09	6.7407e+09	6.92304e+09	5.28841e+09	7.00256e+09	6.28372e+09	6.24672e+09	6.41493e+09	6.40554e+09	7.49901e+09	7.56773e+09	4.86755e+09	6.21473e+09	6.22778e+09	6.27828e+09	3.1531e+09	6.25068e+09	6.0193e+09	6.82741e+09	6.82788e+09	6.85602e+09	5.88712e+09	5.90732e+09	6.23604e+09	6.03081e+09	6.49223e+09	6.12532e+09	6.14796e+09	6.09615e+09	6.91562e+09	5.70269e+09	7.09831e+09	6.52187e+09	6.62623e+09	6.61705e+09	6.89028e+09	6.47024e+09	6.8671e+09	7.05293e+09	6.91915e+09	7.39324e+09	5.68598e+09	4.92385e+09	5.67392e+09	5.71365e+09	5.83581e+09	5.52739e+09	5.20464e+09	6.63239e+09	6.38856e+09	6.03685e+09	6.12108e+09	5.99088e+09	6.0928e+09	6.90533e+09	5.73646e+09	6.04288e+09	6.11317e+09	6.66632e+09
ERR607753	6.38225e+09	6.05357e+09	5.91353e+09	5.89853e+09	6.4084e+09	6.41251e+09	6.97711e+09	7.40875e+09	7.51101e+09	6.93466e+09	6.9038e+09	7.58735e+09	7.84855e+09	7.66573e+09	7.44117e+09	7.62326e+09	7.68302e+09	7.61902e+09	6.00661e+09	6.88655e+09	7.7955e+09	7.60985e+09	6.78928e+09	7.59318e+09	7.2975e+09	7.28922e+09	5.6892e+09	5.75488e+09	6.79946e+09	6.8231e+09	7.35596e+09	7.31395e+09	7.28962e+09	7.14433e+09	7.38724e+09	7.3625e+09	7.21095e+09	7.23483e+09	6.98646e+09	7.17946e+09	5.45928e+09	7.26481e+09	6.50185e+09	6.44632e+09	6.64034e+09	6.62993e+09	7.78795e+09	7.8621e+09	5.05828e+09	6.48027e+09	6.48502e+09	6.53765e+09	3.26176e+09	6.50771e+09	6.21016e+09	7.06462e+09	7.0639e+09	7.09421e+09	6.07371e+09	6.09229e+09	6.44247e+09	6.22875e+09	6.71438e+09	6.32839e+09	6.35176e+09	6.29815e+09	7.15695e+09	5.871e+09	7.35044e+09	6.7276e+09	6.84856e+09	6.82836e+09	7.13536e+09	6.68384e+09	7.11065e+09	7.30704e+09	7.16645e+09	7.67304e+09	5.87867e+09	5.08414e+09	5.86562e+09	5.90463e+09	6.03723e+09	5.71316e+09	5.36703e+09	6.87475e+09	6.61843e+09	6.24629e+09	6.32474e+09	6.18916e+09	6.30712e+09	7.16312e+09	5.93257e+09	6.2552e+09	6.3274e+09	6.90486e+09
ERR607755	6.70395e+09	6.35131e+09	6.20149e+09	6.18579e+09	6.73217e+09	6.73593e+09	7.25551e+09	7.51101e+09	8.06528e+09	7.20839e+09	7.1751e+09	7.92679e+09	8.23142e+09	8.02962e+09	7.78125e+09	7.98076e+09	8.04688e+09	7.97608e+09	6.23048e+09	7.16885e+09	8.16557e+09	7.96121e+09	7.06459e+09	7.9445e+09	7.64597e+09	7.63763e+09	5.93231e+09	6.00076e+09	7.11163e+09	7.13727e+09	7.68113e+09	7.63482e+09	7.60794e+09	7.44684e+09	7.71423e+09	7.6901e+09	7.55279e+09	7.57918e+09	7.31346e+09	7.51971e+09	5.69381e+09	7.6102e+09	6.78016e+09	6.71516e+09	6.92653e+09	6.91719e+09	8.16224e+09	8.24382e+09	5.29866e+09	6.81427e+09	6.81808e+09	6.87458e+09	3.40633e+09	6.84241e+09	6.45986e+09	7.37128e+09	7.37053e+09	7.40328e+09	6.31526e+09	6.33475e+09	6.71148e+09	6.48515e+09	7.00091e+09	6.59107e+09	6.61561e+09	6.5587e+09	7.48019e+09	6.10751e+09	7.68967e+09	7.01701e+09	7.14848e+09	7.12543e+09	7.44871e+09	6.96418e+09	7.42193e+09	7.63475e+09	7.4827e+09	8.03581e+09	6.12772e+09	5.28948e+09	6.11308e+09	6.15443e+09	6.29615e+09	5.95233e+09	5.59869e+09	7.20478e+09	6.93016e+09	6.53275e+09	6.6167e+09	6.47143e+09	6.58457e+09	7.49806e+09	6.18748e+09	6.53001e+09	6.60617e+09	7.22026e+09
ERR607758	6.05673e+09	5.74578e+09	5.61598e+09	5.60186e+09	6.08003e+09	6.08476e+09	6.72612e+09	6.93466e+09	7.20839e+09	6.86742e+09	6.65926e+09	7.27427e+09	7.51862e+09	7.3525e+09	7.14965e+09	7.31322e+09	7.36816e+09	7.30931e+09	5.80471e+09	6.63252e+09	7.4649e+09	7.29791e+09	6.54126e+09	7.2845e+09	6.97302e+09	6.96567e+09	5.4523e+09	5.51381e+09	6.50833e+09	6.52781e+09	7.07086e+09	7.03275e+09	7.01116e+09	6.87875e+09	7.09799e+09	7.07933e+09	6.9063e+09	6.93012e+09	6.69555e+09	6.87591e+09	5.25789e+09	6.95427e+09	6.24296e+09	6.20906e+09	6.37253e+09	6.36387e+09	7.44453e+09	7.51214e+09	4.83217e+09	6.16518e+09	6.18028e+09	6.23012e+09	3.13365e+09	6.20287e+09	5.9848e+09	6.78479e+09	6.78545e+09	6.81335e+09	5.85357e+09	5.87445e+09	6.19932e+09	5.995e+09	6.45211e+09	6.08889e+09	6.11101e+09	6.05924e+09	6.87126e+09	5.67207e+09	7.05096e+09	6.48382e+09	6.58543e+09	6.57826e+09	6.84547e+09	6.43174e+09	6.82242e+09	7.00643e+09	6.87376e+09	7.34278e+09	5.65116e+09	4.89503e+09	5.6391e+09	5.67896e+09	5.79924e+09	5.49362e+09	5.17317e+09	6.58539e+09	6.3443e+09	5.99665e+09	6.08114e+09	5.95267e+09	6.05399e+09	6.8587e+09	5.70109e+09	6.00484e+09	6.07396e+09	6.62277e+09
ERR607757	6.03395e+09	5.72431e+09	5.59505e+09	5.58095e+09	6.05704e+09	6.06205e+09	6.69755e+09	6.9038e+09	7.1751e+09	6.65926e+09	6.80884e+09	7.24069e+09	7.48337e+09	7.31881e+09	7.1172e+09	7.27952e+09	7.334e+09	7.27553e+09	5.78305e+09	6.60609e+09	7.43096e+09	7.26533e+09	6.51493e+09	7.25162e+09	6.94339e+09	6.93663e+09	5.43192e+09	5.493e+09	6.48172e+09	6.50088e+09	7.03749e+09	6.99977e+09	6.9785e+09	6.84714e+09	7.06425e+09	7.04546e+09	6.87456e+09	6.89788e+09	6.66533e+09	6.84486e+09	5.23511e+09	6.9222e+09	6.219e+09	6.18485e+09	6.34814e+09	6.33976e+09	7.41273e+09	7.47986e+09	4.81238e+09	6.13805e+09	6.15259e+09	6.20236e+09	3.12111e+09	6.1748e+09	5.96158e+09	6.75611e+09	6.75667e+09	6.78414e+09	5.83112e+09	5.85158e+09	6.1738e+09	5.9709e+09	6.42522e+09	6.06397e+09	6.08626e+09	6.03477e+09	6.84146e+09	5.64843e+09	7.01973e+09	6.45518e+09	6.55704e+09	6.54951e+09	6.81673e+09	6.40504e+09	6.79366e+09	6.97626e+09	6.84487e+09	7.30918e+09	5.62964e+09	4.87738e+09	5.61798e+09	5.65719e+09	5.77725e+09	5.47309e+09	5.15061e+09	6.55545e+09	6.31529e+09	5.97012e+09	6.05367e+09	5.92539e+09	6.02969e+09	6.82923e+09	5.67872e+09	5.98086e+09	6.04982e+09	6.59475e+09
ERR607754	6.81039e+09	6.45468e+09	6.30064e+09	6.2855e+09	6.84023e+09	6.84355e+09	7.323e+09	7.58735e+09	7.92679e+09	7.27427e+09	7.24069e+09	8.242e+09	8.31805e+09	8.11019e+09	7.85586e+09	8.06195e+09	8.12873e+09	8.05639e+09	6.28354e+09	7.23592e+09	8.25761e+09	8.04447e+09	7.1304e+09	8.02621e+09	7.73977e+09	7.7317e+09	6.0011e+09	6.07128e+09	7.19365e+09	7.22141e+09	7.75399e+09	7.7065e+09	7.67855e+09	7.51282e+09	7.79015e+09	7.75994e+09	7.63628e+09	7.6624e+09	7.39228e+09	7.60252e+09	5.74186e+09	7.69826e+09	6.85148e+09	6.7746e+09	7.00185e+09	6.99063e+09	8.26189e+09	8.34598e+09	5.36426e+09	6.91148e+09	6.90479e+09	6.96237e+09	3.43751e+09	6.9291e+09	6.52204e+09	7.45178e+09	7.45084e+09	7.48403e+09	6.37745e+09	6.39445e+09	6.77763e+09	6.54933e+09	7.07574e+09	6.65908e+09	6.68333e+09	6.62635e+09	7.55746e+09	6.1538e+09	7.7713e+09	7.07427e+09	7.21657e+09	7.18437e+09	7.5345e+09	7.03241e+09	7.50689e+09	7.72177e+09	7.56932e+09	8.13303e+09	6.19231e+09	5.3432e+09	6.17707e+09	6.21772e+09	6.3649e+09	6.01503e+09	5.64095e+09	7.27931e+09	7.00058e+09	6.59336e+09	6.67121e+09	6.5237e+09	6.6567e+09	7.58786e+09	6.25282e+09	6.60205e+09	6.67822e+09	7.29911e+09
ERR605479	7.21482e+09	6.8194e+09	6.65319e+09	6.63337e+09	7.24691e+09	7.25233e+09	7.57155e+09	7.84855e+09	8.23142e+09	7.51862e+09	7.48337e+09	8.31805e+09	9.39363e+09	8.86896e+09	8.56645e+09	8.80336e+09	8.88401e+09	8.79835e+09	6.6018e+09	7.64182e+09	8.79874e+09	8.55745e+09	7.52449e+09	8.54592e+09	8.27851e+09	8.27391e+09	6.36483e+09	6.43807e+09	7.67839e+09	7.70558e+09	8.15532e+09	8.10197e+09	8.07179e+09	7.88417e+09	8.19059e+09	8.16903e+09	8.10729e+09	8.13861e+09	7.84172e+09	8.0726e+09	6.06593e+09	8.16977e+09	7.26934e+09	7.18588e+09	7.42721e+09	7.42245e+09	8.8296e+09	8.92469e+09	5.69221e+09	7.37088e+09	7.38259e+09	7.44549e+09	3.64198e+09	7.41059e+09	6.85268e+09	7.85585e+09	7.85624e+09	7.89227e+09	6.69503e+09	6.71658e+09	7.13994e+09	6.89289e+09	7.45787e+09	7.00655e+09	7.03478e+09	6.97112e+09	8.02854e+09	6.50161e+09	8.26782e+09	7.50394e+09	7.65596e+09	7.62591e+09	7.93343e+09	7.40123e+09	7.90233e+09	8.14525e+09	7.97082e+09	8.60594e+09	6.59018e+09	5.66645e+09	6.57401e+09	6.62186e+09	6.77886e+09	6.39582e+09	5.98712e+09	7.76888e+09	7.45865e+09	7.01562e+09	7.10919e+09	6.94759e+09	7.11229e+09	8.13584e+09	6.67524e+09	7.05269e+09	7.13756e+09	7.8264e+09
ERR605480	6.9997e+09	6.61886e+09	6.45973e+09	6.4406e+09	7.02945e+09	7.03507e+09	7.40283e+09	7.66573e+09	8.02962e+09	7.3525e+09	7.31881e+09	8.11019e+09	8.86896e+09	8.89787e+09	8.35144e+09	8.57397e+09	8.6505e+09	8.56962e+09	6.46411e+09	7.46677e+09	8.56463e+09	8.33699e+09	7.35391e+09	8.3277e+09	8.05384e+09	8.04946e+09	6.20853e+09	6.27831e+09	7.47987e+09	7.50406e+09	7.95732e+09	7.90698e+09	7.87808e+09	7.69985e+09	7.99025e+09	7.97105e+09	7.89457e+09	7.92497e+09	7.63951e+09	7.86088e+09	5.9267e+09	7.95311e+09	7.09522e+09	7.02258e+09	7.24683e+09	7.24254e+09	8.58829e+09	8.6785e+09	5.54193e+09	7.15628e+09	7.17231e+09	7.23345e+09	3.55614e+09	7.19971e+09	6.69953e+09	7.6643e+09	7.66454e+09	7.69884e+09	6.54639e+09	6.56902e+09	6.97483e+09	6.73526e+09	7.2802e+09	6.84436e+09	6.87163e+09	6.80991e+09	7.82966e+09	6.36309e+09	8.05897e+09	7.3326e+09	7.4735e+09	7.44931e+09	7.73723e+09	7.22975e+09	7.7072e+09	7.9407e+09	7.77287e+09	8.37877e+09	6.43477e+09	5.53957e+09	6.42021e+09	6.46762e+09	6.61688e+09	6.24634e+09	5.85079e+09	7.56598e+09	7.26797e+09	6.84275e+09	6.93638e+09	6.78036e+09	6.93833e+09	7.92288e+09	6.51678e+09	6.88067e+09	6.96343e+09	7.62863e+09
ERR605481	6.73586e+09	6.37249e+09	6.22239e+09	6.20363e+09	6.76382e+09	6.76998e+09	7.19608e+09	7.44117e+09	7.78125e+09	7.14965e+09	7.1172e+09	7.85586e+09	8.56645e+09	8.35144e+09	8.33315e+09	8.29545e+09	8.36627e+09	8.29096e+09	6.29587e+09	7.25444e+09	8.28056e+09	8.07108e+09	7.14662e+09	8.0624e+09	7.77598e+09	7.77162e+09	6.01283e+09	6.07999e+09	7.23266e+09	7.25441e+09	7.71387e+09	7.66692e+09	7.64e+09	7.47491e+09	7.74531e+09	7.7283e+09	7.63722e+09	7.66626e+09	7.39566e+09	7.60454e+09	5.75954e+09	7.69249e+09	6.8786e+09	6.82313e+09	7.02241e+09	7.01927e+09	8.29495e+09	8.37873e+09	5.35869e+09	6.89694e+09	6.91814e+09	6.9764e+09	3.45222e+09	6.94481e+09	6.51324e+09	7.43177e+09	7.43236e+09	7.46394e+09	6.36454e+09	6.38803e+09	6.77273e+09	6.54242e+09	7.06247e+09	6.64673e+09	6.67297e+09	6.61423e+09	7.58286e+09	6.19152e+09	7.79897e+09	7.12021e+09	7.2475e+09	7.23142e+09	7.49786e+09	7.02055e+09	7.46918e+09	7.69073e+09	7.53136e+09	8.10137e+09	6.24813e+09	5.38628e+09	6.23386e+09	6.28128e+09	6.42054e+09	6.06706e+09	5.68351e+09	7.3161e+09	7.03312e+09	6.62943e+09	6.72442e+09	6.57558e+09	6.72764e+09	7.66667e+09	6.32567e+09	6.67259e+09	6.75253e+09	7.39015e+09
ERR605482	6.95828e+09	6.58074e+09	6.42341e+09	6.40439e+09	6.98813e+09	6.99345e+09	7.36276e+09	7.62326e+09	7.98076e+09	7.31322e+09	7.27952e+09	8.06195e+09	8.80336e+09	8.57397e+09	8.29545e+09	8.77569e+09	8.59376e+09	8.5142e+09	6.43085e+09	7.42515e+09	8.50761e+09	8.28421e+09	7.31299e+09	8.27354e+09	8.00142e+09	7.99572e+09	6.17371e+09	6.24415e+09	7.43274e+09	7.45762e+09	7.90686e+09	7.85689e+09	7.82799e+09	7.65391e+09	7.94049e+09	7.92039e+09	7.8404e+09	7.87038e+09	7.58815e+09	7.80716e+09	5.88959e+09	7.89962e+09	7.05288e+09	6.98189e+09	7.20327e+09	7.19915e+09	8.53178e+09	8.62048e+09	5.50555e+09	7.10726e+09	7.12176e+09	7.18223e+09	3.53405e+09	7.14843e+09	6.66033e+09	7.61672e+09	7.61699e+09	7.65055e+09	6.5082e+09	6.53018e+09	6.93207e+09	6.69433e+09	7.2346e+09	6.80365e+09	6.83052e+09	6.76981e+09	7.77469e+09	6.32222e+09	8.00044e+09	7.28249e+09	7.42251e+09	7.39813e+09	7.68928e+09	7.18604e+09	7.6598e+09	7.89031e+09	7.72496e+09	8.32271e+09	6.39783e+09	5.50898e+09	6.38278e+09	6.42942e+09	6.57646e+09	6.21057e+09	5.81267e+09	7.51178e+09	7.21657e+09	6.79613e+09	6.88779e+09	6.73359e+09	6.89533e+09	7.87105e+09	6.47681e+09	6.83845e+09	6.92028e+09	7.57855e+09
ERR605483	7.01998e+09	6.63765e+09	6.47783e+09	6.45858e+09	7.05066e+09	7.05533e+09	7.41858e+09	7.68302e+09	8.04688e+09	7.36816e+09	7.334e+09	8.12873e+09	8.88401e+09	8.6505e+09	8.36627e+09	8.59376e+09	8.93223e+09	8.58916e+09	6.47592e+09	7.4822e+09	8.58325e+09	8.35609e+09	7.36849e+09	8.34506e+09	8.07129e+09	8.06569e+09	6.22142e+09	6.29216e+09	7.49429e+09	7.52029e+09	7.9734e+09	7.92292e+09	7.89424e+09	7.7169e+09	8.00801e+09	7.98817e+09	7.90775e+09	7.93818e+09	7.65231e+09	7.87394e+09	5.93566e+09	7.96733e+09	7.10626e+09	7.03419e+09	7.25876e+09	7.25419e+09	8.60583e+09	8.69608e+09	5.55049e+09	7.17076e+09	7.18505e+09	7.24672e+09	3.56084e+09	7.2128e+09	6.70847e+09	7.6768e+09	7.677e+09	7.71172e+09	6.55489e+09	6.57729e+09	6.98461e+09	6.74425e+09	7.29066e+09	6.85459e+09	6.88149e+09	6.82025e+09	7.83972e+09	6.37057e+09	8.06933e+09	7.34141e+09	7.48314e+09	7.45884e+09	7.75045e+09	7.2405e+09	7.72042e+09	7.95407e+09	7.78621e+09	8.39316e+09	6.44532e+09	5.54803e+09	6.43001e+09	6.47684e+09	6.62647e+09	6.25633e+09	5.85886e+09	7.5768e+09	7.27819e+09	6.85252e+09	6.94601e+09	6.79e+09	6.94975e+09	7.9369e+09	6.52663e+09	6.89188e+09	6.97444e+09	7.64113e+09
ERR605484	6.95072e+09	6.57396e+09	6.4165e+09	6.39761e+09	6.98102e+09	6.9865e+09	7.35888e+09	7.61902e+09	7.97608e+09	7.30931e+09	7.27553e+09	8.05639e+09	8.79835e+09	8.56962e+09	8.29096e+09	8.5142e+09	8.58916e+09	8.7666e+09	6.42654e+09	7.42002e+09	8.50184e+09	8.2784e+09	7.30845e+09	8.26748e+09	7.99649e+09	7.99052e+09	6.17009e+09	6.24038e+09	7.42789e+09	7.45305e+09	7.90406e+09	7.85399e+09	7.82567e+09	7.65199e+09	7.9381e+09	7.91801e+09	7.8355e+09	7.86553e+09	7.58397e+09	7.80253e+09	5.8873e+09	7.89485e+09	7.04716e+09	6.97705e+09	7.19793e+09	7.19353e+09	8.5246e+09	8.6134e+09	5.50062e+09	7.10105e+09	7.11587e+09	7.17603e+09	3.53089e+09	7.14233e+09	6.65599e+09	7.61118e+09	7.61161e+09	7.64532e+09	6.50327e+09	6.52601e+09	6.92816e+09	6.69105e+09	7.23057e+09	6.79963e+09	6.82635e+09	6.76545e+09	7.76981e+09	6.31976e+09	7.99549e+09	7.2789e+09	7.41877e+09	7.39485e+09	7.68387e+09	7.181e+09	7.65451e+09	7.8843e+09	7.71903e+09	8.31572e+09	6.3924e+09	5.50471e+09	6.37784e+09	6.42409e+09	6.57179e+09	6.20588e+09	5.80972e+09	7.50641e+09	7.21183e+09	6.79171e+09	6.88436e+09	6.73008e+09	6.89018e+09	7.86492e+09	6.47233e+09	6.83326e+09	6.91496e+09	7.57341e+09
ERR612225	5.35856e+09	5.09166e+09	4.98052e+09	4.96942e+09	5.37905e+09	5.3841e+09	5.83682e+09	6.00661e+09	6.23048e+09	5.80471e+09	5.78305e+09	6.28354e+09	6.6018e+09	6.46411e+09	6.29587e+09	6.43085e+09	6.47592e+09	6.42654e+09	5.47692e+09	6.01082e+09	6.71226e+09	6.57012e+09	5.93542e+09	6.56172e+09	6.12779e+09	6.12244e+09	4.83975e+09	4.89244e+09	5.74031e+09	5.75469e+09	6.13704e+09	6.10523e+09	6.08676e+09	5.97851e+09	6.15789e+09	6.1443e+09	6.2e+09	6.21947e+09	6.02271e+09	6.17505e+09	4.79765e+09	6.2372e+09	5.56671e+09	5.53694e+09	5.67263e+09	5.6703e+09	6.55704e+09	6.61196e+09	4.43749e+09	5.58346e+09	5.60247e+09	5.64365e+09	2.92283e+09	5.62101e+09	5.41379e+09	6.07632e+09	6.07676e+09	6.09896e+09	5.30418e+09	5.32142e+09	5.59803e+09	5.42778e+09	5.80802e+09	5.50381e+09	5.5228e+09	5.47999e+09	6.08568e+09	5.07805e+09	6.23478e+09	5.76335e+09	5.84921e+09	5.84234e+09	6.12604e+09	5.78819e+09	6.10606e+09	6.25779e+09	6.14946e+09	6.5342e+09	5.19577e+09	4.53796e+09	5.18507e+09	5.22033e+09	5.32106e+09	5.05953e+09	4.58187e+09	5.77699e+09	5.57287e+09	5.28109e+09	5.35443e+09	5.24511e+09	5.53593e+09	6.2065e+09	5.23288e+09	5.49341e+09	5.5539e+09	6.01416e+09
ERR612224	6.17032e+09	5.8501e+09	5.71556e+09	5.70149e+09	6.19464e+09	6.20034e+09	6.67299e+09	6.88655e+09	7.16885e+09	6.63252e+09	6.60609e+09	7.23592e+09	7.64182e+09	7.46677e+09	7.25444e+09	7.42515e+09	7.4822e+09	7.42002e+09	6.01082e+09	7.08627e+09	7.7737e+09	7.59325e+09	6.78675e+09	7.58228e+09	7.06159e+09	7.05581e+09	5.50775e+09	5.56967e+09	6.58612e+09	6.6062e+09	7.0597e+09	7.01993e+09	6.99709e+09	6.86048e+09	7.08645e+09	7.06894e+09	7.14936e+09	7.17307e+09	6.93279e+09	7.11926e+09	5.45595e+09	7.19707e+09	6.35048e+09	6.30643e+09	6.48067e+09	6.47745e+09	7.58305e+09	7.65323e+09	5.06997e+09	6.45044e+09	6.46742e+09	6.51677e+09	3.30016e+09	6.48923e+09	6.16726e+09	6.98473e+09	6.98561e+09	7.01312e+09	6.03445e+09	6.05408e+09	6.39729e+09	6.19068e+09	6.65597e+09	6.28455e+09	6.30705e+09	6.25555e+09	7.00221e+09	5.7689e+09	7.18792e+09	6.6e+09	6.70858e+09	6.69704e+09	7.04722e+09	6.62435e+09	7.02209e+09	7.21181e+09	7.07573e+09	7.56119e+09	5.90818e+09	5.12376e+09	5.89501e+09	5.93506e+09	6.06102e+09	5.74434e+09	5.20498e+09	6.64465e+09	6.39713e+09	6.04318e+09	6.12801e+09	5.99667e+09	6.32256e+09	7.14937e+09	5.95689e+09	6.27278e+09	6.34434e+09	6.90801e+09
ERR612221	7.16202e+09	6.77706e+09	6.61033e+09	6.59385e+09	7.19412e+09	7.1991e+09	7.51748e+09	7.7955e+09	8.16557e+09	7.4649e+09	7.43096e+09	8.25761e+09	8.79874e+09	8.56463e+09	8.28056e+09	8.50761e+09	8.58325e+09	8.50184e+09	6.71226e+09	7.7737e+09	9.23648e+09	8.71551e+09	7.65482e+09	8.69971e+09	8.1193e+09	8.11203e+09	6.25337e+09	6.32646e+09	7.52988e+09	7.55881e+09	8.03638e+09	7.98347e+09	7.95323e+09	7.77342e+09	8.07205e+09	8.04696e+09	8.21489e+09	8.24364e+09	7.94892e+09	8.17907e+09	6.16126e+09	8.27962e+09	7.19398e+09	7.1078e+09	7.3519e+09	7.34644e+09	8.73101e+09	8.82448e+09	5.81457e+09	7.50509e+09	7.50564e+09	7.56609e+09	3.72519e+09	7.53113e+09	6.94456e+09	7.9541e+09	7.95405e+09	7.98937e+09	6.78888e+09	6.8071e+09	7.23923e+09	6.994e+09	7.56111e+09	7.10962e+09	7.13603e+09	7.07411e+09	7.98813e+09	6.47026e+09	8.22433e+09	7.46441e+09	7.61694e+09	7.58521e+09	8.04084e+09	7.49838e+09	8.00954e+09	8.24884e+09	8.07847e+09	8.70831e+09	6.68171e+09	5.75514e+09	6.66429e+09	6.70879e+09	6.86958e+09	6.48633e+09	5.87532e+09	7.61774e+09	7.31644e+09	6.88328e+09	6.97155e+09	6.81254e+09	7.18945e+09	8.20834e+09	6.74826e+09	7.13107e+09	7.21412e+09	7.89539e+09
ERR612223	6.93619e+09	6.56406e+09	6.40574e+09	6.38917e+09	6.96667e+09	6.97197e+09	7.3477e+09	7.60985e+09	7.96121e+09	7.29791e+09	7.26533e+09	8.04447e+09	8.55745e+09	8.33699e+09	8.07108e+09	8.28421e+09	8.35609e+09	8.2784e+09	6.57012e+09	7.59325e+09	8.71551e+09	8.74472e+09	7.47887e+09	8.47214e+09	7.89171e+09	7.8825e+09	6.09129e+09	6.16207e+09	7.32745e+09	7.35524e+09	7.83865e+09	7.78899e+09	7.76099e+09	7.59164e+09	7.87204e+09	7.8511e+09	7.98988e+09	8.01804e+09	7.73615e+09	7.9554e+09	6.02115e+09	8.04944e+09	7.01471e+09	6.94515e+09	7.16683e+09	7.16217e+09	8.48405e+09	8.57097e+09	5.6526e+09	7.27124e+09	7.28076e+09	7.33792e+09	3.63929e+09	7.30529e+09	6.78024e+09	7.74726e+09	7.74758e+09	7.78102e+09	6.62851e+09	6.64883e+09	7.06321e+09	6.82516e+09	7.36919e+09	6.93502e+09	6.96067e+09	6.90124e+09	7.78139e+09	6.33291e+09	8.00683e+09	7.29298e+09	7.43003e+09	7.40897e+09	7.82667e+09	7.3146e+09	7.79739e+09	8.02658e+09	7.86268e+09	8.46038e+09	6.51634e+09	5.61992e+09	6.50031e+09	6.54331e+09	6.69446e+09	6.32717e+09	5.74391e+09	7.41424e+09	7.12523e+09	6.71119e+09	6.80455e+09	6.65142e+09	7.00206e+09	7.97833e+09	6.57822e+09	6.94579e+09	7.02635e+09	7.68365e+09
ERR612226	6.08336e+09	5.7693e+09	5.63677e+09	5.62332e+09	6.1073e+09	6.11266e+09	6.58078e+09	6.78928e+09	7.06459e+09	6.54126e+09	6.51493e+09	7.1304e+09	7.52449e+09	7.35391e+09	7.14662e+09	7.31299e+09	7.36849e+09	7.30845e+09	5.93542e+09	6.78675e+09	7.65482e+09	7.47887e+09	6.89502e+09	7.4676e+09	6.95873e+09	6.95317e+09	5.43588e+09	5.49694e+09	6.49288e+09	6.51276e+09	6.95622e+09	6.91693e+09	6.89456e+09	6.76135e+09	6.98192e+09	6.96456e+09	7.04308e+09	7.0662e+09	6.83091e+09	7.01393e+09	5.3823e+09	7.09029e+09	6.26698e+09	6.22287e+09	6.39414e+09	6.39108e+09	7.47068e+09	7.53857e+09	5.00042e+09	6.35488e+09	6.37138e+09	6.41973e+09	3.25845e+09	6.39283e+09	6.0837e+09	6.88323e+09	6.88382e+09	6.91032e+09	5.95422e+09	5.97299e+09	6.30882e+09	6.10645e+09	6.56199e+09	6.19824e+09	6.22013e+09	6.1695e+09	6.90022e+09	5.69196e+09	7.08169e+09	6.50565e+09	6.61273e+09	6.60137e+09	6.94416e+09	6.53098e+09	6.92037e+09	7.10486e+09	6.97246e+09	7.44524e+09	5.8318e+09	5.06118e+09	5.81853e+09	5.85793e+09	5.98106e+09	5.671e+09	5.13477e+09	6.54683e+09	6.30471e+09	5.95731e+09	6.04008e+09	5.91078e+09	6.23663e+09	7.04571e+09	5.87814e+09	6.18808e+09	6.25761e+09	6.80946e+09
ERR612222	6.9085e+09	6.53768e+09	6.38009e+09	6.36385e+09	6.93795e+09	6.94448e+09	7.33402e+09	7.59318e+09	7.9445e+09	7.2845e+09	7.25162e+09	8.02621e+09	8.54592e+09	8.3277e+09	8.0624e+09	8.27354e+09	8.34506e+09	8.26748e+09	6.56172e+09	7.58228e+09	8.69971e+09	8.47214e+09	7.4676e+09	8.71636e+09	7.8731e+09	7.86593e+09	6.07649e+09	6.1464e+09	7.31269e+09	7.33792e+09	7.82429e+09	7.7748e+09	7.7465e+09	7.57734e+09	7.85687e+09	7.83755e+09	7.97793e+09	8.00583e+09	7.72491e+09	7.94402e+09	6.01535e+09	8.036e+09	7.00326e+09	6.93704e+09	7.15296e+09	7.15038e+09	8.46825e+09	8.55495e+09	5.64229e+09	7.25302e+09	7.2672e+09	7.32485e+09	3.63517e+09	7.29221e+09	6.7751e+09	7.73757e+09	7.73787e+09	7.77177e+09	6.62362e+09	6.64378e+09	7.0559e+09	6.8181e+09	7.36004e+09	6.92728e+09	6.95293e+09	6.89337e+09	7.7741e+09	6.329e+09	7.99907e+09	7.28832e+09	7.42365e+09	7.40399e+09	7.8147e+09	7.30842e+09	7.78486e+09	8.0147e+09	7.85021e+09	8.44698e+09	6.50842e+09	5.61376e+09	6.49251e+09	6.53829e+09	6.68693e+09	6.32003e+09	5.73907e+09	7.40501e+09	7.11612e+09	6.70322e+09	6.79823e+09	6.64491e+09	6.9935e+09	7.9665e+09	6.57194e+09	6.93701e+09	7.01858e+09	7.67521e+09
ERR626866	7.02067e+09	6.65262e+09	6.49125e+09	6.47432e+09	7.05266e+09	7.05627e+09	7.02463e+09	7.2975e+09	7.64597e+09	6.97302e+09	6.94339e+09	7.73977e+09	8.27851e+09	8.05384e+09	7.77598e+09	8.00142e+09	8.07129e+09	7.99649e+09	6.12779e+09	7.06159e+09	8.1193e+09	7.89171e+09	6.95873e+09	7.8731e+09	8.14363e+09	7.8925e+09	6.13393e+09	6.20514e+09	7.34086e+09	7.37206e+09	7.54982e+09	7.49793e+09	7.46642e+09	7.29195e+09	7.5863e+09	7.553e+09	7.58495e+09	7.61167e+09	7.34203e+09	7.55458e+09	5.68922e+09	7.6484e+09	6.80753e+09	6.68063e+09	6.95105e+09	6.94575e+09	8.20579e+09	8.29499e+09	5.43128e+09	7.00482e+09	6.98741e+09	7.04418e+09	3.46319e+09	7.01047e+09	6.40075e+09	7.30973e+09	7.30844e+09	7.34052e+09	6.26414e+09	6.27534e+09	6.68802e+09	6.46773e+09	6.98504e+09	6.57699e+09	6.59924e+09	6.54448e+09	7.46872e+09	6.05108e+09	7.68105e+09	6.95335e+09	7.12519e+09	7.06149e+09	7.41294e+09	6.90759e+09	7.384e+09	7.59566e+09	7.44915e+09	8.01611e+09	6.14807e+09	5.3106e+09	6.13152e+09	6.1688e+09	6.32142e+09	5.97367e+09	5.61124e+09	7.27821e+09	6.99437e+09	6.58629e+09	6.63851e+09	6.49414e+09	6.61002e+09	7.5269e+09	6.20417e+09	6.55641e+09	6.62811e+09	7.23404e+09
ERR626861	7.01096e+09	6.64466e+09	6.48437e+09	6.46666e+09	7.04319e+09	7.0469e+09	7.01697e+09	7.28922e+09	7.63763e+09	6.96567e+09	6.93663e+09	7.7317e+09	8.27391e+09	8.04946e+09	7.77162e+09	7.99572e+09	8.06569e+09	7.99052e+09	6.12244e+09	7.05581e+09	8.11203e+09	7.8825e+09	6.95317e+09	7.86593e+09	7.8925e+09	8.13046e+09	6.12958e+09	6.19972e+09	7.33651e+09	7.36638e+09	7.54106e+09	7.48976e+09	7.4578e+09	7.28298e+09	7.57714e+09	7.54391e+09	7.57958e+09	7.60689e+09	7.33679e+09	7.55016e+09	5.68362e+09	7.64371e+09	6.80571e+09	6.67559e+09	6.94827e+09	6.94428e+09	8.2023e+09	8.29152e+09	5.42983e+09	7.00062e+09	6.98271e+09	7.04005e+09	3.46046e+09	7.00606e+09	6.40039e+09	7.30883e+09	7.3072e+09	7.33972e+09	6.2649e+09	6.27559e+09	6.68654e+09	6.46581e+09	6.98342e+09	6.57607e+09	6.59799e+09	6.54296e+09	7.4669e+09	6.04659e+09	7.6796e+09	6.94865e+09	7.12306e+09	7.0569e+09	7.41106e+09	6.90656e+09	7.38157e+09	7.5937e+09	7.44703e+09	8.01415e+09	6.14821e+09	5.31148e+09	6.13113e+09	6.17016e+09	6.32229e+09	5.97402e+09	5.60498e+09	7.27463e+09	6.99063e+09	6.58155e+09	6.63126e+09	6.48682e+09	6.61017e+09	7.5255e+09	6.20479e+09	6.55696e+09	6.62824e+09	7.23282e+09
ERR626865	5.54324e+09	5.28716e+09	5.17331e+09	5.16061e+09	5.56686e+09	5.56822e+09	5.48975e+09	5.6892e+09	5.93231e+09	5.4523e+09	5.43192e+09	6.0011e+09	6.36483e+09	6.20853e+09	6.01283e+09	6.17371e+09	6.22142e+09	6.17009e+09	4.83975e+09	5.50775e+09	6.25337e+09	6.09129e+09	5.43588e+09	6.07649e+09	6.13393e+09	6.12958e+09	5.08203e+09	4.96557e+09	5.7507e+09	5.77267e+09	5.85357e+09	5.81693e+09	5.79399e+09	5.67022e+09	5.88074e+09	5.85304e+09	5.88343e+09	5.90169e+09	5.71328e+09	5.86255e+09	4.52034e+09	5.92978e+09	5.36126e+09	5.24928e+09	5.46278e+09	5.45829e+09	6.3291e+09	6.39121e+09	4.36131e+09	5.49866e+09	5.47748e+09	5.51796e+09	2.81783e+09	5.4941e+09	5.04016e+09	5.68599e+09	5.68469e+09	5.70683e+09	4.94497e+09	4.94932e+09	5.25057e+09	5.09644e+09	5.4627e+09	5.17575e+09	5.19071e+09	5.15364e+09	5.7969e+09	4.77381e+09	5.94379e+09	5.41747e+09	5.55396e+09	5.49399e+09	5.76502e+09	5.40141e+09	5.74386e+09	5.89019e+09	5.79061e+09	6.18465e+09	4.86702e+09	4.25956e+09	4.85459e+09	4.88066e+09	4.99349e+09	4.74251e+09	4.47281e+09	5.67768e+09	5.47981e+09	5.18982e+09	5.21045e+09	5.1099e+09	5.20082e+09	5.84521e+09	4.90645e+09	5.16254e+09	5.21123e+09	5.63451e+09
ERR626864	5.60839e+09	5.34797e+09	5.23234e+09	5.21986e+09	5.63168e+09	5.6333e+09	5.5519e+09	5.75488e+09	6.00076e+09	5.51381e+09	5.493e+09	6.07128e+09	6.43807e+09	6.27831e+09	6.07999e+09	6.24415e+09	6.29216e+09	6.24038e+09	4.89244e+09	5.56967e+09	6.32646e+09	6.16207e+09	5.49694e+09	6.1464e+09	6.20514e+09	6.19972e+09	4.96557e+09	5.19015e+09	5.81576e+09	5.83841e+09	5.92068e+09	5.88349e+09	5.85993e+09	5.73441e+09	5.94804e+09	5.91957e+09	5.9517e+09	5.96977e+09	5.77813e+09	5.9298e+09	4.56725e+09	5.99848e+09	5.42141e+09	5.30764e+09	5.52453e+09	5.51974e+09	6.40322e+09	6.46562e+09	4.40722e+09	5.56217e+09	5.53971e+09	5.58098e+09	2.84467e+09	5.5564e+09	5.09512e+09	5.75022e+09	5.74805e+09	5.77063e+09	4.99843e+09	5.00271e+09	5.30913e+09	5.15249e+09	5.52429e+09	5.23352e+09	5.24861e+09	5.21047e+09	5.86155e+09	4.82392e+09	6.01081e+09	5.47633e+09	5.61559e+09	5.55301e+09	5.83111e+09	5.46213e+09	5.80987e+09	5.95875e+09	5.85774e+09	6.25643e+09	4.92097e+09	4.30471e+09	4.90888e+09	4.93463e+09	5.04955e+09	4.79454e+09	4.51871e+09	5.74172e+09	5.54121e+09	5.24661e+09	5.26733e+09	5.16463e+09	5.25955e+09	5.913e+09	4.96056e+09	5.22088e+09	5.26976e+09	5.69928e+09
ERR626862	6.52954e+09	6.19826e+09	6.05385e+09	6.03775e+09	6.55802e+09	6.56209e+09	6.5549e+09	6.79946e+09	7.11163e+09	6.50833e+09	6.48172e+09	7.19365e+09	7.67839e+09	7.47987e+09	7.23266e+09	7.43274e+09	7.49429e+09	7.42789e+09	5.74031e+09	6.58612e+09	7.52988e+09	7.32745e+09	6.49288e+09	7.31269e+09	7.34086e+09	7.33651e+09	5.7507e+09	5.81576e+09	7.06322e+09	6.87186e+09	7.02507e+09	6.97866e+09	6.95023e+09	6.79414e+09	7.05683e+09	7.02861e+09	7.05163e+09	7.07618e+09	6.83378e+09	7.02472e+09	5.33197e+09	7.10708e+09	6.36242e+09	6.24732e+09	6.49049e+09	6.48743e+09	7.60996e+09	7.68906e+09	5.08791e+09	6.51373e+09	6.50217e+09	6.55381e+09	3.26141e+09	6.5234e+09	5.98851e+09	6.8062e+09	6.80423e+09	6.8329e+09	5.86505e+09	5.87511e+09	6.24902e+09	6.04966e+09	6.51562e+09	6.14785e+09	6.16832e+09	6.11944e+09	6.95383e+09	5.67277e+09	7.14324e+09	6.49159e+09	6.64741e+09	6.58886e+09	6.89833e+09	6.4484e+09	6.87167e+09	7.06213e+09	6.93077e+09	7.43602e+09	5.75405e+09	4.98885e+09	5.73937e+09	5.77604e+09	5.91188e+09	5.59503e+09	5.268e+09	6.78255e+09	6.52708e+09	6.15944e+09	6.20513e+09	6.07463e+09	6.17463e+09	6.9985e+09	5.8056e+09	6.1249e+09	6.19019e+09	6.73812e+09
ERR626863	6.56898e+09	6.23481e+09	6.08898e+09	6.07291e+09	6.59748e+09	6.60154e+09	6.57456e+09	6.8231e+09	7.13727e+09	6.52781e+09	6.50088e+09	7.22141e+09	7.70558e+09	7.50406e+09	7.25441e+09	7.45762e+09	7.52029e+09	7.45305e+09	5.75469e+09	6.6062e+09	7.55881e+09	7.35524e+09	6.51276e+09	7.33792e+09	7.37206e+09	7.36638e+09	5.77267e+09	5.83841e+09	6.87186e+09	7.11761e+09	7.04881e+09	7.00137e+09	6.9729e+09	6.81562e+09	7.08131e+09	7.05136e+09	7.07779e+09	7.10161e+09	6.85899e+09	7.05058e+09	5.34954e+09	7.13419e+09	6.38326e+09	6.26514e+09	6.51297e+09	6.50871e+09	7.64134e+09	7.72102e+09	5.10972e+09	6.54652e+09	6.53163e+09	6.58397e+09	3.27369e+09	6.55271e+09	6.00431e+09	6.82766e+09	6.82644e+09	6.85498e+09	5.87949e+09	5.88981e+09	6.26805e+09	6.06696e+09	6.5373e+09	6.16677e+09	6.18712e+09	6.13772e+09	6.97444e+09	5.68586e+09	7.16482e+09	6.50797e+09	6.66507e+09	6.60524e+09	6.92273e+09	6.4666e+09	6.89586e+09	7.08749e+09	6.95562e+09	7.4653e+09	5.77204e+09	5.00329e+09	5.75737e+09	5.79195e+09	5.93027e+09	5.61276e+09	5.28282e+09	6.80561e+09	6.54935e+09	6.1785e+09	6.22421e+09	6.09327e+09	6.19438e+09	7.02373e+09	5.82251e+09	6.14451e+09	6.20966e+09	6.75944e+09
ERR637038	6.54693e+09	6.19864e+09	6.05385e+09	6.03679e+09	6.57349e+09	6.57905e+09	7.11639e+09	7.35596e+09	7.68113e+09	7.07086e+09	7.03749e+09	7.75399e+09	8.15532e+09	7.95732e+09	7.71387e+09	7.90686e+09	7.9734e+09	7.90406e+09	6.13704e+09	7.0597e+09	8.03638e+09	7.83865e+09	6.95622e+09	7.82429e+09	7.54982e+09	7.54106e+09	5.85357e+09	5.92068e+09	7.02507e+09	7.04881e+09	7.94184e+09	7.68194e+09	7.65625e+09	7.49093e+09	7.75601e+09	7.7369e+09	7.3901e+09	7.41743e+09	7.15595e+09	7.3579e+09	5.56797e+09	7.44405e+09	6.65594e+09	6.60442e+09	6.7984e+09	6.7896e+09	8.00702e+09	8.08663e+09	5.147e+09	6.63226e+09	6.64865e+09	6.70337e+09	3.30449e+09	6.67239e+09	6.31308e+09	7.20459e+09	7.20444e+09	7.23673e+09	6.16853e+09	6.19137e+09	6.56833e+09	6.34401e+09	6.85032e+09	6.44616e+09	6.47152e+09	6.41485e+09	7.37473e+09	6.03625e+09	7.58085e+09	6.932e+09	7.05052e+09	7.03861e+09	7.27464e+09	6.80839e+09	7.24844e+09	7.45978e+09	7.30809e+09	7.85105e+09	5.97156e+09	5.14787e+09	5.95953e+09	6.00248e+09	6.13727e+09	5.79921e+09	5.54829e+09	7.12346e+09	6.85188e+09	6.46252e+09	6.55427e+09	6.41141e+09	6.42232e+09	7.31979e+09	6.03427e+09	6.36835e+09	6.44483e+09	7.05326e+09
ERR637037	6.49478e+09	6.15041e+09	6.00736e+09	5.99008e+09	6.5211e+09	6.52677e+09	7.07791e+09	7.31395e+09	7.63482e+09	7.03275e+09	6.99977e+09	7.7065e+09	8.10197e+09	7.90698e+09	7.66692e+09	7.85689e+09	7.92292e+09	7.85399e+09	6.10523e+09	7.01993e+09	7.98347e+09	7.78899e+09	6.91693e+09	7.7748e+09	7.49793e+09	7.48976e+09	5.81693e+09	5.88349e+09	6.97866e+09	7.00137e+09	7.68194e+09	7.85012e+09	7.61248e+09	7.45022e+09	7.71137e+09	7.6923e+09	7.34174e+09	7.36914e+09	7.1101e+09	7.30974e+09	5.53566e+09	7.39495e+09	6.6147e+09	6.566e+09	6.75596e+09	6.74701e+09	7.95223e+09	8.02984e+09	5.11114e+09	6.58286e+09	6.59965e+09	6.65435e+09	3.28359e+09	6.62366e+09	6.27746e+09	7.16072e+09	7.16093e+09	7.19253e+09	6.13374e+09	6.15704e+09	6.53008e+09	6.3072e+09	6.80928e+09	6.40863e+09	6.43348e+09	6.37763e+09	7.32906e+09	6.00384e+09	7.53334e+09	6.89289e+09	7.00883e+09	6.99882e+09	7.22929e+09	6.76826e+09	7.20322e+09	7.4127e+09	7.26212e+09	7.79931e+09	5.93528e+09	5.11777e+09	5.92361e+09	5.96659e+09	6.10002e+09	5.76443e+09	5.51674e+09	7.07641e+09	6.80739e+09	6.4223e+09	6.51405e+09	6.37247e+09	6.38199e+09	7.27169e+09	5.99741e+09	6.32845e+09	6.40485e+09	7.00795e+09
ERR637036	6.46323e+09	6.12043e+09	5.97823e+09	5.96169e+09	6.48909e+09	6.49472e+09	7.05578e+09	7.28962e+09	7.60794e+09	7.01116e+09	6.9785e+09	7.67855e+09	8.07179e+09	7.87808e+09	7.64e+09	7.82799e+09	7.89424e+09	7.82567e+09	6.08676e+09	6.99709e+09	7.95323e+09	7.76099e+09	6.89456e+09	7.7465e+09	7.46642e+09	7.4578e+09	5.79399e+09	5.85993e+09	6.95023e+09	6.9729e+09	7.65625e+09	7.61248e+09	7.79789e+09	7.4263e+09	7.68542e+09	7.66721e+09	7.31376e+09	7.34092e+09	7.0828e+09	7.28167e+09	5.51812e+09	7.36617e+09	6.59005e+09	6.54495e+09	6.73111e+09	6.72206e+09	7.9206e+09	7.99768e+09	5.08981e+09	6.55276e+09	6.57114e+09	6.62519e+09	3.27155e+09	6.59474e+09	6.25645e+09	7.13445e+09	7.13444e+09	7.16585e+09	6.11287e+09	6.13643e+09	6.50804e+09	6.28563e+09	6.78539e+09	6.3865e+09	6.41128e+09	6.35569e+09	7.30319e+09	5.9866e+09	7.50599e+09	6.87119e+09	6.98493e+09	6.97597e+09	7.20225e+09	6.7452e+09	7.1766e+09	7.3848e+09	7.23517e+09	7.76891e+09	5.91382e+09	5.09956e+09	5.90213e+09	5.94537e+09	6.07701e+09	5.7435e+09	5.50012e+09	7.05044e+09	6.78283e+09	6.39972e+09	6.4934e+09	6.35238e+09	6.358e+09	7.24249e+09	5.97556e+09	6.30463e+09	6.38053e+09	6.98131e+09
