	ERR621933	ERR621932	ERR621935	ERR621931	ERR621934	ERR621936	ERR607764	ERR607768	ERR607763	ERR607766	ERR607765	ERR607767	ERR636667	ERR636669	ERR636668	ERR636672	ERR636670	ERR636671	ERR605656	ERR605653	ERR605658	ERR605654	ERR605657	ERR605655	ERR636787	ERR636789	ERR636788	ERR636790	ERR636792	ERR636791	ERR608153	ERR608149	ERR608151	ERR608154	ERR608152	ERR608150	ERR608341	ERR608344	ERR608342	ERR608345	ERR608343	ERR608346	ERR617232	ERR617231	ERR617230	ERR617229	ERR617228	ERR617227	ERR616054	ERR616055	ERR616057	ERR616056	ERR616058	ERR616059	ERR616267	ERR616266	ERR616270	ERR616269	ERR616268	ERR616265	ERR638312	ERR638314	ERR638313	ERR638311	ERR638309	ERR638310	ERR606715	ERR606714	ERR606710	ERR606711	ERR606713	ERR606712	ERR616827	ERR616828	ERR616826	ERR616824	ERR616823	ERR616825	ERR618744	ERR618742	ERR618741	ERR618743	ERR618745	ERR618746	ERR622045	ERR622047	ERR622046	ERR622049	ERR622050	ERR622048	ERR618493	ERR618491	ERR618492	ERR618494	ERR618490	ERR618489
ERR621933	0	0.783977	0.769327	0.771473	0.767903	0.767559	0.888224	0.888511	0.895983	0.890651	0.888942	0.890349	0.922787	0.913678	0.91252	0.929147	0.927149	0.929541	0.993124	0.977218	0.993645	0.986659	0.992493	0.989107	0.883694	0.875641	0.874163	0.870535	0.868288	0.869976	0.945948	0.988941	0.94809	0.958992	0.947388	0.960016	0.951786	0.916024	0.924578	0.917508	0.914348	0.922648	0.971438	0.958718	0.964294	0.941555	0.943297	0.953455	1.0953	1.0881	1.08032	1.1016	1.07916	1.07766	1.09255	1.07879	1.06339	1.06459	1.0655	1.0848	0.959653	0.959536	0.958877	0.976794	0.96114	0.978533	1.13079	1.12846	1.19288	1.1305	1.14473	1.13414	0.947537	0.945776	0.948084	0.929973	0.933253	0.922334	1.09739	1.10425	1.09887	1.10373	1.09713	1.09504	1.11415	1.12398	1.12348	1.10687	1.10482	1.10617	1.08799	1.09023	1.08907	1.0881	1.09791	1.08604
ERR621932	0.783977	0	0.769083	0.770736	0.768199	0.767405	0.88882	0.889004	0.896461	0.891099	0.888743	0.890304	0.923799	0.914228	0.913136	0.929799	0.9282	0.930519	0.993549	0.977178	0.993546	0.986731	0.992355	0.989157	0.884443	0.876134	0.875016	0.870926	0.868659	0.870245	0.945976	0.989856	0.948671	0.959616	0.948209	0.960487	0.952868	0.916939	0.925382	0.918557	0.915011	0.923806	0.972055	0.959125	0.964521	0.941937	0.943769	0.953191	1.09456	1.08744	1.07949	1.10131	1.07829	1.07695	1.09203	1.07827	1.06306	1.06412	1.06485	1.0845	0.959868	0.959806	0.95943	0.977376	0.961626	0.979078	1.12985	1.12717	1.1922	1.12953	1.14373	1.13321	0.94755	0.945718	0.947881	0.929933	0.932931	0.921954	1.09644	1.10338	1.09809	1.10298	1.09638	1.09428	1.11336	1.12359	1.12264	1.10588	1.10441	1.10594	1.0871	1.08935	1.08818	1.08728	1.09664	1.08474
ERR621935	0.769327	0.769083	0	0.755371	0.745828	0.74591	0.874261	0.874707	0.882955	0.877089	0.875142	0.876472	0.910988	0.90141	0.899666	0.918228	0.915843	0.918414	0.983572	0.966444	0.984446	0.977065	0.983253	0.979172	0.870971	0.862711	0.860525	0.856236	0.853716	0.855887	0.93384	0.980837	0.937163	0.94844	0.936034	0.949526	0.942711	0.903352	0.912892	0.905038	0.901649	0.910602	0.962854	0.948027	0.954002	0.929959	0.931891	0.942617	1.08605	1.07855	1.07061	1.09276	1.06918	1.06797	1.08287	1.06894	1.05304	1.05451	1.05526	1.07505	0.949311	0.949249	0.948369	0.967608	0.951076	0.969694	1.12378	1.1213	1.18818	1.12356	1.13817	1.12743	0.936752	0.934825	0.937341	0.917509	0.921468	0.909525	1.08859	1.09598	1.09032	1.09541	1.08813	1.08605	1.10612	1.11647	1.11596	1.09829	1.09641	1.09772	1.0786	1.08141	1.07973	1.0786	1.08919	1.07664
ERR621931	0.771473	0.770736	0.755371	0	0.753741	0.753305	0.878001	0.878623	0.887204	0.880913	0.879343	0.880368	0.915166	0.905636	0.903827	0.922461	0.920048	0.922234	0.985887	0.968813	0.986794	0.978882	0.985368	0.981698	0.87619	0.867609	0.865327	0.861689	0.859248	0.861577	0.937677	0.984637	0.940248	0.95195	0.939268	0.952607	0.947201	0.907853	0.917337	0.909179	0.905959	0.915308	0.966095	0.95108	0.957089	0.933296	0.935534	0.945892	1.08746	1.07994	1.07232	1.09409	1.07108	1.06959	1.08441	1.07017	1.055	1.05646	1.05699	1.07657	0.95269	0.952207	0.95179	0.970755	0.954075	0.972526	1.12482	1.12196	1.18873	1.12419	1.13893	1.12803	0.94081	0.938948	0.941453	0.921876	0.925109	0.913668	1.09	1.09726	1.09138	1.09677	1.08957	1.08758	1.1072	1.11772	1.117	1.09976	1.09776	1.09928	1.08028	1.08283	1.08146	1.08034	1.09076	1.07819
ERR621934	0.767903	0.768199	0.745828	0.753741	0	0.744475	0.873849	0.873999	0.882539	0.876604	0.874923	0.876259	0.910221	0.900591	0.898554	0.917507	0.915254	0.917869	0.983208	0.966282	0.984326	0.976737	0.983405	0.978762	0.870996	0.862123	0.859936	0.856193	0.853545	0.85536	0.933266	0.980703	0.936453	0.948024	0.934995	0.948724	0.942605	0.902636	0.912164	0.904124	0.900849	0.910348	0.962556	0.946972	0.952823	0.928542	0.930588	0.941834	1.08486	1.07716	1.06946	1.09121	1.06816	1.0667	1.08161	1.06757	1.05206	1.05352	1.05404	1.07401	0.949077	0.94876	0.948335	0.967323	0.950772	0.969542	1.12392	1.12119	1.18874	1.12336	1.13839	1.12737	0.936981	0.935359	0.937561	0.917465	0.92127	0.909116	1.0879	1.09556	1.08971	1.09459	1.08752	1.08517	1.10565	1.11592	1.11549	1.0978	1.09582	1.0973	1.07803	1.08058	1.0789	1.07797	1.08879	1.07593
ERR621936	0.767559	0.767405	0.74591	0.753305	0.744475	0	0.873491	0.873936	0.882401	0.875978	0.874261	0.875385	0.91007	0.900478	0.898537	0.917437	0.915327	0.917728	0.98259	0.965679	0.983749	0.975958	0.982336	0.978372	0.870506	0.861956	0.859478	0.855595	0.852986	0.854706	0.93236	0.97962	0.935749	0.947296	0.934487	0.94826	0.941328	0.901903	0.911393	0.90322	0.899719	0.909357	0.961141	0.945839	0.951914	0.927881	0.929396	0.940709	1.08486	1.07748	1.06943	1.0915	1.06815	1.06692	1.082	1.06817	1.05227	1.05378	1.0544	1.07413	0.947955	0.948026	0.94758	0.966512	0.949964	0.968738	1.12307	1.12049	1.18778	1.12264	1.1377	1.12658	0.936398	0.934333	0.937021	0.917152	0.920751	0.908639	1.08731	1.09459	1.08898	1.09403	1.08703	1.08478	1.10502	1.11555	1.11485	1.09722	1.09521	1.0969	1.07739	1.07982	1.07824	1.07721	1.0882	1.07523
ERR607764	0.888224	0.88882	0.874261	0.878001	0.873849	0.873491	0	0.751096	0.758605	0.753253	0.747716	0.753081	0.869578	0.858501	0.857258	0.876098	0.873248	0.876858	0.958728	0.939077	0.957068	0.950914	0.954996	0.952877	0.849878	0.840935	0.839659	0.834576	0.832582	0.834022	0.896406	0.943242	0.898324	0.91081	0.898958	0.911569	0.93294	0.894791	0.903411	0.895407	0.891079	0.901252	0.949216	0.938903	0.945626	0.919268	0.920804	0.930033	1.06936	1.06156	1.05295	1.07685	1.05126	1.04999	1.05456	1.03843	1.02094	1.02177	1.02273	1.04484	0.907212	0.907073	0.906715	0.927002	0.908952	0.928275	1.09432	1.0909	1.16396	1.09385	1.11063	1.09852	0.88219	0.880548	0.883012	0.86364	0.865956	0.855187	1.05132	1.0579	1.05203	1.05733	1.05094	1.04872	1.09558	1.10662	1.10572	1.08838	1.08555	1.0876	1.04206	1.04352	1.04342	1.0424	1.05183	1.03796
ERR607768	0.888511	0.889004	0.874707	0.878623	0.873999	0.873936	0.751096	0	0.761178	0.750018	0.750117	0.749189	0.870027	0.858874	0.858114	0.87665	0.873482	0.876931	0.959135	0.939848	0.956871	0.950851	0.955201	0.953301	0.849695	0.840387	0.83995	0.834182	0.832764	0.833732	0.897057	0.942803	0.899205	0.911019	0.899757	0.911913	0.932738	0.896022	0.903935	0.896605	0.891555	0.901948	0.948714	0.939375	0.945931	0.919555	0.921531	0.930124	1.07036	1.06276	1.05395	1.07847	1.05242	1.05108	1.05595	1.0394	1.02157	1.02246	1.02367	1.04576	0.907278	0.907218	0.906687	0.926883	0.909209	0.9281	1.09496	1.09163	1.16468	1.0949	1.11099	1.09927	0.881363	0.879721	0.882069	0.864149	0.865574	0.85505	1.05257	1.05907	1.05303	1.05806	1.05192	1.04987	1.09625	1.10761	1.10662	1.08954	1.08665	1.08844	1.04358	1.04466	1.04459	1.04355	1.05283	1.03898
ERR607763	0.895983	0.896461	0.882955	0.887204	0.882539	0.882401	0.758605	0.761178	0	0.762864	0.756775	0.762046	0.87642	0.865588	0.865628	0.882277	0.879405	0.882419	0.965339	0.946726	0.962524	0.957353	0.960649	0.959543	0.855783	0.846981	0.846385	0.841127	0.839409	0.840721	0.903802	0.947008	0.905452	0.916893	0.906431	0.918238	0.93718	0.903003	0.910051	0.903539	0.898883	0.908256	0.954112	0.946679	0.952584	0.927312	0.928769	0.936611	1.07712	1.06993	1.06102	1.08525	1.05947	1.05852	1.06306	1.04658	1.02885	1.02968	1.03098	1.05256	0.913198	0.912593	0.912066	0.931402	0.914168	0.932474	1.10037	1.09719	1.16808	1.10038	1.11637	1.10449	0.885812	0.884402	0.886646	0.869951	0.871422	0.861635	1.05915	1.06546	1.06019	1.06464	1.05863	1.0567	1.10292	1.1135	1.1126	1.09599	1.09307	1.09517	1.05084	1.05164	1.05178	1.05087	1.05937	1.04647
ERR607766	0.890651	0.891099	0.877089	0.880913	0.876604	0.875978	0.753253	0.750018	0.762864	0	0.752056	0.751654	0.871602	0.86053	0.859932	0.878013	0.874797	0.878228	0.960698	0.941173	0.958082	0.952262	0.956364	0.954809	0.850787	0.841986	0.841283	0.835336	0.833859	0.834854	0.8988	0.943852	0.900629	0.912297	0.901618	0.913613	0.933343	0.89726	0.904983	0.897975	0.893181	0.903142	0.94937	0.940988	0.947305	0.921494	0.922919	0.93116	1.07226	1.06473	1.05588	1.08058	1.0542	1.05319	1.05773	1.04104	1.02351	1.02424	1.02561	1.04725	0.908987	0.908607	0.908207	0.928044	0.910417	0.929534	1.09556	1.09251	1.16487	1.0956	1.11169	1.10025	0.881925	0.880136	0.882253	0.865066	0.866363	0.855836	1.05397	1.06011	1.0544	1.05926	1.05342	1.05131	1.09794	1.1091	1.10798	1.09076	1.08804	1.0901	1.04494	1.04578	1.04587	1.04485	1.05382	1.04047
ERR607765	0.888942	0.888743	0.875142	0.879343	0.874923	0.874261	0.747716	0.750117	0.756775	0.752056	0	0.751727	0.869975	0.857961	0.858566	0.875938	0.872782	0.87656	0.959237	0.939605	0.955756	0.950432	0.953886	0.952668	0.84879	0.839184	0.839627	0.833137	0.831342	0.832327	0.896729	0.941248	0.898549	0.910297	0.899471	0.911118	0.931165	0.895518	0.903304	0.896585	0.891553	0.90095	0.94633	0.939055	0.945827	0.919256	0.920626	0.928492	1.07132	1.06415	1.05486	1.08019	1.05317	1.05216	1.05718	1.04044	1.02212	1.02269	1.02425	1.04674	0.906819	0.90678	0.905983	0.926097	0.908137	0.927084	1.09244	1.08924	1.16181	1.09248	1.10883	1.09706	0.878945	0.877694	0.880009	0.862841	0.863788	0.853696	1.05057	1.05676	1.0513	1.05599	1.04996	1.04829	1.09596	1.10679	1.10587	1.08872	1.08564	1.08786	1.04186	1.04241	1.04298	1.0419	1.05028	1.03681
ERR607767	0.890349	0.890304	0.876472	0.880368	0.876259	0.875385	0.753081	0.749189	0.762046	0.751654	0.751727	0	0.8712	0.860218	0.859413	0.87775	0.874566	0.877821	0.960294	0.941016	0.958052	0.951874	0.956	0.954363	0.851075	0.842174	0.841353	0.836151	0.834003	0.835241	0.898307	0.943941	0.900347	0.912319	0.900922	0.91308	0.932901	0.896461	0.904635	0.897569	0.892454	0.902533	0.949543	0.94068	0.947219	0.921256	0.922707	0.931003	1.07155	1.06394	1.05514	1.07967	1.05349	1.05232	1.05728	1.04101	1.02314	1.02384	1.02521	1.04707	0.908429	0.908157	0.90792	0.927395	0.909816	0.928748	1.09543	1.09224	1.16498	1.09553	1.11175	1.09995	0.881861	0.880019	0.882121	0.864688	0.866118	0.855709	1.05353	1.0601	1.05425	1.05919	1.05309	1.05117	1.09744	1.10839	1.10747	1.09059	1.08759	1.0895	1.04477	1.04585	1.04595	1.04496	1.05378	1.04034
ERR636667	0.922787	0.923799	0.910988	0.915166	0.910221	0.91007	0.869578	0.870027	0.87642	0.871602	0.869975	0.8712	0	0.781416	0.780646	0.80293	0.800198	0.804356	0.941162	0.922097	0.939942	0.933638	0.937958	0.935809	0.893675	0.886162	0.885129	0.881976	0.879794	0.881075	0.870903	0.92003	0.873659	0.885232	0.872878	0.88694	0.947304	0.910828	0.919287	0.911442	0.90756	0.916618	0.952585	0.940811	0.947225	0.922339	0.92342	0.93398	1.07447	1.06707	1.05895	1.0813	1.05761	1.05616	1.06906	1.05385	1.03782	1.03914	1.03993	1.06046	0.878682	0.878431	0.878507	0.898428	0.881052	0.900163	1.11245	1.10942	1.17939	1.11182	1.12787	1.11585	0.891097	0.890068	0.892517	0.874223	0.877233	0.86693	1.07256	1.07945	1.074	1.07885	1.07216	1.0698	1.11489	1.12526	1.12428	1.10753	1.10541	1.10723	1.06681	1.06851	1.06771	1.06668	1.07696	1.06394
ERR636669	0.913678	0.914228	0.90141	0.905636	0.900591	0.900478	0.858501	0.858874	0.865588	0.86053	0.857961	0.860218	0.781416	0	0.768085	0.791975	0.789609	0.79379	0.932072	0.91177	0.929546	0.923557	0.927554	0.926099	0.884947	0.876738	0.875987	0.871506	0.869143	0.870701	0.860892	0.911133	0.863379	0.875631	0.862928	0.877512	0.937965	0.900796	0.909363	0.902162	0.897455	0.907062	0.942293	0.931642	0.938111	0.91205	0.91341	0.923329	1.06758	1.05986	1.0514	1.07474	1.0498	1.04839	1.06267	1.04702	1.02985	1.0311	1.03221	1.05363	0.86991	0.869231	0.868731	0.890593	0.871684	0.891645	1.10256	1.09954	1.17135	1.10223	1.11845	1.1063	0.881343	0.880041	0.882535	0.864134	0.865988	0.856145	1.06167	1.06851	1.06276	1.06811	1.06102	1.05898	1.10661	1.11694	1.11585	1.09891	1.09655	1.09832	1.05586	1.05745	1.05707	1.05582	1.06567	1.05245
ERR636668	0.91252	0.913136	0.899666	0.903827	0.898554	0.898537	0.857258	0.858114	0.865628	0.859932	0.858566	0.859413	0.780646	0.768085	0	0.791963	0.788974	0.793104	0.930512	0.910573	0.929778	0.923054	0.927825	0.92526	0.885525	0.877828	0.875775	0.872145	0.869876	0.871543	0.859518	0.912776	0.862184	0.875115	0.861342	0.876611	0.939234	0.899153	0.908601	0.900098	0.896377	0.906249	0.944963	0.930791	0.936818	0.911116	0.912621	0.923855	1.0643	1.05686	1.0485	1.07124	1.04736	1.04567	1.05884	1.04392	1.02724	1.02879	1.02953	1.05051	0.869577	0.868917	0.868354	0.890836	0.872017	0.892783	1.10312	1.10004	1.17286	1.10253	1.11904	1.10671	0.884142	0.882811	0.885539	0.864854	0.867923	0.856917	1.06156	1.06896	1.06309	1.06814	1.06089	1.05839	1.10528	1.11595	1.11507	1.09752	1.09542	1.09715	1.05504	1.0574	1.05635	1.05517	1.066	1.05236
ERR636672	0.929147	0.929799	0.918228	0.922461	0.917507	0.917437	0.876098	0.87665	0.882277	0.878013	0.875938	0.87775	0.80293	0.791975	0.791963	0	0.805015	0.808868	0.948357	0.930066	0.945904	0.940866	0.943714	0.942606	0.897969	0.89115	0.890472	0.886228	0.88481	0.885768	0.878403	0.923712	0.880915	0.891682	0.880602	0.893019	0.950554	0.917819	0.92488	0.91825	0.914174	0.922713	0.95672	0.947442	0.953319	0.929702	0.930802	0.939106	1.08218	1.07542	1.06698	1.08967	1.06553	1.06441	1.07686	1.06185	1.04565	1.04657	1.0477	1.06789	0.885542	0.885111	0.884384	0.903979	0.887054	0.905223	1.1157	1.11279	1.1806	1.11552	1.13069	1.11918	0.894836	0.894049	0.895858	0.880195	0.881465	0.87322	1.07755	1.0838	1.0787	1.08326	1.07717	1.07496	1.12009	1.13022	1.12918	1.11288	1.11067	1.11261	1.07207	1.07356	1.07317	1.07224	1.08114	1.06879
ERR636670	0.927149	0.9282	0.915843	0.920048	0.915254	0.915327	0.873248	0.873482	0.879405	0.874797	0.872782	0.874566	0.800198	0.789609	0.788974	0.805015	0	0.806302	0.946196	0.927257	0.944	0.938699	0.941529	0.940518	0.896241	0.888778	0.888301	0.883966	0.882473	0.8836	0.876269	0.922064	0.878276	0.889462	0.878037	0.891155	0.949285	0.915682	0.923231	0.916504	0.912344	0.920597	0.955488	0.945475	0.951811	0.928025	0.928643	0.937925	1.08037	1.0732	1.06496	1.08776	1.06351	1.06228	1.07454	1.05972	1.04327	1.04441	1.04534	1.0657	0.883151	0.882181	0.882006	0.901944	0.885122	0.903064	1.11451	1.11161	1.17996	1.11436	1.12992	1.11848	0.892445	0.891446	0.893917	0.877128	0.879177	0.870131	1.07627	1.08262	1.07752	1.0823	1.07573	1.07349	1.11907	1.12909	1.128	1.11156	1.10932	1.11126	1.07056	1.07196	1.07151	1.07036	1.07958	1.06725
ERR636671	0.929541	0.930519	0.918414	0.922234	0.917869	0.917728	0.876858	0.876931	0.882419	0.878228	0.87656	0.877821	0.804356	0.79379	0.793104	0.808868	0.806302	0	0.949024	0.930336	0.946773	0.941502	0.944382	0.943364	0.898974	0.891535	0.891206	0.88733	0.88532	0.886533	0.87994	0.924913	0.88178	0.892793	0.881687	0.894345	0.951156	0.918236	0.925144	0.918996	0.914809	0.92313	0.957981	0.948288	0.954339	0.930726	0.93182	0.940455	1.08206	1.07514	1.06691	1.08917	1.06531	1.06397	1.07644	1.0616	1.04511	1.04639	1.04716	1.06771	0.886453	0.886177	0.885223	0.90491	0.888112	0.905809	1.11626	1.11353	1.18138	1.11617	1.13148	1.11996	0.89571	0.894454	0.896808	0.880477	0.882402	0.874059	1.07811	1.08431	1.07915	1.08396	1.07762	1.07564	1.12041	1.13023	1.12919	1.11311	1.11091	1.11251	1.07242	1.07383	1.07343	1.07254	1.08153	1.06914
ERR605656	0.993124	0.993549	0.983572	0.985887	0.983208	0.98259	0.958728	0.959135	0.965339	0.960698	0.959237	0.960294	0.941162	0.932072	0.930512	0.948357	0.946196	0.949024	0	0.810568	0.82179	0.818619	0.820818	0.820923	0.981236	0.974256	0.973556	0.970115	0.967904	0.968564	0.921291	0.96379	0.923882	0.93342	0.923338	0.935185	1.00525	0.974612	0.981661	0.975134	0.972012	0.979547	1.00528	0.995977	1.00099	0.979599	0.980922	0.989078	1.10616	1.09958	1.09238	1.11257	1.09136	1.09001	1.1033	1.09046	1.07666	1.07754	1.07843	1.09601	0.942183	0.941253	0.941699	0.959979	0.944035	0.961357	1.05326	1.05154	1.08676	1.05197	1.05918	1.05347	0.960792	0.959389	0.961811	0.944232	0.947038	0.936773	1.0908	1.0972	1.0919	1.0965	1.0904	1.08801	1.0583	1.06298	1.06262	1.05546	1.05474	1.05504	1.08804	1.09011	1.089	1.0881	1.09757	1.08584
ERR605653	0.977218	0.977178	0.966444	0.968813	0.966282	0.965679	0.939077	0.939848	0.946726	0.941173	0.939605	0.941016	0.922097	0.91177	0.910573	0.930066	0.927257	0.930336	0.810568	0	0.810636	0.801906	0.809215	0.805385	0.96448	0.956689	0.956456	0.952565	0.950184	0.951069	0.90131	0.946974	0.903691	0.914224	0.90344	0.916231	0.990576	0.958286	0.96565	0.958829	0.955182	0.963497	0.989673	0.980602	0.986332	0.9631	0.964389	0.973057	1.09312	1.08656	1.07867	1.10057	1.07736	1.0762	1.09037	1.07601	1.06171	1.0628	1.06361	1.08243	0.92384	0.923191	0.923576	0.943018	0.925678	0.944774	1.04457	1.04266	1.08519	1.04367	1.05261	1.04553	0.942299	0.941132	0.943751	0.925513	0.927902	0.917235	1.07579	1.08232	1.07683	1.08171	1.07524	1.07304	1.05237	1.05799	1.05763	1.04898	1.04802	1.04875	1.07315	1.07463	1.07425	1.07301	1.08264	1.07039
ERR605658	0.993645	0.993546	0.984446	0.986794	0.984326	0.983749	0.957068	0.956871	0.962524	0.958082	0.955756	0.958052	0.939942	0.929546	0.929778	0.945904	0.944	0.946773	0.82179	0.810636	0	0.817376	0.813939	0.820471	0.978246	0.97078	0.971407	0.966237	0.964568	0.965016	0.920133	0.958255	0.921684	0.930559	0.922362	0.932499	1.00202	0.97538	0.980981	0.976027	0.971941	0.978973	0.998821	0.995202	1.00088	0.978793	0.980142	0.985981	1.10913	1.10309	1.09468	1.11692	1.09318	1.09222	1.10673	1.09237	1.07737	1.07826	1.07922	1.09782	0.939768	0.93949	0.939203	0.957175	0.941235	0.957814	1.04839	1.04668	1.08174	1.04866	1.0549	1.04998	0.953567	0.952663	0.95431	0.941148	0.94105	0.933163	1.08863	1.09404	1.08915	1.09376	1.088	1.0864	1.05899	1.06367	1.0631	1.05598	1.05524	1.05619	1.08677	1.08749	1.08808	1.08712	1.09414	1.08347
ERR605654	0.986659	0.986731	0.977065	0.978882	0.976737	0.975958	0.950914	0.950851	0.957353	0.952262	0.950432	0.951874	0.933638	0.923557	0.923054	0.940866	0.938699	0.941502	0.818619	0.801906	0.817376	0	0.815955	0.813487	0.974002	0.966799	0.96629	0.962396	0.960082	0.960994	0.913934	0.955893	0.915679	0.925628	0.916038	0.927625	0.998966	0.969007	0.975528	0.969169	0.96587	0.973417	0.997324	0.989782	0.995675	0.973175	0.974702	0.981849	1.10137	1.09499	1.08736	1.10896	1.08601	1.08473	1.09847	1.08481	1.07063	1.07114	1.07226	1.09062	0.934868	0.934406	0.934319	0.953048	0.936505	0.953962	1.04826	1.04659	1.08487	1.04765	1.05531	1.04903	0.951397	0.950683	0.952851	0.936357	0.937889	0.92862	1.08362	1.08984	1.08445	1.08923	1.08316	1.08123	1.05597	1.06118	1.06059	1.05298	1.05211	1.05299	1.08141	1.08278	1.08238	1.08155	1.09001	1.07817
ERR605657	0.992493	0.992355	0.983253	0.985368	0.983405	0.982336	0.954996	0.955201	0.960649	0.956364	0.953886	0.956	0.937958	0.927554	0.927825	0.943714	0.941529	0.944382	0.820818	0.809215	0.813939	0.815955	0	0.819216	0.976381	0.969096	0.969871	0.964587	0.962448	0.963098	0.918326	0.95568	0.919647	0.928562	0.920763	0.93012	1.0004	0.974329	0.979656	0.974723	0.970472	0.977479	0.996464	0.99371	0.999456	0.977673	0.978515	0.984212	1.10856	1.10256	1.09426	1.1168	1.09274	1.09179	1.10613	1.09182	1.07674	1.07743	1.07859	1.09742	0.937638	0.937089	0.937434	0.95541	0.938973	0.955553	1.04734	1.04573	1.08093	1.04773	1.0541	1.0489	0.950581	0.949907	0.951876	0.9388	0.938558	0.930792	1.08757	1.09313	1.08834	1.09284	1.08735	1.0855	1.05922	1.06366	1.06306	1.05621	1.05539	1.0562	1.08627	1.08643	1.0872	1.08644	1.09333	1.08247
ERR605655	0.989107	0.989157	0.979172	0.981698	0.978762	0.978372	0.952877	0.953301	0.959543	0.954809	0.952668	0.954363	0.935809	0.926099	0.92526	0.942606	0.940518	0.943364	0.820923	0.805385	0.820471	0.813487	0.819216	0	0.975519	0.967799	0.96796	0.963763	0.961651	0.962121	0.91595	0.958147	0.91836	0.928266	0.918576	0.929956	0.999944	0.970351	0.976789	0.97107	0.967549	0.974818	0.999572	0.991871	0.99733	0.975586	0.976592	0.984172	1.10366	1.09739	1.08956	1.11077	1.08822	1.08728	1.10089	1.08703	1.0725	1.07369	1.07443	1.09288	0.936693	0.936145	0.936416	0.954651	0.938475	0.955963	1.04901	1.04743	1.08406	1.04827	1.05597	1.04967	0.953574	0.952907	0.955125	0.937717	0.940258	0.930234	1.08552	1.0916	1.08659	1.09106	1.08543	1.08352	1.05671	1.06168	1.06126	1.05359	1.05283	1.05339	1.0834	1.08475	1.08413	1.0834	1.09204	1.08058
ERR636787	0.883694	0.884443	0.870971	0.87619	0.870996	0.870506	0.849878	0.849695	0.855783	0.850787	0.84879	0.851075	0.893675	0.884947	0.885525	0.897969	0.896241	0.898974	0.981236	0.96448	0.978246	0.974002	0.976381	0.975519	0	0.791224	0.791368	0.787254	0.784932	0.785782	0.924588	0.962044	0.925967	0.935734	0.926797	0.936541	0.927782	0.89808	0.904515	0.898587	0.894525	0.902134	0.950242	0.943723	0.94993	0.926005	0.927057	0.934588	1.10586	1.09906	1.0907	1.11329	1.08902	1.08815	1.09853	1.08368	1.06765	1.06849	1.06939	1.08913	0.933918	0.933613	0.933134	0.950074	0.934951	0.950723	1.12985	1.12747	1.18811	1.13038	1.14358	1.13363	0.903532	0.902333	0.903923	0.890162	0.891969	0.883378	1.09599	1.10198	1.09704	1.10172	1.09559	1.09404	1.12944	1.13826	1.13735	1.12268	1.12056	1.12219	1.08821	1.08888	1.08925	1.08815	1.09624	1.08477
ERR636789	0.875641	0.876134	0.862711	0.867609	0.862123	0.861956	0.840935	0.840387	0.846981	0.841986	0.839184	0.842174	0.886162	0.876738	0.877828	0.89115	0.888778	0.891535	0.974256	0.956689	0.97078	0.966799	0.969096	0.967799	0.791224	0	0.782057	0.776256	0.774387	0.775655	0.917268	0.956483	0.91861	0.928845	0.919554	0.929993	0.92136	0.890397	0.897048	0.890964	0.886968	0.894773	0.942135	0.936052	0.942297	0.917409	0.918591	0.925734	1.10037	1.09334	1.08455	1.10789	1.08294	1.08178	1.09323	1.07777	1.06144	1.06208	1.06334	1.08361	0.927709	0.927189	0.926324	0.944301	0.928261	0.94509	1.12253	1.11965	1.182	1.12295	1.1365	1.12643	0.89577	0.894454	0.896484	0.882354	0.88346	0.8749	1.08766	1.09369	1.08878	1.09346	1.08711	1.08541	1.12245	1.13147	1.13051	1.11552	1.11354	1.11517	1.0799	1.08021	1.08092	1.07982	1.08722	1.07596
ERR636788	0.874163	0.875016	0.860525	0.865327	0.859936	0.859478	0.839659	0.83995	0.846385	0.841283	0.839627	0.841353	0.885129	0.875987	0.875775	0.890472	0.888301	0.891206	0.973556	0.956456	0.971407	0.96629	0.969871	0.96796	0.791368	0.782057	0	0.777321	0.774956	0.776581	0.915046	0.95711	0.917001	0.928145	0.917401	0.928894	0.921401	0.88836	0.895751	0.88906	0.885159	0.893612	0.943418	0.935024	0.94153	0.916454	0.917941	0.925857	1.09797	1.09065	1.08213	1.1051	1.08098	1.07998	1.09039	1.07546	1.05945	1.06047	1.06142	1.08117	0.927121	0.926484	0.925672	0.94383	0.927955	0.944952	1.12352	1.1209	1.18373	1.12389	1.13756	1.12746	0.897638	0.89658	0.898313	0.882667	0.884507	0.87561	1.08763	1.09418	1.08895	1.09363	1.08737	1.08536	1.12196	1.13106	1.13034	1.11486	1.11277	1.11441	1.07964	1.08031	1.08068	1.0795	1.08803	1.07606
ERR636790	0.870535	0.870926	0.856236	0.861689	0.856193	0.855595	0.834576	0.834182	0.841127	0.835336	0.833137	0.836151	0.881976	0.871506	0.872145	0.886228	0.883966	0.88733	0.970115	0.952565	0.966237	0.962396	0.964587	0.963763	0.787254	0.776256	0.777321	0	0.763215	0.76532	0.911747	0.952284	0.913458	0.92369	0.913889	0.925039	0.915256	0.883913	0.890868	0.884906	0.880296	0.888266	0.937393	0.930937	0.937012	0.911982	0.912952	0.920469	1.09628	1.08951	1.08048	1.10422	1.07875	1.07792	1.08955	1.07401	1.05737	1.05807	1.05929	1.07972	0.923315	0.922724	0.921794	0.940683	0.924076	0.941085	1.11814	1.11549	1.1785	1.11862	1.13245	1.12228	0.89077	0.889637	0.891815	0.876428	0.877759	0.86884	1.08296	1.08925	1.08417	1.08893	1.08242	1.08085	1.11842	1.12751	1.12664	1.11118	1.10921	1.11078	1.07492	1.07526	1.07627	1.07473	1.08281	1.07105
ERR636792	0.868288	0.868659	0.853716	0.859248	0.853545	0.852986	0.832582	0.832764	0.839409	0.833859	0.831342	0.834003	0.879794	0.869143	0.869876	0.88481	0.882473	0.88532	0.967904	0.950184	0.964568	0.960082	0.962448	0.961651	0.784932	0.774387	0.774956	0.763215	0	0.762275	0.910012	0.9507	0.911881	0.921937	0.912335	0.923189	0.914408	0.881758	0.889039	0.882539	0.878348	0.88657	0.935254	0.92837	0.934821	0.909461	0.910322	0.918204	1.09498	1.0879	1.07903	1.10296	1.07728	1.07642	1.08808	1.07251	1.05579	1.05628	1.05796	1.07826	0.921923	0.921612	0.920746	0.939456	0.922807	0.94055	1.11626	1.11346	1.17662	1.11664	1.13046	1.12024	0.889668	0.888419	0.89076	0.875291	0.876442	0.867836	1.08085	1.08704	1.08187	1.0867	1.08044	1.07866	1.11618	1.12542	1.1246	1.10911	1.10699	1.10862	1.07261	1.07299	1.07381	1.07243	1.08038	1.06857
ERR636791	0.869976	0.870245	0.855887	0.861577	0.85536	0.854706	0.834022	0.833732	0.840721	0.834854	0.832327	0.835241	0.881075	0.870701	0.871543	0.885768	0.8836	0.886533	0.968564	0.951069	0.965016	0.960994	0.963098	0.962121	0.785782	0.775655	0.776581	0.76532	0.762275	0	0.911034	0.951312	0.912856	0.923278	0.913261	0.924564	0.914986	0.883015	0.890199	0.883976	0.879661	0.887564	0.936191	0.930237	0.936588	0.911117	0.912542	0.919719	1.0965	1.08929	1.08038	1.10433	1.07851	1.07776	1.08926	1.07375	1.05699	1.05776	1.05906	1.07959	0.922417	0.921755	0.921108	0.939724	0.923482	0.940909	1.11701	1.1141	1.1769	1.1174	1.13114	1.12114	0.890949	0.889748	0.891487	0.876615	0.877858	0.868924	1.08231	1.08834	1.0835	1.08791	1.08181	1.08027	1.1172	1.12626	1.1253	1.11	1.10792	1.10971	1.07397	1.07441	1.07516	1.07378	1.08193	1.07009
ERR608153	0.945948	0.945976	0.93384	0.937677	0.933266	0.93236	0.896406	0.897057	0.903802	0.8988	0.896729	0.898307	0.870903	0.860892	0.859518	0.878403	0.876269	0.87994	0.921291	0.90131	0.920133	0.913934	0.918326	0.91595	0.924588	0.917268	0.915046	0.911747	0.910012	0.911034	0	0.858013	0.802799	0.81286	0.798194	0.817571	0.945675	0.908158	0.916684	0.908826	0.905394	0.914675	0.954348	0.941726	0.948425	0.922896	0.924006	0.935505	1.06715	1.05982	1.05163	1.07355	1.05022	1.049	1.0627	1.04808	1.03231	1.03393	1.03427	1.05482	0.868154	0.867448	0.867852	0.889754	0.871283	0.892012	1.10503	1.10206	1.1739	1.10475	1.12089	1.10853	0.905071	0.903379	0.90658	0.885494	0.888799	0.877941	1.06656	1.07403	1.06838	1.07331	1.06636	1.06405	1.10904	1.1201	1.11891	1.1022	1.0997	1.10129	1.06104	1.06347	1.06236	1.06113	1.07194	1.05868
ERR608149	0.988941	0.989856	0.980837	0.984637	0.980703	0.97962	0.943242	0.942803	0.947008	0.943852	0.941248	0.943941	0.92003	0.911133	0.912776	0.923712	0.922064	0.924913	0.96379	0.946974	0.958255	0.955893	0.95568	0.958147	0.962044	0.956483	0.95711	0.952284	0.9507	0.951312	0.858013	0	0.857735	0.867281	0.860002	0.86748	0.976658	0.9552	0.959497	0.955559	0.951813	0.957285	0.984676	0.982422	0.987836	0.967943	0.968237	0.974335	1.10909	1.10314	1.0952	1.11711	1.09359	1.09289	1.10577	1.0917	1.07658	1.07726	1.07846	1.09684	0.912577	0.911971	0.912052	0.928009	0.91446	0.928263	1.13343	1.13062	1.19238	1.13401	1.14727	1.13735	0.939795	0.938607	0.940647	0.928073	0.928802	0.922473	1.10233	1.10728	1.10324	1.10753	1.10195	1.10028	1.14167	1.15008	1.14949	1.13522	1.1328	1.13488	1.09895	1.0991	1.09985	1.09884	1.10532	1.09522
ERR608151	0.94809	0.948671	0.937163	0.940248	0.936453	0.935749	0.898324	0.899205	0.905452	0.900629	0.898549	0.900347	0.873659	0.863379	0.862184	0.880915	0.878276	0.88178	0.923882	0.903691	0.921684	0.915679	0.919647	0.91836	0.925967	0.91861	0.917001	0.913458	0.911881	0.912856	0.802799	0.857735	0	0.819646	0.804997	0.818332	0.9475	0.911998	0.920158	0.912651	0.909013	0.917929	0.955657	0.944556	0.951083	0.926131	0.927305	0.937958	1.07038	1.06309	1.05509	1.07764	1.05395	1.05256	1.06646	1.05131	1.03549	1.0371	1.03743	1.05798	0.870808	0.869927	0.87017	0.891112	0.87346	0.893735	1.10636	1.10317	1.17446	1.10626	1.12174	1.11002	0.905759	0.90444	0.907117	0.886964	0.889949	0.879561	1.06874	1.07566	1.07006	1.07508	1.06801	1.06591	1.11145	1.12183	1.12076	1.10415	1.10199	1.10367	1.06356	1.06577	1.06473	1.06353	1.07362	1.06048
ERR608154	0.958992	0.959616	0.94844	0.95195	0.948024	0.947296	0.91081	0.911019	0.916893	0.912297	0.910297	0.912319	0.885232	0.875631	0.875115	0.891682	0.889462	0.892793	0.93342	0.914224	0.930559	0.925628	0.928562	0.928266	0.935734	0.928845	0.928145	0.92369	0.921937	0.923278	0.81286	0.867281	0.819646	0	0.815148	0.832059	0.954298	0.92235	0.929346	0.922698	0.919317	0.926874	0.963017	0.954333	0.96083	0.936648	0.937864	0.947272	1.08108	1.0741	1.06599	1.08811	1.06447	1.06344	1.07679	1.06267	1.04681	1.04809	1.04869	1.0689	0.880878	0.880175	0.880084	0.900568	0.884037	0.901518	1.11445	1.11137	1.18013	1.11435	1.12937	1.11817	0.914412	0.912843	0.916027	0.898428	0.900582	0.891073	1.07884	1.08536	1.08015	1.08477	1.07853	1.0763	1.12005	1.13014	1.12914	1.11312	1.11103	1.11283	1.07409	1.07583	1.07511	1.07425	1.08355	1.07133
ERR608152	0.947388	0.948209	0.936034	0.939268	0.934995	0.934487	0.898958	0.899757	0.906431	0.901618	0.899471	0.900922	0.872878	0.862928	0.861342	0.880602	0.878037	0.881687	0.923338	0.90344	0.922362	0.916038	0.920763	0.918576	0.926797	0.919554	0.917401	0.913889	0.912335	0.913261	0.798194	0.860002	0.804997	0.815148	0	0.81966	0.947325	0.909742	0.918645	0.910564	0.907175	0.916156	0.956321	0.943761	0.94975	0.924736	0.925637	0.937276	1.06853	1.06118	1.05294	1.0749	1.05192	1.05051	1.06407	1.04962	1.0341	1.03574	1.03628	1.05675	0.870431	0.869318	0.869579	0.891397	0.873059	0.893373	1.10729	1.1041	1.17571	1.1069	1.12274	1.1108	0.907916	0.906325	0.909249	0.887831	0.892109	0.880654	1.06896	1.07637	1.07058	1.07562	1.0684	1.06625	1.11146	1.12159	1.12069	1.10401	1.10149	1.10342	1.06323	1.06587	1.06447	1.06342	1.07415	1.06088
ERR608150	0.960016	0.960487	0.949526	0.952607	0.948724	0.94826	0.911569	0.911913	0.918238	0.913613	0.911118	0.91308	0.88694	0.877512	0.876611	0.893019	0.891155	0.894345	0.935185	0.916231	0.932499	0.927625	0.93012	0.929956	0.936541	0.929993	0.928894	0.925039	0.923189	0.924564	0.817571	0.86748	0.818332	0.832059	0.81966	0	0.955887	0.923303	0.930483	0.923766	0.920395	0.928524	0.964871	0.955042	0.96099	0.93772	0.938628	0.948129	1.08079	1.07364	1.0658	1.08765	1.06445	1.06317	1.07701	1.0625	1.04711	1.04858	1.0492	1.06906	0.883093	0.882053	0.881936	0.90208	0.885219	0.903528	1.11485	1.11181	1.18044	1.11499	1.12975	1.11872	0.91649	0.914979	0.917968	0.89941	0.901976	0.892598	1.07863	1.08514	1.08009	1.08486	1.07793	1.0761	1.12003	1.12988	1.12896	1.11276	1.11075	1.11249	1.07371	1.07536	1.07476	1.07373	1.08337	1.07089
ERR608341	0.951786	0.952868	0.942711	0.947201	0.942605	0.941328	0.93294	0.932738	0.93718	0.933343	0.931165	0.932901	0.947304	0.937965	0.939234	0.950554	0.949285	0.951156	1.00525	0.990576	1.00202	0.998966	1.0004	0.999944	0.927782	0.92136	0.921401	0.915256	0.914408	0.914986	0.945675	0.976658	0.9475	0.954298	0.947325	0.955887	0	0.83452	0.837338	0.835028	0.829536	0.836457	0.949814	0.945112	0.950067	0.929532	0.92988	0.936571	1.11062	1.10471	1.09662	1.11846	1.09516	1.09436	1.11411	1.10109	1.08685	1.08729	1.08811	1.10605	0.951112	0.950336	0.950307	0.964534	0.952546	0.964989	1.14047	1.13778	1.19683	1.14093	1.15393	1.14428	0.948727	0.947182	0.948939	0.93611	0.937381	0.929495	1.10472	1.10964	1.10553	1.10968	1.10403	1.10249	1.14368	1.1523	1.15128	1.13728	1.13518	1.13693	1.10053	1.10065	1.10157	1.10025	1.10718	1.09694
ERR608344	0.916024	0.916939	0.903352	0.907853	0.902636	0.901903	0.894791	0.896022	0.903003	0.89726	0.895518	0.896461	0.910828	0.900796	0.899153	0.917819	0.915682	0.918236	0.974612	0.958286	0.97538	0.969007	0.974329	0.970351	0.89808	0.890397	0.88836	0.883913	0.881758	0.883015	0.908158	0.9552	0.911998	0.92235	0.909742	0.923303	0.83452	0	0.801421	0.789694	0.788699	0.795466	0.928438	0.913526	0.919317	0.893869	0.895367	0.906718	1.07546	1.06815	1.06034	1.08136	1.05899	1.05782	1.0779	1.06496	1.05024	1.05148	1.05194	1.07138	0.921058	0.920034	0.920359	0.938208	0.923672	0.94116	1.11893	1.11614	1.18324	1.11849	1.13336	1.1224	0.924313	0.92256	0.924667	0.904404	0.908582	0.89626	1.07602	1.08322	1.07747	1.08252	1.0753	1.07298	1.11679	1.12692	1.12651	1.1094	1.10713	1.10901	1.06967	1.07224	1.07076	1.06975	1.0807	1.06764
ERR608342	0.924578	0.925382	0.912892	0.917337	0.912164	0.911393	0.903411	0.903935	0.910051	0.904983	0.903304	0.904635	0.919287	0.909363	0.908601	0.92488	0.923231	0.925144	0.981661	0.96565	0.980981	0.975528	0.979656	0.976789	0.904515	0.897048	0.895751	0.890868	0.889039	0.890199	0.916684	0.959497	0.920158	0.929346	0.918645	0.930483	0.837338	0.801421	0	0.802012	0.796697	0.807335	0.932225	0.919886	0.926118	0.902004	0.902547	0.91297	1.08457	1.07745	1.06956	1.09094	1.06822	1.06709	1.08719	1.07411	1.05957	1.06039	1.06117	1.08025	0.927411	0.926397	0.926657	0.94358	0.929596	0.945787	1.12336	1.12057	1.18594	1.12321	1.1377	1.12699	0.928359	0.926698	0.928997	0.910564	0.914071	0.903088	1.08224	1.08897	1.0838	1.08851	1.08176	1.07962	1.12303	1.13275	1.13204	1.11583	1.11375	1.11538	1.07682	1.07864	1.07797	1.07684	1.08666	1.07447
ERR608345	0.917508	0.918557	0.905038	0.909179	0.904124	0.90322	0.895407	0.896605	0.903539	0.897975	0.896585	0.897569	0.911442	0.902162	0.900098	0.91825	0.916504	0.918996	0.975134	0.958829	0.976027	0.969169	0.974723	0.97107	0.898587	0.890964	0.88906	0.884906	0.882539	0.883976	0.908826	0.955559	0.912651	0.922698	0.910564	0.923766	0.835028	0.789694	0.802012	0	0.789503	0.796533	0.928801	0.914335	0.920258	0.894565	0.896152	0.907528	1.07658	1.06934	1.06155	1.08275	1.06016	1.05881	1.07889	1.0658	1.05095	1.05246	1.05295	1.07232	0.92088	0.919979	0.919904	0.938612	0.923214	0.940442	1.11897	1.11637	1.1828	1.11878	1.13345	1.1226	0.923747	0.922342	0.925064	0.904362	0.908652	0.896947	1.07617	1.08339	1.07795	1.08249	1.07591	1.07352	1.11754	1.12735	1.12693	1.11028	1.1081	1.10965	1.07015	1.07278	1.07134	1.07021	1.08107	1.06849
ERR608343	0.914348	0.915011	0.901649	0.905959	0.900849	0.899719	0.891079	0.891555	0.898883	0.893181	0.891553	0.892454	0.90756	0.897455	0.896377	0.914174	0.912344	0.914809	0.972012	0.955182	0.971941	0.96587	0.970472	0.967549	0.894525	0.886968	0.885159	0.880296	0.878348	0.879661	0.905394	0.951813	0.909013	0.919317	0.907175	0.920395	0.829536	0.788699	0.796697	0.789503	0	0.795523	0.924728	0.911344	0.917405	0.891571	0.892799	0.903991	1.0749	1.0674	1.05943	1.08152	1.05804	1.0569	1.07721	1.06396	1.0486	1.04978	1.05047	1.06975	0.917631	0.916508	0.916449	0.935419	0.920086	0.937682	1.11534	1.11261	1.17997	1.11504	1.13019	1.11893	0.918835	0.917162	0.919485	0.899833	0.903477	0.891432	1.0726	1.07972	1.07429	1.07888	1.07223	1.06992	1.11467	1.12507	1.12404	1.10744	1.10545	1.107	1.06721	1.06905	1.06812	1.06666	1.07754	1.06455
ERR608346	0.922648	0.923806	0.910602	0.915308	0.910348	0.909357	0.901252	0.901948	0.908256	0.903142	0.90095	0.902533	0.916618	0.907062	0.906249	0.922713	0.920597	0.92313	0.979547	0.963497	0.978973	0.973417	0.977479	0.974818	0.902134	0.894773	0.893612	0.888266	0.88657	0.887564	0.914675	0.957285	0.917929	0.926874	0.916156	0.928524	0.836457	0.795466	0.807335	0.796533	0.795523	0	0.929815	0.918479	0.924133	0.899529	0.90087	0.910833	1.08286	1.07581	1.06773	1.08958	1.06643	1.06536	1.08576	1.07267	1.05787	1.05878	1.05951	1.07857	0.925331	0.92427	0.924025	0.941923	0.92728	0.943819	1.12228	1.11964	1.18518	1.12261	1.13675	1.12611	0.926016	0.924384	0.92646	0.908684	0.911719	0.900644	1.0813	1.08785	1.08289	1.08749	1.08087	1.07883	1.12246	1.13187	1.13121	1.11522	1.113	1.11457	1.0759	1.07763	1.07679	1.07583	1.08551	1.07354
ERR617232	0.971438	0.972055	0.962854	0.966095	0.962556	0.961141	0.949216	0.948714	0.954112	0.94937	0.94633	0.949543	0.952585	0.942293	0.944963	0.95672	0.955488	0.957981	1.00528	0.989673	0.998821	0.997324	0.996464	0.999572	0.950242	0.942135	0.943418	0.937393	0.935254	0.936191	0.954348	0.984676	0.955657	0.963017	0.956321	0.964871	0.949814	0.928438	0.932225	0.928801	0.924728	0.929815	0	0.871314	0.876764	0.855226	0.855703	0.860527	1.10385	1.09841	1.08973	1.11247	1.08814	1.08803	1.10679	1.09274	1.07785	1.07811	1.07968	1.09762	0.96219	0.961254	0.961036	0.97694	0.962716	0.976541	1.12849	1.12581	1.18797	1.12996	1.1427	1.13301	0.966821	0.966442	0.967573	0.958302	0.957794	0.950195	1.09095	1.09568	1.09196	1.09589	1.0906	1.0891	1.1301	1.13881	1.13762	1.12372	1.12186	1.12373	1.08723	1.08653	1.08787	1.08714	1.09245	1.08287
ERR617231	0.958718	0.959125	0.948027	0.95108	0.946972	0.945839	0.938903	0.939375	0.946679	0.940988	0.939055	0.94068	0.940811	0.931642	0.930791	0.947442	0.945475	0.948288	0.995977	0.980602	0.995202	0.989782	0.99371	0.991871	0.943723	0.936052	0.935024	0.930937	0.92837	0.930237	0.941726	0.982422	0.944556	0.954333	0.943761	0.955042	0.945112	0.913526	0.919886	0.914335	0.911344	0.918479	0.871314	0	0.862721	0.839317	0.840532	0.851164	1.08728	1.08132	1.07388	1.09379	1.07275	1.07146	1.09035	1.07762	1.0636	1.06478	1.06563	1.08302	0.953316	0.95266	0.952331	0.969722	0.954875	0.971533	1.12565	1.1227	1.18835	1.12581	1.13984	1.12952	0.968027	0.967036	0.968784	0.951802	0.955116	0.944111	1.08344	1.08961	1.0846	1.08918	1.08266	1.08103	1.12085	1.13029	1.12986	1.11441	1.11198	1.11363	1.07733	1.07895	1.07854	1.07735	1.08626	1.07471
ERR617230	0.964294	0.964521	0.954002	0.957089	0.952823	0.951914	0.945626	0.945931	0.952584	0.947305	0.945827	0.947219	0.947225	0.938111	0.936818	0.953319	0.951811	0.954339	1.00099	0.986332	1.00088	0.995675	0.999456	0.99733	0.94993	0.942297	0.94153	0.937012	0.934821	0.936588	0.948425	0.987836	0.951083	0.96083	0.94975	0.96099	0.950067	0.919317	0.926118	0.920258	0.917405	0.924133	0.876764	0.862721	0	0.845745	0.846833	0.857267	1.09178	1.08574	1.07856	1.0982	1.07731	1.0762	1.0943	1.08171	1.06827	1.06931	1.07053	1.08724	0.959419	0.958313	0.958259	0.975127	0.96063	0.976571	1.12986	1.12701	1.19173	1.12979	1.14354	1.13349	0.974153	0.972915	0.974891	0.958226	0.961344	0.950682	1.08823	1.09438	1.08942	1.09374	1.08783	1.08553	1.12475	1.13394	1.13326	1.11824	1.11617	1.11771	1.08194	1.0835	1.08288	1.0822	1.09093	1.07957
ERR617229	0.941555	0.941937	0.929959	0.933296	0.928542	0.927881	0.919268	0.919555	0.927312	0.921494	0.919256	0.921256	0.922339	0.91205	0.911116	0.929702	0.928025	0.930726	0.979599	0.9631	0.978793	0.973175	0.977673	0.975586	0.926005	0.917409	0.916454	0.911982	0.909461	0.911117	0.922896	0.967943	0.926131	0.936648	0.924736	0.93772	0.929532	0.893869	0.902004	0.894565	0.891571	0.899529	0.855226	0.839317	0.845745	0	0.816095	0.828926	1.07441	1.06759	1.05971	1.08101	1.05871	1.05739	1.0772	1.06358	1.04875	1.04988	1.05121	1.06956	0.936505	0.935891	0.935539	0.954139	0.938526	0.956165	1.11411	1.11111	1.18009	1.11394	1.12884	1.11784	0.950876	0.949495	0.95153	0.934186	0.937029	0.925388	1.07008	1.07661	1.07138	1.07607	1.06942	1.06731	1.10921	1.11961	1.11851	1.10245	1.10033	1.10199	1.06353	1.0655	1.06482	1.06391	1.07371	1.06119
ERR617228	0.943297	0.943769	0.931891	0.935534	0.930588	0.929396	0.920804	0.921531	0.928769	0.922919	0.920626	0.922707	0.92342	0.91341	0.912621	0.930802	0.928643	0.93182	0.980922	0.964389	0.980142	0.974702	0.978515	0.976592	0.927057	0.918591	0.917941	0.912952	0.910322	0.912542	0.924006	0.968237	0.927305	0.937864	0.925637	0.938628	0.92988	0.895367	0.902547	0.896152	0.892799	0.90087	0.855703	0.840532	0.846833	0.816095	0	0.830088	1.07571	1.06901	1.06105	1.08238	1.06003	1.0589	1.07828	1.06503	1.05031	1.0516	1.0522	1.07082	0.937284	0.936552	0.936297	0.954998	0.938897	0.956865	1.114	1.11075	1.1795	1.11399	1.12887	1.11788	0.951692	0.950789	0.952916	0.935226	0.93789	0.926293	1.07056	1.07717	1.07172	1.07664	1.06979	1.06776	1.11029	1.12022	1.11945	1.10322	1.10104	1.10268	1.06412	1.06586	1.06526	1.06404	1.07381	1.0615
