	ERR618548	ERR618543	ERR618545	ERR618544	ERR618546	ERR618547	ERR636774	ERR636771	ERR636770	ERR636772	ERR636769	ERR636773	ERR613176	ERR613175	ERR613177	ERR613174	ERR613178	ERR613173	ERR637122	ERR637119	ERR637118	ERR637120	ERR637117	ERR637121	ERR635348	ERR635350	ERR635349	ERR635351	ERR635346	ERR635347	ERR636863	ERR636864	ERR636860	ERR636862	ERR636861	ERR636859	ERR607649	ERR607646	ERR607645	ERR607648	ERR607650	ERR607647	ERR612638	ERR612639	ERR612640	ERR612642	ERR612641	ERR612637	ERR612190	ERR612185	ERR612187	ERR612186	ERR612188	ERR612189	ERR616257	ERR616255	ERR616253	ERR616254	ERR616256	ERR616258	ERR617033	ERR617037	ERR617038	ERR617036	ERR617034	ERR617035	ERR631068	ERR631072	ERR631073	ERR631070	ERR631071	ERR631069	ERR617330	ERR617329	ERR617326	ERR617327	ERR617325	ERR617328	ERR638269	ERR638267	ERR638268	ERR638272	ERR638271	ERR638270	ERR616924	ERR616921	ERR616923	ERR616920	ERR616922	ERR616919	ERR618351	ERR618352	ERR618355	ERR618356	ERR618354	ERR618353
ERR618548	7.11969e+09	6.54858e+09	6.38462e+09	6.37332e+09	6.92275e+09	6.91828e+09	6.85592e+09	6.78264e+09	6.80875e+09	6.83505e+09	6.50144e+09	6.84948e+09	5.00003e+09	6.34596e+09	5.20176e+09	6.61573e+09	5.19366e+09	6.89837e+09	6.9837e+09	7.03533e+09	7.06945e+09	6.89506e+09	6.75696e+09	6.91616e+09	6.09568e+09	6.70163e+09	6.69407e+09	6.71514e+09	6.61594e+09	6.08894e+09	6.53911e+09	6.56346e+09	7.40178e+09	6.63967e+09	7.2975e+09	6.88968e+09	6.8286e+09	6.99835e+09	6.60887e+09	6.83208e+09	6.78169e+09	6.74331e+09	5.85137e+09	6.7794e+09	6.21413e+09	6.14117e+09	6.2214e+09	7.11372e+09	5.9056e+09	6.31316e+09	6.12337e+09	6.11224e+09	6.06866e+09	5.30126e+09	5.63873e+09	5.45903e+09	5.60434e+09	5.96267e+09	5.60306e+09	5.85621e+09	4.99216e+09	4.51108e+09	4.52708e+09	4.57835e+09	5.19589e+09	5.33635e+09	7.06885e+09	6.82487e+09	6.55621e+09	7.22104e+09	6.77673e+09	6.87911e+09	6.13752e+09	6.11392e+09	5.52075e+09	5.54112e+09	5.43597e+09	6.13689e+09	5.35048e+09	5.38916e+09	5.47497e+09	6.1374e+09	6.54319e+09	6.52336e+09	5.66813e+09	6.54433e+09	5.63717e+09	6.18025e+09	5.6014e+09	6.19041e+09	5.63419e+09	5.49445e+09	6.00526e+09	5.96228e+09	5.99893e+09	5.49719e+09
ERR618543	6.54858e+09	6.46786e+09	6.09789e+09	6.08727e+09	6.58504e+09	6.58012e+09	6.49237e+09	6.42235e+09	6.45059e+09	6.47253e+09	6.16192e+09	6.48615e+09	4.76108e+09	6.01997e+09	4.95125e+09	6.27038e+09	4.94408e+09	6.53607e+09	6.60353e+09	6.64918e+09	6.68498e+09	6.52063e+09	6.39263e+09	6.53958e+09	5.78664e+09	6.3517e+09	6.34515e+09	6.3649e+09	6.27208e+09	5.77804e+09	6.19571e+09	6.21829e+09	7.00098e+09	6.28972e+09	6.90019e+09	6.52446e+09	6.46795e+09	6.62644e+09	6.26242e+09	6.47164e+09	6.42502e+09	6.38665e+09	5.56362e+09	6.42295e+09	5.90244e+09	5.83503e+09	5.90871e+09	6.73788e+09	5.61096e+09	5.99265e+09	5.8128e+09	5.80195e+09	5.76266e+09	5.04657e+09	5.37923e+09	5.22027e+09	5.35175e+09	5.68697e+09	5.34725e+09	5.58302e+09	4.76782e+09	4.30839e+09	4.32266e+09	4.37248e+09	4.96299e+09	5.09419e+09	6.70532e+09	6.47567e+09	6.22779e+09	6.8489e+09	6.43106e+09	6.53435e+09	5.85292e+09	5.8299e+09	5.27484e+09	5.2928e+09	5.18958e+09	5.85105e+09	5.09727e+09	5.13185e+09	5.21235e+09	5.82037e+09	6.20704e+09	6.18718e+09	5.39247e+09	6.21408e+09	5.36352e+09	5.87773e+09	5.32975e+09	5.8825e+09	5.39865e+09	5.26767e+09	5.7398e+09	5.69954e+09	5.73455e+09	5.26973e+09
ERR618545	6.38462e+09	6.09789e+09	6.1608e+09	5.94136e+09	6.41944e+09	6.41554e+09	6.33769e+09	6.26969e+09	6.2965e+09	6.31887e+09	6.01903e+09	6.33153e+09	4.66245e+09	5.88148e+09	4.84718e+09	6.12352e+09	4.84061e+09	6.37925e+09	6.44439e+09	6.48854e+09	6.52269e+09	6.3649e+09	6.2404e+09	6.38274e+09	5.65277e+09	6.19852e+09	6.19228e+09	6.21122e+09	6.12153e+09	5.64457e+09	6.05115e+09	6.07276e+09	6.82631e+09	6.14132e+09	6.73034e+09	6.36746e+09	6.3134e+09	6.46599e+09	6.11543e+09	6.31704e+09	6.27204e+09	6.23543e+09	5.43957e+09	6.27058e+09	5.76678e+09	5.70169e+09	5.77348e+09	6.57336e+09	5.48129e+09	5.85028e+09	5.6767e+09	5.66609e+09	5.62848e+09	4.93554e+09	5.25606e+09	5.10088e+09	5.22894e+09	5.55281e+09	5.22479e+09	5.45281e+09	4.66149e+09	4.21614e+09	4.23013e+09	4.27836e+09	4.85023e+09	4.97749e+09	6.53724e+09	6.31736e+09	6.07756e+09	6.67525e+09	6.27401e+09	6.3724e+09	5.71242e+09	5.69059e+09	5.15376e+09	5.17159e+09	5.0728e+09	5.71103e+09	4.98534e+09	5.01863e+09	5.09666e+09	5.68535e+09	6.05762e+09	6.03937e+09	5.27316e+09	6.0666e+09	5.24504e+09	5.74105e+09	5.21224e+09	5.74665e+09	5.27309e+09	5.14672e+09	5.60299e+09	5.56421e+09	5.59732e+09	5.14905e+09
ERR618544	6.37332e+09	6.08727e+09	5.94136e+09	6.14117e+09	6.40788e+09	6.4042e+09	6.32096e+09	6.25389e+09	6.28049e+09	6.30247e+09	6.00355e+09	6.31495e+09	4.65174e+09	5.86593e+09	4.83589e+09	6.10751e+09	4.82927e+09	6.3626e+09	6.42599e+09	6.47044e+09	6.50496e+09	6.3469e+09	6.2231e+09	6.36489e+09	5.63755e+09	6.18152e+09	6.1755e+09	6.19439e+09	6.1049e+09	5.62943e+09	6.0359e+09	6.05753e+09	6.80891e+09	6.12574e+09	6.71287e+09	6.35197e+09	6.29734e+09	6.44997e+09	6.09984e+09	6.30121e+09	6.25642e+09	6.21906e+09	5.42696e+09	6.25389e+09	5.75335e+09	5.68844e+09	5.75962e+09	6.55629e+09	5.46856e+09	5.83634e+09	5.66289e+09	5.65258e+09	5.61488e+09	4.92488e+09	5.245e+09	5.09157e+09	5.21847e+09	5.54157e+09	5.21395e+09	5.44143e+09	4.65052e+09	4.20595e+09	4.21932e+09	4.26764e+09	4.83886e+09	4.96588e+09	6.52196e+09	6.30162e+09	6.06341e+09	6.65936e+09	6.25841e+09	6.35736e+09	5.70026e+09	5.67886e+09	5.14352e+09	5.16065e+09	5.06195e+09	5.69897e+09	4.97381e+09	5.00641e+09	5.08393e+09	5.6699e+09	6.0417e+09	6.02307e+09	5.25892e+09	6.05043e+09	5.2307e+09	5.7264e+09	5.19814e+09	5.73132e+09	5.26428e+09	5.13829e+09	5.59287e+09	5.55368e+09	5.58701e+09	5.14005e+09
ERR618546	6.92275e+09	6.58504e+09	6.41944e+09	6.40788e+09	7.20066e+09	6.95804e+09	6.88452e+09	6.81004e+09	6.8372e+09	6.86357e+09	6.52725e+09	6.87798e+09	5.01901e+09	6.3724e+09	5.22207e+09	6.64403e+09	5.21402e+09	6.92956e+09	7.01391e+09	7.06604e+09	7.10086e+09	6.92534e+09	6.78541e+09	6.94585e+09	6.11989e+09	6.72992e+09	6.72263e+09	6.74377e+09	6.64365e+09	6.11274e+09	6.56587e+09	6.58984e+09	7.43623e+09	6.66735e+09	7.3305e+09	6.91924e+09	6.85784e+09	7.02937e+09	6.63617e+09	6.86151e+09	6.81053e+09	6.77211e+09	5.87599e+09	6.80862e+09	6.24153e+09	6.16816e+09	6.24838e+09	7.14662e+09	5.92973e+09	6.34008e+09	6.14918e+09	6.13777e+09	6.09376e+09	5.32273e+09	5.66428e+09	5.48409e+09	5.63003e+09	5.9911e+09	5.62881e+09	5.88319e+09	5.01487e+09	4.53012e+09	4.5468e+09	4.59823e+09	5.22116e+09	5.36227e+09	7.10312e+09	6.85653e+09	6.58677e+09	7.25631e+09	6.80778e+09	6.91268e+09	6.16899e+09	6.14423e+09	5.54751e+09	5.56764e+09	5.46066e+09	6.16744e+09	5.37161e+09	5.41081e+09	5.49702e+09	6.16129e+09	6.57108e+09	6.55099e+09	5.69157e+09	6.574e+09	5.66023e+09	6.20689e+09	5.62416e+09	6.2171e+09	5.66329e+09	5.52285e+09	6.03707e+09	5.99354e+09	6.03086e+09	5.52499e+09
ERR618547	6.91828e+09	6.58012e+09	6.41554e+09	6.4042e+09	6.95804e+09	7.19202e+09	6.89024e+09	6.81687e+09	6.84261e+09	6.86947e+09	6.53357e+09	6.88338e+09	5.02345e+09	6.37777e+09	5.22624e+09	6.649e+09	5.21793e+09	6.93406e+09	7.01926e+09	7.07208e+09	7.10585e+09	6.93051e+09	6.79164e+09	6.95135e+09	6.12548e+09	6.73598e+09	6.72839e+09	6.74969e+09	6.64943e+09	6.1191e+09	6.57039e+09	6.59534e+09	7.43936e+09	6.67231e+09	7.33493e+09	6.92372e+09	6.86218e+09	7.03327e+09	6.64101e+09	6.86553e+09	6.8151e+09	6.77687e+09	5.87908e+09	6.81318e+09	6.24399e+09	6.17083e+09	6.2518e+09	7.14934e+09	5.93514e+09	6.34518e+09	6.15468e+09	6.14312e+09	6.09916e+09	5.32679e+09	5.6652e+09	5.48361e+09	5.6304e+09	5.99143e+09	5.62984e+09	5.8847e+09	5.01689e+09	4.53279e+09	4.54961e+09	4.60089e+09	5.22198e+09	5.36291e+09	7.10683e+09	6.86087e+09	6.59054e+09	7.25964e+09	6.81245e+09	6.916e+09	6.16792e+09	6.14393e+09	5.54689e+09	5.56734e+09	5.46153e+09	6.16659e+09	5.37589e+09	5.41558e+09	5.50213e+09	6.16911e+09	6.5771e+09	6.55706e+09	5.6976e+09	6.57986e+09	5.66594e+09	6.21237e+09	5.62968e+09	6.22318e+09	5.66055e+09	5.52041e+09	6.03527e+09	5.99122e+09	6.02882e+09	5.52305e+09
ERR636774	6.85592e+09	6.49237e+09	6.33769e+09	6.32096e+09	6.88452e+09	6.89024e+09	8.44738e+09	8.15794e+09	8.16144e+09	8.20173e+09	7.84553e+09	8.20953e+09	5.82811e+09	7.43793e+09	6.05937e+09	7.76193e+09	6.04103e+09	8.06034e+09	8.2632e+09	8.33063e+09	8.34248e+09	8.18133e+09	8.0515e+09	8.19936e+09	7.29355e+09	7.97215e+09	7.95917e+09	7.97862e+09	7.89058e+09	7.29782e+09	7.60254e+09	7.63881e+09	8.50735e+09	7.72766e+09	8.44038e+09	7.96617e+09	8.04019e+09	8.21015e+09	7.82323e+09	8.04217e+09	7.98892e+09	7.97125e+09	6.62778e+09	7.73085e+09	7.01856e+09	6.93452e+09	7.04226e+09	8.06579e+09	6.89171e+09	7.37121e+09	7.166e+09	7.17169e+09	7.08673e+09	6.14865e+09	6.22159e+09	5.93433e+09	6.14476e+09	6.54569e+09	6.17257e+09	6.46284e+09	5.28595e+09	4.79335e+09	4.82448e+09	4.86442e+09	5.46656e+09	5.60207e+09	7.94164e+09	7.69202e+09	7.3509e+09	8.08712e+09	7.62809e+09	7.66552e+09	6.5072e+09	6.48093e+09	5.85325e+09	5.87921e+09	5.81565e+09	6.50895e+09	6.17754e+09	6.2492e+09	6.35415e+09	7.22569e+09	7.64366e+09	7.62784e+09	6.3554e+09	7.32815e+09	6.32366e+09	6.89758e+09	6.28053e+09	6.95642e+09	5.6803e+09	5.53934e+09	6.07666e+09	6.02879e+09	6.06143e+09	5.54313e+09
ERR636771	6.78264e+09	6.42235e+09	6.26969e+09	6.25389e+09	6.81004e+09	6.81687e+09	8.15794e+09	8.33774e+09	8.10914e+09	8.14463e+09	7.79974e+09	8.15148e+09	5.79772e+09	7.39085e+09	6.02644e+09	7.7111e+09	6.00744e+09	8.00312e+09	8.2096e+09	8.27976e+09	8.28874e+09	8.1286e+09	8.00385e+09	8.14618e+09	7.24611e+09	7.91547e+09	7.90224e+09	7.92098e+09	7.83483e+09	7.2529e+09	7.5533e+09	7.59012e+09	8.44255e+09	7.67767e+09	8.38015e+09	7.91039e+09	7.98614e+09	8.15317e+09	7.77437e+09	7.98846e+09	7.93604e+09	7.92099e+09	6.58412e+09	7.67627e+09	6.96852e+09	6.88632e+09	6.99253e+09	8.00417e+09	6.84372e+09	7.31644e+09	7.11628e+09	7.12291e+09	7.03752e+09	6.10747e+09	6.16918e+09	5.88014e+09	6.09071e+09	6.48625e+09	6.12028e+09	6.40747e+09	5.2317e+09	4.74852e+09	4.78053e+09	4.81889e+09	5.40741e+09	5.54016e+09	7.87236e+09	7.6281e+09	7.28875e+09	8.01501e+09	7.56447e+09	7.59678e+09	6.44021e+09	6.41413e+09	5.79553e+09	5.82146e+09	5.76171e+09	6.4422e+09	6.1357e+09	6.20897e+09	6.31257e+09	7.17813e+09	7.58798e+09	7.57292e+09	6.30791e+09	7.26648e+09	6.27703e+09	6.83952e+09	6.23438e+09	6.9006e+09	5.61721e+09	5.47888e+09	6.01051e+09	5.96363e+09	5.99541e+09	5.48332e+09
ERR636770	6.80875e+09	6.45059e+09	6.2965e+09	6.28049e+09	6.8372e+09	6.84261e+09	8.16144e+09	8.10914e+09	8.3422e+09	8.14707e+09	7.80214e+09	8.15516e+09	5.7961e+09	7.39277e+09	6.02562e+09	7.71365e+09	6.00704e+09	8.0103e+09	8.2078e+09	8.27493e+09	8.29025e+09	8.12728e+09	8.00178e+09	8.14499e+09	7.25163e+09	7.92266e+09	7.90986e+09	7.92955e+09	7.84154e+09	7.25551e+09	7.55744e+09	7.59333e+09	8.45448e+09	7.68198e+09	8.38503e+09	7.91818e+09	7.99503e+09	8.16343e+09	7.78094e+09	7.99713e+09	7.94489e+09	7.92611e+09	6.589e+09	7.68001e+09	6.97542e+09	6.89297e+09	6.9985e+09	8.01444e+09	6.85114e+09	7.32637e+09	7.12297e+09	7.12882e+09	7.04459e+09	6.11366e+09	6.18642e+09	5.90374e+09	6.11103e+09	6.50858e+09	6.13838e+09	6.42619e+09	5.24004e+09	4.74999e+09	4.78054e+09	4.82051e+09	5.4209e+09	5.55494e+09	7.88678e+09	7.63888e+09	7.3009e+09	8.03226e+09	7.57542e+09	7.61495e+09	6.45897e+09	6.43315e+09	5.81165e+09	5.83683e+09	5.77224e+09	6.46114e+09	6.14156e+09	6.21257e+09	6.31695e+09	7.17611e+09	7.59591e+09	7.57955e+09	6.30533e+09	7.27133e+09	6.27384e+09	6.8459e+09	6.23096e+09	6.9014e+09	5.64291e+09	5.50342e+09	6.03477e+09	5.98752e+09	6.01987e+09	5.5072e+09
ERR636772	6.83505e+09	6.47253e+09	6.31887e+09	6.30247e+09	6.86357e+09	6.86947e+09	8.20173e+09	8.14463e+09	8.14707e+09	8.4207e+09	7.83327e+09	8.19581e+09	5.82008e+09	7.42568e+09	6.05081e+09	7.74866e+09	6.03186e+09	8.04573e+09	8.24783e+09	8.31551e+09	8.32691e+09	8.16637e+09	8.03744e+09	8.18416e+09	7.28207e+09	7.9576e+09	7.94457e+09	7.96416e+09	7.87642e+09	7.28656e+09	7.58827e+09	7.6248e+09	8.48938e+09	7.7132e+09	8.42314e+09	7.94996e+09	8.02568e+09	8.19435e+09	7.80955e+09	8.02729e+09	7.97411e+09	7.95729e+09	6.61554e+09	7.71596e+09	7.00473e+09	6.92103e+09	7.02847e+09	8.04884e+09	6.87983e+09	7.35752e+09	7.15389e+09	7.15993e+09	7.07421e+09	6.13861e+09	6.20837e+09	5.9205e+09	6.13118e+09	6.53052e+09	6.15908e+09	6.44866e+09	5.27153e+09	4.78142e+09	4.81286e+09	4.85206e+09	5.45049e+09	5.58566e+09	7.92355e+09	7.67506e+09	7.33413e+09	8.06816e+09	7.61142e+09	7.64759e+09	6.48955e+09	6.46357e+09	5.83807e+09	5.86363e+09	5.80182e+09	6.49163e+09	6.16708e+09	6.23934e+09	6.34391e+09	7.21422e+09	7.6298e+09	7.61403e+09	6.3429e+09	7.31206e+09	6.31165e+09	6.88238e+09	6.26876e+09	6.94218e+09	5.66317e+09	5.5233e+09	6.05866e+09	6.01114e+09	6.04364e+09	5.52749e+09
ERR636769	6.50144e+09	6.16192e+09	6.01903e+09	6.00355e+09	6.52725e+09	6.53357e+09	7.84553e+09	7.79974e+09	7.80214e+09	7.83327e+09	7.72626e+09	7.83978e+09	5.60833e+09	7.11903e+09	5.82618e+09	7.41904e+09	5.80825e+09	7.69162e+09	7.88448e+09	7.94783e+09	7.95811e+09	7.81137e+09	7.69739e+09	7.8272e+09	6.99278e+09	7.61507e+09	7.60288e+09	7.62099e+09	7.54127e+09	6.99781e+09	7.27813e+09	7.31305e+09	8.10362e+09	7.39523e+09	8.04545e+09	7.61175e+09	7.6893e+09	7.84264e+09	7.49458e+09	7.69109e+09	7.64358e+09	7.62793e+09	6.35145e+09	7.38333e+09	6.71571e+09	6.6378e+09	6.73886e+09	7.68979e+09	6.60377e+09	7.04968e+09	6.86158e+09	6.868e+09	6.78668e+09	5.9023e+09	5.95284e+09	5.67521e+09	5.87718e+09	6.2532e+09	5.90614e+09	6.17926e+09	4.98853e+09	4.53228e+09	4.56239e+09	4.59821e+09	5.15511e+09	5.27844e+09	7.5467e+09	7.31692e+09	6.9957e+09	7.68031e+09	7.25687e+09	7.28578e+09	6.15466e+09	6.13016e+09	5.5472e+09	5.57141e+09	5.51564e+09	6.15661e+09	5.91968e+09	5.9896e+09	6.08835e+09	6.91125e+09	7.30003e+09	7.28568e+09	6.04563e+09	6.94954e+09	6.01646e+09	6.54836e+09	5.97613e+09	6.6056e+09	5.39007e+09	5.25889e+09	5.76085e+09	5.71667e+09	5.74693e+09	5.2627e+09
ERR636773	6.84948e+09	6.48615e+09	6.33153e+09	6.31495e+09	6.87798e+09	6.88338e+09	8.20953e+09	8.15148e+09	8.15516e+09	8.19581e+09	7.83978e+09	8.43526e+09	5.82473e+09	7.43297e+09	6.05576e+09	7.75611e+09	6.03722e+09	8.0549e+09	8.25589e+09	8.32344e+09	8.33529e+09	8.17381e+09	8.04418e+09	8.1919e+09	7.28919e+09	7.9666e+09	7.95349e+09	7.97333e+09	7.88539e+09	7.29378e+09	7.59653e+09	7.63298e+09	8.50051e+09	7.72194e+09	8.43332e+09	7.95976e+09	8.03335e+09	8.20324e+09	7.81697e+09	8.03534e+09	7.98201e+09	7.96455e+09	6.62265e+09	7.72447e+09	7.01287e+09	6.92973e+09	7.03657e+09	8.05913e+09	6.88739e+09	7.3663e+09	7.1619e+09	7.16733e+09	7.08229e+09	6.14523e+09	6.21765e+09	5.93028e+09	6.1408e+09	6.54122e+09	6.16856e+09	6.45866e+09	5.2818e+09	4.7905e+09	4.82181e+09	4.86122e+09	5.46165e+09	5.59732e+09	7.9354e+09	7.68641e+09	7.34535e+09	8.08121e+09	7.62243e+09	7.6598e+09	6.50218e+09	6.47574e+09	5.84877e+09	5.87468e+09	5.81174e+09	6.50378e+09	6.17371e+09	6.24607e+09	6.35021e+09	7.22104e+09	7.63862e+09	7.62261e+09	6.35171e+09	7.32273e+09	6.31999e+09	6.89244e+09	6.27695e+09	6.95168e+09	5.67587e+09	5.53523e+09	6.07223e+09	6.02471e+09	6.05702e+09	5.53939e+09
ERR613176	5.00003e+09	4.76108e+09	4.66245e+09	4.65174e+09	5.01901e+09	5.02345e+09	5.82811e+09	5.79772e+09	5.7961e+09	5.82008e+09	5.60833e+09	5.82473e+09	4.61222e+09	5.48862e+09	4.61134e+09	5.68488e+09	4.59822e+09	5.8648e+09	5.86807e+09	5.91442e+09	5.91782e+09	5.81802e+09	5.73958e+09	5.82872e+09	5.2758e+09	5.69145e+09	5.68437e+09	5.69558e+09	5.64224e+09	5.28106e+09	5.47848e+09	5.50046e+09	6.02618e+09	5.55426e+09	5.98934e+09	5.70055e+09	5.73764e+09	5.84086e+09	5.60625e+09	5.73932e+09	5.70582e+09	5.69739e+09	4.94698e+09	5.64457e+09	5.19675e+09	5.14348e+09	5.21306e+09	5.84431e+09	5.08781e+09	5.38593e+09	5.26362e+09	5.26613e+09	5.21161e+09	4.60886e+09	4.59736e+09	4.4e+09	4.54302e+09	4.80122e+09	4.56327e+09	4.75313e+09	3.88508e+09	3.55785e+09	3.58116e+09	3.60556e+09	4.00192e+09	4.09118e+09	5.68429e+09	5.52936e+09	5.3111e+09	5.77335e+09	5.48874e+09	5.50744e+09	4.73444e+09	4.71839e+09	4.30258e+09	4.32009e+09	4.28409e+09	4.73685e+09	4.56418e+09	4.61317e+09	4.68007e+09	5.24278e+09	5.4996e+09	5.49166e+09	4.66989e+09	5.29078e+09	4.64912e+09	5.01337e+09	4.62145e+09	5.05698e+09	4.20679e+09	4.11335e+09	4.47365e+09	4.44278e+09	4.46444e+09	4.11759e+09
ERR613175	6.34596e+09	6.01997e+09	5.88148e+09	5.86593e+09	6.3724e+09	6.37777e+09	7.43793e+09	7.39085e+09	7.39277e+09	7.42568e+09	7.11903e+09	7.43297e+09	5.48862e+09	7.16359e+09	5.70237e+09	7.23042e+09	5.6853e+09	7.4928e+09	7.50617e+09	7.5694e+09	7.57846e+09	7.43318e+09	7.31879e+09	7.44901e+09	6.67546e+09	7.26734e+09	7.25704e+09	7.27336e+09	7.19614e+09	6.6814e+09	6.94645e+09	6.9771e+09	7.73459e+09	7.05368e+09	7.67575e+09	7.26505e+09	7.31354e+09	7.46364e+09	7.12318e+09	7.31619e+09	7.26855e+09	7.25397e+09	6.19353e+09	7.17393e+09	6.54424e+09	6.46961e+09	6.56605e+09	7.46546e+09	6.4077e+09	6.83155e+09	6.65247e+09	6.65753e+09	6.58118e+09	5.74456e+09	5.76301e+09	5.50565e+09	5.69428e+09	6.05179e+09	5.71801e+09	5.97788e+09	4.90863e+09	4.46505e+09	4.4942e+09	4.52948e+09	5.07013e+09	5.19353e+09	7.27686e+09	7.05487e+09	6.75298e+09	7.40448e+09	6.99898e+09	7.03411e+09	6.01173e+09	5.98914e+09	5.42554e+09	5.44903e+09	5.39243e+09	6.01423e+09	5.70628e+09	5.76838e+09	5.86085e+09	6.63233e+09	6.9987e+09	6.98614e+09	5.87697e+09	6.74209e+09	5.84872e+09	6.35772e+09	5.80983e+09	6.41139e+09	5.28617e+09	5.15942e+09	5.64485e+09	5.60187e+09	5.63166e+09	5.1643e+09
ERR613177	5.20176e+09	4.95125e+09	4.84718e+09	4.83589e+09	5.22207e+09	5.22624e+09	6.05937e+09	6.02644e+09	6.02562e+09	6.05081e+09	5.82618e+09	6.05576e+09	4.61134e+09	5.70237e+09	4.94053e+09	5.90982e+09	4.76307e+09	6.10089e+09	6.10185e+09	6.14976e+09	6.15435e+09	6.0485e+09	5.96463e+09	6.05936e+09	5.47952e+09	5.91871e+09	5.91113e+09	5.92332e+09	5.86616e+09	5.48506e+09	5.69218e+09	5.71522e+09	6.27138e+09	5.77175e+09	6.23037e+09	5.92688e+09	5.96471e+09	6.07421e+09	5.82501e+09	5.96603e+09	5.93071e+09	5.92141e+09	5.13268e+09	5.86617e+09	5.39641e+09	5.33989e+09	5.41297e+09	6.07899e+09	5.28122e+09	5.59637e+09	5.46563e+09	5.46849e+09	5.41188e+09	4.77741e+09	4.77292e+09	4.56768e+09	4.71736e+09	4.98935e+09	4.73747e+09	4.93715e+09	4.03824e+09	3.69393e+09	3.71786e+09	3.74413e+09	4.16154e+09	4.2565e+09	5.91627e+09	5.75142e+09	5.52203e+09	6.0104e+09	5.70875e+09	5.73112e+09	4.92335e+09	4.9067e+09	4.47018e+09	4.4886e+09	4.44936e+09	4.92597e+09	4.73378e+09	4.78392e+09	4.85449e+09	5.44616e+09	5.71796e+09	5.70904e+09	4.84738e+09	5.50217e+09	4.82537e+09	5.20974e+09	4.79562e+09	5.25462e+09	4.37117e+09	4.27325e+09	4.6514e+09	4.61853e+09	4.64141e+09	4.27746e+09
ERR613174	6.61573e+09	6.27038e+09	6.12352e+09	6.10751e+09	6.64403e+09	6.649e+09	7.76193e+09	7.7111e+09	7.71365e+09	7.74866e+09	7.41904e+09	7.75611e+09	5.68488e+09	7.23042e+09	5.90982e+09	7.76755e+09	5.89276e+09	7.81868e+09	7.84039e+09	7.90784e+09	7.91873e+09	7.76167e+09	7.63811e+09	7.77871e+09	6.94908e+09	7.58176e+09	7.57051e+09	7.58845e+09	7.5053e+09	6.95385e+09	7.23869e+09	7.27099e+09	8.08502e+09	7.35361e+09	8.01976e+09	7.57906e+09	7.63083e+09	7.79181e+09	7.42555e+09	7.63302e+09	7.58209e+09	7.56595e+09	6.43596e+09	7.47706e+09	6.8072e+09	6.72828e+09	6.83021e+09	7.79147e+09	6.66069e+09	7.11237e+09	6.92012e+09	6.92531e+09	6.84487e+09	5.95902e+09	5.98582e+09	5.71607e+09	5.91416e+09	6.29261e+09	5.93843e+09	6.21313e+09	5.11642e+09	4.64602e+09	4.67615e+09	4.71464e+09	5.28875e+09	5.41953e+09	7.59757e+09	7.3611e+09	7.04126e+09	7.73463e+09	7.30121e+09	7.34099e+09	6.27188e+09	6.24731e+09	5.65005e+09	5.67508e+09	5.61443e+09	6.27429e+09	5.92631e+09	5.99138e+09	6.08942e+09	6.90356e+09	7.29562e+09	7.28123e+09	6.11627e+09	7.03535e+09	6.08574e+09	6.62784e+09	6.04507e+09	6.68361e+09	5.49931e+09	5.36516e+09	5.8779e+09	5.8325e+09	5.86357e+09	5.36955e+09
ERR613178	5.19366e+09	4.94408e+09	4.84061e+09	4.82927e+09	5.21402e+09	5.21793e+09	6.04103e+09	6.00744e+09	6.00704e+09	6.03186e+09	5.80825e+09	6.03722e+09	4.59822e+09	5.6853e+09	4.76307e+09	5.89276e+09	4.91295e+09	6.08307e+09	6.08332e+09	6.13121e+09	6.13608e+09	6.0302e+09	5.94647e+09	6.04141e+09	5.46294e+09	5.90047e+09	5.89306e+09	5.90518e+09	5.8485e+09	5.46802e+09	5.67547e+09	5.69903e+09	6.25407e+09	5.7554e+09	6.21314e+09	5.9108e+09	5.94689e+09	6.05644e+09	5.8075e+09	5.94838e+09	5.91355e+09	5.90373e+09	5.11959e+09	5.85029e+09	5.38251e+09	5.32714e+09	5.39928e+09	6.0626e+09	5.26743e+09	5.5813e+09	5.45086e+09	5.4536e+09	5.39765e+09	4.76545e+09	4.76287e+09	4.55958e+09	4.70741e+09	4.97917e+09	4.72769e+09	4.92656e+09	4.03043e+09	3.68692e+09	3.71053e+09	3.73725e+09	4.154e+09	4.2485e+09	5.90039e+09	5.73644e+09	5.50843e+09	5.995e+09	5.69386e+09	5.71758e+09	4.9145e+09	4.89731e+09	4.46275e+09	4.48052e+09	4.44118e+09	4.91675e+09	4.72202e+09	4.77141e+09	4.84146e+09	5.42985e+09	5.7015e+09	5.69268e+09	4.8359e+09	5.4885e+09	4.81443e+09	5.19792e+09	4.78446e+09	5.24187e+09	4.36534e+09	4.26758e+09	4.64467e+09	4.61187e+09	4.63506e+09	4.27175e+09
ERR613173	6.89837e+09	6.53607e+09	6.37925e+09	6.3626e+09	6.92956e+09	6.93406e+09	8.06034e+09	8.00312e+09	8.0103e+09	8.04573e+09	7.69162e+09	8.0549e+09	5.8648e+09	7.4928e+09	6.10089e+09	7.81868e+09	6.08307e+09	8.37391e+09	8.1466e+09	8.21686e+09	8.2319e+09	8.06163e+09	7.92899e+09	8.07996e+09	7.20085e+09	7.87643e+09	7.86419e+09	7.88407e+09	7.79363e+09	7.20341e+09	7.50807e+09	7.54203e+09	8.41808e+09	7.62971e+09	8.3435e+09	7.87413e+09	7.92441e+09	8.09819e+09	7.70272e+09	7.92699e+09	7.8728e+09	7.85207e+09	6.66048e+09	7.75973e+09	7.05379e+09	6.97084e+09	7.07721e+09	8.10194e+09	6.89674e+09	7.37587e+09	7.16974e+09	7.17373e+09	7.09102e+09	6.15871e+09	6.20597e+09	5.93172e+09	6.13526e+09	6.53495e+09	6.15799e+09	6.44671e+09	5.33552e+09	4.83473e+09	4.86532e+09	4.90687e+09	5.52309e+09	5.66213e+09	7.91472e+09	7.6615e+09	7.32566e+09	8.06446e+09	7.59923e+09	7.64756e+09	6.5465e+09	6.52047e+09	5.88832e+09	5.91369e+09	5.84379e+09	6.54883e+09	6.13523e+09	6.20279e+09	6.3056e+09	7.15441e+09	7.57742e+09	7.56179e+09	6.35028e+09	7.32801e+09	6.31755e+09	6.89852e+09	6.2742e+09	6.95118e+09	5.72852e+09	5.58637e+09	6.12582e+09	6.07736e+09	6.11073e+09	5.5904e+09
ERR637122	6.9837e+09	6.60353e+09	6.44439e+09	6.42599e+09	7.01391e+09	7.01926e+09	8.2632e+09	8.2096e+09	8.2078e+09	8.24783e+09	7.88448e+09	8.25589e+09	5.86807e+09	7.50617e+09	6.10185e+09	7.84039e+09	6.08332e+09	8.1466e+09	8.9606e+09	8.78628e+09	8.79524e+09	8.61975e+09	8.47337e+09	8.64021e+09	7.29054e+09	7.99987e+09	7.98506e+09	8.00603e+09	7.91385e+09	7.29656e+09	7.83347e+09	7.8711e+09	8.79652e+09	7.96699e+09	8.72624e+09	8.21627e+09	8.24837e+09	8.42703e+09	8.01725e+09	8.25029e+09	8.19299e+09	8.17574e+09	6.75585e+09	7.90165e+09	7.15943e+09	7.07354e+09	7.18165e+09	8.25246e+09	6.88413e+09	7.38139e+09	7.1698e+09	7.17586e+09	7.08685e+09	6.12164e+09	6.17867e+09	5.88353e+09	6.09876e+09	6.51094e+09	6.12822e+09	6.42577e+09	5.22294e+09	4.72462e+09	4.75791e+09	4.79623e+09	5.407e+09	5.54574e+09	7.95747e+09	7.69859e+09	7.34519e+09	8.10988e+09	7.63319e+09	7.67044e+09	6.49676e+09	6.46944e+09	5.82127e+09	5.84767e+09	5.78422e+09	6.4998e+09	6.13862e+09	6.21291e+09	6.32105e+09	7.21753e+09	7.64585e+09	7.62981e+09	6.34458e+09	7.34773e+09	6.31252e+09	6.90065e+09	6.26779e+09	6.96399e+09	5.63117e+09	5.48716e+09	6.04122e+09	5.99303e+09	6.02533e+09	5.49231e+09
ERR637119	7.03533e+09	6.64918e+09	6.48854e+09	6.47044e+09	7.06604e+09	7.07208e+09	8.33063e+09	8.27976e+09	8.27493e+09	8.31551e+09	7.94783e+09	8.32344e+09	5.91442e+09	7.5694e+09	6.14976e+09	7.90784e+09	6.13121e+09	8.21686e+09	8.78628e+09	9.13066e+09	8.87783e+09	8.69372e+09	8.55053e+09	8.7147e+09	7.34555e+09	8.06513e+09	8.05017e+09	8.07109e+09	7.97785e+09	7.35381e+09	7.89704e+09	7.93546e+09	8.87251e+09	8.03243e+09	8.80361e+09	8.28389e+09	8.31432e+09	8.49618e+09	8.08018e+09	8.31542e+09	8.25714e+09	8.24192e+09	6.80856e+09	7.97019e+09	7.21657e+09	7.12894e+09	7.23889e+09	8.32299e+09	6.93618e+09	7.43874e+09	7.22636e+09	7.23319e+09	7.14193e+09	6.16593e+09	6.21929e+09	5.91836e+09	6.13742e+09	6.55271e+09	6.16808e+09	6.46842e+09	5.27936e+09	4.77676e+09	4.81138e+09	4.84986e+09	5.46345e+09	5.60337e+09	8.03e+09	7.76849e+09	7.4107e+09	8.18403e+09	7.70248e+09	7.73775e+09	6.55842e+09	6.53078e+09	5.8747e+09	5.90212e+09	5.84015e+09	6.56174e+09	6.18677e+09	6.26324e+09	6.37203e+09	7.28094e+09	7.71028e+09	7.69468e+09	6.41089e+09	7.42565e+09	6.37833e+09	6.97145e+09	6.333e+09	7.03737e+09	5.67023e+09	5.52547e+09	6.08587e+09	6.03723e+09	6.06959e+09	5.53087e+09
ERR637118	7.06945e+09	6.68498e+09	6.52269e+09	6.50496e+09	7.10086e+09	7.10585e+09	8.34248e+09	8.28874e+09	8.29025e+09	8.32691e+09	7.95811e+09	8.33529e+09	5.91782e+09	7.57846e+09	6.15435e+09	7.91873e+09	6.13608e+09	8.2319e+09	8.79524e+09	8.87783e+09	9.14828e+09	8.70219e+09	8.55876e+09	8.72302e+09	7.35642e+09	8.07847e+09	8.06374e+09	8.08524e+09	7.9902e+09	7.36172e+09	7.90902e+09	7.94711e+09	8.8941e+09	8.04469e+09	8.81859e+09	8.30019e+09	8.33073e+09	8.5144e+09	8.09424e+09	8.33217e+09	8.27362e+09	8.25501e+09	6.82129e+09	7.98274e+09	7.23108e+09	7.14403e+09	7.25293e+09	8.34205e+09	6.9466e+09	7.45181e+09	7.23619e+09	7.24253e+09	7.15262e+09	6.1749e+09	6.23899e+09	5.94393e+09	6.16011e+09	6.5776e+09	6.18878e+09	6.48991e+09	5.29003e+09	4.78097e+09	4.81391e+09	4.85384e+09	5.47965e+09	5.62047e+09	8.04853e+09	7.78397e+09	7.42624e+09	8.20569e+09	7.71754e+09	7.75912e+09	6.58087e+09	6.55317e+09	5.8938e+09	5.92044e+09	5.8537e+09	6.58445e+09	6.19625e+09	6.27088e+09	6.3803e+09	7.28365e+09	7.72293e+09	7.70669e+09	6.41161e+09	7.43495e+09	6.37922e+09	6.9817e+09	6.33374e+09	7.04237e+09	5.69857e+09	5.55245e+09	6.11342e+09	6.06473e+09	6.09762e+09	5.55761e+09
ERR637120	6.89506e+09	6.52063e+09	6.3649e+09	6.3469e+09	6.92534e+09	6.93051e+09	8.18133e+09	8.1286e+09	8.12728e+09	8.16637e+09	7.81137e+09	8.17381e+09	5.81802e+09	7.43318e+09	6.0485e+09	7.76167e+09	6.0302e+09	8.06163e+09	8.61975e+09	8.69372e+09	8.70219e+09	8.77646e+09	8.38913e+09	8.55102e+09	7.2254e+09	7.92146e+09	7.90739e+09	7.92708e+09	7.83725e+09	7.23134e+09	7.75631e+09	7.79341e+09	8.69857e+09	7.88774e+09	8.63017e+09	8.1305e+09	8.1672e+09	8.34096e+09	7.94148e+09	8.16831e+09	8.11243e+09	8.09581e+09	6.69034e+09	7.8194e+09	7.08812e+09	7.00319e+09	7.11035e+09	8.16259e+09	6.82045e+09	7.30971e+09	7.10262e+09	7.10875e+09	7.02034e+09	6.06751e+09	6.1176e+09	5.82493e+09	6.03853e+09	6.44443e+09	6.06817e+09	6.36136e+09	5.15556e+09	4.66644e+09	4.69922e+09	4.73698e+09	5.33573e+09	5.47139e+09	7.86697e+09	7.61342e+09	7.26485e+09	8.01652e+09	7.549e+09	7.58347e+09	6.41557e+09	6.38864e+09	5.75109e+09	5.77729e+09	5.71663e+09	6.41868e+09	6.08211e+09	6.15648e+09	6.26283e+09	7.14921e+09	7.56947e+09	7.55418e+09	6.27542e+09	7.26222e+09	6.24375e+09	6.82199e+09	6.1997e+09	6.88539e+09	5.5634e+09	5.42175e+09	5.96679e+09	5.9194e+09	5.95152e+09	5.42684e+09
ERR637117	6.75696e+09	6.39263e+09	6.2404e+09	6.2231e+09	6.78541e+09	6.79164e+09	8.0515e+09	8.00385e+09	8.00178e+09	8.03744e+09	7.69739e+09	8.04418e+09	5.73958e+09	7.31879e+09	5.96463e+09	7.63811e+09	5.94647e+09	7.92899e+09	8.47337e+09	8.55053e+09	8.55876e+09	8.38913e+09	8.49406e+09	8.40712e+09	7.12025e+09	7.79605e+09	7.78233e+09	7.80094e+09	7.71465e+09	7.12668e+09	7.63608e+09	7.67252e+09	8.5469e+09	7.76424e+09	8.48234e+09	7.99862e+09	8.03817e+09	8.20643e+09	7.82187e+09	8.03968e+09	7.98575e+09	7.9707e+09	6.58787e+09	7.69091e+09	6.97553e+09	6.89247e+09	6.99784e+09	8.02312e+09	6.71614e+09	7.19298e+09	6.99221e+09	6.9991e+09	6.91176e+09	5.97851e+09	6.02033e+09	5.72987e+09	5.94079e+09	6.33726e+09	5.97122e+09	6.25799e+09	5.04823e+09	4.5719e+09	4.60453e+09	4.64091e+09	5.22294e+09	5.3539e+09	7.72523e+09	7.47875e+09	7.13748e+09	7.87008e+09	7.41539e+09	7.44632e+09	6.28649e+09	6.26038e+09	5.63941e+09	5.66487e+09	5.60697e+09	6.28955e+09	5.99101e+09	6.06496e+09	6.16944e+09	7.03787e+09	7.44814e+09	7.43311e+09	6.1645e+09	7.12605e+09	6.13359e+09	6.6968e+09	6.09096e+09	6.75937e+09	5.45372e+09	5.31574e+09	5.84739e+09	5.80116e+09	5.83213e+09	5.32057e+09
ERR637121	6.91616e+09	6.53958e+09	6.38274e+09	6.36489e+09	6.94585e+09	6.95135e+09	8.19936e+09	8.14618e+09	8.14499e+09	8.18416e+09	7.8272e+09	8.1919e+09	5.82872e+09	7.44901e+09	6.05936e+09	7.77871e+09	6.04141e+09	8.07996e+09	8.64021e+09	8.7147e+09	8.72302e+09	8.55102e+09	8.40712e+09	8.81723e+09	7.23832e+09	7.93716e+09	7.92319e+09	7.94338e+09	7.85292e+09	7.24452e+09	7.77357e+09	7.81113e+09	8.72081e+09	7.90555e+09	8.65214e+09	8.15029e+09	8.18513e+09	8.35989e+09	7.95779e+09	8.18619e+09	8.13046e+09	8.11386e+09	6.70427e+09	7.83788e+09	7.10386e+09	7.01852e+09	7.12566e+09	8.18241e+09	6.83266e+09	7.32413e+09	7.1153e+09	7.12203e+09	7.03338e+09	6.07797e+09	6.13021e+09	5.83692e+09	6.05097e+09	6.45818e+09	6.08036e+09	6.375e+09	5.16951e+09	4.67744e+09	4.71056e+09	4.74864e+09	5.34963e+09	5.48643e+09	7.8855e+09	7.63059e+09	7.2811e+09	8.03594e+09	7.56608e+09	7.60112e+09	6.43178e+09	6.40514e+09	5.76515e+09	5.79116e+09	5.72974e+09	6.43551e+09	6.09292e+09	6.16681e+09	6.27353e+09	7.16282e+09	7.58444e+09	7.56886e+09	6.28912e+09	7.27972e+09	6.25792e+09	6.83805e+09	6.21333e+09	6.90134e+09	5.5776e+09	5.43582e+09	5.9827e+09	5.93524e+09	5.96706e+09	5.44045e+09
ERR635348	6.09568e+09	5.78664e+09	5.65277e+09	5.63755e+09	6.11989e+09	6.12548e+09	7.29355e+09	7.24611e+09	7.25163e+09	7.28207e+09	6.99278e+09	7.28919e+09	5.2758e+09	6.67546e+09	5.47952e+09	6.94908e+09	5.46294e+09	7.20085e+09	7.29054e+09	7.34555e+09	7.35642e+09	7.2254e+09	7.12025e+09	7.23832e+09	7.36736e+09	7.79877e+09	7.78761e+09	7.80766e+09	7.72464e+09	7.17698e+09	6.73426e+09	6.76531e+09	7.474e+09	6.83862e+09	7.4175e+09	7.03383e+09	7.16038e+09	7.30252e+09	6.98374e+09	7.1623e+09	7.11845e+09	7.10559e+09	5.98228e+09	6.93266e+09	6.31964e+09	6.2468e+09	6.34396e+09	7.21428e+09	6.69251e+09	7.13247e+09	6.94462e+09	6.94846e+09	6.87391e+09	5.99893e+09	6.13502e+09	5.86182e+09	6.0646e+09	6.44159e+09	6.08973e+09	6.36387e+09	5.19371e+09	4.72882e+09	4.75867e+09	4.79408e+09	5.36001e+09	5.48199e+09	7.71711e+09	7.48999e+09	7.17475e+09	7.84989e+09	7.4314e+09	7.46428e+09	6.3581e+09	6.33403e+09	5.75095e+09	5.77654e+09	5.71802e+09	6.35846e+09	6.07907e+09	6.14395e+09	6.24179e+09	7.06058e+09	7.44855e+09	7.43398e+09	6.2196e+09	7.11799e+09	6.19157e+09	6.72139e+09	6.15105e+09	6.77893e+09	5.57407e+09	5.44106e+09	5.94134e+09	5.89637e+09	5.92765e+09	5.44582e+09
ERR635350	6.70163e+09	6.3517e+09	6.19852e+09	6.18152e+09	6.72992e+09	6.73598e+09	7.97215e+09	7.91547e+09	7.92266e+09	7.9576e+09	7.61507e+09	7.9666e+09	5.69145e+09	7.26734e+09	5.91871e+09	7.58176e+09	5.90047e+09	7.87643e+09	7.99987e+09	8.06513e+09	8.07847e+09	7.92146e+09	7.79605e+09	7.93716e+09	7.79877e+09	8.78e+09	8.53833e+09	8.56245e+09	8.45668e+09	7.80473e+09	7.34406e+09	7.37923e+09	8.21583e+09	7.46412e+09	8.14765e+09	7.69439e+09	7.82607e+09	7.9946e+09	7.61622e+09	7.82789e+09	7.7763e+09	7.76008e+09	6.49678e+09	7.57627e+09	6.87887e+09	6.79742e+09	6.90568e+09	7.90624e+09	7.27205e+09	7.78129e+09	7.56051e+09	7.56385e+09	7.47972e+09	6.48456e+09	6.66127e+09	6.36213e+09	6.58536e+09	7.01642e+09	6.61061e+09	6.92205e+09	5.7454e+09	5.20851e+09	5.24182e+09	5.28407e+09	5.94289e+09	6.08699e+09	8.51248e+09	8.24475e+09	7.8858e+09	8.66948e+09	8.17861e+09	8.2255e+09	7.03807e+09	7.00986e+09	6.3337e+09	6.36306e+09	6.28957e+09	7.03737e+09	6.59208e+09	6.66463e+09	6.77455e+09	7.70101e+09	8.15445e+09	8.13672e+09	6.82263e+09	7.86441e+09	6.78948e+09	7.40593e+09	6.74331e+09	7.46616e+09	6.11734e+09	5.96514e+09	6.53836e+09	6.48737e+09	6.52298e+09	5.96976e+09
ERR635349	6.69407e+09	6.34515e+09	6.19228e+09	6.1755e+09	6.72263e+09	6.72839e+09	7.95917e+09	7.90224e+09	7.90986e+09	7.94457e+09	7.60288e+09	7.95349e+09	5.68437e+09	7.25704e+09	5.91113e+09	7.57051e+09	5.89306e+09	7.86419e+09	7.98506e+09	8.05017e+09	8.06374e+09	7.90739e+09	7.78233e+09	7.92319e+09	7.78761e+09	8.53833e+09	8.75388e+09	8.5493e+09	8.44414e+09	7.79329e+09	7.33253e+09	7.36758e+09	8.20181e+09	7.45284e+09	8.13414e+09	7.68213e+09	7.81321e+09	7.98167e+09	7.60417e+09	7.81499e+09	7.76361e+09	7.7473e+09	6.48797e+09	7.56424e+09	6.86919e+09	6.78766e+09	6.89534e+09	7.8931e+09	7.26301e+09	7.77128e+09	7.5508e+09	7.55442e+09	7.47035e+09	6.47733e+09	6.65504e+09	6.35623e+09	6.57899e+09	7.00923e+09	6.60423e+09	6.91559e+09	5.73681e+09	5.20135e+09	5.23421e+09	5.27655e+09	5.93395e+09	6.07819e+09	8.49994e+09	8.23302e+09	7.87439e+09	8.65664e+09	8.1667e+09	8.21327e+09	7.02823e+09	7.00019e+09	6.3253e+09	6.35479e+09	6.28071e+09	7.02808e+09	6.58391e+09	6.6555e+09	6.76563e+09	7.68949e+09	8.14247e+09	8.12511e+09	6.8133e+09	7.85234e+09	6.77983e+09	7.39524e+09	6.73378e+09	7.45476e+09	6.11158e+09	5.95889e+09	6.53166e+09	6.48049e+09	6.51598e+09	5.96393e+09
ERR635351	6.71514e+09	6.3649e+09	6.21122e+09	6.19439e+09	6.74377e+09	6.74969e+09	7.97862e+09	7.92098e+09	7.92955e+09	7.96416e+09	7.62099e+09	7.97333e+09	5.69558e+09	7.27336e+09	5.92332e+09	7.58845e+09	5.90518e+09	7.88407e+09	8.00603e+09	8.07109e+09	8.08524e+09	7.92708e+09	7.80094e+09	7.94338e+09	7.80766e+09	8.56245e+09	8.5493e+09	8.80306e+09	8.46763e+09	7.81274e+09	7.3506e+09	7.38584e+09	8.22457e+09	7.47149e+09	8.1559e+09	7.70278e+09	7.83286e+09	8.00271e+09	7.62274e+09	7.83537e+09	7.78352e+09	7.76671e+09	6.50342e+09	7.5843e+09	6.88662e+09	6.80507e+09	6.91313e+09	7.9154e+09	7.28129e+09	7.79232e+09	7.57011e+09	7.57361e+09	7.48914e+09	6.49257e+09	6.67328e+09	6.37438e+09	6.59756e+09	7.03017e+09	6.62258e+09	6.93493e+09	5.75619e+09	5.21735e+09	5.25016e+09	5.29288e+09	5.95463e+09	6.09948e+09	8.52792e+09	8.25865e+09	7.8988e+09	8.68578e+09	8.19258e+09	8.24016e+09	7.05286e+09	7.02425e+09	6.34596e+09	6.3753e+09	6.30045e+09	7.05214e+09	6.60127e+09	6.67285e+09	6.78286e+09	7.71014e+09	8.16669e+09	8.14855e+09	6.83127e+09	7.87604e+09	6.79768e+09	7.41701e+09	6.75128e+09	7.47611e+09	6.13191e+09	5.97896e+09	6.55397e+09	6.50262e+09	6.53868e+09	5.98386e+09
ERR635346	6.61594e+09	6.27208e+09	6.12153e+09	6.1049e+09	6.64365e+09	6.64943e+09	7.89058e+09	7.83483e+09	7.84154e+09	7.87642e+09	7.54127e+09	7.88539e+09	5.64224e+09	7.19614e+09	5.86616e+09	7.5053e+09	5.8485e+09	7.79363e+09	7.91385e+09	7.97785e+09	7.9902e+09	7.83725e+09	7.71465e+09	7.85292e+09	7.72464e+09	8.45668e+09	8.44414e+09	8.46763e+09	8.59334e+09	7.73003e+09	7.26893e+09	7.30366e+09	8.12159e+09	7.38713e+09	8.05618e+09	7.61229e+09	7.74383e+09	7.9088e+09	7.5388e+09	7.7454e+09	7.69557e+09	7.68018e+09	6.43269e+09	7.49549e+09	6.80856e+09	6.72798e+09	6.8353e+09	7.81898e+09	7.19976e+09	7.70063e+09	7.48395e+09	7.48759e+09	7.40367e+09	6.42404e+09	6.59245e+09	6.29604e+09	6.51703e+09	6.94052e+09	6.54275e+09	6.84921e+09	5.67431e+09	5.14696e+09	5.17999e+09	5.22099e+09	5.86629e+09	6.00746e+09	8.40981e+09	8.14751e+09	7.79413e+09	8.56301e+09	8.08241e+09	8.12657e+09	6.94744e+09	6.91981e+09	6.25645e+09	6.2855e+09	6.21449e+09	6.94735e+09	6.52941e+09	6.60113e+09	6.70942e+09	7.62314e+09	8.06664e+09	8.04981e+09	6.74782e+09	7.76971e+09	6.7151e+09	7.31988e+09	6.66965e+09	7.3801e+09	6.04104e+09	5.89119e+09	6.45388e+09	6.40335e+09	6.43852e+09	5.89602e+09
ERR635347	6.08894e+09	5.77804e+09	5.64457e+09	5.62943e+09	6.11274e+09	6.1191e+09	7.29782e+09	7.2529e+09	7.25551e+09	7.28656e+09	6.99781e+09	7.29378e+09	5.28106e+09	6.6814e+09	5.48506e+09	6.95385e+09	5.46802e+09	7.20341e+09	7.29656e+09	7.35381e+09	7.36172e+09	7.23134e+09	7.12668e+09	7.24452e+09	7.17698e+09	7.80473e+09	7.79329e+09	7.81274e+09	7.73003e+09	7.38008e+09	6.73722e+09	6.76871e+09	7.47411e+09	6.84171e+09	7.42209e+09	7.03606e+09	7.1621e+09	7.30418e+09	6.98698e+09	7.16378e+09	7.11988e+09	7.10897e+09	5.98431e+09	6.93724e+09	6.321e+09	6.24884e+09	6.34589e+09	7.21526e+09	6.69887e+09	7.13709e+09	6.95117e+09	6.95705e+09	6.88022e+09	6.0038e+09	6.13405e+09	5.85505e+09	6.06014e+09	6.43693e+09	6.0883e+09	6.36213e+09	5.19836e+09	4.73849e+09	4.7693e+09	4.80398e+09	5.3627e+09	5.48502e+09	7.72191e+09	7.49551e+09	7.17943e+09	7.85227e+09	7.43678e+09	7.46597e+09	6.35737e+09	6.33345e+09	5.75093e+09	5.77711e+09	5.72126e+09	6.35792e+09	6.08463e+09	6.15083e+09	6.24844e+09	7.07381e+09	7.45477e+09	7.43989e+09	6.23393e+09	7.12838e+09	6.20581e+09	6.72968e+09	6.1658e+09	6.78908e+09	5.56717e+09	5.4353e+09	5.93661e+09	5.89148e+09	5.92317e+09	5.4398e+09
ERR636863	6.53911e+09	6.19571e+09	6.05115e+09	6.0359e+09	6.56587e+09	6.57039e+09	7.60254e+09	7.5533e+09	7.55744e+09	7.58827e+09	7.27813e+09	7.59653e+09	5.47848e+09	6.94645e+09	5.69218e+09	7.23869e+09	5.67547e+09	7.50807e+09	7.83347e+09	7.89704e+09	7.90902e+09	7.75631e+09	7.63608e+09	7.77357e+09	6.73426e+09	7.34406e+09	7.33253e+09	7.3506e+09	7.26893e+09	6.73722e+09	7.51618e+09	7.32523e+09	8.1281e+09	7.40822e+09	8.06134e+09	7.62836e+09	7.59631e+09	7.74835e+09	7.39587e+09	7.59712e+09	7.54951e+09	7.53033e+09	6.28055e+09	7.29372e+09	6.64505e+09	6.56746e+09	6.66335e+09	7.60358e+09	6.37175e+09	6.80755e+09	6.62263e+09	6.62622e+09	6.5508e+09	5.69087e+09	5.77881e+09	5.51352e+09	5.70809e+09	6.07978e+09	5.734e+09	6.00279e+09	4.8332e+09	4.37965e+09	4.40759e+09	4.4449e+09	5.00308e+09	5.12807e+09	7.33568e+09	7.10628e+09	6.79185e+09	7.4711e+09	7.04743e+09	7.08411e+09	6.00332e+09	5.97886e+09	5.39831e+09	5.42155e+09	5.36004e+09	6.00577e+09	5.70932e+09	5.77477e+09	5.87208e+09	6.66952e+09	7.0571e+09	7.04206e+09	5.85935e+09	6.7565e+09	5.83107e+09	6.36038e+09	5.79112e+09	6.4129e+09	5.28371e+09	5.15308e+09	5.65636e+09	5.61237e+09	5.64317e+09	5.15681e+09
ERR636864	6.56346e+09	6.21829e+09	6.07276e+09	6.05753e+09	6.58984e+09	6.59534e+09	7.63881e+09	7.59012e+09	7.59333e+09	7.6248e+09	7.31305e+09	7.63298e+09	5.50046e+09	6.9771e+09	5.71522e+09	7.27099e+09	5.69903e+09	7.54203e+09	7.8711e+09	7.93546e+09	7.94711e+09	7.79341e+09	7.67252e+09	7.81113e+09	6.76531e+09	7.37923e+09	7.36758e+09	7.38584e+09	7.30366e+09	6.76871e+09	7.32523e+09	7.58332e+09	8.16651e+09	7.44181e+09	8.10004e+09	7.66288e+09	7.63133e+09	7.78453e+09	7.42955e+09	7.63233e+09	7.58405e+09	7.5654e+09	6.30702e+09	7.32721e+09	6.67339e+09	6.59588e+09	6.69182e+09	7.63771e+09	6.39998e+09	6.83808e+09	6.65297e+09	6.6565e+09	6.58032e+09	5.71563e+09	5.80165e+09	5.53445e+09	5.73029e+09	6.10423e+09	5.75713e+09	6.02694e+09	4.85502e+09	4.4002e+09	4.42864e+09	4.46548e+09	5.02522e+09	5.15054e+09	7.36928e+09	7.13903e+09	6.82276e+09	7.50535e+09	7.07964e+09	7.11628e+09	6.02853e+09	6.00429e+09	5.42045e+09	5.44406e+09	5.38348e+09	6.03162e+09	5.73452e+09	5.80084e+09	5.89807e+09	6.70155e+09	7.08989e+09	7.07505e+09	5.88764e+09	6.78994e+09	5.85889e+09	6.39084e+09	5.81871e+09	6.44426e+09	5.30335e+09	5.17201e+09	5.67805e+09	5.63356e+09	5.66504e+09	5.17573e+09
ERR636860	7.40178e+09	7.00098e+09	6.82631e+09	6.80891e+09	7.43623e+09	7.43936e+09	8.50735e+09	8.44255e+09	8.45448e+09	8.48938e+09	8.10362e+09	8.50051e+09	6.02618e+09	7.73459e+09	6.27138e+09	8.08502e+09	6.25407e+09	8.41808e+09	8.79652e+09	8.87251e+09	8.8941e+09	8.69857e+09	8.5469e+09	8.72081e+09	7.474e+09	8.21583e+09	8.20181e+09	8.22457e+09	8.12159e+09	7.47411e+09	8.1281e+09	8.16651e+09	9.45841e+09	8.26873e+09	9.0865e+09	8.54965e+09	8.49993e+09	8.69316e+09	8.24817e+09	8.50159e+09	8.44145e+09	8.41428e+09	6.97261e+09	8.163e+09	7.4004e+09	7.31039e+09	7.42018e+09	8.5471e+09	7.07122e+09	7.58719e+09	7.36344e+09	7.3648e+09	7.28005e+09	6.28555e+09	6.41841e+09	6.13024e+09	6.34505e+09	6.77806e+09	6.36915e+09	6.67956e+09	5.48489e+09	4.94766e+09	4.97764e+09	5.0244e+09	5.69287e+09	5.84393e+09	8.27229e+09	7.99136e+09	7.62813e+09	8.44047e+09	7.92438e+09	7.98449e+09	6.80972e+09	6.7811e+09	6.09373e+09	6.12076e+09	6.03851e+09	6.81168e+09	6.32541e+09	6.39761e+09	6.50933e+09	7.4189e+09	7.8876e+09	7.8684e+09	6.56312e+09	7.62841e+09	6.52861e+09	7.16351e+09	6.48278e+09	7.21423e+09	5.95238e+09	5.79809e+09	6.3845e+09	6.33318e+09	6.36961e+09	5.80268e+09
