	ERR612618	ERR612614	ERR612613	ERR612616	ERR612617	ERR612615	ERR626766	ERR626765	ERR626769	ERR626770	ERR626768	ERR626767	ERR608119	ERR608117	ERR608118	ERR608121	ERR608122	ERR608120	ERR637031	ERR637027	ERR637030	ERR637029	ERR637028	ERR637032	ERR626884	ERR626883	ERR626881	ERR626880	ERR626882	ERR626879	ERR636741	ERR636740	ERR636742	ERR636743	ERR636739	ERR636744	ERR607762	ERR607759	ERR607761	ERR607760	ERR637124	ERR637123	ERR609044	ERR609041	ERR609043	ERR609040	ERR609039	ERR609042	ERR631676	ERR631677	ERR631678	ERR631675	ERR631674	ERR631673	ERR608461	ERR608457	ERR608462	ERR608458	ERR608459	ERR608460	ERR638212	ERR638208	ERR638211	ERR638209	ERR638210	ERR638207	ERR630183	ERR630186	ERR630182	ERR630184	ERR630187	ERR630185	ERR617457	ERR617460	ERR617459	ERR617462	ERR617458	ERR617461	ERR630443	ERR630444	ERR630442	ERR630445	ERR630440	ERR630441	ERR613300	ERR613304	ERR613301	ERR613303	ERR613302	ERR613299	ERR605600	ERR605599	ERR605602	ERR605603	ERR605604	ERR605601
ERR612618	0	0.791619	0.759	0.776551	0.775968	0.76606	0.895206	0.89081	0.896377	0.897617	0.896888	0.893675	0.897888	0.907435	0.898311	0.920219	0.918761	0.921412	0.879728	0.886263	0.896037	0.885763	0.903534	0.881976	0.901521	0.934019	0.908109	0.909936	0.93255	0.898914	0.903853	0.903295	0.907716	0.907534	0.910442	0.90649	0.923925	0.891643	0.921881	0.923494	0.891465	0.895413	0.929833	0.894774	0.930112	0.896821	0.900806	0.931582	1.08173	1.08103	1.08371	1.07625	1.09023	1.08384	1.0524	1.08331	1.05324	1.06088	1.0559	1.04998	1.09389	1.10049	1.07722	1.10287	1.07939	1.10346	0.937217	0.947493	0.925305	0.944306	0.961061	0.955148	1.06862	1.05758	1.0662	1.06222	1.06709	1.05693	1.03853	1.03955	1.0393	1.03687	1.03707	1.04474	1.05032	1.07828	1.0558	1.07842	1.08452	1.04504	1.0714	1.06646	1.07489	1.07322	1.07557	1.07858
ERR612614	0.791619	0	0.768861	0.79036	0.789099	0.774413	0.902827	0.89909	0.904579	0.905904	0.904671	0.901887	0.905823	0.915117	0.906997	0.927751	0.926	0.929184	0.888011	0.89416	0.903113	0.893632	0.909697	0.890194	0.91053	0.941733	0.917026	0.918216	0.941258	0.907959	0.909535	0.909873	0.913834	0.913594	0.916138	0.912904	0.930859	0.900566	0.92857	0.930499	0.900611	0.903871	0.938096	0.903528	0.938559	0.906044	0.908857	0.939627	1.08858	1.08786	1.09035	1.08328	1.09715	1.09075	1.0612	1.09024	1.06181	1.06923	1.06465	1.05886	1.09952	1.10676	1.08403	1.10896	1.0861	1.10904	0.943697	0.954397	0.932351	0.950542	0.965916	0.960992	1.07598	1.06556	1.07411	1.06948	1.07488	1.06506	1.04612	1.04748	1.0467	1.04446	1.04416	1.05144	1.0579	1.08469	1.06278	1.08476	1.09062	1.05314	1.07627	1.07175	1.07981	1.07805	1.08023	1.0834
ERR612613	0.759	0.768861	0	0.757595	0.756653	0.737217	0.874082	0.869061	0.875195	0.876998	0.875815	0.872318	0.880545	0.892123	0.881351	0.906059	0.904246	0.908034	0.858589	0.86579	0.878352	0.865165	0.887174	0.861063	0.879873	0.915708	0.887348	0.889602	0.914376	0.877271	0.887042	0.88628	0.891885	0.891412	0.895415	0.890471	0.908395	0.870425	0.905868	0.908015	0.86945	0.874581	0.914102	0.875799	0.914752	0.877542	0.882694	0.916203	1.06329	1.06265	1.06514	1.05708	1.07228	1.0655	1.03162	1.06578	1.03244	1.04072	1.03552	1.02901	1.07672	1.08383	1.05842	1.08645	1.06098	1.08682	0.920583	0.931898	0.906787	0.927975	0.94635	0.940168	1.04951	1.037	1.04662	1.04198	1.04749	1.03601	1.01677	1.01838	1.0176	1.01556	1.01526	1.02386	1.03009	1.06053	1.03564	1.06065	1.06695	1.02376	1.05603	1.05097	1.06016	1.05801	1.06013	1.06377
ERR612616	0.776551	0.79036	0.757595	0	0.774376	0.764293	0.89412	0.889386	0.895112	0.896428	0.89577	0.892595	0.896623	0.906563	0.897457	0.919626	0.918083	0.920969	0.878205	0.884726	0.894611	0.88434	0.902538	0.880228	0.900331	0.932973	0.907226	0.908938	0.932061	0.898072	0.902047	0.901958	0.906387	0.905956	0.909169	0.905204	0.92336	0.89111	0.920912	0.923025	0.890612	0.894594	0.929293	0.893453	0.929783	0.895615	0.899515	0.930706	1.08062	1.0797	1.08241	1.0748	1.08923	1.08268	1.05154	1.08206	1.05221	1.05986	1.05499	1.04901	1.09264	1.09962	1.07599	1.10207	1.07838	1.10206	0.936049	0.946471	0.923661	0.943078	0.959315	0.953918	1.06753	1.05649	1.06505	1.06078	1.06604	1.05549	1.03729	1.03848	1.03794	1.0358	1.03553	1.04357	1.04898	1.07707	1.05424	1.07725	1.08315	1.04373	1.07053	1.06566	1.07392	1.07213	1.07446	1.07774
ERR612617	0.775968	0.789099	0.756653	0.774376	0	0.763336	0.892763	0.888566	0.894398	0.895352	0.894732	0.891682	0.896284	0.906068	0.896817	0.919356	0.917863	0.920634	0.876789	0.883501	0.893723	0.883308	0.900847	0.87926	0.899445	0.932212	0.906332	0.907719	0.931252	0.896902	0.901303	0.901132	0.905565	0.905211	0.908367	0.904187	0.922685	0.890064	0.920461	0.922273	0.890026	0.893474	0.928357	0.892546	0.929023	0.894986	0.898509	0.930195	1.08055	1.08001	1.08254	1.07532	1.08929	1.08295	1.05186	1.08222	1.05253	1.06017	1.0557	1.04937	1.09232	1.0996	1.0761	1.10213	1.07832	1.10227	0.93538	0.946139	0.923288	0.942472	0.958761	0.953146	1.06749	1.0567	1.06553	1.06077	1.06647	1.05596	1.037	1.03836	1.03767	1.03532	1.03541	1.04292	1.04938	1.07715	1.05427	1.07744	1.08307	1.04412	1.07023	1.06528	1.07386	1.07189	1.07424	1.0773
ERR612615	0.76606	0.774413	0.737217	0.764293	0.763336	0	0.878886	0.874247	0.88092	0.88258	0.881666	0.877482	0.886159	0.897436	0.888178	0.912399	0.910785	0.91336	0.863262	0.871416	0.88221	0.870612	0.889814	0.866229	0.887651	0.923438	0.894423	0.8963	0.922505	0.884665	0.889968	0.890223	0.894879	0.894939	0.897995	0.893621	0.914273	0.877474	0.911809	0.913757	0.877255	0.881592	0.921219	0.881811	0.922004	0.88454	0.88843	0.923144	1.06843	1.06749	1.07026	1.06315	1.07803	1.07085	1.03936	1.0702	1.03997	1.04801	1.04349	1.0369	1.07962	1.08814	1.06361	1.09053	1.06563	1.09073	0.922529	0.934391	0.909704	0.930778	0.947266	0.942249	1.05443	1.04372	1.05279	1.0477	1.05346	1.04275	1.02288	1.02443	1.02333	1.02117	1.02065	1.02863	1.03565	1.06498	1.04085	1.06503	1.07124	1.03045	1.05935	1.05452	1.06342	1.0613	1.06389	1.06704
ERR626766	0.895206	0.902827	0.874082	0.89412	0.892763	0.878886	0	0.742406	0.753324	0.755133	0.753865	0.745952	0.842212	0.854558	0.845115	0.872508	0.870982	0.873494	0.85836	0.868155	0.879136	0.867337	0.887298	0.861495	0.811817	0.853698	0.820858	0.821423	0.852359	0.809828	0.866034	0.868466	0.873571	0.873326	0.877361	0.871237	0.9177	0.87613	0.914681	0.917532	0.877209	0.881115	0.917383	0.87427	0.920503	0.877839	0.881005	0.920917	1.0874	1.08659	1.08943	1.08307	1.09736	1.08998	1.06648	1.09461	1.06664	1.07454	1.07083	1.06348	1.09499	1.10499	1.08195	1.10745	1.08314	1.10746	0.93664	0.949883	0.923433	0.945517	0.962003	0.9573	1.07517	1.06576	1.0745	1.06876	1.07478	1.06507	1.0361	1.03704	1.03629	1.03388	1.03322	1.04096	1.06405	1.09316	1.0691	1.09305	1.09862	1.05934	1.08129	1.07717	1.08525	1.08346	1.08555	1.08815
ERR626765	0.89081	0.89909	0.869061	0.889386	0.888566	0.874247	0.742406	0	0.747837	0.750229	0.749398	0.740977	0.837518	0.850522	0.840016	0.868438	0.866745	0.869523	0.853354	0.863204	0.875033	0.862021	0.88364	0.856824	0.806877	0.850026	0.815803	0.816789	0.848466	0.804309	0.863332	0.864689	0.870671	0.870492	0.874672	0.868089	0.913531	0.870829	0.909912	0.912765	0.871088	0.87602	0.913788	0.870041	0.916906	0.873207	0.877265	0.917154	1.08319	1.08232	1.08536	1.0786	1.09332	1.08566	1.06133	1.09076	1.06159	1.06962	1.0656	1.05823	1.09117	1.10116	1.0774	1.10374	1.079	1.10378	0.932638	0.946218	0.918942	0.942143	0.95925	0.953994	1.07049	1.06055	1.06958	1.06374	1.07005	1.05981	1.03104	1.03196	1.03121	1.02888	1.02815	1.03619	1.05942	1.08921	1.06451	1.08917	1.09493	1.05462	1.0778	1.07318	1.08153	1.07971	1.08204	1.0845
ERR626769	0.896377	0.904579	0.875195	0.895112	0.894398	0.88092	0.753324	0.747837	0	0.753787	0.752868	0.751225	0.842815	0.855374	0.845288	0.871545	0.870856	0.873062	0.861258	0.870535	0.881243	0.869422	0.890369	0.864363	0.812267	0.853188	0.821286	0.821917	0.851425	0.810543	0.869406	0.87088	0.87626	0.875821	0.880054	0.874119	0.918378	0.877559	0.915306	0.917737	0.877696	0.882569	0.91598	0.874696	0.919134	0.877959	0.881918	0.919367	1.08905	1.08848	1.09132	1.08443	1.09854	1.09155	1.06693	1.09626	1.06752	1.07519	1.07119	1.06404	1.0975	1.10693	1.08354	1.10911	1.08529	1.10942	0.940342	0.953581	0.927381	0.949269	0.966156	0.96061	1.07713	1.0671	1.07597	1.07061	1.07629	1.06649	1.03748	1.03824	1.03803	1.03546	1.03537	1.04299	1.06592	1.09492	1.07077	1.09485	1.10079	1.06096	1.0843	1.0799	1.08782	1.08619	1.0881	1.09089
ERR626770	0.897617	0.905904	0.876998	0.896428	0.895352	0.88258	0.755133	0.750229	0.753787	0	0.754128	0.753033	0.844207	0.856234	0.846101	0.871945	0.87077	0.873774	0.863137	0.872283	0.883447	0.871246	0.892189	0.866461	0.813466	0.8538	0.822266	0.823656	0.851836	0.8117	0.871055	0.871764	0.877709	0.877222	0.881367	0.875297	0.919567	0.879844	0.916383	0.918841	0.879787	0.884196	0.917162	0.876225	0.919688	0.879223	0.883371	0.920019	1.09037	1.08938	1.09235	1.08551	1.0994	1.09264	1.0677	1.09763	1.06837	1.07586	1.07197	1.06489	1.09909	1.10815	1.08498	1.11061	1.08636	1.11066	0.942238	0.954915	0.929077	0.950984	0.967987	0.962144	1.07819	1.06777	1.07693	1.07188	1.07721	1.06727	1.03837	1.03923	1.0391	1.03643	1.03626	1.04429	1.06716	1.09608	1.07227	1.09601	1.10185	1.06183	1.08586	1.08115	1.08913	1.08763	1.08958	1.09234
ERR626768	0.896888	0.904671	0.875815	0.89577	0.894732	0.881666	0.753865	0.749398	0.752868	0.754128	0	0.751758	0.843687	0.85568	0.845526	0.87196	0.870661	0.872966	0.861985	0.871224	0.882019	0.870318	0.890912	0.865343	0.813116	0.853745	0.822089	0.823539	0.851776	0.811349	0.869514	0.870728	0.876627	0.876002	0.880247	0.87416	0.919076	0.878828	0.91594	0.918443	0.879055	0.883584	0.91642	0.875546	0.919703	0.878744	0.882601	0.920137	1.08951	1.08891	1.09173	1.08505	1.09895	1.09227	1.06781	1.09705	1.06818	1.0757	1.07175	1.06475	1.09827	1.1076	1.08428	1.10972	1.08582	1.10996	0.940962	0.953512	0.927536	0.94974	0.966412	0.961363	1.07752	1.06736	1.0763	1.07084	1.07668	1.06675	1.03792	1.0387	1.03858	1.03598	1.03552	1.04341	1.06661	1.09575	1.07155	1.09546	1.10108	1.06149	1.08479	1.08009	1.08796	1.08651	1.08857	1.09128
ERR626767	0.893675	0.901887	0.872318	0.892595	0.891682	0.877482	0.745952	0.740977	0.751225	0.753033	0.751758	0	0.840431	0.853259	0.843328	0.870304	0.869113	0.871554	0.857678	0.86711	0.878173	0.866111	0.886865	0.86056	0.810385	0.85242	0.818995	0.82034	0.850997	0.808539	0.865838	0.867321	0.872968	0.872672	0.876901	0.87076	0.916581	0.874685	0.913234	0.915879	0.875307	0.879809	0.915357	0.872664	0.918406	0.875687	0.879402	0.918522	1.08645	1.08571	1.08838	1.08179	1.09639	1.08892	1.06466	1.09371	1.06516	1.0729	1.06898	1.06199	1.09444	1.10434	1.08084	1.10671	1.08211	1.10687	0.936104	0.949074	0.922566	0.945107	0.962014	0.956876	1.07406	1.06416	1.07317	1.06748	1.0737	1.06342	1.03458	1.03584	1.03506	1.03254	1.03205	1.03972	1.06317	1.09235	1.06808	1.0922	1.09783	1.05807	1.08029	1.07602	1.08403	1.08233	1.08438	1.08714
ERR608119	0.897888	0.905823	0.880545	0.896623	0.896284	0.886159	0.842212	0.837518	0.842815	0.844207	0.843687	0.840431	0	0.781828	0.770952	0.79991	0.799388	0.802383	0.888779	0.896069	0.905705	0.895047	0.913794	0.890926	0.852678	0.887133	0.859316	0.861473	0.886256	0.850966	0.901105	0.901819	0.906464	0.906288	0.909792	0.904164	0.930148	0.896808	0.927454	0.929737	0.896378	0.900724	0.925688	0.888317	0.927493	0.891056	0.893779	0.928407	1.10262	1.10208	1.10467	1.09759	1.11128	1.1049	1.07826	1.10793	1.0786	1.08556	1.08154	1.07515	1.11339	1.12112	1.09863	1.12347	1.1	1.12368	0.936236	0.946792	0.924073	0.943043	0.959424	0.953717	1.09175	1.08047	1.08974	1.08523	1.09016	1.07983	1.05531	1.05611	1.05634	1.05336	1.05364	1.06135	1.08225	1.10984	1.0872	1.11	1.11521	1.07697	1.10092	1.09643	1.104	1.1026	1.10449	1.1072
ERR608117	0.907435	0.915117	0.892123	0.906563	0.906068	0.897436	0.854558	0.850522	0.855374	0.856234	0.85568	0.853259	0.781828	0	0.782181	0.808524	0.807617	0.811028	0.901507	0.907541	0.916564	0.906785	0.923985	0.90322	0.864264	0.896253	0.870643	0.872797	0.89543	0.862992	0.911789	0.912211	0.916637	0.916382	0.919254	0.914576	0.938436	0.908473	0.936249	0.938099	0.90792	0.911908	0.933881	0.899136	0.935367	0.90144	0.904144	0.93674	1.11247	1.11192	1.11418	1.10735	1.12033	1.11442	1.08792	1.1168	1.0885	1.09517	1.09075	1.08501	1.12335	1.13056	1.10883	1.13266	1.11023	1.13319	0.947205	0.956731	0.935839	0.953175	0.969025	0.963245	1.10223	1.0906	1.09935	1.09556	1.09979	1.0901	1.06671	1.06774	1.06793	1.06531	1.06541	1.07269	1.09313	1.11958	1.09774	1.1197	1.12485	1.08771	1.10979	1.10513	1.11267	1.11127	1.11307	1.11584
ERR608118	0.898311	0.906997	0.881351	0.897457	0.896817	0.888178	0.845115	0.840016	0.845288	0.846101	0.845526	0.843328	0.770952	0.782181	0	0.798392	0.797181	0.801999	0.891348	0.897773	0.907643	0.896557	0.916487	0.89297	0.852167	0.885583	0.859427	0.861577	0.884438	0.850301	0.904034	0.903575	0.908973	0.908665	0.912034	0.906396	0.929945	0.897803	0.927093	0.928933	0.896308	0.901439	0.923848	0.888968	0.925859	0.890694	0.894491	0.927084	1.10389	1.10348	1.10565	1.09839	1.11156	1.10601	1.07756	1.10914	1.07833	1.08509	1.08045	1.07464	1.11658	1.12321	1.10049	1.12541	1.10208	1.12603	0.940743	0.950816	0.928147	0.946989	0.964296	0.957627	1.09337	1.08103	1.09011	1.0864	1.09039	1.08009	1.05654	1.05788	1.05801	1.05535	1.05584	1.06402	1.08357	1.11181	1.08886	1.11191	1.11721	1.07779	1.10334	1.09855	1.10605	1.10458	1.10643	1.10947
ERR608121	0.920219	0.927751	0.906059	0.919626	0.919356	0.912399	0.872508	0.868438	0.871545	0.871945	0.87196	0.870304	0.79991	0.808524	0.798392	0	0.81558	0.820479	0.918786	0.923166	0.932423	0.922638	0.94008	0.920603	0.878176	0.906116	0.884201	0.886566	0.905203	0.877085	0.92809	0.926949	0.931771	0.931344	0.934544	0.929421	0.950766	0.923824	0.948762	0.950064	0.922218	0.927073	0.941964	0.912537	0.943487	0.913279	0.917009	0.944692	1.12183	1.12119	1.12351	1.11607	1.12847	1.12343	1.09651	1.12667	1.09702	1.10325	1.09857	1.09362	1.13462	1.14024	1.11872	1.1419	1.12049	1.14278	0.96302	0.971639	0.952522	0.968481	0.984683	0.978319	1.11176	1.10004	1.10845	1.10542	1.10874	1.09896	1.07757	1.07871	1.07931	1.07659	1.07709	1.08472	1.10329	1.12926	1.10797	1.12925	1.13471	1.09736	1.12081	1.11625	1.1232	1.12216	1.12376	1.12662
ERR608122	0.918761	0.926	0.904246	0.918083	0.917863	0.910785	0.870982	0.866745	0.870856	0.87077	0.870661	0.869113	0.799388	0.807617	0.797181	0.81558	0	0.819524	0.91702	0.921422	0.930675	0.920673	0.938455	0.918241	0.876938	0.904788	0.882828	0.88539	0.90378	0.87555	0.926266	0.925244	0.929908	0.92974	0.932639	0.928002	0.948883	0.921947	0.946485	0.947985	0.919925	0.924928	0.940568	0.911226	0.942776	0.912293	0.915855	0.943615	1.12085	1.12026	1.12279	1.11528	1.12777	1.12224	1.09546	1.1262	1.09623	1.1027	1.09766	1.09252	1.13405	1.13931	1.11805	1.14122	1.11943	1.14204	0.96211	0.97024	0.951097	0.967625	0.983957	0.977247	1.11106	1.09878	1.10769	1.10462	1.1078	1.09808	1.07643	1.07756	1.07809	1.07554	1.07601	1.08358	1.10228	1.12849	1.10722	1.12871	1.13379	1.09643	1.11911	1.11488	1.12163	1.12062	1.12194	1.12517
ERR608120	0.921412	0.929184	0.908034	0.920969	0.920634	0.91336	0.873494	0.869523	0.873062	0.873774	0.872966	0.871554	0.802383	0.811028	0.801999	0.820479	0.819524	0	0.919571	0.924766	0.933148	0.923998	0.940169	0.921167	0.880808	0.90892	0.886258	0.888739	0.908001	0.879656	0.929122	0.928662	0.932867	0.932373	0.935458	0.930599	0.952159	0.92575	0.950022	0.951681	0.924475	0.928385	0.945183	0.913859	0.946711	0.915515	0.918503	0.947971	1.12301	1.12241	1.12467	1.11779	1.13017	1.12468	1.09864	1.12794	1.09956	1.10617	1.10142	1.09625	1.13457	1.14076	1.11954	1.14267	1.12137	1.1433	0.962381	0.970704	0.951771	0.968007	0.98338	0.977229	1.11326	1.10188	1.11033	1.1068	1.11078	1.10099	1.07838	1.07974	1.08017	1.07767	1.07814	1.08526	1.10449	1.13009	1.10915	1.1304	1.13526	1.09939	1.12048	1.11608	1.12283	1.12177	1.1233	1.12617
ERR637031	0.879728	0.888011	0.858589	0.878205	0.876789	0.863262	0.85836	0.853354	0.861258	0.863137	0.861985	0.857678	0.888779	0.901507	0.891348	0.918786	0.91702	0.919571	0	0.754225	0.765752	0.753221	0.78041	0.743573	0.863272	0.904558	0.871213	0.872133	0.902358	0.859843	0.849593	0.850512	0.85652	0.855225	0.860364	0.854182	0.876986	0.832573	0.873663	0.876086	0.833023	0.837712	0.909027	0.864632	0.910493	0.868232	0.872823	0.911515	1.08533	1.08459	1.08743	1.0808	1.09503	1.0881	1.0567	1.08699	1.05697	1.06537	1.06137	1.05339	1.09123	1.10093	1.07708	1.10345	1.07855	1.10366	0.937273	0.950677	0.923732	0.945608	0.962835	0.957733	1.07113	1.06108	1.07018	1.06457	1.07067	1.06039	1.02839	1.02957	1.02854	1.02612	1.02599	1.03426	1.05811	1.08757	1.0635	1.08758	1.09379	1.05351	1.07606	1.07114	1.07975	1.07791	1.08045	1.083
ERR637027	0.886263	0.89416	0.86579	0.884726	0.883501	0.871416	0.868155	0.863204	0.870535	0.872283	0.871224	0.86711	0.896069	0.907541	0.897773	0.923166	0.921422	0.924766	0.754225	0	0.778228	0.760915	0.787382	0.758221	0.870898	0.910172	0.87904	0.879847	0.908018	0.867755	0.858524	0.858203	0.864245	0.863086	0.867956	0.862292	0.881706	0.840907	0.878996	0.881332	0.841138	0.845826	0.914087	0.873584	0.915952	0.876	0.880637	0.917014	1.09247	1.09184	1.09448	1.08766	1.10184	1.09489	1.0637	1.09442	1.06384	1.07179	1.06754	1.06057	1.09976	1.10863	1.08476	1.11056	1.08633	1.11099	0.946139	0.958189	0.932576	0.953696	0.970447	0.965115	1.07884	1.06873	1.07751	1.07244	1.07789	1.06769	1.03671	1.03806	1.03723	1.03473	1.03458	1.04284	1.06617	1.09512	1.07123	1.09541	1.10116	1.06112	1.08208	1.0771	1.08592	1.08418	1.08643	1.08913
ERR637030	0.896037	0.903113	0.878352	0.894611	0.893723	0.88221	0.879136	0.875033	0.881243	0.883447	0.882019	0.878173	0.905705	0.916564	0.907643	0.932423	0.930675	0.933148	0.765752	0.778228	0	0.777661	0.800415	0.769203	0.882737	0.920737	0.890091	0.890919	0.91877	0.880274	0.867318	0.868385	0.873311	0.872403	0.876331	0.871684	0.892034	0.85452	0.889411	0.891915	0.855287	0.858849	0.923438	0.883335	0.924936	0.886758	0.890083	0.925916	1.10198	1.10172	1.10404	1.09773	1.11106	1.10464	1.0749	1.10329	1.07497	1.08264	1.07916	1.07188	1.10816	1.1173	1.09469	1.1194	1.09602	1.1195	0.954968	0.967105	0.942711	0.962525	0.978207	0.973407	1.08869	1.07909	1.0877	1.08256	1.0881	1.0785	1.04824	1.04942	1.04889	1.04627	1.04652	1.05352	1.07709	1.10445	1.08167	1.10435	1.10986	1.07235	1.09055	1.08556	1.09411	1.09248	1.09461	1.09714
ERR637029	0.885763	0.893632	0.865165	0.88434	0.883308	0.870612	0.867337	0.862021	0.869422	0.871246	0.870318	0.866111	0.895047	0.906785	0.896557	0.922638	0.920673	0.923998	0.753221	0.760915	0.777661	0	0.787108	0.757071	0.86987	0.909493	0.878164	0.87897	0.9076	0.867233	0.857452	0.857822	0.863744	0.86281	0.86717	0.861349	0.882043	0.840219	0.878979	0.881296	0.840445	0.845288	0.913599	0.872156	0.915109	0.875049	0.879558	0.916226	1.09144	1.0909	1.09345	1.08642	1.1009	1.09412	1.06223	1.09319	1.06239	1.0706	1.06618	1.0591	1.09877	1.10758	1.08373	1.10944	1.08508	1.11019	0.945139	0.957601	0.931413	0.953046	0.97001	0.964653	1.0776	1.06734	1.07634	1.07108	1.07665	1.06641	1.03581	1.03713	1.03646	1.03396	1.03381	1.04209	1.06529	1.09425	1.07024	1.09431	1.10025	1.05979	1.08124	1.07642	1.08508	1.08324	1.08556	1.08834
ERR637028	0.903534	0.909697	0.887174	0.902538	0.900847	0.889814	0.887298	0.88364	0.890369	0.892189	0.890912	0.886865	0.913794	0.923985	0.916487	0.94008	0.938455	0.940169	0.78041	0.787382	0.800415	0.787108	0	0.784078	0.893042	0.929649	0.899627	0.900052	0.927984	0.890508	0.875451	0.876617	0.880936	0.880006	0.883263	0.879579	0.899683	0.863915	0.897186	0.899689	0.865257	0.86774	0.932577	0.893091	0.933675	0.896542	0.899491	0.934554	1.10892	1.10839	1.11129	1.10513	1.11821	1.11146	1.08322	1.10987	1.08354	1.09108	1.08759	1.08061	1.11379	1.12304	1.10132	1.12505	1.1026	1.12522	0.960923	0.972627	0.949819	0.968425	0.983181	0.979142	1.09574	1.08723	1.09529	1.08999	1.09574	1.0863	1.05702	1.05793	1.05685	1.05469	1.05445	1.06119	1.08451	1.11078	1.08865	1.11086	1.11588	1.08032	1.09533	1.09105	1.0991	1.09732	1.09958	1.10176
ERR637032	0.881976	0.890194	0.861063	0.880228	0.87926	0.866229	0.861495	0.856824	0.864363	0.866461	0.865343	0.86056	0.890926	0.90322	0.89297	0.920603	0.918241	0.921167	0.743573	0.758221	0.769203	0.757071	0.784078	0	0.865787	0.906607	0.874224	0.874953	0.904399	0.863107	0.852368	0.853522	0.859285	0.85815	0.862712	0.85685	0.879242	0.835627	0.876124	0.878696	0.836659	0.84118	0.910907	0.867858	0.91259	0.870932	0.875211	0.913765	1.08686	1.08597	1.08888	1.08197	1.09669	1.08959	1.05798	1.08846	1.05834	1.06649	1.0625	1.05482	1.09334	1.10298	1.07876	1.1051	1.08023	1.10566	0.940273	0.953006	0.926698	0.948375	0.965165	0.960282	1.07279	1.06266	1.07166	1.06616	1.07216	1.06205	1.03061	1.03183	1.03089	1.02813	1.0283	1.0361	1.06025	1.08945	1.06524	1.08935	1.09548	1.05523	1.07716	1.07235	1.0811	1.0794	1.08154	1.08437
ERR626884	0.901521	0.91053	0.879873	0.900331	0.899445	0.887651	0.811817	0.806877	0.812267	0.813466	0.813116	0.810385	0.852678	0.864264	0.852167	0.878176	0.876938	0.880808	0.863272	0.870898	0.882737	0.86987	0.893042	0.865787	0	0.798079	0.763035	0.765649	0.795894	0.751138	0.890192	0.889664	0.896664	0.89515	0.9	0.892962	0.919624	0.88098	0.916582	0.918768	0.880198	0.886091	0.928447	0.890351	0.931188	0.89215	0.89766	0.931322	1.08986	1.08948	1.09181	1.08446	1.09859	1.09212	1.06078	1.09423	1.06139	1.06921	1.06461	1.05755	1.09958	1.10763	1.08357	1.10952	1.0853	1.11038	0.955363	0.967002	0.941614	0.963386	0.981037	0.974688	1.07724	1.06564	1.07446	1.07017	1.07514	1.06448	1.0351	1.03665	1.03694	1.03376	1.03457	1.04308	1.06558	1.0951	1.07067	1.09559	1.10138	1.0592	1.07855	1.07402	1.08164	1.08006	1.08215	1.08517
ERR626883	0.934019	0.941733	0.915708	0.932973	0.932212	0.923438	0.853698	0.850026	0.853188	0.8538	0.853745	0.85242	0.887133	0.896253	0.885583	0.906116	0.904788	0.90892	0.904558	0.910172	0.920737	0.909493	0.929649	0.906607	0.798079	0	0.806162	0.808203	0.827626	0.796559	0.926027	0.924845	0.930807	0.929737	0.934024	0.927746	0.951449	0.920242	0.949175	0.950897	0.918729	0.9239	0.954051	0.924517	0.956874	0.925458	0.930585	0.957008	1.11468	1.11407	1.11678	1.10907	1.12184	1.11633	1.08659	1.11843	1.08749	1.09462	1.08983	1.08384	1.12536	1.1315	1.10918	1.13304	1.11083	1.13415	0.991232	1.00091	0.978898	0.997832	1.0146	1.00782	1.10316	1.09174	1.09991	1.09666	1.10059	1.09115	1.06427	1.0654	1.06612	1.06315	1.064	1.07215	1.09286	1.11981	1.09772	1.12051	1.12627	1.08675	1.10651	1.10215	1.10896	1.10772	1.10958	1.11276
ERR626881	0.908109	0.917026	0.887348	0.907226	0.906332	0.894423	0.820858	0.815803	0.821286	0.822266	0.822089	0.818995	0.859316	0.870643	0.859427	0.884201	0.882828	0.886258	0.871213	0.87904	0.890091	0.878164	0.899627	0.874224	0.763035	0.806162	0	0.773071	0.804019	0.759136	0.897282	0.897083	0.903654	0.902559	0.906965	0.899908	0.925878	0.88873	0.923432	0.924984	0.887925	0.893327	0.933928	0.89754	0.936665	0.898857	0.90438	0.936627	1.09531	1.09439	1.09724	1.08973	1.10358	1.0974	1.06694	1.0993	1.06749	1.07506	1.07051	1.06358	1.10488	1.1125	1.08907	1.11489	1.09058	1.11535	0.962007	0.9737	0.94864	0.969996	0.987373	0.981107	1.08255	1.07121	1.08005	1.0758	1.0806	1.07048	1.04165	1.04311	1.04342	1.04047	1.04094	1.04918	1.07142	1.10022	1.07661	1.10074	1.10672	1.0653	1.08401	1.07966	1.08718	1.08581	1.08746	1.09056
ERR626880	0.909936	0.918216	0.889602	0.908938	0.907719	0.8963	0.821423	0.816789	0.821917	0.823656	0.823539	0.82034	0.861473	0.872797	0.861577	0.886566	0.88539	0.888739	0.872133	0.879847	0.890919	0.87897	0.900052	0.874953	0.765649	0.808203	0.773071	0	0.806264	0.761087	0.897674	0.897681	0.903928	0.903036	0.90751	0.900991	0.927359	0.890174	0.924876	0.926968	0.889962	0.895182	0.936017	0.89885	0.938702	0.900272	0.90587	0.938821	1.09562	1.09508	1.0979	1.09062	1.10413	1.09801	1.0682	1.09984	1.06884	1.07644	1.07197	1.06502	1.10461	1.1127	1.08947	1.11464	1.09086	1.11524	0.962735	0.97448	0.949832	0.970612	0.987911	0.981854	1.08311	1.07221	1.0809	1.07649	1.08143	1.07153	1.04284	1.04413	1.04376	1.04125	1.04146	1.04986	1.07213	1.10081	1.07709	1.10142	1.10717	1.06624	1.08432	1.08	1.08782	1.08593	1.08813	1.09115
ERR626882	0.93255	0.941258	0.914376	0.932061	0.931252	0.922505	0.852359	0.848466	0.851425	0.851836	0.851776	0.850997	0.886256	0.89543	0.884438	0.905203	0.90378	0.908001	0.902358	0.908018	0.91877	0.9076	0.927984	0.904399	0.795894	0.827626	0.804019	0.806264	0	0.794259	0.924287	0.923103	0.929327	0.92794	0.932331	0.926119	0.949949	0.918524	0.947569	0.949212	0.916482	0.921737	0.95223	0.922275	0.954989	0.923286	0.928524	0.954728	1.11368	1.11317	1.11575	1.10804	1.12068	1.11529	1.08551	1.11777	1.08638	1.09343	1.08867	1.08262	1.1246	1.13046	1.10814	1.13211	1.10985	1.13326	0.989873	1.00003	0.977585	0.996866	1.01401	1.007	1.10231	1.09087	1.09902	1.096	1.09948	1.0897	1.06279	1.06428	1.0647	1.06175	1.06285	1.07115	1.09182	1.11889	1.09653	1.11938	1.12516	1.08543	1.10652	1.1021	1.10902	1.10746	1.10934	1.11288
ERR626879	0.898914	0.907959	0.877271	0.898072	0.896902	0.884665	0.809828	0.804309	0.810543	0.8117	0.811349	0.808539	0.850966	0.862992	0.850301	0.877085	0.87555	0.879656	0.859843	0.867755	0.880274	0.867233	0.890508	0.863107	0.751138	0.796559	0.759136	0.761087	0.794259	0	0.888359	0.888252	0.894604	0.893638	0.898394	0.891246	0.916219	0.877486	0.913176	0.915433	0.87635	0.882321	0.926761	0.888385	0.930012	0.89008	0.895693	0.929519	1.08762	1.08731	1.09008	1.08244	1.09653	1.09007	1.05868	1.09259	1.05893	1.06713	1.06247	1.05522	1.09743	1.1055	1.08127	1.1076	1.08283	1.10834	0.952552	0.964412	0.938346	0.960349	0.978448	0.972058	1.07474	1.06334	1.07217	1.06788	1.07293	1.06237	1.03332	1.0349	1.03462	1.03184	1.03214	1.04095	1.06319	1.09335	1.06853	1.09379	1.09973	1.057	1.0761	1.07159	1.0794	1.07783	1.07985	1.08292
ERR636741	0.903853	0.909535	0.887042	0.902047	0.901303	0.889968	0.866034	0.863332	0.869406	0.871055	0.869514	0.865838	0.901105	0.911789	0.904034	0.92809	0.926266	0.929122	0.849593	0.858524	0.867318	0.857452	0.875451	0.852368	0.890192	0.926027	0.897282	0.897674	0.924287	0.888359	0	0.764766	0.771248	0.770855	0.771944	0.769353	0.917409	0.879752	0.914668	0.917506	0.88102	0.884389	0.897694	0.855094	0.900615	0.859257	0.862268	0.901411	1.10676	1.10574	1.10875	1.1026	1.11607	1.10899	1.08817	1.11413	1.08822	1.0956	1.09171	1.0853	1.11043	1.12003	1.09778	1.12201	1.0994	1.12202	0.955069	0.967207	0.94354	0.96302	0.977591	0.973747	1.09585	1.08694	1.0956	1.09028	1.09553	1.08624	1.05764	1.05831	1.05742	1.05548	1.05499	1.06179	1.08185	1.10833	1.08636	1.10827	1.11335	1.07765	1.09802	1.09362	1.10126	1.09985	1.10192	1.10411
ERR636740	0.903295	0.909873	0.88628	0.901958	0.901132	0.890223	0.868466	0.864689	0.87088	0.871764	0.870728	0.867321	0.901819	0.912211	0.903575	0.926949	0.925244	0.928662	0.850512	0.858203	0.868385	0.857822	0.876617	0.853522	0.889664	0.924845	0.897083	0.897681	0.923103	0.888252	0.764766	0	0.772636	0.772026	0.773803	0.7705	0.916779	0.880367	0.913911	0.916222	0.880355	0.884021	0.896461	0.855291	0.898954	0.858795	0.862539	0.899647	1.10818	1.10726	1.11039	1.1038	1.11699	1.11049	1.08854	1.11593	1.08882	1.09595	1.09182	1.08579	1.1135	1.12169	1.09964	1.12376	1.10115	1.12397	0.957325	0.96863	0.945262	0.964793	0.980245	0.975483	1.09756	1.08791	1.09624	1.09132	1.0966	1.08717	1.05865	1.05994	1.05908	1.05715	1.05674	1.06387	1.08345	1.10969	1.08786	1.10983	1.11536	1.07841	1.09963	1.09509	1.10276	1.10133	1.10342	1.10597
ERR636742	0.907716	0.913834	0.891885	0.906387	0.905565	0.894879	0.873571	0.870671	0.87626	0.877709	0.876627	0.872968	0.906464	0.916637	0.908973	0.931771	0.929908	0.932867	0.85652	0.864245	0.873311	0.863744	0.880936	0.859285	0.896664	0.930807	0.903654	0.903928	0.929327	0.894604	0.771248	0.772636	0	0.772109	0.779366	0.770532	0.920436	0.885776	0.917729	0.920607	0.886441	0.889806	0.901594	0.860854	0.904185	0.864567	0.867679	0.904903	1.11399	1.11301	1.11561	1.10954	1.12283	1.1162	1.09506	1.12123	1.09518	1.10256	1.09891	1.09231	1.11816	1.1267	1.10527	1.12872	1.1068	1.12917	0.961026	0.972178	0.949319	0.96864	0.983425	0.978879	1.10327	1.09421	1.10241	1.0975	1.10266	1.09365	1.06506	1.06609	1.06507	1.06341	1.06281	1.06995	1.08962	1.11539	1.094	1.11554	1.12041	1.08509	1.10386	1.09943	1.10707	1.10538	1.1077	1.11003
ERR636743	0.907534	0.913594	0.891412	0.905956	0.905211	0.894939	0.873326	0.870492	0.875821	0.877222	0.876002	0.872672	0.906288	0.916382	0.908665	0.931344	0.92974	0.932373	0.855225	0.863086	0.872403	0.86281	0.880006	0.85815	0.89515	0.929737	0.902559	0.903036	0.92794	0.893638	0.770855	0.772026	0.772109	0	0.779187	0.770484	0.920004	0.885229	0.917178	0.919976	0.885778	0.889339	0.901366	0.861064	0.903511	0.864484	0.867664	0.904671	1.11309	1.11225	1.11505	1.10881	1.1217	1.11516	1.09426	1.12091	1.0945	1.10179	1.09802	1.09172	1.1177	1.12612	1.10436	1.12817	1.10605	1.12833	0.960796	0.971995	0.949227	0.968025	0.982983	0.978523	1.10255	1.09344	1.1017	1.09695	1.10191	1.09291	1.06393	1.06509	1.06437	1.06239	1.06228	1.06928	1.08885	1.11485	1.0932	1.11484	1.12003	1.08425	1.10345	1.09898	1.10678	1.1051	1.10725	1.10945
ERR636739	0.910442	0.916138	0.895415	0.909169	0.908367	0.897995	0.877361	0.874672	0.880054	0.881367	0.880247	0.876901	0.909792	0.919254	0.912034	0.934544	0.932639	0.935458	0.860364	0.867956	0.876331	0.86717	0.883263	0.862712	0.9	0.934024	0.906965	0.90751	0.932331	0.898394	0.771944	0.773803	0.779366	0.779187	0	0.77802	0.924244	0.890268	0.921537	0.92421	0.891045	0.893924	0.90519	0.8652	0.907631	0.868885	0.871851	0.908363	1.11573	1.11479	1.11781	1.11165	1.1245	1.11781	1.09742	1.12282	1.09779	1.10458	1.10111	1.0949	1.11999	1.12859	1.10741	1.13095	1.10883	1.13094	0.963244	0.97453	0.952223	0.970751	0.984955	0.980732	1.10542	1.09658	1.10473	1.09965	1.10476	1.09607	1.06788	1.06897	1.06807	1.06619	1.06586	1.07236	1.09164	1.11709	1.09611	1.11726	1.12212	1.08742	1.1054	1.10102	1.10852	1.10704	1.10899	1.11139
ERR636744	0.90649	0.912904	0.890471	0.905204	0.904187	0.893621	0.871237	0.868089	0.874119	0.875297	0.87416	0.87076	0.904164	0.914576	0.906396	0.929421	0.928002	0.930599	0.854182	0.862292	0.871684	0.861349	0.879579	0.85685	0.892962	0.927746	0.899908	0.900991	0.926119	0.891246	0.769353	0.7705	0.770532	0.770484	0.77802	0	0.919117	0.883861	0.916157	0.918491	0.883848	0.887535	0.899253	0.858813	0.90216	0.862371	0.865579	0.902907	1.11144	1.11077	1.1135	1.10742	1.12044	1.11396	1.09249	1.11934	1.09256	1.09998	1.0961	1.08987	1.11648	1.12497	1.10311	1.12708	1.10456	1.12733	0.959613	0.971003	0.948183	0.967167	0.982572	0.977972	1.1013	1.09194	1.10006	1.09531	1.10055	1.09114	1.0625	1.06355	1.06269	1.06052	1.06045	1.06759	1.08737	1.11355	1.09178	1.11342	1.11841	1.08256	1.10222	1.09786	1.10556	1.10405	1.10619	1.10864
ERR607762	0.923925	0.930859	0.908395	0.92336	0.922685	0.914273	0.9177	0.913531	0.918378	0.919567	0.919076	0.916581	0.930148	0.938436	0.929945	0.950766	0.948883	0.952159	0.876986	0.881706	0.892034	0.882043	0.899683	0.879242	0.919624	0.951449	0.925878	0.927359	0.949949	0.916219	0.917409	0.916779	0.920436	0.920004	0.924244	0.919117	0	0.799067	0.822497	0.824511	0.798291	0.80185	0.961362	0.927024	0.962673	0.927961	0.933712	0.963945	1.10425	1.10384	1.10588	1.09959	1.11067	1.10552	1.08948	1.11886	1.09016	1.09708	1.09267	1.0868	1.12338	1.12873	1.10708	1.13061	1.10845	1.13111	0.984497	0.994838	0.973563	0.990804	1.00638	1.00182	1.09025	1.08038	1.08722	1.0847	1.08773	1.07954	1.07131	1.07253	1.07272	1.07048	1.07076	1.07825	1.09208	1.11729	1.09674	1.11794	1.1225	1.08685	1.10408	1.0996	1.10734	1.10574	1.10751	1.11037
ERR607759	0.891643	0.900566	0.870425	0.89111	0.890064	0.877474	0.87613	0.870829	0.877559	0.879844	0.878828	0.874685	0.896808	0.908473	0.897803	0.923824	0.921947	0.92575	0.832573	0.840907	0.85452	0.840219	0.863915	0.835627	0.88098	0.920242	0.88873	0.890174	0.918524	0.877486	0.879752	0.880367	0.885776	0.885229	0.890268	0.883861	0.799067	0	0.795573	0.798266	0.749658	0.755318	0.930812	0.88885	0.932624	0.890387	0.896854	0.933727	1.07328	1.07258	1.0754	1.06825	1.08192	1.07522	1.05482	1.08699	1.05538	1.06331	1.05881	1.05164	1.09126	1.09872	1.07424	1.1011	1.07576	1.1012	0.951153	0.963842	0.937793	0.959058	0.975985	0.971109	1.05734	1.04647	1.05506	1.05104	1.05543	1.04554	1.03362	1.03501	1.03479	1.03203	1.03227	1.04048	1.05645	1.08542	1.0616	1.08562	1.09137	1.05091	1.0769	1.07212	1.08069	1.07884	1.08124	1.08437
ERR607761	0.921881	0.92857	0.905868	0.920912	0.920461	0.911809	0.914681	0.909912	0.915306	0.916383	0.91594	0.913234	0.927454	0.936249	0.927093	0.948762	0.946485	0.950022	0.873663	0.878996	0.889411	0.878979	0.897186	0.876124	0.916582	0.949175	0.923432	0.924876	0.947569	0.913176	0.914668	0.913911	0.917729	0.917178	0.921537	0.916157	0.822497	0.795573	0	0.822036	0.794453	0.798349	0.958562	0.923707	0.960389	0.925282	0.931046	0.961526	1.10236	1.10172	1.10398	1.09738	1.10876	1.10363	1.08718	1.11656	1.08793	1.09467	1.09023	1.08428	1.12151	1.12682	1.105	1.12863	1.10629	1.12902	0.98204	0.992503	0.970958	0.988441	1.00407	0.999026	1.08782	1.07784	1.0849	1.08216	1.08531	1.07708	1.06855	1.06954	1.07008	1.06759	1.06811	1.07573	1.08923	1.11516	1.094	1.11575	1.12059	1.08424	1.10211	1.09755	1.10543	1.10388	1.10574	1.1087
ERR607760	0.923494	0.930499	0.908015	0.923025	0.922273	0.913757	0.917532	0.912765	0.917737	0.918841	0.918443	0.915879	0.929737	0.938099	0.928933	0.950064	0.947985	0.951681	0.876086	0.881332	0.891915	0.881296	0.899689	0.878696	0.918768	0.950897	0.924984	0.926968	0.949212	0.915433	0.917506	0.916222	0.920607	0.919976	0.92421	0.918491	0.824511	0.798266	0.822036	0	0.796995	0.800728	0.960497	0.926288	0.961704	0.927333	0.93353	0.963237	1.10362	1.10291	1.10505	1.09872	1.11011	1.10495	1.08881	1.11842	1.08954	1.09627	1.09202	1.08616	1.12322	1.12846	1.10654	1.12999	1.10808	1.13063	0.984366	0.994247	0.972796	0.989989	1.00582	1.00107	1.08931	1.0794	1.08666	1.08386	1.08709	1.07872	1.07049	1.07172	1.07223	1.06971	1.07025	1.07783	1.09135	1.11676	1.09592	1.11763	1.12211	1.08598	1.10345	1.09899	1.10648	1.10503	1.10693	1.10997
ERR637124	0.891465	0.900611	0.86945	0.890612	0.890026	0.877255	0.877209	0.871088	0.877696	0.879787	0.879055	0.875307	0.896378	0.90792	0.896308	0.922218	0.919925	0.924475	0.833023	0.841138	0.855287	0.840445	0.865257	0.836659	0.880198	0.918729	0.887925	0.889962	0.916482	0.87635	0.88102	0.880355	0.886441	0.885778	0.891045	0.883848	0.798291	0.749658	0.794453	0.796995	0	0.754932	0.928921	0.888196	0.930842	0.889267	0.896385	0.931834	1.07326	1.07239	1.07511	1.06755	1.081	1.07495	1.05361	1.08709	1.05432	1.06207	1.05693	1.05033	1.09209	1.09881	1.07427	1.10104	1.07569	1.10139	0.952483	0.964543	0.938418	0.959652	0.977689	0.972207	1.05706	1.0454	1.05415	1.05047	1.0546	1.04448	1.03306	1.03433	1.03439	1.03186	1.03204	1.04064	1.05608	1.08583	1.06141	1.08614	1.09149	1.04994	1.07725	1.07236	1.081	1.07932	1.08145	1.08486
ERR637123	0.895413	0.903871	0.874581	0.894594	0.893474	0.881592	0.881115	0.87602	0.882569	0.884196	0.883584	0.879809	0.900724	0.911908	0.901439	0.927073	0.924928	0.928385	0.837712	0.845826	0.858849	0.845288	0.86774	0.84118	0.886091	0.9239	0.893327	0.895182	0.921737	0.882321	0.884389	0.884021	0.889806	0.889339	0.893924	0.887535	0.80185	0.755318	0.798349	0.800728	0.754932	0	0.933726	0.89304	0.935728	0.894909	0.901373	0.936941	1.07773	1.0769	1.07966	1.07237	1.08587	1.07959	1.0594	1.09123	1.06023	1.06772	1.06311	1.0564	1.09549	1.10266	1.07849	1.10471	1.08034	1.10525	0.955096	0.96748	0.941996	0.962571	0.979795	0.974666	1.0618	1.05093	1.0592	1.05548	1.05969	1.04999	1.03857	1.03964	1.03968	1.03686	1.03707	1.04533	1.06128	1.08996	1.06643	1.09018	1.09569	1.05553	1.0805	1.07569	1.08439	1.08257	1.08478	1.08775
ERR609044	0.929833	0.938096	0.914102	0.929293	0.928357	0.921219	0.917383	0.913788	0.91598	0.917162	0.91642	0.915357	0.925688	0.933881	0.923848	0.941964	0.940568	0.945183	0.909027	0.914087	0.923438	0.913599	0.932577	0.910907	0.928447	0.954051	0.933928	0.936017	0.95223	0.926761	0.897694	0.896461	0.901594	0.901366	0.90519	0.899253	0.961362	0.930812	0.958562	0.960497	0.928921	0.933726	0	0.774467	0.79884	0.771923	0.781797	0.800252	1.13025	1.12998	1.13213	1.12501	1.13684	1.13177	1.10334	1.13264	1.10408	1.11031	1.10547	1.10075	1.14229	1.14674	1.12584	1.14876	1.12795	1.14918	0.99125	0.998804	0.97981	0.996803	1.01225	1.00571	1.11759	1.10579	1.11388	1.111	1.11412	1.10502	1.08862	1.0896	1.09011	1.08768	1.08815	1.09561	1.1098	1.13424	1.11442	1.13456	1.13986	1.10429	1.13329	1.1291	1.13559	1.13452	1.13629	1.13919
ERR609041	0.894774	0.903528	0.875799	0.893453	0.892546	0.881811	0.87427	0.870041	0.874696	0.876225	0.875546	0.872664	0.888317	0.899136	0.888968	0.912537	0.911226	0.913859	0.864632	0.873584	0.883335	0.872156	0.893091	0.867858	0.890351	0.924517	0.89754	0.89885	0.922275	0.888385	0.855094	0.855291	0.860854	0.861064	0.8652	0.858813	0.927024	0.88885	0.923707	0.926288	0.888196	0.89304	0.774467	0	0.776007	0.730665	0.739633	0.777536	1.10447	1.10355	1.10629	1.09948	1.1128	1.10629	1.07753	1.1073	1.07832	1.0854	1.08111	1.07497	1.11411	1.12133	1.09871	1.12346	1.10065	1.12399	0.949587	0.959791	0.936977	0.956877	0.973081	0.967142	1.08954	1.07863	1.08732	1.0828	1.08759	1.07781	1.05826	1.05955	1.05937	1.05689	1.05702	1.06443	1.08133	1.10815	1.08618	1.10836	1.1138	1.07617	1.10484	1.1005	1.10785	1.10639	1.10875	1.11128
ERR609043	0.930112	0.938559	0.914752	0.929783	0.929023	0.922004	0.920503	0.916906	0.919134	0.919688	0.919703	0.918406	0.927493	0.935367	0.925859	0.943487	0.942776	0.946711	0.910493	0.915952	0.924936	0.915109	0.933675	0.91259	0.931188	0.956874	0.936665	0.938702	0.954989	0.930012	0.900615	0.898954	0.904185	0.903511	0.907631	0.90216	0.962673	0.932624	0.960389	0.961704	0.930842	0.935728	0.79884	0.776007	0	0.77371	0.783008	0.801106	1.13217	1.13157	1.13393	1.12668	1.13845	1.13354	1.10497	1.13386	1.10585	1.11188	1.1071	1.10245	1.144	1.14854	1.12774	1.15007	1.12973	1.15088	0.991898	0.999316	0.980613	0.997123	1.01271	1.0058	1.11935	1.10782	1.11568	1.11285	1.11583	1.10685	1.09013	1.09137	1.09194	1.08952	1.08993	1.09758	1.1117	1.13573	1.11638	1.13605	1.14115	1.10597	1.13453	1.13045	1.13664	1.13576	1.13747	1.14036
ERR609040	0.896821	0.906044	0.877542	0.895615	0.894986	0.88454	0.877839	0.873207	0.877959	0.879223	0.878744	0.875687	0.891056	0.90144	0.890694	0.913279	0.912293	0.915515	0.868232	0.876	0.886758	0.875049	0.896542	0.870932	0.89215	0.925458	0.898857	0.900272	0.923286	0.89008	0.859257	0.858795	0.864567	0.864484	0.868885	0.862371	0.927961	0.890387	0.925282	0.927333	0.889267	0.894909	0.771923	0.730665	0.77371	0	0.739816	0.774964	1.10588	1.10519	1.10778	1.10037	1.11384	1.10761	1.07815	1.10884	1.07887	1.08617	1.08118	1.07558	1.11641	1.12317	1.10045	1.1252	1.10229	1.1257	0.953724	0.963275	0.940974	0.960348	0.977255	0.970906	1.09114	1.07961	1.08838	1.08438	1.08861	1.07857	1.06004	1.06121	1.06114	1.05867	1.05896	1.06689	1.08291	1.10993	1.08792	1.11025	1.11552	1.07716	1.10696	1.10245	1.10987	1.10848	1.11038	1.11336
ERR609039	0.900806	0.908857	0.882694	0.899515	0.898509	0.88843	0.881005	0.877265	0.881918	0.883371	0.882601	0.879402	0.893779	0.904144	0.894491	0.917009	0.915855	0.918503	0.872823	0.880637	0.890083	0.879558	0.899491	0.875211	0.89766	0.930585	0.90438	0.90587	0.928524	0.895693	0.862268	0.862539	0.867679	0.867664	0.871851	0.865579	0.933712	0.896854	0.931046	0.93353	0.896385	0.901373	0.781797	0.739633	0.783008	0.739816	0	0.784187	1.11026	1.10927	1.11194	1.10519	1.11823	1.1121	1.08398	1.11238	1.08457	1.09142	1.0873	1.08134	1.11941	1.12676	1.10471	1.12866	1.10646	1.1291	0.955376	0.964972	0.943097	0.962298	0.978117	0.971991	1.09546	1.08489	1.09332	1.08897	1.09353	1.08404	1.06469	1.06576	1.0657	1.06289	1.06318	1.07064	1.08754	1.1137	1.09193	1.11358	1.119	1.08257	1.10984	1.10546	1.11285	1.11142	1.11347	1.11613
