	ERR605645	ERR605646	ERR605641	ERR605643	ERR605644	ERR605642	ERR618718	ERR618722	ERR618721	ERR618720	ERR618719	ERR618717	ERR636986	ERR636987	ERR636985	ERR636990	ERR636988	ERR636989	ERR636768	ERR636766	ERR636765	ERR636763	ERR636764	ERR636767	ERR637065	ERR637067	ERR637068	ERR637066	ERR637063	ERR637064	ERR613447	ERR613446	ERR613443	ERR613448	ERR613445	ERR613444	ERR636697	ERR636702	ERR636699	ERR636700	ERR636701	ERR636698	ERR613974	ERR613977	ERR613972	ERR613975	ERR613973	ERR613976	ERR631325	ERR631323	ERR631328	ERR631327	ERR631326	ERR631324	ERR630097	ERR630096	ERR630098	ERR630099	ERR630100	ERR630101	ERR614898	ERR614900	ERR614897	ERR614895	ERR614899	ERR614896	ERR638277	ERR638273	ERR638275	ERR638278	ERR638274	ERR638276	ERR618617	ERR618620	ERR618615	ERR618616	ERR618618	ERR618619	ERR612297	ERR612293	ERR612296	ERR612294	ERR612298	ERR612295	ERR608925	ERR608928	ERR608930	ERR608927	ERR608929	ERR608926	ERR617501	ERR617499	ERR617504	ERR617500	ERR617502	ERR617503
ERR605645	5.32216e+09	5.07897e+09	5.54211e+09	5.18992e+09	4.99993e+09	5.24462e+09	6.00673e+09	6.21689e+09	6.15595e+09	6.12491e+09	6.01612e+09	6.24824e+09	4.87691e+09	5.58675e+09	5.56858e+09	5.70668e+09	5.10025e+09	5.79283e+09	5.83677e+09	5.78021e+09	5.86943e+09	5.64566e+09	5.8727e+09	5.80264e+09	5.73931e+09	5.66621e+09	5.69923e+09	5.65374e+09	5.48672e+09	5.73208e+09	5.55574e+09	5.46122e+09	6.24215e+09	4.7529e+09	5.95769e+09	5.64985e+09	6.11398e+09	5.89873e+09	6.40361e+09	5.95408e+09	5.87409e+09	6.45487e+09	5.19072e+09	6.02451e+09	5.98379e+09	5.58937e+09	5.64877e+09	5.59019e+09	6.28725e+09	5.81275e+09	5.66988e+09	5.68476e+09	5.7003e+09	5.67644e+09	4.74319e+09	5.18717e+09	5.0032e+09	4.41277e+09	4.9514e+09	5.09613e+09	5.37454e+09	5.35085e+09	4.80919e+09	4.78187e+09	5.35187e+09	4.88582e+09	5.94328e+09	5.01687e+09	4.95565e+09	5.67191e+09	5.09293e+09	5.94564e+09	4.87716e+09	4.57628e+09	5.05401e+09	4.81144e+09	4.81785e+09	4.57334e+09	5.25574e+09	4.54559e+09	5.32169e+09	4.09343e+09	5.46661e+09	4.06221e+09	4.26746e+09	5.2831e+09	5.26484e+09	5.54554e+09	5.27883e+09	5.35086e+09	4.96391e+09	4.84085e+09	4.26209e+09	4.95776e+09	4.4682e+09	4.616e+09
ERR605646	5.07897e+09	5.21145e+09	5.48402e+09	5.13689e+09	4.95114e+09	5.19113e+09	5.94069e+09	6.14934e+09	6.08847e+09	6.05803e+09	5.95042e+09	6.17981e+09	4.82237e+09	5.52187e+09	5.50479e+09	5.64007e+09	5.04296e+09	5.72412e+09	5.7668e+09	5.71026e+09	5.79799e+09	5.5775e+09	5.80235e+09	5.73279e+09	5.67016e+09	5.59828e+09	5.6311e+09	5.58577e+09	5.42102e+09	5.6641e+09	5.49413e+09	5.40166e+09	6.16852e+09	4.70038e+09	5.888e+09	5.58458e+09	6.04249e+09	5.82923e+09	6.32773e+09	5.88382e+09	5.8052e+09	6.37982e+09	5.13253e+09	5.95451e+09	5.91479e+09	5.52732e+09	5.58536e+09	5.52861e+09	6.21692e+09	5.75032e+09	5.6093e+09	5.62445e+09	5.63856e+09	5.61769e+09	4.69922e+09	5.13669e+09	4.95478e+09	4.37017e+09	4.90103e+09	5.04334e+09	5.3098e+09	5.28725e+09	4.75323e+09	4.72509e+09	5.28776e+09	4.828e+09	5.87496e+09	4.96345e+09	4.90385e+09	5.60671e+09	5.03835e+09	5.87768e+09	4.83252e+09	4.53691e+09	5.00625e+09	4.76724e+09	4.7751e+09	4.53365e+09	5.21697e+09	4.5197e+09	5.2817e+09	4.07182e+09	5.42451e+09	4.04018e+09	4.22377e+09	5.22817e+09	5.20983e+09	5.48676e+09	5.22371e+09	5.29446e+09	4.91975e+09	4.79708e+09	4.22659e+09	4.91381e+09	4.43046e+09	4.57682e+09
ERR605641	5.54211e+09	5.48402e+09	6.25158e+09	5.63037e+09	5.42136e+09	5.69332e+09	6.57008e+09	6.82013e+09	6.74749e+09	6.71242e+09	6.58496e+09	6.85059e+09	5.26566e+09	6.07707e+09	6.05722e+09	6.20622e+09	5.52087e+09	6.30251e+09	6.35628e+09	6.28997e+09	6.38776e+09	6.13444e+09	6.39967e+09	6.31642e+09	6.22847e+09	6.14946e+09	6.18769e+09	6.13475e+09	5.94347e+09	6.22931e+09	6.03685e+09	5.93021e+09	6.8102e+09	5.1151e+09	6.47979e+09	6.12875e+09	6.68004e+09	6.42599e+09	7.00913e+09	6.49011e+09	6.39842e+09	7.07725e+09	5.6194e+09	6.57975e+09	6.53439e+09	6.08992e+09	6.15109e+09	6.09132e+09	6.90245e+09	6.3632e+09	6.19935e+09	6.21473e+09	6.23222e+09	6.21441e+09	5.13994e+09	5.64742e+09	5.43847e+09	4.75403e+09	5.35717e+09	5.52113e+09	5.8228e+09	5.79703e+09	5.18677e+09	5.15027e+09	5.79683e+09	5.26791e+09	6.49092e+09	5.43977e+09	5.3751e+09	6.16448e+09	5.52616e+09	6.4928e+09	5.31006e+09	4.9821e+09	5.51149e+09	5.23301e+09	5.25195e+09	4.97887e+09	5.8023e+09	5.04248e+09	5.87985e+09	4.52577e+09	6.04189e+09	4.48961e+09	4.59247e+09	5.74967e+09	5.72774e+09	6.05016e+09	5.74407e+09	5.82272e+09	5.42757e+09	5.27875e+09	4.63533e+09	5.42056e+09	4.87112e+09	5.0375e+09
ERR605643	5.18992e+09	5.13689e+09	5.63037e+09	5.46184e+09	5.07689e+09	5.32255e+09	6.10533e+09	6.32691e+09	6.26291e+09	6.23134e+09	6.11633e+09	6.35551e+09	4.93285e+09	5.66421e+09	5.6465e+09	5.78252e+09	5.16316e+09	5.86902e+09	5.91951e+09	5.86006e+09	5.94988e+09	5.72145e+09	5.95937e+09	5.8838e+09	5.81081e+09	5.73814e+09	5.77232e+09	5.72465e+09	5.55395e+09	5.80977e+09	5.63581e+09	5.53964e+09	6.3325e+09	4.80374e+09	6.03679e+09	5.72189e+09	6.20976e+09	5.98418e+09	6.50454e+09	6.04102e+09	5.95883e+09	6.56393e+09	5.2576e+09	6.11912e+09	6.07888e+09	5.67798e+09	5.73455e+09	5.67917e+09	6.39846e+09	5.9128e+09	5.76622e+09	5.7805e+09	5.79614e+09	5.77796e+09	4.81211e+09	5.26984e+09	5.08128e+09	4.46339e+09	5.01262e+09	5.16101e+09	5.43932e+09	5.4162e+09	4.86149e+09	4.82892e+09	5.41575e+09	4.93624e+09	6.03654e+09	5.08783e+09	5.02884e+09	5.74435e+09	5.16648e+09	6.03774e+09	4.96186e+09	4.66086e+09	5.14315e+09	4.89268e+09	4.90707e+09	4.6578e+09	5.3879e+09	4.68121e+09	5.45664e+09	4.21312e+09	5.6034e+09	4.17997e+09	4.31516e+09	5.36522e+09	5.34529e+09	5.63668e+09	5.36094e+09	5.43253e+09	5.06228e+09	4.92944e+09	4.34113e+09	5.05607e+09	4.55652e+09	4.70791e+09
ERR605644	4.99993e+09	4.95114e+09	5.42136e+09	5.07689e+09	5.08507e+09	5.12988e+09	5.86832e+09	6.08344e+09	6.02059e+09	5.99073e+09	5.88098e+09	6.1067e+09	4.74667e+09	5.44253e+09	5.42554e+09	5.55198e+09	4.96743e+09	5.63302e+09	5.67829e+09	5.62115e+09	5.70513e+09	5.48934e+09	5.71667e+09	5.64395e+09	5.57021e+09	5.50322e+09	5.53647e+09	5.49038e+09	5.32822e+09	5.57271e+09	5.41722e+09	5.3271e+09	6.0711e+09	4.62296e+09	5.78971e+09	5.49148e+09	5.95912e+09	5.74161e+09	6.23718e+09	5.79667e+09	5.71869e+09	6.29633e+09	5.05377e+09	5.87288e+09	5.83576e+09	5.45941e+09	5.5094e+09	5.4603e+09	6.14818e+09	5.69119e+09	5.55176e+09	5.56487e+09	5.57977e+09	5.56621e+09	4.63841e+09	5.07426e+09	4.89541e+09	4.30053e+09	4.82211e+09	4.96233e+09	5.21299e+09	5.19052e+09	4.66459e+09	4.63048e+09	5.18998e+09	4.7331e+09	5.79075e+09	4.89463e+09	4.8398e+09	5.51067e+09	4.96901e+09	5.79146e+09	4.78737e+09	4.50603e+09	4.95925e+09	4.71972e+09	4.7393e+09	4.50291e+09	5.21951e+09	4.56072e+09	5.28622e+09	4.1106e+09	5.42502e+09	4.07844e+09	4.15663e+09	5.16145e+09	5.1422e+09	5.41854e+09	5.15675e+09	5.22333e+09	4.89105e+09	4.76035e+09	4.20155e+09	4.88459e+09	4.40824e+09	4.55321e+09
ERR605642	5.24462e+09	5.19113e+09	5.69332e+09	5.32255e+09	5.12988e+09	5.57845e+09	6.17612e+09	6.40214e+09	6.33587e+09	6.30422e+09	6.18761e+09	6.43098e+09	4.98304e+09	5.72648e+09	5.70819e+09	5.84572e+09	5.21666e+09	5.93377e+09	5.98077e+09	5.92037e+09	6.01062e+09	5.77803e+09	6.02022e+09	5.94472e+09	5.86832e+09	5.79611e+09	5.83077e+09	5.78187e+09	5.60749e+09	5.8675e+09	5.69477e+09	5.59734e+09	6.40142e+09	4.84903e+09	6.10134e+09	5.78072e+09	6.27723e+09	6.04625e+09	6.57707e+09	6.10504e+09	6.02125e+09	6.6378e+09	5.31028e+09	6.18519e+09	6.14366e+09	5.73734e+09	5.79474e+09	5.73809e+09	6.47351e+09	5.98127e+09	5.83153e+09	5.84626e+09	5.86238e+09	5.8443e+09	4.86224e+09	5.32754e+09	5.13605e+09	4.50641e+09	5.06408e+09	5.21464e+09	5.49039e+09	5.46661e+09	4.90555e+09	4.87175e+09	5.46704e+09	4.98038e+09	6.10071e+09	5.13755e+09	5.0784e+09	5.8066e+09	5.21743e+09	6.10261e+09	5.01355e+09	4.70922e+09	5.19851e+09	4.94341e+09	4.95889e+09	4.70574e+09	5.45658e+09	4.74387e+09	5.52743e+09	4.26849e+09	5.67682e+09	4.23506e+09	4.35403e+09	5.42127e+09	5.40053e+09	5.69583e+09	5.4161e+09	5.48856e+09	5.11768e+09	4.98229e+09	4.3857e+09	5.11081e+09	4.60309e+09	4.75696e+09
ERR618718	6.00673e+09	5.94069e+09	6.57008e+09	6.10533e+09	5.86832e+09	6.17612e+09	7.96482e+09	8.01989e+09	7.92851e+09	7.88165e+09	7.72571e+09	8.05388e+09	5.95252e+09	6.92414e+09	6.90031e+09	7.08943e+09	6.25576e+09	7.2076e+09	7.25416e+09	7.17036e+09	7.29991e+09	6.97983e+09	7.31221e+09	7.20265e+09	7.07399e+09	6.97105e+09	7.01794e+09	6.95318e+09	6.7245e+09	7.07108e+09	6.73466e+09	6.60693e+09	7.69603e+09	5.65661e+09	7.28154e+09	6.85233e+09	7.6294e+09	7.31277e+09	8.05247e+09	7.39292e+09	7.2785e+09	8.13416e+09	6.31325e+09	7.48284e+09	7.42533e+09	6.87442e+09	6.95179e+09	6.87745e+09	8.01325e+09	7.34192e+09	7.14488e+09	7.16264e+09	7.18392e+09	7.15788e+09	5.71919e+09	6.31739e+09	6.07202e+09	5.28476e+09	5.99186e+09	6.18801e+09	6.50604e+09	6.47519e+09	5.7462e+09	5.71022e+09	6.47512e+09	5.84643e+09	7.34466e+09	6.07879e+09	5.99948e+09	6.94667e+09	6.18225e+09	7.34483e+09	5.97475e+09	5.58017e+09	6.21184e+09	5.87847e+09	5.90056e+09	5.57557e+09	6.43462e+09	5.55716e+09	6.52337e+09	4.96184e+09	6.71857e+09	4.919e+09	5.12644e+09	6.47736e+09	6.45171e+09	6.83891e+09	6.47073e+09	6.56775e+09	6.1172e+09	5.94469e+09	5.18235e+09	6.11179e+09	5.45972e+09	5.65733e+09
ERR618722	6.21689e+09	6.14934e+09	6.82013e+09	6.32691e+09	6.08344e+09	6.40214e+09	8.01989e+09	8.65585e+09	8.27568e+09	8.22561e+09	8.05019e+09	8.39909e+09	6.16034e+09	7.1869e+09	7.16165e+09	7.3599e+09	6.48128e+09	7.48428e+09	7.53565e+09	7.44571e+09	7.58161e+09	7.24401e+09	7.59945e+09	7.48091e+09	7.33456e+09	7.22766e+09	7.27828e+09	7.20878e+09	6.96718e+09	7.33615e+09	6.9884e+09	6.85303e+09	8.00349e+09	5.84732e+09	7.55887e+09	7.1033e+09	7.93974e+09	7.59708e+09	8.38998e+09	7.6833e+09	7.56071e+09	8.48401e+09	6.53851e+09	7.7843e+09	7.72369e+09	7.14208e+09	7.21816e+09	7.14521e+09	8.37388e+09	7.6563e+09	7.4465e+09	7.46508e+09	7.48694e+09	7.46448e+09	5.92356e+09	6.55662e+09	6.29722e+09	5.4621e+09	6.20412e+09	6.41017e+09	6.73895e+09	6.70625e+09	5.93879e+09	5.89917e+09	6.70567e+09	6.04266e+09	7.6391e+09	6.29939e+09	6.21657e+09	7.20804e+09	6.40855e+09	7.63951e+09	6.20414e+09	5.79423e+09	6.4542e+09	6.0996e+09	6.13154e+09	5.7895e+09	6.73749e+09	5.8354e+09	6.83317e+09	5.19802e+09	7.04e+09	5.15251e+09	5.29691e+09	6.72479e+09	6.69628e+09	7.10776e+09	6.71654e+09	6.818e+09	6.37017e+09	6.18088e+09	5.38125e+09	6.36413e+09	5.6763e+09	5.88518e+09
ERR618721	6.15595e+09	6.08847e+09	6.74749e+09	6.26291e+09	6.02059e+09	6.33587e+09	7.92851e+09	8.27568e+09	8.45038e+09	8.12867e+09	7.95581e+09	8.29955e+09	6.09796e+09	7.10801e+09	7.08343e+09	7.27966e+09	6.41387e+09	7.40126e+09	7.45095e+09	7.36244e+09	7.49687e+09	7.16381e+09	7.51272e+09	7.39669e+09	7.25571e+09	7.15019e+09	7.1994e+09	7.13094e+09	6.89307e+09	7.25617e+09	6.91374e+09	6.78041e+09	7.91367e+09	5.79107e+09	7.47739e+09	7.02959e+09	7.8482e+09	7.51241e+09	8.29076e+09	7.5968e+09	7.47731e+09	8.38085e+09	6.47137e+09	7.6952e+09	7.63605e+09	7.063e+09	7.13936e+09	7.06618e+09	8.26866e+09	7.56456e+09	7.35858e+09	7.37663e+09	7.39886e+09	7.37488e+09	5.86446e+09	6.4871e+09	6.23216e+09	5.41082e+09	6.14205e+09	6.34562e+09	6.66983e+09	6.63715e+09	5.88236e+09	5.8432e+09	6.637e+09	5.98461e+09	7.55256e+09	6.23465e+09	6.15328e+09	7.13114e+09	6.34284e+09	7.55227e+09	6.13843e+09	5.73353e+09	6.38457e+09	6.03717e+09	6.06621e+09	5.72912e+09	6.6531e+09	5.75576e+09	6.74714e+09	5.13146e+09	6.95014e+09	5.08616e+09	5.24722e+09	6.65314e+09	6.62472e+09	7.02946e+09	6.64482e+09	6.74479e+09	6.29794e+09	6.1133e+09	5.32471e+09	6.29177e+09	5.61479e+09	5.81993e+09
ERR618720	6.12491e+09	6.05803e+09	6.71242e+09	6.23134e+09	5.99073e+09	6.30422e+09	7.88165e+09	8.22561e+09	8.12867e+09	8.35017e+09	7.90894e+09	8.2492e+09	6.06593e+09	7.06862e+09	7.04409e+09	7.2383e+09	6.37959e+09	7.35935e+09	7.40858e+09	7.32031e+09	7.45339e+09	7.12365e+09	7.46977e+09	7.35461e+09	7.21503e+09	7.11067e+09	7.15942e+09	7.09162e+09	6.85564e+09	7.21584e+09	6.87566e+09	6.74404e+09	7.86672e+09	5.76141e+09	7.43404e+09	6.99001e+09	7.80189e+09	7.4694e+09	8.24004e+09	7.55302e+09	7.43419e+09	8.33032e+09	6.4368e+09	7.65101e+09	7.59197e+09	7.02421e+09	7.0996e+09	7.02749e+09	8.21722e+09	7.51992e+09	7.3152e+09	7.33288e+09	7.35525e+09	7.3321e+09	5.83516e+09	6.45344e+09	6.20044e+09	5.38444e+09	6.11097e+09	6.31262e+09	6.63222e+09	6.60036e+09	5.85033e+09	5.81195e+09	6.60041e+09	5.95236e+09	7.5088e+09	6.20143e+09	6.12132e+09	7.09043e+09	6.30896e+09	7.5089e+09	6.10627e+09	5.70479e+09	6.35092e+09	6.00541e+09	6.03419e+09	5.70004e+09	6.61583e+09	5.72658e+09	6.70829e+09	5.10615e+09	6.91036e+09	5.06188e+09	5.22072e+09	6.6167e+09	6.58903e+09	6.9907e+09	6.60895e+09	6.70844e+09	6.2642e+09	6.08104e+09	5.29806e+09	6.2583e+09	5.58602e+09	5.78999e+09
ERR618719	6.01612e+09	5.95042e+09	6.58496e+09	6.11633e+09	5.88098e+09	6.18761e+09	7.72571e+09	8.05019e+09	7.95581e+09	7.90894e+09	8.01651e+09	8.08059e+09	5.96271e+09	6.93905e+09	6.91509e+09	7.10487e+09	6.26888e+09	7.22357e+09	7.26984e+09	7.18501e+09	7.31521e+09	6.99378e+09	7.32884e+09	7.21805e+09	7.08555e+09	6.9833e+09	7.03022e+09	6.96488e+09	6.73541e+09	7.08454e+09	6.7469e+09	6.61833e+09	7.71257e+09	5.66425e+09	7.29346e+09	6.86183e+09	7.64911e+09	7.32861e+09	8.07487e+09	7.40925e+09	7.29416e+09	8.15875e+09	6.32286e+09	7.50164e+09	7.44375e+09	6.8912e+09	6.96648e+09	6.89427e+09	8.04476e+09	7.36865e+09	7.17163e+09	7.18905e+09	7.21022e+09	7.18483e+09	5.73076e+09	6.33202e+09	6.08585e+09	5.29361e+09	6.00294e+09	6.19969e+09	6.5127e+09	6.4817e+09	5.74883e+09	5.71288e+09	6.48139e+09	5.84978e+09	7.36218e+09	6.09033e+09	6.01069e+09	6.95913e+09	6.19478e+09	7.36222e+09	5.99401e+09	5.59962e+09	6.23168e+09	5.89583e+09	5.92118e+09	5.59514e+09	6.46263e+09	5.58997e+09	6.55214e+09	4.98924e+09	6.74783e+09	4.94609e+09	5.13608e+09	6.4939e+09	6.46735e+09	6.85696e+09	6.4867e+09	6.58447e+09	6.14134e+09	5.96654e+09	5.20097e+09	6.13575e+09	5.4813e+09	5.67963e+09
ERR618717	6.24824e+09	6.17981e+09	6.85059e+09	6.35551e+09	6.1067e+09	6.43098e+09	8.05388e+09	8.39909e+09	8.29955e+09	8.2492e+09	8.08059e+09	8.71603e+09	6.19159e+09	7.22326e+09	7.1986e+09	7.39829e+09	6.5138e+09	7.52356e+09	7.57469e+09	7.4845e+09	7.62062e+09	7.28104e+09	7.63673e+09	7.51974e+09	7.3773e+09	7.26995e+09	7.32059e+09	7.25069e+09	7.00743e+09	7.37721e+09	7.02335e+09	6.88735e+09	8.04566e+09	5.8785e+09	7.60182e+09	7.14473e+09	7.97666e+09	7.63647e+09	8.429e+09	7.72202e+09	7.59971e+09	8.52029e+09	6.57478e+09	7.8217e+09	7.75996e+09	7.17423e+09	7.25409e+09	7.1777e+09	8.39857e+09	7.67928e+09	7.46793e+09	7.48671e+09	7.50872e+09	7.48428e+09	5.95203e+09	6.58818e+09	6.32729e+09	5.49043e+09	6.23691e+09	6.44486e+09	6.78631e+09	6.7533e+09	5.98286e+09	5.94384e+09	6.75285e+09	6.08805e+09	7.67875e+09	6.33233e+09	6.24954e+09	7.25193e+09	6.44272e+09	7.6788e+09	6.22602e+09	5.81134e+09	6.47889e+09	6.12383e+09	6.15012e+09	5.80651e+09	6.743e+09	5.82565e+09	6.83862e+09	5.1908e+09	7.04513e+09	5.14501e+09	5.32423e+09	6.7566e+09	6.72827e+09	7.14163e+09	6.74932e+09	6.85154e+09	6.38444e+09	6.19811e+09	5.39353e+09	6.37741e+09	5.68879e+09	5.89701e+09
ERR636986	4.87691e+09	4.82237e+09	5.26566e+09	4.93285e+09	4.74667e+09	4.98304e+09	5.95252e+09	6.16034e+09	6.09796e+09	6.06593e+09	5.96271e+09	6.19159e+09	5.18064e+09	5.73811e+09	5.71909e+09	5.86395e+09	5.24031e+09	5.95222e+09	5.99279e+09	5.94008e+09	6.02409e+09	5.81596e+09	6.02982e+09	5.96004e+09	5.84978e+09	5.77572e+09	5.80571e+09	5.76534e+09	5.60438e+09	5.84234e+09	5.49232e+09	5.39824e+09	6.18586e+09	4.70624e+09	5.90499e+09	5.60132e+09	6.19395e+09	5.99368e+09	6.46402e+09	6.04608e+09	5.96868e+09	6.51065e+09	5.25195e+09	6.07899e+09	6.03785e+09	5.63942e+09	5.70655e+09	5.64299e+09	6.33357e+09	5.84771e+09	5.71049e+09	5.72525e+09	5.74012e+09	5.7032e+09	4.52901e+09	4.96457e+09	4.78305e+09	4.22072e+09	4.75121e+09	4.89617e+09	5.39013e+09	5.36948e+09	4.82331e+09	4.80473e+09	5.36918e+09	4.91018e+09	5.88523e+09	4.93592e+09	4.86694e+09	5.60735e+09	5.01448e+09	5.88596e+09	4.70794e+09	4.39773e+09	4.87833e+09	4.64105e+09	4.63885e+09	4.39407e+09	4.93452e+09	4.22929e+09	4.99511e+09	3.80553e+09	5.13572e+09	3.77474e+09	4.15224e+09	5.14939e+09	5.13173e+09	5.41478e+09	5.14504e+09	5.22293e+09	4.75867e+09	4.64483e+09	4.07094e+09	4.75573e+09	4.27429e+09	4.42155e+09
ERR636987	5.58675e+09	5.52187e+09	6.07707e+09	5.66421e+09	5.44253e+09	5.72648e+09	6.92414e+09	7.1869e+09	7.10801e+09	7.06862e+09	6.93905e+09	7.22326e+09	5.73811e+09	6.84508e+09	6.61683e+09	6.79064e+09	6.01932e+09	6.89917e+09	6.94902e+09	6.88268e+09	6.98434e+09	6.72473e+09	6.99663e+09	6.90807e+09	6.76245e+09	6.67479e+09	6.71265e+09	6.66126e+09	6.45933e+09	6.75981e+09	6.34058e+09	6.22475e+09	7.19536e+09	5.37108e+09	6.84167e+09	6.46693e+09	7.20657e+09	6.95244e+09	7.54349e+09	7.01827e+09	6.922e+09	7.60912e+09	6.035e+09	7.0674e+09	7.01734e+09	6.52591e+09	6.60458e+09	6.53056e+09	7.4019e+09	6.80004e+09	6.6289e+09	6.64586e+09	6.66439e+09	6.62491e+09	5.18914e+09	5.72237e+09	5.50064e+09	4.81153e+09	5.44727e+09	5.6241e+09	6.21491e+09	6.18997e+09	5.52689e+09	5.50148e+09	6.18853e+09	5.62972e+09	6.83518e+09	5.66993e+09	5.5888e+09	6.48051e+09	5.76711e+09	6.83567e+09	5.41671e+09	5.05019e+09	5.62564e+09	5.33343e+09	5.33931e+09	5.04559e+09	5.74339e+09	4.92519e+09	5.81945e+09	4.40778e+09	5.99064e+09	4.37005e+09	4.72805e+09	5.94021e+09	5.91826e+09	6.26629e+09	5.93431e+09	6.02669e+09	5.49475e+09	5.35001e+09	4.66577e+09	5.49016e+09	4.91278e+09	5.08914e+09
ERR636985	5.56858e+09	5.50479e+09	6.05722e+09	5.6465e+09	5.42554e+09	5.70819e+09	6.90031e+09	7.16165e+09	7.08343e+09	7.04409e+09	6.91509e+09	7.1986e+09	5.71909e+09	6.61683e+09	6.79784e+09	6.76746e+09	5.99975e+09	6.87514e+09	6.9252e+09	6.85804e+09	6.95918e+09	6.70107e+09	6.97146e+09	6.88365e+09	6.73793e+09	6.65113e+09	6.68883e+09	6.63743e+09	6.43617e+09	6.73538e+09	6.32022e+09	6.20482e+09	7.17014e+09	5.35366e+09	6.81823e+09	6.44478e+09	7.18061e+09	6.92782e+09	7.51522e+09	6.99272e+09	6.89723e+09	7.58056e+09	6.01543e+09	7.04253e+09	6.99195e+09	6.50383e+09	6.58129e+09	6.50865e+09	7.37543e+09	6.77665e+09	6.60564e+09	6.62303e+09	6.64138e+09	6.60284e+09	5.17356e+09	5.70543e+09	5.48429e+09	4.79598e+09	5.42952e+09	5.60509e+09	6.19288e+09	6.16803e+09	5.50868e+09	5.48257e+09	6.16659e+09	5.61088e+09	6.8111e+09	5.65135e+09	5.57152e+09	6.45884e+09	5.74773e+09	6.81143e+09	5.39848e+09	5.0338e+09	5.60708e+09	5.3161e+09	5.32202e+09	5.0299e+09	5.7276e+09	4.91363e+09	5.804e+09	4.39796e+09	5.97342e+09	4.36079e+09	4.71136e+09	5.9198e+09	5.8983e+09	6.2445e+09	5.91415e+09	6.00609e+09	5.47717e+09	5.33273e+09	4.65141e+09	5.47229e+09	4.89742e+09	5.07221e+09
ERR636990	5.70668e+09	5.64007e+09	6.20622e+09	5.78252e+09	5.55198e+09	5.84572e+09	7.08943e+09	7.3599e+09	7.27966e+09	7.2383e+09	7.10487e+09	7.39829e+09	5.86395e+09	6.79064e+09	6.76746e+09	7.17175e+09	6.15637e+09	7.0684e+09	7.11645e+09	7.0474e+09	7.15454e+09	6.8843e+09	7.16465e+09	7.07407e+09	6.92605e+09	6.8326e+09	6.87152e+09	6.81894e+09	6.61039e+09	6.9194e+09	6.48452e+09	6.36452e+09	7.37235e+09	5.48863e+09	7.00782e+09	6.61903e+09	7.38031e+09	7.11886e+09	7.73117e+09	7.18719e+09	7.08693e+09	7.79531e+09	6.16962e+09	7.23423e+09	7.18131e+09	6.67119e+09	6.75401e+09	6.67589e+09	7.58078e+09	6.95724e+09	6.78078e+09	6.79968e+09	6.81778e+09	6.77493e+09	5.29871e+09	5.84499e+09	5.61712e+09	4.91473e+09	5.56872e+09	5.75098e+09	6.36038e+09	6.33415e+09	5.65141e+09	5.62681e+09	6.33324e+09	5.75842e+09	6.99599e+09	5.79392e+09	5.70946e+09	6.63531e+09	5.89299e+09	6.99641e+09	5.5314e+09	5.15208e+09	5.7458e+09	5.44671e+09	5.44976e+09	5.14746e+09	5.85349e+09	5.00616e+09	5.93098e+09	4.47768e+09	6.10755e+09	4.43971e+09	4.83077e+09	6.07236e+09	6.05018e+09	6.40743e+09	6.06623e+09	6.16252e+09	5.60866e+09	5.46156e+09	4.75842e+09	5.60344e+09	5.01013e+09	5.19033e+09
ERR636988	5.10025e+09	5.04296e+09	5.52087e+09	5.16316e+09	4.96743e+09	5.21666e+09	6.25576e+09	6.48128e+09	6.41387e+09	6.37959e+09	6.26888e+09	6.5138e+09	5.24031e+09	6.01932e+09	5.99975e+09	6.15637e+09	5.66801e+09	6.24972e+09	6.28783e+09	6.23039e+09	6.31991e+09	6.09595e+09	6.32764e+09	6.25227e+09	6.12912e+09	6.05101e+09	6.08392e+09	6.03976e+09	5.86635e+09	6.12331e+09	5.75667e+09	5.65591e+09	6.49621e+09	4.91447e+09	6.19376e+09	5.86952e+09	6.50546e+09	6.2899e+09	6.79594e+09	6.34615e+09	6.26339e+09	6.84849e+09	5.49652e+09	6.38473e+09	6.34097e+09	5.91659e+09	5.98621e+09	5.92076e+09	6.66987e+09	6.14975e+09	6.00287e+09	6.0179e+09	6.0338e+09	5.99636e+09	4.73316e+09	5.19868e+09	5.00448e+09	4.40242e+09	4.96508e+09	5.12021e+09	5.63758e+09	5.61546e+09	5.03551e+09	5.01443e+09	5.61454e+09	5.12645e+09	6.17484e+09	5.16107e+09	5.0881e+09	5.87379e+09	5.24495e+09	6.17539e+09	4.92921e+09	4.60196e+09	5.11094e+09	4.85653e+09	4.85778e+09	4.59804e+09	5.19499e+09	4.45739e+09	5.26053e+09	4.00325e+09	5.41012e+09	3.97008e+09	4.32833e+09	5.39325e+09	5.37512e+09	5.67676e+09	5.38891e+09	5.47044e+09	4.98992e+09	4.86544e+09	4.25796e+09	4.98544e+09	4.47454e+09	4.63079e+09
ERR636989	5.79283e+09	5.72412e+09	6.30251e+09	5.86902e+09	5.63302e+09	5.93377e+09	7.2076e+09	7.48428e+09	7.40126e+09	7.35935e+09	7.22357e+09	7.52356e+09	5.95222e+09	6.89917e+09	6.87514e+09	7.0684e+09	6.24972e+09	7.40183e+09	7.23333e+09	7.16259e+09	7.2731e+09	6.99581e+09	7.28234e+09	7.18959e+09	7.03989e+09	6.94343e+09	6.98325e+09	6.92924e+09	6.71567e+09	7.03198e+09	6.58572e+09	6.46291e+09	7.49631e+09	5.56916e+09	7.12246e+09	6.72437e+09	7.50276e+09	7.23477e+09	7.86349e+09	7.30528e+09	7.20209e+09	7.92902e+09	6.26276e+09	7.35304e+09	7.29862e+09	6.77506e+09	6.86079e+09	6.77939e+09	7.70826e+09	7.06984e+09	6.88927e+09	6.90812e+09	6.92765e+09	6.88261e+09	5.37917e+09	5.93791e+09	5.70459e+09	4.98863e+09	5.65656e+09	5.84252e+09	6.46437e+09	6.43705e+09	5.73827e+09	5.71446e+09	6.43637e+09	5.84888e+09	7.11323e+09	5.8833e+09	5.79693e+09	6.74525e+09	5.98461e+09	7.11385e+09	5.61687e+09	5.2291e+09	5.8358e+09	5.52977e+09	5.53275e+09	5.22457e+09	5.94126e+09	5.0771e+09	6.02064e+09	4.53856e+09	6.20118e+09	4.50038e+09	4.90261e+09	6.16892e+09	6.14598e+09	6.51054e+09	6.16189e+09	6.26098e+09	5.69497e+09	5.54599e+09	4.82859e+09	5.69e+09	5.08484e+09	5.26782e+09
ERR636768	5.83677e+09	5.7668e+09	6.35628e+09	5.91951e+09	5.67829e+09	5.98077e+09	7.25416e+09	7.53565e+09	7.45095e+09	7.40858e+09	7.26984e+09	7.57469e+09	5.99279e+09	6.94902e+09	6.9252e+09	7.11645e+09	6.28783e+09	7.23333e+09	7.6747e+09	7.3959e+09	7.50534e+09	7.22614e+09	7.51643e+09	7.42318e+09	7.19469e+09	7.09668e+09	7.13664e+09	7.08321e+09	6.86436e+09	7.18705e+09	6.69335e+09	6.56841e+09	7.62905e+09	5.65726e+09	7.24645e+09	6.84218e+09	7.64628e+09	7.37767e+09	8.0064e+09	7.44906e+09	7.34312e+09	8.07239e+09	6.3688e+09	7.48654e+09	7.42987e+09	6.89038e+09	6.98066e+09	6.89524e+09	7.79173e+09	7.13968e+09	6.95887e+09	6.97844e+09	6.99653e+09	6.94848e+09	5.41931e+09	5.98452e+09	5.74868e+09	5.02885e+09	5.70235e+09	5.89037e+09	6.65193e+09	6.62599e+09	5.89824e+09	5.8744e+09	6.62417e+09	6.01483e+09	7.24669e+09	5.9843e+09	5.8955e+09	6.86326e+09	6.09004e+09	7.24674e+09	5.6679e+09	5.27558e+09	5.88814e+09	5.57978e+09	5.58164e+09	5.27019e+09	5.97619e+09	5.08285e+09	6.05412e+09	4.54539e+09	6.23442e+09	4.50603e+09	4.96289e+09	6.24498e+09	6.22249e+09	6.59479e+09	6.23893e+09	6.34198e+09	5.72677e+09	5.57705e+09	4.85461e+09	5.7228e+09	5.11606e+09	5.30012e+09
ERR636766	5.78021e+09	5.71026e+09	6.28997e+09	5.86006e+09	5.62115e+09	5.92037e+09	7.17036e+09	7.44571e+09	7.36244e+09	7.32031e+09	7.18501e+09	7.4845e+09	5.94008e+09	6.88268e+09	6.85804e+09	7.0474e+09	6.23039e+09	7.16259e+09	7.3959e+09	7.529e+09	7.43357e+09	7.16037e+09	7.4433e+09	7.35231e+09	7.12835e+09	7.03139e+09	7.07043e+09	7.01846e+09	6.80339e+09	7.11953e+09	6.62821e+09	6.50492e+09	7.54922e+09	5.60811e+09	7.17418e+09	6.77708e+09	7.56728e+09	7.30588e+09	7.91982e+09	7.37601e+09	7.272e+09	7.98333e+09	6.31247e+09	7.41043e+09	7.35489e+09	6.82341e+09	6.91363e+09	6.82819e+09	7.70098e+09	7.05928e+09	6.88186e+09	6.90146e+09	6.91889e+09	6.8697e+09	5.36216e+09	5.91922e+09	5.68648e+09	4.97856e+09	5.64398e+09	5.8294e+09	6.59313e+09	6.56775e+09	5.84966e+09	5.82691e+09	6.56555e+09	5.96563e+09	7.1713e+09	5.92594e+09	5.83763e+09	6.7943e+09	6.03021e+09	7.17154e+09	5.60508e+09	5.21652e+09	5.82198e+09	5.51832e+09	5.5185e+09	5.21133e+09	5.89667e+09	5.00876e+09	5.97295e+09	4.48094e+09	6.15012e+09	4.44203e+09	4.91498e+09	6.17872e+09	6.15655e+09	6.52328e+09	6.17264e+09	6.27453e+09	5.65763e+09	5.51175e+09	4.79863e+09	5.65355e+09	5.05653e+09	5.23746e+09
ERR636765	5.86943e+09	5.79799e+09	6.38776e+09	5.94988e+09	5.70513e+09	6.01062e+09	7.29991e+09	7.58161e+09	7.49687e+09	7.45339e+09	7.31521e+09	7.62062e+09	6.02409e+09	6.98434e+09	6.95918e+09	7.15454e+09	6.31991e+09	7.2731e+09	7.50534e+09	7.43357e+09	7.76323e+09	7.26693e+09	7.55963e+09	7.46078e+09	7.23825e+09	7.13451e+09	7.17507e+09	7.12132e+09	6.90267e+09	7.22633e+09	6.72802e+09	6.60216e+09	7.67484e+09	5.68874e+09	7.29038e+09	6.88258e+09	7.68643e+09	7.41749e+09	8.05283e+09	7.48929e+09	7.38229e+09	8.11608e+09	6.4008e+09	7.5231e+09	7.46654e+09	6.92061e+09	7.01367e+09	6.92507e+09	7.8359e+09	7.17804e+09	6.99671e+09	7.0171e+09	7.03518e+09	6.98391e+09	5.45338e+09	6.02135e+09	5.7838e+09	5.06357e+09	5.74386e+09	5.93296e+09	6.68762e+09	6.6618e+09	5.92742e+09	5.905e+09	6.65936e+09	6.04606e+09	7.28661e+09	6.01609e+09	5.92523e+09	6.90356e+09	6.12202e+09	7.28674e+09	5.7009e+09	5.30276e+09	5.92202e+09	5.61249e+09	5.61136e+09	5.29732e+09	5.98568e+09	5.07881e+09	6.06336e+09	4.54137e+09	6.24539e+09	4.5023e+09	4.99622e+09	6.28232e+09	6.25958e+09	6.63468e+09	6.27641e+09	6.38148e+09	5.75556e+09	5.60647e+09	4.87764e+09	5.7507e+09	5.14017e+09	5.32504e+09
ERR636763	5.64566e+09	5.5775e+09	6.13444e+09	5.72145e+09	5.48934e+09	5.77803e+09	6.97983e+09	7.24401e+09	7.16381e+09	7.12365e+09	6.99378e+09	7.28104e+09	5.81596e+09	6.72473e+09	6.70107e+09	6.8843e+09	6.09595e+09	6.99581e+09	7.22614e+09	7.16037e+09	7.26693e+09	7.20119e+09	7.27575e+09	7.18484e+09	6.97575e+09	6.8799e+09	6.91739e+09	6.86822e+09	6.66445e+09	6.96614e+09	6.47775e+09	6.35873e+09	7.36542e+09	5.49496e+09	7.00677e+09	6.6249e+09	7.38841e+09	7.1398e+09	7.7225e+09	7.20636e+09	7.10709e+09	7.78135e+09	6.18082e+09	7.23491e+09	7.1825e+09	6.67018e+09	6.75878e+09	6.67542e+09	7.49412e+09	6.87476e+09	6.70495e+09	6.72421e+09	6.74112e+09	6.69071e+09	5.23198e+09	5.76888e+09	5.54394e+09	4.86381e+09	5.50881e+09	5.68789e+09	6.45934e+09	6.43593e+09	5.74072e+09	5.71956e+09	6.43332e+09	5.85482e+09	7.0033e+09	5.79738e+09	5.70984e+09	6.64053e+09	5.89877e+09	7.00326e+09	5.46723e+09	5.08843e+09	5.67501e+09	5.38379e+09	5.381e+09	5.08301e+09	5.72422e+09	4.85288e+09	5.79783e+09	4.34604e+09	5.96817e+09	4.30918e+09	4.81023e+09	6.02993e+09	6.00889e+09	6.36424e+09	6.02433e+09	6.12489e+09	5.51051e+09	5.37007e+09	4.67914e+09	5.50638e+09	4.9285e+09	5.10437e+09
ERR636764	5.8727e+09	5.80235e+09	6.39967e+09	5.95937e+09	5.71667e+09	6.02022e+09	7.31221e+09	7.59945e+09	7.51272e+09	7.46977e+09	7.32884e+09	7.63673e+09	6.02982e+09	6.99663e+09	6.97146e+09	7.16465e+09	6.32764e+09	7.28234e+09	7.51643e+09	7.4433e+09	7.55963e+09	7.27575e+09	7.78296e+09	7.47107e+09	7.24207e+09	7.14126e+09	7.18171e+09	7.12762e+09	6.90791e+09	7.23545e+09	6.73799e+09	6.6118e+09	7.68436e+09	5.69028e+09	7.29571e+09	6.88748e+09	7.70275e+09	7.4293e+09	8.06752e+09	7.5017e+09	7.39425e+09	8.13674e+09	6.40924e+09	7.54087e+09	7.48509e+09	6.93893e+09	7.02935e+09	6.94338e+09	7.85662e+09	7.19637e+09	7.01387e+09	7.0336e+09	7.05146e+09	7.00456e+09	5.45784e+09	6.02975e+09	5.79126e+09	5.06221e+09	5.74286e+09	5.93266e+09	6.69354e+09	6.66796e+09	5.9318e+09	5.90693e+09	6.66489e+09	6.04916e+09	7.30071e+09	6.02519e+09	5.93545e+09	6.90961e+09	6.13194e+09	7.30066e+09	5.7132e+09	5.31755e+09	5.9355e+09	5.62348e+09	5.62689e+09	5.3123e+09	6.02707e+09	5.12916e+09	6.10663e+09	4.58444e+09	6.28841e+09	4.54446e+09	4.99484e+09	6.29109e+09	6.26805e+09	6.6463e+09	6.28436e+09	6.38934e+09	5.77476e+09	5.6218e+09	4.89192e+09	5.77114e+09	5.15774e+09	5.34395e+09
ERR636767	5.80264e+09	5.73279e+09	6.31642e+09	5.8838e+09	5.64395e+09	5.94472e+09	7.20265e+09	7.48091e+09	7.39669e+09	7.35461e+09	7.21805e+09	7.51974e+09	5.96004e+09	6.90807e+09	6.88365e+09	7.07407e+09	6.25227e+09	7.18959e+09	7.42318e+09	7.35231e+09	7.46078e+09	7.18484e+09	7.47107e+09	7.58381e+09	7.15416e+09	7.05631e+09	7.09569e+09	7.04327e+09	6.82651e+09	7.14519e+09	6.65392e+09	6.5299e+09	7.58035e+09	5.62716e+09	7.20235e+09	6.8021e+09	7.59809e+09	7.33338e+09	7.95326e+09	7.40424e+09	7.29931e+09	8.01764e+09	6.33464e+09	7.44027e+09	7.38463e+09	6.84999e+09	6.94004e+09	6.85489e+09	7.73602e+09	7.09054e+09	6.91196e+09	6.93172e+09	6.94967e+09	6.90059e+09	5.38591e+09	5.94616e+09	5.71217e+09	4.99932e+09	5.66763e+09	5.85401e+09	6.61759e+09	6.59191e+09	5.87013e+09	5.8467e+09	6.58982e+09	5.98638e+09	7.20204e+09	5.95033e+09	5.86167e+09	6.82308e+09	6.05534e+09	7.20255e+09	5.63143e+09	5.24129e+09	5.84972e+09	5.54419e+09	5.54535e+09	5.2362e+09	5.9324e+09	5.04331e+09	6.00954e+09	4.51086e+09	6.18805e+09	4.47204e+09	4.93492e+09	6.20586e+09	6.18344e+09	6.55226e+09	6.1998e+09	6.30178e+09	5.68669e+09	5.53948e+09	4.82253e+09	5.68291e+09	5.08185e+09	5.26427e+09
ERR637065	5.73931e+09	5.67016e+09	6.22847e+09	5.81081e+09	5.57021e+09	5.86832e+09	7.07399e+09	7.33456e+09	7.25571e+09	7.21503e+09	7.08555e+09	7.3773e+09	5.84978e+09	6.76245e+09	6.73793e+09	6.92605e+09	6.12912e+09	7.03989e+09	7.19469e+09	7.12835e+09	7.23825e+09	6.97575e+09	7.24207e+09	7.15416e+09	7.33295e+09	7.03716e+09	7.07537e+09	7.02458e+09	6.81205e+09	7.1238e+09	6.56121e+09	6.44026e+09	7.47073e+09	5.56644e+09	7.10632e+09	6.71705e+09	7.47331e+09	7.22294e+09	7.8202e+09	7.28937e+09	7.18865e+09	7.87625e+09	6.26263e+09	7.33191e+09	7.27968e+09	6.75327e+09	6.84754e+09	6.7589e+09	7.49689e+09	6.87646e+09	6.70552e+09	6.72584e+09	6.74446e+09	6.69002e+09	5.41023e+09	5.95578e+09	5.7269e+09	5.03791e+09	5.69728e+09	5.87941e+09	6.61591e+09	6.59148e+09	5.88293e+09	5.86316e+09	6.589e+09	5.9994e+09	7.18164e+09	5.9603e+09	5.87033e+09	6.82116e+09	6.06196e+09	7.18251e+09	5.64073e+09	5.25079e+09	5.85316e+09	5.5578e+09	5.54972e+09	5.24644e+09	5.85509e+09	4.96273e+09	5.9287e+09	4.45067e+09	6.10128e+09	4.41323e+09	4.97123e+09	6.21111e+09	6.18953e+09	6.54872e+09	6.20521e+09	6.3073e+09	5.68194e+09	5.543e+09	4.83553e+09	5.67767e+09	5.08844e+09	5.2671e+09
ERR637067	5.66621e+09	5.59828e+09	6.14946e+09	5.73814e+09	5.50322e+09	5.79611e+09	6.97105e+09	7.22766e+09	7.15019e+09	7.11067e+09	6.9833e+09	7.26995e+09	5.77572e+09	6.67479e+09	6.65113e+09	6.8326e+09	6.05101e+09	6.94343e+09	7.09668e+09	7.03139e+09	7.13451e+09	6.8799e+09	7.14126e+09	7.05631e+09	7.03716e+09	7.1338e+09	6.98236e+09	6.93211e+09	6.7197e+09	7.02576e+09	6.47578e+09	6.35761e+09	7.3627e+09	5.49584e+09	7.00523e+09	6.62491e+09	7.37125e+09	7.12494e+09	7.70745e+09	7.19077e+09	7.09179e+09	7.76488e+09	6.18616e+09	7.23568e+09	7.18407e+09	6.67125e+09	6.76222e+09	6.67709e+09	7.39114e+09	6.78344e+09	6.61562e+09	6.63474e+09	6.65289e+09	6.6018e+09	5.33723e+09	5.87428e+09	5.64925e+09	4.96823e+09	5.61489e+09	5.79373e+09	6.5276e+09	6.50383e+09	5.81041e+09	5.78887e+09	6.50188e+09	5.92336e+09	7.08253e+09	5.88365e+09	5.79666e+09	6.72709e+09	5.98351e+09	7.08394e+09	5.56644e+09	5.18622e+09	5.77593e+09	5.48469e+09	5.47959e+09	5.18177e+09	5.79945e+09	4.92865e+09	5.87233e+09	4.4221e+09	6.0421e+09	4.38435e+09	4.90374e+09	6.12618e+09	6.10474e+09	6.45717e+09	6.12029e+09	6.21947e+09	5.60977e+09	5.47193e+09	4.77748e+09	5.60528e+09	5.02712e+09	5.20316e+09
ERR637068	5.69923e+09	5.6311e+09	6.18769e+09	5.77232e+09	5.53647e+09	5.83077e+09	7.01794e+09	7.27828e+09	7.1994e+09	7.15942e+09	7.03022e+09	7.32059e+09	5.80571e+09	6.71265e+09	6.68883e+09	6.87152e+09	6.08392e+09	6.98325e+09	7.13664e+09	7.07043e+09	7.17507e+09	6.91739e+09	7.18171e+09	7.09569e+09	7.07537e+09	6.98236e+09	7.21129e+09	6.9698e+09	6.75438e+09	7.06451e+09	6.51437e+09	6.39534e+09	7.40923e+09	5.5246e+09	7.04799e+09	6.66374e+09	7.41595e+09	7.16629e+09	7.75599e+09	7.23289e+09	7.13314e+09	7.81442e+09	6.21903e+09	7.27926e+09	7.22729e+09	6.70995e+09	6.80037e+09	6.7153e+09	7.44084e+09	6.82858e+09	6.65805e+09	6.67776e+09	6.69628e+09	6.64528e+09	5.36945e+09	5.91152e+09	5.68479e+09	4.99659e+09	5.64887e+09	5.82868e+09	6.56147e+09	6.53732e+09	5.83777e+09	5.81631e+09	6.53515e+09	5.95186e+09	7.12495e+09	5.91609e+09	5.8284e+09	6.76551e+09	6.01709e+09	7.12611e+09	5.60105e+09	5.2185e+09	5.81248e+09	5.51837e+09	5.51396e+09	5.21384e+09	5.84136e+09	4.96648e+09	5.91551e+09	4.45497e+09	6.08684e+09	4.41713e+09	4.92927e+09	6.16365e+09	6.14186e+09	6.49734e+09	6.15716e+09	6.25719e+09	5.64698e+09	5.50721e+09	4.80748e+09	5.64297e+09	5.05927e+09	5.23656e+09
ERR637066	5.65374e+09	5.58577e+09	6.13475e+09	5.72465e+09	5.49038e+09	5.78187e+09	6.95318e+09	7.20878e+09	7.13094e+09	7.09162e+09	6.96488e+09	7.25069e+09	5.76534e+09	6.66126e+09	6.63743e+09	6.81894e+09	6.03976e+09	6.92924e+09	7.08321e+09	7.01846e+09	7.12132e+09	6.86822e+09	7.12762e+09	7.04327e+09	7.02458e+09	6.93211e+09	6.9698e+09	7.10758e+09	6.70838e+09	7.01296e+09	6.46287e+09	6.34511e+09	7.34703e+09	5.48587e+09	6.99159e+09	6.61288e+09	7.35592e+09	7.11125e+09	7.69071e+09	7.17614e+09	7.07861e+09	7.74732e+09	6.17446e+09	7.22e+09	7.16873e+09	6.65743e+09	6.74824e+09	6.6631e+09	7.37163e+09	6.76601e+09	6.59871e+09	6.61792e+09	6.6358e+09	6.58415e+09	5.32426e+09	5.85968e+09	5.63523e+09	4.95733e+09	5.60221e+09	5.78042e+09	6.51717e+09	6.49392e+09	5.80161e+09	5.78076e+09	6.49116e+09	5.9149e+09	7.06716e+09	5.87172e+09	5.7845e+09	6.71302e+09	5.97166e+09	7.06838e+09	5.55207e+09	5.17254e+09	5.76063e+09	5.47051e+09	5.4644e+09	5.16805e+09	5.77794e+09	4.90743e+09	5.85036e+09	4.40389e+09	6.01937e+09	4.36685e+09	4.89372e+09	6.11246e+09	6.09159e+09	6.44264e+09	6.10633e+09	6.20575e+09	5.59366e+09	5.45663e+09	4.76386e+09	5.58941e+09	5.01279e+09	5.18855e+09
ERR637063	5.48672e+09	5.42102e+09	5.94347e+09	5.55395e+09	5.32822e+09	5.60749e+09	6.7245e+09	6.96718e+09	6.89307e+09	6.85564e+09	6.73541e+09	7.00743e+09	5.60438e+09	6.45933e+09	6.43617e+09	6.61039e+09	5.86635e+09	6.71567e+09	6.86436e+09	6.80339e+09	6.90267e+09	6.66445e+09	6.90791e+09	6.82651e+09	6.81205e+09	6.7197e+09	6.75438e+09	6.70838e+09	6.69229e+09	6.80008e+09	6.26848e+09	6.15649e+09	7.11129e+09	5.33737e+09	6.77464e+09	6.414e+09	7.12056e+09	6.8899e+09	7.43592e+09	6.95119e+09	6.85861e+09	7.48839e+09	5.99826e+09	6.99045e+09	6.94239e+09	6.45545e+09	6.54313e+09	6.46072e+09	7.12526e+09	6.54669e+09	6.38791e+09	6.40698e+09	6.42404e+09	6.37277e+09	5.15974e+09	5.67123e+09	5.45666e+09	4.81053e+09	5.42962e+09	5.60084e+09	6.3233e+09	6.3005e+09	5.64053e+09	5.6215e+09	6.29825e+09	5.74987e+09	6.84111e+09	5.69733e+09	5.61176e+09	6.50324e+09	5.79266e+09	6.8425e+09	5.37667e+09	5.01044e+09	5.5751e+09	5.29907e+09	5.29061e+09	5.00549e+09	5.57614e+09	4.73009e+09	5.64493e+09	4.2491e+09	5.80667e+09	4.21399e+09	4.75452e+09	5.91928e+09	5.89978e+09	6.23612e+09	5.91377e+09	6.01041e+09	5.41075e+09	5.28033e+09	4.61468e+09	5.40656e+09	4.85345e+09	5.02212e+09
ERR637064	5.73208e+09	5.6641e+09	6.22931e+09	5.80977e+09	5.57271e+09	5.8675e+09	7.07108e+09	7.33615e+09	7.25617e+09	7.21584e+09	7.08454e+09	7.37721e+09	5.84234e+09	6.75981e+09	6.73538e+09	6.9194e+09	6.12331e+09	7.03198e+09	7.18705e+09	7.11953e+09	7.22633e+09	6.96614e+09	7.23545e+09	7.14519e+09	7.1238e+09	7.02576e+09	7.06451e+09	7.01296e+09	6.80008e+09	7.30801e+09	6.55731e+09	6.43684e+09	7.46135e+09	5.55613e+09	7.09443e+09	6.70655e+09	7.47189e+09	7.21752e+09	7.81593e+09	7.28449e+09	7.18414e+09	7.87745e+09	6.25838e+09	7.33298e+09	7.28178e+09	6.75851e+09	6.84878e+09	6.76382e+09	7.50294e+09	6.88214e+09	6.71035e+09	6.72935e+09	6.74764e+09	6.69847e+09	5.40274e+09	5.95127e+09	5.72201e+09	5.02457e+09	5.68252e+09	5.86461e+09	6.60266e+09	6.57848e+09	5.87136e+09	5.84844e+09	6.57576e+09	5.98566e+09	7.17646e+09	5.95467e+09	5.8666e+09	6.80838e+09	6.05668e+09	7.17726e+09	5.64118e+09	5.25572e+09	5.85464e+09	5.55699e+09	5.55419e+09	5.25149e+09	5.88847e+09	5.00918e+09	5.96376e+09	4.49139e+09	6.13624e+09	4.45255e+09	4.9579e+09	6.20527e+09	6.18314e+09	6.54421e+09	6.1986e+09	6.30011e+09	5.69064e+09	5.54737e+09	4.8408e+09	5.68632e+09	5.0966e+09	5.27625e+09
ERR613447	5.55574e+09	5.49413e+09	6.03685e+09	5.63581e+09	5.41722e+09	5.69477e+09	6.73466e+09	6.9884e+09	6.91374e+09	6.87566e+09	6.7469e+09	7.02335e+09	5.49232e+09	6.34058e+09	6.32022e+09	6.48452e+09	5.75667e+09	6.58572e+09	6.69335e+09	6.62821e+09	6.72802e+09	6.47775e+09	6.73799e+09	6.65392e+09	6.56121e+09	6.47578e+09	6.51437e+09	6.46287e+09	6.26848e+09	6.55731e+09	6.55679e+09	6.23755e+09	7.17433e+09	5.38697e+09	6.83316e+09	6.46661e+09	6.99625e+09	6.7478e+09	7.3216e+09	6.81244e+09	6.72009e+09	7.38398e+09	5.88455e+09	6.87298e+09	6.82671e+09	6.35934e+09	6.43065e+09	6.36191e+09	7.12401e+09	6.55262e+09	6.38624e+09	6.40315e+09	6.42174e+09	6.38836e+09	5.18884e+09	5.706e+09	5.49083e+09	4.81368e+09	5.43332e+09	5.60312e+09	6.13549e+09	6.11122e+09	5.47109e+09	5.44307e+09	6.10994e+09	5.56762e+09	6.73869e+09	5.62465e+09	5.54946e+09	6.40101e+09	5.71721e+09	6.74059e+09	5.39858e+09	5.04832e+09	5.60213e+09	5.32015e+09	5.32742e+09	5.04386e+09	5.832e+09	4.99221e+09	5.90704e+09	4.47856e+09	6.07506e+09	4.44223e+09	4.70914e+09	5.89113e+09	5.87006e+09	6.20537e+09	5.8853e+09	5.97466e+09	5.47415e+09	5.33151e+09	4.66835e+09	5.46869e+09	4.90922e+09	5.07832e+09
ERR613446	5.46122e+09	5.40166e+09	5.93021e+09	5.53964e+09	5.3271e+09	5.59734e+09	6.60693e+09	6.85303e+09	6.78041e+09	6.74404e+09	6.61833e+09	6.88735e+09	5.39824e+09	6.22475e+09	6.20482e+09	6.36452e+09	5.65591e+09	6.46291e+09	6.56841e+09	6.50492e+09	6.60216e+09	6.35873e+09	6.6118e+09	6.5299e+09	6.44026e+09	6.35761e+09	6.39534e+09	6.34511e+09	6.15649e+09	6.43684e+09	6.23755e+09	6.32543e+09	7.0347e+09	5.29774e+09	6.70366e+09	6.34866e+09	6.86326e+09	6.62179e+09	7.17896e+09	6.68475e+09	6.59468e+09	7.2402e+09	5.78211e+09	6.7443e+09	6.69839e+09	6.24479e+09	6.31464e+09	6.24751e+09	6.98413e+09	6.42861e+09	6.26701e+09	6.28355e+09	6.30069e+09	6.26915e+09	5.09946e+09	5.60373e+09	5.39396e+09	4.73282e+09	5.33738e+09	5.50256e+09	6.02468e+09	6.00054e+09	5.37689e+09	5.3495e+09	5.99901e+09	5.47109e+09	6.61137e+09	5.52592e+09	5.45253e+09	6.28229e+09	5.61607e+09	6.61299e+09	5.30307e+09	4.96167e+09	5.5011e+09	5.22625e+09	5.23419e+09	4.95702e+09	5.72837e+09	4.90753e+09	5.80108e+09	4.40617e+09	5.96511e+09	4.37053e+09	4.63027e+09	5.78391e+09	5.76381e+09	6.09002e+09	5.77845e+09	5.86577e+09	5.37644e+09	5.23764e+09	4.59018e+09	5.37101e+09	4.82478e+09	4.99074e+09
ERR613443	6.24215e+09	6.16852e+09	6.8102e+09	6.3325e+09	6.0711e+09	6.40142e+09	7.69603e+09	8.00349e+09	7.91367e+09	7.86672e+09	7.71257e+09	8.04566e+09	6.18586e+09	7.19536e+09	7.17014e+09	7.37235e+09	6.49621e+09	7.49631e+09	7.62905e+09	7.54922e+09	7.67484e+09	7.36542e+09	7.68436e+09	7.58035e+09	7.47073e+09	7.3627e+09	7.40923e+09	7.34703e+09	7.11129e+09	7.46135e+09	7.17433e+09	7.0347e+09	8.4634e+09	6.03242e+09	7.78223e+09	7.32883e+09	7.99344e+09	7.68867e+09	8.40248e+09	7.76874e+09	7.65313e+09	8.4772e+09	6.63335e+09	7.83737e+09	7.7789e+09	7.19904e+09	7.29132e+09	7.20341e+09	8.16393e+09	7.46514e+09	7.26614e+09	7.28687e+09	7.30946e+09	7.26564e+09	5.85308e+09	6.46661e+09	6.2113e+09	5.42118e+09	6.15127e+09	6.35301e+09	6.96941e+09	6.94048e+09	6.16806e+09	6.13914e+09	6.93885e+09	6.28678e+09	7.69474e+09	6.35489e+09	6.2644e+09	7.28625e+09	6.46522e+09	7.69727e+09	6.11126e+09	5.69311e+09	6.35265e+09	6.01697e+09	6.02346e+09	5.68801e+09	6.57252e+09	5.59711e+09	6.6606e+09	4.99818e+09	6.86188e+09	4.95552e+09	5.30478e+09	6.69064e+09	6.66489e+09	7.0659e+09	6.68214e+09	6.79084e+09	6.20046e+09	6.03459e+09	5.25294e+09	6.19565e+09	5.53533e+09	5.73396e+09
