	ERR629982	ERR629983	ERR629986	ERR629984	ERR629985	ERR629987	ERR617660	ERR617657	ERR617656	ERR617659	ERR617658	ERR617655	ERR612225	ERR612224	ERR612221	ERR612223	ERR612226	ERR612222	ERR636787	ERR636789	ERR636788	ERR636790	ERR636792	ERR636791	ERR612254	ERR612251	ERR612252	ERR612253	ERR612255	ERR612256	ERR635317	ERR635320	ERR635318	ERR635319	ERR635316	ERR635321	ERR622178	ERR622176	ERR622177	ERR622175	ERR622173	ERR622174	ERR636946	ERR636947	ERR636943	ERR636948	ERR636945	ERR636944	ERR612191	ERR612192	ERR612195	ERR612194	ERR612193	ERR612196	ERR608822	ERR608821	ERR608817	ERR608819	ERR608820	ERR608818	ERR612217	ERR612218	ERR612215	ERR612220	ERR612219	ERR612216	ERR613562	ERR613557	ERR613559	ERR613560	ERR613561	ERR613558	ERR626922	ERR626925	ERR626921	ERR626924	ERR626926	ERR626923	ERR618440	ERR618437	ERR618435	ERR618436	ERR618439	ERR618438	ERR613007	ERR613006	ERR613008	ERR613005	ERR613010	ERR613009	ERR612958	ERR612962	ERR612961	ERR612960	ERR612959	ERR612957
ERR629982	0	0.262458	0.275961	0.248047	0.270583	0.27295	0.425548	0.461693	0.549723	0.426055	0.424593	0.427556	0.475344	0.450677	0.430616	0.434423	0.453106	0.434329	0.501373	0.496444	0.494984	0.495027	0.494616	0.495736	0.503108	0.500503	0.501631	0.502013	0.511422	0.503851	0.349827	0.373093	0.340251	0.37244	0.365428	0.373311	0.415292	0.416839	0.416536	0.415565	0.412737	0.41424	0.495685	0.496084	0.496524	0.496151	0.49486	0.493305	0.366319	0.377543	0.400056	0.375676	0.374226	0.379314	0.356035	0.343516	0.377997	0.294467	0.349277	0.300671	0.336473	0.335874	0.334225	0.336543	0.344095	0.337442	0.350481	0.330565	0.330675	0.349632	0.34939	0.329475	0.514704	0.498033	0.497764	0.509125	0.49881	0.497611	0.327945	0.326643	0.326749	0.330919	0.327351	0.32713	0.307041	0.307066	0.384517	0.308181	0.379399	0.371135	0.384995	0.368426	0.377305	0.364338	0.341306	0.337719
ERR629983	0.262458	0	0.259375	0.260511	0.257188	0.258208	0.429641	0.445705	0.523512	0.431266	0.430082	0.43359	0.46569	0.450621	0.444236	0.444377	0.451984	0.443613	0.509884	0.507532	0.507309	0.507647	0.508244	0.508826	0.512305	0.512741	0.510774	0.511787	0.511341	0.511322	0.355978	0.371032	0.350734	0.370507	0.366372	0.371323	0.414998	0.415276	0.415546	0.430351	0.42408	0.430771	0.50963	0.510087	0.50516	0.510665	0.506311	0.505986	0.370717	0.376776	0.387061	0.375026	0.373924	0.376357	0.323383	0.314362	0.342253	0.299626	0.318361	0.295389	0.349172	0.350155	0.352428	0.347908	0.341371	0.349408	0.330219	0.336296	0.336032	0.330274	0.330045	0.33477	0.510344	0.505483	0.503148	0.507222	0.505343	0.503266	0.34174	0.333007	0.342326	0.327134	0.33977	0.336897	0.313899	0.313504	0.349588	0.326679	0.344758	0.338391	0.357136	0.346988	0.352195	0.344032	0.3382	0.345438
ERR629986	0.275961	0.259375	0	0.273017	0.255693	0.255685	0.433056	0.445759	0.513597	0.434564	0.433897	0.440755	0.460082	0.447468	0.446507	0.444618	0.448672	0.443108	0.509116	0.507346	0.508462	0.507774	0.508812	0.508988	0.51499	0.516834	0.512728	0.514099	0.512055	0.513707	0.355172	0.364881	0.352367	0.364439	0.361298	0.365148	0.421245	0.421186	0.42167	0.43511	0.428016	0.437028	0.510111	0.510543	0.504921	0.511428	0.506634	0.507525	0.370295	0.373055	0.380761	0.372086	0.370852	0.372862	0.320967	0.313366	0.331053	0.307826	0.317049	0.299499	0.353137	0.354852	0.359284	0.352201	0.342675	0.352819	0.327635	0.336474	0.336254	0.327605	0.327508	0.335225	0.506189	0.504264	0.502894	0.503947	0.504122	0.50273	0.354431	0.342257	0.353812	0.333413	0.35284	0.349356	0.32041	0.319827	0.345931	0.336474	0.339628	0.334732	0.353832	0.349282	0.353245	0.346459	0.341453	0.351842
ERR629984	0.248047	0.260511	0.273017	0	0.268135	0.270613	0.425557	0.459377	0.54674	0.426341	0.424997	0.427681	0.472963	0.449315	0.431001	0.434591	0.45168	0.434303	0.501516	0.496928	0.495433	0.49564	0.495356	0.496545	0.503052	0.500821	0.501675	0.502155	0.510151	0.503597	0.34931	0.371861	0.340122	0.371353	0.364524	0.372312	0.414162	0.415492	0.415469	0.416359	0.413168	0.415103	0.496599	0.497028	0.496753	0.497052	0.495444	0.493887	0.365341	0.376059	0.397404	0.374072	0.372891	0.377663	0.352206	0.340111	0.374291	0.294473	0.34542	0.299827	0.33688	0.336446	0.335217	0.336672	0.342628	0.337575	0.347014	0.330028	0.330074	0.346235	0.345909	0.328685	0.513375	0.497943	0.497229	0.507831	0.498472	0.497125	0.329768	0.327376	0.328646	0.330745	0.328779	0.328524	0.307449	0.307134	0.380402	0.309451	0.374886	0.367228	0.38093	0.365144	0.373369	0.360945	0.339825	0.337342
ERR629985	0.270583	0.257188	0.255693	0.268135	0	0.255016	0.431495	0.447298	0.517916	0.432703	0.431942	0.438368	0.460053	0.445923	0.443156	0.441761	0.447459	0.440457	0.507213	0.505132	0.505904	0.505266	0.50619	0.506527	0.512663	0.514041	0.510328	0.511638	0.510932	0.511595	0.352536	0.363693	0.34888	0.36321	0.359563	0.363974	0.419497	0.419781	0.420168	0.431458	0.424856	0.433236	0.507454	0.507798	0.502849	0.508433	0.5041	0.504702	0.367404	0.371085	0.380659	0.370032	0.368906	0.371169	0.324705	0.316044	0.33624	0.304522	0.320072	0.297824	0.349199	0.350612	0.354423	0.348361	0.340667	0.348932	0.328821	0.333291	0.333117	0.328424	0.328483	0.332275	0.506057	0.502266	0.50096	0.503344	0.502255	0.50095	0.350363	0.33927	0.349541	0.332221	0.349017	0.345902	0.31712	0.316525	0.350352	0.331656	0.344167	0.338885	0.356856	0.350289	0.35525	0.347635	0.339524	0.348556
ERR629987	0.27295	0.258208	0.255685	0.270613	0.255016	0	0.432316	0.446996	0.51554	0.433735	0.43291	0.439896	0.459054	0.445561	0.444231	0.442356	0.44697	0.440987	0.506846	0.50504	0.506053	0.505482	0.506322	0.506532	0.51307	0.514721	0.510737	0.512208	0.510898	0.511871	0.352183	0.362609	0.349159	0.362078	0.358731	0.362681	0.420175	0.420388	0.420643	0.432602	0.425604	0.43467	0.507827	0.508251	0.502669	0.508941	0.504351	0.505099	0.36774	0.370864	0.379609	0.369826	0.368737	0.371044	0.323714	0.314951	0.333272	0.306046	0.319474	0.299029	0.349873	0.351625	0.355855	0.349233	0.340708	0.349826	0.327961	0.334109	0.33381	0.328	0.32775	0.332936	0.505205	0.502375	0.501108	0.502784	0.50218	0.501022	0.353287	0.341477	0.352657	0.333864	0.35155	0.348434	0.31867	0.318134	0.348098	0.333861	0.342341	0.336985	0.356319	0.350868	0.355334	0.34818	0.340745	0.350313
ERR617660	0.425548	0.429641	0.433056	0.425557	0.431495	0.432316	0	0.320888	0.437072	0.262905	0.262717	0.269613	0.445635	0.416382	0.388089	0.390876	0.419064	0.392788	0.406322	0.395731	0.39462	0.389523	0.387403	0.389195	0.389309	0.387765	0.389611	0.388	0.403817	0.391406	0.471427	0.487004	0.465951	0.486036	0.481851	0.486403	0.347983	0.348984	0.349319	0.348604	0.345993	0.349344	0.3838	0.384545	0.393442	0.384088	0.387431	0.387551	0.463492	0.470575	0.486558	0.469086	0.467355	0.47185	0.462934	0.455447	0.473178	0.4288	0.459245	0.429938	0.454912	0.454888	0.455087	0.455429	0.460765	0.455765	0.470762	0.459196	0.459238	0.4703	0.469883	0.458854	0.43244	0.403591	0.408472	0.422836	0.405222	0.408142	0.455131	0.453673	0.453719	0.457555	0.455374	0.455097	0.442573	0.44247	0.490828	0.44307	0.487275	0.482031	0.467991	0.458192	0.464158	0.455189	0.438316	0.436334
ERR617657	0.461693	0.445705	0.445759	0.459377	0.447298	0.446996	0.320888	0	0.371272	0.324983	0.325577	0.32	0.455082	0.450528	0.452157	0.449529	0.450317	0.451159	0.449256	0.447924	0.446749	0.447246	0.447801	0.447856	0.433408	0.437949	0.434418	0.433116	0.417168	0.429423	0.513301	0.523097	0.512033	0.522514	0.519502	0.522417	0.367495	0.365042	0.366632	0.418159	0.406889	0.418946	0.445187	0.44614	0.436268	0.446463	0.441368	0.440012	0.504351	0.507765	0.504483	0.505585	0.504556	0.504788	0.440637	0.439771	0.450898	0.458739	0.440351	0.451176	0.501232	0.502474	0.505391	0.49968	0.488384	0.502503	0.473858	0.499631	0.499049	0.474089	0.474184	0.498279	0.439956	0.44513	0.439412	0.436676	0.444048	0.440044	0.487759	0.480908	0.491148	0.473298	0.486582	0.482607	0.477729	0.476965	0.463852	0.488488	0.46309	0.461462	0.451363	0.448851	0.449076	0.448298	0.463022	0.472271
ERR617656	0.549723	0.523512	0.513597	0.54674	0.517916	0.51554	0.437072	0.371272	0	0.440955	0.442234	0.446954	0.504206	0.518558	0.541394	0.532423	0.517066	0.532476	0.521136	0.524613	0.527728	0.526758	0.528822	0.5276	0.519749	0.529049	0.518384	0.518713	0.491833	0.51402	0.579004	0.576881	0.582257	0.576445	0.576611	0.57617	0.47322	0.469628	0.471739	0.519025	0.506055	0.52393	0.526518	0.527193	0.510759	0.528647	0.520031	0.522879	0.572688	0.568378	0.555128	0.568363	0.566813	0.565587	0.496716	0.501747	0.480191	0.543389	0.499965	0.528699	0.577415	0.580313	0.586251	0.57644	0.558183	0.577752	0.53214	0.56759	0.566924	0.532829	0.533111	0.566619	0.490643	0.518494	0.513096	0.495169	0.516658	0.513821	0.575037	0.562257	0.57689	0.548857	0.573819	0.568937	0.556638	0.555822	0.506294	0.573627	0.506246	0.509182	0.504617	0.517488	0.512631	0.517822	0.538957	0.555708
ERR617659	0.426055	0.431266	0.434564	0.426341	0.432703	0.433735	0.262905	0.324983	0.440955	0	0.262324	0.26996	0.446721	0.416281	0.386618	0.389756	0.419242	0.391411	0.405946	0.394994	0.39389	0.388309	0.386009	0.388208	0.388612	0.386513	0.38848	0.387098	0.404904	0.391004	0.471525	0.487238	0.465902	0.486373	0.482018	0.486699	0.349687	0.350593	0.351216	0.347567	0.345375	0.348278	0.382137	0.382895	0.39317	0.382473	0.386386	0.386445	0.463191	0.4704	0.487446	0.46897	0.467228	0.471979	0.466387	0.458488	0.476259	0.429822	0.462614	0.431359	0.454832	0.454525	0.454732	0.455297	0.46171	0.455521	0.472931	0.459277	0.45939	0.472338	0.472076	0.45881	0.433534	0.403322	0.40872	0.423797	0.405221	0.408146	0.455349	0.454341	0.453724	0.458454	0.455791	0.455691	0.443325	0.44304	0.494293	0.442946	0.490588	0.485477	0.470805	0.460919	0.467172	0.457821	0.439424	0.436754
ERR617658	0.424593	0.430082	0.433897	0.424997	0.431942	0.43291	0.262717	0.325577	0.442234	0.262324	0	0.269489	0.447331	0.416805	0.386496	0.389878	0.419641	0.391623	0.406941	0.395576	0.394564	0.389133	0.386643	0.388871	0.389208	0.387176	0.389352	0.387952	0.405557	0.391776	0.471182	0.48702	0.465253	0.486162	0.481795	0.48656	0.349223	0.350212	0.350767	0.347022	0.344998	0.347367	0.383007	0.383618	0.393992	0.383035	0.387123	0.387258	0.462686	0.470113	0.487177	0.468657	0.466957	0.471846	0.465682	0.457715	0.476088	0.428552	0.461994	0.430454	0.45401	0.45391	0.453864	0.454666	0.461065	0.455006	0.472348	0.458759	0.458713	0.471722	0.471292	0.458399	0.434821	0.404163	0.409614	0.424969	0.40632	0.40916	0.453923	0.453173	0.452204	0.457579	0.454301	0.454314	0.442229	0.442115	0.493453	0.441761	0.489918	0.484651	0.470147	0.460093	0.466122	0.456826	0.438378	0.435706
ERR617655	0.427556	0.43359	0.440755	0.427681	0.438368	0.439896	0.269613	0.32	0.446954	0.26996	0.269489	0	0.457656	0.42844	0.396712	0.401901	0.430911	0.404893	0.417762	0.40764	0.403765	0.401255	0.398655	0.400937	0.39492	0.391881	0.396971	0.39423	0.40921	0.39704	0.482837	0.501753	0.476372	0.501061	0.496004	0.501382	0.344524	0.34577	0.346071	0.354724	0.352063	0.35197	0.395161	0.396089	0.404368	0.395156	0.399165	0.396185	0.474132	0.483539	0.498451	0.480859	0.479716	0.48371	0.465649	0.45792	0.482328	0.43069	0.461816	0.434129	0.46257	0.461985	0.461045	0.462356	0.468056	0.464657	0.477921	0.470468	0.470236	0.477383	0.477053	0.469543	0.444517	0.41554	0.41798	0.434249	0.416891	0.417499	0.453905	0.455257	0.454847	0.460027	0.454069	0.453644	0.448369	0.448001	0.493879	0.446293	0.491546	0.486021	0.472116	0.459095	0.465315	0.456416	0.443742	0.439848
ERR612225	0.475344	0.46569	0.460082	0.472963	0.460053	0.459054	0.445635	0.455082	0.504206	0.446721	0.447331	0.457656	0	0.265164	0.33547	0.318238	0.261292	0.317204	0.361118	0.374249	0.375606	0.383968	0.389817	0.386577	0.380971	0.391094	0.378118	0.381611	0.36633	0.376339	0.414969	0.405151	0.425295	0.405647	0.408901	0.404386	0.38076	0.38	0.380216	0.393138	0.380867	0.399116	0.390847	0.391679	0.361861	0.394215	0.37615	0.376916	0.394727	0.386982	0.370627	0.385686	0.385983	0.380923	0.47741	0.473814	0.473921	0.473126	0.476475	0.467221	0.428234	0.432278	0.44044	0.426149	0.408462	0.428267	0.415574	0.422146	0.421036	0.413296	0.414378	0.422659	0.351199	0.362926	0.357204	0.350836	0.360748	0.35761	0.557287	0.549416	0.552844	0.544122	0.556514	0.55493	0.481033	0.480457	0.501736	0.488823	0.495614	0.494857	0.467275	0.472819	0.474421	0.470521	0.459514	0.468023
ERR612224	0.450677	0.450621	0.447468	0.449315	0.445923	0.445561	0.416382	0.450528	0.518558	0.416281	0.416805	0.42844	0.265164	0	0.279743	0.266094	0.241148	0.265444	0.336217	0.342711	0.343597	0.349038	0.3534	0.351391	0.357673	0.362579	0.354651	0.357959	0.36554	0.357998	0.390316	0.387056	0.39681	0.387403	0.388469	0.386301	0.363708	0.364433	0.364265	0.352239	0.345052	0.357776	0.354645	0.355298	0.339418	0.357099	0.345101	0.346094	0.371092	0.36839	0.375308	0.367784	0.367285	0.36703	0.479084	0.472364	0.478498	0.45125	0.476236	0.449146	0.400417	0.403497	0.409227	0.400225	0.397712	0.40044	0.419456	0.400586	0.399736	0.416426	0.416965	0.401623	0.358508	0.341274	0.34351	0.35292	0.341941	0.343062	0.528333	0.523013	0.523084	0.521974	0.528305	0.528002	0.458873	0.45853	0.506254	0.461591	0.499735	0.496741	0.471156	0.471357	0.475956	0.46773	0.443836	0.44596
ERR612221	0.430616	0.444236	0.446507	0.431001	0.443156	0.444231	0.388089	0.452157	0.541394	0.386618	0.386496	0.396712	0.33547	0.279743	0	0.245904	0.28562	0.246653	0.352967	0.34617	0.344924	0.34384	0.344069	0.344957	0.355542	0.351674	0.353251	0.354741	0.386667	0.361064	0.398918	0.409147	0.396901	0.408942	0.405771	0.408908	0.365301	0.367756	0.367477	0.327933	0.329915	0.330204	0.344616	0.345015	0.354165	0.345094	0.346183	0.346184	0.382338	0.38897	0.417929	0.38859	0.387106	0.392816	0.490294	0.480413	0.496529	0.435309	0.485619	0.439833	0.395853	0.396364	0.396368	0.397646	0.41236	0.395844	0.44416	0.403917	0.40412	0.441532	0.441554	0.404921	0.404281	0.359369	0.369303	0.393409	0.362721	0.368079	0.488246	0.487631	0.48228	0.49388	0.488817	0.490737	0.440651	0.440465	0.517735	0.435457	0.511667	0.506275	0.484465	0.476523	0.484002	0.471787	0.436011	0.429108
ERR612223	0.434423	0.444377	0.444618	0.434591	0.441761	0.442356	0.390876	0.449529	0.532423	0.389756	0.389878	0.401901	0.318238	0.266094	0.245904	0	0.271467	0.243292	0.34397	0.340107	0.340156	0.339418	0.340709	0.340768	0.353315	0.35223	0.350904	0.352438	0.379921	0.358025	0.393964	0.400918	0.39438	0.400548	0.398415	0.400253	0.363952	0.366022	0.365656	0.330385	0.330063	0.334239	0.341776	0.342067	0.346552	0.342743	0.341133	0.342345	0.377351	0.381489	0.407014	0.381108	0.379474	0.384682	0.48691	0.477601	0.48958	0.437688	0.482671	0.440086	0.394434	0.395952	0.397859	0.396374	0.407627	0.39466	0.437936	0.400835	0.400898	0.435252	0.43528	0.402001	0.391136	0.351215	0.360701	0.381438	0.354076	0.359367	0.496798	0.494276	0.490758	0.498904	0.497272	0.498448	0.442984	0.442889	0.513732	0.440118	0.507514	0.502526	0.480169	0.474547	0.481413	0.470009	0.435451	0.431078
ERR612226	0.453106	0.451984	0.448672	0.45168	0.447459	0.44697	0.419064	0.450317	0.517066	0.419242	0.419641	0.430911	0.261292	0.241148	0.28562	0.271467	0	0.271055	0.338745	0.346035	0.346886	0.352706	0.357362	0.355114	0.359042	0.364316	0.355992	0.359162	0.363976	0.358521	0.392992	0.389357	0.400003	0.389589	0.390946	0.388528	0.364448	0.364974	0.364764	0.356194	0.348234	0.361625	0.35841	0.359219	0.341319	0.361133	0.348108	0.349151	0.37298	0.369725	0.37378	0.368838	0.368386	0.367492	0.478623	0.472214	0.478068	0.453464	0.476087	0.450908	0.40286	0.406009	0.411981	0.402302	0.397836	0.402857	0.418211	0.402524	0.401838	0.41554	0.416087	0.403573	0.357149	0.343122	0.344286	0.35174	0.343213	0.343844	0.531541	0.525998	0.526384	0.524678	0.531382	0.530984	0.46088	0.460605	0.505468	0.464227	0.498925	0.496259	0.470357	0.470567	0.474772	0.466995	0.444747	0.447796
ERR612222	0.434329	0.443613	0.443108	0.434303	0.440457	0.440987	0.392788	0.451159	0.532476	0.391411	0.391623	0.404893	0.317204	0.265444	0.246653	0.243292	0.271055	0	0.345504	0.341145	0.341684	0.340837	0.342042	0.342126	0.355305	0.354015	0.351669	0.354381	0.381504	0.359684	0.392395	0.398024	0.392733	0.397765	0.396023	0.397589	0.366417	0.368706	0.368579	0.331835	0.3315	0.336074	0.34286	0.343139	0.347755	0.343833	0.342121	0.343651	0.375409	0.378661	0.404819	0.379011	0.377612	0.382687	0.486197	0.47709	0.488309	0.437888	0.482141	0.439922	0.394222	0.395577	0.397369	0.396028	0.407082	0.39356	0.436263	0.398887	0.398901	0.433464	0.433729	0.399897	0.39119	0.351987	0.361694	0.381762	0.354903	0.360482	0.496709	0.493805	0.490148	0.497803	0.497244	0.498484	0.442369	0.442183	0.513238	0.440226	0.506581	0.50194	0.479243	0.474461	0.481252	0.469898	0.435137	0.431271
ERR636787	0.501373	0.509884	0.509116	0.501516	0.507213	0.506846	0.406322	0.449256	0.521136	0.405946	0.406941	0.417762	0.361118	0.336217	0.352967	0.34397	0.338745	0.345504	0	0.237852	0.23825	0.244547	0.248597	0.245674	0.320905	0.324291	0.318615	0.320945	0.33833	0.322997	0.441432	0.443769	0.44563	0.443672	0.443314	0.442969	0.372272	0.372514	0.37249	0.351658	0.347229	0.356977	0.269846	0.270234	0.259198	0.271561	0.261502	0.262203	0.450969	0.452097	0.468235	0.452029	0.450775	0.453402	0.547883	0.54024	0.547345	0.504908	0.544534	0.506671	0.469304	0.471145	0.473592	0.470623	0.477972	0.46921	0.503462	0.471247	0.471007	0.500776	0.501349	0.472566	0.315365	0.280952	0.286836	0.306423	0.283043	0.286386	0.574504	0.572201	0.568454	0.576524	0.5752	0.576122	0.520965	0.521017	0.583999	0.517998	0.578254	0.574281	0.548216	0.546198	0.551729	0.541771	0.510191	0.506817
ERR636789	0.496444	0.507532	0.507346	0.496928	0.505132	0.50504	0.395731	0.447924	0.524613	0.394994	0.395576	0.40764	0.374249	0.342711	0.34617	0.340107	0.346035	0.341145	0.237852	0	0.23628	0.237756	0.239878	0.238555	0.317198	0.318384	0.31487	0.317095	0.342195	0.321172	0.443327	0.44763	0.445537	0.44745	0.446401	0.447077	0.372525	0.373219	0.373394	0.343426	0.341886	0.348796	0.262617	0.262673	0.2628	0.263416	0.258815	0.26027	0.452892	0.455258	0.476053	0.455491	0.4542	0.457957	0.549181	0.540803	0.549456	0.5011	0.54562	0.50395	0.468432	0.469783	0.471233	0.470084	0.480938	0.468086	0.507923	0.47111	0.470839	0.505202	0.505837	0.472198	0.328799	0.284743	0.294524	0.318119	0.288199	0.293962	0.56421	0.562657	0.557653	0.568472	0.565134	0.566633	0.516124	0.516125	0.585244	0.511747	0.579371	0.57493	0.549416	0.545987	0.552173	0.54151	0.507301	0.502435
ERR636788	0.494984	0.507309	0.508462	0.495433	0.505904	0.506053	0.39462	0.446749	0.527728	0.39389	0.394564	0.403765	0.375606	0.343597	0.344924	0.340156	0.346886	0.341684	0.23825	0.23628	0	0.238497	0.240395	0.239276	0.315642	0.315587	0.313889	0.315502	0.341233	0.319583	0.443831	0.450204	0.445731	0.450036	0.448469	0.449554	0.367726	0.368777	0.368741	0.341088	0.339494	0.344656	0.262413	0.262773	0.262595	0.263249	0.25902	0.257902	0.453462	0.456967	0.477565	0.456842	0.455532	0.459259	0.549075	0.540549	0.551533	0.499716	0.545252	0.503558	0.467897	0.468943	0.469805	0.469422	0.480508	0.467855	0.508296	0.472161	0.471911	0.505683	0.506156	0.473327	0.330558	0.285492	0.293573	0.319241	0.288438	0.292775	0.562816	0.562233	0.556897	0.56845	0.5637	0.565241	0.516125	0.515864	0.585685	0.510655	0.580189	0.575624	0.549802	0.545436	0.551701	0.540885	0.50744	0.50155
ERR636790	0.495027	0.507647	0.507774	0.49564	0.505266	0.505482	0.389523	0.447246	0.526758	0.388309	0.389133	0.401255	0.383968	0.349038	0.34384	0.339418	0.352706	0.340837	0.244547	0.237756	0.238497	0	0.236279	0.235978	0.31676	0.316709	0.314749	0.316375	0.346175	0.321615	0.446711	0.452999	0.44794	0.452855	0.450965	0.452382	0.373397	0.374363	0.374578	0.339986	0.339715	0.344801	0.259924	0.259972	0.267001	0.260212	0.259458	0.26118	0.456292	0.459599	0.482637	0.459831	0.458356	0.462773	0.550781	0.5422	0.551501	0.499605	0.54705	0.503343	0.469374	0.470264	0.471327	0.47135	0.48403	0.46904	0.51226	0.473072	0.473032	0.509679	0.510007	0.474286	0.338975	0.290076	0.301629	0.327438	0.293895	0.300629	0.558801	0.557939	0.552317	0.564828	0.559809	0.561783	0.514288	0.514408	0.586553	0.50877	0.58092	0.576223	0.551142	0.547063	0.553443	0.542432	0.506742	0.500646
ERR636792	0.494616	0.508244	0.508812	0.495356	0.50619	0.506322	0.387403	0.447801	0.528822	0.386009	0.386643	0.398655	0.389817	0.3534	0.344069	0.340709	0.357362	0.342042	0.248597	0.239878	0.240395	0.236279	0	0.236283	0.316285	0.315632	0.31456	0.31612	0.348002	0.321941	0.44941	0.456788	0.449876	0.456524	0.45431	0.456356	0.374544	0.375732	0.375877	0.339093	0.339591	0.343715	0.259578	0.259566	0.269928	0.259707	0.261007	0.262437	0.458934	0.462753	0.486895	0.463045	0.461441	0.466205	0.552615	0.543751	0.55366	0.499567	0.548819	0.503753	0.470386	0.471124	0.471843	0.4725	0.486265	0.47024	0.515186	0.474809	0.474789	0.512653	0.512884	0.475999	0.344866	0.293863	0.306014	0.332723	0.297785	0.304807	0.556215	0.556004	0.549804	0.563371	0.557558	0.559502	0.51404	0.514027	0.588121	0.50783	0.582412	0.577576	0.552638	0.548106	0.554748	0.543511	0.507004	0.500189
ERR636791	0.495736	0.508826	0.508988	0.496545	0.506527	0.506532	0.389195	0.447856	0.5276	0.388208	0.388871	0.400937	0.386577	0.351391	0.344957	0.340768	0.355114	0.342126	0.245674	0.238555	0.239276	0.235978	0.236283	0	0.316682	0.316662	0.31469	0.316484	0.346995	0.321815	0.448282	0.45482	0.449171	0.454612	0.452672	0.454328	0.374635	0.375694	0.375747	0.340492	0.340517	0.345144	0.259944	0.259843	0.268061	0.260187	0.26027	0.2616	0.457834	0.46139	0.484676	0.461501	0.460021	0.464591	0.55226	0.543581	0.552945	0.500542	0.548513	0.504342	0.470458	0.471221	0.472238	0.472413	0.485393	0.470126	0.514016	0.474478	0.47431	0.511498	0.511774	0.475648	0.341126	0.291793	0.303518	0.329372	0.295422	0.302567	0.558745	0.55805	0.552163	0.565012	0.559832	0.561724	0.514985	0.515013	0.587846	0.509319	0.582105	0.577418	0.552378	0.548158	0.554715	0.54361	0.507619	0.501192
ERR612254	0.503108	0.512305	0.51499	0.503052	0.512663	0.51307	0.389309	0.433408	0.519749	0.388612	0.389208	0.39492	0.380971	0.357673	0.355542	0.353315	0.359042	0.355305	0.320905	0.317198	0.315642	0.31676	0.316285	0.316682	0	0.255657	0.254788	0.254106	0.276762	0.255079	0.484197	0.492987	0.483255	0.49277	0.490843	0.492354	0.37523	0.376231	0.376288	0.365528	0.362263	0.367548	0.312826	0.313123	0.310522	0.313559	0.310144	0.308196	0.459786	0.463932	0.477086	0.462064	0.461297	0.463277	0.548651	0.540642	0.555376	0.505921	0.544881	0.509646	0.46901	0.469188	0.470965	0.468753	0.474808	0.469432	0.503081	0.478161	0.47769	0.500987	0.500815	0.478109	0.366005	0.333793	0.338024	0.354862	0.335409	0.337829	0.554605	0.555351	0.550619	0.560602	0.55486	0.55643	0.508845	0.508915	0.571543	0.50505	0.566577	0.562049	0.531458	0.523045	0.529951	0.519355	0.491673	0.486359
ERR612251	0.500503	0.512741	0.516834	0.500821	0.514041	0.514721	0.387765	0.437949	0.529049	0.386513	0.387176	0.391881	0.391094	0.362579	0.351674	0.35223	0.364316	0.354015	0.324291	0.318384	0.315587	0.316709	0.315632	0.316662	0.255657	0	0.255186	0.254951	0.287708	0.259684	0.484306	0.49515	0.482287	0.494915	0.492081	0.49457	0.376951	0.37854	0.378047	0.361726	0.360376	0.362443	0.311963	0.312287	0.314023	0.312255	0.311038	0.308007	0.45989	0.465725	0.482585	0.464277	0.46321	0.466107	0.55214	0.543634	0.560631	0.504683	0.548067	0.509791	0.468211	0.468085	0.468357	0.468352	0.477587	0.468563	0.507533	0.478667	0.478357	0.505561	0.505337	0.47876	0.375741	0.337403	0.342322	0.363834	0.339504	0.342086	0.550505	0.552383	0.546275	0.558818	0.55085	0.552726	0.508014	0.508048	0.575943	0.502222	0.570992	0.566239	0.535726	0.525918	0.533451	0.52205	0.492477	0.485144
ERR612252	0.501631	0.510774	0.512728	0.501675	0.510328	0.510737	0.389611	0.434418	0.518384	0.38848	0.389352	0.396971	0.378118	0.354651	0.353251	0.350904	0.355992	0.351669	0.318615	0.31487	0.313889	0.314749	0.31456	0.31469	0.254788	0.255186	0	0.25367	0.278872	0.257189	0.480541	0.48817	0.479643	0.488011	0.486155	0.48779	0.377203	0.37834	0.378094	0.364978	0.361713	0.367346	0.310616	0.310986	0.308577	0.311773	0.307928	0.306413	0.455608	0.459184	0.473263	0.457874	0.457116	0.459344	0.547676	0.539617	0.553092	0.50511	0.544049	0.508444	0.46663	0.467048	0.468799	0.466822	0.472873	0.466607	0.500502	0.474404	0.474065	0.498411	0.498438	0.474321	0.363902	0.331902	0.336658	0.353284	0.333679	0.33647	0.554201	0.554166	0.549367	0.558942	0.554472	0.555986	0.506772	0.506861	0.570216	0.50353	0.564839	0.560495	0.529659	0.522234	0.528995	0.518506	0.489635	0.485052
ERR612253	0.502013	0.511787	0.514099	0.502155	0.511638	0.512208	0.388	0.433116	0.518713	0.387098	0.387952	0.39423	0.381611	0.357959	0.354741	0.352438	0.359162	0.354381	0.320945	0.317095	0.315502	0.316375	0.31612	0.316484	0.254106	0.254951	0.25367	0	0.278609	0.256544	0.48368	0.492672	0.482813	0.492392	0.490195	0.492114	0.375873	0.377051	0.376759	0.364831	0.361664	0.366819	0.312279	0.312772	0.310472	0.313269	0.310007	0.30814	0.45922	0.463316	0.476923	0.461656	0.460644	0.463024	0.548298	0.540096	0.554251	0.505168	0.544493	0.508679	0.468226	0.468637	0.470259	0.468299	0.47452	0.468781	0.502958	0.477446	0.477034	0.500986	0.500842	0.477488	0.366484	0.333926	0.338436	0.355571	0.335606	0.338162	0.55352	0.554034	0.549281	0.559425	0.553834	0.555344	0.507488	0.507568	0.570654	0.503823	0.565578	0.560985	0.530783	0.522508	0.52949	0.518893	0.490448	0.48522
ERR612255	0.511422	0.511341	0.512055	0.510151	0.510932	0.510898	0.403817	0.417168	0.491833	0.404904	0.405557	0.40921	0.36633	0.36554	0.386667	0.379921	0.363976	0.381504	0.33833	0.342195	0.341233	0.346175	0.348002	0.346995	0.276762	0.287708	0.278872	0.278609	0	0.270956	0.496018	0.500757	0.497793	0.500655	0.499978	0.500136	0.37588	0.37562	0.375526	0.393851	0.385173	0.396603	0.345501	0.345948	0.326854	0.347166	0.336511	0.334085	0.471019	0.472012	0.46992	0.469661	0.469321	0.468394	0.532944	0.527426	0.539209	0.511289	0.530565	0.511002	0.483384	0.484416	0.488629	0.481799	0.475273	0.483905	0.48916	0.486849	0.486062	0.487622	0.487779	0.486403	0.352557	0.348353	0.344384	0.346034	0.347109	0.345022	0.565442	0.563274	0.563012	0.563756	0.565029	0.564861	0.515136	0.515068	0.553065	0.517316	0.548573	0.545271	0.513299	0.508454	0.512852	0.505599	0.491389	0.492878
ERR612256	0.503851	0.511322	0.513707	0.503597	0.511595	0.511871	0.391406	0.429423	0.51402	0.391004	0.391776	0.39704	0.376339	0.357998	0.361064	0.358025	0.358521	0.359684	0.322997	0.321172	0.319583	0.321615	0.321941	0.321815	0.255079	0.259684	0.257189	0.256544	0.270956	0	0.485739	0.49372	0.48531	0.493525	0.491746	0.493164	0.374197	0.374999	0.374853	0.370386	0.366047	0.372512	0.318569	0.319042	0.312123	0.319446	0.314443	0.311865	0.460988	0.464715	0.474207	0.462652	0.461965	0.463256	0.545142	0.537408	0.551751	0.506278	0.541373	0.509281	0.470662	0.471153	0.473378	0.470155	0.473429	0.471297	0.499053	0.478736	0.478236	0.49713	0.49706	0.478587	0.361754	0.335286	0.337757	0.351488	0.336166	0.337755	0.556466	0.556684	0.552795	0.560986	0.556573	0.5578	0.509076	0.509283	0.567148	0.506553	0.562382	0.557911	0.526932	0.519054	0.525452	0.515523	0.490418	0.48643
ERR635317	0.349827	0.355978	0.355172	0.34931	0.352536	0.352183	0.471427	0.513301	0.579004	0.471525	0.471182	0.482837	0.414969	0.390316	0.398918	0.393964	0.392992	0.392395	0.441432	0.443327	0.443831	0.446711	0.44941	0.448282	0.484197	0.484306	0.480541	0.48368	0.496018	0.485739	0	0.241456	0.235948	0.240959	0.237404	0.240961	0.433206	0.434475	0.434129	0.410593	0.408049	0.414065	0.45545	0.455576	0.451321	0.456793	0.450517	0.451838	0.326033	0.327565	0.350858	0.328167	0.327152	0.330432	0.406239	0.395531	0.409671	0.354622	0.401534	0.354784	0.313139	0.315188	0.318544	0.314716	0.321374	0.311286	0.348828	0.310172	0.309698	0.345716	0.346276	0.311545	0.467588	0.447564	0.450868	0.462851	0.448937	0.450257	0.434804	0.428372	0.428027	0.428691	0.434782	0.435039	0.374864	0.375113	0.446872	0.377036	0.439314	0.434196	0.422935	0.419145	0.425631	0.413903	0.379615	0.379785
ERR635320	0.373093	0.371032	0.364881	0.371861	0.363693	0.362609	0.487004	0.523097	0.576881	0.487238	0.48702	0.501753	0.405151	0.387056	0.409147	0.400918	0.389357	0.398024	0.443769	0.44763	0.450204	0.452999	0.456788	0.45482	0.492987	0.49515	0.48817	0.492672	0.500757	0.49372	0.241456	0	0.249383	0.229547	0.234227	0.229727	0.445382	0.446477	0.44615	0.424169	0.420502	0.429944	0.462931	0.46296	0.454886	0.464803	0.45576	0.458948	0.330035	0.325601	0.342163	0.32772	0.326847	0.328327	0.412636	0.403924	0.408595	0.376204	0.409392	0.371975	0.327256	0.330388	0.336519	0.328505	0.328668	0.324196	0.350439	0.318969	0.318428	0.347514	0.348558	0.320506	0.461955	0.448639	0.452058	0.458918	0.449745	0.451724	0.462386	0.453035	0.45484	0.449869	0.462391	0.462011	0.393828	0.394013	0.452324	0.40077	0.443734	0.440116	0.428226	0.430013	0.434877	0.425209	0.394783	0.400159
ERR635318	0.340251	0.350734	0.352367	0.340122	0.34888	0.349159	0.465951	0.512033	0.582257	0.465902	0.465253	0.476372	0.425295	0.39681	0.396901	0.39438	0.400003	0.392733	0.44563	0.445537	0.445731	0.44794	0.449876	0.449171	0.483255	0.482287	0.479643	0.482813	0.497793	0.48531	0.235948	0.249383	0	0.248872	0.24402	0.249432	0.432617	0.434293	0.4338	0.407016	0.406008	0.410042	0.45533	0.455495	0.454104	0.456444	0.451606	0.452735	0.327659	0.331926	0.360142	0.332324	0.331336	0.335865	0.407629	0.395848	0.413723	0.346909	0.402245	0.349675	0.309251	0.310296	0.31204	0.31116	0.323104	0.307387	0.353411	0.308544	0.308297	0.350607	0.350975	0.309846	0.475025	0.450881	0.455133	0.469325	0.452549	0.454402	0.420004	0.415186	0.412927	0.417684	0.420266	0.42094	0.366455	0.366841	0.448329	0.366683	0.440803	0.434915	0.424286	0.417781	0.42527	0.41229	0.374785	0.372622
ERR635319	0.37244	0.370507	0.364439	0.371353	0.36321	0.362078	0.486036	0.522514	0.576445	0.486373	0.486162	0.501061	0.405647	0.387403	0.408942	0.400548	0.389589	0.397765	0.443672	0.44745	0.450036	0.452855	0.456524	0.454612	0.49277	0.494915	0.488011	0.492392	0.500655	0.493525	0.240959	0.229547	0.248872	0	0.234245	0.229921	0.445193	0.446356	0.445996	0.423836	0.420254	0.429581	0.462637	0.462625	0.454784	0.464526	0.455632	0.458838	0.329785	0.325544	0.342499	0.327575	0.326824	0.328367	0.412311	0.403318	0.408059	0.375331	0.409021	0.371128	0.32641	0.329612	0.335893	0.327834	0.328276	0.323558	0.350279	0.31818	0.31749	0.347223	0.348243	0.319804	0.462341	0.448727	0.452307	0.459311	0.449847	0.4519	0.461392	0.452144	0.453815	0.448995	0.461354	0.4611	0.392698	0.393129	0.451804	0.399656	0.443147	0.439433	0.42772	0.429161	0.434122	0.4246	0.393669	0.39901
ERR635316	0.365428	0.366372	0.361298	0.364524	0.359563	0.358731	0.481851	0.519502	0.576611	0.482018	0.481795	0.496004	0.408901	0.388469	0.405771	0.398415	0.390946	0.396023	0.443314	0.446401	0.448469	0.450965	0.45431	0.452672	0.490843	0.492081	0.486155	0.490195	0.499978	0.491746	0.237404	0.234227	0.24402	0.234245	0	0.23389	0.442635	0.443817	0.443407	0.420182	0.416854	0.425387	0.460344	0.460461	0.453883	0.462113	0.45424	0.45688	0.327935	0.325716	0.345058	0.327357	0.326274	0.328769	0.410302	0.400773	0.407853	0.368965	0.406483	0.365833	0.322346	0.32553	0.330565	0.32415	0.326615	0.319875	0.349828	0.315169	0.314714	0.346638	0.347767	0.316709	0.464023	0.448426	0.451887	0.460668	0.449861	0.451231	0.453431	0.444492	0.445563	0.442292	0.453542	0.453211	0.387227	0.387381	0.450272	0.392765	0.44188	0.437901	0.425757	0.426376	0.431626	0.421417	0.389058	0.392803
ERR635321	0.373311	0.371323	0.365148	0.372312	0.363974	0.362681	0.486403	0.522417	0.57617	0.486699	0.48656	0.501382	0.404386	0.386301	0.408908	0.400253	0.388528	0.397589	0.442969	0.447077	0.449554	0.452382	0.456356	0.454328	0.492354	0.49457	0.48779	0.492114	0.500136	0.493164	0.240961	0.229727	0.249432	0.229921	0.23389	0	0.444469	0.445615	0.445296	0.423599	0.419682	0.429445	0.462442	0.462522	0.454292	0.464296	0.455291	0.458459	0.329985	0.325488	0.341985	0.327442	0.326828	0.328134	0.412371	0.403524	0.408122	0.376172	0.409033	0.371744	0.32667	0.330049	0.336479	0.328236	0.328152	0.324031	0.349706	0.318594	0.318022	0.346779	0.347667	0.320227	0.461126	0.447966	0.451451	0.458246	0.449044	0.451095	0.462829	0.453445	0.455308	0.450179	0.462738	0.462286	0.393876	0.394134	0.451725	0.400741	0.443399	0.439741	0.42784	0.429509	0.434187	0.424635	0.39444	0.399694
ERR622178	0.415292	0.414998	0.421245	0.414162	0.419497	0.420175	0.347983	0.367495	0.47322	0.349687	0.349223	0.344524	0.38076	0.363708	0.365301	0.363952	0.364448	0.366417	0.372272	0.372525	0.367726	0.373397	0.374544	0.374635	0.37523	0.376951	0.377203	0.375873	0.37588	0.374197	0.433206	0.445382	0.432617	0.445193	0.442635	0.444469	0	0.255557	0.255535	0.289723	0.279167	0.288207	0.377316	0.37825	0.367355	0.378418	0.371873	0.367515	0.426067	0.431977	0.435159	0.428689	0.428292	0.428412	0.437806	0.431178	0.455311	0.414431	0.434373	0.415264	0.42865	0.429227	0.431261	0.426868	0.422169	0.430481	0.429194	0.433088	0.432485	0.428306	0.42846	0.432492	0.381892	0.368577	0.363754	0.37411	0.367915	0.364002	0.470555	0.468986	0.471081	0.469283	0.469582	0.468116	0.438145	0.437779	0.472388	0.440176	0.469377	0.465065	0.445695	0.435931	0.44073	0.433054	0.426417	0.426667
ERR622176	0.416839	0.415276	0.421186	0.415492	0.419781	0.420388	0.348984	0.365042	0.469628	0.350593	0.350212	0.34577	0.38	0.364433	0.367756	0.366022	0.364974	0.368706	0.372514	0.373219	0.368777	0.374363	0.375732	0.375694	0.376231	0.37854	0.37834	0.377051	0.37562	0.374999	0.434475	0.446477	0.434293	0.446356	0.443817	0.445615	0.255557	0	0.255726	0.29348	0.282355	0.291862	0.378488	0.379535	0.367566	0.379744	0.372874	0.368485	0.428009	0.433755	0.435944	0.430403	0.429953	0.429947	0.436291	0.429978	0.453552	0.415466	0.43315	0.41571	0.430462	0.431139	0.43347	0.428553	0.423199	0.432436	0.428791	0.434434	0.433871	0.428071	0.428127	0.43372	0.380619	0.369059	0.363518	0.373129	0.368377	0.364064	0.471826	0.470068	0.472769	0.469886	0.470724	0.469185	0.439422	0.43917	0.47092	0.442157	0.468107	0.463999	0.444671	0.435242	0.440081	0.432386	0.426926	0.428217
ERR622177	0.416536	0.415546	0.42167	0.415469	0.420168	0.420643	0.349319	0.366632	0.471739	0.351216	0.350767	0.346071	0.380216	0.364265	0.367477	0.365656	0.364764	0.368579	0.37249	0.373394	0.368741	0.374578	0.375877	0.375747	0.376288	0.378047	0.378094	0.376759	0.375526	0.374853	0.434129	0.44615	0.4338	0.445996	0.443407	0.445296	0.255535	0.255726	0	0.292229	0.281307	0.29085	0.378632	0.379616	0.367574	0.379987	0.373019	0.368629	0.427094	0.432981	0.435209	0.42956	0.429221	0.429298	0.437337	0.430712	0.454712	0.415405	0.434299	0.416052	0.429746	0.430498	0.43271	0.427814	0.42261	0.431728	0.42903	0.433964	0.433433	0.428034	0.428099	0.433287	0.381011	0.369168	0.36357	0.373516	0.368478	0.364122	0.472005	0.470375	0.472667	0.470388	0.47093	0.469446	0.439514	0.438952	0.471826	0.441722	0.469057	0.464604	0.445154	0.435778	0.440358	0.432949	0.427129	0.428013
ERR622175	0.415565	0.430351	0.43511	0.416359	0.431458	0.432602	0.348604	0.418159	0.519025	0.347567	0.347022	0.354724	0.393138	0.352239	0.327933	0.330385	0.356194	0.331835	0.351658	0.343426	0.341088	0.339986	0.339093	0.340492	0.365528	0.361726	0.364978	0.364831	0.393851	0.370386	0.410593	0.424169	0.407016	0.423836	0.420182	0.423599	0.289723	0.29348	0.292229	0	0.248442	0.246074	0.341947	0.342421	0.351233	0.342299	0.343688	0.342964	0.406027	0.413691	0.437998	0.412273	0.410912	0.415818	0.477226	0.46713	0.486998	0.419519	0.472554	0.425504	0.408318	0.408196	0.408028	0.40956	0.422728	0.409025	0.451574	0.416727	0.416712	0.449533	0.449508	0.417178	0.397606	0.351724	0.360124	0.385596	0.354945	0.359317	0.470026	0.470852	0.465243	0.478634	0.470783	0.472416	0.435058	0.435028	0.512294	0.428728	0.507	0.501159	0.480353	0.469986	0.478143	0.46553	0.431858	0.423897
ERR622173	0.412737	0.42408	0.428016	0.413168	0.424856	0.425604	0.345993	0.406889	0.506055	0.345375	0.344998	0.352063	0.380867	0.345052	0.329915	0.330063	0.348234	0.3315	0.347229	0.341886	0.339494	0.339715	0.339591	0.340517	0.362263	0.360376	0.361713	0.361664	0.385173	0.366047	0.408049	0.420502	0.406008	0.420254	0.416854	0.419682	0.279167	0.282355	0.281307	0.248442	0	0.249821	0.342652	0.343347	0.34603	0.343295	0.342109	0.340994	0.402867	0.409206	0.428937	0.407531	0.406202	0.410388	0.467004	0.457362	0.476107	0.41576	0.462644	0.419784	0.406871	0.407245	0.408144	0.407641	0.416488	0.407624	0.441426	0.413383	0.413192	0.439519	0.43965	0.413744	0.385522	0.346994	0.352713	0.374684	0.349036	0.352029	0.470166	0.469734	0.466059	0.475468	0.470706	0.471457	0.432432	0.432366	0.501748	0.428395	0.496495	0.491195	0.470218	0.460996	0.468329	0.456682	0.426644	0.42099
ERR622174	0.41424	0.430771	0.437028	0.415103	0.433236	0.43467	0.349344	0.418946	0.52393	0.348278	0.347367	0.35197	0.399116	0.357776	0.330204	0.334239	0.361625	0.336074	0.356977	0.348796	0.344656	0.344801	0.343715	0.345144	0.367548	0.362443	0.367346	0.366819	0.396603	0.372512	0.414065	0.429944	0.410042	0.429581	0.425387	0.429445	0.288207	0.291862	0.29085	0.246074	0.249821	0	0.346124	0.346743	0.355766	0.346066	0.34837	0.34587	0.409176	0.41801	0.442644	0.416223	0.415047	0.419978	0.478454	0.46788	0.490624	0.418574	0.473508	0.425753	0.409545	0.409134	0.40806	0.410582	0.424458	0.410599	0.453733	0.419469	0.419342	0.45152	0.451665	0.419848	0.40339	0.357355	0.364509	0.391242	0.360216	0.363703	0.467042	0.469217	0.462764	0.477693	0.467819	0.46946	0.43514	0.434887	0.513242	0.427082	0.508194	0.502339	0.481712	0.470025	0.478278	0.465578	0.432597	0.423141
ERR636946	0.495685	0.50963	0.510111	0.496599	0.507454	0.507827	0.3838	0.445187	0.526518	0.382137	0.383007	0.395161	0.390847	0.354645	0.344616	0.341776	0.35841	0.34286	0.269846	0.262617	0.262413	0.259924	0.259578	0.259944	0.312826	0.311963	0.310616	0.312279	0.345501	0.318569	0.45545	0.462931	0.45533	0.462637	0.460344	0.462442	0.377316	0.378488	0.378632	0.341947	0.342652	0.346124	0	0.238894	0.252849	0.239171	0.242505	0.243903	0.461166	0.465073	0.489359	0.46535	0.463822	0.46866	0.55305	0.543992	0.554425	0.499777	0.549042	0.504088	0.471726	0.472294	0.472848	0.47384	0.487667	0.471413	0.515976	0.475317	0.475402	0.513454	0.513718	0.476512	0.349779	0.29952	0.311379	0.337584	0.303336	0.31033	0.554978	0.554768	0.548432	0.562341	0.556187	0.558149	0.513234	0.513175	0.588199	0.506941	0.582454	0.577607	0.550781	0.545954	0.552784	0.541409	0.504496	0.497576
ERR636947	0.496084	0.510087	0.510543	0.497028	0.507798	0.508251	0.384545	0.44614	0.527193	0.382895	0.383618	0.396089	0.391679	0.355298	0.345015	0.342067	0.359219	0.343139	0.270234	0.262673	0.262773	0.259972	0.259566	0.259843	0.313123	0.312287	0.310986	0.312772	0.345948	0.319042	0.455576	0.46296	0.455495	0.462625	0.460461	0.462522	0.37825	0.379535	0.379616	0.342421	0.343347	0.346743	0.238894	0	0.253349	0.239154	0.242729	0.244424	0.461343	0.465341	0.489764	0.465551	0.464123	0.468879	0.553769	0.544749	0.554888	0.500204	0.549779	0.504612	0.471934	0.472641	0.473198	0.474031	0.487959	0.471601	0.516593	0.475736	0.475799	0.513966	0.514228	0.476833	0.350271	0.299945	0.312227	0.3384	0.304081	0.311141	0.555298	0.554969	0.548599	0.562688	0.556546	0.558515	0.513437	0.513417	0.588714	0.507148	0.582894	0.578051	0.551205	0.546356	0.553215	0.541901	0.504638	0.497655
ERR636943	0.496524	0.50516	0.504921	0.496753	0.502849	0.502669	0.393442	0.436268	0.510759	0.39317	0.393992	0.404368	0.361861	0.339418	0.354165	0.346552	0.341319	0.347755	0.259198	0.2628	0.262595	0.267001	0.269928	0.268061	0.310522	0.314023	0.308577	0.310472	0.326854	0.312123	0.451321	0.454886	0.454104	0.454784	0.453883	0.454292	0.367355	0.367566	0.367574	0.351233	0.34603	0.355766	0.252849	0.253349	0	0.254612	0.243857	0.244043	0.454732	0.456033	0.470745	0.455839	0.454668	0.457102	0.542001	0.534007	0.542679	0.499315	0.538667	0.501346	0.469608	0.471395	0.473817	0.470723	0.477015	0.469755	0.50081	0.471047	0.470847	0.498184	0.498776	0.471893	0.317805	0.287056	0.290979	0.308955	0.288713	0.290889	0.565194	0.563283	0.559604	0.567825	0.565938	0.566629	0.514228	0.514189	0.577254	0.511399	0.571739	0.567601	0.54003	0.53682	0.542649	0.532692	0.502075	0.498608
