	ERR607649	ERR607646	ERR607645	ERR607648	ERR607650	ERR607647	ERR617232	ERR617231	ERR617230	ERR617229	ERR617228	ERR617227	ERR617515	ERR617512	ERR617514	ERR617511	ERR617516	ERR617513	ERR607785	ERR607781	ERR607783	ERR607784	ERR607786	ERR607782	ERR637031	ERR637027	ERR637030	ERR637029	ERR637028	ERR637032	ERR626425	ERR626424	ERR626428	ERR626427	ERR626426	ERR626423	ERR617127	ERR617130	ERR617125	ERR617129	ERR617128	ERR617126	ERR630257	ERR630259	ERR630255	ERR630258	ERR630254	ERR630256	ERR611384	ERR611380	ERR611382	ERR611381	ERR611383	ERR611379	ERR618579	ERR618583	ERR618582	ERR618581	ERR618580	ERR618584	ERR616153	ERR616148	ERR616152	ERR616150	ERR616151	ERR616149	ERR622045	ERR622047	ERR622046	ERR622049	ERR622050	ERR622048	ERR607599	ERR607601	ERR607598	ERR607597	ERR607600	ERR607602	ERR616857	ERR616858	ERR616854	ERR616855	ERR616853	ERR616856	ERR609235	ERR609240	ERR609238	ERR609237	ERR609239	ERR609236	ERR618596	ERR618593	ERR618594	ERR618595	ERR618592	ERR618591
ERR607649	5.00019e+08	3.70581e+08	3.34846e+08	3.56722e+08	3.51652e+08	3.49474e+08	2.04818e+08	2.2095e+08	2.10648e+08	2.65233e+08	2.63309e+08	2.41237e+08	2.65777e+08	2.28234e+08	2.60314e+08	2.25399e+08	2.47101e+08	2.28857e+08	3.22176e+08	3.25078e+08	3.26401e+08	2.61301e+08	3.25675e+08	2.71814e+08	3.61408e+08	3.31612e+08	2.97887e+08	3.34951e+08	2.74617e+08	3.51425e+08	2.80803e+08	2.76884e+08	3.00406e+08	2.10477e+08	2.1339e+08	3.06744e+08	2.50028e+08	2.25346e+08	2.36462e+08	2.88897e+08	2.85499e+08	2.51037e+08	1.4153e+08	1.35701e+08	1.73135e+08	1.52669e+08	1.99832e+08	1.5966e+08	1.33068e+08	1.36452e+08	1.21187e+08	1.48209e+08	1.3383e+08	1.38279e+08	2.08466e+08	1.78953e+08	1.93603e+08	1.95779e+08	1.91442e+08	1.78584e+08	2.08653e+08	1.58416e+08	2.03045e+08	1.51382e+08	2.02579e+08	1.75152e+08	1.53348e+08	1.36443e+08	1.37611e+08	1.67441e+08	1.73221e+08	1.68549e+08	1.81592e+08	2.14475e+08	1.78517e+08	2.12826e+08	2.14009e+08	2.152e+08	1.61174e+08	1.62558e+08	1.87241e+08	2.07125e+08	1.87953e+08	1.59166e+08	2.07638e+08	2.14158e+08	1.63569e+08	1.9311e+08	2.15228e+08	2.04859e+08	1.9012e+08	2.04293e+08	2.05142e+08	1.89949e+08	1.98951e+08	2.14093e+08
ERR607646	3.70581e+08	5.37361e+08	3.49402e+08	3.70126e+08	3.64956e+08	3.64514e+08	2.13441e+08	2.30424e+08	2.1966e+08	2.76617e+08	2.74564e+08	2.51288e+08	2.77111e+08	2.37747e+08	2.71405e+08	2.34848e+08	2.57574e+08	2.38429e+08	3.35281e+08	3.38442e+08	3.39996e+08	2.71712e+08	3.38988e+08	2.82681e+08	3.76673e+08	3.45539e+08	3.10111e+08	3.4909e+08	2.85733e+08	3.66116e+08	2.92526e+08	2.88178e+08	3.12804e+08	2.18959e+08	2.21994e+08	3.19421e+08	2.60809e+08	2.34877e+08	2.46485e+08	3.01637e+08	2.97911e+08	2.6188e+08	1.48488e+08	1.42529e+08	1.81867e+08	1.60376e+08	2.09793e+08	1.67769e+08	1.39816e+08	1.43374e+08	1.2718e+08	1.55616e+08	1.40416e+08	1.45334e+08	2.18873e+08	1.87975e+08	2.03307e+08	2.05621e+08	2.0109e+08	1.87588e+08	2.19019e+08	1.66278e+08	2.13219e+08	1.58904e+08	2.12548e+08	1.83836e+08	1.60997e+08	1.43275e+08	1.44502e+08	1.75819e+08	1.81799e+08	1.7696e+08	1.89801e+08	2.24218e+08	1.86557e+08	2.22501e+08	2.23653e+08	2.24842e+08	1.69349e+08	1.70834e+08	1.96673e+08	2.17696e+08	1.9737e+08	1.67152e+08	2.17024e+08	2.23798e+08	1.71154e+08	2.01905e+08	2.25023e+08	2.14109e+08	1.99591e+08	2.14614e+08	2.15361e+08	1.99473e+08	2.08777e+08	2.2476e+08
ERR607645	3.34846e+08	3.49402e+08	4.49786e+08	3.34434e+08	3.29776e+08	3.29819e+08	1.93207e+08	2.0774e+08	1.98001e+08	2.49146e+08	2.47296e+08	2.26856e+08	2.49548e+08	2.14334e+08	2.44439e+08	2.12106e+08	2.32101e+08	2.14982e+08	3.03601e+08	3.06236e+08	3.07583e+08	2.46851e+08	3.06825e+08	2.56755e+08	3.40151e+08	3.12178e+08	2.80625e+08	3.15429e+08	2.59199e+08	3.3076e+08	2.64215e+08	2.60636e+08	2.82512e+08	1.98008e+08	2.00831e+08	2.88623e+08	2.34455e+08	2.11957e+08	2.21906e+08	2.70867e+08	2.6742e+08	2.35501e+08	1.32309e+08	1.27021e+08	1.6207e+08	1.42852e+08	1.86917e+08	1.49378e+08	1.24576e+08	1.2747e+08	1.1348e+08	1.3842e+08	1.25052e+08	1.29226e+08	1.94709e+08	1.66927e+08	1.80677e+08	1.82953e+08	1.78968e+08	1.66589e+08	1.94463e+08	1.47543e+08	1.89265e+08	1.40762e+08	1.88612e+08	1.63009e+08	1.43166e+08	1.27485e+08	1.28544e+08	1.56216e+08	1.61609e+08	1.57195e+08	1.70734e+08	2.01495e+08	1.67944e+08	1.9987e+08	2.01042e+08	2.02209e+08	1.51061e+08	1.52351e+08	1.74963e+08	1.938e+08	1.75952e+08	1.49135e+08	1.9496e+08	2.01067e+08	1.53671e+08	1.81609e+08	2.02296e+08	1.92504e+08	1.77367e+08	1.90809e+08	1.91305e+08	1.77045e+08	1.85838e+08	1.99997e+08
ERR607648	3.56722e+08	3.70126e+08	3.34434e+08	4.98805e+08	3.51461e+08	3.49135e+08	2.04574e+08	2.20882e+08	2.10522e+08	2.64936e+08	2.62951e+08	2.40931e+08	2.65712e+08	2.27944e+08	2.60293e+08	2.25228e+08	2.46978e+08	2.2863e+08	3.21889e+08	3.24812e+08	3.26203e+08	2.61274e+08	3.25491e+08	2.71624e+08	3.61359e+08	3.31483e+08	2.97739e+08	3.34842e+08	2.74485e+08	3.51246e+08	2.80436e+08	2.76466e+08	3.00031e+08	2.10165e+08	2.13219e+08	3.06444e+08	2.49918e+08	2.25057e+08	2.36219e+08	2.88893e+08	2.85324e+08	2.5088e+08	1.41286e+08	1.35441e+08	1.72953e+08	1.5239e+08	1.99557e+08	1.59362e+08	1.32997e+08	1.36415e+08	1.20904e+08	1.48016e+08	1.33585e+08	1.38215e+08	2.08151e+08	1.78762e+08	1.93386e+08	1.95644e+08	1.91211e+08	1.78453e+08	2.08693e+08	1.58421e+08	2.03018e+08	1.51376e+08	2.0242e+08	1.7503e+08	1.53308e+08	1.3632e+08	1.37552e+08	1.67319e+08	1.73065e+08	1.68353e+08	1.81384e+08	2.14219e+08	1.78261e+08	2.12579e+08	2.13786e+08	2.14937e+08	1.61048e+08	1.62479e+08	1.8698e+08	2.07141e+08	1.87698e+08	1.58989e+08	2.07303e+08	2.13848e+08	1.63467e+08	1.92846e+08	2.14922e+08	2.04479e+08	1.89989e+08	2.04089e+08	2.04861e+08	1.89859e+08	1.9865e+08	2.13723e+08
ERR607650	3.51652e+08	3.64956e+08	3.29776e+08	3.51461e+08	4.86892e+08	3.44239e+08	2.0173e+08	2.17725e+08	2.07583e+08	2.61211e+08	2.59411e+08	2.37609e+08	2.61852e+08	2.24666e+08	2.56526e+08	2.21952e+08	2.43272e+08	2.25242e+08	3.17387e+08	3.20364e+08	3.21742e+08	2.57747e+08	3.20778e+08	2.67875e+08	3.55847e+08	3.26559e+08	2.93395e+08	3.29933e+08	2.70303e+08	3.45999e+08	2.76748e+08	2.72833e+08	2.95841e+08	2.07435e+08	2.10397e+08	3.02172e+08	2.45923e+08	2.2149e+08	2.32464e+08	2.84253e+08	2.80786e+08	2.46734e+08	1.38993e+08	1.33208e+08	1.70128e+08	1.49979e+08	1.96346e+08	1.56804e+08	1.30759e+08	1.34215e+08	1.18929e+08	1.45667e+08	1.31404e+08	1.36007e+08	2.04725e+08	1.75849e+08	1.90237e+08	1.92403e+08	1.87963e+08	1.75467e+08	2.05201e+08	1.55803e+08	1.99593e+08	1.48914e+08	1.99091e+08	1.7213e+08	1.5088e+08	1.34148e+08	1.35371e+08	1.6465e+08	1.7033e+08	1.65642e+08	1.78806e+08	2.11183e+08	1.75708e+08	2.09472e+08	2.10649e+08	2.11982e+08	1.58451e+08	1.59749e+08	1.83943e+08	2.03625e+08	1.84651e+08	1.56399e+08	2.04346e+08	2.10711e+08	1.60975e+08	1.90027e+08	2.11824e+08	2.01486e+08	1.86729e+08	2.00701e+08	2.01527e+08	1.86666e+08	1.95448e+08	2.10397e+08
ERR607647	3.49474e+08	3.64514e+08	3.29819e+08	3.49135e+08	3.44239e+08	4.84799e+08	2.01772e+08	2.16929e+08	2.0691e+08	2.60296e+08	2.58362e+08	2.36999e+08	2.60411e+08	2.2363e+08	2.55217e+08	2.21322e+08	2.42523e+08	2.24329e+08	3.16702e+08	3.19286e+08	3.20829e+08	2.57124e+08	3.19949e+08	2.67523e+08	3.55494e+08	3.26037e+08	2.92987e+08	3.29172e+08	2.70267e+08	3.45416e+08	2.75953e+08	2.72112e+08	2.9494e+08	2.06541e+08	2.09506e+08	3.01331e+08	2.45059e+08	2.21424e+08	2.32044e+08	2.83088e+08	2.79564e+08	2.46015e+08	1.38954e+08	1.33464e+08	1.70116e+08	1.49951e+08	1.96265e+08	1.56757e+08	1.30765e+08	1.33649e+08	1.19282e+08	1.45188e+08	1.31292e+08	1.35608e+08	2.04306e+08	1.75232e+08	1.89578e+08	1.92023e+08	1.8776e+08	1.74954e+08	2.0389e+08	1.54716e+08	1.98512e+08	1.47483e+08	1.97807e+08	1.70909e+08	1.50305e+08	1.33738e+08	1.3484e+08	1.63919e+08	1.69626e+08	1.65034e+08	1.78355e+08	2.105e+08	1.75424e+08	2.08919e+08	2.10086e+08	2.11263e+08	1.58561e+08	1.59942e+08	1.83587e+08	2.0328e+08	1.84647e+08	1.56523e+08	2.03998e+08	2.10502e+08	1.60661e+08	1.89959e+08	2.11664e+08	2.01392e+08	1.86068e+08	2.00283e+08	2.00716e+08	1.85887e+08	1.95157e+08	2.0972e+08
ERR617232	2.04818e+08	2.13441e+08	1.93207e+08	2.04574e+08	2.0173e+08	2.01772e+08	2.63661e+08	1.762e+08	1.68407e+08	2.09731e+08	2.08504e+08	1.92589e+08	1.76226e+08	1.51784e+08	1.72768e+08	1.51075e+08	1.6486e+08	1.52582e+08	1.97606e+08	1.98775e+08	1.99438e+08	1.58556e+08	1.99762e+08	1.65991e+08	2.35819e+08	2.15336e+08	1.93892e+08	2.17589e+08	1.79169e+08	2.28989e+08	1.93729e+08	1.91281e+08	2.07206e+08	1.44792e+08	1.46744e+08	2.11637e+08	1.63738e+08	1.49808e+08	1.55467e+08	1.89011e+08	1.86364e+08	1.64261e+08	9.89151e+07	9.53736e+07	1.21367e+08	1.06539e+08	1.39511e+08	1.11448e+08	9.34684e+07	9.44974e+07	8.58629e+07	1.02569e+08	9.38729e+07	9.61913e+07	1.44453e+08	1.23117e+08	1.33361e+08	1.35785e+08	1.3319e+08	1.22932e+08	1.43128e+08	1.08341e+08	1.39583e+08	1.02589e+08	1.3887e+08	1.19476e+08	1.06671e+08	9.51105e+07	9.60868e+07	1.16373e+08	1.20271e+08	1.16898e+08	1.20356e+08	1.42038e+08	1.18777e+08	1.41036e+08	1.41897e+08	1.4258e+08	1.13797e+08	1.14725e+08	1.30289e+08	1.44539e+08	1.31725e+08	1.12434e+08	1.39491e+08	1.44223e+08	1.09857e+08	1.30619e+08	1.44938e+08	1.37984e+08	1.30546e+08	1.41354e+08	1.4099e+08	1.30368e+08	1.38033e+08	1.47964e+08
ERR617231	2.2095e+08	2.30424e+08	2.0774e+08	2.20882e+08	2.17725e+08	2.16929e+08	1.762e+08	2.96518e+08	1.8191e+08	2.26859e+08	2.25347e+08	2.06633e+08	1.91239e+08	1.6441e+08	1.87408e+08	1.62396e+08	1.77858e+08	1.65113e+08	2.12318e+08	2.14718e+08	2.15523e+08	1.70402e+08	2.14802e+08	1.77764e+08	2.52445e+08	2.31255e+08	2.07246e+08	2.3366e+08	1.91002e+08	2.4514e+08	2.08553e+08	2.05613e+08	2.23073e+08	1.56351e+08	1.58525e+08	2.2791e+08	1.78296e+08	1.59773e+08	1.67954e+08	2.05768e+08	2.02985e+08	1.78565e+08	1.06629e+08	1.02234e+08	1.306e+08	1.14888e+08	1.50596e+08	1.20418e+08	1.00642e+08	1.03057e+08	9.16073e+07	1.1185e+08	1.01188e+08	1.04595e+08	1.56975e+08	1.34614e+08	1.45758e+08	1.47521e+08	1.44189e+08	1.34458e+08	1.5784e+08	1.19944e+08	1.53685e+08	1.14575e+08	1.53252e+08	1.32625e+08	1.16577e+08	1.03821e+08	1.04629e+08	1.271e+08	1.31565e+08	1.28005e+08	1.30304e+08	1.53887e+08	1.27984e+08	1.52628e+08	1.53668e+08	1.54518e+08	1.22124e+08	1.23158e+08	1.41581e+08	1.56695e+08	1.42193e+08	1.20569e+08	1.50131e+08	1.54869e+08	1.18494e+08	1.3964e+08	1.55757e+08	1.48323e+08	1.4293e+08	1.53691e+08	1.54243e+08	1.42852e+08	1.49687e+08	1.61022e+08
ERR617230	2.10648e+08	2.1966e+08	1.98001e+08	2.10522e+08	2.07583e+08	2.0691e+08	1.68407e+08	1.8191e+08	2.74929e+08	2.1667e+08	2.15256e+08	1.9739e+08	1.82256e+08	1.56688e+08	1.78679e+08	1.54881e+08	1.69598e+08	1.57354e+08	2.02447e+08	2.04503e+08	2.05347e+08	1.6236e+08	2.04521e+08	1.69489e+08	2.40326e+08	2.20171e+08	1.97422e+08	2.22565e+08	1.81935e+08	2.33428e+08	1.99215e+08	1.96396e+08	2.13052e+08	1.49604e+08	1.51538e+08	2.17547e+08	1.6989e+08	1.5221e+08	1.60049e+08	1.95934e+08	1.9344e+08	1.70054e+08	1.01384e+08	9.72195e+07	1.24192e+08	1.0932e+08	1.43214e+08	1.14369e+08	9.57128e+07	9.80007e+07	8.70482e+07	1.06408e+08	9.61771e+07	9.9401e+07	1.49148e+08	1.28036e+08	1.38556e+08	1.40131e+08	1.37125e+08	1.27801e+08	1.50092e+08	1.14129e+08	1.46104e+08	1.08926e+08	1.45715e+08	1.25979e+08	1.10812e+08	9.86978e+07	9.95527e+07	1.20891e+08	1.24995e+08	1.21646e+08	1.23729e+08	1.46029e+08	1.21548e+08	1.44932e+08	1.45931e+08	1.4679e+08	1.16054e+08	1.17134e+08	1.34554e+08	1.48916e+08	1.3533e+08	1.14673e+08	1.42702e+08	1.47128e+08	1.12429e+08	1.3258e+08	1.47857e+08	1.40904e+08	1.35849e+08	1.46079e+08	1.46582e+08	1.35826e+08	1.42319e+08	1.53026e+08
ERR617229	2.65233e+08	2.76617e+08	2.49146e+08	2.64936e+08	2.61211e+08	2.60296e+08	2.09731e+08	2.26859e+08	2.1667e+08	4.02611e+08	2.70553e+08	2.47585e+08	2.29078e+08	1.96691e+08	2.24604e+08	1.94268e+08	2.1302e+08	1.97593e+08	2.54946e+08	2.57587e+08	2.58628e+08	2.04167e+08	2.5766e+08	2.12986e+08	3.03062e+08	2.77671e+08	2.48686e+08	2.805e+08	2.29088e+08	2.9441e+08	2.50008e+08	2.46422e+08	2.67742e+08	1.8706e+08	1.89584e+08	2.73479e+08	2.13757e+08	1.91401e+08	2.01175e+08	2.46776e+08	2.43675e+08	2.14138e+08	1.28589e+08	1.23122e+08	1.57472e+08	1.38644e+08	1.8167e+08	1.45053e+08	1.21343e+08	1.24333e+08	1.10319e+08	1.3495e+08	1.21873e+08	1.26047e+08	1.89379e+08	1.62557e+08	1.7592e+08	1.77942e+08	1.7396e+08	1.62233e+08	1.90698e+08	1.44637e+08	1.85404e+08	1.38207e+08	1.85031e+08	1.59891e+08	1.40663e+08	1.25091e+08	1.26301e+08	1.53377e+08	1.58549e+08	1.54281e+08	1.56896e+08	1.85546e+08	1.54182e+08	1.83941e+08	1.85254e+08	1.86355e+08	1.47302e+08	1.48594e+08	1.70783e+08	1.89066e+08	1.71541e+08	1.45453e+08	1.80897e+08	1.8658e+08	1.4273e+08	1.68051e+08	1.8752e+08	1.78551e+08	1.72489e+08	1.85327e+08	1.86111e+08	1.72438e+08	1.80565e+08	1.94272e+08
ERR617228	2.63309e+08	2.74564e+08	2.47296e+08	2.62951e+08	2.59411e+08	2.58362e+08	2.08504e+08	2.25347e+08	2.15256e+08	2.70553e+08	3.9852e+08	2.45947e+08	2.27545e+08	1.95381e+08	2.23033e+08	1.93036e+08	2.11674e+08	1.96117e+08	2.53083e+08	2.55823e+08	2.56918e+08	2.02698e+08	2.56015e+08	2.11549e+08	3.01247e+08	2.75829e+08	2.47175e+08	2.78713e+08	2.27551e+08	2.92519e+08	2.4825e+08	2.44572e+08	2.65809e+08	1.8564e+08	1.88234e+08	2.71478e+08	2.12206e+08	1.90203e+08	1.99918e+08	2.45269e+08	2.42002e+08	2.12741e+08	1.27905e+08	1.2267e+08	1.56597e+08	1.37814e+08	1.80582e+08	1.4428e+08	1.20537e+08	1.2349e+08	1.09767e+08	1.34098e+08	1.21153e+08	1.25225e+08	1.88211e+08	1.61369e+08	1.7473e+08	1.768e+08	1.72927e+08	1.61206e+08	1.8907e+08	1.43449e+08	1.83958e+08	1.36939e+08	1.83431e+08	1.58575e+08	1.39577e+08	1.24265e+08	1.2534e+08	1.52301e+08	1.57473e+08	1.53246e+08	1.55837e+08	1.8412e+08	1.53133e+08	1.82627e+08	1.83973e+08	1.84993e+08	1.46474e+08	1.47691e+08	1.69624e+08	1.87756e+08	1.70454e+08	1.44595e+08	1.79794e+08	1.85414e+08	1.41758e+08	1.67115e+08	1.86384e+08	1.77496e+08	1.71276e+08	1.84233e+08	1.84826e+08	1.71238e+08	1.79388e+08	1.93024e+08
ERR617227	2.41237e+08	2.51288e+08	2.26856e+08	2.40931e+08	2.37609e+08	2.36999e+08	1.92589e+08	2.06633e+08	1.9739e+08	2.47585e+08	2.45947e+08	3.44079e+08	2.07779e+08	1.78626e+08	2.0366e+08	1.76958e+08	1.93718e+08	1.79356e+08	2.32218e+08	2.34256e+08	2.35115e+08	1.86013e+08	2.34577e+08	1.94422e+08	2.76539e+08	2.53002e+08	2.27083e+08	2.55653e+08	2.09516e+08	2.68646e+08	2.27769e+08	2.2478e+08	2.43623e+08	1.70219e+08	1.72559e+08	2.49086e+08	1.93527e+08	1.74755e+08	1.8309e+08	2.23554e+08	2.20527e+08	1.94095e+08	1.17163e+08	1.12575e+08	1.43531e+08	1.26243e+08	1.65359e+08	1.32215e+08	1.10421e+08	1.12579e+08	1.0095e+08	1.22182e+08	1.10968e+08	1.143e+08	1.71845e+08	1.46932e+08	1.59038e+08	1.61438e+08	1.57955e+08	1.46587e+08	1.71241e+08	1.29895e+08	1.66861e+08	1.23619e+08	1.66183e+08	1.43508e+08	1.27108e+08	1.13218e+08	1.14275e+08	1.38604e+08	1.43338e+08	1.39424e+08	1.42457e+08	1.68288e+08	1.40132e+08	1.67001e+08	1.68093e+08	1.68951e+08	1.34244e+08	1.35391e+08	1.54825e+08	1.71527e+08	1.56014e+08	1.32626e+08	1.64848e+08	1.7019e+08	1.29831e+08	1.53555e+08	1.71043e+08	1.62845e+08	1.55845e+08	1.68077e+08	1.68131e+08	1.55749e+08	1.63874e+08	1.76057e+08
ERR617515	2.65777e+08	2.77111e+08	2.49548e+08	2.65712e+08	2.61852e+08	2.60411e+08	1.76226e+08	1.91239e+08	1.82256e+08	2.29078e+08	2.27545e+08	2.07779e+08	3.85637e+08	2.21628e+08	2.53991e+08	2.18459e+08	2.40571e+08	2.22599e+08	2.6006e+08	2.62626e+08	2.64098e+08	2.08549e+08	2.63085e+08	2.17654e+08	3.02223e+08	2.77134e+08	2.48395e+08	2.79969e+08	2.28517e+08	2.9371e+08	2.26954e+08	2.2357e+08	2.42835e+08	1.69813e+08	1.72158e+08	2.48174e+08	2.19981e+08	1.96564e+08	2.07255e+08	2.5408e+08	2.50936e+08	2.20708e+08	1.26414e+08	1.21066e+08	1.54925e+08	1.36323e+08	1.78492e+08	1.42746e+08	1.19505e+08	1.22581e+08	1.08525e+08	1.33157e+08	1.19999e+08	1.24186e+08	1.88053e+08	1.61832e+08	1.75049e+08	1.76623e+08	1.72512e+08	1.61498e+08	1.92153e+08	1.4588e+08	1.86857e+08	1.39989e+08	1.86418e+08	1.61349e+08	1.37738e+08	1.22648e+08	1.23648e+08	1.50442e+08	1.55558e+08	1.51448e+08	1.54159e+08	1.82356e+08	1.51488e+08	1.80697e+08	1.8207e+08	1.831e+08	1.44714e+08	1.46091e+08	1.68277e+08	1.86221e+08	1.68882e+08	1.42935e+08	1.77649e+08	1.83093e+08	1.40114e+08	1.64974e+08	1.84072e+08	1.7539e+08	1.72267e+08	1.8483e+08	1.85783e+08	1.72088e+08	1.79632e+08	1.93631e+08
ERR617512	2.28234e+08	2.37747e+08	2.14334e+08	2.27944e+08	2.24666e+08	2.2363e+08	1.51784e+08	1.6441e+08	1.56688e+08	1.96691e+08	1.95381e+08	1.78626e+08	2.21628e+08	2.99206e+08	2.17215e+08	1.88753e+08	2.06066e+08	1.92368e+08	2.23433e+08	2.25535e+08	2.2668e+08	1.79651e+08	2.26095e+08	1.87537e+08	2.58973e+08	2.3761e+08	2.13298e+08	2.39943e+08	1.96417e+08	2.5181e+08	1.95173e+08	1.9226e+08	2.08606e+08	1.46424e+08	1.48329e+08	2.13062e+08	1.88758e+08	1.69076e+08	1.77947e+08	2.17487e+08	2.14729e+08	1.89339e+08	1.07497e+08	1.03134e+08	1.31817e+08	1.16037e+08	1.51906e+08	1.21368e+08	1.01724e+08	1.04304e+08	9.24388e+07	1.13157e+08	1.02177e+08	1.0576e+08	1.5989e+08	1.3741e+08	1.48715e+08	1.50215e+08	1.46698e+08	1.37195e+08	1.63074e+08	1.23786e+08	1.58689e+08	1.18587e+08	1.58212e+08	1.36951e+08	1.17153e+08	1.04259e+08	1.05212e+08	1.27896e+08	1.32273e+08	1.28674e+08	1.31088e+08	1.55064e+08	1.28872e+08	1.53707e+08	1.5488e+08	1.55675e+08	1.2329e+08	1.24318e+08	1.43041e+08	1.58442e+08	1.437e+08	1.21851e+08	1.51188e+08	1.56079e+08	1.19341e+08	1.40538e+08	1.56843e+08	1.49271e+08	1.46231e+08	1.56988e+08	1.57734e+08	1.46065e+08	1.52747e+08	1.64434e+08
ERR617514	2.60314e+08	2.71405e+08	2.44439e+08	2.60293e+08	2.56526e+08	2.55217e+08	1.72768e+08	1.87408e+08	1.78679e+08	2.24604e+08	2.23033e+08	2.0366e+08	2.53991e+08	2.17215e+08	3.72692e+08	2.13985e+08	2.35778e+08	2.18062e+08	2.54845e+08	2.57347e+08	2.58712e+08	2.04596e+08	2.57772e+08	2.13402e+08	2.95868e+08	2.71377e+08	2.43387e+08	2.74235e+08	2.23859e+08	2.87608e+08	2.22446e+08	2.19235e+08	2.38026e+08	1.6649e+08	1.68723e+08	2.43218e+08	2.15687e+08	1.92823e+08	2.03233e+08	2.48987e+08	2.45804e+08	2.16345e+08	1.23976e+08	1.1878e+08	1.51855e+08	1.33707e+08	1.75158e+08	1.39837e+08	1.16988e+08	1.20025e+08	1.06303e+08	1.30288e+08	1.17454e+08	1.21601e+08	1.84241e+08	1.58474e+08	1.71466e+08	1.73067e+08	1.6887e+08	1.58103e+08	1.88059e+08	1.42718e+08	1.82794e+08	1.36873e+08	1.82543e+08	1.57908e+08	1.34983e+08	1.20118e+08	1.21161e+08	1.47356e+08	1.52366e+08	1.48343e+08	1.50709e+08	1.78299e+08	1.48093e+08	1.76749e+08	1.7823e+08	1.79109e+08	1.41845e+08	1.43121e+08	1.64897e+08	1.82487e+08	1.65436e+08	1.40088e+08	1.73908e+08	1.79345e+08	1.37138e+08	1.61393e+08	1.80229e+08	1.71539e+08	1.68645e+08	1.81013e+08	1.81899e+08	1.68372e+08	1.75931e+08	1.89454e+08
ERR617511	2.25399e+08	2.34848e+08	2.12106e+08	2.25228e+08	2.21952e+08	2.21322e+08	1.51075e+08	1.62396e+08	1.54881e+08	1.94268e+08	1.93036e+08	1.76958e+08	2.18459e+08	1.88753e+08	2.13985e+08	2.93501e+08	2.0332e+08	1.89551e+08	2.21121e+08	2.22861e+08	2.23942e+08	1.77786e+08	2.23528e+08	1.85696e+08	2.56961e+08	2.3554e+08	2.11659e+08	2.38016e+08	1.95227e+08	2.49825e+08	1.92996e+08	1.90128e+08	2.06112e+08	1.44389e+08	1.46357e+08	2.10716e+08	1.85952e+08	1.67789e+08	1.75983e+08	2.14415e+08	2.11613e+08	1.86648e+08	1.06776e+08	1.02553e+08	1.30817e+08	1.15014e+08	1.50667e+08	1.2047e+08	1.00758e+08	1.02998e+08	9.20571e+07	1.11711e+08	1.01243e+08	1.04452e+08	1.57724e+08	1.35236e+08	1.46491e+08	1.48174e+08	1.45063e+08	1.35007e+08	1.59577e+08	1.2095e+08	1.55504e+08	1.15626e+08	1.54835e+08	1.33781e+08	1.15373e+08	1.0273e+08	1.03635e+08	1.25869e+08	1.30335e+08	1.26619e+08	1.29745e+08	1.53365e+08	1.2773e+08	1.52171e+08	1.53236e+08	1.54023e+08	1.22311e+08	1.23409e+08	1.41411e+08	1.56657e+08	1.42375e+08	1.20845e+08	1.50162e+08	1.55005e+08	1.18306e+08	1.39807e+08	1.55851e+08	1.48305e+08	1.43853e+08	1.55007e+08	1.55386e+08	1.43745e+08	1.50972e+08	1.62294e+08
ERR617516	2.47101e+08	2.57574e+08	2.32101e+08	2.46978e+08	2.43272e+08	2.42523e+08	1.6486e+08	1.77858e+08	1.69598e+08	2.1302e+08	2.11674e+08	1.93718e+08	2.40571e+08	2.06066e+08	2.35778e+08	2.0332e+08	3.40727e+08	2.0699e+08	2.42306e+08	2.44418e+08	2.4571e+08	1.9453e+08	2.45041e+08	2.0321e+08	2.81482e+08	2.5823e+08	2.31643e+08	2.60614e+08	2.13419e+08	2.73728e+08	2.11293e+08	2.08392e+08	2.26054e+08	1.58142e+08	1.60181e+08	2.31119e+08	2.04449e+08	1.83703e+08	1.93083e+08	2.3569e+08	2.32741e+08	2.05005e+08	1.17385e+08	1.12711e+08	1.43886e+08	1.26686e+08	1.65791e+08	1.32453e+08	1.10854e+08	1.13376e+08	1.01122e+08	1.23055e+08	1.11373e+08	1.15091e+08	1.73941e+08	1.49268e+08	1.61571e+08	1.63411e+08	1.5973e+08	1.48998e+08	1.76462e+08	1.3394e+08	1.71659e+08	1.28012e+08	1.712e+08	1.4797e+08	1.27142e+08	1.13167e+08	1.1421e+08	1.38877e+08	1.43523e+08	1.39712e+08	1.42821e+08	1.68907e+08	1.40503e+08	1.67368e+08	1.68743e+08	1.69567e+08	1.34504e+08	1.35718e+08	1.55823e+08	1.72551e+08	1.566e+08	1.32891e+08	1.64917e+08	1.70217e+08	1.30023e+08	1.53521e+08	1.71162e+08	1.62929e+08	1.58876e+08	1.70886e+08	1.71357e+08	1.58706e+08	1.66269e+08	1.79e+08
ERR617513	2.28857e+08	2.38429e+08	2.14982e+08	2.2863e+08	2.25242e+08	2.24329e+08	1.52582e+08	1.65113e+08	1.57354e+08	1.97593e+08	1.96117e+08	1.79356e+08	2.22599e+08	1.92368e+08	2.18062e+08	1.89551e+08	2.0699e+08	3.01912e+08	2.24068e+08	2.26127e+08	2.27346e+08	1.80209e+08	2.26802e+08	1.8792e+08	2.59886e+08	2.38418e+08	2.1402e+08	2.40703e+08	1.96936e+08	2.52715e+08	1.95829e+08	1.92931e+08	2.09283e+08	1.46906e+08	1.48875e+08	2.14002e+08	1.89568e+08	1.69823e+08	1.78824e+08	2.18475e+08	2.1568e+08	1.90137e+08	1.0816e+08	1.03696e+08	1.32553e+08	1.16755e+08	1.5277e+08	1.21997e+08	1.02401e+08	1.04911e+08	9.31631e+07	1.13922e+08	1.02787e+08	1.06375e+08	1.60686e+08	1.3816e+08	1.49466e+08	1.50907e+08	1.47457e+08	1.37848e+08	1.63883e+08	1.24459e+08	1.59416e+08	1.19245e+08	1.59231e+08	1.37593e+08	1.17714e+08	1.04721e+08	1.0563e+08	1.28484e+08	1.32907e+08	1.29282e+08	1.31419e+08	1.55572e+08	1.29279e+08	1.54298e+08	1.55429e+08	1.56243e+08	1.2413e+08	1.25199e+08	1.43982e+08	1.59446e+08	1.44529e+08	1.224e+08	1.5179e+08	1.56626e+08	1.19769e+08	1.40935e+08	1.57343e+08	1.50001e+08	1.47106e+08	1.57823e+08	1.58671e+08	1.469e+08	1.53627e+08	1.65495e+08
ERR607785	3.22176e+08	3.35281e+08	3.03601e+08	3.21889e+08	3.17387e+08	3.16702e+08	1.97606e+08	2.12318e+08	2.02447e+08	2.54946e+08	2.53083e+08	2.32218e+08	2.6006e+08	2.23433e+08	2.54845e+08	2.21121e+08	2.42306e+08	2.24068e+08	4.84477e+08	3.45964e+08	3.47445e+08	2.78387e+08	3.47317e+08	2.89262e+08	3.56492e+08	3.26935e+08	2.93248e+08	3.30037e+08	2.70448e+08	3.46533e+08	2.698e+08	2.66065e+08	2.88609e+08	2.01685e+08	2.04561e+08	2.95012e+08	2.45143e+08	2.21588e+08	2.3208e+08	2.82622e+08	2.79168e+08	2.45954e+08	1.40964e+08	1.35376e+08	1.72827e+08	1.52012e+08	1.99399e+08	1.59185e+08	1.33215e+08	1.35926e+08	1.21538e+08	1.47586e+08	1.33771e+08	1.38141e+08	2.09757e+08	1.7961e+08	1.9434e+08	1.97041e+08	1.92777e+08	1.79262e+08	2.06554e+08	1.56247e+08	2.01083e+08	1.48892e+08	2.00448e+08	1.72836e+08	1.5212e+08	1.35363e+08	1.36593e+08	1.6594e+08	1.71654e+08	1.66931e+08	1.82338e+08	2.15325e+08	1.79495e+08	2.13724e+08	2.14702e+08	2.15914e+08	1.61516e+08	1.62932e+08	1.86756e+08	2.06873e+08	1.87998e+08	1.59481e+08	2.09961e+08	2.1682e+08	1.65357e+08	1.95645e+08	2.17823e+08	2.07399e+08	1.8831e+08	2.0308e+08	2.03416e+08	1.88309e+08	1.97932e+08	2.12854e+08
ERR607781	3.25078e+08	3.38442e+08	3.06236e+08	3.24812e+08	3.20364e+08	3.19286e+08	1.98775e+08	2.14718e+08	2.04503e+08	2.57587e+08	2.55823e+08	2.34256e+08	2.62626e+08	2.25535e+08	2.57347e+08	2.22861e+08	2.44418e+08	2.26127e+08	3.45964e+08	4.93186e+08	3.52045e+08	2.80006e+08	3.49612e+08	2.92307e+08	3.59614e+08	3.30245e+08	2.95712e+08	3.33453e+08	2.72648e+08	3.49547e+08	2.72431e+08	2.68468e+08	2.91202e+08	2.03718e+08	2.06653e+08	2.9798e+08	2.47596e+08	2.22809e+08	2.34229e+08	2.85844e+08	2.82134e+08	2.4839e+08	1.42487e+08	1.36515e+08	1.74534e+08	1.53745e+08	2.01439e+08	1.60775e+08	1.34629e+08	1.37881e+08	1.22449e+08	1.49606e+08	1.35187e+08	1.39791e+08	2.12239e+08	1.82048e+08	1.96797e+08	1.99187e+08	1.94876e+08	1.81617e+08	2.09522e+08	1.58802e+08	2.03959e+08	1.51583e+08	2.03333e+08	1.7566e+08	1.54355e+08	1.37253e+08	1.38432e+08	1.68275e+08	1.7409e+08	1.69385e+08	1.84396e+08	2.17753e+08	1.81208e+08	2.16251e+08	2.17221e+08	2.184e+08	1.63094e+08	1.64576e+08	1.89192e+08	2.09541e+08	1.90166e+08	1.61023e+08	2.12075e+08	2.18736e+08	1.6706e+08	1.97303e+08	2.19823e+08	2.09293e+08	1.90979e+08	2.05364e+08	2.06071e+08	1.90957e+08	2.00093e+08	2.15452e+08
ERR607783	3.26401e+08	3.39996e+08	3.07583e+08	3.26203e+08	3.21742e+08	3.20829e+08	1.99438e+08	2.15523e+08	2.05347e+08	2.58628e+08	2.56918e+08	2.35115e+08	2.64098e+08	2.2668e+08	2.58712e+08	2.23942e+08	2.4571e+08	2.27346e+08	3.47445e+08	3.52045e+08	4.97311e+08	2.81223e+08	3.51096e+08	2.93538e+08	3.60887e+08	3.31436e+08	2.96773e+08	3.34604e+08	2.7354e+08	3.50801e+08	2.73332e+08	2.69437e+08	2.92451e+08	2.04509e+08	2.07502e+08	2.99106e+08	2.48775e+08	2.23784e+08	2.35099e+08	2.87037e+08	2.83475e+08	2.49654e+08	1.43138e+08	1.37208e+08	1.75304e+08	1.544e+08	2.0234e+08	1.61639e+08	1.35111e+08	1.38441e+08	1.22946e+08	1.50236e+08	1.35784e+08	1.40423e+08	2.13258e+08	1.82977e+08	1.97972e+08	2.00278e+08	1.95824e+08	1.82593e+08	2.10601e+08	1.59699e+08	2.05034e+08	1.52521e+08	2.04395e+08	1.76606e+08	1.54909e+08	1.37691e+08	1.39003e+08	1.69086e+08	1.74874e+08	1.7009e+08	1.85159e+08	2.18604e+08	1.81972e+08	2.17119e+08	2.18244e+08	2.19444e+08	1.6369e+08	1.65131e+08	1.90081e+08	2.10356e+08	1.90827e+08	1.61677e+08	2.12984e+08	2.19658e+08	1.67806e+08	1.9813e+08	2.20908e+08	2.10177e+08	1.91952e+08	2.06608e+08	2.07304e+08	1.91936e+08	2.01112e+08	2.16557e+08
ERR607784	2.61301e+08	2.71712e+08	2.46851e+08	2.61274e+08	2.57747e+08	2.57124e+08	1.58556e+08	1.70402e+08	1.6236e+08	2.04167e+08	2.02698e+08	1.86013e+08	2.08549e+08	1.79651e+08	2.04596e+08	1.77786e+08	1.9453e+08	1.80209e+08	2.78387e+08	2.80006e+08	2.81223e+08	3.37409e+08	2.81213e+08	2.35708e+08	2.86429e+08	2.63318e+08	2.36626e+08	2.65551e+08	2.18728e+08	2.78603e+08	2.18033e+08	2.14974e+08	2.32974e+08	1.63478e+08	1.65898e+08	2.379e+08	1.96687e+08	1.77911e+08	1.8623e+08	2.26322e+08	2.23662e+08	1.97332e+08	1.10415e+08	1.06003e+08	1.35261e+08	1.19024e+08	1.5597e+08	1.24556e+08	1.04301e+08	1.0658e+08	9.50975e+07	1.15586e+08	1.04816e+08	1.08105e+08	1.63883e+08	1.4054e+08	1.51979e+08	1.54036e+08	1.50707e+08	1.40365e+08	1.61759e+08	1.22591e+08	1.5755e+08	1.16863e+08	1.57093e+08	1.35493e+08	1.19194e+08	1.06109e+08	1.07162e+08	1.30062e+08	1.34494e+08	1.30876e+08	1.46347e+08	1.72848e+08	1.44179e+08	1.71629e+08	1.7236e+08	1.73343e+08	1.26537e+08	1.27529e+08	1.46363e+08	1.62001e+08	1.47144e+08	1.24907e+08	1.67354e+08	1.72874e+08	1.31747e+08	1.56147e+08	1.73723e+08	1.65336e+08	1.47383e+08	1.58939e+08	1.59206e+08	1.47423e+08	1.54821e+08	1.66662e+08
ERR607786	3.25675e+08	3.38988e+08	3.06825e+08	3.25491e+08	3.20778e+08	3.19949e+08	1.99762e+08	2.14802e+08	2.04521e+08	2.5766e+08	2.56015e+08	2.34577e+08	2.63085e+08	2.26095e+08	2.57772e+08	2.23528e+08	2.45041e+08	2.26802e+08	3.47317e+08	3.49612e+08	3.51096e+08	2.81213e+08	4.94016e+08	2.91995e+08	3.60337e+08	3.30532e+08	2.96298e+08	3.33496e+08	2.73301e+08	3.50207e+08	2.72647e+08	2.68819e+08	2.91547e+08	2.03787e+08	2.06662e+08	2.98182e+08	2.478e+08	2.23933e+08	2.346e+08	2.85968e+08	2.82522e+08	2.48729e+08	1.42766e+08	1.37037e+08	1.74868e+08	1.5393e+08	2.01665e+08	1.61004e+08	1.34743e+08	1.37658e+08	1.22885e+08	1.49371e+08	1.35332e+08	1.3977e+08	2.12274e+08	1.81896e+08	1.96865e+08	1.99313e+08	1.95137e+08	1.81597e+08	2.09132e+08	1.58318e+08	2.03586e+08	1.50853e+08	2.03016e+08	1.75002e+08	1.5386e+08	1.37044e+08	1.38194e+08	1.68069e+08	1.73715e+08	1.68979e+08	1.84291e+08	2.17761e+08	1.81619e+08	2.16149e+08	2.17258e+08	2.18472e+08	1.63429e+08	1.64813e+08	1.89215e+08	2.09468e+08	1.90223e+08	1.61347e+08	2.12109e+08	2.19087e+08	1.67194e+08	1.97675e+08	2.20211e+08	2.09587e+08	1.90605e+08	2.05471e+08	2.05935e+08	1.90669e+08	2.00253e+08	2.15378e+08
ERR607782	2.71814e+08	2.82681e+08	2.56755e+08	2.71624e+08	2.67875e+08	2.67523e+08	1.65991e+08	1.77764e+08	1.69489e+08	2.12986e+08	2.11549e+08	1.94422e+08	2.17654e+08	1.87537e+08	2.13402e+08	1.85696e+08	2.0321e+08	1.8792e+08	2.89262e+08	2.92307e+08	2.93538e+08	2.35708e+08	2.91995e+08	3.61683e+08	2.99095e+08	2.74643e+08	2.46787e+08	2.77138e+08	2.28286e+08	2.90755e+08	2.26937e+08	2.23795e+08	2.42383e+08	1.69889e+08	1.72385e+08	2.47776e+08	2.04994e+08	1.85853e+08	1.94484e+08	2.36155e+08	2.33313e+08	2.05779e+08	1.15995e+08	1.11417e+08	1.4206e+08	1.2509e+08	1.63883e+08	1.30794e+08	1.09586e+08	1.11644e+08	1.0011e+08	1.21174e+08	1.10042e+08	1.13453e+08	1.72199e+08	1.47409e+08	1.59457e+08	1.61754e+08	1.58377e+08	1.47053e+08	1.69152e+08	1.28006e+08	1.64732e+08	1.21958e+08	1.64185e+08	1.41512e+08	1.24868e+08	1.11119e+08	1.12152e+08	1.3621e+08	1.40917e+08	1.36956e+08	1.52794e+08	1.80337e+08	1.50522e+08	1.78995e+08	1.79835e+08	1.80905e+08	1.33053e+08	1.34056e+08	1.53655e+08	1.70083e+08	1.54589e+08	1.31327e+08	1.75112e+08	1.80972e+08	1.37865e+08	1.6359e+08	1.81707e+08	1.73086e+08	1.54574e+08	1.66743e+08	1.66859e+08	1.5453e+08	1.62577e+08	1.74702e+08
ERR637031	3.61408e+08	3.76673e+08	3.40151e+08	3.61359e+08	3.55847e+08	3.55494e+08	2.35819e+08	2.52445e+08	2.40326e+08	3.03062e+08	3.01247e+08	2.76539e+08	3.02223e+08	2.58973e+08	2.95868e+08	2.56961e+08	2.81482e+08	2.59886e+08	3.56492e+08	3.59614e+08	3.60887e+08	2.86429e+08	3.60337e+08	2.99095e+08	6.27354e+08	4.1862e+08	3.76704e+08	4.22968e+08	3.46238e+08	4.45696e+08	3.09e+08	3.04874e+08	3.3087e+08	2.28742e+08	2.31848e+08	3.38784e+08	2.77817e+08	2.51916e+08	2.62969e+08	3.21498e+08	3.17336e+08	2.78943e+08	1.68871e+08	1.6248e+08	2.06955e+08	1.82078e+08	2.38398e+08	1.90427e+08	1.59789e+08	1.62712e+08	1.46292e+08	1.76685e+08	1.60604e+08	1.6539e+08	2.49987e+08	2.13835e+08	2.31479e+08	2.34852e+08	2.30023e+08	2.13341e+08	2.46337e+08	1.86442e+08	2.39876e+08	1.77186e+08	2.3891e+08	2.05963e+08	1.80625e+08	1.60711e+08	1.62381e+08	1.97243e+08	2.03873e+08	1.98198e+08	2.11622e+08	2.4994e+08	2.08402e+08	2.48123e+08	2.49458e+08	2.50694e+08	1.93576e+08	1.95276e+08	2.23256e+08	2.47224e+08	2.25184e+08	1.91013e+08	2.46591e+08	2.54684e+08	1.94166e+08	2.30143e+08	2.55877e+08	2.43708e+08	2.24998e+08	2.43073e+08	2.42981e+08	2.24911e+08	2.36973e+08	2.54663e+08
ERR637027	3.31612e+08	3.45539e+08	3.12178e+08	3.31483e+08	3.26559e+08	3.26037e+08	2.15336e+08	2.31255e+08	2.20171e+08	2.77671e+08	2.75829e+08	2.53002e+08	2.77134e+08	2.3761e+08	2.71377e+08	2.3554e+08	2.5823e+08	2.38418e+08	3.26935e+08	3.30245e+08	3.31436e+08	2.63318e+08	3.30532e+08	2.74643e+08	4.1862e+08	5.37628e+08	3.44118e+08	3.88474e+08	3.18105e+08	4.06491e+08	2.83244e+08	2.79411e+08	3.03277e+08	2.1008e+08	2.13034e+08	3.10546e+08	2.54169e+08	2.29578e+08	2.40251e+08	2.94166e+08	2.90269e+08	2.55021e+08	1.53061e+08	1.47043e+08	1.87546e+08	1.65042e+08	2.1622e+08	1.72705e+08	1.45021e+08	1.48072e+08	1.32455e+08	1.60777e+08	1.45607e+08	1.50361e+08	2.26971e+08	1.94244e+08	2.10243e+08	2.13147e+08	2.08687e+08	1.93856e+08	2.24234e+08	1.69939e+08	2.18283e+08	1.61761e+08	2.1743e+08	1.87803e+08	1.64343e+08	1.46215e+08	1.47621e+08	1.79368e+08	1.85527e+08	1.80341e+08	1.93471e+08	2.28609e+08	1.90465e+08	2.26936e+08	2.28081e+08	2.29301e+08	1.75497e+08	1.76983e+08	2.0308e+08	2.24728e+08	2.04321e+08	1.73224e+08	2.24987e+08	2.32218e+08	1.77224e+08	2.0973e+08	2.33384e+08	2.22385e+08	2.04519e+08	2.20669e+08	2.20884e+08	2.04549e+08	2.14976e+08	2.31303e+08
ERR637030	2.97887e+08	3.10111e+08	2.80625e+08	2.97739e+08	2.93395e+08	2.92987e+08	1.93892e+08	2.07246e+08	1.97422e+08	2.48686e+08	2.47175e+08	2.27083e+08	2.48395e+08	2.13298e+08	2.43387e+08	2.11659e+08	2.31643e+08	2.1402e+08	2.93248e+08	2.95712e+08	2.96773e+08	2.36626e+08	2.96298e+08	2.46787e+08	3.76704e+08	3.44118e+08	4.45814e+08	3.47529e+08	2.85516e+08	3.6595e+08	2.54214e+08	2.50821e+08	2.71976e+08	1.88492e+08	1.91114e+08	2.78438e+08	2.26961e+08	2.0588e+08	2.14816e+08	2.62488e+08	2.59164e+08	2.2794e+08	1.35746e+08	1.3056e+08	1.66342e+08	1.46488e+08	1.91609e+08	1.53094e+08	1.28521e+08	1.31042e+08	1.1775e+08	1.42104e+08	1.29214e+08	1.33084e+08	2.00971e+08	1.7192e+08	1.86113e+08	1.88985e+08	1.8509e+08	1.71632e+08	1.98214e+08	1.50156e+08	1.93059e+08	1.42669e+08	1.92304e+08	1.65773e+08	1.45366e+08	1.29462e+08	1.30684e+08	1.58648e+08	1.64081e+08	1.59653e+08	1.72555e+08	2.03766e+08	1.7011e+08	2.02405e+08	2.0339e+08	2.04416e+08	1.55725e+08	1.56968e+08	1.7958e+08	1.99015e+08	1.81088e+08	1.53719e+08	2.0047e+08	2.07228e+08	1.57954e+08	1.87263e+08	2.08113e+08	1.98255e+08	1.80881e+08	1.95665e+08	1.9548e+08	1.80984e+08	1.90792e+08	2.04775e+08
ERR637029	3.34951e+08	3.4909e+08	3.15429e+08	3.34842e+08	3.29933e+08	3.29172e+08	2.17589e+08	2.3366e+08	2.22565e+08	2.805e+08	2.78713e+08	2.55653e+08	2.79969e+08	2.39943e+08	2.74235e+08	2.38016e+08	2.60614e+08	2.40703e+08	3.30037e+08	3.33453e+08	3.34604e+08	2.65551e+08	3.33496e+08	2.77138e+08	4.22968e+08	3.88474e+08	3.47529e+08	5.47718e+08	3.21162e+08	4.10775e+08	2.8593e+08	2.82067e+08	3.06233e+08	2.12013e+08	2.1506e+08	3.13683e+08	2.56844e+08	2.31948e+08	2.42798e+08	2.97252e+08	2.93346e+08	2.57908e+08	1.54947e+08	1.49037e+08	1.89923e+08	1.67124e+08	2.18876e+08	1.74829e+08	1.46671e+08	1.49875e+08	1.34022e+08	1.62644e+08	1.47384e+08	1.52068e+08	2.29987e+08	1.96827e+08	2.12995e+08	2.15899e+08	2.11385e+08	1.96286e+08	2.26963e+08	1.71934e+08	2.20879e+08	1.63725e+08	2.19999e+08	1.9005e+08	1.66313e+08	1.47882e+08	1.49424e+08	1.81507e+08	1.87696e+08	1.82541e+08	1.95529e+08	2.31007e+08	1.92458e+08	2.29255e+08	2.30527e+08	2.31746e+08	1.77577e+08	1.79063e+08	2.05321e+08	2.2749e+08	2.06733e+08	1.75392e+08	2.27635e+08	2.34828e+08	1.79287e+08	2.12146e+08	2.3606e+08	2.24868e+08	2.07037e+08	2.23399e+08	2.23688e+08	2.06967e+08	2.17715e+08	2.34235e+08
ERR637028	2.74617e+08	2.85733e+08	2.59199e+08	2.74485e+08	2.70303e+08	2.70267e+08	1.79169e+08	1.91002e+08	1.81935e+08	2.29088e+08	2.27551e+08	2.09516e+08	2.28517e+08	1.96417e+08	2.23859e+08	1.95227e+08	2.13419e+08	1.96936e+08	2.70448e+08	2.72648e+08	2.7354e+08	2.18728e+08	2.73301e+08	2.28286e+08	3.46238e+08	3.18105e+08	2.85516e+08	3.21162e+08	3.88634e+08	3.36256e+08	2.34297e+08	2.31384e+08	2.50843e+08	1.73917e+08	1.76152e+08	2.56674e+08	2.08509e+08	1.89718e+08	1.97688e+08	2.41072e+08	2.3792e+08	2.09343e+08	1.24463e+08	1.19784e+08	1.52702e+08	1.34105e+08	1.7573e+08	1.40391e+08	1.17782e+08	1.19852e+08	1.08044e+08	1.30055e+08	1.18444e+08	1.21792e+08	1.8404e+08	1.57201e+08	1.70135e+08	1.73059e+08	1.69455e+08	1.56809e+08	1.80771e+08	1.36756e+08	1.76086e+08	1.29922e+08	1.75305e+08	1.51091e+08	1.32868e+08	1.18293e+08	1.1953e+08	1.45004e+08	1.49979e+08	1.45716e+08	1.58989e+08	1.87697e+08	1.56941e+08	1.86372e+08	1.87367e+08	1.88281e+08	1.42874e+08	1.44147e+08	1.64514e+08	1.82247e+08	1.6606e+08	1.4107e+08	1.84728e+08	1.90912e+08	1.45514e+08	1.72903e+08	1.91899e+08	1.82843e+08	1.65254e+08	1.78869e+08	1.78624e+08	1.65237e+08	1.74463e+08	1.87406e+08
ERR637032	3.51425e+08	3.66116e+08	3.3076e+08	3.51246e+08	3.45999e+08	3.45416e+08	2.28989e+08	2.4514e+08	2.33428e+08	2.9441e+08	2.92519e+08	2.68646e+08	2.9371e+08	2.5181e+08	2.87608e+08	2.49825e+08	2.73728e+08	2.52715e+08	3.46533e+08	3.49547e+08	3.50801e+08	2.78603e+08	3.50207e+08	2.90755e+08	4.45696e+08	4.06491e+08	3.6595e+08	4.10775e+08	3.36256e+08	5.96321e+08	3.00304e+08	2.96106e+08	3.21497e+08	2.22312e+08	2.25509e+08	3.29203e+08	2.69833e+08	2.44428e+08	2.55262e+08	3.12129e+08	3.08084e+08	2.70867e+08	1.63679e+08	1.57442e+08	2.00708e+08	1.76607e+08	2.31247e+08	1.8479e+08	1.55007e+08	1.57945e+08	1.41853e+08	1.71542e+08	1.55735e+08	1.60435e+08	2.42528e+08	2.07563e+08	2.24602e+08	2.27832e+08	2.23284e+08	2.07071e+08	2.39163e+08	1.81082e+08	2.32917e+08	1.72224e+08	2.31985e+08	2.00001e+08	1.75276e+08	1.55989e+08	1.57567e+08	1.91361e+08	1.97946e+08	1.92372e+08	2.05557e+08	2.42771e+08	2.0258e+08	2.41154e+08	2.42381e+08	2.43724e+08	1.87846e+08	1.89444e+08	2.16708e+08	2.40214e+08	2.18448e+08	1.85444e+08	2.39401e+08	2.47395e+08	1.8855e+08	2.23529e+08	2.48593e+08	2.36796e+08	2.18349e+08	2.3584e+08	2.3593e+08	2.18439e+08	2.29935e+08	2.47232e+08
ERR626425	2.80803e+08	2.92526e+08	2.64215e+08	2.80436e+08	2.76748e+08	2.75953e+08	1.93729e+08	2.08553e+08	1.99215e+08	2.50008e+08	2.4825e+08	2.27769e+08	2.26954e+08	1.95173e+08	2.22446e+08	1.92996e+08	2.11293e+08	1.95829e+08	2.698e+08	2.72431e+08	2.73332e+08	2.18033e+08	2.72647e+08	2.26937e+08	3.09e+08	2.83244e+08	2.54214e+08	2.8593e+08	2.34297e+08	3.00304e+08	4.05429e+08	2.74622e+08	2.96755e+08	2.08814e+08	2.11712e+08	3.04258e+08	2.14948e+08	1.93528e+08	2.0287e+08	2.47954e+08	2.44953e+08	2.15429e+08	1.27279e+08	1.22073e+08	1.55866e+08	1.37133e+08	1.79778e+08	1.43643e+08	1.20377e+08	1.23104e+08	1.09738e+08	1.33575e+08	1.20967e+08	1.24944e+08	1.86482e+08	1.59761e+08	1.72987e+08	1.75254e+08	1.71308e+08	1.59543e+08	1.86822e+08	1.41363e+08	1.81813e+08	1.34697e+08	1.81139e+08	1.56362e+08	1.38556e+08	1.23306e+08	1.24326e+08	1.51344e+08	1.564e+08	1.52173e+08	1.58548e+08	1.87519e+08	1.56038e+08	1.85843e+08	1.87269e+08	1.88211e+08	1.46221e+08	1.47334e+08	1.69242e+08	1.8738e+08	1.70059e+08	1.4434e+08	1.82723e+08	1.88649e+08	1.44012e+08	1.70076e+08	1.89671e+08	1.80625e+08	1.6984e+08	1.82977e+08	1.83529e+08	1.6969e+08	1.78222e+08	1.9178e+08
ERR626424	2.76884e+08	2.88178e+08	2.60636e+08	2.76466e+08	2.72833e+08	2.72112e+08	1.91281e+08	2.05613e+08	1.96396e+08	2.46422e+08	2.44572e+08	2.2478e+08	2.2357e+08	1.9226e+08	2.19235e+08	1.90128e+08	2.08392e+08	1.92931e+08	2.66065e+08	2.68468e+08	2.69437e+08	2.14974e+08	2.68819e+08	2.23795e+08	3.04874e+08	2.79411e+08	2.50821e+08	2.82067e+08	2.31384e+08	2.96106e+08	2.74622e+08	3.96296e+08	2.92693e+08	2.05957e+08	2.08682e+08	2.99924e+08	2.11538e+08	1.90864e+08	2.00054e+08	2.44181e+08	2.41056e+08	2.12102e+08	1.25599e+08	1.20499e+08	1.53913e+08	1.35317e+08	1.77338e+08	1.4162e+08	1.18672e+08	1.21231e+08	1.08358e+08	1.3172e+08	1.19399e+08	1.23024e+08	1.83984e+08	1.57301e+08	1.70315e+08	1.72628e+08	1.68987e+08	1.5712e+08	1.83649e+08	1.39021e+08	1.78962e+08	1.32291e+08	1.78074e+08	1.53744e+08	1.3648e+08	1.21278e+08	1.22554e+08	1.48955e+08	1.54066e+08	1.49804e+08	1.56373e+08	1.84953e+08	1.53909e+08	1.83263e+08	1.84485e+08	1.8549e+08	1.44313e+08	1.45444e+08	1.66846e+08	1.84923e+08	1.67836e+08	1.4242e+08	1.80601e+08	1.86343e+08	1.42119e+08	1.68115e+08	1.87273e+08	1.78359e+08	1.67136e+08	1.80331e+08	1.80734e+08	1.6715e+08	1.75825e+08	1.89128e+08
ERR626428	3.00406e+08	3.12804e+08	2.82512e+08	3.00031e+08	2.95841e+08	2.9494e+08	2.07206e+08	2.23073e+08	2.13052e+08	2.67742e+08	2.65809e+08	2.43623e+08	2.42835e+08	2.08606e+08	2.38026e+08	2.06112e+08	2.26054e+08	2.09283e+08	2.88609e+08	2.91202e+08	2.92451e+08	2.32974e+08	2.91547e+08	2.42383e+08	3.3087e+08	3.03277e+08	2.71976e+08	3.06233e+08	2.50843e+08	3.21497e+08	2.96755e+08	2.92693e+08	4.54739e+08	2.22977e+08	2.25939e+08	3.24472e+08	2.3004e+08	2.07176e+08	2.17196e+08	2.65606e+08	2.62413e+08	2.30619e+08	1.36786e+08	1.311e+08	1.67527e+08	1.47293e+08	1.93035e+08	1.5427e+08	1.29263e+08	1.32201e+08	1.17788e+08	1.43492e+08	1.29857e+08	1.34323e+08	2.00326e+08	1.71598e+08	1.85791e+08	1.8806e+08	1.84008e+08	1.71236e+08	2.00637e+08	1.5196e+08	1.9544e+08	1.44743e+08	1.94575e+08	1.6803e+08	1.48697e+08	1.3234e+08	1.33603e+08	1.62417e+08	1.68043e+08	1.634e+08	1.70367e+08	2.01427e+08	1.67437e+08	1.99722e+08	2.01018e+08	2.02059e+08	1.57026e+08	1.58322e+08	1.81583e+08	2.01197e+08	1.8271e+08	1.55003e+08	1.96276e+08	2.02609e+08	1.54677e+08	1.82658e+08	2.03587e+08	1.93853e+08	1.82444e+08	1.96705e+08	1.97118e+08	1.82456e+08	1.915e+08	2.06045e+08
