	ERR636885	ERR636883	ERR636886	ERR636884	ERR636887	ERR636888	ERR621924	ERR621920	ERR621922	ERR621923	ERR621919	ERR621921	ERR612903	ERR612904	ERR612906	ERR612907	ERR612908	ERR612905	ERR630040	ERR630041	ERR630039	ERR630036	ERR630038	ERR630037	ERR637122	ERR637119	ERR637118	ERR637120	ERR637117	ERR637121	ERR613997	ERR613999	ERR613998	ERR613996	ERR614001	ERR614000	ERR613681	ERR613679	ERR613677	ERR613678	ERR613682	ERR613680	ERR607730	ERR607731	ERR607733	ERR607734	ERR607732	ERR607729	ERR630510	ERR630507	ERR630506	ERR630511	ERR630508	ERR630509	ERR629692	ERR629693	ERR629696	ERR629694	ERR629697	ERR629695	ERR610968	ERR610965	ERR610966	ERR610969	ERR610970	ERR610967	ERR617096	ERR617095	ERR617100	ERR617099	ERR617098	ERR617097	ERR618499	ERR618495	ERR618500	ERR618496	ERR618497	ERR618498	ERR638157	ERR638156	ERR638158	ERR638155	ERR638154	ERR638153	ERR608700	ERR608696	ERR608699	ERR608697	ERR608695	ERR608698	ERR617256	ERR617257	ERR617255	ERR617253	ERR617254	ERR617258
ERR636885	4.86317e+08	3.2595e+08	2.44676e+08	3.41273e+08	2.49099e+08	2.43046e+08	2.61543e+08	2.8754e+08	2.86992e+08	2.65898e+08	3.16215e+08	2.86669e+08	2.78707e+08	1.85546e+08	2.19512e+08	2.11029e+08	2.14547e+08	2.51346e+08	1.37409e+08	1.4526e+08	1.1263e+08	1.62549e+08	1.5286e+08	1.37965e+08	3.45015e+08	3.53931e+08	3.52597e+08	3.38545e+08	3.25989e+08	3.40102e+08	2.75944e+08	2.71205e+08	2.23035e+08	3.0152e+08	2.72902e+08	2.73026e+08	2.9992e+08	3.13996e+08	3.39915e+08	3.31031e+08	2.38765e+08	3.02164e+08	2.64263e+08	2.66034e+08	2.57971e+08	2.60317e+08	2.56519e+08	2.4538e+08	2.48306e+08	2.13387e+08	2.34281e+08	2.5124e+08	2.2738e+08	2.48844e+08	2.06517e+08	1.71599e+08	2.17127e+08	1.72113e+08	2.19621e+08	2.17823e+08	2.29093e+08	2.34539e+08	1.9956e+08	2.29057e+08	2.11742e+08	1.88384e+08	1.71909e+08	1.64995e+08	1.51771e+08	1.50007e+08	1.52779e+08	1.77393e+08	1.87569e+08	2.14123e+08	1.78882e+08	1.80274e+08	1.99871e+08	1.78368e+08	2.54169e+08	2.53816e+08	2.54753e+08	1.87355e+08	2.05452e+08	1.99248e+08	2.01071e+08	2.01811e+08	2.01466e+08	2.17327e+08	1.34807e+08	2.01728e+08	2.12167e+08	2.12076e+08	1.70929e+08	1.59111e+08	1.71517e+08	1.60351e+08
ERR636883	3.2595e+08	4.43086e+08	2.32582e+08	3.23595e+08	2.3673e+08	2.31017e+08	2.4783e+08	2.72473e+08	2.71985e+08	2.52024e+08	2.99767e+08	2.71722e+08	2.6388e+08	1.75795e+08	2.07915e+08	1.99952e+08	2.03269e+08	2.37827e+08	1.29316e+08	1.36782e+08	1.05917e+08	1.52962e+08	1.43933e+08	1.29925e+08	3.26397e+08	3.34461e+08	3.33599e+08	3.20154e+08	3.0836e+08	3.21715e+08	2.61185e+08	2.56652e+08	2.1115e+08	2.85278e+08	2.58124e+08	2.58417e+08	2.84074e+08	2.97431e+08	3.21786e+08	3.13449e+08	2.2646e+08	2.86282e+08	2.50951e+08	2.52416e+08	2.44941e+08	2.47162e+08	2.43395e+08	2.33104e+08	2.34454e+08	2.01502e+08	2.21126e+08	2.37087e+08	2.1465e+08	2.34998e+08	1.94761e+08	1.61755e+08	2.04546e+08	1.62325e+08	2.07015e+08	2.05443e+08	2.16055e+08	2.21134e+08	1.88193e+08	2.1583e+08	1.998e+08	1.77642e+08	1.6214e+08	1.55464e+08	1.42982e+08	1.4132e+08	1.4395e+08	1.6716e+08	1.76738e+08	2.01607e+08	1.68669e+08	1.69738e+08	1.88359e+08	1.68182e+08	2.40116e+08	2.39807e+08	2.40712e+08	1.77217e+08	1.94439e+08	1.88365e+08	1.89807e+08	1.90483e+08	1.9014e+08	2.05172e+08	1.27263e+08	1.90537e+08	2.00241e+08	2.00052e+08	1.61288e+08	1.50239e+08	1.61921e+08	1.5129e+08
ERR636886	2.44676e+08	2.32582e+08	2.75536e+08	2.4334e+08	1.81289e+08	1.77171e+08	1.86534e+08	2.04383e+08	2.04235e+08	1.89673e+08	2.24405e+08	2.03924e+08	1.96599e+08	1.31843e+08	1.55987e+08	1.49993e+08	1.52511e+08	1.77553e+08	9.31969e+07	9.85351e+07	7.63072e+07	1.107e+08	1.04204e+08	9.39917e+07	2.41453e+08	2.46902e+08	2.46622e+08	2.3696e+08	2.28206e+08	2.38026e+08	1.95261e+08	1.92217e+08	1.58068e+08	2.12959e+08	1.93291e+08	1.93537e+08	2.13199e+08	2.22029e+08	2.40188e+08	2.33487e+08	1.70322e+08	2.14731e+08	1.88938e+08	1.8976e+08	1.84538e+08	1.86289e+08	1.8347e+08	1.75843e+08	1.72744e+08	1.48404e+08	1.6295e+08	1.74673e+08	1.58335e+08	1.73266e+08	1.42584e+08	1.18532e+08	1.49912e+08	1.19028e+08	1.51362e+08	1.50393e+08	1.56696e+08	1.60459e+08	1.36449e+08	1.56769e+08	1.4466e+08	1.28872e+08	1.18607e+08	1.13576e+08	1.04224e+08	1.03083e+08	1.04964e+08	1.2241e+08	1.29253e+08	1.47009e+08	1.23338e+08	1.23681e+08	1.3718e+08	1.23061e+08	1.77328e+08	1.77185e+08	1.77881e+08	1.31814e+08	1.4422e+08	1.39686e+08	1.39807e+08	1.40357e+08	1.40207e+08	1.5116e+08	9.35863e+07	1.40429e+08	1.47059e+08	1.47064e+08	1.18916e+08	1.10483e+08	1.19316e+08	1.11008e+08
ERR636884	3.41273e+08	3.23595e+08	2.4334e+08	4.81053e+08	2.47594e+08	2.41712e+08	2.59407e+08	2.85094e+08	2.84668e+08	2.63892e+08	3.13814e+08	2.84402e+08	2.7638e+08	1.83918e+08	2.17496e+08	2.09283e+08	2.12789e+08	2.48876e+08	1.35852e+08	1.4356e+08	1.1119e+08	1.60872e+08	1.51398e+08	1.36602e+08	3.41495e+08	3.50001e+08	3.49273e+08	3.35002e+08	3.22498e+08	3.36644e+08	2.73635e+08	2.69085e+08	2.20854e+08	2.99108e+08	2.7068e+08	2.70765e+08	2.97254e+08	3.10823e+08	3.36861e+08	3.27714e+08	2.36531e+08	2.99576e+08	2.61982e+08	2.63329e+08	2.55529e+08	2.57828e+08	2.53991e+08	2.42869e+08	2.45736e+08	2.11004e+08	2.31801e+08	2.4851e+08	2.25115e+08	2.46404e+08	2.04788e+08	1.70079e+08	2.15505e+08	1.70757e+08	2.17673e+08	2.16158e+08	2.26554e+08	2.31895e+08	1.97248e+08	2.26483e+08	2.0922e+08	1.86363e+08	1.70607e+08	1.63533e+08	1.50149e+08	1.48444e+08	1.51193e+08	1.76111e+08	1.86283e+08	2.12335e+08	1.77654e+08	1.78616e+08	1.98222e+08	1.77125e+08	2.52151e+08	2.51752e+08	2.52815e+08	1.86069e+08	2.04085e+08	1.97694e+08	1.99773e+08	2.00439e+08	2.00211e+08	2.16183e+08	1.33462e+08	2.0067e+08	2.11067e+08	2.11026e+08	1.70009e+08	1.58035e+08	1.70524e+08	1.58847e+08
ERR636887	2.49099e+08	2.3673e+08	1.81289e+08	2.47594e+08	2.83406e+08	1.80213e+08	1.90002e+08	2.08254e+08	2.08122e+08	1.93166e+08	2.28637e+08	2.07834e+08	2.00357e+08	1.34323e+08	1.58743e+08	1.52772e+08	1.55276e+08	1.80858e+08	9.51491e+07	1.00532e+08	7.79658e+07	1.12929e+08	1.06335e+08	9.58928e+07	2.46104e+08	2.51859e+08	2.5145e+08	2.41632e+08	2.32659e+08	2.42632e+08	1.98976e+08	1.95749e+08	1.61038e+08	2.16939e+08	1.96933e+08	1.97081e+08	2.1718e+08	2.26275e+08	2.44669e+08	2.38058e+08	1.73606e+08	2.18664e+08	1.92534e+08	1.93479e+08	1.88067e+08	1.89748e+08	1.86872e+08	1.79106e+08	1.75931e+08	1.51201e+08	1.65921e+08	1.7797e+08	1.612e+08	1.76554e+08	1.45127e+08	1.2083e+08	1.52655e+08	1.21182e+08	1.54261e+08	1.53201e+08	1.59752e+08	1.63592e+08	1.39232e+08	1.59757e+08	1.47416e+08	1.31386e+08	1.20827e+08	1.15678e+08	1.06317e+08	1.05088e+08	1.07173e+08	1.24777e+08	1.31836e+08	1.49781e+08	1.25734e+08	1.26101e+08	1.39936e+08	1.25407e+08	1.80674e+08	1.80402e+08	1.81146e+08	1.34117e+08	1.46841e+08	1.42271e+08	1.42322e+08	1.42784e+08	1.42624e+08	1.53844e+08	9.54522e+07	1.42961e+08	1.49753e+08	1.49651e+08	1.21013e+08	1.12532e+08	1.21398e+08	1.13104e+08
ERR636888	2.43046e+08	2.31017e+08	1.77171e+08	2.41712e+08	1.80213e+08	2.72222e+08	1.85573e+08	2.03365e+08	2.03166e+08	1.88584e+08	2.23155e+08	2.02932e+08	1.95418e+08	1.31089e+08	1.54824e+08	1.4916e+08	1.51497e+08	1.76365e+08	9.2548e+07	9.79328e+07	7.57993e+07	1.09907e+08	1.03331e+08	9.32435e+07	2.39874e+08	2.45771e+08	2.45142e+08	2.35639e+08	2.27021e+08	2.36583e+08	1.93846e+08	1.90855e+08	1.56987e+08	2.11405e+08	1.91925e+08	1.91977e+08	2.12018e+08	2.20937e+08	2.38861e+08	2.32267e+08	1.69483e+08	2.13491e+08	1.87947e+08	1.88937e+08	1.83627e+08	1.85269e+08	1.82584e+08	1.75067e+08	1.71422e+08	1.47298e+08	1.61681e+08	1.73294e+08	1.57019e+08	1.71992e+08	1.41495e+08	1.177e+08	1.48805e+08	1.18014e+08	1.50195e+08	1.49088e+08	1.55632e+08	1.59379e+08	1.35661e+08	1.55631e+08	1.43659e+08	1.28036e+08	1.1755e+08	1.12557e+08	1.03498e+08	1.02388e+08	1.04211e+08	1.21325e+08	1.28417e+08	1.4613e+08	1.2249e+08	1.22945e+08	1.36369e+08	1.22123e+08	1.75853e+08	1.75733e+08	1.76364e+08	1.30686e+08	1.43116e+08	1.38622e+08	1.38672e+08	1.39069e+08	1.38877e+08	1.49832e+08	9.29215e+07	1.39407e+08	1.45768e+08	1.45804e+08	1.17887e+08	1.09598e+08	1.18225e+08	1.10222e+08
ERR621924	2.61543e+08	2.4783e+08	1.86534e+08	2.59407e+08	1.90002e+08	1.85573e+08	3.70625e+08	2.76613e+08	2.76643e+08	2.56421e+08	3.03547e+08	2.7599e+08	2.34005e+08	1.55584e+08	1.83749e+08	1.7683e+08	1.79861e+08	2.11083e+08	1.11625e+08	1.18103e+08	9.14721e+07	1.31992e+08	1.24236e+08	1.12051e+08	2.882e+08	2.95324e+08	2.94354e+08	2.82811e+08	2.72059e+08	2.84003e+08	2.34676e+08	2.30631e+08	1.9075e+08	2.56029e+08	2.31964e+08	2.32014e+08	2.64032e+08	2.76561e+08	2.99545e+08	2.92003e+08	2.11154e+08	2.65839e+08	2.08443e+08	2.0989e+08	2.03645e+08	2.05564e+08	2.02503e+08	1.93556e+08	2.04462e+08	1.75225e+08	1.92518e+08	2.06871e+08	1.8684e+08	2.0475e+08	1.67298e+08	1.38976e+08	1.7568e+08	1.39569e+08	1.77883e+08	1.76371e+08	1.85948e+08	1.90428e+08	1.61889e+08	1.85887e+08	1.71991e+08	1.52962e+08	1.40018e+08	1.34356e+08	1.23901e+08	1.22253e+08	1.24526e+08	1.44613e+08	1.58132e+08	1.80669e+08	1.512e+08	1.52544e+08	1.69145e+08	1.50667e+08	2.03504e+08	2.03306e+08	2.04116e+08	1.49908e+08	1.64491e+08	1.59514e+08	1.61187e+08	1.61543e+08	1.61459e+08	1.74074e+08	1.07954e+08	1.61709e+08	1.70224e+08	1.70278e+08	1.37022e+08	1.27858e+08	1.37417e+08	1.28737e+08
ERR621920	2.8754e+08	2.72473e+08	2.04383e+08	2.85094e+08	2.08254e+08	2.03365e+08	2.76613e+08	4.36746e+08	3.03093e+08	2.80932e+08	3.34984e+08	3.04014e+08	2.58018e+08	1.7124e+08	2.02451e+08	1.94704e+08	1.98124e+08	2.32766e+08	1.23924e+08	1.3113e+08	1.01616e+08	1.46462e+08	1.37755e+08	1.24362e+08	3.17658e+08	3.25777e+08	3.24515e+08	3.11607e+08	2.99889e+08	3.13136e+08	2.58037e+08	2.53441e+08	2.09633e+08	2.81733e+08	2.55013e+08	2.5482e+08	2.90541e+08	3.04593e+08	3.30065e+08	3.22001e+08	2.3209e+08	2.92741e+08	2.2897e+08	2.30702e+08	2.23775e+08	2.25902e+08	2.22454e+08	2.12655e+08	2.25393e+08	1.93178e+08	2.12259e+08	2.27954e+08	2.06134e+08	2.25638e+08	1.84936e+08	1.53604e+08	1.94339e+08	1.54111e+08	1.96702e+08	1.94987e+08	2.05878e+08	2.10874e+08	1.79386e+08	2.05628e+08	1.90508e+08	1.6935e+08	1.54586e+08	1.48678e+08	1.37109e+08	1.3538e+08	1.37889e+08	1.59848e+08	1.74977e+08	1.99892e+08	1.67159e+08	1.6885e+08	1.87169e+08	1.66491e+08	2.25215e+08	2.24698e+08	2.25698e+08	1.65478e+08	1.81641e+08	1.76142e+08	1.78084e+08	1.78549e+08	1.78283e+08	1.92217e+08	1.1926e+08	1.78547e+08	1.88132e+08	1.88271e+08	1.51349e+08	1.41231e+08	1.51833e+08	1.42506e+08
ERR621922	2.86992e+08	2.71985e+08	2.04235e+08	2.84668e+08	2.08122e+08	2.03166e+08	2.76643e+08	3.03093e+08	4.33778e+08	2.80836e+08	3.33218e+08	3.02652e+08	2.56654e+08	1.70278e+08	2.01615e+08	1.93807e+08	1.97181e+08	2.31474e+08	1.22984e+08	1.30183e+08	1.00825e+08	1.45654e+08	1.37089e+08	1.23571e+08	3.16731e+08	3.24504e+08	3.2359e+08	3.10441e+08	2.98719e+08	3.1215e+08	2.57324e+08	2.53059e+08	2.08736e+08	2.80952e+08	2.54584e+08	2.54448e+08	2.89958e+08	3.03502e+08	3.29031e+08	3.20799e+08	2.31376e+08	2.92113e+08	2.28104e+08	2.29539e+08	2.22861e+08	2.24936e+08	2.21506e+08	2.117e+08	2.24589e+08	1.92249e+08	2.11362e+08	2.26989e+08	2.05144e+08	2.2496e+08	1.84593e+08	1.53158e+08	1.93784e+08	1.53877e+08	1.96238e+08	1.94612e+08	2.04558e+08	2.09503e+08	1.78126e+08	2.04461e+08	1.89089e+08	1.68234e+08	1.54242e+08	1.48166e+08	1.36407e+08	1.34677e+08	1.37223e+08	1.5931e+08	1.74293e+08	1.9901e+08	1.66664e+08	1.68008e+08	1.86488e+08	1.66004e+08	2.24056e+08	2.23632e+08	2.24688e+08	1.64877e+08	1.80847e+08	1.75312e+08	1.77663e+08	1.78135e+08	1.77849e+08	1.9184e+08	1.18719e+08	1.78281e+08	1.87848e+08	1.87835e+08	1.51073e+08	1.40796e+08	1.51488e+08	1.41775e+08
ERR621923	2.65898e+08	2.52024e+08	1.89673e+08	2.63892e+08	1.93166e+08	1.88584e+08	2.56421e+08	2.80932e+08	2.80836e+08	3.80818e+08	3.08448e+08	2.80236e+08	2.37876e+08	1.58012e+08	1.86821e+08	1.79746e+08	1.82881e+08	2.14673e+08	1.13928e+08	1.20537e+08	9.33985e+07	1.34797e+08	1.26825e+08	1.14377e+08	2.92977e+08	3.00244e+08	2.99304e+08	2.87407e+08	2.76628e+08	2.88906e+08	2.38317e+08	2.34261e+08	1.93469e+08	2.59991e+08	2.35558e+08	2.35551e+08	2.68462e+08	2.81037e+08	3.04512e+08	2.9705e+08	2.14465e+08	2.70291e+08	2.11784e+08	2.13219e+08	2.06996e+08	2.08912e+08	2.05716e+08	1.96836e+08	2.07681e+08	1.78006e+08	1.95618e+08	2.10114e+08	1.89776e+08	2.081e+08	1.7055e+08	1.41696e+08	1.79211e+08	1.42283e+08	1.81452e+08	1.7985e+08	1.89276e+08	1.93736e+08	1.64698e+08	1.88954e+08	1.74971e+08	1.55635e+08	1.42692e+08	1.37105e+08	1.26246e+08	1.24676e+08	1.26987e+08	1.47285e+08	1.60991e+08	1.83841e+08	1.53903e+08	1.55183e+08	1.72168e+08	1.53168e+08	2.07346e+08	2.06947e+08	2.07807e+08	1.52703e+08	1.67509e+08	1.6239e+08	1.64308e+08	1.64642e+08	1.64368e+08	1.7732e+08	1.09966e+08	1.64802e+08	1.73748e+08	1.73753e+08	1.39821e+08	1.30471e+08	1.40247e+08	1.31404e+08
ERR621919	3.16215e+08	2.99767e+08	2.24405e+08	3.13814e+08	2.28637e+08	2.23155e+08	3.03547e+08	3.34984e+08	3.33218e+08	3.08448e+08	5.16575e+08	3.33926e+08	2.84063e+08	1.88135e+08	2.22745e+08	2.14043e+08	2.17863e+08	2.56152e+08	1.37159e+08	1.45063e+08	1.124e+08	1.62347e+08	1.52693e+08	1.37714e+08	3.50164e+08	3.58942e+08	3.57823e+08	3.43452e+08	3.30229e+08	3.45015e+08	2.83625e+08	2.78723e+08	2.29767e+08	3.09912e+08	2.80344e+08	2.80422e+08	3.19869e+08	3.35242e+08	3.6377e+08	3.54393e+08	2.54928e+08	3.22264e+08	2.51207e+08	2.53001e+08	2.45433e+08	2.47809e+08	2.43949e+08	2.3298e+08	2.48521e+08	2.128e+08	2.34139e+08	2.51439e+08	2.27146e+08	2.49079e+08	2.04919e+08	1.69973e+08	2.1525e+08	1.70788e+08	2.17956e+08	2.16066e+08	2.27643e+08	2.33149e+08	1.98192e+08	2.27419e+08	2.10347e+08	1.8715e+08	1.71294e+08	1.64664e+08	1.51621e+08	1.49753e+08	1.52543e+08	1.77022e+08	1.93496e+08	2.21079e+08	1.84884e+08	1.86434e+08	2.06925e+08	1.84078e+08	2.48108e+08	2.47615e+08	2.4882e+08	1.82165e+08	2.00002e+08	1.93809e+08	1.9726e+08	1.9767e+08	1.97399e+08	2.13021e+08	1.31613e+08	1.97802e+08	2.08665e+08	2.08571e+08	1.67786e+08	1.56432e+08	1.68215e+08	1.57524e+08
ERR621921	2.86669e+08	2.71722e+08	2.03924e+08	2.84402e+08	2.07834e+08	2.02932e+08	2.7599e+08	3.04014e+08	3.02652e+08	2.80236e+08	3.33926e+08	4.34701e+08	2.57283e+08	1.70698e+08	2.01935e+08	1.94112e+08	1.97445e+08	2.32065e+08	1.23503e+08	1.30661e+08	1.0129e+08	1.45993e+08	1.37279e+08	1.2393e+08	3.16354e+08	3.24638e+08	3.2341e+08	3.10482e+08	2.98788e+08	3.11938e+08	2.56875e+08	2.52446e+08	2.08483e+08	2.80546e+08	2.54151e+08	2.5387e+08	2.89566e+08	3.03373e+08	3.28763e+08	3.20725e+08	2.31148e+08	2.91742e+08	2.28084e+08	2.29666e+08	2.22924e+08	2.24904e+08	2.21509e+08	2.11792e+08	2.2482e+08	1.92689e+08	2.11578e+08	2.27312e+08	2.05379e+08	2.25071e+08	1.84474e+08	1.53243e+08	1.93835e+08	1.53785e+08	1.96208e+08	1.94537e+08	2.05051e+08	2.09963e+08	1.78502e+08	2.04793e+08	1.89717e+08	1.6853e+08	1.54388e+08	1.48503e+08	1.36884e+08	1.35161e+08	1.3755e+08	1.59469e+08	1.74757e+08	1.99617e+08	1.67015e+08	1.68438e+08	1.87005e+08	1.66363e+08	2.2439e+08	2.23994e+08	2.25016e+08	1.65019e+08	1.81103e+08	1.7556e+08	1.77684e+08	1.78186e+08	1.7782e+08	1.91765e+08	1.19092e+08	1.78227e+08	1.87781e+08	1.87832e+08	1.51146e+08	1.41033e+08	1.51618e+08	1.42241e+08
ERR612903	2.78707e+08	2.6388e+08	1.96599e+08	2.7638e+08	2.00357e+08	1.95418e+08	2.34005e+08	2.58018e+08	2.56654e+08	2.37876e+08	2.84063e+08	2.57283e+08	4.5366e+08	2.09177e+08	2.46419e+08	2.36802e+08	2.40491e+08	2.83655e+08	1.42866e+08	1.50938e+08	1.17025e+08	1.67773e+08	1.57991e+08	1.42904e+08	2.97802e+08	3.06546e+08	3.04947e+08	2.92101e+08	2.81586e+08	2.93628e+08	2.55529e+08	2.5063e+08	2.07078e+08	2.79501e+08	2.52261e+08	2.52309e+08	2.67637e+08	2.81543e+08	3.05122e+08	2.97508e+08	2.12735e+08	2.69744e+08	2.2967e+08	2.3104e+08	2.23751e+08	2.25588e+08	2.22266e+08	2.1266e+08	2.49403e+08	2.1532e+08	2.3568e+08	2.52304e+08	2.28805e+08	2.4968e+08	2.08076e+08	1.73071e+08	2.18779e+08	1.73408e+08	2.21302e+08	2.19411e+08	2.33156e+08	2.38525e+08	2.03353e+08	2.32715e+08	2.1601e+08	1.91578e+08	1.75497e+08	1.69076e+08	1.55964e+08	1.53788e+08	1.56655e+08	1.81183e+08	1.91676e+08	2.19616e+08	1.82986e+08	1.85133e+08	2.04962e+08	1.8236e+08	2.54087e+08	2.53734e+08	2.54992e+08	1.86453e+08	2.04932e+08	1.98545e+08	2.03928e+08	2.05002e+08	2.04433e+08	2.20406e+08	1.37104e+08	2.04616e+08	2.16321e+08	2.16403e+08	1.74176e+08	1.62867e+08	1.75052e+08	1.64688e+08
ERR612904	1.85546e+08	1.75795e+08	1.31843e+08	1.83918e+08	1.34323e+08	1.31089e+08	1.55584e+08	1.7124e+08	1.70278e+08	1.58012e+08	1.88135e+08	1.70698e+08	2.09177e+08	2.31499e+08	1.6522e+08	1.58894e+08	1.61178e+08	1.8969e+08	9.33398e+07	9.8684e+07	7.6558e+07	1.09343e+08	1.02947e+08	9.32854e+07	1.95756e+08	2.01579e+08	2.00134e+08	1.91967e+08	1.85153e+08	1.92901e+08	1.69823e+08	1.66542e+08	1.38394e+08	1.85267e+08	1.67564e+08	1.67732e+08	1.77821e+08	1.8729e+08	2.02449e+08	1.97585e+08	1.41973e+08	1.79203e+08	1.53758e+08	1.54942e+08	1.49971e+08	1.51141e+08	1.49047e+08	1.42788e+08	1.65027e+08	1.43116e+08	1.56335e+08	1.67064e+08	1.51701e+08	1.65327e+08	1.36176e+08	1.13452e+08	1.43082e+08	1.13638e+08	1.44798e+08	1.43399e+08	1.53094e+08	1.5661e+08	1.3372e+08	1.52802e+08	1.42171e+08	1.26018e+08	1.14572e+08	1.10627e+08	1.02318e+08	1.00862e+08	1.02701e+08	1.18279e+08	1.25124e+08	1.43371e+08	1.1948e+08	1.21172e+08	1.33895e+08	1.19082e+08	1.67133e+08	1.66865e+08	1.67587e+08	1.23032e+08	1.35086e+08	1.30975e+08	1.33725e+08	1.34462e+08	1.34105e+08	1.44241e+08	9.06531e+07	1.3423e+08	1.41137e+08	1.4129e+08	1.1392e+08	1.06793e+08	1.14489e+08	1.08309e+08
ERR612906	2.19512e+08	2.07915e+08	1.55987e+08	2.17496e+08	1.58743e+08	1.54824e+08	1.83749e+08	2.02451e+08	2.01615e+08	1.86821e+08	2.22745e+08	2.01935e+08	2.46419e+08	1.6522e+08	3.02267e+08	1.87709e+08	1.90612e+08	2.22835e+08	1.10142e+08	1.16439e+08	9.03895e+07	1.29693e+08	1.22029e+08	1.10378e+08	2.31968e+08	2.38653e+08	2.37281e+08	2.2751e+08	2.19228e+08	2.28761e+08	2.00807e+08	1.97138e+08	1.63056e+08	2.19312e+08	1.98275e+08	1.98441e+08	2.10113e+08	2.20882e+08	2.39054e+08	2.33118e+08	1.67367e+08	2.11868e+08	1.81e+08	1.82255e+08	1.76501e+08	1.77899e+08	1.75373e+08	1.67982e+08	1.9525e+08	1.68879e+08	1.84685e+08	1.97542e+08	1.79138e+08	1.95565e+08	1.61513e+08	1.34489e+08	1.69912e+08	1.34724e+08	1.71882e+08	1.70317e+08	1.8111e+08	1.85378e+08	1.57992e+08	1.80857e+08	1.67801e+08	1.49017e+08	1.36105e+08	1.31125e+08	1.21099e+08	1.1936e+08	1.21551e+08	1.4058e+08	1.48681e+08	1.70002e+08	1.41834e+08	1.43365e+08	1.58592e+08	1.4138e+08	1.98258e+08	1.97877e+08	1.98788e+08	1.45794e+08	1.59992e+08	1.55075e+08	1.59066e+08	1.59795e+08	1.59534e+08	1.71884e+08	1.07099e+08	1.5982e+08	1.68205e+08	1.68267e+08	1.35686e+08	1.26872e+08	1.36256e+08	1.283e+08
ERR612907	2.11029e+08	1.99952e+08	1.49993e+08	2.09283e+08	1.52772e+08	1.4916e+08	1.7683e+08	1.94704e+08	1.93807e+08	1.79746e+08	2.14043e+08	1.94112e+08	2.36802e+08	1.58894e+08	1.87709e+08	2.83352e+08	1.83298e+08	2.14286e+08	1.05699e+08	1.11694e+08	8.66652e+07	1.24314e+08	1.17009e+08	1.05828e+08	2.22838e+08	2.2929e+08	2.28067e+08	2.1872e+08	2.10778e+08	2.19644e+08	1.93088e+08	1.8956e+08	1.56863e+08	2.10744e+08	1.90653e+08	1.9068e+08	2.02267e+08	2.12508e+08	2.3004e+08	2.24392e+08	1.61177e+08	2.03746e+08	1.73978e+08	1.75321e+08	1.69871e+08	1.7121e+08	1.68712e+08	1.61537e+08	1.87197e+08	1.61825e+08	1.7694e+08	1.89409e+08	1.71756e+08	1.87468e+08	1.54995e+08	1.28975e+08	1.6291e+08	1.29307e+08	1.64768e+08	1.63418e+08	1.73756e+08	1.7781e+08	1.51649e+08	1.7349e+08	1.61008e+08	1.42907e+08	1.30509e+08	1.25858e+08	1.16084e+08	1.1464e+08	1.16705e+08	1.34852e+08	1.42617e+08	1.63051e+08	1.36018e+08	1.37535e+08	1.52295e+08	1.3561e+08	1.90227e+08	1.89956e+08	1.90803e+08	1.39977e+08	1.53554e+08	1.48961e+08	1.52557e+08	1.53314e+08	1.53004e+08	1.64803e+08	1.02816e+08	1.53202e+08	1.61206e+08	1.61329e+08	1.30155e+08	1.21721e+08	1.30697e+08	1.23154e+08
ERR612908	2.14547e+08	2.03269e+08	1.52511e+08	2.12789e+08	1.55276e+08	1.51497e+08	1.79861e+08	1.98124e+08	1.97181e+08	1.82881e+08	2.17863e+08	1.97445e+08	2.40491e+08	1.61178e+08	1.90612e+08	1.83298e+08	2.91424e+08	2.17579e+08	1.07758e+08	1.13822e+08	8.84172e+07	1.26863e+08	1.19371e+08	1.07945e+08	2.26653e+08	2.33044e+08	2.31744e+08	2.2226e+08	2.14235e+08	2.23259e+08	1.96307e+08	1.92678e+08	1.59449e+08	2.14461e+08	1.93848e+08	1.94019e+08	2.05429e+08	2.15929e+08	2.33649e+08	2.27916e+08	1.63702e+08	2.07073e+08	1.7671e+08	1.77794e+08	1.72326e+08	1.73801e+08	1.71088e+08	1.63932e+08	1.90443e+08	1.64596e+08	1.79927e+08	1.92575e+08	1.74738e+08	1.90686e+08	1.57937e+08	1.31463e+08	1.66156e+08	1.31787e+08	1.67932e+08	1.66529e+08	1.76888e+08	1.80992e+08	1.54429e+08	1.76632e+08	1.63889e+08	1.45479e+08	1.332e+08	1.2833e+08	1.1839e+08	1.16872e+08	1.18947e+08	1.37702e+08	1.45468e+08	1.66428e+08	1.38859e+08	1.40397e+08	1.5533e+08	1.38383e+08	1.9376e+08	1.93611e+08	1.94366e+08	1.42601e+08	1.5654e+08	1.51791e+08	1.55617e+08	1.56414e+08	1.56081e+08	1.68073e+08	1.04774e+08	1.56188e+08	1.64526e+08	1.64538e+08	1.32754e+08	1.24072e+08	1.3338e+08	1.25532e+08
ERR612905	2.51346e+08	2.37827e+08	1.77553e+08	2.48876e+08	1.80858e+08	1.76365e+08	2.11083e+08	2.32766e+08	2.31474e+08	2.14673e+08	2.56152e+08	2.32065e+08	2.83655e+08	1.8969e+08	2.22835e+08	2.14286e+08	2.17579e+08	3.81303e+08	1.28596e+08	1.35988e+08	1.05592e+08	1.509e+08	1.41988e+08	1.28519e+08	2.68518e+08	2.76484e+08	2.74571e+08	2.63412e+08	2.53892e+08	2.64659e+08	2.30389e+08	2.25887e+08	1.87311e+08	2.51825e+08	2.27286e+08	2.2739e+08	2.41667e+08	2.54797e+08	2.75695e+08	2.69136e+08	1.92549e+08	2.43686e+08	2.0757e+08	2.09306e+08	2.0253e+08	2.04167e+08	2.01126e+08	1.92517e+08	2.24692e+08	1.94557e+08	2.12569e+08	2.27493e+08	2.06209e+08	2.24988e+08	1.86749e+08	1.55398e+08	1.96405e+08	1.55845e+08	1.98807e+08	1.96897e+08	2.10243e+08	2.15097e+08	1.83424e+08	2.09741e+08	1.95062e+08	1.72746e+08	1.57406e+08	1.51863e+08	1.40452e+08	1.38387e+08	1.40989e+08	1.62625e+08	1.7185e+08	1.97057e+08	1.63998e+08	1.66408e+08	1.83988e+08	1.63547e+08	2.285e+08	2.28077e+08	2.29202e+08	1.67602e+08	1.84041e+08	1.78499e+08	1.83128e+08	1.84138e+08	1.83584e+08	1.97669e+08	1.23689e+08	1.83775e+08	1.93619e+08	1.93845e+08	1.56075e+08	1.46165e+08	1.56873e+08	1.48373e+08
ERR630040	1.37409e+08	1.29316e+08	9.31969e+07	1.35852e+08	9.51491e+07	9.2548e+07	1.11625e+08	1.23924e+08	1.22984e+08	1.13928e+08	1.37159e+08	1.23503e+08	1.42866e+08	9.33398e+07	1.10142e+08	1.05699e+08	1.07758e+08	1.28596e+08	2.72361e+08	1.83372e+08	1.43247e+08	2.00272e+08	1.88997e+08	1.72053e+08	1.53963e+08	1.59449e+08	1.57705e+08	1.50611e+08	1.44756e+08	1.5128e+08	1.25122e+08	1.22165e+08	1.00975e+08	1.37954e+08	1.23011e+08	1.23009e+08	1.30121e+08	1.38634e+08	1.50389e+08	1.47194e+08	1.02959e+08	1.31155e+08	1.11285e+08	1.12787e+08	1.08181e+08	1.09405e+08	1.07656e+08	1.02468e+08	1.55601e+08	1.33822e+08	1.47027e+08	1.5801e+08	1.41967e+08	1.55671e+08	1.89572e+08	1.5836e+08	1.9915e+08	1.58586e+08	2.01935e+08	1.99414e+08	1.96369e+08	2.00962e+08	1.72552e+08	1.95439e+08	1.83266e+08	1.62592e+08	1.87328e+08	1.81888e+08	1.69154e+08	1.66591e+08	1.69672e+08	1.93194e+08	2.02193e+08	2.31951e+08	1.92901e+08	1.96773e+08	2.16814e+08	1.92252e+08	2.11301e+08	2.10886e+08	2.11735e+08	1.54594e+08	1.69742e+08	1.64733e+08	1.87525e+08	1.88184e+08	1.87617e+08	2.00908e+08	1.28844e+08	1.8761e+08	2.19178e+08	2.19992e+08	1.77437e+08	1.67156e+08	1.78387e+08	1.71197e+08
ERR630041	1.4526e+08	1.36782e+08	9.85351e+07	1.4356e+08	1.00532e+08	9.79328e+07	1.18103e+08	1.3113e+08	1.30183e+08	1.20537e+08	1.45063e+08	1.30661e+08	1.50938e+08	9.8684e+07	1.16439e+08	1.11694e+08	1.13822e+08	1.35988e+08	1.83372e+08	2.9747e+08	1.51038e+08	2.11345e+08	1.99283e+08	1.81606e+08	1.62748e+08	1.68556e+08	1.66752e+08	1.593e+08	1.53048e+08	1.5992e+08	1.32424e+08	1.29265e+08	1.06808e+08	1.45964e+08	1.30079e+08	1.3012e+08	1.37505e+08	1.46561e+08	1.59087e+08	1.55597e+08	1.08793e+08	1.38825e+08	1.1771e+08	1.19071e+08	1.14333e+08	1.15672e+08	1.1375e+08	1.08257e+08	1.6442e+08	1.41419e+08	1.55282e+08	1.6694e+08	1.49991e+08	1.64522e+08	2.00142e+08	1.67176e+08	2.10291e+08	1.67361e+08	2.13211e+08	2.1046e+08	2.07185e+08	2.12042e+08	1.81887e+08	2.06378e+08	1.93319e+08	1.71573e+08	1.97704e+08	1.91919e+08	1.78562e+08	1.7582e+08	1.79033e+08	2.04008e+08	2.1355e+08	2.44949e+08	2.03703e+08	2.07717e+08	2.28732e+08	2.0296e+08	2.23271e+08	2.22559e+08	2.23494e+08	1.63136e+08	1.79261e+08	1.73935e+08	1.97907e+08	1.98814e+08	1.98252e+08	2.12346e+08	1.35911e+08	1.98246e+08	2.3128e+08	2.32294e+08	1.87124e+08	1.76423e+08	1.88195e+08	1.80603e+08
ERR630039	1.1263e+08	1.05917e+08	7.63072e+07	1.1119e+08	7.79658e+07	7.57993e+07	9.14721e+07	1.01616e+08	1.00825e+08	9.33985e+07	1.124e+08	1.0129e+08	1.17025e+08	7.6558e+07	9.03895e+07	8.66652e+07	8.84172e+07	1.05592e+08	1.43247e+08	1.51038e+08	1.98931e+08	1.6454e+08	1.5531e+08	1.41615e+08	1.2626e+08	1.30696e+08	1.29181e+08	1.23446e+08	1.18719e+08	1.24005e+08	1.02588e+08	1.00045e+08	8.27523e+07	1.13082e+08	1.00781e+08	1.00765e+08	1.06614e+08	1.13721e+08	1.2338e+08	1.20779e+08	8.44571e+07	1.07529e+08	9.12361e+07	9.24281e+07	8.86201e+07	8.96614e+07	8.82784e+07	8.39666e+07	1.27651e+08	1.09812e+08	1.20636e+08	1.29566e+08	1.16444e+08	1.2767e+08	1.55922e+08	1.30441e+08	1.63767e+08	1.30487e+08	1.6614e+08	1.63924e+08	1.61261e+08	1.64906e+08	1.41805e+08	1.60503e+08	1.50573e+08	1.33569e+08	1.53776e+08	1.49343e+08	1.39084e+08	1.36953e+08	1.39451e+08	1.58598e+08	1.65982e+08	1.90442e+08	1.58342e+08	1.61571e+08	1.77915e+08	1.57833e+08	1.73336e+08	1.72811e+08	1.73606e+08	1.26861e+08	1.39267e+08	1.3521e+08	1.53829e+08	1.5444e+08	1.53913e+08	1.64887e+08	1.05938e+08	1.53928e+08	1.79522e+08	1.80342e+08	1.45554e+08	1.3727e+08	1.46303e+08	1.40689e+08
ERR630036	1.62549e+08	1.52962e+08	1.107e+08	1.60872e+08	1.12929e+08	1.09907e+08	1.31992e+08	1.46462e+08	1.45654e+08	1.34797e+08	1.62347e+08	1.45993e+08	1.67773e+08	1.09343e+08	1.29693e+08	1.24314e+08	1.26863e+08	1.509e+08	2.00272e+08	2.11345e+08	1.6454e+08	3.50114e+08	2.21175e+08	2.00659e+08	1.8121e+08	1.8721e+08	1.85726e+08	1.77244e+08	1.70134e+08	1.77997e+08	1.47894e+08	1.44648e+08	1.18669e+08	1.63187e+08	1.45566e+08	1.45614e+08	1.53592e+08	1.62626e+08	1.7711e+08	1.72888e+08	1.21011e+08	1.54937e+08	1.3135e+08	1.32411e+08	1.27402e+08	1.28863e+08	1.26614e+08	1.20444e+08	1.82634e+08	1.56529e+08	1.7242e+08	1.85267e+08	1.66614e+08	1.82801e+08	2.22024e+08	1.84901e+08	2.32878e+08	1.85336e+08	2.36183e+08	2.33427e+08	2.28623e+08	2.34343e+08	2.00596e+08	2.27901e+08	2.12411e+08	1.89465e+08	2.19369e+08	2.12113e+08	1.96401e+08	1.93801e+08	1.97383e+08	2.26641e+08	2.37233e+08	2.71694e+08	2.26388e+08	2.29817e+08	2.53371e+08	2.25635e+08	2.47199e+08	2.46689e+08	2.47849e+08	1.8117e+08	1.98755e+08	1.92886e+08	2.2156e+08	2.22398e+08	2.2201e+08	2.38299e+08	1.50387e+08	2.22066e+08	2.57767e+08	2.58828e+08	2.08665e+08	1.95645e+08	2.09343e+08	1.98996e+08
ERR630038	1.5286e+08	1.43933e+08	1.04204e+08	1.51398e+08	1.06335e+08	1.03331e+08	1.24236e+08	1.37755e+08	1.37089e+08	1.26825e+08	1.52693e+08	1.37279e+08	1.57991e+08	1.02947e+08	1.22029e+08	1.17009e+08	1.19371e+08	1.41988e+08	1.88997e+08	1.99283e+08	1.5531e+08	2.21175e+08	3.179e+08	1.89282e+08	1.70399e+08	1.76062e+08	1.74765e+08	1.66632e+08	1.59915e+08	1.67325e+08	1.39186e+08	1.36081e+08	1.11691e+08	1.53714e+08	1.37043e+08	1.37124e+08	1.44537e+08	1.52926e+08	1.66563e+08	1.62616e+08	1.13834e+08	1.45597e+08	1.2356e+08	1.24598e+08	1.19839e+08	1.21233e+08	1.19188e+08	1.13465e+08	1.71824e+08	1.47409e+08	1.62342e+08	1.74356e+08	1.56836e+08	1.72143e+08	2.09057e+08	1.74266e+08	2.1933e+08	1.74662e+08	2.22329e+08	2.19702e+08	2.15835e+08	2.21182e+08	1.8938e+08	2.15055e+08	2.00476e+08	1.78864e+08	2.07219e+08	2.00431e+08	1.85364e+08	1.82879e+08	1.86392e+08	2.13959e+08	2.2389e+08	2.56302e+08	2.13513e+08	2.1674e+08	2.39117e+08	2.12883e+08	2.33499e+08	2.32865e+08	2.33804e+08	1.7117e+08	1.87679e+08	1.82158e+08	2.08783e+08	2.09354e+08	2.08963e+08	2.24438e+08	1.41837e+08	2.0909e+08	2.43253e+08	2.44316e+08	1.97062e+08	1.84752e+08	1.97771e+08	1.87824e+08
ERR630037	1.37965e+08	1.29925e+08	9.39917e+07	1.36602e+08	9.58928e+07	9.32435e+07	1.12051e+08	1.24362e+08	1.23571e+08	1.14377e+08	1.37714e+08	1.2393e+08	1.42904e+08	9.32854e+07	1.10378e+08	1.05828e+08	1.07945e+08	1.28519e+08	1.72053e+08	1.81606e+08	1.41615e+08	2.00659e+08	1.89282e+08	2.70426e+08	1.53975e+08	1.59103e+08	1.57843e+08	1.50499e+08	1.44665e+08	1.51212e+08	1.25623e+08	1.22784e+08	1.00949e+08	1.38608e+08	1.23527e+08	1.23588e+08	1.30388e+08	1.38453e+08	1.50463e+08	1.4704e+08	1.02905e+08	1.31608e+08	1.11671e+08	1.12769e+08	1.08368e+08	1.09591e+08	1.07779e+08	1.02554e+08	1.55402e+08	1.33534e+08	1.46896e+08	1.57767e+08	1.41909e+08	1.5564e+08	1.89458e+08	1.58128e+08	1.9888e+08	1.58346e+08	2.0163e+08	1.99198e+08	1.956e+08	2.00377e+08	1.71838e+08	1.94878e+08	1.82092e+08	1.62186e+08	1.87587e+08	1.81668e+08	1.68583e+08	1.66146e+08	1.6927e+08	1.93683e+08	2.02616e+08	2.32071e+08	1.93259e+08	1.96632e+08	2.16619e+08	1.92755e+08	2.11454e+08	2.10912e+08	2.1186e+08	1.54927e+08	1.69945e+08	1.64886e+08	1.88494e+08	1.89236e+08	1.88731e+08	2.02442e+08	1.28679e+08	1.88928e+08	2.1985e+08	2.20858e+08	1.78116e+08	1.67493e+08	1.78923e+08	1.70737e+08
ERR637122	3.45015e+08	3.26397e+08	2.41453e+08	3.41495e+08	2.46104e+08	2.39874e+08	2.882e+08	3.17658e+08	3.16731e+08	2.92977e+08	3.50164e+08	3.16354e+08	2.97802e+08	1.95756e+08	2.31968e+08	2.22838e+08	2.26653e+08	2.68518e+08	1.53963e+08	1.62748e+08	1.2626e+08	1.8121e+08	1.70399e+08	1.53975e+08	5.9706e+08	4.4828e+08	4.46254e+08	4.31009e+08	4.14094e+08	4.32909e+08	3.03415e+08	2.97141e+08	2.45494e+08	3.31694e+08	2.99203e+08	2.99058e+08	3.32726e+08	3.50837e+08	3.80196e+08	3.71706e+08	2.65523e+08	3.35514e+08	2.79567e+08	2.82389e+08	2.73269e+08	2.75819e+08	2.71741e+08	2.59331e+08	2.74409e+08	2.35832e+08	2.58862e+08	2.77681e+08	2.51193e+08	2.75099e+08	2.21731e+08	1.83628e+08	2.33194e+08	1.84311e+08	2.36241e+08	2.33867e+08	2.57382e+08	2.63576e+08	2.24307e+08	2.57147e+08	2.38407e+08	2.11498e+08	1.84557e+08	1.77781e+08	1.64253e+08	1.61631e+08	1.64684e+08	1.90549e+08	2.03462e+08	2.33855e+08	1.93975e+08	1.96661e+08	2.17785e+08	1.93384e+08	2.69825e+08	2.69197e+08	2.70588e+08	1.96339e+08	2.16145e+08	2.09546e+08	2.17433e+08	2.18125e+08	2.17667e+08	2.34881e+08	1.45117e+08	2.17875e+08	2.24787e+08	2.25052e+08	1.79841e+08	1.6808e+08	1.80484e+08	1.70221e+08
ERR637119	3.53931e+08	3.34461e+08	2.46902e+08	3.50001e+08	2.51859e+08	2.45771e+08	2.95324e+08	3.25777e+08	3.24504e+08	3.00244e+08	3.58942e+08	3.24638e+08	3.06546e+08	2.01579e+08	2.38653e+08	2.2929e+08	2.33044e+08	2.76484e+08	1.59449e+08	1.68556e+08	1.30696e+08	1.8721e+08	1.76062e+08	1.59103e+08	4.4828e+08	6.25094e+08	4.58471e+08	4.40184e+08	4.25362e+08	4.42142e+08	3.10957e+08	3.04344e+08	2.51875e+08	3.39743e+08	3.0651e+08	3.063e+08	3.41503e+08	3.60327e+08	3.90148e+08	3.81357e+08	2.72513e+08	3.44112e+08	2.86643e+08	2.89741e+08	2.80175e+08	2.82624e+08	2.78495e+08	2.66015e+08	2.82379e+08	2.42973e+08	2.66466e+08	2.8593e+08	2.58379e+08	2.82895e+08	2.2877e+08	1.89515e+08	2.40548e+08	1.90227e+08	2.4385e+08	2.41335e+08	2.65463e+08	2.71698e+08	2.31395e+08	2.65e+08	2.46034e+08	2.18145e+08	1.90362e+08	1.83612e+08	1.69706e+08	1.67095e+08	1.70135e+08	1.96544e+08	2.09779e+08	2.41195e+08	1.9985e+08	2.0313e+08	2.24796e+08	1.99413e+08	2.77949e+08	2.77118e+08	2.78627e+08	2.02016e+08	2.22594e+08	2.15586e+08	2.23685e+08	2.24449e+08	2.239e+08	2.41525e+08	1.49668e+08	2.24146e+08	2.31614e+08	2.31691e+08	1.8523e+08	1.73402e+08	1.8606e+08	1.75808e+08
ERR637118	3.52597e+08	3.33599e+08	2.46622e+08	3.49273e+08	2.5145e+08	2.45142e+08	2.94354e+08	3.24515e+08	3.2359e+08	2.99304e+08	3.57823e+08	3.2341e+08	3.04947e+08	2.00134e+08	2.37281e+08	2.28067e+08	2.31744e+08	2.74571e+08	1.57705e+08	1.66752e+08	1.29181e+08	1.85726e+08	1.74765e+08	1.57843e+08	4.46254e+08	4.58471e+08	6.20324e+08	4.38435e+08	4.23682e+08	4.4015e+08	3.10252e+08	3.03811e+08	2.5074e+08	3.38993e+08	3.05914e+08	3.05663e+08	3.40262e+08	3.58167e+08	3.88169e+08	3.79302e+08	2.70965e+08	3.42788e+08	2.85518e+08	2.88251e+08	2.78826e+08	2.81512e+08	2.77152e+08	2.64628e+08	2.80844e+08	2.41263e+08	2.65028e+08	2.84315e+08	2.57113e+08	2.81427e+08	2.27441e+08	1.88254e+08	2.38986e+08	1.89154e+08	2.42227e+08	2.39991e+08	2.63724e+08	2.69932e+08	2.29707e+08	2.63395e+08	2.44003e+08	2.16589e+08	1.89417e+08	1.82325e+08	1.68212e+08	1.6566e+08	1.68816e+08	1.95613e+08	2.08906e+08	2.39911e+08	1.99034e+08	2.01757e+08	2.23415e+08	1.9843e+08	2.76337e+08	2.75641e+08	2.77165e+08	2.01262e+08	2.21566e+08	2.14721e+08	2.23045e+08	2.23746e+08	2.23333e+08	2.41075e+08	1.48621e+08	2.23457e+08	2.30799e+08	2.30994e+08	1.8469e+08	1.72463e+08	1.85305e+08	1.743e+08
ERR637120	3.38545e+08	3.20154e+08	2.3696e+08	3.35002e+08	2.41632e+08	2.35639e+08	2.82811e+08	3.11607e+08	3.10441e+08	2.87407e+08	3.43452e+08	3.10482e+08	2.92101e+08	1.91967e+08	2.2751e+08	2.1872e+08	2.2226e+08	2.63412e+08	1.50611e+08	1.593e+08	1.23446e+08	1.77244e+08	1.66632e+08	1.50499e+08	4.31009e+08	4.40184e+08	4.38435e+08	5.78591e+08	4.06826e+08	4.25052e+08	2.97645e+08	2.91352e+08	2.4093e+08	3.24931e+08	2.93413e+08	2.93242e+08	3.26604e+08	3.44125e+08	3.73031e+08	3.64555e+08	2.60616e+08	3.29175e+08	2.74616e+08	2.77416e+08	2.68541e+08	2.71244e+08	2.66967e+08	2.54778e+08	2.68802e+08	2.31243e+08	2.53813e+08	2.72146e+08	2.46145e+08	2.69436e+08	2.16965e+08	1.79466e+08	2.27896e+08	1.80244e+08	2.31095e+08	2.28773e+08	2.52166e+08	2.58346e+08	2.19882e+08	2.51917e+08	2.33561e+08	2.07231e+08	1.80448e+08	1.7384e+08	1.60471e+08	1.58058e+08	1.61001e+08	1.86392e+08	1.98889e+08	2.28765e+08	1.89682e+08	1.92322e+08	2.13004e+08	1.89111e+08	2.64386e+08	2.63644e+08	2.65063e+08	1.9247e+08	2.11805e+08	2.05279e+08	2.12785e+08	2.13382e+08	2.12917e+08	2.29706e+08	1.42067e+08	2.13134e+08	2.19649e+08	2.19813e+08	1.7584e+08	1.64252e+08	1.7643e+08	1.66381e+08
ERR637117	3.25989e+08	3.0836e+08	2.28206e+08	3.22498e+08	2.32659e+08	2.27021e+08	2.72059e+08	2.99889e+08	2.98719e+08	2.76628e+08	3.30229e+08	2.98788e+08	2.81586e+08	1.85153e+08	2.19228e+08	2.10778e+08	2.14235e+08	2.53892e+08	1.44756e+08	1.53048e+08	1.18719e+08	1.70134e+08	1.59915e+08	1.44665e+08	4.14094e+08	4.25362e+08	4.23682e+08	4.06826e+08	5.42551e+08	4.08176e+08	2.86634e+08	2.80612e+08	2.3245e+08	3.13054e+08	2.82689e+08	2.82521e+08	3.14191e+08	3.31173e+08	3.58528e+08	3.50602e+08	2.50868e+08	3.16541e+08	2.64576e+08	2.67345e+08	2.58611e+08	2.60985e+08	2.57135e+08	2.45683e+08	2.59235e+08	2.23249e+08	2.44751e+08	2.62404e+08	2.3735e+08	2.59744e+08	2.08296e+08	1.72449e+08	2.19011e+08	1.73144e+08	2.21967e+08	2.19599e+08	2.42679e+08	2.485e+08	2.11556e+08	2.42455e+08	2.24956e+08	1.99452e+08	1.73182e+08	1.66896e+08	1.54131e+08	1.51779e+08	1.54787e+08	1.78846e+08	1.9091e+08	2.19399e+08	1.81955e+08	1.84705e+08	2.0447e+08	1.81492e+08	2.54426e+08	2.53717e+08	2.55188e+08	1.85294e+08	2.04103e+08	1.9785e+08	2.04432e+08	2.0512e+08	2.04592e+08	2.20667e+08	1.36766e+08	2.04907e+08	2.11025e+08	2.10972e+08	1.68674e+08	1.57764e+08	1.69351e+08	1.59874e+08
ERR637121	3.40102e+08	3.21715e+08	2.38026e+08	3.36644e+08	2.42632e+08	2.36583e+08	2.84003e+08	3.13136e+08	3.1215e+08	2.88906e+08	3.45015e+08	3.11938e+08	2.93628e+08	1.92901e+08	2.28761e+08	2.19644e+08	2.23259e+08	2.64659e+08	1.5128e+08	1.5992e+08	1.24005e+08	1.77997e+08	1.67325e+08	1.51212e+08	4.32909e+08	4.42142e+08	4.4015e+08	4.25052e+08	4.08176e+08	5.82527e+08	2.99211e+08	2.93012e+08	2.42059e+08	3.26795e+08	2.95041e+08	2.94736e+08	3.28039e+08	3.45791e+08	3.74711e+08	3.66281e+08	2.61907e+08	3.3068e+08	2.75806e+08	2.78577e+08	2.69477e+08	2.72064e+08	2.67923e+08	2.55839e+08	2.70383e+08	2.32372e+08	2.55157e+08	2.73542e+08	2.47395e+08	2.70908e+08	2.17883e+08	1.80497e+08	2.29133e+08	1.81099e+08	2.32102e+08	2.2991e+08	2.5327e+08	2.59302e+08	2.20707e+08	2.52942e+08	2.34446e+08	2.08038e+08	1.81369e+08	1.74676e+08	1.61251e+08	1.5883e+08	1.61794e+08	1.87138e+08	1.9981e+08	2.29645e+08	1.90515e+08	1.93216e+08	2.14033e+08	1.89892e+08	2.6572e+08	2.65018e+08	2.66411e+08	1.93381e+08	2.12932e+08	2.06389e+08	2.13828e+08	2.14502e+08	2.13977e+08	2.30902e+08	1.42693e+08	2.14254e+08	2.20748e+08	2.21042e+08	1.76734e+08	1.65159e+08	1.77434e+08	1.67198e+08
ERR613997	2.75944e+08	2.61185e+08	1.95261e+08	2.73635e+08	1.98976e+08	1.93846e+08	2.34676e+08	2.58037e+08	2.57324e+08	2.38317e+08	2.83625e+08	2.56875e+08	2.55529e+08	1.69823e+08	2.00807e+08	1.93088e+08	1.96307e+08	2.30389e+08	1.25122e+08	1.32424e+08	1.02588e+08	1.47894e+08	1.39186e+08	1.25623e+08	3.03415e+08	3.10957e+08	3.10252e+08	2.97645e+08	2.86634e+08	2.99211e+08	4.18065e+08	2.84364e+08	2.35599e+08	3.16283e+08	2.85927e+08	2.85879e+08	2.69531e+08	2.82835e+08	3.06177e+08	2.98729e+08	2.15104e+08	2.71539e+08	2.22599e+08	2.24052e+08	2.17177e+08	2.192e+08	2.15982e+08	2.06452e+08	2.29844e+08	1.97928e+08	2.1708e+08	2.32453e+08	2.10779e+08	2.30331e+08	1.86528e+08	1.54866e+08	1.95878e+08	1.55567e+08	1.98316e+08	1.96752e+08	2.107e+08	2.15678e+08	1.83622e+08	2.10654e+08	1.94984e+08	1.73339e+08	1.55129e+08	1.49095e+08	1.37162e+08	1.35395e+08	1.37969e+08	1.60096e+08	1.69495e+08	1.93695e+08	1.61906e+08	1.63126e+08	1.80686e+08	1.61217e+08	2.31258e+08	2.30919e+08	2.31729e+08	1.70287e+08	1.86884e+08	1.81215e+08	1.82556e+08	1.83008e+08	1.82925e+08	1.97241e+08	1.22448e+08	1.83173e+08	1.90107e+08	1.90232e+08	1.5315e+08	1.42744e+08	1.53667e+08	1.43824e+08
ERR613999	2.71205e+08	2.56652e+08	1.92217e+08	2.69085e+08	1.95749e+08	1.90855e+08	2.30631e+08	2.53441e+08	2.53059e+08	2.34261e+08	2.78723e+08	2.52446e+08	2.5063e+08	1.66542e+08	1.97138e+08	1.8956e+08	1.92678e+08	2.25887e+08	1.22165e+08	1.29265e+08	1.00045e+08	1.44648e+08	1.36081e+08	1.22784e+08	2.97141e+08	3.04344e+08	3.03811e+08	2.91352e+08	2.80612e+08	2.93012e+08	2.84364e+08	4.05965e+08	2.30722e+08	3.10084e+08	2.82305e+08	2.82217e+08	2.64605e+08	2.77289e+08	3.00241e+08	2.92592e+08	2.11018e+08	2.66671e+08	2.18231e+08	2.19407e+08	2.12847e+08	2.14703e+08	2.11624e+08	2.02239e+08	2.25274e+08	1.93747e+08	2.12426e+08	2.27678e+08	2.06293e+08	2.25648e+08	1.83254e+08	1.52147e+08	1.92521e+08	1.52791e+08	1.946e+08	1.93036e+08	2.06154e+08	2.10966e+08	1.79567e+08	2.06009e+08	1.90393e+08	1.69486e+08	1.52298e+08	1.45986e+08	1.34316e+08	1.32625e+08	1.35109e+08	1.57157e+08	1.66459e+08	1.89897e+08	1.58932e+08	1.59679e+08	1.77142e+08	1.58295e+08	2.27016e+08	2.26684e+08	2.27526e+08	1.67529e+08	1.83697e+08	1.78041e+08	1.79505e+08	1.80008e+08	1.7992e+08	1.9415e+08	1.20049e+08	1.80201e+08	1.86864e+08	1.87067e+08	1.50655e+08	1.40293e+08	1.51248e+08	1.41032e+08
ERR613998	2.23035e+08	2.1115e+08	1.58068e+08	2.20854e+08	1.61038e+08	1.56987e+08	1.9075e+08	2.09633e+08	2.08736e+08	1.93469e+08	2.29767e+08	2.08483e+08	2.07078e+08	1.38394e+08	1.63056e+08	1.56863e+08	1.59449e+08	1.87311e+08	1.00975e+08	1.06808e+08	8.27523e+07	1.18669e+08	1.11691e+08	1.00949e+08	2.45494e+08	2.51875e+08	2.5074e+08	2.4093e+08	2.3245e+08	2.42059e+08	2.35599e+08	2.30722e+08	2.94945e+08	2.56166e+08	2.32088e+08	2.31972e+08	2.18694e+08	2.30105e+08	2.48426e+08	2.4289e+08	1.7552e+08	2.20309e+08	1.81306e+08	1.82781e+08	1.77008e+08	1.78663e+08	1.76173e+08	1.68514e+08	1.85858e+08	1.60732e+08	1.75836e+08	1.88069e+08	1.7067e+08	1.86132e+08	1.49238e+08	1.24246e+08	1.56817e+08	1.24574e+08	1.58785e+08	1.57168e+08	1.70347e+08	1.74254e+08	1.48655e+08	1.70131e+08	1.58005e+08	1.40125e+08	1.23935e+08	1.19371e+08	1.10414e+08	1.0888e+08	1.10883e+08	1.27857e+08	1.35314e+08	1.54902e+08	1.29264e+08	1.30809e+08	1.44619e+08	1.28781e+08	1.86626e+08	1.86175e+08	1.87e+08	1.37452e+08	1.508e+08	1.4632e+08	1.46139e+08	1.4663e+08	1.46357e+08	1.57574e+08	9.88831e+07	1.46654e+08	1.51128e+08	1.51399e+08	1.22019e+08	1.14079e+08	1.22429e+08	1.15517e+08
