	ERR636774	ERR636771	ERR636770	ERR636772	ERR636769	ERR636773	ERR630233	ERR630231	ERR630235	ERR630232	ERR630230	ERR630234	ERR613232	ERR613231	ERR613229	ERR613228	ERR613230	ERR613227	ERR626870	ERR626867	ERR626868	ERR626872	ERR626869	ERR626871	ERR618633	ERR618635	ERR618638	ERR618636	ERR618637	ERR618634	ERR636777	ERR636779	ERR636780	ERR636778	ERR636775	ERR636776	ERR617522	ERR617518	ERR617517	ERR617521	ERR617519	ERR617520	ERR613974	ERR613977	ERR613972	ERR613975	ERR613973	ERR613976	ERR630443	ERR630444	ERR630442	ERR630445	ERR630440	ERR630441	ERR631301	ERR631297	ERR631302	ERR631298	ERR631300	ERR631299	ERR605542	ERR605543	ERR605539	ERR605540	ERR605541	ERR605544	ERR613495	ERR613494	ERR613491	ERR613492	ERR613496	ERR613493	ERR626607	ERR626603	ERR626606	ERR626602	ERR626605	ERR626604	ERR608432	ERR608431	ERR608430	ERR608427	ERR608429	ERR608428	ERR630211	ERR630208	ERR630209	ERR630210	ERR630207	ERR630206	ERR617510	ERR617507	ERR617508	ERR617509	ERR617506	ERR617505
ERR636774	8.44738e+09	8.15794e+09	8.16144e+09	8.20173e+09	7.84553e+09	8.20953e+09	7.38053e+09	6.60709e+09	7.0254e+09	6.40939e+09	7.25512e+09	7.34164e+09	5.77447e+09	5.78944e+09	7.0902e+09	7.39615e+09	5.56262e+09	7.73394e+09	6.37632e+09	8.0399e+09	7.53087e+09	7.97663e+09	7.56421e+09	6.31733e+09	7.78305e+09	7.51087e+09	7.02636e+09	7.42221e+09	7.03275e+09	7.38142e+09	7.36593e+09	7.43089e+09	7.54838e+09	7.58625e+09	6.92999e+09	7.35555e+09	5.9854e+09	6.3193e+09	6.20075e+09	5.83899e+09	6.325e+09	5.60597e+09	6.67719e+09	7.8926e+09	7.83188e+09	7.24377e+09	7.33989e+09	7.24911e+09	7.08727e+09	7.0136e+09	7.06171e+09	7.21401e+09	7.19436e+09	6.73266e+09	7.04041e+09	7.14036e+09	7.02997e+09	6.98303e+09	7.05017e+09	7.7748e+09	6.81393e+09	6.86748e+09	7.14767e+09	6.87071e+09	6.61696e+09	6.78921e+09	6.88112e+09	6.95667e+09	7.63426e+09	7.608e+09	6.86519e+09	7.61296e+09	5.90174e+09	6.13934e+09	5.92885e+09	6.68533e+09	5.84425e+09	5.3652e+09	7.95787e+09	7.81003e+09	7.80697e+09	5.54196e+09	7.31488e+09	6.93939e+09	6.63854e+09	6.08259e+09	6.9598e+09	6.95827e+09	6.36179e+09	7.00134e+09	6.01923e+09	6.34372e+09	5.7012e+09	5.90715e+09	6.3258e+09	6.24078e+09
ERR636771	8.15794e+09	8.33774e+09	8.10914e+09	8.14463e+09	7.79974e+09	8.15148e+09	7.34109e+09	6.57522e+09	6.99294e+09	6.37724e+09	7.21527e+09	7.302e+09	5.73634e+09	5.75142e+09	7.03707e+09	7.33987e+09	5.52821e+09	7.67035e+09	6.32404e+09	7.97198e+09	7.47112e+09	7.9103e+09	7.50332e+09	6.26638e+09	7.72264e+09	7.45544e+09	6.97088e+09	7.3631e+09	6.97695e+09	7.32851e+09	7.32062e+09	7.38617e+09	7.50222e+09	7.5393e+09	6.88757e+09	7.30692e+09	5.93639e+09	6.26403e+09	6.15012e+09	5.78915e+09	6.26928e+09	5.55868e+09	6.63892e+09	7.8361e+09	7.77663e+09	7.19299e+09	7.29127e+09	7.19895e+09	7.02992e+09	6.9575e+09	7.00551e+09	7.15672e+09	7.1374e+09	6.68497e+09	6.98544e+09	7.08301e+09	6.97464e+09	6.92515e+09	6.99531e+09	7.71077e+09	6.76587e+09	6.81967e+09	7.09539e+09	6.82179e+09	6.57299e+09	6.7417e+09	6.83437e+09	6.90954e+09	7.58392e+09	7.55718e+09	6.81832e+09	7.56255e+09	5.85547e+09	6.09148e+09	5.88199e+09	6.63115e+09	5.79772e+09	5.32798e+09	7.88247e+09	7.73703e+09	7.73376e+09	5.50271e+09	7.24717e+09	6.87741e+09	6.5931e+09	6.03642e+09	6.90735e+09	6.90431e+09	6.31553e+09	6.94588e+09	5.97073e+09	6.29023e+09	5.65484e+09	5.85809e+09	6.27257e+09	6.19205e+09
ERR636770	8.16144e+09	8.10914e+09	8.3422e+09	8.14707e+09	7.80214e+09	8.15516e+09	7.33791e+09	6.57198e+09	6.98595e+09	6.37612e+09	7.21466e+09	7.29984e+09	5.73907e+09	5.75398e+09	7.04335e+09	7.34707e+09	5.52877e+09	7.68305e+09	6.33811e+09	7.98442e+09	7.48112e+09	7.92253e+09	7.51406e+09	6.27999e+09	7.7284e+09	7.45962e+09	6.98085e+09	7.3726e+09	6.98702e+09	7.33081e+09	7.32124e+09	7.38578e+09	7.5021e+09	7.53982e+09	6.8901e+09	7.31255e+09	5.94483e+09	6.27603e+09	6.15655e+09	5.80108e+09	6.28123e+09	5.56998e+09	6.64181e+09	7.84688e+09	7.78857e+09	7.20617e+09	7.30099e+09	7.21111e+09	7.03552e+09	6.96264e+09	7.00996e+09	7.16064e+09	7.1413e+09	6.68397e+09	6.99631e+09	7.0951e+09	6.98671e+09	6.94033e+09	7.00617e+09	7.72542e+09	6.77032e+09	6.82327e+09	7.09944e+09	6.8244e+09	6.57534e+09	6.74661e+09	6.83997e+09	6.91509e+09	7.58533e+09	7.55957e+09	6.82335e+09	7.56431e+09	5.86941e+09	6.10448e+09	5.89608e+09	6.64615e+09	5.81179e+09	5.33414e+09	7.89863e+09	7.7532e+09	7.75008e+09	5.50545e+09	7.26544e+09	6.89209e+09	6.58828e+09	6.03802e+09	6.90689e+09	6.90596e+09	6.31458e+09	6.94773e+09	5.98034e+09	6.30277e+09	5.66692e+09	5.87077e+09	6.28568e+09	6.19972e+09
ERR636772	8.20173e+09	8.14463e+09	8.14707e+09	8.4207e+09	7.83327e+09	8.19581e+09	7.37048e+09	6.59926e+09	7.01749e+09	6.40233e+09	7.24584e+09	7.33168e+09	5.76425e+09	5.77939e+09	7.07598e+09	7.38074e+09	5.5532e+09	7.71731e+09	6.36075e+09	8.01993e+09	7.51303e+09	7.95683e+09	7.54603e+09	6.30188e+09	7.76662e+09	7.49522e+09	7.0106e+09	7.40586e+09	7.01689e+09	7.36635e+09	7.35253e+09	7.41753e+09	7.53436e+09	7.57203e+09	6.91694e+09	7.34158e+09	5.97163e+09	6.30409e+09	6.18732e+09	5.82504e+09	6.30967e+09	5.59303e+09	6.66693e+09	7.87806e+09	7.81748e+09	7.23082e+09	7.32717e+09	7.23595e+09	7.07209e+09	6.99872e+09	7.04761e+09	7.19861e+09	7.17939e+09	6.72002e+09	7.02576e+09	7.12541e+09	7.01548e+09	6.96771e+09	7.03589e+09	7.75758e+09	6.80205e+09	6.85556e+09	7.13513e+09	6.85885e+09	6.60623e+09	6.77735e+09	6.8696e+09	6.94542e+09	7.62206e+09	7.59562e+09	6.85371e+09	7.6006e+09	5.89046e+09	6.12744e+09	5.91721e+09	6.67154e+09	5.83274e+09	5.35614e+09	7.93866e+09	7.79152e+09	7.78855e+09	5.53237e+09	7.29763e+09	6.92381e+09	6.62673e+09	6.07062e+09	6.94585e+09	6.94434e+09	6.34959e+09	6.98688e+09	6.00613e+09	6.32915e+09	5.68922e+09	5.89421e+09	6.3117e+09	6.22788e+09
ERR636769	7.84553e+09	7.79974e+09	7.80214e+09	7.83327e+09	7.72626e+09	7.83978e+09	7.08021e+09	6.36136e+09	6.75384e+09	6.17225e+09	6.9639e+09	7.04419e+09	5.53122e+09	5.54593e+09	6.76331e+09	7.04701e+09	5.33427e+09	7.35839e+09	6.09608e+09	7.65425e+09	7.18401e+09	7.59629e+09	7.21346e+09	6.04071e+09	7.40286e+09	7.15172e+09	6.6942e+09	7.06393e+09	6.70055e+09	7.03297e+09	7.05352e+09	7.11702e+09	7.22593e+09	7.26154e+09	6.64551e+09	7.04126e+09	5.69535e+09	6.00383e+09	5.89744e+09	5.55635e+09	6.00835e+09	5.33903e+09	6.42077e+09	7.54778e+09	7.49251e+09	6.94454e+09	7.0382e+09	6.94997e+09	6.7404e+09	6.67248e+09	6.71816e+09	6.8598e+09	6.84326e+09	6.41537e+09	6.72235e+09	6.81228e+09	6.71189e+09	6.66357e+09	6.73095e+09	7.4072e+09	6.51453e+09	6.5654e+09	6.82672e+09	6.56711e+09	6.33215e+09	6.49145e+09	6.58622e+09	6.65791e+09	7.29506e+09	7.27023e+09	6.57125e+09	7.27486e+09	5.64792e+09	5.87248e+09	5.67309e+09	6.38616e+09	5.59331e+09	5.14544e+09	7.54142e+09	7.40359e+09	7.40005e+09	5.29401e+09	6.94083e+09	6.594e+09	6.31713e+09	5.79141e+09	6.6127e+09	6.61045e+09	6.05469e+09	6.64982e+09	5.73953e+09	6.04102e+09	5.43992e+09	5.63255e+09	6.0249e+09	5.94928e+09
ERR636773	8.20953e+09	8.15148e+09	8.15516e+09	8.19581e+09	7.83978e+09	8.43526e+09	7.37577e+09	6.6031e+09	7.02171e+09	6.40631e+09	7.25106e+09	7.33694e+09	5.77109e+09	5.78667e+09	7.08599e+09	7.39135e+09	5.55925e+09	7.72915e+09	6.36999e+09	8.03195e+09	7.52367e+09	7.96863e+09	7.55678e+09	6.31135e+09	7.77704e+09	7.50488e+09	7.02065e+09	7.41609e+09	7.02707e+09	7.37569e+09	7.35996e+09	7.42519e+09	7.5422e+09	7.57987e+09	6.92426e+09	7.34924e+09	5.98096e+09	6.31454e+09	6.19621e+09	5.83436e+09	6.31996e+09	5.60145e+09	6.67309e+09	7.88645e+09	7.82597e+09	7.23801e+09	7.33521e+09	7.24398e+09	7.08286e+09	7.00883e+09	7.05717e+09	7.20908e+09	7.18984e+09	6.72888e+09	7.0355e+09	7.13525e+09	7.02514e+09	6.9774e+09	7.04508e+09	7.76919e+09	6.81017e+09	6.86405e+09	7.1437e+09	6.86714e+09	6.61374e+09	6.78578e+09	6.8772e+09	6.95262e+09	7.6299e+09	7.60341e+09	6.86126e+09	7.60883e+09	5.89838e+09	6.13586e+09	5.9257e+09	6.68075e+09	5.84087e+09	5.3625e+09	7.9521e+09	7.80436e+09	7.80143e+09	5.53905e+09	7.30955e+09	6.93462e+09	6.63444e+09	6.07874e+09	6.95498e+09	6.95349e+09	6.35772e+09	6.99628e+09	6.01457e+09	6.33876e+09	5.69702e+09	5.90279e+09	6.32094e+09	6.23665e+09
ERR630233	7.38053e+09	7.34109e+09	7.33791e+09	7.37048e+09	7.08021e+09	7.37577e+09	7.76024e+09	6.77513e+09	7.20441e+09	6.56576e+09	7.42001e+09	7.50718e+09	5.25508e+09	5.27001e+09	6.4182e+09	6.68863e+09	5.07156e+09	6.97683e+09	5.70716e+09	7.18273e+09	6.74265e+09	7.1256e+09	6.76831e+09	5.65753e+09	6.92658e+09	6.68714e+09	6.24106e+09	6.59329e+09	6.24819e+09	6.58187e+09	6.62928e+09	6.69127e+09	6.79226e+09	6.82615e+09	6.24455e+09	6.60991e+09	5.36069e+09	5.6457e+09	5.55671e+09	5.22353e+09	5.65002e+09	5.02158e+09	6.10879e+09	7.15457e+09	7.10596e+09	6.57969e+09	6.67738e+09	6.58467e+09	6.81983e+09	6.75383e+09	6.80732e+09	6.94528e+09	6.93381e+09	6.51224e+09	6.4615e+09	6.54698e+09	6.45116e+09	6.39994e+09	6.47112e+09	7.1182e+09	6.74848e+09	6.80286e+09	7.06627e+09	6.80617e+09	6.56894e+09	6.72552e+09	6.80684e+09	6.88142e+09	7.53559e+09	7.50854e+09	6.7886e+09	7.51036e+09	5.80701e+09	6.035e+09	5.82905e+09	6.54988e+09	5.74775e+09	5.30783e+09	7.6879e+09	7.55024e+09	7.54788e+09	5.45781e+09	7.08821e+09	6.74677e+09	6.55382e+09	6.01223e+09	6.84124e+09	6.83447e+09	6.28098e+09	6.87873e+09	5.96826e+09	6.27176e+09	5.65586e+09	5.85179e+09	6.25641e+09	6.1909e+09
ERR630231	6.60709e+09	6.57522e+09	6.57198e+09	6.59926e+09	6.36136e+09	6.6031e+09	6.77513e+09	6.31979e+09	6.50043e+09	5.96235e+09	6.67416e+09	6.74333e+09	4.74531e+09	4.7581e+09	5.75092e+09	5.98314e+09	4.58671e+09	6.22544e+09	5.13337e+09	6.41202e+09	6.03852e+09	6.36291e+09	6.05849e+09	5.09143e+09	6.1808e+09	5.97531e+09	5.58315e+09	5.88948e+09	5.59091e+09	5.88787e+09	5.95933e+09	6.0143e+09	6.10046e+09	6.12944e+09	5.62735e+09	5.9403e+09	4.78983e+09	5.03275e+09	4.9615e+09	4.66835e+09	5.03738e+09	4.4938e+09	5.53589e+09	6.41933e+09	6.37895e+09	5.93231e+09	6.01889e+09	5.93673e+09	6.07088e+09	6.01625e+09	6.06414e+09	6.18103e+09	6.17416e+09	5.81697e+09	5.80069e+09	5.87153e+09	5.7904e+09	5.74273e+09	5.8084e+09	6.36386e+09	6.05593e+09	6.1031e+09	6.32785e+09	6.10652e+09	5.90642e+09	6.03693e+09	6.11483e+09	6.17868e+09	6.73696e+09	6.71243e+09	6.1002e+09	6.71492e+09	5.23522e+09	5.43363e+09	5.25356e+09	5.8754e+09	5.18381e+09	4.81245e+09	6.80053e+09	6.68244e+09	6.67971e+09	4.90473e+09	6.28549e+09	5.99775e+09	5.83585e+09	5.36767e+09	6.07531e+09	6.06792e+09	5.60016e+09	6.10672e+09	5.34544e+09	5.6017e+09	5.07605e+09	5.24316e+09	5.58756e+09	5.53815e+09
ERR630235	7.0254e+09	6.99294e+09	6.98595e+09	7.01749e+09	6.75384e+09	7.02171e+09	7.20441e+09	6.50043e+09	7.09885e+09	6.30084e+09	7.08888e+09	7.16752e+09	5.01022e+09	5.02461e+09	6.09509e+09	6.34675e+09	4.84075e+09	6.61037e+09	5.42064e+09	6.80889e+09	6.40136e+09	6.75607e+09	6.42341e+09	5.37494e+09	6.56617e+09	6.34445e+09	5.91735e+09	6.24888e+09	5.92453e+09	6.24916e+09	6.31928e+09	6.3801e+09	6.4737e+09	6.50652e+09	5.95758e+09	6.29683e+09	5.07311e+09	5.33434e+09	5.25913e+09	4.94098e+09	5.33862e+09	4.75302e+09	5.8459e+09	6.81055e+09	6.76497e+09	6.2729e+09	6.36902e+09	6.27826e+09	6.455e+09	6.39484e+09	6.44674e+09	6.57499e+09	6.56653e+09	6.1796e+09	6.13955e+09	6.21646e+09	6.12834e+09	6.07569e+09	6.14814e+09	6.75199e+09	6.42012e+09	6.47198e+09	6.71612e+09	6.47579e+09	6.25773e+09	6.39931e+09	6.47923e+09	6.55038e+09	7.16384e+09	7.13722e+09	6.46377e+09	7.13924e+09	5.52414e+09	5.73919e+09	5.54385e+09	6.21803e+09	5.46804e+09	5.06912e+09	7.24517e+09	7.11665e+09	7.11395e+09	5.18971e+09	6.6834e+09	6.37113e+09	6.21166e+09	5.6981e+09	6.46934e+09	6.4618e+09	5.95178e+09	6.50229e+09	5.65943e+09	5.9365e+09	5.36585e+09	5.54774e+09	5.92217e+09	5.87053e+09
ERR630232	6.40939e+09	6.37724e+09	6.37612e+09	6.40233e+09	6.17225e+09	6.40631e+09	6.56576e+09	5.96235e+09	6.30084e+09	5.96372e+09	6.47151e+09	6.53566e+09	4.62353e+09	4.63527e+09	5.59223e+09	5.81552e+09	4.46931e+09	6.05024e+09	4.99796e+09	6.22476e+09	5.86638e+09	6.17793e+09	5.88581e+09	4.95754e+09	6.00406e+09	5.80508e+09	5.43073e+09	5.72446e+09	5.43788e+09	5.7209e+09	5.78721e+09	5.83956e+09	5.92176e+09	5.95038e+09	5.46893e+09	5.7714e+09	4.66472e+09	4.90036e+09	4.8305e+09	4.54895e+09	4.90404e+09	4.37978e+09	5.38247e+09	6.23165e+09	6.19297e+09	5.76665e+09	5.84802e+09	5.77065e+09	5.89782e+09	5.8448e+09	5.89224e+09	6.0028e+09	5.9976e+09	5.65132e+09	5.64081e+09	5.70984e+09	5.63113e+09	5.58666e+09	5.64829e+09	6.18252e+09	5.88421e+09	5.92877e+09	6.14543e+09	5.9336e+09	5.73978e+09	5.86576e+09	5.94197e+09	6.00313e+09	6.53407e+09	6.51182e+09	5.92791e+09	6.51417e+09	5.10057e+09	5.29045e+09	5.11779e+09	5.71489e+09	5.05044e+09	4.68974e+09	6.60041e+09	6.48678e+09	6.48477e+09	4.77497e+09	6.10726e+09	5.82974e+09	5.66699e+09	5.2208e+09	5.89894e+09	5.89266e+09	5.44203e+09	5.9304e+09	5.20142e+09	5.44825e+09	4.94436e+09	5.10519e+09	5.43556e+09	5.38627e+09
ERR630230	7.25512e+09	7.21527e+09	7.21466e+09	7.24584e+09	6.9639e+09	7.25106e+09	7.42001e+09	6.67416e+09	7.08888e+09	6.47151e+09	7.50744e+09	7.38214e+09	5.17089e+09	5.18528e+09	6.3093e+09	6.57337e+09	4.99119e+09	6.85563e+09	5.61591e+09	7.05949e+09	6.62948e+09	7.00311e+09	6.65406e+09	5.56819e+09	6.80257e+09	6.56801e+09	6.13244e+09	6.47701e+09	6.14012e+09	6.46581e+09	6.51941e+09	6.57975e+09	6.67828e+09	6.7116e+09	6.14378e+09	6.5016e+09	5.2652e+09	5.54343e+09	5.45658e+09	5.1317e+09	5.54782e+09	4.93446e+09	6.01722e+09	7.03754e+09	6.99024e+09	6.47787e+09	6.57302e+09	6.48296e+09	6.69329e+09	6.62941e+09	6.68328e+09	6.81613e+09	6.80733e+09	6.3948e+09	6.35389e+09	6.43795e+09	6.34382e+09	6.29485e+09	6.3637e+09	6.99617e+09	6.63572e+09	6.68828e+09	6.94625e+09	6.69245e+09	6.46051e+09	6.613e+09	6.69466e+09	6.7667e+09	7.40326e+09	7.37657e+09	6.67659e+09	7.37877e+09	5.71623e+09	5.9388e+09	5.73763e+09	6.44148e+09	5.65784e+09	5.2272e+09	7.53936e+09	7.40573e+09	7.40282e+09	5.36379e+09	6.95537e+09	6.62235e+09	6.42941e+09	5.90415e+09	6.70976e+09	6.70353e+09	6.16547e+09	6.74843e+09	5.86548e+09	6.16189e+09	5.5622e+09	5.75322e+09	6.14692e+09	6.08358e+09
ERR630234	7.34164e+09	7.302e+09	7.29984e+09	7.33168e+09	7.04419e+09	7.33694e+09	7.50718e+09	6.74333e+09	7.16752e+09	6.53566e+09	7.38214e+09	7.67974e+09	5.2302e+09	5.24486e+09	6.38534e+09	6.65308e+09	5.04759e+09	6.94024e+09	5.68108e+09	7.14454e+09	6.70815e+09	7.08794e+09	6.7336e+09	5.63186e+09	6.88873e+09	6.65101e+09	6.20973e+09	6.55901e+09	6.21701e+09	6.54652e+09	6.59554e+09	6.65714e+09	6.75774e+09	6.79095e+09	6.21414e+09	6.57725e+09	5.33367e+09	5.61688e+09	5.52775e+09	5.19832e+09	5.62096e+09	4.99753e+09	6.08159e+09	7.11955e+09	7.07151e+09	6.55108e+09	6.64681e+09	6.55607e+09	6.78249e+09	6.71668e+09	6.76989e+09	6.90693e+09	6.89608e+09	6.47688e+09	6.43063e+09	6.51565e+09	6.42043e+09	6.37011e+09	6.44009e+09	7.08231e+09	6.71436e+09	6.76846e+09	7.02948e+09	6.77082e+09	6.53579e+09	6.69182e+09	6.77347e+09	6.84728e+09	7.49516e+09	7.46789e+09	6.75551e+09	7.47052e+09	5.78209e+09	6.00862e+09	5.80437e+09	6.51965e+09	5.72366e+09	5.28512e+09	7.64517e+09	7.50969e+09	7.50682e+09	5.43086e+09	7.05113e+09	6.71265e+09	6.51636e+09	5.98022e+09	6.80202e+09	6.79608e+09	6.24634e+09	6.84032e+09	5.93974e+09	6.24146e+09	5.63038e+09	5.82487e+09	6.22602e+09	6.1601e+09
ERR613232	5.77447e+09	5.73634e+09	5.73907e+09	5.76425e+09	5.53122e+09	5.77109e+09	5.25508e+09	4.74531e+09	5.01022e+09	4.62353e+09	5.17089e+09	5.2302e+09	4.66319e+09	4.50542e+09	5.37298e+09	5.56955e+09	4.34549e+09	5.79166e+09	4.75667e+09	5.79846e+09	5.478e+09	5.76003e+09	5.50338e+09	4.7174e+09	5.67898e+09	5.50556e+09	5.21068e+09	5.45979e+09	5.21415e+09	5.42241e+09	5.32399e+09	5.35743e+09	5.43137e+09	5.45384e+09	5.05238e+09	5.32258e+09	4.61111e+09	4.84317e+09	4.75612e+09	4.51215e+09	4.8486e+09	4.34855e+09	4.87892e+09	5.6541e+09	5.61704e+09	5.25624e+09	5.30759e+09	5.25853e+09	5.25237e+09	5.20347e+09	5.23382e+09	5.33314e+09	5.317e+09	5.01506e+09	5.19657e+09	5.26793e+09	5.19153e+09	5.17198e+09	5.20366e+09	5.66149e+09	5.0699e+09	5.10328e+09	5.2824e+09	5.10282e+09	4.93816e+09	5.05573e+09	5.09235e+09	5.13751e+09	5.55016e+09	5.53633e+09	5.08261e+09	5.53963e+09	4.44314e+09	4.59616e+09	4.46131e+09	4.94816e+09	4.40594e+09	4.07767e+09	5.85091e+09	5.76186e+09	5.7596e+09	4.25961e+09	5.44389e+09	5.19854e+09	4.97574e+09	4.61506e+09	5.19276e+09	5.19365e+09	4.80026e+09	5.22098e+09	4.57258e+09	4.79151e+09	4.36001e+09	4.49768e+09	4.77838e+09	4.71378e+09
ERR613231	5.78944e+09	5.75142e+09	5.75398e+09	5.77939e+09	5.54593e+09	5.78667e+09	5.27001e+09	4.7581e+09	5.02461e+09	4.63527e+09	5.18528e+09	5.24486e+09	4.50542e+09	4.68151e+09	5.38478e+09	5.58137e+09	4.35479e+09	5.80394e+09	4.76542e+09	5.81146e+09	5.4906e+09	5.77355e+09	5.51557e+09	4.72555e+09	5.69188e+09	5.51813e+09	5.22055e+09	5.47098e+09	5.22487e+09	5.43422e+09	5.33713e+09	5.3706e+09	5.44537e+09	5.46687e+09	5.0638e+09	5.33509e+09	4.61888e+09	4.85105e+09	4.76463e+09	4.5194e+09	4.85722e+09	4.35502e+09	4.88963e+09	5.66667e+09	5.62929e+09	5.26679e+09	5.31833e+09	5.26857e+09	5.26423e+09	5.21562e+09	5.24542e+09	5.34635e+09	5.32911e+09	5.02736e+09	5.2072e+09	5.27858e+09	5.20158e+09	5.18211e+09	5.21488e+09	5.67378e+09	5.08177e+09	5.1156e+09	5.295e+09	5.1159e+09	4.95012e+09	5.06773e+09	5.10375e+09	5.14941e+09	5.56461e+09	5.55051e+09	5.09434e+09	5.55361e+09	4.45097e+09	4.60491e+09	4.4689e+09	4.95764e+09	4.41325e+09	4.08521e+09	5.86321e+09	5.77335e+09	5.7712e+09	4.26764e+09	5.45435e+09	5.20837e+09	4.98689e+09	4.62456e+09	5.20441e+09	5.20494e+09	4.81089e+09	5.23195e+09	4.58084e+09	4.80059e+09	4.36784e+09	4.50568e+09	4.78714e+09	4.72378e+09
ERR613229	7.0902e+09	7.03707e+09	7.04335e+09	7.07598e+09	6.76331e+09	7.08599e+09	6.4182e+09	5.75092e+09	6.09509e+09	5.59223e+09	6.3093e+09	6.38534e+09	5.37298e+09	5.38478e+09	6.76941e+09	6.81435e+09	5.17612e+09	7.11643e+09	5.74903e+09	7.13637e+09	6.70502e+09	7.08295e+09	6.73844e+09	5.69743e+09	6.96211e+09	6.72641e+09	6.33594e+09	6.66979e+09	6.34086e+09	6.61548e+09	6.49065e+09	6.5342e+09	6.63305e+09	6.66302e+09	6.12932e+09	6.49147e+09	5.55253e+09	5.85855e+09	5.73978e+09	5.42569e+09	5.86595e+09	5.21458e+09	5.89565e+09	6.92976e+09	6.88055e+09	6.39903e+09	6.46579e+09	6.4018e+09	6.4034e+09	6.3386e+09	6.37894e+09	6.51048e+09	6.48986e+09	6.0868e+09	6.32251e+09	6.41831e+09	6.316e+09	6.29204e+09	6.3324e+09	6.94618e+09	6.16478e+09	6.20915e+09	6.44903e+09	6.20973e+09	5.98962e+09	6.14563e+09	6.19384e+09	6.25382e+09	6.80304e+09	6.78522e+09	6.18061e+09	6.78882e+09	5.34417e+09	5.5433e+09	5.36786e+09	6.00959e+09	5.29449e+09	4.86624e+09	7.21135e+09	7.09174e+09	7.09002e+09	5.09662e+09	6.66946e+09	6.33907e+09	6.03628e+09	5.56765e+09	6.32739e+09	6.32849e+09	5.80968e+09	6.36691e+09	5.50973e+09	5.80058e+09	5.23445e+09	5.41439e+09	5.78306e+09	5.6949e+09
ERR613228	7.39615e+09	7.33987e+09	7.34707e+09	7.38074e+09	7.04701e+09	7.39135e+09	6.68863e+09	5.98314e+09	6.34675e+09	5.81552e+09	6.57337e+09	6.65308e+09	5.56955e+09	5.58137e+09	6.81435e+09	7.33287e+09	5.36146e+09	7.42148e+09	5.97318e+09	7.44606e+09	6.98686e+09	7.38881e+09	7.02132e+09	5.91793e+09	7.25911e+09	7.00908e+09	6.59432e+09	6.94828e+09	6.59914e+09	6.89046e+09	6.75784e+09	6.80532e+09	6.90955e+09	6.94157e+09	6.3742e+09	6.75959e+09	5.76778e+09	6.09074e+09	5.96492e+09	5.63398e+09	6.09919e+09	5.41217e+09	6.12646e+09	7.2259e+09	7.17453e+09	6.66105e+09	6.73231e+09	6.66371e+09	6.67062e+09	6.6019e+09	6.64479e+09	6.78356e+09	6.76256e+09	6.33417e+09	6.58013e+09	6.68227e+09	6.57352e+09	6.54822e+09	6.59088e+09	7.24404e+09	6.41451e+09	6.4617e+09	6.71598e+09	6.46287e+09	6.2297e+09	6.39458e+09	6.44513e+09	6.50914e+09	7.09279e+09	7.07287e+09	6.43105e+09	7.07794e+09	5.55015e+09	5.75979e+09	5.57467e+09	6.25286e+09	5.49705e+09	5.04574e+09	7.52795e+09	7.40119e+09	7.39909e+09	5.28742e+09	6.95276e+09	6.60095e+09	6.2827e+09	5.78679e+09	6.59079e+09	6.59216e+09	6.04208e+09	6.63223e+09	5.72517e+09	6.03186e+09	5.43539e+09	5.62459e+09	6.01429e+09	5.9207e+09
ERR613230	5.56262e+09	5.52821e+09	5.52877e+09	5.5532e+09	5.33427e+09	5.55925e+09	5.07156e+09	4.58671e+09	4.84075e+09	4.46931e+09	4.99119e+09	5.04759e+09	4.34549e+09	4.35479e+09	5.17612e+09	5.36146e+09	4.36242e+09	5.5706e+09	4.58555e+09	5.57773e+09	5.27421e+09	5.54219e+09	5.29811e+09	4.54832e+09	5.46691e+09	5.30322e+09	5.01955e+09	5.25692e+09	5.02306e+09	5.22474e+09	5.13428e+09	5.16723e+09	5.23728e+09	5.25871e+09	4.87665e+09	5.13145e+09	4.44558e+09	4.66529e+09	4.58424e+09	4.35046e+09	4.67059e+09	4.19417e+09	4.71064e+09	5.44396e+09	5.40842e+09	5.06524e+09	5.11553e+09	5.0672e+09	5.05844e+09	5.01299e+09	5.04128e+09	5.13652e+09	5.12036e+09	4.83598e+09	5.0069e+09	5.07347e+09	5.00168e+09	4.98158e+09	5.01381e+09	5.44735e+09	4.8884e+09	4.92052e+09	5.09031e+09	4.92031e+09	4.76463e+09	4.87542e+09	4.91104e+09	4.95444e+09	5.34832e+09	5.33484e+09	4.90238e+09	5.33807e+09	4.28701e+09	4.43318e+09	4.3044e+09	4.76784e+09	4.25161e+09	3.94237e+09	5.62314e+09	5.53764e+09	5.53623e+09	4.11649e+09	5.23528e+09	5.00329e+09	4.79901e+09	4.45289e+09	5.00382e+09	5.00295e+09	4.63101e+09	5.02881e+09	4.41062e+09	4.61747e+09	4.20769e+09	4.3386e+09	4.60576e+09	4.54655e+09
ERR613227	7.73394e+09	7.67035e+09	7.68305e+09	7.71731e+09	7.35839e+09	7.72915e+09	6.97683e+09	6.22544e+09	6.61037e+09	6.05024e+09	6.85563e+09	6.94024e+09	5.79166e+09	5.80394e+09	7.11643e+09	7.42148e+09	5.5706e+09	8.02647e+09	6.23343e+09	7.8027e+09	7.30767e+09	7.74193e+09	7.34704e+09	6.175e+09	7.60169e+09	7.33194e+09	6.89522e+09	7.27313e+09	6.90009e+09	7.20165e+09	7.05257e+09	7.10252e+09	7.21484e+09	7.24886e+09	6.64563e+09	7.05846e+09	6.02195e+09	6.36975e+09	6.22908e+09	5.88383e+09	6.37726e+09	5.64733e+09	6.37826e+09	7.55862e+09	7.5036e+09	6.95602e+09	7.0283e+09	6.95905e+09	6.97373e+09	6.89977e+09	6.94457e+09	7.09268e+09	7.06855e+09	6.6094e+09	6.8753e+09	6.98571e+09	6.86911e+09	6.84519e+09	6.88701e+09	7.58716e+09	6.68852e+09	6.73787e+09	7.0091e+09	6.7383e+09	6.48976e+09	6.66704e+09	6.72156e+09	6.78938e+09	7.40883e+09	7.38853e+09	6.70593e+09	7.39326e+09	5.78414e+09	6.00445e+09	5.81041e+09	6.52979e+09	5.72802e+09	5.24415e+09	7.90064e+09	7.76487e+09	7.76298e+09	5.5009e+09	7.28852e+09	6.90744e+09	6.55362e+09	6.03309e+09	6.88646e+09	6.88917e+09	6.30164e+09	6.93238e+09	5.97288e+09	6.30246e+09	5.66835e+09	5.86953e+09	6.28378e+09	6.17876e+09
ERR626870	6.37632e+09	6.32404e+09	6.33811e+09	6.36075e+09	6.09608e+09	6.36999e+09	5.70716e+09	5.13337e+09	5.42064e+09	4.99796e+09	5.61591e+09	5.68108e+09	4.75667e+09	4.76542e+09	5.74903e+09	5.97318e+09	4.58555e+09	6.23343e+09	5.57868e+09	6.61174e+09	6.23146e+09	6.56691e+09	6.26029e+09	5.34394e+09	6.26689e+09	6.06308e+09	5.73776e+09	6.0241e+09	5.74305e+09	5.96356e+09	5.91203e+09	5.9481e+09	6.03378e+09	6.06053e+09	5.59973e+09	5.92019e+09	4.98595e+09	5.2562e+09	5.14243e+09	4.88437e+09	5.26315e+09	4.69996e+09	5.34778e+09	6.24855e+09	6.2079e+09	5.80276e+09	5.85064e+09	5.80546e+09	5.69723e+09	5.64018e+09	5.6703e+09	5.78692e+09	5.76404e+09	5.40881e+09	5.70282e+09	5.78646e+09	5.69892e+09	5.68163e+09	5.7112e+09	6.24374e+09	5.43072e+09	5.46543e+09	5.67395e+09	5.46432e+09	5.27259e+09	5.41279e+09	5.46785e+09	5.51812e+09	5.98682e+09	5.97157e+09	5.45571e+09	5.97538e+09	4.7971e+09	4.96804e+09	4.81772e+09	5.37943e+09	4.75274e+09	4.36326e+09	6.38025e+09	6.27891e+09	6.27693e+09	4.52681e+09	5.91616e+09	5.62628e+09	5.34005e+09	4.94291e+09	5.60266e+09	5.60521e+09	5.15024e+09	5.63838e+09	4.92253e+09	5.18276e+09	4.68676e+09	4.84476e+09	5.16689e+09	5.08227e+09
ERR626867	8.0399e+09	7.97198e+09	7.98442e+09	8.01993e+09	7.65425e+09	8.03195e+09	7.18273e+09	6.41202e+09	6.80889e+09	6.22476e+09	7.05949e+09	7.14454e+09	5.79846e+09	5.81146e+09	7.13637e+09	7.44606e+09	5.57773e+09	7.8027e+09	6.61174e+09	8.58522e+09	7.79068e+09	8.261e+09	7.82911e+09	6.54677e+09	7.85113e+09	7.56904e+09	7.10445e+09	7.50275e+09	7.11121e+09	7.43357e+09	7.38091e+09	7.43611e+09	7.554e+09	7.59195e+09	6.94615e+09	7.38456e+09	6.0974e+09	6.45333e+09	6.31016e+09	5.95677e+09	6.4608e+09	5.7158e+09	6.61589e+09	7.84635e+09	7.78835e+09	7.21544e+09	7.29215e+09	7.22039e+09	7.08857e+09	7.01156e+09	7.05677e+09	7.21403e+09	7.18724e+09	6.70791e+09	7.07345e+09	7.18523e+09	7.06601e+09	7.03482e+09	7.08486e+09	7.82322e+09	6.74878e+09	6.79939e+09	7.08473e+09	6.80108e+09	6.54236e+09	6.72527e+09	6.79567e+09	6.86607e+09	7.52335e+09	7.50018e+09	6.7791e+09	7.50573e+09	5.86376e+09	6.09552e+09	5.89135e+09	6.64866e+09	5.80533e+09	5.30631e+09	8.01574e+09	7.87224e+09	7.87015e+09	5.51941e+09	7.36888e+09	6.97478e+09	6.62616e+09	6.08062e+09	6.9707e+09	6.97265e+09	6.36152e+09	7.01925e+09	6.03536e+09	6.37793e+09	5.71766e+09	5.92765e+09	6.3574e+09	6.25417e+09
ERR626868	7.53087e+09	7.47112e+09	7.48112e+09	7.51303e+09	7.18401e+09	7.52367e+09	6.74265e+09	6.03852e+09	6.40136e+09	5.86638e+09	6.62948e+09	6.70815e+09	5.478e+09	5.4906e+09	6.70502e+09	6.98686e+09	5.27421e+09	7.30767e+09	6.23146e+09	7.79068e+09	7.54219e+09	7.7316e+09	7.34311e+09	6.17192e+09	7.35663e+09	7.10192e+09	6.67573e+09	7.03904e+09	6.68246e+09	6.97918e+09	6.93871e+09	6.9883e+09	7.0948e+09	7.12975e+09	6.54182e+09	6.94061e+09	5.74275e+09	6.06779e+09	5.93837e+09	5.61143e+09	6.07455e+09	5.38926e+09	6.24061e+09	7.35676e+09	7.3037e+09	6.78624e+09	6.85643e+09	6.79026e+09	6.65138e+09	6.58197e+09	6.62275e+09	6.76714e+09	6.7425e+09	6.30584e+09	6.6493e+09	6.74976e+09	6.64189e+09	6.61187e+09	6.65956e+09	7.33007e+09	6.34555e+09	6.39178e+09	6.65266e+09	6.39396e+09	6.1566e+09	6.32384e+09	6.3918e+09	6.45613e+09	7.05651e+09	7.03501e+09	6.377e+09	7.03978e+09	5.53138e+09	5.74604e+09	5.55692e+09	6.25411e+09	5.47725e+09	5.01798e+09	7.49212e+09	7.36205e+09	7.35917e+09	5.21149e+09	6.90241e+09	6.54484e+09	6.22706e+09	5.7241e+09	6.54171e+09	6.54248e+09	5.98391e+09	6.58522e+09	5.68466e+09	5.99861e+09	5.39038e+09	5.58382e+09	5.9794e+09	5.88607e+09
ERR626872	7.97663e+09	7.9103e+09	7.92253e+09	7.95683e+09	7.59629e+09	7.96863e+09	7.1256e+09	6.36291e+09	6.75607e+09	6.17793e+09	7.00311e+09	7.08794e+09	5.76003e+09	5.77355e+09	7.08295e+09	7.38881e+09	5.54219e+09	7.74193e+09	6.56691e+09	8.261e+09	7.7316e+09	8.45419e+09	7.7702e+09	6.50219e+09	7.7955e+09	7.51757e+09	7.05734e+09	7.45136e+09	7.06409e+09	7.38191e+09	7.32809e+09	7.38347e+09	7.50014e+09	7.53744e+09	6.8989e+09	7.33198e+09	6.05977e+09	6.41252e+09	6.26951e+09	5.91984e+09	6.41919e+09	5.68047e+09	6.56936e+09	7.78596e+09	7.72788e+09	7.16316e+09	7.23858e+09	7.16701e+09	7.03675e+09	6.96077e+09	7.00341e+09	7.16078e+09	7.13265e+09	6.65937e+09	7.02423e+09	7.1334e+09	7.01619e+09	6.98552e+09	7.03555e+09	7.76607e+09	6.69513e+09	6.74464e+09	7.02603e+09	6.74614e+09	6.49117e+09	6.67184e+09	6.74395e+09	6.81374e+09	7.46368e+09	7.44029e+09	6.72731e+09	7.44529e+09	5.82246e+09	6.05186e+09	5.84949e+09	6.59931e+09	5.76496e+09	5.27022e+09	7.95138e+09	7.81002e+09	7.80746e+09	5.48458e+09	7.31217e+09	6.92313e+09	6.578e+09	6.03682e+09	6.91936e+09	6.9208e+09	6.31519e+09	6.96626e+09	5.994e+09	6.33266e+09	5.67846e+09	5.88636e+09	6.31328e+09	6.20967e+09
ERR626869	7.56421e+09	7.50332e+09	7.51406e+09	7.54603e+09	7.21346e+09	7.55678e+09	6.76831e+09	6.05849e+09	6.42341e+09	5.88581e+09	6.65406e+09	6.7336e+09	5.50338e+09	5.51557e+09	6.73844e+09	7.02132e+09	5.29811e+09	7.34704e+09	6.26029e+09	7.82911e+09	7.34311e+09	7.7702e+09	7.61355e+09	6.2e+09	7.39493e+09	7.13848e+09	6.71153e+09	7.07691e+09	6.71802e+09	7.01355e+09	6.96741e+09	7.01717e+09	7.1251e+09	7.16012e+09	6.56903e+09	6.97098e+09	5.77508e+09	6.10357e+09	5.97189e+09	5.64409e+09	6.11021e+09	5.41995e+09	6.26317e+09	7.39026e+09	7.33735e+09	6.81576e+09	6.88487e+09	6.81995e+09	6.68678e+09	6.61666e+09	6.65703e+09	6.80291e+09	6.77704e+09	6.3372e+09	6.68202e+09	6.78424e+09	6.6754e+09	6.64542e+09	6.69258e+09	7.36925e+09	6.37427e+09	6.4204e+09	6.68204e+09	6.42129e+09	6.18296e+09	6.35215e+09	6.42088e+09	6.48549e+09	7.08706e+09	7.06583e+09	6.40512e+09	7.07102e+09	5.55862e+09	5.77378e+09	5.58401e+09	6.28507e+09	5.50368e+09	5.03961e+09	7.53463e+09	7.40402e+09	7.40123e+09	5.23693e+09	6.94173e+09	6.58131e+09	6.25759e+09	5.75259e+09	6.57575e+09	6.57738e+09	6.01296e+09	6.61948e+09	5.71455e+09	6.03179e+09	5.4191e+09	5.61384e+09	6.01219e+09	5.91617e+09
ERR626871	6.31733e+09	6.26638e+09	6.27999e+09	6.30188e+09	6.04071e+09	6.31135e+09	5.65753e+09	5.09143e+09	5.37494e+09	4.95754e+09	5.56819e+09	5.63186e+09	4.7174e+09	4.72555e+09	5.69743e+09	5.91793e+09	4.54832e+09	6.175e+09	5.34394e+09	6.54677e+09	6.17192e+09	6.50219e+09	6.2e+09	5.47883e+09	6.20802e+09	6.0069e+09	5.68484e+09	5.96776e+09	5.68998e+09	5.90868e+09	5.85928e+09	5.89488e+09	5.97931e+09	6.00543e+09	5.55161e+09	5.86631e+09	4.94219e+09	5.20852e+09	5.09695e+09	4.8412e+09	5.21503e+09	4.65971e+09	5.3028e+09	6.19178e+09	6.15154e+09	5.75121e+09	5.79893e+09	5.75443e+09	5.64521e+09	5.58903e+09	5.61853e+09	5.73338e+09	5.71207e+09	5.3617e+09	5.65121e+09	5.73399e+09	5.64734e+09	5.62919e+09	5.65949e+09	6.18507e+09	5.38244e+09	5.41695e+09	5.62272e+09	5.41628e+09	5.22705e+09	5.36468e+09	5.42064e+09	5.46998e+09	5.93323e+09	5.91738e+09	5.40809e+09	5.92119e+09	4.75677e+09	4.92572e+09	4.77727e+09	5.33163e+09	4.71321e+09	4.32853e+09	6.32029e+09	6.2194e+09	6.2174e+09	4.49068e+09	5.86212e+09	5.57556e+09	5.29346e+09	4.90042e+09	5.55241e+09	5.55515e+09	5.1058e+09	5.58756e+09	4.88103e+09	5.13726e+09	4.64723e+09	4.80352e+09	5.12161e+09	5.0385e+09
ERR618633	7.78305e+09	7.72264e+09	7.7284e+09	7.76662e+09	7.40286e+09	7.77704e+09	6.92658e+09	6.1808e+09	6.56617e+09	6.00406e+09	6.80257e+09	6.88873e+09	5.67898e+09	5.69188e+09	6.96211e+09	7.25911e+09	5.46691e+09	7.60169e+09	6.26689e+09	7.85113e+09	7.35663e+09	7.7955e+09	7.39493e+09	6.20802e+09	8.00232e+09	7.46843e+09	7.01161e+09	7.39914e+09	7.01575e+09	7.33254e+09	7.10344e+09	7.15537e+09	7.26838e+09	7.30256e+09	6.6917e+09	7.10199e+09	6.02216e+09	6.36811e+09	6.23142e+09	5.88205e+09	6.37431e+09	5.64543e+09	6.3921e+09	7.57451e+09	7.51807e+09	6.96626e+09	7.04119e+09	6.96957e+09	6.96005e+09	6.88594e+09	6.9269e+09	7.07979e+09	7.05269e+09	6.59698e+09	6.89895e+09	7.00601e+09	6.89103e+09	6.86169e+09	6.90955e+09	7.61358e+09	6.55805e+09	6.60647e+09	6.87323e+09	6.60614e+09	6.36198e+09	6.53588e+09	6.61137e+09	6.67973e+09	7.30263e+09	7.28068e+09	6.59618e+09	7.28547e+09	5.75152e+09	5.97392e+09	5.77805e+09	6.49918e+09	5.69664e+09	5.21776e+09	7.85655e+09	7.72008e+09	7.71856e+09	5.47295e+09	7.24151e+09	6.86457e+09	6.53988e+09	6.01086e+09	6.86923e+09	6.86979e+09	6.28111e+09	6.91154e+09	5.93885e+09	6.26527e+09	5.6324e+09	5.8347e+09	6.24713e+09	6.14695e+09
ERR618635	7.51087e+09	7.45544e+09	7.45962e+09	7.49522e+09	7.15172e+09	7.50488e+09	6.68714e+09	5.97531e+09	6.34445e+09	5.80508e+09	6.56801e+09	6.65101e+09	5.50556e+09	5.51813e+09	6.72641e+09	7.00908e+09	5.30322e+09	7.33194e+09	6.06308e+09	7.56904e+09	7.10192e+09	7.51757e+09	7.13848e+09	6.0069e+09	7.46843e+09	7.46291e+09	6.77728e+09	7.14479e+09	6.78162e+09	7.08355e+09	6.86686e+09	6.91709e+09	7.02348e+09	7.05675e+09	6.4748e+09	6.86393e+09	5.83317e+09	6.16184e+09	6.03244e+09	5.69814e+09	6.16722e+09	5.47136e+09	6.18768e+09	7.31253e+09	7.25843e+09	6.73208e+09	6.80498e+09	6.73608e+09	6.72132e+09	6.65105e+09	6.68838e+09	6.83528e+09	6.80856e+09	6.37753e+09	6.66743e+09	6.76765e+09	6.66009e+09	6.62956e+09	6.67772e+09	7.34476e+09	6.33522e+09	6.38169e+09	6.63436e+09	6.38008e+09	6.14897e+09	6.31485e+09	6.38681e+09	6.45146e+09	7.04522e+09	7.02421e+09	6.37218e+09	7.02939e+09	5.56561e+09	5.77937e+09	5.59208e+09	6.27913e+09	5.51371e+09	5.05704e+09	7.56727e+09	7.43811e+09	7.43615e+09	5.30346e+09	6.98296e+09	6.62681e+09	6.32272e+09	5.81446e+09	6.63501e+09	6.63513e+09	6.07382e+09	6.67298e+09	5.74736e+09	6.05642e+09	5.45258e+09	5.64686e+09	6.03977e+09	5.94552e+09
ERR618638	7.02636e+09	6.97088e+09	6.98085e+09	7.0106e+09	6.6942e+09	7.02065e+09	6.24106e+09	5.58315e+09	5.91735e+09	5.43073e+09	6.13244e+09	6.20973e+09	5.21068e+09	5.22055e+09	6.33594e+09	6.59432e+09	5.01955e+09	6.89522e+09	5.73776e+09	7.10445e+09	6.67573e+09	7.05734e+09	6.71153e+09	5.68484e+09	7.01161e+09	6.77728e+09	6.62339e+09	6.72929e+09	6.40012e+09	6.65631e+09	6.43912e+09	6.48229e+09	6.58091e+09	6.61044e+09	6.08393e+09	6.44248e+09	5.53221e+09	5.84141e+09	5.7128e+09	5.41235e+09	5.84755e+09	5.20143e+09	5.81743e+09	6.8598e+09	6.81049e+09	6.33447e+09	6.39406e+09	6.33759e+09	6.32136e+09	6.25538e+09	6.28784e+09	6.42243e+09	6.39589e+09	5.99679e+09	6.28138e+09	6.37599e+09	6.27561e+09	6.25441e+09	6.29027e+09	6.9015e+09	5.94918e+09	5.99013e+09	6.22156e+09	5.98676e+09	5.77399e+09	5.9295e+09	5.9976e+09	6.05568e+09	6.59054e+09	6.57271e+09	5.98438e+09	6.5773e+09	5.26451e+09	5.45769e+09	5.2891e+09	5.91861e+09	5.21726e+09	4.7832e+09	7.10979e+09	6.99389e+09	6.99195e+09	5.01656e+09	6.58226e+09	6.2512e+09	5.9404e+09	5.48413e+09	6.23476e+09	6.23646e+09	5.71953e+09	6.27158e+09	5.43525e+09	5.72547e+09	5.16728e+09	5.3462e+09	5.70968e+09	5.61393e+09
ERR618636	7.42221e+09	7.3631e+09	7.3726e+09	7.40586e+09	7.06393e+09	7.41609e+09	6.59329e+09	5.88948e+09	6.24888e+09	5.72446e+09	6.47701e+09	6.55901e+09	5.45979e+09	5.47098e+09	6.66979e+09	6.94828e+09	5.25692e+09	7.27313e+09	6.0241e+09	7.50275e+09	7.03904e+09	7.45136e+09	7.07691e+09	5.96776e+09	7.39914e+09	7.14479e+09	6.72929e+09	7.33903e+09	6.73339e+09	7.01474e+09	6.78742e+09	6.83426e+09	6.94071e+09	6.97223e+09	6.4034e+09	6.79026e+09	5.79795e+09	6.12913e+09	5.99292e+09	5.66888e+09	6.1349e+09	5.44376e+09	6.11854e+09	7.23799e+09	7.18496e+09	6.67053e+09	6.73629e+09	6.67321e+09	6.65919e+09	6.58924e+09	6.62457e+09	6.76995e+09	6.7416e+09	6.31198e+09	6.61265e+09	6.71395e+09	6.60574e+09	6.58066e+09	6.62172e+09	7.28229e+09	6.26919e+09	6.31258e+09	6.56296e+09	6.31049e+09	6.08183e+09	6.24792e+09	6.32031e+09	6.38361e+09	6.9618e+09	6.94196e+09	6.30631e+09	6.94711e+09	5.52563e+09	5.73302e+09	5.5512e+09	6.22908e+09	5.4745e+09	5.01363e+09	7.51143e+09	7.38488e+09	7.3836e+09	5.25987e+09	6.9384e+09	6.5818e+09	6.2552e+09	5.76159e+09	6.56965e+09	6.57127e+09	6.01545e+09	6.60923e+09	5.70542e+09	6.01605e+09	5.41759e+09	5.60943e+09	5.9993e+09	5.89873e+09
ERR618637	7.03275e+09	6.97695e+09	6.98702e+09	7.01689e+09	6.70055e+09	7.02707e+09	6.24819e+09	5.59091e+09	5.92453e+09	5.43788e+09	6.14012e+09	6.21701e+09	5.21415e+09	5.22487e+09	6.34086e+09	6.59914e+09	5.02306e+09	6.90009e+09	5.74305e+09	7.11121e+09	6.68246e+09	7.06409e+09	6.71802e+09	5.68998e+09	7.01575e+09	6.78162e+09	6.40012e+09	6.73339e+09	6.63108e+09	6.66114e+09	6.44581e+09	6.48864e+09	6.58702e+09	6.61678e+09	6.08995e+09	6.44951e+09	5.53418e+09	5.84398e+09	5.71546e+09	5.41467e+09	5.84956e+09	5.20359e+09	5.82385e+09	6.86483e+09	6.81672e+09	6.34066e+09	6.40007e+09	6.343e+09	6.32658e+09	6.26075e+09	6.29309e+09	6.4279e+09	6.40178e+09	6.00175e+09	6.28625e+09	6.38114e+09	6.28027e+09	6.25862e+09	6.29527e+09	6.90637e+09	5.95569e+09	5.99626e+09	6.22829e+09	5.99362e+09	5.78035e+09	5.93661e+09	6.00455e+09	6.06213e+09	6.59761e+09	6.57958e+09	5.99096e+09	6.58402e+09	5.27011e+09	5.46357e+09	5.29436e+09	5.9248e+09	5.22195e+09	4.78813e+09	7.11528e+09	6.99882e+09	6.99811e+09	5.02059e+09	6.58637e+09	6.25576e+09	5.94587e+09	5.48846e+09	6.23966e+09	6.2414e+09	5.72392e+09	6.27709e+09	5.43947e+09	5.72964e+09	5.17097e+09	5.35077e+09	5.71381e+09	5.61848e+09
ERR618634	7.38142e+09	7.32851e+09	7.33081e+09	7.36635e+09	7.03297e+09	7.37569e+09	6.58187e+09	5.88787e+09	6.24916e+09	5.7209e+09	6.46581e+09	6.54652e+09	5.42241e+09	5.43422e+09	6.61548e+09	6.89046e+09	5.22474e+09	7.20165e+09	5.96356e+09	7.43357e+09	6.97918e+09	7.38191e+09	7.01355e+09	5.90868e+09	7.33254e+09	7.08355e+09	6.65631e+09	7.01474e+09	6.66114e+09	7.20181e+09	6.75341e+09	6.80291e+09	6.90658e+09	6.9391e+09	6.37061e+09	6.7498e+09	5.73181e+09	6.04993e+09	5.92761e+09	5.59843e+09	6.05649e+09	5.37786e+09	6.09426e+09	7.18534e+09	7.13267e+09	6.62092e+09	6.69285e+09	6.62408e+09	6.60358e+09	6.5358e+09	6.57352e+09	6.71645e+09	6.69075e+09	6.27107e+09	6.5516e+09	6.64914e+09	6.54375e+09	6.51382e+09	6.56144e+09	7.2099e+09	6.23549e+09	6.28059e+09	6.52813e+09	6.2803e+09	6.05424e+09	6.21508e+09	6.28578e+09	6.34913e+09	6.92972e+09	6.9094e+09	6.27194e+09	6.91418e+09	5.47704e+09	5.68657e+09	5.50136e+09	6.17415e+09	5.42602e+09	4.98224e+09	7.42488e+09	7.29932e+09	7.29651e+09	5.22039e+09	6.8547e+09	6.50883e+09	6.21835e+09	5.71988e+09	6.52091e+09	6.5202e+09	5.97424e+09	6.55852e+09	5.65097e+09	5.95181e+09	5.36193e+09	5.55115e+09	5.93493e+09	5.84523e+09
ERR636777	7.36593e+09	7.32062e+09	7.32124e+09	7.35253e+09	7.05352e+09	7.35996e+09	6.62928e+09	5.95933e+09	6.31928e+09	5.78721e+09	6.51941e+09	6.59554e+09	5.32399e+09	5.33713e+09	6.49065e+09	6.75784e+09	5.13428e+09	7.05257e+09	5.91203e+09	7.38091e+09	6.93871e+09	7.32809e+09	6.96741e+09	5.85928e+09	7.10344e+09	6.86686e+09	6.43912e+09	6.78742e+09	6.44581e+09	6.75341e+09	7.06474e+09	6.90895e+09	7.01162e+09	7.04607e+09	6.46393e+09	6.84379e+09	5.5227e+09	5.81973e+09	5.71471e+09	5.39087e+09	5.8254e+09	5.18081e+09	6.11989e+09	7.17261e+09	7.122e+09	6.61738e+09	6.69877e+09	6.62124e+09	6.43667e+09	6.37207e+09	6.41395e+09	6.55014e+09	6.53086e+09	6.12405e+09	6.44108e+09	6.52845e+09	6.43164e+09	6.38965e+09	6.44957e+09	7.08648e+09	6.17076e+09	6.21738e+09	6.46423e+09	6.21861e+09	5.99583e+09	6.14877e+09	6.22536e+09	6.29079e+09	6.87983e+09	6.85814e+09	6.21207e+09	6.86214e+09	5.36507e+09	5.57632e+09	5.38936e+09	6.06045e+09	5.31338e+09	4.88783e+09	7.19155e+09	7.0638e+09	7.06041e+09	5.05475e+09	6.62505e+09	6.29446e+09	6.03647e+09	5.53782e+09	6.3225e+09	6.31997e+09	5.78989e+09	6.35678e+09	5.48307e+09	5.77027e+09	5.19767e+09	5.38123e+09	5.75445e+09	5.67935e+09
ERR636779	7.43089e+09	7.38617e+09	7.38578e+09	7.41753e+09	7.11702e+09	7.42519e+09	6.69127e+09	6.0143e+09	6.3801e+09	5.83956e+09	6.57975e+09	6.65714e+09	5.35743e+09	5.3706e+09	6.5342e+09	6.80532e+09	5.16723e+09	7.10252e+09	5.9481e+09	7.43611e+09	6.9883e+09	7.38347e+09	7.01717e+09	5.89488e+09	7.15537e+09	6.91709e+09	6.48229e+09	6.83426e+09	6.48864e+09	6.80291e+09	6.90895e+09	7.18254e+09	7.07355e+09	7.10827e+09	6.51391e+09	6.89737e+09	5.55365e+09	5.85238e+09	5.74762e+09	5.41956e+09	5.85705e+09	5.20888e+09	6.17001e+09	7.2342e+09	7.18239e+09	6.67042e+09	6.7541e+09	6.67445e+09	6.48142e+09	6.41614e+09	6.45774e+09	6.59642e+09	6.57689e+09	6.16678e+09	6.48564e+09	6.57286e+09	6.47579e+09	6.43145e+09	6.49437e+09	7.13838e+09	6.21557e+09	6.26352e+09	6.51226e+09	6.2646e+09	6.04016e+09	6.19389e+09	6.27169e+09	6.33859e+09	6.93702e+09	6.914e+09	6.25863e+09	6.91845e+09	5.39791e+09	5.61112e+09	5.42189e+09	6.10055e+09	5.34547e+09	4.91739e+09	7.23945e+09	7.10966e+09	7.10614e+09	5.0837e+09	6.66552e+09	6.33199e+09	6.07842e+09	5.57202e+09	6.3654e+09	6.36255e+09	5.82717e+09	6.39964e+09	5.51554e+09	5.8041e+09	5.22648e+09	5.41177e+09	5.78856e+09	5.71466e+09
ERR636780	7.54838e+09	7.50222e+09	7.5021e+09	7.53436e+09	7.22593e+09	7.5422e+09	6.79226e+09	6.10046e+09	6.4737e+09	5.92176e+09	6.67828e+09	6.75774e+09	5.43137e+09	5.44537e+09	6.63305e+09	6.90955e+09	5.23728e+09	7.21484e+09	6.03378e+09	7.554e+09	7.0948e+09	7.50014e+09	7.1251e+09	5.97931e+09	7.26838e+09	7.02348e+09	6.58091e+09	6.94071e+09	6.58702e+09	6.90658e+09	7.01162e+09	7.07355e+09	7.39832e+09	7.21565e+09	6.60842e+09	7.00094e+09	5.63515e+09	5.94118e+09	5.83271e+09	5.49948e+09	5.94609e+09	5.28396e+09	6.2555e+09	7.34616e+09	7.2929e+09	6.76864e+09	6.85408e+09	6.77316e+09	6.58245e+09	6.51534e+09	6.5581e+09	6.69958e+09	6.67922e+09	6.26006e+09	6.5845e+09	6.67447e+09	6.57451e+09	6.52956e+09	6.59304e+09	7.25223e+09	6.30936e+09	6.35818e+09	6.61247e+09	6.35848e+09	6.13048e+09	6.28757e+09	6.36541e+09	6.43382e+09	7.04372e+09	7.0209e+09	6.35188e+09	7.02566e+09	5.47703e+09	5.69385e+09	5.50134e+09	6.1931e+09	5.42335e+09	4.98574e+09	7.35844e+09	7.22566e+09	7.22243e+09	5.15641e+09	6.7731e+09	6.43137e+09	6.17078e+09	5.65538e+09	6.46465e+09	6.4613e+09	5.91476e+09	6.49919e+09	5.59692e+09	5.89211e+09	5.30319e+09	5.49197e+09	5.87611e+09	5.79969e+09
