	ERR631235	ERR631234	ERR631233	ERR631236	ERR631238	ERR631237	ERR626952	ERR626951	ERR626956	ERR626955	ERR626953	ERR626954	ERR626905	ERR626906	ERR626908	ERR626907	ERR626904	ERR626903	ERR612618	ERR612614	ERR612613	ERR612616	ERR612617	ERR612615	ERR617515	ERR617512	ERR617514	ERR617511	ERR617516	ERR617513	ERR613997	ERR613999	ERR613998	ERR613996	ERR614001	ERR614000	ERR613974	ERR613977	ERR613972	ERR613975	ERR613973	ERR613976	ERR636667	ERR636669	ERR636668	ERR636672	ERR636670	ERR636671	ERR630339	ERR630342	ERR630343	ERR630340	ERR630338	ERR630341	ERR616189	ERR616185	ERR616190	ERR616186	ERR616187	ERR616188	ERR617486	ERR617484	ERR617485	ERR617481	ERR617482	ERR617483	ERR608168	ERR608171	ERR608172	ERR608169	ERR608170	ERR608167	ERR608355	ERR608356	ERR608358	ERR608357	ERR608354	ERR608353	ERR630147	ERR630150	ERR630146	ERR630148	ERR630149	ERR630151	ERR629631	ERR629635	ERR629634	ERR629633	ERR629630	ERR629632	ERR614881	ERR614877	ERR614878	ERR614879	ERR614882	ERR614880
ERR631235	6.03092e+08	3.69807e+08	3.80842e+08	3.68003e+08	3.66488e+08	3.66173e+08	2.20555e+08	2.66742e+08	2.77037e+08	2.82079e+08	2.70305e+08	2.31557e+08	2.96575e+08	2.30819e+08	3.33891e+08	2.27418e+08	2.913e+08	3.25066e+08	2.91416e+08	2.67948e+08	3.61986e+08	2.94657e+08	2.94744e+08	3.36185e+08	2.61071e+08	2.22815e+08	2.55571e+08	2.19446e+08	2.41612e+08	2.23938e+08	2.8108e+08	2.76358e+08	2.26776e+08	3.08347e+08	2.78017e+08	2.77992e+08	2.16815e+08	2.87117e+08	2.82895e+08	2.47859e+08	2.52142e+08	2.4858e+08	2.86464e+08	3.19592e+08	3.24011e+08	2.67837e+08	2.73064e+08	2.65861e+08	2.46217e+08	2.81053e+08	2.59028e+08	2.31166e+08	2.87292e+08	2.8152e+08	2.07378e+08	2.02903e+08	2.19833e+08	2.2314e+08	1.94027e+08	2.05292e+08	2.38439e+08	2.58035e+08	2.62491e+08	2.1233e+08	2.21188e+08	2.21991e+08	2.04171e+08	2.66651e+08	2.65135e+08	1.97788e+08	2.69856e+08	1.98122e+08	2.53904e+08	2.84752e+08	2.91794e+08	2.84329e+08	2.32408e+08	1.70493e+08	2.55773e+08	2.26383e+08	2.95557e+08	2.78596e+08	1.77915e+08	2.25837e+08	2.17791e+08	1.97119e+08	1.99012e+08	2.12508e+08	2.54126e+08	2.15129e+08	3.09306e+08	2.40882e+08	2.50145e+08	2.43856e+08	3.06387e+08	3.11814e+08
ERR631234	3.69807e+08	4.48962e+08	3.21899e+08	3.1108e+08	3.09764e+08	3.09551e+08	1.84826e+08	2.23687e+08	2.32146e+08	2.36288e+08	2.26612e+08	1.94153e+08	2.4966e+08	1.94977e+08	2.80623e+08	1.92234e+08	2.4522e+08	2.73663e+08	2.44013e+08	2.24315e+08	3.02791e+08	2.4678e+08	2.46745e+08	2.81053e+08	2.18922e+08	1.86948e+08	2.14284e+08	1.83837e+08	2.02341e+08	1.87821e+08	2.36047e+08	2.32161e+08	1.90422e+08	2.58719e+08	2.33408e+08	2.33575e+08	1.81897e+08	2.40633e+08	2.3715e+08	2.08221e+08	2.11599e+08	2.0881e+08	2.39483e+08	2.67038e+08	2.70733e+08	2.23828e+08	2.28225e+08	2.22176e+08	2.05187e+08	2.34377e+08	2.15894e+08	1.92948e+08	2.39595e+08	2.348e+08	1.74427e+08	1.7079e+08	1.84884e+08	1.87838e+08	1.63705e+08	1.72763e+08	1.99786e+08	2.16306e+08	2.19977e+08	1.77819e+08	1.85452e+08	1.86103e+08	1.70581e+08	2.22717e+08	2.21485e+08	1.65247e+08	2.25309e+08	1.65641e+08	2.12718e+08	2.38403e+08	2.44286e+08	2.38287e+08	1.94947e+08	1.4286e+08	2.12887e+08	1.88222e+08	2.46005e+08	2.31886e+08	1.47994e+08	1.87714e+08	1.81926e+08	1.64878e+08	1.66464e+08	1.77722e+08	2.12354e+08	1.79733e+08	2.57844e+08	2.00973e+08	2.0873e+08	2.03583e+08	2.55524e+08	2.60239e+08
ERR631233	3.80842e+08	3.21899e+08	4.72139e+08	3.20543e+08	3.19131e+08	3.18721e+08	1.9136e+08	2.3123e+08	2.40106e+08	2.44393e+08	2.34087e+08	2.00988e+08	2.57323e+08	2.00758e+08	2.89541e+08	1.97891e+08	2.52978e+08	2.82065e+08	2.52259e+08	2.32205e+08	3.12924e+08	2.55117e+08	2.55018e+08	2.90852e+08	2.25744e+08	1.92971e+08	2.20941e+08	1.89906e+08	2.09047e+08	1.93811e+08	2.43879e+08	2.39838e+08	1.97054e+08	2.6742e+08	2.41221e+08	2.4121e+08	1.88079e+08	2.48518e+08	2.44796e+08	2.14539e+08	2.18365e+08	2.15419e+08	2.47485e+08	2.76038e+08	2.79797e+08	2.31454e+08	2.36001e+08	2.29774e+08	2.12559e+08	2.42471e+08	2.23599e+08	1.99566e+08	2.47892e+08	2.42928e+08	1.79091e+08	1.75176e+08	1.89726e+08	1.92584e+08	1.67479e+08	1.77165e+08	2.05737e+08	2.22447e+08	2.26124e+08	1.8315e+08	1.90731e+08	1.91509e+08	1.7627e+08	2.30026e+08	2.28744e+08	1.70884e+08	2.32716e+08	1.71168e+08	2.19056e+08	2.45643e+08	2.51739e+08	2.45398e+08	2.00751e+08	1.47518e+08	2.20659e+08	1.95324e+08	2.54839e+08	2.4021e+08	1.53572e+08	1.94766e+08	1.88048e+08	1.70185e+08	1.71803e+08	1.83465e+08	2.1938e+08	1.85633e+08	2.66738e+08	2.07862e+08	2.15912e+08	2.10563e+08	2.64225e+08	2.69118e+08
ERR631236	3.68003e+08	3.1108e+08	3.20543e+08	4.45139e+08	3.09337e+08	3.09052e+08	1.8472e+08	2.2317e+08	2.31854e+08	2.36175e+08	2.26018e+08	1.94057e+08	2.48366e+08	1.93535e+08	2.7927e+08	1.90827e+08	2.43997e+08	2.72152e+08	2.43604e+08	2.23994e+08	3.01935e+08	2.46178e+08	2.46454e+08	2.80812e+08	2.17928e+08	1.86292e+08	2.13295e+08	1.83476e+08	2.01893e+08	1.87056e+08	2.35381e+08	2.316e+08	1.90378e+08	2.58098e+08	2.32912e+08	2.32909e+08	1.81874e+08	2.40175e+08	2.36566e+08	2.07373e+08	2.11036e+08	2.08081e+08	2.3885e+08	2.66422e+08	2.6991e+08	2.23467e+08	2.27881e+08	2.21909e+08	2.04788e+08	2.33708e+08	2.15668e+08	1.92424e+08	2.38877e+08	2.34226e+08	1.72739e+08	1.68845e+08	1.82891e+08	1.85637e+08	1.61543e+08	1.70932e+08	1.98425e+08	2.14592e+08	2.1829e+08	1.7679e+08	1.8397e+08	1.84716e+08	1.69979e+08	2.21876e+08	2.20613e+08	1.64721e+08	2.24426e+08	1.65061e+08	2.11447e+08	2.37105e+08	2.42989e+08	2.36726e+08	1.93822e+08	1.42482e+08	2.12523e+08	1.88312e+08	2.45383e+08	2.31396e+08	1.48097e+08	1.87928e+08	1.81551e+08	1.64451e+08	1.65929e+08	1.77244e+08	2.11791e+08	1.79364e+08	2.57133e+08	2.00453e+08	2.08162e+08	2.029e+08	2.54692e+08	2.59243e+08
ERR631238	3.66488e+08	3.09764e+08	3.19131e+08	3.09337e+08	4.4205e+08	3.07886e+08	1.83786e+08	2.21953e+08	2.3059e+08	2.34781e+08	2.24859e+08	1.9297e+08	2.47444e+08	1.92881e+08	2.78088e+08	1.90271e+08	2.42926e+08	2.70896e+08	2.4229e+08	2.22943e+08	3.00382e+08	2.44899e+08	2.4502e+08	2.79323e+08	2.16998e+08	1.85474e+08	2.12467e+08	1.82668e+08	2.00937e+08	1.86342e+08	2.34377e+08	2.30422e+08	1.894e+08	2.56811e+08	2.3184e+08	2.31722e+08	1.8078e+08	2.38722e+08	2.35349e+08	2.06343e+08	2.0979e+08	2.06931e+08	2.37687e+08	2.65019e+08	2.68421e+08	2.22305e+08	2.26669e+08	2.20675e+08	2.04009e+08	2.32782e+08	2.14648e+08	1.91629e+08	2.37868e+08	2.33215e+08	1.72233e+08	1.68323e+08	1.82433e+08	1.8502e+08	1.60907e+08	1.70397e+08	1.97744e+08	2.13921e+08	2.17297e+08	1.76082e+08	1.83389e+08	1.8403e+08	1.69409e+08	2.20854e+08	2.19654e+08	1.64042e+08	2.23604e+08	1.64407e+08	2.10465e+08	2.36057e+08	2.41798e+08	2.3559e+08	1.92993e+08	1.41791e+08	2.11597e+08	1.87363e+08	2.44248e+08	2.30398e+08	1.47423e+08	1.86939e+08	1.80766e+08	1.63626e+08	1.65214e+08	1.76415e+08	2.10898e+08	1.78502e+08	2.56066e+08	1.99575e+08	2.07248e+08	2.02052e+08	2.53696e+08	2.58249e+08
ERR631237	3.66173e+08	3.09551e+08	3.18721e+08	3.09052e+08	3.07886e+08	4.41259e+08	1.83901e+08	2.22061e+08	2.30736e+08	2.35033e+08	2.25012e+08	1.93079e+08	2.47151e+08	1.92618e+08	2.77711e+08	1.89887e+08	2.42664e+08	2.70555e+08	2.42407e+08	2.23016e+08	3.00484e+08	2.45122e+08	2.45038e+08	2.79297e+08	2.16783e+08	1.85218e+08	2.12169e+08	1.82423e+08	2.00717e+08	1.86209e+08	2.34377e+08	2.3028e+08	1.89498e+08	2.56757e+08	2.3164e+08	2.31755e+08	1.80867e+08	2.38709e+08	2.35252e+08	2.06244e+08	2.09914e+08	2.06927e+08	2.3755e+08	2.64984e+08	2.68491e+08	2.22311e+08	2.26673e+08	2.2068e+08	2.04019e+08	2.32688e+08	2.14689e+08	1.91664e+08	2.3777e+08	2.33084e+08	1.71867e+08	1.68118e+08	1.81946e+08	1.84773e+08	1.60632e+08	1.70013e+08	1.97525e+08	2.13451e+08	2.16917e+08	1.75754e+08	1.82959e+08	1.83731e+08	1.69205e+08	2.20804e+08	2.1963e+08	1.63919e+08	2.2328e+08	1.64339e+08	2.10136e+08	2.35771e+08	2.41603e+08	2.35354e+08	1.92707e+08	1.41787e+08	2.11533e+08	1.87364e+08	2.44193e+08	2.3027e+08	1.47403e+08	1.86976e+08	1.80543e+08	1.63481e+08	1.65012e+08	1.7616e+08	2.10612e+08	1.7826e+08	2.55869e+08	1.99597e+08	2.07245e+08	2.02037e+08	2.53482e+08	2.5807e+08
ERR626952	2.20555e+08	1.84826e+08	1.9136e+08	1.8472e+08	1.83786e+08	1.83901e+08	2.90116e+08	2.26668e+08	2.34467e+08	2.38587e+08	2.29272e+08	1.99128e+08	2.0623e+08	1.60667e+08	2.31527e+08	1.5862e+08	2.03131e+08	2.25494e+08	2.08858e+08	1.93702e+08	2.55672e+08	2.11388e+08	2.11777e+08	2.40083e+08	1.82508e+08	1.57105e+08	1.78969e+08	1.55979e+08	1.70551e+08	1.57493e+08	2.06728e+08	2.02268e+08	1.69037e+08	2.24643e+08	2.03618e+08	2.03676e+08	1.57865e+08	2.0529e+08	2.02313e+08	1.77122e+08	1.8133e+08	1.77967e+08	2.1694e+08	2.40532e+08	2.42729e+08	2.04458e+08	2.08248e+08	2.03083e+08	1.30725e+08	1.48783e+08	1.38065e+08	1.22386e+08	1.52495e+08	1.49313e+08	9.79556e+07	9.51771e+07	1.03853e+08	1.04669e+08	8.98021e+07	9.66177e+07	1.14977e+08	1.23849e+08	1.25971e+08	1.02574e+08	1.05989e+08	1.06284e+08	1.03059e+08	1.34722e+08	1.34082e+08	9.98403e+07	1.36474e+08	1.00116e+08	1.26952e+08	1.43056e+08	1.46926e+08	1.42964e+08	1.16568e+08	8.59387e+07	1.33017e+08	1.18351e+08	1.53594e+08	1.44653e+08	9.27206e+07	1.17986e+08	1.20268e+08	1.08227e+08	1.09276e+08	1.16667e+08	1.40153e+08	1.18268e+08	1.58609e+08	1.23554e+08	1.27837e+08	1.24574e+08	1.56939e+08	1.59491e+08
ERR626951	2.66742e+08	2.23687e+08	2.3123e+08	2.2317e+08	2.21953e+08	2.22061e+08	2.26668e+08	3.9272e+08	2.80238e+08	2.85172e+08	2.7422e+08	2.36872e+08	2.50547e+08	1.9521e+08	2.81363e+08	1.92555e+08	2.4629e+08	2.74265e+08	2.50464e+08	2.31755e+08	3.08093e+08	2.53515e+08	2.53609e+08	2.88282e+08	2.20624e+08	1.89432e+08	2.16147e+08	1.87669e+08	2.05577e+08	1.90127e+08	2.47776e+08	2.42549e+08	2.01276e+08	2.69978e+08	2.44325e+08	2.44163e+08	1.88213e+08	2.46262e+08	2.42713e+08	2.12417e+08	2.1703e+08	2.13321e+08	2.59871e+08	2.88575e+08	2.91789e+08	2.44077e+08	2.49028e+08	2.4256e+08	1.60074e+08	1.8249e+08	1.68827e+08	1.50098e+08	1.8726e+08	1.83068e+08	1.21083e+08	1.17884e+08	1.2846e+08	1.29859e+08	1.11588e+08	1.19557e+08	1.41518e+08	1.52762e+08	1.55388e+08	1.26164e+08	1.30753e+08	1.31069e+08	1.26488e+08	1.65663e+08	1.64799e+08	1.22379e+08	1.67742e+08	1.22789e+08	1.56491e+08	1.76223e+08	1.80941e+08	1.76127e+08	1.4334e+08	1.05211e+08	1.63013e+08	1.44564e+08	1.88569e+08	1.77581e+08	1.1325e+08	1.44066e+08	1.47522e+08	1.32961e+08	1.34336e+08	1.43341e+08	1.72175e+08	1.45376e+08	1.9482e+08	1.51322e+08	1.56942e+08	1.5283e+08	1.92702e+08	1.95933e+08
ERR626956	2.77037e+08	2.32146e+08	2.40106e+08	2.31854e+08	2.3059e+08	2.30736e+08	2.34467e+08	2.80238e+08	4.19162e+08	2.97179e+08	2.83693e+08	2.46524e+08	2.59992e+08	2.02474e+08	2.92109e+08	1.99714e+08	2.55921e+08	2.84615e+08	2.60151e+08	2.40677e+08	3.19814e+08	2.63219e+08	2.63534e+08	2.9959e+08	2.29399e+08	1.97063e+08	2.24772e+08	1.95285e+08	2.13784e+08	1.97567e+08	2.57444e+08	2.52008e+08	2.09331e+08	2.80415e+08	2.53788e+08	2.53582e+08	1.95577e+08	2.55603e+08	2.51866e+08	2.20276e+08	2.25309e+08	2.2132e+08	2.69695e+08	2.99682e+08	3.02753e+08	2.53539e+08	2.58408e+08	2.51738e+08	1.67249e+08	1.90439e+08	1.76561e+08	1.56492e+08	1.95185e+08	1.91152e+08	1.25932e+08	1.22412e+08	1.3342e+08	1.34712e+08	1.15717e+08	1.24244e+08	1.47455e+08	1.58966e+08	1.61744e+08	1.31466e+08	1.36007e+08	1.36427e+08	1.31971e+08	1.72682e+08	1.71681e+08	1.27644e+08	1.74904e+08	1.28067e+08	1.6281e+08	1.8355e+08	1.8846e+08	1.83423e+08	1.49331e+08	1.09795e+08	1.70289e+08	1.51251e+08	1.96651e+08	1.85279e+08	1.18551e+08	1.50832e+08	1.53829e+08	1.3845e+08	1.39934e+08	1.49404e+08	1.79393e+08	1.51278e+08	2.03155e+08	1.58079e+08	1.6367e+08	1.59438e+08	2.01008e+08	2.04492e+08
ERR626955	2.82079e+08	2.36288e+08	2.44393e+08	2.36175e+08	2.34781e+08	2.35033e+08	2.38587e+08	2.85172e+08	2.97179e+08	4.31936e+08	2.88693e+08	2.50946e+08	2.64746e+08	2.06051e+08	2.97542e+08	2.03225e+08	2.60587e+08	2.89955e+08	2.64704e+08	2.44692e+08	3.25597e+08	2.67729e+08	2.68117e+08	3.04972e+08	2.33355e+08	2.0024e+08	2.2873e+08	1.98717e+08	2.17577e+08	2.00915e+08	2.62112e+08	2.56579e+08	2.13149e+08	2.85664e+08	2.58395e+08	2.58228e+08	1.98897e+08	2.60212e+08	2.56296e+08	2.24097e+08	2.29268e+08	2.25151e+08	2.74287e+08	3.05002e+08	3.07964e+08	2.57706e+08	2.62868e+08	2.56039e+08	1.70647e+08	1.94349e+08	1.80196e+08	1.59851e+08	1.99141e+08	1.95029e+08	1.28339e+08	1.24744e+08	1.36099e+08	1.37291e+08	1.17925e+08	1.2668e+08	1.50335e+08	1.62115e+08	1.64817e+08	1.34174e+08	1.38789e+08	1.39105e+08	1.34624e+08	1.76174e+08	1.75186e+08	1.30224e+08	1.78364e+08	1.30665e+08	1.65977e+08	1.87205e+08	1.92268e+08	1.86866e+08	1.52282e+08	1.11979e+08	1.73779e+08	1.54482e+08	2.00765e+08	1.89211e+08	1.20936e+08	1.54006e+08	1.57132e+08	1.41437e+08	1.42921e+08	1.52582e+08	1.83045e+08	1.54616e+08	2.07308e+08	1.61389e+08	1.67109e+08	1.62782e+08	2.0526e+08	2.08742e+08
ERR626953	2.70305e+08	2.26612e+08	2.34087e+08	2.26018e+08	2.24859e+08	2.25012e+08	2.29272e+08	2.7422e+08	2.83693e+08	2.88693e+08	4.01283e+08	2.39708e+08	2.53636e+08	1.97704e+08	2.84945e+08	1.94952e+08	2.49603e+08	2.77696e+08	2.53501e+08	2.34446e+08	3.11799e+08	2.56463e+08	2.56666e+08	2.91639e+08	2.23535e+08	1.91889e+08	2.18997e+08	1.89993e+08	2.08108e+08	1.92435e+08	2.50925e+08	2.45691e+08	2.03831e+08	2.7344e+08	2.47496e+08	2.47335e+08	1.90356e+08	2.49117e+08	2.45612e+08	2.14846e+08	2.195e+08	2.15778e+08	2.6301e+08	2.9206e+08	2.95409e+08	2.46998e+08	2.52011e+08	2.45439e+08	1.6214e+08	1.84839e+08	1.71002e+08	1.52028e+08	1.89563e+08	1.85406e+08	1.22597e+08	1.19389e+08	1.30031e+08	1.31375e+08	1.13038e+08	1.21088e+08	1.43428e+08	1.54814e+08	1.57504e+08	1.27755e+08	1.32386e+08	1.32749e+08	1.28083e+08	1.6782e+08	1.66996e+08	1.24023e+08	1.70076e+08	1.24275e+08	1.58488e+08	1.78455e+08	1.83309e+08	1.78399e+08	1.45266e+08	1.06433e+08	1.6512e+08	1.46518e+08	1.91032e+08	1.79998e+08	1.14772e+08	1.45986e+08	1.49245e+08	1.34486e+08	1.35887e+08	1.45074e+08	1.74171e+08	1.4709e+08	1.97352e+08	1.53403e+08	1.58922e+08	1.54862e+08	1.95305e+08	1.98671e+08
ERR626954	2.31557e+08	1.94153e+08	2.00988e+08	1.94057e+08	1.9297e+08	1.93079e+08	1.99128e+08	2.36872e+08	2.46524e+08	2.50946e+08	2.39708e+08	3.13333e+08	2.17341e+08	1.69502e+08	2.43912e+08	1.67211e+08	2.13966e+08	2.37647e+08	2.19207e+08	2.03126e+08	2.68597e+08	2.21744e+08	2.21962e+08	2.51697e+08	1.92009e+08	1.65118e+08	1.8812e+08	1.63773e+08	1.79004e+08	1.65551e+08	2.16773e+08	2.12164e+08	1.76889e+08	2.35738e+08	2.13682e+08	2.13565e+08	1.65497e+08	2.15352e+08	2.12404e+08	1.85968e+08	1.90129e+08	1.86837e+08	2.27488e+08	2.52254e+08	2.54735e+08	2.14275e+08	2.18326e+08	2.12745e+08	1.37163e+08	1.56248e+08	1.44988e+08	1.28456e+08	1.6013e+08	1.5683e+08	1.03442e+08	1.00502e+08	1.0964e+08	1.10501e+08	9.50186e+07	1.02014e+08	1.21104e+08	1.30474e+08	1.32679e+08	1.07844e+08	1.11638e+08	1.11986e+08	1.08294e+08	1.41676e+08	1.40829e+08	1.04777e+08	1.43496e+08	1.05148e+08	1.337e+08	1.50559e+08	1.54728e+08	1.50483e+08	1.22625e+08	9.01875e+07	1.39552e+08	1.24086e+08	1.61291e+08	1.52031e+08	9.71315e+07	1.23725e+08	1.26587e+08	1.13929e+08	1.15117e+08	1.22896e+08	1.47454e+08	1.2454e+08	1.66701e+08	1.29684e+08	1.34317e+08	1.30844e+08	1.64923e+08	1.67651e+08
ERR626905	2.96575e+08	2.4966e+08	2.57323e+08	2.48366e+08	2.47444e+08	2.47151e+08	2.0623e+08	2.50547e+08	2.59992e+08	2.64746e+08	2.53636e+08	2.17341e+08	4.60849e+08	2.5188e+08	3.61205e+08	2.48041e+08	3.16072e+08	3.5273e+08	2.65623e+08	2.43994e+08	3.30146e+08	2.68587e+08	2.68697e+08	3.06263e+08	2.4521e+08	2.10014e+08	2.40083e+08	2.06612e+08	2.27057e+08	2.10986e+08	2.69723e+08	2.65093e+08	2.16461e+08	2.95354e+08	2.66967e+08	2.66704e+08	1.97764e+08	2.61835e+08	2.57769e+08	2.2655e+08	2.30065e+08	2.27343e+08	2.69203e+08	3.00147e+08	3.04843e+08	2.51052e+08	2.55942e+08	2.49204e+08	1.83057e+08	2.09454e+08	1.92327e+08	1.71948e+08	2.1453e+08	2.09877e+08	1.43711e+08	1.4033e+08	1.52498e+08	1.54716e+08	1.33753e+08	1.42055e+08	1.64682e+08	1.78657e+08	1.8186e+08	1.4638e+08	1.52602e+08	1.53228e+08	1.46338e+08	1.92694e+08	1.91572e+08	1.42055e+08	1.95055e+08	1.41912e+08	1.8194e+08	2.04745e+08	2.09946e+08	2.04458e+08	1.66274e+08	1.2051e+08	1.8811e+08	1.65405e+08	2.18451e+08	2.05557e+08	1.2937e+08	1.64984e+08	1.68387e+08	1.5229e+08	1.53644e+08	1.64334e+08	1.96963e+08	1.66312e+08	2.26327e+08	1.7508e+08	1.8186e+08	1.77573e+08	2.24234e+08	2.28198e+08
ERR626906	2.30819e+08	1.94977e+08	2.00758e+08	1.93535e+08	1.92881e+08	1.92618e+08	1.60667e+08	1.9521e+08	2.02474e+08	2.06051e+08	1.97704e+08	1.69502e+08	2.5188e+08	3.06327e+08	2.82667e+08	1.96389e+08	2.47139e+08	2.754e+08	2.06969e+08	1.89899e+08	2.56622e+08	2.09175e+08	2.09196e+08	2.37668e+08	1.91727e+08	1.64605e+08	1.87862e+08	1.61529e+08	1.77468e+08	1.6551e+08	2.10122e+08	2.07074e+08	1.68798e+08	2.30158e+08	2.08346e+08	2.08201e+08	1.54389e+08	2.04373e+08	2.01392e+08	1.7745e+08	1.79837e+08	1.78015e+08	2.09759e+08	2.33387e+08	2.37519e+08	1.95717e+08	1.99368e+08	1.94066e+08	1.40181e+08	1.60552e+08	1.46774e+08	1.31819e+08	1.64444e+08	1.60801e+08	1.11279e+08	1.08821e+08	1.18107e+08	1.20033e+08	1.04001e+08	1.10034e+08	1.26794e+08	1.37832e+08	1.40288e+08	1.12601e+08	1.17636e+08	1.18216e+08	1.12324e+08	1.48175e+08	1.47292e+08	1.09094e+08	1.49872e+08	1.08951e+08	1.40416e+08	1.57847e+08	1.61738e+08	1.57537e+08	1.28123e+08	9.23649e+07	1.43983e+08	1.26124e+08	1.67345e+08	1.57607e+08	9.85707e+07	1.2565e+08	1.29418e+08	1.17302e+08	1.18434e+08	1.26535e+08	1.51613e+08	1.27952e+08	1.73901e+08	1.34311e+08	1.3949e+08	1.36339e+08	1.7223e+08	1.75306e+08
ERR626908	3.33891e+08	2.80623e+08	2.89541e+08	2.7927e+08	2.78088e+08	2.77711e+08	2.31527e+08	2.81363e+08	2.92109e+08	2.97542e+08	2.84945e+08	2.43912e+08	3.61205e+08	2.82667e+08	5.64703e+08	2.78433e+08	3.54428e+08	3.95714e+08	2.98979e+08	2.74396e+08	3.72075e+08	3.02321e+08	3.02498e+08	3.44853e+08	2.75622e+08	2.35794e+08	2.70198e+08	2.32051e+08	2.55393e+08	2.37123e+08	3.03212e+08	2.98052e+08	2.43094e+08	3.32305e+08	3.00184e+08	2.99842e+08	2.21951e+08	2.94412e+08	2.89833e+08	2.54476e+08	2.58526e+08	2.55309e+08	3.02812e+08	3.37757e+08	3.43317e+08	2.82319e+08	2.87898e+08	2.80165e+08	2.07482e+08	2.37401e+08	2.17821e+08	1.94849e+08	2.43163e+08	2.37768e+08	1.62904e+08	1.59154e+08	1.72813e+08	1.75347e+08	1.51647e+08	1.60983e+08	1.86786e+08	2.02547e+08	2.06085e+08	1.65848e+08	1.73014e+08	1.73756e+08	1.65912e+08	2.1846e+08	2.17235e+08	1.60837e+08	2.20916e+08	1.60682e+08	2.06277e+08	2.3216e+08	2.38061e+08	2.31764e+08	1.88581e+08	1.36623e+08	2.13355e+08	1.87608e+08	2.47703e+08	2.33088e+08	1.46705e+08	1.86944e+08	1.90636e+08	1.72444e+08	1.7409e+08	1.86151e+08	2.23026e+08	1.88401e+08	2.56652e+08	1.98596e+08	2.06083e+08	2.01212e+08	2.54253e+08	2.58655e+08
ERR626907	2.27418e+08	1.92234e+08	1.97891e+08	1.90827e+08	1.90271e+08	1.89887e+08	1.5862e+08	1.92555e+08	1.99714e+08	2.03225e+08	1.94952e+08	1.67211e+08	2.48041e+08	1.96389e+08	2.78433e+08	2.98713e+08	2.43468e+08	2.71317e+08	2.03759e+08	1.87278e+08	2.52807e+08	2.06057e+08	2.06128e+08	2.34165e+08	1.88662e+08	1.61958e+08	1.84962e+08	1.59041e+08	1.74704e+08	1.62986e+08	2.07143e+08	2.03993e+08	1.66427e+08	2.26835e+08	2.05372e+08	2.05176e+08	1.52241e+08	2.01196e+08	1.98241e+08	1.74766e+08	1.77221e+08	1.75385e+08	2.06641e+08	2.29748e+08	2.33899e+08	1.92703e+08	1.9643e+08	1.91209e+08	1.37819e+08	1.57961e+08	1.44474e+08	1.29529e+08	1.61753e+08	1.58152e+08	1.0916e+08	1.06745e+08	1.15892e+08	1.17817e+08	1.02021e+08	1.07955e+08	1.24555e+08	1.35483e+08	1.37759e+08	1.10513e+08	1.15665e+08	1.162e+08	1.10545e+08	1.45523e+08	1.44759e+08	1.0724e+08	1.47285e+08	1.07063e+08	1.37934e+08	1.55053e+08	1.58951e+08	1.54862e+08	1.2597e+08	9.07953e+07	1.41458e+08	1.23968e+08	1.64493e+08	1.54804e+08	9.69409e+07	1.2363e+08	1.27186e+08	1.15424e+08	1.16361e+08	1.24511e+08	1.49018e+08	1.25894e+08	1.70844e+08	1.32016e+08	1.37209e+08	1.34065e+08	1.69262e+08	1.72242e+08
ERR626904	2.913e+08	2.4522e+08	2.52978e+08	2.43997e+08	2.42926e+08	2.42664e+08	2.03131e+08	2.4629e+08	2.55921e+08	2.60587e+08	2.49603e+08	2.13966e+08	3.16072e+08	2.47139e+08	3.54428e+08	2.43468e+08	4.47033e+08	3.46144e+08	2.61236e+08	2.40074e+08	3.24589e+08	2.64115e+08	2.6434e+08	3.014e+08	2.40658e+08	2.06378e+08	2.36007e+08	2.03212e+08	2.23225e+08	2.07462e+08	2.65228e+08	2.60735e+08	2.13303e+08	2.90491e+08	2.6246e+08	2.62197e+08	1.94769e+08	2.57441e+08	2.5357e+08	2.22693e+08	2.26436e+08	2.23537e+08	2.64352e+08	2.9495e+08	2.99491e+08	2.46849e+08	2.516e+08	2.45032e+08	1.80008e+08	2.05922e+08	1.89107e+08	1.69075e+08	2.11016e+08	2.06378e+08	1.40935e+08	1.3756e+08	1.49387e+08	1.51592e+08	1.30873e+08	1.39211e+08	1.61674e+08	1.75122e+08	1.78268e+08	1.43652e+08	1.49727e+08	1.50303e+08	1.43832e+08	1.89242e+08	1.88233e+08	1.39531e+08	1.91582e+08	1.39635e+08	1.78569e+08	2.01065e+08	2.06239e+08	2.00675e+08	1.63307e+08	1.18477e+08	1.8522e+08	1.62961e+08	2.14962e+08	2.02243e+08	1.27401e+08	1.62458e+08	1.65551e+08	1.49776e+08	1.51089e+08	1.61517e+08	1.93647e+08	1.63387e+08	2.22367e+08	1.7227e+08	1.78817e+08	1.74583e+08	2.2052e+08	2.24173e+08
ERR626903	3.25066e+08	2.73663e+08	2.82065e+08	2.72152e+08	2.70896e+08	2.70555e+08	2.25494e+08	2.74265e+08	2.84615e+08	2.89955e+08	2.77696e+08	2.37647e+08	3.5273e+08	2.754e+08	3.95714e+08	2.71317e+08	3.46144e+08	5.40337e+08	2.91262e+08	2.67484e+08	3.62199e+08	2.94432e+08	2.94667e+08	3.35958e+08	2.68434e+08	2.29819e+08	2.63086e+08	2.26236e+08	2.48773e+08	2.3117e+08	2.95358e+08	2.90495e+08	2.36828e+08	3.237e+08	2.92245e+08	2.92063e+08	2.1613e+08	2.86821e+08	2.82504e+08	2.47897e+08	2.51943e+08	2.48734e+08	2.95324e+08	3.29245e+08	3.34594e+08	2.75281e+08	2.80624e+08	2.73155e+08	2.02239e+08	2.31397e+08	2.12353e+08	1.89991e+08	2.37113e+08	2.31904e+08	1.58724e+08	1.55033e+08	1.68338e+08	1.70865e+08	1.47766e+08	1.56833e+08	1.81979e+08	1.97538e+08	2.00877e+08	1.61771e+08	1.68478e+08	1.69362e+08	1.61531e+08	2.1267e+08	2.1146e+08	1.56684e+08	2.15311e+08	1.56659e+08	2.01067e+08	2.26137e+08	2.32022e+08	2.25821e+08	1.83759e+08	1.33063e+08	2.08107e+08	1.82855e+08	2.4158e+08	2.27255e+08	1.42989e+08	1.82299e+08	1.85676e+08	1.68075e+08	1.69542e+08	1.81293e+08	2.17446e+08	1.83394e+08	2.50034e+08	1.9349e+08	2.00927e+08	1.96205e+08	2.47727e+08	2.51983e+08
ERR612618	2.91416e+08	2.44013e+08	2.52259e+08	2.43604e+08	2.4229e+08	2.42407e+08	2.08858e+08	2.50464e+08	2.60151e+08	2.64704e+08	2.53501e+08	2.19207e+08	2.65623e+08	2.06969e+08	2.98979e+08	2.03759e+08	2.61236e+08	2.91262e+08	4.57273e+08	2.94947e+08	3.93371e+08	3.24265e+08	3.24603e+08	3.67508e+08	2.51389e+08	2.15835e+08	2.46226e+08	2.13456e+08	2.33994e+08	2.16532e+08	2.57529e+08	2.52446e+08	2.08735e+08	2.81232e+08	2.54169e+08	2.54043e+08	2.13637e+08	2.79764e+08	2.75772e+08	2.4171e+08	2.46556e+08	2.42194e+08	2.79399e+08	3.10829e+08	3.14541e+08	2.62119e+08	2.67172e+08	2.60164e+08	1.90377e+08	2.16775e+08	2.00462e+08	1.78507e+08	2.2193e+08	2.17583e+08	1.49979e+08	1.46119e+08	1.5885e+08	1.60296e+08	1.38742e+08	1.48149e+08	1.7278e+08	1.86244e+08	1.89607e+08	1.53962e+08	1.59447e+08	1.59953e+08	1.54996e+08	2.01953e+08	2.00899e+08	1.50191e+08	2.04418e+08	1.50642e+08	1.89658e+08	2.12894e+08	2.18405e+08	2.1256e+08	1.73926e+08	1.28079e+08	1.95182e+08	1.73147e+08	2.25634e+08	2.12368e+08	1.35783e+08	1.72681e+08	1.75084e+08	1.5807e+08	1.59602e+08	1.70375e+08	2.04122e+08	1.72833e+08	2.36423e+08	1.84317e+08	1.90692e+08	1.86173e+08	2.33926e+08	2.37754e+08
ERR612614	2.67948e+08	2.24315e+08	2.32205e+08	2.23994e+08	2.22943e+08	2.23016e+08	1.93702e+08	2.31755e+08	2.40677e+08	2.44692e+08	2.34446e+08	2.03126e+08	2.43994e+08	1.89899e+08	2.74396e+08	1.87278e+08	2.40074e+08	2.67484e+08	2.94947e+08	3.98863e+08	3.6354e+08	2.98246e+08	2.98824e+08	3.4016e+08	2.31235e+08	1.98779e+08	2.26643e+08	1.96812e+08	2.15617e+08	1.994e+08	2.37723e+08	2.3301e+08	1.93331e+08	2.59465e+08	2.34683e+08	2.34552e+08	1.97837e+08	2.58079e+08	2.5439e+08	2.23076e+08	2.27556e+08	2.2356e+08	2.58142e+08	2.8686e+08	2.89975e+08	2.42331e+08	2.46893e+08	2.40509e+08	1.74792e+08	1.98854e+08	1.8416e+08	1.63728e+08	2.0367e+08	1.99747e+08	1.37008e+08	1.33433e+08	1.45103e+08	1.46325e+08	1.26466e+08	1.35254e+08	1.58147e+08	1.70305e+08	1.73298e+08	1.41077e+08	1.45943e+08	1.46331e+08	1.42407e+08	1.85241e+08	1.84228e+08	1.3788e+08	1.87414e+08	1.38442e+08	1.73439e+08	1.948e+08	1.9984e+08	1.94475e+08	1.59212e+08	1.17524e+08	1.79175e+08	1.59135e+08	2.06929e+08	1.94868e+08	1.24786e+08	1.58744e+08	1.60794e+08	1.45125e+08	1.4663e+08	1.56535e+08	1.87247e+08	1.58627e+08	2.16621e+08	1.69027e+08	1.74945e+08	1.70718e+08	2.14388e+08	2.1783e+08
ERR612613	3.61986e+08	3.02791e+08	3.12924e+08	3.01935e+08	3.00382e+08	3.00484e+08	2.55672e+08	3.08093e+08	3.19814e+08	3.25597e+08	3.11799e+08	2.68597e+08	3.30146e+08	2.56622e+08	3.72075e+08	2.52807e+08	3.24589e+08	3.62199e+08	3.93371e+08	3.6354e+08	6.61318e+08	3.97793e+08	3.98365e+08	4.55205e+08	3.11595e+08	2.66845e+08	3.05091e+08	2.63653e+08	2.89439e+08	2.6778e+08	3.16993e+08	3.1073e+08	2.55738e+08	3.46807e+08	3.12914e+08	3.12677e+08	2.61476e+08	3.44343e+08	3.39388e+08	2.9692e+08	3.02828e+08	2.97706e+08	3.44492e+08	3.84039e+08	3.88745e+08	3.22329e+08	3.28952e+08	3.19931e+08	2.40191e+08	2.73467e+08	2.52832e+08	2.25102e+08	2.80026e+08	2.74466e+08	1.8877e+08	1.83958e+08	2.00037e+08	2.02029e+08	1.74901e+08	1.86509e+08	2.1787e+08	2.34949e+08	2.39325e+08	1.94108e+08	2.01252e+08	2.01714e+08	1.95088e+08	2.54574e+08	2.53257e+08	1.89006e+08	2.57699e+08	1.89595e+08	2.39198e+08	2.6854e+08	2.75447e+08	2.68161e+08	2.19126e+08	1.60955e+08	2.46421e+08	2.18277e+08	2.84973e+08	2.6815e+08	1.71082e+08	2.17739e+08	2.19902e+08	1.98668e+08	2.0043e+08	2.14094e+08	2.56566e+08	2.17138e+08	2.98087e+08	2.32229e+08	2.40424e+08	2.34558e+08	2.9502e+08	2.99809e+08
ERR612616	2.94657e+08	2.4678e+08	2.55117e+08	2.46178e+08	2.44899e+08	2.45122e+08	2.11388e+08	2.53515e+08	2.63219e+08	2.67729e+08	2.56463e+08	2.21744e+08	2.68587e+08	2.09175e+08	3.02321e+08	2.06057e+08	2.64115e+08	2.94432e+08	3.24265e+08	2.98246e+08	3.97793e+08	4.66374e+08	3.28368e+08	3.71803e+08	2.54086e+08	2.18218e+08	2.48966e+08	2.15876e+08	2.36541e+08	2.18983e+08	2.60235e+08	2.55225e+08	2.11067e+08	2.84182e+08	2.56893e+08	2.56843e+08	2.16051e+08	2.82891e+08	2.78954e+08	2.44453e+08	2.49232e+08	2.45042e+08	2.82551e+08	3.14516e+08	3.18163e+08	2.65022e+08	2.70319e+08	2.63134e+08	1.92859e+08	2.19742e+08	2.03072e+08	1.80908e+08	2.24843e+08	2.20455e+08	1.518e+08	1.47764e+08	1.60755e+08	1.62203e+08	1.40404e+08	1.49929e+08	1.75197e+08	1.88575e+08	1.92005e+08	1.56051e+08	1.61656e+08	1.62002e+08	1.56773e+08	2.04535e+08	2.03309e+08	1.52079e+08	2.06984e+08	1.52633e+08	1.91815e+08	2.15408e+08	2.21081e+08	2.15098e+08	1.76097e+08	1.29614e+08	1.97936e+08	1.75472e+08	2.28524e+08	2.15287e+08	1.37608e+08	1.75098e+08	1.7723e+08	1.60137e+08	1.61558e+08	1.72614e+08	2.06562e+08	1.74872e+08	2.39544e+08	1.86794e+08	1.93303e+08	1.88581e+08	2.36992e+08	2.4092e+08
ERR612617	2.94744e+08	2.46745e+08	2.55018e+08	2.46454e+08	2.4502e+08	2.45038e+08	2.11777e+08	2.53609e+08	2.63534e+08	2.68117e+08	2.56666e+08	2.21962e+08	2.68697e+08	2.09196e+08	3.02498e+08	2.06128e+08	2.6434e+08	2.94667e+08	3.24603e+08	2.98824e+08	3.98365e+08	3.28368e+08	4.6676e+08	3.72342e+08	2.54798e+08	2.18668e+08	2.49452e+08	2.16441e+08	2.3713e+08	2.19391e+08	2.60629e+08	2.55329e+08	2.11421e+08	2.84655e+08	2.57251e+08	2.57038e+08	2.16419e+08	2.83528e+08	2.79418e+08	2.44774e+08	2.49666e+08	2.45296e+08	2.83054e+08	3.14923e+08	3.18484e+08	2.65471e+08	2.70771e+08	2.63696e+08	1.93069e+08	2.19654e+08	2.03362e+08	1.81002e+08	2.24996e+08	2.2057e+08	1.51658e+08	1.47688e+08	1.60542e+08	1.61957e+08	1.40061e+08	1.49706e+08	1.75051e+08	1.88475e+08	1.91898e+08	1.5595e+08	1.61484e+08	1.61959e+08	1.56962e+08	2.04526e+08	2.03377e+08	1.52128e+08	2.06988e+08	1.52647e+08	1.91823e+08	2.15459e+08	2.21031e+08	2.15058e+08	1.7595e+08	1.29769e+08	1.97874e+08	1.75596e+08	2.28739e+08	2.15284e+08	1.37666e+08	1.75112e+08	1.77401e+08	1.6019e+08	1.61657e+08	1.72717e+08	2.06607e+08	1.7502e+08	2.39514e+08	1.86811e+08	1.93342e+08	1.88559e+08	2.3702e+08	2.40953e+08
ERR612615	3.36185e+08	2.81053e+08	2.90852e+08	2.80812e+08	2.79323e+08	2.79297e+08	2.40083e+08	2.88282e+08	2.9959e+08	3.04972e+08	2.91639e+08	2.51697e+08	3.06263e+08	2.37668e+08	3.44853e+08	2.34165e+08	3.014e+08	3.35958e+08	3.67508e+08	3.4016e+08	4.55205e+08	3.71803e+08	3.72342e+08	5.85755e+08	2.89794e+08	2.48506e+08	2.83853e+08	2.46284e+08	2.70108e+08	2.49445e+08	2.95962e+08	2.89789e+08	2.39838e+08	3.23489e+08	2.9174e+08	2.91689e+08	2.45265e+08	3.21545e+08	3.1688e+08	2.77064e+08	2.82945e+08	2.7765e+08	3.21638e+08	3.58597e+08	3.62317e+08	3.01625e+08	3.07569e+08	2.99341e+08	2.23675e+08	2.54384e+08	2.35812e+08	2.09512e+08	2.60551e+08	2.55377e+08	1.74175e+08	1.69333e+08	1.84402e+08	1.85827e+08	1.60427e+08	1.71809e+08	2.01771e+08	2.17025e+08	2.20941e+08	1.79865e+08	1.85976e+08	1.86517e+08	1.81291e+08	2.3596e+08	2.34763e+08	1.75493e+08	2.38975e+08	1.76218e+08	2.2084e+08	2.48362e+08	2.54918e+08	2.48025e+08	2.02944e+08	1.49874e+08	2.29719e+08	2.04047e+08	2.65286e+08	2.49645e+08	1.59888e+08	2.03735e+08	2.04477e+08	1.84422e+08	1.86332e+08	1.98869e+08	2.38405e+08	2.0172e+08	2.76904e+08	2.16105e+08	2.23681e+08	2.17991e+08	2.74048e+08	2.78507e+08
ERR617515	2.61071e+08	2.18922e+08	2.25744e+08	2.17928e+08	2.16998e+08	2.16783e+08	1.82508e+08	2.20624e+08	2.29399e+08	2.33355e+08	2.23535e+08	1.92009e+08	2.4521e+08	1.91727e+08	2.75622e+08	1.88662e+08	2.40658e+08	2.68434e+08	2.51389e+08	2.31235e+08	3.11595e+08	2.54086e+08	2.54798e+08	2.89794e+08	3.84138e+08	2.19993e+08	2.52391e+08	2.16877e+08	2.38901e+08	2.21052e+08	2.26222e+08	2.22218e+08	1.82264e+08	2.48156e+08	2.24005e+08	2.23756e+08	1.90203e+08	2.51036e+08	2.47399e+08	2.17503e+08	2.20892e+08	2.18003e+08	2.55138e+08	2.84446e+08	2.88202e+08	2.38628e+08	2.4331e+08	2.36702e+08	1.69211e+08	1.9305e+08	1.78109e+08	1.58657e+08	1.97604e+08	1.93652e+08	1.3563e+08	1.32566e+08	1.44084e+08	1.46005e+08	1.26458e+08	1.34217e+08	1.54723e+08	1.67981e+08	1.70755e+08	1.37566e+08	1.43406e+08	1.43717e+08	1.36018e+08	1.78635e+08	1.77658e+08	1.31718e+08	1.80796e+08	1.32127e+08	1.69995e+08	1.90958e+08	1.9609e+08	1.90727e+08	1.5553e+08	1.13154e+08	1.72684e+08	1.52816e+08	1.99999e+08	1.88279e+08	1.19602e+08	1.52409e+08	1.53019e+08	1.38113e+08	1.3941e+08	1.48855e+08	1.78615e+08	1.50927e+08	2.07497e+08	1.60953e+08	1.66999e+08	1.62821e+08	2.05483e+08	2.09141e+08
ERR617512	2.22815e+08	1.86948e+08	1.92971e+08	1.86292e+08	1.85474e+08	1.85218e+08	1.57105e+08	1.89432e+08	1.97063e+08	2.0024e+08	1.91889e+08	1.65118e+08	2.10014e+08	1.64605e+08	2.35794e+08	1.61958e+08	2.06378e+08	2.29819e+08	2.15835e+08	1.98779e+08	2.66845e+08	2.18218e+08	2.18668e+08	2.48506e+08	2.19993e+08	2.97615e+08	2.15569e+08	1.87159e+08	2.0437e+08	1.9077e+08	1.93804e+08	1.90395e+08	1.5659e+08	2.12421e+08	1.91811e+08	1.91639e+08	1.63927e+08	2.15308e+08	2.12295e+08	1.86687e+08	1.89769e+08	1.87276e+08	2.18978e+08	2.4401e+08	2.46926e+08	2.04979e+08	2.08872e+08	2.03402e+08	1.43971e+08	1.64193e+08	1.51622e+08	1.34987e+08	1.68217e+08	1.64732e+08	1.14938e+08	1.12274e+08	1.22027e+08	1.23621e+08	1.07016e+08	1.13794e+08	1.31368e+08	1.42324e+08	1.44775e+08	1.16698e+08	1.21681e+08	1.21961e+08	1.1584e+08	1.51802e+08	1.51022e+08	1.12162e+08	1.53656e+08	1.12409e+08	1.44253e+08	1.61987e+08	1.66472e+08	1.6193e+08	1.32097e+08	9.62646e+07	1.4694e+08	1.30115e+08	1.70264e+08	1.60236e+08	1.01886e+08	1.29722e+08	1.30238e+08	1.17608e+08	1.18603e+08	1.26726e+08	1.52174e+08	1.28501e+08	1.76486e+08	1.37054e+08	1.42138e+08	1.3853e+08	1.74542e+08	1.77779e+08
ERR617514	2.55571e+08	2.14284e+08	2.20941e+08	2.13295e+08	2.12467e+08	2.12169e+08	1.78969e+08	2.16147e+08	2.24772e+08	2.2873e+08	2.18997e+08	1.8812e+08	2.40083e+08	1.87862e+08	2.70198e+08	1.84962e+08	2.36007e+08	2.63086e+08	2.46226e+08	2.26643e+08	3.05091e+08	2.48966e+08	2.49452e+08	2.83853e+08	2.52391e+08	2.15569e+08	3.71121e+08	2.1238e+08	2.34083e+08	2.16485e+08	2.21549e+08	2.17663e+08	1.7856e+08	2.43043e+08	2.19296e+08	2.1905e+08	1.86335e+08	2.45911e+08	2.42321e+08	2.12983e+08	2.1632e+08	2.13526e+08	2.50037e+08	2.78771e+08	2.82336e+08	2.33839e+08	2.38269e+08	2.31998e+08	1.65755e+08	1.89162e+08	1.7454e+08	1.55453e+08	1.93649e+08	1.89624e+08	1.32617e+08	1.29542e+08	1.40799e+08	1.428e+08	1.23573e+08	1.31257e+08	1.51282e+08	1.64165e+08	1.67073e+08	1.34469e+08	1.40299e+08	1.40517e+08	1.3324e+08	1.74881e+08	1.73922e+08	1.29133e+08	1.77028e+08	1.29336e+08	1.66323e+08	1.8691e+08	1.91846e+08	1.86743e+08	1.52175e+08	1.10661e+08	1.69172e+08	1.49615e+08	1.95993e+08	1.84494e+08	1.1713e+08	1.49151e+08	1.49938e+08	1.35363e+08	1.36491e+08	1.45932e+08	1.75161e+08	1.47857e+08	2.03148e+08	1.57686e+08	1.63564e+08	1.59344e+08	2.01199e+08	2.04752e+08
ERR617511	2.19446e+08	1.83837e+08	1.89906e+08	1.83476e+08	1.82668e+08	1.82423e+08	1.55979e+08	1.87669e+08	1.95285e+08	1.98717e+08	1.89993e+08	1.63773e+08	2.06612e+08	1.61529e+08	2.32051e+08	1.59041e+08	2.03212e+08	2.26236e+08	2.13456e+08	1.96812e+08	2.63653e+08	2.15876e+08	2.16441e+08	2.46284e+08	2.16877e+08	1.87159e+08	2.1238e+08	2.92031e+08	2.01692e+08	1.88008e+08	1.91741e+08	1.8791e+08	1.55199e+08	2.09959e+08	1.89565e+08	1.89258e+08	1.62164e+08	2.12517e+08	2.09262e+08	1.83948e+08	1.87324e+08	1.84435e+08	2.1634e+08	2.41383e+08	2.43793e+08	2.0274e+08	2.06556e+08	2.01178e+08	1.42872e+08	1.62677e+08	1.5061e+08	1.33757e+08	1.66666e+08	1.63242e+08	1.12465e+08	1.09511e+08	1.19294e+08	1.20651e+08	1.04087e+08	1.11154e+08	1.29224e+08	1.3966e+08	1.42028e+08	1.1508e+08	1.19455e+08	1.19738e+08	1.14457e+08	1.49845e+08	1.48941e+08	1.10817e+08	1.51734e+08	1.11275e+08	1.41671e+08	1.59271e+08	1.63758e+08	1.59251e+08	1.29943e+08	9.52177e+07	1.45983e+08	1.29503e+08	1.6866e+08	1.58879e+08	1.01483e+08	1.29185e+08	1.28893e+08	1.161e+08	1.17314e+08	1.25256e+08	1.50299e+08	1.26991e+08	1.74335e+08	1.35742e+08	1.40628e+08	1.37021e+08	1.72661e+08	1.75634e+08
ERR617516	2.41612e+08	2.02341e+08	2.09047e+08	2.01893e+08	2.00937e+08	2.00717e+08	1.70551e+08	2.05577e+08	2.13784e+08	2.17577e+08	2.08108e+08	1.79004e+08	2.27057e+08	1.77468e+08	2.55393e+08	1.74704e+08	2.23225e+08	2.48773e+08	2.33994e+08	2.15617e+08	2.89439e+08	2.36541e+08	2.3713e+08	2.70108e+08	2.38901e+08	2.0437e+08	2.34083e+08	2.01692e+08	3.39049e+08	2.05364e+08	2.10397e+08	2.06401e+08	1.70042e+08	2.30332e+08	2.07941e+08	2.07794e+08	1.7734e+08	2.33212e+08	2.29653e+08	2.01864e+08	2.0525e+08	2.02311e+08	2.37077e+08	2.64541e+08	2.67616e+08	2.22221e+08	2.26265e+08	2.20412e+08	1.57123e+08	1.79103e+08	1.6553e+08	1.47155e+08	1.83339e+08	1.7963e+08	1.24406e+08	1.21452e+08	1.3208e+08	1.33701e+08	1.15439e+08	1.23109e+08	1.42626e+08	1.54308e+08	1.5695e+08	1.26875e+08	1.31883e+08	1.32344e+08	1.26108e+08	1.65154e+08	1.6438e+08	1.22034e+08	1.67246e+08	1.22498e+08	1.56484e+08	1.75948e+08	1.80746e+08	1.75903e+08	1.43401e+08	1.04876e+08	1.60409e+08	1.42314e+08	1.85618e+08	1.74776e+08	1.1148e+08	1.41839e+08	1.41879e+08	1.27973e+08	1.29179e+08	1.3792e+08	1.65621e+08	1.39841e+08	1.92004e+08	1.49296e+08	1.54747e+08	1.50816e+08	1.90043e+08	1.93449e+08
ERR617513	2.23938e+08	1.87821e+08	1.93811e+08	1.87056e+08	1.86342e+08	1.86209e+08	1.57493e+08	1.90127e+08	1.97567e+08	2.00915e+08	1.92435e+08	1.65551e+08	2.10986e+08	1.6551e+08	2.37123e+08	1.62986e+08	2.07462e+08	2.3117e+08	2.16532e+08	1.994e+08	2.6778e+08	2.18983e+08	2.19391e+08	2.49445e+08	2.21052e+08	1.9077e+08	2.16485e+08	1.88008e+08	2.05364e+08	3.00442e+08	1.94408e+08	1.90854e+08	1.56893e+08	2.13144e+08	1.92391e+08	1.92096e+08	1.64378e+08	2.1618e+08	2.13031e+08	1.8743e+08	1.90368e+08	1.87919e+08	2.1977e+08	2.44986e+08	2.47932e+08	2.05667e+08	2.09458e+08	2.03899e+08	1.44984e+08	1.65202e+08	1.52597e+08	1.35758e+08	1.69334e+08	1.65667e+08	1.15669e+08	1.12921e+08	1.22696e+08	1.24436e+08	1.07574e+08	1.14354e+08	1.32041e+08	1.43017e+08	1.45589e+08	1.17443e+08	1.22252e+08	1.22624e+08	1.16296e+08	1.52583e+08	1.51689e+08	1.12628e+08	1.54556e+08	1.13025e+08	1.45007e+08	1.63023e+08	1.6727e+08	1.62758e+08	1.3271e+08	9.67676e+07	1.47971e+08	1.30832e+08	1.71099e+08	1.6116e+08	1.02444e+08	1.30475e+08	1.311e+08	1.18403e+08	1.19386e+08	1.27538e+08	1.53012e+08	1.2922e+08	1.77321e+08	1.37793e+08	1.42841e+08	1.39288e+08	1.75634e+08	1.78789e+08
ERR613997	2.8108e+08	2.36047e+08	2.43879e+08	2.35381e+08	2.34377e+08	2.34377e+08	2.06728e+08	2.47776e+08	2.57444e+08	2.62112e+08	2.50925e+08	2.16773e+08	2.69723e+08	2.10122e+08	3.03212e+08	2.07143e+08	2.65228e+08	2.95358e+08	2.57529e+08	2.37723e+08	3.16993e+08	2.60235e+08	2.60629e+08	2.95962e+08	2.26222e+08	1.93804e+08	2.21549e+08	1.91741e+08	2.10397e+08	1.94408e+08	4.12153e+08	2.79619e+08	2.32144e+08	3.11419e+08	2.81273e+08	2.81236e+08	1.90472e+08	2.50654e+08	2.46816e+08	2.16095e+08	2.20454e+08	2.16964e+08	2.57653e+08	2.86734e+08	2.90253e+08	2.41617e+08	2.4628e+08	2.39872e+08	1.66857e+08	1.90121e+08	1.75871e+08	1.5644e+08	1.94937e+08	1.90762e+08	1.28653e+08	1.25488e+08	1.36325e+08	1.37961e+08	1.19029e+08	1.27078e+08	1.49109e+08	1.61084e+08	1.63896e+08	1.32811e+08	1.3774e+08	1.38214e+08	1.3266e+08	1.73691e+08	1.72695e+08	1.28495e+08	1.75974e+08	1.28695e+08	1.65907e+08	1.86646e+08	1.91701e+08	1.86506e+08	1.52013e+08	1.11378e+08	1.70401e+08	1.51034e+08	1.97257e+08	1.85813e+08	1.18398e+08	1.50739e+08	1.53867e+08	1.38896e+08	1.40175e+08	1.49792e+08	1.79453e+08	1.51743e+08	2.04939e+08	1.59462e+08	1.65309e+08	1.61019e+08	2.03023e+08	2.06426e+08
ERR613999	2.76358e+08	2.32161e+08	2.39838e+08	2.316e+08	2.30422e+08	2.3028e+08	2.02268e+08	2.42549e+08	2.52008e+08	2.56579e+08	2.45691e+08	2.12164e+08	2.65093e+08	2.07074e+08	2.98052e+08	2.03993e+08	2.60735e+08	2.90495e+08	2.52446e+08	2.3301e+08	3.1073e+08	2.55225e+08	2.55329e+08	2.89789e+08	2.22218e+08	1.90395e+08	2.17663e+08	1.8791e+08	2.06401e+08	1.90854e+08	2.79619e+08	3.99406e+08	2.27067e+08	3.049e+08	2.77323e+08	2.77234e+08	1.86742e+08	2.46131e+08	2.42391e+08	2.12452e+08	2.16437e+08	2.13125e+08	2.52744e+08	2.81112e+08	2.8469e+08	2.3705e+08	2.4144e+08	2.35154e+08	1.63124e+08	1.86128e+08	1.71922e+08	1.53061e+08	1.90696e+08	1.8672e+08	1.26678e+08	1.2369e+08	1.34288e+08	1.35971e+08	1.17488e+08	1.25132e+08	1.46345e+08	1.58348e+08	1.61006e+08	1.3018e+08	1.35329e+08	1.358e+08	1.29948e+08	1.70164e+08	1.69322e+08	1.25734e+08	1.72483e+08	1.26082e+08	1.63012e+08	1.83339e+08	1.88146e+08	1.83154e+08	1.49279e+08	1.09096e+08	1.66549e+08	1.47413e+08	1.92714e+08	1.81573e+08	1.15499e+08	1.47018e+08	1.50623e+08	1.36013e+08	1.3737e+08	1.46649e+08	1.75688e+08	1.48621e+08	2.00806e+08	1.55995e+08	1.61752e+08	1.57708e+08	1.98836e+08	2.02309e+08
ERR613998	2.26776e+08	1.90422e+08	1.97054e+08	1.90378e+08	1.894e+08	1.89498e+08	1.69037e+08	2.01276e+08	2.09331e+08	2.13149e+08	2.03831e+08	1.76889e+08	2.16461e+08	1.68798e+08	2.43094e+08	1.66427e+08	2.13303e+08	2.36828e+08	2.08735e+08	1.93331e+08	2.55738e+08	2.11067e+08	2.11421e+08	2.39838e+08	1.82264e+08	1.5659e+08	1.7856e+08	1.55199e+08	1.70042e+08	1.56893e+08	2.32144e+08	2.27067e+08	2.91059e+08	2.52458e+08	2.28485e+08	2.28401e+08	1.55299e+08	2.03038e+08	1.99815e+08	1.75117e+08	1.789e+08	1.7578e+08	2.0855e+08	2.31874e+08	2.34093e+08	1.96188e+08	1.99819e+08	1.94741e+08	1.33745e+08	1.52175e+08	1.41295e+08	1.2526e+08	1.55917e+08	1.52726e+08	1.019e+08	9.91376e+07	1.07848e+08	1.09005e+08	9.37369e+07	1.0058e+08	1.18613e+08	1.27801e+08	1.29952e+08	1.05802e+08	1.09422e+08	1.09737e+08	1.06088e+08	1.3848e+08	1.37662e+08	1.02697e+08	1.40294e+08	1.0294e+08	1.31857e+08	1.48506e+08	1.52451e+08	1.48307e+08	1.20998e+08	8.92957e+07	1.36523e+08	1.21615e+08	1.57714e+08	1.48573e+08	9.52871e+07	1.2118e+08	1.23197e+08	1.1091e+08	1.11999e+08	1.19613e+08	1.43381e+08	1.2126e+08	1.63606e+08	1.27613e+08	1.32217e+08	1.28719e+08	1.62031e+08	1.64813e+08
