	ERR626870	ERR626867	ERR626868	ERR626872	ERR626869	ERR626871	ERR618548	ERR618543	ERR618545	ERR618544	ERR618546	ERR618547	ERR636894	ERR636891	ERR636890	ERR636893	ERR636889	ERR636892	ERR626884	ERR626883	ERR626881	ERR626880	ERR626882	ERR626879	ERR613232	ERR613231	ERR613229	ERR613228	ERR613230	ERR613227	ERR608647	ERR608650	ERR608652	ERR608651	ERR608648	ERR608649	ERR622084	ERR622088	ERR622086	ERR622087	ERR622085	ERR622083	ERR606035	ERR606030	ERR606033	ERR606034	ERR606031	ERR606032	ERR613798	ERR613799	ERR613795	ERR613797	ERR613796	ERR613794	ERR607446	ERR607445	ERR607448	ERR607447	ERR607449	ERR607450	ERR621958	ERR621957	ERR621955	ERR621960	ERR621956	ERR621959	ERR612610	ERR612607	ERR612608	ERR612612	ERR612611	ERR612609	ERR617200	ERR617202	ERR617198	ERR617201	ERR617199	ERR617197	ERR626644	ERR626648	ERR626647	ERR626649	ERR626646	ERR626645	ERR613475	ERR613474	ERR613473	ERR613477	ERR613478	ERR613476	ERR617314	ERR617316	ERR617317	ERR617315	ERR617318	ERR617313
ERR626870	0	0.808409	0.8203	0.808161	0.818637	0.845095	0.911849	0.921714	0.923957	0.92571	0.910592	0.910988	0.930457	0.913918	0.910167	0.930985	0.922935	0.928293	0.861993	0.891909	0.868776	0.871083	0.890294	0.859658	0.983012	0.982382	0.955394	0.949836	0.988637	0.941764	0.952306	0.915935	0.92337	0.916423	0.923701	0.91403	0.975457	0.958591	0.957807	0.957022	0.975264	0.971919	0.94571	0.953974	0.941655	0.942757	0.917348	0.914766	1.09496	1.09495	1.09303	1.09526	1.11246	1.08587	0.955739	0.959775	0.929227	0.957562	0.930525	0.930021	1.11664	1.13068	1.12171	1.11601	1.1302	1.11823	1.11641	1.09935	1.12518	1.11797	1.11648	1.10579	1.08649	1.09329	1.07383	1.08279	1.07242	1.07875	1.09206	1.10448	1.10598	1.10562	1.11762	1.10093	1.10621	1.10636	1.10601	1.12625	1.12742	1.12663	1.10893	1.09623	1.09629	1.10861	1.09606	1.11101
ERR626867	0.808409	0	0.77166	0.760342	0.769864	0.810336	0.880186	0.893096	0.895807	0.897583	0.879889	0.879628	0.89253	0.873533	0.870472	0.893287	0.883975	0.890683	0.81799	0.857073	0.826249	0.828234	0.855002	0.814774	0.953105	0.952344	0.921439	0.915261	0.959253	0.90704	0.913992	0.876236	0.883163	0.876809	0.883774	0.87294	0.949567	0.929869	0.929469	0.928366	0.949467	0.946026	0.910474	0.917025	0.906501	0.907016	0.876961	0.874647	1.06799	1.06792	1.06535	1.0683	1.08533	1.05749	0.92094	0.925228	0.891748	0.923769	0.892934	0.893022	1.0923	1.10763	1.09755	1.09184	1.10677	1.09408	1.09167	1.07314	1.10105	1.09391	1.09191	1.07947	1.0592	1.06409	1.04502	1.05521	1.04389	1.05003	1.06558	1.07934	1.08146	1.081	1.09226	1.07508	1.07942	1.07965	1.07922	1.10262	1.10355	1.10304	1.08275	1.06899	1.06939	1.08264	1.06894	1.08391
ERR626868	0.8203	0.77166	0	0.774095	0.783391	0.821767	0.891852	0.904274	0.907086	0.908921	0.891603	0.89123	0.902217	0.884241	0.882008	0.902807	0.894545	0.900472	0.830519	0.867607	0.838315	0.840057	0.8662	0.827663	0.96175	0.960592	0.93192	0.925778	0.967173	0.918348	0.923216	0.888887	0.895129	0.8891	0.895492	0.885305	0.959806	0.940596	0.940162	0.93921	0.95995	0.956003	0.92037	0.925617	0.916736	0.917215	0.888638	0.886209	1.07678	1.07628	1.07367	1.07675	1.09256	1.06612	0.930095	0.934073	0.902238	0.9328	0.903825	0.903845	1.09936	1.1142	1.10473	1.09913	1.1135	1.10107	1.09877	1.081	1.10771	1.10043	1.0988	1.08657	1.06735	1.07147	1.05366	1.06359	1.05287	1.05839	1.07353	1.08709	1.08921	1.08868	1.09934	1.08264	1.08645	1.08666	1.08637	1.10921	1.11042	1.10987	1.09098	1.0773	1.07802	1.09039	1.07734	1.09162
ERR626872	0.808161	0.760342	0.774095	0	0.772294	0.81017	0.87957	0.892548	0.895513	0.897317	0.878962	0.878775	0.892091	0.873154	0.870039	0.893008	0.883996	0.890069	0.817283	0.856445	0.825492	0.828417	0.855056	0.814829	0.952991	0.952218	0.921847	0.915777	0.958638	0.907215	0.913618	0.876602	0.883105	0.876937	0.883623	0.873344	0.950077	0.929744	0.929839	0.928289	0.949909	0.9462	0.911264	0.917049	0.907276	0.907537	0.87771	0.874865	1.06863	1.06865	1.0661	1.06916	1.08624	1.05835	0.920873	0.92499	0.891941	0.923901	0.893097	0.892912	1.09268	1.10805	1.09836	1.09225	1.10769	1.09484	1.09234	1.07393	1.1018	1.09435	1.0925	1.08001	1.05962	1.06473	1.04552	1.05564	1.04445	1.05053	1.06612	1.0801	1.08191	1.08163	1.09277	1.07559	1.08009	1.08029	1.08002	1.10353	1.10453	1.10356	1.08382	1.06973	1.0702	1.08317	1.06994	1.08484
ERR626869	0.818637	0.769864	0.783391	0.772294	0	0.820256	0.889243	0.901405	0.904303	0.90627	0.888759	0.888661	0.90134	0.883463	0.880492	0.902372	0.893744	0.89966	0.828492	0.866241	0.836738	0.83919	0.864525	0.826178	0.960331	0.95998	0.930492	0.924636	0.965998	0.916568	0.92253	0.886728	0.893567	0.887287	0.893481	0.883723	0.957586	0.938446	0.937841	0.936925	0.957627	0.954223	0.920088	0.92594	0.915927	0.916498	0.887735	0.885464	1.07502	1.07491	1.07253	1.07528	1.09179	1.06469	0.929755	0.933327	0.901324	0.932146	0.902674	0.902303	1.09866	1.11328	1.10408	1.09836	1.11295	1.10048	1.09822	1.08	1.10723	1.10003	1.09807	1.08579	1.06602	1.0708	1.0525	1.06219	1.05108	1.057	1.07232	1.086	1.08794	1.08741	1.09875	1.08198	1.08638	1.08639	1.08591	1.10874	1.10978	1.10921	1.08992	1.07615	1.07681	1.08949	1.07624	1.09054
ERR626871	0.845095	0.810336	0.821767	0.81017	0.820256	0	0.91272	0.923106	0.925606	0.92702	0.912308	0.912306	0.931165	0.914388	0.91079	0.931636	0.923344	0.929065	0.864389	0.894588	0.87061	0.873382	0.892863	0.861905	0.983373	0.982905	0.956257	0.950982	0.989195	0.943032	0.952546	0.917206	0.923738	0.917675	0.92434	0.915022	0.976715	0.959941	0.959336	0.958364	0.976462	0.973192	0.94692	0.955526	0.943313	0.943799	0.918382	0.916295	1.09645	1.09613	1.09448	1.09663	1.11332	1.08683	0.956337	0.960245	0.930657	0.958408	0.93183	0.931253	1.11766	1.13181	1.12275	1.11742	1.13144	1.11965	1.1177	1.10068	1.12658	1.11919	1.11787	1.10698	1.08769	1.09418	1.07521	1.0843	1.07362	1.08014	1.09376	1.1056	1.10753	1.10724	1.11882	1.10204	1.10741	1.10737	1.1073	1.12736	1.12856	1.12782	1.10995	1.09716	1.09758	1.10965	1.09724	1.11167
ERR618548	0.911849	0.880186	0.891852	0.87957	0.889243	0.91272	0	0.749668	0.755618	0.755358	0.732885	0.733412	0.956293	0.936658	0.931919	0.956775	0.946026	0.95386	0.882808	0.912286	0.890285	0.893633	0.91026	0.881809	0.968906	0.968671	0.940845	0.93565	0.976073	0.925427	0.95057	0.906985	0.91572	0.908434	0.918282	0.90771	0.890247	0.871144	0.8698	0.869537	0.890398	0.884358	0.928138	0.941675	0.923704	0.924884	0.897831	0.895756	1.09295	1.09248	1.09183	1.0927	1.11298	1.08324	0.947808	0.952734	0.920295	0.949987	0.920573	0.92098	1.11202	1.12665	1.11748	1.11173	1.12647	1.11371	1.11327	1.09576	1.12333	1.11445	1.11334	1.10396	1.07938	1.09032	1.06698	1.07643	1.06495	1.07401	1.08856	1.10037	1.10238	1.10193	1.11668	1.09805	1.10105	1.10117	1.10108	1.11991	1.12109	1.12071	1.10346	1.0894	1.08929	1.10309	1.08881	1.10815
ERR618543	0.921714	0.893096	0.904274	0.892548	0.901405	0.923106	0.749668	0	0.761045	0.761277	0.748315	0.749253	0.967109	0.948426	0.942914	0.967519	0.957219	0.965122	0.896864	0.924176	0.903958	0.907237	0.921561	0.895361	0.978621	0.978771	0.951675	0.946643	0.985931	0.935729	0.962745	0.91855	0.927895	0.919881	0.929752	0.919794	0.894223	0.878895	0.877024	0.877048	0.894925	0.888557	0.939727	0.954864	0.935756	0.936642	0.910733	0.908512	1.09953	1.09914	1.099	1.0996	1.11994	1.09051	0.959915	0.964356	0.932567	0.96132	0.933345	0.933262	1.11782	1.13262	1.12325	1.11777	1.13232	1.11963	1.11987	1.10255	1.12984	1.12115	1.12015	1.11109	1.08619	1.09863	1.07422	1.08325	1.07203	1.08144	1.09476	1.10624	1.10806	1.10786	1.12339	1.10442	1.10846	1.10828	1.10816	1.12585	1.12751	1.12667	1.10936	1.09547	1.09551	1.10902	1.09504	1.11479
ERR618545	0.923957	0.895807	0.907086	0.895513	0.904303	0.925606	0.755618	0.761045	0	0.7665	0.754324	0.754872	0.968293	0.950033	0.944775	0.969032	0.958725	0.966619	0.899711	0.92632	0.906429	0.910362	0.924237	0.89827	0.980001	0.979672	0.953304	0.948412	0.986877	0.937818	0.964297	0.921492	0.930113	0.922185	0.932296	0.922357	0.898601	0.883501	0.881889	0.881211	0.899061	0.893433	0.942067	0.956138	0.93756	0.938688	0.913381	0.910978	1.10162	1.10126	1.10082	1.10141	1.12175	1.09263	0.960758	0.965409	0.934289	0.962663	0.934751	0.935052	1.11977	1.13424	1.12495	1.11974	1.13395	1.12154	1.1213	1.10425	1.1313	1.12273	1.12155	1.11265	1.08848	1.1005	1.07653	1.08542	1.07451	1.08363	1.09686	1.10819	1.11005	1.10978	1.12453	1.1061	1.10994	1.10957	1.10969	1.12724	1.12872	1.12814	1.11132	1.09769	1.09755	1.1109	1.09711	1.1165
ERR618544	0.92571	0.897583	0.908921	0.897317	0.90627	0.92702	0.755358	0.761277	0.7665	0	0.754263	0.75495	0.969705	0.951847	0.946124	0.970329	0.959782	0.967664	0.901683	0.928045	0.908326	0.911567	0.925938	0.900036	0.980776	0.980521	0.954124	0.949343	0.987868	0.938696	0.964952	0.922092	0.931216	0.923397	0.933273	0.923238	0.898457	0.883247	0.881988	0.881525	0.898646	0.893316	0.942796	0.957205	0.938814	0.939739	0.914177	0.91238	1.10237	1.10224	1.10175	1.10226	1.12261	1.09348	0.961955	0.966232	0.935414	0.963514	0.935958	0.936075	1.12077	1.13532	1.12598	1.12055	1.13485	1.1226	1.12214	1.10513	1.13198	1.1234	1.12244	1.11366	1.08937	1.10127	1.07705	1.08633	1.07514	1.08415	1.09744	1.10892	1.11065	1.11063	1.12557	1.10687	1.11072	1.11055	1.11062	1.12798	1.1295	1.12895	1.11209	1.09862	1.09833	1.11198	1.09824	1.11718
ERR618546	0.910592	0.879889	0.891603	0.878962	0.888759	0.912308	0.732885	0.748315	0.754324	0.754263	0	0.732433	0.955942	0.936644	0.931311	0.956415	0.94568	0.953731	0.882535	0.9124	0.889956	0.893533	0.909719	0.881144	0.968794	0.968611	0.940389	0.935498	0.975994	0.925003	0.950841	0.906804	0.915679	0.908039	0.918276	0.907722	0.889283	0.870048	0.868785	0.868316	0.889329	0.883306	0.928264	0.942204	0.924176	0.925002	0.897845	0.895937	1.09289	1.09248	1.09198	1.09271	1.11346	1.0834	0.948428	0.953226	0.920341	0.950297	0.921108	0.921135	1.11183	1.12676	1.11721	1.11163	1.12657	1.11392	1.11314	1.09558	1.12343	1.11442	1.11323	1.10365	1.07984	1.09101	1.06713	1.07641	1.06502	1.07439	1.08861	1.10058	1.10256	1.10181	1.11698	1.09835	1.10136	1.10131	1.10133	1.11984	1.12122	1.12071	1.10331	1.08909	1.08929	1.10299	1.08884	1.10842
ERR618547	0.910988	0.879628	0.89123	0.878775	0.888661	0.912306	0.733412	0.749253	0.754872	0.75495	0.732433	0	0.954987	0.935821	0.930744	0.955567	0.944998	0.952821	0.882265	0.912263	0.890084	0.893027	0.909915	0.880957	0.967707	0.967274	0.939682	0.934412	0.974765	0.924179	0.949651	0.906178	0.914923	0.907587	0.917612	0.906886	0.889083	0.870134	0.868594	0.868187	0.889219	0.88332	0.92734	0.940897	0.923133	0.923973	0.896871	0.895006	1.09223	1.09189	1.09116	1.09188	1.11229	1.08259	0.947359	0.951908	0.91922	0.949366	0.919956	0.920062	1.1111	1.12575	1.11632	1.11068	1.12552	1.11273	1.11248	1.09492	1.12258	1.1138	1.11254	1.10295	1.07903	1.08963	1.0664	1.07559	1.06434	1.07324	1.08784	1.09975	1.10178	1.10127	1.11638	1.09732	1.10045	1.10032	1.10021	1.11908	1.12046	1.11987	1.10287	1.08857	1.08859	1.10207	1.08825	1.10733
ERR636894	0.930457	0.89253	0.902217	0.892091	0.90134	0.931165	0.956293	0.967109	0.968293	0.969705	0.955942	0.954987	0	0.793009	0.793248	0.807502	0.80231	0.804458	0.903864	0.93996	0.911245	0.912202	0.938831	0.90174	0.958798	0.957589	0.930739	0.924904	0.963248	0.920089	0.938106	0.912279	0.916631	0.911915	0.916719	0.908893	0.967527	0.951408	0.951609	0.950273	0.967904	0.965446	0.933777	0.931358	0.930094	0.930012	0.905085	0.903192	1.10035	1.10022	1.09733	1.10076	1.11348	1.09057	0.93153	0.935157	0.906125	0.935058	0.908103	0.907643	1.11622	1.12806	1.12054	1.11555	1.12749	1.11727	1.11513	1.10025	1.12268	1.11724	1.11538	1.10425	1.09214	1.09338	1.07947	1.08857	1.07894	1.08267	1.09888	1.11181	1.11331	1.11286	1.12117	1.10726	1.10163	1.10173	1.1014	1.12165	1.1223	1.12157	1.10854	1.09622	1.097	1.10801	1.09666	1.10751
ERR636891	0.913918	0.873533	0.884241	0.873154	0.883463	0.914388	0.936658	0.948426	0.950033	0.951847	0.936644	0.935821	0.793009	0	0.769944	0.794612	0.782381	0.790719	0.88397	0.922441	0.892301	0.893336	0.920926	0.881838	0.944491	0.943099	0.913896	0.907776	0.949805	0.901754	0.924623	0.894732	0.899677	0.894202	0.899766	0.890835	0.951508	0.933963	0.934177	0.932622	0.951642	0.949186	0.918804	0.91803	0.914415	0.914826	0.887208	0.885036	1.08416	1.08365	1.0808	1.08414	1.09794	1.07376	0.917958	0.921906	0.889931	0.921746	0.892135	0.89129	1.10039	1.11314	1.10507	1.09962	1.11252	1.10146	1.09954	1.08402	1.10758	1.10175	1.09971	1.08823	1.07507	1.07678	1.06155	1.07143	1.06095	1.06548	1.08284	1.09627	1.09795	1.09777	1.10689	1.09183	1.08533	1.08533	1.08508	1.1063	1.10738	1.10651	1.09509	1.08186	1.08269	1.09433	1.08214	1.0945
ERR636890	0.910167	0.870472	0.882008	0.870039	0.880492	0.91079	0.931919	0.942914	0.944775	0.946124	0.931311	0.930744	0.793248	0.769944	0	0.794288	0.781622	0.790499	0.881808	0.919965	0.890214	0.891528	0.918122	0.87956	0.943152	0.942438	0.912554	0.905754	0.948979	0.898926	0.92444	0.891542	0.897258	0.891383	0.897878	0.887845	0.946871	0.929497	0.92942	0.927987	0.946765	0.943477	0.917128	0.918439	0.912939	0.913515	0.885344	0.882823	1.0828	1.08288	1.08005	1.08321	1.09847	1.07238	0.917593	0.921477	0.888784	0.920957	0.890469	0.889949	1.09951	1.11264	1.10428	1.09872	1.11194	1.10089	1.09913	1.08281	1.10716	1.10107	1.09927	1.08793	1.0738	1.0775	1.06019	1.07012	1.0594	1.06487	1.08121	1.09456	1.09645	1.09615	1.10652	1.09035	1.08536	1.0852	1.08494	1.10564	1.10672	1.10553	1.09386	1.08057	1.08151	1.09345	1.08079	1.09401
ERR636893	0.930985	0.893287	0.902807	0.893008	0.902372	0.931636	0.956775	0.967519	0.969032	0.970329	0.956415	0.955567	0.807502	0.794612	0.794288	0	0.803747	0.806143	0.904757	0.940435	0.912153	0.91323	0.939174	0.902513	0.959963	0.959222	0.932207	0.926586	0.964448	0.921271	0.938833	0.912968	0.917273	0.912033	0.9173	0.909432	0.968367	0.952219	0.952227	0.95084	0.968496	0.965871	0.934363	0.932442	0.930647	0.930608	0.905887	0.904143	1.10105	1.1007	1.09786	1.10132	1.11413	1.09109	0.932842	0.93658	0.907112	0.936408	0.909103	0.908576	1.11727	1.12905	1.12156	1.11643	1.12853	1.1182	1.11601	1.1011	1.1235	1.11802	1.1162	1.10536	1.09246	1.09408	1.07994	1.08896	1.07929	1.08344	1.09936	1.11219	1.11372	1.11362	1.12223	1.10793	1.10262	1.10272	1.10248	1.1228	1.12347	1.12278	1.10873	1.09681	1.09746	1.10843	1.097	1.10814
ERR636889	0.922935	0.883975	0.894545	0.883996	0.893744	0.923344	0.946026	0.957219	0.958725	0.959782	0.94568	0.944998	0.80231	0.782381	0.781622	0.803747	0	0.800178	0.895615	0.932236	0.9034	0.904849	0.930441	0.893419	0.953337	0.952393	0.924429	0.918402	0.958533	0.912603	0.933131	0.904811	0.90939	0.904179	0.909428	0.901029	0.959798	0.943251	0.943315	0.942078	0.959942	0.957239	0.927241	0.927075	0.923341	0.923489	0.897527	0.89561	1.09426	1.09381	1.09138	1.09474	1.10833	1.08435	0.926419	0.930246	0.899402	0.929593	0.901363	0.900377	1.11144	1.12365	1.11594	1.11057	1.12325	1.1125	1.11008	1.09483	1.11805	1.11237	1.1105	1.09952	1.08547	1.08794	1.07289	1.08193	1.07195	1.07634	1.09284	1.10589	1.10759	1.10713	1.11644	1.10147	1.09671	1.0969	1.09657	1.11712	1.11771	1.11709	1.1036	1.09083	1.09145	1.10303	1.0912	1.1032
ERR636892	0.928293	0.890683	0.900472	0.890069	0.89966	0.929065	0.95386	0.965122	0.966619	0.967664	0.953731	0.952821	0.804458	0.790719	0.790499	0.806143	0.800178	0	0.901898	0.938481	0.90951	0.910591	0.937232	0.899935	0.95724	0.956348	0.929332	0.923388	0.96192	0.917907	0.93674	0.910681	0.914898	0.909973	0.914958	0.906761	0.966048	0.949672	0.949812	0.948499	0.966321	0.963691	0.932353	0.930097	0.928651	0.928457	0.903277	0.901455	1.09912	1.09888	1.09594	1.09926	1.11219	1.08925	0.930523	0.934359	0.904276	0.933853	0.90661	0.905753	1.11499	1.12702	1.11963	1.11415	1.12664	1.11611	1.11413	1.09886	1.12142	1.11599	1.11396	1.1031	1.09037	1.09183	1.07772	1.08706	1.07712	1.08118	1.09736	1.10999	1.1118	1.11135	1.11993	1.10544	1.10054	1.10053	1.10017	1.12045	1.1214	1.12052	1.10749	1.0953	1.0959	1.10678	1.09555	1.10676
ERR626884	0.861993	0.81799	0.830519	0.817283	0.828492	0.864389	0.882808	0.896864	0.899711	0.901683	0.882535	0.882265	0.903864	0.88397	0.881808	0.904757	0.895615	0.901898	0	0.802114	0.766181	0.768818	0.79989	0.753997	0.953078	0.952774	0.921318	0.914451	0.959251	0.906591	0.931686	0.894819	0.901994	0.895046	0.902103	0.89176	0.945319	0.925435	0.924977	0.923708	0.944629	0.941443	0.909437	0.915262	0.90514	0.905887	0.875073	0.872649	1.06764	1.0675	1.06498	1.0678	1.08457	1.05674	0.931446	0.934893	0.90185	0.934291	0.903297	0.903078	1.08031	1.09414	1.08542	1.07999	1.09377	1.08201	1.08323	1.06577	1.09154	1.08479	1.08299	1.0713	1.0548	1.05955	1.04063	1.05082	1.03949	1.04539	1.06372	1.07768	1.07964	1.07937	1.09067	1.07328	1.06738	1.06728	1.06713	1.08842	1.08951	1.08885	1.08264	1.06843	1.06901	1.08173	1.06853	1.08316
ERR626883	0.891909	0.857073	0.867607	0.856445	0.866241	0.894588	0.912286	0.924176	0.92632	0.928045	0.9124	0.912263	0.93996	0.922441	0.919965	0.940435	0.932236	0.938481	0.802114	0	0.810499	0.812585	0.833309	0.800413	0.982716	0.982842	0.954947	0.948788	0.989294	0.941018	0.967592	0.931994	0.939115	0.932598	0.939614	0.929828	0.971889	0.95465	0.954134	0.953495	0.971584	0.968638	0.942722	0.950638	0.938979	0.939514	0.913172	0.910516	1.09385	1.09386	1.09168	1.09412	1.11054	1.08435	0.962576	0.966334	0.936559	0.964986	0.937776	0.937251	1.10665	1.11968	1.11113	1.10647	1.11933	1.10822	1.10928	1.09339	1.11762	1.11101	1.10957	1.09938	1.08149	1.08771	1.06844	1.07785	1.06712	1.07372	1.08958	1.102	1.10365	1.1035	1.11477	1.0983	1.09504	1.09507	1.09485	1.11418	1.11515	1.1147	1.1071	1.09402	1.09458	1.10636	1.09407	1.10836
ERR626881	0.868776	0.826249	0.838315	0.825492	0.836738	0.87061	0.890285	0.903958	0.906429	0.908326	0.889956	0.890084	0.911245	0.892301	0.890214	0.912153	0.9034	0.90951	0.766181	0.810499	0	0.776492	0.8083	0.762199	0.959584	0.958926	0.928451	0.921704	0.965459	0.914317	0.938604	0.902623	0.909533	0.903194	0.909628	0.899424	0.952239	0.932664	0.932413	0.930995	0.951506	0.948524	0.916246	0.922162	0.912349	0.912454	0.882854	0.880559	1.07342	1.0732	1.07067	1.07366	1.08991	1.06278	0.937452	0.941318	0.908985	0.940283	0.910732	0.910359	1.08609	1.09987	1.09114	1.08597	1.09928	1.08766	1.08879	1.07188	1.09761	1.09056	1.08899	1.07724	1.06036	1.06528	1.04667	1.05682	1.04561	1.05141	1.06954	1.08341	1.08536	1.08462	1.09585	1.07915	1.07307	1.07322	1.0731	1.09434	1.09547	1.09481	1.08735	1.07336	1.07419	1.08676	1.07369	1.08824
ERR626880	0.871083	0.828234	0.840057	0.828417	0.83919	0.873382	0.893633	0.907237	0.910362	0.911567	0.893533	0.893027	0.912202	0.893336	0.891528	0.91323	0.904849	0.910591	0.768818	0.812585	0.776492	0	0.810627	0.764176	0.960855	0.960212	0.929957	0.923519	0.966544	0.916425	0.939615	0.905092	0.91186	0.905323	0.911917	0.901764	0.954558	0.935501	0.935382	0.933967	0.954049	0.951141	0.917679	0.922413	0.913958	0.91382	0.884717	0.882793	1.07449	1.07424	1.07138	1.0744	1.09005	1.06389	0.938522	0.942068	0.910383	0.940993	0.911789	0.91171	1.08745	1.1008	1.09208	1.08705	1.10017	1.08891	1.08957	1.07259	1.09787	1.09138	1.08965	1.0776	1.06174	1.06543	1.04803	1.05813	1.04693	1.05246	1.07037	1.08424	1.0861	1.08571	1.09622	1.07956	1.07355	1.07353	1.07311	1.09503	1.09579	1.09547	1.08849	1.07423	1.07528	1.08766	1.07463	1.08855
ERR626882	0.890294	0.855002	0.8662	0.855056	0.864525	0.892863	0.91026	0.921561	0.924237	0.925938	0.909719	0.909915	0.938831	0.920926	0.918122	0.939174	0.930441	0.937232	0.79989	0.833309	0.8083	0.810627	0	0.798103	0.98208	0.981762	0.953822	0.947705	0.98826	0.939695	0.966419	0.930502	0.937574	0.930769	0.938115	0.928275	0.96984	0.952488	0.95206	0.951181	0.969439	0.966317	0.941165	0.949071	0.937125	0.937998	0.911313	0.908665	1.09271	1.09247	1.09092	1.09269	1.10972	1.08327	0.960997	0.965242	0.934612	0.963261	0.936186	0.935966	1.10595	1.11919	1.11042	1.10557	1.11876	1.10754	1.10865	1.09249	1.11716	1.11032	1.10873	1.09853	1.08035	1.08693	1.06756	1.07693	1.06616	1.07262	1.08824	1.10131	1.10279	1.1023	1.11412	1.09762	1.09456	1.09436	1.09441	1.11363	1.11465	1.11411	1.10617	1.09311	1.09341	1.10587	1.0932	1.10785
ERR626879	0.859658	0.814774	0.827663	0.814829	0.826178	0.861905	0.881809	0.895361	0.89827	0.900036	0.881144	0.880957	0.90174	0.881838	0.87956	0.902513	0.893419	0.899935	0.753997	0.800413	0.762199	0.764176	0.798103	0	0.951751	0.951363	0.91948	0.912181	0.958229	0.904118	0.928913	0.891437	0.898675	0.891963	0.899368	0.888378	0.943917	0.924126	0.923903	0.922475	0.943534	0.939992	0.907034	0.913315	0.902797	0.903152	0.872123	0.869809	1.06576	1.06534	1.06279	1.06594	1.08244	1.0546	0.928641	0.932651	0.899293	0.931769	0.901001	0.90047	1.0788	1.09281	1.0835	1.0782	1.09207	1.08034	1.08149	1.06411	1.09023	1.08326	1.08142	1.06962	1.05251	1.05765	1.03836	1.0488	1.03714	1.04314	1.06154	1.07582	1.07769	1.07719	1.08853	1.07132	1.06517	1.06515	1.06468	1.08665	1.08766	1.08722	1.07962	1.0658	1.06621	1.07892	1.06583	1.08049
ERR613232	0.983012	0.953105	0.96175	0.952991	0.960331	0.983373	0.968906	0.978621	0.980001	0.980776	0.968794	0.967707	0.958798	0.944491	0.943152	0.959963	0.953337	0.95724	0.953078	0.982716	0.959584	0.960855	0.98208	0.951751	0	0.856893	0.827315	0.820867	0.863412	0.815665	0.964754	0.938109	0.942131	0.938324	0.943593	0.935972	0.9558	0.944349	0.94462	0.943251	0.955379	0.954685	0.938049	0.940755	0.935229	0.935473	0.912384	0.910776	1.09787	1.0976	1.09504	1.09827	1.11188	1.0887	0.947691	0.950247	0.924695	0.950518	0.925812	0.925532	1.07829	1.08694	1.08158	1.07799	1.08655	1.07887	1.07679	1.06564	1.08215	1.07768	1.07652	1.06852	1.0886	1.09084	1.07678	1.08482	1.07563	1.07994	1.09632	1.10901	1.10975	1.10976	1.11841	1.10436	1.06509	1.0654	1.06482	1.07794	1.07824	1.07783	1.11103	1.09933	1.09935	1.11067	1.09912	1.11144
ERR613231	0.982382	0.952344	0.960592	0.952218	0.95998	0.982905	0.968671	0.978771	0.979672	0.980521	0.968611	0.967274	0.957589	0.943099	0.942438	0.959222	0.952393	0.956348	0.952774	0.982842	0.958926	0.960212	0.981762	0.951363	0.856893	0	0.827378	0.820887	0.862984	0.815608	0.963748	0.937009	0.941241	0.937713	0.94304	0.934755	0.956816	0.945015	0.945171	0.943636	0.956058	0.95527	0.936697	0.939477	0.934094	0.934212	0.91149	0.909691	1.0969	1.09662	1.09395	1.09726	1.11078	1.08749	0.946823	0.949344	0.923331	0.949557	0.92473	0.924505	1.0783	1.08733	1.08158	1.07815	1.0866	1.07904	1.07693	1.06538	1.08232	1.07776	1.07641	1.06827	1.08746	1.08943	1.07561	1.0839	1.07454	1.0787	1.09517	1.10783	1.10871	1.10872	1.11755	1.10325	1.06472	1.06492	1.06425	1.07823	1.07842	1.07787	1.10986	1.09835	1.09855	1.1096	1.09815	1.11058
ERR613229	0.955394	0.921439	0.93192	0.921847	0.930492	0.956257	0.940845	0.951675	0.953304	0.954124	0.940389	0.939682	0.930739	0.913896	0.912554	0.932207	0.924429	0.929332	0.921318	0.954947	0.928451	0.929957	0.953822	0.91948	0.827315	0.827378	0	0.778512	0.835031	0.771216	0.937245	0.904916	0.91012	0.905463	0.912041	0.902371	0.927914	0.914643	0.914891	0.913286	0.927393	0.926242	0.908335	0.912377	0.905269	0.904718	0.877682	0.875972	1.07517	1.07465	1.07176	1.07541	1.09058	1.06458	0.921068	0.92501	0.893949	0.923827	0.895539	0.895074	1.05577	1.06579	1.05943	1.05571	1.065	1.05668	1.05446	1.04163	1.06022	1.05533	1.05371	1.04496	1.06525	1.06852	1.052	1.06124	1.05081	1.05585	1.07349	1.08753	1.08837	1.08843	1.09817	1.08243	1.0411	1.04134	1.04059	1.05565	1.05612	1.05537	1.08839	1.07528	1.07553	1.08806	1.0753	1.08945
ERR613228	0.949836	0.915261	0.925778	0.915777	0.924636	0.950982	0.93565	0.946643	0.948412	0.949343	0.935498	0.934412	0.924904	0.907776	0.905754	0.926586	0.918402	0.923388	0.914451	0.948788	0.921704	0.923519	0.947705	0.912181	0.820867	0.820887	0.778512	0	0.829263	0.762239	0.931995	0.898608	0.904344	0.899326	0.906041	0.895992	0.920801	0.907471	0.90773	0.906052	0.920215	0.919087	0.902529	0.907168	0.899077	0.899374	0.870931	0.86891	1.06968	1.06904	1.06646	1.07003	1.08563	1.05906	0.916769	0.920142	0.888243	0.919654	0.890041	0.890041	1.04929	1.0597	1.0531	1.04933	1.05864	1.05025	1.04823	1.03545	1.05447	1.04912	1.04771	1.039	1.05965	1.06368	1.04643	1.05562	1.04546	1.0506	1.06828	1.08233	1.08306	1.08306	1.09342	1.07716	1.03482	1.0349	1.03432	1.04948	1.04993	1.0491	1.08425	1.07108	1.07117	1.08384	1.07092	1.08511
ERR613230	0.988637	0.959253	0.967173	0.958638	0.965998	0.989195	0.976073	0.985931	0.986877	0.987868	0.975994	0.974765	0.963248	0.949805	0.948979	0.964448	0.958533	0.96192	0.959251	0.989294	0.965459	0.966544	0.98826	0.958229	0.863412	0.862984	0.835031	0.829263	0	0.824669	0.968277	0.943696	0.947596	0.94455	0.949047	0.941742	0.96228	0.951108	0.951393	0.949873	0.961542	0.960902	0.943324	0.944502	0.941019	0.940409	0.918611	0.916904	1.10272	1.10233	1.0994	1.10329	1.11564	1.09354	0.952474	0.955415	0.930255	0.955481	0.931533	0.931357	1.08283	1.0913	1.08588	1.08259	1.09074	1.08346	1.08107	1.07026	1.08656	1.08189	1.08062	1.07279	1.09344	1.09488	1.08155	1.08992	1.08085	1.08471	1.10106	1.11352	1.11415	1.11418	1.12221	1.10905	1.06934	1.06941	1.06885	1.08242	1.08257	1.08196	1.11488	1.10315	1.10336	1.11432	1.10284	1.11465
ERR613227	0.941764	0.90704	0.918348	0.907215	0.916568	0.943032	0.925427	0.935729	0.937818	0.938696	0.925003	0.924179	0.920089	0.901754	0.898926	0.921271	0.912603	0.917907	0.906591	0.941018	0.914317	0.916425	0.939695	0.904118	0.815665	0.815608	0.771216	0.762239	0.824669	0	0.927743	0.889882	0.896901	0.891217	0.898538	0.888168	0.913085	0.899047	0.899216	0.897501	0.912545	0.910658	0.895669	0.902378	0.891584	0.892202	0.862332	0.859911	1.06319	1.06294	1.06031	1.06367	1.08136	1.0528	0.911156	0.915325	0.881207	0.913925	0.88254	0.882486	1.04578	1.05694	1.04971	1.04572	1.0563	1.04686	1.04529	1.03115	1.05196	1.04616	1.04503	1.03622	1.05289	1.05906	1.03931	1.04878	1.03807	1.04447	1.06234	1.07632	1.0773	1.07705	1.0891	1.07142	1.03163	1.03168	1.03111	1.04657	1.04675	1.04618	1.07856	1.06469	1.06473	1.07802	1.06443	1.08022
ERR608647	0.952306	0.913992	0.923216	0.913618	0.92253	0.952546	0.95057	0.962745	0.964297	0.964952	0.950841	0.949651	0.938106	0.924623	0.92444	0.938833	0.933131	0.93674	0.931686	0.967592	0.938604	0.939615	0.966419	0.928913	0.964754	0.963748	0.937245	0.931995	0.968277	0.927743	0	0.830455	0.833042	0.830509	0.833025	0.825059	0.976193	0.957022	0.956585	0.955531	0.97541	0.972917	0.927627	0.926375	0.924557	0.925025	0.899652	0.89813	1.09284	1.09254	1.08922	1.09308	1.10483	1.08266	0.923332	0.926611	0.897105	0.926764	0.898361	0.89783	1.116	1.12871	1.12085	1.11525	1.12822	1.11729	1.11556	1.09933	1.12352	1.1177	1.1152	1.10335	1.08398	1.08356	1.07125	1.08053	1.07096	1.07409	1.09308	1.10607	1.10773	1.10757	1.11514	1.10137	1.09955	1.09956	1.0989	1.1215	1.12205	1.12151	1.0995	1.08702	1.08809	1.09896	1.08777	1.09805
ERR608650	0.915935	0.876236	0.888887	0.876602	0.886728	0.917206	0.906985	0.91855	0.921492	0.922092	0.906804	0.906178	0.912279	0.894732	0.891542	0.912968	0.904811	0.910681	0.894819	0.931994	0.902623	0.905092	0.930502	0.891437	0.938109	0.937009	0.904916	0.898608	0.943696	0.889882	0.830455	0	0.790666	0.783665	0.795494	0.783145	0.934991	0.914826	0.913562	0.912691	0.933802	0.930618	0.895878	0.901495	0.891879	0.8928	0.86192	0.859545	1.06577	1.06549	1.06312	1.06593	1.08326	1.05512	0.894592	0.898803	0.861735	0.897535	0.863225	0.862817	1.09087	1.10592	1.09629	1.0902	1.1053	1.09261	1.09229	1.07382	1.10171	1.0944	1.09248	1.08046	1.05664	1.06263	1.04264	1.05267	1.04159	1.04777	1.06645	1.08033	1.08194	1.08185	1.0938	1.07604	1.0758	1.07567	1.07513	1.09784	1.09879	1.09821	1.0763	1.06204	1.06296	1.07582	1.06245	1.07733
ERR608652	0.92337	0.883163	0.895129	0.883105	0.893567	0.923738	0.91572	0.927895	0.930113	0.931216	0.915679	0.914923	0.916631	0.899677	0.897258	0.917273	0.90939	0.914898	0.901994	0.939115	0.909533	0.91186	0.937574	0.898675	0.942131	0.941241	0.91012	0.904344	0.947596	0.896901	0.833042	0.790666	0	0.7912	0.801178	0.790573	0.943862	0.923734	0.922643	0.921555	0.942951	0.939926	0.900985	0.904823	0.897271	0.897821	0.868746	0.866312	1.07134	1.07084	1.06811	1.07108	1.08687	1.06069	0.898405	0.903227	0.867357	0.901724	0.86898	0.868607	1.09631	1.11065	1.10131	1.09554	1.11006	1.09756	1.09707	1.07911	1.10622	1.09906	1.09699	1.08488	1.06225	1.06597	1.04855	1.05859	1.04781	1.05321	1.072	1.08575	1.08765	1.08702	1.09787	1.08124	1.08052	1.0804	1.08011	1.10254	1.10352	1.10297	1.0808	1.06672	1.06746	1.07989	1.0668	1.08082
ERR608651	0.916423	0.876809	0.8891	0.876937	0.887287	0.917675	0.908434	0.919881	0.922185	0.923397	0.908039	0.907587	0.911915	0.894202	0.891383	0.912033	0.904179	0.909973	0.895046	0.932598	0.903194	0.905323	0.930769	0.891963	0.938324	0.937713	0.905463	0.899326	0.94455	0.891217	0.830509	0.783665	0.7912	0	0.796016	0.783876	0.936206	0.915827	0.915038	0.913914	0.935339	0.931978	0.896261	0.90115	0.892023	0.893701	0.862388	0.860116	1.06628	1.06575	1.06322	1.06642	1.08373	1.05578	0.894599	0.89945	0.862132	0.897821	0.863793	0.863112	1.09172	1.10662	1.09683	1.09093	1.10567	1.09291	1.09309	1.0745	1.10255	1.09482	1.09322	1.08088	1.05711	1.06275	1.04328	1.05362	1.04251	1.04865	1.06699	1.08114	1.08272	1.08255	1.09436	1.07678	1.0766	1.07639	1.07589	1.09843	1.09941	1.0985	1.07665	1.06253	1.06327	1.07602	1.06279	1.07749
ERR608648	0.923701	0.883774	0.895492	0.883623	0.893481	0.92434	0.918282	0.929752	0.932296	0.933273	0.918276	0.917612	0.916719	0.899766	0.897878	0.9173	0.909428	0.914958	0.902103	0.939614	0.909628	0.911917	0.938115	0.899368	0.943593	0.94304	0.912041	0.906041	0.949047	0.898538	0.833025	0.795494	0.801178	0.796016	0	0.790464	0.944609	0.924931	0.924025	0.922936	0.943986	0.940636	0.902996	0.906294	0.898656	0.899928	0.870121	0.868088	1.07174	1.07136	1.06861	1.07172	1.08771	1.06115	0.900331	0.904877	0.869615	0.903726	0.871211	0.870371	1.09672	1.11105	1.10194	1.09591	1.11053	1.09816	1.09769	1.07957	1.10659	1.0997	1.09771	1.0856	1.06259	1.06683	1.04899	1.05912	1.04826	1.05333	1.07259	1.086	1.08768	1.08773	1.09836	1.08192	1.08098	1.08065	1.08032	1.10335	1.1041	1.10348	1.08112	1.06744	1.06802	1.08022	1.06757	1.08149
ERR608649	0.91403	0.87294	0.885305	0.873344	0.883723	0.915022	0.90771	0.919794	0.922357	0.923238	0.907722	0.906886	0.908893	0.890835	0.887845	0.909432	0.901029	0.906761	0.89176	0.929828	0.899424	0.901764	0.928275	0.888378	0.935972	0.934755	0.902371	0.895992	0.941742	0.888168	0.825059	0.783145	0.790573	0.783876	0.790464	0	0.935693	0.914737	0.914287	0.91311	0.934605	0.931531	0.893528	0.898195	0.889876	0.890551	0.859531	0.857111	1.06277	1.06248	1.05976	1.06292	1.07975	1.05182	0.891328	0.896051	0.858961	0.894688	0.860674	0.860346	1.08857	1.10367	1.09398	1.08788	1.10305	1.09004	1.08983	1.07111	1.09916	1.09174	1.08978	1.07731	1.05374	1.05851	1.03958	1.04991	1.03871	1.04452	1.06391	1.07778	1.07987	1.07926	1.09063	1.07334	1.07295	1.07277	1.07249	1.09578	1.09668	1.096	1.07348	1.05896	1.05996	1.0729	1.05937	1.07415
ERR622084	0.975457	0.949567	0.959806	0.950077	0.957586	0.976715	0.890247	0.894223	0.898601	0.898457	0.889283	0.889083	0.967527	0.951508	0.946871	0.968367	0.959798	0.966048	0.945319	0.971889	0.952239	0.954558	0.96984	0.943917	0.9558	0.956816	0.927914	0.920801	0.96228	0.913085	0.976193	0.934991	0.943862	0.936206	0.944609	0.935693	0	0.729467	0.72819	0.728044	0.740507	0.735297	0.957387	0.971578	0.953748	0.954855	0.929811	0.926766	1.11209	1.11195	1.11178	1.1123	1.13217	1.10347	0.981673	0.985946	0.955479	0.98316	0.956619	0.955976	1.06603	1.07577	1.0699	1.06638	1.07566	1.06715	1.06958	1.05815	1.07621	1.07004	1.06933	1.06473	1.10013	1.11208	1.08847	1.09674	1.08634	1.0954	1.10588	1.11709	1.11895	1.1183	1.13337	1.11505	1.06043	1.06032	1.06056	1.06808	1.06902	1.06822	1.1181	1.10451	1.10498	1.11738	1.10411	1.12321
ERR622088	0.958591	0.929869	0.940596	0.929744	0.938446	0.959941	0.871144	0.878895	0.883501	0.883247	0.870048	0.870134	0.951408	0.933963	0.929497	0.952219	0.943251	0.949672	0.925435	0.95465	0.932664	0.935501	0.952488	0.924126	0.944349	0.945015	0.914643	0.907471	0.951108	0.899047	0.957022	0.914826	0.923734	0.915827	0.924931	0.914737	0.729467	0	0.706239	0.706162	0.730237	0.724684	0.939131	0.952271	0.935236	0.935701	0.908911	0.905995	1.09871	1.09838	1.09803	1.09858	1.11891	1.08978	0.96351	0.967998	0.935995	0.965633	0.937103	0.9365	1.05773	1.06856	1.06248	1.05801	1.069	1.05925	1.06109	1.04814	1.06856	1.06174	1.06065	1.05496	1.0864	1.09761	1.07412	1.08284	1.07216	1.08102	1.093	1.10484	1.10656	1.10592	1.1206	1.10233	1.05055	1.05016	1.05058	1.06131	1.06202	1.06101	1.10573	1.09164	1.09164	1.10491	1.09113	1.11014
ERR622086	0.957807	0.929469	0.940162	0.929839	0.937841	0.959336	0.8698	0.877024	0.881889	0.881988	0.868785	0.868594	0.951609	0.934177	0.92942	0.952227	0.943315	0.949812	0.924977	0.954134	0.932413	0.935382	0.95206	0.923903	0.94462	0.945171	0.914891	0.90773	0.951393	0.899216	0.956585	0.913562	0.922643	0.915038	0.924025	0.914287	0.72819	0.706239	0	0.705065	0.728953	0.72292	0.939131	0.952723	0.934899	0.93565	0.908957	0.905632	1.09848	1.09802	1.09798	1.09858	1.11884	1.08959	0.963694	0.968247	0.935701	0.965639	0.936804	0.93651	1.0581	1.06922	1.06266	1.05839	1.06936	1.05948	1.06165	1.04869	1.06919	1.06249	1.06166	1.05567	1.08666	1.09796	1.07419	1.08278	1.07218	1.08129	1.09283	1.10453	1.10632	1.10585	1.12078	1.1022	1.0512	1.0509	1.05122	1.06188	1.06272	1.0616	1.10523	1.09115	1.09119	1.10433	1.09069	1.11003
ERR622087	0.957022	0.928366	0.93921	0.928289	0.936925	0.958364	0.869537	0.877048	0.881211	0.881525	0.868316	0.868187	0.950273	0.932622	0.927987	0.95084	0.942078	0.948499	0.923708	0.953495	0.930995	0.933967	0.951181	0.922475	0.943251	0.943636	0.913286	0.906052	0.949873	0.897501	0.955531	0.912691	0.921555	0.913914	0.922936	0.91311	0.728044	0.706162	0.705065	0	0.728827	0.723053	0.937177	0.950777	0.933195	0.934048	0.907023	0.904188	1.09727	1.09693	1.09665	1.0972	1.11744	1.0881	0.962334	0.966889	0.934155	0.964148	0.935361	0.934863	1.05679	1.06771	1.06126	1.05704	1.068	1.05851	1.06032	1.04732	1.06778	1.0609	1.06005	1.05421	1.08494	1.09605	1.07258	1.08129	1.07063	1.07953	1.09156	1.10348	1.10532	1.10474	1.11943	1.10098	1.04948	1.04938	1.04983	1.06045	1.06124	1.06048	1.10403	1.08992	1.09	1.10328	1.08975	1.109
ERR622085	0.975264	0.949467	0.95995	0.949909	0.957627	0.976462	0.890398	0.894925	0.899061	0.898646	0.889329	0.889219	0.967904	0.951642	0.946765	0.968496	0.959942	0.966321	0.944629	0.971584	0.951506	0.954049	0.969439	0.943534	0.955379	0.956058	0.927393	0.920215	0.961542	0.912545	0.97541	0.933802	0.942951	0.935339	0.943986	0.934605	0.740507	0.730237	0.728953	0.728827	0	0.736444	0.956773	0.970759	0.953003	0.954278	0.929053	0.925738	1.11091	1.11082	1.11079	1.11105	1.13079	1.10252	0.981105	0.985332	0.954789	0.982383	0.956106	0.955655	1.065	1.07433	1.06861	1.06544	1.0747	1.06611	1.0683	1.05683	1.07474	1.06888	1.068	1.06331	1.09886	1.11101	1.08721	1.09574	1.08522	1.09432	1.10521	1.11633	1.11808	1.11741	1.13236	1.11412	1.05939	1.05909	1.05943	1.06731	1.06812	1.06745	1.11754	1.10396	1.10421	1.11702	1.10345	1.12233
ERR622083	0.971919	0.946026	0.956003	0.9462	0.954223	0.973192	0.884358	0.888557	0.893433	0.893316	0.883306	0.88332	0.965446	0.949186	0.943477	0.965871	0.957239	0.963691	0.941443	0.968638	0.948524	0.951141	0.966317	0.939992	0.954685	0.95527	0.926242	0.919087	0.960902	0.910658	0.972917	0.930618	0.939926	0.931978	0.940636	0.931531	0.735297	0.724684	0.72292	0.723053	0.736444	0	0.954249	0.968538	0.950286	0.951625	0.925719	0.922759	1.10932	1.10917	1.10897	1.10931	1.12963	1.10075	0.978404	0.982693	0.951851	0.979736	0.952768	0.952464	1.06444	1.07444	1.06881	1.06485	1.07485	1.0659	1.06802	1.05635	1.07506	1.0685	1.06797	1.06329	1.09713	1.10967	1.0854	1.09375	1.08347	1.09234	1.10344	1.11468	1.11618	1.11577	1.13101	1.11226	1.05917	1.05874	1.05913	1.06727	1.06803	1.06707	1.11505	1.1014	1.10145	1.11456	1.10079	1.12018
ERR606035	0.94571	0.910474	0.92037	0.911264	0.920088	0.94692	0.928138	0.939727	0.942067	0.942796	0.928264	0.92734	0.933777	0.918804	0.917128	0.934363	0.927241	0.932353	0.909437	0.942722	0.916246	0.917679	0.941165	0.907034	0.938049	0.936697	0.908335	0.902529	0.943324	0.895669	0.927627	0.895878	0.900985	0.896261	0.902996	0.893528	0.957387	0.939131	0.939131	0.937177	0.956773	0.954249	0	0.835129	0.820479	0.820313	0.792545	0.790976	1.08397	1.08391	1.08141	1.0842	1.09913	1.07372	0.923208	0.926332	0.895751	0.925782	0.897181	0.897361	1.09715	1.11077	1.1015	1.09631	1.11029	1.09832	1.09327	1.07565	1.10243	1.09513	1.09347	1.08078	1.07073	1.07373	1.05752	1.0669	1.05598	1.06154	1.07677	1.08998	1.09155	1.09113	1.1013	1.0857	1.08005	1.08016	1.07968	1.10245	1.1035	1.10261	1.0939	1.08081	1.08158	1.09316	1.08104	1.09401
ERR606030	0.953974	0.917025	0.925617	0.917049	0.92594	0.955526	0.941675	0.954864	0.956138	0.957205	0.942204	0.940897	0.931358	0.91803	0.918439	0.932442	0.927075	0.930097	0.915262	0.950638	0.922162	0.922413	0.949071	0.913315	0.940755	0.939477	0.912377	0.907168	0.944502	0.902378	0.926375	0.901495	0.904823	0.90115	0.906294	0.898195	0.971578	0.952271	0.952723	0.950777	0.970759	0.968538	0.835129	0	0.831824	0.830831	0.798815	0.796478	1.08976	1.08923	1.08604	1.08996	1.10176	1.07937	0.922383	0.926132	0.897173	0.926239	0.898674	0.898576	1.10222	1.11479	1.10682	1.10136	1.11471	1.10324	1.09701	1.08013	1.10502	1.09905	1.09696	1.08395	1.07691	1.07613	1.06361	1.07298	1.0629	1.06615	1.08191	1.09538	1.09688	1.09628	1.10426	1.0905	1.08361	1.08355	1.08318	1.10688	1.10762	1.10661	1.09763	1.08515	1.08623	1.09731	1.08581	1.09614
ERR606033	0.941655	0.906501	0.916736	0.907276	0.915927	0.943313	0.923704	0.935756	0.93756	0.938814	0.924176	0.923133	0.930094	0.914415	0.912939	0.930647	0.923341	0.928651	0.90514	0.938979	0.912349	0.913958	0.937125	0.902797	0.935229	0.934094	0.905269	0.899077	0.941019	0.891584	0.924557	0.891879	0.897271	0.892023	0.898656	0.889876	0.953748	0.935236	0.934899	0.933195	0.953003	0.950286	0.820479	0.831824	0	0.816976	0.788445	0.78638	1.08203	1.08179	1.07911	1.08211	1.09791	1.07188	0.919357	0.923399	0.891908	0.922769	0.893254	0.893337	1.09543	1.10932	1.10007	1.09479	1.10896	1.09657	1.09156	1.07369	1.10095	1.09331	1.09162	1.07936	1.06838	1.0727	1.05499	1.06449	1.05379	1.05952	1.07432	1.08751	1.08943	1.08892	1.09985	1.08348	1.07837	1.07844	1.07824	1.10099	1.1017	1.10133	1.09175	1.07835	1.07922	1.09135	1.07885	1.09236
ERR606034	0.942757	0.907016	0.917215	0.907537	0.916498	0.943799	0.924884	0.936642	0.938688	0.939739	0.925002	0.923973	0.930012	0.914826	0.913515	0.930608	0.923489	0.928457	0.905887	0.939514	0.912454	0.91382	0.937998	0.903152	0.935473	0.934212	0.904718	0.899374	0.940409	0.892202	0.925025	0.8928	0.897821	0.893701	0.899928	0.890551	0.954855	0.935701	0.93565	0.934048	0.954278	0.951625	0.820313	0.830831	0.816976	0	0.788634	0.7859	1.08195	1.08151	1.07894	1.08184	1.09726	1.07152	0.919884	0.923422	0.892258	0.922589	0.89364	0.894022	1.09451	1.10856	1.09938	1.09403	1.10829	1.09591	1.09104	1.0732	1.09989	1.09285	1.09072	1.07851	1.06807	1.07114	1.05494	1.06406	1.0533	1.05869	1.07422	1.08751	1.08924	1.08899	1.09905	1.083	1.07759	1.07756	1.07715	1.1004	1.10111	1.10073	1.09191	1.07835	1.07935	1.09113	1.07875	1.09185
ERR606031	0.917348	0.876961	0.888638	0.87771	0.887735	0.918382	0.897831	0.910733	0.913381	0.914177	0.897845	0.896871	0.905085	0.887208	0.885344	0.905887	0.897527	0.903277	0.875073	0.913172	0.882854	0.884717	0.911313	0.872123	0.912384	0.91149	0.877682	0.870931	0.918611	0.862332	0.899652	0.86192	0.868746	0.862388	0.870121	0.859531	0.929811	0.908911	0.908957	0.907023	0.929053	0.925719	0.792545	0.798815	0.788445	0.788634	0	0.744342	1.05916	1.05893	1.05632	1.0593	1.07653	1.04819	0.895441	0.899599	0.864449	0.899013	0.866152	0.865901	1.07368	1.08874	1.07866	1.07308	1.08841	1.07551	1.0696	1.05019	1.07945	1.07141	1.06977	1.05636	1.04493	1.04952	1.0305	1.04089	1.0289	1.03554	1.05154	1.06582	1.06775	1.06717	1.07879	1.0615	1.05533	1.0552	1.05491	1.07952	1.08046	1.08004	1.07106	1.05653	1.05722	1.07027	1.0566	1.07168
