	ERR621933	ERR621932	ERR621935	ERR621931	ERR621934	ERR621936	ERR607764	ERR607768	ERR607763	ERR607766	ERR607765	ERR607767	ERR636667	ERR636669	ERR636668	ERR636672	ERR636670	ERR636671	ERR605656	ERR605653	ERR605658	ERR605654	ERR605657	ERR605655	ERR636787	ERR636789	ERR636788	ERR636790	ERR636792	ERR636791	ERR608153	ERR608149	ERR608151	ERR608154	ERR608152	ERR608150	ERR608341	ERR608344	ERR608342	ERR608345	ERR608343	ERR608346	ERR617232	ERR617231	ERR617230	ERR617229	ERR617228	ERR617227	ERR616054	ERR616055	ERR616057	ERR616056	ERR616058	ERR616059	ERR616267	ERR616266	ERR616270	ERR616269	ERR616268	ERR616265	ERR638312	ERR638314	ERR638313	ERR638311	ERR638309	ERR638310	ERR606715	ERR606714	ERR606710	ERR606711	ERR606713	ERR606712	ERR616827	ERR616828	ERR616826	ERR616824	ERR616823	ERR616825	ERR618744	ERR618742	ERR618741	ERR618743	ERR618745	ERR618746	ERR622045	ERR622047	ERR622046	ERR622049	ERR622050	ERR622048	ERR618493	ERR618491	ERR618492	ERR618494	ERR618490	ERR618489
ERR621933	4.2505e+08	2.95911e+08	3.3517e+08	3.28779e+08	3.39727e+08	3.40551e+08	3.01489e+08	2.99653e+08	2.77897e+08	2.9469e+08	3.02968e+08	2.96021e+08	2.46698e+08	2.75432e+08	2.79084e+08	2.31056e+08	2.35419e+08	2.2931e+08	1.88405e+08	2.1944e+08	1.90827e+08	2.00972e+08	1.935e+08	1.96327e+08	2.49152e+08	2.70025e+08	2.7048e+08	2.85502e+08	2.92534e+08	2.87715e+08	2.34319e+08	1.56736e+08	2.27628e+08	2.04864e+08	2.29738e+08	2.02906e+08	1.82782e+08	2.47223e+08	2.29365e+08	2.44828e+08	2.55459e+08	2.32751e+08	1.73232e+08	1.88185e+08	1.79404e+08	2.25854e+08	2.2408e+08	2.04555e+08	1.65582e+08	1.83423e+08	2.02567e+08	1.58819e+08	2.03053e+08	2.09652e+08	1.52937e+08	1.77404e+08	2.12719e+08	2.07331e+08	2.06664e+08	1.61059e+08	2.0494e+08	2.06724e+08	2.06417e+08	1.74072e+08	2.02575e+08	1.72013e+08	1.58792e+08	1.63746e+08	7.90424e+07	1.5853e+08	1.31677e+08	1.50061e+08	2.15276e+08	2.17493e+08	2.13571e+08	2.48974e+08	2.47829e+08	2.71645e+08	1.87664e+08	1.71029e+08	1.85878e+08	1.71735e+08	1.88964e+08	1.95925e+08	1.44285e+08	1.28473e+08	1.29507e+08	1.5739e+08	1.62728e+08	1.58475e+08	2.0481e+08	1.97511e+08	1.98325e+08	2.06708e+08	1.77425e+08	2.14566e+08
ERR621932	2.95911e+08	4.29344e+08	3.36949e+08	3.30703e+08	3.41329e+08	3.42325e+08	3.02744e+08	3.00945e+08	2.79097e+08	2.95979e+08	3.04584e+08	2.97533e+08	2.47538e+08	2.76581e+08	2.8022e+08	2.31973e+08	2.36201e+08	2.30097e+08	1.89197e+08	2.20563e+08	1.91826e+08	2.01957e+08	1.94528e+08	1.97297e+08	2.50135e+08	2.71195e+08	2.71515e+08	2.86783e+08	2.93856e+08	2.89056e+08	2.35488e+08	1.57247e+08	2.28546e+08	2.05668e+08	2.3057e+08	2.03757e+08	1.83357e+08	2.4811e+08	2.30221e+08	2.45653e+08	2.56479e+08	2.33488e+08	1.73907e+08	1.88997e+08	1.80234e+08	2.26846e+08	2.25028e+08	2.0568e+08	1.66756e+08	1.84675e+08	2.04027e+08	1.59751e+08	2.04535e+08	2.11091e+08	1.53923e+08	1.78536e+08	2.13963e+08	2.08616e+08	2.08039e+08	1.61999e+08	2.05894e+08	2.07666e+08	2.07254e+08	1.74759e+08	2.03419e+08	1.72703e+08	1.6006e+08	1.65229e+08	7.96633e+07	1.59813e+08	1.32778e+08	1.51264e+08	2.16356e+08	2.1861e+08	2.14723e+08	2.50245e+08	2.4921e+08	2.7318e+08	1.89099e+08	1.72317e+08	1.87219e+08	1.72967e+08	1.90312e+08	1.97324e+08	1.45349e+08	1.29277e+08	1.3049e+08	1.58632e+08	1.63737e+08	1.59378e+08	2.06331e+08	1.98977e+08	1.99798e+08	2.08203e+08	1.78944e+08	2.16392e+08
ERR621935	3.3517e+08	3.36949e+08	5.33166e+08	3.74671e+08	3.89503e+08	3.90269e+08	3.44525e+08	3.42354e+08	3.17264e+08	3.36605e+08	3.46147e+08	3.38272e+08	2.81503e+08	3.14374e+08	3.18806e+08	2.63371e+08	2.68483e+08	2.61472e+08	2.1494e+08	2.50694e+08	2.17564e+08	2.29217e+08	2.20615e+08	2.24091e+08	2.84156e+08	3.07935e+08	3.08732e+08	3.26113e+08	3.34231e+08	3.28538e+08	2.67838e+08	1.78283e+08	2.59709e+08	2.33719e+08	2.62293e+08	2.31473e+08	2.0793e+08	2.82384e+08	2.61702e+08	2.79584e+08	2.91778e+08	2.65689e+08	1.97067e+08	2.14739e+08	2.04636e+08	2.57883e+08	2.558e+08	2.33413e+08	1.90127e+08	2.10643e+08	2.32561e+08	1.82263e+08	2.33254e+08	2.40629e+08	1.75757e+08	2.03716e+08	2.44246e+08	2.3793e+08	2.37273e+08	1.84996e+08	2.33729e+08	2.3574e+08	2.35471e+08	1.98287e+08	2.30938e+08	1.95834e+08	1.81743e+08	1.87461e+08	9.02454e+07	1.81399e+08	1.50678e+08	1.71642e+08	2.45551e+08	2.48126e+08	2.43596e+08	2.84503e+08	2.82937e+08	3.10449e+08	2.15256e+08	1.96017e+08	2.13098e+08	1.96846e+08	2.16867e+08	2.24802e+08	1.65394e+08	1.47176e+08	1.48355e+08	1.80581e+08	1.8658e+08	1.81748e+08	2.35101e+08	2.26436e+08	2.27648e+08	2.37347e+08	2.03483e+08	2.46267e+08
ERR621931	3.28779e+08	3.30703e+08	3.74671e+08	5.15444e+08	3.79828e+08	3.80781e+08	3.36954e+08	3.34744e+08	3.10024e+08	3.29156e+08	3.38313e+08	3.30754e+08	2.74981e+08	3.07117e+08	3.11487e+08	2.57213e+08	2.62228e+08	2.55527e+08	2.10405e+08	2.45433e+08	2.12957e+08	2.24609e+08	2.16043e+08	2.19287e+08	2.77341e+08	3.00731e+08	3.0156e+08	3.18277e+08	3.26179e+08	3.20541e+08	2.61672e+08	1.74034e+08	2.54037e+08	2.28409e+08	2.56505e+08	2.26379e+08	2.02884e+08	2.7574e+08	2.55521e+08	2.73149e+08	2.85005e+08	2.59318e+08	1.92635e+08	2.10028e+08	2.00117e+08	2.52172e+08	2.50001e+08	2.28224e+08	1.86241e+08	2.06371e+08	2.27682e+08	1.7856e+08	2.28256e+08	2.3564e+08	1.72113e+08	1.99688e+08	2.39037e+08	2.32861e+08	2.32338e+08	1.81189e+08	2.28467e+08	2.30602e+08	2.30157e+08	1.93845e+08	2.25883e+08	1.91552e+08	1.78127e+08	1.83949e+08	8.85356e+07	1.78018e+08	1.47785e+08	1.68452e+08	2.39797e+08	2.42294e+08	2.37864e+08	2.77795e+08	2.7657e+08	3.0328e+08	2.10854e+08	1.92056e+08	2.08927e+08	1.92822e+08	2.12414e+08	2.20142e+08	1.62122e+08	1.44171e+08	1.45422e+08	1.76829e+08	1.82776e+08	1.77931e+08	2.30157e+08	2.21816e+08	2.22827e+08	2.32323e+08	1.9923e+08	2.41176e+08
ERR621934	3.39727e+08	3.41329e+08	3.89503e+08	3.79828e+08	5.46061e+08	3.95546e+08	3.48869e+08	3.46817e+08	3.21272e+08	3.40887e+08	3.50417e+08	3.42442e+08	2.85227e+08	3.18548e+08	3.23181e+08	2.66843e+08	2.71963e+08	2.64844e+08	2.17675e+08	2.53782e+08	2.20229e+08	2.32114e+08	2.23202e+08	2.2696e+08	2.87562e+08	3.11888e+08	3.12694e+08	3.30052e+08	3.38326e+08	3.32724e+08	2.71315e+08	1.80472e+08	2.63142e+08	2.36698e+08	2.65905e+08	2.3458e+08	2.10467e+08	2.86091e+08	2.65149e+08	2.83341e+08	2.95644e+08	2.68989e+08	1.99542e+08	2.17715e+08	2.07523e+08	2.61588e+08	2.5943e+08	2.36532e+08	1.9302e+08	2.13937e+08	2.36032e+08	1.85229e+08	2.36659e+08	2.4429e+08	1.78459e+08	2.06867e+08	2.47753e+08	2.41358e+08	2.40823e+08	1.87716e+08	2.36634e+08	2.38775e+08	2.38316e+08	2.00774e+08	2.33837e+08	1.98243e+08	1.83849e+08	1.89774e+08	9.11233e+07	1.83689e+08	1.52378e+08	1.73738e+08	2.48408e+08	2.50886e+08	2.46434e+08	2.87943e+08	2.86429e+08	3.1438e+08	2.18245e+08	1.98601e+08	2.16012e+08	1.99656e+08	2.19828e+08	2.28039e+08	1.67605e+08	1.49189e+08	1.50348e+08	1.83e+08	1.89129e+08	1.84146e+08	2.38277e+08	2.2965e+08	2.30882e+08	2.40591e+08	2.06147e+08	2.49681e+08
ERR621936	3.40551e+08	3.42325e+08	3.90269e+08	3.80781e+08	3.95546e+08	5.48304e+08	3.49762e+08	3.4756e+08	3.21995e+08	3.41891e+08	3.51465e+08	3.43571e+08	2.8588e+08	3.19257e+08	3.23852e+08	2.67419e+08	2.72489e+08	2.65447e+08	2.18378e+08	2.54581e+08	2.20924e+08	2.32929e+08	2.24115e+08	2.27592e+08	2.88349e+08	3.126e+08	3.13532e+08	3.30997e+08	3.39275e+08	3.33701e+08	2.72278e+08	1.81213e+08	2.63992e+08	2.37481e+08	2.66676e+08	2.35249e+08	2.11355e+08	2.86998e+08	2.66013e+08	2.84315e+08	2.96758e+08	2.69955e+08	2.00459e+08	2.18585e+08	2.08278e+08	2.62408e+08	2.60471e+08	2.37469e+08	1.93412e+08	2.14199e+08	2.36538e+08	1.85463e+08	2.37148e+08	2.44655e+08	1.78642e+08	2.06983e+08	2.48137e+08	2.41703e+08	2.41115e+08	1.88043e+08	2.37579e+08	2.39568e+08	2.39115e+08	2.01483e+08	2.34645e+08	1.98942e+08	1.84701e+08	1.90567e+08	9.16628e+07	1.84472e+08	1.53032e+08	1.74522e+08	2.4916e+08	2.51829e+08	2.47162e+08	2.88677e+08	2.87255e+08	3.15258e+08	2.19039e+08	1.99537e+08	2.1688e+08	2.00372e+08	2.20568e+08	2.28742e+08	1.68251e+08	1.49658e+08	1.50939e+08	1.8367e+08	1.89836e+08	1.84723e+08	2.39161e+08	2.30577e+08	2.31746e+08	2.41557e+08	2.06895e+08	2.50639e+08
ERR607764	3.01489e+08	3.02744e+08	3.44525e+08	3.36954e+08	3.48869e+08	3.49762e+08	5.83222e+08	4.16337e+08	3.87326e+08	4.09805e+08	4.22695e+08	4.11547e+08	3.12974e+08	3.49711e+08	3.54302e+08	2.93457e+08	2.99231e+08	2.91112e+08	2.3531e+08	2.75026e+08	2.3928e+08	2.51298e+08	2.4297e+08	2.4581e+08	3.05886e+08	3.31581e+08	3.31995e+08	3.50938e+08	3.59369e+08	3.53632e+08	2.97144e+08	1.9946e+08	2.88889e+08	2.59985e+08	2.90937e+08	2.57665e+08	2.21058e+08	2.99183e+08	2.77751e+08	2.96708e+08	3.10039e+08	2.81902e+08	2.1112e+08	2.28104e+08	2.17151e+08	2.74414e+08	2.72395e+08	2.493e+08	2.0757e+08	2.29879e+08	2.53917e+08	1.98793e+08	2.54775e+08	2.62821e+08	1.97267e+08	2.29041e+08	2.74536e+08	2.679e+08	2.67088e+08	2.08165e+08	2.61842e+08	2.64124e+08	2.63568e+08	2.22385e+08	2.58811e+08	2.20015e+08	2.06933e+08	2.13815e+08	1.03527e+08	2.0667e+08	1.71442e+08	1.95368e+08	2.79526e+08	2.8222e+08	2.77244e+08	3.2221e+08	3.21434e+08	3.51244e+08	2.47169e+08	2.2606e+08	2.45416e+08	2.26973e+08	2.48934e+08	2.57955e+08	1.78151e+08	1.58404e+08	1.59839e+08	1.94025e+08	2.0094e+08	1.95374e+08	2.68662e+08	2.5978e+08	2.60101e+08	2.7102e+08	2.33741e+08	2.82622e+08
ERR607768	2.99653e+08	3.00945e+08	3.42354e+08	3.34744e+08	3.46817e+08	3.4756e+08	4.16337e+08	5.76626e+08	3.84072e+08	4.08864e+08	4.19249e+08	4.10883e+08	3.11004e+08	3.4755e+08	3.51884e+08	2.91564e+08	2.97436e+08	2.89431e+08	2.33806e+08	2.73112e+08	2.38006e+08	2.49901e+08	2.41505e+08	2.44235e+08	3.04225e+08	3.29935e+08	3.29987e+08	3.49124e+08	3.57248e+08	3.51757e+08	2.95171e+08	1.98477e+08	2.8687e+08	2.58427e+08	2.88938e+08	2.56066e+08	2.19878e+08	2.96939e+08	2.75955e+08	2.94496e+08	3.08064e+08	2.80007e+08	2.10104e+08	2.26631e+08	2.15807e+08	2.72733e+08	2.70536e+08	2.47849e+08	2.05879e+08	2.27913e+08	2.51877e+08	1.96844e+08	2.52637e+08	2.60665e+08	1.95502e+08	2.27246e+08	2.72614e+08	2.65986e+08	2.65037e+08	2.06542e+08	2.60331e+08	2.62567e+08	2.62084e+08	2.21167e+08	2.57241e+08	2.1883e+08	2.05396e+08	2.12183e+08	1.02671e+08	2.04907e+08	1.70291e+08	1.93853e+08	2.78273e+08	2.80952e+08	2.76048e+08	3.20158e+08	3.1978e+08	3.49317e+08	2.45044e+08	2.2415e+08	2.43448e+08	2.25287e+08	2.46952e+08	2.55809e+08	1.76817e+08	1.57059e+08	1.58526e+08	1.92325e+08	1.99217e+08	1.93829e+08	2.66215e+08	2.57633e+08	2.57933e+08	2.68777e+08	2.31866e+08	2.80376e+08
ERR607763	2.77897e+08	2.79097e+08	3.17264e+08	3.10024e+08	3.21272e+08	3.21995e+08	3.87326e+08	3.84072e+08	5.07041e+08	3.78217e+08	3.90395e+08	3.80091e+08	2.89016e+08	3.22917e+08	3.26588e+08	2.71209e+08	2.76572e+08	2.69277e+08	2.16822e+08	2.53127e+08	2.20951e+08	2.31684e+08	2.24291e+08	2.26519e+08	2.82961e+08	3.06727e+08	3.06842e+08	3.24461e+08	3.3215e+08	3.26893e+08	2.73976e+08	1.84785e+08	2.66459e+08	2.40109e+08	2.68201e+08	2.3774e+08	2.04669e+08	2.75526e+08	2.56342e+08	2.73274e+08	2.85734e+08	2.60042e+08	1.9518e+08	2.09897e+08	2.00054e+08	2.52574e+08	2.50735e+08	2.29934e+08	1.89776e+08	2.09962e+08	2.32222e+08	1.81347e+08	2.32953e+08	2.40146e+08	1.80204e+08	2.09622e+08	2.51647e+08	2.45553e+08	2.44614e+08	1.90631e+08	2.41883e+08	2.44169e+08	2.43721e+08	2.05866e+08	2.39362e+08	2.03735e+08	1.89753e+08	1.95977e+08	9.50915e+07	1.89262e+08	1.57188e+08	1.7914e+08	2.59265e+08	2.61681e+08	2.57141e+08	2.97809e+08	2.9743e+08	3.24644e+08	2.26203e+08	2.06939e+08	2.2441e+08	2.07908e+08	2.27899e+08	2.36034e+08	1.6276e+08	1.44788e+08	1.46109e+08	1.77221e+08	1.83621e+08	1.78484e+08	2.45467e+08	2.37697e+08	2.37857e+08	2.47793e+08	2.14061e+08	2.58453e+08
ERR607766	2.9469e+08	2.95979e+08	3.36605e+08	3.29156e+08	3.40887e+08	3.41891e+08	4.09805e+08	4.08864e+08	3.78217e+08	5.61208e+08	4.12768e+08	4.0431e+08	3.06141e+08	3.42099e+08	3.4629e+08	2.87081e+08	2.92887e+08	2.85007e+08	2.30018e+08	2.68834e+08	2.34301e+08	2.45933e+08	2.37768e+08	2.40313e+08	2.99694e+08	3.24818e+08	3.24982e+08	3.43916e+08	3.51947e+08	3.46525e+08	2.90435e+08	1.95456e+08	2.824e+08	2.54441e+08	2.84247e+08	2.51948e+08	2.16702e+08	2.92399e+08	2.71805e+08	2.89935e+08	3.03186e+08	2.75736e+08	2.07042e+08	2.22974e+08	2.12401e+08	2.6823e+08	2.663e+08	2.44098e+08	2.02138e+08	2.23763e+08	2.47348e+08	1.9314e+08	2.48194e+08	2.55878e+08	1.92048e+08	2.23355e+08	2.67829e+08	2.61407e+08	2.6038e+08	2.03061e+08	2.5615e+08	2.58478e+08	2.57951e+08	2.17778e+08	2.53303e+08	2.15379e+08	2.02303e+08	2.08828e+08	1.0122e+08	2.01764e+08	1.67661e+08	1.90724e+08	2.74305e+08	2.77006e+08	2.7226e+08	3.15449e+08	3.15131e+08	3.4425e+08	2.40949e+08	2.20575e+08	2.39391e+08	2.21615e+08	2.42767e+08	2.51514e+08	1.73626e+08	1.54284e+08	1.55787e+08	1.89117e+08	1.95812e+08	1.90373e+08	2.61809e+08	2.53509e+08	2.53707e+08	2.64365e+08	2.28212e+08	2.75667e+08
ERR607765	3.02968e+08	3.04584e+08	3.46147e+08	3.38313e+08	3.50417e+08	3.51465e+08	4.22695e+08	4.19249e+08	3.90395e+08	4.12768e+08	5.90201e+08	4.14591e+08	3.14666e+08	3.52054e+08	3.55784e+08	2.95275e+08	3.01214e+08	2.92973e+08	2.36499e+08	2.76421e+08	2.41265e+08	2.53009e+08	2.44895e+08	2.47366e+08	3.08155e+08	3.34318e+08	3.33989e+08	3.53682e+08	3.62083e+08	3.56512e+08	2.98772e+08	2.01329e+08	2.90514e+08	2.61745e+08	2.92446e+08	2.59384e+08	2.23028e+08	3.00641e+08	2.79454e+08	2.97952e+08	3.1167e+08	2.83713e+08	2.13436e+08	2.29406e+08	2.18372e+08	2.76056e+08	2.74098e+08	2.5142e+08	2.07785e+08	2.29795e+08	2.54274e+08	1.98262e+08	2.55146e+08	2.63048e+08	1.97208e+08	2.29364e+08	2.7548e+08	2.68969e+08	2.67804e+08	2.0849e+08	2.63564e+08	2.65819e+08	2.65439e+08	2.2404e+08	2.60684e+08	2.21757e+08	2.09234e+08	2.16053e+08	1.0495e+08	2.08678e+08	1.73367e+08	1.97327e+08	2.82508e+08	2.85066e+08	2.80108e+08	3.24488e+08	3.24321e+08	3.54049e+08	2.49084e+08	2.28031e+08	2.47302e+08	2.29057e+08	2.50994e+08	2.59755e+08	1.79028e+08	1.59271e+08	1.60727e+08	1.95001e+08	2.02089e+08	1.96405e+08	2.70387e+08	2.61999e+08	2.61911e+08	2.72948e+08	2.35993e+08	2.85044e+08
ERR607767	2.96021e+08	2.97533e+08	3.38272e+08	3.30754e+08	3.42442e+08	3.43571e+08	4.11547e+08	4.10883e+08	3.80091e+08	4.0431e+08	4.14591e+08	5.65785e+08	3.0756e+08	3.43638e+08	3.47946e+08	2.88358e+08	2.94176e+08	2.86334e+08	2.31121e+08	2.7e+08	2.35267e+08	2.47101e+08	2.38888e+08	2.41479e+08	3.00798e+08	3.2606e+08	3.26275e+08	3.44955e+08	3.53314e+08	3.47763e+08	2.91834e+08	1.96222e+08	2.8367e+08	2.55467e+08	2.85705e+08	2.53185e+08	2.17742e+08	2.93941e+08	2.73056e+08	2.91293e+08	3.04748e+08	2.77115e+08	2.07822e+08	2.23998e+08	2.13297e+08	2.69425e+08	2.67475e+08	2.45155e+08	2.03324e+08	2.25105e+08	2.48793e+08	1.9438e+08	2.4962e+08	2.5745e+08	1.93038e+08	2.2428e+08	2.69135e+08	2.62694e+08	2.61667e+08	2.03972e+08	2.57414e+08	2.59711e+08	2.59116e+08	2.18895e+08	2.54572e+08	2.16534e+08	2.03198e+08	2.09833e+08	1.01591e+08	2.02625e+08	1.68314e+08	1.91662e+08	2.75447e+08	2.7818e+08	2.7342e+08	3.16898e+08	3.16521e+08	3.4571e+08	2.42181e+08	2.2148e+08	2.4045e+08	2.22556e+08	2.43942e+08	2.52621e+08	1.74572e+08	1.55229e+08	1.56648e+08	1.89972e+08	1.96845e+08	1.91455e+08	2.62979e+08	2.54504e+08	2.54693e+08	2.65374e+08	2.29166e+08	2.7687e+08
ERR636667	2.46698e+08	2.47538e+08	2.81503e+08	2.74981e+08	2.85227e+08	2.8588e+08	3.12974e+08	3.11004e+08	2.89016e+08	3.06141e+08	3.14666e+08	3.0756e+08	4.34228e+08	3.31955e+08	3.36038e+08	2.78454e+08	2.83703e+08	2.7606e+08	2.09309e+08	2.44017e+08	2.12654e+08	2.23279e+08	2.15865e+08	2.18362e+08	2.48163e+08	2.68822e+08	2.69117e+08	2.8391e+08	2.90903e+08	2.86258e+08	2.66053e+08	1.78811e+08	2.58404e+08	2.33137e+08	2.60772e+08	2.30753e+08	1.86182e+08	2.51921e+08	2.33803e+08	2.49828e+08	2.60946e+08	2.37522e+08	1.81105e+08	1.96192e+08	1.86859e+08	2.35623e+08	2.34055e+08	2.13717e+08	1.76815e+08	1.95689e+08	2.15979e+08	1.69568e+08	2.16544e+08	2.23498e+08	1.64311e+08	1.90714e+08	2.28294e+08	2.22503e+08	2.21888e+08	1.73112e+08	2.35715e+08	2.37803e+08	2.37146e+08	2.00662e+08	2.3282e+08	1.98415e+08	1.69653e+08	1.75211e+08	8.43241e+07	1.6953e+08	1.40483e+08	1.60421e+08	2.38074e+08	2.40165e+08	2.35915e+08	2.73946e+08	2.72992e+08	2.98245e+08	2.0252e+08	1.8486e+08	2.00685e+08	1.8564e+08	2.03988e+08	2.11538e+08	1.45514e+08	1.29349e+08	1.30579e+08	1.58779e+08	1.642e+08	1.59691e+08	2.18583e+08	2.11172e+08	2.11798e+08	2.20745e+08	1.89612e+08	2.29432e+08
ERR636669	2.75432e+08	2.76581e+08	3.14374e+08	3.07117e+08	3.18548e+08	3.19257e+08	3.49711e+08	3.4755e+08	3.22917e+08	3.42099e+08	3.52054e+08	3.43638e+08	3.31955e+08	5.25839e+08	3.74963e+08	3.10373e+08	3.16064e+08	3.07579e+08	2.33853e+08	2.7295e+08	2.38087e+08	2.49783e+08	2.41662e+08	2.44158e+08	2.76618e+08	2.9987e+08	3.00067e+08	3.1712e+08	3.24986e+08	3.19689e+08	2.96865e+08	1.9955e+08	2.88464e+08	2.60119e+08	2.90967e+08	2.57412e+08	2.08155e+08	2.8153e+08	2.6133e+08	2.78878e+08	2.91608e+08	2.65307e+08	2.02853e+08	2.19222e+08	2.08832e+08	2.63547e+08	2.61692e+08	2.39309e+08	1.9797e+08	2.19184e+08	2.41986e+08	1.8978e+08	2.42745e+08	2.50489e+08	1.8369e+08	2.13257e+08	2.55706e+08	2.4928e+08	2.48433e+08	1.93644e+08	2.62631e+08	2.65114e+08	2.64595e+08	2.23412e+08	2.59643e+08	2.21146e+08	1.92057e+08	1.9828e+08	9.56724e+07	1.91741e+08	1.5909e+08	1.81497e+08	2.65743e+08	2.68172e+08	2.63434e+08	3.0574e+08	3.05198e+08	3.33086e+08	2.2896e+08	2.09155e+08	2.27108e+08	2.09916e+08	2.30749e+08	2.39054e+08	1.64023e+08	1.45957e+08	1.47382e+08	1.79025e+08	1.85223e+08	1.80192e+08	2.47025e+08	2.38746e+08	2.39204e+08	2.49408e+08	2.14668e+08	2.59549e+08
ERR636668	2.79084e+08	2.8022e+08	3.18806e+08	3.11487e+08	3.23181e+08	3.23852e+08	3.54302e+08	3.51884e+08	3.26588e+08	3.4629e+08	3.55784e+08	3.47946e+08	3.36038e+08	3.74963e+08	5.37921e+08	3.13923e+08	3.19907e+08	3.1134e+08	2.37132e+08	2.76583e+08	2.40715e+08	2.5284e+08	2.44315e+08	2.47283e+08	2.79543e+08	3.02824e+08	3.03586e+08	3.20455e+08	3.28362e+08	3.22959e+08	3.0082e+08	2.01312e+08	2.92239e+08	2.63283e+08	2.94932e+08	2.60687e+08	2.10085e+08	2.85454e+08	2.64627e+08	2.82949e+08	2.95417e+08	2.68673e+08	2.04241e+08	2.22037e+08	2.11674e+08	2.66946e+08	2.65009e+08	2.41838e+08	2.01857e+08	2.23291e+08	2.46416e+08	1.93652e+08	2.46916e+08	2.54953e+08	1.87522e+08	2.17238e+08	2.60108e+08	2.53409e+08	2.52755e+08	1.97298e+08	2.65755e+08	2.6826e+08	2.67758e+08	2.25883e+08	2.62486e+08	2.23295e+08	1.93941e+08	2.00268e+08	9.62197e+07	1.9377e+08	1.60623e+08	1.83354e+08	2.67693e+08	2.70154e+08	2.65284e+08	3.08926e+08	3.07856e+08	3.3654e+08	2.31633e+08	2.11306e+08	2.29519e+08	2.12302e+08	2.33461e+08	2.4213e+08	1.66527e+08	1.4806e+08	1.49409e+08	1.81768e+08	1.8792e+08	1.82843e+08	2.50337e+08	2.41504e+08	2.42352e+08	2.52649e+08	2.16944e+08	2.62568e+08
ERR636672	2.31056e+08	2.31973e+08	2.63371e+08	2.57213e+08	2.66843e+08	2.67419e+08	2.93457e+08	2.91564e+08	2.71209e+08	2.87081e+08	2.95275e+08	2.88358e+08	2.78454e+08	3.10373e+08	3.13923e+08	3.88844e+08	2.66941e+08	2.5983e+08	1.95653e+08	2.27949e+08	1.99208e+08	2.08751e+08	2.02298e+08	2.04289e+08	2.33333e+08	2.5253e+08	2.52679e+08	2.67011e+08	2.73294e+08	2.6905e+08	2.49106e+08	1.68213e+08	2.4201e+08	2.18539e+08	2.44069e+08	2.16415e+08	1.75199e+08	2.35789e+08	2.19272e+08	2.33893e+08	2.44404e+08	2.22595e+08	1.70142e+08	1.83571e+08	1.74967e+08	2.20324e+08	2.18844e+08	2.00519e+08	1.64027e+08	1.81338e+08	2.00412e+08	1.56954e+08	2.01009e+08	2.07312e+08	1.5245e+08	1.77039e+08	2.12214e+08	2.0701e+08	2.06265e+08	1.60859e+08	2.20859e+08	2.22875e+08	2.22518e+08	1.88294e+08	2.18407e+08	1.86319e+08	1.59018e+08	1.64188e+08	7.94203e+07	1.58694e+08	1.31778e+08	1.50308e+08	2.24042e+08	2.25932e+08	2.22138e+08	2.57037e+08	2.5677e+08	2.79754e+08	1.89225e+08	1.72959e+08	1.87636e+08	1.73664e+08	1.90592e+08	1.97589e+08	1.35588e+08	1.20534e+08	1.2171e+08	1.47946e+08	1.53056e+08	1.48784e+08	2.04143e+08	1.97313e+08	1.97703e+08	2.0601e+08	1.77506e+08	2.14522e+08
ERR636670	2.35419e+08	2.36201e+08	2.68483e+08	2.62228e+08	2.71963e+08	2.72489e+08	2.99231e+08	2.97436e+08	2.76572e+08	2.92887e+08	3.01214e+08	2.94176e+08	2.83703e+08	3.16064e+08	3.19907e+08	2.66941e+08	4.01045e+08	2.64688e+08	1.99438e+08	2.32561e+08	2.02968e+08	2.12776e+08	2.0621e+08	2.08203e+08	2.37581e+08	2.57359e+08	2.57434e+08	2.72062e+08	2.7849e+08	2.74102e+08	2.53755e+08	1.71285e+08	2.4671e+08	2.22669e+08	2.48782e+08	2.20392e+08	1.78317e+08	2.4027e+08	2.23279e+08	2.38192e+08	2.48921e+08	2.26828e+08	1.73166e+08	1.87059e+08	1.78159e+08	2.24368e+08	2.23038e+08	2.04044e+08	1.67367e+08	1.85202e+08	2.0455e+08	1.60213e+08	2.05152e+08	2.1164e+08	1.55744e+08	1.80724e+08	2.16701e+08	2.11283e+08	2.10625e+08	1.64249e+08	2.25077e+08	2.27308e+08	2.26762e+08	1.91819e+08	2.22433e+08	1.89845e+08	1.62058e+08	1.6732e+08	8.08584e+07	1.61715e+08	1.34153e+08	1.52967e+08	2.28341e+08	2.30337e+08	2.26251e+08	2.62187e+08	2.61626e+08	2.85346e+08	1.92801e+08	1.76197e+08	1.9114e+08	1.76812e+08	1.94274e+08	2.01419e+08	1.38122e+08	1.22845e+08	1.24061e+08	1.50828e+08	1.56048e+08	1.51698e+08	2.08111e+08	2.01194e+08	2.01624e+08	2.10204e+08	1.80997e+08	2.18697e+08
ERR636671	2.2931e+08	2.30097e+08	2.61472e+08	2.55527e+08	2.64844e+08	2.65447e+08	2.91112e+08	2.89431e+08	2.69277e+08	2.85007e+08	2.92973e+08	2.86334e+08	2.7606e+08	3.07579e+08	3.1134e+08	2.5983e+08	2.64688e+08	3.83482e+08	1.94076e+08	2.26271e+08	1.97536e+08	2.07085e+08	2.0067e+08	2.02615e+08	2.31368e+08	2.5064e+08	2.50659e+08	2.64738e+08	2.71202e+08	2.66891e+08	2.46838e+08	1.66726e+08	2.40037e+08	2.16669e+08	2.42002e+08	2.14494e+08	1.73805e+08	2.34003e+08	2.17662e+08	2.32e+08	2.42471e+08	2.20906e+08	1.68588e+08	1.82036e+08	1.73447e+08	2.18433e+08	2.16967e+08	1.9868e+08	1.62947e+08	1.80213e+08	1.9906e+08	1.56076e+08	1.99727e+08	2.06099e+08	1.5156e+08	1.75918e+08	2.11007e+08	2.05666e+08	2.05095e+08	1.59817e+08	2.1904e+08	2.20989e+08	2.20709e+08	1.86725e+08	2.1656e+08	1.84863e+08	1.57653e+08	1.62698e+08	7.86324e+07	1.57293e+08	1.30541e+08	1.4892e+08	2.22202e+08	2.24233e+08	2.20288e+08	2.55155e+08	2.54649e+08	2.7749e+08	1.87643e+08	1.71535e+08	1.86122e+08	1.72149e+08	1.89054e+08	1.95885e+08	1.34519e+08	1.19698e+08	1.20867e+08	1.46827e+08	1.5189e+08	1.47801e+08	2.02555e+08	1.95814e+08	1.96207e+08	2.04427e+08	1.76096e+08	2.12855e+08
ERR605656	1.88405e+08	1.89197e+08	2.1494e+08	2.10405e+08	2.17675e+08	2.18378e+08	2.3531e+08	2.33806e+08	2.16822e+08	2.30018e+08	2.36499e+08	2.31121e+08	2.09309e+08	2.33853e+08	2.37132e+08	1.95653e+08	1.99438e+08	1.94076e+08	3.25074e+08	2.46617e+08	2.18297e+08	2.27695e+08	2.21122e+08	2.2285e+08	1.85376e+08	2.01212e+08	2.0139e+08	2.12836e+08	2.18274e+08	2.14926e+08	2.13453e+08	1.43656e+08	2.07258e+08	1.87183e+08	2.0911e+08	1.85189e+08	1.44561e+08	1.95573e+08	1.81525e+08	1.93945e+08	2.02527e+08	1.84368e+08	1.41902e+08	1.53483e+08	1.46318e+08	1.8455e+08	1.83183e+08	1.6754e+08	1.40482e+08	1.55473e+08	1.71577e+08	1.34601e+08	1.71945e+08	1.77494e+08	1.29829e+08	1.50446e+08	1.79946e+08	1.75514e+08	1.74942e+08	1.36664e+08	1.84743e+08	1.86606e+08	1.8597e+08	1.5697e+08	1.82521e+08	1.55237e+08	1.71465e+08	1.7625e+08	9.8105e+07	1.71551e+08	1.46638e+08	1.63681e+08	1.83943e+08	1.8574e+08	1.82326e+08	2.12607e+08	2.11756e+08	2.32011e+08	1.6709e+08	1.52544e+08	1.65687e+08	1.53245e+08	1.68313e+08	1.74623e+08	1.46358e+08	1.32701e+08	1.33681e+08	1.57388e+08	1.62056e+08	1.58315e+08	1.79088e+08	1.72786e+08	1.73471e+08	1.80771e+08	1.55308e+08	1.87743e+08
ERR605653	2.1944e+08	2.20563e+08	2.50694e+08	2.45433e+08	2.53782e+08	2.54581e+08	2.75026e+08	2.73112e+08	2.53127e+08	2.68834e+08	2.76421e+08	2.7e+08	2.44017e+08	2.7295e+08	2.76583e+08	2.27949e+08	2.32561e+08	2.26271e+08	2.46617e+08	4.14939e+08	2.50022e+08	2.62489e+08	2.53386e+08	2.56573e+08	2.16021e+08	2.34667e+08	2.34667e+08	2.48125e+08	2.54489e+08	2.50503e+08	2.48788e+08	1.67171e+08	2.41697e+08	2.18125e+08	2.43736e+08	2.15751e+08	1.68159e+08	2.27598e+08	2.11257e+08	2.25705e+08	2.35848e+08	2.14542e+08	1.65365e+08	1.78632e+08	1.70137e+08	2.14928e+08	2.13374e+08	1.95111e+08	1.64578e+08	1.81976e+08	2.01001e+08	1.57373e+08	2.01558e+08	2.07923e+08	1.51996e+08	1.76534e+08	2.11035e+08	2.05749e+08	2.05144e+08	1.60125e+08	2.15146e+08	2.172e+08	2.16489e+08	1.82652e+08	2.12595e+08	1.8054e+08	1.9769e+08	2.03265e+08	1.11302e+08	1.97589e+08	1.68287e+08	1.88389e+08	2.14611e+08	2.16594e+08	2.12587e+08	2.47788e+08	2.47023e+08	2.70585e+08	1.96353e+08	1.79363e+08	1.94766e+08	1.80126e+08	1.97853e+08	2.0511e+08	1.67708e+08	1.51747e+08	1.52865e+08	1.80557e+08	1.86008e+08	1.81533e+08	2.10312e+08	2.0327e+08	2.03671e+08	2.12392e+08	1.82649e+08	2.20718e+08
ERR605658	1.90827e+08	1.91826e+08	2.17564e+08	2.12957e+08	2.20229e+08	2.20924e+08	2.3928e+08	2.38006e+08	2.20951e+08	2.34301e+08	2.41265e+08	2.35267e+08	2.12654e+08	2.38087e+08	2.40715e+08	1.99208e+08	2.02968e+08	1.97536e+08	2.18297e+08	2.50022e+08	3.34169e+08	2.31211e+08	2.26095e+08	2.26072e+08	1.89013e+08	2.05319e+08	2.04999e+08	2.17323e+08	2.22649e+08	2.1932e+08	2.1682e+08	1.47099e+08	2.10881e+08	1.90681e+08	2.12348e+08	1.88599e+08	1.47531e+08	1.98007e+08	1.84284e+08	1.96313e+08	2.05367e+08	1.87131e+08	1.45755e+08	1.55853e+08	1.48385e+08	1.87397e+08	1.86002e+08	1.70885e+08	1.41224e+08	1.56092e+08	1.72873e+08	1.34734e+08	1.73477e+08	1.78891e+08	1.3036e+08	1.51751e+08	1.82117e+08	1.77621e+08	1.7701e+08	1.37876e+08	1.88075e+08	1.89762e+08	1.89349e+08	1.59944e+08	1.85938e+08	1.58389e+08	1.75846e+08	1.80733e+08	1.00789e+08	1.75286e+08	1.50208e+08	1.67327e+08	1.88894e+08	1.90564e+08	1.87331e+08	2.16692e+08	2.16898e+08	2.36649e+08	1.70396e+08	1.56009e+08	1.69234e+08	1.56543e+08	1.7175e+08	1.7781e+08	1.48145e+08	1.34316e+08	1.35377e+08	1.59377e+08	1.64113e+08	1.60074e+08	1.8219e+08	1.76416e+08	1.76312e+08	1.83759e+08	1.58952e+08	1.91542e+08
ERR605654	2.00972e+08	2.01957e+08	2.29217e+08	2.24609e+08	2.32114e+08	2.32929e+08	2.51298e+08	2.49901e+08	2.31684e+08	2.45933e+08	2.53009e+08	2.47101e+08	2.23279e+08	2.49783e+08	2.5284e+08	2.08751e+08	2.12776e+08	2.07085e+08	2.27695e+08	2.62489e+08	2.31211e+08	3.60722e+08	2.34329e+08	2.36902e+08	1.97939e+08	2.14877e+08	2.14987e+08	2.27361e+08	2.33192e+08	2.29518e+08	2.2749e+08	1.5347e+08	2.212e+08	1.9971e+08	2.22855e+08	1.97521e+08	1.54219e+08	2.08155e+08	1.93434e+08	2.06561e+08	2.15749e+08	1.96449e+08	1.51887e+08	1.63653e+08	1.55772e+08	1.96749e+08	1.95228e+08	1.78949e+08	1.5e+08	1.65864e+08	1.83189e+08	1.43281e+08	1.83739e+08	1.89619e+08	1.38621e+08	1.60883e+08	1.9248e+08	1.87916e+08	1.87203e+08	1.46088e+08	1.97012e+08	1.98838e+08	1.98338e+08	1.67386e+08	1.94724e+08	1.65681e+08	1.82754e+08	1.87818e+08	1.03862e+08	1.82545e+08	1.55908e+08	1.74231e+08	1.96999e+08	1.98674e+08	1.95128e+08	2.26954e+08	2.26552e+08	2.47713e+08	1.79403e+08	1.63939e+08	1.78038e+08	1.64641e+08	1.80741e+08	1.87264e+08	1.55039e+08	1.40401e+08	1.41516e+08	1.66772e+08	1.71778e+08	1.67583e+08	1.91974e+08	1.85584e+08	1.85964e+08	1.93737e+08	1.67002e+08	2.01767e+08
ERR605657	1.935e+08	1.94528e+08	2.20615e+08	2.16043e+08	2.23202e+08	2.24115e+08	2.4297e+08	2.41505e+08	2.24291e+08	2.37768e+08	2.44895e+08	2.38888e+08	2.15865e+08	2.41662e+08	2.44315e+08	2.02298e+08	2.0621e+08	2.0067e+08	2.21122e+08	2.53386e+08	2.26095e+08	2.34329e+08	3.42048e+08	2.29077e+08	1.91897e+08	2.08368e+08	2.07987e+08	2.20527e+08	2.26118e+08	2.22658e+08	2.19993e+08	1.49501e+08	2.14048e+08	1.93547e+08	2.15388e+08	1.91558e+08	1.49745e+08	2.00719e+08	1.86911e+08	1.99096e+08	2.08337e+08	1.89856e+08	1.48155e+08	1.58143e+08	1.50552e+08	1.89993e+08	1.88759e+08	1.73474e+08	1.43115e+08	1.58155e+08	1.75103e+08	1.36365e+08	1.75719e+08	1.81199e+08	1.32113e+08	1.53758e+08	1.84551e+08	1.80087e+08	1.79373e+08	1.39647e+08	1.90961e+08	1.9276e+08	1.92138e+08	1.62323e+08	1.88835e+08	1.60885e+08	1.78342e+08	1.83255e+08	1.02188e+08	1.77725e+08	1.52255e+08	1.69713e+08	1.92104e+08	1.93723e+08	1.90334e+08	2.201e+08	2.20363e+08	2.4036e+08	1.72884e+08	1.58228e+08	1.7159e+08	1.58773e+08	1.74062e+08	1.80323e+08	1.49801e+08	1.35895e+08	1.36976e+08	1.6116e+08	1.6598e+08	1.61948e+08	1.84569e+08	1.78989e+08	1.78799e+08	1.8625e+08	1.61174e+08	1.94299e+08
ERR605655	1.96327e+08	1.97297e+08	2.24091e+08	2.19287e+08	2.2696e+08	2.27592e+08	2.4581e+08	2.44235e+08	2.26519e+08	2.40313e+08	2.47366e+08	2.41479e+08	2.18362e+08	2.44158e+08	2.47283e+08	2.04289e+08	2.08203e+08	2.02615e+08	2.2285e+08	2.56573e+08	2.26072e+08	2.36902e+08	2.29077e+08	3.47504e+08	1.93732e+08	2.1052e+08	2.10372e+08	2.22609e+08	2.2824e+08	2.24821e+08	2.22576e+08	1.50034e+08	2.16191e+08	1.95179e+08	2.17857e+08	1.93131e+08	1.51072e+08	2.03804e+08	1.89411e+08	2.02036e+08	2.11115e+08	1.92316e+08	1.48412e+08	1.59975e+08	1.52392e+08	1.92249e+08	1.90945e+08	1.74866e+08	1.46282e+08	1.61726e+08	1.78752e+08	1.399e+08	1.79284e+08	1.84859e+08	1.35145e+08	1.56981e+08	1.88031e+08	1.8326e+08	1.82734e+08	1.42513e+08	1.92782e+08	1.94598e+08	1.93993e+08	1.6383e+08	1.90494e+08	1.62046e+08	1.79061e+08	1.83987e+08	1.02159e+08	1.78913e+08	1.52783e+08	1.70753e+08	1.92624e+08	1.94247e+08	1.90759e+08	2.22251e+08	2.2148e+08	2.42491e+08	1.75206e+08	1.60145e+08	1.73759e+08	1.60805e+08	1.76342e+08	1.82705e+08	1.51902e+08	1.37638e+08	1.38673e+08	1.63453e+08	1.68314e+08	1.64327e+08	1.87447e+08	1.81214e+08	1.81686e+08	1.89238e+08	1.63023e+08	1.96807e+08
ERR636787	2.49152e+08	2.50135e+08	2.84156e+08	2.77341e+08	2.87562e+08	2.88349e+08	3.05886e+08	3.04225e+08	2.82961e+08	2.99694e+08	3.08155e+08	3.00798e+08	2.48163e+08	2.76618e+08	2.79543e+08	2.33333e+08	2.37581e+08	2.31368e+08	1.85376e+08	2.16021e+08	1.89013e+08	1.97939e+08	1.91897e+08	1.93732e+08	3.9308e+08	2.89299e+08	2.89133e+08	3.05071e+08	3.12429e+08	3.0771e+08	2.33481e+08	1.58466e+08	2.27142e+08	2.05045e+08	2.28663e+08	2.03182e+08	1.83022e+08	2.4441e+08	2.27639e+08	2.42426e+08	2.53232e+08	2.31121e+08	1.73014e+08	1.85746e+08	1.76958e+08	2.22859e+08	2.21383e+08	2.03135e+08	1.54609e+08	1.71209e+08	1.89529e+08	1.47701e+08	1.9027e+08	1.96151e+08	1.44683e+08	1.68442e+08	2.02424e+08	1.9747e+08	1.96835e+08	1.53111e+08	2.05983e+08	2.07837e+08	2.0745e+08	1.75638e+08	2.03796e+08	1.73931e+08	1.53153e+08	1.57954e+08	7.75075e+07	1.52508e+08	1.27111e+08	1.44541e+08	2.22322e+08	2.24343e+08	2.20638e+08	2.54711e+08	2.54232e+08	2.77218e+08	1.8116e+08	1.65531e+08	1.79655e+08	1.66088e+08	1.82494e+08	1.88929e+08	1.32477e+08	1.18129e+08	1.19246e+08	1.4447e+08	1.49457e+08	1.4539e+08	1.96841e+08	1.90631e+08	1.90629e+08	1.98756e+08	1.71407e+08	2.07036e+08
ERR636789	2.70025e+08	2.71195e+08	3.07935e+08	3.00731e+08	3.11888e+08	3.126e+08	3.31581e+08	3.29935e+08	3.06727e+08	3.24818e+08	3.34318e+08	3.2606e+08	2.68822e+08	2.9987e+08	3.02824e+08	2.5253e+08	2.57359e+08	2.5064e+08	2.01212e+08	2.34667e+08	2.05319e+08	2.14877e+08	2.08368e+08	2.1052e+08	2.89299e+08	4.51152e+08	3.13058e+08	3.30902e+08	3.3869e+08	3.33428e+08	2.53079e+08	1.71454e+08	2.46233e+08	2.2218e+08	2.47843e+08	2.20043e+08	1.9812e+08	2.64858e+08	2.46651e+08	2.62688e+08	2.74338e+08	2.50367e+08	1.87946e+08	2.0158e+08	1.92074e+08	2.42066e+08	2.40423e+08	2.20805e+08	1.68221e+08	1.86327e+08	2.06399e+08	1.60731e+08	2.07149e+08	2.13702e+08	1.57269e+08	1.83249e+08	2.20197e+08	2.14917e+08	2.14051e+08	1.6645e+08	2.22936e+08	2.2502e+08	2.24738e+08	1.90041e+08	2.2075e+08	1.88152e+08	1.67814e+08	1.73296e+08	8.5081e+07	1.67173e+08	1.39352e+08	1.58379e+08	2.4099e+08	2.43214e+08	2.39051e+08	2.76006e+08	2.75782e+08	3.00621e+08	1.98506e+08	1.81442e+08	1.96835e+08	1.82041e+08	2.00031e+08	2.07144e+08	1.45013e+08	1.29326e+08	1.30557e+08	1.58127e+08	1.6349e+08	1.59063e+08	2.15539e+08	2.08942e+08	2.08765e+08	2.17642e+08	1.88167e+08	2.26931e+08
ERR636788	2.7048e+08	2.71515e+08	3.08732e+08	3.0156e+08	3.12694e+08	3.13532e+08	3.31995e+08	3.29987e+08	3.06842e+08	3.24982e+08	3.33989e+08	3.26275e+08	2.69117e+08	3.00067e+08	3.03586e+08	2.52679e+08	2.57434e+08	2.50659e+08	2.0139e+08	2.34667e+08	2.04999e+08	2.14987e+08	2.07987e+08	2.10372e+08	2.89133e+08	3.13058e+08	4.50782e+08	3.30374e+08	3.38338e+08	3.32949e+08	2.53864e+08	1.71194e+08	2.46761e+08	2.22342e+08	2.4859e+08	2.20349e+08	1.98026e+08	2.65543e+08	2.4703e+08	2.63318e+08	2.7495e+08	2.50697e+08	1.8746e+08	2.01843e+08	1.92244e+08	2.42332e+08	2.40572e+08	2.2067e+08	1.69277e+08	1.87612e+08	2.07628e+08	1.61951e+08	2.08126e+08	2.14618e+08	1.58417e+08	1.8426e+08	2.21168e+08	2.15673e+08	2.14963e+08	1.67446e+08	2.23058e+08	2.25186e+08	2.24884e+08	1.90115e+08	2.20769e+08	1.88119e+08	1.67241e+08	1.72579e+08	8.44699e+07	1.66629e+08	1.38819e+08	1.5781e+08	2.40217e+08	2.42343e+08	2.38297e+08	2.75768e+08	2.7525e+08	3.00195e+08	1.98438e+08	1.81124e+08	1.96662e+08	1.81877e+08	1.99813e+08	2.07084e+08	1.45166e+08	1.2944e+08	1.30575e+08	1.58373e+08	1.63793e+08	1.59355e+08	2.15593e+08	2.08804e+08	2.08807e+08	2.17731e+08	1.87685e+08	2.26776e+08
ERR636790	2.85502e+08	2.86783e+08	3.26113e+08	3.18277e+08	3.30052e+08	3.30997e+08	3.50938e+08	3.49124e+08	3.24461e+08	3.43916e+08	3.53682e+08	3.44955e+08	2.8391e+08	3.1712e+08	3.20455e+08	2.67011e+08	2.72062e+08	2.64738e+08	2.12836e+08	2.48125e+08	2.17323e+08	2.27361e+08	2.20527e+08	2.22609e+08	3.05071e+08	3.30902e+08	3.30374e+08	4.97139e+08	3.59894e+08	3.53995e+08	2.6798e+08	1.8131e+08	2.60588e+08	2.35187e+08	2.62509e+08	2.32856e+08	2.09998e+08	2.80679e+08	2.6131e+08	2.78211e+08	2.90779e+08	2.65359e+08	1.98873e+08	2.13403e+08	2.03426e+08	2.56281e+08	2.54633e+08	2.33756e+08	1.78597e+08	1.97627e+08	2.18983e+08	1.705e+08	2.19831e+08	2.26584e+08	1.66741e+08	1.9422e+08	2.33426e+08	2.27805e+08	2.26917e+08	1.76508e+08	2.35693e+08	2.37921e+08	2.37644e+08	2.00719e+08	2.33305e+08	1.98857e+08	1.78503e+08	1.84184e+08	9.05343e+07	1.77794e+08	1.48179e+08	1.68378e+08	2.5486e+08	2.57137e+08	2.5269e+08	2.92204e+08	2.9188e+08	3.18271e+08	2.10974e+08	1.92764e+08	2.09162e+08	1.9344e+08	2.12591e+08	2.20057e+08	1.5408e+08	1.37442e+08	1.38709e+08	1.68115e+08	1.73793e+08	1.69132e+08	2.29169e+08	2.22144e+08	2.21791e+08	2.31469e+08	1.99833e+08	2.41196e+08
ERR636792	2.92534e+08	2.93856e+08	3.34231e+08	3.26179e+08	3.38326e+08	3.39275e+08	3.59369e+08	3.57248e+08	3.3215e+08	3.51947e+08	3.62083e+08	3.53314e+08	2.90903e+08	3.24986e+08	3.28362e+08	2.73294e+08	2.7849e+08	2.71202e+08	2.18274e+08	2.54489e+08	2.22649e+08	2.33192e+08	2.26118e+08	2.2824e+08	3.12429e+08	3.3869e+08	3.38338e+08	3.59894e+08	5.18661e+08	3.62766e+08	2.74459e+08	1.85703e+08	2.66826e+08	2.40902e+08	2.68785e+08	2.38554e+08	2.14782e+08	2.87585e+08	2.67627e+08	2.85146e+08	2.97837e+08	2.71716e+08	2.03858e+08	2.18892e+08	2.08542e+08	2.62799e+08	2.61156e+08	2.39625e+08	1.83069e+08	2.02728e+08	2.24513e+08	1.74773e+08	2.25391e+08	2.32329e+08	1.70982e+08	1.99134e+08	2.39331e+08	2.33685e+08	2.32518e+08	1.80967e+08	2.4128e+08	2.43451e+08	2.43141e+08	2.05442e+08	2.38789e+08	2.03299e+08	1.83349e+08	1.89253e+08	9.31458e+07	1.82674e+08	1.52303e+08	1.73043e+08	2.60742e+08	2.63115e+08	2.58504e+08	2.98944e+08	2.98691e+08	3.25543e+08	2.16684e+08	1.98057e+08	2.14935e+08	1.98761e+08	2.18267e+08	2.26048e+08	1.58433e+08	1.41296e+08	1.4257e+08	1.72747e+08	1.78652e+08	1.73833e+08	2.35453e+08	2.28208e+08	2.27964e+08	2.37811e+08	2.05411e+08	2.47894e+08
ERR636791	2.87715e+08	2.89056e+08	3.28538e+08	3.20541e+08	3.32724e+08	3.33701e+08	3.53632e+08	3.51757e+08	3.26893e+08	3.46525e+08	3.56512e+08	3.47763e+08	2.86258e+08	3.19689e+08	3.22959e+08	2.6905e+08	2.74102e+08	2.66891e+08	2.14926e+08	2.50503e+08	2.1932e+08	2.29518e+08	2.22658e+08	2.24821e+08	3.0771e+08	3.33428e+08	3.32949e+08	3.53995e+08	3.62766e+08	5.04084e+08	2.70145e+08	1.82881e+08	2.6265e+08	2.36981e+08	2.64597e+08	2.34657e+08	2.1155e+08	2.83e+08	2.63389e+08	2.80526e+08	2.9307e+08	2.67482e+08	2.0066e+08	2.15136e+08	2.04987e+08	2.58414e+08	2.5657e+08	2.35665e+08	1.79732e+08	1.9912e+08	2.20565e+08	1.71631e+08	2.215e+08	2.28257e+08	1.68031e+08	1.95701e+08	2.35267e+08	2.29561e+08	2.2862e+08	1.77796e+08	2.37676e+08	2.3995e+08	2.39561e+08	2.02443e+08	2.35155e+08	2.00301e+08	1.80351e+08	1.86227e+08	9.17276e+07	1.79685e+08	1.49827e+08	1.70134e+08	2.56567e+08	2.58885e+08	2.54573e+08	2.9416e+08	2.9387e+08	3.20449e+08	2.12806e+08	1.94575e+08	2.10988e+08	1.95318e+08	2.14411e+08	2.21926e+08	1.55719e+08	1.38936e+08	1.4025e+08	1.69867e+08	1.75655e+08	1.70834e+08	2.31325e+08	2.24173e+08	2.23967e+08	2.33647e+08	2.01688e+08	2.43461e+08
ERR608153	2.34319e+08	2.35488e+08	2.67838e+08	2.61672e+08	2.71315e+08	2.72278e+08	2.97144e+08	2.95171e+08	2.73976e+08	2.90435e+08	2.98772e+08	2.91834e+08	2.66053e+08	2.96865e+08	3.0082e+08	2.49106e+08	2.53755e+08	2.46838e+08	2.13453e+08	2.48788e+08	2.1682e+08	2.2749e+08	2.19993e+08	2.22576e+08	2.33481e+08	2.53079e+08	2.53864e+08	2.6798e+08	2.74459e+08	2.70145e+08	4.23025e+08	1.9336e+08	2.79548e+08	2.53359e+08	2.83331e+08	2.49952e+08	1.84279e+08	2.49682e+08	2.31722e+08	2.47588e+08	2.58417e+08	2.35157e+08	1.78204e+08	1.93345e+08	1.84052e+08	2.32355e+08	2.30799e+08	2.10409e+08	1.77752e+08	1.96607e+08	2.16925e+08	1.70733e+08	2.17512e+08	2.24355e+08	1.64743e+08	1.90802e+08	2.28114e+08	2.22192e+08	2.2181e+08	1.73195e+08	2.36139e+08	2.3838e+08	2.37613e+08	2.00632e+08	2.33012e+08	1.98244e+08	1.71061e+08	1.76594e+08	8.49937e+07	1.70761e+08	1.41649e+08	1.61752e+08	2.30093e+08	2.32361e+08	2.27957e+08	2.66049e+08	2.64974e+08	2.89842e+08	2.02908e+08	1.8501e+08	2.00898e+08	1.85838e+08	2.04276e+08	2.11785e+08	1.46096e+08	1.29684e+08	1.30992e+08	1.59106e+08	1.64694e+08	1.60292e+08	2.18821e+08	2.11036e+08	2.11819e+08	2.20861e+08	1.89555e+08	2.29365e+08
ERR608149	1.56736e+08	1.57247e+08	1.78283e+08	1.74034e+08	1.80472e+08	1.81213e+08	1.9946e+08	1.98477e+08	1.84785e+08	1.95456e+08	2.01329e+08	1.96222e+08	1.78811e+08	1.9955e+08	2.01312e+08	1.68213e+08	1.71285e+08	1.66726e+08	1.43656e+08	1.67171e+08	1.47099e+08	1.5347e+08	1.49501e+08	1.50034e+08	1.58466e+08	1.71454e+08	1.71194e+08	1.8131e+08	1.85703e+08	1.82881e+08	1.9336e+08	2.2134e+08	1.88602e+08	1.70754e+08	1.89535e+08	1.69383e+08	1.26118e+08	1.67136e+08	1.56006e+08	1.65801e+08	1.73272e+08	1.58438e+08	1.21944e+08	1.30017e+08	1.23902e+08	1.55606e+08	1.54757e+08	1.42165e+08	1.1495e+08	1.27019e+08	1.40496e+08	1.09594e+08	1.4103e+08	1.45325e+08	1.06385e+08	1.23729e+08	1.48516e+08	1.44931e+08	1.44341e+08	1.12513e+08	1.59969e+08	1.61481e+08	1.61032e+08	1.36775e+08	1.58075e+08	1.35542e+08	1.13639e+08	1.17368e+08	5.71582e+07	1.13139e+08	9.42182e+07	1.07184e+08	1.57408e+08	1.58865e+08	1.56084e+08	1.80224e+08	1.80152e+08	1.95982e+08	1.3357e+08	1.22361e+08	1.32505e+08	1.22599e+08	1.34547e+08	1.39353e+08	9.55987e+07	8.52414e+07	8.59646e+07	1.0426e+08	1.07996e+08	1.04883e+08	1.43454e+08	1.39118e+08	1.38965e+08	1.44872e+08	1.25402e+08	1.51059e+08
ERR608151	2.27628e+08	2.28546e+08	2.59709e+08	2.54037e+08	2.63142e+08	2.63992e+08	2.88889e+08	2.8687e+08	2.66459e+08	2.824e+08	2.90514e+08	2.8367e+08	2.58404e+08	2.88464e+08	2.92239e+08	2.4201e+08	2.4671e+08	2.40037e+08	2.07258e+08	2.41697e+08	2.10881e+08	2.212e+08	2.14048e+08	2.16191e+08	2.27142e+08	2.46233e+08	2.46761e+08	2.60588e+08	2.66826e+08	2.6265e+08	2.79548e+08	1.88602e+08	4.02159e+08	2.44987e+08	2.74044e+08	2.43482e+08	1.79115e+08	2.41998e+08	2.24692e+08	2.39972e+08	2.50561e+08	2.28109e+08	1.73354e+08	1.87612e+08	1.78632e+08	2.25372e+08	2.23835e+08	2.04316e+08	1.71925e+08	1.90181e+08	2.0978e+08	1.64739e+08	2.10221e+08	2.16932e+08	1.59153e+08	1.84638e+08	2.2085e+08	2.15114e+08	2.14745e+08	1.67599e+08	2.29389e+08	2.31623e+08	2.3093e+08	1.9523e+08	2.26496e+08	1.92799e+08	1.66161e+08	1.71648e+08	8.26962e+07	1.65781e+08	1.37758e+08	1.57037e+08	2.24109e+08	2.26191e+08	2.2208e+08	2.58848e+08	2.5792e+08	2.81948e+08	1.96772e+08	1.79644e+08	1.95061e+08	1.80385e+08	1.98359e+08	2.05553e+08	1.41458e+08	1.25786e+08	1.27014e+08	1.54281e+08	1.59552e+08	1.55243e+08	2.12048e+08	2.0461e+08	2.05337e+08	2.14087e+08	1.84039e+08	2.22667e+08
