	ERR612940	ERR612944	ERR612939	ERR612943	ERR612941	ERR612942	ERR637122	ERR637119	ERR637118	ERR637120	ERR637117	ERR637121	ERR636983	ERR636982	ERR636980	ERR636979	ERR636984	ERR636981	ERR617367	ERR617369	ERR617371	ERR617368	ERR617372	ERR617370	ERR612595	ERR612598	ERR612596	ERR612597	ERR612600	ERR612599	ERR636774	ERR636771	ERR636770	ERR636772	ERR636769	ERR636773	ERR636926	ERR636927	ERR636925	ERR636930	ERR636928	ERR636929	ERR622146	ERR622144	ERR622143	ERR622148	ERR622147	ERR622145	ERR626545	ERR626540	ERR626544	ERR626543	ERR626542	ERR626541	ERR616452	ERR616455	ERR616453	ERR616451	ERR616450	ERR616454	ERR613257	ERR613258	ERR613261	ERR613260	ERR613259	ERR613262	ERR626607	ERR626603	ERR626606	ERR626602	ERR626605	ERR626604	ERR616189	ERR616185	ERR616190	ERR616186	ERR616187	ERR616188	ERR638212	ERR638208	ERR638211	ERR638209	ERR638210	ERR638207	ERR616459	ERR616456	ERR616457	ERR616461	ERR616460	ERR616458	ERR605542	ERR605543	ERR605539	ERR605540	ERR605541	ERR605544
ERR612940	0	0.269763	0.250241	0.259355	0.250153	0.274248	0.560378	0.565148	0.558061	0.563793	0.569108	0.562935	0.519372	0.504695	0.509678	0.506862	0.516735	0.508933	0.464106	0.446102	0.450991	0.444856	0.451916	0.452556	0.442142	0.441157	0.451149	0.44711	0.441796	0.441364	0.535232	0.542768	0.535271	0.537459	0.546244	0.535513	0.509319	0.519118	0.509592	0.525834	0.524761	0.524064	0.504508	0.517542	0.550768	0.507057	0.504281	0.512987	0.575714	0.578744	0.577035	0.57619	0.581343	0.577343	0.536647	0.553867	0.552865	0.57349	0.53834	0.552021	0.457781	0.456365	0.455374	0.454923	0.455168	0.45526	0.540198	0.542138	0.538832	0.538207	0.540494	0.563612	0.514566	0.514366	0.508938	0.506609	0.518172	0.513991	0.637976	0.620154	0.606018	0.616041	0.607963	0.623089	0.557599	0.543501	0.581272	0.556825	0.554438	0.540617	0.578262	0.581287	0.581363	0.583084	0.585072	0.578575
ERR612944	0.269763	0	0.273095	0.25704	0.268071	0.258096	0.573736	0.57898	0.572907	0.576394	0.580987	0.575777	0.534534	0.511866	0.514255	0.52067	0.531087	0.523121	0.469997	0.45344	0.468043	0.452722	0.469219	0.469725	0.453004	0.437755	0.443194	0.451414	0.437724	0.438176	0.547018	0.553846	0.54729	0.549105	0.554912	0.547275	0.518398	0.52664	0.512412	0.536377	0.535604	0.535115	0.50059	0.523018	0.544436	0.501863	0.499961	0.52222	0.586136	0.586407	0.587632	0.586681	0.590154	0.588763	0.540886	0.565074	0.563789	0.561868	0.542187	0.564196	0.478706	0.476393	0.469947	0.462082	0.474065	0.468716	0.538147	0.542035	0.536738	0.543468	0.537493	0.555972	0.510531	0.511064	0.507587	0.507091	0.514064	0.509819	0.640458	0.621329	0.613973	0.616654	0.615564	0.623406	0.567509	0.545772	0.568566	0.566997	0.564965	0.543432	0.583512	0.586584	0.589078	0.588644	0.588749	0.583471
ERR612939	0.250241	0.273095	0	0.260854	0.250412	0.277719	0.563249	0.568062	0.560727	0.566804	0.57254	0.566	0.521714	0.508381	0.514044	0.508972	0.51899	0.511105	0.468224	0.448949	0.452411	0.447809	0.453059	0.454049	0.442302	0.443439	0.454379	0.448855	0.443947	0.443773	0.538281	0.546348	0.538344	0.540712	0.550042	0.538685	0.512431	0.522814	0.513833	0.529223	0.5279	0.527259	0.510096	0.521917	0.557322	0.51273	0.509883	0.516583	0.578745	0.582338	0.580035	0.579085	0.584709	0.579941	0.539218	0.556031	0.555053	0.577484	0.541002	0.553894	0.456135	0.455377	0.454196	0.455125	0.454157	0.454414	0.543737	0.545782	0.542188	0.540951	0.543822	0.56841	0.516659	0.515954	0.510687	0.507574	0.519124	0.516079	0.642806	0.624767	0.609406	0.620542	0.611406	0.627784	0.560508	0.547028	0.585711	0.559628	0.557147	0.543785	0.582298	0.58516	0.584925	0.586891	0.589137	0.582479
ERR612943	0.259355	0.25704	0.260854	0	0.258278	0.259851	0.572115	0.577294	0.57057	0.575007	0.580017	0.574398	0.532034	0.512435	0.516406	0.518554	0.528788	0.520948	0.471275	0.452901	0.463655	0.452306	0.464726	0.465262	0.449996	0.440584	0.447928	0.451666	0.440505	0.44093	0.546047	0.553229	0.546066	0.548187	0.555095	0.546371	0.517599	0.526804	0.514525	0.53542	0.534521	0.533884	0.505784	0.524716	0.551414	0.507426	0.505305	0.52207	0.585633	0.587194	0.58697	0.586018	0.590344	0.587754	0.541924	0.563644	0.562601	0.56907	0.543508	0.562371	0.470163	0.468535	0.462966	0.45816	0.466342	0.46274	0.541843	0.544968	0.540247	0.544268	0.541238	0.562478	0.513266	0.513421	0.509183	0.507705	0.516222	0.512417	0.643696	0.624658	0.614444	0.620215	0.616118	0.627129	0.566979	0.547897	0.576345	0.566166	0.56401	0.545264	0.585229	0.588347	0.589934	0.590469	0.591247	0.585442
ERR612941	0.250153	0.268071	0.250412	0.258278	0	0.271992	0.562357	0.56725	0.560322	0.56566	0.570964	0.564861	0.521385	0.505731	0.510415	0.508402	0.518447	0.510459	0.465332	0.447242	0.453211	0.446007	0.454134	0.454726	0.443466	0.44115	0.450541	0.447622	0.441647	0.441344	0.53678	0.544326	0.536781	0.539051	0.547461	0.537183	0.510389	0.520171	0.50999	0.527426	0.526322	0.525669	0.504942	0.518535	0.551026	0.507238	0.504542	0.514206	0.576751	0.579367	0.578079	0.57712	0.582189	0.578375	0.537346	0.555462	0.554468	0.572845	0.538985	0.5536	0.458816	0.457275	0.455936	0.454948	0.455816	0.455916	0.540008	0.54219	0.538495	0.538544	0.540128	0.562969	0.514354	0.514151	0.508947	0.506703	0.517893	0.513957	0.638427	0.62025	0.607061	0.615765	0.608851	0.622911	0.559165	0.544292	0.580432	0.558387	0.555935	0.541117	0.578769	0.581856	0.582128	0.58343	0.58521	0.579003
ERR612942	0.274248	0.258096	0.277719	0.259851	0.271992	0	0.579043	0.584208	0.578053	0.581391	0.585392	0.580894	0.540812	0.515884	0.517628	0.526239	0.53712	0.528552	0.474179	0.457124	0.474032	0.456408	0.475452	0.47584	0.459386	0.440971	0.444377	0.457046	0.440403	0.441256	0.551832	0.558233	0.551464	0.553889	0.558423	0.552086	0.521438	0.52988	0.514192	0.540503	0.539844	0.539288	0.50102	0.526119	0.544894	0.501378	0.500128	0.525963	0.589616	0.589412	0.591227	0.590216	0.593511	0.592587	0.542824	0.569887	0.568492	0.559141	0.543929	0.569156	0.481846	0.479403	0.472967	0.462957	0.476959	0.472565	0.53812	0.542867	0.536831	0.545615	0.537324	0.554671	0.510658	0.510392	0.508135	0.507543	0.512558	0.50958	0.643197	0.622415	0.617028	0.617474	0.618676	0.624274	0.572515	0.547522	0.565474	0.571998	0.569705	0.545275	0.586295	0.589617	0.59275	0.591712	0.591045	0.586267
ERR637122	0.560378	0.573736	0.563249	0.572115	0.562357	0.579043	0	0.239285	0.239059	0.236639	0.2398	0.236422	0.308302	0.322318	0.327536	0.311938	0.309805	0.31106	0.380429	0.38949	0.380302	0.388913	0.379167	0.379531	0.47673	0.494903	0.502114	0.473182	0.496632	0.49149	0.31695	0.316878	0.318335	0.31779	0.323761	0.317452	0.312017	0.308792	0.331138	0.299159	0.298958	0.298849	0.35111	0.311709	0.367466	0.36099	0.355736	0.302331	0.440834	0.447812	0.439648	0.440778	0.442068	0.437726	0.534323	0.507607	0.507623	0.615536	0.535679	0.506719	0.624311	0.619461	0.630515	0.636323	0.623774	0.626087	0.540197	0.528088	0.538421	0.511371	0.541642	0.556547	0.62221	0.632031	0.616486	0.622461	0.649465	0.627292	0.471767	0.480779	0.449733	0.484546	0.450683	0.484634	0.500071	0.533729	0.618995	0.499503	0.500878	0.532796	0.518561	0.517357	0.510846	0.517307	0.522967	0.519587
ERR637119	0.565148	0.57898	0.568062	0.577294	0.56725	0.584208	0.239285	0	0.23928	0.240129	0.241156	0.239753	0.309424	0.325435	0.33075	0.314851	0.311343	0.313684	0.380421	0.390172	0.380397	0.389967	0.379226	0.379684	0.476317	0.49576	0.50292	0.472475	0.497532	0.492082	0.320743	0.319537	0.322051	0.321436	0.327825	0.321174	0.317746	0.313998	0.337326	0.30298	0.302994	0.302906	0.354728	0.31373	0.368851	0.36447	0.359355	0.304514	0.44406	0.451372	0.442819	0.444176	0.445288	0.440854	0.53499	0.506714	0.506768	0.617247	0.536049	0.505802	0.627944	0.622894	0.634354	0.640304	0.627332	0.629769	0.543785	0.531185	0.541955	0.514311	0.545158	0.559216	0.624891	0.634957	0.619021	0.625379	0.652815	0.629826	0.474963	0.48502	0.453317	0.48911	0.454222	0.488852	0.499469	0.53464	0.620964	0.498865	0.500479	0.533876	0.52018	0.518888	0.512303	0.518769	0.524442	0.521097
ERR637118	0.558061	0.572907	0.560727	0.57057	0.560322	0.578053	0.239059	0.23928	0	0.240087	0.241163	0.23979	0.307767	0.323973	0.330024	0.31139	0.309432	0.310522	0.379697	0.387602	0.376924	0.387142	0.37568	0.376299	0.471887	0.492205	0.49995	0.469761	0.493878	0.48872	0.319387	0.319178	0.319434	0.320235	0.326876	0.319813	0.313334	0.311558	0.334319	0.300823	0.300593	0.300376	0.35393	0.313508	0.371942	0.363757	0.35858	0.302749	0.442435	0.450274	0.441212	0.442501	0.44419	0.438905	0.533153	0.506256	0.506368	0.615595	0.53442	0.505103	0.621906	0.617225	0.62867	0.634964	0.621533	0.624397	0.541101	0.528899	0.539246	0.51167	0.542526	0.558576	0.621334	0.630757	0.615248	0.620889	0.648044	0.626159	0.477075	0.485251	0.452728	0.489116	0.453878	0.489412	0.499436	0.533197	0.61944	0.498791	0.50005	0.532165	0.519885	0.518712	0.512189	0.518943	0.524566	0.520895
ERR637120	0.563793	0.576394	0.566804	0.575007	0.56566	0.581391	0.236639	0.240129	0.240087	0	0.238213	0.236396	0.310302	0.321834	0.326252	0.313354	0.31149	0.312478	0.381733	0.391493	0.383789	0.390988	0.38271	0.383262	0.481787	0.498116	0.504488	0.477471	0.499858	0.494717	0.315674	0.315478	0.316768	0.316424	0.320628	0.316281	0.310564	0.307011	0.328322	0.298219	0.298125	0.2981	0.348701	0.310011	0.363226	0.358277	0.353229	0.301732	0.438863	0.445176	0.437688	0.438956	0.439784	0.43608	0.534926	0.509027	0.509036	0.614495	0.536177	0.50832	0.626612	0.621569	0.632737	0.637869	0.625889	0.628144	0.539006	0.526851	0.537221	0.510795	0.54047	0.554398	0.623402	0.633259	0.617918	0.624166	0.650788	0.628355	0.467109	0.475972	0.446657	0.479921	0.447635	0.479856	0.500885	0.533822	0.617816	0.500551	0.501944	0.533009	0.517443	0.516217	0.510014	0.516021	0.521355	0.518373
ERR637117	0.569108	0.580987	0.57254	0.580017	0.570964	0.585392	0.2398	0.241156	0.241163	0.238213	0	0.23893	0.314032	0.321663	0.324405	0.316317	0.314689	0.315323	0.383618	0.394046	0.3887	0.393473	0.387665	0.388268	0.488814	0.502884	0.507943	0.483381	0.504471	0.499367	0.314599	0.312794	0.31439	0.315103	0.315691	0.315179	0.308822	0.304332	0.323742	0.296885	0.297126	0.29745	0.344632	0.307397	0.356486	0.354195	0.349265	0.30081	0.43711	0.442276	0.436063	0.43725	0.437322	0.434697	0.5367	0.512223	0.512199	0.613913	0.537808	0.511644	0.631163	0.625922	0.636921	0.641339	0.630194	0.63254	0.538181	0.525975	0.536339	0.510706	0.539392	0.552219	0.626261	0.636299	0.621258	0.627758	0.65374	0.631215	0.461181	0.469586	0.442965	0.47359	0.443812	0.473151	0.503382	0.534789	0.616839	0.503065	0.504589	0.534286	0.5168	0.515666	0.510065	0.51577	0.52025	0.517711
ERR637121	0.562935	0.575777	0.566	0.574398	0.564861	0.580894	0.236422	0.239753	0.23979	0.236396	0.23893	0	0.310036	0.32217	0.326794	0.313139	0.311262	0.31216	0.381562	0.390929	0.38282	0.390481	0.38171	0.382441	0.480788	0.497563	0.504219	0.476667	0.499364	0.494255	0.316026	0.315949	0.317192	0.316846	0.321489	0.316602	0.3111	0.307402	0.329097	0.298376	0.298446	0.29837	0.3492	0.310647	0.364294	0.359074	0.353823	0.301992	0.439737	0.446328	0.438564	0.439775	0.440733	0.436964	0.53522	0.509029	0.509088	0.615211	0.536509	0.508281	0.626421	0.621422	0.632448	0.637898	0.625688	0.627938	0.539669	0.527546	0.537915	0.511344	0.541077	0.555278	0.62346	0.633349	0.618058	0.624044	0.650825	0.628467	0.468457	0.477488	0.447834	0.481342	0.448657	0.481244	0.501145	0.534237	0.618684	0.500666	0.501982	0.533323	0.518039	0.516966	0.510613	0.516772	0.522194	0.519036
ERR636983	0.519372	0.534534	0.521714	0.532034	0.521385	0.540812	0.308302	0.309424	0.307767	0.310302	0.314032	0.310036	0	0.267694	0.279601	0.250273	0.24694	0.250303	0.337253	0.341955	0.329362	0.342258	0.328314	0.328185	0.418108	0.442162	0.453609	0.417354	0.444867	0.439431	0.306632	0.309246	0.30898	0.308135	0.319421	0.30697	0.313076	0.312627	0.333955	0.304079	0.303579	0.303095	0.350315	0.312869	0.375292	0.359913	0.354778	0.301824	0.417418	0.424841	0.416639	0.417321	0.419526	0.414928	0.486641	0.462016	0.461869	0.570907	0.487927	0.460961	0.578284	0.573458	0.583513	0.589155	0.577264	0.578859	0.493613	0.481478	0.491931	0.464198	0.495073	0.513158	0.568392	0.578356	0.561903	0.567788	0.596038	0.573233	0.460941	0.466123	0.43499	0.468371	0.436018	0.470026	0.459253	0.489789	0.5769	0.458134	0.459195	0.488742	0.486473	0.485967	0.479363	0.48576	0.492028	0.487317
ERR636982	0.504695	0.511866	0.508381	0.512435	0.505731	0.515884	0.322318	0.325435	0.323973	0.321834	0.321663	0.32217	0.267694	0	0.257092	0.261228	0.265415	0.262185	0.328143	0.333724	0.339697	0.333958	0.339545	0.339406	0.421795	0.4263	0.430541	0.413564	0.427922	0.423681	0.316333	0.31735	0.316851	0.317584	0.318487	0.316508	0.30554	0.304132	0.310004	0.306678	0.30688	0.30715	0.316641	0.298701	0.340095	0.323478	0.319311	0.297529	0.418072	0.418868	0.418107	0.418016	0.417994	0.41859	0.477221	0.467188	0.466283	0.54398	0.477918	0.467299	0.573841	0.568233	0.576308	0.576287	0.571204	0.57178	0.472417	0.46284	0.470762	0.452432	0.473263	0.486199	0.550994	0.560419	0.546848	0.553601	0.577397	0.555534	0.451507	0.449472	0.434234	0.450106	0.434785	0.452029	0.462348	0.477958	0.549091	0.462027	0.462912	0.477547	0.478574	0.478875	0.47597	0.478954	0.481764	0.479257
ERR636980	0.509678	0.514255	0.514044	0.516406	0.510415	0.517628	0.327536	0.33075	0.330024	0.326252	0.324405	0.326794	0.279601	0.257092	0	0.270397	0.276471	0.270892	0.329905	0.336994	0.348593	0.337477	0.3489	0.34867	0.429285	0.428023	0.429373	0.418009	0.429413	0.42527	0.320223	0.320194	0.320378	0.321152	0.318484	0.3203	0.308631	0.305598	0.307239	0.310889	0.311483	0.312062	0.309289	0.297146	0.328382	0.315507	0.311811	0.300135	0.418586	0.41729	0.418794	0.418756	0.417391	0.419897	0.476904	0.470232	0.469154	0.53767	0.477353	0.470795	0.578787	0.57264	0.580396	0.578375	0.575444	0.57573	0.468757	0.459668	0.467344	0.451877	0.469273	0.4788	0.549999	0.559923	0.546881	0.554303	0.577031	0.554609	0.445639	0.443087	0.433015	0.443353	0.433448	0.444767	0.464042	0.475952	0.542139	0.464144	0.465206	0.475897	0.476984	0.477368	0.475669	0.477167	0.47888	0.477271
ERR636979	0.506862	0.52067	0.508972	0.518554	0.508402	0.526239	0.311938	0.314851	0.31139	0.313354	0.316317	0.313139	0.250273	0.261228	0.270397	0	0.250607	0.247415	0.332766	0.33527	0.32786	0.335556	0.326946	0.327225	0.413064	0.432213	0.442014	0.411377	0.434478	0.429743	0.307284	0.310745	0.308364	0.308822	0.317459	0.307538	0.306276	0.30756	0.323484	0.303064	0.302299	0.30237	0.338582	0.307049	0.367243	0.347609	0.34269	0.297775	0.414282	0.420026	0.413818	0.414146	0.416484	0.41252	0.479777	0.461517	0.460986	0.559475	0.481132	0.460454	0.56912	0.564329	0.574032	0.578243	0.567829	0.569599	0.482453	0.471227	0.480669	0.455541	0.48375	0.502281	0.557951	0.566732	0.551833	0.557067	0.583734	0.562479	0.459112	0.460044	0.432882	0.461348	0.434024	0.463787	0.458655	0.483086	0.565765	0.45798	0.458702	0.481999	0.481305	0.481255	0.475292	0.481124	0.486705	0.482265
ERR636984	0.516735	0.531087	0.51899	0.528788	0.518447	0.53712	0.309805	0.311343	0.309432	0.31149	0.314689	0.311262	0.24694	0.265415	0.276471	0.250607	0	0.250799	0.335896	0.340009	0.329724	0.340641	0.328749	0.328597	0.418375	0.440228	0.451067	0.416917	0.442671	0.437546	0.306697	0.309304	0.308491	0.308254	0.318102	0.307045	0.310717	0.31029	0.330055	0.303222	0.302525	0.302357	0.346156	0.31072	0.371325	0.355529	0.350349	0.300553	0.416152	0.422828	0.415635	0.416101	0.418029	0.41426	0.485097	0.462137	0.461836	0.567414	0.486131	0.461227	0.576717	0.571752	0.581766	0.586808	0.57554	0.577117	0.490381	0.478626	0.488574	0.461898	0.491798	0.509393	0.565811	0.575696	0.559552	0.565437	0.593118	0.570521	0.458885	0.463106	0.433817	0.465134	0.434785	0.466761	0.459206	0.487833	0.57331	0.458254	0.459223	0.486975	0.484997	0.484561	0.478333	0.484466	0.490411	0.485768
ERR636981	0.508933	0.523121	0.511105	0.520948	0.510459	0.528552	0.31106	0.313684	0.310522	0.312478	0.315323	0.31216	0.250303	0.262185	0.270892	0.247415	0.250799	0	0.333599	0.336427	0.328502	0.33656	0.32761	0.327693	0.41491	0.43445	0.444226	0.413556	0.436523	0.43188	0.306822	0.310151	0.307898	0.308608	0.316954	0.307093	0.305826	0.307522	0.323539	0.302243	0.301633	0.301557	0.339515	0.307202	0.367553	0.348418	0.343348	0.297559	0.414707	0.420552	0.414242	0.414735	0.416959	0.41308	0.481191	0.462274	0.461948	0.56112	0.482407	0.461346	0.570944	0.566087	0.575984	0.58038	0.569633	0.571674	0.48408	0.472979	0.482341	0.457177	0.485552	0.503898	0.559977	0.568952	0.553793	0.559135	0.585681	0.564656	0.459277	0.460368	0.433063	0.461729	0.434227	0.464078	0.459623	0.48426	0.56715	0.458921	0.459462	0.483075	0.482618	0.482393	0.476549	0.482388	0.487847	0.483355
ERR617367	0.464106	0.469997	0.468224	0.471275	0.465332	0.474179	0.380429	0.380421	0.379697	0.381733	0.383618	0.381562	0.337253	0.328143	0.329905	0.332766	0.335896	0.333599	0	0.26799	0.279156	0.268427	0.280032	0.27932	0.369363	0.372552	0.377785	0.360164	0.374223	0.369848	0.33229	0.33419	0.334285	0.333303	0.341682	0.332472	0.345898	0.345723	0.349131	0.346276	0.346251	0.3463	0.340453	0.331163	0.364788	0.344966	0.341684	0.329624	0.429505	0.431515	0.429626	0.429549	0.43027	0.429563	0.44168	0.439101	0.437844	0.503297	0.44177	0.439458	0.545135	0.539342	0.546494	0.54464	0.541951	0.541935	0.453422	0.445431	0.451577	0.438446	0.453143	0.466282	0.506514	0.515627	0.50237	0.50946	0.532306	0.510418	0.474797	0.471324	0.451753	0.471137	0.452578	0.473567	0.43636	0.443334	0.510679	0.436331	0.436907	0.443583	0.479704	0.480509	0.478976	0.480998	0.483074	0.48003
ERR617369	0.446102	0.45344	0.448949	0.452901	0.447242	0.457124	0.38949	0.390172	0.387602	0.391493	0.394046	0.390929	0.341955	0.333724	0.336994	0.33527	0.340009	0.336427	0.26799	0	0.273172	0.264172	0.273966	0.27377	0.357047	0.36231	0.369672	0.351348	0.363857	0.359988	0.341635	0.344866	0.342607	0.343018	0.352477	0.341897	0.349173	0.351999	0.354315	0.352909	0.352308	0.352181	0.347138	0.340071	0.379227	0.351847	0.348653	0.336295	0.434913	0.437968	0.435091	0.434751	0.436944	0.434412	0.43844	0.438624	0.437754	0.500812	0.438971	0.438653	0.53147	0.526293	0.532742	0.531505	0.528539	0.528725	0.451381	0.44428	0.449099	0.436542	0.450727	0.468135	0.496948	0.504766	0.492004	0.497831	0.519922	0.500348	0.487584	0.480958	0.459397	0.480162	0.460891	0.483774	0.438168	0.442071	0.509257	0.437667	0.43776	0.44167	0.484019	0.485084	0.483755	0.486313	0.488454	0.484354
ERR617371	0.450991	0.468043	0.452411	0.463655	0.453211	0.474032	0.380302	0.380397	0.376924	0.383789	0.3887	0.38282	0.329362	0.339697	0.348593	0.32786	0.329724	0.328502	0.279156	0.273172	0	0.272702	0.256836	0.256994	0.354417	0.380155	0.394596	0.357983	0.382416	0.377742	0.336226	0.341596	0.338174	0.338375	0.354619	0.336832	0.352113	0.35654	0.367833	0.350811	0.34967	0.349443	0.371076	0.349216	0.405018	0.377771	0.373549	0.338175	0.434371	0.44193	0.434178	0.434125	0.438449	0.432078	0.447896	0.435243	0.435031	0.527255	0.448893	0.434009	0.528209	0.524097	0.532714	0.537435	0.527248	0.528864	0.468411	0.459554	0.466208	0.444931	0.468903	0.492002	0.512494	0.520421	0.505257	0.509463	0.535504	0.516095	0.495582	0.492572	0.460754	0.492893	0.462609	0.49641	0.436374	0.453928	0.536192	0.435471	0.435533	0.452744	0.490733	0.491388	0.486977	0.492488	0.497323	0.491368
ERR617368	0.444856	0.452722	0.447809	0.452306	0.446007	0.456408	0.388913	0.389967	0.387142	0.390988	0.393473	0.390481	0.342258	0.333958	0.337477	0.335556	0.340641	0.33656	0.268427	0.264172	0.272702	0	0.273598	0.273522	0.356734	0.362061	0.369437	0.351732	0.363555	0.359804	0.34112	0.344605	0.341779	0.342759	0.351868	0.341493	0.348871	0.351891	0.354312	0.352396	0.351697	0.351724	0.347156	0.339928	0.379169	0.351532	0.348528	0.335898	0.434378	0.437823	0.43462	0.4343	0.436705	0.433985	0.43783	0.439028	0.437926	0.500123	0.438197	0.438845	0.530299	0.525256	0.531817	0.530615	0.527451	0.52809	0.450509	0.443875	0.44829	0.436013	0.450163	0.468057	0.49609	0.503648	0.49108	0.496687	0.518482	0.499266	0.487981	0.480801	0.458963	0.480259	0.46044	0.483897	0.438187	0.441225	0.508154	0.437921	0.437869	0.441021	0.484	0.485243	0.483891	0.486585	0.488479	0.484313
ERR617372	0.451916	0.469219	0.453059	0.464726	0.454134	0.475452	0.379167	0.379226	0.37568	0.38271	0.387665	0.38171	0.328314	0.339545	0.3489	0.326946	0.328749	0.32761	0.280032	0.273966	0.256836	0.273598	0	0.256646	0.355348	0.381911	0.396827	0.359373	0.384444	0.379833	0.335834	0.340946	0.337532	0.337773	0.354197	0.336205	0.351582	0.356094	0.36783	0.349958	0.34876	0.348404	0.372056	0.349269	0.405932	0.379082	0.374812	0.338185	0.433803	0.441707	0.43354	0.433513	0.438025	0.431493	0.448658	0.435075	0.43488	0.529148	0.449596	0.433925	0.528116	0.524079	0.532776	0.537854	0.527198	0.529108	0.469643	0.460467	0.467343	0.445413	0.470122	0.493562	0.514288	0.521972	0.506739	0.510894	0.537237	0.517612	0.495276	0.492312	0.46006	0.492755	0.46203	0.496521	0.436621	0.455079	0.538384	0.435614	0.435642	0.453923	0.490705	0.491283	0.486662	0.492553	0.49741	0.49126
ERR617370	0.452556	0.469725	0.454049	0.465262	0.454726	0.47584	0.379531	0.379684	0.376299	0.383262	0.388268	0.382441	0.328185	0.339406	0.34867	0.327225	0.328597	0.327693	0.27932	0.27377	0.256994	0.273522	0.256646	0	0.355367	0.381561	0.396494	0.358956	0.384232	0.379331	0.335987	0.341051	0.337903	0.338025	0.354389	0.336431	0.352214	0.356451	0.36825	0.350668	0.349376	0.34903	0.372086	0.349348	0.405555	0.378918	0.374487	0.338301	0.434363	0.442094	0.434096	0.434117	0.438473	0.432028	0.448781	0.43533	0.434956	0.528878	0.449766	0.433973	0.52904	0.525073	0.533645	0.538676	0.528079	0.529776	0.469879	0.460846	0.467655	0.445787	0.470311	0.493381	0.514137	0.522082	0.506657	0.510987	0.537393	0.517479	0.495419	0.492831	0.460857	0.493307	0.462477	0.496767	0.436626	0.455064	0.538052	0.435739	0.435952	0.453931	0.490922	0.491402	0.486898	0.492599	0.497449	0.491451
ERR612595	0.442142	0.453004	0.442302	0.449996	0.443466	0.459386	0.47673	0.476317	0.471887	0.481787	0.488814	0.480788	0.418108	0.421795	0.429285	0.413064	0.418375	0.41491	0.369363	0.357047	0.354417	0.356734	0.355348	0.355367	0	0.292254	0.310081	0.271518	0.29413	0.290455	0.450374	0.456752	0.452418	0.452643	0.471478	0.450825	0.445437	0.452087	0.456052	0.448858	0.447075	0.446787	0.440007	0.4374	0.479517	0.443722	0.440957	0.428262	0.524628	0.532625	0.524805	0.524497	0.529614	0.52198	0.479496	0.482809	0.48229	0.539295	0.480714	0.481581	0.541717	0.539101	0.543257	0.54587	0.53969	0.539759	0.509895	0.505095	0.507794	0.49775	0.509004	0.532023	0.516524	0.521189	0.50951	0.511955	0.532495	0.518669	0.592909	0.586069	0.55462	0.584402	0.556703	0.589131	0.490196	0.489727	0.551472	0.489065	0.488626	0.488302	0.525919	0.527507	0.525112	0.529338	0.533024	0.525707
ERR612598	0.441157	0.437755	0.443439	0.440584	0.44115	0.440971	0.494903	0.49576	0.492205	0.498116	0.502884	0.497563	0.442162	0.4263	0.428023	0.432213	0.440228	0.43445	0.372552	0.36231	0.380155	0.362061	0.381911	0.381561	0.292254	0	0.280169	0.281489	0.274461	0.272798	0.464711	0.469467	0.465947	0.466496	0.478408	0.464995	0.451576	0.45661	0.451004	0.460126	0.459055	0.458985	0.423142	0.43878	0.460962	0.424288	0.423299	0.437089	0.533449	0.536659	0.534237	0.533417	0.536317	0.532973	0.477445	0.497161	0.495919	0.510931	0.477953	0.497525	0.551595	0.547993	0.548971	0.543622	0.547502	0.545503	0.496926	0.49537	0.495294	0.49704	0.494931	0.510856	0.501522	0.505951	0.497996	0.502107	0.515649	0.502934	0.591587	0.580804	0.560817	0.577935	0.562484	0.582732	0.50204	0.484318	0.522051	0.501677	0.501046	0.484057	0.526774	0.528819	0.530392	0.530931	0.5314	0.526329
ERR612596	0.451149	0.443194	0.454379	0.447928	0.450541	0.444377	0.502114	0.50292	0.49995	0.504488	0.507943	0.504219	0.453609	0.430541	0.429373	0.442014	0.451067	0.444226	0.377785	0.369672	0.394596	0.369437	0.396827	0.396494	0.310081	0.280169	0	0.293795	0.279493	0.278822	0.471134	0.474684	0.471804	0.472596	0.481186	0.471303	0.455662	0.459827	0.450101	0.46575	0.46505	0.46501	0.417603	0.439614	0.451663	0.417387	0.417107	0.441498	0.537618	0.53851	0.538401	0.537453	0.539389	0.537842	0.4803	0.505799	0.504186	0.502333	0.480468	0.506626	0.561928	0.557726	0.558267	0.54974	0.557106	0.554845	0.495225	0.494477	0.493611	0.499846	0.492758	0.504484	0.502326	0.506599	0.500445	0.505381	0.515794	0.503447	0.590099	0.577905	0.563229	0.574723	0.564615	0.579274	0.509367	0.485474	0.51244	0.509134	0.508639	0.48562	0.527987	0.530445	0.533477	0.532355	0.531254	0.52765
ERR612597	0.44711	0.451414	0.448855	0.451666	0.447622	0.457046	0.473182	0.472475	0.469761	0.477471	0.483381	0.476667	0.417354	0.413564	0.418009	0.411377	0.416917	0.413556	0.360164	0.351348	0.357983	0.351732	0.359373	0.358956	0.271518	0.281489	0.293795	0	0.283476	0.279372	0.445176	0.450164	0.447682	0.447156	0.463289	0.445519	0.439873	0.444491	0.445697	0.443653	0.442427	0.442008	0.423811	0.426535	0.459798	0.42677	0.424572	0.421256	0.520435	0.525895	0.520641	0.520234	0.523829	0.518663	0.474075	0.481152	0.480407	0.526061	0.474918	0.48086	0.549359	0.545564	0.549077	0.548244	0.545935	0.544816	0.501429	0.496957	0.499664	0.493138	0.500039	0.518285	0.511715	0.517379	0.506276	0.510545	0.529862	0.513977	0.581647	0.57519	0.548573	0.573449	0.550173	0.577678	0.486964	0.482304	0.537647	0.48611	0.486124	0.481791	0.51811	0.519513	0.518647	0.521178	0.523724	0.517655
ERR612600	0.441796	0.437724	0.443947	0.440505	0.441647	0.440403	0.496632	0.497532	0.493878	0.499858	0.504471	0.499364	0.444867	0.427922	0.429413	0.434478	0.442671	0.436523	0.374223	0.363857	0.382416	0.363555	0.384444	0.384232	0.29413	0.274461	0.279493	0.283476	0	0.273325	0.466827	0.471656	0.468101	0.468741	0.480179	0.467194	0.452608	0.45778	0.451325	0.46173	0.46051	0.460515	0.423252	0.439594	0.461037	0.424029	0.423081	0.438207	0.535284	0.538384	0.536106	0.535251	0.538249	0.534953	0.478529	0.499477	0.498176	0.510388	0.479081	0.499797	0.552885	0.549204	0.55009	0.544141	0.54862	0.546556	0.497466	0.496126	0.495753	0.498179	0.495307	0.511203	0.501626	0.505846	0.498289	0.50243	0.515294	0.503116	0.59307	0.582005	0.562655	0.57919	0.564202	0.583877	0.504317	0.485566	0.521596	0.503803	0.503245	0.485201	0.528436	0.53055	0.532396	0.532832	0.5329	0.528067
ERR612599	0.441364	0.438176	0.443773	0.44093	0.441344	0.441256	0.49149	0.492082	0.48872	0.494717	0.499367	0.494255	0.439431	0.423681	0.42527	0.429743	0.437546	0.43188	0.369848	0.359988	0.377742	0.359804	0.379833	0.379331	0.290455	0.272798	0.278822	0.279372	0.273325	0	0.461469	0.466076	0.462851	0.463353	0.475047	0.461686	0.448783	0.453693	0.448062	0.457066	0.456026	0.455873	0.420299	0.435346	0.457242	0.421423	0.420338	0.433583	0.531502	0.534572	0.532118	0.53149	0.53439	0.531039	0.477076	0.496134	0.494903	0.511038	0.477519	0.496328	0.55189	0.54801	0.549399	0.544029	0.547788	0.545822	0.496746	0.494896	0.495001	0.496439	0.494574	0.510118	0.502578	0.506969	0.498969	0.503194	0.517198	0.50395	0.589153	0.578793	0.558782	0.576047	0.560361	0.580665	0.500665	0.483505	0.521955	0.500325	0.499677	0.483337	0.525181	0.527386	0.528874	0.529422	0.529827	0.524981
ERR636774	0.535232	0.547018	0.538281	0.546047	0.53678	0.551832	0.31695	0.320743	0.319387	0.315674	0.314599	0.316026	0.306632	0.316333	0.320223	0.307284	0.306697	0.306822	0.33229	0.341635	0.336226	0.34112	0.335834	0.335987	0.450374	0.464711	0.471134	0.445176	0.466827	0.461469	0	0.236366	0.235702	0.234704	0.240299	0.234343	0.308336	0.305434	0.323662	0.299932	0.300122	0.300361	0.344247	0.309327	0.360897	0.353047	0.348412	0.302638	0.373423	0.377784	0.372393	0.373209	0.373245	0.371554	0.475219	0.455701	0.455198	0.552214	0.476545	0.455588	0.581637	0.575643	0.586125	0.58817	0.579736	0.581554	0.468547	0.456014	0.466707	0.440983	0.469598	0.484448	0.564309	0.574576	0.559811	0.566595	0.592264	0.569373	0.40692	0.412467	0.385342	0.415645	0.385927	0.416436	0.447723	0.474451	0.556747	0.447611	0.448744	0.473773	0.462073	0.461678	0.456492	0.461348	0.465965	0.463176
ERR636771	0.542768	0.553846	0.546348	0.553229	0.544326	0.558233	0.316878	0.319537	0.319178	0.315478	0.312794	0.315949	0.309246	0.31735	0.320194	0.310745	0.309304	0.310151	0.33419	0.344866	0.341596	0.344605	0.340946	0.341051	0.456752	0.469467	0.474684	0.450164	0.471656	0.466076	0.236366	0	0.235275	0.236578	0.237537	0.236672	0.309754	0.305528	0.323205	0.300224	0.30072	0.301056	0.34286	0.307839	0.356096	0.3514	0.346936	0.302453	0.374903	0.378434	0.373931	0.374716	0.373976	0.373256	0.478555	0.458773	0.458245	0.553675	0.479486	0.458817	0.588496	0.582221	0.592773	0.594328	0.586417	0.588213	0.471082	0.458548	0.469377	0.444256	0.472356	0.485229	0.569461	0.580121	0.565262	0.57269	0.598153	0.574611	0.404129	0.410225	0.384855	0.413531	0.38571	0.413931	0.450123	0.476664	0.557698	0.450169	0.451333	0.476497	0.46313	0.462555	0.458076	0.462533	0.466222	0.464119
ERR636770	0.535271	0.54729	0.538344	0.546066	0.536781	0.551464	0.318335	0.322051	0.319434	0.316768	0.31439	0.317192	0.30898	0.316851	0.320378	0.308364	0.308491	0.307898	0.334285	0.342607	0.338174	0.341779	0.337532	0.337903	0.452418	0.465947	0.471804	0.447682	0.468101	0.462851	0.235702	0.235275	0	0.236448	0.237374	0.235915	0.305868	0.303798	0.320903	0.298783	0.299037	0.299321	0.342684	0.308488	0.360131	0.351326	0.346753	0.301646	0.37235	0.376529	0.371421	0.372118	0.372422	0.370647	0.47597	0.458121	0.457638	0.551458	0.477182	0.45784	0.581676	0.575713	0.586221	0.587975	0.579774	0.581972	0.46708	0.454892	0.465326	0.440192	0.46828	0.483611	0.564786	0.574655	0.560374	0.566995	0.591888	0.569775	0.406519	0.410267	0.384093	0.413326	0.385082	0.41423	0.449825	0.474642	0.555576	0.449861	0.450703	0.474119	0.462376	0.462053	0.457483	0.462314	0.466052	0.463233
ERR636772	0.537459	0.549105	0.540712	0.548187	0.539051	0.553889	0.31779	0.321436	0.320235	0.316424	0.315103	0.316846	0.308135	0.317584	0.321152	0.308822	0.308254	0.308608	0.333303	0.343018	0.338375	0.342759	0.337773	0.338025	0.452643	0.466496	0.472596	0.447156	0.468741	0.463353	0.234704	0.236578	0.236448	0	0.240225	0.234721	0.309988	0.30681	0.324585	0.301056	0.301592	0.301897	0.345111	0.309989	0.360637	0.353531	0.349114	0.303776	0.373803	0.37801	0.3729	0.373454	0.37353	0.372073	0.476318	0.456698	0.456149	0.552688	0.477472	0.456637	0.583468	0.577524	0.587913	0.5899	0.581601	0.583299	0.469175	0.456717	0.467438	0.441973	0.470337	0.484644	0.565956	0.576092	0.561452	0.568255	0.593937	0.570939	0.406289	0.411991	0.385344	0.41526	0.385925	0.41583	0.448426	0.475171	0.55715	0.448425	0.449514	0.474692	0.462389	0.461979	0.456834	0.461632	0.466044	0.463498
ERR636769	0.546244	0.554912	0.550042	0.555095	0.547461	0.558423	0.323761	0.327825	0.326876	0.320628	0.315691	0.321489	0.319421	0.318487	0.318484	0.317459	0.318102	0.316954	0.341682	0.352477	0.354619	0.351868	0.354197	0.354389	0.471478	0.478408	0.481186	0.463289	0.480179	0.475047	0.240299	0.237537	0.237374	0.240225	0	0.240358	0.304807	0.300141	0.312921	0.29927	0.299925	0.300547	0.33509	0.305347	0.346137	0.343149	0.339161	0.30328	0.372003	0.372138	0.371031	0.37173	0.369842	0.371673	0.483093	0.468218	0.467343	0.551601	0.483861	0.468612	0.592784	0.586272	0.596233	0.595971	0.590178	0.591914	0.467298	0.455668	0.465713	0.443364	0.468216	0.479324	0.572159	0.582551	0.56889	0.576547	0.600024	0.577183	0.393538	0.396754	0.379461	0.399992	0.379853	0.39985	0.457781	0.479631	0.554593	0.458259	0.459159	0.479583	0.462689	0.462388	0.459087	0.462466	0.464779	0.463625
ERR636773	0.535513	0.547275	0.538685	0.546371	0.537183	0.552086	0.317452	0.321174	0.319813	0.316281	0.315179	0.316602	0.30697	0.316508	0.3203	0.307538	0.307045	0.307093	0.332472	0.341897	0.336832	0.341493	0.336205	0.336431	0.450825	0.464995	0.471303	0.445519	0.467194	0.461686	0.234343	0.236672	0.235915	0.234721	0.240358	0	0.30874	0.305964	0.323875	0.300439	0.300554	0.300832	0.344572	0.309539	0.361065	0.353305	0.348738	0.302929	0.373331	0.377649	0.372228	0.37304	0.373186	0.37148	0.475214	0.455651	0.455068	0.552024	0.476396	0.455534	0.581693	0.575638	0.586181	0.588135	0.579757	0.581466	0.468266	0.455719	0.466351	0.440917	0.469334	0.484056	0.564446	0.574621	0.55994	0.566627	0.592302	0.569547	0.406415	0.412061	0.385004	0.415204	0.385801	0.416076	0.447725	0.474373	0.556433	0.447496	0.448648	0.473636	0.461752	0.461255	0.456174	0.460966	0.465522	0.462765
ERR636926	0.509319	0.518398	0.512431	0.517599	0.510389	0.521438	0.312017	0.317746	0.313334	0.310564	0.308822	0.3111	0.313076	0.30554	0.308631	0.306276	0.310717	0.305826	0.345898	0.349173	0.352113	0.348871	0.351582	0.352214	0.445437	0.451576	0.455662	0.439873	0.452608	0.448783	0.308336	0.309754	0.305868	0.309988	0.304807	0.30874	0	0.245982	0.255047	0.249344	0.249331	0.249366	0.310406	0.287473	0.33691	0.318845	0.314181	0.283457	0.415533	0.417455	0.415426	0.415432	0.416174	0.415513	0.499088	0.486932	0.486334	0.568174	0.500417	0.486271	0.583753	0.578603	0.587592	0.589251	0.582102	0.583835	0.489137	0.479419	0.487431	0.466235	0.490069	0.506194	0.576042	0.584652	0.571243	0.576787	0.600222	0.580129	0.448614	0.445108	0.428999	0.446447	0.430001	0.448417	0.481275	0.500005	0.573537	0.4813	0.481658	0.499098	0.493667	0.493926	0.490159	0.494627	0.497605	0.494426
ERR636927	0.519118	0.52664	0.522814	0.526804	0.520171	0.52988	0.308792	0.313998	0.311558	0.307011	0.304332	0.307402	0.312627	0.304132	0.305598	0.30756	0.31029	0.307522	0.345723	0.351999	0.35654	0.351891	0.356094	0.356451	0.452087	0.45661	0.459827	0.444491	0.45778	0.453693	0.305434	0.305528	0.303798	0.30681	0.300141	0.305964	0.245982	0	0.253452	0.247631	0.248082	0.248426	0.307028	0.283559	0.328139	0.315368	0.310871	0.281804	0.413765	0.41457	0.413482	0.413716	0.413321	0.4141	0.50064	0.487186	0.486453	0.568813	0.501653	0.486849	0.591118	0.585609	0.594625	0.595635	0.589207	0.590535	0.490532	0.480038	0.48889	0.467705	0.491319	0.504823	0.58013	0.58967	0.575925	0.582398	0.606147	0.5847	0.441148	0.439545	0.425202	0.44138	0.425994	0.442509	0.480446	0.500457	0.573794	0.480673	0.481327	0.49998	0.492033	0.492163	0.488499	0.492466	0.495271	0.492704
ERR636925	0.509592	0.512412	0.513833	0.514525	0.50999	0.514192	0.331138	0.337326	0.334319	0.328322	0.323742	0.329097	0.333955	0.310004	0.307239	0.323484	0.330055	0.323539	0.349131	0.354315	0.367833	0.354312	0.36783	0.36825	0.456052	0.451004	0.450101	0.445697	0.451325	0.448062	0.323662	0.323205	0.320903	0.324585	0.312921	0.323875	0.255047	0.253452	0	0.265848	0.266295	0.266864	0.295267	0.287878	0.3165	0.301286	0.297709	0.291809	0.422005	0.419076	0.422399	0.422029	0.42058	0.424139	0.498899	0.494518	0.493409	0.555405	0.499714	0.4946	0.588279	0.582697	0.590218	0.588002	0.585504	0.586388	0.481553	0.473142	0.480028	0.465126	0.482042	0.492997	0.571205	0.579927	0.56821	0.574784	0.595553	0.575287	0.444348	0.436925	0.432929	0.437421	0.433592	0.439235	0.487173	0.49742	0.559892	0.487721	0.488127	0.497305	0.492985	0.493772	0.492365	0.494413	0.494909	0.493505
ERR636930	0.525834	0.536377	0.529223	0.53542	0.527426	0.540503	0.299159	0.30298	0.300823	0.298219	0.296885	0.298376	0.304079	0.306678	0.310889	0.303064	0.303222	0.302243	0.346276	0.352909	0.350811	0.352396	0.349958	0.350668	0.448858	0.460126	0.46575	0.443653	0.46173	0.457066	0.299932	0.300224	0.298783	0.301056	0.29927	0.300439	0.249344	0.247631	0.265848	0	0.242629	0.242295	0.319368	0.287151	0.339955	0.328487	0.323719	0.281468	0.414647	0.418473	0.413911	0.414607	0.415178	0.413714	0.503536	0.484963	0.484326	0.577897	0.50462	0.484153	0.594834	0.589475	0.599342	0.60247	0.593532	0.595271	0.499107	0.487984	0.497371	0.472971	0.500155	0.515536	0.587	0.596636	0.581925	0.5882	0.613465	0.591559	0.44586	0.447928	0.425893	0.450652	0.426771	0.451526	0.479126	0.504336	0.583474	0.478926	0.479668	0.503744	0.495596	0.495298	0.490491	0.495747	0.499603	0.496354
ERR636928	0.524761	0.535604	0.5279	0.534521	0.526322	0.539844	0.298958	0.302994	0.300593	0.298125	0.297126	0.298446	0.303579	0.30688	0.311483	0.302299	0.302525	0.301633	0.346251	0.352308	0.34967	0.351697	0.34876	0.349376	0.447075	0.459055	0.46505	0.442427	0.46051	0.456026	0.300122	0.30072	0.299037	0.301592	0.299925	0.300554	0.249331	0.248082	0.266295	0.242629	0	0.242365	0.320347	0.287965	0.341648	0.329408	0.324698	0.281555	0.415023	0.419274	0.414308	0.414933	0.415782	0.414034	0.503334	0.484592	0.484033	0.578224	0.504347	0.483793	0.594235	0.589013	0.598966	0.602085	0.593024	0.594818	0.499346	0.488099	0.497555	0.472977	0.500312	0.516214	0.586676	0.596259	0.581558	0.587619	0.612933	0.591263	0.447273	0.449231	0.426591	0.45196	0.427629	0.452901	0.479002	0.504454	0.583747	0.478862	0.479583	0.503703	0.495999	0.495687	0.490886	0.496239	0.499952	0.496655
ERR636929	0.524064	0.535115	0.527259	0.533884	0.525669	0.539288	0.298849	0.302906	0.300376	0.2981	0.29745	0.29837	0.303095	0.30715	0.312062	0.30237	0.302357	0.301557	0.3463	0.352181	0.349443	0.351724	0.348404	0.34903	0.446787	0.458985	0.46501	0.442008	0.460515	0.455873	0.300361	0.301056	0.299321	0.301897	0.300547	0.300832	0.249366	0.248426	0.266864	0.242295	0.242365	0	0.321041	0.28823	0.34253	0.330191	0.325449	0.28182	0.415446	0.4198	0.414679	0.415398	0.416328	0.414397	0.503555	0.484582	0.484125	0.57872	0.50465	0.483809	0.593764	0.588522	0.598478	0.601787	0.592605	0.594377	0.499913	0.488591	0.498191	0.47334	0.500971	0.516754	0.586666	0.596276	0.581512	0.587648	0.612891	0.591187	0.448056	0.450249	0.427258	0.452963	0.428315	0.453865	0.479063	0.50459	0.584272	0.478951	0.479608	0.504035	0.496288	0.495988	0.491196	0.496564	0.500436	0.497014
ERR622146	0.504508	0.50059	0.510096	0.505784	0.504942	0.50102	0.35111	0.354728	0.35393	0.348701	0.344632	0.3492	0.350315	0.316641	0.309289	0.338582	0.346156	0.339515	0.340453	0.347138	0.371076	0.347156	0.372056	0.372086	0.440007	0.423142	0.417603	0.423811	0.423252	0.420299	0.344247	0.34286	0.342684	0.345111	0.33509	0.344572	0.310406	0.307028	0.295267	0.319368	0.320347	0.321041	0	0.275083	0.280226	0.263459	0.262161	0.285653	0.435474	0.430335	0.436138	0.435726	0.432993	0.438665	0.482863	0.488609	0.487212	0.523396	0.482883	0.489864	0.588042	0.581556	0.587285	0.580613	0.583858	0.583171	0.4674	0.461526	0.466021	0.460904	0.466927	0.471241	0.547933	0.556924	0.547148	0.555098	0.572415	0.551997	0.454307	0.445349	0.446865	0.444627	0.44705	0.446062	0.48073	0.478679	0.526626	0.481539	0.482309	0.479513	0.487381	0.488297	0.490193	0.48925	0.487326	0.487652
ERR622144	0.517542	0.523018	0.521917	0.524716	0.518535	0.526119	0.311709	0.31373	0.313508	0.310011	0.307397	0.310647	0.312869	0.298701	0.297146	0.307049	0.31072	0.307202	0.331163	0.340071	0.349216	0.339928	0.349269	0.349348	0.4374	0.43878	0.439614	0.426535	0.439594	0.435346	0.309327	0.307839	0.308488	0.309989	0.305347	0.309539	0.287473	0.283559	0.287878	0.287151	0.287965	0.28823	0.275083	0	0.291773	0.282115	0.277975	0.254217	0.414112	0.413283	0.41391	0.414207	0.412512	0.415172	0.484307	0.473764	0.473021	0.54768	0.484571	0.474262	0.588534	0.582324	0.591215	0.590139	0.585752	0.586583	0.477776	0.467701	0.476282	0.458366	0.478482	0.488504	0.564776	0.574617	0.561551	0.569106	0.592168	0.569448	0.43923	0.43759	0.426095	0.439235	0.426489	0.439708	0.466226	0.48245	0.551806	0.466556	0.467917	0.482401	0.480457	0.480701	0.478479	0.480924	0.482402	0.480961
ERR622143	0.550768	0.544436	0.557322	0.551414	0.551026	0.544894	0.367466	0.368851	0.371942	0.363226	0.356486	0.364294	0.375292	0.340095	0.328382	0.367243	0.371325	0.367553	0.364788	0.379227	0.405018	0.379169	0.405932	0.405555	0.479517	0.460962	0.451663	0.459798	0.461037	0.457242	0.360897	0.356096	0.360131	0.360637	0.346137	0.361065	0.33691	0.328139	0.3165	0.339955	0.341648	0.34253	0.280226	0.291773	0	0.279621	0.279773	0.308999	0.44879	0.439995	0.449075	0.448899	0.443334	0.452612	0.50534	0.507993	0.506463	0.538641	0.504135	0.510371	0.624236	0.616878	0.62349	0.615699	0.619574	0.618538	0.487485	0.480725	0.486709	0.483022	0.486892	0.481	0.576704	0.587484	0.577234	0.587604	0.605017	0.581542	0.445647	0.441427	0.452747	0.442106	0.451882	0.440411	0.496851	0.49667	0.53916	0.498208	0.49985	0.498961	0.499331	0.499819	0.5026	0.499766	0.496153	0.499365
