	ERR626870	ERR626867	ERR626868	ERR626872	ERR626869	ERR626871	ERR618548	ERR618543	ERR618545	ERR618544	ERR618546	ERR618547	ERR636894	ERR636891	ERR636890	ERR636893	ERR636889	ERR636892	ERR626884	ERR626883	ERR626881	ERR626880	ERR626882	ERR626879	ERR613232	ERR613231	ERR613229	ERR613228	ERR613230	ERR613227	ERR608647	ERR608650	ERR608652	ERR608651	ERR608648	ERR608649	ERR622084	ERR622088	ERR622086	ERR622087	ERR622085	ERR622083	ERR606035	ERR606030	ERR606033	ERR606034	ERR606031	ERR606032	ERR613798	ERR613799	ERR613795	ERR613797	ERR613796	ERR613794	ERR607446	ERR607445	ERR607448	ERR607447	ERR607449	ERR607450	ERR621958	ERR621957	ERR621955	ERR621960	ERR621956	ERR621959	ERR612610	ERR612607	ERR612608	ERR612612	ERR612611	ERR612609	ERR617200	ERR617202	ERR617198	ERR617201	ERR617199	ERR617197	ERR626644	ERR626648	ERR626647	ERR626649	ERR626646	ERR626645	ERR613475	ERR613474	ERR613473	ERR613477	ERR613478	ERR613476	ERR617314	ERR617316	ERR617317	ERR617315	ERR617318	ERR617313
ERR626870	5.57868e+09	6.61174e+09	6.23146e+09	6.56691e+09	6.26029e+09	5.34394e+09	5.8173e+09	5.54301e+09	5.4201e+09	5.40693e+09	5.84268e+09	5.844e+09	5.86321e+09	6.3707e+09	6.44962e+09	5.84637e+09	6.10414e+09	5.91015e+09	6.58613e+09	5.47195e+09	6.34074e+09	6.29459e+09	5.53129e+09	6.68954e+09	4.75667e+09	4.76542e+09	5.74903e+09	5.97318e+09	4.58555e+09	6.23343e+09	5.48952e+09	6.44832e+09	6.26494e+09	6.42379e+09	6.22778e+09	6.5472e+09	5.7121e+09	6.1875e+09	6.21372e+09	6.22945e+09	5.7115e+09	5.82695e+09	5.61742e+09	5.49889e+09	5.72671e+09	5.72127e+09	6.66124e+09	6.72844e+09	5.99545e+09	5.9958e+09	6.05422e+09	5.98153e+09	5.3289e+09	6.32693e+09	4.9906e+09	4.87932e+09	5.82754e+09	4.89714e+09	5.80622e+09	5.81113e+09	5.55341e+09	5.05462e+09	5.40803e+09	5.59046e+09	5.07005e+09	5.51619e+09	5.45184e+09	6.14712e+09	5.13546e+09	5.41034e+09	5.46281e+09	5.91885e+09	5.28388e+09	5.11838e+09	5.97371e+09	5.43957e+09	6.01672e+09	5.75016e+09	5.99397e+09	5.4327e+09	5.37422e+09	5.41002e+09	4.98908e+09	5.61801e+09	6.08716e+09	6.09296e+09	6.10754e+09	5.15914e+09	5.12763e+09	5.14636e+09	4.07864e+09	4.5931e+09	4.57184e+09	4.11381e+09	4.5918e+09	4.02466e+09
ERR626867	6.61174e+09	8.58522e+09	7.79068e+09	8.261e+09	7.82911e+09	6.54677e+09	7.17801e+09	6.79915e+09	6.6325e+09	6.61462e+09	7.21102e+09	7.21516e+09	7.34074e+09	8.0311e+09	8.13318e+09	7.31836e+09	7.66178e+09	7.40435e+09	8.28846e+09	6.71919e+09	7.94154e+09	7.87903e+09	6.80008e+09	8.43757e+09	5.79846e+09	5.81146e+09	7.13637e+09	7.44606e+09	5.57773e+09	7.8027e+09	6.82881e+09	8.12424e+09	7.87423e+09	8.09119e+09	7.82467e+09	8.26571e+09	7.05499e+09	7.71803e+09	7.7521e+09	7.77507e+09	7.05408e+09	7.21167e+09	6.96499e+09	6.83529e+09	7.11324e+09	7.10793e+09	8.41949e+09	8.51222e+09	7.51708e+09	7.51727e+09	7.60339e+09	7.49762e+09	6.62027e+09	7.98092e+09	6.12112e+09	5.97534e+09	7.24998e+09	5.99269e+09	7.21993e+09	7.22695e+09	6.89518e+09	6.22272e+09	6.69971e+09	6.95022e+09	6.24395e+09	6.84629e+09	6.7672e+09	7.72208e+09	6.34622e+09	6.7107e+09	6.78603e+09	7.41657e+09	6.51965e+09	6.3194e+09	7.45864e+09	6.72835e+09	7.51484e+09	7.15761e+09	7.52406e+09	6.74857e+09	6.66803e+09	6.71897e+09	6.16483e+09	7.00732e+09	7.65277e+09	7.66092e+09	7.68365e+09	6.37041e+09	6.32781e+09	6.35316e+09	4.95467e+09	5.61744e+09	5.58801e+09	5.00013e+09	5.6152e+09	4.89505e+09
ERR626868	6.23146e+09	7.79068e+09	7.54219e+09	7.7316e+09	7.34311e+09	6.17192e+09	6.73261e+09	6.38608e+09	6.23431e+09	6.2179e+09	6.76207e+09	6.76641e+09	6.90025e+09	7.52457e+09	7.61516e+09	6.87945e+09	7.19116e+09	6.95804e+09	7.75301e+09	6.32792e+09	7.44141e+09	7.38569e+09	6.40137e+09	7.88559e+09	5.478e+09	5.4906e+09	6.70502e+09	6.98686e+09	5.27421e+09	7.30767e+09	6.43487e+09	7.60505e+09	7.38155e+09	7.57567e+09	7.33645e+09	7.73263e+09	6.62921e+09	7.23026e+09	7.26169e+09	7.28195e+09	6.62815e+09	6.77119e+09	6.55374e+09	6.43724e+09	6.6886e+09	6.68406e+09	7.86883e+09	7.95274e+09	7.04868e+09	7.04942e+09	7.12817e+09	7.03192e+09	6.23477e+09	7.46862e+09	5.77967e+09	5.64529e+09	6.81612e+09	5.66151e+09	6.78782e+09	6.79414e+09	6.48109e+09	5.86463e+09	6.30121e+09	6.53023e+09	5.88397e+09	6.43699e+09	6.36303e+09	7.2324e+09	5.97668e+09	6.31115e+09	6.3802e+09	6.95685e+09	6.1216e+09	5.94311e+09	6.97958e+09	6.31339e+09	7.03004e+09	6.70724e+09	7.05677e+09	6.35237e+09	6.27864e+09	6.32479e+09	5.81773e+09	6.58904e+09	7.17234e+09	7.17983e+09	7.19997e+09	6.0004e+09	5.96102e+09	5.98462e+09	4.66834e+09	5.2818e+09	5.2544e+09	4.71087e+09	5.27914e+09	4.61454e+09
ERR626872	6.56691e+09	8.261e+09	7.7316e+09	8.45419e+09	7.7702e+09	6.50219e+09	7.13051e+09	6.75397e+09	6.58915e+09	6.57136e+09	7.16319e+09	7.16767e+09	7.28729e+09	7.97064e+09	8.07187e+09	7.26493e+09	7.60586e+09	7.35081e+09	8.22717e+09	6.67415e+09	7.88382e+09	7.82023e+09	6.75355e+09	8.37021e+09	5.76003e+09	5.77355e+09	7.08295e+09	7.38881e+09	5.54219e+09	7.74193e+09	6.78187e+09	8.0613e+09	7.8147e+09	8.02873e+09	7.76533e+09	8.20035e+09	7.00213e+09	7.65919e+09	7.69288e+09	7.71576e+09	7.0016e+09	7.15778e+09	6.91223e+09	6.78594e+09	7.05932e+09	7.05372e+09	8.35005e+09	8.44306e+09	7.4564e+09	7.45674e+09	7.54167e+09	7.43713e+09	6.57017e+09	7.91384e+09	6.0816e+09	5.93732e+09	7.1993e+09	5.95371e+09	7.16933e+09	7.17658e+09	6.84348e+09	6.17783e+09	6.64733e+09	6.89713e+09	6.1975e+09	6.79417e+09	6.71439e+09	7.65924e+09	6.29709e+09	6.65832e+09	6.73335e+09	7.35648e+09	6.4725e+09	6.27503e+09	7.40179e+09	6.67954e+09	7.45637e+09	7.10384e+09	7.46348e+09	6.69764e+09	6.6176e+09	6.66824e+09	6.1201e+09	6.95315e+09	7.58953e+09	7.59743e+09	7.61977e+09	6.32155e+09	6.27907e+09	6.30454e+09	4.92164e+09	5.5784e+09	5.5495e+09	4.96651e+09	5.57656e+09	4.86264e+09
ERR626869	6.26029e+09	7.82911e+09	7.34311e+09	7.7702e+09	7.61355e+09	6.2e+09	6.77613e+09	6.42699e+09	6.27351e+09	6.25731e+09	6.80635e+09	6.81026e+09	6.92607e+09	7.55805e+09	7.65081e+09	6.9056e+09	7.22154e+09	6.9846e+09	7.79443e+09	6.35952e+09	7.47976e+09	7.4214e+09	6.43389e+09	7.92624e+09	5.50338e+09	5.51557e+09	6.73844e+09	7.02132e+09	5.29811e+09	7.34704e+09	6.45812e+09	7.64187e+09	7.41495e+09	7.61159e+09	7.36995e+09	7.76986e+09	6.6652e+09	7.27105e+09	7.30315e+09	7.32373e+09	6.66429e+09	6.80866e+09	6.5821e+09	6.46183e+09	6.71856e+09	6.7136e+09	7.90788e+09	7.9926e+09	7.08242e+09	7.08242e+09	7.16126e+09	7.06491e+09	6.25936e+09	7.50465e+09	5.80362e+09	5.66839e+09	6.84717e+09	5.68476e+09	6.81935e+09	6.82633e+09	6.51249e+09	5.89253e+09	6.33084e+09	6.56236e+09	5.9104e+09	6.46744e+09	6.39227e+09	7.26813e+09	6.00217e+09	6.34001e+09	6.40963e+09	6.989e+09	6.15755e+09	5.97468e+09	7.0225e+09	6.35111e+09	7.07351e+09	6.74663e+09	7.08828e+09	6.37822e+09	6.30435e+09	6.35079e+09	5.83832e+09	6.61585e+09	7.20368e+09	7.21125e+09	7.23171e+09	6.02656e+09	5.98724e+09	6.01071e+09	4.69619e+09	5.31465e+09	5.28708e+09	4.73877e+09	5.31192e+09	4.64059e+09
ERR626871	5.34394e+09	6.54677e+09	6.17192e+09	6.50219e+09	6.2e+09	5.47883e+09	5.76173e+09	5.49056e+09	5.36952e+09	5.35669e+09	5.7862e+09	5.78766e+09	5.81191e+09	6.31186e+09	6.38978e+09	5.79577e+09	6.04959e+09	5.85824e+09	6.52077e+09	5.42011e+09	6.27869e+09	6.23329e+09	5.47966e+09	6.62279e+09	4.7174e+09	4.72555e+09	5.69743e+09	5.91793e+09	4.54832e+09	6.175e+09	5.44327e+09	6.38802e+09	6.2075e+09	6.36398e+09	6.17076e+09	6.48528e+09	5.6594e+09	6.12829e+09	6.15354e+09	6.16924e+09	5.65848e+09	5.7727e+09	5.56654e+09	5.45036e+09	5.67445e+09	5.66875e+09	6.59711e+09	6.6631e+09	5.94008e+09	5.94081e+09	5.99841e+09	5.92697e+09	5.28301e+09	6.26733e+09	4.94986e+09	4.83968e+09	5.77497e+09	4.85708e+09	5.75408e+09	5.75885e+09	5.50417e+09	5.01225e+09	5.36116e+09	5.54094e+09	5.02765e+09	5.46766e+09	5.40288e+09	6.08942e+09	5.09072e+09	5.36189e+09	5.4148e+09	5.86418e+09	5.23508e+09	5.07301e+09	5.91651e+09	5.38954e+09	5.95913e+09	5.69665e+09	5.93881e+09	5.38567e+09	5.32766e+09	5.36321e+09	4.94739e+09	5.56852e+09	6.03073e+09	6.03693e+09	6.0516e+09	5.11565e+09	5.08383e+09	5.10236e+09	4.04293e+09	4.55162e+09	4.53076e+09	4.07751e+09	4.55037e+09	3.99028e+09
ERR618548	5.8173e+09	7.17801e+09	6.73261e+09	7.13051e+09	6.77613e+09	5.76173e+09	7.11969e+09	6.54858e+09	6.38462e+09	6.37332e+09	6.92275e+09	6.91828e+09	6.19079e+09	6.82943e+09	6.94056e+09	6.17242e+09	6.49972e+09	6.24839e+09	7.23319e+09	5.96566e+09	6.94308e+09	6.88081e+09	6.03839e+09	7.34996e+09	5.17195e+09	5.17932e+09	6.30713e+09	6.56767e+09	4.97051e+09	6.88863e+09	5.8288e+09	7.00822e+09	6.76948e+09	6.9732e+09	6.72362e+09	7.12123e+09	6.53313e+09	7.11427e+09	7.15197e+09	7.16764e+09	6.53321e+09	6.68455e+09	6.10162e+09	5.90547e+09	6.22582e+09	6.21944e+09	7.32891e+09	7.4178e+09	6.48291e+09	6.48724e+09	6.53945e+09	6.47056e+09	5.69883e+09	6.86856e+09	5.37696e+09	5.2497e+09	6.33e+09	5.27471e+09	6.30949e+09	6.31059e+09	6.03065e+09	5.46748e+09	5.86299e+09	6.06696e+09	5.48263e+09	5.98463e+09	5.91754e+09	6.71312e+09	5.55005e+09	5.87193e+09	5.92511e+09	6.42658e+09	5.91102e+09	5.67309e+09	6.71266e+09	6.08984e+09	6.77271e+09	6.43179e+09	6.47205e+09	5.83864e+09	5.77208e+09	5.8096e+09	5.31621e+09	6.03428e+09	6.60531e+09	6.61194e+09	6.62854e+09	5.58317e+09	5.54693e+09	5.56797e+09	4.61388e+09	5.21389e+09	5.19379e+09	4.65179e+09	5.21882e+09	4.52778e+09
ERR618543	5.54301e+09	6.79915e+09	6.38608e+09	6.75397e+09	6.42699e+09	5.49056e+09	6.54858e+09	6.46786e+09	6.09789e+09	6.08727e+09	6.58504e+09	6.58012e+09	5.86825e+09	6.46435e+09	6.57241e+09	5.85122e+09	6.15926e+09	5.92195e+09	6.84873e+09	5.68218e+09	6.58134e+09	6.52318e+09	5.74981e+09	6.95778e+09	4.93388e+09	4.93973e+09	5.99321e+09	6.23579e+09	4.74358e+09	6.53703e+09	5.53131e+09	6.64053e+09	6.41464e+09	6.60773e+09	6.37348e+09	6.74397e+09	6.22761e+09	6.75815e+09	6.79387e+09	6.80811e+09	6.22719e+09	6.36854e+09	5.79766e+09	5.60421e+09	5.91473e+09	5.90699e+09	6.93654e+09	7.01989e+09	6.15232e+09	6.15686e+09	6.20287e+09	6.1414e+09	5.41442e+09	6.50982e+09	5.12005e+09	5.00025e+09	6.01068e+09	5.02672e+09	5.9905e+09	5.9925e+09	5.73639e+09	5.20959e+09	5.58019e+09	5.76889e+09	5.22432e+09	5.6933e+09	5.62688e+09	6.36864e+09	5.28265e+09	5.58418e+09	5.6332e+09	6.09689e+09	5.63387e+09	5.39707e+09	6.3787e+09	5.79953e+09	6.4344e+09	6.11473e+09	6.14001e+09	5.55142e+09	5.48935e+09	5.52408e+09	5.05609e+09	5.73159e+09	6.26189e+09	6.26836e+09	6.28262e+09	5.31602e+09	5.28234e+09	5.30192e+09	4.41563e+09	4.98247e+09	4.96409e+09	4.45058e+09	4.9875e+09	4.33009e+09
ERR618545	5.4201e+09	6.6325e+09	6.23431e+09	6.58915e+09	6.27351e+09	5.36952e+09	6.38462e+09	6.09789e+09	6.1608e+09	5.94136e+09	6.41944e+09	6.41554e+09	5.73466e+09	6.31074e+09	6.41444e+09	5.71794e+09	6.01591e+09	5.78639e+09	6.67958e+09	5.55485e+09	6.42197e+09	6.3667e+09	5.61951e+09	6.78487e+09	4.83117e+09	4.83748e+09	5.85679e+09	6.09078e+09	4.64708e+09	6.38087e+09	5.4082e+09	6.47854e+09	6.26194e+09	6.44784e+09	6.22149e+09	6.57841e+09	6.07559e+09	6.58681e+09	6.62042e+09	6.63513e+09	6.07569e+09	6.21103e+09	5.66651e+09	5.48002e+09	5.77954e+09	5.77208e+09	6.76492e+09	6.84503e+09	6.00507e+09	6.00875e+09	6.05386e+09	5.99405e+09	5.29255e+09	6.3501e+09	5.01132e+09	4.89456e+09	5.87158e+09	4.92035e+09	5.85282e+09	5.85467e+09	5.60188e+09	5.0931e+09	5.45155e+09	5.6336e+09	5.10672e+09	5.56077e+09	5.49662e+09	6.21289e+09	5.16368e+09	5.45537e+09	5.50274e+09	5.95088e+09	5.50301e+09	5.27594e+09	6.22231e+09	5.66414e+09	6.27625e+09	5.96866e+09	5.99359e+09	5.42481e+09	5.36443e+09	5.39842e+09	4.9459e+09	5.59925e+09	6.11241e+09	6.11822e+09	6.13171e+09	5.19718e+09	5.16409e+09	5.18307e+09	4.31972e+09	4.87033e+09	4.85241e+09	4.35443e+09	4.87458e+09	4.23742e+09
ERR618544	5.40693e+09	6.61462e+09	6.2179e+09	6.57136e+09	6.25731e+09	5.35669e+09	6.37332e+09	6.08727e+09	5.94136e+09	6.14117e+09	6.40788e+09	6.4042e+09	5.71946e+09	6.29369e+09	6.39754e+09	5.70279e+09	6.0002e+09	5.77126e+09	6.6618e+09	5.54158e+09	6.40577e+09	6.35037e+09	5.60631e+09	6.76678e+09	4.82015e+09	4.82663e+09	5.84205e+09	6.07549e+09	4.63654e+09	6.36475e+09	5.39443e+09	6.46264e+09	6.24566e+09	6.43146e+09	6.20595e+09	6.56188e+09	6.06538e+09	6.57438e+09	6.60776e+09	6.62231e+09	6.06579e+09	6.20052e+09	5.65265e+09	5.46607e+09	5.76551e+09	5.75804e+09	6.74723e+09	6.82663e+09	5.98922e+09	5.9933e+09	6.03764e+09	5.978e+09	5.278e+09	6.33315e+09	5.00006e+09	4.88443e+09	5.8581e+09	4.90952e+09	5.83949e+09	5.84052e+09	5.59019e+09	5.08282e+09	5.44008e+09	5.62153e+09	5.09678e+09	5.54901e+09	5.48444e+09	6.19831e+09	5.1527e+09	5.44398e+09	5.49058e+09	5.93645e+09	5.49051e+09	5.26298e+09	6.20754e+09	5.65085e+09	6.26128e+09	5.95434e+09	5.97775e+09	5.41106e+09	5.35123e+09	5.38452e+09	4.93303e+09	5.58449e+09	6.09657e+09	6.10259e+09	6.11591e+09	5.18563e+09	5.15258e+09	5.17139e+09	4.31202e+09	4.86079e+09	4.84314e+09	4.34594e+09	4.86483e+09	4.22882e+09
ERR618546	5.84268e+09	7.21102e+09	6.76207e+09	7.16319e+09	6.80635e+09	5.7862e+09	6.92275e+09	6.58504e+09	6.41944e+09	6.40788e+09	7.20066e+09	6.95804e+09	6.21498e+09	6.85834e+09	6.97132e+09	6.19641e+09	6.52642e+09	6.27291e+09	7.26731e+09	5.99275e+09	6.97528e+09	6.91232e+09	6.06538e+09	7.38518e+09	5.19363e+09	5.20061e+09	6.33536e+09	6.59823e+09	4.99087e+09	6.92251e+09	5.85063e+09	7.04039e+09	6.79935e+09	7.00451e+09	6.75291e+09	7.15418e+09	6.56694e+09	7.1523e+09	7.19015e+09	7.20618e+09	6.56704e+09	6.71982e+09	6.12732e+09	5.92866e+09	6.25283e+09	6.24653e+09	7.36348e+09	7.45293e+09	6.51053e+09	6.51517e+09	6.56656e+09	6.49794e+09	5.71992e+09	6.89814e+09	5.39773e+09	5.26983e+09	6.35669e+09	5.29483e+09	6.33535e+09	6.33723e+09	6.05655e+09	5.48985e+09	5.88797e+09	6.09296e+09	5.50509e+09	6.01089e+09	5.94318e+09	6.74381e+09	5.57397e+09	5.89684e+09	5.95172e+09	6.45458e+09	5.93797e+09	5.69676e+09	6.74497e+09	6.11802e+09	6.80586e+09	6.46181e+09	6.49846e+09	5.86169e+09	5.79425e+09	5.83258e+09	5.33526e+09	6.05809e+09	6.63322e+09	6.6396e+09	6.65555e+09	5.60581e+09	5.56877e+09	5.58956e+09	4.63469e+09	5.23903e+09	5.21853e+09	4.67296e+09	5.24343e+09	4.54759e+09
ERR618547	5.844e+09	7.21516e+09	6.76641e+09	7.16767e+09	6.81026e+09	5.78766e+09	6.91828e+09	6.58012e+09	6.41554e+09	6.4042e+09	6.95804e+09	7.19202e+09	6.22047e+09	6.86341e+09	6.9753e+09	6.20215e+09	6.53131e+09	6.27857e+09	7.27048e+09	5.99398e+09	6.97825e+09	6.91645e+09	6.06689e+09	7.38876e+09	5.19635e+09	5.20339e+09	6.33827e+09	6.60123e+09	4.99325e+09	6.92429e+09	5.85717e+09	7.04343e+09	6.80369e+09	7.00826e+09	6.75698e+09	7.15683e+09	6.5641e+09	7.14965e+09	7.18725e+09	7.20361e+09	6.56491e+09	6.71657e+09	6.13182e+09	5.93497e+09	6.25639e+09	6.25089e+09	7.36782e+09	7.45717e+09	6.516e+09	6.52052e+09	6.5726e+09	6.50346e+09	5.72662e+09	6.90414e+09	5.40176e+09	5.27392e+09	6.36151e+09	5.299e+09	6.34035e+09	6.342e+09	6.06072e+09	5.49379e+09	5.89212e+09	6.09746e+09	5.50881e+09	6.01521e+09	5.94679e+09	6.74806e+09	5.57742e+09	5.90034e+09	5.9552e+09	6.45962e+09	5.93981e+09	5.70209e+09	6.74866e+09	6.12027e+09	6.80808e+09	6.46633e+09	6.50485e+09	5.86731e+09	5.79963e+09	5.8379e+09	5.34155e+09	6.06437e+09	6.63998e+09	6.64604e+09	6.66287e+09	5.61023e+09	5.57254e+09	5.59442e+09	4.63484e+09	5.23856e+09	5.21797e+09	4.67309e+09	5.24305e+09	4.5492e+09
ERR636894	5.86321e+09	7.34074e+09	6.90025e+09	7.28729e+09	6.92607e+09	5.81191e+09	6.19079e+09	5.86825e+09	5.73466e+09	5.71946e+09	6.21498e+09	6.22047e+09	7.16192e+09	7.50634e+09	7.57307e+09	6.94928e+09	7.21615e+09	7.02214e+09	7.30413e+09	5.94051e+09	7.01383e+09	6.964e+09	6.00568e+09	7.42555e+09	5.27103e+09	5.28487e+09	6.4258e+09	6.6919e+09	5.08653e+09	6.9812e+09	6.3746e+09	7.41902e+09	7.22895e+09	7.39378e+09	7.19125e+09	7.53486e+09	6.2976e+09	6.8645e+09	6.89144e+09	6.91069e+09	6.29338e+09	6.4233e+09	6.35691e+09	6.3218e+09	6.49003e+09	6.48166e+09	7.59942e+09	7.67055e+09	6.85731e+09	6.85466e+09	6.94416e+09	6.83785e+09	6.09886e+09	7.25842e+09	5.62507e+09	5.49909e+09	6.61503e+09	5.50543e+09	6.58399e+09	6.5955e+09	6.23745e+09	5.64959e+09	6.06484e+09	6.29272e+09	5.66692e+09	6.19829e+09	6.13577e+09	6.96683e+09	5.77287e+09	6.08469e+09	6.156e+09	6.72414e+09	5.71163e+09	5.5852e+09	6.51177e+09	5.88949e+09	6.5496e+09	6.26768e+09	6.90405e+09	6.21631e+09	6.14679e+09	6.19289e+09	5.72194e+09	6.45749e+09	6.93751e+09	6.94649e+09	6.96594e+09	5.78662e+09	5.74788e+09	5.77311e+09	4.30126e+09	4.85925e+09	4.83159e+09	4.34141e+09	4.85215e+09	4.26677e+09
ERR636891	6.3707e+09	8.0311e+09	7.52457e+09	7.97064e+09	7.55805e+09	6.31186e+09	6.82943e+09	6.46435e+09	6.31074e+09	6.29369e+09	6.85834e+09	6.86341e+09	7.50634e+09	8.39937e+09	8.24613e+09	7.48333e+09	7.80991e+09	7.56952e+09	8.00685e+09	6.47202e+09	7.67272e+09	7.61541e+09	6.547e+09	8.14565e+09	5.71281e+09	5.72805e+09	7.01382e+09	7.31621e+09	5.50433e+09	7.65202e+09	6.84964e+09	8.07207e+09	7.84437e+09	8.04171e+09	7.79848e+09	8.21016e+09	6.86016e+09	7.50498e+09	7.53696e+09	7.55988e+09	6.85751e+09	7.00567e+09	6.88192e+09	6.81667e+09	7.03135e+09	7.02196e+09	8.30652e+09	8.39219e+09	7.43398e+09	7.43256e+09	7.52984e+09	7.41294e+09	6.57133e+09	7.89541e+09	6.07538e+09	5.93366e+09	7.1866e+09	5.94296e+09	7.15181e+09	7.1635e+09	6.76452e+09	6.10809e+09	6.5699e+09	6.82408e+09	6.12696e+09	6.71962e+09	6.64957e+09	7.58937e+09	6.24297e+09	6.59338e+09	6.67182e+09	7.30535e+09	6.28542e+09	6.12813e+09	7.19279e+09	6.48602e+09	7.23956e+09	6.91053e+09	7.47397e+09	6.69831e+09	6.61949e+09	6.66947e+09	6.13968e+09	6.96401e+09	7.54489e+09	7.55457e+09	7.57599e+09	6.2597e+09	6.21687e+09	6.24458e+09	4.73849e+09	5.36755e+09	5.33779e+09	4.78358e+09	5.36188e+09	4.69436e+09
ERR636890	6.44962e+09	8.13318e+09	7.61516e+09	8.07187e+09	7.65081e+09	6.38978e+09	6.94056e+09	6.57241e+09	6.41444e+09	6.39754e+09	6.97132e+09	6.9753e+09	7.57307e+09	8.24613e+09	8.5794e+09	7.55061e+09	7.88699e+09	7.63805e+09	8.1107e+09	6.55426e+09	7.77009e+09	7.70993e+09	6.63114e+09	8.25279e+09	5.77045e+09	5.7849e+09	7.09357e+09	7.40229e+09	5.55701e+09	7.74924e+09	6.90749e+09	8.16782e+09	7.929e+09	8.13525e+09	7.88308e+09	8.30671e+09	6.96006e+09	7.61498e+09	7.64848e+09	7.6706e+09	6.95751e+09	7.11055e+09	6.9545e+09	6.87664e+09	7.10762e+09	7.09641e+09	8.40691e+09	8.49561e+09	7.51713e+09	7.5148e+09	7.61145e+09	7.49556e+09	6.63088e+09	7.98627e+09	6.1334e+09	5.98845e+09	7.26355e+09	6.0006e+09	7.22952e+09	7.2407e+09	6.84268e+09	6.17476e+09	6.64484e+09	6.90225e+09	6.19379e+09	6.7957e+09	6.72257e+09	7.67979e+09	6.30923e+09	6.66608e+09	6.74458e+09	7.38475e+09	6.3686e+09	6.19287e+09	7.29156e+09	6.57277e+09	7.34043e+09	6.99917e+09	7.5535e+09	6.76634e+09	6.68639e+09	6.73736e+09	6.1927e+09	7.0344e+09	7.62557e+09	7.63554e+09	7.65692e+09	6.32638e+09	6.2833e+09	6.31141e+09	4.8035e+09	5.44392e+09	5.41381e+09	4.84799e+09	5.43897e+09	4.75298e+09
ERR636893	5.84637e+09	7.31836e+09	6.87945e+09	7.26493e+09	6.9056e+09	5.79577e+09	6.17242e+09	5.85122e+09	5.71794e+09	5.70279e+09	6.19641e+09	6.20215e+09	6.94928e+09	7.48333e+09	7.55061e+09	7.12233e+09	7.19542e+09	7.00195e+09	7.28182e+09	5.92346e+09	6.99261e+09	6.94265e+09	5.98827e+09	7.40291e+09	5.255e+09	5.26875e+09	6.40503e+09	6.66963e+09	5.07167e+09	6.95814e+09	6.35801e+09	7.39733e+09	7.20826e+09	7.3723e+09	7.17065e+09	7.51229e+09	6.28052e+09	6.84493e+09	6.87199e+09	6.89159e+09	6.27634e+09	6.40558e+09	6.33901e+09	6.30399e+09	6.47118e+09	6.46281e+09	7.57638e+09	7.64739e+09	6.83752e+09	6.83491e+09	6.92428e+09	6.81837e+09	6.08201e+09	7.23679e+09	5.6087e+09	5.48333e+09	6.59516e+09	5.49002e+09	6.56385e+09	6.57584e+09	6.2192e+09	5.63361e+09	6.04701e+09	6.27504e+09	5.65074e+09	6.18066e+09	6.11796e+09	6.94664e+09	5.75675e+09	6.06749e+09	6.13907e+09	6.7047e+09	5.69308e+09	5.56722e+09	6.49051e+09	5.87075e+09	6.52793e+09	6.24746e+09	6.88551e+09	6.20039e+09	6.131e+09	6.17689e+09	5.70709e+09	6.44067e+09	6.91616e+09	6.925e+09	6.94424e+09	5.7696e+09	5.73154e+09	5.7563e+09	4.28786e+09	4.84367e+09	4.81608e+09	4.32772e+09	4.83657e+09	4.25291e+09
ERR636889	6.10414e+09	7.66178e+09	7.19116e+09	7.60586e+09	7.22154e+09	6.04959e+09	6.49972e+09	6.15926e+09	6.01591e+09	6.0002e+09	6.52642e+09	6.53131e+09	7.21615e+09	7.80991e+09	7.88699e+09	7.19542e+09	7.70388e+09	7.27435e+09	7.63213e+09	6.19359e+09	7.32224e+09	7.26734e+09	6.26357e+09	7.76101e+09	5.47561e+09	5.49042e+09	6.69764e+09	6.98001e+09	5.27921e+09	7.29268e+09	6.59388e+09	7.72546e+09	7.51656e+09	7.69742e+09	7.47544e+09	7.85009e+09	6.57058e+09	7.17148e+09	7.20195e+09	7.22224e+09	6.56749e+09	6.70608e+09	6.60138e+09	6.54674e+09	6.74273e+09	6.73278e+09	7.92657e+09	8.00447e+09	7.12565e+09	7.12357e+09	7.21491e+09	7.10498e+09	6.31459e+09	7.55306e+09	5.83339e+09	5.69995e+09	6.88065e+09	5.70894e+09	6.84807e+09	6.85979e+09	6.48299e+09	5.86273e+09	6.29973e+09	6.54013e+09	5.88054e+09	6.44095e+09	6.37375e+09	7.25499e+09	5.99024e+09	6.32043e+09	6.39497e+09	6.99094e+09	5.97832e+09	5.83147e+09	6.82623e+09	6.16669e+09	6.86849e+09	6.56334e+09	7.16778e+09	6.4405e+09	6.36651e+09	6.41461e+09	5.91325e+09	6.69182e+09	7.21513e+09	7.22457e+09	7.24474e+09	6.00574e+09	5.9656e+09	5.99145e+09	4.5059e+09	5.09722e+09	5.06868e+09	4.54824e+09	5.09102e+09	4.46399e+09
ERR636892	5.91015e+09	7.40435e+09	6.95804e+09	7.35081e+09	6.9846e+09	5.85824e+09	6.24839e+09	5.92195e+09	5.78639e+09	5.77126e+09	6.27291e+09	6.27857e+09	7.02214e+09	7.56952e+09	7.63805e+09	7.00195e+09	7.27435e+09	7.27239e+09	7.36856e+09	5.98922e+09	7.07435e+09	7.02322e+09	6.05512e+09	7.4913e+09	5.31261e+09	5.3268e+09	6.48056e+09	6.74981e+09	5.12615e+09	7.04391e+09	6.42053e+09	7.48112e+09	7.28805e+09	7.45582e+09	7.24958e+09	7.59908e+09	6.34894e+09	6.92293e+09	6.95032e+09	6.97027e+09	6.34514e+09	6.4764e+09	6.40597e+09	6.36885e+09	6.54095e+09	6.53237e+09	7.66537e+09	7.73788e+09	6.91169e+09	6.90944e+09	6.99963e+09	6.89248e+09	6.14377e+09	7.31836e+09	5.66763e+09	5.53996e+09	6.66927e+09	5.5469e+09	6.63767e+09	6.64977e+09	6.28695e+09	5.69295e+09	6.112e+09	6.34333e+09	5.71008e+09	6.24777e+09	6.18377e+09	7.02538e+09	5.81705e+09	6.13237e+09	6.20498e+09	6.77889e+09	5.76459e+09	5.63526e+09	6.57415e+09	5.94472e+09	6.61268e+09	6.32646e+09	6.95859e+09	6.26292e+09	6.19241e+09	6.23878e+09	5.76166e+09	6.50624e+09	6.99418e+09	7.00321e+09	7.02283e+09	5.8307e+09	5.79181e+09	5.81688e+09	4.34118e+09	4.90549e+09	4.87752e+09	4.38172e+09	4.89866e+09	4.30574e+09
ERR626884	6.58613e+09	8.28846e+09	7.75301e+09	8.22717e+09	7.79443e+09	6.52077e+09	7.23319e+09	6.84873e+09	6.67958e+09	6.6618e+09	7.26731e+09	7.27048e+09	7.30413e+09	8.00685e+09	8.1107e+09	7.28182e+09	7.63213e+09	7.36856e+09	8.66972e+09	6.81202e+09	8.05335e+09	7.98722e+09	6.89484e+09	8.55737e+09	5.81301e+09	5.82526e+09	7.15463e+09	7.46584e+09	5.59035e+09	7.82536e+09	6.80075e+09	8.10459e+09	7.85222e+09	8.07166e+09	7.80243e+09	8.24749e+09	7.07233e+09	7.73945e+09	7.77598e+09	7.79798e+09	7.07242e+09	7.23127e+09	6.9814e+09	6.84258e+09	7.13061e+09	7.12573e+09	8.44829e+09	8.54368e+09	7.55604e+09	7.55749e+09	7.64213e+09	7.53694e+09	6.65218e+09	8.02429e+09	6.12411e+09	5.97728e+09	7.25644e+09	5.99543e+09	7.22595e+09	7.23242e+09	6.92228e+09	6.2503e+09	6.72431e+09	6.97566e+09	6.2691e+09	6.87266e+09	6.7897e+09	7.7476e+09	6.36835e+09	6.73469e+09	6.80893e+09	7.4374e+09	6.60222e+09	6.39623e+09	7.55051e+09	6.8125e+09	7.60792e+09	7.24424e+09	7.55913e+09	6.78015e+09	6.69864e+09	6.74959e+09	6.19108e+09	7.03845e+09	7.68559e+09	7.69299e+09	7.71546e+09	6.40515e+09	6.36234e+09	6.38749e+09	5.02925e+09	5.70032e+09	5.67154e+09	5.07469e+09	5.6988e+09	4.96707e+09
ERR626883	5.47195e+09	6.71919e+09	6.32792e+09	6.67415e+09	6.35952e+09	5.42011e+09	5.96566e+09	5.68218e+09	5.55485e+09	5.54158e+09	5.99275e+09	5.99398e+09	5.94051e+09	6.47202e+09	6.55426e+09	5.92346e+09	6.19359e+09	5.98922e+09	6.81202e+09	5.84285e+09	6.5545e+09	6.50577e+09	5.71446e+09	6.91975e+09	4.84788e+09	4.85591e+09	5.86927e+09	6.10074e+09	4.67089e+09	6.36955e+09	5.56385e+09	6.55774e+09	6.36676e+09	6.53218e+09	6.32879e+09	6.66062e+09	5.82567e+09	6.31677e+09	6.34432e+09	6.35999e+09	5.8252e+09	5.945e+09	5.73236e+09	5.60237e+09	5.84483e+09	5.84031e+09	6.8148e+09	6.88579e+09	6.14214e+09	6.14274e+09	6.20219e+09	6.1282e+09	5.4517e+09	6.48624e+09	5.07933e+09	4.96469e+09	5.93895e+09	4.98388e+09	5.91759e+09	5.92218e+09	5.67556e+09	5.16443e+09	5.52628e+09	5.71249e+09	5.17919e+09	5.6366e+09	5.56847e+09	6.28456e+09	5.24401e+09	5.52675e+09	5.58015e+09	6.04712e+09	5.44961e+09	5.27577e+09	6.16214e+09	5.61002e+09	6.2073e+09	5.93029e+09	6.13618e+09	5.55592e+09	5.49499e+09	5.5318e+09	5.09702e+09	5.7466e+09	6.23184e+09	6.23766e+09	6.25331e+09	5.27938e+09	5.24579e+09	5.26641e+09	4.21353e+09	4.74648e+09	4.72534e+09	4.25078e+09	4.74554e+09	4.15706e+09
ERR626881	6.34074e+09	7.94154e+09	7.44141e+09	7.88382e+09	7.47976e+09	6.27869e+09	6.94308e+09	6.58134e+09	6.42197e+09	6.40577e+09	6.97528e+09	6.97825e+09	7.01383e+09	7.67272e+09	7.77009e+09	6.99261e+09	7.32224e+09	7.07435e+09	8.05335e+09	6.5545e+09	7.96653e+09	7.66128e+09	6.6324e+09	8.19315e+09	5.60309e+09	5.61489e+09	6.87265e+09	7.16538e+09	5.39097e+09	7.50224e+09	6.54131e+09	7.76744e+09	7.53119e+09	7.7363e+09	7.48468e+09	7.90111e+09	6.79643e+09	7.42254e+09	7.45622e+09	7.47788e+09	6.79698e+09	6.94596e+09	6.71223e+09	6.57934e+09	6.85239e+09	6.84823e+09	8.08702e+09	8.1758e+09	7.2498e+09	7.25043e+09	7.33055e+09	7.23179e+09	6.3981e+09	7.68853e+09	5.89944e+09	5.75998e+09	6.97088e+09	5.77769e+09	6.94302e+09	6.94874e+09	6.65232e+09	6.01643e+09	6.46463e+09	6.70181e+09	6.03402e+09	6.60494e+09	6.52576e+09	7.42655e+09	6.12568e+09	6.47276e+09	6.54275e+09	7.1359e+09	6.34154e+09	6.14749e+09	7.23519e+09	6.54049e+09	7.28942e+09	6.94786e+09	7.25125e+09	6.5187e+09	6.44175e+09	6.48999e+09	5.96087e+09	6.7621e+09	7.36937e+09	7.37641e+09	7.39739e+09	6.16208e+09	6.12112e+09	6.14528e+09	4.84288e+09	5.48175e+09	5.45454e+09	4.8865e+09	5.48004e+09	4.78333e+09
ERR626880	6.29459e+09	7.87903e+09	7.38569e+09	7.82023e+09	7.4214e+09	6.23329e+09	6.88081e+09	6.52318e+09	6.3667e+09	6.35037e+09	6.91232e+09	6.91645e+09	6.964e+09	7.61541e+09	7.70993e+09	6.94265e+09	7.26734e+09	7.02322e+09	7.98722e+09	6.50577e+09	7.66128e+09	7.84284e+09	6.5823e+09	8.12621e+09	5.56597e+09	5.57792e+09	6.82409e+09	7.11302e+09	5.35609e+09	7.44417e+09	6.49551e+09	7.70505e+09	7.4729e+09	7.67497e+09	7.42673e+09	7.83773e+09	6.74019e+09	7.35848e+09	7.39109e+09	7.41222e+09	6.74032e+09	6.887e+09	6.6655e+09	6.5363e+09	6.80379e+09	6.80069e+09	8.02418e+09	8.11158e+09	7.19612e+09	7.1975e+09	7.27728e+09	7.1791e+09	6.35687e+09	7.63079e+09	5.86023e+09	5.7226e+09	6.91958e+09	5.74008e+09	6.89215e+09	6.89813e+09	6.60412e+09	5.97573e+09	6.42022e+09	6.65383e+09	5.99431e+09	6.55775e+09	6.48091e+09	7.37133e+09	6.08614e+09	6.42854e+09	6.49831e+09	7.08565e+09	6.29419e+09	6.10582e+09	7.17755e+09	6.49097e+09	7.23129e+09	6.8955e+09	7.19898e+09	6.47339e+09	6.39795e+09	6.44537e+09	5.92351e+09	6.71521e+09	7.31888e+09	7.32539e+09	7.34708e+09	6.12225e+09	6.08183e+09	6.10597e+09	4.80919e+09	5.44182e+09	5.41458e+09	4.85314e+09	5.43944e+09	4.752e+09
ERR626882	5.53129e+09	6.80008e+09	6.40137e+09	6.75355e+09	6.43389e+09	5.47966e+09	6.03839e+09	5.74981e+09	5.61951e+09	5.60631e+09	6.06538e+09	6.06689e+09	6.00568e+09	6.547e+09	6.63114e+09	5.98827e+09	6.26357e+09	6.05512e+09	6.89484e+09	5.71446e+09	6.6324e+09	6.5823e+09	5.97252e+09	7.00388e+09	4.89792e+09	4.90677e+09	5.93595e+09	6.17102e+09	4.71893e+09	6.44466e+09	5.62342e+09	6.63474e+09	6.43993e+09	6.60888e+09	6.40134e+09	6.73925e+09	5.89315e+09	6.39286e+09	6.42074e+09	6.43739e+09	5.89317e+09	6.01485e+09	5.79524e+09	5.66323e+09	5.91e+09	5.90486e+09	6.89616e+09	6.96856e+09	6.21089e+09	6.21191e+09	6.27169e+09	6.19709e+09	5.50901e+09	6.56094e+09	5.13315e+09	5.01616e+09	6.00641e+09	5.03554e+09	5.98431e+09	5.98837e+09	5.73828e+09	5.21938e+09	5.58647e+09	5.77546e+09	5.23456e+09	5.69887e+09	5.6288e+09	6.3562e+09	5.29936e+09	5.58646e+09	5.64074e+09	6.11474e+09	5.5106e+09	5.33346e+09	6.23495e+09	5.67368e+09	6.28096e+09	5.99874e+09	6.20542e+09	5.61548e+09	5.55395e+09	5.59137e+09	5.1497e+09	5.80914e+09	6.30213e+09	6.30799e+09	6.32346e+09	5.33565e+09	5.30187e+09	5.32192e+09	4.2585e+09	4.79882e+09	4.77742e+09	4.29543e+09	4.79851e+09	4.20077e+09
ERR626879	6.68954e+09	8.43757e+09	7.88559e+09	8.37021e+09	7.92624e+09	6.62279e+09	7.34996e+09	6.95778e+09	6.78487e+09	6.76678e+09	7.38518e+09	7.38876e+09	7.42555e+09	8.14565e+09	8.25279e+09	7.40291e+09	7.76101e+09	7.4913e+09	8.55737e+09	6.91975e+09	8.19315e+09	8.12621e+09	7.00388e+09	8.98219e+09	5.89931e+09	5.91228e+09	7.27306e+09	7.59348e+09	5.67198e+09	7.96166e+09	6.90971e+09	8.24858e+09	7.9883e+09	8.21426e+09	7.93745e+09	8.39594e+09	7.18937e+09	7.87207e+09	7.90855e+09	7.93283e+09	7.18894e+09	7.35172e+09	7.09769e+09	6.9545e+09	7.25036e+09	7.24521e+09	8.60396e+09	8.70314e+09	7.69136e+09	7.69155e+09	7.7798e+09	7.67161e+09	6.76437e+09	8.1728e+09	6.21896e+09	6.0687e+09	7.37612e+09	6.088e+09	7.34501e+09	7.35204e+09	7.03952e+09	6.35196e+09	6.8386e+09	7.09469e+09	6.37254e+09	6.98871e+09	6.90515e+09	7.88647e+09	6.47407e+09	6.84884e+09	6.92497e+09	7.56989e+09	6.71526e+09	6.50244e+09	7.68606e+09	6.93049e+09	7.7459e+09	7.37242e+09	7.69421e+09	6.8936e+09	6.81076e+09	6.86307e+09	6.29132e+09	7.15864e+09	7.82536e+09	7.83272e+09	7.85662e+09	6.51133e+09	6.4676e+09	6.49385e+09	5.1099e+09	5.79494e+09	5.76566e+09	5.15667e+09	5.79345e+09	5.04709e+09
ERR613232	4.75667e+09	5.79846e+09	5.478e+09	5.76003e+09	5.50338e+09	4.7174e+09	5.17195e+09	4.93388e+09	4.83117e+09	4.82015e+09	5.19363e+09	5.19635e+09	5.27103e+09	5.71281e+09	5.77045e+09	5.255e+09	5.47561e+09	5.31261e+09	5.81301e+09	4.84788e+09	5.60309e+09	5.56597e+09	4.89792e+09	5.89931e+09	4.66319e+09	4.50542e+09	5.37298e+09	5.56955e+09	4.34549e+09	5.79166e+09	4.99103e+09	5.80066e+09	5.65018e+09	5.78084e+09	5.61799e+09	5.89152e+09	5.15879e+09	5.57062e+09	5.59297e+09	5.6078e+09	5.15865e+09	5.25598e+09	5.14011e+09	5.06025e+09	5.23247e+09	5.23016e+09	6.04298e+09	6.10038e+09	5.48039e+09	5.48033e+09	5.53647e+09	5.46709e+09	4.91708e+09	5.77149e+09	4.57439e+09	4.47929e+09	5.29792e+09	4.48933e+09	5.27805e+09	5.28158e+09	5.12429e+09	4.6975e+09	4.99929e+09	5.15929e+09	4.70895e+09	5.0954e+09	5.06546e+09	5.66536e+09	4.79394e+09	5.02956e+09	5.07782e+09	5.47767e+09	4.88358e+09	4.7636e+09	5.48266e+09	5.02019e+09	5.51707e+09	5.29721e+09	5.48274e+09	4.99028e+09	4.93946e+09	4.97017e+09	4.61576e+09	5.15476e+09	5.62592e+09	5.63048e+09	5.64393e+09	4.8118e+09	4.78514e+09	4.80174e+09	3.82204e+09	4.27626e+09	4.25852e+09	3.85306e+09	4.27376e+09	3.7838e+09
ERR613231	4.76542e+09	5.81146e+09	5.4906e+09	5.77355e+09	5.51557e+09	4.72555e+09	5.17932e+09	4.93973e+09	4.83748e+09	4.82663e+09	5.20061e+09	5.20339e+09	5.28487e+09	5.72805e+09	5.7849e+09	5.26875e+09	5.49042e+09	5.3268e+09	5.82526e+09	4.85591e+09	5.61489e+09	5.57792e+09	4.90677e+09	5.91228e+09	4.50542e+09	4.68151e+09	5.38478e+09	5.58137e+09	4.35479e+09	5.80394e+09	5.00338e+09	5.81531e+09	5.66382e+09	5.79463e+09	5.63163e+09	5.90605e+09	5.16566e+09	5.5793e+09	5.60219e+09	5.61659e+09	5.1659e+09	5.2639e+09	5.1527e+09	5.07393e+09	5.24444e+09	5.24285e+09	6.05829e+09	6.11544e+09	5.49295e+09	5.49287e+09	5.54949e+09	5.48031e+09	4.92887e+09	5.78568e+09	4.58374e+09	4.4886e+09	5.3099e+09	4.49789e+09	5.28923e+09	5.29277e+09	5.13423e+09	4.70578e+09	5.00865e+09	5.16954e+09	4.71834e+09	5.10567e+09	5.07668e+09	5.67865e+09	4.80438e+09	5.04055e+09	5.08886e+09	5.49089e+09	4.89255e+09	4.77434e+09	5.49408e+09	5.02951e+09	5.5282e+09	5.30788e+09	5.49604e+09	5.00115e+09	4.94993e+09	4.98136e+09	4.62624e+09	5.16666e+09	5.63942e+09	5.6445e+09	5.65828e+09	4.82148e+09	4.79521e+09	4.81193e+09	3.82733e+09	4.28302e+09	4.26523e+09	3.85942e+09	4.2802e+09	3.79025e+09
ERR613229	5.74903e+09	7.13637e+09	6.70502e+09	7.08295e+09	6.73844e+09	5.69743e+09	6.30713e+09	5.99321e+09	5.85679e+09	5.84205e+09	6.33536e+09	6.33827e+09	6.4258e+09	7.01382e+09	7.09357e+09	6.40503e+09	6.69764e+09	6.48056e+09	7.15463e+09	5.86927e+09	6.87265e+09	6.82409e+09	5.93595e+09	7.27306e+09	5.37298e+09	5.38478e+09	6.76941e+09	6.81435e+09	5.17612e+09	7.11643e+09	6.04433e+09	7.13215e+09	6.92601e+09	7.10438e+09	6.88351e+09	7.25334e+09	6.29058e+09	6.83832e+09	6.86786e+09	6.88746e+09	6.29079e+09	6.42124e+09	6.24241e+09	6.12875e+09	6.36597e+09	6.36263e+09	7.45646e+09	7.53383e+09	6.71554e+09	6.71594e+09	6.78926e+09	6.69866e+09	5.96438e+09	7.10454e+09	5.49376e+09	5.36903e+09	6.45146e+09	5.38388e+09	6.42501e+09	6.42951e+09	6.24135e+09	5.67496e+09	6.07722e+09	6.2876e+09	5.69282e+09	6.20276e+09	6.15985e+09	6.96111e+09	5.80122e+09	6.11233e+09	6.17634e+09	6.70726e+09	5.92734e+09	5.76225e+09	6.71895e+09	6.10602e+09	6.76712e+09	6.46962e+09	6.71712e+09	6.06251e+09	5.99584e+09	6.0374e+09	5.56911e+09	6.28016e+09	6.90687e+09	6.91336e+09	6.93166e+09	5.82673e+09	5.7916e+09	5.81345e+09	4.58226e+09	5.16133e+09	5.13762e+09	4.62203e+09	5.15797e+09	4.53083e+09
ERR613228	5.97318e+09	7.44606e+09	6.98686e+09	7.38881e+09	7.02132e+09	5.91793e+09	6.56767e+09	6.23579e+09	6.09078e+09	6.07549e+09	6.59823e+09	6.60123e+09	6.6919e+09	7.31621e+09	7.40229e+09	6.66963e+09	6.98001e+09	6.74981e+09	7.46584e+09	6.10074e+09	7.16538e+09	7.11302e+09	6.17102e+09	7.59348e+09	5.56955e+09	5.58137e+09	6.81435e+09	7.33287e+09	5.36146e+09	7.42148e+09	6.28375e+09	7.44148e+09	7.22049e+09	7.41218e+09	7.17569e+09	7.57082e+09	6.54846e+09	7.13047e+09	7.16204e+09	7.18301e+09	6.54822e+09	6.68668e+09	6.49083e+09	6.372e+09	6.62296e+09	6.61808e+09	7.78684e+09	7.86958e+09	7.00161e+09	7.00171e+09	7.08014e+09	6.98329e+09	6.20461e+09	7.41584e+09	5.70185e+09	5.57079e+09	6.71584e+09	5.58616e+09	6.68655e+09	6.69192e+09	6.49688e+09	5.89667e+09	6.3228e+09	6.54566e+09	5.91616e+09	6.45553e+09	6.41003e+09	7.26156e+09	6.03115e+09	6.35924e+09	6.42673e+09	6.99038e+09	6.16896e+09	5.99162e+09	7.00767e+09	6.35795e+09	7.059e+09	6.74206e+09	7.00413e+09	6.30912e+09	6.23839e+09	6.28327e+09	5.78721e+09	6.53999e+09	7.20334e+09	7.21069e+09	7.22962e+09	6.05709e+09	6.01989e+09	6.043e+09	4.75742e+09	5.36545e+09	5.34014e+09	4.79877e+09	5.36236e+09	4.70301e+09
ERR613230	4.58555e+09	5.57773e+09	5.27421e+09	5.54219e+09	5.29811e+09	4.54832e+09	4.97051e+09	4.74358e+09	4.64708e+09	4.63654e+09	4.99087e+09	4.99325e+09	5.08653e+09	5.50433e+09	5.55701e+09	5.07167e+09	5.27921e+09	5.12615e+09	5.59035e+09	4.67089e+09	5.39097e+09	5.35609e+09	4.71893e+09	5.67198e+09	4.34549e+09	4.35479e+09	5.17612e+09	5.36146e+09	4.36242e+09	5.5706e+09	4.82187e+09	5.58435e+09	5.44263e+09	5.56516e+09	5.41251e+09	5.67092e+09	4.96141e+09	5.35281e+09	5.37392e+09	5.38786e+09	4.96132e+09	5.05391e+09	4.95584e+09	4.88737e+09	5.04266e+09	5.04126e+09	5.81246e+09	5.86626e+09	5.27659e+09	5.27638e+09	5.33091e+09	5.26386e+09	4.74463e+09	5.55335e+09	4.41945e+09	4.32925e+09	5.10621e+09	4.33802e+09	5.08736e+09	5.09032e+09	4.93666e+09	4.53178e+09	4.81711e+09	4.97006e+09	4.54277e+09	4.90961e+09	4.88291e+09	5.45246e+09	4.62539e+09	4.84832e+09	4.89456e+09	5.27639e+09	4.7025e+09	4.59403e+09	5.27271e+09	4.83273e+09	5.30454e+09	5.09744e+09	5.28079e+09	4.81243e+09	4.76392e+09	4.79339e+09	4.45914e+09	4.96924e+09	5.41718e+09	5.42207e+09	5.43516e+09	4.64153e+09	4.61672e+09	4.63233e+09	3.68535e+09	4.11951e+09	4.10254e+09	3.71535e+09	4.11688e+09	3.65082e+09
ERR613227	6.23343e+09	7.8027e+09	7.30767e+09	7.74193e+09	7.34704e+09	6.175e+09	6.88863e+09	6.53703e+09	6.38087e+09	6.36475e+09	6.92251e+09	6.92429e+09	6.9812e+09	7.65202e+09	7.74924e+09	6.95814e+09	7.29268e+09	7.04391e+09	7.82536e+09	6.36955e+09	7.50224e+09	7.44417e+09	6.44466e+09	7.96166e+09	5.79166e+09	5.80394e+09	7.11643e+09	7.42148e+09	5.5706e+09	8.02647e+09	6.54209e+09	7.79211e+09	7.54999e+09	7.75949e+09	7.50263e+09	7.92933e+09	6.85569e+09	7.47841e+09	7.51309e+09	7.53521e+09	6.85557e+09	7.00611e+09	6.76795e+09	6.63292e+09	6.91063e+09	6.90413e+09	8.16078e+09	8.25196e+09	7.32173e+09	7.32096e+09	7.40289e+09	7.3021e+09	6.46275e+09	7.7644e+09	5.93369e+09	5.79459e+09	7.01361e+09	5.81185e+09	6.9827e+09	6.98842e+09	6.78533e+09	6.14412e+09	6.59868e+09	6.83642e+09	6.16429e+09	6.73966e+09	6.68733e+09	7.60133e+09	6.28332e+09	6.63433e+09	6.70533e+09	7.30363e+09	6.45156e+09	6.24988e+09	7.34685e+09	6.65213e+09	7.40257e+09	7.05803e+09	7.32041e+09	6.57946e+09	6.50428e+09	6.55139e+09	6.01883e+09	6.82399e+09	7.53073e+09	7.53851e+09	7.55895e+09	6.31222e+09	6.27269e+09	6.29653e+09	4.9628e+09	5.60803e+09	5.58171e+09	5.00587e+09	5.60535e+09	4.90072e+09
ERR608647	5.48952e+09	6.82881e+09	6.43487e+09	6.78187e+09	6.45812e+09	5.44327e+09	5.8288e+09	5.53131e+09	5.4082e+09	5.39443e+09	5.85063e+09	5.85717e+09	6.3746e+09	6.84964e+09	6.90749e+09	6.35801e+09	6.59388e+09	6.42053e+09	6.80075e+09	5.56385e+09	6.54131e+09	6.49551e+09	5.62342e+09	6.90971e+09	4.99103e+09	5.00338e+09	6.04433e+09	6.28375e+09	4.82187e+09	6.54209e+09	6.21623e+09	6.97452e+09	6.80687e+09	6.95206e+09	6.77151e+09	7.07963e+09	5.92732e+09	6.44344e+09	6.46804e+09	6.48578e+09	5.92446e+09	6.04215e+09	5.9845e+09	5.95043e+09	6.10124e+09	6.0986e+09	7.09784e+09	7.16109e+09	6.48522e+09	6.48425e+09	6.56374e+09	6.46844e+09	5.81012e+09	6.83978e+09	5.30226e+09	5.1876e+09	6.20519e+09	5.19272e+09	6.17754e+09	6.18714e+09	5.93974e+09	5.40651e+09	5.78211e+09	5.99043e+09	5.42143e+09	5.90472e+09	5.8404e+09	6.58763e+09	5.50839e+09	5.79316e+09	5.85998e+09	6.37358e+09	5.45641e+09	5.35241e+09	6.18749e+09	5.62026e+09	6.2212e+09	5.96813e+09	6.5226e+09	5.90887e+09	5.84483e+09	5.8872e+09	5.4629e+09	6.12586e+09	6.5713e+09	6.57921e+09	6.59687e+09	5.5309e+09	5.496e+09	5.51781e+09	4.15757e+09	4.67567e+09	4.64924e+09	4.19416e+09	4.66844e+09	4.12743e+09
ERR608650	6.44832e+09	8.12424e+09	7.60505e+09	8.0613e+09	7.64187e+09	6.38802e+09	7.00822e+09	6.64053e+09	6.47854e+09	6.46264e+09	7.04039e+09	7.04343e+09	7.41902e+09	8.07207e+09	8.16782e+09	7.39733e+09	7.72546e+09	7.48112e+09	8.10459e+09	6.55774e+09	7.76744e+09	7.70505e+09	6.63474e+09	8.24858e+09	5.80066e+09	5.81531e+09	7.13215e+09	7.44148e+09	5.58435e+09	7.79211e+09	6.97452e+09	8.50505e+09	8.02483e+09	8.2376e+09	7.97445e+09	8.40607e+09	7.02605e+09	7.6843e+09	7.71969e+09	7.74128e+09	7.02345e+09	7.17966e+09	6.99446e+09	6.9007e+09	7.14712e+09	7.13872e+09	8.45101e+09	8.54056e+09	7.63653e+09	7.63511e+09	7.72738e+09	7.61476e+09	6.74203e+09	8.10049e+09	6.15184e+09	6.00586e+09	7.28994e+09	6.02009e+09	7.25582e+09	7.26605e+09	6.97703e+09	6.305e+09	6.77841e+09	7.03596e+09	6.32373e+09	6.9302e+09	6.84738e+09	7.80498e+09	6.42865e+09	6.79119e+09	6.86883e+09	7.50583e+09	6.51411e+09	6.32471e+09	7.43586e+09	6.71827e+09	7.4873e+09	7.14127e+09	7.66509e+09	6.87885e+09	6.79882e+09	6.84992e+09	6.29574e+09	7.14466e+09	7.75074e+09	7.76151e+09	7.78234e+09	6.45639e+09	6.41325e+09	6.43969e+09	4.95146e+09	5.60186e+09	5.57083e+09	4.99587e+09	5.59573e+09	4.89498e+09
ERR608652	6.26494e+09	7.87423e+09	7.38155e+09	7.8147e+09	7.41495e+09	6.2075e+09	6.76948e+09	6.41464e+09	6.26194e+09	6.24566e+09	6.79935e+09	6.80369e+09	7.22895e+09	7.84437e+09	7.929e+09	7.20826e+09	7.51656e+09	7.28805e+09	7.85222e+09	6.36676e+09	7.53119e+09	7.4729e+09	6.43993e+09	7.9883e+09	5.65018e+09	5.66382e+09	6.92601e+09	7.22049e+09	5.44263e+09	7.54999e+09	6.80687e+09	8.02483e+09	8.01799e+09	7.99365e+09	7.74997e+09	8.1533e+09	6.80824e+09	7.43856e+09	7.47127e+09	7.49265e+09	6.80564e+09	6.95293e+09	6.80746e+09	6.72769e+09	6.95159e+09	6.94559e+09	8.19164e+09	8.27447e+09	7.41939e+09	7.41818e+09	7.50863e+09	7.39883e+09	6.57162e+09	7.86052e+09	5.99466e+09	5.85461e+09	7.08584e+09	5.86666e+09	7.05303e+09	7.06286e+09	6.77961e+09	6.13563e+09	6.58951e+09	6.83738e+09	6.15361e+09	6.73537e+09	6.65688e+09	7.57084e+09	6.25532e+09	6.60206e+09	6.67791e+09	7.29204e+09	6.30611e+09	6.1408e+09	7.18875e+09	6.50219e+09	7.23621e+09	6.91176e+09	7.45106e+09	6.6981e+09	6.62122e+09	6.67141e+09	6.14468e+09	6.95615e+09	7.5283e+09	7.53805e+09	7.55867e+09	6.28178e+09	6.24023e+09	6.26598e+09	4.79582e+09	5.41835e+09	5.38814e+09	4.83893e+09	5.41195e+09	4.74637e+09
