	ERR626616	ERR626615	ERR626614	ERR626618	ERR626619	ERR626617	ERR629674	ERR629676	ERR629677	ERR629678	ERR629675	ERR629679	ERR618694	ERR618693	ERR618695	ERR618696	ERR618698	ERR618697	ERR636646	ERR636648	ERR636643	ERR636645	ERR636647	ERR636644	ERR636686	ERR636690	ERR636687	ERR636688	ERR636685	ERR636689	ERR612595	ERR612598	ERR612596	ERR612597	ERR612600	ERR612599	ERR637031	ERR637027	ERR637030	ERR637029	ERR637028	ERR637032	ERR636919	ERR636923	ERR636924	ERR636920	ERR636922	ERR636921	ERR607490	ERR607491	ERR607489	ERR607488	ERR607492	ERR607487	ERR635311	ERR635314	ERR635313	ERR635310	ERR635312	ERR635315	ERR617200	ERR617202	ERR617198	ERR617201	ERR617199	ERR617197	ERR605542	ERR605543	ERR605539	ERR605540	ERR605541	ERR605544	ERR612217	ERR612218	ERR612215	ERR612220	ERR612219	ERR612216	ERR614856	ERR614858	ERR614857	ERR614854	ERR614853	ERR614855	ERR614953	ERR614954	ERR614949	ERR614951	ERR614952	ERR614950	ERR616612	ERR616611	ERR616613	ERR616610	ERR616614	ERR616615
ERR626616	5.87395e+09	6.21563e+09	6.69116e+09	5.74218e+09	5.62747e+09	5.67446e+09	6.46577e+09	5.81241e+09	6.64885e+09	6.62114e+09	5.83918e+09	6.67706e+09	5.25031e+09	5.49531e+09	5.26986e+09	5.41632e+09	5.53592e+09	5.44606e+09	6.04858e+09	6.43014e+09	6.43274e+09	5.67922e+09	6.04995e+09	6.14927e+09	5.9038e+09	6.02688e+09	5.88255e+09	6.05067e+09	5.44165e+09	6.04491e+09	5.79469e+09	5.06684e+09	4.78705e+09	5.5357e+09	5.02185e+09	5.08019e+09	6.64285e+09	6.43216e+09	6.09515e+09	6.45558e+09	5.87154e+09	6.56313e+09	5.88207e+09	6.32458e+09	6.30345e+09	6.2713e+09	6.3221e+09	6.22492e+09	6.53088e+09	6.49936e+09	5.63628e+09	5.74866e+09	6.5124e+09	5.64611e+09	5.47582e+09	4.95935e+09	4.98264e+09	5.22219e+09	5.69702e+09	4.93689e+09	5.76212e+09	5.62361e+09	6.48434e+09	5.92567e+09	6.52564e+09	6.26147e+09	5.95456e+09	5.99655e+09	6.21547e+09	5.99797e+09	5.79636e+09	5.93654e+09	6.70552e+09	6.75633e+09	6.86512e+09	6.6393e+09	6.08703e+09	6.71007e+09	6.38453e+09	6.37541e+09	6.34923e+09	5.61474e+09	5.49243e+09	5.48269e+09	6.71799e+09	6.77034e+09	5.87719e+09	5.85132e+09	6.75928e+09	6.00734e+09	5.75016e+09	6.08246e+09	6.37019e+09	5.98561e+09	6.35964e+09	6.40651e+09
ERR626615	6.21563e+09	7.044e+09	7.38463e+09	6.28809e+09	6.15511e+09	6.2102e+09	7.10878e+09	6.35454e+09	7.32052e+09	7.28832e+09	6.38169e+09	7.35223e+09	5.74435e+09	6.02688e+09	5.76944e+09	5.94003e+09	6.07779e+09	5.97367e+09	6.66321e+09	7.09934e+09	7.10351e+09	6.22743e+09	6.66387e+09	6.7749e+09	6.46677e+09	6.6011e+09	6.43607e+09	6.63011e+09	5.93456e+09	6.62226e+09	6.39857e+09	5.56165e+09	5.24012e+09	6.09363e+09	5.51096e+09	5.5752e+09	7.33498e+09	7.09628e+09	6.70447e+09	7.12322e+09	6.44517e+09	7.24338e+09	6.48048e+09	6.98761e+09	6.96256e+09	6.93144e+09	6.98514e+09	6.87225e+09	7.20078e+09	7.16463e+09	6.16427e+09	6.29157e+09	7.17981e+09	6.17243e+09	5.96414e+09	5.37405e+09	5.40073e+09	5.67252e+09	6.21583e+09	5.34938e+09	6.33537e+09	6.15407e+09	7.16768e+09	6.52295e+09	7.21723e+09	6.90305e+09	6.52344e+09	6.57053e+09	6.82321e+09	6.57095e+09	6.33781e+09	6.50175e+09	7.39059e+09	7.45043e+09	7.58069e+09	7.31522e+09	6.67517e+09	7.39296e+09	7.01673e+09	7.00687e+09	6.97531e+09	6.12766e+09	5.98587e+09	5.97829e+09	7.40899e+09	7.47057e+09	6.43171e+09	6.40759e+09	7.4575e+09	6.58369e+09	6.29592e+09	6.67666e+09	7.00382e+09	6.56323e+09	6.99095e+09	7.04612e+09
ERR626614	6.69116e+09	7.38463e+09	8.25801e+09	6.77311e+09	6.62474e+09	6.68603e+09	7.70314e+09	6.85225e+09	7.94385e+09	7.90764e+09	6.8826e+09	7.98042e+09	6.18877e+09	6.50356e+09	6.2169e+09	6.40697e+09	6.56237e+09	6.44447e+09	7.23103e+09	7.72072e+09	7.72579e+09	6.74149e+09	7.23195e+09	7.35563e+09	6.97486e+09	7.12679e+09	6.94015e+09	7.15846e+09	6.37934e+09	7.15055e+09	6.92701e+09	5.98837e+09	5.6309e+09	6.58311e+09	5.9324e+09	6.00422e+09	7.98454e+09	7.71577e+09	7.27406e+09	7.74617e+09	6.98405e+09	7.88153e+09	7.03176e+09	7.60425e+09	7.57606e+09	7.54184e+09	7.60124e+09	7.47329e+09	7.8073e+09	7.76543e+09	6.63598e+09	6.77847e+09	7.78364e+09	6.64488e+09	6.42051e+09	5.76915e+09	5.79875e+09	6.09938e+09	6.70169e+09	5.74081e+09	6.83742e+09	6.6312e+09	7.77816e+09	7.04757e+09	7.83479e+09	7.47668e+09	7.04114e+09	7.0941e+09	7.37927e+09	7.09574e+09	6.83356e+09	7.01723e+09	8.02313e+09	8.09186e+09	8.24082e+09	7.93813e+09	7.21254e+09	8.02618e+09	7.59628e+09	7.58455e+09	7.54802e+09	6.59393e+09	6.43677e+09	6.42746e+09	8.04301e+09	8.11288e+09	6.93676e+09	6.90893e+09	8.09846e+09	7.10773e+09	6.78469e+09	7.21264e+09	7.58215e+09	7.08422e+09	7.5677e+09	7.62936e+09
ERR626618	5.74218e+09	6.28809e+09	6.77311e+09	6.002e+09	5.6973e+09	5.7458e+09	6.5219e+09	5.85673e+09	6.70715e+09	6.6791e+09	5.87849e+09	6.73478e+09	5.31165e+09	5.56513e+09	5.33486e+09	5.48845e+09	5.61225e+09	5.51821e+09	6.11094e+09	6.49732e+09	6.5011e+09	5.71633e+09	6.11167e+09	6.20783e+09	5.96645e+09	6.08201e+09	5.93688e+09	6.10686e+09	5.4937e+09	6.10064e+09	5.89729e+09	5.15269e+09	4.86344e+09	5.62363e+09	5.10789e+09	5.16463e+09	6.70335e+09	6.49313e+09	6.14267e+09	6.51734e+09	5.90966e+09	6.62252e+09	5.94253e+09	6.39001e+09	6.36778e+09	6.34313e+09	6.38791e+09	6.28849e+09	6.61258e+09	6.58079e+09	5.70056e+09	5.81205e+09	6.59505e+09	5.70597e+09	5.50477e+09	4.97205e+09	4.99535e+09	5.23942e+09	5.72972e+09	4.95007e+09	5.85447e+09	5.68467e+09	6.58824e+09	6.02069e+09	6.63181e+09	6.35361e+09	6.00961e+09	6.05075e+09	6.27272e+09	6.0499e+09	5.84394e+09	5.99053e+09	6.77368e+09	6.82733e+09	6.94194e+09	6.70875e+09	6.14654e+09	6.77489e+09	6.44637e+09	6.43795e+09	6.40939e+09	5.66146e+09	5.53517e+09	5.53125e+09	6.7933e+09	6.84707e+09	5.93307e+09	5.91328e+09	6.83599e+09	6.06771e+09	5.81768e+09	6.15111e+09	6.43702e+09	6.05126e+09	6.42558e+09	6.47327e+09
ERR626619	5.62747e+09	6.15511e+09	6.62474e+09	5.6973e+09	5.76514e+09	5.63046e+09	6.38228e+09	5.73736e+09	6.561e+09	6.53413e+09	5.75937e+09	6.58787e+09	5.20233e+09	5.44789e+09	5.22472e+09	5.37305e+09	5.49269e+09	5.40172e+09	5.97661e+09	6.35121e+09	6.35523e+09	5.59461e+09	5.97762e+09	6.07069e+09	5.84458e+09	5.95603e+09	5.81556e+09	5.98077e+09	5.38598e+09	5.97421e+09	5.76739e+09	5.04462e+09	4.76382e+09	5.50188e+09	5.00057e+09	5.05595e+09	6.5511e+09	6.34725e+09	6.00705e+09	6.37052e+09	5.78141e+09	6.47275e+09	5.80974e+09	6.24437e+09	6.22273e+09	6.19858e+09	6.24225e+09	6.146e+09	6.4684e+09	6.43808e+09	5.58584e+09	5.69401e+09	6.45165e+09	5.59099e+09	5.39711e+09	4.87858e+09	4.90079e+09	5.13898e+09	5.61496e+09	4.85712e+09	5.73282e+09	5.56828e+09	6.44296e+09	5.89282e+09	6.48541e+09	6.21583e+09	5.8859e+09	5.92625e+09	6.14081e+09	5.92536e+09	5.72631e+09	5.8681e+09	6.62566e+09	6.67812e+09	6.7891e+09	6.56332e+09	6.01874e+09	6.62765e+09	6.30948e+09	6.30084e+09	6.27334e+09	5.54923e+09	5.42652e+09	5.42301e+09	6.64503e+09	6.69706e+09	5.81174e+09	5.79299e+09	6.68598e+09	5.94196e+09	5.70031e+09	6.02361e+09	6.29976e+09	5.92644e+09	6.28882e+09	6.33469e+09
ERR626617	5.67446e+09	6.2102e+09	6.68603e+09	5.7458e+09	5.63046e+09	5.86089e+09	6.44016e+09	5.78712e+09	6.62233e+09	6.59443e+09	5.80807e+09	6.64946e+09	5.24854e+09	5.4978e+09	5.27184e+09	5.42245e+09	5.54381e+09	5.45157e+09	6.03127e+09	6.41175e+09	6.41541e+09	5.64352e+09	6.03191e+09	6.12646e+09	5.89403e+09	6.00745e+09	5.86514e+09	6.03234e+09	5.43051e+09	6.02567e+09	5.82584e+09	5.0927e+09	4.80842e+09	5.55733e+09	5.04894e+09	5.10491e+09	6.61578e+09	6.40795e+09	6.06263e+09	6.43156e+09	5.83357e+09	6.53539e+09	5.86406e+09	6.30505e+09	6.28293e+09	6.25834e+09	6.30281e+09	6.20475e+09	6.5283e+09	6.4976e+09	5.63376e+09	5.74341e+09	6.5113e+09	5.63912e+09	5.44063e+09	4.91544e+09	4.93877e+09	5.1792e+09	5.66099e+09	4.8938e+09	5.78515e+09	5.61843e+09	6.50533e+09	5.94754e+09	6.54823e+09	6.27511e+09	5.93806e+09	5.97841e+09	6.19616e+09	5.97784e+09	5.77545e+09	5.91935e+09	6.68775e+09	6.74034e+09	6.85277e+09	6.62389e+09	6.07124e+09	6.68884e+09	6.36631e+09	6.35709e+09	6.32981e+09	5.59566e+09	5.4717e+09	5.46803e+09	6.70636e+09	6.75985e+09	5.86163e+09	5.84282e+09	6.74889e+09	5.99358e+09	5.74828e+09	6.07571e+09	6.3564e+09	5.97803e+09	6.34504e+09	6.392e+09
ERR629674	6.46577e+09	7.10878e+09	7.70314e+09	6.5219e+09	6.38228e+09	6.44016e+09	8.08817e+09	6.99578e+09	8.10675e+09	8.07131e+09	7.03071e+09	8.14561e+09	6.08471e+09	6.38632e+09	6.10737e+09	6.28468e+09	6.43549e+09	6.32335e+09	7.15143e+09	7.62387e+09	7.62622e+09	6.70299e+09	7.15232e+09	7.27993e+09	6.86445e+09	7.03405e+09	6.84538e+09	7.06424e+09	6.28867e+09	7.05567e+09	6.73422e+09	5.83006e+09	5.49141e+09	6.41532e+09	5.77541e+09	5.84867e+09	7.95559e+09	7.69536e+09	7.27927e+09	7.72452e+09	7.00431e+09	7.85733e+09	7.00396e+09	7.56749e+09	7.54194e+09	7.49495e+09	7.56515e+09	7.44048e+09	7.62227e+09	7.58086e+09	6.48937e+09	6.63273e+09	7.59773e+09	6.50589e+09	6.43552e+09	5.79809e+09	5.82753e+09	6.13262e+09	6.71402e+09	5.76806e+09	6.59551e+09	6.43338e+09	7.49395e+09	6.79656e+09	7.5426e+09	7.21809e+09	6.90485e+09	6.95929e+09	7.2354e+09	6.9639e+09	6.7118e+09	6.88188e+09	7.85893e+09	7.919e+09	8.05693e+09	7.77177e+09	7.07285e+09	7.86441e+09	7.43782e+09	7.4277e+09	7.3966e+09	6.46985e+09	6.31952e+09	6.3011e+09	7.8189e+09	7.88677e+09	6.76162e+09	6.72419e+09	7.87147e+09	6.92328e+09	6.62448e+09	7.04746e+09	7.4131e+09	6.92354e+09	7.40092e+09	7.46061e+09
ERR629676	5.81241e+09	6.35454e+09	6.85225e+09	5.85673e+09	5.73736e+09	5.78712e+09	6.99578e+09	6.46748e+09	7.1978e+09	7.16904e+09	6.30428e+09	7.23083e+09	5.45308e+09	5.71036e+09	5.47202e+09	5.62196e+09	5.7498e+09	5.65463e+09	6.37105e+09	6.76856e+09	6.7698e+09	5.99713e+09	6.37226e+09	6.48082e+09	6.15704e+09	6.30422e+09	6.14449e+09	6.32966e+09	5.66904e+09	6.3216e+09	5.98719e+09	5.21855e+09	4.92955e+09	5.7188e+09	5.17163e+09	5.23498e+09	7.04711e+09	6.8292e+09	6.48207e+09	6.85373e+09	6.25079e+09	6.96528e+09	6.23799e+09	6.71053e+09	6.68975e+09	6.64778e+09	6.70864e+09	6.60525e+09	6.77996e+09	6.74508e+09	5.82528e+09	5.94836e+09	6.75922e+09	5.84082e+09	5.80018e+09	5.25181e+09	5.2775e+09	5.54181e+09	6.03608e+09	5.22593e+09	5.88811e+09	5.75818e+09	6.64609e+09	6.05912e+09	6.68586e+09	6.4166e+09	6.18224e+09	6.22836e+09	6.46096e+09	6.23288e+09	6.02041e+09	6.16294e+09	6.98668e+09	7.03594e+09	7.14872e+09	6.91382e+09	6.33069e+09	6.99138e+09	6.63584e+09	6.62713e+09	6.60183e+09	5.81928e+09	5.69067e+09	5.6737e+09	6.94898e+09	7.00556e+09	6.06193e+09	6.02826e+09	6.99225e+09	6.19869e+09	5.94296e+09	6.30269e+09	6.61209e+09	6.19867e+09	6.60193e+09	6.65084e+09
ERR629677	6.64885e+09	7.32052e+09	7.94385e+09	6.70715e+09	6.561e+09	6.62233e+09	8.10675e+09	7.1978e+09	8.61102e+09	8.33385e+09	7.23539e+09	8.41086e+09	6.26879e+09	6.5835e+09	6.29195e+09	6.47709e+09	6.6348e+09	6.51827e+09	7.37077e+09	7.86924e+09	7.87198e+09	6.90083e+09	7.37191e+09	7.50718e+09	7.05957e+09	7.23748e+09	7.04001e+09	7.26909e+09	6.45973e+09	7.25932e+09	6.95417e+09	6.00945e+09	5.6556e+09	6.62083e+09	5.95271e+09	6.02853e+09	8.22176e+09	7.94484e+09	7.50833e+09	7.97597e+09	7.21804e+09	8.11793e+09	7.21949e+09	7.81533e+09	7.78784e+09	7.73628e+09	7.8128e+09	7.68089e+09	7.86192e+09	7.81853e+09	6.67629e+09	6.82672e+09	7.83643e+09	6.69378e+09	6.61091e+09	5.94936e+09	5.9804e+09	6.2958e+09	6.90137e+09	5.91803e+09	6.79976e+09	6.63195e+09	7.74221e+09	7.01096e+09	7.79418e+09	7.452e+09	7.11079e+09	7.16716e+09	7.45471e+09	7.17112e+09	6.9078e+09	7.08662e+09	8.10871e+09	8.17337e+09	8.31723e+09	8.01682e+09	7.28163e+09	8.11443e+09	7.66525e+09	7.65422e+09	7.62179e+09	6.65315e+09	6.49682e+09	6.47757e+09	8.06808e+09	8.13928e+09	6.96029e+09	6.92096e+09	8.1232e+09	7.12915e+09	6.81575e+09	7.25741e+09	7.64138e+09	7.12769e+09	7.62883e+09	7.69123e+09
ERR629678	6.62114e+09	7.28832e+09	7.90764e+09	6.6791e+09	6.53413e+09	6.59443e+09	8.07131e+09	7.16904e+09	8.33385e+09	8.53305e+09	7.20617e+09	8.37331e+09	6.24121e+09	6.55358e+09	6.26401e+09	6.44857e+09	6.60434e+09	6.48904e+09	7.33738e+09	7.83184e+09	7.83456e+09	6.87169e+09	7.33792e+09	7.47293e+09	7.02911e+09	7.20687e+09	7.01038e+09	7.23791e+09	6.43368e+09	7.2289e+09	6.91886e+09	5.98034e+09	5.62842e+09	6.58793e+09	5.92358e+09	5.99887e+09	8.18249e+09	7.90724e+09	7.47415e+09	7.93805e+09	7.18661e+09	8.07891e+09	7.18629e+09	7.77778e+09	7.75115e+09	7.69946e+09	7.77539e+09	7.6448e+09	7.82572e+09	7.78171e+09	6.64786e+09	6.79702e+09	7.79962e+09	6.66534e+09	6.58475e+09	5.92809e+09	5.95873e+09	6.27273e+09	6.87374e+09	5.89661e+09	6.76794e+09	6.60331e+09	7.70393e+09	6.97778e+09	7.75558e+09	7.41661e+09	7.07993e+09	7.13691e+09	7.42258e+09	7.14054e+09	6.87844e+09	7.05627e+09	8.0708e+09	8.13501e+09	8.27801e+09	7.97976e+09	7.25013e+09	8.07712e+09	7.63157e+09	7.62059e+09	7.58856e+09	6.62629e+09	6.4706e+09	6.45119e+09	8.03118e+09	8.10187e+09	6.93085e+09	6.89183e+09	8.08597e+09	7.0989e+09	6.78624e+09	7.22554e+09	7.60764e+09	7.09693e+09	7.59512e+09	7.65728e+09
ERR629675	5.83918e+09	6.38169e+09	6.8826e+09	5.87849e+09	5.75937e+09	5.80807e+09	7.03071e+09	6.30428e+09	7.23539e+09	7.20617e+09	6.53116e+09	7.26809e+09	5.47756e+09	5.73461e+09	5.49511e+09	5.64553e+09	5.77368e+09	5.6787e+09	6.39876e+09	6.79845e+09	6.79996e+09	6.02656e+09	6.39976e+09	6.50956e+09	6.18259e+09	6.33268e+09	6.17174e+09	6.35793e+09	5.69275e+09	6.35091e+09	6.00816e+09	5.23663e+09	4.94656e+09	5.74156e+09	5.18893e+09	5.25315e+09	7.08345e+09	6.86141e+09	6.51468e+09	6.88598e+09	6.28409e+09	6.99994e+09	6.2661e+09	6.74245e+09	6.72124e+09	6.67727e+09	6.74052e+09	6.63648e+09	6.81077e+09	6.77618e+09	5.85003e+09	5.97538e+09	6.7898e+09	5.86674e+09	5.82883e+09	5.2826e+09	5.30847e+09	5.57016e+09	6.06738e+09	5.2562e+09	5.90967e+09	5.78849e+09	6.67465e+09	6.08284e+09	6.71535e+09	6.44539e+09	6.2113e+09	6.25787e+09	6.49169e+09	6.26227e+09	6.04888e+09	6.19144e+09	7.02062e+09	7.06983e+09	7.18181e+09	6.94649e+09	6.35907e+09	7.02631e+09	6.6676e+09	6.6584e+09	6.63333e+09	5.84639e+09	5.71777e+09	5.69918e+09	6.98224e+09	7.03849e+09	6.0906e+09	6.05497e+09	7.02499e+09	6.22693e+09	5.96726e+09	6.33037e+09	6.64547e+09	6.22674e+09	6.63555e+09	6.68523e+09
ERR629679	6.67706e+09	7.35223e+09	7.98042e+09	6.73478e+09	6.58787e+09	6.64946e+09	8.14561e+09	7.23083e+09	8.41086e+09	8.37331e+09	7.26809e+09	8.69675e+09	6.29649e+09	6.61358e+09	6.32025e+09	6.5063e+09	6.66478e+09	6.54806e+09	7.40208e+09	7.9052e+09	7.90754e+09	6.92976e+09	7.40279e+09	7.54007e+09	7.08784e+09	7.26831e+09	7.06882e+09	7.29936e+09	6.48478e+09	7.2899e+09	6.98601e+09	6.03456e+09	5.67915e+09	6.65032e+09	5.97728e+09	6.0539e+09	8.26245e+09	7.98337e+09	7.54256e+09	8.01426e+09	7.25086e+09	8.15786e+09	7.24997e+09	7.85131e+09	7.82428e+09	7.77126e+09	7.84914e+09	7.71556e+09	7.89817e+09	7.85397e+09	6.70423e+09	6.85551e+09	7.87197e+09	6.72263e+09	6.63775e+09	5.97313e+09	6.00404e+09	6.32153e+09	6.93003e+09	5.942e+09	6.83075e+09	6.66286e+09	7.78061e+09	7.04344e+09	7.83232e+09	7.4888e+09	7.14191e+09	7.19932e+09	7.48991e+09	7.2037e+09	6.93812e+09	7.11795e+09	8.14679e+09	8.21094e+09	8.35678e+09	8.0536e+09	7.31247e+09	8.15276e+09	7.70131e+09	7.69074e+09	7.65756e+09	6.6823e+09	6.52531e+09	6.50533e+09	8.10717e+09	8.17874e+09	6.99171e+09	6.95193e+09	8.16298e+09	7.16193e+09	6.84364e+09	7.28855e+09	7.67506e+09	7.1581e+09	7.66336e+09	7.72581e+09
ERR618694	5.25031e+09	5.74435e+09	6.18877e+09	5.31165e+09	5.20233e+09	5.24854e+09	6.08471e+09	5.45308e+09	6.26879e+09	6.24121e+09	5.47756e+09	6.29649e+09	5.73459e+09	5.78126e+09	5.54888e+09	5.70434e+09	5.8304e+09	5.73533e+09	6.02031e+09	6.44888e+09	6.44836e+09	5.61033e+09	6.02209e+09	6.12858e+09	5.47927e+09	5.58303e+09	5.45168e+09	5.60865e+09	5.04909e+09	5.60197e+09	6.13251e+09	5.36554e+09	5.06551e+09	5.85742e+09	5.31814e+09	5.37939e+09	6.76719e+09	6.52285e+09	6.14505e+09	6.54739e+09	5.89293e+09	6.67545e+09	5.95974e+09	6.44751e+09	6.42592e+09	6.38755e+09	6.44554e+09	6.33475e+09	6.12482e+09	6.09395e+09	5.28564e+09	5.38641e+09	6.10785e+09	5.29246e+09	5.05032e+09	4.56573e+09	4.58648e+09	4.80573e+09	5.25723e+09	4.54506e+09	5.5221e+09	5.37479e+09	6.22412e+09	5.68037e+09	6.26339e+09	6.00252e+09	5.55674e+09	5.59487e+09	5.80311e+09	5.59376e+09	5.40124e+09	5.5397e+09	6.23292e+09	6.28335e+09	6.39502e+09	6.16769e+09	5.63138e+09	6.2357e+09	5.94646e+09	5.93743e+09	5.91127e+09	5.22411e+09	5.11081e+09	5.10519e+09	6.27075e+09	6.3213e+09	5.47254e+09	5.4532e+09	6.31108e+09	5.59569e+09	5.35755e+09	5.6634e+09	5.9311e+09	5.57156e+09	5.92178e+09	5.96639e+09
ERR618693	5.49531e+09	6.02688e+09	6.50356e+09	5.56513e+09	5.44789e+09	5.4978e+09	6.38632e+09	5.71036e+09	6.5835e+09	6.55358e+09	5.73461e+09	6.61358e+09	5.78126e+09	6.28837e+09	5.81e+09	5.97816e+09	6.1155e+09	6.01129e+09	6.31558e+09	6.77482e+09	6.77459e+09	5.87036e+09	6.31641e+09	6.42912e+09	5.74192e+09	5.85038e+09	5.71033e+09	5.87699e+09	5.28211e+09	5.86948e+09	6.44983e+09	5.62295e+09	5.30027e+09	6.15002e+09	5.57301e+09	5.63781e+09	7.11496e+09	6.85323e+09	6.4441e+09	6.87999e+09	6.17244e+09	7.01614e+09	6.25112e+09	6.7743e+09	6.7504e+09	6.71201e+09	6.77174e+09	6.65244e+09	6.43678e+09	6.40363e+09	5.53641e+09	5.6427e+09	6.41912e+09	5.5422e+09	5.28067e+09	4.76393e+09	4.78653e+09	5.01893e+09	5.50069e+09	4.74248e+09	5.79465e+09	5.62907e+09	6.54803e+09	5.96421e+09	6.59159e+09	6.30814e+09	5.82397e+09	5.86377e+09	6.08733e+09	5.86289e+09	5.6559e+09	5.80528e+09	6.5472e+09	6.60164e+09	6.72349e+09	6.47741e+09	5.9039e+09	6.54933e+09	6.23979e+09	6.22967e+09	6.20193e+09	5.46586e+09	5.34465e+09	5.34014e+09	6.5903e+09	6.64442e+09	5.73329e+09	5.71438e+09	6.63352e+09	5.86525e+09	5.61537e+09	5.94045e+09	6.22604e+09	5.84219e+09	6.2158e+09	6.26363e+09
ERR618695	5.26986e+09	5.76944e+09	6.2169e+09	5.33486e+09	5.22472e+09	5.27184e+09	6.10737e+09	5.47202e+09	6.29195e+09	6.26401e+09	5.49511e+09	6.32025e+09	5.54888e+09	5.81e+09	5.79013e+09	5.73387e+09	5.86259e+09	5.76443e+09	6.04722e+09	6.47842e+09	6.47835e+09	5.62911e+09	6.04823e+09	6.15427e+09	5.50081e+09	5.60361e+09	5.47135e+09	5.62896e+09	5.06765e+09	5.62186e+09	6.17238e+09	5.39807e+09	5.09443e+09	5.89218e+09	5.35137e+09	5.41185e+09	6.79682e+09	6.55037e+09	6.16864e+09	6.57585e+09	5.9128e+09	6.70382e+09	5.98519e+09	6.4772e+09	6.45508e+09	6.41717e+09	6.47527e+09	6.36291e+09	6.15351e+09	6.1217e+09	5.30686e+09	5.40767e+09	6.13644e+09	5.31313e+09	5.06416e+09	4.57445e+09	4.59538e+09	4.81612e+09	5.27136e+09	4.55389e+09	5.55156e+09	5.39875e+09	6.25888e+09	5.71137e+09	6.2992e+09	6.03436e+09	5.57655e+09	5.6149e+09	5.82411e+09	5.6131e+09	5.41897e+09	5.55972e+09	6.25951e+09	6.31005e+09	6.42291e+09	6.19364e+09	5.65409e+09	6.26033e+09	5.9698e+09	5.96063e+09	5.93413e+09	5.24216e+09	5.12771e+09	5.12257e+09	6.29753e+09	6.34883e+09	5.49301e+09	5.47419e+09	6.33822e+09	5.61702e+09	5.38108e+09	5.68816e+09	5.95588e+09	5.5956e+09	5.94633e+09	5.99102e+09
ERR618696	5.41632e+09	5.94003e+09	6.40697e+09	5.48845e+09	5.37305e+09	5.42245e+09	6.28468e+09	5.62196e+09	6.47709e+09	6.44857e+09	5.64553e+09	6.5063e+09	5.70434e+09	5.97816e+09	5.73387e+09	6.12696e+09	6.04093e+09	5.93826e+09	6.22536e+09	6.67407e+09	6.67433e+09	5.78331e+09	6.22612e+09	6.33457e+09	5.6573e+09	5.76136e+09	5.62421e+09	5.78813e+09	5.20638e+09	5.78099e+09	6.36957e+09	5.55874e+09	5.2402e+09	6.07331e+09	5.50986e+09	5.57224e+09	7.00497e+09	6.7484e+09	6.34728e+09	6.77451e+09	6.07846e+09	6.90796e+09	6.16168e+09	6.67421e+09	6.65064e+09	6.61451e+09	6.67161e+09	6.55505e+09	6.34017e+09	6.30835e+09	5.45815e+09	5.56182e+09	6.32308e+09	5.46306e+09	5.19702e+09	4.68788e+09	4.70991e+09	4.93747e+09	5.41259e+09	4.66751e+09	5.71824e+09	5.55152e+09	6.45668e+09	5.88473e+09	6.49999e+09	6.21998e+09	5.7355e+09	5.77438e+09	5.99204e+09	5.7719e+09	5.56953e+09	5.71737e+09	6.44546e+09	6.49923e+09	6.61825e+09	6.37823e+09	5.81577e+09	6.44618e+09	6.14314e+09	6.13398e+09	6.10672e+09	5.38538e+09	5.26622e+09	5.26226e+09	6.48781e+09	6.54178e+09	5.64838e+09	5.63094e+09	6.52997e+09	5.77813e+09	5.53513e+09	5.85358e+09	6.13068e+09	5.75692e+09	6.12055e+09	6.16689e+09
ERR618698	5.53592e+09	6.07779e+09	6.56237e+09	5.61225e+09	5.49269e+09	5.54381e+09	6.43549e+09	5.7498e+09	6.6348e+09	6.60434e+09	5.77368e+09	6.66478e+09	5.8304e+09	6.1155e+09	5.86259e+09	6.04093e+09	6.41084e+09	6.07431e+09	6.37503e+09	6.83917e+09	6.83986e+09	5.91526e+09	6.37543e+09	6.48702e+09	5.78686e+09	5.89421e+09	5.75214e+09	5.92193e+09	5.32081e+09	5.9144e+09	6.52701e+09	5.68554e+09	5.35627e+09	6.21795e+09	5.63539e+09	5.6998e+09	7.17829e+09	6.91319e+09	6.4967e+09	6.94045e+09	6.21762e+09	7.07789e+09	6.30844e+09	6.83957e+09	6.81454e+09	6.77828e+09	6.83683e+09	6.71521e+09	6.49571e+09	6.46194e+09	5.58068e+09	5.6882e+09	6.47753e+09	5.58541e+09	5.31146e+09	4.78595e+09	4.80874e+09	5.04268e+09	5.53321e+09	4.76451e+09	5.85105e+09	5.67548e+09	6.61628e+09	6.02287e+09	6.66136e+09	6.36895e+09	5.86622e+09	5.90614e+09	6.13142e+09	5.90294e+09	5.69408e+09	5.84773e+09	6.60265e+09	6.65874e+09	6.78166e+09	6.53323e+09	5.95115e+09	6.60237e+09	6.28884e+09	6.27913e+09	6.25048e+09	5.50413e+09	5.38073e+09	5.37732e+09	6.64533e+09	6.70073e+09	5.77537e+09	5.75785e+09	6.68974e+09	5.90947e+09	5.66156e+09	5.9901e+09	6.27704e+09	5.89076e+09	6.26633e+09	6.31439e+09
ERR618697	5.44606e+09	5.97367e+09	6.44447e+09	5.51821e+09	5.40172e+09	5.45157e+09	6.32335e+09	5.65463e+09	6.51827e+09	6.48904e+09	5.6787e+09	6.54806e+09	5.73533e+09	6.01129e+09	5.76443e+09	5.93826e+09	6.07431e+09	6.1936e+09	6.26359e+09	6.71675e+09	6.7168e+09	5.81908e+09	6.26443e+09	6.37425e+09	5.68914e+09	5.79512e+09	5.65675e+09	5.82206e+09	5.23442e+09	5.81446e+09	6.40551e+09	5.58788e+09	5.26682e+09	6.10731e+09	5.53806e+09	5.6012e+09	7.04971e+09	6.79095e+09	6.38686e+09	6.81758e+09	6.11565e+09	6.95245e+09	6.19948e+09	6.71732e+09	6.69341e+09	6.65645e+09	6.71478e+09	6.59614e+09	6.37791e+09	6.34559e+09	5.48845e+09	5.5931e+09	6.36024e+09	5.49322e+09	5.2267e+09	4.71448e+09	4.73669e+09	4.96595e+09	5.44457e+09	4.69419e+09	5.74788e+09	5.58062e+09	6.49296e+09	5.91573e+09	6.53629e+09	6.25388e+09	5.7677e+09	5.8074e+09	6.02654e+09	5.8046e+09	5.60075e+09	5.74964e+09	6.48556e+09	6.53965e+09	6.65881e+09	6.41725e+09	5.84965e+09	6.48607e+09	6.17954e+09	6.17017e+09	6.14178e+09	5.41502e+09	5.2946e+09	5.29093e+09	6.5264e+09	6.58082e+09	5.67908e+09	5.66097e+09	6.56968e+09	5.80994e+09	5.56529e+09	5.88642e+09	6.16612e+09	5.78929e+09	6.15688e+09	6.20392e+09
ERR636646	6.04858e+09	6.66321e+09	7.23103e+09	6.11094e+09	5.97661e+09	6.03127e+09	7.15143e+09	6.37105e+09	7.37077e+09	7.33738e+09	6.39876e+09	7.40208e+09	6.02031e+09	6.31558e+09	6.04722e+09	6.22536e+09	6.37503e+09	6.26359e+09	7.564e+09	7.81999e+09	7.82259e+09	6.8769e+09	7.35839e+09	7.47652e+09	6.4107e+09	6.56898e+09	6.38879e+09	6.59745e+09	5.87111e+09	6.59129e+09	6.71837e+09	5.83274e+09	5.49578e+09	6.39791e+09	5.78265e+09	5.8521e+09	7.97855e+09	7.73259e+09	7.32482e+09	7.75968e+09	7.04628e+09	7.88528e+09	7.1525e+09	7.71761e+09	7.69087e+09	7.65089e+09	7.71447e+09	7.58641e+09	7.0997e+09	7.06241e+09	6.03282e+09	6.16662e+09	7.07762e+09	6.04752e+09	6.0323e+09	5.43356e+09	5.45982e+09	5.74476e+09	6.28687e+09	5.4063e+09	6.06361e+09	5.89629e+09	6.91029e+09	6.25169e+09	6.95443e+09	6.64125e+09	6.41724e+09	6.46519e+09	6.72417e+09	6.46532e+09	6.23179e+09	6.39438e+09	7.37256e+09	7.43011e+09	7.5579e+09	7.2941e+09	6.63296e+09	7.37454e+09	6.9381e+09	6.92995e+09	6.89889e+09	6.02365e+09	5.88198e+09	5.86364e+09	7.2843e+09	7.34759e+09	6.27604e+09	6.24398e+09	7.33518e+09	6.43309e+09	6.17123e+09	6.56788e+09	6.91049e+09	6.44808e+09	6.89799e+09	6.95465e+09
ERR636648	6.43014e+09	7.09934e+09	7.72072e+09	6.49732e+09	6.35121e+09	6.41175e+09	7.62387e+09	6.76856e+09	7.86924e+09	7.83184e+09	6.79845e+09	7.9052e+09	6.44888e+09	6.77482e+09	6.47842e+09	6.67407e+09	6.83917e+09	6.71675e+09	7.81999e+09	8.59404e+09	8.35823e+09	7.28656e+09	7.82018e+09	7.96042e+09	6.8028e+09	6.97158e+09	6.77805e+09	7.00374e+09	6.21761e+09	6.99673e+09	7.24124e+09	6.25629e+09	5.88212e+09	6.88444e+09	6.19969e+09	6.27737e+09	8.55626e+09	8.26789e+09	7.80261e+09	8.29984e+09	7.48825e+09	8.44784e+09	7.60187e+09	8.24329e+09	8.21314e+09	8.16389e+09	8.23973e+09	8.09301e+09	7.59184e+09	7.55032e+09	6.42622e+09	6.57137e+09	7.56806e+09	6.44207e+09	6.37699e+09	5.73303e+09	5.76127e+09	6.067e+09	6.65386e+09	5.7035e+09	6.5076e+09	6.3256e+09	7.43935e+09	6.7133e+09	7.48988e+09	7.144e+09	6.8394e+09	6.89256e+09	7.17609e+09	6.89409e+09	6.6374e+09	6.81513e+09	7.87017e+09	7.93433e+09	8.07859e+09	7.78185e+09	7.0526e+09	7.87328e+09	7.40186e+09	7.39287e+09	7.35856e+09	6.40626e+09	6.25315e+09	6.23365e+09	7.79462e+09	7.86439e+09	6.69201e+09	6.65676e+09	7.85089e+09	6.8621e+09	6.56823e+09	6.99867e+09	7.37404e+09	6.8683e+09	7.36045e+09	7.42236e+09
ERR636643	6.43274e+09	7.10351e+09	7.72579e+09	6.5011e+09	6.35523e+09	6.41541e+09	7.62622e+09	6.7698e+09	7.87198e+09	7.83456e+09	6.79996e+09	7.90754e+09	6.44836e+09	6.77459e+09	6.47835e+09	6.67433e+09	6.83986e+09	6.7168e+09	7.82259e+09	8.35823e+09	8.59989e+09	7.28864e+09	7.82206e+09	7.96429e+09	6.80609e+09	6.97506e+09	6.78073e+09	7.00616e+09	6.22015e+09	6.99959e+09	7.24297e+09	6.25615e+09	5.88218e+09	6.88454e+09	6.19986e+09	6.27696e+09	8.55584e+09	8.26864e+09	7.80155e+09	8.30029e+09	7.4876e+09	8.44688e+09	7.60348e+09	8.24469e+09	8.21492e+09	8.1668e+09	8.24122e+09	8.09412e+09	7.59656e+09	7.55521e+09	6.42956e+09	6.57448e+09	7.57269e+09	6.44494e+09	6.37808e+09	5.73266e+09	5.76078e+09	6.06705e+09	6.65516e+09	5.70336e+09	6.51164e+09	6.32653e+09	7.44455e+09	6.71773e+09	7.49467e+09	7.14747e+09	6.84188e+09	6.89468e+09	7.17794e+09	6.89551e+09	6.63942e+09	6.81747e+09	7.87352e+09	7.93839e+09	8.08371e+09	7.78553e+09	7.0558e+09	7.87702e+09	7.40476e+09	7.39581e+09	7.36138e+09	6.40816e+09	6.2551e+09	6.23617e+09	7.79798e+09	7.86826e+09	6.69427e+09	6.65941e+09	7.85423e+09	6.86464e+09	6.57183e+09	7.00316e+09	7.37748e+09	6.87205e+09	7.36394e+09	7.42549e+09
ERR636645	5.67922e+09	6.22743e+09	6.74149e+09	5.71633e+09	5.59461e+09	5.64352e+09	6.70299e+09	5.99713e+09	6.90083e+09	6.87169e+09	6.02656e+09	6.92976e+09	5.61033e+09	5.87036e+09	5.62911e+09	5.78331e+09	5.91526e+09	5.81908e+09	6.8769e+09	7.28656e+09	7.28864e+09	6.66101e+09	6.87734e+09	6.99226e+09	6.01569e+09	6.17368e+09	6.00736e+09	6.19904e+09	5.52585e+09	6.19461e+09	6.17928e+09	5.39186e+09	5.09478e+09	5.9073e+09	5.34508e+09	5.41101e+09	7.43526e+09	7.21498e+09	6.8661e+09	7.23865e+09	6.62621e+09	7.35397e+09	6.69048e+09	7.19443e+09	7.17246e+09	7.12622e+09	7.19149e+09	7.07975e+09	6.61463e+09	6.58042e+09	5.64506e+09	5.77167e+09	6.5942e+09	5.6648e+09	5.7106e+09	5.16885e+09	5.19314e+09	5.45622e+09	5.9434e+09	5.14265e+09	5.61623e+09	5.49707e+09	6.38339e+09	5.78781e+09	6.42112e+09	6.15126e+09	6.01913e+09	6.06482e+09	6.30207e+09	6.06837e+09	5.85571e+09	5.99805e+09	6.89272e+09	6.9412e+09	7.05098e+09	6.81905e+09	6.22229e+09	6.89871e+09	6.49713e+09	6.48907e+09	6.46264e+09	5.66551e+09	5.53713e+09	5.51262e+09	6.79825e+09	6.85495e+09	5.88545e+09	5.84781e+09	6.84347e+09	6.02678e+09	5.77423e+09	6.14179e+09	6.46304e+09	6.03414e+09	6.45187e+09	6.50255e+09
ERR636647	6.04995e+09	6.66387e+09	7.23195e+09	6.11167e+09	5.97762e+09	6.03191e+09	7.15232e+09	6.37226e+09	7.37191e+09	7.33792e+09	6.39976e+09	7.40279e+09	6.02209e+09	6.31641e+09	6.04823e+09	6.22612e+09	6.37543e+09	6.26443e+09	7.35839e+09	7.82018e+09	7.82206e+09	6.87734e+09	7.56376e+09	7.47628e+09	6.41105e+09	6.5692e+09	6.38995e+09	6.59863e+09	5.87192e+09	6.59269e+09	6.7187e+09	5.8333e+09	5.49573e+09	6.39839e+09	5.78238e+09	5.85255e+09	7.9795e+09	7.73298e+09	7.32544e+09	7.7608e+09	7.0469e+09	7.88621e+09	7.15214e+09	7.71808e+09	7.6915e+09	7.65073e+09	7.71435e+09	7.5862e+09	7.10062e+09	7.06293e+09	6.03401e+09	6.16737e+09	7.07911e+09	6.0487e+09	6.03397e+09	5.43504e+09	5.46118e+09	5.74677e+09	6.28899e+09	5.40837e+09	6.06459e+09	5.89782e+09	6.91091e+09	6.25252e+09	6.95546e+09	6.64251e+09	6.41878e+09	6.46702e+09	6.72582e+09	6.46699e+09	6.23334e+09	6.39573e+09	7.37442e+09	7.43165e+09	7.55935e+09	7.29579e+09	6.63479e+09	7.37636e+09	6.93907e+09	6.93115e+09	6.89975e+09	6.02521e+09	5.88321e+09	5.86483e+09	7.28535e+09	7.34951e+09	6.27778e+09	6.2452e+09	7.33655e+09	6.43453e+09	6.17218e+09	6.56965e+09	6.91162e+09	6.44935e+09	6.89887e+09	6.95585e+09
ERR636644	6.14927e+09	6.7749e+09	7.35563e+09	6.20783e+09	6.07069e+09	6.12646e+09	7.27993e+09	6.48082e+09	7.50718e+09	7.47293e+09	6.50956e+09	7.54007e+09	6.12858e+09	6.42912e+09	6.15427e+09	6.33457e+09	6.48702e+09	6.37425e+09	7.47652e+09	7.96042e+09	7.96429e+09	6.99226e+09	7.47628e+09	7.82044e+09	6.51258e+09	6.67725e+09	6.49304e+09	6.7063e+09	5.96208e+09	6.70047e+09	6.83353e+09	5.92751e+09	5.5836e+09	6.50947e+09	5.87499e+09	5.9474e+09	8.13438e+09	7.87632e+09	7.45679e+09	7.90463e+09	7.1706e+09	8.03731e+09	7.26742e+09	7.85448e+09	7.82752e+09	7.78116e+09	7.85114e+09	7.71809e+09	7.22475e+09	7.18619e+09	6.1332e+09	6.27124e+09	7.202e+09	6.14966e+09	6.13154e+09	5.52269e+09	5.54946e+09	5.84088e+09	6.39201e+09	5.49469e+09	6.16919e+09	6.00624e+09	7.03628e+09	6.36133e+09	7.08076e+09	6.7638e+09	6.53097e+09	6.58086e+09	6.84647e+09	6.58257e+09	6.343e+09	6.50772e+09	7.50507e+09	7.56315e+09	7.69515e+09	7.42297e+09	6.74369e+09	7.50898e+09	7.06328e+09	7.05474e+09	7.02301e+09	6.12838e+09	5.98401e+09	5.96334e+09	7.41868e+09	7.48403e+09	6.38746e+09	6.35181e+09	7.47124e+09	6.54732e+09	6.27159e+09	6.67916e+09	7.0317e+09	6.55649e+09	7.01913e+09	7.077e+09
ERR636686	5.9038e+09	6.46677e+09	6.97486e+09	5.96645e+09	5.84458e+09	5.89403e+09	6.86445e+09	6.15704e+09	7.05957e+09	7.02911e+09	6.18259e+09	7.08784e+09	5.47927e+09	5.74192e+09	5.50081e+09	5.6573e+09	5.78686e+09	5.68914e+09	6.4107e+09	6.8028e+09	6.80609e+09	6.01569e+09	6.41105e+09	6.51258e+09	6.49219e+09	6.44154e+09	6.28228e+09	6.46879e+09	5.7976e+09	6.46161e+09	6.04547e+09	5.26771e+09	4.97113e+09	5.76504e+09	5.22065e+09	5.28177e+09	7.07201e+09	6.86038e+09	6.50377e+09	6.88455e+09	6.26781e+09	6.98982e+09	6.27718e+09	6.74422e+09	6.72217e+09	6.6931e+09	6.74225e+09	6.6405e+09	6.84765e+09	6.81326e+09	5.88424e+09	6.0042e+09	6.82784e+09	5.89349e+09	5.83506e+09	5.26885e+09	5.29466e+09	5.55941e+09	6.07318e+09	5.24464e+09	5.97785e+09	5.81558e+09	6.74253e+09	6.15039e+09	6.78687e+09	6.50142e+09	6.24716e+09	6.29159e+09	6.52705e+09	6.29273e+09	6.07583e+09	6.2262e+09	7.07222e+09	7.12482e+09	7.24181e+09	7.00256e+09	6.4117e+09	7.07376e+09	6.71136e+09	6.70361e+09	6.67474e+09	5.88143e+09	5.74752e+09	5.73868e+09	7.04979e+09	7.10617e+09	6.14179e+09	6.1175e+09	7.09326e+09	6.28343e+09	6.02614e+09	6.38498e+09	6.691e+09	6.27807e+09	6.67914e+09	6.73044e+09
ERR636690	6.02688e+09	6.6011e+09	7.12679e+09	6.08201e+09	5.95603e+09	6.00745e+09	7.03405e+09	6.30422e+09	7.23748e+09	7.20687e+09	6.33268e+09	7.26831e+09	5.58303e+09	5.85038e+09	5.60361e+09	5.76136e+09	5.89421e+09	5.79512e+09	6.56898e+09	6.97158e+09	6.97506e+09	6.17368e+09	6.5692e+09	6.67725e+09	6.44154e+09	6.78412e+09	6.4235e+09	6.62232e+09	5.9193e+09	6.61504e+09	6.14079e+09	5.34553e+09	5.04458e+09	5.85903e+09	5.29708e+09	5.36128e+09	7.25561e+09	7.035e+09	6.67519e+09	7.06048e+09	6.4355e+09	7.17148e+09	6.43125e+09	6.91702e+09	6.89446e+09	6.85682e+09	6.91468e+09	6.80831e+09	6.99109e+09	6.95562e+09	5.9958e+09	6.12321e+09	6.97043e+09	6.00952e+09	5.98074e+09	5.40298e+09	5.42928e+09	5.7039e+09	6.22666e+09	5.37696e+09	6.07489e+09	5.92616e+09	6.86221e+09	6.25219e+09	6.90557e+09	6.61872e+09	6.38328e+09	6.43038e+09	6.67294e+09	6.4318e+09	6.21065e+09	6.36154e+09	7.24212e+09	7.29481e+09	7.41268e+09	7.16843e+09	6.55741e+09	7.24556e+09	6.86789e+09	6.85965e+09	6.82976e+09	6.01044e+09	5.87376e+09	5.85913e+09	7.2096e+09	7.26779e+09	6.27379e+09	6.2432e+09	7.2544e+09	6.41963e+09	6.14552e+09	6.51997e+09	6.84012e+09	6.4098e+09	6.82918e+09	6.88135e+09
ERR636687	5.88255e+09	6.43607e+09	6.94015e+09	5.93688e+09	5.81556e+09	5.86514e+09	6.84538e+09	6.14449e+09	7.04001e+09	7.01038e+09	6.17174e+09	7.06882e+09	5.45168e+09	5.71033e+09	5.47135e+09	5.62421e+09	5.75214e+09	5.65675e+09	6.38879e+09	6.77805e+09	6.78073e+09	6.00736e+09	6.38995e+09	6.49304e+09	6.28228e+09	6.4235e+09	6.44695e+09	6.44978e+09	5.7791e+09	6.44269e+09	5.99361e+09	5.22621e+09	4.93373e+09	5.72194e+09	5.17931e+09	5.24066e+09	7.05029e+09	6.83768e+09	6.48986e+09	6.86195e+09	6.25847e+09	6.96888e+09	6.25623e+09	6.72111e+09	6.69936e+09	6.66545e+09	6.71888e+09	6.61789e+09	6.81152e+09	6.77816e+09	5.85613e+09	5.97783e+09	6.79173e+09	5.8683e+09	5.82952e+09	5.27163e+09	5.29675e+09	5.56193e+09	6.06692e+09	5.24678e+09	5.93391e+09	5.78948e+09	6.69313e+09	6.10511e+09	6.73564e+09	6.45807e+09	6.22564e+09	6.27054e+09	6.50458e+09	6.27225e+09	6.05871e+09	6.20574e+09	7.04773e+09	7.09782e+09	7.21175e+09	6.97647e+09	6.39071e+09	7.05042e+09	6.68986e+09	6.68171e+09	6.65366e+09	5.86647e+09	5.73425e+09	5.72131e+09	7.01976e+09	7.076e+09	6.12101e+09	6.09275e+09	7.06306e+09	6.26056e+09	5.99828e+09	6.3576e+09	6.66541e+09	6.25177e+09	6.65472e+09	6.70432e+09
ERR636688	6.05067e+09	6.63011e+09	7.15846e+09	6.10686e+09	5.98077e+09	6.03234e+09	7.06424e+09	6.32966e+09	7.26909e+09	7.23791e+09	6.35793e+09	7.29936e+09	5.60865e+09	5.87699e+09	5.62896e+09	5.78813e+09	5.92193e+09	5.82206e+09	6.59745e+09	7.00374e+09	7.00616e+09	6.19904e+09	6.59863e+09	6.7063e+09	6.46879e+09	6.62232e+09	6.44978e+09	6.84056e+09	5.94307e+09	6.64264e+09	6.17217e+09	5.37183e+09	5.0682e+09	5.88797e+09	5.32285e+09	5.38659e+09	7.28888e+09	7.0668e+09	6.70443e+09	7.09272e+09	6.46306e+09	7.20401e+09	6.46052e+09	6.94967e+09	6.92658e+09	6.88917e+09	6.94714e+09	6.84005e+09	7.02259e+09	6.98704e+09	6.021e+09	6.1486e+09	7.00191e+09	6.03431e+09	6.00261e+09	5.42143e+09	5.44755e+09	5.72407e+09	6.25063e+09	5.39538e+09	6.10349e+09	5.95223e+09	6.89582e+09	6.28157e+09	6.93959e+09	6.64955e+09	6.4094e+09	6.45699e+09	6.70062e+09	6.45826e+09	6.23499e+09	6.38818e+09	7.27336e+09	7.32676e+09	7.44506e+09	7.1993e+09	6.58356e+09	7.27655e+09	6.89688e+09	6.88819e+09	6.85859e+09	6.03387e+09	5.89616e+09	5.8815e+09	7.24162e+09	7.29995e+09	6.2995e+09	6.26914e+09	7.28672e+09	6.44576e+09	6.17097e+09	6.54742e+09	6.86922e+09	6.43638e+09	6.85787e+09	6.91053e+09
ERR636685	5.44165e+09	5.93456e+09	6.37934e+09	5.4937e+09	5.38598e+09	5.43051e+09	6.28867e+09	5.66904e+09	6.45973e+09	6.43368e+09	5.69275e+09	6.48478e+09	5.04909e+09	5.28211e+09	5.06765e+09	5.20638e+09	5.32081e+09	5.23442e+09	5.87111e+09	6.21761e+09	6.22015e+09	5.52585e+09	5.87192e+09	5.96208e+09	5.7976e+09	5.9193e+09	5.7791e+09	5.94307e+09	5.51434e+09	5.93703e+09	5.54016e+09	4.8514e+09	4.58781e+09	5.29458e+09	4.80924e+09	4.86481e+09	6.45853e+09	6.27032e+09	5.95738e+09	6.29183e+09	5.75016e+09	6.38619e+09	5.74771e+09	6.15994e+09	6.14053e+09	6.11212e+09	6.15812e+09	6.06869e+09	6.26585e+09	6.23643e+09	5.42037e+09	5.52705e+09	6.24826e+09	5.4299e+09	5.38677e+09	4.88322e+09	4.90584e+09	5.14295e+09	5.5975e+09	4.86167e+09	5.48874e+09	5.35381e+09	6.16368e+09	5.64204e+09	6.20177e+09	5.95414e+09	5.74255e+09	5.78163e+09	5.98841e+09	5.78281e+09	5.59258e+09	5.72439e+09	6.46832e+09	6.51337e+09	6.61487e+09	6.4068e+09	5.88912e+09	6.4703e+09	6.15417e+09	6.14634e+09	6.1212e+09	5.42498e+09	5.30669e+09	5.29748e+09	6.44721e+09	6.49662e+09	5.65272e+09	5.62889e+09	6.48553e+09	5.77626e+09	5.5472e+09	5.86379e+09	6.1339e+09	5.77019e+09	6.12376e+09	6.16794e+09
ERR636689	6.04491e+09	6.62226e+09	7.15055e+09	6.10064e+09	5.97421e+09	6.02567e+09	7.05567e+09	6.3216e+09	7.25932e+09	7.2289e+09	6.35091e+09	7.2899e+09	5.60197e+09	5.86948e+09	5.62186e+09	5.78099e+09	5.9144e+09	5.81446e+09	6.59129e+09	6.99673e+09	6.99959e+09	6.19461e+09	6.59269e+09	6.70047e+09	6.46161e+09	6.61504e+09	6.44269e+09	6.64264e+09	5.93703e+09	6.82563e+09	6.16467e+09	5.36574e+09	5.06267e+09	5.88097e+09	5.31619e+09	5.38063e+09	7.28085e+09	7.05951e+09	6.69789e+09	7.08493e+09	6.45671e+09	7.19605e+09	6.45512e+09	6.94213e+09	6.91965e+09	6.88238e+09	6.93934e+09	6.83296e+09	7.01448e+09	6.97882e+09	6.01408e+09	6.14219e+09	6.99357e+09	6.02801e+09	5.99738e+09	5.41736e+09	5.44391e+09	5.71941e+09	6.24477e+09	5.39093e+09	6.09397e+09	5.9438e+09	6.8855e+09	6.27265e+09	6.92931e+09	6.64058e+09	6.40254e+09	6.44984e+09	6.69368e+09	6.45121e+09	6.22838e+09	6.38139e+09	7.26548e+09	7.31852e+09	7.43693e+09	7.19134e+09	6.57752e+09	7.26838e+09	6.88811e+09	6.87975e+09	6.85038e+09	6.02732e+09	5.88993e+09	5.8752e+09	7.23269e+09	7.29072e+09	6.29245e+09	6.26133e+09	7.27777e+09	6.43831e+09	6.16346e+09	6.53903e+09	6.86138e+09	6.42855e+09	6.85006e+09	6.90217e+09
ERR612595	5.79469e+09	6.39857e+09	6.92701e+09	5.89729e+09	5.76739e+09	5.82584e+09	6.73422e+09	5.98719e+09	6.95417e+09	6.91886e+09	6.00816e+09	6.98601e+09	6.13251e+09	6.44983e+09	6.17238e+09	6.36957e+09	6.52701e+09	6.40551e+09	6.71837e+09	7.24124e+09	7.24297e+09	6.17928e+09	6.7187e+09	6.83353e+09	6.04547e+09	6.14079e+09	5.99361e+09	6.17217e+09	5.54016e+09	6.16467e+09	7.56692e+09	6.30908e+09	5.92322e+09	6.92188e+09	6.25353e+09	6.32392e+09	7.61869e+09	7.31884e+09	6.83317e+09	7.34918e+09	6.51446e+09	7.50293e+09	6.69641e+09	7.29041e+09	7.26117e+09	7.23635e+09	7.28865e+09	7.14917e+09	6.85805e+09	6.82237e+09	5.86238e+09	5.97265e+09	6.8396e+09	5.85931e+09	5.47853e+09	4.91212e+09	4.93653e+09	5.18041e+09	5.71662e+09	4.89179e+09	6.23528e+09	6.00778e+09	7.08528e+09	6.42627e+09	7.14316e+09	6.79765e+09	6.22135e+09	6.26288e+09	6.51059e+09	6.25771e+09	6.02732e+09	6.20312e+09	6.99967e+09	7.06533e+09	7.20939e+09	6.92559e+09	6.28587e+09	6.99397e+09	6.58585e+09	6.57607e+09	6.54094e+09	5.73606e+09	5.60383e+09	5.61036e+09	7.01731e+09	7.07875e+09	6.06433e+09	6.05535e+09	7.06774e+09	6.21026e+09	5.97535e+09	6.32075e+09	6.62591e+09	6.21455e+09	6.61352e+09	6.66548e+09
ERR612598	5.06684e+09	5.56165e+09	5.98837e+09	5.15269e+09	5.04462e+09	5.0927e+09	5.83006e+09	5.21855e+09	6.00945e+09	5.98034e+09	5.23663e+09	6.03456e+09	5.36554e+09	5.62295e+09	5.39807e+09	5.55874e+09	5.68554e+09	5.58788e+09	5.83274e+09	6.25629e+09	6.25615e+09	5.39186e+09	5.8333e+09	5.92751e+09	5.26771e+09	5.34553e+09	5.22621e+09	5.37183e+09	4.8514e+09	5.36574e+09	6.30908e+09	5.74013e+09	5.20677e+09	6.01147e+09	5.47845e+09	5.53652e+09	6.55928e+09	6.31776e+09	5.92733e+09	6.34127e+09	5.66539e+09	6.46667e+09	5.81528e+09	6.29485e+09	6.27124e+09	6.24944e+09	6.29335e+09	6.18217e+09	5.93049e+09	5.90158e+09	5.1229e+09	5.2132e+09	5.91528e+09	5.12063e+09	4.78832e+09	4.31309e+09	4.33365e+09	4.53759e+09	4.98731e+09	4.29681e+09	5.43142e+09	5.24635e+09	6.11892e+09	5.58811e+09	6.16601e+09	5.88985e+09	5.41576e+09	5.45036e+09	5.65218e+09	5.44491e+09	5.25488e+09	5.40066e+09	6.05033e+09	6.10378e+09	6.21896e+09	5.99038e+09	5.46868e+09	6.04562e+09	5.71138e+09	5.70252e+09	5.67469e+09	5.01591e+09	4.90601e+09	4.91182e+09	6.0595e+09	6.10873e+09	5.28504e+09	5.27751e+09	6.10072e+09	5.40461e+09	5.21455e+09	5.49673e+09	5.74738e+09	5.41046e+09	5.73749e+09	5.77982e+09
ERR612596	4.78705e+09	5.24012e+09	5.6309e+09	4.86344e+09	4.76382e+09	4.80842e+09	5.49141e+09	4.92955e+09	5.6556e+09	5.62842e+09	4.94656e+09	5.67915e+09	5.06551e+09	5.30027e+09	5.09443e+09	5.2402e+09	5.35627e+09	5.26682e+09	5.49578e+09	5.88212e+09	5.88218e+09	5.09478e+09	5.49573e+09	5.5836e+09	4.97113e+09	5.04458e+09	4.93373e+09	5.0682e+09	4.58781e+09	5.06267e+09	5.92322e+09	5.20677e+09	5.11672e+09	5.65473e+09	5.16491e+09	5.21821e+09	6.16037e+09	5.94033e+09	5.58536e+09	5.96174e+09	5.34725e+09	6.07574e+09	5.48029e+09	5.91824e+09	5.89771e+09	5.87544e+09	5.91702e+09	5.81534e+09	5.57753e+09	5.55112e+09	4.83732e+09	4.92051e+09	5.5634e+09	4.83634e+09	4.53078e+09	4.08965e+09	4.10889e+09	4.29917e+09	4.71499e+09	4.07412e+09	5.11548e+09	4.94791e+09	5.74481e+09	5.25893e+09	5.78644e+09	5.53672e+09	5.10942e+09	5.14073e+09	5.32624e+09	5.1362e+09	4.96177e+09	5.09484e+09	5.69138e+09	5.73897e+09	5.84464e+09	5.63535e+09	5.15674e+09	5.6879e+09	5.37849e+09	5.3707e+09	5.34536e+09	4.73952e+09	4.63877e+09	4.6436e+09	5.69734e+09	5.74185e+09	4.98746e+09	4.97971e+09	5.73425e+09	5.09712e+09	4.92105e+09	5.18082e+09	5.41064e+09	5.10234e+09	5.40197e+09	5.44059e+09
