	ERR637038	ERR637037	ERR637036	ERR637033	ERR637034	ERR637035	ERR630047	ERR630042	ERR630044	ERR630046	ERR630045	ERR630043	ERR629807	ERR629811	ERR629809	ERR629806	ERR629810	ERR629808	ERR613041	ERR613042	ERR613046	ERR613045	ERR613043	ERR613044	ERR636741	ERR636740	ERR636742	ERR636743	ERR636739	ERR636744	ERR608852	ERR608851	ERR608848	ERR608849	ERR608847	ERR608850	ERR607805	ERR607808	ERR607806	ERR607810	ERR607809	ERR607807	ERR618694	ERR618693	ERR618695	ERR618696	ERR618698	ERR618697	ERR629692	ERR629693	ERR629696	ERR629694	ERR629697	ERR629695	ERR626703	ERR626698	ERR626699	ERR626700	ERR626701	ERR626702	ERR609228	ERR609225	ERR609227	ERR609224	ERR609226	ERR609223	ERR630250	ERR630251	ERR630253	ERR630252	ERR630248	ERR630249	ERR612958	ERR612962	ERR612961	ERR612960	ERR612959	ERR612957	ERR607399	ERR607402	ERR607401	ERR607397	ERR607400	ERR607398	ERR605600	ERR605599	ERR605602	ERR605603	ERR605604	ERR605601	ERR612856	ERR612858	ERR612859	ERR612857	ERR612860	ERR612855
ERR637038	0	0.232772	0.232822	0.23695	0.23499	0.235128	0.302948	0.28873	0.298198	0.311241	0.34253	0.314695	0.450205	0.444384	0.44422	0.44228	0.443278	0.449466	0.333373	0.337852	0.436932	0.430282	0.337966	0.445183	0.279729	0.278592	0.275382	0.274469	0.276218	0.275623	0.308017	0.30835	0.311147	0.305804	0.370791	0.308642	0.375243	0.394517	0.377409	0.393443	0.394447	0.370679	0.436006	0.432282	0.4382	0.437874	0.435871	0.435945	0.45245	0.468733	0.448826	0.467274	0.447944	0.448462	0.440435	0.443328	0.438378	0.446513	0.440031	0.440707	0.474402	0.471835	0.474602	0.472983	0.490194	0.473994	0.473381	0.492298	0.498948	0.48246	0.452391	0.46643	0.543004	0.54063	0.546387	0.536143	0.503045	0.499188	0.439832	0.448929	0.442747	0.4539	0.445409	0.433337	0.497061	0.495285	0.499547	0.498864	0.499687	0.500009	0.537913	0.532441	0.541866	0.497865	0.53706	0.492701
ERR637037	0.232772	0	0.232508	0.235475	0.23484	0.235017	0.301234	0.28739	0.296572	0.309067	0.339877	0.312817	0.449877	0.445197	0.444989	0.44272	0.444076	0.449281	0.334035	0.337642	0.435071	0.42844	0.337872	0.44314	0.280475	0.279442	0.275228	0.274711	0.275571	0.275697	0.308884	0.309322	0.311803	0.307222	0.369577	0.309789	0.377274	0.396142	0.379972	0.395193	0.396058	0.372969	0.438604	0.435424	0.440847	0.440831	0.439106	0.438987	0.453376	0.469265	0.449855	0.467817	0.448967	0.449632	0.441021	0.444781	0.439104	0.446034	0.44083	0.44151	0.475182	0.472238	0.475406	0.473721	0.490734	0.474931	0.473662	0.492297	0.498662	0.482636	0.453088	0.466754	0.543768	0.541736	0.547396	0.53721	0.504416	0.500896	0.441793	0.449731	0.443545	0.454001	0.446185	0.435023	0.498588	0.497018	0.501094	0.50046	0.501265	0.501409	0.538285	0.533163	0.542493	0.498729	0.537732	0.493975
ERR637036	0.232822	0.232508	0	0.234971	0.234977	0.234722	0.299176	0.286476	0.295416	0.306817	0.337645	0.311275	0.449744	0.445767	0.445535	0.443148	0.444486	0.449097	0.334249	0.337468	0.433897	0.427273	0.33756	0.442182	0.280568	0.279661	0.274844	0.274596	0.275029	0.275824	0.309596	0.309858	0.311988	0.308025	0.368224	0.310361	0.378021	0.396862	0.381361	0.396077	0.397148	0.374135	0.44002	0.437059	0.442329	0.442509	0.440856	0.440728	0.454007	0.469336	0.450576	0.46812	0.449637	0.450334	0.441962	0.445824	0.439846	0.445975	0.44159	0.442337	0.47586	0.472679	0.476111	0.474487	0.491391	0.475855	0.473777	0.492241	0.498288	0.482641	0.453692	0.466781	0.54401	0.542316	0.548033	0.537801	0.505124	0.501875	0.443103	0.450222	0.444267	0.453814	0.446695	0.436063	0.499625	0.498154	0.502038	0.501437	0.502304	0.502204	0.538544	0.533846	0.543013	0.499408	0.538292	0.494828
ERR637033	0.23695	0.235475	0.234971	0	0.236857	0.236239	0.294511	0.284481	0.292234	0.301196	0.329735	0.30571	0.447406	0.447949	0.447413	0.443916	0.44628	0.446878	0.336153	0.336175	0.426216	0.419901	0.336302	0.434656	0.283522	0.282695	0.276014	0.276288	0.274244	0.278161	0.312914	0.313162	0.313112	0.312316	0.362903	0.312983	0.382094	0.399734	0.387356	0.399541	0.400362	0.379665	0.446431	0.444856	0.448877	0.449828	0.448792	0.448149	0.456857	0.469635	0.45346	0.468791	0.452897	0.453313	0.442848	0.448706	0.440676	0.442702	0.442374	0.443151	0.477976	0.473316	0.47845	0.476605	0.492186	0.478275	0.473141	0.490482	0.495716	0.481388	0.455065	0.466092	0.544575	0.544233	0.549422	0.539767	0.508144	0.506093	0.448555	0.450676	0.445105	0.45168	0.447601	0.440063	0.503552	0.502559	0.505496	0.504975	0.505512	0.505093	0.537555	0.534368	0.54284	0.50079	0.538626	0.497318
ERR637034	0.23499	0.23484	0.234977	0.236857	0	0.234963	0.307238	0.291282	0.301107	0.315557	0.347125	0.318341	0.451105	0.444482	0.444157	0.442411	0.443309	0.450311	0.333308	0.338831	0.439461	0.432738	0.339421	0.447347	0.280076	0.277613	0.276277	0.275628	0.276382	0.276104	0.308157	0.308615	0.310942	0.30439	0.373065	0.308234	0.374596	0.394375	0.375997	0.392346	0.393507	0.370041	0.43551	0.431522	0.437386	0.436499	0.434448	0.434709	0.452666	0.469734	0.44911	0.468126	0.448174	0.448711	0.440269	0.442824	0.438316	0.447828	0.439947	0.440604	0.475046	0.472838	0.475307	0.473744	0.490651	0.474343	0.474509	0.493691	0.500627	0.483439	0.452826	0.467445	0.543591	0.540779	0.546769	0.536231	0.502852	0.498327	0.438579	0.449617	0.443338	0.45543	0.445977	0.43275	0.49775	0.495703	0.499828	0.499188	0.499992	0.500578	0.538256	0.532328	0.541974	0.497502	0.537051	0.491844
ERR637035	0.235128	0.235017	0.234722	0.236239	0.234963	0	0.29863	0.287941	0.297531	0.307278	0.339228	0.313082	0.450932	0.445039	0.444875	0.443351	0.443923	0.450604	0.334497	0.338302	0.437371	0.430724	0.338351	0.445909	0.278222	0.278556	0.275566	0.275254	0.275376	0.276145	0.308887	0.309436	0.311509	0.307084	0.369063	0.309589	0.376973	0.397216	0.379908	0.39654	0.397496	0.371827	0.436732	0.433655	0.43906	0.439275	0.437491	0.437179	0.453361	0.469111	0.449371	0.468131	0.448312	0.449054	0.442665	0.445251	0.440244	0.447515	0.442453	0.44295	0.474765	0.471713	0.475151	0.473465	0.491856	0.47484	0.473496	0.492278	0.498176	0.482445	0.45218	0.465882	0.543793	0.542217	0.548047	0.53772	0.503465	0.499921	0.440198	0.449897	0.443697	0.452557	0.446354	0.433434	0.497561	0.495831	0.500175	0.499244	0.500322	0.50017	0.539439	0.534756	0.544096	0.499031	0.539403	0.494412
ERR630047	0.302948	0.301234	0.299176	0.294511	0.307238	0.29863	0	0.258781	0.262015	0.247345	0.268975	0.263239	0.468918	0.480492	0.480847	0.476043	0.478878	0.470167	0.37202	0.362153	0.421384	0.416925	0.361048	0.432012	0.323122	0.328901	0.317619	0.319533	0.315061	0.32201	0.339962	0.339339	0.336374	0.346364	0.351745	0.341383	0.415494	0.430867	0.427008	0.435054	0.435627	0.414271	0.464903	0.468216	0.469687	0.47459	0.476118	0.47312	0.478989	0.48214	0.475853	0.484041	0.474649	0.47619	0.479539	0.487079	0.476515	0.4635	0.479488	0.480023	0.498443	0.489611	0.499469	0.497623	0.51257	0.501692	0.481298	0.494002	0.49337	0.488313	0.4707	0.473688	0.558626	0.565056	0.568535	0.560897	0.530741	0.533834	0.483153	0.469609	0.466391	0.457318	0.468869	0.470169	0.520491	0.522474	0.523512	0.522904	0.523638	0.520036	0.555778	0.560059	0.566233	0.527398	0.562918	0.528437
ERR630042	0.28873	0.28739	0.286476	0.284481	0.291282	0.287941	0.258781	0	0.248344	0.26257	0.285296	0.257979	0.461229	0.470043	0.470224	0.465025	0.468357	0.461616	0.357663	0.35211	0.420117	0.414559	0.351564	0.429251	0.313604	0.315336	0.307905	0.308686	0.307148	0.310329	0.319412	0.319068	0.318647	0.323835	0.352046	0.32118	0.395218	0.407299	0.404077	0.409523	0.410348	0.39635	0.440025	0.441204	0.444389	0.446921	0.448074	0.446039	0.464677	0.470989	0.462932	0.471127	0.462146	0.462916	0.464438	0.471817	0.462786	0.455753	0.464074	0.464836	0.486924	0.481132	0.487642	0.485153	0.495554	0.487938	0.471098	0.485124	0.489153	0.478072	0.459425	0.465501	0.544403	0.546228	0.550304	0.54201	0.515304	0.516446	0.467929	0.455741	0.452403	0.454985	0.454389	0.457373	0.505594	0.506888	0.50798	0.507655	0.508067	0.506009	0.541819	0.541566	0.548471	0.512822	0.545016	0.51239
ERR630044	0.298198	0.296572	0.295416	0.292234	0.301107	0.297531	0.262015	0.248344	0	0.263316	0.280214	0.255273	0.462957	0.476104	0.476005	0.470175	0.47417	0.463192	0.365236	0.357515	0.41362	0.408058	0.356709	0.4223	0.323808	0.325344	0.316627	0.317512	0.315366	0.319705	0.325629	0.325266	0.322891	0.331411	0.347219	0.326732	0.399767	0.408638	0.410648	0.411712	0.412285	0.403407	0.441756	0.44414	0.446131	0.449637	0.451365	0.448708	0.467895	0.470628	0.467222	0.470862	0.466676	0.467206	0.469495	0.478347	0.46804	0.457221	0.469037	0.469927	0.49164	0.485023	0.49261	0.489973	0.497182	0.492976	0.470683	0.482596	0.485864	0.476558	0.462758	0.465909	0.541815	0.544808	0.548284	0.540943	0.517354	0.519721	0.475968	0.456294	0.453997	0.454697	0.455675	0.46421	0.509416	0.511639	0.511383	0.511216	0.511172	0.508564	0.539724	0.540623	0.546579	0.515045	0.543609	0.515973
ERR630046	0.311241	0.309067	0.306817	0.301196	0.315557	0.307278	0.247345	0.26257	0.263316	0	0.261984	0.260471	0.470534	0.48621	0.486329	0.480603	0.484209	0.471745	0.378309	0.365991	0.413858	0.409758	0.365095	0.424353	0.332316	0.337831	0.325228	0.327355	0.322371	0.330074	0.345283	0.344537	0.340335	0.353468	0.346729	0.346569	0.419846	0.432457	0.433333	0.437405	0.437855	0.420924	0.467566	0.472017	0.472343	0.478114	0.480013	0.476979	0.482632	0.482627	0.480226	0.484539	0.479319	0.480576	0.484051	0.493118	0.481254	0.464714	0.483817	0.484547	0.502819	0.493131	0.503763	0.502081	0.513982	0.506315	0.48121	0.492257	0.490596	0.487403	0.474236	0.474285	0.556861	0.564532	0.567374	0.560395	0.533137	0.537431	0.49075	0.470492	0.468245	0.456702	0.470423	0.476717	0.524576	0.527116	0.526948	0.526548	0.526902	0.522959	0.553797	0.559232	0.564564	0.529465	0.561784	0.531801
ERR630045	0.34253	0.339877	0.337645	0.329735	0.347125	0.339228	0.268975	0.285296	0.280214	0.261984	0	0.266386	0.48175	0.506797	0.506671	0.499285	0.504416	0.483056	0.401663	0.384296	0.397975	0.394815	0.383287	0.407152	0.363979	0.369141	0.354628	0.357054	0.351202	0.360275	0.36698	0.365778	0.358621	0.377921	0.337868	0.367501	0.43696	0.44161	0.454449	0.448329	0.448317	0.443312	0.475873	0.483532	0.48079	0.488464	0.491789	0.487646	0.497427	0.488334	0.497123	0.490638	0.496774	0.49769	0.502448	0.514464	0.500327	0.475211	0.502034	0.503018	0.519448	0.507732	0.520802	0.518675	0.523059	0.523502	0.485596	0.49017	0.486365	0.488538	0.489156	0.480961	0.553575	0.564276	0.565453	0.560947	0.542455	0.550589	0.515094	0.478471	0.478965	0.461267	0.480154	0.499313	0.539285	0.544016	0.540302	0.540599	0.540252	0.53503	0.551489	0.560518	0.563422	0.539734	0.561851	0.545648
ERR630043	0.314695	0.312817	0.311275	0.30571	0.318341	0.313082	0.263239	0.257979	0.255273	0.260471	0.266386	0	0.467659	0.487497	0.487337	0.48049	0.485182	0.46872	0.37768	0.365139	0.401014	0.396842	0.36414	0.410038	0.339787	0.342506	0.331524	0.332755	0.329102	0.335386	0.337753	0.336444	0.332322	0.346576	0.337369	0.338835	0.410695	0.415313	0.424885	0.420271	0.42044	0.416762	0.448414	0.453778	0.453233	0.458672	0.461334	0.457856	0.476755	0.472947	0.476645	0.474435	0.476522	0.476899	0.480673	0.491453	0.479177	0.461116	0.480122	0.481081	0.500611	0.491788	0.501829	0.499202	0.502651	0.50299	0.472463	0.480579	0.481477	0.47668	0.470889	0.467991	0.540402	0.546214	0.548512	0.542565	0.52318	0.528836	0.490803	0.460599	0.459882	0.454188	0.461172	0.477124	0.518357	0.522212	0.519328	0.519785	0.519455	0.51559	0.538851	0.542803	0.547239	0.521466	0.545018	0.525091
ERR629807	0.450205	0.449877	0.449744	0.447406	0.451105	0.450932	0.468918	0.461229	0.462957	0.470534	0.48175	0.467659	0	0.261573	0.259577	0.248011	0.257402	0.23433	0.420084	0.417748	0.475295	0.470291	0.417924	0.482245	0.442426	0.442268	0.437974	0.43772	0.43739	0.439099	0.46658	0.465462	0.464776	0.467343	0.487743	0.466119	0.417207	0.426589	0.423191	0.428049	0.427806	0.419231	0.474081	0.473447	0.476753	0.478343	0.478223	0.477167	0.318842	0.319303	0.320278	0.319761	0.321806	0.320839	0.288005	0.305909	0.287739	0.272556	0.287446	0.28816	0.314929	0.306068	0.315909	0.313011	0.312064	0.315377	0.316327	0.333462	0.342541	0.322955	0.309268	0.310208	0.390516	0.388767	0.393859	0.384794	0.363401	0.370015	0.345236	0.309717	0.307105	0.318249	0.308126	0.328181	0.378368	0.383031	0.377617	0.378497	0.377378	0.373796	0.357454	0.354254	0.362282	0.329264	0.358297	0.33453
ERR629811	0.444384	0.445197	0.445767	0.447949	0.444482	0.445039	0.480492	0.470043	0.476104	0.48621	0.506797	0.487497	0.261573	0	0.231336	0.233861	0.231439	0.261419	0.419286	0.427157	0.513234	0.507516	0.427663	0.520146	0.433107	0.432507	0.433716	0.432921	0.435256	0.432842	0.464301	0.464146	0.466818	0.461087	0.509687	0.464592	0.417112	0.435237	0.414215	0.433803	0.434105	0.410978	0.472437	0.46609	0.473972	0.471927	0.468873	0.470114	0.316937	0.342561	0.313064	0.341282	0.312855	0.313133	0.279265	0.278709	0.27707	0.30396	0.280064	0.279278	0.303004	0.304237	0.302438	0.30081	0.323612	0.300091	0.343078	0.37142	0.384124	0.355583	0.309796	0.333324	0.416328	0.406206	0.415169	0.400813	0.359117	0.353463	0.308607	0.328446	0.319748	0.346204	0.322508	0.302424	0.365701	0.363891	0.368296	0.366986	0.368275	0.369435	0.391242	0.376532	0.391136	0.330612	0.383843	0.322611
ERR629809	0.44422	0.444989	0.445535	0.447413	0.444157	0.444875	0.480847	0.470224	0.476005	0.486329	0.506671	0.487337	0.259577	0.231336	0	0.232815	0.230187	0.259368	0.418519	0.42618	0.511636	0.506152	0.426742	0.518687	0.433207	0.432379	0.433434	0.432596	0.434789	0.432599	0.46418	0.464041	0.466485	0.46066	0.509301	0.464177	0.416187	0.433971	0.413709	0.432382	0.432862	0.410494	0.472977	0.466603	0.47435	0.472245	0.469092	0.47042	0.316544	0.341455	0.312815	0.340327	0.313058	0.313016	0.277828	0.278052	0.275748	0.302199	0.278365	0.277884	0.303096	0.304717	0.302745	0.301385	0.322701	0.30042	0.342706	0.370646	0.383408	0.354751	0.310108	0.332928	0.415085	0.40457	0.413447	0.399204	0.358647	0.353254	0.30943	0.327633	0.319267	0.345847	0.321753	0.30309	0.366831	0.365017	0.368787	0.367811	0.368732	0.370057	0.389209	0.374186	0.388711	0.329117	0.381248	0.32147
ERR629806	0.44228	0.44272	0.443148	0.443916	0.442411	0.443351	0.476043	0.465025	0.470175	0.480603	0.499285	0.48049	0.248011	0.233861	0.232815	0	0.232301	0.24738	0.415659	0.421266	0.501841	0.496181	0.421895	0.50867	0.432531	0.431558	0.431189	0.430435	0.432039	0.430853	0.462479	0.462159	0.463814	0.45976	0.503049	0.462382	0.413968	0.430057	0.413259	0.428809	0.429044	0.410264	0.472178	0.467034	0.473847	0.472655	0.470252	0.471064	0.313577	0.333962	0.311439	0.332722	0.311723	0.311568	0.274422	0.279988	0.273167	0.29054	0.274717	0.274342	0.302798	0.301624	0.302969	0.300738	0.316738	0.300454	0.333898	0.360132	0.372774	0.345231	0.306339	0.325495	0.408304	0.399627	0.407591	0.394419	0.358149	0.355337	0.314705	0.320258	0.312733	0.337576	0.315327	0.305443	0.36744	0.367236	0.369009	0.36864	0.368799	0.368874	0.379669	0.366886	0.380213	0.326073	0.373479	0.321103
ERR629810	0.443278	0.444076	0.444486	0.44628	0.443309	0.443923	0.478878	0.468357	0.47417	0.484209	0.504416	0.485182	0.257402	0.231439	0.230187	0.232301	0	0.257367	0.417568	0.424716	0.509651	0.50405	0.425374	0.516659	0.432276	0.431626	0.432476	0.431605	0.433849	0.431859	0.463441	0.463261	0.46559	0.460105	0.507632	0.463599	0.415734	0.433306	0.413563	0.43191	0.432397	0.410163	0.472539	0.466461	0.47403	0.472298	0.46925	0.470365	0.315765	0.33982	0.31221	0.338815	0.312245	0.312435	0.277405	0.278487	0.275522	0.299915	0.277938	0.277558	0.302532	0.303384	0.302069	0.300514	0.321418	0.299809	0.340786	0.368439	0.381035	0.352848	0.309024	0.331251	0.413723	0.403913	0.412547	0.398584	0.35843	0.353497	0.310093	0.326121	0.317765	0.343784	0.320515	0.302976	0.36644	0.365092	0.368316	0.367463	0.368307	0.369337	0.387788	0.373378	0.387662	0.328841	0.380355	0.321758
ERR629808	0.449466	0.449281	0.449097	0.446878	0.450311	0.450604	0.470167	0.461616	0.463192	0.471745	0.483056	0.46872	0.23433	0.261419	0.259368	0.24738	0.257367	0	0.41946	0.417515	0.475415	0.470459	0.417982	0.482006	0.442048	0.441321	0.436905	0.436736	0.436674	0.438206	0.466429	0.46547	0.464846	0.466889	0.488137	0.465622	0.416847	0.426094	0.422661	0.427001	0.427046	0.419209	0.474368	0.473311	0.4767	0.478293	0.477835	0.477245	0.319235	0.320891	0.321106	0.320112	0.322504	0.321727	0.287609	0.305532	0.287641	0.274267	0.286971	0.287664	0.316354	0.307395	0.317345	0.314536	0.313353	0.316444	0.316652	0.334409	0.343893	0.32384	0.309929	0.312066	0.390885	0.388837	0.393702	0.384767	0.363974	0.369907	0.345013	0.310146	0.307641	0.319614	0.308259	0.32853	0.37939	0.384131	0.378927	0.379842	0.378448	0.375283	0.357368	0.354241	0.361763	0.329519	0.357745	0.334052
ERR613041	0.333373	0.334035	0.334249	0.336153	0.333308	0.334497	0.37202	0.357663	0.365236	0.378309	0.401663	0.37768	0.420084	0.419286	0.418519	0.415659	0.417568	0.41946	0	0.252267	0.373114	0.365236	0.252445	0.381624	0.321551	0.319727	0.320172	0.319209	0.321209	0.319598	0.342967	0.343034	0.344773	0.339899	0.397103	0.342544	0.339171	0.355903	0.342377	0.354714	0.355353	0.337739	0.409767	0.406119	0.411268	0.410927	0.409021	0.40933	0.422073	0.434119	0.419863	0.432955	0.419379	0.419131	0.412274	0.417737	0.411408	0.416713	0.412164	0.412851	0.428046	0.423922	0.42814	0.426259	0.437551	0.42695	0.43907	0.456389	0.463692	0.44655	0.42324	0.433747	0.482515	0.478672	0.485043	0.474483	0.444413	0.441964	0.408943	0.408275	0.402944	0.415282	0.405301	0.40096	0.447539	0.447064	0.448043	0.44825	0.448301	0.44838	0.471857	0.466125	0.475142	0.436294	0.470511	0.43335
ERR613042	0.337852	0.337642	0.337468	0.336175	0.338831	0.338302	0.362153	0.35211	0.357515	0.365991	0.384296	0.365139	0.417748	0.427157	0.42618	0.421266	0.424716	0.417515	0.252267	0	0.34618	0.339068	0.246702	0.355574	0.328048	0.327582	0.323501	0.323436	0.323152	0.324792	0.347373	0.347011	0.346779	0.348623	0.382784	0.347185	0.347895	0.359373	0.356698	0.361401	0.361602	0.350177	0.416482	0.416592	0.419101	0.421201	0.421409	0.420163	0.427401	0.432129	0.426081	0.431906	0.425743	0.425648	0.418991	0.428105	0.417815	0.411995	0.418593	0.419267	0.431961	0.424658	0.432571	0.430475	0.436901	0.432743	0.435249	0.448846	0.453471	0.441019	0.426041	0.430443	0.477131	0.477667	0.482396	0.473738	0.448164	0.450133	0.423848	0.407798	0.404427	0.409179	0.406233	0.412141	0.452536	0.4542	0.452714	0.453385	0.4528	0.451308	0.46525	0.464521	0.47124	0.438707	0.467769	0.440142
ERR613046	0.436932	0.435071	0.433897	0.426216	0.439461	0.437371	0.421384	0.420117	0.41362	0.413858	0.397975	0.401014	0.475295	0.513234	0.511636	0.501841	0.509651	0.475415	0.373114	0.34618	0	0.27	0.345433	0.272551	0.434341	0.435015	0.423662	0.424943	0.420613	0.427764	0.428197	0.426086	0.418075	0.439017	0.37671	0.427036	0.430282	0.415827	0.453049	0.424208	0.422697	0.447964	0.462461	0.474656	0.466172	0.475265	0.480845	0.475461	0.49664	0.472435	0.501632	0.473727	0.502471	0.501606	0.500288	0.518228	0.500612	0.466646	0.49941	0.500681	0.507107	0.491654	0.509079	0.506539	0.486746	0.51068	0.469976	0.460607	0.456686	0.464887	0.494443	0.472878	0.4773	0.491273	0.488375	0.490476	0.498812	0.514972	0.522857	0.457593	0.463088	0.443989	0.46183	0.50562	0.518747	0.527689	0.515029	0.517494	0.514572	0.50842	0.468418	0.483331	0.478955	0.492626	0.481536	0.507934
ERR613045	0.430282	0.42844	0.427273	0.419901	0.432738	0.430724	0.416925	0.414559	0.408058	0.409758	0.394815	0.396842	0.470291	0.507516	0.506152	0.496181	0.50405	0.470459	0.365236	0.339068	0.27	0	0.337842	0.272282	0.42745	0.428094	0.417046	0.418012	0.414068	0.4209	0.421518	0.4196	0.411732	0.432022	0.373624	0.420393	0.423051	0.409106	0.445598	0.41727	0.415847	0.440849	0.456333	0.467933	0.459645	0.468695	0.474178	0.469053	0.49086	0.467544	0.495831	0.468709	0.496616	0.49574	0.49448	0.512172	0.494738	0.461802	0.493461	0.494881	0.50134	0.486381	0.503395	0.501049	0.481196	0.504704	0.465186	0.456927	0.453628	0.460686	0.489044	0.468431	0.47408	0.486893	0.484355	0.48603	0.493402	0.508976	0.516666	0.452103	0.457406	0.43957	0.456195	0.499437	0.513206	0.52211	0.509398	0.511896	0.509045	0.50308	0.464695	0.478843	0.475074	0.487276	0.477271	0.502326
ERR613043	0.337966	0.337872	0.33756	0.336302	0.339421	0.338351	0.361048	0.351564	0.356709	0.365095	0.383287	0.36414	0.417924	0.427663	0.426742	0.421895	0.425374	0.417982	0.252445	0.246702	0.345433	0.337842	0	0.354532	0.328061	0.328074	0.323865	0.323778	0.323415	0.324967	0.346369	0.34594	0.345654	0.347948	0.381447	0.346476	0.348325	0.359603	0.357641	0.361866	0.362249	0.35076	0.416027	0.4164	0.41879	0.420991	0.421044	0.41973	0.427548	0.432203	0.426323	0.4322	0.426082	0.426001	0.419546	0.42872	0.418452	0.412072	0.41914	0.419959	0.431774	0.424224	0.432368	0.430521	0.437041	0.432765	0.435023	0.448569	0.453376	0.440858	0.426015	0.430093	0.477472	0.477657	0.482411	0.473877	0.448201	0.450535	0.424699	0.407887	0.404491	0.408762	0.406395	0.412638	0.452614	0.454294	0.452763	0.453364	0.45286	0.451356	0.465892	0.464491	0.471506	0.438943	0.467918	0.440555
ERR613044	0.445183	0.44314	0.442182	0.434656	0.447347	0.445909	0.432012	0.429251	0.4223	0.424353	0.407152	0.410038	0.482245	0.520146	0.518687	0.50867	0.516659	0.482006	0.381624	0.355574	0.272551	0.272282	0.354532	0	0.44288	0.44286	0.432108	0.433046	0.428794	0.435844	0.434869	0.432708	0.42461	0.445519	0.380735	0.433463	0.435982	0.419512	0.458934	0.427723	0.426354	0.455002	0.465325	0.477685	0.468562	0.477611	0.483191	0.478074	0.502832	0.478021	0.508408	0.478865	0.509207	0.508193	0.506873	0.524992	0.507636	0.474451	0.506048	0.50739	0.514164	0.49866	0.516067	0.513656	0.491995	0.51733	0.47525	0.465085	0.461655	0.469843	0.501425	0.479337	0.478963	0.492686	0.489344	0.491949	0.503333	0.519465	0.529961	0.463282	0.469459	0.450624	0.467656	0.512776	0.524862	0.533967	0.520351	0.523283	0.520032	0.514232	0.469839	0.484829	0.480083	0.497266	0.48298	0.513015
ERR636741	0.279729	0.280475	0.280568	0.283522	0.280076	0.278222	0.323122	0.313604	0.323808	0.332316	0.363979	0.339787	0.442426	0.433107	0.433207	0.432531	0.432276	0.442048	0.321551	0.328048	0.434341	0.42745	0.328061	0.44288	0	0.23769	0.238735	0.238478	0.239348	0.237933	0.302426	0.302928	0.305181	0.299155	0.365995	0.30283	0.358317	0.380775	0.360166	0.379915	0.380732	0.35196	0.416736	0.412334	0.418793	0.418229	0.415813	0.415856	0.440174	0.457312	0.436042	0.456488	0.434971	0.435628	0.43278	0.433804	0.430241	0.440863	0.432957	0.433235	0.463605	0.461083	0.463727	0.462389	0.481701	0.463456	0.464206	0.483682	0.4898	0.473339	0.441366	0.456518	0.530706	0.528633	0.534837	0.524046	0.488249	0.483873	0.425052	0.438566	0.432138	0.441895	0.434762	0.418982	0.483455	0.481301	0.485872	0.485106	0.486159	0.486363	0.528589	0.523416	0.533197	0.48673	0.528328	0.481353
ERR636740	0.278592	0.279442	0.279661	0.282695	0.277613	0.278556	0.328901	0.315336	0.325344	0.337831	0.369141	0.342506	0.442268	0.432507	0.432379	0.431558	0.431626	0.441321	0.319727	0.327582	0.435015	0.428094	0.328074	0.44286	0.23769	0	0.238468	0.237678	0.239123	0.23712	0.30139	0.302308	0.304646	0.296786	0.368872	0.301435	0.356423	0.378125	0.356803	0.375967	0.376927	0.350718	0.4165	0.411504	0.41817	0.416675	0.413726	0.41449	0.440038	0.458223	0.436254	0.45669	0.43535	0.435733	0.430436	0.431668	0.42834	0.440706	0.430444	0.430837	0.464053	0.462132	0.464132	0.462727	0.480671	0.463177	0.465201	0.484945	0.492136	0.474187	0.442168	0.458144	0.530592	0.527519	0.533773	0.522928	0.488015	0.482935	0.424179	0.438585	0.431913	0.444524	0.434508	0.419057	0.484079	0.481726	0.486206	0.485554	0.486419	0.487121	0.527536	0.521183	0.531154	0.485446	0.526171	0.479356
ERR636742	0.275382	0.275228	0.274844	0.276014	0.276277	0.275566	0.317619	0.307905	0.316627	0.325228	0.354628	0.331524	0.437974	0.433716	0.433434	0.431189	0.432476	0.436905	0.320172	0.323501	0.423662	0.417046	0.323865	0.432108	0.238735	0.238468	0	0.232938	0.234776	0.233496	0.302713	0.303194	0.304531	0.301095	0.359799	0.303105	0.361751	0.381558	0.36555	0.380947	0.381708	0.357723	0.424876	0.421834	0.427242	0.427449	0.42552	0.42536	0.442093	0.457145	0.438742	0.455823	0.437816	0.438321	0.430853	0.434786	0.42871	0.435102	0.430771	0.431364	0.465256	0.461788	0.465398	0.463876	0.480818	0.465116	0.463159	0.481652	0.487452	0.471868	0.443036	0.456273	0.530845	0.529679	0.535328	0.525113	0.491873	0.488859	0.431673	0.438151	0.432317	0.441123	0.434716	0.424168	0.487769	0.486403	0.490111	0.489377	0.490252	0.490038	0.526335	0.522172	0.531205	0.487652	0.52662	0.483157
ERR636743	0.274469	0.274711	0.274596	0.276288	0.275628	0.275254	0.319533	0.308686	0.317512	0.327355	0.357054	0.332755	0.43772	0.432921	0.432596	0.430435	0.431605	0.436736	0.319209	0.323436	0.424943	0.418012	0.323778	0.433046	0.238478	0.237678	0.232938	0	0.23511	0.233183	0.302048	0.302503	0.304318	0.300212	0.361384	0.302699	0.360234	0.380139	0.363366	0.379237	0.380065	0.356144	0.422773	0.419343	0.424882	0.424853	0.422709	0.42276	0.441034	0.456695	0.437594	0.455212	0.436816	0.437287	0.429409	0.433199	0.427401	0.434715	0.429374	0.429856	0.464101	0.460954	0.464297	0.462754	0.479521	0.463858	0.462596	0.481371	0.487552	0.471324	0.442137	0.455848	0.530343	0.528573	0.534247	0.52397	0.490852	0.487419	0.429828	0.437292	0.431335	0.441205	0.43376	0.422793	0.486402	0.484991	0.488756	0.487977	0.488897	0.48872	0.525694	0.520793	0.530126	0.486263	0.525448	0.481593
ERR636739	0.276218	0.275571	0.275029	0.274244	0.276382	0.275376	0.315061	0.307148	0.315366	0.322371	0.351202	0.329102	0.43739	0.435256	0.434789	0.432039	0.433849	0.436674	0.321209	0.323152	0.420613	0.414068	0.323415	0.428794	0.239348	0.239123	0.234776	0.23511	0	0.236203	0.304657	0.304807	0.304631	0.303032	0.357058	0.304688	0.364147	0.383388	0.369036	0.383099	0.383796	0.361109	0.428172	0.426095	0.430539	0.431061	0.429467	0.429007	0.444091	0.458129	0.440671	0.456948	0.440062	0.440545	0.432144	0.436871	0.429881	0.434473	0.432115	0.43264	0.466918	0.462516	0.467255	0.465687	0.482019	0.467174	0.463505	0.48155	0.486914	0.471872	0.44424	0.456434	0.532026	0.531507	0.536996	0.526986	0.493959	0.491414	0.434666	0.439309	0.433596	0.440673	0.436032	0.426454	0.490382	0.489221	0.492268	0.491781	0.492459	0.492046	0.526385	0.523047	0.53177	0.48864	0.527398	0.484555
ERR636744	0.275623	0.275697	0.275824	0.278161	0.276104	0.276145	0.32201	0.310329	0.319705	0.330074	0.360275	0.335386	0.439099	0.432842	0.432599	0.430853	0.431859	0.438206	0.319598	0.324792	0.427764	0.4209	0.324967	0.435844	0.237933	0.23712	0.233496	0.233183	0.236203	0	0.301283	0.302069	0.304137	0.299109	0.363214	0.30222	0.359097	0.379482	0.361665	0.37836	0.379364	0.354475	0.421209	0.41728	0.423285	0.422753	0.420496	0.420591	0.440916	0.457142	0.437359	0.455669	0.436417	0.436933	0.429856	0.432964	0.427836	0.436651	0.429868	0.430389	0.464276	0.461475	0.464427	0.463001	0.480103	0.46393	0.46369	0.482714	0.489046	0.472511	0.442473	0.45676	0.530614	0.528485	0.534343	0.523958	0.490205	0.486585	0.428329	0.437585	0.43155	0.442288	0.434073	0.421836	0.485905	0.48416	0.488274	0.487657	0.488485	0.488642	0.526516	0.521209	0.530635	0.486335	0.525871	0.481368
ERR608852	0.308017	0.308884	0.309596	0.312914	0.308157	0.308887	0.339962	0.319412	0.325629	0.345283	0.36698	0.337753	0.46658	0.464301	0.46418	0.462479	0.463441	0.466429	0.342967	0.347373	0.428197	0.421518	0.346369	0.434869	0.302426	0.30139	0.302713	0.302048	0.304657	0.301283	0	0.253329	0.257052	0.255422	0.320794	0.253847	0.364217	0.375635	0.368365	0.375087	0.375797	0.365363	0.403306	0.400471	0.404717	0.404079	0.402807	0.402656	0.455487	0.46661	0.454192	0.4662	0.45364	0.453577	0.460071	0.46283	0.459715	0.465823	0.459914	0.460608	0.484949	0.482948	0.485207	0.483469	0.493147	0.483907	0.47623	0.491682	0.499492	0.483028	0.461313	0.471174	0.531363	0.52682	0.532566	0.523182	0.497011	0.494047	0.449454	0.448063	0.443892	0.45614	0.445946	0.443158	0.499358	0.499129	0.500162	0.500053	0.500523	0.50112	0.532387	0.525104	0.533536	0.498674	0.529596	0.495535
ERR608851	0.30835	0.309322	0.309858	0.313162	0.308615	0.309436	0.339339	0.319068	0.325266	0.344537	0.365778	0.336444	0.465462	0.464146	0.464041	0.462159	0.463261	0.46547	0.343034	0.347011	0.426086	0.4196	0.34594	0.432708	0.302928	0.302308	0.303194	0.302503	0.304807	0.302069	0.253329	0	0.257297	0.256376	0.318689	0.254126	0.364036	0.374839	0.368768	0.37432	0.375463	0.365545	0.402065	0.39997	0.403652	0.403698	0.402407	0.402098	0.4552	0.465374	0.453923	0.465221	0.453417	0.453413	0.459802	0.462968	0.459493	0.464915	0.459732	0.460315	0.484473	0.482129	0.484767	0.48303	0.491989	0.483654	0.474851	0.489834	0.497715	0.481402	0.460698	0.469811	0.52961	0.525071	0.530809	0.521453	0.495958	0.493341	0.449746	0.447128	0.442785	0.454921	0.444804	0.443086	0.498746	0.498671	0.499343	0.49943	0.499801	0.500034	0.530708	0.523692	0.531964	0.49788	0.528026	0.495131
ERR608848	0.311147	0.311803	0.311988	0.313112	0.310942	0.311509	0.336374	0.318647	0.322891	0.340335	0.358621	0.332322	0.464776	0.466818	0.466485	0.463814	0.46559	0.464846	0.344773	0.346779	0.418075	0.411732	0.345654	0.42461	0.305181	0.304646	0.304531	0.304318	0.304631	0.304137	0.257052	0.257297	0	0.25891	0.308309	0.257005	0.365491	0.374437	0.372375	0.374529	0.375317	0.368801	0.403126	0.402504	0.404454	0.405473	0.404828	0.403841	0.456786	0.464533	0.455915	0.464277	0.455671	0.455447	0.462599	0.46682	0.462107	0.464713	0.462504	0.463199	0.487279	0.483426	0.487782	0.485973	0.493413	0.486663	0.473406	0.487148	0.4941	0.47923	0.461935	0.468601	0.527335	0.524547	0.529603	0.520929	0.496822	0.495322	0.454433	0.44706	0.44342	0.451779	0.445243	0.44652	0.501793	0.502344	0.501991	0.502259	0.502254	0.501851	0.528485	0.523174	0.530662	0.498617	0.527081	0.496915
ERR608849	0.305804	0.307222	0.308025	0.312316	0.30439	0.307084	0.346364	0.323835	0.331411	0.353468	0.377921	0.346576	0.467343	0.461087	0.46066	0.45976	0.460105	0.466889	0.339899	0.348623	0.439017	0.432022	0.347948	0.445519	0.299155	0.296786	0.301095	0.300212	0.303032	0.299109	0.255422	0.256376	0.25891	0	0.333228	0.255315	0.36276	0.377381	0.363667	0.374733	0.375764	0.36142	0.406589	0.401996	0.407309	0.405315	0.402923	0.403881	0.455299	0.470187	0.452972	0.46922	0.452622	0.452428	0.456948	0.458222	0.456673	0.467524	0.456891	0.457454	0.483818	0.482995	0.483913	0.482276	0.493761	0.481903	0.47972	0.496778	0.505779	0.487066	0.461065	0.474086	0.535712	0.529848	0.53616	0.525969	0.497247	0.491865	0.443329	0.450305	0.445083	0.460701	0.447587	0.438669	0.499164	0.497596	0.499999	0.499826	0.500406	0.501424	0.535961	0.527014	0.536326	0.498099	0.531848	0.492796
ERR608847	0.370791	0.369577	0.368224	0.362903	0.373065	0.369063	0.351745	0.352046	0.347219	0.346729	0.337868	0.337369	0.487743	0.509687	0.509301	0.503049	0.507632	0.488137	0.397103	0.382784	0.37671	0.373624	0.381447	0.380735	0.365995	0.368872	0.359799	0.361384	0.357058	0.363214	0.320794	0.318689	0.308309	0.333228	0	0.320234	0.413953	0.407615	0.433265	0.41436	0.413432	0.4265	0.427527	0.437601	0.431104	0.4392	0.44314	0.438448	0.491695	0.478033	0.49414	0.479599	0.494279	0.494127	0.504856	0.515375	0.504089	0.485565	0.504525	0.505397	0.521967	0.511238	0.523434	0.521481	0.517484	0.524564	0.481466	0.480991	0.479916	0.481023	0.492518	0.480705	0.52224	0.530526	0.531017	0.528124	0.52124	0.530308	0.510432	0.467457	0.470394	0.455012	0.470025	0.496271	0.535129	0.540679	0.533361	0.534453	0.533309	0.52896	0.526848	0.534084	0.534929	0.52609	0.534864	0.534043
ERR608850	0.308642	0.309789	0.310361	0.312983	0.308234	0.309589	0.341383	0.32118	0.326732	0.346569	0.367501	0.338835	0.466119	0.464592	0.464177	0.462382	0.463599	0.465622	0.342544	0.347185	0.427036	0.420393	0.346476	0.433463	0.30283	0.301435	0.303105	0.302699	0.304688	0.30222	0.253847	0.254126	0.257005	0.255315	0.320234	0	0.363371	0.374556	0.367684	0.373197	0.374057	0.364747	0.403334	0.400937	0.404623	0.404101	0.402593	0.402638	0.455969	0.466509	0.454747	0.465955	0.454276	0.453997	0.460126	0.463177	0.459973	0.466003	0.459873	0.460682	0.485952	0.483558	0.48622	0.484397	0.493099	0.484664	0.476174	0.491282	0.499042	0.482507	0.461797	0.471303	0.530364	0.525832	0.531469	0.522126	0.496602	0.493381	0.45011	0.448306	0.443875	0.456239	0.445987	0.443699	0.500438	0.500269	0.500654	0.500739	0.501089	0.501175	0.531035	0.523899	0.532096	0.49797	0.528039	0.494813
ERR607805	0.375243	0.377274	0.378021	0.382094	0.374596	0.376973	0.415494	0.395218	0.399767	0.419846	0.43696	0.410695	0.417207	0.417112	0.416187	0.413968	0.415734	0.416847	0.339171	0.347895	0.430282	0.423051	0.348325	0.435982	0.358317	0.356423	0.361751	0.360234	0.364147	0.359097	0.364217	0.364036	0.365491	0.36276	0.413953	0.363371	0	0.268548	0.258946	0.266025	0.267208	0.258474	0.351623	0.346959	0.351758	0.349429	0.347438	0.348343	0.398657	0.406428	0.399821	0.405322	0.399927	0.398972	0.414275	0.418197	0.414456	0.422256	0.414093	0.414637	0.436707	0.434035	0.437021	0.435245	0.437005	0.434812	0.424144	0.437853	0.447762	0.42927	0.414477	0.420413	0.4594	0.452548	0.45847	0.448754	0.428297	0.427206	0.398656	0.387177	0.384525	0.400708	0.385852	0.391275	0.415529	0.41739	0.414373	0.414686	0.414173	0.414488	0.449099	0.440203	0.449015	0.420479	0.444732	0.419311
ERR607808	0.394517	0.396142	0.396862	0.399734	0.394375	0.397216	0.430867	0.407299	0.408638	0.432457	0.44161	0.415313	0.426589	0.435237	0.433971	0.430057	0.433306	0.426094	0.355903	0.359373	0.415827	0.409106	0.359603	0.419512	0.380775	0.378125	0.381558	0.380139	0.383388	0.379482	0.375635	0.374839	0.374437	0.377381	0.407615	0.374556	0.268548	0	0.279998	0.26239	0.262301	0.282654	0.341062	0.34073	0.341318	0.341192	0.341351	0.340575	0.409067	0.40656	0.413353	0.405393	0.414352	0.412473	0.428895	0.435967	0.430089	0.430866	0.428285	0.429141	0.450126	0.446451	0.451112	0.448961	0.440068	0.448572	0.423718	0.430636	0.440528	0.425282	0.426348	0.423923	0.445921	0.440124	0.4441	0.437399	0.430919	0.434545	0.420694	0.3888	0.389794	0.40353	0.389198	0.411564	0.426238	0.431182	0.422898	0.42449	0.422651	0.4222	0.437943	0.430957	0.436693	0.425646	0.434102	0.429037
ERR607806	0.377409	0.379972	0.381361	0.387356	0.375997	0.379908	0.427008	0.404077	0.410648	0.433333	0.454449	0.424885	0.423191	0.414215	0.413709	0.413259	0.413563	0.422661	0.342377	0.356698	0.453049	0.445598	0.357641	0.458934	0.360166	0.356803	0.36555	0.363366	0.369036	0.361665	0.368365	0.368768	0.372375	0.363667	0.433265	0.367684	0.258946	0.279998	0	0.273749	0.275513	0.254668	0.361665	0.352166	0.361222	0.355556	0.351414	0.354177	0.400006	0.415946	0.399617	0.41419	0.39955	0.398698	0.411828	0.412262	0.412271	0.428453	0.4117	0.412291	0.435836	0.4363	0.435889	0.434216	0.440554	0.432828	0.434897	0.452398	0.463978	0.441633	0.41772	0.430292	0.472247	0.461732	0.469108	0.457902	0.431998	0.426207	0.390209	0.395531	0.390748	0.414431	0.392691	0.386846	0.41542	0.41476	0.415117	0.415154	0.415126	0.417171	0.461252	0.448274	0.459032	0.422988	0.453497	0.417481
ERR607810	0.393443	0.395193	0.396077	0.399541	0.392346	0.39654	0.435054	0.409523	0.411712	0.437405	0.448329	0.420271	0.428049	0.433803	0.432382	0.428809	0.43191	0.427001	0.354714	0.361401	0.424208	0.41727	0.361866	0.427723	0.379915	0.375967	0.380947	0.379237	0.383099	0.37836	0.375087	0.37432	0.374529	0.374733	0.41436	0.373197	0.266025	0.26239	0.273749	0	0.260237	0.278889	0.34364	0.341349	0.343381	0.341713	0.340921	0.341055	0.408674	0.409606	0.412938	0.407656	0.413768	0.411749	0.426749	0.433058	0.428363	0.432953	0.426399	0.42711	0.450571	0.447911	0.451245	0.448975	0.4411	0.448089	0.427408	0.436187	0.446939	0.429676	0.427262	0.427617	0.449916	0.442132	0.447083	0.439452	0.431284	0.432486	0.416865	0.39147	0.391079	0.40892	0.391093	0.409305	0.42706	0.430756	0.423388	0.425132	0.423504	0.423378	0.441484	0.432538	0.439091	0.425367	0.435885	0.426844
ERR607809	0.394447	0.396058	0.397148	0.400362	0.393507	0.397496	0.435627	0.410348	0.412285	0.437855	0.448317	0.42044	0.427806	0.434105	0.432862	0.429044	0.432397	0.427046	0.355353	0.361602	0.422697	0.415847	0.362249	0.426354	0.380732	0.376927	0.381708	0.380065	0.383796	0.379364	0.375797	0.375463	0.375317	0.375764	0.413432	0.374057	0.267208	0.262301	0.275513	0.260237	0	0.280323	0.342847	0.340807	0.342598	0.341066	0.340595	0.340602	0.408932	0.408941	0.412989	0.407013	0.41391	0.411876	0.42723	0.433648	0.428791	0.432847	0.426633	0.427522	0.450968	0.448034	0.451627	0.449397	0.440892	0.448581	0.426963	0.434729	0.445577	0.428484	0.427296	0.427036	0.448492	0.441339	0.445864	0.43853	0.431241	0.432768	0.417743	0.390931	0.390879	0.408164	0.390925	0.410024	0.427289	0.431423	0.423588	0.425352	0.423601	0.423512	0.44028	0.431649	0.438018	0.425525	0.43524	0.427248
ERR607807	0.370679	0.372969	0.374135	0.379665	0.370041	0.371827	0.414271	0.39635	0.403407	0.420924	0.443312	0.416762	0.419231	0.410978	0.410494	0.410264	0.410163	0.419209	0.337739	0.350177	0.447964	0.440849	0.35076	0.455002	0.35196	0.350718	0.357723	0.356144	0.361109	0.354475	0.365363	0.365545	0.368801	0.36142	0.4265	0.364747	0.258474	0.282654	0.254668	0.278889	0.280323	0	0.363427	0.355248	0.363782	0.359602	0.35586	0.357915	0.398611	0.413604	0.397205	0.412697	0.396738	0.396374	0.411119	0.411734	0.410769	0.4245	0.411234	0.411509	0.433016	0.432376	0.433214	0.431765	0.441253	0.430961	0.431677	0.449356	0.459401	0.438945	0.413755	0.42577	0.47328	0.465026	0.472202	0.461125	0.432405	0.427884	0.388847	0.393986	0.388908	0.408004	0.39107	0.383865	0.413109	0.41252	0.413398	0.41285	0.413486	0.41479	0.462532	0.45162	0.462268	0.423563	0.456897	0.419113
ERR618694	0.436006	0.438604	0.44002	0.446431	0.43551	0.436732	0.464903	0.440025	0.441756	0.467566	0.475873	0.448414	0.474081	0.472437	0.472977	0.472178	0.472539	0.474368	0.409767	0.416482	0.462461	0.456333	0.416027	0.465325	0.416736	0.4165	0.424876	0.422773	0.428172	0.421209	0.403306	0.402065	0.403126	0.406589	0.427527	0.403334	0.351623	0.341062	0.361665	0.34364	0.342847	0.363427	0	0.27304	0.272164	0.274421	0.277165	0.27439	0.434972	0.429489	0.440704	0.428957	0.440914	0.439529	0.469951	0.470225	0.470165	0.478176	0.470061	0.470384	0.476526	0.474018	0.477241	0.475105	0.465178	0.47498	0.438336	0.441627	0.451181	0.437892	0.44469	0.440564	0.44965	0.444601	0.447148	0.442951	0.442327	0.44762	0.443218	0.413354	0.416257	0.427813	0.415262	0.436706	0.460091	0.465594	0.457124	0.458595	0.457178	0.456485	0.472533	0.465947	0.470419	0.466961	0.468903	0.471587
ERR618693	0.432282	0.435424	0.437059	0.444856	0.431522	0.433655	0.468216	0.441204	0.44414	0.472017	0.483532	0.453778	0.473447	0.46609	0.466603	0.467034	0.466461	0.473311	0.406119	0.416592	0.474656	0.467933	0.4164	0.477685	0.412334	0.411504	0.421834	0.419343	0.426095	0.41728	0.400471	0.39997	0.402504	0.401996	0.437601	0.400937	0.346959	0.34073	0.352166	0.341349	0.340807	0.355248	0.27304	0	0.272546	0.271628	0.271384	0.271205	0.430147	0.430675	0.435248	0.429507	0.435331	0.434163	0.464239	0.462472	0.46444	0.478222	0.464234	0.464712	0.471796	0.471147	0.472182	0.470467	0.463275	0.469506	0.440693	0.447275	0.458889	0.441822	0.441295	0.441849	0.455416	0.447347	0.451257	0.445316	0.440163	0.442452	0.43263	0.413332	0.414367	0.431662	0.413865	0.428336	0.454821	0.458877	0.452323	0.453569	0.452749	0.453112	0.476439	0.466694	0.472956	0.463646	0.470407	0.465701
ERR618695	0.4382	0.440847	0.442329	0.448877	0.437386	0.43906	0.469687	0.444389	0.446131	0.472343	0.48079	0.453233	0.476753	0.473972	0.47435	0.473847	0.47403	0.4767	0.411268	0.419101	0.466172	0.459645	0.41879	0.468562	0.418793	0.41817	0.427242	0.424882	0.430539	0.423285	0.404717	0.403652	0.404454	0.407309	0.431104	0.404623	0.351758	0.341318	0.361222	0.343381	0.342598	0.363782	0.272164	0.272546	0	0.273209	0.27477	0.273537	0.436632	0.432064	0.442437	0.431314	0.442629	0.441313	0.471509	0.4714	0.472032	0.481642	0.471536	0.471939	0.478944	0.476706	0.479611	0.47769	0.467523	0.477081	0.441067	0.444922	0.455135	0.440731	0.447051	0.44351	0.451712	0.445635	0.448648	0.443831	0.443523	0.448184	0.443486	0.415506	0.418131	0.430705	0.417102	0.437548	0.46207	0.46711	0.458884	0.460383	0.459087	0.458628	0.473795	0.466555	0.471266	0.467759	0.469642	0.471901
