	ERR608742	ERR608741	ERR608743	ERR608739	ERR608744	ERR608740	ERR621933	ERR621932	ERR621935	ERR621931	ERR621934	ERR621936	ERR613247	ERR613250	ERR613248	ERR613249	ERR613246	ERR613245	ERR617172	ERR617168	ERR617169	ERR617170	ERR617171	ERR617167	ERR637109	ERR637110	ERR637106	ERR637108	ERR637107	ERR637105	ERR630233	ERR630231	ERR630235	ERR630232	ERR630230	ERR630234	ERR617232	ERR617231	ERR617230	ERR617229	ERR617228	ERR617227	ERR607730	ERR607731	ERR607733	ERR607734	ERR607732	ERR607729	ERR605600	ERR605599	ERR605602	ERR605603	ERR605604	ERR605601	ERR618751	ERR618747	ERR618750	ERR618752	ERR618749	ERR618748	ERR617049	ERR617048	ERR617047	ERR617045	ERR617046	ERR617050	ERR635308	ERR635305	ERR635306	ERR635307	ERR635304	ERR635309	ERR613568	ERR613565	ERR613567	ERR613564	ERR613563	ERR613566	ERR618381	ERR618385	ERR618384	ERR618383	ERR618386	ERR618382	ERR629975	ERR629973	ERR629972	ERR629971	ERR629974	ERR629970	ERR630080	ERR630081	ERR630078	ERR630082	ERR630079	ERR630083
ERR608742	3.5807e+08	2.47666e+08	2.38156e+08	1.71717e+08	2.41248e+08	2.27211e+08	2.50402e+08	2.51378e+08	2.8522e+08	2.78423e+08	2.88663e+08	2.89477e+08	2.4963e+08	1.78735e+08	1.67398e+08	1.78904e+08	2.63798e+08	2.86708e+08	2.06537e+08	2.25827e+08	2.24194e+08	2.58149e+08	2.60513e+08	2.11493e+08	2.92387e+08	2.97931e+08	2.81346e+08	2.88822e+08	2.81021e+08	2.60751e+08	1.55826e+08	1.25079e+08	1.4155e+08	1.19196e+08	1.48663e+08	1.53501e+08	1.70822e+08	1.83549e+08	1.74872e+08	2.1987e+08	2.1844e+08	2.00567e+08	2.17599e+08	2.19784e+08	2.12808e+08	2.14536e+08	2.1155e+08	2.02539e+08	1.80162e+08	1.91814e+08	1.74807e+08	1.78192e+08	1.74213e+08	1.68422e+08	1.58395e+08	1.56988e+08	1.56774e+08	1.62236e+08	1.48838e+08	1.47412e+08	1.68495e+08	1.71804e+08	2.00387e+08	1.89636e+08	1.95566e+08	1.73622e+08	1.39012e+08	1.83428e+08	1.96663e+08	1.51129e+08	1.6881e+08	1.39436e+08	1.14218e+08	1.37108e+08	1.15113e+08	1.37709e+08	1.38388e+08	1.17012e+08	1.10381e+08	9.83191e+07	8.63739e+07	1.06211e+08	8.83636e+07	1.0624e+08	1.65294e+08	1.67136e+08	1.90768e+08	1.64225e+08	1.63272e+08	1.93912e+08	1.91687e+08	1.39749e+08	2.01868e+08	1.72413e+08	1.76855e+08	1.77861e+08
ERR608741	2.47666e+08	3.79333e+08	2.4497e+08	1.77694e+08	2.48193e+08	2.35411e+08	2.59031e+08	2.59994e+08	2.95157e+08	2.88306e+08	2.98665e+08	2.99782e+08	2.58684e+08	1.85019e+08	1.73144e+08	1.85154e+08	2.73386e+08	2.97359e+08	2.13899e+08	2.34165e+08	2.32492e+08	2.67935e+08	2.70218e+08	2.19119e+08	3.02312e+08	3.08136e+08	2.91247e+08	2.98643e+08	2.90657e+08	2.69711e+08	1.61897e+08	1.30107e+08	1.46929e+08	1.23983e+08	1.54604e+08	1.59491e+08	1.76467e+08	1.89981e+08	1.81106e+08	2.27836e+08	2.26356e+08	2.07589e+08	2.24973e+08	2.27049e+08	2.1979e+08	2.2162e+08	2.185e+08	2.09005e+08	1.87164e+08	1.99284e+08	1.8173e+08	1.85175e+08	1.81093e+08	1.7485e+08	1.64844e+08	1.63376e+08	1.62984e+08	1.6873e+08	1.54737e+08	1.53128e+08	1.74946e+08	1.78523e+08	2.08384e+08	1.97027e+08	2.03159e+08	1.80363e+08	1.43882e+08	1.90123e+08	2.0379e+08	1.56474e+08	1.74784e+08	1.44307e+08	1.19072e+08	1.43027e+08	1.20117e+08	1.43598e+08	1.44485e+08	1.21959e+08	1.14921e+08	1.02189e+08	8.9864e+07	1.10533e+08	9.18874e+07	1.10565e+08	1.72073e+08	1.73957e+08	1.98746e+08	1.71028e+08	1.69813e+08	2.02101e+08	1.99389e+08	1.45006e+08	2.09985e+08	1.78772e+08	1.83656e+08	1.84641e+08
ERR608743	2.38156e+08	2.4497e+08	3.52473e+08	1.70203e+08	2.38934e+08	2.24963e+08	2.4809e+08	2.4904e+08	2.82451e+08	2.75919e+08	2.8573e+08	2.86602e+08	2.4713e+08	1.76917e+08	1.65713e+08	1.77101e+08	2.61e+08	2.83594e+08	2.05149e+08	2.23583e+08	2.21925e+08	2.55647e+08	2.57672e+08	2.09567e+08	2.89447e+08	2.95118e+08	2.7863e+08	2.85927e+08	2.78326e+08	2.58254e+08	1.54682e+08	1.24355e+08	1.40682e+08	1.18419e+08	1.47739e+08	1.52515e+08	1.69625e+08	1.81806e+08	1.73222e+08	2.17724e+08	2.1628e+08	1.98804e+08	2.15447e+08	2.17716e+08	2.10896e+08	2.1256e+08	2.09668e+08	2.00566e+08	1.79014e+08	1.90526e+08	1.73743e+08	1.77052e+08	1.73062e+08	1.6717e+08	1.57351e+08	1.56e+08	1.55548e+08	1.6112e+08	1.47754e+08	1.46537e+08	1.67689e+08	1.70926e+08	1.99047e+08	1.88512e+08	1.93926e+08	1.7285e+08	1.38072e+08	1.81913e+08	1.95045e+08	1.5011e+08	1.67569e+08	1.38508e+08	1.13176e+08	1.36053e+08	1.14137e+08	1.36588e+08	1.37428e+08	1.15914e+08	1.08918e+08	9.69178e+07	8.52645e+07	1.04832e+08	8.71795e+07	1.04773e+08	1.64238e+08	1.66045e+08	1.8936e+08	1.63105e+08	1.62046e+08	1.92447e+08	1.90299e+08	1.3883e+08	2.00411e+08	1.70999e+08	1.75654e+08	1.76705e+08
ERR608739	1.71717e+08	1.77694e+08	1.70203e+08	2.08087e+08	1.72379e+08	1.64012e+08	1.76719e+08	1.77311e+08	2.007e+08	1.95775e+08	2.02894e+08	2.03466e+08	1.75528e+08	1.26204e+08	1.1867e+08	1.26373e+08	1.85246e+08	2.00127e+08	1.47522e+08	1.58696e+08	1.57254e+08	1.80976e+08	1.82604e+08	1.49465e+08	2.08982e+08	2.12736e+08	2.00382e+08	2.06468e+08	2.00933e+08	1.86632e+08	1.09478e+08	8.80856e+07	1.00044e+08	8.37521e+07	1.04373e+08	1.07825e+08	1.22538e+08	1.29531e+08	1.23506e+08	1.54861e+08	1.54173e+08	1.42265e+08	1.56507e+08	1.5874e+08	1.53416e+08	1.546e+08	1.52607e+08	1.46206e+08	1.27347e+08	1.35393e+08	1.23473e+08	1.25873e+08	1.23075e+08	1.19083e+08	1.10618e+08	1.09818e+08	1.09277e+08	1.13174e+08	1.04077e+08	1.03232e+08	1.19373e+08	1.21741e+08	1.40408e+08	1.33606e+08	1.37061e+08	1.23221e+08	1.00367e+08	1.30957e+08	1.40313e+08	1.09143e+08	1.21507e+08	1.00633e+08	7.83259e+07	9.45504e+07	7.88581e+07	9.49573e+07	9.55618e+07	8.02018e+07	7.47175e+07	6.67813e+07	5.8657e+07	7.19555e+07	6.00248e+07	7.19563e+07	1.15677e+08	1.16823e+08	1.32047e+08	1.14189e+08	1.14044e+08	1.34342e+08	1.35594e+08	1.00223e+08	1.42781e+08	1.2334e+08	1.25591e+08	1.27223e+08
ERR608744	2.41248e+08	2.48193e+08	2.38934e+08	1.72379e+08	3.60214e+08	2.27897e+08	2.50947e+08	2.51961e+08	2.85798e+08	2.79105e+08	2.89228e+08	2.90019e+08	2.50431e+08	1.79228e+08	1.67899e+08	1.7933e+08	2.64553e+08	2.87406e+08	2.07342e+08	2.26174e+08	2.24568e+08	2.5871e+08	2.60902e+08	2.12012e+08	2.93278e+08	2.9897e+08	2.82371e+08	2.89784e+08	2.82092e+08	2.61762e+08	1.56525e+08	1.25732e+08	1.42287e+08	1.1979e+08	1.49463e+08	1.5427e+08	1.71489e+08	1.83867e+08	1.75164e+08	2.20396e+08	2.18921e+08	2.00997e+08	2.18498e+08	2.2075e+08	2.13791e+08	2.15481e+08	2.12511e+08	2.0337e+08	1.81563e+08	1.93213e+08	1.76155e+08	1.79517e+08	1.7559e+08	1.69558e+08	1.5908e+08	1.5779e+08	1.57413e+08	1.63001e+08	1.49377e+08	1.48118e+08	1.69659e+08	1.73014e+08	2.01405e+08	1.90835e+08	1.96369e+08	1.74924e+08	1.40036e+08	1.8457e+08	1.97846e+08	1.52256e+08	1.69967e+08	1.40403e+08	1.14605e+08	1.37807e+08	1.15499e+08	1.38325e+08	1.39054e+08	1.17425e+08	1.10228e+08	9.81957e+07	8.63198e+07	1.06191e+08	8.82402e+07	1.06111e+08	1.66168e+08	1.68034e+08	1.91604e+08	1.65102e+08	1.63955e+08	1.94794e+08	1.93129e+08	1.40848e+08	2.03366e+08	1.73562e+08	1.78071e+08	1.7925e+08
ERR608740	2.27211e+08	2.35411e+08	2.24963e+08	1.64012e+08	2.27897e+08	3.27224e+08	2.36572e+08	2.37426e+08	2.69054e+08	2.62854e+08	2.72286e+08	2.7328e+08	2.36086e+08	1.69143e+08	1.58505e+08	1.69133e+08	2.49158e+08	2.70573e+08	1.95822e+08	2.13386e+08	2.11763e+08	2.43772e+08	2.45962e+08	2.00066e+08	2.76839e+08	2.82029e+08	2.66396e+08	2.73456e+08	2.66139e+08	2.47269e+08	1.47189e+08	1.18189e+08	1.33834e+08	1.12661e+08	1.40471e+08	1.44983e+08	1.62067e+08	1.73533e+08	1.65458e+08	2.07831e+08	2.06586e+08	1.899e+08	2.06463e+08	2.08691e+08	2.0192e+08	2.03528e+08	2.00803e+08	1.92321e+08	1.70545e+08	1.81452e+08	1.655e+08	1.68688e+08	1.64881e+08	1.5925e+08	1.49526e+08	1.48346e+08	1.47952e+08	1.53108e+08	1.40481e+08	1.39225e+08	1.59564e+08	1.62708e+08	1.89278e+08	1.79328e+08	1.84556e+08	1.64373e+08	1.31925e+08	1.73853e+08	1.86263e+08	1.43414e+08	1.60114e+08	1.32259e+08	1.07447e+08	1.29173e+08	1.08402e+08	1.29693e+08	1.30436e+08	1.10068e+08	1.03499e+08	9.22576e+07	8.11021e+07	9.9681e+07	8.29711e+07	9.96641e+07	1.56046e+08	1.57699e+08	1.7971e+08	1.54806e+08	1.54064e+08	1.82732e+08	1.81593e+08	1.32693e+08	1.91239e+08	1.6346e+08	1.67489e+08	1.68838e+08
ERR621933	2.50402e+08	2.59031e+08	2.4809e+08	1.76719e+08	2.50947e+08	2.36572e+08	4.59513e+08	3.25108e+08	3.67999e+08	3.61009e+08	3.72946e+08	3.73807e+08	2.81568e+08	2.00285e+08	1.87225e+08	2.00417e+08	2.97583e+08	3.25119e+08	2.27967e+08	2.52024e+08	2.50593e+08	2.8901e+08	2.91304e+08	2.35019e+08	3.17641e+08	3.24097e+08	3.06733e+08	3.13605e+08	3.05038e+08	2.82439e+08	1.79435e+08	1.44077e+08	1.62397e+08	1.37436e+08	1.71486e+08	1.76997e+08	1.90973e+08	2.07318e+08	1.97746e+08	2.4873e+08	2.46762e+08	2.25343e+08	2.31115e+08	2.32566e+08	2.25384e+08	2.27385e+08	2.23979e+08	2.13917e+08	2.08393e+08	2.2185e+08	2.02391e+08	2.06035e+08	2.01746e+08	1.94274e+08	1.8187e+08	1.80172e+08	1.79808e+08	1.86494e+08	1.70485e+08	1.68785e+08	1.91646e+08	1.95469e+08	2.29205e+08	2.15915e+08	2.23263e+08	1.97274e+08	1.5254e+08	2.0256e+08	2.17602e+08	1.65761e+08	1.85233e+08	1.53129e+08	1.38869e+08	1.65983e+08	1.40045e+08	1.66736e+08	1.67635e+08	1.42001e+08	1.31297e+08	1.16829e+08	1.0284e+08	1.26411e+08	1.0503e+08	1.26399e+08	1.91176e+08	1.93465e+08	2.21989e+08	1.90703e+08	1.88755e+08	2.2595e+08	2.13928e+08	1.53901e+08	2.25582e+08	1.90093e+08	1.96607e+08	1.96202e+08
ERR621932	2.51378e+08	2.59994e+08	2.4904e+08	1.77311e+08	2.51961e+08	2.37426e+08	3.25108e+08	4.64245e+08	3.69997e+08	3.63177e+08	3.74737e+08	3.75796e+08	2.8274e+08	2.00863e+08	1.87606e+08	2.00929e+08	2.99031e+08	3.26498e+08	2.28621e+08	2.52814e+08	2.51412e+08	2.90038e+08	2.92316e+08	2.35833e+08	3.1894e+08	3.25276e+08	3.0792e+08	3.14942e+08	3.063e+08	2.83445e+08	1.81076e+08	1.45357e+08	1.63843e+08	1.38648e+08	1.73059e+08	1.78593e+08	1.91666e+08	2.08178e+08	1.98595e+08	2.49768e+08	2.47765e+08	2.26531e+08	2.31966e+08	2.33498e+08	2.26101e+08	2.28285e+08	2.24801e+08	2.14495e+08	2.09954e+08	2.23516e+08	2.03881e+08	2.07611e+08	2.03184e+08	1.95773e+08	1.83456e+08	1.81625e+08	1.81302e+08	1.87989e+08	1.7189e+08	1.70268e+08	1.93413e+08	1.97257e+08	2.31308e+08	2.17908e+08	2.25359e+08	1.99025e+08	1.53695e+08	2.03923e+08	2.19165e+08	1.66993e+08	1.86532e+08	1.54193e+08	1.39592e+08	1.67055e+08	1.40818e+08	1.67738e+08	1.68801e+08	1.42991e+08	1.32041e+08	1.1746e+08	1.03234e+08	1.27106e+08	1.05599e+08	1.27033e+08	1.92785e+08	1.94965e+08	2.23722e+08	1.92262e+08	1.90352e+08	2.27582e+08	2.15739e+08	1.5513e+08	2.27522e+08	1.91532e+08	1.98235e+08	1.97875e+08
ERR621935	2.8522e+08	2.95157e+08	2.82451e+08	2.007e+08	2.85798e+08	2.69054e+08	3.67999e+08	3.69997e+08	5.76732e+08	4.11211e+08	4.27275e+08	4.2809e+08	3.21707e+08	2.28649e+08	2.1342e+08	2.28684e+08	3.40212e+08	3.72074e+08	2.59692e+08	2.87568e+08	2.85949e+08	3.30145e+08	3.32894e+08	2.68031e+08	3.6257e+08	3.70043e+08	3.50141e+08	3.58056e+08	3.48211e+08	3.2209e+08	2.05751e+08	1.65034e+08	1.85971e+08	1.57597e+08	1.96676e+08	2.02987e+08	2.1711e+08	2.36413e+08	2.25388e+08	2.83818e+08	2.81524e+08	2.56966e+08	2.63443e+08	2.64969e+08	2.56705e+08	2.59224e+08	2.55048e+08	2.43425e+08	2.3807e+08	2.53561e+08	2.31376e+08	2.35551e+08	2.30561e+08	2.22005e+08	2.08245e+08	2.063e+08	2.05867e+08	2.13691e+08	1.95118e+08	1.93116e+08	2.19393e+08	2.23912e+08	2.6304e+08	2.47538e+08	2.56222e+08	2.25808e+08	1.73816e+08	2.31064e+08	2.48031e+08	1.88678e+08	2.11109e+08	1.74226e+08	1.59461e+08	1.90523e+08	1.60724e+08	1.91315e+08	1.92403e+08	1.6321e+08	1.5061e+08	1.33916e+08	1.17812e+08	1.45003e+08	1.20437e+08	1.45021e+08	2.19301e+08	2.21931e+08	2.55056e+08	2.18944e+08	2.16587e+08	2.5947e+08	2.44555e+08	1.75474e+08	2.57826e+08	2.16886e+08	2.24551e+08	2.23994e+08
ERR621931	2.78423e+08	2.88306e+08	2.75919e+08	1.95775e+08	2.79105e+08	2.62854e+08	3.61009e+08	3.63177e+08	4.11211e+08	5.57545e+08	4.16831e+08	4.17817e+08	3.14317e+08	2.22982e+08	2.081e+08	2.23199e+08	3.32375e+08	3.63268e+08	2.53455e+08	2.80863e+08	2.79329e+08	3.22272e+08	3.25217e+08	2.61778e+08	3.53971e+08	3.61405e+08	3.42141e+08	3.49621e+08	3.40069e+08	3.14613e+08	2.01576e+08	1.61812e+08	1.82192e+08	1.54431e+08	1.92729e+08	1.98826e+08	2.1223e+08	2.31244e+08	2.2042e+08	2.77548e+08	2.75162e+08	2.51264e+08	2.57132e+08	2.5863e+08	2.50699e+08	2.53012e+08	2.49035e+08	2.37542e+08	2.33555e+08	2.4867e+08	2.27005e+08	2.3104e+08	2.26175e+08	2.17773e+08	2.04173e+08	2.0244e+08	2.01861e+08	2.09341e+08	1.91168e+08	1.89205e+08	2.15254e+08	2.19481e+08	2.57816e+08	2.42762e+08	2.51036e+08	2.21331e+08	1.7002e+08	2.26082e+08	2.42699e+08	1.848e+08	2.06524e+08	1.70605e+08	1.5613e+08	1.86686e+08	1.57458e+08	1.87635e+08	1.88374e+08	1.59845e+08	1.47312e+08	1.30877e+08	1.15109e+08	1.41881e+08	1.17795e+08	1.41814e+08	2.14795e+08	2.17506e+08	2.49849e+08	2.14545e+08	2.12023e+08	2.54166e+08	2.39798e+08	1.72129e+08	2.53018e+08	2.12505e+08	2.20214e+08	2.19561e+08
ERR621934	2.88663e+08	2.98665e+08	2.8573e+08	2.02894e+08	2.89228e+08	2.72286e+08	3.72946e+08	3.74737e+08	4.27275e+08	4.16831e+08	5.90577e+08	4.33789e+08	3.25912e+08	2.31475e+08	2.16054e+08	2.31706e+08	3.44729e+08	3.77264e+08	2.62772e+08	2.91453e+08	2.8978e+08	3.34645e+08	3.37472e+08	2.71478e+08	3.6699e+08	3.74729e+08	3.54601e+08	3.6242e+08	3.52567e+08	3.26122e+08	2.08486e+08	1.67183e+08	1.88363e+08	1.59593e+08	1.9922e+08	2.05649e+08	2.19808e+08	2.39674e+08	2.28566e+08	2.87883e+08	2.855e+08	2.60392e+08	2.66514e+08	2.68292e+08	2.59838e+08	2.62232e+08	2.58043e+08	2.46307e+08	2.41026e+08	2.56543e+08	2.342e+08	2.3847e+08	2.33412e+08	2.24793e+08	2.11015e+08	2.08935e+08	2.08717e+08	2.16626e+08	1.97773e+08	1.9573e+08	2.22349e+08	2.26762e+08	2.66669e+08	2.50908e+08	2.59857e+08	2.28617e+08	1.75759e+08	2.34087e+08	2.51357e+08	1.911e+08	2.13609e+08	1.76407e+08	1.6184e+08	1.93265e+08	1.63137e+08	1.94111e+08	1.95037e+08	1.65534e+08	1.53011e+08	1.35947e+08	1.19525e+08	1.47288e+08	1.22217e+08	1.47174e+08	2.22369e+08	2.24992e+08	2.58785e+08	2.22075e+08	2.19461e+08	2.6321e+08	2.47937e+08	1.77749e+08	2.61369e+08	2.19754e+08	2.27581e+08	2.26749e+08
ERR621936	2.89477e+08	2.99782e+08	2.86602e+08	2.03466e+08	2.90019e+08	2.7328e+08	3.73807e+08	3.75796e+08	4.2809e+08	4.17817e+08	4.33789e+08	5.92939e+08	3.26937e+08	2.32073e+08	2.16686e+08	2.32211e+08	3.45755e+08	3.78111e+08	2.63837e+08	2.92411e+08	2.90747e+08	3.35594e+08	3.38548e+08	2.72357e+08	3.67865e+08	3.75676e+08	3.5535e+08	3.63392e+08	3.53369e+08	3.26854e+08	2.09288e+08	1.67846e+08	1.89222e+08	1.60135e+08	1.99931e+08	2.06512e+08	2.20765e+08	2.40594e+08	2.29334e+08	2.88731e+08	2.86584e+08	2.61359e+08	2.67234e+08	2.68809e+08	2.60506e+08	2.62917e+08	2.58726e+08	2.46949e+08	2.41991e+08	2.57639e+08	2.35194e+08	2.39407e+08	2.34274e+08	2.25554e+08	2.11827e+08	2.09712e+08	2.09387e+08	2.172e+08	1.98397e+08	1.96406e+08	2.23069e+08	2.27454e+08	2.67379e+08	2.51536e+08	2.60279e+08	2.29416e+08	1.76388e+08	2.3478e+08	2.52122e+08	1.91686e+08	2.14543e+08	1.76998e+08	1.62036e+08	1.93637e+08	1.63452e+08	1.9455e+08	1.95479e+08	1.65898e+08	1.53382e+08	1.36232e+08	1.19881e+08	1.47697e+08	1.22455e+08	1.47556e+08	2.2311e+08	2.25834e+08	2.59559e+08	2.22805e+08	2.20373e+08	2.64111e+08	2.4859e+08	1.78443e+08	2.62121e+08	2.20449e+08	2.28195e+08	2.27459e+08
ERR613247	2.4963e+08	2.58684e+08	2.4713e+08	1.75528e+08	2.50431e+08	2.36086e+08	2.81568e+08	2.8274e+08	3.21707e+08	3.14317e+08	3.25912e+08	3.26937e+08	5.26117e+08	2.64979e+08	2.4775e+08	2.65185e+08	3.92035e+08	4.2649e+08	2.71001e+08	2.98998e+08	2.97373e+08	3.42763e+08	3.45634e+08	2.78913e+08	3.40577e+08	3.47744e+08	3.28674e+08	3.35912e+08	3.26893e+08	3.02795e+08	2.19641e+08	1.77057e+08	1.99064e+08	1.68846e+08	2.10122e+08	2.16874e+08	2.0487e+08	2.22773e+08	2.12025e+08	2.67813e+08	2.65749e+08	2.42393e+08	2.51759e+08	2.5324e+08	2.45313e+08	2.47503e+08	2.43682e+08	2.32728e+08	2.53525e+08	2.69862e+08	2.46332e+08	2.50864e+08	2.45797e+08	2.3666e+08	2.29008e+08	2.27005e+08	2.26766e+08	2.34859e+08	2.15361e+08	2.12599e+08	2.39437e+08	2.43981e+08	2.8558e+08	2.69463e+08	2.78409e+08	2.46132e+08	1.75638e+08	2.33004e+08	2.49942e+08	1.90803e+08	2.13072e+08	1.76437e+08	1.73842e+08	2.07527e+08	1.7528e+08	2.0837e+08	2.09272e+08	1.78011e+08	1.6418e+08	1.46199e+08	1.28931e+08	1.58265e+08	1.31968e+08	1.58107e+08	2.39727e+08	2.42395e+08	2.77459e+08	2.38953e+08	2.36542e+08	2.82121e+08	2.5374e+08	1.8401e+08	2.67504e+08	2.26442e+08	2.33572e+08	2.336e+08
ERR613250	1.78735e+08	1.85019e+08	1.76917e+08	1.26204e+08	1.79228e+08	1.69143e+08	2.00285e+08	2.00863e+08	2.28649e+08	2.22982e+08	2.31475e+08	2.32073e+08	2.64979e+08	2.98629e+08	1.79703e+08	1.9207e+08	2.79759e+08	3.03918e+08	1.94777e+08	2.14364e+08	2.13052e+08	2.45029e+08	2.4713e+08	2.00148e+08	2.4324e+08	2.48317e+08	2.3479e+08	2.39862e+08	2.33737e+08	2.1665e+08	1.54861e+08	1.24994e+08	1.40478e+08	1.19189e+08	1.48139e+08	1.52873e+08	1.46568e+08	1.58932e+08	1.51436e+08	1.90614e+08	1.89317e+08	1.72967e+08	1.81027e+08	1.82172e+08	1.7644e+08	1.77955e+08	1.75307e+08	1.6768e+08	1.78683e+08	1.9006e+08	1.73536e+08	1.76923e+08	1.73191e+08	1.66923e+08	1.62022e+08	1.605e+08	1.6039e+08	1.66175e+08	1.5235e+08	1.50556e+08	1.68818e+08	1.72136e+08	2.01066e+08	1.89741e+08	1.95902e+08	1.73637e+08	1.24844e+08	1.65353e+08	1.77162e+08	1.35649e+08	1.51159e+08	1.25461e+08	1.22656e+08	1.46338e+08	1.23739e+08	1.46892e+08	1.47557e+08	1.25638e+08	1.16277e+08	1.03621e+08	9.16366e+07	1.12071e+08	9.36862e+07	1.12052e+08	1.69214e+08	1.71023e+08	1.95505e+08	1.68538e+08	1.67001e+08	1.98708e+08	1.79396e+08	1.30459e+08	1.88982e+08	1.60485e+08	1.65185e+08	1.65436e+08
ERR613248	1.67398e+08	1.73144e+08	1.65713e+08	1.1867e+08	1.67899e+08	1.58505e+08	1.87225e+08	1.87606e+08	2.1342e+08	2.081e+08	2.16054e+08	2.16686e+08	2.4775e+08	1.79703e+08	2.6803e+08	1.79914e+08	2.61495e+08	2.83717e+08	1.82692e+08	2.00316e+08	1.99074e+08	2.28801e+08	2.30777e+08	1.87316e+08	2.27418e+08	2.32225e+08	2.19422e+08	2.24344e+08	2.185e+08	2.02534e+08	1.44526e+08	1.16667e+08	1.31167e+08	1.11237e+08	1.38114e+08	1.42652e+08	1.37471e+08	1.48465e+08	1.4139e+08	1.77972e+08	1.76933e+08	1.61749e+08	1.69556e+08	1.70628e+08	1.65237e+08	1.66548e+08	1.64226e+08	1.57143e+08	1.66664e+08	1.7719e+08	1.61848e+08	1.64957e+08	1.61488e+08	1.55634e+08	1.51302e+08	1.498e+08	1.49676e+08	1.54992e+08	1.42279e+08	1.40515e+08	1.57652e+08	1.60647e+08	1.87216e+08	1.77082e+08	1.82533e+08	1.621e+08	1.17021e+08	1.54622e+08	1.65553e+08	1.27073e+08	1.4159e+08	1.17484e+08	1.13794e+08	1.35918e+08	1.1477e+08	1.36496e+08	1.37107e+08	1.16608e+08	1.08066e+08	9.63836e+07	8.51088e+07	1.04167e+08	8.71185e+07	1.04082e+08	1.57702e+08	1.593e+08	1.8165e+08	1.56817e+08	1.55592e+08	1.84732e+08	1.67386e+08	1.22232e+08	1.76326e+08	1.50209e+08	1.54426e+08	1.54884e+08
ERR613249	1.78904e+08	1.85154e+08	1.77101e+08	1.26373e+08	1.7933e+08	1.69133e+08	2.00417e+08	2.00929e+08	2.28684e+08	2.23199e+08	2.31706e+08	2.32211e+08	2.65185e+08	1.9207e+08	1.79914e+08	2.99173e+08	2.80204e+08	3.04221e+08	1.94987e+08	2.14354e+08	2.13154e+08	2.45144e+08	2.47171e+08	2.00254e+08	2.43609e+08	2.48638e+08	2.34911e+08	2.40078e+08	2.33862e+08	2.16771e+08	1.55612e+08	1.2551e+08	1.41158e+08	1.19769e+08	1.48804e+08	1.53606e+08	1.46827e+08	1.58937e+08	1.51404e+08	1.90686e+08	1.89381e+08	1.73053e+08	1.81165e+08	1.82289e+08	1.76579e+08	1.78038e+08	1.7551e+08	1.67729e+08	1.79409e+08	1.90793e+08	1.74324e+08	1.77771e+08	1.7395e+08	1.67677e+08	1.62911e+08	1.6129e+08	1.61202e+08	1.67034e+08	1.53204e+08	1.51287e+08	1.69651e+08	1.7304e+08	2.01758e+08	1.90699e+08	1.96837e+08	1.74625e+08	1.25213e+08	1.65814e+08	1.77608e+08	1.36039e+08	1.5163e+08	1.25751e+08	1.23003e+08	1.4684e+08	1.24093e+08	1.47462e+08	1.48155e+08	1.26013e+08	1.16539e+08	1.03844e+08	9.17492e+07	1.12249e+08	9.38782e+07	1.12169e+08	1.70009e+08	1.71921e+08	1.96171e+08	1.69333e+08	1.67791e+08	1.99516e+08	1.79738e+08	1.30954e+08	1.89477e+08	1.6098e+08	1.6567e+08	1.65916e+08
ERR613246	2.63798e+08	2.73386e+08	2.61e+08	1.85246e+08	2.64553e+08	2.49158e+08	2.97583e+08	2.99031e+08	3.40212e+08	3.32375e+08	3.44729e+08	3.45755e+08	3.92035e+08	2.79759e+08	2.61495e+08	2.80204e+08	5.79705e+08	4.51586e+08	2.8615e+08	3.16284e+08	3.14688e+08	3.62892e+08	3.65899e+08	2.94865e+08	3.59962e+08	3.67705e+08	3.47702e+08	3.55156e+08	3.45452e+08	3.19902e+08	2.33068e+08	1.87528e+08	2.10995e+08	1.7909e+08	2.22859e+08	2.30214e+08	2.16209e+08	2.35403e+08	2.24166e+08	2.83213e+08	2.81193e+08	2.56235e+08	2.66296e+08	2.67659e+08	2.59339e+08	2.61719e+08	2.57583e+08	2.4597e+08	2.68849e+08	2.86151e+08	2.61311e+08	2.66219e+08	2.60728e+08	2.5092e+08	2.42764e+08	2.40402e+08	2.40183e+08	2.48913e+08	2.28072e+08	2.25151e+08	2.53334e+08	2.58463e+08	3.02711e+08	2.8558e+08	2.95017e+08	2.60465e+08	1.85901e+08	2.46931e+08	2.64765e+08	2.02068e+08	2.25541e+08	1.86834e+08	1.84597e+08	2.20424e+08	1.86275e+08	2.21232e+08	2.22151e+08	1.89133e+08	1.74509e+08	1.55098e+08	1.36876e+08	1.68039e+08	1.39984e+08	1.67944e+08	2.54089e+08	2.57011e+08	2.94587e+08	2.53638e+08	2.50911e+08	2.99464e+08	2.69277e+08	1.94967e+08	2.83715e+08	2.3998e+08	2.47645e+08	2.47532e+08
ERR613245	2.86708e+08	2.97359e+08	2.83594e+08	2.00127e+08	2.87406e+08	2.70573e+08	3.25119e+08	3.26498e+08	3.72074e+08	3.63268e+08	3.77264e+08	3.78111e+08	4.2649e+08	3.03918e+08	2.83717e+08	3.04221e+08	4.51586e+08	6.73625e+08	3.10822e+08	3.45125e+08	3.43496e+08	3.96448e+08	3.99863e+08	3.21097e+08	3.9122e+08	3.99719e+08	3.78356e+08	3.85834e+08	3.75436e+08	3.47592e+08	2.53782e+08	2.04296e+08	2.29342e+08	1.95204e+08	2.42815e+08	2.50804e+08	2.3479e+08	2.56992e+08	2.44719e+08	3.09423e+08	3.0699e+08	2.79056e+08	2.88878e+08	2.89861e+08	2.81059e+08	2.83676e+08	2.7917e+08	2.66337e+08	2.92557e+08	3.11376e+08	2.8442e+08	2.89578e+08	2.83613e+08	2.72997e+08	2.64675e+08	2.62086e+08	2.61862e+08	2.71611e+08	2.48358e+08	2.45261e+08	2.75503e+08	2.81131e+08	3.30604e+08	3.11181e+08	3.2211e+08	2.83205e+08	2.01236e+08	2.68273e+08	2.87771e+08	2.1875e+08	2.44396e+08	2.02147e+08	2.02892e+08	2.41822e+08	2.04786e+08	2.42786e+08	2.43688e+08	2.0782e+08	1.92176e+08	1.70574e+08	1.50468e+08	1.84984e+08	1.53992e+08	1.85064e+08	2.77285e+08	2.80539e+08	3.22668e+08	2.7713e+08	2.73703e+08	3.27919e+08	2.9276e+08	2.10891e+08	3.08602e+08	2.59959e+08	2.6892e+08	2.68265e+08
ERR617172	2.06537e+08	2.13899e+08	2.05149e+08	1.47522e+08	2.07342e+08	1.95822e+08	2.27967e+08	2.28621e+08	2.59692e+08	2.53455e+08	2.62772e+08	2.63837e+08	2.71001e+08	1.94777e+08	1.82692e+08	1.94987e+08	2.8615e+08	3.10822e+08	3.8621e+08	2.81186e+08	2.79102e+08	3.2212e+08	3.24831e+08	2.64123e+08	2.81549e+08	2.87093e+08	2.69984e+08	2.77558e+08	2.69978e+08	2.49143e+08	1.74282e+08	1.40232e+08	1.58428e+08	1.33468e+08	1.66426e+08	1.71857e+08	1.78826e+08	1.90559e+08	1.81579e+08	2.28721e+08	2.27323e+08	2.08755e+08	2.08895e+08	2.10881e+08	2.04167e+08	2.05872e+08	2.02729e+08	1.93329e+08	1.98727e+08	2.11242e+08	1.92755e+08	1.96462e+08	1.92206e+08	1.85454e+08	1.82374e+08	1.81028e+08	1.80579e+08	1.86874e+08	1.71471e+08	1.70098e+08	1.89842e+08	1.9358e+08	2.24293e+08	2.12572e+08	2.18727e+08	1.95708e+08	1.5111e+08	1.97915e+08	2.12221e+08	1.64119e+08	1.82326e+08	1.51757e+08	1.33535e+08	1.60256e+08	1.34423e+08	1.60875e+08	1.61805e+08	1.36583e+08	1.2842e+08	1.14713e+08	1.01083e+08	1.23735e+08	1.03365e+08	1.23556e+08	1.88754e+08	1.90785e+08	2.16771e+08	1.87442e+08	1.86294e+08	2.20511e+08	2.04865e+08	1.5031e+08	2.15867e+08	1.84451e+08	1.89221e+08	1.90275e+08
ERR617168	2.25827e+08	2.34165e+08	2.23583e+08	1.58696e+08	2.26174e+08	2.13386e+08	2.52024e+08	2.52814e+08	2.87568e+08	2.80863e+08	2.91453e+08	2.92411e+08	2.98998e+08	2.14364e+08	2.00316e+08	2.14354e+08	3.16284e+08	3.45125e+08	2.81186e+08	4.50147e+08	3.08903e+08	3.54985e+08	3.57777e+08	2.89692e+08	3.0707e+08	3.13559e+08	2.9611e+08	3.02873e+08	2.94525e+08	2.72276e+08	1.90605e+08	1.53265e+08	1.72441e+08	1.46347e+08	1.82308e+08	1.88212e+08	1.92975e+08	2.09945e+08	2.00054e+08	2.52115e+08	2.50355e+08	2.28337e+08	2.27989e+08	2.28753e+08	2.22046e+08	2.2409e+08	2.20178e+08	2.10146e+08	2.17005e+08	2.3085e+08	2.10808e+08	2.14651e+08	2.10247e+08	2.02348e+08	2.00857e+08	1.99139e+08	1.99107e+08	2.06242e+08	1.8859e+08	1.86588e+08	2.06109e+08	2.10302e+08	2.46896e+08	2.32582e+08	2.40654e+08	2.12073e+08	1.61973e+08	2.14856e+08	2.30361e+08	1.75872e+08	1.96242e+08	1.62603e+08	1.49868e+08	1.78951e+08	1.51091e+08	1.79677e+08	1.80578e+08	1.5344e+08	1.46631e+08	1.30354e+08	1.14992e+08	1.41102e+08	1.17438e+08	1.41112e+08	2.07557e+08	2.10015e+08	2.40938e+08	2.07344e+08	2.04781e+08	2.45154e+08	2.24017e+08	1.62134e+08	2.3602e+08	1.9946e+08	2.06096e+08	2.0562e+08
ERR617169	2.24194e+08	2.32492e+08	2.21925e+08	1.57254e+08	2.24568e+08	2.11763e+08	2.50593e+08	2.51412e+08	2.85949e+08	2.79329e+08	2.8978e+08	2.90747e+08	2.97373e+08	2.13052e+08	1.99074e+08	2.13154e+08	3.14688e+08	3.43496e+08	2.79102e+08	3.08903e+08	4.45196e+08	3.52725e+08	3.55559e+08	2.87881e+08	3.05001e+08	3.11516e+08	2.94252e+08	3.00876e+08	2.92665e+08	2.70591e+08	1.89209e+08	1.52231e+08	1.71184e+08	1.45142e+08	1.81195e+08	1.868e+08	1.91538e+08	2.08488e+08	1.98677e+08	2.50431e+08	2.48439e+08	2.26503e+08	2.26447e+08	2.27275e+08	2.20579e+08	2.22574e+08	2.1875e+08	2.08647e+08	2.15736e+08	2.29531e+08	2.09555e+08	2.13455e+08	2.08969e+08	2.01158e+08	1.99826e+08	1.97952e+08	1.97799e+08	2.04962e+08	1.87465e+08	1.85433e+08	2.04836e+08	2.0898e+08	2.45479e+08	2.31083e+08	2.39208e+08	2.10624e+08	1.60799e+08	2.13309e+08	2.28862e+08	1.7459e+08	1.94819e+08	1.61514e+08	1.49269e+08	1.78167e+08	1.50547e+08	1.78926e+08	1.79751e+08	1.52779e+08	1.45763e+08	1.29589e+08	1.14397e+08	1.40326e+08	1.16829e+08	1.40405e+08	2.05983e+08	2.08488e+08	2.39439e+08	2.0601e+08	2.03364e+08	2.43616e+08	2.22572e+08	1.6085e+08	2.34535e+08	1.97846e+08	2.04582e+08	2.04178e+08
ERR617170	2.58149e+08	2.67935e+08	2.55647e+08	1.80976e+08	2.5871e+08	2.43772e+08	2.8901e+08	2.90038e+08	3.30145e+08	3.22272e+08	3.34645e+08	3.35594e+08	3.42763e+08	2.45029e+08	2.28801e+08	2.45144e+08	3.62892e+08	3.96448e+08	3.2212e+08	3.54985e+08	3.52725e+08	5.68666e+08	4.11441e+08	3.30633e+08	3.51752e+08	3.59302e+08	3.39221e+08	3.47007e+08	3.37436e+08	3.11611e+08	2.19888e+08	1.76804e+08	1.98893e+08	1.68852e+08	2.10341e+08	2.17229e+08	2.20384e+08	2.40305e+08	2.28964e+08	2.88803e+08	2.86743e+08	2.61272e+08	2.60376e+08	2.61413e+08	2.53549e+08	2.5587e+08	2.51634e+08	2.39781e+08	2.5011e+08	2.6647e+08	2.43312e+08	2.47598e+08	2.42447e+08	2.33399e+08	2.31562e+08	2.2942e+08	2.29332e+08	2.37652e+08	2.17246e+08	2.14951e+08	2.3771e+08	2.42573e+08	2.8522e+08	2.68461e+08	2.77967e+08	2.44437e+08	1.85656e+08	2.4672e+08	2.64547e+08	2.01598e+08	2.25208e+08	1.8641e+08	1.73396e+08	2.06863e+08	1.74811e+08	2.07775e+08	2.08777e+08	1.77535e+08	1.69203e+08	1.50242e+08	1.3257e+08	1.62753e+08	1.35385e+08	1.62851e+08	2.39711e+08	2.42466e+08	2.78594e+08	2.39565e+08	2.36405e+08	2.83494e+08	2.57869e+08	1.86101e+08	2.7178e+08	2.28996e+08	2.36997e+08	2.36245e+08
ERR617171	2.60513e+08	2.70218e+08	2.57672e+08	1.82604e+08	2.60902e+08	2.45962e+08	2.91304e+08	2.92316e+08	3.32894e+08	3.25217e+08	3.37472e+08	3.38548e+08	3.45634e+08	2.4713e+08	2.30777e+08	2.47171e+08	3.65899e+08	3.99863e+08	3.24831e+08	3.57777e+08	3.55559e+08	4.11441e+08	5.76331e+08	3.33409e+08	3.54803e+08	3.62536e+08	3.42255e+08	3.49992e+08	3.40323e+08	3.14434e+08	2.22153e+08	1.78487e+08	2.00851e+08	1.7045e+08	2.12565e+08	2.19409e+08	2.22292e+08	2.42126e+08	2.30588e+08	2.90951e+08	2.89032e+08	2.63263e+08	2.62519e+08	2.63642e+08	2.55892e+08	2.5819e+08	2.53883e+08	2.41929e+08	2.5277e+08	2.69002e+08	2.45646e+08	2.50194e+08	2.44805e+08	2.35736e+08	2.33701e+08	2.31631e+08	2.31498e+08	2.39933e+08	2.19283e+08	2.17095e+08	2.39995e+08	2.45008e+08	2.87776e+08	2.70915e+08	2.80508e+08	2.46817e+08	1.87164e+08	2.48755e+08	2.667e+08	2.03398e+08	2.27002e+08	1.88004e+08	1.75068e+08	2.08941e+08	1.76362e+08	2.09807e+08	2.10767e+08	1.79041e+08	1.70577e+08	1.51488e+08	1.33624e+08	1.64162e+08	1.36543e+08	1.64156e+08	2.41849e+08	2.44689e+08	2.81127e+08	2.41701e+08	2.38629e+08	2.85992e+08	2.60285e+08	1.88083e+08	2.74289e+08	2.3134e+08	2.39367e+08	2.38611e+08
ERR617167	2.11493e+08	2.19119e+08	2.09567e+08	1.49465e+08	2.12012e+08	2.00066e+08	2.35019e+08	2.35833e+08	2.68031e+08	2.61778e+08	2.71478e+08	2.72357e+08	2.78913e+08	2.00148e+08	1.87316e+08	2.00254e+08	2.94865e+08	3.21097e+08	2.64123e+08	2.89692e+08	2.87881e+08	3.30633e+08	3.33409e+08	4.00803e+08	2.87666e+08	2.93733e+08	2.76901e+08	2.83694e+08	2.75942e+08	2.54973e+08	1.7825e+08	1.43473e+08	1.61589e+08	1.36771e+08	1.70387e+08	1.7585e+08	1.81372e+08	1.95961e+08	1.86689e+08	2.35063e+08	2.3357e+08	2.13584e+08	2.13837e+08	2.15235e+08	2.08638e+08	2.10414e+08	2.07086e+08	1.97498e+08	2.03269e+08	2.16235e+08	1.97298e+08	2.0104e+08	1.96813e+08	1.8958e+08	1.87554e+08	1.8597e+08	1.85655e+08	1.92258e+08	1.76125e+08	1.74467e+08	1.93305e+08	1.97253e+08	2.30399e+08	2.1764e+08	2.24606e+08	1.99004e+08	1.52845e+08	2.01792e+08	2.16167e+08	1.6604e+08	1.84965e+08	1.53497e+08	1.38747e+08	1.66031e+08	1.39735e+08	1.66755e+08	1.67536e+08	1.42026e+08	1.34817e+08	1.20053e+08	1.05904e+08	1.29799e+08	1.08179e+08	1.29735e+08	1.93557e+08	1.95779e+08	2.23934e+08	1.92925e+08	1.91033e+08	2.27797e+08	2.09922e+08	1.5269e+08	2.2122e+08	1.87586e+08	1.93248e+08	1.93536e+08
ERR637109	2.92387e+08	3.02312e+08	2.89447e+08	2.08982e+08	2.93278e+08	2.76839e+08	3.17641e+08	3.1894e+08	3.6257e+08	3.53971e+08	3.6699e+08	3.67865e+08	3.40577e+08	2.4324e+08	2.27418e+08	2.43609e+08	3.59962e+08	3.9122e+08	2.81549e+08	3.0707e+08	3.05001e+08	3.51752e+08	3.54803e+08	2.87666e+08	5.70553e+08	4.2128e+08	3.96226e+08	4.0773e+08	3.95711e+08	3.66406e+08	2.17011e+08	1.74363e+08	1.97111e+08	1.66275e+08	2.07109e+08	2.13989e+08	2.21443e+08	2.37491e+08	2.26295e+08	2.85533e+08	2.83632e+08	2.60356e+08	2.96231e+08	2.99029e+08	2.8963e+08	2.92026e+08	2.87669e+08	2.74667e+08	2.50759e+08	2.66818e+08	2.4326e+08	2.4812e+08	2.42674e+08	2.33959e+08	2.21522e+08	2.19518e+08	2.19101e+08	2.26906e+08	2.07964e+08	2.06067e+08	2.35448e+08	2.40065e+08	2.7954e+08	2.64691e+08	2.72545e+08	2.42399e+08	1.88639e+08	2.48722e+08	2.66637e+08	2.05159e+08	2.28859e+08	1.8935e+08	1.60313e+08	1.92424e+08	1.61476e+08	1.93316e+08	1.94281e+08	1.64084e+08	1.50995e+08	1.34339e+08	1.1807e+08	1.45297e+08	1.20953e+08	1.45325e+08	2.31295e+08	2.33626e+08	2.66546e+08	2.29705e+08	2.28249e+08	2.71021e+08	2.62728e+08	1.91914e+08	2.76674e+08	2.36113e+08	2.42202e+08	2.43841e+08
ERR637110	2.97931e+08	3.08136e+08	2.95118e+08	2.12736e+08	2.9897e+08	2.82029e+08	3.24097e+08	3.25276e+08	3.70043e+08	3.61405e+08	3.74729e+08	3.75676e+08	3.47744e+08	2.48317e+08	2.32225e+08	2.48638e+08	3.67705e+08	3.99719e+08	2.87093e+08	3.13559e+08	3.11516e+08	3.59302e+08	3.62536e+08	2.93733e+08	4.2128e+08	5.90974e+08	4.04118e+08	4.16015e+08	4.03804e+08	3.73677e+08	2.21817e+08	1.78301e+08	2.0129e+08	1.69969e+08	2.11715e+08	2.18684e+08	2.25871e+08	2.4239e+08	2.31094e+08	2.91578e+08	2.89474e+08	2.65516e+08	3.0192e+08	3.05052e+08	2.95189e+08	2.97492e+08	2.93199e+08	2.79884e+08	2.56172e+08	2.72665e+08	2.48631e+08	2.53484e+08	2.47843e+08	2.39055e+08	2.26488e+08	2.24453e+08	2.23943e+08	2.31992e+08	2.12617e+08	2.10606e+08	2.40488e+08	2.45353e+08	2.85777e+08	2.70563e+08	2.78651e+08	2.47891e+08	1.92439e+08	2.5365e+08	2.71971e+08	2.09213e+08	2.33404e+08	1.93075e+08	1.64044e+08	1.97096e+08	1.65466e+08	1.97745e+08	1.98909e+08	1.68068e+08	1.54535e+08	1.37479e+08	1.20795e+08	1.48794e+08	1.23812e+08	1.48671e+08	2.36509e+08	2.39041e+08	2.72756e+08	2.34959e+08	2.3344e+08	2.77232e+08	2.68299e+08	1.95822e+08	2.82614e+08	2.40941e+08	2.47315e+08	2.48745e+08
ERR637106	2.81346e+08	2.91247e+08	2.7863e+08	2.00382e+08	2.82371e+08	2.66396e+08	3.06733e+08	3.0792e+08	3.50141e+08	3.42141e+08	3.54601e+08	3.5535e+08	3.28674e+08	2.3479e+08	2.19422e+08	2.34911e+08	3.47702e+08	3.78356e+08	2.69984e+08	2.9611e+08	2.94252e+08	3.39221e+08	3.42255e+08	2.76901e+08	3.96226e+08	4.04118e+08	5.34961e+08	3.91394e+08	3.81656e+08	3.53736e+08	2.07812e+08	1.67096e+08	1.88362e+08	1.59419e+08	1.98461e+08	2.05016e+08	2.1255e+08	2.29081e+08	2.1823e+08	2.75525e+08	2.73432e+08	2.50462e+08	2.8571e+08	2.87996e+08	2.79112e+08	2.81434e+08	2.77162e+08	2.64725e+08	2.40944e+08	2.565e+08	2.3388e+08	2.38353e+08	2.33302e+08	2.24823e+08	2.12807e+08	2.10791e+08	2.1039e+08	2.18061e+08	1.99733e+08	1.97647e+08	2.25616e+08	2.30154e+08	2.68966e+08	2.54273e+08	2.62122e+08	2.32355e+08	1.80643e+08	2.38832e+08	2.5607e+08	1.96336e+08	2.1922e+08	1.81252e+08	1.54996e+08	1.85798e+08	1.56294e+08	1.86561e+08	1.87596e+08	1.58607e+08	1.46469e+08	1.30125e+08	1.14409e+08	1.40917e+08	1.17144e+08	1.40956e+08	2.21908e+08	2.24361e+08	2.56868e+08	2.2087e+08	2.18963e+08	2.61073e+08	2.52932e+08	1.83868e+08	2.6645e+08	2.26382e+08	2.33088e+08	2.33748e+08
ERR637108	2.88822e+08	2.98643e+08	2.85927e+08	2.06468e+08	2.89784e+08	2.73456e+08	3.13605e+08	3.14942e+08	3.58056e+08	3.49621e+08	3.6242e+08	3.63392e+08	3.35912e+08	2.39862e+08	2.24344e+08	2.40078e+08	3.55156e+08	3.85834e+08	2.77558e+08	3.02873e+08	3.00876e+08	3.47007e+08	3.49992e+08	2.83694e+08	4.0773e+08	4.16015e+08	3.91394e+08	5.58116e+08	3.90698e+08	3.61867e+08	2.14024e+08	1.72033e+08	1.94283e+08	1.63932e+08	2.0434e+08	2.10976e+08	2.18672e+08	2.34535e+08	2.23445e+08	2.82097e+08	2.79897e+08	2.57028e+08	2.92575e+08	2.95445e+08	2.86104e+08	2.8842e+08	2.84246e+08	2.71357e+08	2.47378e+08	2.63251e+08	2.40138e+08	2.44815e+08	2.39303e+08	2.30961e+08	2.18454e+08	2.1666e+08	2.16101e+08	2.23717e+08	2.05216e+08	2.03259e+08	2.3229e+08	2.36947e+08	2.75876e+08	2.61312e+08	2.6896e+08	2.39412e+08	1.86088e+08	2.45394e+08	2.63105e+08	2.02371e+08	2.25785e+08	1.86812e+08	1.5798e+08	1.89894e+08	1.59192e+08	1.90539e+08	1.91578e+08	1.61762e+08	1.48809e+08	1.32454e+08	1.16344e+08	1.43207e+08	1.19117e+08	1.43302e+08	2.28114e+08	2.30485e+08	2.63005e+08	2.26513e+08	2.25061e+08	2.67381e+08	2.59378e+08	1.89292e+08	2.73126e+08	2.3298e+08	2.3921e+08	2.40569e+08
ERR637107	2.81021e+08	2.90657e+08	2.78326e+08	2.00933e+08	2.82092e+08	2.66139e+08	3.05038e+08	3.063e+08	3.48211e+08	3.40069e+08	3.52567e+08	3.53369e+08	3.26893e+08	2.33737e+08	2.185e+08	2.33862e+08	3.45452e+08	3.75436e+08	2.69978e+08	2.94525e+08	2.92665e+08	3.37436e+08	3.40323e+08	2.75942e+08	3.95711e+08	4.03804e+08	3.81656e+08	3.90698e+08	5.3267e+08	3.53008e+08	2.07559e+08	1.67037e+08	1.88559e+08	1.59059e+08	1.98277e+08	2.04691e+08	2.12766e+08	2.28016e+08	2.17329e+08	2.74449e+08	2.72345e+08	2.50032e+08	2.84922e+08	2.87903e+08	2.78595e+08	2.80932e+08	2.76912e+08	2.64377e+08	2.40572e+08	2.56027e+08	2.33441e+08	2.38024e+08	2.32755e+08	2.24567e+08	2.1215e+08	2.10371e+08	2.09999e+08	2.17423e+08	1.99342e+08	1.97421e+08	2.25783e+08	2.30086e+08	2.68076e+08	2.53843e+08	2.61187e+08	2.32529e+08	1.81209e+08	2.38704e+08	2.55764e+08	1.96893e+08	2.1958e+08	1.81693e+08	1.53556e+08	1.84339e+08	1.54772e+08	1.85172e+08	1.86084e+08	1.57184e+08	1.44646e+08	1.28836e+08	1.1311e+08	1.39259e+08	1.15795e+08	1.39167e+08	2.2147e+08	2.23854e+08	2.55212e+08	2.19976e+08	2.18428e+08	2.59612e+08	2.52293e+08	1.84167e+08	2.65726e+08	2.26635e+08	2.32553e+08	2.33967e+08
ERR637105	2.60751e+08	2.69711e+08	2.58254e+08	1.86632e+08	2.61762e+08	2.47269e+08	2.82439e+08	2.83445e+08	3.2209e+08	3.14613e+08	3.26122e+08	3.26854e+08	3.02795e+08	2.1665e+08	2.02534e+08	2.16771e+08	3.19902e+08	3.47592e+08	2.49143e+08	2.72276e+08	2.70591e+08	3.11611e+08	3.14434e+08	2.54973e+08	3.66406e+08	3.73677e+08	3.53736e+08	3.61867e+08	3.53008e+08	4.66015e+08	1.89797e+08	1.52651e+08	1.72297e+08	1.45491e+08	1.81366e+08	1.87307e+08	1.96334e+08	2.10707e+08	2.00961e+08	2.53231e+08	2.51489e+08	2.30829e+08	2.6488e+08	2.67411e+08	2.59032e+08	2.61144e+08	2.57272e+08	2.45817e+08	2.21028e+08	2.35249e+08	2.14479e+08	2.18611e+08	2.13928e+08	2.06276e+08	1.94465e+08	1.92658e+08	1.92294e+08	1.99119e+08	1.82562e+08	1.80739e+08	2.06869e+08	2.11037e+08	2.45941e+08	2.32716e+08	2.39771e+08	2.13124e+08	1.67107e+08	2.20438e+08	2.3627e+08	1.81699e+08	2.02651e+08	1.67675e+08	1.40879e+08	1.69205e+08	1.42087e+08	1.6978e+08	1.70756e+08	1.44273e+08	1.32834e+08	1.18211e+08	1.03835e+08	1.27867e+08	1.06345e+08	1.27871e+08	2.02599e+08	2.04837e+08	2.33883e+08	2.01363e+08	1.99896e+08	2.37813e+08	2.32718e+08	1.69826e+08	2.4507e+08	2.08932e+08	2.1458e+08	2.15625e+08
ERR630233	1.55826e+08	1.61897e+08	1.54682e+08	1.09478e+08	1.56525e+08	1.47189e+08	1.79435e+08	1.81076e+08	2.05751e+08	2.01576e+08	2.08486e+08	2.09288e+08	2.19641e+08	1.54861e+08	1.44526e+08	1.55612e+08	2.33068e+08	2.53782e+08	1.74282e+08	1.90605e+08	1.89209e+08	2.19888e+08	2.22153e+08	1.7825e+08	2.17011e+08	2.21817e+08	2.07812e+08	2.14024e+08	2.07559e+08	1.89797e+08	5.21756e+08	3.22265e+08	3.58042e+08	3.05511e+08	3.72881e+08	3.83498e+08	1.38491e+08	1.4914e+08	1.41932e+08	1.79701e+08	1.78759e+08	1.6384e+08	1.53396e+08	1.5513e+08	1.49079e+08	1.50517e+08	1.48288e+08	1.4092e+08	2.74091e+08	2.91057e+08	2.66388e+08	2.71181e+08	2.65262e+08	2.56679e+08	2.67178e+08	2.67285e+08	2.64667e+08	2.73183e+08	2.53157e+08	2.50262e+08	2.6624e+08	2.71739e+08	3.14029e+08	2.99012e+08	3.06376e+08	2.73984e+08	1.38273e+08	1.83838e+08	1.95884e+08	1.50919e+08	1.67551e+08	1.39764e+08	2.03138e+08	2.42067e+08	2.03837e+08	2.44007e+08	2.45267e+08	2.07611e+08	1.84545e+08	1.65445e+08	1.45812e+08	1.78652e+08	1.48847e+08	1.77845e+08	3.03972e+08	3.0637e+08	3.45763e+08	3.02089e+08	2.99407e+08	3.51556e+08	2.0514e+08	1.48847e+08	2.16129e+08	1.839e+08	1.88141e+08	1.89849e+08
ERR630231	1.25079e+08	1.30107e+08	1.24355e+08	8.80856e+07	1.25732e+08	1.18189e+08	1.44077e+08	1.45357e+08	1.65034e+08	1.61812e+08	1.67183e+08	1.67846e+08	1.77057e+08	1.24994e+08	1.16667e+08	1.2551e+08	1.87528e+08	2.04296e+08	1.40232e+08	1.53265e+08	1.52231e+08	1.76804e+08	1.78487e+08	1.43473e+08	1.74363e+08	1.78301e+08	1.67096e+08	1.72033e+08	1.67037e+08	1.52651e+08	3.22265e+08	3.78001e+08	2.99392e+08	2.56662e+08	3.1182e+08	3.19298e+08	1.1156e+08	1.19772e+08	1.14009e+08	1.44314e+08	1.43649e+08	1.31771e+08	1.23512e+08	1.24877e+08	1.20104e+08	1.211e+08	1.19363e+08	1.13405e+08	2.22256e+08	2.36008e+08	2.15875e+08	2.19758e+08	2.14952e+08	2.08211e+08	2.17418e+08	2.17515e+08	2.15278e+08	2.22117e+08	2.06182e+08	2.03857e+08	2.16231e+08	2.2068e+08	2.54507e+08	2.42527e+08	2.48205e+08	2.22515e+08	1.12475e+08	1.49347e+08	1.59014e+08	1.22888e+08	1.36277e+08	1.13815e+08	1.65435e+08	1.97074e+08	1.65979e+08	1.98675e+08	1.99651e+08	1.69012e+08	1.50483e+08	1.34956e+08	1.19208e+08	1.45651e+08	1.21463e+08	1.45022e+08	2.49038e+08	2.50797e+08	2.82655e+08	2.47565e+08	2.45194e+08	2.87413e+08	1.65749e+08	1.20509e+08	1.74626e+08	1.48794e+08	1.52219e+08	1.53544e+08
ERR630235	1.4155e+08	1.46929e+08	1.40682e+08	1.00044e+08	1.42287e+08	1.33834e+08	1.62397e+08	1.63843e+08	1.85971e+08	1.82192e+08	1.88363e+08	1.89222e+08	1.99064e+08	1.40478e+08	1.31167e+08	1.41158e+08	2.10995e+08	2.29342e+08	1.58428e+08	1.72441e+08	1.71184e+08	1.98893e+08	2.00851e+08	1.61589e+08	1.97111e+08	2.0129e+08	1.88362e+08	1.94283e+08	1.88559e+08	1.72297e+08	3.58042e+08	2.99392e+08	4.55286e+08	2.83771e+08	3.45599e+08	3.54564e+08	1.26211e+08	1.3511e+08	1.28539e+08	1.62707e+08	1.61941e+08	1.48812e+08	1.39271e+08	1.41081e+08	1.35482e+08	1.36693e+08	1.34839e+08	1.2808e+08	2.4956e+08	2.64993e+08	2.42261e+08	2.46659e+08	2.41239e+08	2.33851e+08	2.43584e+08	2.43746e+08	2.413e+08	2.48923e+08	2.30941e+08	2.28474e+08	2.42718e+08	2.47745e+08	2.85301e+08	2.72205e+08	2.78351e+08	2.5001e+08	1.26666e+08	1.67991e+08	1.78819e+08	1.38527e+08	1.53472e+08	1.28157e+08	1.84198e+08	2.1967e+08	1.84796e+08	2.21409e+08	2.22612e+08	1.88218e+08	1.67507e+08	1.5024e+08	1.32476e+08	1.62152e+08	1.35141e+08	1.61329e+08	2.78181e+08	2.80284e+08	3.15244e+08	2.76165e+08	2.74068e+08	3.20379e+08	1.86743e+08	1.36215e+08	1.96744e+08	1.68102e+08	1.71521e+08	1.73542e+08
