	ERR637038	ERR637037	ERR637036	ERR637033	ERR637034	ERR637035	ERR630047	ERR630042	ERR630044	ERR630046	ERR630045	ERR630043	ERR629807	ERR629811	ERR629809	ERR629806	ERR629810	ERR629808	ERR613041	ERR613042	ERR613046	ERR613045	ERR613043	ERR613044	ERR636741	ERR636740	ERR636742	ERR636743	ERR636739	ERR636744	ERR608852	ERR608851	ERR608848	ERR608849	ERR608847	ERR608850	ERR607805	ERR607808	ERR607806	ERR607810	ERR607809	ERR607807	ERR618694	ERR618693	ERR618695	ERR618696	ERR618698	ERR618697	ERR629692	ERR629693	ERR629696	ERR629694	ERR629697	ERR629695	ERR626703	ERR626698	ERR626699	ERR626700	ERR626701	ERR626702	ERR609228	ERR609225	ERR609227	ERR609224	ERR609226	ERR609223	ERR630250	ERR630251	ERR630253	ERR630252	ERR630248	ERR630249	ERR612958	ERR612962	ERR612961	ERR612960	ERR612959	ERR612957	ERR607399	ERR607402	ERR607401	ERR607397	ERR607400	ERR607398	ERR605600	ERR605599	ERR605602	ERR605603	ERR605604	ERR605601	ERR612856	ERR612858	ERR612859	ERR612857	ERR612860	ERR612855
ERR637038	7.94184e+09	7.68194e+09	7.65625e+09	7.49093e+09	7.75601e+09	7.7369e+09	6.83955e+09	6.90853e+09	6.63986e+09	6.58165e+09	5.84142e+09	6.22055e+09	6.66261e+09	7.5933e+09	7.55976e+09	7.35327e+09	7.52838e+09	6.65665e+09	7.4387e+09	7.01809e+09	4.77438e+09	4.88164e+09	7.01413e+09	4.6508e+09	7.82587e+09	7.82515e+09	7.62451e+09	7.65397e+09	7.55941e+09	7.70008e+09	7.16772e+09	7.12026e+09	6.94088e+09	7.41851e+09	5.46092e+09	7.13313e+09	7.10461e+09	6.45053e+09	7.53231e+09	6.58759e+09	6.53565e+09	7.58572e+09	6.10712e+09	6.40662e+09	6.13011e+09	6.30689e+09	6.45759e+09	6.34701e+09	6.97164e+09	6.15959e+09	7.1867e+09	6.17714e+09	7.23896e+09	7.19961e+09	7.32386e+09	7.68455e+09	7.37562e+09	6.55622e+09	7.30076e+09	7.32236e+09	7.1949e+09	6.95705e+09	7.23696e+09	7.19847e+09	6.39191e+09	7.2618e+09	5.96842e+09	5.44106e+09	5.27035e+09	5.70625e+09	6.92766e+09	6.19832e+09	5.1343e+09	5.42433e+09	5.23444e+09	5.49913e+09	6.4453e+09	6.86381e+09	8.02864e+09	6.33773e+09	6.58196e+09	6.10612e+09	6.48844e+09	7.74983e+09	7.02608e+09	7.29654e+09	6.88403e+09	6.96176e+09	6.87345e+09	6.72962e+09	5.29506e+09	5.63265e+09	5.3709e+09	6.60332e+09	5.51019e+09	7.00867e+09
ERR637037	7.68194e+09	7.85012e+09	7.61248e+09	7.45022e+09	7.71137e+09	7.6923e+09	6.80363e+09	6.87129e+09	6.60475e+09	6.54817e+09	5.81318e+09	6.18836e+09	6.62511e+09	7.54629e+09	7.51313e+09	7.3091e+09	7.48184e+09	6.61872e+09	7.39389e+09	6.97797e+09	4.75099e+09	4.8576e+09	6.97374e+09	4.62852e+09	7.77885e+09	7.77791e+09	7.58069e+09	7.60912e+09	7.51702e+09	7.65532e+09	7.12421e+09	7.0768e+09	6.8992e+09	7.37218e+09	5.43191e+09	7.08918e+09	7.05766e+09	6.4087e+09	7.48086e+09	6.54454e+09	6.49331e+09	7.5349e+09	6.06412e+09	6.35994e+09	6.08677e+09	6.26136e+09	6.41016e+09	6.30097e+09	6.92803e+09	6.1222e+09	7.14141e+09	6.13962e+09	7.19337e+09	7.15373e+09	7.27936e+09	7.63457e+09	7.33032e+09	6.5198e+09	7.25565e+09	7.2771e+09	7.15025e+09	6.91528e+09	7.19195e+09	7.15397e+09	6.35297e+09	7.21613e+09	5.93296e+09	5.40955e+09	5.24069e+09	5.67266e+09	6.88511e+09	6.16138e+09	5.10208e+09	5.38914e+09	5.20075e+09	5.46363e+09	6.40291e+09	6.8174e+09	7.9745e+09	6.2985e+09	6.54128e+09	6.07045e+09	6.44839e+09	7.69873e+09	6.97933e+09	7.24718e+09	6.83811e+09	6.91513e+09	6.82748e+09	6.68529e+09	5.26316e+09	5.59753e+09	5.33767e+09	6.56185e+09	5.47597e+09	6.9631e+09
ERR637036	7.65625e+09	7.61248e+09	7.79789e+09	7.4263e+09	7.68542e+09	7.66721e+09	6.78534e+09	6.85026e+09	6.5851e+09	6.53109e+09	5.79846e+09	6.17085e+09	6.60347e+09	7.51903e+09	7.48607e+09	7.28322e+09	7.4554e+09	6.59727e+09	7.36869e+09	6.95515e+09	4.73782e+09	4.84408e+09	6.95128e+09	4.61526e+09	7.75272e+09	7.7515e+09	7.55625e+09	7.58401e+09	7.49313e+09	7.62953e+09	7.09883e+09	7.05198e+09	6.87579e+09	7.34571e+09	5.41671e+09	7.06424e+09	7.032e+09	6.38537e+09	7.45168e+09	6.52026e+09	6.46864e+09	7.50627e+09	6.03976e+09	6.33375e+09	6.06209e+09	6.23537e+09	6.38335e+09	6.27465e+09	6.90274e+09	6.10157e+09	7.11504e+09	6.11818e+09	7.167e+09	7.12739e+09	7.25177e+09	7.60521e+09	7.30326e+09	6.49826e+09	7.22879e+09	7.24991e+09	7.12383e+09	6.89062e+09	7.16527e+09	7.12722e+09	6.32948e+09	7.18852e+09	5.91282e+09	5.3917e+09	5.22434e+09	5.65374e+09	6.86008e+09	6.14076e+09	5.08429e+09	5.3692e+09	5.18129e+09	5.4434e+09	6.37896e+09	6.79087e+09	7.94282e+09	6.27596e+09	6.51716e+09	6.05079e+09	6.42527e+09	7.66923e+09	6.95196e+09	7.21837e+09	6.81164e+09	6.88823e+09	6.80067e+09	6.65998e+09	5.24476e+09	5.5765e+09	5.31812e+09	6.53745e+09	5.4558e+09	6.93656e+09
ERR637033	7.49093e+09	7.45022e+09	7.4263e+09	7.47968e+09	7.52354e+09	7.50638e+09	6.65509e+09	6.71302e+09	6.45564e+09	6.40792e+09	5.69481e+09	6.05454e+09	6.47488e+09	7.35604e+09	7.32491e+09	7.13037e+09	7.29523e+09	6.4684e+09	7.2119e+09	6.81491e+09	4.65707e+09	4.76051e+09	6.81103e+09	4.53665e+09	7.5863e+09	7.58495e+09	7.398e+09	7.42406e+09	7.3403e+09	7.46721e+09	6.94493e+09	6.89913e+09	6.73155e+09	7.18422e+09	5.31611e+09	6.91266e+09	6.87555e+09	6.24596e+09	7.27992e+09	6.37629e+09	6.32647e+09	7.33505e+09	5.89663e+09	6.1796e+09	5.91791e+09	6.08472e+09	6.22731e+09	6.12284e+09	6.75065e+09	5.97484e+09	6.95824e+09	5.98994e+09	7.00775e+09	6.96999e+09	7.09917e+09	7.43776e+09	7.1498e+09	6.37457e+09	7.07704e+09	7.09761e+09	6.96902e+09	6.74627e+09	7.00872e+09	6.97236e+09	6.19623e+09	7.03115e+09	5.79289e+09	5.28573e+09	5.1241e+09	5.54097e+09	6.71397e+09	6.01633e+09	4.97768e+09	5.25208e+09	5.06992e+09	5.32458e+09	6.23649e+09	6.63469e+09	7.7581e+09	6.14518e+09	6.38016e+09	5.93243e+09	6.28997e+09	7.49658e+09	6.79331e+09	7.05177e+09	6.65791e+09	6.73249e+09	6.64815e+09	6.51181e+09	5.13983e+09	5.45976e+09	5.20905e+09	6.39762e+09	5.34219e+09	6.784e+09
ERR637034	7.75601e+09	7.71137e+09	7.68542e+09	7.52354e+09	8.01078e+09	7.77071e+09	6.85974e+09	6.93309e+09	6.66253e+09	6.60075e+09	5.85685e+09	6.2399e+09	6.68844e+09	7.62582e+09	7.59273e+09	7.38463e+09	7.56087e+09	6.68265e+09	7.47108e+09	7.04601e+09	4.78918e+09	4.89706e+09	7.04082e+09	4.66593e+09	7.85896e+09	7.86126e+09	7.65556e+09	7.68457e+09	7.59178e+09	7.73236e+09	7.19843e+09	7.15048e+09	6.9714e+09	7.45401e+09	5.47959e+09	7.16497e+09	7.13724e+09	6.47886e+09	7.56926e+09	6.61921e+09	6.56659e+09	7.62051e+09	6.13503e+09	6.4367e+09	6.15909e+09	6.33842e+09	6.49e+09	6.37829e+09	7.00107e+09	6.183e+09	7.2168e+09	6.20112e+09	7.26948e+09	7.22989e+09	7.35617e+09	7.71974e+09	7.40779e+09	6.58031e+09	7.33268e+09	7.35444e+09	7.22357e+09	6.98345e+09	7.26556e+09	7.22672e+09	6.41795e+09	7.29189e+09	5.99065e+09	5.46035e+09	5.28811e+09	5.7279e+09	6.95613e+09	6.22185e+09	5.1546e+09	5.44731e+09	5.25581e+09	5.52264e+09	6.47393e+09	6.89691e+09	8.06832e+09	6.36298e+09	6.60854e+09	6.12781e+09	6.51471e+09	7.78558e+09	7.05374e+09	7.32642e+09	6.91274e+09	6.99061e+09	6.90202e+09	6.75657e+09	5.31684e+09	5.65745e+09	5.39379e+09	6.63328e+09	5.53409e+09	7.04241e+09
ERR637035	7.7369e+09	7.6923e+09	7.66721e+09	7.50638e+09	7.77071e+09	7.97188e+09	6.8618e+09	6.92322e+09	6.65379e+09	6.60257e+09	5.85946e+09	6.23562e+09	6.67276e+09	7.60519e+09	7.57159e+09	7.36329e+09	7.54021e+09	6.66543e+09	7.44979e+09	7.03022e+09	4.78238e+09	4.88984e+09	7.02641e+09	4.65791e+09	7.84408e+09	7.84002e+09	7.63851e+09	7.66671e+09	7.57552e+09	7.71347e+09	7.17924e+09	7.1312e+09	6.95317e+09	7.42946e+09	5.47499e+09	7.14441e+09	7.11305e+09	6.45523e+09	7.53885e+09	6.59129e+09	6.53942e+09	7.59658e+09	6.11651e+09	6.41452e+09	6.13913e+09	6.31452e+09	6.46473e+09	6.35522e+09	6.9816e+09	6.17e+09	7.19832e+09	6.18603e+09	7.25131e+09	7.21108e+09	7.32969e+09	7.69177e+09	7.38286e+09	6.56534e+09	7.3059e+09	7.32814e+09	7.20709e+09	6.97064e+09	7.2485e+09	7.21022e+09	6.39804e+09	7.27222e+09	5.97932e+09	5.4514e+09	5.28263e+09	5.71708e+09	6.94148e+09	6.21181e+09	5.14141e+09	5.42911e+09	5.23873e+09	5.50407e+09	6.45592e+09	6.8739e+09	8.04237e+09	6.34663e+09	6.59132e+09	6.12181e+09	6.49765e+09	7.76411e+09	7.03735e+09	7.30807e+09	6.89457e+09	6.97339e+09	6.88394e+09	6.74172e+09	5.29996e+09	5.63518e+09	5.37341e+09	6.61141e+09	5.51247e+09	7.01517e+09
ERR630047	6.83955e+09	6.80363e+09	6.78534e+09	6.65509e+09	6.85974e+09	6.8618e+09	6.47047e+09	6.28916e+09	6.05687e+09	6.05217e+09	5.39858e+09	5.70266e+09	5.95628e+09	6.72692e+09	6.69537e+09	6.52319e+09	6.67161e+09	5.94484e+09	6.61745e+09	6.27756e+09	4.34126e+09	4.43377e+09	6.27696e+09	4.22484e+09	6.96767e+09	6.95088e+09	6.79249e+09	6.81258e+09	6.74184e+09	6.85013e+09	6.39946e+09	6.35921e+09	6.21123e+09	6.60322e+09	4.96558e+09	6.3666e+09	6.30302e+09	5.72769e+09	6.65282e+09	5.83503e+09	5.78991e+09	6.72127e+09	5.43314e+09	5.67957e+09	5.4457e+09	5.58729e+09	5.71058e+09	5.622e+09	6.20613e+09	5.51998e+09	6.39675e+09	5.52572e+09	6.44459e+09	6.40592e+09	6.47901e+09	6.7797e+09	6.52893e+09	5.867e+09	6.45749e+09	6.47685e+09	6.40872e+09	6.21922e+09	6.4431e+09	6.41004e+09	5.69592e+09	6.4549e+09	5.36431e+09	4.90654e+09	4.77219e+09	5.13404e+09	6.19421e+09	5.57334e+09	4.58757e+09	4.8187e+09	4.65616e+09	4.88494e+09	5.72234e+09	6.06879e+09	7.08645e+09	5.66017e+09	5.87025e+09	5.50197e+09	5.7869e+09	6.86674e+09	6.25565e+09	6.48218e+09	6.12667e+09	6.19571e+09	6.11727e+09	6.00342e+09	4.72486e+09	4.9948e+09	4.77119e+09	5.85732e+09	4.89098e+09	6.19483e+09
ERR630042	6.90853e+09	6.87129e+09	6.85026e+09	6.71302e+09	6.93309e+09	6.92322e+09	6.28916e+09	6.54382e+09	6.11311e+09	6.06201e+09	5.40362e+09	5.74303e+09	6.01401e+09	6.80292e+09	6.77167e+09	6.59842e+09	6.74708e+09	6.00522e+09	6.6923e+09	6.33728e+09	4.36835e+09	4.46363e+09	6.33525e+09	4.25429e+09	7.02945e+09	7.02246e+09	6.85273e+09	6.87568e+09	6.79751e+09	6.91569e+09	6.48191e+09	6.44043e+09	6.28478e+09	6.69388e+09	4.99308e+09	6.44809e+09	6.39566e+09	5.82278e+09	6.76057e+09	5.93789e+09	5.89142e+09	6.81297e+09	5.53281e+09	5.79046e+09	5.54765e+09	5.69959e+09	5.82679e+09	5.73301e+09	6.28882e+09	5.58456e+09	6.47691e+09	5.59577e+09	6.52379e+09	6.48742e+09	6.56811e+09	6.87462e+09	6.61359e+09	5.9237e+09	6.54734e+09	6.56628e+09	6.4867e+09	6.28362e+09	6.52273e+09	6.49135e+09	5.78468e+09	6.54192e+09	5.42427e+09	4.9587e+09	4.81048e+09	5.19207e+09	6.26595e+09	5.62911e+09	4.65638e+09	4.90627e+09	4.73944e+09	4.97327e+09	5.80876e+09	6.16808e+09	7.18491e+09	5.73321e+09	5.94599e+09	5.53964e+09	5.86331e+09	6.95162e+09	6.34663e+09	6.57937e+09	6.21849e+09	6.28744e+09	6.20911e+09	6.08759e+09	4.79461e+09	5.08372e+09	4.85473e+09	5.94229e+09	4.97659e+09	6.29032e+09
ERR630044	6.63986e+09	6.60475e+09	6.5851e+09	6.45564e+09	6.66253e+09	6.65379e+09	6.05687e+09	6.11311e+09	6.07995e+09	5.84202e+09	5.21638e+09	5.53972e+09	5.79176e+09	6.53623e+09	6.50718e+09	6.34308e+09	6.48354e+09	5.78374e+09	6.43188e+09	6.09605e+09	4.22319e+09	4.31511e+09	6.09473e+09	4.1141e+09	6.75255e+09	6.74615e+09	6.5865e+09	6.60828e+09	6.53457e+09	6.64538e+09	6.23475e+09	6.19491e+09	6.04925e+09	6.43536e+09	4.82152e+09	6.20356e+09	6.15272e+09	5.60926e+09	6.49755e+09	5.71795e+09	5.67383e+09	6.54695e+09	5.3286e+09	5.57343e+09	5.34281e+09	5.48644e+09	5.60724e+09	5.51875e+09	6.05163e+09	5.38402e+09	6.22918e+09	5.39456e+09	6.27351e+09	6.23928e+09	6.31428e+09	6.60336e+09	6.35742e+09	5.70562e+09	6.29465e+09	6.31239e+09	6.2362e+09	6.04394e+09	6.26992e+09	6.24038e+09	5.57075e+09	6.28811e+09	5.22963e+09	4.78635e+09	4.6453e+09	5.00875e+09	6.02941e+09	5.42478e+09	4.49572e+09	4.73348e+09	4.57435e+09	4.79701e+09	5.59227e+09	5.93381e+09	6.89607e+09	5.52472e+09	5.72676e+09	5.34047e+09	5.64799e+09	6.67713e+09	6.10394e+09	6.32429e+09	5.9821e+09	6.04787e+09	5.97412e+09	5.85914e+09	4.62769e+09	4.90316e+09	4.68521e+09	5.72027e+09	4.80127e+09	6.05041e+09
ERR630046	6.58165e+09	6.54817e+09	6.53109e+09	6.40792e+09	6.60075e+09	6.60257e+09	6.05217e+09	6.06201e+09	5.84202e+09	6.02381e+09	5.21895e+09	5.50644e+09	5.74212e+09	6.47031e+09	6.44078e+09	6.27854e+09	6.41856e+09	5.73119e+09	6.36878e+09	6.04796e+09	4.20319e+09	4.29188e+09	6.04692e+09	4.09116e+09	6.70151e+09	6.68558e+09	6.53697e+09	6.55571e+09	6.48904e+09	6.59115e+09	6.16269e+09	6.12422e+09	5.98451e+09	6.35439e+09	4.80008e+09	6.13129e+09	6.06948e+09	5.52229e+09	6.39987e+09	5.62366e+09	5.58049e+09	6.46544e+09	5.23497e+09	5.46904e+09	5.247e+09	5.3808e+09	5.49839e+09	5.41329e+09	5.97625e+09	5.32464e+09	6.15748e+09	5.33014e+09	6.20257e+09	6.16624e+09	6.23604e+09	6.51955e+09	6.28343e+09	5.65731e+09	6.21595e+09	6.2339e+09	6.1681e+09	5.98894e+09	6.20145e+09	6.16911e+09	5.49123e+09	6.21152e+09	5.1761e+09	4.73881e+09	4.61169e+09	4.95617e+09	5.96536e+09	5.37582e+09	4.43156e+09	4.65105e+09	4.49612e+09	4.7149e+09	5.51311e+09	5.84243e+09	6.80885e+09	5.45877e+09	5.65851e+09	5.31034e+09	5.57902e+09	6.6024e+09	6.02098e+09	6.2368e+09	5.89906e+09	5.9648e+09	5.89063e+09	5.7823e+09	4.56479e+09	4.82197e+09	4.60874e+09	5.64437e+09	4.72273e+09	5.96481e+09
ERR630045	5.84142e+09	5.81318e+09	5.79846e+09	5.69481e+09	5.85685e+09	5.85946e+09	5.39858e+09	5.40362e+09	5.21638e+09	5.21895e+09	4.84871e+09	4.93228e+09	5.12076e+09	5.73771e+09	5.71232e+09	5.57466e+09	5.69342e+09	5.11065e+09	5.65786e+09	5.38615e+09	3.79759e+09	3.87584e+09	5.38558e+09	3.69933e+09	5.94228e+09	5.92773e+09	5.80293e+09	5.81847e+09	5.76218e+09	5.84822e+09	5.48359e+09	5.45044e+09	5.33273e+09	5.64663e+09	4.32041e+09	5.45711e+09	5.40161e+09	4.9326e+09	5.68242e+09	5.01842e+09	4.98101e+09	5.73906e+09	4.67602e+09	4.87631e+09	4.68615e+09	4.80026e+09	4.90112e+09	4.82848e+09	5.31775e+09	4.76216e+09	5.47278e+09	4.76596e+09	5.51124e+09	5.47985e+09	5.53732e+09	5.77757e+09	5.57766e+09	5.04753e+09	5.52008e+09	5.53511e+09	5.48003e+09	5.32843e+09	5.50816e+09	5.48114e+09	4.89988e+09	5.51626e+09	4.63273e+09	4.2565e+09	4.14722e+09	4.44376e+09	5.30864e+09	4.80573e+09	3.98448e+09	4.17353e+09	4.03904e+09	4.22854e+09	4.91734e+09	5.19783e+09	6.02371e+09	4.87663e+09	5.04773e+09	4.75316e+09	4.97933e+09	5.84982e+09	5.35287e+09	5.53669e+09	5.2487e+09	5.30489e+09	5.24122e+09	5.14936e+09	4.10159e+09	4.32247e+09	4.13802e+09	5.03166e+09	4.23693e+09	5.30498e+09
ERR630043	6.22055e+09	6.18836e+09	6.17085e+09	6.05454e+09	6.2399e+09	6.23562e+09	5.70266e+09	5.74303e+09	5.53972e+09	5.50644e+09	4.93228e+09	5.3932e+09	5.4415e+09	6.11792e+09	6.09094e+09	5.94118e+09	6.07006e+09	5.43159e+09	6.02775e+09	5.72456e+09	3.99987e+09	4.08411e+09	5.72379e+09	3.8965e+09	6.32418e+09	6.31529e+09	6.17185e+09	6.1914e+09	6.1258e+09	6.22496e+09	5.84715e+09	5.81178e+09	5.6788e+09	6.02806e+09	4.55735e+09	5.81785e+09	5.76694e+09	5.26713e+09	6.07985e+09	5.3644e+09	5.32396e+09	6.12936e+09	5.00216e+09	5.22403e+09	5.01418e+09	5.14372e+09	5.25433e+09	5.17377e+09	5.67283e+09	5.0646e+09	5.83755e+09	5.07112e+09	5.8778e+09	5.84618e+09	5.91149e+09	6.17462e+09	5.95215e+09	5.363e+09	5.89345e+09	5.90976e+09	5.84372e+09	5.67106e+09	5.87441e+09	5.8469e+09	5.23034e+09	5.88872e+09	4.92078e+09	4.51289e+09	4.38562e+09	4.71709e+09	5.65455e+09	5.10365e+09	4.238e+09	4.45413e+09	4.30763e+09	4.51333e+09	5.24854e+09	5.55778e+09	6.44242e+09	5.19189e+09	5.37748e+09	5.03112e+09	5.3045e+09	6.24589e+09	5.71854e+09	5.91896e+09	5.6076e+09	5.66714e+09	5.599e+09	5.49552e+09	4.36091e+09	4.61156e+09	4.4108e+09	5.36687e+09	4.51792e+09	5.66727e+09
ERR629807	6.66261e+09	6.62511e+09	6.60347e+09	6.47488e+09	6.68844e+09	6.67276e+09	5.95628e+09	6.01401e+09	5.79176e+09	5.74212e+09	5.12076e+09	5.4415e+09	6.92115e+09	7.5961e+09	7.56601e+09	7.37467e+09	7.5355e+09	6.72263e+09	6.70406e+09	6.34188e+09	4.37081e+09	4.46669e+09	6.33804e+09	4.25884e+09	6.85903e+09	6.85667e+09	6.68867e+09	6.71358e+09	6.63502e+09	6.75174e+09	6.2599e+09	6.22276e+09	6.07368e+09	6.47172e+09	4.82311e+09	6.23246e+09	6.51374e+09	5.93578e+09	6.8929e+09	6.05497e+09	6.01049e+09	6.93569e+09	5.59203e+09	5.85779e+09	5.611e+09	5.76695e+09	5.89942e+09	5.80191e+09	6.88182e+09	6.13051e+09	7.0778e+09	6.14232e+09	7.12245e+09	7.08788e+09	7.2574e+09	7.58331e+09	7.30197e+09	6.54561e+09	7.2343e+09	7.25654e+09	7.193e+09	6.96581e+09	7.23346e+09	7.19568e+09	6.45162e+09	7.25722e+09	5.96082e+09	5.45844e+09	5.28984e+09	5.7142e+09	6.85986e+09	6.18019e+09	5.19316e+09	5.4823e+09	5.29838e+09	5.55143e+09	6.43362e+09	6.81848e+09	7.80309e+09	6.2639e+09	6.4909e+09	6.03307e+09	6.40495e+09	7.55439e+09	6.94785e+09	7.19428e+09	6.81912e+09	6.89095e+09	6.80984e+09	6.67823e+09	5.40999e+09	5.74226e+09	5.49099e+09	6.65503e+09	5.62497e+09	7.02999e+09
ERR629811	7.5933e+09	7.54629e+09	7.51903e+09	7.35604e+09	7.62582e+09	7.60519e+09	6.72692e+09	6.80292e+09	6.53623e+09	6.47031e+09	5.73771e+09	6.11792e+09	7.5961e+09	8.93796e+09	8.65967e+09	8.41003e+09	8.61952e+09	7.58683e+09	7.62127e+09	7.1755e+09	4.86197e+09	4.97207e+09	7.17004e+09	4.7357e+09	7.82983e+09	7.82877e+09	7.61658e+09	7.64693e+09	7.54778e+09	7.69582e+09	7.1222e+09	7.07638e+09	6.89476e+09	7.37842e+09	5.41288e+09	7.08819e+09	7.40252e+09	6.71775e+09	7.8654e+09	6.86207e+09	6.8099e+09	7.91131e+09	6.36033e+09	6.68269e+09	6.38583e+09	6.57611e+09	6.7376e+09	6.61813e+09	7.82547e+09	6.91019e+09	8.06256e+09	6.92778e+09	8.11817e+09	8.07539e+09	8.26861e+09	8.68953e+09	8.32401e+09	7.36848e+09	8.23899e+09	8.26799e+09	8.20579e+09	7.92057e+09	8.25612e+09	8.20935e+09	7.30332e+09	8.2879e+09	6.71096e+09	6.11508e+09	5.91488e+09	6.41776e+09	7.79418e+09	6.96827e+09	5.83496e+09	6.18335e+09	5.9648e+09	6.26576e+09	7.32326e+09	7.79831e+09	8.98032e+09	7.07359e+09	7.34556e+09	6.78889e+09	7.24392e+09	8.65848e+09	7.9356e+09	8.23863e+09	7.77823e+09	7.86704e+09	7.76695e+09	7.60234e+09	6.06483e+09	6.46881e+09	6.16736e+09	7.5592e+09	6.32744e+09	8.022e+09
ERR629809	7.55976e+09	7.51313e+09	7.48607e+09	7.32491e+09	7.59273e+09	7.57159e+09	6.69537e+09	6.77167e+09	6.50718e+09	6.44078e+09	5.71232e+09	6.09094e+09	7.56601e+09	8.65967e+09	8.85774e+09	8.3743e+09	8.5833e+09	7.55688e+09	7.58966e+09	7.14651e+09	4.84467e+09	4.95363e+09	7.14088e+09	4.71853e+09	7.79424e+09	7.79403e+09	7.58335e+09	7.61371e+09	7.51552e+09	7.66209e+09	7.09061e+09	7.04493e+09	6.86494e+09	7.34685e+09	5.38975e+09	7.05784e+09	7.37233e+09	6.6916e+09	7.83182e+09	6.83585e+09	6.7833e+09	7.87743e+09	6.3299e+09	6.65085e+09	6.35582e+09	6.54542e+09	6.70652e+09	6.58729e+09	7.79129e+09	6.88187e+09	8.02695e+09	6.89901e+09	8.08112e+09	8.03938e+09	8.23485e+09	8.65209e+09	8.28972e+09	7.33944e+09	8.20599e+09	8.23413e+09	8.16864e+09	7.88373e+09	8.21819e+09	8.17094e+09	7.27273e+09	8.24977e+09	6.68168e+09	6.08945e+09	5.89002e+09	6.39091e+09	7.75834e+09	6.93789e+09	5.812e+09	6.15998e+09	5.94261e+09	6.24194e+09	7.29163e+09	7.76384e+09	8.93754e+09	7.04376e+09	7.3137e+09	6.75924e+09	7.21318e+09	8.61771e+09	7.8964e+09	8.19797e+09	7.74174e+09	7.82911e+09	7.73062e+09	7.56628e+09	6.04273e+09	6.44582e+09	6.1459e+09	7.52913e+09	6.30573e+09	7.98901e+09
ERR629806	7.35327e+09	7.3091e+09	7.28322e+09	7.13037e+09	7.38463e+09	7.36329e+09	6.52319e+09	6.59842e+09	6.34308e+09	6.27854e+09	5.57466e+09	5.94118e+09	7.37467e+09	8.41003e+09	8.3743e+09	8.36449e+09	8.33671e+09	7.36654e+09	7.38497e+09	6.96058e+09	4.73474e+09	4.84132e+09	6.95491e+09	4.61253e+09	7.57656e+09	7.57688e+09	7.37708e+09	7.4063e+09	7.31288e+09	7.4519e+09	6.89645e+09	6.85266e+09	6.68036e+09	7.14267e+09	5.25659e+09	6.8649e+09	7.17135e+09	6.51476e+09	7.61218e+09	6.65407e+09	6.60369e+09	7.65575e+09	6.15375e+09	6.46156e+09	6.17798e+09	6.35918e+09	6.51313e+09	6.39907e+09	7.5787e+09	6.70549e+09	7.80378e+09	6.72238e+09	7.85634e+09	7.81605e+09	8.01011e+09	8.40302e+09	8.06154e+09	7.15798e+09	7.98261e+09	8.00972e+09	7.9387e+09	7.66862e+09	7.98552e+09	7.9418e+09	7.08155e+09	8.0167e+09	6.51353e+09	5.94189e+09	5.74852e+09	6.2325e+09	7.54843e+09	6.75942e+09	5.66512e+09	5.99897e+09	5.78996e+09	6.07817e+09	7.08706e+09	7.53864e+09	8.67011e+09	6.86212e+09	7.12262e+09	6.58809e+09	7.0246e+09	8.36805e+09	7.67155e+09	7.95951e+09	7.52244e+09	7.60551e+09	7.5121e+09	7.35604e+09	5.89538e+09	6.282e+09	5.99344e+09	7.32421e+09	6.14702e+09	7.76436e+09
ERR629810	7.52838e+09	7.48184e+09	7.4554e+09	7.29523e+09	7.56087e+09	7.54021e+09	6.67161e+09	6.74708e+09	6.48354e+09	6.41856e+09	5.69342e+09	6.07006e+09	7.5355e+09	8.61952e+09	8.5833e+09	8.33671e+09	8.77622e+09	7.52605e+09	7.55796e+09	7.11842e+09	4.82795e+09	4.93679e+09	7.1125e+09	4.70247e+09	7.76174e+09	7.76087e+09	7.55183e+09	7.58218e+09	7.48423e+09	7.62945e+09	7.06062e+09	7.01529e+09	6.83648e+09	7.31506e+09	5.37013e+09	7.0274e+09	7.33985e+09	6.66286e+09	7.79621e+09	6.80585e+09	6.75351e+09	7.84227e+09	6.30218e+09	6.62066e+09	6.32759e+09	6.51505e+09	6.67504e+09	6.5571e+09	7.75737e+09	6.85418e+09	7.99152e+09	6.87093e+09	8.046e+09	8.00383e+09	8.19787e+09	8.6111e+09	8.25202e+09	7.31085e+09	8.16915e+09	8.19692e+09	8.13242e+09	7.85071e+09	8.18204e+09	8.13549e+09	7.24234e+09	8.2133e+09	6.6555e+09	6.06668e+09	5.8686e+09	6.36601e+09	7.72528e+09	6.90997e+09	5.78877e+09	6.13335e+09	5.9176e+09	6.21482e+09	7.25861e+09	7.72733e+09	8.8944e+09	7.01494e+09	7.28364e+09	6.73316e+09	7.18293e+09	8.57828e+09	7.86119e+09	8.15992e+09	7.70747e+09	7.79407e+09	7.69626e+09	7.53353e+09	6.01846e+09	6.41817e+09	6.12026e+09	7.49512e+09	6.27895e+09	7.95139e+09
ERR629808	6.65665e+09	6.61872e+09	6.59727e+09	6.4684e+09	6.68265e+09	6.66543e+09	5.94484e+09	6.00522e+09	5.78374e+09	5.73119e+09	5.11065e+09	5.43159e+09	6.72263e+09	7.58683e+09	7.55688e+09	7.36654e+09	7.52605e+09	6.90368e+09	6.69752e+09	6.33454e+09	4.36501e+09	4.46065e+09	6.32987e+09	4.25401e+09	6.85164e+09	6.85118e+09	6.68368e+09	6.7083e+09	6.62893e+09	6.74614e+09	6.25249e+09	6.21488e+09	6.06579e+09	6.46509e+09	4.81597e+09	6.22621e+09	6.50659e+09	5.92967e+09	6.88589e+09	6.05031e+09	6.00505e+09	6.92701e+09	5.58411e+09	5.85082e+09	5.60407e+09	5.75983e+09	5.89321e+09	5.79434e+09	6.87222e+09	6.11949e+09	7.06688e+09	6.13384e+09	7.11177e+09	7.0768e+09	7.24909e+09	7.57465e+09	7.29296e+09	6.53417e+09	7.22619e+09	7.24846e+09	7.18051e+09	6.95404e+09	7.22087e+09	7.18298e+09	6.44075e+09	7.24548e+09	5.95264e+09	5.44972e+09	5.28056e+09	5.70526e+09	6.84972e+09	6.16863e+09	5.18579e+09	5.47521e+09	5.29205e+09	5.54448e+09	6.42406e+09	6.81017e+09	7.79387e+09	6.25512e+09	6.48158e+09	6.02268e+09	6.39659e+09	7.54394e+09	6.93619e+09	7.18193e+09	6.80687e+09	6.87846e+09	6.79828e+09	6.6658e+09	5.40333e+09	5.73504e+09	5.48516e+09	6.64604e+09	5.61905e+09	7.0223e+09
ERR613041	7.4387e+09	7.39389e+09	7.36869e+09	7.2119e+09	7.47108e+09	7.44979e+09	6.61745e+09	6.6923e+09	6.43188e+09	6.36878e+09	5.65786e+09	6.02775e+09	6.70406e+09	7.62127e+09	7.58966e+09	7.38497e+09	7.55796e+09	6.69752e+09	7.81146e+09	7.14665e+09	4.87033e+09	4.97945e+09	7.14257e+09	4.74699e+09	7.6598e+09	7.66129e+09	7.45684e+09	7.48612e+09	7.39234e+09	7.53272e+09	7.02375e+09	6.97782e+09	6.80389e+09	7.2724e+09	5.35715e+09	6.99234e+09	7.14372e+09	6.49787e+09	7.57163e+09	6.63589e+09	6.58479e+09	7.61745e+09	6.13104e+09	6.43068e+09	6.15652e+09	6.33403e+09	6.48463e+09	6.37294e+09	7.01649e+09	6.21605e+09	7.22717e+09	6.23246e+09	7.27815e+09	7.24127e+09	7.36007e+09	7.71432e+09	7.40756e+09	6.59507e+09	7.33578e+09	7.35763e+09	7.30377e+09	7.06631e+09	7.34693e+09	7.30801e+09	6.51516e+09	7.37388e+09	6.02357e+09	5.5008e+09	5.32822e+09	5.76605e+09	6.96824e+09	6.2487e+09	5.27722e+09	5.57857e+09	5.38434e+09	5.65225e+09	6.59544e+09	7.01663e+09	8.07802e+09	6.40728e+09	6.64951e+09	6.1691e+09	6.55683e+09	7.80052e+09	7.15411e+09	7.4238e+09	7.01765e+09	7.09338e+09	7.00652e+09	6.8609e+09	5.45617e+09	5.80174e+09	5.53845e+09	6.76387e+09	5.67886e+09	7.16831e+09
ERR613042	7.01809e+09	6.97797e+09	6.95515e+09	6.81491e+09	7.04601e+09	7.03022e+09	6.27756e+09	6.33728e+09	6.09605e+09	6.04796e+09	5.38615e+09	5.72456e+09	6.34188e+09	7.1755e+09	7.14651e+09	6.96058e+09	7.11842e+09	6.33454e+09	7.14665e+09	6.97526e+09	4.65019e+09	4.75184e+09	6.75945e+09	4.53217e+09	7.22211e+09	7.22023e+09	7.03846e+09	7.06397e+09	6.98087e+09	7.10557e+09	6.62644e+09	6.58416e+09	6.42467e+09	6.85023e+09	5.09299e+09	6.59626e+09	6.72907e+09	6.1321e+09	7.11685e+09	6.25464e+09	6.20749e+09	7.16554e+09	5.77605e+09	6.04822e+09	5.797e+09	5.95746e+09	6.09333e+09	5.99265e+09	6.61384e+09	5.87952e+09	6.8097e+09	5.89238e+09	6.85729e+09	6.82207e+09	6.93376e+09	7.25472e+09	6.97955e+09	6.24543e+09	6.91179e+09	6.93239e+09	6.88899e+09	6.6751e+09	6.92799e+09	6.89207e+09	6.15851e+09	6.94894e+09	5.70256e+09	5.21785e+09	5.06141e+09	5.46355e+09	6.57611e+09	5.91408e+09	5.00135e+09	5.27439e+09	5.09537e+09	5.34329e+09	6.22086e+09	6.60367e+09	7.58172e+09	6.05592e+09	6.27944e+09	5.84561e+09	6.19339e+09	7.33475e+09	6.74347e+09	6.99014e+09	6.6159e+09	6.68572e+09	6.60597e+09	6.47379e+09	5.17383e+09	5.48701e+09	5.24452e+09	6.38414e+09	5.37407e+09	6.7516e+09
ERR613046	4.77438e+09	4.75099e+09	4.73782e+09	4.65707e+09	4.78918e+09	4.78238e+09	4.34126e+09	4.36835e+09	4.22319e+09	4.20319e+09	3.79759e+09	3.99987e+09	4.37081e+09	4.86197e+09	4.84467e+09	4.73474e+09	4.82795e+09	4.36501e+09	4.87033e+09	4.65019e+09	3.50794e+09	3.44503e+09	4.64903e+09	3.30351e+09	4.90233e+09	4.89868e+09	4.79433e+09	4.80873e+09	4.76126e+09	4.83289e+09	4.54249e+09	4.51737e+09	4.42397e+09	4.6738e+09	3.62075e+09	4.52395e+09	4.60918e+09	4.24693e+09	4.83675e+09	4.31848e+09	4.28928e+09	4.87028e+09	4.00553e+09	4.16764e+09	4.01712e+09	4.11247e+09	4.19401e+09	4.13433e+09	4.52517e+09	4.0857e+09	4.64305e+09	4.09138e+09	4.6725e+09	4.65061e+09	4.71574e+09	4.90325e+09	4.74344e+09	4.31283e+09	4.7023e+09	4.71435e+09	4.69531e+09	4.57403e+09	4.71783e+09	4.69564e+09	4.25624e+09	4.72804e+09	3.97383e+09	3.6783e+09	3.58351e+09	3.82814e+09	4.50207e+09	4.10546e+09	3.54645e+09	3.71257e+09	3.60158e+09	3.75482e+09	4.294e+09	4.52003e+09	5.09982e+09	4.19371e+09	4.32974e+09	4.07831e+09	4.27661e+09	4.9577e+09	4.6109e+09	4.75773e+09	4.53413e+09	4.57681e+09	4.52875e+09	4.45088e+09	3.663e+09	3.8523e+09	3.70388e+09	4.40162e+09	3.78312e+09	4.61762e+09
ERR613045	4.88164e+09	4.8576e+09	4.84408e+09	4.76051e+09	4.89706e+09	4.88984e+09	4.43377e+09	4.46363e+09	4.31511e+09	4.29188e+09	3.87584e+09	4.08411e+09	4.46669e+09	4.97207e+09	4.95363e+09	4.84132e+09	4.93679e+09	4.46065e+09	4.97945e+09	4.75184e+09	3.44503e+09	3.64406e+09	4.75144e+09	3.36725e+09	5.01292e+09	5.00929e+09	4.9014e+09	4.91688e+09	4.8673e+09	4.94156e+09	4.64424e+09	4.61808e+09	4.52199e+09	4.77968e+09	3.69493e+09	4.62517e+09	4.71373e+09	4.34168e+09	4.94809e+09	4.41559e+09	4.3855e+09	4.98132e+09	4.09538e+09	4.2629e+09	4.10819e+09	4.20615e+09	4.29e+09	4.22816e+09	4.62714e+09	4.17499e+09	4.74794e+09	4.18112e+09	4.77824e+09	4.75585e+09	4.82224e+09	5.0155e+09	4.85076e+09	4.4068e+09	4.80884e+09	4.82081e+09	4.80151e+09	4.67561e+09	4.82439e+09	4.80106e+09	4.35126e+09	4.83572e+09	4.06039e+09	3.75607e+09	3.65805e+09	3.91022e+09	4.60246e+09	4.19421e+09	3.62085e+09	3.79314e+09	3.67895e+09	3.83642e+09	4.38993e+09	4.6232e+09	5.2172e+09	4.28622e+09	4.42588e+09	4.16568e+09	4.37141e+09	5.07098e+09	4.71504e+09	4.86566e+09	4.63663e+09	4.68028e+09	4.63083e+09	4.55049e+09	3.74068e+09	3.93593e+09	3.78296e+09	4.49959e+09	3.86475e+09	4.72166e+09
ERR613043	7.01413e+09	6.97374e+09	6.95128e+09	6.81103e+09	7.04082e+09	7.02641e+09	6.27696e+09	6.33525e+09	6.09473e+09	6.04692e+09	5.38558e+09	5.72379e+09	6.33804e+09	7.17004e+09	7.14088e+09	6.95491e+09	7.1125e+09	6.32987e+09	7.14257e+09	6.75945e+09	4.64903e+09	4.75144e+09	6.96794e+09	4.53159e+09	7.21829e+09	7.21521e+09	7.0339e+09	7.05945e+09	6.97658e+09	7.10142e+09	6.62542e+09	6.5833e+09	6.42397e+09	6.84836e+09	5.09312e+09	6.59453e+09	6.72447e+09	6.12834e+09	7.11056e+09	6.25023e+09	6.20269e+09	7.16023e+09	5.77422e+09	6.04558e+09	5.79479e+09	5.95492e+09	6.09116e+09	5.9907e+09	6.60991e+09	5.87623e+09	6.80535e+09	5.88847e+09	6.8526e+09	6.81737e+09	6.92836e+09	7.24881e+09	6.97385e+09	6.24194e+09	6.90643e+09	6.92655e+09	6.88599e+09	6.67295e+09	6.92503e+09	6.88831e+09	6.15486e+09	6.94522e+09	5.70019e+09	5.21584e+09	5.059e+09	5.46111e+09	6.57274e+09	5.91196e+09	4.99781e+09	5.27165e+09	5.09266e+09	5.34009e+09	6.21749e+09	6.59888e+09	7.57473e+09	6.0525e+09	6.27597e+09	5.84363e+09	6.1897e+09	7.32927e+09	6.73966e+09	6.98615e+09	6.61227e+09	6.68228e+09	6.6023e+09	6.47024e+09	5.16938e+09	5.48422e+09	5.24103e+09	6.38006e+09	5.37083e+09	6.7467e+09
ERR613044	4.6508e+09	4.62852e+09	4.61526e+09	4.53665e+09	4.66593e+09	4.65791e+09	4.22484e+09	4.25429e+09	4.1141e+09	4.09116e+09	3.69933e+09	3.8965e+09	4.25884e+09	4.7357e+09	4.71853e+09	4.61253e+09	4.70247e+09	4.25401e+09	4.74699e+09	4.53217e+09	3.30351e+09	3.36725e+09	4.53159e+09	3.35563e+09	4.7749e+09	4.77293e+09	4.67048e+09	4.68521e+09	4.639e+09	4.70866e+09	4.4287e+09	4.4044e+09	4.31381e+09	4.55667e+09	3.53546e+09	4.41119e+09	4.49575e+09	4.14672e+09	4.71644e+09	4.21674e+09	4.18798e+09	4.74656e+09	3.91178e+09	4.06954e+09	3.92402e+09	4.01713e+09	4.09671e+09	4.03791e+09	4.41022e+09	3.98408e+09	4.52336e+09	3.99055e+09	4.55212e+09	4.53123e+09	4.59475e+09	4.77608e+09	4.62055e+09	4.20078e+09	4.58156e+09	4.59304e+09	4.57326e+09	4.45598e+09	4.59529e+09	4.57344e+09	4.15069e+09	4.60609e+09	3.87571e+09	3.58923e+09	3.49592e+09	3.7344e+09	4.38581e+09	4.00144e+09	3.46549e+09	3.62821e+09	3.52064e+09	3.66938e+09	4.18888e+09	4.40898e+09	4.96628e+09	4.08966e+09	4.22062e+09	3.97566e+09	4.17006e+09	4.82863e+09	4.49307e+09	4.63529e+09	4.42052e+09	4.46078e+09	4.41492e+09	4.33833e+09	3.57992e+09	3.76465e+09	3.62037e+09	4.29375e+09	3.69717e+09	4.50281e+09
ERR636741	7.82587e+09	7.77885e+09	7.75272e+09	7.5863e+09	7.85896e+09	7.84408e+09	6.96767e+09	7.02945e+09	6.75255e+09	6.70151e+09	5.94228e+09	6.32418e+09	6.85903e+09	7.82983e+09	7.79424e+09	7.57656e+09	7.76174e+09	6.85164e+09	7.6598e+09	7.22211e+09	4.90233e+09	5.01292e+09	7.21829e+09	4.7749e+09	8.35236e+09	8.113e+09	7.89565e+09	7.92459e+09	7.82892e+09	7.97602e+09	7.36381e+09	7.31468e+09	7.13176e+09	7.62388e+09	5.61091e+09	7.32882e+09	7.33458e+09	6.65336e+09	7.77742e+09	6.79401e+09	6.74107e+09	7.83581e+09	6.31983e+09	6.63117e+09	6.34438e+09	6.528e+09	6.68489e+09	6.57052e+09	7.1932e+09	6.35431e+09	7.41646e+09	6.37021e+09	7.47095e+09	7.42991e+09	7.53856e+09	7.91715e+09	7.59342e+09	6.74225e+09	7.51267e+09	7.53638e+09	7.42061e+09	7.17485e+09	7.46432e+09	7.42336e+09	6.58577e+09	7.48856e+09	6.15038e+09	5.60661e+09	5.43277e+09	5.88074e+09	7.14344e+09	6.38913e+09	5.3061e+09	5.60454e+09	5.40742e+09	5.6817e+09	6.66528e+09	7.0995e+09	8.29179e+09	6.5327e+09	6.78466e+09	6.29948e+09	6.68863e+09	8.00126e+09	7.26022e+09	7.54099e+09	7.11406e+09	7.19461e+09	7.10257e+09	6.95445e+09	5.46175e+09	5.80847e+09	5.53804e+09	6.81421e+09	5.68152e+09	7.23275e+09
ERR636740	7.82515e+09	7.77791e+09	7.7515e+09	7.58495e+09	7.86126e+09	7.84002e+09	6.95088e+09	7.02246e+09	6.74615e+09	6.68558e+09	5.92773e+09	6.31529e+09	6.85667e+09	7.82877e+09	7.79403e+09	7.57688e+09	7.76087e+09	6.85118e+09	7.66129e+09	7.22023e+09	4.89868e+09	5.00929e+09	7.21521e+09	4.77293e+09	8.113e+09	8.34531e+09	7.89283e+09	7.9228e+09	7.82606e+09	7.97424e+09	7.36311e+09	7.31303e+09	7.12997e+09	7.62629e+09	5.60218e+09	7.32896e+09	7.33679e+09	6.65776e+09	7.78416e+09	6.80207e+09	6.7487e+09	7.83615e+09	6.31784e+09	6.63085e+09	6.34352e+09	6.52989e+09	6.6884e+09	6.57183e+09	7.19064e+09	6.34867e+09	7.41257e+09	6.36686e+09	7.46644e+09	7.4264e+09	7.54379e+09	7.92189e+09	7.59704e+09	6.73992e+09	7.51849e+09	7.54182e+09	7.41575e+09	7.16794e+09	7.4596e+09	7.41893e+09	6.58669e+09	7.48648e+09	6.1446e+09	5.60036e+09	5.4234e+09	5.8756e+09	7.13762e+09	6.38113e+09	5.30423e+09	5.60601e+09	5.40872e+09	5.68316e+09	6.66333e+09	7.10015e+09	8.29167e+09	6.52988e+09	6.78252e+09	6.2887e+09	6.68663e+09	7.99762e+09	7.25467e+09	7.53606e+09	7.10975e+09	7.1898e+09	7.09856e+09	6.9486e+09	5.46297e+09	5.81386e+09	5.54272e+09	6.81616e+09	5.68663e+09	7.23754e+09
ERR636742	7.62451e+09	7.58069e+09	7.55625e+09	7.398e+09	7.65556e+09	7.63851e+09	6.79249e+09	6.85273e+09	6.5865e+09	6.53697e+09	5.80293e+09	6.17185e+09	6.68867e+09	7.61658e+09	7.58335e+09	7.37708e+09	7.55183e+09	6.68368e+09	7.45684e+09	7.03846e+09	4.79433e+09	4.9014e+09	7.0339e+09	4.67048e+09	7.89565e+09	7.89283e+09	7.90821e+09	7.72137e+09	7.62642e+09	7.76941e+09	7.16469e+09	7.11693e+09	6.94099e+09	7.41388e+09	5.47284e+09	7.13067e+09	7.12747e+09	6.47195e+09	7.552e+09	6.60811e+09	6.55676e+09	7.608e+09	6.12643e+09	6.42451e+09	6.14921e+09	6.32492e+09	6.47565e+09	6.36546e+09	6.99276e+09	6.18358e+09	7.20715e+09	6.20062e+09	7.25963e+09	7.22026e+09	7.34212e+09	7.70015e+09	7.39412e+09	6.57887e+09	7.31781e+09	7.33981e+09	7.21441e+09	6.97894e+09	7.25682e+09	7.21772e+09	6.41136e+09	7.28043e+09	5.98787e+09	5.46156e+09	5.29324e+09	5.72673e+09	6.94523e+09	6.2177e+09	5.16265e+09	5.44999e+09	5.26006e+09	5.52498e+09	6.47256e+09	6.88918e+09	8.04315e+09	6.35791e+09	6.60124e+09	6.13202e+09	6.50851e+09	7.76696e+09	7.04778e+09	7.31726e+09	6.90609e+09	6.98419e+09	6.89548e+09	6.75324e+09	5.32189e+09	5.65618e+09	5.39544e+09	6.62717e+09	5.53419e+09	7.03089e+09
ERR636743	7.65397e+09	7.60912e+09	7.58401e+09	7.42406e+09	7.68457e+09	7.66671e+09	6.81258e+09	6.87568e+09	6.60828e+09	6.55571e+09	5.81847e+09	6.1914e+09	6.71358e+09	7.64693e+09	7.61371e+09	7.4063e+09	7.58218e+09	6.7083e+09	7.48612e+09	7.06397e+09	4.80873e+09	4.91688e+09	7.05945e+09	4.68521e+09	7.92459e+09	7.9228e+09	7.72137e+09	7.96528e+09	7.65328e+09	7.79798e+09	7.19201e+09	7.14413e+09	6.96646e+09	7.44266e+09	5.4892e+09	7.15728e+09	7.15734e+09	6.49905e+09	7.58566e+09	6.63655e+09	6.58482e+09	7.64e+09	6.15452e+09	6.45507e+09	6.17818e+09	6.35543e+09	6.50749e+09	6.39613e+09	7.02159e+09	6.20727e+09	7.23714e+09	6.22489e+09	7.2893e+09	7.2499e+09	7.37361e+09	7.73376e+09	7.42533e+09	6.6038e+09	7.34903e+09	7.37152e+09	7.24475e+09	7.00709e+09	7.28714e+09	7.24794e+09	6.43898e+09	7.31144e+09	6.01119e+09	5.48207e+09	5.31201e+09	5.74901e+09	6.97332e+09	6.24145e+09	5.18285e+09	5.47334e+09	5.28257e+09	5.54874e+09	6.49959e+09	6.91952e+09	8.0792e+09	6.38347e+09	6.62812e+09	6.15386e+09	6.53495e+09	7.79992e+09	7.07852e+09	7.34933e+09	6.93619e+09	7.0148e+09	6.92554e+09	6.78253e+09	5.34315e+09	5.68128e+09	5.41849e+09	6.65615e+09	5.5581e+09	7.06224e+09
ERR636739	7.55941e+09	7.51702e+09	7.49313e+09	7.3403e+09	7.59178e+09	7.57552e+09	6.74184e+09	6.79751e+09	6.53457e+09	6.48904e+09	5.76218e+09	6.1258e+09	6.63502e+09	7.54778e+09	7.51552e+09	7.31288e+09	7.48423e+09	6.62893e+09	7.39234e+09	6.98087e+09	4.76126e+09	4.8673e+09	6.97658e+09	4.639e+09	7.82892e+09	7.82606e+09	7.62642e+09	7.65328e+09	7.77746e+09	7.69988e+09	7.10082e+09	7.05423e+09	6.88315e+09	7.34783e+09	5.43311e+09	7.06791e+09	7.06173e+09	6.41339e+09	7.47903e+09	6.54744e+09	6.49672e+09	7.53503e+09	6.06619e+09	6.35855e+09	6.08867e+09	6.26172e+09	6.40998e+09	6.30181e+09	6.92791e+09	6.12916e+09	7.14062e+09	6.14562e+09	7.19152e+09	7.15258e+09	7.2767e+09	7.62857e+09	7.32868e+09	6.52623e+09	7.25243e+09	7.27446e+09	7.14831e+09	6.9184e+09	7.1896e+09	7.15105e+09	6.35398e+09	7.21223e+09	5.9371e+09	5.41652e+09	5.25087e+09	5.67918e+09	6.88349e+09	6.16559e+09	5.11605e+09	5.39865e+09	5.21096e+09	5.47286e+09	6.41132e+09	6.82228e+09	7.96498e+09	6.30159e+09	6.54244e+09	6.08245e+09	6.45039e+09	7.69426e+09	6.97914e+09	7.24521e+09	6.84052e+09	6.91694e+09	6.82982e+09	6.68968e+09	5.27755e+09	5.60626e+09	5.34879e+09	6.56856e+09	5.48563e+09	6.96719e+09
ERR636744	7.70008e+09	7.65532e+09	7.62953e+09	7.46721e+09	7.73236e+09	7.71347e+09	6.85013e+09	6.91569e+09	6.64538e+09	6.59115e+09	5.84822e+09	6.22496e+09	6.75174e+09	7.69582e+09	7.66209e+09	7.4519e+09	7.62945e+09	6.74614e+09	7.53272e+09	7.10557e+09	4.83289e+09	4.94156e+09	7.10142e+09	4.70866e+09	7.97602e+09	7.97424e+09	7.76941e+09	7.79798e+09	7.69988e+09	8.06686e+09	7.23947e+09	7.19053e+09	7.01115e+09	7.49255e+09	5.52017e+09	7.20386e+09	7.20598e+09	6.54212e+09	7.63892e+09	6.68113e+09	6.62857e+09	7.69343e+09	6.19813e+09	6.50224e+09	6.22208e+09	6.40208e+09	6.55556e+09	6.44325e+09	7.06663e+09	6.2453e+09	7.28397e+09	6.263e+09	7.33705e+09	7.29723e+09	7.4189e+09	7.78379e+09	7.471e+09	6.63958e+09	7.39401e+09	7.4165e+09	7.29014e+09	7.04973e+09	7.33296e+09	7.29307e+09	6.47786e+09	7.35764e+09	6.04596e+09	5.51287e+09	5.34135e+09	5.78191e+09	7.01648e+09	6.2782e+09	5.21492e+09	5.50842e+09	5.31583e+09	5.58405e+09	6.54325e+09	6.96671e+09	8.13631e+09	6.42313e+09	6.66956e+09	6.18969e+09	6.5755e+09	7.85298e+09	7.12546e+09	7.39942e+09	6.98215e+09	7.06063e+09	6.97115e+09	6.82594e+09	5.37441e+09	5.71596e+09	5.45122e+09	6.69819e+09	5.59198e+09	7.108e+09
ERR608852	7.16772e+09	7.12421e+09	7.09883e+09	6.94493e+09	7.19843e+09	7.17924e+09	6.39946e+09	6.48191e+09	6.23475e+09	6.16269e+09	5.48359e+09	5.84715e+09	6.2599e+09	7.1222e+09	7.09061e+09	6.89645e+09	7.06062e+09	6.25249e+09	7.02375e+09	6.62644e+09	4.54249e+09	4.64424e+09	6.62542e+09	4.4287e+09	7.36381e+09	7.36311e+09	7.16469e+09	7.19201e+09	7.10082e+09	7.23947e+09	7.12941e+09	6.8557e+09	6.68249e+09	7.13307e+09	5.27012e+09	6.8678e+09	6.76094e+09	6.15988e+09	7.16257e+09	6.28928e+09	6.24057e+09	7.20236e+09	5.87406e+09	6.15878e+09	5.89878e+09	6.06963e+09	6.21212e+09	6.10636e+09	6.59529e+09	5.84255e+09	6.79085e+09	5.85596e+09	6.83913e+09	6.80393e+09	6.87121e+09	7.20955e+09	6.91412e+09	6.15106e+09	6.84874e+09	6.86882e+09	6.7781e+09	6.55226e+09	6.81749e+09	6.78184e+09	6.04616e+09	6.84355e+09	5.64629e+09	5.15703e+09	4.99196e+09	5.40484e+09	6.53395e+09	5.85808e+09	4.90028e+09	5.18376e+09	5.00295e+09	5.25204e+09	6.12784e+09	6.52223e+09	7.57088e+09	6.00741e+09	6.23271e+09	5.7788e+09	6.14598e+09	7.30787e+09	6.64832e+09	6.89821e+09	6.52014e+09	6.59159e+09	6.50929e+09	6.37208e+09	5.03426e+09	5.36091e+09	5.11549e+09	6.25358e+09	5.24504e+09	6.62994e+09
ERR608851	7.12026e+09	7.0768e+09	7.05198e+09	6.89913e+09	7.15048e+09	7.1312e+09	6.35921e+09	6.44043e+09	6.19491e+09	6.12422e+09	5.45044e+09	5.81178e+09	6.22276e+09	7.07638e+09	7.04493e+09	6.85266e+09	7.01529e+09	6.21488e+09	6.97782e+09	6.58416e+09	4.51737e+09	4.61808e+09	6.5833e+09	4.4044e+09	7.31468e+09	7.31303e+09	7.11693e+09	7.14413e+09	7.05423e+09	7.19053e+09	6.8557e+09	7.03683e+09	6.63853e+09	7.08482e+09	5.23951e+09	6.82257e+09	6.71737e+09	6.12172e+09	7.11477e+09	6.25024e+09	6.20076e+09	7.15493e+09	5.83897e+09	6.12e+09	5.8631e+09	6.03111e+09	6.17274e+09	6.06807e+09	6.55328e+09	5.80824e+09	6.74753e+09	5.82079e+09	6.79535e+09	6.76017e+09	6.82739e+09	7.16207e+09	6.86987e+09	6.11388e+09	6.80477e+09	6.82511e+09	6.73571e+09	6.51249e+09	6.77472e+09	6.73929e+09	6.01067e+09	6.79991e+09	5.61366e+09	5.12872e+09	4.96447e+09	5.37439e+09	6.49345e+09	5.82412e+09	4.87363e+09	5.1555e+09	4.97577e+09	5.22329e+09	6.09155e+09	6.48232e+09	7.52046e+09	5.97106e+09	6.19548e+09	5.74472e+09	6.10939e+09	7.26052e+09	6.60731e+09	6.85507e+09	6.4807e+09	6.55099e+09	6.46956e+09	6.33451e+09	5.00667e+09	5.33056e+09	5.08713e+09	6.21565e+09	5.2159e+09	6.58825e+09
ERR608848	6.94088e+09	6.8992e+09	6.87579e+09	6.73155e+09	6.9714e+09	6.95317e+09	6.21123e+09	6.28478e+09	6.04925e+09	5.98451e+09	5.33273e+09	5.6788e+09	6.07368e+09	6.89476e+09	6.86494e+09	6.68036e+09	6.83648e+09	6.06579e+09	6.80389e+09	6.42467e+09	4.42397e+09	4.52199e+09	6.42397e+09	4.31381e+09	7.13176e+09	7.12997e+09	6.94099e+09	6.96646e+09	6.88315e+09	7.01115e+09	6.68249e+09	6.63853e+09	6.69891e+09	6.90795e+09	5.12968e+09	6.65168e+09	6.55037e+09	5.97389e+09	6.93189e+09	6.09781e+09	6.0504e+09	6.97208e+09	5.69441e+09	5.96464e+09	5.71857e+09	5.87991e+09	6.0163e+09	5.91605e+09	6.38884e+09	5.66955e+09	6.57688e+09	5.6821e+09	6.62261e+09	6.58906e+09	6.65184e+09	6.97397e+09	6.69386e+09	5.96591e+09	6.62988e+09	6.64929e+09	6.56184e+09	6.34969e+09	6.59907e+09	6.56487e+09	5.8599e+09	6.62366e+09	5.48144e+09	5.01152e+09	4.85371e+09	5.24995e+09	6.33158e+09	5.68618e+09	4.76182e+09	5.03179e+09	4.85844e+09	5.09795e+09	5.94058e+09	6.31771e+09	7.32037e+09	5.82612e+09	6.04301e+09	5.61399e+09	5.9596e+09	7.07205e+09	6.43549e+09	6.6744e+09	6.3136e+09	6.38141e+09	6.30344e+09	6.17411e+09	4.89167e+09	5.20263e+09	4.96748e+09	6.06203e+09	5.09207e+09	6.42164e+09
