	ERR636885	ERR636883	ERR636886	ERR636884	ERR636887	ERR636888	ERR621924	ERR621920	ERR621922	ERR621923	ERR621919	ERR621921	ERR612903	ERR612904	ERR612906	ERR612907	ERR612908	ERR612905	ERR630040	ERR630041	ERR630039	ERR630036	ERR630038	ERR630037	ERR637122	ERR637119	ERR637118	ERR637120	ERR637117	ERR637121	ERR613997	ERR613999	ERR613998	ERR613996	ERR614001	ERR614000	ERR613681	ERR613679	ERR613677	ERR613678	ERR613682	ERR613680	ERR607730	ERR607731	ERR607733	ERR607734	ERR607732	ERR607729	ERR630510	ERR630507	ERR630506	ERR630511	ERR630508	ERR630509	ERR629692	ERR629693	ERR629696	ERR629694	ERR629697	ERR629695	ERR610968	ERR610965	ERR610966	ERR610969	ERR610970	ERR610967	ERR617096	ERR617095	ERR617100	ERR617099	ERR617098	ERR617097	ERR618499	ERR618495	ERR618500	ERR618496	ERR618497	ERR618498	ERR638157	ERR638156	ERR638158	ERR638155	ERR638154	ERR638153	ERR608700	ERR608696	ERR608699	ERR608697	ERR608695	ERR608698	ERR617256	ERR617257	ERR617255	ERR617253	ERR617254	ERR617258
ERR636885	0	0.241159	0.296196	0.240379	0.290797	0.297323	0.356128	0.343623	0.344783	0.354571	0.338122	0.344485	0.326602	0.381183	0.349437	0.357307	0.354124	0.335774	0.511028	0.503382	0.542555	0.48911	0.497209	0.509875	0.297994	0.302523	0.299688	0.296684	0.294411	0.297101	0.290712	0.291235	0.311905	0.293553	0.291036	0.291248	0.325941	0.318773	0.320896	0.321532	0.354754	0.323587	0.282509	0.285926	0.287775	0.285712	0.289349	0.296593	0.347783	0.357897	0.34989	0.348189	0.35048	0.346457	0.435675	0.451662	0.432714	0.450326	0.432222	0.431864	0.438897	0.438367	0.448012	0.438478	0.445054	0.454255	0.589689	0.591069	0.602048	0.604566	0.602338	0.587769	0.546709	0.533751	0.552507	0.545267	0.537735	0.552993	0.419377	0.419464	0.419114	0.446546	0.432972	0.435789	0.572527	0.56807	0.571242	0.567503	0.612046	0.571624	0.572999	0.572342	0.593724	0.596211	0.590038	0.595409
ERR636883	0.241159	0	0.285383	0.241867	0.28017	0.286288	0.351616	0.341256	0.342342	0.350171	0.338282	0.34183	0.326206	0.372071	0.342786	0.350143	0.347198	0.332744	0.508059	0.500883	0.538072	0.48819	0.495534	0.506878	0.304742	0.310233	0.307217	0.302625	0.29894	0.303271	0.291133	0.290816	0.304745	0.297269	0.291176	0.290946	0.327426	0.321098	0.326367	0.325978	0.3502	0.325234	0.277106	0.28102	0.281545	0.279779	0.282824	0.288301	0.349262	0.355182	0.349752	0.349922	0.349399	0.347777	0.435876	0.449106	0.433774	0.447654	0.433532	0.432956	0.439711	0.439786	0.446925	0.439354	0.444521	0.452286	0.591775	0.592932	0.60345	0.605766	0.603802	0.590202	0.54916	0.537791	0.554345	0.54715	0.540753	0.554804	0.421817	0.42178	0.421415	0.443275	0.431089	0.433441	0.575234	0.570677	0.574016	0.571042	0.610878	0.574267	0.576775	0.576078	0.595388	0.597135	0.591489	0.596437
ERR636886	0.296196	0.285383	0	0.294007	0.253099	0.253483	0.345541	0.350974	0.349886	0.346672	0.36173	0.350567	0.365959	0.360377	0.347857	0.349328	0.347911	0.360092	0.502757	0.49966	0.520375	0.49125	0.493051	0.497274	0.366766	0.37425	0.370661	0.363286	0.3574	0.364155	0.334426	0.330932	0.32106	0.34908	0.332019	0.331727	0.347011	0.354442	0.368396	0.366382	0.33663	0.347249	0.309681	0.315341	0.310028	0.309596	0.310732	0.310217	0.39223	0.388325	0.389389	0.394115	0.386658	0.390919	0.455711	0.450007	0.459115	0.449031	0.460529	0.458502	0.467204	0.469237	0.461448	0.465894	0.466701	0.460185	0.587341	0.588119	0.596231	0.597332	0.59634	0.586736	0.548848	0.547629	0.551064	0.54624	0.546026	0.550752	0.451645	0.450988	0.451264	0.437058	0.436196	0.435482	0.573168	0.569372	0.571978	0.573372	0.592715	0.572121	0.579932	0.579102	0.585872	0.585941	0.582332	0.587018
ERR636884	0.240379	0.241867	0.294007	0	0.289174	0.29547	0.355348	0.343059	0.343781	0.353255	0.337365	0.344039	0.328214	0.382415	0.350258	0.357981	0.354865	0.338137	0.512911	0.505404	0.54409	0.489413	0.49751	0.510449	0.30167	0.307109	0.302759	0.300365	0.298267	0.300706	0.291141	0.290991	0.313153	0.293728	0.290798	0.291045	0.326239	0.32136	0.322728	0.324245	0.355622	0.324062	0.285071	0.290042	0.290949	0.288777	0.292652	0.299543	0.350645	0.361539	0.35267	0.35108	0.352999	0.349044	0.436049	0.452327	0.433517	0.45037	0.433234	0.432592	0.441007	0.44028	0.450003	0.440509	0.447868	0.455439	0.588309	0.590362	0.602426	0.604643	0.60235	0.586382	0.545197	0.533125	0.551056	0.544781	0.5372	0.551367	0.419755	0.419842	0.419308	0.444663	0.431715	0.434716	0.570569	0.566279	0.569324	0.565213	0.611681	0.569392	0.571218	0.570504	0.591663	0.594937	0.588079	0.595608
ERR636887	0.290797	0.28017	0.253099	0.289174	0	0.253004	0.344869	0.348765	0.348033	0.345639	0.35887	0.348584	0.36121	0.357709	0.344652	0.346301	0.345269	0.355376	0.501577	0.498348	0.519853	0.490213	0.492359	0.496955	0.361654	0.368677	0.365539	0.357908	0.352091	0.358831	0.329809	0.32668	0.316587	0.344622	0.327393	0.327261	0.34493	0.351001	0.364813	0.362355	0.336564	0.34486	0.304271	0.309492	0.304487	0.304251	0.305343	0.304983	0.387545	0.383409	0.384689	0.389293	0.382041	0.386144	0.453575	0.448835	0.456502	0.447771	0.457724	0.455771	0.464246	0.466193	0.459131	0.463237	0.463824	0.458447	0.588412	0.588902	0.596788	0.598047	0.597025	0.587653	0.549427	0.547699	0.551964	0.546566	0.546278	0.551905	0.44877	0.448166	0.448452	0.436703	0.434984	0.434451	0.574253	0.570377	0.573151	0.574389	0.593922	0.573205	0.580798	0.580057	0.587626	0.58743	0.584071	0.587897
ERR636888	0.297323	0.286288	0.253483	0.29547	0.253004	0	0.345475	0.350738	0.350027	0.34658	0.362102	0.350428	0.365959	0.358285	0.346872	0.348017	0.346746	0.359162	0.500219	0.497195	0.517497	0.489882	0.491664	0.495391	0.367298	0.374265	0.37111	0.363535	0.35749	0.364355	0.335502	0.332093	0.32035	0.350515	0.333213	0.332986	0.347351	0.354057	0.368672	0.366189	0.335775	0.347583	0.309254	0.314304	0.309137	0.308802	0.309864	0.309173	0.392029	0.38738	0.388866	0.393876	0.386243	0.390821	0.455315	0.44879	0.458716	0.447887	0.460267	0.458172	0.466473	0.468903	0.46028	0.465288	0.465676	0.458981	0.586776	0.587154	0.594798	0.595931	0.594947	0.586319	0.548572	0.54758	0.550558	0.545234	0.545558	0.550507	0.451887	0.451347	0.451638	0.43686	0.435781	0.435094	0.573191	0.569427	0.572247	0.573735	0.59135	0.572044	0.579983	0.579164	0.585569	0.585157	0.581984	0.585535
ERR621924	0.356128	0.351616	0.345541	0.355348	0.344869	0.345475	0	0.266664	0.264259	0.262146	0.27768	0.265935	0.374746	0.374144	0.358469	0.359594	0.358805	0.370158	0.537993	0.53372	0.557989	0.521515	0.525275	0.532491	0.378852	0.383274	0.381036	0.377946	0.376221	0.37816	0.358908	0.357122	0.357893	0.366029	0.358292	0.35742	0.306275	0.313377	0.325995	0.323922	0.304224	0.307032	0.375351	0.378679	0.376907	0.375569	0.378229	0.381451	0.430659	0.436715	0.431491	0.430786	0.431582	0.429586	0.493437	0.494075	0.495222	0.493315	0.495068	0.494376	0.499356	0.499761	0.497771	0.498483	0.501107	0.497994	0.601383	0.602316	0.611498	0.613032	0.611511	0.59987	0.564775	0.559478	0.568184	0.562289	0.560148	0.568445	0.488805	0.488791	0.488473	0.486681	0.483044	0.483283	0.589811	0.586936	0.589066	0.588515	0.618431	0.588986	0.592994	0.592	0.604187	0.605225	0.601334	0.605549
ERR621920	0.343623	0.341256	0.350974	0.343059	0.348765	0.350738	0.266664	0	0.26057	0.264799	0.262706	0.259955	0.362474	0.380469	0.357245	0.360936	0.359343	0.361613	0.537502	0.531892	0.561709	0.51754	0.523094	0.532579	0.36083	0.364609	0.362483	0.360577	0.359963	0.360523	0.346396	0.345393	0.352489	0.350622	0.346364	0.345681	0.296894	0.299639	0.307608	0.306445	0.309051	0.296568	0.367924	0.371003	0.370589	0.368912	0.372021	0.376727	0.419058	0.427878	0.420961	0.418828	0.421577	0.418164	0.485647	0.491404	0.485667	0.490891	0.485184	0.484994	0.489568	0.489091	0.491128	0.48895	0.492942	0.493714	0.600833	0.601665	0.611364	0.613313	0.611454	0.598534	0.562733	0.554191	0.567365	0.560442	0.556384	0.567808	0.477777	0.478001	0.477423	0.485727	0.479101	0.480231	0.588002	0.584888	0.587113	0.585366	0.622566	0.58723	0.589004	0.587926	0.604165	0.605855	0.601284	0.605591
ERR621922	0.344783	0.342342	0.349886	0.343781	0.348033	0.350027	0.264259	0.26057	0	0.262402	0.263951	0.259874	0.365552	0.383005	0.359459	0.363134	0.361357	0.36546	0.540775	0.535399	0.564466	0.520138	0.52536	0.535158	0.363736	0.367863	0.365176	0.36368	0.363217	0.363734	0.348123	0.346735	0.35632	0.351889	0.347435	0.346807	0.296294	0.302164	0.309328	0.309197	0.308731	0.296364	0.371098	0.374938	0.373796	0.372376	0.375551	0.380268	0.422016	0.43244	0.424459	0.422177	0.425249	0.420877	0.487701	0.49359	0.48833	0.492656	0.487863	0.487146	0.49293	0.492628	0.494903	0.492144	0.497039	0.496498	0.599537	0.60105	0.611771	0.613385	0.61154	0.597483	0.561416	0.553811	0.565928	0.560224	0.555856	0.566184	0.480089	0.480218	0.479738	0.486287	0.480233	0.481486	0.586127	0.583191	0.585301	0.583428	0.621578	0.585143	0.58767	0.586828	0.602746	0.605141	0.599909	0.605748
ERR621923	0.354571	0.350171	0.346672	0.353255	0.345639	0.34658	0.262146	0.264799	0.262402	0	0.274401	0.26428	0.372501	0.375435	0.357857	0.359554	0.358434	0.368521	0.537439	0.532907	0.558137	0.520113	0.524065	0.531757	0.376304	0.380598	0.378158	0.375363	0.373897	0.375613	0.357035	0.355097	0.357612	0.363566	0.356347	0.355399	0.303597	0.310731	0.322106	0.320193	0.304439	0.304331	0.374794	0.378093	0.376543	0.375089	0.377827	0.38121	0.429026	0.435523	0.430011	0.429128	0.430266	0.42797	0.49178	0.493324	0.493294	0.492657	0.493239	0.492459	0.497435	0.497818	0.496529	0.496747	0.499637	0.496901	0.60033	0.601181	0.610705	0.612239	0.610597	0.598647	0.563571	0.557794	0.567258	0.561094	0.558734	0.567512	0.486562	0.486635	0.486312	0.486084	0.482169	0.48247	0.58842	0.585534	0.587747	0.587047	0.61837	0.587607	0.591017	0.590189	0.603246	0.604333	0.600186	0.604718
ERR621919	0.338122	0.338282	0.36173	0.337365	0.35887	0.362102	0.27768	0.262706	0.263951	0.274401	0	0.263986	0.360914	0.397341	0.367473	0.373565	0.370829	0.365737	0.545078	0.538422	0.57237	0.519951	0.526976	0.539286	0.349956	0.353599	0.350576	0.35087	0.352256	0.350641	0.342324	0.341659	0.359815	0.342106	0.342252	0.341628	0.292697	0.294603	0.295471	0.297047	0.320042	0.291955	0.371329	0.375089	0.375167	0.373254	0.376968	0.383594	0.415898	0.430554	0.41969	0.41555	0.421384	0.414724	0.484325	0.496009	0.48346	0.494858	0.48284	0.482375	0.488335	0.48694	0.49379	0.487591	0.494498	0.497202	0.600026	0.601813	0.613499	0.615493	0.613251	0.597294	0.561003	0.550185	0.566571	0.560613	0.554335	0.567046	0.473993	0.474164	0.473513	0.490315	0.481419	0.483469	0.585712	0.582829	0.584684	0.581395	0.627985	0.584813	0.584894	0.583994	0.603783	0.607086	0.601262	0.607893
ERR621921	0.344485	0.34183	0.350567	0.344039	0.348584	0.350428	0.265935	0.259955	0.259874	0.26428	0.263986	0	0.363706	0.380731	0.357944	0.361487	0.35995	0.362943	0.538561	0.53338	0.562412	0.519454	0.524893	0.53395	0.362982	0.366427	0.36441	0.362541	0.361571	0.362706	0.348798	0.347708	0.355419	0.353148	0.348382	0.347897	0.296758	0.300714	0.309008	0.307996	0.308521	0.296638	0.369966	0.37302	0.372405	0.370902	0.374098	0.378367	0.420321	0.429758	0.422623	0.420406	0.423508	0.419448	0.486912	0.492561	0.487232	0.491848	0.486931	0.48638	0.49109	0.491064	0.493015	0.490652	0.494624	0.495107	0.600374	0.601452	0.611095	0.613175	0.611308	0.598282	0.562367	0.554192	0.566876	0.560319	0.556075	0.567205	0.478977	0.479267	0.478733	0.486391	0.479958	0.480925	0.587398	0.584282	0.586549	0.584941	0.621261	0.586658	0.588992	0.588029	0.603969	0.605788	0.601123	0.605265
ERR612903	0.326602	0.326206	0.365959	0.328214	0.36121	0.365959	0.374746	0.362474	0.365552	0.372501	0.360914	0.363706	0	0.308521	0.271717	0.28107	0.278631	0.249615	0.469343	0.462038	0.499599	0.454038	0.461162	0.470986	0.355922	0.358274	0.357873	0.353542	0.349422	0.354531	0.327799	0.329657	0.338413	0.332935	0.32939	0.329445	0.36222	0.350795	0.357257	0.354691	0.381181	0.359999	0.321809	0.323348	0.325688	0.324412	0.326599	0.331291	0.328092	0.33135	0.326733	0.328378	0.326945	0.32754	0.409305	0.419696	0.406732	0.4185	0.406336	0.406464	0.405719	0.406752	0.41109	0.406064	0.4082	0.416755	0.56331	0.562199	0.57078	0.573661	0.572124	0.562692	0.523393	0.510987	0.527692	0.51751	0.513136	0.528735	0.395483	0.396044	0.395041	0.415772	0.402952	0.40511	0.550585	0.545649	0.549366	0.54804	0.579099	0.550082	0.553032	0.551974	0.569584	0.568218	0.564941	0.56546
ERR612904	0.381183	0.372071	0.360377	0.382415	0.357709	0.358285	0.374144	0.380469	0.383005	0.375435	0.397341	0.380731	0.308521	0	0.266104	0.262011	0.265128	0.285076	0.466121	0.464745	0.477376	0.473635	0.472967	0.470846	0.422913	0.426908	0.42768	0.417803	0.409846	0.419339	0.378504	0.377896	0.34878	0.396843	0.378996	0.378772	0.399995	0.394423	0.414675	0.407124	0.377744	0.399501	0.348153	0.347908	0.345724	0.346229	0.345318	0.341685	0.382568	0.360392	0.372356	0.384058	0.368412	0.382671	0.449722	0.434732	0.451779	0.435127	0.452517	0.452111	0.447789	0.452415	0.436184	0.44851	0.43884	0.435582	0.592349	0.587759	0.589132	0.59144	0.591586	0.593361	0.557734	0.554273	0.557978	0.546182	0.550844	0.559029	0.449799	0.450086	0.449965	0.432636	0.431927	0.42983	0.585926	0.581103	0.585144	0.589293	0.584085	0.585801	0.593556	0.592454	0.595861	0.588301	0.590575	0.582794
ERR612906	0.349437	0.342786	0.347857	0.350258	0.344652	0.346872	0.358469	0.357245	0.359459	0.357857	0.367473	0.357944	0.271717	0.266104	0	0.250259	0.250443	0.257474	0.463343	0.459357	0.483242	0.458156	0.460937	0.464274	0.391223	0.395491	0.39531	0.387231	0.381069	0.388409	0.348333	0.347619	0.33411	0.362389	0.348484	0.348071	0.371189	0.365942	0.380241	0.375053	0.366282	0.369901	0.330037	0.331371	0.329693	0.329363	0.330286	0.330201	0.35424	0.342957	0.347915	0.35549	0.345457	0.353751	0.424841	0.420027	0.425454	0.419629	0.426105	0.425416	0.424976	0.428129	0.420056	0.425256	0.421706	0.421149	0.571801	0.569	0.573737	0.575994	0.575454	0.571879	0.534663	0.529339	0.536779	0.526965	0.528036	0.537489	0.418631	0.41873	0.418499	0.413995	0.409317	0.408917	0.56177	0.557208	0.560736	0.56295	0.574278	0.561216	0.568178	0.567059	0.575216	0.571012	0.570601	0.567692
ERR612907	0.357307	0.350143	0.349328	0.357981	0.346301	0.348017	0.359594	0.360936	0.363134	0.359554	0.373565	0.361487	0.28107	0.262011	0.250259	0	0.252059	0.264344	0.463332	0.460284	0.48094	0.461258	0.462846	0.46498	0.399637	0.403896	0.403784	0.395314	0.388942	0.396727	0.355773	0.354823	0.337618	0.370664	0.355837	0.355531	0.376418	0.372039	0.38814	0.382422	0.366479	0.37555	0.335363	0.336403	0.334387	0.334104	0.334854	0.334001	0.362022	0.348535	0.355067	0.363316	0.352124	0.361747	0.430921	0.423179	0.432258	0.422954	0.432854	0.432012	0.430895	0.43439	0.423663	0.430949	0.426336	0.424218	0.574735	0.571384	0.575635	0.57774	0.577247	0.574986	0.538251	0.533976	0.539833	0.52974	0.531919	0.540548	0.425988	0.426127	0.426045	0.417124	0.413687	0.412598	0.565462	0.560901	0.564494	0.567249	0.574382	0.564983	0.572649	0.571577	0.578001	0.57314	0.573215	0.569393
ERR612908	0.354124	0.347198	0.347911	0.354865	0.345269	0.346746	0.358805	0.359343	0.361357	0.358434	0.370829	0.35995	0.278631	0.265128	0.250443	0.252059	0	0.263074	0.462829	0.459401	0.481179	0.459166	0.461165	0.463739	0.396654	0.401081	0.400778	0.392651	0.386387	0.393935	0.353322	0.35231	0.337145	0.367603	0.353277	0.352786	0.373924	0.369182	0.384888	0.379581	0.366015	0.372868	0.334579	0.335902	0.333946	0.333618	0.334462	0.333978	0.35948	0.347205	0.352998	0.360924	0.350153	0.359021	0.427803	0.420946	0.428915	0.42087	0.429712	0.428847	0.428221	0.43168	0.421631	0.42834	0.424242	0.422485	0.571909	0.569014	0.573536	0.575672	0.575074	0.572058	0.535156	0.530576	0.536841	0.527003	0.528774	0.537579	0.422533	0.422593	0.422241	0.414407	0.410747	0.409872	0.562354	0.557844	0.561333	0.563877	0.572726	0.561715	0.56914	0.568061	0.574984	0.570568	0.570324	0.567059
ERR612905	0.335774	0.332744	0.360092	0.338137	0.355376	0.359162	0.370158	0.361613	0.36546	0.368521	0.365737	0.362943	0.249615	0.285076	0.257474	0.264344	0.263074	0	0.462998	0.456971	0.489026	0.455327	0.460573	0.466634	0.368738	0.371435	0.372509	0.365185	0.359431	0.366448	0.335497	0.337282	0.331466	0.346171	0.337425	0.337366	0.368327	0.356192	0.367744	0.362559	0.375384	0.366137	0.319628	0.319435	0.320746	0.320042	0.321371	0.323392	0.335405	0.32823	0.330321	0.335929	0.329258	0.33521	0.415653	0.418645	0.413951	0.418678	0.413917	0.414107	0.411139	0.413613	0.41136	0.411854	0.409412	0.416487	0.572629	0.569407	0.574555	0.577735	0.576593	0.572332	0.534056	0.523541	0.537216	0.52549	0.524054	0.53824	0.40563	0.406391	0.405561	0.417809	0.40751	0.408309	0.562114	0.55699	0.561081	0.561658	0.58029	0.561661	0.566179	0.565035	0.578548	0.574671	0.573603	0.569218
ERR630040	0.511028	0.508059	0.502757	0.512911	0.501577	0.500219	0.537993	0.537502	0.540775	0.537439	0.545078	0.538561	0.469343	0.466121	0.463343	0.463332	0.462829	0.462998	0	0.261278	0.279889	0.282719	0.277977	0.267852	0.529086	0.528835	0.531672	0.526755	0.524519	0.527749	0.513785	0.514888	0.504654	0.518801	0.515157	0.515133	0.520862	0.516298	0.528454	0.522587	0.504556	0.520778	0.502923	0.499964	0.501615	0.501027	0.501431	0.503602	0.440607	0.437656	0.437857	0.439738	0.438941	0.441258	0.368958	0.341462	0.375863	0.344365	0.376855	0.376821	0.376138	0.381163	0.353034	0.376959	0.361682	0.348124	0.411115	0.39926	0.393169	0.397617	0.398379	0.412807	0.390038	0.390367	0.387358	0.369288	0.381188	0.388548	0.391478	0.392064	0.392203	0.35987	0.363835	0.359306	0.438855	0.433741	0.438939	0.449678	0.422687	0.440666	0.430003	0.428545	0.423484	0.407513	0.417282	0.393352
ERR630041	0.503382	0.500883	0.49966	0.505404	0.498348	0.497195	0.53372	0.531892	0.535399	0.532907	0.538422	0.53338	0.462038	0.464745	0.459357	0.460284	0.459401	0.456971	0.261278	0	0.28771	0.274854	0.272632	0.266632	0.520316	0.519926	0.522901	0.518138	0.516205	0.519155	0.506139	0.507433	0.499068	0.510464	0.507725	0.507713	0.514341	0.508975	0.520397	0.514811	0.501444	0.514126	0.496511	0.493807	0.495677	0.495039	0.495623	0.498254	0.432521	0.431424	0.43058	0.431582	0.431824	0.433135	0.359162	0.336553	0.365489	0.339477	0.36606	0.36644	0.366795	0.371254	0.346299	0.367266	0.353646	0.343497	0.408142	0.397089	0.3931	0.397634	0.397633	0.409137	0.384464	0.382203	0.382997	0.364838	0.374529	0.384537	0.380407	0.380997	0.381177	0.355664	0.356685	0.353431	0.434531	0.429	0.434253	0.443751	0.426801	0.435967	0.42385	0.422431	0.421487	0.406895	0.414844	0.393167
ERR630039	0.542555	0.538072	0.520375	0.54409	0.519853	0.517497	0.557989	0.561709	0.564466	0.558137	0.57237	0.562412	0.499599	0.477376	0.483242	0.48094	0.481179	0.489026	0.279889	0.28771	0	0.321633	0.310443	0.289268	0.563371	0.563562	0.566491	0.560636	0.557651	0.561732	0.545107	0.545683	0.529492	0.552124	0.546071	0.54604	0.549008	0.546532	0.561201	0.554517	0.522811	0.549375	0.530505	0.527319	0.528196	0.527855	0.527832	0.528548	0.475432	0.466746	0.470777	0.474878	0.470629	0.476094	0.408591	0.369757	0.417979	0.372868	0.419578	0.418926	0.41694	0.423484	0.386787	0.417417	0.398367	0.377985	0.429704	0.415929	0.403934	0.407627	0.409517	0.433227	0.415491	0.424412	0.409568	0.393401	0.411464	0.410767	0.435335	0.435971	0.436124	0.385244	0.396208	0.389853	0.46166	0.457011	0.461844	0.475708	0.419343	0.463502	0.457956	0.456865	0.43987	0.420101	0.433893	0.405362
ERR630036	0.48911	0.48819	0.49125	0.489413	0.490213	0.489882	0.521515	0.51754	0.520138	0.520113	0.519951	0.519454	0.454038	0.473635	0.458156	0.461258	0.459166	0.455327	0.282719	0.274854	0.321633	0	0.256663	0.267882	0.505398	0.506028	0.506558	0.504401	0.50455	0.504956	0.491035	0.491897	0.495203	0.491741	0.491945	0.491773	0.494817	0.49413	0.500003	0.49715	0.493513	0.494622	0.491758	0.491922	0.493119	0.491556	0.493564	0.498364	0.421432	0.431813	0.422629	0.420556	0.424989	0.421424	0.338771	0.331554	0.345594	0.332057	0.346383	0.345803	0.353669	0.353576	0.341506	0.353154	0.351606	0.338149	0.381552	0.376586	0.384702	0.387289	0.385709	0.379528	0.35268	0.347461	0.354219	0.341155	0.345187	0.354883	0.354991	0.355456	0.355186	0.339077	0.338757	0.337038	0.401022	0.396797	0.400517	0.405965	0.42659	0.4018	0.386447	0.385269	0.391882	0.386368	0.387515	0.382716
ERR630038	0.497209	0.495534	0.493051	0.49751	0.492359	0.491664	0.525275	0.523094	0.52536	0.524065	0.526976	0.524893	0.461162	0.472967	0.460937	0.462846	0.461165	0.460573	0.277977	0.272632	0.310443	0.256663	0	0.263495	0.515416	0.516335	0.516781	0.514173	0.513824	0.51472	0.499119	0.499549	0.500167	0.500959	0.499813	0.499601	0.501887	0.502276	0.509339	0.506115	0.495828	0.501886	0.497571	0.497711	0.498336	0.497067	0.498846	0.502933	0.429745	0.437228	0.42985	0.428951	0.431622	0.429696	0.347782	0.333637	0.355618	0.33392	0.356684	0.355918	0.362298	0.363147	0.345707	0.361647	0.357494	0.340275	0.382225	0.3758	0.381863	0.384419	0.38347	0.381156	0.356282	0.355375	0.356247	0.343589	0.350667	0.356949	0.366675	0.366925	0.367145	0.340617	0.343219	0.34072	0.404454	0.400426	0.404236	0.411445	0.419479	0.405596	0.392396	0.391068	0.391741	0.383746	0.387025	0.380721
ERR630037	0.509875	0.506878	0.497274	0.510449	0.496955	0.495391	0.532491	0.532579	0.535158	0.531757	0.539286	0.53395	0.470986	0.470846	0.464274	0.46498	0.463739	0.466634	0.267852	0.266632	0.289268	0.267882	0.263495	0	0.529808	0.530422	0.531779	0.528037	0.526604	0.528624	0.512041	0.512397	0.50678	0.515878	0.512835	0.51269	0.513961	0.513994	0.52414	0.519702	0.499945	0.514264	0.506028	0.504978	0.505815	0.504873	0.505992	0.508886	0.441841	0.443419	0.440363	0.441192	0.441393	0.442097	0.362445	0.336958	0.371189	0.339186	0.372622	0.371682	0.375723	0.378755	0.352638	0.375453	0.365404	0.345631	0.389326	0.380455	0.379205	0.381898	0.382066	0.389989	0.367984	0.372138	0.365485	0.351421	0.363539	0.366482	0.384275	0.384676	0.384899	0.346644	0.353568	0.349016	0.416037	0.411436	0.41589	0.426189	0.410929	0.417246	0.406926	0.405722	0.398226	0.385899	0.39338	0.378332
ERR637122	0.297994	0.304742	0.366766	0.30167	0.361654	0.367298	0.378852	0.36083	0.363736	0.376304	0.349956	0.362982	0.355922	0.422913	0.391223	0.399637	0.396654	0.368738	0.529086	0.520316	0.563371	0.505398	0.515416	0.529808	0	0.239285	0.239059	0.236639	0.2398	0.236422	0.312373	0.316732	0.343744	0.307797	0.31558	0.316293	0.336019	0.321441	0.318428	0.318656	0.372057	0.333371	0.319221	0.319279	0.325049	0.322775	0.326238	0.336304	0.362226	0.378609	0.366326	0.36116	0.368866	0.36124	0.459363	0.481178	0.454756	0.479917	0.453437	0.454436	0.453229	0.451577	0.466319	0.4532	0.460418	0.474688	0.609435	0.609992	0.620514	0.624175	0.62153	0.606998	0.566768	0.548582	0.573815	0.564275	0.555167	0.574455	0.450174	0.450776	0.449629	0.488903	0.473049	0.476133	0.594117	0.589845	0.592945	0.587911	0.63871	0.593609	0.589816	0.589206	0.616076	0.618193	0.612404	0.615297
ERR637119	0.302523	0.310233	0.37425	0.307109	0.368677	0.374265	0.383274	0.364609	0.367863	0.380598	0.353599	0.366427	0.358274	0.426908	0.395491	0.403896	0.401081	0.371435	0.528835	0.519926	0.563562	0.506028	0.516335	0.530422	0.239285	0	0.23928	0.240129	0.241156	0.239753	0.318481	0.323283	0.349888	0.313021	0.322293	0.323067	0.338659	0.322345	0.320006	0.319806	0.375121	0.336046	0.325752	0.32477	0.331917	0.329762	0.333174	0.342765	0.365215	0.382033	0.36987	0.363855	0.372953	0.364589	0.460779	0.482613	0.455661	0.48183	0.454335	0.455474	0.453096	0.451665	0.466506	0.453279	0.45993	0.475769	0.608964	0.609118	0.619043	0.623018	0.620309	0.606343	0.566562	0.547513	0.573795	0.56339	0.554159	0.574515	0.45153	0.45233	0.45109	0.491894	0.475625	0.478696	0.594113	0.589597	0.593081	0.587936	0.638246	0.593655	0.589121	0.588498	0.616147	0.617918	0.612358	0.613963
ERR637118	0.299688	0.307217	0.370661	0.302759	0.365539	0.37111	0.381036	0.362483	0.365176	0.378158	0.350576	0.36441	0.357873	0.42768	0.39531	0.403784	0.400778	0.372509	0.531672	0.522901	0.566491	0.506558	0.516781	0.531779	0.239059	0.23928	0	0.240087	0.241163	0.23979	0.314571	0.318755	0.34899	0.308371	0.317782	0.318484	0.336014	0.322635	0.319003	0.320082	0.375179	0.333742	0.324443	0.325293	0.331666	0.32915	0.332964	0.342727	0.364833	0.383123	0.369603	0.363609	0.372643	0.363917	0.460384	0.483102	0.455564	0.481741	0.454458	0.455265	0.454334	0.452465	0.468154	0.454196	0.46238	0.476725	0.607593	0.608726	0.620125	0.623764	0.620969	0.604984	0.564614	0.546371	0.571969	0.562905	0.553184	0.572623	0.450565	0.451218	0.450031	0.489821	0.473821	0.477059	0.59171	0.587348	0.590568	0.584811	0.638234	0.591304	0.58714	0.586485	0.614096	0.616963	0.610515	0.614802
ERR637120	0.296684	0.302625	0.363286	0.300365	0.357908	0.363535	0.377946	0.360577	0.36368	0.375363	0.35087	0.362541	0.353542	0.417803	0.387231	0.395314	0.392651	0.365185	0.526755	0.518138	0.560636	0.504401	0.514173	0.528037	0.236639	0.240129	0.240087	0	0.238213	0.236396	0.310153	0.31428	0.338608	0.307289	0.313426	0.314226	0.337399	0.322321	0.321018	0.320825	0.370861	0.334911	0.313683	0.313336	0.319064	0.31678	0.320184	0.329888	0.359915	0.374094	0.362937	0.358763	0.365258	0.359055	0.458753	0.479435	0.454229	0.478207	0.452981	0.453958	0.452138	0.450723	0.464554	0.45219	0.458551	0.472919	0.611349	0.611501	0.621599	0.625285	0.622715	0.608952	0.568708	0.550833	0.575463	0.565576	0.557019	0.576219	0.449888	0.450666	0.449424	0.487362	0.471738	0.474754	0.59637	0.592034	0.595272	0.590665	0.638801	0.595986	0.592516	0.591893	0.617927	0.619511	0.614189	0.616262
ERR637117	0.294411	0.29894	0.3574	0.298267	0.352091	0.35749	0.376221	0.359963	0.363217	0.373897	0.352256	0.361571	0.349422	0.409846	0.381069	0.388942	0.386387	0.359431	0.524519	0.516205	0.557651	0.50455	0.513824	0.526604	0.2398	0.241156	0.241163	0.238213	0	0.23893	0.307576	0.311661	0.331317	0.307341	0.311016	0.311772	0.339235	0.323841	0.325239	0.324025	0.369226	0.336791	0.305227	0.304715	0.310744	0.309026	0.311737	0.319559	0.356087	0.366691	0.358045	0.355327	0.359865	0.35532	0.4584	0.477372	0.454013	0.476453	0.452871	0.453764	0.451031	0.450363	0.462533	0.451222	0.456384	0.470973	0.615221	0.614998	0.624486	0.628142	0.625704	0.613219	0.572389	0.555329	0.578884	0.56863	0.560691	0.579595	0.45052	0.451172	0.45	0.485867	0.470435	0.47311	0.600692	0.596022	0.599579	0.595437	0.639858	0.600276	0.597533	0.596967	0.621851	0.622798	0.61788	0.61906
ERR637121	0.297101	0.303271	0.364155	0.300706	0.358831	0.364355	0.37816	0.360523	0.363734	0.375613	0.350641	0.362706	0.354531	0.419339	0.388409	0.396727	0.393935	0.366448	0.527749	0.519155	0.561732	0.504956	0.51472	0.528624	0.236422	0.239753	0.23979	0.236396	0.23893	0	0.310373	0.314442	0.339514	0.307254	0.313757	0.314442	0.336793	0.321964	0.320178	0.319918	0.370921	0.334326	0.315133	0.315054	0.320821	0.318555	0.321922	0.331558	0.360523	0.37546	0.364079	0.35965	0.366335	0.359714	0.459258	0.480239	0.45472	0.479048	0.45352	0.454442	0.452758	0.451391	0.465343	0.45279	0.459351	0.473668	0.611379	0.611676	0.62183	0.625497	0.6229	0.609071	0.568765	0.550965	0.575605	0.565886	0.557091	0.576354	0.450298	0.451018	0.449787	0.48818	0.472473	0.475494	0.596234	0.591922	0.595129	0.590356	0.639422	0.595728	0.592289	0.591617	0.617951	0.619741	0.614231	0.61652
ERR613997	0.290712	0.291133	0.334426	0.291141	0.329809	0.335502	0.358908	0.346396	0.348123	0.357035	0.342324	0.348798	0.327799	0.378504	0.348333	0.355773	0.353322	0.335497	0.513785	0.506139	0.545107	0.491035	0.499119	0.512041	0.312373	0.318481	0.314571	0.310153	0.307576	0.310373	0	0.23238	0.256498	0.236296	0.232163	0.23243	0.332958	0.325217	0.327914	0.32803	0.358635	0.331182	0.295935	0.300071	0.30065	0.298715	0.301741	0.308216	0.345188	0.351899	0.345316	0.346069	0.345125	0.344192	0.443394	0.459305	0.440795	0.457315	0.440324	0.440185	0.444901	0.444155	0.453679	0.444468	0.450663	0.459272	0.599076	0.600203	0.611242	0.613808	0.611619	0.597107	0.556669	0.543813	0.562216	0.554849	0.548305	0.562764	0.427578	0.427576	0.4273	0.453017	0.440103	0.442639	0.583302	0.579538	0.582146	0.579017	0.622448	0.582778	0.584914	0.584155	0.604318	0.606595	0.60094	0.606481
ERR613999	0.291235	0.290816	0.330932	0.290991	0.32668	0.332093	0.357122	0.345393	0.346735	0.355097	0.341659	0.347708	0.329657	0.377896	0.347619	0.354823	0.35231	0.337282	0.514888	0.507433	0.545683	0.491897	0.499549	0.512397	0.316732	0.323283	0.318755	0.31428	0.311661	0.314442	0.23238	0	0.255979	0.238392	0.230481	0.230896	0.333129	0.327231	0.330067	0.330723	0.357932	0.331242	0.297323	0.302357	0.301886	0.300461	0.303262	0.309428	0.347771	0.354402	0.348225	0.349047	0.347654	0.346642	0.44433	0.459449	0.442031	0.457316	0.44176	0.441497	0.44719	0.446489	0.455238	0.446411	0.453236	0.460579	0.598753	0.600406	0.611942	0.614166	0.612051	0.596844	0.556281	0.544607	0.561741	0.555361	0.548819	0.562258	0.428433	0.428325	0.428068	0.451347	0.439203	0.441798	0.582945	0.579187	0.581687	0.578505	0.62229	0.582221	0.584871	0.584065	0.603458	0.606093	0.600216	0.606865
ERR613998	0.311905	0.304745	0.32106	0.313153	0.316587	0.32035	0.357893	0.352489	0.35632	0.357612	0.359815	0.355419	0.338413	0.34878	0.33411	0.337618	0.337145	0.331466	0.504654	0.499068	0.529492	0.495203	0.500167	0.50678	0.343744	0.349888	0.34899	0.338608	0.331317	0.339514	0.256498	0.255979	0	0.277815	0.257018	0.257359	0.355688	0.345299	0.359086	0.353498	0.356238	0.354102	0.288101	0.289506	0.28721	0.287175	0.287057	0.287213	0.35852	0.344863	0.351701	0.360048	0.348404	0.358154	0.454503	0.458185	0.453308	0.457769	0.453188	0.453144	0.45409	0.455794	0.454651	0.454213	0.452542	0.459411	0.621467	0.619357	0.624971	0.627756	0.626513	0.620561	0.581064	0.571176	0.584604	0.574235	0.572525	0.585347	0.445392	0.44565	0.445358	0.45631	0.447443	0.447936	0.609737	0.605277	0.608621	0.608826	0.630872	0.609233	0.613677	0.612561	0.626156	0.623768	0.622149	0.620088
ERR613996	0.293553	0.297269	0.34908	0.293728	0.344622	0.350515	0.366029	0.350622	0.351889	0.363566	0.342106	0.353148	0.332935	0.396843	0.362389	0.370664	0.367603	0.346171	0.518801	0.510464	0.552124	0.491741	0.500959	0.515878	0.307797	0.313021	0.308371	0.307289	0.307341	0.307254	0.236296	0.238392	0.277815	0	0.237591	0.238083	0.330647	0.323315	0.320932	0.323365	0.365279	0.328569	0.312115	0.316513	0.318609	0.31656	0.320194	0.328821	0.348933	0.363978	0.352525	0.349239	0.353635	0.347798	0.443167	0.463273	0.439905	0.46107	0.439381	0.439383	0.445575	0.443924	0.45681	0.444864	0.453699	0.463247	0.590635	0.592799	0.605531	0.608156	0.605625	0.587976	0.548079	0.533753	0.5546	0.548127	0.539617	0.554981	0.424702	0.424693	0.42428	0.455963	0.441706	0.444987	0.573683	0.569972	0.572434	0.567764	0.62005	0.572972	0.573285	0.572503	0.595801	0.599829	0.592736	0.600685
ERR614001	0.291036	0.291176	0.332019	0.290798	0.327393	0.333213	0.358292	0.346364	0.347435	0.356347	0.342252	0.348382	0.32939	0.378996	0.348484	0.355837	0.353277	0.337425	0.515157	0.507725	0.546071	0.491945	0.499813	0.512835	0.31558	0.322293	0.317782	0.313426	0.311016	0.313757	0.232163	0.230481	0.257018	0.237591	0	0.230655	0.333539	0.327542	0.329812	0.330588	0.358834	0.33153	0.297395	0.302292	0.302086	0.300513	0.303501	0.309707	0.347462	0.354468	0.348015	0.34858	0.347537	0.346315	0.44412	0.459913	0.441699	0.457598	0.441447	0.441184	0.446727	0.445956	0.455084	0.446053	0.452944	0.460492	0.598735	0.600308	0.611863	0.614211	0.612044	0.596714	0.556135	0.544276	0.561733	0.555166	0.548557	0.562172	0.427964	0.427891	0.427617	0.451632	0.439237	0.441933	0.582653	0.578842	0.581468	0.578223	0.62236	0.581914	0.584612	0.583847	0.603535	0.606165	0.600314	0.606918
ERR614000	0.291248	0.290946	0.331727	0.291045	0.327261	0.332986	0.35742	0.345681	0.346807	0.355399	0.341628	0.347897	0.329445	0.378772	0.348071	0.355531	0.352786	0.337366	0.515133	0.507713	0.54604	0.491773	0.499601	0.51269	0.316293	0.323067	0.318484	0.314226	0.311772	0.314442	0.23243	0.230896	0.257359	0.238083	0.230655	0	0.333001	0.327209	0.329799	0.330599	0.35856	0.3313	0.297932	0.30289	0.302696	0.301241	0.304137	0.310226	0.347872	0.354784	0.348254	0.348852	0.347742	0.3467	0.444123	0.459838	0.4419	0.457568	0.441602	0.441246	0.447057	0.446252	0.455329	0.446273	0.453241	0.460577	0.598638	0.600226	0.611892	0.614071	0.61201	0.596688	0.55609	0.544248	0.561589	0.55511	0.548496	0.562057	0.428111	0.428005	0.427805	0.451664	0.439228	0.441838	0.582558	0.578735	0.581324	0.57813	0.622215	0.581892	0.584405	0.583648	0.603195	0.605925	0.599931	0.606786
ERR613681	0.325941	0.327426	0.347011	0.326239	0.34493	0.347351	0.306275	0.296894	0.296294	0.303597	0.292697	0.296758	0.36222	0.399995	0.371189	0.376418	0.373924	0.368327	0.520862	0.514341	0.549008	0.494817	0.501887	0.513961	0.336019	0.338659	0.336014	0.337399	0.339235	0.336793	0.332958	0.333129	0.355688	0.330647	0.333539	0.333001	0	0.260268	0.262082	0.263814	0.281763	0.252587	0.363945	0.367206	0.368641	0.366408	0.370413	0.377864	0.405404	0.424078	0.411036	0.404646	0.413741	0.404091	0.469243	0.479377	0.469476	0.47836	0.468969	0.468453	0.472793	0.471958	0.477123	0.472268	0.479132	0.480144	0.570177	0.572521	0.583673	0.585998	0.583634	0.567687	0.533784	0.523626	0.539229	0.5333	0.527313	0.539387	0.460392	0.460479	0.460192	0.473884	0.466063	0.467374	0.557227	0.554129	0.556485	0.553634	0.599773	0.556483	0.557662	0.55665	0.576048	0.579629	0.573607	0.579669
ERR613679	0.318773	0.321098	0.354442	0.32136	0.351001	0.354057	0.313377	0.299639	0.302164	0.310731	0.294603	0.300714	0.350795	0.394423	0.365942	0.372039	0.369182	0.356192	0.516298	0.508975	0.546532	0.49413	0.502276	0.513994	0.321441	0.322345	0.322635	0.322321	0.323841	0.321964	0.325217	0.327231	0.345299	0.323315	0.327542	0.327209	0.260268	0	0.255638	0.253598	0.289676	0.25837	0.351717	0.351982	0.355487	0.35314	0.356919	0.364545	0.393455	0.408959	0.397894	0.391981	0.400663	0.392343	0.464789	0.476642	0.463204	0.47634	0.462118	0.46234	0.463833	0.463234	0.469848	0.463763	0.468326	0.475343	0.580718	0.580859	0.590095	0.593357	0.590991	0.578368	0.543738	0.529806	0.54965	0.540076	0.533884	0.549978	0.455761	0.456183	0.4557	0.478342	0.467376	0.46892	0.569411	0.565786	0.568678	0.565965	0.608983	0.56912	0.568199	0.567106	0.589046	0.590317	0.585807	0.586889
ERR613677	0.320896	0.326367	0.368396	0.322728	0.364813	0.368672	0.325995	0.307608	0.309328	0.322106	0.295471	0.309008	0.357257	0.414675	0.380241	0.38814	0.384888	0.367744	0.528454	0.520397	0.561201	0.500003	0.509339	0.52414	0.318428	0.320006	0.319003	0.321018	0.325239	0.320178	0.327914	0.330067	0.359086	0.320932	0.329812	0.329799	0.262082	0.255638	0	0.249982	0.306852	0.259871	0.363461	0.365068	0.368059	0.365414	0.370031	0.379476	0.396896	0.418636	0.403437	0.395375	0.406782	0.395647	0.467762	0.485459	0.465536	0.484428	0.46423	0.464761	0.467785	0.465676	0.477476	0.46756	0.475831	0.483145	0.581124	0.582512	0.594013	0.59716	0.59442	0.577897	0.543118	0.527533	0.550148	0.542275	0.533633	0.550446	0.455157	0.45551	0.454979	0.484704	0.472369	0.474657	0.566951	0.563738	0.566187	0.561575	0.615699	0.566389	0.564104	0.563046	0.588441	0.592114	0.585792	0.59047
ERR613678	0.321532	0.325978	0.366382	0.324245	0.362355	0.366189	0.323922	0.306445	0.309197	0.320193	0.297047	0.307996	0.354691	0.407124	0.375053	0.382422	0.379581	0.362559	0.522587	0.514811	0.554517	0.49715	0.506115	0.519702	0.318656	0.319806	0.320082	0.320825	0.324025	0.319918	0.32803	0.330723	0.353498	0.323365	0.330588	0.330599	0.263814	0.253598	0.249982	0	0.302162	0.261209	0.359102	0.359514	0.362779	0.360413	0.364471	0.373587	0.394807	0.413152	0.400008	0.393099	0.403134	0.393705	0.466449	0.48211	0.464502	0.481587	0.463035	0.463677	0.46538	0.463781	0.473569	0.465374	0.471708	0.479543	0.582939	0.582979	0.593001	0.596321	0.593802	0.579896	0.545662	0.5296	0.552114	0.542855	0.535312	0.55255	0.455234	0.455691	0.455079	0.483483	0.471441	0.473401	0.570162	0.566786	0.569578	0.565827	0.61459	0.569778	0.567494	0.566411	0.590705	0.592795	0.587921	0.589456
ERR613682	0.354754	0.3502	0.33663	0.355622	0.336564	0.335775	0.304224	0.309051	0.308731	0.304439	0.320042	0.308521	0.381181	0.377744	0.366282	0.366479	0.366015	0.375384	0.504556	0.501444	0.522811	0.493513	0.495828	0.499945	0.372057	0.375121	0.375179	0.370861	0.369226	0.370921	0.358635	0.357932	0.356238	0.365279	0.358834	0.35856	0.281763	0.289676	0.306852	0.302162	0	0.283153	0.37148	0.372458	0.372539	0.37097	0.373447	0.377052	0.424538	0.4302	0.425305	0.424009	0.426047	0.423484	0.48079	0.475498	0.483941	0.475463	0.483999	0.483286	0.484629	0.486199	0.478681	0.484242	0.483624	0.478105	0.570759	0.56986	0.575798	0.577899	0.576531	0.569753	0.539352	0.535199	0.54157	0.53363	0.534397	0.541628	0.480244	0.480489	0.480605	0.472458	0.470873	0.469727	0.563811	0.5605	0.5632	0.565127	0.584804	0.563534	0.568294	0.567279	0.576299	0.574809	0.573129	0.571926
ERR613680	0.323587	0.325234	0.347249	0.324062	0.34486	0.347583	0.307032	0.296568	0.296364	0.304331	0.291955	0.296638	0.359999	0.399501	0.369901	0.37555	0.372868	0.366137	0.520778	0.514126	0.549375	0.494622	0.501886	0.514264	0.333371	0.336046	0.333742	0.334911	0.336791	0.334326	0.331182	0.331242	0.354102	0.328569	0.33153	0.3313	0.252587	0.25837	0.259871	0.261209	0.283153	0	0.361923	0.364907	0.366612	0.364163	0.368288	0.375761	0.403255	0.421806	0.408652	0.402351	0.411412	0.401756	0.467944	0.478588	0.467891	0.477568	0.467357	0.466763	0.471067	0.469975	0.47584	0.470412	0.477566	0.479129	0.571306	0.573452	0.584622	0.586959	0.584527	0.568678	0.53462	0.524077	0.540265	0.534027	0.527842	0.54037	0.458876	0.458865	0.45883	0.474081	0.46554	0.466952	0.558151	0.555137	0.557459	0.554465	0.601236	0.557504	0.558388	0.557352	0.577283	0.580712	0.574769	0.580562
ERR607730	0.282509	0.277106	0.309681	0.285071	0.304271	0.309254	0.375351	0.367924	0.371098	0.374794	0.371329	0.369966	0.321809	0.348153	0.330037	0.335363	0.334579	0.319628	0.502923	0.496511	0.530505	0.491758	0.497571	0.506028	0.319221	0.325752	0.324443	0.313683	0.305227	0.315133	0.295935	0.297323	0.288101	0.312115	0.297395	0.297932	0.363945	0.351717	0.363461	0.359102	0.37148	0.361923	0	0.230417	0.231088	0.231026	0.231534	0.232727	0.334022	0.322089	0.327139	0.3356	0.323753	0.333426	0.443853	0.451756	0.44167	0.450421	0.44131	0.441676	0.439356	0.440797	0.443588	0.439712	0.439533	0.44913	0.620898	0.619221	0.626466	0.629365	0.627893	0.620369	0.579583	0.568524	0.58354	0.57316	0.570398	0.584437	0.437824	0.438162	0.437408	0.455115	0.443787	0.444995	0.608769	0.603865	0.607475	0.606888	0.631325	0.608346	0.612733	0.611957	0.627062	0.624907	0.622772	0.621921
ERR607731	0.285926	0.28102	0.315341	0.290042	0.309492	0.314304	0.378679	0.371003	0.374938	0.378093	0.375089	0.37302	0.323348	0.347908	0.331371	0.336403	0.335902	0.319435	0.499964	0.493807	0.527319	0.491922	0.497711	0.504978	0.319279	0.32477	0.325293	0.313336	0.304715	0.315054	0.300071	0.302357	0.289506	0.316513	0.302292	0.30289	0.367206	0.351982	0.365068	0.359514	0.372458	0.364907	0.230417	0	0.230995	0.231318	0.231347	0.232622	0.33421	0.32013	0.327054	0.335361	0.323702	0.333825	0.445062	0.451912	0.442479	0.451282	0.442137	0.442585	0.43867	0.440755	0.442519	0.439411	0.437395	0.448986	0.623172	0.620399	0.625847	0.629272	0.627926	0.622639	0.582368	0.570462	0.586292	0.574417	0.572053	0.58719	0.439195	0.439752	0.438897	0.458148	0.446356	0.447478	0.612021	0.606828	0.610741	0.610595	0.631858	0.611695	0.615571	0.614754	0.629941	0.626686	0.625503	0.621659
ERR607733	0.287775	0.281545	0.310028	0.290949	0.304487	0.309137	0.376907	0.370589	0.373796	0.376543	0.375167	0.372405	0.325688	0.345724	0.329693	0.334387	0.333946	0.320746	0.501615	0.495677	0.528196	0.493119	0.498336	0.505815	0.325049	0.331917	0.331666	0.319064	0.310744	0.320821	0.30065	0.301886	0.28721	0.318609	0.302086	0.302696	0.368641	0.355487	0.368059	0.362779	0.372539	0.366612	0.231088	0.230995	0	0.228882	0.228913	0.231653	0.337346	0.322331	0.329356	0.338923	0.325649	0.336686	0.446098	0.452462	0.444331	0.451326	0.444092	0.444363	0.441564	0.443406	0.444749	0.442165	0.440729	0.450103	0.624917	0.622296	0.628503	0.631538	0.630193	0.624427	0.583961	0.573118	0.587743	0.576684	0.574579	0.588492	0.44066	0.441024	0.440352	0.456799	0.445846	0.446923	0.613197	0.608393	0.612032	0.612106	0.633004	0.612769	0.617458	0.616553	0.63091	0.627894	0.626533	0.623821
