	ERR617184	ERR617183	ERR617182	ERR617181	ERR617179	ERR617180	ERR613347	ERR613351	ERR613350	ERR613352	ERR613349	ERR613348	ERR613620	ERR613621	ERR613618	ERR613622	ERR613619	ERR613617	ERR636976	ERR636978	ERR636974	ERR636975	ERR636973	ERR636977	ERR636863	ERR636864	ERR636860	ERR636862	ERR636861	ERR636859	ERR630005	ERR630004	ERR630001	ERR630002	ERR630000	ERR630003	ERR636951	ERR636949	ERR636954	ERR636950	ERR636953	ERR636952	ERR618509	ERR618511	ERR618507	ERR618510	ERR618508	ERR618512	ERR611356	ERR611355	ERR611358	ERR611353	ERR611354	ERR611357	ERR638312	ERR638314	ERR638313	ERR638311	ERR638309	ERR638310	ERR618412	ERR618414	ERR618416	ERR618415	ERR618413	ERR618411	ERR612283	ERR612284	ERR612281	ERR612282	ERR612286	ERR612285	ERR617488	ERR617489	ERR617492	ERR617490	ERR617487	ERR617491	ERR616852	ERR616851	ERR616849	ERR616850	ERR616848	ERR616847	ERR606652	ERR606653	ERR606651	ERR606648	ERR606649	ERR606650	ERR616507	ERR616505	ERR616506	ERR616509	ERR616508	ERR616504
ERR617184	2.38514e+08	1.82011e+08	1.80093e+08	1.55383e+08	1.45231e+08	1.55235e+08	1.88179e+08	1.55761e+08	1.51473e+08	1.22713e+08	1.72009e+08	1.54814e+08	1.44047e+08	1.43205e+08	1.54283e+08	1.12509e+08	1.48496e+08	1.61667e+08	1.53241e+08	1.84856e+08	1.43911e+08	1.7726e+08	1.75646e+08	1.89608e+08	1.82929e+08	1.84562e+08	2.2515e+08	1.88154e+08	2.22661e+08	1.97654e+08	1.72516e+08	1.70502e+08	1.70919e+08	1.94833e+08	1.98821e+08	1.73454e+08	1.75285e+08	1.61389e+08	1.81068e+08	1.76014e+08	1.76485e+08	1.79606e+08	1.52746e+08	1.65591e+08	1.67215e+08	1.60229e+08	1.38967e+08	1.69047e+08	1.02377e+08	1.13286e+08	1.1264e+08	1.077e+08	1.0422e+08	1.13027e+08	1.61718e+08	1.62982e+08	1.62764e+08	1.37728e+08	1.59859e+08	1.36731e+08	1.21185e+08	1.34882e+08	1.41404e+08	1.39505e+08	1.33748e+08	1.47273e+08	1.02496e+08	1.41735e+08	1.25601e+08	1.03984e+08	1.48458e+08	1.38601e+08	1.3939e+08	1.40134e+08	1.53822e+08	1.64163e+08	1.36861e+08	1.66745e+08	9.78828e+07	9.68672e+07	1.26967e+08	9.60582e+07	1.14446e+08	1.14656e+08	1.6257e+08	1.55331e+08	1.31653e+08	8.11806e+07	1.6354e+08	1.56002e+08	1.51236e+08	7.282e+07	1.20754e+08	1.48749e+08	1.52058e+08	1.20025e+08
ERR617183	1.82011e+08	3.57012e+08	2.32703e+08	2.00312e+08	1.85469e+08	1.99967e+08	2.46294e+08	2.04294e+08	1.98618e+08	1.58755e+08	2.23668e+08	2.01192e+08	1.83557e+08	1.82716e+08	1.94908e+08	1.42371e+08	1.88273e+08	2.05492e+08	1.96106e+08	2.36838e+08	1.8361e+08	2.27911e+08	2.25931e+08	2.42766e+08	2.35109e+08	2.37191e+08	2.91543e+08	2.42067e+08	2.86703e+08	2.54999e+08	2.19514e+08	2.16982e+08	2.18633e+08	2.50741e+08	2.55915e+08	2.20783e+08	2.24806e+08	2.07177e+08	2.3242e+08	2.27193e+08	2.26317e+08	2.303e+08	1.95733e+08	2.13264e+08	2.14647e+08	2.06501e+08	1.77186e+08	2.17706e+08	1.31346e+08	1.48421e+08	1.46391e+08	1.40733e+08	1.3636e+08	1.46713e+08	2.07676e+08	2.09431e+08	2.09054e+08	1.76406e+08	2.05034e+08	1.7444e+08	1.5634e+08	1.75493e+08	1.83975e+08	1.81432e+08	1.73093e+08	1.9096e+08	1.4202e+08	1.90332e+08	1.75249e+08	1.44311e+08	1.99294e+08	1.859e+08	1.82653e+08	1.83636e+08	2.0076e+08	2.15663e+08	1.78196e+08	2.19194e+08	1.25188e+08	1.23678e+08	1.64082e+08	1.22679e+08	1.48299e+08	1.4754e+08	2.08202e+08	1.99168e+08	1.68661e+08	1.02781e+08	2.1038e+08	2.00386e+08	1.95025e+08	9.5023e+07	1.57169e+08	1.9189e+08	1.96472e+08	1.56043e+08
ERR617182	1.80093e+08	2.32703e+08	3.51232e+08	1.98568e+08	1.83662e+08	1.98073e+08	2.44466e+08	2.02726e+08	1.97142e+08	1.57564e+08	2.21896e+08	1.99601e+08	1.81791e+08	1.80809e+08	1.92578e+08	1.40817e+08	1.86239e+08	2.03255e+08	1.93648e+08	2.33993e+08	1.814e+08	2.25184e+08	2.23065e+08	2.39599e+08	2.32675e+08	2.34614e+08	2.8865e+08	2.39333e+08	2.83843e+08	2.52382e+08	2.17221e+08	2.14691e+08	2.16528e+08	2.48139e+08	2.53394e+08	2.1854e+08	2.22184e+08	2.04772e+08	2.29724e+08	2.2458e+08	2.23624e+08	2.27531e+08	1.93385e+08	2.10936e+08	2.12027e+08	2.04158e+08	1.75292e+08	2.1538e+08	1.29782e+08	1.46697e+08	1.44629e+08	1.3889e+08	1.3484e+08	1.44947e+08	2.05504e+08	2.07368e+08	2.06918e+08	1.74523e+08	2.02863e+08	1.72542e+08	1.54335e+08	1.73402e+08	1.81713e+08	1.79271e+08	1.70845e+08	1.88537e+08	1.40738e+08	1.88238e+08	1.73885e+08	1.43045e+08	1.97081e+08	1.83953e+08	1.80498e+08	1.81368e+08	1.98336e+08	2.13335e+08	1.75971e+08	2.16756e+08	1.23583e+08	1.22159e+08	1.62142e+08	1.21072e+08	1.46545e+08	1.45656e+08	2.0569e+08	1.96807e+08	1.66685e+08	1.01567e+08	2.07856e+08	1.98121e+08	1.92557e+08	9.39908e+07	1.55321e+08	1.89554e+08	1.94083e+08	1.54172e+08
ERR617181	1.55383e+08	2.00312e+08	1.98568e+08	2.76267e+08	1.59497e+08	1.7177e+08	2.10474e+08	1.74804e+08	1.70069e+08	1.35948e+08	1.9135e+08	1.72056e+08	1.56968e+08	1.55998e+08	1.66259e+08	1.21647e+08	1.60578e+08	1.75236e+08	1.66497e+08	2.01062e+08	1.55989e+08	1.93511e+08	1.9181e+08	2.05982e+08	2.00698e+08	2.02532e+08	2.48815e+08	2.06611e+08	2.44638e+08	2.17739e+08	1.87175e+08	1.84982e+08	1.86765e+08	2.13718e+08	2.18168e+08	1.88401e+08	1.91649e+08	1.76801e+08	1.97905e+08	1.93528e+08	1.92744e+08	1.96134e+08	1.6669e+08	1.81648e+08	1.82708e+08	1.75864e+08	1.51055e+08	1.85494e+08	1.11476e+08	1.25906e+08	1.24184e+08	1.19397e+08	1.15741e+08	1.24458e+08	1.77386e+08	1.7893e+08	1.78551e+08	1.50902e+08	1.75128e+08	1.49208e+08	1.32496e+08	1.48815e+08	1.56126e+08	1.54032e+08	1.4667e+08	1.61873e+08	1.20799e+08	1.61686e+08	1.49019e+08	1.22741e+08	1.69285e+08	1.57894e+08	1.55163e+08	1.55923e+08	1.70445e+08	1.83101e+08	1.5132e+08	1.86056e+08	1.06251e+08	1.05014e+08	1.39376e+08	1.04084e+08	1.25731e+08	1.25151e+08	1.76693e+08	1.6903e+08	1.43219e+08	8.72094e+07	1.7855e+08	1.70238e+08	1.65845e+08	8.08254e+07	1.33664e+08	1.63161e+08	1.67017e+08	1.32629e+08
ERR617179	1.45231e+08	1.85469e+08	1.83662e+08	1.59497e+08	2.44911e+08	1.59217e+08	1.93802e+08	1.60692e+08	1.56205e+08	1.25624e+08	1.76515e+08	1.58809e+08	1.46024e+08	1.45232e+08	1.55551e+08	1.13665e+08	1.50098e+08	1.6365e+08	1.55449e+08	1.87659e+08	1.45875e+08	1.8044e+08	1.78847e+08	1.92358e+08	1.86721e+08	1.88353e+08	2.30561e+08	1.92055e+08	2.27283e+08	2.02101e+08	1.74877e+08	1.72765e+08	1.73834e+08	1.9875e+08	2.02801e+08	1.75884e+08	1.78641e+08	1.64565e+08	1.84593e+08	1.8011e+08	1.79781e+08	1.82955e+08	1.55546e+08	1.69132e+08	1.70541e+08	1.63668e+08	1.41312e+08	1.72656e+08	1.03879e+08	1.16338e+08	1.15139e+08	1.10401e+08	1.06918e+08	1.15455e+08	1.64887e+08	1.66285e+08	1.6591e+08	1.4036e+08	1.62901e+08	1.39053e+08	1.23256e+08	1.37848e+08	1.44552e+08	1.42477e+08	1.36364e+08	1.50331e+08	1.0835e+08	1.47474e+08	1.33464e+08	1.10061e+08	1.54474e+08	1.44253e+08	1.42999e+08	1.43852e+08	1.57598e+08	1.68822e+08	1.40021e+08	1.71482e+08	9.90292e+07	9.79312e+07	1.29385e+08	9.7198e+07	1.16774e+08	1.16513e+08	1.64665e+08	1.57608e+08	1.33476e+08	8.17735e+07	1.66171e+08	1.58459e+08	1.53868e+08	7.46607e+07	1.23582e+08	1.51405e+08	1.54859e+08	1.22716e+08
ERR617180	1.55235e+08	1.99967e+08	1.98073e+08	1.7177e+08	1.59217e+08	2.75268e+08	2.09914e+08	1.74205e+08	1.69532e+08	1.35655e+08	1.90812e+08	1.71639e+08	1.56805e+08	1.56031e+08	1.66127e+08	1.21763e+08	1.60507e+08	1.75179e+08	1.66652e+08	2.01138e+08	1.56126e+08	1.93461e+08	1.91693e+08	2.06016e+08	2.00551e+08	2.02312e+08	2.48373e+08	2.06381e+08	2.44352e+08	2.1732e+08	1.87109e+08	1.84895e+08	1.86533e+08	2.13496e+08	2.17881e+08	1.88325e+08	1.91714e+08	1.76719e+08	1.98142e+08	1.93659e+08	1.92983e+08	1.96242e+08	1.6674e+08	1.81762e+08	1.82857e+08	1.75823e+08	1.51169e+08	1.85359e+08	1.11439e+08	1.25638e+08	1.23854e+08	1.19167e+08	1.1542e+08	1.24253e+08	1.77288e+08	1.78777e+08	1.78349e+08	1.50595e+08	1.75034e+08	1.49067e+08	1.32456e+08	1.48664e+08	1.55829e+08	1.53844e+08	1.46652e+08	1.61734e+08	1.19792e+08	1.60776e+08	1.4783e+08	1.21804e+08	1.68287e+08	1.57071e+08	1.54771e+08	1.55677e+08	1.70089e+08	1.82796e+08	1.50927e+08	1.85649e+08	1.06139e+08	1.04861e+08	1.39105e+08	1.03998e+08	1.25621e+08	1.24983e+08	1.76723e+08	1.689e+08	1.43103e+08	8.72819e+07	1.78592e+08	1.70081e+08	1.65639e+08	8.07851e+07	1.33429e+08	1.63041e+08	1.66802e+08	1.32609e+08
ERR613347	1.88179e+08	2.46294e+08	2.44466e+08	2.10474e+08	1.93802e+08	2.09914e+08	5.36152e+08	3.20704e+08	3.12193e+08	2.48892e+08	3.50196e+08	3.15465e+08	2.15682e+08	2.14505e+08	2.26726e+08	1.665e+08	2.1902e+08	2.4022e+08	2.34081e+08	2.82373e+08	2.18699e+08	2.7285e+08	2.70104e+08	2.89156e+08	2.78586e+08	2.80964e+08	3.47299e+08	2.86753e+08	3.39978e+08	3.03102e+08	2.57634e+08	2.54892e+08	2.57996e+08	2.96792e+08	3.03247e+08	2.59688e+08	2.67348e+08	2.46973e+08	2.76548e+08	2.71428e+08	2.69104e+08	2.73827e+08	2.30817e+08	2.52896e+08	2.53518e+08	2.44646e+08	2.08475e+08	2.58302e+08	1.71652e+08	1.96727e+08	1.92981e+08	1.86007e+08	1.80785e+08	1.93501e+08	2.43988e+08	2.46121e+08	2.45821e+08	2.06996e+08	2.40748e+08	2.03925e+08	2.05032e+08	2.32466e+08	2.43675e+08	2.40305e+08	2.27688e+08	2.51395e+08	1.96443e+08	2.61234e+08	2.42772e+08	1.99772e+08	2.72873e+08	2.54777e+08	2.39445e+08	2.40652e+08	2.61995e+08	2.82396e+08	2.31925e+08	2.87407e+08	1.61508e+08	1.59655e+08	2.13272e+08	1.58083e+08	1.931e+08	1.90772e+08	2.69609e+08	2.57903e+08	2.18963e+08	1.31919e+08	2.73249e+08	2.60649e+08	2.52898e+08	1.25147e+08	2.05118e+08	2.49072e+08	2.55047e+08	2.03644e+08
ERR613351	1.55761e+08	2.04294e+08	2.02726e+08	1.74804e+08	1.60692e+08	1.74205e+08	3.20704e+08	3.92061e+08	2.62329e+08	2.09048e+08	2.91251e+08	2.62696e+08	1.78082e+08	1.77161e+08	1.86598e+08	1.37348e+08	1.80493e+08	1.98121e+08	1.92984e+08	2.32509e+08	1.80277e+08	2.24878e+08	2.22625e+08	2.38049e+08	2.30947e+08	2.3301e+08	2.87906e+08	2.37748e+08	2.81688e+08	2.51564e+08	2.13811e+08	2.11502e+08	2.14359e+08	2.4652e+08	2.51957e+08	2.15367e+08	2.21216e+08	2.04728e+08	2.28723e+08	2.24985e+08	2.22564e+08	2.26478e+08	1.90478e+08	2.09068e+08	2.09024e+08	2.02253e+08	1.7197e+08	2.13435e+08	1.40805e+08	1.62004e+08	1.58666e+08	1.53158e+08	1.49013e+08	1.59088e+08	2.029e+08	2.04822e+08	2.04458e+08	1.72239e+08	2.0016e+08	1.69686e+08	1.67948e+08	1.91016e+08	2.00165e+08	1.97536e+08	1.86673e+08	2.06043e+08	1.64795e+08	2.16848e+08	2.03648e+08	1.67526e+08	2.26605e+08	2.1152e+08	1.97136e+08	1.98225e+08	2.15502e+08	2.3252e+08	1.90756e+08	2.36574e+08	1.32277e+08	1.30573e+08	1.74968e+08	1.29482e+08	1.58483e+08	1.56144e+08	2.2056e+08	2.1088e+08	1.79109e+08	1.07412e+08	2.23783e+08	2.13558e+08	2.07529e+08	1.03197e+08	1.68668e+08	2.04453e+08	2.09484e+08	1.67436e+08
ERR613350	1.51473e+08	1.98618e+08	1.97142e+08	1.70069e+08	1.56205e+08	1.69532e+08	3.12193e+08	2.62329e+08	3.74726e+08	2.03671e+08	2.83494e+08	2.55669e+08	1.72703e+08	1.71809e+08	1.80771e+08	1.33048e+08	1.7489e+08	1.91995e+08	1.87242e+08	2.25444e+08	1.74897e+08	2.18165e+08	2.15905e+08	2.3089e+08	2.24541e+08	2.26441e+08	2.79833e+08	2.31039e+08	2.73656e+08	2.44388e+08	2.07755e+08	2.05602e+08	2.08522e+08	2.39667e+08	2.44814e+08	2.09403e+08	2.15088e+08	1.98931e+08	2.22307e+08	2.18708e+08	2.16307e+08	2.20155e+08	1.85023e+08	2.03156e+08	2.03204e+08	1.96661e+08	1.67079e+08	2.07407e+08	1.36695e+08	1.57463e+08	1.54167e+08	1.48882e+08	1.44798e+08	1.54511e+08	1.97268e+08	1.99116e+08	1.98619e+08	1.67505e+08	1.94679e+08	1.65007e+08	1.63072e+08	1.85548e+08	1.94485e+08	1.91849e+08	1.81242e+08	2.00085e+08	1.6066e+08	2.11055e+08	1.98542e+08	1.63383e+08	2.20412e+08	2.05779e+08	1.91548e+08	1.92642e+08	2.09438e+08	2.25739e+08	1.85264e+08	2.29764e+08	1.28285e+08	1.26741e+08	1.69962e+08	1.25645e+08	1.5384e+08	1.51594e+08	2.1358e+08	2.04235e+08	1.73517e+08	1.04024e+08	2.16765e+08	2.06809e+08	2.01423e+08	1.00305e+08	1.63824e+08	1.98529e+08	2.03311e+08	1.62615e+08
ERR613352	1.22713e+08	1.58755e+08	1.57564e+08	1.35948e+08	1.25624e+08	1.35655e+08	2.48892e+08	2.09048e+08	2.03671e+08	2.58928e+08	2.2701e+08	2.05024e+08	1.39402e+08	1.38723e+08	1.46803e+08	1.0819e+08	1.42001e+08	1.55277e+08	1.50694e+08	1.81141e+08	1.412e+08	1.74792e+08	1.73061e+08	1.85603e+08	1.80272e+08	1.81825e+08	2.23253e+08	1.85499e+08	2.19302e+08	1.95677e+08	1.68646e+08	1.66992e+08	1.6834e+08	1.92653e+08	1.96784e+08	1.69904e+08	1.72744e+08	1.59704e+08	1.78529e+08	1.74972e+08	1.73803e+08	1.76905e+08	1.48523e+08	1.62331e+08	1.62821e+08	1.57081e+08	1.34488e+08	1.65724e+08	1.09399e+08	1.24251e+08	1.22387e+08	1.1775e+08	1.14491e+08	1.22743e+08	1.59116e+08	1.60653e+08	1.60196e+08	1.35447e+08	1.57019e+08	1.3365e+08	1.30209e+08	1.47021e+08	1.54239e+08	1.52103e+08	1.44465e+08	1.59207e+08	1.21972e+08	1.63326e+08	1.50017e+08	1.2388e+08	1.70774e+08	1.59404e+08	1.51248e+08	1.51918e+08	1.65532e+08	1.77964e+08	1.46938e+08	1.80903e+08	1.02737e+08	1.01644e+08	1.34934e+08	1.00783e+08	1.22187e+08	1.20977e+08	1.71497e+08	1.64094e+08	1.39524e+08	8.46097e+07	1.73541e+08	1.65742e+08	1.60922e+08	7.98428e+07	1.30221e+08	1.58466e+08	1.62024e+08	1.294e+08
ERR613349	1.72009e+08	2.23668e+08	2.21896e+08	1.9135e+08	1.76515e+08	1.90812e+08	3.50196e+08	2.91251e+08	2.83494e+08	2.2701e+08	4.54173e+08	2.87121e+08	1.96251e+08	1.95233e+08	2.06888e+08	1.51727e+08	1.99728e+08	2.18876e+08	2.13289e+08	2.57108e+08	1.99527e+08	2.48203e+08	2.45607e+08	2.63333e+08	2.53592e+08	2.5592e+08	3.15429e+08	2.60941e+08	3.09379e+08	2.75645e+08	2.35262e+08	2.32785e+08	2.35295e+08	2.7019e+08	2.76028e+08	2.37097e+08	2.43531e+08	2.24926e+08	2.51659e+08	2.46688e+08	2.44896e+08	2.49195e+08	2.09887e+08	2.29703e+08	2.30595e+08	2.22329e+08	1.89934e+08	2.34656e+08	1.56311e+08	1.78137e+08	1.75252e+08	1.6869e+08	1.63843e+08	1.75662e+08	2.22541e+08	2.24488e+08	2.24188e+08	1.88847e+08	2.19679e+08	1.86328e+08	1.86439e+08	2.10721e+08	2.20928e+08	2.17983e+08	2.06784e+08	2.28269e+08	1.75611e+08	2.35358e+08	2.16406e+08	1.78461e+08	2.45961e+08	2.29545e+08	2.1669e+08	2.17943e+08	2.3727e+08	2.55268e+08	2.10454e+08	2.59661e+08	1.47101e+08	1.45433e+08	1.93684e+08	1.4426e+08	1.75186e+08	1.73467e+08	2.45543e+08	2.34713e+08	1.99426e+08	1.20456e+08	2.48613e+08	2.37224e+08	2.30067e+08	1.13594e+08	1.86234e+08	2.2658e+08	2.31834e+08	1.84739e+08
ERR613348	1.54814e+08	2.01192e+08	1.99601e+08	1.72056e+08	1.58809e+08	1.71639e+08	3.15465e+08	2.62696e+08	2.55669e+08	2.05024e+08	2.87121e+08	3.80412e+08	1.76411e+08	1.75548e+08	1.85899e+08	1.3647e+08	1.79582e+08	1.96696e+08	1.91407e+08	2.30363e+08	1.79003e+08	2.22546e+08	2.20187e+08	2.36095e+08	2.28253e+08	2.30285e+08	2.83535e+08	2.34831e+08	2.78105e+08	2.47944e+08	2.12142e+08	2.1003e+08	2.12034e+08	2.43424e+08	2.48625e+08	2.1368e+08	2.18767e+08	2.02187e+08	2.26323e+08	2.21883e+08	2.20243e+08	2.24145e+08	1.88587e+08	2.06196e+08	2.06851e+08	1.995e+08	1.70678e+08	2.10539e+08	1.4004e+08	1.59524e+08	1.56862e+08	1.51106e+08	1.46792e+08	1.57249e+08	2.00391e+08	2.02166e+08	2.01838e+08	1.70264e+08	1.97721e+08	1.68069e+08	1.66821e+08	1.88662e+08	1.97723e+08	1.94986e+08	1.85108e+08	2.04132e+08	1.57052e+08	2.1043e+08	1.93538e+08	1.59716e+08	2.20013e+08	2.05278e+08	1.93934e+08	1.94856e+08	2.1247e+08	2.28469e+08	1.8831e+08	2.3238e+08	1.31614e+08	1.30034e+08	1.73198e+08	1.2888e+08	1.56766e+08	1.55206e+08	2.19523e+08	2.10039e+08	1.78425e+08	1.07984e+08	2.22472e+08	2.12261e+08	2.05677e+08	1.01762e+08	1.66656e+08	2.02733e+08	2.07352e+08	1.65472e+08
ERR613620	1.44047e+08	1.83557e+08	1.81791e+08	1.56968e+08	1.46024e+08	1.56805e+08	2.15682e+08	1.78082e+08	1.72703e+08	1.39402e+08	1.96251e+08	1.76411e+08	3.17917e+08	2.11303e+08	2.24651e+08	1.70619e+08	2.17382e+08	2.34565e+08	1.84751e+08	2.22189e+08	1.73818e+08	2.13795e+08	2.11809e+08	2.27588e+08	2.12415e+08	2.14314e+08	2.60629e+08	2.18393e+08	2.57371e+08	2.29006e+08	1.91479e+08	1.89482e+08	1.90619e+08	2.18073e+08	2.22464e+08	1.92485e+08	2.02622e+08	1.86494e+08	2.09012e+08	2.03766e+08	2.03874e+08	2.07254e+08	1.73998e+08	1.89187e+08	1.90856e+08	1.828e+08	1.58634e+08	1.92665e+08	1.15575e+08	1.29656e+08	1.28225e+08	1.23047e+08	1.19268e+08	1.28515e+08	1.86384e+08	1.88064e+08	1.87643e+08	1.5882e+08	1.84355e+08	1.57422e+08	1.38318e+08	1.54675e+08	1.62152e+08	1.60178e+08	1.52798e+08	1.68856e+08	1.22154e+08	1.68982e+08	1.50391e+08	1.24025e+08	1.76838e+08	1.65077e+08	1.57803e+08	1.586e+08	1.73932e+08	1.86339e+08	1.54262e+08	1.89218e+08	1.10506e+08	1.09117e+08	1.44381e+08	1.08286e+08	1.30256e+08	1.29871e+08	2.15459e+08	2.06507e+08	1.7614e+08	1.10969e+08	2.17254e+08	2.07336e+08	1.6899e+08	8.1257e+07	1.35402e+08	1.66111e+08	1.69913e+08	1.34353e+08
ERR613621	1.43205e+08	1.82716e+08	1.80809e+08	1.55998e+08	1.45232e+08	1.56031e+08	2.14505e+08	1.77161e+08	1.71809e+08	1.38723e+08	1.95233e+08	1.75548e+08	2.11303e+08	3.14817e+08	2.23327e+08	1.69765e+08	2.16112e+08	2.33171e+08	1.83468e+08	2.20716e+08	1.72553e+08	2.12288e+08	2.10351e+08	2.26161e+08	2.11388e+08	2.1341e+08	2.59466e+08	2.17355e+08	2.56046e+08	2.28019e+08	1.90408e+08	1.88283e+08	1.89594e+08	2.16803e+08	2.21185e+08	1.91484e+08	2.01303e+08	1.8529e+08	2.07718e+08	2.02459e+08	2.02569e+08	2.06e+08	1.72727e+08	1.87876e+08	1.89484e+08	1.81434e+08	1.57311e+08	1.91437e+08	1.14539e+08	1.28562e+08	1.27248e+08	1.22041e+08	1.18307e+08	1.275e+08	1.85291e+08	1.86996e+08	1.86577e+08	1.57865e+08	1.83336e+08	1.56648e+08	1.37123e+08	1.53276e+08	1.60856e+08	1.58696e+08	1.51408e+08	1.67342e+08	1.21187e+08	1.6748e+08	1.49299e+08	1.23173e+08	1.75416e+08	1.63761e+08	1.56475e+08	1.57226e+08	1.72454e+08	1.84674e+08	1.52893e+08	1.87613e+08	1.09405e+08	1.0807e+08	1.42976e+08	1.07216e+08	1.2907e+08	1.28689e+08	2.13879e+08	2.04898e+08	1.74702e+08	1.0997e+08	2.15584e+08	2.05646e+08	1.6754e+08	8.06719e+07	1.34243e+08	1.64835e+08	1.6856e+08	1.33181e+08
ERR613618	1.54283e+08	1.94908e+08	1.92578e+08	1.66259e+08	1.55551e+08	1.66127e+08	2.26726e+08	1.86598e+08	1.80771e+08	1.46803e+08	2.06888e+08	1.85899e+08	2.24651e+08	2.23327e+08	3.53627e+08	1.80744e+08	2.32185e+08	2.5062e+08	1.98386e+08	2.38918e+08	1.86812e+08	2.29456e+08	2.27282e+08	2.4481e+08	2.26459e+08	2.28786e+08	2.77443e+08	2.32919e+08	2.74726e+08	2.43933e+08	2.04942e+08	2.02693e+08	2.03373e+08	2.32273e+08	2.37186e+08	2.06013e+08	2.16017e+08	1.9854e+08	2.23001e+08	2.16713e+08	2.17392e+08	2.21007e+08	1.86478e+08	2.0214e+08	2.04671e+08	1.95154e+08	1.70196e+08	2.05868e+08	1.24691e+08	1.38378e+08	1.37444e+08	1.31572e+08	1.27266e+08	1.37919e+08	1.98783e+08	2.00424e+08	2.00227e+08	1.69308e+08	1.96704e+08	1.68172e+08	1.48905e+08	1.65414e+08	1.7361e+08	1.71343e+08	1.64081e+08	1.8128e+08	1.26172e+08	1.77753e+08	1.54765e+08	1.28139e+08	1.86386e+08	1.74003e+08	1.68195e+08	1.68913e+08	1.85767e+08	1.98244e+08	1.65072e+08	2.01322e+08	1.19275e+08	1.17962e+08	1.54956e+08	1.16969e+08	1.39785e+08	1.39955e+08	2.31449e+08	2.21617e+08	1.88887e+08	1.19408e+08	2.32758e+08	2.22248e+08	1.8168e+08	8.6803e+07	1.44826e+08	1.7866e+08	1.82493e+08	1.43769e+08
ERR613622	1.12509e+08	1.42371e+08	1.40817e+08	1.21647e+08	1.13665e+08	1.21763e+08	1.665e+08	1.37348e+08	1.33048e+08	1.0819e+08	1.51727e+08	1.3647e+08	1.70619e+08	1.69765e+08	1.80744e+08	2.20281e+08	1.74966e+08	1.88042e+08	1.4453e+08	1.73694e+08	1.36175e+08	1.66967e+08	1.65352e+08	1.77969e+08	1.65678e+08	1.67391e+08	2.02498e+08	1.70376e+08	2.00378e+08	1.783e+08	1.4895e+08	1.47496e+08	1.48061e+08	1.68799e+08	1.72399e+08	1.49786e+08	1.58216e+08	1.45716e+08	1.63121e+08	1.58836e+08	1.59182e+08	1.61888e+08	1.35396e+08	1.46943e+08	1.48368e+08	1.41847e+08	1.23625e+08	1.49667e+08	8.92004e+07	9.94207e+07	9.85539e+07	9.44582e+07	9.15399e+07	9.88392e+07	1.44644e+08	1.45929e+08	1.45746e+08	1.23359e+08	1.43104e+08	1.22575e+08	1.06809e+08	1.18976e+08	1.24812e+08	1.23304e+08	1.1784e+08	1.30196e+08	9.15152e+07	1.28278e+08	1.12541e+08	9.30324e+07	1.34373e+08	1.25468e+08	1.20976e+08	1.21578e+08	1.3345e+08	1.42707e+08	1.18544e+08	1.45107e+08	8.53113e+07	8.43156e+07	1.10993e+08	8.36265e+07	1.00111e+08	1.00129e+08	1.71419e+08	1.64187e+08	1.40357e+08	8.92959e+07	1.72533e+08	1.64641e+08	1.30196e+08	6.23879e+07	1.04022e+08	1.27963e+08	1.30757e+08	1.03119e+08
ERR613619	1.48496e+08	1.88273e+08	1.86239e+08	1.60578e+08	1.50098e+08	1.60507e+08	2.1902e+08	1.80493e+08	1.7489e+08	1.42001e+08	1.99728e+08	1.79582e+08	2.17382e+08	2.16112e+08	2.32185e+08	1.74966e+08	3.33219e+08	2.4189e+08	1.90845e+08	2.29495e+08	1.79716e+08	2.20613e+08	2.18509e+08	2.35299e+08	2.18722e+08	2.20807e+08	2.67812e+08	2.248e+08	2.64914e+08	2.35477e+08	1.97746e+08	1.95761e+08	1.96277e+08	2.24028e+08	2.28795e+08	1.98807e+08	2.08205e+08	1.91563e+08	2.1502e+08	2.09215e+08	2.09734e+08	2.13274e+08	1.79504e+08	1.94672e+08	1.96926e+08	1.87927e+08	1.63872e+08	1.98325e+08	1.19439e+08	1.32798e+08	1.31794e+08	1.26185e+08	1.2215e+08	1.3212e+08	1.91805e+08	1.93502e+08	1.93247e+08	1.635e+08	1.89915e+08	1.62252e+08	1.42753e+08	1.5879e+08	1.66711e+08	1.64514e+08	1.57509e+08	1.7387e+08	1.21317e+08	1.70732e+08	1.49144e+08	1.23312e+08	1.7888e+08	1.67006e+08	1.61498e+08	1.62177e+08	1.78269e+08	1.90491e+08	1.5835e+08	1.9345e+08	1.14125e+08	1.12885e+08	1.48577e+08	1.11934e+08	1.33985e+08	1.33998e+08	2.224e+08	2.12962e+08	1.81637e+08	1.15049e+08	2.23868e+08	2.1359e+08	1.74265e+08	8.3503e+07	1.39202e+08	1.71431e+08	1.75135e+08	1.38106e+08
ERR613617	1.61667e+08	2.05492e+08	2.03255e+08	1.75236e+08	1.6365e+08	1.75179e+08	2.4022e+08	1.98121e+08	1.91995e+08	1.55277e+08	2.18876e+08	1.96696e+08	2.34565e+08	2.33171e+08	2.5062e+08	1.88042e+08	2.4189e+08	3.80875e+08	2.08084e+08	2.50757e+08	1.95865e+08	2.41057e+08	2.38844e+08	2.56939e+08	2.38027e+08	2.40388e+08	2.92197e+08	2.44877e+08	2.88881e+08	2.56693e+08	2.15279e+08	2.13055e+08	2.14059e+08	2.44666e+08	2.49826e+08	2.16474e+08	2.26985e+08	2.08792e+08	2.34345e+08	2.28086e+08	2.28479e+08	2.32344e+08	1.95799e+08	2.1256e+08	2.15021e+08	2.05274e+08	1.78663e+08	2.16623e+08	1.311e+08	1.46368e+08	1.45063e+08	1.39101e+08	1.34664e+08	1.45416e+08	2.0922e+08	2.10964e+08	2.10591e+08	1.77988e+08	2.06925e+08	1.76552e+08	1.56678e+08	1.74633e+08	1.83343e+08	1.80913e+08	1.72894e+08	1.91069e+08	1.35777e+08	1.89485e+08	1.6694e+08	1.37969e+08	1.98568e+08	1.85207e+08	1.77908e+08	1.78722e+08	1.96253e+08	2.09785e+08	1.74235e+08	2.13199e+08	1.25354e+08	1.23918e+08	1.63534e+08	1.22913e+08	1.4741e+08	1.47345e+08	2.41877e+08	2.31576e+08	1.97435e+08	1.24203e+08	2.43469e+08	2.32221e+08	1.91389e+08	9.17e+07	1.52937e+08	1.88093e+08	1.92317e+08	1.51626e+08
ERR636976	1.53241e+08	1.96106e+08	1.93648e+08	1.66497e+08	1.55449e+08	1.66652e+08	2.34081e+08	1.92984e+08	1.87242e+08	1.50694e+08	2.13289e+08	1.91407e+08	1.84751e+08	1.83468e+08	1.98386e+08	1.4453e+08	1.90845e+08	2.08084e+08	3.79957e+08	3.07295e+08	2.44365e+08	2.95478e+08	2.92885e+08	3.14416e+08	2.49388e+08	2.51566e+08	3.05731e+08	2.56218e+08	3.0214e+08	2.6897e+08	2.15084e+08	2.12939e+08	2.13681e+08	2.44113e+08	2.4938e+08	2.16403e+08	2.43666e+08	2.24381e+08	2.52064e+08	2.45025e+08	2.45453e+08	2.49653e+08	2.01764e+08	2.19161e+08	2.21158e+08	2.11674e+08	1.8375e+08	2.23579e+08	1.30905e+08	1.45802e+08	1.44657e+08	1.38488e+08	1.342e+08	1.45045e+08	2.09943e+08	2.1186e+08	2.1164e+08	1.78954e+08	2.07603e+08	1.77321e+08	1.55759e+08	1.73698e+08	1.8207e+08	1.79767e+08	1.72158e+08	1.89719e+08	1.30644e+08	1.80815e+08	1.60516e+08	1.32661e+08	1.89498e+08	1.76804e+08	1.77198e+08	1.77797e+08	1.95426e+08	2.08963e+08	1.73706e+08	2.12459e+08	1.25396e+08	1.24015e+08	1.63413e+08	1.22956e+08	1.47306e+08	1.47405e+08	2.13002e+08	2.03914e+08	1.72914e+08	1.06678e+08	2.14628e+08	2.04926e+08	1.90725e+08	9.16656e+07	1.52454e+08	1.87587e+08	1.91633e+08	1.51346e+08
ERR636978	1.84856e+08	2.36838e+08	2.33993e+08	2.01062e+08	1.87659e+08	2.01138e+08	2.82373e+08	2.32509e+08	2.25444e+08	1.81141e+08	2.57108e+08	2.30363e+08	2.22189e+08	2.20716e+08	2.38918e+08	1.73694e+08	2.29495e+08	2.50757e+08	3.07295e+08	5.12976e+08	2.89164e+08	3.51346e+08	3.47945e+08	3.74443e+08	2.99166e+08	3.01688e+08	3.67701e+08	3.07289e+08	3.63276e+08	3.22782e+08	2.58475e+08	2.55822e+08	2.56839e+08	2.93921e+08	3.00129e+08	2.60215e+08	2.92181e+08	2.68757e+08	3.02331e+08	2.9403e+08	2.94331e+08	2.99633e+08	2.42541e+08	2.63508e+08	2.6623e+08	2.54369e+08	2.20901e+08	2.68721e+08	1.59293e+08	1.77381e+08	1.76028e+08	1.6862e+08	1.63298e+08	1.76597e+08	2.52202e+08	2.54461e+08	2.54204e+08	2.14494e+08	2.49416e+08	2.12664e+08	1.89516e+08	2.11285e+08	2.21467e+08	2.1873e+08	2.09347e+08	2.3078e+08	1.59041e+08	2.20138e+08	1.9549e+08	1.61329e+08	2.30886e+08	2.15203e+08	2.15467e+08	2.16388e+08	2.37752e+08	2.54284e+08	2.11303e+08	2.58504e+08	1.52647e+08	1.50991e+08	1.98983e+08	1.49581e+08	1.79284e+08	1.79351e+08	2.58869e+08	2.47666e+08	2.09959e+08	1.29427e+08	2.60868e+08	2.48997e+08	2.31909e+08	1.11375e+08	1.85363e+08	2.28142e+08	2.33188e+08	1.84046e+08
ERR636974	1.43911e+08	1.8361e+08	1.814e+08	1.55989e+08	1.45875e+08	1.56126e+08	2.18699e+08	1.80277e+08	1.74897e+08	1.412e+08	1.99527e+08	1.79003e+08	1.73818e+08	1.72553e+08	1.86812e+08	1.36175e+08	1.79716e+08	1.95865e+08	2.44365e+08	2.89164e+08	3.44534e+08	2.79497e+08	2.76805e+08	2.95631e+08	2.34193e+08	2.36305e+08	2.86545e+08	2.40606e+08	2.83601e+08	2.52385e+08	2.02328e+08	2.00258e+08	2.00844e+08	2.2921e+08	2.34004e+08	2.03406e+08	2.28832e+08	2.10807e+08	2.36754e+08	2.30054e+08	2.304e+08	2.34496e+08	1.89806e+08	2.05715e+08	2.08013e+08	1.9875e+08	1.72929e+08	2.0992e+08	1.22527e+08	1.36122e+08	1.35033e+08	1.29395e+08	1.25117e+08	1.35524e+08	1.97392e+08	1.99098e+08	1.98913e+08	1.68408e+08	1.9524e+08	1.66927e+08	1.45976e+08	1.62315e+08	1.70187e+08	1.67959e+08	1.61032e+08	1.77377e+08	1.20484e+08	1.678e+08	1.4792e+08	1.22273e+08	1.75847e+08	1.64034e+08	1.65265e+08	1.65922e+08	1.82251e+08	1.94997e+08	1.62182e+08	1.98058e+08	1.17581e+08	1.16244e+08	1.52832e+08	1.15299e+08	1.37772e+08	1.38127e+08	2.00127e+08	1.91533e+08	1.62323e+08	1.0033e+08	2.01442e+08	1.92253e+08	1.78714e+08	8.58311e+07	1.42655e+08	1.75672e+08	1.79529e+08	1.41674e+08
ERR636975	1.7726e+08	2.27911e+08	2.25184e+08	1.93511e+08	1.8044e+08	1.93461e+08	2.7285e+08	2.24878e+08	2.18165e+08	1.74792e+08	2.48203e+08	2.22546e+08	2.13795e+08	2.12288e+08	2.29456e+08	1.66967e+08	2.20613e+08	2.41057e+08	2.95478e+08	3.51346e+08	2.79497e+08	4.81294e+08	3.36725e+08	3.59594e+08	2.88158e+08	2.90612e+08	3.5435e+08	2.96068e+08	3.49844e+08	3.11094e+08	2.4847e+08	2.45885e+08	2.47275e+08	2.83193e+08	2.8921e+08	2.50084e+08	2.81283e+08	2.58908e+08	2.90867e+08	2.83388e+08	2.83362e+08	2.88331e+08	2.33509e+08	2.53885e+08	2.5633e+08	2.45222e+08	2.12673e+08	2.58921e+08	1.52686e+08	1.70819e+08	1.68923e+08	1.62216e+08	1.5701e+08	1.6953e+08	2.42988e+08	2.45176e+08	2.4484e+08	2.06795e+08	2.40251e+08	2.04681e+08	1.81842e+08	2.02979e+08	2.12841e+08	2.10162e+08	2.01079e+08	2.21791e+08	1.54484e+08	2.12837e+08	1.9031e+08	1.56977e+08	2.23056e+08	2.07962e+08	2.07479e+08	2.08352e+08	2.28492e+08	2.44958e+08	2.03072e+08	2.4883e+08	1.46185e+08	1.44498e+08	1.91057e+08	1.43304e+08	1.72268e+08	1.72138e+08	2.48598e+08	2.3784e+08	2.01565e+08	1.24026e+08	2.50614e+08	2.39333e+08	2.22577e+08	1.07166e+08	1.78156e+08	2.18794e+08	2.23716e+08	1.76818e+08
ERR636973	1.75646e+08	2.25931e+08	2.23065e+08	1.9181e+08	1.78847e+08	1.91693e+08	2.70104e+08	2.22625e+08	2.15905e+08	1.73061e+08	2.45607e+08	2.20187e+08	2.11809e+08	2.10351e+08	2.27282e+08	1.65352e+08	2.18509e+08	2.38844e+08	2.92885e+08	3.47945e+08	2.76805e+08	3.36725e+08	4.73568e+08	3.56176e+08	2.85287e+08	2.87485e+08	3.50578e+08	2.93061e+08	3.46145e+08	3.07782e+08	2.45757e+08	2.43293e+08	2.44702e+08	2.8013e+08	2.86288e+08	2.47504e+08	2.78694e+08	2.56374e+08	2.88206e+08	2.80496e+08	2.80483e+08	2.85412e+08	2.31218e+08	2.51188e+08	2.53706e+08	2.42683e+08	2.10423e+08	2.56162e+08	1.51321e+08	1.6933e+08	1.67571e+08	1.60814e+08	1.55646e+08	1.68076e+08	2.40471e+08	2.42579e+08	2.42238e+08	2.0466e+08	2.37743e+08	2.02555e+08	1.80261e+08	2.01168e+08	2.10986e+08	2.08335e+08	1.99097e+08	2.19728e+08	1.53243e+08	2.11164e+08	1.88589e+08	1.55655e+08	2.21202e+08	2.06245e+08	2.05398e+08	2.06284e+08	2.26272e+08	2.42426e+08	2.01126e+08	2.46357e+08	1.44826e+08	1.43173e+08	1.89188e+08	1.42e+08	1.70716e+08	1.70489e+08	2.4616e+08	2.35557e+08	1.99524e+08	1.22828e+08	2.48196e+08	2.36764e+08	2.2046e+08	1.06115e+08	1.7639e+08	2.16739e+08	2.21607e+08	1.7507e+08
ERR636977	1.89608e+08	2.42766e+08	2.39599e+08	2.05982e+08	1.92358e+08	2.06016e+08	2.89156e+08	2.38049e+08	2.3089e+08	1.85603e+08	2.63333e+08	2.36095e+08	2.27588e+08	2.26161e+08	2.4481e+08	1.77969e+08	2.35299e+08	2.56939e+08	3.14416e+08	3.74443e+08	2.95631e+08	3.59594e+08	3.56176e+08	5.33774e+08	3.06404e+08	3.09048e+08	3.76553e+08	3.14763e+08	3.72163e+08	3.30529e+08	2.64715e+08	2.62032e+08	2.63104e+08	3.00943e+08	3.074e+08	2.66488e+08	2.99415e+08	2.7534e+08	3.09427e+08	3.00999e+08	3.01493e+08	3.06926e+08	2.4877e+08	2.70054e+08	2.72742e+08	2.60835e+08	2.26496e+08	2.75495e+08	1.63476e+08	1.81824e+08	1.80273e+08	1.72849e+08	1.67204e+08	1.80899e+08	2.58334e+08	2.60659e+08	2.60418e+08	2.19768e+08	2.556e+08	2.17792e+08	1.94469e+08	2.1661e+08	2.27149e+08	2.24166e+08	2.14655e+08	2.36657e+08	1.62584e+08	2.2545e+08	1.99843e+08	1.65125e+08	2.36206e+08	2.20427e+08	2.20817e+08	2.21767e+08	2.43604e+08	2.60724e+08	2.16633e+08	2.64713e+08	1.56623e+08	1.54838e+08	2.04037e+08	1.53527e+08	1.83852e+08	1.84087e+08	2.6558e+08	2.54105e+08	2.15254e+08	1.32767e+08	2.67446e+08	2.5528e+08	2.37853e+08	1.1419e+08	1.89997e+08	2.34002e+08	2.39229e+08	1.88636e+08
ERR636863	1.82929e+08	2.35109e+08	2.32675e+08	2.00698e+08	1.86721e+08	2.00551e+08	2.78586e+08	2.30947e+08	2.24541e+08	1.80272e+08	2.53592e+08	2.28253e+08	2.12415e+08	2.11388e+08	2.26459e+08	1.65678e+08	2.18722e+08	2.38027e+08	2.49388e+08	2.99166e+08	2.34193e+08	2.88158e+08	2.85287e+08	3.06404e+08	4.57226e+08	3.2344e+08	3.92368e+08	3.29501e+08	3.86741e+08	3.45524e+08	2.52533e+08	2.49917e+08	2.5111e+08	2.86569e+08	2.92505e+08	2.53815e+08	2.85774e+08	2.63541e+08	2.95724e+08	2.88131e+08	2.88146e+08	2.93138e+08	2.36749e+08	2.57668e+08	2.5961e+08	2.49329e+08	2.15439e+08	2.6286e+08	1.43347e+08	1.61239e+08	1.59156e+08	1.52705e+08	1.48023e+08	1.59577e+08	2.43288e+08	2.45551e+08	2.45196e+08	2.07882e+08	2.40309e+08	2.05609e+08	1.71074e+08	1.91854e+08	2.01274e+08	1.98617e+08	1.89434e+08	2.09109e+08	1.49878e+08	2.04097e+08	1.84889e+08	1.52233e+08	2.13731e+08	1.99312e+08	1.97119e+08	1.97844e+08	2.16879e+08	2.3293e+08	1.92419e+08	2.36602e+08	1.37445e+08	1.35693e+08	1.80002e+08	1.34535e+08	1.6239e+08	1.61856e+08	2.35409e+08	2.25307e+08	1.90723e+08	1.17183e+08	2.3757e+08	2.26705e+08	2.14305e+08	1.03438e+08	1.72028e+08	2.10801e+08	2.15855e+08	1.70808e+08
ERR636864	1.84562e+08	2.37191e+08	2.34614e+08	2.02532e+08	1.88353e+08	2.02312e+08	2.80964e+08	2.3301e+08	2.26441e+08	1.81825e+08	2.5592e+08	2.30285e+08	2.14314e+08	2.1341e+08	2.28786e+08	1.67391e+08	2.20807e+08	2.40388e+08	2.51566e+08	3.01688e+08	2.36305e+08	2.90612e+08	2.87485e+08	3.09048e+08	3.2344e+08	4.63953e+08	3.95892e+08	3.32383e+08	3.90205e+08	3.48437e+08	2.55065e+08	2.524e+08	2.53467e+08	2.8933e+08	2.95205e+08	2.56417e+08	2.87988e+08	2.65774e+08	2.98086e+08	2.90459e+08	2.90493e+08	2.9551e+08	2.38711e+08	2.59702e+08	2.6187e+08	2.51324e+08	2.17287e+08	2.65134e+08	1.44624e+08	1.62562e+08	1.60524e+08	1.54048e+08	1.49314e+08	1.60961e+08	2.45617e+08	2.47823e+08	2.47577e+08	2.09883e+08	2.42581e+08	2.07418e+08	1.72792e+08	1.93494e+08	2.02991e+08	2.00396e+08	1.91224e+08	2.11051e+08	1.5069e+08	2.05611e+08	1.86111e+08	1.53005e+08	2.15242e+08	2.00696e+08	1.98672e+08	1.99544e+08	2.18499e+08	2.34724e+08	1.94035e+08	2.38578e+08	1.38629e+08	1.37046e+08	1.81645e+08	1.35858e+08	1.63845e+08	1.63464e+08	2.37683e+08	2.27415e+08	1.92614e+08	1.18267e+08	2.39831e+08	2.2875e+08	2.16197e+08	1.04284e+08	1.73581e+08	2.12795e+08	2.17648e+08	1.72194e+08
ERR636860	2.2515e+08	2.91543e+08	2.8865e+08	2.48815e+08	2.30561e+08	2.48373e+08	3.47299e+08	2.87906e+08	2.79833e+08	2.23253e+08	3.15429e+08	2.83535e+08	2.60629e+08	2.59466e+08	2.77443e+08	2.02498e+08	2.67812e+08	2.92197e+08	3.05731e+08	3.67701e+08	2.86545e+08	3.5435e+08	3.50578e+08	3.76553e+08	3.92368e+08	3.95892e+08	6.59424e+08	4.03553e+08	4.77425e+08	4.25932e+08	3.09462e+08	3.06115e+08	3.08393e+08	3.53206e+08	3.60401e+08	3.11065e+08	3.50412e+08	3.23013e+08	3.62599e+08	3.54132e+08	3.5309e+08	3.59413e+08	2.91041e+08	3.17588e+08	3.19557e+08	3.07058e+08	2.64502e+08	3.24018e+08	1.78946e+08	2.02563e+08	1.99459e+08	1.91802e+08	1.85966e+08	1.99929e+08	2.98871e+08	3.01558e+08	3.01144e+08	2.54588e+08	2.95243e+08	2.51337e+08	2.13842e+08	2.40465e+08	2.52192e+08	2.48985e+08	2.37047e+08	2.61895e+08	1.92173e+08	2.59327e+08	2.3792e+08	1.95551e+08	2.71039e+08	2.52724e+08	2.47318e+08	2.48637e+08	2.71898e+08	2.92793e+08	2.41044e+08	2.9738e+08	1.71323e+08	1.69188e+08	2.2526e+08	1.67728e+08	2.03154e+08	2.02174e+08	2.91998e+08	2.79342e+08	2.36547e+08	1.44427e+08	2.94988e+08	2.81372e+08	2.67441e+08	1.29425e+08	2.15168e+08	2.63166e+08	2.69385e+08	2.13515e+08
ERR636862	1.88154e+08	2.42067e+08	2.39333e+08	2.06611e+08	1.92055e+08	2.06381e+08	2.86753e+08	2.37748e+08	2.31039e+08	1.85499e+08	2.60941e+08	2.34831e+08	2.18393e+08	2.17355e+08	2.32919e+08	1.70376e+08	2.248e+08	2.44877e+08	2.56218e+08	3.07289e+08	2.40606e+08	2.96068e+08	2.93061e+08	3.14763e+08	3.29501e+08	3.32383e+08	4.03553e+08	4.79237e+08	3.97715e+08	3.551e+08	2.59579e+08	2.56945e+08	2.58114e+08	2.94641e+08	3.00627e+08	2.60857e+08	2.93476e+08	2.70745e+08	3.03597e+08	2.96008e+08	2.96e+08	3.0109e+08	2.43326e+08	2.64808e+08	2.67022e+08	2.56219e+08	2.21431e+08	2.70314e+08	1.47556e+08	1.65953e+08	1.63785e+08	1.57272e+08	1.52491e+08	1.642e+08	2.50158e+08	2.52354e+08	2.52011e+08	2.13663e+08	2.47081e+08	2.11275e+08	1.76254e+08	1.97491e+08	2.07244e+08	2.04532e+08	1.95125e+08	2.15304e+08	1.54152e+08	2.10046e+08	1.90333e+08	1.56718e+08	2.19831e+08	2.04936e+08	2.02845e+08	2.03669e+08	2.23106e+08	2.3971e+08	1.98082e+08	2.43434e+08	1.41419e+08	1.39641e+08	1.85141e+08	1.38399e+08	1.6711e+08	1.66522e+08	2.42367e+08	2.31872e+08	1.96417e+08	1.20682e+08	2.4467e+08	2.33317e+08	2.20472e+08	1.06485e+08	1.76874e+08	2.16987e+08	2.22041e+08	1.7577e+08
ERR636861	2.22661e+08	2.86703e+08	2.83843e+08	2.44638e+08	2.27283e+08	2.44352e+08	3.39978e+08	2.81688e+08	2.73656e+08	2.19302e+08	3.09379e+08	2.78105e+08	2.57371e+08	2.56046e+08	2.74726e+08	2.00378e+08	2.64914e+08	2.88881e+08	3.0214e+08	3.63276e+08	2.83601e+08	3.49844e+08	3.46145e+08	3.72163e+08	3.86741e+08	3.90205e+08	4.77425e+08	3.97715e+08	6.41086e+08	4.19369e+08	3.05849e+08	3.02564e+08	3.04136e+08	3.47952e+08	3.55084e+08	3.07434e+08	3.45786e+08	3.18538e+08	3.57554e+08	3.48592e+08	3.4836e+08	3.54454e+08	2.86955e+08	3.12563e+08	3.14963e+08	3.02242e+08	2.61017e+08	3.19063e+08	1.76985e+08	1.98981e+08	1.96553e+08	1.88583e+08	1.82899e+08	1.96954e+08	2.94739e+08	2.97178e+08	2.96811e+08	2.51129e+08	2.91023e+08	2.48121e+08	2.11169e+08	2.36886e+08	2.48518e+08	2.45318e+08	2.33971e+08	2.58271e+08	1.85551e+08	2.52532e+08	2.29121e+08	1.88553e+08	2.64276e+08	2.46433e+08	2.43144e+08	2.4426e+08	2.67565e+08	2.87349e+08	2.37359e+08	2.91974e+08	1.69679e+08	1.67522e+08	2.22199e+08	1.6611e+08	2.00415e+08	1.99722e+08	2.88783e+08	2.76189e+08	2.33959e+08	1.43347e+08	2.91508e+08	2.78185e+08	2.64214e+08	1.27354e+08	2.12045e+08	2.59911e+08	2.66037e+08	2.10503e+08
ERR636859	1.97654e+08	2.54999e+08	2.52382e+08	2.17739e+08	2.02101e+08	2.1732e+08	3.03102e+08	2.51564e+08	2.44388e+08	1.95677e+08	2.75645e+08	2.47944e+08	2.29006e+08	2.28019e+08	2.43933e+08	1.783e+08	2.35477e+08	2.56693e+08	2.6897e+08	3.22782e+08	2.52385e+08	3.11094e+08	3.07782e+08	3.30529e+08	3.45524e+08	3.48437e+08	4.25932e+08	3.551e+08	4.19369e+08	5.23881e+08	2.72256e+08	2.6938e+08	2.70965e+08	3.09863e+08	3.16162e+08	2.7365e+08	3.08356e+08	2.84483e+08	3.18916e+08	3.11154e+08	3.10697e+08	3.16093e+08	2.55526e+08	2.78369e+08	2.80249e+08	2.69378e+08	2.32274e+08	2.83947e+08	1.55524e+08	1.75562e+08	1.73115e+08	1.66382e+08	1.61361e+08	1.73564e+08	2.62614e+08	2.64967e+08	2.64737e+08	2.24149e+08	2.59425e+08	2.21381e+08	1.85749e+08	2.08745e+08	2.18916e+08	2.16215e+08	2.05946e+08	2.274e+08	1.65149e+08	2.23634e+08	2.04274e+08	1.67903e+08	2.33931e+08	2.18144e+08	2.14778e+08	2.15547e+08	2.36063e+08	2.53806e+08	2.09412e+08	2.5767e+08	1.49099e+08	1.47234e+08	1.95651e+08	1.45979e+08	1.76304e+08	1.75687e+08	2.54418e+08	2.43457e+08	2.06268e+08	1.26176e+08	2.57083e+08	2.45158e+08	2.32692e+08	1.1251e+08	1.87082e+08	2.28974e+08	2.34382e+08	1.85715e+08
ERR630005	1.72516e+08	2.19514e+08	2.17221e+08	1.87175e+08	1.74877e+08	1.87109e+08	2.57634e+08	2.13811e+08	2.07755e+08	1.68646e+08	2.35262e+08	2.12142e+08	1.91479e+08	1.90408e+08	2.04942e+08	1.4895e+08	1.97746e+08	2.15279e+08	2.15084e+08	2.58475e+08	2.02328e+08	2.4847e+08	2.45757e+08	2.64715e+08	2.52533e+08	2.55065e+08	3.09462e+08	2.59579e+08	3.05849e+08	2.72256e+08	3.79348e+08	2.54173e+08	2.54111e+08	2.89465e+08	2.95221e+08	2.58356e+08	2.39892e+08	2.21159e+08	2.48254e+08	2.41572e+08	2.41909e+08	2.46117e+08	2.11058e+08	2.28942e+08	2.31208e+08	2.21629e+08	1.92276e+08	2.33816e+08	1.33874e+08	1.49351e+08	1.48066e+08	1.41774e+08	1.37394e+08	1.48414e+08	2.28267e+08	2.30119e+08	2.29727e+08	1.95035e+08	2.25408e+08	1.9328e+08	1.5907e+08	1.7745e+08	1.86066e+08	1.83704e+08	1.75736e+08	1.93637e+08	1.3214e+08	1.83671e+08	1.62782e+08	1.34387e+08	1.92392e+08	1.79539e+08	1.82007e+08	1.82875e+08	2.00676e+08	2.14814e+08	1.78423e+08	2.18349e+08	1.28462e+08	1.27115e+08	1.67367e+08	1.26016e+08	1.51077e+08	1.50956e+08	2.19646e+08	2.10114e+08	1.78191e+08	1.10043e+08	2.21385e+08	2.11337e+08	1.96387e+08	9.4572e+07	1.57235e+08	1.93139e+08	1.97391e+08	1.55999e+08
ERR630004	1.70502e+08	2.16982e+08	2.14691e+08	1.84982e+08	1.72765e+08	1.84895e+08	2.54892e+08	2.11502e+08	2.05602e+08	1.66992e+08	2.32785e+08	2.1003e+08	1.89482e+08	1.88283e+08	2.02693e+08	1.47496e+08	1.95761e+08	2.13055e+08	2.12939e+08	2.55822e+08	2.00258e+08	2.45885e+08	2.43293e+08	2.62032e+08	2.49917e+08	2.524e+08	3.06115e+08	2.56945e+08	3.02564e+08	2.6938e+08	2.54173e+08	3.72402e+08	2.51389e+08	2.86404e+08	2.92296e+08	2.55773e+08	2.37362e+08	2.18727e+08	2.45697e+08	2.38876e+08	2.39308e+08	2.43457e+08	2.08754e+08	2.26371e+08	2.28644e+08	2.19034e+08	1.90166e+08	2.31114e+08	1.32245e+08	1.47516e+08	1.46145e+08	1.40037e+08	1.35648e+08	1.46533e+08	2.25813e+08	2.27778e+08	2.27312e+08	1.92923e+08	2.22982e+08	1.91207e+08	1.57006e+08	1.75233e+08	1.83714e+08	1.81424e+08	1.73484e+08	1.91186e+08	1.30354e+08	1.81421e+08	1.60569e+08	1.32514e+08	1.90152e+08	1.77312e+08	1.79846e+08	1.80604e+08	1.98231e+08	2.12232e+08	1.76194e+08	2.15507e+08	1.26873e+08	1.254e+08	1.65444e+08	1.24432e+08	1.49186e+08	1.4915e+08	2.17316e+08	2.07822e+08	1.76286e+08	1.08853e+08	2.18983e+08	2.09032e+08	1.93845e+08	9.33401e+07	1.55056e+08	1.90643e+08	1.94878e+08	1.53919e+08
ERR630001	1.70919e+08	2.18633e+08	2.16528e+08	1.86765e+08	1.73834e+08	1.86533e+08	2.57996e+08	2.14359e+08	2.08522e+08	1.6834e+08	2.35295e+08	2.12034e+08	1.90619e+08	1.89594e+08	2.03373e+08	1.48061e+08	1.96277e+08	2.14059e+08	2.13681e+08	2.56839e+08	2.00844e+08	2.47275e+08	2.44702e+08	2.63104e+08	2.5111e+08	2.53467e+08	3.08393e+08	2.58114e+08	3.04136e+08	2.70965e+08	2.54111e+08	2.51389e+08	3.75371e+08	2.88907e+08	2.94777e+08	2.55712e+08	2.38654e+08	2.20166e+08	2.46837e+08	2.40551e+08	2.40413e+08	2.44606e+08	2.09817e+08	2.28103e+08	2.29948e+08	2.20608e+08	1.90976e+08	2.32828e+08	1.33326e+08	1.49526e+08	1.47883e+08	1.4197e+08	1.37631e+08	1.48248e+08	2.26973e+08	2.28843e+08	2.28377e+08	1.93689e+08	2.24073e+08	1.91921e+08	1.58404e+08	1.77291e+08	1.85885e+08	1.8362e+08	1.75166e+08	1.9313e+08	1.35233e+08	1.85869e+08	1.66728e+08	1.37463e+08	1.94737e+08	1.81698e+08	1.82254e+08	1.82954e+08	2.0053e+08	2.15061e+08	1.78037e+08	2.18639e+08	1.27675e+08	1.26314e+08	1.67025e+08	1.25277e+08	1.50806e+08	1.50378e+08	2.1851e+08	2.09194e+08	1.77421e+08	1.08943e+08	2.20653e+08	2.10574e+08	1.95272e+08	9.42035e+07	1.56617e+08	1.9214e+08	1.96528e+08	1.55395e+08
