	ERR618509	ERR618511	ERR618507	ERR618510	ERR618508	ERR618512	ERR630005	ERR630004	ERR630001	ERR630002	ERR630000	ERR630003	ERR613638	ERR613635	ERR613637	ERR613639	ERR613640	ERR613636	ERR636863	ERR636864	ERR636860	ERR636862	ERR636861	ERR636859	ERR608977	ERR608973	ERR608976	ERR608978	ERR608975	ERR608974	ERR613620	ERR613621	ERR613618	ERR613622	ERR613619	ERR613617	ERR613666	ERR613669	ERR613667	ERR613668	ERR613670	ERR613665	ERR636768	ERR636766	ERR636765	ERR636763	ERR636764	ERR636767	ERR626703	ERR626698	ERR626699	ERR626700	ERR626701	ERR626702	ERR618397	ERR618394	ERR618395	ERR618393	ERR618398	ERR618396	ERR605674	ERR605676	ERR605671	ERR605672	ERR605673	ERR605675	ERR617759	ERR617762	ERR617758	ERR617761	ERR617760	ERR617757	ERR618668	ERR618665	ERR618666	ERR618667	ERR618663	ERR618664	ERR613568	ERR613565	ERR613567	ERR613564	ERR613563	ERR613566	ERR622008	ERR622003	ERR622004	ERR622005	ERR622007	ERR622006	ERR616987	ERR616986	ERR616989	ERR616988	ERR616990	ERR616985
ERR618509	0	0.821426	0.818119	0.825824	0.840485	0.819557	0.907352	0.908527	0.908303	0.895293	0.893542	0.90747	0.926535	0.91261	0.918592	0.928293	0.952253	0.914157	0.894122	0.893504	0.877929	0.89148	0.877552	0.88849	1.0166	1.00276	1.0155	1.01735	0.994675	0.995795	0.967615	0.968944	0.958223	1.00237	0.963074	0.951836	0.936746	0.950515	0.943562	0.949511	0.98298	0.933603	0.916969	0.919217	0.91412	0.923416	0.915882	0.918759	1.07784	1.06926	1.07585	1.09159	1.0787	1.07807	1.08219	1.08697	1.08054	1.07478	1.08163	1.08461	1.13917	1.13717	1.12908	1.13481	1.13667	1.13612	1.18377	1.08669	1.18505	1.09318	1.08703	1.18751	1.11194	1.12193	1.11224	1.11016	1.12096	1.12273	1.12897	1.11503	1.12829	1.11496	1.11432	1.12708	1.10546	1.09418	1.09888	1.09946	1.10442	1.0999	1.06841	1.07	1.08058	1.07863	1.07873	1.07112
ERR618511	0.821426	0	0.810645	0.810442	0.835675	0.80426	0.900373	0.901734	0.899789	0.88571	0.884106	0.900055	0.917607	0.904162	0.910778	0.919694	0.94527	0.906328	0.884756	0.884335	0.866249	0.88207	0.867244	0.878259	1.00991	0.99813	1.00828	1.01047	0.987248	0.989307	0.960496	0.961657	0.952692	0.996849	0.957311	0.945389	0.930165	0.942352	0.936759	0.94123	0.977184	0.925833	0.909203	0.911453	0.906963	0.916308	0.907742	0.91048	1.07144	1.06302	1.0699	1.08717	1.0725	1.07184	1.07707	1.08333	1.07656	1.07026	1.07675	1.07977	1.13458	1.13346	1.12446	1.13053	1.13223	1.13251	1.17087	1.08038	1.1724	1.0871	1.08145	1.17513	1.10342	1.11322	1.10407	1.10167	1.11225	1.11424	1.122	1.1081	1.12108	1.10833	1.10757	1.12013	1.09991	1.08837	1.09302	1.09375	1.09878	1.0936	1.06271	1.0647	1.07713	1.07499	1.07536	1.06693
ERR618507	0.818119	0.810645	0	0.815229	0.830952	0.80826	0.899098	0.90044	0.899766	0.885703	0.883647	0.898281	0.918217	0.903585	0.909715	0.919896	0.944558	0.905062	0.885049	0.884103	0.867602	0.881815	0.867537	0.879159	1.00974	0.996353	1.00848	1.01052	0.986949	0.988534	0.960183	0.961471	0.950274	0.996101	0.955492	0.943429	0.929103	0.942915	0.936584	0.942043	0.977315	0.925577	0.908785	0.910894	0.905595	0.915199	0.907549	0.90991	1.07135	1.06248	1.06976	1.08586	1.07228	1.07179	1.07539	1.08038	1.07408	1.06778	1.07454	1.07826	1.134	1.13219	1.12371	1.12951	1.13141	1.13097	1.17852	1.08023	1.1799	1.08688	1.08059	1.18236	1.10567	1.11563	1.10625	1.10389	1.11463	1.11652	1.12352	1.10925	1.12281	1.10923	1.10861	1.12183	1.10023	1.0882	1.09332	1.09394	1.09897	1.09428	1.06131	1.0632	1.07421	1.07229	1.07245	1.06476
ERR618510	0.825824	0.810442	0.815229	0	0.839448	0.808641	0.903613	0.905243	0.903634	0.889696	0.887702	0.903447	0.921276	0.908245	0.914405	0.922989	0.948281	0.910065	0.888404	0.887898	0.870646	0.885803	0.871534	0.881885	1.01249	1.00087	1.01099	1.01285	0.989879	0.992364	0.964237	0.965724	0.956986	1.00071	0.961614	0.949567	0.933947	0.945981	0.940758	0.944802	0.980458	0.929815	0.912789	0.915362	0.910892	0.91967	0.911597	0.914291	1.07419	1.066	1.0728	1.08973	1.07507	1.07445	1.07937	1.08555	1.07916	1.07252	1.07881	1.08205	1.13694	1.13593	1.12722	1.13336	1.13476	1.13501	1.17236	1.08272	1.17399	1.08954	1.08396	1.1766	1.10583	1.11554	1.10649	1.10412	1.1147	1.11658	1.12467	1.11085	1.12375	1.11094	1.11031	1.12273	1.10247	1.09091	1.09563	1.09624	1.10134	1.09659	1.06555	1.06728	1.07932	1.07738	1.07804	1.06957
ERR618508	0.840485	0.835675	0.830952	0.839448	0	0.833552	0.918041	0.919244	0.919446	0.907501	0.905837	0.917717	0.937754	0.923851	0.928395	0.939359	0.96164	0.924292	0.905878	0.905082	0.890899	0.903275	0.890025	0.901048	1.02482	1.01032	1.0236	1.02506	1.00356	1.00447	0.976382	0.978239	0.96666	1.00966	0.971257	0.960503	0.945807	0.960096	0.952538	0.958708	0.990602	0.943158	0.927658	0.929747	0.924806	0.934002	0.926544	0.929013	1.0861	1.07776	1.08422	1.09885	1.08709	1.08674	1.08923	1.09302	1.0872	1.08133	1.08848	1.09152	1.14523	1.14237	1.13549	1.14066	1.14259	1.14135	1.19411	1.0945	1.19547	1.10049	1.09434	1.19761	1.11994	1.1299	1.1209	1.11865	1.12904	1.13076	1.13669	1.12276	1.13618	1.12266	1.12218	1.13503	1.11342	1.10212	1.10655	1.10746	1.11213	1.10791	1.07564	1.07738	1.08668	1.08491	1.08495	1.07813
ERR618512	0.819557	0.80426	0.80826	0.808641	0.833552	0	0.897855	0.899472	0.897662	0.883717	0.881929	0.897793	0.915995	0.902264	0.90893	0.917821	0.943517	0.904477	0.882778	0.881887	0.864212	0.879713	0.864807	0.876402	1.00819	0.996457	1.00632	1.00869	0.98558	0.987454	0.959776	0.960612	0.951911	0.996114	0.956392	0.944206	0.928619	0.941131	0.935639	0.939908	0.97631	0.924796	0.907607	0.909832	0.905286	0.91463	0.90611	0.909196	1.06981	1.06139	1.06851	1.0858	1.07076	1.07025	1.07539	1.08144	1.07495	1.06853	1.07486	1.07814	1.13349	1.13233	1.12335	1.12952	1.13111	1.13135	1.17036	1.07868	1.17186	1.08604	1.07994	1.17477	1.10226	1.11227	1.10277	1.10043	1.11119	1.11307	1.12103	1.10715	1.12014	1.10716	1.10674	1.11902	1.09861	1.08667	1.09186	1.09239	1.0974	1.09245	1.06086	1.06288	1.07502	1.07296	1.07348	1.06496
ERR630005	0.907352	0.900373	0.899098	0.903613	0.918041	0.897855	0	0.802691	0.806366	0.791971	0.78989	0.801068	0.882219	0.868044	0.872703	0.883879	0.908729	0.868849	0.885246	0.883478	0.870635	0.882394	0.868836	0.880174	1.02162	1.00635	1.02003	1.02142	1.00046	1.00107	0.941401	0.941899	0.932301	0.97895	0.936094	0.925063	0.960551	0.975423	0.967282	0.973571	1.00673	0.957734	0.877361	0.879328	0.874687	0.88361	0.876764	0.87897	1.073	1.06448	1.07141	1.08681	1.07405	1.07341	1.0785	1.08309	1.077	1.07081	1.0777	1.08084	1.13628	1.134	1.12587	1.13182	1.13376	1.13287	1.18051	1.08128	1.18186	1.08775	1.08151	1.18421	1.10262	1.11287	1.10328	1.10118	1.11202	1.11384	1.12363	1.10874	1.1228	1.10839	1.10784	1.12179	1.10493	1.09349	1.09815	1.09865	1.1037	1.09893	1.06265	1.06448	1.075	1.07289	1.07322	1.06577
ERR630004	0.908527	0.901734	0.90044	0.905243	0.919244	0.899472	0.802691	0	0.807686	0.793229	0.79053	0.801841	0.882532	0.868557	0.873092	0.884768	0.908995	0.869189	0.886046	0.884401	0.871763	0.88303	0.869885	0.881097	1.02242	1.00755	1.02095	1.02245	1.00111	1.00184	0.942154	0.943079	0.933441	0.979363	0.936705	0.925888	0.961192	0.976011	0.967642	0.974291	1.00756	0.958048	0.877687	0.87943	0.874818	0.884058	0.877515	0.878977	1.07452	1.06584	1.0728	1.0881	1.07549	1.0748	1.07904	1.08413	1.07769	1.07154	1.07879	1.08181	1.13748	1.13497	1.12702	1.13288	1.13478	1.13393	1.18181	1.08247	1.18315	1.08892	1.08247	1.1854	1.10359	1.11368	1.10432	1.10208	1.11286	1.11457	1.12478	1.10989	1.12406	1.10951	1.10903	1.12283	1.10609	1.09463	1.09912	1.09973	1.10468	1.10033	1.06389	1.06566	1.07631	1.07444	1.0743	1.06716
ERR630001	0.908303	0.899789	0.899766	0.903634	0.919446	0.897662	0.806366	0.807686	0	0.789282	0.786769	0.805489	0.880752	0.867165	0.873856	0.882608	0.908896	0.869485	0.885761	0.884445	0.869555	0.882907	0.869283	0.880013	1.02147	1.00941	1.02017	1.0217	0.999979	1.00144	0.941277	0.941651	0.93417	0.979699	0.937835	0.925724	0.961053	0.974674	0.968202	0.972758	1.0073	0.95747	0.878655	0.88098	0.876796	0.885716	0.878165	0.880453	1.0717	1.06302	1.07018	1.08663	1.07227	1.07189	1.07717	1.08307	1.07679	1.07039	1.07659	1.07975	1.13511	1.13405	1.12487	1.13118	1.13295	1.13304	1.17142	1.07891	1.17274	1.08598	1.07995	1.17555	1.09833	1.10847	1.09892	1.09679	1.10747	1.10916	1.1202	1.10576	1.11961	1.10553	1.1053	1.11858	1.10373	1.09162	1.09659	1.09734	1.10261	1.09736	1.06178	1.06383	1.07559	1.07359	1.07445	1.06609
ERR630002	0.895293	0.88571	0.885703	0.889696	0.907501	0.883717	0.791971	0.793229	0.789282	0	0.76864	0.791372	0.866751	0.852652	0.860124	0.868237	0.897405	0.855714	0.872754	0.871232	0.853594	0.869622	0.854102	0.865437	1.01287	1.002	1.01132	1.01311	0.989461	0.992069	0.928575	0.929211	0.922191	0.970094	0.926355	0.913052	0.950153	0.963293	0.957117	0.961581	0.998206	0.945563	0.865367	0.867637	0.863812	0.873217	0.86434	0.867135	1.05921	1.05006	1.05766	1.07609	1.05968	1.05929	1.06667	1.07304	1.06591	1.05919	1.06549	1.06884	1.12568	1.12523	1.11499	1.12163	1.12376	1.12439	1.15773	1.06715	1.15931	1.07467	1.06838	1.16251	1.08626	1.09653	1.08696	1.08471	1.09542	1.09713	1.10892	1.09444	1.10816	1.09406	1.09364	1.10706	1.09293	1.08035	1.08558	1.08622	1.09121	1.0862	1.04995	1.05207	1.06591	1.06348	1.06441	1.05509
ERR630000	0.893542	0.884106	0.883647	0.887702	0.905837	0.881929	0.78989	0.79053	0.786769	0.76864	0	0.789034	0.864472	0.850527	0.858119	0.866118	0.895326	0.852934	0.870544	0.869256	0.851525	0.867732	0.851958	0.863438	1.0117	1.00095	1.01006	1.01189	0.987914	0.990247	0.926959	0.927552	0.920072	0.968031	0.924134	0.910864	0.94812	0.961593	0.955466	0.95969	0.996594	0.943502	0.862892	0.865359	0.861418	0.87143	0.862014	0.864754	1.05747	1.04819	1.05597	1.07423	1.05811	1.05756	1.06454	1.07129	1.06425	1.05761	1.06391	1.06707	1.12404	1.1239	1.11362	1.12004	1.12207	1.12297	1.15641	1.06561	1.15823	1.07315	1.06703	1.16123	1.08465	1.09493	1.08534	1.0831	1.09377	1.09579	1.10718	1.09252	1.10635	1.09233	1.09194	1.10555	1.09145	1.07863	1.08409	1.08489	1.08982	1.08456	1.04787	1.05022	1.06376	1.06173	1.06254	1.05315
ERR630003	0.90747	0.900055	0.898281	0.903447	0.917717	0.897793	0.801068	0.801841	0.805489	0.791372	0.789034	0	0.881508	0.867338	0.872553	0.883264	0.908002	0.868121	0.885255	0.883352	0.870573	0.882496	0.868735	0.880118	1.02108	1.00629	1.0196	1.02152	0.99961	1.00055	0.941389	0.941691	0.932378	0.978814	0.936037	0.924919	0.959985	0.975269	0.967085	0.97345	1.00693	0.957351	0.877965	0.879463	0.875011	0.884057	0.877128	0.879224	1.07232	1.06354	1.07031	1.08615	1.07321	1.0727	1.07744	1.08223	1.07585	1.06959	1.07678	1.07992	1.13556	1.13321	1.12505	1.13092	1.13292	1.13211	1.17883	1.0803	1.18036	1.08671	1.08024	1.18286	1.1016	1.11153	1.10217	1.09969	1.11076	1.11273	1.12274	1.10781	1.12203	1.10773	1.10709	1.1211	1.10397	1.09237	1.09697	1.09762	1.10291	1.09797	1.0616	1.06356	1.07408	1.07193	1.07248	1.0649
ERR613638	0.926535	0.917607	0.918217	0.921276	0.937754	0.915995	0.882219	0.882532	0.880752	0.866751	0.864472	0.881508	0	0.804321	0.814662	0.821546	0.852498	0.808721	0.901869	0.900585	0.883736	0.898896	0.884237	0.894885	1.03323	1.02359	1.03182	1.03309	1.01102	1.01341	0.912754	0.913084	0.90835	0.948386	0.912042	0.899996	0.935945	0.946501	0.942719	0.944932	0.975953	0.931981	0.901006	0.903047	0.89988	0.908474	0.899811	0.902665	1.0762	1.06831	1.07498	1.09264	1.07716	1.07665	1.08606	1.09253	1.08584	1.07966	1.08546	1.089	1.10176	1.10231	1.09343	1.09891	1.1006	1.10179	1.16917	1.08234	1.17052	1.0892	1.08356	1.17347	1.10133	1.11071	1.10162	1.09927	1.10972	1.11152	1.08981	1.07733	1.0891	1.07732	1.07711	1.0884	1.08652	1.07365	1.07965	1.0799	1.0848	1.08044	1.06606	1.06811	1.08107	1.07897	1.07958	1.07093
ERR613635	0.91261	0.904162	0.903585	0.908245	0.923851	0.902264	0.868044	0.868557	0.867165	0.852652	0.850527	0.867338	0.804321	0	0.791313	0.806144	0.837859	0.783671	0.889175	0.887479	0.870418	0.885689	0.870271	0.88188	1.02512	1.01386	1.02381	1.02518	1.00161	1.00376	0.893656	0.894645	0.887148	0.92989	0.891698	0.879487	0.918273	0.9308	0.925671	0.929274	0.96038	0.914527	0.887122	0.889424	0.885542	0.89541	0.886317	0.889068	1.06638	1.05751	1.06466	1.08204	1.0672	1.06673	1.07543	1.0815	1.07474	1.06817	1.07472	1.07805	1.0884	1.08761	1.07941	1.08473	1.08677	1.08703	1.16848	1.07235	1.16983	1.0795	1.07363	1.1724	1.09334	1.1034	1.09409	1.09171	1.10251	1.10466	1.07805	1.06495	1.07727	1.065	1.06436	1.07608	1.07563	1.06212	1.06817	1.06901	1.07407	1.06947	1.05429	1.05678	1.06913	1.06711	1.06726	1.05885
ERR613637	0.918592	0.910778	0.909715	0.914405	0.928395	0.90893	0.872703	0.873092	0.873856	0.860124	0.858119	0.872553	0.814662	0.791313	0	0.816304	0.845275	0.79378	0.894953	0.893662	0.878284	0.892145	0.877564	0.888802	1.02919	1.0164	1.02755	1.02909	1.00651	1.00808	0.899812	0.900526	0.89267	0.934007	0.896228	0.886065	0.922819	0.936023	0.929897	0.934754	0.963816	0.920623	0.893461	0.895112	0.890912	0.90052	0.892516	0.89476	1.07279	1.06438	1.07095	1.08687	1.07365	1.07335	1.0805	1.08585	1.07932	1.07321	1.08006	1.08307	1.09337	1.09214	1.08491	1.08967	1.09172	1.09131	1.17897	1.07878	1.18038	1.08564	1.07944	1.18278	1.10123	1.11127	1.10192	1.09975	1.11055	1.11228	1.08476	1.07184	1.08441	1.07173	1.07159	1.08334	1.08138	1.0684	1.07431	1.07475	1.07997	1.07553	1.06064	1.06276	1.0738	1.07185	1.07181	1.0643
ERR613639	0.928293	0.919694	0.919896	0.922989	0.939359	0.917821	0.883879	0.884768	0.882608	0.868237	0.866118	0.883264	0.821546	0.806144	0.816304	0	0.853817	0.810153	0.903365	0.901901	0.885201	0.900265	0.886169	0.896247	1.03371	1.02438	1.03253	1.03398	1.01202	1.01421	0.914116	0.914539	0.909705	0.949862	0.913551	0.901751	0.937645	0.947749	0.944054	0.946676	0.97765	0.933564	0.902388	0.904624	0.900873	0.909398	0.900809	0.903756	1.07678	1.06845	1.07541	1.09269	1.0777	1.07711	1.08674	1.0932	1.08654	1.08028	1.08581	1.08899	1.10191	1.10244	1.09356	1.09918	1.10073	1.10197	1.16978	1.08251	1.17092	1.08958	1.08429	1.17381	1.1018	1.11122	1.10208	1.09993	1.11009	1.11214	1.09037	1.07784	1.08978	1.07785	1.07747	1.08863	1.08743	1.07457	1.08022	1.08066	1.08587	1.08133	1.06672	1.06869	1.08155	1.07987	1.08036	1.07163
ERR613640	0.952253	0.94527	0.944558	0.948281	0.96164	0.943517	0.908729	0.908995	0.908896	0.897405	0.895326	0.908002	0.852498	0.837859	0.845275	0.853817	0	0.840285	0.929361	0.927997	0.914936	0.926472	0.914151	0.923891	1.0513	1.03961	1.05002	1.05133	1.03185	1.03305	0.936368	0.936656	0.930654	0.96725	0.934264	0.924482	0.957531	0.968887	0.963885	0.967602	0.993734	0.955067	0.927296	0.928888	0.925341	0.933454	0.926602	0.928403	1.09669	1.08886	1.09474	1.11004	1.09741	1.09688	1.10417	1.10939	1.10329	1.09755	1.10365	1.10657	1.11691	1.11617	1.10924	1.11385	1.11568	1.11572	1.19067	1.10128	1.19191	1.10761	1.10226	1.1941	1.12111	1.13019	1.12167	1.11932	1.12925	1.13113	1.10793	1.0957	1.10692	1.09594	1.09552	1.10615	1.10489	1.09246	1.09812	1.09832	1.10351	1.09917	1.08547	1.08785	1.09834	1.09642	1.09676	1.08946
ERR613636	0.914157	0.906328	0.905062	0.910065	0.924292	0.904477	0.868849	0.869189	0.869485	0.855714	0.852934	0.868121	0.808721	0.783671	0.79378	0.810153	0.840285	0	0.890708	0.889248	0.873529	0.887725	0.872306	0.884472	1.02625	1.01327	1.02453	1.02636	1.00298	1.00467	0.895821	0.896255	0.887179	0.930573	0.892462	0.880463	0.918364	0.932669	0.926367	0.931102	0.960837	0.915836	0.888677	0.89105	0.886532	0.89669	0.888389	0.890335	1.06879	1.06	1.06676	1.08333	1.06985	1.0692	1.07684	1.08213	1.07587	1.06922	1.07634	1.0794	1.09079	1.08891	1.08178	1.08664	1.08878	1.0884	1.17609	1.07459	1.17731	1.08175	1.0754	1.1797	1.09727	1.10722	1.09798	1.09541	1.1064	1.10836	1.08154	1.06789	1.08117	1.06794	1.06755	1.08004	1.07791	1.06416	1.07021	1.07073	1.07639	1.07172	1.05584	1.05836	1.06915	1.06752	1.06756	1.05995
ERR636863	0.894122	0.884756	0.885049	0.888404	0.905878	0.882778	0.885246	0.886046	0.885761	0.872754	0.870544	0.885255	0.901869	0.889175	0.894953	0.903365	0.929361	0.890708	0	0.771632	0.754841	0.769363	0.754939	0.766632	0.970838	0.956048	0.969124	0.970884	0.948162	0.949292	0.937886	0.937955	0.930835	0.974615	0.934176	0.923403	0.903907	0.918251	0.911572	0.916366	0.954175	0.899997	0.841816	0.843554	0.840423	0.84977	0.841388	0.843361	1.08502	1.07645	1.08339	1.1005	1.08587	1.08518	1.09273	1.09855	1.09201	1.08549	1.09178	1.09491	1.14815	1.14707	1.13813	1.14419	1.14619	1.14594	1.17721	1.09419	1.17882	1.10131	1.09523	1.18196	1.1128	1.12288	1.11346	1.11121	1.12154	1.12372	1.1394	1.12528	1.13843	1.12517	1.12477	1.13738	1.11432	1.10219	1.10703	1.10776	1.11265	1.10799	1.07861	1.08051	1.09251	1.09057	1.0912	1.08261
ERR636864	0.893504	0.884335	0.884103	0.887898	0.905082	0.881887	0.883478	0.884401	0.884445	0.871232	0.869256	0.883352	0.900585	0.887479	0.893662	0.901901	0.927997	0.889248	0.771632	0	0.753372	0.768062	0.753451	0.765643	0.970774	0.955791	0.969301	0.970805	0.948014	0.949114	0.936905	0.936646	0.929043	0.97296	0.932914	0.921816	0.903872	0.91827	0.911534	0.916435	0.954291	0.899977	0.840404	0.842246	0.839159	0.847881	0.840252	0.841561	1.08439	1.07576	1.08274	1.09984	1.0852	1.08449	1.09186	1.09777	1.09112	1.08482	1.09099	1.09412	1.14772	1.14623	1.13757	1.14364	1.1454	1.14513	1.17789	1.09374	1.1796	1.10067	1.09456	1.18296	1.11297	1.12288	1.11368	1.11125	1.12173	1.12367	1.13892	1.12479	1.13811	1.12483	1.12409	1.13702	1.11367	1.10155	1.10652	1.10716	1.11216	1.10742	1.07766	1.07978	1.09161	1.08961	1.09009	1.08185
ERR636860	0.877929	0.866249	0.867602	0.870646	0.890899	0.864212	0.870635	0.871763	0.869555	0.853594	0.851525	0.870573	0.883736	0.870418	0.878284	0.885201	0.914936	0.873529	0.754841	0.753372	0	0.750544	0.727915	0.741464	0.960023	0.948105	0.958193	0.960353	0.934402	0.936785	0.924477	0.924364	0.918175	0.964508	0.921996	0.909265	0.890393	0.903954	0.898668	0.902226	0.943788	0.885117	0.826793	0.829507	0.826398	0.836872	0.825947	0.828934	1.06967	1.06069	1.06833	1.08778	1.07065	1.06979	1.08	1.087	1.07964	1.07279	1.07889	1.08237	1.13633	1.13586	1.12572	1.13266	1.13457	1.13524	1.15725	1.07958	1.15912	1.08747	1.08135	1.16302	1.0962	1.10623	1.09668	1.09427	1.10511	1.10711	1.12471	1.11052	1.12403	1.11051	1.10991	1.12268	1.10091	1.08753	1.09343	1.09423	1.09924	1.09401	1.06349	1.06594	1.08008	1.07775	1.07901	1.06898
ERR636862	0.89148	0.88207	0.881815	0.885803	0.903275	0.879713	0.882394	0.88303	0.882907	0.869622	0.867732	0.882496	0.898896	0.885689	0.892145	0.900265	0.926472	0.887725	0.769363	0.768062	0.750544	0	0.750675	0.763086	0.969326	0.953991	0.967669	0.968904	0.946068	0.947447	0.935281	0.935317	0.92793	0.972157	0.931808	0.920331	0.901743	0.915907	0.909635	0.914605	0.952363	0.897982	0.838808	0.840179	0.837313	0.846542	0.838297	0.840237	1.08308	1.07473	1.0816	1.09877	1.0841	1.08332	1.09065	1.09654	1.08969	1.08349	1.0898	1.09306	1.14679	1.14528	1.13654	1.1427	1.14457	1.14415	1.17599	1.09207	1.17744	1.09909	1.09302	1.1808	1.11121	1.12103	1.11178	1.10951	1.12014	1.12209	1.1375	1.12354	1.13695	1.12329	1.12281	1.13586	1.11248	1.10024	1.10562	1.10588	1.11094	1.10638	1.07649	1.07854	1.09064	1.08866	1.08936	1.08033
ERR636861	0.877552	0.867244	0.867537	0.871534	0.890025	0.864807	0.868836	0.869885	0.869283	0.854102	0.851958	0.868735	0.884237	0.870271	0.877564	0.886169	0.914151	0.872306	0.754939	0.753451	0.727915	0.750675	0	0.742604	0.960396	0.945988	0.958349	0.960381	0.934537	0.936582	0.923304	0.923579	0.915231	0.962288	0.919734	0.907246	0.889046	0.904886	0.89824	0.902828	0.943325	0.884919	0.825587	0.828553	0.824519	0.835214	0.825249	0.827624	1.07032	1.06133	1.06866	1.08689	1.07125	1.07026	1.07936	1.08564	1.07863	1.07201	1.07846	1.08175	1.13658	1.13505	1.12578	1.13234	1.13423	1.13406	1.16573	1.08057	1.16737	1.08795	1.08167	1.17096	1.09925	1.10943	1.0999	1.09738	1.1085	1.1105	1.12683	1.11199	1.12622	1.11198	1.11148	1.12491	1.10151	1.08862	1.09422	1.09471	1.10007	1.09514	1.0632	1.06539	1.07806	1.07605	1.07673	1.06759
ERR636859	0.88849	0.878259	0.879159	0.881885	0.901048	0.876402	0.880174	0.881097	0.880013	0.865437	0.863438	0.880118	0.894885	0.88188	0.888802	0.896247	0.923891	0.884472	0.766632	0.765643	0.741464	0.763086	0.742604	0	0.966813	0.953177	0.964727	0.967013	0.942841	0.944748	0.933479	0.933186	0.926826	0.971543	0.930567	0.918661	0.899567	0.913197	0.90771	0.911348	0.951028	0.89503	0.836318	0.838329	0.835782	0.845082	0.835727	0.837944	1.07935	1.07066	1.07794	1.09581	1.08012	1.07952	1.08825	1.09489	1.08824	1.0813	1.08749	1.09057	1.14401	1.14323	1.13389	1.14007	1.14212	1.14249	1.16794	1.08869	1.16947	1.09605	1.09024	1.17309	1.10657	1.11665	1.10684	1.10473	1.11541	1.11731	1.13329	1.11926	1.13239	1.11911	1.11869	1.13135	1.10947	1.09692	1.10221	1.10267	1.10798	1.10293	1.0729	1.07509	1.08828	1.08631	1.08696	1.0779
ERR608977	1.0166	1.00991	1.00974	1.01249	1.02482	1.00819	1.02162	1.02242	1.02147	1.01287	1.0117	1.02108	1.03323	1.02512	1.02919	1.03371	1.0513	1.02625	0.970838	0.970774	0.960023	0.969326	0.960396	0.966813	0	0.776284	0.743059	0.746909	0.725196	0.732672	1.06254	1.0632	1.05846	1.08733	1.0612	1.05345	1.01882	1.02861	1.02433	1.02735	1.05445	1.01568	0.985423	0.986487	0.983725	0.990388	0.984704	0.986194	1.15585	1.14935	1.15461	1.16721	1.15667	1.15606	1.16418	1.16853	1.16375	1.15889	1.16343	1.16598	1.20439	1.20324	1.19645	1.20125	1.20286	1.2025	1.23376	1.1651	1.23486	1.16995	1.1657	1.23721	1.18214	1.18952	1.18228	1.18079	1.18877	1.19036	1.19633	1.18535	1.19596	1.18524	1.18475	1.19519	1.17948	1.17036	1.17409	1.17443	1.17855	1.17481	1.14882	1.15023	1.15928	1.15755	1.15783	1.15172
ERR608973	1.00276	0.99813	0.996353	1.00087	1.01032	0.996457	1.00635	1.00755	1.00941	1.002	1.00095	1.00629	1.02359	1.01386	1.0164	1.02438	1.03961	1.01327	0.956048	0.955791	0.948105	0.953991	0.945988	0.953177	0.776284	0	0.775196	0.777747	0.756372	0.758454	1.05137	1.05216	1.04408	1.07508	1.04717	1.04058	1.00373	1.01719	1.00988	1.01592	1.04128	1.00269	0.970225	0.970822	0.966801	0.973769	0.970099	0.970993	1.15206	1.14525	1.15002	1.16116	1.15288	1.15242	1.15888	1.16112	1.15648	1.15207	1.15798	1.16056	1.20098	1.19742	1.19257	1.19687	1.19839	1.19631	1.24599	1.16145	1.24721	1.16595	1.16095	1.24859	1.18304	1.19168	1.18384	1.18198	1.19088	1.19227	1.1962	1.18386	1.19598	1.18407	1.18333	1.19491	1.17585	1.167	1.17016	1.17081	1.17501	1.17161	1.14278	1.14397	1.15004	1.14854	1.14845	1.14382
ERR608976	1.0155	1.00828	1.00848	1.01099	1.0236	1.00632	1.02003	1.02095	1.02017	1.01132	1.01006	1.0196	1.03182	1.02381	1.02755	1.03253	1.05002	1.02453	0.969124	0.969301	0.958193	0.967669	0.958349	0.964727	0.743059	0.775196	0	0.745091	0.723023	0.730377	1.06102	1.06165	1.05702	1.08585	1.0595	1.0518	1.0173	1.02731	1.02321	1.02616	1.05332	1.01412	0.983803	0.984962	0.981998	0.988619	0.982775	0.984789	1.15505	1.14856	1.15391	1.16655	1.15594	1.15536	1.16342	1.16772	1.16263	1.1582	1.1626	1.16525	1.20412	1.20288	1.19608	1.20093	1.20228	1.20209	1.23313	1.16404	1.23408	1.16943	1.16483	1.23642	1.18093	1.18874	1.18134	1.17962	1.18785	1.18935	1.19593	1.18473	1.1952	1.18471	1.18418	1.19461	1.17908	1.16972	1.17347	1.17396	1.1778	1.17419	1.14816	1.14963	1.15822	1.15671	1.15706	1.15095
ERR608978	1.01735	1.01047	1.01052	1.01285	1.02506	1.00869	1.02142	1.02245	1.0217	1.01311	1.01189	1.02152	1.03309	1.02518	1.02909	1.03398	1.05133	1.02636	0.970884	0.970805	0.960353	0.968904	0.960381	0.967013	0.746909	0.777747	0.745091	0	0.728031	0.734971	1.06312	1.06385	1.0591	1.08807	1.06172	1.05417	1.01919	1.02851	1.02452	1.02764	1.05431	1.01576	0.985603	0.986322	0.983983	0.990041	0.98485	0.986438	1.15634	1.15001	1.15515	1.16769	1.157	1.15645	1.16486	1.16935	1.16414	1.1593	1.16413	1.16688	1.20495	1.20386	1.1971	1.2019	1.20328	1.203	1.23417	1.16575	1.23537	1.17059	1.16623	1.23767	1.18274	1.19018	1.18284	1.18143	1.18945	1.19072	1.197	1.18611	1.19654	1.18618	1.18564	1.19579	1.18012	1.17107	1.17469	1.17508	1.17898	1.17555	1.14956	1.15085	1.15953	1.1581	1.15838	1.1524
ERR608975	0.994675	0.987248	0.986949	0.989879	1.00356	0.98558	1.00046	1.00111	0.999979	0.989461	0.987914	0.99961	1.01102	1.00161	1.00651	1.01202	1.03185	1.00298	0.948162	0.948014	0.934402	0.946068	0.934537	0.942841	0.725196	0.756372	0.723023	0.728031	0	0.699629	1.04296	1.04384	1.03787	1.07062	1.04104	1.03228	0.997955	1.00869	1.00401	1.00767	1.0375	0.994146	0.961631	0.962923	0.960214	0.967718	0.960863	0.962713	1.13637	1.12915	1.13492	1.14919	1.13697	1.13644	1.14503	1.14978	1.14436	1.13912	1.14441	1.147	1.18867	1.18744	1.17998	1.18517	1.18693	1.18668	1.22031	1.14637	1.2215	1.15193	1.14719	1.22435	1.16478	1.17287	1.16522	1.16328	1.17212	1.1737	1.17988	1.16822	1.17933	1.16821	1.16759	1.17842	1.16233	1.15255	1.15671	1.15716	1.16133	1.1575	1.12868	1.13039	1.14026	1.13862	1.13891	1.132
ERR608974	0.995795	0.989307	0.988534	0.992364	1.00447	0.987454	1.00107	1.00184	1.00144	0.992069	0.990247	1.00055	1.01341	1.00376	1.00808	1.01421	1.03305	1.00467	0.949292	0.949114	0.936785	0.947447	0.936582	0.944748	0.732672	0.758454	0.730377	0.734971	0.699629	0	1.04444	1.04535	1.03884	1.07129	1.04213	1.03372	0.998649	1.01018	1.00482	1.00882	1.03811	0.99547	0.963245	0.964518	0.961163	0.968808	0.96221	0.964373	1.13923	1.13214	1.13783	1.15125	1.14006	1.13949	1.14764	1.15183	1.14659	1.14164	1.14691	1.14961	1.19098	1.18914	1.1824	1.18736	1.18897	1.18841	1.22635	1.1494	1.22737	1.1549	1.14987	1.2301	1.16827	1.17642	1.16878	1.16688	1.17571	1.17724	1.1833	1.17122	1.18279	1.17137	1.17071	1.18168	1.165	1.15514	1.15908	1.15958	1.16396	1.15996	1.13109	1.13262	1.14164	1.13986	1.14041	1.13373
ERR613620	0.967615	0.960496	0.960183	0.964237	0.976382	0.959776	0.941401	0.942154	0.941277	0.928575	0.926959	0.941389	0.912754	0.893656	0.899812	0.914116	0.936368	0.895821	0.937886	0.936905	0.924477	0.935281	0.923304	0.933479	1.06254	1.05137	1.06102	1.06312	1.04296	1.04444	0	0.813122	0.810168	0.841498	0.812949	0.805113	0.907505	0.914725	0.911159	0.914236	0.931578	0.905419	0.941303	0.942436	0.938952	0.946233	0.940105	0.941842	1.09525	1.08741	1.09337	1.10846	1.09577	1.09543	1.09803	1.10336	1.0969	1.09081	1.09752	1.10025	1.07096	1.07022	1.06603	1.06875	1.06989	1.06989	1.19017	1.09973	1.19132	1.10618	1.10052	1.19368	1.11727	1.12636	1.11768	1.11559	1.12573	1.12739	1.07653	1.06743	1.0763	1.06789	1.06701	1.07532	1.08508	1.07219	1.07828	1.07864	1.08338	1.08032	1.08501	1.08741	1.09772	1.09607	1.09623	1.08902
ERR613621	0.968944	0.961657	0.961471	0.965724	0.978239	0.960612	0.941899	0.943079	0.941651	0.929211	0.927552	0.941691	0.913084	0.894645	0.900526	0.914539	0.936656	0.896255	0.937955	0.936646	0.924364	0.935317	0.923579	0.933186	1.0632	1.05216	1.06165	1.06385	1.04384	1.04535	0.813122	0	0.810977	0.8416	0.813733	0.805948	0.909336	0.916569	0.91266	0.915604	0.932856	0.907389	0.941369	0.942628	0.939373	0.946541	0.940093	0.942348	1.09598	1.08837	1.09468	1.10943	1.09668	1.09638	1.0991	1.10432	1.09837	1.0922	1.09868	1.10137	1.07221	1.07152	1.06745	1.07016	1.07116	1.07107	1.19016	1.10051	1.19132	1.10716	1.10138	1.19355	1.11869	1.12793	1.11929	1.1171	1.12717	1.12898	1.07764	1.06874	1.0772	1.06891	1.06829	1.07632	1.08617	1.07341	1.07931	1.07979	1.08458	1.08133	1.08665	1.08862	1.09933	1.0973	1.09767	1.09044
ERR613618	0.958223	0.952692	0.950274	0.956986	0.96666	0.951911	0.932301	0.933441	0.93417	0.922191	0.920072	0.932378	0.90835	0.887148	0.89267	0.909705	0.930654	0.887179	0.930835	0.929043	0.918175	0.92793	0.915231	0.926826	1.05846	1.04408	1.05702	1.0591	1.03787	1.03884	0.810168	0.810977	0	0.837635	0.802007	0.793761	0.900525	0.912782	0.905295	0.911944	0.92863	0.900373	0.93351	0.934746	0.930559	0.938996	0.933042	0.934013	1.09046	1.0824	1.08832	1.10211	1.09145	1.09086	1.09142	1.09522	1.08915	1.08312	1.09093	1.09349	1.06901	1.06529	1.06274	1.06517	1.06681	1.0648	1.1996	1.0953	1.20076	1.10179	1.09511	1.20257	1.11631	1.12604	1.11729	1.11475	1.12546	1.12735	1.0791	1.06836	1.07901	1.06876	1.06797	1.07775	1.08213	1.06896	1.07479	1.07531	1.08077	1.07742	1.07842	1.08047	1.08885	1.08701	1.08695	1.08096
ERR613622	1.00237	0.996849	0.996101	1.00071	1.00966	0.996114	0.97895	0.979363	0.979699	0.970094	0.968031	0.978814	0.948386	0.92989	0.934007	0.949862	0.96725	0.930573	0.974615	0.97296	0.964508	0.972157	0.962288	0.971543	1.08733	1.07508	1.08585	1.08807	1.07062	1.07129	0.841498	0.8416	0.837635	0	0.839941	0.835695	0.930555	0.937414	0.93297	0.936704	0.946476	0.930147	0.976456	0.97745	0.974069	0.98079	0.975899	0.977277	1.12244	1.11548	1.121	1.13356	1.12336	1.12286	1.12377	1.12749	1.1219	1.1168	1.12316	1.1257	1.08675	1.08476	1.08324	1.08447	1.08551	1.08453	1.21581	1.1269	1.217	1.13251	1.12717	1.21854	1.14458	1.15308	1.14513	1.14335	1.15262	1.15408	1.09269	1.08524	1.09244	1.08576	1.08497	1.09133	1.10659	1.09474	1.10045	1.10061	1.10506	1.10292	1.11302	1.11466	1.12291	1.12109	1.12128	1.11576
ERR613619	0.963074	0.957311	0.955492	0.961614	0.971257	0.956392	0.936094	0.936705	0.937835	0.926355	0.924134	0.936037	0.912042	0.891698	0.896228	0.913551	0.934264	0.892462	0.934176	0.932914	0.921996	0.931808	0.919734	0.930567	1.0612	1.04717	1.0595	1.06172	1.04104	1.04213	0.812949	0.813733	0.802007	0.839941	0	0.798812	0.903665	0.913691	0.907173	0.913384	0.929467	0.90319	0.936654	0.937968	0.933846	0.941901	0.935894	0.937525	1.09421	1.08624	1.0925	1.10615	1.09512	1.09451	1.0952	1.0992	1.09357	1.08746	1.09474	1.09795	1.06963	1.06656	1.06426	1.06615	1.06746	1.0662	1.20017	1.09945	1.20143	1.10565	1.09939	1.20352	1.1199	1.12935	1.12053	1.11827	1.12884	1.13036	1.08034	1.07012	1.08004	1.07043	1.06964	1.07888	1.08498	1.07221	1.07812	1.07846	1.08359	1.08048	1.08331	1.08515	1.09416	1.09226	1.09223	1.08596
ERR613617	0.951836	0.945389	0.943429	0.949567	0.960503	0.944206	0.925063	0.925888	0.925724	0.913052	0.910864	0.924919	0.899996	0.879487	0.886065	0.901751	0.924482	0.880463	0.923403	0.921816	0.909265	0.920331	0.907246	0.918661	1.05345	1.04058	1.0518	1.05417	1.03228	1.03372	0.805113	0.805948	0.793761	0.835695	0.798812	0	0.897786	0.908993	0.902729	0.908038	0.92676	0.896228	0.926231	0.927717	0.923927	0.932308	0.925533	0.927192	1.08394	1.07578	1.08193	1.09692	1.08474	1.08421	1.08619	1.0908	1.08488	1.07824	1.08563	1.08847	1.0657	1.06353	1.0595	1.06258	1.06429	1.0631	1.18868	1.08876	1.18995	1.09549	1.08919	1.19205	1.10903	1.11886	1.10964	1.10738	1.11814	1.11961	1.07362	1.06309	1.07322	1.06323	1.06241	1.07243	1.07726	1.06387	1.06996	1.07053	1.07549	1.07222	1.07274	1.0748	1.08487	1.08307	1.08327	1.07605
ERR613666	0.936746	0.930165	0.929103	0.933947	0.945807	0.928619	0.960551	0.961192	0.961053	0.950153	0.94812	0.959985	0.935945	0.918273	0.922819	0.937645	0.957531	0.918364	0.903907	0.903872	0.890393	0.901743	0.889046	0.899567	1.01882	1.00373	1.0173	1.01919	0.997955	0.998649	0.907505	0.909336	0.900525	0.930555	0.903665	0.897786	0	0.77994	0.767908	0.777981	0.805607	0.760684	0.920384	0.921872	0.918138	0.927457	0.91993	0.921692	1.11383	1.1061	1.1121	1.12555	1.11468	1.11425	1.11442	1.11834	1.11264	1.107	1.11351	1.11646	1.0396	1.03583	1.03446	1.03678	1.03726	1.0353	1.21102	1.11963	1.21208	1.1255	1.11981	1.21424	1.13646	1.14511	1.13689	1.13462	1.14471	1.14617	1.10355	1.09367	1.10333	1.0943	1.09334	1.10223	1.10074	1.0882	1.09378	1.09431	1.0993	1.09579	1.10507	1.10685	1.11531	1.11311	1.11363	1.10716
ERR613669	0.950515	0.942352	0.942915	0.945981	0.960096	0.941131	0.975423	0.976011	0.974674	0.963293	0.961593	0.975269	0.946501	0.9308	0.936023	0.947749	0.968887	0.932669	0.918251	0.91827	0.903954	0.915907	0.904886	0.913197	1.02861	1.01719	1.02731	1.02851	1.00869	1.01018	0.914725	0.916569	0.912782	0.937414	0.913691	0.908993	0.77994	0	0.783232	0.783843	0.811289	0.776161	0.935331	0.936866	0.934258	0.94189	0.934435	0.936305	1.12114	1.11408	1.12004	1.13452	1.12182	1.12168	1.12357	1.12901	1.12279	1.11749	1.12292	1.12539	1.0452	1.04387	1.04156	1.0441	1.04366	1.04371	1.20392	1.12716	1.20526	1.13314	1.12822	1.20787	1.14111	1.14919	1.14117	1.13926	1.14859	1.15014	1.10291	1.09472	1.10264	1.09524	1.09465	1.10171	1.10619	1.09415	1.09986	1.10004	1.10467	1.10133	1.11448	1.1162	1.12709	1.125	1.12568	1.11845
ERR613667	0.943562	0.936759	0.936584	0.940758	0.952538	0.935639	0.967282	0.967642	0.968202	0.957117	0.955466	0.967085	0.942719	0.925671	0.929897	0.944054	0.963885	0.926367	0.911572	0.911534	0.898668	0.909635	0.89824	0.90771	1.02433	1.00988	1.02321	1.02452	1.00401	1.00482	0.911159	0.91266	0.905295	0.93297	0.907173	0.902729	0.767908	0.783232	0	0.781852	0.808235	0.766781	0.928414	0.929452	0.925844	0.934487	0.927767	0.929237	1.11786	1.11056	1.11626	1.12958	1.11883	1.11836	1.11873	1.12287	1.1172	1.1118	1.11791	1.12056	1.03907	1.03557	1.03498	1.03699	1.03685	1.03532	1.21316	1.12412	1.21435	1.12991	1.12441	1.21648	1.14076	1.14932	1.14138	1.13914	1.14891	1.15046	1.10507	1.09582	1.1048	1.09595	1.09549	1.10372	1.10377	1.09187	1.09712	1.09772	1.10244	1.0993	1.10972	1.11144	1.12031	1.11826	1.1189	1.11247
ERR613668	0.949511	0.94123	0.942043	0.944802	0.958708	0.939908	0.973571	0.974291	0.972758	0.961581	0.95969	0.97345	0.944932	0.929274	0.934754	0.946676	0.967602	0.931102	0.916366	0.916435	0.902226	0.914605	0.902828	0.911348	1.02735	1.01592	1.02616	1.02764	1.00767	1.00882	0.914236	0.915604	0.911944	0.936704	0.913384	0.908038	0.777981	0.783843	0.781852	0	0.810087	0.775164	0.933515	0.934743	0.931982	0.939613	0.932622	0.934729	1.12123	1.11432	1.12003	1.13447	1.12178	1.12141	1.1235	1.12871	1.1228	1.11745	1.12277	1.12514	1.04537	1.04406	1.04184	1.04438	1.0441	1.04397	1.20485	1.12689	1.20619	1.13313	1.12799	1.20878	1.14103	1.14922	1.14113	1.13918	1.14845	1.1501	1.10336	1.09493	1.1028	1.0954	1.09497	1.10207	1.10617	1.09413	1.09985	1.09997	1.10492	1.10121	1.11441	1.11625	1.12669	1.12489	1.12547	1.11815
ERR613670	0.98298	0.977184	0.977315	0.980458	0.990602	0.97631	1.00673	1.00756	1.0073	0.998206	0.996594	1.00693	0.975953	0.96038	0.963816	0.97765	0.993734	0.960837	0.954175	0.954291	0.943788	0.952363	0.943325	0.951028	1.05445	1.04128	1.05332	1.05431	1.0375	1.03811	0.931578	0.932856	0.92863	0.946476	0.929467	0.92676	0.805607	0.811289	0.808235	0.810087	0	0.804874	0.969573	0.970459	0.967599	0.974374	0.968423	0.969947	1.14494	1.13852	1.1435	1.15575	1.14555	1.14527	1.14588	1.14977	1.14446	1.13973	1.14524	1.14756	1.05805	1.05582	1.05587	1.05686	1.05643	1.05546	1.22812	1.15011	1.22918	1.15526	1.15057	1.23112	1.16478	1.17239	1.16528	1.16321	1.17191	1.17334	1.11556	1.10914	1.11532	1.10932	1.1086	1.11442	1.12438	1.11355	1.11827	1.11864	1.12293	1.12034	1.1379	1.13961	1.14783	1.14606	1.14657	1.14044
ERR613665	0.933603	0.925833	0.925577	0.929815	0.943158	0.924796	0.957734	0.958048	0.95747	0.945563	0.943502	0.957351	0.931981	0.914527	0.920623	0.933564	0.955067	0.915836	0.899997	0.899977	0.885117	0.897982	0.884919	0.89503	1.01568	1.00269	1.01412	1.01576	0.994146	0.99547	0.905419	0.907389	0.900373	0.930147	0.90319	0.896228	0.760684	0.776161	0.766781	0.775164	0.804874	0	0.917625	0.919505	0.915721	0.924813	0.916907	0.918853	1.10947	1.10191	1.10783	1.12245	1.11032	1.10982	1.11091	1.11562	1.10968	1.10395	1.11014	1.11302	1.03765	1.03499	1.03261	1.0352	1.03561	1.03447	1.20235	1.11541	1.20348	1.12149	1.11635	1.20599	1.13129	1.14022	1.13181	1.12957	1.13943	1.14105	1.09948	1.08944	1.09882	1.08971	1.08913	1.09783	1.09709	1.08432	1.09028	1.09078	1.0956	1.09203	1.10116	1.10318	1.113	1.11097	1.11164	1.10463
ERR636768	0.916969	0.909203	0.908785	0.912789	0.927658	0.907607	0.877361	0.877687	0.878655	0.865367	0.862892	0.877965	0.901006	0.887122	0.893461	0.902388	0.927296	0.888677	0.841816	0.840404	0.826793	0.838808	0.825587	0.836318	0.985423	0.970225	0.983803	0.985603	0.961631	0.963245	0.941303	0.941369	0.93351	0.976456	0.936654	0.926231	0.920384	0.935331	0.928414	0.933515	0.969573	0.917625	0	0.777074	0.776792	0.786667	0.777582	0.776514	1.0825	1.07431	1.08077	1.09717	1.08327	1.08257	1.08694	1.09249	1.08579	1.07939	1.08635	1.08943	1.14443	1.14288	1.13425	1.14013	1.14218	1.14201	1.18537	1.09069	1.18688	1.09744	1.09152	1.18919	1.11426	1.12361	1.11479	1.11242	1.12277	1.12458	1.13228	1.11846	1.13136	1.11827	1.11757	1.13056	1.11163	1.09991	1.1047	1.10537	1.11031	1.10599	1.07623	1.07843	1.08978	1.08798	1.08839	1.08038
ERR636766	0.919217	0.911453	0.910894	0.915362	0.929747	0.909832	0.879328	0.87943	0.88098	0.867637	0.865359	0.879463	0.903047	0.889424	0.895112	0.904624	0.928888	0.89105	0.843554	0.842246	0.829507	0.840179	0.828553	0.838329	0.986487	0.970822	0.984962	0.986322	0.962923	0.964518	0.942436	0.942628	0.934746	0.97745	0.937968	0.927717	0.921872	0.936866	0.929452	0.934743	0.970459	0.919505	0.777074	0	0.778764	0.78861	0.780416	0.778629	1.0844	1.07597	1.08245	1.09854	1.08517	1.08441	1.08857	1.09368	1.08748	1.0812	1.08777	1.09102	1.14576	1.14426	1.13579	1.14175	1.14357	1.14356	1.18814	1.09243	1.18952	1.09894	1.09332	1.19183	1.11665	1.12589	1.11705	1.11478	1.12468	1.12682	1.13367	1.11997	1.13298	1.11992	1.11938	1.13244	1.11326	1.10161	1.1064	1.10695	1.11191	1.10746	1.0783	1.07999	1.09148	1.08918	1.09	1.0817
ERR636765	0.91412	0.906963	0.905595	0.910892	0.924806	0.905286	0.874687	0.874818	0.876796	0.863812	0.861418	0.875011	0.89988	0.885542	0.890912	0.900873	0.925341	0.886532	0.840423	0.839159	0.826398	0.837313	0.824519	0.835782	0.983725	0.966801	0.981998	0.983983	0.960214	0.961163	0.938952	0.939373	0.930559	0.974069	0.933846	0.923927	0.918138	0.934258	0.925844	0.931982	0.967599	0.915721	0.776792	0.778764	0	0.782146	0.773214	0.778184	1.08095	1.07268	1.07886	1.09453	1.0819	1.08109	1.08491	1.08942	1.08283	1.07687	1.08395	1.08728	1.14276	1.14057	1.13239	1.13832	1.14026	1.13965	1.18967	1.08916	1.19104	1.09578	1.08953	1.19319	1.11425	1.1237	1.11518	1.11259	1.12305	1.12463	1.13174	1.11707	1.1309	1.11697	1.11633	1.12994	1.11009	1.09827	1.10293	1.104	1.10872	1.10455	1.07375	1.07579	1.0864	1.0844	1.08474	1.07704
ERR636763	0.923416	0.916308	0.915199	0.91967	0.934002	0.91463	0.88361	0.884058	0.885716	0.873217	0.87143	0.884057	0.908474	0.89541	0.90052	0.909398	0.933454	0.89669	0.84977	0.847881	0.836872	0.846542	0.835214	0.845082	0.990388	0.973769	0.988619	0.990041	0.967718	0.968808	0.946233	0.946541	0.938996	0.98079	0.941901	0.932308	0.927457	0.94189	0.934487	0.939613	0.974374	0.924813	0.786667	0.78861	0.782146	0	0.783798	0.788176	1.08933	1.08135	1.08758	1.103	1.0905	1.08964	1.09277	1.09773	1.09138	1.08504	1.09205	1.09499	1.14995	1.14815	1.14003	1.1458	1.14779	1.14731	1.19336	1.09699	1.19463	1.10336	1.09745	1.19674	1.12178	1.13069	1.12232	1.12019	1.12991	1.1316	1.13801	1.12444	1.13736	1.12432	1.12367	1.13679	1.11766	1.1063	1.11102	1.11159	1.11641	1.11203	1.08327	1.08489	1.09571	1.09391	1.09416	1.08696
ERR636764	0.915882	0.907742	0.907549	0.911597	0.926544	0.90611	0.876764	0.877515	0.878165	0.86434	0.862014	0.877128	0.899811	0.886317	0.892516	0.900809	0.926602	0.888389	0.841388	0.840252	0.825947	0.838297	0.825249	0.835727	0.984704	0.970099	0.982775	0.98485	0.960863	0.96221	0.940105	0.940093	0.933042	0.975899	0.935894	0.925533	0.91993	0.934435	0.927767	0.932622	0.968423	0.916907	0.777582	0.780416	0.773214	0.783798	0	0.779524	1.08094	1.07249	1.0793	1.09619	1.08186	1.08121	1.08573	1.09109	1.08463	1.07833	1.08474	1.08807	1.14317	1.14217	1.13322	1.13918	1.1411	1.14149	1.18355	1.08926	1.18478	1.09616	1.09037	1.1875	1.11274	1.12172	1.11311	1.11082	1.12079	1.12276	1.13044	1.11684	1.12955	1.1164	1.1158	1.12881	1.11052	1.09858	1.10365	1.10413	1.10892	1.10435	1.07485	1.07683	1.08875	1.0871	1.08756	1.0791
ERR636767	0.918759	0.91048	0.90991	0.914291	0.929013	0.909196	0.87897	0.878977	0.880453	0.867135	0.864754	0.879224	0.902665	0.889068	0.89476	0.903756	0.928403	0.890335	0.843361	0.841561	0.828934	0.840237	0.827624	0.837944	0.986194	0.970993	0.984789	0.986438	0.962713	0.964373	0.941842	0.942348	0.934013	0.977277	0.937525	0.927192	0.921692	0.936305	0.929237	0.934729	0.969947	0.918853	0.776514	0.778629	0.778184	0.788176	0.779524	0	1.08423	1.07597	1.08246	1.09882	1.08494	1.08444	1.08813	1.09346	1.08698	1.0807	1.08763	1.09079	1.1451	1.14366	1.13519	1.14103	1.14317	1.14314	1.18679	1.09212	1.18813	1.09873	1.09269	1.19071	1.11557	1.12491	1.11623	1.11408	1.12397	1.12579	1.13363	1.11977	1.13275	1.11951	1.11922	1.13244	1.11323	1.10157	1.10641	1.1071	1.11209	1.10739	1.07777	1.07998	1.09144	1.08963	1.0899	1.0817
