	ERR622146	ERR622144	ERR622143	ERR622148	ERR622147	ERR622145	ERR629948	ERR629951	ERR629949	ERR629950	ERR629946	ERR629947	ERR617026	ERR617023	ERR617022	ERR617024	ERR617025	ERR617021	ERR617222	ERR617226	ERR617224	ERR617225	ERR617221	ERR617223	ERR608919	ERR608924	ERR608921	ERR608923	ERR608920	ERR608922	ERR613638	ERR613635	ERR613637	ERR613639	ERR613640	ERR613636	ERR608884	ERR608887	ERR608886	ERR608888	ERR608883	ERR608885	ERR607762	ERR607759	ERR607761	ERR607760	ERR637124	ERR637123	ERR616156	ERR616158	ERR616159	ERR616157	ERR616154	ERR616155	ERR612951	ERR612954	ERR612952	ERR612955	ERR612953	ERR612956	ERR616690	ERR616689	ERR616693	ERR616688	ERR616691	ERR616692	ERR617033	ERR617037	ERR617038	ERR617036	ERR617034	ERR617035	ERR617468	ERR617466	ERR617467	ERR617464	ERR617465	ERR617463	ERR612584	ERR612588	ERR612586	ERR612585	ERR612587	ERR612583	ERR616715	ERR616717	ERR616712	ERR616714	ERR616716	ERR616713	ERR607599	ERR607601	ERR607598	ERR607597	ERR607600	ERR607602
ERR622146	0	0.824793	0.853465	0.844516	0.842258	0.81805	1.09026	1.09928	1.09791	1.09927	1.08965	1.0984	0.894551	0.88227	0.883909	0.892939	0.895605	0.885807	0.916107	0.919305	0.907338	0.905317	0.919505	0.916405	0.968059	0.975496	0.95437	0.97388	0.953291	0.972577	0.929264	0.918728	0.923194	0.930214	0.952375	0.9205	0.888062	0.915825	0.918418	0.918755	0.890629	0.886565	0.935385	0.901781	0.932975	0.935405	0.902322	0.905754	1.13792	1.11967	1.11845	1.12054	1.13404	1.12908	1.10974	1.12501	1.13431	1.12755	1.11526	1.12671	1.13072	1.12369	1.1086	1.12579	1.10918	1.1086	1.11745	1.12558	1.12477	1.12434	1.11541	1.11365	1.10125	1.09894	1.09778	1.10816	1.10833	1.10756	1.13453	1.13081	1.12919	1.11801	1.12928	1.11317	1.10321	1.1027	1.11209	1.11673	1.10354	1.1097	1.07884	1.06747	1.07919	1.0676	1.06823	1.0675
ERR622144	0.824793	0	0.82995	0.829344	0.826257	0.789556	1.0728	1.08173	1.08047	1.08188	1.07217	1.08125	0.874909	0.861873	0.863597	0.873897	0.876692	0.865134	0.898402	0.902109	0.888825	0.886633	0.90189	0.898962	0.950267	0.958661	0.933953	0.956654	0.93286	0.955436	0.911951	0.898777	0.903714	0.912317	0.936429	0.9003	0.866344	0.899051	0.901865	0.902311	0.86931	0.864743	0.913976	0.876087	0.911293	0.914017	0.87696	0.881003	1.12491	1.10482	1.10355	1.10574	1.1204	1.1149	1.09448	1.11085	1.1204	1.11378	1.10002	1.11286	1.116	1.10836	1.09192	1.11076	1.09256	1.09228	1.10219	1.11074	1.10978	1.10932	1.10038	1.09861	1.08478	1.08239	1.08124	1.09233	1.09228	1.09153	1.1208	1.1168	1.11534	1.10297	1.11541	1.09792	1.08703	1.08594	1.09645	1.10206	1.08688	1.09395	1.05956	1.04807	1.05994	1.0476	1.04842	1.04791
ERR622143	0.853465	0.82995	0	0.857273	0.85494	0.826506	1.09861	1.10424	1.10325	1.10429	1.09792	1.10551	0.898761	0.894271	0.895275	0.898718	0.901108	0.893915	0.931617	0.927835	0.92394	0.9218	0.93252	0.932745	0.968242	0.981309	0.96211	0.979842	0.959049	0.978837	0.941184	0.929223	0.931245	0.941694	0.960383	0.92825	0.902707	0.929843	0.933192	0.932977	0.903474	0.899923	0.945371	0.911947	0.943135	0.945901	0.914297	0.916195	1.15003	1.1296	1.12858	1.13088	1.14436	1.13966	1.12071	1.13584	1.14334	1.13832	1.12478	1.13749	1.13838	1.13101	1.11556	1.13269	1.11619	1.11538	1.12591	1.13188	1.13037	1.13107	1.12583	1.12435	1.10907	1.1085	1.1071	1.11684	1.1168	1.11489	1.14218	1.13924	1.13781	1.12562	1.13779	1.12273	1.10925	1.1084	1.11866	1.12434	1.10926	1.11656	1.08484	1.07423	1.08412	1.0739	1.07508	1.07425
ERR622148	0.844516	0.829344	0.857273	0	0.846218	0.823397	1.09338	1.10213	1.10106	1.10215	1.09286	1.10149	0.898459	0.886513	0.888166	0.89691	0.899443	0.890015	0.919966	0.923318	0.911772	0.909718	0.922777	0.920133	0.972038	0.979073	0.958873	0.977746	0.957959	0.976593	0.933605	0.923648	0.927775	0.93458	0.956231	0.925273	0.893586	0.921043	0.923338	0.923598	0.895607	0.892016	0.94001	0.906841	0.937541	0.939963	0.906966	0.910747	1.14074	1.12248	1.12114	1.12327	1.13671	1.13147	1.11238	1.12728	1.13711	1.13001	1.11796	1.12921	1.13323	1.12622	1.11131	1.12821	1.1118	1.11152	1.12028	1.12839	1.12759	1.12709	1.1184	1.11661	1.10417	1.1019	1.10097	1.11079	1.11063	1.11065	1.13703	1.13332	1.13182	1.12102	1.1318	1.11621	1.10611	1.10492	1.11469	1.11963	1.10609	1.11218	1.08213	1.07108	1.08241	1.07112	1.07182	1.0711
ERR622147	0.842258	0.826257	0.85494	0.846218	0	0.820661	1.09194	1.10103	1.09975	1.10087	1.09127	1.10003	0.896528	0.884013	0.885924	0.894818	0.897572	0.88753	0.918136	0.92152	0.909475	0.90763	0.921182	0.917931	0.970341	0.977318	0.956538	0.97576	0.955563	0.974898	0.931271	0.921575	0.925174	0.932134	0.954161	0.922598	0.890464	0.918296	0.920423	0.920917	0.892374	0.888779	0.936961	0.903837	0.934678	0.937422	0.904205	0.907972	1.13934	1.12078	1.11982	1.12163	1.13535	1.13025	1.11111	1.12593	1.13564	1.12876	1.11678	1.12763	1.13183	1.12498	1.11018	1.12711	1.11051	1.11013	1.119	1.12717	1.12657	1.12606	1.11697	1.11513	1.10286	1.10048	1.09929	1.10956	1.10932	1.10912	1.1354	1.13178	1.13011	1.11938	1.13052	1.11449	1.10441	1.10367	1.11299	1.11817	1.10468	1.11054	1.07978	1.06892	1.08048	1.06896	1.06942	1.069
ERR622145	0.81805	0.789556	0.826506	0.823397	0.820661	0	1.06605	1.07619	1.07488	1.07631	1.06544	1.07524	0.869817	0.854193	0.855731	0.868409	0.871281	0.858937	0.88852	0.89497	0.878159	0.876127	0.893587	0.889334	0.946837	0.953216	0.927529	0.951471	0.927097	0.950204	0.903912	0.890651	0.896467	0.90459	0.930711	0.892922	0.856328	0.890517	0.893637	0.893864	0.859466	0.854934	0.906265	0.866887	0.903088	0.905779	0.8666	0.871226	1.11874	1.0986	1.09712	1.09947	1.11419	1.10869	1.08746	1.10422	1.11478	1.10729	1.0934	1.10604	1.11031	1.10286	1.08624	1.10504	1.08678	1.08649	1.0961	1.10546	1.10463	1.1043	1.0938	1.09168	1.07864	1.07589	1.07443	1.08612	1.086	1.08574	1.11548	1.11126	1.10964	1.09752	1.10996	1.09197	1.08127	1.08017	1.09077	1.09599	1.08153	1.08818	1.05401	1.04156	1.05477	1.04174	1.04254	1.042
ERR629948	1.09026	1.0728	1.09861	1.09338	1.09194	1.06605	0	0.751587	0.749632	0.752419	0.724318	0.746752	1.07575	1.05987	1.06258	1.07554	1.07685	1.06649	1.06323	1.0725	1.05527	1.05379	1.06906	1.06387	1.13673	1.13526	1.11226	1.13466	1.11504	1.13351	1.07033	1.05892	1.06593	1.07064	1.09119	1.06152	1.0453	1.07682	1.07833	1.0786	1.0492	1.04418	1.07199	1.03598	1.06944	1.07131	1.03479	1.04085	0.928473	0.898702	0.896654	0.898754	0.921482	0.911764	0.894394	0.917984	0.9348	0.922264	0.902294	0.919935	0.897876	0.886482	0.859789	0.889687	0.860606	0.860479	0.900142	0.917025	0.915985	0.915177	0.896302	0.89314	0.860667	0.855265	0.854789	0.871515	0.871762	0.872192	0.976056	0.966665	0.964272	0.948835	0.964466	0.938558	0.890414	0.889833	0.904778	0.912351	0.891319	0.900997	0.946235	0.929204	0.948259	0.930173	0.928568	0.927921
ERR629951	1.09928	1.08173	1.10424	1.10213	1.10103	1.07619	0.751587	0	0.762394	0.764784	0.749484	0.766512	1.08319	1.07166	1.07375	1.08347	1.08474	1.07626	1.07663	1.08142	1.06936	1.06808	1.08089	1.07759	1.14196	1.14338	1.12146	1.14265	1.12353	1.14182	1.0819	1.07044	1.07582	1.08207	1.10054	1.0717	1.05858	1.08891	1.09043	1.09069	1.06157	1.0564	1.08249	1.04735	1.08005	1.08238	1.04752	1.05201	0.946451	0.915219	0.913618	0.916177	0.938214	0.930007	0.913034	0.934938	0.94889	0.938565	0.918506	0.936924	0.911459	0.899887	0.873923	0.902562	0.875005	0.87416	0.916521	0.928932	0.927384	0.927184	0.915186	0.912643	0.876316	0.873394	0.872728	0.887619	0.887589	0.8863	0.988099	0.980368	0.977299	0.96176	0.977983	0.954378	0.902321	0.902076	0.916669	0.92499	0.90326	0.913727	0.958582	0.942976	0.959199	0.943938	0.942488	0.941945
ERR629949	1.09791	1.08047	1.10325	1.10106	1.09975	1.07488	0.749632	0.762394	0	0.763123	0.747464	0.765174	1.08187	1.06988	1.07208	1.08223	1.08336	1.07488	1.07515	1.08032	1.06766	1.06636	1.07968	1.07622	1.14118	1.14212	1.12018	1.14149	1.12231	1.14065	1.08019	1.0686	1.07442	1.08055	1.09894	1.07012	1.05684	1.08744	1.08897	1.08925	1.05985	1.05479	1.08164	1.04597	1.0792	1.08132	1.04601	1.05064	0.945399	0.913781	0.911922	0.914424	0.936413	0.928215	0.911291	0.932874	0.947386	0.93678	0.916715	0.934951	0.910754	0.899096	0.872897	0.901846	0.87379	0.872969	0.91441	0.927582	0.925687	0.925543	0.913388	0.910577	0.875068	0.871803	0.871609	0.887038	0.886727	0.885315	0.987467	0.979434	0.976605	0.961236	0.977302	0.953452	0.901174	0.900787	0.915404	0.924079	0.902494	0.912606	0.957384	0.941725	0.958713	0.942927	0.941346	0.941112
ERR629950	1.09927	1.08188	1.10429	1.10215	1.10087	1.07631	0.752419	0.764784	0.763123	0	0.750687	0.767721	1.08315	1.07153	1.07378	1.08352	1.08485	1.07626	1.07671	1.08174	1.06936	1.06798	1.08096	1.07779	1.14209	1.14358	1.12166	1.14293	1.12362	1.14208	1.08182	1.07019	1.0758	1.08206	1.10031	1.07181	1.05861	1.08891	1.09053	1.09078	1.06157	1.05641	1.08251	1.04759	1.08051	1.08257	1.0475	1.05225	0.947379	0.91669	0.914776	0.91724	0.938897	0.93107	0.913598	0.935122	0.949308	0.938965	0.918861	0.93747	0.912653	0.900877	0.875277	0.903374	0.876051	0.875201	0.916529	0.929328	0.927373	0.927471	0.915351	0.913006	0.876685	0.874189	0.873637	0.888644	0.888697	0.887064	0.988923	0.980976	0.978545	0.962888	0.978779	0.955612	0.903514	0.902388	0.917581	0.925854	0.904105	0.914828	0.95961	0.943935	0.960354	0.944748	0.943426	0.942989
ERR629946	1.08965	1.07217	1.09792	1.09286	1.09127	1.06544	0.724318	0.749484	0.747464	0.750687	0	0.744169	1.07475	1.05891	1.06164	1.07468	1.07593	1.06555	1.0623	1.07176	1.05457	1.05319	1.0683	1.0632	1.13616	1.13476	1.11178	1.13403	1.1147	1.13318	1.06958	1.05843	1.06522	1.0698	1.09037	1.06069	1.04471	1.07616	1.07739	1.07779	1.04852	1.04355	1.07121	1.03539	1.06879	1.07087	1.03443	1.04015	0.927017	0.897214	0.895124	0.897545	0.920299	0.910495	0.893122	0.916193	0.934186	0.92077	0.900686	0.918854	0.89628	0.8847	0.858187	0.888172	0.859021	0.858595	0.898249	0.915472	0.914177	0.913407	0.894355	0.891253	0.858446	0.853288	0.852137	0.869802	0.869719	0.870218	0.974107	0.965066	0.962258	0.946522	0.962781	0.936705	0.888989	0.888502	0.903296	0.91086	0.889874	0.899934	0.944834	0.927617	0.946988	0.928671	0.927257	0.926233
ERR629947	1.0984	1.08125	1.10551	1.10149	1.10003	1.07524	0.746752	0.766512	0.765174	0.767721	0.744169	0	1.08351	1.06995	1.07231	1.08356	1.08478	1.07583	1.07377	1.08069	1.06615	1.06501	1.07883	1.07449	1.14322	1.14279	1.12074	1.14235	1.12303	1.14134	1.07976	1.06857	1.07486	1.07994	1.09915	1.07067	1.05625	1.08643	1.08769	1.08823	1.05968	1.05463	1.08029	1.04583	1.07791	1.07984	1.04528	1.05052	0.941729	0.911711	0.909854	0.911937	0.934015	0.925181	0.908371	0.929942	0.945734	0.933984	0.914854	0.932468	0.908932	0.89758	0.872408	0.90085	0.873037	0.872591	0.91283	0.926857	0.925828	0.924661	0.90998	0.906884	0.873843	0.869688	0.869239	0.884522	0.884746	0.884449	0.985134	0.976691	0.973904	0.958773	0.974455	0.95041	0.901137	0.900803	0.914924	0.922943	0.902016	0.912018	0.957197	0.94082	0.958112	0.942055	0.940801	0.940191
ERR617026	0.894551	0.874909	0.898761	0.898459	0.896528	0.869817	1.07575	1.08319	1.08187	1.08315	1.07475	1.08351	0	0.766745	0.769095	0.770716	0.773532	0.769202	0.901565	0.899552	0.892934	0.890764	0.90365	0.902298	0.96423	0.973141	0.95061	0.971805	0.948978	0.970596	0.926128	0.9094	0.913645	0.927204	0.946651	0.909647	0.907956	0.938581	0.941344	0.941436	0.909809	0.905442	0.957595	0.919959	0.954692	0.958137	0.921426	0.924989	1.09526	1.06744	1.06552	1.0693	1.08504	1.07913	1.09626	1.11295	1.12196	1.11558	1.1011	1.11428	1.10308	1.09478	1.07575	1.09577	1.0753	1.07586	1.10597	1.11225	1.11122	1.11111	1.10523	1.10341	1.08657	1.08539	1.08423	1.09489	1.09487	1.09287	1.08703	1.08359	1.08309	1.0718	1.0815	1.07026	1.085	1.0844	1.0966	1.1027	1.08573	1.0942	1.08176	1.07002	1.08137	1.07027	1.07067	1.07025
ERR617023	0.88227	0.861873	0.894271	0.886513	0.884013	0.854193	1.05987	1.07166	1.06988	1.07153	1.05891	1.06995	0.766745	0	0.747845	0.76572	0.768531	0.75309	0.878047	0.886845	0.867775	0.865711	0.883826	0.878422	0.959366	0.962089	0.936201	0.960708	0.936802	0.959109	0.910866	0.895647	0.902161	0.911925	0.936715	0.898516	0.886111	0.919273	0.921609	0.922071	0.890372	0.885116	0.941486	0.901509	0.938645	0.941048	0.900991	0.906957	1.08004	1.05454	1.05221	1.05608	1.0718	1.06508	1.07842	1.09565	1.10728	1.09868	1.08502	1.09741	1.09045	1.08217	1.06399	1.08391	1.06337	1.0644	1.09135	1.10121	1.10081	1.0997	1.08833	1.08596	1.07196	1.06871	1.06726	1.07925	1.07931	1.07961	1.07788	1.07357	1.0729	1.06248	1.07174	1.05834	1.07239	1.07167	1.0829	1.08799	1.07338	1.08039	1.06884	1.05609	1.0699	1.05675	1.0568	1.05592
ERR617022	0.883909	0.863597	0.895275	0.888166	0.885924	0.855731	1.06258	1.07375	1.07208	1.07378	1.06164	1.07231	0.769095	0.747845	0	0.767964	0.771199	0.755812	0.880754	0.888749	0.870254	0.868206	0.886068	0.881499	0.960441	0.964189	0.938336	0.962436	0.938997	0.961225	0.913351	0.898476	0.904567	0.914558	0.938698	0.900666	0.889077	0.921754	0.923956	0.924302	0.892761	0.887909	0.944202	0.904513	0.941145	0.943952	0.904256	0.909665	1.08202	1.05637	1.05435	1.05805	1.07387	1.06708	1.08107	1.09853	1.10981	1.10143	1.08763	1.10009	1.09273	1.08402	1.06631	1.08571	1.06576	1.0665	1.09388	1.10367	1.10325	1.10201	1.09073	1.0887	1.07421	1.07107	1.06978	1.08164	1.08163	1.08184	1.07938	1.07507	1.07455	1.06401	1.0733	1.06009	1.07488	1.07424	1.08496	1.09045	1.07564	1.08247	1.07094	1.05844	1.07177	1.05887	1.05912	1.05832
ERR617024	0.892939	0.873897	0.898718	0.89691	0.894818	0.868409	1.07554	1.08347	1.08223	1.08352	1.07468	1.08356	0.770716	0.76572	0.767964	0	0.77351	0.768727	0.89882	0.897999	0.889805	0.88774	0.900699	0.899349	0.965302	0.973085	0.95049	0.971589	0.949277	0.97015	0.925397	0.909255	0.913606	0.926517	0.946435	0.909863	0.906618	0.936327	0.938632	0.939048	0.908079	0.904072	0.957214	0.919807	0.9542	0.957541	0.920956	0.924681	1.09448	1.06742	1.06567	1.06924	1.08503	1.07874	1.0954	1.11191	1.1212	1.11438	1.10054	1.11327	1.10293	1.0946	1.07594	1.09585	1.07548	1.07607	1.10579	1.11235	1.11156	1.11097	1.10471	1.1026	1.08612	1.08489	1.08352	1.09408	1.0943	1.09275	1.08747	1.08383	1.08308	1.07253	1.0819	1.07026	1.08517	1.08463	1.09641	1.10199	1.08589	1.09398	1.08219	1.07081	1.08211	1.07092	1.07149	1.07054
ERR617025	0.895605	0.876692	0.901108	0.899443	0.897572	0.871281	1.07685	1.08474	1.08336	1.08485	1.07593	1.08478	0.773532	0.768531	0.771199	0.77351	0	0.771887	0.90128	0.90002	0.892475	0.890734	0.90343	0.901789	0.966375	0.974391	0.952184	0.97321	0.950886	0.971513	0.926949	0.910858	0.915223	0.928044	0.947903	0.911612	0.908858	0.938671	0.941402	0.941093	0.910915	0.906292	0.958859	0.921757	0.956409	0.959396	0.923083	0.926766	1.09573	1.06854	1.0668	1.07048	1.0862	1.07997	1.09665	1.11332	1.12246	1.11583	1.10171	1.11474	1.10424	1.09575	1.07709	1.09682	1.07638	1.07733	1.10674	1.11322	1.11256	1.11183	1.10587	1.10362	1.08769	1.08628	1.0849	1.09559	1.0954	1.09384	1.0883	1.08506	1.08455	1.07342	1.083	1.0717	1.08621	1.08553	1.09737	1.10334	1.0869	1.09524	1.08339	1.0719	1.08314	1.07212	1.07265	1.07157
ERR617021	0.885807	0.865134	0.893915	0.890015	0.88753	0.858937	1.06649	1.07626	1.07488	1.07626	1.06555	1.07583	0.769202	0.75309	0.755812	0.768727	0.771887	0	0.88746	0.891089	0.877537	0.875681	0.890931	0.888116	0.960124	0.965984	0.94177	0.964869	0.941074	0.963144	0.917577	0.901583	0.906953	0.918557	0.940792	0.903388	0.894777	0.927032	0.929467	0.929621	0.897681	0.892914	0.94794	0.908461	0.944858	0.94781	0.909112	0.913667	1.08768	1.0615	1.05939	1.0632	1.07879	1.07224	1.08645	1.10355	1.11396	1.10642	1.09242	1.10539	1.0965	1.0879	1.0695	1.08943	1.06904	1.06973	1.09799	1.1066	1.10582	1.1051	1.09632	1.09409	1.07829	1.076	1.07477	1.08609	1.08621	1.08514	1.08318	1.07929	1.0787	1.06795	1.0773	1.06475	1.07773	1.07695	1.08855	1.09442	1.07851	1.08615	1.07435	1.06236	1.07453	1.06229	1.06277	1.06194
ERR617222	0.916107	0.898402	0.931617	0.919966	0.918136	0.88852	1.06323	1.07663	1.07515	1.07671	1.0623	1.07377	0.901565	0.878047	0.880754	0.89882	0.90128	0.88746	0	0.7954	0.765538	0.76368	0.787069	0.777518	0.987695	0.986265	0.959616	0.985135	0.961681	0.983575	0.912838	0.902696	0.911466	0.91439	0.94235	0.907049	0.859663	0.893005	0.894742	0.895456	0.864722	0.860024	0.939069	0.900113	0.935909	0.938243	0.898548	0.904606	1.10871	1.09037	1.08884	1.09129	1.10607	1.09978	1.08308	1.09899	1.1119	1.10238	1.09028	1.10093	1.10614	1.09898	1.08359	1.10171	1.08378	1.08363	1.08932	1.10027	1.10018	1.09872	1.08465	1.08238	1.07639	1.07214	1.07074	1.08293	1.08271	1.08471	1.11887	1.11308	1.11161	1.10172	1.11234	1.09449	1.07966	1.07896	1.0879	1.09308	1.08	1.08575	1.07078	1.0585	1.07257	1.05892	1.05836	1.05791
ERR617226	0.919305	0.902109	0.927835	0.923318	0.92152	0.89497	1.0725	1.08142	1.08032	1.08174	1.07176	1.08069	0.899552	0.886845	0.888749	0.897999	0.90002	0.891089	0.7954	0	0.781505	0.779737	0.799783	0.796726	0.985442	0.990529	0.96654	0.989719	0.966594	0.988129	0.920605	0.90875	0.914582	0.92225	0.945529	0.910102	0.872547	0.903999	0.906561	0.906238	0.875615	0.870665	0.947504	0.908718	0.944558	0.947301	0.909547	0.91384	1.12182	1.1008	1.09955	1.10169	1.11712	1.11135	1.0952	1.1106	1.12115	1.11359	1.10024	1.11251	1.11448	1.10728	1.09006	1.10915	1.09041	1.09024	1.09773	1.10491	1.10383	1.10321	1.09581	1.09369	1.08511	1.08286	1.08186	1.09293	1.09243	1.0919	1.12663	1.1223	1.12055	1.10936	1.12079	1.1045	1.08569	1.08472	1.0955	1.10099	1.08558	1.09354	1.07805	1.06612	1.07828	1.06656	1.06654	1.06591
ERR617224	0.907338	0.888825	0.92394	0.911772	0.909475	0.878159	1.05527	1.06936	1.06766	1.06936	1.05457	1.06615	0.892934	0.867775	0.870254	0.889805	0.892475	0.877537	0.765538	0.781505	0	0.745968	0.776901	0.766009	0.97948	0.97736	0.949102	0.97638	0.951864	0.974738	0.903398	0.892376	0.901859	0.904898	0.933963	0.896959	0.847006	0.882202	0.884298	0.885254	0.85232	0.847323	0.92882	0.888029	0.925473	0.928014	0.885537	0.892498	1.1016	1.08302	1.08141	1.08368	1.09896	1.09231	1.07558	1.09211	1.10573	1.0955	1.08319	1.09421	1.09965	1.09242	1.07621	1.09524	1.0768	1.07657	1.08229	1.094	1.09386	1.09228	1.07737	1.07489	1.06931	1.06464	1.06311	1.07594	1.0758	1.07787	1.11338	1.10758	1.10574	1.09588	1.10641	1.08794	1.07252	1.07171	1.08122	1.08614	1.07282	1.07826	1.06336	1.05059	1.06519	1.05103	1.05089	1.04977
ERR617225	0.905317	0.886633	0.9218	0.909718	0.90763	0.876127	1.05379	1.06808	1.06636	1.06798	1.05319	1.06501	0.890764	0.865711	0.868206	0.88774	0.890734	0.875681	0.76368	0.779737	0.745968	0	0.775051	0.764417	0.977261	0.975579	0.947066	0.974857	0.949685	0.973063	0.901681	0.890269	0.899712	0.903299	0.932361	0.894772	0.845231	0.88103	0.883156	0.884069	0.850734	0.845295	0.926018	0.885035	0.922973	0.925165	0.883019	0.889804	1.1008	1.08192	1.08024	1.08252	1.09806	1.09123	1.07426	1.09083	1.1044	1.09446	1.08204	1.0929	1.09883	1.09147	1.07519	1.09422	1.07547	1.07542	1.08117	1.09246	1.09254	1.09079	1.0761	1.07372	1.06805	1.06349	1.0618	1.07484	1.07457	1.07637	1.11218	1.10641	1.10441	1.09439	1.10515	1.08654	1.0712	1.07052	1.07999	1.08492	1.07137	1.07716	1.06166	1.04875	1.0637	1.04961	1.04893	1.04819
ERR617221	0.919505	0.90189	0.93252	0.922777	0.921182	0.893587	1.06906	1.08089	1.07968	1.08096	1.0683	1.07883	0.90365	0.883826	0.886068	0.900699	0.90343	0.890931	0.787069	0.799783	0.776901	0.775051	0	0.787829	0.9897	0.990692	0.965137	0.989418	0.96667	0.987926	0.918759	0.907746	0.915745	0.920106	0.945825	0.911349	0.868004	0.899865	0.901822	0.902294	0.872366	0.867385	0.945134	0.906672	0.941995	0.944361	0.905771	0.911424	1.11559	1.09656	1.09518	1.09733	1.11215	1.10586	1.0901	1.10557	1.11725	1.10891	1.09629	1.10744	1.1114	1.1046	1.08845	1.10666	1.08873	1.08834	1.09497	1.1046	1.10426	1.10308	1.09157	1.0894	1.08226	1.07858	1.07735	1.08895	1.08881	1.08956	1.12291	1.11789	1.11611	1.10603	1.11689	1.09969	1.08389	1.08318	1.09296	1.09756	1.08401	1.09039	1.07543	1.06346	1.07677	1.06382	1.06384	1.06326
ERR617223	0.916405	0.898962	0.932745	0.920133	0.917931	0.889334	1.06387	1.07759	1.07622	1.07779	1.0632	1.07449	0.902298	0.878422	0.881499	0.899349	0.901789	0.888116	0.777518	0.796726	0.766009	0.764417	0.787829	0	0.988816	0.986831	0.960251	0.985776	0.962755	0.984113	0.913025	0.90335	0.912113	0.914675	0.942684	0.907585	0.860298	0.892133	0.894767	0.895178	0.865173	0.860222	0.938555	0.90061	0.935907	0.937979	0.898369	0.905147	1.10859	1.09037	1.08877	1.09106	1.10575	1.09918	1.08335	1.09892	1.11208	1.10228	1.09052	1.10085	1.10683	1.09973	1.08421	1.10241	1.0842	1.08402	1.09006	1.10079	1.10084	1.09902	1.08527	1.08275	1.07703	1.07283	1.07131	1.08329	1.08313	1.08508	1.11893	1.11302	1.11151	1.10177	1.11222	1.09443	1.08	1.07929	1.08846	1.09317	1.08023	1.08605	1.07111	1.05854	1.07282	1.05926	1.05881	1.05819
ERR608919	0.968059	0.950267	0.968242	0.972038	0.970341	0.946837	1.13673	1.14196	1.14118	1.14209	1.13616	1.14322	0.96423	0.959366	0.960441	0.965302	0.966375	0.960124	0.987695	0.985442	0.97948	0.977261	0.9897	0.988816	0	0.778994	0.755487	0.777447	0.75768	0.774866	1.00879	0.99643	0.9992	1.00976	1.02616	0.995998	0.973614	0.999877	1.00252	1.00308	0.974879	0.971243	0.996536	0.968493	0.994679	0.997215	0.970018	0.971607	1.18364	1.16511	1.16395	1.16626	1.1787	1.17452	1.15728	1.17106	1.17857	1.17337	1.16096	1.17254	1.17271	1.16631	1.15212	1.16783	1.15253	1.15218	1.16209	1.16694	1.16575	1.16607	1.16139	1.16015	1.14795	1.14708	1.14611	1.15491	1.15498	1.15337	1.17645	1.17368	1.17203	1.16142	1.17216	1.15836	1.14688	1.14607	1.15546	1.16055	1.14678	1.15363	1.12253	1.11286	1.12215	1.11271	1.11373	1.11317
ERR608924	0.975496	0.958661	0.981309	0.979073	0.977318	0.953216	1.13526	1.14338	1.14212	1.14358	1.13476	1.14279	0.973141	0.962089	0.964189	0.973085	0.974391	0.965984	0.986265	0.990529	0.97736	0.975579	0.990692	0.986831	0.778994	0	0.729978	0.752554	0.7376	0.749864	1.01083	0.999637	1.00414	1.01192	1.03033	1.00082	0.974758	1.00133	1.00341	1.00409	0.977132	0.97359	0.999193	0.971703	0.997371	0.999682	0.971682	0.974682	1.17873	1.16215	1.16083	1.16289	1.17507	1.17031	1.1534	1.16707	1.176	1.16946	1.15842	1.1686	1.17137	1.16537	1.15163	1.16719	1.15199	1.15171	1.16057	1.16731	1.16656	1.16628	1.15829	1.15671	1.14718	1.14488	1.14419	1.15329	1.15342	1.15293	1.17539	1.17184	1.17045	1.16073	1.17081	1.15624	1.14698	1.14609	1.15504	1.15939	1.14694	1.15301	1.12376	1.1137	1.12414	1.1138	1.11454	1.11379
ERR608921	0.95437	0.933953	0.96211	0.958873	0.956538	0.927529	1.11226	1.12146	1.12018	1.12166	1.11178	1.12074	0.95061	0.936201	0.938336	0.95049	0.952184	0.94177	0.959616	0.96654	0.949102	0.947066	0.965137	0.960251	0.755487	0.729978	0	0.727113	0.696857	0.723589	0.987039	0.973973	0.980001	0.987779	1.00942	0.97564	0.945806	0.977272	0.979445	0.980492	0.949255	0.945071	0.97368	0.940754	0.971396	0.973756	0.94068	0.944581	1.15996	1.14211	1.14067	1.14286	1.15626	1.15075	1.13256	1.14744	1.15733	1.15042	1.13803	1.14915	1.15223	1.14563	1.13071	1.14782	1.13144	1.13084	1.1404	1.14838	1.14747	1.14718	1.13773	1.13591	1.12635	1.12348	1.12233	1.13279	1.13273	1.13272	1.15765	1.15335	1.1521	1.14152	1.15243	1.13648	1.1263	1.12539	1.13514	1.13988	1.1263	1.133	1.10186	1.09083	1.10252	1.09098	1.09181	1.0909
ERR608923	0.97388	0.956654	0.979842	0.977746	0.97576	0.951471	1.13466	1.14265	1.14149	1.14293	1.13403	1.14235	0.971805	0.960708	0.962436	0.971589	0.97321	0.964869	0.985135	0.989719	0.97638	0.974857	0.989418	0.985776	0.777447	0.752554	0.727113	0	0.735282	0.747868	1.0099	0.998303	1.00365	1.01055	1.02956	0.999727	0.973526	1.0004	1.00223	1.00285	0.976089	0.972592	0.997846	0.970219	0.996111	0.99818	0.970147	0.973367	1.17807	1.16139	1.15993	1.16193	1.17443	1.16956	1.1529	1.1664	1.17549	1.16886	1.15766	1.16791	1.17074	1.16477	1.1509	1.16659	1.15138	1.15099	1.1598	1.16657	1.16571	1.16558	1.15765	1.15602	1.14653	1.14425	1.14331	1.1527	1.15276	1.1525	1.1746	1.17085	1.16942	1.15946	1.16957	1.1551	1.1463	1.14549	1.15453	1.15903	1.14643	1.15232	1.12274	1.11284	1.12327	1.11285	1.11359	1.11267
ERR608920	0.953291	0.93286	0.959049	0.957959	0.955563	0.927097	1.11504	1.12353	1.12231	1.12362	1.1147	1.12303	0.948978	0.936802	0.938997	0.949277	0.950886	0.941074	0.961681	0.966594	0.951864	0.949685	0.96667	0.962755	0.75768	0.7376	0.696857	0.735282	0	0.731935	0.987851	0.974903	0.980344	0.988723	1.00935	0.97586	0.947743	0.978373	0.980848	0.981484	0.950308	0.946019	0.97456	0.942392	0.972309	0.974589	0.942675	0.946135	1.16293	1.14465	1.14338	1.1456	1.15872	1.15359	1.13565	1.1507	1.15991	1.15317	1.14074	1.1522	1.15443	1.14799	1.13293	1.14983	1.13357	1.13299	1.14282	1.15003	1.1492	1.14892	1.14092	1.13903	1.12847	1.12636	1.12511	1.1355	1.13523	1.13472	1.15948	1.15557	1.15412	1.14307	1.15434	1.13887	1.12832	1.1275	1.13724	1.14215	1.12817	1.13504	1.10336	1.0925	1.10372	1.09263	1.09318	1.09266
ERR608922	0.972577	0.955436	0.978837	0.976593	0.974898	0.950204	1.13351	1.14182	1.14065	1.14208	1.13318	1.14134	0.970596	0.959109	0.961225	0.97015	0.971513	0.963144	0.983575	0.988129	0.974738	0.973063	0.987926	0.984113	0.774866	0.749864	0.723589	0.747868	0.731935	0	1.00851	0.997053	1.00216	1.00939	1.02832	0.998169	0.972165	0.998978	1.00111	1.00168	0.974644	0.970833	0.996646	0.968429	0.99455	0.996724	0.968881	0.971618	1.1774	1.16042	1.1594	1.16123	1.1736	1.16891	1.15231	1.16596	1.17474	1.16844	1.15694	1.16732	1.16993	1.16394	1.15009	1.16589	1.15076	1.15022	1.15905	1.16594	1.16496	1.1649	1.15702	1.15521	1.14578	1.14353	1.14238	1.15195	1.15193	1.15156	1.17391	1.17012	1.16903	1.15884	1.169	1.15466	1.1455	1.14486	1.15359	1.15826	1.14536	1.15147	1.122	1.11168	1.1222	1.11204	1.1125	1.11187
ERR613638	0.929264	0.911951	0.941184	0.933605	0.931271	0.903912	1.07033	1.0819	1.08019	1.08182	1.06958	1.07976	0.926128	0.910866	0.913351	0.925397	0.926949	0.917577	0.912838	0.920605	0.903398	0.901681	0.918759	0.913025	1.00879	1.01083	0.987039	1.0099	0.987851	1.00851	0	0.804178	0.814157	0.820598	0.850988	0.808752	0.854093	0.8838	0.886509	0.886959	0.857513	0.853115	0.932493	0.898591	0.92974	0.931868	0.897757	0.902261	1.10132	1.08044	1.07912	1.08175	1.0958	1.08981	1.07637	1.09205	1.10392	1.09522	1.08253	1.09398	1.10216	1.0951	1.07898	1.0975	1.07872	1.0791	1.09059	1.10009	1.09966	1.09902	1.08745	1.08489	1.08123	1.07817	1.07676	1.08793	1.08753	1.08813	1.08729	1.08289	1.08155	1.07062	1.08146	1.06609	1.08274	1.08178	1.09141	1.09691	1.08313	1.08969	1.06351	1.0515	1.06472	1.05178	1.05177	1.05126
ERR613635	0.918728	0.898777	0.929223	0.923648	0.921575	0.890651	1.05892	1.07044	1.0686	1.07019	1.05843	1.06857	0.9094	0.895647	0.898476	0.909255	0.910858	0.901583	0.902696	0.90875	0.892376	0.890269	0.907746	0.90335	0.99643	0.999637	0.973973	0.998303	0.974903	0.997053	0.804178	0	0.791472	0.806025	0.837334	0.78412	0.83929	0.872777	0.876174	0.876331	0.842679	0.837881	0.918657	0.882215	0.915833	0.918174	0.882239	0.886602	1.09095	1.06791	1.06666	1.06958	1.08419	1.07797	1.06697	1.08336	1.09527	1.08676	1.07272	1.08533	1.09176	1.08453	1.06698	1.08643	1.06626	1.06714	1.08035	1.09005	1.08913	1.08869	1.07797	1.07539	1.07089	1.06822	1.06707	1.07819	1.07795	1.0779	1.07438	1.06969	1.06887	1.05677	1.06828	1.05287	1.07241	1.07126	1.0824	1.08792	1.07242	1.08002	1.05145	1.03881	1.05241	1.03908	1.03927	1.03895
ERR613637	0.923194	0.903714	0.931245	0.927775	0.925174	0.896467	1.06593	1.07582	1.07442	1.0758	1.06522	1.07486	0.913645	0.902161	0.904567	0.913606	0.915223	0.906953	0.911466	0.914582	0.901859	0.899712	0.915745	0.912113	0.9992	1.00414	0.980001	1.00365	0.980344	1.00216	0.814157	0.791472	0	0.815846	0.844332	0.794061	0.848325	0.879956	0.883271	0.883573	0.850718	0.846245	0.925954	0.890344	0.923404	0.925576	0.890969	0.894578	1.0983	1.07505	1.07355	1.07636	1.09092	1.08501	1.07469	1.09141	1.10165	1.09413	1.0803	1.09308	1.09777	1.09014	1.07293	1.09228	1.07269	1.07311	1.08758	1.0966	1.09541	1.09502	1.08581	1.08349	1.07759	1.07519	1.07404	1.08469	1.08479	1.08399	1.0793	1.07534	1.07433	1.06236	1.07385	1.05891	1.07824	1.07688	1.08781	1.09364	1.07835	1.08581	1.0573	1.04525	1.05769	1.04544	1.04551	1.0452
ERR613639	0.930214	0.912317	0.941694	0.93458	0.932134	0.90459	1.07064	1.08207	1.08055	1.08206	1.0698	1.07994	0.927204	0.911925	0.914558	0.926517	0.928044	0.918557	0.91439	0.92225	0.904898	0.903299	0.920106	0.914675	1.00976	1.01192	0.987779	1.01055	0.988723	1.00939	0.820598	0.806025	0.815846	0	0.852337	0.810198	0.855548	0.885661	0.888473	0.888766	0.858963	0.854646	0.933363	0.899548	0.930733	0.932113	0.898615	0.903813	1.10236	1.08123	1.07986	1.08251	1.0966	1.09071	1.07717	1.0926	1.10459	1.09608	1.08329	1.09461	1.10312	1.09588	1.07958	1.09818	1.07945	1.07987	1.09109	1.10082	1.10016	1.0995	1.0879	1.08539	1.08176	1.0788	1.07748	1.08841	1.08835	1.08878	1.08841	1.08368	1.08253	1.07173	1.08245	1.06698	1.08336	1.08241	1.09254	1.09763	1.08345	1.09012	1.06373	1.05186	1.06477	1.0524	1.05202	1.05171
ERR613640	0.952375	0.936429	0.960383	0.956231	0.954161	0.930711	1.09119	1.10054	1.09894	1.10031	1.09037	1.09915	0.946651	0.936715	0.938698	0.946435	0.947903	0.940792	0.94235	0.945529	0.933963	0.932361	0.945825	0.942684	1.02616	1.03033	1.00942	1.02956	1.00935	1.02832	0.850988	0.837334	0.844332	0.852337	0	0.839875	0.886848	0.912207	0.91551	0.915458	0.889027	0.88579	0.957364	0.92773	0.955171	0.957147	0.927379	0.930947	1.11988	1.09931	1.09807	1.10055	1.11365	1.10809	1.09778	1.11238	1.12227	1.11529	1.10286	1.11406	1.11962	1.11304	1.09773	1.1149	1.09737	1.09776	1.11003	1.11798	1.11729	1.11691	1.10804	1.10589	1.10103	1.09885	1.09791	1.10765	1.10743	1.10692	1.103	1.09933	1.09818	1.08774	1.09773	1.08471	1.10214	1.10111	1.11052	1.1155	1.10188	1.10859	1.08297	1.07166	1.08338	1.07214	1.07198	1.07192
ERR613636	0.9205	0.9003	0.92825	0.925273	0.922598	0.892922	1.06152	1.0717	1.07012	1.07181	1.06069	1.07067	0.909647	0.898516	0.900666	0.909863	0.911612	0.903388	0.907049	0.910102	0.896959	0.894772	0.911349	0.907585	0.995998	1.00082	0.97564	0.999727	0.97586	0.998169	0.808752	0.78412	0.794061	0.810198	0.839875	0	0.843717	0.876818	0.880044	0.880735	0.846553	0.841548	0.921601	0.88462	0.918834	0.921196	0.884902	0.889294	1.09535	1.07133	1.07	1.07317	1.08759	1.08169	1.07038	1.08715	1.09793	1.09029	1.07594	1.08876	1.09414	1.08681	1.0689	1.08879	1.06848	1.06913	1.08298	1.09163	1.09067	1.09044	1.08108	1.07908	1.07361	1.07131	1.07002	1.08096	1.08092	1.08026	1.07657	1.07214	1.0711	1.05889	1.07053	1.05548	1.07424	1.07347	1.08447	1.09037	1.07424	1.08237	1.05354	1.04109	1.05389	1.04138	1.04141	1.04135
ERR608884	0.888062	0.866344	0.902707	0.893586	0.890464	0.856328	1.0453	1.05858	1.05684	1.05861	1.04471	1.05625	0.907956	0.886111	0.889077	0.906618	0.908858	0.894777	0.859663	0.872547	0.847006	0.845231	0.868004	0.860298	0.973614	0.974758	0.945806	0.973526	0.947743	0.972165	0.854093	0.83929	0.848325	0.855548	0.886848	0.843717	0	0.775939	0.779789	0.780707	0.73537	0.729195	0.887212	0.847807	0.883853	0.886431	0.845993	0.852012	1.09055	1.07219	1.0702	1.07248	1.08789	1.08122	1.06046	1.07745	1.09034	1.081	1.0683	1.07931	1.08909	1.08101	1.06468	1.08406	1.06528	1.06501	1.07619	1.08773	1.0871	1.08607	1.07189	1.06945	1.05499	1.05041	1.04891	1.0616	1.06146	1.06336	1.09354	1.08832	1.08644	1.07552	1.08712	1.06821	1.05797	1.05682	1.06697	1.07215	1.0579	1.06386	1.03409	1.02059	1.03549	1.02116	1.02112	1.02027
ERR608887	0.915825	0.899051	0.929843	0.921043	0.918296	0.890517	1.07682	1.08891	1.08744	1.08891	1.07616	1.08643	0.938581	0.919273	0.921754	0.936327	0.938671	0.927032	0.893005	0.903999	0.882202	0.88103	0.899865	0.892133	0.999877	1.00133	0.977272	1.0004	0.978373	0.998978	0.8838	0.872777	0.879956	0.885661	0.912207	0.876818	0.775939	0	0.807424	0.808273	0.780207	0.775999	0.915247	0.886399	0.912566	0.914917	0.885081	0.889279	1.11451	1.09863	1.09731	1.09896	1.11257	1.1066	1.08853	1.10263	1.11476	1.10596	1.09524	1.10432	1.11463	1.10792	1.09349	1.11044	1.09391	1.09388	1.10344	1.11391	1.11378	1.11257	1.09966	1.09711	1.08355	1.07952	1.07803	1.08905	1.08884	1.09097	1.11541	1.11074	1.10893	1.09961	1.10951	1.0926	1.0863	1.08518	1.09419	1.09819	1.08611	1.09148	1.06088	1.04898	1.06184	1.04948	1.04926	1.04843
ERR608886	0.918418	0.901865	0.933192	0.923338	0.920423	0.893637	1.07833	1.09043	1.08897	1.09053	1.07739	1.08769	0.941344	0.921609	0.923956	0.938632	0.941402	0.929467	0.894742	0.906561	0.884298	0.883156	0.901822	0.894767	1.00252	1.00341	0.979445	1.00223	0.980848	1.00111	0.886509	0.876174	0.883271	0.888473	0.91551	0.880044	0.779789	0.807424	0	0.810903	0.783841	0.779615	0.918044	0.889489	0.915728	0.917378	0.887751	0.892099	1.1149	1.0997	1.09805	1.09987	1.11331	1.10734	1.0896	1.10375	1.11593	1.10701	1.09637	1.10556	1.11584	1.10917	1.0949	1.11168	1.09508	1.09522	1.1048	1.11517	1.11484	1.11382	1.10041	1.09816	1.08475	1.08051	1.07914	1.0902	1.08994	1.0921	1.11621	1.11143	1.10993	1.10093	1.11079	1.09378	1.08748	1.08652	1.09496	1.09925	1.08743	1.09228	1.06235	1.05028	1.06358	1.051	1.05082	1.04979
ERR608888	0.918755	0.902311	0.932977	0.923598	0.920917	0.893864	1.0786	1.09069	1.08925	1.09078	1.07779	1.08823	0.941436	0.922071	0.924302	0.939048	0.941093	0.929621	0.895456	0.906238	0.885254	0.884069	0.902294	0.895178	1.00308	1.00409	0.980492	1.00285	0.981484	1.00168	0.886959	0.876331	0.883573	0.888766	0.915458	0.880735	0.780707	0.808273	0.810903	0	0.784451	0.780377	0.918981	0.890097	0.916954	0.918693	0.888689	0.893221	1.11575	1.10028	1.09856	1.10049	1.1139	1.10811	1.08996	1.10425	1.11607	1.10722	1.09698	1.10606	1.11594	1.10939	1.09514	1.11177	1.09553	1.09511	1.10497	1.11545	1.11514	1.11393	1.10089	1.09847	1.08521	1.08112	1.07958	1.09051	1.09049	1.09227	1.11668	1.11203	1.11017	1.10116	1.11098	1.09458	1.08758	1.08658	1.09549	1.09977	1.08754	1.09281	1.06294	1.0513	1.06441	1.05206	1.05166	1.05085
ERR608883	0.890629	0.86931	0.903474	0.895607	0.892374	0.859466	1.0492	1.06157	1.05985	1.06157	1.04852	1.05968	0.909809	0.890372	0.892761	0.908079	0.910915	0.897681	0.864722	0.875615	0.85232	0.850734	0.872366	0.865173	0.974879	0.977132	0.949255	0.976089	0.950308	0.974644	0.857513	0.842679	0.850718	0.858963	0.889027	0.846553	0.73537	0.780207	0.783841	0.784451	0	0.73406	0.890343	0.851995	0.887159	0.88969	0.851129	0.855935	1.09475	1.07622	1.07445	1.0767	1.09171	1.0853	1.06464	1.08158	1.09385	1.08507	1.07204	1.08339	1.09227	1.08428	1.06804	1.08732	1.06854	1.06843	1.07953	1.0906	1.08998	1.08906	1.07607	1.0737	1.05848	1.05445	1.05314	1.0654	1.06516	1.06656	1.09675	1.09153	1.08973	1.07882	1.09022	1.07176	1.06105	1.0599	1.0701	1.07533	1.0612	1.06721	1.03629	1.02332	1.03768	1.02355	1.02397	1.0232
ERR608885	0.886565	0.864743	0.899923	0.892016	0.888779	0.854934	1.04418	1.0564	1.05479	1.05641	1.04355	1.05463	0.905442	0.885116	0.887909	0.904072	0.906292	0.892914	0.860024	0.870665	0.847323	0.845295	0.867385	0.860222	0.971243	0.97359	0.945071	0.972592	0.946019	0.970833	0.853115	0.837881	0.846245	0.854646	0.88579	0.841548	0.729195	0.775999	0.779615	0.780377	0.73406	0	0.886595	0.846161	0.883101	0.885642	0.845247	0.850375	1.09098	1.07179	1.07028	1.07244	1.08795	1.08146	1.06044	1.07755	1.08975	1.08103	1.06746	1.07934	1.088	1.08029	1.06335	1.08309	1.06373	1.06361	1.07508	1.08616	1.0856	1.08472	1.07168	1.06918	1.05373	1.0498	1.0484	1.06073	1.06076	1.06198	1.0934	1.08834	1.08636	1.07499	1.08696	1.06829	1.05629	1.05519	1.06585	1.07132	1.05624	1.06283	1.03322	1.01986	1.03426	1.02016	1.02045	1.01957
ERR607762	0.935385	0.913976	0.945371	0.94001	0.936961	0.906265	1.07199	1.08249	1.08164	1.08251	1.07121	1.08029	0.957595	0.941486	0.944202	0.957214	0.958859	0.94794	0.939069	0.947504	0.92882	0.926018	0.945134	0.938555	0.996536	0.999193	0.97368	0.997846	0.97456	0.996646	0.932493	0.918657	0.925954	0.933363	0.957364	0.921601	0.887212	0.915247	0.918044	0.918981	0.890343	0.886595	0	0.793685	0.815718	0.817837	0.793062	0.796263	1.10341	1.08946	1.08862	1.08985	1.10099	1.09655	1.0839	1.09606	1.10636	1.09905	1.08964	1.09774	1.09995	1.09363	1.08156	1.09616	1.08244	1.08177	1.09671	1.10555	1.10544	1.10418	1.09352	1.09145	1.08009	1.07663	1.07552	1.08558	1.08491	1.08649	1.10977	1.10517	1.10354	1.0932	1.10421	1.08771	1.07568	1.07486	1.08233	1.08649	1.07576	1.08051	1.05003	1.03839	1.05054	1.03864	1.03848	1.03814
ERR607759	0.901781	0.876087	0.911947	0.906841	0.903837	0.866887	1.03598	1.04735	1.04597	1.04759	1.03539	1.04583	0.919959	0.901509	0.904513	0.919807	0.921757	0.908461	0.900113	0.908718	0.888029	0.885035	0.906672	0.90061	0.968493	0.971703	0.940754	0.970219	0.942392	0.968429	0.898591	0.882215	0.890344	0.899548	0.92773	0.88462	0.847807	0.886399	0.889489	0.890097	0.851995	0.846161	0.793685	0	0.7903	0.793102	0.745185	0.750547	1.07879	1.0609	1.05948	1.0616	1.07531	1.06965	1.05284	1.06843	1.07972	1.0718	1.05904	1.07017	1.07222	1.06457	1.04922	1.06724	1.05001	1.04964	1.06556	1.07522	1.07473	1.07391	1.06281	1.06049	1.04659	1.04308	1.04136	1.05356	1.05311	1.05405	1.08623	1.08075	1.07907	1.06666	1.07975	1.06061	1.0445	1.04363	1.05316	1.05835	1.04437	1.05069	1.02455	1.01115	1.025	1.01125	1.01142	1.01114
ERR607761	0.932975	0.911293	0.943135	0.937541	0.934678	0.903088	1.06944	1.08005	1.0792	1.08051	1.06879	1.07791	0.954692	0.938645	0.941145	0.9542	0.956409	0.944858	0.935909	0.944558	0.925473	0.922973	0.941995	0.935907	0.994679	0.997371	0.971396	0.996111	0.972309	0.99455	0.92974	0.915833	0.923404	0.930733	0.955171	0.918834	0.883853	0.912566	0.915728	0.916954	0.887159	0.883101	0.815718	0.7903	0	0.815412	0.789306	0.792827	1.10102	1.08743	1.08616	1.08803	1.09871	1.09426	1.08158	1.09404	1.10417	1.09694	1.08738	1.09541	1.09733	1.09157	1.07919	1.09388	1.07967	1.07968	1.09474	1.10342	1.10312	1.10236	1.09152	1.08963	1.07774	1.07447	1.07291	1.08304	1.0826	1.08444	1.10846	1.10369	1.10213	1.09176	1.10278	1.08602	1.07352	1.07247	1.08018	1.08417	1.07358	1.07802	1.04837	1.03651	1.04891	1.0369	1.03681	1.03642
ERR607760	0.935405	0.914017	0.945901	0.939963	0.937422	0.905779	1.07131	1.08238	1.08132	1.08257	1.07087	1.07984	0.958137	0.941048	0.943952	0.957541	0.959396	0.94781	0.938243	0.947301	0.928014	0.925165	0.944361	0.937979	0.997215	0.999682	0.973756	0.99818	0.974589	0.996724	0.931868	0.918174	0.925576	0.932113	0.957147	0.921196	0.886431	0.914917	0.917378	0.918693	0.88969	0.885642	0.817837	0.793102	0.815412	0	0.791956	0.795297	1.10235	1.0889	1.08761	1.0892	1.10009	1.09556	1.08308	1.09525	1.1058	1.09849	1.08885	1.09681	1.09917	1.09312	1.08089	1.09549	1.08169	1.08133	1.0965	1.10552	1.10528	1.10402	1.09295	1.09097	1.07937	1.0758	1.07468	1.0847	1.0842	1.08637	1.10892	1.10437	1.10298	1.09242	1.10361	1.08698	1.07517	1.07443	1.08149	1.08573	1.07544	1.07973	1.0497	1.03769	1.05025	1.03805	1.03792	1.03779
ERR637124	0.902322	0.87696	0.914297	0.906966	0.904205	0.8666	1.03479	1.04752	1.04601	1.0475	1.03443	1.04528	0.921426	0.900991	0.904256	0.920956	0.923083	0.909112	0.898548	0.909547	0.885537	0.883019	0.905771	0.898369	0.970018	0.971682	0.94068	0.970147	0.942675	0.968881	0.897757	0.882239	0.890969	0.898615	0.927379	0.884902	0.845993	0.885081	0.887751	0.888689	0.851129	0.845247	0.793062	0.745185	0.789306	0.791956	0	0.750269	1.0762	1.05936	1.05786	1.05996	1.07338	1.06753	1.0511	1.06665	1.07853	1.07016	1.05788	1.06861	1.07097	1.06354	1.04861	1.06657	1.04927	1.04881	1.06455	1.07536	1.07477	1.07377	1.06091	1.05884	1.0458	1.04183	1.04019	1.05245	1.05196	1.05354	1.08505	1.0799	1.07799	1.06616	1.07886	1.05958	1.04441	1.04337	1.05232	1.05739	1.04429	1.05016	1.02416	1.01057	1.02509	1.01094	1.01113	1.01055
ERR637123	0.905754	0.881003	0.916195	0.910747	0.907972	0.871226	1.04085	1.05201	1.05064	1.05225	1.04015	1.05052	0.924989	0.906957	0.909665	0.924681	0.926766	0.913667	0.904606	0.91384	0.892498	0.889804	0.911424	0.905147	0.971607	0.974682	0.944581	0.973367	0.946135	0.971618	0.902261	0.886602	0.894578	0.903813	0.930947	0.889294	0.852012	0.889279	0.892099	0.893221	0.855935	0.850375	0.796263	0.750547	0.792827	0.795297	0.750269	0	1.08177	1.06484	1.06335	1.06547	1.07851	1.07323	1.0569	1.072	1.08301	1.07539	1.06307	1.07377	1.0755	1.06833	1.05349	1.07101	1.05433	1.0539	1.0698	1.07939	1.07888	1.07805	1.06659	1.06464	1.0511	1.04769	1.04611	1.05767	1.05723	1.05835	1.08885	1.08397	1.08249	1.07028	1.08288	1.06419	1.04859	1.04754	1.05694	1.06217	1.04857	1.05448	1.02763	1.0141	1.02795	1.01416	1.01462	1.01429
