	ERR629880	ERR629881	ERR629885	ERR629882	ERR629884	ERR629883	ERR630233	ERR630231	ERR630235	ERR630232	ERR630230	ERR630234	ERR613232	ERR613231	ERR613229	ERR613228	ERR613230	ERR613227	ERR606000	ERR606004	ERR606003	ERR606005	ERR606001	ERR606002	ERR608869	ERR608870	ERR608865	ERR608866	ERR608868	ERR608867	ERR626952	ERR626951	ERR626956	ERR626955	ERR626953	ERR626954	ERR622084	ERR622088	ERR622086	ERR622087	ERR622085	ERR622083	ERR607756	ERR607753	ERR607755	ERR607758	ERR607757	ERR607754	ERR608270	ERR608273	ERR608274	ERR608269	ERR608272	ERR608271	ERR630224	ERR630226	ERR630225	ERR630227	ERR630229	ERR630228	ERR609253	ERR609257	ERR609258	ERR609255	ERR609256	ERR609254	ERR617320	ERR617323	ERR617319	ERR617324	ERR617321	ERR617322	ERR638217	ERR638218	ERR638216	ERR638214	ERR638215	ERR638213	ERR629898	ERR629903	ERR629900	ERR629902	ERR629901	ERR629899	ERR608108	ERR608106	ERR608110	ERR608109	ERR608107	ERR608105	ERR607484	ERR607483	ERR607481	ERR607482	ERR607486	ERR607485
ERR629880	8.24179e+09	7.49235e+09	7.35066e+09	7.96898e+09	7.29755e+09	7.29835e+09	7.35984e+09	6.59502e+09	7.00746e+09	6.39874e+09	7.23771e+09	7.32167e+09	5.70194e+09	5.716e+09	7.00015e+09	7.30043e+09	5.49223e+09	7.63514e+09	6.08007e+09	6.3959e+09	6.51789e+09	6.33519e+09	7.65281e+09	7.7367e+09	7.95683e+09	7.99245e+09	6.43566e+09	7.87029e+09	7.97459e+09	8.26432e+09	6.75912e+09	7.42292e+09	7.50352e+09	7.56994e+09	7.4551e+09	6.91553e+09	6.7804e+09	7.40782e+09	7.43936e+09	7.46192e+09	6.77729e+09	6.92419e+09	7.20637e+09	7.4583e+09	7.79299e+09	7.15997e+09	7.12702e+09	7.87441e+09	7.11866e+09	7.93585e+09	8.03758e+09	5.91265e+09	7.95499e+09	7.46434e+09	7.21696e+09	6.28255e+09	6.52356e+09	7.16534e+09	6.83179e+09	7.13796e+09	6.74074e+09	6.89144e+09	6.82491e+09	6.46454e+09	5.89368e+09	6.69995e+09	6.09346e+09	6.69355e+09	6.10862e+09	6.73642e+09	6.15047e+09	6.72376e+09	7.77959e+09	7.28551e+09	7.77724e+09	6.52361e+09	6.32642e+09	6.4175e+09	7.84017e+09	7.0721e+09	7.76043e+09	7.00361e+09	7.0869e+09	7.12726e+09	6.74755e+09	6.68479e+09	6.45846e+09	6.64508e+09	7.16284e+09	5.66573e+09	6.89125e+09	6.26577e+09	6.26933e+09	6.39722e+09	6.93596e+09	6.88185e+09
ERR629881	7.49235e+09	7.22702e+09	6.9238e+09	7.44361e+09	6.87774e+09	6.87747e+09	6.9185e+09	6.23548e+09	6.61238e+09	6.05146e+09	6.80936e+09	6.88406e+09	5.33321e+09	5.34648e+09	6.50596e+09	6.77504e+09	5.14493e+09	7.06687e+09	5.70081e+09	5.96616e+09	6.07342e+09	5.91058e+09	7.09374e+09	7.16653e+09	7.41498e+09	7.44524e+09	6.06127e+09	7.34099e+09	7.42915e+09	7.67874e+09	6.39371e+09	6.9661e+09	7.03858e+09	7.0955e+09	6.99336e+09	6.52983e+09	6.3035e+09	6.8698e+09	6.89661e+09	6.91741e+09	6.30016e+09	6.42992e+09	6.78322e+09	6.99825e+09	7.28721e+09	6.7434e+09	6.71357e+09	7.35222e+09	6.64819e+09	7.38095e+09	7.47133e+09	5.56306e+09	7.39732e+09	6.95565e+09	6.68505e+09	5.84251e+09	6.06523e+09	6.64264e+09	6.35044e+09	6.61527e+09	6.1501e+09	6.28905e+09	6.22955e+09	5.91549e+09	5.3934e+09	6.11722e+09	5.72038e+09	6.26626e+09	5.74399e+09	6.30594e+09	5.77382e+09	6.29427e+09	7.23417e+09	6.80349e+09	7.23158e+09	6.09865e+09	5.91661e+09	6.0033e+09	7.3019e+09	6.62767e+09	7.23169e+09	6.56502e+09	6.63934e+09	6.66726e+09	6.27695e+09	6.20882e+09	6.01382e+09	6.18377e+09	6.63428e+09	5.29833e+09	6.42258e+09	5.85542e+09	5.8621e+09	5.97818e+09	6.46386e+09	6.41367e+09
ERR629885	7.35066e+09	6.9238e+09	7.00253e+09	7.3054e+09	6.77692e+09	6.7755e+09	6.80855e+09	6.14534e+09	6.51851e+09	5.96333e+09	6.70031e+09	6.77412e+09	5.23379e+09	5.24765e+09	6.37074e+09	6.632e+09	5.05335e+09	6.91131e+09	5.59882e+09	5.84113e+09	5.94304e+09	5.78628e+09	6.93443e+09	7.00406e+09	7.27895e+09	7.30792e+09	5.97742e+09	7.20955e+09	7.29257e+09	7.53048e+09	6.30272e+09	6.84722e+09	6.92045e+09	6.97613e+09	6.87315e+09	6.43206e+09	6.15416e+09	6.70651e+09	6.73204e+09	6.75227e+09	6.1505e+09	6.27546e+09	6.67172e+09	6.874e+09	7.15416e+09	6.63443e+09	6.60512e+09	7.21165e+09	6.51341e+09	7.2256e+09	7.31394e+09	5.46907e+09	7.24183e+09	6.81007e+09	6.54588e+09	5.72569e+09	5.94528e+09	6.50756e+09	6.23003e+09	6.47959e+09	5.98179e+09	6.11974e+09	6.06267e+09	5.76288e+09	5.24462e+09	5.9524e+09	5.61337e+09	6.14462e+09	5.64379e+09	6.1825e+09	5.66617e+09	6.17144e+09	7.08793e+09	6.67764e+09	7.08554e+09	5.98262e+09	5.80263e+09	5.89045e+09	7.15914e+09	6.51608e+09	7.09106e+09	6.45577e+09	6.52665e+09	6.54519e+09	6.13649e+09	6.06248e+09	5.88016e+09	6.04555e+09	6.47348e+09	5.18835e+09	6.28957e+09	5.73745e+09	5.74732e+09	5.85948e+09	6.32989e+09	6.28065e+09
ERR629882	7.96898e+09	7.44361e+09	7.3054e+09	8.12483e+09	7.25336e+09	7.25356e+09	7.31421e+09	6.55761e+09	6.9669e+09	6.36229e+09	7.19284e+09	7.27552e+09	5.66171e+09	5.67581e+09	6.94547e+09	7.24239e+09	5.45394e+09	7.57174e+09	6.03906e+09	6.34772e+09	6.46764e+09	6.28729e+09	7.58966e+09	7.67239e+09	7.89672e+09	7.9317e+09	6.39551e+09	7.81212e+09	7.91478e+09	8.19914e+09	6.72051e+09	7.37425e+09	7.45355e+09	7.5187e+09	7.40582e+09	6.87477e+09	6.72777e+09	7.34791e+09	7.37918e+09	7.40115e+09	6.72432e+09	6.86969e+09	7.16113e+09	7.40845e+09	7.73783e+09	7.11527e+09	7.08267e+09	7.81791e+09	7.06849e+09	7.87608e+09	7.977e+09	5.87543e+09	7.8954e+09	7.41052e+09	7.15879e+09	6.23553e+09	6.4743e+09	7.10894e+09	6.78056e+09	7.08157e+09	6.67345e+09	6.82251e+09	6.75691e+09	6.40235e+09	5.83668e+09	6.6333e+09	6.05354e+09	6.64859e+09	6.07002e+09	6.69039e+09	6.11041e+09	6.67783e+09	7.72093e+09	7.23373e+09	7.71826e+09	6.47828e+09	6.28191e+09	6.37314e+09	7.78257e+09	7.0251e+09	7.70361e+09	6.95729e+09	7.03959e+09	7.07804e+09	6.69654e+09	6.63309e+09	6.41008e+09	6.5953e+09	7.10526e+09	5.62632e+09	6.8411e+09	6.22148e+09	6.22548e+09	6.35219e+09	6.88583e+09	6.83197e+09
ERR629884	7.29755e+09	6.87774e+09	6.77692e+09	7.25336e+09	6.9135e+09	6.7324e+09	6.76316e+09	6.10807e+09	6.47744e+09	5.92725e+09	6.65655e+09	6.72906e+09	5.19641e+09	5.21015e+09	6.32154e+09	6.58045e+09	5.01769e+09	6.8561e+09	5.55971e+09	5.7973e+09	5.8982e+09	5.74318e+09	6.87933e+09	6.94798e+09	7.22703e+09	7.25509e+09	5.93985e+09	7.15805e+09	7.24063e+09	7.47448e+09	6.26569e+09	6.80222e+09	6.87483e+09	6.92958e+09	6.82803e+09	6.39355e+09	6.10601e+09	6.65298e+09	6.67807e+09	6.69806e+09	6.10256e+09	6.22611e+09	6.62939e+09	6.82824e+09	7.10385e+09	6.59239e+09	6.56353e+09	7.16038e+09	6.46628e+09	7.17076e+09	7.25831e+09	5.43236e+09	7.18679e+09	6.75908e+09	6.49379e+09	5.6821e+09	5.89943e+09	6.45611e+09	6.18182e+09	6.42769e+09	5.9246e+09	6.062e+09	6.00499e+09	5.70887e+09	5.19528e+09	5.89597e+09	5.57527e+09	6.1018e+09	5.60645e+09	6.13952e+09	5.62797e+09	6.12856e+09	7.03471e+09	6.63006e+09	7.03203e+09	5.94042e+09	5.76139e+09	5.84885e+09	7.10574e+09	6.47106e+09	7.0387e+09	6.41104e+09	6.48114e+09	6.49853e+09	6.09045e+09	6.01606e+09	5.83632e+09	6.00052e+09	6.42234e+09	5.15139e+09	6.24267e+09	5.69584e+09	5.70609e+09	5.81732e+09	6.28266e+09	6.23371e+09
ERR629883	7.29835e+09	6.87747e+09	6.7755e+09	7.25356e+09	6.7324e+09	6.91119e+09	6.7631e+09	6.10831e+09	6.4767e+09	5.92797e+09	6.65699e+09	6.72908e+09	5.19786e+09	5.2117e+09	6.32466e+09	6.5839e+09	5.01867e+09	6.85966e+09	5.56194e+09	5.80185e+09	5.90253e+09	5.74778e+09	6.8844e+09	6.95281e+09	7.22454e+09	7.2527e+09	5.93468e+09	7.15471e+09	7.23754e+09	7.47209e+09	6.26291e+09	6.80056e+09	6.87255e+09	6.92697e+09	6.82658e+09	6.39078e+09	6.11296e+09	6.65969e+09	6.68448e+09	6.70429e+09	6.10879e+09	6.23244e+09	6.6286e+09	6.82789e+09	7.10397e+09	6.59176e+09	6.56276e+09	7.16115e+09	6.47012e+09	7.17518e+09	7.26221e+09	5.43367e+09	7.19094e+09	6.76395e+09	6.49619e+09	5.68452e+09	5.90154e+09	6.45831e+09	6.18376e+09	6.43029e+09	5.93065e+09	6.06724e+09	6.01036e+09	5.71332e+09	5.20137e+09	5.90148e+09	5.57866e+09	6.10506e+09	5.60902e+09	6.14276e+09	5.63097e+09	6.13227e+09	7.03683e+09	6.63107e+09	7.03421e+09	5.9424e+09	5.76381e+09	5.85087e+09	7.10812e+09	6.47161e+09	7.041e+09	6.41201e+09	6.48242e+09	6.50075e+09	6.09598e+09	6.02199e+09	5.84238e+09	6.00613e+09	6.4292e+09	5.15495e+09	6.24637e+09	5.69939e+09	5.70895e+09	5.82033e+09	6.28648e+09	6.23767e+09
ERR630233	7.35984e+09	6.9185e+09	6.80855e+09	7.31421e+09	6.76316e+09	6.7631e+09	7.76024e+09	6.77513e+09	7.20441e+09	6.56576e+09	7.42001e+09	7.50718e+09	5.25508e+09	5.27001e+09	6.4182e+09	6.68863e+09	5.07156e+09	6.97683e+09	5.63924e+09	5.89036e+09	5.99343e+09	5.83502e+09	7.02085e+09	7.09443e+09	7.25441e+09	7.28462e+09	5.938e+09	7.18237e+09	7.26796e+09	7.51382e+09	6.24862e+09	6.79759e+09	6.87278e+09	6.92966e+09	6.82493e+09	6.37394e+09	6.17931e+09	6.74313e+09	6.76771e+09	6.79018e+09	6.17602e+09	6.30526e+09	6.65094e+09	6.85912e+09	7.15273e+09	6.61383e+09	6.58278e+09	7.21196e+09	7.06591e+09	7.84936e+09	7.94862e+09	5.91593e+09	7.86674e+09	7.39106e+09	7.1626e+09	6.2593e+09	6.50125e+09	7.11777e+09	6.81063e+09	7.08643e+09	6.52855e+09	6.67597e+09	6.61556e+09	6.29135e+09	5.73605e+09	6.4969e+09	6.08097e+09	6.66597e+09	6.10984e+09	6.70669e+09	6.13984e+09	6.69384e+09	7.66884e+09	7.21971e+09	7.66748e+09	6.46587e+09	6.27349e+09	6.36657e+09	7.77763e+09	7.06218e+09	7.70206e+09	6.99667e+09	7.07539e+09	7.10008e+09	6.60053e+09	6.52431e+09	6.32412e+09	6.50369e+09	6.97172e+09	5.57282e+09	6.83255e+09	6.22849e+09	6.24058e+09	6.36256e+09	6.87693e+09	6.82136e+09
ERR630231	6.59502e+09	6.23548e+09	6.14534e+09	6.55761e+09	6.10807e+09	6.10831e+09	6.77513e+09	6.31979e+09	6.50043e+09	5.96235e+09	6.67416e+09	6.74333e+09	4.74531e+09	4.7581e+09	5.75092e+09	5.98314e+09	4.58671e+09	6.22544e+09	5.09937e+09	5.30551e+09	5.39317e+09	5.25725e+09	6.27421e+09	6.33599e+09	6.47907e+09	6.50394e+09	5.36128e+09	6.41976e+09	6.48971e+09	6.69072e+09	5.65401e+09	6.10714e+09	6.16874e+09	6.21519e+09	6.12907e+09	5.75783e+09	5.55942e+09	6.04298e+09	6.0628e+09	6.08278e+09	5.55632e+09	5.66562e+09	5.99927e+09	6.1713e+09	6.41331e+09	5.96917e+09	5.94319e+09	6.46147e+09	6.3393e+09	6.99742e+09	7.07973e+09	5.36142e+09	7.01201e+09	6.61318e+09	6.37113e+09	5.60038e+09	5.80954e+09	6.33346e+09	6.07811e+09	6.30481e+09	5.73934e+09	5.86622e+09	5.81466e+09	5.54338e+09	5.0652e+09	5.71467e+09	5.49967e+09	6.00204e+09	5.53173e+09	6.03638e+09	5.55172e+09	6.0255e+09	6.83731e+09	6.46513e+09	6.83557e+09	5.81275e+09	5.64645e+09	5.72739e+09	6.93937e+09	6.3451e+09	6.87634e+09	6.28922e+09	6.35508e+09	6.37104e+09	5.91643e+09	5.84291e+09	5.67826e+09	5.83209e+09	6.22243e+09	5.03393e+09	6.12071e+09	5.60338e+09	5.61617e+09	5.72053e+09	6.15873e+09	6.11146e+09
ERR630235	7.00746e+09	6.61238e+09	6.51851e+09	6.9669e+09	6.47744e+09	6.4767e+09	7.20441e+09	6.50043e+09	7.09885e+09	6.30084e+09	7.08888e+09	7.16752e+09	5.01022e+09	5.02461e+09	6.09509e+09	6.34675e+09	4.84075e+09	6.61037e+09	5.3835e+09	5.60143e+09	5.69538e+09	5.54941e+09	6.65262e+09	6.72047e+09	6.89898e+09	6.92558e+09	5.68525e+09	6.83365e+09	6.91048e+09	7.1324e+09	5.99064e+09	6.48571e+09	6.55651e+09	6.60808e+09	6.51054e+09	6.10346e+09	5.86211e+09	6.38849e+09	6.41028e+09	6.43184e+09	5.8584e+09	5.97715e+09	6.35864e+09	6.54502e+09	6.81393e+09	6.32556e+09	6.29647e+09	6.86453e+09	6.71701e+09	7.44148e+09	7.53321e+09	5.65927e+09	7.45675e+09	7.01573e+09	6.78115e+09	5.94264e+09	6.17124e+09	6.7417e+09	6.46616e+09	6.7111e+09	6.11708e+09	6.25671e+09	6.20086e+09	5.90709e+09	5.3823e+09	6.09063e+09	5.80473e+09	6.34963e+09	5.84104e+09	6.3871e+09	5.86104e+09	6.37516e+09	7.27474e+09	6.8689e+09	7.27273e+09	6.15634e+09	5.97444e+09	6.06472e+09	7.38289e+09	6.73627e+09	7.31403e+09	6.6758e+09	6.74708e+09	6.76025e+09	6.26002e+09	6.17931e+09	6.00184e+09	6.16935e+09	6.5915e+09	5.30586e+09	6.48709e+09	5.92512e+09	5.93988e+09	6.05332e+09	6.52883e+09	6.47641e+09
ERR630232	6.39874e+09	6.05146e+09	5.96333e+09	6.36229e+09	5.92725e+09	5.92797e+09	6.56576e+09	5.96235e+09	6.30084e+09	5.96372e+09	6.47151e+09	6.53566e+09	4.62353e+09	4.63527e+09	5.59223e+09	5.81552e+09	4.46931e+09	6.05024e+09	4.9642e+09	5.16535e+09	5.2514e+09	5.11925e+09	6.09658e+09	6.15674e+09	6.28076e+09	6.3048e+09	5.20446e+09	6.22343e+09	6.29119e+09	6.48462e+09	5.48757e+09	5.9252e+09	5.98265e+09	6.02721e+09	5.94647e+09	5.58755e+09	5.41506e+09	5.87736e+09	5.89695e+09	5.91557e+09	5.41112e+09	5.5176e+09	5.82456e+09	5.99098e+09	6.22207e+09	5.79516e+09	5.77086e+09	6.27025e+09	6.15934e+09	6.7875e+09	6.86657e+09	5.21751e+09	6.80136e+09	6.42215e+09	6.18516e+09	5.44541e+09	5.64346e+09	6.14805e+09	5.90058e+09	6.12069e+09	5.57829e+09	5.6991e+09	5.64898e+09	5.38704e+09	4.92987e+09	5.55327e+09	5.35247e+09	5.8354e+09	5.38127e+09	5.86829e+09	5.40147e+09	5.85742e+09	6.63202e+09	6.27149e+09	6.63076e+09	5.64993e+09	5.4911e+09	5.56798e+09	6.72948e+09	6.15747e+09	6.67004e+09	6.10414e+09	6.16763e+09	6.1842e+09	5.75722e+09	5.68734e+09	5.52828e+09	5.67594e+09	6.05291e+09	4.9057e+09	5.94865e+09	5.45164e+09	5.46232e+09	5.56438e+09	5.98555e+09	5.93946e+09
ERR630230	7.23771e+09	6.80936e+09	6.70031e+09	7.19284e+09	6.65655e+09	6.65699e+09	7.42001e+09	6.67416e+09	7.08888e+09	6.47151e+09	7.50744e+09	7.38214e+09	5.17089e+09	5.18528e+09	6.3093e+09	6.57337e+09	4.99119e+09	6.85563e+09	5.55091e+09	5.79764e+09	5.89865e+09	5.74346e+09	6.90199e+09	6.97404e+09	7.12658e+09	7.15566e+09	5.83897e+09	7.05575e+09	7.13918e+09	7.37783e+09	6.15406e+09	6.68762e+09	6.75815e+09	6.81298e+09	6.71395e+09	6.2758e+09	6.08526e+09	6.63407e+09	6.65809e+09	6.68e+09	6.0815e+09	6.20826e+09	6.54787e+09	6.75059e+09	7.03388e+09	6.51163e+09	6.48216e+09	7.09313e+09	6.95027e+09	7.71247e+09	7.80886e+09	5.82556e+09	7.72922e+09	7.26824e+09	7.02947e+09	6.14943e+09	6.38376e+09	6.98429e+09	6.68448e+09	6.95371e+09	6.39575e+09	6.53822e+09	6.47887e+09	6.16373e+09	5.62543e+09	6.36505e+09	5.98923e+09	6.56129e+09	6.01704e+09	6.60064e+09	6.04641e+09	6.58801e+09	7.53151e+09	7.09296e+09	7.53026e+09	6.35865e+09	6.1722e+09	6.26203e+09	7.64159e+09	6.94192e+09	7.56792e+09	6.87871e+09	6.95491e+09	6.98027e+09	6.49122e+09	6.41639e+09	6.22109e+09	6.39614e+09	6.85325e+09	5.48564e+09	6.71804e+09	6.1292e+09	6.14043e+09	6.2596e+09	6.76163e+09	6.7075e+09
ERR630234	7.32167e+09	6.88406e+09	6.77412e+09	7.27552e+09	6.72906e+09	6.72908e+09	7.50718e+09	6.74333e+09	7.16752e+09	6.53566e+09	7.38214e+09	7.67974e+09	5.2302e+09	5.24486e+09	6.38534e+09	6.65308e+09	5.04759e+09	6.94024e+09	5.61258e+09	5.86312e+09	5.96624e+09	5.80819e+09	6.9851e+09	7.05889e+09	7.21366e+09	7.24382e+09	5.90628e+09	7.14276e+09	7.22787e+09	7.47044e+09	6.21834e+09	6.76295e+09	6.83623e+09	6.89235e+09	6.78976e+09	6.34291e+09	6.15397e+09	6.71267e+09	6.73726e+09	6.75946e+09	6.15095e+09	6.27931e+09	6.61945e+09	6.82682e+09	7.11675e+09	6.58289e+09	6.55223e+09	7.17638e+09	7.03277e+09	7.80967e+09	7.90805e+09	5.88923e+09	7.82641e+09	7.35593e+09	7.12254e+09	6.22705e+09	6.46633e+09	7.07779e+09	6.77291e+09	7.04662e+09	6.49161e+09	6.63661e+09	6.57619e+09	6.25416e+09	5.70537e+09	6.45924e+09	6.05383e+09	6.63564e+09	6.08202e+09	6.67572e+09	6.11236e+09	6.66304e+09	7.62784e+09	7.17976e+09	7.62663e+09	6.43404e+09	6.24339e+09	6.33537e+09	7.73648e+09	7.02545e+09	7.66135e+09	6.96066e+09	7.03879e+09	7.06358e+09	6.56897e+09	6.49377e+09	6.29434e+09	6.47217e+09	6.93842e+09	5.54788e+09	6.80015e+09	6.20017e+09	6.21162e+09	6.33263e+09	6.84375e+09	6.78869e+09
ERR613232	5.70194e+09	5.33321e+09	5.23379e+09	5.66171e+09	5.19641e+09	5.19786e+09	5.25508e+09	4.74531e+09	5.01022e+09	4.62353e+09	5.17089e+09	5.2302e+09	4.66319e+09	4.50542e+09	5.37298e+09	5.56955e+09	4.34549e+09	5.79166e+09	4.67121e+09	4.90962e+09	4.99254e+09	4.87134e+09	5.7314e+09	5.78695e+09	5.77218e+09	5.79792e+09	4.7621e+09	5.71272e+09	5.78384e+09	5.97665e+09	4.86587e+09	5.34135e+09	5.40105e+09	5.44975e+09	5.36399e+09	4.98007e+09	5.15879e+09	5.57062e+09	5.59297e+09	5.6078e+09	5.15865e+09	5.25598e+09	5.21138e+09	5.3924e+09	5.6278e+09	5.17646e+09	5.15596e+09	5.6851e+09	5.2027e+09	5.72499e+09	5.78754e+09	4.41209e+09	5.73651e+09	5.42369e+09	5.37149e+09	4.75346e+09	4.91267e+09	5.33425e+09	5.10973e+09	5.31943e+09	5.19642e+09	5.30018e+09	5.25322e+09	5.0015e+09	4.60049e+09	5.16984e+09	4.53225e+09	4.92201e+09	4.52872e+09	4.95091e+09	4.5674e+09	4.94263e+09	5.65391e+09	5.33281e+09	5.65394e+09	4.85273e+09	4.72585e+09	4.7809e+09	5.66487e+09	5.16041e+09	5.61303e+09	5.11459e+09	5.1723e+09	5.20748e+09	5.04427e+09	5.01429e+09	4.85543e+09	4.97746e+09	5.33047e+09	4.32885e+09	5.0936e+09	4.68856e+09	4.68758e+09	4.77169e+09	5.12376e+09	5.0901e+09
ERR613231	5.716e+09	5.34648e+09	5.24765e+09	5.67581e+09	5.21015e+09	5.2117e+09	5.27001e+09	4.7581e+09	5.02461e+09	4.63527e+09	5.18528e+09	5.24486e+09	4.50542e+09	4.68151e+09	5.38478e+09	5.58137e+09	4.35479e+09	5.80394e+09	4.68123e+09	4.91914e+09	5.00189e+09	4.88064e+09	5.7431e+09	5.79864e+09	5.78804e+09	5.81375e+09	4.77547e+09	5.72835e+09	5.79905e+09	5.99284e+09	4.87972e+09	5.3556e+09	5.41579e+09	5.46481e+09	5.37794e+09	4.99374e+09	5.16566e+09	5.5793e+09	5.60219e+09	5.61659e+09	5.1659e+09	5.2639e+09	5.22464e+09	5.40578e+09	5.64211e+09	5.18954e+09	5.16861e+09	5.69875e+09	5.21335e+09	5.73712e+09	5.80011e+09	4.42158e+09	5.74857e+09	5.43432e+09	5.38387e+09	4.76355e+09	4.92424e+09	5.34661e+09	5.12223e+09	5.33079e+09	5.20636e+09	5.31084e+09	5.26397e+09	5.01167e+09	4.60869e+09	5.18079e+09	4.54154e+09	4.93201e+09	4.53874e+09	4.96124e+09	4.5767e+09	4.95306e+09	5.66781e+09	5.34657e+09	5.66765e+09	4.86372e+09	4.73604e+09	4.79228e+09	5.67939e+09	5.17384e+09	5.62714e+09	5.12785e+09	5.18591e+09	5.22047e+09	5.05379e+09	5.02295e+09	4.86476e+09	4.98681e+09	5.34e+09	4.33708e+09	5.10491e+09	4.69804e+09	4.69766e+09	4.78132e+09	5.13465e+09	5.10087e+09
ERR613229	7.00015e+09	6.50596e+09	6.37074e+09	6.94547e+09	6.32154e+09	6.32466e+09	6.4182e+09	5.75092e+09	6.09509e+09	5.59223e+09	6.3093e+09	6.38534e+09	5.37298e+09	5.38478e+09	6.76941e+09	6.81435e+09	5.17612e+09	7.11643e+09	5.62094e+09	5.94306e+09	6.05422e+09	5.89232e+09	7.04458e+09	7.12009e+09	7.09643e+09	7.13138e+09	5.74917e+09	7.01526e+09	7.11126e+09	7.37305e+09	5.90382e+09	6.5272e+09	6.6048e+09	6.6693e+09	6.55705e+09	6.05205e+09	6.29058e+09	6.83832e+09	6.86786e+09	6.88746e+09	6.29079e+09	6.42124e+09	6.34298e+09	6.58369e+09	6.89584e+09	6.29686e+09	6.27015e+09	6.97514e+09	6.34896e+09	7.04439e+09	7.12817e+09	5.29947e+09	7.0599e+09	6.64572e+09	6.56737e+09	5.74715e+09	5.95638e+09	6.51557e+09	6.2146e+09	6.49525e+09	6.35296e+09	6.48714e+09	6.42552e+09	6.09021e+09	5.57697e+09	6.31535e+09	5.46167e+09	5.97527e+09	5.4556e+09	6.0124e+09	5.50862e+09	6.0017e+09	6.94569e+09	6.51302e+09	6.94469e+09	5.8779e+09	5.71285e+09	5.78398e+09	6.95965e+09	6.28044e+09	6.89016e+09	6.22046e+09	6.29734e+09	6.34768e+09	6.13562e+09	6.09806e+09	5.88506e+09	6.04692e+09	6.52137e+09	5.18928e+09	6.20079e+09	5.66533e+09	5.6625e+09	5.77293e+09	6.2412e+09	6.1964e+09
ERR613228	7.30043e+09	6.77504e+09	6.632e+09	7.24239e+09	6.58045e+09	6.5839e+09	6.68863e+09	5.98314e+09	6.34675e+09	5.81552e+09	6.57337e+09	6.65308e+09	5.56955e+09	5.58137e+09	6.81435e+09	7.33287e+09	5.36146e+09	7.42148e+09	5.83487e+09	6.17541e+09	6.29267e+09	6.12151e+09	7.34714e+09	7.42749e+09	7.40324e+09	7.44074e+09	5.97508e+09	7.31592e+09	7.42046e+09	7.69895e+09	6.14151e+09	6.79997e+09	6.88209e+09	6.95038e+09	6.83192e+09	6.29733e+09	6.54846e+09	7.13047e+09	7.16204e+09	7.18301e+09	6.54822e+09	6.68668e+09	6.60386e+09	6.85815e+09	7.18994e+09	6.555e+09	6.52675e+09	7.27513e+09	6.61166e+09	7.35062e+09	7.44032e+09	5.5005e+09	7.36754e+09	6.92763e+09	6.84351e+09	5.97521e+09	6.19625e+09	6.78894e+09	6.47014e+09	6.76736e+09	6.62163e+09	6.76318e+09	6.69798e+09	6.34123e+09	5.80104e+09	6.58126e+09	5.67401e+09	6.21702e+09	5.66869e+09	6.25643e+09	5.72354e+09	6.24486e+09	7.24446e+09	6.78332e+09	7.24362e+09	6.11215e+09	5.9371e+09	6.01244e+09	7.26022e+09	6.53928e+09	7.18616e+09	6.47568e+09	6.55674e+09	6.60987e+09	6.38601e+09	6.34611e+09	6.12078e+09	6.29209e+09	6.79598e+09	5.3846e+09	6.45596e+09	5.8887e+09	5.88576e+09	6.00262e+09	6.49801e+09	6.44994e+09
ERR613230	5.49223e+09	5.14493e+09	5.05335e+09	5.45394e+09	5.01769e+09	5.01867e+09	5.07156e+09	4.58671e+09	4.84075e+09	4.46931e+09	4.99119e+09	5.04759e+09	4.34549e+09	4.35479e+09	5.17612e+09	5.36146e+09	4.36242e+09	5.5706e+09	4.51225e+09	4.73181e+09	4.80968e+09	4.69479e+09	5.5116e+09	5.5641e+09	5.56254e+09	5.5867e+09	4.6092e+09	5.50729e+09	5.573e+09	5.75537e+09	4.70415e+09	5.15143e+09	5.20965e+09	5.25586e+09	5.17317e+09	4.81126e+09	4.96141e+09	5.35281e+09	5.37392e+09	5.38786e+09	4.96132e+09	5.05391e+09	5.02951e+09	5.20004e+09	5.42297e+09	4.99662e+09	4.97693e+09	5.47553e+09	5.01201e+09	5.50744e+09	5.56692e+09	4.2653e+09	5.51817e+09	5.22057e+09	5.17339e+09	4.58592e+09	4.73876e+09	5.13837e+09	4.92797e+09	5.12396e+09	4.99639e+09	5.09677e+09	5.05238e+09	4.81533e+09	4.42808e+09	4.97236e+09	4.37606e+09	4.74553e+09	4.37433e+09	4.77337e+09	4.40921e+09	4.76606e+09	5.44349e+09	5.14077e+09	5.44337e+09	4.68266e+09	4.56013e+09	4.61471e+09	5.45463e+09	4.97991e+09	5.40568e+09	4.93546e+09	4.99033e+09	5.02163e+09	4.85656e+09	4.82705e+09	4.67729e+09	4.79299e+09	5.12501e+09	4.1794e+09	4.90794e+09	4.52265e+09	4.52327e+09	4.60226e+09	4.93675e+09	4.9043e+09
ERR613227	7.63514e+09	7.06687e+09	6.91131e+09	7.57174e+09	6.8561e+09	6.85966e+09	6.97683e+09	6.22544e+09	6.61037e+09	6.05024e+09	6.85563e+09	6.94024e+09	5.79166e+09	5.80394e+09	7.11643e+09	7.42148e+09	5.5706e+09	8.02647e+09	6.06947e+09	6.4391e+09	6.56663e+09	6.38271e+09	7.69692e+09	7.78465e+09	7.74756e+09	7.78809e+09	6.21629e+09	7.65425e+09	7.7676e+09	8.0699e+09	6.3949e+09	7.10061e+09	7.18607e+09	7.259e+09	7.1349e+09	6.56213e+09	6.85569e+09	7.47841e+09	7.51309e+09	7.53521e+09	6.85557e+09	7.00611e+09	6.8885e+09	7.16292e+09	7.51707e+09	6.83583e+09	6.80604e+09	7.61306e+09	6.91006e+09	7.70259e+09	7.79842e+09	5.72094e+09	7.72085e+09	7.25122e+09	7.15361e+09	6.22888e+09	6.4614e+09	7.09379e+09	6.74895e+09	7.07252e+09	6.94343e+09	7.09081e+09	7.0211e+09	6.63685e+09	6.06843e+09	6.89666e+09	5.90976e+09	6.48756e+09	5.89896e+09	6.52924e+09	5.96124e+09	6.51645e+09	7.58131e+09	7.0797e+09	7.57914e+09	6.3711e+09	6.1857e+09	6.26448e+09	7.59374e+09	6.81609e+09	7.51422e+09	6.74874e+09	6.83532e+09	6.8954e+09	6.67105e+09	6.63447e+09	6.38799e+09	6.57096e+09	7.11802e+09	5.60447e+09	6.74323e+09	6.13785e+09	6.13325e+09	6.25827e+09	6.78774e+09	6.7369e+09
ERR606000	6.08007e+09	5.70081e+09	5.59882e+09	6.03906e+09	5.55971e+09	5.56194e+09	5.63924e+09	5.09937e+09	5.3835e+09	4.9642e+09	5.55091e+09	5.61258e+09	4.67121e+09	4.68123e+09	5.62094e+09	5.83487e+09	4.51225e+09	6.06947e+09	5.30029e+09	5.36833e+09	5.45612e+09	5.32527e+09	6.28304e+09	6.34289e+09	6.17154e+09	6.19775e+09	5.07573e+09	6.10487e+09	6.1823e+09	6.38606e+09	5.24485e+09	5.73842e+09	5.79987e+09	5.85106e+09	5.76132e+09	5.36396e+09	5.57488e+09	6.03049e+09	6.05337e+09	6.07018e+09	5.57466e+09	5.68136e+09	5.6032e+09	5.79039e+09	6.03663e+09	5.56781e+09	5.54751e+09	6.09629e+09	5.54028e+09	6.10798e+09	6.17573e+09	4.6767e+09	6.12141e+09	5.78118e+09	5.65741e+09	4.98444e+09	5.15987e+09	5.618e+09	5.37898e+09	5.59916e+09	5.38616e+09	5.49977e+09	5.44997e+09	5.1802e+09	4.75387e+09	5.35959e+09	4.81213e+09	5.23892e+09	4.81528e+09	5.26831e+09	4.85152e+09	5.26021e+09	6.00815e+09	5.66008e+09	6.00588e+09	5.12773e+09	4.98687e+09	5.04871e+09	6.04431e+09	5.50534e+09	5.98948e+09	5.4561e+09	5.51833e+09	5.54982e+09	5.357e+09	5.31295e+09	5.14835e+09	5.28189e+09	5.65802e+09	4.5672e+09	5.40951e+09	4.96613e+09	4.96773e+09	5.05741e+09	5.44359e+09	5.4045e+09
ERR606004	6.3959e+09	5.96616e+09	5.84113e+09	6.34772e+09	5.7973e+09	5.80185e+09	5.89036e+09	5.30551e+09	5.60143e+09	5.16535e+09	5.79764e+09	5.86312e+09	4.90962e+09	4.91914e+09	5.94306e+09	6.17541e+09	4.73181e+09	6.4391e+09	5.36833e+09	5.88321e+09	5.78706e+09	5.64267e+09	6.67823e+09	6.74601e+09	6.49213e+09	6.52259e+09	5.27798e+09	6.41312e+09	6.50178e+09	6.73189e+09	5.46034e+09	6.01428e+09	6.07752e+09	6.13361e+09	6.03897e+09	5.59428e+09	5.93765e+09	6.42896e+09	6.45562e+09	6.47284e+09	5.93805e+09	6.05566e+09	5.86045e+09	6.07561e+09	6.34548e+09	5.81958e+09	5.79871e+09	6.41978e+09	5.84411e+09	6.4595e+09	6.53135e+09	4.89333e+09	6.47455e+09	6.10843e+09	5.97929e+09	5.25295e+09	5.43782e+09	5.93131e+09	5.66096e+09	5.91391e+09	5.77581e+09	5.89282e+09	5.83836e+09	5.53419e+09	5.09357e+09	5.74209e+09	5.05279e+09	5.51403e+09	5.04471e+09	5.54542e+09	5.09503e+09	5.53612e+09	6.34165e+09	5.95633e+09	6.33963e+09	5.39218e+09	5.24646e+09	5.30682e+09	6.37078e+09	5.76522e+09	6.30974e+09	5.71146e+09	5.781e+09	5.82947e+09	5.67938e+09	5.64437e+09	5.45386e+09	5.59852e+09	6.02462e+09	4.82083e+09	5.71153e+09	5.23438e+09	5.22942e+09	5.32779e+09	5.74713e+09	5.70677e+09
ERR606003	6.51789e+09	6.07342e+09	5.94304e+09	6.46764e+09	5.8982e+09	5.90253e+09	5.99343e+09	5.39317e+09	5.69538e+09	5.2514e+09	5.89865e+09	5.96624e+09	4.99254e+09	5.00189e+09	6.05422e+09	6.29267e+09	4.80968e+09	6.56663e+09	5.45612e+09	5.78706e+09	6.09371e+09	5.73928e+09	6.80881e+09	6.87903e+09	6.61704e+09	6.64808e+09	5.36847e+09	6.53685e+09	6.62876e+09	6.866e+09	5.5532e+09	6.12405e+09	6.188e+09	6.24548e+09	6.15016e+09	5.69104e+09	6.05167e+09	6.55651e+09	6.58424e+09	6.6013e+09	6.05183e+09	6.17413e+09	5.96709e+09	6.18951e+09	6.46615e+09	5.92501e+09	5.90298e+09	6.54506e+09	5.95439e+09	6.58618e+09	6.6607e+09	4.97636e+09	6.60206e+09	6.22724e+09	6.09272e+09	5.34729e+09	5.53505e+09	6.04246e+09	5.76294e+09	6.02502e+09	5.89295e+09	6.01155e+09	5.95532e+09	5.64239e+09	5.19346e+09	5.85671e+09	5.14168e+09	5.61422e+09	5.13042e+09	5.64708e+09	5.1841e+09	5.63725e+09	6.46397e+09	6.06244e+09	6.46158e+09	5.48861e+09	5.33956e+09	5.40138e+09	6.49077e+09	5.86567e+09	6.42821e+09	5.81079e+09	5.8824e+09	5.9337e+09	5.7849e+09	5.75196e+09	5.5548e+09	5.70258e+09	6.14344e+09	4.90431e+09	5.81786e+09	5.32766e+09	5.32218e+09	5.42309e+09	5.85463e+09	5.81334e+09
ERR606005	6.33519e+09	5.91058e+09	5.78628e+09	6.28729e+09	5.74318e+09	5.74778e+09	5.83502e+09	5.25725e+09	5.54941e+09	5.11925e+09	5.74346e+09	5.80819e+09	4.87134e+09	4.88064e+09	5.89232e+09	6.12151e+09	4.69479e+09	6.38271e+09	5.32527e+09	5.64267e+09	5.73928e+09	5.78962e+09	6.61962e+09	6.68688e+09	6.4298e+09	6.45937e+09	5.22993e+09	6.35128e+09	6.43927e+09	6.66635e+09	5.40933e+09	5.95688e+09	6.01945e+09	6.07473e+09	5.98139e+09	5.54171e+09	5.88863e+09	6.37329e+09	6.39954e+09	6.41647e+09	5.88892e+09	6.00525e+09	5.80624e+09	6.01889e+09	6.28487e+09	5.7661e+09	5.74494e+09	6.35928e+09	5.79227e+09	6.39929e+09	6.47069e+09	4.85278e+09	6.41457e+09	6.05386e+09	5.92693e+09	5.20893e+09	5.39145e+09	5.87919e+09	5.61154e+09	5.86164e+09	5.72815e+09	5.84398e+09	5.78995e+09	5.48886e+09	5.05368e+09	5.69457e+09	5.01115e+09	5.4664e+09	5.00206e+09	5.49743e+09	5.05294e+09	5.48831e+09	6.28412e+09	5.9026e+09	6.28163e+09	5.34666e+09	5.20213e+09	5.26264e+09	6.31155e+09	5.71297e+09	6.25104e+09	5.66037e+09	5.72902e+09	5.77792e+09	5.63261e+09	5.59827e+09	5.40976e+09	5.55259e+09	5.97402e+09	4.784e+09	5.66217e+09	5.19118e+09	5.18615e+09	5.28299e+09	5.69751e+09	5.65763e+09
ERR606001	7.65281e+09	7.09374e+09	6.93443e+09	7.58966e+09	6.87933e+09	6.8844e+09	7.02085e+09	6.27421e+09	6.65262e+09	6.09658e+09	6.90199e+09	6.9851e+09	5.7314e+09	5.7431e+09	7.04458e+09	7.34714e+09	5.5116e+09	7.69692e+09	6.28304e+09	6.67823e+09	6.80881e+09	6.61962e+09	8.25666e+09	8.09035e+09	7.78672e+09	7.82636e+09	6.23489e+09	7.6864e+09	7.80402e+09	8.10712e+09	6.4616e+09	7.1654e+09	7.24598e+09	7.31802e+09	7.19773e+09	6.62913e+09	7.03309e+09	7.67593e+09	7.71173e+09	7.73439e+09	7.03362e+09	7.18856e+09	6.96033e+09	7.23656e+09	7.58546e+09	6.90836e+09	6.88068e+09	7.68517e+09	6.95396e+09	7.75189e+09	7.84733e+09	5.74485e+09	7.77187e+09	7.29866e+09	7.13549e+09	6.20929e+09	6.4421e+09	7.07415e+09	6.7269e+09	7.0524e+09	6.91329e+09	7.05898e+09	6.98979e+09	6.59812e+09	6.04597e+09	6.86581e+09	5.94683e+09	6.53032e+09	5.93459e+09	6.57046e+09	6.00027e+09	6.55842e+09	7.59645e+09	7.08868e+09	7.59258e+09	6.37568e+09	6.19201e+09	6.26861e+09	7.62777e+09	6.84527e+09	7.54933e+09	6.77739e+09	6.86537e+09	6.92692e+09	6.7315e+09	6.69137e+09	6.44415e+09	6.62889e+09	7.18389e+09	5.64418e+09	6.78241e+09	6.1739e+09	6.16768e+09	6.29256e+09	6.82801e+09	6.77583e+09
ERR606002	7.7367e+09	7.16653e+09	7.00406e+09	7.67239e+09	6.94798e+09	6.95281e+09	7.09443e+09	6.33599e+09	6.72047e+09	6.15674e+09	6.97404e+09	7.05889e+09	5.78695e+09	5.79864e+09	7.12009e+09	7.42749e+09	5.5641e+09	7.78465e+09	6.34289e+09	6.74601e+09	6.87903e+09	6.68688e+09	8.09035e+09	8.44625e+09	7.8719e+09	7.91251e+09	6.29457e+09	7.76987e+09	7.89088e+09	8.19958e+09	6.52381e+09	7.23968e+09	7.32185e+09	7.39472e+09	7.27316e+09	6.69426e+09	7.10998e+09	7.76376e+09	7.80028e+09	7.82304e+09	7.11003e+09	7.26834e+09	7.03155e+09	7.31251e+09	7.66809e+09	6.97826e+09	6.95023e+09	7.77085e+09	7.02911e+09	7.8412e+09	7.93824e+09	5.80107e+09	7.86116e+09	7.38038e+09	7.21588e+09	6.27531e+09	6.51037e+09	7.15273e+09	6.79944e+09	7.1308e+09	6.99844e+09	7.14601e+09	7.07545e+09	6.6766e+09	6.1173e+09	6.94958e+09	6.00669e+09	6.59937e+09	5.99333e+09	6.63976e+09	6.06054e+09	6.62741e+09	7.68277e+09	7.16537e+09	7.67921e+09	6.44302e+09	6.25681e+09	6.33443e+09	7.71391e+09	6.9164e+09	7.63364e+09	6.84735e+09	6.93677e+09	7.00013e+09	6.80508e+09	6.76588e+09	6.51324e+09	6.70163e+09	7.26684e+09	5.70133e+09	6.85656e+09	6.23863e+09	6.23147e+09	6.35875e+09	6.9019e+09	6.84973e+09
ERR608869	7.95683e+09	7.41498e+09	7.27895e+09	7.89672e+09	7.22703e+09	7.22454e+09	7.25441e+09	6.47907e+09	6.89898e+09	6.28076e+09	7.12658e+09	7.21366e+09	5.77218e+09	5.78804e+09	7.09643e+09	7.40324e+09	5.56254e+09	7.74756e+09	6.17154e+09	6.49213e+09	6.61704e+09	6.4298e+09	7.78672e+09	7.8719e+09	8.66013e+09	8.45329e+09	6.7877e+09	8.31921e+09	8.4329e+09	8.74518e+09	6.97195e+09	7.68305e+09	7.78115e+09	7.85578e+09	7.71891e+09	7.14148e+09	6.93422e+09	7.59602e+09	7.62919e+09	7.65162e+09	6.93229e+09	7.08455e+09	7.36246e+09	7.62653e+09	7.98556e+09	7.31151e+09	7.27679e+09	8.06631e+09	7.02464e+09	7.8651e+09	7.96785e+09	5.80991e+09	7.88423e+09	7.3756e+09	7.19032e+09	6.22524e+09	6.476e+09	7.14044e+09	6.79723e+09	7.11124e+09	6.73914e+09	6.90191e+09	6.83248e+09	6.45463e+09	5.84866e+09	6.69814e+09	5.98998e+09	6.59502e+09	6.00614e+09	6.63855e+09	6.0478e+09	6.62718e+09	7.72717e+09	7.22413e+09	7.72455e+09	6.44077e+09	6.23811e+09	6.33266e+09	7.7691e+09	6.99207e+09	7.68919e+09	6.92066e+09	7.00522e+09	7.04213e+09	6.67556e+09	6.61074e+09	6.3798e+09	6.56984e+09	7.10095e+09	5.5795e+09	6.8016e+09	6.16277e+09	6.17003e+09	6.29825e+09	6.84695e+09	6.79212e+09
ERR608870	7.99245e+09	7.44524e+09	7.30792e+09	7.9317e+09	7.25509e+09	7.2527e+09	7.28462e+09	6.50394e+09	6.92558e+09	6.3048e+09	7.15566e+09	7.24382e+09	5.79792e+09	5.81375e+09	7.13138e+09	7.44074e+09	5.5867e+09	7.78809e+09	6.19775e+09	6.52259e+09	6.64808e+09	6.45937e+09	7.82636e+09	7.91251e+09	8.45329e+09	8.74601e+09	6.81604e+09	8.36005e+09	8.47565e+09	8.79056e+09	6.99989e+09	7.71694e+09	7.81532e+09	7.89086e+09	7.75291e+09	7.17064e+09	6.97043e+09	7.63732e+09	7.67055e+09	7.69351e+09	6.96825e+09	7.12197e+09	7.39296e+09	7.65976e+09	8.02204e+09	7.34167e+09	7.30671e+09	8.10406e+09	7.05542e+09	7.90199e+09	8.00595e+09	5.83298e+09	7.92152e+09	7.40971e+09	7.22378e+09	6.25284e+09	6.50518e+09	7.1736e+09	6.82797e+09	7.14487e+09	6.77647e+09	6.9403e+09	6.86927e+09	6.48919e+09	5.87942e+09	6.73489e+09	6.01402e+09	6.62286e+09	6.03018e+09	6.6668e+09	6.07173e+09	6.65549e+09	7.76224e+09	7.25496e+09	7.76026e+09	6.46802e+09	6.26424e+09	6.35931e+09	7.80313e+09	7.02049e+09	7.72331e+09	6.94813e+09	7.03357e+09	7.07158e+09	6.70567e+09	6.64162e+09	6.40824e+09	6.59911e+09	7.13525e+09	5.6026e+09	6.83205e+09	6.18962e+09	6.19637e+09	6.32519e+09	6.87781e+09	6.82247e+09
ERR608865	6.43566e+09	6.06127e+09	5.97742e+09	6.39551e+09	5.93985e+09	5.93468e+09	5.938e+09	5.36128e+09	5.68525e+09	5.20446e+09	5.83897e+09	5.90628e+09	4.7621e+09	4.77547e+09	5.74917e+09	5.97508e+09	4.6092e+09	6.21629e+09	5.07573e+09	5.27798e+09	5.36847e+09	5.22993e+09	6.23489e+09	6.29457e+09	6.7877e+09	6.81604e+09	5.82635e+09	6.73177e+09	6.80209e+09	7.01942e+09	5.76037e+09	6.26159e+09	6.33912e+09	6.39291e+09	6.28777e+09	5.8803e+09	5.57486e+09	6.07062e+09	6.09305e+09	6.11038e+09	5.57367e+09	5.68375e+09	6.02863e+09	6.21009e+09	6.4677e+09	5.99355e+09	5.96677e+09	6.51394e+09	5.70925e+09	6.33018e+09	6.40577e+09	4.81662e+09	6.34312e+09	5.96327e+09	5.81319e+09	5.08774e+09	5.28418e+09	5.78317e+09	5.54067e+09	5.7577e+09	5.35398e+09	5.48458e+09	5.43298e+09	5.16513e+09	4.68009e+09	5.3301e+09	4.9344e+09	5.39222e+09	4.9621e+09	5.42673e+09	4.97893e+09	5.41892e+09	6.24107e+09	5.88821e+09	6.24021e+09	5.27843e+09	5.11765e+09	5.19731e+09	6.28173e+09	5.73548e+09	6.22477e+09	5.68025e+09	5.7417e+09	5.7521e+09	5.41313e+09	5.34813e+09	5.18835e+09	5.33242e+09	5.70371e+09	4.5914e+09	5.52774e+09	5.04369e+09	5.05748e+09	5.15324e+09	5.56266e+09	5.51993e+09
ERR608866	7.87029e+09	7.34099e+09	7.20955e+09	7.81212e+09	7.15805e+09	7.15471e+09	7.18237e+09	6.41976e+09	6.83365e+09	6.22343e+09	7.05575e+09	7.14276e+09	5.71272e+09	5.72835e+09	7.01526e+09	7.31592e+09	5.50729e+09	7.65425e+09	6.10487e+09	6.41312e+09	6.53685e+09	6.35128e+09	7.6864e+09	7.76987e+09	8.31921e+09	8.36005e+09	6.73177e+09	8.47947e+09	8.34266e+09	8.65087e+09	6.91018e+09	7.60568e+09	7.702e+09	7.77499e+09	7.64102e+09	7.07586e+09	6.84791e+09	7.49803e+09	7.53031e+09	7.55255e+09	6.8464e+09	6.9958e+09	7.29175e+09	7.55015e+09	7.90112e+09	7.24191e+09	7.20734e+09	7.97987e+09	6.94728e+09	7.77333e+09	7.87447e+09	5.75372e+09	7.79174e+09	7.29243e+09	7.10529e+09	6.15467e+09	6.40352e+09	7.05772e+09	6.72134e+09	7.02859e+09	6.64329e+09	6.80374e+09	6.73533e+09	6.36778e+09	5.76718e+09	6.60315e+09	5.92788e+09	6.52432e+09	5.94495e+09	6.56746e+09	5.98466e+09	6.55626e+09	7.63842e+09	7.14237e+09	7.63606e+09	6.37099e+09	6.1702e+09	6.26499e+09	7.68064e+09	6.91917e+09	7.60231e+09	6.84809e+09	6.93112e+09	6.96585e+09	6.59275e+09	6.52941e+09	6.30184e+09	6.48868e+09	7.00973e+09	5.51616e+09	6.7242e+09	6.09436e+09	6.10199e+09	6.22856e+09	6.76899e+09	6.71452e+09
ERR608868	7.97459e+09	7.42915e+09	7.29257e+09	7.91478e+09	7.24063e+09	7.23754e+09	7.26796e+09	6.48971e+09	6.91048e+09	6.29119e+09	7.13918e+09	7.22787e+09	5.78384e+09	5.79905e+09	7.11126e+09	7.42046e+09	5.573e+09	7.7676e+09	6.1823e+09	6.50178e+09	6.62876e+09	6.43927e+09	7.80402e+09	7.89088e+09	8.4329e+09	8.47565e+09	6.80209e+09	8.34266e+09	8.70886e+09	8.77272e+09	6.985e+09	7.69996e+09	7.79786e+09	7.87233e+09	7.73672e+09	7.1563e+09	6.95566e+09	7.6195e+09	7.65305e+09	7.67518e+09	6.95391e+09	7.10692e+09	7.38068e+09	7.64636e+09	8.00576e+09	7.32924e+09	7.29436e+09	8.0892e+09	7.04053e+09	7.88399e+09	7.98733e+09	5.82064e+09	7.90333e+09	7.39413e+09	7.20401e+09	6.23579e+09	6.48704e+09	7.1545e+09	6.80958e+09	7.12554e+09	6.75486e+09	6.91674e+09	6.84629e+09	6.46778e+09	5.86073e+09	6.71221e+09	6.00134e+09	6.60871e+09	6.01564e+09	6.65201e+09	6.05866e+09	6.64099e+09	7.74354e+09	7.2325e+09	7.74064e+09	6.45202e+09	6.24805e+09	6.34327e+09	7.78479e+09	7.00354e+09	7.70469e+09	6.93149e+09	7.0164e+09	7.05381e+09	6.68686e+09	6.6245e+09	6.39061e+09	6.58056e+09	7.11768e+09	5.58815e+09	6.81558e+09	6.17371e+09	6.18061e+09	6.30992e+09	6.86143e+09	6.80624e+09
ERR608867	8.26432e+09	7.67874e+09	7.53048e+09	8.19914e+09	7.47448e+09	7.47209e+09	7.51382e+09	6.69072e+09	7.1324e+09	6.48462e+09	7.37783e+09	7.47044e+09	5.97665e+09	5.99284e+09	7.37305e+09	7.69895e+09	5.75537e+09	8.0699e+09	6.38606e+09	6.73189e+09	6.866e+09	6.66635e+09	8.10712e+09	8.19958e+09	8.74518e+09	8.79056e+09	7.01942e+09	8.65087e+09	8.77272e+09	9.38498e+09	7.2045e+09	7.96666e+09	8.06881e+09	8.14855e+09	8.00559e+09	7.3854e+09	7.21009e+09	7.91033e+09	7.94627e+09	7.97035e+09	7.20936e+09	7.3714e+09	7.62474e+09	7.90997e+09	8.29393e+09	7.56954e+09	7.5325e+09	8.38565e+09	7.28764e+09	8.179e+09	8.28866e+09	6.00365e+09	8.19903e+09	7.66275e+09	7.47646e+09	6.45862e+09	6.72052e+09	7.4221e+09	7.05601e+09	7.39328e+09	7.04724e+09	7.21592e+09	7.14191e+09	6.73779e+09	6.10376e+09	6.99974e+09	6.1978e+09	6.8334e+09	6.20893e+09	6.87949e+09	6.2578e+09	6.86738e+09	8.02912e+09	7.48629e+09	8.02659e+09	6.67209e+09	6.46006e+09	6.55803e+09	8.06866e+09	7.23785e+09	7.98384e+09	7.16319e+09	7.25248e+09	7.29575e+09	6.92636e+09	6.86637e+09	6.61591e+09	6.81528e+09	7.38751e+09	5.77401e+09	7.05855e+09	6.38609e+09	6.39103e+09	6.52671e+09	7.10629e+09	7.04843e+09
ERR626952	6.75912e+09	6.39371e+09	6.30272e+09	6.72051e+09	6.26569e+09	6.26291e+09	6.24862e+09	5.65401e+09	5.99064e+09	5.48757e+09	6.15406e+09	6.21834e+09	4.86587e+09	4.87972e+09	5.90382e+09	6.14151e+09	4.70415e+09	6.3949e+09	5.24485e+09	5.46034e+09	5.5532e+09	5.40933e+09	6.4616e+09	6.52381e+09	6.97195e+09	6.99989e+09	5.76037e+09	6.91018e+09	6.985e+09	7.2045e+09	6.27663e+09	6.60802e+09	6.67373e+09	6.72398e+09	6.63284e+09	6.23094e+09	5.79043e+09	6.2999e+09	6.32316e+09	6.34054e+09	5.78705e+09	5.90162e+09	6.35442e+09	6.53375e+09	6.77888e+09	6.32097e+09	6.29451e+09	6.83019e+09	5.93983e+09	6.59322e+09	6.67104e+09	4.9816e+09	6.6077e+09	6.21337e+09	5.92158e+09	5.16858e+09	5.36927e+09	5.88715e+09	5.63208e+09	5.86054e+09	5.32679e+09	5.45451e+09	5.40141e+09	5.12699e+09	4.65428e+09	5.30072e+09	5.12302e+09	5.61096e+09	5.15449e+09	5.64571e+09	5.1724e+09	5.63723e+09	6.45418e+09	6.07869e+09	6.45081e+09	5.43622e+09	5.27062e+09	5.35228e+09	6.52793e+09	5.94227e+09	6.46696e+09	5.88527e+09	5.95006e+09	5.96633e+09	5.57686e+09	5.50497e+09	5.33982e+09	5.49138e+09	5.88196e+09	4.70441e+09	5.71411e+09	5.20468e+09	5.21538e+09	5.31852e+09	5.75131e+09	5.7057e+09
ERR626951	7.42292e+09	6.9661e+09	6.84722e+09	7.37425e+09	6.80222e+09	6.80056e+09	6.79759e+09	6.10714e+09	6.48571e+09	5.9252e+09	6.68762e+09	6.76295e+09	5.34135e+09	5.3556e+09	6.5272e+09	6.79997e+09	5.15143e+09	7.10061e+09	5.73842e+09	6.01428e+09	6.12405e+09	5.95688e+09	7.1654e+09	7.23968e+09	7.68305e+09	7.71694e+09	6.26159e+09	7.60568e+09	7.69996e+09	7.96666e+09	6.60802e+09	7.42494e+09	7.30111e+09	7.36299e+09	7.25619e+09	6.75586e+09	6.39901e+09	6.98023e+09	7.00884e+09	7.02902e+09	6.39576e+09	6.52958e+09	6.91695e+09	7.14075e+09	7.44005e+09	6.87496e+09	6.8435e+09	7.51048e+09	6.51444e+09	7.26354e+09	7.35424e+09	5.41613e+09	7.28073e+09	6.83041e+09	6.56289e+09	5.70661e+09	5.92866e+09	6.5187e+09	6.21679e+09	6.4912e+09	6.0264e+09	6.1671e+09	6.10615e+09	5.7798e+09	5.25425e+09	5.99153e+09	5.58814e+09	6.13894e+09	5.61086e+09	6.17806e+09	5.64172e+09	6.16797e+09	7.11415e+09	6.66831e+09	7.11065e+09	5.96001e+09	5.77668e+09	5.86315e+09	7.17966e+09	6.48898e+09	7.10895e+09	6.42532e+09	6.50089e+09	6.53102e+09	6.1543e+09	6.08701e+09	5.88756e+09	6.05857e+09	6.52302e+09	5.16283e+09	6.28568e+09	5.70996e+09	5.71638e+09	5.83286e+09	6.32715e+09	6.27641e+09
ERR626956	7.50352e+09	7.03858e+09	6.92045e+09	7.45355e+09	6.87483e+09	6.87255e+09	6.87278e+09	6.16874e+09	6.55651e+09	5.98265e+09	6.75815e+09	6.83623e+09	5.40105e+09	5.41579e+09	6.6048e+09	6.88209e+09	5.20965e+09	7.18607e+09	5.79987e+09	6.07752e+09	6.188e+09	6.01945e+09	7.24598e+09	7.32185e+09	7.78115e+09	7.81532e+09	6.33912e+09	7.702e+09	7.79786e+09	8.06881e+09	6.67373e+09	7.30111e+09	7.59829e+09	7.4504e+09	7.33278e+09	6.82692e+09	6.46013e+09	7.05445e+09	7.08352e+09	7.10412e+09	6.45754e+09	6.5931e+09	6.98717e+09	7.21431e+09	7.52397e+09	6.94408e+09	6.91234e+09	7.59214e+09	6.5816e+09	7.34342e+09	7.43615e+09	5.47174e+09	7.36087e+09	6.9012e+09	6.64692e+09	5.77624e+09	6.0043e+09	6.60366e+09	6.29932e+09	6.57608e+09	6.11047e+09	6.25555e+09	6.19425e+09	5.8624e+09	5.32219e+09	6.07597e+09	5.64317e+09	6.20098e+09	5.66768e+09	6.24101e+09	5.6984e+09	6.23071e+09	7.19876e+09	6.75025e+09	7.19594e+09	6.02682e+09	5.83977e+09	5.92834e+09	7.26245e+09	6.56513e+09	7.1903e+09	6.50066e+09	6.57669e+09	6.60514e+09	6.22083e+09	6.15137e+09	5.94966e+09	6.12374e+09	6.59254e+09	5.21686e+09	6.35297e+09	5.76903e+09	5.77729e+09	5.8947e+09	6.39429e+09	6.34375e+09
