	ERR608742	ERR608741	ERR608743	ERR608739	ERR608744	ERR608740	ERR621933	ERR621932	ERR621935	ERR621931	ERR621934	ERR621936	ERR613247	ERR613250	ERR613248	ERR613249	ERR613246	ERR613245	ERR617172	ERR617168	ERR617169	ERR617170	ERR617171	ERR617167	ERR637109	ERR637110	ERR637106	ERR637108	ERR637107	ERR637105	ERR630233	ERR630231	ERR630235	ERR630232	ERR630230	ERR630234	ERR617232	ERR617231	ERR617230	ERR617229	ERR617228	ERR617227	ERR607730	ERR607731	ERR607733	ERR607734	ERR607732	ERR607729	ERR605600	ERR605599	ERR605602	ERR605603	ERR605604	ERR605601	ERR618751	ERR618747	ERR618750	ERR618752	ERR618749	ERR618748	ERR617049	ERR617048	ERR617047	ERR617045	ERR617046	ERR617050	ERR635308	ERR635305	ERR635306	ERR635307	ERR635304	ERR635309	ERR613568	ERR613565	ERR613567	ERR613564	ERR613563	ERR613566	ERR618381	ERR618385	ERR618384	ERR618383	ERR618386	ERR618382	ERR629975	ERR629973	ERR629972	ERR629971	ERR629974	ERR629970	ERR630080	ERR630081	ERR630078	ERR630082	ERR630079	ERR630083
ERR608742	0	0.809931	0.811947	0.8613	0.810263	0.820026	0.874858	0.875725	0.862974	0.868179	0.862874	0.862277	0.921804	0.952275	0.958801	0.952252	0.917598	0.912385	0.942977	0.935426	0.936463	0.925115	0.923615	0.939921	0.840377	0.839452	0.845188	0.841337	0.844433	0.8505	1.13092	1.14893	1.13967	1.15064	1.13575	1.13283	0.950299	0.943309	0.949522	0.927098	0.927896	0.934731	0.878387	0.876778	0.880183	0.879595	0.880694	0.884364	1.11312	1.1088	1.11631	1.11483	1.11697	1.11878	1.09677	1.09859	1.09779	1.09555	1.10135	1.10231	1.08668	1.08594	1.07607	1.07928	1.0771	1.08484	1.01257	0.985057	0.978202	1.00432	0.992993	1.01267	1.15087	1.1377	1.15016	1.13762	1.13718	1.14904	1.18733	1.18798	1.19515	1.18731	1.19313	1.18799	1.10305	1.10214	1.09411	1.10354	1.10335	1.09327	1.01452	1.04158	1.01046	1.02289	1.0196	1.02056
ERR608741	0.809931	0	0.81247	0.857356	0.810645	0.814638	0.871287	0.87229	0.859025	0.863819	0.859059	0.85778	0.917548	0.948981	0.956026	0.949085	0.913244	0.90747	0.93932	0.930939	0.931937	0.919905	0.918782	0.935994	0.836868	0.835703	0.840794	0.837793	0.840703	0.846771	1.12791	1.14578	1.13705	1.14753	1.13249	1.12983	0.948174	0.939998	0.945927	0.922924	0.923728	0.931359	0.875237	0.874189	0.87778	0.877048	0.878267	0.882584	1.10992	1.10553	1.11291	1.11155	1.11362	1.11589	1.09272	1.09458	1.09414	1.09173	1.09775	1.09902	1.08337	1.08232	1.07202	1.07562	1.07348	1.08131	1.00987	0.981376	0.974583	1.00139	0.98995	1.01002	1.14709	1.1335	1.14609	1.13355	1.1327	1.14529	1.18446	1.18554	1.19256	1.18455	1.19063	1.18523	1.09899	1.09814	1.08963	1.09934	1.09963	1.08863	1.00944	1.03801	1.00529	1.01944	1.01538	1.01652
ERR608743	0.811947	0.81247	0	0.862015	0.811719	0.821697	0.875843	0.876757	0.864337	0.869007	0.864569	0.863805	0.923168	0.953619	0.960062	0.953543	0.919351	0.914328	0.94231	0.936691	0.937836	0.926265	0.925525	0.940677	0.842089	0.840691	0.846572	0.843018	0.845772	0.851805	1.13075	1.14832	1.13914	1.15025	1.13523	1.13238	0.949809	0.944287	0.950446	0.928281	0.92916	0.935303	0.879825	0.877883	0.88098	0.880555	0.88143	0.885677	1.11261	1.1084	1.11571	1.11433	1.11655	1.11864	1.09631	1.09803	1.09778	1.0952	1.10115	1.10163	1.08551	1.0849	1.07562	1.07853	1.07732	1.08354	1.01204	0.985274	0.978409	1.00377	0.992739	1.0121	1.15125	1.13765	1.15034	1.13772	1.13689	1.1495	1.18868	1.18958	1.19636	1.1886	1.19448	1.18948	1.10253	1.10167	1.09394	1.10317	1.10323	1.09317	1.01423	1.04102	1.01015	1.02306	1.0191	1.01993
ERR608739	0.8613	0.857356	0.862015	0	0.860668	0.861932	0.925748	0.926845	0.917228	0.922204	0.917853	0.917335	0.969024	0.993706	0.997509	0.993489	0.966061	0.964851	0.979407	0.981304	0.983199	0.973549	0.972324	0.982293	0.887119	0.886968	0.893773	0.88786	0.890472	0.895179	1.15564	1.17126	1.16187	1.17342	1.16019	1.15741	0.983765	0.986047	0.991141	0.972763	0.972347	0.975723	0.917051	0.912939	0.917213	0.916932	0.917272	0.920184	1.13772	1.13425	1.14083	1.13947	1.14138	1.14277	1.12684	1.12793	1.12837	1.12612	1.13052	1.13091	1.11298	1.11225	1.10726	1.10822	1.1081	1.11072	1.03771	1.01768	1.0118	1.02998	1.02109	1.03799	1.17998	1.1669	1.17962	1.16686	1.16608	1.1785	1.21486	1.21468	1.22098	1.21466	1.21915	1.21531	1.13179	1.13136	1.12737	1.13426	1.13266	1.12634	1.04844	1.06728	1.04484	1.05121	1.05134	1.04913
ERR608744	0.810263	0.810645	0.811719	0.860668	0	0.820003	0.87543	0.876198	0.863673	0.868565	0.863623	0.863089	0.921669	0.952407	0.958799	0.952602	0.917679	0.91274	0.942444	0.936296	0.937253	0.925618	0.92454	0.940241	0.840331	0.839068	0.844692	0.841076	0.843809	0.849835	1.13044	1.14827	1.13899	1.15006	1.135	1.13219	0.949772	0.944046	0.950281	0.927462	0.928381	0.935238	0.877588	0.875796	0.879051	0.878613	0.879616	0.883601	1.11148	1.10731	1.11472	1.11332	1.11532	1.11753	1.09629	1.09783	1.09739	1.09493	1.10113	1.10168	1.0852	1.08441	1.07526	1.07799	1.07667	1.08314	1.01047	0.98337	0.976594	1.00212	0.991025	1.01078	1.15075	1.13704	1.15005	1.13717	1.13662	1.14888	1.18841	1.18903	1.19602	1.1881	1.19418	1.18902	1.10224	1.1013	1.0936	1.10271	1.10293	1.0927	1.01236	1.03944	1.00832	1.02119	1.01777	1.0183
ERR608740	0.820026	0.814638	0.821697	0.861932	0.820003	0	0.883079	0.884125	0.872536	0.877049	0.87248	0.871306	0.928448	0.958034	0.964143	0.958581	0.925128	0.920538	0.947795	0.94235	0.94359	0.93262	0.931254	0.946107	0.847699	0.846951	0.852392	0.848663	0.851509	0.856493	1.13471	1.15234	1.14303	1.15396	1.13936	1.13661	0.954641	0.949767	0.955428	0.933965	0.93444	0.940475	0.88359	0.881489	0.885354	0.88488	0.885595	0.888968	1.11645	1.11242	1.11955	1.11812	1.12032	1.12242	1.1013	1.10274	1.10241	1.10021	1.10587	1.10659	1.0902	1.08945	1.08073	1.08344	1.08209	1.0885	1.01606	0.989508	0.983122	1.00793	0.996978	1.01641	1.15554	1.14217	1.15454	1.14221	1.14153	1.15376	1.19208	1.19253	1.1994	1.19184	1.19741	1.19261	1.10747	1.10676	1.09944	1.10847	1.10793	1.0985	1.01883	1.04454	1.01482	1.02673	1.02398	1.02384
ERR621933	0.874858	0.871287	0.875843	0.925748	0.87543	0.883079	0	0.769558	0.755191	0.757324	0.753776	0.753482	0.924495	0.958468	0.965933	0.958608	0.920245	0.91174	0.957976	0.944314	0.944411	0.932338	0.931602	0.951177	0.871374	0.869563	0.873318	0.872632	0.875716	0.882784	1.12565	1.14394	1.13574	1.1454	1.13003	1.12717	0.957843	0.945039	0.950555	0.92795	0.929617	0.939665	0.921003	0.921902	0.924378	0.92339	0.925035	0.929791	1.10589	1.10149	1.10884	1.10778	1.10945	1.11267	1.09183	1.09385	1.09327	1.09016	1.09737	1.09849	1.08516	1.0843	1.07228	1.07731	1.07408	1.08371	1.02755	0.998131	0.990534	1.01989	1.00889	1.02728	1.12916	1.1162	1.12818	1.11607	1.11543	1.12776	1.17483	1.17579	1.18289	1.17466	1.18117	1.17547	1.09558	1.09435	1.08408	1.09462	1.09605	1.0827	1.0216	1.05375	1.01701	1.03528	1.02835	1.03281
ERR621932	0.875725	0.87229	0.876757	0.926845	0.876198	0.884125	0.769558	0	0.754915	0.756511	0.754092	0.753308	0.925095	0.959729	0.967635	0.960055	0.920413	0.912311	0.959247	0.945481	0.9455	0.933289	0.932607	0.952133	0.872114	0.870628	0.87421	0.873246	0.876416	0.883867	1.12435	1.14281	1.13457	1.1443	1.12874	1.12592	0.95869	0.945615	0.951038	0.928537	0.930267	0.939584	0.921908	0.922603	0.925581	0.924117	0.925936	0.931268	1.10507	1.10064	1.10807	1.10691	1.10876	1.11179	1.09051	1.09278	1.09211	1.0891	1.09625	1.09717	1.08361	1.08278	1.07068	1.07572	1.07241	1.08229	1.02643	0.997335	0.989485	1.01881	1.00798	1.02645	1.12914	1.11576	1.12806	1.11578	1.11482	1.12717	1.17469	1.17572	1.18322	1.17456	1.1811	1.1755	1.09439	1.09339	1.08307	1.09351	1.09484	1.08191	1.02004	1.05255	1.01537	1.0342	1.02692	1.03128
ERR621935	0.862974	0.859025	0.864337	0.917228	0.863673	0.872536	0.755191	0.754915	0	0.741395	0.731957	0.732046	0.912112	0.947677	0.956221	0.948115	0.907323	0.897838	0.94842	0.933396	0.933465	0.92034	0.919339	0.940762	0.857836	0.855755	0.859804	0.858947	0.862275	0.870305	1.11796	1.13714	1.12878	1.1383	1.12241	1.11948	0.949458	0.934509	0.940476	0.916508	0.918336	0.92898	0.910017	0.911251	0.914	0.912391	0.914816	0.920131	1.09894	1.09425	1.10172	1.10061	1.10246	1.10579	1.08364	1.08572	1.08516	1.08165	1.08951	1.09077	1.07685	1.07571	1.06257	1.06818	1.06442	1.0754	1.01966	0.98893	0.981526	1.01233	1.00043	1.02008	1.12112	1.10787	1.12029	1.10787	1.1071	1.11936	1.16851	1.16969	1.17715	1.16833	1.17513	1.16911	1.08682	1.08553	1.07431	1.0855	1.08719	1.07309	1.012	1.04623	1.00737	1.02699	1.01939	1.02416
ERR621931	0.868179	0.863819	0.869007	0.922204	0.868565	0.877049	0.757324	0.756511	0.741395	0	0.739715	0.739355	0.916139	0.952401	0.960917	0.952364	0.911444	0.902487	0.952685	0.937409	0.937379	0.924836	0.923346	0.944703	0.863022	0.860689	0.86432	0.864001	0.867158	0.874968	1.11916	1.13801	1.12994	1.13934	1.12351	1.12074	0.952806	0.937623	0.943646	0.919924	0.922056	0.932345	0.914706	0.915905	0.91828	0.917058	0.919202	0.924832	1.09974	1.09519	1.10248	1.10148	1.10328	1.10661	1.08471	1.08647	1.08619	1.08305	1.09083	1.09209	1.07768	1.07691	1.06385	1.06921	1.06586	1.07662	1.02208	0.991442	0.984059	1.01418	1.00294	1.022	1.12251	1.10906	1.12149	1.10874	1.10859	1.12067	1.16992	1.17132	1.17878	1.16965	1.17651	1.17058	1.08826	1.08675	1.07577	1.08678	1.08883	1.07456	1.01332	1.04724	1.0083	1.02859	1.0206	1.02559
ERR621934	0.862874	0.859059	0.864569	0.917853	0.863623	0.87248	0.753776	0.754092	0.731957	0.739715	0	0.730679	0.91139	0.94743	0.955992	0.947378	0.906461	0.896512	0.948461	0.932453	0.932589	0.919289	0.918207	0.940217	0.857647	0.85522	0.85922	0.85876	0.861858	0.869891	1.11751	1.1368	1.12849	1.13808	1.12208	1.11909	0.949172	0.933399	0.939204	0.915012	0.91697	0.928133	0.91019	0.910866	0.913828	0.912599	0.914934	0.920188	1.09877	1.09431	1.10162	1.10045	1.10231	1.10557	1.08312	1.08541	1.08444	1.08097	1.0889	1.09018	1.07625	1.07541	1.06181	1.06751	1.06352	1.0752	1.02001	0.988342	0.980754	1.0119	1.00047	1.01981	1.12014	1.10702	1.11927	1.10694	1.1065	1.1186	1.16743	1.16883	1.17647	1.16731	1.17439	1.16833	1.08605	1.08484	1.07326	1.08461	1.08669	1.07212	1.0111	1.04579	1.0065	1.0264	1.01866	1.02399
ERR621936	0.862277	0.85778	0.863805	0.917335	0.863089	0.871306	0.753482	0.753308	0.732046	0.739355	0.730679	0	0.910656	0.94709	0.955465	0.947273	0.905825	0.896347	0.947271	0.931671	0.931779	0.918763	0.917458	0.939482	0.857364	0.854826	0.859135	0.858258	0.861656	0.869715	1.11689	1.13619	1.12766	1.13765	1.12156	1.11836	0.947811	0.932288	0.938393	0.91441	0.915834	0.927082	0.909738	0.910911	0.913465	0.912205	0.914524	0.919807	1.09804	1.09348	1.10082	1.09976	1.10171	1.10508	1.08242	1.08476	1.08398	1.08072	1.08846	1.08964	1.07577	1.07499	1.06154	1.06731	1.06367	1.07462	1.01927	0.987843	0.980202	1.01138	0.999289	1.01918	1.1204	1.10705	1.1193	1.10685	1.1064	1.11853	1.16731	1.1688	1.17622	1.16709	1.1744	1.16817	1.08555	1.08418	1.07287	1.08412	1.08588	1.07155	1.01079	1.04497	1.00607	1.02587	1.01833	1.02347
ERR613247	0.921804	0.917548	0.923168	0.969024	0.921669	0.928448	0.924495	0.925095	0.912112	0.916139	0.91139	0.910656	0	0.814242	0.824923	0.814352	0.761744	0.753119	0.893086	0.878181	0.878127	0.864119	0.862922	0.886135	0.869918	0.867593	0.872316	0.871893	0.874644	0.881457	1.07776	1.09815	1.08928	1.1	1.0826	1.07919	0.956389	0.942558	0.949374	0.924099	0.925656	0.936526	0.909653	0.910833	0.913661	0.91261	0.914601	0.919511	1.05668	1.05149	1.06001	1.05859	1.06031	1.0642	1.02433	1.0266	1.02542	1.02219	1.02982	1.03253	1.01966	1.01905	1.00498	1.01044	1.0068	1.01851	0.991983	0.959668	0.952005	0.9836	0.971684	0.991327	1.07323	1.05776	1.0721	1.0578	1.05745	1.07095	1.12948	1.1304	1.13846	1.12887	1.13568	1.13015	1.03094	1.02978	1.01813	1.03008	1.03181	1.0169	0.969491	1.00297	0.96425	0.983198	0.976512	0.980564
ERR613250	0.952275	0.948981	0.953619	0.993706	0.952407	0.958034	0.958468	0.959729	0.947677	0.952401	0.94743	0.94709	0.814242	0	0.85419	0.845471	0.80947	0.80298	0.923543	0.911408	0.911799	0.900447	0.899228	0.918126	0.906334	0.90433	0.908377	0.908259	0.909893	0.915691	1.10243	1.12069	1.11267	1.12241	1.10689	1.10382	0.984579	0.973341	0.978991	0.957771	0.958677	0.967691	0.938578	0.939409	0.942125	0.941354	0.942862	0.94653	1.08331	1.07886	1.08652	1.08481	1.08673	1.08989	1.05223	1.05457	1.05335	1.05023	1.05729	1.05934	1.04944	1.04859	1.03673	1.04163	1.03864	1.04814	1.02052	0.991771	0.985413	1.01275	1.00289	1.01974	1.09803	1.08411	1.0968	1.08425	1.08386	1.09583	1.14854	1.14917	1.15583	1.14803	1.15359	1.14896	1.05923	1.05835	1.04832	1.05877	1.05993	1.04737	1.00259	1.03177	0.998223	1.01388	1.00882	1.01183
ERR613248	0.958801	0.956026	0.960062	0.997509	0.958799	0.964143	0.965933	0.967635	0.956221	0.960917	0.955992	0.955465	0.824923	0.85419	0	0.853994	0.820501	0.815224	0.929704	0.920113	0.920545	0.909887	0.908657	0.925742	0.914825	0.912699	0.917099	0.916468	0.918401	0.924048	1.10772	1.12558	1.1176	1.12731	1.11244	1.10913	0.989785	0.980871	0.986667	0.965913	0.966262	0.974765	0.94532	0.946135	0.948878	0.948496	0.949425	0.952802	1.0892	1.08502	1.09237	1.0908	1.09266	1.09578	1.05828	1.0608	1.05966	1.05683	1.06321	1.06547	1.05553	1.05498	1.04436	1.04814	1.04593	1.0544	1.02549	0.998393	0.992502	1.01812	1.00847	1.02518	1.1055	1.09155	1.10439	1.09151	1.09115	1.10322	1.15416	1.15453	1.16146	1.15363	1.15893	1.15473	1.06595	1.06532	1.05656	1.06616	1.06676	1.05541	1.01007	1.03676	1.00581	1.01964	1.01524	1.0175
ERR613249	0.952252	0.949085	0.953543	0.993489	0.952602	0.958581	0.958608	0.960055	0.948115	0.952364	0.947378	0.947273	0.814352	0.845471	0.853994	0	0.808906	0.802905	0.923437	0.912022	0.912076	0.900739	0.89972	0.918365	0.905939	0.90408	0.908633	0.908263	0.910135	0.915913	1.10103	1.11962	1.11133	1.12111	1.10564	1.10245	0.98413	0.973815	0.979588	0.95807	0.958999	0.967919	0.938665	0.939565	0.942197	0.941615	0.942714	0.946888	1.08211	1.07772	1.08515	1.08333	1.08542	1.08855	1.05029	1.05289	1.05159	1.04841	1.05533	1.0577	1.04772	1.04673	1.0356	1.03981	1.03693	1.04609	1.01956	0.990809	0.984575	1.01181	1.0018	1.01908	1.09734	1.08315	1.09609	1.08312	1.08266	1.09507	1.14814	1.1488	1.15574	1.14783	1.15326	1.14892	1.05766	1.05655	1.04724	1.05719	1.05835	1.04601	1.0021	1.03047	0.997365	1.01284	1.00784	1.01087
ERR613246	0.917598	0.913244	0.919351	0.966061	0.917679	0.925128	0.920245	0.920413	0.907323	0.911444	0.906461	0.905825	0.761744	0.80947	0.820501	0.808906	0	0.744782	0.889096	0.872752	0.872419	0.857857	0.856707	0.881224	0.864985	0.862299	0.866751	0.866734	0.86987	0.876949	1.07351	1.09489	1.08563	1.09624	1.07862	1.07482	0.953328	0.938618	0.945194	0.919473	0.920687	0.932282	0.904699	0.906388	0.909104	0.90788	0.910133	0.915192	1.05239	1.04716	1.05562	1.05402	1.05596	1.06009	1.01974	1.0225	1.02124	1.01766	1.02576	1.0285	1.01591	1.01469	1.00013	1.00576	1.00214	1.01465	0.98771	0.954256	0.946731	0.978917	0.967106	0.986803	1.06864	1.05281	1.06716	1.05302	1.05274	1.06609	1.12543	1.127	1.13494	1.12517	1.13239	1.12633	1.02651	1.02516	1.0127	1.02496	1.02702	1.01156	0.963462	0.998304	0.958466	0.978131	0.971108	0.975533
ERR613245	0.912385	0.90747	0.914328	0.964851	0.91274	0.920538	0.91174	0.912311	0.897838	0.902487	0.896512	0.896347	0.753119	0.80298	0.815224	0.802905	0.744782	0	0.883873	0.864009	0.86343	0.847889	0.846462	0.874116	0.859011	0.85613	0.859912	0.861094	0.863996	0.871339	1.06951	1.091	1.08247	1.09217	1.07444	1.07063	0.949086	0.930987	0.937713	0.910945	0.912657	0.926018	0.900551	0.903378	0.905633	0.904312	0.906641	0.912338	1.04837	1.04308	1.05154	1.05019	1.05214	1.05624	1.01436	1.01719	1.01588	1.01183	1.02104	1.02366	1.01169	1.01037	0.993539	1.00042	0.99573	1.0105	0.985531	0.949766	0.941892	0.976649	0.964225	0.984875	1.06073	1.04528	1.05912	1.04535	1.04525	1.05823	1.11838	1.12042	1.12872	1.11823	1.12587	1.11909	1.02079	1.01931	1.00492	1.01865	1.02151	1.00389	0.958683	0.996573	0.953349	0.975513	0.967089	0.972642
ERR617172	0.942977	0.93932	0.94231	0.979407	0.942444	0.947795	0.957976	0.959247	0.94842	0.952685	0.948461	0.947271	0.893086	0.923543	0.929704	0.923437	0.889096	0.883873	0	0.806992	0.808586	0.790761	0.78929	0.81078	0.894669	0.893383	0.901142	0.896847	0.899741	0.90855	1.10612	1.12515	1.11551	1.12745	1.11112	1.10788	0.945671	0.943514	0.949629	0.926085	0.926646	0.933412	0.929772	0.928693	0.931724	0.931072	0.932861	0.938422	1.09168	1.08761	1.09526	1.0937	1.09578	1.09845	1.05655	1.05802	1.05756	1.05498	1.06158	1.06204	1.0542	1.05336	1.04521	1.04813	1.04669	1.05196	0.989849	0.964498	0.957154	0.981535	0.972371	0.989328	1.11336	1.0981	1.11293	1.09821	1.09738	1.11178	1.15706	1.15699	1.16442	1.15665	1.16221	1.15792	1.06713	1.06624	1.05901	1.06788	1.06779	1.05775	1.00052	1.0258	0.995993	1.00876	1.00527	1.00634
ERR617168	0.935426	0.930939	0.936691	0.981304	0.936296	0.94235	0.944314	0.945481	0.933396	0.937409	0.932453	0.931671	0.878181	0.911408	0.920113	0.912022	0.872752	0.864009	0.806992	0	0.787361	0.772498	0.77146	0.797477	0.887789	0.88551	0.890603	0.889657	0.892778	0.900584	1.10154	1.12111	1.11274	1.12238	1.10606	1.10284	0.945935	0.931382	0.937697	0.91304	0.914177	0.925425	0.923075	0.92577	0.927232	0.926051	0.929227	0.934337	1.08743	1.083	1.09049	1.08928	1.09095	1.0946	1.0481	1.05011	1.04864	1.04558	1.05385	1.05542	1.05183	1.0507	1.03666	1.04233	1.0384	1.05038	0.993528	0.961414	0.954071	0.98544	0.974018	0.993211	1.09977	1.08562	1.09878	1.08566	1.08508	1.09775	1.14047	1.14187	1.14947	1.14043	1.14748	1.14133	1.05962	1.05827	1.04669	1.05793	1.06045	1.04527	0.99408	1.0262	0.989527	1.00797	1.0009	1.00586
ERR617169	0.936463	0.931937	0.937836	0.983199	0.937253	0.94359	0.944411	0.9455	0.933465	0.937379	0.932589	0.931779	0.878127	0.911799	0.920545	0.912076	0.872419	0.86343	0.808586	0.787361	0	0.773274	0.772088	0.798111	0.888628	0.8862	0.891121	0.890393	0.89332	0.901033	1.10219	1.12152	1.11335	1.12328	1.10627	1.10355	0.947068	0.932253	0.938519	0.913788	0.915546	0.926989	0.923855	0.926358	0.927908	0.926826	0.929824	0.935318	1.08756	1.08307	1.09066	1.0893	1.09116	1.09473	1.04793	1.0503	1.0491	1.04588	1.05404	1.05571	1.05211	1.05103	1.03676	1.04274	1.03862	1.05095	0.994413	0.962363	0.95464	0.98637	0.97496	0.993816	1.09922	1.08519	1.09809	1.08515	1.08473	1.09731	1.1406	1.14198	1.14937	1.14043	1.14739	1.14117	1.06048	1.059	1.047	1.05831	1.06103	1.0456	0.994558	1.02732	0.98993	1.00923	1.00181	1.00661
ERR617170	0.925115	0.919905	0.926265	0.973549	0.925618	0.93262	0.932338	0.933289	0.92034	0.924836	0.919289	0.918763	0.864119	0.900447	0.909887	0.900739	0.857857	0.847889	0.790761	0.772498	0.773274	0	0.750076	0.784154	0.874605	0.872016	0.877466	0.876409	0.879654	0.88846	1.09208	1.11235	1.10373	1.1136	1.09671	1.09325	0.936495	0.920145	0.926706	0.900706	0.901981	0.91421	0.91301	0.91538	0.91738	0.916199	0.918884	0.925137	1.07783	1.07264	1.08045	1.07942	1.08127	1.08494	1.03698	1.03938	1.03795	1.03459	1.04329	1.04489	1.04067	1.03945	1.02417	1.03045	1.02605	1.03944	0.983381	0.949222	0.941571	0.975018	0.962599	0.982967	1.08916	1.07479	1.08813	1.07469	1.07417	1.08704	1.13227	1.13408	1.14185	1.13236	1.13981	1.13312	1.04816	1.04691	1.03419	1.04622	1.0492	1.03267	0.981708	1.01636	0.976801	0.997434	0.989305	0.994887
ERR617171	0.923615	0.918782	0.925525	0.972324	0.92454	0.931254	0.931602	0.932607	0.919339	0.923346	0.918207	0.917458	0.862922	0.899228	0.908657	0.89972	0.856707	0.846462	0.78929	0.77146	0.772088	0.750076	0	0.78268	0.873232	0.870403	0.875915	0.875094	0.878381	0.886874	1.09076	1.11139	1.10263	1.11267	1.09532	1.09203	0.935337	0.91961	0.926477	0.900234	0.901155	0.91364	0.912048	0.914239	0.915796	0.914719	0.917497	0.923759	1.07631	1.07155	1.07935	1.07798	1.08012	1.0837	1.03586	1.03809	1.03675	1.0333	1.04213	1.04349	1.0394	1.03799	1.02314	1.02935	1.02493	1.03812	0.982647	0.94834	0.940735	0.973834	0.961907	0.982007	1.08807	1.07349	1.08732	1.0735	1.07307	1.08638	1.13183	1.13359	1.14148	1.13175	1.13925	1.13271	1.04722	1.04586	1.03313	1.04527	1.04805	1.03173	0.980316	1.0145	0.975462	0.995672	0.98762	0.993224
ERR617167	0.939921	0.935994	0.940677	0.982293	0.940241	0.946107	0.951177	0.952133	0.940762	0.944703	0.940217	0.939482	0.886135	0.918126	0.925742	0.918365	0.881224	0.874116	0.81078	0.797477	0.798111	0.784154	0.78268	0	0.892689	0.890466	0.896665	0.894626	0.897548	0.905573	1.10473	1.12374	1.1151	1.12554	1.1094	1.10633	0.948239	0.937937	0.944266	0.920615	0.921335	0.930788	0.926805	0.927531	0.929825	0.929074	0.93121	0.936753	1.09018	1.08579	1.09352	1.09205	1.0939	1.09719	1.05257	1.05451	1.05371	1.0508	1.05817	1.05922	1.0544	1.05325	1.04158	1.04597	1.04322	1.05274	0.993502	0.964023	0.957225	0.985166	0.974626	0.992994	1.10653	1.09194	1.10593	1.09186	1.09142	1.10463	1.1483	1.14915	1.15653	1.14811	1.15454	1.14914	1.06446	1.06328	1.05316	1.06371	1.06513	1.05187	0.997589	1.02711	0.992968	1.00958	1.00403	1.0071
ERR637109	0.840377	0.836868	0.842089	0.887119	0.840331	0.847699	0.871374	0.872114	0.857836	0.863022	0.857647	0.857364	0.869918	0.906334	0.914825	0.905939	0.864985	0.859011	0.894669	0.887789	0.888628	0.874605	0.873232	0.892689	0	0.740942	0.752077	0.744928	0.751269	0.760812	1.09751	1.11763	1.10748	1.11935	1.10287	1.09932	0.934608	0.92847	0.934856	0.909217	0.910156	0.917487	0.821682	0.820308	0.823971	0.823174	0.825252	0.831617	1.07746	1.07278	1.08117	1.07925	1.08155	1.08466	1.05682	1.05899	1.05828	1.0554	1.06247	1.06338	1.04557	1.04474	1.03413	1.03756	1.03575	1.04385	0.975795	0.945483	0.937877	0.966381	0.954463	0.975529	1.11754	1.10247	1.11692	1.1023	1.10177	1.11576	1.16634	1.16737	1.17516	1.16631	1.17257	1.16708	1.06383	1.06321	1.05416	1.06455	1.06455	1.05307	0.972612	1.00222	0.968022	0.982524	0.978788	0.979309
ERR637110	0.839452	0.835703	0.840691	0.886968	0.839068	0.846951	0.869563	0.870628	0.855755	0.860689	0.85522	0.854826	0.867593	0.90433	0.912699	0.90408	0.862299	0.85613	0.893383	0.88551	0.8862	0.872016	0.870403	0.890466	0.740942	0	0.750032	0.742464	0.748719	0.758876	1.09594	1.11602	1.10629	1.11788	1.1013	1.09783	0.933271	0.926728	0.932802	0.907037	0.908347	0.916197	0.82052	0.818396	0.822825	0.8224	0.824085	0.830645	1.07599	1.07116	1.07953	1.07777	1.0802	1.08315	1.0549	1.05705	1.0565	1.05347	1.0606	1.06166	1.04401	1.04291	1.0321	1.03561	1.0337	1.04174	0.974527	0.944289	0.936547	0.965285	0.953273	0.974506	1.11572	1.10019	1.11461	1.10049	1.09964	1.11358	1.1648	1.16586	1.17378	1.1646	1.17102	1.16566	1.0619	1.06102	1.05186	1.0625	1.06255	1.05092	0.970764	1.00093	0.966007	0.981121	0.977022	0.978071
ERR637106	0.845188	0.840794	0.846572	0.893773	0.844692	0.852392	0.873318	0.87421	0.859804	0.86432	0.85922	0.859135	0.872316	0.908377	0.917099	0.908633	0.866751	0.859912	0.901142	0.890603	0.891121	0.877466	0.875915	0.896665	0.752077	0.750032	0	0.75327	0.755035	0.763589	1.1015	1.12108	1.11205	1.12263	1.10656	1.10312	0.939862	0.93082	0.937307	0.911451	0.912989	0.921592	0.82486	0.824642	0.827789	0.826963	0.829229	0.835267	1.08046	1.07563	1.08389	1.08231	1.08429	1.08754	1.06012	1.06244	1.06174	1.05856	1.0658	1.06724	1.05007	1.04904	1.03697	1.04108	1.03878	1.04823	0.98171	0.950345	0.942763	0.972805	0.960584	0.981655	1.11806	1.10348	1.11706	1.1035	1.10277	1.11635	1.16585	1.16728	1.17497	1.16587	1.17251	1.16662	1.06757	1.06657	1.05617	1.06739	1.06833	1.05526	0.975736	1.00745	0.971001	0.987687	0.982044	0.984619
ERR637108	0.841337	0.837793	0.843018	0.88786	0.841076	0.848663	0.872632	0.873246	0.858947	0.864001	0.85876	0.858258	0.871893	0.908259	0.916468	0.908263	0.866734	0.861094	0.896847	0.889657	0.890393	0.876409	0.875094	0.894626	0.744928	0.742464	0.75327	0	0.752921	0.762159	1.09853	1.11844	1.10868	1.1204	1.10374	1.10046	0.935556	0.929393	0.935853	0.909918	0.911594	0.91865	0.822809	0.821146	0.824956	0.8243	0.826011	0.832484	1.07846	1.07374	1.0819	1.08017	1.08268	1.08538	1.05804	1.05985	1.05943	1.05672	1.0634	1.06448	1.04665	1.04563	1.0351	1.03837	1.03675	1.04445	0.977189	0.946914	0.939259	0.967847	0.955888	0.976855	1.11876	1.10326	1.11801	1.10353	1.10283	1.11685	1.16732	1.16822	1.17613	1.16726	1.1737	1.1679	1.06498	1.06424	1.05516	1.06576	1.06579	1.05413	0.973593	1.00357	0.969058	0.983753	0.979538	0.98063
ERR637107	0.844433	0.840703	0.845772	0.890472	0.843809	0.851509	0.875716	0.876416	0.862275	0.867158	0.861858	0.861656	0.874644	0.909893	0.918401	0.910135	0.86987	0.863996	0.899741	0.892778	0.89332	0.879654	0.878381	0.897548	0.751269	0.748719	0.755035	0.752921	0	0.76351	1.10117	1.12049	1.11095	1.12267	1.10613	1.10292	0.93798	0.932349	0.938498	0.912583	0.914161	0.921325	0.825352	0.82318	0.827556	0.826676	0.828245	0.83462	1.08022	1.07551	1.08379	1.08202	1.08436	1.08716	1.06051	1.06237	1.06162	1.05888	1.06573	1.06684	1.04884	1.04824	1.03749	1.04088	1.03941	1.04698	0.978913	0.949415	0.942201	0.970097	0.958456	0.979231	1.12046	1.10551	1.11962	1.10538	1.10488	1.11866	1.16869	1.16941	1.1774	1.16852	1.17501	1.16951	1.0675	1.06661	1.05798	1.06816	1.06845	1.05671	0.975942	1.0056	0.971314	0.985991	0.982125	0.983002
ERR637105	0.8505	0.846771	0.851805	0.895179	0.849835	0.856493	0.882784	0.883867	0.870305	0.874968	0.869891	0.869715	0.881457	0.915691	0.924048	0.915913	0.876949	0.871339	0.90855	0.900584	0.901033	0.88846	0.886874	0.905573	0.760812	0.758876	0.763589	0.762159	0.76351	0	1.10914	1.12809	1.11888	1.12991	1.11385	1.11059	0.945973	0.939617	0.945268	0.921195	0.922242	0.9294	0.830194	0.82876	0.832269	0.831581	0.833542	0.839235	1.08704	1.0824	1.09052	1.08892	1.09094	1.0939	1.06873	1.07091	1.07023	1.06751	1.07415	1.07537	1.05757	1.05654	1.04598	1.04958	1.04758	1.05562	0.986373	0.956725	0.94947	0.977372	0.965928	0.986304	1.12679	1.11205	1.12577	1.11231	1.11154	1.12489	1.17361	1.17454	1.18223	1.17349	1.17978	1.17427	1.07632	1.07535	1.06636	1.07671	1.07708	1.06531	0.983333	1.01252	0.978888	0.993459	0.989217	0.990695
ERR630233	1.13092	1.12791	1.13075	1.15564	1.13044	1.13471	1.12565	1.12435	1.11796	1.11916	1.11751	1.11689	1.07776	1.10243	1.10772	1.10103	1.07351	1.06951	1.10612	1.10154	1.10219	1.09208	1.09076	1.10473	1.09751	1.09594	1.1015	1.09853	1.10117	1.10914	0	0.740729	0.728544	0.751402	0.724267	0.718805	1.12395	1.11925	1.12315	1.10806	1.10808	1.11257	1.13252	1.1314	1.13531	1.13457	1.13535	1.13931	1.02026	1.01556	1.02387	1.02246	1.02517	1.02724	0.941366	0.938818	0.942521	0.940414	0.94395	0.946626	0.963204	0.961559	0.952266	0.953463	0.953959	0.961226	1.094	1.07009	1.06737	1.08623	1.07994	1.09124	1.00237	0.983831	1.00334	0.981814	0.980933	1.00047	1.08742	1.08597	1.09572	1.08511	1.09343	1.08795	0.898181	0.89862	0.891306	0.89891	0.900607	0.889576	1.06742	1.09204	1.06382	1.07578	1.07406	1.07354
ERR630231	1.14893	1.14578	1.14832	1.17126	1.14827	1.15234	1.14394	1.14281	1.13714	1.13801	1.1368	1.13619	1.09815	1.12069	1.12558	1.11962	1.09489	1.091	1.12515	1.12111	1.12152	1.11235	1.11139	1.12374	1.11763	1.11602	1.12108	1.11844	1.12049	1.12809	0.740729	0	0.746067	0.76371	0.741902	0.740974	1.14139	1.13795	1.1415	1.12758	1.12738	1.13129	1.1495	1.14853	1.15194	1.15164	1.15223	1.15598	1.04226	1.0379	1.0459	1.04459	1.04714	1.04862	0.967016	0.964621	0.968338	0.966594	0.968958	0.971365	0.988375	0.986886	0.979332	0.980023	0.981113	0.98655	1.11015	1.08814	1.08587	1.10247	1.09696	1.10717	1.02359	1.00639	1.02457	1.00445	1.00375	1.02199	1.10309	1.10159	1.11004	1.10097	1.10851	1.10358	0.922728	0.923648	0.917678	0.923236	0.925264	0.916015	1.08768	1.10994	1.08433	1.09497	1.09337	1.09302
ERR630235	1.13967	1.13705	1.13914	1.16187	1.13899	1.14303	1.13574	1.13457	1.12878	1.12994	1.12849	1.12766	1.08928	1.11267	1.1176	1.11133	1.08563	1.08247	1.11551	1.11274	1.11335	1.10373	1.10263	1.1151	1.10748	1.10629	1.11205	1.10868	1.11095	1.11888	0.728544	0.746067	0	0.756794	0.73218	0.729312	1.13192	1.12929	1.13313	1.11872	1.11855	1.12202	1.14137	1.13978	1.14377	1.14327	1.14364	1.1476	1.03208	1.02758	1.03609	1.03466	1.03733	1.03853	0.955472	0.952871	0.956572	0.954867	0.957616	0.959762	0.976506	0.974893	0.967878	0.967919	0.969493	0.974102	1.10108	1.07875	1.07651	1.09277	1.08742	1.09804	1.01682	0.998687	1.01783	0.996806	0.995826	1.01508	1.09802	1.09645	1.10567	1.09581	1.10371	1.09874	0.911577	0.91221	0.907377	0.912957	0.913769	0.906017	1.07765	1.09953	1.07418	1.08415	1.08349	1.08197
ERR630232	1.15064	1.14753	1.15025	1.17342	1.15006	1.15396	1.1454	1.1443	1.1383	1.13934	1.13808	1.13765	1.1	1.12241	1.12731	1.12111	1.09624	1.09217	1.12745	1.12238	1.12328	1.1136	1.11267	1.12554	1.11935	1.11788	1.12263	1.1204	1.12267	1.12991	0.751402	0.76371	0.756794	0	0.751658	0.751461	1.14358	1.13915	1.14283	1.1289	1.1288	1.13271	1.1513	1.15054	1.1536	1.15329	1.15391	1.15783	1.04439	1.04015	1.04815	1.04679	1.04912	1.05088	0.96929	0.966447	0.970052	0.968507	0.971445	0.973902	0.992048	0.990683	0.982188	0.983237	0.983731	0.990552	1.11355	1.0906	1.0885	1.10604	1.1003	1.1106	1.02427	1.00781	1.02528	1.00595	1.00534	1.02256	1.10335	1.10201	1.11046	1.10111	1.10903	1.10392	0.926301	0.926586	0.919951	0.925867	0.928226	0.918566	1.08997	1.11285	1.08625	1.09799	1.09598	1.09603
ERR630230	1.13575	1.13249	1.13523	1.16019	1.135	1.13936	1.13003	1.12874	1.12241	1.12351	1.12208	1.12156	1.0826	1.10689	1.11244	1.10564	1.07862	1.07444	1.11112	1.10606	1.10627	1.09671	1.09532	1.1094	1.10287	1.1013	1.10656	1.10374	1.10613	1.11385	0.724267	0.741902	0.73218	0.751658	0	0.724852	1.12829	1.12334	1.12737	1.11247	1.1123	1.11686	1.13656	1.13603	1.13935	1.13885	1.13937	1.14362	1.02582	1.02139	1.0299	1.0288	1.03098	1.03307	0.946856	0.944779	0.948175	0.946233	0.949956	0.952099	0.969567	0.967788	0.957731	0.959305	0.959981	0.967504	1.09851	1.0743	1.07198	1.09061	1.08421	1.09551	1.00685	0.98866	1.00754	0.986746	0.985752	1.00493	1.09035	1.08913	1.09872	1.08794	1.09654	1.09111	0.904608	0.90455	0.896703	0.904326	0.906663	0.895077	1.07215	1.09702	1.06867	1.08112	1.07897	1.07912
ERR630234	1.13283	1.12983	1.13238	1.15741	1.13219	1.13661	1.12717	1.12592	1.11948	1.12074	1.11909	1.11836	1.07919	1.10382	1.10913	1.10245	1.07482	1.07063	1.10788	1.10284	1.10355	1.09325	1.09203	1.10633	1.09932	1.09783	1.10312	1.10046	1.10292	1.11059	0.718805	0.740974	0.729312	0.751461	0.724852	0	1.12573	1.12069	1.12462	1.10958	1.10953	1.11399	1.13405	1.13303	1.13696	1.13635	1.13706	1.14106	1.02158	1.01692	1.02561	1.02428	1.02673	1.02869	0.94254	0.940118	0.943687	0.941463	0.945625	0.947662	0.964484	0.962909	0.952934	0.954553	0.95517	0.962778	1.09583	1.07151	1.06884	1.08779	1.08144	1.09295	1.0024	0.984131	1.00313	0.982148	0.981118	1.00032	1.08679	1.0857	1.0953	1.08477	1.09336	1.08764	0.899249	0.899849	0.891755	0.899639	0.901528	0.89014	1.06926	1.09378	1.0658	1.07799	1.07592	1.07573
ERR617232	0.950299	0.948174	0.949809	0.983765	0.949772	0.954641	0.957843	0.95869	0.949458	0.952806	0.949172	0.947811	0.956389	0.984579	0.989785	0.98413	0.953328	0.949086	0.945671	0.945935	0.947068	0.936495	0.935337	0.948239	0.934608	0.933271	0.939862	0.935556	0.93798	0.945973	1.12395	1.14139	1.13192	1.14358	1.12829	1.12573	0	0.858698	0.864075	0.84265	0.843218	0.84782	0.969991	0.967568	0.971452	0.970964	0.972063	0.976428	1.11123	1.10729	1.11462	1.11327	1.11504	1.11737	1.08333	1.08435	1.0846	1.08251	1.08778	1.088	1.0804	1.07967	1.07325	1.07536	1.07503	1.07845	1.01912	0.995327	0.988329	1.0116	1.00201	1.01874	1.1418	1.12751	1.14138	1.12805	1.12712	1.14037	1.17918	1.17858	1.18553	1.17879	1.18324	1.17998	1.08995	1.08934	1.08345	1.09136	1.09062	1.08236	1.03496	1.05945	1.03069	1.04191	1.03956	1.03983
ERR617231	0.943309	0.939998	0.944287	0.986047	0.944046	0.949767	0.945039	0.945615	0.934509	0.937623	0.933399	0.932288	0.942558	0.973341	0.980871	0.973815	0.938618	0.930987	0.943514	0.931382	0.932253	0.920145	0.91961	0.937937	0.92847	0.926728	0.93082	0.929393	0.932349	0.939617	1.11925	1.13795	1.12929	1.13915	1.12334	1.12069	0.858698	0	0.849924	0.826623	0.827887	0.838509	0.964434	0.965303	0.967583	0.966516	0.968073	0.972838	1.10716	1.10274	1.11013	1.10883	1.11071	1.11356	1.07603	1.07771	1.07721	1.07447	1.08136	1.08234	1.07794	1.07705	1.06559	1.07026	1.06732	1.07703	1.02093	0.991107	0.984568	1.01412	1.00142	1.02076	1.12917	1.1161	1.12822	1.11634	1.11575	1.12726	1.16401	1.16496	1.1718	1.16415	1.16963	1.16486	1.08316	1.08208	1.07208	1.08229	1.08378	1.07097	1.02789	1.05883	1.02347	1.04034	1.03438	1.03834
ERR617230	0.949522	0.945927	0.950446	0.991141	0.950281	0.955428	0.950555	0.951038	0.940476	0.943646	0.939204	0.938393	0.949374	0.978991	0.986667	0.979588	0.945194	0.937713	0.949629	0.937697	0.938519	0.926706	0.926477	0.944266	0.934856	0.932802	0.937307	0.935853	0.938498	0.945268	1.12315	1.1415	1.13313	1.14283	1.12737	1.12462	0.864075	0.849924	0	0.832944	0.834127	0.844537	0.969979	0.970766	0.973345	0.972138	0.973898	0.978324	1.11153	1.10757	1.11474	1.11343	1.11517	1.11835	1.0806	1.08244	1.08165	1.07897	1.086	1.08691	1.08305	1.0824	1.07094	1.0755	1.07244	1.08196	1.02611	0.996918	0.989811	1.01937	1.00767	1.02623	1.13252	1.11991	1.13165	1.12021	1.11958	1.1308	1.16733	1.16824	1.17494	1.16719	1.17275	1.16797	1.08769	1.08667	1.07681	1.08693	1.08843	1.07557	1.03387	1.06413	1.02932	1.04621	1.04059	1.04417
ERR617229	0.927098	0.922924	0.928281	0.972763	0.927462	0.933965	0.92795	0.928537	0.916508	0.919924	0.915012	0.91441	0.924099	0.957771	0.965913	0.95807	0.919473	0.910945	0.926085	0.91304	0.913788	0.900706	0.900234	0.920615	0.909217	0.907037	0.911451	0.909918	0.912583	0.921195	1.10806	1.12758	1.11872	1.1289	1.11247	1.10958	0.84265	0.826623	0.832944	0	0.803399	0.816322	0.947475	0.948117	0.95106	0.949907	0.951905	0.956933	1.09532	1.0906	1.09839	1.097	1.09882	1.10208	1.06367	1.06524	1.0649	1.06192	1.06945	1.07034	1.065	1.06384	1.05157	1.05671	1.05372	1.06387	1.00839	0.977038	0.969444	1.00126	0.988026	1.00856	1.11798	1.10399	1.11699	1.10411	1.10343	1.11587	1.15456	1.15558	1.16305	1.15452	1.16118	1.15548	1.07016	1.06894	1.05824	1.06895	1.07117	1.0572	1.01234	1.04492	1.00714	1.02593	1.01915	1.02358
ERR617228	0.927896	0.923728	0.92916	0.972347	0.928381	0.93444	0.929617	0.930267	0.918336	0.922056	0.91697	0.915834	0.925656	0.958677	0.966262	0.958999	0.920687	0.912657	0.926646	0.914177	0.915546	0.901981	0.901155	0.921335	0.910156	0.908347	0.912989	0.911594	0.914161	0.922242	1.10808	1.12738	1.11855	1.1288	1.1123	1.10953	0.843218	0.827887	0.834127	0.803399	0	0.817521	0.948801	0.948926	0.95206	0.951308	0.952928	0.958012	1.09544	1.09121	1.09875	1.0974	1.09941	1.10254	1.06388	1.06558	1.06506	1.0624	1.06928	1.07029	1.06516	1.06435	1.05205	1.05719	1.05394	1.06388	1.00921	0.977922	0.971046	1.00187	0.989165	1.00903	1.11859	1.10496	1.11774	1.10484	1.10426	1.11675	1.15556	1.15679	1.16382	1.15551	1.16171	1.15646	1.07038	1.06937	1.05887	1.06951	1.07106	1.05774	1.01193	1.0444	1.00746	1.02517	1.0192	1.02314
ERR617227	0.934731	0.931359	0.935303	0.975723	0.935238	0.940475	0.939665	0.939584	0.92898	0.932345	0.928133	0.927082	0.936526	0.967691	0.974765	0.967919	0.932282	0.926018	0.933412	0.925425	0.926989	0.91421	0.91364	0.930788	0.917487	0.916197	0.921592	0.91865	0.921325	0.9294	1.11257	1.13129	1.12202	1.13271	1.11686	1.11399	0.84782	0.838509	0.844537	0.816322	0.817521	0	0.954993	0.954401	0.957465	0.957137	0.958197	0.963364	1.09969	1.0956	1.10325	1.10172	1.10388	1.10664	1.06984	1.0711	1.07071	1.06863	1.07499	1.07552	1.06933	1.06851	1.05867	1.06228	1.0605	1.06774	1.01074	0.982467	0.975011	1.00326	0.991456	1.01084	1.12695	1.11273	1.1265	1.11297	1.11245	1.12509	1.16496	1.16565	1.17281	1.16504	1.17046	1.1659	1.0763	1.07541	1.06707	1.07645	1.07716	1.06577	1.01879	1.04843	1.01424	1.02979	1.0251	1.02753
ERR607730	0.878387	0.875237	0.879825	0.917051	0.877588	0.88359	0.921003	0.921908	0.910017	0.914706	0.91019	0.909738	0.909653	0.938578	0.94532	0.938665	0.904699	0.900551	0.929772	0.923075	0.923855	0.91301	0.912048	0.926805	0.821682	0.82052	0.82486	0.822809	0.825352	0.830194	1.13252	1.1495	1.14137	1.1513	1.13656	1.13405	0.969991	0.964434	0.969979	0.947475	0.948801	0.954993	0	0.802597	0.808393	0.808096	0.809761	0.812173	1.10756	1.1033	1.11081	1.1091	1.11123	1.1136	1.09618	1.09772	1.0974	1.09467	1.10104	1.10168	1.0806	1.07975	1.0699	1.07298	1.0714	1.07899	0.998349	0.97164	0.965652	0.990031	0.979512	0.998101	1.14704	1.13417	1.14634	1.13407	1.13329	1.14533	1.18991	1.19056	1.19759	1.18975	1.19538	1.19055	1.10455	1.10367	1.09544	1.1048	1.10494	1.09459	1.0023	1.02723	0.999077	1.01046	1.0074	1.00753
ERR607731	0.876778	0.874189	0.877883	0.912939	0.875796	0.881489	0.921902	0.922603	0.911251	0.915905	0.910866	0.910911	0.910833	0.939409	0.946135	0.939565	0.906388	0.903378	0.928693	0.92577	0.926358	0.91538	0.914239	0.927531	0.820308	0.818396	0.824642	0.821146	0.82318	0.82876	1.1314	1.14853	1.13978	1.15054	1.13603	1.13303	0.967568	0.965303	0.970766	0.948117	0.948926	0.954401	0.802597	0	0.806514	0.806337	0.807637	0.810347	1.10633	1.10189	1.10966	1.10804	1.11009	1.11204	1.09579	1.09746	1.09708	1.09494	1.10037	1.10095	1.07909	1.0783	1.06967	1.07243	1.07112	1.0772	0.996274	0.9711	0.964291	0.987438	0.977295	0.995952	1.14917	1.13547	1.14857	1.13553	1.13472	1.14752	1.19222	1.19269	1.1994	1.19165	1.1973	1.19278	1.10431	1.10339	1.09665	1.1049	1.10489	1.09544	1.00261	1.02551	0.998769	1.00874	1.00673	1.00595
ERR607733	0.880183	0.87778	0.88098	0.917213	0.879051	0.885354	0.924378	0.925581	0.914	0.91828	0.913828	0.913465	0.913661	0.942125	0.948878	0.942197	0.909104	0.905633	0.931724	0.927232	0.927908	0.91738	0.915796	0.929825	0.823971	0.822825	0.827789	0.824956	0.827556	0.832269	1.13531	1.15194	1.14377	1.1536	1.13935	1.13696	0.971452	0.967583	0.973345	0.95106	0.95206	0.957465	0.808393	0.806514	0	0.805913	0.807145	0.816391	1.11031	1.1061	1.11362	1.1121	1.11418	1.11631	1.09984	1.10118	1.10113	1.09866	1.10452	1.10527	1.08395	1.08294	1.07341	1.07665	1.07521	1.08203	0.999837	0.97442	0.968267	0.991278	0.980941	0.999577	1.15078	1.13757	1.15005	1.13766	1.13694	1.14912	1.19324	1.1937	1.20047	1.19284	1.19855	1.19394	1.10792	1.10688	1.09937	1.10843	1.10875	1.0982	1.00624	1.03013	1.00232	1.01338	1.01071	1.0105
ERR607734	0.879595	0.877048	0.880555	0.916932	0.878613	0.88488	0.92339	0.924117	0.912391	0.917058	0.912599	0.912205	0.91261	0.941354	0.948496	0.941615	0.90788	0.904312	0.931072	0.926051	0.926826	0.916199	0.914719	0.929074	0.823174	0.8224	0.826963	0.8243	0.826676	0.831581	1.13457	1.15164	1.14327	1.15329	1.13885	1.13635	0.970964	0.966516	0.972138	0.949907	0.951308	0.957137	0.808096	0.806337	0.805913	0	0.80685	0.815586	1.10901	1.10489	1.11236	1.11089	1.113	1.11504	1.09868	1.10015	1.09976	1.09748	1.10315	1.10381	1.08266	1.08171	1.07228	1.07516	1.0739	1.08079	0.999249	0.973561	0.967363	0.990988	0.980401	0.998991	1.14965	1.13641	1.14889	1.13636	1.13591	1.14792	1.19213	1.19259	1.19929	1.19174	1.19741	1.19261	1.10689	1.10591	1.09807	1.10714	1.1072	1.09723	1.00521	1.02938	1.0016	1.01269	1.01	1.00961
ERR607732	0.880694	0.878267	0.88143	0.917272	0.879616	0.885595	0.925035	0.925936	0.914816	0.919202	0.914934	0.914524	0.914601	0.942862	0.949425	0.942714	0.910133	0.906641	0.932861	0.929227	0.929824	0.918884	0.917497	0.93121	0.825252	0.824085	0.829229	0.826011	0.828245	0.833542	1.13535	1.15223	1.14364	1.15391	1.13937	1.13706	0.972063	0.968073	0.973898	0.951905	0.952928	0.958197	0.809761	0.807637	0.807145	0.80685	0	0.817189	1.11006	1.10585	1.11349	1.11188	1.11385	1.11599	1.09957	1.1012	1.10077	1.09854	1.10425	1.10482	1.08364	1.08296	1.074	1.07649	1.07539	1.08167	1.00079	0.974954	0.969154	0.992445	0.981975	1.00055	1.15105	1.13787	1.15017	1.13786	1.13712	1.14953	1.19359	1.19396	1.20093	1.19315	1.1988	1.19412	1.10804	1.10739	1.09961	1.10838	1.10874	1.09848	1.00658	1.03039	1.00307	1.01381	1.01133	1.0112
ERR607729	0.884364	0.882584	0.885677	0.920184	0.883601	0.888968	0.929791	0.931268	0.920131	0.924832	0.920188	0.919807	0.919511	0.94653	0.952802	0.946888	0.915192	0.912338	0.938422	0.934337	0.935318	0.925137	0.923759	0.936753	0.831617	0.830645	0.835267	0.832484	0.83462	0.839235	1.13931	1.15598	1.1476	1.15783	1.14362	1.14106	0.976428	0.972838	0.978324	0.956933	0.958012	0.963364	0.812173	0.810347	0.816391	0.815586	0.817189	0	1.11356	1.10946	1.11677	1.11526	1.11724	1.11918	1.10434	1.1057	1.10543	1.10317	1.10887	1.10932	1.08776	1.08678	1.07802	1.08057	1.07949	1.08579	1.0042	0.979026	0.973718	0.996128	0.985898	1.00389	1.15496	1.14194	1.15447	1.1418	1.14119	1.1534	1.19673	1.19711	1.20367	1.19636	1.20188	1.19726	1.11264	1.11188	1.10468	1.11329	1.11318	1.10376	1.01031	1.03355	1.00706	1.01693	1.01488	1.01425
