	ERR612940	ERR612944	ERR612939	ERR612943	ERR612941	ERR612942	ERR637122	ERR637119	ERR637118	ERR637120	ERR637117	ERR637121	ERR636983	ERR636982	ERR636980	ERR636979	ERR636984	ERR636981	ERR617367	ERR617369	ERR617371	ERR617368	ERR617372	ERR617370	ERR612595	ERR612598	ERR612596	ERR612597	ERR612600	ERR612599	ERR636774	ERR636771	ERR636770	ERR636772	ERR636769	ERR636773	ERR636926	ERR636927	ERR636925	ERR636930	ERR636928	ERR636929	ERR622146	ERR622144	ERR622143	ERR622148	ERR622147	ERR622145	ERR626545	ERR626540	ERR626544	ERR626543	ERR626542	ERR626541	ERR616452	ERR616455	ERR616453	ERR616451	ERR616450	ERR616454	ERR613257	ERR613258	ERR613261	ERR613260	ERR613259	ERR613262	ERR626607	ERR626603	ERR626606	ERR626602	ERR626605	ERR626604	ERR616189	ERR616185	ERR616190	ERR616186	ERR616187	ERR616188	ERR638212	ERR638208	ERR638211	ERR638209	ERR638210	ERR638207	ERR616459	ERR616456	ERR616457	ERR616461	ERR616460	ERR616458	ERR605542	ERR605543	ERR605539	ERR605540	ERR605541	ERR605544
ERR612940	4.1177e+08	2.57597e+08	3.06601e+08	2.7465e+08	2.95065e+08	2.4663e+08	2.50838e+08	2.56456e+08	2.56925e+08	2.45563e+08	2.3573e+08	2.4705e+08	2.65727e+08	2.17574e+08	2.02088e+08	2.48265e+08	2.59309e+08	2.49818e+08	2.54626e+08	2.59553e+08	3.0434e+08	2.59226e+08	3.06764e+08	3.05628e+08	2.92879e+08	2.3779e+08	2.16501e+08	2.68766e+08	2.3527e+08	2.37972e+08	2.43898e+08	2.39851e+08	2.39471e+08	2.43498e+08	2.20194e+08	2.43347e+08	2.2785e+08	2.23896e+08	2.0005e+08	2.43821e+08	2.45868e+08	2.46997e+08	1.7941e+08	2.14692e+08	1.64444e+08	1.73645e+08	1.76809e+08	2.31965e+08	1.66892e+08	1.5196e+08	1.6891e+08	1.67183e+08	1.608e+08	1.72929e+08	1.57439e+08	1.97682e+08	1.9487e+08	9.69715e+07	1.56316e+08	2.01249e+08	2.23058e+08	2.1799e+08	2.08689e+08	1.80884e+08	2.14112e+08	2.07849e+08	1.22163e+08	1.27711e+08	1.22855e+08	1.46214e+08	1.20321e+08	1.0356e+08	1.3731e+08	1.34835e+08	1.45686e+08	1.48518e+08	1.30295e+08	1.36225e+08	1.13905e+08	1.04358e+08	1.39313e+08	1.01278e+08	1.37639e+08	1.00972e+08	1.8973e+08	1.48288e+08	9.13826e+07	1.91364e+08	1.91359e+08	1.50159e+08	1.58977e+08	1.6059e+08	1.69474e+08	1.59459e+08	1.50818e+08	1.58073e+08
ERR612944	2.57597e+08	3.20142e+08	2.63078e+08	2.38775e+08	2.53605e+08	2.14841e+08	2.18176e+08	2.23095e+08	2.23045e+08	2.13717e+08	2.05064e+08	2.14947e+08	2.30845e+08	1.89063e+08	1.75746e+08	2.15521e+08	2.25281e+08	2.16791e+08	2.2228e+08	2.26068e+08	2.6424e+08	2.25693e+08	2.66529e+08	2.65466e+08	2.54994e+08	2.07913e+08	1.89294e+08	2.3487e+08	2.05664e+08	2.08073e+08	2.12794e+08	2.09206e+08	2.08477e+08	2.12318e+08	1.92097e+08	2.12169e+08	1.98347e+08	1.95403e+08	1.74661e+08	2.12708e+08	2.14432e+08	2.1546e+08	1.57103e+08	1.87636e+08	1.44464e+08	1.52097e+08	1.54884e+08	2.02493e+08	1.43566e+08	1.30818e+08	1.45204e+08	1.43806e+08	1.385e+08	1.48747e+08	1.35361e+08	1.70148e+08	1.67878e+08	8.34809e+07	1.34383e+08	1.73104e+08	1.88046e+08	1.83874e+08	1.76906e+08	1.5345e+08	1.80662e+08	1.76876e+08	1.04984e+08	1.0978e+08	1.05605e+08	1.25576e+08	1.03609e+08	8.93589e+07	1.1764e+08	1.15257e+08	1.24801e+08	1.2696e+08	1.11028e+08	1.1662e+08	9.84529e+07	9.00285e+07	1.20135e+08	8.74577e+07	1.1864e+08	8.71647e+07	1.63045e+08	1.27218e+08	7.8366e+07	1.64705e+08	1.6452e+08	1.28913e+08	1.37057e+08	1.38501e+08	1.46268e+08	1.37678e+08	1.3014e+08	1.36378e+08
ERR612939	3.06601e+08	2.63078e+08	4.27809e+08	2.80612e+08	3.01641e+08	2.51975e+08	2.55359e+08	2.61252e+08	2.61607e+08	2.50075e+08	2.40002e+08	2.51555e+08	2.70715e+08	2.21518e+08	2.05705e+08	2.53149e+08	2.64402e+08	2.54822e+08	2.58898e+08	2.64311e+08	3.10039e+08	2.63939e+08	3.12678e+08	3.11384e+08	2.98592e+08	2.42261e+08	2.20388e+08	2.73644e+08	2.39667e+08	2.42346e+08	2.48249e+08	2.43825e+08	2.43692e+08	2.47582e+08	2.24074e+08	2.47519e+08	2.31993e+08	2.27911e+08	2.03674e+08	2.48139e+08	2.50378e+08	2.51496e+08	1.82286e+08	2.18413e+08	1.66819e+08	1.76489e+08	1.79771e+08	2.36186e+08	1.701e+08	1.54854e+08	1.7217e+08	1.70501e+08	1.63779e+08	1.7639e+08	1.60892e+08	2.01599e+08	1.98923e+08	9.90638e+07	1.59662e+08	2.05337e+08	2.29684e+08	2.24219e+08	2.14828e+08	1.86171e+08	2.20329e+08	2.13826e+08	1.24862e+08	1.30426e+08	1.25692e+08	1.49406e+08	1.23202e+08	1.05639e+08	1.40541e+08	1.38154e+08	1.49231e+08	1.52299e+08	1.33736e+08	1.39489e+08	1.15812e+08	1.06329e+08	1.42223e+08	1.03221e+08	1.4025e+08	1.02807e+08	1.93247e+08	1.51248e+08	9.32195e+07	1.95083e+08	1.95138e+08	1.53211e+08	1.61633e+08	1.63295e+08	1.72435e+08	1.62136e+08	1.53345e+08	1.60871e+08
ERR612943	2.7465e+08	2.38775e+08	2.80612e+08	3.54789e+08	2.7016e+08	2.2831e+08	2.30045e+08	2.35149e+08	2.35409e+08	2.25287e+08	2.16136e+08	2.26602e+08	2.43529e+08	1.99548e+08	1.85271e+08	2.27555e+08	2.37861e+08	2.2883e+08	2.34147e+08	2.38772e+08	2.79493e+08	2.38291e+08	2.81699e+08	2.80725e+08	2.69315e+08	2.19247e+08	1.99514e+08	2.47506e+08	2.1695e+08	2.19299e+08	2.24097e+08	2.20417e+08	2.19841e+08	2.23691e+08	2.02382e+08	2.23503e+08	2.09482e+08	2.06091e+08	1.84159e+08	2.24241e+08	2.26084e+08	2.2719e+08	1.65288e+08	1.9756e+08	1.51475e+08	1.60002e+08	1.6289e+08	2.13314e+08	1.51956e+08	1.38449e+08	1.53738e+08	1.52169e+08	1.46498e+08	1.57536e+08	1.43417e+08	1.80103e+08	1.77707e+08	8.83882e+07	1.4225e+08	1.83196e+08	2.02308e+08	1.97576e+08	1.90075e+08	1.6485e+08	1.94113e+08	1.89682e+08	1.11365e+08	1.16369e+08	1.12095e+08	1.33103e+08	1.09808e+08	9.4402e+07	1.25166e+08	1.2277e+08	1.32897e+08	1.35281e+08	1.18513e+08	1.24116e+08	1.03748e+08	9.50964e+07	1.26912e+08	9.23029e+07	1.2541e+08	9.1998e+07	1.72609e+08	1.34889e+08	8.31288e+07	1.74321e+08	1.74183e+08	1.36584e+08	1.4454e+08	1.46111e+08	1.54182e+08	1.45109e+08	1.37212e+08	1.43894e+08
ERR612941	2.95065e+08	2.53605e+08	3.01641e+08	2.7016e+08	4.00197e+08	2.42703e+08	2.46592e+08	2.52177e+08	2.52374e+08	2.41411e+08	2.31717e+08	2.42902e+08	2.61391e+08	2.14008e+08	1.98801e+08	2.44302e+08	2.55222e+08	2.4592e+08	2.50397e+08	2.55326e+08	2.99084e+08	2.54922e+08	3.01685e+08	3.00626e+08	2.88019e+08	2.34034e+08	2.13091e+08	2.64548e+08	2.31445e+08	2.34127e+08	2.39842e+08	2.35833e+08	2.35654e+08	2.39458e+08	2.16558e+08	2.39274e+08	2.24104e+08	2.20273e+08	1.96821e+08	2.39731e+08	2.4182e+08	2.43005e+08	1.76351e+08	2.11121e+08	1.61641e+08	1.70704e+08	1.73897e+08	2.28327e+08	1.64176e+08	1.49553e+08	1.66148e+08	1.6441e+08	1.58164e+08	1.70165e+08	1.54801e+08	1.94195e+08	1.91515e+08	9.53229e+07	1.53689e+08	1.97689e+08	2.19076e+08	2.14121e+08	2.05124e+08	1.77757e+08	2.10358e+08	2.04245e+08	1.20155e+08	1.25578e+08	1.2089e+08	1.43752e+08	1.18455e+08	1.0183e+08	1.34965e+08	1.32536e+08	1.43198e+08	1.46108e+08	1.28049e+08	1.33841e+08	1.11837e+08	1.02604e+08	1.36985e+08	9.95761e+07	1.3529e+08	9.92546e+07	1.86348e+08	1.45715e+08	8.97409e+07	1.88014e+08	1.88034e+08	1.47602e+08	1.55993e+08	1.57546e+08	1.66286e+08	1.5658e+08	1.47999e+08	1.55282e+08
ERR612942	2.4663e+08	2.14841e+08	2.51975e+08	2.2831e+08	2.42703e+08	2.96131e+08	2.06894e+08	2.11687e+08	2.11672e+08	2.02786e+08	1.94621e+08	2.03818e+08	2.1923e+08	1.79609e+08	1.66891e+08	2.04755e+08	2.14013e+08	2.05864e+08	2.118e+08	2.15721e+08	2.51965e+08	2.15292e+08	2.54048e+08	2.53206e+08	2.42592e+08	1.97699e+08	1.80179e+08	2.23222e+08	1.9569e+08	1.97838e+08	2.02459e+08	1.98987e+08	1.98572e+08	2.01959e+08	1.82913e+08	2.01707e+08	1.89151e+08	1.8608e+08	1.66375e+08	2.02389e+08	2.03963e+08	2.05066e+08	1.49702e+08	1.78589e+08	1.37336e+08	1.44915e+08	1.47589e+08	1.92688e+08	1.3655e+08	1.24415e+08	1.38141e+08	1.36743e+08	1.31626e+08	1.41521e+08	1.29105e+08	1.62061e+08	1.59849e+08	7.9764e+07	1.28263e+08	1.64959e+08	1.80434e+08	1.7632e+08	1.69608e+08	1.47143e+08	1.73323e+08	1.69157e+08	1.00198e+08	1.04725e+08	1.0078e+08	1.19743e+08	9.87735e+07	8.51117e+07	1.12377e+08	1.10275e+08	1.19283e+08	1.21391e+08	1.0635e+08	1.1147e+08	9.35381e+07	8.56909e+07	1.1428e+08	8.3207e+07	1.12853e+08	8.28644e+07	1.55276e+08	1.21303e+08	7.49134e+07	1.56675e+08	1.56586e+08	1.22875e+08	1.29714e+08	1.31041e+08	1.38456e+08	1.30194e+08	1.23098e+08	1.2913e+08
ERR637122	2.50838e+08	2.18176e+08	2.55359e+08	2.30045e+08	2.46592e+08	2.06894e+08	6.05056e+08	4.57432e+08	4.54676e+08	4.39391e+08	4.22496e+08	4.41233e+08	4.17356e+08	3.44364e+08	3.23857e+08	3.88612e+08	4.06896e+08	3.91331e+08	3.19525e+08	3.19347e+08	3.74671e+08	3.1849e+08	3.77669e+08	3.77743e+08	3.49658e+08	2.80338e+08	2.5566e+08	3.23791e+08	2.77086e+08	2.80778e+08	3.29529e+08	3.25937e+08	3.22427e+08	3.29047e+08	2.97603e+08	3.28769e+08	3.29062e+08	3.27402e+08	2.8915e+08	3.58367e+08	3.60193e+08	3.61867e+08	2.66162e+08	3.23894e+08	2.52374e+08	2.57486e+08	2.62152e+08	3.48157e+08	2.36725e+08	2.16641e+08	2.3996e+08	2.37282e+08	2.30303e+08	2.46096e+08	1.99546e+08	2.56312e+08	2.52746e+08	1.1908e+08	1.97843e+08	2.60043e+08	2.05848e+08	2.02965e+08	1.92722e+08	1.67517e+08	1.98983e+08	1.9458e+08	1.50767e+08	1.59523e+08	1.5168e+08	1.82264e+08	1.4866e+08	1.30856e+08	1.56895e+08	1.52178e+08	1.66122e+08	1.6746e+08	1.4374e+08	1.54605e+08	1.58937e+08	1.41763e+08	1.88721e+08	1.37272e+08	1.86731e+08	1.37611e+08	2.5846e+08	1.97293e+08	1.1864e+08	2.60681e+08	2.59191e+08	1.99573e+08	1.9543e+08	1.98367e+08	2.10331e+08	1.97857e+08	1.86359e+08	1.94689e+08
ERR637119	2.56456e+08	2.23095e+08	2.61252e+08	2.35149e+08	2.52177e+08	2.11687e+08	4.57432e+08	6.34885e+08	4.67723e+08	4.49351e+08	4.3452e+08	4.51274e+08	4.28899e+08	3.53595e+08	3.3265e+08	3.99065e+08	4.17937e+08	4.0186e+08	3.29256e+08	3.28782e+08	3.85658e+08	3.27631e+08	3.88813e+08	3.88518e+08	3.59213e+08	2.87993e+08	2.62922e+08	3.3279e+08	2.84557e+08	2.88435e+08	3.38846e+08	3.35579e+08	3.31774e+08	3.38293e+08	3.06389e+08	3.38085e+08	3.3761e+08	3.3615e+08	2.96781e+08	3.68035e+08	3.70048e+08	3.71707e+08	2.73691e+08	3.33527e+08	2.60062e+08	2.64839e+08	2.69544e+08	3.58189e+08	2.43857e+08	2.23202e+08	2.4714e+08	2.44414e+08	2.37248e+08	2.53428e+08	2.06261e+08	2.65135e+08	2.61429e+08	1.23168e+08	2.04547e+08	2.68997e+08	2.10815e+08	2.07935e+08	1.97258e+08	1.71523e+08	2.03811e+08	1.99049e+08	1.55462e+08	1.64707e+08	1.5652e+08	1.88186e+08	1.53237e+08	1.35343e+08	1.61343e+08	1.56473e+08	1.70935e+08	1.72009e+08	1.47668e+08	1.59107e+08	1.64892e+08	1.46792e+08	1.95122e+08	1.4204e+08	1.93227e+08	1.42494e+08	2.66905e+08	2.03705e+08	1.22517e+08	2.69444e+08	2.67715e+08	2.06215e+08	2.02092e+08	2.05166e+08	2.17556e+08	2.04587e+08	1.92814e+08	2.01379e+08
ERR637118	2.56925e+08	2.23045e+08	2.61607e+08	2.35409e+08	2.52374e+08	2.11672e+08	4.54676e+08	4.67723e+08	6.28484e+08	4.46932e+08	4.32182e+08	4.4858e+08	4.26331e+08	3.51527e+08	3.30642e+08	3.97196e+08	4.15648e+08	3.99871e+08	3.26823e+08	3.26961e+08	3.83691e+08	3.25812e+08	3.8693e+08	3.86524e+08	3.58238e+08	2.87088e+08	2.61744e+08	3.31371e+08	2.83713e+08	2.87463e+08	3.36689e+08	3.33139e+08	3.30029e+08	3.36333e+08	3.04184e+08	3.35833e+08	3.3647e+08	3.34301e+08	2.95401e+08	3.65894e+08	3.67982e+08	3.69677e+08	2.71694e+08	3.30909e+08	2.57407e+08	2.62876e+08	2.67648e+08	3.55765e+08	2.42486e+08	2.2184e+08	2.45583e+08	2.42999e+08	2.35807e+08	2.52014e+08	2.04709e+08	2.62886e+08	2.59186e+08	1.22347e+08	2.02997e+08	2.66706e+08	2.11766e+08	2.08541e+08	1.98025e+08	1.72106e+08	2.04515e+08	1.99656e+08	1.54578e+08	1.63673e+08	1.55775e+08	1.87136e+08	1.52525e+08	1.34102e+08	1.60905e+08	1.56308e+08	1.70505e+08	1.71831e+08	1.47594e+08	1.58686e+08	1.6286e+08	1.45451e+08	1.93478e+08	1.40823e+08	1.91498e+08	1.41035e+08	2.64498e+08	2.02126e+08	1.21628e+08	2.66948e+08	2.65415e+08	2.04617e+08	2.00442e+08	2.03508e+08	2.15663e+08	2.02896e+08	1.91195e+08	1.99583e+08
ERR637120	2.45563e+08	2.13717e+08	2.50075e+08	2.25287e+08	2.41411e+08	2.02786e+08	4.39391e+08	4.49351e+08	4.46932e+08	5.86736e+08	4.15266e+08	4.33437e+08	4.09872e+08	3.38341e+08	3.18205e+08	3.81708e+08	3.99613e+08	3.84367e+08	3.13375e+08	3.13115e+08	3.67279e+08	3.12135e+08	3.70382e+08	3.70188e+08	3.42802e+08	2.74872e+08	2.50801e+08	3.17472e+08	2.71668e+08	2.75358e+08	3.23366e+08	3.19686e+08	3.16394e+08	3.22997e+08	2.92093e+08	3.22522e+08	3.23164e+08	3.21578e+08	2.84022e+08	3.51846e+08	3.53764e+08	3.55495e+08	2.61329e+08	3.18239e+08	2.48036e+08	2.52839e+08	2.57409e+08	3.41776e+08	2.32269e+08	2.12473e+08	2.35275e+08	2.32697e+08	2.2578e+08	2.41191e+08	1.95093e+08	2.50654e+08	2.47239e+08	1.16559e+08	1.93347e+08	2.54279e+08	2.00944e+08	1.98024e+08	1.87891e+08	1.6328e+08	1.94198e+08	1.89741e+08	1.47329e+08	1.5595e+08	1.48282e+08	1.7825e+08	1.45312e+08	1.28014e+08	1.53141e+08	1.48627e+08	1.62246e+08	1.634e+08	1.40363e+08	1.51013e+08	1.55583e+08	1.38741e+08	1.84518e+08	1.34341e+08	1.82747e+08	1.34583e+08	2.53152e+08	1.9337e+08	1.16222e+08	2.55466e+08	2.53973e+08	1.9562e+08	1.91148e+08	1.94001e+08	2.05765e+08	1.93599e+08	1.82381e+08	1.90472e+08
ERR637117	2.3573e+08	2.05064e+08	2.40002e+08	2.16136e+08	2.31717e+08	1.94621e+08	4.22496e+08	4.3452e+08	4.32182e+08	4.15266e+08	5.5073e+08	4.16571e+08	3.95412e+08	3.26722e+08	3.07527e+08	3.68357e+08	3.85512e+08	3.70647e+08	3.01956e+08	3.01623e+08	3.53702e+08	3.00716e+08	3.56659e+08	3.56314e+08	3.29785e+08	2.64542e+08	2.41421e+08	3.0552e+08	2.61375e+08	2.64974e+08	3.11571e+08	3.08573e+08	3.05275e+08	3.11351e+08	2.81941e+08	3.10812e+08	3.11105e+08	3.09597e+08	2.73538e+08	3.38675e+08	3.40528e+08	3.42043e+08	2.5208e+08	3.06736e+08	2.39516e+08	2.43724e+08	2.48256e+08	3.29208e+08	2.23448e+08	2.0472e+08	2.26582e+08	2.24113e+08	2.17623e+08	2.3249e+08	1.87469e+08	2.40725e+08	2.37374e+08	1.11998e+08	1.85817e+08	2.44314e+08	1.92547e+08	1.89878e+08	1.80109e+08	1.56521e+08	1.86139e+08	1.81843e+08	1.41573e+08	1.49795e+08	1.42397e+08	1.71205e+08	1.39542e+08	1.22993e+08	1.46965e+08	1.42585e+08	1.55592e+08	1.5672e+08	1.34629e+08	1.44918e+08	1.49663e+08	1.33483e+08	1.77345e+08	1.2919e+08	1.75603e+08	1.29519e+08	2.43601e+08	1.86028e+08	1.11938e+08	2.45883e+08	2.44321e+08	1.88297e+08	1.83742e+08	1.86451e+08	1.97632e+08	1.85844e+08	1.75179e+08	1.82968e+08
ERR637121	2.4705e+08	2.14947e+08	2.51555e+08	2.26602e+08	2.42902e+08	2.03818e+08	4.41233e+08	4.51274e+08	4.4858e+08	4.33437e+08	4.16571e+08	5.9055e+08	4.11695e+08	3.39721e+08	3.19426e+08	3.83412e+08	4.01241e+08	3.85824e+08	3.14895e+08	3.14808e+08	3.69349e+08	3.13772e+08	3.72517e+08	3.72001e+08	3.44467e+08	2.76333e+08	2.51947e+08	3.19109e+08	2.72995e+08	2.7674e+08	3.24923e+08	3.2132e+08	3.17985e+08	3.24521e+08	2.93527e+08	3.24084e+08	3.24504e+08	3.22859e+08	2.85119e+08	3.53191e+08	3.55291e+08	3.56934e+08	2.62522e+08	3.1942e+08	2.49169e+08	2.5397e+08	2.58698e+08	3.43261e+08	2.33164e+08	2.13345e+08	2.36377e+08	2.33741e+08	2.267e+08	2.42294e+08	1.96085e+08	2.51949e+08	2.48362e+08	1.1702e+08	1.94277e+08	2.55561e+08	2.02153e+08	1.99222e+08	1.89165e+08	1.6433e+08	1.95284e+08	1.9098e+08	1.48098e+08	1.56796e+08	1.49032e+08	1.7926e+08	1.46051e+08	1.28662e+08	1.54035e+08	1.4949e+08	1.63186e+08	1.64388e+08	1.41143e+08	1.5195e+08	1.56383e+08	1.39433e+08	1.85398e+08	1.34988e+08	1.83694e+08	1.35263e+08	2.54234e+08	1.94161e+08	1.16744e+08	2.56496e+08	2.55049e+08	1.96568e+08	1.92161e+08	1.94994e+08	2.06903e+08	1.9448e+08	1.83202e+08	1.91405e+08
ERR636983	2.65727e+08	2.30845e+08	2.70715e+08	2.43529e+08	2.61391e+08	2.1923e+08	4.17356e+08	4.28899e+08	4.26331e+08	4.09872e+08	3.95412e+08	4.11695e+08	6.43239e+08	3.89351e+08	3.64477e+08	4.39329e+08	4.61237e+08	4.42274e+08	3.44271e+08	3.44685e+08	4.04657e+08	3.43552e+08	4.07997e+08	4.07862e+08	3.75591e+08	3.00896e+08	2.74121e+08	3.47002e+08	2.97156e+08	3.01149e+08	3.50577e+08	3.46819e+08	3.4337e+08	3.5032e+08	3.1663e+08	3.49786e+08	3.36865e+08	3.34897e+08	2.9545e+08	3.66571e+08	3.68324e+08	3.70128e+08	2.70533e+08	3.29403e+08	2.5576e+08	2.61703e+08	2.66466e+08	3.54115e+08	2.45964e+08	2.2498e+08	2.49191e+08	2.46534e+08	2.39171e+08	2.55461e+08	2.15454e+08	2.76468e+08	2.72579e+08	1.2885e+08	2.13662e+08	2.80831e+08	2.26482e+08	2.22914e+08	2.12095e+08	1.84431e+08	2.18804e+08	2.13832e+08	1.65785e+08	1.75272e+08	1.66796e+08	2.00403e+08	1.63528e+08	1.43646e+08	1.71117e+08	1.66292e+08	1.81387e+08	1.82781e+08	1.57192e+08	1.68899e+08	1.73305e+08	1.54822e+08	2.0587e+08	1.49998e+08	2.03891e+08	1.5021e+08	2.73057e+08	2.09168e+08	1.26062e+08	2.75886e+08	2.74481e+08	2.11467e+08	2.12668e+08	2.15668e+08	2.28747e+08	2.15166e+08	2.02652e+08	2.11651e+08
ERR636982	2.17574e+08	1.89063e+08	2.21518e+08	1.99548e+08	2.14008e+08	1.79609e+08	3.44364e+08	3.53595e+08	3.51527e+08	3.38341e+08	3.26722e+08	3.39721e+08	3.89351e+08	4.59723e+08	3.01964e+08	3.62268e+08	3.79857e+08	3.64634e+08	2.80659e+08	2.80995e+08	3.29491e+08	2.80043e+08	3.32439e+08	3.31897e+08	3.06853e+08	2.46353e+08	2.24577e+08	2.83523e+08	2.43415e+08	2.46633e+08	2.8554e+08	2.82491e+08	2.79758e+08	2.85147e+08	2.58184e+08	2.84878e+08	2.75636e+08	2.73931e+08	2.42222e+08	2.9965e+08	3.0112e+08	3.02566e+08	2.21786e+08	2.69522e+08	2.09882e+08	2.14736e+08	2.18615e+08	2.89307e+08	1.98632e+08	1.81795e+08	2.01279e+08	1.99149e+08	1.93009e+08	2.06363e+08	1.7393e+08	2.23059e+08	2.1997e+08	1.04077e+08	1.72522e+08	2.26339e+08	1.83338e+08	1.80424e+08	1.71523e+08	1.49136e+08	1.77031e+08	1.7303e+08	1.33939e+08	1.41532e+08	1.34817e+08	1.61771e+08	1.31981e+08	1.15973e+08	1.38325e+08	1.34381e+08	1.46556e+08	1.47734e+08	1.27123e+08	1.36397e+08	1.3966e+08	1.2495e+08	1.66132e+08	1.21007e+08	1.64625e+08	1.21092e+08	2.20402e+08	1.68979e+08	1.01925e+08	2.22613e+08	2.21442e+08	1.70786e+08	1.71578e+08	1.73957e+08	1.84523e+08	1.73456e+08	1.63439e+08	1.7076e+08
ERR636980	2.02088e+08	1.75746e+08	2.05705e+08	1.85271e+08	1.98801e+08	1.66891e+08	3.23857e+08	3.3265e+08	3.30642e+08	3.18205e+08	3.07527e+08	3.19426e+08	3.64477e+08	3.01964e+08	4.13408e+08	3.40812e+08	3.55816e+08	3.43232e+08	2.6289e+08	2.62868e+08	3.07958e+08	2.6195e+08	3.10527e+08	3.10216e+08	2.86382e+08	2.30137e+08	2.1008e+08	2.65118e+08	2.27263e+08	2.30512e+08	2.67735e+08	2.65102e+08	2.62301e+08	2.67483e+08	2.42176e+08	2.67145e+08	2.57998e+08	2.56657e+08	2.26855e+08	2.80503e+08	2.81923e+08	2.83329e+08	2.08212e+08	2.52886e+08	1.97509e+08	2.01571e+08	2.05121e+08	2.71283e+08	1.86137e+08	1.70297e+08	1.88623e+08	1.86398e+08	1.81086e+08	1.93162e+08	1.62258e+08	2.08366e+08	2.05413e+08	9.71796e+07	1.60973e+08	2.11526e+08	1.69549e+08	1.66972e+08	1.58708e+08	1.37955e+08	1.63807e+08	1.60039e+08	1.24741e+08	1.31918e+08	1.25589e+08	1.50748e+08	1.23037e+08	1.08365e+08	1.28519e+08	1.24726e+08	1.36197e+08	1.37242e+08	1.17859e+08	1.26808e+08	1.30794e+08	1.16803e+08	1.55267e+08	1.13115e+08	1.53788e+08	1.13396e+08	2.06263e+08	1.57934e+08	9.51701e+07	2.08308e+08	2.07191e+08	1.59653e+08	1.60004e+08	1.62376e+08	1.72149e+08	1.61992e+08	1.52541e+08	1.59383e+08
ERR636979	2.48265e+08	2.15521e+08	2.53149e+08	2.27555e+08	2.44302e+08	2.04755e+08	3.88612e+08	3.99065e+08	3.97196e+08	3.81708e+08	3.68357e+08	3.83412e+08	4.39329e+08	3.62268e+08	3.40812e+08	5.69374e+08	4.28496e+08	4.13751e+08	3.19485e+08	3.20365e+08	3.76115e+08	3.19335e+08	3.79387e+08	3.79043e+08	3.5005e+08	2.80391e+08	2.5546e+08	3.23044e+08	2.76936e+08	2.80642e+08	3.25872e+08	3.22139e+08	3.19263e+08	3.25394e+08	2.94224e+08	3.25069e+08	3.13394e+08	3.11077e+08	2.74807e+08	3.4022e+08	3.4211e+08	3.43718e+08	2.51571e+08	3.06041e+08	2.3712e+08	2.43365e+08	2.47658e+08	3.28965e+08	2.28159e+08	2.08583e+08	2.3122e+08	2.28716e+08	2.21658e+08	2.37062e+08	2.00063e+08	2.56172e+08	2.52599e+08	1.19648e+08	1.98213e+08	2.6019e+08	2.11685e+08	2.0812e+08	1.98088e+08	1.72071e+08	2.04297e+08	1.99533e+08	1.54111e+08	1.63013e+08	1.55142e+08	1.86336e+08	1.51937e+08	1.33316e+08	1.59181e+08	1.54919e+08	1.6883e+08	1.70343e+08	1.46598e+08	1.57167e+08	1.60128e+08	1.4346e+08	1.90901e+08	1.38945e+08	1.88999e+08	1.39053e+08	2.52705e+08	1.93939e+08	1.16859e+08	2.5522e+08	2.54073e+08	1.95997e+08	1.97223e+08	2.00087e+08	2.12227e+08	1.99511e+08	1.87746e+08	1.96446e+08
ERR636984	2.59309e+08	2.25281e+08	2.64402e+08	2.37861e+08	2.55222e+08	2.14013e+08	4.06896e+08	4.17937e+08	4.15648e+08	3.99613e+08	3.85512e+08	4.01241e+08	4.61237e+08	3.79857e+08	3.55816e+08	4.28496e+08	6.16211e+08	4.31548e+08	3.35558e+08	3.35963e+08	3.94302e+08	3.3485e+08	3.97645e+08	3.97463e+08	3.66155e+08	2.93357e+08	2.67181e+08	3.38169e+08	2.89889e+08	2.93658e+08	3.41494e+08	3.37932e+08	3.34779e+08	3.41196e+08	3.08524e+08	3.40815e+08	3.28494e+08	3.26364e+08	2.88044e+08	3.57065e+08	3.59044e+08	3.60876e+08	2.63771e+08	3.20908e+08	2.49316e+08	2.55025e+08	2.59643e+08	3.45164e+08	2.39704e+08	2.1924e+08	2.42795e+08	2.40296e+08	2.33077e+08	2.48887e+08	2.09855e+08	2.69256e+08	2.65511e+08	1.25611e+08	2.08232e+08	2.73378e+08	2.21223e+08	2.17742e+08	2.07133e+08	1.79975e+08	2.13723e+08	2.08779e+08	1.61672e+08	1.70812e+08	1.62721e+08	1.95351e+08	1.59364e+08	1.40002e+08	1.67031e+08	1.62069e+08	1.7696e+08	1.78362e+08	1.53422e+08	1.6468e+08	1.68571e+08	1.50663e+08	2.00464e+08	1.45954e+08	1.98487e+08	1.46176e+08	2.6589e+08	2.03851e+08	1.22754e+08	2.68512e+08	2.67158e+08	2.05927e+08	2.07117e+08	2.09982e+08	2.22637e+08	2.09471e+08	1.97332e+08	2.06213e+08
ERR636981	2.49818e+08	2.16791e+08	2.54822e+08	2.2883e+08	2.4592e+08	2.05864e+08	3.91331e+08	4.0186e+08	3.99871e+08	3.84367e+08	3.70647e+08	3.85824e+08	4.42274e+08	3.64634e+08	3.43232e+08	4.13751e+08	4.31548e+08	5.76444e+08	3.21719e+08	3.22534e+08	3.78824e+08	3.21598e+08	3.82087e+08	3.81761e+08	3.52521e+08	2.82475e+08	2.57187e+08	3.25145e+08	2.79027e+08	2.82614e+08	3.28043e+08	3.24276e+08	3.21506e+08	3.27554e+08	2.96248e+08	3.2718e+08	3.15606e+08	3.1314e+08	2.76839e+08	3.42641e+08	3.44617e+08	3.46364e+08	2.53151e+08	3.08104e+08	2.38819e+08	2.44928e+08	2.49286e+08	3.31472e+08	2.29782e+08	2.1007e+08	2.32902e+08	2.30306e+08	2.23295e+08	2.38717e+08	2.01582e+08	2.58386e+08	2.54669e+08	1.20765e+08	1.99994e+08	2.62393e+08	2.13371e+08	2.09919e+08	1.99663e+08	1.73393e+08	2.0606e+08	2.01145e+08	1.55312e+08	1.64243e+08	1.5641e+08	1.87699e+08	1.53287e+08	1.34341e+08	1.60523e+08	1.56126e+08	1.70141e+08	1.71754e+08	1.47922e+08	1.58389e+08	1.61388e+08	1.4455e+08	1.92547e+08	1.40025e+08	1.9049e+08	1.40153e+08	2.54669e+08	1.95519e+08	1.17882e+08	2.57094e+08	2.55988e+08	1.97661e+08	1.98683e+08	2.01583e+08	2.13706e+08	2.00833e+08	1.89247e+08	1.97872e+08
ERR617367	2.54626e+08	2.2228e+08	2.58898e+08	2.34147e+08	2.50397e+08	2.118e+08	3.19525e+08	3.29256e+08	3.26823e+08	3.13375e+08	3.01956e+08	3.14895e+08	3.44271e+08	2.80659e+08	2.6289e+08	3.19485e+08	3.35558e+08	3.21719e+08	4.82368e+08	3.37369e+08	3.92328e+08	3.36225e+08	3.95601e+08	3.95207e+08	3.37138e+08	2.71789e+08	2.48176e+08	3.12283e+08	2.68439e+08	2.72439e+08	3.16083e+08	3.12762e+08	3.09543e+08	3.16026e+08	2.86199e+08	3.15153e+08	2.78656e+08	2.76805e+08	2.45172e+08	3.02795e+08	3.0456e+08	3.06099e+08	2.24296e+08	2.72073e+08	2.12044e+08	2.17074e+08	2.20931e+08	2.92418e+08	2.12076e+08	1.94164e+08	2.14771e+08	2.12551e+08	2.06136e+08	2.20041e+08	1.93668e+08	2.47027e+08	2.43671e+08	1.17867e+08	1.92278e+08	2.50652e+08	2.04579e+08	2.01341e+08	1.91487e+08	1.66959e+08	1.97493e+08	1.93013e+08	1.46753e+08	1.54987e+08	1.47644e+08	1.76913e+08	1.44877e+08	1.27497e+08	1.5299e+08	1.48821e+08	1.6202e+08	1.63218e+08	1.41059e+08	1.51201e+08	1.50177e+08	1.3479e+08	1.78678e+08	1.3059e+08	1.76985e+08	1.30764e+08	2.39133e+08	1.83941e+08	1.11817e+08	2.41344e+08	2.40244e+08	1.85845e+08	1.83934e+08	1.86587e+08	1.97676e+08	1.8598e+08	1.75398e+08	1.83295e+08
ERR617369	2.59553e+08	2.26068e+08	2.64311e+08	2.38772e+08	2.55326e+08	2.15721e+08	3.19347e+08	3.28782e+08	3.26961e+08	3.13115e+08	3.01623e+08	3.14808e+08	3.44685e+08	2.80995e+08	2.62868e+08	3.20365e+08	3.35963e+08	3.22534e+08	3.37369e+08	4.85717e+08	3.94565e+08	3.3808e+08	3.98007e+08	3.97236e+08	3.40456e+08	2.74061e+08	2.49946e+08	3.14389e+08	2.70626e+08	2.74571e+08	3.16359e+08	3.12776e+08	3.10063e+08	3.16147e+08	2.86383e+08	3.15586e+08	2.80175e+08	2.77905e+08	2.46299e+08	3.03794e+08	3.05679e+08	3.07326e+08	2.24828e+08	2.72278e+08	2.11321e+08	2.17516e+08	2.21303e+08	2.92932e+08	2.12514e+08	1.94522e+08	2.15312e+08	2.13173e+08	2.0651e+08	2.20816e+08	1.9493e+08	2.48032e+08	2.44627e+08	1.18825e+08	1.93566e+08	2.51703e+08	2.10178e+08	2.06519e+08	1.96827e+08	1.71276e+08	2.02791e+08	1.97895e+08	1.48073e+08	1.56256e+08	1.49091e+08	1.78446e+08	1.46199e+08	1.28058e+08	1.55446e+08	1.51442e+08	1.6468e+08	1.66076e+08	1.43794e+08	1.53597e+08	1.49915e+08	1.35103e+08	1.7933e+08	1.30883e+08	1.77508e+08	1.30938e+08	2.39533e+08	1.84788e+08	1.12489e+08	2.41999e+08	2.41072e+08	1.86829e+08	1.84491e+08	1.87035e+08	1.98065e+08	1.86203e+08	1.75706e+08	1.83772e+08
ERR617371	3.0434e+08	2.6424e+08	3.10039e+08	2.79493e+08	2.99084e+08	2.51965e+08	3.74671e+08	3.85658e+08	3.83691e+08	3.67279e+08	3.53702e+08	3.69349e+08	4.04657e+08	3.29491e+08	3.07958e+08	3.76115e+08	3.94302e+08	3.78824e+08	3.92328e+08	3.94565e+08	6.36458e+08	3.93546e+08	4.6789e+08	4.67119e+08	3.98788e+08	3.20212e+08	2.91708e+08	3.67479e+08	3.16335e+08	3.20759e+08	3.69373e+08	3.64951e+08	3.62106e+08	3.69027e+08	3.33851e+08	3.68422e+08	3.27523e+08	3.24271e+08	2.87372e+08	3.54956e+08	3.57239e+08	3.58913e+08	2.61961e+08	3.17638e+08	2.45732e+08	2.53351e+08	2.57862e+08	3.42364e+08	2.49938e+08	2.28481e+08	2.53004e+08	2.505e+08	2.42492e+08	2.59454e+08	2.29207e+08	2.91428e+08	2.87524e+08	1.39432e+08	2.27419e+08	2.95916e+08	2.49542e+08	2.45156e+08	2.33435e+08	2.03053e+08	2.40648e+08	2.34536e+08	1.74501e+08	1.83912e+08	1.75682e+08	2.10205e+08	1.72241e+08	1.50458e+08	1.83231e+08	1.78722e+08	1.94234e+08	1.96379e+08	1.70041e+08	1.81122e+08	1.75808e+08	1.58508e+08	2.10715e+08	1.53638e+08	2.0854e+08	1.53648e+08	2.81646e+08	2.17335e+08	1.32284e+08	2.84355e+08	2.83223e+08	2.19478e+08	2.17054e+08	2.20022e+08	2.33048e+08	2.19074e+08	2.06613e+08	2.16269e+08
ERR617368	2.59226e+08	2.25693e+08	2.63939e+08	2.38291e+08	2.54922e+08	2.15292e+08	3.1849e+08	3.27631e+08	3.25812e+08	3.12135e+08	3.00716e+08	3.13772e+08	3.43552e+08	2.80043e+08	2.6195e+08	3.19335e+08	3.3485e+08	3.21598e+08	3.36225e+08	3.3808e+08	3.93546e+08	4.82904e+08	3.9701e+08	3.96271e+08	3.39637e+08	2.73523e+08	2.49392e+08	3.13549e+08	2.70099e+08	2.73956e+08	3.15535e+08	3.11909e+08	3.09294e+08	3.1522e+08	2.85657e+08	3.14603e+08	2.7955e+08	2.77064e+08	2.45635e+08	3.02915e+08	3.04985e+08	3.06409e+08	2.24144e+08	2.71436e+08	2.10691e+08	2.16884e+08	2.20842e+08	2.92205e+08	2.11932e+08	1.93889e+08	2.14639e+08	2.12415e+08	2.05739e+08	2.19986e+08	1.94435e+08	2.4697e+08	2.43745e+08	1.18396e+08	1.92915e+08	2.50896e+08	2.09992e+08	2.06375e+08	1.96584e+08	1.71163e+08	2.02521e+08	1.97576e+08	1.47764e+08	1.55727e+08	1.48645e+08	1.7775e+08	1.45756e+08	1.27667e+08	1.55038e+08	1.51037e+08	1.64243e+08	1.65821e+08	1.43556e+08	1.53119e+08	1.49217e+08	1.34543e+08	1.78488e+08	1.30332e+08	1.76754e+08	1.30409e+08	2.38715e+08	1.84323e+08	1.12185e+08	2.40942e+08	2.39949e+08	1.86187e+08	1.83742e+08	1.86403e+08	1.9721e+08	1.85515e+08	1.74959e+08	1.83105e+08
ERR617372	3.06764e+08	2.66529e+08	3.12678e+08	2.81699e+08	3.01685e+08	2.54048e+08	3.77669e+08	3.88813e+08	3.8693e+08	3.70382e+08	3.56659e+08	3.72517e+08	4.07997e+08	3.32439e+08	3.10527e+08	3.79387e+08	3.97645e+08	3.82087e+08	3.95601e+08	3.98007e+08	4.6789e+08	3.9701e+08	6.45973e+08	4.71245e+08	4.02145e+08	3.23003e+08	2.9418e+08	3.70484e+08	3.18959e+08	3.23327e+08	3.724e+08	3.68014e+08	3.64867e+08	3.71911e+08	3.36404e+08	3.71359e+08	3.30195e+08	3.26957e+08	2.89619e+08	3.57769e+08	3.60013e+08	3.61993e+08	2.64088e+08	3.20221e+08	2.47505e+08	2.55293e+08	2.59908e+08	3.45029e+08	2.52183e+08	2.30493e+08	2.55412e+08	2.52729e+08	2.44698e+08	2.61642e+08	2.31455e+08	2.94196e+08	2.90119e+08	1.40726e+08	2.29731e+08	2.98704e+08	2.51989e+08	2.4752e+08	2.35785e+08	2.04921e+08	2.42894e+08	2.36812e+08	1.76028e+08	1.85498e+08	1.77257e+08	2.1199e+08	1.73878e+08	1.51846e+08	1.84925e+08	1.8035e+08	1.96054e+08	1.98244e+08	1.71627e+08	1.8298e+08	1.77449e+08	1.60114e+08	2.12874e+08	1.55015e+08	2.1045e+08	1.55124e+08	2.8409e+08	2.19261e+08	1.33372e+08	2.86889e+08	2.85834e+08	2.21616e+08	2.19151e+08	2.22075e+08	2.35234e+08	2.20993e+08	2.08531e+08	2.18301e+08
ERR617370	3.05628e+08	2.65466e+08	3.11384e+08	2.80725e+08	3.00626e+08	2.53206e+08	3.77743e+08	3.88518e+08	3.86524e+08	3.70188e+08	3.56314e+08	3.72001e+08	4.07862e+08	3.31897e+08	3.10216e+08	3.79043e+08	3.97463e+08	3.81761e+08	3.95207e+08	3.97236e+08	4.67119e+08	3.96271e+08	4.71245e+08	6.44503e+08	4.01435e+08	3.22464e+08	2.93634e+08	3.70098e+08	3.18319e+08	3.22869e+08	3.71982e+08	3.67718e+08	3.64653e+08	3.71667e+08	3.36343e+08	3.71139e+08	3.2981e+08	3.26727e+08	2.89396e+08	3.57429e+08	3.59794e+08	3.61623e+08	2.63882e+08	3.20166e+08	2.47622e+08	2.55193e+08	2.59932e+08	3.44862e+08	2.51855e+08	2.30261e+08	2.55171e+08	2.52521e+08	2.44339e+08	2.61458e+08	2.31093e+08	2.93683e+08	2.89778e+08	1.40485e+08	2.2935e+08	2.98298e+08	2.51249e+08	2.46559e+08	2.34931e+08	2.04353e+08	2.42198e+08	2.36235e+08	1.75649e+08	1.85203e+08	1.76847e+08	2.11609e+08	1.73468e+08	1.51552e+08	1.84701e+08	1.79854e+08	1.95619e+08	1.97735e+08	1.71218e+08	1.82472e+08	1.77369e+08	1.59823e+08	2.1249e+08	1.54848e+08	2.10287e+08	1.55019e+08	2.83667e+08	2.18869e+08	1.33243e+08	2.86539e+08	2.85332e+08	2.21259e+08	2.1879e+08	2.2193e+08	2.3485e+08	2.20807e+08	2.08362e+08	2.18105e+08
ERR612595	2.92879e+08	2.54994e+08	2.98592e+08	2.69315e+08	2.88019e+08	2.42592e+08	3.49658e+08	3.59213e+08	3.58238e+08	3.42802e+08	3.29785e+08	3.44467e+08	3.75591e+08	3.06853e+08	2.86382e+08	3.5005e+08	3.66155e+08	3.52521e+08	3.37138e+08	3.40456e+08	3.98788e+08	3.39637e+08	4.02145e+08	4.01435e+08	6.086e+08	3.60854e+08	3.31905e+08	4.11675e+08	3.57033e+08	3.61342e+08	3.32267e+08	3.27697e+08	3.25871e+08	3.31623e+08	2.99984e+08	3.31184e+08	3.12512e+08	3.0861e+08	2.74454e+08	3.36629e+08	3.38822e+08	3.40423e+08	2.48805e+08	3.0048e+08	2.31973e+08	2.40785e+08	2.45197e+08	3.23676e+08	2.24621e+08	2.05122e+08	2.27426e+08	2.25171e+08	2.17623e+08	2.33257e+08	2.09119e+08	2.64998e+08	2.61493e+08	1.27234e+08	2.07392e+08	2.69303e+08	2.33343e+08	2.29135e+08	2.18553e+08	1.89865e+08	2.249e+08	2.19501e+08	1.62402e+08	1.7099e+08	1.63578e+08	1.95381e+08	1.60265e+08	1.39286e+08	1.68435e+08	1.64646e+08	1.78724e+08	1.81069e+08	1.5702e+08	1.66626e+08	1.61231e+08	1.46271e+08	1.94749e+08	1.41863e+08	1.926e+08	1.41795e+08	2.53684e+08	1.9634e+08	1.19725e+08	2.56243e+08	2.5546e+08	1.98703e+08	2.42405e+08	2.45179e+08	2.57856e+08	2.43711e+08	2.31675e+08	2.41459e+08
ERR612598	2.3779e+08	2.07913e+08	2.42261e+08	2.19247e+08	2.34034e+08	1.97699e+08	2.80338e+08	2.87993e+08	2.87088e+08	2.74872e+08	2.64542e+08	2.76333e+08	3.00896e+08	2.46353e+08	2.30137e+08	2.80391e+08	2.93357e+08	2.82475e+08	2.71789e+08	2.74061e+08	3.20212e+08	2.73523e+08	3.23003e+08	3.22464e+08	3.60854e+08	4.25366e+08	2.71289e+08	3.34483e+08	2.93312e+08	2.96735e+08	2.67092e+08	2.63692e+08	2.62184e+08	2.66797e+08	2.41681e+08	2.66244e+08	2.52241e+08	2.4939e+08	2.22239e+08	2.7169e+08	2.73572e+08	2.74931e+08	2.01828e+08	2.42797e+08	1.8837e+08	1.95395e+08	1.98785e+08	2.60957e+08	1.78801e+08	1.63365e+08	1.80898e+08	1.79241e+08	1.73221e+08	1.85565e+08	1.66534e+08	2.11122e+08	2.08251e+08	1.01634e+08	1.65168e+08	2.14446e+08	1.85451e+08	1.82146e+08	1.73854e+08	1.51141e+08	1.78835e+08	1.74677e+08	1.29506e+08	1.36204e+08	1.30257e+08	1.55554e+08	1.27708e+08	1.11299e+08	1.34206e+08	1.31137e+08	1.42395e+08	1.44046e+08	1.24973e+08	1.32775e+08	1.28594e+08	1.16647e+08	1.55197e+08	1.13155e+08	1.53405e+08	1.13086e+08	2.02003e+08	1.56399e+08	9.55359e+07	2.04059e+08	2.03348e+08	1.58149e+08	1.96624e+08	1.9898e+08	2.09012e+08	1.97838e+08	1.88032e+08	1.96082e+08
ERR612596	2.16501e+08	1.89294e+08	2.20388e+08	1.99514e+08	2.13091e+08	1.80179e+08	2.5566e+08	2.62922e+08	2.61744e+08	2.50801e+08	2.41421e+08	2.51947e+08	2.74121e+08	2.24577e+08	2.1008e+08	2.5546e+08	2.67181e+08	2.57187e+08	2.48176e+08	2.49946e+08	2.91708e+08	2.49392e+08	2.9418e+08	2.93634e+08	3.31905e+08	2.71289e+08	3.67451e+08	3.08096e+08	2.686e+08	2.71719e+08	2.43959e+08	2.41014e+08	2.39522e+08	2.43742e+08	2.2091e+08	2.43353e+08	2.30429e+08	2.27915e+08	2.03333e+08	2.48159e+08	2.49702e+08	2.51127e+08	1.84844e+08	2.22284e+08	1.72997e+08	1.79003e+08	1.82223e+08	2.38581e+08	1.62382e+08	1.48533e+08	1.64372e+08	1.62817e+08	1.57413e+08	1.68647e+08	1.5113e+08	1.91532e+08	1.88988e+08	9.22685e+07	1.4988e+08	1.9475e+08	1.66892e+08	1.6404e+08	1.5637e+08	1.36055e+08	1.61021e+08	1.57305e+08	1.17318e+08	1.23556e+08	1.18126e+08	1.41059e+08	1.15882e+08	1.0111e+08	1.21314e+08	1.18495e+08	1.28661e+08	1.30052e+08	1.12725e+08	1.19966e+08	1.17124e+08	1.0616e+08	1.40941e+08	1.03006e+08	1.39453e+08	1.02865e+08	1.83445e+08	1.42027e+08	8.68285e+07	1.85354e+08	1.84648e+08	1.43608e+08	1.8058e+08	1.82736e+08	1.91916e+08	1.81758e+08	1.73023e+08	1.8008e+08
ERR612597	2.68766e+08	2.3487e+08	2.73644e+08	2.47506e+08	2.64548e+08	2.23222e+08	3.23791e+08	3.3279e+08	3.31371e+08	3.17472e+08	3.0552e+08	3.19109e+08	3.47002e+08	2.83523e+08	2.65118e+08	3.23044e+08	3.38169e+08	3.25145e+08	3.12283e+08	3.14389e+08	3.67479e+08	3.13549e+08	3.70484e+08	3.70098e+08	4.11675e+08	3.34483e+08	3.08096e+08	5.30581e+08	3.30854e+08	3.34922e+08	3.07459e+08	3.03587e+08	3.01372e+08	3.06963e+08	2.77985e+08	3.06536e+08	2.88417e+08	2.85532e+08	2.53875e+08	3.11304e+08	3.13246e+08	3.14852e+08	2.31013e+08	2.78919e+08	2.16449e+08	2.23585e+08	2.27735e+08	2.99768e+08	2.06842e+08	1.89197e+08	2.09433e+08	2.0731e+08	2.00596e+08	2.14651e+08	1.92225e+08	2.44333e+08	2.40957e+08	1.16932e+08	1.90638e+08	2.48131e+08	2.11009e+08	2.07698e+08	1.9793e+08	1.72257e+08	2.03908e+08	1.99303e+08	1.48865e+08	1.56845e+08	1.49794e+08	1.79135e+08	1.46897e+08	1.28373e+08	1.53949e+08	1.50237e+08	1.63294e+08	1.64995e+08	1.42705e+08	1.52182e+08	1.4953e+08	1.35103e+08	1.79526e+08	1.31076e+08	1.77623e+08	1.31056e+08	2.34224e+08	1.80852e+08	1.10189e+08	2.36657e+08	2.35751e+08	1.83048e+08	2.25087e+08	2.27801e+08	2.39533e+08	2.26695e+08	2.15505e+08	2.24459e+08
ERR612600	2.3527e+08	2.05664e+08	2.39667e+08	2.1695e+08	2.31445e+08	1.9569e+08	2.77086e+08	2.84557e+08	2.83713e+08	2.71668e+08	2.61375e+08	2.72995e+08	2.97156e+08	2.43415e+08	2.27263e+08	2.76936e+08	2.89889e+08	2.79027e+08	2.68439e+08	2.70626e+08	3.16335e+08	2.70099e+08	3.18959e+08	3.18319e+08	3.57033e+08	2.93312e+08	2.686e+08	3.30854e+08	4.17599e+08	2.93803e+08	2.63721e+08	2.60222e+08	2.58795e+08	2.63209e+08	2.38545e+08	2.62925e+08	2.49366e+08	2.46495e+08	2.1979e+08	2.6839e+08	2.70324e+08	2.7166e+08	1.99547e+08	2.3999e+08	1.86141e+08	1.93319e+08	1.96709e+08	2.58143e+08	1.76248e+08	1.60955e+08	1.78238e+08	1.76528e+08	1.70702e+08	1.82848e+08	1.64271e+08	2.08081e+08	2.05433e+08	1.00286e+08	1.62883e+08	2.11541e+08	1.82926e+08	1.79726e+08	1.71523e+08	1.49175e+08	1.76516e+08	1.72309e+08	1.27604e+08	1.34261e+08	1.28583e+08	1.53369e+08	1.25961e+08	1.09637e+08	1.32318e+08	1.29294e+08	1.40385e+08	1.42048e+08	1.23264e+08	1.3091e+08	1.26875e+08	1.14978e+08	1.52966e+08	1.11464e+08	1.51261e+08	1.11533e+08	1.991e+08	1.5405e+08	9.41687e+07	2.01041e+08	2.00448e+08	1.55859e+08	1.9445e+08	1.96643e+08	2.06621e+08	1.95452e+08	1.86151e+08	1.93769e+08
ERR612599	2.37972e+08	2.08073e+08	2.42346e+08	2.19299e+08	2.34127e+08	1.97838e+08	2.80778e+08	2.88435e+08	2.87463e+08	2.75358e+08	2.64974e+08	2.7674e+08	3.01149e+08	2.46633e+08	2.30512e+08	2.80642e+08	2.93658e+08	2.82614e+08	2.72439e+08	2.74571e+08	3.20759e+08	2.73956e+08	3.23327e+08	3.22869e+08	3.61342e+08	2.96735e+08	2.71719e+08	3.34922e+08	2.93803e+08	4.25636e+08	2.67643e+08	2.64235e+08	2.62701e+08	2.67163e+08	2.42053e+08	2.66833e+08	2.52412e+08	2.49533e+08	2.22537e+08	2.71809e+08	2.73589e+08	2.75088e+08	2.02092e+08	2.42992e+08	1.88809e+08	1.95782e+08	1.99192e+08	2.61416e+08	1.78853e+08	1.63467e+08	1.81006e+08	1.79152e+08	1.73274e+08	1.85506e+08	1.66469e+08	2.11132e+08	2.08255e+08	1.01536e+08	1.65126e+08	2.14557e+08	1.85059e+08	1.81953e+08	1.73481e+08	1.50895e+08	1.7857e+08	1.74441e+08	1.2935e+08	1.36088e+08	1.30174e+08	1.55464e+08	1.27672e+08	1.11208e+08	1.34149e+08	1.31021e+08	1.42249e+08	1.43939e+08	1.24697e+08	1.32641e+08	1.28853e+08	1.16733e+08	1.55229e+08	1.13238e+08	1.53583e+08	1.13203e+08	2.02157e+08	1.56422e+08	9.55708e+07	2.04094e+08	2.03528e+08	1.58177e+08	1.96795e+08	1.9898e+08	2.09116e+08	1.97928e+08	1.88322e+08	1.96055e+08
ERR636774	2.43898e+08	2.12794e+08	2.48249e+08	2.24097e+08	2.39842e+08	2.02459e+08	3.29529e+08	3.38846e+08	3.36689e+08	3.23366e+08	3.11571e+08	3.24923e+08	3.50577e+08	2.8554e+08	2.67735e+08	3.25872e+08	3.41494e+08	3.28043e+08	3.16083e+08	3.16359e+08	3.69373e+08	3.15535e+08	3.724e+08	3.71982e+08	3.32267e+08	2.67092e+08	2.43959e+08	3.07459e+08	2.63721e+08	2.67643e+08	4.92484e+08	3.41411e+08	3.383e+08	3.46142e+08	3.12767e+08	3.45674e+08	2.81952e+08	2.80008e+08	2.47613e+08	3.05994e+08	3.07539e+08	3.09282e+08	2.27583e+08	2.76143e+08	2.15104e+08	2.20098e+08	2.24093e+08	2.96782e+08	2.23713e+08	2.05068e+08	2.26849e+08	2.24415e+08	2.17953e+08	2.32498e+08	1.8974e+08	2.42484e+08	2.39149e+08	1.14453e+08	1.87961e+08	2.45972e+08	1.98154e+08	1.9504e+08	1.85528e+08	1.61745e+08	1.91545e+08	1.87204e+08	1.45797e+08	1.54087e+08	1.46781e+08	1.75863e+08	1.4389e+08	1.26557e+08	1.50207e+08	1.45887e+08	1.58979e+08	1.60199e+08	1.38093e+08	1.48203e+08	1.49453e+08	1.34101e+08	1.77813e+08	1.29905e+08	1.76202e+08	1.30109e+08	2.41401e+08	1.85326e+08	1.12167e+08	2.43729e+08	2.42429e+08	1.87436e+08	1.84499e+08	1.87128e+08	1.98253e+08	1.86334e+08	1.75628e+08	1.83757e+08
ERR636771	2.39851e+08	2.09206e+08	2.43825e+08	2.20417e+08	2.35833e+08	1.98987e+08	3.25937e+08	3.35579e+08	3.33139e+08	3.19686e+08	3.08573e+08	3.2132e+08	3.46819e+08	2.82491e+08	2.65102e+08	3.22139e+08	3.37932e+08	3.24276e+08	3.12762e+08	3.12776e+08	3.64951e+08	3.11909e+08	3.68014e+08	3.67718e+08	3.27697e+08	2.63692e+08	2.41014e+08	3.03587e+08	2.60222e+08	2.64235e+08	3.41411e+08	4.8359e+08	3.35831e+08	3.41562e+08	3.1072e+08	3.40733e+08	2.78575e+08	2.76876e+08	2.44834e+08	3.02715e+08	3.04186e+08	3.0578e+08	2.25247e+08	2.73599e+08	2.13594e+08	2.17991e+08	2.2196e+08	2.93817e+08	2.21398e+08	2.02803e+08	2.24383e+08	2.21953e+08	2.15611e+08	2.30034e+08	1.87597e+08	2.39949e+08	2.36629e+08	1.13149e+08	1.85982e+08	2.43422e+08	1.94216e+08	1.9144e+08	1.81875e+08	1.58557e+08	1.87828e+08	1.83506e+08	1.43868e+08	1.52048e+08	1.4467e+08	1.73561e+08	1.419e+08	1.25067e+08	1.47923e+08	1.43508e+08	1.56445e+08	1.57657e+08	1.35698e+08	1.45834e+08	1.48234e+08	1.32752e+08	1.76021e+08	1.28651e+08	1.74253e+08	1.28874e+08	2.39113e+08	1.8354e+08	1.11078e+08	2.41461e+08	2.40172e+08	1.85368e+08	1.82463e+08	1.85048e+08	1.96085e+08	1.84302e+08	1.73996e+08	1.81691e+08
ERR636770	2.39471e+08	2.08477e+08	2.43692e+08	2.19841e+08	2.35654e+08	1.98572e+08	3.22427e+08	3.31774e+08	3.30029e+08	3.16394e+08	3.05275e+08	3.17985e+08	3.4337e+08	2.79758e+08	2.62301e+08	3.19263e+08	3.34779e+08	3.21506e+08	3.09543e+08	3.10063e+08	3.62106e+08	3.09294e+08	3.64867e+08	3.64653e+08	3.25871e+08	2.62184e+08	2.39522e+08	3.01372e+08	2.58795e+08	2.62701e+08	3.383e+08	3.35831e+08	4.76124e+08	3.3817e+08	3.07969e+08	3.37587e+08	2.76908e+08	2.74713e+08	2.43035e+08	3.00253e+08	3.01919e+08	3.03533e+08	2.23057e+08	2.70809e+08	2.10761e+08	2.15878e+08	2.19911e+08	2.91119e+08	2.19764e+08	2.01265e+08	2.22743e+08	2.203e+08	2.13881e+08	2.28269e+08	1.8584e+08	2.3726e+08	2.33835e+08	1.12259e+08	1.8423e+08	2.40833e+08	1.94499e+08	1.91497e+08	1.82071e+08	1.58609e+08	1.88017e+08	1.83485e+08	1.42995e+08	1.51016e+08	1.43874e+08	1.72258e+08	1.41051e+08	1.2387e+08	1.47175e+08	1.43051e+08	1.55726e+08	1.57121e+08	1.35549e+08	1.45134e+08	1.46064e+08	1.31175e+08	1.74074e+08	1.2712e+08	1.72314e+08	1.27329e+08	2.3663e+08	1.81968e+08	1.10189e+08	2.38896e+08	2.37628e+08	1.83952e+08	1.80512e+08	1.83051e+08	1.9381e+08	1.82289e+08	1.72089e+08	1.79894e+08
