	ERR613505	ERR613504	ERR613503	ERR613507	ERR613506	ERR613508	ERR626432	ERR626431	ERR626433	ERR626430	ERR626429	ERR626434	ERR637109	ERR637110	ERR637106	ERR637108	ERR637107	ERR637105	ERR618517	ERR618518	ERR618514	ERR618515	ERR618513	ERR618516	ERR617367	ERR617369	ERR617371	ERR617368	ERR617372	ERR617370	ERR613041	ERR613042	ERR613046	ERR613045	ERR613043	ERR613044	ERR606000	ERR606004	ERR606003	ERR606005	ERR606001	ERR606002	ERR636897	ERR636895	ERR636900	ERR636898	ERR636896	ERR636899	ERR608823	ERR608825	ERR608828	ERR608826	ERR608827	ERR608824	ERR607377	ERR607376	ERR607378	ERR607375	ERR607373	ERR607374	ERR605600	ERR605599	ERR605602	ERR605603	ERR605604	ERR605601	ERR622008	ERR622003	ERR622004	ERR622005	ERR622007	ERR622006	ERR616758	ERR616757	ERR616755	ERR616754	ERR616759	ERR616756	ERR630533	ERR630535	ERR630534	ERR630537	ERR630536	ERR630532	ERR631676	ERR631677	ERR631678	ERR631675	ERR631674	ERR631673	ERR614947	ERR614946	ERR614948	ERR614945	ERR614944	ERR614943
ERR613505	5.42112e+08	3.9197e+08	3.94503e+08	3.31385e+08	3.37572e+08	3.30259e+08	2.92362e+08	2.48031e+08	2.88133e+08	2.515e+08	2.80729e+08	2.93684e+08	3.07991e+08	3.1443e+08	2.96185e+08	3.03586e+08	2.95549e+08	2.72557e+08	2.34102e+08	2.36403e+08	2.0491e+08	2.26036e+08	2.46131e+08	2.27311e+08	2.79269e+08	2.79959e+08	3.28671e+08	2.78998e+08	3.31344e+08	3.31056e+08	3.08509e+08	2.80601e+08	1.74748e+08	1.78598e+08	2.7974e+08	1.69385e+08	2.44557e+08	2.60323e+08	2.67181e+08	2.56611e+08	3.37817e+08	3.43993e+08	2.09548e+08	1.90177e+08	2.28502e+08	2.21876e+08	2.07833e+08	2.25103e+08	1.35387e+08	2.19255e+08	2.04236e+08	2.04837e+08	2.04187e+08	2.04755e+08	2.41799e+08	2.4276e+08	2.41878e+08	2.57349e+08	1.68362e+08	2.40782e+08	3.08309e+08	3.25798e+08	3.01075e+08	3.06316e+08	3.00607e+08	2.91364e+08	1.87685e+08	2.28211e+08	2.07479e+08	2.06204e+08	1.90749e+08	2.05265e+08	2.13842e+08	2.15254e+08	1.98815e+08	1.92889e+08	2.1689e+08	1.80181e+08	2.0598e+08	1.88405e+08	2.36919e+08	1.9099e+08	1.92678e+08	2.21587e+08	1.86398e+08	1.88746e+08	1.82576e+08	1.99907e+08	1.66488e+08	1.82172e+08	2.33989e+08	2.35926e+08	2.40291e+08	1.87956e+08	1.96897e+08	1.90212e+08
ERR613504	3.9197e+08	5.42239e+08	3.94533e+08	3.31549e+08	3.37848e+08	3.30396e+08	2.93101e+08	2.48692e+08	2.88864e+08	2.52102e+08	2.81286e+08	2.94392e+08	3.08098e+08	3.14785e+08	2.96483e+08	3.03943e+08	2.95835e+08	2.72816e+08	2.34268e+08	2.36586e+08	2.05112e+08	2.26229e+08	2.46266e+08	2.27468e+08	2.79469e+08	2.80432e+08	3.29127e+08	2.79214e+08	3.3177e+08	3.31312e+08	3.08515e+08	2.80652e+08	1.74831e+08	1.78561e+08	2.80047e+08	1.69494e+08	2.4476e+08	2.60532e+08	2.67451e+08	2.56915e+08	3.38046e+08	3.44215e+08	2.0992e+08	1.90531e+08	2.28851e+08	2.22174e+08	2.08234e+08	2.25434e+08	1.35426e+08	2.19419e+08	2.04471e+08	2.04947e+08	2.04396e+08	2.05117e+08	2.42348e+08	2.43369e+08	2.42441e+08	2.57845e+08	1.68703e+08	2.41436e+08	3.08227e+08	3.25494e+08	3.00981e+08	3.06114e+08	3.00433e+08	2.91275e+08	1.87956e+08	2.28421e+08	2.07895e+08	2.06628e+08	1.91009e+08	2.0558e+08	2.13813e+08	2.1521e+08	1.98968e+08	1.92935e+08	2.16888e+08	1.80236e+08	2.06392e+08	1.88807e+08	2.37421e+08	1.91235e+08	1.93047e+08	2.21879e+08	1.8661e+08	1.88931e+08	1.82743e+08	2.00209e+08	1.66688e+08	1.82459e+08	2.34337e+08	2.36327e+08	2.40851e+08	1.88395e+08	1.97339e+08	1.90607e+08
ERR613503	3.94503e+08	3.94533e+08	5.4853e+08	3.33475e+08	3.3984e+08	3.32434e+08	2.94372e+08	2.49669e+08	2.90216e+08	2.53237e+08	2.82628e+08	2.95955e+08	3.10083e+08	3.16723e+08	2.98354e+08	3.05897e+08	2.97604e+08	2.74511e+08	2.35726e+08	2.37964e+08	2.0632e+08	2.27629e+08	2.47802e+08	2.28767e+08	2.81261e+08	2.81978e+08	3.31072e+08	2.80969e+08	3.3374e+08	3.33232e+08	3.10352e+08	2.82299e+08	1.75748e+08	1.79512e+08	2.81606e+08	1.70354e+08	2.46081e+08	2.61894e+08	2.68745e+08	2.58044e+08	3.39878e+08	3.46147e+08	2.10939e+08	1.91512e+08	2.29973e+08	2.23234e+08	2.09174e+08	2.26709e+08	1.36386e+08	2.20743e+08	2.05677e+08	2.06206e+08	2.05596e+08	2.06294e+08	2.43743e+08	2.44778e+08	2.44051e+08	2.59419e+08	1.69743e+08	2.42889e+08	3.10675e+08	3.28176e+08	3.03305e+08	3.08553e+08	3.02807e+08	2.93725e+08	1.88918e+08	2.29786e+08	2.09097e+08	2.07767e+08	1.92208e+08	2.067e+08	2.15411e+08	2.16793e+08	2.00215e+08	1.94251e+08	2.18452e+08	1.81444e+08	2.07681e+08	1.89937e+08	2.38819e+08	1.92449e+08	1.94257e+08	2.23271e+08	1.87889e+08	1.90186e+08	1.8397e+08	2.01556e+08	1.67681e+08	1.83745e+08	2.35765e+08	2.37946e+08	2.42437e+08	1.89556e+08	1.98682e+08	1.91873e+08
ERR613507	3.31385e+08	3.31549e+08	3.33475e+08	4.07547e+08	2.88342e+08	2.82202e+08	2.45784e+08	2.0848e+08	2.42143e+08	2.11355e+08	2.3592e+08	2.46818e+08	2.5742e+08	2.62998e+08	2.48258e+08	2.5403e+08	2.47341e+08	2.28408e+08	1.97073e+08	1.9885e+08	1.71952e+08	1.89929e+08	2.06694e+08	1.91322e+08	2.3364e+08	2.34993e+08	2.75697e+08	2.34119e+08	2.78116e+08	2.77647e+08	2.6219e+08	2.38556e+08	1.49972e+08	1.53221e+08	2.37874e+08	1.45766e+08	2.09075e+08	2.2273e+08	2.28684e+08	2.19766e+08	2.87836e+08	2.93159e+08	1.75615e+08	1.59568e+08	1.91409e+08	1.85887e+08	1.7452e+08	1.88556e+08	1.12478e+08	1.83051e+08	1.70368e+08	1.70793e+08	1.70307e+08	1.70841e+08	2.01795e+08	2.02671e+08	2.01879e+08	2.14773e+08	1.3989e+08	2.0081e+08	2.60053e+08	2.74571e+08	2.5419e+08	2.58458e+08	2.53778e+08	2.46115e+08	1.5878e+08	1.92905e+08	1.75225e+08	1.7438e+08	1.61385e+08	1.73534e+08	1.78242e+08	1.79414e+08	1.65929e+08	1.60972e+08	1.80752e+08	1.50512e+08	1.72819e+08	1.57538e+08	1.98563e+08	1.59768e+08	1.61214e+08	1.85566e+08	1.55526e+08	1.57348e+08	1.52305e+08	1.67116e+08	1.3914e+08	1.52199e+08	1.95385e+08	1.97215e+08	2.00874e+08	1.57116e+08	1.64553e+08	1.58741e+08
ERR613506	3.37572e+08	3.37848e+08	3.3984e+08	2.88342e+08	4.20215e+08	2.87269e+08	2.50399e+08	2.12445e+08	2.46727e+08	2.15253e+08	2.40446e+08	2.51498e+08	2.62526e+08	2.68232e+08	2.53147e+08	2.59109e+08	2.52066e+08	2.32932e+08	2.00587e+08	2.0259e+08	1.75193e+08	1.93392e+08	2.10593e+08	1.94752e+08	2.38092e+08	2.39231e+08	2.80927e+08	2.38533e+08	2.83298e+08	2.82753e+08	2.66804e+08	2.42788e+08	1.52502e+08	1.55772e+08	2.42136e+08	1.48085e+08	2.12607e+08	2.26486e+08	2.32606e+08	2.23403e+08	2.93033e+08	2.98374e+08	1.78958e+08	1.62694e+08	1.95113e+08	1.89468e+08	1.77844e+08	1.92201e+08	1.14786e+08	1.86707e+08	1.73689e+08	1.74355e+08	1.73789e+08	1.74138e+08	2.05626e+08	2.06363e+08	2.0562e+08	2.1883e+08	1.42522e+08	2.04565e+08	2.65509e+08	2.80319e+08	2.59519e+08	2.63898e+08	2.59162e+08	2.51292e+08	1.61489e+08	1.96204e+08	1.78205e+08	1.77367e+08	1.64114e+08	1.76513e+08	1.81691e+08	1.82988e+08	1.69236e+08	1.64222e+08	1.8443e+08	1.53395e+08	1.75793e+08	1.6052e+08	2.02211e+08	1.6267e+08	1.64121e+08	1.88811e+08	1.58369e+08	1.60249e+08	1.55074e+08	1.70014e+08	1.41732e+08	1.54882e+08	1.98976e+08	2.00729e+08	2.04556e+08	1.60016e+08	1.67578e+08	1.61706e+08
ERR613508	3.30259e+08	3.30396e+08	3.32434e+08	2.82202e+08	2.87269e+08	4.0501e+08	2.44774e+08	2.07649e+08	2.41198e+08	2.1037e+08	2.35007e+08	2.45813e+08	2.56597e+08	2.62108e+08	2.47359e+08	2.53093e+08	2.46388e+08	2.27497e+08	1.96185e+08	1.98015e+08	1.7141e+08	1.89269e+08	2.06016e+08	1.90519e+08	2.32676e+08	2.33948e+08	2.74612e+08	2.33036e+08	2.76856e+08	2.76391e+08	2.61062e+08	2.3767e+08	1.49521e+08	1.52744e+08	2.36938e+08	1.45164e+08	2.08387e+08	2.22012e+08	2.27894e+08	2.19135e+08	2.86802e+08	2.92041e+08	1.74878e+08	1.58853e+08	1.90604e+08	1.85124e+08	1.73658e+08	1.87674e+08	1.12141e+08	1.8228e+08	1.69699e+08	1.70304e+08	1.69671e+08	1.70156e+08	2.00763e+08	2.01638e+08	2.00882e+08	2.13822e+08	1.39193e+08	1.99798e+08	2.59094e+08	2.73552e+08	2.53407e+08	2.57663e+08	2.53008e+08	2.45199e+08	1.57995e+08	1.92028e+08	1.74553e+08	1.73631e+08	1.6063e+08	1.72727e+08	1.77532e+08	1.78777e+08	1.65322e+08	1.6029e+08	1.80099e+08	1.49893e+08	1.72002e+08	1.56912e+08	1.97651e+08	1.59122e+08	1.6046e+08	1.84714e+08	1.54791e+08	1.56731e+08	1.51588e+08	1.6623e+08	1.38473e+08	1.51465e+08	1.94569e+08	1.96194e+08	1.99918e+08	1.56379e+08	1.63768e+08	1.57928e+08
ERR626432	2.92362e+08	2.93101e+08	2.94372e+08	2.45784e+08	2.50399e+08	2.44774e+08	5.44934e+08	3.33727e+08	3.87317e+08	3.37164e+08	3.75648e+08	3.94834e+08	3.38161e+08	3.45468e+08	3.26484e+08	3.34083e+08	3.24736e+08	3.00107e+08	2.54491e+08	2.56656e+08	2.20569e+08	2.43738e+08	2.652e+08	2.46654e+08	3.046e+08	3.07084e+08	3.61199e+08	3.06523e+08	3.64294e+08	3.63722e+08	2.84101e+08	2.55203e+08	1.50433e+08	1.54337e+08	2.5491e+08	1.4556e+08	2.15539e+08	2.34774e+08	2.42115e+08	2.31259e+08	3.12012e+08	3.18441e+08	2.33365e+08	2.12343e+08	2.54837e+08	2.46972e+08	2.32321e+08	2.50668e+08	1.28639e+08	2.1167e+08	1.96995e+08	1.97453e+08	1.96731e+08	1.96997e+08	2.37645e+08	2.38679e+08	2.37734e+08	2.53505e+08	1.63041e+08	2.36205e+08	2.2419e+08	2.38744e+08	2.17945e+08	2.21927e+08	2.1724e+08	2.09108e+08	1.67257e+08	2.03596e+08	1.84989e+08	1.83987e+08	1.70057e+08	1.83811e+08	2.03166e+08	2.0469e+08	1.8953e+08	1.83862e+08	2.06446e+08	1.71705e+08	2.07324e+08	1.88198e+08	2.38508e+08	1.91111e+08	1.92516e+08	2.2223e+08	1.8051e+08	1.82726e+08	1.76696e+08	1.94527e+08	1.61914e+08	1.76783e+08	2.24042e+08	2.2604e+08	2.2998e+08	1.79437e+08	1.87415e+08	1.80919e+08
ERR626431	2.48031e+08	2.48692e+08	2.49669e+08	2.0848e+08	2.12445e+08	2.07649e+08	3.33727e+08	4.13811e+08	3.29017e+08	2.88636e+08	3.20676e+08	3.35145e+08	2.87182e+08	2.93148e+08	2.76982e+08	2.83501e+08	2.758e+08	2.55119e+08	2.16558e+08	2.18359e+08	1.88301e+08	2.07709e+08	2.25715e+08	2.10092e+08	2.59259e+08	2.60958e+08	3.0643e+08	2.60361e+08	3.08876e+08	3.08598e+08	2.40827e+08	2.1657e+08	1.28001e+08	1.31363e+08	2.16354e+08	1.23808e+08	1.82993e+08	1.9886e+08	2.04798e+08	1.95876e+08	2.63609e+08	2.6909e+08	1.98709e+08	1.80973e+08	2.16835e+08	2.10079e+08	1.97526e+08	2.13268e+08	1.08971e+08	1.78515e+08	1.66282e+08	1.66745e+08	1.66164e+08	1.66417e+08	2.00351e+08	2.01138e+08	2.00491e+08	2.13589e+08	1.37949e+08	1.99235e+08	1.89392e+08	2.01633e+08	1.84034e+08	1.87441e+08	1.83391e+08	1.76539e+08	1.4084e+08	1.71499e+08	1.5592e+08	1.55126e+08	1.43355e+08	1.54933e+08	1.71539e+08	1.72838e+08	1.5997e+08	1.55019e+08	1.74286e+08	1.44832e+08	1.74616e+08	1.58664e+08	2.0073e+08	1.61184e+08	1.62383e+08	1.87274e+08	1.52443e+08	1.54162e+08	1.49126e+08	1.64005e+08	1.36486e+08	1.49082e+08	1.89115e+08	1.90764e+08	1.94154e+08	1.5154e+08	1.58371e+08	1.5288e+08
ERR626433	2.88133e+08	2.88864e+08	2.90216e+08	2.42143e+08	2.46727e+08	2.41198e+08	3.87317e+08	3.29017e+08	5.31168e+08	3.32303e+08	3.69968e+08	3.88909e+08	3.33131e+08	3.40267e+08	3.21514e+08	3.29025e+08	3.20051e+08	2.95707e+08	2.50743e+08	2.52917e+08	2.17574e+08	2.40173e+08	2.61264e+08	2.42988e+08	3.00205e+08	3.0256e+08	3.55784e+08	3.01703e+08	3.58754e+08	3.58225e+08	2.80073e+08	2.51535e+08	1.48413e+08	1.52234e+08	2.51237e+08	1.4348e+08	2.12348e+08	2.31241e+08	2.3833e+08	2.27653e+08	3.06932e+08	3.13432e+08	2.30126e+08	2.09533e+08	2.51266e+08	2.43453e+08	2.28994e+08	2.47224e+08	1.26733e+08	2.0842e+08	1.93995e+08	1.94531e+08	1.93809e+08	1.94028e+08	2.33945e+08	2.34904e+08	2.33873e+08	2.49496e+08	1.60586e+08	2.32625e+08	2.20718e+08	2.3516e+08	2.14512e+08	2.18525e+08	2.13837e+08	2.05893e+08	1.64593e+08	2.00365e+08	1.82187e+08	1.81036e+08	1.6733e+08	1.80986e+08	2.00007e+08	2.01565e+08	1.86552e+08	1.8097e+08	2.03177e+08	1.69033e+08	2.0391e+08	1.85015e+08	2.34355e+08	1.88018e+08	1.89257e+08	2.18552e+08	1.7778e+08	1.79838e+08	1.74032e+08	1.9142e+08	1.59297e+08	1.73992e+08	2.20751e+08	2.22609e+08	2.26518e+08	1.76673e+08	1.84608e+08	1.78346e+08
ERR626430	2.515e+08	2.52102e+08	2.53237e+08	2.11355e+08	2.15253e+08	2.1037e+08	3.37164e+08	2.88636e+08	3.32303e+08	4.21903e+08	3.24471e+08	3.38532e+08	2.9091e+08	2.97142e+08	2.80745e+08	2.87342e+08	2.79544e+08	2.58456e+08	2.19212e+08	2.21084e+08	1.90882e+08	2.10452e+08	2.28655e+08	2.12505e+08	2.62394e+08	2.64155e+08	3.0995e+08	2.63416e+08	3.12446e+08	3.12084e+08	2.44034e+08	2.19445e+08	1.29631e+08	1.32977e+08	2.19313e+08	1.25338e+08	1.85577e+08	2.01711e+08	2.07669e+08	1.98597e+08	2.67449e+08	2.7288e+08	2.0143e+08	1.83233e+08	2.19679e+08	2.13022e+08	2.00231e+08	2.1611e+08	1.10441e+08	1.81116e+08	1.68536e+08	1.69029e+08	1.68478e+08	1.68656e+08	2.03349e+08	2.04143e+08	2.03242e+08	2.16601e+08	1.39859e+08	2.02104e+08	1.92244e+08	2.04702e+08	1.86794e+08	1.90329e+08	1.861e+08	1.79205e+08	1.42921e+08	1.74121e+08	1.58156e+08	1.57339e+08	1.45368e+08	1.56989e+08	1.74104e+08	1.75366e+08	1.62168e+08	1.57362e+08	1.76885e+08	1.46919e+08	1.76768e+08	1.60611e+08	2.03131e+08	1.63136e+08	1.64351e+08	1.89529e+08	1.5473e+08	1.56426e+08	1.51406e+08	1.66351e+08	1.38454e+08	1.51323e+08	1.91905e+08	1.9361e+08	1.96973e+08	1.53897e+08	1.60838e+08	1.552e+08
ERR626429	2.80729e+08	2.81286e+08	2.82628e+08	2.3592e+08	2.40446e+08	2.35007e+08	3.75648e+08	3.20676e+08	3.69968e+08	3.24471e+08	5.07428e+08	3.77012e+08	3.2395e+08	3.3078e+08	3.12868e+08	3.19828e+08	3.11105e+08	2.8757e+08	2.43983e+08	2.45862e+08	2.11686e+08	2.3352e+08	2.54248e+08	2.36374e+08	2.92047e+08	2.9416e+08	3.45888e+08	2.93272e+08	3.48867e+08	3.48276e+08	2.72412e+08	2.44772e+08	1.44148e+08	1.47905e+08	2.44305e+08	1.39465e+08	2.06793e+08	2.2538e+08	2.32264e+08	2.22103e+08	2.9923e+08	3.05381e+08	2.23985e+08	2.03846e+08	2.44369e+08	2.36921e+08	2.22789e+08	2.40227e+08	1.2339e+08	2.03219e+08	1.89092e+08	1.89671e+08	1.88801e+08	1.8902e+08	2.28196e+08	2.29151e+08	2.28273e+08	2.43329e+08	1.5646e+08	2.26793e+08	2.15723e+08	2.29717e+08	2.09588e+08	2.1346e+08	2.08899e+08	2.0094e+08	1.60485e+08	1.95538e+08	1.77624e+08	1.76512e+08	1.6316e+08	1.76412e+08	1.95267e+08	1.96695e+08	1.81944e+08	1.7647e+08	1.98214e+08	1.64848e+08	1.98863e+08	1.80424e+08	2.28603e+08	1.83347e+08	1.84589e+08	2.13076e+08	1.73433e+08	1.75374e+08	1.69674e+08	1.86657e+08	1.55428e+08	1.69866e+08	2.15222e+08	2.17051e+08	2.20972e+08	1.72465e+08	1.801e+08	1.73821e+08
ERR626434	2.93684e+08	2.94392e+08	2.95955e+08	2.46818e+08	2.51498e+08	2.45813e+08	3.94834e+08	3.35145e+08	3.88909e+08	3.38532e+08	3.77012e+08	5.48649e+08	3.39437e+08	3.46742e+08	3.27523e+08	3.35228e+08	3.26117e+08	3.01249e+08	2.55424e+08	2.57556e+08	2.21579e+08	2.44641e+08	2.66252e+08	2.47734e+08	3.05837e+08	3.08266e+08	3.6254e+08	3.07531e+08	3.65737e+08	3.65084e+08	2.85527e+08	2.56446e+08	1.51096e+08	1.55088e+08	2.55869e+08	1.46077e+08	2.16313e+08	2.35632e+08	2.42809e+08	2.32113e+08	3.12913e+08	3.19533e+08	2.34465e+08	2.13473e+08	2.55897e+08	2.48015e+08	2.33323e+08	2.51825e+08	1.29306e+08	2.12672e+08	1.97937e+08	1.9833e+08	1.97677e+08	1.9804e+08	2.38807e+08	2.39809e+08	2.38641e+08	2.54783e+08	1.63847e+08	2.37422e+08	2.25275e+08	2.39911e+08	2.19066e+08	2.23047e+08	2.18358e+08	2.1007e+08	1.68001e+08	2.04544e+08	1.85819e+08	1.84975e+08	1.70834e+08	1.8477e+08	2.0412e+08	2.0566e+08	1.90467e+08	1.8467e+08	2.07305e+08	1.72441e+08	2.08121e+08	1.89091e+08	2.39453e+08	1.92204e+08	1.93379e+08	2.23342e+08	1.8148e+08	1.83553e+08	1.77618e+08	1.9531e+08	1.62579e+08	1.77572e+08	2.25316e+08	2.27184e+08	2.31164e+08	1.80266e+08	1.88521e+08	1.81928e+08
ERR637109	3.07991e+08	3.08098e+08	3.10083e+08	2.5742e+08	2.62526e+08	2.56597e+08	3.38161e+08	2.87182e+08	3.33131e+08	2.9091e+08	3.2395e+08	3.39437e+08	5.42825e+08	3.9804e+08	3.74446e+08	3.85275e+08	3.73903e+08	3.4605e+08	2.59908e+08	2.61932e+08	2.26982e+08	2.49837e+08	2.71599e+08	2.51995e+08	3.10913e+08	3.11658e+08	3.65127e+08	3.10836e+08	3.68092e+08	3.67623e+08	3.03977e+08	2.74762e+08	1.64725e+08	1.68886e+08	2.74115e+08	1.593e+08	2.3253e+08	2.4943e+08	2.56782e+08	2.45826e+08	3.28737e+08	3.35544e+08	2.59728e+08	2.36566e+08	2.83026e+08	2.74663e+08	2.57396e+08	2.78848e+08	1.34048e+08	2.1818e+08	2.03176e+08	2.03668e+08	2.03034e+08	2.0364e+08	2.38838e+08	2.39652e+08	2.38917e+08	2.54435e+08	1.65557e+08	2.37776e+08	2.32677e+08	2.47654e+08	2.25783e+08	2.3035e+08	2.25304e+08	2.17037e+08	1.67617e+08	2.04351e+08	1.85726e+08	1.84597e+08	1.70352e+08	1.8403e+08	2.09167e+08	2.10464e+08	1.94292e+08	1.88424e+08	2.12252e+08	1.75582e+08	2.0465e+08	1.86867e+08	2.35835e+08	1.89489e+08	1.91412e+08	2.20272e+08	1.80562e+08	1.82711e+08	1.7674e+08	1.93929e+08	1.60837e+08	1.76451e+08	2.27117e+08	2.28982e+08	2.33377e+08	1.81718e+08	1.90394e+08	1.83891e+08
ERR637110	3.1443e+08	3.14785e+08	3.16723e+08	2.62998e+08	2.68232e+08	2.62108e+08	3.45468e+08	2.93148e+08	3.40267e+08	2.97142e+08	3.3078e+08	3.46742e+08	3.9804e+08	5.62345e+08	3.81969e+08	3.93164e+08	3.81645e+08	3.52978e+08	2.65142e+08	2.67261e+08	2.31616e+08	2.54884e+08	2.76966e+08	2.57164e+08	3.17219e+08	3.18137e+08	3.72767e+08	3.17284e+08	3.75879e+08	3.75354e+08	3.10106e+08	2.80376e+08	1.67817e+08	1.72103e+08	2.79578e+08	1.62356e+08	2.37218e+08	2.54758e+08	2.62336e+08	2.50975e+08	3.35721e+08	3.42811e+08	2.646e+08	2.4097e+08	2.88542e+08	2.79923e+08	2.62403e+08	2.84205e+08	1.36864e+08	2.22996e+08	2.07575e+08	2.0828e+08	2.0746e+08	2.08083e+08	2.44403e+08	2.45348e+08	2.4448e+08	2.60302e+08	1.69242e+08	2.43357e+08	2.37796e+08	2.53161e+08	2.3085e+08	2.35415e+08	2.30182e+08	2.2183e+08	1.71442e+08	2.08961e+08	1.8997e+08	1.88775e+08	1.74361e+08	1.88239e+08	2.13785e+08	2.15026e+08	1.98508e+08	1.92399e+08	2.16872e+08	1.79342e+08	2.09382e+08	1.91041e+08	2.41275e+08	1.9386e+08	1.95781e+08	2.25278e+08	1.84693e+08	1.86869e+08	1.80806e+08	1.98408e+08	1.64588e+08	1.8047e+08	2.32316e+08	2.34292e+08	2.38723e+08	1.85769e+08	1.94761e+08	1.88095e+08
ERR637106	2.96185e+08	2.96483e+08	2.98354e+08	2.48258e+08	2.53147e+08	2.47359e+08	3.26484e+08	2.76982e+08	3.21514e+08	2.80745e+08	3.12868e+08	3.27523e+08	3.74446e+08	3.81969e+08	5.09396e+08	3.70003e+08	3.60797e+08	3.34238e+08	2.50175e+08	2.52219e+08	2.18199e+08	2.4017e+08	2.61197e+08	2.42589e+08	2.98619e+08	3.00221e+08	3.51821e+08	2.99388e+08	3.54626e+08	3.54202e+08	2.92362e+08	2.64107e+08	1.58189e+08	1.62278e+08	2.63365e+08	1.53188e+08	2.24037e+08	2.41166e+08	2.48524e+08	2.37805e+08	3.18101e+08	3.2456e+08	2.50366e+08	2.28117e+08	2.72665e+08	2.64653e+08	2.48436e+08	2.6864e+08	1.28491e+08	2.1017e+08	1.95631e+08	1.96274e+08	1.95512e+08	1.95876e+08	2.29557e+08	2.30524e+08	2.29786e+08	2.44724e+08	1.58302e+08	2.28399e+08	2.23669e+08	2.38154e+08	2.17172e+08	2.21364e+08	2.16674e+08	2.0866e+08	1.61339e+08	1.96727e+08	1.78727e+08	1.77625e+08	1.63984e+08	1.7725e+08	2.01252e+08	2.02478e+08	1.87103e+08	1.81451e+08	2.04271e+08	1.69196e+08	1.97897e+08	1.79919e+08	2.27744e+08	1.82711e+08	1.84355e+08	2.12455e+08	1.73346e+08	1.75439e+08	1.69681e+08	1.86425e+08	1.54823e+08	1.69564e+08	2.17743e+08	2.19752e+08	2.23849e+08	1.74216e+08	1.82585e+08	1.76124e+08
ERR637108	3.03586e+08	3.03943e+08	3.05897e+08	2.5403e+08	2.59109e+08	2.53093e+08	3.34083e+08	2.83501e+08	3.29025e+08	2.87342e+08	3.19828e+08	3.35228e+08	3.85275e+08	3.93164e+08	3.70003e+08	5.31195e+08	3.69278e+08	3.41855e+08	2.56348e+08	2.58401e+08	2.23971e+08	2.46451e+08	2.67717e+08	2.48585e+08	3.06688e+08	3.07532e+08	3.60357e+08	3.06651e+08	3.63072e+08	3.62789e+08	2.99982e+08	2.71451e+08	1.62586e+08	1.66689e+08	2.70567e+08	1.57287e+08	2.29597e+08	2.46466e+08	2.53643e+08	2.4287e+08	3.24775e+08	3.31512e+08	2.56631e+08	2.33664e+08	2.79845e+08	2.71575e+08	2.54474e+08	2.75643e+08	1.32239e+08	2.15246e+08	2.00489e+08	2.0115e+08	2.00281e+08	2.00925e+08	2.35707e+08	2.36506e+08	2.359e+08	2.50872e+08	1.63328e+08	2.34669e+08	2.29605e+08	2.44421e+08	2.22957e+08	2.2735e+08	2.22228e+08	2.14328e+08	1.65324e+08	2.01628e+08	1.83265e+08	1.82108e+08	1.68079e+08	1.81581e+08	2.06381e+08	2.07758e+08	1.91766e+08	1.85884e+08	2.09544e+08	1.73385e+08	2.02063e+08	1.84256e+08	2.32662e+08	1.87003e+08	1.88752e+08	2.17438e+08	1.77973e+08	1.80289e+08	1.74359e+08	1.91196e+08	1.5872e+08	1.73954e+08	2.24196e+08	2.25896e+08	2.30249e+08	1.79276e+08	1.87911e+08	1.81424e+08
ERR637107	2.95549e+08	2.95835e+08	2.97604e+08	2.47341e+08	2.52066e+08	2.46388e+08	3.24736e+08	2.758e+08	3.20051e+08	2.79544e+08	3.11105e+08	3.26117e+08	3.73903e+08	3.81645e+08	3.60797e+08	3.69278e+08	5.07123e+08	3.33534e+08	2.49536e+08	2.51521e+08	2.1801e+08	2.39895e+08	2.60524e+08	2.4206e+08	2.98279e+08	2.99078e+08	3.5025e+08	2.98232e+08	3.53094e+08	3.52689e+08	2.91878e+08	2.63998e+08	1.58308e+08	1.62411e+08	2.63461e+08	1.53187e+08	2.23495e+08	2.40111e+08	2.46939e+08	2.36595e+08	3.16055e+08	3.22501e+08	2.49956e+08	2.27637e+08	2.72411e+08	2.64378e+08	2.47753e+08	2.68277e+08	1.28528e+08	2.09239e+08	1.94903e+08	1.9535e+08	1.94664e+08	1.9524e+08	2.2889e+08	2.29714e+08	2.28863e+08	2.43553e+08	1.58482e+08	2.2785e+08	2.23254e+08	2.37653e+08	2.16704e+08	2.21019e+08	2.16107e+08	2.0836e+08	1.60375e+08	1.9569e+08	1.7789e+08	1.76658e+08	1.63018e+08	1.76191e+08	2.00624e+08	2.01921e+08	1.86357e+08	1.8063e+08	2.03735e+08	1.68355e+08	1.9608e+08	1.78824e+08	2.25837e+08	1.81419e+08	1.832e+08	2.10933e+08	1.7284e+08	1.74935e+08	1.69209e+08	1.85574e+08	1.54101e+08	1.68829e+08	2.17452e+08	2.19142e+08	2.23284e+08	1.73964e+08	1.82301e+08	1.76122e+08
ERR637105	2.72557e+08	2.72816e+08	2.74511e+08	2.28408e+08	2.32932e+08	2.27497e+08	3.00107e+08	2.55119e+08	2.95707e+08	2.58456e+08	2.8757e+08	3.01249e+08	3.4605e+08	3.52978e+08	3.34238e+08	3.41855e+08	3.33534e+08	4.43516e+08	2.3078e+08	2.32635e+08	2.01603e+08	2.21864e+08	2.40872e+08	2.23819e+08	2.75291e+08	2.7618e+08	3.23352e+08	2.75571e+08	3.2597e+08	3.25494e+08	2.69788e+08	2.44051e+08	1.46688e+08	1.50429e+08	2.4351e+08	1.41969e+08	2.06656e+08	2.22106e+08	2.28655e+08	2.18882e+08	2.92081e+08	2.98066e+08	2.31857e+08	2.11418e+08	2.52529e+08	2.45036e+08	2.29822e+08	2.48602e+08	1.17967e+08	1.92357e+08	1.79036e+08	1.79664e+08	1.78797e+08	1.79374e+08	2.0914e+08	2.0994e+08	2.09213e+08	2.22774e+08	1.44655e+08	2.08229e+08	2.04958e+08	2.1821e+08	1.98944e+08	2.02821e+08	1.98478e+08	1.91224e+08	1.46843e+08	1.79165e+08	1.62756e+08	1.61767e+08	1.49322e+08	1.61309e+08	1.84292e+08	1.85313e+08	1.71189e+08	1.6588e+08	1.86994e+08	1.54734e+08	1.79785e+08	1.6385e+08	2.0715e+08	1.66248e+08	1.6781e+08	1.933e+08	1.57954e+08	1.59958e+08	1.54594e+08	1.69804e+08	1.41082e+08	1.54435e+08	1.9871e+08	2.00317e+08	2.04063e+08	1.59027e+08	1.6651e+08	1.60737e+08
ERR618517	2.34102e+08	2.34268e+08	2.35726e+08	1.97073e+08	2.00587e+08	1.96185e+08	2.54491e+08	2.16558e+08	2.50743e+08	2.19212e+08	2.43983e+08	2.55424e+08	2.59908e+08	2.65142e+08	2.50175e+08	2.56348e+08	2.49536e+08	2.3078e+08	3.42261e+08	2.27195e+08	1.95868e+08	2.15524e+08	2.33645e+08	2.18607e+08	2.53165e+08	2.5411e+08	2.96942e+08	2.5358e+08	2.99249e+08	2.98994e+08	2.29513e+08	2.07448e+08	1.24503e+08	1.27816e+08	2.06532e+08	1.20707e+08	1.77284e+08	1.90662e+08	1.96542e+08	1.88e+08	2.51407e+08	2.56498e+08	1.78951e+08	1.62915e+08	1.95346e+08	1.89353e+08	1.77649e+08	1.92176e+08	1.00946e+08	1.64557e+08	1.53217e+08	1.53703e+08	1.5318e+08	1.53497e+08	1.81858e+08	1.82478e+08	1.81822e+08	1.93681e+08	1.25647e+08	1.81046e+08	1.78907e+08	1.90245e+08	1.73904e+08	1.77148e+08	1.73397e+08	1.67287e+08	1.28627e+08	1.56756e+08	1.42445e+08	1.41571e+08	1.3089e+08	1.41218e+08	1.57518e+08	1.5857e+08	1.46495e+08	1.42009e+08	1.59858e+08	1.32515e+08	1.57321e+08	1.43322e+08	1.81132e+08	1.45496e+08	1.46757e+08	1.69086e+08	1.379e+08	1.39618e+08	1.35045e+08	1.48262e+08	1.23202e+08	1.34868e+08	1.72482e+08	1.7387e+08	1.77101e+08	1.37957e+08	1.444e+08	1.39464e+08
ERR618518	2.36403e+08	2.36586e+08	2.37964e+08	1.9885e+08	2.0259e+08	1.98015e+08	2.56656e+08	2.18359e+08	2.52917e+08	2.21084e+08	2.45862e+08	2.57556e+08	2.61932e+08	2.67261e+08	2.52219e+08	2.58401e+08	2.51521e+08	2.32635e+08	2.27195e+08	3.47113e+08	1.97468e+08	2.17151e+08	2.35569e+08	2.20516e+08	2.55114e+08	2.56174e+08	2.99458e+08	2.55619e+08	3.01988e+08	3.01475e+08	2.31694e+08	2.09426e+08	1.25734e+08	1.2888e+08	2.08381e+08	1.21801e+08	1.78791e+08	1.92406e+08	1.98161e+08	1.89583e+08	2.53615e+08	2.5879e+08	1.80504e+08	1.6429e+08	1.97089e+08	1.91004e+08	1.7936e+08	1.93909e+08	1.01851e+08	1.66141e+08	1.54558e+08	1.55043e+08	1.54619e+08	1.54899e+08	1.8346e+08	1.84196e+08	1.8353e+08	1.9553e+08	1.26811e+08	1.82639e+08	1.80665e+08	1.92158e+08	1.75672e+08	1.78831e+08	1.75174e+08	1.68995e+08	1.29918e+08	1.5833e+08	1.43823e+08	1.43006e+08	1.3207e+08	1.42491e+08	1.58965e+08	1.60043e+08	1.47931e+08	1.4345e+08	1.61401e+08	1.33726e+08	1.58697e+08	1.44614e+08	1.8266e+08	1.46767e+08	1.48103e+08	1.70558e+08	1.39115e+08	1.40824e+08	1.36221e+08	1.49573e+08	1.24296e+08	1.36018e+08	1.74185e+08	1.7557e+08	1.78843e+08	1.39281e+08	1.45833e+08	1.40734e+08
ERR618514	2.0491e+08	2.05112e+08	2.0632e+08	1.71952e+08	1.75193e+08	1.7141e+08	2.20569e+08	1.88301e+08	2.17574e+08	1.90882e+08	2.11686e+08	2.21579e+08	2.26982e+08	2.31616e+08	2.18199e+08	2.23971e+08	2.1801e+08	2.01603e+08	1.95868e+08	1.97468e+08	2.74742e+08	1.89664e+08	2.05341e+08	1.90259e+08	2.21376e+08	2.2137e+08	2.58082e+08	2.20937e+08	2.60255e+08	2.60011e+08	2.00883e+08	1.82041e+08	1.09833e+08	1.12661e+08	1.81243e+08	1.06456e+08	1.5539e+08	1.66133e+08	1.70783e+08	1.63644e+08	2.18268e+08	2.22564e+08	1.56668e+08	1.42634e+08	1.70986e+08	1.65876e+08	1.55305e+08	1.68363e+08	8.85246e+07	1.42899e+08	1.33232e+08	1.33637e+08	1.33292e+08	1.33652e+08	1.57633e+08	1.5831e+08	1.57857e+08	1.67884e+08	1.09943e+08	1.57148e+08	1.5699e+08	1.66646e+08	1.5234e+08	1.55106e+08	1.51891e+08	1.4683e+08	1.11491e+08	1.35987e+08	1.23646e+08	1.22826e+08	1.13362e+08	1.22232e+08	1.37125e+08	1.38038e+08	1.27341e+08	1.23633e+08	1.39195e+08	1.15176e+08	1.35253e+08	1.23835e+08	1.55793e+08	1.25493e+08	1.26671e+08	1.45702e+08	1.19932e+08	1.21323e+08	1.1733e+08	1.28445e+08	1.06684e+08	1.17059e+08	1.50327e+08	1.51391e+08	1.54283e+08	1.20201e+08	1.26152e+08	1.21788e+08
ERR618515	2.26036e+08	2.26229e+08	2.27629e+08	1.89929e+08	1.93392e+08	1.89269e+08	2.43738e+08	2.07709e+08	2.40173e+08	2.10452e+08	2.3352e+08	2.44641e+08	2.49837e+08	2.54884e+08	2.4017e+08	2.46451e+08	2.39895e+08	2.21864e+08	2.15524e+08	2.17151e+08	1.89664e+08	3.20952e+08	2.25833e+08	2.09136e+08	2.43411e+08	2.43958e+08	2.84564e+08	2.43259e+08	2.86931e+08	2.8675e+08	2.21498e+08	2.00478e+08	1.20829e+08	1.23898e+08	1.99686e+08	1.17084e+08	1.7089e+08	1.8301e+08	1.88394e+08	1.80359e+08	2.40848e+08	2.45892e+08	1.72184e+08	1.56709e+08	1.87973e+08	1.82218e+08	1.7088e+08	1.85051e+08	9.75567e+07	1.58183e+08	1.47351e+08	1.47814e+08	1.47301e+08	1.47771e+08	1.74551e+08	1.7526e+08	1.7466e+08	1.86006e+08	1.21345e+08	1.73974e+08	1.73009e+08	1.83931e+08	1.6816e+08	1.71329e+08	1.67705e+08	1.6187e+08	1.23662e+08	1.50598e+08	1.36962e+08	1.36119e+08	1.25671e+08	1.35676e+08	1.51637e+08	1.52657e+08	1.4097e+08	1.3678e+08	1.53994e+08	1.27449e+08	1.5031e+08	1.37254e+08	1.73146e+08	1.39289e+08	1.40526e+08	1.61665e+08	1.32621e+08	1.34258e+08	1.29841e+08	1.42334e+08	1.18197e+08	1.29567e+08	1.66185e+08	1.67551e+08	1.70633e+08	1.32959e+08	1.3928e+08	1.34589e+08
ERR618513	2.46131e+08	2.46266e+08	2.47802e+08	2.06694e+08	2.10593e+08	2.06016e+08	2.652e+08	2.25715e+08	2.61264e+08	2.28655e+08	2.54248e+08	2.66252e+08	2.71599e+08	2.76966e+08	2.61197e+08	2.67717e+08	2.60524e+08	2.40872e+08	2.33645e+08	2.35569e+08	2.05341e+08	2.25833e+08	3.68506e+08	2.26712e+08	2.64158e+08	2.64673e+08	3.0919e+08	2.64075e+08	3.11756e+08	3.11517e+08	2.40961e+08	2.17805e+08	1.31024e+08	1.34365e+08	2.16921e+08	1.27018e+08	1.85808e+08	1.99293e+08	2.05173e+08	1.96445e+08	2.6266e+08	2.67923e+08	1.87011e+08	1.70098e+08	2.04143e+08	1.97938e+08	1.85633e+08	2.00993e+08	1.0646e+08	1.7295e+08	1.61043e+08	1.61525e+08	1.60985e+08	1.61335e+08	1.91119e+08	1.91777e+08	1.91191e+08	2.03503e+08	1.32599e+08	1.90427e+08	1.89399e+08	2.01229e+08	1.83948e+08	1.87366e+08	1.83412e+08	1.77071e+08	1.35158e+08	1.64876e+08	1.49813e+08	1.48969e+08	1.37523e+08	1.48371e+08	1.65898e+08	1.66992e+08	1.54136e+08	1.49572e+08	1.68291e+08	1.39324e+08	1.64442e+08	1.50142e+08	1.8944e+08	1.52348e+08	1.53718e+08	1.77022e+08	1.45006e+08	1.46788e+08	1.41997e+08	1.5568e+08	1.29318e+08	1.41763e+08	1.81796e+08	1.83158e+08	1.86572e+08	1.4541e+08	1.52336e+08	1.47063e+08
ERR618516	2.27311e+08	2.27468e+08	2.28767e+08	1.91322e+08	1.94752e+08	1.90519e+08	2.46654e+08	2.10092e+08	2.42988e+08	2.12505e+08	2.36374e+08	2.47734e+08	2.51995e+08	2.57164e+08	2.42589e+08	2.48585e+08	2.4206e+08	2.23819e+08	2.18607e+08	2.20516e+08	1.90259e+08	2.09136e+08	2.26712e+08	3.25458e+08	2.45576e+08	2.46542e+08	2.8808e+08	2.46079e+08	2.90403e+08	2.9012e+08	2.22931e+08	2.01497e+08	1.21111e+08	1.24281e+08	2.00613e+08	1.17451e+08	1.72112e+08	1.85145e+08	1.90679e+08	1.82494e+08	2.43877e+08	2.48914e+08	1.73683e+08	1.58112e+08	1.89653e+08	1.83777e+08	1.72582e+08	1.86645e+08	9.78658e+07	1.59511e+08	1.48469e+08	1.48879e+08	1.48496e+08	1.48744e+08	1.76119e+08	1.7665e+08	1.76094e+08	1.87602e+08	1.21719e+08	1.75221e+08	1.73584e+08	1.84595e+08	1.68921e+08	1.71987e+08	1.68413e+08	1.62493e+08	1.24638e+08	1.51916e+08	1.38024e+08	1.37287e+08	1.2675e+08	1.36834e+08	1.52589e+08	1.53699e+08	1.41978e+08	1.37625e+08	1.5494e+08	1.28442e+08	1.52445e+08	1.389e+08	1.7552e+08	1.40993e+08	1.42245e+08	1.63838e+08	1.33442e+08	1.35084e+08	1.30656e+08	1.43462e+08	1.19235e+08	1.30578e+08	1.67128e+08	1.68485e+08	1.71563e+08	1.33674e+08	1.4008e+08	1.35133e+08
ERR617367	2.79269e+08	2.79469e+08	2.81261e+08	2.3364e+08	2.38092e+08	2.32676e+08	3.046e+08	2.59259e+08	3.00205e+08	2.62394e+08	2.92047e+08	3.05837e+08	3.10913e+08	3.17219e+08	2.98619e+08	3.06688e+08	2.98279e+08	2.75291e+08	2.53165e+08	2.55114e+08	2.21376e+08	2.43411e+08	2.64158e+08	2.45576e+08	4.64093e+08	3.22043e+08	3.75526e+08	3.21002e+08	3.78734e+08	3.7822e+08	2.72111e+08	2.45565e+08	1.45795e+08	1.4955e+08	2.44525e+08	1.40873e+08	2.07454e+08	2.23157e+08	2.29911e+08	2.19863e+08	2.95607e+08	3.01886e+08	2.13289e+08	1.94161e+08	2.33032e+08	2.25766e+08	2.11745e+08	2.29317e+08	1.23197e+08	2.00242e+08	1.86612e+08	1.87223e+08	1.8648e+08	1.87067e+08	2.21385e+08	2.22165e+08	2.21458e+08	2.35634e+08	1.5344e+08	2.20229e+08	2.11951e+08	2.25414e+08	2.05537e+08	2.09614e+08	2.04922e+08	1.97788e+08	1.55608e+08	1.89691e+08	1.72385e+08	1.712e+08	1.58098e+08	1.70681e+08	1.9174e+08	1.93171e+08	1.78421e+08	1.73048e+08	1.94699e+08	1.61261e+08	1.9236e+08	1.75618e+08	2.2168e+08	1.78297e+08	1.79782e+08	2.06882e+08	1.68515e+08	1.70632e+08	1.64992e+08	1.80956e+08	1.50335e+08	1.64674e+08	2.09621e+08	2.11378e+08	2.15187e+08	1.67668e+08	1.75648e+08	1.69688e+08
ERR617369	2.79959e+08	2.80432e+08	2.81978e+08	2.34993e+08	2.39231e+08	2.33948e+08	3.07084e+08	2.60958e+08	3.0256e+08	2.64155e+08	2.9416e+08	3.08266e+08	3.11658e+08	3.18137e+08	3.00221e+08	3.07532e+08	2.99078e+08	2.7618e+08	2.5411e+08	2.56174e+08	2.2137e+08	2.43958e+08	2.64673e+08	2.46542e+08	3.22043e+08	4.68497e+08	3.78343e+08	3.23319e+08	3.81713e+08	3.80815e+08	2.72742e+08	2.45626e+08	1.4553e+08	1.49376e+08	2.44658e+08	1.40923e+08	2.08082e+08	2.24916e+08	2.3199e+08	2.21746e+08	2.98515e+08	3.04966e+08	2.13944e+08	1.94721e+08	2.33671e+08	2.26199e+08	2.12643e+08	2.29719e+08	1.23123e+08	2.01633e+08	1.87455e+08	1.88149e+08	1.87451e+08	1.8786e+08	2.23102e+08	2.23943e+08	2.22987e+08	2.37694e+08	1.53648e+08	2.21822e+08	2.12129e+08	2.25729e+08	2.06025e+08	2.0987e+08	2.05368e+08	1.97946e+08	1.57e+08	1.91349e+08	1.73791e+08	1.72747e+08	1.59581e+08	1.72487e+08	1.92809e+08	1.94305e+08	1.79548e+08	1.74119e+08	1.95828e+08	1.62641e+08	1.9509e+08	1.77433e+08	2.24569e+08	1.80279e+08	1.81672e+08	2.09429e+08	1.69667e+08	1.71675e+08	1.66039e+08	1.82521e+08	1.51682e+08	1.66092e+08	2.10425e+08	2.12209e+08	2.16091e+08	1.68413e+08	1.76355e+08	1.70026e+08
ERR617371	3.28671e+08	3.29127e+08	3.31072e+08	2.75697e+08	2.80927e+08	2.74612e+08	3.61199e+08	3.0643e+08	3.55784e+08	3.0995e+08	3.45888e+08	3.6254e+08	3.65127e+08	3.72767e+08	3.51821e+08	3.60357e+08	3.5025e+08	3.23352e+08	2.96942e+08	2.99458e+08	2.58082e+08	2.84564e+08	3.0919e+08	2.8808e+08	3.75526e+08	3.78343e+08	6.15808e+08	3.77407e+08	4.49944e+08	4.49041e+08	3.19838e+08	2.87591e+08	1.69819e+08	1.74476e+08	2.86395e+08	1.64584e+08	2.43539e+08	2.63912e+08	2.72209e+08	2.60275e+08	3.50807e+08	3.58453e+08	2.50149e+08	2.27551e+08	2.7341e+08	2.64602e+08	2.48844e+08	2.68756e+08	1.44808e+08	2.38033e+08	2.21076e+08	2.21892e+08	2.21093e+08	2.21443e+08	2.63436e+08	2.64403e+08	2.63245e+08	2.81094e+08	1.80992e+08	2.61951e+08	2.49978e+08	2.66079e+08	2.42835e+08	2.47468e+08	2.42124e+08	2.33311e+08	1.85529e+08	2.26024e+08	2.05164e+08	2.0416e+08	1.88536e+08	2.03759e+08	2.2727e+08	2.28934e+08	2.1194e+08	2.05442e+08	2.30764e+08	1.91731e+08	2.30882e+08	2.09534e+08	2.65766e+08	2.13029e+08	2.14604e+08	2.47663e+08	2.0022e+08	2.02727e+08	1.96003e+08	2.15751e+08	1.79308e+08	1.96103e+08	2.48312e+08	2.50538e+08	2.54955e+08	1.98561e+08	2.07807e+08	2.00446e+08
ERR617368	2.78998e+08	2.79214e+08	2.80969e+08	2.34119e+08	2.38533e+08	2.33036e+08	3.06523e+08	2.60361e+08	3.01703e+08	2.63416e+08	2.93272e+08	3.07531e+08	3.10836e+08	3.17284e+08	2.99388e+08	3.06651e+08	2.98232e+08	2.75571e+08	2.5358e+08	2.55619e+08	2.20937e+08	2.43259e+08	2.64075e+08	2.46079e+08	3.21002e+08	3.23319e+08	3.77407e+08	4.65874e+08	3.80805e+08	3.79943e+08	2.72117e+08	2.44985e+08	1.45208e+08	1.48901e+08	2.4389e+08	1.40588e+08	2.07508e+08	2.24145e+08	2.31351e+08	2.20972e+08	2.97748e+08	3.03916e+08	2.13276e+08	1.9417e+08	2.33109e+08	2.25638e+08	2.12192e+08	2.2923e+08	1.22563e+08	2.00884e+08	1.86912e+08	1.87475e+08	1.86829e+08	1.87169e+08	2.22138e+08	2.23077e+08	2.22166e+08	2.3687e+08	1.52878e+08	2.20934e+08	2.11336e+08	2.25014e+08	2.05291e+08	2.09305e+08	2.04698e+08	1.97249e+08	1.56527e+08	1.90678e+08	1.73208e+08	1.72144e+08	1.59064e+08	1.71844e+08	1.92164e+08	1.93661e+08	1.79125e+08	1.7363e+08	1.95027e+08	1.62031e+08	1.94348e+08	1.76693e+08	2.23761e+08	1.79401e+08	1.80817e+08	2.08639e+08	1.69002e+08	1.7109e+08	1.65389e+08	1.81915e+08	1.5119e+08	1.65306e+08	2.09808e+08	2.11565e+08	2.15415e+08	1.67716e+08	1.75587e+08	1.69367e+08
ERR617372	3.31344e+08	3.3177e+08	3.3374e+08	2.78116e+08	2.83298e+08	2.76856e+08	3.64294e+08	3.08876e+08	3.58754e+08	3.12446e+08	3.48867e+08	3.65737e+08	3.68092e+08	3.75879e+08	3.54626e+08	3.63072e+08	3.53094e+08	3.2597e+08	2.99249e+08	3.01988e+08	2.60255e+08	2.86931e+08	3.11756e+08	2.90403e+08	3.78734e+08	3.81713e+08	4.49944e+08	3.80805e+08	6.25147e+08	4.53053e+08	3.22727e+08	2.90162e+08	1.71433e+08	1.76049e+08	2.88849e+08	1.66013e+08	2.45688e+08	2.66266e+08	2.74756e+08	2.62347e+08	3.5403e+08	3.61624e+08	2.52193e+08	2.29422e+08	2.75644e+08	2.66742e+08	2.50842e+08	2.70976e+08	1.46099e+08	2.40135e+08	2.23153e+08	2.2403e+08	2.23089e+08	2.23501e+08	2.6582e+08	2.67021e+08	2.65754e+08	2.83661e+08	1.82619e+08	2.6445e+08	2.52167e+08	2.68474e+08	2.45063e+08	2.49589e+08	2.44187e+08	2.35399e+08	1.87123e+08	2.28086e+08	2.07077e+08	2.05963e+08	1.90299e+08	2.05597e+08	2.29333e+08	2.31102e+08	2.13959e+08	2.07377e+08	2.32945e+08	1.93557e+08	2.32992e+08	2.11516e+08	2.68331e+08	2.14994e+08	2.16676e+08	2.49986e+08	2.02246e+08	2.04571e+08	1.97873e+08	2.17931e+08	1.80932e+08	1.97826e+08	2.50683e+08	2.52707e+08	2.57416e+08	2.00389e+08	2.09645e+08	2.0223e+08
ERR617370	3.31056e+08	3.31312e+08	3.33232e+08	2.77647e+08	2.82753e+08	2.76391e+08	3.63722e+08	3.08598e+08	3.58225e+08	3.12084e+08	3.48276e+08	3.65084e+08	3.67623e+08	3.75354e+08	3.54202e+08	3.62789e+08	3.52689e+08	3.25494e+08	2.98994e+08	3.01475e+08	2.60011e+08	2.8675e+08	3.11517e+08	2.9012e+08	3.7822e+08	3.80815e+08	4.49041e+08	3.79943e+08	4.53053e+08	6.23359e+08	3.22015e+08	2.8968e+08	1.71005e+08	1.75591e+08	2.88208e+08	1.65658e+08	2.45247e+08	2.65534e+08	2.74129e+08	2.61744e+08	3.53269e+08	3.609e+08	2.51913e+08	2.29028e+08	2.75194e+08	2.66563e+08	2.50514e+08	2.70636e+08	1.45811e+08	2.39586e+08	2.22686e+08	2.23394e+08	2.22769e+08	2.23126e+08	2.65485e+08	2.66521e+08	2.65538e+08	2.83244e+08	1.82493e+08	2.6406e+08	2.51678e+08	2.68102e+08	2.44729e+08	2.49361e+08	2.43888e+08	2.34963e+08	1.8679e+08	2.27559e+08	2.0677e+08	2.05662e+08	1.8988e+08	2.05226e+08	2.28989e+08	2.3069e+08	2.13577e+08	2.07084e+08	2.32625e+08	1.93306e+08	2.32416e+08	2.1118e+08	2.67811e+08	2.14614e+08	2.16237e+08	2.49606e+08	2.01994e+08	2.04402e+08	1.97675e+08	2.17541e+08	1.80708e+08	1.97686e+08	2.5049e+08	2.52509e+08	2.57207e+08	2.00259e+08	2.09518e+08	2.02156e+08
ERR613041	3.08509e+08	3.08515e+08	3.10352e+08	2.6219e+08	2.66804e+08	2.61062e+08	2.84101e+08	2.40827e+08	2.80073e+08	2.44034e+08	2.72412e+08	2.85527e+08	3.03977e+08	3.10106e+08	2.92362e+08	2.99982e+08	2.91878e+08	2.69788e+08	2.29513e+08	2.31694e+08	2.00883e+08	2.21498e+08	2.40961e+08	2.22931e+08	2.72111e+08	2.72742e+08	3.19838e+08	2.72117e+08	3.22727e+08	3.22015e+08	4.73207e+08	3.04609e+08	1.90643e+08	1.95021e+08	3.03709e+08	1.85348e+08	2.41976e+08	2.57396e+08	2.64527e+08	2.54109e+08	3.32002e+08	3.38348e+08	2.12796e+08	1.93913e+08	2.31651e+08	2.24817e+08	2.10909e+08	2.28277e+08	1.18528e+08	1.92665e+08	1.79277e+08	1.7982e+08	1.79423e+08	1.79913e+08	2.09736e+08	2.10503e+08	2.09833e+08	2.23508e+08	1.45395e+08	2.08851e+08	2.39666e+08	2.53415e+08	2.33495e+08	2.37428e+08	2.3292e+08	2.25714e+08	1.63621e+08	1.99358e+08	1.8091e+08	1.79936e+08	1.66426e+08	1.78969e+08	1.83898e+08	1.85193e+08	1.70974e+08	1.65773e+08	1.86633e+08	1.5458e+08	1.79412e+08	1.63899e+08	2.06686e+08	1.66365e+08	1.67643e+08	1.92979e+08	1.5944e+08	1.61285e+08	1.55979e+08	1.71081e+08	1.41977e+08	1.55645e+08	2.02776e+08	2.04548e+08	2.08267e+08	1.62162e+08	1.70066e+08	1.6408e+08
ERR613042	2.80601e+08	2.80652e+08	2.82299e+08	2.38556e+08	2.42788e+08	2.3767e+08	2.55203e+08	2.1657e+08	2.51535e+08	2.19445e+08	2.44772e+08	2.56446e+08	2.74762e+08	2.80376e+08	2.64107e+08	2.71451e+08	2.63998e+08	2.44051e+08	2.07448e+08	2.09426e+08	1.82041e+08	2.00478e+08	2.17805e+08	2.01497e+08	2.45565e+08	2.45626e+08	2.87591e+08	2.44985e+08	2.90162e+08	2.8968e+08	3.04609e+08	4.01893e+08	1.75442e+08	1.79474e+08	2.7729e+08	1.70547e+08	2.21118e+08	2.34393e+08	2.40589e+08	2.314e+08	3.01087e+08	3.06656e+08	1.92774e+08	1.75692e+08	2.09722e+08	2.03739e+08	1.9095e+08	2.06747e+08	1.07053e+08	1.72877e+08	1.61175e+08	1.61698e+08	1.61239e+08	1.61783e+08	1.87811e+08	1.88591e+08	1.87903e+08	2.00042e+08	1.3076e+08	1.87196e+08	2.1809e+08	2.3043e+08	2.12387e+08	2.16109e+08	2.11974e+08	2.05676e+08	1.47489e+08	1.79586e+08	1.63072e+08	1.62261e+08	1.49963e+08	1.61138e+08	1.65375e+08	1.66349e+08	1.53575e+08	1.48958e+08	1.678e+08	1.38622e+08	1.60151e+08	1.46606e+08	1.84468e+08	1.48699e+08	1.50113e+08	1.72488e+08	1.42826e+08	1.44545e+08	1.39812e+08	1.53235e+08	1.2713e+08	1.39508e+08	1.82295e+08	1.83849e+08	1.87229e+08	1.45808e+08	1.52974e+08	1.47717e+08
ERR613046	1.74748e+08	1.74831e+08	1.75748e+08	1.49972e+08	1.52502e+08	1.49521e+08	1.50433e+08	1.28001e+08	1.48413e+08	1.29631e+08	1.44148e+08	1.51096e+08	1.64725e+08	1.67817e+08	1.58189e+08	1.62586e+08	1.58308e+08	1.46688e+08	1.24503e+08	1.25734e+08	1.09833e+08	1.20829e+08	1.31024e+08	1.21111e+08	1.45795e+08	1.4553e+08	1.69819e+08	1.45208e+08	1.71433e+08	1.71005e+08	1.90643e+08	1.75442e+08	1.88587e+08	1.19012e+08	1.75148e+08	1.13779e+08	1.42336e+08	1.49608e+08	1.53227e+08	1.47888e+08	1.88191e+08	1.91541e+08	1.16451e+08	1.0657e+08	1.26297e+08	1.22879e+08	1.15313e+08	1.24706e+08	6.27216e+07	1.00529e+08	9.38162e+07	9.41289e+07	9.38365e+07	9.42282e+07	1.08523e+08	1.09075e+08	1.08604e+08	1.15455e+08	7.59711e+07	1.08259e+08	1.35749e+08	1.42869e+08	1.32396e+08	1.34591e+08	1.32155e+08	1.28562e+08	8.93726e+07	1.0881e+08	9.87368e+07	9.84545e+07	9.09342e+07	9.73419e+07	9.59515e+07	9.6565e+07	8.90449e+07	8.64417e+07	9.73562e+07	8.03719e+07	9.24365e+07	8.48531e+07	1.06495e+08	8.59025e+07	8.68978e+07	9.96313e+07	8.26478e+07	8.36999e+07	8.09916e+07	8.8518e+07	7.34905e+07	8.06215e+07	1.06884e+08	1.07775e+08	1.0976e+08	8.54919e+07	8.96926e+07	8.6665e+07
