	ERR607805	ERR607808	ERR607806	ERR607810	ERR607809	ERR607807	ERR608360	ERR608361	ERR608359	ERR608363	ERR608364	ERR608362	ERR637059	ERR637060	ERR637062	ERR637057	ERR637061	ERR637058	ERR608647	ERR608650	ERR608652	ERR608651	ERR608648	ERR608649	ERR618517	ERR618518	ERR618514	ERR618515	ERR618513	ERR618516	ERR617061	ERR617062	ERR617059	ERR617058	ERR617057	ERR617060	ERR609044	ERR609041	ERR609043	ERR609040	ERR609039	ERR609042	ERR607715	ERR607716	ERR607711	ERR607712	ERR607714	ERR607713	ERR618617	ERR618620	ERR618615	ERR618616	ERR618618	ERR618619	ERR630204	ERR630201	ERR630205	ERR630200	ERR630202	ERR630203	ERR618526	ERR618525	ERR618528	ERR618527	ERR618530	ERR618529	ERR629966	ERR629964	ERR629965	ERR629969	ERR629968	ERR629967	ERR614761	ERR614764	ERR614763	ERR614759	ERR614760	ERR614762	ERR607580	ERR607583	ERR607584	ERR607582	ERR607581	ERR607579	ERR626939	ERR626942	ERR626940	ERR626943	ERR626941	ERR626944	ERR617378	ERR617374	ERR617376	ERR617375	ERR617377	ERR617373
ERR607805	7.3548e+09	6.48867e+09	7.54275e+09	6.62814e+09	6.57655e+09	7.57666e+09	7.08117e+09	7.54489e+09	5.5927e+09	7.27831e+09	7.32358e+09	7.28651e+09	7.76948e+09	7.58023e+09	7.66118e+09	7.50097e+09	7.6015e+09	7.77977e+09	6.3535e+09	7.49238e+09	7.27745e+09	7.46271e+09	7.23272e+09	7.61581e+09	6.22216e+09	6.27086e+09	5.64943e+09	6.05017e+09	6.43881e+09	6.09867e+09	6.91992e+09	7.03515e+09	7.66025e+09	7.55146e+09	7.44494e+09	7.01507e+09	6.10392e+09	7.50691e+09	6.04086e+09	7.504e+09	7.17921e+09	6.01978e+09	7.13788e+09	7.20402e+09	6.6256e+09	6.92781e+09	7.1152e+09	6.94905e+09	5.80454e+09	5.42549e+09	6.02495e+09	5.71211e+09	5.73024e+09	5.42109e+09	7.61442e+09	7.27071e+09	7.38127e+09	7.81424e+09	7.04381e+09	7.60007e+09	5.20294e+09	5.49761e+09	5.26551e+09	5.27437e+09	4.99671e+09	4.99564e+09	6.71903e+09	6.80193e+09	6.13737e+09	6.21556e+09	6.16558e+09	6.23879e+09	5.5974e+09	7.22513e+09	7.17352e+09	5.50384e+09	5.89426e+09	7.00107e+09	6.16616e+09	7.01308e+09	7.01243e+09	7.04324e+09	6.03638e+09	6.04957e+09	7.25904e+09	6.8361e+09	6.54728e+09	7.52945e+09	7.28146e+09	7.44758e+09	6.50565e+09	5.89399e+09	6.498e+09	5.92078e+09	6.47583e+09	5.86082e+09
ERR607808	6.48867e+09	6.16084e+09	6.86289e+09	6.07237e+09	6.02722e+09	6.88752e+09	6.44578e+09	6.85285e+09	5.12905e+09	6.62063e+09	6.66011e+09	6.62766e+09	7.04086e+09	6.87667e+09	6.94851e+09	6.80597e+09	6.89565e+09	7.05237e+09	5.79566e+09	6.80661e+09	6.61622e+09	6.7804e+09	6.57692e+09	6.91432e+09	5.70678e+09	5.74961e+09	5.1945e+09	5.55034e+09	5.89319e+09	5.59774e+09	6.31416e+09	6.4121e+09	6.9653e+09	6.86886e+09	6.77219e+09	6.39687e+09	5.60536e+09	6.82313e+09	5.5508e+09	6.82233e+09	6.53676e+09	5.53211e+09	6.48588e+09	6.54474e+09	6.03489e+09	6.30446e+09	6.46645e+09	6.32055e+09	5.33668e+09	5.00536e+09	5.53268e+09	5.25367e+09	5.27531e+09	5.00105e+09	6.90405e+09	6.60133e+09	6.69355e+09	7.07935e+09	6.40378e+09	6.89086e+09	4.79964e+09	5.0661e+09	4.8613e+09	4.86522e+09	4.61982e+09	4.61922e+09	6.12093e+09	6.19389e+09	5.60987e+09	5.67192e+09	5.6288e+09	5.69395e+09	5.14551e+09	6.56655e+09	6.52211e+09	5.0611e+09	5.40705e+09	6.37094e+09	5.63071e+09	6.37757e+09	6.37652e+09	6.40316e+09	5.51797e+09	5.52722e+09	6.58924e+09	6.21564e+09	5.95916e+09	6.82487e+09	6.60899e+09	6.75351e+09	5.96787e+09	5.42699e+09	5.96077e+09	5.45017e+09	5.94132e+09	5.39356e+09
ERR607806	7.54275e+09	6.86289e+09	8.28149e+09	7.01812e+09	6.96226e+09	8.04795e+09	7.50818e+09	8.02168e+09	5.88732e+09	7.72734e+09	7.77632e+09	7.73698e+09	8.25358e+09	8.04693e+09	8.13717e+09	7.95837e+09	8.07098e+09	8.26909e+09	6.70923e+09	7.96355e+09	7.72289e+09	7.93025e+09	7.67387e+09	8.09845e+09	6.57345e+09	6.62595e+09	5.9504e+09	6.38257e+09	6.80557e+09	6.43965e+09	7.33348e+09	7.45681e+09	8.15595e+09	8.03494e+09	7.91203e+09	7.43717e+09	6.45877e+09	7.98284e+09	6.39135e+09	7.98433e+09	7.62181e+09	6.36808e+09	7.56095e+09	7.63338e+09	7.00417e+09	7.33634e+09	7.53675e+09	7.35527e+09	6.14144e+09	5.73704e+09	6.38291e+09	6.0404e+09	6.06567e+09	5.73175e+09	8.0885e+09	7.70988e+09	7.82741e+09	8.30972e+09	7.46374e+09	8.07173e+09	5.49963e+09	5.81909e+09	5.57178e+09	5.57706e+09	5.28357e+09	5.28203e+09	7.11922e+09	7.2102e+09	6.48467e+09	6.56509e+09	6.51154e+09	6.59156e+09	5.91184e+09	7.67561e+09	7.61931e+09	5.80861e+09	6.2317e+09	7.43123e+09	6.52203e+09	7.446e+09	7.44517e+09	7.47802e+09	6.38259e+09	6.3956e+09	7.70503e+09	7.23876e+09	6.9223e+09	7.99808e+09	7.72895e+09	7.90888e+09	6.91763e+09	6.24874e+09	6.90828e+09	6.27821e+09	6.88465e+09	6.20573e+09
ERR607810	6.62814e+09	6.07237e+09	7.01812e+09	6.41955e+09	6.1559e+09	7.03839e+09	6.58328e+09	7.00727e+09	5.22176e+09	6.76366e+09	6.8045e+09	6.77273e+09	7.1926e+09	7.02397e+09	7.09854e+09	6.95106e+09	7.0433e+09	7.20716e+09	5.90819e+09	6.95973e+09	6.75901e+09	6.93256e+09	6.71956e+09	7.0696e+09	5.82186e+09	5.86601e+09	5.29094e+09	5.65785e+09	6.01199e+09	5.70982e+09	6.44109e+09	6.54036e+09	7.12454e+09	7.0244e+09	6.92027e+09	6.52719e+09	5.72639e+09	6.97577e+09	5.6693e+09	6.97915e+09	6.68114e+09	5.64975e+09	6.62136e+09	6.68211e+09	6.15747e+09	6.4366e+09	6.6014e+09	6.45059e+09	5.4438e+09	5.1064e+09	5.64699e+09	5.35773e+09	5.38358e+09	5.10169e+09	7.05271e+09	6.73904e+09	6.83233e+09	7.23409e+09	6.5374e+09	7.03833e+09	4.89416e+09	5.16928e+09	4.96066e+09	4.96268e+09	4.7135e+09	4.71254e+09	6.2484e+09	6.32341e+09	5.71905e+09	5.78103e+09	5.73649e+09	5.80345e+09	5.24656e+09	6.70795e+09	6.66161e+09	5.15865e+09	5.51562e+09	6.50725e+09	5.74358e+09	6.51528e+09	6.51392e+09	6.54154e+09	5.62744e+09	5.63607e+09	6.73264e+09	6.34474e+09	6.07832e+09	6.97281e+09	6.75261e+09	6.89931e+09	6.10329e+09	5.54408e+09	6.09509e+09	5.56796e+09	6.07539e+09	5.50548e+09
ERR607809	6.57655e+09	6.02722e+09	6.96226e+09	6.1559e+09	6.32413e+09	6.98297e+09	6.53246e+09	6.95057e+09	5.18475e+09	6.70997e+09	6.7503e+09	6.71894e+09	7.13556e+09	6.96815e+09	7.04204e+09	6.89638e+09	6.98756e+09	7.14988e+09	5.86484e+09	6.90512e+09	6.70701e+09	6.87816e+09	6.66776e+09	7.01393e+09	5.77993e+09	5.82293e+09	5.25415e+09	5.61735e+09	5.96735e+09	5.66819e+09	6.39171e+09	6.48983e+09	7.06703e+09	6.96879e+09	6.86497e+09	6.4768e+09	5.68397e+09	6.92059e+09	5.6275e+09	6.92318e+09	6.62848e+09	5.60852e+09	6.57057e+09	6.63096e+09	6.11093e+09	6.38725e+09	6.55051e+09	6.40135e+09	5.40596e+09	5.07133e+09	5.60687e+09	5.32127e+09	5.34632e+09	5.06748e+09	6.99774e+09	6.68696e+09	6.77944e+09	7.17682e+09	6.48694e+09	6.98306e+09	4.86064e+09	5.13353e+09	4.92657e+09	4.92919e+09	4.68193e+09	4.68126e+09	6.20134e+09	6.27653e+09	5.67769e+09	5.73926e+09	5.69471e+09	5.76113e+09	5.20954e+09	6.65652e+09	6.61025e+09	5.12266e+09	5.47594e+09	6.45707e+09	5.70158e+09	6.46599e+09	6.46475e+09	6.4919e+09	5.58675e+09	5.59499e+09	6.679e+09	6.29488e+09	6.03202e+09	6.91734e+09	6.69926e+09	6.84454e+09	6.05831e+09	5.5052e+09	6.05034e+09	5.5285e+09	6.0309e+09	5.46713e+09
ERR607807	7.57666e+09	6.88752e+09	8.04795e+09	7.03839e+09	6.98297e+09	8.35401e+09	7.54862e+09	8.05867e+09	5.92989e+09	7.76677e+09	7.81638e+09	7.77588e+09	8.31221e+09	8.10155e+09	8.19097e+09	8.01371e+09	8.12466e+09	8.32044e+09	6.75561e+09	7.99923e+09	7.76438e+09	7.96692e+09	7.71457e+09	8.13648e+09	6.60067e+09	6.65355e+09	5.98167e+09	6.41516e+09	6.83864e+09	6.46587e+09	7.37384e+09	7.50165e+09	8.18452e+09	8.06362e+09	7.94812e+09	7.47767e+09	6.47116e+09	8.01744e+09	6.40307e+09	8.01139e+09	7.65317e+09	6.37995e+09	7.61546e+09	7.6872e+09	7.05324e+09	7.38242e+09	7.59078e+09	7.40777e+09	6.15559e+09	5.7432e+09	6.3963e+09	6.05608e+09	6.07343e+09	5.73801e+09	8.14205e+09	7.76545e+09	7.88952e+09	8.36258e+09	7.51398e+09	8.12765e+09	5.50839e+09	5.8253e+09	5.57296e+09	5.58454e+09	5.28344e+09	5.28209e+09	7.15678e+09	7.24785e+09	6.52192e+09	6.61045e+09	6.55629e+09	6.63718e+09	5.92954e+09	7.71402e+09	7.65741e+09	5.82873e+09	6.25259e+09	7.46646e+09	6.55586e+09	7.48159e+09	7.48067e+09	7.51477e+09	6.41336e+09	6.42897e+09	7.75394e+09	7.29129e+09	6.97592e+09	8.05382e+09	7.77856e+09	7.9639e+09	6.91574e+09	6.24857e+09	6.9078e+09	6.27833e+09	6.88275e+09	6.21397e+09
ERR608360	7.08117e+09	6.44578e+09	7.50818e+09	6.58328e+09	6.53246e+09	7.54862e+09	7.65124e+09	7.89584e+09	5.83829e+09	7.61211e+09	7.66096e+09	7.62016e+09	7.95883e+09	7.75751e+09	7.84224e+09	7.67895e+09	7.77864e+09	7.9646e+09	6.49384e+09	7.65901e+09	7.43884e+09	7.629e+09	7.39471e+09	7.79146e+09	6.31299e+09	6.36381e+09	5.73124e+09	6.14116e+09	6.53857e+09	6.18683e+09	7.09473e+09	7.21708e+09	7.85809e+09	7.74442e+09	7.63906e+09	7.19379e+09	6.26813e+09	7.74671e+09	6.20214e+09	7.73911e+09	7.40162e+09	6.18114e+09	7.35112e+09	7.41932e+09	6.81484e+09	7.12818e+09	7.3284e+09	7.15118e+09	5.78878e+09	5.39521e+09	6.0148e+09	5.69556e+09	5.70813e+09	5.39133e+09	7.81826e+09	7.45911e+09	7.58029e+09	8.02813e+09	7.21997e+09	7.80587e+09	5.1805e+09	5.47885e+09	5.23806e+09	5.25201e+09	4.96323e+09	4.96157e+09	6.76959e+09	6.85656e+09	6.17135e+09	6.25743e+09	6.2064e+09	6.2817e+09	5.61514e+09	7.31189e+09	7.25578e+09	5.52065e+09	5.92136e+09	7.07403e+09	6.20221e+09	7.07758e+09	7.07717e+09	7.10882e+09	6.06505e+09	6.08224e+09	7.57708e+09	7.12789e+09	6.82211e+09	7.86928e+09	7.602e+09	7.78141e+09	6.45968e+09	5.83375e+09	6.45249e+09	5.86151e+09	6.42846e+09	5.80583e+09
ERR608361	7.54489e+09	6.85285e+09	8.02168e+09	7.00727e+09	6.95057e+09	8.05867e+09	7.89584e+09	8.718e+09	6.1741e+09	8.12767e+09	8.18138e+09	8.13796e+09	8.50702e+09	8.28633e+09	8.38078e+09	8.1965e+09	8.30953e+09	8.51908e+09	6.89134e+09	8.18936e+09	7.9397e+09	8.15575e+09	7.89123e+09	8.33539e+09	6.70657e+09	6.76126e+09	6.06835e+09	6.51374e+09	6.94938e+09	6.56849e+09	7.55644e+09	7.68912e+09	8.41603e+09	8.28791e+09	8.16382e+09	7.6652e+09	6.66644e+09	8.28165e+09	6.59457e+09	8.27961e+09	7.89883e+09	6.57111e+09	7.83229e+09	7.90849e+09	7.24521e+09	7.59294e+09	7.80794e+09	7.61379e+09	6.15168e+09	5.73006e+09	6.39966e+09	6.04934e+09	6.06889e+09	5.7253e+09	8.35526e+09	7.95562e+09	8.08563e+09	8.58985e+09	7.69537e+09	8.34001e+09	5.50045e+09	5.82593e+09	5.56917e+09	5.57834e+09	5.27245e+09	5.27132e+09	7.20977e+09	7.30443e+09	6.55275e+09	6.64124e+09	6.58602e+09	6.6689e+09	5.96176e+09	7.8078e+09	7.74641e+09	5.8574e+09	6.29313e+09	7.54805e+09	6.59461e+09	7.55497e+09	7.55431e+09	7.58843e+09	6.44649e+09	6.46248e+09	8.08707e+09	7.58684e+09	7.24936e+09	8.40789e+09	8.11444e+09	8.3098e+09	6.90081e+09	6.21457e+09	6.89299e+09	6.24428e+09	6.86643e+09	6.17677e+09
ERR608359	5.5927e+09	5.12905e+09	5.88732e+09	5.22176e+09	5.18475e+09	5.92989e+09	5.83829e+09	6.1741e+09	4.91484e+09	5.97958e+09	6.01318e+09	5.98334e+09	6.23933e+09	6.09346e+09	6.15077e+09	6.04033e+09	6.10747e+09	6.23505e+09	5.19266e+09	5.9953e+09	5.84941e+09	5.97571e+09	5.81706e+09	6.09253e+09	5.0388e+09	5.07585e+09	4.63094e+09	4.92691e+09	5.20809e+09	4.94831e+09	5.60882e+09	5.70233e+09	6.12577e+09	6.04844e+09	5.98567e+09	5.67902e+09	4.98418e+09	6.06196e+09	4.93707e+09	6.04833e+09	5.81848e+09	4.92165e+09	5.81231e+09	5.85977e+09	5.4243e+09	5.64239e+09	5.79577e+09	5.66717e+09	4.62754e+09	4.32452e+09	4.78903e+09	4.56144e+09	4.55716e+09	4.32138e+09	6.13313e+09	5.8823e+09	5.97798e+09	6.27854e+09	5.70708e+09	6.12699e+09	4.15979e+09	4.37864e+09	4.18865e+09	4.21054e+09	3.97938e+09	3.97804e+09	5.359e+09	5.42147e+09	4.93127e+09	5.00708e+09	4.9696e+09	5.02379e+09	4.49791e+09	5.74455e+09	5.70407e+09	4.43374e+09	4.72455e+09	5.57185e+09	4.93979e+09	5.56991e+09	5.56996e+09	5.59319e+09	4.83464e+09	4.8529e+09	5.96223e+09	5.65236e+09	5.43835e+09	6.17553e+09	5.98108e+09	6.11313e+09	5.08366e+09	4.63382e+09	5.07996e+09	4.65404e+09	5.06174e+09	4.62832e+09
ERR608363	7.27831e+09	6.62063e+09	7.72734e+09	6.76366e+09	6.70997e+09	7.76677e+09	7.61211e+09	8.12767e+09	5.97958e+09	8.09365e+09	7.88827e+09	7.8435e+09	8.19391e+09	7.98366e+09	8.07388e+09	7.89857e+09	8.00717e+09	8.20085e+09	6.66127e+09	7.88286e+09	7.65137e+09	7.85148e+09	7.60403e+09	8.02169e+09	6.48222e+09	6.53406e+09	5.87727e+09	6.30098e+09	6.71558e+09	6.35035e+09	7.3009e+09	7.42719e+09	8.10112e+09	7.97984e+09	7.86829e+09	7.40384e+09	6.43741e+09	7.9757e+09	6.369e+09	7.96912e+09	7.6133e+09	6.34675e+09	7.55211e+09	7.62366e+09	6.99433e+09	7.3216e+09	7.52843e+09	7.34486e+09	5.94867e+09	5.54299e+09	6.18422e+09	5.8524e+09	5.86667e+09	5.53845e+09	8.04707e+09	7.67157e+09	7.79589e+09	8.26791e+09	7.42301e+09	8.03337e+09	5.32446e+09	5.63418e+09	5.38525e+09	5.39714e+09	5.10066e+09	5.10017e+09	6.95775e+09	7.04837e+09	6.33562e+09	6.42264e+09	6.37e+09	6.44901e+09	5.76823e+09	7.52623e+09	7.46765e+09	5.66942e+09	6.08533e+09	7.27915e+09	6.37118e+09	7.28058e+09	7.27961e+09	7.31282e+09	6.22989e+09	6.24671e+09	7.79202e+09	7.32096e+09	7.00143e+09	8.09859e+09	7.81732e+09	8.00611e+09	6.65324e+09	6.00192e+09	6.64583e+09	6.03105e+09	6.62037e+09	5.97138e+09
ERR608364	7.32358e+09	6.66011e+09	7.77632e+09	6.8045e+09	6.7503e+09	7.81638e+09	7.66096e+09	8.18138e+09	6.01318e+09	7.88827e+09	8.19826e+09	7.89477e+09	8.2475e+09	8.03559e+09	8.12627e+09	7.94946e+09	8.05894e+09	8.25503e+09	6.70163e+09	7.93405e+09	7.70005e+09	7.90225e+09	7.65277e+09	8.07443e+09	6.52051e+09	6.57281e+09	5.91087e+09	6.33784e+09	6.75599e+09	6.38831e+09	7.34627e+09	7.47357e+09	8.15473e+09	8.03286e+09	7.91932e+09	7.44985e+09	6.47681e+09	8.0278e+09	6.40833e+09	8.02227e+09	7.66221e+09	6.38481e+09	7.60013e+09	7.67226e+09	7.03678e+09	7.36779e+09	7.57653e+09	7.39083e+09	5.98165e+09	5.57396e+09	6.21987e+09	5.8844e+09	5.89993e+09	5.5691e+09	8.09991e+09	7.72095e+09	7.84599e+09	8.32283e+09	7.47032e+09	8.08636e+09	5.35379e+09	5.66585e+09	5.41576e+09	5.42729e+09	5.12908e+09	5.12799e+09	7.00005e+09	7.09131e+09	6.37283e+09	6.45996e+09	6.40666e+09	6.4863e+09	5.80058e+09	7.57358e+09	7.51479e+09	5.70109e+09	6.12044e+09	7.3248e+09	6.40903e+09	7.32661e+09	7.3255e+09	7.35912e+09	6.26691e+09	6.28388e+09	7.84406e+09	7.36792e+09	7.04569e+09	8.15279e+09	7.86947e+09	8.05908e+09	6.69389e+09	6.03741e+09	6.68623e+09	6.06623e+09	6.66066e+09	6.00556e+09
ERR608362	7.28651e+09	6.62766e+09	7.73698e+09	6.77273e+09	6.71894e+09	7.77588e+09	7.62016e+09	8.13796e+09	5.98334e+09	7.8435e+09	7.89477e+09	8.11011e+09	8.20126e+09	7.99088e+09	8.08024e+09	7.90653e+09	8.01358e+09	8.20926e+09	6.66763e+09	7.89411e+09	7.66011e+09	7.86252e+09	7.61371e+09	8.03175e+09	6.48891e+09	6.5408e+09	5.8816e+09	6.3059e+09	6.7211e+09	6.35703e+09	7.30053e+09	7.42677e+09	8.10689e+09	7.98691e+09	7.8721e+09	7.40364e+09	6.4479e+09	7.98541e+09	6.37941e+09	7.98081e+09	7.62253e+09	6.3564e+09	7.56288e+09	7.63445e+09	7.00278e+09	7.33226e+09	7.53871e+09	7.35394e+09	5.95051e+09	5.54542e+09	6.18644e+09	5.85327e+09	5.86941e+09	5.54085e+09	8.05493e+09	7.67764e+09	7.80264e+09	8.27502e+09	7.42895e+09	8.04135e+09	5.32487e+09	5.63454e+09	5.3871e+09	5.39842e+09	5.10256e+09	5.10107e+09	6.96314e+09	7.0532e+09	6.33885e+09	6.42595e+09	6.37341e+09	6.45209e+09	5.77017e+09	7.53085e+09	7.472e+09	5.67106e+09	6.08755e+09	7.28393e+09	6.376e+09	7.2871e+09	7.28673e+09	7.31934e+09	6.23436e+09	6.25042e+09	7.80184e+09	7.33072e+09	7.00926e+09	8.10744e+09	7.82765e+09	8.01493e+09	6.65719e+09	6.00548e+09	6.64985e+09	6.03341e+09	6.62483e+09	5.97198e+09
ERR637059	7.76948e+09	7.04086e+09	8.25358e+09	7.1926e+09	7.13556e+09	8.31221e+09	7.95883e+09	8.50702e+09	6.23933e+09	8.19391e+09	8.2475e+09	8.20126e+09	9.1584e+09	8.67498e+09	8.76799e+09	8.58247e+09	8.6983e+09	8.90848e+09	7.1342e+09	8.44866e+09	8.20281e+09	8.41677e+09	8.15152e+09	8.60254e+09	6.89116e+09	6.94897e+09	6.25288e+09	6.70659e+09	7.15843e+09	6.74817e+09	7.72785e+09	7.87119e+09	8.57877e+09	8.44864e+09	8.34083e+09	7.83778e+09	6.74362e+09	8.42961e+09	6.66964e+09	8.41745e+09	8.03578e+09	6.64492e+09	8.11207e+09	8.18726e+09	7.49803e+09	7.85265e+09	8.08381e+09	7.88526e+09	6.34487e+09	5.89954e+09	6.59907e+09	6.24575e+09	6.24798e+09	5.8948e+09	8.64147e+09	8.23713e+09	8.3836e+09	8.88179e+09	7.95985e+09	8.62899e+09	5.65909e+09	5.98426e+09	5.7115e+09	5.73316e+09	5.40862e+09	5.40708e+09	7.51805e+09	7.61651e+09	6.83803e+09	6.94284e+09	6.88688e+09	6.97188e+09	6.17621e+09	8.1141e+09	8.04999e+09	6.07246e+09	6.5208e+09	7.84192e+09	6.88575e+09	7.88185e+09	7.8819e+09	7.91882e+09	6.72875e+09	6.75063e+09	8.26155e+09	7.76172e+09	7.42472e+09	8.58682e+09	8.28919e+09	8.48899e+09	7.07017e+09	6.37333e+09	7.06372e+09	6.40501e+09	7.034e+09	6.3509e+09
ERR637060	7.58023e+09	6.87667e+09	8.04693e+09	7.02397e+09	6.96815e+09	8.10155e+09	7.75751e+09	8.28633e+09	6.09346e+09	7.98366e+09	8.03559e+09	7.99088e+09	8.67498e+09	8.69984e+09	8.55333e+09	8.37255e+09	8.48696e+09	8.68098e+09	6.98635e+09	8.25026e+09	8.01443e+09	8.22007e+09	7.96646e+09	8.39598e+09	6.73138e+09	6.78654e+09	6.11195e+09	6.55171e+09	6.99006e+09	6.59241e+09	7.528e+09	7.66523e+09	8.348e+09	8.2227e+09	8.12004e+09	7.6337e+09	6.58984e+09	8.21521e+09	6.51752e+09	8.20507e+09	7.83734e+09	6.49386e+09	7.92747e+09	7.99972e+09	7.34161e+09	7.68245e+09	7.90152e+09	7.71154e+09	6.18449e+09	5.75503e+09	6.4303e+09	6.08888e+09	6.09167e+09	5.75027e+09	8.42447e+09	8.03744e+09	8.17579e+09	8.65243e+09	7.77294e+09	8.41139e+09	5.51241e+09	5.8269e+09	5.564e+09	5.58386e+09	5.27128e+09	5.26975e+09	7.34655e+09	7.44239e+09	6.68719e+09	6.78917e+09	6.73448e+09	6.81716e+09	6.04402e+09	7.91991e+09	7.85844e+09	5.94301e+09	6.3787e+09	7.65866e+09	6.74335e+09	7.70561e+09	7.7061e+09	7.74104e+09	6.5912e+09	6.61246e+09	8.06696e+09	7.58799e+09	7.26411e+09	8.37346e+09	8.09324e+09	8.28092e+09	6.87913e+09	6.20731e+09	6.87256e+09	6.23744e+09	6.84431e+09	6.18551e+09
ERR637062	7.66118e+09	6.94851e+09	8.13717e+09	7.09854e+09	7.04204e+09	8.19097e+09	7.84224e+09	8.38078e+09	6.15077e+09	8.07388e+09	8.12627e+09	8.08024e+09	8.76799e+09	8.55333e+09	8.88484e+09	8.45863e+09	8.57678e+09	8.77571e+09	7.04844e+09	8.33928e+09	8.09761e+09	8.30828e+09	8.04808e+09	8.48824e+09	6.80042e+09	6.8565e+09	6.17041e+09	6.61662e+09	7.06198e+09	6.66015e+09	7.61269e+09	7.75188e+09	8.4508e+09	8.32304e+09	8.21615e+09	7.72037e+09	6.66075e+09	8.30909e+09	6.58757e+09	8.29979e+09	7.92408e+09	6.56391e+09	8.0045e+09	8.0776e+09	7.40781e+09	7.75548e+09	7.97746e+09	7.78479e+09	6.25476e+09	5.82004e+09	6.50458e+09	6.15677e+09	6.1619e+09	5.81526e+09	8.51428e+09	8.11926e+09	8.25883e+09	8.74761e+09	7.85081e+09	8.50144e+09	5.5768e+09	5.8972e+09	5.63083e+09	5.65016e+09	5.3339e+09	5.33274e+09	7.42032e+09	7.51709e+09	6.7506e+09	6.8522e+09	6.79696e+09	6.88064e+09	6.1032e+09	8.00377e+09	7.94127e+09	6.00022e+09	6.44188e+09	7.73788e+09	6.8055e+09	7.7837e+09	7.78413e+09	7.81946e+09	6.65171e+09	6.67228e+09	8.15113e+09	7.66127e+09	7.33072e+09	8.46413e+09	8.17741e+09	8.36922e+09	6.96749e+09	6.2835e+09	6.96078e+09	6.31405e+09	6.93206e+09	6.25966e+09
ERR637057	7.50097e+09	6.80597e+09	7.95837e+09	6.95106e+09	6.89638e+09	8.01371e+09	7.67895e+09	8.1965e+09	6.04033e+09	7.89857e+09	7.94946e+09	7.90653e+09	8.58247e+09	8.37255e+09	8.45863e+09	8.51849e+09	8.39443e+09	8.58823e+09	6.92733e+09	8.16487e+09	7.93532e+09	8.13572e+09	7.88811e+09	8.30769e+09	6.66465e+09	6.71957e+09	6.05534e+09	6.48936e+09	6.92026e+09	6.52876e+09	7.44804e+09	7.58435e+09	8.25232e+09	8.12947e+09	8.02992e+09	7.55218e+09	6.5225e+09	8.12545e+09	6.4511e+09	8.1145e+09	7.75449e+09	6.42806e+09	7.85356e+09	7.92374e+09	7.27874e+09	7.61236e+09	7.82754e+09	7.64176e+09	6.11558e+09	5.69058e+09	6.35634e+09	6.02132e+09	6.02243e+09	5.68575e+09	8.33639e+09	7.95842e+09	8.09506e+09	8.5588e+09	7.69774e+09	8.32452e+09	5.44833e+09	5.75731e+09	5.4973e+09	5.5187e+09	5.20907e+09	5.20745e+09	7.27348e+09	7.3668e+09	6.62412e+09	6.72577e+09	6.67211e+09	6.75263e+09	5.98368e+09	7.83589e+09	7.77449e+09	5.885e+09	6.31448e+09	7.57779e+09	6.68023e+09	7.62704e+09	7.62786e+09	7.66157e+09	6.52967e+09	6.55058e+09	7.98719e+09	7.51874e+09	7.20152e+09	8.2866e+09	8.01242e+09	8.19663e+09	6.79339e+09	6.13327e+09	6.78732e+09	6.16247e+09	6.75934e+09	6.11289e+09
ERR637061	7.6015e+09	6.89565e+09	8.07098e+09	7.0433e+09	6.98756e+09	8.12466e+09	7.77864e+09	8.30953e+09	6.10747e+09	8.00717e+09	8.05894e+09	8.01358e+09	8.6983e+09	8.48696e+09	8.57678e+09	8.39443e+09	8.74554e+09	8.70514e+09	7.00265e+09	8.27399e+09	8.03641e+09	8.24339e+09	7.98828e+09	8.42043e+09	6.74895e+09	6.80505e+09	6.12705e+09	6.56848e+09	7.0087e+09	6.61065e+09	7.55073e+09	7.68888e+09	8.37599e+09	8.2501e+09	8.14599e+09	7.65704e+09	6.60865e+09	8.23977e+09	6.53597e+09	8.22969e+09	7.8597e+09	6.51249e+09	7.94693e+09	8.01916e+09	7.35848e+09	7.70119e+09	7.92032e+09	7.7304e+09	6.20342e+09	5.77268e+09	6.45025e+09	6.10705e+09	6.11061e+09	5.76816e+09	8.44747e+09	8.05866e+09	8.19707e+09	8.67699e+09	7.79344e+09	8.43516e+09	5.5302e+09	5.84638e+09	5.58224e+09	5.60196e+09	5.2888e+09	5.2873e+09	7.36678e+09	7.46291e+09	6.70498e+09	6.80623e+09	6.75161e+09	6.83412e+09	6.05984e+09	7.94226e+09	7.88031e+09	5.95844e+09	6.39576e+09	7.6799e+09	6.76033e+09	7.72677e+09	7.72729e+09	7.76206e+09	6.60759e+09	6.62864e+09	8.0895e+09	7.6076e+09	7.28193e+09	8.39758e+09	8.11568e+09	8.30377e+09	6.90367e+09	6.22867e+09	6.89708e+09	6.25855e+09	6.86866e+09	6.20572e+09
ERR637058	7.77977e+09	7.05237e+09	8.26909e+09	7.20716e+09	7.14988e+09	8.32044e+09	7.9646e+09	8.51908e+09	6.23505e+09	8.20085e+09	8.25503e+09	8.20926e+09	8.90848e+09	8.68098e+09	8.77571e+09	8.58823e+09	8.70514e+09	9.16929e+09	7.13892e+09	8.46793e+09	8.21642e+09	8.43566e+09	8.1665e+09	8.62128e+09	6.9011e+09	6.9583e+09	6.25559e+09	6.71169e+09	7.16608e+09	6.75822e+09	7.73026e+09	7.87145e+09	8.59597e+09	8.46426e+09	8.35103e+09	7.84059e+09	6.76182e+09	8.44325e+09	6.68766e+09	8.43627e+09	8.04867e+09	6.66293e+09	8.11844e+09	8.19366e+09	7.50593e+09	7.86448e+09	8.09028e+09	7.89173e+09	6.35464e+09	5.91199e+09	6.60942e+09	6.25341e+09	6.26093e+09	5.9072e+09	8.64778e+09	8.24024e+09	8.3826e+09	8.88935e+09	7.96507e+09	8.63414e+09	5.66755e+09	5.99571e+09	5.72556e+09	5.74299e+09	5.42211e+09	5.4207e+09	7.52718e+09	7.62634e+09	6.84265e+09	6.94359e+09	6.88728e+09	6.97237e+09	6.18784e+09	8.12509e+09	8.06104e+09	6.08245e+09	6.53298e+09	7.85366e+09	6.89525e+09	7.8973e+09	7.89735e+09	7.93365e+09	6.73892e+09	6.7591e+09	8.27161e+09	7.76661e+09	7.42765e+09	8.59357e+09	8.29925e+09	8.49573e+09	7.0913e+09	6.39034e+09	7.08382e+09	6.42156e+09	7.05455e+09	6.36277e+09
ERR608647	6.3535e+09	5.79566e+09	6.70923e+09	5.90819e+09	5.86484e+09	6.75561e+09	6.49384e+09	6.89134e+09	5.19266e+09	6.66127e+09	6.70163e+09	6.66763e+09	7.1342e+09	6.98635e+09	7.04844e+09	6.92733e+09	7.00265e+09	7.13892e+09	6.21623e+09	6.97452e+09	6.80687e+09	6.95206e+09	6.77151e+09	7.07963e+09	5.68613e+09	5.73082e+09	5.20404e+09	5.55192e+09	5.89459e+09	5.57849e+09	6.2906e+09	6.40151e+09	6.9095e+09	6.81372e+09	6.7431e+09	6.37466e+09	5.58211e+09	6.86453e+09	5.52458e+09	6.85242e+09	6.57733e+09	5.50707e+09	6.66573e+09	6.7171e+09	6.24131e+09	6.4885e+09	6.64704e+09	6.51224e+09	5.19023e+09	4.84104e+09	5.37988e+09	5.11538e+09	5.10941e+09	4.83638e+09	7.03816e+09	6.75861e+09	6.86094e+09	7.19866e+09	6.5589e+09	7.0291e+09	4.61841e+09	4.86443e+09	4.65066e+09	4.6733e+09	4.41632e+09	4.415e+09	6.20705e+09	6.28068e+09	5.69125e+09	5.78145e+09	5.73594e+09	5.79966e+09	5.15535e+09	6.6458e+09	6.59949e+09	5.07573e+09	5.42739e+09	6.44576e+09	5.75681e+09	6.49359e+09	6.4942e+09	6.52011e+09	5.6356e+09	5.65604e+09	6.76016e+09	6.41715e+09	6.17767e+09	6.97911e+09	6.77916e+09	6.91426e+09	5.7015e+09	5.17842e+09	5.69551e+09	5.20192e+09	5.67505e+09	5.17024e+09
ERR608650	7.49238e+09	6.80661e+09	7.96355e+09	6.95973e+09	6.90512e+09	7.99923e+09	7.65901e+09	8.18936e+09	5.9953e+09	7.88286e+09	7.93405e+09	7.89411e+09	8.44866e+09	8.25026e+09	8.33928e+09	8.16487e+09	8.27399e+09	8.46793e+09	6.97452e+09	8.50505e+09	8.02483e+09	8.2376e+09	7.97445e+09	8.40607e+09	6.65869e+09	6.71245e+09	6.02829e+09	6.4673e+09	6.90259e+09	6.52149e+09	7.42169e+09	7.55055e+09	8.26159e+09	8.13502e+09	8.01737e+09	7.52775e+09	6.56667e+09	8.15044e+09	6.49512e+09	8.15007e+09	7.77715e+09	6.4724e+09	7.8046e+09	7.8756e+09	7.24265e+09	7.58029e+09	7.78083e+09	7.60006e+09	6.12839e+09	5.71646e+09	6.37305e+09	6.02859e+09	6.04827e+09	5.71139e+09	8.32449e+09	7.94101e+09	8.06263e+09	8.54749e+09	7.68623e+09	8.3082e+09	5.46416e+09	5.78202e+09	5.53215e+09	5.53992e+09	5.2432e+09	5.2434e+09	7.26744e+09	7.36215e+09	6.61134e+09	6.7003e+09	6.64547e+09	6.72684e+09	6.00068e+09	7.83959e+09	7.77931e+09	5.8957e+09	6.33174e+09	7.58463e+09	6.67805e+09	7.63597e+09	7.63472e+09	7.66846e+09	6.53193e+09	6.5468e+09	7.95751e+09	7.48266e+09	7.15937e+09	8.24647e+09	7.98205e+09	8.15801e+09	6.84375e+09	6.17368e+09	6.83512e+09	6.20313e+09	6.80919e+09	6.13627e+09
ERR608652	7.27745e+09	6.61622e+09	7.72289e+09	6.75901e+09	6.70701e+09	7.76438e+09	7.43884e+09	7.9397e+09	5.84941e+09	7.65137e+09	7.70005e+09	7.66011e+09	8.20281e+09	8.01443e+09	8.09761e+09	7.93532e+09	8.03641e+09	8.21642e+09	6.80687e+09	8.02483e+09	8.01799e+09	7.99365e+09	7.74997e+09	8.1533e+09	6.47518e+09	6.52824e+09	5.8762e+09	6.29746e+09	6.71388e+09	6.34438e+09	7.21062e+09	7.33703e+09	7.99761e+09	7.87768e+09	7.77273e+09	7.31246e+09	6.37712e+09	7.90449e+09	6.30899e+09	7.8988e+09	7.54893e+09	6.28668e+09	7.59566e+09	7.66307e+09	7.06117e+09	7.37937e+09	7.57296e+09	7.40174e+09	5.9483e+09	5.54683e+09	6.18106e+09	5.85394e+09	5.86607e+09	5.54234e+09	8.08388e+09	7.72311e+09	7.84246e+09	8.29256e+09	7.47812e+09	8.06943e+09	5.30073e+09	5.603e+09	5.35932e+09	5.37211e+09	5.08132e+09	5.08102e+09	7.06926e+09	7.16003e+09	6.44208e+09	6.53294e+09	6.47982e+09	6.55792e+09	5.84202e+09	7.61435e+09	7.55688e+09	5.74238e+09	6.16122e+09	7.37009e+09	6.50835e+09	7.42136e+09	7.42072e+09	7.45253e+09	6.36658e+09	6.3836e+09	7.73342e+09	7.28788e+09	6.98226e+09	8.00958e+09	7.75627e+09	7.92611e+09	6.61584e+09	5.9775e+09	6.60857e+09	6.00606e+09	6.58257e+09	5.94829e+09
ERR608651	7.46271e+09	6.7804e+09	7.93025e+09	6.93256e+09	6.87816e+09	7.96692e+09	7.629e+09	8.15575e+09	5.97571e+09	7.85148e+09	7.90225e+09	7.86252e+09	8.41677e+09	8.22007e+09	8.30828e+09	8.13572e+09	8.24339e+09	8.43566e+09	6.95206e+09	8.2376e+09	7.99365e+09	8.43619e+09	7.94429e+09	8.37213e+09	6.63326e+09	6.68757e+09	6.00832e+09	6.44464e+09	6.87749e+09	6.49753e+09	7.39326e+09	7.52172e+09	8.22511e+09	8.09994e+09	7.98366e+09	7.49807e+09	6.54021e+09	8.11648e+09	6.46922e+09	8.11629e+09	7.74563e+09	6.44642e+09	7.77797e+09	7.84824e+09	7.2189e+09	7.5548e+09	7.75396e+09	7.57412e+09	6.10663e+09	5.6956e+09	6.34945e+09	6.00752e+09	6.02598e+09	5.69055e+09	8.29258e+09	7.91257e+09	8.03397e+09	8.51398e+09	7.659e+09	8.27648e+09	5.44404e+09	5.75976e+09	5.51037e+09	5.51898e+09	5.22296e+09	5.22242e+09	7.24338e+09	7.33764e+09	6.59125e+09	6.68049e+09	6.62594e+09	6.70675e+09	5.98213e+09	7.81186e+09	7.75203e+09	5.87745e+09	6.31174e+09	7.55839e+09	6.65829e+09	7.61041e+09	7.60954e+09	7.64271e+09	6.51271e+09	6.52818e+09	7.92759e+09	7.45647e+09	7.13537e+09	8.21474e+09	7.95109e+09	8.1266e+09	6.81412e+09	6.14823e+09	6.80598e+09	6.17771e+09	6.77897e+09	6.11219e+09
ERR608648	7.23272e+09	6.57692e+09	7.67387e+09	6.71956e+09	6.66776e+09	7.71457e+09	7.39471e+09	7.89123e+09	5.81706e+09	7.60403e+09	7.65277e+09	7.61371e+09	8.15152e+09	7.96646e+09	8.04808e+09	7.88811e+09	7.98828e+09	8.1665e+09	6.77151e+09	7.97445e+09	7.74997e+09	7.94429e+09	7.92373e+09	8.10459e+09	6.43814e+09	6.4905e+09	5.8443e+09	6.26174e+09	6.6756e+09	6.3081e+09	7.16385e+09	7.28921e+09	7.94507e+09	7.82731e+09	7.72273e+09	7.26402e+09	6.34006e+09	7.8547e+09	6.27264e+09	7.85015e+09	7.50301e+09	6.25099e+09	7.55285e+09	7.61913e+09	7.0243e+09	7.33948e+09	7.53025e+09	7.36102e+09	5.91284e+09	5.51401e+09	6.14368e+09	5.81905e+09	5.83093e+09	5.5093e+09	8.03344e+09	7.67653e+09	7.79448e+09	8.23984e+09	7.43496e+09	8.01884e+09	5.26765e+09	5.56778e+09	5.32498e+09	5.33831e+09	5.04944e+09	5.04923e+09	7.03076e+09	7.12009e+09	6.40757e+09	6.49796e+09	6.44508e+09	6.5221e+09	5.81107e+09	7.57026e+09	7.51318e+09	5.71225e+09	6.12815e+09	7.32803e+09	6.47527e+09	7.38033e+09	7.38016e+09	7.41169e+09	6.33441e+09	6.35134e+09	7.69038e+09	7.24868e+09	6.94584e+09	7.96118e+09	7.71295e+09	7.87871e+09	6.57273e+09	5.93963e+09	6.56542e+09	5.96815e+09	6.54008e+09	5.91097e+09
ERR608649	7.61581e+09	6.91432e+09	8.09845e+09	7.0696e+09	7.01393e+09	8.13648e+09	7.79146e+09	8.33539e+09	6.09253e+09	8.02169e+09	8.07443e+09	8.03175e+09	8.60254e+09	8.39598e+09	8.48824e+09	8.30769e+09	8.42043e+09	8.62128e+09	7.07963e+09	8.40607e+09	8.1533e+09	8.37213e+09	8.10459e+09	8.79591e+09	6.76426e+09	6.81969e+09	6.12303e+09	6.57085e+09	7.0155e+09	6.62474e+09	7.55396e+09	7.68653e+09	8.41163e+09	8.28195e+09	8.16219e+09	7.66125e+09	6.66611e+09	8.29177e+09	6.59385e+09	8.28984e+09	7.90765e+09	6.5694e+09	7.93347e+09	8.00726e+09	7.35294e+09	7.70017e+09	7.90869e+09	7.72165e+09	6.23392e+09	5.8112e+09	6.48369e+09	6.13217e+09	6.15025e+09	5.80593e+09	8.47334e+09	8.07804e+09	8.20497e+09	8.70548e+09	7.8156e+09	8.45713e+09	5.56017e+09	5.88513e+09	5.62747e+09	5.63738e+09	5.33236e+09	5.33224e+09	7.38632e+09	7.48375e+09	6.71561e+09	6.80696e+09	6.75074e+09	6.83428e+09	6.0924e+09	7.97414e+09	7.91218e+09	5.98532e+09	6.42979e+09	7.71188e+09	6.77839e+09	7.75995e+09	7.7593e+09	7.79395e+09	6.629e+09	6.64502e+09	8.09214e+09	7.60186e+09	7.27061e+09	8.39271e+09	8.11695e+09	8.3003e+09	6.96729e+09	6.28152e+09	6.95887e+09	6.3115e+09	6.93179e+09	6.24445e+09
ERR618517	6.22216e+09	5.70678e+09	6.57345e+09	5.82186e+09	5.77993e+09	6.60067e+09	6.31299e+09	6.70657e+09	5.0388e+09	6.48222e+09	6.52051e+09	6.48891e+09	6.89116e+09	6.73138e+09	6.80042e+09	6.66465e+09	6.74895e+09	6.9011e+09	5.68613e+09	6.65869e+09	6.47518e+09	6.63326e+09	6.43814e+09	6.76426e+09	5.81654e+09	5.663e+09	5.12044e+09	5.46799e+09	5.80182e+09	5.51519e+09	6.15715e+09	6.25317e+09	6.78485e+09	6.6919e+09	6.601e+09	6.23761e+09	5.48573e+09	6.67144e+09	5.43267e+09	6.6691e+09	6.39431e+09	5.41441e+09	6.36435e+09	6.42027e+09	5.92528e+09	6.18572e+09	6.34537e+09	6.20225e+09	5.18044e+09	4.85662e+09	5.36935e+09	5.10177e+09	5.11795e+09	4.85303e+09	6.76695e+09	6.47475e+09	6.56654e+09	6.93683e+09	6.28235e+09	6.75507e+09	4.66347e+09	4.91976e+09	4.71784e+09	4.72513e+09	4.48468e+09	4.48356e+09	5.967e+09	6.03825e+09	5.47232e+09	5.53598e+09	5.49374e+09	5.55703e+09	5.0141e+09	6.39242e+09	6.34783e+09	4.93314e+09	5.26702e+09	6.20198e+09	5.48653e+09	6.20811e+09	6.20711e+09	6.23297e+09	5.37615e+09	5.38597e+09	6.46643e+09	6.10344e+09	5.85528e+09	6.69583e+09	6.48548e+09	6.62652e+09	5.74907e+09	5.23036e+09	5.74218e+09	5.25331e+09	5.72297e+09	5.20281e+09
ERR618518	6.27086e+09	5.74961e+09	6.62595e+09	5.86601e+09	5.82293e+09	6.65355e+09	6.36381e+09	6.76126e+09	5.07585e+09	6.53406e+09	6.57281e+09	6.5408e+09	6.94897e+09	6.78654e+09	6.8565e+09	6.71957e+09	6.80505e+09	6.9583e+09	5.73082e+09	6.71245e+09	6.52824e+09	6.68757e+09	6.4905e+09	6.81969e+09	5.663e+09	5.90181e+09	5.15673e+09	5.5081e+09	5.84558e+09	5.55503e+09	6.20386e+09	6.3016e+09	6.83879e+09	6.74495e+09	6.6535e+09	6.28553e+09	5.52684e+09	6.72558e+09	5.47221e+09	6.72389e+09	6.44544e+09	5.4542e+09	6.41708e+09	6.47372e+09	5.97332e+09	6.23598e+09	6.39796e+09	6.25317e+09	5.21687e+09	4.88976e+09	5.40785e+09	5.1375e+09	5.15407e+09	4.88646e+09	6.82328e+09	6.5274e+09	6.62123e+09	6.99464e+09	6.33349e+09	6.81121e+09	4.69435e+09	4.95263e+09	4.74905e+09	4.75702e+09	4.5137e+09	4.51245e+09	6.01468e+09	6.08692e+09	5.51476e+09	5.57885e+09	5.53654e+09	5.60067e+09	5.04967e+09	6.44416e+09	6.39972e+09	4.96835e+09	5.30572e+09	6.25181e+09	5.52924e+09	6.25811e+09	6.25691e+09	6.28347e+09	5.4177e+09	5.42771e+09	6.51988e+09	6.15338e+09	5.90267e+09	6.75181e+09	6.539e+09	6.68156e+09	5.79189e+09	5.26735e+09	5.78489e+09	5.29018e+09	5.76511e+09	5.23912e+09
ERR618514	5.64943e+09	5.1945e+09	5.9504e+09	5.29094e+09	5.25415e+09	5.98167e+09	5.73124e+09	6.06835e+09	4.63094e+09	5.87727e+09	5.91087e+09	5.8816e+09	6.25288e+09	6.11195e+09	6.17041e+09	6.05534e+09	6.12705e+09	6.25559e+09	5.20404e+09	6.02829e+09	5.8762e+09	6.00832e+09	5.8443e+09	6.12303e+09	5.12044e+09	5.15673e+09	4.87198e+09	4.99963e+09	5.28909e+09	5.0284e+09	5.59607e+09	5.68433e+09	6.12699e+09	6.04723e+09	5.97732e+09	5.666e+09	4.98774e+09	6.03707e+09	4.94066e+09	6.02994e+09	5.79538e+09	4.92508e+09	5.79424e+09	5.8417e+09	5.41003e+09	5.63361e+09	5.77743e+09	5.65293e+09	4.72084e+09	4.42753e+09	4.88625e+09	4.65559e+09	4.65856e+09	4.42422e+09	6.13995e+09	5.89068e+09	5.97695e+09	6.28669e+09	5.7208e+09	6.13124e+09	4.25543e+09	4.47838e+09	4.29172e+09	4.30653e+09	4.08397e+09	4.083e+09	5.43553e+09	5.4978e+09	5.00614e+09	5.06919e+09	5.0325e+09	5.08793e+09	4.58722e+09	5.80471e+09	5.76571e+09	4.51869e+09	4.81058e+09	5.63685e+09	5.0164e+09	5.64289e+09	5.64214e+09	5.66516e+09	4.91726e+09	4.93024e+09	5.87468e+09	5.56431e+09	5.35208e+09	6.07664e+09	5.89149e+09	6.01687e+09	5.20025e+09	4.74919e+09	5.19531e+09	4.769e+09	5.17787e+09	4.73496e+09
ERR618515	6.05017e+09	5.55034e+09	6.38257e+09	5.65785e+09	5.61735e+09	6.41516e+09	6.14116e+09	6.51374e+09	4.92691e+09	6.30098e+09	6.33784e+09	6.3059e+09	6.70659e+09	6.55171e+09	6.61662e+09	6.48936e+09	6.56848e+09	6.71169e+09	5.55192e+09	6.4673e+09	6.29746e+09	6.44464e+09	6.26174e+09	6.57085e+09	5.46799e+09	5.5081e+09	4.99963e+09	5.52032e+09	5.65085e+09	5.36588e+09	5.99065e+09	6.08584e+09	6.58058e+09	6.49273e+09	6.41266e+09	6.06798e+09	5.32854e+09	6.47867e+09	5.2767e+09	6.47231e+09	6.21326e+09	5.25965e+09	6.20238e+09	6.25527e+09	5.78007e+09	6.02663e+09	6.18307e+09	6.04638e+09	5.03599e+09	4.71804e+09	5.21635e+09	4.96223e+09	4.97019e+09	4.71425e+09	6.58468e+09	6.30692e+09	6.40053e+09	6.74605e+09	6.12126e+09	6.57416e+09	4.53271e+09	4.77672e+09	4.5771e+09	4.59133e+09	4.35201e+09	4.35062e+09	5.81126e+09	5.87985e+09	5.33789e+09	5.40554e+09	5.36565e+09	5.4259e+09	4.8822e+09	6.21708e+09	6.17401e+09	4.80641e+09	5.12717e+09	6.03353e+09	5.34851e+09	6.03854e+09	6.0378e+09	6.06329e+09	5.24071e+09	5.25318e+09	6.29483e+09	5.9513e+09	5.71604e+09	6.51642e+09	6.31364e+09	6.44994e+09	5.56903e+09	5.07347e+09	5.5633e+09	5.09495e+09	5.54468e+09	5.05377e+09
ERR618513	6.43881e+09	5.89319e+09	6.80557e+09	6.01199e+09	5.96735e+09	6.83864e+09	6.53857e+09	6.94938e+09	5.20809e+09	6.71558e+09	6.75599e+09	6.7211e+09	7.15843e+09	6.99006e+09	7.06198e+09	6.92026e+09	7.0087e+09	7.16608e+09	5.89459e+09	6.90259e+09	6.71388e+09	6.87749e+09	6.6756e+09	7.0155e+09	5.80182e+09	5.84558e+09	5.28909e+09	5.65085e+09	6.20875e+09	5.69024e+09	6.37459e+09	6.47816e+09	7.02663e+09	6.92921e+09	6.83976e+09	6.45887e+09	5.65452e+09	6.91044e+09	5.59807e+09	6.9061e+09	6.61908e+09	5.5796e+09	6.6043e+09	6.66237e+09	6.14435e+09	6.41542e+09	6.58405e+09	6.43498e+09	5.34215e+09	5.00012e+09	5.54057e+09	5.26194e+09	5.27282e+09	4.9959e+09	7.02702e+09	6.72294e+09	6.823e+09	7.20578e+09	6.52102e+09	7.01538e+09	4.80257e+09	5.06661e+09	4.85223e+09	4.86459e+09	4.61003e+09	4.60828e+09	6.18871e+09	6.26365e+09	5.67039e+09	5.74126e+09	5.69736e+09	5.76349e+09	5.17956e+09	6.63293e+09	6.58626e+09	5.09554e+09	5.44538e+09	6.43266e+09	5.68791e+09	6.44159e+09	6.44083e+09	6.46859e+09	5.57155e+09	5.58407e+09	6.71142e+09	6.33268e+09	6.07548e+09	6.95234e+09	6.73113e+09	6.87914e+09	5.92767e+09	5.38639e+09	5.92105e+09	5.41056e+09	5.9007e+09	5.36285e+09
ERR618516	6.09867e+09	5.59774e+09	6.43965e+09	5.70982e+09	5.66819e+09	6.46587e+09	6.18683e+09	6.56849e+09	4.94831e+09	6.35035e+09	6.38831e+09	6.35703e+09	6.74817e+09	6.59241e+09	6.66015e+09	6.52876e+09	6.61065e+09	6.75822e+09	5.57849e+09	6.52149e+09	6.34438e+09	6.49753e+09	6.3081e+09	6.62474e+09	5.51519e+09	5.55503e+09	5.0284e+09	5.36588e+09	5.69024e+09	5.60139e+09	6.0357e+09	6.12961e+09	6.64514e+09	6.5546e+09	6.46653e+09	6.11411e+09	5.38335e+09	6.53505e+09	5.33125e+09	6.53274e+09	6.2663e+09	5.31451e+09	6.23745e+09	6.29205e+09	5.81148e+09	6.06387e+09	6.21908e+09	6.08006e+09	5.08281e+09	4.76753e+09	5.26672e+09	5.00599e+09	5.0217e+09	4.76381e+09	6.62713e+09	6.34286e+09	6.43231e+09	6.79172e+09	6.15564e+09	6.61523e+09	4.57672e+09	4.82698e+09	4.62967e+09	4.63765e+09	4.40201e+09	4.40125e+09	5.84915e+09	5.91845e+09	5.36805e+09	5.42969e+09	5.38886e+09	5.45048e+09	4.92095e+09	6.26259e+09	6.2196e+09	4.84283e+09	5.16825e+09	6.078e+09	5.38106e+09	6.08322e+09	6.08172e+09	6.10737e+09	5.27384e+09	5.2834e+09	6.33622e+09	5.98419e+09	5.74342e+09	6.55951e+09	6.3552e+09	6.49179e+09	5.63629e+09	5.13184e+09	5.63e+09	5.15363e+09	5.6113e+09	5.10474e+09
ERR617061	6.91992e+09	6.31416e+09	7.33348e+09	6.44109e+09	6.39171e+09	7.37384e+09	7.09473e+09	7.55644e+09	5.60882e+09	7.3009e+09	7.34627e+09	7.30053e+09	7.72785e+09	7.528e+09	7.61269e+09	7.44804e+09	7.55073e+09	7.73026e+09	6.2906e+09	7.42169e+09	7.21062e+09	7.39326e+09	7.16385e+09	7.55396e+09	6.15715e+09	6.20386e+09	5.59607e+09	5.99065e+09	6.37459e+09	6.0357e+09	7.33925e+09	7.22232e+09	7.83799e+09	7.72271e+09	7.6194e+09	7.19853e+09	6.07822e+09	7.49757e+09	6.01673e+09	7.48815e+09	7.16375e+09	5.99504e+09	7.07043e+09	7.13656e+09	6.55191e+09	6.8555e+09	7.04845e+09	6.88062e+09	5.69576e+09	5.31463e+09	5.91642e+09	5.60723e+09	5.61929e+09	5.31078e+09	7.58928e+09	7.24307e+09	7.35653e+09	7.79673e+09	7.00796e+09	7.57761e+09	5.12658e+09	5.42027e+09	5.18213e+09	5.19471e+09	4.91217e+09	4.91071e+09	6.59182e+09	6.67627e+09	6.018e+09	6.09784e+09	6.04803e+09	6.12189e+09	5.48663e+09	7.10596e+09	7.0526e+09	5.39538e+09	5.77903e+09	6.87842e+09	6.03435e+09	6.87502e+09	6.87382e+09	6.90492e+09	5.90392e+09	5.92074e+09	7.30793e+09	6.87446e+09	6.57956e+09	7.59796e+09	7.33071e+09	7.51143e+09	6.40798e+09	5.79807e+09	6.40124e+09	5.82815e+09	6.37768e+09	5.77325e+09
ERR617062	7.03515e+09	6.4121e+09	7.45681e+09	6.54036e+09	6.48983e+09	7.50165e+09	7.21708e+09	7.68912e+09	5.70233e+09	7.42719e+09	7.47357e+09	7.42677e+09	7.87119e+09	7.66523e+09	7.75188e+09	7.58435e+09	7.68888e+09	7.87145e+09	6.40151e+09	7.55055e+09	7.33703e+09	7.52172e+09	7.28921e+09	7.68653e+09	6.25317e+09	6.3016e+09	5.68433e+09	6.08584e+09	6.47816e+09	6.12961e+09	7.22232e+09	7.5875e+09	7.9692e+09	7.85234e+09	7.74952e+09	7.32048e+09	6.16744e+09	7.62681e+09	6.10476e+09	7.61552e+09	7.28541e+09	6.08266e+09	7.1991e+09	7.26661e+09	6.66919e+09	6.97744e+09	7.17627e+09	7.00484e+09	5.77827e+09	5.38701e+09	6.00423e+09	5.68879e+09	5.69828e+09	5.38368e+09	7.72898e+09	7.37582e+09	7.49445e+09	7.9414e+09	7.13469e+09	7.71772e+09	5.19598e+09	5.49344e+09	5.24925e+09	5.26438e+09	4.97418e+09	4.97273e+09	6.70571e+09	6.79166e+09	6.11936e+09	6.20388e+09	6.15319e+09	6.22787e+09	5.56881e+09	7.23052e+09	7.17627e+09	5.47662e+09	5.86851e+09	6.99742e+09	6.13706e+09	6.9948e+09	6.99389e+09	7.02545e+09	6.00229e+09	6.02051e+09	7.43884e+09	6.99775e+09	6.69739e+09	7.73684e+09	7.46247e+09	7.64856e+09	6.49839e+09	5.87585e+09	6.49177e+09	5.90622e+09	6.4675e+09	5.85332e+09
ERR617059	7.66025e+09	6.9653e+09	8.15595e+09	7.12454e+09	7.06703e+09	8.18452e+09	7.85809e+09	8.41603e+09	6.12577e+09	8.10112e+09	8.15473e+09	8.10689e+09	8.57877e+09	8.348e+09	8.4508e+09	8.25232e+09	8.37599e+09	8.59597e+09	6.9095e+09	8.26159e+09	7.99761e+09	8.22511e+09	7.94507e+09	8.41163e+09	6.78485e+09	6.83879e+09	6.12699e+09	6.58058e+09	7.02663e+09	6.64514e+09	7.83799e+09	7.9692e+09	9.03217e+09	8.6166e+09	8.47287e+09	7.95019e+09	6.7203e+09	8.34275e+09	6.64942e+09	8.34609e+09	7.95214e+09	6.62479e+09	7.81623e+09	7.89488e+09	7.2206e+09	7.57847e+09	7.79083e+09	7.59627e+09	6.28204e+09	5.85993e+09	6.53993e+09	6.17618e+09	6.20679e+09	5.85576e+09	8.42927e+09	8.01505e+09	8.13817e+09	8.67626e+09	7.74897e+09	8.41154e+09	5.64217e+09	5.98348e+09	5.72282e+09	5.72428e+09	5.41785e+09	5.41703e+09	7.2878e+09	7.38591e+09	6.61845e+09	6.69678e+09	6.64089e+09	6.72507e+09	6.03525e+09	7.88721e+09	7.82628e+09	5.9262e+09	6.3687e+09	7.62537e+09	6.64794e+09	7.62676e+09	7.62476e+09	7.66087e+09	6.50182e+09	6.51415e+09	8.10176e+09	7.58415e+09	7.23752e+09	8.43097e+09	8.12823e+09	8.33e+09	7.13622e+09	6.42369e+09	7.1268e+09	6.45576e+09	7.10038e+09	6.37603e+09
