	ERR637113	ERR637116	ERR637115	ERR637114	ERR637111	ERR637112	ERR630257	ERR630259	ERR630255	ERR630258	ERR630254	ERR630256	ERR607315	ERR607313	ERR607314	ERR607316	ERR607312	ERR607311	ERR612254	ERR612251	ERR612252	ERR612253	ERR612255	ERR612256	ERR621933	ERR621932	ERR621935	ERR621931	ERR621934	ERR621936	ERR612782	ERR612777	ERR612778	ERR612781	ERR612780	ERR612779	ERR637031	ERR637027	ERR637030	ERR637029	ERR637028	ERR637032	ERR629982	ERR629983	ERR629986	ERR629984	ERR629985	ERR629987	ERR617661	ERR617666	ERR617664	ERR617665	ERR617662	ERR617663	ERR626607	ERR626603	ERR626606	ERR626602	ERR626605	ERR626604	ERR618702	ERR618699	ERR618701	ERR618703	ERR618700	ERR618704	ERR638318	ERR638316	ERR638319	ERR638315	ERR638320	ERR638317	ERR617759	ERR617762	ERR617758	ERR617761	ERR617760	ERR617757	ERR618293	ERR618292	ERR618295	ERR618296	ERR618291	ERR618294	ERR630080	ERR630081	ERR630078	ERR630082	ERR630079	ERR630083	ERR616156	ERR616158	ERR616159	ERR616157	ERR616154	ERR616155
ERR637113	0	0.235009	0.235363	0.235111	0.233618	0.237565	0.47894	0.484422	0.45599	0.470926	0.448222	0.4644	0.393982	0.352691	0.399451	0.388105	0.358445	0.364654	0.362332	0.363919	0.359544	0.362323	0.37858	0.364374	0.419792	0.419159	0.417591	0.419823	0.419403	0.418084	0.314066	0.30824	0.351894	0.312726	0.314519	0.308972	0.307188	0.29329	0.285902	0.29469	0.286145	0.302672	0.44674	0.453327	0.45273	0.446246	0.450692	0.450585	0.52208	0.509876	0.508844	0.507122	0.614169	0.547367	0.46663	0.45554	0.464936	0.44258	0.467911	0.480293	0.533484	0.519783	0.523225	0.53204	0.523506	0.535547	0.304744	0.342085	0.303984	0.31078	0.304747	0.338665	0.797219	0.555016	0.79755	0.559965	0.552433	0.792851	0.559607	0.562696	0.561356	0.563348	0.558639	0.560081	0.350324	0.373575	0.351788	0.352035	0.349044	0.351119	0.556425	0.520718	0.521548	0.523772	0.543871	0.53829
ERR637116	0.235009	0	0.233516	0.233118	0.235816	0.236408	0.479168	0.485595	0.455805	0.47063	0.447142	0.464141	0.392784	0.352389	0.398939	0.386617	0.356258	0.364136	0.360501	0.361389	0.358496	0.360818	0.378192	0.362945	0.417	0.416096	0.413678	0.415856	0.415073	0.413839	0.316994	0.308634	0.356205	0.315429	0.317333	0.311686	0.306806	0.292617	0.287871	0.294017	0.289865	0.302491	0.444221	0.452151	0.452742	0.443765	0.450368	0.450349	0.517055	0.5064	0.505349	0.503652	0.614794	0.544379	0.46449	0.453862	0.462755	0.440201	0.465795	0.480263	0.531814	0.51811	0.521995	0.530341	0.522309	0.53384	0.304518	0.344535	0.303388	0.31142	0.304097	0.340038	0.788757	0.551189	0.789173	0.556641	0.549038	0.784771	0.556867	0.560239	0.559248	0.561529	0.557009	0.55746	0.350907	0.378841	0.352238	0.356457	0.351251	0.355384	0.551362	0.516231	0.516668	0.518985	0.539358	0.53326
ERR637115	0.235363	0.233516	0	0.233348	0.236727	0.236443	0.478856	0.485321	0.45519	0.470253	0.446108	0.463618	0.393701	0.352418	0.400234	0.387455	0.356382	0.364788	0.360689	0.361352	0.358525	0.360914	0.37896	0.363218	0.417301	0.41624	0.413457	0.415667	0.414891	0.413684	0.318641	0.309002	0.358535	0.317067	0.318894	0.312738	0.305323	0.291794	0.287895	0.293166	0.290479	0.300923	0.443593	0.451993	0.452468	0.44321	0.449923	0.450122	0.516059	0.505196	0.504044	0.502433	0.614618	0.544002	0.464987	0.454159	0.463306	0.440218	0.466286	0.480875	0.530863	0.516981	0.520869	0.529532	0.521238	0.532917	0.304874	0.346051	0.303926	0.312075	0.304596	0.341332	0.787983	0.54984	0.788338	0.555493	0.547788	0.784122	0.555424	0.558866	0.557811	0.560107	0.555471	0.556011	0.350631	0.379584	0.351679	0.356556	0.351176	0.355437	0.551113	0.515406	0.51578	0.518145	0.53895	0.532758
ERR637114	0.235111	0.233118	0.233348	0	0.236391	0.235942	0.479566	0.485996	0.455832	0.470724	0.446852	0.464149	0.393405	0.352595	0.399845	0.386985	0.356365	0.364679	0.360325	0.360974	0.35827	0.360592	0.378595	0.362952	0.417168	0.416139	0.413361	0.415625	0.414748	0.413607	0.318233	0.308732	0.357971	0.316397	0.318452	0.312426	0.305561	0.29176	0.287645	0.293147	0.290263	0.301266	0.444131	0.452464	0.453123	0.443825	0.450788	0.450838	0.516588	0.505913	0.504771	0.503191	0.615443	0.544504	0.465356	0.454506	0.463574	0.440652	0.466519	0.48142	0.531587	0.517789	0.521692	0.530317	0.522143	0.533691	0.304657	0.345674	0.303731	0.31176	0.304468	0.340919	0.787834	0.550387	0.78827	0.556187	0.548471	0.784029	0.556481	0.559856	0.558882	0.561101	0.556586	0.557061	0.350565	0.379626	0.351648	0.356671	0.351248	0.355632	0.551513	0.516084	0.516479	0.518962	0.539598	0.533284
ERR637111	0.233618	0.235816	0.236727	0.236391	0	0.240502	0.479901	0.485053	0.458424	0.47236	0.451959	0.466089	0.393547	0.355041	0.398354	0.387773	0.360606	0.365432	0.364261	0.366792	0.361502	0.364489	0.377557	0.36584	0.421311	0.420901	0.420791	0.422832	0.422524	0.421279	0.310361	0.30875	0.344464	0.309011	0.310788	0.306789	0.313878	0.297646	0.287053	0.299384	0.284578	0.308466	0.450053	0.455163	0.454239	0.449343	0.45244	0.452063	0.52759	0.515166	0.514417	0.512536	0.614274	0.549848	0.465772	0.455084	0.464197	0.443141	0.466883	0.478363	0.536765	0.523947	0.527305	0.535305	0.527402	0.538881	0.304635	0.338257	0.30428	0.309521	0.305224	0.335256	0.802437	0.560384	0.802605	0.564543	0.557591	0.797208	0.564919	0.567676	0.56641	0.568272	0.563885	0.565284	0.351222	0.369718	0.353762	0.350737	0.348807	0.350456	0.558491	0.524476	0.525278	0.527426	0.545981	0.541199
ERR637112	0.237565	0.236408	0.236443	0.235942	0.240502	0	0.479093	0.486419	0.453287	0.469467	0.442321	0.462483	0.395378	0.352299	0.40259	0.38863	0.355109	0.365826	0.35943	0.358371	0.3574	0.359405	0.381549	0.362767	0.415452	0.414329	0.409818	0.411977	0.410687	0.409694	0.324634	0.309815	0.368069	0.322896	0.324982	0.316963	0.300309	0.288974	0.290241	0.28993	0.295389	0.297179	0.439314	0.450085	0.451794	0.43923	0.449199	0.449438	0.509146	0.499059	0.497702	0.496325	0.615745	0.541094	0.466001	0.454838	0.464206	0.439586	0.467402	0.484043	0.527767	0.512771	0.51725	0.526368	0.517738	0.529689	0.307051	0.352397	0.305722	0.315582	0.306478	0.346953	0.78011	0.54375	0.780753	0.550605	0.542283	0.777291	0.549703	0.553766	0.552762	0.555436	0.550637	0.550586	0.350164	0.386429	0.350049	0.360518	0.353067	0.358825	0.548049	0.510596	0.510623	0.513276	0.535827	0.528398
ERR630257	0.47894	0.479168	0.478856	0.479566	0.479901	0.479093	0	0.268341	0.277141	0.26419	0.302578	0.268985	0.466269	0.46888	0.466497	0.465729	0.470038	0.464279	0.540092	0.542907	0.53801	0.539417	0.529453	0.5376	0.555387	0.554965	0.564011	0.562803	0.566073	0.565336	0.510468	0.508825	0.514239	0.509723	0.509281	0.509086	0.501401	0.496646	0.494502	0.49726	0.4942	0.500059	0.347174	0.319792	0.314655	0.343988	0.317816	0.317292	0.381573	0.364668	0.369139	0.366069	0.412179	0.34638	0.328634	0.327414	0.329044	0.341459	0.327752	0.324016	0.330922	0.33429	0.33103	0.329311	0.329887	0.332281	0.446884	0.44061	0.447615	0.443622	0.448679	0.440787	0.698376	0.386328	0.695292	0.3752	0.378103	0.678766	0.370183	0.366055	0.364871	0.363525	0.363876	0.368008	0.448952	0.443971	0.453232	0.451096	0.443419	0.452061	0.392982	0.386894	0.392662	0.389594	0.38078	0.389269
ERR630259	0.484422	0.485595	0.485321	0.485996	0.485053	0.486419	0.268341	0	0.286704	0.272959	0.316449	0.278507	0.473045	0.475559	0.472396	0.472853	0.478681	0.47059	0.547776	0.551447	0.545133	0.546984	0.535537	0.545068	0.563931	0.563749	0.573764	0.572726	0.576079	0.575294	0.514043	0.51474	0.514729	0.513226	0.512983	0.512921	0.509019	0.504444	0.499762	0.504802	0.497743	0.507576	0.362628	0.331156	0.322052	0.358833	0.325951	0.324577	0.399761	0.380103	0.38488	0.381771	0.405461	0.358077	0.339539	0.338348	0.340265	0.35488	0.338572	0.326346	0.341004	0.345892	0.340761	0.339345	0.339097	0.342739	0.455034	0.443668	0.455803	0.450875	0.457124	0.446236	0.717729	0.402262	0.714697	0.389794	0.392807	0.697917	0.383264	0.378078	0.375524	0.373433	0.373371	0.380413	0.456035	0.441888	0.460851	0.452103	0.448566	0.45351	0.409393	0.403428	0.409837	0.406419	0.396453	0.406602
ERR630255	0.45599	0.455805	0.45519	0.455832	0.458424	0.453287	0.277141	0.286704	0	0.266973	0.264956	0.26284	0.468912	0.455026	0.471676	0.465957	0.456797	0.457009	0.517285	0.517822	0.514718	0.51634	0.517417	0.516828	0.539349	0.53844	0.542468	0.541845	0.544145	0.543424	0.49351	0.484411	0.508938	0.492283	0.492687	0.488807	0.470668	0.468677	0.470896	0.468969	0.473488	0.470438	0.316639	0.305638	0.304835	0.31503	0.304632	0.305108	0.359602	0.341431	0.343104	0.340873	0.452515	0.36175	0.33591	0.327692	0.335987	0.326503	0.337253	0.346373	0.337433	0.326447	0.328561	0.335339	0.327518	0.339735	0.432924	0.443369	0.432412	0.43364	0.433617	0.442551	0.693712	0.375752	0.692107	0.374634	0.370115	0.681065	0.361616	0.362691	0.360992	0.362501	0.358058	0.361706	0.423114	0.437458	0.424655	0.431309	0.421563	0.430805	0.404288	0.374425	0.377717	0.377851	0.388019	0.387154
ERR630258	0.470926	0.47063	0.470253	0.470724	0.47236	0.469467	0.26419	0.272959	0.266973	0	0.285805	0.262754	0.465138	0.46326	0.466706	0.46358	0.463806	0.460343	0.531534	0.533451	0.529676	0.530842	0.524543	0.529697	0.54826	0.547812	0.554983	0.553946	0.556812	0.556126	0.505401	0.500171	0.513902	0.504272	0.504075	0.502619	0.490549	0.486706	0.486702	0.487009	0.488015	0.489681	0.332526	0.310762	0.308599	0.329812	0.310444	0.310189	0.367798	0.351446	0.355104	0.352599	0.426212	0.345943	0.326771	0.322996	0.326798	0.331742	0.326501	0.329957	0.327941	0.326464	0.325185	0.326184	0.324502	0.329076	0.441147	0.441384	0.441234	0.43926	0.442378	0.440634	0.690443	0.375972	0.687757	0.368506	0.369115	0.672721	0.361943	0.359713	0.358231	0.358118	0.357513	0.360042	0.4397	0.443682	0.442837	0.445853	0.436189	0.44611	0.390366	0.376918	0.382131	0.379534	0.377094	0.382303
ERR630254	0.448222	0.447142	0.446108	0.446852	0.451959	0.442321	0.302578	0.316449	0.264956	0.285805	0	0.277881	0.477557	0.454448	0.482619	0.473322	0.455065	0.46042	0.508009	0.506202	0.505554	0.506862	0.516133	0.509127	0.533535	0.532404	0.532199	0.531864	0.533377	0.532648	0.490425	0.474826	0.514147	0.488787	0.489511	0.48322	0.455871	0.455637	0.462992	0.455721	0.468654	0.456536	0.305619	0.311511	0.315863	0.305696	0.312851	0.314479	0.350856	0.33459	0.334181	0.333053	0.486111	0.38075	0.351802	0.340312	0.351225	0.328098	0.354188	0.373614	0.354365	0.334456	0.340695	0.352326	0.340249	0.35683	0.432173	0.455128	0.43091	0.43566	0.432305	0.452219	0.685746	0.376784	0.685427	0.383183	0.373486	0.678397	0.366807	0.371227	0.370483	0.373953	0.366765	0.368286	0.414301	0.445807	0.413288	0.43012	0.417795	0.428475	0.416931	0.373805	0.375016	0.377195	0.399418	0.391805
ERR630256	0.4644	0.464141	0.463618	0.464149	0.466089	0.462483	0.268985	0.278507	0.26284	0.262754	0.277881	0	0.465968	0.460061	0.468146	0.463849	0.460727	0.45868	0.525828	0.527042	0.523607	0.524983	0.521335	0.5245	0.544543	0.543951	0.550062	0.548836	0.551572	0.55101	0.499789	0.493464	0.51073	0.498805	0.498828	0.496526	0.482642	0.478963	0.479993	0.479446	0.481597	0.481995	0.3261	0.30881	0.307226	0.323509	0.30813	0.308498	0.365132	0.348611	0.35145	0.348926	0.436335	0.351636	0.329246	0.324094	0.329138	0.32902	0.329523	0.335541	0.331762	0.326862	0.326874	0.329932	0.326158	0.333789	0.437168	0.441626	0.437181	0.436167	0.438424	0.440356	0.69166	0.377231	0.689444	0.372044	0.370548	0.675926	0.362928	0.361401	0.360293	0.360659	0.358399	0.361628	0.432127	0.440623	0.434878	0.439622	0.430017	0.439726	0.394956	0.376239	0.380676	0.379182	0.380651	0.383627
ERR607315	0.393982	0.392784	0.393701	0.393405	0.393547	0.395378	0.466269	0.473045	0.468912	0.465138	0.477557	0.465968	0	0.29024	0.272533	0.269455	0.286292	0.277638	0.382834	0.389394	0.384054	0.383563	0.365353	0.378538	0.409292	0.409997	0.420613	0.421322	0.42267	0.422569	0.388677	0.392328	0.393583	0.389033	0.388584	0.392357	0.404743	0.393525	0.38557	0.394604	0.384757	0.400851	0.47053	0.459113	0.46043	0.468413	0.461206	0.460781	0.503209	0.497861	0.499498	0.497802	0.563679	0.499686	0.458725	0.457251	0.457449	0.461201	0.457376	0.46428	0.500618	0.49939	0.499168	0.499606	0.500139	0.5014	0.353891	0.343892	0.357079	0.34934	0.356678	0.34098	0.74447	0.525629	0.742672	0.522767	0.523624	0.731403	0.524289	0.524165	0.524582	0.524836	0.52584	0.52363	0.43774	0.431813	0.443523	0.441552	0.431587	0.443444	0.498119	0.491416	0.494513	0.492659	0.49249	0.495281
ERR607313	0.352691	0.352389	0.352418	0.352595	0.355041	0.352299	0.46888	0.475559	0.455026	0.46326	0.454448	0.460061	0.29024	0	0.296075	0.284864	0.263965	0.266597	0.348783	0.352759	0.348184	0.348358	0.352249	0.348289	0.393781	0.3938	0.395697	0.398559	0.397942	0.396856	0.356268	0.348326	0.380451	0.355044	0.355958	0.352925	0.350145	0.343641	0.339961	0.34447	0.343195	0.347648	0.449918	0.448825	0.448772	0.449067	0.44803	0.448031	0.496581	0.486651	0.486536	0.485288	0.584288	0.51444	0.465015	0.457671	0.463713	0.451686	0.465372	0.475939	0.506735	0.496518	0.498834	0.505258	0.49925	0.508446	0.329777	0.346014	0.330377	0.331303	0.330918	0.343271	0.761012	0.526198	0.760598	0.528483	0.523589	0.75411	0.523797	0.526007	0.525277	0.526501	0.52376	0.524015	0.39774	0.406803	0.400683	0.401544	0.394467	0.401942	0.518142	0.49049	0.491823	0.492742	0.507361	0.504232
ERR607314	0.399451	0.398939	0.400234	0.399845	0.398354	0.40259	0.466497	0.472396	0.471676	0.466706	0.482619	0.468146	0.272533	0.296075	0	0.2732	0.294405	0.281597	0.388359	0.396111	0.389227	0.389034	0.367623	0.383244	0.413131	0.414328	0.426713	0.427464	0.429245	0.428791	0.390777	0.398017	0.391681	0.391607	0.390615	0.395455	0.412045	0.400767	0.390356	0.402118	0.388122	0.407988	0.476704	0.462715	0.462608	0.474478	0.463782	0.463328	0.51068	0.503791	0.505699	0.503669	0.56098	0.502536	0.462136	0.460699	0.461052	0.466806	0.460641	0.464023	0.50304	0.502867	0.502013	0.502217	0.502894	0.503756	0.359384	0.343389	0.362438	0.353625	0.362482	0.342063	0.752357	0.530562	0.75026	0.52659	0.527624	0.738277	0.528239	0.527741	0.52794	0.52789	0.528484	0.527513	0.442353	0.430264	0.448598	0.4427	0.434596	0.44483	0.503299	0.497362	0.501064	0.49882	0.4973	0.501281
ERR607316	0.388105	0.386617	0.387455	0.386985	0.387773	0.38863	0.465729	0.472853	0.465957	0.46358	0.473322	0.463849	0.269455	0.284864	0.2732	0	0.280737	0.273688	0.376863	0.382718	0.378205	0.377391	0.361778	0.372845	0.404392	0.405072	0.414571	0.415579	0.416491	0.416282	0.384206	0.386364	0.392496	0.384722	0.38426	0.387466	0.397284	0.386126	0.379332	0.387229	0.379314	0.393508	0.465928	0.456042	0.457987	0.464103	0.458464	0.458031	0.499509	0.494207	0.495649	0.493957	0.566372	0.499415	0.457637	0.455188	0.456091	0.45778	0.456413	0.464896	0.50014	0.497487	0.497735	0.499148	0.498704	0.500686	0.348688	0.343719	0.351248	0.345163	0.351179	0.339594	0.74281	0.523442	0.741145	0.521462	0.521561	0.730382	0.522156	0.522551	0.523072	0.52349	0.524142	0.521694	0.431796	0.429433	0.437176	0.436917	0.426474	0.438628	0.497911	0.488482	0.491328	0.489793	0.491722	0.493414
ERR607312	0.358445	0.356258	0.356382	0.356365	0.360606	0.355109	0.470038	0.478681	0.456797	0.463806	0.455065	0.460727	0.286292	0.263965	0.294405	0.280737	0	0.267106	0.349302	0.351725	0.349793	0.349116	0.353308	0.348956	0.389863	0.389846	0.39108	0.393383	0.39277	0.391902	0.364113	0.353762	0.389106	0.363057	0.363861	0.361444	0.354252	0.347168	0.346824	0.347889	0.351923	0.351983	0.447348	0.447822	0.450598	0.446514	0.449451	0.449754	0.488182	0.481358	0.48133	0.479948	0.584392	0.508099	0.460914	0.45465	0.459254	0.447992	0.461083	0.475102	0.50391	0.494392	0.497109	0.502464	0.497777	0.505181	0.330337	0.349971	0.331408	0.332732	0.331113	0.344829	0.742382	0.518989	0.741951	0.522016	0.517762	0.735534	0.51904	0.521537	0.521439	0.523207	0.521255	0.51939	0.402254	0.418378	0.404856	0.41216	0.400908	0.41246	0.506415	0.481234	0.482444	0.48319	0.497085	0.493227
ERR607311	0.364654	0.364136	0.364788	0.364679	0.365432	0.365826	0.464279	0.47059	0.457009	0.460343	0.46042	0.45868	0.277638	0.266597	0.281597	0.273688	0.267106	0	0.358471	0.364013	0.35831	0.358268	0.352757	0.356237	0.396728	0.397277	0.40301	0.405143	0.405312	0.404463	0.363667	0.361362	0.379483	0.363281	0.36331	0.363228	0.36873	0.359822	0.353268	0.360892	0.353947	0.365432	0.455613	0.449747	0.449645	0.454141	0.449766	0.449357	0.497941	0.488984	0.489616	0.487998	0.573001	0.506592	0.460229	0.454347	0.458518	0.452789	0.4595	0.467985	0.502034	0.495085	0.496237	0.500742	0.496889	0.503261	0.334929	0.339531	0.336427	0.3334	0.336776	0.336987	0.757204	0.524449	0.756182	0.524595	0.521778	0.747668	0.521956	0.523204	0.522828	0.523612	0.522234	0.522068	0.409321	0.410492	0.413781	0.411642	0.404434	0.412845	0.509795	0.48956	0.491914	0.491717	0.500678	0.499876
ERR612254	0.362332	0.360501	0.360689	0.360325	0.364261	0.35943	0.540092	0.547776	0.517285	0.531534	0.508009	0.525828	0.382834	0.348783	0.388359	0.376863	0.349302	0.358471	0	0.255657	0.254788	0.254106	0.276762	0.255079	0.306111	0.306682	0.300315	0.304981	0.302296	0.301016	0.33908	0.329746	0.373875	0.339163	0.339081	0.336124	0.349311	0.343552	0.343118	0.344571	0.349181	0.347024	0.503108	0.512305	0.51499	0.503052	0.512663	0.51307	0.553025	0.545028	0.543539	0.542767	0.663687	0.587732	0.528505	0.519112	0.526661	0.505506	0.529263	0.545398	0.580458	0.56614	0.570861	0.579286	0.571385	0.582341	0.368143	0.399152	0.367807	0.374483	0.367507	0.394761	0.789118	0.583561	0.79015	0.591079	0.58307	0.789057	0.590552	0.59511	0.594952	0.597622	0.59312	0.591996	0.419921	0.446049	0.42007	0.429993	0.42079	0.428888	0.583925	0.54748	0.547229	0.549984	0.572545	0.564912
ERR612251	0.363919	0.361389	0.361352	0.360974	0.366792	0.358371	0.542907	0.551447	0.517822	0.533451	0.506202	0.527042	0.389394	0.352759	0.396111	0.382718	0.351725	0.364013	0.255657	0	0.255186	0.254951	0.287708	0.259684	0.307611	0.307222	0.297178	0.301077	0.298317	0.297139	0.34576	0.330693	0.38537	0.345264	0.345384	0.340839	0.345387	0.340503	0.345293	0.341304	0.353493	0.343936	0.500503	0.512741	0.516834	0.500821	0.514041	0.514721	0.549267	0.542353	0.540512	0.539913	0.668194	0.588024	0.531113	0.52143	0.52912	0.506105	0.532185	0.550219	0.581068	0.56533	0.570733	0.579701	0.571314	0.582781	0.371167	0.407723	0.370257	0.37861	0.370157	0.402227	0.782389	0.581044	0.783773	0.58994	0.58118	0.78375	0.588292	0.593509	0.593578	0.596612	0.59163	0.590178	0.418248	0.452172	0.416992	0.432798	0.42148	0.431335	0.583359	0.545365	0.544485	0.547707	0.571909	0.563081
ERR612252	0.359544	0.358496	0.358525	0.35827	0.361502	0.3574	0.53801	0.545133	0.514718	0.529676	0.505554	0.523607	0.384054	0.348184	0.389227	0.378205	0.349793	0.35831	0.254788	0.255186	0	0.25367	0.278872	0.257189	0.307888	0.307577	0.302537	0.306559	0.304726	0.303272	0.335697	0.326898	0.370198	0.33557	0.335381	0.332123	0.346856	0.341229	0.340444	0.342175	0.345571	0.344473	0.501631	0.510774	0.512728	0.501675	0.510328	0.510737	0.554519	0.54524	0.543745	0.542832	0.662398	0.588275	0.528348	0.518643	0.526623	0.505183	0.529294	0.544015	0.579696	0.564698	0.569538	0.578454	0.569729	0.581756	0.366975	0.397659	0.366559	0.373178	0.366576	0.394013	0.795149	0.584146	0.796229	0.59163	0.583298	0.795119	0.589944	0.594466	0.594272	0.596784	0.591719	0.591588	0.415876	0.440943	0.415933	0.424653	0.416437	0.423713	0.586001	0.548669	0.54854	0.551409	0.574093	0.566653
ERR612253	0.362323	0.360818	0.360914	0.360592	0.364489	0.359405	0.539417	0.546984	0.51634	0.530842	0.506862	0.524983	0.383563	0.348358	0.389034	0.377391	0.349116	0.358268	0.254106	0.254951	0.25367	0	0.278609	0.256544	0.307326	0.308064	0.301515	0.306426	0.30345	0.30192	0.339201	0.329267	0.374235	0.339111	0.33902	0.3358	0.348628	0.342792	0.342911	0.343899	0.348922	0.346416	0.502013	0.511787	0.514099	0.502155	0.511638	0.512208	0.552199	0.543866	0.542444	0.54171	0.662608	0.587103	0.528926	0.519107	0.527051	0.505589	0.529636	0.54548	0.579565	0.564943	0.569526	0.578409	0.57013	0.581481	0.368115	0.3993	0.367673	0.374128	0.367424	0.394926	0.790226	0.582859	0.791315	0.590376	0.582266	0.790268	0.589218	0.593739	0.593633	0.596241	0.591628	0.590801	0.418984	0.445021	0.418874	0.428638	0.420032	0.427739	0.584071	0.546991	0.54667	0.549597	0.572365	0.564719
ERR612255	0.37858	0.378192	0.37896	0.378595	0.377557	0.381549	0.529453	0.535537	0.517417	0.524543	0.516133	0.521335	0.365353	0.352249	0.367623	0.361778	0.353308	0.352757	0.276762	0.287708	0.278872	0.278609	0	0.270956	0.309883	0.311826	0.321989	0.324216	0.325328	0.324609	0.343088	0.352463	0.35342	0.344749	0.342896	0.348066	0.384049	0.372503	0.361922	0.374075	0.360815	0.379508	0.511422	0.511341	0.512055	0.510151	0.510932	0.510898	0.560617	0.552159	0.552267	0.550823	0.645037	0.578263	0.516888	0.51029	0.515232	0.50427	0.516921	0.527221	0.574526	0.565177	0.568113	0.573211	0.568189	0.576053	0.369708	0.378322	0.371062	0.370094	0.370536	0.37565	0.79362	0.586055	0.793521	0.589019	0.584279	0.788453	0.591964	0.594291	0.594533	0.596045	0.593295	0.592599	0.43566	0.439019	0.439652	0.437825	0.431113	0.439048	0.573631	0.548313	0.549515	0.55058	0.563916	0.560724
ERR612256	0.364374	0.362945	0.363218	0.362952	0.36584	0.362767	0.5376	0.545068	0.516828	0.529697	0.509127	0.5245	0.378538	0.348289	0.383244	0.372845	0.348956	0.356237	0.255079	0.259684	0.257189	0.256544	0.270956	0	0.304839	0.305683	0.303072	0.307156	0.305341	0.30393	0.33819	0.333075	0.368215	0.338631	0.337978	0.33713	0.355889	0.348479	0.345841	0.3497	0.350392	0.353081	0.503851	0.511322	0.513707	0.503597	0.511595	0.511871	0.554005	0.546042	0.544878	0.543985	0.659843	0.585304	0.525301	0.516353	0.523474	0.504261	0.525978	0.541162	0.579004	0.565662	0.569881	0.577741	0.57042	0.580794	0.366913	0.393998	0.366828	0.372097	0.366328	0.389607	0.789101	0.583695	0.789866	0.590231	0.582957	0.787933	0.590348	0.594633	0.594565	0.597007	0.592828	0.591739	0.422093	0.443401	0.42301	0.430473	0.421954	0.43011	0.581025	0.546804	0.54661	0.549239	0.569946	0.563209
ERR621933	0.419792	0.417	0.417301	0.417168	0.421311	0.415452	0.555387	0.563931	0.539349	0.54826	0.533535	0.544543	0.409292	0.393781	0.413131	0.404392	0.389863	0.396728	0.306111	0.307611	0.307888	0.307326	0.309883	0.304839	0	0.258052	0.263505	0.2632	0.265295	0.265352	0.394695	0.389718	0.416264	0.395687	0.393936	0.39511	0.407988	0.401839	0.404024	0.403128	0.408919	0.406277	0.527425	0.533188	0.538156	0.526982	0.536104	0.536514	0.565302	0.560633	0.559749	0.559021	0.668354	0.592564	0.542968	0.536404	0.540974	0.527073	0.543204	0.558605	0.588927	0.578112	0.582306	0.587935	0.583013	0.590325	0.411913	0.432693	0.411892	0.416125	0.411691	0.427417	0.775597	0.589482	0.776384	0.595445	0.589764	0.774172	0.597954	0.602271	0.603314	0.60572	0.602622	0.599953	0.462523	0.486299	0.463446	0.477107	0.463286	0.477114	0.585349	0.558112	0.558475	0.56016	0.576218	0.570487
ERR621932	0.419159	0.416096	0.41624	0.416139	0.420901	0.414329	0.554965	0.563749	0.53844	0.547812	0.532404	0.543951	0.409997	0.3938	0.414328	0.405072	0.389846	0.397277	0.306682	0.307222	0.307577	0.308064	0.311826	0.305683	0.258052	0	0.262875	0.261286	0.264607	0.264512	0.394855	0.389289	0.416673	0.395806	0.393991	0.395122	0.406476	0.400477	0.403321	0.401784	0.408599	0.4049	0.525989	0.532089	0.537308	0.525662	0.535058	0.535697	0.564663	0.559941	0.559053	0.558535	0.669174	0.592409	0.542498	0.535755	0.540691	0.526329	0.542978	0.558336	0.588456	0.577364	0.582017	0.587369	0.58229	0.590127	0.411191	0.43296	0.411144	0.415806	0.411138	0.428029	0.775393	0.588934	0.776182	0.595077	0.58908	0.774113	0.597253	0.601798	0.602771	0.605182	0.601963	0.599467	0.460131	0.485361	0.460832	0.475798	0.461071	0.475577	0.584959	0.557697	0.558013	0.559803	0.575922	0.570035
ERR621935	0.417591	0.413678	0.413457	0.413361	0.420791	0.409818	0.564011	0.573764	0.542468	0.554983	0.532199	0.550062	0.420613	0.395697	0.426713	0.414571	0.39108	0.40301	0.300315	0.297178	0.302537	0.301515	0.321989	0.303072	0.263505	0.262875	0	0.255251	0.251894	0.252308	0.399739	0.385059	0.431916	0.399992	0.399092	0.396382	0.39546	0.392576	0.400937	0.393419	0.409906	0.394981	0.525589	0.536689	0.542958	0.525693	0.540054	0.540886	0.562019	0.558308	0.556624	0.556459	0.680722	0.599112	0.551943	0.543901	0.549799	0.53081	0.552384	0.57128	0.594312	0.58083	0.586124	0.5933	0.586977	0.595876	0.41524	0.446946	0.414668	0.422643	0.41468	0.440687	0.770521	0.589043	0.772011	0.597678	0.590178	0.772409	0.598684	0.604272	0.605191	0.608198	0.604347	0.60118	0.459587	0.495361	0.458529	0.479426	0.463893	0.47816	0.591545	0.558862	0.558145	0.560915	0.581991	0.573642
ERR621931	0.419823	0.415856	0.415667	0.415625	0.422832	0.411977	0.562803	0.572726	0.541845	0.553946	0.531864	0.548836	0.421322	0.398559	0.427464	0.415579	0.393383	0.405143	0.304981	0.301077	0.306559	0.306426	0.324216	0.307156	0.2632	0.261286	0.255251	0	0.255281	0.255178	0.401756	0.388483	0.432558	0.402147	0.400979	0.399164	0.398772	0.395276	0.403849	0.396226	0.412577	0.398427	0.524988	0.535723	0.542489	0.52518	0.539515	0.54058	0.561775	0.558322	0.556702	0.556503	0.679863	0.597784	0.550148	0.542393	0.548109	0.529578	0.550717	0.569321	0.593162	0.57979	0.585393	0.592154	0.586054	0.594894	0.416375	0.447175	0.415766	0.423459	0.415647	0.440819	0.768027	0.588408	0.769461	0.596775	0.589468	0.769594	0.597754	0.603564	0.604624	0.607552	0.603591	0.600521	0.459535	0.495402	0.458407	0.480116	0.463795	0.478966	0.589189	0.557824	0.557236	0.559771	0.579783	0.57151
ERR621934	0.419403	0.415073	0.414891	0.414748	0.422524	0.410687	0.566073	0.576079	0.544145	0.556812	0.533377	0.551572	0.42267	0.397942	0.429245	0.416491	0.39277	0.405312	0.302296	0.298317	0.304726	0.30345	0.325328	0.305341	0.265295	0.264607	0.251894	0.255281	0	0.252052	0.402598	0.386674	0.435877	0.402833	0.401939	0.398933	0.396301	0.393693	0.402891	0.394341	0.412479	0.396089	0.526452	0.538254	0.545051	0.526549	0.541892	0.542833	0.561717	0.5586	0.556861	0.556724	0.682698	0.600102	0.55369	0.545738	0.551428	0.532157	0.554136	0.573696	0.595438	0.581843	0.587284	0.594376	0.588149	0.596953	0.417294	0.450159	0.416709	0.424744	0.416574	0.443609	0.767961	0.589354	0.76947	0.598333	0.590902	0.770286	0.599207	0.604955	0.605944	0.608944	0.60527	0.601739	0.460841	0.498224	0.459391	0.481695	0.465603	0.480347	0.592255	0.559157	0.558443	0.561235	0.5827	0.573947
ERR621936	0.418084	0.413839	0.413684	0.413607	0.421279	0.409694	0.565336	0.575294	0.543424	0.556126	0.532648	0.55101	0.422569	0.396856	0.428791	0.416282	0.391902	0.404463	0.301016	0.297139	0.303272	0.30192	0.324609	0.30393	0.265352	0.264512	0.252308	0.255178	0.252052	0	0.400949	0.385183	0.434295	0.401016	0.400261	0.397395	0.394632	0.39237	0.401379	0.393109	0.411027	0.394504	0.52575	0.53776	0.543953	0.526114	0.540981	0.541894	0.561803	0.558285	0.556535	0.556349	0.682275	0.600203	0.553393	0.54536	0.551354	0.531639	0.553879	0.573258	0.595111	0.581433	0.58677	0.594169	0.587745	0.596616	0.416318	0.449184	0.415704	0.423888	0.415304	0.442758	0.76964	0.589173	0.771223	0.598051	0.590626	0.771887	0.598909	0.604692	0.605579	0.608803	0.604788	0.601536	0.460124	0.497094	0.458491	0.480412	0.464748	0.479165	0.5927	0.559339	0.55834	0.561352	0.582974	0.574313
ERR612782	0.314066	0.316994	0.318641	0.318233	0.310361	0.324634	0.510468	0.514043	0.49351	0.505401	0.490425	0.499789	0.388677	0.356268	0.390777	0.384206	0.364113	0.363667	0.33908	0.34576	0.335697	0.339201	0.343088	0.33819	0.394695	0.394855	0.399739	0.401756	0.402598	0.400949	0	0.256036	0.268015	0.239757	0.240148	0.24333	0.352167	0.335138	0.317182	0.337033	0.309878	0.346008	0.487376	0.488792	0.485862	0.486336	0.4847	0.484135	0.565984	0.552979	0.552378	0.550558	0.639715	0.582884	0.496858	0.487163	0.495313	0.478012	0.497729	0.504806	0.571385	0.559944	0.562462	0.569619	0.561957	0.573306	0.337866	0.356017	0.338729	0.338899	0.339211	0.355529	0.834328	0.597049	0.834437	0.599624	0.593772	0.828601	0.598473	0.600202	0.598974	0.599921	0.596052	0.598368	0.381854	0.38288	0.387392	0.374097	0.3754	0.375142	0.58554	0.553369	0.554716	0.556609	0.572743	0.569539
ERR612777	0.30824	0.308634	0.309002	0.308732	0.30875	0.309815	0.508825	0.51474	0.484411	0.500171	0.474826	0.493464	0.392328	0.348326	0.398017	0.386364	0.353762	0.361362	0.329746	0.330693	0.326898	0.329267	0.352463	0.333075	0.389718	0.389289	0.385059	0.388483	0.386674	0.385183	0.256036	0	0.307451	0.254084	0.256724	0.245201	0.323619	0.313325	0.31001	0.314444	0.312013	0.320251	0.472079	0.481042	0.480784	0.471913	0.478497	0.478611	0.543468	0.53191	0.530304	0.529113	0.64162	0.573402	0.49864	0.487206	0.496757	0.473263	0.499822	0.513184	0.559586	0.544583	0.548615	0.558124	0.548907	0.561608	0.33844	0.374289	0.337588	0.344134	0.337964	0.370837	0.813107	0.576443	0.813814	0.582613	0.574359	0.810512	0.578896	0.58217	0.581048	0.583202	0.578138	0.57931	0.372712	0.398677	0.373396	0.376548	0.373315	0.375302	0.576942	0.538329	0.538674	0.541512	0.563885	0.557142
ERR612778	0.351894	0.356205	0.358535	0.357971	0.344464	0.368069	0.514239	0.514729	0.508938	0.513902	0.514147	0.51073	0.393583	0.380451	0.391681	0.392496	0.389106	0.379483	0.373875	0.38537	0.370198	0.374235	0.35342	0.368215	0.416264	0.416673	0.431916	0.432558	0.435877	0.434295	0.268015	0.307451	0	0.270527	0.268614	0.281538	0.402869	0.382293	0.355148	0.38473	0.339373	0.395447	0.511701	0.503702	0.497752	0.509549	0.498045	0.496936	0.591478	0.577966	0.57845	0.576149	0.632862	0.592462	0.50057	0.493803	0.49957	0.492967	0.501003	0.498403	0.583681	0.576542	0.577568	0.581683	0.576388	0.585387	0.359926	0.350369	0.362792	0.354598	0.363449	0.353607	0.85447	0.618425	0.853853	0.616861	0.613762	0.845343	0.61844	0.61823	0.617343	0.617091	0.614284	0.617651	0.414373	0.3845	0.423906	0.395534	0.400887	0.398931	0.59409	0.571638	0.574171	0.575026	0.582616	0.583638
ERR612781	0.312726	0.315429	0.317067	0.316397	0.309011	0.322896	0.509723	0.513226	0.492283	0.504272	0.488787	0.498805	0.389033	0.355044	0.391607	0.384722	0.363057	0.363281	0.339163	0.345264	0.33557	0.339111	0.344749	0.338631	0.395687	0.395806	0.399992	0.402147	0.402833	0.401016	0.239757	0.254084	0.270527	0	0.240698	0.242163	0.349049	0.332717	0.315638	0.334651	0.308566	0.343021	0.486002	0.487758	0.484607	0.485099	0.483443	0.482869	0.564623	0.551403	0.550757	0.548961	0.639164	0.582162	0.496788	0.486907	0.495528	0.477633	0.497736	0.505068	0.570075	0.558247	0.560947	0.568317	0.560524	0.572159	0.337484	0.356883	0.338331	0.338864	0.338991	0.356348	0.834024	0.595668	0.834134	0.598422	0.592295	0.828614	0.596854	0.598663	0.597396	0.598534	0.594281	0.596705	0.380431	0.382512	0.385298	0.372663	0.374298	0.373382	0.585596	0.552691	0.554009	0.556041	0.572667	0.569162
ERR612780	0.314519	0.317333	0.318894	0.318452	0.310788	0.324982	0.509281	0.512983	0.492687	0.504075	0.489511	0.498828	0.388584	0.355958	0.390615	0.38426	0.363861	0.36331	0.339081	0.345384	0.335381	0.33902	0.342896	0.337978	0.393936	0.393991	0.399092	0.400979	0.401939	0.400261	0.240148	0.256724	0.268614	0.240698	0	0.243849	0.352105	0.335258	0.31773	0.337315	0.309902	0.346121	0.48637	0.487539	0.484842	0.485406	0.483625	0.48297	0.564645	0.551508	0.550876	0.549175	0.637958	0.581304	0.495706	0.485871	0.494303	0.477132	0.496507	0.50334	0.570101	0.558506	0.561235	0.568251	0.56074	0.571976	0.337475	0.355726	0.338434	0.338618	0.338843	0.355309	0.832955	0.595636	0.833047	0.598246	0.592304	0.827175	0.597044	0.598772	0.597629	0.598635	0.594536	0.596961	0.381589	0.38263	0.386738	0.373959	0.375034	0.375053	0.584104	0.551738	0.553228	0.555047	0.571132	0.567921
ERR612779	0.308972	0.311686	0.312738	0.312426	0.306789	0.316963	0.509086	0.512921	0.488807	0.502619	0.48322	0.496526	0.392357	0.352925	0.395455	0.387466	0.361444	0.363228	0.336124	0.340839	0.332123	0.3358	0.348066	0.33713	0.39511	0.395122	0.396382	0.399164	0.398933	0.397395	0.24333	0.245201	0.281538	0.242163	0.243849	0	0.338361	0.324568	0.31123	0.326093	0.306714	0.33327	0.481808	0.48568	0.483022	0.481212	0.481603	0.48115	0.559484	0.545637	0.544692	0.54305	0.639896	0.580819	0.499278	0.488356	0.497678	0.477483	0.500327	0.508421	0.567246	0.553939	0.557076	0.56551	0.556692	0.569241	0.338442	0.363129	0.338562	0.341148	0.33932	0.362327	0.831871	0.590392	0.832206	0.594408	0.587122	0.827517	0.591443	0.593652	0.592282	0.593661	0.588827	0.591602	0.376003	0.385295	0.379353	0.370417	0.371829	0.370787	0.585929	0.549884	0.550986	0.553343	0.57235	0.567826
ERR637031	0.307188	0.306806	0.305323	0.305561	0.313878	0.300309	0.501401	0.509019	0.470668	0.490549	0.455871	0.482642	0.404743	0.350145	0.412045	0.397284	0.354252	0.36873	0.349311	0.345387	0.346856	0.348628	0.384049	0.355889	0.407988	0.406476	0.39546	0.398772	0.396301	0.394632	0.352167	0.323619	0.402869	0.349049	0.352105	0.338361	0	0.244169	0.259258	0.244102	0.276056	0.241102	0.454271	0.469528	0.471078	0.455376	0.467854	0.468645	0.517518	0.505987	0.503651	0.502874	0.635965	0.559335	0.498263	0.485557	0.496637	0.46796	0.499898	0.516543	0.542078	0.523481	0.529192	0.540878	0.529533	0.544336	0.325604	0.377687	0.322988	0.337547	0.323985	0.372983	0.784598	0.550369	0.785989	0.560154	0.548703	0.785547	0.553489	0.558868	0.55731	0.560579	0.553734	0.555253	0.366677	0.41365	0.362444	0.380833	0.373358	0.37761	0.568476	0.523771	0.522951	0.526613	0.554922	0.545233
ERR637027	0.29329	0.292617	0.291794	0.29176	0.297646	0.288974	0.496646	0.504444	0.468677	0.486706	0.455637	0.478963	0.393525	0.343641	0.400767	0.386126	0.347168	0.359822	0.343552	0.340503	0.341229	0.342792	0.372503	0.348479	0.401839	0.400477	0.392576	0.395276	0.393693	0.39237	0.335138	0.313325	0.382293	0.332717	0.335258	0.324568	0.244169	0	0.247853	0.238122	0.259157	0.24333	0.452207	0.465562	0.467425	0.452798	0.464309	0.465188	0.519773	0.509403	0.507505	0.506293	0.632899	0.557165	0.488439	0.476096	0.486605	0.459931	0.489781	0.506286	0.541935	0.524984	0.530332	0.540753	0.530724	0.544135	0.311558	0.360684	0.309615	0.321751	0.310459	0.355218	0.786299	0.553435	0.787395	0.561959	0.552041	0.78564	0.557606	0.562362	0.56117	0.563947	0.558093	0.558802	0.357964	0.400153	0.355994	0.371108	0.363075	0.368865	0.563371	0.522926	0.522368	0.525778	0.550683	0.542126
ERR637030	0.285902	0.287871	0.287895	0.287645	0.287053	0.290241	0.494502	0.499762	0.470896	0.486702	0.462992	0.479993	0.38557	0.339961	0.390356	0.379332	0.346824	0.353268	0.343118	0.345293	0.340444	0.342911	0.361922	0.345841	0.404024	0.403321	0.400937	0.403849	0.402891	0.401379	0.317182	0.31001	0.355148	0.315638	0.31773	0.31123	0.259258	0.247853	0	0.249385	0.242407	0.254859	0.460845	0.468134	0.466612	0.460662	0.464587	0.464527	0.535305	0.522365	0.521114	0.519574	0.628764	0.563046	0.48564	0.473816	0.484079	0.460877	0.486877	0.498047	0.547836	0.533262	0.537161	0.546606	0.537084	0.550099	0.303308	0.340603	0.302637	0.310119	0.303597	0.338167	0.807474	0.567223	0.807924	0.572757	0.564349	0.804126	0.570138	0.573417	0.571878	0.573823	0.568709	0.570763	0.357703	0.379903	0.358845	0.358356	0.356497	0.35769	0.570861	0.533244	0.533798	0.536376	0.557705	0.551965
ERR637029	0.29469	0.294017	0.293166	0.293147	0.299384	0.28993	0.49726	0.504802	0.468969	0.487009	0.455721	0.479446	0.394604	0.34447	0.402118	0.387229	0.347889	0.360892	0.344571	0.341304	0.342175	0.343899	0.374075	0.3497	0.403128	0.401784	0.393419	0.396226	0.394341	0.393109	0.337033	0.314444	0.38473	0.334651	0.337315	0.326093	0.244102	0.238122	0.249385	0	0.261632	0.243137	0.452472	0.466124	0.467911	0.453034	0.464861	0.465634	0.519346	0.509123	0.507072	0.506076	0.633399	0.557301	0.489271	0.47694	0.487357	0.460444	0.490617	0.507285	0.542016	0.524916	0.53017	0.540717	0.530612	0.544118	0.313388	0.362995	0.311241	0.323535	0.312167	0.357451	0.786323	0.553316	0.787415	0.561916	0.551793	0.785827	0.55733	0.561935	0.560787	0.563702	0.557808	0.558474	0.359272	0.401906	0.357084	0.372546	0.364605	0.370167	0.563992	0.523315	0.522659	0.525989	0.551334	0.542598
ERR637028	0.286145	0.289865	0.290479	0.290263	0.284578	0.295389	0.4942	0.497743	0.473488	0.488015	0.468654	0.481597	0.384757	0.343195	0.388122	0.379314	0.351923	0.353947	0.349181	0.353493	0.345571	0.348922	0.360815	0.350392	0.408919	0.408599	0.409906	0.412577	0.412479	0.411027	0.309878	0.312013	0.339373	0.308566	0.309902	0.306714	0.276056	0.259157	0.242407	0.261632	0	0.270307	0.467375	0.47079	0.467911	0.466979	0.466113	0.465603	0.546671	0.532431	0.531483	0.529594	0.626491	0.568217	0.485582	0.47411	0.484175	0.463455	0.486648	0.49384	0.553287	0.539914	0.542971	0.551626	0.542652	0.55554	0.303338	0.331115	0.303353	0.307355	0.304762	0.330489	0.822131	0.57758	0.822323	0.581465	0.573966	0.817389	0.579211	0.581698	0.580065	0.581466	0.5763	0.579522	0.358711	0.367351	0.362299	0.351624	0.353744	0.352127	0.577413	0.542102	0.543186	0.545562	0.56421	0.560029
ERR637032	0.302672	0.302491	0.300923	0.301266	0.308466	0.297179	0.500059	0.507576	0.470438	0.489681	0.456536	0.481995	0.400851	0.347648	0.407988	0.393508	0.351983	0.365432	0.347024	0.343936	0.344473	0.346416	0.379508	0.353081	0.406277	0.4049	0.394981	0.398427	0.396089	0.394504	0.346008	0.320251	0.395447	0.343021	0.346121	0.33327	0.241102	0.24333	0.254859	0.243137	0.270307	0	0.454745	0.468855	0.470063	0.455651	0.4669	0.46773	0.519539	0.508011	0.505872	0.504927	0.634862	0.559504	0.495734	0.483175	0.493942	0.466142	0.497223	0.513328	0.542621	0.524775	0.53019	0.541418	0.530518	0.544863	0.321277	0.371986	0.319005	0.332722	0.320011	0.367453	0.787283	0.552312	0.788451	0.561558	0.550576	0.787543	0.555637	0.560761	0.559313	0.562248	0.555882	0.557323	0.36427	0.408447	0.360958	0.376889	0.370026	0.374168	0.567993	0.524445	0.523837	0.527417	0.554632	0.545434
ERR629982	0.44674	0.444221	0.443593	0.444131	0.450053	0.439314	0.347174	0.362628	0.316639	0.332526	0.305619	0.3261	0.47053	0.449918	0.476704	0.465928	0.447348	0.455613	0.503108	0.500503	0.501631	0.502013	0.511422	0.503851	0.527425	0.525989	0.525589	0.524988	0.526452	0.52575	0.487376	0.472079	0.511701	0.486002	0.48637	0.481808	0.454271	0.452207	0.460845	0.452472	0.467375	0.454745	0	0.262458	0.275961	0.248047	0.270583	0.27295	0.333036	0.323711	0.322508	0.321886	0.490471	0.372333	0.33036	0.318673	0.328951	0.302919	0.332969	0.360386	0.352176	0.332837	0.339902	0.349913	0.340899	0.353853	0.422698	0.449901	0.421998	0.427327	0.422629	0.445288	0.652313	0.365031	0.651727	0.373695	0.364947	0.644569	0.357107	0.363353	0.363878	0.368134	0.362388	0.359413	0.41691	0.453875	0.416305	0.438487	0.42158	0.436964	0.390469	0.346438	0.346734	0.348904	0.37447	0.363352
ERR629983	0.453327	0.452151	0.451993	0.452464	0.455163	0.450085	0.319792	0.331156	0.305638	0.310762	0.311511	0.30881	0.459113	0.448825	0.462715	0.456042	0.447822	0.449747	0.512305	0.512741	0.510774	0.511787	0.511341	0.511322	0.533188	0.532089	0.536689	0.535723	0.538254	0.53776	0.488792	0.481042	0.503702	0.487758	0.487539	0.48568	0.469528	0.465562	0.468134	0.466124	0.47079	0.468855	0.262458	0	0.259375	0.260511	0.257188	0.258208	0.344399	0.330688	0.332331	0.330596	0.451558	0.349073	0.308299	0.300642	0.307723	0.298528	0.309836	0.3258	0.331276	0.32193	0.324349	0.329095	0.324394	0.332963	0.422213	0.434333	0.422323	0.42325	0.422851	0.432256	0.665271	0.364456	0.6632	0.363408	0.360841	0.650803	0.351223	0.352962	0.352659	0.354359	0.351387	0.351405	0.424588	0.441777	0.426704	0.436785	0.423605	0.436712	0.374986	0.347078	0.350493	0.349717	0.360256	0.357509
ERR629986	0.45273	0.452742	0.452468	0.453123	0.454239	0.451794	0.314655	0.322052	0.304835	0.308599	0.315863	0.307226	0.46043	0.448772	0.462608	0.457987	0.450598	0.449645	0.51499	0.516834	0.512728	0.514099	0.512055	0.513707	0.538156	0.537308	0.542958	0.542489	0.545051	0.543953	0.485862	0.480784	0.497752	0.484607	0.484842	0.483022	0.471078	0.467425	0.466612	0.467911	0.467911	0.470063	0.275961	0.259375	0	0.273017	0.255693	0.255685	0.360648	0.342121	0.344475	0.342049	0.442758	0.355526	0.313822	0.306194	0.313912	0.307613	0.315077	0.322806	0.334529	0.326706	0.326982	0.33221	0.326396	0.336278	0.424184	0.431208	0.424278	0.423932	0.425354	0.431001	0.688183	0.376237	0.686122	0.372731	0.370013	0.67319	0.359675	0.358892	0.357859	0.358108	0.354923	0.358639	0.425496	0.432222	0.42861	0.430267	0.422379	0.43027	0.390035	0.362147	0.366359	0.365427	0.373718	0.373911
