	ERR607785	ERR607781	ERR607783	ERR607784	ERR607786	ERR607782	ERR608153	ERR608149	ERR608151	ERR608154	ERR608152	ERR608150	ERR613347	ERR613351	ERR613350	ERR613352	ERR613349	ERR613348	ERR613454	ERR613449	ERR613451	ERR613450	ERR613453	ERR613452	ERR607987	ERR607986	ERR607988	ERR607984	ERR607983	ERR607985	ERR618694	ERR618693	ERR618695	ERR618696	ERR618698	ERR618697	ERR622146	ERR622144	ERR622143	ERR622148	ERR622147	ERR622145	ERR626797	ERR626795	ERR626799	ERR626798	ERR626796	ERR626800	ERR631724	ERR631719	ERR631721	ERR631722	ERR631723	ERR631720	ERR630443	ERR630444	ERR630442	ERR630445	ERR630440	ERR630441	ERR616444	ERR616447	ERR616449	ERR616445	ERR616448	ERR616446	ERR618579	ERR618583	ERR618582	ERR618581	ERR618580	ERR618584	ERR626775	ERR626772	ERR626774	ERR626773	ERR626771	ERR626776	ERR629975	ERR629973	ERR629972	ERR629971	ERR629974	ERR629970	ERR616181	ERR616184	ERR616182	ERR616179	ERR616180	ERR616183	ERR616860	ERR616859	ERR616864	ERR616863	ERR616862	ERR616861
ERR607785	0	0.238406	0.239188	0.258555	0.238008	0.251704	0.308627	0.360659	0.307261	0.316637	0.310565	0.316657	0.505101	0.521995	0.527029	0.539683	0.503414	0.510823	0.308739	0.30601	0.305869	0.305322	0.308571	0.307709	0.357195	0.361039	0.360396	0.319403	0.319366	0.318616	0.412747	0.408632	0.414956	0.414446	0.412132	0.412162	0.335775	0.302256	0.350179	0.344433	0.339768	0.297865	0.36475	0.360289	0.359902	0.360588	0.364438	0.360153	0.413004	0.413262	0.422017	0.415779	0.416714	0.412078	0.46474	0.464535	0.46326	0.462093	0.460416	0.464623	0.514964	0.488615	0.488771	0.589456	0.488618	0.512773	0.51714	0.539301	0.529541	0.521328	0.520233	0.538432	0.53564	0.537015	0.536081	0.538061	0.533094	0.533649	0.443183	0.444028	0.448615	0.44827	0.44332	0.449807	0.538773	0.508392	0.508897	0.523305	0.521395	0.506347	0.40848	0.409504	0.418471	0.419117	0.420474	0.408805
ERR607781	0.238406	0	0.236171	0.264989	0.239582	0.256498	0.30462	0.365165	0.303957	0.316231	0.306739	0.315617	0.49772	0.514931	0.519977	0.536933	0.497332	0.505388	0.309323	0.305866	0.305568	0.305029	0.308909	0.308162	0.359875	0.363471	0.36324	0.318265	0.320327	0.319151	0.410639	0.404821	0.412263	0.410547	0.407569	0.408255	0.337622	0.303391	0.356501	0.346404	0.341679	0.296815	0.362625	0.357103	0.356637	0.357118	0.362885	0.355929	0.412112	0.411585	0.418927	0.414124	0.415131	0.410517	0.461853	0.461889	0.460249	0.459645	0.457572	0.463477	0.51242	0.486812	0.486765	0.588085	0.486331	0.509801	0.512763	0.534477	0.524664	0.517522	0.516803	0.533642	0.531399	0.533525	0.531741	0.534292	0.528874	0.529031	0.442074	0.44276	0.443828	0.445473	0.442311	0.444853	0.532802	0.502735	0.503426	0.518044	0.515495	0.500981	0.408782	0.411068	0.42214	0.422862	0.424249	0.408722
ERR607783	0.239188	0.236171	0	0.265761	0.240253	0.257558	0.305449	0.366049	0.305034	0.316942	0.307349	0.31654	0.497928	0.515264	0.520318	0.537148	0.497713	0.505799	0.310418	0.307104	0.306631	0.306133	0.309897	0.309072	0.360319	0.363855	0.363683	0.318498	0.320566	0.319289	0.411414	0.40555	0.412748	0.411104	0.408323	0.408969	0.338314	0.304049	0.357206	0.346859	0.342168	0.297352	0.36336	0.357934	0.357227	0.357902	0.36372	0.356602	0.412986	0.412472	0.419539	0.415033	0.415996	0.411469	0.462394	0.462535	0.46106	0.460165	0.458341	0.464261	0.513014	0.487424	0.487433	0.588679	0.486907	0.510441	0.513249	0.535027	0.525032	0.517973	0.517458	0.534128	0.532169	0.534323	0.532472	0.535118	0.529619	0.529715	0.442983	0.443505	0.444534	0.446308	0.443109	0.445553	0.533241	0.503241	0.503832	0.518575	0.516074	0.501625	0.410031	0.412283	0.423529	0.424276	0.425624	0.409846
ERR607784	0.258555	0.264989	0.265761	0	0.262335	0.23323	0.334887	0.348146	0.330531	0.329603	0.335287	0.328103	0.561121	0.569626	0.573343	0.571834	0.555414	0.556943	0.319355	0.335752	0.334781	0.334219	0.319962	0.320436	0.339694	0.343247	0.341857	0.338606	0.330089	0.337322	0.45358	0.455129	0.456944	0.45976	0.460073	0.458055	0.339423	0.319286	0.341767	0.34573	0.34274	0.323684	0.399862	0.400854	0.401685	0.40199	0.399204	0.404941	0.425461	0.426633	0.443728	0.432438	0.434458	0.417976	0.50098	0.499885	0.498431	0.499025	0.49634	0.495255	0.541006	0.522876	0.523684	0.601537	0.523642	0.539949	0.556244	0.573968	0.566587	0.557752	0.555746	0.572752	0.573272	0.571857	0.572976	0.573791	0.570761	0.572338	0.466289	0.467757	0.481457	0.473562	0.465596	0.483935	0.560952	0.539582	0.539073	0.546469	0.548381	0.536593	0.407582	0.406825	0.407013	0.407485	0.408333	0.416313
ERR607786	0.238008	0.239582	0.240253	0.262335	0	0.255246	0.308371	0.363098	0.307539	0.317533	0.310522	0.317501	0.502888	0.520238	0.525223	0.538923	0.501678	0.509241	0.31028	0.306564	0.306282	0.305922	0.309897	0.308971	0.359491	0.363231	0.362779	0.320047	0.320526	0.319453	0.412255	0.40763	0.414179	0.413144	0.410706	0.410959	0.337221	0.303493	0.352905	0.345855	0.341272	0.298494	0.364608	0.359815	0.3591	0.360066	0.364576	0.359278	0.414358	0.41423	0.422505	0.416748	0.417631	0.413517	0.464648	0.464512	0.463497	0.462099	0.460635	0.465052	0.515206	0.488798	0.488788	0.590246	0.488488	0.513016	0.516596	0.538734	0.528743	0.521034	0.520068	0.537804	0.535096	0.536783	0.535461	0.537673	0.532513	0.532886	0.443689	0.44451	0.448327	0.448588	0.443869	0.449453	0.538388	0.507548	0.508063	0.523082	0.520905	0.505647	0.410559	0.411791	0.421492	0.421903	0.423357	0.410585
ERR607782	0.251704	0.256498	0.257558	0.23323	0.255246	0	0.329215	0.347468	0.324998	0.32578	0.329901	0.324227	0.550271	0.560638	0.564608	0.56434	0.544798	0.54736	0.3143	0.326737	0.325909	0.325467	0.31494	0.314958	0.342229	0.346091	0.344577	0.333537	0.326219	0.331861	0.443354	0.444341	0.446554	0.449265	0.449315	0.447462	0.336608	0.313115	0.33893	0.343324	0.340013	0.316454	0.390544	0.390896	0.391707	0.392132	0.389693	0.394721	0.420073	0.421069	0.436927	0.426372	0.428166	0.413972	0.492003	0.490928	0.489357	0.489774	0.486922	0.486206	0.533732	0.513659	0.514539	0.597331	0.514566	0.532582	0.546948	0.565894	0.558052	0.548742	0.546699	0.56481	0.56391	0.562718	0.563869	0.564484	0.561405	0.562973	0.458764	0.460266	0.473223	0.466265	0.45824	0.475582	0.557434	0.533889	0.533467	0.542439	0.543645	0.530951	0.404163	0.403369	0.404981	0.405408	0.406262	0.411322
ERR608153	0.308627	0.30462	0.305449	0.334887	0.308371	0.329215	0	0.317431	0.245468	0.255199	0.2438	0.255992	0.439726	0.453625	0.458477	0.480099	0.438668	0.446587	0.305068	0.313607	0.313494	0.312952	0.30407	0.30485	0.358895	0.360317	0.360795	0.3317	0.335585	0.334879	0.352437	0.345886	0.352861	0.3488	0.345934	0.347649	0.329173	0.307017	0.358888	0.336723	0.332149	0.301451	0.335943	0.330804	0.330078	0.330323	0.337452	0.328984	0.414695	0.413383	0.418568	0.416118	0.417167	0.411645	0.4273	0.427334	0.427342	0.426767	0.425557	0.430735	0.469675	0.452224	0.452101	0.544183	0.451362	0.466965	0.471622	0.487093	0.478938	0.475259	0.475	0.486661	0.488884	0.491758	0.488664	0.492177	0.48714	0.486421	0.420484	0.420384	0.422333	0.419362	0.420476	0.423913	0.483248	0.462634	0.462302	0.470939	0.470004	0.46067	0.413915	0.419065	0.428028	0.428752	0.429227	0.414756
ERR608149	0.360659	0.365165	0.366049	0.348146	0.363098	0.347468	0.317431	0	0.309687	0.286904	0.313641	0.286015	0.487197	0.480884	0.482617	0.461136	0.472237	0.464697	0.339272	0.375167	0.374504	0.374177	0.340275	0.343382	0.352276	0.351618	0.35018	0.389416	0.381224	0.38872	0.367172	0.377913	0.370472	0.378732	0.383829	0.378765	0.313264	0.332767	0.311433	0.312488	0.312434	0.348396	0.359681	0.369827	0.372304	0.371592	0.359099	0.380098	0.46085	0.462275	0.47739	0.467201	0.469031	0.454072	0.461717	0.458811	0.459461	0.462715	0.460815	0.448299	0.479561	0.485955	0.487237	0.515562	0.488127	0.480715	0.507984	0.511555	0.510772	0.503348	0.499701	0.510726	0.509222	0.504004	0.508012	0.506436	0.507825	0.510508	0.456331	0.458198	0.483486	0.461403	0.454792	0.486874	0.514051	0.520325	0.51716	0.504319	0.514357	0.515336	0.442663	0.44278	0.434271	0.434209	0.432931	0.452831
ERR608151	0.307261	0.303957	0.305034	0.330531	0.307539	0.324998	0.245468	0.309687	0	0.253723	0.245452	0.251985	0.443012	0.455444	0.460033	0.478435	0.440497	0.447417	0.301733	0.313477	0.313124	0.312756	0.301191	0.302284	0.354891	0.356061	0.356212	0.33218	0.335164	0.33528	0.350854	0.345466	0.351793	0.348735	0.34675	0.34775	0.32465	0.304459	0.352598	0.332013	0.327571	0.300747	0.33461	0.330327	0.329909	0.330203	0.335572	0.330085	0.414945	0.413888	0.420375	0.416859	0.41794	0.411502	0.428068	0.427836	0.42736	0.427328	0.42597	0.429931	0.469206	0.452928	0.452878	0.541613	0.452462	0.466589	0.472893	0.487934	0.48039	0.476205	0.475511	0.487522	0.489091	0.491145	0.488935	0.491856	0.487154	0.486901	0.42048	0.420538	0.424622	0.419913	0.420292	0.426312	0.484627	0.465839	0.465198	0.472096	0.471856	0.463452	0.411837	0.416674	0.424552	0.4253	0.425523	0.413813
ERR608154	0.316637	0.316231	0.316942	0.329603	0.317533	0.32578	0.255199	0.286904	0.253723	0	0.253738	0.249477	0.448016	0.453433	0.45715	0.464698	0.441121	0.44315	0.304702	0.326059	0.325597	0.325306	0.304669	0.306431	0.345275	0.34579	0.345724	0.343263	0.342326	0.344994	0.345833	0.345533	0.347346	0.347635	0.347966	0.346859	0.311685	0.303857	0.335066	0.317104	0.313533	0.306865	0.332111	0.332888	0.333102	0.333077	0.333071	0.335672	0.424506	0.424145	0.433543	0.427812	0.42916	0.419847	0.431008	0.43	0.430459	0.431092	0.429697	0.428478	0.465587	0.456314	0.456722	0.528546	0.456508	0.463959	0.47731	0.488138	0.482665	0.477819	0.476375	0.487552	0.488789	0.488859	0.488109	0.489917	0.487169	0.487572	0.42504	0.425665	0.437148	0.425758	0.42437	0.439555	0.485544	0.475539	0.473771	0.473801	0.477133	0.472104	0.41698	0.420457	0.422945	0.423555	0.42354	0.421315
ERR608152	0.310565	0.306739	0.307349	0.335287	0.310522	0.329901	0.2438	0.313641	0.245452	0.253738	0	0.254232	0.439126	0.451522	0.456227	0.476703	0.437476	0.444648	0.305479	0.31687	0.316683	0.316244	0.304808	0.305915	0.35697	0.357965	0.358492	0.33349	0.336943	0.337074	0.351226	0.344993	0.351413	0.347722	0.345179	0.346383	0.326501	0.306762	0.356696	0.333817	0.329446	0.302196	0.334798	0.33078	0.329921	0.329893	0.336617	0.329254	0.416594	0.415308	0.420978	0.418378	0.419252	0.413094	0.427615	0.427487	0.42764	0.427154	0.426204	0.43062	0.468449	0.453168	0.452935	0.54139	0.452168	0.466157	0.471911	0.48624	0.478679	0.475126	0.474894	0.48582	0.487951	0.490597	0.48778	0.491046	0.486365	0.485585	0.421727	0.4218	0.424509	0.420473	0.421598	0.426185	0.481779	0.463332	0.46285	0.4698	0.469488	0.461072	0.415275	0.420691	0.429089	0.429778	0.430043	0.416734
ERR608150	0.316657	0.315617	0.31654	0.328103	0.317501	0.324227	0.255992	0.286015	0.251985	0.249477	0.254232	0	0.450886	0.455898	0.459533	0.466807	0.443808	0.446047	0.304076	0.326658	0.326276	0.325708	0.30409	0.305991	0.34411	0.344167	0.344402	0.342478	0.341482	0.344704	0.34833	0.347691	0.349548	0.349951	0.350153	0.349372	0.311622	0.30352	0.335306	0.316993	0.31328	0.306213	0.333047	0.333777	0.334332	0.334177	0.334272	0.337046	0.423545	0.423286	0.432919	0.427272	0.428578	0.418339	0.432236	0.431408	0.431237	0.432395	0.430856	0.42977	0.465924	0.457529	0.458023	0.528751	0.457629	0.464513	0.478282	0.489172	0.483721	0.478791	0.477226	0.488681	0.48966	0.489701	0.489108	0.490853	0.488228	0.488424	0.425224	0.425549	0.436991	0.425635	0.424338	0.439506	0.484975	0.475881	0.474152	0.473631	0.476962	0.472462	0.415299	0.419288	0.422064	0.422615	0.422417	0.420256
ERR613347	0.505101	0.49772	0.497928	0.561121	0.502888	0.550271	0.439726	0.487197	0.443012	0.448016	0.439126	0.450886	0	0.283127	0.288143	0.342036	0.269423	0.284443	0.461794	0.455688	0.455747	0.455925	0.459836	0.460157	0.541011	0.540067	0.541372	0.505526	0.517696	0.509446	0.378613	0.369776	0.374287	0.366954	0.362972	0.367215	0.466411	0.46848	0.504624	0.469432	0.467651	0.461513	0.408098	0.405938	0.403156	0.403008	0.411527	0.400454	0.53997	0.537186	0.526715	0.534382	0.533276	0.546515	0.44104	0.441824	0.445231	0.444305	0.446629	0.452034	0.471247	0.473802	0.472723	0.530961	0.47189	0.468956	0.452139	0.452052	0.449628	0.453338	0.455598	0.452517	0.449001	0.456052	0.449537	0.453352	0.45043	0.445778	0.493143	0.492745	0.481353	0.482994	0.494172	0.480794	0.500679	0.501546	0.499905	0.497784	0.497957	0.500569	0.554551	0.562767	0.579077	0.579922	0.580257	0.544569
ERR613351	0.521995	0.514931	0.515264	0.569626	0.520238	0.560638	0.453625	0.480884	0.455444	0.453433	0.451522	0.455898	0.283127	0	0.269594	0.308042	0.276114	0.275665	0.475579	0.481608	0.481199	0.481289	0.474268	0.475432	0.541686	0.539768	0.541036	0.523322	0.533306	0.527653	0.380071	0.376715	0.375714	0.37077	0.369985	0.371737	0.46524	0.480946	0.505857	0.466101	0.465631	0.477993	0.41553	0.418268	0.416206	0.414927	0.419455	0.416186	0.558565	0.555775	0.548537	0.55437	0.553804	0.561615	0.454529	0.454536	0.459274	0.460277	0.462818	0.462407	0.470529	0.488895	0.488473	0.509602	0.487567	0.469292	0.463704	0.451481	0.454773	0.460663	0.462031	0.452152	0.450137	0.455137	0.449788	0.452544	0.452886	0.448121	0.510531	0.510234	0.504349	0.498769	0.510856	0.504778	0.497274	0.515762	0.512243	0.498171	0.502924	0.513679	0.567834	0.576518	0.589545	0.590265	0.590277	0.561063
ERR613350	0.527029	0.519977	0.520318	0.573343	0.525223	0.564608	0.458477	0.482617	0.460033	0.45715	0.456227	0.459533	0.288143	0.269594	0	0.304435	0.279531	0.277204	0.480431	0.488007	0.48756	0.487633	0.478956	0.480468	0.544441	0.542398	0.54361	0.528534	0.538088	0.532713	0.382963	0.380516	0.378654	0.374077	0.373801	0.37534	0.467853	0.485152	0.508458	0.468516	0.468087	0.483	0.419128	0.422301	0.42049	0.419358	0.423052	0.420918	0.56349	0.560717	0.553954	0.559599	0.559041	0.566117	0.45882	0.458853	0.463652	0.464941	0.46742	0.466244	0.472971	0.493551	0.492959	0.508348	0.492209	0.471982	0.467726	0.4538	0.457826	0.464077	0.465603	0.454454	0.452634	0.457212	0.4524	0.454571	0.455629	0.450574	0.515195	0.51492	0.509873	0.503351	0.515509	0.510164	0.499612	0.520419	0.516776	0.500918	0.506354	0.518189	0.572163	0.580896	0.593447	0.594249	0.594214	0.565925
ERR613352	0.539683	0.536933	0.537148	0.571834	0.538923	0.56434	0.480099	0.461136	0.478435	0.464698	0.476703	0.466807	0.342036	0.308042	0.304435	0	0.320508	0.301342	0.489444	0.507316	0.506775	0.506738	0.488759	0.490957	0.539482	0.537014	0.537645	0.545167	0.549029	0.547079	0.389667	0.397656	0.387116	0.390678	0.39514	0.392389	0.460403	0.490807	0.487142	0.457861	0.459091	0.496786	0.42885	0.43965	0.439837	0.438419	0.431566	0.444759	0.578724	0.577741	0.576866	0.577838	0.577734	0.579893	0.478734	0.477124	0.482045	0.485129	0.487127	0.475227	0.478072	0.5106	0.510928	0.485746	0.511385	0.479613	0.490702	0.470727	0.479524	0.481418	0.4808	0.47105	0.466382	0.46483	0.46566	0.463495	0.469621	0.467167	0.529521	0.530278	0.539522	0.522773	0.528742	0.54109	0.522087	0.554005	0.54921	0.523712	0.535335	0.549862	0.579101	0.584863	0.590392	0.590849	0.590071	0.577544
ERR613349	0.503414	0.497332	0.497713	0.555414	0.501678	0.544798	0.438668	0.472237	0.440497	0.441121	0.437476	0.443808	0.269423	0.276114	0.279531	0.320508	0	0.27381	0.457244	0.456063	0.456139	0.456212	0.455691	0.456409	0.532922	0.531653	0.532725	0.505974	0.516102	0.508969	0.368091	0.36318	0.364864	0.359667	0.35823	0.360243	0.456059	0.463761	0.492093	0.457956	0.456715	0.459896	0.401261	0.401705	0.399677	0.399196	0.404314	0.399345	0.539765	0.53739	0.529556	0.535133	0.534265	0.545406	0.438541	0.438789	0.442394	0.442338	0.444671	0.445782	0.462827	0.471058	0.470163	0.514913	0.469997	0.46119	0.450507	0.446529	0.446257	0.449249	0.450419	0.447192	0.442622	0.44756	0.442985	0.445241	0.444088	0.440421	0.490573	0.490401	0.485002	0.481229	0.491158	0.484877	0.497492	0.505017	0.502506	0.494794	0.49775	0.503078	0.550839	0.558112	0.571964	0.572612	0.572672	0.542263
ERR613348	0.510823	0.505388	0.505799	0.556943	0.509241	0.54736	0.446587	0.464697	0.447417	0.44315	0.444648	0.446047	0.284443	0.275665	0.277204	0.301342	0.27381	0	0.462317	0.467675	0.467488	0.467625	0.461007	0.462064	0.531274	0.529695	0.530603	0.513934	0.522404	0.516984	0.367315	0.366478	0.364187	0.362172	0.36265	0.363051	0.452105	0.46746	0.486682	0.452689	0.452222	0.466666	0.403838	0.407454	0.406807	0.405912	0.406712	0.408628	0.548609	0.546586	0.541103	0.545063	0.544503	0.55274	0.446083	0.445247	0.449204	0.450637	0.452631	0.449519	0.462388	0.479625	0.479086	0.501572	0.479023	0.461625	0.458039	0.44846	0.451496	0.454131	0.454525	0.449062	0.444412	0.44713	0.444519	0.445512	0.446293	0.443436	0.499157	0.499118	0.49863	0.490498	0.49936	0.499204	0.500306	0.516973	0.513682	0.499188	0.505248	0.51427	0.556132	0.563027	0.574811	0.575289	0.57526	0.549772
ERR613454	0.308739	0.309323	0.310418	0.319355	0.31028	0.3143	0.305068	0.339272	0.301733	0.304702	0.305479	0.304076	0.461794	0.475579	0.480431	0.489444	0.457244	0.462317	0	0.261869	0.260898	0.26085	0.246356	0.246334	0.359639	0.362557	0.361818	0.344826	0.343004	0.344826	0.385526	0.383733	0.38795	0.38852	0.387928	0.387366	0.33539	0.314715	0.350874	0.342264	0.338579	0.315391	0.352246	0.350543	0.35092	0.351422	0.35208	0.35325	0.3974	0.39783	0.409004	0.401284	0.402522	0.393782	0.427619	0.426666	0.425201	0.42601	0.423393	0.423332	0.468327	0.45097	0.451441	0.53789	0.451752	0.46679	0.477418	0.494637	0.487243	0.47941	0.477371	0.494011	0.4914	0.490802	0.490992	0.492429	0.488967	0.490549	0.405785	0.406654	0.41914	0.40988	0.405391	0.42131	0.496239	0.47586	0.475254	0.481746	0.483417	0.473077	0.385833	0.387703	0.391906	0.392458	0.392606	0.390012
ERR613449	0.30601	0.305866	0.307104	0.335752	0.306564	0.326737	0.313607	0.375167	0.313477	0.326059	0.31687	0.326658	0.455688	0.481608	0.488007	0.507316	0.456063	0.467675	0.261869	0	0.243148	0.243361	0.26116	0.258502	0.388604	0.392342	0.391821	0.341639	0.344221	0.340438	0.391686	0.385232	0.394053	0.391787	0.388974	0.389795	0.361673	0.325763	0.376358	0.36996	0.365665	0.31979	0.360404	0.353479	0.352815	0.35401	0.359673	0.352244	0.39268	0.392749	0.39866	0.393732	0.393862	0.395132	0.424461	0.424293	0.422301	0.42099	0.418854	0.424122	0.477206	0.446623	0.446616	0.560222	0.446948	0.474817	0.4737	0.49909	0.488187	0.478817	0.477544	0.498349	0.493411	0.494784	0.493699	0.496024	0.490172	0.491534	0.406038	0.406816	0.411161	0.411355	0.406576	0.41207	0.511374	0.476493	0.477663	0.494628	0.491866	0.474983	0.391505	0.392426	0.403845	0.404523	0.405611	0.388486
ERR613451	0.305869	0.305568	0.306631	0.334781	0.306282	0.325909	0.313494	0.374504	0.313124	0.325597	0.316683	0.326276	0.455747	0.481199	0.48756	0.506775	0.456139	0.467488	0.260898	0.243148	0	0.243265	0.260185	0.257858	0.387854	0.391588	0.390989	0.341776	0.344329	0.340789	0.392007	0.385627	0.394215	0.39215	0.389309	0.39018	0.361153	0.325708	0.375882	0.369472	0.365095	0.319716	0.360506	0.353759	0.353161	0.354486	0.359948	0.35268	0.392804	0.392786	0.398913	0.393748	0.394174	0.3949	0.424556	0.424665	0.422607	0.421226	0.419285	0.424289	0.477271	0.447051	0.447118	0.559943	0.447367	0.475033	0.474028	0.499133	0.488367	0.479192	0.477758	0.498396	0.493516	0.494867	0.493819	0.496107	0.490338	0.491554	0.406176	0.406974	0.411431	0.411427	0.406529	0.41234	0.510943	0.476552	0.477591	0.494234	0.49171	0.474853	0.391256	0.392274	0.403392	0.403913	0.405141	0.388523
ERR613450	0.305322	0.305029	0.306133	0.334219	0.305922	0.325467	0.312952	0.374177	0.312756	0.325306	0.316244	0.325708	0.455925	0.481289	0.487633	0.506738	0.456212	0.467625	0.26085	0.243361	0.243265	0	0.26025	0.257943	0.387397	0.391067	0.390471	0.341037	0.34372	0.339877	0.391927	0.385609	0.394117	0.392156	0.389121	0.390009	0.360898	0.325345	0.375567	0.369463	0.365056	0.319489	0.360288	0.353513	0.35297	0.353898	0.359493	0.352212	0.39267	0.392777	0.398903	0.393883	0.394139	0.394811	0.425242	0.425009	0.422956	0.421742	0.419718	0.424683	0.477279	0.447126	0.447103	0.55983	0.447596	0.474951	0.474125	0.499318	0.488315	0.479239	0.477965	0.49846	0.493451	0.4949	0.493745	0.49623	0.490361	0.491575	0.406322	0.407076	0.411458	0.411667	0.406752	0.412357	0.511116	0.476819	0.477785	0.494528	0.491838	0.475138	0.391474	0.392451	0.403808	0.404418	0.405442	0.388559
ERR613453	0.308571	0.308909	0.309897	0.319962	0.309897	0.31494	0.30407	0.340275	0.301191	0.304669	0.304808	0.30409	0.459836	0.474268	0.478956	0.488759	0.455691	0.461007	0.246356	0.26116	0.260185	0.26025	0	0.246099	0.35987	0.362613	0.361854	0.344136	0.342391	0.344045	0.384802	0.382917	0.387083	0.387367	0.386688	0.386268	0.335045	0.313853	0.351134	0.341841	0.337968	0.31394	0.351121	0.34926	0.34958	0.350088	0.351175	0.351741	0.397385	0.397763	0.408602	0.401134	0.402375	0.394088	0.427293	0.42636	0.425014	0.425721	0.423224	0.423599	0.467999	0.450413	0.450792	0.538156	0.451239	0.466377	0.476529	0.494023	0.486401	0.478756	0.476737	0.493241	0.490783	0.490376	0.490332	0.491925	0.488344	0.489871	0.405865	0.406771	0.418655	0.409865	0.405452	0.420935	0.495814	0.475245	0.474541	0.481342	0.482725	0.472606	0.38639	0.388531	0.393106	0.393695	0.394106	0.390335
ERR613452	0.307709	0.308162	0.309072	0.320436	0.308971	0.314958	0.30485	0.343382	0.302284	0.306431	0.305915	0.305991	0.460157	0.475432	0.480468	0.490957	0.456409	0.462064	0.246334	0.258502	0.257858	0.257943	0.246099	0	0.362278	0.364932	0.364349	0.343363	0.342019	0.343301	0.385452	0.383403	0.387874	0.387971	0.38703	0.38672	0.337417	0.31502	0.353196	0.344364	0.340626	0.314324	0.352243	0.349759	0.349818	0.350369	0.351566	0.351955	0.396649	0.396942	0.407365	0.400165	0.401204	0.393758	0.426995	0.426139	0.424733	0.425297	0.422797	0.423463	0.469279	0.450483	0.450861	0.540646	0.451074	0.467582	0.476804	0.494959	0.486986	0.479194	0.477154	0.494153	0.491457	0.491251	0.491129	0.492743	0.488965	0.490399	0.405356	0.406336	0.417709	0.409489	0.405124	0.419585	0.497587	0.475781	0.475284	0.483083	0.484083	0.473074	0.38658	0.388596	0.393879	0.394499	0.394695	0.389901
ERR607987	0.357195	0.359875	0.360319	0.339694	0.359491	0.342229	0.358895	0.352276	0.354891	0.345275	0.35697	0.34411	0.541011	0.541686	0.544441	0.539482	0.532922	0.531274	0.359639	0.388604	0.387854	0.387397	0.35987	0.362278	0	0.240039	0.239754	0.284576	0.273049	0.285015	0.4435	0.446874	0.445784	0.44863	0.449922	0.448131	0.350406	0.351318	0.360413	0.353552	0.351771	0.358908	0.400685	0.404843	0.405176	0.40511	0.400769	0.409641	0.475575	0.476188	0.490048	0.481583	0.483344	0.467545	0.507838	0.506368	0.506477	0.507759	0.505764	0.502208	0.536044	0.529203	0.530224	0.584836	0.530052	0.535418	0.557025	0.566735	0.562374	0.556676	0.554711	0.565918	0.569059	0.567481	0.568263	0.569072	0.567748	0.568622	0.491116	0.492256	0.507707	0.494601	0.49039	0.510535	0.551584	0.5448	0.542821	0.541165	0.545694	0.541228	0.46036	0.462115	0.45808	0.458515	0.45833	0.470037
ERR607986	0.361039	0.363471	0.363855	0.343247	0.363231	0.346091	0.360317	0.351618	0.356061	0.34579	0.357965	0.344167	0.540067	0.539768	0.542398	0.537014	0.531653	0.529695	0.362557	0.392342	0.391588	0.391067	0.362613	0.364932	0.240039	0	0.239776	0.288609	0.277358	0.289332	0.442853	0.446574	0.445122	0.44787	0.44965	0.447654	0.349603	0.352519	0.360562	0.35268	0.35075	0.360764	0.400714	0.405132	0.405703	0.405555	0.400941	0.410064	0.478429	0.478992	0.49279	0.484297	0.48613	0.470185	0.50846	0.506795	0.507039	0.508453	0.506474	0.502624	0.535337	0.529941	0.530777	0.582862	0.53053	0.534623	0.556978	0.565709	0.561589	0.5565	0.554336	0.564961	0.568505	0.566891	0.567546	0.568471	0.567169	0.567919	0.492501	0.493692	0.509165	0.495555	0.491834	0.51187	0.549681	0.544846	0.542722	0.539732	0.544778	0.541057	0.46298	0.465101	0.461052	0.461556	0.461275	0.472915
ERR607988	0.360396	0.36324	0.363683	0.341857	0.362779	0.344577	0.360795	0.35018	0.356212	0.345724	0.358492	0.344402	0.541372	0.541036	0.54361	0.537645	0.532725	0.530603	0.361818	0.391821	0.390989	0.390471	0.361854	0.364349	0.239754	0.239776	0	0.289332	0.277642	0.290055	0.443025	0.447068	0.445578	0.448651	0.450363	0.448252	0.349891	0.352884	0.359154	0.352796	0.35096	0.360929	0.400995	0.405538	0.406196	0.406082	0.401099	0.410847	0.477347	0.478054	0.492272	0.483409	0.485448	0.46908	0.508505	0.507051	0.506911	0.508386	0.506285	0.502151	0.534926	0.529558	0.53042	0.58204	0.530418	0.534228	0.557077	0.56574	0.561959	0.556365	0.554332	0.565033	0.568546	0.566587	0.567617	0.5683	0.567285	0.568101	0.491966	0.492898	0.509045	0.495122	0.490983	0.511988	0.550066	0.545054	0.542881	0.539883	0.544995	0.541337	0.461559	0.463388	0.458741	0.459105	0.458874	0.471671
ERR607984	0.319403	0.318265	0.318498	0.338606	0.320047	0.333537	0.3317	0.389416	0.33218	0.343263	0.33349	0.342478	0.505526	0.523322	0.528534	0.545167	0.505974	0.513934	0.344826	0.341639	0.341776	0.341037	0.344136	0.343363	0.284576	0.288609	0.289332	0	0.23394	0.23316	0.427023	0.421334	0.428327	0.42599	0.423031	0.424185	0.367938	0.337868	0.385913	0.375899	0.371867	0.331523	0.383714	0.378796	0.377341	0.378339	0.384495	0.37649	0.443928	0.443497	0.449062	0.44579	0.446627	0.442703	0.482576	0.482482	0.481656	0.480179	0.479025	0.484501	0.527795	0.504035	0.504028	0.601404	0.503431	0.525529	0.530244	0.550603	0.541004	0.534702	0.534537	0.549814	0.551074	0.553365	0.551337	0.553947	0.548986	0.548618	0.468784	0.469448	0.470209	0.471832	0.469119	0.471422	0.547242	0.518663	0.519442	0.533837	0.531251	0.517357	0.44474	0.447294	0.457162	0.457925	0.459082	0.444707
ERR607983	0.319366	0.320327	0.320566	0.330089	0.320526	0.326219	0.335585	0.381224	0.335164	0.342326	0.336943	0.341482	0.517696	0.533306	0.538088	0.549029	0.516102	0.522404	0.343004	0.344221	0.344329	0.34372	0.342391	0.342019	0.273049	0.277358	0.277642	0.23394	0	0.233645	0.431665	0.428107	0.433274	0.432566	0.430643	0.430935	0.363805	0.336266	0.377112	0.371512	0.367577	0.333134	0.387409	0.384233	0.383465	0.384247	0.387553	0.383801	0.445366	0.445609	0.453889	0.448473	0.449468	0.443338	0.488179	0.487785	0.487008	0.485907	0.484414	0.487727	0.531359	0.509085	0.509261	0.601322	0.508956	0.529633	0.537635	0.557317	0.548412	0.54098	0.540388	0.556416	0.557514	0.558625	0.557423	0.559493	0.555215	0.555417	0.471095	0.472034	0.47717	0.475625	0.471185	0.478589	0.553763	0.527252	0.52755	0.540052	0.53892	0.525367	0.442256	0.44387	0.45096	0.451559	0.452458	0.444226
ERR607985	0.318616	0.319151	0.319289	0.337322	0.319453	0.331861	0.334879	0.38872	0.33528	0.344994	0.337074	0.344704	0.509446	0.527653	0.532713	0.547079	0.508969	0.516984	0.344826	0.340438	0.340789	0.339877	0.344045	0.343301	0.285015	0.289332	0.290055	0.23316	0.233645	0	0.427281	0.422437	0.429016	0.427572	0.42486	0.425414	0.368014	0.337379	0.383039	0.376106	0.372018	0.332333	0.384614	0.380215	0.379008	0.379891	0.384953	0.378565	0.444031	0.444213	0.450526	0.446254	0.446809	0.443666	0.483239	0.482979	0.482312	0.480582	0.479535	0.484014	0.529235	0.504227	0.504304	0.602285	0.503843	0.527272	0.532163	0.553208	0.543605	0.536176	0.535777	0.552351	0.55282	0.554543	0.553103	0.555353	0.550522	0.550593	0.46872	0.469524	0.472524	0.472956	0.468995	0.473704	0.552578	0.523328	0.523966	0.53872	0.536336	0.521755	0.44444	0.446045	0.454874	0.455593	0.45682	0.444314
ERR618694	0.412747	0.410639	0.411414	0.45358	0.412255	0.443354	0.352437	0.367172	0.350854	0.345833	0.351226	0.34833	0.378613	0.380071	0.382963	0.389667	0.368091	0.367315	0.385526	0.391686	0.392007	0.391927	0.384802	0.385452	0.4435	0.442853	0.443025	0.427023	0.431665	0.427281	0	0.27304	0.272164	0.274421	0.277165	0.27439	0.367464	0.374724	0.392456	0.368849	0.367501	0.376967	0.335598	0.337958	0.339753	0.339086	0.335127	0.343096	0.481534	0.481011	0.481453	0.480672	0.480254	0.485176	0.411372	0.409713	0.411727	0.41302	0.413203	0.407612	0.437447	0.443323	0.443297	0.48966	0.443763	0.437248	0.442242	0.443842	0.44315	0.439653	0.437276	0.444092	0.435095	0.43469	0.434721	0.435312	0.434536	0.435029	0.4451	0.445678	0.454664	0.443061	0.444783	0.455735	0.48838	0.492904	0.490327	0.481165	0.487471	0.489354	0.482321	0.486402	0.494568	0.494869	0.494664	0.479014
ERR618693	0.408632	0.404821	0.40555	0.455129	0.40763	0.444341	0.345886	0.377913	0.345466	0.345533	0.344993	0.347691	0.369776	0.376715	0.380516	0.397656	0.36318	0.366478	0.383733	0.385232	0.385627	0.385609	0.382917	0.383403	0.446874	0.446574	0.447068	0.421334	0.428107	0.422437	0.27304	0	0.272546	0.271628	0.271384	0.271205	0.372798	0.373564	0.401819	0.375659	0.373307	0.372378	0.334319	0.333466	0.334589	0.334224	0.33476	0.336194	0.475804	0.47489	0.473114	0.473954	0.47349	0.480288	0.405772	0.404643	0.406137	0.407119	0.407348	0.405553	0.437755	0.437902	0.437706	0.498106	0.43776	0.436595	0.435684	0.440649	0.437961	0.435262	0.43379	0.440844	0.432885	0.434328	0.43287	0.434503	0.432179	0.431905	0.439961	0.440121	0.444294	0.436697	0.439929	0.445064	0.483103	0.482838	0.48083	0.475511	0.479548	0.479944	0.479618	0.484472	0.495405	0.495858	0.49576	0.474696
ERR618695	0.414956	0.412263	0.412748	0.456944	0.414179	0.446554	0.352861	0.370472	0.351793	0.347346	0.351413	0.349548	0.374287	0.375714	0.378654	0.387116	0.364864	0.364187	0.38795	0.394053	0.394215	0.394117	0.387083	0.387874	0.445784	0.445122	0.445578	0.428327	0.433274	0.429016	0.272164	0.272546	0	0.273209	0.27477	0.273537	0.37003	0.376416	0.396286	0.37136	0.369677	0.378265	0.335451	0.33844	0.339359	0.338732	0.336292	0.342432	0.482917	0.482235	0.481922	0.481744	0.481509	0.486431	0.411488	0.409943	0.412276	0.413488	0.414088	0.408955	0.43764	0.443624	0.443735	0.490082	0.444048	0.437377	0.4413	0.442563	0.441655	0.438647	0.436999	0.44281	0.434301	0.434394	0.433944	0.434603	0.434021	0.433589	0.446271	0.446762	0.454445	0.443827	0.446097	0.455714	0.487012	0.491892	0.489335	0.480511	0.486307	0.488697	0.484698	0.489323	0.498161	0.498644	0.498323	0.481311
ERR618696	0.414446	0.410547	0.411104	0.45976	0.413144	0.449265	0.3488	0.378732	0.348735	0.347635	0.347722	0.349951	0.366954	0.37077	0.374077	0.390678	0.359667	0.362172	0.38852	0.391787	0.39215	0.392156	0.387367	0.387971	0.44863	0.44787	0.448651	0.42599	0.432566	0.427572	0.274421	0.271628	0.273209	0	0.268772	0.268424	0.373722	0.37757	0.404553	0.376202	0.374133	0.377103	0.335613	0.336162	0.335697	0.335307	0.336346	0.337341	0.481161	0.480197	0.478193	0.479509	0.478903	0.484999	0.408375	0.407419	0.410156	0.410356	0.411345	0.408839	0.438219	0.441577	0.441508	0.495638	0.441581	0.43749	0.437812	0.439934	0.438149	0.436516	0.43534	0.440327	0.432322	0.434668	0.432402	0.434494	0.432892	0.431351	0.444875	0.445085	0.449043	0.441019	0.444771	0.449908	0.482708	0.485127	0.482822	0.475972	0.480757	0.482152	0.48513	0.490596	0.501113	0.501678	0.501477	0.480663
ERR618698	0.412132	0.407569	0.408323	0.460073	0.410706	0.449315	0.345934	0.383829	0.34675	0.347966	0.345179	0.350153	0.362972	0.369985	0.373801	0.39514	0.35823	0.36265	0.387928	0.388974	0.389309	0.389121	0.386688	0.38703	0.449922	0.44965	0.450363	0.423031	0.430643	0.42486	0.277165	0.271384	0.27477	0.268772	0	0.268406	0.376368	0.377116	0.408308	0.379544	0.377227	0.37455	0.33601	0.335204	0.334197	0.33391	0.337894	0.334361	0.478383	0.477073	0.47414	0.476167	0.475495	0.482617	0.406376	0.405683	0.408783	0.408226	0.409591	0.408923	0.439568	0.439938	0.439725	0.500812	0.439482	0.438448	0.436141	0.439741	0.436985	0.435602	0.435232	0.440183	0.432893	0.436364	0.432812	0.435644	0.433389	0.430995	0.443057	0.442968	0.444685	0.438716	0.443201	0.445352	0.481885	0.481097	0.479085	0.47499	0.478381	0.478428	0.484005	0.490175	0.501691	0.502197	0.502153	0.478749
ERR618697	0.412162	0.408255	0.408969	0.458055	0.410959	0.447462	0.347649	0.378765	0.34775	0.346859	0.346383	0.349372	0.367215	0.371737	0.37534	0.392389	0.360243	0.363051	0.387366	0.389795	0.39018	0.390009	0.386268	0.38672	0.448131	0.447654	0.448252	0.424185	0.430935	0.425414	0.27439	0.271205	0.273537	0.268424	0.268406	0	0.373258	0.376169	0.403791	0.375712	0.373924	0.375324	0.335602	0.33597	0.335452	0.334826	0.336594	0.336715	0.479755	0.478663	0.476573	0.477872	0.477209	0.483584	0.40784	0.406812	0.409741	0.40977	0.410763	0.408407	0.438764	0.440992	0.440942	0.497256	0.440774	0.43789	0.437756	0.440506	0.438466	0.436707	0.43542	0.440856	0.433106	0.435386	0.432896	0.435352	0.433467	0.431795	0.444024	0.444252	0.44803	0.440258	0.443994	0.448837	0.483494	0.48463	0.482456	0.476544	0.480871	0.48182	0.484041	0.489576	0.500193	0.500804	0.500639	0.479221
ERR622146	0.335775	0.337622	0.338314	0.339423	0.337221	0.336608	0.329173	0.313264	0.32465	0.311685	0.326501	0.311622	0.466411	0.46524	0.467853	0.460403	0.456059	0.452105	0.33539	0.361673	0.361153	0.360898	0.335045	0.337417	0.350406	0.349603	0.349891	0.367938	0.363805	0.368014	0.367464	0.372798	0.37003	0.373722	0.376368	0.373258	0	0.275083	0.280226	0.263459	0.262161	0.285653	0.327488	0.334984	0.335724	0.335467	0.327496	0.341812	0.464572	0.464916	0.474746	0.468376	0.469281	0.460689	0.457152	0.455567	0.456284	0.457637	0.45663	0.450516	0.489656	0.487937	0.488498	0.540833	0.488813	0.489251	0.506535	0.514091	0.510914	0.50498	0.502524	0.5136	0.508512	0.507279	0.508088	0.508514	0.50754	0.508586	0.459265	0.460472	0.475966	0.461785	0.458186	0.478403	0.520796	0.518621	0.51646	0.510795	0.51692	0.514663	0.453321	0.455361	0.455583	0.455852	0.455687	0.458505
ERR622144	0.302256	0.303391	0.304049	0.319286	0.303493	0.313115	0.307017	0.332767	0.304459	0.303857	0.306762	0.30352	0.46848	0.480946	0.485152	0.490807	0.463761	0.46746	0.314715	0.325763	0.325708	0.325345	0.313853	0.31502	0.351318	0.352519	0.352884	0.337868	0.336266	0.337379	0.374724	0.373564	0.376416	0.37757	0.377116	0.376169	0.275083	0	0.291773	0.282115	0.277975	0.254217	0.324589	0.325352	0.324965	0.325677	0.325031	0.327306	0.439577	0.440059	0.447721	0.442434	0.442913	0.438673	0.449784	0.448874	0.448087	0.447938	0.446359	0.446591	0.496302	0.478039	0.478213	0.565602	0.478399	0.494986	0.502093	0.519948	0.512078	0.504186	0.502901	0.519319	0.51394	0.514599	0.513978	0.515608	0.511774	0.512631	0.442743	0.443541	0.45364	0.447051	0.442365	0.45553	0.526605	0.506343	0.50593	0.51285	0.514011	0.503497	0.433029	0.434521	0.439795	0.440392	0.440456	0.435006
ERR622143	0.350179	0.356501	0.357206	0.341767	0.352905	0.33893	0.358888	0.311433	0.352598	0.335066	0.356696	0.335306	0.504624	0.505857	0.508458	0.487142	0.492093	0.486682	0.350874	0.376358	0.375882	0.375567	0.351134	0.353196	0.360413	0.360562	0.359154	0.385913	0.377112	0.383039	0.392456	0.401819	0.396286	0.404553	0.408308	0.403791	0.280226	0.291773	0	0.279621	0.279773	0.308999	0.352472	0.363055	0.364973	0.364976	0.351426	0.372521	0.475041	0.47703	0.490292	0.480563	0.481579	0.472186	0.477972	0.475241	0.475299	0.477296	0.47546	0.464519	0.507806	0.504393	0.50528	0.553776	0.506659	0.50888	0.529952	0.540233	0.536922	0.526912	0.523569	0.539477	0.532368	0.527817	0.531673	0.530235	0.530325	0.533128	0.472778	0.474774	0.498259	0.480958	0.47151	0.501151	0.553017	0.547955	0.545816	0.540871	0.548252	0.543526	0.459285	0.457397	0.451749	0.451595	0.450982	0.466539
ERR622148	0.344433	0.346404	0.346859	0.34573	0.345855	0.343324	0.336723	0.312488	0.332013	0.317104	0.333817	0.316993	0.469432	0.466101	0.468516	0.457861	0.457956	0.452689	0.342264	0.36996	0.369472	0.369463	0.341841	0.344364	0.353552	0.35268	0.352796	0.375899	0.371512	0.376106	0.368849	0.375659	0.37136	0.376202	0.379544	0.375712	0.263459	0.282115	0.279621	0	0.263235	0.294169	0.331449	0.340041	0.341267	0.340658	0.331396	0.348158	0.470166	0.470533	0.480771	0.474205	0.474985	0.465886	0.460658	0.458666	0.459504	0.461415	0.46021	0.45273	0.4897	0.491103	0.49153	0.536692	0.492007	0.489755	0.508803	0.514624	0.512202	0.506698	0.503958	0.514033	0.508884	0.506878	0.508427	0.508381	0.50786	0.509312	0.463764	0.464899	0.481528	0.466218	0.462612	0.484182	0.521396	0.522595	0.519992	0.512137	0.519267	0.51856	0.457971	0.459827	0.458814	0.459214	0.458975	0.463868
ERR622147	0.339768	0.341679	0.342168	0.34274	0.341272	0.340013	0.332149	0.312434	0.327571	0.313533	0.329446	0.31328	0.467651	0.465631	0.468087	0.459091	0.456715	0.452222	0.338579	0.365665	0.365095	0.365056	0.337968	0.340626	0.351771	0.35075	0.35096	0.371867	0.367577	0.372018	0.367501	0.373307	0.369677	0.374133	0.377227	0.373924	0.262161	0.277975	0.279773	0.263235	0	0.289159	0.328294	0.336316	0.337894	0.337133	0.328658	0.344031	0.467423	0.467801	0.477751	0.471348	0.472179	0.463372	0.458298	0.456676	0.457294	0.458942	0.457835	0.45105	0.489385	0.48896	0.489542	0.538544	0.489901	0.489108	0.507417	0.514159	0.511372	0.505565	0.502975	0.513705	0.508311	0.506513	0.507788	0.508129	0.507438	0.508473	0.460736	0.461911	0.478146	0.463135	0.459561	0.480728	0.520838	0.520354	0.517889	0.511162	0.517671	0.516307	0.455885	0.4578	0.457384	0.457716	0.457617	0.46132
ERR622145	0.297865	0.296815	0.297352	0.323684	0.298494	0.316454	0.301451	0.348396	0.300747	0.306865	0.302196	0.306213	0.461513	0.477993	0.483	0.496786	0.459896	0.466666	0.315391	0.31979	0.319716	0.319489	0.31394	0.314324	0.358908	0.360764	0.360929	0.331523	0.333134	0.332333	0.376967	0.372378	0.378265	0.377103	0.37455	0.375324	0.285653	0.254217	0.308999	0.294169	0.289159	0	0.325821	0.322684	0.321919	0.322409	0.326605	0.321991	0.435883	0.435745	0.440865	0.437558	0.437706	0.435679	0.447892	0.447576	0.446919	0.445724	0.444537	0.448275	0.498549	0.47658	0.47649	0.57318	0.47648	0.496542	0.499205	0.519151	0.509923	0.503124	0.502186	0.518413	0.513925	0.515999	0.514089	0.516738	0.511783	0.511795	0.441227	0.441607	0.446078	0.443972	0.441434	0.447408	0.524694	0.500006	0.500164	0.510909	0.50999	0.497817	0.433162	0.43578	0.444446	0.445134	0.445702	0.433025
ERR626797	0.36475	0.362625	0.36336	0.399862	0.364608	0.390544	0.335943	0.359681	0.33461	0.332111	0.334798	0.333047	0.408098	0.41553	0.419128	0.42885	0.401261	0.403838	0.352246	0.360404	0.360506	0.360288	0.351121	0.352243	0.400685	0.400714	0.400995	0.383714	0.387409	0.384614	0.335598	0.334319	0.335451	0.335613	0.33601	0.335602	0.327488	0.324589	0.352472	0.331449	0.328294	0.325821	0	0.263458	0.264652	0.264788	0.262484	0.2677	0.459419	0.459037	0.461162	0.459588	0.459473	0.461805	0.421126	0.419869	0.421315	0.421272	0.421445	0.419612	0.457673	0.450599	0.450645	0.521429	0.451035	0.456276	0.460779	0.470643	0.465832	0.460906	0.459802	0.470281	0.463794	0.464919	0.463764	0.465012	0.462802	0.46231	0.437612	0.438167	0.445815	0.437607	0.437303	0.447163	0.497233	0.490169	0.488606	0.4873	0.490435	0.487306	0.459273	0.462696	0.471114	0.471514	0.471297	0.457204
ERR626795	0.360289	0.357103	0.357934	0.400854	0.359815	0.390896	0.330804	0.369827	0.330327	0.332888	0.33078	0.333777	0.405938	0.418268	0.422301	0.43965	0.401705	0.407454	0.350543	0.353479	0.353759	0.353513	0.34926	0.349759	0.404843	0.405132	0.405538	0.378796	0.384233	0.380215	0.337958	0.333466	0.33844	0.336162	0.335204	0.33597	0.334984	0.325352	0.363055	0.340041	0.336316	0.322684	0.263458	0	0.261264	0.261815	0.263736	0.2628	0.455165	0.454302	0.455049	0.454436	0.454167	0.458309	0.418719	0.417965	0.418669	0.418171	0.418279	0.419792	0.460125	0.447947	0.447809	0.530105	0.448042	0.458001	0.458151	0.471239	0.464827	0.460357	0.459173	0.470889	0.464476	0.466438	0.464564	0.46675	0.462906	0.462766	0.4343	0.434333	0.438444	0.433457	0.4341	0.439425	0.49606	0.483837	0.482804	0.485328	0.486633	0.481457	0.456857	0.460527	0.471045	0.471542	0.471645	0.453256
ERR626799	0.359902	0.356637	0.357227	0.401685	0.3591	0.391707	0.330078	0.372304	0.329909	0.333102	0.329921	0.334332	0.403156	0.416206	0.42049	0.439837	0.399677	0.406807	0.35092	0.352815	0.353161	0.35297	0.34958	0.349818	0.405176	0.405703	0.406196	0.377341	0.383465	0.379008	0.339753	0.334589	0.339359	0.335697	0.334197	0.335452	0.335724	0.324965	0.364973	0.341267	0.337894	0.321919	0.264652	0.261264	0	0.258344	0.265889	0.25814	0.455039	0.454003	0.454078	0.454174	0.453714	0.458151	0.418879	0.418288	0.419924	0.418447	0.419385	0.421056	0.461306	0.448429	0.448008	0.532707	0.448234	0.459331	0.458571	0.47149	0.464725	0.460572	0.459948	0.471097	0.464893	0.467989	0.464951	0.467714	0.464214	0.462666	0.434812	0.43514	0.438041	0.433616	0.434709	0.438934	0.496249	0.482556	0.481645	0.48553	0.486288	0.480406	0.458219	0.462411	0.473232	0.473526	0.473824	0.454205
