	ERR629982	ERR629983	ERR629986	ERR629984	ERR629985	ERR629987	ERR622030	ERR622028	ERR622027	ERR622032	ERR622029	ERR622031	ERR636707	ERR636704	ERR636705	ERR636706	ERR636703	ERR636708	ERR626432	ERR626431	ERR626433	ERR626430	ERR626429	ERR626434	ERR612618	ERR612614	ERR612613	ERR612616	ERR612617	ERR612615	ERR613123	ERR613121	ERR613124	ERR613122	ERR613120	ERR613119	ERR605618	ERR605622	ERR605617	ERR605619	ERR605621	ERR605620	ERR613638	ERR613635	ERR613637	ERR613639	ERR613640	ERR613636	ERR618472	ERR618474	ERR618476	ERR618471	ERR618475	ERR618473	ERR608168	ERR608171	ERR608172	ERR608169	ERR608170	ERR608167	ERR614539	ERR614541	ERR614540	ERR614537	ERR614538	ERR614542	ERR611343	ERR611344	ERR611346	ERR611341	ERR611345	ERR611342	ERR617486	ERR617484	ERR617485	ERR617481	ERR617482	ERR617483	ERR614898	ERR614900	ERR614897	ERR614895	ERR614899	ERR614896	ERR616770	ERR616773	ERR616771	ERR616774	ERR616772	ERR616769	ERR617338	ERR617337	ERR617340	ERR617341	ERR617342	ERR617339
ERR629982	0	0.262458	0.275961	0.248047	0.270583	0.27295	0.460297	0.463849	0.459745	0.460336	0.464325	0.460449	0.36495	0.357777	0.369908	0.364561	0.376372	0.36628	0.46422	0.466431	0.463948	0.463406	0.462963	0.463885	0.440897	0.448032	0.436037	0.440478	0.440322	0.435816	0.562154	0.52401	0.566254	0.572435	0.524051	0.528055	0.423141	0.429956	0.424242	0.423623	0.430349	0.424497	0.433852	0.429943	0.435011	0.435092	0.461203	0.432048	0.310798	0.31159	0.311104	0.315844	0.309455	0.310763	0.344682	0.307523	0.307333	0.351058	0.306266	0.352406	0.324805	0.297853	0.297944	0.32133	0.316943	0.303589	0.319151	0.329874	0.319608	0.31802	0.319672	0.317919	0.335304	0.330934	0.329578	0.350452	0.349103	0.348701	0.386288	0.388769	0.417626	0.426199	0.388404	0.42063	0.318966	0.333215	0.317529	0.332326	0.331782	0.332539	0.399784	0.391571	0.397639	0.398054	0.39977	0.398048
ERR629983	0.262458	0	0.259375	0.260511	0.257188	0.258208	0.47207	0.468792	0.469728	0.471953	0.469086	0.471462	0.346696	0.343563	0.349182	0.346333	0.352587	0.347133	0.477733	0.470396	0.476381	0.468186	0.4745	0.477264	0.449111	0.452164	0.454122	0.44926	0.448732	0.449407	0.547704	0.526867	0.550241	0.55668	0.52723	0.536397	0.431039	0.432034	0.43771	0.430102	0.432852	0.429596	0.432563	0.437123	0.436372	0.433293	0.445846	0.436782	0.314207	0.31603	0.31677	0.338945	0.319587	0.324702	0.319404	0.309557	0.308718	0.324255	0.30927	0.324724	0.303264	0.313597	0.312991	0.301299	0.300132	0.308681	0.34561	0.340867	0.337614	0.339944	0.339855	0.338112	0.323006	0.328296	0.328979	0.328009	0.332149	0.331744	0.380577	0.38257	0.401808	0.409857	0.382115	0.40602	0.335505	0.338014	0.339213	0.336046	0.336846	0.339557	0.406356	0.393939	0.41447	0.414964	0.417098	0.404715
ERR629986	0.275961	0.259375	0	0.273017	0.255693	0.255685	0.47633	0.471136	0.473981	0.47595	0.471619	0.475144	0.34302	0.341328	0.343862	0.342656	0.347297	0.343422	0.486604	0.477219	0.484722	0.475111	0.48355	0.485771	0.45084	0.451672	0.459388	0.450976	0.450281	0.452112	0.555024	0.538946	0.556994	0.563693	0.539064	0.549691	0.436258	0.432793	0.444403	0.434708	0.433138	0.435802	0.435638	0.44	0.436021	0.436106	0.443286	0.437831	0.320025	0.326626	0.32719	0.349063	0.330751	0.333519	0.321183	0.319519	0.318675	0.327014	0.318996	0.325288	0.305101	0.321661	0.320536	0.302139	0.301724	0.311201	0.356018	0.341808	0.343831	0.348908	0.346573	0.34712	0.332191	0.341347	0.342644	0.333329	0.342123	0.342608	0.374767	0.376721	0.393475	0.399508	0.376091	0.396258	0.339547	0.335762	0.345404	0.334033	0.334958	0.337847	0.421735	0.406391	0.43131	0.431895	0.434006	0.420562
ERR629984	0.248047	0.260511	0.273017	0	0.268135	0.270613	0.460442	0.463163	0.459756	0.460252	0.46369	0.460576	0.361533	0.354872	0.366561	0.361226	0.372598	0.36294	0.46504	0.466149	0.4648	0.463269	0.463645	0.464809	0.440623	0.447229	0.437079	0.440474	0.440246	0.436375	0.560645	0.524565	0.564527	0.570766	0.524552	0.529084	0.42358	0.429868	0.425308	0.423698	0.43018	0.424226	0.433217	0.430293	0.434544	0.434224	0.459042	0.432365	0.310994	0.311659	0.311537	0.31819	0.310362	0.311897	0.341379	0.307164	0.306998	0.347609	0.306129	0.349143	0.321698	0.298852	0.298771	0.318521	0.31444	0.303635	0.321105	0.3304	0.320882	0.319644	0.321029	0.319054	0.333525	0.32982	0.328763	0.347498	0.346566	0.346367	0.38428	0.386756	0.414625	0.423186	0.386344	0.417765	0.319878	0.33308	0.319445	0.332114	0.331712	0.332399	0.400475	0.391843	0.399849	0.400232	0.401943	0.399033
ERR629985	0.270583	0.257188	0.255693	0.268135	0	0.255016	0.473162	0.468993	0.470964	0.472885	0.469515	0.472238	0.34353	0.341508	0.345398	0.343526	0.349112	0.344547	0.48302	0.47522	0.48142	0.472847	0.48036	0.482209	0.448264	0.449855	0.455462	0.448326	0.447559	0.448855	0.556493	0.53745	0.558743	0.565467	0.537788	0.547458	0.4335	0.431198	0.440763	0.432268	0.43142	0.433705	0.434487	0.437742	0.434464	0.434962	0.444703	0.435887	0.317791	0.323751	0.324253	0.343957	0.327227	0.329633	0.323251	0.316629	0.316145	0.329215	0.315989	0.328071	0.306207	0.317043	0.31606	0.303196	0.301841	0.308075	0.349803	0.33772	0.338892	0.342979	0.341335	0.34188	0.331493	0.339237	0.340182	0.334497	0.342127	0.342264	0.373932	0.376034	0.394228	0.400677	0.375237	0.397308	0.335162	0.332978	0.340306	0.33127	0.332161	0.334872	0.419037	0.404356	0.427125	0.427859	0.429917	0.417873
ERR629987	0.27295	0.258208	0.255685	0.270613	0.255016	0	0.474058	0.469361	0.471936	0.473713	0.469867	0.473077	0.342958	0.341257	0.344472	0.342785	0.348124	0.343973	0.48494	0.476637	0.483393	0.474497	0.48246	0.48432	0.448463	0.44972	0.456678	0.448569	0.447783	0.449473	0.556686	0.539171	0.558778	0.565505	0.539594	0.549595	0.4353	0.432096	0.442908	0.43362	0.432353	0.43509	0.435129	0.438841	0.435061	0.435507	0.444302	0.436796	0.319703	0.326245	0.326595	0.347283	0.329939	0.332281	0.323038	0.318668	0.317992	0.329243	0.318372	0.327568	0.30583	0.319434	0.318168	0.302936	0.302236	0.30948	0.352393	0.338755	0.34031	0.345263	0.343005	0.343742	0.33228	0.341022	0.341952	0.334646	0.342843	0.343222	0.372437	0.374514	0.392121	0.39791	0.373597	0.394896	0.335972	0.332974	0.341692	0.331119	0.332095	0.335215	0.421599	0.406791	0.43056	0.43126	0.433394	0.420474
ERR622030	0.460297	0.47207	0.47633	0.460442	0.473162	0.474058	0	0.258503	0.249685	0.246144	0.258051	0.246253	0.46216	0.455595	0.466384	0.462023	0.471618	0.464452	0.391932	0.403722	0.391749	0.400114	0.39406	0.390392	0.318133	0.326082	0.320884	0.318458	0.317952	0.319131	0.548189	0.496779	0.552776	0.559383	0.497457	0.498574	0.340072	0.347393	0.336793	0.340021	0.346434	0.342814	0.335245	0.318672	0.325448	0.336617	0.382784	0.32232	0.47909	0.482748	0.481108	0.471259	0.478767	0.474692	0.513286	0.484121	0.483733	0.518874	0.482919	0.519093	0.484795	0.452944	0.452363	0.481195	0.478188	0.457458	0.442767	0.447389	0.442088	0.441921	0.44238	0.440944	0.507575	0.503135	0.501918	0.519151	0.519283	0.519641	0.462144	0.463842	0.485692	0.489852	0.463625	0.484766	0.440152	0.446944	0.441805	0.446426	0.446807	0.446452	0.578745	0.57316	0.56968	0.570226	0.570803	0.576534
ERR622028	0.463849	0.468792	0.471136	0.463163	0.468993	0.469361	0.258503	0	0.254168	0.259259	0.249961	0.2571	0.448769	0.444149	0.452134	0.448878	0.455934	0.450931	0.403626	0.406127	0.402408	0.402385	0.402993	0.402063	0.318841	0.31923	0.339943	0.320085	0.319594	0.330896	0.547724	0.513037	0.551018	0.557801	0.513878	0.519714	0.345154	0.34657	0.348005	0.343593	0.34613	0.345871	0.327523	0.320308	0.31979	0.328304	0.361978	0.320563	0.482199	0.487248	0.486005	0.481616	0.48475	0.482164	0.506569	0.486608	0.485921	0.511658	0.485708	0.511586	0.477689	0.458594	0.457637	0.474889	0.473045	0.458819	0.450225	0.447352	0.445126	0.446437	0.446682	0.44431	0.506832	0.505936	0.505298	0.514515	0.517126	0.517389	0.451284	0.45253	0.467084	0.470891	0.452501	0.466842	0.442378	0.443392	0.446776	0.442111	0.443276	0.443699	0.59102	0.583794	0.58591	0.586426	0.587192	0.588798
ERR622027	0.459745	0.469728	0.473981	0.459756	0.470964	0.471936	0.249685	0.254168	0	0.249936	0.25462	0.24959	0.456815	0.45081	0.460993	0.456792	0.465719	0.459128	0.394944	0.404243	0.394751	0.400006	0.39552	0.393559	0.318119	0.323879	0.326522	0.318714	0.318395	0.322598	0.548613	0.501912	0.552954	0.559697	0.502394	0.505167	0.339609	0.345969	0.338101	0.339586	0.345228	0.34242	0.332561	0.31817	0.323524	0.333872	0.376621	0.320948	0.478918	0.482927	0.481512	0.47306	0.479316	0.475952	0.510286	0.4838	0.483201	0.51532	0.482575	0.515769	0.481365	0.453732	0.453137	0.478382	0.475705	0.456849	0.442977	0.445833	0.441048	0.441237	0.441907	0.439848	0.506037	0.502572	0.501503	0.516315	0.517176	0.51752	0.458079	0.45962	0.479263	0.483837	0.459451	0.478907	0.43941	0.444676	0.441683	0.443935	0.444399	0.444196	0.581456	0.57516	0.573585	0.574145	0.574761	0.579125
ERR622032	0.460336	0.471953	0.47595	0.460252	0.472885	0.473713	0.246144	0.259259	0.249936	0	0.258666	0.246171	0.462054	0.455643	0.4663	0.461926	0.471665	0.464512	0.392324	0.404541	0.392375	0.400846	0.394742	0.390711	0.317293	0.32541	0.319722	0.317631	0.317121	0.317605	0.549214	0.497645	0.553933	0.560628	0.498062	0.499216	0.340178	0.347114	0.33693	0.339958	0.345942	0.343456	0.335624	0.318076	0.324661	0.337019	0.383221	0.321732	0.478974	0.482896	0.481342	0.470902	0.478781	0.474311	0.51367	0.484345	0.483759	0.519382	0.483106	0.519449	0.484992	0.452491	0.451981	0.481198	0.478219	0.45692	0.442088	0.446232	0.441043	0.441255	0.441406	0.440397	0.508005	0.503772	0.502465	0.519563	0.519992	0.520454	0.461223	0.46288	0.485243	0.489253	0.46265	0.484171	0.439009	0.44578	0.440708	0.445248	0.445529	0.445163	0.579106	0.57328	0.56975	0.570393	0.571003	0.576878
ERR622029	0.464325	0.469086	0.471619	0.46369	0.469515	0.469867	0.258051	0.249961	0.25462	0.258666	0	0.256501	0.449989	0.445194	0.453102	0.449766	0.456916	0.451945	0.401989	0.404198	0.400855	0.401423	0.401862	0.40046	0.319138	0.319685	0.339409	0.320271	0.319458	0.331097	0.542981	0.508809	0.546327	0.552887	0.509729	0.51555	0.345826	0.347151	0.348493	0.343821	0.346725	0.345576	0.326654	0.320307	0.319949	0.327274	0.361166	0.320648	0.482493	0.486869	0.485585	0.481859	0.484559	0.482108	0.506474	0.486539	0.485606	0.511436	0.485496	0.511418	0.478101	0.459165	0.458157	0.47516	0.473273	0.459795	0.452116	0.449824	0.447252	0.448605	0.44891	0.446524	0.505999	0.504997	0.504437	0.513945	0.516197	0.516641	0.453794	0.454977	0.469776	0.473534	0.454937	0.469516	0.444396	0.445888	0.448976	0.444574	0.445781	0.445989	0.589586	0.582565	0.58452	0.584873	0.585707	0.587369
ERR622031	0.460449	0.471462	0.475144	0.460576	0.472238	0.473077	0.246253	0.2571	0.24959	0.246171	0.256501	0	0.460274	0.454028	0.464347	0.460044	0.469502	0.46266	0.392701	0.403589	0.392346	0.399962	0.394631	0.390947	0.317211	0.324505	0.322016	0.317683	0.317099	0.319091	0.548461	0.498772	0.55297	0.559609	0.49937	0.501161	0.339749	0.346061	0.337298	0.339377	0.344824	0.342569	0.334043	0.317672	0.323521	0.335245	0.380108	0.320772	0.478899	0.483117	0.481393	0.471842	0.479176	0.474878	0.51266	0.484311	0.483793	0.51821	0.48299	0.518347	0.483914	0.45304	0.4525	0.480323	0.477468	0.456929	0.443362	0.446736	0.441883	0.442162	0.442328	0.441107	0.507469	0.503584	0.502429	0.518716	0.519345	0.519752	0.460161	0.461796	0.483083	0.487266	0.461606	0.482328	0.439665	0.445637	0.44162	0.444944	0.445404	0.445108	0.580075	0.574087	0.571454	0.571894	0.572506	0.577821
ERR636707	0.36495	0.346696	0.34302	0.361533	0.34353	0.342958	0.46216	0.448769	0.456815	0.462054	0.449989	0.460274	0	0.253875	0.25476	0.251766	0.256561	0.252765	0.496187	0.484934	0.4942	0.482755	0.492262	0.495014	0.422544	0.415809	0.452478	0.424015	0.423544	0.439874	0.591312	0.585084	0.592374	0.598008	0.585418	0.595856	0.446332	0.44114	0.456303	0.443403	0.441505	0.444836	0.431576	0.439073	0.431292	0.431991	0.433448	0.43593	0.384741	0.391281	0.390987	0.410478	0.395059	0.39845	0.378147	0.387258	0.386236	0.382013	0.386879	0.381105	0.3491	0.374207	0.372691	0.347788	0.349229	0.364532	0.383572	0.363442	0.367531	0.372408	0.372921	0.367345	0.386615	0.3966	0.397921	0.38362	0.392484	0.393392	0.341892	0.342317	0.341313	0.347036	0.342336	0.345559	0.361166	0.349925	0.373864	0.346718	0.349606	0.350365	0.518177	0.506334	0.527131	0.527623	0.529286	0.517273
ERR636704	0.357777	0.343563	0.341328	0.354872	0.341508	0.341257	0.455595	0.444149	0.45081	0.455643	0.445194	0.454028	0.253875	0	0.254692	0.253449	0.258723	0.254531	0.489679	0.480764	0.487886	0.478247	0.486297	0.488566	0.415178	0.409204	0.443166	0.416689	0.416182	0.431101	0.593476	0.58298	0.595056	0.600769	0.583065	0.592555	0.440998	0.437076	0.449526	0.438554	0.437116	0.440347	0.428851	0.43346	0.427427	0.429511	0.435396	0.430911	0.379745	0.386472	0.385933	0.401604	0.389255	0.391453	0.380903	0.383335	0.382401	0.38505	0.382569	0.384271	0.349855	0.366145	0.364474	0.347863	0.348324	0.358034	0.372186	0.354275	0.357249	0.361759	0.362364	0.356838	0.385902	0.393894	0.394844	0.385501	0.393355	0.394095	0.336691	0.337209	0.34101	0.347098	0.337131	0.344606	0.350919	0.341726	0.362964	0.338788	0.341311	0.341545	0.514922	0.503543	0.522227	0.522727	0.524493	0.513829
ERR636705	0.369908	0.349182	0.343862	0.366561	0.345398	0.344472	0.466384	0.452134	0.460993	0.4663	0.453102	0.464347	0.25476	0.254692	0	0.254372	0.254529	0.255101	0.501438	0.489006	0.499153	0.486927	0.497407	0.500312	0.424942	0.417321	0.456519	0.42662	0.425845	0.442641	0.594271	0.590318	0.595319	0.600836	0.590443	0.601574	0.450159	0.443322	0.460637	0.447225	0.443511	0.448829	0.434351	0.442213	0.433303	0.434971	0.433354	0.438023	0.38859	0.396245	0.395755	0.415957	0.400354	0.403299	0.380261	0.392445	0.391225	0.38407	0.391895	0.382507	0.351129	0.379257	0.377305	0.349414	0.35144	0.367272	0.388874	0.36516	0.371205	0.37709	0.376792	0.372158	0.390621	0.402321	0.403811	0.386291	0.396714	0.397886	0.34079	0.341241	0.33802	0.342821	0.341138	0.341774	0.364508	0.350661	0.377673	0.347372	0.350407	0.351328	0.524464	0.511686	0.533818	0.534545	0.536279	0.523405
ERR636706	0.364561	0.346333	0.342656	0.361226	0.343526	0.342785	0.462023	0.448878	0.456792	0.461926	0.449766	0.460044	0.251766	0.253449	0.254372	0	0.256549	0.252592	0.495689	0.484575	0.493673	0.482327	0.491748	0.494549	0.421581	0.414891	0.451688	0.423179	0.422617	0.438956	0.59126	0.585388	0.592498	0.597911	0.585345	0.595784	0.446137	0.441051	0.455754	0.443198	0.44127	0.44448	0.431623	0.438887	0.431261	0.432179	0.433609	0.43565	0.384594	0.391059	0.390688	0.410136	0.39479	0.398417	0.378218	0.387146	0.386156	0.38178	0.386664	0.381113	0.349051	0.374143	0.372429	0.347672	0.348976	0.364574	0.382638	0.362825	0.366671	0.371507	0.372102	0.366411	0.386493	0.396655	0.397963	0.383657	0.392447	0.393431	0.340446	0.341036	0.340531	0.346363	0.341065	0.344406	0.360488	0.349411	0.373116	0.346141	0.348804	0.34949	0.518401	0.50662	0.527248	0.52787	0.529391	0.517438
ERR636703	0.376372	0.352587	0.347297	0.372598	0.349112	0.348124	0.471618	0.455934	0.465719	0.471665	0.456916	0.469502	0.256561	0.258723	0.254529	0.256549	0	0.256326	0.504774	0.490506	0.50258	0.488607	0.500504	0.503686	0.430527	0.422223	0.46348	0.432221	0.43157	0.449241	0.59086	0.590718	0.591444	0.596913	0.591016	0.602848	0.454083	0.446779	0.465743	0.450983	0.447015	0.451985	0.435938	0.446253	0.436289	0.436226	0.431348	0.441756	0.393755	0.400702	0.400587	0.423489	0.405683	0.409693	0.380067	0.396764	0.395774	0.383038	0.396596	0.381613	0.351769	0.386694	0.384892	0.350896	0.353122	0.373983	0.398122	0.374072	0.38021	0.386199	0.3862	0.381063	0.392293	0.405194	0.406857	0.385866	0.396772	0.398	0.346917	0.347228	0.339885	0.344928	0.346715	0.344533	0.373589	0.359223	0.387281	0.355807	0.358852	0.360124	0.527584	0.514707	0.538086	0.538629	0.540361	0.52657
ERR636708	0.36628	0.347133	0.343422	0.36294	0.344547	0.343973	0.464452	0.450931	0.459128	0.464512	0.451945	0.46266	0.252765	0.254531	0.255101	0.252592	0.256326	0	0.497508	0.485882	0.495491	0.483674	0.493484	0.496416	0.424644	0.417791	0.454723	0.426201	0.425615	0.44216	0.590319	0.585231	0.591318	0.596793	0.585273	0.595962	0.448035	0.442826	0.458005	0.444915	0.44321	0.445928	0.432681	0.441097	0.432986	0.433026	0.433665	0.437855	0.385936	0.392328	0.391945	0.41263	0.396254	0.400335	0.37761	0.388067	0.387021	0.381131	0.387678	0.38014	0.34904	0.376374	0.374789	0.348054	0.349205	0.366934	0.386029	0.366621	0.370155	0.374973	0.375766	0.369879	0.386495	0.396738	0.398061	0.383009	0.391886	0.39269	0.343943	0.344479	0.342525	0.348577	0.344495	0.346871	0.364053	0.352896	0.376824	0.349828	0.352623	0.353397	0.51808	0.50657	0.527583	0.528016	0.529833	0.517325
ERR626432	0.46422	0.477733	0.486604	0.46504	0.48302	0.48494	0.391932	0.403626	0.394944	0.392324	0.401989	0.392701	0.496187	0.489679	0.501438	0.495689	0.504774	0.497508	0	0.266352	0.25045	0.264474	0.25349	0.249974	0.392831	0.406784	0.377389	0.392481	0.392939	0.384381	0.499959	0.442213	0.505609	0.511845	0.442022	0.442269	0.360515	0.373605	0.35795	0.360692	0.374613	0.358561	0.352842	0.346772	0.358345	0.353628	0.39798	0.353896	0.477767	0.475402	0.475303	0.469318	0.471687	0.471491	0.521149	0.489418	0.488792	0.525769	0.488326	0.526939	0.497	0.468606	0.468717	0.495612	0.491905	0.477066	0.480841	0.495994	0.485428	0.483345	0.4845	0.482992	0.500794	0.494087	0.492569	0.514233	0.510643	0.510275	0.532021	0.534273	0.553672	0.560392	0.53366	0.556278	0.489763	0.502896	0.487616	0.502079	0.501979	0.503302	0.544983	0.542503	0.533599	0.534046	0.534435	0.543135
ERR626431	0.466431	0.470396	0.477219	0.466149	0.47522	0.476637	0.403722	0.406127	0.404243	0.404541	0.404198	0.403589	0.484934	0.480764	0.489006	0.484575	0.490506	0.485882	0.266352	0	0.264129	0.256765	0.263132	0.266351	0.399262	0.407877	0.39773	0.399199	0.39971	0.398305	0.476319	0.442787	0.480368	0.486679	0.442711	0.450665	0.367184	0.373836	0.372142	0.365613	0.375837	0.361029	0.342655	0.350575	0.353883	0.342758	0.371368	0.354192	0.476696	0.474555	0.474844	0.479138	0.473558	0.475868	0.506512	0.486892	0.485903	0.510231	0.486287	0.511276	0.485473	0.475078	0.474714	0.484804	0.482897	0.478666	0.493733	0.501793	0.494025	0.493597	0.494236	0.492294	0.491491	0.489351	0.488634	0.500091	0.498798	0.498575	0.530077	0.532086	0.545798	0.55226	0.531304	0.549302	0.497051	0.505627	0.497575	0.504186	0.504754	0.506485	0.545483	0.540905	0.540539	0.540859	0.541674	0.544222
ERR626433	0.463948	0.476381	0.484722	0.4648	0.48142	0.483393	0.391749	0.402408	0.394751	0.392375	0.400855	0.392346	0.4942	0.487886	0.499153	0.493673	0.50258	0.495491	0.25045	0.264129	0	0.262603	0.253473	0.250373	0.391887	0.405155	0.378251	0.391685	0.392006	0.383849	0.498426	0.44337	0.503866	0.510306	0.443161	0.444553	0.360188	0.372102	0.358654	0.360237	0.373241	0.357771	0.350622	0.345831	0.356347	0.351825	0.39442	0.352434	0.476999	0.475264	0.47487	0.469815	0.471412	0.471364	0.51935	0.488887	0.488092	0.52404	0.487858	0.525055	0.495343	0.468727	0.468529	0.493809	0.490484	0.476182	0.481754	0.495514	0.485546	0.483876	0.4848	0.483413	0.499722	0.493555	0.492028	0.512551	0.509457	0.508995	0.530296	0.532583	0.551496	0.558081	0.5318	0.554226	0.48946	0.501743	0.487762	0.500933	0.500875	0.502329	0.545287	0.542408	0.534797	0.535384	0.535824	0.543811
ERR626430	0.463406	0.468186	0.475111	0.463269	0.472847	0.474497	0.400114	0.402385	0.400006	0.400846	0.401423	0.399962	0.482755	0.478247	0.486927	0.482327	0.488607	0.483674	0.264474	0.256765	0.262603	0	0.259993	0.264469	0.396551	0.405429	0.394891	0.396675	0.397132	0.395214	0.482411	0.446111	0.486493	0.493207	0.445899	0.453368	0.362709	0.369821	0.367507	0.361417	0.371509	0.357437	0.341577	0.347674	0.35143	0.341861	0.371775	0.351351	0.47421	0.472917	0.473131	0.476007	0.471496	0.473661	0.505703	0.484984	0.484102	0.509466	0.484363	0.510542	0.483757	0.472252	0.471747	0.483274	0.481198	0.47564	0.489629	0.497509	0.489993	0.489506	0.490305	0.488168	0.491099	0.488616	0.487768	0.499842	0.498681	0.498105	0.527021	0.529103	0.54258	0.549563	0.528255	0.546316	0.493427	0.501456	0.493611	0.500189	0.500657	0.502735	0.545277	0.54053	0.539828	0.5403	0.541056	0.543714
ERR626429	0.462963	0.4745	0.48355	0.463645	0.48036	0.48246	0.39406	0.402993	0.39552	0.394742	0.401862	0.394631	0.492262	0.486297	0.497407	0.491748	0.500504	0.493484	0.25349	0.263132	0.253473	0.259993	0	0.253644	0.394198	0.407046	0.382388	0.393848	0.394596	0.38753	0.496871	0.444269	0.501921	0.508441	0.443837	0.446018	0.359334	0.371843	0.358571	0.359652	0.373092	0.35686	0.349607	0.346359	0.35687	0.350788	0.391661	0.353077	0.476382	0.474121	0.474054	0.470243	0.470828	0.471533	0.516795	0.487468	0.486793	0.520867	0.486613	0.522259	0.492979	0.469308	0.469145	0.492012	0.488881	0.476293	0.481652	0.495592	0.485426	0.483343	0.484913	0.482694	0.497685	0.492002	0.490546	0.509893	0.506876	0.506161	0.530696	0.532782	0.550764	0.557876	0.532207	0.55395	0.490137	0.502053	0.488359	0.501357	0.501266	0.502685	0.544145	0.541286	0.534374	0.534876	0.535287	0.542443
ERR626434	0.463885	0.477264	0.485771	0.464809	0.482209	0.48432	0.390392	0.402063	0.393559	0.390711	0.40046	0.390947	0.495014	0.488566	0.500312	0.494549	0.503686	0.496416	0.249974	0.266351	0.250373	0.264469	0.253644	0	0.390838	0.404711	0.37572	0.390418	0.390936	0.382137	0.501344	0.443535	0.50685	0.513174	0.443387	0.443923	0.360217	0.372434	0.357606	0.360423	0.373298	0.358251	0.352134	0.345665	0.356886	0.353431	0.397539	0.352663	0.477403	0.475638	0.475251	0.469022	0.471463	0.470909	0.520962	0.489204	0.488675	0.525612	0.488112	0.526739	0.49675	0.467987	0.467984	0.494984	0.491498	0.475844	0.480133	0.494494	0.484391	0.482512	0.483382	0.482239	0.500704	0.494205	0.492584	0.514101	0.510846	0.510444	0.53011	0.532415	0.551892	0.558528	0.531636	0.554367	0.488218	0.50103	0.486279	0.500346	0.500243	0.501555	0.545521	0.542736	0.534107	0.534821	0.535122	0.543747
ERR612618	0.440897	0.449111	0.45084	0.440623	0.448264	0.448463	0.318133	0.318841	0.318119	0.317293	0.319138	0.317211	0.422544	0.415178	0.424942	0.421581	0.430527	0.424644	0.392831	0.399262	0.391887	0.396551	0.394198	0.390838	0	0.240142	0.261315	0.236024	0.235392	0.248706	0.567204	0.529371	0.570766	0.576783	0.529915	0.534305	0.354314	0.355885	0.355088	0.353476	0.353974	0.35827	0.33518	0.320628	0.321936	0.337197	0.375898	0.321076	0.463928	0.470895	0.469341	0.459839	0.467666	0.461763	0.504072	0.478997	0.478322	0.51027	0.477348	0.50985	0.458585	0.42892	0.428422	0.453872	0.451338	0.429657	0.408525	0.403115	0.401609	0.403936	0.403408	0.402325	0.49284	0.491293	0.489902	0.503369	0.505917	0.506522	0.402271	0.403299	0.425363	0.428508	0.403497	0.42303	0.398681	0.400231	0.404399	0.399483	0.400237	0.399232	0.587526	0.579793	0.581563	0.582259	0.583211	0.585432
ERR612614	0.448032	0.452164	0.451672	0.447229	0.449855	0.44972	0.326082	0.31923	0.323879	0.32541	0.319685	0.324505	0.415809	0.409204	0.417321	0.414891	0.422223	0.417791	0.406784	0.407877	0.405155	0.405429	0.407046	0.404711	0.240142	0	0.278789	0.241721	0.240396	0.260677	0.576018	0.547903	0.578883	0.58476	0.548423	0.555096	0.36422	0.361541	0.367855	0.362094	0.359539	0.367515	0.337575	0.327582	0.323784	0.339156	0.36969	0.325473	0.471146	0.479821	0.478266	0.470955	0.477381	0.47143	0.505991	0.486818	0.485848	0.512174	0.485078	0.511211	0.458946	0.436633	0.435831	0.454228	0.452559	0.434413	0.416199	0.404648	0.405904	0.409537	0.408762	0.407159	0.499184	0.499819	0.49896	0.506985	0.511463	0.512315	0.392698	0.393361	0.410249	0.412753	0.393629	0.407941	0.401569	0.398707	0.409826	0.397523	0.398834	0.397812	0.603061	0.594125	0.599141	0.59975	0.600749	0.601189
ERR612613	0.436037	0.454122	0.459388	0.437079	0.455462	0.456678	0.320884	0.339943	0.326522	0.319722	0.339409	0.322016	0.452478	0.443166	0.456519	0.451688	0.46348	0.454723	0.377389	0.39773	0.378251	0.394891	0.382388	0.37572	0.261315	0.278789	0	0.259995	0.258837	0.241501	0.560045	0.495795	0.565478	0.571655	0.496103	0.493526	0.347484	0.3581	0.339747	0.349048	0.355826	0.354557	0.350461	0.324171	0.33643	0.353328	0.406461	0.329558	0.455367	0.460204	0.458567	0.440475	0.454582	0.446927	0.509795	0.471792	0.471513	0.516485	0.469568	0.516604	0.46888	0.421714	0.422076	0.463685	0.459341	0.429288	0.405455	0.41368	0.407004	0.406567	0.406138	0.407351	0.490769	0.483898	0.481631	0.506518	0.505555	0.506131	0.438286	0.440103	0.472273	0.476491	0.440173	0.470069	0.405572	0.417656	0.405159	0.418105	0.417266	0.415469	0.558198	0.552876	0.54569	0.546486	0.547048	0.556098
ERR612616	0.440478	0.44926	0.450976	0.440474	0.448326	0.448569	0.318458	0.320085	0.318714	0.317631	0.320271	0.317683	0.424015	0.416689	0.42662	0.423179	0.432221	0.426201	0.392481	0.399199	0.391685	0.396675	0.393848	0.390418	0.236024	0.241721	0.259995	0	0.235368	0.247628	0.567272	0.528412	0.57097	0.576937	0.528995	0.533249	0.354185	0.355669	0.354462	0.353307	0.353699	0.358104	0.335784	0.320686	0.322417	0.337891	0.377461	0.321294	0.463337	0.470375	0.468838	0.458923	0.467088	0.460964	0.504304	0.478606	0.477907	0.510459	0.476844	0.510031	0.458782	0.428432	0.427923	0.454081	0.451466	0.429117	0.408297	0.402827	0.401248	0.403722	0.403093	0.402569	0.49284	0.491102	0.48973	0.503458	0.50584	0.506575	0.403469	0.404716	0.427199	0.430513	0.40477	0.424892	0.398208	0.400122	0.403809	0.399649	0.400039	0.399221	0.586234	0.578518	0.579996	0.580619	0.581654	0.584078
ERR612617	0.440322	0.448732	0.450281	0.440246	0.447559	0.447783	0.317952	0.319594	0.318395	0.317121	0.319458	0.317099	0.423544	0.416182	0.425845	0.422617	0.43157	0.425615	0.392939	0.39971	0.392006	0.397132	0.394596	0.390936	0.235392	0.240396	0.258837	0.235368	0	0.245937	0.567865	0.528944	0.571567	0.577517	0.52954	0.534001	0.353594	0.354648	0.353995	0.352777	0.352788	0.35799	0.335801	0.320444	0.321776	0.337997	0.377143	0.32056	0.462638	0.470122	0.468406	0.458313	0.466658	0.460488	0.503775	0.478415	0.477851	0.510125	0.476495	0.50947	0.45824	0.428048	0.427361	0.453545	0.45081	0.42837	0.407884	0.401913	0.400783	0.403449	0.402455	0.402195	0.49268	0.491179	0.489839	0.503201	0.505976	0.506615	0.402492	0.403712	0.426272	0.429348	0.403772	0.42388	0.397499	0.399215	0.403182	0.398434	0.399073	0.398125	0.586416	0.578415	0.580246	0.580899	0.581905	0.584325
ERR612615	0.435816	0.449407	0.452112	0.436375	0.448855	0.449473	0.319131	0.330896	0.322598	0.317605	0.331097	0.319091	0.439874	0.431101	0.442641	0.438956	0.449241	0.44216	0.384381	0.398305	0.383849	0.395214	0.38753	0.382137	0.248706	0.260677	0.241501	0.247628	0.245937	0	0.564863	0.510714	0.569292	0.575909	0.511256	0.512514	0.34599	0.351011	0.342249	0.346955	0.34847	0.353825	0.342824	0.318912	0.325729	0.345729	0.392876	0.320898	0.454894	0.46259	0.460877	0.444649	0.457844	0.449334	0.50569	0.473085	0.47257	0.512632	0.470761	0.511962	0.462792	0.421707	0.421579	0.457413	0.453778	0.424213	0.404219	0.403557	0.400793	0.402748	0.400919	0.403302	0.491127	0.487318	0.485487	0.504518	0.506182	0.506738	0.421029	0.422648	0.452121	0.455312	0.422733	0.449415	0.398038	0.404711	0.399968	0.405002	0.404613	0.403192	0.569358	0.561482	0.559599	0.560506	0.56138	0.567054
ERR613123	0.562154	0.547704	0.555024	0.560645	0.556493	0.556686	0.548189	0.547724	0.548613	0.549214	0.542981	0.548461	0.591312	0.593476	0.594271	0.59126	0.59086	0.590319	0.499959	0.476319	0.498426	0.482411	0.496871	0.501344	0.567204	0.576018	0.560045	0.567272	0.567865	0.564863	0	0.339105	0.282136	0.282944	0.340545	0.367696	0.496027	0.502161	0.507017	0.491849	0.507769	0.478036	0.464845	0.498122	0.496754	0.464482	0.459057	0.502898	0.55015	0.536757	0.53893	0.575919	0.544818	0.559323	0.528033	0.542488	0.54187	0.525069	0.544967	0.527931	0.540628	0.57937	0.579254	0.545091	0.546406	0.583174	0.629861	0.643191	0.632808	0.630855	0.632824	0.629557	0.526108	0.530603	0.531624	0.522003	0.518448	0.51796	0.675492	0.676819	0.687065	0.69477	0.676818	0.693344	0.633774	0.644714	0.633675	0.642777	0.6432	0.645166	0.514973	0.515488	0.532019	0.530994	0.53261	0.516175
ERR613121	0.52401	0.526867	0.538946	0.524565	0.53745	0.539171	0.496779	0.513037	0.501912	0.497645	0.508809	0.498772	0.585084	0.58298	0.590318	0.585388	0.590718	0.585231	0.442213	0.442787	0.44337	0.446111	0.444269	0.443535	0.529371	0.547903	0.495795	0.528412	0.528944	0.510714	0.339105	0	0.347149	0.353253	0.266528	0.271502	0.440229	0.457336	0.44054	0.439616	0.461645	0.428349	0.439302	0.450289	0.462153	0.440227	0.46769	0.460454	0.514963	0.501615	0.502983	0.521661	0.503908	0.513678	0.526543	0.511819	0.511281	0.526703	0.512889	0.530012	0.531871	0.534512	0.534969	0.533797	0.532111	0.545919	0.581102	0.605998	0.591161	0.586701	0.588999	0.587657	0.511446	0.506442	0.505546	0.519976	0.511779	0.511063	0.659091	0.661011	0.682322	0.690045	0.660988	0.686922	0.594005	0.613317	0.5888	0.612658	0.61172	0.613303	0.481958	0.485548	0.480698	0.480587	0.481201	0.481439
ERR613124	0.566254	0.550241	0.556994	0.564527	0.558743	0.558778	0.552776	0.551018	0.552954	0.553933	0.546327	0.55297	0.592374	0.595056	0.595319	0.592498	0.591444	0.591318	0.505609	0.480368	0.503866	0.486493	0.501921	0.50685	0.570766	0.578883	0.565478	0.57097	0.571567	0.569292	0.282136	0.347149	0	0.283035	0.348592	0.376803	0.500768	0.505891	0.512466	0.496255	0.511431	0.482611	0.467882	0.502276	0.499704	0.467432	0.458714	0.506571	0.553577	0.540614	0.542949	0.58054	0.548826	0.563523	0.529354	0.546182	0.545396	0.526195	0.548636	0.528961	0.542207	0.583342	0.583141	0.546691	0.548158	0.586296	0.634193	0.646265	0.636597	0.634865	0.636711	0.633473	0.529066	0.534255	0.535496	0.523821	0.520818	0.520697	0.677081	0.678308	0.687462	0.694944	0.678351	0.693745	0.637385	0.647435	0.637822	0.645455	0.646117	0.648118	0.520007	0.520178	0.537688	0.536684	0.538421	0.521324
ERR613122	0.572435	0.55668	0.563693	0.570766	0.565467	0.565505	0.559383	0.557801	0.559697	0.560628	0.552887	0.559609	0.598008	0.600769	0.600836	0.597911	0.596913	0.596793	0.511845	0.486679	0.510306	0.493207	0.508441	0.513174	0.576783	0.58476	0.571655	0.576937	0.577517	0.575909	0.282944	0.353253	0.283035	0	0.354638	0.382568	0.509462	0.515109	0.520887	0.504872	0.520964	0.490881	0.475472	0.51033	0.508003	0.474912	0.465725	0.514863	0.560459	0.546876	0.549118	0.587433	0.555205	0.570319	0.535451	0.552529	0.551759	0.532074	0.555007	0.535028	0.548164	0.589847	0.589622	0.552888	0.554324	0.593384	0.640192	0.653069	0.642816	0.640969	0.64313	0.639549	0.534566	0.539485	0.540655	0.529166	0.525684	0.525515	0.682323	0.683572	0.692429	0.700036	0.683568	0.698873	0.643641	0.653971	0.64403	0.651958	0.652731	0.65453	0.524549	0.525378	0.542717	0.541713	0.543295	0.525962
ERR613120	0.524051	0.52723	0.539064	0.524552	0.537788	0.539594	0.497457	0.513878	0.502394	0.498062	0.509729	0.49937	0.585418	0.583065	0.590443	0.585345	0.591016	0.585273	0.442022	0.442711	0.443161	0.445899	0.443837	0.443387	0.529915	0.548423	0.496103	0.528995	0.52954	0.511256	0.340545	0.266528	0.348592	0.354638	0	0.270862	0.440516	0.457808	0.440747	0.439719	0.462191	0.428563	0.439946	0.450872	0.462754	0.44102	0.468406	0.461163	0.515005	0.501525	0.502959	0.521608	0.503945	0.513715	0.526763	0.511843	0.511435	0.526926	0.51309	0.530279	0.532039	0.53467	0.535284	0.534171	0.532239	0.546422	0.581233	0.60636	0.591516	0.586989	0.589392	0.587815	0.511709	0.506456	0.505547	0.520327	0.512083	0.511185	0.659405	0.661426	0.68296	0.690759	0.661436	0.687493	0.594372	0.613773	0.589044	0.613116	0.612201	0.613753	0.481674	0.485389	0.480384	0.479974	0.480781	0.481353
ERR613119	0.528055	0.536397	0.549691	0.529084	0.547458	0.549595	0.498574	0.519714	0.505167	0.499216	0.51555	0.501161	0.595856	0.592555	0.601574	0.595784	0.602848	0.595962	0.442269	0.450665	0.444553	0.453368	0.446018	0.443923	0.534305	0.555096	0.493526	0.533249	0.534001	0.512514	0.367696	0.271502	0.376803	0.382568	0.270862	0	0.444888	0.465579	0.44128	0.445024	0.469756	0.434577	0.45155	0.457037	0.47249	0.452707	0.486632	0.468832	0.521147	0.507095	0.508104	0.521465	0.507624	0.516535	0.540064	0.517873	0.517789	0.540635	0.518918	0.544184	0.543368	0.536653	0.537575	0.545117	0.54227	0.551504	0.580096	0.609892	0.593066	0.587444	0.590392	0.588618	0.521076	0.512679	0.511193	0.532657	0.522621	0.521797	0.665952	0.667962	0.691592	0.699508	0.668033	0.695897	0.596616	0.6189	0.590051	0.618586	0.617324	0.618383	0.485741	0.491707	0.478719	0.478563	0.478735	0.485104
ERR605618	0.423141	0.431039	0.436258	0.42358	0.4335	0.4353	0.340072	0.345154	0.339609	0.340178	0.345826	0.339749	0.446332	0.440998	0.450159	0.446137	0.454083	0.448035	0.360515	0.367184	0.360188	0.362709	0.359334	0.360217	0.354314	0.36422	0.347484	0.354185	0.353594	0.34599	0.496027	0.440229	0.500768	0.509462	0.440516	0.444888	0	0.259234	0.251652	0.251224	0.260131	0.254582	0.315919	0.302935	0.311653	0.317633	0.35931	0.305571	0.435513	0.438674	0.437928	0.434871	0.436366	0.435003	0.465238	0.440332	0.43944	0.469526	0.43982	0.470142	0.446287	0.426753	0.426276	0.444606	0.441659	0.427278	0.432015	0.435439	0.430925	0.430919	0.430935	0.430237	0.467383	0.465901	0.465146	0.476629	0.478456	0.477651	0.47472	0.47646	0.495358	0.501015	0.476256	0.497169	0.433532	0.439997	0.433858	0.43934	0.438901	0.440389	0.525877	0.517599	0.51988	0.520423	0.521555	0.523602
ERR605622	0.429956	0.432034	0.432793	0.429868	0.431198	0.432096	0.347393	0.34657	0.345969	0.347114	0.347151	0.346061	0.44114	0.437076	0.443322	0.441051	0.446779	0.442826	0.373605	0.373836	0.372102	0.369821	0.371843	0.372434	0.355885	0.361541	0.3581	0.355669	0.354648	0.351011	0.502161	0.457336	0.505891	0.515109	0.457808	0.465579	0.259234	0	0.267934	0.259189	0.251112	0.263244	0.315553	0.306389	0.30726	0.317328	0.348044	0.304619	0.439156	0.445618	0.44497	0.443875	0.444095	0.441615	0.463755	0.445984	0.444669	0.468641	0.4452	0.467536	0.444935	0.432389	0.431725	0.442606	0.440742	0.426975	0.44087	0.434272	0.43496	0.437779	0.435485	0.437045	0.470889	0.472947	0.472805	0.47741	0.482729	0.482005	0.4689	0.470562	0.485474	0.489763	0.470034	0.486627	0.436339	0.435899	0.438531	0.435186	0.434947	0.438151	0.537751	0.526716	0.534117	0.534906	0.536188	0.535512
ERR605617	0.424242	0.43771	0.444403	0.425308	0.440763	0.442908	0.336793	0.348005	0.338101	0.33693	0.348493	0.337298	0.456303	0.449526	0.460637	0.455754	0.465743	0.458005	0.35795	0.372142	0.358654	0.367507	0.358571	0.357606	0.355088	0.367855	0.339747	0.354462	0.353995	0.342249	0.507017	0.44054	0.512466	0.520887	0.440747	0.44128	0.251652	0.267934	0	0.25506	0.268093	0.259764	0.326223	0.306577	0.319952	0.328181	0.377409	0.312004	0.438126	0.440846	0.439976	0.43129	0.436854	0.434329	0.475578	0.444077	0.443286	0.480448	0.443004	0.481241	0.455076	0.425518	0.425383	0.452989	0.449214	0.429295	0.427104	0.435835	0.429045	0.427783	0.428265	0.427679	0.473468	0.469324	0.468141	0.485449	0.4855	0.484898	0.479499	0.481375	0.503768	0.509638	0.481299	0.505106	0.432169	0.442203	0.430952	0.441897	0.441053	0.442247	0.5257	0.519052	0.516155	0.516918	0.517789	0.52333
ERR605619	0.423623	0.430102	0.434708	0.423698	0.432268	0.43362	0.340021	0.343593	0.339586	0.339958	0.343821	0.339377	0.443403	0.438554	0.447225	0.443198	0.450983	0.444915	0.360692	0.365613	0.360237	0.361417	0.359652	0.360423	0.353476	0.362094	0.349048	0.353307	0.352777	0.346955	0.491849	0.439616	0.496255	0.504872	0.439719	0.445024	0.251224	0.259189	0.25506	0	0.260456	0.253634	0.312898	0.303417	0.309206	0.314691	0.354291	0.306312	0.435063	0.438379	0.437789	0.436493	0.436366	0.435602	0.462382	0.439909	0.438856	0.46681	0.439218	0.467269	0.443747	0.427226	0.426783	0.442172	0.439508	0.428052	0.434074	0.436928	0.432661	0.432777	0.43282	0.431698	0.465883	0.464877	0.464147	0.474804	0.476522	0.475836	0.473509	0.475055	0.492779	0.498517	0.474977	0.494708	0.434556	0.440669	0.435696	0.439916	0.439578	0.441519	0.526187	0.518398	0.521165	0.521792	0.522875	0.524172
ERR605621	0.430349	0.432852	0.433138	0.43018	0.43142	0.432353	0.346434	0.34613	0.345228	0.345942	0.346725	0.344824	0.441505	0.437116	0.443511	0.44127	0.447015	0.44321	0.374613	0.375837	0.373241	0.371509	0.373092	0.373298	0.353974	0.359539	0.355826	0.353699	0.352788	0.34847	0.507769	0.461645	0.511431	0.520964	0.462191	0.469756	0.260131	0.251112	0.268093	0.260456	0	0.265706	0.317734	0.305996	0.307068	0.31913	0.350499	0.303942	0.439471	0.446596	0.445929	0.44335	0.444918	0.44147	0.465697	0.447073	0.446013	0.471051	0.44615	0.469706	0.446335	0.431515	0.430677	0.44346	0.441413	0.425701	0.439473	0.432005	0.433138	0.436161	0.433757	0.43565	0.472846	0.474818	0.474574	0.479631	0.485031	0.484575	0.466623	0.468142	0.483769	0.487531	0.467662	0.484469	0.434203	0.433575	0.436453	0.432787	0.432651	0.435652	0.540292	0.528974	0.536198	0.537043	0.538418	0.538083
ERR605620	0.424497	0.429596	0.435802	0.424226	0.433705	0.43509	0.342814	0.345871	0.34242	0.343456	0.345576	0.342569	0.444836	0.440347	0.448829	0.44448	0.451985	0.445928	0.358561	0.361029	0.357771	0.357437	0.35686	0.358251	0.35827	0.367515	0.354557	0.358104	0.35799	0.353825	0.478036	0.428349	0.482611	0.490881	0.428563	0.434577	0.254582	0.263244	0.259764	0.253634	0.265706	0	0.310082	0.306076	0.312697	0.311753	0.350456	0.309797	0.436071	0.436789	0.43639	0.43913	0.435602	0.436944	0.459261	0.438284	0.437237	0.462983	0.437811	0.46407	0.44251	0.430088	0.429848	0.441477	0.439039	0.431887	0.438809	0.444449	0.438424	0.437665	0.438685	0.436345	0.461666	0.460384	0.459754	0.470249	0.470663	0.469956	0.479956	0.48183	0.498309	0.504937	0.481554	0.501137	0.440774	0.447983	0.441795	0.446838	0.446884	0.44905	0.520817	0.514216	0.516856	0.517262	0.518498	0.518951
ERR613638	0.433852	0.432563	0.435638	0.433217	0.434487	0.435129	0.335245	0.327523	0.332561	0.335624	0.326654	0.334043	0.431576	0.428851	0.434351	0.431623	0.435938	0.432681	0.352842	0.342655	0.350622	0.341577	0.349607	0.352134	0.33518	0.337575	0.350461	0.335784	0.335801	0.342824	0.464845	0.439302	0.467882	0.475472	0.439946	0.45155	0.315919	0.315553	0.326223	0.312898	0.317734	0.310082	0	0.264953	0.262214	0.254569	0.28356	0.265605	0.447512	0.449556	0.449616	0.45646	0.449834	0.451167	0.46752	0.455044	0.453837	0.471353	0.454366	0.47162	0.441301	0.438606	0.438113	0.440375	0.439101	0.437368	0.45109	0.449519	0.446129	0.447491	0.44793	0.445841	0.467657	0.469768	0.469515	0.473263	0.475684	0.475673	0.468697	0.470065	0.480876	0.486237	0.469818	0.483659	0.446148	0.448451	0.450356	0.446976	0.447692	0.449173	0.541239	0.53349	0.540259	0.540585	0.541903	0.539627
ERR613635	0.429943	0.437123	0.44	0.430293	0.437742	0.438841	0.318672	0.320308	0.31817	0.318076	0.320307	0.317672	0.439073	0.43346	0.442213	0.438887	0.446253	0.441097	0.346772	0.350575	0.345831	0.347674	0.346359	0.345665	0.320628	0.327582	0.324171	0.320686	0.320444	0.318912	0.498122	0.450289	0.502276	0.51033	0.450872	0.457037	0.302935	0.306389	0.306577	0.303417	0.305996	0.306076	0.264953	0	0.255911	0.266982	0.313854	0.251321	0.445869	0.450871	0.450226	0.444563	0.448422	0.444592	0.481515	0.457142	0.456189	0.486751	0.455705	0.486482	0.451477	0.429051	0.428073	0.448586	0.445803	0.428431	0.433553	0.433036	0.429866	0.431268	0.430647	0.431001	0.478504	0.477796	0.476712	0.487811	0.490614	0.490297	0.460875	0.462596	0.480088	0.484414	0.462145	0.480736	0.430282	0.434643	0.432582	0.43382	0.433936	0.434573	0.546025	0.537405	0.539559	0.540235	0.541166	0.54382
ERR613637	0.435011	0.436372	0.436021	0.434544	0.434464	0.435061	0.325448	0.31979	0.323524	0.324661	0.319949	0.323521	0.431292	0.427427	0.433303	0.431261	0.436289	0.432986	0.358345	0.353883	0.356347	0.35143	0.35687	0.356886	0.321936	0.323784	0.33643	0.322417	0.321776	0.325729	0.496754	0.462153	0.499704	0.508003	0.462754	0.47249	0.311653	0.30726	0.319952	0.309206	0.307068	0.312697	0.262214	0.255911	0	0.263563	0.296531	0.253915	0.448373	0.455381	0.45461	0.453134	0.453941	0.450374	0.477286	0.460362	0.459335	0.482588	0.459084	0.481595	0.447716	0.434453	0.433282	0.444633	0.44276	0.430359	0.442481	0.434982	0.435245	0.438385	0.436663	0.437552	0.479248	0.481293	0.480685	0.485633	0.490555	0.49056	0.454898	0.456344	0.469812	0.473043	0.455927	0.470269	0.433898	0.43352	0.438172	0.432551	0.432772	0.434414	0.555018	0.544794	0.551569	0.552316	0.553427	0.553216
