	ERR637113	ERR637116	ERR637115	ERR637114	ERR637111	ERR637112	ERR630257	ERR630259	ERR630255	ERR630258	ERR630254	ERR630256	ERR607315	ERR607313	ERR607314	ERR607316	ERR607312	ERR607311	ERR612254	ERR612251	ERR612252	ERR612253	ERR612255	ERR612256	ERR621933	ERR621932	ERR621935	ERR621931	ERR621934	ERR621936	ERR612782	ERR612777	ERR612778	ERR612781	ERR612780	ERR612779	ERR637031	ERR637027	ERR637030	ERR637029	ERR637028	ERR637032	ERR629982	ERR629983	ERR629986	ERR629984	ERR629985	ERR629987	ERR617661	ERR617666	ERR617664	ERR617665	ERR617662	ERR617663	ERR626607	ERR626603	ERR626606	ERR626602	ERR626605	ERR626604	ERR618702	ERR618699	ERR618701	ERR618703	ERR618700	ERR618704	ERR638318	ERR638316	ERR638319	ERR638315	ERR638320	ERR638317	ERR617759	ERR617762	ERR617758	ERR617761	ERR617760	ERR617757	ERR618293	ERR618292	ERR618295	ERR618296	ERR618291	ERR618294	ERR630080	ERR630081	ERR630078	ERR630082	ERR630079	ERR630083	ERR616156	ERR616158	ERR616159	ERR616157	ERR616154	ERR616155
ERR637113	4.56912e+08	3.25775e+08	3.2965e+08	3.2804e+08	3.09546e+08	3.43711e+08	1.5475e+08	1.48741e+08	1.88642e+08	1.66545e+08	2.17324e+08	1.74295e+08	2.0304e+08	2.51673e+08	1.95516e+08	2.08719e+08	2.50657e+08	2.29811e+08	2.93314e+08	3.06518e+08	2.92818e+08	2.95284e+08	2.37849e+08	2.80326e+08	2.60261e+08	2.61364e+08	2.96746e+08	2.8979e+08	3.00392e+08	3.01214e+08	2.40339e+08	2.85652e+08	1.90291e+08	2.43808e+08	2.40236e+08	2.58912e+08	3.46615e+08	3.18162e+08	2.85705e+08	3.21288e+08	2.63877e+08	3.36792e+08	2.11544e+08	1.80634e+08	1.76559e+08	2.0821e+08	1.8076e+08	1.78645e+08	2.30933e+08	2.29343e+08	2.35036e+08	2.32636e+08	9.88863e+07	1.57541e+08	1.48908e+08	1.56857e+08	1.49741e+08	1.78969e+08	1.46665e+08	1.28596e+08	1.71157e+08	1.95066e+08	1.86251e+08	1.72186e+08	1.85026e+08	1.69439e+08	2.54589e+08	2.01988e+08	2.59549e+08	2.3982e+08	2.59955e+08	2.06694e+08	2.25045e+08	2.16947e+08	2.14051e+08	1.94642e+08	2.12459e+08	1.78632e+08	1.99913e+08	1.90337e+08	1.90056e+08	1.85175e+08	1.9473e+08	1.95361e+08	2.35324e+08	1.72723e+08	2.47812e+08	2.12111e+08	2.17444e+08	2.18981e+08	1.51312e+08	1.95063e+08	2.00762e+08	1.93828e+08	1.58678e+08	1.74937e+08
ERR637116	3.25775e+08	4.6687e+08	3.35006e+08	3.3335e+08	3.12474e+08	3.47281e+08	1.56389e+08	1.50061e+08	1.90593e+08	1.68397e+08	2.19595e+08	1.76019e+08	2.06125e+08	2.54929e+08	1.98407e+08	2.11806e+08	2.54328e+08	2.33064e+08	2.97544e+08	3.10752e+08	2.96661e+08	2.9927e+08	2.41137e+08	2.84317e+08	2.64032e+08	2.65179e+08	3.01098e+08	2.94177e+08	3.05226e+08	3.0603e+08	2.43192e+08	2.89076e+08	1.92482e+08	2.46757e+08	2.4302e+08	2.6189e+08	3.50159e+08	3.2174e+08	2.88814e+08	3.24889e+08	2.66456e+08	3.40301e+08	2.14155e+08	1.82643e+08	1.78305e+08	2.10748e+08	1.82581e+08	1.80487e+08	2.34559e+08	2.32503e+08	2.38158e+08	2.35626e+08	9.997e+07	1.5997e+08	1.51237e+08	1.59123e+08	1.52211e+08	1.81669e+08	1.49031e+08	1.30281e+08	1.73032e+08	1.97185e+08	1.88265e+08	1.74232e+08	1.87043e+08	1.71337e+08	2.57759e+08	2.04279e+08	2.62889e+08	2.42844e+08	2.63209e+08	2.0931e+08	2.33174e+08	2.19827e+08	2.21635e+08	1.97191e+08	2.15159e+08	1.8483e+08	2.02351e+08	1.92629e+08	1.92209e+08	1.87191e+08	1.96633e+08	1.97648e+08	2.37626e+08	1.73798e+08	2.49828e+08	2.1347e+08	2.19303e+08	2.20485e+08	1.54064e+08	1.97953e+08	2.03991e+08	1.9692e+08	1.61358e+08	1.77846e+08
ERR637115	3.2965e+08	3.35006e+08	4.76854e+08	3.37374e+08	3.16058e+08	3.5138e+08	1.58566e+08	1.52305e+08	1.93246e+08	1.70691e+08	2.22678e+08	1.78632e+08	2.08118e+08	2.57548e+08	2.00101e+08	2.14032e+08	2.56892e+08	2.35416e+08	3.00741e+08	3.1416e+08	2.99974e+08	3.02548e+08	2.43635e+08	2.87553e+08	2.66829e+08	2.68059e+08	3.04506e+08	2.97409e+08	3.08526e+08	3.09297e+08	2.45725e+08	2.92245e+08	1.9452e+08	2.49364e+08	2.45506e+08	2.64718e+08	3.54951e+08	3.25913e+08	2.92434e+08	3.28903e+08	2.69871e+08	3.44859e+08	2.17118e+08	1.85033e+08	1.80839e+08	2.13543e+08	1.85253e+08	1.82987e+08	2.37598e+08	2.35462e+08	2.41328e+08	2.38805e+08	1.01228e+08	1.62014e+08	1.5319e+08	1.61178e+08	1.54119e+08	1.84099e+08	1.50956e+08	1.3198e+08	1.75489e+08	1.99877e+08	1.90875e+08	1.76594e+08	1.89703e+08	1.73782e+08	2.61205e+08	2.0689e+08	2.66246e+08	2.45912e+08	2.66706e+08	2.11941e+08	2.35074e+08	2.22767e+08	2.23588e+08	1.99815e+08	2.1798e+08	1.8644e+08	2.05136e+08	1.95242e+08	1.94894e+08	1.89908e+08	1.994e+08	2.00442e+08	2.41002e+08	1.76452e+08	2.53595e+08	2.16713e+08	2.22535e+08	2.23702e+08	1.55954e+08	2.00471e+08	2.06687e+08	1.99569e+08	1.63378e+08	1.80113e+08
ERR637114	3.2804e+08	3.3335e+08	3.37374e+08	4.7231e+08	3.14506e+08	3.49681e+08	1.58003e+08	1.51718e+08	1.9253e+08	1.70199e+08	2.21921e+08	1.7792e+08	2.07134e+08	2.56361e+08	1.9927e+08	2.12945e+08	2.55745e+08	2.34236e+08	2.99251e+08	3.1263e+08	2.98326e+08	3.01051e+08	2.42487e+08	2.85986e+08	2.65564e+08	2.66694e+08	3.02848e+08	2.95834e+08	3.06956e+08	3.0772e+08	2.44421e+08	2.90545e+08	1.93304e+08	2.48103e+08	2.4423e+08	2.63229e+08	3.52748e+08	3.23993e+08	2.90841e+08	3.27183e+08	2.6825e+08	3.42848e+08	2.16261e+08	1.84421e+08	1.80121e+08	2.12697e+08	1.84401e+08	1.82199e+08	2.36885e+08	2.34693e+08	2.40409e+08	2.37838e+08	1.00862e+08	1.61447e+08	1.52599e+08	1.60627e+08	1.5353e+08	1.83225e+08	1.50352e+08	1.31442e+08	1.74892e+08	1.99213e+08	1.90176e+08	1.75873e+08	1.8886e+08	1.72984e+08	2.59532e+08	2.05572e+08	2.64571e+08	2.44468e+08	2.64925e+08	2.10542e+08	2.35111e+08	2.22072e+08	2.23567e+08	1.99166e+08	2.17268e+08	1.86387e+08	2.04226e+08	1.94407e+08	1.93973e+08	1.89039e+08	1.98556e+08	1.99529e+08	2.39786e+08	1.75306e+08	2.52223e+08	2.1552e+08	2.21142e+08	2.22423e+08	1.55438e+08	1.99748e+08	2.05844e+08	1.98695e+08	1.62781e+08	1.79464e+08
ERR637111	3.09546e+08	3.12474e+08	3.16058e+08	3.14506e+08	4.24899e+08	3.29637e+08	1.47841e+08	1.41945e+08	1.80102e+08	1.59138e+08	2.07455e+08	1.66387e+08	1.9442e+08	2.40862e+08	1.87141e+08	1.99898e+08	2.40087e+08	2.2008e+08	2.80889e+08	2.93375e+08	2.80299e+08	2.82736e+08	2.27769e+08	2.68261e+08	2.49042e+08	2.50049e+08	2.83764e+08	2.77223e+08	2.87625e+08	2.88403e+08	2.30409e+08	2.7363e+08	1.82572e+08	2.33887e+08	2.30216e+08	2.48253e+08	3.31654e+08	3.04592e+08	2.73601e+08	3.07385e+08	2.52859e+08	3.22341e+08	2.02067e+08	1.72461e+08	1.68613e+08	1.98834e+08	1.72491e+08	1.70522e+08	2.20439e+08	2.19103e+08	2.24395e+08	2.2193e+08	9.45187e+07	1.50707e+08	1.42213e+08	1.49918e+08	1.43138e+08	1.70964e+08	1.40128e+08	1.22822e+08	1.63435e+08	1.86183e+08	1.77727e+08	1.64351e+08	1.76642e+08	1.61642e+08	2.44056e+08	1.93869e+08	2.48873e+08	2.30088e+08	2.49207e+08	1.98411e+08	2.15451e+08	2.07276e+08	2.04792e+08	1.86025e+08	2.02983e+08	1.70942e+08	1.90778e+08	1.81615e+08	1.8138e+08	1.7666e+08	1.85795e+08	1.86517e+08	2.25507e+08	1.65545e+08	2.37417e+08	2.03268e+08	2.08283e+08	2.0977e+08	1.44547e+08	1.8624e+08	1.91851e+08	1.85178e+08	1.51647e+08	1.67078e+08
ERR637112	3.43711e+08	3.47281e+08	3.5138e+08	3.49681e+08	3.29637e+08	5.1096e+08	1.65716e+08	1.59181e+08	2.02135e+08	1.78621e+08	2.32901e+08	1.8681e+08	2.16455e+08	2.68047e+08	2.08118e+08	2.22608e+08	2.67383e+08	2.44759e+08	3.13201e+08	3.27335e+08	3.12205e+08	3.15074e+08	2.53632e+08	2.99278e+08	2.78002e+08	2.79354e+08	3.17035e+08	3.09886e+08	3.21515e+08	3.22223e+08	2.55485e+08	3.04043e+08	2.02044e+08	2.5926e+08	2.55342e+08	2.7528e+08	3.69204e+08	3.39199e+08	3.04128e+08	3.42574e+08	2.80597e+08	3.58772e+08	2.27247e+08	1.9368e+08	1.89191e+08	2.23564e+08	1.93575e+08	1.91214e+08	2.48396e+08	2.46152e+08	2.52225e+08	2.49601e+08	1.05609e+08	1.6926e+08	1.60179e+08	1.6863e+08	1.61107e+08	1.92417e+08	1.57742e+08	1.37825e+08	1.83426e+08	2.08957e+08	1.99533e+08	1.84535e+08	1.98133e+08	1.8153e+08	2.71266e+08	2.14667e+08	2.76588e+08	2.55469e+08	2.76888e+08	2.20101e+08	2.46258e+08	2.32634e+08	2.3416e+08	2.08712e+08	2.27647e+08	1.95293e+08	2.14326e+08	2.04067e+08	2.03603e+08	1.98399e+08	2.08424e+08	2.09441e+08	2.50986e+08	1.83331e+08	2.64064e+08	2.25396e+08	2.31489e+08	2.3255e+08	1.63141e+08	2.09802e+08	2.16168e+08	2.08869e+08	1.70869e+08	1.88359e+08
ERR630257	1.5475e+08	1.56389e+08	1.58566e+08	1.58003e+08	1.47841e+08	1.65716e+08	2.83004e+08	1.72742e+08	2.17928e+08	1.93181e+08	2.50028e+08	2.01608e+08	1.076e+08	1.36374e+08	1.03454e+08	1.11116e+08	1.35585e+08	1.23531e+08	1.5336e+08	1.61156e+08	1.53672e+08	1.54893e+08	1.22663e+08	1.46524e+08	1.37168e+08	1.38356e+08	1.57339e+08	1.53917e+08	1.59429e+08	1.60055e+08	1.232e+08	1.49302e+08	9.5975e+07	1.25307e+08	1.23009e+08	1.33987e+08	1.83246e+08	1.66212e+08	1.475e+08	1.68223e+08	1.3528e+08	1.77679e+08	2.13053e+08	1.82594e+08	1.79182e+08	2.09743e+08	1.83115e+08	1.81209e+08	2.28252e+08	2.28687e+08	2.34173e+08	2.31885e+08	1.00773e+08	1.57703e+08	1.48827e+08	1.57111e+08	1.49432e+08	1.7813e+08	1.4663e+08	1.29546e+08	1.71843e+08	1.95987e+08	1.87233e+08	1.73289e+08	1.86325e+08	1.70222e+08	1.30179e+08	1.01486e+08	1.32901e+08	1.2223e+08	1.32905e+08	1.04117e+08	2.03127e+08	2.08051e+08	1.93262e+08	1.87753e+08	2.04352e+08	1.61928e+08	2.00362e+08	1.90813e+08	1.90672e+08	1.86145e+08	1.95866e+08	1.95703e+08	1.56473e+08	1.14122e+08	1.65122e+08	1.40869e+08	1.43827e+08	1.45255e+08	1.47451e+08	1.90019e+08	1.95514e+08	1.8927e+08	1.55096e+08	1.70593e+08
ERR630259	1.48741e+08	1.50061e+08	1.52305e+08	1.51718e+08	1.41945e+08	1.59181e+08	1.72742e+08	2.65808e+08	2.09737e+08	1.85462e+08	2.40284e+08	1.93892e+08	1.03308e+08	1.31241e+08	9.94339e+07	1.06733e+08	1.30267e+08	1.18891e+08	1.47302e+08	1.54748e+08	1.47818e+08	1.48895e+08	1.17796e+08	1.40753e+08	1.31511e+08	1.3257e+08	1.50623e+08	1.47488e+08	1.52579e+08	1.53289e+08	1.1851e+08	1.43548e+08	9.24206e+07	1.20617e+08	1.18343e+08	1.28925e+08	1.76423e+08	1.59781e+08	1.41958e+08	1.6189e+08	1.30279e+08	1.71004e+08	2.04177e+08	1.75389e+08	1.72293e+08	2.01138e+08	1.76144e+08	1.74283e+08	2.18479e+08	2.1949e+08	2.24734e+08	2.22572e+08	9.72627e+07	1.51365e+08	1.42417e+08	1.50366e+08	1.42929e+08	1.70555e+08	1.40192e+08	1.24407e+08	1.65148e+08	1.8837e+08	1.80177e+08	1.66485e+08	1.79204e+08	1.63487e+08	1.24975e+08	9.75781e+07	1.27554e+08	1.17353e+08	1.27489e+08	9.9888e+07	1.897e+08	1.99001e+08	1.80343e+08	1.79763e+08	1.95706e+08	1.51388e+08	1.92384e+08	1.83414e+08	1.83434e+08	1.79013e+08	1.88486e+08	1.87968e+08	1.504e+08	1.10161e+08	1.58673e+08	1.35956e+08	1.38419e+08	1.40169e+08	1.40966e+08	1.82015e+08	1.87352e+08	1.81282e+08	1.48535e+08	1.63134e+08
ERR630255	1.88642e+08	1.90593e+08	1.93246e+08	1.9253e+08	1.80102e+08	2.02135e+08	2.17928e+08	2.09737e+08	3.9277e+08	2.33983e+08	3.04468e+08	2.45362e+08	1.31755e+08	1.67091e+08	1.26741e+08	1.36025e+08	1.65998e+08	1.51348e+08	1.87726e+08	1.9735e+08	1.88262e+08	1.89621e+08	1.50134e+08	1.7948e+08	1.67902e+08	1.69309e+08	1.92488e+08	1.88504e+08	1.9507e+08	1.95857e+08	1.5075e+08	1.82559e+08	1.17367e+08	1.53349e+08	1.50459e+08	1.6385e+08	2.24367e+08	2.03468e+08	1.80584e+08	2.06006e+08	1.65814e+08	2.17668e+08	2.5918e+08	2.22149e+08	2.17963e+08	2.55067e+08	2.22782e+08	2.20468e+08	2.77576e+08	2.78038e+08	2.8487e+08	2.82055e+08	1.21926e+08	1.91388e+08	1.80754e+08	1.90713e+08	1.81433e+08	2.16584e+08	1.78028e+08	1.57448e+08	2.09051e+08	2.38403e+08	2.27748e+08	2.10561e+08	2.26679e+08	2.0694e+08	1.59351e+08	1.24223e+08	1.62713e+08	1.49515e+08	1.6274e+08	1.2736e+08	2.46317e+08	2.53053e+08	2.34224e+08	2.28343e+08	2.48514e+08	1.96099e+08	2.43955e+08	2.32256e+08	2.32141e+08	2.26506e+08	2.38372e+08	2.38344e+08	1.91301e+08	1.39559e+08	2.01787e+08	1.72216e+08	1.75885e+08	1.77516e+08	1.79159e+08	2.31183e+08	2.38063e+08	2.30275e+08	1.88467e+08	2.07268e+08
ERR630258	1.66545e+08	1.68397e+08	1.70691e+08	1.70199e+08	1.59138e+08	1.78621e+08	1.93181e+08	1.85462e+08	2.33983e+08	3.18409e+08	2.6857e+08	2.16554e+08	1.16187e+08	1.46966e+08	1.11623e+08	1.19921e+08	1.46194e+08	1.3322e+08	1.65394e+08	1.73825e+08	1.65594e+08	1.6705e+08	1.32289e+08	1.58055e+08	1.47999e+08	1.49108e+08	1.69673e+08	1.6619e+08	1.7192e+08	1.72674e+08	1.32522e+08	1.60731e+08	1.03232e+08	1.34836e+08	1.32483e+08	1.4403e+08	1.97514e+08	1.7917e+08	1.59133e+08	1.81393e+08	1.45725e+08	1.9165e+08	2.2907e+08	1.96273e+08	1.92479e+08	2.25483e+08	1.96588e+08	1.94668e+08	2.45526e+08	2.45567e+08	2.51606e+08	2.49041e+08	1.07823e+08	1.69382e+08	1.59873e+08	1.68719e+08	1.60532e+08	1.91368e+08	1.57429e+08	1.39087e+08	1.84493e+08	2.10331e+08	2.01081e+08	1.86048e+08	1.99888e+08	1.82857e+08	1.40496e+08	1.09519e+08	1.4339e+08	1.31924e+08	1.43332e+08	1.12208e+08	2.20209e+08	2.23809e+08	2.09474e+08	2.01824e+08	2.19745e+08	1.75511e+08	2.15162e+08	2.04928e+08	2.04931e+08	1.9985e+08	2.10127e+08	2.10347e+08	1.68348e+08	1.22565e+08	1.7753e+08	1.51285e+08	1.54628e+08	1.56034e+08	1.58785e+08	2.04594e+08	2.1058e+08	2.03716e+08	1.66972e+08	1.83623e+08
ERR630254	2.17324e+08	2.19595e+08	2.22678e+08	2.21921e+08	2.07455e+08	2.32901e+08	2.50028e+08	2.40284e+08	3.04468e+08	2.6857e+08	4.98141e+08	2.8154e+08	1.52062e+08	1.92494e+08	1.4595e+08	1.56969e+08	1.91313e+08	1.74333e+08	2.165e+08	2.27713e+08	2.16971e+08	2.18632e+08	1.7319e+08	2.06887e+08	1.93732e+08	1.95382e+08	2.22203e+08	2.17633e+08	2.25185e+08	2.26061e+08	1.73568e+08	2.10411e+08	1.35016e+08	1.76556e+08	1.73245e+08	1.88672e+08	2.58386e+08	2.34523e+08	2.0795e+08	2.3734e+08	1.90772e+08	2.50703e+08	2.98175e+08	2.55039e+08	2.50164e+08	2.93485e+08	2.55691e+08	2.52942e+08	3.1969e+08	3.19765e+08	3.27662e+08	3.24309e+08	1.39249e+08	2.19815e+08	2.07953e+08	2.19326e+08	2.08797e+08	2.49271e+08	2.04733e+08	1.80614e+08	2.39918e+08	2.74009e+08	2.61712e+08	2.41886e+08	2.60252e+08	2.3773e+08	1.83605e+08	1.43045e+08	1.87532e+08	1.72457e+08	1.87372e+08	1.46855e+08	2.86614e+08	2.90964e+08	2.72504e+08	2.62264e+08	2.85637e+08	2.28132e+08	2.80085e+08	2.66605e+08	2.66384e+08	2.60006e+08	2.73595e+08	2.73723e+08	2.20224e+08	1.60231e+08	2.32351e+08	1.97821e+08	2.02271e+08	2.03933e+08	2.06055e+08	2.66039e+08	2.7393e+08	2.64738e+08	2.16744e+08	2.38603e+08
ERR630256	1.74295e+08	1.76019e+08	1.78632e+08	1.7792e+08	1.66387e+08	1.8681e+08	2.01608e+08	1.93892e+08	2.45362e+08	2.16554e+08	2.8154e+08	3.45564e+08	1.21463e+08	1.53831e+08	1.16699e+08	1.25461e+08	1.5292e+08	1.39397e+08	1.72854e+08	1.81789e+08	1.73361e+08	1.74684e+08	1.38304e+08	1.65286e+08	1.54676e+08	1.55964e+08	1.7739e+08	1.73742e+08	1.79845e+08	1.80612e+08	1.38821e+08	1.68321e+08	1.08125e+08	1.41336e+08	1.38711e+08	1.50915e+08	2.06514e+08	1.87423e+08	1.6626e+08	1.8968e+08	1.52514e+08	2.00454e+08	2.39613e+08	2.05247e+08	2.01388e+08	2.36017e+08	2.05767e+08	2.03503e+08	2.56629e+08	2.56897e+08	2.63175e+08	2.60567e+08	1.12733e+08	1.77133e+08	1.67171e+08	1.76323e+08	1.67796e+08	2.00267e+08	1.64622e+08	1.45459e+08	1.93069e+08	2.20301e+08	2.10469e+08	1.94696e+08	2.09228e+08	1.91295e+08	1.46942e+08	1.14367e+08	1.49934e+08	1.37939e+08	1.49816e+08	1.17407e+08	2.2958e+08	2.33962e+08	2.18332e+08	2.11018e+08	2.29707e+08	1.82953e+08	2.25104e+08	2.14362e+08	2.14144e+08	2.0901e+08	2.19957e+08	2.20042e+08	1.76245e+08	1.28412e+08	1.85997e+08	1.58457e+08	1.61963e+08	1.63452e+08	1.66084e+08	2.14049e+08	2.20326e+08	2.12981e+08	1.74583e+08	1.9214e+08
ERR607315	2.0304e+08	2.06125e+08	2.08118e+08	2.07134e+08	1.9442e+08	2.16455e+08	1.076e+08	1.03308e+08	1.31755e+08	1.16187e+08	1.52062e+08	1.21463e+08	2.98954e+08	2.37741e+08	1.89074e+08	2.01495e+08	2.38001e+08	2.18764e+08	2.39633e+08	2.49263e+08	2.38688e+08	2.41069e+08	1.95619e+08	2.29603e+08	2.09612e+08	2.1022e+08	2.38739e+08	2.32969e+08	2.41695e+08	2.42291e+08	1.90487e+08	2.25193e+08	1.51964e+08	1.93228e+08	1.90137e+08	2.0421e+08	2.53662e+08	2.32686e+08	2.0889e+08	2.3509e+08	1.92446e+08	2.46759e+08	1.52214e+08	1.29755e+08	1.26734e+08	1.49799e+08	1.29732e+08	1.28264e+08	1.64456e+08	1.62384e+08	1.66705e+08	1.64616e+08	6.77925e+07	1.10665e+08	1.07487e+08	1.1317e+08	1.08233e+08	1.29498e+08	1.0601e+08	9.23423e+07	1.18989e+08	1.35545e+08	1.2962e+08	1.19828e+08	1.28706e+08	1.17871e+08	1.81085e+08	1.43946e+08	1.84128e+08	1.70797e+08	1.84605e+08	1.4747e+08	1.72852e+08	1.50414e+08	1.64204e+08	1.34925e+08	1.4705e+08	1.36997e+08	1.42559e+08	1.35775e+08	1.35542e+08	1.31956e+08	1.38436e+08	1.39618e+08	1.6523e+08	1.19837e+08	1.74084e+08	1.47684e+08	1.52086e+08	1.52601e+08	1.13318e+08	1.45285e+08	1.49878e+08	1.44734e+08	1.18319e+08	1.30709e+08
ERR607313	2.51673e+08	2.54929e+08	2.57548e+08	2.56361e+08	2.40862e+08	2.68047e+08	1.36374e+08	1.31241e+08	1.67091e+08	1.46966e+08	1.92494e+08	1.53831e+08	2.37741e+08	4.23423e+08	2.29448e+08	2.44508e+08	2.92382e+08	2.68753e+08	2.9584e+08	3.07818e+08	2.95188e+08	2.97793e+08	2.40677e+08	2.83315e+08	2.58025e+08	2.58973e+08	2.94213e+08	2.86815e+08	2.97645e+08	2.98493e+08	2.3632e+08	2.79566e+08	1.88304e+08	2.39871e+08	2.35928e+08	2.53982e+08	3.17204e+08	2.90231e+08	2.60867e+08	2.93294e+08	2.40369e+08	3.08373e+08	1.91305e+08	1.63346e+08	1.60139e+08	1.88265e+08	1.63858e+08	1.62051e+08	2.05393e+08	2.04108e+08	2.09348e+08	2.06967e+08	8.59253e+07	1.38703e+08	1.34351e+08	1.41769e+08	1.35152e+08	1.62061e+08	1.32415e+08	1.1604e+08	1.50171e+08	1.71431e+08	1.63948e+08	1.51141e+08	1.62894e+08	1.48553e+08	2.2385e+08	1.77606e+08	2.27758e+08	2.11022e+08	2.28134e+08	1.81848e+08	2.0471e+08	1.88593e+08	1.94478e+08	1.69329e+08	1.84811e+08	1.62417e+08	1.79437e+08	1.70903e+08	1.7076e+08	1.66644e+08	1.75087e+08	1.75779e+08	2.08068e+08	1.52027e+08	2.19325e+08	1.87266e+08	1.91912e+08	1.93339e+08	1.41009e+08	1.82183e+08	1.87769e+08	1.81161e+08	1.47927e+08	1.63195e+08
ERR607314	1.95516e+08	1.98407e+08	2.00101e+08	1.9927e+08	1.87141e+08	2.08118e+08	1.03454e+08	9.94339e+07	1.26741e+08	1.11623e+08	1.4595e+08	1.16699e+08	1.89074e+08	2.29448e+08	2.81154e+08	1.94332e+08	2.2939e+08	2.11197e+08	2.3097e+08	2.40362e+08	2.30254e+08	2.32504e+08	1.88546e+08	2.21375e+08	2.0186e+08	2.02461e+08	2.29777e+08	2.24238e+08	2.3266e+08	2.3333e+08	1.84124e+08	2.17311e+08	1.46941e+08	1.86796e+08	1.83775e+08	1.97311e+08	2.44209e+08	2.23926e+08	2.01284e+08	2.26086e+08	1.85477e+08	2.37579e+08	1.46004e+08	1.2453e+08	1.21808e+08	1.43705e+08	1.24558e+08	1.23292e+08	1.57415e+08	1.55803e+08	1.59678e+08	1.58059e+08	6.52034e+07	1.06086e+08	1.02871e+08	1.08406e+08	1.03531e+08	1.24002e+08	1.01388e+08	8.8618e+07	1.14314e+08	1.3026e+08	1.24516e+08	1.15049e+08	1.23739e+08	1.13097e+08	1.74037e+08	1.38505e+08	1.77097e+08	1.64159e+08	1.77514e+08	1.4187e+08	1.62997e+08	1.44268e+08	1.55003e+08	1.29485e+08	1.41066e+08	1.29453e+08	1.36849e+08	1.30234e+08	1.30028e+08	1.26749e+08	1.33133e+08	1.34013e+08	1.59096e+08	1.15611e+08	1.67578e+08	1.42453e+08	1.46585e+08	1.4725e+08	1.08281e+08	1.39428e+08	1.4364e+08	1.38736e+08	1.13288e+08	1.25109e+08
ERR607316	2.08719e+08	2.11806e+08	2.14032e+08	2.12945e+08	1.99898e+08	2.22608e+08	1.11116e+08	1.06733e+08	1.36025e+08	1.19921e+08	1.56969e+08	1.25461e+08	2.01495e+08	2.44508e+08	1.94332e+08	3.13515e+08	2.44755e+08	2.25087e+08	2.46502e+08	2.56428e+08	2.45518e+08	2.48039e+08	2.01096e+08	2.36094e+08	2.15603e+08	2.16156e+08	2.455e+08	2.3952e+08	2.48715e+08	2.49264e+08	1.95692e+08	2.31434e+08	1.55868e+08	1.98547e+08	1.95294e+08	2.09709e+08	2.61132e+08	2.39462e+08	2.14987e+08	2.41957e+08	1.98031e+08	2.53965e+08	1.57057e+08	1.3391e+08	1.30802e+08	1.54491e+08	1.33756e+08	1.32403e+08	1.69754e+08	1.6759e+08	1.71971e+08	1.69947e+08	7.00251e+07	1.14192e+08	1.10904e+08	1.16823e+08	1.11669e+08	1.3371e+08	1.09379e+08	9.5386e+07	1.22794e+08	1.3997e+08	1.33791e+08	1.23613e+08	1.32784e+08	1.21595e+08	1.86232e+08	1.47838e+08	1.89528e+08	1.75488e+08	1.89832e+08	1.51546e+08	1.7838e+08	1.55003e+08	1.69438e+08	1.3905e+08	1.5149e+08	1.41428e+08	1.4715e+08	1.39988e+08	1.39677e+08	1.36177e+08	1.4285e+08	1.4406e+08	1.70104e+08	1.23341e+08	1.79103e+08	1.52037e+08	1.5651e+08	1.57109e+08	1.16802e+08	1.49959e+08	1.54565e+08	1.49289e+08	1.2212e+08	1.34777e+08
ERR607312	2.50657e+08	2.54328e+08	2.56892e+08	2.55745e+08	2.40087e+08	2.67383e+08	1.35585e+08	1.30267e+08	1.65998e+08	1.46194e+08	1.91313e+08	1.5292e+08	2.38001e+08	2.92382e+08	2.2939e+08	2.44755e+08	4.22241e+08	2.68505e+08	2.9509e+08	3.07445e+08	2.94294e+08	2.97168e+08	2.40139e+08	2.82677e+08	2.57953e+08	2.58768e+08	2.94218e+08	2.87027e+08	2.97865e+08	2.98752e+08	2.34857e+08	2.78047e+08	1.87054e+08	2.38348e+08	2.34454e+08	2.52018e+08	3.15492e+08	2.89063e+08	2.59263e+08	2.91932e+08	2.38837e+08	3.06637e+08	1.90845e+08	1.62667e+08	1.59174e+08	1.87785e+08	1.62837e+08	1.61076e+08	2.05952e+08	2.03901e+08	2.09158e+08	2.06748e+08	8.53806e+07	1.38766e+08	1.34441e+08	1.41761e+08	1.3533e+08	1.62154e+08	1.32596e+08	1.15859e+08	1.49395e+08	1.7056e+08	1.62897e+08	1.50528e+08	1.61823e+08	1.47914e+08	2.23378e+08	1.76929e+08	2.27381e+08	2.10594e+08	2.27809e+08	1.81428e+08	2.12452e+08	1.8864e+08	2.01914e+08	1.69172e+08	1.84476e+08	1.68355e+08	1.789e+08	1.70254e+08	1.70091e+08	1.65719e+08	1.73993e+08	1.75131e+08	2.07037e+08	1.50429e+08	2.18146e+08	1.85492e+08	1.90714e+08	1.91578e+08	1.41962e+08	1.82658e+08	1.88274e+08	1.81826e+08	1.486e+08	1.64024e+08
ERR607311	2.29811e+08	2.33064e+08	2.35416e+08	2.34236e+08	2.2008e+08	2.44759e+08	1.23531e+08	1.18891e+08	1.51348e+08	1.3322e+08	1.74333e+08	1.39397e+08	2.18764e+08	2.68753e+08	2.11197e+08	2.25087e+08	2.68505e+08	3.64452e+08	2.70747e+08	2.81692e+08	2.70169e+08	2.72582e+08	2.20418e+08	2.59381e+08	2.3629e+08	2.37056e+08	2.69136e+08	2.62631e+08	2.72465e+08	2.73308e+08	2.16165e+08	2.55625e+08	1.72299e+08	2.19238e+08	2.15751e+08	2.32011e+08	2.8896e+08	2.64701e+08	2.37831e+08	2.67296e+08	2.19212e+08	2.80993e+08	1.7368e+08	1.48142e+08	1.45232e+08	1.70939e+08	1.48535e+08	1.47017e+08	1.86534e+08	1.85315e+08	1.90096e+08	1.87904e+08	7.79309e+07	1.25939e+08	1.22008e+08	1.28793e+08	1.22896e+08	1.47225e+08	1.20364e+08	1.05448e+08	1.36078e+08	1.55404e+08	1.48438e+08	1.37065e+08	1.47563e+08	1.34811e+08	2.04554e+08	1.6254e+08	2.08304e+08	1.9294e+08	2.08533e+08	1.6643e+08	1.88522e+08	1.71363e+08	1.79087e+08	1.5381e+08	1.67769e+08	1.4953e+08	1.62887e+08	1.55001e+08	1.5502e+08	1.51084e+08	1.587e+08	1.59462e+08	1.89237e+08	1.38013e+08	1.99341e+08	1.70033e+08	1.74474e+08	1.75654e+08	1.28215e+08	1.65515e+08	1.70503e+08	1.64481e+08	1.34434e+08	1.48281e+08
ERR612254	2.93314e+08	2.97544e+08	3.00741e+08	2.99251e+08	2.80889e+08	3.13201e+08	1.5336e+08	1.47302e+08	1.87726e+08	1.65394e+08	2.165e+08	1.72854e+08	2.39633e+08	2.9584e+08	2.3097e+08	2.46502e+08	2.9509e+08	2.70747e+08	5.39879e+08	4.03764e+08	3.85807e+08	3.89653e+08	3.15607e+08	3.7179e+08	3.39119e+08	3.40116e+08	3.86835e+08	3.774e+08	3.91439e+08	3.92639e+08	2.79567e+08	3.31278e+08	2.21927e+08	2.83397e+08	2.79076e+08	3.00334e+08	3.76764e+08	3.44769e+08	3.09654e+08	3.48426e+08	2.85086e+08	3.66061e+08	2.14686e+08	1.82835e+08	1.78877e+08	2.11039e+08	1.83012e+08	1.81024e+08	2.29831e+08	2.28167e+08	2.33938e+08	2.31044e+08	9.51616e+07	1.54766e+08	1.49923e+08	1.58286e+08	1.51072e+08	1.81272e+08	1.47875e+08	1.29368e+08	1.67277e+08	1.90952e+08	1.8228e+08	1.68411e+08	1.81201e+08	1.65547e+08	2.59571e+08	2.05623e+08	2.64534e+08	2.44514e+08	2.6496e+08	2.10621e+08	2.36703e+08	2.15288e+08	2.24817e+08	1.92982e+08	2.10672e+08	1.87254e+08	2.00197e+08	1.90478e+08	1.90333e+08	1.85277e+08	1.94827e+08	1.95874e+08	2.42639e+08	1.75923e+08	2.55689e+08	2.17225e+08	2.23567e+08	2.24324e+08	1.58163e+08	2.04743e+08	2.10985e+08	2.03586e+08	1.66027e+08	1.83297e+08
ERR612251	3.06518e+08	3.10752e+08	3.1416e+08	3.1263e+08	2.93375e+08	3.27335e+08	1.61156e+08	1.54748e+08	1.9735e+08	1.73825e+08	2.27713e+08	1.81789e+08	2.49263e+08	3.07818e+08	2.40362e+08	2.56428e+08	3.07445e+08	2.81692e+08	4.03764e+08	5.83651e+08	4.03565e+08	4.07426e+08	3.27635e+08	3.86662e+08	3.54387e+08	3.55796e+08	4.0433e+08	3.95053e+08	4.09333e+08	4.10641e+08	2.91023e+08	3.45166e+08	2.30822e+08	2.95048e+08	2.90551e+08	3.12778e+08	3.93594e+08	3.60434e+08	3.23072e+08	3.6421e+08	2.97653e+08	3.82246e+08	2.25634e+08	1.92091e+08	1.8782e+08	2.21932e+08	1.92238e+08	1.9006e+08	2.41434e+08	2.39546e+08	2.45496e+08	2.42682e+08	9.97695e+07	1.6265e+08	1.57599e+08	1.6636e+08	1.58712e+08	1.90448e+08	1.55412e+08	1.35862e+08	1.75744e+08	2.00778e+08	1.91652e+08	1.77089e+08	1.90535e+08	1.74032e+08	2.71041e+08	2.14323e+08	2.7637e+08	2.55417e+08	2.76684e+08	2.19677e+08	2.48922e+08	2.26549e+08	2.36613e+08	2.02948e+08	2.21733e+08	1.96983e+08	2.10404e+08	2.00112e+08	2.00057e+08	1.94714e+08	2.0472e+08	2.05863e+08	2.54782e+08	1.84509e+08	2.68677e+08	2.27625e+08	2.3476e+08	2.3515e+08	1.66144e+08	2.14879e+08	2.21377e+08	2.13622e+08	1.74345e+08	1.92379e+08
ERR612252	2.92818e+08	2.96661e+08	2.99974e+08	2.98326e+08	2.80299e+08	3.12205e+08	1.53672e+08	1.47818e+08	1.88262e+08	1.65594e+08	2.16971e+08	1.73361e+08	2.38688e+08	2.95188e+08	2.30254e+08	2.45518e+08	2.94294e+08	2.70169e+08	3.85807e+08	4.03565e+08	5.38237e+08	3.8951e+08	3.1319e+08	3.69151e+08	3.3774e+08	3.39225e+08	3.85062e+08	3.76026e+08	3.8975e+08	3.90988e+08	2.79594e+08	3.31143e+08	2.22257e+08	2.83415e+08	2.79099e+08	3.00553e+08	3.76365e+08	3.44098e+08	3.09232e+08	3.47831e+08	2.8486e+08	3.65571e+08	2.14525e+08	1.82885e+08	1.79151e+08	2.10875e+08	1.83443e+08	1.81378e+08	2.28721e+08	2.27816e+08	2.33485e+08	2.30818e+08	9.54239e+07	1.54433e+08	1.49546e+08	1.57926e+08	1.5051e+08	1.8069e+08	1.47376e+08	1.29334e+08	1.67482e+08	1.91454e+08	1.82668e+08	1.68692e+08	1.81746e+08	1.65802e+08	2.58841e+08	2.05198e+08	2.63818e+08	2.43977e+08	2.64071e+08	2.10094e+08	2.3011e+08	2.15227e+08	2.18797e+08	1.92898e+08	2.10763e+08	1.82355e+08	2.00371e+08	1.90608e+08	1.90573e+08	1.85515e+08	1.9527e+08	1.96023e+08	2.43157e+08	1.76742e+08	2.56123e+08	2.18022e+08	2.24077e+08	2.25134e+08	1.57567e+08	2.0436e+08	2.10408e+08	2.03028e+08	1.65667e+08	1.82731e+08
ERR612253	2.95284e+08	2.9927e+08	3.02548e+08	3.01051e+08	2.82736e+08	3.15074e+08	1.54893e+08	1.48895e+08	1.89621e+08	1.6705e+08	2.18632e+08	1.74684e+08	2.41069e+08	2.97793e+08	2.32504e+08	2.48039e+08	2.97168e+08	2.72582e+08	3.89653e+08	4.07426e+08	3.8951e+08	5.47135e+08	3.16405e+08	3.73082e+08	3.40996e+08	3.42232e+08	3.89028e+08	3.79586e+08	3.93639e+08	3.94924e+08	2.81967e+08	3.34064e+08	2.24062e+08	2.85782e+08	2.81545e+08	3.029e+08	3.79293e+08	3.47079e+08	3.11649e+08	3.50722e+08	2.87212e+08	3.68395e+08	2.16462e+08	1.84416e+08	1.80591e+08	2.12747e+08	1.84774e+08	1.82721e+08	2.31659e+08	2.30157e+08	2.35881e+08	2.33129e+08	9.61692e+07	1.56107e+08	1.51143e+08	1.59575e+08	1.52155e+08	1.8267e+08	1.49071e+08	1.30524e+08	1.68962e+08	1.92924e+08	1.84229e+08	1.70089e+08	1.83134e+08	1.67121e+08	2.61358e+08	2.07121e+08	2.66375e+08	2.46386e+08	2.66762e+08	2.12059e+08	2.36546e+08	2.17185e+08	2.24792e+08	1.94708e+08	2.12588e+08	1.87272e+08	2.02231e+08	1.92285e+08	1.92193e+08	1.8714e+08	1.96677e+08	1.97617e+08	2.44744e+08	1.77615e+08	2.57795e+08	2.19242e+08	2.25432e+08	2.26381e+08	1.59469e+08	2.06591e+08	2.1288e+08	2.0537e+08	1.67517e+08	1.84877e+08
ERR612255	2.37849e+08	2.41137e+08	2.43635e+08	2.42487e+08	2.27769e+08	2.53632e+08	1.22663e+08	1.17796e+08	1.50134e+08	1.32289e+08	1.7319e+08	1.38304e+08	1.95619e+08	2.40677e+08	1.88546e+08	2.01096e+08	2.40139e+08	2.20418e+08	3.15607e+08	3.27635e+08	3.1319e+08	3.16405e+08	3.78652e+08	3.02247e+08	2.75562e+08	2.76376e+08	3.13675e+08	3.06321e+08	3.17585e+08	3.18602e+08	2.27387e+08	2.68853e+08	1.81097e+08	2.3046e+08	2.27038e+08	2.43902e+08	3.04675e+08	2.79082e+08	2.50905e+08	2.81984e+08	2.31342e+08	2.96271e+08	1.71962e+08	1.46463e+08	1.43333e+08	1.69053e+08	1.46661e+08	1.45062e+08	1.8398e+08	1.82722e+08	1.87185e+08	1.85098e+08	7.62165e+07	1.23912e+08	1.20316e+08	1.27008e+08	1.21288e+08	1.45372e+08	1.18759e+08	1.03831e+08	1.34035e+08	1.52861e+08	1.45982e+08	1.34956e+08	1.45228e+08	1.32673e+08	2.10927e+08	1.67628e+08	2.1505e+08	1.98942e+08	2.15293e+08	1.71747e+08	1.90497e+08	1.72703e+08	1.81014e+08	1.54851e+08	1.68976e+08	1.50846e+08	1.60393e+08	1.52614e+08	1.52386e+08	1.48441e+08	1.56076e+08	1.56856e+08	1.95049e+08	1.41516e+08	2.05414e+08	1.74538e+08	1.7965e+08	1.80255e+08	1.27022e+08	1.64234e+08	1.692e+08	1.63279e+08	1.33179e+08	1.47126e+08
ERR612256	2.80326e+08	2.84317e+08	2.87553e+08	2.85986e+08	2.68261e+08	2.99278e+08	1.46524e+08	1.40753e+08	1.7948e+08	1.58055e+08	2.06887e+08	1.65286e+08	2.29603e+08	2.83315e+08	2.21375e+08	2.36094e+08	2.82677e+08	2.59381e+08	3.7179e+08	3.86662e+08	3.69151e+08	3.73082e+08	3.02247e+08	5.01109e+08	3.24794e+08	3.25798e+08	3.70269e+08	3.61485e+08	3.74871e+08	3.7612e+08	2.67882e+08	3.17227e+08	2.1275e+08	2.71518e+08	2.67315e+08	2.87677e+08	3.60102e+08	3.29702e+08	2.96239e+08	3.32934e+08	2.72635e+08	3.49917e+08	2.05175e+08	1.74746e+08	1.70965e+08	2.01665e+08	1.74973e+08	1.72922e+08	2.19646e+08	2.18022e+08	2.23458e+08	2.20838e+08	9.08906e+07	1.48022e+08	1.43374e+08	1.51335e+08	1.44411e+08	1.73275e+08	1.41402e+08	1.23627e+08	1.5983e+08	1.82478e+08	1.74267e+08	1.60903e+08	1.73263e+08	1.582e+08	2.48457e+08	1.96824e+08	2.53224e+08	2.34116e+08	2.53685e+08	2.01734e+08	2.27112e+08	2.05882e+08	2.15784e+08	1.84597e+08	2.01472e+08	1.79826e+08	1.91393e+08	1.82015e+08	1.81882e+08	1.77073e+08	1.86215e+08	1.87304e+08	2.31863e+08	1.68216e+08	2.44424e+08	2.07383e+08	2.13508e+08	2.14281e+08	1.51535e+08	1.96011e+08	2.02048e+08	1.94981e+08	1.59051e+08	1.75602e+08
ERR621933	2.60261e+08	2.64032e+08	2.66829e+08	2.65564e+08	2.49042e+08	2.78002e+08	1.37168e+08	1.31511e+08	1.67902e+08	1.47999e+08	1.93732e+08	1.54676e+08	2.09612e+08	2.58025e+08	2.0186e+08	2.15603e+08	2.57953e+08	2.3629e+08	3.39119e+08	3.54387e+08	3.3774e+08	3.40996e+08	2.75562e+08	3.24794e+08	4.61358e+08	3.27407e+08	3.70366e+08	3.63303e+08	3.75431e+08	3.76291e+08	2.44017e+08	2.89736e+08	1.92909e+08	2.47222e+08	2.43541e+08	2.62063e+08	3.34394e+08	3.06353e+08	2.74284e+08	3.09375e+08	2.52804e+08	3.24865e+08	1.92373e+08	1.63676e+08	1.59731e+08	1.88984e+08	1.6357e+08	1.61776e+08	2.05073e+08	2.03272e+08	2.08399e+08	2.06075e+08	8.44945e+07	1.38111e+08	1.34715e+08	1.42066e+08	1.3565e+08	1.62641e+08	1.32852e+08	1.1584e+08	1.49801e+08	1.70892e+08	1.63101e+08	1.50777e+08	1.62034e+08	1.48327e+08	2.29091e+08	1.81037e+08	2.33563e+08	2.15735e+08	2.33732e+08	1.85807e+08	2.13839e+08	1.93608e+08	2.03235e+08	1.73464e+08	1.89195e+08	1.69099e+08	1.78774e+08	1.6984e+08	1.69619e+08	1.6516e+08	1.73586e+08	1.74806e+08	2.1722e+08	1.56759e+08	2.28975e+08	1.93531e+08	1.99858e+08	1.99782e+08	1.38887e+08	1.79444e+08	1.84829e+08	1.78535e+08	1.45433e+08	1.60679e+08
ERR621932	2.61364e+08	2.65179e+08	2.68059e+08	2.66694e+08	2.50049e+08	2.79354e+08	1.38356e+08	1.3257e+08	1.69309e+08	1.49108e+08	1.95382e+08	1.55964e+08	2.1022e+08	2.58973e+08	2.02461e+08	2.16156e+08	2.58768e+08	2.37056e+08	3.40116e+08	3.55796e+08	3.39225e+08	3.42232e+08	2.76376e+08	3.25798e+08	3.27407e+08	4.66056e+08	3.72355e+08	3.65446e+08	3.77226e+08	3.7826e+08	2.45013e+08	2.91008e+08	1.93535e+08	2.48219e+08	2.4446e+08	2.63201e+08	3.35946e+08	3.07631e+08	2.75235e+08	3.10809e+08	2.53414e+08	3.26236e+08	1.93871e+08	1.65051e+08	1.61044e+08	1.9051e+08	1.64885e+08	1.63042e+08	2.06426e+08	2.04839e+08	2.10064e+08	2.07407e+08	8.50864e+07	1.39062e+08	1.35699e+08	1.43071e+08	1.36667e+08	1.63837e+08	1.33745e+08	1.168e+08	1.5113e+08	1.72297e+08	1.64434e+08	1.52034e+08	1.63474e+08	1.49315e+08	2.29886e+08	1.81724e+08	2.34466e+08	2.16455e+08	2.34508e+08	1.86333e+08	2.13839e+08	1.95149e+08	2.03307e+08	1.74709e+08	1.90804e+08	1.69134e+08	1.80192e+08	1.71346e+08	1.71047e+08	1.66425e+08	1.75035e+08	1.76165e+08	2.1897e+08	1.57961e+08	2.30871e+08	1.9492e+08	2.01447e+08	2.01402e+08	1.39718e+08	1.80594e+08	1.86088e+08	1.79623e+08	1.46459e+08	1.61738e+08
ERR621935	2.96746e+08	3.01098e+08	3.04506e+08	3.02848e+08	2.83764e+08	3.17035e+08	1.57339e+08	1.50623e+08	1.92488e+08	1.69673e+08	2.22203e+08	1.7739e+08	2.38739e+08	2.94213e+08	2.29777e+08	2.455e+08	2.94218e+08	2.69136e+08	3.86835e+08	4.0433e+08	3.85062e+08	3.89028e+08	3.13675e+08	3.70269e+08	3.70366e+08	3.72355e+08	5.78544e+08	4.13554e+08	4.29795e+08	4.30603e+08	2.77585e+08	3.30272e+08	2.18907e+08	2.8117e+08	2.76979e+08	2.98319e+08	3.8129e+08	3.49307e+08	3.12367e+08	3.52809e+08	2.87407e+08	3.70493e+08	2.20597e+08	1.87582e+08	1.829e+08	2.1682e+08	1.87391e+08	1.85233e+08	2.3559e+08	2.33136e+08	2.38906e+08	2.36025e+08	9.65948e+07	1.58307e+08	1.544e+08	1.62812e+08	1.55567e+08	1.86426e+08	1.52361e+08	1.32644e+08	1.71579e+08	1.9576e+08	1.86837e+08	1.72839e+08	1.8553e+08	1.69751e+08	2.60857e+08	2.05749e+08	2.66028e+08	2.45446e+08	2.66132e+08	2.1114e+08	2.4741e+08	2.22074e+08	2.3505e+08	1.98801e+08	2.16917e+08	1.9548e+08	2.04842e+08	1.94733e+08	1.94362e+08	1.89109e+08	1.98773e+08	2.00215e+08	2.48128e+08	1.78613e+08	2.61493e+08	2.20639e+08	2.28088e+08	2.27899e+08	1.59357e+08	2.05791e+08	2.12045e+08	2.04739e+08	1.66928e+08	1.84372e+08
ERR621931	2.8979e+08	2.94177e+08	2.97409e+08	2.95834e+08	2.77223e+08	3.09886e+08	1.53917e+08	1.47488e+08	1.88504e+08	1.6619e+08	2.17633e+08	1.73742e+08	2.32969e+08	2.86815e+08	2.24238e+08	2.3952e+08	2.87027e+08	2.62631e+08	3.774e+08	3.95053e+08	3.76026e+08	3.79586e+08	3.06321e+08	3.61485e+08	3.63303e+08	3.65446e+08	4.13554e+08	5.59239e+08	4.19289e+08	4.20263e+08	2.71217e+08	3.22532e+08	2.13995e+08	2.74847e+08	2.70695e+08	2.91363e+08	3.72825e+08	3.41465e+08	3.05298e+08	3.45143e+08	2.81036e+08	3.61965e+08	2.15955e+08	1.83566e+08	1.79069e+08	2.12407e+08	1.83312e+08	1.81309e+08	2.30584e+08	2.28103e+08	2.33986e+08	2.31231e+08	9.44566e+07	1.55057e+08	1.51199e+08	1.59451e+08	1.52313e+08	1.82619e+08	1.49209e+08	1.29999e+08	1.67988e+08	1.9186e+08	1.82973e+08	1.69221e+08	1.81647e+08	1.66307e+08	2.54872e+08	2.00948e+08	2.59902e+08	2.39866e+08	2.59991e+08	2.06303e+08	2.41484e+08	2.17683e+08	2.29615e+08	1.94883e+08	2.12446e+08	1.91054e+08	2.0064e+08	1.90749e+08	1.90354e+08	1.85137e+08	1.94735e+08	1.9603e+08	2.43232e+08	1.75143e+08	2.56566e+08	2.1611e+08	2.23634e+08	2.23332e+08	1.56179e+08	2.01377e+08	2.07586e+08	2.00383e+08	1.63424e+08	1.80578e+08
ERR621934	3.00392e+08	3.05226e+08	3.08526e+08	3.06956e+08	2.87625e+08	3.21515e+08	1.59429e+08	1.52579e+08	1.9507e+08	1.7192e+08	2.25185e+08	1.79845e+08	2.41695e+08	2.97645e+08	2.3266e+08	2.48715e+08	2.97865e+08	2.72465e+08	3.91439e+08	4.09333e+08	3.8975e+08	3.93639e+08	3.17585e+08	3.74871e+08	3.75431e+08	3.77226e+08	4.29795e+08	4.19289e+08	5.92686e+08	4.36452e+08	2.80858e+08	3.34341e+08	2.2137e+08	2.84686e+08	2.80194e+08	3.01848e+08	3.86383e+08	3.53957e+08	3.16599e+08	3.57658e+08	2.91245e+08	3.75314e+08	2.23737e+08	1.90036e+08	1.85359e+08	2.19832e+08	1.89857e+08	1.87686e+08	2.39102e+08	2.365e+08	2.42414e+08	2.39548e+08	9.78379e+07	1.60664e+08	1.56725e+08	1.6515e+08	1.5791e+08	1.89194e+08	1.54624e+08	1.34545e+08	1.73979e+08	1.98426e+08	1.89246e+08	1.75113e+08	1.88057e+08	1.72156e+08	2.64384e+08	2.08392e+08	2.69466e+08	2.48884e+08	2.69646e+08	2.13936e+08	2.52705e+08	2.25226e+08	2.40242e+08	2.01621e+08	2.19832e+08	1.99605e+08	2.07655e+08	1.97443e+08	1.97098e+08	1.91836e+08	2.01409e+08	2.03102e+08	2.51595e+08	1.80973e+08	2.65166e+08	2.23607e+08	2.31213e+08	2.30775e+08	1.61641e+08	2.0862e+08	2.14954e+08	2.07533e+08	1.69197e+08	1.86925e+08
ERR621936	3.01214e+08	3.0603e+08	3.09297e+08	3.0772e+08	2.88403e+08	3.22223e+08	1.60055e+08	1.53289e+08	1.95857e+08	1.72674e+08	2.26061e+08	1.80612e+08	2.42291e+08	2.98493e+08	2.3333e+08	2.49264e+08	2.98752e+08	2.73308e+08	3.92639e+08	4.10641e+08	3.90988e+08	3.94924e+08	3.18602e+08	3.7612e+08	3.76291e+08	3.7826e+08	4.30603e+08	4.20263e+08	4.36452e+08	5.95012e+08	2.81822e+08	3.354e+08	2.22245e+08	2.85509e+08	2.8116e+08	3.02825e+08	3.87736e+08	3.55028e+08	3.17709e+08	3.58743e+08	2.92134e+08	3.76503e+08	2.24485e+08	1.90738e+08	1.86135e+08	2.20625e+08	1.90447e+08	1.88455e+08	2.3991e+08	2.3732e+08	2.43312e+08	2.40493e+08	9.83169e+07	1.61311e+08	1.57297e+08	1.65897e+08	1.58458e+08	1.90024e+08	1.55238e+08	1.35168e+08	1.7456e+08	1.99135e+08	1.90015e+08	1.75824e+08	1.8879e+08	1.72835e+08	2.65133e+08	2.09063e+08	2.70309e+08	2.49611e+08	2.70599e+08	2.14637e+08	2.51887e+08	2.25743e+08	2.39312e+08	2.02071e+08	2.20348e+08	1.99061e+08	2.08446e+08	1.98082e+08	1.97832e+08	1.92376e+08	2.02253e+08	2.03712e+08	2.52293e+08	1.81703e+08	2.65949e+08	2.24334e+08	2.31871e+08	2.31508e+08	1.62058e+08	2.09158e+08	2.15761e+08	2.08117e+08	1.69661e+08	1.87501e+08
ERR612782	2.40339e+08	2.43192e+08	2.45725e+08	2.44421e+08	2.30409e+08	2.55485e+08	1.232e+08	1.1851e+08	1.5075e+08	1.32522e+08	1.73568e+08	1.38821e+08	1.90487e+08	2.3632e+08	1.84124e+08	1.95692e+08	2.34857e+08	2.16165e+08	2.79567e+08	2.91023e+08	2.79594e+08	2.81967e+08	2.27387e+08	2.67882e+08	2.44017e+08	2.45013e+08	2.77585e+08	2.71217e+08	2.80858e+08	2.81822e+08	3.98686e+08	3.27117e+08	2.28621e+08	2.85031e+08	2.81157e+08	3.00045e+08	2.94658e+08	2.70353e+08	2.43294e+08	2.72962e+08	2.24821e+08	2.86507e+08	1.72128e+08	1.4685e+08	1.44037e+08	1.69199e+08	1.47359e+08	1.45758e+08	1.82001e+08	1.81486e+08	1.86186e+08	1.83821e+08	7.69834e+07	1.23464e+08	1.20363e+08	1.27327e+08	1.21328e+08	1.45445e+08	1.18779e+08	1.04485e+08	1.35068e+08	1.54204e+08	1.474e+08	1.36079e+08	1.46728e+08	1.33676e+08	2.10946e+08	1.6766e+08	2.15042e+08	1.99161e+08	2.15258e+08	1.71419e+08	1.75972e+08	1.73172e+08	1.67268e+08	1.55405e+08	1.69744e+08	1.39794e+08	1.61561e+08	1.53741e+08	1.5378e+08	1.49942e+08	1.57703e+08	1.58055e+08	1.95975e+08	1.43361e+08	2.0617e+08	1.76529e+08	1.80833e+08	1.82378e+08	1.36776e+08	1.783e+08	1.83672e+08	1.76913e+08	1.44924e+08	1.5969e+08
ERR612777	2.85652e+08	2.89076e+08	2.92245e+08	2.90545e+08	2.7363e+08	3.04043e+08	1.49302e+08	1.43548e+08	1.82559e+08	1.60731e+08	2.10411e+08	1.68321e+08	2.25193e+08	2.79566e+08	2.17311e+08	2.31434e+08	2.78047e+08	2.55625e+08	3.31278e+08	3.45166e+08	3.31143e+08	3.34064e+08	2.68853e+08	3.17227e+08	2.89736e+08	2.91008e+08	3.30272e+08	3.22532e+08	3.34341e+08	3.354e+08	3.27117e+08	5.26351e+08	2.65386e+08	3.31165e+08	3.26535e+08	3.51497e+08	3.51569e+08	3.22354e+08	2.89406e+08	3.25444e+08	2.67353e+08	3.41656e+08	2.08539e+08	1.77715e+08	1.74268e+08	2.05065e+08	1.78289e+08	1.76355e+08	2.20805e+08	2.19803e+08	2.25678e+08	2.22776e+08	9.29836e+07	1.49582e+08	1.45895e+08	1.54092e+08	1.46882e+08	1.76113e+08	1.43952e+08	1.26344e+08	1.63432e+08	1.86603e+08	1.783e+08	1.64626e+08	1.77402e+08	1.61708e+08	2.50762e+08	1.98801e+08	2.55629e+08	2.36589e+08	2.5594e+08	2.03381e+08	2.14178e+08	2.08854e+08	2.03527e+08	1.87474e+08	2.0458e+08	1.69849e+08	1.95499e+08	1.86202e+08	1.8608e+08	1.81481e+08	1.90839e+08	1.91392e+08	2.34694e+08	1.71295e+08	2.47096e+08	2.11065e+08	2.16413e+08	2.18084e+08	1.62572e+08	2.11644e+08	2.1805e+08	2.10078e+08	1.71899e+08	1.89623e+08
ERR612778	1.90291e+08	1.92482e+08	1.9452e+08	1.93304e+08	1.82572e+08	2.02044e+08	9.5975e+07	9.24206e+07	1.17367e+08	1.03232e+08	1.35016e+08	1.08125e+08	1.51964e+08	1.88304e+08	1.46941e+08	1.55868e+08	1.87054e+08	1.72299e+08	2.21927e+08	2.30822e+08	2.22257e+08	2.24062e+08	1.81097e+08	2.1275e+08	1.92909e+08	1.93535e+08	2.18907e+08	2.13995e+08	2.2137e+08	2.22245e+08	2.28621e+08	2.65386e+08	2.79564e+08	2.31192e+08	2.28215e+08	2.44497e+08	2.32345e+08	2.13267e+08	1.92202e+08	2.15231e+08	1.78045e+08	2.25991e+08	1.33947e+08	1.14405e+08	1.12285e+08	1.31672e+08	1.14916e+08	1.13675e+08	1.41216e+08	1.41057e+08	1.44695e+08	1.42943e+08	6.01832e+07	9.60149e+07	9.37041e+07	9.90954e+07	9.4361e+07	1.1308e+08	9.25616e+07	8.16177e+07	1.053e+08	1.20242e+08	1.1501e+08	1.06204e+08	1.14378e+08	1.04305e+08	1.66853e+08	1.33054e+08	1.69919e+08	1.57618e+08	1.70247e+08	1.36123e+08	1.34616e+08	1.35112e+08	1.28032e+08	1.21394e+08	1.32561e+08	1.07081e+08	1.25821e+08	1.1985e+08	1.19827e+08	1.16828e+08	1.23022e+08	1.23145e+08	1.53997e+08	1.12943e+08	1.61981e+08	1.38977e+08	1.42287e+08	1.43633e+08	1.09516e+08	1.43119e+08	1.47407e+08	1.41868e+08	1.16395e+08	1.28227e+08
