	ERR608153	ERR608149	ERR608151	ERR608154	ERR608152	ERR608150	ERR635337	ERR635335	ERR635338	ERR635336	ERR635339	ERR635334	ERR613219	ERR613217	ERR613220	ERR613215	ERR613216	ERR613218	ERR613108	ERR613109	ERR613111	ERR613112	ERR613110	ERR613107	ERR612225	ERR612224	ERR612221	ERR612223	ERR612226	ERR612222	ERR636919	ERR636923	ERR636924	ERR636920	ERR636922	ERR636921	ERR608758	ERR608757	ERR608760	ERR608762	ERR608761	ERR608759	ERR608837	ERR608839	ERR608836	ERR608838	ERR608840	ERR608835	ERR621907	ERR621912	ERR621908	ERR621911	ERR621909	ERR621910	ERR626775	ERR626772	ERR626774	ERR626773	ERR626771	ERR626776	ERR613155	ERR613160	ERR613157	ERR613158	ERR613159	ERR613156	ERR631064	ERR631063	ERR631062	ERR631066	ERR631065	ERR631067	ERR617115	ERR617114	ERR617117	ERR617116	ERR617118	ERR617113	ERR606662	ERR606661	ERR606663	ERR606660	ERR606665	ERR606664	ERR611351	ERR611350	ERR611352	ERR611348	ERR611349	ERR611347	ERR629611	ERR629607	ERR629610	ERR629609	ERR629608	ERR629606
ERR608153	7.56729e+09	5.56263e+09	7.2214e+09	6.72916e+09	7.24713e+09	6.71543e+09	6.01208e+09	6.701e+09	5.71683e+09	7.07737e+09	5.61305e+09	5.98332e+09	4.60288e+09	5.66527e+09	4.58627e+09	6.24937e+09	5.9356e+09	4.40591e+09	7.25361e+09	7.2315e+09	5.27889e+09	5.17038e+09	5.03289e+09	7.64087e+09	6.00067e+09	6.89643e+09	7.87655e+09	7.66951e+09	6.79816e+09	7.65123e+09	7.13213e+09	7.70592e+09	7.67853e+09	7.64255e+09	7.70244e+09	7.57392e+09	6.38849e+09	5.34013e+09	6.97137e+09	6.44697e+09	7.10022e+09	6.89785e+09	8.13409e+09	6.74688e+09	8.13775e+09	6.72154e+09	6.79872e+09	7.88568e+09	6.08386e+09	6.24819e+09	5.68407e+09	6.17078e+09	5.6538e+09	6.23125e+09	5.95416e+09	5.74755e+09	5.91698e+09	5.78667e+09	6.00682e+09	6.05646e+09	7.48705e+09	5.00403e+09	7.01388e+09	4.90168e+09	5.13319e+09	7.0229e+09	7.50287e+09	7.15679e+09	7.34102e+09	7.05993e+09	6.98547e+09	6.79933e+09	6.17777e+09	6.14599e+09	6.74717e+09	6.69942e+09	5.66003e+09	5.90664e+09	6.82165e+09	7.05012e+09	6.61791e+09	4.41375e+09	7.27717e+09	7.34964e+09	7.51575e+09	7.18301e+09	7.52133e+09	7.24577e+09	7.479e+09	7.35901e+09	7.07964e+09	7.3719e+09	7.11733e+09	7.3419e+09	7.38866e+09	7.93949e+09
ERR608149	5.56263e+09	4.53442e+09	5.48727e+09	5.1627e+09	5.49737e+09	5.15461e+09	4.69957e+09	5.16413e+09	4.48961e+09	5.41447e+09	4.41519e+09	4.67638e+09	3.61602e+09	4.3513e+09	3.60208e+09	4.73589e+09	4.53316e+09	3.47948e+09	5.52305e+09	5.50773e+09	4.1642e+09	4.08859e+09	3.98741e+09	5.77229e+09	4.67238e+09	5.28809e+09	5.92941e+09	5.80253e+09	5.22095e+09	5.79214e+09	5.43424e+09	5.81934e+09	5.80285e+09	5.76611e+09	5.81724e+09	5.73198e+09	4.92506e+09	4.21556e+09	5.30911e+09	4.96516e+09	5.39675e+09	5.26433e+09	6.09274e+09	5.14863e+09	6.08766e+09	5.13305e+09	5.18409e+09	5.9324e+09	4.68849e+09	4.80529e+09	4.41423e+09	4.75288e+09	4.39422e+09	4.79171e+09	4.55592e+09	4.41826e+09	4.53012e+09	4.44311e+09	4.59552e+09	4.6244e+09	5.66044e+09	3.94703e+09	5.34778e+09	3.87025e+09	4.03842e+09	5.35399e+09	5.62495e+09	5.38977e+09	5.5243e+09	5.34374e+09	5.29172e+09	5.16287e+09	4.7053e+09	4.68739e+09	5.09731e+09	5.0637e+09	4.37875e+09	4.53136e+09	5.20442e+09	5.35945e+09	5.06885e+09	3.50087e+09	5.52165e+09	5.57023e+09	5.68462e+09	5.47832e+09	5.68845e+09	5.49446e+09	5.6469e+09	5.57223e+09	5.38132e+09	5.58793e+09	5.40728e+09	5.55878e+09	5.59318e+09	5.95802e+09
ERR608151	7.2214e+09	5.48727e+09	7.32611e+09	6.62364e+09	7.12774e+09	6.6145e+09	5.92975e+09	6.60398e+09	5.64095e+09	6.97033e+09	5.5386e+09	5.90211e+09	4.53467e+09	5.57323e+09	4.51846e+09	6.14055e+09	5.83634e+09	4.34206e+09	7.13918e+09	7.11761e+09	5.20743e+09	5.10134e+09	4.96626e+09	7.51479e+09	5.91758e+09	6.79257e+09	7.74542e+09	7.54505e+09	6.69654e+09	7.52751e+09	7.01896e+09	7.57699e+09	7.55081e+09	7.51472e+09	7.57396e+09	7.44973e+09	6.2928e+09	5.26762e+09	6.85969e+09	6.34864e+09	6.98544e+09	6.78928e+09	7.9923e+09	6.63769e+09	7.99469e+09	6.61367e+09	6.68872e+09	7.75178e+09	5.99469e+09	6.15465e+09	5.60335e+09	6.07975e+09	5.57395e+09	6.13796e+09	5.85784e+09	5.65716e+09	5.82105e+09	5.69473e+09	5.91028e+09	5.95759e+09	7.36499e+09	4.93591e+09	6.90437e+09	4.83494e+09	5.06198e+09	6.91251e+09	7.37292e+09	7.03478e+09	7.21685e+09	6.94276e+09	6.87022e+09	6.68802e+09	6.0758e+09	6.04501e+09	6.63167e+09	6.58441e+09	5.57255e+09	5.81208e+09	6.71583e+09	6.93845e+09	6.5169e+09	4.35519e+09	7.16204e+09	7.23225e+09	7.39615e+09	7.07351e+09	7.40156e+09	7.13236e+09	7.35873e+09	7.24266e+09	6.96798e+09	7.25328e+09	7.00436e+09	7.22306e+09	7.26938e+09	7.80558e+09
ERR608154	6.72916e+09	5.1627e+09	6.62364e+09	6.39347e+09	6.64441e+09	6.18317e+09	5.56387e+09	6.17267e+09	5.29904e+09	6.50335e+09	5.20511e+09	5.53534e+09	4.27258e+09	5.2196e+09	4.25738e+09	5.72871e+09	5.45684e+09	4.09623e+09	6.65554e+09	6.6361e+09	4.90131e+09	4.80358e+09	4.67894e+09	6.99018e+09	5.54539e+09	6.34079e+09	7.19424e+09	7.01789e+09	6.2536e+09	7.00221e+09	6.54544e+09	7.04761e+09	7.0242e+09	6.98756e+09	7.04405e+09	6.93329e+09	5.89066e+09	4.95901e+09	6.40071e+09	5.9438e+09	6.51374e+09	6.3375e+09	7.41745e+09	6.20007e+09	7.41683e+09	6.17838e+09	6.24613e+09	7.2026e+09	5.60559e+09	5.75259e+09	5.25002e+09	5.68384e+09	5.22393e+09	5.73641e+09	5.47321e+09	5.29155e+09	5.44042e+09	5.32568e+09	5.52123e+09	5.56341e+09	6.84894e+09	4.6437e+09	6.43695e+09	4.55e+09	4.75959e+09	6.44419e+09	6.84739e+09	6.54388e+09	6.71011e+09	6.46706e+09	6.4003e+09	6.23575e+09	5.67199e+09	5.64402e+09	6.17567e+09	6.13242e+09	5.22398e+09	5.43581e+09	6.26035e+09	6.46146e+09	6.08113e+09	4.09946e+09	6.66475e+09	6.72822e+09	6.87632e+09	6.59064e+09	6.88181e+09	6.6357e+09	6.8391e+09	6.73591e+09	6.49138e+09	6.75059e+09	6.52427e+09	6.72129e+09	6.76256e+09	7.24264e+09
ERR608152	7.24713e+09	5.49737e+09	7.12774e+09	6.64441e+09	7.37219e+09	6.63138e+09	5.936e+09	6.61385e+09	5.64588e+09	6.98256e+09	5.54346e+09	5.90734e+09	4.5533e+09	5.59914e+09	4.53685e+09	6.17283e+09	5.86435e+09	4.3593e+09	7.15747e+09	7.1353e+09	5.21799e+09	5.11108e+09	4.97643e+09	7.53659e+09	5.92691e+09	6.80505e+09	7.76524e+09	7.56264e+09	6.70901e+09	7.54384e+09	7.03915e+09	7.60009e+09	7.57295e+09	7.53939e+09	7.59688e+09	7.47147e+09	6.31089e+09	5.27867e+09	6.88326e+09	6.36756e+09	7.00956e+09	6.81023e+09	8.01924e+09	6.66265e+09	8.02308e+09	6.63828e+09	6.71339e+09	7.77672e+09	6.00784e+09	6.1691e+09	5.61433e+09	6.09313e+09	5.58493e+09	6.15203e+09	5.87995e+09	5.67666e+09	5.84307e+09	5.7152e+09	5.93142e+09	5.98063e+09	7.38297e+09	4.94442e+09	6.91883e+09	4.84352e+09	5.07127e+09	6.92729e+09	7.40127e+09	7.06199e+09	7.24257e+09	6.96607e+09	6.89337e+09	6.71055e+09	6.09972e+09	6.06859e+09	6.65945e+09	6.61181e+09	5.58898e+09	5.83251e+09	6.72997e+09	6.954e+09	6.52999e+09	4.36034e+09	7.17643e+09	7.24713e+09	7.40962e+09	7.08245e+09	7.41522e+09	7.14613e+09	7.37497e+09	7.25675e+09	6.98441e+09	7.26958e+09	7.02113e+09	7.24108e+09	7.28615e+09	7.82534e+09
ERR608150	6.71543e+09	5.15461e+09	6.6145e+09	6.18317e+09	6.63138e+09	6.37007e+09	5.55546e+09	6.16473e+09	5.29167e+09	6.49364e+09	5.19769e+09	5.529e+09	4.26028e+09	5.20356e+09	4.24472e+09	5.7115e+09	5.44003e+09	4.08424e+09	6.64314e+09	6.62421e+09	4.89338e+09	4.7965e+09	4.67164e+09	6.97735e+09	5.54065e+09	6.33289e+09	7.18194e+09	7.00586e+09	6.24617e+09	6.99043e+09	6.53499e+09	7.03417e+09	7.0103e+09	6.97548e+09	7.03054e+09	6.92031e+09	5.88205e+09	4.95091e+09	6.38993e+09	5.93222e+09	6.50299e+09	6.32774e+09	7.40206e+09	6.18918e+09	7.40171e+09	6.16756e+09	6.23475e+09	7.18891e+09	5.59986e+09	5.7454e+09	5.24463e+09	5.6775e+09	5.21825e+09	5.7297e+09	5.46054e+09	5.27938e+09	5.42744e+09	5.31315e+09	5.50789e+09	5.5506e+09	6.83806e+09	4.636e+09	6.42608e+09	4.54284e+09	4.75158e+09	6.4334e+09	6.83622e+09	6.53231e+09	6.69748e+09	6.45451e+09	6.38885e+09	6.22411e+09	5.65834e+09	5.63133e+09	6.16042e+09	6.11803e+09	5.20931e+09	5.42257e+09	6.2489e+09	6.44985e+09	6.07008e+09	4.09231e+09	6.65195e+09	6.71506e+09	6.86479e+09	6.57931e+09	6.87029e+09	6.62711e+09	6.82886e+09	6.72646e+09	6.4819e+09	6.73986e+09	6.5154e+09	6.71059e+09	6.75258e+09	7.23012e+09
ERR635337	6.01208e+09	4.69957e+09	5.92975e+09	5.56387e+09	5.936e+09	5.55546e+09	5.48761e+09	5.83165e+09	5.08471e+09	6.11699e+09	4.99577e+09	5.29752e+09	3.71734e+09	4.50518e+09	3.70259e+09	4.91767e+09	4.70397e+09	3.57392e+09	6.0171e+09	5.99937e+09	4.46663e+09	4.38576e+09	4.26716e+09	6.29079e+09	5.16352e+09	5.85758e+09	6.54411e+09	6.4098e+09	5.77977e+09	6.40396e+09	6.00074e+09	6.43473e+09	6.41738e+09	6.3696e+09	6.43266e+09	6.33812e+09	5.33971e+09	4.55129e+09	5.77245e+09	5.38538e+09	5.8772e+09	5.72934e+09	6.65276e+09	5.55552e+09	6.64131e+09	5.53801e+09	5.59609e+09	6.47698e+09	5.11658e+09	5.24914e+09	4.80903e+09	5.18932e+09	4.78277e+09	5.23282e+09	4.79486e+09	4.64928e+09	4.76641e+09	4.67267e+09	4.84389e+09	4.86899e+09	6.18666e+09	4.21413e+09	5.83302e+09	4.1243e+09	4.31542e+09	5.83971e+09	6.07345e+09	5.80246e+09	5.9664e+09	5.76581e+09	5.70247e+09	5.55221e+09	4.95796e+09	4.93884e+09	5.39826e+09	5.35964e+09	4.62211e+09	4.77386e+09	5.67275e+09	5.85068e+09	5.52516e+09	3.77185e+09	6.04854e+09	6.10407e+09	6.28755e+09	6.08083e+09	6.28935e+09	6.07609e+09	6.23845e+09	6.16262e+09	5.89952e+09	6.14265e+09	5.93072e+09	6.10222e+09	6.145e+09	6.54834e+09
ERR635335	6.701e+09	5.16413e+09	6.60398e+09	6.17267e+09	6.61385e+09	6.16473e+09	5.83165e+09	6.6361e+09	5.55216e+09	6.78657e+09	5.45251e+09	5.806e+09	4.13867e+09	5.05135e+09	4.12315e+09	5.53859e+09	5.28265e+09	3.97127e+09	6.69268e+09	6.67228e+09	4.91044e+09	4.81602e+09	4.68547e+09	7.02106e+09	5.68302e+09	6.49014e+09	7.31129e+09	7.14649e+09	6.40039e+09	7.13528e+09	6.67503e+09	7.1824e+09	7.16082e+09	7.11422e+09	7.18012e+09	7.06799e+09	5.92015e+09	4.9986e+09	6.42633e+09	5.97093e+09	6.54584e+09	6.37313e+09	7.44437e+09	6.18466e+09	7.43715e+09	6.1642e+09	6.23164e+09	7.23644e+09	5.65481e+09	5.8068e+09	5.29834e+09	5.73708e+09	5.26996e+09	5.78931e+09	5.3517e+09	5.17807e+09	5.31843e+09	5.20916e+09	5.40381e+09	5.43915e+09	6.89106e+09	4.62827e+09	6.47258e+09	4.53023e+09	4.74394e+09	6.48123e+09	6.79661e+09	6.48382e+09	6.66546e+09	6.42543e+09	6.3551e+09	6.18394e+09	5.53892e+09	5.51636e+09	6.0454e+09	6.0016e+09	5.12311e+09	5.31777e+09	6.29429e+09	6.50043e+09	6.11809e+09	4.1208e+09	6.71913e+09	6.78319e+09	6.99822e+09	6.73601e+09	7.00214e+09	6.75827e+09	6.95359e+09	6.85839e+09	6.55612e+09	6.83195e+09	6.59214e+09	6.79227e+09	6.84107e+09	7.31798e+09
ERR635338	5.71683e+09	4.48961e+09	5.64095e+09	5.29904e+09	5.64588e+09	5.29167e+09	5.08471e+09	5.55216e+09	5.00388e+09	5.81701e+09	4.77298e+09	5.05481e+09	3.5488e+09	4.28901e+09	3.53547e+09	4.67631e+09	4.47622e+09	3.41404e+09	5.72067e+09	5.70382e+09	4.26874e+09	4.19294e+09	4.08054e+09	5.97559e+09	4.92652e+09	5.57395e+09	6.21217e+09	6.08769e+09	5.5021e+09	6.08222e+09	5.70915e+09	6.11229e+09	6.09634e+09	6.05202e+09	6.11035e+09	6.02253e+09	5.08899e+09	4.34969e+09	5.493e+09	5.13104e+09	5.59061e+09	5.45324e+09	6.31274e+09	5.2901e+09	6.30183e+09	5.27306e+09	5.32742e+09	6.14932e+09	4.8791e+09	5.00313e+09	4.59041e+09	4.94704e+09	4.56574e+09	4.98725e+09	4.56411e+09	4.42721e+09	4.53689e+09	4.44965e+09	4.61061e+09	4.63323e+09	5.87784e+09	4.02826e+09	5.54766e+09	3.94264e+09	4.12321e+09	5.5542e+09	5.76994e+09	5.51728e+09	5.67022e+09	5.48313e+09	5.42417e+09	5.28324e+09	4.71887e+09	4.70108e+09	5.13236e+09	5.09615e+09	4.40307e+09	4.5468e+09	5.39631e+09	5.56276e+09	5.25821e+09	3.60638e+09	5.74757e+09	5.79916e+09	5.97331e+09	5.78143e+09	5.9755e+09	5.77776e+09	5.92843e+09	5.85796e+09	5.61195e+09	5.83836e+09	5.64121e+09	5.80048e+09	5.83994e+09	6.21542e+09
ERR635336	7.07737e+09	5.41447e+09	6.97033e+09	6.50335e+09	6.98256e+09	6.49364e+09	6.11699e+09	6.78657e+09	5.81701e+09	7.36193e+09	5.71004e+09	6.08759e+09	4.36619e+09	5.35373e+09	4.34989e+09	5.88376e+09	5.60408e+09	4.18502e+09	7.0668e+09	7.04509e+09	5.14837e+09	5.04668e+09	4.9091e+09	7.42619e+09	5.95943e+09	6.83402e+09	7.74173e+09	7.55809e+09	6.7364e+09	7.54578e+09	7.04134e+09	7.5991e+09	7.57538e+09	7.52595e+09	7.5966e+09	7.47323e+09	6.23214e+09	5.24086e+09	6.78129e+09	6.28783e+09	6.91027e+09	6.72223e+09	7.89065e+09	6.52188e+09	7.88305e+09	6.49952e+09	6.57321e+09	7.65979e+09	5.9443e+09	6.10652e+09	5.55988e+09	6.03083e+09	5.52924e+09	6.08779e+09	5.66584e+09	5.47691e+09	5.62909e+09	5.5105e+09	5.7211e+09	5.76058e+09	7.28555e+09	4.85461e+09	6.83074e+09	4.75047e+09	4.97822e+09	6.84043e+09	7.20013e+09	6.86262e+09	7.05659e+09	6.79425e+09	6.719e+09	6.53522e+09	5.86745e+09	5.84118e+09	6.41335e+09	6.36592e+09	5.41357e+09	5.62534e+09	6.64805e+09	6.87102e+09	6.45683e+09	4.31756e+09	7.10626e+09	7.17614e+09	7.39892e+09	7.10852e+09	7.40249e+09	7.13448e+09	7.35017e+09	7.24499e+09	6.91572e+09	7.2151e+09	6.95488e+09	7.17372e+09	7.22599e+09	7.75191e+09
ERR635339	5.61305e+09	4.41519e+09	5.5386e+09	5.20511e+09	5.54346e+09	5.19769e+09	4.99577e+09	5.45251e+09	4.77298e+09	5.71004e+09	4.83644e+09	4.96688e+09	3.4935e+09	4.21759e+09	3.47989e+09	4.59619e+09	4.40096e+09	3.36106e+09	5.61621e+09	5.59988e+09	4.19942e+09	4.1252e+09	4.01565e+09	5.86464e+09	4.84052e+09	5.47205e+09	6.0948e+09	5.97339e+09	5.40168e+09	5.96729e+09	5.60448e+09	5.99724e+09	5.98184e+09	5.93842e+09	5.99518e+09	5.91006e+09	5.00061e+09	4.27861e+09	5.3945e+09	5.0414e+09	5.48963e+09	5.3554e+09	6.19209e+09	5.19603e+09	6.18178e+09	5.17947e+09	5.23283e+09	6.03357e+09	4.7949e+09	4.91597e+09	4.51249e+09	4.86117e+09	4.4894e+09	4.90084e+09	4.48633e+09	4.3516e+09	4.45948e+09	4.3735e+09	4.53134e+09	4.55403e+09	5.76968e+09	3.9634e+09	5.44788e+09	3.87977e+09	4.05606e+09	5.45432e+09	5.66531e+09	5.4184e+09	5.56803e+09	5.38494e+09	5.32801e+09	5.19054e+09	4.63722e+09	4.6197e+09	5.04175e+09	5.00619e+09	4.32851e+09	4.46878e+09	5.29916e+09	5.46177e+09	5.16437e+09	3.54828e+09	5.64156e+09	5.69138e+09	5.86194e+09	5.67425e+09	5.86406e+09	5.67065e+09	5.81823e+09	5.74907e+09	5.5109e+09	5.73103e+09	5.5391e+09	5.69456e+09	5.73351e+09	6.09919e+09
ERR635334	5.98332e+09	4.67638e+09	5.90211e+09	5.53534e+09	5.90734e+09	5.529e+09	5.29752e+09	5.806e+09	5.05481e+09	6.08759e+09	4.96688e+09	5.43684e+09	3.69335e+09	4.47495e+09	3.67877e+09	4.88571e+09	4.67314e+09	3.55136e+09	5.98708e+09	5.96854e+09	4.44483e+09	4.36451e+09	4.24657e+09	6.26028e+09	5.14191e+09	5.83231e+09	6.51381e+09	6.38035e+09	5.75555e+09	6.37339e+09	5.97292e+09	6.4033e+09	6.3862e+09	6.33989e+09	6.40174e+09	6.30732e+09	5.31382e+09	4.52813e+09	5.74404e+09	5.35708e+09	5.84819e+09	5.70174e+09	6.6191e+09	5.52935e+09	6.60859e+09	5.51179e+09	5.57e+09	6.44529e+09	5.09676e+09	5.2287e+09	4.78986e+09	5.16863e+09	4.76417e+09	5.21218e+09	4.76699e+09	4.62171e+09	4.73873e+09	4.64551e+09	4.81585e+09	4.84117e+09	6.15959e+09	4.19453e+09	5.80552e+09	4.10577e+09	4.29522e+09	5.81293e+09	6.04175e+09	5.77222e+09	5.93416e+09	5.73505e+09	5.67242e+09	5.52326e+09	4.92842e+09	4.91028e+09	5.36689e+09	5.32906e+09	4.58881e+09	4.74593e+09	5.64454e+09	5.8219e+09	5.49787e+09	3.75575e+09	6.01793e+09	6.07271e+09	6.26143e+09	6.05365e+09	6.26382e+09	6.05474e+09	6.21656e+09	6.14039e+09	5.87548e+09	6.11623e+09	5.9074e+09	6.07735e+09	6.12075e+09	6.52143e+09
ERR613219	4.60288e+09	3.61602e+09	4.53467e+09	4.27258e+09	4.5533e+09	4.26028e+09	3.71734e+09	4.13867e+09	3.5488e+09	4.36619e+09	3.4935e+09	3.69335e+09	3.71405e+09	4.25521e+09	3.55204e+09	4.62246e+09	4.42149e+09	3.42699e+09	4.69795e+09	4.68972e+09	3.59081e+09	3.51856e+09	3.44604e+09	4.92987e+09	3.77312e+09	4.29788e+09	4.93066e+09	4.797e+09	4.24075e+09	4.78164e+09	4.43931e+09	4.7744e+09	4.75803e+09	4.74262e+09	4.77406e+09	4.69723e+09	4.11902e+09	3.51616e+09	4.44093e+09	4.15363e+09	4.50582e+09	4.39361e+09	5.12973e+09	4.37744e+09	5.13319e+09	4.36326e+09	4.40784e+09	4.97734e+09	3.91644e+09	4.00878e+09	3.68237e+09	3.96579e+09	3.67094e+09	4.0015e+09	4.15584e+09	4.02363e+09	4.13195e+09	4.05481e+09	4.18072e+09	4.21879e+09	4.83153e+09	3.45575e+09	4.56592e+09	3.39981e+09	3.53306e+09	4.56761e+09	4.87701e+09	4.68722e+09	4.78113e+09	4.6173e+09	4.58273e+09	4.48148e+09	4.29171e+09	4.26925e+09	4.61554e+09	4.58937e+09	3.96432e+09	4.12251e+09	4.44449e+09	4.57109e+09	4.32299e+09	2.98303e+09	4.69274e+09	4.73113e+09	4.69356e+09	4.46432e+09	4.69903e+09	4.51399e+09	4.66874e+09	4.58858e+09	4.49008e+09	4.65108e+09	4.5093e+09	4.64044e+09	4.66208e+09	5.00065e+09
ERR613217	5.66527e+09	4.3513e+09	5.57323e+09	5.2196e+09	5.59914e+09	5.20356e+09	4.50518e+09	5.05135e+09	4.28901e+09	5.35373e+09	4.21759e+09	4.47495e+09	4.25521e+09	5.37997e+09	4.23899e+09	5.68149e+09	5.40757e+09	4.07561e+09	5.77292e+09	5.76201e+09	4.30446e+09	4.21233e+09	4.11943e+09	6.08706e+09	4.56696e+09	5.25602e+09	6.10688e+09	5.9221e+09	5.17997e+09	5.90211e+09	5.44965e+09	5.89738e+09	5.87479e+09	5.85846e+09	5.8965e+09	5.79412e+09	5.01661e+09	4.22489e+09	5.45011e+09	5.06328e+09	5.53688e+09	5.38645e+09	6.36241e+09	5.35494e+09	6.36954e+09	5.33599e+09	5.39604e+09	6.15609e+09	4.772e+09	4.89083e+09	4.46403e+09	4.83376e+09	4.44819e+09	4.88142e+09	5.08235e+09	4.90773e+09	5.05147e+09	4.94759e+09	5.11698e+09	5.16587e+09	5.96753e+09	4.14775e+09	5.61003e+09	4.07589e+09	4.24684e+09	5.61338e+09	6.05048e+09	5.79587e+09	5.91969e+09	5.69722e+09	5.64961e+09	5.51566e+09	5.26326e+09	5.23258e+09	5.69588e+09	5.66155e+09	4.82244e+09	5.03525e+09	5.46863e+09	5.63807e+09	5.30606e+09	3.58019e+09	5.79827e+09	5.84981e+09	5.79897e+09	5.49027e+09	5.80611e+09	5.5631e+09	5.77062e+09	5.66167e+09	5.52617e+09	5.7381e+09	5.55177e+09	5.72682e+09	5.75473e+09	6.20995e+09
ERR613220	4.58627e+09	3.60208e+09	4.51846e+09	4.25738e+09	4.53685e+09	4.24472e+09	3.70259e+09	4.12315e+09	3.53547e+09	4.34989e+09	3.47989e+09	3.67877e+09	3.55204e+09	4.23899e+09	3.68784e+09	4.60559e+09	4.40537e+09	3.41456e+09	4.6791e+09	4.67065e+09	3.57612e+09	3.5047e+09	3.43257e+09	4.91031e+09	3.759e+09	4.28129e+09	4.91131e+09	4.77759e+09	4.22437e+09	4.76181e+09	4.42304e+09	4.75631e+09	4.73984e+09	4.72526e+09	4.75581e+09	4.67942e+09	4.1036e+09	3.50265e+09	4.42462e+09	4.13859e+09	4.48928e+09	4.37771e+09	5.1102e+09	4.36232e+09	5.11385e+09	4.34825e+09	4.39236e+09	4.95828e+09	3.90297e+09	3.99469e+09	3.66913e+09	3.95174e+09	3.65805e+09	3.98771e+09	4.14054e+09	4.00886e+09	4.1169e+09	4.04008e+09	4.16544e+09	4.20329e+09	4.81253e+09	3.44258e+09	4.54778e+09	3.38741e+09	3.51941e+09	4.54992e+09	4.85944e+09	4.67097e+09	4.76372e+09	4.60078e+09	4.56541e+09	4.46519e+09	4.27695e+09	4.25496e+09	4.59907e+09	4.57315e+09	3.94932e+09	4.10834e+09	4.42642e+09	4.55255e+09	4.30517e+09	2.97052e+09	4.67305e+09	4.71159e+09	4.67636e+09	4.44737e+09	4.68193e+09	4.49869e+09	4.65265e+09	4.57259e+09	4.47454e+09	4.63419e+09	4.49312e+09	4.6236e+09	4.64533e+09	4.98207e+09
ERR613215	6.24937e+09	4.73589e+09	6.14055e+09	5.72871e+09	6.17283e+09	5.7115e+09	4.91767e+09	5.53859e+09	4.67631e+09	5.88376e+09	4.59619e+09	4.88571e+09	4.62246e+09	5.68149e+09	4.60559e+09	6.5038e+09	5.94679e+09	4.41932e+09	6.35524e+09	6.34159e+09	4.6804e+09	4.57747e+09	4.47305e+09	6.72406e+09	4.98887e+09	5.7696e+09	6.75551e+09	6.53686e+09	5.68396e+09	6.51243e+09	6.00305e+09	6.52012e+09	6.49254e+09	6.48039e+09	6.51928e+09	6.39877e+09	5.49963e+09	4.5967e+09	6.00241e+09	5.55202e+09	6.10235e+09	5.92574e+09	7.05137e+09	5.89144e+09	7.06395e+09	5.86983e+09	5.93789e+09	6.80872e+09	5.23228e+09	5.36633e+09	4.88063e+09	5.3009e+09	4.8623e+09	5.35673e+09	5.58584e+09	5.38269e+09	5.55079e+09	5.42954e+09	5.62377e+09	5.68251e+09	6.59135e+09	4.50871e+09	6.17416e+09	4.42826e+09	4.62045e+09	6.17854e+09	6.7135e+09	6.4186e+09	6.5567e+09	6.29472e+09	6.24017e+09	6.08609e+09	5.79575e+09	5.75987e+09	6.29832e+09	6.25881e+09	5.27642e+09	5.5286e+09	6.01899e+09	6.21531e+09	5.83155e+09	3.88693e+09	6.39731e+09	6.4569e+09	6.40209e+09	6.0388e+09	6.41018e+09	6.13473e+09	6.37618e+09	6.24787e+09	6.09106e+09	6.33096e+09	6.11978e+09	6.32203e+09	6.35365e+09	6.88272e+09
ERR613216	5.9356e+09	4.53316e+09	5.83634e+09	5.45684e+09	5.86435e+09	5.44003e+09	4.70397e+09	5.28265e+09	4.47622e+09	5.60408e+09	4.40096e+09	4.67314e+09	4.42149e+09	5.40757e+09	4.40537e+09	5.94679e+09	5.86384e+09	4.23149e+09	6.04599e+09	6.03265e+09	4.48191e+09	4.38486e+09	4.2864e+09	6.38263e+09	4.76721e+09	5.49851e+09	6.40914e+09	6.21007e+09	5.41819e+09	6.18865e+09	5.70715e+09	6.18666e+09	6.16193e+09	6.14596e+09	6.18594e+09	6.07531e+09	5.24155e+09	4.40077e+09	5.70488e+09	5.29076e+09	5.79826e+09	5.63634e+09	6.68044e+09	5.60156e+09	6.68911e+09	5.58107e+09	5.64495e+09	6.45765e+09	4.98631e+09	5.11199e+09	4.65924e+09	5.0514e+09	4.64187e+09	5.10275e+09	5.31321e+09	5.12652e+09	5.28043e+09	5.16853e+09	5.34978e+09	5.40182e+09	6.25818e+09	4.319e+09	5.87507e+09	4.24241e+09	4.42432e+09	5.87892e+09	6.3511e+09	6.07861e+09	6.21004e+09	5.97087e+09	5.92022e+09	5.77622e+09	5.50522e+09	5.47235e+09	5.9693e+09	5.93204e+09	5.03316e+09	5.26144e+09	5.7262e+09	5.90775e+09	5.55296e+09	3.72864e+09	6.07851e+09	6.13381e+09	6.08088e+09	5.75071e+09	6.08825e+09	5.83037e+09	6.0518e+09	5.93538e+09	5.78948e+09	6.01505e+09	5.81601e+09	6.00423e+09	6.03391e+09	6.52172e+09
ERR613218	4.40591e+09	3.47948e+09	4.34206e+09	4.09623e+09	4.3593e+09	4.08424e+09	3.57392e+09	3.97127e+09	3.41404e+09	4.18502e+09	3.36106e+09	3.55136e+09	3.42699e+09	4.07561e+09	3.41456e+09	4.41932e+09	4.23149e+09	3.43964e+09	4.50235e+09	4.49481e+09	3.45813e+09	3.3901e+09	3.3214e+09	4.71957e+09	3.62798e+09	4.12399e+09	4.71814e+09	4.59381e+09	4.06971e+09	4.57918e+09	4.25306e+09	4.56953e+09	4.5543e+09	4.53782e+09	4.56925e+09	4.49668e+09	3.95027e+09	3.38448e+09	4.25258e+09	3.98311e+09	4.31398e+09	4.20895e+09	4.90551e+09	4.19377e+09	4.90807e+09	4.18113e+09	4.22301e+09	4.76256e+09	3.75666e+09	3.84508e+09	3.53637e+09	3.80479e+09	3.52612e+09	3.83809e+09	3.98073e+09	3.85683e+09	3.95846e+09	3.88594e+09	4.0044e+09	4.04016e+09	4.62624e+09	3.3284e+09	4.37683e+09	3.2755e+09	3.40122e+09	4.37822e+09	4.66055e+09	4.48121e+09	4.5709e+09	4.41805e+09	4.38495e+09	4.28913e+09	4.10658e+09	4.08637e+09	4.41166e+09	4.38747e+09	3.80257e+09	3.94901e+09	4.25812e+09	4.37759e+09	4.14404e+09	2.8759e+09	4.49304e+09	4.52929e+09	4.49328e+09	4.27955e+09	4.49875e+09	4.32312e+09	4.46841e+09	4.39341e+09	4.30086e+09	4.45406e+09	4.31896e+09	4.44223e+09	4.46373e+09	4.7821e+09
ERR613108	7.25361e+09	5.52305e+09	7.13918e+09	6.65554e+09	7.15747e+09	6.64314e+09	6.0171e+09	6.69268e+09	5.72067e+09	7.0668e+09	5.61621e+09	5.98708e+09	4.69795e+09	5.77292e+09	4.6791e+09	6.35524e+09	6.04599e+09	4.50235e+09	7.71723e+09	7.45912e+09	5.44145e+09	5.32988e+09	5.1854e+09	7.87362e+09	6.08292e+09	6.98845e+09	7.97164e+09	7.76995e+09	6.88803e+09	7.75659e+09	7.10819e+09	7.68714e+09	7.66132e+09	7.61188e+09	7.68378e+09	7.55374e+09	6.3675e+09	5.33699e+09	6.94119e+09	6.42469e+09	7.07119e+09	6.87124e+09	8.16089e+09	6.7466e+09	8.15667e+09	6.72224e+09	6.8005e+09	7.91234e+09	6.21101e+09	6.37932e+09	5.80985e+09	6.30229e+09	5.779e+09	6.36082e+09	6.02749e+09	5.82569e+09	5.98885e+09	5.86278e+09	6.08299e+09	6.12698e+09	7.66643e+09	5.14991e+09	7.19287e+09	5.04137e+09	5.2791e+09	7.20307e+09	7.56564e+09	7.21542e+09	7.40953e+09	7.13468e+09	7.05798e+09	6.8686e+09	6.23632e+09	6.20781e+09	6.80892e+09	6.76004e+09	5.74522e+09	5.97624e+09	6.9965e+09	7.22877e+09	6.79256e+09	4.55673e+09	7.46591e+09	7.53736e+09	7.62202e+09	7.30299e+09	7.62654e+09	7.33819e+09	7.57155e+09	7.45405e+09	7.16821e+09	7.47386e+09	7.20842e+09	7.43533e+09	7.48754e+09	8.04384e+09
ERR613109	7.2315e+09	5.50773e+09	7.11761e+09	6.6361e+09	7.1353e+09	6.62421e+09	5.99937e+09	6.67228e+09	5.70382e+09	7.04509e+09	5.59988e+09	5.96854e+09	4.68972e+09	5.76201e+09	4.67065e+09	6.34159e+09	6.03265e+09	4.49481e+09	7.45912e+09	7.66932e+09	5.42772e+09	5.3159e+09	5.17278e+09	7.8474e+09	6.06506e+09	6.96672e+09	7.94604e+09	7.74483e+09	6.86686e+09	7.73193e+09	7.08642e+09	7.66112e+09	7.6353e+09	7.58672e+09	7.65795e+09	7.52915e+09	6.35052e+09	5.32264e+09	6.92052e+09	6.40671e+09	7.04981e+09	6.8507e+09	8.13491e+09	6.72738e+09	8.12996e+09	6.70286e+09	6.78004e+09	7.88725e+09	6.19423e+09	6.36205e+09	5.79456e+09	6.2855e+09	5.76446e+09	6.34364e+09	6.0138e+09	5.81278e+09	5.97584e+09	5.85017e+09	6.0687e+09	6.1136e+09	7.64229e+09	5.1369e+09	7.17136e+09	5.02858e+09	5.26591e+09	7.18044e+09	7.54633e+09	7.19755e+09	7.39122e+09	7.11668e+09	7.04083e+09	6.85192e+09	6.22344e+09	6.1946e+09	6.79356e+09	6.74461e+09	5.7338e+09	5.96324e+09	6.97781e+09	7.20886e+09	6.77523e+09	4.5447e+09	7.44512e+09	7.51666e+09	7.59808e+09	7.27974e+09	7.60299e+09	7.31493e+09	7.54752e+09	7.43091e+09	7.14621e+09	7.45163e+09	7.18578e+09	7.41236e+09	7.46367e+09	8.01818e+09
ERR613111	5.27889e+09	4.1642e+09	5.20743e+09	4.90131e+09	5.21799e+09	4.89338e+09	4.46663e+09	4.91044e+09	4.26874e+09	5.14837e+09	4.19942e+09	4.44483e+09	3.59081e+09	4.30446e+09	3.57612e+09	4.6804e+09	4.48191e+09	3.45813e+09	5.44145e+09	5.42772e+09	4.28916e+09	4.06456e+09	3.96679e+09	5.68203e+09	4.53425e+09	5.11502e+09	5.72776e+09	5.60537e+09	5.05148e+09	5.5964e+09	5.18052e+09	5.54376e+09	5.52746e+09	5.49452e+09	5.54151e+09	5.46052e+09	4.71704e+09	4.04104e+09	5.08103e+09	4.75375e+09	5.16309e+09	5.03693e+09	5.85549e+09	4.96437e+09	5.85104e+09	4.94801e+09	4.99819e+09	5.70183e+09	4.60551e+09	4.71652e+09	4.34542e+09	4.66741e+09	4.32768e+09	4.70468e+09	4.45366e+09	4.32099e+09	4.42805e+09	4.34545e+09	4.49033e+09	4.51883e+09	5.54257e+09	3.91419e+09	5.24644e+09	3.84079e+09	4.00211e+09	5.25191e+09	5.46281e+09	5.24041e+09	5.36575e+09	5.19329e+09	5.14481e+09	5.02249e+09	4.59358e+09	4.57619e+09	4.96606e+09	4.93469e+09	4.27599e+09	4.42641e+09	5.10705e+09	5.25405e+09	4.97765e+09	3.4706e+09	5.40479e+09	5.44953e+09	5.49936e+09	5.2991e+09	5.5028e+09	5.31781e+09	5.46461e+09	5.39137e+09	5.21618e+09	5.41147e+09	5.24147e+09	5.38523e+09	5.4181e+09	5.76663e+09
ERR613112	5.17038e+09	4.08859e+09	5.10134e+09	4.80358e+09	5.11108e+09	4.7965e+09	4.38576e+09	4.81602e+09	4.19294e+09	5.04668e+09	4.1252e+09	4.36451e+09	3.51856e+09	4.21233e+09	3.5047e+09	4.57747e+09	4.38486e+09	3.3901e+09	5.32988e+09	5.3159e+09	4.06456e+09	4.1366e+09	3.89555e+09	5.56286e+09	4.45044e+09	5.01455e+09	5.60736e+09	5.48881e+09	4.9524e+09	5.48063e+09	5.07693e+09	5.42983e+09	5.4143e+09	5.38149e+09	5.42776e+09	5.34925e+09	4.62475e+09	3.96885e+09	4.97783e+09	4.66047e+09	5.05849e+09	4.9357e+09	5.73186e+09	4.86402e+09	5.72705e+09	4.84797e+09	4.89669e+09	5.58261e+09	4.51569e+09	4.62389e+09	4.26295e+09	4.57597e+09	4.24552e+09	4.61165e+09	4.35926e+09	4.2306e+09	4.33436e+09	4.25389e+09	4.39559e+09	4.42243e+09	5.42666e+09	3.84168e+09	5.13869e+09	3.77023e+09	3.92757e+09	5.14386e+09	5.34375e+09	5.12742e+09	5.25055e+09	5.08324e+09	5.03571e+09	4.91667e+09	4.49543e+09	4.47848e+09	4.85808e+09	4.82704e+09	4.18837e+09	4.33353e+09	5.00184e+09	5.14497e+09	4.87671e+09	3.40995e+09	5.29158e+09	5.33501e+09	5.38509e+09	5.19207e+09	5.38828e+09	5.20879e+09	5.35104e+09	5.27993e+09	5.10878e+09	5.29932e+09	5.13344e+09	5.27302e+09	5.30555e+09	5.64325e+09
ERR613110	5.03289e+09	3.98741e+09	4.96626e+09	4.67894e+09	4.97643e+09	4.67164e+09	4.26716e+09	4.68547e+09	4.08054e+09	4.9091e+09	4.01565e+09	4.24657e+09	3.44604e+09	4.11943e+09	3.43257e+09	4.47305e+09	4.2864e+09	3.3214e+09	5.1854e+09	5.17278e+09	3.96679e+09	3.89555e+09	3.94479e+09	5.41158e+09	4.33239e+09	4.87695e+09	5.45177e+09	5.33695e+09	4.81719e+09	5.32769e+09	4.94139e+09	5.28211e+09	5.26675e+09	5.23624e+09	5.28012e+09	5.20423e+09	4.50624e+09	3.87193e+09	4.84774e+09	4.54068e+09	4.92503e+09	4.80603e+09	5.57469e+09	4.74043e+09	5.57091e+09	4.72523e+09	4.77153e+09	5.431e+09	4.396e+09	4.5011e+09	4.15179e+09	4.45471e+09	4.13541e+09	4.48948e+09	4.25402e+09	4.12839e+09	4.22965e+09	4.15206e+09	4.28833e+09	4.31577e+09	5.2775e+09	3.74883e+09	4.99922e+09	3.68058e+09	3.8322e+09	5.00375e+09	5.20305e+09	4.99437e+09	5.11194e+09	4.94986e+09	4.9041e+09	4.78996e+09	4.3863e+09	4.37004e+09	4.7374e+09	4.70739e+09	4.08569e+09	4.22843e+09	4.86545e+09	5.00368e+09	4.74389e+09	3.32379e+09	5.1441e+09	5.18589e+09	5.23421e+09	5.04524e+09	5.23786e+09	5.06455e+09	5.20253e+09	5.13329e+09	4.97053e+09	5.15369e+09	4.99404e+09	5.12835e+09	5.16004e+09	5.48714e+09
ERR613107	7.64087e+09	5.77229e+09	7.51479e+09	6.99018e+09	7.53659e+09	6.97735e+09	6.29079e+09	7.02106e+09	5.97559e+09	7.42619e+09	5.86464e+09	6.26028e+09	4.92987e+09	6.08706e+09	4.91031e+09	6.72406e+09	6.38263e+09	4.71957e+09	7.87362e+09	7.8474e+09	5.68203e+09	5.56286e+09	5.41158e+09	8.56149e+09	6.36044e+09	7.33615e+09	8.41619e+09	8.19138e+09	7.22773e+09	8.17518e+09	7.47894e+09	8.10887e+09	8.08035e+09	8.03198e+09	8.10562e+09	7.96251e+09	6.68144e+09	5.57603e+09	7.30304e+09	6.74222e+09	7.44225e+09	7.22469e+09	8.62526e+09	7.09654e+09	8.62438e+09	7.07048e+09	7.15407e+09	8.35215e+09	6.51105e+09	6.69214e+09	6.07829e+09	6.609e+09	6.0458e+09	6.67301e+09	6.356e+09	6.13603e+09	6.31485e+09	6.17824e+09	6.41405e+09	6.46504e+09	8.08564e+09	5.38171e+09	7.56766e+09	5.26755e+09	5.5198e+09	7.57748e+09	8.00367e+09	7.62358e+09	7.82997e+09	7.52864e+09	7.44672e+09	7.24283e+09	6.58251e+09	6.55151e+09	7.20085e+09	7.14899e+09	6.04036e+09	6.29615e+09	7.36079e+09	7.61251e+09	7.14027e+09	4.75306e+09	7.86758e+09	7.94518e+09	8.03612e+09	7.68075e+09	8.04176e+09	7.72976e+09	7.98665e+09	7.85545e+09	7.54539e+09	7.87473e+09	7.58963e+09	7.83599e+09	7.89209e+09	8.50192e+09
ERR612225	6.00067e+09	4.67238e+09	5.91758e+09	5.54539e+09	5.92691e+09	5.54065e+09	5.16352e+09	5.68302e+09	4.92652e+09	5.95943e+09	4.84052e+09	5.14191e+09	3.77312e+09	4.56696e+09	3.759e+09	4.98887e+09	4.76721e+09	3.62798e+09	6.08292e+09	6.06506e+09	4.53425e+09	4.45044e+09	4.33239e+09	6.36044e+09	5.47692e+09	6.01082e+09	6.71226e+09	6.57012e+09	5.93542e+09	6.56172e+09	5.95994e+09	6.38431e+09	6.36593e+09	6.32732e+09	6.38073e+09	6.28855e+09	5.33079e+09	4.53009e+09	5.76752e+09	5.37306e+09	5.86886e+09	5.71881e+09	6.64645e+09	5.57038e+09	6.63957e+09	5.55087e+09	5.609e+09	6.4687e+09	5.28063e+09	5.41335e+09	4.96934e+09	5.3539e+09	4.9442e+09	5.39791e+09	4.90802e+09	4.75791e+09	4.87966e+09	4.78354e+09	4.95289e+09	4.98346e+09	6.29676e+09	4.33102e+09	5.94041e+09	4.24313e+09	4.43478e+09	5.94732e+09	6.18964e+09	5.92277e+09	6.07634e+09	5.87287e+09	5.81207e+09	5.66486e+09	5.07468e+09	5.05437e+09	5.51061e+09	5.47371e+09	4.7106e+09	4.88172e+09	5.79988e+09	5.97716e+09	5.64771e+09	3.88335e+09	6.1607e+09	6.21612e+09	6.3499e+09	6.13048e+09	6.35283e+09	6.15306e+09	6.31464e+09	6.23474e+09	5.98268e+09	6.21728e+09	6.01371e+09	6.18281e+09	6.22411e+09	6.62248e+09
ERR612224	6.89643e+09	5.28809e+09	6.79257e+09	6.34079e+09	6.80505e+09	6.33289e+09	5.85758e+09	6.49014e+09	5.57395e+09	6.83402e+09	5.47205e+09	5.83231e+09	4.29788e+09	5.25602e+09	4.28129e+09	5.7696e+09	5.49851e+09	4.12399e+09	6.98845e+09	6.96672e+09	5.11502e+09	5.01455e+09	4.87695e+09	7.33615e+09	6.01082e+09	7.08627e+09	7.7737e+09	7.59325e+09	6.78675e+09	7.58228e+09	6.83461e+09	7.36549e+09	7.34197e+09	7.29468e+09	7.36106e+09	7.24518e+09	6.07857e+09	5.11834e+09	6.61013e+09	6.13032e+09	6.7328e+09	6.54941e+09	7.69949e+09	6.37823e+09	7.69223e+09	6.35589e+09	6.42628e+09	7.47601e+09	5.99836e+09	6.15959e+09	5.6211e+09	6.08621e+09	5.59114e+09	6.14099e+09	5.65341e+09	5.47151e+09	5.61864e+09	5.50353e+09	5.70637e+09	5.74516e+09	7.26415e+09	4.90088e+09	6.82581e+09	4.79795e+09	5.02353e+09	6.83479e+09	7.15958e+09	6.83402e+09	7.01927e+09	6.76838e+09	6.69541e+09	6.5175e+09	5.84954e+09	5.82537e+09	6.37608e+09	6.33155e+09	5.40737e+09	5.61516e+09	6.65955e+09	6.87545e+09	6.47341e+09	4.37873e+09	7.10153e+09	7.16912e+09	7.32632e+09	7.04865e+09	7.33014e+09	7.07771e+09	7.28271e+09	7.18108e+09	6.87313e+09	7.16132e+09	6.91151e+09	7.12014e+09	7.17103e+09	7.67191e+09
ERR612221	7.87655e+09	5.92941e+09	7.74542e+09	7.19424e+09	7.76524e+09	7.18194e+09	6.54411e+09	7.31129e+09	6.21217e+09	7.74173e+09	6.0948e+09	6.51381e+09	4.93066e+09	6.10688e+09	4.91131e+09	6.75551e+09	6.40914e+09	4.71814e+09	7.97164e+09	7.94604e+09	5.72776e+09	5.60736e+09	5.45177e+09	8.41619e+09	6.71226e+09	7.7737e+09	9.23648e+09	8.71551e+09	7.65482e+09	8.69971e+09	7.764e+09	8.43651e+09	8.40603e+09	8.35196e+09	8.43199e+09	8.28119e+09	6.88198e+09	5.73583e+09	7.53263e+09	6.94668e+09	7.6791e+09	7.45259e+09	8.88268e+09	7.26283e+09	8.87779e+09	7.23616e+09	7.32219e+09	8.59153e+09	6.7555e+09	6.94683e+09	6.2999e+09	6.85786e+09	6.2649e+09	6.92603e+09	6.55543e+09	6.32763e+09	6.51206e+09	6.37036e+09	6.61758e+09	6.66985e+09	8.34778e+09	5.51451e+09	7.80333e+09	5.39506e+09	5.65827e+09	7.81382e+09	8.3011e+09	7.90095e+09	8.12035e+09	7.80296e+09	7.71587e+09	7.50074e+09	6.79425e+09	6.7616e+09	7.44152e+09	7.38708e+09	6.2326e+09	6.49689e+09	7.62634e+09	7.89202e+09	7.3961e+09	4.90171e+09	8.16726e+09	8.25042e+09	8.38439e+09	8.01436e+09	8.38928e+09	8.05999e+09	8.33021e+09	8.19496e+09	7.8355e+09	8.18705e+09	7.88193e+09	8.14254e+09	8.20331e+09	8.85089e+09
ERR612223	7.66951e+09	5.80253e+09	7.54505e+09	7.01789e+09	7.56264e+09	7.00586e+09	6.4098e+09	7.14649e+09	6.08769e+09	7.55809e+09	5.97339e+09	6.38035e+09	4.797e+09	5.9221e+09	4.77759e+09	6.53686e+09	6.21007e+09	4.59381e+09	7.76995e+09	7.74483e+09	5.60537e+09	5.48881e+09	5.33695e+09	8.19138e+09	6.57012e+09	7.59325e+09	8.71551e+09	8.74472e+09	7.47887e+09	8.47214e+09	7.57158e+09	8.21491e+09	8.18653e+09	8.12887e+09	8.21058e+09	8.06631e+09	6.71423e+09	5.61163e+09	7.33642e+09	6.77594e+09	7.47829e+09	7.26176e+09	8.63361e+09	7.0749e+09	8.62589e+09	7.04949e+09	7.13203e+09	8.35884e+09	6.59049e+09	6.77775e+09	6.15426e+09	6.69245e+09	6.12105e+09	6.7566e+09	6.35872e+09	6.14194e+09	6.31711e+09	6.18224e+09	6.41822e+09	6.46812e+09	8.11989e+09	5.38937e+09	7.60089e+09	5.27338e+09	5.5288e+09	7.61037e+09	8.04949e+09	7.66565e+09	7.88002e+09	7.57994e+09	7.49563e+09	7.28863e+09	6.58623e+09	6.55681e+09	7.20691e+09	7.15449e+09	6.05976e+09	6.30605e+09	7.42063e+09	7.67547e+09	7.20152e+09	4.79776e+09	7.94212e+09	8.02149e+09	8.16285e+09	7.81747e+09	8.16752e+09	7.85165e+09	8.10695e+09	7.97974e+09	7.63129e+09	7.97231e+09	7.67672e+09	7.92595e+09	7.98645e+09	8.59989e+09
ERR612226	6.79816e+09	5.22095e+09	6.69654e+09	6.2536e+09	6.70901e+09	6.24617e+09	5.77977e+09	6.40039e+09	5.5021e+09	6.7364e+09	5.40168e+09	5.75555e+09	4.24075e+09	5.17997e+09	4.22437e+09	5.68396e+09	5.41819e+09	4.06971e+09	6.88803e+09	6.86686e+09	5.05148e+09	4.9524e+09	4.81719e+09	7.22773e+09	5.93542e+09	6.78675e+09	7.65482e+09	7.47887e+09	6.89502e+09	7.4676e+09	6.73862e+09	7.25613e+09	7.23309e+09	7.18663e+09	7.25143e+09	7.13855e+09	5.99653e+09	5.0542e+09	6.51846e+09	6.04803e+09	6.63838e+09	6.45859e+09	7.58151e+09	6.29017e+09	7.57414e+09	6.26764e+09	6.337e+09	7.36345e+09	5.92134e+09	6.0794e+09	5.55146e+09	6.00782e+09	5.52191e+09	6.06135e+09	5.5702e+09	5.39152e+09	5.5358e+09	5.42271e+09	5.622e+09	5.65965e+09	7.15464e+09	4.83737e+09	6.72596e+09	4.73576e+09	4.9577e+09	6.73473e+09	7.05064e+09	6.73189e+09	6.9137e+09	6.66791e+09	6.59665e+09	6.42242e+09	5.76291e+09	5.73917e+09	6.27908e+09	6.2355e+09	5.32864e+09	5.53286e+09	6.5638e+09	6.77545e+09	6.38226e+09	4.32414e+09	6.99648e+09	7.06253e+09	7.21556e+09	6.94423e+09	7.21936e+09	6.97389e+09	7.17324e+09	7.0741e+09	6.77292e+09	7.05431e+09	6.81035e+09	7.01437e+09	7.06441e+09	7.55229e+09
ERR612222	7.65123e+09	5.79214e+09	7.52751e+09	7.00221e+09	7.54384e+09	6.99043e+09	6.40396e+09	7.13528e+09	6.08222e+09	7.54578e+09	5.96729e+09	6.37339e+09	4.78164e+09	5.90211e+09	4.76181e+09	6.51243e+09	6.18865e+09	4.57918e+09	7.75659e+09	7.73193e+09	5.5964e+09	5.48063e+09	5.32769e+09	8.17518e+09	6.56172e+09	7.58228e+09	8.69971e+09	8.47214e+09	7.4676e+09	8.71636e+09	7.55351e+09	8.19583e+09	8.16703e+09	8.10851e+09	8.19054e+09	8.04776e+09	6.7004e+09	5.60249e+09	7.31947e+09	6.76162e+09	7.46082e+09	7.24592e+09	8.61424e+09	7.05608e+09	8.60562e+09	7.03055e+09	7.113e+09	8.33994e+09	6.58579e+09	6.77111e+09	6.15047e+09	6.68608e+09	6.11602e+09	6.74962e+09	6.3488e+09	6.13494e+09	6.30739e+09	6.17354e+09	6.40974e+09	6.4568e+09	8.10906e+09	5.3853e+09	7.59245e+09	5.26818e+09	5.52421e+09	7.6028e+09	8.03217e+09	7.6496e+09	7.86434e+09	7.56676e+09	7.48211e+09	7.27491e+09	6.57356e+09	6.54421e+09	7.19217e+09	7.13938e+09	6.05333e+09	6.29658e+09	7.41887e+09	7.67266e+09	7.2002e+09	4.79968e+09	7.93951e+09	8.01926e+09	8.15475e+09	7.81387e+09	8.15911e+09	7.84289e+09	8.09684e+09	7.9709e+09	7.62167e+09	7.96281e+09	7.66681e+09	7.91501e+09	7.97496e+09	8.58686e+09
ERR636919	7.13213e+09	5.43424e+09	7.01896e+09	6.54544e+09	7.03915e+09	6.53499e+09	6.00074e+09	6.67503e+09	5.70915e+09	7.04134e+09	5.60448e+09	5.97292e+09	4.43931e+09	5.44965e+09	4.42304e+09	6.00305e+09	5.70715e+09	4.25306e+09	7.10819e+09	7.08642e+09	5.18052e+09	5.07693e+09	4.94139e+09	7.47894e+09	5.95994e+09	6.83461e+09	7.764e+09	7.57158e+09	6.73862e+09	7.55351e+09	7.37996e+09	7.73439e+09	7.70805e+09	7.6687e+09	7.73176e+09	7.60399e+09	6.26048e+09	5.2492e+09	6.82238e+09	6.31694e+09	6.94992e+09	6.75454e+09	7.94445e+09	6.59064e+09	7.94519e+09	6.56818e+09	6.64257e+09	7.71121e+09	5.92204e+09	6.08643e+09	5.53458e+09	6.01022e+09	5.50584e+09	6.06788e+09	5.67702e+09	5.47992e+09	5.64105e+09	5.51733e+09	5.72786e+09	5.77576e+09	7.26274e+09	4.82934e+09	6.80065e+09	4.72887e+09	4.95452e+09	6.81053e+09	7.22674e+09	6.88672e+09	7.07264e+09	6.80293e+09	6.72822e+09	6.54589e+09	5.89498e+09	5.86559e+09	6.44634e+09	6.39997e+09	5.40821e+09	5.63746e+09	6.61461e+09	6.83928e+09	6.41824e+09	4.27698e+09	7.06532e+09	7.13601e+09	7.33543e+09	7.02584e+09	7.34086e+09	7.07777e+09	7.29774e+09	7.18555e+09	6.88091e+09	7.1716e+09	6.91851e+09	7.13819e+09	7.18806e+09	7.71773e+09
ERR636923	7.70592e+09	5.81934e+09	7.57699e+09	7.04761e+09	7.60009e+09	7.03417e+09	6.43473e+09	7.1824e+09	6.11229e+09	7.5991e+09	5.99724e+09	6.4033e+09	4.7744e+09	5.89738e+09	4.75631e+09	6.52012e+09	6.18666e+09	4.56953e+09	7.68714e+09	7.66112e+09	5.54376e+09	5.42983e+09	5.28211e+09	8.10887e+09	6.38431e+09	7.36549e+09	8.43651e+09	8.21491e+09	7.25613e+09	8.19583e+09	7.73439e+09	8.64025e+09	8.36673e+09	8.31173e+09	8.39331e+09	8.23879e+09	6.73026e+09	5.61853e+09	7.35771e+09	6.7935e+09	7.50101e+09	7.28052e+09	8.64426e+09	7.10034e+09	8.64281e+09	7.07622e+09	7.1591e+09	8.37168e+09	6.34939e+09	6.53257e+09	5.92211e+09	6.44721e+09	5.89052e+09	6.51167e+09	6.148e+09	5.9291e+09	6.10699e+09	5.96999e+09	6.204e+09	6.25788e+09	7.87197e+09	5.17613e+09	7.35064e+09	5.0656e+09	5.3118e+09	7.36249e+09	7.83809e+09	7.4556e+09	7.66463e+09	7.36194e+09	7.27904e+09	7.07506e+09	6.38268e+09	6.35083e+09	7.00104e+09	6.94914e+09	5.8452e+09	6.09676e+09	7.15431e+09	7.40702e+09	6.93596e+09	4.58622e+09	7.66369e+09	7.74305e+09	7.94989e+09	7.59918e+09	7.95547e+09	7.64983e+09	7.90281e+09	7.77492e+09	7.42604e+09	7.75832e+09	7.46925e+09	7.71825e+09	7.77603e+09	8.38711e+09
ERR636924	7.67853e+09	5.80285e+09	7.55081e+09	7.0242e+09	7.57295e+09	7.0103e+09	6.41738e+09	7.16082e+09	6.09634e+09	7.57538e+09	5.98184e+09	6.3862e+09	4.75803e+09	5.87479e+09	4.73984e+09	6.49254e+09	6.16193e+09	4.5543e+09	7.66132e+09	7.6353e+09	5.52746e+09	5.4143e+09	5.26675e+09	8.08035e+09	6.36593e+09	7.34197e+09	8.40603e+09	8.18653e+09	7.23309e+09	8.16703e+09	7.70805e+09	8.36673e+09	8.57944e+09	8.28161e+09	8.36374e+09	8.20943e+09	6.70822e+09	5.6019e+09	7.33188e+09	6.77089e+09	7.47449e+09	7.25541e+09	8.61115e+09	7.07545e+09	8.60996e+09	7.05147e+09	7.13411e+09	8.34143e+09	6.32783e+09	6.51076e+09	5.90317e+09	6.42544e+09	5.87134e+09	6.48945e+09	6.12531e+09	5.9072e+09	6.08398e+09	5.94823e+09	6.18089e+09	6.23391e+09	7.84355e+09	5.1609e+09	7.32559e+09	5.05032e+09	5.29578e+09	7.33727e+09	7.80651e+09	7.42548e+09	7.63478e+09	7.33377e+09	7.25118e+09	7.04785e+09	6.3574e+09	6.32652e+09	6.97281e+09	6.92076e+09	5.82551e+09	6.07434e+09	7.12942e+09	7.38045e+09	6.91251e+09	4.57352e+09	7.63657e+09	7.71588e+09	7.92152e+09	7.57475e+09	7.92702e+09	7.62296e+09	7.87412e+09	7.74677e+09	7.40045e+09	7.73121e+09	7.44366e+09	7.69058e+09	7.74865e+09	8.35531e+09
