	ERR613986	ERR613985	ERR613989	ERR613984	ERR613987	ERR613988	ERR638303	ERR638306	ERR638307	ERR638304	ERR638305	ERR638308	ERR605614	ERR605616	ERR605611	ERR605613	ERR605615	ERR605612	ERR614003	ERR614005	ERR614004	ERR614006	ERR614007	ERR614002	ERR636926	ERR636927	ERR636925	ERR636930	ERR636928	ERR636929	ERR613329	ERR613332	ERR613333	ERR613330	ERR613334	ERR613331	ERR636894	ERR636891	ERR636890	ERR636893	ERR636889	ERR636892	ERR636802	ERR636800	ERR636804	ERR636803	ERR636801	ERR636799	ERR612074	ERR612071	ERR612073	ERR612075	ERR612072	ERR612076	ERR615447	ERR615448	ERR615449	ERR615451	ERR615446	ERR615450	ERR631325	ERR631323	ERR631328	ERR631327	ERR631326	ERR631324	ERR613562	ERR613557	ERR613559	ERR613560	ERR613561	ERR613558	ERR618351	ERR618352	ERR618355	ERR618356	ERR618354	ERR618353	ERR629966	ERR629964	ERR629965	ERR629969	ERR629968	ERR629967	ERR616181	ERR616184	ERR616182	ERR616179	ERR616180	ERR616183	ERR617330	ERR617329	ERR617326	ERR617327	ERR617325	ERR617328
ERR613986	0	0.261004	0.261237	0.284568	0.259717	0.261355	0.444988	0.44549	0.442698	0.456101	0.457898	0.445489	0.312587	0.31306	0.309475	0.308474	0.313484	0.308861	0.298589	0.29414	0.297099	0.293798	0.292898	0.308758	0.302198	0.295816	0.305972	0.29686	0.298358	0.298975	0.328773	0.361948	0.359322	0.341755	0.393563	0.330616	0.279454	0.294881	0.301141	0.280137	0.283791	0.280361	0.325926	0.312715	0.325612	0.322347	0.309644	0.304938	0.450895	0.444876	0.443374	0.442324	0.443738	0.466327	0.504636	0.489627	0.4768	0.476843	0.509995	0.47488	0.399521	0.394633	0.392513	0.390795	0.391049	0.402537	0.451344	0.424913	0.424423	0.448496	0.449501	0.426346	0.628583	0.62985	0.617942	0.618968	0.620024	0.629572	0.408431	0.408423	0.41398	0.409727	0.410393	0.409056	0.538585	0.513447	0.513194	0.523138	0.524026	0.510576	0.592899	0.592759	0.597076	0.596812	0.588142	0.591481
ERR613985	0.261004	0	0.235085	0.239892	0.235385	0.235127	0.441111	0.441251	0.439389	0.46251	0.461574	0.441128	0.341986	0.347035	0.322019	0.336623	0.346833	0.333699	0.33517	0.329299	0.337284	0.327995	0.324933	0.354535	0.301629	0.301103	0.321271	0.292761	0.292353	0.292732	0.331565	0.372361	0.370285	0.35961	0.422842	0.34126	0.308532	0.289723	0.288444	0.309606	0.29577	0.306079	0.361671	0.308492	0.362237	0.357734	0.308779	0.312155	0.453415	0.43639	0.439656	0.43616	0.441573	0.475423	0.494637	0.46712	0.457517	0.455503	0.503631	0.452937	0.354851	0.359587	0.361602	0.360155	0.359935	0.367983	0.462811	0.425429	0.425242	0.460391	0.460727	0.426366	0.59981	0.602345	0.586192	0.587601	0.588429	0.602113	0.411229	0.409679	0.427207	0.426917	0.428023	0.42518	0.518024	0.485086	0.485952	0.503321	0.499452	0.483644	0.551305	0.551498	0.56249	0.562187	0.557006	0.550018
ERR613989	0.261237	0.235085	0	0.241272	0.233211	0.233563	0.440405	0.440352	0.43844	0.461796	0.460544	0.440196	0.341026	0.347318	0.322033	0.336118	0.347153	0.333378	0.333432	0.328271	0.336144	0.32707	0.324016	0.352737	0.299588	0.299824	0.31934	0.291925	0.291572	0.291741	0.330492	0.370214	0.368083	0.358428	0.421475	0.34024	0.307657	0.290062	0.287909	0.308691	0.294936	0.305428	0.358956	0.307612	0.359744	0.35516	0.308372	0.311303	0.452114	0.435448	0.438716	0.435352	0.440718	0.473995	0.492617	0.465103	0.456271	0.454224	0.501553	0.451479	0.35459	0.358914	0.360796	0.359521	0.359305	0.366785	0.461361	0.425345	0.425123	0.45897	0.459372	0.426339	0.596467	0.599143	0.583293	0.584653	0.585385	0.598966	0.410159	0.408646	0.42599	0.426348	0.427428	0.424676	0.514754	0.482634	0.483422	0.500358	0.496558	0.481137	0.550376	0.550559	0.561303	0.561157	0.556455	0.549122
ERR613984	0.284568	0.239892	0.241272	0	0.242231	0.241469	0.446191	0.446014	0.444439	0.470675	0.469099	0.445796	0.361554	0.366889	0.336122	0.355395	0.366076	0.351473	0.359287	0.352763	0.362154	0.351409	0.347823	0.380361	0.314024	0.315486	0.338577	0.303651	0.302786	0.302679	0.342288	0.385255	0.383105	0.374318	0.439825	0.353922	0.330642	0.300998	0.297057	0.33191	0.313436	0.327491	0.384762	0.319646	0.385737	0.380843	0.321103	0.327248	0.459662	0.438526	0.443787	0.438998	0.446151	0.483836	0.497252	0.464728	0.456492	0.453435	0.507428	0.450494	0.344889	0.355102	0.358865	0.357438	0.356815	0.363443	0.473158	0.431789	0.431745	0.470781	0.47107	0.432606	0.592452	0.595715	0.577657	0.5792	0.579892	0.595493	0.419054	0.416939	0.438311	0.439074	0.440235	0.436955	0.515554	0.478341	0.479905	0.500947	0.49493	0.477677	0.539358	0.539667	0.553694	0.55349	0.54926	0.538116
ERR613987	0.259717	0.235385	0.233211	0.242231	0	0.233437	0.440591	0.440568	0.43861	0.461657	0.460418	0.440305	0.339498	0.346113	0.321206	0.334906	0.346167	0.332176	0.331477	0.326616	0.334271	0.32547	0.322378	0.350737	0.298732	0.29913	0.318223	0.291512	0.291407	0.291625	0.330109	0.369439	0.367382	0.3577	0.420374	0.339741	0.306277	0.289783	0.287824	0.307066	0.293812	0.303892	0.356961	0.306962	0.357526	0.353171	0.307737	0.310361	0.451956	0.435604	0.438876	0.435504	0.440852	0.47359	0.492712	0.465603	0.456889	0.454885	0.501548	0.4523	0.356091	0.360123	0.361873	0.3606	0.360336	0.367643	0.46087	0.425526	0.425198	0.458362	0.4588	0.426374	0.596861	0.599541	0.58397	0.585201	0.585919	0.599333	0.409835	0.408522	0.425618	0.426018	0.427002	0.424242	0.514689	0.483319	0.484117	0.500513	0.496934	0.481776	0.551733	0.551852	0.562519	0.562318	0.557571	0.550489
ERR613988	0.261355	0.235127	0.233563	0.241469	0.233437	0	0.440921	0.440821	0.438867	0.462205	0.460965	0.440618	0.341055	0.347443	0.322183	0.336297	0.347404	0.33347	0.333034	0.328167	0.335834	0.326885	0.323864	0.35252	0.299232	0.299615	0.318886	0.29163	0.291372	0.291548	0.330521	0.370323	0.36802	0.358513	0.421663	0.340425	0.307418	0.289889	0.287667	0.30828	0.294585	0.304945	0.358368	0.306976	0.359226	0.35456	0.307836	0.31093	0.452726	0.435969	0.439246	0.435965	0.441293	0.474461	0.492854	0.465383	0.456748	0.454594	0.501812	0.451869	0.35488	0.359023	0.361088	0.359633	0.359423	0.36673	0.461926	0.426048	0.425687	0.459391	0.459818	0.426936	0.59642	0.599057	0.583375	0.584732	0.585459	0.598928	0.410435	0.409084	0.426508	0.426763	0.427851	0.425079	0.514732	0.482833	0.483663	0.500505	0.496733	0.48158	0.55064	0.550768	0.561613	0.561571	0.556759	0.549435
ERR638303	0.444988	0.441111	0.440405	0.446191	0.440591	0.440921	0	0.245827	0.245851	0.261468	0.25965	0.246258	0.447451	0.455991	0.444783	0.448849	0.457225	0.44667	0.49466	0.496895	0.4971	0.497355	0.495812	0.498206	0.462493	0.46168	0.460544	0.466488	0.466719	0.467244	0.431919	0.442235	0.44162	0.438963	0.469353	0.433577	0.479788	0.476288	0.47639	0.48001	0.476311	0.479181	0.496551	0.495093	0.49624	0.49584	0.494539	0.494152	0.311357	0.314892	0.310565	0.315578	0.310557	0.32394	0.339679	0.336247	0.329103	0.331381	0.346062	0.332143	0.505306	0.495405	0.49437	0.49365	0.494032	0.49755	0.313014	0.314235	0.313528	0.312026	0.312365	0.313133	0.476766	0.477064	0.469905	0.470571	0.472136	0.476422	0.301659	0.302456	0.303576	0.311977	0.312818	0.310777	0.37586	0.375343	0.371923	0.3626	0.369348	0.36952	0.408934	0.408227	0.407429	0.406931	0.397316	0.407949
ERR638306	0.44549	0.441251	0.440352	0.446014	0.440568	0.440821	0.245827	0	0.243992	0.261716	0.260017	0.244353	0.44808	0.456889	0.445756	0.449612	0.458188	0.447384	0.495308	0.497658	0.497838	0.498116	0.496611	0.498932	0.462066	0.461381	0.460335	0.466284	0.46652	0.467055	0.432046	0.441889	0.441284	0.439187	0.469666	0.433784	0.480414	0.476621	0.476557	0.480571	0.476678	0.479815	0.496502	0.495205	0.496229	0.495817	0.49483	0.494369	0.309892	0.313748	0.30922	0.314157	0.309429	0.323137	0.337431	0.333821	0.32707	0.329252	0.344096	0.330021	0.504336	0.494595	0.493438	0.492824	0.493097	0.496531	0.313392	0.315063	0.314422	0.312377	0.312789	0.313825	0.47276	0.473157	0.465772	0.466414	0.468118	0.472657	0.302307	0.303046	0.304177	0.312862	0.313439	0.311778	0.372064	0.372025	0.368257	0.359114	0.365806	0.366232	0.406479	0.405641	0.404893	0.404518	0.39523	0.405441
ERR638307	0.442698	0.439389	0.43844	0.444439	0.43861	0.438867	0.245851	0.243992	0	0.261498	0.260336	0.244263	0.445276	0.454154	0.443386	0.44716	0.455496	0.444948	0.492547	0.494742	0.494897	0.495232	0.49379	0.495961	0.460225	0.459365	0.458422	0.464454	0.464622	0.465051	0.430598	0.440709	0.440115	0.437663	0.46827	0.432212	0.47779	0.474666	0.474806	0.477925	0.474453	0.477317	0.494059	0.493271	0.493895	0.493468	0.492822	0.492292	0.309584	0.313632	0.30909	0.313804	0.308982	0.322442	0.338952	0.335471	0.328373	0.330281	0.345327	0.331287	0.504048	0.494261	0.493239	0.492649	0.492929	0.496247	0.31223	0.313771	0.31317	0.311398	0.311745	0.312683	0.475524	0.475866	0.468441	0.469195	0.470816	0.475289	0.300929	0.301654	0.30273	0.31112	0.311699	0.309866	0.373996	0.373565	0.370086	0.360922	0.367871	0.367949	0.409705	0.408931	0.407917	0.407482	0.398172	0.408351
ERR638304	0.456101	0.46251	0.461796	0.470675	0.461657	0.462205	0.261468	0.261716	0.261498	0	0.252598	0.262471	0.45306	0.461348	0.457681	0.456356	0.462824	0.45501	0.505153	0.508047	0.506463	0.508903	0.507938	0.504433	0.478651	0.476659	0.470019	0.484624	0.485031	0.485645	0.440669	0.440342	0.439993	0.43796	0.453195	0.438516	0.492598	0.495497	0.4973	0.492595	0.492548	0.492707	0.502161	0.514935	0.501224	0.502176	0.513543	0.511634	0.319125	0.340456	0.329675	0.33877	0.328752	0.315464	0.335485	0.357047	0.348881	0.354094	0.335082	0.356651	0.52838	0.513005	0.510045	0.509508	0.50989	0.513778	0.305291	0.336757	0.335855	0.305417	0.306089	0.335074	0.480397	0.478672	0.478767	0.478672	0.480775	0.477979	0.320471	0.323118	0.305664	0.313707	0.313152	0.31336	0.386838	0.405557	0.400349	0.377319	0.390839	0.398438	0.426723	0.425642	0.414789	0.414181	0.401931	0.425684
ERR638305	0.457898	0.461574	0.460544	0.469099	0.460418	0.460965	0.25965	0.260017	0.260336	0.252598	0	0.260511	0.455473	0.464921	0.459037	0.458866	0.466705	0.457518	0.505348	0.508893	0.507633	0.509614	0.50845	0.505576	0.477506	0.476212	0.469591	0.483972	0.484361	0.485004	0.440954	0.440826	0.440249	0.439617	0.456008	0.440043	0.49309	0.495181	0.496033	0.493232	0.492342	0.49308	0.502367	0.513529	0.501479	0.502055	0.51281	0.510975	0.320321	0.339839	0.329983	0.339202	0.329662	0.317698	0.332637	0.352727	0.34614	0.351542	0.332637	0.353955	0.526316	0.511162	0.508207	0.507867	0.508333	0.511543	0.307292	0.338482	0.337245	0.307134	0.307957	0.336709	0.475302	0.473436	0.473778	0.473847	0.475706	0.47288	0.31998	0.322786	0.307503	0.317294	0.316615	0.316585	0.381533	0.401571	0.396138	0.37248	0.386069	0.394473	0.421618	0.420684	0.410281	0.410072	0.398662	0.42068
ERR638308	0.445489	0.441128	0.440196	0.445796	0.440305	0.440618	0.246258	0.244353	0.244263	0.262471	0.260511	0	0.448001	0.457013	0.445808	0.449726	0.458508	0.447531	0.495142	0.497483	0.497715	0.497845	0.496411	0.498903	0.461884	0.461283	0.460281	0.466224	0.466366	0.466918	0.431673	0.441607	0.440956	0.438856	0.469585	0.433854	0.48026	0.47654	0.476439	0.480476	0.476611	0.479669	0.49625	0.494954	0.495884	0.495448	0.494635	0.494177	0.309502	0.313506	0.309153	0.313788	0.30913	0.322462	0.337481	0.333499	0.326953	0.328985	0.344139	0.329875	0.504544	0.494536	0.493539	0.492856	0.4933	0.496293	0.313008	0.315059	0.314069	0.312182	0.312358	0.313594	0.472322	0.472873	0.465344	0.465802	0.467499	0.472201	0.3023	0.303435	0.304851	0.313619	0.314284	0.31228	0.371585	0.371383	0.367822	0.358606	0.365272	0.365699	0.406623	0.406059	0.405298	0.404571	0.395827	0.405547
ERR605614	0.312587	0.341986	0.341026	0.361554	0.339498	0.341055	0.447451	0.44808	0.445276	0.45306	0.455473	0.448001	0	0.253711	0.258187	0.248807	0.256472	0.250617	0.341936	0.343332	0.342294	0.343797	0.343574	0.346945	0.344462	0.339741	0.34163	0.346006	0.346879	0.347734	0.321616	0.343241	0.341564	0.326317	0.369699	0.320475	0.331521	0.34955	0.354082	0.331768	0.338055	0.332474	0.35798	0.365202	0.357338	0.355479	0.36262	0.35729	0.424884	0.426981	0.422801	0.424452	0.422027	0.434744	0.50819	0.500445	0.490149	0.49069	0.511473	0.489519	0.4354	0.426823	0.424436	0.423051	0.4232	0.4325	0.43201	0.420303	0.419682	0.429932	0.430235	0.420831	0.6337	0.634288	0.625575	0.626401	0.627371	0.633949	0.422292	0.423078	0.422047	0.420867	0.421373	0.420004	0.537802	0.521964	0.520866	0.524298	0.527247	0.518751	0.598325	0.598239	0.599425	0.59928	0.590446	0.597056
ERR605616	0.31306	0.347035	0.347318	0.366889	0.346113	0.347443	0.455991	0.456889	0.454154	0.461348	0.464921	0.457013	0.253711	0	0.259714	0.25096	0.245117	0.251318	0.348934	0.345985	0.34573	0.346161	0.346632	0.353013	0.356018	0.348621	0.354438	0.352188	0.353689	0.354458	0.334942	0.362894	0.360716	0.338816	0.381956	0.331837	0.333561	0.35261	0.359842	0.334284	0.342616	0.334741	0.370025	0.371413	0.369012	0.367076	0.366922	0.362394	0.434373	0.434872	0.431209	0.431236	0.42996	0.445438	0.523149	0.514145	0.500682	0.501016	0.526573	0.49974	0.445009	0.438862	0.436755	0.434858	0.435125	0.446574	0.442995	0.423747	0.423372	0.440589	0.441186	0.424784	0.652346	0.652965	0.642427	0.643604	0.644776	0.65246	0.427858	0.428445	0.427406	0.422233	0.422523	0.421369	0.555957	0.534036	0.533724	0.540513	0.542807	0.530785	0.612417	0.612289	0.614229	0.613761	0.602829	0.61079
ERR605611	0.309475	0.322019	0.322033	0.336122	0.321206	0.322183	0.444783	0.445756	0.443386	0.457681	0.459037	0.445808	0.258187	0.259714	0	0.252002	0.25978	0.248982	0.350541	0.347835	0.350607	0.347513	0.346401	0.361657	0.340135	0.335822	0.347067	0.335546	0.33608	0.336671	0.323799	0.35721	0.355239	0.338697	0.393742	0.326286	0.331362	0.335298	0.338724	0.332199	0.33157	0.33099	0.374351	0.354575	0.373797	0.371025	0.352121	0.350707	0.428149	0.420353	0.420122	0.418893	0.419922	0.44411	0.509498	0.493539	0.482614	0.481962	0.51497	0.480011	0.415446	0.413088	0.412868	0.411427	0.411102	0.420646	0.441055	0.413973	0.413794	0.43861	0.43895	0.414755	0.630161	0.631659	0.619625	0.620968	0.621861	0.631301	0.417485	0.417099	0.424202	0.422359	0.422813	0.420789	0.536276	0.511084	0.511119	0.521158	0.521291	0.508677	0.584266	0.584191	0.589255	0.588818	0.580233	0.582776
ERR605613	0.308474	0.336623	0.336118	0.355395	0.334906	0.336297	0.448849	0.449612	0.44716	0.456356	0.458866	0.449726	0.248807	0.25096	0.252002	0	0.252263	0.246512	0.343612	0.342426	0.342755	0.34245	0.342276	0.350121	0.345258	0.339664	0.34537	0.343314	0.344334	0.345191	0.325453	0.35289	0.351072	0.332442	0.379769	0.324731	0.328914	0.344784	0.350055	0.329498	0.335263	0.329725	0.363982	0.362198	0.363277	0.361066	0.359144	0.35446	0.428233	0.4271	0.424093	0.424369	0.423205	0.440093	0.513536	0.503014	0.491796	0.491853	0.517286	0.490496	0.433809	0.427905	0.425988	0.424422	0.424428	0.434713	0.436579	0.417861	0.417612	0.434097	0.434642	0.418735	0.640396	0.641088	0.631266	0.632251	0.633379	0.640783	0.420829	0.421003	0.422368	0.419274	0.419635	0.418294	0.543761	0.523556	0.523052	0.529133	0.531281	0.520503	0.600485	0.600251	0.602813	0.60238	0.592841	0.5989
ERR605615	0.313484	0.346833	0.347153	0.366076	0.346167	0.347404	0.457225	0.458188	0.455496	0.462824	0.466705	0.458508	0.256472	0.245117	0.25978	0.252263	0	0.251996	0.351129	0.347527	0.347651	0.347592	0.348037	0.355541	0.357708	0.349868	0.35706	0.352647	0.35407	0.354993	0.337291	0.366813	0.364746	0.341859	0.385909	0.334261	0.334533	0.352386	0.360031	0.335215	0.343438	0.335788	0.373501	0.372243	0.372492	0.370472	0.367292	0.36336	0.436109	0.4359	0.432599	0.432177	0.431239	0.447775	0.525402	0.515599	0.501823	0.502031	0.528821	0.500533	0.444885	0.439643	0.437602	0.435644	0.43581	0.447712	0.445391	0.424204	0.423834	0.442899	0.443594	0.425207	0.654269	0.65509	0.644147	0.645298	0.646481	0.654612	0.428782	0.429199	0.428878	0.422904	0.423095	0.421961	0.558404	0.535127	0.534804	0.542378	0.544662	0.531898	0.612922	0.612915	0.615319	0.614783	0.603561	0.6114
ERR605612	0.308861	0.333699	0.333378	0.351473	0.332176	0.33347	0.44667	0.447384	0.444948	0.45501	0.457518	0.447531	0.250617	0.251318	0.248982	0.246512	0.251996	0	0.345989	0.344645	0.345197	0.344647	0.34453	0.353515	0.344393	0.338979	0.346042	0.3419	0.342939	0.343578	0.324411	0.353121	0.351373	0.333404	0.38239	0.323956	0.330187	0.34321	0.348183	0.330981	0.33531	0.330863	0.366989	0.361395	0.366549	0.364193	0.358286	0.354848	0.426617	0.424059	0.421743	0.421826	0.421018	0.439609	0.511401	0.499996	0.488752	0.488595	0.515775	0.487045	0.429391	0.424148	0.422729	0.421255	0.421268	0.431172	0.436606	0.416158	0.415854	0.434288	0.434788	0.416949	0.636326	0.6374	0.626864	0.627992	0.629045	0.636919	0.419441	0.419596	0.422106	0.419659	0.420028	0.418449	0.540863	0.519555	0.519089	0.526047	0.527671	0.516532	0.595664	0.595582	0.598588	0.598021	0.588588	0.594195
ERR614003	0.298589	0.33517	0.333432	0.359287	0.331477	0.333034	0.49466	0.495308	0.492547	0.505153	0.505348	0.495142	0.341936	0.348934	0.350541	0.343612	0.351129	0.345989	0	0.236162	0.233906	0.23677	0.236828	0.238166	0.296677	0.2925	0.292556	0.301786	0.303238	0.303875	0.355742	0.376055	0.374525	0.361688	0.400898	0.356416	0.266561	0.297617	0.302409	0.266031	0.276458	0.268339	0.272281	0.289246	0.272389	0.27027	0.287907	0.278221	0.49962	0.495993	0.493867	0.493937	0.494576	0.512897	0.551302	0.537684	0.527486	0.527778	0.556367	0.525825	0.390697	0.380414	0.376331	0.374671	0.375658	0.386268	0.499057	0.479062	0.478295	0.496286	0.496997	0.480085	0.668445	0.669507	0.659107	0.659924	0.660598	0.66948	0.457065	0.457396	0.461515	0.458994	0.459531	0.458702	0.579271	0.558392	0.558052	0.566025	0.567076	0.556026	0.641644	0.641518	0.646091	0.646023	0.639152	0.640336
ERR614005	0.29414	0.329299	0.328271	0.352763	0.326616	0.328167	0.496895	0.497658	0.494742	0.508047	0.508893	0.497483	0.343332	0.345985	0.347835	0.342426	0.347527	0.344645	0.236162	0	0.23383	0.231179	0.231251	0.24357	0.29895	0.292439	0.297373	0.297876	0.29918	0.300018	0.358769	0.384843	0.382526	0.366449	0.40812	0.359542	0.261997	0.289691	0.296537	0.26175	0.271569	0.263235	0.280855	0.284201	0.280517	0.277934	0.28138	0.272934	0.503021	0.497446	0.495846	0.494586	0.49644	0.5175	0.557273	0.541711	0.529355	0.529724	0.562475	0.527765	0.387712	0.380052	0.376291	0.374136	0.375367	0.387793	0.502788	0.477133	0.476538	0.499766	0.500667	0.478297	0.676766	0.678003	0.66624	0.667124	0.667824	0.677893	0.457977	0.458097	0.463604	0.458916	0.45953	0.458648	0.588073	0.562859	0.562881	0.573702	0.574086	0.560586	0.643617	0.643475	0.649018	0.648868	0.641271	0.642213
ERR614004	0.297099	0.337284	0.336144	0.362154	0.334271	0.335834	0.4971	0.497838	0.494897	0.506463	0.507633	0.497715	0.342294	0.34573	0.350607	0.342755	0.347651	0.345197	0.233906	0.23383	0	0.234587	0.235239	0.237988	0.302594	0.295881	0.297354	0.304336	0.305922	0.306533	0.359285	0.381851	0.379739	0.364195	0.402486	0.358877	0.265795	0.298234	0.305362	0.264972	0.277668	0.267514	0.275939	0.292361	0.275814	0.27336	0.289206	0.279493	0.502046	0.498529	0.496251	0.495858	0.496734	0.515097	0.556229	0.543024	0.531156	0.531559	0.560933	0.529631	0.396366	0.386436	0.382215	0.38034	0.381566	0.393447	0.500817	0.478956	0.478097	0.497931	0.498844	0.479953	0.676482	0.677633	0.666725	0.667578	0.668267	0.677471	0.458811	0.458972	0.462328	0.457969	0.458445	0.457844	0.587108	0.564362	0.564168	0.573084	0.574154	0.56197	0.64748	0.647188	0.651772	0.651579	0.643847	0.646105
ERR614006	0.293798	0.327995	0.32707	0.351409	0.32547	0.326885	0.497355	0.498116	0.495232	0.508903	0.509614	0.497845	0.343797	0.346161	0.347513	0.34245	0.347592	0.344647	0.23677	0.231179	0.234587	0	0.231321	0.244899	0.298367	0.292039	0.297254	0.297103	0.29826	0.29917	0.358654	0.385422	0.383349	0.366864	0.409194	0.359865	0.261528	0.288218	0.295133	0.261256	0.270778	0.262761	0.282377	0.283258	0.281918	0.278878	0.280346	0.272415	0.503382	0.497462	0.49593	0.49468	0.496693	0.518117	0.557629	0.541706	0.529466	0.529763	0.562802	0.527602	0.386758	0.37929	0.375521	0.373653	0.374643	0.38704	0.503299	0.476993	0.476584	0.500484	0.501245	0.478303	0.676711	0.678216	0.666175	0.667092	0.667781	0.678006	0.458255	0.458166	0.464181	0.45952	0.460064	0.459098	0.588344	0.562796	0.562897	0.573942	0.574192	0.560491	0.643146	0.642986	0.648596	0.648601	0.640862	0.641766
ERR614007	0.292898	0.324933	0.324016	0.347823	0.322378	0.323864	0.495812	0.496611	0.49379	0.507938	0.50845	0.496411	0.343574	0.346632	0.346401	0.342276	0.348037	0.34453	0.236828	0.231251	0.235239	0.231321	0	0.246402	0.295894	0.289859	0.296012	0.294303	0.295639	0.296033	0.357193	0.384207	0.382031	0.366483	0.409627	0.358577	0.260793	0.285637	0.292002	0.260651	0.268689	0.261757	0.282807	0.280455	0.282251	0.279371	0.277502	0.269988	0.502256	0.495859	0.494437	0.493145	0.495443	0.517528	0.555798	0.539269	0.527209	0.527407	0.561217	0.525332	0.382569	0.375189	0.371665	0.369709	0.370845	0.38293	0.502832	0.476013	0.475434	0.500055	0.500751	0.47725	0.6741	0.675556	0.663391	0.664261	0.66503	0.675343	0.457052	0.456917	0.463581	0.459102	0.459722	0.458654	0.585915	0.56017	0.560302	0.571605	0.571587	0.557886	0.639966	0.639807	0.645789	0.645737	0.638321	0.638576
ERR614002	0.308758	0.354535	0.352737	0.380361	0.350737	0.35252	0.498206	0.498932	0.495961	0.504433	0.505576	0.498903	0.346945	0.353013	0.361657	0.350121	0.355541	0.353515	0.238166	0.24357	0.237988	0.244899	0.246402	0	0.311877	0.305716	0.299904	0.318826	0.320438	0.321421	0.363365	0.378458	0.376613	0.36286	0.393147	0.360959	0.277912	0.316667	0.323433	0.277003	0.292603	0.280641	0.270434	0.30887	0.270234	0.269515	0.306396	0.294589	0.503071	0.504198	0.50028	0.501329	0.500421	0.513167	0.554269	0.545279	0.534119	0.535388	0.55787	0.533624	0.410022	0.396613	0.391236	0.389618	0.390977	0.402132	0.498745	0.485233	0.484451	0.496114	0.497187	0.486142	0.676073	0.676775	0.667729	0.668415	0.669001	0.676737	0.462224	0.463139	0.462301	0.458831	0.459175	0.458966	0.586305	0.56901	0.568133	0.573097	0.575856	0.56594	0.652506	0.652139	0.654856	0.654876	0.647213	0.651086
ERR636926	0.302198	0.301629	0.299588	0.314024	0.298732	0.299232	0.462493	0.462066	0.460225	0.478651	0.477506	0.461884	0.344462	0.356018	0.340135	0.345258	0.357708	0.344393	0.296677	0.29895	0.302594	0.298367	0.295894	0.311877	0	0.245982	0.255047	0.249344	0.249331	0.249366	0.324974	0.351544	0.349993	0.343348	0.395861	0.331326	0.282136	0.278327	0.276841	0.282322	0.274235	0.280659	0.300835	0.27891	0.301682	0.297968	0.280321	0.278728	0.470776	0.461705	0.462258	0.461179	0.463599	0.487869	0.507375	0.486759	0.479596	0.478708	0.515245	0.476682	0.336837	0.33068	0.329602	0.328531	0.329071	0.335734	0.4788	0.45589	0.45549	0.47649	0.476891	0.456341	0.606134	0.607999	0.594742	0.59568	0.596293	0.607895	0.433722	0.433336	0.444076	0.445447	0.446409	0.444005	0.52747	0.503683	0.50372	0.514648	0.513369	0.501955	0.572771	0.572824	0.580816	0.580814	0.576523	0.571572
ERR636927	0.295816	0.301103	0.299824	0.315486	0.29913	0.299615	0.46168	0.461381	0.459365	0.476659	0.476212	0.461283	0.339741	0.348621	0.335822	0.339664	0.349868	0.338979	0.2925	0.292439	0.295881	0.292039	0.289859	0.305716	0.245982	0	0.253452	0.247631	0.248082	0.248426	0.323654	0.351385	0.349471	0.339942	0.391857	0.328167	0.275892	0.275409	0.27702	0.276217	0.270872	0.27497	0.297921	0.278843	0.298064	0.294841	0.27835	0.276085	0.46937	0.461178	0.461214	0.460003	0.462282	0.486082	0.509286	0.490192	0.48087	0.480223	0.516633	0.478376	0.341618	0.334912	0.333369	0.331912	0.332567	0.341148	0.47659	0.452811	0.4524	0.474427	0.474772	0.453554	0.612766	0.614357	0.601018	0.601897	0.602711	0.614259	0.431399	0.431189	0.440632	0.44024	0.441174	0.439277	0.533091	0.508187	0.508221	0.519222	0.518458	0.506098	0.577587	0.577496	0.584831	0.584737	0.579147	0.576295
ERR636925	0.305972	0.321271	0.31934	0.338577	0.318223	0.318886	0.460544	0.460335	0.458422	0.470019	0.469591	0.460281	0.34163	0.354438	0.347067	0.34537	0.35706	0.346042	0.292556	0.297373	0.297354	0.297254	0.296012	0.299904	0.255047	0.253452	0	0.265848	0.266295	0.266864	0.321675	0.33614	0.3345	0.329318	0.369355	0.323663	0.284868	0.29508	0.296676	0.284704	0.283973	0.284906	0.285831	0.295085	0.285868	0.284334	0.295056	0.289323	0.467791	0.467094	0.464331	0.465746	0.46524	0.479011	0.50092	0.489847	0.482059	0.482713	0.506458	0.481827	0.357384	0.341956	0.337731	0.336529	0.337706	0.344622	0.470211	0.460215	0.459617	0.468229	0.468795	0.460442	0.604607	0.605257	0.595438	0.595925	0.596921	0.605043	0.435687	0.436353	0.438637	0.44035	0.44098	0.439461	0.526877	0.512949	0.511606	0.515006	0.51699	0.510004	0.577949	0.577732	0.581412	0.581674	0.57572	0.576613
ERR636930	0.29686	0.292761	0.291925	0.303651	0.291512	0.29163	0.466488	0.466284	0.464454	0.484624	0.483972	0.466224	0.346006	0.352188	0.335546	0.343314	0.352647	0.3419	0.301786	0.297876	0.304336	0.297103	0.294303	0.318826	0.249344	0.247631	0.265848	0	0.242629	0.242295	0.331244	0.366122	0.364031	0.353083	0.409676	0.338199	0.278438	0.268455	0.269225	0.278732	0.269581	0.276252	0.313952	0.273943	0.314284	0.309972	0.273615	0.274069	0.475144	0.462417	0.46412	0.461162	0.465568	0.494572	0.516882	0.492923	0.483136	0.481779	0.525068	0.479516	0.333958	0.333611	0.333127	0.331818	0.332196	0.341409	0.484897	0.452859	0.452782	0.482423	0.48275	0.453902	0.61866	0.620833	0.605376	0.606491	0.607228	0.620609	0.43461	0.433698	0.447299	0.445885	0.446976	0.444529	0.539521	0.508584	0.509392	0.524916	0.522242	0.507107	0.577392	0.577512	0.587229	0.587173	0.581678	0.576124
ERR636928	0.298358	0.292353	0.291572	0.302786	0.291407	0.291372	0.466719	0.46652	0.464622	0.485031	0.484361	0.466366	0.346879	0.353689	0.33608	0.344334	0.35407	0.342939	0.303238	0.29918	0.305922	0.29826	0.295639	0.320438	0.249331	0.248082	0.266295	0.242629	0	0.242365	0.331711	0.366902	0.364662	0.354133	0.410898	0.338891	0.2792	0.268719	0.268676	0.27997	0.269754	0.277092	0.31513	0.273608	0.315471	0.31115	0.273768	0.274427	0.47563	0.462592	0.464352	0.461505	0.465815	0.495175	0.517107	0.492597	0.483091	0.481679	0.525403	0.479395	0.332491	0.332596	0.332341	0.331104	0.331466	0.340406	0.485581	0.453463	0.453224	0.483095	0.483502	0.454382	0.61804	0.62029	0.604873	0.605997	0.606777	0.62014	0.435186	0.434252	0.448157	0.446916	0.448032	0.445495	0.539213	0.508242	0.509018	0.524709	0.521898	0.50675	0.576471	0.576709	0.586599	0.586501	0.581253	0.575251
ERR636929	0.298975	0.292732	0.291741	0.302679	0.291625	0.291548	0.467244	0.467055	0.465051	0.485645	0.485004	0.466918	0.347734	0.354458	0.336671	0.345191	0.354993	0.343578	0.303875	0.300018	0.306533	0.29917	0.296033	0.321421	0.249366	0.248426	0.266864	0.242295	0.242365	0	0.332014	0.367459	0.365066	0.354733	0.411665	0.3394	0.280147	0.268984	0.268943	0.280597	0.270534	0.277982	0.315992	0.273855	0.31648	0.312044	0.273686	0.274739	0.476045	0.462729	0.464639	0.461716	0.466094	0.495798	0.517516	0.492814	0.483137	0.481729	0.525774	0.479429	0.331382	0.331916	0.331764	0.330256	0.330629	0.339522	0.486219	0.454081	0.45376	0.48386	0.484113	0.454951	0.617787	0.620001	0.604433	0.605694	0.606355	0.61979	0.435822	0.434906	0.448882	0.44759	0.448803	0.446278	0.539235	0.508024	0.508744	0.524766	0.521848	0.506628	0.576228	0.576425	0.586478	0.586378	0.581064	0.575026
ERR613329	0.328773	0.331565	0.330492	0.342288	0.330109	0.330521	0.431919	0.432046	0.430598	0.440669	0.440954	0.431673	0.321616	0.334942	0.323799	0.325453	0.337291	0.324411	0.355742	0.358769	0.359285	0.358654	0.357193	0.363365	0.324974	0.323654	0.321675	0.331244	0.331711	0.332014	0	0.274127	0.27264	0.266485	0.319834	0.257097	0.342501	0.339473	0.340381	0.343607	0.337922	0.341902	0.357577	0.354875	0.357106	0.355655	0.354384	0.352941	0.424585	0.426228	0.422932	0.425573	0.422859	0.434617	0.472972	0.464014	0.456849	0.457042	0.477894	0.456486	0.376489	0.362707	0.360608	0.359864	0.359782	0.365653	0.435164	0.430018	0.429559	0.434057	0.434357	0.429672	0.575072	0.575739	0.566249	0.56671	0.567952	0.575253	0.419355	0.420136	0.421411	0.425073	0.425876	0.423992	0.499361	0.487648	0.486172	0.487361	0.489766	0.484473	0.540186	0.539844	0.542729	0.542584	0.535496	0.538622
ERR613332	0.361948	0.372361	0.370214	0.385255	0.369439	0.370323	0.442235	0.441889	0.440709	0.440342	0.440826	0.441607	0.343241	0.362894	0.35721	0.35289	0.366813	0.353121	0.376055	0.384843	0.381851	0.385422	0.384207	0.378458	0.351544	0.351385	0.33614	0.366122	0.366902	0.367459	0.274127	0	0.258223	0.267332	0.290303	0.271668	0.373276	0.377957	0.378391	0.373882	0.371443	0.373377	0.364764	0.389711	0.363688	0.364909	0.38985	0.385972	0.432597	0.446399	0.439396	0.445638	0.439214	0.431459	0.465075	0.47155	0.467651	0.469862	0.466779	0.470547	0.406761	0.382426	0.377989	0.377261	0.377999	0.380151	0.435317	0.454534	0.453822	0.435114	0.435321	0.453617	0.560997	0.559884	0.55694	0.556729	0.55806	0.559211	0.439874	0.441575	0.432598	0.440781	0.440544	0.439667	0.493225	0.501114	0.497487	0.485826	0.492882	0.496943	0.540885	0.540355	0.537168	0.537095	0.530758	0.539361
ERR613333	0.359322	0.370285	0.368083	0.383105	0.367382	0.36802	0.44162	0.441284	0.440115	0.439993	0.440249	0.440956	0.341564	0.360716	0.355239	0.351072	0.364746	0.351373	0.374525	0.382526	0.379739	0.383349	0.382031	0.376613	0.349993	0.349471	0.3345	0.364031	0.364662	0.365066	0.27264	0.258223	0	0.266296	0.290437	0.270329	0.370817	0.375282	0.3761	0.371241	0.368976	0.370783	0.363073	0.387298	0.362398	0.36322	0.387169	0.383353	0.432335	0.44553	0.438974	0.444946	0.438476	0.431517	0.465857	0.471646	0.467539	0.469402	0.467588	0.470268	0.404987	0.38098	0.376337	0.375855	0.376281	0.378882	0.43536	0.453784	0.452889	0.435125	0.435242	0.452695	0.562018	0.561043	0.557722	0.557486	0.558867	0.560477	0.439164	0.440826	0.432123	0.439883	0.439638	0.438635	0.494155	0.500958	0.497464	0.486427	0.493303	0.496794	0.541511	0.540923	0.538052	0.537875	0.531541	0.540062
ERR613330	0.341755	0.35961	0.358428	0.374318	0.3577	0.358513	0.438963	0.439187	0.437663	0.43796	0.439617	0.438856	0.326317	0.338816	0.338697	0.332442	0.341859	0.333404	0.361688	0.366449	0.364195	0.366864	0.366483	0.36286	0.343348	0.339942	0.329318	0.353083	0.354133	0.354733	0.266485	0.267332	0.266296	0	0.291734	0.262155	0.354144	0.362	0.365326	0.354818	0.355639	0.354509	0.356105	0.376467	0.355088	0.355448	0.374806	0.370912	0.429106	0.440822	0.434257	0.439168	0.43324	0.430616	0.474288	0.47779	0.470017	0.471861	0.475964	0.472281	0.405028	0.384229	0.379674	0.378739	0.379193	0.38516	0.432901	0.443198	0.442575	0.431968	0.43239	0.442744	0.580673	0.580107	0.57461	0.574664	0.576138	0.579394	0.431094	0.432853	0.423965	0.427705	0.427669	0.426791	0.507513	0.506541	0.503798	0.497227	0.50319	0.502495	0.554336	0.553644	0.551553	0.551481	0.542423	0.552382
ERR613334	0.393563	0.422842	0.421475	0.439825	0.420374	0.421663	0.469353	0.469666	0.46827	0.453195	0.456008	0.469585	0.369699	0.381956	0.393742	0.379769	0.385909	0.38239	0.400898	0.40812	0.402486	0.409194	0.409627	0.393147	0.395861	0.391857	0.369355	0.409676	0.410898	0.411665	0.319834	0.290303	0.290437	0.291734	0	0.309412	0.401988	0.420077	0.42496	0.402144	0.408889	0.403696	0.383172	0.431704	0.38149	0.384588	0.42943	0.423085	0.457442	0.482719	0.471398	0.479562	0.47037	0.44458	0.486495	0.509029	0.501662	0.50642	0.482795	0.508012	0.459088	0.430085	0.422072	0.42161	0.422361	0.427625	0.449886	0.485235	0.484247	0.450076	0.450614	0.484356	0.589743	0.587147	0.588533	0.587968	0.589591	0.586407	0.470875	0.473939	0.45226	0.456612	0.455673	0.456471	0.528271	0.54533	0.541092	0.521816	0.533695	0.540126	0.576409	0.57539	0.566691	0.566666	0.556904	0.574638
ERR613331	0.330616	0.34126	0.34024	0.353922	0.339741	0.340425	0.433577	0.433784	0.432212	0.438516	0.440043	0.433854	0.320475	0.331837	0.326286	0.324731	0.334261	0.323956	0.356416	0.359542	0.358877	0.359865	0.358577	0.360959	0.331326	0.328167	0.323663	0.338199	0.338891	0.3394	0.257097	0.271668	0.270329	0.262155	0.309412	0	0.344891	0.346202	0.349114	0.345827	0.342992	0.344665	0.356294	0.362357	0.355356	0.354569	0.360836	0.358411	0.424969	0.430189	0.425625	0.42886	0.425079	0.432236	0.474436	0.469926	0.461477	0.462335	0.47829	0.461892	0.387417	0.371262	0.368345	0.367456	0.367537	0.37414	0.433686	0.432683	0.432255	0.432529	0.432899	0.432455	0.579849	0.580038	0.571526	0.572043	0.573265	0.579465	0.422235	0.423176	0.420375	0.423548	0.424043	0.422702	0.504298	0.494795	0.492835	0.49226	0.495857	0.491167	0.547669	0.547104	0.54811	0.547832	0.539709	0.545688
ERR636894	0.279454	0.308532	0.307657	0.330642	0.306277	0.307418	0.479788	0.480414	0.47779	0.492598	0.49309	0.48026	0.331521	0.333561	0.331362	0.328914	0.334533	0.330187	0.266561	0.261997	0.265795	0.261528	0.260793	0.277912	0.282136	0.275892	0.284868	0.278438	0.2792	0.280147	0.342501	0.373276	0.370817	0.354144	0.401988	0.344891	0	0.253733	0.260327	0.232368	0.238809	0.232349	0.287285	0.276476	0.287253	0.283573	0.273165	0.267626	0.484488	0.477138	0.476379	0.474719	0.477061	0.500517	0.537753	0.520343	0.50852	0.50847	0.543718	0.506383	0.381547	0.375882	0.372617	0.371027	0.371931	0.383611	0.487331	0.459031	0.458569	0.484467	0.485259	0.460482	0.654466	0.655893	0.643355	0.644446	0.645185	0.655717	0.440385	0.440272	0.447844	0.443646	0.444231	0.44289	0.567279	0.540826	0.541	0.55255	0.55232	0.538455	0.621791	0.621697	0.627689	0.627611	0.620015	0.620446
ERR636891	0.294881	0.289723	0.290062	0.300998	0.289783	0.289889	0.476288	0.476621	0.474666	0.495497	0.495181	0.47654	0.34955	0.35261	0.335298	0.344784	0.352386	0.34321	0.297617	0.289691	0.298234	0.288218	0.285637	0.316667	0.278327	0.275409	0.29508	0.268455	0.268719	0.268984	0.339473	0.377957	0.375282	0.362	0.420077	0.346202	0.253733	0	0.239165	0.254866	0.241308	0.250939	0.319965	0.26821	0.320055	0.315267	0.266435	0.268897	0.485072	0.469606	0.472247	0.468713	0.473804	0.505772	0.531891	0.505924	0.495119	0.4934	0.540093	0.490914	0.339099	0.341101	0.341543	0.339722	0.340271	0.350467	0.495114	0.457494	0.457388	0.492503	0.49284	0.458755	0.634662	0.637037	0.620802	0.62212	0.622943	0.636858	0.441605	0.440236	0.455657	0.453175	0.454138	0.451589	0.555042	0.521006	0.522142	0.539988	0.536456	0.519735	0.591013	0.591193	0.601865	0.601513	0.59572	0.589742
ERR636890	0.301141	0.288444	0.287909	0.297057	0.287824	0.287667	0.47639	0.476557	0.474806	0.4973	0.496033	0.476439	0.354082	0.359842	0.338724	0.350055	0.360031	0.348183	0.302409	0.296537	0.305362	0.295133	0.292002	0.323433	0.276841	0.27702	0.296676	0.269225	0.268676	0.268943	0.340381	0.378391	0.3761	0.365326	0.42496	0.349114	0.260327	0.239165	0	0.261065	0.244435	0.256999	0.323667	0.266765	0.3241	0.319185	0.26759	0.270825	0.485578	0.468768	0.472051	0.468503	0.473865	0.50688	0.529234	0.501416	0.492462	0.490376	0.538051	0.487703	0.332503	0.33605	0.337503	0.335769	0.336335	0.344297	0.496478	0.459213	0.459007	0.493939	0.494264	0.460344	0.627406	0.630148	0.613777	0.615242	0.615766	0.629872	0.442556	0.440963	0.458368	0.457412	0.458457	0.455779	0.548811	0.515169	0.516234	0.534628	0.530346	0.514259	0.584739	0.584879	0.596536	0.596436	0.591903	0.583477
ERR636893	0.280137	0.309606	0.308691	0.33191	0.307066	0.30828	0.48001	0.480571	0.477925	0.492595	0.493232	0.480476	0.331768	0.334284	0.332199	0.329498	0.335215	0.330981	0.266031	0.26175	0.264972	0.261256	0.260651	0.277003	0.282322	0.276217	0.284704	0.278732	0.27997	0.280597	0.343607	0.373882	0.371241	0.354818	0.402144	0.345827	0.232368	0.254866	0.261065	0	0.239239	0.2328	0.286215	0.27669	0.285862	0.282371	0.273645	0.267645	0.484875	0.477754	0.476731	0.475328	0.477449	0.500802	0.537716	0.520608	0.508686	0.508661	0.543569	0.506549	0.382504	0.376738	0.373405	0.371648	0.372692	0.384353	0.487628	0.459591	0.459112	0.484713	0.485594	0.461015	0.654566	0.655934	0.643552	0.644638	0.645345	0.655753	0.440568	0.440406	0.447852	0.44349	0.444253	0.442849	0.567177	0.54098	0.541031	0.552485	0.552466	0.538641	0.622643	0.622521	0.628362	0.628226	0.620823	0.621283
ERR636889	0.283791	0.29577	0.294936	0.313436	0.293812	0.294585	0.476311	0.476678	0.474453	0.492548	0.492342	0.476611	0.338055	0.342616	0.33157	0.335263	0.343438	0.33531	0.276458	0.271569	0.277668	0.270778	0.268689	0.292603	0.274235	0.270872	0.283973	0.269581	0.269754	0.270534	0.337922	0.371443	0.368976	0.355639	0.408889	0.342992	0.238809	0.241308	0.244435	0.239239	0	0.237262	0.297338	0.266961	0.297559	0.293262	0.265328	0.263061	0.483374	0.472116	0.472733	0.470567	0.474048	0.501582	0.531634	0.509889	0.499274	0.498395	0.538775	0.496094	0.358696	0.355814	0.354333	0.352714	0.353477	0.363648	0.489159	0.457201	0.456873	0.48631	0.486878	0.458653	0.64089	0.642715	0.628795	0.629982	0.630606	0.642662	0.439037	0.438305	0.449963	0.447429	0.448253	0.446285	0.557118	0.528145	0.528527	0.542791	0.540939	0.526325	0.604726	0.604732	0.612806	0.612613	0.606587	0.60339
ERR636892	0.280361	0.306079	0.305428	0.327491	0.303892	0.304945	0.479181	0.479815	0.477317	0.492707	0.49308	0.479669	0.332474	0.334741	0.33099	0.329725	0.335788	0.330863	0.268339	0.263235	0.267514	0.262761	0.261757	0.280641	0.280659	0.27497	0.284906	0.276252	0.277092	0.277982	0.341902	0.373377	0.370783	0.354509	0.403696	0.344665	0.232349	0.250939	0.256999	0.2328	0.237262	0	0.289577	0.274464	0.289442	0.285629	0.271313	0.266116	0.484481	0.476255	0.475687	0.473984	0.476579	0.500896	0.536946	0.518693	0.506885	0.506769	0.543028	0.5047	0.377345	0.3723	0.369442	0.367688	0.368628	0.38022	0.487761	0.45842	0.45809	0.485031	0.485739	0.45992	0.652907	0.654423	0.641614	0.642643	0.64338	0.654204	0.440106	0.4399	0.448307	0.444139	0.44485	0.443418	0.566122	0.538966	0.53916	0.551284	0.55085	0.536738	0.618959	0.618925	0.625296	0.625199	0.617877	0.617695
ERR636802	0.325926	0.361671	0.358956	0.384762	0.356961	0.358368	0.496551	0.496502	0.494059	0.502161	0.502367	0.49625	0.35798	0.370025	0.374351	0.363982	0.373501	0.366989	0.272281	0.280855	0.275939	0.282377	0.282807	0.270434	0.300835	0.297921	0.285831	0.313952	0.31513	0.315992	0.357577	0.364764	0.363073	0.356105	0.383172	0.356294	0.287285	0.319965	0.323667	0.286215	0.297338	0.289577	0	0.291289	0.241536	0.241191	0.290387	0.278789	0.501467	0.504825	0.500526	0.502467	0.501047	0.509836	0.537913	0.530916	0.522932	0.524043	0.541974	0.522769	0.397512	0.379891	0.374055	0.372738	0.374321	0.382574	0.497718	0.491973	0.491044	0.495404	0.496277	0.492551	0.646546	0.646743	0.63883	0.639331	0.639986	0.646721	0.466665	0.467586	0.465565	0.465874	0.466409	0.465834	0.563867	0.552591	0.551159	0.552861	0.555933	0.549876	0.632008	0.631624	0.633905	0.634111	0.628277	0.630687
ERR636800	0.312715	0.308492	0.307612	0.319646	0.306962	0.306976	0.495093	0.495205	0.493271	0.514935	0.513529	0.494954	0.365202	0.371413	0.354575	0.362198	0.372243	0.361395	0.289246	0.284201	0.292361	0.283258	0.280455	0.30887	0.27891	0.278843	0.295085	0.273943	0.273608	0.273855	0.354875	0.389711	0.387298	0.376467	0.431704	0.362357	0.276476	0.26821	0.266765	0.27669	0.266961	0.274464	0.291289	0	0.292509	0.28709	0.236997	0.237721	0.504931	0.489653	0.492265	0.489024	0.494148	0.525407	0.545729	0.51861	0.510039	0.508428	0.554252	0.505821	0.333063	0.334136	0.334381	0.332712	0.333333	0.342009	0.513873	0.478502	0.478162	0.511258	0.511479	0.479667	0.642323	0.644929	0.629201	0.630455	0.630996	0.64481	0.460856	0.459553	0.475363	0.473911	0.475167	0.472611	0.563705	0.531224	0.532398	0.550193	0.545988	0.530442	0.603222	0.603508	0.614768	0.614705	0.610513	0.602121
ERR636804	0.325612	0.362237	0.359744	0.385737	0.357526	0.359226	0.49624	0.496229	0.493895	0.501224	0.501479	0.495884	0.357338	0.369012	0.373797	0.363277	0.372492	0.366549	0.272389	0.280517	0.275814	0.281918	0.282251	0.270234	0.301682	0.298064	0.285868	0.314284	0.315471	0.31648	0.357106	0.363688	0.362398	0.355088	0.38149	0.355356	0.287253	0.320055	0.3241	0.285862	0.297559	0.289442	0.241536	0.292509	0	0.241533	0.29137	0.279609	0.501287	0.504987	0.500565	0.502697	0.50096	0.509499	0.53783	0.531235	0.523061	0.52425	0.541925	0.523118	0.398544	0.380534	0.374779	0.373383	0.374992	0.383229	0.497455	0.491911	0.490966	0.495049	0.495901	0.492409	0.647301	0.647543	0.639778	0.640064	0.640835	0.647428	0.466786	0.467861	0.465455	0.465505	0.466113	0.465448	0.564369	0.553588	0.551896	0.553383	0.556627	0.550415	0.632212	0.632034	0.634119	0.634162	0.62814	0.631104
