	ERR617271	ERR617274	ERR617275	ERR617276	ERR617272	ERR617273	ERR626905	ERR626906	ERR626908	ERR626907	ERR626904	ERR626903	ERR626870	ERR626867	ERR626868	ERR626872	ERR626869	ERR626871	ERR636919	ERR636923	ERR636924	ERR636920	ERR636922	ERR636921	ERR608758	ERR608757	ERR608760	ERR608762	ERR608761	ERR608759	ERR637122	ERR637119	ERR637118	ERR637120	ERR637117	ERR637121	ERR613997	ERR613999	ERR613998	ERR613996	ERR614001	ERR614000	ERR631209	ERR631212	ERR631207	ERR631208	ERR631211	ERR631210	ERR609253	ERR609257	ERR609258	ERR609255	ERR609256	ERR609254	ERR626517	ERR626516	ERR626521	ERR626519	ERR626520	ERR626518	ERR630460	ERR630458	ERR630462	ERR630461	ERR630463	ERR630459	ERR613196	ERR613194	ERR613193	ERR613192	ERR613191	ERR613195	ERR613495	ERR613494	ERR613491	ERR613492	ERR613496	ERR613493	ERR614953	ERR614954	ERR614949	ERR614951	ERR614952	ERR614950	ERR614872	ERR614873	ERR614876	ERR614875	ERR614871	ERR614874	ERR630268	ERR630269	ERR630267	ERR630270	ERR630266	ERR630271
ERR617271	3.61684e+08	2.84599e+08	2.82501e+08	2.85187e+08	2.44507e+08	2.47459e+08	2.25575e+08	1.75877e+08	2.53948e+08	1.73386e+08	2.21733e+08	2.4729e+08	1.81849e+08	2.54291e+08	2.28587e+08	2.52241e+08	2.31541e+08	1.7931e+08	2.19812e+08	2.57516e+08	2.56246e+08	2.4982e+08	2.57475e+08	2.46872e+08	1.94244e+08	1.5453e+08	2.21104e+08	1.97552e+08	2.26834e+08	2.15596e+08	2.45649e+08	2.53082e+08	2.51373e+08	2.40749e+08	2.31706e+08	2.41879e+08	2.07387e+08	2.03554e+08	1.67703e+08	2.27485e+08	2.04805e+08	2.04922e+08	1.9893e+08	1.66629e+08	1.72798e+08	1.67666e+08	1.66919e+08	1.67717e+08	1.89664e+08	1.97302e+08	1.9426e+08	1.76247e+08	1.50915e+08	1.87001e+08	1.9705e+08	2.25082e+08	1.9308e+08	1.90321e+08	1.93732e+08	1.62817e+08	2.28115e+08	2.35191e+08	2.37776e+08	2.42708e+08	2.43464e+08	2.1453e+08	1.33176e+08	1.25621e+08	1.85797e+08	1.98419e+08	2.15481e+08	1.33741e+08	1.44924e+08	1.47518e+08	1.71833e+08	1.71078e+08	1.4451e+08	1.71082e+08	1.82905e+08	1.85652e+08	1.44178e+08	1.42799e+08	1.85149e+08	1.49294e+08	1.29202e+08	1.23584e+08	1.60153e+08	1.58231e+08	1.24713e+08	1.60062e+08	1.64027e+08	1.45193e+08	1.74786e+08	1.5512e+08	2.04136e+08	1.40202e+08
ERR617274	2.84599e+08	4.88044e+08	3.3998e+08	3.43267e+08	2.90905e+08	2.94245e+08	2.70704e+08	2.11318e+08	3.05335e+08	2.08267e+08	2.65928e+08	2.9726e+08	2.17429e+08	3.03938e+08	2.72742e+08	3.01685e+08	2.76384e+08	2.14184e+08	2.61339e+08	3.06672e+08	3.04891e+08	2.98255e+08	3.06553e+08	2.93704e+08	2.30914e+08	1.82111e+08	2.63903e+08	2.34772e+08	2.70796e+08	2.56859e+08	2.92898e+08	3.01289e+08	2.99996e+08	2.86777e+08	2.75702e+08	2.88533e+08	2.47412e+08	2.43122e+08	1.98803e+08	2.71806e+08	2.44718e+08	2.44735e+08	2.40319e+08	2.01082e+08	2.08412e+08	2.02627e+08	2.01272e+08	2.02269e+08	2.29524e+08	2.38386e+08	2.3437e+08	2.12223e+08	1.82786e+08	2.25809e+08	2.36392e+08	2.70355e+08	2.31902e+08	2.28659e+08	2.32765e+08	1.94295e+08	2.70629e+08	2.78994e+08	2.82479e+08	2.88698e+08	2.89223e+08	2.53591e+08	1.59084e+08	1.49801e+08	2.22379e+08	2.37752e+08	2.58957e+08	1.5962e+08	1.74003e+08	1.77032e+08	2.05612e+08	2.04682e+08	1.73265e+08	2.04589e+08	2.19617e+08	2.23097e+08	1.72535e+08	1.71166e+08	2.22318e+08	1.78886e+08	1.54149e+08	1.47613e+08	1.91755e+08	1.89228e+08	1.48621e+08	1.91566e+08	1.9629e+08	1.73542e+08	2.08792e+08	1.8559e+08	2.44389e+08	1.67091e+08
ERR617275	2.82501e+08	3.3998e+08	4.82177e+08	3.40702e+08	2.88856e+08	2.92183e+08	2.68902e+08	2.09948e+08	3.03252e+08	2.06931e+08	2.64054e+08	2.95154e+08	2.15985e+08	3.01712e+08	2.70739e+08	2.99536e+08	2.74554e+08	2.12855e+08	2.59399e+08	3.0418e+08	3.0228e+08	2.95909e+08	3.03985e+08	2.91242e+08	2.29441e+08	1.80842e+08	2.62091e+08	2.33184e+08	2.68895e+08	2.55149e+08	2.90685e+08	2.98824e+08	2.97874e+08	2.84747e+08	2.73685e+08	2.86129e+08	2.45592e+08	2.41386e+08	1.97357e+08	2.69801e+08	2.43001e+08	2.42895e+08	2.38902e+08	2.00103e+08	2.07198e+08	2.01534e+08	2.00096e+08	2.01279e+08	2.28207e+08	2.37092e+08	2.32977e+08	2.10916e+08	1.8175e+08	2.24426e+08	2.35016e+08	2.68702e+08	2.30585e+08	2.27137e+08	2.31418e+08	1.92988e+08	2.68667e+08	2.76809e+08	2.80382e+08	2.86327e+08	2.86849e+08	2.51624e+08	1.5799e+08	1.48733e+08	2.20837e+08	2.36094e+08	2.57191e+08	1.58533e+08	1.72707e+08	1.75672e+08	2.03922e+08	2.03118e+08	1.72019e+08	2.03066e+08	2.18117e+08	2.21533e+08	1.71352e+08	1.7006e+08	2.20892e+08	1.77691e+08	1.53348e+08	1.46839e+08	1.90632e+08	1.88078e+08	1.47672e+08	1.90452e+08	1.95047e+08	1.72341e+08	2.07385e+08	1.84395e+08	2.42866e+08	1.65993e+08
ERR617276	2.85187e+08	3.43267e+08	3.40702e+08	4.90328e+08	2.91695e+08	2.94851e+08	2.71651e+08	2.12034e+08	3.06125e+08	2.0906e+08	2.66681e+08	2.98316e+08	2.18081e+08	3.0476e+08	2.73472e+08	3.02606e+08	2.77275e+08	2.15055e+08	2.61942e+08	3.07222e+08	3.05584e+08	2.99078e+08	3.07331e+08	2.94382e+08	2.31757e+08	1.82624e+08	2.64877e+08	2.3564e+08	2.71623e+08	2.57566e+08	2.93859e+08	3.02117e+08	3.01018e+08	2.87653e+08	2.7669e+08	2.89387e+08	2.48278e+08	2.4401e+08	1.99391e+08	2.7267e+08	2.45645e+08	2.45558e+08	2.41162e+08	2.01831e+08	2.09059e+08	2.03281e+08	2.01959e+08	2.03025e+08	2.30192e+08	2.39118e+08	2.3513e+08	2.1285e+08	1.83334e+08	2.26547e+08	2.37208e+08	2.7125e+08	2.32639e+08	2.29406e+08	2.33538e+08	1.94792e+08	2.71133e+08	2.79524e+08	2.83162e+08	2.89287e+08	2.89808e+08	2.54102e+08	1.59524e+08	1.50105e+08	2.22995e+08	2.38121e+08	2.59685e+08	1.60087e+08	1.74542e+08	1.77538e+08	2.06048e+08	2.05343e+08	1.73739e+08	2.05159e+08	2.20291e+08	2.23649e+08	1.73031e+08	1.71603e+08	2.22971e+08	1.79442e+08	1.5466e+08	1.48098e+08	1.92376e+08	1.89745e+08	1.4903e+08	1.92294e+08	1.96787e+08	1.74015e+08	2.09304e+08	1.86089e+08	2.44935e+08	1.6747e+08
ERR617272	2.44507e+08	2.90905e+08	2.88856e+08	2.91695e+08	3.73373e+08	2.52555e+08	2.30955e+08	1.80563e+08	2.60163e+08	1.78045e+08	2.26988e+08	2.53268e+08	1.85972e+08	2.59188e+08	2.33094e+08	2.57331e+08	2.36073e+08	1.83282e+08	2.23955e+08	2.62107e+08	2.60679e+08	2.54893e+08	2.62092e+08	2.51172e+08	1.97821e+08	1.56502e+08	2.25564e+08	2.01106e+08	2.31439e+08	2.19776e+08	2.49029e+08	2.56219e+08	2.55115e+08	2.43821e+08	2.34656e+08	2.45204e+08	2.11371e+08	2.07603e+08	1.70216e+08	2.32031e+08	2.08999e+08	2.08858e+08	2.03886e+08	1.7088e+08	1.77061e+08	1.72037e+08	1.709e+08	1.71856e+08	1.945e+08	2.02113e+08	1.9874e+08	1.80051e+08	1.54958e+08	1.91375e+08	2.01123e+08	2.29599e+08	1.972e+08	1.94414e+08	1.979e+08	1.65518e+08	2.31835e+08	2.38809e+08	2.41829e+08	2.46884e+08	2.47434e+08	2.17435e+08	1.35261e+08	1.2738e+08	1.8885e+08	2.01744e+08	2.19744e+08	1.35719e+08	1.47767e+08	1.50249e+08	1.74469e+08	1.73865e+08	1.47116e+08	1.73787e+08	1.86249e+08	1.89043e+08	1.46466e+08	1.45266e+08	1.88414e+08	1.51906e+08	1.31176e+08	1.25555e+08	1.62846e+08	1.6087e+08	1.26525e+08	1.62858e+08	1.6645e+08	1.47122e+08	1.77087e+08	1.57454e+08	2.07115e+08	1.41785e+08
ERR617273	2.47459e+08	2.94245e+08	2.92183e+08	2.94851e+08	2.52555e+08	3.80714e+08	2.33719e+08	1.82776e+08	2.63319e+08	1.80118e+08	2.29639e+08	2.56451e+08	1.8823e+08	2.62606e+08	2.35878e+08	2.6051e+08	2.39145e+08	1.85544e+08	2.265e+08	2.65134e+08	2.63669e+08	2.57797e+08	2.65129e+08	2.5416e+08	2.00124e+08	1.58273e+08	2.28223e+08	2.03429e+08	2.34147e+08	2.22228e+08	2.5226e+08	2.59707e+08	2.58315e+08	2.47097e+08	2.3776e+08	2.48427e+08	2.14004e+08	2.10157e+08	1.72431e+08	2.34869e+08	2.11516e+08	2.11582e+08	2.06393e+08	1.72957e+08	1.7916e+08	1.74103e+08	1.73098e+08	1.73986e+08	1.97021e+08	2.04723e+08	2.0138e+08	1.82395e+08	1.56941e+08	1.93963e+08	2.03672e+08	2.32725e+08	1.99754e+08	1.96849e+08	2.0041e+08	1.67634e+08	2.34662e+08	2.4177e+08	2.44713e+08	2.49816e+08	2.50441e+08	2.20129e+08	1.37263e+08	1.29225e+08	1.91521e+08	2.04687e+08	2.22799e+08	1.37717e+08	1.49835e+08	1.52514e+08	1.77175e+08	1.76377e+08	1.49255e+08	1.76488e+08	1.88883e+08	1.91678e+08	1.48533e+08	1.47378e+08	1.91132e+08	1.53968e+08	1.32979e+08	1.27314e+08	1.65159e+08	1.6301e+08	1.28229e+08	1.6506e+08	1.68711e+08	1.49208e+08	1.79523e+08	1.59734e+08	2.10138e+08	1.43943e+08
ERR626905	2.25575e+08	2.70704e+08	2.68902e+08	2.71651e+08	2.30955e+08	2.33719e+08	4.45009e+08	2.42852e+08	3.46653e+08	2.39214e+08	3.03774e+08	3.38622e+08	2.28674e+08	3.16612e+08	2.84715e+08	3.14845e+08	2.88779e+08	2.25256e+08	2.45318e+08	2.86329e+08	2.84731e+08	2.79217e+08	2.86408e+08	2.74654e+08	2.14376e+08	1.69312e+08	2.44524e+08	2.18214e+08	2.50605e+08	2.38406e+08	2.85683e+08	2.92924e+08	2.92522e+08	2.7971e+08	2.68988e+08	2.81496e+08	2.55325e+08	2.51108e+08	2.05019e+08	2.79577e+08	2.52765e+08	2.52533e+08	2.13675e+08	1.78615e+08	1.85192e+08	1.8014e+08	1.78443e+08	1.7978e+08	2.13664e+08	2.21444e+08	2.17684e+08	1.96433e+08	1.70349e+08	2.10014e+08	2.13648e+08	2.44433e+08	2.09807e+08	2.06719e+08	2.10576e+08	1.74951e+08	2.73351e+08	2.81289e+08	2.85286e+08	2.91522e+08	2.91634e+08	2.55582e+08	1.42661e+08	1.34125e+08	1.99846e+08	2.13772e+08	2.33674e+08	1.4311e+08	1.55954e+08	1.58667e+08	1.83946e+08	1.83215e+08	1.55334e+08	1.83246e+08	1.98403e+08	2.01566e+08	1.55376e+08	1.54525e+08	2.00805e+08	1.61399e+08	1.3761e+08	1.3209e+08	1.71436e+08	1.69103e+08	1.32535e+08	1.71296e+08	1.76468e+08	1.55849e+08	1.87544e+08	1.66935e+08	2.19909e+08	1.49563e+08
ERR626906	1.75877e+08	2.11318e+08	2.09948e+08	2.12034e+08	1.80563e+08	1.82776e+08	2.42852e+08	2.97522e+08	2.72136e+08	1.90237e+08	2.38355e+08	2.65216e+08	1.80711e+08	2.48059e+08	2.23298e+08	2.46595e+08	2.26541e+08	1.78032e+08	1.92698e+08	2.24075e+08	2.22663e+08	2.19033e+08	2.24155e+08	2.14999e+08	1.68628e+08	1.3321e+08	1.92272e+08	1.71561e+08	1.96743e+08	1.87179e+08	2.21108e+08	2.26434e+08	2.26508e+08	2.1659e+08	2.08232e+08	2.17897e+08	1.99843e+08	1.97099e+08	1.60738e+08	2.18824e+08	1.98213e+08	1.98079e+08	1.65358e+08	1.38265e+08	1.43432e+08	1.39686e+08	1.38222e+08	1.39096e+08	1.65684e+08	1.71512e+08	1.68509e+08	1.51916e+08	1.32384e+08	1.62553e+08	1.65056e+08	1.88844e+08	1.62345e+08	1.60057e+08	1.63039e+08	1.35114e+08	2.139e+08	2.19954e+08	2.233e+08	2.28112e+08	2.2792e+08	2.00029e+08	1.09826e+08	1.0309e+08	1.53847e+08	1.64586e+08	1.80159e+08	1.10084e+08	1.20508e+08	1.22537e+08	1.41537e+08	1.41066e+08	1.19862e+08	1.4108e+08	1.52809e+08	1.55204e+08	1.19686e+08	1.19282e+08	1.54694e+08	1.24308e+08	1.05864e+08	1.01684e+08	1.31905e+08	1.29982e+08	1.0184e+08	1.31721e+08	1.35234e+08	1.19395e+08	1.43651e+08	1.27973e+08	1.68552e+08	1.14418e+08
ERR626908	2.53948e+08	3.05335e+08	3.03252e+08	3.06125e+08	2.60163e+08	2.63319e+08	3.46653e+08	2.72136e+08	5.44376e+08	2.68128e+08	3.40248e+08	3.79526e+08	2.56361e+08	3.55924e+08	3.19741e+08	3.53898e+08	3.24194e+08	2.52535e+08	2.75188e+08	3.21774e+08	3.19894e+08	3.13663e+08	3.21742e+08	3.08527e+08	2.40216e+08	1.89439e+08	2.74468e+08	2.44538e+08	2.81289e+08	2.67427e+08	3.21935e+08	3.30289e+08	3.29735e+08	3.15153e+08	3.02919e+08	3.17312e+08	2.86675e+08	2.81958e+08	2.29887e+08	3.14192e+08	2.83854e+08	2.83537e+08	2.41575e+08	2.01877e+08	2.09414e+08	2.03762e+08	2.01824e+08	2.03106e+08	2.41647e+08	2.50348e+08	2.46127e+08	2.22198e+08	1.92493e+08	2.37385e+08	2.41281e+08	2.76314e+08	2.37136e+08	2.33644e+08	2.38069e+08	1.97613e+08	3.0669e+08	3.1559e+08	3.20236e+08	3.27328e+08	3.27346e+08	2.86505e+08	1.61233e+08	1.51388e+08	2.26031e+08	2.41638e+08	2.6425e+08	1.61655e+08	1.76402e+08	1.79544e+08	2.08141e+08	2.07389e+08	1.75624e+08	2.07271e+08	2.24482e+08	2.28056e+08	1.75748e+08	1.74779e+08	2.27211e+08	1.82419e+08	1.5549e+08	1.49209e+08	1.93769e+08	1.91219e+08	1.49791e+08	1.93718e+08	1.99841e+08	1.76399e+08	2.12349e+08	1.88969e+08	2.49033e+08	1.69214e+08
ERR626907	1.73386e+08	2.08267e+08	2.06931e+08	2.0906e+08	1.78045e+08	1.80118e+08	2.39214e+08	1.90237e+08	2.68128e+08	2.90249e+08	2.34879e+08	2.61355e+08	1.78259e+08	2.44763e+08	2.20285e+08	2.43141e+08	2.2343e+08	1.75534e+08	1.89968e+08	2.20731e+08	2.19517e+08	2.15925e+08	2.20851e+08	2.11868e+08	1.66367e+08	1.3154e+08	1.89504e+08	1.69215e+08	1.94109e+08	1.84531e+08	2.18029e+08	2.23234e+08	2.23398e+08	2.13525e+08	2.05299e+08	2.14943e+08	1.97089e+08	1.9423e+08	1.58534e+08	2.15727e+08	1.95447e+08	1.95258e+08	1.62458e+08	1.36059e+08	1.40987e+08	1.37324e+08	1.35917e+08	1.3682e+08	1.62912e+08	1.68597e+08	1.65773e+08	1.49447e+08	1.3016e+08	1.60027e+08	1.62572e+08	1.85685e+08	1.59783e+08	1.57538e+08	1.60382e+08	1.32896e+08	2.11031e+08	2.1687e+08	2.20245e+08	2.25018e+08	2.24918e+08	1.97322e+08	1.08183e+08	1.01548e+08	1.51361e+08	1.61933e+08	1.77271e+08	1.08376e+08	1.18517e+08	1.2051e+08	1.39432e+08	1.38894e+08	1.1793e+08	1.38778e+08	1.50244e+08	1.52516e+08	1.17638e+08	1.17202e+08	1.52044e+08	1.22143e+08	1.04222e+08	1.00096e+08	1.29725e+08	1.28008e+08	1.0032e+08	1.29534e+08	1.32921e+08	1.17412e+08	1.41299e+08	1.25836e+08	1.65747e+08	1.12439e+08
ERR626904	2.21733e+08	2.65928e+08	2.64054e+08	2.66681e+08	2.26988e+08	2.29639e+08	3.03774e+08	2.38355e+08	3.40248e+08	2.34879e+08	4.31857e+08	3.32375e+08	2.24713e+08	3.11593e+08	2.80176e+08	3.09539e+08	2.83897e+08	2.21425e+08	2.41374e+08	2.81695e+08	2.80127e+08	2.74711e+08	2.81884e+08	2.70168e+08	2.10931e+08	1.6669e+08	2.40386e+08	2.14528e+08	2.46292e+08	2.34317e+08	2.80906e+08	2.88251e+08	2.87921e+08	2.7518e+08	2.64654e+08	2.76988e+08	2.51143e+08	2.47048e+08	2.02085e+08	2.75062e+08	2.48574e+08	2.48311e+08	2.09741e+08	1.75371e+08	1.8191e+08	1.76759e+08	1.75351e+08	1.7647e+08	2.0977e+08	2.17383e+08	2.13815e+08	1.93018e+08	1.67168e+08	2.06153e+08	2.10077e+08	2.40144e+08	2.06244e+08	2.03128e+08	2.06955e+08	1.72317e+08	2.68938e+08	2.7683e+08	2.80526e+08	2.86628e+08	2.86787e+08	2.51643e+08	1.40314e+08	1.31865e+08	1.96549e+08	2.102e+08	2.29644e+08	1.40619e+08	1.53355e+08	1.56067e+08	1.81139e+08	1.80418e+08	1.52676e+08	1.80498e+08	1.95133e+08	1.98105e+08	1.53006e+08	1.52101e+08	1.97472e+08	1.58866e+08	1.35426e+08	1.29975e+08	1.68585e+08	1.66355e+08	1.3042e+08	1.68362e+08	1.73616e+08	1.53334e+08	1.84525e+08	1.64213e+08	2.16391e+08	1.47126e+08
ERR626903	2.4729e+08	2.9726e+08	2.95154e+08	2.98316e+08	2.53268e+08	2.56451e+08	3.38622e+08	2.65216e+08	3.79526e+08	2.61355e+08	3.32375e+08	5.21036e+08	2.49914e+08	3.46943e+08	3.11679e+08	3.44756e+08	3.15995e+08	2.46208e+08	2.68242e+08	3.13371e+08	3.1172e+08	3.05848e+08	3.13539e+08	3.00626e+08	2.34243e+08	1.84629e+08	2.67437e+08	2.3839e+08	2.74242e+08	2.60664e+08	3.13513e+08	3.21605e+08	3.21196e+08	3.06895e+08	2.95076e+08	3.09045e+08	2.79316e+08	2.74885e+08	2.24026e+08	3.06165e+08	2.76413e+08	2.7625e+08	2.35798e+08	1.96949e+08	2.04381e+08	1.9871e+08	1.96874e+08	1.98084e+08	2.35914e+08	2.44464e+08	2.40405e+08	2.16862e+08	1.88046e+08	2.31682e+08	2.35354e+08	2.69361e+08	2.31099e+08	2.27807e+08	2.32116e+08	1.92651e+08	2.98864e+08	3.07597e+08	3.11754e+08	3.1859e+08	3.18883e+08	2.79188e+08	1.57136e+08	1.47642e+08	2.20378e+08	2.35756e+08	2.57714e+08	1.57515e+08	1.72051e+08	1.75107e+08	2.02935e+08	2.02164e+08	1.71342e+08	2.02147e+08	2.18842e+08	2.22206e+08	1.71338e+08	1.70468e+08	2.21539e+08	1.77892e+08	1.5173e+08	1.45582e+08	1.89029e+08	1.86656e+08	1.46014e+08	1.88828e+08	1.94799e+08	1.71889e+08	2.0703e+08	1.84175e+08	2.42792e+08	1.64973e+08
ERR626870	1.81849e+08	2.17429e+08	2.15985e+08	2.18081e+08	1.85972e+08	1.8823e+08	2.28674e+08	1.80711e+08	2.56361e+08	1.78259e+08	2.24713e+08	2.49914e+08	3.02466e+08	2.69683e+08	2.42811e+08	2.67886e+08	2.45961e+08	1.93041e+08	2.00163e+08	2.33334e+08	2.3184e+08	2.27604e+08	2.33433e+08	2.24047e+08	1.7352e+08	1.37553e+08	1.97366e+08	1.76372e+08	2.02378e+08	1.92535e+08	2.32125e+08	2.38054e+08	2.37645e+08	2.27503e+08	2.19073e+08	2.28987e+08	2.09493e+08	2.06147e+08	1.69447e+08	2.29204e+08	2.0749e+08	2.07332e+08	1.716e+08	1.43615e+08	1.48931e+08	1.44671e+08	1.43433e+08	1.4432e+08	1.67259e+08	1.73389e+08	1.70351e+08	1.54048e+08	1.33323e+08	1.64414e+08	1.71921e+08	1.96412e+08	1.68862e+08	1.66378e+08	1.69475e+08	1.41445e+08	2.15916e+08	2.22179e+08	2.2497e+08	2.29667e+08	2.30036e+08	2.0238e+08	1.15757e+08	1.08704e+08	1.61836e+08	1.73033e+08	1.88708e+08	1.16037e+08	1.24087e+08	1.2623e+08	1.46386e+08	1.45848e+08	1.23527e+08	1.4573e+08	1.5732e+08	1.59684e+08	1.23421e+08	1.22743e+08	1.59331e+08	1.28169e+08	1.12035e+08	1.07285e+08	1.39151e+08	1.37339e+08	1.07858e+08	1.39129e+08	1.40162e+08	1.23938e+08	1.49075e+08	1.32543e+08	1.74686e+08	1.19091e+08
ERR626867	2.54291e+08	3.03938e+08	3.01712e+08	3.0476e+08	2.59188e+08	2.62606e+08	3.16612e+08	2.48059e+08	3.55924e+08	2.44763e+08	3.11593e+08	3.46943e+08	2.69683e+08	5.30001e+08	3.39262e+08	3.73599e+08	3.43658e+08	2.65783e+08	2.78317e+08	3.25837e+08	3.24049e+08	3.16959e+08	3.26032e+08	3.12532e+08	2.40843e+08	1.90633e+08	2.74341e+08	2.44678e+08	2.81488e+08	2.67789e+08	3.28644e+08	3.37355e+08	3.36037e+08	3.21765e+08	3.09609e+08	3.23732e+08	2.92218e+08	2.87033e+08	2.36036e+08	3.20153e+08	2.88997e+08	2.8884e+08	2.43048e+08	2.03002e+08	2.10755e+08	2.04314e+08	2.03074e+08	2.04385e+08	2.36091e+08	2.45002e+08	2.40752e+08	2.17874e+08	1.87789e+08	2.32364e+08	2.44237e+08	2.79012e+08	2.39621e+08	2.3604e+08	2.40385e+08	2.01323e+08	3.01648e+08	3.1045e+08	3.14179e+08	3.20701e+08	3.21558e+08	2.82544e+08	1.64584e+08	1.54754e+08	2.30562e+08	2.46492e+08	2.68409e+08	1.65203e+08	1.76098e+08	1.79195e+08	2.0844e+08	2.07583e+08	1.75435e+08	2.076e+08	2.24089e+08	2.27702e+08	1.76025e+08	1.74638e+08	2.26873e+08	1.82582e+08	1.59859e+08	1.52915e+08	1.98669e+08	1.96122e+08	1.53887e+08	1.98358e+08	2.0082e+08	1.77446e+08	2.13499e+08	1.89652e+08	2.50052e+08	1.70735e+08
ERR626868	2.28587e+08	2.72742e+08	2.70739e+08	2.73472e+08	2.33094e+08	2.35878e+08	2.84715e+08	2.23298e+08	3.19741e+08	2.20285e+08	2.80176e+08	3.11679e+08	2.42811e+08	3.39262e+08	4.41083e+08	3.35943e+08	3.09048e+08	2.3942e+08	2.50457e+08	2.92957e+08	2.91235e+08	2.84823e+08	2.93009e+08	2.80957e+08	2.16893e+08	1.72141e+08	2.46671e+08	2.20454e+08	2.53069e+08	2.40957e+08	2.94493e+08	3.02325e+08	3.01251e+08	2.88494e+08	2.7769e+08	2.90271e+08	2.63054e+08	2.58412e+08	2.12839e+08	2.87703e+08	2.59895e+08	2.59852e+08	2.16903e+08	1.81404e+08	1.88132e+08	1.8239e+08	1.81399e+08	1.82461e+08	2.10426e+08	2.18644e+08	2.14733e+08	1.94672e+08	1.67524e+08	2.07249e+08	2.18273e+08	2.49152e+08	2.14109e+08	2.10823e+08	2.14761e+08	1.8029e+08	2.71663e+08	2.79604e+08	2.82699e+08	2.88561e+08	2.89355e+08	2.54669e+08	1.47228e+08	1.38551e+08	2.06011e+08	2.20129e+08	2.39647e+08	1.47793e+08	1.5757e+08	1.60388e+08	1.86649e+08	1.85976e+08	1.56888e+08	1.85716e+08	2.00428e+08	2.03364e+08	1.57518e+08	1.56142e+08	2.02974e+08	1.63433e+08	1.42876e+08	1.36662e+08	1.77446e+08	1.75139e+08	1.37566e+08	1.77324e+08	1.79501e+08	1.58546e+08	1.90901e+08	1.695e+08	2.23521e+08	1.52806e+08
ERR626872	2.52241e+08	3.01685e+08	2.99536e+08	3.02606e+08	2.57331e+08	2.6051e+08	3.14845e+08	2.46595e+08	3.53898e+08	2.43141e+08	3.09539e+08	3.44756e+08	2.67886e+08	3.73599e+08	3.35943e+08	5.223e+08	3.40325e+08	2.63985e+08	2.76544e+08	3.23792e+08	3.21851e+08	3.14774e+08	3.23803e+08	3.10395e+08	2.39134e+08	1.89326e+08	2.72304e+08	2.43099e+08	2.79318e+08	2.65795e+08	3.26298e+08	3.34557e+08	3.33705e+08	3.19549e+08	3.07369e+08	3.21461e+08	2.90311e+08	2.85321e+08	2.34461e+08	3.17961e+08	2.8703e+08	2.86955e+08	2.40804e+08	2.01312e+08	2.08736e+08	2.02587e+08	2.0117e+08	2.02439e+08	2.33751e+08	2.42808e+08	2.3851e+08	2.15926e+08	1.85946e+08	2.30023e+08	2.42046e+08	2.76611e+08	2.37497e+08	2.33874e+08	2.383e+08	1.99456e+08	2.99719e+08	3.08429e+08	3.12105e+08	3.1891e+08	3.1956e+08	2.80768e+08	1.63161e+08	1.53397e+08	2.2837e+08	2.44009e+08	2.65908e+08	1.63658e+08	1.74405e+08	1.77538e+08	2.06472e+08	2.05652e+08	1.73821e+08	2.05618e+08	2.22009e+08	2.25407e+08	1.74248e+08	1.72821e+08	2.24744e+08	1.80707e+08	1.5827e+08	1.51375e+08	1.96608e+08	1.94108e+08	1.52411e+08	1.96539e+08	1.98758e+08	1.7567e+08	2.11432e+08	1.87816e+08	2.47663e+08	1.69052e+08
ERR626869	2.31541e+08	2.76384e+08	2.74554e+08	2.77275e+08	2.36073e+08	2.39145e+08	2.88779e+08	2.26541e+08	3.24194e+08	2.2343e+08	2.83897e+08	3.15995e+08	2.45961e+08	3.43658e+08	3.09048e+08	3.40325e+08	4.50837e+08	2.42487e+08	2.53614e+08	2.96831e+08	2.95073e+08	2.88683e+08	2.9687e+08	2.8477e+08	2.19579e+08	1.74086e+08	2.4978e+08	2.23186e+08	2.56255e+08	2.43872e+08	2.98253e+08	3.06106e+08	3.05138e+08	2.92131e+08	2.81114e+08	2.93961e+08	2.6627e+08	2.61693e+08	2.15254e+08	2.9143e+08	2.633e+08	2.63229e+08	2.20309e+08	1.8412e+08	1.91006e+08	1.85233e+08	1.84142e+08	1.85306e+08	2.13716e+08	2.21934e+08	2.18214e+08	1.97626e+08	1.70179e+08	2.10403e+08	2.21369e+08	2.52785e+08	2.17099e+08	2.13894e+08	2.17924e+08	1.82599e+08	2.74977e+08	2.82969e+08	2.86284e+08	2.92266e+08	2.93067e+08	2.57838e+08	1.49308e+08	1.40474e+08	2.08921e+08	2.23213e+08	2.43079e+08	1.49828e+08	1.59669e+08	1.62471e+08	1.88937e+08	1.88255e+08	1.59023e+08	1.88247e+08	2.03013e+08	2.05999e+08	1.59464e+08	1.58194e+08	2.05482e+08	1.65427e+08	1.44798e+08	1.38359e+08	1.79854e+08	1.77572e+08	1.39429e+08	1.79746e+08	1.81716e+08	1.60595e+08	1.93271e+08	1.71767e+08	2.26268e+08	1.54662e+08
ERR626871	1.7931e+08	2.14184e+08	2.12855e+08	2.15055e+08	1.83282e+08	1.85544e+08	2.25256e+08	1.78032e+08	2.52535e+08	1.75534e+08	2.21425e+08	2.46208e+08	1.93041e+08	2.65783e+08	2.3942e+08	2.63985e+08	2.42487e+08	2.95146e+08	1.97443e+08	2.30068e+08	2.28823e+08	2.24482e+08	2.30163e+08	2.20842e+08	1.7086e+08	1.35537e+08	1.94455e+08	1.73745e+08	1.99282e+08	1.89708e+08	2.29129e+08	2.34779e+08	2.34443e+08	2.24336e+08	2.15813e+08	2.25817e+08	2.06662e+08	2.03415e+08	1.67251e+08	2.26111e+08	2.04602e+08	2.04552e+08	1.68997e+08	1.4131e+08	1.46719e+08	1.42516e+08	1.41332e+08	1.42205e+08	1.64604e+08	1.7065e+08	1.67689e+08	1.51646e+08	1.31282e+08	1.61914e+08	1.69526e+08	1.93678e+08	1.66576e+08	1.64089e+08	1.67081e+08	1.39731e+08	2.13017e+08	2.19186e+08	2.21851e+08	2.2646e+08	2.26864e+08	1.99644e+08	1.13961e+08	1.0713e+08	1.59382e+08	1.70285e+08	1.85806e+08	1.14291e+08	1.22167e+08	1.24373e+08	1.44226e+08	1.43638e+08	1.21738e+08	1.43535e+08	1.54945e+08	1.5732e+08	1.21575e+08	1.20823e+08	1.56835e+08	1.26179e+08	1.10474e+08	1.05744e+08	1.37183e+08	1.35473e+08	1.06356e+08	1.37177e+08	1.38158e+08	1.22208e+08	1.46862e+08	1.30618e+08	1.71947e+08	1.17381e+08
ERR636919	2.19812e+08	2.61339e+08	2.59399e+08	2.61942e+08	2.23955e+08	2.265e+08	2.45318e+08	1.92698e+08	2.75188e+08	1.89968e+08	2.41374e+08	2.68242e+08	2.00163e+08	2.78317e+08	2.50457e+08	2.76544e+08	2.53614e+08	1.97443e+08	3.96843e+08	3.1681e+08	3.15044e+08	3.08828e+08	3.16576e+08	3.04457e+08	2.00599e+08	1.59399e+08	2.28259e+08	2.04005e+08	2.3411e+08	2.22664e+08	2.98248e+08	3.06087e+08	3.04992e+08	2.92586e+08	2.81856e+08	2.94347e+08	2.34675e+08	2.30435e+08	1.90042e+08	2.56417e+08	2.32014e+08	2.31952e+08	1.9762e+08	1.65613e+08	1.71597e+08	1.66495e+08	1.65744e+08	1.66525e+08	1.90086e+08	1.97459e+08	1.94116e+08	1.75879e+08	1.51338e+08	1.87022e+08	2.03674e+08	2.31948e+08	1.99835e+08	1.96911e+08	2.00448e+08	1.68533e+08	2.46534e+08	2.53733e+08	2.57074e+08	2.62268e+08	2.62777e+08	2.3158e+08	1.34556e+08	1.26737e+08	1.87966e+08	2.0092e+08	2.18531e+08	1.34952e+08	1.42867e+08	1.45464e+08	1.68966e+08	1.68342e+08	1.42333e+08	1.68516e+08	1.80995e+08	1.83787e+08	1.42273e+08	1.4105e+08	1.83169e+08	1.47499e+08	1.3091e+08	1.25267e+08	1.62443e+08	1.60504e+08	1.2615e+08	1.62335e+08	1.62227e+08	1.43372e+08	1.72555e+08	1.53295e+08	2.01746e+08	1.38185e+08
ERR636923	2.57516e+08	3.06672e+08	3.0418e+08	3.07222e+08	2.62107e+08	2.65134e+08	2.86329e+08	2.24075e+08	3.21774e+08	2.20731e+08	2.81695e+08	3.13371e+08	2.33334e+08	3.25837e+08	2.92957e+08	3.23792e+08	2.96831e+08	2.30068e+08	3.1681e+08	5.18872e+08	3.69679e+08	3.59832e+08	3.71229e+08	3.5496e+08	2.34084e+08	1.85791e+08	2.66652e+08	2.38131e+08	2.73706e+08	2.5997e+08	3.50808e+08	3.6001e+08	3.58316e+08	3.44103e+08	3.30921e+08	3.4575e+08	2.74689e+08	2.69544e+08	2.22032e+08	3.00409e+08	2.71335e+08	2.71252e+08	2.32699e+08	1.94792e+08	2.01957e+08	1.95972e+08	1.94911e+08	1.96054e+08	2.23741e+08	2.3274e+08	2.289e+08	2.0736e+08	1.7803e+08	2.20322e+08	2.39508e+08	2.73144e+08	2.34974e+08	2.31415e+08	2.35631e+08	1.98003e+08	2.88336e+08	2.96931e+08	3.01035e+08	3.06903e+08	3.07609e+08	2.70954e+08	1.58754e+08	1.49517e+08	2.21943e+08	2.37214e+08	2.57904e+08	1.59302e+08	1.68962e+08	1.71974e+08	2.00088e+08	1.99418e+08	1.6837e+08	1.99335e+08	2.14263e+08	2.17786e+08	1.68523e+08	1.67001e+08	2.17024e+08	1.74857e+08	1.54402e+08	1.4766e+08	1.91727e+08	1.89268e+08	1.48875e+08	1.91702e+08	1.92427e+08	1.70223e+08	2.04794e+08	1.81926e+08	2.39454e+08	1.64215e+08
ERR636924	2.56246e+08	3.04891e+08	3.0228e+08	3.05584e+08	2.60679e+08	2.63669e+08	2.84731e+08	2.22663e+08	3.19894e+08	2.19517e+08	2.80127e+08	3.1172e+08	2.3184e+08	3.24049e+08	2.91235e+08	3.21851e+08	2.95073e+08	2.28823e+08	3.15044e+08	3.69679e+08	5.13911e+08	3.57896e+08	3.69329e+08	3.52935e+08	2.32909e+08	1.84995e+08	2.65158e+08	2.369e+08	2.72206e+08	2.58684e+08	3.48785e+08	3.58167e+08	3.56446e+08	3.42097e+08	3.29167e+08	3.43947e+08	2.73093e+08	2.67981e+08	2.2081e+08	2.98626e+08	2.69795e+08	2.69723e+08	2.31396e+08	1.93754e+08	2.00719e+08	1.94674e+08	1.93863e+08	1.94978e+08	2.22347e+08	2.31226e+08	2.27457e+08	2.06033e+08	1.76789e+08	2.18888e+08	2.38182e+08	2.71421e+08	2.33583e+08	2.30089e+08	2.34287e+08	1.96994e+08	2.86941e+08	2.95469e+08	2.995e+08	3.05369e+08	3.05987e+08	2.69596e+08	1.57861e+08	1.4881e+08	2.20758e+08	2.35794e+08	2.56364e+08	1.58474e+08	1.6813e+08	1.7115e+08	1.9916e+08	1.98478e+08	1.67395e+08	1.98532e+08	2.13098e+08	2.16569e+08	1.67775e+08	1.66156e+08	2.15869e+08	1.73862e+08	1.53585e+08	1.46851e+08	1.90674e+08	1.88263e+08	1.48037e+08	1.90524e+08	1.91574e+08	1.69355e+08	2.03912e+08	1.81052e+08	2.38386e+08	1.63433e+08
ERR636920	2.4982e+08	2.98255e+08	2.95909e+08	2.99078e+08	2.54893e+08	2.57797e+08	2.79217e+08	2.19033e+08	3.13663e+08	2.15925e+08	2.74711e+08	3.05848e+08	2.27604e+08	3.16959e+08	2.84823e+08	3.14774e+08	2.88683e+08	2.24482e+08	3.08828e+08	3.59832e+08	3.57896e+08	4.94482e+08	3.59454e+08	3.45395e+08	2.27591e+08	1.80185e+08	2.59533e+08	2.31551e+08	2.66357e+08	2.53046e+08	3.39919e+08	3.48576e+08	3.47427e+08	3.33202e+08	3.20556e+08	3.35115e+08	2.66777e+08	2.6202e+08	2.1529e+08	2.91902e+08	2.63681e+08	2.63538e+08	2.27229e+08	1.90244e+08	1.97175e+08	1.91402e+08	1.90265e+08	1.91378e+08	2.18971e+08	2.27316e+08	2.23493e+08	2.02195e+08	1.74324e+08	2.15376e+08	2.33466e+08	2.66043e+08	2.29059e+08	2.25631e+08	2.29673e+08	1.92545e+08	2.79777e+08	2.87983e+08	2.91793e+08	2.97657e+08	2.98112e+08	2.62395e+08	1.54162e+08	1.4521e+08	2.1586e+08	2.30765e+08	2.51372e+08	1.54756e+08	1.64256e+08	1.67093e+08	1.94128e+08	1.93399e+08	1.63534e+08	1.93353e+08	2.08032e+08	2.11325e+08	1.63323e+08	1.62142e+08	2.10655e+08	1.69484e+08	1.49965e+08	1.43689e+08	1.86509e+08	1.84169e+08	1.44532e+08	1.86331e+08	1.86531e+08	1.64834e+08	1.9818e+08	1.76386e+08	2.32182e+08	1.58734e+08
ERR636922	2.57475e+08	3.06553e+08	3.03985e+08	3.07331e+08	2.62092e+08	2.65129e+08	2.86408e+08	2.24155e+08	3.21742e+08	2.20851e+08	2.81884e+08	3.13539e+08	2.33433e+08	3.26032e+08	2.93009e+08	3.23803e+08	2.9687e+08	2.30163e+08	3.16576e+08	3.71229e+08	3.69329e+08	3.59454e+08	5.1798e+08	3.54527e+08	2.342e+08	1.85923e+08	2.66693e+08	2.38214e+08	2.73544e+08	2.60141e+08	3.50705e+08	3.60151e+08	3.58372e+08	3.44006e+08	3.30979e+08	3.45748e+08	2.74683e+08	2.69523e+08	2.22066e+08	3.00366e+08	2.71383e+08	2.71228e+08	2.32968e+08	1.94998e+08	2.02071e+08	1.96002e+08	1.95126e+08	1.96292e+08	2.24219e+08	2.33024e+08	2.29178e+08	2.07604e+08	1.78229e+08	2.20654e+08	2.39589e+08	2.73274e+08	2.35118e+08	2.31561e+08	2.35796e+08	1.98255e+08	2.8828e+08	2.96777e+08	3.00704e+08	3.0677e+08	3.07513e+08	2.70737e+08	1.58838e+08	1.49729e+08	2.22126e+08	2.37349e+08	2.58064e+08	1.59514e+08	1.69123e+08	1.72117e+08	2.00168e+08	1.99501e+08	1.68424e+08	1.99408e+08	2.14487e+08	2.17857e+08	1.6867e+08	1.67153e+08	2.1718e+08	1.74843e+08	1.54401e+08	1.47732e+08	1.91906e+08	1.89459e+08	1.48879e+08	1.91751e+08	1.92618e+08	1.70469e+08	2.04934e+08	1.82056e+08	2.3972e+08	1.64241e+08
ERR636921	2.46872e+08	2.93704e+08	2.91242e+08	2.94382e+08	2.51172e+08	2.5416e+08	2.74654e+08	2.14999e+08	3.08527e+08	2.11868e+08	2.70168e+08	3.00626e+08	2.24047e+08	3.12532e+08	2.80957e+08	3.10395e+08	2.8477e+08	2.20842e+08	3.04457e+08	3.5496e+08	3.52935e+08	3.45395e+08	3.54527e+08	4.82181e+08	2.24788e+08	1.78422e+08	2.55784e+08	2.28673e+08	2.62486e+08	2.49583e+08	3.3575e+08	3.44706e+08	3.4318e+08	3.2935e+08	3.17087e+08	3.31067e+08	2.63305e+08	2.58475e+08	2.13066e+08	2.87815e+08	2.60021e+08	2.59973e+08	2.2328e+08	1.86843e+08	1.9384e+08	1.87851e+08	1.87105e+08	1.88015e+08	2.14845e+08	2.234e+08	2.19734e+08	1.99005e+08	1.7097e+08	2.11514e+08	2.29925e+08	2.62068e+08	2.25437e+08	2.22158e+08	2.26095e+08	1.9019e+08	2.76561e+08	2.8469e+08	2.88461e+08	2.94158e+08	2.94776e+08	2.59723e+08	1.52292e+08	1.43619e+08	2.13121e+08	2.27672e+08	2.47582e+08	1.52944e+08	1.61942e+08	1.64902e+08	1.91862e+08	1.91194e+08	1.61303e+08	1.91199e+08	2.05297e+08	2.08568e+08	1.61495e+08	1.60101e+08	2.07907e+08	1.67498e+08	1.48234e+08	1.4183e+08	1.84044e+08	1.81669e+08	1.42928e+08	1.83898e+08	1.8444e+08	1.62996e+08	1.96237e+08	1.74277e+08	2.29577e+08	1.57312e+08
ERR608758	1.94244e+08	2.30914e+08	2.29441e+08	2.31757e+08	1.97821e+08	2.00124e+08	2.14376e+08	1.68628e+08	2.40216e+08	1.66367e+08	2.10931e+08	2.34243e+08	1.7352e+08	2.40843e+08	2.16893e+08	2.39134e+08	2.19579e+08	1.7086e+08	2.00599e+08	2.34084e+08	2.32909e+08	2.27591e+08	2.342e+08	2.24788e+08	3.03886e+08	1.5611e+08	2.22134e+08	1.98793e+08	2.27871e+08	2.17448e+08	2.32481e+08	2.39108e+08	2.37819e+08	2.27911e+08	2.19556e+08	2.2927e+08	1.98152e+08	1.94839e+08	1.60735e+08	2.16689e+08	1.96117e+08	1.95859e+08	1.76344e+08	1.4769e+08	1.53132e+08	1.48727e+08	1.47746e+08	1.48671e+08	1.69947e+08	1.7648e+08	1.73511e+08	1.57314e+08	1.35382e+08	1.67156e+08	1.75327e+08	2.00018e+08	1.7198e+08	1.6944e+08	1.72496e+08	1.44818e+08	2.10505e+08	2.16721e+08	2.19113e+08	2.23701e+08	2.24133e+08	1.97735e+08	1.19659e+08	1.12718e+08	1.671e+08	1.78516e+08	1.94167e+08	1.20025e+08	1.28106e+08	1.30442e+08	1.51785e+08	1.50964e+08	1.27642e+08	1.50897e+08	1.63042e+08	1.65592e+08	1.28403e+08	1.27196e+08	1.64958e+08	1.33003e+08	1.16065e+08	1.11146e+08	1.44112e+08	1.42331e+08	1.11967e+08	1.44012e+08	1.43591e+08	1.26991e+08	1.5277e+08	1.35862e+08	1.7876e+08	1.2235e+08
ERR608757	1.5453e+08	1.82111e+08	1.80842e+08	1.82624e+08	1.56502e+08	1.58273e+08	1.69312e+08	1.3321e+08	1.89439e+08	1.3154e+08	1.6669e+08	1.84629e+08	1.37553e+08	1.90633e+08	1.72141e+08	1.89326e+08	1.74086e+08	1.35537e+08	1.59399e+08	1.85791e+08	1.84995e+08	1.80185e+08	1.85923e+08	1.78422e+08	1.5611e+08	2.09633e+08	1.75895e+08	1.58225e+08	1.80421e+08	1.72604e+08	1.84128e+08	1.89581e+08	1.87998e+08	1.80479e+08	1.74019e+08	1.81567e+08	1.57222e+08	1.54161e+08	1.28402e+08	1.71369e+08	1.55222e+08	1.54973e+08	1.37016e+08	1.14924e+08	1.19001e+08	1.15259e+08	1.14953e+08	1.15719e+08	1.31753e+08	1.37129e+08	1.34915e+08	1.22729e+08	1.0481e+08	1.29919e+08	1.36939e+08	1.55871e+08	1.34011e+08	1.32072e+08	1.34445e+08	1.13735e+08	1.67767e+08	1.72676e+08	1.74564e+08	1.77834e+08	1.78391e+08	1.58218e+08	9.40881e+07	8.88437e+07	1.30899e+08	1.39667e+08	1.5145e+08	9.44316e+07	1.00222e+08	1.02049e+08	1.18966e+08	1.18394e+08	9.98921e+07	1.18364e+08	1.27737e+08	1.29515e+08	1.00897e+08	9.9767e+07	1.29125e+08	1.04478e+08	9.12389e+07	8.71786e+07	1.12912e+08	1.11602e+08	8.80881e+07	1.12835e+08	1.12781e+08	9.98047e+07	1.20043e+08	1.06554e+08	1.40183e+08	9.64716e+07
ERR608760	2.21104e+08	2.63903e+08	2.62091e+08	2.64877e+08	2.25564e+08	2.28223e+08	2.44524e+08	1.92272e+08	2.74468e+08	1.89504e+08	2.40386e+08	2.67437e+08	1.97366e+08	2.74341e+08	2.46671e+08	2.72304e+08	2.4978e+08	1.94455e+08	2.28259e+08	2.66652e+08	2.65158e+08	2.59533e+08	2.66693e+08	2.55784e+08	2.22134e+08	1.75895e+08	3.77973e+08	2.2651e+08	2.60536e+08	2.4658e+08	2.65317e+08	2.72495e+08	2.71569e+08	2.59872e+08	2.50337e+08	2.61424e+08	2.2565e+08	2.2193e+08	1.82205e+08	2.47121e+08	2.23407e+08	2.23104e+08	2.02752e+08	1.69609e+08	1.75891e+08	1.70872e+08	1.69692e+08	1.70729e+08	1.95349e+08	2.02649e+08	1.99292e+08	1.80335e+08	1.55605e+08	1.92002e+08	2.00957e+08	2.29542e+08	1.97305e+08	1.9442e+08	1.97925e+08	1.65437e+08	2.39046e+08	2.46025e+08	2.49037e+08	2.54251e+08	2.54683e+08	2.24101e+08	1.36673e+08	1.28652e+08	1.91094e+08	2.04259e+08	2.22515e+08	1.37132e+08	1.4663e+08	1.49165e+08	1.73395e+08	1.72691e+08	1.4596e+08	1.72547e+08	1.86689e+08	1.89554e+08	1.46564e+08	1.45675e+08	1.88893e+08	1.52092e+08	1.32478e+08	1.27008e+08	1.64834e+08	1.62666e+08	1.27778e+08	1.64598e+08	1.64327e+08	1.45194e+08	1.74861e+08	1.55413e+08	2.04518e+08	1.39771e+08
ERR608762	1.97552e+08	2.34772e+08	2.33184e+08	2.3564e+08	2.01106e+08	2.03429e+08	2.18214e+08	1.71561e+08	2.44538e+08	1.69215e+08	2.14528e+08	2.3839e+08	1.76372e+08	2.44678e+08	2.20454e+08	2.43099e+08	2.23186e+08	1.73745e+08	2.04005e+08	2.38131e+08	2.369e+08	2.31551e+08	2.38214e+08	2.28673e+08	1.98793e+08	1.58225e+08	2.2651e+08	3.11894e+08	2.32417e+08	2.20296e+08	2.36577e+08	2.43295e+08	2.42014e+08	2.31862e+08	2.23387e+08	2.3331e+08	2.01356e+08	1.979e+08	1.63349e+08	2.2024e+08	1.99262e+08	1.98882e+08	1.78839e+08	1.49761e+08	1.55187e+08	1.50608e+08	1.49804e+08	1.50761e+08	1.72303e+08	1.79047e+08	1.76044e+08	1.59633e+08	1.37254e+08	1.6961e+08	1.77878e+08	2.02827e+08	1.74581e+08	1.71886e+08	1.75078e+08	1.46952e+08	2.14048e+08	2.20261e+08	2.22864e+08	2.27411e+08	2.27999e+08	2.01076e+08	1.21284e+08	1.14268e+08	1.69322e+08	1.80853e+08	1.96769e+08	1.21721e+08	1.29857e+08	1.3221e+08	1.53691e+08	1.53049e+08	1.2932e+08	1.5299e+08	1.65252e+08	1.67651e+08	1.30054e+08	1.28906e+08	1.67161e+08	1.34793e+08	1.17755e+08	1.12749e+08	1.46121e+08	1.44321e+08	1.13494e+08	1.45982e+08	1.45593e+08	1.288e+08	1.54945e+08	1.37713e+08	1.81214e+08	1.24134e+08
ERR608761	2.26834e+08	2.70796e+08	2.68895e+08	2.71623e+08	2.31439e+08	2.34147e+08	2.50605e+08	1.96743e+08	2.81289e+08	1.94109e+08	2.46292e+08	2.74242e+08	2.02378e+08	2.81488e+08	2.53069e+08	2.79318e+08	2.56255e+08	1.99282e+08	2.3411e+08	2.73706e+08	2.72206e+08	2.66357e+08	2.73544e+08	2.62486e+08	2.27871e+08	1.80421e+08	2.60536e+08	2.32417e+08	3.94959e+08	2.52986e+08	2.72659e+08	2.80241e+08	2.78957e+08	2.67033e+08	2.57265e+08	2.6873e+08	2.31584e+08	2.27698e+08	1.86966e+08	2.53565e+08	2.29157e+08	2.28999e+08	2.08173e+08	1.74136e+08	1.80605e+08	1.75382e+08	1.7421e+08	1.75223e+08	2.00427e+08	2.08071e+08	2.04515e+08	1.85127e+08	1.59733e+08	1.97219e+08	2.06492e+08	2.35839e+08	2.02627e+08	1.99754e+08	2.03316e+08	1.69978e+08	2.45174e+08	2.52353e+08	2.55325e+08	2.60737e+08	2.61349e+08	2.2996e+08	1.40494e+08	1.32204e+08	1.96448e+08	2.10018e+08	2.28715e+08	1.40994e+08	1.5074e+08	1.53477e+08	1.78269e+08	1.77544e+08	1.50112e+08	1.77395e+08	1.91795e+08	1.94732e+08	1.50616e+08	1.4953e+08	1.94052e+08	1.56252e+08	1.3627e+08	1.30419e+08	1.69416e+08	1.67224e+08	1.31292e+08	1.69295e+08	1.68978e+08	1.49419e+08	1.79711e+08	1.59777e+08	2.104e+08	1.43781e+08
ERR608759	2.15596e+08	2.56859e+08	2.55149e+08	2.57566e+08	2.19776e+08	2.22228e+08	2.38406e+08	1.87179e+08	2.67427e+08	1.84531e+08	2.34317e+08	2.60664e+08	1.92535e+08	2.67789e+08	2.40957e+08	2.65795e+08	2.43872e+08	1.89708e+08	2.22664e+08	2.5997e+08	2.58684e+08	2.53046e+08	2.60141e+08	2.49583e+08	2.17448e+08	1.72604e+08	2.4658e+08	2.20296e+08	2.52986e+08	3.62244e+08	2.59053e+08	2.66382e+08	2.65122e+08	2.53962e+08	2.44617e+08	2.55601e+08	2.20205e+08	2.16484e+08	1.78303e+08	2.4093e+08	2.17869e+08	2.17534e+08	1.97219e+08	1.65099e+08	1.70996e+08	1.66141e+08	1.64982e+08	1.66138e+08	1.90089e+08	1.97394e+08	1.9402e+08	1.75858e+08	1.51413e+08	1.87009e+08	1.9606e+08	2.23659e+08	1.92183e+08	1.89396e+08	1.92782e+08	1.61572e+08	2.33544e+08	2.40385e+08	2.43051e+08	2.48231e+08	2.4872e+08	2.19102e+08	1.33582e+08	1.25701e+08	1.86636e+08	1.99457e+08	2.17101e+08	1.34011e+08	1.43133e+08	1.45581e+08	1.69342e+08	1.68681e+08	1.42514e+08	1.6858e+08	1.82217e+08	1.8487e+08	1.43281e+08	1.42136e+08	1.84336e+08	1.48469e+08	1.29604e+08	1.2404e+08	1.60897e+08	1.5895e+08	1.24946e+08	1.60908e+08	1.60498e+08	1.41949e+08	1.70815e+08	1.51823e+08	1.99908e+08	1.36733e+08
ERR637122	2.45649e+08	2.92898e+08	2.90685e+08	2.93859e+08	2.49029e+08	2.5226e+08	2.85683e+08	2.21108e+08	3.21935e+08	2.18029e+08	2.80906e+08	3.13513e+08	2.32125e+08	3.28644e+08	2.94493e+08	3.26298e+08	2.98253e+08	2.29129e+08	2.98248e+08	3.50808e+08	3.48785e+08	3.39919e+08	3.50705e+08	3.3575e+08	2.32481e+08	1.84128e+08	2.65317e+08	2.36577e+08	2.72659e+08	2.59053e+08	5.55172e+08	4.12576e+08	4.10332e+08	3.96176e+08	3.80537e+08	3.98101e+08	2.7603e+08	2.70221e+08	2.23149e+08	3.02178e+08	2.7211e+08	2.71913e+08	2.35395e+08	1.96214e+08	2.03608e+08	1.97058e+08	1.9632e+08	1.97585e+08	2.28446e+08	2.37754e+08	2.337e+08	2.11921e+08	1.80966e+08	2.25118e+08	2.42026e+08	2.7629e+08	2.36811e+08	2.33171e+08	2.3766e+08	2.00071e+08	2.82751e+08	2.91308e+08	2.94307e+08	3.00376e+08	3.01248e+08	2.64946e+08	1.61958e+08	1.52414e+08	2.27567e+08	2.43211e+08	2.64112e+08	1.62584e+08	1.71071e+08	1.74217e+08	2.03953e+08	2.03087e+08	1.70386e+08	2.0307e+08	2.17595e+08	2.21117e+08	1.70735e+08	1.68987e+08	2.20287e+08	1.77049e+08	1.57671e+08	1.50703e+08	1.96268e+08	1.93633e+08	1.51907e+08	1.96105e+08	1.9649e+08	1.7342e+08	2.0919e+08	1.85369e+08	2.4489e+08	1.67592e+08
ERR637119	2.53082e+08	3.01289e+08	2.98824e+08	3.02117e+08	2.56219e+08	2.59707e+08	2.92924e+08	2.26434e+08	3.30289e+08	2.23234e+08	2.88251e+08	3.21605e+08	2.38054e+08	3.37355e+08	3.02325e+08	3.34557e+08	3.06106e+08	2.34779e+08	3.06087e+08	3.6001e+08	3.58167e+08	3.48576e+08	3.60151e+08	3.44706e+08	2.39108e+08	1.89581e+08	2.72495e+08	2.43295e+08	2.80241e+08	2.66382e+08	4.12576e+08	5.82067e+08	4.22038e+08	4.04942e+08	3.91286e+08	4.06938e+08	2.83291e+08	2.77157e+08	2.29259e+08	3.09955e+08	2.79135e+08	2.78873e+08	2.42276e+08	2.02161e+08	2.0969e+08	2.02869e+08	2.02213e+08	2.03465e+08	2.3501e+08	2.44915e+08	2.40686e+08	2.18426e+08	1.86071e+08	2.31707e+08	2.49154e+08	2.84342e+08	2.4363e+08	2.3984e+08	2.44316e+08	2.06142e+08	2.90542e+08	2.99558e+08	3.02505e+08	3.08525e+08	3.09747e+08	2.72687e+08	1.6721e+08	1.57388e+08	2.34837e+08	2.50881e+08	2.72067e+08	1.67842e+08	1.7654e+08	1.79838e+08	2.10728e+08	2.09718e+08	1.75799e+08	2.09801e+08	2.248e+08	2.28289e+08	1.76519e+08	1.74486e+08	2.27445e+08	1.8296e+08	1.62711e+08	1.55356e+08	2.02361e+08	1.99695e+08	1.56938e+08	2.02262e+08	2.03118e+08	1.79429e+08	2.1647e+08	1.91877e+08	2.5316e+08	1.73466e+08
ERR637118	2.51373e+08	2.99996e+08	2.97874e+08	3.01018e+08	2.55115e+08	2.58315e+08	2.92522e+08	2.26508e+08	3.29735e+08	2.23398e+08	2.87921e+08	3.21196e+08	2.37645e+08	3.36037e+08	3.01251e+08	3.33705e+08	3.05138e+08	2.34443e+08	3.04992e+08	3.58316e+08	3.56446e+08	3.47427e+08	3.58372e+08	3.4318e+08	2.37819e+08	1.87998e+08	2.71569e+08	2.42014e+08	2.78957e+08	2.65122e+08	4.10332e+08	4.22038e+08	5.768e+08	4.02968e+08	3.89397e+08	4.04715e+08	2.82283e+08	2.76299e+08	2.27941e+08	3.08866e+08	2.78219e+08	2.77927e+08	2.41462e+08	2.01181e+08	2.08761e+08	2.02085e+08	2.01239e+08	2.02605e+08	2.34531e+08	2.44125e+08	2.39871e+08	2.17457e+08	1.85805e+08	2.31e+08	2.48099e+08	2.831e+08	2.42621e+08	2.38904e+08	2.43315e+08	2.04869e+08	2.89016e+08	2.97778e+08	3.00623e+08	3.07055e+08	3.07853e+08	2.70767e+08	1.65847e+08	1.56186e+08	2.33208e+08	2.49118e+08	2.70827e+08	1.66443e+08	1.75534e+08	1.78751e+08	2.09083e+08	2.08194e+08	1.74869e+08	2.0833e+08	2.23189e+08	2.26812e+08	1.75172e+08	1.73367e+08	2.26027e+08	1.81509e+08	1.61509e+08	1.54254e+08	2.01167e+08	1.98345e+08	1.55736e+08	2.00884e+08	2.01474e+08	1.77875e+08	2.14421e+08	1.90152e+08	2.51215e+08	1.7179e+08
