	ERR612638	ERR612639	ERR612640	ERR612642	ERR612641	ERR612637	ERR608374	ERR608375	ERR608373	ERR608376	ERR608372	ERR608371	ERR629704	ERR629705	ERR629708	ERR629706	ERR629707	ERR629709	ERR636946	ERR636947	ERR636943	ERR636948	ERR636945	ERR636944	ERR613447	ERR613446	ERR613443	ERR613448	ERR613445	ERR613444	ERR613219	ERR613217	ERR613220	ERR613215	ERR613216	ERR613218	ERR637113	ERR637116	ERR637115	ERR637114	ERR637111	ERR637112	ERR617184	ERR617183	ERR617182	ERR617181	ERR617179	ERR617180	ERR613316	ERR613311	ERR613314	ERR613312	ERR613313	ERR613315	ERR618117	ERR618118	ERR618116	ERR618119	ERR618115	ERR618120	ERR612277	ERR612278	ERR612275	ERR612280	ERR612276	ERR612279	ERR608855	ERR608856	ERR608857	ERR608853	ERR608854	ERR608858	ERR626708	ERR626706	ERR626707	ERR626709	ERR626704	ERR626705	ERR614947	ERR614946	ERR614948	ERR614945	ERR614944	ERR614943	ERR629758	ERR629759	ERR629763	ERR629761	ERR629760	ERR629762	ERR617049	ERR617048	ERR617047	ERR617045	ERR617046	ERR617050
ERR612638	3.81629e+08	3.24168e+08	2.83368e+08	2.79221e+08	2.84296e+08	3.45431e+08	1.92313e+08	1.95808e+08	2.35096e+08	1.9762e+08	2.3504e+08	2.1542e+08	2.31398e+08	1.94031e+08	2.43315e+08	1.93165e+08	2.43729e+08	2.48908e+08	2.6166e+08	2.63088e+08	2.22641e+08	2.64764e+08	2.43916e+08	2.41301e+08	2.26757e+08	2.20422e+08	2.79131e+08	1.83911e+08	2.55681e+08	2.34159e+08	1.7332e+08	2.18954e+08	1.72255e+08	2.49874e+08	2.32958e+08	1.65511e+08	2.21213e+08	2.23803e+08	2.26397e+08	2.25172e+08	2.1175e+08	2.35557e+08	1.49968e+08	1.92005e+08	1.90111e+08	1.63896e+08	1.52538e+08	1.6367e+08	1.28376e+08	1.88813e+08	1.55629e+08	1.60348e+08	1.76581e+08	1.59162e+08	1.46084e+08	1.89016e+08	1.3895e+08	1.88266e+08	1.17073e+08	1.9147e+08	1.32216e+08	1.47705e+08	1.62935e+08	1.37971e+08	1.33967e+08	1.3602e+08	1.5189e+08	1.44026e+08	1.4342e+08	9.98623e+07	1.42454e+08	1.4378e+08	1.64075e+08	1.45261e+08	1.60465e+08	1.62151e+08	1.97923e+08	1.73834e+08	1.78233e+08	1.79776e+08	1.83057e+08	1.42774e+08	1.49739e+08	1.44422e+08	2.1727e+08	1.85158e+08	2.30211e+08	2.28237e+08	1.82262e+08	2.28225e+08	1.67956e+08	1.71348e+08	1.99201e+08	1.8848e+08	1.94081e+08	1.73088e+08
ERR612639	3.24168e+08	5.47579e+08	3.47378e+08	3.41988e+08	3.48656e+08	4.265e+08	2.42264e+08	2.46616e+08	2.96937e+08	2.48955e+08	2.96658e+08	2.71828e+08	2.92017e+08	2.44694e+08	3.07305e+08	2.43497e+08	3.0802e+08	3.14575e+08	3.3021e+08	3.31793e+08	2.80392e+08	3.34175e+08	3.0746e+08	3.04113e+08	2.79548e+08	2.71317e+08	3.46305e+08	2.25447e+08	3.16646e+08	2.8909e+08	2.11425e+08	2.69293e+08	2.10241e+08	3.08278e+08	2.86903e+08	2.01614e+08	2.7876e+08	2.82072e+08	2.85281e+08	2.83765e+08	2.6672e+08	2.96882e+08	1.89159e+08	2.41921e+08	2.39288e+08	2.06146e+08	1.92081e+08	2.0593e+08	1.56537e+08	2.33293e+08	1.91065e+08	1.97283e+08	2.17905e+08	1.95509e+08	1.82678e+08	2.36965e+08	1.73874e+08	2.36121e+08	1.46299e+08	2.40284e+08	1.66174e+08	1.86474e+08	2.04723e+08	1.74228e+08	1.68379e+08	1.71619e+08	1.93328e+08	1.83177e+08	1.82329e+08	1.27068e+08	1.81321e+08	1.82998e+08	2.07818e+08	1.84225e+08	2.03303e+08	2.05411e+08	2.51111e+08	2.20416e+08	2.25973e+08	2.28066e+08	2.32331e+08	1.80989e+08	1.89824e+08	1.83445e+08	2.73886e+08	2.33152e+08	2.90731e+08	2.87959e+08	2.29529e+08	2.88001e+08	2.13601e+08	2.17882e+08	2.52988e+08	2.39734e+08	2.46512e+08	2.2028e+08
ERR612640	2.83368e+08	3.47378e+08	4.31525e+08	3.00956e+08	3.06573e+08	3.70849e+08	2.09311e+08	2.13141e+08	2.55707e+08	2.15234e+08	2.5583e+08	2.34335e+08	2.51334e+08	2.10659e+08	2.64256e+08	2.09656e+08	2.64867e+08	2.70285e+08	2.83885e+08	2.85459e+08	2.41385e+08	2.87404e+08	2.64598e+08	2.61978e+08	2.44154e+08	2.37153e+08	3.00958e+08	1.97304e+08	2.75424e+08	2.51895e+08	1.86186e+08	2.36051e+08	1.85015e+08	2.70056e+08	2.51359e+08	1.77607e+08	2.40312e+08	2.43257e+08	2.45923e+08	2.44661e+08	2.29994e+08	2.56047e+08	1.62932e+08	2.08966e+08	2.06914e+08	1.7833e+08	1.65679e+08	1.78135e+08	1.37381e+08	2.03057e+08	1.67141e+08	1.72055e+08	1.89678e+08	1.70972e+08	1.6176e+08	2.04892e+08	1.53799e+08	2.04238e+08	1.29478e+08	2.07804e+08	1.45714e+08	1.61977e+08	1.79812e+08	1.51376e+08	1.47836e+08	1.48939e+08	1.65775e+08	1.57001e+08	1.56303e+08	1.08618e+08	1.5519e+08	1.5672e+08	1.7856e+08	1.57931e+08	1.74677e+08	1.76443e+08	2.15325e+08	1.8911e+08	1.93919e+08	1.95581e+08	1.99162e+08	1.55194e+08	1.62796e+08	1.57061e+08	2.36009e+08	2.0086e+08	2.50292e+08	2.47937e+08	1.9783e+08	2.48046e+08	1.82593e+08	1.86346e+08	2.16987e+08	2.05182e+08	2.11393e+08	1.88172e+08
ERR612642	2.79221e+08	3.41988e+08	3.00956e+08	4.1988e+08	3.0182e+08	3.64972e+08	2.05079e+08	2.08843e+08	2.50529e+08	2.1095e+08	2.50756e+08	2.2954e+08	2.46506e+08	2.06566e+08	2.5924e+08	2.05739e+08	2.5992e+08	2.65197e+08	2.78734e+08	2.80066e+08	2.37085e+08	2.82124e+08	2.59779e+08	2.57174e+08	2.40108e+08	2.33196e+08	2.95785e+08	1.94027e+08	2.707e+08	2.47545e+08	1.83555e+08	2.32502e+08	1.82483e+08	2.65924e+08	2.4757e+08	1.75126e+08	2.35811e+08	2.38841e+08	2.41501e+08	2.40293e+08	2.25623e+08	2.51331e+08	1.59684e+08	2.04962e+08	2.02816e+08	1.74826e+08	1.6246e+08	1.7471e+08	1.35421e+08	2.0002e+08	1.64746e+08	1.69561e+08	1.86794e+08	1.68448e+08	1.59073e+08	2.0131e+08	1.51176e+08	2.00715e+08	1.27365e+08	2.04239e+08	1.43189e+08	1.59172e+08	1.76745e+08	1.48642e+08	1.45093e+08	1.46422e+08	1.6279e+08	1.54155e+08	1.53458e+08	1.06653e+08	1.52492e+08	1.5397e+08	1.7508e+08	1.54706e+08	1.71306e+08	1.73008e+08	2.11254e+08	1.85345e+08	1.90414e+08	1.92064e+08	1.95649e+08	1.52465e+08	1.59827e+08	1.54273e+08	2.31452e+08	1.96944e+08	2.45552e+08	2.43363e+08	1.94145e+08	2.43266e+08	1.7911e+08	1.82731e+08	2.12839e+08	2.01227e+08	2.07453e+08	1.84553e+08
ERR612641	2.84296e+08	3.48656e+08	3.06573e+08	3.0182e+08	4.3337e+08	3.72012e+08	2.09191e+08	2.13093e+08	2.55726e+08	2.15162e+08	2.55864e+08	2.34332e+08	2.51635e+08	2.10845e+08	2.64676e+08	2.10082e+08	2.65267e+08	2.70677e+08	2.84369e+08	2.85732e+08	2.41764e+08	2.87756e+08	2.64784e+08	2.62199e+08	2.44292e+08	2.37394e+08	3.01298e+08	1.97637e+08	2.75794e+08	2.52146e+08	1.86327e+08	2.36339e+08	1.85384e+08	2.70075e+08	2.51412e+08	1.77856e+08	2.40676e+08	2.43678e+08	2.46287e+08	2.44985e+08	2.30252e+08	2.56257e+08	1.62925e+08	2.09045e+08	2.06886e+08	1.78235e+08	1.65776e+08	1.78178e+08	1.37724e+08	2.03646e+08	1.67442e+08	1.72551e+08	1.90185e+08	1.71369e+08	1.6124e+08	2.04926e+08	1.53355e+08	2.04183e+08	1.29184e+08	2.07781e+08	1.45459e+08	1.61981e+08	1.7937e+08	1.51272e+08	1.47389e+08	1.48986e+08	1.66046e+08	1.5732e+08	1.56535e+08	1.08887e+08	1.55549e+08	1.56997e+08	1.78613e+08	1.57826e+08	1.74645e+08	1.76473e+08	2.15528e+08	1.89114e+08	1.94168e+08	1.95932e+08	1.99603e+08	1.55553e+08	1.63082e+08	1.57333e+08	2.36204e+08	2.01063e+08	2.50443e+08	2.48211e+08	1.9798e+08	2.48137e+08	1.82908e+08	1.86644e+08	2.17234e+08	2.05541e+08	2.11616e+08	1.88391e+08
ERR612637	3.45431e+08	4.265e+08	3.70849e+08	3.64972e+08	3.72012e+08	6.17729e+08	2.61106e+08	2.66162e+08	3.19559e+08	2.68741e+08	3.2005e+08	2.92659e+08	3.13704e+08	2.62392e+08	3.3e+08	2.61333e+08	3.30798e+08	3.3774e+08	3.55193e+08	3.56891e+08	3.01439e+08	3.59437e+08	3.30733e+08	3.2749e+08	2.98757e+08	2.90077e+08	3.70349e+08	2.39815e+08	3.38017e+08	3.08317e+08	2.26708e+08	2.89755e+08	2.25313e+08	3.32787e+08	3.0894e+08	2.15864e+08	2.99981e+08	3.03723e+08	3.07164e+08	3.05582e+08	2.87062e+08	3.20015e+08	2.027e+08	2.60949e+08	2.58239e+08	2.22353e+08	2.06501e+08	2.2207e+08	1.66554e+08	2.49592e+08	2.04258e+08	2.10285e+08	2.32488e+08	2.08988e+08	2.03528e+08	2.54788e+08	1.93408e+08	2.54039e+08	1.62539e+08	2.58503e+08	1.83406e+08	2.03585e+08	2.26788e+08	1.90062e+08	1.85945e+08	1.87158e+08	2.09042e+08	1.97934e+08	1.96873e+08	1.3655e+08	1.95577e+08	1.9738e+08	2.24569e+08	1.98149e+08	2.1962e+08	2.21812e+08	2.7108e+08	2.37884e+08	2.43642e+08	2.4575e+08	2.50321e+08	1.95032e+08	2.04439e+08	1.97231e+08	2.94878e+08	2.5057e+08	3.12855e+08	3.10003e+08	2.46638e+08	3.09973e+08	2.29512e+08	2.34146e+08	2.7309e+08	2.58125e+08	2.65987e+08	2.364e+08
ERR608374	1.92313e+08	2.42264e+08	2.09311e+08	2.05079e+08	2.09191e+08	2.61106e+08	3.63081e+08	2.47419e+08	2.93663e+08	2.49831e+08	2.94625e+08	2.70213e+08	2.60598e+08	2.18864e+08	2.73778e+08	2.18249e+08	2.74792e+08	2.80125e+08	2.65569e+08	2.67011e+08	2.25521e+08	2.68788e+08	2.47424e+08	2.45003e+08	2.15141e+08	2.08979e+08	2.70186e+08	1.69367e+08	2.44947e+08	2.22491e+08	1.40202e+08	1.86115e+08	1.39945e+08	2.17421e+08	2.00022e+08	1.32441e+08	2.40159e+08	2.43265e+08	2.4634e+08	2.44669e+08	2.30263e+08	2.56114e+08	1.65213e+08	2.12586e+08	2.10306e+08	1.81403e+08	1.68441e+08	1.81239e+08	1.0243e+08	1.62823e+08	1.29981e+08	1.34238e+08	1.50488e+08	1.33618e+08	1.67545e+08	1.92985e+08	1.5933e+08	1.93139e+08	1.33606e+08	1.96472e+08	1.38912e+08	1.50847e+08	1.7197e+08	1.41048e+08	1.40916e+08	1.38646e+08	1.64789e+08	1.56046e+08	1.55136e+08	1.07339e+08	1.54104e+08	1.55738e+08	1.77824e+08	1.56997e+08	1.73933e+08	1.75571e+08	2.14245e+08	1.88228e+08	1.86495e+08	1.87984e+08	1.91498e+08	1.49188e+08	1.56289e+08	1.50756e+08	2.32285e+08	1.97462e+08	2.46067e+08	2.4399e+08	1.94384e+08	2.43808e+08	1.79409e+08	1.82917e+08	2.13524e+08	2.01989e+08	2.08146e+08	1.84556e+08
ERR608375	1.95808e+08	2.46616e+08	2.13141e+08	2.08843e+08	2.13093e+08	2.66162e+08	2.47419e+08	3.75628e+08	2.99435e+08	2.55178e+08	3.00798e+08	2.75467e+08	2.65317e+08	2.22509e+08	2.78749e+08	2.22001e+08	2.79849e+08	2.8493e+08	2.70605e+08	2.71869e+08	2.29637e+08	2.73701e+08	2.51986e+08	2.49653e+08	2.19075e+08	2.1272e+08	2.75109e+08	1.72106e+08	2.49318e+08	2.26253e+08	1.43122e+08	1.89969e+08	1.42762e+08	2.22397e+08	2.04471e+08	1.35165e+08	2.44563e+08	2.47907e+08	2.50997e+08	2.49476e+08	2.34567e+08	2.61071e+08	1.68002e+08	2.16892e+08	2.1453e+08	1.85069e+08	1.71537e+08	1.84861e+08	1.04482e+08	1.66131e+08	1.32777e+08	1.36801e+08	1.5331e+08	1.36378e+08	1.74186e+08	1.96692e+08	1.65616e+08	1.96826e+08	1.38742e+08	2.00436e+08	1.43199e+08	1.54971e+08	1.77666e+08	1.44739e+08	1.45224e+08	1.42373e+08	1.68314e+08	1.59138e+08	1.58478e+08	1.09218e+08	1.57293e+08	1.58989e+08	1.81739e+08	1.6006e+08	1.77727e+08	1.79347e+08	2.18665e+08	1.92093e+08	1.90268e+08	1.91952e+08	1.95495e+08	1.52278e+08	1.5941e+08	1.53752e+08	2.36775e+08	2.01193e+08	2.50903e+08	2.48825e+08	1.98168e+08	2.48738e+08	1.82653e+08	1.86168e+08	2.18077e+08	2.05942e+08	2.12349e+08	1.87872e+08
ERR608373	2.35096e+08	2.96937e+08	2.55707e+08	2.50529e+08	2.55726e+08	3.19559e+08	2.93663e+08	2.99435e+08	5.10175e+08	3.02289e+08	3.60079e+08	3.30021e+08	3.18436e+08	2.67034e+08	3.352e+08	2.66123e+08	3.36205e+08	3.43035e+08	3.25894e+08	3.27619e+08	2.75962e+08	3.29886e+08	3.03133e+08	2.99756e+08	2.62373e+08	2.546e+08	3.30777e+08	2.06749e+08	2.99891e+08	2.71979e+08	1.70404e+08	2.26306e+08	1.69997e+08	2.64245e+08	2.43363e+08	1.60972e+08	2.93325e+08	2.96662e+08	3.00553e+08	2.98538e+08	2.80791e+08	3.12563e+08	2.02597e+08	2.59557e+08	2.56644e+08	2.21181e+08	2.05744e+08	2.21047e+08	1.28125e+08	2.03122e+08	1.61926e+08	1.67683e+08	1.87966e+08	1.66528e+08	1.99169e+08	2.37917e+08	1.89474e+08	2.37675e+08	1.5881e+08	2.41959e+08	1.67832e+08	1.84983e+08	2.07417e+08	1.72899e+08	1.70036e+08	1.70042e+08	2.04952e+08	1.93975e+08	1.92991e+08	1.34171e+08	1.91848e+08	1.93714e+08	2.18864e+08	1.93644e+08	2.14311e+08	2.16369e+08	2.64407e+08	2.3219e+08	2.32664e+08	2.34582e+08	2.38917e+08	1.86034e+08	1.95022e+08	1.88413e+08	2.84196e+08	2.41408e+08	3.01736e+08	2.9906e+08	2.3765e+08	2.98847e+08	2.23124e+08	2.27585e+08	2.64723e+08	2.50952e+08	2.5805e+08	2.2988e+08
ERR608376	1.9762e+08	2.48955e+08	2.15234e+08	2.1095e+08	2.15162e+08	2.68741e+08	2.49831e+08	2.55178e+08	3.02289e+08	3.8205e+08	3.03655e+08	2.78146e+08	2.67769e+08	2.246e+08	2.81336e+08	2.23995e+08	2.82411e+08	2.87687e+08	2.7301e+08	2.74314e+08	2.31633e+08	2.76221e+08	2.54058e+08	2.51971e+08	2.21195e+08	2.14778e+08	2.77721e+08	1.7368e+08	2.51578e+08	2.28383e+08	1.44648e+08	1.92015e+08	1.44301e+08	2.24843e+08	2.06594e+08	1.36561e+08	2.46925e+08	2.5039e+08	2.53444e+08	2.51906e+08	2.36781e+08	2.635e+08	1.6956e+08	2.19028e+08	2.16755e+08	1.86892e+08	1.73227e+08	1.86604e+08	1.05471e+08	1.67763e+08	1.34041e+08	1.38169e+08	1.54829e+08	1.37863e+08	1.76144e+08	1.98424e+08	1.67417e+08	1.98483e+08	1.40277e+08	2.02312e+08	1.44925e+08	1.5652e+08	1.7981e+08	1.463e+08	1.46919e+08	1.43869e+08	1.70083e+08	1.60775e+08	1.59943e+08	1.10277e+08	1.58894e+08	1.60557e+08	1.83375e+08	1.61359e+08	1.79408e+08	1.80987e+08	2.20757e+08	1.93881e+08	1.92122e+08	1.93848e+08	1.97362e+08	1.53783e+08	1.61031e+08	1.55337e+08	2.38933e+08	2.03023e+08	2.53312e+08	2.51282e+08	2.00012e+08	2.51207e+08	1.84173e+08	1.8803e+08	2.20168e+08	2.07888e+08	2.14569e+08	1.89742e+08
ERR608372	2.3504e+08	2.96658e+08	2.5583e+08	2.50756e+08	2.55864e+08	3.2005e+08	2.94625e+08	3.00798e+08	3.60079e+08	3.03655e+08	5.11474e+08	3.30531e+08	3.18347e+08	2.66555e+08	3.34691e+08	2.65664e+08	3.35926e+08	3.42417e+08	3.24934e+08	3.26593e+08	2.75247e+08	3.28767e+08	3.02364e+08	2.99312e+08	2.62758e+08	2.54994e+08	3.30833e+08	2.06347e+08	2.99663e+08	2.71786e+08	1.715e+08	2.28063e+08	1.71013e+08	2.66958e+08	2.45434e+08	1.61878e+08	2.93129e+08	2.96943e+08	3.00715e+08	2.98806e+08	2.8082e+08	3.12938e+08	2.02053e+08	2.60208e+08	2.57442e+08	2.21743e+08	2.05968e+08	2.21478e+08	1.27283e+08	2.02415e+08	1.61431e+08	1.66738e+08	1.86787e+08	1.65927e+08	2.06349e+08	2.37271e+08	1.96262e+08	2.3732e+08	1.64336e+08	2.41694e+08	1.72252e+08	1.87757e+08	2.1329e+08	1.75291e+08	1.74697e+08	1.72503e+08	2.04586e+08	1.93433e+08	1.92491e+08	1.33046e+08	1.91343e+08	1.93164e+08	2.18872e+08	1.92999e+08	2.14185e+08	2.16094e+08	2.64074e+08	2.31792e+08	2.31612e+08	2.33602e+08	2.37821e+08	1.85274e+08	1.94091e+08	1.87209e+08	2.84029e+08	2.41113e+08	3.01463e+08	2.98904e+08	2.37468e+08	2.98697e+08	2.21996e+08	2.26345e+08	2.64447e+08	2.50064e+08	2.57808e+08	2.28566e+08
ERR608371	2.1542e+08	2.71828e+08	2.34335e+08	2.2954e+08	2.34332e+08	2.92659e+08	2.70213e+08	2.75467e+08	3.30021e+08	2.78146e+08	3.30531e+08	4.39329e+08	2.92235e+08	2.45281e+08	3.07277e+08	2.44375e+08	3.08465e+08	3.14405e+08	2.98282e+08	2.99698e+08	2.52857e+08	3.01754e+08	2.77659e+08	2.74497e+08	2.40875e+08	2.33841e+08	3.03238e+08	1.89779e+08	2.75116e+08	2.49473e+08	1.56644e+08	2.07896e+08	1.56265e+08	2.42811e+08	2.23477e+08	1.48042e+08	2.69185e+08	2.72253e+08	2.75771e+08	2.74048e+08	2.57916e+08	2.86748e+08	1.85679e+08	2.38094e+08	2.35546e+08	2.02907e+08	1.8877e+08	2.02773e+08	1.16264e+08	1.84608e+08	1.47119e+08	1.52227e+08	1.70644e+08	1.51269e+08	1.84236e+08	2.17135e+08	1.75249e+08	2.17219e+08	1.46971e+08	2.2111e+08	1.53878e+08	1.6883e+08	1.90283e+08	1.5786e+08	1.56059e+08	1.55162e+08	1.86401e+08	1.76436e+08	1.75579e+08	1.218e+08	1.74437e+08	1.76246e+08	2.00197e+08	1.7699e+08	1.95953e+08	1.97712e+08	2.4146e+08	2.1201e+08	2.11204e+08	2.1294e+08	2.16842e+08	1.68938e+08	1.77116e+08	1.70924e+08	2.6061e+08	2.21471e+08	2.76404e+08	2.7397e+08	2.18054e+08	2.73894e+08	2.03048e+08	2.07019e+08	2.41187e+08	2.28499e+08	2.35164e+08	2.09201e+08
ERR629704	2.31398e+08	2.92017e+08	2.51334e+08	2.46506e+08	2.51635e+08	3.13704e+08	2.60598e+08	2.65317e+08	3.18436e+08	2.67769e+08	3.18347e+08	2.92235e+08	4.80425e+08	2.84055e+08	3.5494e+08	2.83043e+08	3.5602e+08	3.63444e+08	3.22366e+08	3.23929e+08	2.73863e+08	3.26227e+08	3.00318e+08	2.96809e+08	2.53868e+08	2.46392e+08	3.20072e+08	2.00179e+08	2.90334e+08	2.63257e+08	1.73119e+08	2.28674e+08	1.72487e+08	2.65623e+08	2.45313e+08	1.63841e+08	2.91623e+08	2.9457e+08	2.98492e+08	2.96508e+08	2.7912e+08	3.10364e+08	1.97907e+08	2.52649e+08	2.49795e+08	2.15195e+08	2.00836e+08	2.15287e+08	1.21691e+08	1.92847e+08	1.53602e+08	1.5921e+08	1.78317e+08	1.57934e+08	1.80264e+08	2.28723e+08	1.71445e+08	2.28466e+08	1.44105e+08	2.32367e+08	1.566e+08	1.75284e+08	1.93043e+08	1.63896e+08	1.58663e+08	1.61193e+08	1.92436e+08	1.82213e+08	1.81458e+08	1.26591e+08	1.80474e+08	1.82092e+08	2.09848e+08	1.8607e+08	2.05335e+08	2.07323e+08	2.53401e+08	2.22489e+08	2.21302e+08	2.2304e+08	2.27167e+08	1.77188e+08	1.85867e+08	1.79392e+08	2.81559e+08	2.39786e+08	2.98927e+08	2.961e+08	2.3605e+08	2.96048e+08	2.11853e+08	2.1606e+08	2.5101e+08	2.38197e+08	2.4477e+08	2.18385e+08
ERR629705	1.94031e+08	2.44694e+08	2.10659e+08	2.06566e+08	2.10845e+08	2.62392e+08	2.18864e+08	2.22509e+08	2.67034e+08	2.246e+08	2.66555e+08	2.45281e+08	2.84055e+08	3.56886e+08	2.97664e+08	2.3833e+08	2.98611e+08	3.04814e+08	2.70258e+08	2.71717e+08	2.29992e+08	2.73573e+08	2.52057e+08	2.4899e+08	2.12739e+08	2.06365e+08	2.67727e+08	1.68338e+08	2.43316e+08	2.20937e+08	1.44873e+08	1.90825e+08	1.44337e+08	2.20894e+08	2.04435e+08	1.37258e+08	2.45042e+08	2.47478e+08	2.5057e+08	2.48912e+08	2.3467e+08	2.60251e+08	1.66264e+08	2.11094e+08	2.08837e+08	1.8013e+08	1.68325e+08	1.80191e+08	1.01053e+08	1.59888e+08	1.27311e+08	1.32201e+08	1.48214e+08	1.30815e+08	1.47946e+08	1.90967e+08	1.40729e+08	1.90613e+08	1.18285e+08	1.93862e+08	1.27944e+08	1.44124e+08	1.57474e+08	1.34776e+08	1.29629e+08	1.32555e+08	1.59581e+08	1.51231e+08	1.50681e+08	1.0551e+08	1.49778e+08	1.51124e+08	1.74754e+08	1.55238e+08	1.7085e+08	1.72599e+08	2.108e+08	1.85258e+08	1.83744e+08	1.85164e+08	1.88479e+08	1.47151e+08	1.54271e+08	1.49006e+08	2.35893e+08	2.01496e+08	2.50424e+08	2.47973e+08	1.98353e+08	2.48005e+08	1.7635e+08	1.79942e+08	2.08363e+08	1.98131e+08	2.03337e+08	1.81954e+08
ERR629708	2.43315e+08	3.07305e+08	2.64256e+08	2.5924e+08	2.64676e+08	3.3e+08	2.73778e+08	2.78749e+08	3.352e+08	2.81336e+08	3.34691e+08	3.07277e+08	3.5494e+08	2.97664e+08	5.2435e+08	2.96411e+08	3.75658e+08	3.8227e+08	3.39102e+08	3.40701e+08	2.87687e+08	3.43145e+08	3.15727e+08	3.11904e+08	2.6702e+08	2.58923e+08	3.36684e+08	2.10476e+08	3.05367e+08	2.77001e+08	1.8168e+08	2.40245e+08	1.80986e+08	2.78954e+08	2.57756e+08	1.71996e+08	3.06566e+08	3.0974e+08	3.13509e+08	3.11567e+08	2.93108e+08	3.26029e+08	2.0849e+08	2.65838e+08	2.62991e+08	2.26485e+08	2.11355e+08	2.26605e+08	1.28859e+08	2.04243e+08	1.62606e+08	1.68606e+08	1.88831e+08	1.67227e+08	1.88775e+08	2.41275e+08	1.79663e+08	2.4087e+08	1.50875e+08	2.45062e+08	1.64478e+08	1.84502e+08	2.02811e+08	1.72546e+08	1.66597e+08	1.69651e+08	2.03284e+08	1.92681e+08	1.91835e+08	1.34008e+08	1.90735e+08	1.92496e+08	2.21339e+08	1.96242e+08	2.16519e+08	2.18679e+08	2.67462e+08	2.34777e+08	2.34247e+08	2.36161e+08	2.40367e+08	1.87494e+08	1.96741e+08	1.89978e+08	2.95945e+08	2.52056e+08	3.14411e+08	3.11549e+08	2.482e+08	3.1146e+08	2.23945e+08	2.28443e+08	2.65035e+08	2.51674e+08	2.58544e+08	2.30946e+08
ERR629706	1.93165e+08	2.43497e+08	2.09656e+08	2.05739e+08	2.10082e+08	2.61333e+08	2.18249e+08	2.22001e+08	2.66123e+08	2.23995e+08	2.65664e+08	2.44375e+08	2.83043e+08	2.3833e+08	2.96411e+08	3.54645e+08	2.97489e+08	3.03598e+08	2.68884e+08	2.70217e+08	2.28774e+08	2.71943e+08	2.50727e+08	2.47695e+08	2.12066e+08	2.05706e+08	2.66864e+08	1.67659e+08	2.42344e+08	2.20055e+08	1.44589e+08	1.9039e+08	1.44075e+08	2.20617e+08	2.04174e+08	1.37052e+08	2.44153e+08	2.46577e+08	2.49885e+08	2.48213e+08	2.33908e+08	2.59337e+08	1.65387e+08	2.10708e+08	2.08312e+08	1.79579e+08	1.67714e+08	1.79613e+08	1.00319e+08	1.58948e+08	1.26479e+08	1.31298e+08	1.47032e+08	1.30062e+08	1.48313e+08	1.89875e+08	1.4112e+08	1.89614e+08	1.18659e+08	1.92778e+08	1.28062e+08	1.43805e+08	1.57875e+08	1.34538e+08	1.29825e+08	1.32247e+08	1.58582e+08	1.50311e+08	1.49681e+08	1.04602e+08	1.48937e+08	1.50134e+08	1.73954e+08	1.54312e+08	1.70126e+08	1.71679e+08	2.09655e+08	1.84288e+08	1.82538e+08	1.84013e+08	1.87465e+08	1.46101e+08	1.53395e+08	1.48007e+08	2.34931e+08	2.00604e+08	2.49296e+08	2.46858e+08	1.9746e+08	2.46837e+08	1.75072e+08	1.78482e+08	2.07176e+08	1.96575e+08	2.02025e+08	1.80453e+08
ERR629707	2.43729e+08	3.0802e+08	2.64867e+08	2.5992e+08	2.65267e+08	3.30798e+08	2.74792e+08	2.79849e+08	3.36205e+08	2.82411e+08	3.35926e+08	3.08465e+08	3.5602e+08	2.98611e+08	3.75658e+08	2.97489e+08	5.26988e+08	3.83554e+08	3.40073e+08	3.4179e+08	2.8862e+08	3.44161e+08	3.16601e+08	3.12803e+08	2.68001e+08	2.59897e+08	3.37967e+08	2.11205e+08	3.06384e+08	2.7788e+08	1.82462e+08	2.41242e+08	1.81719e+08	2.80057e+08	2.58777e+08	1.72728e+08	3.07467e+08	3.1063e+08	3.14561e+08	3.12641e+08	2.94077e+08	3.27115e+08	2.08992e+08	2.66761e+08	2.63647e+08	2.27126e+08	2.11998e+08	2.2718e+08	1.29015e+08	2.04471e+08	1.62927e+08	1.68851e+08	1.89312e+08	1.67497e+08	1.90133e+08	2.41991e+08	1.80862e+08	2.41551e+08	1.51904e+08	2.45793e+08	1.65451e+08	1.8542e+08	2.04015e+08	1.73357e+08	1.67519e+08	1.70277e+08	2.03847e+08	1.93279e+08	1.92436e+08	1.34283e+08	1.91239e+08	1.9299e+08	2.22107e+08	1.96846e+08	2.17166e+08	2.19179e+08	2.68188e+08	2.35503e+08	2.34843e+08	2.36756e+08	2.41078e+08	1.87975e+08	1.97178e+08	1.9039e+08	2.96885e+08	2.52788e+08	3.15443e+08	3.12435e+08	2.48718e+08	3.12345e+08	2.24507e+08	2.29059e+08	2.65789e+08	2.52316e+08	2.59283e+08	2.31455e+08
ERR629709	2.48908e+08	3.14575e+08	2.70285e+08	2.65197e+08	2.70677e+08	3.3774e+08	2.80125e+08	2.8493e+08	3.43035e+08	2.87687e+08	3.42417e+08	3.14405e+08	3.63444e+08	3.04814e+08	3.8227e+08	3.03598e+08	3.83554e+08	5.46283e+08	3.4726e+08	3.48929e+08	2.94603e+08	3.51212e+08	3.23403e+08	3.19374e+08	2.73231e+08	2.65017e+08	3.44723e+08	2.1547e+08	3.1275e+08	2.83484e+08	1.85781e+08	2.4562e+08	1.85195e+08	2.8528e+08	2.63539e+08	1.75773e+08	3.13586e+08	3.16753e+08	3.20835e+08	3.18777e+08	2.99921e+08	3.33573e+08	2.13386e+08	2.7217e+08	2.68958e+08	2.3169e+08	2.1642e+08	2.31665e+08	1.32029e+08	2.09157e+08	1.66472e+08	1.72653e+08	1.93573e+08	1.71244e+08	1.92809e+08	2.4712e+08	1.83413e+08	2.4679e+08	1.5408e+08	2.50987e+08	1.68117e+08	1.88962e+08	2.07269e+08	1.76694e+08	1.70316e+08	1.73778e+08	2.08368e+08	1.97358e+08	1.96582e+08	1.37195e+08	1.95453e+08	1.97182e+08	2.26756e+08	2.01002e+08	2.2168e+08	2.23942e+08	2.73957e+08	2.40393e+08	2.40005e+08	2.41855e+08	2.46424e+08	1.92036e+08	2.01624e+08	1.94603e+08	3.02828e+08	2.57872e+08	3.21797e+08	3.18801e+08	2.53812e+08	3.1862e+08	2.29466e+08	2.3402e+08	2.71549e+08	2.57864e+08	2.64868e+08	2.36585e+08
ERR636946	2.6166e+08	3.3021e+08	2.83885e+08	2.78734e+08	2.84369e+08	3.55193e+08	2.65569e+08	2.70605e+08	3.25894e+08	2.7301e+08	3.24934e+08	2.98282e+08	3.22366e+08	2.70258e+08	3.39102e+08	2.68884e+08	3.40073e+08	3.4726e+08	5.77267e+08	4.2172e+08	3.55551e+08	4.24629e+08	3.89581e+08	3.84945e+08	2.65255e+08	2.57269e+08	3.3509e+08	2.09236e+08	3.03875e+08	2.75467e+08	1.80061e+08	2.38471e+08	1.79124e+08	2.77674e+08	2.56333e+08	1.70316e+08	3.07487e+08	3.10586e+08	3.13997e+08	3.1251e+08	2.93546e+08	3.27045e+08	2.07219e+08	2.64374e+08	2.61286e+08	2.24884e+08	2.10373e+08	2.25129e+08	1.31622e+08	2.08749e+08	1.65832e+08	1.7232e+08	1.93334e+08	1.70525e+08	1.86623e+08	2.45755e+08	1.77543e+08	2.45529e+08	1.48895e+08	2.49627e+08	1.64821e+08	1.86464e+08	2.03594e+08	1.74261e+08	1.67055e+08	1.71607e+08	2.04861e+08	1.93918e+08	1.93032e+08	1.3484e+08	1.91893e+08	1.93858e+08	2.23607e+08	1.98287e+08	2.1875e+08	2.20865e+08	2.70295e+08	2.37274e+08	2.39129e+08	2.40883e+08	2.4542e+08	1.91027e+08	2.00612e+08	1.93676e+08	3.01491e+08	2.57048e+08	3.20486e+08	3.17442e+08	2.52623e+08	3.17217e+08	2.257e+08	2.30189e+08	2.66932e+08	2.53607e+08	2.60457e+08	2.32708e+08
ERR636947	2.63088e+08	3.31793e+08	2.85459e+08	2.80066e+08	2.85732e+08	3.56891e+08	2.67011e+08	2.71869e+08	3.27619e+08	2.74314e+08	3.26593e+08	2.99698e+08	3.23929e+08	2.71717e+08	3.40701e+08	2.70217e+08	3.4179e+08	3.48929e+08	4.2172e+08	5.81931e+08	3.57062e+08	4.26611e+08	3.91422e+08	3.86606e+08	2.66458e+08	2.58486e+08	3.36715e+08	2.10204e+08	3.05436e+08	2.76761e+08	1.80775e+08	2.39604e+08	1.79864e+08	2.78945e+08	2.57579e+08	1.71054e+08	3.08878e+08	3.12137e+08	3.15427e+08	3.13995e+08	2.9496e+08	3.28722e+08	2.08229e+08	2.65752e+08	2.62428e+08	2.25833e+08	2.11511e+08	2.26095e+08	1.32429e+08	2.10055e+08	1.66723e+08	1.73279e+08	1.94372e+08	1.71509e+08	1.87645e+08	2.472e+08	1.7853e+08	2.46968e+08	1.49717e+08	2.51233e+08	1.65427e+08	1.87426e+08	2.04589e+08	1.75085e+08	1.67802e+08	1.72483e+08	2.05999e+08	1.95019e+08	1.94157e+08	1.3562e+08	1.93147e+08	1.94834e+08	2.24848e+08	1.99468e+08	2.20062e+08	2.22184e+08	2.71974e+08	2.38743e+08	2.40441e+08	2.4238e+08	2.46927e+08	1.92195e+08	2.01741e+08	1.9495e+08	3.02889e+08	2.58131e+08	3.22018e+08	3.19005e+08	2.53854e+08	3.18746e+08	2.27007e+08	2.3141e+08	2.68493e+08	2.55032e+08	2.61918e+08	2.34158e+08
ERR636943	2.22641e+08	2.80392e+08	2.41385e+08	2.37085e+08	2.41764e+08	3.01439e+08	2.25521e+08	2.29637e+08	2.75962e+08	2.31633e+08	2.75247e+08	2.52857e+08	2.73863e+08	2.29992e+08	2.87687e+08	2.28774e+08	2.8862e+08	2.94603e+08	3.55551e+08	3.57062e+08	4.35509e+08	3.59461e+08	3.32097e+08	3.28327e+08	2.25119e+08	2.18493e+08	2.83765e+08	1.7775e+08	2.57431e+08	2.33593e+08	1.53103e+08	2.02622e+08	1.52483e+08	2.35545e+08	2.17581e+08	1.44919e+08	2.61572e+08	2.64457e+08	2.67262e+08	2.65912e+08	2.50113e+08	2.78213e+08	1.75286e+08	2.23734e+08	2.20828e+08	1.90254e+08	1.77936e+08	1.90449e+08	1.09946e+08	1.74542e+08	1.3858e+08	1.43952e+08	1.61419e+08	1.42549e+08	1.58749e+08	2.07282e+08	1.51075e+08	2.07042e+08	1.26745e+08	2.10632e+08	1.39003e+08	1.56928e+08	1.7192e+08	1.46674e+08	1.41072e+08	1.44382e+08	1.71551e+08	1.62498e+08	1.61636e+08	1.12715e+08	1.60639e+08	1.62341e+08	1.88509e+08	1.6712e+08	1.8435e+08	1.86229e+08	2.27687e+08	1.99878e+08	1.99927e+08	2.01536e+08	2.05165e+08	1.59921e+08	1.67756e+08	1.61918e+08	2.55571e+08	2.18147e+08	2.71154e+08	2.68804e+08	2.14526e+08	2.68624e+08	1.89298e+08	1.93043e+08	2.24147e+08	2.12739e+08	2.18747e+08	1.95296e+08
ERR636948	2.64764e+08	3.34175e+08	2.87404e+08	2.82124e+08	2.87756e+08	3.59437e+08	2.68788e+08	2.73701e+08	3.29886e+08	2.76221e+08	3.28767e+08	3.01754e+08	3.26227e+08	2.73573e+08	3.43145e+08	2.71943e+08	3.44161e+08	3.51212e+08	4.24629e+08	4.26611e+08	3.59461e+08	5.89038e+08	3.94129e+08	3.89333e+08	2.68407e+08	2.60353e+08	3.39221e+08	2.11761e+08	3.07515e+08	2.78817e+08	1.82324e+08	2.417e+08	1.81425e+08	2.81406e+08	2.59759e+08	1.72472e+08	3.11086e+08	3.14382e+08	3.17612e+08	3.16331e+08	2.97269e+08	3.31084e+08	2.09734e+08	2.67744e+08	2.6453e+08	2.2763e+08	2.12884e+08	2.27829e+08	1.33212e+08	2.11561e+08	1.6804e+08	1.74441e+08	1.956e+08	1.72723e+08	1.89304e+08	2.48851e+08	1.80028e+08	2.48639e+08	1.51073e+08	2.53005e+08	1.66945e+08	1.89e+08	2.0634e+08	1.76594e+08	1.69219e+08	1.73857e+08	2.07545e+08	1.96465e+08	1.95526e+08	1.36591e+08	1.94359e+08	1.96303e+08	2.26379e+08	2.00879e+08	2.21524e+08	2.23664e+08	2.73845e+08	2.40298e+08	2.41996e+08	2.43961e+08	2.48608e+08	1.93621e+08	2.03148e+08	1.96157e+08	3.05281e+08	2.60045e+08	3.24396e+08	3.21329e+08	2.55813e+08	3.21202e+08	2.28377e+08	2.32998e+08	2.70322e+08	2.56821e+08	2.63704e+08	2.35614e+08
ERR636945	2.43916e+08	3.0746e+08	2.64598e+08	2.59779e+08	2.64784e+08	3.30733e+08	2.47424e+08	2.51986e+08	3.03133e+08	2.54058e+08	3.02364e+08	2.77659e+08	3.00318e+08	2.52057e+08	3.15727e+08	2.50727e+08	3.16601e+08	3.23403e+08	3.89581e+08	3.91422e+08	3.32097e+08	3.94129e+08	5.09618e+08	3.59278e+08	2.46969e+08	2.39647e+08	3.11672e+08	1.94819e+08	2.82923e+08	2.56388e+08	1.677e+08	2.22147e+08	1.66829e+08	2.58198e+08	2.38627e+08	1.58693e+08	2.86685e+08	2.89676e+08	2.92836e+08	2.91406e+08	2.73851e+08	3.04985e+08	1.92629e+08	2.45778e+08	2.42638e+08	2.09048e+08	1.95514e+08	2.09112e+08	1.2172e+08	1.93251e+08	1.53503e+08	1.59416e+08	1.7875e+08	1.57814e+08	1.73969e+08	2.2831e+08	1.65646e+08	2.28171e+08	1.38813e+08	2.32043e+08	1.53221e+08	1.73367e+08	1.89443e+08	1.61899e+08	1.55294e+08	1.59464e+08	1.89547e+08	1.79509e+08	1.78656e+08	1.24774e+08	1.7769e+08	1.79376e+08	2.0779e+08	1.84358e+08	2.03344e+08	2.0539e+08	2.51207e+08	2.2052e+08	2.21174e+08	2.22958e+08	2.27197e+08	1.76842e+08	1.85709e+08	1.79348e+08	2.80758e+08	2.39423e+08	2.98142e+08	2.95415e+08	2.35464e+08	2.95209e+08	2.09337e+08	2.13565e+08	2.47718e+08	2.35156e+08	2.41678e+08	2.15834e+08
ERR636944	2.41301e+08	3.04113e+08	2.61978e+08	2.57174e+08	2.62199e+08	3.2749e+08	2.45003e+08	2.49653e+08	2.99756e+08	2.51971e+08	2.99312e+08	2.74497e+08	2.96809e+08	2.4899e+08	3.11904e+08	2.47695e+08	3.12803e+08	3.19374e+08	3.84945e+08	3.86606e+08	3.28327e+08	3.89333e+08	3.59278e+08	5.00424e+08	2.444e+08	2.37178e+08	3.0806e+08	1.92306e+08	2.79334e+08	2.53215e+08	1.66554e+08	2.20773e+08	1.65819e+08	2.57279e+08	2.37268e+08	1.57434e+08	2.83546e+08	2.86746e+08	2.89886e+08	2.88482e+08	2.71055e+08	3.02032e+08	1.89956e+08	2.43542e+08	2.40397e+08	2.07142e+08	1.93387e+08	2.07267e+08	1.19845e+08	1.90544e+08	1.51657e+08	1.57132e+08	1.7611e+08	1.55865e+08	1.75787e+08	2.25685e+08	1.67161e+08	2.25502e+08	1.40195e+08	2.29452e+08	1.54157e+08	1.73079e+08	1.90879e+08	1.6167e+08	1.56257e+08	1.59093e+08	1.87401e+08	1.77398e+08	1.76496e+08	1.22788e+08	1.75384e+08	1.77206e+08	2.05559e+08	1.8183e+08	2.01097e+08	2.0301e+08	2.48153e+08	2.17869e+08	2.18341e+08	2.20085e+08	2.24202e+08	1.74531e+08	1.83023e+08	1.76706e+08	2.77456e+08	2.36554e+08	2.94611e+08	2.92059e+08	2.3274e+08	2.91772e+08	2.06096e+08	2.10257e+08	2.44696e+08	2.32004e+08	2.38516e+08	2.1256e+08
ERR613447	2.26757e+08	2.79548e+08	2.44154e+08	2.40108e+08	2.44292e+08	2.98757e+08	2.15141e+08	2.19075e+08	2.62373e+08	2.21195e+08	2.62758e+08	2.40875e+08	2.53868e+08	2.12739e+08	2.6702e+08	2.12066e+08	2.68001e+08	2.73231e+08	2.65255e+08	2.66458e+08	2.25119e+08	2.68407e+08	2.46969e+08	2.444e+08	3.94048e+08	2.63834e+08	3.32483e+08	2.19025e+08	3.04362e+08	2.78447e+08	1.85214e+08	2.35086e+08	1.84505e+08	2.68721e+08	2.50194e+08	1.76614e+08	2.3541e+08	2.38408e+08	2.41204e+08	2.40101e+08	2.25774e+08	2.51172e+08	1.67663e+08	2.14148e+08	2.11906e+08	1.82838e+08	1.70038e+08	1.82615e+08	1.35047e+08	1.9988e+08	1.64535e+08	1.69296e+08	1.86648e+08	1.68353e+08	1.54688e+08	2.00976e+08	1.47138e+08	2.00272e+08	1.23795e+08	2.03857e+08	1.40083e+08	1.57804e+08	1.72937e+08	1.47388e+08	1.41979e+08	1.4504e+08	1.61808e+08	1.53241e+08	1.5261e+08	1.05743e+08	1.51592e+08	1.5304e+08	1.75908e+08	1.55513e+08	1.71966e+08	1.73625e+08	2.11928e+08	1.8625e+08	1.89555e+08	1.91041e+08	1.94623e+08	1.51709e+08	1.59078e+08	1.53558e+08	2.32308e+08	1.97562e+08	2.46649e+08	2.44187e+08	1.94467e+08	2.44191e+08	1.78983e+08	1.82606e+08	2.12816e+08	2.0119e+08	2.07269e+08	1.84358e+08
ERR613446	2.20422e+08	2.71317e+08	2.37153e+08	2.33196e+08	2.37394e+08	2.90077e+08	2.08979e+08	2.1272e+08	2.546e+08	2.14778e+08	2.54994e+08	2.33841e+08	2.46392e+08	2.06365e+08	2.58923e+08	2.05706e+08	2.59897e+08	2.65017e+08	2.57269e+08	2.58486e+08	2.18493e+08	2.60353e+08	2.39647e+08	2.37178e+08	2.63834e+08	3.75137e+08	3.22851e+08	2.13142e+08	2.95651e+08	2.70742e+08	1.80248e+08	2.2843e+08	1.79391e+08	2.61043e+08	2.43065e+08	1.71848e+08	2.28412e+08	2.31249e+08	2.34041e+08	2.32844e+08	2.18823e+08	2.43647e+08	1.62537e+08	2.07774e+08	2.05606e+08	1.77247e+08	1.6498e+08	1.77243e+08	1.31378e+08	1.94079e+08	1.60064e+08	1.64378e+08	1.81312e+08	1.63592e+08	1.50167e+08	1.94908e+08	1.42839e+08	1.94295e+08	1.20127e+08	1.97646e+08	1.3569e+08	1.52783e+08	1.67651e+08	1.42729e+08	1.37633e+08	1.40454e+08	1.56604e+08	1.48426e+08	1.47756e+08	1.0234e+08	1.46682e+08	1.48137e+08	1.70165e+08	1.50391e+08	1.66387e+08	1.67975e+08	2.05122e+08	1.80186e+08	1.83316e+08	1.85013e+08	1.88523e+08	1.46864e+08	1.53874e+08	1.48655e+08	2.25071e+08	1.91362e+08	2.38788e+08	2.36514e+08	1.88444e+08	2.3637e+08	1.73036e+08	1.76552e+08	2.05796e+08	1.94626e+08	2.00565e+08	1.78261e+08
ERR613443	2.79131e+08	3.46305e+08	3.00958e+08	2.95785e+08	3.01298e+08	3.70349e+08	2.70186e+08	2.75109e+08	3.30777e+08	2.77721e+08	3.30833e+08	3.03238e+08	3.20072e+08	2.67727e+08	3.36684e+08	2.66864e+08	3.37967e+08	3.44723e+08	3.3509e+08	3.36715e+08	2.83765e+08	3.39221e+08	3.11672e+08	3.0806e+08	3.32483e+08	3.22851e+08	5.68921e+08	2.67217e+08	3.77175e+08	3.44518e+08	2.25344e+08	2.88149e+08	2.24288e+08	3.30407e+08	3.07334e+08	2.14621e+08	2.95994e+08	2.99463e+08	3.03356e+08	3.01737e+08	2.83616e+08	3.15794e+08	2.10231e+08	2.68269e+08	2.65507e+08	2.2855e+08	2.13184e+08	2.28583e+08	1.65505e+08	2.47968e+08	2.02589e+08	2.09124e+08	2.31317e+08	2.0759e+08	1.91121e+08	2.52326e+08	1.81632e+08	2.51469e+08	1.52595e+08	2.5588e+08	1.7398e+08	1.97556e+08	2.14784e+08	1.84583e+08	1.76581e+08	1.81677e+08	2.06113e+08	1.95318e+08	1.94552e+08	1.3512e+08	1.93123e+08	1.94981e+08	2.23058e+08	1.97391e+08	2.18049e+08	2.2014e+08	2.69141e+08	2.36422e+08	2.4086e+08	2.42907e+08	2.47517e+08	1.92792e+08	2.02283e+08	1.95262e+08	2.9263e+08	2.48536e+08	3.10832e+08	3.07644e+08	2.44645e+08	3.07781e+08	2.2765e+08	2.32306e+08	2.70118e+08	2.55874e+08	2.63359e+08	2.34502e+08
ERR613448	1.83911e+08	2.25447e+08	1.97304e+08	1.94027e+08	1.97637e+08	2.39815e+08	1.69367e+08	1.72106e+08	2.06749e+08	1.7368e+08	2.06347e+08	1.89779e+08	2.00179e+08	1.68338e+08	2.10476e+08	1.67659e+08	2.11205e+08	2.1547e+08	2.09236e+08	2.10204e+08	1.7775e+08	2.11761e+08	1.94819e+08	1.92306e+08	2.19025e+08	2.13142e+08	2.67217e+08	2.74893e+08	2.45731e+08	2.25453e+08	1.50787e+08	1.8906e+08	1.50021e+08	2.14355e+08	2.00451e+08	1.44258e+08	1.85564e+08	1.87406e+08	1.89832e+08	1.88714e+08	1.77837e+08	1.97346e+08	1.33633e+08	1.6878e+08	1.67114e+08	1.44164e+08	1.34793e+08	1.44419e+08	1.11566e+08	1.62019e+08	1.33961e+08	1.38198e+08	1.51998e+08	1.3697e+08	1.15587e+08	1.59292e+08	1.09911e+08	1.5842e+08	9.27201e+07	1.61116e+08	1.04637e+08	1.20211e+08	1.28717e+08	1.12385e+08	1.05969e+08	1.10659e+08	1.26043e+08	1.1969e+08	1.19038e+08	8.33719e+07	1.18359e+08	1.1951e+08	1.36901e+08	1.21628e+08	1.33909e+08	1.35255e+08	1.6514e+08	1.45211e+08	1.48725e+08	1.49949e+08	1.52841e+08	1.19082e+08	1.24997e+08	1.20815e+08	1.82442e+08	1.55712e+08	1.93835e+08	1.91783e+08	1.53137e+08	1.91905e+08	1.40415e+08	1.4322e+08	1.65784e+08	1.57378e+08	1.61668e+08	1.44807e+08
ERR613445	2.55681e+08	3.16646e+08	2.75424e+08	2.707e+08	2.75794e+08	3.38017e+08	2.44947e+08	2.49318e+08	2.99891e+08	2.51578e+08	2.99663e+08	2.75116e+08	2.90334e+08	2.43316e+08	3.05367e+08	2.42344e+08	3.06384e+08	3.1275e+08	3.03875e+08	3.05436e+08	2.57431e+08	3.07515e+08	2.82923e+08	2.79334e+08	3.04362e+08	2.95651e+08	3.77175e+08	2.45731e+08	4.85969e+08	3.15448e+08	2.06597e+08	2.63254e+08	2.05537e+08	3.00572e+08	2.80117e+08	1.97e+08	2.68663e+08	2.71583e+08	2.75077e+08	2.73308e+08	2.57399e+08	2.86204e+08	1.91554e+08	2.43366e+08	2.4084e+08	2.0747e+08	1.93662e+08	2.07502e+08	1.52241e+08	2.26602e+08	1.85457e+08	1.91611e+08	2.11802e+08	1.90034e+08	1.69875e+08	2.29124e+08	1.61468e+08	2.28209e+08	1.35851e+08	2.32149e+08	1.55282e+08	1.77549e+08	1.91261e+08	1.65928e+08	1.57464e+08	1.63346e+08	1.85882e+08	1.76302e+08	1.75584e+08	1.22455e+08	1.74469e+08	1.76111e+08	2.01663e+08	1.79006e+08	1.97299e+08	1.99076e+08	2.43433e+08	2.14032e+08	2.18018e+08	2.19702e+08	2.23895e+08	1.7448e+08	1.83171e+08	1.76793e+08	2.65486e+08	2.2601e+08	2.82237e+08	2.79185e+08	2.22276e+08	2.79174e+08	2.06408e+08	2.10551e+08	2.44197e+08	2.31692e+08	2.38153e+08	2.12814e+08
ERR613444	2.34159e+08	2.8909e+08	2.51895e+08	2.47545e+08	2.52146e+08	3.08317e+08	2.22491e+08	2.26253e+08	2.71979e+08	2.28383e+08	2.71786e+08	2.49473e+08	2.63257e+08	2.20937e+08	2.77001e+08	2.20055e+08	2.7788e+08	2.83484e+08	2.75467e+08	2.76761e+08	2.33593e+08	2.78817e+08	2.56388e+08	2.53215e+08	2.78447e+08	2.70742e+08	3.44518e+08	2.25453e+08	3.15448e+08	4.15536e+08	1.89714e+08	2.40707e+08	1.88696e+08	2.74527e+08	2.56197e+08	1.8093e+08	2.43896e+08	2.46642e+08	2.49665e+08	2.48295e+08	2.33821e+08	2.59851e+08	1.73742e+08	2.20775e+08	2.18471e+08	1.8842e+08	1.75855e+08	1.88381e+08	1.39685e+08	2.0682e+08	1.69676e+08	1.75261e+08	1.93418e+08	1.7367e+08	1.53514e+08	2.08123e+08	1.46006e+08	2.07189e+08	1.22853e+08	2.10624e+08	1.39628e+08	1.59766e+08	1.72052e+08	1.49449e+08	1.41675e+08	1.47057e+08	1.67536e+08	1.58918e+08	1.58239e+08	1.10326e+08	1.57242e+08	1.58601e+08	1.82049e+08	1.61678e+08	1.78088e+08	1.80089e+08	2.19797e+08	1.93139e+08	1.9662e+08	1.98286e+08	2.02087e+08	1.57427e+08	1.65243e+08	1.59589e+08	2.40443e+08	2.04863e+08	2.55595e+08	2.52941e+08	2.01645e+08	2.52943e+08	1.86198e+08	1.8993e+08	2.20309e+08	2.08905e+08	2.14716e+08	1.91984e+08
ERR613219	1.7332e+08	2.11425e+08	1.86186e+08	1.83555e+08	1.86327e+08	2.26708e+08	1.40202e+08	1.43122e+08	1.70404e+08	1.44648e+08	1.715e+08	1.56644e+08	1.73119e+08	1.44873e+08	1.8168e+08	1.44589e+08	1.82462e+08	1.85781e+08	1.80061e+08	1.80775e+08	1.53103e+08	1.82324e+08	1.677e+08	1.66554e+08	1.85214e+08	1.80248e+08	2.25344e+08	1.50787e+08	2.06597e+08	1.89714e+08	2.79797e+08	2.40428e+08	1.92017e+08	2.72401e+08	2.54912e+08	1.84778e+08	1.63648e+08	1.65879e+08	1.68118e+08	1.67233e+08	1.56772e+08	1.75164e+08	1.15287e+08	1.48596e+08	1.47601e+08	1.27536e+08	1.17835e+08	1.27374e+08	1.08319e+08	1.56956e+08	1.306e+08	1.33684e+08	1.46722e+08	1.33363e+08	1.18655e+08	1.4035e+08	1.12813e+08	1.40383e+08	9.46449e+07	1.43199e+08	1.07009e+08	1.15378e+08	1.32619e+08	1.07643e+08	1.08554e+08	1.06048e+08	1.17055e+08	1.10908e+08	1.10313e+08	7.61175e+07	1.09466e+08	1.1057e+08	1.24687e+08	1.09119e+08	1.2186e+08	1.22916e+08	1.50342e+08	1.31688e+08	1.3851e+08	1.39833e+08	1.42561e+08	1.11411e+08	1.1653e+08	1.1243e+08	1.75792e+08	1.49661e+08	1.8651e+08	1.85185e+08	1.47786e+08	1.84912e+08	1.27504e+08	1.30009e+08	1.52631e+08	1.43579e+08	1.48612e+08	1.31046e+08
ERR613217	2.18954e+08	2.69293e+08	2.36051e+08	2.32502e+08	2.36339e+08	2.89755e+08	1.86115e+08	1.89969e+08	2.26306e+08	1.92015e+08	2.28063e+08	2.07896e+08	2.28674e+08	1.90825e+08	2.40245e+08	1.9039e+08	2.41242e+08	2.4562e+08	2.38471e+08	2.39604e+08	2.02622e+08	2.417e+08	2.22147e+08	2.20773e+08	2.35086e+08	2.2843e+08	2.88149e+08	1.8906e+08	2.63254e+08	2.40707e+08	2.40428e+08	4.2097e+08	2.38786e+08	3.47848e+08	3.24215e+08	2.29147e+08	2.16324e+08	2.19373e+08	2.22341e+08	2.21119e+08	2.07158e+08	2.31833e+08	1.50985e+08	1.96023e+08	1.94607e+08	1.67861e+08	1.54803e+08	1.6751e+08	1.34899e+08	1.9958e+08	1.64776e+08	1.68767e+08	1.85867e+08	1.68646e+08	1.60177e+08	1.85457e+08	1.52447e+08	1.85631e+08	1.27642e+08	1.89357e+08	1.44666e+08	1.5515e+08	1.79307e+08	1.44729e+08	1.46562e+08	1.42388e+08	1.56868e+08	1.48417e+08	1.47681e+08	1.01302e+08	1.46415e+08	1.47944e+08	1.67313e+08	1.46188e+08	1.63434e+08	1.64915e+08	2.01733e+08	1.76801e+08	1.84318e+08	1.86052e+08	1.89629e+08	1.48143e+08	1.54833e+08	1.49424e+08	2.31718e+08	1.96526e+08	2.45849e+08	2.44088e+08	1.94022e+08	2.43699e+08	1.70428e+08	1.73756e+08	2.04457e+08	1.92131e+08	1.99022e+08	1.75007e+08
ERR613220	1.72255e+08	2.10241e+08	1.85015e+08	1.82483e+08	1.85384e+08	2.25313e+08	1.39945e+08	1.42762e+08	1.69997e+08	1.44301e+08	1.71013e+08	1.56265e+08	1.72487e+08	1.44337e+08	1.80986e+08	1.44075e+08	1.81719e+08	1.85195e+08	1.79124e+08	1.79864e+08	1.52483e+08	1.81425e+08	1.66829e+08	1.65819e+08	1.84505e+08	1.79391e+08	2.24288e+08	1.50021e+08	2.05537e+08	1.88696e+08	1.92017e+08	2.38786e+08	2.77145e+08	2.70857e+08	2.53328e+08	1.83636e+08	1.63043e+08	1.65291e+08	1.6741e+08	1.66522e+08	1.56146e+08	1.74445e+08	1.1481e+08	1.48222e+08	1.47185e+08	1.27195e+08	1.17399e+08	1.2694e+08	1.07676e+08	1.56108e+08	1.29969e+08	1.32904e+08	1.45768e+08	1.3274e+08	1.18634e+08	1.3982e+08	1.12949e+08	1.39828e+08	9.47113e+07	1.42617e+08	1.07074e+08	1.15245e+08	1.32714e+08	1.07417e+08	1.08641e+08	1.05829e+08	1.1652e+08	1.10384e+08	1.09729e+08	7.5652e+07	1.08932e+08	1.10084e+08	1.24214e+08	1.08614e+08	1.21311e+08	1.22416e+08	1.49644e+08	1.31145e+08	1.37929e+08	1.39228e+08	1.42013e+08	1.1097e+08	1.1606e+08	1.11877e+08	1.75147e+08	1.48989e+08	1.85601e+08	1.84349e+08	1.47164e+08	1.84088e+08	1.26651e+08	1.29193e+08	1.51758e+08	1.42653e+08	1.47861e+08	1.30217e+08
