	ERR608869	ERR608870	ERR608865	ERR608866	ERR608868	ERR608867	ERR613360	ERR613364	ERR613363	ERR613362	ERR613361	ERR613359	ERR626766	ERR626765	ERR626769	ERR626770	ERR626768	ERR626767	ERR608758	ERR608757	ERR608760	ERR608762	ERR608761	ERR608759	ERR637122	ERR637119	ERR637118	ERR637120	ERR637117	ERR637121	ERR621924	ERR621920	ERR621922	ERR621923	ERR621919	ERR621921	ERR608389	ERR608391	ERR608390	ERR608393	ERR608392	ERR608394	ERR626952	ERR626951	ERR626956	ERR626955	ERR626953	ERR626954	ERR606039	ERR606037	ERR606036	ERR606038	ERR606040	ERR606041	ERR618308	ERR618307	ERR618305	ERR618306	ERR618303	ERR618304	ERR609006	ERR609007	ERR609008	ERR609004	ERR609003	ERR609005	ERR636931	ERR636935	ERR636934	ERR636936	ERR636933	ERR636932	ERR618690	ERR618687	ERR618689	ERR618688	ERR618692	ERR618691	ERR617314	ERR617316	ERR617317	ERR617315	ERR617318	ERR617313	ERR612217	ERR612218	ERR612215	ERR612220	ERR612219	ERR612216	ERR638286	ERR638290	ERR638285	ERR638287	ERR638288	ERR638289
ERR608869	5.41536e+08	3.93524e+08	2.87838e+08	3.82069e+08	3.92649e+08	4.16947e+08	2.58163e+08	1.93771e+08	2.51497e+08	2.4468e+08	2.86873e+08	3.1114e+08	3.57141e+08	3.78076e+08	3.46337e+08	3.41941e+08	3.43503e+08	3.60484e+08	2.36832e+08	1.88227e+08	2.69319e+08	2.40934e+08	2.76389e+08	2.63353e+08	3.59138e+08	3.69133e+08	3.66665e+08	3.5252e+08	3.39245e+08	3.54327e+08	2.71385e+08	2.99188e+08	2.97688e+08	2.75547e+08	3.29178e+08	2.97986e+08	2.08939e+08	2.89326e+08	2.60289e+08	2.95022e+08	2.88759e+08	2.62662e+08	2.46599e+08	2.96495e+08	3.08573e+08	3.14013e+08	3.001e+08	2.58683e+08	1.68918e+08	2.23926e+08	1.5494e+08	2.28097e+08	1.64474e+08	1.62096e+08	1.97742e+08	2.01961e+08	2.12863e+08	2.12291e+08	2.05149e+08	2.01867e+08	2.55209e+08	2.53957e+08	2.55977e+08	2.39492e+08	1.57056e+08	2.5788e+08	2.36084e+08	2.74819e+08	2.74569e+08	2.7429e+08	2.68124e+08	2.70413e+08	2.0082e+08	2.08287e+08	1.96999e+08	1.94663e+08	2.07787e+08	2.02981e+08	1.43932e+08	1.70056e+08	1.68627e+08	1.4514e+08	1.701e+08	1.42916e+08	2.21698e+08	2.25872e+08	2.32856e+08	2.17058e+08	1.82976e+08	2.21577e+08	1.50126e+08	1.73625e+08	1.4599e+08	1.42335e+08	1.94665e+08	1.93425e+08
ERR608870	3.93524e+08	5.50438e+08	2.90396e+08	3.8555e+08	3.96372e+08	4.20906e+08	2.6061e+08	1.9548e+08	2.53992e+08	2.47011e+08	2.89639e+08	3.14006e+08	3.60557e+08	3.81796e+08	3.49844e+08	3.45137e+08	3.46648e+08	3.6388e+08	2.39132e+08	1.90063e+08	2.7201e+08	2.43334e+08	2.79215e+08	2.66009e+08	3.62313e+08	3.72447e+08	3.7019e+08	3.55848e+08	3.4227e+08	3.57418e+08	2.73822e+08	3.02085e+08	3.00658e+08	2.78307e+08	3.32398e+08	3.00793e+08	2.11053e+08	2.92259e+08	2.63092e+08	2.98062e+08	2.91828e+08	2.65306e+08	2.48732e+08	2.99146e+08	3.11116e+08	3.16795e+08	3.02688e+08	2.60999e+08	1.70695e+08	2.26394e+08	1.5657e+08	2.30501e+08	1.66299e+08	1.63872e+08	1.99716e+08	2.04235e+08	2.15214e+08	2.14484e+08	2.07254e+08	2.04134e+08	2.57728e+08	2.56455e+08	2.58558e+08	2.41961e+08	1.58575e+08	2.60531e+08	2.38282e+08	2.77399e+08	2.77068e+08	2.76919e+08	2.70659e+08	2.731e+08	2.02622e+08	2.10396e+08	1.9884e+08	1.96555e+08	2.09732e+08	2.04924e+08	1.45181e+08	1.71782e+08	1.7033e+08	1.46476e+08	1.71807e+08	1.44241e+08	2.23922e+08	2.28295e+08	2.35341e+08	2.1941e+08	1.84952e+08	2.23962e+08	1.5162e+08	1.75238e+08	1.47359e+08	1.43778e+08	1.9663e+08	1.95268e+08
ERR608865	2.87838e+08	2.90396e+08	3.26106e+08	2.84426e+08	2.89813e+08	3.0843e+08	1.87461e+08	1.41479e+08	1.81521e+08	1.76792e+08	2.08033e+08	2.24898e+08	2.62522e+08	2.77115e+08	2.54201e+08	2.50827e+08	2.52016e+08	2.64757e+08	1.73834e+08	1.40063e+08	1.96605e+08	1.76984e+08	2.01781e+08	1.92657e+08	2.62844e+08	2.70705e+08	2.68202e+08	2.58325e+08	2.49065e+08	2.59278e+08	1.99292e+08	2.19504e+08	2.18032e+08	2.02459e+08	2.40496e+08	2.18586e+08	1.547e+08	2.10419e+08	1.90104e+08	2.14373e+08	2.09695e+08	1.91816e+08	1.83847e+08	2.18898e+08	2.28202e+08	2.32373e+08	2.21604e+08	1.92362e+08	1.18652e+08	1.57174e+08	1.10126e+08	1.59969e+08	1.15804e+08	1.13995e+08	1.41667e+08	1.44712e+08	1.51993e+08	1.51763e+08	1.4733e+08	1.44547e+08	1.83135e+08	1.82206e+08	1.83851e+08	1.72312e+08	1.14715e+08	1.84766e+08	1.72826e+08	2.01434e+08	2.01299e+08	2.01127e+08	1.96375e+08	1.97493e+08	1.44436e+08	1.49892e+08	1.41885e+08	1.40325e+08	1.49207e+08	1.45975e+08	1.02515e+08	1.20912e+08	1.19877e+08	1.03373e+08	1.20882e+08	1.02346e+08	1.58102e+08	1.60988e+08	1.65639e+08	1.54651e+08	1.30618e+08	1.58368e+08	1.06976e+08	1.24044e+08	1.04035e+08	1.01232e+08	1.38384e+08	1.37385e+08
ERR608866	3.82069e+08	3.8555e+08	2.84426e+08	5.25352e+08	3.84976e+08	4.10976e+08	2.53206e+08	1.90146e+08	2.4654e+08	2.39799e+08	2.81316e+08	3.0507e+08	3.50644e+08	3.71133e+08	3.40317e+08	3.35761e+08	3.37278e+08	3.53988e+08	2.32763e+08	1.85204e+08	2.64527e+08	2.36726e+08	2.71542e+08	2.58529e+08	3.52361e+08	3.62308e+08	3.59988e+08	3.45927e+08	3.33033e+08	3.47484e+08	2.66369e+08	2.93573e+08	2.92285e+08	2.70665e+08	3.22867e+08	2.92503e+08	2.05372e+08	2.83892e+08	2.55702e+08	2.89481e+08	2.83422e+08	2.57989e+08	2.42474e+08	2.90889e+08	3.02897e+08	3.08427e+08	2.94607e+08	2.54286e+08	1.6507e+08	2.18827e+08	1.5162e+08	2.22871e+08	1.60678e+08	1.58317e+08	1.93875e+08	1.98078e+08	2.08768e+08	2.08211e+08	2.01181e+08	1.98075e+08	2.50159e+08	2.4878e+08	2.50934e+08	2.34844e+08	1.54212e+08	2.5281e+08	2.31631e+08	2.69824e+08	2.69572e+08	2.69199e+08	2.63349e+08	2.65563e+08	1.96739e+08	2.04171e+08	1.9305e+08	1.9083e+08	2.0366e+08	1.98907e+08	1.4094e+08	1.66564e+08	1.65074e+08	1.42083e+08	1.66601e+08	1.39991e+08	2.17278e+08	2.21306e+08	2.28071e+08	2.1255e+08	1.79378e+08	2.17092e+08	1.46997e+08	1.69906e+08	1.42852e+08	1.39313e+08	1.90754e+08	1.89295e+08
ERR608868	3.92649e+08	3.96372e+08	2.89813e+08	3.84976e+08	5.48947e+08	4.20513e+08	2.59884e+08	1.94925e+08	2.5327e+08	2.46502e+08	2.88706e+08	3.13418e+08	3.60068e+08	3.81108e+08	3.49362e+08	3.4479e+08	3.46283e+08	3.63347e+08	2.38933e+08	1.89705e+08	2.71886e+08	2.43054e+08	2.79133e+08	2.65697e+08	3.61242e+08	3.71515e+08	3.69238e+08	3.54632e+08	3.41417e+08	3.56323e+08	2.73415e+08	3.01597e+08	3.00194e+08	2.7774e+08	3.31727e+08	3.003e+08	2.10667e+08	2.92008e+08	2.62778e+08	2.97986e+08	2.91569e+08	2.65158e+08	2.48043e+08	2.98443e+08	3.10425e+08	3.16094e+08	3.02096e+08	2.60367e+08	1.7017e+08	2.25633e+08	1.56076e+08	2.29907e+08	1.65619e+08	1.63228e+08	1.99369e+08	2.03639e+08	2.14599e+08	2.14175e+08	2.06607e+08	2.03546e+08	2.5717e+08	2.55829e+08	2.5797e+08	2.41442e+08	1.58054e+08	2.60075e+08	2.379e+08	2.76936e+08	2.76712e+08	2.76496e+08	2.70284e+08	2.72779e+08	2.02309e+08	2.09827e+08	1.98432e+08	1.96077e+08	2.09429e+08	2.04612e+08	1.44949e+08	1.71458e+08	1.69951e+08	1.462e+08	1.71602e+08	1.43859e+08	2.23565e+08	2.27795e+08	2.34703e+08	2.18886e+08	1.8449e+08	2.23326e+08	1.51308e+08	1.74581e+08	1.47073e+08	1.43519e+08	1.96231e+08	1.94864e+08
ERR608867	4.16947e+08	4.20906e+08	3.0843e+08	4.10976e+08	4.20513e+08	6.14286e+08	2.77828e+08	2.08284e+08	2.70955e+08	2.63764e+08	3.08746e+08	3.35302e+08	3.83877e+08	4.06781e+08	3.72698e+08	3.67953e+08	3.69361e+08	3.87634e+08	2.54889e+08	2.01836e+08	2.90461e+08	2.59142e+08	2.97965e+08	2.83611e+08	3.85992e+08	3.96691e+08	3.94542e+08	3.7878e+08	3.64406e+08	3.80583e+08	2.91551e+08	3.2166e+08	3.20182e+08	2.96358e+08	3.54318e+08	3.20364e+08	2.24342e+08	3.12018e+08	2.805e+08	3.18321e+08	3.11635e+08	2.83009e+08	2.64022e+08	3.18007e+08	3.30649e+08	3.3681e+08	3.22018e+08	2.77048e+08	1.83383e+08	2.43333e+08	1.67911e+08	2.48034e+08	1.78482e+08	1.75922e+08	2.14303e+08	2.19072e+08	2.31025e+08	2.30438e+08	2.22231e+08	2.19032e+08	2.76151e+08	2.74813e+08	2.77122e+08	2.59163e+08	1.69175e+08	2.79542e+08	2.53769e+08	2.95461e+08	2.95174e+08	2.9483e+08	2.88323e+08	2.91192e+08	2.17035e+08	2.25018e+08	2.12758e+08	2.10151e+08	2.2464e+08	2.19327e+08	1.55888e+08	1.84265e+08	1.82796e+08	1.5721e+08	1.84395e+08	1.54512e+08	2.40205e+08	2.44917e+08	2.52502e+08	2.35362e+08	1.98404e+08	2.4e+08	1.62688e+08	1.87764e+08	1.5802e+08	1.54136e+08	2.10853e+08	2.09531e+08
ERR613360	2.58163e+08	2.6061e+08	1.87461e+08	2.53206e+08	2.59884e+08	2.77828e+08	4.58049e+08	2.52469e+08	3.18411e+08	3.10584e+08	3.597e+08	3.87349e+08	2.78291e+08	2.95459e+08	2.69824e+08	2.65825e+08	2.67038e+08	2.8149e+08	1.93502e+08	1.5286e+08	2.20359e+08	1.96516e+08	2.26254e+08	2.15105e+08	2.61581e+08	2.69461e+08	2.6778e+08	2.5652e+08	2.46437e+08	2.57474e+08	2.12831e+08	2.3575e+08	2.34019e+08	2.15961e+08	2.59487e+08	2.3485e+08	1.81617e+08	2.51856e+08	2.263e+08	2.56982e+08	2.51444e+08	2.28847e+08	1.76239e+08	2.12754e+08	2.21104e+08	2.25101e+08	2.15072e+08	1.84674e+08	1.71587e+08	2.26688e+08	1.57851e+08	2.30728e+08	1.67418e+08	1.65237e+08	1.90102e+08	1.9392e+08	2.04796e+08	2.04012e+08	1.96731e+08	1.93983e+08	2.46613e+08	2.4548e+08	2.4751e+08	2.31799e+08	1.52918e+08	2.49251e+08	1.80006e+08	2.09838e+08	2.09425e+08	2.09241e+08	2.05142e+08	2.06813e+08	1.94457e+08	2.01517e+08	1.90463e+08	1.88463e+08	2.00952e+08	1.9653e+08	1.40711e+08	1.65868e+08	1.64462e+08	1.41819e+08	1.66042e+08	1.39506e+08	2.54408e+08	2.58679e+08	2.65816e+08	2.49647e+08	2.15147e+08	2.5459e+08	1.47146e+08	1.69537e+08	1.43431e+08	1.40028e+08	1.9018e+08	1.888e+08
ERR613364	1.93771e+08	1.9548e+08	1.41479e+08	1.90146e+08	1.94925e+08	2.08284e+08	2.52469e+08	2.9623e+08	2.47491e+08	2.41738e+08	2.77129e+08	2.9739e+08	2.08852e+08	2.21406e+08	2.0251e+08	1.99482e+08	2.00322e+08	2.11169e+08	1.45515e+08	1.15471e+08	1.65362e+08	1.47786e+08	1.69806e+08	1.61415e+08	1.95024e+08	2.0089e+08	1.9949e+08	1.9124e+08	1.83842e+08	1.91944e+08	1.62872e+08	1.80161e+08	1.78862e+08	1.65024e+08	1.98065e+08	1.79719e+08	1.37655e+08	1.89595e+08	1.70726e+08	1.93534e+08	1.89328e+08	1.72571e+08	1.32612e+08	1.59596e+08	1.65893e+08	1.68966e+08	1.61369e+08	1.38885e+08	1.27935e+08	1.68519e+08	1.18036e+08	1.71556e+08	1.2482e+08	1.23233e+08	1.4174e+08	1.44542e+08	1.52622e+08	1.51994e+08	1.46741e+08	1.44658e+08	1.84773e+08	1.83744e+08	1.85355e+08	1.73587e+08	1.15433e+08	1.86456e+08	1.34555e+08	1.56677e+08	1.56414e+08	1.56224e+08	1.53274e+08	1.54453e+08	1.45389e+08	1.50468e+08	1.42411e+08	1.40878e+08	1.50248e+08	1.46954e+08	1.04794e+08	1.23593e+08	1.2241e+08	1.05566e+08	1.23544e+08	1.03938e+08	1.96682e+08	1.9974e+08	2.0489e+08	1.93191e+08	1.67534e+08	1.96737e+08	1.0989e+08	1.26534e+08	1.07058e+08	1.04495e+08	1.4175e+08	1.406e+08
ERR613363	2.51497e+08	2.53992e+08	1.81521e+08	2.4654e+08	2.5327e+08	2.70955e+08	3.18411e+08	2.47491e+08	4.40584e+08	3.05386e+08	3.50251e+08	3.77593e+08	2.70995e+08	2.88036e+08	2.63271e+08	2.59576e+08	2.60687e+08	2.74225e+08	1.89589e+08	1.49086e+08	2.16247e+08	1.925e+08	2.21978e+08	2.10949e+08	2.54862e+08	2.62255e+08	2.60982e+08	2.49896e+08	2.39976e+08	2.50985e+08	2.0865e+08	2.31084e+08	2.2968e+08	2.11891e+08	2.54608e+08	2.30393e+08	1.77324e+08	2.4697e+08	2.21976e+08	2.52173e+08	2.46955e+08	2.24267e+08	1.71715e+08	2.07853e+08	2.15601e+08	2.19646e+08	2.10103e+08	1.80222e+08	1.68822e+08	2.22806e+08	1.54152e+08	2.27057e+08	1.64483e+08	1.62384e+08	1.85364e+08	1.89191e+08	2.00075e+08	1.99158e+08	1.91726e+08	1.89259e+08	2.4096e+08	2.39705e+08	2.41631e+08	2.26138e+08	1.4849e+08	2.43588e+08	1.762e+08	2.04962e+08	2.04552e+08	2.0439e+08	2.00615e+08	2.02675e+08	1.89427e+08	1.95992e+08	1.85261e+08	1.83203e+08	1.95836e+08	1.91467e+08	1.37388e+08	1.62185e+08	1.60747e+08	1.38493e+08	1.624e+08	1.35706e+08	2.4869e+08	2.53046e+08	2.60188e+08	2.44364e+08	2.10816e+08	2.4859e+08	1.43695e+08	1.65227e+08	1.3991e+08	1.36812e+08	1.85571e+08	1.84312e+08
ERR613362	2.4468e+08	2.47011e+08	1.76792e+08	2.39799e+08	2.46502e+08	2.63764e+08	3.10584e+08	2.41738e+08	3.05386e+08	4.22045e+08	3.4155e+08	3.68144e+08	2.63634e+08	2.8016e+08	2.56241e+08	2.52689e+08	2.53741e+08	2.66851e+08	1.84511e+08	1.45091e+08	2.10438e+08	1.87447e+08	2.15989e+08	2.05169e+08	2.47771e+08	2.548e+08	2.53646e+08	2.4289e+08	2.33409e+08	2.43941e+08	2.0347e+08	2.25101e+08	2.23732e+08	2.06306e+08	2.48093e+08	2.24487e+08	1.72535e+08	2.40437e+08	2.1594e+08	2.45401e+08	2.40261e+08	2.18252e+08	1.6699e+08	2.02117e+08	2.09872e+08	2.13723e+08	2.04434e+08	1.75318e+08	1.64359e+08	2.16927e+08	1.5018e+08	2.20992e+08	1.60057e+08	1.58133e+08	1.80389e+08	1.84025e+08	1.94702e+08	1.93765e+08	1.86454e+08	1.84214e+08	2.3462e+08	2.33319e+08	2.35173e+08	2.20119e+08	1.44545e+08	2.37236e+08	1.71333e+08	1.99366e+08	1.98859e+08	1.98689e+08	1.95014e+08	1.97085e+08	1.84412e+08	1.9072e+08	1.80284e+08	1.78265e+08	1.90623e+08	1.86334e+08	1.33596e+08	1.57807e+08	1.56463e+08	1.34649e+08	1.57894e+08	1.3208e+08	2.4264e+08	2.46817e+08	2.53653e+08	2.38348e+08	2.05779e+08	2.42561e+08	1.39732e+08	1.60596e+08	1.36103e+08	1.33051e+08	1.80526e+08	1.79278e+08
ERR613361	2.86873e+08	2.89639e+08	2.08033e+08	2.81316e+08	2.88706e+08	3.08746e+08	3.597e+08	2.77129e+08	3.50251e+08	3.4155e+08	5.42845e+08	4.27253e+08	3.09264e+08	3.28583e+08	2.99622e+08	2.95287e+08	2.9678e+08	3.12657e+08	2.14856e+08	1.69551e+08	2.44634e+08	2.18234e+08	2.51332e+08	2.38889e+08	2.91449e+08	3.00125e+08	2.98177e+08	2.85779e+08	2.74761e+08	2.86874e+08	2.35349e+08	2.60611e+08	2.58711e+08	2.38669e+08	2.87162e+08	2.59601e+08	2.01166e+08	2.79542e+08	2.51053e+08	2.85195e+08	2.78927e+08	2.53595e+08	1.9572e+08	2.36276e+08	2.45515e+08	2.50237e+08	2.38903e+08	2.05102e+08	1.91146e+08	2.52667e+08	1.75863e+08	2.57141e+08	1.86645e+08	1.84148e+08	2.11727e+08	2.16042e+08	2.28124e+08	2.27242e+08	2.19299e+08	2.16006e+08	2.74655e+08	2.73215e+08	2.75448e+08	2.57796e+08	1.69917e+08	2.77275e+08	2.00283e+08	2.33421e+08	2.32999e+08	2.32756e+08	2.28399e+08	2.30204e+08	2.16288e+08	2.23986e+08	2.11761e+08	2.09671e+08	2.23484e+08	2.18637e+08	1.56596e+08	1.84656e+08	1.83094e+08	1.57786e+08	1.84922e+08	1.55205e+08	2.80356e+08	2.84942e+08	2.92989e+08	2.7507e+08	2.3657e+08	2.80514e+08	1.63795e+08	1.88928e+08	1.5947e+08	1.55872e+08	2.11625e+08	2.10119e+08
ERR613359	3.1114e+08	3.14006e+08	2.24898e+08	3.0507e+08	3.13418e+08	3.35302e+08	3.87349e+08	2.9739e+08	3.77593e+08	3.68144e+08	4.27253e+08	6.21238e+08	3.35595e+08	3.56584e+08	3.25427e+08	3.20877e+08	3.22252e+08	3.39372e+08	2.33192e+08	1.83457e+08	2.65999e+08	2.3686e+08	2.73185e+08	2.59606e+08	3.16584e+08	3.2578e+08	3.23929e+08	3.1037e+08	2.97992e+08	3.11505e+08	2.5459e+08	2.81668e+08	2.80128e+08	2.58339e+08	3.10823e+08	2.80796e+08	2.17744e+08	3.03754e+08	2.72471e+08	3.09971e+08	3.0326e+08	2.75255e+08	2.11616e+08	2.56206e+08	2.66058e+08	2.71251e+08	2.59055e+08	2.22004e+08	2.08116e+08	2.75152e+08	1.9092e+08	2.80143e+08	2.02878e+08	2.00323e+08	2.30216e+08	2.34905e+08	2.48205e+08	2.47079e+08	2.38193e+08	2.34968e+08	2.98186e+08	2.96781e+08	2.99115e+08	2.79848e+08	1.83839e+08	3.01483e+08	2.17723e+08	2.53603e+08	2.53132e+08	2.52946e+08	2.48174e+08	2.50352e+08	2.34764e+08	2.43209e+08	2.29894e+08	2.27354e+08	2.42731e+08	2.37336e+08	1.70193e+08	2.01001e+08	1.9924e+08	1.71463e+08	2.01072e+08	1.68442e+08	3.02498e+08	3.07552e+08	3.16415e+08	2.96803e+08	2.55018e+08	3.02564e+08	1.78082e+08	2.05042e+08	1.73444e+08	1.6948e+08	2.30314e+08	2.28578e+08
ERR626766	3.57141e+08	3.60557e+08	2.62522e+08	3.50644e+08	3.60068e+08	3.83877e+08	2.78291e+08	2.08852e+08	2.70995e+08	2.63634e+08	3.09264e+08	3.35595e+08	5.89751e+08	4.49562e+08	4.10448e+08	4.05246e+08	4.06978e+08	4.28591e+08	2.55574e+08	2.02764e+08	2.90707e+08	2.59898e+08	2.98584e+08	2.84187e+08	3.56872e+08	3.67189e+08	3.64743e+08	3.49746e+08	3.36881e+08	3.518e+08	2.70345e+08	2.9845e+08	2.9696e+08	2.74752e+08	3.28418e+08	2.97373e+08	2.25347e+08	3.12621e+08	2.81239e+08	3.18947e+08	3.11929e+08	2.83964e+08	2.39082e+08	2.88594e+08	3.00583e+08	3.06454e+08	2.92118e+08	2.50881e+08	1.88609e+08	2.49227e+08	1.73122e+08	2.54117e+08	1.83786e+08	1.81163e+08	2.19799e+08	2.24498e+08	2.36541e+08	2.35817e+08	2.27859e+08	2.24438e+08	2.79163e+08	2.77891e+08	2.80401e+08	2.62171e+08	1.71619e+08	2.82214e+08	2.41e+08	2.81063e+08	2.80411e+08	2.80352e+08	2.74269e+08	2.76555e+08	2.20368e+08	2.28727e+08	2.1617e+08	2.13804e+08	2.27958e+08	2.22733e+08	1.60188e+08	1.88982e+08	1.87393e+08	1.6143e+08	1.89101e+08	1.58919e+08	2.48199e+08	2.52928e+08	2.6056e+08	2.43111e+08	2.05651e+08	2.48328e+08	1.68023e+08	1.93914e+08	1.63552e+08	1.59477e+08	2.17335e+08	2.15776e+08
ERR626765	3.78076e+08	3.81796e+08	2.77115e+08	3.71133e+08	3.81108e+08	4.06781e+08	2.95459e+08	2.21406e+08	2.88036e+08	2.8016e+08	3.28583e+08	3.56584e+08	4.49562e+08	6.55397e+08	4.35217e+08	4.29448e+08	4.31053e+08	4.5417e+08	2.71032e+08	2.14615e+08	3.08733e+08	2.75524e+08	3.16918e+08	3.01566e+08	3.78547e+08	3.89221e+08	3.86893e+08	3.71093e+08	3.57007e+08	3.73045e+08	2.86339e+08	3.1601e+08	3.14719e+08	2.90989e+08	3.48299e+08	3.14949e+08	2.38697e+08	3.32147e+08	2.98521e+08	3.38668e+08	3.31474e+08	3.01312e+08	2.53035e+08	3.05925e+08	3.184e+08	3.24469e+08	3.0973e+08	2.65613e+08	2.01371e+08	2.66184e+08	1.84442e+08	2.71238e+08	1.96086e+08	1.93273e+08	2.33943e+08	2.38906e+08	2.52104e+08	2.51239e+08	2.4247e+08	2.39122e+08	2.97542e+08	2.96011e+08	2.98619e+08	2.79209e+08	1.824e+08	3.00815e+08	2.55754e+08	2.98071e+08	2.97443e+08	2.97367e+08	2.90938e+08	2.93655e+08	2.34418e+08	2.43181e+08	2.30025e+08	2.2729e+08	2.42629e+08	2.36996e+08	1.70568e+08	2.01276e+08	1.99664e+08	1.71843e+08	2.01474e+08	1.6916e+08	2.64175e+08	2.69233e+08	2.77642e+08	2.5882e+08	2.19027e+08	2.64317e+08	1.78726e+08	2.06375e+08	1.7395e+08	1.69789e+08	2.31422e+08	2.29776e+08
ERR626769	3.46337e+08	3.49844e+08	2.54201e+08	3.40317e+08	3.49362e+08	3.72698e+08	2.69824e+08	2.0251e+08	2.63271e+08	2.56241e+08	2.99622e+08	3.25427e+08	4.10448e+08	4.35217e+08	5.58911e+08	3.95096e+08	3.9661e+08	4.14959e+08	2.4885e+08	1.971e+08	2.83441e+08	2.53109e+08	2.90838e+08	2.76738e+08	3.46272e+08	3.56045e+08	3.53973e+08	3.39447e+08	3.26723e+08	3.41316e+08	2.6301e+08	2.9014e+08	2.88971e+08	2.67374e+08	3.19509e+08	2.89092e+08	2.18719e+08	3.04226e+08	2.73527e+08	3.10361e+08	3.0389e+08	2.76186e+08	2.31974e+08	2.80345e+08	2.91818e+08	2.97279e+08	2.83942e+08	2.43575e+08	1.83508e+08	2.42729e+08	1.67886e+08	2.47226e+08	1.78816e+08	1.76207e+08	2.13053e+08	2.17786e+08	2.29727e+08	2.28926e+08	2.2074e+08	2.17775e+08	2.71032e+08	2.69708e+08	2.72055e+08	2.54249e+08	1.66122e+08	2.74038e+08	2.3425e+08	2.729e+08	2.72261e+08	2.72239e+08	2.66286e+08	2.68825e+08	2.13592e+08	2.21313e+08	2.09327e+08	2.06734e+08	2.21047e+08	2.1592e+08	1.55416e+08	1.83419e+08	1.82e+08	1.56683e+08	1.83631e+08	1.54073e+08	2.40785e+08	2.45524e+08	2.52903e+08	2.36135e+08	1.99834e+08	2.40907e+08	1.62866e+08	1.87741e+08	1.5848e+08	1.54749e+08	2.11002e+08	2.09404e+08
ERR626770	3.41941e+08	3.45137e+08	2.50827e+08	3.35761e+08	3.4479e+08	3.67953e+08	2.65825e+08	1.99482e+08	2.59576e+08	2.52689e+08	2.95287e+08	3.20877e+08	4.05246e+08	4.29448e+08	3.95096e+08	5.46918e+08	3.91818e+08	4.09696e+08	2.45636e+08	1.94503e+08	2.79852e+08	2.49827e+08	2.87289e+08	2.73327e+08	3.41636e+08	3.51006e+08	3.49263e+08	3.34794e+08	3.22287e+08	3.36745e+08	2.59778e+08	2.86428e+08	2.85351e+08	2.64119e+08	3.15427e+08	2.85515e+08	2.15986e+08	3.00418e+08	2.7024e+08	3.06705e+08	3.00105e+08	2.72783e+08	2.28968e+08	2.76835e+08	2.88127e+08	2.93475e+08	2.80301e+08	2.40453e+08	1.81504e+08	2.39693e+08	1.65772e+08	2.44392e+08	1.76579e+08	1.74025e+08	2.10301e+08	2.14974e+08	2.26568e+08	2.25982e+08	2.17784e+08	2.14923e+08	2.6763e+08	2.66172e+08	2.68377e+08	2.50895e+08	1.63864e+08	2.70649e+08	2.31317e+08	2.69432e+08	2.68888e+08	2.689e+08	2.62939e+08	2.6571e+08	2.10727e+08	2.18363e+08	2.06521e+08	2.0409e+08	2.1831e+08	2.13099e+08	1.53423e+08	1.81073e+08	1.79655e+08	1.54595e+08	1.81241e+08	1.51813e+08	2.37302e+08	2.42124e+08	2.49484e+08	2.32914e+08	1.96865e+08	2.37387e+08	1.60624e+08	1.8509e+08	1.5627e+08	1.52689e+08	2.08039e+08	2.06621e+08
ERR626768	3.43503e+08	3.46648e+08	2.52016e+08	3.37278e+08	3.46283e+08	3.69361e+08	2.67038e+08	2.00322e+08	2.60687e+08	2.53741e+08	2.9678e+08	3.22252e+08	4.06978e+08	4.31053e+08	3.9661e+08	3.91818e+08	5.50105e+08	4.11415e+08	2.4653e+08	1.95388e+08	2.8078e+08	2.50758e+08	2.88197e+08	2.74266e+08	3.4319e+08	3.52731e+08	3.50874e+08	3.36264e+08	3.23813e+08	3.38244e+08	2.60728e+08	2.87695e+08	2.86431e+08	2.6508e+08	3.16496e+08	2.86585e+08	2.1684e+08	3.01641e+08	2.712e+08	3.07769e+08	3.01088e+08	2.73647e+08	2.30154e+08	2.78089e+08	2.89359e+08	2.94731e+08	2.81568e+08	2.41635e+08	1.81957e+08	2.40414e+08	1.66396e+08	2.45073e+08	1.77085e+08	1.74633e+08	2.10984e+08	2.15677e+08	2.27461e+08	2.26621e+08	2.18556e+08	2.15628e+08	2.68432e+08	2.67282e+08	2.69474e+08	2.51948e+08	1.64486e+08	2.71718e+08	2.32183e+08	2.70511e+08	2.69828e+08	2.69932e+08	2.6402e+08	2.66565e+08	2.11714e+08	2.19298e+08	2.07474e+08	2.0515e+08	2.1927e+08	2.1394e+08	1.53956e+08	1.81744e+08	1.80244e+08	1.55159e+08	1.81867e+08	1.52569e+08	2.38303e+08	2.43115e+08	2.50466e+08	2.33717e+08	1.97676e+08	2.38352e+08	1.61341e+08	1.85923e+08	1.56907e+08	1.53326e+08	2.0895e+08	2.0736e+08
ERR626767	3.60484e+08	3.6388e+08	2.64757e+08	3.53988e+08	3.63347e+08	3.87634e+08	2.8149e+08	2.11169e+08	2.74225e+08	2.66851e+08	3.12657e+08	3.39372e+08	4.28591e+08	4.5417e+08	4.14959e+08	4.09696e+08	4.11415e+08	6.00032e+08	2.58348e+08	2.04886e+08	2.94244e+08	2.62913e+08	3.02131e+08	2.87387e+08	3.60291e+08	3.70711e+08	3.68405e+08	3.53404e+08	3.40294e+08	3.55282e+08	2.73261e+08	3.01508e+08	3.00249e+08	2.77665e+08	3.32078e+08	3.00464e+08	2.27737e+08	3.16526e+08	2.84597e+08	3.22742e+08	3.15962e+08	2.8725e+08	2.41312e+08	2.91508e+08	3.03513e+08	3.09205e+08	2.95107e+08	2.53324e+08	1.90863e+08	2.52352e+08	1.74946e+08	2.57165e+08	1.85954e+08	1.83221e+08	2.22172e+08	2.27055e+08	2.39327e+08	2.38419e+08	2.30242e+08	2.2681e+08	2.82325e+08	2.80949e+08	2.83424e+08	2.65092e+08	1.73352e+08	2.85532e+08	2.43677e+08	2.84087e+08	2.83474e+08	2.83273e+08	2.77108e+08	2.79705e+08	2.22565e+08	2.30989e+08	2.18423e+08	2.15871e+08	2.30459e+08	2.2517e+08	1.61908e+08	1.91088e+08	1.89501e+08	1.63071e+08	1.91207e+08	1.60552e+08	2.51211e+08	2.55962e+08	2.6371e+08	2.46032e+08	2.08166e+08	2.51162e+08	1.69683e+08	1.95721e+08	1.65123e+08	1.61063e+08	2.19634e+08	2.18125e+08
ERR608758	2.36832e+08	2.39132e+08	1.73834e+08	2.32763e+08	2.38933e+08	2.54889e+08	1.93502e+08	1.45515e+08	1.89589e+08	1.84511e+08	2.14856e+08	2.33192e+08	2.55574e+08	2.71032e+08	2.4885e+08	2.45636e+08	2.4653e+08	2.58348e+08	3.07573e+08	1.57604e+08	2.2545e+08	2.01557e+08	2.31282e+08	2.20692e+08	2.36574e+08	2.43178e+08	2.42008e+08	2.31967e+08	2.23432e+08	2.33288e+08	1.78456e+08	1.96726e+08	1.95913e+08	1.81412e+08	2.1656e+08	1.96064e+08	1.60856e+08	2.22746e+08	2.00765e+08	2.27625e+08	2.22877e+08	2.027e+08	1.62186e+08	1.95423e+08	2.02899e+08	2.06421e+08	1.978e+08	1.70401e+08	1.32136e+08	1.74913e+08	1.20298e+08	1.78161e+08	1.2864e+08	1.26872e+08	1.51238e+08	1.5468e+08	1.63392e+08	1.6273e+08	1.56525e+08	1.54798e+08	1.9632e+08	1.95308e+08	1.96857e+08	1.84369e+08	1.20312e+08	1.98746e+08	1.65473e+08	1.92391e+08	1.92023e+08	1.91919e+08	1.88104e+08	1.9014e+08	1.49446e+08	1.54765e+08	1.46486e+08	1.44387e+08	1.54633e+08	1.51066e+08	1.11381e+08	1.31729e+08	1.30665e+08	1.12381e+08	1.31947e+08	1.10037e+08	1.70076e+08	1.7347e+08	1.78854e+08	1.66824e+08	1.40912e+08	1.69724e+08	1.15994e+08	1.33418e+08	1.12814e+08	1.10231e+08	1.5036e+08	1.49347e+08
ERR608757	1.88227e+08	1.90063e+08	1.40063e+08	1.85204e+08	1.89705e+08	2.01836e+08	1.5286e+08	1.15471e+08	1.49086e+08	1.45091e+08	1.69551e+08	1.83457e+08	2.02764e+08	2.14615e+08	1.971e+08	1.94503e+08	1.95388e+08	2.04886e+08	1.57604e+08	2.10987e+08	1.7787e+08	1.59815e+08	1.8244e+08	1.74517e+08	1.86712e+08	1.92157e+08	1.90643e+08	1.8305e+08	1.76489e+08	1.84105e+08	1.41099e+08	1.55683e+08	1.54756e+08	1.43437e+08	1.70713e+08	1.55064e+08	1.28573e+08	1.75825e+08	1.58837e+08	1.79323e+08	1.75511e+08	1.60411e+08	1.2955e+08	1.54968e+08	1.61268e+08	1.64054e+08	1.56929e+08	1.35799e+08	1.02387e+08	1.35191e+08	9.39675e+07	1.37672e+08	9.97794e+07	9.84245e+07	1.18674e+08	1.21257e+08	1.27729e+08	1.27353e+08	1.22943e+08	1.21319e+08	1.53938e+08	1.53306e+08	1.54358e+08	1.44849e+08	9.57398e+07	1.55573e+08	1.30517e+08	1.51779e+08	1.51555e+08	1.51351e+08	1.48222e+08	1.49428e+08	1.16944e+08	1.21246e+08	1.14745e+08	1.13386e+08	1.20991e+08	1.18237e+08	8.69986e+07	1.02607e+08	1.01686e+08	8.76561e+07	1.02646e+08	8.62482e+07	1.32929e+08	1.35495e+08	1.39507e+08	1.30198e+08	1.1013e+08	1.32975e+08	9.06155e+07	1.04548e+08	8.81605e+07	8.60576e+07	1.17282e+08	1.16457e+08
ERR608760	2.69319e+08	2.7201e+08	1.96605e+08	2.64527e+08	2.71886e+08	2.90461e+08	2.20359e+08	1.65362e+08	2.16247e+08	2.10438e+08	2.44634e+08	2.65999e+08	2.90707e+08	3.08733e+08	2.83441e+08	2.79852e+08	2.8078e+08	2.94244e+08	2.2545e+08	1.7787e+08	3.83339e+08	2.29985e+08	2.64748e+08	2.50612e+08	2.70244e+08	2.77375e+08	2.76601e+08	2.64756e+08	2.55015e+08	2.66263e+08	2.0329e+08	2.24386e+08	2.23467e+08	2.06766e+08	2.47108e+08	2.23669e+08	1.82203e+08	2.54107e+08	2.28776e+08	2.59949e+08	2.54482e+08	2.30958e+08	1.83916e+08	2.22188e+08	2.30653e+08	2.34503e+08	2.25056e+08	1.93466e+08	1.52068e+08	2.01394e+08	1.37872e+08	2.05308e+08	1.47835e+08	1.4596e+08	1.73153e+08	1.77246e+08	1.87268e+08	1.86572e+08	1.79012e+08	1.77374e+08	2.24304e+08	2.23329e+08	2.24962e+08	2.1058e+08	1.36718e+08	2.27526e+08	1.8905e+08	2.19773e+08	2.1917e+08	2.19023e+08	2.14709e+08	2.17258e+08	1.70965e+08	1.77049e+08	1.67401e+08	1.65194e+08	1.77046e+08	1.72865e+08	1.27888e+08	1.51306e+08	1.50083e+08	1.28923e+08	1.51556e+08	1.26004e+08	1.94941e+08	1.99008e+08	2.05181e+08	1.91264e+08	1.61679e+08	1.94537e+08	1.33024e+08	1.52685e+08	1.29243e+08	1.26488e+08	1.72572e+08	1.715e+08
ERR608762	2.40934e+08	2.43334e+08	1.76984e+08	2.36726e+08	2.43054e+08	2.59142e+08	1.96516e+08	1.47786e+08	1.925e+08	1.87447e+08	2.18234e+08	2.3686e+08	2.59898e+08	2.75524e+08	2.53109e+08	2.49827e+08	2.50758e+08	2.62913e+08	2.01557e+08	1.59815e+08	2.29985e+08	3.15864e+08	2.35967e+08	2.23674e+08	2.40768e+08	2.47478e+08	2.4632e+08	2.36043e+08	2.27389e+08	2.3746e+08	1.81446e+08	2.00297e+08	1.99317e+08	1.84556e+08	2.20268e+08	1.99525e+08	1.63446e+08	2.2646e+08	2.04146e+08	2.31347e+08	2.26606e+08	2.06209e+08	1.64965e+08	1.98547e+08	2.06581e+08	2.09989e+08	2.01266e+08	1.73509e+08	1.3406e+08	1.7745e+08	1.22047e+08	1.80758e+08	1.30528e+08	1.28793e+08	1.53349e+08	1.5684e+08	1.65606e+08	1.64953e+08	1.58653e+08	1.56982e+08	1.98963e+08	1.98069e+08	1.99534e+08	1.86897e+08	1.21985e+08	2.01499e+08	1.68467e+08	1.95827e+08	1.95301e+08	1.9525e+08	1.91333e+08	1.93468e+08	1.51527e+08	1.57085e+08	1.48452e+08	1.46527e+08	1.56995e+08	1.53274e+08	1.1317e+08	1.33702e+08	1.32649e+08	1.14044e+08	1.33815e+08	1.11688e+08	1.72494e+08	1.75996e+08	1.81443e+08	1.69334e+08	1.43075e+08	1.72136e+08	1.17571e+08	1.35358e+08	1.14421e+08	1.11767e+08	1.52447e+08	1.51377e+08
ERR608761	2.76389e+08	2.79215e+08	2.01781e+08	2.71542e+08	2.79133e+08	2.97965e+08	2.26254e+08	1.69806e+08	2.21978e+08	2.15989e+08	2.51332e+08	2.73185e+08	2.98584e+08	3.16918e+08	2.90838e+08	2.87289e+08	2.88197e+08	3.02131e+08	2.31282e+08	1.8244e+08	2.64748e+08	2.35967e+08	4.00498e+08	2.57081e+08	2.77648e+08	2.85215e+08	2.84061e+08	2.71978e+08	2.62017e+08	2.73615e+08	2.08525e+08	2.30326e+08	2.29411e+08	2.12167e+08	2.5374e+08	2.29311e+08	1.86864e+08	2.60489e+08	2.34534e+08	2.6657e+08	2.60848e+08	2.36643e+08	1.88711e+08	2.27921e+08	2.3669e+08	2.40668e+08	2.30927e+08	1.98412e+08	1.56197e+08	2.0681e+08	1.41689e+08	2.10707e+08	1.51891e+08	1.49794e+08	1.77858e+08	1.81937e+08	1.92304e+08	1.916e+08	1.83988e+08	1.82175e+08	2.30356e+08	2.29278e+08	2.31049e+08	2.16278e+08	1.40411e+08	2.33649e+08	1.94065e+08	2.25748e+08	2.2498e+08	2.24942e+08	2.20504e+08	2.23074e+08	1.75767e+08	1.82092e+08	1.7214e+08	1.69795e+08	1.82026e+08	1.77753e+08	1.31336e+08	1.55442e+08	1.54077e+08	1.32383e+08	1.55581e+08	1.2936e+08	2.00336e+08	2.04352e+08	2.11042e+08	1.96717e+08	1.6605e+08	1.99972e+08	1.36639e+08	1.56992e+08	1.32924e+08	1.2991e+08	1.77438e+08	1.76201e+08
ERR608759	2.63353e+08	2.66009e+08	1.92657e+08	2.58529e+08	2.65697e+08	2.83611e+08	2.15105e+08	1.61415e+08	2.10949e+08	2.05169e+08	2.38889e+08	2.59606e+08	2.84187e+08	3.01566e+08	2.76738e+08	2.73327e+08	2.74266e+08	2.87387e+08	2.20692e+08	1.74517e+08	2.50612e+08	2.23674e+08	2.57081e+08	3.67337e+08	2.6389e+08	2.71164e+08	2.70031e+08	2.58734e+08	2.49214e+08	2.60336e+08	1.98496e+08	2.19027e+08	2.18224e+08	2.01859e+08	2.4127e+08	2.18113e+08	1.77992e+08	2.47513e+08	2.22741e+08	2.53009e+08	2.47633e+08	2.24781e+08	1.80021e+08	2.17175e+08	2.25476e+08	2.29318e+08	2.19905e+08	1.89189e+08	1.48091e+08	1.95987e+08	1.34501e+08	1.99728e+08	1.43984e+08	1.42075e+08	1.68965e+08	1.72751e+08	1.82553e+08	1.81879e+08	1.74962e+08	1.72967e+08	2.19058e+08	2.17887e+08	2.19651e+08	2.0559e+08	1.33779e+08	2.21904e+08	1.84418e+08	2.14387e+08	2.13846e+08	2.13734e+08	2.09535e+08	2.1194e+08	1.66974e+08	1.73076e+08	1.63511e+08	1.61419e+08	1.72793e+08	1.68811e+08	1.24534e+08	1.47339e+08	1.46144e+08	1.25589e+08	1.47491e+08	1.23021e+08	1.90101e+08	1.93926e+08	2.00134e+08	1.86536e+08	1.57502e+08	1.89846e+08	1.29872e+08	1.4936e+08	1.26249e+08	1.23392e+08	1.68351e+08	1.67192e+08
ERR637122	3.59138e+08	3.62313e+08	2.62844e+08	3.52361e+08	3.61242e+08	3.85992e+08	2.61581e+08	1.95024e+08	2.54862e+08	2.47771e+08	2.91449e+08	3.16584e+08	3.56872e+08	3.78547e+08	3.46272e+08	3.41636e+08	3.4319e+08	3.60291e+08	2.36574e+08	1.86712e+08	2.70244e+08	2.40768e+08	2.77648e+08	2.6389e+08	5.68664e+08	4.24033e+08	4.21923e+08	4.07465e+08	3.91457e+08	4.09313e+08	2.68996e+08	2.96886e+08	2.95624e+08	2.73425e+08	3.27334e+08	2.95544e+08	2.08774e+08	2.91961e+08	2.61722e+08	2.97755e+08	2.91292e+08	2.64226e+08	2.46175e+08	2.97164e+08	3.08896e+08	3.15019e+08	3.00788e+08	2.5854e+08	1.71423e+08	2.27569e+08	1.56467e+08	2.32064e+08	1.6694e+08	1.64577e+08	1.99204e+08	2.0374e+08	2.15179e+08	2.14267e+08	2.06813e+08	2.03635e+08	2.51362e+08	2.50033e+08	2.52225e+08	2.35404e+08	1.52572e+08	2.54063e+08	2.60256e+08	3.01196e+08	3.01982e+08	3.00999e+08	2.94706e+08	2.98706e+08	2.01688e+08	2.09563e+08	1.97726e+08	1.9545e+08	2.08683e+08	2.03831e+08	1.47785e+08	1.75104e+08	1.7344e+08	1.48948e+08	1.75105e+08	1.46693e+08	2.23071e+08	2.27583e+08	2.34734e+08	2.18433e+08	1.83795e+08	2.23095e+08	1.53255e+08	1.77362e+08	1.48955e+08	1.45365e+08	1.99197e+08	1.97895e+08
ERR637119	3.69133e+08	3.72447e+08	2.70705e+08	3.62308e+08	3.71515e+08	3.96691e+08	2.69461e+08	2.0089e+08	2.62255e+08	2.548e+08	3.00125e+08	3.2578e+08	3.67189e+08	3.89221e+08	3.56045e+08	3.51006e+08	3.52731e+08	3.70711e+08	2.43178e+08	1.92157e+08	2.77375e+08	2.47478e+08	2.85215e+08	2.71164e+08	4.24033e+08	5.9582e+08	4.33742e+08	4.16312e+08	4.02335e+08	4.18248e+08	2.75871e+08	3.04689e+08	3.03129e+08	2.80426e+08	3.35804e+08	3.03531e+08	2.14942e+08	2.99944e+08	2.69122e+08	3.059e+08	2.99207e+08	2.71623e+08	2.52673e+08	3.04657e+08	3.17145e+08	3.23112e+08	3.08322e+08	2.65114e+08	1.76169e+08	2.34048e+08	1.61243e+08	2.3853e+08	1.7156e+08	1.69097e+08	2.05778e+08	2.10346e+08	2.21883e+08	2.21262e+08	2.13715e+08	2.10282e+08	2.59674e+08	2.5832e+08	2.60769e+08	2.43479e+08	1.58041e+08	2.62487e+08	2.66575e+08	3.08736e+08	3.09277e+08	3.08699e+08	3.01888e+08	3.05911e+08	2.08103e+08	2.16309e+08	2.04157e+08	2.01887e+08	2.15283e+08	2.1032e+08	1.52336e+08	1.80191e+08	1.78744e+08	1.5349e+08	1.80425e+08	1.51508e+08	2.30329e+08	2.34758e+08	2.42134e+08	2.25408e+08	1.89614e+08	2.30398e+08	1.58256e+08	1.8341e+08	1.5387e+08	1.50241e+08	2.05622e+08	2.04403e+08
ERR637118	3.66665e+08	3.7019e+08	2.68202e+08	3.59988e+08	3.69238e+08	3.94542e+08	2.6778e+08	1.9949e+08	2.60982e+08	2.53646e+08	2.98177e+08	3.23929e+08	3.64743e+08	3.86893e+08	3.53973e+08	3.49263e+08	3.50874e+08	3.68405e+08	2.42008e+08	1.90643e+08	2.76601e+08	2.4632e+08	2.84061e+08	2.70031e+08	4.21923e+08	4.33742e+08	5.90871e+08	4.145e+08	4.00576e+08	4.16171e+08	2.74776e+08	3.03323e+08	3.02081e+08	2.79357e+08	3.34535e+08	3.02165e+08	2.1343e+08	2.98793e+08	2.67973e+08	3.04839e+08	2.98379e+08	2.70323e+08	2.51366e+08	3.03404e+08	3.15338e+08	3.21352e+08	3.07248e+08	2.63814e+08	1.76013e+08	2.3372e+08	1.60502e+08	2.38265e+08	1.71196e+08	1.68715e+08	2.04337e+08	2.08865e+08	2.20609e+08	2.19861e+08	2.12071e+08	2.08829e+08	2.58014e+08	2.56728e+08	2.58898e+08	2.41572e+08	1.56412e+08	2.61018e+08	2.65838e+08	3.07553e+08	3.0811e+08	3.07316e+08	3.00802e+08	3.05183e+08	2.06865e+08	2.14871e+08	2.0274e+08	2.00361e+08	2.14121e+08	2.08993e+08	1.51597e+08	1.79492e+08	1.77875e+08	1.5268e+08	1.79673e+08	1.50293e+08	2.28951e+08	2.33454e+08	2.40958e+08	2.24178e+08	1.88617e+08	2.28778e+08	1.57317e+08	1.81977e+08	1.52978e+08	1.4922e+08	2.04522e+08	2.03112e+08
ERR637120	3.5252e+08	3.55848e+08	2.58325e+08	3.45927e+08	3.54632e+08	3.7878e+08	2.5652e+08	1.9124e+08	2.49896e+08	2.4289e+08	2.85779e+08	3.1037e+08	3.49746e+08	3.71093e+08	3.39447e+08	3.34794e+08	3.36264e+08	3.53404e+08	2.31967e+08	1.8305e+08	2.64756e+08	2.36043e+08	2.71978e+08	2.58734e+08	4.07465e+08	4.16312e+08	4.145e+08	5.50985e+08	3.84511e+08	4.01831e+08	2.63902e+08	2.91158e+08	2.89712e+08	2.68158e+08	3.20994e+08	2.8999e+08	2.04852e+08	2.86047e+08	2.56683e+08	2.9195e+08	2.85626e+08	2.5899e+08	2.41827e+08	2.91475e+08	3.0309e+08	3.09029e+08	2.95147e+08	2.53769e+08	1.67527e+08	2.22344e+08	1.53033e+08	2.26772e+08	1.63117e+08	1.60788e+08	1.94851e+08	1.99102e+08	2.10246e+08	2.09579e+08	2.0229e+08	1.99143e+08	2.45836e+08	2.44567e+08	2.46745e+08	2.3025e+08	1.49318e+08	2.4851e+08	2.55543e+08	2.9588e+08	2.96279e+08	2.95617e+08	2.89285e+08	2.93336e+08	1.97402e+08	2.05284e+08	1.93669e+08	1.91458e+08	2.04337e+08	1.99477e+08	1.44649e+08	1.71197e+08	1.69731e+08	1.45733e+08	1.71301e+08	1.43649e+08	2.18152e+08	2.22405e+08	2.29474e+08	2.1354e+08	1.79773e+08	2.18144e+08	1.49939e+08	1.73522e+08	1.45812e+08	1.4224e+08	1.94971e+08	1.93642e+08
ERR637117	3.39245e+08	3.4227e+08	2.49065e+08	3.33033e+08	3.41417e+08	3.64406e+08	2.46437e+08	1.83842e+08	2.39976e+08	2.33409e+08	2.74761e+08	2.97992e+08	3.36881e+08	3.57007e+08	3.26723e+08	3.22287e+08	3.23813e+08	3.40294e+08	2.23432e+08	1.76489e+08	2.55015e+08	2.27389e+08	2.62017e+08	2.49214e+08	3.91457e+08	4.02335e+08	4.00576e+08	3.84511e+08	5.16796e+08	3.85862e+08	2.53822e+08	2.80134e+08	2.78699e+08	2.5803e+08	3.08563e+08	2.79013e+08	1.97199e+08	2.75148e+08	2.46928e+08	2.80605e+08	2.74444e+08	2.49128e+08	2.33249e+08	2.80729e+08	2.92078e+08	2.97481e+08	2.84222e+08	2.4476e+08	1.60623e+08	2.13158e+08	1.46776e+08	2.17368e+08	1.56286e+08	1.54074e+08	1.87136e+08	1.91236e+08	2.0198e+08	2.01209e+08	1.94311e+08	1.91305e+08	2.36274e+08	2.34934e+08	2.37136e+08	2.21375e+08	1.43641e+08	2.38692e+08	2.46783e+08	2.85552e+08	2.86051e+08	2.85281e+08	2.79211e+08	2.83027e+08	1.89705e+08	1.97238e+08	1.86077e+08	1.84015e+08	1.96344e+08	1.91702e+08	1.3895e+08	1.64341e+08	1.6286e+08	1.39978e+08	1.64574e+08	1.37897e+08	2.09398e+08	2.13501e+08	2.20298e+08	2.05083e+08	1.72556e+08	2.09455e+08	1.44004e+08	1.66723e+08	1.40002e+08	1.36623e+08	1.87125e+08	1.85824e+08
ERR637121	3.54327e+08	3.57418e+08	2.59278e+08	3.47484e+08	3.56323e+08	3.80583e+08	2.57474e+08	1.91944e+08	2.50985e+08	2.43941e+08	2.86874e+08	3.11505e+08	3.518e+08	3.73045e+08	3.41316e+08	3.36745e+08	3.38244e+08	3.55282e+08	2.33288e+08	1.84105e+08	2.66263e+08	2.3746e+08	2.73615e+08	2.60336e+08	4.09313e+08	4.18248e+08	4.16171e+08	4.01831e+08	3.85862e+08	5.54882e+08	2.65089e+08	2.92661e+08	2.91374e+08	2.6963e+08	3.22542e+08	2.91431e+08	2.05787e+08	2.87647e+08	2.5791e+08	2.9352e+08	2.87027e+08	2.60431e+08	2.43021e+08	2.92956e+08	3.0469e+08	3.10514e+08	2.96695e+08	2.55056e+08	1.68457e+08	2.23697e+08	1.53887e+08	2.28183e+08	1.6401e+08	1.61623e+08	1.9577e+08	2.00176e+08	2.11241e+08	2.10674e+08	2.03284e+08	2.00176e+08	2.47081e+08	2.45875e+08	2.48064e+08	2.31419e+08	1.49995e+08	2.49834e+08	2.56827e+08	2.97173e+08	2.97677e+08	2.9695e+08	2.90806e+08	2.94782e+08	1.98391e+08	2.06151e+08	1.94539e+08	1.9232e+08	2.05304e+08	2.00384e+08	1.45295e+08	1.72042e+08	1.70614e+08	1.46536e+08	1.72247e+08	1.4429e+08	2.1929e+08	2.23578e+08	2.30784e+08	2.14846e+08	1.80627e+08	2.19266e+08	1.50702e+08	1.74391e+08	1.46482e+08	1.43033e+08	1.96e+08	1.94678e+08
ERR621924	2.71385e+08	2.73822e+08	1.99292e+08	2.66369e+08	2.73415e+08	2.91551e+08	2.12831e+08	1.62872e+08	2.0865e+08	2.0347e+08	2.35349e+08	2.5459e+08	2.70345e+08	2.86339e+08	2.6301e+08	2.59778e+08	2.60728e+08	2.73261e+08	1.78456e+08	1.41099e+08	2.0329e+08	1.81446e+08	2.08525e+08	1.98496e+08	2.68996e+08	2.75871e+08	2.74776e+08	2.63902e+08	2.53822e+08	2.65089e+08	3.50283e+08	2.58763e+08	2.58529e+08	2.39538e+08	2.84088e+08	2.58119e+08	1.55884e+08	2.16833e+08	1.94986e+08	2.21193e+08	2.16569e+08	1.9687e+08	1.8524e+08	2.23229e+08	2.31679e+08	2.35955e+08	2.2592e+08	1.94672e+08	1.33467e+08	1.76605e+08	1.2164e+08	1.80007e+08	1.29977e+08	1.28151e+08	1.49629e+08	1.5286e+08	1.6144e+08	1.60821e+08	1.5477e+08	1.52966e+08	1.90122e+08	1.89234e+08	1.90872e+08	1.78312e+08	1.1587e+08	1.92425e+08	1.78587e+08	2.07496e+08	2.07158e+08	2.06942e+08	2.02593e+08	2.04965e+08	1.50776e+08	1.56235e+08	1.47642e+08	1.45758e+08	1.56112e+08	1.52468e+08	1.09259e+08	1.28964e+08	1.27935e+08	1.10086e+08	1.2912e+08	1.07996e+08	1.88e+08	1.91408e+08	1.96921e+08	1.84465e+08	1.57923e+08	1.87542e+08	1.13949e+08	1.30976e+08	1.10823e+08	1.08255e+08	1.4742e+08	1.46539e+08
ERR621920	2.99188e+08	3.02085e+08	2.19504e+08	2.93573e+08	3.01597e+08	3.2166e+08	2.3575e+08	1.80161e+08	2.31084e+08	2.25101e+08	2.60611e+08	2.81668e+08	2.9845e+08	3.1601e+08	2.9014e+08	2.86428e+08	2.87695e+08	3.01508e+08	1.96726e+08	1.55683e+08	2.24386e+08	2.00297e+08	2.30326e+08	2.19027e+08	2.96886e+08	3.04689e+08	3.03323e+08	2.91158e+08	2.80134e+08	2.92661e+08	2.58763e+08	4.13383e+08	2.83597e+08	2.6278e+08	3.13947e+08	2.84722e+08	1.7189e+08	2.39277e+08	2.15176e+08	2.44258e+08	2.39066e+08	2.17118e+08	2.03759e+08	2.45731e+08	2.55097e+08	2.59911e+08	2.48812e+08	2.14214e+08	1.47671e+08	1.95555e+08	1.34795e+08	1.99243e+08	1.44018e+08	1.4188e+08	1.65492e+08	1.69019e+08	1.78533e+08	1.77875e+08	1.71481e+08	1.69283e+08	2.10466e+08	2.0925e+08	2.11025e+08	1.97168e+08	1.28176e+08	2.12804e+08	1.96836e+08	2.28884e+08	2.28313e+08	2.28195e+08	2.23305e+08	2.25862e+08	1.6662e+08	1.72818e+08	1.63192e+08	1.61291e+08	1.72523e+08	1.68554e+08	1.20916e+08	1.42756e+08	1.41666e+08	1.21955e+08	1.42955e+08	1.19632e+08	2.08039e+08	2.11931e+08	2.17899e+08	2.04108e+08	1.74632e+08	2.07858e+08	1.26192e+08	1.45156e+08	1.22662e+08	1.19908e+08	1.63285e+08	1.62344e+08
ERR621922	2.97688e+08	3.00658e+08	2.18032e+08	2.92285e+08	3.00194e+08	3.20182e+08	2.34019e+08	1.78862e+08	2.2968e+08	2.23732e+08	2.58711e+08	2.80128e+08	2.9696e+08	3.14719e+08	2.88971e+08	2.85351e+08	2.86431e+08	3.00249e+08	1.95913e+08	1.54756e+08	2.23467e+08	1.99317e+08	2.29411e+08	2.18224e+08	2.95624e+08	3.03129e+08	3.02081e+08	2.89712e+08	2.78699e+08	2.91374e+08	2.58529e+08	2.83597e+08	4.09877e+08	2.62415e+08	3.11918e+08	2.83128e+08	1.71014e+08	2.3856e+08	2.14355e+08	2.43521e+08	2.3821e+08	2.16308e+08	2.02633e+08	2.44838e+08	2.54011e+08	2.58655e+08	2.47923e+08	2.1312e+08	1.47478e+08	1.95282e+08	1.34236e+08	1.98945e+08	1.43533e+08	1.41577e+08	1.64935e+08	1.6848e+08	1.78053e+08	1.77379e+08	1.70526e+08	1.68499e+08	2.09568e+08	2.08452e+08	2.10204e+08	1.96398e+08	1.27441e+08	2.12269e+08	1.96071e+08	2.2784e+08	2.27472e+08	2.27134e+08	2.22411e+08	2.24988e+08	1.66105e+08	1.72099e+08	1.62582e+08	1.60594e+08	1.72062e+08	1.67915e+08	1.20381e+08	1.42257e+08	1.41086e+08	1.2136e+08	1.42392e+08	1.18983e+08	2.07053e+08	2.10859e+08	2.16951e+08	2.03342e+08	1.73879e+08	2.06593e+08	1.25606e+08	1.44383e+08	1.22077e+08	1.19355e+08	1.626e+08	1.61712e+08
