	ERR629940	ERR629944	ERR629945	ERR629943	ERR629942	ERR629941	ERR607710	ERR607709	ERR607705	ERR607708	ERR607706	ERR607707	ERR629982	ERR629983	ERR629986	ERR629984	ERR629985	ERR629987	ERR608590	ERR608587	ERR608589	ERR608588	ERR608586	ERR608585	ERR612903	ERR612904	ERR612906	ERR612907	ERR612908	ERR612905	ERR630047	ERR630042	ERR630044	ERR630046	ERR630045	ERR630043	ERR629879	ERR629876	ERR629878	ERR629875	ERR629874	ERR629877	ERR629867	ERR629863	ERR629866	ERR629865	ERR629862	ERR629864	ERR630451	ERR630447	ERR630448	ERR630449	ERR630450	ERR630446	ERR613401	ERR613405	ERR613402	ERR613403	ERR613404	ERR613406	ERR618690	ERR618687	ERR618689	ERR618688	ERR618692	ERR618691	ERR613196	ERR613194	ERR613193	ERR613192	ERR613191	ERR613195	ERR626775	ERR626772	ERR626774	ERR626773	ERR626771	ERR626776	ERR618472	ERR618474	ERR618476	ERR618471	ERR618475	ERR618473	ERR607490	ERR607491	ERR607489	ERR607488	ERR607492	ERR607487	ERR631037	ERR631036	ERR631041	ERR631040	ERR631038	ERR631039
ERR629940	9.78322e+09	8.57159e+09	8.68144e+09	8.70255e+09	9.44384e+09	8.87814e+09	7.37134e+09	7.31104e+09	6.72589e+09	7.27746e+09	7.10229e+09	7.06854e+09	8.20495e+09	7.3794e+09	7.20826e+09	8.10807e+09	7.33782e+09	7.2869e+09	6.42814e+09	6.66105e+09	6.38094e+09	6.39037e+09	6.14599e+09	4.56967e+09	7.8884e+09	5.9886e+09	6.77062e+09	6.54985e+09	6.63359e+09	7.40797e+09	6.95218e+09	7.0517e+09	6.77008e+09	6.68209e+09	5.91486e+09	6.32621e+09	5.53009e+09	6.21766e+09	5.48332e+09	5.60063e+09	6.30659e+09	5.562e+09	7.30209e+09	7.31772e+09	7.2142e+09	7.33095e+09	8.08483e+09	7.99132e+09	7.72847e+09	8.58377e+09	8.90671e+09	7.47776e+09	7.27193e+09	8.94602e+09	8.40049e+09	7.33558e+09	7.34838e+09	7.94423e+09	7.20631e+09	6.14412e+09	6.81233e+09	6.9803e+09	6.70136e+09	6.64952e+09	6.96522e+09	6.86543e+09	6.8132e+09	6.52587e+09	8.52564e+09	8.86137e+09	9.24965e+09	6.81774e+09	7.05546e+09	6.80019e+09	7.00818e+09	6.85008e+09	7.12112e+09	7.17891e+09	7.88874e+09	7.81103e+09	7.8506e+09	8.90003e+09	8.07224e+09	8.40003e+09	8.47985e+09	8.43146e+09	7.15746e+09	7.31883e+09	8.45158e+09	7.17022e+09	8.44998e+09	8.72453e+09	8.17967e+09	8.49892e+09	8.94598e+09	8.412e+09
ERR629944	8.57159e+09	8.04941e+09	7.92882e+09	7.94503e+09	8.50615e+09	8.0703e+09	6.79844e+09	6.74942e+09	6.23787e+09	6.72043e+09	6.56033e+09	6.54085e+09	7.38436e+09	6.69067e+09	6.56266e+09	7.30403e+09	6.67232e+09	6.63082e+09	5.85802e+09	6.05563e+09	5.81679e+09	5.82463e+09	5.61351e+09	4.22019e+09	7.21773e+09	5.554e+09	6.24067e+09	6.04464e+09	6.11804e+09	6.81318e+09	6.41703e+09	6.47311e+09	6.22441e+09	6.17759e+09	5.48981e+09	5.83673e+09	5.01822e+09	5.58787e+09	4.97796e+09	5.06534e+09	5.66191e+09	5.04474e+09	6.66225e+09	6.65602e+09	6.58541e+09	6.68486e+09	7.3058e+09	7.22668e+09	7.04967e+09	7.79925e+09	8.05822e+09	6.82378e+09	6.64742e+09	8.09416e+09	7.59685e+09	6.66426e+09	6.6993e+09	7.2128e+09	6.54995e+09	5.64376e+09	6.12501e+09	6.26978e+09	6.0346e+09	5.9936e+09	6.25128e+09	6.17139e+09	6.23232e+09	5.98702e+09	7.70753e+09	7.98783e+09	8.2964e+09	6.23825e+09	6.3271e+09	6.11863e+09	6.28715e+09	6.15672e+09	6.38681e+09	6.42848e+09	7.09871e+09	7.00731e+09	7.04338e+09	7.94869e+09	7.23041e+09	7.52575e+09	7.64746e+09	7.60556e+09	6.50944e+09	6.65685e+09	7.62174e+09	6.52897e+09	7.59326e+09	7.84044e+09	7.38376e+09	7.66248e+09	8.01842e+09	7.58517e+09
ERR629945	8.68144e+09	7.92882e+09	8.2325e+09	8.03626e+09	8.61444e+09	8.16564e+09	6.86559e+09	6.81564e+09	6.29529e+09	6.78579e+09	6.62288e+09	6.60253e+09	7.47875e+09	6.77159e+09	6.63949e+09	7.39631e+09	6.75137e+09	6.70964e+09	5.92368e+09	6.12515e+09	5.88192e+09	5.89e+09	5.67579e+09	4.2624e+09	7.29596e+09	5.60509e+09	6.30191e+09	6.1033e+09	6.17776e+09	6.8831e+09	6.48177e+09	6.54021e+09	6.288e+09	6.23917e+09	5.54156e+09	5.89468e+09	5.07863e+09	5.65918e+09	5.03736e+09	5.12689e+09	5.73468e+09	5.10492e+09	6.73809e+09	6.73245e+09	6.65916e+09	6.76028e+09	7.39352e+09	7.31322e+09	7.13014e+09	7.89257e+09	8.15727e+09	6.90058e+09	6.72144e+09	8.1944e+09	7.68956e+09	6.74092e+09	6.77513e+09	7.29867e+09	6.62514e+09	5.7029e+09	6.20609e+09	6.3528e+09	6.11316e+09	6.07045e+09	6.33457e+09	6.25241e+09	6.30089e+09	6.05172e+09	7.80211e+09	8.08847e+09	8.40416e+09	6.30723e+09	6.41141e+09	6.19761e+09	6.37025e+09	6.23692e+09	6.47141e+09	6.51478e+09	7.19131e+09	7.09986e+09	7.13581e+09	8.05771e+09	7.32684e+09	7.62696e+09	7.74365e+09	7.70163e+09	6.5852e+09	6.73514e+09	7.71768e+09	6.60445e+09	7.69047e+09	7.94187e+09	7.47588e+09	7.75908e+09	8.12349e+09	7.68119e+09
ERR629943	8.70255e+09	7.94503e+09	8.03626e+09	8.26894e+09	8.63496e+09	8.18402e+09	6.87718e+09	6.8269e+09	6.30477e+09	6.79712e+09	6.63467e+09	6.61345e+09	7.49727e+09	6.78709e+09	6.65406e+09	7.41447e+09	6.76653e+09	6.72357e+09	5.93573e+09	6.13764e+09	5.89417e+09	5.90188e+09	5.68627e+09	4.26845e+09	7.30962e+09	5.61394e+09	6.31334e+09	6.11396e+09	6.18904e+09	6.89543e+09	6.49134e+09	6.55216e+09	6.29927e+09	6.2483e+09	5.54928e+09	5.90444e+09	5.08967e+09	5.67397e+09	5.04869e+09	5.13898e+09	5.7498e+09	5.11677e+09	6.75021e+09	6.74581e+09	6.67179e+09	6.77326e+09	7.40925e+09	7.32843e+09	7.14528e+09	7.90967e+09	8.17588e+09	6.91598e+09	6.73569e+09	8.21268e+09	7.70808e+09	6.75705e+09	6.79029e+09	7.31517e+09	6.64065e+09	5.71361e+09	6.22141e+09	6.36922e+09	6.1284e+09	6.08579e+09	6.35048e+09	6.26851e+09	6.31424e+09	6.06285e+09	7.82085e+09	8.10919e+09	8.42635e+09	6.31981e+09	6.42796e+09	6.21345e+09	6.38669e+09	6.25284e+09	6.48851e+09	6.53165e+09	7.20956e+09	7.11805e+09	7.15455e+09	8.07931e+09	7.34623e+09	7.64711e+09	7.76266e+09	7.72045e+09	6.60048e+09	6.75032e+09	7.73648e+09	6.61935e+09	7.71109e+09	7.96235e+09	7.49448e+09	7.77886e+09	8.14524e+09	7.70033e+09
ERR629942	9.44384e+09	8.50615e+09	8.61444e+09	8.63496e+09	9.61262e+09	8.8068e+09	7.32061e+09	7.26111e+09	6.68271e+09	7.22741e+09	7.05457e+09	7.02164e+09	8.13269e+09	7.31823e+09	7.14996e+09	8.03787e+09	7.27781e+09	7.2276e+09	6.37772e+09	6.60802e+09	6.33097e+09	6.34014e+09	6.0986e+09	4.5375e+09	7.8289e+09	5.94873e+09	6.72315e+09	6.50458e+09	6.58753e+09	7.35454e+09	6.90219e+09	6.99898e+09	6.72e+09	6.63525e+09	5.87492e+09	6.28082e+09	5.4846e+09	6.16301e+09	5.43852e+09	5.55362e+09	6.25082e+09	5.51592e+09	7.24499e+09	7.25865e+09	7.15766e+09	7.27264e+09	8.01628e+09	7.92382e+09	7.66793e+09	8.51376e+09	8.83095e+09	7.41996e+09	7.21684e+09	8.87019e+09	8.32883e+09	7.27562e+09	7.2896e+09	7.87733e+09	7.14819e+09	6.09915e+09	6.7508e+09	6.91657e+09	6.64169e+09	6.59033e+09	6.90191e+09	6.80385e+09	6.76135e+09	6.47792e+09	8.45311e+09	8.78312e+09	9.16523e+09	6.76604e+09	6.99062e+09	6.73876e+09	6.94392e+09	6.7882e+09	7.0555e+09	7.11286e+09	7.8176e+09	7.73981e+09	7.77902e+09	8.81369e+09	7.99785e+09	8.32128e+09	8.40693e+09	8.35945e+09	7.10064e+09	7.26081e+09	8.37825e+09	7.11317e+09	8.37408e+09	8.64559e+09	8.10869e+09	8.42348e+09	8.86333e+09	8.33794e+09
ERR629941	8.87814e+09	8.0703e+09	8.16564e+09	8.18402e+09	8.8068e+09	8.54946e+09	6.97562e+09	6.92301e+09	6.39065e+09	6.89272e+09	6.73116e+09	6.7051e+09	7.65025e+09	6.91362e+09	6.76696e+09	7.56417e+09	6.88344e+09	6.83927e+09	6.03899e+09	6.24893e+09	5.99589e+09	6.00379e+09	5.78166e+09	4.32636e+09	7.42745e+09	5.68907e+09	6.40788e+09	6.20401e+09	6.28069e+09	6.99822e+09	6.57496e+09	6.65177e+09	6.3925e+09	6.32703e+09	5.61472e+09	5.98659e+09	5.18376e+09	5.79673e+09	5.14146e+09	5.24189e+09	5.87612e+09	5.21167e+09	6.86368e+09	6.86899e+09	6.78306e+09	6.88853e+09	7.55601e+09	7.47223e+09	7.26782e+09	8.04868e+09	8.3291e+09	7.03535e+09	6.84897e+09	8.36617e+09	7.85342e+09	6.883e+09	6.90621e+09	7.44649e+09	6.76383e+09	5.80238e+09	6.34568e+09	6.4971e+09	6.24751e+09	6.20234e+09	6.48107e+09	6.39404e+09	6.41897e+09	6.159e+09	7.97084e+09	8.26852e+09	8.60266e+09	6.42428e+09	6.56324e+09	6.33836e+09	6.52117e+09	6.38029e+09	6.62382e+09	6.67229e+09	7.35056e+09	7.26799e+09	7.30426e+09	8.2503e+09	7.50221e+09	7.80419e+09	7.91585e+09	7.87275e+09	6.72084e+09	6.87117e+09	7.88987e+09	6.73624e+09	7.87291e+09	8.126e+09	7.6412e+09	7.93132e+09	8.31813e+09	7.85183e+09
ERR607710	7.37134e+09	6.79844e+09	6.86559e+09	6.87718e+09	7.32061e+09	6.97562e+09	6.94258e+09	6.70904e+09	6.21159e+09	6.68204e+09	6.52122e+09	6.50422e+09	6.38837e+09	5.79154e+09	5.69076e+09	6.31951e+09	5.78371e+09	5.74981e+09	5.72651e+09	5.9169e+09	5.68731e+09	5.69912e+09	5.49891e+09	4.1633e+09	6.91024e+09	5.36048e+09	6.00004e+09	5.81822e+09	5.88324e+09	6.53987e+09	6.37599e+09	6.41722e+09	6.17659e+09	6.14501e+09	5.47203e+09	5.8016e+09	4.34095e+09	4.81544e+09	4.30328e+09	4.37084e+09	4.87846e+09	4.3599e+09	6.36745e+09	6.3487e+09	6.29527e+09	6.38457e+09	6.93992e+09	6.86933e+09	6.15814e+09	6.81853e+09	7.0348e+09	5.96087e+09	5.80497e+09	7.06762e+09	6.59062e+09	5.77028e+09	5.81713e+09	6.2579e+09	5.67229e+09	4.90803e+09	5.29821e+09	5.4214e+09	5.22025e+09	5.18396e+09	5.4081e+09	5.33798e+09	5.47993e+09	5.27238e+09	6.76896e+09	7.01342e+09	7.2739e+09	5.4863e+09	5.40647e+09	5.23095e+09	5.37169e+09	5.26169e+09	5.45788e+09	5.496e+09	6.11627e+09	6.02865e+09	6.05939e+09	6.85788e+09	6.22204e+09	6.48657e+09	6.63577e+09	6.60002e+09	5.65311e+09	5.78328e+09	6.61458e+09	5.67579e+09	6.54024e+09	6.76289e+09	6.36705e+09	6.61238e+09	6.9161e+09	6.54471e+09
ERR607709	7.31104e+09	6.74942e+09	6.81564e+09	6.8269e+09	7.26111e+09	6.92301e+09	6.70904e+09	6.84381e+09	6.1698e+09	6.63472e+09	6.47514e+09	6.45965e+09	6.33537e+09	5.74582e+09	5.64791e+09	6.26735e+09	5.73941e+09	5.70606e+09	5.68012e+09	5.86762e+09	5.64158e+09	5.6531e+09	5.45608e+09	4.1351e+09	6.8582e+09	5.32617e+09	5.95802e+09	5.77809e+09	5.84289e+09	6.49337e+09	6.33364e+09	6.37116e+09	6.13304e+09	6.10457e+09	5.43757e+09	5.76225e+09	4.30665e+09	4.77369e+09	4.26935e+09	4.33456e+09	4.83568e+09	4.32499e+09	6.31808e+09	6.29762e+09	6.24618e+09	6.3344e+09	6.88117e+09	6.81128e+09	6.1126e+09	6.76659e+09	6.97953e+09	5.91713e+09	5.76352e+09	7.01256e+09	6.53893e+09	5.72617e+09	5.77442e+09	6.2103e+09	5.62919e+09	4.87424e+09	5.25237e+09	5.37436e+09	5.17557e+09	5.14015e+09	5.36081e+09	5.29191e+09	5.44048e+09	5.23563e+09	6.716e+09	6.95736e+09	7.21336e+09	5.44693e+09	5.35983e+09	5.18679e+09	5.32589e+09	5.2168e+09	5.4112e+09	5.44767e+09	6.06558e+09	5.97675e+09	6.00751e+09	6.79836e+09	6.16848e+09	6.43086e+09	6.5818e+09	6.54673e+09	5.61007e+09	5.73936e+09	6.5604e+09	5.63315e+09	6.48624e+09	6.70716e+09	6.31632e+09	6.55943e+09	6.85752e+09	6.49211e+09
ERR607705	6.72589e+09	6.23787e+09	6.29529e+09	6.30477e+09	6.68271e+09	6.39065e+09	6.21159e+09	6.1698e+09	5.90604e+09	6.14735e+09	6.01444e+09	5.99945e+09	5.84195e+09	5.31178e+09	5.22293e+09	5.78128e+09	5.3063e+09	5.27698e+09	5.25803e+09	5.42536e+09	5.22332e+09	5.23336e+09	5.05615e+09	3.85533e+09	6.33386e+09	4.96512e+09	5.53635e+09	5.3736e+09	5.43172e+09	6.01219e+09	5.86708e+09	5.9032e+09	5.6909e+09	5.6632e+09	5.06275e+09	5.35784e+09	3.98318e+09	4.40507e+09	3.94937e+09	4.00899e+09	4.46092e+09	3.99963e+09	5.8395e+09	5.82128e+09	5.77489e+09	5.85331e+09	6.33959e+09	6.27778e+09	5.65697e+09	6.2424e+09	6.43151e+09	5.48025e+09	5.34165e+09	6.45974e+09	6.03231e+09	5.30195e+09	5.34598e+09	5.73958e+09	5.21498e+09	4.531e+09	4.83371e+09	4.94389e+09	4.76472e+09	4.73274e+09	4.93117e+09	4.869e+09	5.04712e+09	4.86219e+09	6.19469e+09	6.40834e+09	6.63464e+09	5.05267e+09	4.93285e+09	4.77773e+09	4.9031e+09	4.80425e+09	4.97951e+09	5.0118e+09	5.5834e+09	5.50261e+09	5.53021e+09	6.24137e+09	5.67603e+09	5.91127e+09	6.0708e+09	6.03958e+09	5.19598e+09	5.31297e+09	6.05196e+09	5.21714e+09	5.98343e+09	6.18165e+09	5.8302e+09	6.04897e+09	6.31631e+09	5.98794e+09
ERR607708	7.27746e+09	6.72043e+09	6.78579e+09	6.79712e+09	7.22741e+09	6.89272e+09	6.68204e+09	6.63472e+09	6.14735e+09	6.78885e+09	6.45048e+09	6.43508e+09	6.30571e+09	5.7196e+09	5.62235e+09	6.23829e+09	5.71382e+09	5.6807e+09	5.65681e+09	5.84283e+09	5.61837e+09	5.62971e+09	5.43371e+09	4.11979e+09	6.82843e+09	5.30612e+09	5.93476e+09	5.75598e+09	5.82015e+09	6.46687e+09	6.30866e+09	6.34549e+09	6.10917e+09	6.08089e+09	5.41761e+09	5.74105e+09	4.28624e+09	4.75064e+09	4.24895e+09	4.31415e+09	4.81205e+09	4.3048e+09	6.29058e+09	6.27013e+09	6.21948e+09	6.30703e+09	6.84957e+09	6.78007e+09	6.08584e+09	6.73562e+09	6.94734e+09	5.89114e+09	5.73838e+09	6.98022e+09	6.50857e+09	5.70041e+09	5.74849e+09	6.1822e+09	5.60396e+09	4.85353e+09	5.22639e+09	5.34785e+09	5.14997e+09	5.115e+09	5.33399e+09	5.26543e+09	5.41687e+09	5.21304e+09	6.68478e+09	6.92515e+09	7.17842e+09	5.42324e+09	5.33269e+09	5.16113e+09	5.29912e+09	5.19075e+09	5.38398e+09	5.42044e+09	6.03593e+09	5.94758e+09	5.97819e+09	6.76375e+09	6.13825e+09	6.39863e+09	6.55171e+09	6.51633e+09	5.58543e+09	5.71378e+09	6.53013e+09	5.60822e+09	6.45623e+09	6.67634e+09	6.28756e+09	6.52909e+09	6.8255e+09	6.46241e+09
ERR607706	7.10229e+09	6.56033e+09	6.62288e+09	6.63467e+09	7.05457e+09	6.73116e+09	6.52122e+09	6.47514e+09	6.01444e+09	6.45048e+09	6.48127e+09	6.28842e+09	6.16153e+09	5.59048e+09	5.49079e+09	6.09653e+09	5.58004e+09	5.54773e+09	5.5275e+09	5.71008e+09	5.48999e+09	5.50131e+09	5.30944e+09	4.02484e+09	6.66393e+09	5.19135e+09	5.80378e+09	5.6298e+09	5.69268e+09	6.31267e+09	6.14612e+09	6.19572e+09	5.96717e+09	5.92694e+09	5.28591e+09	5.60752e+09	4.1911e+09	4.64955e+09	4.15483e+09	4.22327e+09	4.70945e+09	4.20977e+09	6.14224e+09	6.12838e+09	6.07379e+09	6.15827e+09	6.69099e+09	6.62454e+09	5.94719e+09	6.57209e+09	6.77999e+09	5.75959e+09	5.61142e+09	6.80984e+09	6.35641e+09	5.57795e+09	5.61922e+09	6.03926e+09	5.48483e+09	4.748e+09	5.1021e+09	5.21958e+09	5.02661e+09	4.9919e+09	5.2066e+09	5.13923e+09	5.29716e+09	5.09745e+09	6.52771e+09	6.75995e+09	7.00768e+09	5.30295e+09	5.20822e+09	5.04027e+09	5.17656e+09	5.06914e+09	5.2578e+09	5.29374e+09	5.89007e+09	5.80903e+09	5.83806e+09	6.59703e+09	5.99356e+09	6.24196e+09	6.40149e+09	6.36826e+09	5.46517e+09	5.58848e+09	6.38124e+09	5.48512e+09	6.312e+09	6.52149e+09	6.14321e+09	6.3764e+09	6.66845e+09	6.3119e+09
ERR607707	7.06854e+09	6.54085e+09	6.60253e+09	6.61345e+09	7.02164e+09	6.7051e+09	6.50422e+09	6.45965e+09	5.99945e+09	6.43508e+09	6.28842e+09	6.44541e+09	6.12895e+09	5.56444e+09	5.47067e+09	6.06388e+09	5.5587e+09	5.52672e+09	5.50365e+09	5.68197e+09	5.46706e+09	5.47652e+09	5.28857e+09	4.01827e+09	6.63947e+09	5.17798e+09	5.78435e+09	5.61189e+09	5.67364e+09	6.29468e+09	6.14418e+09	6.18085e+09	5.95319e+09	5.92531e+09	5.2858e+09	5.59886e+09	4.16866e+09	4.61564e+09	4.13275e+09	4.19598e+09	4.67491e+09	4.18634e+09	6.1176e+09	6.09855e+09	6.04954e+09	6.13373e+09	6.65321e+09	6.58705e+09	5.92488e+09	6.55033e+09	6.75336e+09	5.73696e+09	5.58928e+09	6.7839e+09	6.32792e+09	5.54931e+09	5.59647e+09	6.01498e+09	5.45645e+09	4.73139e+09	5.07393e+09	5.19144e+09	5.00088e+09	4.967e+09	5.17731e+09	5.11174e+09	5.27694e+09	5.08018e+09	6.49916e+09	6.72874e+09	6.97144e+09	5.28348e+09	5.17758e+09	5.01294e+09	5.1451e+09	5.0407e+09	5.22774e+09	5.26092e+09	5.86229e+09	5.77608e+09	5.80506e+09	6.56324e+09	5.95991e+09	6.21099e+09	6.36931e+09	6.33598e+09	5.43879e+09	5.56253e+09	6.34864e+09	5.46063e+09	6.27601e+09	6.48776e+09	6.11341e+09	6.34647e+09	6.6309e+09	6.28197e+09
ERR629982	8.20495e+09	7.38436e+09	7.47875e+09	7.49727e+09	8.13269e+09	7.65025e+09	6.38837e+09	6.33537e+09	5.84195e+09	6.30571e+09	6.16153e+09	6.12895e+09	7.64982e+09	6.70419e+09	6.54564e+09	7.33172e+09	6.65876e+09	6.61232e+09	5.75591e+09	5.95538e+09	5.71609e+09	5.72094e+09	5.50925e+09	4.11766e+09	6.87629e+09	5.26199e+09	5.938e+09	5.75168e+09	5.82459e+09	6.46672e+09	6.04781e+09	6.15943e+09	5.9272e+09	5.82242e+09	5.18077e+09	5.55003e+09	5.10427e+09	5.72261e+09	5.06332e+09	5.17236e+09	5.79937e+09	5.13397e+09	6.49504e+09	6.52123e+09	6.41966e+09	6.51926e+09	7.16884e+09	7.08827e+09	6.85817e+09	7.55683e+09	7.82911e+09	6.65233e+09	6.47673e+09	7.86088e+09	7.42009e+09	6.54353e+09	6.53703e+09	7.03901e+09	6.43568e+09	5.51654e+09	6.21559e+09	6.36344e+09	6.11885e+09	6.07207e+09	6.35046e+09	6.26329e+09	6.09729e+09	5.84781e+09	7.53904e+09	7.81756e+09	8.14866e+09	6.10114e+09	6.4252e+09	6.19998e+09	6.3843e+09	6.24586e+09	6.4814e+09	6.53381e+09	7.06966e+09	7.01373e+09	7.04428e+09	7.91501e+09	7.23419e+09	7.50184e+09	7.50412e+09	7.46424e+09	6.4024e+09	6.5336e+09	7.48196e+09	6.40771e+09	7.50975e+09	7.73081e+09	7.27637e+09	7.53773e+09	7.916e+09	7.46701e+09
ERR629983	7.3794e+09	6.69067e+09	6.77159e+09	6.78709e+09	7.31823e+09	6.91362e+09	5.79154e+09	5.74582e+09	5.31178e+09	5.7196e+09	5.59048e+09	5.56444e+09	6.70419e+09	6.30209e+09	5.96854e+09	6.63285e+09	6.06597e+09	6.02605e+09	5.24386e+09	5.41557e+09	5.20864e+09	5.21276e+09	5.0276e+09	3.78895e+09	6.22648e+09	4.81116e+09	5.40746e+09	5.24327e+09	5.30803e+09	5.87275e+09	5.48722e+09	5.58047e+09	5.37709e+09	5.29028e+09	4.72615e+09	5.05006e+09	4.69679e+09	5.23278e+09	4.65997e+09	4.75391e+09	5.2985e+09	4.72266e+09	5.89957e+09	5.91887e+09	5.83445e+09	5.91995e+09	6.47467e+09	6.40535e+09	6.23482e+09	6.83756e+09	7.06387e+09	6.05593e+09	5.90435e+09	7.0922e+09	6.7118e+09	5.95574e+09	5.95464e+09	6.38846e+09	5.8622e+09	5.06481e+09	5.6681e+09	5.79647e+09	5.58536e+09	5.54553e+09	5.78419e+09	5.71036e+09	5.57257e+09	5.35523e+09	6.81425e+09	7.05101e+09	7.3275e+09	5.57599e+09	5.84757e+09	5.65468e+09	5.81163e+09	5.69372e+09	5.89694e+09	5.93925e+09	6.40957e+09	6.35667e+09	6.38176e+09	7.12685e+09	6.54411e+09	6.77733e+09	6.78049e+09	6.74677e+09	5.83627e+09	5.95203e+09	6.7615e+09	5.84344e+09	6.78064e+09	6.97389e+09	6.58769e+09	6.81233e+09	7.12744e+09	6.751e+09
ERR629986	7.20826e+09	6.56266e+09	6.63949e+09	6.65406e+09	7.14996e+09	6.76696e+09	5.69076e+09	5.64791e+09	5.22293e+09	5.62235e+09	5.49079e+09	5.47067e+09	6.54564e+09	5.96854e+09	6.05303e+09	6.47801e+09	5.94726e+09	5.90974e+09	5.14155e+09	5.30461e+09	5.10801e+09	5.11153e+09	4.93378e+09	3.73482e+09	6.10708e+09	4.73395e+09	5.30949e+09	5.15074e+09	5.21275e+09	5.76811e+09	5.40792e+09	5.48238e+09	5.28456e+09	5.21572e+09	4.66464e+09	4.96882e+09	4.60256e+09	5.10792e+09	4.56765e+09	4.6492e+09	5.16988e+09	4.62727e+09	5.78445e+09	5.79293e+09	5.721e+09	5.80379e+09	6.32691e+09	6.26047e+09	6.10915e+09	6.69738e+09	6.91074e+09	5.93242e+09	5.78729e+09	6.93879e+09	6.56587e+09	5.82662e+09	5.83658e+09	6.25547e+09	5.73474e+09	4.97468e+09	5.54507e+09	5.66988e+09	5.46688e+09	5.42979e+09	5.65445e+09	5.58556e+09	5.46496e+09	5.25783e+09	6.66262e+09	6.89014e+09	7.15116e+09	5.46951e+09	5.71315e+09	5.53057e+09	5.67848e+09	5.56629e+09	5.76244e+09	5.8004e+09	6.26944e+09	6.20747e+09	6.23229e+09	6.95881e+09	6.38896e+09	6.62171e+09	6.62428e+09	6.59146e+09	5.7108e+09	5.82613e+09	6.6051e+09	5.72212e+09	6.61592e+09	6.80779e+09	6.43849e+09	6.65781e+09	6.95334e+09	6.59818e+09
ERR629984	8.10807e+09	7.30403e+09	7.39631e+09	7.41447e+09	8.03787e+09	7.56417e+09	6.31951e+09	6.26735e+09	5.78128e+09	6.23829e+09	6.09653e+09	6.06388e+09	7.33172e+09	6.63285e+09	6.47801e+09	7.48e+09	6.58894e+09	6.54283e+09	5.69526e+09	5.89232e+09	5.65636e+09	5.66184e+09	5.45274e+09	4.07868e+09	6.80123e+09	5.2106e+09	5.87644e+09	5.69347e+09	5.76584e+09	6.39804e+09	5.9823e+09	6.09271e+09	5.86314e+09	5.76006e+09	5.12772e+09	5.49195e+09	5.05505e+09	5.66463e+09	5.01427e+09	5.12214e+09	5.73951e+09	5.08413e+09	6.42554e+09	6.45102e+09	6.3516e+09	6.44905e+09	7.08818e+09	7.00871e+09	6.78457e+09	7.47165e+09	7.73913e+09	6.58183e+09	6.40935e+09	7.76977e+09	7.33715e+09	6.47446e+09	6.469e+09	6.96269e+09	6.3687e+09	5.46372e+09	6.15009e+09	6.29504e+09	6.05401e+09	6.00828e+09	6.28255e+09	6.19674e+09	6.03655e+09	5.79031e+09	7.45391e+09	7.72815e+09	8.05256e+09	6.04014e+09	6.35597e+09	6.13377e+09	6.31533e+09	6.17914e+09	6.41094e+09	6.46188e+09	6.9903e+09	6.93529e+09	6.96466e+09	7.82054e+09	7.15133e+09	7.41535e+09	7.41865e+09	7.38061e+09	6.336e+09	6.4653e+09	7.39718e+09	6.34108e+09	7.42315e+09	7.64098e+09	7.1949e+09	7.45176e+09	7.82288e+09	7.38243e+09
ERR629985	7.33782e+09	6.67232e+09	6.75137e+09	6.76653e+09	7.27781e+09	6.88344e+09	5.78371e+09	5.73941e+09	5.3063e+09	5.71382e+09	5.58004e+09	5.5587e+09	6.65876e+09	6.06597e+09	5.94726e+09	6.58894e+09	6.24495e+09	6.00376e+09	5.22176e+09	5.38884e+09	5.18701e+09	5.19085e+09	5.00883e+09	3.78565e+09	6.20898e+09	4.80583e+09	5.39415e+09	5.23096e+09	5.29529e+09	5.86141e+09	5.49436e+09	5.5725e+09	5.37047e+09	5.29773e+09	4.73504e+09	5.04678e+09	4.66755e+09	5.18643e+09	4.63187e+09	4.71639e+09	5.25031e+09	4.69313e+09	5.87931e+09	5.88858e+09	5.81355e+09	5.8983e+09	6.43632e+09	6.36801e+09	6.20924e+09	6.81126e+09	7.03121e+09	6.02806e+09	5.8792e+09	7.05956e+09	6.6779e+09	5.92092e+09	5.92952e+09	6.35853e+09	5.8272e+09	5.04685e+09	5.63115e+09	5.7592e+09	5.55152e+09	5.51308e+09	5.74406e+09	5.67298e+09	5.5492e+09	5.33608e+09	6.77795e+09	7.01177e+09	7.28092e+09	5.55386e+09	5.80475e+09	5.61706e+09	5.76878e+09	5.65338e+09	5.85441e+09	5.89337e+09	6.37284e+09	6.31134e+09	6.33673e+09	7.08159e+09	6.49742e+09	6.73505e+09	6.73845e+09	6.70424e+09	5.80156e+09	5.91896e+09	6.71842e+09	5.81207e+09	6.73183e+09	6.92735e+09	6.54732e+09	6.77233e+09	7.07702e+09	6.71156e+09
ERR629987	7.2869e+09	6.63082e+09	6.70964e+09	6.72357e+09	7.2276e+09	6.83927e+09	5.74981e+09	5.70606e+09	5.27698e+09	5.6807e+09	5.54773e+09	5.52672e+09	6.61232e+09	6.02605e+09	5.90974e+09	6.54283e+09	6.00376e+09	6.16638e+09	5.1885e+09	5.35432e+09	5.15431e+09	5.15848e+09	4.97887e+09	3.76645e+09	6.17117e+09	4.77889e+09	5.36212e+09	5.20152e+09	5.26454e+09	5.82705e+09	5.46288e+09	5.53866e+09	5.33757e+09	5.26783e+09	4.70937e+09	5.01717e+09	4.63903e+09	5.15105e+09	4.60318e+09	4.6865e+09	5.21396e+09	4.66377e+09	5.84229e+09	5.85074e+09	5.77763e+09	5.86114e+09	6.39235e+09	6.32494e+09	6.16932e+09	6.76636e+09	6.98291e+09	5.98983e+09	5.84295e+09	7.01172e+09	6.63263e+09	5.88224e+09	5.89213e+09	6.31667e+09	5.78896e+09	5.01878e+09	5.5931e+09	5.71897e+09	5.51382e+09	5.47611e+09	5.70499e+09	5.63411e+09	5.51608e+09	5.30544e+09	6.73125e+09	6.96248e+09	7.22756e+09	5.52082e+09	5.76462e+09	5.57931e+09	5.72986e+09	5.61558e+09	5.81401e+09	5.85346e+09	6.32856e+09	6.26614e+09	6.29167e+09	7.0283e+09	6.45034e+09	6.68635e+09	6.69152e+09	6.65795e+09	5.76407e+09	5.88064e+09	6.67245e+09	5.77483e+09	6.6837e+09	6.87858e+09	6.5033e+09	6.72562e+09	7.02591e+09	6.66577e+09
ERR608590	6.42814e+09	5.85802e+09	5.92368e+09	5.93573e+09	6.37772e+09	6.03899e+09	5.72651e+09	5.68012e+09	5.25803e+09	5.65681e+09	5.5275e+09	5.50365e+09	5.75591e+09	5.24386e+09	5.14155e+09	5.69526e+09	5.22176e+09	5.1885e+09	5.38256e+09	5.35418e+09	5.15645e+09	5.16201e+09	4.98348e+09	3.77892e+09	5.9809e+09	4.65429e+09	5.21437e+09	5.06141e+09	5.12007e+09	5.65375e+09	5.46354e+09	5.54397e+09	5.34362e+09	5.27049e+09	4.71692e+09	5.02535e+09	4.08368e+09	4.53039e+09	4.04957e+09	4.12359e+09	4.58577e+09	4.10282e+09	5.63579e+09	5.64405e+09	5.57503e+09	5.65226e+09	6.15232e+09	6.08892e+09	5.45042e+09	5.97901e+09	6.17183e+09	5.29527e+09	5.16191e+09	6.1981e+09	5.85643e+09	5.19054e+09	5.20094e+09	5.5733e+09	5.11019e+09	4.43567e+09	4.93336e+09	5.04409e+09	4.8617e+09	4.82739e+09	5.03465e+09	4.97003e+09	4.90642e+09	4.72303e+09	5.98408e+09	6.19048e+09	6.42667e+09	4.90937e+09	5.03447e+09	4.86962e+09	5.00269e+09	4.90108e+09	5.0766e+09	5.11427e+09	5.56634e+09	5.51452e+09	5.53688e+09	6.19494e+09	5.67793e+09	5.8861e+09	5.913e+09	5.88448e+09	5.09753e+09	5.19843e+09	5.89634e+09	5.10795e+09	5.87104e+09	6.0453e+09	5.709e+09	5.90758e+09	6.1788e+09	5.85499e+09
ERR608587	6.66105e+09	6.05563e+09	6.12515e+09	6.13764e+09	6.60802e+09	6.24893e+09	5.9169e+09	5.86762e+09	5.42536e+09	5.84283e+09	5.71008e+09	5.68197e+09	5.95538e+09	5.41557e+09	5.30461e+09	5.89232e+09	5.38884e+09	5.35432e+09	5.35418e+09	5.7357e+09	5.31752e+09	5.32744e+09	5.14097e+09	3.88273e+09	6.18886e+09	4.79605e+09	5.38236e+09	5.22132e+09	5.28317e+09	5.84127e+09	5.63174e+09	5.72209e+09	5.51283e+09	5.43021e+09	4.85158e+09	5.17764e+09	4.20879e+09	4.68149e+09	4.17268e+09	4.25356e+09	4.73945e+09	4.22873e+09	5.821e+09	5.83408e+09	5.75715e+09	5.83822e+09	6.37194e+09	6.30563e+09	5.62923e+09	6.1837e+09	6.38817e+09	5.46785e+09	5.32842e+09	6.41497e+09	6.05772e+09	5.36067e+09	5.36855e+09	5.75845e+09	5.27675e+09	4.5681e+09	5.09655e+09	5.2113e+09	5.02049e+09	4.9833e+09	5.20358e+09	5.13413e+09	5.06063e+09	4.86816e+09	6.19177e+09	6.40941e+09	6.66104e+09	5.06359e+09	5.2033e+09	5.02865e+09	5.16991e+09	5.06269e+09	5.24532e+09	5.28744e+09	5.75564e+09	5.70522e+09	5.72846e+09	6.41647e+09	5.87612e+09	6.09275e+09	6.12187e+09	6.09108e+09	5.26401e+09	5.36899e+09	6.10435e+09	5.27333e+09	6.07877e+09	6.25861e+09	5.90499e+09	6.11232e+09	6.40188e+09	6.05708e+09
ERR608589	6.38094e+09	5.81679e+09	5.88192e+09	5.89417e+09	6.33097e+09	5.99589e+09	5.68731e+09	5.64158e+09	5.22332e+09	5.61837e+09	5.48999e+09	5.46706e+09	5.71609e+09	5.20864e+09	5.10801e+09	5.65636e+09	5.18701e+09	5.15431e+09	5.15645e+09	5.31752e+09	5.31197e+09	5.12763e+09	4.95088e+09	3.75622e+09	5.9388e+09	4.62311e+09	5.17906e+09	5.02687e+09	5.08501e+09	5.6147e+09	5.42647e+09	5.50575e+09	5.30778e+09	5.23528e+09	4.68588e+09	4.99183e+09	4.06e+09	4.50272e+09	4.02602e+09	4.09911e+09	4.55753e+09	4.07894e+09	5.59722e+09	5.60477e+09	5.53689e+09	5.61362e+09	6.10804e+09	6.04631e+09	5.41235e+09	5.93674e+09	6.12816e+09	5.25892e+09	5.1272e+09	6.15373e+09	5.81454e+09	5.15419e+09	5.16535e+09	5.53446e+09	5.07514e+09	4.40784e+09	4.90199e+09	5.01187e+09	4.83123e+09	4.79694e+09	5.0018e+09	4.93793e+09	4.87335e+09	4.69223e+09	5.94167e+09	6.14567e+09	6.38029e+09	4.87707e+09	5.00115e+09	4.83785e+09	4.96996e+09	4.86866e+09	5.04242e+09	5.0805e+09	5.5289e+09	5.47702e+09	5.49889e+09	6.15156e+09	5.63919e+09	5.84523e+09	5.87206e+09	5.84344e+09	5.06425e+09	5.16423e+09	5.8559e+09	5.07464e+09	5.82908e+09	6.00201e+09	5.66851e+09	5.86554e+09	6.13331e+09	5.81304e+09
ERR608588	6.39037e+09	5.82463e+09	5.89e+09	5.90188e+09	6.34014e+09	6.00379e+09	5.69912e+09	5.6531e+09	5.23336e+09	5.62971e+09	5.50131e+09	5.47652e+09	5.72094e+09	5.21276e+09	5.11153e+09	5.66184e+09	5.19085e+09	5.15848e+09	5.16201e+09	5.32744e+09	5.12763e+09	5.32822e+09	4.95803e+09	3.76007e+09	5.95178e+09	4.632e+09	5.18897e+09	5.03567e+09	5.09464e+09	5.6243e+09	5.43029e+09	5.51008e+09	5.31239e+09	5.23859e+09	4.6889e+09	4.99502e+09	4.06263e+09	4.50711e+09	4.02862e+09	4.10215e+09	4.56162e+09	4.08155e+09	5.60251e+09	5.61057e+09	5.54235e+09	5.61913e+09	6.1165e+09	6.05445e+09	5.41847e+09	5.94299e+09	6.13488e+09	5.26449e+09	5.13314e+09	6.16033e+09	5.82185e+09	5.16062e+09	5.1713e+09	5.54004e+09	5.08091e+09	4.41194e+09	4.90664e+09	5.01507e+09	4.8347e+09	4.80051e+09	5.00717e+09	4.94241e+09	4.87916e+09	4.69739e+09	5.9479e+09	6.15372e+09	6.3892e+09	4.8824e+09	5.00669e+09	4.84249e+09	4.97505e+09	4.87405e+09	5.04718e+09	5.08597e+09	5.53436e+09	5.48334e+09	5.506e+09	6.15734e+09	5.64655e+09	5.85169e+09	5.87906e+09	5.85027e+09	5.06871e+09	5.16858e+09	5.86214e+09	5.07866e+09	5.83702e+09	6.00883e+09	5.67539e+09	5.87228e+09	6.14258e+09	5.81935e+09
ERR608586	6.14599e+09	5.61351e+09	5.67579e+09	5.68627e+09	6.0986e+09	5.78166e+09	5.49891e+09	5.45608e+09	5.05615e+09	5.43371e+09	5.30944e+09	5.28857e+09	5.50925e+09	5.0276e+09	4.93378e+09	5.45274e+09	5.00883e+09	4.97887e+09	4.98348e+09	5.14097e+09	4.95088e+09	4.95803e+09	4.97598e+09	3.65185e+09	5.73532e+09	4.48078e+09	5.00942e+09	4.86439e+09	4.91972e+09	5.42754e+09	5.2494e+09	5.31894e+09	5.13026e+09	5.06686e+09	4.54261e+09	4.8305e+09	3.92991e+09	4.35007e+09	3.89709e+09	3.9651e+09	4.4021e+09	3.94764e+09	5.40282e+09	5.40719e+09	5.34581e+09	5.41762e+09	5.88549e+09	5.82643e+09	5.22425e+09	5.72616e+09	5.9068e+09	5.07735e+09	4.95265e+09	5.93168e+09	5.60629e+09	4.97536e+09	4.9882e+09	5.33922e+09	4.89864e+09	4.26595e+09	4.73425e+09	4.83813e+09	4.6668e+09	4.6337e+09	4.82966e+09	4.76857e+09	4.71147e+09	4.53965e+09	5.72759e+09	5.92114e+09	6.14295e+09	4.71455e+09	4.82672e+09	4.67109e+09	4.79686e+09	4.70105e+09	4.86624e+09	4.90189e+09	5.33255e+09	5.28126e+09	5.30231e+09	5.92297e+09	5.43546e+09	5.63378e+09	5.65907e+09	5.63106e+09	4.88894e+09	4.98503e+09	5.64292e+09	4.9002e+09	5.61661e+09	5.78248e+09	5.46617e+09	5.6535e+09	5.90736e+09	5.60332e+09
ERR608585	4.56967e+09	4.22019e+09	4.2624e+09	4.26845e+09	4.5375e+09	4.32636e+09	4.1633e+09	4.1351e+09	3.85533e+09	4.11979e+09	4.02484e+09	4.01827e+09	4.11766e+09	3.78895e+09	3.73482e+09	4.07868e+09	3.78565e+09	3.76645e+09	3.77892e+09	3.88273e+09	3.75622e+09	3.76007e+09	3.65185e+09	2.99485e+09	4.31043e+09	3.44191e+09	3.80372e+09	3.70327e+09	3.74068e+09	4.1035e+09	4.00738e+09	4.03306e+09	3.90151e+09	3.88073e+09	3.51194e+09	3.69782e+09	3.00398e+09	3.28483e+09	2.98001e+09	3.0174e+09	3.31991e+09	3.01465e+09	4.06868e+09	4.05904e+09	4.02836e+09	4.07695e+09	4.38349e+09	4.34302e+09	3.93784e+09	4.29375e+09	4.41232e+09	3.83169e+09	3.74603e+09	4.43076e+09	4.19675e+09	3.74838e+09	3.77022e+09	4.01502e+09	3.69437e+09	3.26793e+09	3.57368e+09	3.64795e+09	3.52975e+09	3.50782e+09	3.63891e+09	3.59805e+09	3.57909e+09	3.46333e+09	4.28178e+09	4.41489e+09	4.56149e+09	3.58211e+09	3.63123e+09	3.52674e+09	3.60999e+09	3.54603e+09	3.66086e+09	3.68257e+09	3.99956e+09	3.95348e+09	3.96826e+09	4.40603e+09	4.06082e+09	4.20726e+09	4.22461e+09	4.20441e+09	3.68844e+09	3.75887e+09	4.21222e+09	3.70103e+09	4.18718e+09	4.30974e+09	4.09333e+09	4.22611e+09	4.39176e+09	4.19038e+09
ERR612903	7.8884e+09	7.21773e+09	7.29596e+09	7.30962e+09	7.8289e+09	7.42745e+09	6.91024e+09	6.8582e+09	6.33386e+09	6.82843e+09	6.66393e+09	6.63947e+09	6.87629e+09	6.22648e+09	6.10708e+09	6.80123e+09	6.20898e+09	6.17117e+09	5.9809e+09	6.18886e+09	5.9388e+09	5.95178e+09	5.73532e+09	4.31043e+09	7.65268e+09	5.7066e+09	6.41915e+09	6.2188e+09	6.29178e+09	7.00923e+09	6.53458e+09	6.59818e+09	6.34277e+09	6.2904e+09	5.59001e+09	5.9474e+09	4.7105e+09	5.24228e+09	4.67009e+09	4.75131e+09	5.31064e+09	4.73258e+09	6.73076e+09	6.72479e+09	6.65422e+09	6.75169e+09	7.37893e+09	7.30051e+09	6.58299e+09	7.28557e+09	7.52728e+09	6.37505e+09	6.20821e+09	7.56099e+09	7.13187e+09	6.24923e+09	6.2881e+09	6.76715e+09	6.14341e+09	5.30165e+09	5.7478e+09	5.88234e+09	5.6622e+09	5.62146e+09	5.86844e+09	5.79135e+09	5.92788e+09	5.69774e+09	7.33032e+09	7.59701e+09	7.89354e+09	5.93407e+09	5.88221e+09	5.68706e+09	5.8451e+09	5.72294e+09	5.93761e+09	5.98094e+09	6.61493e+09	6.53107e+09	6.56463e+09	7.42145e+09	6.74167e+09	7.02087e+09	7.12829e+09	7.08936e+09	6.06759e+09	6.20367e+09	7.10636e+09	6.08675e+09	7.06629e+09	7.29981e+09	6.86813e+09	7.12979e+09	7.47071e+09	7.0575e+09
ERR612904	5.9886e+09	5.554e+09	5.60509e+09	5.61394e+09	5.94873e+09	5.68907e+09	5.36048e+09	5.32617e+09	4.96512e+09	5.30612e+09	5.19135e+09	5.17798e+09	5.26199e+09	4.81116e+09	4.73395e+09	5.2106e+09	4.80583e+09	4.77889e+09	4.65429e+09	4.79605e+09	4.62311e+09	4.632e+09	4.48078e+09	3.44191e+09	5.7066e+09	4.69133e+09	5.03383e+09	4.89532e+09	4.94504e+09	5.43427e+09	5.08496e+09	5.12094e+09	4.94093e+09	4.91359e+09	4.41234e+09	4.66292e+09	3.68352e+09	4.05339e+09	3.65411e+09	3.70571e+09	4.1007e+09	3.69863e+09	5.19242e+09	5.18076e+09	5.14017e+09	5.20699e+09	5.625e+09	5.57226e+09	5.08951e+09	5.58303e+09	5.74405e+09	4.94024e+09	4.82322e+09	5.76862e+09	5.47672e+09	4.85635e+09	4.89393e+09	5.22852e+09	4.77959e+09	4.18723e+09	4.42155e+09	4.51897e+09	4.36274e+09	4.33588e+09	4.50609e+09	4.45362e+09	4.64287e+09	4.48084e+09	5.6185e+09	5.79777e+09	5.99016e+09	4.64938e+09	4.51785e+09	4.38299e+09	4.49124e+09	4.40562e+09	4.55907e+09	4.58559e+09	5.06616e+09	4.99661e+09	5.02013e+09	5.62657e+09	5.14525e+09	5.34596e+09	5.45201e+09	5.42496e+09	4.70911e+09	4.80795e+09	5.43569e+09	4.72593e+09	5.397e+09	5.56431e+09	5.26529e+09	5.45154e+09	5.67888e+09	5.39865e+09
ERR612906	6.77062e+09	6.24067e+09	6.30191e+09	6.31334e+09	6.72315e+09	6.40788e+09	6.00004e+09	5.95802e+09	5.53635e+09	5.93476e+09	5.80378e+09	5.78435e+09	5.938e+09	5.40746e+09	5.30949e+09	5.87644e+09	5.39415e+09	5.36212e+09	5.21437e+09	5.38236e+09	5.17906e+09	5.18897e+09	5.00942e+09	3.80372e+09	6.41915e+09	5.03383e+09	5.80512e+09	5.46249e+09	5.52241e+09	6.09222e+09	5.67405e+09	5.73029e+09	5.52086e+09	5.4742e+09	4.8944e+09	5.1948e+09	4.12131e+09	4.5616e+09	4.08746e+09	4.15488e+09	4.61788e+09	4.14018e+09	5.83709e+09	5.83243e+09	5.7756e+09	5.85509e+09	6.35911e+09	6.29573e+09	5.71428e+09	6.28547e+09	6.47966e+09	5.543e+09	5.40589e+09	6.50702e+09	6.17019e+09	5.4516e+09	5.48321e+09	5.87724e+09	5.36332e+09	4.66232e+09	4.97814e+09	5.09025e+09	4.90837e+09	4.87463e+09	5.07831e+09	5.01609e+09	5.19191e+09	4.99999e+09	6.3383e+09	6.54894e+09	6.78272e+09	5.19805e+09	5.09359e+09	4.93307e+09	5.06311e+09	4.96169e+09	5.14009e+09	5.17439e+09	5.71207e+09	5.64068e+09	5.66819e+09	6.36984e+09	5.8143e+09	6.04201e+09	6.15345e+09	6.12174e+09	5.2856e+09	5.39761e+09	6.13545e+09	5.30138e+09	6.09937e+09	6.29062e+09	5.93848e+09	6.15397e+09	6.42777e+09	6.09337e+09
ERR612907	6.54985e+09	6.04464e+09	6.1033e+09	6.11396e+09	6.50458e+09	6.20401e+09	5.81822e+09	5.77809e+09	5.3736e+09	5.75598e+09	5.6298e+09	5.61189e+09	5.75168e+09	5.24327e+09	5.15074e+09	5.69347e+09	5.23096e+09	5.20152e+09	5.06141e+09	5.22132e+09	5.02687e+09	5.03567e+09	4.86439e+09	3.70327e+09	6.2188e+09	4.89532e+09	5.46249e+09	5.47778e+09	5.3622e+09	5.90699e+09	5.50475e+09	5.55756e+09	5.35646e+09	5.31349e+09	4.75626e+09	5.04343e+09	4.00485e+09	4.4261e+09	3.97195e+09	4.0354e+09	4.48015e+09	4.02207e+09	5.65836e+09	5.65262e+09	5.59957e+09	5.67559e+09	6.15644e+09	6.09574e+09	5.53964e+09	6.08688e+09	6.27229e+09	5.37498e+09	5.24359e+09	6.2986e+09	5.97742e+09	5.28853e+09	5.32017e+09	5.69674e+09	5.20362e+09	4.53209e+09	4.82797e+09	4.93525e+09	4.76e+09	4.72871e+09	4.92348e+09	4.86351e+09	5.04073e+09	4.8574e+09	6.13725e+09	6.33913e+09	6.56137e+09	5.04717e+09	4.93801e+09	4.78433e+09	4.9085e+09	4.81114e+09	4.98239e+09	5.01495e+09	5.53407e+09	5.4648e+09	5.49103e+09	6.16402e+09	5.63098e+09	5.84988e+09	5.95812e+09	5.92788e+09	5.12604e+09	5.23465e+09	5.94064e+09	5.14249e+09	5.90518e+09	6.08861e+09	5.7518e+09	5.95806e+09	6.21993e+09	5.90012e+09
ERR612908	6.63359e+09	6.11804e+09	6.17776e+09	6.18904e+09	6.58753e+09	6.28069e+09	5.88324e+09	5.84289e+09	5.43172e+09	5.82015e+09	5.69268e+09	5.67364e+09	5.82459e+09	5.30803e+09	5.21275e+09	5.76584e+09	5.29529e+09	5.26454e+09	5.12007e+09	5.28317e+09	5.08501e+09	5.09464e+09	4.91972e+09	3.74068e+09	6.29178e+09	4.94504e+09	5.52241e+09	5.3622e+09	5.59914e+09	5.97413e+09	5.56541e+09	5.62042e+09	5.41688e+09	5.37052e+09	4.80554e+09	5.09866e+09	4.05273e+09	4.48188e+09	4.01896e+09	4.08508e+09	4.53716e+09	4.0701e+09	5.7263e+09	5.72119e+09	5.66608e+09	5.74356e+09	6.23379e+09	6.17221e+09	5.60662e+09	6.16231e+09	6.35106e+09	5.44004e+09	5.30669e+09	6.37784e+09	6.05168e+09	5.35268e+09	5.38315e+09	5.76676e+09	5.26673e+09	4.58301e+09	4.88901e+09	4.99777e+09	4.81995e+09	4.7872e+09	4.98635e+09	4.9255e+09	5.09871e+09	4.91203e+09	6.21432e+09	6.41939e+09	6.64611e+09	5.10453e+09	5.00134e+09	4.84446e+09	4.9716e+09	4.87218e+09	5.0464e+09	5.07936e+09	5.60458e+09	5.53456e+09	5.56143e+09	6.24461e+09	5.7044e+09	5.92573e+09	6.03495e+09	6.00374e+09	5.18943e+09	5.29883e+09	6.01733e+09	5.20543e+09	5.98183e+09	6.16794e+09	5.82533e+09	6.03478e+09	6.30162e+09	5.9761e+09
ERR612905	7.40797e+09	6.81318e+09	6.8831e+09	6.89543e+09	7.35454e+09	6.99822e+09	6.53987e+09	6.49337e+09	6.01219e+09	6.46687e+09	6.31267e+09	6.29468e+09	6.46672e+09	5.87275e+09	5.76811e+09	6.39804e+09	5.86141e+09	5.82705e+09	5.65375e+09	5.84127e+09	5.6147e+09	5.6243e+09	5.42754e+09	4.1035e+09	7.00923e+09	5.43427e+09	6.09222e+09	5.90699e+09	5.97413e+09	6.83939e+09	6.19611e+09	6.24558e+09	6.00967e+09	5.97097e+09	5.31947e+09	5.64633e+09	4.44955e+09	4.93169e+09	4.41162e+09	4.48246e+09	4.99461e+09	4.46925e+09	6.35373e+09	6.34181e+09	6.2838e+09	6.37238e+09	6.93517e+09	6.86348e+09	6.21618e+09	6.86677e+09	7.08317e+09	6.02169e+09	5.86821e+09	7.11484e+09	6.72061e+09	5.9041e+09	5.94661e+09	6.38945e+09	5.8052e+09	5.03188e+09	5.40708e+09	5.53204e+09	5.33008e+09	5.29313e+09	5.51762e+09	5.44819e+09	5.61546e+09	5.40375e+09	6.90644e+09	7.14782e+09	7.41085e+09	5.62216e+09	5.53001e+09	5.3528e+09	5.49575e+09	5.38476e+09	5.58246e+09	5.6196e+09	6.22256e+09	6.13738e+09	6.16852e+09	6.96081e+09	6.33134e+09	6.59277e+09	6.70581e+09	6.67002e+09	5.7293e+09	5.8573e+09	6.68502e+09	5.75011e+09	6.64019e+09	6.85936e+09	6.46408e+09	6.7076e+09	7.01233e+09	6.63962e+09
ERR630047	6.95218e+09	6.41703e+09	6.48177e+09	6.49134e+09	6.90219e+09	6.57496e+09	6.37599e+09	6.33364e+09	5.86708e+09	6.30866e+09	6.14612e+09	6.14418e+09	6.04781e+09	5.48722e+09	5.40792e+09	5.9823e+09	5.49436e+09	5.46288e+09	5.46354e+09	5.63174e+09	5.42647e+09	5.43029e+09	5.2494e+09	4.00738e+09	6.53458e+09	5.08496e+09	5.67405e+09	5.50475e+09	5.56541e+09	6.19611e+09	6.47047e+09	6.28916e+09	6.05687e+09	6.05217e+09	5.39858e+09	5.70266e+09	4.11174e+09	4.5401e+09	4.07631e+09	4.12614e+09	4.59879e+09	4.1296e+09	6.05461e+09	6.01934e+09	5.98626e+09	6.06996e+09	6.56915e+09	6.5024e+09	5.83554e+09	6.47092e+09	6.66688e+09	5.64355e+09	5.49801e+09	6.6995e+09	6.24235e+09	5.45283e+09	5.51381e+09	5.93203e+09	5.35947e+09	4.65573e+09	5.03362e+09	5.15698e+09	4.96386e+09	4.93506e+09	5.13433e+09	5.07215e+09	5.18182e+09	4.98988e+09	6.39817e+09	6.62704e+09	6.8661e+09	5.18934e+09	5.13207e+09	4.97203e+09	5.09902e+09	4.99793e+09	5.18635e+09	5.21292e+09	5.81534e+09	5.71405e+09	5.74308e+09	6.51907e+09	5.90023e+09	6.16549e+09	6.28282e+09	6.24771e+09	5.35288e+09	5.47881e+09	6.26118e+09	5.37949e+09	6.17781e+09	6.39979e+09	6.02478e+09	6.26284e+09	6.53746e+09	6.1974e+09
ERR630042	7.0517e+09	6.47311e+09	6.54021e+09	6.55216e+09	6.99898e+09	6.65177e+09	6.41722e+09	6.37116e+09	5.9032e+09	6.34549e+09	6.19572e+09	6.18085e+09	6.15943e+09	5.58047e+09	5.48238e+09	6.09271e+09	5.5725e+09	5.53866e+09	5.54397e+09	5.72209e+09	5.50575e+09	5.51008e+09	5.31894e+09	4.03306e+09	6.59818e+09	5.12094e+09	5.73029e+09	5.55756e+09	5.62042e+09	6.24558e+09	6.28916e+09	6.54382e+09	6.11311e+09	6.06201e+09	5.40362e+09	5.74303e+09	4.19699e+09	4.65855e+09	4.16031e+09	4.22592e+09	4.72e+09	4.21673e+09	6.1338e+09	6.11889e+09	6.06444e+09	6.15182e+09	6.68922e+09	6.61958e+09	5.91121e+09	6.54286e+09	6.75346e+09	5.72241e+09	5.57214e+09	6.78363e+09	6.3375e+09	5.55068e+09	5.59207e+09	6.01848e+09	5.45653e+09	4.71723e+09	5.13523e+09	5.26129e+09	5.06043e+09	5.02837e+09	5.24078e+09	5.17485e+09	5.25232e+09	5.05104e+09	6.49225e+09	6.72694e+09	6.98028e+09	5.25879e+09	5.24546e+09	5.07618e+09	5.21223e+09	5.10474e+09	5.2995e+09	5.32948e+09	5.91641e+09	5.83009e+09	5.85844e+09	6.63719e+09	6.01942e+09	6.27437e+09	6.3885e+09	6.35372e+09	5.44553e+09	5.56782e+09	6.36778e+09	5.46558e+09	6.29535e+09	6.50972e+09	6.12329e+09	6.36151e+09	6.65628e+09	6.296e+09
ERR630044	6.77008e+09	6.22441e+09	6.288e+09	6.29927e+09	6.72e+09	6.3925e+09	6.17659e+09	6.13304e+09	5.6909e+09	6.10917e+09	5.96717e+09	5.95319e+09	5.9272e+09	5.37709e+09	5.28456e+09	5.86314e+09	5.37047e+09	5.33757e+09	5.34362e+09	5.51283e+09	5.30778e+09	5.31239e+09	5.13026e+09	3.90151e+09	6.34277e+09	4.94093e+09	5.52086e+09	5.35646e+09	5.41688e+09	6.00967e+09	6.05687e+09	6.11311e+09	6.07995e+09	5.84202e+09	5.21638e+09	5.53972e+09	4.05279e+09	4.49297e+09	4.0182e+09	4.07965e+09	4.55045e+09	4.07203e+09	5.90618e+09	5.89085e+09	5.84057e+09	5.9234e+09	6.42917e+09	6.3638e+09	5.69221e+09	6.29115e+09	6.48959e+09	5.51316e+09	5.37132e+09	6.51798e+09	6.09323e+09	5.34657e+09	5.38695e+09	5.79125e+09	5.25723e+09	4.55351e+09	4.94768e+09	5.06726e+09	4.87656e+09	4.84638e+09	5.04756e+09	4.98529e+09	5.06269e+09	4.87117e+09	6.23949e+09	6.46169e+09	6.70051e+09	5.06866e+09	5.05165e+09	4.8904e+09	5.01968e+09	4.91744e+09	5.10325e+09	5.13098e+09	5.693e+09	5.61046e+09	5.63761e+09	6.37677e+09	5.7907e+09	6.03303e+09	6.14366e+09	6.11079e+09	5.24877e+09	5.36531e+09	6.12391e+09	5.26817e+09	6.05494e+09	6.25845e+09	5.8923e+09	6.11747e+09	6.39627e+09	6.05611e+09
