	ERR622581	ERR622579	ERR622577	ERR622578	ERR622582	ERR622580	ERR626884	ERR626883	ERR626881	ERR626880	ERR626882	ERR626879	ERR613256	ERR613253	ERR613252	ERR613251	ERR613254	ERR613255	ERR613905	ERR613903	ERR613907	ERR613906	ERR613904	ERR613902	ERR636787	ERR636789	ERR636788	ERR636790	ERR636792	ERR636791	ERR621996	ERR621991	ERR621992	ERR621994	ERR621995	ERR621993	ERR629929	ERR629932	ERR629933	ERR629928	ERR629931	ERR629930	ERR636835	ERR636838	ERR636836	ERR636839	ERR636840	ERR636837	ERR611343	ERR611344	ERR611346	ERR611341	ERR611345	ERR611342	ERR617751	ERR617755	ERR617754	ERR617752	ERR617756	ERR617753	ERR631325	ERR631323	ERR631328	ERR631327	ERR631326	ERR631324	ERR617267	ERR617269	ERR617265	ERR617270	ERR617266	ERR617268	ERR616987	ERR616986	ERR616989	ERR616988	ERR616990	ERR616985	ERR606652	ERR606653	ERR606651	ERR606648	ERR606649	ERR606650	ERR613788	ERR613791	ERR613790	ERR613793	ERR613792	ERR613789	ERR618319	ERR618317	ERR618316	ERR618320	ERR618318	ERR618315
ERR622581	0	0.818507	0.769675	0.774483	0.779705	0.784513	0.884694	0.921979	0.892454	0.893243	0.920625	0.884027	0.943144	0.912715	0.906495	0.905017	0.948034	0.944308	0.905271	0.90061	0.8918	0.905033	0.912434	0.893354	0.926586	0.919224	0.920119	0.914644	0.912981	0.913137	0.942806	0.928121	0.935079	0.935211	0.941364	0.935117	1.11395	1.1176	1.11583	1.10375	1.11555	1.1047	0.931478	0.921966	0.926413	0.921636	0.92051	0.92529	1.10403	1.10885	1.10774	1.10743	1.10558	1.10988	1.21172	1.10866	1.11157	1.20788	1.10622	1.20664	0.916456	0.926617	0.929718	0.92921	0.928362	0.931365	1.11463	1.106	1.11484	1.10574	1.11558	1.10549	1.09602	1.09818	1.10856	1.10658	1.1072	1.09993	1.0324	1.03482	1.04455	1.07933	1.03184	1.03577	1.06725	1.07689	1.08962	1.0759	1.07664	1.07361	1.11664	1.1101	1.1142	1.12217	1.1147	1.11325
ERR622579	0.818507	0	0.804803	0.807796	0.816237	0.81984	0.920344	0.95213	0.927299	0.928514	0.951354	0.91989	0.96732	0.941244	0.934803	0.93343	0.972437	0.969121	0.941549	0.93822	0.930543	0.941317	0.949099	0.931842	0.96074	0.95517	0.955226	0.951108	0.949788	0.949794	0.975286	0.962257	0.969201	0.968615	0.974308	0.969258	1.13602	1.13975	1.13857	1.12626	1.13794	1.12684	0.96627	0.958516	0.960828	0.958533	0.95753	0.961283	1.12558	1.13216	1.12988	1.12909	1.12794	1.13095	1.21956	1.13022	1.13336	1.21571	1.1281	1.21468	0.95246	0.961084	0.964088	0.963743	0.963066	0.965221	1.13561	1.1277	1.13675	1.12722	1.13646	1.12707	1.11942	1.12148	1.13236	1.13044	1.13149	1.12368	1.05124	1.05409	1.06234	1.09429	1.05065	1.05457	1.0925	1.10076	1.11392	1.10012	1.10082	1.0984	1.13882	1.13212	1.13632	1.14392	1.13634	1.13577
ERR622577	0.769675	0.804803	0	0.748021	0.76534	0.771617	0.856036	0.896095	0.864963	0.866814	0.89465	0.854095	0.925542	0.889607	0.882103	0.878531	0.932319	0.92684	0.879884	0.875442	0.864448	0.879471	0.891027	0.865666	0.906253	0.897963	0.897361	0.892827	0.890912	0.891337	0.917156	0.89983	0.908841	0.908205	0.91575	0.909175	1.09387	1.0991	1.09721	1.08224	1.09675	1.08349	0.909779	0.899677	0.902262	0.899255	0.89757	0.902917	1.08183	1.08994	1.08689	1.08561	1.08473	1.08816	1.19015	1.08746	1.09128	1.18551	1.08516	1.18425	0.888309	0.900006	0.904404	0.903906	0.90261	0.905234	1.09349	1.08394	1.095	1.0834	1.09433	1.08311	1.07466	1.07726	1.09016	1.08825	1.08933	1.07994	1.0169	1.01994	1.03083	1.07126	1.01605	1.02019	1.04504	1.05525	1.07092	1.05426	1.05497	1.05229	1.09733	1.08979	1.09457	1.10369	1.09485	1.09417
ERR622578	0.774483	0.807796	0.748021	0	0.77009	0.776348	0.863702	0.902981	0.872531	0.873901	0.901406	0.862178	0.930617	0.896012	0.889109	0.885465	0.937162	0.931915	0.887294	0.882653	0.872316	0.88702	0.897507	0.874144	0.912588	0.904595	0.90406	0.899645	0.897722	0.898749	0.9247	0.907586	0.916031	0.915822	0.922936	0.916597	1.09954	1.1045	1.10279	1.08831	1.10232	1.08942	0.916435	0.90691	0.909633	0.906826	0.905191	0.910052	1.08782	1.09567	1.09264	1.09166	1.09078	1.09411	1.19471	1.09336	1.09674	1.19039	1.09092	1.18917	0.896812	0.908214	0.912215	0.911599	0.910806	0.912848	1.09914	1.08989	1.10041	1.08929	1.10014	1.08923	1.08073	1.08319	1.09579	1.09379	1.09481	1.08579	1.02061	1.02334	1.03409	1.07319	1.01976	1.02402	1.05094	1.06048	1.07559	1.05956	1.06052	1.05752	1.10307	1.09552	1.10025	1.10908	1.10054	1.09992
ERR622582	0.779705	0.816237	0.76534	0.77009	0	0.781508	0.880064	0.918229	0.888237	0.889596	0.916876	0.879498	0.939985	0.908687	0.902552	0.901094	0.945227	0.94117	0.901034	0.896464	0.887431	0.900586	0.908309	0.888778	0.923424	0.915878	0.916881	0.911353	0.909549	0.909421	0.939253	0.924332	0.931662	0.931772	0.9378	0.93161	1.11172	1.11543	1.11381	1.10177	1.1134	1.10286	0.927848	0.918445	0.922603	0.918374	0.917243	0.921693	1.10188	1.10683	1.10551	1.10542	1.10331	1.10768	1.20952	1.10611	1.10904	1.2055	1.10393	1.20463	0.912386	0.922747	0.925919	0.925082	0.92392	0.927313	1.11223	1.10358	1.11252	1.10317	1.11308	1.10283	1.09354	1.0956	1.10629	1.10451	1.1049	1.0975	1.03045	1.03331	1.04307	1.07808	1.03035	1.03439	1.06487	1.07441	1.08715	1.07354	1.0741	1.07115	1.11436	1.10778	1.11197	1.11993	1.11249	1.11102
ERR622580	0.784513	0.81984	0.771617	0.776348	0.781508	0	0.885773	0.923377	0.894195	0.894915	0.921885	0.885176	0.944276	0.914115	0.908039	0.906554	0.94932	0.945588	0.907283	0.902351	0.893428	0.906963	0.913711	0.894973	0.928796	0.921259	0.921896	0.916922	0.914532	0.915044	0.944542	0.929812	0.936537	0.936936	0.943159	0.936729	1.11453	1.11841	1.11662	1.10459	1.11635	1.10561	0.932979	0.923893	0.928217	0.923556	0.922443	0.927226	1.10514	1.1098	1.10863	1.10849	1.10665	1.11094	1.21229	1.10909	1.11194	1.20837	1.10686	1.20734	0.918054	0.928267	0.931371	0.93069	0.929675	0.93314	1.11515	1.10696	1.11544	1.10644	1.11626	1.106	1.0968	1.09873	1.10888	1.10709	1.10748	1.10056	1.03271	1.03539	1.04495	1.07935	1.0325	1.03636	1.06798	1.0776	1.0901	1.07665	1.07759	1.07426	1.11747	1.1107	1.11499	1.12286	1.11528	1.11385
ERR626884	0.884694	0.920344	0.856036	0.863702	0.880064	0.885773	0	0.795072	0.759643	0.762201	0.792851	0.7478	0.953556	0.917031	0.909923	0.903113	0.960613	0.953939	0.877643	0.872078	0.861303	0.87708	0.89091	0.861679	0.883512	0.874474	0.873174	0.868392	0.865889	0.86746	0.899148	0.881843	0.890204	0.889808	0.898084	0.890606	1.07709	1.08255	1.08069	1.06506	1.0798	1.06633	0.905517	0.89515	0.896288	0.894654	0.892288	0.897968	1.06693	1.07598	1.0722	1.07133	1.07045	1.07372	1.16986	1.07534	1.07941	1.16478	1.07288	1.1636	0.844017	0.857754	0.861634	0.861117	0.860416	0.862088	1.07657	1.06636	1.07834	1.06579	1.07721	1.06562	1.05895	1.06132	1.07532	1.07333	1.0747	1.06473	1.03702	1.03987	1.05173	1.09422	1.03611	1.04015	1.02963	1.03979	1.05678	1.0389	1.03962	1.03702	1.08118	1.07317	1.0785	1.08771	1.07813	1.07814
ERR626883	0.921979	0.95213	0.896095	0.902981	0.918229	0.923377	0.795072	0	0.803167	0.805197	0.824795	0.793618	0.977681	0.946135	0.940287	0.933947	0.984023	0.97729	0.912742	0.908969	0.899676	0.9119	0.9259	0.900393	0.917856	0.911177	0.90931	0.905833	0.903866	0.9055	0.93259	0.91771	0.925471	0.924597	0.931961	0.925653	1.10364	1.10894	1.10728	1.09232	1.10649	1.093	0.940281	0.931905	0.932052	0.931812	0.9294	0.934259	1.09314	1.10324	1.09891	1.09739	1.09704	1.09899	1.17904	1.10062	1.10503	1.17436	1.0983	1.17327	0.881899	0.89276	0.895849	0.895475	0.894884	0.894877	1.10059	1.09125	1.10331	1.09072	1.10135	1.09072	1.08618	1.08865	1.1026	1.1008	1.10229	1.09239	1.07002	1.07243	1.08332	1.12352	1.06853	1.07222	1.05915	1.06812	1.08477	1.06723	1.06772	1.06628	1.1074	1.09981	1.10488	1.11325	1.10446	1.10503
ERR626881	0.892454	0.927299	0.864963	0.872531	0.888237	0.894195	0.759643	0.803167	0	0.769738	0.800957	0.755896	0.959194	0.923966	0.917201	0.910942	0.965884	0.959175	0.885183	0.879914	0.869352	0.884512	0.898013	0.869946	0.890668	0.882142	0.880998	0.876319	0.873616	0.875435	0.906229	0.889225	0.897527	0.897174	0.905233	0.898205	1.08253	1.08769	1.08592	1.0709	1.08504	1.07186	0.912972	0.903244	0.904477	0.902599	0.900057	0.905855	1.07278	1.08149	1.07789	1.07716	1.07584	1.0793	1.17354	1.08071	1.08489	1.16855	1.07831	1.16748	0.85279	0.865531	0.869305	0.869008	0.868174	0.869214	1.08211	1.07197	1.08361	1.07156	1.08268	1.07135	1.06464	1.0671	1.0807	1.07875	1.07989	1.07018	1.04309	1.04592	1.0574	1.09904	1.04216	1.04616	1.0351	1.04535	1.06191	1.04433	1.04519	1.04265	1.08636	1.0787	1.08403	1.09284	1.08365	1.08361
ERR626880	0.893243	0.928514	0.866814	0.873901	0.889596	0.894915	0.762201	0.805197	0.769738	0	0.803259	0.757771	0.961233	0.926299	0.919801	0.91423	0.967555	0.961313	0.887489	0.881498	0.871604	0.886752	0.898898	0.87202	0.891456	0.883225	0.88209	0.87704	0.874465	0.875849	0.907852	0.891027	0.899152	0.89909	0.906986	0.900129	1.08305	1.08807	1.08617	1.07149	1.08531	1.07262	0.914511	0.904102	0.905799	0.90385	0.901275	0.906608	1.07371	1.08141	1.0785	1.07754	1.07656	1.07984	1.17804	1.08149	1.08527	1.17338	1.07914	1.17234	0.854844	0.867549	0.871362	0.870585	0.870041	0.871576	1.08249	1.07287	1.08416	1.07277	1.08376	1.07233	1.06488	1.06736	1.08053	1.07844	1.07956	1.07015	1.04328	1.04613	1.05775	1.09907	1.04255	1.04602	1.03596	1.04618	1.06199	1.04525	1.04605	1.04349	1.08699	1.0793	1.08428	1.09319	1.08422	1.08353
ERR626882	0.920625	0.951354	0.89465	0.901406	0.916876	0.921885	0.792851	0.824795	0.800957	0.803259	0	0.7913	0.976472	0.944622	0.938423	0.931877	0.98224	0.976019	0.910302	0.906868	0.897053	0.909761	0.924172	0.897836	0.917215	0.90992	0.908051	0.90506	0.902627	0.904194	0.931131	0.915876	0.923661	0.922526	0.930146	0.923595	1.10234	1.10765	1.10597	1.09057	1.10527	1.09154	0.938688	0.930328	0.93035	0.929926	0.927766	0.93236	1.09171	1.10202	1.09743	1.09594	1.09552	1.09764	1.17722	1.09966	1.10408	1.1725	1.09693	1.17135	0.880236	0.890478	0.89432	0.893921	0.893736	0.893178	1.09922	1.08965	1.10222	1.08936	1.09987	1.08912	1.08492	1.08728	1.10158	1.09966	1.10113	1.09135	1.06951	1.07221	1.08282	1.12345	1.06805	1.07154	1.05849	1.0673	1.0843	1.06663	1.06738	1.06575	1.10625	1.09854	1.10369	1.1122	1.10311	1.10414
ERR626879	0.884027	0.91989	0.854095	0.862178	0.879498	0.885176	0.7478	0.793618	0.755896	0.757771	0.7913	0	0.952921	0.91547	0.908383	0.901878	0.960241	0.953132	0.875563	0.869737	0.858601	0.874423	0.888733	0.859316	0.881857	0.873169	0.871413	0.866756	0.864141	0.866171	0.896728	0.878999	0.887576	0.887389	0.895653	0.888513	1.07504	1.08031	1.07854	1.06283	1.07766	1.0639	0.90379	0.89322	0.894481	0.892696	0.890003	0.895781	1.0644	1.07344	1.06987	1.0688	1.06771	1.07117	1.16951	1.0734	1.07744	1.16469	1.07081	1.16362	0.842908	0.856017	0.86037	0.859796	0.859205	0.860589	1.0744	1.06397	1.07614	1.06375	1.07521	1.0634	1.0567	1.05899	1.07324	1.07112	1.07236	1.06231	1.03375	1.03688	1.04871	1.09206	1.03291	1.03674	1.02614	1.03691	1.05385	1.03598	1.03646	1.03398	1.0788	1.07066	1.07617	1.08574	1.07611	1.07571
ERR613256	0.943144	0.96732	0.925542	0.930617	0.939985	0.944276	0.953556	0.977681	0.959194	0.961233	0.976472	0.952921	0	0.824892	0.81892	0.813509	0.860576	0.853302	0.918706	0.917818	0.909823	0.918128	0.93252	0.910688	0.971817	0.966928	0.96495	0.962769	0.96165	0.962358	0.959462	0.946632	0.953495	0.951786	0.957997	0.953026	1.11203	1.11736	1.11581	1.10121	1.11537	1.10198	0.933983	0.927829	0.927889	0.927112	0.925354	0.930116	1.1027	1.11312	1.10839	1.10701	1.10639	1.10861	1.18096	1.10927	1.11388	1.17675	1.10677	1.17564	0.944204	0.952257	0.955459	0.955222	0.954418	0.954583	1.10271	1.09379	1.10554	1.09347	1.10315	1.09339	1.09418	1.09625	1.11075	1.10906	1.11028	1.10077	1.07492	1.07757	1.08732	1.12564	1.07349	1.0767	1.07817	1.08611	1.10247	1.08515	1.08551	1.08443	1.11845	1.11123	1.11547	1.12393	1.1154	1.1169
ERR613253	0.912715	0.941244	0.889607	0.896012	0.908687	0.914115	0.917031	0.946135	0.923966	0.926299	0.944622	0.91547	0.824892	0	0.771923	0.763619	0.834596	0.824723	0.885313	0.883085	0.873363	0.885056	0.902359	0.873878	0.942277	0.93595	0.933776	0.931124	0.928858	0.930681	0.925964	0.909897	0.91831	0.91676	0.92438	0.918212	1.08438	1.09097	1.089	1.07168	1.08862	1.07269	0.902401	0.894773	0.894148	0.893479	0.891368	0.896941	1.07274	1.08525	1.07947	1.0778	1.07753	1.07935	1.16013	1.08136	1.0866	1.15533	1.07888	1.15418	0.907288	0.918305	0.922204	0.92191	0.921214	0.920993	1.07452	1.06428	1.0782	1.06412	1.07488	1.06389	1.06562	1.06816	1.08473	1.08275	1.08436	1.07338	1.04328	1.04636	1.05719	1.10049	1.04119	1.04485	1.04735	1.05628	1.07468	1.05534	1.0559	1.05484	1.09153	1.083	1.08809	1.09748	1.08751	1.08972
ERR613252	0.906495	0.934803	0.882103	0.889109	0.902552	0.908039	0.909923	0.940287	0.917201	0.919801	0.938423	0.908383	0.81892	0.771923	0	0.753267	0.829498	0.818913	0.879901	0.877689	0.867002	0.879268	0.897672	0.867704	0.938047	0.931114	0.928385	0.92574	0.923822	0.925245	0.92024	0.903533	0.912526	0.91103	0.918736	0.912649	1.0792	1.08589	1.08401	1.06604	1.08359	1.0674	0.897342	0.888453	0.887997	0.887556	0.885054	0.891436	1.06703	1.0803	1.07424	1.07208	1.07225	1.07373	1.15528	1.07647	1.08211	1.14994	1.0736	1.14862	0.900896	0.912542	0.916905	0.916308	0.915517	0.915208	1.06973	1.05909	1.07356	1.05856	1.0702	1.05867	1.06054	1.06295	1.08028	1.07842	1.07985	1.06821	1.03684	1.03983	1.05075	1.09531	1.03429	1.03809	1.04154	1.05059	1.06991	1.04977	1.05036	1.04924	1.08626	1.07763	1.08312	1.09233	1.0823	1.08472
ERR613251	0.905017	0.93343	0.878531	0.885465	0.901094	0.906554	0.903113	0.933947	0.910942	0.91423	0.931877	0.901878	0.813509	0.763619	0.753267	0	0.824855	0.813969	0.873057	0.871211	0.859989	0.872431	0.893864	0.860757	0.934587	0.927794	0.924397	0.922147	0.920051	0.921746	0.915217	0.897807	0.907343	0.905074	0.913535	0.907402	1.07438	1.08191	1.08015	1.06043	1.07933	1.06151	0.893334	0.884476	0.882478	0.883431	0.880713	0.8872	1.06093	1.07663	1.0691	1.06644	1.067	1.06788	1.14336	1.07115	1.07711	1.13725	1.0682	1.13569	0.893223	0.905689	0.91013	0.909798	0.909116	0.908001	1.06386	1.05221	1.06865	1.05164	1.06379	1.05173	1.05568	1.05828	1.07749	1.07531	1.07754	1.06461	1.03451	1.03734	1.04854	1.09538	1.03181	1.03567	1.03678	1.04591	1.06701	1.04474	1.04531	1.04468	1.0818	1.07269	1.07824	1.08784	1.07738	1.08061
ERR613254	0.948034	0.972437	0.932319	0.937162	0.945227	0.94932	0.960613	0.984023	0.965884	0.967555	0.98224	0.960241	0.860576	0.834596	0.829498	0.824855	0	0.86049	0.925407	0.924096	0.916972	0.924901	0.937844	0.917915	0.976508	0.971802	0.970725	0.967938	0.966389	0.96755	0.965487	0.95409	0.96014	0.958917	0.964297	0.959284	1.11707	1.12215	1.12047	1.10678	1.12039	1.10775	0.940304	0.934582	0.934735	0.933888	0.932289	0.936457	1.10912	1.1182	1.11404	1.11314	1.1124	1.11496	1.18809	1.11467	1.11912	1.18412	1.11268	1.18319	0.950484	0.957995	0.961156	0.96004	0.959849	0.96069	1.10809	1.09972	1.11042	1.0994	1.10846	1.09936	1.09972	1.10165	1.11524	1.11376	1.11479	1.10572	1.08009	1.08247	1.09197	1.12879	1.07874	1.08197	1.0838	1.09157	1.10685	1.09077	1.09112	1.08992	1.12383	1.1167	1.12086	1.12846	1.12038	1.12166
ERR613255	0.944308	0.969121	0.92684	0.931915	0.94117	0.945588	0.953939	0.97729	0.959175	0.961313	0.976019	0.953132	0.853302	0.824723	0.818913	0.813969	0.86049	0	0.918766	0.917727	0.909702	0.918442	0.932412	0.910398	0.971319	0.966598	0.964788	0.96242	0.961074	0.962312	0.958799	0.946135	0.953062	0.951653	0.957663	0.952185	1.11145	1.11663	1.11522	1.10053	1.11482	1.10138	0.933831	0.928098	0.927987	0.927539	0.925765	0.930367	1.1024	1.1122	1.10777	1.10652	1.10632	1.10834	1.18117	1.10886	1.11351	1.17703	1.10677	1.17609	0.943663	0.951675	0.954923	0.954275	0.953978	0.953677	1.10231	1.09352	1.10501	1.09336	1.10278	1.09303	1.09393	1.09604	1.11012	1.10834	1.10984	1.10022	1.07573	1.07849	1.08795	1.12619	1.07413	1.07752	1.07816	1.08574	1.10199	1.08505	1.08571	1.08445	1.11787	1.11062	1.11528	1.12313	1.11471	1.11653
ERR613905	0.905271	0.941549	0.879884	0.887294	0.901034	0.907283	0.877643	0.912742	0.885183	0.887489	0.910302	0.875563	0.918706	0.885313	0.879901	0.873057	0.925407	0.918766	0	0.761972	0.750143	0.762837	0.784963	0.750717	0.895928	0.888935	0.886847	0.88391	0.882497	0.883445	0.897764	0.882242	0.890104	0.888783	0.896671	0.889766	1.08974	1.09472	1.09342	1.07762	1.0927	1.07848	0.871597	0.861719	0.863618	0.861002	0.859444	0.865819	1.07906	1.08912	1.08529	1.08385	1.08317	1.08562	1.15615	1.08303	1.08755	1.15005	1.08027	1.14874	0.861862	0.874683	0.877655	0.877756	0.877209	0.878763	1.08018	1.06953	1.08349	1.06895	1.08046	1.06904	1.0708	1.07279	1.08828	1.08626	1.08761	1.07684	1.04737	1.05027	1.06196	1.10309	1.04612	1.04987	1.02715	1.03774	1.05609	1.03676	1.03736	1.03502	1.09328	1.08542	1.09077	1.09963	1.09016	1.09115
ERR613903	0.90061	0.93822	0.875442	0.882653	0.896464	0.902351	0.872078	0.908969	0.879914	0.881498	0.906868	0.869737	0.917818	0.883085	0.877689	0.871211	0.924096	0.917727	0.761972	0	0.74472	0.761924	0.776587	0.742799	0.889221	0.881526	0.880642	0.876188	0.875197	0.875891	0.891492	0.875381	0.882852	0.88263	0.890162	0.882995	1.08327	1.08788	1.08637	1.07136	1.08581	1.07216	0.865527	0.854621	0.857341	0.85359	0.851832	0.858621	1.07361	1.0821	1.07901	1.07792	1.07676	1.08017	1.16092	1.07691	1.08133	1.15544	1.07419	1.15401	0.856404	0.869409	0.872672	0.872458	0.871771	0.873943	1.07549	1.06477	1.07786	1.06435	1.07577	1.06441	1.06413	1.06612	1.08072	1.07867	1.07943	1.06977	1.03974	1.04261	1.05448	1.09579	1.03882	1.04264	1.02073	1.03157	1.04898	1.0306	1.03112	1.02846	1.08714	1.07932	1.08442	1.09317	1.08394	1.08423
ERR613907	0.8918	0.930543	0.864448	0.872316	0.887431	0.893428	0.861303	0.899676	0.869352	0.871604	0.897053	0.858601	0.909823	0.873363	0.867002	0.859989	0.916972	0.909702	0.750143	0.74472	0	0.749809	0.769413	0.731594	0.881491	0.873136	0.872127	0.867039	0.865699	0.866585	0.882306	0.865104	0.873881	0.872916	0.881088	0.873818	1.07413	1.07935	1.07776	1.06186	1.07677	1.06278	0.857279	0.845322	0.848164	0.844009	0.842475	0.849418	1.06368	1.07289	1.06934	1.06834	1.06718	1.07044	1.15207	1.06804	1.07205	1.14629	1.06493	1.14479	0.844539	0.858648	0.862098	0.861545	0.861154	0.863222	1.06671	1.05555	1.06943	1.0548	1.06683	1.05482	1.05474	1.05691	1.07219	1.07024	1.07111	1.06065	1.03238	1.03541	1.04794	1.09055	1.03148	1.03535	1.0131	1.02427	1.04258	1.02348	1.02396	1.02125	1.07809	1.07017	1.0754	1.08433	1.07506	1.07505
ERR613906	0.905033	0.941317	0.879471	0.88702	0.900586	0.906963	0.87708	0.9119	0.884512	0.886752	0.909761	0.874423	0.918128	0.885056	0.879268	0.872431	0.924901	0.918442	0.762837	0.761924	0.749809	0	0.785162	0.75061	0.895406	0.888548	0.886468	0.883044	0.882073	0.882794	0.896491	0.88133	0.889047	0.887591	0.895542	0.888746	1.08906	1.09424	1.09237	1.07693	1.09182	1.0776	0.870774	0.860806	0.862886	0.860247	0.858558	0.86498	1.07838	1.08848	1.08443	1.08313	1.08244	1.08501	1.15595	1.08225	1.08661	1.15006	1.07942	1.14846	0.861505	0.874666	0.877898	0.877487	0.876859	0.878476	1.07976	1.06882	1.08304	1.06815	1.07985	1.06828	1.07002	1.07229	1.08754	1.08568	1.08688	1.07644	1.04619	1.0492	1.06079	1.10188	1.04511	1.04859	1.02614	1.0367	1.05471	1.03547	1.03627	1.03384	1.09278	1.08463	1.08994	1.09878	1.08929	1.09017
ERR613904	0.912434	0.949099	0.891027	0.897507	0.908309	0.913711	0.89091	0.9259	0.898013	0.898898	0.924172	0.888733	0.93252	0.902359	0.897672	0.893864	0.937844	0.932412	0.784963	0.776587	0.769413	0.785162	0	0.767904	0.902082	0.894827	0.895181	0.890348	0.889481	0.890079	0.907573	0.893447	0.899598	0.8998	0.906585	0.899883	1.09757	1.10117	1.09966	1.08698	1.09927	1.0878	0.87964	0.87002	0.873687	0.869102	0.867861	0.873527	1.08981	1.09478	1.09342	1.09339	1.09144	1.09593	1.18257	1.09171	1.09521	1.17787	1.08935	1.17681	0.877481	0.88905	0.891815	0.891306	0.890756	0.893996	1.09096	1.08212	1.09226	1.08183	1.09188	1.0815	1.07837	1.0806	1.09229	1.09047	1.09092	1.08287	1.05111	1.05387	1.06517	1.10293	1.0509	1.05393	1.03464	1.04547	1.05971	1.04455	1.04492	1.04164	1.10092	1.0941	1.09868	1.10681	1.09819	1.09746
ERR613902	0.893354	0.931842	0.865666	0.874144	0.888778	0.894973	0.861679	0.900393	0.869946	0.87202	0.897836	0.859316	0.910688	0.873878	0.867704	0.860757	0.917915	0.910398	0.750717	0.742799	0.731594	0.75061	0.767904	0	0.882709	0.874255	0.873257	0.868455	0.866981	0.868117	0.883555	0.866202	0.874852	0.873824	0.882196	0.874728	1.07432	1.07933	1.07752	1.06163	1.07688	1.06218	0.858187	0.846456	0.849004	0.845418	0.843455	0.850783	1.06355	1.07307	1.06948	1.06826	1.06737	1.07042	1.15087	1.0676	1.07224	1.14476	1.06495	1.14327	0.84539	0.85995	0.863504	0.862739	0.862372	0.864156	1.06619	1.05532	1.06909	1.05436	1.06678	1.05451	1.05437	1.05681	1.07227	1.06994	1.07143	1.06064	1.03314	1.03621	1.04851	1.09106	1.0319	1.03586	1.01307	1.02432	1.04309	1.02344	1.02386	1.02122	1.07799	1.0698	1.07536	1.08438	1.07478	1.07501
ERR636787	0.926586	0.96074	0.906253	0.912588	0.923424	0.928796	0.883512	0.917856	0.890668	0.891456	0.917215	0.881857	0.971817	0.942277	0.938047	0.934587	0.976508	0.971319	0.895928	0.889221	0.881491	0.895406	0.902082	0.882709	0	0.771895	0.772248	0.768334	0.766247	0.766974	0.891195	0.877137	0.883612	0.883593	0.889801	0.883244	1.11417	1.11728	1.11623	1.10418	1.11564	1.1051	0.863366	0.855031	0.858427	0.853761	0.85306	0.857888	1.10538	1.10989	1.10856	1.10886	1.10674	1.11117	1.21259	1.11016	1.11319	1.20875	1.10779	1.20763	0.820723	0.832783	0.835211	0.834687	0.834416	0.838484	1.1121	1.10374	1.1121	1.10353	1.11302	1.10339	1.09295	1.09481	1.10588	1.10359	1.10399	1.09633	1.06322	1.06631	1.07761	1.11271	1.0636	1.06731	1.05341	1.064	1.0766	1.06296	1.06355	1.05947	1.11508	1.10864	1.11294	1.12049	1.11288	1.11155
ERR636789	0.919224	0.95517	0.897963	0.904595	0.915878	0.921259	0.874474	0.911177	0.882142	0.883225	0.90992	0.873169	0.966928	0.93595	0.931114	0.927794	0.971802	0.966598	0.888935	0.881526	0.873136	0.888548	0.894827	0.874255	0.771895	0	0.763419	0.757729	0.756104	0.757227	0.884252	0.869007	0.87553	0.875778	0.882755	0.875478	1.10612	1.10924	1.10794	1.0961	1.10748	1.09668	0.8565	0.846924	0.850757	0.845458	0.844356	0.849813	1.09707	1.10116	1.1004	1.10077	1.09824	1.10293	1.20981	1.10213	1.1055	1.20611	1.10006	1.20489	0.810634	0.823731	0.826054	0.825625	0.825025	0.829665	1.1047	1.09611	1.10411	1.09586	1.10563	1.09545	1.08425	1.08602	1.09672	1.09474	1.09533	1.08725	1.05613	1.05919	1.07065	1.10696	1.0564	1.06035	1.04652	1.05742	1.0702	1.05624	1.05723	1.05291	1.10664	1.10026	1.10444	1.11232	1.10449	1.10265
ERR636788	0.920119	0.955226	0.897361	0.90406	0.916881	0.921896	0.873174	0.90931	0.880998	0.88209	0.908051	0.871413	0.96495	0.933776	0.928385	0.924397	0.970725	0.964788	0.886847	0.880642	0.872127	0.886468	0.895181	0.873257	0.772248	0.763419	0	0.759105	0.756913	0.758475	0.88308	0.867697	0.875024	0.874409	0.881634	0.874736	1.10653	1.11006	1.109	1.0961	1.10822	1.09648	0.856206	0.846596	0.849777	0.845342	0.844234	0.849523	1.09626	1.10224	1.10058	1.10005	1.09863	1.10262	1.20466	1.10229	1.10559	1.20048	1.10004	1.19907	0.809369	0.822024	0.824895	0.824414	0.823817	0.827438	1.10442	1.09548	1.10457	1.09518	1.10542	1.09496	1.08471	1.08647	1.09869	1.09672	1.09719	1.08857	1.05744	1.06039	1.07177	1.10899	1.05757	1.06128	1.0467	1.05701	1.07133	1.05622	1.05703	1.05295	1.10716	1.10061	1.10515	1.11296	1.10491	1.10378
ERR636790	0.914644	0.951108	0.892827	0.899645	0.911353	0.916922	0.868392	0.905833	0.876319	0.87704	0.90506	0.866756	0.962769	0.931124	0.92574	0.922147	0.967938	0.96242	0.88391	0.876188	0.867039	0.883044	0.890348	0.868455	0.768334	0.757729	0.759105	0	0.74522	0.747272	0.879636	0.863772	0.87111	0.870905	0.878084	0.870681	1.10188	1.10469	1.10332	1.09137	1.10289	1.09229	0.851911	0.840788	0.845434	0.839553	0.838379	0.844155	1.09243	1.09654	1.09561	1.09593	1.09377	1.09849	1.20717	1.09751	1.10063	1.20324	1.09543	1.20201	0.802505	0.816131	0.818649	0.817673	0.817575	0.822296	1.10017	1.09153	1.09944	1.09123	1.10107	1.09091	1.07953	1.08112	1.09247	1.09008	1.0908	1.08275	1.05263	1.05547	1.06735	1.10355	1.05291	1.05677	1.04272	1.05355	1.06686	1.05273	1.0535	1.04935	1.10203	1.0955	1.10006	1.10781	1.09992	1.09807
ERR636792	0.912981	0.949788	0.890912	0.897722	0.909549	0.914532	0.865889	0.903866	0.873616	0.874465	0.902627	0.864141	0.96165	0.928858	0.923822	0.920051	0.966389	0.961074	0.882497	0.875197	0.865699	0.882073	0.889481	0.866981	0.766247	0.756104	0.756913	0.74522	0	0.744392	0.878256	0.861979	0.868925	0.86894	0.876515	0.869215	1.09961	1.10257	1.10141	1.08915	1.10051	1.08986	0.85012	0.83913	0.843556	0.837418	0.836305	0.842709	1.09016	1.09456	1.09349	1.0937	1.09151	1.09645	1.20554	1.09528	1.09849	1.2014	1.09316	1.20026	0.799623	0.812956	0.815566	0.814946	0.815101	0.819586	1.09792	1.08922	1.09773	1.08888	1.09919	1.08863	1.07726	1.07903	1.09029	1.08821	1.08852	1.08052	1.05121	1.05408	1.06595	1.10262	1.0516	1.05532	1.04131	1.05223	1.06595	1.05139	1.05216	1.04807	1.09987	1.0933	1.09785	1.10564	1.09778	1.09588
ERR636791	0.913137	0.949794	0.891337	0.898749	0.909421	0.915044	0.86746	0.9055	0.875435	0.875849	0.904194	0.866171	0.962358	0.930681	0.925245	0.921746	0.96755	0.962312	0.883445	0.875891	0.866585	0.882794	0.890079	0.868117	0.766974	0.757227	0.758475	0.747272	0.744392	0	0.878613	0.863086	0.870196	0.870098	0.877509	0.870177	1.10097	1.10392	1.10225	1.09072	1.10192	1.09122	0.851527	0.840327	0.845045	0.838912	0.838156	0.844	1.09147	1.09571	1.09492	1.09536	1.09276	1.09786	1.20706	1.09667	1.09957	1.2029	1.09454	1.20182	0.80199	0.81541	0.817981	0.817055	0.817051	0.821805	1.0995	1.09056	1.09882	1.09034	1.10039	1.08988	1.07876	1.08068	1.09163	1.08953	1.09011	1.08213	1.05165	1.0546	1.06628	1.10258	1.05206	1.05597	1.04247	1.05339	1.06683	1.05222	1.05323	1.04899	1.10114	1.09474	1.09891	1.10687	1.09915	1.09715
ERR621996	0.942806	0.975286	0.917156	0.9247	0.939253	0.944542	0.899148	0.93259	0.906229	0.907852	0.931131	0.896728	0.959462	0.925964	0.92024	0.915217	0.965487	0.958799	0.897764	0.891492	0.882306	0.896491	0.907573	0.883555	0.891195	0.884252	0.88308	0.879636	0.878256	0.878613	0	0.775738	0.784945	0.781188	0.789875	0.784981	1.04678	1.05129	1.04982	1.03508	1.04911	1.03591	0.8938	0.884342	0.88597	0.884154	0.881937	0.886754	1.04325	1.05161	1.04843	1.04765	1.04636	1.04983	1.15135	1.04374	1.04767	1.14781	1.04104	1.14663	0.877524	0.890038	0.893217	0.892638	0.892312	0.894029	1.04878	1.03918	1.05025	1.0384	1.04938	1.03809	1.02335	1.02544	1.03972	1.03777	1.03866	1.02873	1.00043	1.0036	1.01599	1.06173	0.999476	1.00291	0.998836	1.00955	1.02667	1.00835	1.00933	1.00625	1.05309	1.04594	1.05086	1.05929	1.05026	1.05023
ERR621991	0.928121	0.962257	0.89983	0.907586	0.924332	0.929812	0.881843	0.91771	0.889225	0.891027	0.915876	0.878999	0.946632	0.909897	0.903533	0.897807	0.95409	0.946135	0.882242	0.875381	0.865104	0.88133	0.893447	0.866202	0.877137	0.869007	0.867697	0.863772	0.861979	0.863086	0.775738	0	0.76205	0.763147	0.773215	0.76225	1.03143	1.03662	1.03513	1.01889	1.03448	1.02	0.878816	0.868681	0.86994	0.868001	0.865451	0.871364	1.02699	1.03622	1.03264	1.0316	1.03041	1.03394	1.14153	1.02871	1.03271	1.13744	1.02593	1.13593	0.85834	0.872155	0.875865	0.875329	0.87515	0.876587	1.03365	1.02342	1.03552	1.02279	1.03476	1.02251	1.00645	1.00908	1.02466	1.02222	1.02346	1.01243	0.984518	0.987977	1.00133	1.05034	0.983466	0.987175	0.98354	0.99469	1.01329	0.993867	0.994677	0.991316	1.03861	1.03068	1.03589	1.04489	1.03561	1.03529
ERR621992	0.935079	0.969201	0.908841	0.916031	0.931662	0.936537	0.890204	0.925471	0.897527	0.899152	0.923661	0.887576	0.953495	0.91831	0.912526	0.907343	0.96014	0.953062	0.890104	0.882852	0.873881	0.889047	0.899598	0.874852	0.883612	0.87553	0.875024	0.87111	0.868925	0.870196	0.784945	0.76205	0	0.773952	0.782938	0.771882	1.03896	1.04365	1.0421	1.02724	1.04163	1.0282	0.885843	0.875819	0.877558	0.875411	0.872972	0.878232	1.03557	1.04322	1.0403	1.03975	1.03822	1.04206	1.14879	1.03618	1.04005	1.14514	1.0335	1.14392	0.867653	0.880694	0.884031	0.883207	0.883089	0.884971	1.04081	1.03113	1.0421	1.03067	1.04183	1.03024	1.01465	1.01712	1.03126	1.02908	1.0303	1.02011	0.991522	0.99456	1.00749	1.05449	0.9903	0.993926	0.990494	1.00168	1.01854	1.00037	1.00132	0.997962	1.04589	1.03826	1.04318	1.05183	1.04289	1.04254
ERR621994	0.935211	0.968615	0.908205	0.915822	0.931772	0.936936	0.889808	0.924597	0.897174	0.89909	0.922526	0.887389	0.951786	0.91676	0.91103	0.905074	0.958917	0.951653	0.888783	0.88263	0.872916	0.887591	0.8998	0.873824	0.883593	0.875778	0.874409	0.870905	0.86894	0.870098	0.781188	0.763147	0.773952	0	0.779576	0.773262	1.03961	1.04478	1.04339	1.02767	1.04255	1.02849	0.885578	0.87603	0.876624	0.875157	0.873245	0.878482	1.03544	1.0447	1.04073	1.04005	1.03873	1.0423	1.14409	1.03639	1.04052	1.14027	1.03369	1.13896	0.866874	0.879682	0.883074	0.883267	0.882888	0.884067	1.04122	1.03119	1.04315	1.03095	1.04217	1.03031	1.01564	1.01807	1.03345	1.03127	1.03238	1.02164	0.993048	0.996395	1.00918	1.05638	0.992041	0.995405	0.990982	1.00202	1.02042	1.00084	1.00189	0.99877	1.04623	1.03844	1.04353	1.05217	1.04281	1.04324
ERR621995	0.941364	0.974308	0.91575	0.922936	0.9378	0.943159	0.898084	0.931961	0.905233	0.906986	0.930146	0.895653	0.957997	0.92438	0.918736	0.913535	0.964297	0.957663	0.896671	0.890162	0.881088	0.895542	0.906585	0.882196	0.889801	0.882755	0.881634	0.878084	0.876515	0.877509	0.789875	0.773215	0.782938	0.779576	0	0.782594	1.04567	1.05036	1.04893	1.03388	1.04827	1.0351	0.892359	0.883006	0.884379	0.88244	0.880281	0.885683	1.04203	1.05045	1.04735	1.04652	1.04522	1.04877	1.15006	1.04245	1.04642	1.14659	1.04002	1.14532	0.875886	0.888514	0.891528	0.891062	0.890751	0.892183	1.04758	1.0376	1.04914	1.03709	1.04833	1.03699	1.02223	1.02429	1.03889	1.03665	1.03778	1.02743	0.998628	1.00196	1.01466	1.0604	0.997832	1.00136	0.997319	1.00798	1.02541	1.00728	1.00802	1.00492	1.05233	1.04509	1.0497	1.05869	1.04932	1.04929
ERR621993	0.935117	0.969258	0.909175	0.916597	0.93161	0.936729	0.890606	0.925653	0.898205	0.900129	0.923595	0.888513	0.953026	0.918212	0.912649	0.907402	0.959284	0.952185	0.889766	0.882995	0.873818	0.888746	0.899883	0.874728	0.883244	0.875478	0.874736	0.870681	0.869215	0.870177	0.784981	0.76225	0.771882	0.773262	0.782594	0	1.04011	1.04467	1.04308	1.0282	1.04279	1.02931	0.885739	0.876266	0.877598	0.87563	0.873101	0.87873	1.03655	1.04448	1.04139	1.04084	1.03938	1.04333	1.14769	1.03681	1.04066	1.14396	1.03435	1.14264	0.868199	0.881122	0.884483	0.884246	0.883734	0.885756	1.04205	1.0323	1.04347	1.03179	1.04287	1.03148	1.01589	1.01828	1.03255	1.0304	1.03176	1.02149	0.992476	0.995916	1.00877	1.05536	0.991711	0.995262	0.990936	1.00181	1.01945	1.00124	1.00185	0.998523	1.04668	1.03923	1.04401	1.05273	1.04351	1.04343
ERR629929	1.11395	1.13602	1.09387	1.09954	1.11172	1.11453	1.07709	1.10364	1.08253	1.08305	1.10234	1.07504	1.11203	1.08438	1.0792	1.07438	1.11707	1.11145	1.08974	1.08327	1.07413	1.08906	1.09757	1.07432	1.11417	1.10612	1.10653	1.10188	1.09961	1.10097	1.04678	1.03143	1.03896	1.03961	1.04567	1.04011	0	0.823692	0.820844	0.7946	0.819944	0.79711	1.09295	1.08236	1.08418	1.08164	1.07945	1.0844	0.891875	0.898648	0.896204	0.895942	0.893554	0.899172	1.08377	0.913345	0.916334	1.08031	0.909877	1.079	1.08502	1.09642	1.09894	1.0986	1.0986	1.09954	0.917339	0.905073	0.918141	0.90437	0.919233	0.903908	0.903554	0.906595	0.921791	0.920301	0.921133	0.909283	0.933894	0.937983	0.952021	1.00588	0.93298	0.93622	0.920814	0.931399	0.95146	0.930678	0.930637	0.928993	0.918961	0.908667	0.914711	0.926006	0.915158	0.913529
ERR629932	1.1176	1.13975	1.0991	1.1045	1.11543	1.11841	1.08255	1.10894	1.08769	1.08807	1.10765	1.08031	1.11736	1.09097	1.08589	1.08191	1.12215	1.11663	1.09472	1.08788	1.07935	1.09424	1.10117	1.07933	1.11728	1.10924	1.11006	1.10469	1.10257	1.10392	1.05129	1.03662	1.04365	1.04478	1.05036	1.04467	0.823692	0	0.824469	0.806853	0.824011	0.808283	1.09666	1.08598	1.08871	1.08506	1.08286	1.08823	0.900856	0.904106	0.903793	0.904228	0.900658	0.90763	1.09853	0.919708	0.922195	1.09565	0.917011	1.09448	1.0897	1.10103	1.10321	1.10272	1.10295	1.10436	0.925928	0.914377	0.924961	0.913935	0.927614	0.913499	0.909863	0.912473	0.925092	0.924012	0.924178	0.913887	0.93886	0.942642	0.956479	1.00686	0.938971	0.941778	0.927225	0.93756	0.955322	0.936521	0.936835	0.934952	0.92491	0.915431	0.920704	0.931182	0.92196	0.918709
ERR629933	1.11583	1.13857	1.09721	1.10279	1.11381	1.11662	1.08069	1.10728	1.08592	1.08617	1.10597	1.07854	1.11581	1.089	1.08401	1.08015	1.12047	1.11522	1.09342	1.08637	1.07776	1.09237	1.09966	1.07752	1.11623	1.10794	1.109	1.10332	1.10141	1.10225	1.04982	1.03513	1.0421	1.04339	1.04893	1.04308	0.820844	0.824469	0	0.803521	0.821177	0.805241	1.0954	1.08471	1.08726	1.08378	1.08144	1.08665	0.897631	0.901172	0.900474	0.90117	0.897619	0.90473	1.09623	0.917765	0.920112	1.09324	0.914494	1.09225	1.08821	1.09935	1.10169	1.10148	1.10146	1.10283	0.92336	0.911572	0.922167	0.911123	0.924825	0.910344	0.908022	0.910521	0.923432	0.92247	0.922718	0.912232	0.937275	0.940655	0.954681	1.00534	0.937058	0.939914	0.925541	0.935858	0.954169	0.93535	0.935558	0.933234	0.921915	0.91263	0.918103	0.928397	0.918849	0.915894
ERR629928	1.10375	1.12626	1.08224	1.08831	1.10177	1.10459	1.06506	1.09232	1.0709	1.07149	1.09057	1.06283	1.10121	1.07168	1.06604	1.06043	1.10678	1.10053	1.07762	1.07136	1.06186	1.07693	1.08698	1.06163	1.10418	1.0961	1.0961	1.09137	1.08915	1.09072	1.03508	1.01889	1.02724	1.02767	1.03388	1.0282	0.7946	0.806853	0.803521	0	0.802631	0.774403	1.08165	1.07076	1.07218	1.07017	1.06757	1.07282	0.872848	0.884016	0.879295	0.87805	0.876104	0.880852	1.06793	0.897982	0.901964	1.06331	0.894166	1.06173	1.07295	1.08464	1.08726	1.08731	1.08731	1.08762	0.901287	0.887065	0.903162	0.88633	0.90262	0.885936	0.888088	0.891358	0.910123	0.908848	0.910357	0.895518	0.919376	0.923442	0.938695	0.997213	0.917835	0.921337	0.904042	0.915027	0.938485	0.914522	0.914481	0.913067	0.905696	0.894251	0.900848	0.913215	0.901405	0.900535
ERR629931	1.11555	1.13794	1.09675	1.10232	1.1134	1.11635	1.0798	1.10649	1.08504	1.08531	1.10527	1.07766	1.11537	1.08862	1.08359	1.07933	1.12039	1.11482	1.0927	1.08581	1.07677	1.09182	1.09927	1.07688	1.11564	1.10748	1.10822	1.10289	1.10051	1.10192	1.04911	1.03448	1.04163	1.04255	1.04827	1.04279	0.819944	0.824011	0.821177	0.802631	0	0.804412	1.09498	1.08399	1.08667	1.08326	1.08108	1.08629	0.896776	0.900415	0.900245	0.900436	0.897069	0.903923	1.09566	0.917216	0.91898	1.09261	0.913863	1.09139	1.08763	1.0987	1.10133	1.10066	1.1007	1.10213	0.922692	0.910918	0.921939	0.910121	0.923948	0.90962	0.907126	0.910112	0.923785	0.922259	0.922838	0.911351	0.9363	0.940044	0.953933	1.00485	0.935986	0.938999	0.924101	0.934406	0.952911	0.933533	0.933578	0.932085	0.922807	0.913221	0.918636	0.929311	0.919334	0.916557
ERR629930	1.1047	1.12684	1.08349	1.08942	1.10286	1.10561	1.06633	1.093	1.07186	1.07262	1.09154	1.0639	1.10198	1.07269	1.0674	1.06151	1.10775	1.10138	1.07848	1.07216	1.06278	1.0776	1.0878	1.06218	1.1051	1.09668	1.09648	1.09229	1.08986	1.09122	1.03591	1.02	1.0282	1.02849	1.0351	1.02931	0.79711	0.808283	0.805241	0.774403	0.804412	0	1.08271	1.07188	1.07305	1.07093	1.06841	1.07403	0.874914	0.885651	0.881363	0.880232	0.878029	0.882874	1.06919	0.89989	0.903793	1.06483	0.8958	1.06317	1.07397	1.08547	1.08849	1.08828	1.08827	1.08871	0.903133	0.88884	0.90475	0.888159	0.904361	0.88759	0.889898	0.893072	0.91184	0.910235	0.911793	0.897119	0.921806	0.925489	0.940557	0.998462	0.9204	0.923687	0.906231	0.917286	0.940465	0.916425	0.916766	0.915296	0.90627	0.894927	0.901561	0.913875	0.901959	0.901092
ERR636835	0.931478	0.96627	0.909779	0.916435	0.927848	0.932979	0.905517	0.940281	0.912972	0.914511	0.938688	0.90379	0.933983	0.902401	0.897342	0.893334	0.940304	0.933831	0.871597	0.865527	0.857279	0.870774	0.87964	0.858187	0.863366	0.8565	0.856206	0.851911	0.85012	0.851527	0.8938	0.878816	0.885843	0.885578	0.892359	0.885739	1.09295	1.09666	1.0954	1.08165	1.09498	1.08271	0	0.758178	0.758922	0.757278	0.754666	0.759108	1.07862	1.08511	1.08267	1.08288	1.08122	1.08499	1.19438	1.08897	1.09279	1.19006	1.08668	1.18884	0.863894	0.87583	0.878621	0.878331	0.878134	0.881341	1.09094	1.08174	1.09168	1.08155	1.09167	1.08101	1.0741	1.07606	1.08864	1.08684	1.08786	1.07859	1.04561	1.04871	1.06075	1.10053	1.04544	1.04899	1.03765	1.04831	1.06308	1.04719	1.0482	1.0442	1.09637	1.08956	1.09389	1.1022	1.09374	1.09293
ERR636838	0.921966	0.958516	0.899677	0.90691	0.918445	0.923893	0.89515	0.931905	0.903244	0.904102	0.930328	0.89322	0.927829	0.894773	0.888453	0.884476	0.934582	0.928098	0.861719	0.854621	0.845322	0.860806	0.87002	0.846456	0.855031	0.846924	0.846596	0.840788	0.83913	0.840327	0.884342	0.868681	0.875819	0.87603	0.883006	0.876266	1.08236	1.08598	1.08471	1.07076	1.08399	1.07188	0.758178	0	0.748643	0.740897	0.738152	0.748707	1.06813	1.07409	1.07233	1.07232	1.07033	1.07491	1.191	1.07881	1.08237	1.1866	1.07628	1.18538	0.852608	0.865792	0.868588	0.868194	0.867844	0.871626	1.08152	1.07186	1.08148	1.0716	1.08205	1.07104	1.06316	1.06517	1.07771	1.07546	1.07662	1.06734	1.03621	1.03937	1.05199	1.09216	1.03627	1.03971	1.02878	1.03991	1.05487	1.03871	1.03956	1.03569	1.08611	1.07895	1.08324	1.09178	1.08336	1.08249
ERR636836	0.926413	0.960828	0.902262	0.909633	0.922603	0.928217	0.896288	0.932052	0.904477	0.905799	0.93035	0.894481	0.927889	0.894148	0.887997	0.882478	0.934735	0.927987	0.863618	0.857341	0.848164	0.862886	0.873687	0.849004	0.858427	0.850757	0.849777	0.845434	0.843556	0.845045	0.88597	0.86994	0.877558	0.876624	0.884379	0.877598	1.08418	1.08871	1.08726	1.07218	1.08667	1.07305	0.758922	0.748643	0	0.747784	0.744972	0.750315	1.06863	1.07683	1.07387	1.07317	1.072	1.07554	1.1848	1.0803	1.08428	1.18024	1.07766	1.17885	0.854581	0.867711	0.870912	0.870718	0.870222	0.87303	1.08203	1.07219	1.08323	1.07177	1.08266	1.07121	1.06534	1.06742	1.08137	1.07938	1.08053	1.07023	1.0383	1.04183	1.05396	1.09567	1.03778	1.04146	1.02979	1.04059	1.05665	1.03963	1.04041	1.03664	1.08809	1.08065	1.08551	1.09447	1.08519	1.08496
ERR636839	0.921636	0.958533	0.899255	0.906826	0.918374	0.923556	0.894654	0.931812	0.902599	0.90385	0.929926	0.892696	0.927112	0.893479	0.887556	0.883431	0.933888	0.927539	0.861002	0.85359	0.844009	0.860247	0.869102	0.845418	0.853761	0.845458	0.845342	0.839553	0.837418	0.838912	0.884154	0.868001	0.875411	0.875157	0.88244	0.87563	1.08164	1.08506	1.08378	1.07017	1.08326	1.07093	0.757278	0.740897	0.747784	0	0.736877	0.747369	1.06727	1.07331	1.07151	1.07157	1.06953	1.07428	1.19068	1.07817	1.08176	1.18639	1.07555	1.1851	0.851481	0.864845	0.867309	0.866948	0.866799	0.871097	1.08084	1.07115	1.08114	1.07095	1.08166	1.07063	1.0625	1.06433	1.07687	1.07496	1.07604	1.06655	1.03566	1.03866	1.05142	1.09178	1.03577	1.03934	1.02797	1.03942	1.05417	1.03801	1.03892	1.03483	1.08526	1.07829	1.08273	1.09145	1.08254	1.08171
ERR636840	0.92051	0.95753	0.89757	0.905191	0.917243	0.922443	0.892288	0.9294	0.900057	0.901275	0.927766	0.890003	0.925354	0.891368	0.885054	0.880713	0.932289	0.925765	0.859444	0.851832	0.842475	0.858558	0.867861	0.843455	0.85306	0.844356	0.844234	0.838379	0.836305	0.838156	0.881937	0.865451	0.872972	0.873245	0.880281	0.873101	1.07945	1.08286	1.08144	1.06757	1.08108	1.06841	0.754666	0.738152	0.744972	0.736877	0	0.74466	1.06479	1.07104	1.06911	1.06919	1.06734	1.07168	1.1882	1.07566	1.07921	1.18375	1.07316	1.18235	0.84882	0.86265	0.865662	0.865604	0.865192	0.868739	1.07836	1.06864	1.07879	1.06833	1.07924	1.06773	1.06002	1.06181	1.07485	1.0729	1.07375	1.0642	1.03368	1.03678	1.04955	1.09047	1.03339	1.03727	1.026	1.03753	1.05241	1.03614	1.03699	1.0329	1.08279	1.07573	1.08039	1.08866	1.08011	1.07916
ERR636837	0.92529	0.961283	0.902917	0.910052	0.921693	0.927226	0.897968	0.934259	0.905855	0.906608	0.93236	0.895781	0.930116	0.896941	0.891436	0.8872	0.936457	0.930367	0.865819	0.858621	0.849418	0.86498	0.873527	0.850783	0.857888	0.849813	0.849523	0.844155	0.842709	0.844	0.886754	0.871364	0.878232	0.878482	0.885683	0.87873	1.0844	1.08823	1.08665	1.07282	1.08629	1.07403	0.759108	0.748707	0.750315	0.747369	0.74466	0	1.07011	1.07603	1.07406	1.07412	1.07227	1.07669	1.19122	1.08061	1.08429	1.18704	1.07815	1.18579	0.85634	0.869133	0.871859	0.87173	0.870943	0.874734	1.08313	1.07375	1.08352	1.07346	1.08392	1.07286	1.06511	1.06718	1.07978	1.07791	1.07884	1.06951	1.03777	1.04094	1.05358	1.094	1.03776	1.04117	1.03022	1.04123	1.05623	1.04028	1.04106	1.03726	1.08811	1.08104	1.08567	1.09409	1.08572	1.08463
