	ERR629704	ERR629705	ERR629708	ERR629706	ERR629707	ERR629709	ERR605656	ERR605653	ERR605658	ERR605654	ERR605657	ERR605655	ERR608884	ERR608887	ERR608886	ERR608888	ERR608883	ERR608885	ERR613552	ERR613556	ERR613554	ERR613551	ERR613553	ERR613555	ERR631209	ERR631212	ERR631207	ERR631208	ERR631211	ERR631210	ERR613356	ERR613354	ERR613355	ERR613353	ERR613358	ERR613357	ERR636976	ERR636978	ERR636974	ERR636975	ERR636973	ERR636977	ERR608367	ERR608369	ERR608366	ERR608370	ERR608365	ERR608368	ERR607484	ERR607483	ERR607481	ERR607482	ERR607486	ERR607485	ERR614872	ERR614873	ERR614876	ERR614875	ERR614871	ERR614874	ERR616957	ERR616960	ERR616958	ERR616956	ERR616955	ERR616959	ERR616477	ERR616479	ERR616476	ERR616474	ERR616478	ERR616475	ERR616857	ERR616858	ERR616854	ERR616855	ERR616853	ERR616856	ERR630009	ERR630006	ERR630008	ERR630007	ERR630011	ERR630010	ERR608173	ERR608177	ERR608175	ERR608174	ERR608178	ERR608176	ERR605718	ERR605714	ERR605715	ERR605713	ERR605717	ERR605716
ERR629704	0	0.798935	0.771686	0.799086	0.771091	0.768629	0.913135	0.892903	0.908779	0.904583	0.906024	0.906937	0.830579	0.863769	0.867392	0.867094	0.832986	0.827776	0.910441	0.926104	0.924483	0.909244	0.911072	0.925831	1.0436	1.05714	1.05299	1.05798	1.05611	1.05642	0.951795	0.943759	0.93149	0.920002	0.980411	0.9478	0.907099	0.884235	0.915669	0.888563	0.889958	0.881017	0.887458	0.886583	0.898247	0.899057	0.92845	0.889216	1.0953	1.10661	1.10605	1.10424	1.09454	1.09583	1.05541	1.06054	1.03747	1.03824	1.05889	1.0376	1.05711	1.07163	1.07095	1.06007	1.06201	1.073	1.08358	1.08279	1.10017	1.10083	1.08308	1.14076	1.09094	1.09053	1.07974	1.07226	1.07915	1.09218	0.889193	0.847428	0.853799	0.863582	0.8607	0.864169	1.08537	1.0678	1.06307	1.06995	1.07154	1.06671	1.08106	1.07864	1.0798	1.07245	1.08008	1.08381
ERR629705	0.798935	0	0.796486	0.819075	0.795782	0.793498	0.930549	0.912123	0.925206	0.922214	0.922426	0.92462	0.853907	0.882586	0.886356	0.885854	0.855704	0.85118	0.929807	0.944454	0.943008	0.928396	0.930187	0.944172	1.05994	1.07281	1.06911	1.07425	1.07176	1.07193	0.968714	0.960878	0.94953	0.939583	0.993965	0.965474	0.924931	0.903847	0.93212	0.908511	0.909747	0.900876	0.907195	0.906993	0.916661	0.917096	0.942781	0.909143	1.11029	1.12061	1.11951	1.11836	1.10947	1.11025	1.06909	1.07396	1.05199	1.0528	1.072	1.05224	1.07279	1.0847	1.0844	1.07557	1.07649	1.08608	1.09841	1.09735	1.11484	1.1153	1.0978	1.15311	1.10481	1.10456	1.09508	1.08832	1.0944	1.10585	0.904157	0.867889	0.87431	0.881875	0.878684	0.881756	1.10075	1.08484	1.08108	1.08691	1.08832	1.08355	1.0952	1.09365	1.09478	1.08793	1.09445	1.09879
ERR629708	0.771686	0.796486	0	0.797296	0.761915	0.762423	0.909508	0.888978	0.904681	0.900317	0.901729	0.903076	0.825028	0.859631	0.863716	0.863333	0.827811	0.82269	0.90546	0.92256	0.920726	0.904312	0.90615	0.921954	1.03916	1.05282	1.04883	1.05397	1.05183	1.05191	0.948513	0.940589	0.92804	0.91613	0.977468	0.944951	0.902369	0.878424	0.910794	0.88318	0.884858	0.875179	0.883455	0.881889	0.894205	0.895019	0.924485	0.884958	1.09098	1.10204	1.10154	1.09959	1.09015	1.09117	1.05135	1.05685	1.03308	1.03404	1.05476	1.03341	1.0531	1.06703	1.0665	1.05603	1.05766	1.06821	1.07848	1.07739	1.09576	1.09648	1.07775	1.13698	1.08569	1.08558	1.07485	1.06718	1.07415	1.0869	0.884325	0.842348	0.849368	0.858151	0.854985	0.858836	1.08086	1.06328	1.05863	1.06532	1.06699	1.06197	1.07646	1.07409	1.0751	1.06795	1.07524	1.07974
ERR629706	0.799086	0.819075	0.797296	0	0.796143	0.79406	0.930815	0.91259	0.926681	0.922576	0.923633	0.924671	0.853579	0.881971	0.885841	0.885457	0.855147	0.851394	0.930318	0.944291	0.942885	0.929066	0.930562	0.943802	1.05994	1.07304	1.06935	1.07429	1.07186	1.07198	0.968304	0.960924	0.949647	0.939088	0.993991	0.965236	0.926018	0.904839	0.933424	0.909258	0.910378	0.902488	0.908348	0.907273	0.917454	0.918094	0.944044	0.910002	1.11057	1.12133	1.12046	1.11886	1.10978	1.111	1.06991	1.07494	1.05252	1.05321	1.07275	1.05283	1.07276	1.08539	1.08531	1.07514	1.07666	1.08649	1.09922	1.0986	1.11542	1.11607	1.09879	1.15381	1.106	1.10584	1.0957	1.08909	1.09486	1.10706	0.906155	0.868934	0.874883	0.883215	0.879782	0.88326	1.10161	1.08523	1.08108	1.08729	1.08878	1.0842	1.09651	1.09433	1.09516	1.08851	1.09563	1.09956
ERR629707	0.771091	0.795782	0.761915	0.796143	0	0.761535	0.908875	0.888373	0.904394	0.89992	0.901344	0.902356	0.824262	0.859028	0.863058	0.863162	0.826908	0.822402	0.904865	0.921691	0.920168	0.903554	0.905472	0.921518	1.03879	1.05255	1.04872	1.05382	1.05158	1.05175	0.947981	0.940176	0.927202	0.915556	0.976738	0.944175	0.901974	0.878198	0.91088	0.88324	0.884608	0.875082	0.883333	0.882383	0.894165	0.89479	0.924678	0.884856	1.0904	1.10188	1.10113	1.09925	1.08988	1.09071	1.05116	1.05666	1.0331	1.03391	1.0549	1.03296	1.05274	1.06693	1.06644	1.05587	1.05743	1.06831	1.07815	1.07722	1.09526	1.09617	1.07764	1.13664	1.08573	1.08547	1.07461	1.06733	1.074	1.08674	0.884209	0.841654	0.848981	0.858274	0.855184	0.858814	1.0805	1.06284	1.05802	1.06475	1.06653	1.06137	1.07611	1.07386	1.07494	1.06782	1.07519	1.07901
ERR629709	0.768629	0.793498	0.762423	0.79406	0.761535	0	0.907716	0.886812	0.902927	0.89857	0.899868	0.901004	0.822779	0.858484	0.862446	0.862137	0.825833	0.820688	0.903182	0.920914	0.91856	0.90206	0.90365	0.920279	1.03793	1.05184	1.04789	1.0528	1.0507	1.05089	0.947439	0.938957	0.926249	0.914501	0.976313	0.943682	0.90001	0.876147	0.908798	0.880749	0.882659	0.87273	0.88138	0.880669	0.892264	0.893523	0.922902	0.883451	1.08957	1.10075	1.09999	1.09837	1.0887	1.08956	1.04991	1.05524	1.03163	1.03228	1.05333	1.03164	1.05217	1.06587	1.06573	1.05533	1.05675	1.06767	1.07662	1.07607	1.09437	1.09503	1.07612	1.13572	1.08392	1.08386	1.07319	1.0656	1.07232	1.0854	0.882027	0.839126	0.846192	0.855994	0.852471	0.855636	1.07946	1.06134	1.05728	1.06395	1.06546	1.06038	1.07438	1.07252	1.07349	1.06618	1.07345	1.07799
ERR605656	0.913135	0.930549	0.909508	0.930815	0.908875	0.907716	0	0.809971	0.821239	0.81816	0.820031	0.820327	0.910959	0.937884	0.940505	0.940272	0.914143	0.909733	0.903001	0.908084	0.907902	0.902614	0.903076	0.908182	1.08558	1.09787	1.09458	1.09784	1.09737	1.09709	0.911011	0.910002	0.903087	0.896529	0.929551	0.908873	0.978987	0.960333	0.986868	0.963063	0.963938	0.958088	0.957721	0.956178	0.96688	0.967165	0.993534	0.957971	1.12013	1.13012	1.13017	1.12857	1.11945	1.1204	1.10159	1.10516	1.08562	1.08681	1.10473	1.08594	1.0706	1.08663	1.08575	1.07338	1.07534	1.08726	1.11571	1.11511	1.13006	1.13143	1.11538	1.16718	1.11607	1.11564	1.10396	1.09757	1.10489	1.11693	0.961959	0.924457	0.929469	0.938253	0.939428	0.9428	1.11035	1.09401	1.0876	1.09436	1.09694	1.09275	1.10351	1.09759	1.09948	1.09173	1.10321	1.10316
ERR605653	0.892903	0.912123	0.888978	0.91259	0.888373	0.886812	0.809971	0	0.810042	0.801341	0.80843	0.804738	0.890175	0.920696	0.923587	0.923504	0.893985	0.889028	0.887406	0.895422	0.894412	0.887068	0.88758	0.895389	1.07087	1.08352	1.08004	1.08383	1.08319	1.08304	0.900855	0.898978	0.890443	0.882825	0.922484	0.898714	0.96108	0.940763	0.969169	0.943394	0.944213	0.938015	0.939974	0.938891	0.950441	0.950849	0.978683	0.940885	1.10698	1.11733	1.11734	1.11537	1.10638	1.10711	1.08615	1.08993	1.06959	1.07081	1.08994	1.07012	1.0582	1.07404	1.07352	1.06119	1.06292	1.07509	1.10189	1.10111	1.11729	1.1183	1.10146	1.15674	1.10162	1.10116	1.08941	1.08256	1.09009	1.10286	0.944244	0.903572	0.909175	0.918812	0.91963	0.92333	1.09661	1.07935	1.07343	1.08034	1.08276	1.07833	1.08851	1.08318	1.0853	1.07683	1.08826	1.08911
ERR605658	0.908779	0.925206	0.904681	0.926681	0.904394	0.902927	0.821239	0.810042	0	0.81683	0.813209	0.819883	0.91032	0.938897	0.941742	0.941126	0.912704	0.908135	0.897528	0.905887	0.904706	0.897451	0.897669	0.905628	1.08501	1.09725	1.09403	1.09832	1.09646	1.09669	0.911252	0.906903	0.899892	0.89486	0.926702	0.909063	0.972762	0.953744	0.98014	0.957725	0.958081	0.951455	0.956834	0.956778	0.966175	0.966118	0.989103	0.95894	1.11955	1.12887	1.12839	1.12705	1.1188	1.11964	1.09714	1.10138	1.08174	1.0828	1.09996	1.08197	1.0739	1.08464	1.08468	1.07682	1.07627	1.08594	1.11261	1.11159	1.12845	1.12948	1.11223	1.16672	1.11133	1.11103	1.10198	1.0954	1.10145	1.1126	0.952182	0.918106	0.92315	0.930764	0.929064	0.932237	1.10966	1.09385	1.09032	1.09613	1.09701	1.09282	1.09931	1.09569	1.09782	1.09043	1.09862	1.10286
ERR605654	0.904583	0.922214	0.900317	0.922576	0.89992	0.89857	0.81816	0.801341	0.81683	0	0.815175	0.812915	0.903671	0.932167	0.935568	0.9351	0.906866	0.902155	0.896166	0.903648	0.902871	0.895801	0.896086	0.90352	1.07912	1.09162	1.08795	1.09227	1.0909	1.09103	0.908366	0.905737	0.897762	0.891511	0.926737	0.905306	0.970269	0.950573	0.977846	0.953575	0.954325	0.948326	0.950066	0.949625	0.960029	0.960589	0.985855	0.951725	1.11474	1.12458	1.12416	1.12259	1.11384	1.11479	1.09395	1.09784	1.07803	1.07924	1.0968	1.07802	1.06708	1.08105	1.08057	1.06984	1.07084	1.08203	1.10896	1.10848	1.12416	1.1253	1.10842	1.16239	1.10846	1.10793	1.09698	1.09055	1.09761	1.10958	0.952258	0.914719	0.919761	0.928614	0.928888	0.932197	1.10429	1.0879	1.08255	1.0891	1.09105	1.08648	1.09603	1.09066	1.09272	1.08485	1.09537	1.09686
ERR605657	0.906024	0.922426	0.901729	0.923633	0.901344	0.899868	0.820031	0.80843	0.813209	0.815175	0	0.81834	0.908295	0.937094	0.940067	0.939843	0.910629	0.9061	0.896187	0.904749	0.903952	0.895893	0.896443	0.90482	1.08426	1.0964	1.09279	1.09722	1.09551	1.09548	0.910786	0.906065	0.898657	0.89371	0.925531	0.90821	0.970479	0.951548	0.977671	0.955841	0.956195	0.948701	0.95559	0.955277	0.96472	0.964903	0.987295	0.957321	1.11899	1.12848	1.12768	1.12657	1.11854	1.11919	1.09565	1.10014	1.08014	1.08132	1.09876	1.08072	1.07404	1.08425	1.08447	1.07678	1.07616	1.08561	1.11173	1.11124	1.12795	1.12918	1.11149	1.16598	1.11078	1.11028	1.10149	1.09462	1.10059	1.11182	0.949058	0.915537	0.920533	0.928535	0.925955	0.929558	1.10899	1.09319	1.09002	1.09564	1.09652	1.09214	1.09832	1.09527	1.09701	1.08973	1.09729	1.10214
ERR605655	0.906937	0.92462	0.903076	0.924671	0.902356	0.901004	0.820327	0.804738	0.819883	0.812915	0.81834	0	0.905449	0.933934	0.936966	0.936512	0.908872	0.904168	0.897566	0.904792	0.903808	0.897168	0.897785	0.904363	1.08092	1.09364	1.09011	1.09408	1.09297	1.09311	0.908476	0.905652	0.898731	0.892555	0.926543	0.906387	0.972025	0.953045	0.979628	0.95587	0.956475	0.950689	0.952473	0.951363	0.961859	0.962445	0.988014	0.953194	1.11603	1.12629	1.12582	1.12425	1.11538	1.11623	1.09598	1.09983	1.08016	1.08129	1.09907	1.08051	1.0681	1.08269	1.08221	1.07114	1.07202	1.0837	1.11085	1.11009	1.12571	1.12668	1.11044	1.16363	1.11062	1.11039	1.09904	1.09262	1.09987	1.11176	0.954733	0.917627	0.922721	0.931483	0.931669	0.934549	1.10627	1.08999	1.08451	1.09107	1.09323	1.08885	1.09824	1.09282	1.09472	1.08706	1.09743	1.09907
ERR608884	0.830579	0.853907	0.825028	0.853579	0.824262	0.822779	0.910959	0.890175	0.91032	0.903671	0.908295	0.905449	0	0.781061	0.784671	0.785615	0.739983	0.733694	0.885842	0.901514	0.899329	0.884585	0.885891	0.901107	1.02331	1.0379	1.03463	1.03822	1.03745	1.03772	0.930873	0.925312	0.912068	0.897939	0.964669	0.927332	0.904056	0.880146	0.914682	0.883222	0.885071	0.877079	0.851512	0.847892	0.864705	0.865502	0.902111	0.850428	1.07669	1.08937	1.08973	1.08717	1.07586	1.07683	1.04835	1.05277	1.02861	1.02993	1.05255	1.02898	1.04146	1.0616	1.06077	1.04454	1.0494	1.06252	1.06717	1.0664	1.08274	1.08359	1.06621	1.12388	1.08171	1.08109	1.06739	1.0605	1.06877	1.08318	0.881574	0.834039	0.840902	0.852078	0.851003	0.855648	1.06897	1.04964	1.04051	1.04889	1.05286	1.04786	1.07026	1.06636	1.06708	1.05905	1.06949	1.07006
ERR608887	0.863769	0.882586	0.859631	0.881971	0.859028	0.858484	0.937884	0.920696	0.938897	0.932167	0.937094	0.933934	0.781061	0	0.813848	0.814695	0.785651	0.781233	0.920332	0.93213	0.930307	0.920034	0.920705	0.931645	1.0526	1.06525	1.06222	1.06575	1.06504	1.06522	0.957243	0.95342	0.942052	0.930192	0.987512	0.954097	0.937171	0.91695	0.946274	0.919487	0.920856	0.914788	0.884748	0.881414	0.895503	0.896204	0.928198	0.883844	1.10552	1.11678	1.11723	1.11513	1.10476	1.10555	1.07577	1.07981	1.05764	1.05872	1.07954	1.05811	1.06737	1.08659	1.08534	1.06994	1.07494	1.08706	1.09567	1.09478	1.10948	1.11026	1.09443	1.14597	1.11029	1.10995	1.09729	1.09113	1.09892	1.11168	0.911663	0.870824	0.876686	0.885969	0.885732	0.889398	1.09685	1.07942	1.07075	1.07814	1.0824	1.0777	1.09951	1.09554	1.09617	1.08909	1.09915	1.09879
ERR608886	0.867392	0.886356	0.863716	0.885841	0.863058	0.862446	0.940505	0.923587	0.941742	0.935568	0.940067	0.936966	0.784671	0.813848	0	0.817211	0.789011	0.784628	0.92345	0.934705	0.93322	0.922674	0.923852	0.934684	1.05337	1.06641	1.06286	1.06638	1.06578	1.06603	0.959433	0.956379	0.945115	0.933085	0.989729	0.956717	0.94036	0.919952	0.94937	0.922361	0.923447	0.917886	0.887568	0.884204	0.898158	0.898694	0.931144	0.886321	1.10626	1.11764	1.11838	1.11601	1.10541	1.10656	1.07752	1.08144	1.05963	1.06065	1.0812	1.05991	1.06838	1.08787	1.08682	1.07091	1.07614	1.08833	1.09694	1.09602	1.1105	1.11087	1.09562	1.14632	1.11161	1.11128	1.09847	1.09229	1.1001	1.11302	0.915198	0.874102	0.880037	0.889581	0.88997	0.893235	1.09738	1.08012	1.07132	1.07869	1.08337	1.07842	1.10062	1.09671	1.09725	1.08996	1.10018	1.09961
ERR608888	0.867094	0.885854	0.863333	0.885457	0.863162	0.862137	0.940272	0.923504	0.941126	0.9351	0.939843	0.936512	0.785615	0.814695	0.817211	0	0.78963	0.785408	0.923465	0.935296	0.933673	0.922965	0.923772	0.934683	1.05469	1.06767	1.06425	1.06764	1.06678	1.06714	0.959877	0.956237	0.944386	0.932888	0.989563	0.956468	0.940573	0.920435	0.949438	0.922957	0.924435	0.918385	0.888226	0.885235	0.89889	0.899399	0.931486	0.887409	1.10712	1.11847	1.11885	1.11681	1.10654	1.10725	1.07834	1.08237	1.06039	1.06171	1.08221	1.06079	1.06885	1.0883	1.08693	1.07162	1.07679	1.0887	1.09717	1.09646	1.11122	1.11149	1.09613	1.14693	1.11172	1.11158	1.099	1.09271	1.10048	1.11319	0.914712	0.873932	0.879926	0.889214	0.889304	0.892885	1.09823	1.08094	1.07232	1.07962	1.08414	1.07943	1.10118	1.09729	1.09791	1.09046	1.10087	1.10027
ERR608883	0.832986	0.855704	0.827811	0.855147	0.826908	0.825833	0.914143	0.893985	0.912704	0.906866	0.910629	0.908872	0.739983	0.785651	0.789011	0.78963	0	0.738688	0.888668	0.904605	0.902316	0.887367	0.888986	0.904232	1.0276	1.04185	1.03834	1.04242	1.04132	1.04127	0.934816	0.928354	0.915652	0.902257	0.966888	0.930709	0.906885	0.883194	0.916425	0.886611	0.888095	0.88036	0.85539	0.85224	0.867899	0.868635	0.903678	0.855025	1.08046	1.09301	1.09296	1.09065	1.07962	1.08086	1.05053	1.05547	1.03118	1.03247	1.05451	1.03178	1.04553	1.06428	1.06365	1.04846	1.05265	1.06518	1.07056	1.06958	1.08623	1.08707	1.06941	1.12728	1.08429	1.08395	1.07088	1.06395	1.07161	1.08568	0.882138	0.836867	0.843684	0.854325	0.852377	0.85678	1.07304	1.05424	1.04633	1.05386	1.05757	1.05247	1.07341	1.07007	1.07064	1.06313	1.07275	1.07427
ERR608885	0.827776	0.85118	0.82269	0.851394	0.822402	0.820688	0.909733	0.889028	0.908135	0.902155	0.9061	0.904168	0.733694	0.781233	0.784628	0.785408	0.738688	0	0.883263	0.900183	0.898056	0.882368	0.883697	0.900141	1.02367	1.03834	1.03462	1.03851	1.03749	1.03746	0.930341	0.924278	0.910946	0.897416	0.963446	0.927031	0.90205	0.877878	0.912409	0.881768	0.883105	0.874755	0.851133	0.847774	0.864139	0.864614	0.90065	0.850732	1.07629	1.08882	1.0891	1.08654	1.07556	1.07658	1.04724	1.05201	1.02768	1.02912	1.05112	1.02806	1.04159	1.06027	1.05955	1.0447	1.04876	1.06122	1.06594	1.06488	1.08233	1.08323	1.06513	1.12386	1.08002	1.07969	1.06638	1.05926	1.06715	1.08126	0.877536	0.83075	0.838126	0.848695	0.846941	0.851406	1.06875	1.04935	1.04166	1.04954	1.05325	1.04809	1.06921	1.06544	1.0662	1.05862	1.06828	1.06992
ERR613552	0.910441	0.929807	0.90546	0.930318	0.904865	0.903182	0.903001	0.887406	0.897528	0.896166	0.896187	0.897566	0.885842	0.920332	0.92345	0.923465	0.888668	0.883263	0	0.743667	0.740854	0.720896	0.721745	0.743203	1.0389	1.05266	1.04879	1.05407	1.05137	1.05173	0.836411	0.827623	0.816325	0.806921	0.859774	0.832861	0.96437	0.942899	0.972362	0.946915	0.948366	0.939807	0.931267	0.929968	0.942296	0.942579	0.970542	0.932573	1.07839	1.08927	1.08866	1.08659	1.07732	1.07828	1.05095	1.05524	1.03218	1.03315	1.05372	1.03221	1.04399	1.05714	1.05703	1.04664	1.04759	1.05849	1.07226	1.07146	1.0898	1.09117	1.07158	1.13224	1.07929	1.07928	1.06869	1.06122	1.06781	1.08077	0.943861	0.905044	0.911392	0.919722	0.916097	0.92029	1.08014	1.06273	1.05871	1.06524	1.06623	1.06168	1.06463	1.06087	1.06253	1.0549	1.0634	1.06745
ERR613556	0.926104	0.944454	0.92256	0.944291	0.921691	0.920914	0.908084	0.895422	0.905887	0.903648	0.904749	0.904792	0.901514	0.93213	0.934705	0.935296	0.904605	0.900183	0.743667	0	0.752648	0.742884	0.744038	0.754208	1.05377	1.0666	1.06311	1.06762	1.06551	1.06571	0.842679	0.836737	0.827271	0.818889	0.863766	0.839575	0.981049	0.96171	0.988753	0.964777	0.966065	0.958634	0.946622	0.944845	0.956459	0.957137	0.984633	0.946786	1.09364	1.10425	1.10398	1.10192	1.09268	1.09351	1.06545	1.06973	1.0471	1.04806	1.06808	1.04745	1.057	1.07155	1.07114	1.05947	1.06099	1.07269	1.0887	1.08801	1.10454	1.10574	1.08828	1.14358	1.09671	1.09645	1.08555	1.07885	1.08583	1.0981	0.961454	0.92448	0.930279	0.938343	0.935899	0.940235	1.0951	1.07848	1.07338	1.07954	1.08142	1.07731	1.08176	1.07732	1.07853	1.07115	1.08092	1.08325
ERR613554	0.924483	0.943008	0.920726	0.942885	0.920168	0.91856	0.907902	0.894412	0.904706	0.902871	0.903952	0.903808	0.899329	0.930307	0.93322	0.933673	0.902316	0.898056	0.740854	0.752648	0	0.740562	0.74123	0.752166	1.0516	1.06447	1.0611	1.06555	1.06359	1.0638	0.840824	0.835241	0.82563	0.816482	0.863181	0.838229	0.979178	0.95963	0.986634	0.96261	0.963876	0.956742	0.944279	0.942427	0.954572	0.954877	0.982621	0.944794	1.09122	1.10218	1.10166	1.09983	1.09051	1.09124	1.06386	1.06797	1.04555	1.04652	1.06661	1.0455	1.05496	1.06935	1.06967	1.05759	1.05905	1.0708	1.08654	1.08572	1.10254	1.10363	1.08587	1.14214	1.09454	1.09447	1.08307	1.07628	1.08335	1.09612	0.959426	0.921903	0.928086	0.935966	0.933838	0.938041	1.09307	1.07612	1.07097	1.0776	1.07928	1.07493	1.0797	1.07513	1.07643	1.06909	1.0789	1.08097
ERR613551	0.909244	0.928396	0.904312	0.929066	0.903554	0.90206	0.902614	0.887068	0.897451	0.895801	0.895893	0.897168	0.884585	0.920034	0.922674	0.922965	0.887367	0.882368	0.720896	0.742884	0.740562	0	0.721077	0.742741	1.03847	1.05227	1.0485	1.05389	1.05088	1.05117	0.836208	0.827804	0.816365	0.806656	0.85978	0.832625	0.963114	0.94144	0.970791	0.94563	0.946909	0.938207	0.930573	0.929269	0.941698	0.942229	0.969598	0.93189	1.07766	1.08855	1.08806	1.08622	1.07679	1.07775	1.04997	1.05476	1.03136	1.03239	1.05305	1.03133	1.04416	1.05674	1.05705	1.04674	1.04743	1.0581	1.07157	1.07094	1.0896	1.09056	1.07138	1.13165	1.07864	1.07847	1.06815	1.0607	1.0673	1.08025	0.942753	0.904321	0.910776	0.918938	0.915223	0.919759	1.07975	1.06223	1.05843	1.06493	1.06582	1.06113	1.06418	1.06062	1.06185	1.05461	1.06307	1.0673
ERR613553	0.911072	0.930187	0.90615	0.930562	0.905472	0.90365	0.903076	0.88758	0.897669	0.896086	0.896443	0.897785	0.885891	0.920705	0.923852	0.923772	0.888986	0.883697	0.721745	0.744038	0.74123	0.721077	0	0.743388	1.03918	1.05288	1.04928	1.05445	1.05176	1.05201	0.836651	0.828043	0.817266	0.807598	0.860137	0.833419	0.964674	0.942873	0.972272	0.94719	0.947918	0.939756	0.931825	0.930549	0.942957	0.943227	0.970968	0.933087	1.07817	1.08924	1.08851	1.08658	1.07751	1.07834	1.05105	1.05553	1.03243	1.03353	1.05372	1.0321	1.04437	1.05706	1.0573	1.04707	1.04761	1.05867	1.07206	1.07127	1.08986	1.0911	1.07159	1.13225	1.07918	1.07901	1.06872	1.06113	1.06784	1.08077	0.943836	0.90565	0.911978	0.920072	0.916437	0.921114	1.08015	1.06239	1.05878	1.06508	1.06608	1.06138	1.06469	1.06091	1.06231	1.05462	1.06334	1.06764
ERR613555	0.925831	0.944172	0.921954	0.943802	0.921518	0.920279	0.908182	0.895389	0.905628	0.90352	0.90482	0.904363	0.901107	0.931645	0.934684	0.934683	0.904232	0.900141	0.743203	0.754208	0.752166	0.742741	0.743388	0	1.05299	1.06623	1.06268	1.06714	1.06517	1.06527	0.841754	0.835731	0.826648	0.818128	0.863142	0.838676	0.981055	0.961302	0.988457	0.964129	0.9655	0.958723	0.94599	0.944399	0.95622	0.956863	0.984224	0.946384	1.09303	1.10377	1.10348	1.10166	1.0922	1.09302	1.06497	1.06934	1.04676	1.04755	1.06773	1.04697	1.05638	1.07114	1.07079	1.05885	1.06031	1.07223	1.08866	1.08782	1.1041	1.10543	1.0879	1.14355	1.09664	1.09609	1.08514	1.07838	1.08523	1.0981	0.960876	0.923635	0.929533	0.937619	0.935261	0.939518	1.09507	1.07827	1.07287	1.07931	1.08118	1.07698	1.08144	1.07687	1.0782	1.07066	1.0808	1.08281
ERR631209	1.0436	1.05994	1.03916	1.05994	1.03879	1.03793	1.08558	1.07087	1.08501	1.07912	1.08426	1.08092	1.02331	1.0526	1.05337	1.05469	1.0276	1.02367	1.0389	1.05377	1.0516	1.03847	1.03918	1.05299	0	0.767659	0.763925	0.767207	0.768799	0.76739	1.07537	1.07196	1.06097	1.04986	1.10206	1.07205	1.06937	1.05174	1.07678	1.05381	1.05467	1.05003	1.03809	1.03548	1.04856	1.04945	1.07764	1.03719	0.928898	0.945232	0.945779	0.942904	0.927522	0.929237	0.923009	0.928026	0.896609	0.899319	0.928805	0.897593	0.956137	0.983623	0.982533	0.960133	0.968631	0.984727	0.906529	0.904809	0.925619	0.926716	0.903856	0.980192	0.956542	0.95596	0.93721	0.928446	0.940358	0.95861	1.0882	1.05482	1.05882	1.06756	1.06844	1.07174	0.933712	0.90904	0.89571	0.905426	0.914062	0.906515	0.924201	0.916548	0.918612	0.906922	0.923155	0.92121
ERR631212	1.05714	1.07281	1.05282	1.07304	1.05255	1.05184	1.09787	1.08352	1.09725	1.09162	1.0964	1.09364	1.0379	1.06525	1.06641	1.06767	1.04185	1.03834	1.05266	1.0666	1.06447	1.05227	1.05288	1.06623	0.767659	0	0.78391	0.786458	0.784968	0.783926	1.08757	1.08419	1.07384	1.0632	1.11297	1.08455	1.08224	1.0651	1.08891	1.06768	1.06859	1.06333	1.05183	1.04968	1.06242	1.06285	1.08954	1.05141	0.942856	0.958223	0.95873	0.955568	0.941875	0.943377	0.939258	0.943844	0.915201	0.917307	0.944384	0.915533	0.972053	0.997419	0.996216	0.976134	0.983532	0.998921	0.920899	0.919452	0.93892	0.939553	0.918579	0.989035	0.970968	0.970566	0.953645	0.945542	0.956203	0.972894	1.10015	1.06874	1.0724	1.08073	1.08142	1.08448	0.949439	0.926602	0.914796	0.923751	0.93129	0.924271	0.938376	0.931453	0.9332	0.922618	0.938017	0.9358
ERR631207	1.05299	1.06911	1.04883	1.06935	1.04872	1.04789	1.09458	1.08004	1.09403	1.08795	1.09279	1.09011	1.03463	1.06222	1.06286	1.06425	1.03834	1.03462	1.04879	1.06311	1.0611	1.0485	1.04928	1.06268	0.763925	0.78391	0	0.783075	0.784312	0.78344	1.08398	1.08078	1.07003	1.05955	1.10992	1.08102	1.07866	1.06148	1.0855	1.06368	1.06469	1.05982	1.04817	1.04591	1.05871	1.05926	1.08638	1.04772	0.940772	0.956182	0.956635	0.953416	0.939683	0.94085	0.935886	0.940088	0.911165	0.913099	0.940972	0.911578	0.968811	0.994791	0.99371	0.973678	0.980792	0.996557	0.918813	0.917305	0.9371	0.938366	0.916682	0.98838	0.967746	0.966913	0.949903	0.941672	0.952583	0.969407	1.09691	1.06497	1.06859	1.07672	1.07784	1.08099	0.946659	0.923476	0.911294	0.920331	0.928385	0.921261	0.935521	0.927807	0.930215	0.918965	0.934327	0.932884
ERR631208	1.05798	1.07425	1.05397	1.07429	1.05382	1.0528	1.09784	1.08383	1.09832	1.09227	1.09722	1.09408	1.03822	1.06575	1.06638	1.06764	1.04242	1.03851	1.05407	1.06762	1.06555	1.05389	1.05445	1.06714	0.767207	0.786458	0.783075	0	0.787253	0.786658	1.08755	1.08493	1.07472	1.06385	1.1139	1.08453	1.0837	1.0669	1.09059	1.06885	1.06974	1.06515	1.05244	1.04962	1.06252	1.06319	1.09098	1.05146	0.943764	0.959708	0.960248	0.956964	0.942837	0.944131	0.940882	0.94507	0.91643	0.918749	0.94623	0.916731	0.971519	0.998972	0.997589	0.975931	0.984262	0.999959	0.923124	0.921917	0.940209	0.941173	0.920917	0.989723	0.973269	0.971954	0.954186	0.945973	0.957394	0.974747	1.10231	1.07002	1.07369	1.0823	1.08344	1.08645	0.949155	0.92585	0.912219	0.921632	0.930308	0.923501	0.940657	0.932595	0.93433	0.923646	0.940085	0.936319
ERR631211	1.05611	1.07176	1.05183	1.07186	1.05158	1.0507	1.09737	1.08319	1.09646	1.0909	1.09551	1.09297	1.03745	1.06504	1.06578	1.06678	1.04132	1.03749	1.05137	1.06551	1.06359	1.05088	1.05176	1.06517	0.768799	0.784968	0.784312	0.787253	0	0.78426	1.08682	1.08334	1.07279	1.06232	1.11203	1.08377	1.08095	1.06411	1.08781	1.06614	1.06719	1.06219	1.05131	1.04883	1.06118	1.06199	1.08859	1.05089	0.943394	0.958616	0.959021	0.955687	0.942469	0.943671	0.937684	0.942649	0.913689	0.915893	0.943168	0.914584	0.972156	0.996891	0.996484	0.976166	0.983482	0.99822	0.921544	0.919917	0.939464	0.940388	0.919167	0.989409	0.970907	0.969898	0.953187	0.945014	0.955922	0.972343	1.09924	1.068	1.07161	1.07968	1.08003	1.08349	0.950002	0.927078	0.91538	0.924409	0.931907	0.924976	0.938618	0.931602	0.933174	0.922888	0.937667	0.936244
ERR631210	1.05642	1.07193	1.05191	1.07198	1.05175	1.05089	1.09709	1.08304	1.09669	1.09103	1.09548	1.09311	1.03772	1.06522	1.06603	1.06714	1.04127	1.03746	1.05173	1.06571	1.0638	1.05117	1.05201	1.06527	0.76739	0.783926	0.78344	0.786658	0.78426	0	1.0872	1.08348	1.07297	1.06245	1.11224	1.08403	1.08126	1.06434	1.08797	1.06626	1.0675	1.06237	1.05121	1.0488	1.06139	1.06218	1.08886	1.05107	0.943361	0.958754	0.958794	0.955749	0.942092	0.943601	0.937746	0.942665	0.913435	0.915773	0.943527	0.914167	0.972121	0.997029	0.995869	0.976149	0.983582	0.99846	0.921249	0.919637	0.939704	0.940739	0.918907	0.989794	0.97051	0.969366	0.952759	0.944617	0.955322	0.972066	1.09913	1.06762	1.07136	1.07953	1.08019	1.08333	0.949543	0.926662	0.915007	0.92405	0.931565	0.924365	0.938032	0.931364	0.933313	0.922741	0.93743	0.935945
ERR613356	0.951795	0.968714	0.948513	0.968304	0.947981	0.947439	0.911011	0.900855	0.911252	0.908366	0.910786	0.908476	0.930873	0.957243	0.959433	0.959877	0.934816	0.930341	0.836411	0.842679	0.840824	0.836208	0.836651	0.841754	1.07537	1.08757	1.08398	1.08755	1.08682	1.0872	0	0.797608	0.788828	0.780369	0.821378	0.794333	1.00691	0.9896	1.01469	0.991878	0.99278	0.987382	0.970573	0.968315	0.97982	0.980293	1.00777	0.969775	1.10835	1.11844	1.11839	1.11652	1.10778	1.10821	1.09698	1.10033	1.08102	1.0818	1.10012	1.08076	1.06558	1.08158	1.08091	1.06809	1.07014	1.08217	1.10591	1.10552	1.12029	1.12093	1.10535	1.15715	1.11297	1.11269	1.10171	1.09531	1.10249	1.11429	0.992039	0.95622	0.960874	0.969072	0.969426	0.97317	1.10764	1.09183	1.08552	1.09184	1.09455	1.09067	1.09823	1.09204	1.09422	1.0868	1.09764	1.09795
ERR613354	0.943759	0.960878	0.940589	0.960924	0.940176	0.938957	0.910002	0.898978	0.906903	0.905737	0.906065	0.905652	0.925312	0.95342	0.956379	0.956237	0.928354	0.924278	0.827623	0.836737	0.835241	0.827804	0.828043	0.835731	1.07196	1.08419	1.08078	1.08493	1.08334	1.08348	0.797608	0	0.779697	0.771543	0.81954	0.794569	0.998911	0.981168	1.00652	0.984342	0.98513	0.97878	0.965943	0.964587	0.975003	0.975197	1.00074	0.966154	1.10501	1.11483	1.11435	1.11285	1.10436	1.10479	1.09049	1.0944	1.07439	1.07532	1.09344	1.07438	1.06506	1.07773	1.07741	1.06746	1.06807	1.07876	1.1014	1.10049	1.11627	1.1177	1.10072	1.15451	1.10731	1.10689	1.09692	1.09031	1.09687	1.10864	0.981476	0.947542	0.95262	0.96052	0.958428	0.962224	1.10455	1.08938	1.08477	1.09072	1.0921	1.08838	1.09261	1.08799	1.08969	1.08281	1.09157	1.09467
ERR613355	0.93149	0.94953	0.92804	0.949647	0.927202	0.926249	0.903087	0.890443	0.899892	0.897762	0.898657	0.898731	0.912068	0.942052	0.945115	0.944386	0.915652	0.910946	0.816325	0.827271	0.82563	0.816365	0.817266	0.826648	1.06097	1.07384	1.07003	1.07472	1.07279	1.07297	0.788828	0.779697	0	0.758766	0.813349	0.784818	0.986847	0.968111	0.994934	0.971798	0.971901	0.96551	0.953695	0.952359	0.963827	0.964203	0.990683	0.954592	1.09539	1.10538	1.10501	1.10328	1.09466	1.09512	1.08023	1.08413	1.06366	1.06463	1.08316	1.06328	1.05563	1.06875	1.06861	1.05787	1.05893	1.06994	1.09117	1.09046	1.10727	1.1085	1.09065	1.14697	1.09696	1.09661	1.08626	1.07972	1.08629	1.09853	0.970693	0.934607	0.940268	0.948291	0.946566	0.950328	1.09463	1.07852	1.07405	1.0801	1.08209	1.07784	1.08214	1.07753	1.07959	1.07222	1.08125	1.08433
ERR613353	0.920002	0.939583	0.91613	0.939088	0.915556	0.914501	0.896529	0.882825	0.89486	0.891511	0.89371	0.892555	0.897939	0.930192	0.933085	0.932888	0.902257	0.897416	0.806921	0.818889	0.816482	0.806656	0.807598	0.818128	1.04986	1.0632	1.05955	1.06385	1.06232	1.06245	0.780369	0.771543	0.758766	0	0.809441	0.776223	0.977231	0.957796	0.985621	0.960375	0.961497	0.955077	0.941007	0.939069	0.951885	0.952481	0.981645	0.941373	1.08635	1.09742	1.09686	1.09526	1.08553	1.08619	1.07166	1.07565	1.05431	1.05535	1.07498	1.05417	1.0461	1.0616	1.06127	1.04857	1.05049	1.06232	1.08281	1.08199	1.09861	1.10003	1.08215	1.13933	1.08952	1.08914	1.07787	1.07046	1.07812	1.09104	0.963138	0.924343	0.929948	0.939071	0.937521	0.942061	1.08595	1.06869	1.06295	1.06976	1.07198	1.06774	1.07404	1.06868	1.07052	1.06288	1.07309	1.07504
ERR613358	0.980411	0.993965	0.977468	0.993991	0.976738	0.976313	0.929551	0.922484	0.926702	0.926737	0.925531	0.926543	0.964669	0.987512	0.989729	0.989563	0.966888	0.963446	0.859774	0.863766	0.863181	0.85978	0.860137	0.863142	1.10206	1.11297	1.10992	1.1139	1.11203	1.11224	0.821378	0.81954	0.813349	0.809441	0	0.819184	1.03184	1.0167	1.03835	1.01972	1.02053	1.01448	1.00105	0.999977	1.00863	1.00885	1.02963	1.00171	1.13186	1.14033	1.1398	1.13819	1.13134	1.13181	1.11865	1.12226	1.10459	1.10526	1.12089	1.10437	1.09107	1.10082	1.10098	1.09312	1.09273	1.10179	1.12758	1.12692	1.14152	1.1426	1.12695	1.17572	1.13376	1.13357	1.12535	1.11911	1.125	1.13497	1.01125	0.983619	0.988052	0.993987	0.991466	0.994544	1.13149	1.11829	1.1147	1.11966	1.12101	1.1173	1.12048	1.11609	1.11799	1.1117	1.11981	1.12263
ERR613357	0.9478	0.965474	0.944951	0.965236	0.944175	0.943682	0.908873	0.898714	0.909063	0.905306	0.90821	0.906387	0.927332	0.954097	0.956717	0.956468	0.930709	0.927031	0.832861	0.839575	0.838229	0.832625	0.833419	0.838676	1.07205	1.08455	1.08102	1.08453	1.08377	1.08403	0.794333	0.794569	0.784818	0.776223	0.819184	0	1.00405	0.986269	1.01198	0.988713	0.989385	0.984031	0.967071	0.96514	0.976868	0.976739	1.00482	0.966939	1.10547	1.11574	1.1156	1.11392	1.10481	1.10549	1.09392	1.09713	1.07767	1.07879	1.09681	1.07767	1.06318	1.07889	1.07817	1.06559	1.06768	1.07976	1.10312	1.10228	1.11715	1.11842	1.10214	1.15449	1.10984	1.10962	1.09819	1.09176	1.0992	1.11145	0.988428	0.952265	0.957184	0.96575	0.965885	0.96925	1.10492	1.08878	1.08227	1.08896	1.0917	1.08761	1.09513	1.08912	1.0912	1.08368	1.09441	1.09508
ERR636976	0.907099	0.924931	0.902369	0.926018	0.901974	0.90001	0.978987	0.96108	0.972762	0.970269	0.970479	0.972025	0.904056	0.937171	0.94036	0.940573	0.906885	0.90205	0.96437	0.981049	0.979178	0.963114	0.964674	0.981055	1.06937	1.08224	1.07866	1.0837	1.08095	1.08126	1.00691	0.998911	0.986847	0.977231	1.03184	1.00405	0	0.783517	0.810382	0.790124	0.790821	0.780633	0.922182	0.921055	0.931847	0.93261	0.959067	0.92329	1.10951	1.11981	1.11865	1.11721	1.10927	1.10998	1.07413	1.07942	1.05762	1.05855	1.07706	1.05793	1.07962	1.09016	1.09033	1.08269	1.08297	1.09188	1.10255	1.10175	1.11952	1.12014	1.10214	1.15818	1.10577	1.10562	1.0968	1.08991	1.09566	1.10691	0.953536	0.918187	0.92457	0.932115	0.928726	0.931579	1.10655	1.09041	1.08793	1.09383	1.09398	1.08939	1.09849	1.09736	1.09868	1.09204	1.09744	1.10308
ERR636978	0.884235	0.903847	0.878424	0.904839	0.878198	0.876147	0.960333	0.940763	0.953744	0.950573	0.951548	0.953045	0.880146	0.91695	0.919952	0.920435	0.883194	0.877878	0.942899	0.96171	0.95963	0.94144	0.942873	0.961302	1.05174	1.0651	1.06148	1.0669	1.06411	1.06434	0.9896	0.981168	0.968111	0.957796	1.0167	0.986269	0.783517	0	0.794113	0.769013	0.770503	0.757577	0.899633	0.898595	0.910195	0.911003	0.940448	0.900665	1.0931	1.1042	1.10323	1.10134	1.09287	1.09377	1.05675	1.06199	1.0394	1.04039	1.06001	1.03953	1.06431	1.07551	1.07544	1.06747	1.0677	1.07707	1.08599	1.085	1.10416	1.10475	1.08558	1.14564	1.08911	1.08928	1.07971	1.07238	1.07841	1.09047	0.933521	0.894817	0.90161	0.910337	0.906558	0.910214	1.09038	1.07315	1.07055	1.07691	1.07693	1.07212	1.0813	1.0803	1.08178	1.07481	1.08029	1.08639
ERR636974	0.915669	0.93212	0.910794	0.933424	0.91088	0.908798	0.986868	0.969169	0.98014	0.977846	0.977671	0.979628	0.914682	0.946274	0.94937	0.949438	0.916425	0.912409	0.972362	0.988753	0.986634	0.970791	0.972272	0.988457	1.07678	1.08891	1.0855	1.09059	1.08781	1.08797	1.01469	1.00652	0.994934	0.985621	1.03835	1.01198	0.810382	0.794113	0	0.796188	0.797566	0.792125	0.931828	0.930762	0.94055	0.941262	0.965801	0.933245	1.11586	1.12589	1.12464	1.12329	1.11548	1.11637	1.07961	1.08432	1.0636	1.06429	1.08254	1.06376	1.08677	1.0958	1.09607	1.08975	1.08936	1.09767	1.10855	1.10785	1.12552	1.12612	1.10843	1.16365	1.11103	1.11132	1.10304	1.0968	1.10183	1.1127	0.95934	0.926268	0.932029	0.939259	0.93519	0.938419	1.11339	1.0983	1.09658	1.10183	1.10198	1.09733	1.10443	1.10337	1.10488	1.09877	1.10306	1.1095
ERR636975	0.888563	0.908511	0.88318	0.909258	0.88324	0.880749	0.963063	0.943394	0.957725	0.953575	0.955841	0.95587	0.883222	0.919487	0.922361	0.922957	0.886611	0.881768	0.946915	0.964777	0.96261	0.94563	0.94719	0.964129	1.05381	1.06768	1.06368	1.06885	1.06614	1.06626	0.991878	0.984342	0.971798	0.960375	1.01972	0.988713	0.790124	0.769013	0.796188	0	0.771384	0.765758	0.902318	0.901186	0.913261	0.91451	0.944697	0.903666	1.09575	1.10676	1.10596	1.10398	1.09523	1.09601	1.0598	1.06478	1.04225	1.04325	1.06314	1.04237	1.06555	1.07885	1.0785	1.06901	1.06979	1.08022	1.08938	1.08867	1.10679	1.10757	1.08913	1.1476	1.09274	1.09297	1.08244	1.07534	1.08148	1.09431	0.939364	0.899996	0.906289	0.915548	0.912957	0.916568	1.09284	1.07543	1.0718	1.07856	1.0793	1.07438	1.08477	1.08284	1.08419	1.07709	1.08352	1.08857
ERR636973	0.889958	0.909747	0.884858	0.910378	0.884608	0.882659	0.963938	0.944213	0.958081	0.954325	0.956195	0.956475	0.885071	0.920856	0.923447	0.924435	0.888095	0.883105	0.948366	0.966065	0.963876	0.946909	0.947918	0.9655	1.05467	1.06859	1.06469	1.06974	1.06719	1.0675	0.99278	0.98513	0.971901	0.961497	1.02053	0.989385	0.790821	0.770503	0.797566	0.771384	0	0.767116	0.904069	0.902629	0.914967	0.915603	0.945908	0.904779	1.09644	1.10721	1.10672	1.10481	1.09609	1.09663	1.061	1.06569	1.04315	1.04421	1.06429	1.04336	1.0665	1.07948	1.0792	1.06985	1.07072	1.08081	1.09032	1.08923	1.10735	1.10822	1.08978	1.14802	1.09346	1.09326	1.08292	1.07591	1.08227	1.0946	0.94028	0.901072	0.90722	0.916409	0.914226	0.917887	1.09386	1.07629	1.0729	1.07947	1.08009	1.07554	1.0855	1.08357	1.08472	1.07779	1.08435	1.08946
ERR636977	0.881017	0.900876	0.875179	0.902488	0.875082	0.87273	0.958088	0.938015	0.951455	0.948326	0.948701	0.950689	0.877079	0.914788	0.917886	0.918385	0.88036	0.874755	0.939807	0.958634	0.956742	0.938207	0.939756	0.958723	1.05003	1.06333	1.05982	1.06515	1.06219	1.06237	0.987382	0.97878	0.96551	0.955077	1.01448	0.984031	0.780633	0.757577	0.792125	0.765758	0.767116	0	0.896626	0.895637	0.907384	0.908095	0.937426	0.898413	1.09147	1.10229	1.10134	1.0995	1.09117	1.09195	1.05472	1.06006	1.03732	1.03816	1.05783	1.03738	1.06267	1.07377	1.07378	1.06594	1.06606	1.07536	1.08388	1.08322	1.10235	1.10297	1.08365	1.14406	1.08703	1.08712	1.07763	1.07032	1.07636	1.08856	0.930385	0.891605	0.898248	0.907003	0.903213	0.906683	1.08832	1.07144	1.06883	1.07493	1.0749	1.07023	1.07928	1.07839	1.07989	1.07286	1.07829	1.08495
ERR608367	0.887458	0.907195	0.883455	0.908348	0.883333	0.88138	0.957721	0.939974	0.956834	0.950066	0.95559	0.952473	0.851512	0.884748	0.887568	0.888226	0.85539	0.851133	0.931267	0.946622	0.944279	0.930573	0.931825	0.94599	1.03809	1.05183	1.04817	1.05244	1.05131	1.05121	0.970573	0.965943	0.953695	0.941007	1.00105	0.967071	0.922182	0.899633	0.931828	0.902318	0.904069	0.896626	0	0.762878	0.778404	0.780159	0.818742	0.76532	1.08717	1.09919	1.09935	1.09744	1.08699	1.08767	1.05787	1.06248	1.03952	1.0403	1.06179	1.03956	1.04902	1.06782	1.06665	1.05222	1.05633	1.06882	1.08157	1.08071	1.09718	1.09796	1.08074	1.13739	1.09061	1.09035	1.07722	1.07044	1.07833	1.09207	0.939757	0.89794	0.903741	0.91376	0.914179	0.917248	1.08335	1.06521	1.05792	1.06555	1.06857	1.06349	1.08097	1.07767	1.07893	1.07082	1.08055	1.08194
ERR608369	0.886583	0.906993	0.881889	0.907273	0.882383	0.880669	0.956178	0.938891	0.956778	0.949625	0.955277	0.951363	0.847892	0.881414	0.884204	0.885235	0.85224	0.847774	0.929968	0.944845	0.942427	0.929269	0.930549	0.944399	1.03548	1.04968	1.04591	1.04962	1.04883	1.0488	0.968315	0.964587	0.952359	0.939069	0.999977	0.96514	0.921055	0.898595	0.930762	0.901186	0.902629	0.895637	0.762878	0	0.777742	0.774486	0.819609	0.757839	1.08546	1.09747	1.09796	1.0956	1.08438	1.08559	1.05735	1.06221	1.03861	1.03958	1.06154	1.03884	1.04692	1.06698	1.06579	1.05006	1.05457	1.06757	1.07996	1.07894	1.09547	1.09592	1.07911	1.1351	1.09031	1.08974	1.07628	1.0693	1.07761	1.09132	0.940302	0.897383	0.90398	0.913561	0.914237	0.917586	1.08139	1.06262	1.0544	1.06242	1.066	1.06106	1.08063	1.07694	1.07786	1.06984	1.07999	1.08067
ERR608366	0.898247	0.916661	0.894205	0.917454	0.894165	0.892264	0.96688	0.950441	0.966175	0.960029	0.96472	0.961859	0.864705	0.895503	0.898158	0.89889	0.867899	0.864139	0.942296	0.956459	0.954572	0.941698	0.942957	0.95622	1.04856	1.06242	1.05871	1.06252	1.06118	1.06139	0.97982	0.975003	0.963827	0.951885	1.00863	0.976868	0.931847	0.910195	0.94055	0.913261	0.914967	0.907384	0.778404	0.777742	0	0.792755	0.82747	0.779364	1.09637	1.10793	1.1078	1.10573	1.09572	1.0965	1.06644	1.07127	1.04866	1.04977	1.07021	1.04913	1.0584	1.07541	1.0745	1.06135	1.06492	1.0764	1.09066	1.08963	1.10607	1.10663	1.08981	1.14486	1.09905	1.09883	1.08671	1.0802	1.08736	1.10038	0.947671	0.908983	0.914794	0.923674	0.923338	0.926111	1.0924	1.07513	1.06832	1.07554	1.07838	1.07349	1.08974	1.0866	1.08813	1.08028	1.08902	1.09095
ERR608370	0.899057	0.917096	0.895019	0.918094	0.89479	0.893523	0.967165	0.950849	0.966118	0.960589	0.964903	0.962445	0.865502	0.896204	0.898694	0.899399	0.868635	0.864614	0.942579	0.957137	0.954877	0.942229	0.943227	0.956863	1.04945	1.06285	1.05926	1.06319	1.06199	1.06218	0.980293	0.975197	0.964203	0.952481	1.00885	0.976739	0.93261	0.911003	0.941262	0.91451	0.915603	0.908095	0.780159	0.774486	0.792755	0	0.828211	0.776898	1.09739	1.10867	1.10866	1.10638	1.09669	1.09753	1.06745	1.07235	1.04995	1.05056	1.07106	1.05022	1.0588	1.07539	1.07448	1.06173	1.06541	1.07634	1.09094	1.09019	1.10657	1.10716	1.0902	1.14569	1.09904	1.09878	1.08719	1.08095	1.08802	1.10047	0.947978	0.909513	0.915062	0.923601	0.922962	0.926371	1.09306	1.07603	1.06946	1.07657	1.07928	1.07456	1.0904	1.08765	1.08853	1.08128	1.08971	1.092
ERR608365	0.92845	0.942781	0.924485	0.944044	0.924678	0.922902	0.993534	0.978683	0.989103	0.985855	0.987295	0.988014	0.902111	0.928198	0.931144	0.931486	0.903678	0.90065	0.970542	0.984633	0.982621	0.969598	0.970968	0.984224	1.07764	1.08954	1.08638	1.09098	1.08859	1.08886	1.00777	1.00074	0.990683	0.981645	1.02963	1.00482	0.959067	0.940448	0.965801	0.944697	0.945908	0.937426	0.818742	0.819609	0.82747	0.828211	0	0.82125	1.12117	1.13112	1.13039	1.12856	1.12088	1.12161	1.08904	1.09407	1.07377	1.07445	1.09205	1.07363	1.08494	1.09581	1.09532	1.08746	1.08864	1.09708	1.1135	1.11303	1.12941	1.12962	1.11332	1.1656	1.12024	1.12018	1.11092	1.10487	1.11046	1.12096	0.966213	0.936762	0.941979	0.948069	0.945241	0.947383	1.11768	1.1032	1.09957	1.1049	1.10641	1.10199	1.11203	1.11106	1.11201	1.1056	1.11143	1.116
ERR608368	0.889216	0.909143	0.884958	0.910002	0.884856	0.883451	0.957971	0.940885	0.95894	0.951725	0.957321	0.953194	0.850428	0.883844	0.886321	0.887409	0.855025	0.850732	0.932573	0.946786	0.944794	0.93189	0.933087	0.946384	1.03719	1.05141	1.04772	1.05146	1.05089	1.05107	0.969775	0.966154	0.954592	0.941373	1.00171	0.966939	0.92329	0.900665	0.933245	0.903666	0.904779	0.898413	0.76532	0.757839	0.779364	0.776898	0.82125	0	1.08725	1.09937	1.09966	1.09729	1.08641	1.0874	1.05951	1.06393	1.0407	1.04164	1.06363	1.04117	1.04852	1.06885	1.06735	1.05141	1.05648	1.06926	1.0822	1.08133	1.09718	1.09771	1.08122	1.13712	1.09228	1.092	1.07824	1.0718	1.07986	1.09368	0.942433	0.90021	0.90631	0.916476	0.917259	0.920454	1.08347	1.06475	1.05613	1.06419	1.06821	1.06302	1.08274	1.07888	1.07988	1.07181	1.08215	1.08234
