	ERR636646	ERR636648	ERR636643	ERR636645	ERR636647	ERR636644	ERR613390	ERR613393	ERR613394	ERR613392	ERR613391	ERR613389	ERR608919	ERR608924	ERR608921	ERR608923	ERR608920	ERR608922	ERR612254	ERR612251	ERR612252	ERR612253	ERR612255	ERR612256	ERR612604	ERR612602	ERR612601	ERR612603	ERR612606	ERR612605	ERR626866	ERR626861	ERR626865	ERR626864	ERR626862	ERR626863	ERR631830	ERR631828	ERR631827	ERR631825	ERR631826	ERR631829	ERR636919	ERR636923	ERR636924	ERR636920	ERR636922	ERR636921	ERR626937	ERR626934	ERR626938	ERR626936	ERR626935	ERR626933	ERR616153	ERR616148	ERR616152	ERR616150	ERR616151	ERR616149	ERR630460	ERR630458	ERR630462	ERR630461	ERR630463	ERR630459	ERR618542	ERR618537	ERR618538	ERR618539	ERR618540	ERR618541	ERR618714	ERR618711	ERR618713	ERR618712	ERR618715	ERR618716	ERR626696	ERR626693	ERR626697	ERR626692	ERR626695	ERR626694	ERR626749	ERR626748	ERR626752	ERR626751	ERR626747	ERR626750	ERR613341	ERR613345	ERR613346	ERR613343	ERR613342	ERR613344
ERR636646	3.8886e+08	3.01854e+08	3.02326e+08	2.30592e+08	2.63912e+08	2.71993e+08	2.35994e+08	2.43852e+08	1.95477e+08	2.43045e+08	2.65524e+08	2.77568e+08	1.65204e+08	1.80542e+08	2.48561e+08	1.83224e+08	2.28708e+08	1.86493e+08	2.44053e+08	2.54846e+08	2.42697e+08	2.45649e+08	1.98298e+08	2.33576e+08	2.07836e+08	1.85026e+08	2.5334e+08	2.31546e+08	2.07501e+08	2.06912e+08	2.44736e+08	2.43121e+08	1.69217e+08	1.7188e+08	2.166e+08	2.19228e+08	1.67687e+08	1.62261e+08	1.8708e+08	1.7059e+08	1.57789e+08	1.67654e+08	2.27553e+08	2.66743e+08	2.65244e+08	2.59275e+08	2.6672e+08	2.55268e+08	2.59473e+08	2.11028e+08	2.64525e+08	2.06267e+08	2.5845e+08	2.56936e+08	2.01468e+08	1.53326e+08	1.96213e+08	1.47095e+08	1.95581e+08	1.69561e+08	2.30855e+08	2.37611e+08	2.41297e+08	2.46369e+08	2.46594e+08	2.16409e+08	1.91446e+08	2.18632e+08	2.0324e+08	2.09404e+08	2.06628e+08	1.91053e+08	1.61635e+08	1.65411e+08	1.54536e+08	1.53827e+08	1.63468e+08	1.66628e+08	1.34532e+08	1.42144e+08	1.32729e+08	1.25246e+08	1.33435e+08	1.33089e+08	2.0146e+08	1.99242e+08	1.91196e+08	1.94534e+08	2.09978e+08	1.93133e+08	1.98719e+08	1.60658e+08	1.23711e+08	1.77908e+08	1.59634e+08	1.55875e+08
ERR636648	3.01854e+08	4.93733e+08	3.4754e+08	2.64623e+08	3.01647e+08	3.12329e+08	2.72722e+08	2.81379e+08	2.25624e+08	2.80479e+08	3.07189e+08	3.20951e+08	1.92224e+08	2.09296e+08	2.88658e+08	2.12524e+08	2.65857e+08	2.16386e+08	2.81754e+08	2.94489e+08	2.80473e+08	2.83721e+08	2.28551e+08	2.69631e+08	2.39739e+08	2.13497e+08	2.92381e+08	2.6762e+08	2.39383e+08	2.38766e+08	2.82876e+08	2.80832e+08	1.94701e+08	1.97549e+08	2.49981e+08	2.53002e+08	1.94543e+08	1.88185e+08	2.16888e+08	1.97754e+08	1.82668e+08	1.94427e+08	2.62192e+08	3.07936e+08	3.06305e+08	2.98839e+08	3.07863e+08	2.94753e+08	3.00306e+08	2.43768e+08	3.0579e+08	2.38269e+08	2.98756e+08	2.96807e+08	2.32835e+08	1.76986e+08	2.26702e+08	1.69377e+08	2.25813e+08	1.95665e+08	2.66612e+08	2.74683e+08	2.78659e+08	2.84599e+08	2.84834e+08	2.49972e+08	2.2226e+08	2.54379e+08	2.36458e+08	2.43583e+08	2.39989e+08	2.2195e+08	1.88097e+08	1.92705e+08	1.79843e+08	1.79182e+08	1.90225e+08	1.93941e+08	1.5591e+08	1.64743e+08	1.53763e+08	1.45232e+08	1.5456e+08	1.54252e+08	2.34377e+08	2.31926e+08	2.22371e+08	2.26266e+08	2.44564e+08	2.24701e+08	2.30657e+08	1.86234e+08	1.4366e+08	2.06682e+08	1.8546e+08	1.80662e+08
ERR636643	3.02326e+08	3.4754e+08	4.95419e+08	2.65823e+08	3.01946e+08	3.13805e+08	2.72979e+08	2.81694e+08	2.25641e+08	2.80702e+08	3.07485e+08	3.21273e+08	1.92292e+08	2.09578e+08	2.89141e+08	2.12891e+08	2.66234e+08	2.16706e+08	2.82188e+08	2.94886e+08	2.80696e+08	2.84e+08	2.28847e+08	2.70175e+08	2.40003e+08	2.13725e+08	2.93031e+08	2.68019e+08	2.39812e+08	2.39099e+08	2.83246e+08	2.81311e+08	1.94916e+08	1.97933e+08	2.50482e+08	2.5352e+08	1.94939e+08	1.88553e+08	2.17518e+08	1.98239e+08	1.83123e+08	1.94905e+08	2.62388e+08	3.08323e+08	3.06707e+08	2.99434e+08	3.08206e+08	2.94931e+08	3.00516e+08	2.44147e+08	3.06065e+08	2.38449e+08	2.99206e+08	2.97376e+08	2.33132e+08	1.77291e+08	2.2705e+08	1.69752e+08	2.26244e+08	1.95942e+08	2.66898e+08	2.74846e+08	2.78843e+08	2.84599e+08	2.84928e+08	2.50053e+08	2.22841e+08	2.5495e+08	2.36929e+08	2.44112e+08	2.40646e+08	2.22478e+08	1.88446e+08	1.93187e+08	1.80235e+08	1.79505e+08	1.90605e+08	1.94409e+08	1.563e+08	1.65057e+08	1.54223e+08	1.45412e+08	1.54968e+08	1.54622e+08	2.34966e+08	2.32426e+08	2.22871e+08	2.26737e+08	2.44913e+08	2.25044e+08	2.3147e+08	1.86624e+08	1.43858e+08	2.07285e+08	1.86005e+08	1.81247e+08
ERR636645	2.30592e+08	2.64623e+08	2.65823e+08	3.13663e+08	2.30373e+08	2.39749e+08	2.08265e+08	2.13899e+08	1.72897e+08	2.13107e+08	2.34058e+08	2.44062e+08	1.46889e+08	1.58865e+08	2.18113e+08	1.61264e+08	2.01363e+08	1.64251e+08	2.14354e+08	2.23714e+08	2.13809e+08	2.15942e+08	1.74491e+08	2.0517e+08	1.82754e+08	1.63179e+08	2.22208e+08	2.04225e+08	1.82441e+08	1.82016e+08	2.14638e+08	2.13137e+08	1.48072e+08	1.50302e+08	1.90204e+08	1.9233e+08	1.46962e+08	1.42203e+08	1.6351e+08	1.49299e+08	1.37872e+08	1.46957e+08	1.99727e+08	2.34316e+08	2.32996e+08	2.27028e+08	2.3414e+08	2.24459e+08	2.28108e+08	1.86011e+08	2.322e+08	1.81537e+08	2.26672e+08	2.25144e+08	1.74507e+08	1.32725e+08	1.70034e+08	1.26454e+08	1.69268e+08	1.46413e+08	2.03246e+08	2.09635e+08	2.12208e+08	2.16477e+08	2.16969e+08	1.91194e+08	1.6662e+08	1.91456e+08	1.78157e+08	1.83314e+08	1.80114e+08	1.6644e+08	1.41805e+08	1.45535e+08	1.35894e+08	1.35572e+08	1.43431e+08	1.46163e+08	1.18614e+08	1.25187e+08	1.16912e+08	1.10496e+08	1.1755e+08	1.17385e+08	1.76973e+08	1.75342e+08	1.67542e+08	1.70633e+08	1.84408e+08	1.69412e+08	1.75749e+08	1.41753e+08	1.09987e+08	1.57749e+08	1.41579e+08	1.37579e+08
ERR636647	2.63912e+08	3.01647e+08	3.01946e+08	2.30373e+08	3.884e+08	2.71627e+08	2.35914e+08	2.43638e+08	1.95482e+08	2.42948e+08	2.65322e+08	2.77336e+08	1.65432e+08	1.80632e+08	2.48679e+08	1.83421e+08	2.28844e+08	1.8673e+08	2.44214e+08	2.54992e+08	2.42862e+08	2.45661e+08	1.98455e+08	2.33729e+08	2.07968e+08	1.85065e+08	2.53422e+08	2.31626e+08	2.07584e+08	2.0703e+08	2.4471e+08	2.42869e+08	1.69136e+08	1.71665e+08	2.16329e+08	2.19039e+08	1.67794e+08	1.6231e+08	1.87176e+08	1.70673e+08	1.57865e+08	1.67739e+08	2.27561e+08	2.66666e+08	2.65299e+08	2.59238e+08	2.6652e+08	2.55226e+08	2.59444e+08	2.10929e+08	2.64406e+08	2.06173e+08	2.58335e+08	2.56745e+08	2.01569e+08	1.5346e+08	1.96269e+08	1.47165e+08	1.95578e+08	1.69632e+08	2.30761e+08	2.37601e+08	2.4116e+08	2.46196e+08	2.46488e+08	2.16296e+08	1.91663e+08	2.18969e+08	2.03564e+08	2.09641e+08	2.06989e+08	1.91455e+08	1.61786e+08	1.6574e+08	1.54749e+08	1.53975e+08	1.636e+08	1.66829e+08	1.34645e+08	1.42135e+08	1.32835e+08	1.25262e+08	1.33437e+08	1.33062e+08	2.01769e+08	1.99333e+08	1.91488e+08	1.94701e+08	2.10228e+08	1.9328e+08	1.98835e+08	1.60751e+08	1.23878e+08	1.7808e+08	1.59803e+08	1.5602e+08
ERR636644	2.71993e+08	3.12329e+08	3.13805e+08	2.39749e+08	2.71627e+08	4.12451e+08	2.44792e+08	2.52424e+08	2.02712e+08	2.51725e+08	2.75621e+08	2.87896e+08	1.7254e+08	1.87748e+08	2.58634e+08	1.90728e+08	2.38265e+08	1.94077e+08	2.53029e+08	2.64406e+08	2.51937e+08	2.54786e+08	2.05538e+08	2.42254e+08	2.15465e+08	1.91995e+08	2.62633e+08	2.40495e+08	2.15102e+08	2.14526e+08	2.53865e+08	2.52038e+08	1.74944e+08	1.77596e+08	2.24568e+08	2.2721e+08	1.74562e+08	1.6895e+08	1.94549e+08	1.77448e+08	1.63879e+08	1.74498e+08	2.35613e+08	2.7663e+08	2.75011e+08	2.68436e+08	2.76434e+08	2.64721e+08	2.69562e+08	2.19234e+08	2.74603e+08	2.14198e+08	2.68349e+08	2.66835e+08	2.08354e+08	1.58261e+08	2.02799e+08	1.51596e+08	2.02056e+08	1.74972e+08	2.39716e+08	2.46998e+08	2.50311e+08	2.55334e+08	2.56054e+08	2.24788e+08	1.99011e+08	2.27825e+08	2.11676e+08	2.18092e+08	2.14823e+08	1.98615e+08	1.68494e+08	1.72698e+08	1.61142e+08	1.60578e+08	1.70434e+08	1.73767e+08	1.40224e+08	1.47983e+08	1.38248e+08	1.30515e+08	1.38894e+08	1.38654e+08	2.10074e+08	2.07679e+08	1.99113e+08	2.02586e+08	2.18911e+08	2.01052e+08	2.07417e+08	1.67494e+08	1.29378e+08	1.86025e+08	1.66944e+08	1.62547e+08
ERR613390	2.35994e+08	2.72722e+08	2.72979e+08	2.08265e+08	2.35914e+08	2.44792e+08	5.05458e+08	3.73153e+08	3.06449e+08	3.71826e+08	4.08341e+08	4.23365e+08	1.99357e+08	2.15033e+08	2.95643e+08	2.18586e+08	2.73264e+08	2.22533e+08	2.94772e+08	3.07716e+08	2.94991e+08	2.97043e+08	2.38708e+08	2.8211e+08	2.78925e+08	2.51819e+08	3.34239e+08	3.09877e+08	2.78848e+08	2.78624e+08	2.82897e+08	2.81135e+08	1.93584e+08	1.96584e+08	2.50474e+08	2.52876e+08	1.75751e+08	1.69968e+08	1.96322e+08	1.78716e+08	1.64476e+08	1.75476e+08	2.59973e+08	3.04353e+08	3.02874e+08	2.9579e+08	3.04467e+08	2.92269e+08	2.94693e+08	2.39524e+08	3.00446e+08	2.33065e+08	2.92946e+08	2.91044e+08	2.1458e+08	1.63621e+08	2.09153e+08	1.56e+08	2.08289e+08	1.80419e+08	2.6987e+08	2.78071e+08	2.8129e+08	2.86994e+08	2.87948e+08	2.53426e+08	2.06921e+08	2.3712e+08	2.20914e+08	2.274e+08	2.23598e+08	2.06413e+08	1.89438e+08	1.94706e+08	1.81936e+08	1.81458e+08	1.90995e+08	1.95601e+08	1.41598e+08	1.49873e+08	1.39674e+08	1.32359e+08	1.40368e+08	1.40087e+08	2.19011e+08	2.16796e+08	2.07913e+08	2.11215e+08	2.28222e+08	2.09765e+08	2.34123e+08	1.86145e+08	1.4567e+08	2.0874e+08	1.87482e+08	1.81677e+08
ERR613393	2.43852e+08	2.81379e+08	2.81694e+08	2.13899e+08	2.43638e+08	2.52424e+08	3.73153e+08	5.25853e+08	3.13887e+08	3.83267e+08	4.17056e+08	4.32793e+08	2.02891e+08	2.20512e+08	3.03399e+08	2.24203e+08	2.80005e+08	2.28237e+08	3.02948e+08	3.1656e+08	3.02526e+08	3.05213e+08	2.4548e+08	2.90036e+08	2.8583e+08	2.57692e+08	3.43157e+08	3.17147e+08	2.85756e+08	2.85309e+08	2.91729e+08	2.8992e+08	2.00176e+08	2.03275e+08	2.57997e+08	2.60657e+08	1.81137e+08	1.75214e+08	2.02617e+08	1.84257e+08	1.69989e+08	1.80829e+08	2.67287e+08	3.12543e+08	3.10859e+08	3.0436e+08	3.1266e+08	3.00215e+08	3.02825e+08	2.45769e+08	3.08755e+08	2.39333e+08	3.01453e+08	2.99357e+08	2.2301e+08	1.70206e+08	2.17324e+08	1.62699e+08	2.16547e+08	1.87892e+08	2.76974e+08	2.85266e+08	2.88827e+08	2.95006e+08	2.95517e+08	2.59586e+08	2.14306e+08	2.44764e+08	2.2763e+08	2.34633e+08	2.31407e+08	2.13765e+08	1.94973e+08	2.00092e+08	1.86995e+08	1.86184e+08	1.96466e+08	2.01297e+08	1.45757e+08	1.54214e+08	1.43768e+08	1.36141e+08	1.44565e+08	1.43968e+08	2.25499e+08	2.23001e+08	2.14532e+08	2.17769e+08	2.35094e+08	2.16406e+08	2.39649e+08	1.90999e+08	1.48756e+08	2.13233e+08	1.91462e+08	1.8654e+08
ERR613394	1.95477e+08	2.25624e+08	2.25641e+08	1.72897e+08	1.95482e+08	2.02712e+08	3.06449e+08	3.13887e+08	3.71644e+08	3.12813e+08	3.41453e+08	3.53226e+08	1.64743e+08	1.77223e+08	2.42875e+08	1.80078e+08	2.2492e+08	1.83499e+08	2.43794e+08	2.54063e+08	2.43941e+08	2.45895e+08	1.9799e+08	2.33607e+08	2.34905e+08	2.12538e+08	2.80298e+08	2.60505e+08	2.34738e+08	2.34603e+08	2.33024e+08	2.31617e+08	1.59963e+08	1.62332e+08	2.06554e+08	2.08666e+08	1.43299e+08	1.38576e+08	1.59874e+08	1.45623e+08	1.34109e+08	1.43007e+08	2.15154e+08	2.51524e+08	2.50279e+08	2.44175e+08	2.51598e+08	2.41589e+08	2.43093e+08	1.98077e+08	2.47765e+08	1.9277e+08	2.41441e+08	2.39822e+08	1.7497e+08	1.33508e+08	1.70565e+08	1.2714e+08	1.69798e+08	1.47072e+08	2.23455e+08	2.30258e+08	2.3312e+08	2.37796e+08	2.38441e+08	2.10294e+08	1.68463e+08	1.92982e+08	1.79824e+08	1.85174e+08	1.81953e+08	1.6795e+08	1.5645e+08	1.60712e+08	1.50352e+08	1.50001e+08	1.57646e+08	1.61611e+08	1.15401e+08	1.22125e+08	1.13906e+08	1.08007e+08	1.14484e+08	1.1417e+08	1.78445e+08	1.76598e+08	1.69543e+08	1.72208e+08	1.85951e+08	1.71013e+08	1.94049e+08	1.54015e+08	1.21247e+08	1.72819e+08	1.55292e+08	1.50493e+08
ERR613392	2.43045e+08	2.80479e+08	2.80702e+08	2.13107e+08	2.42948e+08	2.51725e+08	3.71826e+08	3.83267e+08	3.12813e+08	5.22772e+08	4.15619e+08	4.31296e+08	2.01938e+08	2.19564e+08	3.02118e+08	2.23313e+08	2.78601e+08	2.27158e+08	3.0155e+08	3.15191e+08	3.01189e+08	3.04037e+08	2.44397e+08	2.88772e+08	2.84899e+08	2.56704e+08	3.41882e+08	3.15875e+08	2.84774e+08	2.84353e+08	2.90284e+08	2.88435e+08	1.99394e+08	2.02329e+08	2.56808e+08	2.59392e+08	1.80481e+08	1.74587e+08	2.01855e+08	1.83574e+08	1.69272e+08	1.80089e+08	2.66308e+08	3.11411e+08	3.09654e+08	3.03382e+08	3.11648e+08	2.99064e+08	3.01612e+08	2.44609e+08	3.07553e+08	2.38433e+08	3.00245e+08	2.98165e+08	2.22564e+08	1.69798e+08	2.16702e+08	1.62302e+08	2.16075e+08	1.87494e+08	2.75683e+08	2.83861e+08	2.87652e+08	2.93778e+08	2.94331e+08	2.58419e+08	2.13602e+08	2.43653e+08	2.269e+08	2.33836e+08	2.30629e+08	2.13072e+08	1.94335e+08	1.99329e+08	1.86246e+08	1.85601e+08	1.95885e+08	2.00861e+08	1.45211e+08	1.53745e+08	1.43301e+08	1.35636e+08	1.44093e+08	1.43397e+08	2.24622e+08	2.22183e+08	2.13863e+08	2.16966e+08	2.34116e+08	2.15617e+08	2.3868e+08	1.90457e+08	1.48262e+08	2.12549e+08	1.90822e+08	1.85914e+08
ERR613391	2.65524e+08	3.07189e+08	3.07485e+08	2.34058e+08	2.65322e+08	2.75621e+08	4.08341e+08	4.17056e+08	3.41453e+08	4.15619e+08	6.16793e+08	4.73901e+08	2.24774e+08	2.42574e+08	3.34028e+08	2.46556e+08	3.08549e+08	2.51038e+08	3.31526e+08	3.46423e+08	3.31761e+08	3.34111e+08	2.68262e+08	3.17232e+08	3.10773e+08	2.80166e+08	3.7345e+08	3.45963e+08	3.10579e+08	3.10332e+08	3.19234e+08	3.17381e+08	2.18134e+08	2.21444e+08	2.82541e+08	2.8519e+08	2.00229e+08	1.93611e+08	2.23461e+08	2.03481e+08	1.87306e+08	1.99757e+08	2.92276e+08	3.42478e+08	3.40699e+08	3.3287e+08	3.42733e+08	3.28874e+08	3.32292e+08	2.69995e+08	3.38817e+08	2.62546e+08	3.30402e+08	3.28085e+08	2.44267e+08	1.86113e+08	2.38088e+08	1.77262e+08	2.37048e+08	2.0534e+08	3.03858e+08	3.13001e+08	3.16473e+08	3.2328e+08	3.24073e+08	2.85276e+08	2.35811e+08	2.70284e+08	2.51748e+08	2.59233e+08	2.54801e+08	2.35252e+08	2.14453e+08	2.20236e+08	2.0578e+08	2.0523e+08	2.16139e+08	2.21308e+08	1.61087e+08	1.70469e+08	1.58956e+08	1.50562e+08	1.59793e+08	1.5934e+08	2.49386e+08	2.46756e+08	2.36596e+08	2.40298e+08	2.59842e+08	2.38892e+08	2.64195e+08	2.10326e+08	1.64356e+08	2.3568e+08	2.11474e+08	2.05152e+08
ERR613389	2.77568e+08	3.20951e+08	3.21273e+08	2.44062e+08	2.77336e+08	2.87896e+08	4.23365e+08	4.32793e+08	3.53226e+08	4.31296e+08	4.73901e+08	6.58761e+08	2.33231e+08	2.52298e+08	3.48081e+08	2.56614e+08	3.21212e+08	2.61404e+08	3.45266e+08	3.60926e+08	3.45156e+08	3.47852e+08	2.79368e+08	3.30526e+08	3.22817e+08	2.90862e+08	3.88464e+08	3.58967e+08	3.22664e+08	3.22259e+08	3.32727e+08	3.30644e+08	2.27406e+08	2.30923e+08	2.94332e+08	2.97156e+08	2.10062e+08	2.03163e+08	2.34667e+08	2.13537e+08	1.96776e+08	2.09597e+08	3.04354e+08	3.56922e+08	3.55073e+08	3.47226e+08	3.5702e+08	3.42507e+08	3.46226e+08	2.81133e+08	3.5311e+08	2.73368e+08	3.44646e+08	3.42031e+08	2.56893e+08	1.95856e+08	2.50296e+08	1.86873e+08	2.49326e+08	2.16106e+08	3.16256e+08	3.25673e+08	3.29499e+08	3.36563e+08	3.37324e+08	2.96594e+08	2.47996e+08	2.83734e+08	2.64253e+08	2.72067e+08	2.67702e+08	2.47401e+08	2.24224e+08	2.30387e+08	2.15184e+08	2.14568e+08	2.26286e+08	2.31734e+08	1.68993e+08	1.78815e+08	1.66694e+08	1.57764e+08	1.67703e+08	1.67055e+08	2.61595e+08	2.58775e+08	2.48497e+08	2.52245e+08	2.72689e+08	2.50728e+08	2.7576e+08	2.198e+08	1.7135e+08	2.45865e+08	2.20627e+08	2.14448e+08
ERR608919	1.65204e+08	1.92224e+08	1.92292e+08	1.46889e+08	1.65432e+08	1.7254e+08	1.99357e+08	2.02891e+08	1.64743e+08	2.01938e+08	2.24774e+08	2.33231e+08	3.45546e+08	2.612e+08	3.5079e+08	2.65297e+08	3.23722e+08	2.70159e+08	2.27472e+08	2.37061e+08	2.27504e+08	2.29248e+08	1.84464e+08	2.17448e+08	1.8289e+08	1.64244e+08	2.21588e+08	2.05383e+08	1.82972e+08	1.8257e+08	2.10185e+08	2.08771e+08	1.42554e+08	1.44566e+08	1.86267e+08	1.87763e+08	1.16632e+08	1.12627e+08	1.29951e+08	1.18284e+08	1.08449e+08	1.16377e+08	2.02421e+08	2.36836e+08	2.35907e+08	2.29178e+08	2.36858e+08	2.27538e+08	2.35769e+08	1.92699e+08	2.40336e+08	1.86934e+08	2.34011e+08	2.32222e+08	1.38378e+08	1.04536e+08	1.35019e+08	9.88753e+07	1.34368e+08	1.15395e+08	1.97272e+08	2.0338e+08	2.05204e+08	2.09237e+08	2.10044e+08	1.85699e+08	1.323e+08	1.52997e+08	1.42835e+08	1.46959e+08	1.43426e+08	1.32149e+08	1.16781e+08	1.19936e+08	1.12002e+08	1.11631e+08	1.18022e+08	1.20315e+08	9.39515e+07	9.94576e+07	9.25456e+07	8.78252e+07	9.31912e+07	9.31052e+07	1.4699e+08	1.45514e+08	1.39074e+08	1.41325e+08	1.52992e+08	1.40467e+08	1.38924e+08	1.10508e+08	8.60996e+07	1.24704e+08	1.11528e+08	1.07179e+08
ERR608924	1.80542e+08	2.09296e+08	2.09578e+08	1.58865e+08	1.80632e+08	1.87748e+08	2.15033e+08	2.20512e+08	1.77223e+08	2.19564e+08	2.42574e+08	2.52298e+08	2.612e+08	4.08921e+08	3.91856e+08	2.966e+08	3.59704e+08	3.02031e+08	2.458e+08	2.56435e+08	2.45279e+08	2.4759e+08	1.99145e+08	2.35141e+08	1.97346e+08	1.76717e+08	2.39598e+08	2.20898e+08	1.9763e+08	1.96863e+08	2.28437e+08	2.27058e+08	1.55568e+08	1.57787e+08	2.02076e+08	2.03963e+08	1.27134e+08	1.22861e+08	1.4213e+08	1.29147e+08	1.18844e+08	1.26892e+08	2.18648e+08	2.55574e+08	2.54327e+08	2.4828e+08	2.55752e+08	2.4557e+08	2.54413e+08	2.0711e+08	2.59345e+08	2.01553e+08	2.53037e+08	2.5128e+08	1.53121e+08	1.15829e+08	1.4922e+08	1.10287e+08	1.48649e+08	1.28096e+08	2.12628e+08	2.18989e+08	2.21461e+08	2.25893e+08	2.26442e+08	1.99395e+08	1.45577e+08	1.67331e+08	1.55772e+08	1.60607e+08	1.57688e+08	1.45164e+08	1.27266e+08	1.30638e+08	1.21783e+08	1.21217e+08	1.28637e+08	1.31363e+08	1.02446e+08	1.08422e+08	1.00942e+08	9.54889e+07	1.01595e+08	1.01349e+08	1.60151e+08	1.583e+08	1.51683e+08	1.54071e+08	1.66799e+08	1.53238e+08	1.5046e+08	1.20249e+08	9.26963e+07	1.34598e+08	1.20448e+08	1.16695e+08
ERR608921	2.48561e+08	2.88658e+08	2.89141e+08	2.18113e+08	2.48679e+08	2.58634e+08	2.95643e+08	3.03399e+08	2.42875e+08	3.02118e+08	3.34028e+08	3.48081e+08	3.5079e+08	3.91856e+08	7.0021e+08	3.98442e+08	4.89729e+08	4.05978e+08	3.36761e+08	3.52128e+08	3.36182e+08	3.39429e+08	2.72184e+08	3.22152e+08	2.70001e+08	2.41563e+08	3.29079e+08	3.02643e+08	2.70284e+08	2.69364e+08	3.15128e+08	3.13109e+08	2.13972e+08	2.17165e+08	2.78394e+08	2.80945e+08	1.78146e+08	1.72066e+08	1.99237e+08	1.80869e+08	1.66436e+08	1.77934e+08	2.98362e+08	3.50161e+08	3.48413e+08	3.40252e+08	3.50187e+08	3.35957e+08	3.49053e+08	2.83144e+08	3.55842e+08	2.753e+08	3.4727e+08	3.44743e+08	2.14589e+08	1.62457e+08	2.08973e+08	1.54828e+08	2.08232e+08	1.79821e+08	2.92437e+08	3.01277e+08	3.04284e+08	3.10695e+08	3.11352e+08	2.73637e+08	2.04236e+08	2.34696e+08	2.18493e+08	2.25203e+08	2.21099e+08	2.03846e+08	1.78409e+08	1.83113e+08	1.70697e+08	1.69875e+08	1.80258e+08	1.8404e+08	1.43403e+08	1.51849e+08	1.41383e+08	1.33719e+08	1.42291e+08	1.41694e+08	2.2426e+08	2.21692e+08	2.12536e+08	2.15855e+08	2.33674e+08	2.14562e+08	2.10653e+08	1.68269e+08	1.29652e+08	1.88575e+08	1.68732e+08	1.63478e+08
ERR608923	1.83224e+08	2.12524e+08	2.12891e+08	1.61264e+08	1.83421e+08	1.90728e+08	2.18586e+08	2.24203e+08	1.80078e+08	2.23313e+08	2.46556e+08	2.56614e+08	2.65297e+08	2.966e+08	3.98442e+08	4.20333e+08	3.65546e+08	3.06862e+08	2.49954e+08	2.61007e+08	2.49507e+08	2.51856e+08	2.0245e+08	2.39133e+08	2.00786e+08	1.79845e+08	2.43848e+08	2.24815e+08	2.00959e+08	2.00216e+08	2.3227e+08	2.30813e+08	1.58118e+08	1.60421e+08	2.05401e+08	2.07341e+08	1.29071e+08	1.24838e+08	1.4442e+08	1.312e+08	1.2069e+08	1.28966e+08	2.22145e+08	2.59813e+08	2.58648e+08	2.52557e+08	2.59903e+08	2.49716e+08	2.58726e+08	2.1057e+08	2.63626e+08	2.04808e+08	2.57367e+08	2.5555e+08	1.55668e+08	1.17922e+08	1.51684e+08	1.12182e+08	1.51107e+08	1.30325e+08	2.16118e+08	2.22695e+08	2.24873e+08	2.29538e+08	2.30098e+08	2.02617e+08	1.47917e+08	1.70096e+08	1.58184e+08	1.6317e+08	1.60031e+08	1.476e+08	1.29222e+08	1.32667e+08	1.23669e+08	1.23102e+08	1.30638e+08	1.33322e+08	1.04029e+08	1.10169e+08	1.02531e+08	9.69907e+07	1.03204e+08	1.02852e+08	1.62698e+08	1.60815e+08	1.54236e+08	1.56686e+08	1.69486e+08	1.55689e+08	1.52835e+08	1.22055e+08	9.41885e+07	1.36818e+08	1.22399e+08	1.18574e+08
ERR608920	2.28708e+08	2.65857e+08	2.66234e+08	2.01363e+08	2.28844e+08	2.38265e+08	2.73264e+08	2.80005e+08	2.2492e+08	2.78601e+08	3.08549e+08	3.21212e+08	3.23722e+08	3.59704e+08	4.89729e+08	3.65546e+08	5.99224e+08	3.72448e+08	3.11373e+08	3.25224e+08	3.10778e+08	3.13816e+08	2.51691e+08	2.97827e+08	2.49752e+08	2.23582e+08	3.04093e+08	2.80166e+08	2.49969e+08	2.49329e+08	2.90831e+08	2.89044e+08	1.97393e+08	2.00369e+08	2.57238e+08	2.59337e+08	1.6348e+08	1.58041e+08	1.82813e+08	1.66129e+08	1.52682e+08	1.63324e+08	2.76034e+08	3.23776e+08	3.22282e+08	3.14519e+08	3.2384e+08	3.10885e+08	3.22883e+08	2.62243e+08	3.29167e+08	2.54975e+08	3.21022e+08	3.18736e+08	1.96542e+08	1.48651e+08	1.9143e+08	1.41329e+08	1.90727e+08	1.64414e+08	2.70509e+08	2.78668e+08	2.81397e+08	2.87149e+08	2.87947e+08	2.53538e+08	1.87147e+08	2.15306e+08	2.00504e+08	2.06694e+08	2.0263e+08	1.86706e+08	1.63768e+08	1.68161e+08	1.5683e+08	1.56056e+08	1.65616e+08	1.68992e+08	1.31715e+08	1.39479e+08	1.29754e+08	1.22827e+08	1.30622e+08	1.30236e+08	2.05732e+08	2.03601e+08	1.94927e+08	1.98163e+08	2.14374e+08	1.96788e+08	1.93822e+08	1.54743e+08	1.19478e+08	1.73569e+08	1.55408e+08	1.5015e+08
ERR608922	1.86493e+08	2.16386e+08	2.16706e+08	1.64251e+08	1.8673e+08	1.94077e+08	2.22533e+08	2.28237e+08	1.83499e+08	2.27158e+08	2.51038e+08	2.61404e+08	2.70159e+08	3.02031e+08	4.05978e+08	3.06862e+08	3.72448e+08	4.33375e+08	2.5433e+08	2.65576e+08	2.53914e+08	2.56393e+08	2.06065e+08	2.43471e+08	2.04408e+08	1.82979e+08	2.48189e+08	2.28769e+08	2.04463e+08	2.03823e+08	2.36608e+08	2.35138e+08	1.61042e+08	1.63428e+08	2.09282e+08	2.11161e+08	1.31548e+08	1.27119e+08	1.47095e+08	1.33645e+08	1.22934e+08	1.31377e+08	2.26262e+08	2.6453e+08	2.63385e+08	2.57215e+08	2.64589e+08	2.54187e+08	2.63464e+08	2.14461e+08	2.68467e+08	2.08508e+08	2.61919e+08	2.60065e+08	1.58569e+08	1.19976e+08	1.54474e+08	1.14215e+08	1.539e+08	1.32705e+08	2.20053e+08	2.26711e+08	2.29065e+08	2.33694e+08	2.34322e+08	2.06297e+08	1.50519e+08	1.73017e+08	1.61085e+08	1.66024e+08	1.62992e+08	1.50293e+08	1.31692e+08	1.35155e+08	1.26054e+08	1.25388e+08	1.33091e+08	1.35805e+08	1.06023e+08	1.1212e+08	1.04314e+08	9.88175e+07	1.05024e+08	1.047e+08	1.65637e+08	1.63781e+08	1.57022e+08	1.59454e+08	1.72528e+08	1.58515e+08	1.55582e+08	1.2447e+08	9.59928e+07	1.39394e+08	1.24697e+08	1.20763e+08
ERR612254	2.44053e+08	2.81754e+08	2.82188e+08	2.14354e+08	2.44214e+08	2.53029e+08	2.94772e+08	3.02948e+08	2.43794e+08	3.0155e+08	3.31526e+08	3.45266e+08	2.27472e+08	2.458e+08	3.36761e+08	2.49954e+08	3.11373e+08	2.5433e+08	5.06313e+08	3.7474e+08	3.58066e+08	3.61323e+08	2.92428e+08	3.44744e+08	2.74186e+08	2.46207e+08	3.31598e+08	3.0577e+08	2.74308e+08	2.73393e+08	3.05522e+08	3.03366e+08	2.09955e+08	2.12892e+08	2.70702e+08	2.73117e+08	1.68486e+08	1.62909e+08	1.88683e+08	1.71212e+08	1.57743e+08	1.68273e+08	2.9466e+08	3.44753e+08	3.42675e+08	3.35295e+08	3.44551e+08	3.30534e+08	3.31855e+08	2.7029e+08	3.38188e+08	2.63287e+08	3.30109e+08	3.27685e+08	2.06409e+08	1.56507e+08	2.00903e+08	1.49234e+08	2.00422e+08	1.7299e+08	2.8091e+08	2.89161e+08	2.92507e+08	2.98426e+08	2.99235e+08	2.63398e+08	1.94784e+08	2.2334e+08	2.07772e+08	2.14251e+08	2.10684e+08	1.94511e+08	1.70784e+08	1.75273e+08	1.63445e+08	1.6262e+08	1.72444e+08	1.76258e+08	1.36139e+08	1.44096e+08	1.34233e+08	1.26841e+08	1.34921e+08	1.34402e+08	2.10798e+08	2.08484e+08	2.00058e+08	2.03281e+08	2.19609e+08	2.01941e+08	2.13503e+08	1.70684e+08	1.32091e+08	1.90693e+08	1.70998e+08	1.66026e+08
ERR612251	2.54846e+08	2.94489e+08	2.94886e+08	2.23714e+08	2.54992e+08	2.64406e+08	3.07716e+08	3.1656e+08	2.54063e+08	3.15191e+08	3.46423e+08	3.60926e+08	2.37061e+08	2.56435e+08	3.52128e+08	2.61007e+08	3.25224e+08	2.65576e+08	3.7474e+08	5.48201e+08	3.75036e+08	3.7828e+08	3.03907e+08	3.58926e+08	2.86021e+08	2.56688e+08	3.46274e+08	3.19069e+08	2.86335e+08	2.85329e+08	3.19702e+08	3.179e+08	2.19546e+08	2.22833e+08	2.8319e+08	2.85876e+08	1.77203e+08	1.71337e+08	1.98437e+08	1.8018e+08	1.65916e+08	1.76998e+08	3.07535e+08	3.59682e+08	3.57666e+08	3.5012e+08	3.59581e+08	3.45009e+08	3.46863e+08	2.82238e+08	3.53611e+08	2.75e+08	3.45159e+08	3.42826e+08	2.17076e+08	1.64696e+08	2.1121e+08	1.57063e+08	2.10761e+08	1.82065e+08	2.93597e+08	3.02184e+08	3.0539e+08	3.11906e+08	3.12459e+08	2.7498e+08	2.04912e+08	2.34802e+08	2.18441e+08	2.25336e+08	2.2176e+08	2.04602e+08	1.79536e+08	1.84124e+08	1.71786e+08	1.70818e+08	1.81095e+08	1.8508e+08	1.43007e+08	1.51571e+08	1.40994e+08	1.33352e+08	1.4189e+08	1.41204e+08	2.21565e+08	2.19111e+08	2.10445e+08	2.1365e+08	2.30975e+08	2.12279e+08	2.24155e+08	1.79316e+08	1.38488e+08	2.00246e+08	1.79384e+08	1.7442e+08
ERR612252	2.42697e+08	2.80473e+08	2.80696e+08	2.13809e+08	2.42862e+08	2.51937e+08	2.94991e+08	3.02526e+08	2.43941e+08	3.01189e+08	3.31761e+08	3.45156e+08	2.27504e+08	2.45279e+08	3.36182e+08	2.49507e+08	3.10778e+08	2.53914e+08	3.58066e+08	3.75036e+08	5.0571e+08	3.61663e+08	2.9051e+08	3.4269e+08	2.73959e+08	2.46286e+08	3.31247e+08	3.0573e+08	2.74164e+08	2.73345e+08	3.0479e+08	3.03001e+08	2.0917e+08	2.12263e+08	2.70368e+08	2.72611e+08	1.68554e+08	1.62961e+08	1.88488e+08	1.71269e+08	1.57616e+08	1.68334e+08	2.93905e+08	3.43718e+08	3.41789e+08	3.34164e+08	3.43661e+08	3.29767e+08	3.31003e+08	2.69965e+08	3.376e+08	2.62609e+08	3.29243e+08	3.27012e+08	2.05386e+08	1.55798e+08	1.99966e+08	1.48163e+08	1.99329e+08	1.71998e+08	2.80676e+08	2.89064e+08	2.91835e+08	2.9776e+08	2.98701e+08	2.63312e+08	1.94389e+08	2.23178e+08	2.07793e+08	2.14154e+08	2.10321e+08	1.94074e+08	1.71302e+08	1.75678e+08	1.64018e+08	1.63309e+08	1.72745e+08	1.7663e+08	1.36252e+08	1.44185e+08	1.34227e+08	1.27138e+08	1.35135e+08	1.34688e+08	2.10777e+08	2.08683e+08	1.99988e+08	2.03277e+08	2.19872e+08	2.01876e+08	2.14586e+08	1.71485e+08	1.32773e+08	1.91827e+08	1.7192e+08	1.66605e+08
ERR612253	2.45649e+08	2.83721e+08	2.84e+08	2.15942e+08	2.45661e+08	2.54786e+08	2.97043e+08	3.05213e+08	2.45895e+08	3.04037e+08	3.34111e+08	3.47852e+08	2.29248e+08	2.4759e+08	3.39429e+08	2.51856e+08	3.13816e+08	2.56393e+08	3.61323e+08	3.7828e+08	3.61663e+08	5.13413e+08	2.93237e+08	3.46022e+08	2.76204e+08	2.48172e+08	3.34026e+08	3.08028e+08	2.76421e+08	2.75548e+08	3.07645e+08	3.05631e+08	2.11215e+08	2.1432e+08	2.7247e+08	2.7521e+08	1.70195e+08	1.64408e+08	1.9041e+08	1.72791e+08	1.59047e+08	1.69858e+08	2.96688e+08	3.47026e+08	3.4487e+08	3.37265e+08	3.46831e+08	3.32837e+08	3.34209e+08	2.72318e+08	3.40777e+08	2.65247e+08	3.32522e+08	3.30116e+08	2.07812e+08	1.57586e+08	2.02352e+08	1.50197e+08	2.01775e+08	1.74133e+08	2.82878e+08	2.91133e+08	2.94315e+08	3.00381e+08	3.0112e+08	2.6505e+08	1.96469e+08	2.2523e+08	2.0959e+08	2.16243e+08	2.12348e+08	1.96103e+08	1.72537e+08	1.77036e+08	1.65265e+08	1.6446e+08	1.74237e+08	1.78123e+08	1.37325e+08	1.45262e+08	1.354e+08	1.28021e+08	1.36109e+08	1.35606e+08	2.12698e+08	2.10367e+08	2.01886e+08	2.04952e+08	2.2164e+08	2.03622e+08	2.15829e+08	1.7256e+08	1.33622e+08	1.92882e+08	1.72896e+08	1.67784e+08
ERR612255	1.98298e+08	2.28551e+08	2.28847e+08	1.74491e+08	1.98455e+08	2.05538e+08	2.38708e+08	2.4548e+08	1.9799e+08	2.44397e+08	2.68262e+08	2.79368e+08	1.84464e+08	1.99145e+08	2.72184e+08	2.0245e+08	2.51691e+08	2.06065e+08	2.92428e+08	3.03907e+08	2.9051e+08	2.93237e+08	3.55398e+08	2.80093e+08	2.22779e+08	2.00336e+08	2.68609e+08	2.47848e+08	2.22871e+08	2.22208e+08	2.47491e+08	2.45893e+08	1.70648e+08	1.73144e+08	2.19428e+08	2.21476e+08	1.35238e+08	1.30694e+08	1.51401e+08	1.37395e+08	1.26615e+08	1.35119e+08	2.39852e+08	2.79803e+08	2.78082e+08	2.72187e+08	2.79739e+08	2.68439e+08	2.68976e+08	2.19468e+08	2.74299e+08	2.14033e+08	2.67632e+08	2.65682e+08	1.65652e+08	1.25794e+08	1.61313e+08	1.19971e+08	1.60909e+08	1.38981e+08	2.27959e+08	2.34655e+08	2.37324e+08	2.42116e+08	2.42749e+08	2.13881e+08	1.56107e+08	1.78808e+08	1.66405e+08	1.71749e+08	1.6878e+08	1.55905e+08	1.36998e+08	1.40469e+08	1.3109e+08	1.30378e+08	1.38266e+08	1.41377e+08	1.09291e+08	1.15683e+08	1.07675e+08	1.01872e+08	1.08395e+08	1.07919e+08	1.69042e+08	1.67115e+08	1.6053e+08	1.63032e+08	1.76176e+08	1.61928e+08	1.71411e+08	1.37159e+08	1.06139e+08	1.53028e+08	1.37247e+08	1.33397e+08
ERR612256	2.33576e+08	2.69631e+08	2.70175e+08	2.0517e+08	2.33729e+08	2.42254e+08	2.8211e+08	2.90036e+08	2.33607e+08	2.88772e+08	3.17232e+08	3.30526e+08	2.17448e+08	2.35141e+08	3.22152e+08	2.39133e+08	2.97827e+08	2.43471e+08	3.44744e+08	3.58926e+08	3.4269e+08	3.46022e+08	2.80093e+08	4.70251e+08	2.62848e+08	2.36189e+08	3.17738e+08	2.92769e+08	2.6298e+08	2.62139e+08	2.9237e+08	2.90372e+08	2.01045e+08	2.04054e+08	2.59046e+08	2.61615e+08	1.61245e+08	1.55895e+08	1.80503e+08	1.63872e+08	1.50882e+08	1.61037e+08	2.82255e+08	3.29881e+08	3.27987e+08	3.2092e+08	3.29919e+08	3.16493e+08	3.17528e+08	2.58641e+08	3.23707e+08	2.52102e+08	3.15942e+08	3.13597e+08	1.97481e+08	1.49899e+08	1.92104e+08	1.42844e+08	1.91662e+08	1.65574e+08	2.68539e+08	2.76568e+08	2.79763e+08	2.85576e+08	2.86169e+08	2.51891e+08	1.86327e+08	2.13546e+08	1.98656e+08	2.04896e+08	2.01537e+08	1.86039e+08	1.63492e+08	1.67682e+08	1.56436e+08	1.55548e+08	1.65125e+08	1.68723e+08	1.30171e+08	1.37746e+08	1.28249e+08	1.21347e+08	1.29093e+08	1.2847e+08	2.01478e+08	1.99286e+08	1.91384e+08	1.94343e+08	2.09942e+08	1.93039e+08	2.04395e+08	1.63593e+08	1.26451e+08	1.826e+08	1.63661e+08	1.58899e+08
ERR612604	2.07836e+08	2.39739e+08	2.40003e+08	1.82754e+08	2.07968e+08	2.15465e+08	2.78925e+08	2.8583e+08	2.34905e+08	2.84899e+08	3.10773e+08	3.22817e+08	1.8289e+08	1.97346e+08	2.70001e+08	2.00786e+08	2.49752e+08	2.04408e+08	2.74186e+08	2.86021e+08	2.73959e+08	2.76204e+08	2.22779e+08	2.62848e+08	4.07977e+08	2.57387e+08	3.39593e+08	3.15026e+08	2.85765e+08	2.8523e+08	2.5362e+08	2.52459e+08	1.743e+08	1.7709e+08	2.24836e+08	2.26968e+08	1.46274e+08	1.41356e+08	1.63747e+08	1.48709e+08	1.37114e+08	1.46053e+08	2.38747e+08	2.78608e+08	2.7713e+08	2.71114e+08	2.78283e+08	2.67686e+08	2.72647e+08	2.22157e+08	2.77819e+08	2.16313e+08	2.71018e+08	2.6924e+08	1.79486e+08	1.36858e+08	1.74914e+08	1.30695e+08	1.74312e+08	1.50997e+08	2.4149e+08	2.48611e+08	2.51361e+08	2.56528e+08	2.5688e+08	2.26523e+08	1.68265e+08	1.92625e+08	1.79353e+08	1.8479e+08	1.81861e+08	1.68056e+08	1.56206e+08	1.60729e+08	1.50034e+08	1.49305e+08	1.57493e+08	1.61411e+08	1.17601e+08	1.24374e+08	1.15877e+08	1.09618e+08	1.16624e+08	1.15988e+08	1.82477e+08	1.80491e+08	1.73255e+08	1.75915e+08	1.90137e+08	1.74771e+08	1.99614e+08	1.58775e+08	1.24051e+08	1.77638e+08	1.59519e+08	1.54876e+08
ERR612602	1.85026e+08	2.13497e+08	2.13725e+08	1.63179e+08	1.85065e+08	1.91995e+08	2.51819e+08	2.57692e+08	2.12538e+08	2.56704e+08	2.80166e+08	2.90862e+08	1.64244e+08	1.76717e+08	2.41563e+08	1.79845e+08	2.23582e+08	1.82979e+08	2.46207e+08	2.56688e+08	2.46286e+08	2.48172e+08	2.00336e+08	2.36189e+08	2.57387e+08	3.43449e+08	3.07289e+08	2.85415e+08	2.57436e+08	2.57056e+08	2.26704e+08	2.25682e+08	1.56132e+08	1.58412e+08	2.0132e+08	2.03104e+08	1.29579e+08	1.25273e+08	1.44927e+08	1.31773e+08	1.21448e+08	1.29461e+08	2.14206e+08	2.49633e+08	2.48326e+08	2.42981e+08	2.49446e+08	2.39829e+08	2.4413e+08	1.99406e+08	2.48861e+08	1.94049e+08	2.42827e+08	2.41e+08	1.5857e+08	1.20895e+08	1.54381e+08	1.15391e+08	1.53966e+08	1.33331e+08	2.16142e+08	2.22713e+08	2.24983e+08	2.29469e+08	2.29978e+08	2.03098e+08	1.48946e+08	1.70634e+08	1.58914e+08	1.63723e+08	1.61015e+08	1.4861e+08	1.39542e+08	1.43635e+08	1.34094e+08	1.33591e+08	1.40493e+08	1.44229e+08	1.04312e+08	1.10278e+08	1.02801e+08	9.72887e+07	1.03423e+08	1.0297e+08	1.61761e+08	1.59928e+08	1.53483e+08	1.56064e+08	1.68503e+08	1.5489e+08	1.79166e+08	1.42128e+08	1.11372e+08	1.59303e+08	1.43207e+08	1.38727e+08
ERR612601	2.5334e+08	2.92381e+08	2.93031e+08	2.22208e+08	2.53422e+08	2.62633e+08	3.34239e+08	3.43157e+08	2.80298e+08	3.41882e+08	3.7345e+08	3.88464e+08	2.21588e+08	2.39598e+08	3.29079e+08	2.43848e+08	3.04093e+08	2.48189e+08	3.31598e+08	3.46274e+08	3.31247e+08	3.34026e+08	2.68609e+08	3.17738e+08	3.39593e+08	3.07289e+08	5.61411e+08	3.78213e+08	3.3971e+08	3.39143e+08	3.08785e+08	3.07344e+08	2.11689e+08	2.14995e+08	2.73418e+08	2.76145e+08	1.79996e+08	1.73865e+08	2.01526e+08	1.82996e+08	1.68782e+08	1.79632e+08	2.88895e+08	3.37683e+08	3.35866e+08	3.28787e+08	3.37354e+08	3.24067e+08	3.30582e+08	2.68931e+08	3.37105e+08	2.61827e+08	3.29032e+08	3.27008e+08	2.20893e+08	1.68321e+08	2.15186e+08	1.60998e+08	2.14552e+08	1.85834e+08	2.92949e+08	3.01756e+08	3.04997e+08	3.11312e+08	3.11966e+08	2.74566e+08	2.07537e+08	2.37325e+08	2.20881e+08	2.27829e+08	2.24255e+08	2.07218e+08	1.90041e+08	1.95225e+08	1.82338e+08	1.81374e+08	1.91471e+08	1.96386e+08	1.44566e+08	1.52939e+08	1.42519e+08	1.34805e+08	1.43308e+08	1.4262e+08	2.24703e+08	2.22046e+08	2.13391e+08	2.16737e+08	2.34255e+08	2.15066e+08	2.41969e+08	1.92575e+08	1.49944e+08	2.15281e+08	1.93208e+08	1.87596e+08
ERR612603	2.31546e+08	2.6762e+08	2.68019e+08	2.04225e+08	2.31626e+08	2.40495e+08	3.09877e+08	3.17147e+08	2.60505e+08	3.15875e+08	3.45963e+08	3.58967e+08	2.05383e+08	2.20898e+08	3.02643e+08	2.24815e+08	2.80166e+08	2.28769e+08	3.0577e+08	3.19069e+08	3.0573e+08	3.08028e+08	2.47848e+08	2.92769e+08	3.15026e+08	2.85415e+08	3.78213e+08	4.89167e+08	3.15123e+08	3.14577e+08	2.83581e+08	2.81996e+08	1.94063e+08	1.97085e+08	2.51391e+08	2.53582e+08	1.63922e+08	1.58391e+08	1.83198e+08	1.66633e+08	1.53353e+08	1.63676e+08	2.6623e+08	3.11085e+08	3.09429e+08	3.02414e+08	3.10883e+08	2.98751e+08	3.04534e+08	2.48225e+08	3.10322e+08	2.41331e+08	3.02808e+08	3.00683e+08	1.99919e+08	1.52174e+08	1.9502e+08	1.45141e+08	1.94271e+08	1.68044e+08	2.69933e+08	2.78221e+08	2.80931e+08	2.8671e+08	2.87366e+08	2.53507e+08	1.88227e+08	2.15862e+08	2.01229e+08	2.07196e+08	2.03604e+08	1.87912e+08	1.73997e+08	1.79017e+08	1.67183e+08	1.66562e+08	1.75448e+08	1.79744e+08	1.3184e+08	1.39417e+08	1.29956e+08	1.23006e+08	1.30642e+08	1.30176e+08	2.04876e+08	2.02679e+08	1.94167e+08	1.97376e+08	2.13488e+08	1.96028e+08	2.22635e+08	1.769e+08	1.38345e+08	1.98398e+08	1.78256e+08	1.72352e+08
ERR612606	2.07501e+08	2.39383e+08	2.39812e+08	1.82441e+08	2.07584e+08	2.15102e+08	2.78848e+08	2.85756e+08	2.34738e+08	2.84774e+08	3.10579e+08	3.22664e+08	1.82972e+08	1.9763e+08	2.70284e+08	2.00959e+08	2.49969e+08	2.04463e+08	2.74308e+08	2.86335e+08	2.74164e+08	2.76421e+08	2.22871e+08	2.6298e+08	2.85765e+08	2.57436e+08	3.3971e+08	3.15123e+08	4.08412e+08	2.8524e+08	2.53673e+08	2.52432e+08	1.74394e+08	1.77096e+08	2.24853e+08	2.26865e+08	1.46239e+08	1.41177e+08	1.6348e+08	1.4859e+08	1.36909e+08	1.45928e+08	2.38867e+08	2.78641e+08	2.77161e+08	2.71261e+08	2.78304e+08	2.67661e+08	2.7253e+08	2.2218e+08	2.77758e+08	2.16373e+08	2.71195e+08	2.69337e+08	1.79312e+08	1.36694e+08	1.74627e+08	1.30625e+08	1.74129e+08	1.50886e+08	2.41363e+08	2.48532e+08	2.51302e+08	2.56296e+08	2.56869e+08	2.2642e+08	1.68142e+08	1.92352e+08	1.79e+08	1.84555e+08	1.81722e+08	1.67799e+08	1.56025e+08	1.6037e+08	1.49753e+08	1.49086e+08	1.57141e+08	1.61207e+08	1.17322e+08	1.24148e+08	1.15661e+08	1.09447e+08	1.16298e+08	1.15802e+08	1.82279e+08	1.80167e+08	1.72967e+08	1.75803e+08	1.89867e+08	1.74515e+08	1.99419e+08	1.58573e+08	1.23801e+08	1.77261e+08	1.59266e+08	1.54567e+08
ERR612605	2.06912e+08	2.38766e+08	2.39099e+08	1.82016e+08	2.0703e+08	2.14526e+08	2.78624e+08	2.85309e+08	2.34603e+08	2.84353e+08	3.10332e+08	3.22259e+08	1.8257e+08	1.96863e+08	2.69364e+08	2.00216e+08	2.49329e+08	2.03823e+08	2.73393e+08	2.85329e+08	2.73345e+08	2.75548e+08	2.22208e+08	2.62139e+08	2.8523e+08	2.57056e+08	3.39143e+08	3.14577e+08	2.8524e+08	4.05816e+08	2.52962e+08	2.51842e+08	1.73865e+08	1.76583e+08	2.24347e+08	2.26328e+08	1.45503e+08	1.40503e+08	1.62723e+08	1.47962e+08	1.36277e+08	1.45269e+08	2.38309e+08	2.78157e+08	2.76637e+08	2.70686e+08	2.77774e+08	2.67046e+08	2.71598e+08	2.21693e+08	2.76938e+08	2.15764e+08	2.7035e+08	2.68484e+08	1.78347e+08	1.3602e+08	1.73792e+08	1.2983e+08	1.73189e+08	1.49983e+08	2.40893e+08	2.48103e+08	2.50973e+08	2.55916e+08	2.56318e+08	2.26e+08	1.67262e+08	1.91473e+08	1.78314e+08	1.83845e+08	1.80806e+08	1.67049e+08	1.55329e+08	1.59799e+08	1.4926e+08	1.48624e+08	1.56567e+08	1.60674e+08	1.16917e+08	1.23694e+08	1.15231e+08	1.09066e+08	1.15885e+08	1.15387e+08	1.81299e+08	1.79397e+08	1.72164e+08	1.74967e+08	1.89095e+08	1.73783e+08	1.98894e+08	1.58049e+08	1.23595e+08	1.76876e+08	1.58928e+08	1.54042e+08
ERR626866	2.44736e+08	2.82876e+08	2.83246e+08	2.14638e+08	2.4471e+08	2.53865e+08	2.82897e+08	2.91729e+08	2.33024e+08	2.90284e+08	3.19234e+08	3.32727e+08	2.10185e+08	2.28437e+08	3.15128e+08	2.3227e+08	2.90831e+08	2.36608e+08	3.05522e+08	3.19702e+08	3.0479e+08	3.07645e+08	2.47491e+08	2.9237e+08	2.5362e+08	2.26704e+08	3.08785e+08	2.83581e+08	2.53673e+08	2.52962e+08	4.89596e+08	3.42462e+08	2.3711e+08	2.40508e+08	3.05333e+08	3.08532e+08	1.74691e+08	1.69003e+08	1.95719e+08	1.77806e+08	1.63739e+08	1.74522e+08	2.69274e+08	3.15149e+08	3.13578e+08	3.07025e+08	3.15441e+08	3.02594e+08	3.18119e+08	2.58922e+08	3.24096e+08	2.52145e+08	3.16648e+08	3.14397e+08	2.1353e+08	1.62287e+08	2.07975e+08	1.54711e+08	2.07266e+08	1.793e+08	2.97987e+08	3.06875e+08	3.10238e+08	3.16754e+08	3.17599e+08	2.79171e+08	2.00951e+08	2.29965e+08	2.14021e+08	2.20889e+08	2.17342e+08	2.00744e+08	1.7527e+08	1.79427e+08	1.67445e+08	1.66386e+08	1.76861e+08	1.80803e+08	1.40644e+08	1.48993e+08	1.38753e+08	1.31182e+08	1.39527e+08	1.38895e+08	2.18966e+08	2.16356e+08	2.0787e+08	2.11019e+08	2.28139e+08	2.09765e+08	2.08784e+08	1.67827e+08	1.28911e+08	1.86619e+08	1.67109e+08	1.63034e+08
ERR626861	2.43121e+08	2.80832e+08	2.81311e+08	2.13137e+08	2.42869e+08	2.52038e+08	2.81135e+08	2.8992e+08	2.31617e+08	2.88435e+08	3.17381e+08	3.30644e+08	2.08771e+08	2.27058e+08	3.13109e+08	2.30813e+08	2.89044e+08	2.35138e+08	3.03366e+08	3.179e+08	3.03001e+08	3.05631e+08	2.45893e+08	2.90372e+08	2.52459e+08	2.25682e+08	3.07344e+08	2.81996e+08	2.52432e+08	2.51842e+08	3.42462e+08	4.84804e+08	2.35586e+08	2.38914e+08	3.04283e+08	3.07368e+08	1.73823e+08	1.68114e+08	1.94766e+08	1.77029e+08	1.63018e+08	1.73784e+08	2.67594e+08	3.13314e+08	3.11501e+08	3.05019e+08	3.13485e+08	3.00785e+08	3.16126e+08	2.57213e+08	3.22189e+08	2.50638e+08	3.14862e+08	3.12652e+08	2.1244e+08	1.61397e+08	2.06856e+08	1.53966e+08	2.06252e+08	1.78399e+08	2.96234e+08	3.04998e+08	3.08087e+08	3.14744e+08	3.15543e+08	2.77382e+08	2.00045e+08	2.29099e+08	2.13296e+08	2.19773e+08	2.16333e+08	1.99744e+08	1.74441e+08	1.78745e+08	1.66747e+08	1.65795e+08	1.7616e+08	1.79957e+08	1.40212e+08	1.48381e+08	1.38106e+08	1.30644e+08	1.3904e+08	1.38397e+08	2.17841e+08	2.15439e+08	2.06971e+08	2.10086e+08	2.27193e+08	2.08781e+08	2.08019e+08	1.67227e+08	1.28371e+08	1.86015e+08	1.66589e+08	1.62449e+08
ERR626865	1.69217e+08	1.94701e+08	1.94916e+08	1.48072e+08	1.69136e+08	1.74944e+08	1.93584e+08	2.00176e+08	1.59963e+08	1.99394e+08	2.18134e+08	2.27406e+08	1.42554e+08	1.55568e+08	2.13972e+08	1.58118e+08	1.97393e+08	1.61042e+08	2.09955e+08	2.19546e+08	2.0917e+08	2.11215e+08	1.70648e+08	2.01045e+08	1.743e+08	1.56132e+08	2.11689e+08	1.94063e+08	1.74394e+08	1.73865e+08	2.3711e+08	2.35586e+08	2.62244e+08	1.67514e+08	2.10326e+08	2.12492e+08	1.18154e+08	1.14189e+08	1.32375e+08	1.20271e+08	1.10964e+08	1.17984e+08	1.85494e+08	2.16275e+08	2.15022e+08	2.11065e+08	2.16426e+08	2.07802e+08	2.17978e+08	1.77609e+08	2.22064e+08	1.73404e+08	2.17129e+08	2.15599e+08	1.45223e+08	1.10543e+08	1.41357e+08	1.05696e+08	1.40952e+08	1.22215e+08	2.04567e+08	2.10514e+08	2.12894e+08	2.1718e+08	2.17796e+08	1.91683e+08	1.36187e+08	1.55394e+08	1.44544e+08	1.49141e+08	1.47186e+08	1.35929e+08	1.1848e+08	1.21184e+08	1.1309e+08	1.12425e+08	1.19677e+08	1.22248e+08	9.53166e+07	1.00924e+08	9.39815e+07	8.87348e+07	9.46086e+07	9.39654e+07	1.4783e+08	1.46051e+08	1.40497e+08	1.42619e+08	1.54075e+08	1.4176e+08	1.41231e+08	1.13832e+08	8.72458e+07	1.26085e+08	1.12933e+08	1.10587e+08
