	ERR622146	ERR622144	ERR622143	ERR622148	ERR622147	ERR622145	ERR629948	ERR629951	ERR629949	ERR629950	ERR629946	ERR629947	ERR617026	ERR617023	ERR617022	ERR617024	ERR617025	ERR617021	ERR617222	ERR617226	ERR617224	ERR617225	ERR617221	ERR617223	ERR608919	ERR608924	ERR608921	ERR608923	ERR608920	ERR608922	ERR613638	ERR613635	ERR613637	ERR613639	ERR613640	ERR613636	ERR608884	ERR608887	ERR608886	ERR608888	ERR608883	ERR608885	ERR607762	ERR607759	ERR607761	ERR607760	ERR637124	ERR637123	ERR616156	ERR616158	ERR616159	ERR616157	ERR616154	ERR616155	ERR612951	ERR612954	ERR612952	ERR612955	ERR612953	ERR612956	ERR616690	ERR616689	ERR616693	ERR616688	ERR616691	ERR616692	ERR617033	ERR617037	ERR617038	ERR617036	ERR617034	ERR617035	ERR617468	ERR617466	ERR617467	ERR617464	ERR617465	ERR617463	ERR612584	ERR612588	ERR612586	ERR612585	ERR612587	ERR612583	ERR616715	ERR616717	ERR616712	ERR616714	ERR616716	ERR616713	ERR607599	ERR607601	ERR607598	ERR607597	ERR607600	ERR607602
ERR622146	2.99167e+08	2.32054e+08	1.81942e+08	1.87543e+08	1.90707e+08	2.4878e+08	1.77112e+08	1.52335e+08	1.54489e+08	1.51408e+08	1.80019e+08	1.53117e+08	2.18792e+08	2.49666e+08	2.44463e+08	2.19191e+08	2.14885e+08	2.35361e+08	2.19841e+08	2.01521e+08	2.42617e+08	2.46602e+08	2.05091e+08	2.18262e+08	1.72587e+08	1.85055e+08	2.51529e+08	1.88162e+08	2.33138e+08	1.91524e+08	1.84579e+08	2.14328e+08	1.99304e+08	1.82943e+08	1.46988e+08	2.08938e+08	2.66276e+08	1.92968e+08	1.88843e+08	1.87759e+08	2.54137e+08	2.67879e+08	1.74836e+08	2.45866e+08	1.78876e+08	1.75679e+08	2.46842e+08	2.34396e+08	1.05483e+08	1.36407e+08	1.4045e+08	1.35633e+08	1.10656e+08	1.21915e+08	1.63077e+08	1.27328e+08	1.07442e+08	1.21938e+08	1.47248e+08	1.24762e+08	1.01293e+08	1.11067e+08	1.39979e+08	1.07625e+08	1.38912e+08	1.39798e+08	1.2433e+08	1.08659e+08	1.0999e+08	1.10785e+08	1.30537e+08	1.35319e+08	1.68195e+08	1.78411e+08	1.81497e+08	1.53241e+08	1.53577e+08	1.51094e+08	1.024e+08	1.09711e+08	1.11819e+08	1.30153e+08	1.11739e+08	1.40802e+08	1.26866e+08	1.27711e+08	1.13159e+08	1.06044e+08	1.26028e+08	1.16672e+08	1.334e+08	1.57347e+08	1.31392e+08	1.56197e+08	1.56986e+08	1.5782e+08
ERR622144	2.32054e+08	4.13392e+08	2.20531e+08	2.24808e+08	2.28814e+08	3.02509e+08	2.17886e+08	1.87726e+08	1.90281e+08	1.86507e+08	2.21457e+08	1.88468e+08	2.64641e+08	3.02031e+08	2.95737e+08	2.64867e+08	2.59666e+08	2.84908e+08	2.65576e+08	2.43313e+08	2.93257e+08	2.98104e+08	2.47784e+08	2.63571e+08	2.09391e+08	2.24289e+08	3.06139e+08	2.2818e+08	2.83733e+08	2.32196e+08	2.23059e+08	2.59847e+08	2.41548e+08	2.213e+08	1.77546e+08	2.53444e+08	3.22855e+08	2.32782e+08	2.2777e+08	2.2643e+08	3.08027e+08	3.24806e+08	2.12753e+08	3.0014e+08	2.17714e+08	2.13773e+08	3.01206e+08	2.85864e+08	1.29174e+08	1.67444e+08	1.72398e+08	1.66493e+08	1.35682e+08	1.496e+08	2.0009e+08	1.56129e+08	1.31853e+08	1.49411e+08	1.80818e+08	1.52885e+08	1.2453e+08	1.36621e+08	1.72375e+08	1.32317e+08	1.71057e+08	1.71991e+08	1.52742e+08	1.3351e+08	1.35184e+08	1.36165e+08	1.60209e+08	1.66037e+08	2.06757e+08	2.19276e+08	2.23018e+08	1.88264e+08	1.88797e+08	1.85707e+08	1.25601e+08	1.34599e+08	1.3708e+08	1.59806e+08	1.36993e+08	1.72848e+08	1.5588e+08	1.57147e+08	1.3904e+08	1.30045e+08	1.55057e+08	1.43341e+08	1.64544e+08	1.93782e+08	1.62065e+08	1.92638e+08	1.93545e+08	1.94453e+08
ERR622143	1.81942e+08	2.20531e+08	2.73723e+08	1.76364e+08	1.79375e+08	2.35479e+08	1.65597e+08	1.43701e+08	1.45588e+08	1.42804e+08	1.68363e+08	1.43567e+08	2.07964e+08	2.34646e+08	2.29956e+08	2.07857e+08	2.03847e+08	2.22457e+08	2.05093e+08	1.90131e+08	2.26075e+08	2.29864e+08	1.9208e+08	2.03337e+08	1.65029e+08	1.7509e+08	2.37318e+08	1.77989e+08	2.20754e+08	1.81075e+08	1.73091e+08	2.01571e+08	1.88161e+08	1.71677e+08	1.38628e+08	1.97371e+08	2.49187e+08	1.80468e+08	1.76362e+08	1.75505e+08	2.38447e+08	2.51197e+08	1.64444e+08	2.31524e+08	1.68213e+08	1.65093e+08	2.3178e+08	2.20592e+08	9.69336e+07	1.26575e+08	1.3026e+08	1.2568e+08	1.02363e+08	1.12756e+08	1.51021e+08	1.17735e+08	9.9811e+07	1.12734e+08	1.36872e+08	1.15352e+08	9.45565e+07	1.03861e+08	1.31204e+08	1.00755e+08	1.30182e+08	1.31107e+08	1.15922e+08	1.01918e+08	1.03401e+08	1.03783e+08	1.21006e+08	1.25361e+08	1.5735e+08	1.66111e+08	1.69116e+08	1.42916e+08	1.43315e+08	1.4148e+08	9.55562e+07	1.02158e+08	1.04075e+08	1.2166e+08	1.04036e+08	1.309e+08	1.19281e+08	1.20194e+08	1.0616e+08	9.91362e+07	1.18599e+08	1.09385e+08	1.25617e+08	1.47974e+08	1.24077e+08	1.47062e+08	1.47593e+08	1.48423e+08
ERR622148	1.87543e+08	2.24808e+08	1.76364e+08	2.84007e+08	1.8485e+08	2.40797e+08	1.71116e+08	1.47246e+08	1.49211e+08	1.46342e+08	1.7389e+08	1.47909e+08	2.11932e+08	2.41764e+08	2.36714e+08	2.12303e+08	2.08166e+08	2.2791e+08	2.12891e+08	1.95091e+08	2.3477e+08	2.38647e+08	1.98783e+08	2.11406e+08	1.66936e+08	1.79103e+08	2.43134e+08	1.82017e+08	2.25297e+08	1.85223e+08	1.78561e+08	2.07189e+08	1.92754e+08	1.76969e+08	1.42251e+08	2.02019e+08	2.57335e+08	1.86464e+08	1.82555e+08	1.81528e+08	2.4579e+08	2.58919e+08	1.69035e+08	2.37708e+08	1.72968e+08	1.6987e+08	2.38802e+08	2.26624e+08	1.01841e+08	1.31784e+08	1.35744e+08	1.31065e+08	1.06901e+08	1.17902e+08	1.5768e+08	1.232e+08	1.03751e+08	1.17904e+08	1.42324e+08	1.20621e+08	9.79187e+07	1.07383e+08	1.35319e+08	1.04081e+08	1.34324e+08	1.35065e+08	1.20119e+08	1.04953e+08	1.06238e+08	1.07032e+08	1.26064e+08	1.30703e+08	1.62538e+08	1.72402e+08	1.75277e+08	1.48179e+08	1.48648e+08	1.45912e+08	9.89767e+07	1.06054e+08	1.08056e+08	1.25674e+08	1.08016e+08	1.35967e+08	1.22598e+08	1.23655e+08	1.09417e+08	1.02434e+08	1.21908e+08	1.12862e+08	1.2887e+08	1.51931e+08	1.26954e+08	1.50856e+08	1.51588e+08	1.52397e+08
ERR622147	1.90707e+08	2.28814e+08	1.79375e+08	1.8485e+08	2.91942e+08	2.44968e+08	1.7417e+08	1.49751e+08	1.51833e+08	1.48905e+08	1.77063e+08	1.50572e+08	2.15496e+08	2.46011e+08	2.40786e+08	2.15923e+08	2.11649e+08	2.31917e+08	2.16473e+08	1.98369e+08	2.38879e+08	2.4274e+08	2.02057e+08	2.1509e+08	1.6978e+08	1.82186e+08	2.47528e+08	1.85227e+08	2.2939e+08	1.88386e+08	1.81737e+08	2.10764e+08	1.96255e+08	1.80151e+08	1.4475e+08	2.05707e+08	2.62114e+08	1.8988e+08	1.85954e+08	1.84839e+08	2.50402e+08	2.63768e+08	1.72258e+08	2.42118e+08	1.76206e+08	1.72962e+08	2.43143e+08	2.30759e+08	1.03724e+08	1.34302e+08	1.38174e+08	1.33544e+08	1.08859e+08	1.19993e+08	1.60461e+08	1.25429e+08	1.05688e+08	1.20006e+08	1.44803e+08	1.22895e+08	9.97161e+07	1.09286e+08	1.37646e+08	1.05885e+08	1.36696e+08	1.37494e+08	1.22255e+08	1.06812e+08	1.08054e+08	1.08863e+08	1.28358e+08	1.33098e+08	1.65402e+08	1.75491e+08	1.78543e+08	1.50772e+08	1.51279e+08	1.48591e+08	1.00875e+08	1.08048e+08	1.10142e+08	1.28045e+08	1.09956e+08	1.38554e+08	1.24898e+08	1.25816e+08	1.11491e+08	1.04308e+08	1.24097e+08	1.14975e+08	1.31458e+08	1.54873e+08	1.29364e+08	1.53776e+08	1.54617e+08	1.55325e+08
ERR622145	2.4878e+08	3.02509e+08	2.35479e+08	2.40797e+08	2.44968e+08	4.67259e+08	2.35588e+08	2.0246e+08	2.05226e+08	2.01163e+08	2.39422e+08	2.03496e+08	2.8338e+08	3.24472e+08	3.17805e+08	2.83773e+08	2.78187e+08	3.05488e+08	2.86528e+08	2.61478e+08	3.16634e+08	3.21766e+08	2.66744e+08	2.84265e+08	2.23936e+08	2.40751e+08	3.28926e+08	2.44802e+08	3.04515e+08	2.49125e+08	2.4011e+08	2.79627e+08	2.59634e+08	2.38105e+08	1.90554e+08	2.72448e+08	3.47985e+08	2.50655e+08	2.4517e+08	2.4381e+08	3.3196e+08	3.49972e+08	2.28916e+08	3.23248e+08	2.3441e+08	2.302e+08	3.24928e+08	3.08173e+08	1.39922e+08	1.81153e+08	1.866e+08	1.80156e+08	1.46938e+08	1.61949e+08	2.16791e+08	1.69171e+08	1.42547e+08	1.61862e+08	1.95771e+08	1.6577e+08	1.3462e+08	1.47539e+08	1.86069e+08	1.43001e+08	1.847e+08	1.85711e+08	1.65155e+08	1.44109e+08	1.45856e+08	1.46856e+08	1.73444e+08	1.79899e+08	2.23363e+08	2.37074e+08	2.41297e+08	2.0351e+08	2.04123e+08	2.00515e+08	1.35668e+08	1.45444e+08	1.48183e+08	1.72501e+08	1.47981e+08	1.86779e+08	1.68254e+08	1.69616e+08	1.50122e+08	1.40606e+08	1.67189e+08	1.54786e+08	1.77272e+08	2.09131e+08	1.7445e+08	2.07583e+08	2.08575e+08	2.09568e+08
ERR629948	1.77112e+08	2.17886e+08	1.65597e+08	1.71116e+08	1.7417e+08	2.35588e+08	6.37142e+08	4.03038e+08	4.08022e+08	4.00232e+08	4.7695e+08	4.06159e+08	2.24282e+08	2.61479e+08	2.5495e+08	2.24272e+08	2.20004e+08	2.43781e+08	2.40339e+08	2.16387e+08	2.66707e+08	2.71195e+08	2.22202e+08	2.38351e+08	1.67738e+08	1.83194e+08	2.57102e+08	1.86066e+08	2.35925e+08	1.89628e+08	2.0251e+08	2.37759e+08	2.18904e+08	2.00872e+08	1.58834e+08	2.30977e+08	2.91069e+08	2.03812e+08	1.995e+08	1.98324e+08	2.76345e+08	2.92934e+08	1.92961e+08	2.80187e+08	1.97891e+08	1.94228e+08	2.82276e+08	2.65809e+08	2.48423e+08	3.18028e+08	3.27261e+08	3.17022e+08	2.60316e+08	2.86727e+08	3.71647e+08	2.92842e+08	2.47537e+08	2.80723e+08	3.36983e+08	2.87545e+08	2.44605e+08	2.66912e+08	3.34037e+08	2.5908e+08	3.31679e+08	3.33296e+08	2.87328e+08	2.50718e+08	2.53574e+08	2.55397e+08	3.01595e+08	3.125e+08	3.92624e+08	4.16845e+08	4.2296e+08	3.59349e+08	3.60186e+08	3.53364e+08	2.19555e+08	2.36536e+08	2.40898e+08	2.78483e+08	2.40713e+08	3.02235e+08	2.85462e+08	2.87197e+08	2.55604e+08	2.39996e+08	2.83464e+08	2.63233e+08	2.57201e+08	3.03291e+08	2.52683e+08	3.00696e+08	3.03482e+08	3.0487e+08
ERR629951	1.52335e+08	1.87726e+08	1.43701e+08	1.47246e+08	1.49751e+08	2.0246e+08	4.03038e+08	4.95155e+08	3.5487e+08	3.48213e+08	4.09891e+08	3.50632e+08	1.93951e+08	2.239e+08	2.18598e+08	1.93697e+08	1.90012e+08	2.09696e+08	2.04886e+08	1.86446e+08	2.27177e+08	2.30929e+08	1.90069e+08	2.03009e+08	1.45379e+08	1.57297e+08	2.20545e+08	1.59845e+08	2.02755e+08	1.62749e+08	1.73321e+08	2.03749e+08	1.88244e+08	1.71976e+08	1.36475e+08	1.98555e+08	2.48698e+08	1.74074e+08	1.70358e+08	1.69352e+08	2.36536e+08	2.50956e+08	1.65583e+08	2.40688e+08	1.6981e+08	1.66435e+08	2.41745e+08	2.28358e+08	2.12513e+08	2.73317e+08	2.81093e+08	2.72062e+08	2.2328e+08	2.45501e+08	3.18432e+08	2.51151e+08	2.13076e+08	2.40944e+08	2.89677e+08	2.46557e+08	2.11195e+08	2.30659e+08	2.88751e+08	2.24034e+08	2.86593e+08	2.88285e+08	2.46963e+08	2.16832e+08	2.19495e+08	2.20864e+08	2.58274e+08	2.67418e+08	3.3865e+08	3.58396e+08	3.63762e+08	3.09553e+08	3.10396e+08	3.05276e+08	1.8918e+08	2.033e+08	2.07347e+08	2.39987e+08	2.06995e+08	2.5931e+08	2.47202e+08	2.48584e+08	2.212e+08	2.07364e+08	2.45449e+08	2.27545e+08	2.21911e+08	2.61305e+08	2.18533e+08	2.59056e+08	2.61414e+08	2.62574e+08
ERR629949	1.54489e+08	1.90281e+08	1.45588e+08	1.49211e+08	1.51833e+08	2.05226e+08	4.08022e+08	3.5487e+08	5.05408e+08	3.5243e+08	4.14983e+08	3.54757e+08	1.96628e+08	2.27219e+08	2.2178e+08	1.96329e+08	1.92666e+08	2.12604e+08	2.07782e+08	1.88908e+08	2.30493e+08	2.34307e+08	1.92634e+08	2.05823e+08	1.47253e+08	1.59577e+08	2.23679e+08	1.62103e+08	2.05609e+08	1.65059e+08	1.75887e+08	2.06795e+08	1.90865e+08	1.74438e+08	1.38495e+08	2.01401e+08	2.52311e+08	1.76561e+08	1.72789e+08	1.71763e+08	2.39971e+08	2.54515e+08	1.67657e+08	2.43943e+08	1.71935e+08	1.68613e+08	2.4509e+08	2.31451e+08	2.15089e+08	2.76756e+08	2.84743e+08	2.75624e+08	2.26259e+08	2.48757e+08	3.22589e+08	2.54607e+08	2.15829e+08	2.44154e+08	2.93492e+08	2.49917e+08	2.13605e+08	2.33313e+08	2.92147e+08	2.26588e+08	2.90044e+08	2.91745e+08	2.50338e+08	2.19548e+08	2.22368e+08	2.23734e+08	2.61672e+08	2.71044e+08	3.42745e+08	3.629e+08	3.68088e+08	3.13008e+08	3.13989e+08	3.08863e+08	1.91361e+08	2.05756e+08	2.09755e+08	2.42687e+08	2.09394e+08	2.62405e+08	2.50184e+08	2.51637e+08	2.23925e+08	2.09808e+08	2.48267e+08	2.30293e+08	2.24673e+08	2.64557e+08	2.20975e+08	2.62174e+08	2.64617e+08	2.65652e+08
ERR629950	1.51408e+08	1.86507e+08	1.42804e+08	1.46342e+08	1.48905e+08	2.01163e+08	4.00232e+08	3.48213e+08	3.5243e+08	4.89138e+08	4.06881e+08	3.48037e+08	1.92788e+08	2.22608e+08	2.1725e+08	1.92491e+08	1.888e+08	2.08419e+08	2.03593e+08	1.85154e+08	2.25793e+08	2.2958e+08	1.88879e+08	2.01668e+08	1.44434e+08	1.56236e+08	2.19066e+08	1.5872e+08	2.01469e+08	1.61621e+08	1.72298e+08	2.02637e+08	1.87108e+08	1.70932e+08	1.35733e+08	1.97293e+08	2.4716e+08	1.73016e+08	1.69277e+08	1.68279e+08	2.35099e+08	2.49418e+08	1.64565e+08	2.39086e+08	1.6857e+08	1.65337e+08	2.40284e+08	2.26835e+08	2.10882e+08	2.71021e+08	2.78872e+08	2.6995e+08	2.21664e+08	2.43579e+08	3.16211e+08	2.49544e+08	2.11624e+08	2.39315e+08	2.87749e+08	2.44831e+08	2.09517e+08	2.28909e+08	2.8644e+08	2.22393e+08	2.84424e+08	2.86106e+08	2.45454e+08	2.15371e+08	2.18162e+08	2.19415e+08	2.56633e+08	2.65637e+08	3.3641e+08	3.55811e+08	3.61081e+08	3.07204e+08	3.08003e+08	3.03076e+08	1.87727e+08	2.01829e+08	2.05603e+08	2.38043e+08	2.05426e+08	2.57171e+08	2.45249e+08	2.46952e+08	2.19534e+08	2.05812e+08	2.43638e+08	2.25767e+08	2.20156e+08	2.59289e+08	2.16755e+08	2.57122e+08	2.59407e+08	2.60512e+08
ERR629946	1.80019e+08	2.21457e+08	1.68363e+08	1.7389e+08	1.77063e+08	2.39422e+08	4.7695e+08	4.09891e+08	4.14983e+08	4.06881e+08	6.56103e+08	4.13259e+08	2.28177e+08	2.65955e+08	2.59307e+08	2.28082e+08	2.23782e+08	2.47961e+08	2.4444e+08	2.19993e+08	2.711e+08	2.75596e+08	2.25912e+08	2.42266e+08	1.70525e+08	1.86199e+08	2.61266e+08	1.89194e+08	2.39649e+08	1.92632e+08	2.05884e+08	2.41558e+08	2.22525e+08	2.04266e+08	1.61535e+08	2.34861e+08	2.95769e+08	2.07173e+08	2.0294e+08	2.01674e+08	2.80867e+08	2.97693e+08	1.96193e+08	2.84698e+08	2.0114e+08	1.97314e+08	2.86679e+08	2.70163e+08	2.52691e+08	3.23449e+08	3.32856e+08	3.2229e+08	2.64661e+08	2.91538e+08	3.77851e+08	2.98012e+08	2.51449e+08	2.85552e+08	3.42796e+08	2.92295e+08	2.48813e+08	2.71559e+08	3.3971e+08	2.63493e+08	3.37307e+08	3.39089e+08	2.92407e+08	2.55045e+08	2.58053e+08	2.59891e+08	3.06941e+08	3.18003e+08	3.99631e+08	4.24128e+08	4.30738e+08	3.65533e+08	3.66555e+08	3.59578e+08	2.23606e+08	2.40725e+08	2.45343e+08	2.83723e+08	2.4501e+08	3.07652e+08	2.90287e+08	2.92009e+08	2.59968e+08	2.44108e+08	2.88265e+08	2.67552e+08	2.61626e+08	3.0857e+08	2.56977e+08	3.05888e+08	3.08623e+08	3.10223e+08
ERR629947	1.53117e+08	1.88468e+08	1.43567e+08	1.47909e+08	1.50572e+08	2.03496e+08	4.06159e+08	3.50632e+08	3.54757e+08	3.48037e+08	4.13259e+08	4.97815e+08	1.94309e+08	2.25467e+08	2.19981e+08	1.94172e+08	1.90499e+08	2.1049e+08	2.06939e+08	1.87302e+08	2.29609e+08	2.33312e+08	1.916e+08	2.05176e+08	1.4517e+08	1.58023e+08	2.21618e+08	1.60429e+08	2.03611e+08	1.63442e+08	1.74757e+08	2.05251e+08	1.89213e+08	1.73394e+08	1.37374e+08	1.99605e+08	2.5076e+08	1.75699e+08	1.72074e+08	1.70932e+08	2.38264e+08	2.52693e+08	1.6698e+08	2.42183e+08	1.71206e+08	1.67988e+08	2.43655e+08	2.2977e+08	2.14804e+08	2.75561e+08	2.83507e+08	2.74614e+08	2.25451e+08	2.48101e+08	3.21611e+08	2.53909e+08	2.14809e+08	2.43442e+08	2.92135e+08	2.49054e+08	2.12595e+08	2.32083e+08	2.90144e+08	2.2522e+08	2.88163e+08	2.897e+08	2.49067e+08	2.1815e+08	2.20641e+08	2.22364e+08	2.61083e+08	2.70543e+08	3.40752e+08	3.61234e+08	3.66528e+08	3.11789e+08	3.12522e+08	3.06921e+08	1.90771e+08	2.05257e+08	2.09221e+08	2.41915e+08	2.0892e+08	2.61809e+08	2.48312e+08	2.49733e+08	2.22404e+08	2.08607e+08	2.46574e+08	2.28766e+08	2.23052e+08	2.62964e+08	2.19542e+08	2.60582e+08	2.62864e+08	2.64059e+08
ERR617026	2.18792e+08	2.64641e+08	2.07964e+08	2.11932e+08	2.15496e+08	2.8338e+08	2.24282e+08	1.93951e+08	1.96628e+08	1.92788e+08	2.28177e+08	1.94309e+08	4.44639e+08	3.51839e+08	3.44442e+08	3.12399e+08	3.06531e+08	3.32495e+08	2.74115e+08	2.53321e+08	3.02298e+08	3.07295e+08	2.5629e+08	2.71972e+08	2.11868e+08	2.26592e+08	3.0866e+08	2.30272e+08	2.8636e+08	2.34344e+08	2.26175e+08	2.65146e+08	2.46689e+08	2.24129e+08	1.80978e+08	2.5911e+08	3.15048e+08	2.26703e+08	2.21735e+08	2.20546e+08	3.00958e+08	3.17477e+08	2.05181e+08	2.91376e+08	2.10157e+08	2.0598e+08	2.92088e+08	2.77227e+08	1.4597e+08	1.91753e+08	1.97647e+08	1.90279e+08	1.55452e+08	1.71233e+08	2.06504e+08	1.60934e+08	1.36105e+08	1.54138e+08	1.86959e+08	1.579e+08	1.3406e+08	1.47183e+08	1.86529e+08	1.4315e+08	1.85635e+08	1.86238e+08	1.56723e+08	1.37859e+08	1.39619e+08	1.40488e+08	1.639e+08	1.699e+08	2.13415e+08	2.25632e+08	2.29493e+08	1.93897e+08	1.94423e+08	1.91901e+08	1.43319e+08	1.53143e+08	1.55498e+08	1.80076e+08	1.56079e+08	1.92791e+08	1.62536e+08	1.63644e+08	1.44139e+08	1.34626e+08	1.61305e+08	1.48559e+08	1.61403e+08	1.9061e+08	1.59281e+08	1.89157e+08	1.9022e+08	1.9109e+08
ERR617023	2.49666e+08	3.02031e+08	2.34646e+08	2.41764e+08	2.46011e+08	3.24472e+08	2.61479e+08	2.239e+08	2.27219e+08	2.22608e+08	2.65955e+08	2.25467e+08	3.51839e+08	5.58481e+08	3.94861e+08	3.52026e+08	3.45428e+08	3.79127e+08	3.1804e+08	2.89316e+08	3.51273e+08	3.56955e+08	2.95833e+08	3.15736e+08	2.39523e+08	2.59106e+08	3.54503e+08	2.63316e+08	3.27635e+08	2.68139e+08	2.59703e+08	3.03446e+08	2.8142e+08	2.57377e+08	2.06266e+08	2.95377e+08	3.64854e+08	2.62217e+08	2.56707e+08	2.55181e+08	3.4736e+08	3.66778e+08	2.36447e+08	3.36066e+08	2.42103e+08	2.37772e+08	3.37944e+08	3.19665e+08	1.70363e+08	2.2174e+08	2.2873e+08	2.20247e+08	1.80264e+08	1.98827e+08	2.42683e+08	1.89418e+08	1.59268e+08	1.81301e+08	2.18886e+08	1.85669e+08	1.55556e+08	1.70602e+08	2.15291e+08	1.6562e+08	2.14338e+08	2.14801e+08	1.82907e+08	1.59451e+08	1.61183e+08	1.62634e+08	1.9244e+08	1.99709e+08	2.48388e+08	2.63927e+08	2.68591e+08	2.26527e+08	2.27097e+08	2.22762e+08	1.64508e+08	1.76126e+08	1.78902e+08	2.06534e+08	1.79349e+08	2.22483e+08	1.88181e+08	1.89506e+08	1.67589e+08	1.57083e+08	1.86649e+08	1.72727e+08	1.86947e+08	2.2102e+08	1.83814e+08	2.19131e+08	2.20552e+08	2.21796e+08
ERR617022	2.44463e+08	2.95737e+08	2.29956e+08	2.36714e+08	2.40786e+08	3.17805e+08	2.5495e+08	2.18598e+08	2.2178e+08	2.1725e+08	2.59307e+08	2.19981e+08	3.44442e+08	3.94861e+08	5.37991e+08	3.44667e+08	3.38044e+08	3.7104e+08	3.10941e+08	2.83168e+08	3.43577e+08	3.49134e+08	2.8941e+08	3.08523e+08	2.34639e+08	2.53351e+08	3.467e+08	2.57643e+08	3.20389e+08	2.62184e+08	2.53907e+08	2.96565e+08	2.75197e+08	2.51572e+08	2.01776e+08	2.88967e+08	3.56547e+08	2.56344e+08	2.51006e+08	2.49559e+08	3.39725e+08	3.58522e+08	2.31002e+08	3.28336e+08	2.36623e+08	2.32223e+08	3.30041e+08	3.12435e+08	1.66351e+08	2.16685e+08	2.23361e+08	2.15151e+08	1.76006e+08	1.94187e+08	2.36563e+08	1.84441e+08	1.55188e+08	1.76585e+08	2.13351e+08	1.80883e+08	1.51739e+08	1.66634e+08	2.10104e+08	1.61788e+08	2.09138e+08	2.09735e+08	1.78294e+08	1.55421e+08	1.57116e+08	1.58598e+08	1.87663e+08	1.94592e+08	2.42406e+08	2.57514e+08	2.61967e+08	2.20957e+08	2.21554e+08	2.17373e+08	1.6084e+08	1.72206e+08	1.74857e+08	2.01955e+08	1.75337e+08	2.17444e+08	1.83535e+08	1.84795e+08	1.63597e+08	1.53161e+08	1.82142e+08	1.68611e+08	1.8252e+08	2.15711e+08	1.79564e+08	2.13981e+08	2.15265e+08	2.16439e+08
ERR617024	2.19191e+08	2.64867e+08	2.07857e+08	2.12303e+08	2.15923e+08	2.83773e+08	2.24272e+08	1.93697e+08	1.96329e+08	1.92491e+08	2.28082e+08	1.94172e+08	3.12399e+08	3.52026e+08	3.44667e+08	4.44124e+08	3.06361e+08	3.32475e+08	2.75097e+08	2.53768e+08	3.03524e+08	3.08486e+08	2.57294e+08	2.73033e+08	2.11337e+08	2.26484e+08	3.08546e+08	2.30231e+08	2.86047e+08	2.344e+08	2.26312e+08	2.65052e+08	2.46562e+08	2.24249e+08	1.8094e+08	2.58873e+08	3.15516e+08	2.27428e+08	2.22621e+08	2.21307e+08	3.01591e+08	3.17959e+08	2.052e+08	2.91278e+08	2.10217e+08	2.06078e+08	2.92139e+08	2.77205e+08	1.46197e+08	1.91651e+08	1.97462e+08	1.90196e+08	1.55364e+08	1.71306e+08	2.06875e+08	1.6133e+08	1.36338e+08	1.54594e+08	1.87144e+08	1.58276e+08	1.34039e+08	1.47172e+08	1.86333e+08	1.43037e+08	1.85443e+08	1.86034e+08	1.56713e+08	1.37736e+08	1.39399e+08	1.40462e+08	1.6405e+08	1.70191e+08	2.13549e+08	2.25797e+08	2.29787e+08	1.94211e+08	1.94614e+08	1.91851e+08	1.43069e+08	1.52958e+08	1.55411e+08	1.79641e+08	1.55825e+08	1.92682e+08	1.62369e+08	1.63448e+08	1.44128e+08	1.34818e+08	1.61143e+08	1.48564e+08	1.61129e+08	1.90119e+08	1.5888e+08	1.88741e+08	1.89719e+08	1.90841e+08
ERR617025	2.14885e+08	2.59666e+08	2.03847e+08	2.08166e+08	2.11649e+08	2.78187e+08	2.20004e+08	1.90012e+08	1.92666e+08	1.888e+08	2.23782e+08	1.90499e+08	3.06531e+08	3.45428e+08	3.38044e+08	3.06361e+08	4.30252e+08	3.26111e+08	2.69761e+08	2.49013e+08	2.9757e+08	3.02296e+08	2.52195e+08	2.67743e+08	2.07606e+08	2.2238e+08	3.02797e+08	2.2593e+08	2.80761e+08	2.30133e+08	2.2219e+08	2.60231e+08	2.42065e+08	2.20171e+08	1.77644e+08	2.54106e+08	3.09477e+08	2.22972e+08	2.18097e+08	2.17074e+08	2.9554e+08	3.11891e+08	2.01382e+08	2.85801e+08	2.06106e+08	2.02168e+08	2.86561e+08	2.71921e+08	1.43404e+08	1.88108e+08	1.93811e+08	1.86623e+08	1.52448e+08	1.68078e+08	2.02919e+08	1.58137e+08	1.3368e+08	1.51511e+08	1.83599e+08	1.55113e+08	1.3144e+08	1.44401e+08	1.82861e+08	1.40408e+08	1.82102e+08	1.82513e+08	1.53829e+08	1.35226e+08	1.36804e+08	1.37907e+08	1.60934e+08	1.67031e+08	2.09309e+08	2.21429e+08	2.25353e+08	1.90369e+08	1.90979e+08	1.88275e+08	1.40505e+08	1.50062e+08	1.52374e+08	1.76419e+08	1.52932e+08	1.88967e+08	1.59376e+08	1.60493e+08	1.41486e+08	1.32195e+08	1.58183e+08	1.45721e+08	1.58093e+08	1.86614e+08	1.5596e+08	1.85209e+08	1.86185e+08	1.87348e+08
ERR617021	2.35361e+08	2.84908e+08	2.22457e+08	2.2791e+08	2.31917e+08	3.05488e+08	2.43781e+08	2.09696e+08	2.12604e+08	2.08419e+08	2.47961e+08	2.1049e+08	3.32495e+08	3.79127e+08	3.7104e+08	3.32475e+08	3.26111e+08	5.01436e+08	2.97285e+08	2.72438e+08	3.28301e+08	3.33538e+08	2.77417e+08	2.95005e+08	2.26655e+08	2.438e+08	3.32784e+08	2.4765e+08	3.08233e+08	2.52251e+08	2.43502e+08	2.84971e+08	2.64711e+08	2.41345e+08	1.94115e+08	2.77825e+08	3.41327e+08	2.45383e+08	2.40169e+08	2.38858e+08	3.25579e+08	3.43581e+08	2.21593e+08	3.15065e+08	2.27007e+08	2.2272e+08	3.16258e+08	2.99757e+08	1.58218e+08	2.06622e+08	2.13056e+08	2.05134e+08	1.67795e+08	1.85067e+08	2.25181e+08	1.75582e+08	1.48023e+08	1.68096e+08	2.03342e+08	1.72045e+08	1.44993e+08	1.59232e+08	2.01237e+08	1.54655e+08	2.00273e+08	2.00864e+08	1.702e+08	1.48805e+08	1.50586e+08	1.51788e+08	1.78443e+08	1.8515e+08	2.31595e+08	2.45523e+08	2.4975e+08	2.1084e+08	2.11335e+08	2.0805e+08	1.53748e+08	1.64463e+08	1.67027e+08	1.93085e+08	1.67559e+08	2.07557e+08	1.75905e+08	1.77175e+08	1.56444e+08	1.46287e+08	1.74556e+08	1.61213e+08	1.747e+08	2.06285e+08	1.7215e+08	2.04877e+08	2.05992e+08	2.07136e+08
ERR617222	2.19841e+08	2.65576e+08	2.05093e+08	2.12891e+08	2.16473e+08	2.86528e+08	2.40339e+08	2.04886e+08	2.07782e+08	2.03593e+08	2.4444e+08	2.06939e+08	2.74115e+08	3.1804e+08	3.10941e+08	2.75097e+08	2.69761e+08	2.97285e+08	4.79608e+08	3.02096e+08	3.69116e+08	3.74765e+08	3.10511e+08	3.32392e+08	2.10625e+08	2.29586e+08	3.15538e+08	2.33246e+08	2.90843e+08	2.3755e+08	2.39927e+08	2.78227e+08	2.57081e+08	2.37592e+08	1.89343e+08	2.7019e+08	3.50961e+08	2.53012e+08	2.4798e+08	2.46425e+08	3.33902e+08	3.52127e+08	2.2001e+08	3.12092e+08	2.25385e+08	2.21386e+08	3.14331e+08	2.97305e+08	1.4599e+08	1.87701e+08	1.93348e+08	1.86656e+08	1.52403e+08	1.68262e+08	2.22192e+08	1.73925e+08	1.4564e+08	1.66285e+08	2.00022e+08	1.70384e+08	1.38027e+08	1.51105e+08	1.89834e+08	1.46246e+08	1.88613e+08	1.89572e+08	1.7043e+08	1.48148e+08	1.4963e+08	1.51124e+08	1.80078e+08	1.86825e+08	2.27605e+08	2.42485e+08	2.46749e+08	2.0792e+08	2.08602e+08	2.03697e+08	1.36072e+08	1.46573e+08	1.4927e+08	1.72738e+08	1.48892e+08	1.87939e+08	1.71178e+08	1.72383e+08	1.53268e+08	1.43588e+08	1.70058e+08	1.57831e+08	1.72404e+08	2.03638e+08	1.69202e+08	2.0201e+08	2.03624e+08	2.04562e+08
ERR617226	2.01521e+08	2.43313e+08	1.90131e+08	1.95091e+08	1.98369e+08	2.61478e+08	2.16387e+08	1.86446e+08	1.88908e+08	1.85154e+08	2.19993e+08	1.87302e+08	2.53321e+08	2.89316e+08	2.83168e+08	2.53768e+08	2.49013e+08	2.72438e+08	3.02096e+08	4.0711e+08	3.34135e+08	3.39241e+08	2.81901e+08	2.99605e+08	1.94897e+08	2.09788e+08	2.8712e+08	2.13006e+08	2.656e+08	2.16957e+08	2.18353e+08	2.53966e+08	2.35702e+08	2.16185e+08	1.73506e+08	2.47759e+08	3.17627e+08	2.29277e+08	2.24415e+08	2.23357e+08	3.02975e+08	3.19683e+08	1.99816e+08	2.83776e+08	2.04649e+08	2.00857e+08	2.84772e+08	2.70022e+08	1.29401e+08	1.68062e+08	1.7301e+08	1.67127e+08	1.35972e+08	1.50009e+08	1.98172e+08	1.5505e+08	1.30552e+08	1.48356e+08	1.79327e+08	1.51874e+08	1.24136e+08	1.35999e+08	1.71921e+08	1.31921e+08	1.70736e+08	1.71621e+08	1.53471e+08	1.34725e+08	1.36455e+08	1.37499e+08	1.61009e+08	1.67012e+08	2.05004e+08	2.17339e+08	2.20965e+08	1.86528e+08	1.87276e+08	1.84108e+08	1.22445e+08	1.31387e+08	1.33939e+08	1.55729e+08	1.33783e+08	1.68405e+08	1.55241e+08	1.56452e+08	1.38339e+08	1.29442e+08	1.54407e+08	1.42407e+08	1.55932e+08	1.84166e+08	1.53638e+08	1.82677e+08	1.83898e+08	1.84831e+08
ERR617224	2.42617e+08	2.93257e+08	2.26075e+08	2.3477e+08	2.38879e+08	3.16634e+08	2.66707e+08	2.27177e+08	2.30493e+08	2.25793e+08	2.711e+08	2.29609e+08	3.02298e+08	3.51273e+08	3.43577e+08	3.03524e+08	2.9757e+08	3.28301e+08	3.69116e+08	3.34135e+08	5.68369e+08	4.15672e+08	3.41919e+08	3.66451e+08	2.32906e+08	2.54184e+08	3.49886e+08	2.58149e+08	3.22146e+08	2.62933e+08	2.65025e+08	3.07615e+08	2.8403e+08	2.62483e+08	2.09038e+08	2.98679e+08	3.88604e+08	2.79824e+08	2.74135e+08	2.72328e+08	3.6967e+08	3.89924e+08	2.43606e+08	3.45916e+08	2.49597e+08	2.45111e+08	3.48844e+08	3.29608e+08	1.62166e+08	2.08356e+08	2.14648e+08	2.07355e+08	1.69261e+08	1.8697e+08	2.46616e+08	1.92938e+08	1.61384e+08	1.8451e+08	2.21879e+08	1.88955e+08	1.53029e+08	1.67479e+08	2.10644e+08	1.62083e+08	2.09078e+08	2.10185e+08	1.89014e+08	1.6409e+08	1.65749e+08	1.67443e+08	1.99784e+08	2.07342e+08	2.52247e+08	2.68946e+08	2.73741e+08	2.30472e+08	2.31173e+08	2.25732e+08	1.50556e+08	1.62122e+08	1.65266e+08	1.91114e+08	1.64884e+08	2.08243e+08	1.89776e+08	1.91159e+08	1.69808e+08	1.5925e+08	1.88557e+08	1.75209e+08	1.91162e+08	2.2589e+08	1.87616e+08	2.24076e+08	2.25634e+08	2.27022e+08
ERR617225	2.46602e+08	2.98104e+08	2.29864e+08	2.38647e+08	2.4274e+08	3.21766e+08	2.71195e+08	2.30929e+08	2.34307e+08	2.2958e+08	2.75596e+08	2.33312e+08	3.07295e+08	3.56955e+08	3.49134e+08	3.08486e+08	3.02296e+08	3.33538e+08	3.74765e+08	3.39241e+08	4.15672e+08	5.83552e+08	3.47168e+08	3.71954e+08	2.36981e+08	2.58414e+08	3.55773e+08	2.62317e+08	3.27657e+08	2.67249e+08	2.69244e+08	3.1267e+08	2.88737e+08	2.66617e+08	2.12373e+08	3.03633e+08	3.94683e+08	2.84017e+08	2.78233e+08	2.76417e+08	3.75369e+08	3.96156e+08	2.47966e+08	3.52042e+08	2.53931e+08	2.49515e+08	3.54767e+08	3.35314e+08	1.64685e+08	2.11728e+08	2.18158e+08	2.10745e+08	1.71935e+08	1.9e+08	2.50727e+08	1.96174e+08	1.64145e+08	1.87488e+08	2.255e+08	1.92146e+08	1.55411e+08	1.70138e+08	2.13995e+08	1.64689e+08	2.12572e+08	2.13601e+08	1.92083e+08	1.66961e+08	1.68552e+08	1.70351e+08	2.03097e+08	2.10722e+08	2.564e+08	2.73281e+08	2.78258e+08	2.3419e+08	2.3498e+08	2.29607e+08	1.5309e+08	1.64827e+08	1.68093e+08	1.94438e+08	1.67668e+08	2.11793e+08	1.92938e+08	1.94275e+08	1.72612e+08	1.61882e+08	1.91762e+08	1.78035e+08	1.94504e+08	2.29869e+08	1.90802e+08	2.27807e+08	2.29681e+08	2.30882e+08
ERR617221	2.05091e+08	2.47784e+08	1.9208e+08	1.98783e+08	2.02057e+08	2.66744e+08	2.22202e+08	1.90069e+08	1.92634e+08	1.88879e+08	2.25912e+08	1.916e+08	2.5629e+08	2.95833e+08	2.8941e+08	2.57294e+08	2.52195e+08	2.77417e+08	3.10511e+08	2.81901e+08	3.41919e+08	3.47168e+08	4.21931e+08	3.0816e+08	1.96791e+08	2.13505e+08	2.93043e+08	2.16975e+08	2.70354e+08	2.20958e+08	2.22947e+08	2.58949e+08	2.39515e+08	2.20841e+08	1.76546e+08	2.5174e+08	3.25421e+08	2.34885e+08	2.30125e+08	2.28762e+08	3.09861e+08	3.26944e+08	2.04248e+08	2.8981e+08	2.0925e+08	2.05512e+08	2.91604e+08	2.75934e+08	1.34213e+08	1.73116e+08	1.78263e+08	1.72213e+08	1.40468e+08	1.55145e+08	2.0456e+08	1.60142e+08	1.34468e+08	1.53097e+08	1.84568e+08	1.56895e+08	1.27518e+08	1.39512e+08	1.75778e+08	1.35264e+08	1.74603e+08	1.75607e+08	1.57427e+08	1.37278e+08	1.38744e+08	1.40031e+08	1.65816e+08	1.72006e+08	2.10269e+08	2.23734e+08	2.27592e+08	1.91937e+08	1.92521e+08	1.88612e+08	1.26083e+08	1.35542e+08	1.38174e+08	1.60055e+08	1.37796e+08	1.73769e+08	1.58794e+08	1.59921e+08	1.41814e+08	1.33036e+08	1.57845e+08	1.46219e+08	1.59814e+08	1.88714e+08	1.57017e+08	1.87234e+08	1.88465e+08	1.89396e+08
ERR617223	2.18262e+08	2.63571e+08	2.03337e+08	2.11406e+08	2.1509e+08	2.84265e+08	2.38351e+08	2.03009e+08	2.05823e+08	2.01668e+08	2.42266e+08	2.05176e+08	2.71972e+08	3.15736e+08	3.08523e+08	2.73033e+08	2.67743e+08	2.95005e+08	3.32392e+08	2.99605e+08	3.66451e+08	3.71954e+08	3.0816e+08	4.73192e+08	2.0876e+08	2.27797e+08	3.13066e+08	2.31396e+08	2.88335e+08	2.35713e+08	2.38247e+08	2.76084e+08	2.55098e+08	2.35892e+08	1.87966e+08	2.68154e+08	3.48303e+08	2.5164e+08	2.46306e+08	2.44873e+08	3.31454e+08	3.49669e+08	2.18722e+08	3.09764e+08	2.23874e+08	2.19997e+08	3.12305e+08	2.95065e+08	1.4506e+08	1.86439e+08	1.92083e+08	1.85521e+08	1.5152e+08	1.67413e+08	2.20545e+08	1.72788e+08	1.44586e+08	1.65216e+08	1.98549e+08	1.6928e+08	1.36833e+08	1.49778e+08	1.88256e+08	1.44978e+08	1.8714e+08	1.88106e+08	1.68952e+08	1.46941e+08	1.48353e+08	1.49987e+08	1.78577e+08	1.85389e+08	2.25706e+08	2.40439e+08	2.44747e+08	2.06333e+08	2.0697e+08	2.02134e+08	1.35135e+08	1.45618e+08	1.48314e+08	1.71552e+08	1.47946e+08	1.86711e+08	1.69878e+08	1.71078e+08	1.52009e+08	1.4259e+08	1.68817e+08	1.56647e+08	1.71105e+08	2.02251e+08	1.67957e+08	2.00493e+08	2.02039e+08	2.03052e+08
ERR608919	1.72587e+08	2.09391e+08	1.65029e+08	1.66936e+08	1.6978e+08	2.23936e+08	1.67738e+08	1.45379e+08	1.47253e+08	1.44434e+08	1.70525e+08	1.4517e+08	2.11868e+08	2.39523e+08	2.34639e+08	2.11337e+08	2.07606e+08	2.26655e+08	2.10625e+08	1.94897e+08	2.32906e+08	2.36981e+08	1.96791e+08	2.0876e+08	3.52539e+08	2.66944e+08	3.58295e+08	2.7108e+08	3.30702e+08	2.76051e+08	1.73196e+08	2.0271e+08	1.8881e+08	1.71583e+08	1.3825e+08	1.9834e+08	2.51049e+08	1.8043e+08	1.76359e+08	1.75244e+08	2.39947e+08	2.53112e+08	1.69862e+08	2.38838e+08	1.73731e+08	1.70458e+08	2.39316e+08	2.2778e+08	9.72713e+07	1.27479e+08	1.31325e+08	1.26555e+08	1.02745e+08	1.13242e+08	1.52204e+08	1.18321e+08	9.98947e+07	1.13219e+08	1.37856e+08	1.15896e+08	9.52177e+07	1.0461e+08	1.32561e+08	1.01454e+08	1.31588e+08	1.32364e+08	1.16687e+08	1.02695e+08	1.04145e+08	1.04642e+08	1.2208e+08	1.26452e+08	1.58222e+08	1.67245e+08	1.70142e+08	1.4355e+08	1.43902e+08	1.42048e+08	9.60536e+07	1.02784e+08	1.04876e+08	1.22647e+08	1.04781e+08	1.32226e+08	1.20433e+08	1.2139e+08	1.07013e+08	9.98599e+07	1.1979e+08	1.10268e+08	1.28151e+08	1.51162e+08	1.26485e+08	1.50173e+08	1.50714e+08	1.51492e+08
ERR608924	1.85055e+08	2.24289e+08	1.7509e+08	1.79103e+08	1.82186e+08	2.40751e+08	1.83194e+08	1.57297e+08	1.59577e+08	1.56236e+08	1.86199e+08	1.58023e+08	2.26592e+08	2.59106e+08	2.53351e+08	2.26484e+08	2.2238e+08	2.438e+08	2.29586e+08	2.09788e+08	2.54184e+08	2.58414e+08	2.13505e+08	2.27797e+08	2.66944e+08	4.16569e+08	3.99802e+08	3.02713e+08	3.67051e+08	3.08248e+08	1.87477e+08	2.1895e+08	2.03213e+08	1.85686e+08	1.4892e+08	2.1354e+08	2.72318e+08	1.95562e+08	1.91367e+08	1.90106e+08	2.59735e+08	2.73951e+08	1.83672e+08	2.581e+08	1.87848e+08	1.84384e+08	2.59349e+08	2.46199e+08	1.07785e+08	1.4006e+08	1.44362e+08	1.39255e+08	1.1325e+08	1.25052e+08	1.67692e+08	1.30524e+08	1.09667e+08	1.2488e+08	1.51205e+08	1.27845e+08	1.04024e+08	1.14102e+08	1.44339e+08	1.1054e+08	1.43305e+08	1.44114e+08	1.27532e+08	1.11483e+08	1.12877e+08	1.1366e+08	1.34167e+08	1.39133e+08	1.72438e+08	1.8314e+08	1.86134e+08	1.56921e+08	1.57269e+08	1.54647e+08	1.04835e+08	1.12506e+08	1.14678e+08	1.33648e+08	1.14475e+08	1.44806e+08	1.30871e+08	1.31943e+08	1.16495e+08	1.08996e+08	1.30146e+08	1.20119e+08	1.38785e+08	1.63914e+08	1.36664e+08	1.62718e+08	1.63441e+08	1.64378e+08
ERR608921	2.51529e+08	3.06139e+08	2.37318e+08	2.43134e+08	2.47528e+08	3.28926e+08	2.57102e+08	2.20545e+08	2.23679e+08	2.19066e+08	2.61266e+08	2.21618e+08	3.0866e+08	3.54503e+08	3.467e+08	3.08546e+08	3.02797e+08	3.32784e+08	3.15538e+08	2.8712e+08	3.49886e+08	3.55773e+08	2.93043e+08	3.13066e+08	3.58295e+08	3.99802e+08	7.13057e+08	4.06449e+08	4.99502e+08	4.14151e+08	2.57201e+08	3.00959e+08	2.78711e+08	2.54955e+08	2.03693e+08	2.9331e+08	3.75154e+08	2.68072e+08	2.62348e+08	2.60467e+08	3.5728e+08	3.77059e+08	2.5238e+08	3.56612e+08	2.5827e+08	2.53571e+08	3.58368e+08	3.39833e+08	1.51156e+08	1.96273e+08	2.02304e+08	1.95186e+08	1.58663e+08	1.75393e+08	2.35009e+08	1.82932e+08	1.53608e+08	1.74798e+08	2.11901e+08	1.79146e+08	1.45741e+08	1.59896e+08	2.02227e+08	1.54793e+08	2.00566e+08	2.01886e+08	1.7871e+08	1.55889e+08	1.57887e+08	1.58973e+08	1.88125e+08	1.95149e+08	2.41227e+08	2.5648e+08	2.60988e+08	2.19666e+08	2.20296e+08	2.16262e+08	1.46339e+08	1.57287e+08	1.60183e+08	1.86702e+08	1.59936e+08	2.02396e+08	1.82985e+08	1.84451e+08	1.62844e+08	1.52356e+08	1.81945e+08	1.6788e+08	1.93585e+08	2.28687e+08	1.90494e+08	2.26996e+08	2.27988e+08	2.29352e+08
ERR608923	1.88162e+08	2.2818e+08	1.77989e+08	1.82017e+08	1.85227e+08	2.44802e+08	1.86066e+08	1.59845e+08	1.62103e+08	1.5872e+08	1.89194e+08	1.60429e+08	2.30272e+08	2.63316e+08	2.57643e+08	2.30231e+08	2.2593e+08	2.4765e+08	2.33246e+08	2.13006e+08	2.58149e+08	2.62317e+08	2.16975e+08	2.31396e+08	2.7108e+08	3.02713e+08	4.06449e+08	4.28097e+08	3.72968e+08	3.13134e+08	1.90417e+08	2.2255e+08	2.06211e+08	1.88774e+08	1.5122e+08	2.1695e+08	2.76692e+08	1.98621e+08	1.94457e+08	1.93201e+08	2.63818e+08	2.78228e+08	1.86696e+08	2.62361e+08	1.90905e+08	1.87478e+08	2.63655e+08	2.50191e+08	1.09544e+08	1.42371e+08	1.46814e+08	1.41657e+08	1.15084e+08	1.27127e+08	1.70289e+08	1.32645e+08	1.11387e+08	1.26876e+08	1.53694e+08	1.29929e+08	1.05704e+08	1.15924e+08	1.46689e+08	1.12307e+08	1.45575e+08	1.46454e+08	1.29635e+08	1.13319e+08	1.14781e+08	1.15515e+08	1.36318e+08	1.41386e+08	1.75186e+08	1.86043e+08	1.8924e+08	1.59398e+08	1.59797e+08	1.57004e+08	1.06593e+08	1.14473e+08	1.16695e+08	1.36098e+08	1.16585e+08	1.47378e+08	1.3297e+08	1.34026e+08	1.18304e+08	1.10633e+08	1.3216e+08	1.2206e+08	1.41129e+08	1.66586e+08	1.38909e+08	1.65416e+08	1.66149e+08	1.67183e+08
ERR608920	2.33138e+08	2.83733e+08	2.20754e+08	2.25297e+08	2.2939e+08	3.04515e+08	2.35925e+08	2.02755e+08	2.05609e+08	2.01469e+08	2.39649e+08	2.03611e+08	2.8636e+08	3.27635e+08	3.20389e+08	2.86047e+08	2.80761e+08	3.08233e+08	2.90843e+08	2.656e+08	3.22146e+08	3.27657e+08	2.70354e+08	2.88335e+08	3.30702e+08	3.67051e+08	4.99502e+08	3.72968e+08	6.10289e+08	3.79994e+08	2.37574e+08	2.77948e+08	2.57679e+08	2.35438e+08	1.8847e+08	2.71241e+08	3.45916e+08	2.47492e+08	2.42066e+08	2.40516e+08	3.29931e+08	3.48266e+08	2.33105e+08	3.29002e+08	2.38533e+08	2.34225e+08	3.30422e+08	3.13558e+08	1.38366e+08	1.80064e+08	1.85498e+08	1.78944e+08	1.45523e+08	1.60695e+08	2.15287e+08	1.67382e+08	1.40822e+08	1.60193e+08	1.94319e+08	1.64022e+08	1.33813e+08	1.46759e+08	1.85785e+08	1.42238e+08	1.84307e+08	1.8551e+08	1.64027e+08	1.43413e+08	1.45218e+08	1.46216e+08	1.72249e+08	1.78731e+08	2.21708e+08	2.35195e+08	2.3941e+08	2.0148e+08	2.02192e+08	1.9881e+08	1.34512e+08	1.44401e+08	1.47165e+08	1.71848e+08	1.46991e+08	1.85809e+08	1.68231e+08	1.69535e+08	1.49642e+08	1.39911e+08	1.67352e+08	1.54307e+08	1.78334e+08	2.10611e+08	1.75636e+08	2.09065e+08	2.10136e+08	2.11172e+08
ERR608922	1.91524e+08	2.32196e+08	1.81075e+08	1.85223e+08	1.88386e+08	2.49125e+08	1.89628e+08	1.62749e+08	1.65059e+08	1.61621e+08	1.92632e+08	1.63442e+08	2.34344e+08	2.68139e+08	2.62184e+08	2.344e+08	2.30133e+08	2.52251e+08	2.3755e+08	2.16957e+08	2.62933e+08	2.67249e+08	2.20958e+08	2.35713e+08	2.76051e+08	3.08248e+08	4.14151e+08	3.13134e+08	3.79994e+08	4.41402e+08	1.93907e+08	2.26544e+08	2.10022e+08	1.92143e+08	1.53971e+08	2.20981e+08	2.81666e+08	2.02256e+08	1.97902e+08	1.96646e+08	2.68607e+08	2.83435e+08	1.90027e+08	2.67281e+08	1.94447e+08	1.90921e+08	2.68342e+08	2.54871e+08	1.1152e+08	1.45064e+08	1.49357e+08	1.442e+08	1.17228e+08	1.29398e+08	1.73268e+08	1.34905e+08	1.13428e+08	1.29032e+08	1.56458e+08	1.32218e+08	1.07655e+08	1.18065e+08	1.49358e+08	1.14331e+08	1.48136e+08	1.49103e+08	1.31988e+08	1.15332e+08	1.16872e+08	1.17586e+08	1.38726e+08	1.43973e+08	1.78336e+08	1.89364e+08	1.92749e+08	1.62276e+08	1.62724e+08	1.59938e+08	1.08519e+08	1.16553e+08	1.18669e+08	1.38497e+08	1.1863e+08	1.49877e+08	1.35385e+08	1.36381e+08	1.2052e+08	1.12644e+08	1.34676e+08	1.24303e+08	1.43629e+08	1.69724e+08	1.41509e+08	1.68364e+08	1.69252e+08	1.7016e+08
ERR613638	1.84579e+08	2.23059e+08	1.73091e+08	1.78561e+08	1.81737e+08	2.4011e+08	2.0251e+08	1.73321e+08	1.75887e+08	1.72298e+08	2.05884e+08	1.74757e+08	2.26175e+08	2.59703e+08	2.53907e+08	2.26312e+08	2.2219e+08	2.43502e+08	2.39927e+08	2.18353e+08	2.65025e+08	2.69244e+08	2.22947e+08	2.38247e+08	1.73196e+08	1.87477e+08	2.57201e+08	1.90417e+08	2.37574e+08	1.93907e+08	3.52691e+08	2.72444e+08	2.52118e+08	2.32231e+08	1.86294e+08	2.64892e+08	3.03241e+08	2.19919e+08	2.15252e+08	2.1399e+08	2.89173e+08	3.04799e+08	1.90744e+08	2.68246e+08	1.95256e+08	1.91868e+08	2.69872e+08	2.55865e+08	1.27843e+08	1.65236e+08	1.70093e+08	1.64168e+08	1.34501e+08	1.48278e+08	1.93876e+08	1.52011e+08	1.27782e+08	1.45457e+08	1.75087e+08	1.48942e+08	1.19703e+08	1.30972e+08	1.64757e+08	1.26886e+08	1.63886e+08	1.64496e+08	1.45654e+08	1.27109e+08	1.285e+08	1.29489e+08	1.53286e+08	1.59155e+08	1.92757e+08	2.04771e+08	2.08392e+08	1.7596e+08	1.76621e+08	1.73105e+08	1.27554e+08	1.36644e+08	1.39049e+08	1.60858e+08	1.39021e+08	1.73497e+08	1.4562e+08	1.46748e+08	1.30202e+08	1.21849e+08	1.44647e+08	1.33934e+08	1.50531e+08	1.77561e+08	1.47963e+08	1.76205e+08	1.77375e+08	1.78212e+08
ERR613635	2.14328e+08	2.59847e+08	2.01571e+08	2.07189e+08	2.10764e+08	2.79627e+08	2.37759e+08	2.03749e+08	2.06795e+08	2.02637e+08	2.41558e+08	2.05251e+08	2.65146e+08	3.03446e+08	2.96565e+08	2.65052e+08	2.60231e+08	2.84971e+08	2.78227e+08	2.53966e+08	3.07615e+08	3.1267e+08	2.58949e+08	2.76084e+08	2.0271e+08	2.1895e+08	3.00959e+08	2.2255e+08	2.77948e+08	2.26544e+08	2.72444e+08	4.59657e+08	2.95662e+08	2.69856e+08	2.16519e+08	3.1122e+08	3.53015e+08	2.55051e+08	2.49423e+08	2.48068e+08	3.36708e+08	3.55009e+08	2.2269e+08	3.13723e+08	2.27945e+08	2.23944e+08	3.15218e+08	2.98998e+08	1.50165e+08	1.94734e+08	2.00394e+08	1.93329e+08	1.5841e+08	1.74623e+08	2.26629e+08	1.776e+08	1.49432e+08	1.69885e+08	2.04981e+08	1.74024e+08	1.40628e+08	1.53819e+08	1.93883e+08	1.49258e+08	1.93074e+08	1.93557e+08	1.70837e+08	1.4915e+08	1.50973e+08	1.52043e+08	1.79386e+08	1.86225e+08	2.25947e+08	2.39728e+08	2.43786e+08	2.06072e+08	2.06753e+08	2.02983e+08	1.50585e+08	1.61353e+08	1.63953e+08	1.89975e+08	1.64126e+08	2.0449e+08	1.70715e+08	1.72102e+08	1.52237e+08	1.42533e+08	1.69741e+08	1.56849e+08	1.76892e+08	2.08719e+08	1.73996e+08	2.07135e+08	2.08418e+08	2.09299e+08
ERR613637	1.99304e+08	2.41548e+08	1.88161e+08	1.92754e+08	1.96255e+08	2.59634e+08	2.18904e+08	1.88244e+08	1.90865e+08	1.87108e+08	2.22525e+08	1.89213e+08	2.46689e+08	2.8142e+08	2.75197e+08	2.46562e+08	2.42065e+08	2.64711e+08	2.57081e+08	2.35702e+08	2.8403e+08	2.88737e+08	2.39515e+08	2.55098e+08	1.8881e+08	2.03213e+08	2.78711e+08	2.06211e+08	2.57679e+08	2.10022e+08	2.52118e+08	2.95662e+08	4.03193e+08	2.49757e+08	2.00947e+08	2.88178e+08	3.26732e+08	2.36446e+08	2.31235e+08	2.29929e+08	3.12022e+08	3.28882e+08	2.06136e+08	2.90358e+08	2.10926e+08	2.07264e+08	2.91482e+08	2.76755e+08	1.37845e+08	1.79139e+08	1.84473e+08	1.77989e+08	1.45728e+08	1.60575e+08	2.08183e+08	1.62807e+08	1.37501e+08	1.55986e+08	1.8829e+08	1.59637e+08	1.29562e+08	1.41931e+08	1.78902e+08	1.37617e+08	1.77947e+08	1.78594e+08	1.56991e+08	1.37224e+08	1.39014e+08	1.39984e+08	1.64607e+08	1.70797e+08	2.08045e+08	2.2062e+08	2.24364e+08	1.8976e+08	1.90217e+08	1.87121e+08	1.39268e+08	1.48978e+08	1.51457e+08	1.75536e+08	1.5158e+08	1.88781e+08	1.57526e+08	1.58903e+08	1.40561e+08	1.31453e+08	1.56587e+08	1.44692e+08	1.63388e+08	1.9263e+08	1.60927e+08	1.91201e+08	1.92436e+08	1.93249e+08
