	ERR636946	ERR636947	ERR636943	ERR636948	ERR636945	ERR636944	ERR636720	ERR636718	ERR636716	ERR636719	ERR636717	ERR636715	ERR613681	ERR613679	ERR613677	ERR613678	ERR613682	ERR613680	ERR607308	ERR607310	ERR607305	ERR607307	ERR607309	ERR607306	ERR636951	ERR636949	ERR636954	ERR636950	ERR636953	ERR636952	ERR607785	ERR607781	ERR607783	ERR607784	ERR607786	ERR607782	ERR629858	ERR629860	ERR629856	ERR629861	ERR629859	ERR629857	ERR630691	ERR630689	ERR630693	ERR630690	ERR630692	ERR630688	ERR618526	ERR618525	ERR618528	ERR618527	ERR618530	ERR618529	ERR605475	ERR605476	ERR605478	ERR605477	ERR605473	ERR605474	ERR611301	ERR611302	ERR611300	ERR611299	ERR611297	ERR611298	ERR611336	ERR611337	ERR611340	ERR611338	ERR611339	ERR611335	ERR616987	ERR616986	ERR616989	ERR616988	ERR616990	ERR616985	ERR617915	ERR617918	ERR617917	ERR617919	ERR617920	ERR617916	ERR629823	ERR629821	ERR629818	ERR629820	ERR629819	ERR629822	ERR618173	ERR618174	ERR618172	ERR618170	ERR618171	ERR618169
ERR636946	5.64964e+08	4.10735e+08	3.46797e+08	4.13582e+08	3.79895e+08	3.75932e+08	3.51662e+08	3.51081e+08	3.433e+08	3.51136e+08	3.45083e+08	3.16637e+08	3.39464e+08	3.58143e+08	3.87636e+08	3.79099e+08	2.71291e+08	3.42294e+08	2.29703e+08	2.37137e+08	2.63827e+08	2.94568e+08	2.34515e+08	2.91317e+08	3.25095e+08	2.99641e+08	3.36714e+08	3.27679e+08	3.27937e+08	3.33943e+08	3.26722e+08	3.29851e+08	3.30783e+08	2.63953e+08	3.30224e+08	2.74859e+08	2.81069e+08	2.40114e+08	2.85882e+08	2.4393e+08	2.39358e+08	2.47864e+08	1.93812e+08	2.00993e+08	1.96131e+08	2.30046e+08	1.99489e+08	2.15825e+08	1.63046e+08	1.76463e+08	1.65247e+08	1.66611e+08	1.5295e+08	1.52806e+08	2.15818e+08	2.30465e+08	2.30357e+08	2.34806e+08	2.4727e+08	2.32807e+08	1.66692e+08	1.65452e+08	1.66674e+08	2.24364e+08	2.12534e+08	2.01229e+08	1.39787e+08	1.52588e+08	1.372e+08	1.29259e+08	1.41967e+08	1.4352e+08	2.27797e+08	2.21225e+08	1.87971e+08	1.9185e+08	1.9119e+08	2.13777e+08	1.95301e+08	2.17735e+08	1.30774e+08	2.22315e+08	2.20545e+08	9.94328e+07	2.50195e+08	2.46506e+08	2.29948e+08	1.90462e+08	1.9127e+08	2.45451e+08	2.02531e+08	1.95199e+08	2.12648e+08	2.08151e+08	2.23033e+08	2.10798e+08
ERR636947	4.10735e+08	5.69418e+08	3.4824e+08	4.15494e+08	3.81644e+08	3.77523e+08	3.53294e+08	3.52569e+08	3.44742e+08	3.52842e+08	3.46593e+08	3.18038e+08	3.40923e+08	3.59895e+08	3.89248e+08	3.80765e+08	2.72482e+08	3.43576e+08	2.30645e+08	2.38088e+08	2.65082e+08	2.95796e+08	2.35445e+08	2.92579e+08	3.2665e+08	3.00902e+08	3.38152e+08	3.29206e+08	3.29562e+08	3.35386e+08	3.28348e+08	3.31179e+08	3.3231e+08	2.65011e+08	3.31736e+08	2.76235e+08	2.82143e+08	2.4117e+08	2.87041e+08	2.45086e+08	2.40444e+08	2.48915e+08	1.94866e+08	2.02025e+08	1.97084e+08	2.31218e+08	2.00543e+08	2.17023e+08	1.63946e+08	1.77412e+08	1.6625e+08	1.67512e+08	1.53685e+08	1.53642e+08	2.17081e+08	2.31825e+08	2.31521e+08	2.36154e+08	2.48695e+08	2.34242e+08	1.67683e+08	1.66446e+08	1.67552e+08	2.25685e+08	2.13815e+08	2.02437e+08	1.40542e+08	1.53564e+08	1.38148e+08	1.29988e+08	1.42677e+08	1.44276e+08	2.29127e+08	2.22601e+08	1.89181e+08	1.93109e+08	1.92283e+08	2.15147e+08	1.96332e+08	2.18964e+08	1.31508e+08	2.23525e+08	2.21851e+08	9.9965e+07	2.51633e+08	2.48014e+08	2.31075e+08	1.91389e+08	1.92297e+08	2.46759e+08	2.03592e+08	1.96215e+08	2.13861e+08	2.09258e+08	2.2423e+08	2.11903e+08
ERR636943	3.46797e+08	3.4824e+08	4.2732e+08	3.50592e+08	3.24306e+08	3.21066e+08	2.99845e+08	2.99141e+08	2.92814e+08	2.99325e+08	2.93961e+08	2.70497e+08	2.89362e+08	3.04967e+08	3.29911e+08	3.22581e+08	2.31853e+08	2.91841e+08	1.96636e+08	2.02944e+08	2.25557e+08	2.51326e+08	2.00796e+08	2.48763e+08	2.77027e+08	2.5551e+08	2.86681e+08	2.79203e+08	2.79292e+08	2.84373e+08	2.78505e+08	2.8111e+08	2.82046e+08	2.25749e+08	2.81348e+08	2.34966e+08	2.39987e+08	2.05405e+08	2.44278e+08	2.0866e+08	2.04817e+08	2.12046e+08	1.64286e+08	1.70347e+08	1.66167e+08	1.94704e+08	1.68962e+08	1.82878e+08	1.36712e+08	1.48033e+08	1.38652e+08	1.39732e+08	1.28259e+08	1.28253e+08	1.80715e+08	1.92997e+08	1.92831e+08	1.96546e+08	2.07007e+08	1.94919e+08	1.39898e+08	1.38877e+08	1.39869e+08	1.88228e+08	1.7834e+08	1.6899e+08	1.17246e+08	1.28134e+08	1.15208e+08	1.08297e+08	1.18985e+08	1.20424e+08	1.90852e+08	1.85465e+08	1.57387e+08	1.60606e+08	1.60014e+08	1.79081e+08	1.63873e+08	1.82641e+08	1.09742e+08	1.86398e+08	1.8504e+08	8.32959e+07	2.09221e+08	2.06376e+08	1.92323e+08	1.59201e+08	1.60098e+08	2.05316e+08	1.7048e+08	1.64344e+08	1.79065e+08	1.75355e+08	1.87974e+08	1.774e+08
ERR636948	4.13582e+08	4.15494e+08	3.50592e+08	5.76399e+08	3.84296e+08	3.80201e+08	3.55905e+08	3.55328e+08	3.47325e+08	3.55265e+08	3.49037e+08	3.20445e+08	3.43525e+08	3.62441e+08	3.92091e+08	3.83379e+08	2.74261e+08	3.46073e+08	2.32382e+08	2.39863e+08	2.66867e+08	2.97952e+08	2.37149e+08	2.9458e+08	3.28996e+08	3.03003e+08	3.40642e+08	3.3145e+08	3.31799e+08	3.3784e+08	3.30625e+08	3.33537e+08	3.34713e+08	2.66965e+08	3.34115e+08	2.78183e+08	2.84195e+08	2.42918e+08	2.89298e+08	2.46888e+08	2.42161e+08	2.50616e+08	1.96203e+08	2.0359e+08	1.98664e+08	2.33038e+08	2.02015e+08	2.18652e+08	1.64948e+08	1.7873e+08	1.67304e+08	1.68564e+08	1.54788e+08	1.54751e+08	2.18662e+08	2.334e+08	2.33176e+08	2.37599e+08	2.50431e+08	2.35701e+08	1.68883e+08	1.6757e+08	1.68802e+08	2.27455e+08	2.15391e+08	2.04002e+08	1.41657e+08	1.54678e+08	1.39032e+08	1.30917e+08	1.43777e+08	1.45331e+08	2.30742e+08	2.24238e+08	1.90434e+08	1.94253e+08	1.93531e+08	2.16552e+08	1.97914e+08	2.20547e+08	1.32489e+08	2.25148e+08	2.23389e+08	1.0067e+08	2.53367e+08	2.4975e+08	2.32787e+08	1.92768e+08	1.93526e+08	2.48465e+08	2.05134e+08	1.97557e+08	2.1548e+08	2.10847e+08	2.25885e+08	2.13528e+08
ERR636945	3.79895e+08	3.81644e+08	3.24306e+08	3.84296e+08	4.99706e+08	3.5127e+08	3.28301e+08	3.27842e+08	3.20577e+08	3.27865e+08	3.22013e+08	2.95904e+08	3.16698e+08	3.33864e+08	3.61454e+08	3.53533e+08	2.53321e+08	3.19294e+08	2.14812e+08	2.21664e+08	2.46478e+08	2.75046e+08	2.19358e+08	2.72165e+08	3.0337e+08	2.79502e+08	3.13857e+08	3.05684e+08	3.05786e+08	3.11276e+08	3.05069e+08	3.07877e+08	3.0887e+08	2.46763e+08	3.08304e+08	2.57046e+08	2.62631e+08	2.24612e+08	2.67234e+08	2.28114e+08	2.23898e+08	2.31803e+08	1.80676e+08	1.87362e+08	1.82698e+08	2.1435e+08	1.85927e+08	2.01174e+08	1.51076e+08	1.63573e+08	1.53201e+08	1.54386e+08	1.41769e+08	1.4172e+08	2.00137e+08	2.13647e+08	2.13345e+08	2.17656e+08	2.29245e+08	2.15792e+08	1.54479e+08	1.53256e+08	1.54452e+08	2.07878e+08	1.96996e+08	1.86616e+08	1.29654e+08	1.41636e+08	1.27416e+08	1.1996e+08	1.31627e+08	1.3319e+08	2.11154e+08	2.05052e+08	1.74235e+08	1.7774e+08	1.77112e+08	1.98232e+08	1.8096e+08	2.01863e+08	1.2131e+08	2.06125e+08	2.04485e+08	9.21506e+07	2.31821e+08	2.2863e+08	2.13151e+08	1.76391e+08	1.77185e+08	2.27417e+08	1.88045e+08	1.81385e+08	1.97662e+08	1.93542e+08	2.07465e+08	1.95938e+08
ERR636944	3.75932e+08	3.77523e+08	3.21066e+08	3.80201e+08	3.5127e+08	4.91807e+08	3.25076e+08	3.24398e+08	3.17415e+08	3.24526e+08	3.18643e+08	2.92838e+08	3.13882e+08	3.30213e+08	3.57664e+08	3.49531e+08	2.50729e+08	3.16436e+08	2.13038e+08	2.20227e+08	2.44493e+08	2.72639e+08	2.17685e+08	2.70111e+08	3.0039e+08	2.76926e+08	3.10862e+08	3.03114e+08	3.02761e+08	3.08386e+08	3.02149e+08	3.05292e+08	3.06331e+08	2.44445e+08	3.05406e+08	2.5444e+08	2.60594e+08	2.22196e+08	2.65211e+08	2.25727e+08	2.2157e+08	2.29658e+08	1.78603e+08	1.85681e+08	1.80798e+08	2.12446e+08	1.83809e+08	1.99162e+08	1.49395e+08	1.61936e+08	1.51902e+08	1.52827e+08	1.40635e+08	1.40536e+08	1.97832e+08	2.11349e+08	2.11259e+08	2.15217e+08	2.26836e+08	2.13549e+08	1.53304e+08	1.52139e+08	1.53246e+08	2.06668e+08	1.95588e+08	1.85503e+08	1.28552e+08	1.405e+08	1.26004e+08	1.18272e+08	1.30252e+08	1.31899e+08	2.08944e+08	2.02964e+08	1.71746e+08	1.75127e+08	1.74574e+08	1.958e+08	1.79997e+08	2.00371e+08	1.20298e+08	2.0436e+08	2.02809e+08	9.08462e+07	2.29216e+08	2.25881e+08	2.10566e+08	1.74352e+08	1.75016e+08	2.24838e+08	1.86018e+08	1.79284e+08	1.95647e+08	1.91362e+08	2.05222e+08	1.93424e+08
ERR636720	3.51662e+08	3.53294e+08	2.99845e+08	3.55905e+08	3.28301e+08	3.25076e+08	5.07458e+08	3.57065e+08	3.47987e+08	3.57432e+08	3.49186e+08	3.20738e+08	3.0553e+08	3.21673e+08	3.48676e+08	3.40319e+08	2.43501e+08	3.07941e+08	2.19489e+08	2.26429e+08	2.5179e+08	2.80653e+08	2.24092e+08	2.78099e+08	3.07731e+08	2.83646e+08	3.18222e+08	3.10332e+08	3.09966e+08	3.15425e+08	3.14658e+08	3.17787e+08	3.18788e+08	2.54624e+08	3.17813e+08	2.65039e+08	2.64074e+08	2.25161e+08	2.6877e+08	2.28648e+08	2.24408e+08	2.32802e+08	1.88156e+08	1.9567e+08	1.90445e+08	2.23566e+08	1.93669e+08	2.09945e+08	1.57967e+08	1.71175e+08	1.60644e+08	1.61558e+08	1.4868e+08	1.48773e+08	2.08293e+08	2.2226e+08	2.22195e+08	2.26427e+08	2.38657e+08	2.24541e+08	1.61815e+08	1.60627e+08	1.61777e+08	2.17965e+08	2.06505e+08	1.95648e+08	1.38129e+08	1.50548e+08	1.35438e+08	1.2703e+08	1.39847e+08	1.41614e+08	2.21567e+08	2.15256e+08	1.8247e+08	1.8601e+08	1.85315e+08	2.07569e+08	1.91747e+08	2.13333e+08	1.28715e+08	2.17737e+08	2.16143e+08	9.7332e+07	2.44702e+08	2.41472e+08	2.25401e+08	1.86576e+08	1.87483e+08	2.40242e+08	1.97121e+08	1.90042e+08	2.07127e+08	2.02978e+08	2.1736e+08	2.05206e+08
ERR636718	3.51081e+08	3.52569e+08	2.99141e+08	3.55328e+08	3.27842e+08	3.24398e+08	3.57065e+08	5.06971e+08	3.47149e+08	3.56661e+08	3.48666e+08	3.20106e+08	3.05112e+08	3.21167e+08	3.48116e+08	3.40071e+08	2.43188e+08	3.07369e+08	2.18873e+08	2.25829e+08	2.51254e+08	2.80118e+08	2.23382e+08	2.77385e+08	3.07213e+08	2.83054e+08	3.17694e+08	3.09676e+08	3.09375e+08	3.14967e+08	3.13939e+08	3.16838e+08	3.17812e+08	2.53998e+08	3.17016e+08	2.64428e+08	2.63843e+08	2.25098e+08	2.68329e+08	2.28454e+08	2.24239e+08	2.32573e+08	1.87968e+08	1.95147e+08	1.90347e+08	2.23406e+08	1.93452e+08	2.09571e+08	1.58019e+08	1.71019e+08	1.60429e+08	1.61413e+08	1.48448e+08	1.48506e+08	2.08169e+08	2.22138e+08	2.21959e+08	2.26227e+08	2.38414e+08	2.24476e+08	1.61501e+08	1.60347e+08	1.61468e+08	2.17426e+08	2.06033e+08	1.95128e+08	1.37796e+08	1.50352e+08	1.35131e+08	1.26859e+08	1.39589e+08	1.41358e+08	2.21302e+08	2.14944e+08	1.82261e+08	1.8596e+08	1.85327e+08	2.07487e+08	1.91442e+08	2.12895e+08	1.28507e+08	2.17395e+08	2.15816e+08	9.72818e+07	2.44574e+08	2.41291e+08	2.25255e+08	1.86424e+08	1.87353e+08	2.40045e+08	1.96908e+08	1.89921e+08	2.06864e+08	2.0254e+08	2.1702e+08	2.04964e+08
ERR636716	3.433e+08	3.44742e+08	2.92814e+08	3.47325e+08	3.20577e+08	3.17415e+08	3.47987e+08	3.47149e+08	4.86464e+08	3.47531e+08	3.41923e+08	3.14116e+08	2.98255e+08	3.13771e+08	3.40068e+08	3.31889e+08	2.37737e+08	3.00491e+08	2.14619e+08	2.21514e+08	2.462e+08	2.74351e+08	2.1924e+08	2.72005e+08	3.00521e+08	2.77059e+08	3.10879e+08	3.03329e+08	3.02681e+08	3.08056e+08	3.06987e+08	3.10207e+08	3.1122e+08	2.48522e+08	3.10234e+08	2.58879e+08	2.58158e+08	2.1994e+08	2.62674e+08	2.23281e+08	2.19138e+08	2.27557e+08	1.83809e+08	1.91112e+08	1.85988e+08	2.1837e+08	1.88995e+08	2.04959e+08	1.54137e+08	1.66916e+08	1.56688e+08	1.57543e+08	1.45076e+08	1.45119e+08	2.03003e+08	2.16852e+08	2.16613e+08	2.20692e+08	2.3258e+08	2.18901e+08	1.57856e+08	1.56604e+08	1.57837e+08	2.1275e+08	2.01424e+08	1.90875e+08	1.34587e+08	1.46752e+08	1.31736e+08	1.23477e+08	1.36116e+08	1.37864e+08	2.15857e+08	2.09701e+08	1.77435e+08	1.80998e+08	1.80378e+08	2.02105e+08	1.87091e+08	2.07995e+08	1.25517e+08	2.12109e+08	2.10697e+08	9.48793e+07	2.38327e+08	2.35349e+08	2.19434e+08	1.81801e+08	1.82681e+08	2.34022e+08	1.92212e+08	1.8533e+08	2.02023e+08	1.97706e+08	2.11941e+08	1.99775e+08
ERR636719	3.51136e+08	3.52842e+08	2.99325e+08	3.55265e+08	3.27865e+08	3.24526e+08	3.57432e+08	3.56661e+08	3.47531e+08	5.07058e+08	3.48859e+08	3.20426e+08	3.0507e+08	3.21265e+08	3.48175e+08	3.40115e+08	2.43223e+08	3.07462e+08	2.19031e+08	2.2601e+08	2.51432e+08	2.80248e+08	2.23526e+08	2.77641e+08	3.07279e+08	2.83255e+08	3.17784e+08	3.09824e+08	3.09603e+08	3.14946e+08	3.14177e+08	3.17308e+08	3.1829e+08	2.54097e+08	3.17344e+08	2.64629e+08	2.63862e+08	2.24894e+08	2.68636e+08	2.28465e+08	2.24226e+08	2.32654e+08	1.88097e+08	1.95403e+08	1.90492e+08	2.23398e+08	1.93459e+08	2.09729e+08	1.57895e+08	1.70895e+08	1.60375e+08	1.61334e+08	1.48441e+08	1.48442e+08	2.08159e+08	2.22079e+08	2.21967e+08	2.26345e+08	2.38346e+08	2.24402e+08	1.61415e+08	1.60169e+08	1.6141e+08	2.17379e+08	2.05985e+08	1.95186e+08	1.37829e+08	1.50267e+08	1.35175e+08	1.26863e+08	1.39629e+08	1.41342e+08	2.21146e+08	2.14824e+08	1.82077e+08	1.85749e+08	1.85077e+08	2.07126e+08	1.91322e+08	2.12932e+08	1.28544e+08	2.17222e+08	2.15703e+08	9.70963e+07	2.44525e+08	2.41145e+08	2.2497e+08	1.86419e+08	1.87215e+08	2.39881e+08	1.97085e+08	1.89879e+08	2.07124e+08	2.02759e+08	2.17238e+08	2.05004e+08
ERR636717	3.45083e+08	3.46593e+08	2.93961e+08	3.49037e+08	3.22013e+08	3.18643e+08	3.49186e+08	3.48666e+08	3.41923e+08	3.48859e+08	4.89811e+08	3.15447e+08	2.99298e+08	3.15605e+08	3.4167e+08	3.33841e+08	2.38891e+08	3.01434e+08	2.14701e+08	2.21441e+08	2.46576e+08	2.74989e+08	2.19098e+08	2.72121e+08	3.01622e+08	2.77942e+08	3.12036e+08	3.039e+08	3.0398e+08	3.09352e+08	3.08244e+08	3.11109e+08	3.11956e+08	2.49529e+08	3.11379e+08	2.60144e+08	2.58703e+08	2.21142e+08	2.63144e+08	2.24505e+08	2.20374e+08	2.28266e+08	1.84533e+08	1.91439e+08	1.8675e+08	2.18746e+08	1.89876e+08	2.05602e+08	1.54446e+08	1.67118e+08	1.56579e+08	1.57787e+08	1.44946e+08	1.45037e+08	2.03516e+08	2.17168e+08	2.16892e+08	2.21091e+08	2.32881e+08	2.19437e+08	1.57862e+08	1.56635e+08	1.57761e+08	2.12139e+08	2.0133e+08	1.90573e+08	1.34589e+08	1.46653e+08	1.32034e+08	1.24276e+08	1.3641e+08	1.38014e+08	2.16404e+08	2.10215e+08	1.78723e+08	1.82308e+08	1.81727e+08	2.03104e+08	1.8656e+08	2.07809e+08	1.25557e+08	2.12156e+08	2.1058e+08	9.52545e+07	2.3933e+08	2.36104e+08	2.20136e+08	1.82475e+08	1.83438e+08	2.34894e+08	1.92954e+08	1.86088e+08	2.02726e+08	1.98498e+08	2.12691e+08	2.00937e+08
ERR636715	3.16637e+08	3.18038e+08	2.70497e+08	3.20445e+08	2.95904e+08	2.92838e+08	3.20738e+08	3.20106e+08	3.14116e+08	3.20426e+08	3.15447e+08	4.21626e+08	2.7492e+08	2.89457e+08	3.13486e+08	3.05969e+08	2.19594e+08	2.76924e+08	1.9777e+08	2.0404e+08	2.27044e+08	2.52871e+08	2.01967e+08	2.50353e+08	2.76848e+08	2.5542e+08	2.86438e+08	2.79155e+08	2.79081e+08	2.83841e+08	2.83394e+08	2.85898e+08	2.86835e+08	2.29955e+08	2.86111e+08	2.39407e+08	2.38106e+08	2.036e+08	2.42244e+08	2.06777e+08	2.0282e+08	2.10334e+08	1.69051e+08	1.75385e+08	1.7114e+08	2.00515e+08	1.73924e+08	1.88339e+08	1.40082e+08	1.51602e+08	1.42082e+08	1.43078e+08	1.31605e+08	1.31592e+08	1.8438e+08	1.96724e+08	1.96469e+08	2.00379e+08	2.11143e+08	1.98581e+08	1.43518e+08	1.42459e+08	1.4355e+08	1.93112e+08	1.83043e+08	1.73383e+08	1.22217e+08	1.33267e+08	1.19946e+08	1.12582e+08	1.23835e+08	1.25322e+08	1.96078e+08	1.90541e+08	1.61694e+08	1.64935e+08	1.64364e+08	1.83778e+08	1.69493e+08	1.88644e+08	1.13987e+08	1.92481e+08	1.91228e+08	8.63928e+07	2.16642e+08	2.1362e+08	1.99352e+08	1.65196e+08	1.66005e+08	2.12769e+08	1.75825e+08	1.69502e+08	1.84616e+08	1.80746e+08	1.93748e+08	1.82995e+08
ERR613681	3.39464e+08	3.40923e+08	2.89362e+08	3.43525e+08	3.16698e+08	3.13882e+08	3.0553e+08	3.05112e+08	2.98255e+08	3.0507e+08	2.99298e+08	2.7492e+08	4.44646e+08	3.24478e+08	3.52008e+08	3.43609e+08	2.47281e+08	3.12307e+08	1.985e+08	2.05005e+08	2.27413e+08	2.53596e+08	2.02784e+08	2.51314e+08	2.82437e+08	2.60537e+08	2.92099e+08	2.85058e+08	2.84559e+08	2.89659e+08	2.81723e+08	2.84779e+08	2.85677e+08	2.27072e+08	2.84753e+08	2.3638e+08	2.42878e+08	2.07058e+08	2.47196e+08	2.10242e+08	2.06525e+08	2.1418e+08	1.65476e+08	1.72234e+08	1.676e+08	1.9715e+08	1.70319e+08	1.84787e+08	1.40752e+08	1.52417e+08	1.43108e+08	1.43855e+08	1.32407e+08	1.32353e+08	1.9244e+08	2.05425e+08	2.05435e+08	2.09293e+08	2.2056e+08	2.0749e+08	1.45398e+08	1.44316e+08	1.45305e+08	1.9607e+08	1.85633e+08	1.75933e+08	1.21832e+08	1.33157e+08	1.19522e+08	1.12086e+08	1.23605e+08	1.25042e+08	1.97789e+08	1.92202e+08	1.62742e+08	1.65871e+08	1.65266e+08	1.85116e+08	1.70062e+08	1.89296e+08	1.13559e+08	1.9329e+08	1.91807e+08	8.57677e+07	2.16543e+08	2.13545e+08	1.99106e+08	1.64765e+08	1.65373e+08	2.1252e+08	1.74132e+08	1.67753e+08	1.83071e+08	1.7919e+08	1.92116e+08	1.80896e+08
ERR613679	3.58143e+08	3.59895e+08	3.04967e+08	3.62441e+08	3.33864e+08	3.30213e+08	3.21673e+08	3.21167e+08	3.13771e+08	3.21265e+08	3.15605e+08	2.89457e+08	3.24478e+08	4.85685e+08	3.7169e+08	3.6353e+08	2.59658e+08	3.27153e+08	2.07671e+08	2.14266e+08	2.38596e+08	2.66299e+08	2.11789e+08	2.63261e+08	2.97236e+08	2.73821e+08	3.07478e+08	2.99332e+08	2.99646e+08	3.0509e+08	2.96484e+08	2.99066e+08	2.99943e+08	2.38835e+08	2.99625e+08	2.49022e+08	2.54845e+08	2.18166e+08	2.59224e+08	2.21469e+08	2.17435e+08	2.24949e+08	1.75159e+08	1.81503e+08	1.77154e+08	2.07936e+08	1.80259e+08	1.95209e+08	1.48935e+08	1.60955e+08	1.50559e+08	1.52021e+08	1.39249e+08	1.39178e+08	2.03789e+08	2.17302e+08	2.17043e+08	2.21398e+08	2.33186e+08	2.19562e+08	1.52726e+08	1.51577e+08	1.527e+08	2.05575e+08	1.9496e+08	1.84377e+08	1.28484e+08	1.40154e+08	1.26314e+08	1.19077e+08	1.3047e+08	1.31864e+08	2.09126e+08	2.03091e+08	1.73079e+08	1.76486e+08	1.75923e+08	1.96512e+08	1.78081e+08	1.98938e+08	1.19519e+08	2.03097e+08	2.01586e+08	9.09883e+07	2.29461e+08	2.2621e+08	2.10966e+08	1.74763e+08	1.75573e+08	2.25203e+08	1.8481e+08	1.78239e+08	1.94077e+08	1.90107e+08	2.03667e+08	1.9258e+08
ERR613677	3.87636e+08	3.89248e+08	3.29911e+08	3.92091e+08	3.61454e+08	3.57664e+08	3.48676e+08	3.48116e+08	3.40068e+08	3.48175e+08	3.4167e+08	3.13486e+08	3.52008e+08	3.7169e+08	5.58718e+08	3.94329e+08	2.80906e+08	3.54899e+08	2.25145e+08	2.32402e+08	2.58674e+08	2.88592e+08	2.2969e+08	2.85752e+08	3.21965e+08	2.96518e+08	3.32935e+08	3.2456e+08	3.24329e+08	3.30327e+08	3.2129e+08	3.2459e+08	3.25591e+08	2.58477e+08	3.24779e+08	2.69259e+08	2.76474e+08	2.35767e+08	2.81311e+08	2.39408e+08	2.34989e+08	2.43746e+08	1.90107e+08	1.97417e+08	1.92487e+08	2.2599e+08	1.95635e+08	2.12044e+08	1.62287e+08	1.7568e+08	1.64532e+08	1.65826e+08	1.52184e+08	1.5213e+08	2.21958e+08	2.3677e+08	2.36668e+08	2.41393e+08	2.54341e+08	2.39484e+08	1.66451e+08	1.652e+08	1.66457e+08	2.24285e+08	2.12612e+08	2.01216e+08	1.40464e+08	1.53219e+08	1.37857e+08	1.2959e+08	1.42468e+08	1.44151e+08	2.28011e+08	2.21458e+08	1.88222e+08	1.91998e+08	1.91368e+08	2.14025e+08	1.95016e+08	2.17622e+08	1.30596e+08	2.22147e+08	2.20509e+08	9.90848e+07	2.50127e+08	2.46465e+08	2.29945e+08	1.90393e+08	1.91101e+08	2.45433e+08	2.01121e+08	1.93839e+08	2.11342e+08	2.06795e+08	2.21945e+08	2.09313e+08
ERR613678	3.79099e+08	3.80765e+08	3.22581e+08	3.83379e+08	3.53533e+08	3.49531e+08	3.40319e+08	3.40071e+08	3.31889e+08	3.40115e+08	3.33841e+08	3.05969e+08	3.43609e+08	3.6353e+08	3.94329e+08	5.37169e+08	2.74724e+08	3.46325e+08	2.19162e+08	2.25976e+08	2.51844e+08	2.81277e+08	2.23381e+08	2.78199e+08	3.14312e+08	2.89447e+08	3.25097e+08	3.16583e+08	3.16653e+08	3.2255e+08	3.1364e+08	3.16644e+08	3.17368e+08	2.52467e+08	3.17127e+08	2.63277e+08	2.69431e+08	2.30355e+08	2.74258e+08	2.34078e+08	2.29617e+08	2.37868e+08	1.85897e+08	1.92706e+08	1.88086e+08	2.20516e+08	1.91391e+08	2.07109e+08	1.58161e+08	1.70989e+08	1.60039e+08	1.61491e+08	1.47889e+08	1.47899e+08	2.16355e+08	2.30646e+08	2.30627e+08	2.3495e+08	2.47802e+08	2.33307e+08	1.61737e+08	1.60501e+08	1.61688e+08	2.17857e+08	2.06643e+08	1.95275e+08	1.36562e+08	1.48987e+08	1.3424e+08	1.26659e+08	1.38832e+08	1.40334e+08	2.22417e+08	2.15882e+08	1.84116e+08	1.87833e+08	1.87299e+08	2.08962e+08	1.89344e+08	2.11587e+08	1.27025e+08	2.16136e+08	2.14556e+08	9.67432e+07	2.44167e+08	2.40455e+08	2.24201e+08	1.85763e+08	1.86582e+08	2.39318e+08	1.9661e+08	1.89494e+08	2.06386e+08	2.0209e+08	2.16445e+08	2.04747e+08
ERR613682	2.71291e+08	2.72482e+08	2.31853e+08	2.74261e+08	2.53321e+08	2.50729e+08	2.43501e+08	2.43188e+08	2.37737e+08	2.43223e+08	2.38891e+08	2.19594e+08	2.47281e+08	2.59658e+08	2.80906e+08	2.74724e+08	3.04434e+08	2.49146e+08	1.58245e+08	1.63347e+08	1.81445e+08	2.02039e+08	1.61483e+08	1.9998e+08	2.2525e+08	2.07835e+08	2.32904e+08	2.26973e+08	2.27163e+08	2.31061e+08	2.2421e+08	2.26267e+08	2.26878e+08	1.8128e+08	2.26644e+08	1.88678e+08	1.93368e+08	1.65933e+08	1.96813e+08	1.68358e+08	1.65344e+08	1.71009e+08	1.307e+08	1.35618e+08	1.32287e+08	1.55168e+08	1.34535e+08	1.45619e+08	1.10604e+08	1.19625e+08	1.1218e+08	1.1295e+08	1.03691e+08	1.03633e+08	1.51175e+08	1.61273e+08	1.61258e+08	1.64429e+08	1.73096e+08	1.63028e+08	1.14057e+08	1.13209e+08	1.14026e+08	1.53424e+08	1.4535e+08	1.37622e+08	9.55866e+07	1.04303e+08	9.39465e+07	8.83836e+07	9.70473e+07	9.80204e+07	1.55227e+08	1.50685e+08	1.28189e+08	1.30836e+08	1.30358e+08	1.45638e+08	1.32649e+08	1.4817e+08	8.89033e+07	1.5116e+08	1.49876e+08	6.75642e+07	1.70183e+08	1.67815e+08	1.56507e+08	1.29621e+08	1.3014e+08	1.67077e+08	1.37128e+08	1.32214e+08	1.44072e+08	1.41112e+08	1.5124e+08	1.42761e+08
ERR613680	3.42294e+08	3.43576e+08	2.91841e+08	3.46073e+08	3.19294e+08	3.16436e+08	3.07941e+08	3.07369e+08	3.00491e+08	3.07462e+08	3.01434e+08	2.76924e+08	3.12307e+08	3.27153e+08	3.54899e+08	3.46325e+08	2.49146e+08	4.50501e+08	1.99977e+08	2.06617e+08	2.29243e+08	2.55459e+08	2.04311e+08	2.53281e+08	2.84497e+08	2.62389e+08	2.94252e+08	2.87136e+08	2.86722e+08	2.91856e+08	2.83845e+08	2.86967e+08	2.87705e+08	2.28808e+08	2.86923e+08	2.38211e+08	2.44614e+08	2.08674e+08	2.48999e+08	2.11861e+08	2.07964e+08	2.15648e+08	1.66819e+08	1.73585e+08	1.68962e+08	1.98776e+08	1.71633e+08	1.8631e+08	1.41895e+08	1.53714e+08	1.44316e+08	1.45137e+08	1.33433e+08	1.33404e+08	1.94056e+08	2.07375e+08	2.0707e+08	2.11149e+08	2.22401e+08	2.09236e+08	1.46557e+08	1.45469e+08	1.4657e+08	1.97724e+08	1.8725e+08	1.77322e+08	1.22908e+08	1.34138e+08	1.20441e+08	1.12981e+08	1.24602e+08	1.26165e+08	1.99381e+08	1.93602e+08	1.63907e+08	1.67246e+08	1.66625e+08	1.86569e+08	1.71381e+08	1.90812e+08	1.14453e+08	1.94743e+08	1.93364e+08	8.6494e+07	2.18395e+08	2.15293e+08	2.00792e+08	1.662e+08	1.66762e+08	2.14293e+08	1.75688e+08	1.69203e+08	1.84711e+08	1.80695e+08	1.93925e+08	1.82594e+08
ERR607308	2.29703e+08	2.30645e+08	1.96636e+08	2.32382e+08	2.14812e+08	2.13038e+08	2.19489e+08	2.18873e+08	2.14619e+08	2.19031e+08	2.14701e+08	1.9777e+08	1.985e+08	2.07671e+08	2.25145e+08	2.19162e+08	1.58245e+08	1.99977e+08	2.73316e+08	1.7956e+08	1.97343e+08	2.1918e+08	1.77694e+08	2.17665e+08	1.97517e+08	1.82486e+08	2.04058e+08	1.99631e+08	1.98937e+08	2.02347e+08	2.15697e+08	2.1795e+08	2.18717e+08	1.74937e+08	2.17949e+08	1.81903e+08	1.84626e+08	1.57131e+08	1.87617e+08	1.59696e+08	1.56804e+08	1.62843e+08	1.31457e+08	1.37422e+08	1.33372e+08	1.56809e+08	1.35128e+08	1.46912e+08	1.12158e+08	1.21738e+08	1.14855e+08	1.14917e+08	1.06552e+08	1.06555e+08	1.45682e+08	1.55917e+08	1.55778e+08	1.58763e+08	1.67084e+08	1.57239e+08	1.15214e+08	1.14248e+08	1.15093e+08	1.54629e+08	1.4611e+08	1.39248e+08	9.70366e+07	1.05891e+08	9.47856e+07	8.84951e+07	9.79322e+07	9.93302e+07	1.54594e+08	1.50228e+08	1.26506e+08	1.2899e+08	1.28399e+08	1.442e+08	1.4041e+08	1.55254e+08	9.40334e+07	1.58125e+08	1.57083e+08	7.02464e+07	1.70744e+08	1.68478e+08	1.57463e+08	1.30286e+08	1.30772e+08	1.67768e+08	1.38754e+08	1.33674e+08	1.46031e+08	1.42748e+08	1.53013e+08	1.43896e+08
ERR607310	2.37137e+08	2.38088e+08	2.02944e+08	2.39863e+08	2.21664e+08	2.20227e+08	2.26429e+08	2.25829e+08	2.21514e+08	2.2601e+08	2.21441e+08	2.0404e+08	2.05005e+08	2.14266e+08	2.32402e+08	2.25976e+08	1.63347e+08	2.06617e+08	1.7956e+08	2.89158e+08	2.04216e+08	2.26528e+08	1.84075e+08	2.25474e+08	2.03832e+08	1.88423e+08	2.10765e+08	2.06461e+08	2.05355e+08	2.08883e+08	2.2244e+08	2.25072e+08	2.25864e+08	1.8031e+08	2.24699e+08	1.87341e+08	1.90953e+08	1.62022e+08	1.9387e+08	1.64572e+08	1.61798e+08	1.68084e+08	1.3563e+08	1.42036e+08	1.37517e+08	1.62135e+08	1.39422e+08	1.51746e+08	1.15871e+08	1.25898e+08	1.18851e+08	1.18813e+08	1.10368e+08	1.10391e+08	1.50576e+08	1.6119e+08	1.61104e+08	1.64031e+08	1.72595e+08	1.62467e+08	1.19465e+08	1.18489e+08	1.19475e+08	1.60738e+08	1.51684e+08	1.44622e+08	1.00415e+08	1.09649e+08	9.79753e+07	9.12916e+07	1.0124e+08	1.02818e+08	1.59592e+08	1.5507e+08	1.30084e+08	1.32712e+08	1.31898e+08	1.48689e+08	1.45926e+08	1.60953e+08	9.73811e+07	1.63902e+08	1.62733e+08	7.24803e+07	1.76366e+08	1.74291e+08	1.62637e+08	1.34635e+08	1.34962e+08	1.73161e+08	1.4326e+08	1.37962e+08	1.50855e+08	1.47415e+08	1.58096e+08	1.48402e+08
ERR607305	2.63827e+08	2.65082e+08	2.25557e+08	2.66867e+08	2.46478e+08	2.44493e+08	2.5179e+08	2.51254e+08	2.462e+08	2.51432e+08	2.46576e+08	2.27044e+08	2.27413e+08	2.38596e+08	2.58674e+08	2.51844e+08	1.81445e+08	2.29243e+08	1.97343e+08	2.04216e+08	3.41678e+08	2.51661e+08	2.02133e+08	2.49661e+08	2.2655e+08	2.09165e+08	2.34206e+08	2.28836e+08	2.28313e+08	2.32217e+08	2.47424e+08	2.49975e+08	2.50852e+08	2.00357e+08	2.50062e+08	2.085e+08	2.11756e+08	1.80374e+08	2.1516e+08	1.83386e+08	1.80057e+08	1.86755e+08	1.5185e+08	1.58453e+08	1.54006e+08	1.8088e+08	1.56233e+08	1.69595e+08	1.2953e+08	1.40498e+08	1.32339e+08	1.32886e+08	1.22758e+08	1.22836e+08	1.68866e+08	1.80495e+08	1.80444e+08	1.83705e+08	1.93478e+08	1.82137e+08	1.32293e+08	1.31228e+08	1.32337e+08	1.78005e+08	1.68069e+08	1.60102e+08	1.12146e+08	1.22315e+08	1.09615e+08	1.0262e+08	1.1328e+08	1.14843e+08	1.78876e+08	1.73767e+08	1.46659e+08	1.49574e+08	1.48815e+08	1.67151e+08	1.6167e+08	1.78779e+08	1.08305e+08	1.82182e+08	1.81171e+08	8.12069e+07	1.97874e+08	1.9536e+08	1.82288e+08	1.51065e+08	1.51629e+08	1.94362e+08	1.60762e+08	1.54942e+08	1.69113e+08	1.65441e+08	1.77346e+08	1.66913e+08
ERR607307	2.94568e+08	2.95796e+08	2.51326e+08	2.97952e+08	2.75046e+08	2.72639e+08	2.80653e+08	2.80118e+08	2.74351e+08	2.80248e+08	2.74989e+08	2.52871e+08	2.53596e+08	2.66299e+08	2.88592e+08	2.81277e+08	2.02039e+08	2.55459e+08	2.1918e+08	2.26528e+08	2.51661e+08	4.09669e+08	2.24323e+08	2.77771e+08	2.52338e+08	2.32824e+08	2.61143e+08	2.54919e+08	2.54364e+08	2.58963e+08	2.75594e+08	2.78264e+08	2.79374e+08	2.23012e+08	2.7861e+08	2.31959e+08	2.36274e+08	2.01222e+08	2.39918e+08	2.04472e+08	2.0083e+08	2.08144e+08	1.69663e+08	1.76785e+08	1.71819e+08	2.01883e+08	1.74433e+08	1.89282e+08	1.45167e+08	1.57424e+08	1.48188e+08	1.48745e+08	1.37463e+08	1.37361e+08	1.89451e+08	2.02437e+08	2.02146e+08	2.06066e+08	2.16947e+08	2.04309e+08	1.47584e+08	1.46349e+08	1.47478e+08	1.9839e+08	1.87651e+08	1.78418e+08	1.25662e+08	1.3706e+08	1.22893e+08	1.15283e+08	1.27089e+08	1.2873e+08	2.00602e+08	1.94888e+08	1.64799e+08	1.68002e+08	1.67239e+08	1.87504e+08	1.80542e+08	1.99982e+08	1.20853e+08	2.03847e+08	2.02382e+08	9.08393e+07	2.22055e+08	2.19283e+08	2.04585e+08	1.69465e+08	1.70029e+08	2.18124e+08	1.80055e+08	1.73642e+08	1.89321e+08	1.85325e+08	1.98511e+08	1.8718e+08
ERR607309	2.34515e+08	2.35445e+08	2.00796e+08	2.37149e+08	2.19358e+08	2.17685e+08	2.24092e+08	2.23382e+08	2.1924e+08	2.23526e+08	2.19098e+08	2.01967e+08	2.02784e+08	2.11789e+08	2.2969e+08	2.23381e+08	1.61483e+08	2.04311e+08	1.77694e+08	1.84075e+08	2.02133e+08	2.24323e+08	2.84315e+08	2.23056e+08	2.01669e+08	1.86354e+08	2.08395e+08	2.04083e+08	2.03138e+08	2.06517e+08	2.20237e+08	2.22797e+08	2.23563e+08	1.78594e+08	2.22557e+08	1.85561e+08	1.8889e+08	1.60366e+08	1.91952e+08	1.62916e+08	1.60057e+08	1.66247e+08	1.34241e+08	1.40542e+08	1.36113e+08	1.60314e+08	1.37944e+08	1.50155e+08	1.14843e+08	1.24626e+08	1.17801e+08	1.1779e+08	1.09338e+08	1.09467e+08	1.49101e+08	1.59746e+08	1.59533e+08	1.62511e+08	1.71093e+08	1.60885e+08	1.18331e+08	1.17403e+08	1.18319e+08	1.59216e+08	1.50195e+08	1.43253e+08	9.94102e+07	1.08518e+08	9.69006e+07	9.0315e+07	1.0015e+08	1.01771e+08	1.58242e+08	1.53596e+08	1.29012e+08	1.31585e+08	1.30763e+08	1.47329e+08	1.44484e+08	1.59449e+08	9.65054e+07	1.62408e+08	1.61274e+08	7.18549e+07	1.74766e+08	1.72484e+08	1.61066e+08	1.33287e+08	1.33781e+08	1.71582e+08	1.41714e+08	1.36537e+08	1.49237e+08	1.45888e+08	1.56408e+08	1.46981e+08
ERR607306	2.91317e+08	2.92579e+08	2.48763e+08	2.9458e+08	2.72165e+08	2.70111e+08	2.78099e+08	2.77385e+08	2.72005e+08	2.77641e+08	2.72121e+08	2.50353e+08	2.51314e+08	2.63261e+08	2.85752e+08	2.78199e+08	1.9998e+08	2.53281e+08	2.17665e+08	2.25474e+08	2.49661e+08	2.77771e+08	2.23056e+08	4.04053e+08	2.50052e+08	2.30751e+08	2.58643e+08	2.52855e+08	2.51883e+08	2.56402e+08	2.72947e+08	2.75876e+08	2.76897e+08	2.20579e+08	2.75677e+08	2.29506e+08	2.34266e+08	1.98848e+08	2.37919e+08	2.02123e+08	1.98586e+08	2.06138e+08	1.67745e+08	1.75235e+08	1.69908e+08	2.00085e+08	1.72273e+08	1.87361e+08	1.43662e+08	1.55909e+08	1.47026e+08	1.47211e+08	1.36298e+08	1.36353e+08	1.87407e+08	2.00349e+08	2.00169e+08	2.0397e+08	2.14667e+08	2.02034e+08	1.46838e+08	1.45752e+08	1.46875e+08	1.97854e+08	1.86831e+08	1.7789e+08	1.24687e+08	1.36068e+08	1.21726e+08	1.13685e+08	1.2585e+08	1.27672e+08	1.9837e+08	1.92625e+08	1.62161e+08	1.65426e+08	1.6452e+08	1.84987e+08	1.80085e+08	1.99029e+08	1.20288e+08	2.0279e+08	2.01507e+08	8.99548e+07	2.19484e+08	2.1658e+08	2.02332e+08	1.67371e+08	1.6803e+08	2.15467e+08	1.78178e+08	1.7172e+08	1.87457e+08	1.83322e+08	1.96628e+08	1.84814e+08
ERR636951	3.25095e+08	3.2665e+08	2.77027e+08	3.28996e+08	3.0337e+08	3.0039e+08	3.07731e+08	3.07213e+08	3.00521e+08	3.07279e+08	3.01622e+08	2.76848e+08	2.82437e+08	2.97236e+08	3.21965e+08	3.14312e+08	2.2525e+08	2.84497e+08	1.97517e+08	2.03832e+08	2.2655e+08	2.52338e+08	2.01669e+08	2.50052e+08	4.34326e+08	2.7452e+08	3.06951e+08	3.00096e+08	2.99137e+08	3.0442e+08	2.81398e+08	2.83805e+08	2.8473e+08	2.2668e+08	2.84108e+08	2.36343e+08	2.39693e+08	2.04561e+08	2.43886e+08	2.07785e+08	2.03773e+08	2.11386e+08	1.66627e+08	1.73282e+08	1.68638e+08	1.98132e+08	1.71489e+08	1.85858e+08	1.43559e+08	1.55434e+08	1.45691e+08	1.46868e+08	1.34949e+08	1.34745e+08	1.89669e+08	2.02377e+08	2.02272e+08	2.06154e+08	2.17029e+08	2.04509e+08	1.47243e+08	1.46059e+08	1.47138e+08	1.97982e+08	1.87613e+08	1.77683e+08	1.23628e+08	1.34982e+08	1.21455e+08	1.14126e+08	1.25533e+08	1.26961e+08	2.00995e+08	1.95281e+08	1.65867e+08	1.69114e+08	1.68529e+08	1.88572e+08	1.73384e+08	1.93097e+08	1.16685e+08	1.97075e+08	1.95484e+08	8.87487e+07	2.20777e+08	2.17801e+08	2.0316e+08	1.68342e+08	1.69157e+08	2.16851e+08	1.75456e+08	1.69099e+08	1.84344e+08	1.80337e+08	1.93453e+08	1.82517e+08
ERR636949	2.99641e+08	3.00902e+08	2.5551e+08	3.03003e+08	2.79502e+08	2.76926e+08	2.83646e+08	2.83054e+08	2.77059e+08	2.83255e+08	2.77942e+08	2.5542e+08	2.60537e+08	2.73821e+08	2.96518e+08	2.89447e+08	2.07835e+08	2.62389e+08	1.82486e+08	1.88423e+08	2.09165e+08	2.32824e+08	1.86354e+08	2.30751e+08	2.7452e+08	3.78318e+08	2.82922e+08	2.76926e+08	2.75725e+08	2.80411e+08	2.5939e+08	2.61693e+08	2.62707e+08	2.09276e+08	2.6195e+08	2.18078e+08	2.21003e+08	1.88636e+08	2.24794e+08	1.91517e+08	1.87987e+08	1.94981e+08	1.53113e+08	1.59141e+08	1.55037e+08	1.82023e+08	1.57502e+08	1.70803e+08	1.31926e+08	1.42833e+08	1.34058e+08	1.34944e+08	1.24072e+08	1.24153e+08	1.73827e+08	1.85608e+08	1.85425e+08	1.88878e+08	1.99021e+08	1.87416e+08	1.35628e+08	1.34557e+08	1.35568e+08	1.82365e+08	1.72667e+08	1.63614e+08	1.13664e+08	1.24102e+08	1.11501e+08	1.04621e+08	1.15103e+08	1.16631e+08	1.84613e+08	1.79307e+08	1.52052e+08	1.55072e+08	1.54532e+08	1.7295e+08	1.59445e+08	1.77559e+08	1.07327e+08	1.81116e+08	1.79802e+08	8.15824e+07	2.02593e+08	1.99761e+08	1.86458e+08	1.54498e+08	1.5512e+08	1.98784e+08	1.60895e+08	1.55052e+08	1.69129e+08	1.65502e+08	1.77353e+08	1.67251e+08
ERR636954	3.36714e+08	3.38152e+08	2.86681e+08	3.40642e+08	3.13857e+08	3.10862e+08	3.18222e+08	3.17694e+08	3.10879e+08	3.17784e+08	3.12036e+08	2.86438e+08	2.92099e+08	3.07478e+08	3.32935e+08	3.25097e+08	2.32904e+08	2.94252e+08	2.04058e+08	2.10765e+08	2.34206e+08	2.61143e+08	2.08395e+08	2.58643e+08	3.06951e+08	2.82922e+08	4.58563e+08	3.09329e+08	3.10103e+08	3.1556e+08	2.90924e+08	2.93628e+08	2.94636e+08	2.34528e+08	2.93893e+08	2.44402e+08	2.47893e+08	2.1153e+08	2.52165e+08	2.1489e+08	2.10784e+08	2.18475e+08	1.72718e+08	1.79371e+08	1.74757e+08	2.05145e+08	1.77678e+08	1.92481e+08	1.48504e+08	1.60614e+08	1.50701e+08	1.51764e+08	1.39484e+08	1.39443e+08	1.95616e+08	2.08796e+08	2.08593e+08	2.12571e+08	2.23825e+08	2.10848e+08	1.52328e+08	1.51209e+08	1.52279e+08	2.04819e+08	1.94223e+08	1.83921e+08	1.27766e+08	1.3947e+08	1.25491e+08	1.17857e+08	1.29616e+08	1.31089e+08	2.07668e+08	2.01847e+08	1.7129e+08	1.74757e+08	1.74212e+08	1.94769e+08	1.79321e+08	1.99712e+08	1.20577e+08	2.03653e+08	2.02166e+08	9.17011e+07	2.28314e+08	2.25036e+08	2.09992e+08	1.7405e+08	1.74787e+08	2.24072e+08	1.81606e+08	1.75124e+08	1.9082e+08	1.86796e+08	2.00153e+08	1.88901e+08
ERR636950	3.27679e+08	3.29206e+08	2.79203e+08	3.3145e+08	3.05684e+08	3.03114e+08	3.10332e+08	3.09676e+08	3.03329e+08	3.09824e+08	3.039e+08	2.79155e+08	2.85058e+08	2.99332e+08	3.2456e+08	3.16583e+08	2.26973e+08	2.87136e+08	1.99631e+08	2.06461e+08	2.28836e+08	2.54919e+08	2.04083e+08	2.52855e+08	3.00096e+08	2.76926e+08	3.09329e+08	4.40954e+08	3.01306e+08	3.06796e+08	2.83451e+08	2.8661e+08	2.87501e+08	2.2849e+08	2.86442e+08	2.38012e+08	2.42196e+08	2.06021e+08	2.46477e+08	2.09341e+08	2.05354e+08	2.13431e+08	1.68026e+08	1.74947e+08	1.70134e+08	2.00161e+08	1.72903e+08	1.87552e+08	1.45125e+08	1.57108e+08	1.47699e+08	1.48486e+08	1.36791e+08	1.36717e+08	1.91271e+08	2.04251e+08	2.04097e+08	2.07984e+08	2.19017e+08	2.06285e+08	1.4908e+08	1.47904e+08	1.49097e+08	2.00791e+08	1.90108e+08	1.80191e+08	1.25323e+08	1.36897e+08	1.22787e+08	1.1499e+08	1.2689e+08	1.28501e+08	2.03144e+08	1.973e+08	1.66816e+08	1.7023e+08	1.69499e+08	1.90076e+08	1.76169e+08	1.95999e+08	1.18359e+08	1.99795e+08	1.98278e+08	8.95351e+07	2.22963e+08	2.20035e+08	2.05224e+08	1.69917e+08	1.70727e+08	2.18799e+08	1.76976e+08	1.70526e+08	1.86097e+08	1.82066e+08	1.95116e+08	1.83811e+08
ERR636953	3.27937e+08	3.29562e+08	2.79292e+08	3.31799e+08	3.05786e+08	3.02761e+08	3.09966e+08	3.09375e+08	3.02681e+08	3.09603e+08	3.0398e+08	2.79081e+08	2.84559e+08	2.99646e+08	3.24329e+08	3.16653e+08	2.27163e+08	2.86722e+08	1.98937e+08	2.05355e+08	2.28313e+08	2.54364e+08	2.03138e+08	2.51883e+08	2.99137e+08	2.75725e+08	3.10103e+08	3.01306e+08	4.38572e+08	3.07555e+08	2.83229e+08	2.85733e+08	2.86658e+08	2.28262e+08	2.86117e+08	2.38022e+08	2.41357e+08	2.06071e+08	2.45669e+08	2.09342e+08	2.05316e+08	2.12877e+08	1.67881e+08	1.74455e+08	1.70062e+08	1.99652e+08	1.72835e+08	1.8722e+08	1.44517e+08	1.56359e+08	1.46681e+08	1.47762e+08	1.35792e+08	1.35657e+08	1.90803e+08	2.03517e+08	2.03374e+08	2.07262e+08	2.18272e+08	2.05586e+08	1.48302e+08	1.47117e+08	1.48257e+08	1.99369e+08	1.88878e+08	1.78891e+08	1.24303e+08	1.35813e+08	1.2222e+08	1.14925e+08	1.26188e+08	1.27574e+08	2.02372e+08	1.96556e+08	1.66889e+08	1.70194e+08	1.69792e+08	1.89767e+08	1.74464e+08	1.94336e+08	1.17364e+08	1.9824e+08	1.96699e+08	8.93774e+07	2.22334e+08	2.19247e+08	2.04437e+08	1.69464e+08	1.70354e+08	2.18168e+08	1.76551e+08	1.70177e+08	1.85459e+08	1.8152e+08	1.945e+08	1.83671e+08
ERR636952	3.33943e+08	3.35386e+08	2.84373e+08	3.3784e+08	3.11276e+08	3.08386e+08	3.15425e+08	3.14967e+08	3.08056e+08	3.14946e+08	3.09352e+08	2.83841e+08	2.89659e+08	3.0509e+08	3.30327e+08	3.2255e+08	2.31061e+08	2.91856e+08	2.02347e+08	2.08883e+08	2.32217e+08	2.58963e+08	2.06517e+08	2.56402e+08	3.0442e+08	2.80411e+08	3.1556e+08	3.06796e+08	3.07555e+08	4.51832e+08	2.88218e+08	2.90564e+08	2.91681e+08	2.3225e+08	2.91134e+08	2.42116e+08	2.45902e+08	2.09929e+08	2.50109e+08	2.13336e+08	2.09186e+08	2.1684e+08	1.70845e+08	1.7753e+08	1.72992e+08	2.03176e+08	1.76014e+08	1.90478e+08	1.47264e+08	1.59364e+08	1.49384e+08	1.505e+08	1.38428e+08	1.38244e+08	1.94196e+08	2.07139e+08	2.06968e+08	2.10981e+08	2.22185e+08	2.09245e+08	1.50874e+08	1.49634e+08	1.50919e+08	2.02986e+08	1.92374e+08	1.82144e+08	1.26793e+08	1.38366e+08	1.24538e+08	1.17056e+08	1.28623e+08	1.30014e+08	2.06197e+08	2.00221e+08	1.70042e+08	1.73557e+08	1.72936e+08	1.93213e+08	1.77718e+08	1.97986e+08	1.19637e+08	2.02038e+08	2.00516e+08	9.10717e+07	2.26452e+08	2.23445e+08	2.0839e+08	1.72708e+08	1.73489e+08	2.22234e+08	1.8012e+08	1.73609e+08	1.89127e+08	1.85158e+08	1.98424e+08	1.87355e+08
ERR607785	3.26722e+08	3.28348e+08	2.78505e+08	3.30625e+08	3.05069e+08	3.02149e+08	3.14658e+08	3.13939e+08	3.06987e+08	3.14177e+08	3.08244e+08	2.83394e+08	2.81723e+08	2.96484e+08	3.2129e+08	3.1364e+08	2.2421e+08	2.83845e+08	2.15697e+08	2.2244e+08	2.47424e+08	2.75594e+08	2.20237e+08	2.72947e+08	2.81398e+08	2.5939e+08	2.90924e+08	2.83451e+08	2.83229e+08	2.88218e+08	4.80378e+08	3.42053e+08	3.43398e+08	2.74439e+08	3.43206e+08	2.85248e+08	2.58223e+08	2.20045e+08	2.62499e+08	2.23416e+08	2.19419e+08	2.27491e+08	1.85564e+08	1.92935e+08	1.87888e+08	2.2047e+08	1.90854e+08	2.07031e+08	1.54542e+08	1.67463e+08	1.57171e+08	1.58064e+08	1.45619e+08	1.45533e+08	2.0491e+08	2.18772e+08	2.18622e+08	2.22917e+08	2.34775e+08	2.21033e+08	1.57928e+08	1.56734e+08	1.58019e+08	2.12562e+08	2.015e+08	1.91001e+08	1.35819e+08	1.48226e+08	1.33147e+08	1.24929e+08	1.37562e+08	1.39343e+08	2.15805e+08	2.09711e+08	1.77641e+08	1.81211e+08	1.80605e+08	2.01967e+08	1.88879e+08	2.10145e+08	1.26357e+08	2.14326e+08	2.12884e+08	9.53478e+07	2.39028e+08	2.35748e+08	2.19908e+08	1.82063e+08	1.82733e+08	2.34535e+08	1.95424e+08	1.88437e+08	2.05458e+08	2.00923e+08	2.15659e+08	2.03347e+08
ERR607781	3.29851e+08	3.31179e+08	2.8111e+08	3.33537e+08	3.07877e+08	3.05292e+08	3.17787e+08	3.16838e+08	3.10207e+08	3.17308e+08	3.11109e+08	2.85898e+08	2.84779e+08	2.99066e+08	3.2459e+08	3.16644e+08	2.26267e+08	2.86967e+08	2.1795e+08	2.25072e+08	2.49975e+08	2.78264e+08	2.22797e+08	2.75876e+08	2.83805e+08	2.61693e+08	2.93628e+08	2.8661e+08	2.85733e+08	2.90564e+08	3.42053e+08	4.89473e+08	3.48171e+08	2.76181e+08	3.45696e+08	2.88434e+08	2.61016e+08	2.21681e+08	2.65276e+08	2.25089e+08	2.21055e+08	2.29417e+08	1.87294e+08	1.952e+08	1.89683e+08	2.23033e+08	1.9271e+08	2.09224e+08	1.56265e+08	1.69439e+08	1.59271e+08	1.59999e+08	1.4739e+08	1.47454e+08	2.07393e+08	2.21447e+08	2.21232e+08	2.25605e+08	2.37747e+08	2.23804e+08	1.59973e+08	1.58638e+08	1.59902e+08	2.15477e+08	2.03983e+08	1.93423e+08	1.37648e+08	1.50297e+08	1.346e+08	1.25938e+08	1.39127e+08	1.41051e+08	2.18278e+08	2.12097e+08	1.79036e+08	1.82664e+08	1.81826e+08	2.04076e+08	1.91561e+08	2.12892e+08	1.28064e+08	2.17095e+08	2.15559e+08	9.61552e+07	2.41287e+08	2.38021e+08	2.22266e+08	1.83725e+08	1.84462e+08	2.36845e+08	1.97418e+08	1.90234e+08	2.07736e+08	2.03131e+08	2.17749e+08	2.05281e+08
ERR607783	3.30783e+08	3.3231e+08	2.82046e+08	3.34713e+08	3.0887e+08	3.06331e+08	3.18788e+08	3.17812e+08	3.1122e+08	3.1829e+08	3.11956e+08	2.86835e+08	2.85677e+08	2.99943e+08	3.25591e+08	3.17368e+08	2.26878e+08	2.87705e+08	2.18717e+08	2.25864e+08	2.50852e+08	2.79374e+08	2.23563e+08	2.76897e+08	2.8473e+08	2.62707e+08	2.94636e+08	2.87501e+08	2.86658e+08	2.91681e+08	3.43398e+08	3.48171e+08	4.93367e+08	2.77315e+08	3.47066e+08	2.8957e+08	2.62143e+08	2.22689e+08	2.66319e+08	2.2606e+08	2.22123e+08	2.30521e+08	1.87959e+08	1.9592e+08	1.90442e+08	2.24049e+08	1.93428e+08	2.1003e+08	1.56862e+08	1.70175e+08	1.59947e+08	1.60583e+08	1.48117e+08	1.48136e+08	2.08046e+08	2.22383e+08	2.22296e+08	2.26585e+08	2.38654e+08	2.24632e+08	1.60581e+08	1.59323e+08	1.60569e+08	2.16362e+08	2.0491e+08	1.94543e+08	1.38227e+08	1.50959e+08	1.35333e+08	1.26471e+08	1.39739e+08	1.41732e+08	2.19228e+08	2.13039e+08	1.79772e+08	1.83565e+08	1.82629e+08	2.04876e+08	1.92664e+08	2.13915e+08	1.28621e+08	2.18148e+08	2.16607e+08	9.66764e+07	2.42416e+08	2.3922e+08	2.231e+08	1.84722e+08	1.85434e+08	2.37879e+08	1.98194e+08	1.90966e+08	2.0862e+08	2.0412e+08	2.18781e+08	2.06083e+08
