	ERR630239	ERR630238	ERR630236	ERR630237	ERR630241	ERR630240	ERR608403	ERR608401	ERR608405	ERR608404	ERR608406	ERR608402	ERR613041	ERR613042	ERR613046	ERR613045	ERR613043	ERR613044	ERR607419	ERR607416	ERR607415	ERR607417	ERR607418	ERR607420	ERR613543	ERR613542	ERR613541	ERR613540	ERR613539	ERR613544	ERR617232	ERR617231	ERR617230	ERR617229	ERR617228	ERR617227	ERR608950	ERR608951	ERR608952	ERR608954	ERR608949	ERR608953	ERR636894	ERR636891	ERR636890	ERR636893	ERR636889	ERR636892	ERR638157	ERR638156	ERR638158	ERR638155	ERR638154	ERR638153	ERR632057	ERR632055	ERR632060	ERR632059	ERR632058	ERR632056	ERR616857	ERR616858	ERR616854	ERR616855	ERR616853	ERR616856	ERR618526	ERR618525	ERR618528	ERR618527	ERR618530	ERR618529	ERR618268	ERR618269	ERR618270	ERR618271	ERR618267	ERR618272	ERR609006	ERR609007	ERR609008	ERR609004	ERR609003	ERR609005	ERR608706	ERR608703	ERR608704	ERR608702	ERR608705	ERR608701	ERR618690	ERR618687	ERR618689	ERR618688	ERR618692	ERR618691
ERR630239	0	0.803156	0.780178	0.794815	0.786052	0.77661	0.973085	1.00595	0.970389	0.973511	0.980876	0.982973	0.966098	0.97612	1.04274	1.03929	0.975762	1.04839	1.11729	1.13042	1.1329	1.13266	1.11673	1.11677	0.97802	0.977877	0.951256	0.950838	0.950855	0.979112	0.990687	0.987553	0.993042	0.970057	0.970604	0.976731	0.891629	0.885163	0.912033	0.91681	0.918373	0.914467	0.902175	0.887277	0.887769	0.903802	0.897492	0.900376	1.0637	1.06447	1.06346	1.08865	1.08028	1.08192	0.936296	0.944999	0.948891	0.948329	0.948717	0.939674	1.12742	1.12737	1.11902	1.11293	1.11789	1.12835	1.13122	1.12641	1.1326	1.13034	1.13848	1.1385	1.10022	1.09737	1.09625	1.0988	1.09741	1.09713	1.10453	1.10447	1.10392	1.10709	1.13321	1.10411	1.11975	1.11451	1.11935	1.11821	1.1196	1.14302	1.09411	1.09153	1.09552	1.09602	1.09162	1.09364
ERR630238	0.803156	0	0.801841	0.813245	0.808753	0.803786	0.997291	1.02693	0.995136	0.998014	1.00458	1.00604	0.991332	1.00024	1.06016	1.05701	1.0002	1.06539	1.13541	1.14747	1.14969	1.1494	1.135	1.13499	1.00175	1.00158	0.978132	0.97776	0.977545	1.00284	1.01308	1.00998	1.01478	0.994286	0.994926	1.0004	0.920143	0.915139	0.938312	0.9423	0.944151	0.940129	0.93004	0.917287	0.917943	0.931051	0.925912	0.928692	1.08422	1.08478	1.08397	1.1066	1.09871	1.10043	0.964019	0.971718	0.975472	0.974982	0.975593	0.967187	1.14451	1.14491	1.13679	1.13098	1.13604	1.14582	1.14801	1.14307	1.14908	1.14727	1.15471	1.15477	1.11898	1.116	1.11452	1.11703	1.11598	1.11571	1.12338	1.12297	1.12283	1.12561	1.15014	1.12297	1.13701	1.13244	1.13662	1.13551	1.13707	1.15886	1.11327	1.11075	1.11479	1.11494	1.11114	1.11288
ERR630236	0.780178	0.801841	0	0.794111	0.787964	0.780128	0.972053	1.00532	0.96926	0.972604	0.980268	0.981809	0.965669	0.975827	1.04292	1.03921	0.975352	1.04802	1.11569	1.12886	1.13137	1.13112	1.11533	1.11529	0.977205	0.97699	0.950446	0.950018	0.949627	0.978403	0.9903	0.98612	0.991591	0.968936	0.970043	0.975999	0.890328	0.884133	0.911488	0.916199	0.918123	0.913951	0.90171	0.886626	0.887329	0.903164	0.896555	0.900021	1.06231	1.06316	1.0619	1.08707	1.07881	1.08077	0.935531	0.944521	0.948574	0.948077	0.948254	0.939327	1.12581	1.126	1.11699	1.1109	1.11614	1.12702	1.12983	1.12511	1.13111	1.12911	1.13715	1.13736	1.09867	1.09545	1.09424	1.0969	1.09556	1.09532	1.10283	1.10274	1.10246	1.10548	1.13217	1.10256	1.11789	1.11274	1.11748	1.11638	1.11783	1.14182	1.0932	1.09038	1.09439	1.09492	1.09075	1.0925
ERR630237	0.794815	0.813245	0.794111	0	0.800613	0.795816	0.989741	1.0198	0.987486	0.990619	0.996758	0.998615	0.983191	0.992365	1.05423	1.05119	0.991886	1.05946	1.12974	1.14183	1.144	1.14394	1.12929	1.12915	0.994349	0.993901	0.969257	0.9689	0.968911	0.995452	1.00527	1.00311	1.00811	0.987206	0.987637	0.992716	0.910419	0.905086	0.929227	0.933571	0.934451	0.931575	0.920583	0.907425	0.908615	0.921852	0.916666	0.918926	1.0769	1.07741	1.07655	1.1003	1.09248	1.09394	0.954836	0.962193	0.965603	0.965203	0.965476	0.957873	1.13875	1.13875	1.13123	1.12544	1.13005	1.13962	1.14272	1.13796	1.14426	1.1421	1.14991	1.15004	1.11282	1.10997	1.10894	1.11118	1.10971	1.10958	1.11735	1.11691	1.11661	1.11951	1.14416	1.11702	1.13146	1.12679	1.13119	1.12991	1.13147	1.15322	1.10723	1.10448	1.10825	1.10855	1.10508	1.1066
ERR630241	0.786052	0.808753	0.787964	0.800613	0	0.787051	0.982872	1.01266	0.980353	0.983445	0.989856	0.991674	0.974709	0.983787	1.04744	1.04425	0.982964	1.05364	1.12446	1.13655	1.13882	1.13884	1.1241	1.12404	0.987591	0.987158	0.960933	0.960478	0.960309	0.988464	0.997664	0.996712	1.00179	0.980524	0.980666	0.985505	0.900398	0.895278	0.920645	0.925284	0.924734	0.922883	0.91194	0.897755	0.899303	0.912816	0.907754	0.910282	1.0709	1.0717	1.07055	1.09553	1.087	1.08869	0.945145	0.952207	0.95594	0.954816	0.95563	0.948327	1.1332	1.13323	1.12594	1.11997	1.12452	1.13428	1.13751	1.13272	1.13927	1.13659	1.14527	1.14544	1.10713	1.10453	1.10319	1.1055	1.10371	1.10372	1.1115	1.11126	1.11101	1.11393	1.13811	1.11145	1.12578	1.12127	1.12553	1.12411	1.1259	1.14715	1.10112	1.0983	1.10201	1.1022	1.09897	1.10048
ERR630240	0.77661	0.803786	0.780128	0.795816	0.787051	0	0.974001	1.00698	0.970712	0.974251	0.981687	0.983601	0.966682	0.976777	1.04361	1.04029	0.976324	1.04876	1.11716	1.13027	1.13267	1.13228	1.11663	1.11649	0.978327	0.978182	0.952154	0.951468	0.951638	0.979735	0.991667	0.987634	0.992924	0.970283	0.970963	0.977011	0.892015	0.885307	0.912205	0.916903	0.919501	0.914734	0.902216	0.887059	0.888045	0.903733	0.897256	0.900727	1.06378	1.06429	1.06306	1.0884	1.07999	1.08167	0.937	0.945886	0.949874	0.949489	0.949728	0.940854	1.1272	1.12721	1.11859	1.11247	1.11776	1.1285	1.1313	1.12611	1.13219	1.13027	1.1384	1.13848	1.10043	1.09727	1.09598	1.09879	1.09732	1.09725	1.10421	1.10393	1.1037	1.10676	1.13344	1.10389	1.11944	1.11391	1.11891	1.11795	1.11932	1.14305	1.09428	1.09153	1.09559	1.09625	1.09202	1.09363
ERR608403	0.973085	0.997291	0.972053	0.989741	0.982872	0.974001	0	0.838113	0.794356	0.796631	0.807187	0.807576	0.899409	0.910491	0.976752	0.972829	0.912655	0.98078	1.07229	1.08743	1.09044	1.08931	1.07183	1.07226	0.891375	0.890756	0.870818	0.871145	0.871073	0.892285	0.947636	0.937234	0.943179	0.921318	0.922569	0.930838	0.924949	0.918219	0.943486	0.947296	0.956154	0.945214	0.912909	0.899241	0.898069	0.914262	0.907261	0.911831	1.01915	1.01962	1.01873	1.04319	1.03512	1.03766	0.8795	0.891018	0.89637	0.895128	0.894926	0.883031	1.09136	1.09108	1.07956	1.07342	1.08032	1.09273	1.08736	1.08122	1.08676	1.08591	1.09241	1.09272	1.06464	1.06064	1.05951	1.06289	1.06278	1.06187	1.05237	1.05215	1.05212	1.05488	1.08455	1.05058	1.07972	1.07323	1.07917	1.0782	1.07948	1.10791	1.06418	1.06165	1.06552	1.06682	1.06116	1.06305
ERR608401	1.00595	1.02693	1.00532	1.0198	1.01266	1.00698	0.838113	0	0.839173	0.840836	0.845699	0.846472	0.933668	0.940616	0.994514	0.991254	0.942492	0.998667	1.10371	1.11514	1.11752	1.1175	1.10333	1.10344	0.925057	0.924136	0.907694	0.908328	0.908135	0.925435	0.974141	0.972414	0.976762	0.96005	0.9607	0.96508	0.958472	0.954256	0.974039	0.977541	0.980647	0.975962	0.946268	0.937103	0.938182	0.947549	0.943602	0.945289	1.05177	1.05211	1.05138	1.07328	1.06568	1.0675	0.914005	0.920253	0.924223	0.922996	0.922777	0.916475	1.11703	1.11714	1.10938	1.10404	1.10842	1.11815	1.11371	1.10941	1.11549	1.1132	1.12061	1.12082	1.09417	1.09141	1.09011	1.09268	1.0916	1.09132	1.08254	1.08237	1.08201	1.08374	1.10505	1.08209	1.10784	1.10328	1.10749	1.10624	1.10765	1.12896	1.09311	1.0907	1.09386	1.09464	1.09133	1.09195
ERR608405	0.970389	0.995136	0.96926	0.987486	0.980353	0.970712	0.794356	0.839173	0	0.790418	0.801215	0.807165	0.898243	0.909804	0.977494	0.973274	0.912205	0.981721	1.07033	1.08597	1.08885	1.08785	1.07026	1.07025	0.889896	0.889587	0.869189	0.869372	0.869415	0.890663	0.946077	0.934959	0.940327	0.917958	0.919355	0.928453	0.922179	0.915481	0.94084	0.944615	0.954198	0.942623	0.910264	0.896509	0.894861	0.911063	0.90466	0.908886	1.01582	1.01646	1.01567	1.04056	1.03208	1.03449	0.876461	0.888599	0.893998	0.892728	0.892241	0.880336	1.09018	1.09007	1.07815	1.07195	1.07899	1.09176	1.08622	1.07964	1.08503	1.08442	1.09093	1.09074	1.06279	1.05902	1.05753	1.06121	1.06111	1.06024	1.05066	1.05033	1.05029	1.05297	1.08342	1.04867	1.07792	1.07141	1.07709	1.07631	1.07781	1.1067	1.06213	1.06013	1.06385	1.06541	1.05966	1.0611
ERR608404	0.973511	0.998014	0.972604	0.990619	0.983445	0.974251	0.796631	0.840836	0.790418	0	0.803373	0.809353	0.900748	0.912189	0.978782	0.974565	0.914157	0.982401	1.07206	1.08745	1.09069	1.08956	1.07185	1.07188	0.891492	0.890946	0.871426	0.871424	0.871706	0.892491	0.94801	0.936926	0.941887	0.919997	0.921133	0.930618	0.925162	0.917949	0.94309	0.947019	0.957019	0.944937	0.912771	0.899714	0.897395	0.913617	0.906803	0.911801	1.01866	1.01908	1.01817	1.04267	1.03448	1.03674	0.879574	0.892209	0.897116	0.896109	0.895982	0.883841	1.09165	1.09153	1.07971	1.0736	1.08063	1.09318	1.08735	1.08098	1.08621	1.08596	1.09203	1.09202	1.06487	1.06092	1.05951	1.06337	1.06327	1.0623	1.05211	1.05178	1.05205	1.05465	1.08522	1.05015	1.07949	1.07313	1.07893	1.07793	1.07944	1.10853	1.06394	1.06202	1.06544	1.06693	1.06131	1.06288
ERR608406	0.980876	1.00458	0.980268	0.996758	0.989856	0.981687	0.807187	0.845699	0.801215	0.803373	0	0.818017	0.9077	0.917698	0.980133	0.976549	0.919954	0.984332	1.0814	1.09538	1.09817	1.09729	1.08137	1.08113	0.898461	0.897714	0.878925	0.879244	0.879262	0.898931	0.953997	0.945564	0.950975	0.930347	0.931366	0.938525	0.933235	0.92693	0.95052	0.954043	0.962191	0.95226	0.920559	0.908211	0.907323	0.92126	0.915842	0.919328	1.02752	1.0281	1.02703	1.05096	1.04281	1.04494	0.88755	0.897736	0.902547	0.901641	0.901216	0.890939	1.09848	1.09834	1.08818	1.08197	1.08862	1.09984	1.09522	1.08916	1.09472	1.09357	1.10032	1.10049	1.07324	1.06922	1.06806	1.07136	1.07107	1.07021	1.0607	1.06041	1.06051	1.06309	1.09042	1.05945	1.08739	1.08161	1.08692	1.08602	1.08716	1.11388	1.07204	1.06985	1.07366	1.07483	1.06954	1.07114
ERR608402	0.982973	1.00604	0.981809	0.998615	0.991674	0.983601	0.807576	0.846472	0.807165	0.809353	0.818017	0	0.9107	0.920491	0.983416	0.97964	0.922441	0.987103	1.08193	1.0962	1.09886	1.09819	1.08194	1.08192	0.901285	0.900952	0.882464	0.882682	0.882612	0.902188	0.955467	0.946464	0.951958	0.931646	0.932667	0.940103	0.934073	0.928168	0.951735	0.95574	0.963346	0.953744	0.921386	0.909655	0.908598	0.922659	0.916773	0.92078	1.02868	1.02908	1.02808	1.05181	1.04349	1.04625	0.889398	0.899856	0.904465	0.903192	0.902994	0.89269	1.09992	1.09955	1.08881	1.08303	1.08922	1.10083	1.09592	1.09001	1.09568	1.09451	1.10135	1.10122	1.07367	1.07012	1.06893	1.07203	1.07178	1.07087	1.0611	1.06097	1.06098	1.06326	1.09066	1.05982	1.08823	1.08248	1.08788	1.08677	1.08823	1.11478	1.07273	1.07079	1.0742	1.07535	1.07025	1.07172
ERR613041	0.966098	0.991332	0.965669	0.983191	0.974709	0.966682	0.899409	0.933668	0.898243	0.900748	0.9077	0.9107	0	0.768817	0.842111	0.837949	0.769386	0.846146	1.08025	1.09411	1.09686	1.09638	1.08007	1.07988	0.883328	0.883421	0.8655	0.865057	0.865392	0.883872	0.983166	0.974352	0.980628	0.958024	0.959059	0.966967	0.924812	0.918032	0.944431	0.948732	0.953396	0.946126	0.914811	0.899258	0.899118	0.916223	0.910082	0.913212	1.03927	1.04	1.03864	1.06458	1.05597	1.05813	0.907338	0.917057	0.922592	0.921754	0.921955	0.911391	1.09652	1.09677	1.08669	1.08053	1.0867	1.09777	1.08896	1.08334	1.08938	1.08696	1.09469	1.0952	1.06678	1.06323	1.06161	1.06502	1.06434	1.0633	1.06402	1.06404	1.06393	1.06637	1.09319	1.06294	1.0846	1.07932	1.08396	1.08319	1.08475	1.10923	1.05869	1.05635	1.06009	1.06086	1.05623	1.05777
ERR613042	0.97612	1.00024	0.975827	0.992365	0.983787	0.976777	0.910491	0.940616	0.909804	0.912189	0.917698	0.920491	0.768817	0	0.842322	0.838197	0.777265	0.846478	1.09105	1.10334	1.10615	1.10541	1.09085	1.09086	0.891958	0.892191	0.875741	0.875394	0.875633	0.892594	0.992669	0.987089	0.992764	0.971655	0.972337	0.978552	0.935449	0.929899	0.95412	0.958289	0.961107	0.955822	0.924406	0.910477	0.911151	0.926212	0.9208	0.923077	1.04973	1.05064	1.04943	1.07454	1.06599	1.06803	0.918994	0.926802	0.932382	0.930929	0.93156	0.922723	1.10506	1.1052	1.09666	1.09084	1.09589	1.10632	1.09782	1.09302	1.09946	1.09649	1.1048	1.10535	1.07693	1.07363	1.07234	1.07519	1.07397	1.07359	1.07403	1.07406	1.0738	1.07612	1.10049	1.07376	1.09442	1.08991	1.09418	1.09293	1.09467	1.11669	1.06804	1.06554	1.06955	1.06964	1.06604	1.06698
ERR613046	1.04274	1.06016	1.04292	1.05423	1.04744	1.04361	0.976752	0.994514	0.977494	0.978782	0.980133	0.983416	0.842111	0.842322	0	0.858682	0.841792	0.86208	1.14517	1.15379	1.15569	1.15587	1.14487	1.14498	0.942268	0.942229	0.938328	0.938261	0.938474	0.94207	1.05452	1.05296	1.05671	1.04224	1.0423	1.04662	1.00563	1.00199	1.01853	1.02126	1.02201	1.01929	0.988458	0.980025	0.981414	0.989749	0.98763	0.987572	1.11066	1.11119	1.11019	1.12948	1.12282	1.12407	0.997693	1.00217	1.00542	1.00464	1.00504	0.999903	1.1555	1.15574	1.1496	1.1453	1.14881	1.15622	1.14591	1.14215	1.14796	1.14457	1.15167	1.15267	1.13082	1.12847	1.12765	1.1295	1.12862	1.12807	1.12876	1.12868	1.1285	1.12994	1.14588	1.12883	1.14571	1.14269	1.14548	1.1445	1.14592	1.16118	1.12427	1.12296	1.12518	1.1254	1.12269	1.12362
ERR613045	1.03929	1.05701	1.03921	1.05119	1.04425	1.04029	0.972829	0.991254	0.973274	0.974565	0.976549	0.97964	0.837949	0.838197	0.858682	0	0.838135	0.860244	1.14234	1.15156	1.15344	1.15356	1.14238	1.14231	0.939204	0.93862	0.935023	0.934634	0.934883	0.938753	1.05151	1.04966	1.05327	1.03835	1.03882	1.0428	1.00185	0.998349	1.0149	1.01772	1.01906	1.01606	0.98518	0.976717	0.978062	0.986637	0.983955	0.984475	1.1073	1.10808	1.10732	1.12655	1.12031	1.12134	0.992798	0.997811	1.00151	1.00041	1.001	0.995212	1.15259	1.15299	1.14657	1.14223	1.14584	1.1535	1.14405	1.1401	1.14575	1.14245	1.14959	1.15042	1.1283	1.12597	1.12533	1.12708	1.12595	1.12577	1.12574	1.12585	1.12547	1.12686	1.14369	1.12584	1.14348	1.14036	1.14318	1.14228	1.14378	1.15928	1.12154	1.12009	1.12232	1.12281	1.11991	1.12073
ERR613043	0.975762	1.0002	0.975352	0.991886	0.982964	0.976324	0.912655	0.942492	0.912205	0.914157	0.919954	0.922441	0.769386	0.777265	0.841792	0.838135	0	0.846104	1.09183	1.10424	1.10651	1.10612	1.09125	1.09155	0.892708	0.8927	0.876533	0.87607	0.875952	0.892791	0.99192	0.986835	0.992483	0.971579	0.972553	0.978756	0.935066	0.92932	0.953581	0.957741	0.96025	0.955229	0.924653	0.91047	0.911138	0.926015	0.921011	0.922954	1.05039	1.05113	1.04989	1.0752	1.06692	1.06898	0.919959	0.927787	0.93257	0.931533	0.932137	0.923105	1.10525	1.10524	1.097	1.0912	1.09628	1.10633	1.0984	1.09351	1.09993	1.09694	1.10517	1.10603	1.07674	1.07343	1.0726	1.07547	1.07391	1.07373	1.0747	1.07456	1.07435	1.07669	1.1007	1.07424	1.09475	1.09016	1.09426	1.09309	1.09461	1.11665	1.0687	1.06633	1.06972	1.07009	1.06648	1.06763
ERR613044	1.04839	1.06539	1.04802	1.05946	1.05364	1.04876	0.98078	0.998667	0.981721	0.982401	0.984332	0.987103	0.846146	0.846478	0.86208	0.860244	0.846104	0	1.14881	1.15756	1.15921	1.1592	1.14849	1.14856	0.945323	0.945078	0.942645	0.942689	0.942804	0.945013	1.05943	1.05674	1.06077	1.04642	1.04679	1.05107	1.01122	1.00749	1.02323	1.0255	1.02738	1.02427	0.992654	0.984506	0.985752	0.994377	0.991729	0.992124	1.11445	1.11486	1.11426	1.13228	1.12638	1.12749	1.0034	1.0081	1.01175	1.01065	1.01097	1.00522	1.15907	1.15936	1.15323	1.1492	1.15265	1.16016	1.14929	1.14548	1.15096	1.14776	1.15443	1.15528	1.13426	1.13206	1.13124	1.13302	1.13251	1.13168	1.1321	1.13195	1.13202	1.13324	1.14907	1.13212	1.14921	1.14604	1.14916	1.14803	1.1493	1.16443	1.128	1.12673	1.12892	1.12932	1.12655	1.12737
ERR607419	1.11729	1.13541	1.11569	1.12974	1.12446	1.11716	1.07229	1.10371	1.07033	1.07206	1.0814	1.08193	1.08025	1.09105	1.14517	1.14234	1.09183	1.14881	0	0.744955	0.750107	0.748309	0.708627	0.709966	1.07392	1.07469	1.05089	1.05156	1.05112	1.07521	1.09366	1.08277	1.08717	1.06985	1.07027	1.07787	1.09321	1.08661	1.10919	1.11156	1.11762	1.10982	1.09616	1.0802	1.07842	1.09669	1.09008	1.09468	0.884775	0.884601	0.884289	0.915893	0.905543	0.908648	1.06768	1.07918	1.08382	1.08333	1.08337	1.07268	0.880338	0.878771	0.862537	0.853246	0.864156	0.88166	0.890834	0.882165	0.888861	0.888963	0.897566	0.898497	0.903957	0.897461	0.894351	0.90029	0.901817	0.899671	0.852244	0.853739	0.852686	0.858909	0.909668	0.850304	0.868019	0.858176	0.867494	0.86668	0.867775	0.913804	0.915143	0.9127	0.918237	0.919533	0.911825	0.915766
ERR607416	1.13042	1.14747	1.12886	1.14183	1.13655	1.13027	1.08743	1.11514	1.08597	1.08745	1.09538	1.0962	1.09411	1.10334	1.15379	1.15156	1.10424	1.15756	0.744955	0	0.770393	0.769981	0.743476	0.74568	1.08772	1.08831	1.06606	1.06647	1.06618	1.08913	1.10535	1.0968	1.10109	1.08517	1.0855	1.09169	1.10666	1.10078	1.12168	1.12393	1.12859	1.12239	1.10922	1.09478	1.09359	1.10996	1.10395	1.10771	0.90531	0.905015	0.904557	0.932166	0.923102	0.925922	1.08235	1.09242	1.09654	1.09601	1.09601	1.08671	0.900649	0.899734	0.886957	0.878641	0.887383	0.90211	0.907051	0.900637	0.907437	0.906062	0.915005	0.915638	0.921744	0.916246	0.913257	0.918059	0.919139	0.917081	0.877953	0.879137	0.878518	0.88357	0.927238	0.876891	0.888247	0.880452	0.887586	0.886325	0.887951	0.926037	0.934646	0.932217	0.937166	0.938068	0.931403	0.935269
ERR607415	1.1329	1.14969	1.13137	1.144	1.13882	1.13267	1.09044	1.11752	1.08885	1.09069	1.09817	1.09886	1.09686	1.10615	1.15569	1.15344	1.10651	1.15921	0.750107	0.770393	0	0.773362	0.748674	0.75033	1.09075	1.0917	1.06929	1.06979	1.06936	1.09201	1.10705	1.09978	1.10379	1.08813	1.08851	1.09435	1.10913	1.10382	1.12435	1.12663	1.13056	1.12492	1.11193	1.09724	1.0968	1.11267	1.10675	1.11082	0.908067	0.907963	0.907813	0.935321	0.926187	0.928563	1.08514	1.09463	1.09868	1.09805	1.0981	1.08937	0.903199	0.901895	0.889974	0.881919	0.890283	0.904092	0.909902	0.903568	0.910724	0.90951	0.918635	0.919108	0.924763	0.91916	0.916266	0.921294	0.921564	0.920067	0.881086	0.882768	0.881759	0.886662	0.929089	0.880546	0.891025	0.883597	0.89065	0.889302	0.891072	0.92761	0.937551	0.935114	0.939526	0.940323	0.934718	0.937861
ERR607417	1.13266	1.1494	1.13112	1.14394	1.13884	1.13228	1.08931	1.1175	1.08785	1.08956	1.09729	1.09819	1.09638	1.10541	1.15587	1.15356	1.10612	1.1592	0.748309	0.769981	0.773362	0	0.746893	0.748565	1.0896	1.09028	1.06828	1.06855	1.06818	1.09088	1.10734	1.09874	1.10292	1.08709	1.08761	1.09402	1.109	1.10315	1.124	1.12605	1.13107	1.12468	1.11146	1.09687	1.09579	1.11215	1.1059	1.1101	0.907949	0.907924	0.907646	0.93466	0.926008	0.92854	1.08437	1.09471	1.09879	1.09817	1.09819	1.08888	0.903578	0.902552	0.889195	0.881381	0.890402	0.904691	0.90966	0.903039	0.909826	0.908563	0.917339	0.918146	0.923771	0.917841	0.915338	0.920461	0.921075	0.919495	0.881346	0.882369	0.88139	0.886574	0.9307	0.880049	0.890914	0.883122	0.890345	0.889342	0.890625	0.929015	0.936736	0.934493	0.938969	0.940002	0.933826	0.937443
ERR607418	1.11673	1.135	1.11533	1.12929	1.1241	1.11663	1.07183	1.10333	1.07026	1.07185	1.08137	1.08194	1.08007	1.09085	1.14487	1.14238	1.09125	1.14849	0.708627	0.743476	0.748674	0.746893	0	0.708624	1.07351	1.07455	1.05071	1.05136	1.05078	1.07511	1.09333	1.08263	1.08706	1.06974	1.0699	1.07781	1.09285	1.0865	1.10902	1.11102	1.11709	1.10958	1.09586	1.08	1.07847	1.09652	1.08981	1.09462	0.88373	0.883776	0.88328	0.915081	0.904788	0.907862	1.06748	1.07888	1.08331	1.08297	1.08294	1.07257	0.879624	0.878644	0.862276	0.852982	0.863843	0.8813	0.890115	0.881109	0.888428	0.887827	0.896699	0.897634	0.903199	0.896433	0.893034	0.899392	0.90052	0.898194	0.850907	0.852493	0.851294	0.857417	0.908398	0.848791	0.867494	0.857731	0.867295	0.865667	0.867169	0.912919	0.914721	0.912348	0.917505	0.919262	0.91074	0.915136
ERR607420	1.11677	1.13499	1.11529	1.12915	1.12404	1.11649	1.07226	1.10344	1.07025	1.07188	1.08113	1.08192	1.07988	1.09086	1.14498	1.14231	1.09155	1.14856	0.709966	0.74568	0.75033	0.748565	0.708624	0	1.07352	1.07436	1.0506	1.05103	1.05067	1.07471	1.09325	1.08251	1.08689	1.06974	1.06994	1.07755	1.0928	1.08649	1.10892	1.11126	1.11724	1.10958	1.09601	1.07989	1.07837	1.09654	1.08995	1.09435	0.883527	0.883486	0.883091	0.914483	0.904443	0.907525	1.06729	1.07873	1.08326	1.08298	1.083	1.07226	0.880118	0.87871	0.862274	0.853324	0.864386	0.881744	0.890661	0.882048	0.888752	0.889009	0.897964	0.89814	0.903207	0.896748	0.893865	0.899846	0.900986	0.898941	0.851836	0.853209	0.852459	0.858513	0.909317	0.850083	0.86837	0.858184	0.867185	0.866212	0.867506	0.913447	0.914216	0.911893	0.917279	0.918574	0.910252	0.914702
ERR613543	0.97802	1.00175	0.977205	0.994349	0.987591	0.978327	0.891375	0.925057	0.889896	0.891492	0.898461	0.901285	0.883328	0.891958	0.942268	0.939204	0.892708	0.945323	1.07392	1.08772	1.09075	1.0896	1.07351	1.07352	0	0.777959	0.763303	0.76326	0.762965	0.778776	0.97642	0.967165	0.971784	0.952337	0.953401	0.96114	0.941913	0.93545	0.958697	0.962166	0.971708	0.960624	0.925763	0.912097	0.910706	0.926764	0.92049	0.924214	1.02105	1.02163	1.02052	1.0441	1.03615	1.03829	0.911056	0.922568	0.926698	0.92596	0.925753	0.914462	1.08588	1.08558	1.07459	1.06873	1.07563	1.08715	1.08653	1.08058	1.08548	1.08444	1.0907	1.09144	1.05733	1.05401	1.05283	1.05604	1.05612	1.05474	1.05305	1.05273	1.05284	1.05556	1.08405	1.05185	1.07492	1.06928	1.07452	1.07382	1.07467	1.10127	1.04725	1.04637	1.04974	1.05101	1.04494	1.04642
ERR613542	0.977877	1.00158	0.97699	0.993901	0.987158	0.978182	0.890756	0.924136	0.889587	0.890946	0.897714	0.900952	0.883421	0.892191	0.942229	0.93862	0.8927	0.945078	1.07469	1.08831	1.0917	1.09028	1.07455	1.07436	0.777959	0	0.763422	0.763882	0.763473	0.779483	0.976493	0.96707	0.972246	0.952707	0.953776	0.961268	0.941829	0.934974	0.958731	0.962459	0.971214	0.960859	0.924982	0.911459	0.910381	0.926129	0.919648	0.92337	1.02101	1.02145	1.02039	1.04407	1.03621	1.03826	0.910724	0.921895	0.926218	0.925171	0.925173	0.913919	1.08668	1.08651	1.07571	1.06985	1.07649	1.08788	1.08719	1.08129	1.08667	1.08518	1.09154	1.09235	1.05812	1.05469	1.05356	1.05685	1.05664	1.05541	1.05421	1.05376	1.0539	1.05672	1.08492	1.0528	1.07563	1.06992	1.07506	1.07455	1.07554	1.10188	1.04832	1.04685	1.05033	1.05153	1.04574	1.04752
ERR613541	0.951256	0.978132	0.950446	0.969257	0.960933	0.952154	0.870818	0.907694	0.869189	0.871426	0.878925	0.882464	0.8655	0.875741	0.938328	0.935023	0.876533	0.942645	1.05089	1.06606	1.06929	1.06828	1.05071	1.0506	0.763303	0.763422	0	0.732884	0.732822	0.764615	0.953473	0.945291	0.951133	0.92819	0.929158	0.937028	0.914969	0.907569	0.934838	0.938971	0.946444	0.936934	0.902765	0.886465	0.885907	0.904212	0.897209	0.901394	0.996084	0.996734	0.995269	1.02356	1.01426	1.01673	0.882883	0.894431	0.899531	0.898572	0.898258	0.886801	1.06265	1.06247	1.05172	1.04467	1.05166	1.064	1.06604	1.05993	1.06634	1.06444	1.07229	1.07315	1.03455	1.03104	1.02976	1.03314	1.03243	1.03167	1.02965	1.02954	1.02939	1.03279	1.0634	1.029	1.05253	1.04632	1.0519	1.05088	1.0521	1.08038	1.02417	1.02229	1.02629	1.0276	1.02186	1.02348
ERR613540	0.950838	0.97776	0.950018	0.9689	0.960478	0.951468	0.871145	0.908328	0.869372	0.871424	0.879244	0.882682	0.865057	0.875394	0.938261	0.934634	0.87607	0.942689	1.05156	1.06647	1.06979	1.06855	1.05136	1.05103	0.76326	0.763882	0.732884	0	0.733011	0.764888	0.953679	0.945643	0.951524	0.928474	0.929661	0.937328	0.914686	0.907047	0.934252	0.938699	0.945728	0.936564	0.902303	0.886147	0.885312	0.903836	0.896534	0.90076	0.996163	0.996986	0.995793	1.02346	1.01436	1.01661	0.882774	0.894234	0.899499	0.898637	0.898355	0.886828	1.063	1.06295	1.05225	1.04535	1.05225	1.06459	1.06648	1.06021	1.0667	1.0648	1.07274	1.07348	1.03501	1.03134	1.02985	1.03332	1.03271	1.03186	1.0306	1.03041	1.03037	1.03356	1.06403	1.02989	1.05311	1.04687	1.05271	1.05158	1.05297	1.081	1.02449	1.02211	1.02673	1.02774	1.0218	1.02366
ERR613539	0.950855	0.977545	0.949627	0.968911	0.960309	0.951638	0.871073	0.908135	0.869415	0.871706	0.879262	0.882612	0.865392	0.875633	0.938474	0.934883	0.875952	0.942804	1.05112	1.06618	1.06936	1.06818	1.05078	1.05067	0.762965	0.763473	0.732822	0.733011	0	0.764892	0.952735	0.945012	0.95104	0.92811	0.928663	0.936475	0.914417	0.907363	0.934619	0.938743	0.94581	0.936766	0.902471	0.886049	0.885599	0.90382	0.896706	0.900702	0.996263	0.99691	0.995894	1.02357	1.01457	1.01704	0.882375	0.894182	0.898851	0.898095	0.897571	0.886687	1.0625	1.06249	1.05199	1.04483	1.05185	1.06425	1.06611	1.06006	1.06639	1.06468	1.07283	1.073	1.03454	1.03114	1.02977	1.03308	1.03249	1.0315	1.03007	1.02974	1.02957	1.03286	1.06327	1.02922	1.05247	1.04636	1.05207	1.05091	1.05231	1.08029	1.0241	1.02202	1.02645	1.02736	1.02185	1.02328
ERR613544	0.979112	1.00284	0.978403	0.995452	0.988464	0.979735	0.892285	0.925435	0.890663	0.892491	0.898931	0.902188	0.883872	0.892594	0.94207	0.938753	0.892791	0.945013	1.07521	1.08913	1.09201	1.09088	1.07511	1.07471	0.778776	0.779483	0.764615	0.764888	0.764892	0	0.977043	0.967613	0.973082	0.953204	0.954418	0.961837	0.942863	0.936082	0.959419	0.963205	0.972163	0.961496	0.925934	0.912605	0.911362	0.927433	0.920814	0.924531	1.02183	1.02229	1.02141	1.0448	1.03697	1.03908	0.912241	0.923924	0.927816	0.926684	0.926872	0.915534	1.08701	1.08679	1.07622	1.07036	1.07709	1.08822	1.08732	1.08147	1.08668	1.0855	1.0918	1.0924	1.05827	1.05504	1.05372	1.05719	1.05719	1.05585	1.05431	1.05413	1.05407	1.05689	1.08487	1.05294	1.07621	1.07027	1.07579	1.07513	1.0759	1.10234	1.04902	1.04726	1.05103	1.05238	1.0465	1.04799
ERR617232	0.990687	1.01308	0.9903	1.00527	0.997664	0.991667	0.947636	0.974141	0.946077	0.94801	0.953997	0.955467	0.983166	0.992669	1.05452	1.05151	0.99192	1.05943	1.09366	1.10535	1.10705	1.10734	1.09333	1.09325	0.97642	0.976493	0.953473	0.953679	0.952735	0.977043	0	0.857089	0.862123	0.842345	0.842938	0.84689	0.927573	0.923424	0.943929	0.947137	0.949635	0.945211	0.950129	0.935895	0.937222	0.950732	0.945416	0.948938	1.04553	1.04594	1.04513	1.0676	1.06057	1.06239	0.89811	0.906222	0.909063	0.908877	0.907717	0.902167	1.10481	1.105	1.09852	1.09235	1.09702	1.10578	1.10262	1.09837	1.10463	1.1021	1.10972	1.10986	1.08448	1.08175	1.08032	1.08283	1.08115	1.08117	1.0741	1.07433	1.07386	1.07632	1.09944	1.07449	1.09888	1.0949	1.09875	1.09749	1.09902	1.11927	1.08297	1.08102	1.08378	1.08456	1.081	1.08212
ERR617231	0.987553	1.00998	0.98612	1.00311	0.996712	0.987634	0.937234	0.972414	0.934959	0.936926	0.945564	0.946464	0.974352	0.987089	1.05296	1.04966	0.986835	1.05674	1.08277	1.0968	1.09978	1.09874	1.08263	1.08251	0.967165	0.96707	0.945291	0.945643	0.945012	0.967613	0.857089	0	0.847697	0.826046	0.827273	0.837152	0.922389	0.915275	0.937927	0.941824	0.952177	0.940066	0.942548	0.926866	0.924877	0.943313	0.935916	0.94125	1.03724	1.03747	1.03694	1.0577	1.051	1.05324	0.892605	0.905405	0.909947	0.910152	0.909206	0.896954	1.10004	1.10006	1.0888	1.08334	1.08982	1.10135	1.09499	1.08899	1.09358	1.09364	1.09883	1.09905	1.07619	1.07268	1.0714	1.0747	1.07439	1.07351	1.06428	1.06396	1.0641	1.06674	1.0959	1.0627	1.09106	1.08546	1.09028	1.08991	1.09088	1.11679	1.07492	1.07345	1.07644	1.078	1.07248	1.07415
ERR617230	0.993042	1.01478	0.991591	1.00811	1.00179	0.992924	0.943179	0.976762	0.940327	0.941887	0.950975	0.951958	0.980628	0.992764	1.05671	1.05327	0.992483	1.06077	1.08717	1.10109	1.10379	1.10292	1.08706	1.08689	0.971784	0.972246	0.951133	0.951524	0.95104	0.973082	0.862123	0.847697	0	0.832161	0.83329	0.842941	0.927783	0.920908	0.943041	0.946679	0.957133	0.944416	0.948948	0.933791	0.931754	0.949344	0.942123	0.947618	1.04313	1.0429	1.04241	1.06311	1.05618	1.05862	0.898591	0.911449	0.915748	0.915921	0.914825	0.903103	1.10429	1.10401	1.09326	1.0879	1.09372	1.1053	1.09934	1.09388	1.09788	1.09781	1.10303	1.10306	1.08064	1.07724	1.07588	1.07891	1.07884	1.07819	1.06886	1.06908	1.06888	1.07166	1.10021	1.06787	1.09543	1.09016	1.09503	1.09409	1.09524	1.12056	1.07956	1.07826	1.08113	1.08297	1.07726	1.0789
ERR617229	0.970057	0.994286	0.968936	0.987206	0.980524	0.970283	0.921318	0.96005	0.917958	0.919997	0.930347	0.931646	0.958024	0.971655	1.04224	1.03835	0.971579	1.04642	1.06985	1.08517	1.08813	1.08709	1.06974	1.06974	0.952337	0.952707	0.92819	0.928474	0.92811	0.953204	0.842345	0.826046	0.832161	0	0.803706	0.816081	0.905065	0.897437	0.922259	0.926434	0.937332	0.923995	0.926317	0.908347	0.906066	0.92679	0.918164	0.924723	1.02282	1.02286	1.02219	1.04543	1.03772	1.04054	0.873478	0.88812	0.892664	0.89264	0.89194	0.878727	1.08809	1.08803	1.07617	1.07022	1.07724	1.08942	1.08356	1.07748	1.08226	1.08232	1.08777	1.0878	1.06335	1.05953	1.05829	1.06212	1.06184	1.0608	1.05156	1.05168	1.05146	1.05453	1.08618	1.04983	1.07941	1.07333	1.07886	1.07809	1.07919	1.10736	1.06266	1.06062	1.06423	1.06602	1.05975	1.0618
ERR617228	0.970604	0.994926	0.970043	0.987637	0.980666	0.970963	0.922569	0.9607	0.919355	0.921133	0.931366	0.932667	0.959059	0.972337	1.0423	1.03882	0.972553	1.04679	1.07027	1.0855	1.08851	1.08761	1.0699	1.06994	0.953401	0.953776	0.929158	0.929661	0.928663	0.954418	0.842938	0.827273	0.83329	0.803706	0	0.817348	0.905687	0.898164	0.922833	0.92679	0.937129	0.924737	0.927707	0.909626	0.907587	0.927871	0.919649	0.925867	1.0235	1.02353	1.02297	1.04602	1.03837	1.04099	0.874353	0.888322	0.893068	0.893391	0.892288	0.879521	1.08835	1.08844	1.07688	1.071	1.07777	1.08976	1.08406	1.07808	1.08255	1.08286	1.08843	1.08839	1.06394	1.0604	1.05896	1.0626	1.06225	1.06159	1.05207	1.05176	1.05196	1.0549	1.08605	1.05063	1.07959	1.07341	1.07882	1.07813	1.07933	1.10697	1.06273	1.06118	1.06426	1.06603	1.05982	1.06181
ERR617227	0.976731	1.0004	0.975999	0.992716	0.985505	0.977011	0.930838	0.96508	0.928453	0.930618	0.938525	0.940103	0.966967	0.978552	1.04662	1.0428	0.978756	1.05107	1.07787	1.09169	1.09435	1.09402	1.07781	1.07755	0.96114	0.961268	0.937028	0.937328	0.936475	0.961837	0.84689	0.837152	0.842941	0.816081	0.817348	0	0.911947	0.905668	0.928909	0.932971	0.940402	0.931099	0.934603	0.918461	0.917809	0.935254	0.928101	0.933554	1.03098	1.03124	1.03048	1.05352	1.04594	1.0481	0.881337	0.892721	0.897015	0.897081	0.895935	0.885961	1.09326	1.09327	1.08364	1.07761	1.08338	1.09437	1.09005	1.08461	1.09004	1.089	1.09567	1.09588	1.07065	1.0671	1.06578	1.06898	1.06798	1.06773	1.05895	1.05864	1.05863	1.06155	1.08976	1.05813	1.08565	1.08047	1.08543	1.08439	1.08572	1.11076	1.06882	1.06708	1.07025	1.07156	1.06671	1.0682
ERR608950	0.891629	0.920143	0.890328	0.910419	0.900398	0.892015	0.924949	0.958472	0.922179	0.925162	0.933235	0.934073	0.924812	0.935449	1.00563	1.00185	0.935066	1.01122	1.09321	1.10666	1.10913	1.109	1.09285	1.0928	0.941913	0.941829	0.914969	0.914686	0.914417	0.942863	0.927573	0.922389	0.927783	0.905065	0.905687	0.911947	0	0.770873	0.804145	0.80963	0.81199	0.806688	0.85627	0.840623	0.841679	0.857177	0.850856	0.854624	1.03041	1.03103	1.03006	1.05672	1.04774	1.04981	0.871651	0.880857	0.886416	0.885599	0.885149	0.875385	1.10496	1.10501	1.0959	1.08953	1.09498	1.10628	1.10563	1.10053	1.10671	1.1048	1.11318	1.11315	1.07848	1.07516	1.07404	1.07693	1.07541	1.07512	1.07078	1.07063	1.07055	1.07324	1.09855	1.07044	1.09664	1.09124	1.09606	1.09492	1.09653	1.12057	1.0693	1.06659	1.07035	1.07108	1.06691	1.06843
ERR608951	0.885163	0.915139	0.884133	0.905086	0.895278	0.885307	0.918219	0.954256	0.915481	0.917949	0.92693	0.928168	0.918032	0.929899	1.00199	0.998349	0.92932	1.00749	1.08661	1.10078	1.10382	1.10315	1.0865	1.08649	0.93545	0.934974	0.907569	0.907047	0.907363	0.936082	0.923424	0.915275	0.920908	0.897437	0.898164	0.905668	0.770873	0	0.798069	0.803602	0.808079	0.800604	0.849256	0.832491	0.832181	0.850645	0.84321	0.847741	1.02467	1.0255	1.02425	1.05123	1.04205	1.04466	0.865577	0.876235	0.882086	0.881438	0.881123	0.869426	1.09989	1.10008	1.08973	1.08341	1.08913	1.10134	1.10007	1.09436	1.10064	1.09898	1.10705	1.10707	1.07239	1.06904	1.06761	1.07079	1.06957	1.06922	1.06464	1.06439	1.06434	1.06726	1.09451	1.06403	1.0908	1.08531	1.09059	1.08937	1.09084	1.11684	1.06327	1.06071	1.06443	1.06582	1.06063	1.06248
ERR608952	0.912033	0.938312	0.911488	0.929227	0.920645	0.912205	0.943486	0.974039	0.94084	0.94309	0.95052	0.951735	0.944431	0.95412	1.01853	1.0149	0.953581	1.02323	1.10919	1.12168	1.12435	1.124	1.10902	1.10892	0.958697	0.958731	0.934838	0.934252	0.934619	0.959419	0.943929	0.937927	0.943041	0.922259	0.922833	0.928909	0.804145	0.798069	0	0.823717	0.833152	0.821291	0.876179	0.863074	0.863358	0.877162	0.871229	0.875191	1.04785	1.0488	1.04722	1.07136	1.06341	1.06536	0.891566	0.90048	0.904693	0.904438	0.903796	0.894716	1.12052	1.12064	1.11174	1.10609	1.11133	1.12179	1.12095	1.11596	1.12161	1.12001	1.12723	1.12724	1.09439	1.09124	1.09033	1.09313	1.09166	1.09147	1.08727	1.08724	1.08726	1.08951	1.11351	1.08686	1.11204	1.107	1.11171	1.11064	1.11217	1.13543	1.08551	1.08325	1.08672	1.0876	1.0833	1.08513
ERR608954	0.91681	0.9423	0.916199	0.933571	0.925284	0.916903	0.947296	0.977541	0.944615	0.947019	0.954043	0.95574	0.948732	0.958289	1.02126	1.01772	0.957741	1.0255	1.11156	1.12393	1.12663	1.12605	1.11102	1.11126	0.962166	0.962459	0.938971	0.938699	0.938743	0.963205	0.947137	0.941824	0.946679	0.926434	0.92679	0.932971	0.80963	0.803602	0.823717	0	0.837902	0.82583	0.88042	0.867799	0.867834	0.881322	0.875932	0.879275	1.05102	1.05144	1.05076	1.07408	1.06626	1.06823	0.896627	0.905485	0.909506	0.908676	0.908436	0.899913	1.12261	1.12316	1.11416	1.10817	1.11347	1.12397	1.12266	1.11792	1.12352	1.12185	1.1292	1.12941	1.09729	1.09421	1.09293	1.09582	1.09501	1.09434	1.0897	1.08943	1.08963	1.09181	1.1155	1.08924	1.11464	1.10963	1.11431	1.11309	1.1147	1.13739	1.08846	1.08614	1.08945	1.09063	1.08628	1.08762
ERR608949	0.918373	0.944151	0.918123	0.934451	0.924734	0.919501	0.956154	0.980647	0.954198	0.957019	0.962191	0.963346	0.953396	0.961107	1.02201	1.01906	0.96025	1.02738	1.11762	1.12859	1.13056	1.13107	1.11709	1.11724	0.971708	0.971214	0.946444	0.945728	0.94581	0.972163	0.949635	0.952177	0.957133	0.937332	0.937129	0.940402	0.81199	0.808079	0.833152	0.837902	0	0.835284	0.887628	0.876006	0.878784	0.888272	0.884817	0.886267	1.05473	1.05548	1.05463	1.07898	1.07072	1.07213	0.900996	0.905219	0.90965	0.908813	0.908776	0.903509	1.12589	1.12617	1.11991	1.11378	1.11754	1.12666	1.12729	1.12323	1.13048	1.12681	1.13602	1.13619	1.10182	1.09934	1.09816	1.10022	1.09792	1.09836	1.09714	1.09664	1.09646	1.09852	1.11825	1.09747	1.11922	1.11502	1.11874	1.11747	1.11932	1.13769	1.09227	1.08945	1.09263	1.09294	1.09037	1.09144
ERR608953	0.914467	0.940129	0.913951	0.931575	0.922883	0.914734	0.945214	0.975962	0.942623	0.944937	0.95226	0.953744	0.946126	0.955822	1.01929	1.01606	0.955229	1.02427	1.10982	1.12239	1.12492	1.12468	1.10958	1.10958	0.960624	0.960859	0.936934	0.936564	0.936766	0.961496	0.945211	0.940066	0.944416	0.923995	0.924737	0.931099	0.806688	0.800604	0.821291	0.82583	0.835284	0	0.878111	0.865146	0.865455	0.878778	0.873718	0.876701	1.04839	1.04922	1.04836	1.07224	1.06404	1.06615	0.893956	0.902813	0.907279	0.906736	0.906334	0.897366	1.12118	1.12133	1.1126	1.10693	1.11202	1.12237	1.12129	1.1164	1.12208	1.12052	1.12765	1.12772	1.09541	1.09219	1.09126	1.0939	1.09265	1.09241	1.08856	1.08813	1.08822	1.09053	1.11452	1.08803	1.11313	1.10808	1.11282	1.11182	1.11323	1.136	1.08674	1.08461	1.08795	1.08877	1.08473	1.08608
ERR636894	0.902175	0.93004	0.90171	0.920583	0.91194	0.902216	0.912909	0.946268	0.910264	0.912771	0.920559	0.921386	0.914811	0.924406	0.988458	0.98518	0.924653	0.992654	1.09616	1.10922	1.11193	1.11146	1.09586	1.09601	0.925763	0.924982	0.902765	0.902303	0.902471	0.925934	0.950129	0.942548	0.948948	0.926317	0.927707	0.934603	0.85627	0.849256	0.876179	0.88042	0.887628	0.878111	0	0.787376	0.787492	0.800816	0.795919	0.797917	1.02873	1.02932	1.0283	1.05253	1.04433	1.04634	0.897053	0.905643	0.910743	0.90961	0.909866	0.900106	1.10991	1.10982	1.10029	1.09462	1.10008	1.11087	1.10736	1.10196	1.10745	1.10593	1.1132	1.1133	1.08099	1.07789	1.07692	1.07947	1.07892	1.07819	1.07496	1.07474	1.07469	1.0771	1.10278	1.07423	1.10075	1.09536	1.10041	1.09916	1.10068	1.12441	1.07123	1.06887	1.07257	1.0736	1.06906	1.07073
ERR636891	0.887277	0.917287	0.886626	0.907425	0.897755	0.887059	0.899241	0.937103	0.896509	0.899714	0.908211	0.909655	0.899258	0.910477	0.980025	0.976717	0.91047	0.984506	1.0802	1.09478	1.09724	1.09687	1.08	1.07989	0.912097	0.911459	0.886465	0.886147	0.886049	0.912605	0.935895	0.926866	0.933791	0.908347	0.909626	0.918461	0.840623	0.832491	0.863074	0.867799	0.876006	0.865146	0.787376	0	0.76455	0.788746	0.776608	0.784941	1.01564	1.01619	1.01503	1.04142	1.03253	1.03476	0.882238	0.893343	0.898387	0.897322	0.897728	0.886143	1.09496	1.09498	1.08464	1.07834	1.08469	1.09594	1.09257	1.08652	1.09221	1.09109	1.09819	1.09867	1.06731	1.06362	1.06269	1.06588	1.06496	1.0643	1.05939	1.05926	1.05911	1.06188	1.09021	1.05874	1.08603	1.08011	1.08548	1.08437	1.08603	1.11198	1.05674	1.05453	1.05834	1.05943	1.05434	1.05609
ERR636890	0.887769	0.917943	0.887329	0.908615	0.899303	0.888045	0.898069	0.938182	0.894861	0.897395	0.907323	0.908598	0.899118	0.911151	0.981414	0.978062	0.911138	0.985752	1.07842	1.09359	1.0968	1.09579	1.07847	1.07837	0.910706	0.910381	0.885907	0.885312	0.885599	0.911362	0.937222	0.924877	0.931754	0.906066	0.907587	0.917809	0.841679	0.832181	0.863358	0.867834	0.878784	0.865455	0.787492	0.76455	0	0.788338	0.775706	0.784656	1.01474	1.0154	1.01434	1.03993	1.03131	1.03381	0.88188	0.894488	0.899962	0.89903	0.899281	0.886317	1.09501	1.09489	1.08332	1.07734	1.08404	1.09639	1.09175	1.0852	1.09057	1.08992	1.0965	1.09664	1.06597	1.06219	1.06086	1.06459	1.06402	1.06301	1.0584	1.05815	1.05821	1.06108	1.09076	1.05702	1.08489	1.0788	1.08431	1.08328	1.085	1.11227	1.05567	1.05344	1.05741	1.05905	1.05304	1.05501
ERR636893	0.903802	0.931051	0.903164	0.921852	0.912816	0.903733	0.914262	0.947549	0.911063	0.913617	0.92126	0.922659	0.916223	0.926212	0.989749	0.986637	0.926015	0.994377	1.09669	1.10996	1.11267	1.11215	1.09652	1.09654	0.926764	0.926129	0.904212	0.903836	0.90382	0.927433	0.950732	0.943313	0.949344	0.92679	0.927871	0.935254	0.857177	0.850645	0.877162	0.881322	0.888272	0.878778	0.800816	0.788746	0.788338	0	0.797168	0.799471	1.02925	1.03013	1.0289	1.05306	1.0446	1.04682	0.897813	0.906972	0.911802	0.910705	0.911259	0.900936	1.11046	1.11056	1.10074	1.09515	1.10095	1.11175	1.10761	1.10211	1.10759	1.10652	1.11317	1.11355	1.08128	1.0784	1.07708	1.08006	1.07888	1.07861	1.07551	1.07553	1.07553	1.07802	1.10355	1.07461	1.10117	1.09587	1.10067	1.09944	1.10106	1.12504	1.07196	1.06943	1.07293	1.07416	1.06957	1.0711
ERR636889	0.897492	0.925912	0.896555	0.916666	0.907754	0.897256	0.907261	0.943602	0.90466	0.906803	0.915842	0.916773	0.910082	0.9208	0.98763	0.983955	0.921011	0.991729	1.09008	1.10395	1.10675	1.1059	1.08981	1.08995	0.92049	0.919648	0.897209	0.896534	0.896706	0.920814	0.945416	0.935916	0.942123	0.918164	0.919649	0.928101	0.850856	0.84321	0.871229	0.875932	0.884817	0.873718	0.795919	0.776608	0.775706	0.797168	0	0.793721	1.02363	1.02434	1.0232	1.04794	1.03942	1.04189	0.891639	0.90235	0.907489	0.906519	0.906533	0.89555	1.10454	1.10462	1.09408	1.08839	1.09453	1.10569	1.10171	1.09599	1.10096	1.10023	1.10687	1.10687	1.07564	1.07219	1.07098	1.07445	1.07391	1.07283	1.06934	1.06908	1.06879	1.07152	1.09892	1.06842	1.09499	1.08958	1.09452	1.09365	1.09509	1.12029	1.06567	1.06343	1.06721	1.06843	1.06289	1.06504
ERR636892	0.900376	0.928692	0.900021	0.918926	0.910282	0.900727	0.911831	0.945289	0.908886	0.911801	0.919328	0.92078	0.913212	0.923077	0.987572	0.984475	0.922954	0.992124	1.09468	1.10771	1.11082	1.1101	1.09462	1.09435	0.924214	0.92337	0.901394	0.90076	0.900702	0.924531	0.948938	0.94125	0.947618	0.924723	0.925867	0.933554	0.854624	0.847741	0.875191	0.879275	0.886267	0.876701	0.797917	0.784941	0.784656	0.799471	0.793721	0	1.02712	1.02795	1.02698	1.05159	1.04328	1.04516	0.89531	0.904386	0.909408	0.908179	0.908726	0.898371	1.10851	1.10849	1.09872	1.09285	1.09872	1.10977	1.10594	1.10036	1.10576	1.10461	1.11136	1.11177	1.07998	1.07652	1.07549	1.07851	1.07758	1.07685	1.07355	1.07334	1.0734	1.07595	1.10183	1.07278	1.09943	1.09411	1.09905	1.0979	1.09944	1.12372	1.06932	1.06722	1.07083	1.07177	1.06712	1.06887
