	ERR636707	ERR636704	ERR636705	ERR636706	ERR636703	ERR636708	ERR630397	ERR630396	ERR630394	ERR630393	ERR630395	ERR630392	ERR608119	ERR608117	ERR608118	ERR608121	ERR608122	ERR608120	ERR613447	ERR613446	ERR613443	ERR613448	ERR613445	ERR613444	ERR608582	ERR608584	ERR608580	ERR608583	ERR608579	ERR608581	ERR614481	ERR614478	ERR614477	ERR614479	ERR614480	ERR614482	ERR635348	ERR635350	ERR635349	ERR635351	ERR635346	ERR635347	ERR637065	ERR637067	ERR637068	ERR637066	ERR637063	ERR637064	ERR613811	ERR613807	ERR613808	ERR613810	ERR613809	ERR613806	ERR614936	ERR614933	ERR614931	ERR614932	ERR614934	ERR614935	ERR618729	ERR618733	ERR618731	ERR618734	ERR618730	ERR618732	ERR616153	ERR616148	ERR616152	ERR616150	ERR616151	ERR616149	ERR617415	ERR617416	ERR617418	ERR617420	ERR617417	ERR617419	ERR618173	ERR618174	ERR618172	ERR618170	ERR618171	ERR618169	ERR617217	ERR617218	ERR617215	ERR617219	ERR617216	ERR617220	ERR612762	ERR612759	ERR612760	ERR612763	ERR612761	ERR612764
ERR636707	0	0.253875	0.25476	0.251766	0.256561	0.252765	0.365618	0.37382	0.365157	0.360408	0.372283	0.366187	0.455782	0.447594	0.456475	0.440338	0.440705	0.439193	0.419172	0.417443	0.437003	0.424984	0.428119	0.420985	0.356632	0.357547	0.347179	0.355804	0.332044	0.359694	0.498182	0.494461	0.506555	0.498313	0.499292	0.4993	0.325742	0.35236	0.351889	0.352846	0.348308	0.326466	0.413841	0.410243	0.410472	0.410733	0.409604	0.411744	0.310283	0.318713	0.312031	0.310279	0.310308	0.310113	0.362329	0.323139	0.324492	0.327381	0.362687	0.36085	0.515009	0.51469	0.511034	0.517935	0.507876	0.513608	0.390971	0.375911	0.386013	0.391432	0.388182	0.383533	0.429698	0.438382	0.444721	0.43635	0.439104	0.446436	0.382539	0.380309	0.387703	0.385457	0.390909	0.381864	0.437921	0.415956	0.421178	0.419252	0.434902	0.408226	0.337678	0.359098	0.332806	0.337435	0.344834	0.335302
ERR636704	0.253875	0	0.254692	0.253449	0.258723	0.254531	0.369716	0.379852	0.362687	0.360286	0.376727	0.363764	0.447703	0.440655	0.448434	0.434737	0.434894	0.434142	0.415308	0.414147	0.429541	0.426194	0.422067	0.416435	0.347271	0.34807	0.339145	0.346632	0.334815	0.349956	0.498459	0.491285	0.507714	0.493575	0.499265	0.499821	0.318283	0.341931	0.341387	0.342142	0.338056	0.31945	0.407576	0.404462	0.404507	0.404884	0.404689	0.405277	0.311706	0.312837	0.309572	0.311997	0.311261	0.308111	0.351858	0.317369	0.318844	0.320933	0.352263	0.350575	0.510434	0.510391	0.50701	0.513277	0.504105	0.509378	0.384498	0.375296	0.379787	0.391844	0.382277	0.380415	0.428294	0.436176	0.440435	0.433278	0.436899	0.441777	0.380066	0.378895	0.38397	0.382285	0.3862	0.378906	0.431308	0.413168	0.416124	0.415323	0.428281	0.40665	0.333408	0.350076	0.335573	0.332825	0.338359	0.331137
ERR636705	0.25476	0.254692	0	0.254372	0.254529	0.255101	0.365498	0.373004	0.367414	0.360549	0.37155	0.368644	0.458169	0.449915	0.460058	0.442828	0.443541	0.440864	0.421031	0.419195	0.439737	0.422882	0.429551	0.421619	0.360911	0.361785	0.350881	0.360006	0.328744	0.364689	0.49965	0.496819	0.504959	0.50149	0.500668	0.500714	0.327112	0.355957	0.355448	0.356545	0.351493	0.327294	0.41357	0.410619	0.411071	0.410854	0.409131	0.412662	0.310692	0.321494	0.312282	0.310838	0.310774	0.310911	0.366211	0.324641	0.325156	0.328852	0.366559	0.364664	0.52041	0.520187	0.516043	0.523542	0.512748	0.518925	0.398509	0.382458	0.393223	0.398013	0.395591	0.390673	0.433447	0.44308	0.450559	0.440834	0.443882	0.452267	0.385161	0.382454	0.391072	0.388988	0.395073	0.38432	0.443829	0.420967	0.426092	0.424204	0.440618	0.409715	0.339642	0.362966	0.331699	0.339676	0.347012	0.336692
ERR636706	0.251766	0.253449	0.254372	0	0.256549	0.252592	0.365379	0.373533	0.364779	0.360151	0.371716	0.365914	0.454728	0.446604	0.455459	0.439306	0.439661	0.438259	0.418488	0.416959	0.436122	0.424488	0.427297	0.420335	0.356248	0.357217	0.346785	0.355369	0.331629	0.359014	0.498011	0.494339	0.506391	0.497883	0.499274	0.499069	0.324468	0.351287	0.350741	0.351669	0.347327	0.325518	0.412627	0.40898	0.409407	0.40944	0.408467	0.410485	0.309311	0.318183	0.311349	0.309577	0.3097	0.309716	0.361326	0.32237	0.323591	0.326315	0.361854	0.359906	0.515201	0.514824	0.511165	0.518036	0.508095	0.51376	0.390797	0.37613	0.385857	0.391311	0.388348	0.383696	0.429896	0.438389	0.444948	0.436658	0.439353	0.446498	0.382275	0.380095	0.38749	0.384972	0.390752	0.381914	0.437783	0.415825	0.421269	0.418835	0.434579	0.408261	0.33772	0.358532	0.332924	0.337396	0.344676	0.335165
ERR636703	0.256561	0.258723	0.254529	0.256549	0	0.256326	0.363873	0.369892	0.370549	0.362305	0.369349	0.372016	0.463885	0.454413	0.465226	0.446163	0.446625	0.444131	0.424057	0.421966	0.445332	0.422154	0.434185	0.425369	0.369714	0.37068	0.35901	0.368532	0.328443	0.373356	0.498652	0.498674	0.503299	0.504442	0.499844	0.499242	0.334466	0.365208	0.364921	0.365949	0.360644	0.33457	0.418529	0.415067	0.41568	0.415568	0.412731	0.417423	0.310768	0.327294	0.316492	0.310259	0.311411	0.313543	0.375385	0.330758	0.331624	0.335904	0.375955	0.373874	0.52441	0.524152	0.519612	0.527644	0.516328	0.522818	0.404615	0.383596	0.398845	0.397885	0.401282	0.393835	0.435886	0.445616	0.454765	0.444403	0.446567	0.45638	0.3884	0.384948	0.395257	0.392243	0.399669	0.388046	0.449493	0.423922	0.431069	0.42767	0.446206	0.412516	0.345027	0.37094	0.331385	0.345312	0.353985	0.342077
ERR636708	0.252765	0.254531	0.255101	0.252592	0.256326	0	0.365032	0.372485	0.365831	0.360752	0.371158	0.367153	0.458371	0.450009	0.458793	0.442169	0.44257	0.441315	0.420762	0.419048	0.439405	0.425608	0.430364	0.422846	0.359395	0.360172	0.349583	0.358398	0.332226	0.362103	0.49885	0.496089	0.507136	0.499855	0.499968	0.499671	0.328187	0.355072	0.35458	0.355654	0.351062	0.328946	0.41619	0.41272	0.412941	0.413114	0.41179	0.414163	0.310335	0.320757	0.313123	0.310524	0.310156	0.311152	0.364958	0.324723	0.326362	0.329331	0.365412	0.363594	0.515549	0.515461	0.511538	0.518554	0.508402	0.514217	0.392306	0.375563	0.387122	0.390442	0.389504	0.383548	0.430035	0.438491	0.445391	0.437079	0.439391	0.447188	0.382756	0.380032	0.388049	0.38602	0.391727	0.382605	0.43893	0.415856	0.422274	0.419183	0.435876	0.408635	0.339817	0.361575	0.33321	0.339662	0.347401	0.337091
ERR630397	0.365618	0.369716	0.365498	0.365379	0.363873	0.365032	0	0.270107	0.283783	0.275163	0.267395	0.286766	0.523693	0.522105	0.524897	0.516363	0.516375	0.515532	0.471966	0.47015	0.489542	0.474587	0.483533	0.479362	0.374648	0.375606	0.363873	0.372953	0.329304	0.378353	0.510215	0.518615	0.520965	0.526044	0.511077	0.510412	0.378912	0.391559	0.391053	0.392018	0.3897	0.378025	0.493579	0.491929	0.491372	0.492749	0.493427	0.492211	0.335186	0.356776	0.34719	0.334104	0.335315	0.342979	0.392176	0.35986	0.364487	0.367356	0.392435	0.391111	0.435594	0.433978	0.428009	0.438808	0.424524	0.432696	0.401267	0.368119	0.394932	0.377267	0.395966	0.381165	0.362655	0.371114	0.38868	0.374951	0.372352	0.392021	0.33239	0.328174	0.341368	0.337154	0.348919	0.336982	0.387042	0.348034	0.365811	0.3538	0.384474	0.338931	0.379187	0.402573	0.367013	0.382135	0.389824	0.378228
ERR630396	0.37382	0.379852	0.373004	0.373533	0.369892	0.372485	0.270107	0	0.300441	0.289257	0.268173	0.303998	0.537983	0.535198	0.538838	0.527489	0.527442	0.526529	0.482874	0.480165	0.504478	0.480494	0.497117	0.491471	0.395269	0.396266	0.383631	0.393418	0.336392	0.398894	0.515586	0.52928	0.525856	0.538002	0.516528	0.515359	0.39571	0.412568	0.411937	0.41282	0.410164	0.395298	0.506857	0.504554	0.50424	0.505435	0.505278	0.505306	0.342124	0.371463	0.359416	0.340653	0.342751	0.35415	0.414041	0.376831	0.381364	0.385377	0.414321	0.41289	0.448338	0.446187	0.439584	0.451354	0.436374	0.444804	0.41636	0.374724	0.409677	0.380676	0.410287	0.390897	0.372863	0.381344	0.402134	0.387021	0.382558	0.405737	0.345162	0.339305	0.355496	0.350675	0.364534	0.35135	0.404204	0.35978	0.382623	0.367482	0.402037	0.35147	0.392835	0.420599	0.372603	0.396418	0.406101	0.391574
ERR630394	0.365157	0.362687	0.367414	0.364779	0.370549	0.365831	0.283783	0.300441	0	0.265801	0.292522	0.259666	0.494	0.496401	0.495128	0.495721	0.49496	0.496059	0.454227	0.454361	0.459073	0.473969	0.458406	0.459946	0.329444	0.329924	0.323229	0.328151	0.336956	0.331919	0.508333	0.501094	0.522858	0.502901	0.508618	0.509962	0.349993	0.347705	0.347448	0.347805	0.346904	0.349551	0.471244	0.470906	0.469529	0.471692	0.475535	0.469666	0.338929	0.333831	0.335943	0.338192	0.337305	0.333707	0.345671	0.334656	0.339319	0.338913	0.346151	0.345454	0.407463	0.407443	0.404013	0.411137	0.401181	0.406733	0.368918	0.362447	0.364566	0.377837	0.366095	0.364779	0.352156	0.358123	0.363128	0.355764	0.358915	0.364834	0.317284	0.31809	0.319489	0.31764	0.320616	0.316371	0.348254	0.329944	0.332228	0.330753	0.345371	0.326751	0.357706	0.364706	0.371967	0.359602	0.360676	0.358616
ERR630393	0.360408	0.360286	0.360549	0.360151	0.362305	0.360752	0.275163	0.289257	0.265801	0	0.28346	0.265969	0.499489	0.500605	0.502059	0.499547	0.499156	0.498516	0.456156	0.455535	0.464614	0.466809	0.46075	0.460089	0.341806	0.342162	0.332622	0.340027	0.323015	0.345741	0.506113	0.503204	0.515126	0.507899	0.506646	0.5075	0.353522	0.358399	0.357934	0.358976	0.356957	0.351183	0.470554	0.470694	0.469926	0.47155	0.473203	0.470419	0.333948	0.338208	0.333964	0.33289	0.333233	0.332092	0.357394	0.337503	0.34025	0.341691	0.357662	0.356756	0.421679	0.421282	0.416398	0.425762	0.412781	0.420451	0.385141	0.371773	0.379916	0.386257	0.381817	0.377884	0.357212	0.366392	0.375687	0.364775	0.367503	0.377908	0.320935	0.319116	0.326642	0.323764	0.330299	0.320119	0.3664	0.341523	0.346291	0.343978	0.362962	0.32826	0.360483	0.373911	0.364284	0.361964	0.36496	0.360293
ERR630395	0.372283	0.376727	0.37155	0.371716	0.369349	0.371158	0.267395	0.268173	0.292522	0.28346	0	0.29616	0.532294	0.530137	0.53316	0.523092	0.522968	0.522334	0.478889	0.476716	0.498658	0.479568	0.492333	0.487568	0.386103	0.387384	0.374985	0.38441	0.334654	0.3898	0.513016	0.524846	0.524418	0.532742	0.513755	0.512964	0.389579	0.40394	0.403397	0.404208	0.401757	0.388957	0.5024	0.500281	0.499794	0.501047	0.501496	0.500657	0.339876	0.365625	0.355089	0.338319	0.339921	0.350286	0.405109	0.370919	0.375821	0.379041	0.405478	0.404188	0.440447	0.438495	0.431984	0.443244	0.42891	0.437055	0.408579	0.369983	0.402251	0.376644	0.402782	0.384707	0.366709	0.374656	0.394304	0.37984	0.375782	0.397487	0.337659	0.33258	0.347423	0.343085	0.356011	0.343771	0.39505	0.352369	0.373895	0.35923	0.392867	0.34475	0.38794	0.413266	0.371738	0.391184	0.399925	0.386765
ERR630392	0.366187	0.363764	0.368644	0.365914	0.372016	0.367153	0.286766	0.303998	0.259666	0.265969	0.29616	0	0.491479	0.49455	0.492916	0.494958	0.494086	0.495168	0.453662	0.454182	0.456447	0.47424	0.456292	0.458514	0.326627	0.326958	0.320662	0.32521	0.337679	0.329155	0.508613	0.499766	0.522517	0.50112	0.508811	0.510482	0.348541	0.344574	0.34454	0.344842	0.344155	0.34776	0.469107	0.469125	0.467698	0.469931	0.473795	0.467754	0.340785	0.333624	0.336151	0.339777	0.339131	0.334738	0.342336	0.333836	0.338076	0.337171	0.342552	0.34194	0.406117	0.406393	0.402847	0.409787	0.400001	0.405647	0.369124	0.365983	0.364999	0.381744	0.366996	0.367344	0.352708	0.35861	0.36238	0.35536	0.359502	0.363954	0.317597	0.318634	0.319292	0.317741	0.319738	0.315769	0.346921	0.33113	0.331398	0.331541	0.343996	0.327074	0.357665	0.36243	0.373729	0.359054	0.359244	0.358457
ERR608119	0.455782	0.447703	0.458169	0.454728	0.463885	0.458371	0.523693	0.537983	0.494	0.499489	0.532294	0.491479	0	0.241044	0.237672	0.261106	0.259216	0.263229	0.345607	0.348944	0.327722	0.389234	0.332237	0.340213	0.430176	0.43003	0.431972	0.431557	0.474856	0.430417	0.408507	0.368235	0.424494	0.360217	0.407224	0.412332	0.420779	0.41779	0.418124	0.418708	0.417632	0.421919	0.306804	0.308516	0.306083	0.308435	0.315413	0.303649	0.470763	0.443322	0.452953	0.47128	0.469317	0.455315	0.427279	0.436278	0.434347	0.432122	0.42752	0.427271	0.598456	0.599116	0.600407	0.598723	0.599286	0.5992	0.481565	0.509405	0.481056	0.526181	0.483764	0.502026	0.547432	0.54858	0.538866	0.540761	0.550057	0.537557	0.496909	0.500054	0.49358	0.495212	0.489081	0.491115	0.52781	0.539005	0.524618	0.535061	0.524623	0.536776	0.457106	0.44334	0.485078	0.454178	0.448541	0.456462
ERR608117	0.447594	0.440655	0.449915	0.446604	0.454413	0.450009	0.522105	0.535198	0.496401	0.500605	0.530137	0.49455	0.241044	0	0.240668	0.244946	0.244064	0.246369	0.339651	0.341757	0.333789	0.375341	0.333056	0.335716	0.434915	0.434902	0.435169	0.436082	0.469984	0.435423	0.404123	0.371243	0.418999	0.366231	0.403299	0.407419	0.415867	0.42091	0.420943	0.421725	0.419641	0.417394	0.300194	0.299582	0.297643	0.299293	0.302887	0.296099	0.461905	0.438448	0.446436	0.462699	0.461049	0.448184	0.431673	0.431118	0.42968	0.428199	0.432075	0.4313	0.612872	0.613435	0.614165	0.613357	0.612955	0.613233	0.48445	0.506713	0.483403	0.523093	0.486181	0.501364	0.555519	0.557072	0.549655	0.550387	0.558675	0.548595	0.501459	0.503726	0.49893	0.500025	0.49566	0.496341	0.538984	0.545685	0.534463	0.542954	0.535601	0.54346	0.454029	0.445356	0.47678	0.451357	0.447561	0.4527
ERR608118	0.456475	0.448434	0.460058	0.455459	0.465226	0.458793	0.524897	0.538838	0.495128	0.502059	0.53316	0.492916	0.237672	0.240668	0	0.257058	0.2543	0.261421	0.346012	0.349386	0.330468	0.392975	0.336185	0.343732	0.431759	0.431861	0.433966	0.433179	0.47969	0.431064	0.40895	0.370266	0.429792	0.360528	0.407799	0.412776	0.422673	0.41968	0.419779	0.420245	0.419708	0.424823	0.313455	0.313634	0.311015	0.313706	0.320861	0.307828	0.470819	0.443443	0.45465	0.471576	0.469612	0.456251	0.429193	0.437646	0.436989	0.434336	0.429411	0.429248	0.598407	0.598936	0.600666	0.59827	0.599865	0.598879	0.475923	0.503213	0.475598	0.518867	0.47806	0.495363	0.547402	0.54696	0.537026	0.540149	0.548462	0.535729	0.497863	0.501228	0.493795	0.495592	0.489232	0.493096	0.525905	0.537129	0.524454	0.53333	0.523086	0.538905	0.458729	0.44464	0.486996	0.456097	0.450828	0.458225
ERR608121	0.440338	0.434737	0.442828	0.439306	0.446163	0.442169	0.516363	0.527489	0.495721	0.499547	0.523092	0.494958	0.261106	0.244946	0.257058	0	0.237519	0.240096	0.337558	0.338125	0.347612	0.366677	0.342822	0.339672	0.441886	0.442422	0.440722	0.442786	0.468276	0.441935	0.397403	0.375386	0.416654	0.372325	0.39757	0.400043	0.418541	0.430634	0.430416	0.431285	0.428856	0.42106	0.311306	0.307339	0.306287	0.307266	0.307302	0.304493	0.453231	0.436236	0.442559	0.454216	0.452697	0.443015	0.442183	0.430678	0.430889	0.4303	0.442505	0.441555	0.619193	0.619109	0.619918	0.619096	0.618601	0.618797	0.481011	0.495072	0.479418	0.5091	0.481602	0.491871	0.556995	0.557475	0.552396	0.552988	0.559226	0.551762	0.502327	0.503949	0.500134	0.501219	0.498039	0.499247	0.542633	0.544724	0.538261	0.543069	0.539722	0.545823	0.452272	0.450587	0.468689	0.450386	0.449949	0.450542
ERR608122	0.440705	0.434894	0.443541	0.439661	0.446625	0.44257	0.516375	0.527442	0.49496	0.499156	0.522968	0.494086	0.259216	0.244064	0.2543	0.237519	0	0.240374	0.337113	0.337931	0.345943	0.367939	0.341698	0.339243	0.440574	0.441158	0.439809	0.441509	0.468561	0.440589	0.397292	0.374227	0.417108	0.370592	0.397005	0.399985	0.418437	0.429643	0.429361	0.43017	0.427957	0.421163	0.311632	0.307601	0.306447	0.307561	0.30818	0.304508	0.453447	0.435806	0.442742	0.454404	0.452767	0.443185	0.440863	0.43042	0.430753	0.429935	0.441181	0.440287	0.617112	0.617046	0.617881	0.617033	0.616666	0.61672	0.479567	0.494356	0.478174	0.508371	0.480345	0.490898	0.55559	0.555875	0.5506	0.551351	0.557504	0.549885	0.501228	0.502901	0.499006	0.500056	0.49665	0.498156	0.540829	0.54332	0.53656	0.541513	0.537923	0.544674	0.452069	0.449863	0.469297	0.450265	0.449629	0.450591
ERR608120	0.439193	0.434142	0.440864	0.438259	0.444131	0.441315	0.515532	0.526529	0.496059	0.498516	0.522334	0.495168	0.263229	0.246369	0.261421	0.240096	0.240374	0	0.337551	0.337939	0.349008	0.361827	0.341969	0.338092	0.443133	0.443575	0.441687	0.443915	0.464782	0.444268	0.397228	0.375943	0.412558	0.37478	0.397453	0.399482	0.417666	0.431485	0.431304	0.432338	0.429409	0.419488	0.30831	0.3045	0.303959	0.304171	0.303607	0.303002	0.451917	0.436165	0.440919	0.452635	0.451558	0.441539	0.443086	0.42977	0.429172	0.429184	0.443478	0.442279	0.6229	0.622807	0.623253	0.623156	0.621757	0.622522	0.485705	0.499299	0.483782	0.51414	0.486086	0.496606	0.559196	0.560945	0.556558	0.555944	0.562558	0.556079	0.50302	0.504553	0.501897	0.50235	0.499908	0.499649	0.546472	0.547915	0.540737	0.546388	0.543492	0.545295	0.452102	0.45233	0.466966	0.449991	0.449695	0.450276
ERR613447	0.419172	0.415308	0.421031	0.418488	0.424057	0.420762	0.471966	0.482874	0.454227	0.456156	0.478889	0.453662	0.345607	0.339651	0.346012	0.337558	0.337113	0.337551	0	0.250786	0.271725	0.285362	0.259746	0.255284	0.42199	0.422257	0.419208	0.422182	0.436505	0.42392	0.401551	0.382127	0.418393	0.381526	0.401715	0.403692	0.408903	0.419445	0.419445	0.42057	0.417326	0.40918	0.327916	0.326001	0.324434	0.326452	0.327717	0.3247	0.430228	0.418733	0.421847	0.431078	0.429918	0.421856	0.429052	0.413996	0.41404	0.414836	0.429261	0.428208	0.564316	0.564138	0.563823	0.565738	0.561388	0.56387	0.465089	0.473311	0.462177	0.489058	0.465088	0.472471	0.5135	0.517159	0.515594	0.512276	0.518604	0.515447	0.463742	0.464656	0.463972	0.463032	0.461703	0.459614	0.505033	0.503078	0.496497	0.501953	0.502078	0.497874	0.397063	0.40401	0.409775	0.39616	0.397221	0.395899
ERR613446	0.417443	0.414147	0.419195	0.416959	0.421966	0.419048	0.47015	0.480165	0.454361	0.455535	0.476716	0.454182	0.348944	0.341757	0.349386	0.338125	0.337931	0.337939	0.250786	0	0.277654	0.281098	0.264066	0.256975	0.424945	0.425062	0.421687	0.424998	0.43498	0.42713	0.399818	0.383073	0.416614	0.383746	0.400118	0.401886	0.41032	0.422817	0.422562	0.423821	0.42047	0.410585	0.32977	0.327321	0.325828	0.327689	0.327905	0.32639	0.428697	0.4195	0.421685	0.429484	0.428643	0.421213	0.432178	0.4145	0.414812	0.416023	0.432493	0.431447	0.566446	0.566323	0.565749	0.568029	0.56325	0.565782	0.466598	0.472037	0.46357	0.487374	0.466367	0.472104	0.514069	0.517953	0.517147	0.513522	0.519396	0.517134	0.464213	0.464864	0.464938	0.463776	0.463028	0.460694	0.507252	0.50367	0.497978	0.502702	0.5043	0.498106	0.397541	0.407137	0.407289	0.397156	0.398903	0.396344
ERR613443	0.437003	0.429541	0.439737	0.436122	0.445332	0.439405	0.489542	0.504478	0.459073	0.464614	0.498658	0.456447	0.327722	0.333789	0.330468	0.347612	0.345943	0.349008	0.271725	0.277654	0	0.330113	0.250531	0.264437	0.408495	0.408	0.409604	0.409257	0.449913	0.409462	0.422729	0.383463	0.4377	0.376132	0.421555	0.426296	0.406863	0.402959	0.403304	0.404119	0.402414	0.406917	0.321519	0.323868	0.32123	0.324712	0.331945	0.3202	0.450854	0.425187	0.434027	0.451274	0.449441	0.435836	0.410356	0.417292	0.415545	0.413943	0.410551	0.41013	0.552507	0.553698	0.554172	0.554024	0.552246	0.553562	0.465873	0.491227	0.464654	0.509671	0.468127	0.484783	0.514198	0.517104	0.508922	0.508552	0.518675	0.507665	0.465686	0.468244	0.463025	0.46352	0.458156	0.458478	0.495545	0.505069	0.489937	0.501375	0.492249	0.500284	0.40745	0.395368	0.436745	0.405071	0.398447	0.407261
ERR613448	0.424984	0.426194	0.422882	0.424488	0.422154	0.425608	0.474587	0.480494	0.473969	0.466809	0.479568	0.47424	0.389234	0.375341	0.392975	0.366677	0.367939	0.361827	0.285362	0.281098	0.330113	0	0.305959	0.286648	0.459692	0.460024	0.452535	0.45951	0.430327	0.463867	0.405103	0.405638	0.403139	0.415874	0.40637	0.405375	0.433187	0.457306	0.457199	0.458726	0.453618	0.432359	0.354069	0.351407	0.351894	0.351338	0.344147	0.354467	0.434515	0.441184	0.433882	0.434864	0.435474	0.432932	0.46758	0.435814	0.433764	0.438011	0.467809	0.466149	0.597941	0.597754	0.595011	0.600257	0.591955	0.596967	0.503876	0.496174	0.499168	0.510655	0.501956	0.502475	0.535376	0.543091	0.54744	0.5394	0.545143	0.548199	0.484791	0.482335	0.489407	0.486665	0.49137	0.481348	0.54327	0.530293	0.528312	0.531254	0.539536	0.514993	0.417513	0.440092	0.403935	0.41726	0.423311	0.414444
ERR613445	0.428119	0.422067	0.429551	0.427297	0.434185	0.430364	0.483533	0.497117	0.458406	0.46075	0.492333	0.456292	0.332237	0.333056	0.336185	0.342822	0.341698	0.341969	0.259746	0.264066	0.250531	0.305959	0	0.251915	0.413306	0.412796	0.412336	0.413822	0.439934	0.41558	0.415827	0.383312	0.426481	0.380042	0.415139	0.418796	0.4036	0.407225	0.407367	0.408579	0.405637	0.402689	0.31552	0.317201	0.315147	0.317524	0.321735	0.315432	0.441537	0.421396	0.426632	0.441925	0.44073	0.428206	0.415804	0.41285	0.410381	0.410283	0.41612	0.415353	0.562931	0.563846	0.563503	0.565146	0.56108	0.56362	0.470721	0.490055	0.468629	0.5088	0.472198	0.486367	0.517965	0.522778	0.517542	0.514855	0.524272	0.51666	0.466775	0.468341	0.466164	0.465607	0.462283	0.459723	0.504935	0.509613	0.496381	0.506895	0.501405	0.50025	0.401014	0.397392	0.42324	0.398916	0.394573	0.400334
ERR613444	0.420985	0.416435	0.421619	0.420335	0.425369	0.422846	0.479362	0.491471	0.459946	0.460089	0.487568	0.458514	0.340213	0.335716	0.343732	0.339672	0.339243	0.338092	0.255284	0.256975	0.264437	0.286648	0.251915	0	0.42146	0.42152	0.418784	0.42189	0.434269	0.424416	0.410101	0.385887	0.418781	0.386143	0.410167	0.412593	0.404741	0.415342	0.415375	0.416737	0.412907	0.404015	0.315553	0.315693	0.31436	0.315623	0.316921	0.315136	0.434482	0.420476	0.422833	0.43488	0.43406	0.423952	0.424599	0.412246	0.410068	0.410964	0.425054	0.423813	0.573687	0.574456	0.573401	0.576187	0.570623	0.57414	0.476457	0.488698	0.473516	0.506605	0.476951	0.487505	0.522703	0.528407	0.525674	0.521517	0.530074	0.525392	0.47037	0.470828	0.471032	0.470098	0.468686	0.464164	0.515035	0.514773	0.504692	0.513123	0.51143	0.50425	0.399093	0.403357	0.412471	0.397389	0.396137	0.397694
ERR608582	0.356632	0.347271	0.360911	0.356248	0.369714	0.359395	0.374648	0.395269	0.329444	0.341806	0.386103	0.326627	0.430176	0.434915	0.431759	0.441886	0.440574	0.443133	0.42199	0.424945	0.408495	0.459692	0.413306	0.42146	0	0.241293	0.244523	0.241692	0.32332	0.243084	0.509762	0.482175	0.52378	0.476662	0.509491	0.512952	0.304565	0.288409	0.288863	0.288286	0.289791	0.304956	0.41195	0.41296	0.4112	0.413692	0.41987	0.410099	0.344559	0.306609	0.321503	0.344588	0.341246	0.32384	0.289772	0.30548	0.307441	0.302654	0.289819	0.289864	0.422871	0.423834	0.423719	0.4246	0.422427	0.423598	0.338705	0.37187	0.337708	0.394143	0.341058	0.361294	0.38049	0.383018	0.371209	0.372959	0.383602	0.37039	0.324402	0.330215	0.318341	0.321162	0.311756	0.317446	0.347889	0.359617	0.3417	0.354683	0.344545	0.359082	0.33864	0.322133	0.381286	0.336928	0.329266	0.3401
ERR608584	0.357547	0.34807	0.361785	0.357217	0.37068	0.360172	0.375606	0.396266	0.329924	0.342162	0.387384	0.326958	0.43003	0.434902	0.431861	0.442422	0.441158	0.443575	0.422257	0.425062	0.408	0.460024	0.412796	0.42152	0.241293	0	0.244699	0.241215	0.324223	0.243393	0.510277	0.482155	0.523692	0.476577	0.509806	0.513368	0.304892	0.288252	0.288546	0.288158	0.289487	0.304835	0.411434	0.412527	0.41096	0.41348	0.419622	0.409916	0.345803	0.307506	0.322573	0.345628	0.342587	0.324874	0.289393	0.306098	0.307551	0.303171	0.289697	0.289664	0.422836	0.423872	0.423853	0.424538	0.422419	0.423757	0.340117	0.374029	0.339141	0.396286	0.342485	0.363337	0.381127	0.384242	0.372059	0.373495	0.384536	0.371142	0.32536	0.33121	0.319566	0.321765	0.312393	0.317695	0.348559	0.360606	0.341831	0.355564	0.344996	0.359071	0.339264	0.322612	0.382322	0.337795	0.329543	0.340825
ERR608580	0.347179	0.339145	0.350881	0.346785	0.35901	0.349583	0.363873	0.383631	0.323229	0.332622	0.374985	0.320662	0.431972	0.435169	0.433966	0.440722	0.439809	0.441687	0.419208	0.421687	0.409604	0.452535	0.412336	0.418784	0.244523	0.244699	0	0.244255	0.309149	0.245168	0.504947	0.480158	0.517199	0.476362	0.504899	0.507965	0.301	0.290816	0.291167	0.290739	0.290834	0.300829	0.409707	0.410679	0.409276	0.411441	0.416266	0.408251	0.333839	0.300935	0.313077	0.334018	0.331061	0.314879	0.292925	0.300931	0.302342	0.298705	0.293163	0.292765	0.424854	0.425269	0.424261	0.426715	0.422633	0.425018	0.34114	0.367033	0.339425	0.388794	0.342566	0.359385	0.376014	0.379755	0.371165	0.370571	0.38069	0.370922	0.318347	0.323005	0.314299	0.316124	0.309465	0.312217	0.351282	0.356654	0.342268	0.352899	0.347541	0.353735	0.333603	0.321923	0.370733	0.332257	0.326064	0.334436
ERR608583	0.355804	0.346632	0.360006	0.355369	0.368532	0.358398	0.372953	0.393418	0.328151	0.340027	0.38441	0.32521	0.431557	0.436082	0.433179	0.442786	0.441509	0.443915	0.422182	0.424998	0.409257	0.45951	0.413822	0.42189	0.241692	0.241215	0.244255	0	0.322183	0.243214	0.50957	0.482335	0.523471	0.476983	0.5094	0.512688	0.305011	0.289567	0.289804	0.289396	0.290675	0.305201	0.412628	0.41377	0.412043	0.414469	0.420626	0.411106	0.343431	0.306472	0.321201	0.343417	0.340405	0.323199	0.290517	0.305513	0.307143	0.302818	0.290903	0.290745	0.421955	0.422767	0.422573	0.423574	0.421076	0.422432	0.338577	0.370913	0.337483	0.392757	0.340657	0.360569	0.379205	0.381903	0.37044	0.371852	0.382425	0.369753	0.323179	0.328994	0.317454	0.320158	0.311123	0.316196	0.347382	0.358333	0.340667	0.353296	0.344009	0.357626	0.33831	0.322412	0.380455	0.336786	0.329223	0.339583
ERR608579	0.332044	0.334815	0.328744	0.331629	0.328443	0.332226	0.329304	0.336392	0.336956	0.323015	0.334654	0.337679	0.474856	0.469984	0.47969	0.468276	0.468561	0.464782	0.436505	0.43498	0.449913	0.430327	0.439934	0.434269	0.32332	0.324223	0.309149	0.322183	0	0.329574	0.499184	0.498085	0.494335	0.506349	0.499702	0.499916	0.332839	0.356775	0.356722	0.357748	0.352711	0.330725	0.429871	0.42979	0.430093	0.429895	0.427161	0.431613	0.313368	0.327549	0.314408	0.311564	0.312999	0.312492	0.362814	0.326777	0.324559	0.329087	0.363245	0.361093	0.473961	0.473462	0.466715	0.477852	0.463338	0.472184	0.404353	0.38599	0.398132	0.402551	0.400676	0.396974	0.392182	0.40507	0.416862	0.402481	0.407435	0.418838	0.333295	0.328165	0.342911	0.339273	0.350536	0.332235	0.41702	0.386922	0.392698	0.391295	0.4117	0.362822	0.354321	0.376482	0.342415	0.354588	0.360018	0.351512
ERR608581	0.359694	0.349956	0.364689	0.359014	0.373356	0.362103	0.378353	0.398894	0.331919	0.345741	0.3898	0.329155	0.430417	0.435423	0.431064	0.441935	0.440589	0.444268	0.42392	0.42713	0.409462	0.463867	0.41558	0.424416	0.243084	0.243393	0.245168	0.243214	0.329574	0	0.510765	0.482766	0.526672	0.476209	0.510385	0.514045	0.308155	0.289884	0.290003	0.289498	0.291362	0.309058	0.41486	0.415792	0.413985	0.416636	0.423077	0.412294	0.348142	0.309124	0.325635	0.348221	0.344788	0.327955	0.290757	0.309359	0.311841	0.306688	0.291123	0.291305	0.420415	0.421255	0.42174	0.421376	0.420736	0.420949	0.336184	0.370498	0.335735	0.391854	0.338779	0.359143	0.380765	0.381612	0.368552	0.371759	0.38232	0.367537	0.326226	0.332564	0.319107	0.322424	0.31221	0.319997	0.345037	0.358523	0.341355	0.353489	0.341828	0.362623	0.341572	0.322487	0.385001	0.339827	0.331902	0.34292
ERR614481	0.498182	0.498459	0.49965	0.498011	0.498652	0.49885	0.510215	0.515586	0.508333	0.506113	0.513016	0.508613	0.408507	0.404123	0.40895	0.397403	0.397292	0.397228	0.401551	0.399818	0.422729	0.405103	0.415827	0.410101	0.509762	0.510277	0.504947	0.50957	0.499184	0.510765	0	0.294515	0.299033	0.308065	0.276562	0.277548	0.517829	0.521796	0.521889	0.522461	0.521159	0.518184	0.420507	0.418991	0.417951	0.419767	0.418527	0.41742	0.509661	0.512568	0.510981	0.50952	0.510184	0.509753	0.528106	0.517776	0.519022	0.520145	0.528625	0.528063	0.578306	0.577158	0.5765	0.578977	0.57494	0.576709	0.530534	0.522929	0.527491	0.530931	0.528874	0.527047	0.531122	0.533002	0.536886	0.531696	0.534975	0.537966	0.505227	0.504228	0.507529	0.506505	0.50979	0.506496	0.539387	0.527467	0.530195	0.528484	0.537259	0.524387	0.516626	0.522774	0.516592	0.517009	0.519127	0.51575
ERR614478	0.494461	0.491285	0.496819	0.494339	0.498674	0.496089	0.518615	0.52928	0.501094	0.503204	0.524846	0.499766	0.368235	0.371243	0.370266	0.375386	0.374227	0.375943	0.382127	0.383073	0.383463	0.405638	0.383312	0.385887	0.482175	0.482155	0.480158	0.482335	0.498085	0.482766	0.294515	0	0.315145	0.272571	0.292986	0.298176	0.496652	0.492664	0.493186	0.493348	0.492593	0.496783	0.389707	0.390517	0.389022	0.391831	0.394397	0.387318	0.509145	0.498133	0.501799	0.509267	0.508801	0.502028	0.497855	0.500295	0.50047	0.499848	0.498241	0.498264	0.567583	0.567403	0.568212	0.568292	0.567045	0.567418	0.514709	0.524886	0.513064	0.537225	0.515166	0.522915	0.529461	0.530947	0.527056	0.52517	0.532921	0.527023	0.498883	0.500219	0.497861	0.498275	0.496788	0.496516	0.52381	0.525215	0.517443	0.523203	0.521187	0.521766	0.502663	0.498168	0.517018	0.501893	0.499645	0.502567
ERR614477	0.506555	0.507714	0.504959	0.506391	0.503299	0.507136	0.520965	0.525856	0.522858	0.515126	0.524418	0.522517	0.424494	0.418999	0.429792	0.416654	0.417108	0.412558	0.418393	0.416614	0.4377	0.403139	0.426481	0.418781	0.52378	0.523692	0.517199	0.523471	0.494335	0.526672	0.299033	0.315145	0	0.335385	0.298513	0.298981	0.525013	0.533326	0.533614	0.534506	0.531709	0.523754	0.422913	0.423425	0.423156	0.423632	0.419015	0.424175	0.518945	0.524338	0.518304	0.518125	0.519595	0.517827	0.540242	0.527264	0.525206	0.527609	0.540643	0.539738	0.601271	0.600814	0.598035	0.603296	0.596127	0.600305	0.559305	0.552543	0.555715	0.563267	0.557838	0.558323	0.549237	0.55593	0.561118	0.552335	0.558546	0.562146	0.520209	0.517514	0.524963	0.523051	0.528617	0.519063	0.565879	0.551851	0.551724	0.553124	0.562301	0.536327	0.527747	0.536236	0.521919	0.527391	0.528848	0.526301
ERR614479	0.498313	0.493575	0.50149	0.497883	0.504442	0.499855	0.526044	0.538002	0.502901	0.507899	0.532742	0.50112	0.360217	0.366231	0.360528	0.372325	0.370592	0.37478	0.381526	0.383746	0.376132	0.415874	0.380042	0.386143	0.476662	0.476577	0.476362	0.476983	0.506349	0.476209	0.308065	0.272571	0.335385	0	0.306499	0.312473	0.495069	0.487	0.487422	0.48753	0.487697	0.495757	0.389275	0.390353	0.388228	0.391682	0.396312	0.385678	0.513469	0.497314	0.503992	0.51377	0.512872	0.504415	0.491621	0.499516	0.500138	0.498678	0.491975	0.492238	0.564279	0.56446	0.566378	0.564616	0.56541	0.56459	0.508092	0.524251	0.507459	0.536993	0.509169	0.519717	0.531283	0.531285	0.524228	0.524591	0.532782	0.523578	0.500823	0.50318	0.497917	0.498963	0.495208	0.49785	0.518593	0.525512	0.515212	0.522416	0.516144	0.525823	0.502345	0.493312	0.522397	0.501442	0.497988	0.502754
ERR614480	0.499292	0.499265	0.500668	0.499274	0.499844	0.499968	0.511077	0.516528	0.508618	0.506646	0.513755	0.508811	0.407224	0.403299	0.407799	0.39757	0.397005	0.397453	0.401715	0.400118	0.421555	0.40637	0.415139	0.410167	0.509491	0.509806	0.504899	0.5094	0.499702	0.510385	0.276562	0.292986	0.298513	0.306499	0	0.277663	0.517746	0.521238	0.521275	0.5218	0.520609	0.518151	0.419951	0.418422	0.417451	0.41933	0.41832	0.416913	0.510712	0.512825	0.511352	0.51046	0.51092	0.510398	0.527651	0.518176	0.519307	0.520343	0.527928	0.527517	0.577651	0.576493	0.575686	0.578204	0.574373	0.576059	0.530368	0.523399	0.52752	0.53162	0.528917	0.527464	0.530925	0.532668	0.536471	0.531193	0.534649	0.537449	0.504813	0.503947	0.507142	0.506055	0.509537	0.506248	0.539166	0.527472	0.529842	0.528541	0.53689	0.524148	0.517081	0.522702	0.517869	0.517291	0.519331	0.516225
ERR614482	0.4993	0.499821	0.500714	0.499069	0.499242	0.499671	0.510412	0.515359	0.509962	0.5075	0.512964	0.510482	0.412332	0.407419	0.412776	0.400043	0.399985	0.399482	0.403692	0.401886	0.426296	0.405375	0.418796	0.412593	0.512952	0.513368	0.507965	0.512688	0.499916	0.514045	0.277548	0.298176	0.298981	0.312473	0.277663	0	0.519964	0.524592	0.52466	0.52539	0.523886	0.520374	0.423045	0.421077	0.420313	0.42211	0.420359	0.420056	0.510554	0.514538	0.512377	0.510427	0.51094	0.510955	0.531159	0.519801	0.521024	0.522401	0.531557	0.531159	0.580518	0.579389	0.578473	0.581244	0.5769	0.578982	0.533264	0.524276	0.530256	0.532046	0.531596	0.529017	0.532527	0.534767	0.539201	0.533668	0.536639	0.540412	0.507045	0.50599	0.509651	0.508452	0.512252	0.508545	0.542302	0.529332	0.532752	0.530613	0.540185	0.525825	0.518855	0.525661	0.517396	0.519296	0.521727	0.517853
ERR635348	0.325742	0.318283	0.327112	0.324468	0.334466	0.328187	0.378912	0.39571	0.349993	0.353522	0.389579	0.348541	0.420779	0.415867	0.422673	0.418541	0.418437	0.417666	0.408903	0.41032	0.406863	0.433187	0.4036	0.404741	0.304565	0.304892	0.301	0.305011	0.332839	0.308155	0.517829	0.496652	0.525013	0.495069	0.517746	0.519964	0	0.246298	0.246071	0.246977	0.241552	0.230999	0.380178	0.379055	0.378832	0.379039	0.381573	0.378938	0.308842	0.282568	0.288923	0.308725	0.306417	0.290812	0.285721	0.269947	0.269015	0.267534	0.286162	0.284153	0.516744	0.517762	0.5151	0.519629	0.512527	0.517187	0.381465	0.395846	0.378112	0.417217	0.381913	0.393392	0.440394	0.447309	0.444491	0.440478	0.448293	0.444485	0.37841	0.379729	0.378738	0.378645	0.377144	0.372253	0.421528	0.41607	0.408301	0.415234	0.417316	0.408954	0.323834	0.323745	0.349994	0.321342	0.319094	0.322337
ERR635350	0.35236	0.341931	0.355957	0.351287	0.365208	0.355072	0.391559	0.412568	0.347705	0.358399	0.40394	0.344574	0.41779	0.42091	0.41968	0.430634	0.429643	0.431485	0.419445	0.422817	0.402959	0.457306	0.407225	0.415342	0.288409	0.288252	0.290816	0.289567	0.356775	0.289884	0.521796	0.492664	0.533326	0.487	0.521238	0.524592	0.246298	0	0.228365	0.228281	0.229867	0.246688	0.391912	0.393099	0.391771	0.393501	0.400259	0.390702	0.338372	0.297075	0.312459	0.338565	0.335325	0.315593	0.268119	0.285862	0.285735	0.280563	0.268125	0.267569	0.483661	0.485019	0.484517	0.48578	0.482644	0.484786	0.367055	0.39982	0.365818	0.4224	0.369737	0.390336	0.42521	0.429131	0.418642	0.419513	0.429568	0.4178	0.371361	0.375923	0.367273	0.369237	0.361554	0.363436	0.389441	0.398494	0.382029	0.394259	0.385815	0.396494	0.334798	0.31602	0.378105	0.331908	0.323204	0.335216
ERR635349	0.351889	0.341387	0.355448	0.350741	0.364921	0.35458	0.391053	0.411937	0.347448	0.357934	0.403397	0.34454	0.418124	0.420943	0.419779	0.430416	0.429361	0.431304	0.419445	0.422562	0.403304	0.457199	0.407367	0.415375	0.288863	0.288546	0.291167	0.289804	0.356722	0.290003	0.521889	0.493186	0.533614	0.487422	0.521275	0.52466	0.246071	0.228365	0	0.22848	0.229843	0.246601	0.392154	0.393303	0.391846	0.393615	0.400234	0.390682	0.337669	0.296348	0.311744	0.337885	0.334539	0.315127	0.268233	0.285225	0.285106	0.279945	0.268026	0.26773	0.483833	0.48513	0.484714	0.486048	0.482736	0.484916	0.366309	0.398564	0.365074	0.421293	0.368889	0.389185	0.425096	0.428658	0.418548	0.419387	0.429441	0.417724	0.371276	0.37599	0.367268	0.369096	0.361502	0.363524	0.389171	0.39802	0.38171	0.393856	0.385541	0.396343	0.334665	0.316187	0.377502	0.33163	0.323149	0.335135
ERR635351	0.352846	0.342142	0.356545	0.351669	0.365949	0.355654	0.392018	0.41282	0.347805	0.358976	0.404208	0.344842	0.418708	0.421725	0.420245	0.431285	0.43017	0.432338	0.42057	0.423821	0.404119	0.458726	0.408579	0.416737	0.288286	0.288158	0.290739	0.289396	0.357748	0.289498	0.522461	0.493348	0.534506	0.48753	0.5218	0.52539	0.246977	0.228281	0.22848	0	0.229944	0.247808	0.393547	0.3946	0.393203	0.395004	0.401833	0.391945	0.338588	0.29688	0.312654	0.338778	0.335608	0.315933	0.268253	0.2865	0.286623	0.281193	0.268381	0.26792	0.482592	0.484012	0.483643	0.48471	0.481727	0.483833	0.365387	0.398427	0.364216	0.420853	0.368024	0.388676	0.424431	0.427957	0.41735	0.418494	0.428482	0.41643	0.37129	0.375905	0.366886	0.36876	0.361121	0.363363	0.387788	0.397361	0.380854	0.393016	0.384407	0.396357	0.335368	0.316369	0.379071	0.332535	0.324017	0.33583
ERR635346	0.348308	0.338056	0.351493	0.347327	0.360644	0.351062	0.3897	0.410164	0.346904	0.356957	0.401757	0.344155	0.417632	0.419641	0.419708	0.428856	0.427957	0.429409	0.417326	0.42047	0.402414	0.453618	0.405637	0.412907	0.289791	0.289487	0.290834	0.290675	0.352711	0.291362	0.521159	0.492593	0.531709	0.487697	0.520609	0.523886	0.241552	0.229867	0.229843	0.229944	0	0.242217	0.388737	0.389843	0.388558	0.390122	0.396439	0.387631	0.334344	0.294298	0.308539	0.334321	0.331093	0.311725	0.269036	0.282637	0.282234	0.277607	0.26936	0.268558	0.488136	0.489506	0.488596	0.490615	0.48648	0.489334	0.370152	0.400311	0.368729	0.422987	0.372578	0.391883	0.427284	0.431702	0.422427	0.422408	0.432363	0.421731	0.371947	0.376178	0.368595	0.37017	0.363437	0.363944	0.394066	0.400722	0.385263	0.39712	0.390202	0.398008	0.332415	0.31556	0.373831	0.329349	0.321251	0.332495
ERR635347	0.326466	0.31945	0.327294	0.325518	0.33457	0.328946	0.378025	0.395298	0.349551	0.351183	0.388957	0.34776	0.421919	0.417394	0.424823	0.42106	0.421163	0.419488	0.40918	0.410585	0.406917	0.432359	0.402689	0.404015	0.304956	0.304835	0.300829	0.305201	0.330725	0.309058	0.518184	0.496783	0.523754	0.495757	0.518151	0.520374	0.230999	0.246688	0.246601	0.247808	0.242217	0	0.379639	0.379365	0.379262	0.379415	0.381617	0.37974	0.30971	0.283876	0.288786	0.309683	0.307693	0.291266	0.285518	0.26932	0.267837	0.266463	0.28581	0.283827	0.516322	0.517234	0.514547	0.51953	0.511599	0.516642	0.384126	0.399745	0.380826	0.421865	0.384485	0.397152	0.440126	0.447914	0.445492	0.440632	0.44879	0.445627	0.377962	0.379037	0.378958	0.378594	0.376837	0.371025	0.421626	0.416859	0.407466	0.415797	0.417413	0.405541	0.323115	0.323245	0.349412	0.320732	0.317665	0.321708
ERR637065	0.413841	0.407576	0.41357	0.412627	0.418529	0.41619	0.493579	0.506857	0.471244	0.470554	0.5024	0.469107	0.306804	0.300194	0.313455	0.311306	0.311632	0.30831	0.327916	0.32977	0.321519	0.354069	0.31552	0.315553	0.41195	0.411434	0.409707	0.412628	0.429871	0.41486	0.420507	0.389707	0.422913	0.389275	0.419951	0.423045	0.380178	0.391912	0.392154	0.393547	0.388737	0.379639	0	0.232526	0.232468	0.23231	0.234886	0.231796	0.427431	0.406818	0.410196	0.427733	0.426533	0.412952	0.403367	0.396316	0.391987	0.392117	0.404105	0.402524	0.604822	0.605994	0.604963	0.607335	0.602526	0.60564	0.486304	0.503956	0.484002	0.523	0.487715	0.501681	0.544598	0.550835	0.546295	0.543137	0.552596	0.545813	0.47939	0.480053	0.479583	0.479688	0.477552	0.472004	0.533732	0.535314	0.523171	0.533283	0.529511	0.523825	0.424899	0.420752	0.442399	0.421239	0.417678	0.422536
ERR637067	0.410243	0.404462	0.410619	0.40898	0.415067	0.41272	0.491929	0.504554	0.470906	0.470694	0.500281	0.469125	0.308516	0.299582	0.313634	0.307339	0.307601	0.3045	0.326001	0.327321	0.323868	0.351407	0.317201	0.315693	0.41296	0.412527	0.410679	0.41377	0.42979	0.415792	0.418991	0.390517	0.423425	0.390353	0.418422	0.421077	0.379055	0.393099	0.393303	0.3946	0.389843	0.379365	0.232526	0	0.230222	0.230134	0.234402	0.23218	0.423591	0.404721	0.407754	0.424041	0.422947	0.410235	0.405202	0.39496	0.391328	0.391561	0.405735	0.404027	0.606822	0.607933	0.606912	0.609284	0.604539	0.607526	0.483103	0.498459	0.480556	0.516874	0.48431	0.49668	0.545089	0.550867	0.546968	0.543839	0.552643	0.546474	0.479343	0.479937	0.479826	0.479598	0.477827	0.472455	0.534424	0.534511	0.523994	0.532867	0.530327	0.524572	0.423717	0.421418	0.440013	0.420394	0.417723	0.421219
ERR637068	0.410472	0.404507	0.411071	0.409407	0.41568	0.412941	0.491372	0.50424	0.469529	0.469926	0.499794	0.467698	0.306083	0.297643	0.311015	0.306287	0.306447	0.303959	0.324434	0.325828	0.32123	0.351894	0.315147	0.31436	0.4112	0.41096	0.409276	0.412043	0.430093	0.413985	0.417951	0.389022	0.423156	0.388228	0.417451	0.420313	0.378832	0.391771	0.391846	0.393203	0.388558	0.379262	0.232468	0.230222	0	0.230051	0.235454	0.231767	0.423851	0.403984	0.407779	0.42412	0.423025	0.410144	0.403719	0.39453	0.390898	0.391059	0.404181	0.402556	0.604235	0.60529	0.604318	0.606485	0.60203	0.604909	0.481338	0.497182	0.478822	0.515716	0.482408	0.495088	0.543094	0.548746	0.544489	0.54162	0.550509	0.544104	0.477956	0.478664	0.478231	0.47813	0.47601	0.470939	0.531739	0.532306	0.52155	0.530727	0.527684	0.523089	0.422995	0.420013	0.440108	0.419571	0.416731	0.420593
