	ERR622146	ERR622144	ERR622143	ERR622148	ERR622147	ERR622145	ERR629948	ERR629951	ERR629949	ERR629950	ERR629946	ERR629947	ERR617026	ERR617023	ERR617022	ERR617024	ERR617025	ERR617021	ERR617222	ERR617226	ERR617224	ERR617225	ERR617221	ERR617223	ERR608919	ERR608924	ERR608921	ERR608923	ERR608920	ERR608922	ERR613638	ERR613635	ERR613637	ERR613639	ERR613640	ERR613636	ERR608884	ERR608887	ERR608886	ERR608888	ERR608883	ERR608885	ERR607762	ERR607759	ERR607761	ERR607760	ERR637124	ERR637123	ERR616156	ERR616158	ERR616159	ERR616157	ERR616154	ERR616155	ERR612951	ERR612954	ERR612952	ERR612955	ERR612953	ERR612956	ERR616690	ERR616689	ERR616693	ERR616688	ERR616691	ERR616692	ERR617033	ERR617037	ERR617038	ERR617036	ERR617034	ERR617035	ERR617468	ERR617466	ERR617467	ERR617464	ERR617465	ERR617463	ERR612584	ERR612588	ERR612586	ERR612585	ERR612587	ERR612583	ERR616715	ERR616717	ERR616712	ERR616714	ERR616716	ERR616713	ERR607599	ERR607601	ERR607598	ERR607597	ERR607600	ERR607602
ERR622146	5.19927e+09	5.72277e+09	4.78126e+09	4.89773e+09	4.9704e+09	5.98528e+09	6.26414e+09	5.78281e+09	5.82744e+09	5.75506e+09	6.31781e+09	5.81734e+09	5.26571e+09	5.78215e+09	5.6898e+09	5.26928e+09	5.20594e+09	5.55011e+09	5.4012e+09	5.09598e+09	5.72856e+09	5.77676e+09	5.1775e+09	5.38291e+09	5.01643e+09	5.31954e+09	6.35167e+09	5.37752e+09	6.10785e+09	5.43655e+09	5.34989e+09	5.87739e+09	5.6149e+09	5.31786e+09	4.59664e+09	5.78414e+09	6.63484e+09	5.67134e+09	5.59862e+09	5.5701e+09	6.50173e+09	6.64119e+09	5.64902e+09	6.50259e+09	5.71514e+09	5.67033e+09	6.53309e+09	6.38386e+09	4.37414e+09	5.10444e+09	5.19012e+09	5.08776e+09	4.50823e+09	4.78702e+09	5.93168e+09	5.20996e+09	4.71364e+09	5.0663e+09	5.64276e+09	5.12753e+09	4.32993e+09	4.58083e+09	5.24918e+09	4.49814e+09	5.23002e+09	5.2461e+09	4.16807e+09	3.7988e+09	3.82158e+09	3.85187e+09	4.30612e+09	4.40684e+09	5.64809e+09	5.82953e+09	5.88248e+09	5.35635e+09	5.36698e+09	5.313e+09	4.27984e+09	4.45255e+09	4.51848e+09	4.93741e+09	4.51736e+09	5.16207e+09	5.07609e+09	5.09598e+09	4.74744e+09	4.55436e+09	5.05465e+09	4.82845e+09	5.3592e+09	5.86316e+09	5.31901e+09	5.84e+09	5.8592e+09	5.8679e+09
ERR622144	5.72277e+09	6.80411e+09	5.45081e+09	5.57331e+09	5.66083e+09	6.90755e+09	7.26105e+09	6.67924e+09	6.73405e+09	6.64545e+09	7.32769e+09	6.71695e+09	6.01953e+09	6.641e+09	6.52973e+09	6.02114e+09	5.94473e+09	6.36242e+09	6.17086e+09	5.80687e+09	6.56809e+09	6.62714e+09	5.90247e+09	6.14696e+09	5.74288e+09	6.0958e+09	7.36076e+09	6.16629e+09	7.06545e+09	6.23828e+09	6.12024e+09	6.77027e+09	6.45217e+09	6.08215e+09	5.21261e+09	6.65976e+09	7.69978e+09	6.51762e+09	6.42855e+09	6.39367e+09	7.53841e+09	7.70886e+09	6.50811e+09	7.54701e+09	6.58837e+09	6.53365e+09	7.58208e+09	7.40197e+09	4.94854e+09	5.82563e+09	5.92849e+09	5.80453e+09	5.11043e+09	5.44195e+09	6.84178e+09	5.96197e+09	5.36955e+09	5.7882e+09	6.49054e+09	5.86219e+09	4.90464e+09	5.20448e+09	6.01306e+09	5.1065e+09	5.98948e+09	6.00926e+09	4.73334e+09	4.30043e+09	4.32831e+09	4.36295e+09	4.89315e+09	5.01053e+09	6.49469e+09	6.71309e+09	6.77758e+09	6.13685e+09	6.14972e+09	6.08706e+09	4.83831e+09	5.04197e+09	5.12065e+09	5.62603e+09	5.12023e+09	5.89448e+09	5.80592e+09	5.8306e+09	5.40739e+09	5.17237e+09	5.78058e+09	5.50506e+09	6.16643e+09	6.77684e+09	6.11735e+09	6.75164e+09	6.77327e+09	6.78257e+09
ERR622143	4.78126e+09	5.45081e+09	4.76358e+09	4.66671e+09	4.73407e+09	5.68755e+09	5.93522e+09	5.50954e+09	5.54938e+09	5.48391e+09	5.98555e+09	5.52492e+09	5.01186e+09	5.45989e+09	5.37723e+09	5.00782e+09	4.95042e+09	5.26087e+09	5.06743e+09	4.81672e+09	5.37161e+09	5.41694e+09	4.86974e+09	5.0458e+09	4.82149e+09	5.06629e+09	6.0288e+09	5.12041e+09	5.81108e+09	5.17571e+09	5.06957e+09	5.5728e+09	5.33892e+09	5.04039e+09	4.37876e+09	5.49615e+09	6.27564e+09	5.37603e+09	5.30495e+09	5.2799e+09	6.1586e+09	6.28727e+09	5.38447e+09	6.1718e+09	5.44564e+09	5.40226e+09	6.19248e+09	6.06206e+09	4.09946e+09	4.79731e+09	4.87523e+09	4.77874e+09	4.23457e+09	4.49042e+09	5.59025e+09	4.90944e+09	4.46057e+09	4.77646e+09	5.32653e+09	4.8322e+09	4.09734e+09	4.33673e+09	4.96779e+09	4.26116e+09	4.94951e+09	4.96529e+09	3.91036e+09	3.57918e+09	3.60538e+09	3.62772e+09	4.02782e+09	4.11784e+09	5.33127e+09	5.48975e+09	5.53994e+09	5.04849e+09	5.05729e+09	5.02023e+09	4.03111e+09	4.18566e+09	4.2481e+09	4.6462e+09	4.24837e+09	4.84466e+09	4.82099e+09	4.84084e+09	4.50797e+09	4.32048e+09	4.80269e+09	4.58265e+09	5.10834e+09	5.57689e+09	5.07702e+09	5.55785e+09	5.57239e+09	5.5802e+09
ERR622148	4.89773e+09	5.57331e+09	4.66671e+09	4.95138e+09	4.84905e+09	5.82582e+09	6.09375e+09	5.63044e+09	5.67405e+09	5.60439e+09	6.14605e+09	5.66351e+09	5.13227e+09	5.62976e+09	5.54049e+09	5.13527e+09	5.07415e+09	5.40586e+09	5.26224e+09	4.96881e+09	5.57857e+09	5.62517e+09	5.04688e+09	5.24457e+09	4.88923e+09	5.18158e+09	6.17543e+09	5.23739e+09	5.94049e+09	5.29416e+09	5.21273e+09	5.7207e+09	5.4687e+09	5.18229e+09	4.48673e+09	5.63161e+09	6.4493e+09	5.5214e+09	5.45135e+09	5.42416e+09	6.3217e+09	6.45602e+09	5.50047e+09	6.32361e+09	5.56386e+09	5.52057e+09	6.35276e+09	6.20877e+09	4.27101e+09	4.97736e+09	5.05997e+09	4.96134e+09	4.40152e+09	4.67081e+09	5.77418e+09	5.0781e+09	4.59874e+09	4.93911e+09	5.49534e+09	4.9987e+09	4.23032e+09	4.47296e+09	5.11765e+09	4.39321e+09	5.0994e+09	5.11447e+09	4.06964e+09	3.71151e+09	3.73374e+09	3.7633e+09	4.20314e+09	4.30022e+09	5.50257e+09	5.67676e+09	5.72749e+09	5.22074e+09	5.23117e+09	5.17862e+09	4.18046e+09	4.34701e+09	4.41138e+09	4.81559e+09	4.40993e+09	5.03179e+09	4.95e+09	4.96964e+09	4.63349e+09	4.44714e+09	4.92946e+09	4.71152e+09	5.22217e+09	5.70699e+09	5.18281e+09	5.68497e+09	5.70359e+09	5.71215e+09
ERR622147	4.9704e+09	5.66083e+09	4.73407e+09	4.84905e+09	5.09581e+09	5.9192e+09	6.19148e+09	5.71893e+09	5.76327e+09	5.69205e+09	6.24534e+09	5.75315e+09	5.21101e+09	5.71991e+09	5.62807e+09	5.21377e+09	5.15167e+09	5.491e+09	5.34452e+09	5.04405e+09	5.6674e+09	5.71481e+09	5.12453e+09	5.32625e+09	4.96269e+09	5.26222e+09	6.27642e+09	5.31966e+09	6.03718e+09	5.37661e+09	5.29422e+09	5.81302e+09	5.55497e+09	5.26262e+09	4.55224e+09	5.72187e+09	6.5569e+09	5.60933e+09	5.53813e+09	5.50994e+09	6.42624e+09	6.56348e+09	5.58587e+09	6.42731e+09	5.65098e+09	5.60654e+09	6.45695e+09	6.30949e+09	4.33223e+09	5.05301e+09	5.13748e+09	5.03679e+09	4.46517e+09	4.73975e+09	5.86754e+09	5.15675e+09	4.66749e+09	5.01493e+09	5.58203e+09	5.07575e+09	4.28932e+09	4.53698e+09	5.19526e+09	4.45516e+09	5.17666e+09	5.19247e+09	4.12863e+09	3.76408e+09	3.7863e+09	3.81646e+09	4.26453e+09	4.36385e+09	5.5882e+09	5.76738e+09	5.81849e+09	5.30108e+09	5.31187e+09	5.25826e+09	4.24086e+09	4.41066e+09	4.47639e+09	4.88914e+09	4.47494e+09	5.11028e+09	5.02502e+09	5.04502e+09	4.70101e+09	4.51066e+09	5.00406e+09	4.78113e+09	5.30327e+09	5.79776e+09	5.26273e+09	5.77491e+09	5.79445e+09	5.80258e+09
ERR622145	5.98528e+09	6.90755e+09	5.68755e+09	5.82582e+09	5.9192e+09	7.48871e+09	7.64375e+09	7.00863e+09	7.06803e+09	6.97273e+09	7.71538e+09	7.05378e+09	6.30316e+09	6.98202e+09	6.86112e+09	6.30681e+09	6.22503e+09	6.67667e+09	6.49551e+09	6.09219e+09	6.92387e+09	6.98728e+09	6.20273e+09	6.47097e+09	5.997e+09	6.38356e+09	7.74698e+09	6.45925e+09	7.42331e+09	6.53533e+09	6.41717e+09	7.11176e+09	6.76629e+09	6.3762e+09	5.44282e+09	6.98997e+09	8.11845e+09	6.84096e+09	6.74536e+09	6.70822e+09	7.9415e+09	8.12623e+09	6.82468e+09	7.94787e+09	6.91134e+09	6.85272e+09	7.98861e+09	7.79079e+09	5.18866e+09	6.11863e+09	6.22983e+09	6.09755e+09	5.35802e+09	5.71282e+09	7.20493e+09	6.26139e+09	5.62446e+09	6.07576e+09	6.82463e+09	6.15496e+09	5.1317e+09	5.44905e+09	6.30913e+09	5.34452e+09	6.28433e+09	6.30553e+09	4.97007e+09	4.50602e+09	4.53422e+09	4.57239e+09	5.14409e+09	5.27091e+09	6.83015e+09	7.06818e+09	7.13721e+09	6.44978e+09	6.46303e+09	6.3927e+09	5.06496e+09	5.28358e+09	5.36711e+09	5.90383e+09	5.36639e+09	6.19559e+09	6.08116e+09	6.1073e+09	5.65916e+09	5.41132e+09	6.05376e+09	5.7631e+09	6.46041e+09	7.11706e+09	6.40561e+09	7.08867e+09	7.11259e+09	7.12361e+09
ERR629948	6.26414e+09	7.26105e+09	5.93522e+09	6.09375e+09	6.19148e+09	7.64375e+09	9.55092e+09	8.44419e+09	8.51857e+09	8.3981e+09	9.37328e+09	8.51806e+09	6.63374e+09	7.39122e+09	7.25256e+09	6.63822e+09	6.55026e+09	7.04594e+09	6.97515e+09	6.50825e+09	7.45493e+09	7.53173e+09	6.64344e+09	6.9518e+09	6.255e+09	6.68152e+09	8.182e+09	6.76264e+09	7.81873e+09	6.8445e+09	6.90179e+09	7.68836e+09	7.28292e+09	6.85355e+09	5.81557e+09	7.5473e+09	8.77908e+09	7.30798e+09	7.20275e+09	7.16219e+09	8.56787e+09	8.78531e+09	7.31923e+09	8.62496e+09	7.41564e+09	7.35009e+09	8.67708e+09	8.43769e+09	6.23448e+09	7.38008e+09	7.52204e+09	7.35788e+09	6.4422e+09	6.89185e+09	8.61694e+09	7.45358e+09	6.65222e+09	7.22477e+09	8.14015e+09	7.32649e+09	6.15492e+09	6.54277e+09	7.61738e+09	6.41304e+09	7.58952e+09	7.61308e+09	6.15735e+09	5.56484e+09	5.60005e+09	5.64846e+09	6.37932e+09	6.543e+09	8.2908e+09	8.59659e+09	8.67962e+09	7.82617e+09	7.84506e+09	7.74463e+09	6.0453e+09	6.3269e+09	6.42799e+09	7.0841e+09	6.42316e+09	7.45404e+09	7.18189e+09	7.21603e+09	6.66279e+09	6.367e+09	7.14861e+09	6.78967e+09	7.52267e+09	8.33403e+09	7.44903e+09	8.2978e+09	8.33049e+09	8.34562e+09
ERR629951	5.78281e+09	6.67924e+09	5.50954e+09	5.63044e+09	5.71893e+09	7.00863e+09	8.44419e+09	7.99707e+09	7.82176e+09	7.71877e+09	8.52379e+09	7.8022e+09	6.10685e+09	6.74491e+09	6.62548e+09	6.10583e+09	6.02756e+09	6.45631e+09	6.34042e+09	5.96412e+09	6.75844e+09	6.82579e+09	6.0601e+09	6.31699e+09	5.7965e+09	6.15325e+09	7.46513e+09	6.22481e+09	7.15796e+09	6.29886e+09	6.34184e+09	7.04344e+09	6.69744e+09	6.29922e+09	5.38284e+09	6.92909e+09	7.98693e+09	6.70601e+09	6.61038e+09	6.57629e+09	7.81116e+09	7.99941e+09	6.74018e+09	7.87775e+09	6.82458e+09	6.76528e+09	7.91407e+09	7.71556e+09	5.71321e+09	6.74083e+09	6.86159e+09	6.71724e+09	5.90815e+09	6.29909e+09	7.83476e+09	6.81937e+09	6.12585e+09	6.62e+09	7.43094e+09	6.70619e+09	5.68074e+09	6.03055e+09	6.98413e+09	5.91669e+09	6.95867e+09	6.98146e+09	5.62752e+09	5.11972e+09	5.15444e+09	5.19293e+09	5.80995e+09	5.94911e+09	7.55299e+09	7.80531e+09	7.87702e+09	7.13883e+09	7.15505e+09	7.08186e+09	5.56658e+09	5.80957e+09	5.90029e+09	6.4837e+09	5.8973e+09	6.79282e+09	6.61946e+09	6.64989e+09	6.15179e+09	5.88241e+09	6.59102e+09	6.26336e+09	6.94004e+09	7.64748e+09	6.88319e+09	7.61701e+09	7.64313e+09	7.6555e+09
ERR629949	5.82744e+09	6.73405e+09	5.54938e+09	5.67405e+09	5.76327e+09	7.06803e+09	8.51857e+09	7.82176e+09	8.12793e+09	7.78143e+09	8.59938e+09	7.86633e+09	6.15529e+09	6.80385e+09	6.68304e+09	6.15456e+09	6.07599e+09	6.51072e+09	6.39599e+09	6.01188e+09	6.81958e+09	6.88745e+09	6.11158e+09	6.37219e+09	5.83961e+09	6.20379e+09	7.5315e+09	6.27575e+09	7.21955e+09	6.35042e+09	6.39459e+09	7.10462e+09	6.75328e+09	6.35139e+09	5.42403e+09	6.98814e+09	8.05874e+09	6.76217e+09	6.66617e+09	6.63135e+09	7.88037e+09	8.07121e+09	6.7948e+09	7.94671e+09	6.8804e+09	6.82097e+09	7.98377e+09	7.78192e+09	5.75838e+09	6.79579e+09	6.91876e+09	6.77244e+09	5.9543e+09	6.34992e+09	7.90516e+09	6.87692e+09	6.17418e+09	6.67538e+09	7.4951e+09	6.76296e+09	5.72169e+09	6.07524e+09	7.03995e+09	5.95984e+09	7.01478e+09	7.03734e+09	5.67178e+09	5.15663e+09	5.19153e+09	5.23072e+09	5.85632e+09	5.99818e+09	7.61634e+09	7.87273e+09	7.94476e+09	7.19721e+09	7.21414e+09	7.13856e+09	5.60807e+09	5.85496e+09	5.94666e+09	6.53598e+09	5.94288e+09	6.85058e+09	6.66982e+09	6.70177e+09	6.19777e+09	5.92518e+09	6.641e+09	6.31027e+09	6.99387e+09	7.71063e+09	6.93585e+09	7.67944e+09	7.70635e+09	7.71866e+09
ERR629950	5.75506e+09	6.64545e+09	5.48391e+09	5.60439e+09	5.69205e+09	6.97273e+09	8.3981e+09	7.71877e+09	7.78143e+09	7.91734e+09	8.47693e+09	7.76138e+09	6.07801e+09	6.71137e+09	6.59268e+09	6.07633e+09	5.99988e+09	6.42551e+09	6.30914e+09	5.93597e+09	6.72437e+09	6.79087e+09	6.03116e+09	6.28563e+09	5.76763e+09	6.12253e+09	7.42364e+09	6.19378e+09	7.11954e+09	6.26666e+09	6.31083e+09	7.00908e+09	6.66488e+09	6.26849e+09	5.35898e+09	6.89442e+09	7.94224e+09	6.67048e+09	6.57619e+09	6.54246e+09	7.76743e+09	7.95446e+09	6.70457e+09	7.83423e+09	6.78835e+09	6.72957e+09	7.87096e+09	7.67328e+09	5.68537e+09	6.70482e+09	6.82555e+09	6.68148e+09	5.87898e+09	6.26675e+09	7.79255e+09	6.78468e+09	6.09656e+09	6.58704e+09	7.39152e+09	6.67285e+09	5.65404e+09	6.00183e+09	6.94844e+09	5.88905e+09	6.9238e+09	6.94616e+09	5.60133e+09	5.09685e+09	5.13136e+09	5.16939e+09	5.78188e+09	5.92001e+09	7.51279e+09	7.7625e+09	7.83385e+09	7.10143e+09	7.1172e+09	7.04534e+09	5.53961e+09	5.78119e+09	5.87098e+09	6.45055e+09	5.86796e+09	6.7571e+09	6.58671e+09	6.61758e+09	6.12249e+09	5.85453e+09	6.55837e+09	6.23349e+09	6.90515e+09	7.60668e+09	6.84852e+09	7.57659e+09	7.60286e+09	7.61479e+09
ERR629946	6.31781e+09	7.32769e+09	5.98555e+09	6.14605e+09	6.24534e+09	7.71538e+09	9.37328e+09	8.52379e+09	8.59938e+09	8.47693e+09	9.74532e+09	8.60011e+09	6.69576e+09	7.46477e+09	7.32411e+09	6.70075e+09	6.61107e+09	7.11357e+09	7.04702e+09	6.57294e+09	7.53351e+09	7.61175e+09	6.70978e+09	7.02357e+09	6.30996e+09	6.74161e+09	8.26357e+09	6.82346e+09	7.89418e+09	6.9067e+09	6.96431e+09	7.76183e+09	7.34994e+09	6.91558e+09	5.86469e+09	7.61851e+09	8.86792e+09	7.37448e+09	7.26803e+09	7.22682e+09	8.65251e+09	8.87448e+09	7.38427e+09	8.71044e+09	7.48238e+09	7.41561e+09	8.76295e+09	8.5197e+09	6.28994e+09	7.45145e+09	7.59506e+09	7.42841e+09	6.50008e+09	6.95599e+09	8.70308e+09	7.52245e+09	6.7087e+09	7.29017e+09	8.21868e+09	7.39282e+09	6.20808e+09	6.60038e+09	7.69015e+09	6.46892e+09	7.6617e+09	7.68553e+09	6.21889e+09	5.61796e+09	5.65363e+09	5.70253e+09	6.44441e+09	6.61116e+09	8.37505e+09	8.68713e+09	8.77126e+09	7.90329e+09	7.92362e+09	7.82012e+09	6.09751e+09	6.38298e+09	6.48579e+09	7.15122e+09	6.48039e+09	7.5265e+09	7.24543e+09	7.28046e+09	6.72047e+09	6.42132e+09	7.21232e+09	6.84873e+09	7.5883e+09	8.41158e+09	7.51312e+09	8.3744e+09	8.40828e+09	8.42302e+09
ERR629947	5.81734e+09	6.71695e+09	5.52492e+09	5.66351e+09	5.75315e+09	7.05378e+09	8.51806e+09	7.8022e+09	7.86633e+09	7.76138e+09	8.60011e+09	8.10048e+09	6.14415e+09	6.80762e+09	6.68464e+09	6.1465e+09	6.06723e+09	6.50606e+09	6.41976e+09	6.01929e+09	6.84459e+09	6.91229e+09	6.12965e+09	6.39913e+09	5.81075e+09	6.18934e+09	7.5155e+09	6.2613e+09	7.20041e+09	6.3351e+09	6.39346e+09	7.09812e+09	6.74021e+09	6.35037e+09	5.41752e+09	6.97626e+09	8.05323e+09	6.75796e+09	6.66335e+09	6.62805e+09	7.87092e+09	8.06223e+09	6.77629e+09	7.93113e+09	6.8622e+09	6.80334e+09	7.97341e+09	7.76615e+09	5.79035e+09	6.82274e+09	6.94689e+09	6.80099e+09	5.98244e+09	6.38211e+09	7.92074e+09	6.89457e+09	6.18258e+09	6.69147e+09	7.50687e+09	6.78023e+09	5.73516e+09	6.08653e+09	7.04952e+09	5.96995e+09	7.02439e+09	7.04658e+09	5.7001e+09	5.1762e+09	5.20864e+09	5.25095e+09	5.89314e+09	6.03768e+09	7.63138e+09	7.89462e+09	7.96685e+09	7.21824e+09	7.23552e+09	7.15146e+09	5.62998e+09	5.88019e+09	5.97195e+09	6.56083e+09	5.9681e+09	6.88221e+09	6.66895e+09	6.70022e+09	6.19934e+09	5.9309e+09	6.64009e+09	6.31268e+09	6.98362e+09	7.70105e+09	6.9217e+09	7.66862e+09	7.69675e+09	7.70948e+09
ERR617026	5.26571e+09	6.01953e+09	5.01186e+09	5.13227e+09	5.21101e+09	6.30316e+09	6.63374e+09	6.10685e+09	6.15529e+09	6.07801e+09	6.69576e+09	6.14415e+09	5.97179e+09	6.3166e+09	6.20953e+09	5.75631e+09	5.6868e+09	6.0553e+09	5.89496e+09	5.57164e+09	6.26152e+09	6.31683e+09	5.64576e+09	5.87464e+09	5.29683e+09	5.62378e+09	6.76514e+09	5.6866e+09	6.49107e+09	5.74967e+09	5.68223e+09	6.26356e+09	5.97117e+09	5.64718e+09	4.86306e+09	6.16298e+09	7.03725e+09	5.94883e+09	5.86895e+09	5.8412e+09	6.88345e+09	7.05021e+09	5.86045e+09	6.86401e+09	5.936e+09	5.88381e+09	6.89259e+09	6.71977e+09	4.653e+09	5.47055e+09	5.56498e+09	5.45178e+09	4.80613e+09	5.11405e+09	6.27686e+09	5.48437e+09	4.9408e+09	5.32733e+09	5.96031e+09	5.39728e+09	4.5739e+09	4.84646e+09	5.59355e+09	4.75945e+09	5.57385e+09	5.59023e+09	4.53654e+09	4.13748e+09	4.16477e+09	4.19746e+09	4.68548e+09	4.80197e+09	6.05191e+09	6.24989e+09	6.30835e+09	5.72822e+09	5.74133e+09	5.68241e+09	4.54873e+09	4.74131e+09	4.81285e+09	5.27682e+09	4.81132e+09	5.52036e+09	5.35795e+09	5.37899e+09	4.99021e+09	4.7817e+09	5.33416e+09	5.07573e+09	5.57065e+09	6.12225e+09	5.5299e+09	6.09597e+09	6.11804e+09	6.12814e+09
ERR617023	5.78215e+09	6.641e+09	5.45989e+09	5.62976e+09	5.71991e+09	6.98202e+09	7.39122e+09	6.74491e+09	6.80385e+09	6.71137e+09	7.46477e+09	6.80762e+09	6.3166e+09	7.2834e+09	6.90241e+09	6.32635e+09	6.2447e+09	6.69977e+09	6.5883e+09	6.15316e+09	7.01931e+09	7.08324e+09	6.2792e+09	6.56811e+09	5.77942e+09	6.19186e+09	7.52685e+09	6.2631e+09	7.19257e+09	6.33571e+09	6.27872e+09	6.94193e+09	6.5879e+09	6.23933e+09	5.32196e+09	6.81112e+09	7.87098e+09	6.59517e+09	6.50623e+09	6.47102e+09	7.68048e+09	7.87643e+09	6.46436e+09	7.64055e+09	6.5531e+09	6.49499e+09	7.68633e+09	7.47103e+09	5.16982e+09	6.0866e+09	6.19917e+09	6.06861e+09	5.33197e+09	5.69134e+09	7.01541e+09	6.10042e+09	5.46093e+09	5.91731e+09	6.63485e+09	5.99952e+09	5.04017e+09	5.34649e+09	6.19048e+09	5.24398e+09	6.16858e+09	6.18618e+09	5.03536e+09	4.55819e+09	4.58317e+09	4.62633e+09	5.22303e+09	5.35888e+09	6.73993e+09	6.98614e+09	7.05356e+09	6.37722e+09	6.39119e+09	6.30524e+09	5.02488e+09	5.2515e+09	5.33292e+09	5.85688e+09	5.32922e+09	6.15465e+09	5.90517e+09	5.92872e+09	5.49712e+09	5.26519e+09	5.8771e+09	5.59737e+09	6.14243e+09	6.78003e+09	6.08451e+09	6.74792e+09	6.77673e+09	6.78925e+09
ERR617022	5.6898e+09	6.52973e+09	5.37723e+09	5.54049e+09	5.62807e+09	6.86112e+09	7.25256e+09	6.62548e+09	6.68304e+09	6.59268e+09	7.32411e+09	6.68464e+09	6.20953e+09	6.90241e+09	7.02976e+09	6.21942e+09	6.13947e+09	6.58336e+09	6.46856e+09	6.04691e+09	6.88826e+09	6.95061e+09	6.16884e+09	6.44739e+09	5.68933e+09	6.08851e+09	7.38976e+09	6.1582e+09	7.06553e+09	6.22902e+09	6.17059e+09	6.81595e+09	6.473e+09	6.13163e+09	5.23741e+09	6.69e+09	7.72193e+09	6.47908e+09	6.39288e+09	6.35863e+09	7.53801e+09	7.72735e+09	6.35362e+09	7.49934e+09	6.44022e+09	6.38302e+09	7.54353e+09	7.33494e+09	5.08176e+09	5.97679e+09	6.08624e+09	5.95959e+09	5.24083e+09	5.59112e+09	6.88208e+09	5.98884e+09	5.36613e+09	5.81062e+09	6.51139e+09	5.88998e+09	4.9569e+09	5.25836e+09	6.07962e+09	5.15764e+09	6.05846e+09	6.07545e+09	4.9477e+09	4.48018e+09	4.50558e+09	4.54711e+09	5.13097e+09	5.26233e+09	6.61648e+09	6.85551e+09	6.92102e+09	6.2622e+09	6.27553e+09	6.19295e+09	4.94057e+09	5.16113e+09	5.2405e+09	5.75276e+09	5.23788e+09	6.04259e+09	5.80255e+09	5.82523e+09	5.40588e+09	5.17896e+09	5.77543e+09	5.50377e+09	6.03731e+09	6.65935e+09	5.98078e+09	6.62848e+09	6.65519e+09	6.66779e+09
ERR617024	5.26928e+09	6.02114e+09	5.00782e+09	5.13527e+09	5.21377e+09	6.30681e+09	6.63822e+09	6.10583e+09	6.15456e+09	6.07633e+09	6.70075e+09	6.1465e+09	5.75631e+09	6.32635e+09	6.21942e+09	5.97695e+09	5.68947e+09	6.06131e+09	5.91318e+09	5.58148e+09	6.28048e+09	6.33575e+09	5.66136e+09	5.89395e+09	5.29111e+09	5.62549e+09	6.76958e+09	5.68823e+09	6.49317e+09	5.75096e+09	5.68777e+09	6.26694e+09	5.97234e+09	5.65255e+09	4.86482e+09	6.164e+09	7.04643e+09	5.95595e+09	5.87736e+09	5.84822e+09	6.89174e+09	7.05818e+09	5.86171e+09	6.86921e+09	5.93797e+09	5.88595e+09	6.89937e+09	6.72442e+09	4.6686e+09	5.48354e+09	5.57824e+09	5.46493e+09	4.81983e+09	5.12903e+09	6.28754e+09	5.49481e+09	4.94773e+09	5.33684e+09	5.96798e+09	5.40677e+09	4.58227e+09	4.85506e+09	5.60027e+09	4.76739e+09	5.58109e+09	5.59692e+09	4.54975e+09	4.1466e+09	4.17304e+09	4.20666e+09	4.70182e+09	4.81932e+09	6.06161e+09	6.26207e+09	6.32047e+09	5.73981e+09	5.75342e+09	5.69123e+09	4.55853e+09	4.75281e+09	4.8244e+09	5.28715e+09	4.8227e+09	5.53321e+09	5.36115e+09	5.38247e+09	4.99555e+09	4.78793e+09	5.33704e+09	5.0816e+09	5.56991e+09	6.12327e+09	5.52841e+09	6.09642e+09	6.11927e+09	6.12976e+09
ERR617025	5.20594e+09	5.94473e+09	4.95042e+09	5.07415e+09	5.15167e+09	6.22503e+09	6.55026e+09	6.02756e+09	6.07599e+09	5.99988e+09	6.61107e+09	6.06723e+09	5.6868e+09	6.2447e+09	6.13947e+09	5.68947e+09	5.83463e+09	5.9851e+09	5.83858e+09	5.51446e+09	6.19851e+09	6.25318e+09	5.59137e+09	5.81946e+09	5.22888e+09	5.5573e+09	6.68e+09	5.61872e+09	6.40917e+09	5.68076e+09	5.61813e+09	6.18806e+09	5.89856e+09	5.5842e+09	4.81066e+09	6.08727e+09	6.95058e+09	5.87978e+09	5.80218e+09	5.77446e+09	6.79865e+09	6.96272e+09	5.78653e+09	6.77624e+09	5.86141e+09	5.81035e+09	6.80555e+09	6.63395e+09	4.61329e+09	5.41495e+09	5.50804e+09	5.39728e+09	4.76258e+09	5.06645e+09	6.20414e+09	5.42551e+09	4.88844e+09	5.27054e+09	5.89134e+09	5.33945e+09	4.52926e+09	4.79773e+09	5.53032e+09	4.71131e+09	5.51186e+09	5.52744e+09	4.49695e+09	4.10019e+09	4.12619e+09	4.15935e+09	4.64582e+09	4.76126e+09	5.98471e+09	6.18098e+09	6.23845e+09	5.66767e+09	5.68147e+09	5.621e+09	4.50666e+09	4.69702e+09	4.76831e+09	5.22359e+09	4.76657e+09	5.46488e+09	5.2957e+09	5.31658e+09	4.93619e+09	4.7316e+09	5.27244e+09	5.02036e+09	5.50001e+09	6.04374e+09	5.45939e+09	6.01776e+09	6.03926e+09	6.05053e+09
ERR617021	5.55011e+09	6.36242e+09	5.26087e+09	5.40586e+09	5.491e+09	6.67667e+09	7.04594e+09	6.45631e+09	6.51072e+09	6.42551e+09	7.11357e+09	6.50606e+09	6.0553e+09	6.69977e+09	6.58336e+09	6.06131e+09	5.9851e+09	6.64221e+09	6.26237e+09	5.87984e+09	6.66288e+09	6.72303e+09	5.98457e+09	6.24155e+09	5.56374e+09	5.93566e+09	7.17978e+09	6.0034e+09	6.87561e+09	6.07154e+09	6.00636e+09	6.63221e+09	6.30797e+09	5.96863e+09	5.11377e+09	6.51601e+09	7.48839e+09	6.30085e+09	6.21686e+09	6.18461e+09	7.31642e+09	7.4972e+09	6.19362e+09	7.28757e+09	6.2764e+09	6.22106e+09	7.32457e+09	7.13087e+09	4.92973e+09	5.79706e+09	5.90146e+09	5.77907e+09	5.08708e+09	5.42165e+09	6.67414e+09	5.81618e+09	5.22391e+09	5.64575e+09	6.3236e+09	5.72186e+09	4.82607e+09	5.11786e+09	5.91381e+09	5.02143e+09	5.89328e+09	5.91039e+09	4.8015e+09	4.35709e+09	4.38367e+09	4.42162e+09	4.9695e+09	5.09517e+09	6.42069e+09	6.64429e+09	6.70693e+09	6.07597e+09	6.08952e+09	6.01848e+09	4.80424e+09	5.01357e+09	5.09055e+09	5.58604e+09	5.08868e+09	5.85871e+09	5.65423e+09	5.67724e+09	5.26708e+09	5.04516e+09	5.62874e+09	5.36079e+09	5.88681e+09	6.48384e+09	5.836e+09	6.45543e+09	6.4799e+09	6.49155e+09
ERR617222	5.4012e+09	6.17086e+09	5.06743e+09	5.26224e+09	5.34452e+09	6.49551e+09	6.97515e+09	6.34042e+09	6.39599e+09	6.30914e+09	7.04702e+09	6.41976e+09	5.89496e+09	6.5883e+09	6.46856e+09	5.91318e+09	5.83858e+09	6.26237e+09	6.77843e+09	6.07247e+09	6.9587e+09	7.02108e+09	6.22012e+09	6.52333e+09	5.31884e+09	5.73572e+09	6.98324e+09	5.79919e+09	6.653e+09	5.86521e+09	5.96635e+09	6.56964e+09	6.22119e+09	5.92788e+09	5.05872e+09	6.43466e+09	7.43719e+09	6.19317e+09	6.11195e+09	6.07968e+09	7.23985e+09	7.43696e+09	5.96131e+09	7.1459e+09	6.04899e+09	5.99339e+09	7.19872e+09	6.97426e+09	5.06383e+09	5.90605e+09	6.01355e+09	5.89433e+09	5.20483e+09	5.54835e+09	6.67535e+09	5.82505e+09	5.20799e+09	5.65189e+09	6.30743e+09	5.73253e+09	4.88569e+09	5.16943e+09	5.94675e+09	5.07106e+09	5.92752e+09	5.94182e+09	5.05906e+09	4.57743e+09	4.59996e+09	4.64745e+09	5.2552e+09	5.39344e+09	6.51597e+09	6.75953e+09	6.82222e+09	6.19005e+09	6.2052e+09	6.10429e+09	4.89291e+09	5.11815e+09	5.19305e+09	5.67826e+09	5.18597e+09	5.97436e+09	5.61867e+09	5.64022e+09	5.25171e+09	5.04625e+09	5.59362e+09	5.34511e+09	5.73444e+09	6.33439e+09	5.67216e+09	6.30121e+09	6.33252e+09	6.34531e+09
ERR617226	5.09598e+09	5.80687e+09	4.81672e+09	4.96881e+09	5.04405e+09	6.09219e+09	6.50825e+09	5.96412e+09	6.01188e+09	5.93597e+09	6.57294e+09	6.01929e+09	5.57164e+09	6.15316e+09	6.04691e+09	5.58148e+09	5.51446e+09	5.87984e+09	6.07247e+09	5.92394e+09	6.44901e+09	6.50611e+09	5.80441e+09	6.05611e+09	5.05235e+09	5.40322e+09	6.52722e+09	5.46197e+09	6.2414e+09	5.52246e+09	5.60184e+09	6.15885e+09	5.8554e+09	5.56589e+09	4.78328e+09	6.04883e+09	6.91373e+09	5.79791e+09	5.72097e+09	5.69495e+09	6.74606e+09	6.92395e+09	5.6089e+09	6.67768e+09	5.68795e+09	5.6356e+09	6.71294e+09	6.52263e+09	4.71085e+09	5.49887e+09	5.5923e+09	5.484e+09	4.85151e+09	5.15869e+09	6.20124e+09	5.42974e+09	4.88095e+09	5.27391e+09	5.88046e+09	5.3461e+09	4.58547e+09	4.84921e+09	5.57243e+09	4.76232e+09	5.55462e+09	5.56889e+09	4.72771e+09	4.30771e+09	4.33301e+09	4.37138e+09	4.89178e+09	5.0166e+09	6.07259e+09	6.27839e+09	6.33456e+09	5.76644e+09	5.78106e+09	5.706e+09	4.57892e+09	4.77931e+09	4.84846e+09	5.29951e+09	4.84338e+09	5.55201e+09	5.28391e+09	5.30479e+09	4.93594e+09	4.74166e+09	5.26229e+09	5.01943e+09	5.3931e+09	5.93947e+09	5.34701e+09	5.90995e+09	5.93637e+09	5.94763e+09
ERR617224	5.72856e+09	6.56809e+09	5.37161e+09	5.57857e+09	5.6674e+09	6.92387e+09	7.45493e+09	6.75844e+09	6.81958e+09	6.72437e+09	7.53351e+09	6.84459e+09	6.26152e+09	7.01931e+09	6.88826e+09	6.28048e+09	6.19851e+09	6.66288e+09	6.9587e+09	6.44901e+09	7.68836e+09	7.49713e+09	6.607e+09	6.94114e+09	5.64684e+09	6.09554e+09	7.46113e+09	6.16449e+09	7.09773e+09	6.2369e+09	6.33894e+09	7.00232e+09	6.62004e+09	6.29761e+09	5.3537e+09	6.85494e+09	7.95937e+09	6.59193e+09	6.50333e+09	6.46815e+09	7.74077e+09	7.95871e+09	6.34471e+09	7.63817e+09	6.44009e+09	6.3796e+09	7.69742e+09	7.44947e+09	5.35891e+09	6.27658e+09	6.39457e+09	6.26301e+09	5.51241e+09	5.88656e+09	7.1257e+09	6.19529e+09	5.52487e+09	6.00744e+09	6.72187e+09	6.0952e+09	5.16755e+09	5.47459e+09	6.32265e+09	5.36853e+09	6.30085e+09	6.31674e+09	5.35597e+09	4.83702e+09	4.86111e+09	4.91171e+09	5.56775e+09	5.71799e+09	6.94362e+09	7.21237e+09	7.28211e+09	6.58595e+09	6.60172e+09	6.49198e+09	5.17379e+09	5.41777e+09	5.49951e+09	6.02721e+09	5.49144e+09	6.35122e+09	5.96591e+09	5.98986e+09	5.56593e+09	5.3428e+09	5.93922e+09	5.66813e+09	6.10011e+09	6.75399e+09	6.03294e+09	6.7178e+09	6.75207e+09	6.76671e+09
ERR617225	5.77676e+09	6.62714e+09	5.41694e+09	5.62517e+09	5.71481e+09	6.98728e+09	7.53173e+09	6.82579e+09	6.88745e+09	6.79087e+09	7.61175e+09	6.91229e+09	6.31683e+09	7.08324e+09	6.95061e+09	6.33575e+09	6.25318e+09	6.72303e+09	7.02108e+09	6.50611e+09	7.49713e+09	7.83117e+09	6.66565e+09	7.00404e+09	5.69501e+09	6.14798e+09	7.53271e+09	6.21811e+09	7.16399e+09	6.29082e+09	6.39457e+09	7.06768e+09	6.68077e+09	6.35214e+09	5.39777e+09	6.91861e+09	8.03853e+09	6.65004e+09	6.56013e+09	6.52446e+09	7.81617e+09	8.03826e+09	6.40353e+09	7.71473e+09	6.49927e+09	6.43858e+09	7.77433e+09	7.52338e+09	5.40515e+09	6.33521e+09	6.45465e+09	6.32172e+09	5.5607e+09	5.93925e+09	7.19828e+09	6.2543e+09	5.57581e+09	6.06319e+09	6.78835e+09	6.1528e+09	5.21312e+09	5.52385e+09	6.38376e+09	5.41673e+09	6.36245e+09	6.37844e+09	5.40652e+09	4.88209e+09	4.90684e+09	4.95811e+09	5.62103e+09	5.7726e+09	7.01313e+09	7.28547e+09	7.35594e+09	6.64971e+09	6.66637e+09	6.5554e+09	5.21998e+09	5.46674e+09	5.54916e+09	6.08461e+09	5.54165e+09	6.41189e+09	6.02236e+09	6.04634e+09	5.61658e+09	5.39032e+09	5.99507e+09	5.71972e+09	6.15885e+09	6.8213e+09	6.09008e+09	6.78427e+09	6.81906e+09	6.83398e+09
ERR617221	5.1775e+09	5.90247e+09	4.86974e+09	5.04688e+09	5.12453e+09	6.20273e+09	6.64344e+09	6.0601e+09	6.11158e+09	6.03116e+09	6.70978e+09	6.12965e+09	5.64576e+09	6.2792e+09	6.16884e+09	5.66136e+09	5.59137e+09	5.98457e+09	6.22012e+09	5.80441e+09	6.607e+09	6.66565e+09	6.15304e+09	6.20504e+09	5.10705e+09	5.49108e+09	6.65276e+09	5.55152e+09	6.35005e+09	5.61343e+09	5.70541e+09	6.27304e+09	5.95145e+09	5.66945e+09	4.85684e+09	6.15134e+09	7.06655e+09	5.91329e+09	5.83692e+09	5.80763e+09	6.8873e+09	7.07026e+09	5.70408e+09	6.80751e+09	5.78597e+09	5.73335e+09	6.85224e+09	6.64811e+09	4.8351e+09	5.62993e+09	5.72846e+09	5.61731e+09	4.97119e+09	5.29123e+09	6.34896e+09	5.55602e+09	4.98212e+09	5.39473e+09	6.01093e+09	5.4697e+09	4.67824e+09	4.94569e+09	5.67888e+09	4.85452e+09	5.66126e+09	5.67519e+09	4.83238e+09	4.38403e+09	4.40656e+09	4.44945e+09	5.01036e+09	5.14021e+09	6.20464e+09	6.42687e+09	6.48531e+09	5.89733e+09	5.91205e+09	5.82438e+09	4.68259e+09	4.89213e+09	4.96294e+09	5.42067e+09	4.95651e+09	5.69221e+09	5.37592e+09	5.39642e+09	5.02708e+09	4.83302e+09	5.35304e+09	5.11478e+09	5.48796e+09	6.04974e+09	5.43246e+09	6.01869e+09	6.04691e+09	6.05917e+09
ERR617223	5.38291e+09	6.14696e+09	5.0458e+09	5.24457e+09	5.32625e+09	6.47097e+09	6.9518e+09	6.31699e+09	6.37219e+09	6.28563e+09	7.02357e+09	6.39913e+09	5.87464e+09	6.56811e+09	6.44739e+09	5.89395e+09	5.81946e+09	6.24155e+09	6.52333e+09	6.05611e+09	6.94114e+09	7.00404e+09	6.20504e+09	6.74584e+09	5.29414e+09	5.7137e+09	6.95533e+09	5.77741e+09	6.62528e+09	5.84279e+09	5.94843e+09	6.54836e+09	6.19962e+09	5.9104e+09	5.04326e+09	6.4132e+09	7.41109e+09	6.17461e+09	6.09313e+09	6.06111e+09	7.21413e+09	7.41145e+09	5.93988e+09	7.11959e+09	6.02631e+09	5.97181e+09	7.1727e+09	6.94799e+09	5.05671e+09	5.89529e+09	6.00215e+09	5.88321e+09	5.19603e+09	5.53919e+09	6.65573e+09	5.81119e+09	5.19452e+09	5.6384e+09	6.28956e+09	5.71954e+09	4.87443e+09	5.15554e+09	5.93089e+09	5.05849e+09	5.912e+09	5.92623e+09	5.05034e+09	4.5702e+09	4.59244e+09	4.64046e+09	5.24683e+09	5.3863e+09	6.49772e+09	6.74154e+09	6.80389e+09	6.17429e+09	6.19034e+09	6.08836e+09	4.88342e+09	5.10892e+09	5.18358e+09	5.66688e+09	5.17634e+09	5.96239e+09	5.60252e+09	5.62375e+09	5.23613e+09	5.03286e+09	5.57734e+09	5.32899e+09	5.71424e+09	6.31259e+09	5.65257e+09	6.27862e+09	6.31051e+09	6.32353e+09
ERR608919	5.01643e+09	5.74288e+09	4.82149e+09	4.88923e+09	4.96269e+09	5.997e+09	6.255e+09	5.7965e+09	5.83961e+09	5.76763e+09	6.30996e+09	5.81075e+09	5.29683e+09	5.77942e+09	5.68933e+09	5.29111e+09	5.22888e+09	5.56374e+09	5.31884e+09	5.05235e+09	5.64684e+09	5.69501e+09	5.10705e+09	5.29414e+09	5.51726e+09	5.62035e+09	6.73517e+09	5.68251e+09	6.47498e+09	5.74735e+09	5.33621e+09	5.8848e+09	5.63163e+09	5.30444e+09	4.58994e+09	5.80278e+09	6.66867e+09	5.70374e+09	5.6259e+09	5.59762e+09	6.54506e+09	6.68016e+09	5.73904e+09	6.56529e+09	5.80425e+09	5.75787e+09	6.58708e+09	6.45147e+09	4.22835e+09	4.98147e+09	5.06545e+09	4.96116e+09	4.3745e+09	4.64818e+09	5.86405e+09	5.123e+09	4.63877e+09	4.97952e+09	5.5785e+09	5.0382e+09	4.23209e+09	4.48973e+09	5.17524e+09	4.40879e+09	5.15448e+09	5.17234e+09	3.99333e+09	3.64627e+09	3.67365e+09	3.69762e+09	4.11752e+09	4.2113e+09	5.55864e+09	5.73035e+09	5.7845e+09	5.25124e+09	5.25978e+09	5.22208e+09	4.15451e+09	4.31963e+09	4.387e+09	4.81605e+09	4.38785e+09	5.02923e+09	5.03462e+09	5.05616e+09	4.69301e+09	4.4869e+09	5.01369e+09	4.77339e+09	5.37827e+09	5.88755e+09	5.34528e+09	5.86769e+09	5.88295e+09	5.8906e+09
ERR608924	5.31954e+09	6.0958e+09	5.06629e+09	5.18158e+09	5.26222e+09	6.38356e+09	6.68152e+09	6.15325e+09	6.20379e+09	6.12253e+09	6.74161e+09	6.18934e+09	5.62378e+09	6.19186e+09	6.08851e+09	5.62549e+09	5.5573e+09	5.93566e+09	5.73572e+09	5.40322e+09	6.09554e+09	6.14798e+09	5.49108e+09	5.7137e+09	5.62035e+09	6.20553e+09	7.22314e+09	6.06649e+09	6.9217e+09	6.13607e+09	5.69253e+09	6.27896e+09	5.98977e+09	5.65811e+09	4.86687e+09	6.17774e+09	7.13597e+09	6.08483e+09	6.00396e+09	5.97172e+09	6.99278e+09	7.14253e+09	6.08702e+09	7.00209e+09	6.1586e+09	6.11003e+09	7.03484e+09	6.87488e+09	4.56058e+09	5.36188e+09	5.45597e+09	5.34362e+09	4.70846e+09	5.01252e+09	6.29771e+09	5.50009e+09	4.95658e+09	5.34217e+09	5.97963e+09	5.40866e+09	4.51883e+09	4.79233e+09	5.53096e+09	4.70311e+09	5.50946e+09	5.52749e+09	4.30384e+09	3.91066e+09	3.93534e+09	3.96735e+09	4.4515e+09	4.55888e+09	5.96046e+09	6.15966e+09	6.21792e+09	5.63693e+09	5.6476e+09	5.59055e+09	4.45883e+09	4.64489e+09	4.71846e+09	5.17676e+09	4.71745e+09	5.42299e+09	5.35891e+09	5.38142e+09	4.99372e+09	4.77918e+09	5.33536e+09	5.08317e+09	5.70609e+09	6.26122e+09	5.66221e+09	6.23667e+09	6.25739e+09	6.2664e+09
ERR608921	6.35167e+09	7.36076e+09	6.0288e+09	6.17543e+09	6.27642e+09	7.74698e+09	8.182e+09	7.46513e+09	7.5315e+09	7.42364e+09	8.26357e+09	7.5155e+09	6.76514e+09	7.52685e+09	7.38976e+09	6.76958e+09	6.68e+09	7.17978e+09	6.98324e+09	6.52722e+09	7.46113e+09	7.53271e+09	6.65276e+09	6.95533e+09	6.73517e+09	7.22314e+09	9.17455e+09	7.31286e+09	8.47228e+09	7.40418e+09	6.84815e+09	7.6219e+09	7.23383e+09	6.80248e+09	5.77702e+09	7.48474e+09	8.78224e+09	7.339e+09	7.23304e+09	7.18884e+09	8.58099e+09	8.78855e+09	7.34439e+09	8.59803e+09	7.44125e+09	7.37562e+09	8.6448e+09	8.42128e+09	5.44651e+09	6.46681e+09	6.58959e+09	6.4448e+09	5.62976e+09	6.02042e+09	7.68072e+09	6.62677e+09	5.92273e+09	6.4208e+09	7.2532e+09	6.50855e+09	5.38258e+09	5.72744e+09	6.67864e+09	5.6146e+09	6.65084e+09	6.67437e+09	5.20492e+09	4.70057e+09	4.73203e+09	4.77331e+09	5.39689e+09	5.5361e+09	7.25978e+09	7.52726e+09	7.60496e+09	6.83754e+09	6.85263e+09	6.77277e+09	5.30836e+09	5.54934e+09	5.64081e+09	6.23063e+09	5.63991e+09	6.55441e+09	6.43347e+09	6.46214e+09	5.96736e+09	5.6939e+09	6.40291e+09	6.0815e+09	6.86316e+09	7.60005e+09	6.80232e+09	7.56924e+09	7.59526e+09	7.60747e+09
ERR608923	5.37752e+09	6.16629e+09	5.12041e+09	5.23739e+09	5.31966e+09	6.45925e+09	6.76264e+09	6.22481e+09	6.27575e+09	6.19378e+09	6.82346e+09	6.2613e+09	5.6866e+09	6.2631e+09	6.1582e+09	5.68823e+09	5.61872e+09	6.0034e+09	5.79919e+09	5.46197e+09	6.16449e+09	6.21811e+09	5.55152e+09	5.77741e+09	5.68251e+09	6.06649e+09	7.31286e+09	6.34712e+09	7.00619e+09	6.20675e+09	5.75605e+09	6.35182e+09	6.05761e+09	5.721e+09	4.91679e+09	6.2493e+09	7.22419e+09	6.15475e+09	6.07301e+09	6.03983e+09	7.07814e+09	7.22994e+09	6.15833e+09	7.08844e+09	6.23061e+09	6.18121e+09	7.12169e+09	6.95887e+09	4.60683e+09	5.42014e+09	5.51576e+09	5.40182e+09	4.75669e+09	5.06515e+09	6.3716e+09	5.56081e+09	5.00895e+09	5.40015e+09	6.04828e+09	5.46814e+09	4.56431e+09	4.84172e+09	5.59129e+09	4.75127e+09	5.56974e+09	5.58851e+09	4.34867e+09	3.94998e+09	3.97482e+09	4.00731e+09	4.4976e+09	4.60686e+09	6.02785e+09	6.23029e+09	6.2893e+09	5.69859e+09	5.71006e+09	5.6513e+09	4.50339e+09	4.69264e+09	4.76676e+09	5.23291e+09	4.76622e+09	5.48238e+09	5.41676e+09	5.44023e+09	5.04657e+09	4.82843e+09	5.39316e+09	5.13737e+09	5.77029e+09	6.33455e+09	5.72598e+09	6.31001e+09	6.33075e+09	6.34009e+09
ERR608920	6.10785e+09	7.06545e+09	5.81108e+09	5.94049e+09	6.03718e+09	7.42331e+09	7.81873e+09	7.15796e+09	7.21955e+09	7.11954e+09	7.89418e+09	7.20041e+09	6.49107e+09	7.19257e+09	7.06553e+09	6.49317e+09	6.40917e+09	6.87561e+09	6.653e+09	6.2414e+09	7.09773e+09	7.16399e+09	6.35005e+09	6.62528e+09	6.47498e+09	6.9217e+09	8.47228e+09	7.00619e+09	8.34891e+09	7.09255e+09	6.56776e+09	7.29717e+09	6.93783e+09	6.52481e+09	5.55972e+09	7.17281e+09	8.37658e+09	7.04031e+09	6.94005e+09	6.89939e+09	8.19485e+09	8.38575e+09	7.05675e+09	8.21352e+09	7.14635e+09	7.08522e+09	8.25417e+09	8.05128e+09	5.21385e+09	6.1822e+09	6.29657e+09	6.16015e+09	5.39089e+09	5.7576e+09	7.33397e+09	6.34453e+09	5.68527e+09	6.15121e+09	6.93793e+09	6.23266e+09	5.16471e+09	5.49365e+09	6.39353e+09	5.3867e+09	6.36745e+09	6.38965e+09	4.96303e+09	4.4914e+09	4.52173e+09	4.55971e+09	5.13899e+09	5.26864e+09	6.93146e+09	7.17717e+09	7.24976e+09	6.5307e+09	6.54449e+09	6.47523e+09	5.08929e+09	5.31408e+09	5.40109e+09	5.95996e+09	5.40088e+09	6.25992e+09	6.1739e+09	6.20196e+09	5.731e+09	5.46941e+09	6.14543e+09	5.83855e+09	6.5965e+09	7.28774e+09	6.54209e+09	7.25955e+09	7.28312e+09	7.29441e+09
ERR608922	5.43655e+09	6.23828e+09	5.17571e+09	5.29416e+09	5.37661e+09	6.53533e+09	6.8445e+09	6.29886e+09	6.35042e+09	6.26666e+09	6.9067e+09	6.3351e+09	5.74967e+09	6.33571e+09	6.22902e+09	5.75096e+09	5.68076e+09	6.07154e+09	5.86521e+09	5.52246e+09	6.2369e+09	6.29082e+09	5.61343e+09	5.84279e+09	5.74735e+09	6.13607e+09	7.40418e+09	6.20675e+09	7.09255e+09	6.49347e+09	5.82116e+09	6.42724e+09	6.1283e+09	5.78553e+09	4.96924e+09	6.32304e+09	7.31241e+09	6.22608e+09	6.14217e+09	6.10887e+09	7.16422e+09	7.31872e+09	6.22938e+09	7.1745e+09	6.30296e+09	6.25258e+09	7.20783e+09	7.0429e+09	4.65488e+09	5.48064e+09	5.57685e+09	5.46187e+09	4.80691e+09	5.11959e+09	6.44745e+09	5.62413e+09	5.06313e+09	5.46062e+09	6.11867e+09	5.53e+09	4.61265e+09	4.89374e+09	5.65524e+09	4.80178e+09	5.63319e+09	5.65204e+09	4.39634e+09	3.99249e+09	4.01775e+09	4.05054e+09	4.54749e+09	4.65814e+09	6.09791e+09	6.30403e+09	6.36403e+09	5.7637e+09	5.7753e+09	5.7161e+09	4.54992e+09	4.74198e+09	4.81689e+09	5.29034e+09	4.81628e+09	5.54382e+09	5.47755e+09	5.50058e+09	5.10108e+09	4.8796e+09	5.45329e+09	5.19331e+09	5.83673e+09	6.40984e+09	5.79237e+09	6.38497e+09	6.40578e+09	6.41514e+09
ERR613638	5.34989e+09	6.12024e+09	5.06957e+09	5.21273e+09	5.29422e+09	6.41717e+09	6.90179e+09	6.34184e+09	6.39459e+09	6.31083e+09	6.96431e+09	6.39346e+09	5.68223e+09	6.27872e+09	6.17059e+09	5.68777e+09	5.61813e+09	6.00636e+09	5.96635e+09	5.60184e+09	6.33894e+09	6.39457e+09	5.70541e+09	5.94843e+09	5.33621e+09	5.69253e+09	6.84815e+09	5.75605e+09	6.56776e+09	5.82116e+09	6.1385e+09	6.54427e+09	6.22753e+09	5.90357e+09	5.06396e+09	6.43095e+09	7.27473e+09	6.16673e+09	6.08527e+09	6.05408e+09	7.11559e+09	7.28077e+09	6.07477e+09	7.06998e+09	6.15136e+09	6.10048e+09	7.10812e+09	6.93012e+09	4.8536e+09	5.67349e+09	5.77193e+09	5.65661e+09	5.00362e+09	5.32192e+09	6.60084e+09	5.79121e+09	5.21874e+09	5.6274e+09	6.27211e+09	5.69917e+09	4.77318e+09	5.04933e+09	5.8055e+09	4.95656e+09	5.78474e+09	5.80219e+09	4.71122e+09	4.2857e+09	4.30972e+09	4.34712e+09	4.87221e+09	4.99211e+09	6.26928e+09	6.48056e+09	6.53951e+09	5.94523e+09	5.95916e+09	5.8881e+09	4.7784e+09	4.97929e+09	5.05442e+09	5.52861e+09	5.05194e+09	5.79125e+09	5.56994e+09	5.59268e+09	5.2002e+09	4.98874e+09	5.54612e+09	5.28999e+09	5.83585e+09	6.40312e+09	5.78628e+09	6.37558e+09	6.39914e+09	6.40897e+09
ERR613635	5.87739e+09	6.77027e+09	5.5728e+09	5.7207e+09	5.81302e+09	7.11176e+09	7.68836e+09	7.04344e+09	7.10462e+09	7.00908e+09	7.76183e+09	7.09812e+09	6.26356e+09	6.94193e+09	6.81595e+09	6.26694e+09	6.18806e+09	6.63221e+09	6.56964e+09	6.15885e+09	7.00232e+09	7.06768e+09	6.27304e+09	6.54836e+09	5.8848e+09	6.27896e+09	7.6219e+09	6.35182e+09	7.29717e+09	6.42724e+09	6.54427e+09	7.49369e+09	6.89233e+09	6.50094e+09	5.54234e+09	7.13265e+09	8.10909e+09	6.81301e+09	6.71782e+09	6.68166e+09	7.92436e+09	8.11834e+09	6.725e+09	7.87862e+09	6.81252e+09	6.75355e+09	7.92008e+09	7.71468e+09	5.3044e+09	6.24547e+09	6.35795e+09	6.22485e+09	5.47725e+09	5.8397e+09	7.3223e+09	6.38205e+09	5.7296e+09	6.19336e+09	6.94266e+09	6.27624e+09	5.22265e+09	5.53665e+09	6.40914e+09	5.43412e+09	6.38546e+09	6.405e+09	5.16826e+09	4.69162e+09	4.72052e+09	4.76068e+09	5.34568e+09	5.48103e+09	6.94203e+09	7.18348e+09	7.25255e+09	6.56391e+09	6.579e+09	6.5027e+09	5.22051e+09	5.44792e+09	5.53296e+09	6.07891e+09	5.53152e+09	6.37682e+09	6.13889e+09	6.16567e+09	5.71149e+09	5.46684e+09	6.11213e+09	5.81416e+09	6.45811e+09	7.11273e+09	6.4023e+09	7.08341e+09	7.10896e+09	7.11961e+09
ERR613637	5.6149e+09	6.45217e+09	5.33892e+09	5.4687e+09	5.55497e+09	6.76629e+09	7.28292e+09	6.69744e+09	6.75328e+09	6.66488e+09	7.34994e+09	6.74021e+09	5.97117e+09	6.5879e+09	6.473e+09	5.97234e+09	5.89856e+09	6.30797e+09	6.22119e+09	5.8554e+09	6.62004e+09	6.68077e+09	5.95145e+09	6.19962e+09	5.63163e+09	5.98977e+09	7.23383e+09	6.05761e+09	6.93783e+09	6.1283e+09	6.22753e+09	6.89233e+09	6.77572e+09	6.18749e+09	5.29946e+09	6.77777e+09	7.67716e+09	6.48071e+09	6.39106e+09	6.35806e+09	7.51083e+09	7.68813e+09	6.41001e+09	7.47367e+09	6.4909e+09	6.43592e+09	7.50882e+09	7.32367e+09	5.03559e+09	5.91814e+09	6.02203e+09	5.89795e+09	5.20066e+09	5.5363e+09	6.93327e+09	6.05834e+09	5.45783e+09	5.88445e+09	6.58474e+09	5.95984e+09	4.97633e+09	5.27316e+09	6.08681e+09	5.17597e+09	6.06425e+09	6.0833e+09	4.89665e+09	4.45569e+09	4.48464e+09	4.52091e+09	5.05812e+09	5.18224e+09	6.57576e+09	6.79542e+09	6.85958e+09	6.22104e+09	6.23506e+09	6.16882e+09	4.97088e+09	5.1799e+09	5.25962e+09	5.77126e+09	5.2583e+09	6.04301e+09	5.84469e+09	5.87e+09	5.44501e+09	5.21376e+09	5.82019e+09	5.54074e+09	6.15077e+09	6.75971e+09	6.10288e+09	6.73203e+09	6.75563e+09	6.76468e+09
