	ERR618587	ERR618589	ERR618588	ERR618586	ERR618590	ERR618585	ERR607715	ERR607716	ERR607711	ERR607712	ERR607714	ERR607713	ERR614481	ERR614478	ERR614477	ERR614479	ERR614480	ERR614482	ERR631209	ERR631212	ERR631207	ERR631208	ERR631211	ERR631210	ERR629867	ERR629863	ERR629866	ERR629865	ERR629862	ERR629864	ERR608806	ERR608810	ERR608807	ERR608808	ERR608809	ERR608805	ERR626813	ERR626814	ERR626815	ERR626817	ERR626818	ERR626816	ERR614003	ERR614005	ERR614004	ERR614006	ERR614007	ERR614002	ERR626939	ERR626942	ERR626940	ERR626943	ERR626941	ERR626944	ERR614530	ERR614526	ERR614529	ERR614527	ERR614525	ERR614528	ERR626651	ERR626653	ERR626654	ERR626652	ERR626655	ERR626650	ERR618472	ERR618474	ERR618476	ERR618471	ERR618475	ERR618473	ERR630080	ERR630081	ERR630078	ERR630082	ERR630079	ERR630083	ERR616623	ERR616624	ERR616622	ERR616627	ERR616625	ERR616626	ERR616054	ERR616055	ERR616057	ERR616056	ERR616058	ERR616059	ERR612719	ERR612717	ERR612720	ERR612718	ERR612721	ERR612722
ERR618587	0	0.258663	0.253975	0.25068	0.259375	0.250467	0.3606	0.356546	0.381037	0.364415	0.360858	0.367182	0.386657	0.343503	0.416221	0.33073	0.385036	0.391678	0.46019	0.474756	0.472247	0.477822	0.473841	0.473206	0.362616	0.35771	0.365464	0.361514	0.341835	0.3431	0.328177	0.367278	0.32774	0.366686	0.363999	0.331017	0.289162	0.296357	0.293829	0.338646	0.287811	0.335111	0.391187	0.38854	0.396088	0.38736	0.383781	0.408811	0.332417	0.351619	0.36726	0.327044	0.332764	0.330151	0.453797	0.47666	0.443616	0.485031	0.480483	0.444076	0.454886	0.457214	0.455601	0.477807	0.456141	0.444969	0.462976	0.464848	0.463923	0.451538	0.459761	0.455028	0.397042	0.444373	0.394055	0.42004	0.404245	0.417387	0.458785	0.471157	0.462588	0.443792	0.444126	0.443918	0.515484	0.505867	0.493644	0.528547	0.490543	0.491488	0.477751	0.469933	0.485548	0.514101	0.484509	0.486374
ERR618589	0.258663	0	0.253669	0.2595	0.252532	0.261255	0.374892	0.371026	0.391175	0.374922	0.374622	0.37978	0.375455	0.342824	0.412435	0.331757	0.374035	0.379915	0.45741	0.467035	0.465187	0.468674	0.466587	0.465971	0.366615	0.357044	0.368788	0.36527	0.345434	0.345945	0.339289	0.369598	0.340644	0.369152	0.367391	0.342569	0.295102	0.297801	0.295162	0.322486	0.295371	0.319477	0.399062	0.399967	0.406147	0.398957	0.395228	0.41586	0.346347	0.364401	0.379135	0.344634	0.346942	0.346935	0.465015	0.478274	0.453656	0.484037	0.48152	0.454197	0.461598	0.462215	0.460828	0.483459	0.461498	0.45294	0.462834	0.460685	0.460169	0.455839	0.457069	0.457085	0.407588	0.452468	0.406079	0.433872	0.414059	0.431823	0.458798	0.467132	0.461885	0.450057	0.450469	0.450577	0.50025	0.492062	0.483397	0.510981	0.48092	0.481877	0.485158	0.478128	0.48987	0.514166	0.489233	0.490758
ERR618588	0.253975	0.253669	0	0.255924	0.254179	0.253633	0.373119	0.368968	0.392775	0.37517	0.372961	0.379389	0.38854	0.349194	0.424098	0.335161	0.387086	0.393417	0.458247	0.472542	0.469631	0.474003	0.471921	0.471222	0.370688	0.362269	0.37337	0.369251	0.345187	0.346484	0.332931	0.373642	0.334235	0.372858	0.37073	0.33795	0.291578	0.299674	0.296574	0.335767	0.290585	0.33216	0.40177	0.401124	0.408326	0.399883	0.396149	0.420008	0.343335	0.364306	0.380619	0.338725	0.343816	0.341774	0.464586	0.484052	0.452552	0.491268	0.487608	0.452976	0.461797	0.463236	0.461487	0.486674	0.462029	0.450944	0.465696	0.464415	0.46379	0.453945	0.459647	0.457666	0.406066	0.456845	0.402938	0.43346	0.41434	0.43102	0.463175	0.473818	0.466795	0.449895	0.45029	0.450421	0.507723	0.497443	0.486593	0.519298	0.4839	0.484409	0.485408	0.476341	0.492137	0.520455	0.491408	0.493131
ERR618586	0.25068	0.2595	0.255924	0	0.260167	0.251425	0.355588	0.351878	0.374918	0.358953	0.355493	0.361537	0.38179	0.339782	0.410451	0.328363	0.380329	0.386452	0.460092	0.47355	0.470992	0.476699	0.472656	0.471797	0.35796	0.353108	0.360449	0.356678	0.339983	0.340754	0.328155	0.362566	0.327755	0.362358	0.359723	0.329884	0.286913	0.291851	0.290579	0.33318	0.286385	0.329918	0.384848	0.382555	0.389699	0.38132	0.377961	0.40203	0.328086	0.346091	0.360633	0.323724	0.328604	0.326463	0.449003	0.471075	0.440038	0.479184	0.474621	0.440178	0.450851	0.453329	0.451753	0.47192	0.452132	0.442346	0.460407	0.463205	0.462324	0.450822	0.458519	0.453739	0.39168	0.436872	0.389346	0.413501	0.398181	0.411066	0.454705	0.466586	0.458145	0.440617	0.440941	0.440463	0.515215	0.506285	0.494342	0.528536	0.491359	0.49253	0.474066	0.467396	0.481646	0.508992	0.480507	0.482466
ERR618590	0.259375	0.252532	0.254179	0.260167	0	0.261862	0.376134	0.37224	0.392237	0.376227	0.375748	0.380929	0.375432	0.343212	0.412613	0.332092	0.373995	0.379852	0.458044	0.467552	0.465693	0.469204	0.467193	0.4666	0.367157	0.357545	0.369392	0.365621	0.346008	0.346566	0.340264	0.370555	0.341682	0.37024	0.368442	0.343694	0.295433	0.298295	0.296023	0.322574	0.295961	0.319491	0.400046	0.400951	0.407063	0.400048	0.396265	0.416975	0.347381	0.365309	0.380321	0.345465	0.347898	0.347674	0.466274	0.479276	0.454887	0.485074	0.482488	0.455312	0.462905	0.463658	0.462028	0.484638	0.462635	0.454162	0.463559	0.46126	0.460965	0.456692	0.457824	0.457748	0.408561	0.453502	0.407014	0.434992	0.415342	0.433005	0.459762	0.468074	0.46282	0.451137	0.451616	0.451856	0.500514	0.492584	0.483734	0.511263	0.481516	0.48256	0.486087	0.479049	0.4907	0.514763	0.490235	0.491666
ERR618585	0.250467	0.261255	0.253633	0.251425	0.261862	0	0.362286	0.35816	0.384899	0.36669	0.362552	0.369677	0.397677	0.351111	0.42804	0.336169	0.395869	0.402688	0.460723	0.478195	0.474782	0.480695	0.477347	0.476627	0.368093	0.362414	0.37117	0.366483	0.342247	0.343909	0.324963	0.371646	0.325166	0.371129	0.368119	0.329576	0.287361	0.298812	0.296466	0.347394	0.285562	0.343495	0.395495	0.392494	0.400558	0.39116	0.387422	0.414616	0.33304	0.355357	0.371993	0.326216	0.333166	0.329912	0.456006	0.482421	0.444766	0.491024	0.486421	0.445236	0.455947	0.458708	0.45688	0.48189	0.457254	0.444377	0.465745	0.467491	0.466565	0.450673	0.461737	0.456429	0.39698	0.450829	0.392714	0.423081	0.406289	0.419963	0.462751	0.476096	0.466889	0.44497	0.445192	0.44516	0.518904	0.507736	0.494681	0.532021	0.491538	0.49185	0.479712	0.470307	0.488713	0.519948	0.487617	0.489647
ERR607715	0.3606	0.374892	0.373119	0.355588	0.376134	0.362286	0	0.235675	0.247531	0.240064	0.235483	0.238257	0.403801	0.366766	0.411483	0.362977	0.40263	0.40715	0.501526	0.510129	0.509337	0.517512	0.508514	0.507662	0.328474	0.335431	0.329871	0.328776	0.335282	0.333567	0.308864	0.296819	0.30574	0.296891	0.294188	0.296206	0.346169	0.342192	0.343488	0.381723	0.345931	0.378267	0.297879	0.29092	0.297026	0.289983	0.288047	0.311991	0.293431	0.291876	0.296767	0.301237	0.293941	0.299936	0.413323	0.438976	0.410845	0.450113	0.442337	0.411228	0.403902	0.407415	0.40756	0.413083	0.407643	0.408803	0.489349	0.498787	0.497298	0.485729	0.495719	0.487648	0.357764	0.37688	0.359165	0.35573	0.35603	0.354811	0.438496	0.45357	0.442285	0.424366	0.424629	0.422479	0.565108	0.559171	0.547594	0.579088	0.544464	0.546723	0.445418	0.445793	0.453059	0.47587	0.451269	0.452888
ERR607716	0.356546	0.371026	0.368968	0.351878	0.37224	0.35816	0.235675	0	0.250059	0.240941	0.235908	0.239456	0.403204	0.364992	0.412017	0.360149	0.402017	0.406725	0.498069	0.507255	0.506489	0.514647	0.505727	0.504935	0.32755	0.33399	0.329038	0.327895	0.332033	0.330669	0.305474	0.297722	0.302441	0.297754	0.294758	0.293431	0.343052	0.340204	0.341108	0.380792	0.342711	0.377348	0.30062	0.293804	0.300438	0.292753	0.290684	0.315647	0.292543	0.292938	0.29892	0.299402	0.293181	0.298369	0.413182	0.439374	0.410094	0.450643	0.442919	0.410369	0.404084	0.407636	0.407417	0.414739	0.407681	0.407666	0.486797	0.495849	0.494314	0.482286	0.492661	0.484469	0.357235	0.379428	0.358416	0.357088	0.35656	0.35601	0.437921	0.453245	0.442023	0.423172	0.423355	0.421368	0.562319	0.556149	0.544444	0.576384	0.541235	0.543382	0.444892	0.444432	0.452865	0.476497	0.451058	0.452684
ERR607711	0.381037	0.391175	0.392775	0.374918	0.392237	0.384899	0.247531	0.250059	0	0.239692	0.246254	0.239838	0.403786	0.378158	0.40894	0.378193	0.403418	0.40608	0.514549	0.518373	0.518659	0.525921	0.516869	0.516178	0.333972	0.340904	0.334442	0.335091	0.350706	0.34769	0.331631	0.285184	0.329367	0.285876	0.284847	0.315817	0.360317	0.349478	0.351267	0.375201	0.361707	0.372397	0.279657	0.279189	0.279724	0.279484	0.279122	0.286176	0.304836	0.29196	0.288121	0.321018	0.306355	0.317422	0.416439	0.433618	0.416376	0.443038	0.436161	0.416734	0.401199	0.402673	0.40359	0.399948	0.403655	0.414641	0.502207	0.511471	0.510158	0.503529	0.50958	0.503338	0.363684	0.364625	0.368923	0.35457	0.356692	0.355806	0.436535	0.448869	0.439605	0.428645	0.428853	0.426789	0.570968	0.567113	0.558136	0.583981	0.555017	0.557992	0.447942	0.452869	0.451936	0.467711	0.450534	0.451335
ERR607712	0.364415	0.374922	0.37517	0.358953	0.376227	0.36669	0.240064	0.240941	0.239692	0	0.239317	0.236374	0.401368	0.369805	0.412373	0.366324	0.400649	0.404305	0.502476	0.509243	0.508754	0.516136	0.50783	0.50703	0.329342	0.333932	0.33039	0.329519	0.336481	0.334257	0.312511	0.284749	0.311138	0.28484	0.283057	0.299321	0.344901	0.338423	0.339766	0.370975	0.345934	0.36775	0.28578	0.284129	0.287552	0.283733	0.282155	0.298829	0.294431	0.28992	0.291779	0.307593	0.295642	0.305259	0.414941	0.435905	0.411884	0.445826	0.43906	0.412317	0.398668	0.400874	0.401051	0.405256	0.401392	0.407059	0.492846	0.500823	0.499429	0.490792	0.498337	0.492112	0.35694	0.373219	0.360113	0.356438	0.354269	0.356218	0.434398	0.447883	0.438121	0.423347	0.42367	0.421555	0.561008	0.555658	0.54591	0.573877	0.542899	0.54529	0.445022	0.446477	0.450646	0.47084	0.449101	0.45026
ERR607714	0.360858	0.374622	0.372961	0.355493	0.375748	0.362552	0.235483	0.235908	0.246254	0.239317	0	0.237595	0.403252	0.366611	0.410954	0.362886	0.402158	0.406359	0.501613	0.509998	0.509316	0.517431	0.508495	0.507612	0.328439	0.335391	0.329978	0.328953	0.335462	0.333654	0.309143	0.295058	0.306113	0.295153	0.292556	0.296338	0.345982	0.34169	0.342962	0.380437	0.345809	0.376862	0.2961	0.289506	0.295418	0.288724	0.287022	0.310085	0.293108	0.291165	0.295762	0.301512	0.293771	0.300205	0.413589	0.439019	0.411199	0.450022	0.442154	0.411565	0.403641	0.407034	0.407011	0.412496	0.407013	0.40878	0.489914	0.499228	0.497688	0.486397	0.496197	0.488236	0.357765	0.376471	0.35949	0.355772	0.355869	0.354805	0.43813	0.453087	0.44195	0.423983	0.424219	0.422359	0.564866	0.559018	0.547602	0.578796	0.544451	0.546802	0.445217	0.445675	0.452651	0.475406	0.451011	0.452531
ERR607713	0.367182	0.37978	0.379389	0.361537	0.380929	0.369677	0.238257	0.239456	0.239838	0.236374	0.237595	0	0.403484	0.370867	0.410898	0.368373	0.402404	0.406419	0.505026	0.511729	0.511266	0.519266	0.510153	0.50945	0.328734	0.335665	0.330072	0.32937	0.339265	0.33716	0.315455	0.289145	0.312665	0.289204	0.287293	0.301265	0.348979	0.34242	0.343955	0.377123	0.349666	0.373733	0.288461	0.284346	0.287992	0.283929	0.282585	0.300513	0.295324	0.289479	0.291258	0.306757	0.296445	0.30469	0.412297	0.435384	0.411296	0.445875	0.43839	0.411427	0.400152	0.403008	0.403361	0.405509	0.403411	0.40832	0.49311	0.502648	0.501168	0.491452	0.499931	0.492617	0.357434	0.37085	0.360467	0.35332	0.353725	0.353065	0.436012	0.449895	0.439516	0.423556	0.423732	0.421706	0.56585	0.560465	0.550063	0.579379	0.546876	0.549432	0.444753	0.446861	0.450941	0.471244	0.449254	0.450573
ERR614481	0.386657	0.375455	0.38854	0.38179	0.375432	0.397677	0.403801	0.403204	0.403786	0.401368	0.403252	0.403484	0	0.294515	0.299033	0.308065	0.276562	0.277548	0.527342	0.517108	0.520305	0.521735	0.516266	0.516687	0.391567	0.389119	0.389725	0.392025	0.408192	0.405246	0.428915	0.411713	0.42736	0.413027	0.412992	0.423258	0.39933	0.382645	0.384216	0.357481	0.403184	0.358447	0.386774	0.388835	0.390637	0.388329	0.386721	0.391202	0.372603	0.369406	0.371517	0.378088	0.373358	0.376723	0.510528	0.497402	0.508493	0.498221	0.497742	0.508537	0.520224	0.519668	0.5202	0.520053	0.520455	0.523378	0.509036	0.509883	0.51069	0.5249	0.512698	0.516128	0.46019	0.45651	0.464317	0.463306	0.455123	0.464419	0.503054	0.50155	0.501846	0.511616	0.512351	0.511571	0.548682	0.551827	0.55008	0.557383	0.548299	0.552591	0.533238	0.537493	0.530512	0.530597	0.530548	0.530707
ERR614478	0.343503	0.342824	0.349194	0.339782	0.343212	0.351111	0.366766	0.364992	0.378158	0.369805	0.366611	0.370867	0.294515	0	0.315145	0.272571	0.292986	0.298176	0.508552	0.510045	0.510714	0.515192	0.50906	0.508966	0.369064	0.368634	0.36946	0.369399	0.374762	0.373021	0.384759	0.390912	0.382612	0.391517	0.390046	0.380972	0.359108	0.350427	0.351034	0.356848	0.360798	0.355907	0.364785	0.361597	0.367753	0.360574	0.357978	0.375907	0.327088	0.333408	0.341957	0.326412	0.327321	0.326807	0.487013	0.492553	0.482685	0.498058	0.49454	0.482587	0.499024	0.500337	0.500169	0.507794	0.500464	0.496603	0.494334	0.49795	0.498023	0.498168	0.497265	0.494874	0.42739	0.442219	0.428369	0.434881	0.426358	0.434442	0.491888	0.498071	0.493019	0.488598	0.489366	0.488469	0.550981	0.548443	0.540638	0.562919	0.538224	0.540829	0.513144	0.512648	0.516194	0.529672	0.515719	0.516912
ERR614477	0.416221	0.412435	0.424098	0.410451	0.412613	0.42804	0.411483	0.412017	0.40894	0.412373	0.410954	0.410898	0.299033	0.315145	0	0.335385	0.298513	0.298981	0.552795	0.541535	0.545456	0.548999	0.540029	0.540512	0.404565	0.411017	0.402886	0.406661	0.435	0.431579	0.453669	0.430468	0.450205	0.432409	0.431989	0.444788	0.43064	0.412683	0.414669	0.393703	0.433304	0.39459	0.394646	0.391875	0.393343	0.391328	0.391024	0.392111	0.388375	0.377123	0.373189	0.392803	0.388728	0.391078	0.512335	0.499846	0.516352	0.501683	0.499423	0.515926	0.531908	0.532774	0.533845	0.523881	0.533936	0.538331	0.525798	0.531827	0.532306	0.54476	0.535051	0.534491	0.472591	0.449224	0.477608	0.461187	0.463561	0.463182	0.516002	0.51578	0.514317	0.52443	0.525117	0.523959	0.582084	0.586455	0.582402	0.592587	0.580182	0.584801	0.54172	0.549695	0.539679	0.535092	0.539553	0.539754
ERR614479	0.33073	0.331757	0.335161	0.328363	0.332092	0.336169	0.362977	0.360149	0.378193	0.366324	0.362886	0.368373	0.308065	0.272571	0.335385	0	0.306499	0.312473	0.502009	0.508465	0.507894	0.512607	0.50764	0.507258	0.37025	0.367406	0.370978	0.369818	0.3655	0.364813	0.37103	0.388199	0.369755	0.388723	0.386612	0.369576	0.346517	0.342743	0.342761	0.359334	0.347524	0.357046	0.365318	0.362086	0.369284	0.361022	0.357629	0.379845	0.318504	0.331207	0.343468	0.315501	0.318556	0.317007	0.486292	0.497537	0.479421	0.503944	0.50028	0.479502	0.495577	0.496938	0.496342	0.509416	0.496763	0.490158	0.492974	0.495578	0.495499	0.490965	0.493457	0.49051	0.422435	0.448967	0.42194	0.43594	0.424611	0.434786	0.492299	0.500426	0.494226	0.484999	0.485651	0.485041	0.549023	0.543855	0.534482	0.561127	0.532237	0.534212	0.511185	0.507813	0.515891	0.534507	0.515264	0.516715
ERR614480	0.385036	0.374035	0.387086	0.380329	0.373995	0.395869	0.40263	0.402017	0.403418	0.400649	0.402158	0.402404	0.276562	0.292986	0.298513	0.306499	0	0.277663	0.52695	0.517076	0.520198	0.521807	0.516153	0.516769	0.391221	0.389147	0.389906	0.391763	0.407454	0.404462	0.427463	0.411767	0.426006	0.412822	0.412995	0.421938	0.39802	0.381974	0.383253	0.35756	0.401785	0.358293	0.386591	0.388302	0.390603	0.387934	0.386242	0.391685	0.371347	0.3686	0.370965	0.376268	0.372062	0.37511	0.510335	0.497927	0.508302	0.498955	0.498279	0.508377	0.520391	0.519938	0.520451	0.520973	0.520678	0.523052	0.508715	0.509419	0.51002	0.524131	0.512195	0.515504	0.459515	0.456989	0.463457	0.462863	0.454756	0.464105	0.503519	0.502635	0.50269	0.511457	0.512285	0.511567	0.548898	0.551882	0.549967	0.557587	0.548134	0.552307	0.533388	0.537375	0.531034	0.531821	0.531088	0.531211
ERR614482	0.391678	0.379915	0.393417	0.386452	0.379852	0.402688	0.40715	0.406725	0.40608	0.404305	0.406359	0.406419	0.277548	0.298176	0.298981	0.312473	0.277663	0	0.530145	0.519072	0.522364	0.523727	0.518284	0.518664	0.393615	0.391565	0.392163	0.394279	0.411644	0.408535	0.433156	0.413966	0.431666	0.41565	0.415662	0.427201	0.404034	0.386988	0.388627	0.359561	0.408014	0.360352	0.38877	0.390991	0.392583	0.390646	0.38923	0.392499	0.376785	0.372722	0.374053	0.38243	0.377571	0.381256	0.512815	0.498375	0.511194	0.498737	0.498572	0.51132	0.522543	0.521947	0.522603	0.521567	0.522871	0.526324	0.511484	0.512184	0.512972	0.528186	0.515366	0.519089	0.463268	0.457439	0.467421	0.465349	0.457366	0.466797	0.50492	0.502762	0.503536	0.51418	0.514895	0.514048	0.550118	0.553639	0.552572	0.558539	0.550751	0.555169	0.535776	0.540476	0.532589	0.531723	0.532957	0.532903
ERR631209	0.46019	0.45741	0.458247	0.460092	0.458044	0.460723	0.501526	0.498069	0.514549	0.502476	0.501613	0.505026	0.527342	0.508552	0.552795	0.502009	0.52695	0.530145	0	0.265478	0.259968	0.264935	0.265731	0.264332	0.447782	0.438215	0.449055	0.446157	0.428685	0.429196	0.443567	0.476921	0.444154	0.475885	0.475024	0.448067	0.464109	0.467022	0.466327	0.480786	0.465431	0.478474	0.552479	0.553813	0.557185	0.553862	0.551	0.56335	0.517687	0.530076	0.538712	0.516287	0.518598	0.518004	0.378751	0.393611	0.362286	0.399837	0.398528	0.362731	0.381052	0.382299	0.379658	0.415861	0.380103	0.361838	0.333268	0.3277	0.327893	0.329071	0.323928	0.327532	0.457022	0.502054	0.454499	0.48425	0.464652	0.482291	0.34729	0.356887	0.350816	0.33687	0.337294	0.338762	0.343802	0.333951	0.324566	0.358628	0.322762	0.323284	0.398138	0.386536	0.402992	0.437347	0.403649	0.40527
ERR631212	0.474756	0.467035	0.472542	0.47355	0.467552	0.478195	0.510129	0.507255	0.518373	0.509243	0.509998	0.511729	0.517108	0.510045	0.541535	0.508465	0.517076	0.519072	0.265478	0	0.253685	0.254517	0.252593	0.252308	0.446832	0.436774	0.446911	0.445477	0.437167	0.436667	0.460143	0.47754	0.460449	0.47673	0.476948	0.462044	0.478202	0.47545	0.475247	0.473195	0.481066	0.472072	0.557274	0.560279	0.561919	0.560248	0.557746	0.565219	0.53099	0.538833	0.54487	0.532002	0.531922	0.532941	0.378896	0.373249	0.366367	0.374858	0.37655	0.366877	0.381239	0.380258	0.379128	0.404845	0.379462	0.371615	0.329896	0.322299	0.323236	0.346111	0.32473	0.334681	0.464779	0.495035	0.465172	0.486841	0.468454	0.486028	0.333612	0.334204	0.334307	0.340283	0.340741	0.341962	0.326129	0.32728	0.327576	0.337779	0.326194	0.330438	0.397854	0.394068	0.395921	0.415861	0.39744	0.397687
ERR631207	0.472247	0.465187	0.469631	0.470992	0.465693	0.474782	0.509337	0.506489	0.518659	0.508754	0.509316	0.511266	0.520305	0.510714	0.545456	0.507894	0.520198	0.522364	0.259968	0.253685	0	0.254082	0.253914	0.253655	0.447214	0.436871	0.447591	0.445741	0.435035	0.434805	0.457274	0.478215	0.457616	0.477403	0.477436	0.459753	0.475024	0.473496	0.47327	0.47436	0.477707	0.472961	0.557418	0.560329	0.562143	0.560338	0.557708	0.566133	0.529009	0.53826	0.544778	0.529649	0.530127	0.530713	0.378645	0.377784	0.365589	0.380586	0.381594	0.366034	0.381455	0.380928	0.379205	0.407418	0.379688	0.369336	0.329506	0.322292	0.323355	0.341172	0.323269	0.33214	0.463073	0.497244	0.462593	0.486815	0.467566	0.485731	0.336527	0.338948	0.337841	0.339065	0.339223	0.340516	0.327387	0.325779	0.324115	0.340128	0.322809	0.325909	0.398136	0.392415	0.397521	0.421136	0.39904	0.399637
ERR631208	0.477822	0.468674	0.474003	0.476699	0.469204	0.480695	0.517512	0.514647	0.525921	0.516136	0.517431	0.519266	0.521735	0.515192	0.548999	0.512607	0.521807	0.523727	0.264935	0.254517	0.254082	0	0.255128	0.254995	0.453333	0.441912	0.453549	0.451856	0.440802	0.440399	0.464249	0.48354	0.46512	0.482667	0.482962	0.46703	0.480957	0.478886	0.478636	0.475774	0.483938	0.474459	0.563824	0.567777	0.569329	0.567742	0.565163	0.572524	0.536684	0.545932	0.552439	0.537979	0.537862	0.538963	0.388481	0.382244	0.37461	0.383392	0.385576	0.375115	0.388415	0.387051	0.385325	0.413465	0.385698	0.377417	0.334272	0.324986	0.325972	0.348429	0.326835	0.338159	0.470961	0.504329	0.470893	0.495739	0.47539	0.494741	0.340701	0.340743	0.341302	0.347261	0.347719	0.34909	0.321239	0.321362	0.322933	0.332161	0.321754	0.325414	0.405372	0.400143	0.403006	0.423964	0.404932	0.404951
ERR631211	0.473841	0.466587	0.471921	0.472656	0.467193	0.477347	0.508514	0.505727	0.516869	0.50783	0.508495	0.510153	0.516266	0.50906	0.540029	0.50764	0.516153	0.518284	0.265731	0.252593	0.253914	0.255128	0	0.252211	0.444831	0.435269	0.444757	0.443512	0.435911	0.435336	0.459511	0.476784	0.459597	0.476014	0.476111	0.461047	0.477451	0.474609	0.474541	0.472797	0.480223	0.471771	0.555991	0.558833	0.56052	0.558857	0.556392	0.563916	0.529463	0.537351	0.543068	0.530635	0.530582	0.531534	0.376339	0.37128	0.364485	0.373256	0.374525	0.364847	0.380246	0.379596	0.378088	0.403048	0.378504	0.370696	0.328689	0.322127	0.323053	0.345224	0.324349	0.333781	0.463158	0.492731	0.463428	0.484603	0.466495	0.483612	0.332585	0.333895	0.333556	0.339067	0.339283	0.340868	0.328078	0.329322	0.329089	0.34019	0.327608	0.331828	0.396251	0.392621	0.394337	0.414552	0.39596	0.396225
ERR631210	0.473206	0.465971	0.471222	0.471797	0.4666	0.476627	0.507662	0.504935	0.516178	0.50703	0.507612	0.50945	0.516687	0.508966	0.540512	0.507258	0.516769	0.518664	0.264332	0.252308	0.253655	0.254995	0.252211	0	0.444556	0.435007	0.444672	0.443189	0.435139	0.434748	0.458298	0.475995	0.458385	0.475136	0.475325	0.459856	0.476414	0.473689	0.473635	0.472665	0.479181	0.471659	0.555163	0.557982	0.559614	0.557945	0.555469	0.563165	0.528624	0.536504	0.542427	0.529679	0.529614	0.530492	0.375726	0.371268	0.363696	0.37347	0.374703	0.364003	0.378988	0.378393	0.376815	0.402334	0.377389	0.369271	0.328022	0.321722	0.32261	0.343879	0.323741	0.332824	0.462172	0.492134	0.46223	0.483783	0.465427	0.4828	0.332329	0.333791	0.333084	0.337842	0.338255	0.339618	0.328349	0.329224	0.328528	0.340747	0.327214	0.331148	0.395746	0.39198	0.394322	0.415181	0.395773	0.396172
ERR629867	0.362616	0.366615	0.370688	0.35796	0.367157	0.368093	0.328474	0.32755	0.333972	0.329342	0.328439	0.328734	0.391567	0.369064	0.404565	0.37025	0.391221	0.393615	0.447782	0.446832	0.447214	0.453333	0.444831	0.444556	0	0.253038	0.249987	0.249342	0.265877	0.263409	0.332185	0.323865	0.329063	0.324016	0.323408	0.323457	0.355725	0.346958	0.348287	0.363231	0.357782	0.361309	0.374928	0.374235	0.376534	0.373871	0.372	0.382989	0.35905	0.358212	0.36141	0.36419	0.3602	0.362985	0.399923	0.406204	0.398959	0.412273	0.408088	0.398897	0.404479	0.405548	0.406235	0.406388	0.405847	0.410082	0.437113	0.443835	0.443415	0.445517	0.443264	0.441067	0.36496	0.376482	0.368681	0.367544	0.360738	0.368308	0.403861	0.41069	0.40452	0.402159	0.402768	0.401445	0.496371	0.494561	0.487168	0.510273	0.484093	0.487292	0.434049	0.438195	0.435228	0.448348	0.435292	0.435611
ERR629863	0.35771	0.357044	0.362269	0.353108	0.357545	0.362414	0.335431	0.33399	0.340904	0.333932	0.335391	0.335665	0.389119	0.368634	0.411017	0.367406	0.389147	0.391565	0.438215	0.436774	0.436871	0.441912	0.435269	0.435007	0.253038	0	0.253796	0.252813	0.257846	0.255817	0.328405	0.322984	0.326894	0.322754	0.32251	0.321931	0.349451	0.3414	0.342222	0.353609	0.352312	0.35139	0.380803	0.382517	0.384493	0.382118	0.379741	0.390376	0.362562	0.36542	0.370337	0.368249	0.363771	0.367768	0.405388	0.408883	0.401221	0.41348	0.410854	0.401199	0.404256	0.404616	0.405149	0.410161	0.404853	0.408492	0.431955	0.435406	0.435304	0.439793	0.435263	0.435459	0.366705	0.387111	0.369729	0.377342	0.364135	0.377655	0.401171	0.406403	0.401782	0.400986	0.401598	0.400443	0.481554	0.479477	0.474014	0.49428	0.47132	0.47422	0.434905	0.437325	0.43501	0.448907	0.435405	0.43562
ERR629866	0.365464	0.368788	0.37337	0.360449	0.369392	0.37117	0.329871	0.329038	0.334442	0.33039	0.329978	0.330072	0.389725	0.36946	0.402886	0.370978	0.389906	0.392163	0.449055	0.446911	0.447591	0.453549	0.444757	0.444672	0.249987	0.253796	0	0.250456	0.268971	0.266212	0.334819	0.324067	0.331816	0.324347	0.323921	0.325947	0.358708	0.349207	0.350491	0.363679	0.361142	0.361539	0.375492	0.375019	0.376902	0.374597	0.372826	0.382743	0.36109	0.359406	0.362119	0.366561	0.362195	0.365681	0.400812	0.405285	0.400049	0.41089	0.406989	0.399937	0.405025	0.406048	0.406758	0.405888	0.406338	0.411349	0.437382	0.444204	0.443668	0.447058	0.4439	0.442222	0.36652	0.37588	0.370416	0.368212	0.361731	0.369174	0.403409	0.409716	0.404144	0.403369	0.403851	0.402521	0.496068	0.494856	0.48809	0.509705	0.485122	0.488349	0.434133	0.438886	0.434632	0.446338	0.434728	0.435066
ERR629865	0.361514	0.36527	0.369251	0.356678	0.365621	0.366483	0.328776	0.327895	0.335091	0.329519	0.328953	0.32937	0.392025	0.369399	0.406661	0.369818	0.391763	0.394279	0.446157	0.445477	0.445741	0.451856	0.443512	0.443189	0.249342	0.252813	0.250456	0	0.264709	0.26187	0.330654	0.324207	0.327662	0.324172	0.323625	0.32249	0.354138	0.345992	0.34723	0.363103	0.356399	0.360998	0.375951	0.375453	0.377728	0.375007	0.373038	0.384487	0.358879	0.358689	0.362526	0.363782	0.359901	0.362715	0.400137	0.406706	0.398731	0.412579	0.408645	0.398563	0.403918	0.404982	0.405462	0.406682	0.405153	0.409002	0.435967	0.442357	0.441974	0.443782	0.441718	0.43962	0.36383	0.377692	0.367273	0.367896	0.360028	0.368428	0.403458	0.410477	0.404197	0.401667	0.402301	0.400937	0.494597	0.492674	0.485448	0.50836	0.482406	0.485395	0.433069	0.437125	0.434358	0.448077	0.434463	0.434865
ERR629862	0.341835	0.345434	0.345187	0.339983	0.346008	0.342247	0.335282	0.332033	0.350706	0.336481	0.335462	0.339265	0.408192	0.374762	0.435	0.3655	0.407454	0.411644	0.428685	0.437167	0.435035	0.440802	0.435911	0.435139	0.265877	0.257846	0.268971	0.264709	0	0.243963	0.305803	0.330502	0.305385	0.329356	0.327874	0.304893	0.334131	0.336454	0.335772	0.367025	0.335344	0.363718	0.389851	0.389966	0.394837	0.389333	0.385945	0.405139	0.355339	0.368667	0.379173	0.356853	0.356238	0.357938	0.408075	0.423891	0.398398	0.43107	0.427351	0.398637	0.404031	0.405524	0.404853	0.422799	0.404649	0.400294	0.430435	0.432504	0.431745	0.426509	0.42938	0.42775	0.363343	0.407789	0.362286	0.385871	0.368256	0.384409	0.40785	0.417852	0.410716	0.398243	0.398898	0.398187	0.481574	0.474633	0.465834	0.494816	0.46301	0.464355	0.435213	0.431236	0.440035	0.464982	0.439939	0.441014
ERR629864	0.3431	0.345945	0.346484	0.340754	0.346566	0.343909	0.333567	0.330669	0.34769	0.334257	0.333654	0.33716	0.405246	0.373021	0.431579	0.364813	0.404462	0.408535	0.429196	0.436667	0.434805	0.440399	0.435336	0.434748	0.263409	0.255817	0.266212	0.26187	0.243963	0	0.307294	0.328476	0.30678	0.327369	0.326023	0.305646	0.335287	0.336322	0.335864	0.364757	0.336597	0.361644	0.387027	0.387458	0.392002	0.386792	0.383653	0.401947	0.354672	0.367011	0.376889	0.357103	0.355548	0.357908	0.406841	0.421323	0.397743	0.428175	0.424602	0.397828	0.402578	0.403792	0.403227	0.419897	0.40303	0.399705	0.42983	0.432303	0.431514	0.42753	0.429493	0.428112	0.362563	0.404733	0.362375	0.384148	0.367032	0.382829	0.406147	0.415612	0.408736	0.39778	0.398325	0.397739	0.481036	0.474674	0.466279	0.493918	0.463656	0.465032	0.434101	0.430637	0.438163	0.462017	0.438245	0.439075
ERR608806	0.328177	0.339289	0.332931	0.328155	0.340264	0.324963	0.308864	0.305474	0.331631	0.312511	0.309143	0.315455	0.428915	0.384759	0.453669	0.37103	0.427463	0.433156	0.443567	0.460143	0.457274	0.464249	0.459511	0.458298	0.332185	0.328405	0.334819	0.330654	0.305803	0.307294	0	0.28707	0.234133	0.285388	0.281173	0.235006	0.322139	0.331864	0.329855	0.381889	0.320419	0.377345	0.363759	0.359388	0.367481	0.358126	0.354527	0.384355	0.327228	0.34569	0.359681	0.326892	0.327636	0.328762	0.407207	0.438059	0.39529	0.449226	0.442839	0.396026	0.393354	0.396849	0.394842	0.422457	0.395213	0.384057	0.452446	0.455551	0.45413	0.438784	0.450333	0.44444	0.35587	0.412424	0.351851	0.379421	0.365136	0.376052	0.415249	0.431779	0.420788	0.39515	0.395144	0.394368	0.505407	0.494497	0.481813	0.518279	0.478965	0.479371	0.433091	0.423865	0.443013	0.477292	0.441696	0.443928
ERR608810	0.367278	0.369598	0.373642	0.362566	0.370555	0.371646	0.296819	0.297722	0.285184	0.284749	0.295058	0.289145	0.411713	0.390912	0.430468	0.388199	0.411767	0.413966	0.476921	0.47754	0.478215	0.48354	0.476784	0.475995	0.323865	0.322984	0.324067	0.324207	0.330502	0.328476	0.28707	0	0.287467	0.231803	0.231665	0.273342	0.347467	0.336586	0.33713	0.354671	0.349517	0.351266	0.309584	0.315042	0.31428	0.315928	0.314164	0.317615	0.329338	0.321781	0.321392	0.34636	0.331342	0.342889	0.401412	0.412275	0.397606	0.419609	0.414699	0.39811	0.374552	0.373176	0.373893	0.377001	0.374406	0.388303	0.476044	0.48047	0.479741	0.479022	0.479303	0.477462	0.356176	0.366962	0.361802	0.357985	0.350619	0.359134	0.400139	0.409834	0.403223	0.396354	0.396761	0.395299	0.520261	0.516587	0.510211	0.53089	0.507694	0.510711	0.428284	0.432134	0.428804	0.44494	0.428245	0.42849
ERR608807	0.32774	0.340644	0.334235	0.327755	0.341682	0.325166	0.30574	0.302441	0.329367	0.311138	0.306113	0.312665	0.42736	0.382612	0.450205	0.369755	0.426006	0.431666	0.444154	0.460449	0.457616	0.46512	0.459597	0.458385	0.329063	0.326894	0.331816	0.327662	0.305385	0.30678	0.234133	0.287467	0	0.285704	0.281333	0.234499	0.322874	0.331992	0.330334	0.382956	0.32101	0.37867	0.362822	0.35726	0.36557	0.355975	0.352474	0.382691	0.32569	0.343184	0.35688	0.324279	0.325851	0.326316	0.403698	0.435933	0.393137	0.447372	0.440595	0.393725	0.392928	0.396823	0.394835	0.420755	0.395222	0.383806	0.450824	0.455048	0.453639	0.437626	0.449859	0.443043	0.353933	0.408509	0.349878	0.375099	0.362199	0.37174	0.414585	0.431346	0.41983	0.393604	0.393599	0.392744	0.507848	0.497213	0.483776	0.52133	0.480995	0.481419	0.431097	0.422629	0.441371	0.475574	0.440016	0.442256
ERR608808	0.366686	0.369152	0.372858	0.362358	0.37024	0.371129	0.296891	0.297754	0.285876	0.28484	0.295153	0.289204	0.413027	0.391517	0.432409	0.388723	0.412822	0.41565	0.475885	0.47673	0.477403	0.482667	0.476014	0.475136	0.324016	0.322754	0.324347	0.324172	0.329356	0.327369	0.285388	0.231803	0.285704	0	0.23135	0.271561	0.347168	0.336968	0.337106	0.35569	0.349235	0.352005	0.310655	0.315938	0.315462	0.316777	0.314873	0.319304	0.329398	0.322565	0.322806	0.346286	0.331468	0.342918	0.401584	0.412613	0.397123	0.41982	0.415149	0.397728	0.373868	0.3727	0.373419	0.377321	0.373768	0.387321	0.475761	0.479934	0.478979	0.478411	0.478693	0.476876	0.356597	0.369076	0.362244	0.359469	0.351493	0.360375	0.399649	0.409661	0.40313	0.395691	0.396322	0.394856	0.519335	0.515721	0.509388	0.52993	0.506906	0.509832	0.42813	0.431681	0.428811	0.445229	0.428202	0.428494
ERR608809	0.363999	0.367391	0.37073	0.359723	0.368442	0.368119	0.294188	0.294758	0.284847	0.283057	0.292556	0.287293	0.412992	0.390046	0.431989	0.386612	0.412995	0.415662	0.475024	0.476948	0.477436	0.482962	0.476111	0.475325	0.323408	0.32251	0.323921	0.323625	0.327874	0.326023	0.281173	0.231665	0.281333	0.23135	0	0.267975	0.344983	0.335411	0.335563	0.356461	0.346491	0.352736	0.309988	0.314303	0.314553	0.314837	0.313361	0.319136	0.326652	0.320529	0.321267	0.342478	0.328516	0.339434	0.400255	0.413346	0.395879	0.42125	0.416172	0.396467	0.373497	0.372801	0.373393	0.378412	0.373771	0.386076	0.47462	0.479065	0.478238	0.476373	0.477527	0.47543	0.354587	0.368946	0.359757	0.357737	0.350121	0.358485	0.400461	0.411132	0.403977	0.395139	0.395234	0.393948	0.520535	0.516363	0.509288	0.531397	0.506606	0.509536	0.427326	0.43039	0.428804	0.446537	0.428081	0.428653
ERR608805	0.331017	0.342569	0.33795	0.329884	0.343694	0.329576	0.296206	0.293431	0.315817	0.299321	0.296338	0.301265	0.423258	0.380972	0.444788	0.369576	0.421938	0.427201	0.448067	0.462044	0.459753	0.46703	0.461047	0.459856	0.323457	0.321931	0.325947	0.32249	0.304893	0.305646	0.235006	0.273342	0.234499	0.271561	0.267975	0	0.323288	0.329313	0.32787	0.37713	0.321733	0.372572	0.349117	0.344417	0.351982	0.343334	0.339993	0.368015	0.319583	0.333929	0.345707	0.321553	0.320327	0.322677	0.399167	0.428854	0.389419	0.440045	0.433427	0.390099	0.385112	0.388518	0.386954	0.409975	0.38742	0.379412	0.452643	0.457125	0.455831	0.44221	0.452658	0.446434	0.348741	0.397678	0.346066	0.366847	0.355202	0.363886	0.409283	0.425474	0.414348	0.390541	0.390616	0.389622	0.509861	0.500511	0.488177	0.523143	0.485271	0.486347	0.42666	0.419906	0.435895	0.468014	0.434504	0.436582
ERR626813	0.289162	0.295102	0.291578	0.286913	0.295433	0.287361	0.346169	0.343052	0.360317	0.344901	0.345982	0.348979	0.39933	0.359108	0.43064	0.346517	0.39802	0.404034	0.464109	0.478202	0.475024	0.480957	0.477451	0.476414	0.355725	0.349451	0.358708	0.354138	0.334131	0.335287	0.322139	0.347467	0.322874	0.347168	0.344983	0.323288	0	0.254394	0.252896	0.306137	0.248167	0.30203	0.370823	0.372055	0.377008	0.371175	0.36778	0.388958	0.325893	0.34196	0.355757	0.326376	0.326908	0.327838	0.442026	0.466208	0.432648	0.474193	0.4699	0.433079	0.43694	0.438885	0.437476	0.457934	0.437661	0.431152	0.468416	0.470943	0.46979	0.457369	0.465919	0.461909	0.378287	0.428698	0.376382	0.40325	0.38553	0.401198	0.450376	0.46254	0.454268	0.434357	0.434777	0.434451	0.515634	0.50579	0.494496	0.528763	0.491386	0.492298	0.467627	0.461457	0.474864	0.503739	0.473859	0.475687
ERR626814	0.296357	0.297801	0.299674	0.291851	0.298295	0.298812	0.342192	0.340204	0.349478	0.338423	0.34169	0.34242	0.382645	0.350427	0.412683	0.342743	0.381974	0.386988	0.467022	0.47545	0.473496	0.478886	0.474609	0.473689	0.346958	0.3414	0.349207	0.345992	0.336454	0.336322	0.331864	0.336586	0.331992	0.336968	0.335411	0.329313	0.254394	0	0.250594	0.286683	0.25753	0.2836	0.357777	0.361175	0.364096	0.360645	0.357843	0.372567	0.32538	0.333895	0.34382	0.329796	0.326666	0.329889	0.437584	0.454575	0.430665	0.461212	0.457658	0.431142	0.432932	0.433892	0.433405	0.446278	0.433339	0.432275	0.466848	0.470053	0.469171	0.462615	0.466413	0.463938	0.377307	0.41353	0.378138	0.395862	0.379901	0.395037	0.442483	0.452296	0.445371	0.432105	0.43259	0.432075	0.512309	0.504886	0.495855	0.524956	0.492826	0.494744	0.464111	0.461774	0.468435	0.491364	0.467767	0.469193
ERR626815	0.293829	0.295162	0.296574	0.290579	0.296023	0.296466	0.343488	0.341108	0.351267	0.339766	0.342962	0.343955	0.384216	0.351034	0.414669	0.342761	0.383253	0.388627	0.466327	0.475247	0.47327	0.478636	0.474541	0.473635	0.348287	0.342222	0.350491	0.34723	0.335772	0.335864	0.329855	0.33713	0.330334	0.337106	0.335563	0.32787	0.252896	0.250594	0	0.287838	0.255425	0.285118	0.359795	0.363141	0.366427	0.362439	0.359433	0.374879	0.326097	0.335602	0.346093	0.330013	0.327287	0.330511	0.439487	0.456945	0.4318	0.463963	0.460183	0.432137	0.433917	0.434802	0.434121	0.448881	0.434379	0.432473	0.467452	0.469921	0.468944	0.462159	0.466149	0.463667	0.378991	0.417073	0.379607	0.398618	0.382054	0.397402	0.44384	0.453822	0.446994	0.433006	0.433538	0.433157	0.511657	0.504051	0.494806	0.524166	0.49162	0.493349	0.465161	0.462108	0.469939	0.4937	0.469004	0.470579
ERR626817	0.338646	0.322486	0.335767	0.33318	0.322574	0.347394	0.381723	0.380792	0.375201	0.370975	0.380437	0.377123	0.357481	0.356848	0.393703	0.359334	0.35756	0.359561	0.480786	0.473195	0.47436	0.475774	0.472797	0.472665	0.363231	0.353609	0.363679	0.363103	0.367025	0.364757	0.381889	0.354671	0.382956	0.35569	0.356461	0.37713	0.306137	0.286683	0.287838	0	0.312342	0.260455	0.377782	0.387887	0.386488	0.388208	0.385909	0.385428	0.369309	0.368297	0.371658	0.380165	0.370938	0.3785	0.464302	0.455136	0.459037	0.455267	0.455963	0.459521	0.456373	0.453967	0.454571	0.458237	0.454817	0.463021	0.476317	0.474388	0.474743	0.486906	0.475448	0.481022	0.412864	0.424723	0.41798	0.426816	0.409506	0.428149	0.448389	0.447802	0.448474	0.456264	0.457036	0.456704	0.497013	0.497211	0.496939	0.505293	0.494759	0.498514	0.485484	0.488913	0.481364	0.48698	0.481848	0.481779
ERR626818	0.287811	0.295371	0.290585	0.286385	0.295961	0.285562	0.345931	0.342711	0.361707	0.345934	0.345809	0.349666	0.403184	0.360798	0.433304	0.347524	0.401785	0.408014	0.465431	0.481066	0.477707	0.483938	0.480223	0.479181	0.357782	0.352312	0.361142	0.356399	0.335344	0.336597	0.320419	0.349517	0.32101	0.349235	0.346491	0.321733	0.248167	0.25753	0.255425	0.312342	0	0.308081	0.372926	0.372824	0.378627	0.371822	0.368381	0.391414	0.325485	0.34237	0.356892	0.324663	0.326421	0.326503	0.44358	0.469966	0.433927	0.478606	0.473912	0.434328	0.438599	0.440681	0.439189	0.460936	0.439608	0.431861	0.47066	0.473074	0.472113	0.458255	0.467843	0.46311	0.380376	0.432093	0.377826	0.405073	0.388106	0.402653	0.453453	0.46648	0.457564	0.435983	0.436333	0.435878	0.519266	0.508679	0.49652	0.53242	0.493224	0.493906	0.469411	0.462455	0.47744	0.507737	0.476329	0.478221
ERR626816	0.335111	0.319477	0.33216	0.329918	0.319491	0.343495	0.378267	0.377348	0.372397	0.36775	0.376862	0.373733	0.358447	0.355907	0.39459	0.357046	0.358293	0.360352	0.478474	0.472072	0.472961	0.474459	0.471771	0.471659	0.361309	0.35139	0.361539	0.360998	0.363718	0.361644	0.377345	0.351266	0.37867	0.352005	0.352736	0.372572	0.30203	0.2836	0.285118	0.260455	0.308081	0	0.375324	0.385357	0.384219	0.385626	0.383339	0.383566	0.365715	0.365281	0.369286	0.376557	0.367628	0.374908	0.462654	0.454605	0.456609	0.45496	0.455571	0.457522	0.453705	0.45128	0.451869	0.456296	0.452137	0.459818	0.475318	0.473406	0.473504	0.484956	0.47421	0.47951	0.410427	0.424215	0.415287	0.425008	0.407551	0.426253	0.447094	0.446872	0.447223	0.454112	0.454887	0.454505	0.496119	0.495887	0.495413	0.504545	0.493119	0.49681	0.483534	0.486526	0.479753	0.486569	0.48021	0.480223
ERR614003	0.391187	0.399062	0.40177	0.384848	0.400046	0.395495	0.297879	0.30062	0.279657	0.28578	0.2961	0.288461	0.386774	0.364785	0.394646	0.365318	0.386591	0.38877	0.552479	0.557274	0.557418	0.563824	0.555991	0.555163	0.374928	0.380803	0.375492	0.375951	0.389851	0.387027	0.363759	0.309584	0.362822	0.310655	0.309988	0.349117	0.370823	0.357777	0.359795	0.377782	0.372926	0.375324	0	0.236162	0.233906	0.23677	0.236828	0.238166	0.283205	0.266102	0.26055	0.304504	0.284969	0.299413	0.457521	0.474201	0.456906	0.483137	0.47674	0.45697	0.437811	0.438553	0.439488	0.436507	0.43957	0.451474	0.543078	0.551494	0.550321	0.542515	0.549207	0.543474	0.39125	0.388931	0.39728	0.382744	0.383948	0.384378	0.476015	0.487807	0.479195	0.467804	0.468272	0.466176	0.605797	0.601195	0.592516	0.617625	0.589743	0.592315	0.486019	0.490328	0.489467	0.504612	0.488113	0.488807
ERR614005	0.38854	0.399967	0.401124	0.382555	0.400951	0.392494	0.29092	0.293804	0.279189	0.284129	0.289506	0.284346	0.388835	0.361597	0.391875	0.362086	0.388302	0.390991	0.553813	0.560279	0.560329	0.567777	0.558833	0.557982	0.374235	0.382517	0.375019	0.375453	0.389966	0.387458	0.359388	0.315042	0.35726	0.315938	0.314303	0.344417	0.372055	0.361175	0.363141	0.387887	0.372824	0.385357	0.236162	0	0.23383	0.231179	0.231251	0.24357	0.276557	0.260627	0.256917	0.293914	0.277901	0.289443	0.454503	0.475839	0.454577	0.486195	0.478464	0.45486	0.439489	0.441576	0.442307	0.440118	0.442313	0.450746	0.542584	0.552295	0.550911	0.540572	0.549537	0.542096	0.389583	0.388016	0.394391	0.37812	0.382727	0.379083	0.478939	0.492366	0.482381	0.467653	0.467857	0.465893	0.612972	0.607677	0.597412	0.625726	0.594473	0.596922	0.485009	0.488726	0.490347	0.507696	0.488752	0.48975
ERR614004	0.396088	0.406147	0.408326	0.389699	0.407063	0.400558	0.297026	0.300438	0.279724	0.287552	0.295418	0.287992	0.390637	0.367753	0.393343	0.369284	0.390603	0.392583	0.557185	0.561919	0.562143	0.569329	0.56052	0.559614	0.376534	0.384493	0.376902	0.377728	0.394837	0.392002	0.367481	0.31428	0.36557	0.315462	0.314553	0.351982	0.377008	0.364096	0.366427	0.386488	0.378627	0.384219	0.233906	0.23383	0	0.234587	0.235239	0.237988	0.284668	0.265072	0.258178	0.30435	0.286443	0.299339	0.455482	0.474309	0.457085	0.483603	0.476729	0.457159	0.439685	0.441077	0.442221	0.436735	0.442207	0.4535	0.545789	0.555452	0.55402	0.54531	0.553084	0.546218	0.39189	0.384898	0.397783	0.378759	0.383265	0.380406	0.478487	0.490916	0.481497	0.468956	0.469254	0.467157	0.613348	0.60854	0.599147	0.625714	0.596169	0.598886	0.486228	0.491513	0.490227	0.505327	0.488892	0.489763
