	ERR622146	ERR622144	ERR622143	ERR622148	ERR622147	ERR622145	ERR629948	ERR629951	ERR629949	ERR629950	ERR629946	ERR629947	ERR617026	ERR617023	ERR617022	ERR617024	ERR617025	ERR617021	ERR617222	ERR617226	ERR617224	ERR617225	ERR617221	ERR617223	ERR608919	ERR608924	ERR608921	ERR608923	ERR608920	ERR608922	ERR613638	ERR613635	ERR613637	ERR613639	ERR613640	ERR613636	ERR608884	ERR608887	ERR608886	ERR608888	ERR608883	ERR608885	ERR607762	ERR607759	ERR607761	ERR607760	ERR637124	ERR637123	ERR616156	ERR616158	ERR616159	ERR616157	ERR616154	ERR616155	ERR612951	ERR612954	ERR612952	ERR612955	ERR612953	ERR612956	ERR616690	ERR616689	ERR616693	ERR616688	ERR616691	ERR616692	ERR617033	ERR617037	ERR617038	ERR617036	ERR617034	ERR617035	ERR617468	ERR617466	ERR617467	ERR617464	ERR617465	ERR617463	ERR612584	ERR612588	ERR612586	ERR612585	ERR612587	ERR612583	ERR616715	ERR616717	ERR616712	ERR616714	ERR616716	ERR616713	ERR607599	ERR607601	ERR607598	ERR607597	ERR607600	ERR607602
ERR622146	0	0.275083	0.280226	0.263459	0.262161	0.285653	0.471315	0.454283	0.455126	0.453888	0.474217	0.455211	0.331652	0.347512	0.343094	0.33095	0.331073	0.33335	0.424691	0.404404	0.433447	0.435165	0.411375	0.426791	0.356042	0.356336	0.400866	0.357492	0.381974	0.358744	0.325628	0.341768	0.328621	0.325401	0.32665	0.33818	0.367077	0.317625	0.316424	0.314946	0.35515	0.365587	0.338353	0.359842	0.338136	0.338126	0.36258	0.35234	0.534897	0.51491	0.517498	0.517429	0.525238	0.525637	0.505229	0.496556	0.489726	0.496359	0.495609	0.498426	0.498601	0.490163	0.485645	0.491123	0.486741	0.485935	0.630195	0.637963	0.63691	0.636918	0.631707	0.632911	0.512636	0.521866	0.52255	0.513738	0.514732	0.507023	0.536637	0.538225	0.535917	0.52724	0.534125	0.532975	0.443383	0.443964	0.445622	0.452285	0.443731	0.444822	0.43015	0.4393	0.429041	0.439273	0.439833	0.439895
ERR622144	0.275083	0	0.291773	0.282115	0.277975	0.254217	0.445594	0.4348	0.43468	0.43493	0.447488	0.436452	0.333668	0.33655	0.334225	0.334134	0.336168	0.327375	0.427441	0.413179	0.428705	0.429238	0.418979	0.430552	0.354098	0.351812	0.369777	0.351231	0.353748	0.350673	0.325565	0.322056	0.315404	0.326029	0.350989	0.3196	0.328298	0.303595	0.305014	0.304523	0.317458	0.325963	0.317987	0.319792	0.315901	0.317294	0.323045	0.314177	0.552334	0.518846	0.519986	0.521926	0.53994	0.535794	0.49074	0.495981	0.497235	0.498639	0.485807	0.499487	0.51557	0.502295	0.483168	0.504592	0.484768	0.483544	0.63941	0.65084	0.649235	0.649147	0.640118	0.640574	0.50379	0.510757	0.510577	0.511153	0.511965	0.504428	0.555115	0.554087	0.550665	0.533623	0.548679	0.535903	0.443723	0.443632	0.4543	0.466416	0.444359	0.45157	0.417696	0.417423	0.41756	0.416884	0.417666	0.417975
ERR622143	0.280226	0.291773	0	0.279621	0.279773	0.308999	0.490044	0.463348	0.465096	0.462677	0.49296	0.470289	0.347331	0.382264	0.376228	0.350665	0.349265	0.359819	0.465234	0.431895	0.474115	0.475608	0.448361	0.468799	0.345001	0.36926	0.419638	0.370904	0.396341	0.372546	0.353538	0.366776	0.347153	0.352715	0.340248	0.357913	0.395991	0.345324	0.345329	0.34297	0.381611	0.392529	0.349842	0.381082	0.350551	0.350877	0.386859	0.372859	0.567355	0.544595	0.547828	0.547873	0.555058	0.557465	0.531158	0.523257	0.50973	0.522246	0.51949	0.524859	0.518219	0.509424	0.505704	0.50925	0.506796	0.505838	0.654969	0.657232	0.654652	0.656715	0.65995	0.662279	0.535625	0.547966	0.548516	0.538995	0.540308	0.528627	0.561555	0.565935	0.563619	0.55413	0.561482	0.563504	0.458919	0.459088	0.461446	0.469655	0.458412	0.461625	0.438862	0.452029	0.434924	0.450928	0.452803	0.453025
ERR622148	0.263459	0.282115	0.279621	0	0.263235	0.294169	0.477215	0.458749	0.45953	0.458022	0.480043	0.459854	0.335168	0.353625	0.348982	0.334742	0.334523	0.33871	0.428187	0.406319	0.437826	0.439645	0.413872	0.430202	0.359337	0.361163	0.409281	0.36263	0.390025	0.364213	0.330088	0.348836	0.334203	0.329441	0.326002	0.344519	0.376927	0.324622	0.323046	0.321287	0.364646	0.375271	0.344481	0.36877	0.344758	0.344581	0.371638	0.361225	0.533991	0.516232	0.519121	0.518659	0.524461	0.525883	0.509496	0.498684	0.490177	0.498123	0.499216	0.500214	0.496575	0.489092	0.487368	0.489648	0.488304	0.48772	0.629524	0.636486	0.635441	0.635459	0.631428	0.632993	0.515468	0.525377	0.526293	0.515791	0.516759	0.509066	0.535146	0.537528	0.535218	0.528148	0.533553	0.5348	0.444861	0.44534	0.445359	0.451088	0.445057	0.445005	0.43325	0.444549	0.432228	0.444336	0.444913	0.444943
ERR622147	0.262161	0.277975	0.279773	0.263235	0	0.289159	0.474354	0.456364	0.457133	0.45578	0.47699	0.457265	0.332768	0.349592	0.34544	0.332492	0.332298	0.335205	0.425761	0.404841	0.434877	0.436685	0.411893	0.427921	0.357933	0.358388	0.405124	0.359495	0.385805	0.361436	0.326819	0.344408	0.330574	0.326538	0.325655	0.340328	0.371535	0.320434	0.318856	0.317381	0.359418	0.369945	0.341653	0.363959	0.341573	0.341629	0.366864	0.35675	0.534222	0.515039	0.51774	0.51746	0.524493	0.52543	0.506645	0.496935	0.489345	0.496609	0.496972	0.498602	0.497499	0.489391	0.486142	0.490321	0.48711	0.486345	0.629504	0.636877	0.63594	0.635896	0.631269	0.632598	0.513671	0.522972	0.524016	0.514282	0.515189	0.50755	0.535195	0.537274	0.534812	0.52687	0.533136	0.533029	0.443509	0.443967	0.445174	0.451473	0.443749	0.444415	0.43108	0.441691	0.430279	0.441644	0.442007	0.442235
ERR622145	0.285653	0.254217	0.308999	0.294169	0.289159	0	0.438594	0.434378	0.433702	0.434641	0.440132	0.434385	0.338978	0.330487	0.329759	0.33857	0.341346	0.32658	0.420273	0.413108	0.418351	0.418539	0.415295	0.423241	0.366137	0.356599	0.3616	0.355264	0.349819	0.35444	0.327185	0.318281	0.3166	0.328114	0.363357	0.318239	0.313485	0.302066	0.304481	0.304239	0.304745	0.311697	0.319295	0.308234	0.316133	0.318056	0.310159	0.304131	0.553179	0.516946	0.517242	0.519748	0.540924	0.53477	0.483898	0.494092	0.499965	0.497668	0.481688	0.498084	0.520051	0.505781	0.482932	0.508681	0.48455	0.483196	0.638327	0.652336	0.651002	0.650417	0.63753	0.637176	0.499561	0.504564	0.504107	0.508079	0.50897	0.502596	0.558386	0.555809	0.552088	0.533201	0.550193	0.532876	0.446996	0.44681	0.459055	0.47168	0.447911	0.455776	0.420661	0.415124	0.421665	0.415179	0.415587	0.415512
ERR629948	0.471315	0.445594	0.490044	0.477215	0.474354	0.438594	0	0.259975	0.257531	0.261692	0.238481	0.251327	0.493188	0.477097	0.479348	0.492755	0.495046	0.48036	0.515956	0.519153	0.509962	0.508171	0.516501	0.517537	0.525978	0.514029	0.501864	0.512696	0.498826	0.51162	0.444117	0.427107	0.435141	0.445999	0.48235	0.429715	0.423106	0.440956	0.443399	0.4435	0.421984	0.422378	0.444426	0.411648	0.441317	0.443364	0.411011	0.413143	0.444587	0.386437	0.384359	0.389389	0.426849	0.411125	0.360468	0.386217	0.408911	0.393578	0.364298	0.391709	0.403916	0.381515	0.333387	0.387167	0.335112	0.333777	0.502957	0.527486	0.525573	0.524412	0.500097	0.497881	0.344304	0.346783	0.346357	0.358426	0.358845	0.354236	0.464522	0.45485	0.449692	0.420786	0.448459	0.414516	0.342671	0.341168	0.366946	0.384787	0.344268	0.360943	0.346832	0.32387	0.351629	0.324993	0.323895	0.323014
ERR629951	0.454283	0.4348	0.463348	0.458749	0.456364	0.434378	0.259975	0	0.244241	0.244758	0.262535	0.247449	0.482307	0.482122	0.482384	0.483403	0.484958	0.477797	0.526938	0.516694	0.525519	0.524348	0.521706	0.529043	0.504684	0.503046	0.506904	0.502554	0.497977	0.501809	0.435553	0.424608	0.424637	0.436922	0.460755	0.422633	0.435342	0.435139	0.43733	0.436447	0.42985	0.432858	0.431289	0.41571	0.429423	0.431218	0.418202	0.414661	0.441599	0.390769	0.391786	0.394837	0.422038	0.413685	0.376601	0.386568	0.394379	0.390374	0.370329	0.390966	0.383745	0.36338	0.327698	0.366905	0.329422	0.327568	0.505028	0.518554	0.515839	0.516612	0.508249	0.508938	0.356154	0.367186	0.367974	0.366528	0.367296	0.356039	0.45226	0.447931	0.4434	0.420311	0.441645	0.423461	0.322115	0.320966	0.343241	0.360778	0.322835	0.339239	0.323847	0.31553	0.324348	0.315592	0.315988	0.315677
ERR629949	0.455126	0.43468	0.465096	0.45953	0.457133	0.433702	0.257531	0.244241	0	0.244878	0.259895	0.24717	0.482702	0.481049	0.481404	0.483708	0.485163	0.477285	0.525939	0.516928	0.524057	0.522901	0.521136	0.528092	0.505902	0.502932	0.505637	0.502494	0.49718	0.501745	0.435205	0.423464	0.424235	0.436648	0.461709	0.421833	0.433599	0.434674	0.436734	0.435985	0.428357	0.431135	0.431382	0.414388	0.429359	0.431044	0.416774	0.413673	0.44209	0.390757	0.391357	0.394677	0.42276	0.413859	0.374548	0.385874	0.39498	0.389862	0.369115	0.390223	0.38599	0.365253	0.328143	0.369058	0.329664	0.327983	0.505514	0.520107	0.517425	0.518059	0.508532	0.508769	0.35553	0.365951	0.366836	0.366451	0.367019	0.356409	0.453625	0.448601	0.443982	0.420493	0.442496	0.422704	0.323689	0.321982	0.345068	0.363025	0.324475	0.34105	0.324981	0.315204	0.325788	0.315449	0.315622	0.315375
ERR629950	0.453888	0.43493	0.462677	0.458022	0.45578	0.434641	0.261692	0.244758	0.244878	0	0.264378	0.248372	0.481802	0.482077	0.4823	0.4831	0.484216	0.477374	0.526833	0.516226	0.525593	0.524543	0.521335	0.528989	0.504655	0.503037	0.507873	0.502531	0.49863	0.50201	0.435329	0.424353	0.424345	0.436677	0.459654	0.422646	0.436591	0.435768	0.437695	0.436753	0.431124	0.434163	0.431892	0.416873	0.430085	0.431814	0.419189	0.41573	0.441345	0.391588	0.39239	0.395603	0.42191	0.413988	0.377568	0.386783	0.393873	0.39033	0.371104	0.390904	0.383028	0.362771	0.328025	0.366072	0.329462	0.32774	0.504433	0.517663	0.514961	0.515828	0.507963	0.508756	0.357011	0.36843	0.369201	0.367146	0.368043	0.356458	0.451955	0.447705	0.443338	0.420564	0.441601	0.424026	0.321968	0.320556	0.342594	0.360107	0.322707	0.338603	0.323935	0.316551	0.324468	0.316526	0.31681	0.316647
ERR629946	0.474217	0.447488	0.49296	0.480043	0.47699	0.440132	0.238481	0.262535	0.259895	0.264378	0	0.253199	0.494555	0.477418	0.479824	0.494	0.496522	0.481322	0.515659	0.51946	0.509259	0.507324	0.516733	0.517209	0.528145	0.515918	0.502133	0.514593	0.499654	0.513365	0.446256	0.428307	0.437039	0.448143	0.485386	0.431158	0.423121	0.443032	0.445534	0.445712	0.422511	0.422327	0.446907	0.412122	0.44359	0.445796	0.411518	0.414032	0.447047	0.387514	0.385354	0.390657	0.429249	0.412927	0.360802	0.388312	0.412521	0.39606	0.365511	0.394204	0.407253	0.384678	0.334988	0.390493	0.336823	0.335477	0.503181	0.528422	0.52648	0.525311	0.499963	0.497375	0.344203	0.345689	0.345194	0.359125	0.359135	0.355229	0.467346	0.457307	0.45193	0.42218	0.450867	0.415401	0.34613	0.344424	0.370624	0.388567	0.347535	0.364586	0.350573	0.32624	0.355627	0.327564	0.326168	0.325479
ERR629947	0.455211	0.436452	0.470289	0.459854	0.457265	0.434385	0.251327	0.247449	0.24717	0.248372	0.253199	0	0.482922	0.476897	0.477842	0.483013	0.484711	0.475469	0.51699	0.511997	0.515147	0.514069	0.513359	0.518343	0.511488	0.504044	0.506386	0.503559	0.498874	0.503003	0.43204	0.421793	0.424762	0.433464	0.460759	0.421854	0.43149	0.432441	0.434096	0.433498	0.427312	0.429917	0.433555	0.414985	0.431376	0.432927	0.415914	0.414417	0.427031	0.377128	0.37751	0.380605	0.408683	0.398618	0.365331	0.375509	0.387784	0.380002	0.360777	0.380028	0.376155	0.356058	0.319215	0.360392	0.320752	0.319187	0.493828	0.51089	0.508995	0.508672	0.494661	0.49438	0.345721	0.354351	0.355267	0.354496	0.354975	0.347083	0.442399	0.436387	0.431727	0.408395	0.43021	0.40887	0.319083	0.31765	0.339724	0.356119	0.319904	0.33527	0.324327	0.31385	0.326808	0.314601	0.314282	0.31386
ERR617026	0.331652	0.333668	0.347331	0.335168	0.332768	0.338978	0.493188	0.482307	0.482702	0.481802	0.494555	0.482922	0	0.290598	0.288523	0.270182	0.270536	0.277665	0.383302	0.355656	0.389658	0.390625	0.370467	0.385813	0.392966	0.390336	0.4148	0.390743	0.401789	0.391611	0.350706	0.356895	0.350125	0.350982	0.361949	0.353998	0.392441	0.375859	0.376386	0.374262	0.385844	0.388967	0.418104	0.397053	0.415365	0.417463	0.40071	0.39696	0.546677	0.514902	0.516706	0.517694	0.533805	0.530819	0.526571	0.527003	0.527703	0.528602	0.52049	0.528831	0.523191	0.512648	0.495897	0.513388	0.496739	0.496192	0.610075	0.617317	0.615429	0.615535	0.612035	0.611389	0.51299	0.521265	0.521505	0.517339	0.517818	0.510521	0.54971	0.548309	0.545629	0.531756	0.543989	0.536434	0.473115	0.473634	0.482884	0.491004	0.473842	0.482026	0.489559	0.489286	0.488277	0.48988	0.489775	0.489531
ERR617023	0.347512	0.33655	0.382264	0.353625	0.349592	0.330487	0.477097	0.482122	0.481049	0.482077	0.477418	0.476897	0.290598	0	0.265948	0.286912	0.290036	0.271128	0.353124	0.355657	0.35209	0.352452	0.352199	0.354868	0.420222	0.397464	0.398056	0.397097	0.394047	0.396798	0.34924	0.347423	0.352753	0.349802	0.384632	0.352084	0.361159	0.366155	0.366845	0.366409	0.360189	0.360324	0.42071	0.378199	0.416186	0.418444	0.377624	0.381031	0.537153	0.502173	0.501932	0.504232	0.52642	0.518192	0.506499	0.515095	0.526369	0.519122	0.507078	0.518102	0.526807	0.51448	0.492126	0.517303	0.493	0.492603	0.603291	0.620499	0.620073	0.618149	0.599453	0.59725	0.498504	0.500697	0.500437	0.503621	0.504288	0.50238	0.549282	0.543751	0.540395	0.52357	0.53933	0.520997	0.476903	0.477306	0.487484	0.496263	0.478208	0.484673	0.492366	0.484259	0.494893	0.48567	0.484386	0.483781
ERR617022	0.343094	0.334225	0.376228	0.348982	0.34544	0.329759	0.479348	0.482384	0.481404	0.4823	0.479824	0.477842	0.288523	0.265948	0	0.284645	0.287621	0.270436	0.354764	0.354854	0.355068	0.355572	0.352227	0.357048	0.415828	0.395397	0.399578	0.395163	0.394276	0.395076	0.348297	0.349019	0.352415	0.348971	0.380495	0.352669	0.364751	0.366248	0.366472	0.365896	0.362781	0.363902	0.419749	0.380482	0.415425	0.417717	0.38015	0.382636	0.536289	0.503014	0.503086	0.504935	0.525632	0.518266	0.509015	0.516336	0.526026	0.519908	0.508899	0.519278	0.525065	0.51262	0.492747	0.515422	0.493519	0.493208	0.603073	0.6199	0.619229	0.617559	0.599534	0.597882	0.499844	0.502706	0.502611	0.50445	0.505223	0.50281	0.54804	0.543179	0.540013	0.523926	0.538641	0.522078	0.476545	0.477095	0.485697	0.494118	0.477706	0.483106	0.491542	0.484691	0.493958	0.485917	0.485071	0.484382
ERR617024	0.33095	0.334134	0.350665	0.334742	0.332492	0.33857	0.492755	0.483403	0.483708	0.4831	0.494	0.483013	0.270182	0.286912	0.284645	0	0.270401	0.275719	0.376824	0.352128	0.383455	0.384518	0.364564	0.378907	0.396499	0.39064	0.414307	0.391087	0.402035	0.392102	0.349249	0.356611	0.350758	0.349596	0.362134	0.3547	0.390382	0.373965	0.373908	0.372344	0.383989	0.387303	0.418579	0.396299	0.415585	0.417612	0.39944	0.396356	0.542116	0.511621	0.513425	0.514372	0.529907	0.526764	0.524491	0.524596	0.52612	0.526395	0.519067	0.526672	0.520882	0.51037	0.494537	0.511291	0.495204	0.494839	0.60676	0.614988	0.61338	0.613215	0.607964	0.607144	0.511003	0.518745	0.519032	0.514671	0.515014	0.50861	0.547046	0.545211	0.542551	0.529287	0.540954	0.533401	0.472804	0.47323	0.481716	0.489444	0.473639	0.480698	0.490571	0.489765	0.48954	0.490523	0.490188	0.489833
ERR617025	0.331073	0.336168	0.349265	0.334523	0.332298	0.341346	0.495046	0.484958	0.485163	0.484216	0.496522	0.484711	0.270536	0.290036	0.287621	0.270401	0	0.277815	0.378414	0.35221	0.386073	0.387081	0.36556	0.380541	0.39599	0.390984	0.417098	0.391664	0.40425	0.392646	0.349975	0.358225	0.351773	0.349905	0.359919	0.355955	0.394257	0.376005	0.375952	0.373945	0.387706	0.391026	0.420445	0.399944	0.417619	0.419525	0.403204	0.399814	0.541909	0.512532	0.514463	0.515059	0.529741	0.527133	0.526627	0.525651	0.526128	0.527133	0.520524	0.527455	0.520193	0.510077	0.495457	0.510924	0.495972	0.495622	0.606254	0.613939	0.612374	0.612232	0.607873	0.607239	0.512222	0.520385	0.520716	0.515677	0.515912	0.509239	0.546102	0.544833	0.541992	0.52936	0.540412	0.534006	0.473243	0.473732	0.481539	0.489056	0.473879	0.480835	0.491609	0.491598	0.490464	0.492198	0.49218	0.491554
ERR617021	0.33335	0.327375	0.359819	0.33871	0.335205	0.32658	0.48036	0.477797	0.477285	0.477374	0.481322	0.475469	0.277665	0.271128	0.270436	0.275719	0.277815	0	0.365261	0.353966	0.367775	0.368318	0.357434	0.367601	0.402318	0.388499	0.400663	0.388339	0.39168	0.388602	0.344556	0.346244	0.345609	0.345149	0.369426	0.347297	0.370724	0.365074	0.365364	0.364348	0.366578	0.368698	0.413504	0.381191	0.409686	0.41187	0.382825	0.382301	0.539501	0.50678	0.507362	0.509068	0.527958	0.522297	0.512973	0.517844	0.523571	0.520623	0.510451	0.520283	0.522418	0.510458	0.491493	0.512739	0.492252	0.491762	0.605293	0.619255	0.618021	0.617077	0.604461	0.603239	0.502782	0.507783	0.507908	0.507615	0.508207	0.503198	0.547465	0.544203	0.541085	0.525657	0.539504	0.526273	0.471943	0.472196	0.481418	0.490227	0.4728	0.479374	0.48594	0.481684	0.487057	0.482453	0.482037	0.481518
ERR617222	0.424691	0.427441	0.465234	0.428187	0.425761	0.420273	0.515956	0.526938	0.525939	0.526833	0.515659	0.51699	0.383302	0.353124	0.354764	0.376824	0.378414	0.365261	0	0.288837	0.268581	0.269572	0.271514	0.26575	0.510408	0.480895	0.47849	0.481403	0.480879	0.481544	0.387457	0.395513	0.40503	0.388375	0.418516	0.403511	0.410916	0.428613	0.428393	0.427745	0.415387	0.41181	0.507312	0.446908	0.502054	0.504412	0.443618	0.452968	0.512153	0.491924	0.492189	0.492302	0.50664	0.500282	0.529499	0.532012	0.54476	0.535396	0.531536	0.533822	0.518889	0.510669	0.499629	0.513271	0.499953	0.500331	0.544181	0.564695	0.565033	0.561491	0.537451	0.534428	0.49474	0.495508	0.495903	0.492835	0.493061	0.496178	0.534624	0.527429	0.525343	0.515321	0.525337	0.510582	0.50174	0.502382	0.504708	0.507659	0.502448	0.502792	0.546942	0.538716	0.551373	0.54074	0.538522	0.537722
ERR617226	0.404404	0.413179	0.431895	0.406319	0.404841	0.413108	0.519153	0.516694	0.516928	0.516226	0.51946	0.511997	0.355656	0.355657	0.354854	0.352128	0.35221	0.353966	0.288837	0	0.298031	0.29927	0.277817	0.28979	0.482194	0.466554	0.478787	0.46744	0.47437	0.46817	0.376951	0.388916	0.389317	0.377824	0.39276	0.390665	0.423204	0.425588	0.425701	0.423475	0.422507	0.420814	0.496098	0.447705	0.491769	0.494213	0.448653	0.452128	0.520352	0.499113	0.501457	0.50075	0.51164	0.509689	0.539603	0.536672	0.540807	0.538337	0.535908	0.537689	0.512238	0.504793	0.495475	0.505484	0.495738	0.495844	0.544756	0.554688	0.553589	0.552186	0.544223	0.542459	0.500198	0.506793	0.507734	0.499052	0.499122	0.496358	0.532939	0.529261	0.527452	0.518102	0.526928	0.52058	0.491243	0.491696	0.495327	0.498785	0.491313	0.494886	0.5375	0.533928	0.53834	0.535548	0.534098	0.533487
ERR617224	0.433447	0.428705	0.474115	0.437826	0.434877	0.418351	0.509962	0.525519	0.524057	0.525593	0.509259	0.515147	0.389658	0.35209	0.355068	0.383455	0.386073	0.367775	0.268581	0.298031	0	0.26002	0.280711	0.268998	0.515722	0.484804	0.472498	0.484864	0.477691	0.484353	0.393147	0.393642	0.406928	0.39422	0.432001	0.402851	0.39988	0.429846	0.430321	0.429956	0.406656	0.40092	0.508427	0.439505	0.502626	0.505333	0.435395	0.447105	0.52277	0.495715	0.494941	0.496406	0.516098	0.506887	0.525738	0.5342	0.550836	0.538537	0.530474	0.536441	0.53022	0.520136	0.502572	0.523255	0.503269	0.503454	0.55339	0.57617	0.576418	0.572848	0.545657	0.541654	0.493697	0.492196	0.491895	0.494586	0.494909	0.498654	0.545945	0.537248	0.534494	0.520905	0.534657	0.513654	0.506956	0.507283	0.51304	0.517615	0.507682	0.510202	0.548747	0.536873	0.553395	0.539098	0.536661	0.53562
ERR617225	0.435165	0.429238	0.475608	0.439645	0.436685	0.418539	0.508171	0.524348	0.522901	0.524543	0.507324	0.514069	0.390625	0.352452	0.355572	0.384518	0.387081	0.368318	0.269572	0.29927	0.26002	0	0.281958	0.269644	0.516911	0.485961	0.471847	0.485848	0.477523	0.485433	0.394238	0.393435	0.407089	0.395578	0.434103	0.402754	0.398278	0.430745	0.431388	0.43108	0.405546	0.399211	0.508384	0.437917	0.502724	0.505332	0.433855	0.445753	0.523778	0.495546	0.494675	0.496178	0.516906	0.507388	0.524208	0.533752	0.550872	0.538482	0.529436	0.536117	0.530903	0.520543	0.501846	0.523688	0.502352	0.502556	0.553098	0.576068	0.576183	0.572556	0.545157	0.541178	0.492346	0.490616	0.490309	0.49382	0.493944	0.497743	0.546437	0.537574	0.534839	0.520445	0.534819	0.51314	0.506585	0.506968	0.513282	0.518196	0.507411	0.510443	0.548157	0.535731	0.553049	0.538077	0.53559	0.534516
ERR617221	0.411375	0.418979	0.448361	0.413872	0.411893	0.415295	0.516501	0.521706	0.521136	0.521335	0.516733	0.513359	0.370467	0.352199	0.352227	0.364564	0.36556	0.357434	0.271514	0.277817	0.280711	0.281958	0	0.271575	0.496946	0.471942	0.478641	0.472569	0.477563	0.473147	0.378557	0.390344	0.395672	0.37914	0.401368	0.395752	0.41693	0.424018	0.423358	0.422139	0.418719	0.41659	0.499873	0.447136	0.495126	0.497352	0.445501	0.451964	0.508442	0.490993	0.492491	0.491834	0.502362	0.498615	0.532301	0.530211	0.538363	0.532451	0.53113	0.531459	0.51044	0.503533	0.495561	0.505133	0.49566	0.495956	0.540158	0.556832	0.55685	0.554131	0.536352	0.53393	0.495729	0.499149	0.499856	0.492912	0.493052	0.493591	0.527403	0.522117	0.52026	0.511983	0.520145	0.510546	0.494293	0.494984	0.496522	0.498586	0.494652	0.495159	0.539935	0.534854	0.543264	0.536732	0.534937	0.534117
ERR617223	0.426791	0.430552	0.468799	0.430202	0.427921	0.423241	0.517537	0.529043	0.528092	0.528989	0.517209	0.518343	0.385813	0.354868	0.357048	0.378907	0.380541	0.367601	0.26575	0.28979	0.268998	0.269644	0.271575	0	0.514212	0.483528	0.48143	0.483878	0.484111	0.484142	0.388879	0.397453	0.407429	0.389665	0.419931	0.405626	0.413371	0.429866	0.429817	0.429121	0.417904	0.414084	0.509354	0.449474	0.50439	0.506477	0.446073	0.455662	0.510449	0.490871	0.491273	0.491369	0.5054	0.498954	0.530364	0.531966	0.54504	0.535361	0.532225	0.533594	0.518714	0.511148	0.500085	0.513391	0.500323	0.500713	0.543107	0.563458	0.563881	0.560132	0.53615	0.532681	0.49544	0.495958	0.496398	0.493081	0.493039	0.496538	0.533871	0.526442	0.524382	0.514639	0.524433	0.509893	0.502554	0.503274	0.505675	0.508083	0.503324	0.503852	0.548678	0.540359	0.552984	0.542602	0.540221	0.539356
ERR608919	0.356042	0.354098	0.345001	0.359337	0.357933	0.366137	0.525978	0.504684	0.505902	0.504655	0.528145	0.511488	0.392966	0.420222	0.415828	0.396499	0.39599	0.402318	0.510408	0.482194	0.515722	0.516911	0.496946	0.514212	0	0.280954	0.326616	0.281916	0.303217	0.282091	0.407582	0.411792	0.397306	0.407332	0.405896	0.40449	0.424337	0.38196	0.383015	0.381659	0.410864	0.42143	0.374774	0.408266	0.375423	0.375787	0.413667	0.399648	0.625854	0.597026	0.599045	0.600198	0.613141	0.612564	0.570607	0.57119	0.564313	0.57168	0.562432	0.573827	0.581587	0.5707	0.558181	0.57145	0.559639	0.558384	0.71362	0.718105	0.715676	0.717124	0.716895	0.718502	0.583361	0.592795	0.592862	0.589721	0.591044	0.580517	0.621863	0.623914	0.621031	0.607809	0.619	0.614095	0.513452	0.513329	0.520876	0.531871	0.51363	0.520116	0.481498	0.488401	0.47799	0.487329	0.489056	0.489443
ERR608924	0.356336	0.351812	0.36926	0.361163	0.358388	0.356599	0.514029	0.503046	0.502932	0.503037	0.515918	0.504044	0.390336	0.397464	0.395397	0.39064	0.390984	0.388499	0.480895	0.466554	0.484804	0.485961	0.471942	0.483528	0.280954	0	0.292264	0.258348	0.277017	0.258322	0.394141	0.398074	0.390574	0.394096	0.406336	0.39567	0.404607	0.367328	0.367509	0.36697	0.393995	0.403361	0.374559	0.395382	0.374233	0.374336	0.397871	0.388444	0.603615	0.576125	0.577269	0.578487	0.593082	0.589832	0.551743	0.552844	0.553001	0.554466	0.546158	0.555712	0.571788	0.561137	0.546372	0.562803	0.54768	0.546686	0.696458	0.706347	0.705119	0.704905	0.696503	0.69676	0.567388	0.573635	0.573694	0.57242	0.573412	0.566823	0.606121	0.605685	0.602354	0.589373	0.600785	0.591561	0.507243	0.507253	0.515317	0.524823	0.507833	0.513242	0.480786	0.483398	0.480171	0.48332	0.483755	0.483892
ERR608921	0.400866	0.369777	0.419638	0.409281	0.405124	0.3616	0.501864	0.506904	0.505637	0.507873	0.502133	0.506386	0.4148	0.398056	0.399578	0.414307	0.417098	0.400663	0.47849	0.478787	0.472498	0.471847	0.478641	0.48143	0.326616	0.292264	0	0.288754	0.252827	0.285371	0.418245	0.401926	0.406244	0.419569	0.456869	0.403914	0.375998	0.387249	0.390187	0.391446	0.37179	0.375139	0.393182	0.371641	0.389542	0.391869	0.372427	0.370366	0.627281	0.587726	0.586852	0.590022	0.615785	0.606682	0.547056	0.566622	0.578843	0.571777	0.549899	0.57121	0.600851	0.586245	0.557042	0.589366	0.558734	0.557364	0.702291	0.718412	0.716826	0.716011	0.69966	0.698152	0.564858	0.566266	0.565058	0.575922	0.576454	0.572214	0.633617	0.628746	0.624777	0.60343	0.62322	0.599854	0.528549	0.52814	0.54353	0.556969	0.529686	0.539712	0.500263	0.486521	0.501748	0.486685	0.486909	0.48674
ERR608923	0.357492	0.351231	0.370904	0.36263	0.359495	0.355264	0.512696	0.502554	0.502494	0.502531	0.514593	0.503559	0.390743	0.397097	0.395163	0.391087	0.391664	0.388339	0.481403	0.46744	0.484864	0.485848	0.472569	0.483878	0.281916	0.258348	0.288754	0	0.274043	0.257673	0.394572	0.39748	0.390616	0.394626	0.408756	0.39512	0.402315	0.366958	0.367119	0.366814	0.391992	0.40134	0.373649	0.393096	0.373378	0.373587	0.395574	0.386386	0.605222	0.576808	0.577818	0.579132	0.594595	0.591	0.551151	0.553305	0.554181	0.555207	0.545948	0.556233	0.573637	0.562676	0.547044	0.564432	0.548299	0.547154	0.697456	0.7077	0.706501	0.706243	0.697566	0.697641	0.567443	0.573458	0.5735	0.573004	0.573824	0.567523	0.607918	0.607104	0.60384	0.590061	0.602138	0.592102	0.508176	0.507959	0.516581	0.526508	0.508699	0.514381	0.480953	0.482733	0.480318	0.482568	0.483069	0.483141
ERR608920	0.381974	0.353748	0.396341	0.390025	0.385805	0.349819	0.498826	0.497977	0.49718	0.49863	0.499654	0.498874	0.401789	0.394047	0.394276	0.402035	0.40425	0.39168	0.480879	0.47437	0.477691	0.477523	0.477563	0.484111	0.303217	0.277017	0.252827	0.274043	0	0.271025	0.406381	0.393564	0.393892	0.407461	0.439176	0.393333	0.376346	0.373591	0.376161	0.376848	0.369005	0.374557	0.375846	0.368115	0.37322	0.374998	0.370138	0.364732	0.622781	0.584701	0.584497	0.587243	0.610761	0.603286	0.545571	0.561213	0.56978	0.565501	0.54569	0.565549	0.592821	0.578436	0.551661	0.581277	0.553248	0.551939	0.70276	0.716724	0.715069	0.714584	0.701615	0.700708	0.563558	0.56697	0.566069	0.574125	0.574798	0.568947	0.627252	0.623828	0.619952	0.599702	0.618218	0.598238	0.518713	0.518149	0.532825	0.546322	0.519646	0.52948	0.486879	0.477	0.487296	0.476821	0.477402	0.477338
ERR608922	0.358744	0.350673	0.372546	0.364213	0.361436	0.35444	0.51162	0.501809	0.501745	0.50201	0.513365	0.503003	0.391611	0.396798	0.395076	0.392102	0.392646	0.388602	0.481544	0.46817	0.484353	0.485433	0.473147	0.484142	0.282091	0.258322	0.285371	0.257673	0.271025	0	0.39492	0.396536	0.390133	0.395051	0.410515	0.39434	0.40062	0.36664	0.367305	0.366895	0.390362	0.399489	0.373466	0.39152	0.37301	0.373382	0.394112	0.384933	0.6066	0.577239	0.578371	0.579624	0.595831	0.591988	0.550479	0.553422	0.555155	0.555607	0.545676	0.556458	0.574891	0.563738	0.547083	0.565655	0.548407	0.5473	0.697994	0.708432	0.707195	0.706953	0.697962	0.697997	0.567209	0.572921	0.572894	0.573057	0.573878	0.567517	0.609412	0.608361	0.605105	0.590737	0.603428	0.592456	0.508583	0.508584	0.517679	0.527907	0.509228	0.515339	0.480861	0.481969	0.480081	0.481814	0.482366	0.482464
ERR613638	0.325628	0.325565	0.353538	0.330088	0.326819	0.327185	0.444117	0.435553	0.435205	0.435329	0.446256	0.43204	0.350706	0.34924	0.348297	0.349249	0.349975	0.344556	0.387457	0.376951	0.393147	0.394238	0.378557	0.388879	0.407582	0.394141	0.418245	0.394572	0.406381	0.39492	0	0.264953	0.262214	0.254569	0.28356	0.265605	0.343229	0.315489	0.315461	0.314076	0.335575	0.341967	0.365967	0.358211	0.363485	0.364588	0.359144	0.3548	0.499781	0.474727	0.476566	0.476976	0.488758	0.486183	0.461659	0.454136	0.454412	0.455361	0.453138	0.456373	0.472385	0.463505	0.452042	0.465161	0.453092	0.452326	0.57674	0.588226	0.587592	0.586549	0.576991	0.576645	0.474735	0.482113	0.482845	0.476021	0.476451	0.471503	0.490759	0.489638	0.486528	0.474786	0.484939	0.477809	0.422858	0.423121	0.428955	0.435912	0.423337	0.427693	0.425533	0.428727	0.426551	0.429444	0.429161	0.429117
ERR613635	0.341768	0.322056	0.366776	0.348836	0.344408	0.318281	0.427107	0.424608	0.423464	0.424353	0.428307	0.421793	0.356895	0.347423	0.349019	0.356611	0.358225	0.346244	0.395513	0.388916	0.393642	0.393435	0.390344	0.397453	0.411792	0.398074	0.401926	0.39748	0.393564	0.396536	0.264953	0	0.255911	0.266982	0.313854	0.251321	0.317955	0.315716	0.318002	0.317405	0.31244	0.315647	0.360961	0.335011	0.357393	0.359527	0.33639	0.334303	0.518456	0.48156	0.48218	0.484364	0.50516	0.49849	0.453859	0.459221	0.466736	0.462981	0.449491	0.462774	0.490291	0.477875	0.453669	0.479745	0.454947	0.454102	0.586949	0.601028	0.599658	0.598876	0.586979	0.585663	0.470615	0.476134	0.47592	0.477402	0.477914	0.47236	0.510418	0.506854	0.502989	0.483749	0.501065	0.484095	0.428159	0.427826	0.441346	0.452593	0.428807	0.438696	0.422148	0.417187	0.423496	0.417535	0.417437	0.417472
ERR613637	0.328621	0.315404	0.347153	0.334203	0.330574	0.3166	0.435141	0.424637	0.424235	0.424345	0.437039	0.424762	0.350125	0.352753	0.352415	0.350758	0.351773	0.345609	0.40503	0.389317	0.406928	0.407089	0.395672	0.407429	0.397306	0.390574	0.406244	0.390616	0.393892	0.390133	0.262214	0.255911	0	0.263563	0.296531	0.253915	0.330745	0.314646	0.316526	0.315257	0.322131	0.327707	0.354718	0.341725	0.352116	0.353793	0.344595	0.338945	0.521197	0.48789	0.489305	0.490845	0.507673	0.503719	0.462136	0.46251	0.463355	0.464534	0.454603	0.465408	0.486604	0.474901	0.456119	0.476619	0.457412	0.456412	0.592032	0.602711	0.60089	0.600678	0.593881	0.593645	0.477815	0.485653	0.48576	0.483461	0.484049	0.476759	0.508092	0.50701	0.503524	0.486616	0.501584	0.490264	0.425502	0.425237	0.436038	0.44668	0.425801	0.434155	0.418681	0.418386	0.418165	0.418672	0.418794	0.419176
ERR613639	0.325401	0.326029	0.352715	0.329441	0.326538	0.328114	0.445999	0.436922	0.436648	0.436677	0.448143	0.433464	0.350982	0.349802	0.348971	0.349596	0.349905	0.345149	0.388375	0.377824	0.39422	0.395578	0.37914	0.389665	0.407332	0.394096	0.419569	0.394626	0.407461	0.395051	0.254569	0.266982	0.263563	0	0.282674	0.267405	0.345476	0.316025	0.316052	0.314715	0.33783	0.344277	0.36685	0.360517	0.364663	0.365584	0.361535	0.357045	0.499887	0.475519	0.477458	0.47773	0.48912	0.486712	0.462935	0.454531	0.454271	0.455738	0.454079	0.456588	0.472641	0.464127	0.453322	0.465574	0.454275	0.453914	0.57758	0.588941	0.588359	0.587313	0.577702	0.57744	0.476075	0.483593	0.484405	0.477052	0.477761	0.472658	0.490624	0.489643	0.486621	0.475251	0.485053	0.478565	0.424094	0.424411	0.429922	0.436683	0.424435	0.428481	0.42643	0.430269	0.427344	0.430955	0.430335	0.430324
ERR613640	0.32665	0.350989	0.340248	0.326002	0.325655	0.363357	0.48235	0.460755	0.461709	0.459654	0.485386	0.460759	0.361949	0.384632	0.380495	0.362134	0.359919	0.369426	0.418516	0.39276	0.432001	0.434103	0.401368	0.419931	0.405896	0.406336	0.456869	0.408756	0.439176	0.410515	0.28356	0.313854	0.296531	0.282674	0	0.307963	0.40062	0.347715	0.345923	0.343456	0.389806	0.398882	0.388883	0.406796	0.388787	0.388751	0.409559	0.400604	0.503734	0.492797	0.496953	0.495235	0.494391	0.498616	0.495964	0.473843	0.458918	0.471317	0.480995	0.473723	0.467751	0.464284	0.469474	0.463894	0.469914	0.469651	0.585806	0.589165	0.588116	0.588565	0.589795	0.591492	0.501527	0.513246	0.51502	0.497739	0.498567	0.49088	0.486733	0.491038	0.489672	0.487302	0.487872	0.497761	0.433767	0.434293	0.431187	0.433374	0.433283	0.432231	0.441443	0.456971	0.440004	0.457142	0.457332	0.457613
ERR613636	0.33818	0.3196	0.357913	0.344519	0.340328	0.318239	0.429715	0.422633	0.421833	0.422646	0.431158	0.421854	0.353998	0.352084	0.352669	0.3547	0.355955	0.347297	0.403511	0.390665	0.402851	0.402754	0.395752	0.405626	0.40449	0.39567	0.403914	0.39512	0.393333	0.39434	0.265605	0.251321	0.253915	0.267405	0.307963	0	0.324478	0.317255	0.319594	0.318575	0.317352	0.32135	0.358109	0.337058	0.354978	0.356983	0.339584	0.335637	0.52257	0.485856	0.486894	0.489013	0.508471	0.503082	0.458221	0.462029	0.466285	0.464957	0.452141	0.465167	0.490263	0.47791	0.454708	0.47982	0.456001	0.455065	0.590542	0.602335	0.600516	0.6003	0.592026	0.591242	0.474226	0.481088	0.481124	0.481205	0.48169	0.474818	0.511136	0.508702	0.504934	0.485874	0.503033	0.48828	0.426665	0.426504	0.439875	0.451256	0.427239	0.437753	0.419264	0.416289	0.41946	0.416568	0.416699	0.416952
ERR608884	0.367077	0.328298	0.395991	0.376927	0.371535	0.313485	0.423106	0.435342	0.433599	0.436591	0.423121	0.43149	0.392441	0.361159	0.364751	0.390382	0.394257	0.370724	0.410916	0.423204	0.39988	0.398278	0.41693	0.413371	0.424337	0.404607	0.375998	0.402315	0.376346	0.40062	0.343229	0.317955	0.330745	0.345476	0.40062	0.324478	0	0.284492	0.289176	0.291242	0.238832	0.238232	0.339887	0.295395	0.333922	0.337297	0.292663	0.296307	0.547716	0.504724	0.502999	0.50659	0.536476	0.524488	0.466841	0.490012	0.508107	0.496799	0.472748	0.49524	0.526505	0.509925	0.476943	0.513922	0.4789	0.477734	0.63021	0.649923	0.648972	0.64719	0.62587	0.623481	0.482479	0.48174	0.480291	0.493699	0.493808	0.492343	0.563373	0.556222	0.551907	0.529225	0.550716	0.522318	0.451327	0.450723	0.46787	0.48219	0.452726	0.462799	0.432007	0.413238	0.435532	0.414042	0.413408	0.412829
ERR608887	0.317625	0.303595	0.345324	0.324622	0.320434	0.302066	0.440956	0.435139	0.434674	0.435768	0.443032	0.432441	0.375859	0.366155	0.366248	0.373965	0.376005	0.365074	0.428613	0.425588	0.429846	0.430745	0.424018	0.429866	0.38196	0.367328	0.387249	0.366958	0.373591	0.36664	0.315489	0.315716	0.314646	0.316025	0.347715	0.317255	0.284492	0	0.241397	0.241808	0.273048	0.285374	0.298951	0.321924	0.297721	0.29778	0.321995	0.313542	0.530512	0.502308	0.503088	0.504248	0.520944	0.515753	0.475765	0.476019	0.481241	0.478951	0.471001	0.47968	0.503353	0.491766	0.47506	0.49429	0.476576	0.475555	0.64224	0.655425	0.655153	0.653698	0.64047	0.640182	0.498746	0.503567	0.50348	0.502911	0.503653	0.500156	0.542413	0.539947	0.536353	0.523169	0.535174	0.522849	0.432733	0.432786	0.441855	0.451853	0.433931	0.438511	0.406059	0.406584	0.407473	0.406849	0.406644	0.406444
ERR608886	0.316424	0.305014	0.345329	0.323046	0.318856	0.304481	0.443399	0.43733	0.436734	0.437695	0.445534	0.434096	0.376386	0.366845	0.366472	0.373908	0.375952	0.365364	0.428393	0.425701	0.430321	0.431388	0.423358	0.429817	0.383015	0.367509	0.390187	0.367119	0.376161	0.367305	0.315461	0.318002	0.316526	0.316052	0.345923	0.319594	0.289176	0.241397	0	0.242207	0.27771	0.290229	0.300677	0.326008	0.299726	0.299369	0.325782	0.317398	0.527887	0.501229	0.502034	0.503167	0.518685	0.513806	0.477171	0.475652	0.480263	0.478331	0.472	0.479137	0.501355	0.49025	0.475112	0.492826	0.476531	0.475641	0.641793	0.654817	0.654664	0.653156	0.639942	0.639781	0.499665	0.50437	0.504499	0.502895	0.503683	0.500331	0.540425	0.538181	0.53471	0.522503	0.533567	0.522287	0.432275	0.432484	0.440432	0.450039	0.433505	0.437263	0.406431	0.408223	0.408201	0.408734	0.408467	0.408375
ERR608888	0.314946	0.304523	0.34297	0.321287	0.317381	0.304239	0.4435	0.436447	0.435985	0.436753	0.445712	0.433498	0.374262	0.366409	0.365896	0.372344	0.373945	0.364348	0.427745	0.423475	0.429956	0.43108	0.422139	0.429121	0.381659	0.36697	0.391446	0.366814	0.376848	0.366895	0.314076	0.317405	0.315257	0.314715	0.343456	0.318575	0.291242	0.241808	0.242207	0	0.279461	0.292137	0.301704	0.327446	0.300843	0.300688	0.327431	0.318805	0.526508	0.500202	0.501092	0.5024	0.517259	0.512671	0.476951	0.474995	0.478793	0.477497	0.471422	0.478421	0.499302	0.488272	0.473662	0.490694	0.475075	0.474196	0.639836	0.652419	0.65223	0.650738	0.638248	0.638168	0.498659	0.503826	0.503984	0.501907	0.502598	0.499027	0.538375	0.536287	0.533011	0.520822	0.531643	0.521207	0.430598	0.430631	0.438705	0.447986	0.431881	0.435557	0.405956	0.408595	0.407582	0.408959	0.40878	0.408637
ERR608883	0.35515	0.317458	0.381611	0.364646	0.359418	0.304745	0.421984	0.42985	0.428357	0.431124	0.422511	0.427312	0.385844	0.360189	0.362781	0.383989	0.387706	0.366578	0.415387	0.422507	0.406656	0.405546	0.418719	0.417904	0.410864	0.393995	0.37179	0.391992	0.369005	0.390362	0.335575	0.31244	0.322131	0.33783	0.389806	0.317352	0.238832	0.273048	0.27771	0.279461	0	0.238554	0.325652	0.291782	0.320278	0.323347	0.290749	0.290787	0.547966	0.506021	0.504816	0.508177	0.536233	0.525568	0.467576	0.487773	0.503325	0.494026	0.471365	0.492924	0.522749	0.506455	0.47523	0.510153	0.477243	0.475872	0.633341	0.651476	0.650405	0.648784	0.630108	0.628242	0.484433	0.485432	0.484247	0.495381	0.49562	0.4928	0.561557	0.555273	0.550981	0.529156	0.549678	0.523931	0.445808	0.445252	0.461781	0.476359	0.447308	0.457095	0.422927	0.406609	0.425717	0.407167	0.407017	0.406626
ERR608885	0.365587	0.325963	0.392529	0.375271	0.369945	0.311697	0.422378	0.432858	0.431135	0.434163	0.422327	0.429917	0.388967	0.360324	0.363902	0.387303	0.391026	0.368698	0.41181	0.420814	0.40092	0.399211	0.41659	0.414084	0.42143	0.403361	0.375139	0.40134	0.374557	0.399489	0.341967	0.315647	0.327707	0.344277	0.398882	0.32135	0.238232	0.285374	0.290229	0.292137	0.238554	0	0.339396	0.293483	0.333596	0.336995	0.292233	0.294837	0.550024	0.50589	0.504385	0.508008	0.538157	0.526458	0.467797	0.490926	0.508388	0.497552	0.47291	0.496139	0.52654	0.509913	0.476101	0.51367	0.477988	0.476788	0.629611	0.648529	0.647411	0.645787	0.625976	0.623628	0.481967	0.482173	0.480733	0.493921	0.494106	0.491783	0.563993	0.557001	0.552606	0.529452	0.551404	0.523451	0.450131	0.449515	0.46735	0.482284	0.451554	0.462624	0.431124	0.412316	0.433985	0.413098	0.4126	0.412217
ERR607762	0.338353	0.317987	0.349842	0.344481	0.341653	0.319295	0.444426	0.431289	0.431382	0.431892	0.446907	0.433555	0.418104	0.42071	0.419749	0.418579	0.420445	0.413504	0.507312	0.496098	0.508427	0.508384	0.499873	0.509354	0.374774	0.374559	0.393182	0.373649	0.375846	0.373466	0.365967	0.360961	0.354718	0.36685	0.388883	0.358109	0.339887	0.298951	0.300677	0.301704	0.325652	0.339396	0	0.286565	0.228074	0.22747	0.289507	0.27282	0.563131	0.534899	0.536329	0.537791	0.552229	0.549283	0.490884	0.493107	0.492352	0.495096	0.48454	0.496964	0.522476	0.511096	0.495007	0.512687	0.496837	0.495329	0.683459	0.691917	0.691065	0.690927	0.684556	0.68542	0.527081	0.534104	0.534123	0.533213	0.533982	0.52649	0.570135	0.570149	0.566755	0.55299	0.564807	0.555815	0.44171	0.441504	0.452102	0.46374	0.442968	0.449304	0.386214	0.387874	0.385019	0.386993	0.388269	0.388811
ERR607759	0.359842	0.319792	0.381082	0.36877	0.363959	0.308234	0.411648	0.41571	0.414388	0.416873	0.412122	0.414985	0.397053	0.378199	0.380482	0.396299	0.399944	0.381191	0.446908	0.447705	0.439505	0.437917	0.447136	0.449474	0.408266	0.395382	0.371641	0.393096	0.368115	0.39152	0.358211	0.335011	0.341725	0.360517	0.406796	0.337058	0.295395	0.321924	0.326008	0.327446	0.291782	0.293483	0.286565	0	0.280071	0.284117	0.235518	0.234983	0.545956	0.50345	0.502699	0.506065	0.533076	0.523651	0.460686	0.481173	0.494015	0.48674	0.463195	0.4862	0.514692	0.498601	0.467033	0.501732	0.469079	0.467558	0.632069	0.647784	0.646361	0.645528	0.630685	0.629348	0.47945	0.482087	0.481083	0.490992	0.49112	0.48611	0.55595	0.550652	0.54647	0.523634	0.544885	0.520665	0.435084	0.434487	0.452194	0.467365	0.436345	0.447805	0.4055	0.388771	0.407201	0.388884	0.389211	0.388951
ERR607761	0.338136	0.315901	0.350551	0.344758	0.341573	0.316133	0.441317	0.429423	0.429359	0.430085	0.44359	0.431376	0.415365	0.416186	0.415425	0.415585	0.417619	0.409686	0.502054	0.491769	0.502626	0.502724	0.495126	0.50439	0.375423	0.374233	0.389542	0.373378	0.37322	0.37301	0.363485	0.357393	0.352116	0.364663	0.388787	0.354978	0.333922	0.297721	0.299726	0.300843	0.320278	0.333596	0.228074	0.280071	0	0.227466	0.282609	0.266751	0.561921	0.532602	0.533787	0.535508	0.550813	0.547396	0.488092	0.491855	0.491962	0.494098	0.4824	0.495703	0.521854	0.510162	0.492866	0.511791	0.494706	0.493269	0.680094	0.68916	0.688287	0.688085	0.680954	0.681659	0.523694	0.530479	0.530405	0.530261	0.530979	0.523806	0.569233	0.568771	0.565226	0.550735	0.563333	0.553183	0.440867	0.440454	0.451565	0.463709	0.442121	0.448742	0.386748	0.386669	0.38574	0.385831	0.387196	0.387593
