	ERR607419	ERR607416	ERR607415	ERR607417	ERR607418	ERR607420	ERR618388	ERR618390	ERR618391	ERR618387	ERR618392	ERR618389	ERR629916	ERR629917	ERR629921	ERR629920	ERR629919	ERR629918	ERR608081	ERR608084	ERR608083	ERR608085	ERR608086	ERR608082	ERR617515	ERR617512	ERR617514	ERR617511	ERR617516	ERR617513	ERR608758	ERR608757	ERR608760	ERR608762	ERR608761	ERR608759	ERR636697	ERR636702	ERR636699	ERR636700	ERR636701	ERR636698	ERR617026	ERR617023	ERR617022	ERR617024	ERR617025	ERR617021	ERR608855	ERR608856	ERR608857	ERR608853	ERR608854	ERR608858	ERR631064	ERR631063	ERR631062	ERR631066	ERR631065	ERR631067	ERR618293	ERR618292	ERR618295	ERR618296	ERR618291	ERR618294	ERR606652	ERR606653	ERR606651	ERR606648	ERR606649	ERR606650	ERR638212	ERR638208	ERR638211	ERR638209	ERR638210	ERR638207	ERR626607	ERR626603	ERR626606	ERR626602	ERR626605	ERR626604	ERR618440	ERR618437	ERR618435	ERR618436	ERR618439	ERR618438	ERR630311	ERR630308	ERR630310	ERR630313	ERR630312	ERR630309
ERR607419	5.87388e+08	3.38387e+08	3.28105e+08	3.30448e+08	4.32843e+08	4.2844e+08	2.17666e+08	1.78933e+08	2.03019e+08	2.26543e+08	1.82973e+08	2.17926e+08	2.67508e+08	2.27595e+08	2.22848e+08	2.19062e+08	2.25248e+08	2.62566e+08	2.13083e+08	1.86379e+08	2.34979e+08	1.90839e+08	1.9248e+08	2.35272e+08	2.03289e+08	1.72656e+08	1.99159e+08	1.70424e+08	1.8791e+08	1.73701e+08	1.78073e+08	1.38253e+08	2.04792e+08	1.80569e+08	2.10458e+08	1.99448e+08	2.28732e+08	2.11415e+08	2.58295e+08	2.15692e+08	2.09572e+08	2.62598e+08	2.09484e+08	2.4492e+08	2.38831e+08	2.09559e+08	2.05529e+08	2.27794e+08	2.87101e+08	2.72445e+08	2.71122e+08	1.87116e+08	2.68404e+08	2.71045e+08	3.68781e+08	3.38331e+08	3.52845e+08	3.31376e+08	3.26647e+08	3.11883e+08	2.91295e+08	2.77039e+08	2.76407e+08	2.69573e+08	2.83548e+08	2.84427e+08	3.41355e+08	3.26391e+08	2.76846e+08	1.69124e+08	3.44825e+08	3.2943e+08	2.39596e+08	2.17437e+08	2.85834e+08	2.10648e+08	2.83539e+08	2.1099e+08	2.24169e+08	2.3588e+08	2.25154e+08	2.67721e+08	2.21064e+08	1.93543e+08	3.56e+08	3.37237e+08	3.67222e+08	3.04721e+08	3.51414e+08	3.40459e+08	3.08877e+08	3.1886e+08	2.56203e+08	2.9059e+08	3.08666e+08	2.7358e+08
ERR607416	3.38387e+08	3.95183e+08	2.62353e+08	2.63852e+08	3.41957e+08	3.3806e+08	1.69418e+08	1.39496e+08	1.5822e+08	1.7633e+08	1.42727e+08	1.69639e+08	2.12127e+08	1.81051e+08	1.77587e+08	1.7447e+08	1.79286e+08	2.08255e+08	1.67302e+08	1.46147e+08	1.84536e+08	1.49449e+08	1.50757e+08	1.84497e+08	1.59406e+08	1.35559e+08	1.56191e+08	1.34058e+08	1.47642e+08	1.3634e+08	1.39858e+08	1.09001e+08	1.60494e+08	1.41802e+08	1.65059e+08	1.5656e+08	1.79575e+08	1.66224e+08	2.02938e+08	1.69542e+08	1.64784e+08	2.05959e+08	1.65412e+08	1.92309e+08	1.8756e+08	1.65327e+08	1.62261e+08	1.79322e+08	2.26887e+08	2.1554e+08	2.14532e+08	1.48942e+08	2.12468e+08	2.14398e+08	2.90295e+08	2.6664e+08	2.7835e+08	2.61807e+08	2.57869e+08	2.46312e+08	2.30764e+08	2.19526e+08	2.19107e+08	2.13514e+08	2.24849e+08	2.2528e+08	2.70186e+08	2.58532e+08	2.19291e+08	1.3477e+08	2.72723e+08	2.60734e+08	1.9095e+08	1.73162e+08	2.27021e+08	1.67726e+08	2.25324e+08	1.68112e+08	1.7755e+08	1.86999e+08	1.78175e+08	2.11952e+08	1.75184e+08	1.54013e+08	2.8154e+08	2.67186e+08	2.90682e+08	2.41842e+08	2.77927e+08	2.69119e+08	2.43709e+08	2.51524e+08	2.02312e+08	2.29908e+08	2.43513e+08	2.161e+08
ERR607415	3.28105e+08	2.62353e+08	3.75659e+08	2.56194e+08	3.3153e+08	3.27961e+08	1.63359e+08	1.34539e+08	1.5258e+08	1.69903e+08	1.37639e+08	1.63487e+08	2.05598e+08	1.75484e+08	1.7218e+08	1.69147e+08	1.7385e+08	2.01685e+08	1.61596e+08	1.4125e+08	1.7829e+08	1.4431e+08	1.45551e+08	1.78228e+08	1.53855e+08	1.30968e+08	1.50713e+08	1.29653e+08	1.42656e+08	1.31742e+08	1.35243e+08	1.05479e+08	1.55076e+08	1.37134e+08	1.59409e+08	1.51375e+08	1.73495e+08	1.60693e+08	1.96157e+08	1.63924e+08	1.59406e+08	1.99007e+08	1.60104e+08	1.85807e+08	1.81188e+08	1.59942e+08	1.57043e+08	1.73405e+08	2.2019e+08	2.0917e+08	2.08266e+08	1.44876e+08	2.06201e+08	2.08199e+08	2.81233e+08	2.5827e+08	2.69782e+08	2.53865e+08	2.5017e+08	2.388e+08	2.23892e+08	2.13112e+08	2.12699e+08	2.07442e+08	2.18418e+08	2.18622e+08	2.61929e+08	2.50673e+08	2.1259e+08	1.30807e+08	2.64309e+08	2.52631e+08	1.85787e+08	1.68337e+08	2.20568e+08	1.63091e+08	2.18971e+08	1.6348e+08	1.72078e+08	1.81373e+08	1.72837e+08	2.05493e+08	1.69826e+08	1.49528e+08	2.73044e+08	2.59169e+08	2.81781e+08	2.34668e+08	2.69382e+08	2.60931e+08	2.36153e+08	2.43712e+08	1.96005e+08	2.22836e+08	2.35958e+08	2.0939e+08
ERR607417	3.30448e+08	2.63852e+08	2.56194e+08	3.79857e+08	3.3391e+08	3.30273e+08	1.65515e+08	1.3629e+08	1.54489e+08	1.72248e+08	1.39407e+08	1.6569e+08	2.07193e+08	1.76601e+08	1.73122e+08	1.70071e+08	1.74835e+08	2.03302e+08	1.63045e+08	1.42471e+08	1.79844e+08	1.45697e+08	1.46962e+08	1.7979e+08	1.55321e+08	1.32127e+08	1.52135e+08	1.30545e+08	1.43749e+08	1.32878e+08	1.36374e+08	1.06257e+08	1.56402e+08	1.38341e+08	1.60971e+08	1.52738e+08	1.75186e+08	1.62045e+08	1.97901e+08	1.65237e+08	1.60632e+08	2.00802e+08	1.61042e+08	1.87359e+08	1.82698e+08	1.6091e+08	1.57847e+08	1.74563e+08	2.21465e+08	2.10414e+08	2.09249e+08	1.45238e+08	2.0727e+08	2.09219e+08	2.83436e+08	2.60376e+08	2.71802e+08	2.55354e+08	2.51635e+08	2.40308e+08	2.24988e+08	2.14074e+08	2.13615e+08	2.08387e+08	2.19302e+08	2.19785e+08	2.6355e+08	2.52195e+08	2.13956e+08	1.31302e+08	2.66081e+08	2.54362e+08	1.86196e+08	1.68859e+08	2.2146e+08	1.63765e+08	2.19894e+08	1.64024e+08	1.73384e+08	1.827e+08	1.74118e+08	2.06926e+08	1.71131e+08	1.50382e+08	2.74803e+08	2.60554e+08	2.83588e+08	2.35906e+08	2.71199e+08	2.62679e+08	2.3757e+08	2.45212e+08	1.97231e+08	2.23933e+08	2.37427e+08	2.10596e+08
ERR607418	4.32843e+08	3.41957e+08	3.3153e+08	3.3391e+08	5.97621e+08	4.32776e+08	2.19364e+08	1.80389e+08	2.04692e+08	2.28369e+08	1.84632e+08	2.19633e+08	2.70219e+08	2.30037e+08	2.2535e+08	2.21273e+08	2.27704e+08	2.65276e+08	2.14931e+08	1.88061e+08	2.37056e+08	1.92454e+08	1.94086e+08	2.37435e+08	2.05191e+08	1.74202e+08	2.00933e+08	1.71995e+08	1.8961e+08	1.75346e+08	1.79752e+08	1.39588e+08	2.06507e+08	1.82155e+08	2.12434e+08	2.01348e+08	2.30803e+08	2.13336e+08	2.60588e+08	2.17749e+08	2.11522e+08	2.64876e+08	2.11553e+08	2.47111e+08	2.41092e+08	2.11515e+08	2.0758e+08	2.29974e+08	2.90005e+08	2.75225e+08	2.73838e+08	1.89157e+08	2.71055e+08	2.73916e+08	3.72672e+08	3.41959e+08	3.56776e+08	3.35248e+08	3.30288e+08	3.15298e+08	2.94413e+08	2.80133e+08	2.79442e+08	2.72415e+08	2.8658e+08	2.87669e+08	3.44956e+08	3.30012e+08	2.79829e+08	1.71175e+08	3.48337e+08	3.33036e+08	2.42372e+08	2.19809e+08	2.88993e+08	2.1293e+08	2.86814e+08	2.13401e+08	2.26385e+08	2.38265e+08	2.27391e+08	2.70519e+08	2.23305e+08	1.95538e+08	3.59441e+08	3.40809e+08	3.71086e+08	3.07851e+08	3.54995e+08	3.43909e+08	3.11779e+08	3.22098e+08	2.58642e+08	2.93705e+08	3.11713e+08	2.76161e+08
ERR607420	4.2844e+08	3.3806e+08	3.27961e+08	3.30273e+08	4.32776e+08	5.87121e+08	2.1784e+08	1.78964e+08	2.03137e+08	2.26697e+08	1.83181e+08	2.17909e+08	2.6793e+08	2.27928e+08	2.23244e+08	2.19274e+08	2.25512e+08	2.63024e+08	2.13133e+08	1.86461e+08	2.35101e+08	1.91049e+08	1.92402e+08	2.35488e+08	2.03399e+08	1.72753e+08	1.99194e+08	1.70568e+08	1.88035e+08	1.73848e+08	1.7814e+08	1.38404e+08	2.04838e+08	1.80653e+08	2.10539e+08	1.99634e+08	2.28743e+08	2.11599e+08	2.58506e+08	2.15865e+08	2.09795e+08	2.62695e+08	2.09582e+08	2.4492e+08	2.38955e+08	2.09721e+08	2.057e+08	2.27856e+08	2.87116e+08	2.72466e+08	2.71227e+08	1.87245e+08	2.68489e+08	2.71139e+08	3.68803e+08	3.38601e+08	3.53032e+08	3.31481e+08	3.26712e+08	3.12095e+08	2.915e+08	2.77415e+08	2.76693e+08	2.69758e+08	2.83721e+08	2.84942e+08	3.41797e+08	3.26822e+08	2.77185e+08	1.69594e+08	3.45059e+08	3.29816e+08	2.39607e+08	2.17465e+08	2.8568e+08	2.10613e+08	2.83664e+08	2.10948e+08	2.2432e+08	2.36076e+08	2.25245e+08	2.67907e+08	2.21198e+08	1.93688e+08	3.56141e+08	3.37279e+08	3.67309e+08	3.04848e+08	3.51688e+08	3.40587e+08	3.09331e+08	3.19377e+08	2.56474e+08	2.91262e+08	3.09163e+08	2.73917e+08
ERR618388	2.17666e+08	1.69418e+08	1.63359e+08	1.65515e+08	2.19364e+08	2.1784e+08	5.02956e+08	3.06752e+08	3.4499e+08	3.85725e+08	3.1298e+08	3.71471e+08	1.74427e+08	1.46804e+08	1.42655e+08	1.40046e+08	1.44088e+08	1.70589e+08	2.79544e+08	2.48879e+08	3.03714e+08	2.55526e+08	2.58009e+08	3.08542e+08	2.50604e+08	2.14169e+08	2.45193e+08	2.0894e+08	2.30235e+08	2.15036e+08	2.25065e+08	1.75383e+08	2.58326e+08	2.29022e+08	2.65148e+08	2.50896e+08	2.85608e+08	2.64282e+08	3.17978e+08	2.69507e+08	2.62342e+08	3.25053e+08	2.65795e+08	3.11257e+08	3.04049e+08	2.67307e+08	2.6217e+08	2.8919e+08	1.72448e+08	1.62685e+08	1.61676e+08	1.08261e+08	1.60057e+08	1.62139e+08	2.35026e+08	2.15401e+08	2.2199e+08	2.06579e+08	2.0394e+08	1.95091e+08	1.76693e+08	1.67715e+08	1.66832e+08	1.62134e+08	1.69601e+08	1.72823e+08	2.32516e+08	2.22408e+08	1.88731e+08	1.12873e+08	2.36134e+08	2.24965e+08	1.31575e+08	1.20028e+08	1.61069e+08	1.16288e+08	1.58809e+08	1.16082e+08	1.3735e+08	1.43592e+08	1.38315e+08	1.65036e+08	1.35414e+08	1.15838e+08	2.14854e+08	2.01488e+08	2.20139e+08	1.80624e+08	2.11851e+08	2.05009e+08	2.69199e+08	2.77865e+08	2.26026e+08	2.5299e+08	2.69481e+08	2.39939e+08
ERR618390	1.78933e+08	1.39496e+08	1.34539e+08	1.3629e+08	1.80389e+08	1.78964e+08	3.06752e+08	3.64534e+08	2.87913e+08	3.18783e+08	2.61788e+08	3.07475e+08	1.43784e+08	1.21179e+08	1.17858e+08	1.15679e+08	1.1907e+08	1.40587e+08	2.33589e+08	2.08139e+08	2.53529e+08	2.13348e+08	2.15445e+08	2.57127e+08	2.09208e+08	1.79223e+08	2.04714e+08	1.75129e+08	1.92681e+08	1.80019e+08	1.88721e+08	1.47647e+08	2.15875e+08	1.91991e+08	2.21407e+08	2.09905e+08	2.38651e+08	2.21298e+08	2.65747e+08	2.25716e+08	2.19746e+08	2.71082e+08	2.23878e+08	2.60721e+08	2.54977e+08	2.25169e+08	2.20857e+08	2.42834e+08	1.4198e+08	1.34153e+08	1.33255e+08	8.95553e+07	1.31934e+08	1.33702e+08	1.9263e+08	1.76541e+08	1.82372e+08	1.69785e+08	1.67523e+08	1.60406e+08	1.45419e+08	1.38068e+08	1.37531e+08	1.33675e+08	1.39802e+08	1.423e+08	1.92028e+08	1.83717e+08	1.55858e+08	9.35921e+07	1.94837e+08	1.85509e+08	1.0874e+08	9.89797e+07	1.32781e+08	9.58549e+07	1.30973e+08	9.56861e+07	1.12711e+08	1.1809e+08	1.13614e+08	1.35586e+08	1.1117e+08	9.54582e+07	1.76814e+08	1.65917e+08	1.81207e+08	1.4886e+08	1.74306e+08	1.68642e+08	2.23662e+08	2.30766e+08	1.88071e+08	2.10316e+08	2.23876e+08	1.99435e+08
ERR618391	2.03019e+08	1.5822e+08	1.5258e+08	1.54489e+08	2.04692e+08	2.03137e+08	3.4499e+08	2.87913e+08	4.46373e+08	3.58751e+08	2.93861e+08	3.45864e+08	1.63159e+08	1.37545e+08	1.33682e+08	1.31255e+08	1.35068e+08	1.59525e+08	2.62955e+08	2.34054e+08	2.85717e+08	2.40119e+08	2.42501e+08	2.89807e+08	2.3531e+08	2.01343e+08	2.30223e+08	1.96885e+08	2.16694e+08	2.02187e+08	2.12201e+08	1.65735e+08	2.43141e+08	2.15815e+08	2.49393e+08	2.36294e+08	2.6871e+08	2.48905e+08	2.99299e+08	2.53964e+08	2.47264e+08	3.05247e+08	2.51539e+08	2.9322e+08	2.86538e+08	2.52937e+08	2.48098e+08	2.7301e+08	1.60998e+08	1.51989e+08	1.51143e+08	1.01452e+08	1.49564e+08	1.5147e+08	2.18556e+08	2.00244e+08	2.06998e+08	1.92696e+08	1.90208e+08	1.81825e+08	1.65048e+08	1.56664e+08	1.56067e+08	1.51672e+08	1.58583e+08	1.61422e+08	2.17762e+08	2.08235e+08	1.76704e+08	1.05981e+08	2.20804e+08	2.10432e+08	1.23383e+08	1.12288e+08	1.50584e+08	1.08807e+08	1.48519e+08	1.08582e+08	1.27823e+08	1.33938e+08	1.28704e+08	1.53669e+08	1.26029e+08	1.08175e+08	2.00605e+08	1.88411e+08	2.05663e+08	1.68919e+08	1.97829e+08	1.91313e+08	2.53235e+08	2.61171e+08	2.12681e+08	2.38185e+08	2.53535e+08	2.25614e+08
ERR618387	2.26543e+08	1.7633e+08	1.69903e+08	1.72248e+08	2.28369e+08	2.26697e+08	3.85725e+08	3.18783e+08	3.58751e+08	5.38474e+08	3.25216e+08	3.86267e+08	1.81521e+08	1.52813e+08	1.4836e+08	1.45742e+08	1.49864e+08	1.77615e+08	2.90532e+08	2.58565e+08	3.15641e+08	2.6561e+08	2.68152e+08	3.2068e+08	2.60453e+08	2.22531e+08	2.54777e+08	2.17078e+08	2.39142e+08	2.23436e+08	2.33792e+08	1.82093e+08	2.68298e+08	2.3783e+08	2.75374e+08	2.60712e+08	2.96623e+08	2.74292e+08	3.30334e+08	2.79838e+08	2.72559e+08	3.3766e+08	2.7546e+08	3.22763e+08	3.15256e+08	2.77002e+08	2.71715e+08	2.99752e+08	1.79448e+08	1.69338e+08	1.68277e+08	1.12561e+08	1.66585e+08	1.68691e+08	2.44914e+08	2.2443e+08	2.31543e+08	2.15295e+08	2.12504e+08	2.03191e+08	1.83964e+08	1.74441e+08	1.73618e+08	1.68747e+08	1.76403e+08	1.79839e+08	2.41939e+08	2.31437e+08	1.96244e+08	1.17427e+08	2.45779e+08	2.33955e+08	1.36912e+08	1.24967e+08	1.67683e+08	1.21069e+08	1.65428e+08	1.20765e+08	1.42848e+08	1.49539e+08	1.43969e+08	1.7174e+08	1.40908e+08	1.20511e+08	2.2377e+08	2.09763e+08	2.29023e+08	1.87969e+08	2.20586e+08	2.13483e+08	2.80204e+08	2.89221e+08	2.35274e+08	2.63135e+08	2.8067e+08	2.49602e+08
ERR618392	1.82973e+08	1.42727e+08	1.37639e+08	1.39407e+08	1.84632e+08	1.83181e+08	3.1298e+08	2.61788e+08	2.93861e+08	3.25216e+08	3.77357e+08	3.13668e+08	1.47085e+08	1.24013e+08	1.20573e+08	1.18322e+08	1.21795e+08	1.43797e+08	2.38463e+08	2.12478e+08	2.58877e+08	2.17884e+08	2.2002e+08	2.62483e+08	2.1353e+08	1.82797e+08	2.08983e+08	1.78795e+08	1.96726e+08	1.83699e+08	1.92628e+08	1.50816e+08	2.2047e+08	1.95984e+08	2.26306e+08	2.1438e+08	2.43452e+08	2.25676e+08	2.71127e+08	2.30062e+08	2.24032e+08	2.76476e+08	2.27996e+08	2.65669e+08	2.59535e+08	2.29337e+08	2.24912e+08	2.47467e+08	1.45199e+08	1.37123e+08	1.36248e+08	9.1661e+07	1.349e+08	1.36681e+08	1.97076e+08	1.80603e+08	1.86656e+08	1.73732e+08	1.71511e+08	1.63992e+08	1.48895e+08	1.41302e+08	1.40671e+08	1.36862e+08	1.43136e+08	1.45696e+08	1.96105e+08	1.87659e+08	1.59274e+08	9.54754e+07	1.99114e+08	1.89578e+08	1.1124e+08	1.01291e+08	1.35715e+08	9.81207e+07	1.34006e+08	9.79127e+07	1.15266e+08	1.2084e+08	1.16176e+08	1.38667e+08	1.13693e+08	9.76829e+07	1.80983e+08	1.69912e+08	1.8547e+08	1.52435e+08	1.78469e+08	1.7261e+08	2.28632e+08	2.35885e+08	1.9214e+08	2.15145e+08	2.28887e+08	2.03863e+08
ERR618389	2.17926e+08	1.69639e+08	1.63487e+08	1.6569e+08	2.19633e+08	2.17909e+08	3.71471e+08	3.07475e+08	3.45864e+08	3.86267e+08	3.13668e+08	5.04652e+08	1.7486e+08	1.47261e+08	1.4303e+08	1.4043e+08	1.4444e+08	1.71037e+08	2.8035e+08	2.4959e+08	3.04514e+08	2.56335e+08	2.58809e+08	3.09291e+08	2.51283e+08	2.14637e+08	2.45879e+08	2.09634e+08	2.30932e+08	2.15704e+08	2.26026e+08	1.76091e+08	2.5918e+08	2.29874e+08	2.66038e+08	2.51929e+08	2.86607e+08	2.6526e+08	3.19294e+08	2.70515e+08	2.63346e+08	3.26083e+08	2.66997e+08	3.12375e+08	3.05086e+08	2.68527e+08	2.63304e+08	2.9039e+08	1.72617e+08	1.62859e+08	1.61896e+08	1.08389e+08	1.60263e+08	1.6226e+08	2.35123e+08	2.15521e+08	2.22321e+08	2.06787e+08	2.04164e+08	1.95352e+08	1.76846e+08	1.67738e+08	1.66974e+08	1.62352e+08	1.69745e+08	1.72974e+08	2.33606e+08	2.23459e+08	1.89399e+08	1.13487e+08	2.37153e+08	2.25895e+08	1.31908e+08	1.20168e+08	1.61295e+08	1.16495e+08	1.59185e+08	1.16113e+08	1.37371e+08	1.43784e+08	1.38341e+08	1.65123e+08	1.35421e+08	1.15929e+08	2.15227e+08	2.01898e+08	2.20512e+08	1.80969e+08	2.1214e+08	2.05376e+08	2.70335e+08	2.78993e+08	2.27198e+08	2.54171e+08	2.70655e+08	2.41045e+08
ERR629916	2.67508e+08	2.12127e+08	2.05598e+08	2.07193e+08	2.70219e+08	2.6793e+08	1.74427e+08	1.43784e+08	1.63159e+08	1.81521e+08	1.47085e+08	1.7486e+08	3.79447e+08	2.20411e+08	2.15592e+08	2.11736e+08	2.17473e+08	2.53307e+08	1.78634e+08	1.56807e+08	1.95998e+08	1.60011e+08	1.61415e+08	1.95817e+08	1.63751e+08	1.39343e+08	1.60233e+08	1.37883e+08	1.51806e+08	1.39842e+08	1.48633e+08	1.16052e+08	1.70002e+08	1.50636e+08	1.75142e+08	1.66111e+08	1.93393e+08	1.79916e+08	2.17401e+08	1.83481e+08	1.78327e+08	2.20477e+08	1.708e+08	1.97862e+08	1.9308e+08	1.70562e+08	1.67312e+08	1.8507e+08	2.12363e+08	2.01519e+08	2.00852e+08	1.39623e+08	1.98781e+08	2.00776e+08	2.76684e+08	2.53988e+08	2.65122e+08	2.48933e+08	2.45511e+08	2.3447e+08	2.20667e+08	2.1031e+08	2.09799e+08	2.04493e+08	2.14783e+08	2.15851e+08	2.8942e+08	2.77013e+08	2.35642e+08	1.45575e+08	2.92397e+08	2.7984e+08	1.63513e+08	1.48157e+08	1.9599e+08	1.43448e+08	1.94244e+08	1.43604e+08	1.65968e+08	1.74663e+08	1.66626e+08	1.98228e+08	1.63587e+08	1.4343e+08	2.78711e+08	2.64319e+08	2.87805e+08	2.39407e+08	2.7501e+08	2.66713e+08	2.62498e+08	2.70721e+08	2.19897e+08	2.48247e+08	2.62309e+08	2.33956e+08
ERR629917	2.27595e+08	1.81051e+08	1.75484e+08	1.76601e+08	2.30037e+08	2.27928e+08	1.46804e+08	1.21179e+08	1.37545e+08	1.52813e+08	1.24013e+08	1.47261e+08	2.20411e+08	2.91278e+08	1.84942e+08	1.81609e+08	1.86536e+08	2.16389e+08	1.51422e+08	1.32957e+08	1.66251e+08	1.35553e+08	1.36722e+08	1.65901e+08	1.38504e+08	1.17915e+08	1.35472e+08	1.16958e+08	1.28644e+08	1.18369e+08	1.25921e+08	9.85811e+07	1.43796e+08	1.27608e+08	1.48121e+08	1.40648e+08	1.6378e+08	1.52625e+08	1.8425e+08	1.55675e+08	1.51297e+08	1.86459e+08	1.45199e+08	1.67438e+08	1.63299e+08	1.44933e+08	1.42177e+08	1.56962e+08	1.8074e+08	1.7164e+08	1.71015e+08	1.196e+08	1.69446e+08	1.71069e+08	2.34463e+08	2.15182e+08	2.24896e+08	2.11405e+08	2.0854e+08	1.9912e+08	1.87724e+08	1.78973e+08	1.78573e+08	1.74181e+08	1.82976e+08	1.83442e+08	2.46327e+08	2.35776e+08	2.00552e+08	1.24522e+08	2.48487e+08	2.37996e+08	1.39991e+08	1.26743e+08	1.67313e+08	1.2276e+08	1.66028e+08	1.22868e+08	1.41155e+08	1.48553e+08	1.4178e+08	1.68476e+08	1.39147e+08	1.22421e+08	2.37231e+08	2.25275e+08	2.45106e+08	2.04269e+08	2.34007e+08	2.26966e+08	2.2341e+08	2.30196e+08	1.87083e+08	2.11677e+08	2.23007e+08	1.99219e+08
ERR629921	2.22848e+08	1.77587e+08	1.7218e+08	1.73122e+08	2.2535e+08	2.23244e+08	1.42655e+08	1.17858e+08	1.33682e+08	1.4836e+08	1.20573e+08	1.4303e+08	2.15592e+08	1.84942e+08	2.83202e+08	1.79407e+08	1.84184e+08	2.11644e+08	1.4833e+08	1.30054e+08	1.62941e+08	1.32432e+08	1.33633e+08	1.62359e+08	1.35539e+08	1.15441e+08	1.32632e+08	1.14686e+08	1.26053e+08	1.1591e+08	1.23297e+08	9.69723e+07	1.40585e+08	1.25134e+08	1.44991e+08	1.37631e+08	1.60388e+08	1.49642e+08	1.8061e+08	1.52516e+08	1.48308e+08	1.82423e+08	1.4303e+08	1.6428e+08	1.60306e+08	1.42591e+08	1.39977e+08	1.54305e+08	1.77435e+08	1.68642e+08	1.68029e+08	1.18154e+08	1.66446e+08	1.68017e+08	2.29289e+08	2.10508e+08	2.20192e+08	2.07386e+08	2.04567e+08	1.95433e+08	1.8441e+08	1.76043e+08	1.7573e+08	1.71599e+08	1.80221e+08	1.80498e+08	2.41945e+08	2.3161e+08	1.97223e+08	1.22967e+08	2.43799e+08	2.33405e+08	1.37948e+08	1.24607e+08	1.64398e+08	1.20553e+08	1.63015e+08	1.20845e+08	1.38352e+08	1.4572e+08	1.38983e+08	1.65113e+08	1.36449e+08	1.20368e+08	2.32843e+08	2.21283e+08	2.40767e+08	2.00863e+08	2.29678e+08	2.22665e+08	2.19536e+08	2.26209e+08	1.83981e+08	2.08575e+08	2.19149e+08	1.95874e+08
ERR629920	2.19062e+08	1.7447e+08	1.69147e+08	1.70071e+08	2.21273e+08	2.19274e+08	1.40046e+08	1.15679e+08	1.31255e+08	1.45742e+08	1.18322e+08	1.4043e+08	2.11736e+08	1.81609e+08	1.79407e+08	2.7514e+08	1.80957e+08	2.07991e+08	1.4585e+08	1.27873e+08	1.60121e+08	1.30151e+08	1.31353e+08	1.59451e+08	1.33035e+08	1.13328e+08	1.30255e+08	1.12677e+08	1.23738e+08	1.13795e+08	1.21191e+08	9.52332e+07	1.38207e+08	1.22824e+08	1.42329e+08	1.35169e+08	1.57633e+08	1.46953e+08	1.77372e+08	1.49914e+08	1.45842e+08	1.79312e+08	1.40476e+08	1.61144e+08	1.57378e+08	1.40052e+08	1.37353e+08	1.51464e+08	1.74193e+08	1.65603e+08	1.64943e+08	1.1606e+08	1.63515e+08	1.64972e+08	2.25047e+08	2.06602e+08	2.16073e+08	2.03509e+08	2.00707e+08	1.91576e+08	1.81046e+08	1.7278e+08	1.72465e+08	1.68339e+08	1.76933e+08	1.77095e+08	2.37682e+08	2.27479e+08	1.93686e+08	1.209e+08	2.39468e+08	2.29421e+08	1.35435e+08	1.22352e+08	1.61278e+08	1.18389e+08	1.60096e+08	1.18667e+08	1.35911e+08	1.43163e+08	1.36529e+08	1.62118e+08	1.33944e+08	1.18234e+08	2.28586e+08	2.17352e+08	2.36354e+08	1.9725e+08	2.25435e+08	2.18563e+08	2.15674e+08	2.22151e+08	1.80595e+08	2.04581e+08	2.15273e+08	1.9243e+08
ERR629919	2.25248e+08	1.79286e+08	1.7385e+08	1.74835e+08	2.27704e+08	2.25512e+08	1.44088e+08	1.1907e+08	1.35068e+08	1.49864e+08	1.21795e+08	1.4444e+08	2.17473e+08	1.86536e+08	1.84184e+08	1.80957e+08	2.87438e+08	2.13494e+08	1.49738e+08	1.31256e+08	1.64496e+08	1.3371e+08	1.34917e+08	1.63808e+08	1.3672e+08	1.16504e+08	1.33796e+08	1.15635e+08	1.27218e+08	1.16839e+08	1.24416e+08	9.77239e+07	1.42011e+08	1.26197e+08	1.46292e+08	1.38942e+08	1.61916e+08	1.51072e+08	1.82233e+08	1.53951e+08	1.49799e+08	1.84178e+08	1.44309e+08	1.65629e+08	1.61733e+08	1.43766e+08	1.41075e+08	1.55632e+08	1.79068e+08	1.70341e+08	1.69648e+08	1.19184e+08	1.6808e+08	1.69652e+08	2.31499e+08	2.125e+08	2.22227e+08	2.0923e+08	2.06425e+08	1.97042e+08	1.85986e+08	1.77514e+08	1.77163e+08	1.72979e+08	1.81727e+08	1.82041e+08	2.4393e+08	2.33565e+08	1.98797e+08	1.23958e+08	2.45979e+08	2.35489e+08	1.39146e+08	1.25768e+08	1.65892e+08	1.21689e+08	1.64605e+08	1.21991e+08	1.39792e+08	1.47075e+08	1.40279e+08	1.66815e+08	1.37723e+08	1.21416e+08	2.34939e+08	2.23409e+08	2.42912e+08	2.0271e+08	2.31775e+08	2.24636e+08	2.21597e+08	2.28387e+08	1.85731e+08	2.1041e+08	2.21229e+08	1.97724e+08
ERR629918	2.62566e+08	2.08255e+08	2.01685e+08	2.03302e+08	2.65276e+08	2.63024e+08	1.70589e+08	1.40587e+08	1.59525e+08	1.77615e+08	1.43797e+08	1.71037e+08	2.53307e+08	2.16389e+08	2.11644e+08	2.07991e+08	2.13494e+08	3.67426e+08	1.74774e+08	1.53461e+08	1.91814e+08	1.56589e+08	1.57976e+08	1.91744e+08	1.60276e+08	1.36322e+08	1.56742e+08	1.34991e+08	1.48652e+08	1.36884e+08	1.45439e+08	1.13476e+08	1.66359e+08	1.47518e+08	1.7135e+08	1.62578e+08	1.89253e+08	1.7611e+08	2.12909e+08	1.795e+08	1.74676e+08	2.15776e+08	1.67293e+08	1.93715e+08	1.89044e+08	1.66924e+08	1.63802e+08	1.8121e+08	2.08682e+08	1.97921e+08	1.97323e+08	1.37243e+08	1.95256e+08	1.97262e+08	2.71614e+08	2.49376e+08	2.60285e+08	2.44375e+08	2.41024e+08	2.30147e+08	2.16488e+08	2.06312e+08	2.05771e+08	2.00667e+08	2.10767e+08	2.11719e+08	2.83806e+08	2.71634e+08	2.31031e+08	1.42831e+08	2.86514e+08	2.74248e+08	1.60431e+08	1.45441e+08	1.92492e+08	1.40963e+08	1.907e+08	1.4099e+08	1.62887e+08	1.71269e+08	1.63531e+08	1.94527e+08	1.60468e+08	1.40673e+08	2.73548e+08	2.59346e+08	2.82623e+08	2.35014e+08	2.69992e+08	2.61752e+08	2.57383e+08	2.65598e+08	2.15619e+08	2.43568e+08	2.57208e+08	2.29437e+08
ERR608081	2.13083e+08	1.67302e+08	1.61596e+08	1.63045e+08	2.14931e+08	2.13133e+08	2.79544e+08	2.33589e+08	2.62955e+08	2.90532e+08	2.38463e+08	2.8035e+08	1.78634e+08	1.51422e+08	1.4833e+08	1.4585e+08	1.49738e+08	1.74774e+08	4.29451e+08	2.63431e+08	3.2438e+08	2.68793e+08	2.71357e+08	3.25532e+08	2.32231e+08	1.98444e+08	2.27194e+08	1.95816e+08	2.15397e+08	1.99095e+08	2.1649e+08	1.70556e+08	2.47262e+08	2.20091e+08	2.53859e+08	2.41081e+08	2.74031e+08	2.55148e+08	3.0629e+08	2.60113e+08	2.53225e+08	3.10595e+08	2.43742e+08	2.81969e+08	2.75655e+08	2.44147e+08	2.39354e+08	2.64206e+08	1.69716e+08	1.60381e+08	1.59689e+08	1.09722e+08	1.5856e+08	1.60056e+08	2.21458e+08	2.02526e+08	2.11224e+08	1.97464e+08	1.9455e+08	1.85887e+08	1.74518e+08	1.66127e+08	1.65827e+08	1.61505e+08	1.69608e+08	1.70781e+08	2.36377e+08	2.2611e+08	1.91755e+08	1.1761e+08	2.3867e+08	2.27753e+08	1.31924e+08	1.18716e+08	1.58132e+08	1.14956e+08	1.56515e+08	1.14955e+08	1.30688e+08	1.37644e+08	1.31571e+08	1.57475e+08	1.28889e+08	1.12347e+08	2.1288e+08	2.01594e+08	2.19908e+08	1.81652e+08	2.09903e+08	2.03002e+08	2.77987e+08	2.86328e+08	2.34214e+08	2.63412e+08	2.77974e+08	2.48708e+08
ERR608084	1.86379e+08	1.46147e+08	1.4125e+08	1.42471e+08	1.88061e+08	1.86461e+08	2.48879e+08	2.08139e+08	2.34054e+08	2.58565e+08	2.12478e+08	2.4959e+08	1.56807e+08	1.32957e+08	1.30054e+08	1.27873e+08	1.31256e+08	1.53461e+08	2.63431e+08	3.49777e+08	2.86493e+08	2.39566e+08	2.41868e+08	2.87736e+08	2.05179e+08	1.75465e+08	2.00869e+08	1.72935e+08	1.90149e+08	1.76166e+08	1.91782e+08	1.50942e+08	2.18938e+08	1.95082e+08	2.24748e+08	2.13495e+08	2.42344e+08	2.25579e+08	2.70505e+08	2.30012e+08	2.2396e+08	2.74501e+08	2.14823e+08	2.49091e+08	2.43432e+08	2.15528e+08	2.1128e+08	2.33211e+08	1.48449e+08	1.40227e+08	1.39618e+08	9.57072e+07	1.38614e+08	1.40003e+08	1.94271e+08	1.77674e+08	1.8513e+08	1.72848e+08	1.70481e+08	1.62909e+08	1.52508e+08	1.45047e+08	1.44668e+08	1.40961e+08	1.47963e+08	1.49207e+08	2.07067e+08	1.98076e+08	1.68058e+08	1.02787e+08	2.09182e+08	1.99662e+08	1.15011e+08	1.03777e+08	1.38255e+08	1.00423e+08	1.36731e+08	1.0038e+08	1.1462e+08	1.20654e+08	1.15338e+08	1.38197e+08	1.13044e+08	9.82605e+07	1.85985e+08	1.75996e+08	1.91919e+08	1.58457e+08	1.83408e+08	1.77442e+08	2.43874e+08	2.51144e+08	2.05836e+08	2.30846e+08	2.44001e+08	2.18323e+08
ERR608083	2.34979e+08	1.84536e+08	1.7829e+08	1.79844e+08	2.37056e+08	2.35101e+08	3.03714e+08	2.53529e+08	2.85717e+08	3.15641e+08	2.58877e+08	3.04514e+08	1.95998e+08	1.66251e+08	1.62941e+08	1.60121e+08	1.64496e+08	1.91814e+08	3.2438e+08	2.86493e+08	4.98955e+08	2.92054e+08	2.94923e+08	3.54414e+08	2.53507e+08	2.16654e+08	2.48082e+08	2.13933e+08	2.35216e+08	2.17428e+08	2.36045e+08	1.85809e+08	2.69507e+08	2.39895e+08	2.76691e+08	2.62734e+08	2.98898e+08	2.7831e+08	3.34672e+08	2.83731e+08	2.76264e+08	3.39327e+08	2.66812e+08	3.08552e+08	3.01653e+08	2.67328e+08	2.6204e+08	2.89013e+08	1.87187e+08	1.76987e+08	1.76146e+08	1.21184e+08	1.74818e+08	1.76611e+08	2.44023e+08	2.23181e+08	2.32733e+08	2.17622e+08	2.14533e+08	2.04918e+08	1.92801e+08	1.83351e+08	1.83003e+08	1.78365e+08	1.87342e+08	1.88465e+08	2.59416e+08	2.48104e+08	2.10516e+08	1.29203e+08	2.619e+08	2.50042e+08	1.45872e+08	1.31138e+08	1.74604e+08	1.26883e+08	1.72773e+08	1.2703e+08	1.43969e+08	1.51775e+08	1.4499e+08	1.73731e+08	1.42041e+08	1.24039e+08	2.34948e+08	2.22649e+08	2.42897e+08	2.00667e+08	2.31612e+08	2.24014e+08	3.04787e+08	3.13913e+08	2.56364e+08	2.88783e+08	3.04626e+08	2.72348e+08
ERR608085	1.90839e+08	1.49449e+08	1.4431e+08	1.45697e+08	1.92454e+08	1.91049e+08	2.55526e+08	2.13348e+08	2.40119e+08	2.6561e+08	2.17884e+08	2.56335e+08	1.60011e+08	1.35553e+08	1.32432e+08	1.30151e+08	1.3371e+08	1.56589e+08	2.68793e+08	2.39566e+08	2.92054e+08	3.62429e+08	2.47024e+08	2.93953e+08	2.09712e+08	1.79232e+08	2.05187e+08	1.76393e+08	1.94063e+08	1.79882e+08	1.95368e+08	1.53447e+08	2.23436e+08	1.98654e+08	2.29318e+08	2.17781e+08	2.47199e+08	2.29896e+08	2.75873e+08	2.34448e+08	2.28313e+08	2.80381e+08	2.18367e+08	2.53897e+08	2.48271e+08	2.19209e+08	2.14826e+08	2.37388e+08	1.51844e+08	1.43345e+08	1.42643e+08	9.75054e+07	1.41617e+08	1.43112e+08	1.9937e+08	1.82377e+08	1.89672e+08	1.76979e+08	1.74596e+08	1.6676e+08	1.55747e+08	1.48079e+08	1.4768e+08	1.43783e+08	1.50851e+08	1.52391e+08	2.10848e+08	2.01614e+08	1.71153e+08	1.04571e+08	2.13276e+08	2.03482e+08	1.1706e+08	1.05833e+08	1.41264e+08	1.02478e+08	1.39594e+08	1.02475e+08	1.17514e+08	1.23634e+08	1.18344e+08	1.41626e+08	1.15983e+08	1.00505e+08	1.90196e+08	1.79709e+08	1.95954e+08	1.61657e+08	1.87513e+08	1.81242e+08	2.4839e+08	2.55874e+08	2.09528e+08	2.34964e+08	2.48581e+08	2.22332e+08
ERR608086	1.9248e+08	1.50757e+08	1.45551e+08	1.46962e+08	1.94086e+08	1.92402e+08	2.58009e+08	2.15445e+08	2.42501e+08	2.68152e+08	2.2002e+08	2.58809e+08	1.61415e+08	1.36722e+08	1.33633e+08	1.31353e+08	1.34917e+08	1.57976e+08	2.71357e+08	2.41868e+08	2.94923e+08	2.47024e+08	3.68264e+08	2.96616e+08	2.11785e+08	1.81101e+08	2.07391e+08	1.78203e+08	1.95958e+08	1.81722e+08	1.97457e+08	1.54982e+08	2.25666e+08	2.0071e+08	2.31701e+08	2.19839e+08	2.4954e+08	2.3216e+08	2.78578e+08	2.36759e+08	2.30592e+08	2.83058e+08	2.20457e+08	2.56492e+08	2.50723e+08	2.21232e+08	2.16855e+08	2.39596e+08	1.53193e+08	1.4465e+08	1.43994e+08	9.82913e+07	1.42881e+08	1.44407e+08	2.01208e+08	1.84025e+08	1.91247e+08	1.78611e+08	1.76193e+08	1.68377e+08	1.57254e+08	1.49513e+08	1.49105e+08	1.45117e+08	1.52228e+08	1.53733e+08	2.12624e+08	2.035e+08	1.72595e+08	1.05487e+08	2.15121e+08	2.05247e+08	1.18176e+08	1.06814e+08	1.42433e+08	1.03428e+08	1.40888e+08	1.03311e+08	1.18555e+08	1.24653e+08	1.19419e+08	1.42774e+08	1.1699e+08	1.01367e+08	1.9193e+08	1.81201e+08	1.97724e+08	1.63141e+08	1.89193e+08	1.82977e+08	2.50908e+08	2.58355e+08	2.11639e+08	2.37222e+08	2.5093e+08	2.24574e+08
ERR608082	2.35272e+08	1.84497e+08	1.78228e+08	1.7979e+08	2.37435e+08	2.35488e+08	3.08542e+08	2.57127e+08	2.89807e+08	3.2068e+08	2.62483e+08	3.09291e+08	1.95817e+08	1.65901e+08	1.62359e+08	1.59451e+08	1.63808e+08	1.91744e+08	3.25532e+08	2.87736e+08	3.54414e+08	2.93953e+08	2.96616e+08	5.0177e+08	2.54771e+08	2.17366e+08	2.4917e+08	2.1429e+08	2.35872e+08	2.18326e+08	2.36514e+08	1.8569e+08	2.70638e+08	2.40586e+08	2.77908e+08	2.63618e+08	2.99643e+08	2.78825e+08	3.35229e+08	2.84248e+08	2.7673e+08	3.40495e+08	2.66152e+08	3.09069e+08	3.02028e+08	2.66782e+08	2.61532e+08	2.88919e+08	1.87238e+08	1.76872e+08	1.76099e+08	1.20584e+08	1.74748e+08	1.76613e+08	2.45316e+08	2.2448e+08	2.33656e+08	2.18295e+08	2.15154e+08	2.05604e+08	1.92377e+08	1.8299e+08	1.82486e+08	1.77804e+08	1.86679e+08	1.88226e+08	2.58615e+08	2.47333e+08	2.09636e+08	1.28185e+08	2.61281e+08	2.49618e+08	1.45059e+08	1.3083e+08	1.74333e+08	1.267e+08	1.7238e+08	1.26677e+08	1.44567e+08	1.52097e+08	1.45476e+08	1.74233e+08	1.42537e+08	1.23936e+08	2.34819e+08	2.22025e+08	2.42273e+08	1.99928e+08	2.31583e+08	2.23882e+08	3.03829e+08	3.12929e+08	2.55751e+08	2.87435e+08	3.03795e+08	2.71579e+08
ERR617515	2.03289e+08	1.59406e+08	1.53855e+08	1.55321e+08	2.05191e+08	2.03399e+08	2.50604e+08	2.09208e+08	2.3531e+08	2.60453e+08	2.1353e+08	2.51283e+08	1.63751e+08	1.38504e+08	1.35539e+08	1.33035e+08	1.3672e+08	1.60276e+08	2.32231e+08	2.05179e+08	2.53507e+08	2.09712e+08	2.11785e+08	2.54771e+08	3.83852e+08	2.21274e+08	2.53593e+08	2.18098e+08	2.40154e+08	2.22288e+08	2.10559e+08	1.666e+08	2.39916e+08	2.14206e+08	2.46196e+08	2.3383e+08	2.71888e+08	2.53248e+08	3.03586e+08	2.57897e+08	2.51175e+08	3.0839e+08	2.28917e+08	2.65216e+08	2.59342e+08	2.29593e+08	2.25339e+08	2.48245e+08	1.61344e+08	1.52351e+08	1.5177e+08	1.03774e+08	1.50474e+08	1.52078e+08	2.12907e+08	1.94814e+08	2.028e+08	1.89467e+08	1.86833e+08	1.78422e+08	1.67617e+08	1.59407e+08	1.58974e+08	1.54814e+08	1.62553e+08	1.6391e+08	2.14879e+08	2.0559e+08	1.7423e+08	1.05748e+08	2.17565e+08	2.07325e+08	1.25289e+08	1.13024e+08	1.50881e+08	1.0932e+08	1.49295e+08	1.09305e+08	1.25313e+08	1.31942e+08	1.26186e+08	1.51196e+08	1.23581e+08	1.07333e+08	2.04236e+08	1.92913e+08	2.10627e+08	1.73628e+08	2.01191e+08	1.94596e+08	2.62232e+08	2.69997e+08	2.19938e+08	2.47845e+08	2.62525e+08	2.3362e+08
ERR617512	1.72656e+08	1.35559e+08	1.30968e+08	1.32127e+08	1.74202e+08	1.72753e+08	2.14169e+08	1.79223e+08	2.01343e+08	2.22531e+08	1.82797e+08	2.14637e+08	1.39343e+08	1.17915e+08	1.15441e+08	1.13328e+08	1.16504e+08	1.36322e+08	1.98444e+08	1.75465e+08	2.16654e+08	1.79232e+08	1.81101e+08	2.17366e+08	2.21274e+08	2.9764e+08	2.16845e+08	1.88413e+08	2.05681e+08	1.92053e+08	1.81205e+08	1.4387e+08	2.059e+08	1.8425e+08	2.11153e+08	2.00727e+08	2.33598e+08	2.17675e+08	2.60362e+08	2.21564e+08	2.15836e+08	2.64109e+08	1.96997e+08	2.27712e+08	2.22694e+08	1.97752e+08	1.94109e+08	2.13279e+08	1.37065e+08	1.29632e+08	1.28926e+08	8.84723e+07	1.27884e+08	1.29378e+08	1.80471e+08	1.65205e+08	1.72085e+08	1.608e+08	1.58491e+08	1.51432e+08	1.42479e+08	1.35553e+08	1.352e+08	1.31632e+08	1.38351e+08	1.3946e+08	1.8293e+08	1.74907e+08	1.48081e+08	9.01237e+07	1.84954e+08	1.7636e+08	1.06797e+08	9.60905e+07	1.28226e+08	9.30987e+07	1.26798e+08	9.30669e+07	1.06341e+08	1.12072e+08	1.07148e+08	1.28328e+08	1.04961e+08	9.12756e+07	1.7336e+08	1.64015e+08	1.78977e+08	1.47669e+08	1.70939e+08	1.6538e+08	2.24e+08	2.30503e+08	1.87979e+08	2.11769e+08	2.24023e+08	1.99729e+08
ERR617514	1.99159e+08	1.56191e+08	1.50713e+08	1.52135e+08	2.00933e+08	1.99194e+08	2.45193e+08	2.04714e+08	2.30223e+08	2.54777e+08	2.08983e+08	2.45879e+08	1.60233e+08	1.35472e+08	1.32632e+08	1.30255e+08	1.33796e+08	1.56742e+08	2.27194e+08	2.00869e+08	2.48082e+08	2.05187e+08	2.07391e+08	2.4917e+08	2.53593e+08	2.16845e+08	3.70874e+08	2.13594e+08	2.35341e+08	2.17726e+08	2.06315e+08	1.63324e+08	2.35097e+08	2.09789e+08	2.41148e+08	2.29005e+08	2.66456e+08	2.48054e+08	2.9735e+08	2.52758e+08	2.46036e+08	3.01901e+08	2.2463e+08	2.60005e+08	2.54285e+08	2.25271e+08	2.20999e+08	2.43287e+08	1.5793e+08	1.49162e+08	1.48508e+08	1.01588e+08	1.47274e+08	1.48841e+08	2.0834e+08	1.90493e+08	1.9832e+08	1.85357e+08	1.82735e+08	1.74539e+08	1.64057e+08	1.55934e+08	1.55591e+08	1.5153e+08	1.59247e+08	1.60526e+08	2.10212e+08	2.01057e+08	1.70411e+08	1.03418e+08	2.12686e+08	2.02713e+08	1.22681e+08	1.10654e+08	1.47719e+08	1.07136e+08	1.46078e+08	1.07112e+08	1.22533e+08	1.29181e+08	1.23462e+08	1.47907e+08	1.20951e+08	1.05063e+08	1.99826e+08	1.88858e+08	2.06132e+08	1.69969e+08	1.96883e+08	1.90488e+08	2.56945e+08	2.64411e+08	2.15372e+08	2.4269e+08	2.57048e+08	2.28742e+08
ERR617511	1.70424e+08	1.34058e+08	1.29653e+08	1.30545e+08	1.71995e+08	1.70568e+08	2.0894e+08	1.75129e+08	1.96885e+08	2.17078e+08	1.78795e+08	2.09634e+08	1.37883e+08	1.16958e+08	1.14686e+08	1.12677e+08	1.15635e+08	1.34991e+08	1.95816e+08	1.72935e+08	2.13933e+08	1.76393e+08	1.78203e+08	2.1429e+08	2.18098e+08	1.88413e+08	2.13594e+08	2.91902e+08	2.0295e+08	1.8925e+08	1.78947e+08	1.42611e+08	2.03142e+08	1.82021e+08	2.08268e+08	1.98279e+08	2.30648e+08	2.15172e+08	2.57438e+08	2.1904e+08	2.13396e+08	2.60576e+08	1.95833e+08	2.24946e+08	2.19987e+08	1.96244e+08	1.92735e+08	2.11494e+08	1.35389e+08	1.28017e+08	1.27646e+08	8.78623e+07	1.26576e+08	1.27809e+08	1.77132e+08	1.62037e+08	1.69216e+08	1.58341e+08	1.56057e+08	1.4891e+08	1.40981e+08	1.34146e+08	1.34011e+08	1.30494e+08	1.37379e+08	1.37973e+08	1.81846e+08	1.73938e+08	1.47417e+08	8.99536e+07	1.83575e+08	1.75124e+08	1.06249e+08	9.53066e+07	1.26918e+08	9.22044e+07	1.25616e+08	9.23107e+07	1.04596e+08	1.10424e+08	1.05298e+08	1.26234e+08	1.03188e+08	9.02035e+07	1.71478e+08	1.62569e+08	1.77246e+08	1.4639e+08	1.68959e+08	1.63471e+08	2.23074e+08	2.29376e+08	1.87095e+08	2.11225e+08	2.22973e+08	1.99027e+08
ERR617516	1.8791e+08	1.47642e+08	1.42656e+08	1.43749e+08	1.8961e+08	1.88035e+08	2.30235e+08	1.92681e+08	2.16694e+08	2.39142e+08	1.96726e+08	2.30932e+08	1.51806e+08	1.28644e+08	1.26053e+08	1.23738e+08	1.27218e+08	1.48652e+08	2.15397e+08	1.90149e+08	2.35216e+08	1.94063e+08	1.95958e+08	2.35872e+08	2.40154e+08	2.05681e+08	2.35341e+08	2.0295e+08	3.38918e+08	2.06648e+08	1.9595e+08	1.55686e+08	2.22898e+08	1.99325e+08	2.28576e+08	2.174e+08	2.52919e+08	2.3593e+08	2.82454e+08	2.40092e+08	2.33852e+08	2.86144e+08	2.1398e+08	2.46695e+08	2.41121e+08	2.14289e+08	2.10507e+08	2.31272e+08	1.49128e+08	1.41021e+08	1.40494e+08	9.65935e+07	1.39354e+08	1.40874e+08	1.95881e+08	1.79193e+08	1.86749e+08	1.74817e+08	1.72325e+08	1.64499e+08	1.55345e+08	1.47752e+08	1.47497e+08	1.43678e+08	1.50945e+08	1.51985e+08	1.99894e+08	1.91061e+08	1.61793e+08	9.86915e+07	2.01978e+08	1.92485e+08	1.16661e+08	1.04794e+08	1.39728e+08	1.01501e+08	1.38222e+08	1.0149e+08	1.15427e+08	1.21741e+08	1.16207e+08	1.39344e+08	1.13929e+08	9.94204e+07	1.88881e+08	1.7892e+08	1.95118e+08	1.61091e+08	1.86125e+08	1.8006e+08	2.44425e+08	2.51558e+08	2.05062e+08	2.31331e+08	2.44594e+08	2.17961e+08
ERR617513	1.73701e+08	1.3634e+08	1.31742e+08	1.32878e+08	1.75346e+08	1.73848e+08	2.15036e+08	1.80019e+08	2.02187e+08	2.23436e+08	1.83699e+08	2.15704e+08	1.39842e+08	1.18369e+08	1.1591e+08	1.13795e+08	1.16839e+08	1.36884e+08	1.99095e+08	1.76166e+08	2.17428e+08	1.79882e+08	1.81722e+08	2.18326e+08	2.22288e+08	1.92053e+08	2.17726e+08	1.8925e+08	2.06648e+08	3.00414e+08	1.81719e+08	1.44354e+08	2.06749e+08	1.85005e+08	2.11983e+08	2.01543e+08	2.34259e+08	2.18325e+08	2.61236e+08	2.22302e+08	2.16466e+08	2.65257e+08	1.97815e+08	2.28572e+08	2.23516e+08	1.9841e+08	1.94866e+08	2.14105e+08	1.37882e+08	1.30282e+08	1.29716e+08	8.88511e+07	1.28557e+08	1.30111e+08	1.81609e+08	1.66193e+08	1.73125e+08	1.61773e+08	1.59631e+08	1.52251e+08	1.43368e+08	1.36312e+08	1.36002e+08	1.32452e+08	1.39168e+08	1.40232e+08	1.83552e+08	1.75511e+08	1.48748e+08	9.03772e+07	1.85634e+08	1.77094e+08	1.07357e+08	9.664e+07	1.28945e+08	9.3595e+07	1.27593e+08	9.35774e+07	1.06928e+08	1.12708e+08	1.07609e+08	1.28996e+08	1.05484e+08	9.17851e+07	1.7453e+08	1.64959e+08	1.80108e+08	1.48666e+08	1.71921e+08	1.66447e+08	2.24846e+08	2.31313e+08	1.88593e+08	2.12415e+08	2.24781e+08	2.00438e+08
ERR608758	1.78073e+08	1.39858e+08	1.35243e+08	1.36374e+08	1.79752e+08	1.7814e+08	2.25065e+08	1.88721e+08	2.12201e+08	2.33792e+08	1.92628e+08	2.26026e+08	1.48633e+08	1.25921e+08	1.23297e+08	1.21191e+08	1.24416e+08	1.45439e+08	2.1649e+08	1.91782e+08	2.36045e+08	1.95368e+08	1.97457e+08	2.36514e+08	2.10559e+08	1.81205e+08	2.06315e+08	1.78947e+08	1.9595e+08	1.81719e+08	3.18089e+08	1.65451e+08	2.36198e+08	2.11314e+08	2.42509e+08	2.31338e+08	2.44684e+08	2.2832e+08	2.72897e+08	2.32454e+08	2.26438e+08	2.76509e+08	2.11467e+08	2.43403e+08	2.38202e+08	2.11979e+08	2.0802e+08	2.28596e+08	1.41987e+08	1.34222e+08	1.33682e+08	9.17415e+07	1.32615e+08	1.34017e+08	1.84706e+08	1.68925e+08	1.76171e+08	1.64762e+08	1.62372e+08	1.55074e+08	1.46855e+08	1.39726e+08	1.39473e+08	1.35864e+08	1.42805e+08	1.43726e+08	1.97177e+08	1.88627e+08	1.60042e+08	9.77785e+07	1.99387e+08	1.90287e+08	1.10204e+08	9.90562e+07	1.32146e+08	9.60653e+07	1.30817e+08	9.60622e+07	1.09939e+08	1.15904e+08	1.10644e+08	1.32638e+08	1.08522e+08	9.45465e+07	1.78984e+08	1.6947e+08	1.85039e+08	1.52709e+08	1.7639e+08	1.70704e+08	2.34732e+08	2.41492e+08	1.97516e+08	2.22232e+08	2.34503e+08	2.09848e+08
ERR608757	1.38253e+08	1.09001e+08	1.05479e+08	1.06257e+08	1.39588e+08	1.38404e+08	1.75383e+08	1.47647e+08	1.65735e+08	1.82093e+08	1.50816e+08	1.76091e+08	1.16052e+08	9.85811e+07	9.69723e+07	9.52332e+07	9.77239e+07	1.13476e+08	1.70556e+08	1.50942e+08	1.85809e+08	1.53447e+08	1.54982e+08	1.8569e+08	1.666e+08	1.4387e+08	1.63324e+08	1.42611e+08	1.55686e+08	1.44354e+08	1.65451e+08	2.18099e+08	1.86556e+08	1.67736e+08	1.91502e+08	1.83114e+08	1.93401e+08	1.80993e+08	2.15707e+08	1.84205e+08	1.79623e+08	2.17778e+08	1.69153e+08	1.9265e+08	1.88721e+08	1.69479e+08	1.66236e+08	1.81928e+08	1.10519e+08	1.04592e+08	1.04302e+08	7.24228e+07	1.03571e+08	1.04549e+08	1.42589e+08	1.30334e+08	1.36328e+08	1.27859e+08	1.26107e+08	1.20321e+08	1.14699e+08	1.09221e+08	1.09269e+08	1.06374e+08	1.12102e+08	1.12346e+08	1.5444e+08	1.47847e+08	1.25358e+08	7.71901e+07	1.55891e+08	1.48781e+08	8.68117e+07	7.76253e+07	1.0324e+08	7.5175e+07	1.0218e+08	7.53085e+07	8.50024e+07	8.98752e+07	8.55672e+07	1.02708e+08	8.38654e+07	7.37721e+07	1.39547e+08	1.3263e+08	1.44562e+08	1.19641e+08	1.3749e+08	1.33056e+08	1.85681e+08	1.90807e+08	1.56423e+08	1.76358e+08	1.85557e+08	1.66205e+08
ERR608760	2.04792e+08	1.60494e+08	1.55076e+08	1.56402e+08	2.06507e+08	2.04838e+08	2.58326e+08	2.15875e+08	2.43141e+08	2.68298e+08	2.2047e+08	2.5918e+08	1.70002e+08	1.43796e+08	1.40585e+08	1.38207e+08	1.42011e+08	1.66359e+08	2.47262e+08	2.18938e+08	2.69507e+08	2.23436e+08	2.25666e+08	2.70638e+08	2.39916e+08	2.059e+08	2.35097e+08	2.03142e+08	2.22898e+08	2.06749e+08	2.36198e+08	1.86556e+08	3.96325e+08	2.40838e+08	2.7728e+08	2.62449e+08	2.78563e+08	2.59552e+08	3.11011e+08	2.64552e+08	2.57534e+08	3.15624e+08	2.39704e+08	2.77182e+08	2.71045e+08	2.4041e+08	2.35735e+08	2.59686e+08	1.62888e+08	1.53922e+08	1.53206e+08	1.04775e+08	1.52041e+08	1.53691e+08	2.12925e+08	1.94807e+08	2.02843e+08	1.89423e+08	1.86744e+08	1.78422e+08	1.68453e+08	1.60186e+08	1.59892e+08	1.55568e+08	1.63375e+08	1.64753e+08	2.25437e+08	2.15628e+08	1.82767e+08	1.11337e+08	2.28006e+08	2.1753e+08	1.25995e+08	1.13591e+08	1.51517e+08	1.1003e+08	1.49849e+08	1.09953e+08	1.26579e+08	1.33315e+08	1.27462e+08	1.52687e+08	1.24902e+08	1.08506e+08	2.05451e+08	1.94257e+08	2.11952e+08	1.7473e+08	2.0247e+08	1.9593e+08	2.67126e+08	2.75243e+08	2.24759e+08	2.52681e+08	2.67417e+08	2.38779e+08
