	ERR626870	ERR626867	ERR626868	ERR626872	ERR626869	ERR626871	ERR618548	ERR618543	ERR618545	ERR618544	ERR618546	ERR618547	ERR636894	ERR636891	ERR636890	ERR636893	ERR636889	ERR636892	ERR626884	ERR626883	ERR626881	ERR626880	ERR626882	ERR626879	ERR613232	ERR613231	ERR613229	ERR613228	ERR613230	ERR613227	ERR608647	ERR608650	ERR608652	ERR608651	ERR608648	ERR608649	ERR622084	ERR622088	ERR622086	ERR622087	ERR622085	ERR622083	ERR606035	ERR606030	ERR606033	ERR606034	ERR606031	ERR606032	ERR613798	ERR613799	ERR613795	ERR613797	ERR613796	ERR613794	ERR607446	ERR607445	ERR607448	ERR607447	ERR607449	ERR607450	ERR621958	ERR621957	ERR621955	ERR621960	ERR621956	ERR621959	ERR612610	ERR612607	ERR612608	ERR612612	ERR612611	ERR612609	ERR617200	ERR617202	ERR617198	ERR617201	ERR617199	ERR617197	ERR626644	ERR626648	ERR626647	ERR626649	ERR626646	ERR626645	ERR613475	ERR613474	ERR613473	ERR613477	ERR613478	ERR613476	ERR617314	ERR617316	ERR617317	ERR617315	ERR617318	ERR617313
ERR626870	3.05414e+08	2.73914e+08	2.45929e+08	2.71866e+08	2.49159e+08	1.93963e+08	2.32203e+08	2.12513e+08	2.04687e+08	2.04165e+08	2.3439e+08	2.33936e+08	1.88695e+08	2.2517e+08	2.29595e+08	1.87183e+08	2.02918e+08	1.91942e+08	2.58251e+08	1.88762e+08	2.40401e+08	2.36721e+08	1.91906e+08	2.64933e+08	1.46318e+08	1.46703e+08	1.94452e+08	2.07585e+08	1.38916e+08	2.24145e+08	1.61621e+08	2.19834e+08	2.06447e+08	2.18254e+08	2.0434e+08	2.27196e+08	1.94522e+08	2.26619e+08	2.28676e+08	2.29796e+08	1.94362e+08	2.02253e+08	1.80429e+08	1.76058e+08	1.87267e+08	1.86001e+08	2.49472e+08	2.55305e+08	1.42748e+08	1.42865e+08	1.45543e+08	1.41864e+08	1.14176e+08	1.61642e+08	1.58854e+08	1.53598e+08	2.01665e+08	1.53744e+08	1.99857e+08	2.00017e+08	1.30093e+08	1.10513e+08	1.23259e+08	1.31743e+08	1.11041e+08	1.28393e+08	1.29793e+08	1.61999e+08	1.17132e+08	1.28032e+08	1.29875e+08	1.50006e+08	1.47564e+08	1.40747e+08	1.82358e+08	1.54999e+08	1.84713e+08	1.69871e+08	1.46288e+08	1.20241e+08	1.17684e+08	1.1892e+08	1.0319e+08	1.2721e+08	1.56212e+08	1.5636e+08	1.57425e+08	1.15934e+08	1.14479e+08	1.15485e+08	1.06087e+08	1.2575e+08	1.24915e+08	1.06889e+08	1.26047e+08	1.04564e+08
ERR626867	2.73914e+08	5.42005e+08	3.46733e+08	3.82338e+08	3.51257e+08	2.69953e+08	3.24352e+08	2.95883e+08	2.84862e+08	2.84183e+08	3.26907e+08	3.26597e+08	2.66695e+08	3.18553e+08	3.2431e+08	2.6449e+08	2.86893e+08	2.71066e+08	3.64265e+08	2.64182e+08	3.38792e+08	3.33851e+08	2.68692e+08	3.73968e+08	2.05838e+08	2.06407e+08	2.74226e+08	2.92781e+08	1.95417e+08	3.1582e+08	2.2939e+08	3.108e+08	2.92432e+08	3.08552e+08	2.89344e+08	3.21745e+08	2.71452e+08	3.17039e+08	3.19683e+08	3.21382e+08	2.71179e+08	2.82112e+08	2.54579e+08	2.49414e+08	2.64029e+08	2.62525e+08	3.53127e+08	3.61099e+08	2.04011e+08	2.04206e+08	2.08272e+08	2.02759e+08	1.63994e+08	2.31289e+08	2.24338e+08	2.16968e+08	2.84783e+08	2.16834e+08	2.82334e+08	2.8229e+08	1.85677e+08	1.57747e+08	1.76068e+08	1.8792e+08	1.58652e+08	1.83233e+08	1.85434e+08	2.31336e+08	1.67462e+08	1.82662e+08	1.85471e+08	2.14622e+08	2.10624e+08	2.02178e+08	2.60442e+08	2.21195e+08	2.63552e+08	2.42836e+08	2.08672e+08	1.71451e+08	1.67601e+08	1.6939e+08	1.47726e+08	1.81564e+08	2.23796e+08	2.23971e+08	2.25526e+08	1.65564e+08	1.63648e+08	1.64918e+08	1.51855e+08	1.79897e+08	1.78552e+08	1.52903e+08	1.80262e+08	1.50117e+08
ERR626868	2.45929e+08	3.46733e+08	4.49757e+08	3.43116e+08	3.15196e+08	2.42495e+08	2.90479e+08	2.65026e+08	2.55084e+08	2.54433e+08	2.9275e+08	2.92524e+08	2.39432e+08	2.85765e+08	2.90618e+08	2.37506e+08	2.5731e+08	2.43335e+08	3.26672e+08	2.37198e+08	3.03912e+08	2.99551e+08	2.41043e+08	3.35263e+08	1.84661e+08	1.85309e+08	2.45585e+08	2.62262e+08	1.75497e+08	2.82647e+08	2.05919e+08	2.77988e+08	2.6174e+08	2.76116e+08	2.59065e+08	2.87942e+08	2.42874e+08	2.83698e+08	2.86086e+08	2.87549e+08	2.42525e+08	2.52573e+08	2.28317e+08	2.24096e+08	2.36704e+08	2.35364e+08	3.16288e+08	3.23515e+08	1.81766e+08	1.82138e+08	1.85816e+08	1.808e+08	1.46526e+08	2.06309e+08	2.01351e+08	1.94803e+08	2.55367e+08	1.94634e+08	2.53003e+08	2.52989e+08	1.65899e+08	1.40984e+08	1.57199e+08	1.67795e+08	1.41734e+08	1.63722e+08	1.65668e+08	2.06527e+08	1.49698e+08	1.63429e+08	1.65794e+08	1.91903e+08	1.88075e+08	1.80825e+08	2.32507e+08	1.97459e+08	2.35113e+08	2.16864e+08	1.86347e+08	1.53043e+08	1.4958e+08	1.51208e+08	1.31982e+08	1.62198e+08	2.00145e+08	2.0031e+08	2.01627e+08	1.48012e+08	1.46171e+08	1.47332e+08	1.35341e+08	1.60464e+08	1.59131e+08	1.36451e+08	1.60752e+08	1.33968e+08
ERR626872	2.71866e+08	3.82338e+08	3.43116e+08	5.33613e+08	3.476e+08	2.67909e+08	3.22116e+08	2.93822e+08	2.82772e+08	2.82088e+08	3.24798e+08	3.24455e+08	2.64795e+08	3.16246e+08	3.21986e+08	2.62543e+08	2.84655e+08	2.69203e+08	3.61748e+08	2.62352e+08	3.36478e+08	3.3118e+08	2.66584e+08	3.71036e+08	2.04279e+08	2.04848e+08	2.71916e+08	2.9027e+08	1.9411e+08	3.13281e+08	2.27741e+08	3.08224e+08	2.90183e+08	3.06099e+08	2.87158e+08	3.19062e+08	2.69105e+08	3.1464e+08	3.17007e+08	3.18925e+08	2.68866e+08	2.79836e+08	2.5229e+08	2.47466e+08	2.61665e+08	2.60276e+08	3.50008e+08	3.58182e+08	2.02105e+08	2.0225e+08	2.0627e+08	2.00752e+08	1.62328e+08	2.29021e+08	2.22619e+08	2.15365e+08	2.82489e+08	2.15103e+08	2.80072e+08	2.80142e+08	1.84044e+08	1.56332e+08	1.74312e+08	1.86249e+08	1.57004e+08	1.81433e+08	1.83661e+08	2.29078e+08	1.6581e+08	1.81023e+08	1.83734e+08	2.12654e+08	2.08775e+08	2.00288e+08	2.58122e+08	2.19252e+08	2.61165e+08	2.40667e+08	2.06776e+08	1.69787e+08	1.66101e+08	1.67798e+08	1.46378e+08	1.7992e+08	2.21674e+08	2.21864e+08	2.23308e+08	1.63858e+08	1.61923e+08	1.63394e+08	1.50254e+08	1.78171e+08	1.76807e+08	1.51505e+08	1.78415e+08	1.48588e+08
ERR626869	2.49159e+08	3.51257e+08	3.15196e+08	3.476e+08	4.59758e+08	2.45635e+08	2.94823e+08	2.69131e+08	2.59009e+08	2.58301e+08	2.9723e+08	2.9688e+08	2.42402e+08	2.89251e+08	2.94474e+08	2.40291e+08	2.60465e+08	2.46328e+08	3.31132e+08	2.40276e+08	3.07898e+08	3.03204e+08	2.44273e+08	3.39603e+08	1.87177e+08	1.87562e+08	2.48885e+08	2.65652e+08	1.77816e+08	2.86579e+08	2.08425e+08	2.81952e+08	2.65251e+08	2.79913e+08	2.62716e+08	2.91795e+08	2.46529e+08	2.87874e+08	2.90379e+08	2.91843e+08	2.4622e+08	2.56165e+08	2.30945e+08	2.26456e+08	2.39627e+08	2.38236e+08	3.20208e+08	3.27447e+08	1.846e+08	1.84798e+08	1.88413e+08	1.83486e+08	1.48456e+08	2.09328e+08	2.03691e+08	1.972e+08	2.58549e+08	1.96998e+08	2.5625e+08	2.56388e+08	1.68057e+08	1.42928e+08	1.5923e+08	1.70014e+08	1.43534e+08	1.65806e+08	1.67759e+08	2.09352e+08	1.51559e+08	1.65419e+08	1.67966e+08	1.94428e+08	1.90782e+08	1.83131e+08	2.35721e+08	2.0033e+08	2.38714e+08	2.19996e+08	1.88984e+08	1.55182e+08	1.51748e+08	1.53399e+08	1.33659e+08	1.64273e+08	2.02397e+08	2.02673e+08	2.04107e+08	1.49852e+08	1.4806e+08	1.49243e+08	1.37226e+08	1.6272e+08	1.6139e+08	1.38295e+08	1.62988e+08	1.35846e+08
ERR626871	1.93963e+08	2.69953e+08	2.42495e+08	2.67909e+08	2.45635e+08	2.98025e+08	2.29065e+08	2.09459e+08	2.01658e+08	2.01252e+08	2.30919e+08	2.30615e+08	1.86182e+08	2.22265e+08	2.26581e+08	1.84707e+08	2.00316e+08	1.89367e+08	2.54268e+08	1.85724e+08	2.36867e+08	2.33084e+08	1.88851e+08	2.60905e+08	1.44438e+08	1.44774e+08	1.91794e+08	2.04652e+08	1.37077e+08	2.20942e+08	1.59587e+08	2.16722e+08	2.03814e+08	2.15171e+08	2.01645e+08	2.24081e+08	1.91704e+08	2.23324e+08	2.25282e+08	2.26461e+08	1.91568e+08	1.99323e+08	1.77863e+08	1.73442e+08	1.84469e+08	1.83412e+08	2.46032e+08	2.51591e+08	1.40437e+08	1.40668e+08	1.43205e+08	1.3961e+08	1.12502e+08	1.59268e+08	1.56755e+08	1.51601e+08	1.98744e+08	1.51645e+08	1.97002e+08	1.97184e+08	1.28119e+08	1.08779e+08	1.21376e+08	1.29599e+08	1.09263e+08	1.26294e+08	1.2772e+08	1.59437e+08	1.15211e+08	1.26015e+08	1.27766e+08	1.47677e+08	1.45302e+08	1.38698e+08	1.7951e+08	1.52508e+08	1.81913e+08	1.67198e+08	1.43844e+08	1.18399e+08	1.15738e+08	1.1693e+08	1.01572e+08	1.25273e+08	1.53782e+08	1.54014e+08	1.5494e+08	1.1413e+08	1.12685e+08	1.13658e+08	1.04489e+08	1.23904e+08	1.22955e+08	1.0527e+08	1.24111e+08	1.03093e+08
ERR618548	2.32203e+08	3.24352e+08	2.90479e+08	3.22116e+08	2.94823e+08	2.29065e+08	5.1716e+08	3.45659e+08	3.3205e+08	3.32234e+08	3.81088e+08	3.80384e+08	2.3499e+08	2.8242e+08	2.88548e+08	2.33112e+08	2.54127e+08	2.3921e+08	3.26345e+08	2.38134e+08	3.03322e+08	2.98163e+08	2.42286e+08	3.34203e+08	1.95471e+08	1.95835e+08	2.59456e+08	2.76706e+08	1.85132e+08	2.99667e+08	2.10949e+08	2.90083e+08	2.71938e+08	2.87577e+08	2.68216e+08	2.98566e+08	2.91506e+08	3.38537e+08	3.4178e+08	3.43104e+08	2.91097e+08	3.03719e+08	2.41779e+08	2.34e+08	2.51015e+08	2.49308e+08	3.34559e+08	3.42052e+08	1.86774e+08	1.8716e+08	1.90005e+08	1.85895e+08	1.48347e+08	2.11801e+08	2.09584e+08	2.02367e+08	2.66236e+08	2.02732e+08	2.64293e+08	2.64115e+08	1.71602e+08	1.45618e+08	1.6244e+08	1.73602e+08	1.46177e+08	1.69327e+08	1.70463e+08	2.12905e+08	1.53288e+08	1.68351e+08	1.70572e+08	1.96214e+08	1.95626e+08	1.84629e+08	2.41405e+08	2.05042e+08	2.4488e+08	2.23745e+08	1.92161e+08	1.58281e+08	1.54708e+08	1.56367e+08	1.34653e+08	1.66865e+08	2.06258e+08	2.06473e+08	2.07722e+08	1.53799e+08	1.51877e+08	1.53011e+08	1.4022e+08	1.66698e+08	1.65663e+08	1.41292e+08	1.67274e+08	1.37195e+08
ERR618543	2.12513e+08	2.95883e+08	2.65026e+08	2.93822e+08	2.69131e+08	2.09459e+08	3.45659e+08	4.46904e+08	3.06894e+08	3.06904e+08	3.48724e+08	3.47923e+08	2.1426e+08	2.5735e+08	2.63347e+08	2.12569e+08	2.31681e+08	2.1796e+08	2.97152e+08	2.17229e+08	2.76238e+08	2.71519e+08	2.21248e+08	3.04553e+08	1.78469e+08	1.78675e+08	2.36755e+08	2.52492e+08	1.68919e+08	2.73899e+08	1.91931e+08	2.64825e+08	2.47907e+08	2.62568e+08	2.44764e+08	2.72334e+08	2.69391e+08	3.11263e+08	3.14494e+08	3.15584e+08	2.68791e+08	2.8061e+08	2.20484e+08	2.12638e+08	2.28783e+08	2.27324e+08	3.04926e+08	3.11859e+08	1.70514e+08	1.70831e+08	1.73197e+08	1.69563e+08	1.35089e+08	1.93125e+08	1.90744e+08	1.84282e+08	2.42611e+08	1.84739e+08	2.40638e+08	2.40666e+08	1.56819e+08	1.32867e+08	1.48407e+08	1.58533e+08	1.3343e+08	1.54665e+08	1.55391e+08	1.94217e+08	1.39664e+08	1.53405e+08	1.55392e+08	1.78714e+08	1.78644e+08	1.67781e+08	2.20375e+08	1.87272e+08	2.2366e+08	2.04058e+08	1.75668e+08	1.44724e+08	1.41515e+08	1.42937e+08	1.22677e+08	1.52378e+08	1.87752e+08	1.88106e+08	1.89264e+08	1.40414e+08	1.38444e+08	1.39679e+08	1.28171e+08	1.52434e+08	1.51426e+08	1.29144e+08	1.52899e+08	1.25095e+08
ERR618545	2.04687e+08	2.84862e+08	2.55084e+08	2.82772e+08	2.59009e+08	2.01658e+08	3.3205e+08	3.06894e+08	4.17591e+08	2.95002e+08	3.3498e+08	3.34344e+08	2.06669e+08	2.48077e+08	2.53759e+08	2.04914e+08	2.23358e+08	2.10121e+08	2.86012e+08	2.09257e+08	2.66015e+08	2.61197e+08	2.12951e+08	2.93114e+08	1.7207e+08	1.72423e+08	2.2821e+08	2.4333e+08	1.62989e+08	2.63843e+08	1.85012e+08	2.54794e+08	2.38772e+08	2.52877e+08	2.35613e+08	2.62175e+08	2.58704e+08	2.98893e+08	3.01891e+08	3.03245e+08	2.58219e+08	2.69305e+08	2.1229e+08	2.05086e+08	2.20488e+08	2.18992e+08	2.9354e+08	3.00307e+08	1.63868e+08	1.64164e+08	1.66573e+08	1.63081e+08	1.2987e+08	1.85618e+08	1.84106e+08	1.77798e+08	2.33853e+08	1.78149e+08	2.32072e+08	2.3195e+08	1.50705e+08	1.27779e+08	1.42712e+08	1.52347e+08	1.28316e+08	1.4865e+08	1.49563e+08	1.86844e+08	1.34388e+08	1.47582e+08	1.49574e+08	1.71969e+08	1.71634e+08	1.61343e+08	2.1177e+08	1.79995e+08	2.1485e+08	1.96124e+08	1.68831e+08	1.39121e+08	1.36014e+08	1.37409e+08	1.18173e+08	1.46594e+08	1.80716e+08	1.8116e+08	1.82148e+08	1.35149e+08	1.33323e+08	1.34406e+08	1.23195e+08	1.46451e+08	1.4556e+08	1.24162e+08	1.46964e+08	1.20315e+08
ERR618544	2.04165e+08	2.84183e+08	2.54433e+08	2.82088e+08	2.58301e+08	2.01252e+08	3.32234e+08	3.06904e+08	2.95002e+08	4.17826e+08	3.35095e+08	3.3441e+08	2.06194e+08	2.47367e+08	2.53245e+08	2.04486e+08	2.23002e+08	2.09781e+08	2.85239e+08	2.0873e+08	2.65312e+08	2.6078e+08	2.12426e+08	2.92415e+08	1.71866e+08	1.72196e+08	2.27947e+08	2.43008e+08	1.62724e+08	2.63529e+08	1.84846e+08	2.54621e+08	2.38407e+08	2.52456e+08	2.35299e+08	2.61877e+08	2.58832e+08	2.99086e+08	3.01933e+08	3.03193e+08	2.58453e+08	2.69427e+08	2.12087e+08	2.04758e+08	2.20087e+08	2.18666e+08	2.93256e+08	2.99735e+08	1.63571e+08	1.6376e+08	1.66186e+08	1.62738e+08	1.29571e+08	1.85243e+08	1.83764e+08	1.77583e+08	2.33482e+08	1.77927e+08	2.31671e+08	2.3162e+08	1.50295e+08	1.27377e+08	1.42303e+08	1.52021e+08	1.27983e+08	1.48213e+08	1.49224e+08	1.86431e+08	1.34139e+08	1.47325e+08	1.49216e+08	1.71511e+08	1.71278e+08	1.61043e+08	2.11547e+08	1.79612e+08	2.14567e+08	1.95911e+08	1.68609e+08	1.38865e+08	1.35816e+08	1.37108e+08	1.17828e+08	1.46314e+08	1.80362e+08	1.807e+08	1.81711e+08	1.34879e+08	1.33038e+08	1.34108e+08	1.22956e+08	1.46117e+08	1.45283e+08	1.23808e+08	1.46548e+08	1.20107e+08
ERR618546	2.3439e+08	3.26907e+08	2.9275e+08	3.24798e+08	2.9723e+08	2.30919e+08	3.81088e+08	3.48724e+08	3.3498e+08	3.35095e+08	5.24891e+08	3.83592e+08	2.36887e+08	2.8453e+08	2.90988e+08	2.34997e+08	2.56171e+08	2.41045e+08	3.28905e+08	2.39865e+08	3.05729e+08	3.00428e+08	2.44295e+08	3.37015e+08	1.96967e+08	1.97315e+08	2.61589e+08	2.78837e+08	1.86538e+08	3.02106e+08	2.1242e+08	2.92325e+08	2.73981e+08	2.89895e+08	2.70216e+08	3.00784e+08	2.94094e+08	3.41582e+08	3.44814e+08	3.46248e+08	2.93727e+08	3.06448e+08	2.43529e+08	2.35532e+08	2.52692e+08	2.51116e+08	3.37043e+08	3.44506e+08	1.88197e+08	1.88551e+08	1.91344e+08	1.87272e+08	1.49242e+08	2.1329e+08	2.1092e+08	2.03699e+08	2.68199e+08	2.04132e+08	2.66034e+08	2.66015e+08	1.72976e+08	1.46655e+08	1.6378e+08	1.74946e+08	1.47219e+08	1.70479e+08	1.71796e+08	2.14595e+08	1.54378e+08	1.6962e+08	1.71894e+08	1.9785e+08	1.96849e+08	1.85657e+08	2.43116e+08	2.06579e+08	2.46657e+08	2.25192e+08	1.93566e+08	1.59367e+08	1.55782e+08	1.57588e+08	1.35536e+08	1.67969e+08	2.07616e+08	2.07928e+08	2.09122e+08	1.54978e+08	1.52949e+08	1.54152e+08	1.41323e+08	1.68076e+08	1.66897e+08	1.42385e+08	1.68506e+08	1.38111e+08
ERR618547	2.33936e+08	3.26597e+08	2.92524e+08	3.24455e+08	2.9688e+08	2.30615e+08	3.80384e+08	3.47923e+08	3.34344e+08	3.3441e+08	3.83592e+08	5.23505e+08	2.36971e+08	2.84544e+08	2.90874e+08	2.35037e+08	2.5613e+08	2.4111e+08	3.28598e+08	2.39599e+08	3.05267e+08	3.00256e+08	2.43898e+08	3.3666e+08	1.97096e+08	1.97534e+08	2.61555e+08	2.78972e+08	1.86717e+08	3.02108e+08	2.12577e+08	2.9222e+08	2.73945e+08	2.89714e+08	2.70143e+08	3.00774e+08	2.93792e+08	3.4109e+08	3.4445e+08	3.45853e+08	2.93386e+08	3.06037e+08	2.43574e+08	2.35741e+08	2.52782e+08	2.51202e+08	3.37091e+08	3.4453e+08	1.88282e+08	1.88602e+08	1.91513e+08	1.87446e+08	1.49554e+08	2.13459e+08	2.11029e+08	2.03898e+08	2.68323e+08	2.04191e+08	2.66171e+08	2.66119e+08	1.73111e+08	1.46917e+08	1.63996e+08	1.75196e+08	1.475e+08	1.70848e+08	1.71903e+08	2.14697e+08	1.54577e+08	1.69705e+08	1.72017e+08	1.97979e+08	1.97003e+08	1.86102e+08	2.43234e+08	2.06742e+08	2.46743e+08	2.25554e+08	1.93708e+08	1.59527e+08	1.55918e+08	1.57615e+08	1.35597e+08	1.68227e+08	2.07867e+08	2.08228e+08	2.09503e+08	1.55126e+08	1.53096e+08	1.54337e+08	1.41313e+08	1.6809e+08	1.6699e+08	1.42567e+08	1.68548e+08	1.38358e+08
ERR636894	1.88695e+08	2.66695e+08	2.39432e+08	2.64795e+08	2.42402e+08	1.86182e+08	2.3499e+08	2.1426e+08	2.06669e+08	2.06194e+08	2.36887e+08	2.36971e+08	3.62471e+08	2.88768e+08	2.92643e+08	2.42548e+08	2.61128e+08	2.48522e+08	2.64792e+08	1.90612e+08	2.45996e+08	2.42652e+08	1.93692e+08	2.71655e+08	1.66651e+08	1.67248e+08	2.20899e+08	2.35774e+08	1.58671e+08	2.5304e+08	1.80396e+08	2.40869e+08	2.27337e+08	2.39458e+08	2.25104e+08	2.495e+08	2.15029e+08	2.50014e+08	2.51846e+08	2.53316e+08	2.14628e+08	2.22955e+08	2.00548e+08	1.99303e+08	2.07976e+08	2.06984e+08	2.77021e+08	2.83164e+08	1.53214e+08	1.5339e+08	1.56701e+08	1.52215e+08	1.24013e+08	1.73898e+08	1.80334e+08	1.74567e+08	2.27893e+08	1.74077e+08	2.25642e+08	2.25796e+08	1.41904e+08	1.21381e+08	1.34753e+08	1.43717e+08	1.21993e+08	1.40275e+08	1.41932e+08	1.76043e+08	1.28582e+08	1.39786e+08	1.41945e+08	1.64133e+08	1.58342e+08	1.53296e+08	1.95816e+08	1.66296e+08	1.97911e+08	1.83183e+08	1.56422e+08	1.28265e+08	1.25522e+08	1.26877e+08	1.11229e+08	1.36126e+08	1.72399e+08	1.72589e+08	1.7375e+08	1.28085e+08	1.26686e+08	1.27768e+08	1.15705e+08	1.37e+08	1.35818e+08	1.16648e+08	1.3709e+08	1.1507e+08
ERR636891	2.2517e+08	3.18553e+08	2.85765e+08	3.16246e+08	2.89251e+08	2.22265e+08	2.8242e+08	2.5735e+08	2.48077e+08	2.47367e+08	2.8453e+08	2.84544e+08	2.88768e+08	4.89465e+08	3.49103e+08	2.8617e+08	3.10509e+08	2.93473e+08	3.16952e+08	2.27974e+08	2.9421e+08	2.90197e+08	2.31779e+08	3.25117e+08	1.98536e+08	1.99292e+08	2.6373e+08	2.81496e+08	1.88806e+08	3.0256e+08	2.1433e+08	2.87501e+08	2.71191e+08	2.85881e+08	2.68529e+08	2.97958e+08	2.57094e+08	2.99256e+08	3.01448e+08	3.03283e+08	2.56731e+08	2.66637e+08	2.38778e+08	2.3664e+08	2.47837e+08	2.46462e+08	3.30647e+08	3.38071e+08	1.86022e+08	1.86418e+08	1.9033e+08	1.85029e+08	1.50624e+08	2.11152e+08	2.14203e+08	2.0729e+08	2.71356e+08	2.06728e+08	2.68619e+08	2.68949e+08	1.72568e+08	1.47534e+08	1.63834e+08	1.74809e+08	1.48286e+08	1.70612e+08	1.72458e+08	2.13754e+08	1.56223e+08	1.69865e+08	1.72523e+08	1.99311e+08	1.92432e+08	1.86114e+08	2.38007e+08	2.02023e+08	2.40569e+08	2.22361e+08	1.89796e+08	1.55742e+08	1.52377e+08	1.53898e+08	1.34787e+08	1.65122e+08	2.09415e+08	2.09704e+08	2.11058e+08	1.55702e+08	1.53828e+08	1.55185e+08	1.39622e+08	1.65436e+08	1.64005e+08	1.40837e+08	1.65629e+08	1.38669e+08
ERR636890	2.29595e+08	3.2431e+08	2.90618e+08	3.21986e+08	2.94474e+08	2.26581e+08	2.88548e+08	2.63347e+08	2.53759e+08	2.53245e+08	2.90988e+08	2.90874e+08	2.92643e+08	3.49103e+08	5.02969e+08	2.902e+08	3.15033e+08	2.97569e+08	3.22301e+08	2.32015e+08	2.99162e+08	2.94963e+08	2.36007e+08	3.30654e+08	2.01715e+08	2.02249e+08	2.67906e+08	2.86242e+08	1.91666e+08	3.08021e+08	2.1733e+08	2.92824e+08	2.7591e+08	2.91012e+08	2.72984e+08	3.03371e+08	2.62712e+08	3.05595e+08	3.07981e+08	3.09784e+08	2.6245e+08	2.72948e+08	2.42693e+08	2.39727e+08	2.51815e+08	2.50353e+08	3.3609e+08	3.43805e+08	1.89244e+08	1.89351e+08	1.93314e+08	1.88023e+08	1.52464e+08	2.14789e+08	2.17263e+08	2.10275e+08	2.75538e+08	2.09825e+08	2.72971e+08	2.73173e+08	1.75366e+08	1.49773e+08	1.66452e+08	1.77646e+08	1.50568e+08	1.73225e+08	1.7502e+08	2.17374e+08	1.58554e+08	1.72518e+08	1.75102e+08	2.02205e+08	1.95703e+08	1.88312e+08	2.42065e+08	2.05468e+08	2.44783e+08	2.25749e+08	1.93218e+08	1.58617e+08	1.55105e+08	1.567e+08	1.36777e+08	1.68051e+08	2.12267e+08	2.12652e+08	2.14029e+08	1.58131e+08	1.56233e+08	1.5775e+08	1.42009e+08	1.68266e+08	1.66764e+08	1.43106e+08	1.68487e+08	1.40755e+08
ERR636893	1.87183e+08	2.6449e+08	2.37506e+08	2.62543e+08	2.40291e+08	1.84707e+08	2.33112e+08	2.12569e+08	2.04914e+08	2.04486e+08	2.34997e+08	2.35037e+08	2.42548e+08	2.8617e+08	2.902e+08	3.57305e+08	2.5882e+08	2.4625e+08	2.6254e+08	1.89098e+08	2.43891e+08	2.4053e+08	1.92196e+08	2.69395e+08	1.65117e+08	1.65572e+08	2.1879e+08	2.33451e+08	1.57196e+08	2.50756e+08	1.78888e+08	2.38888e+08	2.25482e+08	2.37702e+08	2.23289e+08	2.47509e+08	2.13164e+08	2.47876e+08	2.49776e+08	2.51257e+08	2.12863e+08	2.2119e+08	1.98921e+08	1.97525e+08	2.06302e+08	2.05303e+08	2.74702e+08	2.80731e+08	1.5182e+08	1.52089e+08	1.55352e+08	1.50891e+08	1.22892e+08	1.72415e+08	1.78658e+08	1.72908e+08	2.25919e+08	1.72444e+08	2.23681e+08	2.23858e+08	1.40448e+08	1.2014e+08	1.33379e+08	1.42322e+08	1.20731e+08	1.38886e+08	1.40552e+08	1.7437e+08	1.27344e+08	1.38465e+08	1.40591e+08	1.62451e+08	1.57073e+08	1.51908e+08	1.94179e+08	1.64935e+08	1.96317e+08	1.81506e+08	1.55095e+08	1.27204e+08	1.24475e+08	1.25691e+08	1.10078e+08	1.34893e+08	1.70687e+08	1.70879e+08	1.71983e+08	1.26727e+08	1.25333e+08	1.2639e+08	1.14813e+08	1.35798e+08	1.34675e+08	1.15673e+08	1.35984e+08	1.1404e+08
ERR636889	2.02918e+08	2.86893e+08	2.5731e+08	2.84655e+08	2.60465e+08	2.00316e+08	2.54127e+08	2.31681e+08	2.23358e+08	2.23002e+08	2.56171e+08	2.5613e+08	2.61128e+08	3.10509e+08	3.15033e+08	2.5882e+08	4.09057e+08	2.6535e+08	2.84823e+08	2.05114e+08	2.64507e+08	2.60723e+08	2.08647e+08	2.92217e+08	1.78747e+08	1.79299e+08	2.37089e+08	2.53091e+08	1.69984e+08	2.72007e+08	1.93231e+08	2.58853e+08	2.44258e+08	2.57439e+08	2.41879e+08	2.68263e+08	2.31627e+08	2.69344e+08	2.71383e+08	2.72906e+08	2.31295e+08	2.40349e+08	2.15344e+08	2.13212e+08	2.23374e+08	2.22225e+08	2.97681e+08	3.04275e+08	1.65517e+08	1.65853e+08	1.6919e+08	1.64412e+08	1.33723e+08	1.87819e+08	1.93179e+08	1.86955e+08	2.44588e+08	1.866e+08	2.42191e+08	2.42547e+08	1.52876e+08	1.30703e+08	1.45133e+08	1.54915e+08	1.31294e+08	1.51125e+08	1.53016e+08	1.89832e+08	1.38513e+08	1.5064e+08	1.52961e+08	1.76692e+08	1.71237e+08	1.6525e+08	2.11547e+08	1.79785e+08	2.14026e+08	1.97813e+08	1.68946e+08	1.38597e+08	1.35571e+08	1.37036e+08	1.19842e+08	1.46999e+08	1.85661e+08	1.8582e+08	1.87067e+08	1.3793e+08	1.36448e+08	1.37563e+08	1.24656e+08	1.47684e+08	1.46482e+08	1.25682e+08	1.47815e+08	1.23745e+08
ERR636892	1.91942e+08	2.71066e+08	2.43335e+08	2.69203e+08	2.46328e+08	1.89367e+08	2.3921e+08	2.1796e+08	2.10121e+08	2.09781e+08	2.41045e+08	2.4111e+08	2.48522e+08	2.93473e+08	2.97569e+08	2.4625e+08	2.6535e+08	3.72407e+08	2.69203e+08	1.93688e+08	2.50019e+08	2.46574e+08	1.96855e+08	2.76108e+08	1.69386e+08	1.69896e+08	2.24423e+08	2.39569e+08	1.61215e+08	2.57376e+08	1.8327e+08	2.44756e+08	2.31062e+08	2.43453e+08	2.28804e+08	2.53731e+08	2.18542e+08	2.54181e+08	2.56072e+08	2.57552e+08	2.18176e+08	2.26707e+08	2.03757e+08	2.02435e+08	2.11306e+08	2.10336e+08	2.8157e+08	2.87778e+08	1.55831e+08	1.56059e+08	1.59443e+08	1.54934e+08	1.26176e+08	1.76895e+08	1.83092e+08	1.77178e+08	2.31651e+08	1.768e+08	2.2924e+08	2.29537e+08	1.44356e+08	1.2343e+08	1.36963e+08	1.46277e+08	1.2398e+08	1.42675e+08	1.44287e+08	1.7913e+08	1.30832e+08	1.42214e+08	1.44482e+08	1.66908e+08	1.61266e+08	1.56036e+08	1.99378e+08	1.6924e+08	2.01546e+08	1.864e+08	1.59218e+08	1.30698e+08	1.27792e+08	1.29173e+08	1.13165e+08	1.38696e+08	1.75278e+08	1.75523e+08	1.7672e+08	1.30298e+08	1.28758e+08	1.29917e+08	1.17634e+08	1.39214e+08	1.38084e+08	1.18651e+08	1.3938e+08	1.16884e+08
ERR626884	2.58251e+08	3.64265e+08	3.26672e+08	3.61748e+08	3.31132e+08	2.54268e+08	3.26345e+08	2.97152e+08	2.86012e+08	2.85239e+08	3.28905e+08	3.28598e+08	2.64792e+08	3.16952e+08	3.22301e+08	2.6254e+08	2.84823e+08	2.69203e+08	5.52847e+08	2.86038e+08	3.67009e+08	3.61522e+08	2.9087e+08	4.04641e+08	2.07896e+08	2.08305e+08	2.77009e+08	2.96072e+08	1.97363e+08	3.19184e+08	2.25176e+08	3.05509e+08	2.87204e+08	3.03445e+08	2.84376e+08	3.1623e+08	2.76164e+08	3.22515e+08	3.25233e+08	3.27041e+08	2.76162e+08	2.87151e+08	2.57527e+08	2.52599e+08	2.67215e+08	2.65599e+08	3.57599e+08	3.65724e+08	2.06221e+08	2.06454e+08	2.10535e+08	2.0503e+08	1.6596e+08	2.34014e+08	2.22743e+08	2.15684e+08	2.83292e+08	2.15259e+08	2.8073e+08	2.80817e+08	1.93579e+08	1.65435e+08	1.83741e+08	1.95834e+08	1.66145e+08	1.91112e+08	1.91537e+08	2.3798e+08	1.73605e+08	1.89043e+08	1.91818e+08	2.21319e+08	2.14971e+08	2.06456e+08	2.65687e+08	2.25727e+08	2.68851e+08	2.47909e+08	2.11712e+08	1.73899e+08	1.7007e+08	1.71797e+08	1.49838e+08	1.8421e+08	2.33022e+08	2.33405e+08	2.34844e+08	1.73844e+08	1.71782e+08	1.7317e+08	1.53411e+08	1.81943e+08	1.80501e+08	1.5479e+08	1.82238e+08	1.51912e+08
ERR626883	1.88762e+08	2.64182e+08	2.37198e+08	2.62352e+08	2.40276e+08	1.85724e+08	2.38134e+08	2.17229e+08	2.09257e+08	2.0873e+08	2.39865e+08	2.39599e+08	1.90612e+08	2.27974e+08	2.32015e+08	1.89098e+08	2.05114e+08	1.93688e+08	2.86038e+08	3.21655e+08	2.66099e+08	2.62211e+08	2.12963e+08	2.93091e+08	1.50242e+08	1.50422e+08	1.99712e+08	2.13419e+08	1.42381e+08	2.30318e+08	1.6141e+08	2.19837e+08	2.06451e+08	2.18208e+08	2.0428e+08	2.27326e+08	2.0095e+08	2.34188e+08	2.362e+08	2.37293e+08	2.00825e+08	2.08813e+08	1.86109e+08	1.81732e+08	1.93051e+08	1.91931e+08	2.57709e+08	2.63753e+08	1.46938e+08	1.47048e+08	1.4991e+08	1.46039e+08	1.17828e+08	1.66553e+08	1.61055e+08	1.55783e+08	2.04467e+08	1.557e+08	2.02652e+08	2.02825e+08	1.37443e+08	1.17304e+08	1.30524e+08	1.39002e+08	1.17809e+08	1.35682e+08	1.36003e+08	1.68994e+08	1.22984e+08	1.34109e+08	1.36002e+08	1.56743e+08	1.5344e+08	1.46626e+08	1.89697e+08	1.61117e+08	1.92092e+08	1.76585e+08	1.51135e+08	1.2426e+08	1.21574e+08	1.22776e+08	1.06798e+08	1.31507e+08	1.6539e+08	1.65608e+08	1.66666e+08	1.23375e+08	1.2192e+08	1.22851e+08	1.09446e+08	1.29835e+08	1.28794e+08	1.10402e+08	1.30062e+08	1.08132e+08
ERR626881	2.40401e+08	3.38792e+08	3.03912e+08	3.36478e+08	3.07898e+08	2.36867e+08	3.03322e+08	2.76238e+08	2.66015e+08	2.65312e+08	3.05729e+08	3.05267e+08	2.45996e+08	2.9421e+08	2.99162e+08	2.43891e+08	2.64507e+08	2.50019e+08	3.67009e+08	2.66099e+08	4.88141e+08	3.36848e+08	2.706e+08	3.76921e+08	1.93125e+08	1.93628e+08	2.5731e+08	2.75023e+08	1.83402e+08	2.96342e+08	2.0917e+08	2.83717e+08	2.66767e+08	2.8165e+08	2.64146e+08	2.93762e+08	2.5642e+08	2.99494e+08	3.01919e+08	3.03685e+08	2.56444e+08	2.66581e+08	2.39422e+08	2.34767e+08	2.48305e+08	2.47045e+08	3.32298e+08	3.39807e+08	1.90989e+08	1.91248e+08	1.95055e+08	1.89845e+08	1.53748e+08	2.16706e+08	2.07228e+08	2.00499e+08	2.633e+08	2.00254e+08	2.60786e+08	2.60931e+08	1.79166e+08	1.53021e+08	1.70039e+08	1.81158e+08	1.5377e+08	1.76922e+08	1.7735e+08	2.20241e+08	1.60447e+08	1.74927e+08	1.77404e+08	2.0485e+08	1.99325e+08	1.91309e+08	2.4622e+08	2.09114e+08	2.49123e+08	2.29709e+08	1.96097e+08	1.60994e+08	1.57438e+08	1.59234e+08	1.38827e+08	1.70516e+08	2.15861e+08	2.16079e+08	2.17401e+08	1.60764e+08	1.58831e+08	1.60124e+08	1.42375e+08	1.6886e+08	1.6741e+08	1.43538e+08	1.69037e+08	1.40839e+08
ERR626880	2.36721e+08	3.33851e+08	2.99551e+08	3.3118e+08	3.03204e+08	2.33084e+08	2.98163e+08	2.71519e+08	2.61197e+08	2.6078e+08	3.00428e+08	3.00256e+08	2.42652e+08	2.90197e+08	2.94963e+08	2.4053e+08	2.60723e+08	2.46574e+08	3.61522e+08	2.62211e+08	3.36848e+08	4.76378e+08	2.66572e+08	3.7156e+08	1.90352e+08	1.90844e+08	2.53566e+08	2.70898e+08	1.80823e+08	2.91779e+08	2.06284e+08	2.79222e+08	2.62581e+08	2.77331e+08	2.60016e+08	2.89174e+08	2.52287e+08	2.94476e+08	2.96796e+08	2.98536e+08	2.52214e+08	2.62159e+08	2.35985e+08	2.31828e+08	2.44677e+08	2.43529e+08	3.27384e+08	3.34608e+08	1.88163e+08	1.88429e+08	1.92345e+08	1.87192e+08	1.51826e+08	2.13496e+08	2.04349e+08	1.97818e+08	2.59544e+08	1.97589e+08	2.57201e+08	2.57226e+08	1.76354e+08	1.50772e+08	1.67553e+08	1.78447e+08	1.51534e+08	1.74196e+08	1.74831e+08	2.17182e+08	1.58388e+08	1.72425e+08	1.74942e+08	2.0218e+08	1.9625e+08	1.8892e+08	2.42474e+08	2.05928e+08	2.45354e+08	2.26363e+08	1.93319e+08	1.58696e+08	1.55225e+08	1.56854e+08	1.37008e+08	1.68272e+08	2.12987e+08	2.1329e+08	2.14761e+08	1.58516e+08	1.56768e+08	1.57898e+08	1.40222e+08	1.66446e+08	1.64922e+08	1.41462e+08	1.66593e+08	1.39019e+08
ERR626882	1.91906e+08	2.68692e+08	2.41043e+08	2.66584e+08	2.44273e+08	1.88851e+08	2.42286e+08	2.21248e+08	2.12951e+08	2.12426e+08	2.44295e+08	2.43898e+08	1.93692e+08	2.31779e+08	2.36007e+08	1.92196e+08	2.08647e+08	1.96855e+08	2.9087e+08	2.12963e+08	2.706e+08	2.66572e+08	3.30873e+08	2.98068e+08	1.52564e+08	1.52875e+08	2.02953e+08	2.1686e+08	1.44696e+08	2.34117e+08	1.64055e+08	2.23513e+08	2.09929e+08	2.2198e+08	2.07709e+08	2.31147e+08	2.04577e+08	2.3842e+08	2.4043e+08	2.41641e+08	2.04486e+08	2.1268e+08	1.89255e+08	1.84818e+08	1.96406e+08	1.95157e+08	2.62136e+08	2.68275e+08	1.4949e+08	1.49706e+08	1.52354e+08	1.48696e+08	1.19787e+08	1.69398e+08	1.63809e+08	1.58312e+08	2.08049e+08	1.58406e+08	2.06082e+08	2.06153e+08	1.3968e+08	1.19146e+08	1.32652e+08	1.4134e+08	1.1969e+08	1.37881e+08	1.38187e+08	1.7182e+08	1.24904e+08	1.36292e+08	1.38273e+08	1.59347e+08	1.56083e+08	1.49021e+08	1.92815e+08	1.63799e+08	1.95289e+08	1.79595e+08	1.53834e+08	1.26273e+08	1.23602e+08	1.24944e+08	1.08524e+08	1.33629e+08	1.67963e+08	1.68285e+08	1.69239e+08	1.25334e+08	1.23834e+08	1.24815e+08	1.11299e+08	1.32006e+08	1.31043e+08	1.12131e+08	1.32224e+08	1.09833e+08
ERR626879	2.64933e+08	3.73968e+08	3.35263e+08	3.71036e+08	3.39603e+08	2.60905e+08	3.34203e+08	3.04553e+08	2.93114e+08	2.92415e+08	3.37015e+08	3.3666e+08	2.71655e+08	3.25117e+08	3.30654e+08	2.69395e+08	2.92217e+08	2.76108e+08	4.04641e+08	2.93091e+08	3.76921e+08	3.7156e+08	2.98068e+08	5.78122e+08	2.13087e+08	2.13537e+08	2.84102e+08	3.03843e+08	2.0219e+08	3.27639e+08	2.31316e+08	3.13988e+08	2.95176e+08	3.1173e+08	2.92012e+08	3.24994e+08	2.83082e+08	3.30503e+08	3.33161e+08	3.35097e+08	2.82932e+08	2.94361e+08	2.64328e+08	2.59099e+08	2.74235e+08	2.72742e+08	3.6721e+08	3.75484e+08	2.11864e+08	2.1225e+08	2.16452e+08	2.10633e+08	1.70659e+08	2.40527e+08	2.28827e+08	2.21379e+08	2.9082e+08	2.21043e+08	2.8808e+08	2.88305e+08	1.9873e+08	1.69786e+08	1.88846e+08	2.01186e+08	1.70687e+08	1.96279e+08	1.96755e+08	2.44352e+08	1.78155e+08	1.94096e+08	1.96959e+08	2.27276e+08	2.21027e+08	2.12093e+08	2.7309e+08	2.3192e+08	2.76393e+08	2.54826e+08	2.17656e+08	1.78682e+08	1.74793e+08	1.7667e+08	1.54106e+08	1.89307e+08	2.39593e+08	2.39936e+08	2.41609e+08	1.78613e+08	1.76531e+08	1.77859e+08	1.58115e+08	1.87269e+08	1.85866e+08	1.59447e+08	1.87609e+08	1.56431e+08
ERR613232	1.46318e+08	2.05838e+08	1.84661e+08	2.04279e+08	1.87177e+08	1.44438e+08	1.95471e+08	1.78469e+08	1.7207e+08	1.71866e+08	1.96967e+08	1.97096e+08	1.66651e+08	1.98536e+08	2.01715e+08	1.65117e+08	1.78747e+08	1.69386e+08	2.07896e+08	1.50242e+08	1.93125e+08	1.90352e+08	1.52564e+08	2.13087e+08	2.62414e+08	1.66311e+08	2.18097e+08	2.32445e+08	1.5797e+08	2.49134e+08	1.46542e+08	1.96556e+08	1.85526e+08	1.95224e+08	1.83274e+08	2.03255e+08	1.86837e+08	2.15327e+08	2.1688e+08	2.18148e+08	1.86755e+08	1.93373e+08	1.69428e+08	1.66944e+08	1.75465e+08	1.74533e+08	2.33057e+08	2.38133e+08	1.31265e+08	1.31463e+08	1.34171e+08	1.30413e+08	1.06013e+08	1.48709e+08	1.49323e+08	1.44777e+08	1.88312e+08	1.44279e+08	1.86684e+08	1.86764e+08	1.34066e+08	1.16208e+08	1.27872e+08	1.35618e+08	1.16708e+08	1.32743e+08	1.3418e+08	1.64011e+08	1.22624e+08	1.32673e+08	1.34384e+08	1.53545e+08	1.36016e+08	1.3133e+08	1.67768e+08	1.42909e+08	1.69829e+08	1.56974e+08	1.34035e+08	1.10021e+08	1.07914e+08	1.0893e+08	9.54249e+07	1.16785e+08	1.61451e+08	1.61552e+08	1.62723e+08	1.23105e+08	1.21904e+08	1.22804e+08	9.77413e+07	1.15569e+08	1.14812e+08	9.849e+07	1.15853e+08	9.68019e+07
ERR613231	1.46703e+08	2.06407e+08	1.85309e+08	2.04848e+08	1.87562e+08	1.44774e+08	1.95835e+08	1.78675e+08	1.72423e+08	1.72196e+08	1.97315e+08	1.97534e+08	1.67248e+08	1.99292e+08	2.02249e+08	1.65572e+08	1.79299e+08	1.69896e+08	2.08305e+08	1.50422e+08	1.93628e+08	1.90844e+08	1.52875e+08	2.13537e+08	1.66311e+08	2.63167e+08	2.18393e+08	2.32772e+08	1.5829e+08	2.49508e+08	1.47018e+08	1.97201e+08	1.86072e+08	1.95704e+08	1.8371e+08	2.03959e+08	1.86771e+08	2.15391e+08	2.16987e+08	2.18318e+08	1.868e+08	1.93452e+08	1.70055e+08	1.67544e+08	1.76048e+08	1.7515e+08	2.33718e+08	2.38877e+08	1.31805e+08	1.32008e+08	1.34764e+08	1.30966e+08	1.06503e+08	1.49401e+08	1.4976e+08	1.45211e+08	1.88998e+08	1.44726e+08	1.87279e+08	1.87342e+08	1.34256e+08	1.16255e+08	1.28054e+08	1.35756e+08	1.16859e+08	1.32876e+08	1.34324e+08	1.64349e+08	1.22745e+08	1.32836e+08	1.34615e+08	1.53858e+08	1.36623e+08	1.32019e+08	1.68513e+08	1.43461e+08	1.70547e+08	1.57704e+08	1.34653e+08	1.10556e+08	1.08392e+08	1.09415e+08	9.58079e+07	1.17319e+08	1.61833e+08	1.61976e+08	1.63184e+08	1.23191e+08	1.22025e+08	1.22968e+08	9.82134e+07	1.1605e+08	1.15232e+08	9.89389e+07	1.16333e+08	9.7185e+07
ERR613229	1.94452e+08	2.74226e+08	2.45585e+08	2.71916e+08	2.48885e+08	1.91794e+08	2.59456e+08	2.36755e+08	2.2821e+08	2.27947e+08	2.61589e+08	2.61555e+08	2.20899e+08	2.6373e+08	2.67906e+08	2.1879e+08	2.37089e+08	2.24423e+08	2.77009e+08	1.99712e+08	2.5731e+08	2.53566e+08	2.02953e+08	2.84102e+08	2.18097e+08	2.18393e+08	4.18947e+08	3.08704e+08	2.0727e+08	3.31424e+08	1.94221e+08	2.61921e+08	2.46913e+08	2.60021e+08	2.43792e+08	2.70933e+08	2.47489e+08	2.8563e+08	2.87711e+08	2.89448e+08	2.47407e+08	2.56342e+08	2.24565e+08	2.20889e+08	2.32569e+08	2.31623e+08	3.10143e+08	3.16875e+08	1.76151e+08	1.76524e+08	1.80209e+08	1.75095e+08	1.42177e+08	1.99874e+08	1.97194e+08	1.90821e+08	2.49559e+08	1.90619e+08	2.47261e+08	2.47427e+08	1.7912e+08	1.54999e+08	1.708e+08	1.81082e+08	1.55808e+08	1.77233e+08	1.79142e+08	2.19361e+08	1.6372e+08	1.77168e+08	1.7961e+08	2.05262e+08	1.82467e+08	1.75813e+08	2.25282e+08	1.9167e+08	2.28017e+08	2.10581e+08	1.79869e+08	1.47535e+08	1.4469e+08	1.46037e+08	1.27794e+08	1.56628e+08	2.15909e+08	2.16089e+08	2.17716e+08	1.64375e+08	1.62714e+08	1.64037e+08	1.31532e+08	1.55675e+08	1.54563e+08	1.32517e+08	1.5596e+08	1.30056e+08
ERR613228	2.07585e+08	2.92781e+08	2.62262e+08	2.9027e+08	2.65652e+08	2.04652e+08	2.76706e+08	2.52492e+08	2.4333e+08	2.43008e+08	2.78837e+08	2.78972e+08	2.35774e+08	2.81496e+08	2.86242e+08	2.33451e+08	2.53091e+08	2.39569e+08	2.96072e+08	2.13419e+08	2.75023e+08	2.70898e+08	2.1686e+08	3.03843e+08	2.32445e+08	2.32772e+08	3.08704e+08	4.68283e+08	2.2075e+08	3.53828e+08	2.07135e+08	2.79582e+08	2.63382e+08	2.77486e+08	2.60154e+08	2.89214e+08	2.64677e+08	3.05372e+08	3.07594e+08	3.09471e+08	2.64612e+08	2.74148e+08	2.39543e+08	2.35429e+08	2.48209e+08	2.4688e+08	3.31044e+08	3.38362e+08	1.88832e+08	1.89285e+08	1.93057e+08	1.87652e+08	1.52312e+08	2.14174e+08	2.09912e+08	2.03328e+08	2.66079e+08	2.02882e+08	2.63557e+08	2.6355e+08	1.92292e+08	1.66326e+08	1.83328e+08	1.94351e+08	1.67296e+08	1.9025e+08	1.92187e+08	2.35171e+08	1.75496e+08	1.90069e+08	1.9258e+08	2.19979e+08	1.95562e+08	1.88114e+08	2.41294e+08	2.05404e+08	2.44091e+08	2.25419e+08	1.92669e+08	1.58132e+08	1.55138e+08	1.56605e+08	1.36883e+08	1.67868e+08	2.31515e+08	2.31798e+08	2.33439e+08	1.76333e+08	1.74565e+08	1.7601e+08	1.40594e+08	1.66345e+08	1.65225e+08	1.41679e+08	1.66723e+08	1.39097e+08
ERR613230	1.38916e+08	1.95417e+08	1.75497e+08	1.9411e+08	1.77816e+08	1.37077e+08	1.85132e+08	1.68919e+08	1.62989e+08	1.62724e+08	1.86538e+08	1.86717e+08	1.58671e+08	1.88806e+08	1.91666e+08	1.57196e+08	1.69984e+08	1.61215e+08	1.97363e+08	1.42381e+08	1.83402e+08	1.80823e+08	1.44696e+08	2.0219e+08	1.5797e+08	1.5829e+08	2.0727e+08	2.2075e+08	2.41696e+08	2.36451e+08	1.39742e+08	1.86866e+08	1.76399e+08	1.85397e+08	1.74254e+08	1.93186e+08	1.77259e+08	2.04263e+08	2.05729e+08	2.06995e+08	1.77284e+08	1.83553e+08	1.61162e+08	1.59204e+08	1.6677e+08	1.66123e+08	2.21484e+08	2.26352e+08	1.24284e+08	1.24516e+08	1.27226e+08	1.23415e+08	1.00626e+08	1.40867e+08	1.42125e+08	1.37697e+08	1.79098e+08	1.37272e+08	1.77497e+08	1.77544e+08	1.27156e+08	1.10231e+08	1.21344e+08	1.28612e+08	1.1076e+08	1.25884e+08	1.27359e+08	1.55606e+08	1.16327e+08	1.25948e+08	1.27617e+08	1.45786e+08	1.28844e+08	1.24666e+08	1.59037e+08	1.35306e+08	1.60809e+08	1.48784e+08	1.26957e+08	1.04215e+08	1.02247e+08	1.03206e+08	9.05403e+07	1.10589e+08	1.53323e+08	1.53509e+08	1.54614e+08	1.16783e+08	1.15688e+08	1.16603e+08	9.27553e+07	1.09734e+08	1.08956e+08	9.35225e+07	1.10038e+08	9.20361e+07
ERR613227	2.24145e+08	3.1582e+08	2.82647e+08	3.13281e+08	2.86579e+08	2.20942e+08	2.99667e+08	2.73899e+08	2.63843e+08	2.63529e+08	3.02106e+08	3.02108e+08	2.5304e+08	3.0256e+08	3.08021e+08	2.50756e+08	2.72007e+08	2.57376e+08	3.19184e+08	2.30318e+08	2.96342e+08	2.91779e+08	2.34117e+08	3.27639e+08	2.49134e+08	2.49508e+08	3.31424e+08	3.53828e+08	2.36451e+08	5.31101e+08	2.22132e+08	3.0164e+08	2.83673e+08	2.99114e+08	2.80236e+08	3.11592e+08	2.85333e+08	3.29416e+08	3.31861e+08	3.33885e+08	2.85237e+08	2.95855e+08	2.57759e+08	2.52569e+08	2.67309e+08	2.65754e+08	3.56782e+08	3.64846e+08	2.04353e+08	2.04639e+08	2.08716e+08	2.03011e+08	1.64035e+08	2.31522e+08	2.25526e+08	2.18197e+08	2.86277e+08	2.18028e+08	2.83768e+08	2.83783e+08	2.06456e+08	1.78313e+08	1.96798e+08	2.08715e+08	1.7917e+08	2.04215e+08	2.0607e+08	2.52848e+08	1.88011e+08	2.03813e+08	2.06368e+08	2.35739e+08	2.11657e+08	2.02595e+08	2.61191e+08	2.22301e+08	2.64359e+08	2.43502e+08	2.08212e+08	1.71041e+08	1.67698e+08	1.69395e+08	1.4748e+08	1.81398e+08	2.48305e+08	2.48619e+08	2.50376e+08	1.89064e+08	1.87287e+08	1.8872e+08	1.51966e+08	1.79983e+08	1.78798e+08	1.53181e+08	1.80439e+08	1.50039e+08
ERR608647	1.61621e+08	2.2939e+08	2.05919e+08	2.27741e+08	2.08425e+08	1.59587e+08	2.10949e+08	1.91931e+08	1.85012e+08	1.84846e+08	2.1242e+08	2.12577e+08	1.80396e+08	2.1433e+08	2.1733e+08	1.78888e+08	1.93231e+08	1.8327e+08	2.25176e+08	1.6141e+08	2.0917e+08	2.06284e+08	1.64055e+08	2.31316e+08	1.46542e+08	1.47018e+08	1.94221e+08	2.07135e+08	1.39742e+08	2.22132e+08	2.8631e+08	2.40214e+08	2.27525e+08	2.38655e+08	2.25327e+08	2.49203e+08	1.88082e+08	2.20027e+08	2.21888e+08	2.23078e+08	1.88134e+08	1.95465e+08	1.80047e+08	1.78579e+08	1.86513e+08	1.85457e+08	2.48248e+08	2.53601e+08	1.3901e+08	1.39233e+08	1.42372e+08	1.38173e+08	1.12999e+08	1.57832e+08	1.62426e+08	1.5734e+08	2.05335e+08	1.56834e+08	2.03543e+08	2.037e+08	1.262e+08	1.07659e+08	1.19651e+08	1.27845e+08	1.08176e+08	1.24663e+08	1.25981e+08	1.56858e+08	1.13986e+08	1.24062e+08	1.26222e+08	1.46247e+08	1.43821e+08	1.3986e+08	1.77717e+08	1.50959e+08	1.79504e+08	1.66442e+08	1.41248e+08	1.15893e+08	1.13377e+08	1.14501e+08	1.00649e+08	1.23015e+08	1.54112e+08	1.54319e+08	1.55498e+08	1.13888e+08	1.12677e+08	1.13574e+08	1.05493e+08	1.2482e+08	1.23659e+08	1.06351e+08	1.24808e+08	1.05027e+08
ERR608650	2.19834e+08	3.108e+08	2.77988e+08	3.08224e+08	2.81952e+08	2.16722e+08	2.90083e+08	2.64825e+08	2.54794e+08	2.54621e+08	2.92325e+08	2.9222e+08	2.40869e+08	2.87501e+08	2.92824e+08	2.38888e+08	2.58853e+08	2.44756e+08	3.05509e+08	2.19837e+08	2.83717e+08	2.79222e+08	2.23513e+08	3.13988e+08	1.96556e+08	1.97201e+08	2.61921e+08	2.79582e+08	1.86866e+08	3.0164e+08	2.40214e+08	4.69514e+08	3.06714e+08	3.23254e+08	3.02052e+08	3.35428e+08	2.58967e+08	3.02289e+08	3.05216e+08	3.06704e+08	2.59172e+08	2.6944e+08	2.42278e+08	2.37793e+08	2.51223e+08	2.49649e+08	3.35648e+08	3.43212e+08	1.90926e+08	1.91209e+08	1.94904e+08	1.89823e+08	1.53468e+08	2.16492e+08	2.17469e+08	2.10447e+08	2.76634e+08	2.10223e+08	2.74176e+08	2.74322e+08	1.73485e+08	1.47539e+08	1.64444e+08	1.75676e+08	1.48279e+08	1.71225e+08	1.72299e+08	2.14938e+08	1.55571e+08	1.69781e+08	1.72357e+08	1.99242e+08	1.97241e+08	1.88843e+08	2.43729e+08	2.07115e+08	2.46587e+08	2.27211e+08	1.93798e+08	1.59167e+08	1.55795e+08	1.57306e+08	1.36921e+08	1.68574e+08	2.10242e+08	2.10604e+08	2.12115e+08	1.56159e+08	1.5435e+08	1.55576e+08	1.43712e+08	1.70328e+08	1.68843e+08	1.44839e+08	1.70479e+08	1.42126e+08
ERR608652	2.06447e+08	2.92432e+08	2.6174e+08	2.90183e+08	2.65251e+08	2.03814e+08	2.71938e+08	2.47907e+08	2.38772e+08	2.38407e+08	2.73981e+08	2.73945e+08	2.27337e+08	2.71191e+08	2.7591e+08	2.25482e+08	2.44258e+08	2.31062e+08	2.87204e+08	2.06451e+08	2.66767e+08	2.62581e+08	2.09929e+08	2.95176e+08	1.85526e+08	1.86072e+08	2.46913e+08	2.63382e+08	1.76399e+08	2.83673e+08	2.27525e+08	3.06714e+08	4.24003e+08	3.04557e+08	2.85134e+08	3.1607e+08	2.42453e+08	2.8322e+08	2.85897e+08	2.87399e+08	2.42542e+08	2.52117e+08	2.28472e+08	2.2483e+08	2.36826e+08	2.35469e+08	3.15969e+08	3.23133e+08	1.78936e+08	1.79304e+08	1.82954e+08	1.78089e+08	1.44456e+08	2.02995e+08	2.05483e+08	1.9865e+08	2.60853e+08	1.98514e+08	2.58479e+08	2.58607e+08	1.62441e+08	1.38314e+08	1.5411e+08	1.64541e+08	1.39003e+08	1.60527e+08	1.61615e+08	2.01511e+08	1.45969e+08	1.59289e+08	1.61785e+08	1.87163e+08	1.84917e+08	1.77995e+08	2.28477e+08	1.94065e+08	2.31003e+08	2.13181e+08	1.81633e+08	1.49125e+08	1.45841e+08	1.47467e+08	1.28669e+08	1.5806e+08	1.97379e+08	1.97711e+08	1.99009e+08	1.46467e+08	1.44753e+08	1.45894e+08	1.34995e+08	1.60014e+08	1.58683e+08	1.36209e+08	1.60283e+08	1.3385e+08
