	ERR637059	ERR637060	ERR637062	ERR637057	ERR637061	ERR637058	ERR622146	ERR622144	ERR622143	ERR622148	ERR622147	ERR622145	ERR630295	ERR630292	ERR630293	ERR630290	ERR630291	ERR630294	ERR636746	ERR636747	ERR636745	ERR636749	ERR636750	ERR636748	ERR607762	ERR607759	ERR607761	ERR607760	ERR637124	ERR637123	ERR608374	ERR608375	ERR608373	ERR608376	ERR608372	ERR608371	ERR607785	ERR607781	ERR607783	ERR607784	ERR607786	ERR607782	ERR631830	ERR631828	ERR631827	ERR631825	ERR631826	ERR631829	ERR626593	ERR626592	ERR626590	ERR626594	ERR626591	ERR626595	ERR618690	ERR618687	ERR618689	ERR618688	ERR618692	ERR618691	ERR607428	ERR607432	ERR607427	ERR607429	ERR607430	ERR607431	ERR616280	ERR616279	ERR616278	ERR616281	ERR616277	ERR616282	ERR607580	ERR607583	ERR607584	ERR607582	ERR607581	ERR607579	ERR608246	ERR608247	ERR608245	ERR608248	ERR608250	ERR608249	ERR626676	ERR626679	ERR626675	ERR626677	ERR626678	ERR626674	ERR618429	ERR618431	ERR618430	ERR618433	ERR618432	ERR618434
ERR637059	5.70099e+08	3.84527e+08	3.92196e+08	3.7493e+08	3.85514e+08	4.051e+08	2.51187e+08	3.0553e+08	2.38689e+08	2.4334e+08	2.47444e+08	3.28506e+08	1.81715e+08	1.53222e+08	1.94744e+08	1.46174e+08	1.79786e+08	1.81989e+08	2.71822e+08	2.69558e+08	2.48095e+08	2.83572e+08	2.878e+08	2.82414e+08	2.69202e+08	3.80192e+08	2.75525e+08	2.70339e+08	3.81166e+08	3.62235e+08	2.7999e+08	2.84882e+08	3.42554e+08	2.87671e+08	3.42224e+08	3.1398e+08	3.37706e+08	3.40491e+08	3.4174e+08	2.72238e+08	3.41413e+08	2.84285e+08	1.9226e+08	1.85986e+08	2.14686e+08	1.95306e+08	1.7933e+08	1.92192e+08	1.71538e+08	1.7254e+08	2.3968e+08	1.75763e+08	2.08568e+08	1.69174e+08	2.17968e+08	2.26827e+08	2.13824e+08	2.11788e+08	2.25366e+08	2.20465e+08	2.07671e+08	2.59215e+08	2.0149e+08	1.9955e+08	2.60323e+08	2.58188e+08	1.90695e+08	2.00461e+08	1.53226e+08	2.09199e+08	1.41989e+08	2.08338e+08	1.59142e+08	2.02209e+08	2.02221e+08	2.0423e+08	1.5313e+08	1.54303e+08	1.61471e+08	1.83604e+08	1.18396e+08	1.51838e+08	1.41642e+08	1.50663e+08	1.66343e+08	2.04885e+08	2.08157e+08	2.03632e+08	2.05024e+08	2.30468e+08	2.14184e+08	1.9639e+08	1.77535e+08	2.00483e+08	1.93598e+08	2.02185e+08
ERR637060	3.84527e+08	5.10595e+08	3.70376e+08	3.51994e+08	3.64108e+08	3.80343e+08	2.36363e+08	2.87279e+08	2.24255e+08	2.28935e+08	2.3294e+08	3.08702e+08	1.70277e+08	1.44082e+08	1.82509e+08	1.37229e+08	1.68669e+08	1.70474e+08	2.56334e+08	2.54049e+08	2.34048e+08	2.67195e+08	2.71211e+08	2.66105e+08	2.54064e+08	3.57653e+08	2.59967e+08	2.55265e+08	3.58967e+08	3.41092e+08	2.63867e+08	2.68443e+08	3.22055e+08	2.71042e+08	3.22108e+08	2.95538e+08	3.17982e+08	3.20616e+08	3.22034e+08	2.56752e+08	3.21426e+08	2.67869e+08	1.79484e+08	1.73402e+08	2.00378e+08	1.82419e+08	1.67399e+08	1.79338e+08	1.60405e+08	1.61069e+08	2.23833e+08	1.64239e+08	1.94777e+08	1.58066e+08	2.03875e+08	2.1189e+08	1.99928e+08	1.9785e+08	2.10731e+08	2.06051e+08	1.93595e+08	2.41965e+08	1.87886e+08	1.8597e+08	2.42881e+08	2.40972e+08	1.78154e+08	1.87611e+08	1.43337e+08	1.95489e+08	1.32764e+08	1.94711e+08	1.48545e+08	1.89002e+08	1.89004e+08	1.90827e+08	1.42949e+08	1.43959e+08	1.50971e+08	1.71736e+08	1.10564e+08	1.41907e+08	1.32295e+08	1.40699e+08	1.55981e+08	1.92442e+08	1.95346e+08	1.91252e+08	1.92466e+08	2.16065e+08	1.99545e+08	1.82967e+08	1.65284e+08	1.86906e+08	1.80545e+08	1.88558e+08
ERR637062	3.92196e+08	3.70376e+08	5.29103e+08	3.58907e+08	3.71503e+08	3.87928e+08	2.41277e+08	2.93195e+08	2.2887e+08	2.33581e+08	2.37738e+08	3.15293e+08	1.7464e+08	1.47924e+08	1.87238e+08	1.4079e+08	1.73391e+08	1.75014e+08	2.61526e+08	2.58947e+08	2.38773e+08	2.72417e+08	2.76585e+08	2.71381e+08	2.59207e+08	3.65181e+08	2.65293e+08	2.60561e+08	3.6659e+08	3.4839e+08	2.69263e+08	2.73987e+08	3.28906e+08	2.76825e+08	3.28967e+08	3.01666e+08	3.24713e+08	3.27391e+08	3.28559e+08	2.61815e+08	3.28045e+08	2.73225e+08	1.83708e+08	1.77614e+08	2.05223e+08	1.86623e+08	1.7149e+08	1.83554e+08	1.6425e+08	1.65005e+08	2.29296e+08	1.68291e+08	1.99599e+08	1.62008e+08	2.08436e+08	2.16746e+08	2.04538e+08	2.02414e+08	2.1559e+08	2.10549e+08	1.98405e+08	2.47738e+08	1.92371e+08	1.90473e+08	2.48876e+08	2.46789e+08	1.82489e+08	1.92143e+08	1.46884e+08	2.00171e+08	1.35922e+08	1.99398e+08	1.52138e+08	1.9364e+08	1.93503e+08	1.95504e+08	1.4641e+08	1.47523e+08	1.54859e+08	1.76158e+08	1.13244e+08	1.45394e+08	1.355e+08	1.44225e+08	1.59203e+08	1.96547e+08	1.9965e+08	1.95418e+08	1.96678e+08	2.20932e+08	2.04358e+08	1.87335e+08	1.69166e+08	1.91386e+08	1.84834e+08	1.9319e+08
ERR637057	3.7493e+08	3.51994e+08	3.58907e+08	4.87781e+08	3.5297e+08	3.70726e+08	2.30205e+08	2.7969e+08	2.18756e+08	2.2304e+08	2.26848e+08	3.00571e+08	1.65037e+08	1.39567e+08	1.77025e+08	1.33057e+08	1.63436e+08	1.65446e+08	2.49602e+08	2.4739e+08	2.27933e+08	2.6014e+08	2.63997e+08	2.59043e+08	2.47287e+08	3.47782e+08	2.52986e+08	2.48508e+08	3.49042e+08	3.32008e+08	2.56989e+08	2.61438e+08	3.13537e+08	2.64067e+08	3.13807e+08	2.8789e+08	3.09783e+08	3.12289e+08	3.13514e+08	2.50267e+08	3.13073e+08	2.61263e+08	1.74276e+08	1.68547e+08	1.94752e+08	1.77318e+08	1.62661e+08	1.74163e+08	1.55825e+08	1.56498e+08	2.17366e+08	1.59419e+08	1.89271e+08	1.53487e+08	1.9835e+08	2.06343e+08	1.94642e+08	1.92659e+08	2.05092e+08	2.00504e+08	1.88271e+08	2.34877e+08	1.82594e+08	1.80829e+08	2.35925e+08	2.34094e+08	1.73042e+08	1.82025e+08	1.3917e+08	1.89896e+08	1.289e+08	1.89165e+08	1.44253e+08	1.83408e+08	1.83442e+08	1.85199e+08	1.38973e+08	1.39792e+08	1.46533e+08	1.66554e+08	1.07349e+08	1.37678e+08	1.28395e+08	1.36612e+08	1.51918e+08	1.87217e+08	1.90288e+08	1.861e+08	1.87335e+08	2.10447e+08	1.93977e+08	1.78018e+08	1.60762e+08	1.81689e+08	1.75466e+08	1.83242e+08
ERR637061	3.85514e+08	3.64108e+08	3.71503e+08	3.5297e+08	5.13379e+08	3.81246e+08	2.37186e+08	2.88064e+08	2.24947e+08	2.29626e+08	2.33589e+08	3.09855e+08	1.71193e+08	1.44867e+08	1.83349e+08	1.37994e+08	1.69669e+08	1.71549e+08	2.57243e+08	2.54795e+08	2.34741e+08	2.68021e+08	2.71963e+08	2.66962e+08	2.54845e+08	3.58431e+08	2.60718e+08	2.55957e+08	3.59725e+08	3.42011e+08	2.6468e+08	2.69328e+08	3.22997e+08	2.71985e+08	3.23346e+08	2.9634e+08	3.18922e+08	3.21478e+08	3.22854e+08	2.57369e+08	3.22254e+08	2.686e+08	1.80115e+08	1.74258e+08	2.01288e+08	1.82992e+08	1.6818e+08	1.80063e+08	1.60999e+08	1.61689e+08	2.24719e+08	1.64831e+08	1.95624e+08	1.58822e+08	2.04622e+08	2.12875e+08	2.0066e+08	1.98581e+08	2.11496e+08	2.06753e+08	1.94302e+08	2.42805e+08	1.88506e+08	1.86754e+08	2.43787e+08	2.41943e+08	1.78983e+08	1.88362e+08	1.43905e+08	1.96191e+08	1.33244e+08	1.95547e+08	1.49085e+08	1.89767e+08	1.89795e+08	1.91528e+08	1.43595e+08	1.44617e+08	1.51753e+08	1.72568e+08	1.10941e+08	1.42502e+08	1.32827e+08	1.41413e+08	1.56402e+08	1.93082e+08	1.96039e+08	1.91768e+08	1.93198e+08	2.16793e+08	2.00322e+08	1.83718e+08	1.65972e+08	1.87738e+08	1.81257e+08	1.89268e+08
ERR637058	4.051e+08	3.80343e+08	3.87928e+08	3.70726e+08	3.81246e+08	5.59309e+08	2.48495e+08	3.0212e+08	2.35402e+08	2.40705e+08	2.44712e+08	3.24768e+08	1.80885e+08	1.53391e+08	1.93862e+08	1.45927e+08	1.79685e+08	1.8124e+08	2.69163e+08	2.66417e+08	2.45539e+08	2.80303e+08	2.84532e+08	2.79085e+08	2.66782e+08	3.7631e+08	2.73104e+08	2.68145e+08	3.78028e+08	3.59003e+08	2.77673e+08	2.82836e+08	3.39125e+08	2.85471e+08	3.39427e+08	3.1099e+08	3.34659e+08	3.37635e+08	3.38893e+08	2.69675e+08	3.38289e+08	2.81524e+08	1.9026e+08	1.83922e+08	2.12735e+08	1.93283e+08	1.77679e+08	1.90085e+08	1.70256e+08	1.70694e+08	2.37614e+08	1.74354e+08	2.06831e+08	1.67714e+08	2.15555e+08	2.24261e+08	2.11411e+08	2.09256e+08	2.23111e+08	2.17844e+08	2.05254e+08	2.56466e+08	1.99094e+08	1.97166e+08	2.57603e+08	2.55632e+08	1.88998e+08	1.99064e+08	1.52138e+08	2.07215e+08	1.40637e+08	2.0654e+08	1.57584e+08	2.00598e+08	2.00629e+08	2.02564e+08	1.51661e+08	1.52813e+08	1.60173e+08	1.82204e+08	1.17107e+08	1.50449e+08	1.40192e+08	1.49079e+08	1.64408e+08	2.032e+08	2.06327e+08	2.01793e+08	2.03248e+08	2.28396e+08	2.11484e+08	1.93854e+08	1.75108e+08	1.98235e+08	1.91451e+08	1.99922e+08
ERR622146	2.51187e+08	2.36363e+08	2.41277e+08	2.30205e+08	2.37186e+08	2.48495e+08	3.02877e+08	2.36099e+08	1.85581e+08	1.90856e+08	1.94086e+08	2.53088e+08	1.21268e+08	1.02905e+08	1.30062e+08	9.78515e+07	1.20566e+08	1.21587e+08	1.97954e+08	1.96138e+08	1.81129e+08	2.06093e+08	2.09173e+08	2.0531e+08	1.77077e+08	2.49122e+08	1.8119e+08	1.77887e+08	2.50011e+08	2.37515e+08	1.84187e+08	1.87492e+08	2.23812e+08	1.88929e+08	2.24018e+08	2.05724e+08	2.36589e+08	2.38286e+08	2.39136e+08	1.92065e+08	2.39034e+08	1.99882e+08	1.25898e+08	1.2164e+08	1.40723e+08	1.27925e+08	1.17483e+08	1.2576e+08	1.13513e+08	1.13847e+08	1.58384e+08	1.16217e+08	1.37777e+08	1.1183e+08	1.46186e+08	1.51747e+08	1.43297e+08	1.41821e+08	1.51226e+08	1.47616e+08	1.35717e+08	1.69676e+08	1.3169e+08	1.30376e+08	1.70443e+08	1.691e+08	1.26497e+08	1.32936e+08	1.01701e+08	1.38563e+08	9.41781e+07	1.37991e+08	1.04816e+08	1.33346e+08	1.33278e+08	1.34487e+08	1.00765e+08	1.01558e+08	1.05785e+08	1.20399e+08	7.74456e+07	9.93232e+07	9.25806e+07	9.85689e+07	1.08552e+08	1.34238e+08	1.36314e+08	1.33495e+08	1.34485e+08	1.50845e+08	1.40138e+08	1.28551e+08	1.16019e+08	1.31506e+08	1.26966e+08	1.32577e+08
ERR622144	3.0553e+08	2.87279e+08	2.93195e+08	2.7969e+08	2.88064e+08	3.0212e+08	2.36099e+08	4.18566e+08	2.24814e+08	2.28744e+08	2.32804e+08	3.0764e+08	1.48884e+08	1.26029e+08	1.59586e+08	1.20006e+08	1.47575e+08	1.49271e+08	2.39637e+08	2.37469e+08	2.18971e+08	2.49444e+08	2.53414e+08	2.48584e+08	2.15577e+08	3.04185e+08	2.20614e+08	2.16547e+08	3.05151e+08	2.89739e+08	2.23593e+08	2.27531e+08	2.72456e+08	2.2955e+08	2.72612e+08	2.50261e+08	2.86852e+08	2.88823e+08	2.89925e+08	2.32294e+08	2.89512e+08	2.41908e+08	1.55233e+08	1.50181e+08	1.7358e+08	1.57691e+08	1.44815e+08	1.55194e+08	1.3973e+08	1.4043e+08	1.9511e+08	1.43092e+08	1.69711e+08	1.37801e+08	1.80178e+08	1.87024e+08	1.76713e+08	1.74851e+08	1.86305e+08	1.81941e+08	1.67464e+08	2.09286e+08	1.62468e+08	1.60769e+08	2.1018e+08	2.08505e+08	1.55505e+08	1.63428e+08	1.25084e+08	1.70543e+08	1.15837e+08	1.69785e+08	1.29096e+08	1.64251e+08	1.64111e+08	1.65777e+08	1.24244e+08	1.25239e+08	1.30226e+08	1.48037e+08	9.55119e+07	1.22387e+08	1.14179e+08	1.21429e+08	1.34018e+08	1.6548e+08	1.68086e+08	1.6444e+08	1.65739e+08	1.8606e+08	1.72973e+08	1.58719e+08	1.43289e+08	1.62056e+08	1.56434e+08	1.63506e+08
ERR622143	2.38689e+08	2.24255e+08	2.2887e+08	2.18756e+08	2.24947e+08	2.35402e+08	1.85581e+08	2.24814e+08	2.77864e+08	1.79905e+08	1.82971e+08	2.40034e+08	1.11594e+08	9.33039e+07	1.19678e+08	8.92476e+07	1.0945e+08	1.1187e+08	1.87297e+08	1.86182e+08	1.71965e+08	1.95699e+08	1.98455e+08	1.95015e+08	1.66966e+08	2.35099e+08	1.70806e+08	1.67576e+08	2.35284e+08	2.24029e+08	1.72727e+08	1.75509e+08	2.10935e+08	1.76969e+08	2.10329e+08	1.93615e+08	2.23393e+08	2.24328e+08	2.25129e+08	1.81623e+08	2.25391e+08	1.89329e+08	1.18179e+08	1.1421e+08	1.31666e+08	1.19878e+08	1.09945e+08	1.18038e+08	1.05778e+08	1.06931e+08	1.47849e+08	1.08264e+08	1.28629e+08	1.04185e+08	1.37839e+08	1.43269e+08	1.35354e+08	1.34104e+08	1.42409e+08	1.39199e+08	1.27651e+08	1.59167e+08	1.23976e+08	1.22484e+08	1.59721e+08	1.58448e+08	1.1795e+08	1.23379e+08	9.4588e+07	1.29266e+08	8.77137e+07	1.28761e+08	9.80951e+07	1.24303e+08	1.24286e+08	1.25478e+08	9.42354e+07	9.513e+07	9.84554e+07	1.11846e+08	7.27459e+07	9.29466e+07	8.65849e+07	9.22003e+07	1.02912e+08	1.26088e+08	1.28279e+08	1.25277e+08	1.26164e+08	1.41714e+08	1.32202e+08	1.21497e+08	1.09858e+08	1.2355e+08	1.193e+08	1.24654e+08
ERR622148	2.4334e+08	2.28935e+08	2.33581e+08	2.2304e+08	2.29626e+08	2.40705e+08	1.90856e+08	2.28744e+08	1.79905e+08	2.87527e+08	1.88141e+08	2.44975e+08	1.17041e+08	9.94142e+07	1.25552e+08	9.45319e+07	1.16314e+08	1.17367e+08	1.91513e+08	1.89826e+08	1.7523e+08	1.99428e+08	2.02334e+08	1.98796e+08	1.71157e+08	2.40815e+08	1.75165e+08	1.71965e+08	2.41827e+08	2.29605e+08	1.77869e+08	1.81016e+08	2.16243e+08	1.82579e+08	2.16293e+08	1.98632e+08	2.2898e+08	2.30663e+08	2.31482e+08	1.85966e+08	2.31204e+08	1.93553e+08	1.21584e+08	1.17566e+08	1.36e+08	1.23586e+08	1.13497e+08	1.21527e+08	1.0951e+08	1.09869e+08	1.52928e+08	1.12166e+08	1.33089e+08	1.08069e+08	1.41152e+08	1.46624e+08	1.38409e+08	1.36889e+08	1.45934e+08	1.42547e+08	1.3123e+08	1.63915e+08	1.27153e+08	1.25875e+08	1.64464e+08	1.6324e+08	1.21937e+08	1.28293e+08	9.81672e+07	1.33797e+08	9.09105e+07	1.33191e+08	1.01101e+08	1.28626e+08	1.2869e+08	1.29925e+08	9.73439e+07	9.80884e+07	1.02143e+08	1.16123e+08	7.47311e+07	9.59067e+07	8.94132e+07	9.50555e+07	1.04845e+08	1.29638e+08	1.31471e+08	1.28795e+08	1.29636e+08	1.45498e+08	1.35278e+08	1.24037e+08	1.12045e+08	1.26881e+08	1.22473e+08	1.27941e+08
ERR622147	2.47444e+08	2.3294e+08	2.37738e+08	2.26848e+08	2.33589e+08	2.44712e+08	1.94086e+08	2.32804e+08	1.82971e+08	1.88141e+08	2.95583e+08	2.49194e+08	1.1925e+08	1.01153e+08	1.27876e+08	9.62245e+07	1.18488e+08	1.19579e+08	1.94849e+08	1.93189e+08	1.78257e+08	2.02845e+08	2.05847e+08	2.0211e+08	1.74433e+08	2.45295e+08	1.78465e+08	1.7511e+08	2.46231e+08	2.33806e+08	1.81261e+08	1.84544e+08	2.20339e+08	1.86057e+08	2.20482e+08	2.02381e+08	2.33098e+08	2.34866e+08	2.35643e+08	1.89295e+08	2.3546e+08	1.97001e+08	1.23779e+08	1.19602e+08	1.38343e+08	1.25727e+08	1.1552e+08	1.23621e+08	1.11601e+08	1.11976e+08	1.55731e+08	1.14321e+08	1.35524e+08	1.10134e+08	1.43694e+08	1.49169e+08	1.40956e+08	1.39342e+08	1.48703e+08	1.45185e+08	1.33412e+08	1.66726e+08	1.2948e+08	1.28173e+08	1.67515e+08	1.662e+08	1.24249e+08	1.30739e+08	9.99883e+07	1.36246e+08	9.25986e+07	1.35677e+08	1.02997e+08	1.31097e+08	1.30986e+08	1.3219e+08	9.91763e+07	9.97808e+07	1.04074e+08	1.18405e+08	7.61609e+07	9.76983e+07	9.10434e+07	9.68646e+07	1.0685e+08	1.32093e+08	1.34044e+08	1.31372e+08	1.32227e+08	1.48348e+08	1.37781e+08	1.26324e+08	1.14148e+08	1.29253e+08	1.24755e+08	1.30331e+08
ERR622145	3.28506e+08	3.08702e+08	3.15293e+08	3.00571e+08	3.09855e+08	3.24768e+08	2.53088e+08	3.0764e+08	2.40034e+08	2.44975e+08	2.49194e+08	4.73115e+08	1.61753e+08	1.37435e+08	1.7337e+08	1.30785e+08	1.60767e+08	1.62189e+08	2.57343e+08	2.54792e+08	2.34954e+08	2.6796e+08	2.71986e+08	2.6689e+08	2.31987e+08	3.27644e+08	2.3757e+08	2.33221e+08	3.29208e+08	3.1238e+08	2.40933e+08	2.45247e+08	2.93627e+08	2.47514e+08	2.93863e+08	2.69528e+08	3.07603e+08	3.1009e+08	3.1119e+08	2.48718e+08	3.10673e+08	2.59233e+08	1.67991e+08	1.62366e+08	1.87915e+08	1.7063e+08	1.5677e+08	1.67766e+08	1.51482e+08	1.51697e+08	2.11373e+08	1.55042e+08	1.83832e+08	1.49317e+08	1.94358e+08	2.01873e+08	1.90519e+08	1.88508e+08	2.01077e+08	1.96255e+08	1.81135e+08	2.26538e+08	1.75567e+08	1.73923e+08	2.27391e+08	2.25677e+08	1.6835e+08	1.7727e+08	1.35595e+08	1.84599e+08	1.25448e+08	1.83877e+08	1.39688e+08	1.77909e+08	1.77803e+08	1.79542e+08	1.34421e+08	1.3543e+08	1.4099e+08	1.60557e+08	1.03116e+08	1.32393e+08	1.2347e+08	1.31391e+08	1.44338e+08	1.78781e+08	1.81377e+08	1.77561e+08	1.78872e+08	2.009e+08	1.86791e+08	1.71356e+08	1.5465e+08	1.75125e+08	1.69081e+08	1.76739e+08
ERR630295	1.81715e+08	1.70277e+08	1.7464e+08	1.65037e+08	1.71193e+08	1.80885e+08	1.21268e+08	1.48884e+08	1.11594e+08	1.17041e+08	1.1925e+08	1.61753e+08	3.85317e+08	2.41619e+08	2.87968e+08	2.26354e+08	2.76512e+08	2.7126e+08	1.28479e+08	1.2614e+08	1.1526e+08	1.33043e+08	1.3534e+08	1.32348e+08	1.36287e+08	1.95887e+08	1.39723e+08	1.37425e+08	1.9825e+08	1.86183e+08	1.4424e+08	1.48317e+08	1.77473e+08	1.50069e+08	1.79854e+08	1.61982e+08	1.66051e+08	1.68635e+08	1.69593e+08	1.30026e+08	1.68272e+08	1.35778e+08	2.11964e+08	2.05077e+08	2.36328e+08	2.15679e+08	2.0101e+08	2.11808e+08	1.83114e+08	1.80826e+08	2.50158e+08	1.87321e+08	2.18686e+08	1.80457e+08	2.00748e+08	2.06961e+08	1.96026e+08	1.93323e+08	2.07883e+08	2.02363e+08	2.11883e+08	2.62744e+08	2.05612e+08	2.03725e+08	2.63905e+08	2.62249e+08	2.14723e+08	2.28742e+08	1.7524e+08	2.34503e+08	1.62016e+08	2.33643e+08	1.72319e+08	2.17797e+08	2.17681e+08	2.19638e+08	1.66551e+08	1.66859e+08	1.8332e+08	2.07465e+08	1.35369e+08	1.70669e+08	1.59742e+08	1.68776e+08	1.47928e+08	1.8646e+08	1.87402e+08	1.85435e+08	1.86445e+08	2.07523e+08	2.17825e+08	2.00948e+08	1.81174e+08	2.07311e+08	2.0081e+08	2.08876e+08
ERR630292	1.53222e+08	1.44082e+08	1.47924e+08	1.39567e+08	1.44867e+08	1.53391e+08	1.02905e+08	1.26029e+08	9.33039e+07	9.94142e+07	1.01153e+08	1.37435e+08	2.41619e+08	3.24613e+08	2.58283e+08	2.07926e+08	2.54877e+08	2.43989e+08	1.09374e+08	1.06862e+08	9.78686e+07	1.12543e+08	1.14684e+08	1.12105e+08	1.18263e+08	1.68598e+08	1.21176e+08	1.19378e+08	1.71518e+08	1.60531e+08	1.24787e+08	1.29053e+08	1.52461e+08	1.30625e+08	1.55566e+08	1.39529e+08	1.41156e+08	1.44097e+08	1.45001e+08	1.1069e+08	1.43161e+08	1.1534e+08	1.83472e+08	1.77542e+08	2.05297e+08	1.86898e+08	1.75067e+08	1.83218e+08	1.59444e+08	1.55801e+08	2.16951e+08	1.63018e+08	1.89621e+08	1.5704e+08	1.71895e+08	1.76799e+08	1.67547e+08	1.6494e+08	1.78225e+08	1.73202e+08	1.80828e+08	2.25183e+08	1.75223e+08	1.74123e+08	2.26192e+08	2.24649e+08	1.87232e+08	2.01413e+08	1.53643e+08	2.04395e+08	1.41899e+08	2.03916e+08	1.4824e+08	1.87933e+08	1.87751e+08	1.89342e+08	1.4339e+08	1.4329e+08	1.60046e+08	1.81466e+08	1.1749e+08	1.48111e+08	1.38699e+08	1.46367e+08	1.26327e+08	1.61114e+08	1.6133e+08	1.60088e+08	1.6119e+08	1.78948e+08	1.8554e+08	1.71008e+08	1.54019e+08	1.7733e+08	1.71879e+08	1.78617e+08
ERR630293	1.94744e+08	1.82509e+08	1.87238e+08	1.77025e+08	1.83349e+08	1.93862e+08	1.30062e+08	1.59586e+08	1.19678e+08	1.25552e+08	1.27876e+08	1.7337e+08	2.87968e+08	2.58283e+08	4.32653e+08	2.41947e+08	2.95817e+08	2.90265e+08	1.37678e+08	1.3524e+08	1.23564e+08	1.42618e+08	1.45144e+08	1.41978e+08	1.45767e+08	2.0957e+08	1.49402e+08	1.4691e+08	2.12065e+08	1.99197e+08	1.5464e+08	1.59029e+08	1.90325e+08	1.60878e+08	1.92826e+08	1.73639e+08	1.77987e+08	1.80826e+08	1.81749e+08	1.39346e+08	1.8028e+08	1.45598e+08	2.26714e+08	2.19379e+08	2.52788e+08	2.30742e+08	2.14869e+08	2.26592e+08	1.9557e+08	1.93026e+08	2.67282e+08	1.99972e+08	2.33707e+08	1.92662e+08	2.14683e+08	2.2124e+08	2.09532e+08	2.06598e+08	2.22291e+08	2.16339e+08	2.26561e+08	2.81278e+08	2.19761e+08	2.17895e+08	2.8259e+08	2.80565e+08	2.30005e+08	2.44941e+08	1.87599e+08	2.51209e+08	1.73376e+08	2.50386e+08	1.84239e+08	2.33116e+08	2.32981e+08	2.34979e+08	1.78033e+08	1.78509e+08	1.95678e+08	2.21453e+08	1.44305e+08	1.82049e+08	1.70363e+08	1.8012e+08	1.5817e+08	1.99429e+08	2.00453e+08	1.9819e+08	1.99485e+08	2.22096e+08	2.33099e+08	2.14834e+08	1.93733e+08	2.21541e+08	2.14728e+08	2.23271e+08
ERR630290	1.46174e+08	1.37229e+08	1.4079e+08	1.33057e+08	1.37994e+08	1.45927e+08	9.78515e+07	1.20006e+08	8.92476e+07	9.45319e+07	9.62245e+07	1.30785e+08	2.26354e+08	2.07926e+08	2.41947e+08	2.89022e+08	2.36704e+08	2.28348e+08	1.04085e+08	1.01755e+08	9.30652e+07	1.07256e+08	1.09184e+08	1.0678e+08	1.1215e+08	1.6022e+08	1.14973e+08	1.13095e+08	1.62584e+08	1.52382e+08	1.17909e+08	1.21537e+08	1.44266e+08	1.23064e+08	1.46843e+08	1.31896e+08	1.34179e+08	1.36901e+08	1.37624e+08	1.05168e+08	1.36131e+08	1.09771e+08	1.74647e+08	1.69019e+08	1.94919e+08	1.77863e+08	1.66239e+08	1.74414e+08	1.51415e+08	1.48588e+08	2.05892e+08	1.5485e+08	1.80233e+08	1.4923e+08	1.63893e+08	1.68627e+08	1.59797e+08	1.5742e+08	1.6978e+08	1.65068e+08	1.72525e+08	2.14305e+08	1.67298e+08	1.66125e+08	2.15263e+08	2.1394e+08	1.76862e+08	1.89508e+08	1.45012e+08	1.93148e+08	1.34029e+08	1.92548e+08	1.41094e+08	1.78501e+08	1.78336e+08	1.79857e+08	1.36435e+08	1.36428e+08	1.52069e+08	1.72095e+08	1.1214e+08	1.41067e+08	1.32129e+08	1.39562e+08	1.20504e+08	1.52951e+08	1.53397e+08	1.51953e+08	1.5293e+08	1.69906e+08	1.77015e+08	1.63283e+08	1.47205e+08	1.69013e+08	1.63787e+08	1.70139e+08
ERR630291	1.79786e+08	1.68669e+08	1.73391e+08	1.63436e+08	1.69669e+08	1.79685e+08	1.20566e+08	1.47575e+08	1.0945e+08	1.16314e+08	1.18488e+08	1.60767e+08	2.76512e+08	2.54877e+08	2.95817e+08	2.36704e+08	4.07927e+08	2.79102e+08	1.27981e+08	1.25175e+08	1.14543e+08	1.31839e+08	1.34201e+08	1.312e+08	1.37047e+08	1.96077e+08	1.40498e+08	1.38341e+08	1.99196e+08	1.86521e+08	1.45663e+08	1.50379e+08	1.78103e+08	1.52227e+08	1.81414e+08	1.62927e+08	1.65314e+08	1.68468e+08	1.69578e+08	1.29649e+08	1.67611e+08	1.35057e+08	2.11681e+08	2.04821e+08	2.36841e+08	2.15731e+08	2.01484e+08	2.11527e+08	1.83752e+08	1.79874e+08	2.50488e+08	1.87913e+08	2.18892e+08	1.8104e+08	1.99122e+08	2.04948e+08	1.94165e+08	1.91088e+08	2.06471e+08	2.00601e+08	2.0985e+08	2.6122e+08	2.03331e+08	2.01982e+08	2.62414e+08	2.60728e+08	2.16214e+08	2.32402e+08	1.77095e+08	2.3635e+08	1.63647e+08	2.35556e+08	1.71556e+08	2.17862e+08	2.17666e+08	2.19495e+08	1.66153e+08	1.65985e+08	1.84097e+08	2.08898e+08	1.34867e+08	1.70552e+08	1.59654e+08	1.68588e+08	1.466e+08	1.86737e+08	1.87073e+08	1.85567e+08	1.8683e+08	2.07704e+08	2.15156e+08	1.98381e+08	1.7839e+08	2.05408e+08	1.99061e+08	2.07032e+08
ERR630294	1.81989e+08	1.70474e+08	1.75014e+08	1.65446e+08	1.71549e+08	1.8124e+08	1.21587e+08	1.49271e+08	1.1187e+08	1.17367e+08	1.19579e+08	1.62189e+08	2.7126e+08	2.43989e+08	2.90265e+08	2.28348e+08	2.79102e+08	3.90246e+08	1.28819e+08	1.26345e+08	1.15628e+08	1.3333e+08	1.35775e+08	1.32688e+08	1.36693e+08	1.96584e+08	1.40222e+08	1.37913e+08	1.98965e+08	1.86764e+08	1.44905e+08	1.49127e+08	1.78194e+08	1.50792e+08	1.80538e+08	1.62649e+08	1.66422e+08	1.69138e+08	1.70011e+08	1.3026e+08	1.68438e+08	1.36056e+08	2.1292e+08	2.05977e+08	2.37155e+08	2.16523e+08	2.01903e+08	2.12568e+08	1.83801e+08	1.8153e+08	2.51165e+08	1.87901e+08	2.19598e+08	1.81227e+08	2.01591e+08	2.07488e+08	1.96605e+08	1.93845e+08	2.08596e+08	2.02991e+08	2.12451e+08	2.63462e+08	2.06116e+08	2.04339e+08	2.64739e+08	2.63085e+08	2.15781e+08	2.30102e+08	1.76198e+08	2.35657e+08	1.62928e+08	2.34933e+08	1.72778e+08	2.1844e+08	2.18291e+08	2.20204e+08	1.66949e+08	1.67396e+08	1.83941e+08	2.08272e+08	1.35765e+08	1.71203e+08	1.60261e+08	1.69366e+08	1.48357e+08	1.87092e+08	1.88136e+08	1.85915e+08	1.87196e+08	2.08419e+08	2.18441e+08	2.01517e+08	1.81658e+08	2.0778e+08	2.01388e+08	2.09423e+08
ERR636746	2.71822e+08	2.56334e+08	2.61526e+08	2.49602e+08	2.57243e+08	2.69163e+08	1.97954e+08	2.39637e+08	1.87297e+08	1.91513e+08	1.94849e+08	2.57343e+08	1.28479e+08	1.09374e+08	1.37678e+08	1.04085e+08	1.27981e+08	1.28819e+08	3.37344e+08	2.23609e+08	2.06628e+08	2.33915e+08	2.37418e+08	2.33197e+08	1.9325e+08	2.69014e+08	1.97547e+08	1.94199e+08	2.70229e+08	2.56959e+08	1.9945e+08	2.02832e+08	2.41815e+08	2.04723e+08	2.42421e+08	2.22456e+08	2.49257e+08	2.51638e+08	2.52559e+08	2.0298e+08	2.51701e+08	2.11205e+08	1.33208e+08	1.28795e+08	1.49058e+08	1.35329e+08	1.24442e+08	1.33097e+08	1.19836e+08	1.19942e+08	1.6712e+08	1.2264e+08	1.45465e+08	1.18074e+08	1.56642e+08	1.62802e+08	1.53465e+08	1.51877e+08	1.62013e+08	1.58165e+08	1.43312e+08	1.79149e+08	1.38992e+08	1.37723e+08	1.80045e+08	1.78722e+08	1.32947e+08	1.40152e+08	1.07141e+08	1.45888e+08	9.90933e+07	1.4529e+08	1.10534e+08	1.40955e+08	1.40907e+08	1.42267e+08	1.06485e+08	1.07091e+08	1.12233e+08	1.27788e+08	8.19281e+07	1.05322e+08	9.80845e+07	1.04371e+08	1.17921e+08	1.45924e+08	1.48121e+08	1.45126e+08	1.46103e+08	1.64096e+08	1.47244e+08	1.34909e+08	1.21721e+08	1.38098e+08	1.33406e+08	1.39267e+08
ERR636747	2.69558e+08	2.54049e+08	2.58947e+08	2.4739e+08	2.54795e+08	2.66417e+08	1.96138e+08	2.37469e+08	1.86182e+08	1.89826e+08	1.93189e+08	2.54792e+08	1.2614e+08	1.06862e+08	1.3524e+08	1.01755e+08	1.25175e+08	1.26345e+08	2.23609e+08	3.31687e+08	2.04762e+08	2.32097e+08	2.35583e+08	2.31321e+08	1.90759e+08	2.65879e+08	1.95228e+08	1.91749e+08	2.66821e+08	2.53879e+08	1.96881e+08	2.00055e+08	2.38892e+08	2.01997e+08	2.392e+08	2.19867e+08	2.46765e+08	2.48747e+08	2.4963e+08	2.01162e+08	2.49386e+08	2.09396e+08	1.3182e+08	1.27375e+08	1.47175e+08	1.33943e+08	1.22941e+08	1.31573e+08	1.182e+08	1.18643e+08	1.64865e+08	1.20995e+08	1.43518e+08	1.16506e+08	1.55108e+08	1.61162e+08	1.52187e+08	1.50613e+08	1.60596e+08	1.5666e+08	1.41957e+08	1.77239e+08	1.37617e+08	1.36311e+08	1.77981e+08	1.76542e+08	1.31155e+08	1.38006e+08	1.05509e+08	1.43897e+08	9.77257e+07	1.43327e+08	1.0938e+08	1.38953e+08	1.38957e+08	1.40358e+08	1.05212e+08	1.05913e+08	1.10724e+08	1.25805e+08	8.10841e+07	1.03993e+08	9.69004e+07	1.03123e+08	1.16886e+08	1.44152e+08	1.46433e+08	1.43337e+08	1.44288e+08	1.62053e+08	1.45837e+08	1.33817e+08	1.20692e+08	1.36668e+08	1.31964e+08	1.37779e+08
ERR636745	2.48095e+08	2.34048e+08	2.38773e+08	2.27933e+08	2.34741e+08	2.45539e+08	1.81129e+08	2.18971e+08	1.71965e+08	1.7523e+08	1.78257e+08	2.34954e+08	1.1526e+08	9.78686e+07	1.23564e+08	9.30652e+07	1.14543e+08	1.15628e+08	2.06628e+08	2.04762e+08	2.89765e+08	2.14212e+08	2.17385e+08	2.1335e+08	1.76208e+08	2.44714e+08	1.80201e+08	1.77046e+08	2.45515e+08	2.33744e+08	1.8172e+08	1.84661e+08	2.20072e+08	1.86438e+08	2.2041e+08	2.02717e+08	2.2739e+08	2.29126e+08	2.30006e+08	1.85642e+08	2.29632e+08	1.93198e+08	1.20304e+08	1.163e+08	1.34475e+08	1.2224e+08	1.12196e+08	1.20136e+08	1.07899e+08	1.08249e+08	1.50511e+08	1.10474e+08	1.30977e+08	1.06316e+08	1.41919e+08	1.47379e+08	1.39163e+08	1.37662e+08	1.4687e+08	1.43387e+08	1.29499e+08	1.61748e+08	1.25511e+08	1.24355e+08	1.62456e+08	1.61172e+08	1.1981e+08	1.26047e+08	9.64518e+07	1.31515e+08	8.93514e+07	1.30892e+08	9.97242e+07	1.26872e+08	1.26894e+08	1.28093e+08	9.59069e+07	9.65873e+07	1.01048e+08	1.14921e+08	7.39449e+07	9.47696e+07	8.84418e+07	9.39089e+07	1.07234e+08	1.32327e+08	1.34337e+08	1.31585e+08	1.32405e+08	1.48631e+08	1.32932e+08	1.21967e+08	1.1005e+08	1.24723e+08	1.2042e+08	1.25762e+08
ERR636749	2.83572e+08	2.67195e+08	2.72417e+08	2.6014e+08	2.68021e+08	2.80303e+08	2.06093e+08	2.49444e+08	1.95699e+08	1.99428e+08	2.02845e+08	2.6796e+08	1.33043e+08	1.12543e+08	1.42618e+08	1.07256e+08	1.31839e+08	1.3333e+08	2.33915e+08	2.32097e+08	2.14212e+08	3.60431e+08	2.4806e+08	2.43553e+08	2.00106e+08	2.79396e+08	2.04666e+08	2.01036e+08	2.80331e+08	2.66756e+08	2.06807e+08	2.1017e+08	2.51423e+08	2.12221e+08	2.51612e+08	2.30987e+08	2.59019e+08	2.60907e+08	2.61888e+08	2.10923e+08	2.6154e+08	2.19524e+08	1.38976e+08	1.34328e+08	1.55273e+08	1.41189e+08	1.29665e+08	1.38869e+08	1.24651e+08	1.25239e+08	1.74002e+08	1.27622e+08	1.51478e+08	1.22888e+08	1.6336e+08	1.69724e+08	1.60253e+08	1.58628e+08	1.6902e+08	1.64966e+08	1.49847e+08	1.87073e+08	1.45264e+08	1.43739e+08	1.87819e+08	1.8633e+08	1.38542e+08	1.45572e+08	1.11416e+08	1.51929e+08	1.03191e+08	1.51223e+08	1.1526e+08	1.46785e+08	1.46712e+08	1.48108e+08	1.11019e+08	1.11828e+08	1.16657e+08	1.32598e+08	8.54657e+07	1.0958e+08	1.02145e+08	1.0863e+08	1.22831e+08	1.51634e+08	1.53887e+08	1.50749e+08	1.5175e+08	1.7041e+08	1.53912e+08	1.41198e+08	1.27549e+08	1.4429e+08	1.39298e+08	1.45445e+08
ERR636750	2.878e+08	2.71211e+08	2.76585e+08	2.63997e+08	2.71963e+08	2.84532e+08	2.09173e+08	2.53414e+08	1.98455e+08	2.02334e+08	2.05847e+08	2.71986e+08	1.3534e+08	1.14684e+08	1.45144e+08	1.09184e+08	1.34201e+08	1.35775e+08	2.37418e+08	2.35583e+08	2.17385e+08	2.4806e+08	3.69529e+08	2.47155e+08	2.0315e+08	2.83756e+08	2.07813e+08	2.0413e+08	2.84787e+08	2.70889e+08	2.10069e+08	2.13524e+08	2.55408e+08	2.15576e+08	2.55457e+08	2.34676e+08	2.62887e+08	2.64871e+08	2.65885e+08	2.13914e+08	2.65576e+08	2.22657e+08	1.41469e+08	1.36813e+08	1.57937e+08	1.4363e+08	1.31891e+08	1.4118e+08	1.26815e+08	1.27329e+08	1.77113e+08	1.29981e+08	1.54164e+08	1.25098e+08	1.65998e+08	1.72303e+08	1.62704e+08	1.60938e+08	1.71744e+08	1.67764e+08	1.52146e+08	1.90159e+08	1.47645e+08	1.46182e+08	1.90995e+08	1.89451e+08	1.41042e+08	1.48254e+08	1.13502e+08	1.54596e+08	1.05008e+08	1.54064e+08	1.17243e+08	1.49172e+08	1.49146e+08	1.5061e+08	1.1284e+08	1.13706e+08	1.18745e+08	1.34997e+08	8.69484e+07	1.11523e+08	1.04025e+08	1.10627e+08	1.24622e+08	1.53864e+08	1.56276e+08	1.52927e+08	1.53917e+08	1.72867e+08	1.56517e+08	1.43651e+08	1.29619e+08	1.46829e+08	1.41681e+08	1.48023e+08
ERR636748	2.82414e+08	2.66105e+08	2.71381e+08	2.59043e+08	2.66962e+08	2.79085e+08	2.0531e+08	2.48584e+08	1.95015e+08	1.98796e+08	2.0211e+08	2.6689e+08	1.32348e+08	1.12105e+08	1.41978e+08	1.0678e+08	1.312e+08	1.32688e+08	2.33197e+08	2.31321e+08	2.1335e+08	2.43553e+08	2.47155e+08	3.57829e+08	1.99424e+08	2.78265e+08	2.03897e+08	2.00252e+08	2.79268e+08	2.65749e+08	2.05868e+08	2.09312e+08	2.50422e+08	2.11367e+08	2.50381e+08	2.30108e+08	2.58166e+08	2.60051e+08	2.61053e+08	2.10204e+08	2.60716e+08	2.18801e+08	1.38449e+08	1.3369e+08	1.5457e+08	1.40386e+08	1.28902e+08	1.38127e+08	1.24122e+08	1.24506e+08	1.73052e+08	1.26899e+08	1.50724e+08	1.22294e+08	1.62738e+08	1.68919e+08	1.59505e+08	1.57903e+08	1.6837e+08	1.64288e+08	1.48957e+08	1.86e+08	1.44492e+08	1.43077e+08	1.86909e+08	1.85435e+08	1.37853e+08	1.4489e+08	1.1095e+08	1.5112e+08	1.02679e+08	1.50626e+08	1.14759e+08	1.45985e+08	1.45882e+08	1.4737e+08	1.10378e+08	1.11202e+08	1.16064e+08	1.31931e+08	8.49781e+07	1.09062e+08	1.01676e+08	1.08156e+08	1.2232e+08	1.50978e+08	1.53252e+08	1.50003e+08	1.51008e+08	1.69567e+08	1.53275e+08	1.40512e+08	1.26841e+08	1.435e+08	1.38711e+08	1.44768e+08
ERR607762	2.69202e+08	2.54064e+08	2.59207e+08	2.47287e+08	2.54845e+08	2.66782e+08	1.77077e+08	2.15577e+08	1.66966e+08	1.71157e+08	1.74433e+08	2.31987e+08	1.36287e+08	1.18263e+08	1.45767e+08	1.1215e+08	1.37047e+08	1.36693e+08	1.9325e+08	1.90759e+08	1.76208e+08	2.00106e+08	2.0315e+08	1.99424e+08	3.25179e+08	2.9727e+08	2.212e+08	2.17507e+08	2.98794e+08	2.84271e+08	1.95404e+08	1.99121e+08	2.37203e+08	2.00915e+08	2.3826e+08	2.1821e+08	2.41371e+08	2.43997e+08	2.4483e+08	1.95464e+08	2.43976e+08	2.03331e+08	1.39291e+08	1.34703e+08	1.55693e+08	1.41816e+08	1.31036e+08	1.39306e+08	1.23738e+08	1.23285e+08	1.7053e+08	1.26585e+08	1.48907e+08	1.22032e+08	1.56739e+08	1.62515e+08	1.53471e+08	1.51661e+08	1.62188e+08	1.58507e+08	1.47556e+08	1.83692e+08	1.43181e+08	1.41808e+08	1.84667e+08	1.83165e+08	1.35241e+08	1.4283e+08	1.09306e+08	1.48111e+08	1.0115e+08	1.47579e+08	1.15389e+08	1.46188e+08	1.46148e+08	1.47528e+08	1.11277e+08	1.11698e+08	1.17365e+08	1.3315e+08	8.64497e+07	1.09935e+08	1.02753e+08	1.08933e+08	1.2019e+08	1.49108e+08	1.51051e+08	1.48304e+08	1.49175e+08	1.67139e+08	1.48732e+08	1.36539e+08	1.23452e+08	1.4012e+08	1.35354e+08	1.41242e+08
ERR607759	3.80192e+08	3.57653e+08	3.65181e+08	3.47782e+08	3.58431e+08	3.7631e+08	2.49122e+08	3.04185e+08	2.35099e+08	2.40815e+08	2.45295e+08	3.27644e+08	1.95887e+08	1.68598e+08	2.0957e+08	1.6022e+08	1.96077e+08	1.96584e+08	2.69014e+08	2.65879e+08	2.44714e+08	2.79396e+08	2.83756e+08	2.78265e+08	2.9727e+08	5.78434e+08	3.04119e+08	2.98856e+08	4.19935e+08	3.98827e+08	2.73683e+08	2.79038e+08	3.34577e+08	2.81487e+08	3.35647e+08	3.06738e+08	3.39096e+08	3.42705e+08	3.44049e+08	2.72047e+08	3.42928e+08	2.84067e+08	2.01536e+08	1.9488e+08	2.25349e+08	2.04906e+08	1.8896e+08	2.01439e+08	1.79178e+08	1.78893e+08	2.47703e+08	1.83137e+08	2.16182e+08	1.76558e+08	2.24634e+08	2.33122e+08	2.20099e+08	2.17579e+08	2.32355e+08	2.27136e+08	2.1471e+08	2.67484e+08	2.08158e+08	2.0614e+08	2.68595e+08	2.66651e+08	1.97159e+08	2.07998e+08	1.59004e+08	2.15961e+08	1.47107e+08	2.15152e+08	1.66931e+08	2.11654e+08	2.11698e+08	2.13704e+08	1.60801e+08	1.61679e+08	1.69714e+08	1.92574e+08	1.24901e+08	1.59215e+08	1.486e+08	1.57828e+08	1.70477e+08	2.11117e+08	2.14181e+08	2.0992e+08	2.11323e+08	2.37122e+08	2.17854e+08	1.99938e+08	1.80835e+08	2.0482e+08	1.9793e+08	2.06596e+08
ERR607761	2.75525e+08	2.59967e+08	2.65293e+08	2.52986e+08	2.60718e+08	2.73104e+08	1.8119e+08	2.20614e+08	1.70806e+08	1.75165e+08	1.78465e+08	2.3757e+08	1.39723e+08	1.21176e+08	1.49402e+08	1.14973e+08	1.40498e+08	1.40222e+08	1.97547e+08	1.95228e+08	1.80201e+08	2.04666e+08	2.07813e+08	2.03897e+08	2.212e+08	3.04119e+08	3.37702e+08	2.22316e+08	3.05825e+08	2.90869e+08	2.00033e+08	2.0382e+08	2.4291e+08	2.05649e+08	2.4371e+08	2.23347e+08	2.46963e+08	2.49458e+08	2.50407e+08	1.99691e+08	2.49598e+08	2.07869e+08	1.42783e+08	1.38232e+08	1.59681e+08	1.45345e+08	1.34331e+08	1.42887e+08	1.2688e+08	1.26408e+08	1.74866e+08	1.29785e+08	1.52761e+08	1.25136e+08	1.60567e+08	1.66353e+08	1.57103e+08	1.55329e+08	1.65992e+08	1.62265e+08	1.51533e+08	1.88585e+08	1.46876e+08	1.45545e+08	1.89674e+08	1.88044e+08	1.38771e+08	1.46681e+08	1.12209e+08	1.52049e+08	1.03787e+08	1.51456e+08	1.18336e+08	1.49947e+08	1.50092e+08	1.51385e+08	1.14107e+08	1.14661e+08	1.20309e+08	1.36412e+08	8.86556e+07	1.12816e+08	1.05324e+08	1.11785e+08	1.22948e+08	1.52468e+08	1.54534e+08	1.51652e+08	1.52689e+08	1.71012e+08	1.52647e+08	1.401e+08	1.26704e+08	1.43756e+08	1.38939e+08	1.44902e+08
ERR607760	2.70339e+08	2.55265e+08	2.60561e+08	2.48508e+08	2.55957e+08	2.68145e+08	1.77887e+08	2.16547e+08	1.67576e+08	1.71965e+08	1.7511e+08	2.33221e+08	1.37425e+08	1.19378e+08	1.4691e+08	1.13095e+08	1.38341e+08	1.37913e+08	1.94199e+08	1.91749e+08	1.77046e+08	2.01036e+08	2.0413e+08	2.00252e+08	2.17507e+08	2.98856e+08	2.22316e+08	3.28249e+08	3.0057e+08	2.85908e+08	1.96487e+08	2.0047e+08	2.38603e+08	2.02241e+08	2.3963e+08	2.19541e+08	2.42493e+08	2.4503e+08	2.45956e+08	1.96224e+08	2.45183e+08	2.04199e+08	1.40244e+08	1.35633e+08	1.56756e+08	1.42684e+08	1.31886e+08	1.4026e+08	1.24739e+08	1.24052e+08	1.71769e+08	1.27514e+08	1.49943e+08	1.2292e+08	1.57665e+08	1.63458e+08	1.54387e+08	1.52576e+08	1.63071e+08	1.59415e+08	1.48602e+08	1.85058e+08	1.44028e+08	1.42816e+08	1.85922e+08	1.84491e+08	1.36265e+08	1.43972e+08	1.10138e+08	1.49308e+08	1.01848e+08	1.48669e+08	1.16253e+08	1.47296e+08	1.47307e+08	1.48603e+08	1.11922e+08	1.12594e+08	1.18209e+08	1.33952e+08	8.69783e+07	1.10709e+08	1.03418e+08	1.09705e+08	1.20936e+08	1.49908e+08	1.5205e+08	1.49132e+08	1.50105e+08	1.68213e+08	1.49696e+08	1.37499e+08	1.24261e+08	1.41115e+08	1.36308e+08	1.42323e+08
ERR637124	3.81166e+08	3.58967e+08	3.6659e+08	3.49042e+08	3.59725e+08	3.78028e+08	2.50011e+08	3.05151e+08	2.35284e+08	2.41827e+08	2.46231e+08	3.29208e+08	1.9825e+08	1.71518e+08	2.12065e+08	1.62584e+08	1.99196e+08	1.98965e+08	2.70229e+08	2.66821e+08	2.45515e+08	2.80331e+08	2.84787e+08	2.79268e+08	2.98794e+08	4.19935e+08	3.05825e+08	3.0057e+08	5.83673e+08	4.00681e+08	2.7529e+08	2.80865e+08	3.36206e+08	2.83442e+08	3.37642e+08	3.08279e+08	3.40666e+08	3.44519e+08	3.45992e+08	2.73227e+08	3.44498e+08	2.8503e+08	2.02688e+08	1.95958e+08	2.2667e+08	2.06245e+08	1.90332e+08	2.02496e+08	1.80424e+08	1.79849e+08	2.49629e+08	1.84649e+08	2.17783e+08	1.77926e+08	2.25822e+08	2.34009e+08	2.21066e+08	2.18581e+08	2.33517e+08	2.28283e+08	2.15844e+08	2.69184e+08	2.09214e+08	2.07298e+08	2.7043e+08	2.68383e+08	1.98569e+08	2.09905e+08	1.60395e+08	2.17647e+08	1.48347e+08	2.16702e+08	1.67981e+08	2.13303e+08	2.13302e+08	2.15173e+08	1.61869e+08	1.62739e+08	1.7105e+08	1.94122e+08	1.25491e+08	1.6029e+08	1.49543e+08	1.58787e+08	1.71027e+08	2.1237e+08	2.15444e+08	2.11278e+08	2.12613e+08	2.38443e+08	2.18869e+08	2.00884e+08	1.81425e+08	2.0596e+08	1.98947e+08	2.07779e+08
ERR637123	3.62235e+08	3.41092e+08	3.4839e+08	3.32008e+08	3.42011e+08	3.59003e+08	2.37515e+08	2.89739e+08	2.24029e+08	2.29605e+08	2.33806e+08	3.1238e+08	1.86183e+08	1.60531e+08	1.99197e+08	1.52382e+08	1.86521e+08	1.86764e+08	2.56959e+08	2.53879e+08	2.33744e+08	2.66756e+08	2.70889e+08	2.65749e+08	2.84271e+08	3.98827e+08	2.90869e+08	2.85908e+08	4.00681e+08	5.32185e+08	2.60862e+08	2.6606e+08	3.18867e+08	2.68344e+08	3.19759e+08	2.92451e+08	3.23468e+08	3.26798e+08	3.2823e+08	2.59876e+08	3.27186e+08	2.70973e+08	1.9139e+08	1.85131e+08	2.13981e+08	1.94604e+08	1.7961e+08	1.91286e+08	1.69989e+08	1.69794e+08	2.35179e+08	1.74041e+08	2.05338e+08	1.67594e+08	2.13597e+08	2.21568e+08	2.09206e+08	2.06935e+08	2.20894e+08	2.15866e+08	2.03549e+08	2.53675e+08	1.97405e+08	1.9562e+08	2.5491e+08	2.52835e+08	1.87088e+08	1.97291e+08	1.51018e+08	2.04812e+08	1.39673e+08	2.04191e+08	1.58487e+08	2.01027e+08	2.01062e+08	2.02858e+08	1.52701e+08	1.53576e+08	1.61104e+08	1.82736e+08	1.18513e+08	1.51133e+08	1.4112e+08	1.49816e+08	1.62205e+08	2.01094e+08	2.0389e+08	1.99834e+08	2.0125e+08	2.2569e+08	2.06404e+08	1.89548e+08	1.71317e+08	1.94161e+08	1.87635e+08	1.95827e+08
ERR608374	2.7999e+08	2.63867e+08	2.69263e+08	2.56989e+08	2.6468e+08	2.77673e+08	1.84187e+08	2.23593e+08	1.72727e+08	1.77869e+08	1.81261e+08	2.40933e+08	1.4424e+08	1.24787e+08	1.5464e+08	1.17909e+08	1.45663e+08	1.44905e+08	1.9945e+08	1.96881e+08	1.8172e+08	2.06807e+08	2.10069e+08	2.05868e+08	1.95404e+08	2.73683e+08	2.00033e+08	1.96487e+08	2.7529e+08	2.60862e+08	3.61618e+08	2.47559e+08	2.92516e+08	2.49997e+08	2.94176e+08	2.69778e+08	2.55653e+08	2.58233e+08	2.59357e+08	2.07445e+08	2.58759e+08	2.16006e+08	1.46604e+08	1.41604e+08	1.64233e+08	1.49128e+08	1.37269e+08	1.46294e+08	1.30569e+08	1.30086e+08	1.81969e+08	1.33731e+08	1.5829e+08	1.28683e+08	1.64386e+08	1.7065e+08	1.61057e+08	1.59219e+08	1.70242e+08	1.66107e+08	1.55002e+08	1.94105e+08	1.50288e+08	1.48894e+08	1.95074e+08	1.93644e+08	1.48617e+08	1.57042e+08	1.20006e+08	1.62753e+08	1.10854e+08	1.62099e+08	1.20138e+08	1.53378e+08	1.5334e+08	1.5465e+08	1.15863e+08	1.16338e+08	1.24148e+08	1.41436e+08	9.03133e+07	1.16122e+08	1.08265e+08	1.15055e+08	1.25868e+08	1.56492e+08	1.58523e+08	1.55558e+08	1.56564e+08	1.75567e+08	1.60273e+08	1.46912e+08	1.32513e+08	1.5079e+08	1.45658e+08	1.52021e+08
ERR608375	2.84882e+08	2.68443e+08	2.73987e+08	2.61438e+08	2.69328e+08	2.82836e+08	1.87492e+08	2.27531e+08	1.75509e+08	1.81016e+08	1.84544e+08	2.45247e+08	1.48317e+08	1.29053e+08	1.59029e+08	1.21537e+08	1.50379e+08	1.49127e+08	2.02832e+08	2.00055e+08	1.84661e+08	2.1017e+08	2.13524e+08	2.09312e+08	1.99121e+08	2.79038e+08	2.0382e+08	2.0047e+08	2.80865e+08	2.6606e+08	2.47559e+08	3.74027e+08	2.98197e+08	2.55271e+08	3.00257e+08	2.7495e+08	2.60433e+08	2.63278e+08	2.64332e+08	2.11142e+08	2.63428e+08	2.19991e+08	1.4969e+08	1.44653e+08	1.67853e+08	1.52122e+08	1.40308e+08	1.49443e+08	1.33582e+08	1.32951e+08	1.86179e+08	1.36863e+08	1.61868e+08	1.31774e+08	1.67819e+08	1.74156e+08	1.64318e+08	1.62257e+08	1.73722e+08	1.69503e+08	1.58393e+08	1.98559e+08	1.53478e+08	1.52123e+08	1.99433e+08	1.98031e+08	1.52171e+08	1.61266e+08	1.23112e+08	1.6662e+08	1.13704e+08	1.66063e+08	1.2289e+08	1.56859e+08	1.5683e+08	1.58402e+08	1.18408e+08	1.18873e+08	1.2706e+08	1.44888e+08	9.21187e+07	1.18641e+08	1.10614e+08	1.17579e+08	1.28184e+08	1.59758e+08	1.61736e+08	1.58826e+08	1.59857e+08	1.7927e+08	1.63621e+08	1.49803e+08	1.35128e+08	1.54029e+08	1.48691e+08	1.55253e+08
ERR608373	3.42554e+08	3.22055e+08	3.28906e+08	3.13537e+08	3.22997e+08	3.39125e+08	2.23812e+08	2.72456e+08	2.10935e+08	2.16243e+08	2.20339e+08	2.93627e+08	1.77473e+08	1.52461e+08	1.90325e+08	1.44266e+08	1.78103e+08	1.78194e+08	2.41815e+08	2.38892e+08	2.20072e+08	2.51423e+08	2.55408e+08	2.50422e+08	2.37203e+08	3.34577e+08	2.4291e+08	2.38603e+08	3.36206e+08	3.18867e+08	2.92516e+08	2.98197e+08	5.0495e+08	3.01056e+08	3.57946e+08	3.27953e+08	3.10803e+08	3.13552e+08	3.14909e+08	2.50895e+08	3.14323e+08	2.61887e+08	1.81822e+08	1.75777e+08	2.03517e+08	1.84787e+08	1.70097e+08	1.81634e+08	1.61827e+08	1.61944e+08	2.25764e+08	1.65773e+08	1.96362e+08	1.59575e+08	2.03657e+08	2.11437e+08	1.9963e+08	1.97347e+08	2.1065e+08	2.05609e+08	1.93082e+08	2.41374e+08	1.87106e+08	1.85287e+08	2.42487e+08	2.40706e+08	1.83702e+08	1.93652e+08	1.48071e+08	2.01254e+08	1.36949e+08	2.00424e+08	1.49369e+08	1.90139e+08	1.90206e+08	1.92085e+08	1.4375e+08	1.44573e+08	1.53845e+08	1.75047e+08	1.12229e+08	1.44165e+08	1.34397e+08	1.42863e+08	1.54741e+08	1.91852e+08	1.9447e+08	1.90529e+08	1.91838e+08	2.15269e+08	1.99813e+08	1.83217e+08	1.65276e+08	1.87557e+08	1.81148e+08	1.89173e+08
