	ERR618509	ERR618511	ERR618507	ERR618510	ERR618508	ERR618512	ERR630005	ERR630004	ERR630001	ERR630002	ERR630000	ERR630003	ERR613638	ERR613635	ERR613637	ERR613639	ERR613640	ERR613636	ERR636863	ERR636864	ERR636860	ERR636862	ERR636861	ERR636859	ERR608977	ERR608973	ERR608976	ERR608978	ERR608975	ERR608974	ERR613620	ERR613621	ERR613618	ERR613622	ERR613619	ERR613617	ERR613666	ERR613669	ERR613667	ERR613668	ERR613670	ERR613665	ERR636768	ERR636766	ERR636765	ERR636763	ERR636764	ERR636767	ERR626703	ERR626698	ERR626699	ERR626700	ERR626701	ERR626702	ERR618397	ERR618394	ERR618395	ERR618393	ERR618398	ERR618396	ERR605674	ERR605676	ERR605671	ERR605672	ERR605673	ERR605675	ERR617759	ERR617762	ERR617758	ERR617761	ERR617760	ERR617757	ERR618668	ERR618665	ERR618666	ERR618667	ERR618663	ERR618664	ERR613568	ERR613565	ERR613567	ERR613564	ERR613563	ERR613566	ERR622008	ERR622003	ERR622004	ERR622005	ERR622007	ERR622006	ERR616987	ERR616986	ERR616989	ERR616988	ERR616990	ERR616985
ERR618509	6.30958e+09	6.44174e+09	6.48649e+09	6.31489e+09	5.73859e+09	6.51421e+09	6.1529e+09	6.10417e+09	6.17067e+09	6.68871e+09	6.75523e+09	6.18059e+09	5.86122e+09	6.47478e+09	6.17525e+09	5.8255e+09	5.00519e+09	6.37203e+09	6.55859e+09	6.58894e+09	7.2744e+09	6.65948e+09	7.21956e+09	6.84764e+09	4.81851e+09	4.5182e+09	4.88669e+09	4.76203e+09	5.86207e+09	5.55622e+09	5.83639e+09	5.80551e+09	6.06478e+09	4.90196e+09	5.92816e+09	6.24277e+09	6.07723e+09	5.66866e+09	5.87691e+09	5.69576e+09	4.77479e+09	6.18656e+09	6.59844e+09	6.53665e+09	6.63539e+09	6.3937e+09	6.64389e+09	6.56048e+09	6.54507e+09	6.84881e+09	6.58714e+09	5.89177e+09	6.52402e+09	6.54361e+09	5.03787e+09	4.57397e+09	4.89399e+09	5.20846e+09	5.06279e+09	4.93099e+09	5.41956e+09	5.49844e+09	5.88635e+09	5.60054e+09	5.52492e+09	5.5426e+09	4.74118e+09	5.3689e+09	4.60048e+09	5.01781e+09	5.29656e+09	4.17123e+09	5.10266e+09	4.70253e+09	5.11168e+09	5.15377e+09	4.81117e+09	4.68969e+09	4.73134e+09	5.31292e+09	4.75317e+09	5.33254e+09	5.35455e+09	4.80007e+09	5.5576e+09	6.21034e+09	5.9043e+09	5.87448e+09	5.61697e+09	5.86158e+09	5.58716e+09	5.48597e+09	4.88657e+09	4.95436e+09	4.9345e+09	5.35899e+09
ERR618511	6.44174e+09	7.02672e+09	6.85134e+09	6.6753e+09	6.03728e+09	6.89096e+09	6.48958e+09	6.4364e+09	6.51691e+09	7.0844e+09	7.15747e+09	6.5206e+09	6.1926e+09	6.8526e+09	6.52194e+09	6.15431e+09	5.26303e+09	6.73641e+09	6.93633e+09	6.96786e+09	7.72589e+09	7.04533e+09	7.65998e+09	7.25568e+09	5.07472e+09	4.74212e+09	5.14788e+09	5.01425e+09	6.20144e+09	5.86593e+09	6.14815e+09	6.11537e+09	6.38607e+09	5.14076e+09	6.23924e+09	6.5834e+09	6.40711e+09	5.97486e+09	6.19067e+09	6.00355e+09	5.01172e+09	6.52922e+09	6.97462e+09	6.90613e+09	7.01168e+09	6.7489e+09	7.02553e+09	6.93325e+09	6.92773e+09	7.25785e+09	6.96996e+09	6.20865e+09	6.90474e+09	6.92554e+09	5.30683e+09	4.80207e+09	5.14582e+09	5.48516e+09	5.33266e+09	5.19219e+09	5.71677e+09	5.79078e+09	6.21742e+09	5.90727e+09	5.82545e+09	5.83778e+09	5.09495e+09	5.68992e+09	4.94164e+09	5.30971e+09	5.60737e+09	4.47252e+09	5.43101e+09	5.00165e+09	5.44111e+09	5.48619e+09	5.1188e+09	4.98761e+09	4.99512e+09	5.61734e+09	5.01822e+09	5.63788e+09	5.66179e+09	5.06819e+09	5.86427e+09	6.57087e+09	6.23794e+09	6.2058e+09	5.92959e+09	6.19427e+09	5.92355e+09	5.81274e+09	5.15789e+09	5.23068e+09	5.20791e+09	5.66973e+09
ERR618507	6.48649e+09	6.85134e+09	7.12037e+09	6.71257e+09	6.08165e+09	6.93071e+09	6.53527e+09	6.48192e+09	6.5571e+09	7.12853e+09	7.20246e+09	6.5668e+09	6.22477e+09	6.89607e+09	6.56566e+09	6.18596e+09	5.29221e+09	6.78289e+09	6.98293e+09	7.01584e+09	7.77342e+09	7.09371e+09	7.71147e+09	7.30152e+09	5.09673e+09	4.7702e+09	5.16918e+09	5.03489e+09	6.23099e+09	5.89519e+09	6.19345e+09	6.15999e+09	6.44362e+09	5.17935e+09	6.29324e+09	6.6397e+09	6.45761e+09	6.01228e+09	6.23708e+09	6.04163e+09	5.0437e+09	6.57731e+09	7.02668e+09	6.95853e+09	7.06557e+09	6.8e+09	7.07605e+09	6.98495e+09	6.97568e+09	7.30906e+09	7.02073e+09	6.25852e+09	6.95297e+09	6.97416e+09	5.33714e+09	4.83497e+09	5.17916e+09	5.52169e+09	5.36356e+09	5.2207e+09	5.75132e+09	5.83412e+09	6.25895e+09	5.9485e+09	5.86463e+09	5.88246e+09	5.0632e+09	5.70919e+09	4.9107e+09	5.32735e+09	5.62943e+09	4.44439e+09	5.43211e+09	5.0011e+09	5.44214e+09	5.48743e+09	5.11844e+09	4.987e+09	5.01191e+09	5.64146e+09	5.03483e+09	5.66227e+09	5.68639e+09	5.08541e+09	5.90007e+09	6.61309e+09	6.27766e+09	6.24417e+09	5.96485e+09	6.23106e+09	5.94799e+09	5.83682e+09	5.1863e+09	5.25956e+09	5.23791e+09	5.69822e+09
ERR618510	6.31489e+09	6.6753e+09	6.71257e+09	6.7502e+09	5.92126e+09	6.7513e+09	6.35999e+09	6.30811e+09	6.38645e+09	6.93641e+09	7.00803e+09	6.38985e+09	6.0708e+09	6.71121e+09	6.39085e+09	6.03344e+09	5.16673e+09	6.59929e+09	6.79427e+09	6.8248e+09	7.55895e+09	6.89988e+09	7.49609e+09	7.10392e+09	4.9831e+09	4.65705e+09	5.0536e+09	4.92357e+09	6.07935e+09	5.75289e+09	6.02761e+09	5.99552e+09	6.25859e+09	5.04589e+09	6.11555e+09	6.45041e+09	6.2795e+09	5.85913e+09	6.06821e+09	5.88735e+09	4.91999e+09	6.3984e+09	6.83143e+09	6.76479e+09	6.86694e+09	6.61243e+09	6.88061e+09	6.791e+09	6.78359e+09	7.10361e+09	6.82425e+09	6.08503e+09	6.76174e+09	6.78162e+09	5.20668e+09	4.71461e+09	5.0494e+09	5.37974e+09	5.23184e+09	5.09473e+09	5.60595e+09	5.677e+09	6.09255e+09	5.79091e+09	5.71127e+09	5.72298e+09	4.99324e+09	5.57851e+09	4.84393e+09	5.2072e+09	5.49759e+09	4.38752e+09	5.32374e+09	4.90517e+09	5.33354e+09	5.37695e+09	5.01975e+09	4.89137e+09	4.90193e+09	5.50783e+09	4.92448e+09	5.52823e+09	5.55151e+09	4.97369e+09	5.74852e+09	6.43651e+09	6.11232e+09	6.08128e+09	5.81196e+09	6.06909e+09	5.80442e+09	5.69665e+09	5.05784e+09	5.12888e+09	5.1062e+09	5.55678e+09
ERR618508	5.73859e+09	6.03728e+09	6.08165e+09	5.92126e+09	5.5832e+09	6.10294e+09	5.77553e+09	5.73113e+09	5.78932e+09	6.25957e+09	6.31994e+09	5.80171e+09	5.50078e+09	6.06342e+09	5.79376e+09	5.46821e+09	4.71859e+09	5.97313e+09	6.1446e+09	6.17238e+09	6.79208e+09	6.23614e+09	6.74447e+09	6.40483e+09	4.53752e+09	4.26411e+09	4.60064e+09	4.48538e+09	5.49452e+09	5.21659e+09	5.48923e+09	5.46036e+09	5.70301e+09	4.63139e+09	5.57746e+09	5.86371e+09	5.71078e+09	5.3315e+09	5.52662e+09	5.35633e+09	4.51105e+09	5.80818e+09	6.18325e+09	6.12771e+09	6.21829e+09	5.99756e+09	6.22424e+09	6.14947e+09	6.13089e+09	6.40709e+09	6.16982e+09	5.53904e+09	6.1114e+09	6.129e+09	4.7453e+09	4.32047e+09	4.6151e+09	4.90496e+09	4.76743e+09	4.64689e+09	5.09856e+09	5.17647e+09	5.52872e+09	5.26777e+09	5.19797e+09	5.2177e+09	4.40968e+09	5.03213e+09	4.27999e+09	4.70952e+09	4.96823e+09	3.88687e+09	4.77224e+09	4.40257e+09	4.77992e+09	4.81868e+09	4.50215e+09	4.39052e+09	4.44997e+09	4.98717e+09	4.46984e+09	5.00555e+09	5.02595e+09	4.51336e+09	5.22371e+09	5.82292e+09	5.54361e+09	5.51504e+09	5.27882e+09	5.50265e+09	5.23323e+09	5.13977e+09	4.59204e+09	4.65478e+09	4.63714e+09	5.02559e+09
ERR618512	6.51421e+09	6.89096e+09	6.93071e+09	6.7513e+09	6.10294e+09	7.19109e+09	6.56373e+09	6.51003e+09	6.5913e+09	7.16831e+09	7.24327e+09	6.59524e+09	6.26267e+09	6.93414e+09	6.59764e+09	6.22349e+09	5.31862e+09	6.8158e+09	7.01702e+09	7.04956e+09	7.82096e+09	7.12817e+09	7.75511e+09	7.34195e+09	5.13091e+09	4.79309e+09	5.20457e+09	5.06868e+09	6.27447e+09	5.93381e+09	6.21414e+09	6.18102e+09	6.45701e+09	5.19273e+09	6.30751e+09	6.65796e+09	6.47812e+09	6.03844e+09	6.25797e+09	6.06837e+09	5.06176e+09	6.60254e+09	7.05511e+09	6.98534e+09	7.09303e+09	6.82496e+09	7.10674e+09	7.01267e+09	7.00923e+09	7.34554e+09	7.05246e+09	6.27709e+09	6.98643e+09	7.00683e+09	5.36558e+09	4.85386e+09	5.20222e+09	5.54623e+09	5.39171e+09	5.24899e+09	5.77944e+09	5.85472e+09	6.28765e+09	5.97286e+09	5.89007e+09	5.90238e+09	5.15456e+09	5.75847e+09	4.99928e+09	5.37132e+09	5.67427e+09	4.52268e+09	5.49441e+09	5.05853e+09	5.50513e+09	5.55044e+09	5.17763e+09	5.0446e+09	5.05036e+09	5.68239e+09	5.07418e+09	5.70315e+09	5.72741e+09	5.12505e+09	5.92792e+09	6.64621e+09	6.30707e+09	6.27474e+09	5.99362e+09	6.26259e+09	5.9965e+09	5.8838e+09	5.21868e+09	5.29301e+09	5.26917e+09	5.7384e+09
ERR630005	6.1529e+09	6.48958e+09	6.53527e+09	6.35999e+09	5.77553e+09	6.56373e+09	6.62421e+09	6.36727e+09	6.43298e+09	6.97599e+09	7.04677e+09	6.44902e+09	6.06614e+09	6.70832e+09	6.39763e+09	6.0278e+09	5.17467e+09	6.60322e+09	6.72168e+09	6.75203e+09	7.45993e+09	6.82389e+09	7.40803e+09	7.01924e+09	4.9243e+09	4.61942e+09	4.99341e+09	4.8665e+09	5.99633e+09	5.68254e+09	6.01868e+09	5.98693e+09	6.25997e+09	5.0482e+09	6.11681e+09	6.4453e+09	6.19634e+09	5.77067e+09	5.98945e+09	5.80001e+09	4.85811e+09	6.30732e+09	6.79226e+09	6.72697e+09	6.83288e+09	6.57653e+09	6.83674e+09	6.75242e+09	6.77189e+09	7.0877e+09	6.81453e+09	6.10209e+09	6.75114e+09	6.77023e+09	5.23633e+09	4.75988e+09	5.0891e+09	5.4128e+09	5.26209e+09	5.12747e+09	5.62512e+09	5.70755e+09	6.10483e+09	5.8113e+09	5.73326e+09	5.75359e+09	4.93723e+09	5.60051e+09	4.79245e+09	5.23777e+09	5.52752e+09	4.34779e+09	5.32069e+09	4.90467e+09	5.32897e+09	5.37334e+09	5.01627e+09	4.89099e+09	4.92683e+09	5.52798e+09	4.94906e+09	5.54765e+09	5.57001e+09	4.99726e+09	5.75159e+09	6.42761e+09	6.1119e+09	6.08031e+09	5.81543e+09	6.06567e+09	5.81129e+09	5.70734e+09	5.09524e+09	5.16527e+09	5.14414e+09	5.5786e+09
ERR630004	6.10417e+09	6.4364e+09	6.48192e+09	6.30811e+09	5.73113e+09	6.51003e+09	6.36727e+09	6.5191e+09	6.38051e+09	6.9163e+09	6.98658e+09	6.39704e+09	6.0179e+09	6.65392e+09	6.34668e+09	5.98e+09	5.13695e+09	6.55026e+09	6.66533e+09	6.69533e+09	7.39328e+09	6.76636e+09	7.34232e+09	6.95885e+09	4.88665e+09	4.58442e+09	4.95507e+09	4.82879e+09	5.94617e+09	5.63648e+09	5.97307e+09	5.94087e+09	6.21188e+09	5.0128e+09	6.07035e+09	6.39516e+09	6.1483e+09	5.7266e+09	5.94365e+09	5.75518e+09	4.82341e+09	6.2574e+09	6.73567e+09	6.67163e+09	6.77587e+09	6.52234e+09	6.77892e+09	6.6966e+09	6.71459e+09	7.02583e+09	6.75646e+09	6.05366e+09	6.69389e+09	6.7128e+09	5.1972e+09	4.7248e+09	5.05128e+09	5.37091e+09	5.22209e+09	5.08859e+09	5.58138e+09	5.6642e+09	6.0556e+09	5.76583e+09	5.68913e+09	5.70932e+09	4.89045e+09	5.55234e+09	4.74673e+09	5.1938e+09	5.48053e+09	4.30742e+09	5.27338e+09	4.8619e+09	5.28151e+09	5.32536e+09	4.97187e+09	4.84867e+09	4.8875e+09	5.4822e+09	4.90995e+09	5.50181e+09	5.52401e+09	4.95724e+09	5.70665e+09	6.37501e+09	6.06313e+09	6.03144e+09	5.76972e+09	6.01735e+09	5.76124e+09	5.65846e+09	5.05335e+09	5.12255e+09	5.10183e+09	5.53127e+09
ERR630001	6.17067e+09	6.51691e+09	6.5571e+09	6.38645e+09	5.78932e+09	6.5913e+09	6.43298e+09	6.38051e+09	6.66393e+09	7.0114e+09	7.0843e+09	6.46404e+09	6.1038e+09	6.74512e+09	6.42449e+09	6.06491e+09	5.1988e+09	6.6339e+09	6.74469e+09	6.77427e+09	7.49875e+09	6.84741e+09	7.43952e+09	7.05017e+09	4.95202e+09	4.62857e+09	5.02095e+09	4.89266e+09	6.03291e+09	5.71253e+09	6.03689e+09	6.00439e+09	6.26902e+09	5.05602e+09	6.12431e+09	6.46112e+09	6.21102e+09	5.79255e+09	6.00161e+09	5.8214e+09	4.86912e+09	6.32709e+09	6.81003e+09	6.74273e+09	6.84764e+09	6.589e+09	6.8562e+09	6.76934e+09	6.80544e+09	7.12372e+09	6.84602e+09	6.1196e+09	6.78499e+09	6.80397e+09	5.26675e+09	4.7782e+09	5.11141e+09	5.43906e+09	5.29126e+09	5.1558e+09	5.65823e+09	5.72839e+09	6.13894e+09	5.8411e+09	5.76222e+09	5.77267e+09	5.05797e+09	5.65503e+09	4.90954e+09	5.28651e+09	5.57654e+09	4.45298e+09	5.39592e+09	4.97773e+09	5.40489e+09	5.44912e+09	5.09123e+09	4.96416e+09	4.97241e+09	5.57456e+09	4.99482e+09	5.59422e+09	5.6168e+09	5.0427e+09	5.78275e+09	6.46607e+09	6.14556e+09	6.11328e+09	5.84708e+09	6.10066e+09	5.86508e+09	5.75784e+09	5.12868e+09	5.19945e+09	5.1752e+09	5.62086e+09
ERR630002	6.68871e+09	7.0844e+09	7.12853e+09	6.93641e+09	6.25957e+09	7.16831e+09	6.97599e+09	6.9163e+09	7.0114e+09	7.88167e+09	7.73325e+09	7.01129e+09	6.62441e+09	7.34927e+09	6.97983e+09	6.58123e+09	5.60468e+09	7.21864e+09	7.34086e+09	7.37389e+09	8.21662e+09	7.45878e+09	8.14304e+09	7.69452e+09	5.346e+09	4.98358e+09	5.42316e+09	5.28015e+09	6.56107e+09	6.19496e+09	6.53296e+09	6.49698e+09	6.79143e+09	5.43737e+09	6.62762e+09	7.01237e+09	6.73619e+09	6.27027e+09	6.50023e+09	6.30232e+09	5.2401e+09	6.87023e+09	7.41473e+09	7.33689e+09	7.45461e+09	7.15899e+09	7.46896e+09	7.36738e+09	7.42399e+09	7.79049e+09	7.46933e+09	6.63466e+09	7.40119e+09	7.42316e+09	5.69949e+09	5.15263e+09	5.52365e+09	5.89101e+09	5.72848e+09	5.57662e+09	6.13464e+09	6.20508e+09	6.67369e+09	6.33773e+09	6.24787e+09	6.2543e+09	5.56991e+09	6.16465e+09	5.40168e+09	5.7492e+09	6.07282e+09	4.88474e+09	5.89537e+09	5.42955e+09	5.90635e+09	5.95501e+09	5.55724e+09	5.41443e+09	5.39155e+09	6.06364e+09	5.41692e+09	6.08542e+09	6.11009e+09	5.47062e+09	6.27567e+09	7.04695e+09	6.6824e+09	6.64591e+09	6.34858e+09	6.63428e+09	6.40188e+09	6.28056e+09	5.56622e+09	5.64524e+09	5.61696e+09	6.12234e+09
ERR630000	6.75523e+09	7.15747e+09	7.20246e+09	7.00803e+09	6.31994e+09	7.24327e+09	7.04677e+09	6.98658e+09	7.0843e+09	7.73325e+09	8.05438e+09	7.08328e+09	6.69376e+09	7.43061e+09	7.05416e+09	6.65032e+09	5.65949e+09	7.29752e+09	7.42004e+09	7.45326e+09	8.31255e+09	7.53924e+09	8.23681e+09	7.78007e+09	5.40036e+09	5.03174e+09	5.47774e+09	5.3329e+09	6.63302e+09	6.26124e+09	6.59799e+09	6.56134e+09	6.8601e+09	5.48748e+09	6.6937e+09	7.08467e+09	6.80516e+09	6.333e+09	6.56424e+09	6.36518e+09	5.28867e+09	6.94153e+09	7.49154e+09	7.41252e+09	7.53218e+09	7.23093e+09	7.54695e+09	7.4439e+09	7.50539e+09	7.87795e+09	7.55085e+09	6.70243e+09	7.48163e+09	7.50413e+09	5.75771e+09	5.2027e+09	5.57838e+09	5.95085e+09	5.7862e+09	5.63233e+09	6.19789e+09	6.2686e+09	6.74475e+09	6.40377e+09	6.31265e+09	6.31846e+09	5.64506e+09	6.23417e+09	5.47385e+09	5.8124e+09	6.14025e+09	4.9477e+09	5.96478e+09	5.49233e+09	5.97617e+09	6.02553e+09	5.6218e+09	5.47671e+09	5.44768e+09	6.12966e+09	5.47347e+09	6.15145e+09	6.17612e+09	5.52767e+09	6.33853e+09	7.12177e+09	6.75123e+09	6.7143e+09	6.41183e+09	6.70246e+09	6.47811e+09	6.35444e+09	5.62883e+09	5.7087e+09	5.68044e+09	6.19304e+09
ERR630003	6.18059e+09	6.5206e+09	6.5668e+09	6.38985e+09	5.80171e+09	6.59524e+09	6.44902e+09	6.39704e+09	6.46404e+09	7.01129e+09	7.08328e+09	6.6868e+09	6.09729e+09	6.74438e+09	6.43067e+09	6.05836e+09	5.19888e+09	6.6388e+09	6.7536e+09	6.78413e+09	7.49757e+09	6.85642e+09	7.4445e+09	7.05347e+09	4.9462e+09	4.63789e+09	5.01585e+09	4.88705e+09	6.02473e+09	5.70899e+09	6.04805e+09	6.0164e+09	6.29184e+09	5.07099e+09	6.14678e+09	6.47859e+09	6.22648e+09	5.79758e+09	6.01753e+09	5.82716e+09	4.87922e+09	6.33836e+09	6.82396e+09	6.75881e+09	6.86443e+09	6.60594e+09	6.86874e+09	6.78439e+09	6.80904e+09	7.12677e+09	6.85226e+09	6.13416e+09	6.78806e+09	6.80745e+09	5.26398e+09	4.78333e+09	5.11487e+09	5.44108e+09	5.28987e+09	5.15367e+09	5.65691e+09	5.73965e+09	6.14066e+09	5.84514e+09	5.76614e+09	5.78539e+09	4.96986e+09	5.63166e+09	4.82388e+09	5.26649e+09	5.55867e+09	4.37583e+09	5.3521e+09	4.93374e+09	5.36038e+09	5.40502e+09	5.04588e+09	4.91994e+09	4.95351e+09	5.55917e+09	4.97599e+09	5.57841e+09	5.60114e+09	5.02442e+09	5.78332e+09	6.46433e+09	6.14591e+09	6.11428e+09	5.84748e+09	6.10003e+09	5.84485e+09	5.7397e+09	5.12343e+09	5.19326e+09	5.1718e+09	5.61002e+09
ERR613638	5.86122e+09	6.1926e+09	6.22477e+09	6.0708e+09	5.50078e+09	6.26267e+09	6.06614e+09	6.0179e+09	6.1038e+09	6.62441e+09	6.69376e+09	6.09729e+09	6.1385e+09	6.54427e+09	6.22753e+09	5.90357e+09	5.06396e+09	6.43095e+09	6.3996e+09	6.42675e+09	7.13679e+09	6.49667e+09	7.0743e+09	6.69875e+09	4.78617e+09	4.4585e+09	4.85248e+09	4.73029e+09	5.81266e+09	5.50414e+09	5.76563e+09	5.73616e+09	5.97079e+09	4.83456e+09	5.83232e+09	6.16188e+09	5.94442e+09	5.56159e+09	5.74272e+09	5.58852e+09	4.68065e+09	6.06136e+09	6.44249e+09	6.37575e+09	6.47536e+09	6.22161e+09	6.4884e+09	6.40189e+09	6.44746e+09	6.75681e+09	6.48452e+09	5.77913e+09	6.4274e+09	6.44534e+09	5.04749e+09	4.57711e+09	4.89473e+09	5.20518e+09	5.0717e+09	4.94182e+09	5.46486e+09	5.51144e+09	5.91364e+09	5.63088e+09	5.55463e+09	5.55322e+09	5.01517e+09	5.50193e+09	4.87009e+09	5.14489e+09	5.4214e+09	4.41702e+09	5.29778e+09	4.89401e+09	5.30707e+09	5.35081e+09	5.00644e+09	4.88108e+09	4.87935e+09	5.45815e+09	4.90088e+09	5.47609e+09	5.49659e+09	4.94759e+09	5.5633e+09	6.21137e+09	5.90323e+09	5.87457e+09	5.62554e+09	5.86605e+09	5.71411e+09	5.60766e+09	4.99002e+09	5.0591e+09	5.03345e+09	5.46914e+09
ERR613635	6.47478e+09	6.8526e+09	6.89607e+09	6.71121e+09	6.06342e+09	6.93414e+09	6.70832e+09	6.65392e+09	6.74512e+09	7.34927e+09	7.43061e+09	6.74438e+09	6.54427e+09	7.49369e+09	6.89233e+09	6.50094e+09	5.54234e+09	7.13265e+09	7.09526e+09	7.12722e+09	7.94908e+09	7.2081e+09	7.87982e+09	7.43923e+09	5.22949e+09	4.8743e+09	5.30368e+09	5.16552e+09	6.40384e+09	6.05078e+09	6.36837e+09	6.33373e+09	6.61834e+09	5.30976e+09	6.45447e+09	6.83359e+09	6.58191e+09	6.12945e+09	6.34717e+09	6.16003e+09	5.13096e+09	6.71168e+09	7.14761e+09	7.07097e+09	7.18655e+09	6.89231e+09	7.19785e+09	7.10117e+09	7.16258e+09	7.52152e+09	7.20725e+09	6.4005e+09	7.13964e+09	7.16077e+09	5.54515e+09	5.01708e+09	5.37533e+09	5.73069e+09	5.57313e+09	5.42506e+09	6.02239e+09	6.08951e+09	6.54406e+09	6.22119e+09	6.13088e+09	6.13862e+09	5.48785e+09	6.05213e+09	5.32363e+09	5.64535e+09	5.96387e+09	4.81283e+09	5.81587e+09	5.35718e+09	5.82573e+09	5.87616e+09	5.48346e+09	5.34185e+09	5.33882e+09	6.00215e+09	5.36241e+09	6.0223e+09	6.04614e+09	5.41583e+09	6.1378e+09	6.88571e+09	6.53093e+09	6.49578e+09	6.20886e+09	6.48555e+09	6.30313e+09	6.18163e+09	5.48817e+09	5.56623e+09	5.54022e+09	6.02956e+09
ERR613637	6.17525e+09	6.52194e+09	6.56566e+09	6.39085e+09	5.79376e+09	6.59764e+09	6.39763e+09	6.34668e+09	6.42449e+09	6.97983e+09	7.05416e+09	6.43067e+09	6.22753e+09	6.89233e+09	6.77572e+09	6.18749e+09	5.29946e+09	6.77777e+09	6.75155e+09	6.78184e+09	7.53155e+09	6.85653e+09	7.47294e+09	7.06561e+09	4.9963e+09	4.67044e+09	5.06684e+09	4.9366e+09	6.09204e+09	5.76713e+09	6.07896e+09	6.04721e+09	6.31706e+09	5.08984e+09	6.16708e+09	6.51352e+09	6.27859e+09	5.8509e+09	6.06257e+09	5.88035e+09	4.91744e+09	6.39604e+09	6.80617e+09	6.73645e+09	6.84594e+09	6.57294e+09	6.85293e+09	6.76336e+09	6.801e+09	7.13266e+09	6.84425e+09	6.10154e+09	6.77941e+09	6.79885e+09	5.28816e+09	4.79769e+09	5.13336e+09	5.46369e+09	5.31387e+09	5.175e+09	5.73701e+09	5.80697e+09	6.22311e+09	5.9232e+09	5.84161e+09	5.85446e+09	5.13312e+09	5.73857e+09	4.98117e+09	5.36137e+09	5.65972e+09	4.51175e+09	5.49346e+09	5.06469e+09	5.50202e+09	5.54909e+09	5.18124e+09	5.05066e+09	5.08077e+09	5.70325e+09	5.1034e+09	5.72307e+09	5.74505e+09	5.15316e+09	5.84761e+09	6.54055e+09	6.21383e+09	6.18113e+09	5.91287e+09	6.16993e+09	5.97153e+09	5.86061e+09	5.22103e+09	5.29429e+09	5.271e+09	5.72335e+09
ERR613639	5.8255e+09	6.15431e+09	6.18596e+09	6.03344e+09	5.46821e+09	6.22349e+09	6.0278e+09	5.98e+09	6.06491e+09	6.58123e+09	6.65032e+09	6.05836e+09	5.90357e+09	6.50094e+09	6.18749e+09	6.06426e+09	5.03457e+09	6.38877e+09	6.35907e+09	6.38599e+09	7.08838e+09	6.45472e+09	7.02595e+09	6.65506e+09	4.75978e+09	4.43352e+09	4.82552e+09	4.70335e+09	5.77713e+09	5.47135e+09	5.73015e+09	5.701e+09	5.93216e+09	4.80638e+09	5.79568e+09	6.12184e+09	5.90776e+09	5.52928e+09	5.70804e+09	5.55531e+09	4.65472e+09	6.02362e+09	6.40023e+09	6.33399e+09	6.43296e+09	6.18149e+09	6.44584e+09	6.36e+09	6.40397e+09	6.71019e+09	6.44039e+09	5.74169e+09	6.38404e+09	6.40189e+09	5.0162e+09	4.54895e+09	4.86447e+09	5.17226e+09	5.03983e+09	4.91111e+09	5.43112e+09	5.47661e+09	5.87595e+09	5.59553e+09	5.51989e+09	5.51804e+09	4.98154e+09	5.46537e+09	4.838e+09	5.1115e+09	5.38535e+09	4.38871e+09	5.26344e+09	4.86299e+09	5.2729e+09	5.31609e+09	4.97491e+09	4.85027e+09	4.84816e+09	5.42174e+09	4.86967e+09	5.44006e+09	5.46028e+09	4.91589e+09	5.52792e+09	6.17047e+09	5.86591e+09	5.83642e+09	5.5896e+09	5.8286e+09	5.67533e+09	5.57005e+09	4.95672e+09	5.02479e+09	4.99952e+09	5.43246e+09
ERR613640	5.00519e+09	5.26303e+09	5.29221e+09	5.16673e+09	4.71859e+09	5.31862e+09	5.17467e+09	5.13695e+09	5.1988e+09	5.60468e+09	5.65949e+09	5.19888e+09	5.06396e+09	5.54234e+09	5.29946e+09	5.03457e+09	4.53482e+09	5.45784e+09	5.42983e+09	5.45159e+09	6.00241e+09	5.50645e+09	5.95761e+09	5.66149e+09	4.13309e+09	3.86968e+09	4.18801e+09	4.08774e+09	4.95418e+09	4.71261e+09	4.93488e+09	4.9115e+09	5.10404e+09	4.18759e+09	4.99365e+09	5.25218e+09	5.077e+09	4.76425e+09	4.91653e+09	4.7866e+09	4.05716e+09	5.16586e+09	5.46702e+09	5.41569e+09	5.49571e+09	5.29448e+09	5.50206e+09	5.43564e+09	5.45707e+09	5.70124e+09	5.48817e+09	4.93417e+09	5.44157e+09	5.45515e+09	4.34289e+09	3.9647e+09	4.22323e+09	4.47137e+09	4.36179e+09	4.25753e+09	4.67988e+09	4.72571e+09	5.03817e+09	4.81558e+09	4.75541e+09	4.75927e+09	4.21372e+09	4.68698e+09	4.09695e+09	4.40031e+09	4.62644e+09	3.73431e+09	4.49888e+09	4.16868e+09	4.5058e+09	4.542e+09	4.26012e+09	4.15868e+09	4.19595e+09	4.66515e+09	4.21371e+09	4.68045e+09	4.69685e+09	4.25148e+09	4.75558e+09	5.26999e+09	5.02789e+09	5.00405e+09	4.80461e+09	4.99583e+09	4.85646e+09	4.77109e+09	4.27647e+09	4.3335e+09	4.31349e+09	4.66373e+09
ERR613636	6.37203e+09	6.73641e+09	6.78289e+09	6.59929e+09	5.97313e+09	6.8158e+09	6.60322e+09	6.55026e+09	6.6339e+09	7.21864e+09	7.29752e+09	6.6388e+09	6.43095e+09	7.13265e+09	6.77777e+09	6.38877e+09	5.45784e+09	7.23902e+09	6.97515e+09	7.00715e+09	7.79783e+09	7.08478e+09	7.73512e+09	7.30608e+09	5.14292e+09	4.80371e+09	5.21601e+09	5.08018e+09	6.2885e+09	5.94687e+09	6.27253e+09	6.23877e+09	6.52516e+09	5.24007e+09	6.36306e+09	6.73118e+09	6.48287e+09	6.03228e+09	6.25164e+09	6.06265e+09	5.05919e+09	6.60551e+09	7.02946e+09	6.95581e+09	7.06931e+09	6.78244e+09	7.0771e+09	6.98464e+09	7.03745e+09	7.38675e+09	7.083e+09	6.30341e+09	7.01422e+09	7.0353e+09	5.45491e+09	4.94298e+09	5.29248e+09	5.63878e+09	5.48148e+09	5.33752e+09	5.92398e+09	5.99812e+09	6.43527e+09	6.12184e+09	6.03241e+09	6.04763e+09	5.33497e+09	5.93587e+09	5.17588e+09	5.54095e+09	5.85306e+09	4.68282e+09	5.69091e+09	5.24329e+09	5.70002e+09	5.74955e+09	5.36522e+09	5.22779e+09	5.24255e+09	5.89314e+09	5.2656e+09	5.91348e+09	5.93649e+09	5.31793e+09	6.03648e+09	6.76503e+09	6.42077e+09	6.38641e+09	6.10505e+09	6.37454e+09	6.18172e+09	6.06462e+09	5.39624e+09	5.47251e+09	5.44923e+09	5.92081e+09
ERR636863	6.55859e+09	6.93633e+09	6.98293e+09	6.79427e+09	6.1446e+09	7.01702e+09	6.72168e+09	6.66533e+09	6.74469e+09	7.34086e+09	7.42004e+09	6.7536e+09	6.3996e+09	7.09526e+09	6.75155e+09	6.35907e+09	5.42983e+09	6.97515e+09	7.51618e+09	7.32523e+09	8.1281e+09	7.40822e+09	8.06134e+09	7.62836e+09	5.26638e+09	4.92418e+09	5.34239e+09	5.2025e+09	6.45105e+09	6.09834e+09	6.37553e+09	6.34127e+09	6.632e+09	5.32299e+09	6.47724e+09	6.83735e+09	6.67088e+09	6.20769e+09	6.44162e+09	6.23834e+09	5.19878e+09	6.79623e+09	7.29803e+09	7.22711e+09	7.33733e+09	7.05863e+09	7.34902e+09	7.25395e+09	7.13402e+09	7.47867e+09	7.17899e+09	6.38853e+09	7.11173e+09	7.13182e+09	5.41236e+09	4.89536e+09	5.24917e+09	5.59939e+09	5.4401e+09	5.29408e+09	5.84169e+09	5.92452e+09	6.36482e+09	6.04215e+09	5.95803e+09	5.97337e+09	5.18799e+09	5.7992e+09	5.02916e+09	5.40544e+09	5.71537e+09	4.54288e+09	5.53211e+09	5.0855e+09	5.5422e+09	5.58868e+09	5.20638e+09	5.07064e+09	5.06651e+09	5.71113e+09	5.09043e+09	5.73302e+09	5.75663e+09	5.14231e+09	6.01501e+09	6.75427e+09	6.4069e+09	6.3713e+09	6.0845e+09	6.35836e+09	6.03013e+09	5.91547e+09	5.24362e+09	5.31796e+09	5.29357e+09	5.76932e+09
ERR636864	6.58894e+09	6.96786e+09	7.01584e+09	6.8248e+09	6.17238e+09	7.04956e+09	6.75203e+09	6.69533e+09	6.77427e+09	7.37389e+09	7.45326e+09	6.78413e+09	6.42675e+09	7.12722e+09	6.78184e+09	6.38599e+09	5.45159e+09	7.00715e+09	7.32523e+09	7.58332e+09	8.16651e+09	7.44181e+09	8.10004e+09	7.66288e+09	5.28634e+09	4.94412e+09	5.36282e+09	5.22274e+09	6.47822e+09	6.12355e+09	6.40283e+09	6.36865e+09	6.66287e+09	5.34577e+09	6.50642e+09	6.86855e+09	6.69938e+09	6.23214e+09	6.46869e+09	6.26316e+09	5.21832e+09	6.82493e+09	7.3316e+09	7.26009e+09	7.37168e+09	7.09137e+09	7.38282e+09	7.28834e+09	7.16711e+09	7.51414e+09	7.21245e+09	6.4185e+09	7.14454e+09	7.16505e+09	5.43655e+09	4.91745e+09	5.27332e+09	5.62557e+09	5.4641e+09	5.31764e+09	5.86713e+09	5.95193e+09	6.3931e+09	6.06917e+09	5.98469e+09	6.00156e+09	5.20418e+09	5.82455e+09	5.04417e+09	5.42886e+09	5.74113e+09	4.55582e+09	5.5537e+09	5.10487e+09	5.5637e+09	5.61051e+09	5.22625e+09	5.09024e+09	5.08783e+09	5.73604e+09	5.11204e+09	5.75819e+09	5.78226e+09	5.16355e+09	6.0402e+09	6.7837e+09	6.4344e+09	6.39932e+09	6.11009e+09	6.38546e+09	6.05842e+09	5.94362e+09	5.26942e+09	5.34403e+09	5.32012e+09	5.79705e+09
ERR636860	7.2744e+09	7.72589e+09	7.77342e+09	7.55895e+09	6.79208e+09	7.82096e+09	7.45993e+09	7.39328e+09	7.49875e+09	8.21662e+09	8.31255e+09	7.49757e+09	7.13679e+09	7.94908e+09	7.53155e+09	7.08838e+09	6.00241e+09	7.79783e+09	8.1281e+09	8.16651e+09	9.45841e+09	8.26873e+09	9.0865e+09	8.54965e+09	5.84922e+09	5.4433e+09	5.93564e+09	5.77536e+09	7.23151e+09	6.80973e+09	7.03841e+09	7.00056e+09	7.32896e+09	5.83004e+09	7.14616e+09	7.57736e+09	7.39319e+09	6.8664e+09	7.12422e+09	6.90168e+09	5.70654e+09	7.54726e+09	8.1238e+09	8.03467e+09	8.16824e+09	7.82798e+09	8.18882e+09	8.06952e+09	7.96598e+09	8.38884e+09	8.01714e+09	7.06427e+09	7.9391e+09	7.96371e+09	6.01865e+09	5.41756e+09	5.82393e+09	6.22919e+09	6.05076e+09	5.88229e+09	6.49544e+09	6.57396e+09	7.09578e+09	6.71996e+09	6.6213e+09	6.62904e+09	6.01295e+09	6.54869e+09	5.82119e+09	6.08316e+09	6.44358e+09	5.23194e+09	6.29413e+09	5.77334e+09	6.30812e+09	6.36186e+09	5.91659e+09	5.75633e+09	5.67472e+09	6.4184e+09	5.70215e+09	6.44356e+09	6.47068e+09	5.7611e+09	6.67769e+09	7.54458e+09	7.13217e+09	7.09118e+09	6.75887e+09	7.07953e+09	6.82771e+09	6.68922e+09	5.89081e+09	5.97857e+09	5.9474e+09	6.50948e+09
ERR636862	6.65948e+09	7.04533e+09	7.09371e+09	6.89988e+09	6.23614e+09	7.12817e+09	6.82389e+09	6.76636e+09	6.84741e+09	7.45878e+09	7.53924e+09	6.85642e+09	6.49667e+09	7.2081e+09	6.85653e+09	6.45472e+09	5.50645e+09	7.08478e+09	7.40822e+09	7.44181e+09	8.26873e+09	7.75711e+09	8.1994e+09	7.75349e+09	5.3419e+09	4.99482e+09	5.41962e+09	5.27761e+09	6.55303e+09	6.19169e+09	6.46902e+09	6.43462e+09	6.73287e+09	5.39605e+09	6.57347e+09	6.94257e+09	6.77193e+09	6.29876e+09	6.53779e+09	6.32978e+09	5.26968e+09	6.90013e+09	7.4153e+09	7.34262e+09	7.45594e+09	7.17021e+09	7.4679e+09	7.37044e+09	7.24824e+09	7.60244e+09	7.29458e+09	6.48518e+09	7.22566e+09	7.2462e+09	5.49261e+09	4.96636e+09	5.32725e+09	5.68385e+09	5.52061e+09	5.37183e+09	5.92867e+09	6.01365e+09	6.46225e+09	6.13342e+09	6.04716e+09	6.06319e+09	5.2722e+09	5.89125e+09	5.11003e+09	5.48908e+09	5.80574e+09	4.61343e+09	5.61855e+09	5.16303e+09	5.62884e+09	5.67597e+09	5.28619e+09	5.14747e+09	5.14247e+09	5.79987e+09	5.16644e+09	5.82206e+09	5.84643e+09	5.21898e+09	6.10366e+09	6.85949e+09	6.5036e+09	6.46787e+09	6.17459e+09	6.45423e+09	6.12868e+09	6.0117e+09	5.32633e+09	5.40233e+09	5.3777e+09	5.86272e+09
ERR636861	7.21956e+09	7.65998e+09	7.71147e+09	7.49609e+09	6.74447e+09	7.75511e+09	7.40803e+09	7.34232e+09	7.43952e+09	8.14304e+09	8.23681e+09	7.4445e+09	7.0743e+09	7.87982e+09	7.47294e+09	7.02595e+09	5.95761e+09	7.73512e+09	8.06134e+09	8.10004e+09	9.0865e+09	8.1994e+09	9.27657e+09	8.47264e+09	5.79902e+09	5.40845e+09	5.88491e+09	5.72608e+09	7.16313e+09	6.75074e+09	6.99175e+09	6.95403e+09	7.28685e+09	5.79828e+09	7.10468e+09	7.52873e+09	7.34326e+09	6.81464e+09	7.07613e+09	6.84999e+09	5.66996e+09	7.49175e+09	8.06383e+09	7.97673e+09	8.11079e+09	7.77474e+09	8.12526e+09	8.01032e+09	7.896e+09	8.31197e+09	7.94911e+09	7.01618e+09	7.86946e+09	7.89407e+09	5.9695e+09	5.38022e+09	5.78119e+09	6.18058e+09	6.00121e+09	5.83449e+09	6.44057e+09	6.52759e+09	7.03568e+09	6.66648e+09	6.56915e+09	6.58323e+09	5.87734e+09	6.47566e+09	5.69094e+09	6.01884e+09	6.37644e+09	5.11921e+09	6.20236e+09	5.68822e+09	6.21542e+09	6.26892e+09	5.82774e+09	5.67118e+09	5.6172e+09	6.35528e+09	5.64399e+09	6.37992e+09	6.40667e+09	5.70265e+09	6.62043e+09	7.47475e+09	7.06999e+09	7.03074e+09	6.70034e+09	7.0164e+09	6.75432e+09	6.61879e+09	5.8414e+09	5.92756e+09	5.89969e+09	6.447e+09
ERR636859	6.84764e+09	7.25568e+09	7.30152e+09	7.10392e+09	6.40483e+09	7.34195e+09	7.01924e+09	6.95885e+09	7.05017e+09	7.69452e+09	7.78007e+09	7.05347e+09	6.69875e+09	7.43923e+09	7.06561e+09	6.65506e+09	5.66149e+09	7.30608e+09	7.62836e+09	7.66288e+09	8.54965e+09	7.75349e+09	8.47264e+09	8.24356e+09	5.50068e+09	5.1316e+09	5.58122e+09	5.43274e+09	6.76452e+09	6.38336e+09	6.64433e+09	6.60835e+09	6.91212e+09	5.52734e+09	6.74657e+09	7.13497e+09	6.95993e+09	6.4732e+09	6.71406e+09	6.50523e+09	5.40206e+09	7.09708e+09	7.63004e+09	7.55166e+09	7.67074e+09	7.36959e+09	7.68691e+09	7.58202e+09	7.4709e+09	7.84443e+09	7.51741e+09	6.66299e+09	7.44688e+09	7.4687e+09	5.65711e+09	5.10563e+09	5.48056e+09	5.85291e+09	5.68583e+09	5.53161e+09	6.1057e+09	6.18496e+09	6.65828e+09	6.31457e+09	6.22458e+09	6.23549e+09	5.52518e+09	6.10185e+09	5.3539e+09	5.67949e+09	6.00855e+09	4.82687e+09	5.83952e+09	5.36402e+09	5.85176e+09	5.90046e+09	5.49374e+09	5.34837e+09	5.31462e+09	5.99765e+09	5.34025e+09	6.02099e+09	6.04593e+09	5.39483e+09	6.28298e+09	7.07288e+09	6.6997e+09	6.66316e+09	6.35771e+09	6.64994e+09	6.35019e+09	6.22672e+09	5.50316e+09	5.58287e+09	5.55608e+09	6.06589e+09
ERR608977	4.81851e+09	5.07472e+09	5.09673e+09	4.9831e+09	4.53752e+09	5.13091e+09	4.9243e+09	4.88665e+09	4.95202e+09	5.346e+09	5.40036e+09	4.9462e+09	4.78617e+09	5.22949e+09	4.9963e+09	4.75978e+09	4.13309e+09	5.14292e+09	5.26638e+09	5.28634e+09	5.84922e+09	5.3419e+09	5.79902e+09	5.50068e+09	4.59131e+09	4.07486e+09	4.46273e+09	4.35427e+09	5.28359e+09	5.0119e+09	4.62494e+09	4.60284e+09	4.77497e+09	3.91509e+09	4.67304e+09	4.92366e+09	4.87156e+09	4.5811e+09	4.71771e+09	4.60108e+09	3.89072e+09	4.96518e+09	5.25521e+09	5.20336e+09	5.28408e+09	5.08056e+09	5.29217e+09	5.22283e+09	5.10982e+09	5.35709e+09	5.13816e+09	4.58472e+09	5.09406e+09	5.10805e+09	4.09872e+09	3.73054e+09	3.98051e+09	4.21696e+09	4.11877e+09	4.01806e+09	4.34715e+09	4.37449e+09	4.68407e+09	4.46783e+09	4.41214e+09	4.40558e+09	4.08833e+09	4.48435e+09	3.97304e+09	4.20591e+09	4.42288e+09	3.61413e+09	4.31489e+09	3.99224e+09	4.32316e+09	4.35794e+09	4.08161e+09	3.98292e+09	3.95557e+09	4.40074e+09	3.97301e+09	4.41413e+09	4.43013e+09	4.00899e+09	4.40238e+09	4.89815e+09	4.66229e+09	4.64062e+09	4.45005e+09	4.63426e+09	4.6598e+09	4.5765e+09	4.08394e+09	4.13944e+09	4.11713e+09	4.46598e+09
ERR608973	4.5182e+09	4.74212e+09	4.7702e+09	4.65705e+09	4.26411e+09	4.79309e+09	4.61942e+09	4.58442e+09	4.62857e+09	4.98358e+09	5.03174e+09	4.63789e+09	4.4585e+09	4.8743e+09	4.67044e+09	4.43352e+09	3.86968e+09	4.80371e+09	4.92418e+09	4.94412e+09	5.4433e+09	4.99482e+09	5.40845e+09	5.1316e+09	4.07486e+09	3.98814e+09	4.12603e+09	4.02787e+09	4.86882e+09	4.63363e+09	4.34179e+09	4.3214e+09	4.4976e+09	3.69578e+09	4.40273e+09	4.62475e+09	4.57605e+09	4.29094e+09	4.43499e+09	4.3105e+09	3.66485e+09	4.65254e+09	4.92329e+09	4.87794e+09	4.95594e+09	4.77038e+09	4.95521e+09	4.89494e+09	4.76688e+09	4.99303e+09	4.7977e+09	4.30367e+09	4.75137e+09	4.76502e+09	3.8291e+09	3.50235e+09	3.73116e+09	3.94696e+09	3.84779e+09	3.75484e+09	4.05468e+09	4.10198e+09	4.37016e+09	4.17503e+09	4.12383e+09	4.13457e+09	3.64995e+09	4.1452e+09	3.54701e+09	3.89314e+09	4.09765e+09	3.22972e+09	3.94711e+09	3.64704e+09	3.95279e+09	3.98535e+09	3.72708e+09	3.63866e+09	3.66782e+09	4.08525e+09	3.68335e+09	4.09757e+09	4.11301e+09	3.71716e+09	4.10944e+09	4.56282e+09	4.34958e+09	4.33066e+09	4.1521e+09	4.3202e+09	4.31569e+09	4.24301e+09	3.81321e+09	3.86378e+09	3.84838e+09	4.15299e+09
ERR608976	4.88669e+09	5.14788e+09	5.16918e+09	5.0536e+09	4.60064e+09	5.20457e+09	4.99341e+09	4.95507e+09	5.02095e+09	5.42316e+09	5.47774e+09	5.01585e+09	4.85248e+09	5.30368e+09	5.06684e+09	4.82552e+09	4.18801e+09	5.21601e+09	5.34239e+09	5.36282e+09	5.93564e+09	5.41962e+09	5.88491e+09	5.58122e+09	4.46273e+09	4.12603e+09	4.70871e+09	4.41028e+09	5.35638e+09	5.08018e+09	4.69069e+09	4.66847e+09	4.84372e+09	3.96911e+09	4.73969e+09	4.99529e+09	4.94186e+09	4.64547e+09	4.78496e+09	4.66636e+09	3.94374e+09	5.03615e+09	5.33158e+09	5.27873e+09	5.36163e+09	5.15392e+09	5.36973e+09	5.29851e+09	5.18432e+09	5.43571e+09	5.21327e+09	4.64999e+09	5.16766e+09	5.18267e+09	4.15283e+09	3.778e+09	4.0323e+09	4.27316e+09	4.17346e+09	4.07064e+09	4.40744e+09	4.43599e+09	4.75082e+09	4.53089e+09	4.4745e+09	4.4681e+09	4.14261e+09	4.54261e+09	4.02553e+09	4.25924e+09	4.48077e+09	3.66065e+09	4.37227e+09	4.04437e+09	4.38026e+09	4.41612e+09	4.13476e+09	4.03459e+09	4.00598e+09	4.45932e+09	4.02449e+09	4.47333e+09	4.48953e+09	4.061e+09	4.46438e+09	4.96903e+09	4.72914e+09	4.70716e+09	4.51312e+09	4.7008e+09	4.72223e+09	4.6377e+09	4.13684e+09	4.19294e+09	4.17081e+09	4.5248e+09
ERR608978	4.76203e+09	5.01425e+09	5.03489e+09	4.92357e+09	4.48538e+09	5.06868e+09	4.8665e+09	4.82879e+09	4.89266e+09	5.28015e+09	5.3329e+09	4.88705e+09	4.73029e+09	5.16552e+09	4.9366e+09	4.70335e+09	4.08774e+09	5.08018e+09	5.2025e+09	5.22274e+09	5.77536e+09	5.27761e+09	5.72608e+09	5.43274e+09	4.35427e+09	4.02787e+09	4.41028e+09	4.48519e+09	5.21624e+09	4.94985e+09	4.5725e+09	4.55099e+09	4.71978e+09	3.87386e+09	4.6203e+09	4.86624e+09	4.81526e+09	4.52902e+09	4.66441e+09	4.54949e+09	3.84974e+09	4.90686e+09	5.19215e+09	5.141e+09	5.22037e+09	5.02062e+09	5.22855e+09	5.1604e+09	5.04924e+09	5.29137e+09	5.07685e+09	4.53339e+09	5.03372e+09	5.04757e+09	4.05321e+09	3.69049e+09	3.93688e+09	4.16987e+09	4.07311e+09	3.97369e+09	4.29802e+09	4.32549e+09	4.62965e+09	4.41705e+09	4.36247e+09	4.35614e+09	4.03908e+09	4.43058e+09	3.92582e+09	4.15645e+09	4.37099e+09	3.57248e+09	4.26373e+09	3.94609e+09	4.27164e+09	4.30572e+09	4.0336e+09	3.93703e+09	3.91096e+09	4.34891e+09	3.92832e+09	4.36198e+09	4.37791e+09	3.9639e+09	4.35271e+09	4.84004e+09	4.60899e+09	4.58734e+09	4.39955e+09	4.58079e+09	4.60337e+09	4.52141e+09	4.0368e+09	4.09168e+09	4.06969e+09	4.41227e+09
ERR608975	5.86207e+09	6.20144e+09	6.23099e+09	6.07935e+09	5.49452e+09	6.27447e+09	5.99633e+09	5.94617e+09	6.03291e+09	6.56107e+09	6.63302e+09	6.02473e+09	5.81266e+09	6.40384e+09	6.09204e+09	5.77713e+09	4.95418e+09	6.2885e+09	6.45105e+09	6.47822e+09	7.23151e+09	6.55303e+09	7.16313e+09	6.76452e+09	5.28359e+09	4.86882e+09	5.35638e+09	5.21624e+09	6.697e+09	6.08646e+09	5.61393e+09	5.58548e+09	5.81422e+09	4.69959e+09	5.68016e+09	6.00877e+09	5.93471e+09	5.55221e+09	5.73214e+09	5.57809e+09	4.66104e+09	6.05683e+09	6.44133e+09	6.3716e+09	6.47837e+09	6.20899e+09	6.49138e+09	6.39762e+09	6.27221e+09	6.59896e+09	6.30951e+09	5.58296e+09	6.251e+09	6.27025e+09	4.93441e+09	4.46181e+09	4.78167e+09	5.09051e+09	4.96018e+09	4.83039e+09	5.26212e+09	5.30116e+09	5.70618e+09	5.42332e+09	5.34983e+09	5.34345e+09	4.96241e+09	5.42934e+09	4.81383e+09	5.06727e+09	5.34784e+09	4.3523e+09	5.22248e+09	4.81091e+09	5.23235e+09	5.27786e+09	4.92408e+09	4.79792e+09	4.74164e+09	5.31933e+09	4.76436e+09	5.33663e+09	5.35804e+09	4.81053e+09	5.34459e+09	5.99383e+09	5.68363e+09	5.65474e+09	5.40605e+09	5.647e+09	5.66202e+09	5.55392e+09	4.91749e+09	4.98847e+09	4.96153e+09	5.4103e+09
ERR608974	5.55622e+09	5.86593e+09	5.89519e+09	5.75289e+09	5.21659e+09	5.93381e+09	5.68254e+09	5.63648e+09	5.71253e+09	6.19496e+09	6.26124e+09	5.70899e+09	5.50414e+09	6.05078e+09	5.76713e+09	5.47135e+09	4.71261e+09	5.94687e+09	6.09834e+09	6.12355e+09	6.80973e+09	6.19169e+09	6.75074e+09	6.38336e+09	5.0119e+09	4.63363e+09	5.08018e+09	4.94985e+09	6.08646e+09	5.98034e+09	5.32496e+09	5.29818e+09	5.51433e+09	4.4745e+09	5.3894e+09	5.6918e+09	5.62268e+09	5.26431e+09	5.43547e+09	5.28881e+09	4.43696e+09	5.73407e+09	6.09033e+09	6.02667e+09	6.12698e+09	5.87792e+09	6.13605e+09	6.05068e+09	5.92425e+09	6.22555e+09	5.95978e+09	5.29198e+09	5.90458e+09	5.92224e+09	4.6877e+09	4.2502e+09	4.54857e+09	4.83375e+09	4.71209e+09	4.59092e+09	4.98952e+09	5.0307e+09	5.40132e+09	5.13984e+09	5.07243e+09	5.07021e+09	4.6586e+09	5.13837e+09	4.52183e+09	4.80327e+09	5.06551e+09	4.09627e+09	4.93249e+09	4.54799e+09	4.94132e+09	4.98381e+09	4.65318e+09	4.53662e+09	4.50275e+09	5.04127e+09	4.52357e+09	5.05743e+09	5.07685e+09	4.56717e+09	5.06282e+09	5.66313e+09	5.37799e+09	5.35136e+09	5.11992e+09	5.34274e+09	5.35562e+09	5.2564e+09	4.67025e+09	4.73634e+09	4.71195e+09	5.12648e+09
ERR613620	5.83639e+09	6.14815e+09	6.19345e+09	6.02761e+09	5.48923e+09	6.21414e+09	6.01868e+09	5.97307e+09	6.03689e+09	6.53296e+09	6.59799e+09	6.04805e+09	5.76563e+09	6.36837e+09	6.07896e+09	5.73015e+09	4.93488e+09	6.27253e+09	6.37553e+09	6.40283e+09	7.03841e+09	6.46902e+09	6.99175e+09	6.64433e+09	4.62494e+09	4.34179e+09	4.69069e+09	4.5725e+09	5.61393e+09	5.32496e+09	6.06357e+09	5.85454e+09	6.1125e+09	4.95435e+09	5.97528e+09	6.28369e+09	5.99117e+09	5.58952e+09	5.79574e+09	5.61612e+09	4.72433e+09	6.09167e+09	6.46538e+09	6.40796e+09	6.49919e+09	6.27425e+09	6.5051e+09	6.43121e+09	6.49033e+09	6.77141e+09	6.52989e+09	5.87588e+09	6.47171e+09	6.4882e+09	4.98426e+09	4.53947e+09	4.84587e+09	5.14971e+09	5.00651e+09	4.88105e+09	5.45124e+09	5.53496e+09	5.90761e+09	5.632e+09	5.55654e+09	5.57687e+09	4.62564e+09	5.26196e+09	4.49196e+09	4.92728e+09	5.19477e+09	4.085e+09	5.00573e+09	4.62502e+09	5.01364e+09	5.05349e+09	4.72837e+09	4.61224e+09	4.70405e+09	5.26452e+09	4.72466e+09	5.28335e+09	5.30477e+09	4.76952e+09	5.5954e+09	6.23071e+09	5.93508e+09	5.90422e+09	5.6558e+09	5.88994e+09	5.4504e+09	5.35272e+09	4.78867e+09	4.85341e+09	4.83392e+09	5.23439e+09
ERR613621	5.80551e+09	6.11537e+09	6.15999e+09	5.99552e+09	5.46036e+09	6.18102e+09	5.98693e+09	5.94087e+09	6.00439e+09	6.49698e+09	6.56134e+09	6.0164e+09	5.73616e+09	6.33373e+09	6.04721e+09	5.701e+09	4.9115e+09	6.23877e+09	6.34127e+09	6.36865e+09	7.00056e+09	6.43462e+09	6.95403e+09	6.60835e+09	4.60284e+09	4.3214e+09	4.66847e+09	4.55099e+09	5.58548e+09	5.29818e+09	5.85454e+09	6.002e+09	6.07957e+09	4.93087e+09	5.94394e+09	6.24939e+09	5.95974e+09	5.56205e+09	5.76613e+09	5.58913e+09	4.70252e+09	6.06013e+09	6.43196e+09	6.37467e+09	6.4647e+09	6.24181e+09	6.4712e+09	6.3972e+09	6.4546e+09	6.7332e+09	6.49304e+09	5.84373e+09	6.43535e+09	6.45209e+09	4.96007e+09	4.51835e+09	4.82244e+09	5.12411e+09	4.98185e+09	4.85748e+09	5.42378e+09	5.50618e+09	5.87648e+09	5.60232e+09	5.52823e+09	5.54764e+09	4.60303e+09	5.23609e+09	4.47027e+09	4.90358e+09	5.16899e+09	4.06574e+09	4.97946e+09	4.60108e+09	4.98686e+09	5.02673e+09	4.70403e+09	4.58888e+09	4.6824e+09	5.23879e+09	4.70312e+09	5.25759e+09	5.27883e+09	4.74757e+09	5.56802e+09	6.19791e+09	5.90539e+09	5.87468e+09	5.62857e+09	5.86078e+09	5.42175e+09	5.32473e+09	4.76412e+09	4.82848e+09	4.80905e+09	5.207e+09
ERR613618	6.06478e+09	6.38607e+09	6.44362e+09	6.25859e+09	5.70301e+09	6.45701e+09	6.25997e+09	6.21188e+09	6.26902e+09	6.79143e+09	6.8601e+09	6.29184e+09	5.97079e+09	6.61834e+09	6.31706e+09	5.93216e+09	5.10404e+09	6.52516e+09	6.632e+09	6.66287e+09	7.32896e+09	6.73287e+09	7.28685e+09	6.91212e+09	4.77497e+09	4.4976e+09	4.84372e+09	4.71978e+09	5.81422e+09	5.51433e+09	6.1125e+09	6.07957e+09	6.56994e+09	5.13996e+09	6.22616e+09	6.55368e+09	6.23769e+09	5.79146e+09	6.0256e+09	5.82033e+09	4.89071e+09	6.33617e+09	6.73529e+09	6.67532e+09	6.77307e+09	6.53274e+09	6.77355e+09	6.69971e+09	6.75765e+09	7.05645e+09	6.8026e+09	6.11841e+09	6.73642e+09	6.75515e+09	5.16384e+09	4.70678e+09	5.02526e+09	5.34498e+09	5.18735e+09	5.0549e+09	5.65028e+09	5.75812e+09	6.13691e+09	5.84989e+09	5.76861e+09	5.80465e+09	4.70811e+09	5.44012e+09	4.56903e+09	5.09039e+09	5.37569e+09	4.14992e+09	5.15009e+09	4.74999e+09	5.15684e+09	5.19976e+09	4.85698e+09	4.73702e+09	4.85068e+09	5.44369e+09	4.87105e+09	5.46399e+09	5.48654e+09	4.91912e+09	5.79798e+09	6.47075e+09	6.15867e+09	6.12515e+09	5.861e+09	6.10767e+09	5.64638e+09	5.54522e+09	4.97087e+09	5.03748e+09	5.02148e+09	5.43027e+09
