	ERR636707	ERR636704	ERR636705	ERR636706	ERR636703	ERR636708	ERR630397	ERR630396	ERR630394	ERR630393	ERR630395	ERR630392	ERR608119	ERR608117	ERR608118	ERR608121	ERR608122	ERR608120	ERR613447	ERR613446	ERR613443	ERR613448	ERR613445	ERR613444	ERR608582	ERR608584	ERR608580	ERR608583	ERR608579	ERR608581	ERR614481	ERR614478	ERR614477	ERR614479	ERR614480	ERR614482	ERR635348	ERR635350	ERR635349	ERR635351	ERR635346	ERR635347	ERR637065	ERR637067	ERR637068	ERR637066	ERR637063	ERR637064	ERR613811	ERR613807	ERR613808	ERR613810	ERR613809	ERR613806	ERR614936	ERR614933	ERR614931	ERR614932	ERR614934	ERR614935	ERR618729	ERR618733	ERR618731	ERR618734	ERR618730	ERR618732	ERR616153	ERR616148	ERR616152	ERR616150	ERR616151	ERR616149	ERR617415	ERR617416	ERR617418	ERR617420	ERR617417	ERR617419	ERR618173	ERR618174	ERR618172	ERR618170	ERR618171	ERR618169	ERR617217	ERR617218	ERR617215	ERR617219	ERR617216	ERR617220	ERR612762	ERR612759	ERR612760	ERR612763	ERR612761	ERR612764
ERR636707	5.47236e+09	5.46925e+09	5.22818e+09	5.29886e+09	5.07814e+09	5.25429e+09	4.76181e+09	4.50432e+09	5.45385e+09	5.22045e+09	4.61363e+09	5.516e+09	6.05938e+09	5.78759e+09	6.05255e+09	5.45668e+09	5.48875e+09	5.38761e+09	5.46384e+09	5.37083e+09	6.15567e+09	4.66696e+09	5.86845e+09	5.56555e+09	6.41501e+09	6.43462e+09	6.23799e+09	6.39272e+09	4.97829e+09	6.4587e+09	4.4201e+09	5.11918e+09	4.16258e+09	5.40231e+09	4.44443e+09	4.35414e+09	6.01268e+09	6.50131e+09	6.49278e+09	6.50865e+09	6.44156e+09	6.01637e+09	5.79225e+09	5.72232e+09	5.75273e+09	5.71054e+09	5.544e+09	5.78787e+09	5.0845e+09	5.77889e+09	5.4794e+09	5.06843e+09	5.12145e+09	5.4085e+09	6.57851e+09	5.85208e+09	5.87391e+09	5.97364e+09	6.58177e+09	6.55492e+09	5.71013e+09	5.6593e+09	5.52892e+09	5.72392e+09	5.5074e+09	5.62997e+09	6.11524e+09	5.24701e+09	6.03449e+09	5.06465e+09	6.01094e+09	5.54086e+09	5.24764e+09	5.32346e+09	5.71213e+09	5.50183e+09	5.33013e+09	5.76366e+09	5.42295e+09	5.30743e+09	5.58091e+09	5.51989e+09	5.75081e+09	5.54713e+09	6.09353e+09	5.41823e+09	5.87354e+09	5.55708e+09	6.09223e+09	5.31519e+09	5.75925e+09	6.33962e+09	4.96146e+09	5.80746e+09	6.02742e+09	5.71334e+09
ERR636704	5.46925e+09	5.83623e+09	5.3993e+09	5.4698e+09	5.24124e+09	5.42365e+09	4.90964e+09	4.6403e+09	5.63768e+09	5.39148e+09	4.75603e+09	5.70183e+09	6.28308e+09	5.99739e+09	6.27593e+09	5.65047e+09	5.68426e+09	5.57743e+09	5.65254e+09	5.55485e+09	6.37975e+09	4.8169e+09	6.07758e+09	5.75962e+09	6.64816e+09	6.66884e+09	6.46095e+09	6.62454e+09	5.13612e+09	6.69462e+09	4.56397e+09	5.29607e+09	4.29584e+09	5.594e+09	4.58988e+09	4.49524e+09	6.22512e+09	6.73989e+09	6.73119e+09	6.74822e+09	6.6772e+09	6.22805e+09	5.99856e+09	5.9247e+09	5.95668e+09	5.91271e+09	5.73786e+09	5.99445e+09	5.24838e+09	5.97959e+09	5.66319e+09	5.23129e+09	5.28733e+09	5.58906e+09	6.82089e+09	6.05529e+09	6.07769e+09	6.18267e+09	6.82418e+09	6.7958e+09	5.91286e+09	5.85927e+09	5.72323e+09	5.92755e+09	5.70002e+09	5.82862e+09	6.33245e+09	5.41999e+09	6.24794e+09	5.22941e+09	6.22284e+09	5.72946e+09	5.42289e+09	5.50347e+09	5.91141e+09	5.69019e+09	5.51037e+09	5.96588e+09	5.60604e+09	5.48422e+09	5.77245e+09	5.70795e+09	5.9507e+09	5.73554e+09	6.31287e+09	5.60255e+09	6.07976e+09	5.74918e+09	6.31138e+09	5.49291e+09	5.95668e+09	6.56939e+09	5.11875e+09	6.00726e+09	6.23923e+09	5.90891e+09
ERR636705	5.22818e+09	5.3993e+09	5.33558e+09	5.22866e+09	5.01697e+09	5.18503e+09	4.70214e+09	4.44913e+09	5.38049e+09	5.15452e+09	4.55695e+09	5.44135e+09	5.9759e+09	5.70819e+09	5.96548e+09	5.3815e+09	5.41219e+09	5.31552e+09	5.3905e+09	5.29903e+09	6.0702e+09	4.61278e+09	5.79073e+09	5.49394e+09	6.32394e+09	6.34335e+09	6.15107e+09	6.30219e+09	4.92136e+09	6.36514e+09	4.36086e+09	5.04807e+09	4.11403e+09	5.3247e+09	4.38508e+09	4.29591e+09	5.93426e+09	6.41083e+09	6.40252e+09	6.4178e+09	6.35301e+09	5.93901e+09	5.72011e+09	5.6494e+09	5.67885e+09	5.63842e+09	5.47543e+09	5.71271e+09	5.01988e+09	5.70086e+09	5.41005e+09	5.00378e+09	5.05627e+09	5.33909e+09	6.48594e+09	5.77551e+09	5.79871e+09	5.8955e+09	6.48917e+09	6.4629e+09	5.62014e+09	5.5698e+09	5.44323e+09	5.63287e+09	5.42262e+09	5.54158e+09	6.01888e+09	5.16718e+09	5.94051e+09	4.98688e+09	5.9167e+09	5.45485e+09	5.1724e+09	5.24447e+09	5.62394e+09	5.42083e+09	5.25081e+09	5.67461e+09	5.34893e+09	5.23606e+09	5.50291e+09	5.44242e+09	5.66843e+09	5.4718e+09	5.99956e+09	5.33781e+09	5.78643e+09	5.47463e+09	5.99899e+09	5.24486e+09	5.68281e+09	6.25054e+09	4.90097e+09	5.72981e+09	5.94685e+09	5.6387e+09
ERR636706	5.29886e+09	5.4698e+09	5.22866e+09	5.47224e+09	5.0781e+09	5.25447e+09	4.7622e+09	4.50479e+09	5.4546e+09	5.22092e+09	4.61463e+09	5.51653e+09	6.06256e+09	5.79038e+09	6.05561e+09	5.45936e+09	5.49148e+09	5.39e+09	5.46549e+09	5.37196e+09	6.15822e+09	4.66799e+09	5.87065e+09	5.56716e+09	6.41587e+09	6.43536e+09	6.23883e+09	6.3937e+09	4.97897e+09	6.46032e+09	4.42048e+09	5.11948e+09	4.16293e+09	5.40357e+09	4.44443e+09	4.35467e+09	6.01525e+09	6.50386e+09	6.4955e+09	6.51146e+09	6.44383e+09	6.01827e+09	5.79536e+09	5.72549e+09	5.75541e+09	5.71378e+09	5.54676e+09	5.79108e+09	5.08605e+09	5.77985e+09	5.48057e+09	5.06954e+09	5.1224e+09	5.40914e+09	6.58099e+09	5.85355e+09	5.87565e+09	5.97577e+09	6.58382e+09	6.55723e+09	5.70941e+09	5.65879e+09	5.52843e+09	5.72351e+09	5.50664e+09	5.6294e+09	6.11563e+09	5.24648e+09	6.03481e+09	5.06485e+09	6.01045e+09	5.54042e+09	5.24709e+09	5.32338e+09	5.71143e+09	5.50095e+09	5.32943e+09	5.76342e+09	5.42348e+09	5.30784e+09	5.58135e+09	5.52094e+09	5.75113e+09	5.54695e+09	6.09387e+09	5.4185e+09	5.87323e+09	5.55808e+09	6.09311e+09	5.31505e+09	5.7591e+09	6.34092e+09	4.9612e+09	5.80748e+09	6.0277e+09	5.71356e+09
ERR636703	5.07814e+09	5.24124e+09	5.01697e+09	5.0781e+09	5.03852e+09	5.03699e+09	4.57228e+09	4.32887e+09	5.22208e+09	5.00558e+09	4.43215e+09	5.28063e+09	5.79006e+09	5.53446e+09	5.78153e+09	5.22095e+09	5.25137e+09	5.15716e+09	5.23095e+09	5.14282e+09	5.88263e+09	4.48405e+09	5.61481e+09	5.32951e+09	6.12424e+09	6.14275e+09	5.95901e+09	6.1039e+09	4.7829e+09	6.16422e+09	4.24014e+09	4.90036e+09	4.0017e+09	5.16556e+09	4.26328e+09	4.17812e+09	5.75188e+09	6.20762e+09	6.19908e+09	6.21396e+09	6.15218e+09	5.75663e+09	5.54605e+09	5.47887e+09	5.50702e+09	5.46755e+09	5.31224e+09	5.53942e+09	4.87802e+09	5.5289e+09	5.24997e+09	4.86341e+09	4.91248e+09	5.18386e+09	6.27982e+09	5.60056e+09	5.62234e+09	5.71484e+09	6.28236e+09	6.25753e+09	5.44825e+09	5.39957e+09	5.27826e+09	5.46014e+09	5.25833e+09	5.37249e+09	5.83335e+09	5.01891e+09	5.75884e+09	4.84634e+09	5.73549e+09	5.29371e+09	5.02047e+09	5.09002e+09	5.45356e+09	5.25854e+09	5.09578e+09	5.5029e+09	5.19086e+09	5.08296e+09	5.338e+09	5.28147e+09	5.49746e+09	5.30904e+09	5.8138e+09	5.17999e+09	5.60985e+09	5.31141e+09	5.8136e+09	5.09036e+09	5.51154e+09	6.05503e+09	4.76311e+09	5.55662e+09	5.7639e+09	5.46887e+09
ERR636708	5.25429e+09	5.42365e+09	5.18503e+09	5.25447e+09	5.03699e+09	5.38336e+09	4.72401e+09	4.46993e+09	5.4079e+09	5.17714e+09	4.57802e+09	5.46888e+09	6.00197e+09	5.73342e+09	5.99602e+09	5.40728e+09	5.43896e+09	5.33809e+09	5.41526e+09	5.32306e+09	6.0983e+09	4.62751e+09	5.81436e+09	5.51535e+09	6.35591e+09	6.37566e+09	6.18155e+09	6.33425e+09	4.93733e+09	6.40001e+09	4.38234e+09	5.07272e+09	4.12719e+09	5.35349e+09	4.40644e+09	4.31768e+09	5.95856e+09	6.44163e+09	6.43324e+09	6.44866e+09	6.38242e+09	5.96213e+09	5.73883e+09	5.66928e+09	5.69942e+09	5.65785e+09	5.49335e+09	5.73434e+09	5.0429e+09	5.72775e+09	5.43272e+09	5.02665e+09	5.07988e+09	5.36252e+09	6.51812e+09	5.80115e+09	5.8222e+09	5.92086e+09	6.5211e+09	6.49448e+09	5.66169e+09	5.61052e+09	5.48215e+09	5.67508e+09	5.46076e+09	5.58198e+09	6.06188e+09	5.2049e+09	5.98244e+09	5.0254e+09	5.95854e+09	5.49558e+09	5.20396e+09	5.27971e+09	5.66362e+09	5.45498e+09	5.28587e+09	5.71447e+09	5.37819e+09	5.26469e+09	5.53454e+09	5.47353e+09	5.70188e+09	5.50015e+09	6.04082e+09	5.37424e+09	5.82263e+09	5.51188e+09	6.03966e+09	5.27084e+09	5.70784e+09	6.28185e+09	4.92025e+09	5.75544e+09	5.97256e+09	5.66308e+09
ERR630397	4.76181e+09	4.90964e+09	4.70214e+09	4.7622e+09	4.57228e+09	4.72401e+09	4.75834e+09	4.35099e+09	5.22949e+09	5.00901e+09	4.4572e+09	5.28652e+09	5.44057e+09	5.18015e+09	5.43237e+09	4.88335e+09	4.91289e+09	4.82123e+09	4.96354e+09	4.87988e+09	5.58559e+09	4.24513e+09	5.32006e+09	5.04013e+09	5.9398e+09	5.95774e+09	5.78008e+09	5.92133e+09	4.64662e+09	5.97829e+09	4.09311e+09	4.70701e+09	3.84856e+09	4.95587e+09	4.11617e+09	4.03414e+09	5.49581e+09	5.96812e+09	5.96051e+09	5.97478e+09	5.90898e+09	5.50254e+09	5.18747e+09	5.12128e+09	5.15063e+09	5.10951e+09	4.95611e+09	5.18262e+09	4.70117e+09	5.31573e+09	5.04721e+09	4.68811e+09	4.73516e+09	4.98647e+09	6.06042e+09	5.38476e+09	5.39766e+09	5.48858e+09	6.0636e+09	6.03796e+09	5.5563e+09	5.51008e+09	5.38678e+09	5.57078e+09	5.36466e+09	5.48137e+09	5.67718e+09	4.908e+09	5.60588e+09	4.75054e+09	5.58659e+09	5.1718e+09	5.03652e+09	5.11355e+09	5.4645e+09	5.27158e+09	5.11923e+09	5.51069e+09	5.15461e+09	5.04761e+09	5.29915e+09	5.24424e+09	5.45272e+09	5.2626e+09	5.81401e+09	5.19591e+09	5.60792e+09	5.32561e+09	5.81052e+09	5.09629e+09	5.28567e+09	5.80696e+09	4.56785e+09	5.32301e+09	5.52171e+09	5.24114e+09
ERR630396	4.50432e+09	4.6403e+09	4.44913e+09	4.50479e+09	4.32887e+09	4.46993e+09	4.35099e+09	4.28546e+09	4.93768e+09	4.73395e+09	4.22902e+09	4.99033e+09	5.11776e+09	4.87662e+09	5.11104e+09	4.6033e+09	4.63131e+09	4.54516e+09	4.68284e+09	4.60627e+09	5.25607e+09	4.01586e+09	5.0107e+09	4.75137e+09	5.5888e+09	5.60545e+09	5.44198e+09	5.57204e+09	4.39869e+09	5.62467e+09	3.8721e+09	4.43816e+09	3.64151e+09	4.66844e+09	3.8937e+09	3.81727e+09	5.17902e+09	5.61199e+09	5.60522e+09	5.61871e+09	5.55801e+09	5.1844e+09	4.88573e+09	4.82537e+09	4.85238e+09	4.81403e+09	4.6717e+09	4.8818e+09	4.45035e+09	5.01587e+09	4.76783e+09	4.43865e+09	4.48171e+09	4.71263e+09	5.69648e+09	5.07603e+09	5.08789e+09	5.17083e+09	5.69937e+09	5.67576e+09	5.24017e+09	5.1981e+09	5.08385e+09	5.25406e+09	5.06258e+09	5.17138e+09	5.35154e+09	4.64548e+09	5.28581e+09	4.50204e+09	5.26852e+09	4.8882e+09	4.7605e+09	4.83275e+09	5.15602e+09	4.97804e+09	4.83809e+09	5.1987e+09	4.86937e+09	4.77142e+09	5.00266e+09	4.9523e+09	5.14399e+09	4.96808e+09	5.47706e+09	4.90915e+09	5.28608e+09	5.02745e+09	5.47312e+09	4.81422e+09	4.98768e+09	5.46637e+09	4.32533e+09	5.02128e+09	5.20342e+09	4.94638e+09
ERR630394	5.45385e+09	5.63768e+09	5.38049e+09	5.4546e+09	5.22208e+09	5.4079e+09	5.22949e+09	4.93768e+09	6.23967e+09	5.75105e+09	5.06682e+09	6.10047e+09	6.33922e+09	6.02183e+09	6.33029e+09	5.65944e+09	5.69617e+09	5.58363e+09	5.73642e+09	5.63392e+09	6.50122e+09	4.86281e+09	6.17377e+09	5.83104e+09	6.91823e+09	6.94064e+09	6.71789e+09	6.89512e+09	5.30663e+09	6.96748e+09	4.69229e+09	5.44575e+09	4.40205e+09	5.75351e+09	4.72032e+09	4.62082e+09	6.36484e+09	6.95422e+09	6.94452e+09	6.96309e+09	6.88193e+09	6.37139e+09	6.01319e+09	5.93203e+09	5.96851e+09	5.91865e+09	5.73138e+09	6.00796e+09	5.37623e+09	6.13868e+09	5.80331e+09	5.36066e+09	5.4185e+09	5.72917e+09	7.06892e+09	6.22393e+09	6.23963e+09	6.35281e+09	7.07216e+09	7.0401e+09	6.44602e+09	6.38749e+09	6.23632e+09	6.46225e+09	6.20828e+09	6.35231e+09	6.58916e+09	5.63277e+09	6.49972e+09	5.4387e+09	6.47636e+09	5.96139e+09	5.79061e+09	5.88545e+09	6.32255e+09	6.08214e+09	5.8931e+09	6.38075e+09	5.93333e+09	5.80005e+09	6.11477e+09	6.04599e+09	6.30704e+09	6.06936e+09	6.7604e+09	5.98881e+09	6.50243e+09	6.14981e+09	6.7563e+09	5.86099e+09	6.10437e+09	6.75481e+09	5.2205e+09	6.15046e+09	6.39789e+09	6.04847e+09
ERR630393	5.22045e+09	5.39148e+09	5.15452e+09	5.22092e+09	5.00558e+09	5.17714e+09	5.00901e+09	4.73395e+09	5.75105e+09	5.696e+09	4.85425e+09	5.81865e+09	6.03795e+09	5.73975e+09	6.0244e+09	5.39553e+09	5.42942e+09	5.3274e+09	5.47544e+09	5.37968e+09	6.19377e+09	4.66376e+09	5.89157e+09	5.57081e+09	6.58096e+09	6.60254e+09	6.39769e+09	6.56026e+09	5.0949e+09	6.62403e+09	4.48901e+09	5.19679e+09	4.22545e+09	5.48125e+09	4.51518e+09	4.42128e+09	6.07319e+09	6.61765e+09	6.60897e+09	6.62487e+09	6.55053e+09	6.08378e+09	5.74734e+09	5.66834e+09	5.70136e+09	5.65535e+09	5.48283e+09	5.73797e+09	5.14581e+09	5.85601e+09	5.54862e+09	5.13146e+09	5.18455e+09	5.477e+09	6.72434e+09	5.94057e+09	5.9596e+09	6.06365e+09	6.72792e+09	6.69802e+09	6.11921e+09	6.06471e+09	5.92548e+09	6.13303e+09	5.90119e+09	6.03172e+09	6.25423e+09	5.36206e+09	6.17209e+09	5.17836e+09	6.14879e+09	5.66606e+09	5.52201e+09	5.6052e+09	6.01082e+09	5.79098e+09	5.61174e+09	6.06473e+09	5.662e+09	5.5397e+09	5.82808e+09	5.76464e+09	6.00599e+09	5.79163e+09	6.41458e+09	5.69843e+09	6.18132e+09	5.84805e+09	6.41248e+09	5.59691e+09	5.82615e+09	6.43033e+09	5.00304e+09	5.87105e+09	6.10265e+09	5.77524e+09
ERR630395	4.61363e+09	4.75603e+09	4.55695e+09	4.61463e+09	4.43215e+09	4.57802e+09	4.4572e+09	4.22902e+09	5.06682e+09	4.85425e+09	4.49045e+09	5.12089e+09	5.25738e+09	5.0076e+09	5.25049e+09	4.72475e+09	4.75372e+09	4.66449e+09	4.80393e+09	4.72395e+09	5.39831e+09	4.11285e+09	5.143e+09	4.87425e+09	5.74313e+09	5.75962e+09	5.59033e+09	5.72541e+09	4.50545e+09	5.78006e+09	3.96967e+09	4.55541e+09	3.73085e+09	4.79453e+09	3.9923e+09	3.91305e+09	5.31528e+09	5.76676e+09	5.75955e+09	5.77365e+09	5.71059e+09	5.32126e+09	5.01412e+09	4.95158e+09	4.97979e+09	4.9403e+09	4.79257e+09	5.01059e+09	4.55926e+09	5.1463e+09	4.8886e+09	4.5474e+09	4.59235e+09	4.83103e+09	5.85446e+09	5.20838e+09	5.21995e+09	5.30691e+09	5.85723e+09	5.8325e+09	5.38495e+09	5.34108e+09	5.2231e+09	5.39998e+09	5.20074e+09	5.31369e+09	5.49729e+09	4.76432e+09	5.42856e+09	4.61604e+09	5.41102e+09	5.01676e+09	4.88495e+09	4.96048e+09	5.2958e+09	5.11087e+09	4.96618e+09	5.3408e+09	4.99805e+09	4.89592e+09	5.13642e+09	5.08358e+09	5.2829e+09	5.09979e+09	5.62886e+09	5.03937e+09	5.43031e+09	5.16284e+09	5.62471e+09	4.94031e+09	5.11615e+09	5.61435e+09	4.4291e+09	5.15147e+09	5.34087e+09	5.07356e+09
ERR630392	5.516e+09	5.70183e+09	5.44135e+09	5.51653e+09	5.28063e+09	5.46888e+09	5.28652e+09	4.99033e+09	6.10047e+09	5.81865e+09	5.12089e+09	6.38783e+09	6.42311e+09	6.09928e+09	6.41297e+09	5.72871e+09	5.76624e+09	5.65238e+09	5.80578e+09	5.70093e+09	6.58679e+09	4.91949e+09	6.25338e+09	5.9042e+09	7.00672e+09	7.02979e+09	6.80311e+09	6.98358e+09	5.36787e+09	7.05653e+09	4.7469e+09	5.51421e+09	4.45493e+09	5.82738e+09	4.77549e+09	4.67393e+09	6.44344e+09	7.04441e+09	7.03401e+09	7.05296e+09	6.9702e+09	6.45087e+09	6.09103e+09	6.0077e+09	6.04477e+09	5.9941e+09	5.80442e+09	6.085e+09	5.43605e+09	6.21159e+09	5.87137e+09	5.42084e+09	5.47886e+09	5.79467e+09	7.16108e+09	6.29921e+09	6.31609e+09	6.43181e+09	7.16506e+09	7.13235e+09	6.52599e+09	6.46589e+09	6.31316e+09	6.54248e+09	6.28478e+09	6.43038e+09	6.66638e+09	5.69139e+09	6.57532e+09	5.4941e+09	6.55047e+09	6.02568e+09	5.85774e+09	5.9538e+09	6.39903e+09	6.15486e+09	5.96131e+09	6.45828e+09	6.00273e+09	5.86744e+09	6.18735e+09	6.11714e+09	6.38337e+09	6.14222e+09	6.84356e+09	6.05698e+09	6.5811e+09	6.22067e+09	6.83949e+09	5.92951e+09	6.17651e+09	6.8406e+09	5.27839e+09	6.22436e+09	6.47697e+09	6.12023e+09
ERR608119	6.05938e+09	6.28308e+09	5.9759e+09	6.06256e+09	5.79006e+09	6.00197e+09	5.44057e+09	5.11776e+09	6.33922e+09	6.03795e+09	5.25738e+09	6.42311e+09	8.35486e+09	7.71643e+09	8.11259e+09	7.21167e+09	7.25904e+09	7.11232e+09	6.95939e+09	6.82708e+09	7.95738e+09	5.85882e+09	7.54211e+09	7.10882e+09	7.68156e+09	7.70827e+09	7.43681e+09	7.64744e+09	5.77615e+09	7.74206e+09	5.71501e+09	6.71768e+09	5.36873e+09	7.12696e+09	5.75339e+09	5.62368e+09	7.15103e+09	7.81731e+09	7.80447e+09	7.82427e+09	7.73432e+09	7.15344e+09	7.45886e+09	7.35281e+09	7.39844e+09	7.33948e+09	7.10556e+09	7.45369e+09	5.86883e+09	6.78331e+09	6.38681e+09	5.84868e+09	5.91604e+09	6.29268e+09	7.90541e+09	6.90315e+09	6.93854e+09	7.07089e+09	7.90953e+09	7.87258e+09	6.67761e+09	6.61373e+09	6.44134e+09	6.70411e+09	6.40968e+09	6.57483e+09	7.23272e+09	6.07103e+09	7.12432e+09	5.83895e+09	7.09247e+09	6.45863e+09	6.07314e+09	6.18201e+09	6.69534e+09	6.41486e+09	6.18601e+09	6.76704e+09	6.33707e+09	6.18531e+09	6.54798e+09	6.46437e+09	6.77345e+09	6.50154e+09	7.16779e+09	6.26424e+09	6.86787e+09	6.45041e+09	7.16977e+09	6.13235e+09	6.75805e+09	7.5503e+09	5.72632e+09	6.82418e+09	7.1218e+09	6.7007e+09
ERR608117	5.78759e+09	5.99739e+09	5.70819e+09	5.79038e+09	5.53446e+09	5.73342e+09	5.18015e+09	4.87662e+09	6.02183e+09	5.73975e+09	5.0076e+09	6.09928e+09	7.71643e+09	7.55963e+09	7.71117e+09	6.88892e+09	6.93219e+09	6.79548e+09	6.63428e+09	6.51122e+09	7.55317e+09	5.60505e+09	7.17214e+09	6.77296e+09	7.29034e+09	7.31523e+09	7.06322e+09	7.25865e+09	5.50864e+09	7.34681e+09	5.4468e+09	6.38237e+09	5.11985e+09	6.76347e+09	5.48223e+09	5.36112e+09	6.81754e+09	7.42532e+09	7.41415e+09	7.43226e+09	7.35026e+09	6.81867e+09	7.10995e+09	7.01409e+09	7.05636e+09	7.00182e+09	6.78649e+09	7.10692e+09	5.60848e+09	6.46779e+09	6.0951e+09	5.58845e+09	5.65178e+09	6.00724e+09	7.50416e+09	6.58265e+09	6.61477e+09	6.73849e+09	7.50749e+09	7.4743e+09	6.28431e+09	6.22455e+09	6.06468e+09	6.30817e+09	6.03544e+09	6.18926e+09	6.86906e+09	5.78396e+09	6.76812e+09	5.56457e+09	6.73754e+09	6.14591e+09	5.74659e+09	5.84795e+09	6.32499e+09	6.06441e+09	5.85113e+09	6.39184e+09	6.01233e+09	5.8712e+09	6.20974e+09	6.13225e+09	6.41934e+09	6.16625e+09	6.77092e+09	5.93341e+09	6.49335e+09	6.10529e+09	6.77401e+09	5.80861e+09	6.43845e+09	7.17486e+09	5.47162e+09	6.50054e+09	6.7777e+09	6.38601e+09
ERR608118	6.05255e+09	6.27593e+09	5.96548e+09	6.05561e+09	5.78153e+09	5.99602e+09	5.43237e+09	5.11104e+09	6.33029e+09	6.0244e+09	5.25049e+09	6.41297e+09	8.11259e+09	7.71117e+09	8.34191e+09	7.2139e+09	7.26289e+09	7.1103e+09	6.95296e+09	6.82067e+09	7.94362e+09	5.84501e+09	7.52574e+09	7.09424e+09	7.66983e+09	7.69559e+09	7.42396e+09	7.6356e+09	5.75666e+09	7.73368e+09	5.70945e+09	6.70708e+09	5.35123e+09	7.12058e+09	5.74746e+09	5.61819e+09	7.13923e+09	7.80447e+09	7.7925e+09	7.81268e+09	7.72097e+09	7.13824e+09	7.43695e+09	7.33483e+09	7.38091e+09	7.32117e+09	7.0871e+09	7.43793e+09	5.8641e+09	6.77765e+09	6.37639e+09	5.84323e+09	5.91054e+09	6.28482e+09	7.89216e+09	6.89324e+09	6.92435e+09	7.05794e+09	7.89635e+09	7.85915e+09	6.67267e+09	6.60947e+09	6.43512e+09	6.70113e+09	6.40199e+09	6.57128e+09	7.24919e+09	6.08818e+09	7.13982e+09	5.86031e+09	7.10899e+09	6.47816e+09	6.06855e+09	6.18367e+09	6.6979e+09	6.41237e+09	6.1876e+09	6.76955e+09	6.32873e+09	6.17637e+09	6.54212e+09	6.45797e+09	6.76763e+09	6.4893e+09	7.17058e+09	6.26678e+09	6.86323e+09	6.45236e+09	7.1709e+09	6.1194e+09	6.74721e+09	7.53962e+09	5.71583e+09	6.81225e+09	7.10814e+09	6.68948e+09
ERR608121	5.45668e+09	5.65047e+09	5.3815e+09	5.45936e+09	5.22095e+09	5.40728e+09	4.88335e+09	4.6033e+09	5.65944e+09	5.39553e+09	4.72475e+09	5.72871e+09	7.21167e+09	6.88892e+09	7.2139e+09	6.67203e+09	6.52309e+09	6.39413e+09	6.23733e+09	6.12505e+09	7.06052e+09	5.28393e+09	6.7144e+09	6.35392e+09	6.82587e+09	6.84733e+09	6.61779e+09	6.79701e+09	5.17981e+09	6.88026e+09	5.13206e+09	5.98602e+09	4.81506e+09	6.33868e+09	5.1632e+09	5.05292e+09	6.39699e+09	6.9441e+09	6.93448e+09	6.95107e+09	6.87568e+09	6.39509e+09	6.65575e+09	6.57322e+09	6.61106e+09	6.56128e+09	6.36664e+09	6.65907e+09	5.29235e+09	6.08274e+09	5.73706e+09	5.273e+09	5.33229e+09	5.65801e+09	7.01416e+09	6.18544e+09	6.21076e+09	6.32426e+09	7.01751e+09	6.98716e+09	5.87556e+09	5.82253e+09	5.6726e+09	5.90047e+09	5.64578e+09	5.79002e+09	6.46535e+09	5.47015e+09	6.3722e+09	5.27143e+09	6.34556e+09	5.80498e+09	5.39345e+09	5.49246e+09	5.93151e+09	5.68764e+09	5.4949e+09	5.99256e+09	5.64553e+09	5.51505e+09	5.8298e+09	5.75707e+09	6.02259e+09	5.78339e+09	6.34633e+09	5.57764e+09	6.08575e+09	5.73526e+09	6.34745e+09	5.44872e+09	6.05404e+09	6.72296e+09	5.16256e+09	6.10997e+09	6.3598e+09	6.00592e+09
ERR608122	5.48875e+09	5.68426e+09	5.41219e+09	5.49148e+09	5.25137e+09	5.43896e+09	4.91289e+09	4.63131e+09	5.69617e+09	5.42942e+09	4.75372e+09	5.76624e+09	7.25904e+09	6.93219e+09	7.26289e+09	6.52309e+09	6.75309e+09	6.43242e+09	6.2761e+09	6.16258e+09	7.10765e+09	5.31329e+09	6.75783e+09	6.3934e+09	6.87162e+09	6.89307e+09	6.66083e+09	6.84246e+09	5.2104e+09	6.92648e+09	5.16339e+09	6.02509e+09	4.84322e+09	6.38149e+09	5.19574e+09	5.08365e+09	6.43604e+09	6.98944e+09	6.97997e+09	6.99687e+09	6.92025e+09	6.43352e+09	6.69535e+09	6.61247e+09	6.65076e+09	6.60039e+09	6.40338e+09	6.69937e+09	5.32382e+09	6.12085e+09	5.77129e+09	5.30443e+09	5.3644e+09	5.69181e+09	7.06121e+09	6.22366e+09	6.24878e+09	6.36367e+09	7.06459e+09	7.03383e+09	5.92055e+09	5.86704e+09	5.71586e+09	5.94556e+09	5.68837e+09	5.83433e+09	6.50961e+09	5.5055e+09	6.4151e+09	5.30562e+09	6.38836e+09	5.84331e+09	5.43114e+09	5.53155e+09	5.9744e+09	5.72819e+09	5.53448e+09	6.03621e+09	5.68331e+09	5.55181e+09	5.86889e+09	5.79579e+09	6.06384e+09	5.82203e+09	6.39208e+09	5.61645e+09	6.12916e+09	5.77571e+09	6.39313e+09	5.48575e+09	6.09133e+09	6.76613e+09	5.19216e+09	6.14735e+09	6.39935e+09	6.04214e+09
ERR608120	5.38761e+09	5.57743e+09	5.31552e+09	5.39e+09	5.15716e+09	5.33809e+09	4.82123e+09	4.54516e+09	5.58363e+09	5.3274e+09	4.66449e+09	5.65238e+09	7.11232e+09	6.79548e+09	7.1103e+09	6.39413e+09	6.43242e+09	6.49694e+09	6.15496e+09	6.04455e+09	6.96365e+09	5.22401e+09	6.62777e+09	6.27356e+09	6.7316e+09	6.75307e+09	6.5273e+09	6.70351e+09	5.12075e+09	6.7816e+09	5.06465e+09	5.90563e+09	4.7603e+09	6.2488e+09	5.09526e+09	4.9874e+09	6.31503e+09	6.84961e+09	6.84e+09	6.85582e+09	6.78309e+09	6.3152e+09	6.57425e+09	6.49231e+09	6.52861e+09	6.48105e+09	6.28999e+09	6.57424e+09	5.22591e+09	6.0026e+09	5.66584e+09	5.20751e+09	5.26488e+09	5.58732e+09	6.91846e+09	6.10637e+09	6.13371e+09	6.24403e+09	6.92151e+09	6.89243e+09	5.78144e+09	5.7293e+09	5.58331e+09	5.80437e+09	5.55773e+09	5.69721e+09	6.36358e+09	5.38497e+09	6.2731e+09	5.1864e+09	6.24638e+09	5.71305e+09	5.31448e+09	5.40746e+09	5.83722e+09	5.60166e+09	5.41032e+09	5.89674e+09	5.56874e+09	5.44031e+09	5.74699e+09	5.67734e+09	5.93671e+09	5.70569e+09	6.24716e+09	5.4927e+09	5.99599e+09	5.6475e+09	6.24864e+09	5.37857e+09	5.97459e+09	6.62836e+09	5.09898e+09	6.03047e+09	6.2766e+09	5.92738e+09
ERR613447	5.46384e+09	5.65254e+09	5.3905e+09	5.46549e+09	5.23095e+09	5.41526e+09	4.96354e+09	4.68284e+09	5.73642e+09	5.47544e+09	4.80393e+09	5.80578e+09	6.95939e+09	6.63428e+09	6.95296e+09	6.23733e+09	6.2761e+09	6.15496e+09	6.55679e+09	6.23755e+09	7.17433e+09	5.38697e+09	6.83316e+09	6.46661e+09	6.83111e+09	6.85354e+09	6.6276e+09	6.80462e+09	5.21777e+09	6.87953e+09	5.07839e+09	5.9178e+09	4.7695e+09	6.26029e+09	5.10921e+09	5.00111e+09	6.36922e+09	6.91995e+09	6.90965e+09	6.92545e+09	6.85266e+09	6.37392e+09	6.56121e+09	6.47578e+09	6.51437e+09	6.46287e+09	6.26848e+09	6.55731e+09	5.30586e+09	6.07984e+09	5.74374e+09	5.28696e+09	5.34525e+09	5.66584e+09	6.99741e+09	6.1794e+09	6.2052e+09	6.31455e+09	7.00116e+09	6.9711e+09	6.0586e+09	6.00425e+09	5.85451e+09	6.07801e+09	5.83044e+09	5.97038e+09	6.46386e+09	5.48782e+09	6.37486e+09	5.28576e+09	6.34614e+09	5.81586e+09	5.494e+09	5.58446e+09	6.01642e+09	5.78264e+09	5.58859e+09	6.07637e+09	5.71593e+09	5.58639e+09	5.89438e+09	5.8273e+09	6.08919e+09	5.85767e+09	6.43659e+09	5.67092e+09	6.18541e+09	5.82878e+09	6.43681e+09	5.56027e+09	6.15827e+09	6.81228e+09	5.26655e+09	6.21169e+09	6.46131e+09	6.10706e+09
ERR613446	5.37083e+09	5.55485e+09	5.29903e+09	5.37196e+09	5.14282e+09	5.32306e+09	4.87988e+09	4.60627e+09	5.63392e+09	5.37968e+09	4.72395e+09	5.70093e+09	6.82708e+09	6.51122e+09	6.82067e+09	6.12505e+09	6.16258e+09	6.04455e+09	6.23755e+09	6.32543e+09	7.0347e+09	5.29774e+09	6.70366e+09	6.34866e+09	6.70029e+09	6.72275e+09	6.50218e+09	6.67474e+09	5.12865e+09	6.74692e+09	4.99176e+09	5.81019e+09	4.68841e+09	6.14322e+09	5.02175e+09	4.91597e+09	6.25188e+09	6.78619e+09	6.77689e+09	6.79192e+09	6.72096e+09	6.25653e+09	6.44026e+09	6.35761e+09	6.39534e+09	6.34511e+09	6.15649e+09	6.43684e+09	5.21518e+09	5.96951e+09	5.64192e+09	5.19677e+09	5.25326e+09	5.56664e+09	6.86266e+09	6.06801e+09	6.0926e+09	6.1988e+09	6.86598e+09	6.83651e+09	5.94223e+09	5.88871e+09	5.74285e+09	5.96059e+09	5.71953e+09	5.85657e+09	6.34379e+09	5.39379e+09	6.25686e+09	5.19652e+09	6.22901e+09	5.71345e+09	5.39438e+09	5.48245e+09	5.90385e+09	5.67552e+09	5.4865e+09	5.96221e+09	5.61281e+09	5.48635e+09	5.78654e+09	5.72136e+09	5.97669e+09	5.7502e+09	6.31388e+09	5.56806e+09	6.0702e+09	5.72256e+09	6.31414e+09	5.46057e+09	6.0474e+09	6.68177e+09	5.17853e+09	6.0985e+09	6.34168e+09	5.9972e+09
ERR613443	6.15567e+09	6.37975e+09	6.0702e+09	6.15822e+09	5.88263e+09	6.0983e+09	5.58559e+09	5.25607e+09	6.50122e+09	6.19377e+09	5.39831e+09	6.58679e+09	7.95738e+09	7.55317e+09	7.94362e+09	7.06052e+09	7.10765e+09	6.96365e+09	7.17433e+09	7.0347e+09	8.4634e+09	6.03242e+09	7.78223e+09	7.32883e+09	7.80875e+09	7.83709e+09	7.56265e+09	7.77652e+09	5.88911e+09	7.86776e+09	5.71492e+09	6.71967e+09	5.36969e+09	7.12816e+09	5.75315e+09	5.62387e+09	7.24281e+09	7.92038e+09	7.9074e+09	7.92674e+09	7.83761e+09	7.24889e+09	7.47073e+09	7.3627e+09	7.40923e+09	7.34703e+09	7.11129e+09	7.46135e+09	5.96777e+09	6.88685e+09	6.48828e+09	5.94765e+09	6.01544e+09	6.39475e+09	8.01865e+09	7.01006e+09	7.04508e+09	7.17704e+09	8.02304e+09	7.98613e+09	6.93732e+09	6.86893e+09	6.69413e+09	6.95932e+09	6.66414e+09	6.82956e+09	7.34076e+09	6.17419e+09	7.23334e+09	5.93509e+09	7.19856e+09	6.56373e+09	6.2393e+09	6.34487e+09	6.86236e+09	6.58419e+09	6.34908e+09	6.93522e+09	6.48745e+09	6.33494e+09	6.70006e+09	6.61888e+09	6.93072e+09	6.65894e+09	7.35257e+09	6.43548e+09	7.05335e+09	6.62444e+09	7.35393e+09	6.3085e+09	6.96484e+09	7.76872e+09	5.90891e+09	7.02994e+09	7.33698e+09	6.90405e+09
ERR613448	4.66696e+09	4.8169e+09	4.61278e+09	4.66799e+09	4.48405e+09	4.62751e+09	4.24513e+09	4.01586e+09	4.86281e+09	4.66376e+09	4.11285e+09	4.91949e+09	5.85882e+09	5.60505e+09	5.84501e+09	5.28393e+09	5.31329e+09	5.22401e+09	5.38697e+09	5.29774e+09	6.03242e+09	4.80954e+09	5.77315e+09	5.48973e+09	5.74382e+09	5.7624e+09	5.58587e+09	5.72259e+09	4.48203e+09	5.77723e+09	4.34265e+09	5.01772e+09	4.11293e+09	5.28249e+09	4.36687e+09	4.28007e+09	5.3941e+09	5.8188e+09	5.81045e+09	5.8222e+09	5.76741e+09	5.40089e+09	5.56644e+09	5.49584e+09	5.5246e+09	5.48587e+09	5.33737e+09	5.55613e+09	4.53496e+09	5.15204e+09	4.89147e+09	4.51988e+09	4.56585e+09	4.82734e+09	5.87898e+09	5.23874e+09	5.26589e+09	5.34968e+09	5.882e+09	5.85894e+09	5.06834e+09	5.02296e+09	4.90641e+09	5.08085e+09	4.88904e+09	4.99658e+09	5.41938e+09	4.64143e+09	5.35111e+09	4.47152e+09	5.32656e+09	4.89904e+09	4.6432e+09	4.70696e+09	5.05222e+09	4.87128e+09	4.70834e+09	5.09963e+09	4.8407e+09	4.73961e+09	4.9797e+09	4.92811e+09	5.13261e+09	4.9595e+09	5.38604e+09	4.77871e+09	5.19904e+09	4.90565e+09	5.3898e+09	4.71501e+09	5.22661e+09	5.73769e+09	4.52228e+09	5.27051e+09	5.46954e+09	5.1878e+09
ERR613445	5.86845e+09	6.07758e+09	5.79073e+09	5.87065e+09	5.61481e+09	5.81436e+09	5.32006e+09	5.0107e+09	6.17377e+09	5.89157e+09	5.143e+09	6.25338e+09	7.54211e+09	7.17214e+09	7.52574e+09	6.7144e+09	6.75783e+09	6.62777e+09	6.83316e+09	6.70366e+09	7.78223e+09	5.77315e+09	7.62709e+09	6.98062e+09	7.39692e+09	7.42383e+09	7.17049e+09	7.36717e+09	5.6182e+09	7.44835e+09	5.44246e+09	6.37943e+09	5.12481e+09	6.75605e+09	5.4776e+09	5.35739e+09	6.88557e+09	7.50474e+09	7.4931e+09	7.51007e+09	7.42976e+09	6.89427e+09	7.10632e+09	7.00523e+09	7.04799e+09	6.99159e+09	6.77464e+09	7.09443e+09	5.69147e+09	6.54928e+09	6.18102e+09	5.6724e+09	5.73513e+09	6.0927e+09	7.59346e+09	6.66815e+09	6.70355e+09	6.82446e+09	7.59719e+09	7.56345e+09	6.54047e+09	6.47706e+09	6.31564e+09	6.55796e+09	6.28961e+09	6.44033e+09	6.95089e+09	5.86504e+09	6.85239e+09	5.63709e+09	6.81896e+09	6.22557e+09	5.90975e+09	6.00272e+09	6.48138e+09	6.22727e+09	6.00691e+09	6.54885e+09	6.15508e+09	6.0135e+09	6.35003e+09	6.27653e+09	6.56543e+09	6.31735e+09	6.94248e+09	6.0931e+09	6.67161e+09	6.26861e+09	6.94501e+09	5.98883e+09	6.63054e+09	7.36849e+09	5.64538e+09	6.69156e+09	6.97668e+09	6.57406e+09
ERR613444	5.56555e+09	5.75962e+09	5.49394e+09	5.56716e+09	5.32951e+09	5.51535e+09	5.04013e+09	4.75137e+09	5.83104e+09	5.57081e+09	4.87425e+09	5.9042e+09	7.10882e+09	6.77296e+09	7.09424e+09	6.35392e+09	6.3934e+09	6.27356e+09	6.46661e+09	6.34866e+09	7.32883e+09	5.48973e+09	6.98062e+09	6.81455e+09	6.9658e+09	6.98934e+09	6.75794e+09	6.93803e+09	5.32507e+09	7.01183e+09	5.15771e+09	6.02361e+09	4.86149e+09	6.36996e+09	5.18923e+09	5.0783e+09	6.5052e+09	7.06791e+09	7.05728e+09	7.07269e+09	7.00009e+09	6.5129e+09	6.71705e+09	6.62491e+09	6.66374e+09	6.61288e+09	6.414e+09	6.70655e+09	5.39818e+09	6.19323e+09	5.85288e+09	5.3801e+09	5.43856e+09	5.77052e+09	7.14856e+09	6.30468e+09	6.33731e+09	6.44874e+09	7.15158e+09	7.12146e+09	6.13737e+09	6.07838e+09	5.92983e+09	6.15233e+09	5.90705e+09	6.04431e+09	6.55015e+09	5.54802e+09	6.46036e+09	5.33519e+09	6.42915e+09	5.88092e+09	5.57019e+09	5.65453e+09	6.09641e+09	5.8628e+09	5.6578e+09	6.15769e+09	5.80699e+09	5.67671e+09	5.9869e+09	5.9188e+09	6.18515e+09	5.95767e+09	6.52352e+09	5.74191e+09	6.27631e+09	5.90371e+09	6.52653e+09	5.64784e+09	6.27264e+09	6.94689e+09	5.36258e+09	6.32926e+09	6.59017e+09	6.22114e+09
ERR608582	6.41501e+09	6.64816e+09	6.32394e+09	6.41587e+09	6.12424e+09	6.35591e+09	5.9398e+09	5.5888e+09	6.91823e+09	6.58096e+09	5.74313e+09	7.00672e+09	7.68156e+09	7.29034e+09	7.66983e+09	6.82587e+09	6.87162e+09	6.7316e+09	6.83111e+09	6.70029e+09	7.80875e+09	5.74382e+09	7.39692e+09	6.9658e+09	8.57612e+09	8.35483e+09	8.06152e+09	8.29409e+09	6.25102e+09	8.38925e+09	5.4965e+09	6.45233e+09	5.15794e+09	6.84447e+09	5.53113e+09	5.40778e+09	7.58013e+09	8.31657e+09	8.30305e+09	8.32779e+09	8.22426e+09	7.58572e+09	7.25732e+09	7.15483e+09	7.1993e+09	7.13931e+09	6.90809e+09	7.25099e+09	6.29007e+09	7.26324e+09	6.83785e+09	6.27012e+09	6.34348e+09	6.73978e+09	8.44393e+09	7.36892e+09	7.39517e+09	7.53975e+09	8.44917e+09	8.4086e+09	7.5044e+09	7.43286e+09	7.24635e+09	7.52959e+09	7.20914e+09	7.39041e+09	7.81353e+09	6.57923e+09	7.69705e+09	6.33295e+09	7.66472e+09	6.99842e+09	6.71361e+09	6.8319e+09	7.38882e+09	7.08282e+09	6.84121e+09	7.46424e+09	6.93933e+09	6.77165e+09	7.17154e+09	7.07973e+09	7.41602e+09	7.11298e+09	7.92676e+09	6.94513e+09	7.5975e+09	7.14729e+09	7.92328e+09	6.79077e+09	7.20733e+09	8.04317e+09	6.09727e+09	7.27148e+09	7.58762e+09	7.14007e+09
ERR608584	6.43462e+09	6.66884e+09	6.34335e+09	6.43536e+09	6.14275e+09	6.37566e+09	5.95774e+09	5.60545e+09	6.94064e+09	6.60254e+09	5.75962e+09	7.02979e+09	7.70827e+09	7.31523e+09	7.69559e+09	6.84733e+09	6.89307e+09	6.75307e+09	6.85354e+09	6.72275e+09	7.83709e+09	5.7624e+09	7.42383e+09	6.98934e+09	8.35483e+09	8.63466e+09	8.08863e+09	8.32334e+09	6.27038e+09	8.41718e+09	5.51357e+09	6.47439e+09	5.1758e+09	6.86811e+09	5.54896e+09	5.42487e+09	7.60516e+09	8.3453e+09	8.33213e+09	8.35648e+09	8.25304e+09	7.61187e+09	7.28374e+09	7.18062e+09	7.22461e+09	7.16432e+09	6.93242e+09	7.2763e+09	6.30862e+09	7.28588e+09	6.85866e+09	6.28908e+09	6.362e+09	6.76035e+09	8.47367e+09	7.39257e+09	7.4201e+09	7.5642e+09	8.47827e+09	8.43776e+09	7.53009e+09	7.45806e+09	7.27059e+09	7.55546e+09	7.23373e+09	7.41504e+09	7.83617e+09	6.59594e+09	7.71931e+09	6.3487e+09	7.68686e+09	7.01671e+09	6.73473e+09	6.85171e+09	7.41148e+09	7.10543e+09	6.86186e+09	7.48743e+09	6.96069e+09	6.79237e+09	7.19301e+09	7.10241e+09	7.43973e+09	7.13662e+09	7.95179e+09	6.96614e+09	7.62303e+09	7.16925e+09	7.94897e+09	6.81394e+09	7.23026e+09	8.06926e+09	6.11544e+09	7.294e+09	7.61274e+09	7.16252e+09
ERR608580	6.23799e+09	6.46095e+09	6.15107e+09	6.23883e+09	5.95901e+09	6.18155e+09	5.78008e+09	5.44198e+09	6.71789e+09	6.39769e+09	5.59033e+09	6.80311e+09	7.43681e+09	7.06322e+09	7.42396e+09	6.61779e+09	6.66083e+09	6.5273e+09	6.6276e+09	6.50218e+09	7.56265e+09	5.58587e+09	7.17049e+09	6.75794e+09	8.06152e+09	8.08863e+09	8.05205e+09	8.03152e+09	6.08565e+09	8.12462e+09	5.34087e+09	6.25895e+09	5.0177e+09	6.63312e+09	5.37382e+09	5.25531e+09	7.35319e+09	8.05259e+09	8.03975e+09	8.06335e+09	7.96649e+09	7.35993e+09	7.03916e+09	6.9399e+09	6.98188e+09	6.92477e+09	6.70476e+09	7.03175e+09	6.11841e+09	7.05055e+09	6.64431e+09	6.09869e+09	6.16895e+09	6.55033e+09	8.17402e+09	7.15056e+09	7.17735e+09	7.31484e+09	8.17861e+09	8.14044e+09	7.26478e+09	7.19736e+09	7.01968e+09	7.28868e+09	6.98473e+09	7.15631e+09	7.56438e+09	6.38728e+09	7.45357e+09	6.15034e+09	7.42278e+09	6.78621e+09	6.51712e+09	6.62876e+09	7.15963e+09	6.86955e+09	6.63685e+09	7.23105e+09	6.73777e+09	6.57783e+09	6.95832e+09	6.87162e+09	7.19123e+09	6.90417e+09	7.67105e+09	6.73722e+09	7.36019e+09	6.93014e+09	7.66892e+09	6.59342e+09	6.99619e+09	7.7941e+09	5.93332e+09	7.05748e+09	7.36029e+09	6.9325e+09
ERR608583	6.39272e+09	6.62454e+09	6.30219e+09	6.3937e+09	6.1039e+09	6.33425e+09	5.92133e+09	5.57204e+09	6.89512e+09	6.56026e+09	5.72541e+09	6.98358e+09	7.64744e+09	7.25865e+09	7.6356e+09	6.79701e+09	6.84246e+09	6.70351e+09	6.80462e+09	6.67474e+09	7.77652e+09	5.72259e+09	7.36717e+09	6.93803e+09	8.29409e+09	8.32334e+09	8.03152e+09	8.51126e+09	6.22975e+09	8.35719e+09	5.4763e+09	6.42733e+09	5.13937e+09	6.81736e+09	5.51047e+09	5.38813e+09	7.55033e+09	8.28217e+09	8.26924e+09	8.29346e+09	8.19091e+09	7.55639e+09	7.22762e+09	7.12512e+09	7.1693e+09	7.10976e+09	6.87953e+09	7.22026e+09	6.26882e+09	7.23604e+09	6.81264e+09	6.24904e+09	6.32137e+09	6.71571e+09	8.41004e+09	7.34093e+09	7.36786e+09	7.5108e+09	8.4144e+09	8.37451e+09	7.47915e+09	7.40838e+09	7.22274e+09	7.50465e+09	7.18632e+09	7.3664e+09	7.78429e+09	6.55681e+09	7.66851e+09	6.31269e+09	7.63679e+09	6.97386e+09	6.6917e+09	6.80915e+09	7.36308e+09	7.05911e+09	6.81861e+09	7.43784e+09	6.91593e+09	6.74887e+09	7.14649e+09	7.05531e+09	7.38946e+09	7.08898e+09	7.89821e+09	6.92223e+09	7.57155e+09	7.12395e+09	7.89481e+09	6.76882e+09	7.18088e+09	8.01194e+09	6.07625e+09	7.24431e+09	7.55899e+09	7.11434e+09
ERR608579	4.97829e+09	5.13612e+09	4.92136e+09	4.97897e+09	4.7829e+09	4.93733e+09	4.64662e+09	4.39869e+09	5.30663e+09	5.0949e+09	4.50545e+09	5.36787e+09	5.77615e+09	5.50864e+09	5.75666e+09	5.17981e+09	5.2104e+09	5.12075e+09	5.21777e+09	5.12865e+09	5.88911e+09	4.48203e+09	5.6182e+09	5.32507e+09	6.25102e+09	6.27038e+09	6.08565e+09	6.22975e+09	5.0727e+09	6.2874e+09	4.2532e+09	4.91861e+09	4.03581e+09	5.17733e+09	4.27806e+09	4.19066e+09	5.77468e+09	6.24896e+09	6.23978e+09	6.25484e+09	6.1917e+09	5.78395e+09	5.53549e+09	5.46002e+09	5.48881e+09	5.4497e+09	5.29492e+09	5.5215e+09	4.89036e+09	5.54713e+09	5.2714e+09	4.8778e+09	4.92654e+09	5.20321e+09	6.33254e+09	5.62731e+09	5.65522e+09	5.74797e+09	6.3355e+09	6.31043e+09	5.62631e+09	5.57666e+09	5.45585e+09	5.63796e+09	5.43414e+09	5.54798e+09	5.85379e+09	5.0309e+09	5.78013e+09	4.85289e+09	5.75644e+09	5.30449e+09	5.1382e+09	5.20504e+09	5.57284e+09	5.38028e+09	5.20794e+09	5.6228e+09	5.32046e+09	5.2117e+09	5.46833e+09	5.41058e+09	5.62656e+09	5.44281e+09	5.92478e+09	5.28319e+09	5.72692e+09	5.41677e+09	5.92918e+09	5.21515e+09	5.5111e+09	6.06202e+09	4.76045e+09	5.55619e+09	5.77014e+09	5.46832e+09
ERR608581	6.4587e+09	6.69462e+09	6.36514e+09	6.46032e+09	6.16422e+09	6.40001e+09	5.97829e+09	5.62467e+09	6.96748e+09	6.62403e+09	5.78006e+09	7.05653e+09	7.74206e+09	7.34681e+09	7.73368e+09	6.88026e+09	6.92648e+09	6.7816e+09	6.87953e+09	6.74692e+09	7.86776e+09	5.77723e+09	7.44835e+09	7.01183e+09	8.38925e+09	8.41718e+09	8.12462e+09	8.35719e+09	6.2874e+09	8.71374e+09	5.53717e+09	6.5018e+09	5.19001e+09	6.90085e+09	5.57242e+09	5.44747e+09	7.63189e+09	8.3793e+09	8.36652e+09	8.39127e+09	8.28603e+09	7.63625e+09	7.3057e+09	7.20276e+09	7.24772e+09	7.18675e+09	6.95298e+09	7.30174e+09	6.33197e+09	7.31534e+09	6.88278e+09	6.31177e+09	6.38592e+09	6.78402e+09	8.50887e+09	7.41852e+09	7.4436e+09	7.59021e+09	8.51332e+09	8.47209e+09	7.57297e+09	7.50123e+09	7.31097e+09	7.60114e+09	7.27244e+09	7.45863e+09	7.88308e+09	6.63544e+09	7.76403e+09	6.38979e+09	7.73233e+09	7.0602e+09	6.7665e+09	6.89049e+09	7.45573e+09	7.14285e+09	6.89954e+09	7.53239e+09	6.9904e+09	6.82015e+09	7.22699e+09	7.13325e+09	7.47417e+09	7.16368e+09	7.9985e+09	7.00357e+09	7.65918e+09	7.20766e+09	7.99452e+09	6.83569e+09	7.25724e+09	8.10647e+09	6.13657e+09	7.32197e+09	7.64121e+09	7.18977e+09
ERR614481	4.4201e+09	4.56397e+09	4.36086e+09	4.42048e+09	4.24014e+09	4.38234e+09	4.09311e+09	3.8721e+09	4.69229e+09	4.48901e+09	3.96967e+09	4.7469e+09	5.71501e+09	5.4468e+09	5.70945e+09	5.13206e+09	5.16339e+09	5.06465e+09	5.07839e+09	4.99176e+09	5.71492e+09	4.34265e+09	5.44246e+09	5.15771e+09	5.4965e+09	5.51357e+09	5.34087e+09	5.4763e+09	4.2532e+09	5.53717e+09	4.65342e+09	5.14483e+09	4.20658e+09	5.41801e+09	4.50294e+09	4.41024e+09	5.07018e+09	5.52178e+09	5.51325e+09	5.5268e+09	5.46487e+09	5.07348e+09	5.32505e+09	5.25591e+09	5.2869e+09	5.24437e+09	5.09175e+09	5.32353e+09	4.28601e+09	4.87662e+09	4.61797e+09	4.27282e+09	4.31587e+09	4.55864e+09	5.58714e+09	4.93051e+09	4.94749e+09	5.03311e+09	5.58891e+09	5.56407e+09	5.05551e+09	5.01355e+09	4.8897e+09	5.0742e+09	4.86692e+09	4.98592e+09	5.24651e+09	4.4945e+09	5.17613e+09	4.34495e+09	5.15623e+09	4.74911e+09	4.57931e+09	4.65942e+09	5.00299e+09	4.81471e+09	4.66116e+09	5.04898e+09	4.70691e+09	4.60508e+09	4.84795e+09	4.79329e+09	4.99568e+09	4.80981e+09	5.31097e+09	4.70869e+09	5.10804e+09	4.83363e+09	5.30921e+09	4.61175e+09	4.88037e+09	5.39505e+09	4.19714e+09	4.91967e+09	5.11322e+09	4.83989e+09
ERR614478	5.11918e+09	5.29607e+09	5.04807e+09	5.11948e+09	4.90036e+09	5.07272e+09	4.70701e+09	4.43816e+09	5.44575e+09	5.19679e+09	4.55541e+09	5.51421e+09	6.71768e+09	6.38237e+09	6.70708e+09	5.98602e+09	6.02509e+09	5.90563e+09	5.9178e+09	5.81019e+09	6.71967e+09	5.01772e+09	6.37943e+09	6.02361e+09	6.45233e+09	6.47439e+09	6.25895e+09	6.42733e+09	4.91861e+09	6.5018e+09	5.14483e+09	6.21557e+09	4.83646e+09	6.32946e+09	5.17885e+09	5.06554e+09	5.93242e+09	6.49081e+09	6.47925e+09	6.49684e+09	6.4217e+09	5.93709e+09	6.23852e+09	6.15112e+09	6.18834e+09	6.13639e+09	5.94791e+09	6.23416e+09	4.95494e+09	5.68336e+09	5.36564e+09	4.93893e+09	4.99199e+09	5.29219e+09	6.57364e+09	5.75686e+09	5.78043e+09	5.88651e+09	6.57637e+09	6.54479e+09	5.88587e+09	5.83309e+09	5.6833e+09	5.90755e+09	5.65519e+09	5.79908e+09	6.12188e+09	5.18823e+09	6.03434e+09	5.00191e+09	6.00876e+09	5.50249e+09	5.29785e+09	5.39186e+09	5.81741e+09	5.58682e+09	5.39391e+09	5.87498e+09	5.45974e+09	5.33447e+09	5.63414e+09	5.566e+09	5.81705e+09	5.59072e+09	6.19749e+09	5.44944e+09	5.94937e+09	5.60437e+09	6.19698e+09	5.33839e+09	5.68668e+09	6.3259e+09	4.8495e+09	5.73631e+09	5.97725e+09	5.63688e+09
ERR614477	4.16258e+09	4.29584e+09	4.11403e+09	4.16293e+09	4.0017e+09	4.12719e+09	3.84856e+09	3.64151e+09	4.40205e+09	4.22545e+09	3.73085e+09	4.45493e+09	5.36873e+09	5.11985e+09	5.35123e+09	4.81506e+09	4.84322e+09	4.7603e+09	4.7695e+09	4.68841e+09	5.36969e+09	4.11293e+09	5.12481e+09	4.86149e+09	5.15794e+09	5.1758e+09	5.0177e+09	5.13937e+09	4.03581e+09	5.19001e+09	4.20658e+09	4.83646e+09	4.16692e+09	5.07966e+09	4.2331e+09	4.14652e+09	4.77707e+09	5.18838e+09	5.17972e+09	5.19137e+09	5.13808e+09	4.78485e+09	5.0334e+09	4.9634e+09	4.99091e+09	4.95379e+09	4.81716e+09	5.02188e+09	4.03353e+09	4.58224e+09	4.35096e+09	4.02275e+09	4.06129e+09	4.2932e+09	5.24719e+09	4.63894e+09	4.66426e+09	4.74121e+09	5.24919e+09	5.22705e+09	4.70614e+09	4.66493e+09	4.55687e+09	4.7187e+09	4.53704e+09	4.6395e+09	4.8741e+09	4.17461e+09	4.81111e+09	4.02688e+09	4.78999e+09	4.40542e+09	4.28396e+09	4.34497e+09	4.66066e+09	4.49672e+09	4.34444e+09	4.70347e+09	4.41485e+09	4.32382e+09	4.54014e+09	4.49149e+09	4.67422e+09	4.51779e+09	4.93957e+09	4.38765e+09	4.76816e+09	4.50314e+09	4.94318e+09	4.33199e+09	4.58726e+09	5.0631e+09	3.95901e+09	4.62627e+09	4.81007e+09	4.55086e+09
