	ERR636911	ERR636912	ERR636910	ERR636907	ERR636908	ERR636909	ERR621933	ERR621932	ERR621935	ERR621931	ERR621934	ERR621936	ERR613620	ERR613621	ERR613618	ERR613622	ERR613619	ERR613617	ERR622232	ERR622231	ERR622228	ERR622227	ERR622230	ERR622229	ERR605564	ERR605568	ERR605563	ERR605566	ERR605567	ERR605565	ERR613497	ERR613501	ERR613500	ERR613499	ERR613498	ERR613502	ERR607762	ERR607759	ERR607761	ERR607760	ERR637124	ERR637123	ERR622213	ERR622211	ERR622214	ERR622212	ERR622210	ERR622209	ERR617217	ERR617218	ERR617215	ERR617219	ERR617216	ERR617220	ERR607591	ERR607593	ERR607596	ERR607594	ERR607592	ERR607595	ERR617531	ERR617534	ERR617532	ERR617533	ERR617529	ERR617530	ERR621958	ERR621957	ERR621955	ERR621960	ERR621956	ERR621959	ERR618421	ERR618417	ERR618420	ERR618422	ERR618419	ERR618418	ERR629692	ERR629693	ERR629696	ERR629694	ERR629697	ERR629695	ERR626644	ERR626648	ERR626647	ERR626649	ERR626646	ERR626645	ERR605521	ERR605522	ERR605523	ERR605526	ERR605524	ERR605525
ERR636911	0	0.768773	0.772201	0.790614	0.781262	0.779978	0.902166	0.902781	0.8892	0.893839	0.889079	0.888246	0.981217	0.982073	0.971273	1.01276	0.97651	0.965869	1.10816	1.10986	1.07978	1.08273	1.11007	1.07816	0.952105	0.952641	0.946837	0.952788	0.950617	0.958566	0.986244	1.00834	1.00525	0.98737	0.987012	1.00846	0.939368	0.904403	0.936857	0.939426	0.905384	0.908424	0.957835	0.918714	0.955518	0.958347	0.920762	0.924529	1.10608	1.11803	1.10857	1.11504	1.10558	1.11764	1.09622	1.10623	1.0966	1.09675	1.10599	1.09661	1.12478	1.12884	1.13628	1.13265	1.12715	1.12419	1.13818	1.1507	1.14272	1.13693	1.15001	1.13926	1.09834	1.09312	1.10034	1.09719	1.09846	1.10487	1.09102	1.10414	1.08757	1.10375	1.0863	1.08722	1.11245	1.12528	1.12672	1.12623	1.13379	1.1206	1.13303	1.13694	1.14287	1.13876	1.13849	1.1372
ERR636912	0.768773	0	0.769244	0.788046	0.778907	0.777395	0.898299	0.899524	0.885332	0.890137	0.885086	0.88464	0.978159	0.979403	0.967983	1.0099	0.973523	0.962246	1.10603	1.10769	1.0776	1.08038	1.10785	1.07591	0.949223	0.950065	0.943979	0.949856	0.947685	0.955748	0.983598	1.00605	1.00293	0.984899	0.984235	1.00619	0.93613	0.90054	0.93334	0.936105	0.901143	0.904777	0.955603	0.915833	0.95319	0.956168	0.918331	0.921909	1.10438	1.11644	1.10699	1.11331	1.10357	1.11603	1.09427	1.10464	1.09454	1.09497	1.10449	1.09481	1.12332	1.12716	1.13465	1.13117	1.1256	1.12259	1.13652	1.14923	1.14098	1.13535	1.14852	1.13767	1.09645	1.091	1.09816	1.0953	1.09646	1.10304	1.08955	1.10253	1.08592	1.10196	1.0846	1.0855	1.11073	1.12345	1.12498	1.12465	1.13203	1.11879	1.1311	1.13529	1.1411	1.13693	1.13662	1.13555
ERR636910	0.772201	0.769244	0	0.790779	0.7825	0.780974	0.902105	0.903103	0.888949	0.893754	0.888836	0.88809	0.98116	0.982487	0.971153	1.01276	0.976566	0.965556	1.10846	1.10994	1.07998	1.08286	1.11001	1.07828	0.952569	0.953698	0.9472	0.953248	0.951285	0.959101	0.986818	1.00903	1.00584	0.987871	0.987415	1.00903	0.939306	0.904379	0.936625	0.939147	0.904967	0.908661	0.959065	0.919879	0.956442	0.959375	0.922154	0.925668	1.10657	1.11851	1.10902	1.11534	1.10555	1.11805	1.09662	1.10674	1.0969	1.0972	1.10658	1.09709	1.12532	1.12947	1.13669	1.13306	1.12747	1.12454	1.13845	1.15068	1.14284	1.13725	1.1502	1.13953	1.09874	1.09345	1.10048	1.09741	1.09877	1.10526	1.09186	1.1046	1.08826	1.10433	1.08681	1.08772	1.11295	1.12559	1.12723	1.12664	1.1341	1.12115	1.133	1.13712	1.1429	1.139	1.13882	1.13742
ERR636907	0.790614	0.788046	0.790779	0	0.7937	0.793037	0.918547	0.919759	0.906659	0.91123	0.906372	0.906092	0.99634	0.997295	0.987685	1.02613	0.992514	0.98218	1.1197	1.12128	1.09321	1.09593	1.1215	1.09157	0.969026	0.969695	0.964245	0.969575	0.967721	0.975202	1.00214	1.02278	1.01988	1.0034	1.00241	1.02283	0.955516	0.923722	0.953253	0.955789	0.92424	0.927492	0.973537	0.938318	0.97151	0.97394	0.940096	0.943674	1.11787	1.12918	1.12061	1.12632	1.1173	1.12947	1.1087	1.11832	1.10905	1.10935	1.11836	1.10917	1.13593	1.13985	1.1469	1.1435	1.13822	1.13511	1.14852	1.16034	1.15276	1.14761	1.16001	1.14973	1.11067	1.1059	1.11262	1.10967	1.11093	1.11735	1.10413	1.11645	1.10081	1.116	1.09969	1.1003	1.12421	1.13643	1.13775	1.13731	1.14456	1.13207	1.14346	1.14715	1.1529	1.14885	1.1488	1.14765
ERR636908	0.781262	0.778907	0.7825	0.7937	0	0.784362	0.905398	0.906085	0.892083	0.896534	0.891986	0.891701	0.986099	0.987024	0.977715	1.0177	0.982669	0.971254	1.11002	1.11164	1.08269	1.08643	1.11206	1.08155	0.958285	0.958796	0.952617	0.958669	0.956644	0.96481	0.992281	1.01307	1.0103	0.993392	0.992731	1.01304	0.943506	0.909409	0.940967	0.943501	0.909447	0.913773	0.961513	0.925215	0.959383	0.962222	0.926358	0.930823	1.10846	1.12031	1.11149	1.11725	1.10791	1.12174	1.09929	1.10946	1.09943	1.09989	1.10957	1.0996	1.12718	1.13172	1.13835	1.13488	1.13005	1.12642	1.13991	1.15267	1.14459	1.13914	1.15197	1.14127	1.10117	1.0965	1.10329	1.09995	1.10174	1.10852	1.09455	1.10776	1.09117	1.10704	1.09001	1.09059	1.11477	1.12734	1.12901	1.12827	1.13648	1.12293	1.13486	1.13915	1.14467	1.14053	1.14036	1.13914
ERR636909	0.779978	0.777395	0.780974	0.793037	0.784362	0	0.906905	0.907687	0.893892	0.898781	0.894117	0.89337	0.985477	0.98633	0.975879	1.01615	0.981269	0.970194	1.11092	1.11275	1.08299	1.0863	1.1126	1.08126	0.957706	0.958537	0.952099	0.958411	0.956138	0.964032	0.991427	1.013	1.00984	0.992478	0.991728	1.013	0.944263	0.910093	0.941832	0.944408	0.910721	0.914351	0.962792	0.924718	0.960949	0.963251	0.927075	0.930432	1.10903	1.12092	1.11158	1.11787	1.10856	1.12053	1.09938	1.10943	1.09971	1.1	1.10941	1.09988	1.12796	1.13195	1.13914	1.13576	1.12997	1.12722	1.1406	1.15318	1.14518	1.1398	1.15238	1.14188	1.10161	1.09657	1.10336	1.10057	1.10179	1.10803	1.09461	1.10731	1.09134	1.10689	1.08988	1.09086	1.11564	1.12814	1.12992	1.12921	1.13652	1.12349	1.13526	1.1392	1.145	1.14094	1.14069	1.13952
ERR621933	0.902166	0.898299	0.902105	0.918547	0.905398	0.906905	0	0.771084	0.756993	0.758993	0.755603	0.755213	0.966489	0.967558	0.963381	1.00283	0.967267	0.955201	1.09587	1.09759	1.0697	1.07439	1.09796	1.06948	0.952337	0.9519	0.946246	0.951901	0.950115	0.959163	0.97839	0.996077	0.993053	0.979352	0.978626	0.996429	0.94702	0.911153	0.944385	0.945995	0.910671	0.916265	0.944876	0.912624	0.942606	0.945207	0.912704	0.9183	1.09666	1.10869	1.10177	1.1057	1.09647	1.11324	1.08359	1.09393	1.08321	1.08352	1.0941	1.0833	1.11077	1.11584	1.12147	1.11824	1.11527	1.10988	1.11338	1.12705	1.11846	1.11272	1.12659	1.11474	1.08861	1.08524	1.09046	1.08779	1.09082	1.09815	1.08624	1.09966	1.08271	1.09898	1.08203	1.08203	1.10155	1.11321	1.11491	1.11446	1.1249	1.10933	1.11462	1.11938	1.12523	1.12054	1.11978	1.11898
ERR621932	0.902781	0.899524	0.903103	0.919759	0.906085	0.907687	0.771084	0	0.756732	0.75832	0.755984	0.755137	0.966709	0.967297	0.963007	1.00291	0.967184	0.95475	1.09493	1.09667	1.06858	1.07339	1.09681	1.06787	0.953008	0.952907	0.946564	0.952531	0.950795	0.959971	0.978708	0.996452	0.993904	0.979626	0.979061	0.996935	0.947568	0.911133	0.945109	0.946835	0.910396	0.916088	0.94465	0.912118	0.942047	0.945301	0.911786	0.917857	1.09577	1.10791	1.10082	1.10488	1.09581	1.11217	1.08255	1.0929	1.0818	1.08201	1.09308	1.08215	1.11008	1.11515	1.12095	1.11765	1.11444	1.10933	1.1128	1.12646	1.11738	1.11183	1.12578	1.11382	1.08783	1.08417	1.08992	1.08672	1.08975	1.0971	1.08521	1.09864	1.08173	1.09837	1.0811	1.08133	1.1004	1.11247	1.11411	1.11356	1.12377	1.1083	1.11334	1.11811	1.12429	1.11941	1.11895	1.11801
ERR621935	0.8892	0.885332	0.888949	0.906659	0.892083	0.893892	0.756993	0.756732	0	0.743364	0.734079	0.734031	0.958034	0.958814	0.954377	0.995573	0.95869	0.945723	1.08732	1.08897	1.06032	1.06533	1.08926	1.05993	0.941984	0.94164	0.935049	0.941352	0.939309	0.949317	0.969316	0.987398	0.984871	0.970006	0.969867	0.987867	0.935298	0.897146	0.932752	0.934475	0.896264	0.902371	0.93375	0.899892	0.931286	0.934347	0.899915	0.906219	1.08792	1.10036	1.09343	1.09718	1.08781	1.10575	1.07445	1.08521	1.07367	1.07391	1.08554	1.07413	1.10249	1.10824	1.11366	1.11001	1.10754	1.10179	1.10521	1.11982	1.11058	1.10457	1.11933	1.10686	1.07934	1.07618	1.08148	1.07849	1.0822	1.08984	1.07724	1.0917	1.07397	1.09106	1.07331	1.07344	1.09301	1.10518	1.10682	1.10632	1.1176	1.10132	1.10685	1.11185	1.1181	1.11284	1.11242	1.1115
ERR621931	0.893839	0.890137	0.893754	0.91123	0.896534	0.898781	0.758993	0.75832	0.743364	0	0.74171	0.741355	0.959774	0.960786	0.956073	0.997278	0.961049	0.947681	1.08824	1.0902	1.06162	1.06671	1.09044	1.06125	0.944761	0.945003	0.93824	0.94455	0.942846	0.952661	0.972436	0.990644	0.987735	0.973226	0.972916	0.990815	0.93853	0.900735	0.935987	0.937737	0.899825	0.905837	0.937225	0.903571	0.934769	0.937941	0.903883	0.910163	1.08919	1.1017	1.09463	1.0985	1.08919	1.1071	1.0758	1.08652	1.07521	1.07538	1.08708	1.07551	1.10425	1.10992	1.11558	1.11179	1.10932	1.10359	1.10617	1.12074	1.11144	1.10592	1.12008	1.10787	1.08116	1.07752	1.08325	1.08007	1.08365	1.09126	1.07899	1.09323	1.07561	1.09258	1.07493	1.07503	1.09437	1.10647	1.10854	1.10759	1.11881	1.10279	1.10744	1.11232	1.11865	1.11357	1.11291	1.11203
ERR621934	0.889079	0.885086	0.888836	0.906372	0.891986	0.894117	0.755603	0.755984	0.734079	0.74171	0	0.73273	0.957724	0.959008	0.954809	0.995828	0.958901	0.945607	1.08609	1.08797	1.05936	1.0647	1.08828	1.05904	0.941948	0.941402	0.934891	0.940995	0.939494	0.949177	0.969821	0.987589	0.985317	0.970217	0.970162	0.988236	0.933961	0.896051	0.931629	0.933221	0.894832	0.901322	0.932913	0.899248	0.930413	0.933564	0.89905	0.905909	1.08706	1.09956	1.09278	1.09651	1.08688	1.1055	1.07373	1.08458	1.07285	1.07311	1.08511	1.07328	1.10179	1.10758	1.11334	1.10937	1.107	1.10099	1.10489	1.11935	1.11019	1.1041	1.11896	1.10611	1.07886	1.07548	1.08091	1.07778	1.08125	1.08939	1.07666	1.09135	1.07315	1.09038	1.07249	1.07264	1.09221	1.10438	1.10638	1.10588	1.11755	1.10094	1.10633	1.11166	1.11773	1.11251	1.11202	1.11114
ERR621936	0.888246	0.88464	0.88809	0.906092	0.891701	0.89337	0.755213	0.755137	0.734031	0.741355	0.73273	0	0.956979	0.958493	0.954162	0.995432	0.958422	0.945068	1.08606	1.08784	1.05918	1.06444	1.0882	1.05897	0.941314	0.940962	0.934262	0.940453	0.938436	0.948461	0.968499	0.987101	0.98399	0.969338	0.968889	0.98726	0.934176	0.895487	0.931456	0.933369	0.89439	0.900842	0.932905	0.898743	0.930704	0.933592	0.89918	0.905112	1.08674	1.09909	1.0921	1.09611	1.08639	1.1047	1.07295	1.08364	1.07212	1.07258	1.08409	1.07273	1.10103	1.10694	1.11256	1.10874	1.10643	1.10022	1.1043	1.11885	1.10955	1.10352	1.11847	1.1059	1.07808	1.07468	1.08009	1.07698	1.08084	1.08828	1.07607	1.09046	1.07261	1.08962	1.07169	1.07194	1.09176	1.10378	1.10567	1.10532	1.11648	1.1001	1.10588	1.11101	1.11709	1.11191	1.11139	1.11055
ERR613620	0.981217	0.978159	0.98116	0.99634	0.986099	0.985477	0.966489	0.966709	0.958034	0.959774	0.957724	0.956979	0	0.809998	0.808019	0.83786	0.810379	0.80295	1.10356	1.10431	1.07675	1.08011	1.10523	1.07553	0.894267	0.894932	0.892086	0.895166	0.893955	0.897716	0.916021	0.926112	0.924637	0.916412	0.916226	0.926822	0.974374	0.94533	0.972183	0.974006	0.945461	0.948997	0.955407	0.92295	0.953626	0.955744	0.92513	0.928468	1.10301	1.11452	1.10645	1.11173	1.10299	1.11594	1.0932	1.10304	1.09327	1.09359	1.10284	1.09355	1.11946	1.12397	1.13025	1.12701	1.12267	1.11895	1.0667	1.07225	1.06904	1.06642	1.07213	1.06713	1.09332	1.08925	1.09579	1.09261	1.09453	1.10063	1.09427	1.10697	1.0914	1.10656	1.09024	1.09074	1.11009	1.12185	1.12349	1.123	1.13071	1.11761	1.05876	1.05993	1.06275	1.06099	1.06086	1.06045
ERR613621	0.982073	0.979403	0.982487	0.997295	0.987024	0.98633	0.967558	0.967297	0.958814	0.960786	0.959008	0.958493	0.809998	0	0.808927	0.837996	0.811158	0.803796	1.1045	1.10545	1.078	1.08129	1.10578	1.07653	0.895572	0.89597	0.892803	0.896296	0.89499	0.8986	0.916882	0.926571	0.924588	0.916965	0.916635	0.926824	0.974756	0.946755	0.972626	0.974379	0.946452	0.950227	0.955647	0.923281	0.95367	0.955992	0.925335	0.928691	1.10395	1.11546	1.10762	1.11269	1.10379	1.11685	1.09462	1.10405	1.09445	1.09491	1.10404	1.09486	1.12076	1.12495	1.13146	1.12803	1.12372	1.11981	1.06816	1.07347	1.07045	1.06801	1.07351	1.06862	1.09515	1.09112	1.09733	1.09411	1.09619	1.10207	1.0956	1.10817	1.09289	1.10794	1.0916	1.09195	1.11126	1.12291	1.12458	1.12427	1.13177	1.11875	1.06012	1.06167	1.06415	1.06255	1.0623	1.06159
ERR613618	0.971273	0.967983	0.971153	0.987685	0.977715	0.975879	0.963381	0.963007	0.954377	0.956073	0.954809	0.954162	0.808019	0.808927	0	0.834997	0.800321	0.792257	1.10075	1.1022	1.07201	1.07411	1.10234	1.06991	0.88803	0.89022	0.885939	0.890045	0.888338	0.891817	0.910888	0.924653	0.922564	0.911282	0.911175	0.924599	0.967148	0.936418	0.965244	0.967169	0.937733	0.940131	0.95378	0.916089	0.951857	0.954229	0.919509	0.92204	1.09862	1.1105	1.10066	1.10735	1.09827	1.10878	1.08779	1.09803	1.08842	1.08821	1.09706	1.08824	1.1167	1.12019	1.12797	1.12475	1.11851	1.11608	1.06639	1.07246	1.06883	1.06585	1.07189	1.06656	1.08924	1.08373	1.09172	1.08846	1.08906	1.09476	1.08877	1.10111	1.08537	1.10084	1.08382	1.08472	1.10619	1.11934	1.12079	1.12005	1.12592	1.11391	1.05628	1.05761	1.06061	1.05977	1.05951	1.05839
ERR613622	1.01276	1.0099	1.01276	1.02613	1.0177	1.01615	1.00283	1.00291	0.995573	0.997278	0.995828	0.995432	0.83786	0.837996	0.834997	0	0.83686	0.833082	1.13055	1.13156	1.10598	1.10826	1.13209	1.10425	0.924349	0.925598	0.923583	0.925645	0.924358	0.926197	0.943202	0.950274	0.948607	0.943035	0.94277	0.950269	1.01037	0.985431	1.00884	1.01018	0.985661	0.98845	0.991136	0.962285	0.989303	0.991786	0.964815	0.966648	1.13079	1.1412	1.133	1.13855	1.13054	1.1405	1.12163	1.13002	1.122	1.12189	1.12989	1.12164	1.14596	1.14918	1.15569	1.15301	1.14787	1.14544	1.08312	1.08622	1.08498	1.08302	1.08594	1.0833	1.12198	1.1178	1.12401	1.121	1.12213	1.12707	1.12195	1.13316	1.11924	1.13305	1.11819	1.11892	1.13706	1.14788	1.14942	1.14894	1.15481	1.14358	1.07677	1.0771	1.07852	1.07802	1.07797	1.07754
ERR613619	0.97651	0.973523	0.976566	0.992514	0.982669	0.981269	0.967267	0.967184	0.95869	0.961049	0.958901	0.958422	0.810379	0.811158	0.800321	0.83686	0	0.797124	1.10374	1.10465	1.07542	1.07787	1.10533	1.07354	0.89024	0.891596	0.888815	0.891938	0.890007	0.893697	0.911628	0.923784	0.922276	0.911958	0.912171	0.924571	0.971983	0.942	0.969994	0.971764	0.94292	0.945832	0.955765	0.9198	0.953663	0.955784	0.922703	0.925736	1.10296	1.1145	1.10506	1.11136	1.10235	1.11325	1.09209	1.10159	1.09246	1.09248	1.10112	1.09237	1.11982	1.12338	1.13054	1.12734	1.12162	1.11913	1.06796	1.07339	1.07029	1.06747	1.07313	1.06832	1.09294	1.0879	1.09516	1.09202	1.09294	1.09849	1.09243	1.105	1.08942	1.10473	1.08815	1.08893	1.10957	1.12197	1.12346	1.12267	1.12922	1.11714	1.05879	1.06006	1.06235	1.06136	1.06089	1.06051
ERR613617	0.965869	0.962246	0.965556	0.98218	0.971254	0.970194	0.955201	0.95475	0.945723	0.947681	0.945607	0.945068	0.80295	0.803796	0.792257	0.833082	0.797124	0	1.09369	1.09479	1.06509	1.06826	1.09544	1.06332	0.882444	0.884228	0.880104	0.884471	0.882493	0.887145	0.906235	0.919831	0.917927	0.907073	0.906478	0.919971	0.959027	0.927593	0.956635	0.958637	0.928289	0.931637	0.945176	0.907676	0.943186	0.94556	0.910429	0.913992	1.0918	1.10379	1.09457	1.10071	1.09159	1.1039	1.08137	1.09165	1.08151	1.08165	1.09135	1.08184	1.10991	1.1141	1.12146	1.11789	1.11236	1.10934	1.06186	1.0684	1.06466	1.06156	1.068	1.06225	1.08243	1.07743	1.08496	1.08166	1.08318	1.08906	1.08251	1.09569	1.07939	1.09532	1.07793	1.07911	1.09948	1.11242	1.1138	1.11355	1.12048	1.10755	1.05214	1.05368	1.05751	1.05567	1.05536	1.05456
ERR622232	1.10816	1.10603	1.10846	1.1197	1.11002	1.11092	1.09587	1.09493	1.08732	1.08824	1.08609	1.08606	1.10356	1.1045	1.10075	1.13055	1.10374	1.09369	0	0.831488	0.800742	0.810001	0.832501	0.801925	1.07576	1.07589	1.0701	1.07574	1.07467	1.08165	1.08003	1.09408	1.09218	1.08075	1.08073	1.09467	1.06673	1.04154	1.06523	1.06619	1.04018	1.0448	1.07111	1.04613	1.07008	1.07197	1.04555	1.05231	0.90442	0.919171	0.913951	0.915507	0.904809	0.931682	0.921242	0.932598	0.918862	0.919207	0.934197	0.918962	0.937122	0.945623	0.950395	0.94594	0.945052	0.936138	0.967265	0.986124	0.973926	0.966818	0.985444	0.968645	0.926874	0.925693	0.929462	0.92632	0.931985	0.942018	1.00265	1.01838	0.999461	1.01753	0.999095	0.998768	0.957567	0.972598	0.974196	0.973976	0.99065	0.969004	0.956974	0.964893	0.973597	0.964275	0.964298	0.963317
ERR622231	1.10986	1.10769	1.10994	1.12128	1.11164	1.11275	1.09759	1.09667	1.08897	1.0902	1.08797	1.08784	1.10431	1.10545	1.1022	1.13156	1.10465	1.09479	0.831488	0	0.802546	0.811976	0.833779	0.804054	1.07694	1.07723	1.07186	1.07706	1.0762	1.08318	1.08135	1.0953	1.09353	1.08188	1.0822	1.09624	1.06795	1.04309	1.06643	1.06736	1.0415	1.04618	1.07247	1.0478	1.07157	1.07356	1.04704	1.05369	0.905602	0.919781	0.914725	0.916297	0.906391	0.932362	0.922537	0.933739	0.920296	0.920845	0.935265	0.920061	0.937965	0.946308	0.951475	0.946915	0.946222	0.937086	0.968245	0.987035	0.975004	0.967872	0.986232	0.969475	0.928138	0.927201	0.930536	0.927361	0.933457	0.942905	1.00403	1.01899	1.00054	1.01869	0.999792	0.999913	0.958374	0.973594	0.975354	0.974814	0.991669	0.970052	0.95838	0.966093	0.974997	0.965837	0.965694	0.964705
ERR622228	1.07978	1.0776	1.07998	1.09321	1.08269	1.08299	1.0697	1.06858	1.06032	1.06162	1.05936	1.05918	1.07675	1.078	1.07201	1.10598	1.07542	1.06509	0.800742	0.802546	0	0.765454	0.80289	0.755701	1.04591	1.04687	1.04028	1.04666	1.04512	1.05259	1.05212	1.06897	1.0668	1.05306	1.05284	1.06971	1.0421	1.0122	1.04046	1.0415	1.01125	1.01632	1.04557	1.01552	1.04452	1.04676	1.01562	1.02205	0.868642	0.887099	0.878208	0.882651	0.869234	0.897788	0.886007	0.900259	0.884362	0.884689	0.901615	0.883993	0.907332	0.916441	0.923772	0.918384	0.915115	0.905973	0.939551	0.960369	0.946916	0.938899	0.960121	0.940702	0.891301	0.88822	0.894326	0.890449	0.895819	0.906873	0.970985	0.988249	0.966813	0.98776	0.966031	0.966429	0.92446	0.942968	0.944874	0.944209	0.961265	0.93793	0.924819	0.933383	0.943665	0.933986	0.933975	0.932248
ERR622227	1.08273	1.08038	1.08286	1.09593	1.08643	1.0863	1.07439	1.07339	1.06533	1.06671	1.0647	1.06444	1.08011	1.08129	1.07411	1.10826	1.07787	1.06826	0.810001	0.811976	0.765454	0	0.812453	0.765051	1.04987	1.05081	1.04428	1.05085	1.04897	1.05602	1.05499	1.07244	1.0701	1.05561	1.05589	1.07299	1.04584	1.01648	1.04422	1.04559	1.01586	1.02018	1.05148	1.02037	1.05059	1.05253	1.02137	1.02696	0.876893	0.893806	0.884367	0.889669	0.876718	0.901334	0.893029	0.906447	0.891013	0.891565	0.906985	0.891172	0.914794	0.922613	0.931028	0.926067	0.921483	0.91397	0.945816	0.96579	0.952989	0.945123	0.965242	0.947128	0.898605	0.894803	0.901843	0.897808	0.901795	0.912042	0.97617	0.992409	0.972012	0.992452	0.971128	0.971905	0.931028	0.949464	0.951666	0.950614	0.965627	0.944169	0.930981	0.938854	0.948724	0.93955	0.939584	0.938124
ERR622230	1.11007	1.10785	1.11001	1.1215	1.11206	1.1126	1.09796	1.09681	1.08926	1.09044	1.08828	1.0882	1.10523	1.10578	1.10234	1.13209	1.10533	1.09544	0.832501	0.833779	0.80289	0.812453	0	0.804925	1.07738	1.07752	1.07224	1.07754	1.07644	1.08338	1.08183	1.09586	1.09408	1.08269	1.08263	1.09646	1.06827	1.04361	1.06698	1.06789	1.04203	1.04667	1.07279	1.04831	1.072	1.07376	1.04758	1.05402	0.906008	0.920632	0.915575	0.916766	0.906654	0.932877	0.923746	0.934665	0.921078	0.921453	0.936718	0.921177	0.938442	0.946714	0.951763	0.947295	0.946658	0.937444	0.969535	0.988222	0.976351	0.969287	0.98767	0.970419	0.929001	0.927969	0.931576	0.928341	0.934388	0.944223	1.0039	1.01957	1.00068	1.019	1.00036	1.00008	0.958899	0.974041	0.975874	0.975374	0.991806	0.970587	0.959445	0.96733	0.975533	0.96658	0.966459	0.9654
ERR622229	1.07816	1.07591	1.07828	1.09157	1.08155	1.08126	1.06948	1.06787	1.05993	1.06125	1.05904	1.05897	1.07553	1.07653	1.06991	1.10425	1.07354	1.06332	0.801925	0.804054	0.755701	0.765051	0.804925	0	1.04464	1.04559	1.03897	1.04565	1.04388	1.05141	1.05041	1.0678	1.06577	1.05119	1.05127	1.06874	1.04143	1.01106	1.03984	1.04097	1.01082	1.0151	1.04578	1.01434	1.04476	1.04682	1.01498	1.02113	0.868282	0.886643	0.876078	0.881764	0.868655	0.894576	0.885084	0.899424	0.883364	0.883735	0.899729	0.883108	0.907619	0.915964	0.92431	0.919319	0.914543	0.906532	0.938996	0.959653	0.946504	0.937903	0.959088	0.939931	0.890349	0.886294	0.89363	0.889529	0.89406	0.904638	0.969378	0.986426	0.965162	0.98617	0.964089	0.96482	0.923675	0.942433	0.94487	0.943976	0.959318	0.937093	0.923872	0.931849	0.941936	0.932935	0.93267	0.931257
ERR605564	0.952105	0.949223	0.952569	0.969026	0.958285	0.957706	0.952337	0.953008	0.941984	0.944761	0.941948	0.941314	0.894267	0.895572	0.88803	0.924349	0.89024	0.882444	1.07576	1.07694	1.04591	1.04987	1.07738	1.04464	0	0.722011	0.714284	0.721727	0.71976	0.726107	0.800855	0.820153	0.818216	0.801636	0.801188	0.820942	0.953017	0.919741	0.950753	0.952974	0.92002	0.923135	0.961274	0.921688	0.958901	0.960969	0.923625	0.928595	1.0672	1.07982	1.06999	1.07676	1.06712	1.08044	1.05798	1.06885	1.05812	1.05807	1.06832	1.05818	1.0878	1.09199	1.09948	1.09592	1.09033	1.08718	1.04492	1.05409	1.04815	1.04428	1.05287	1.04516	1.05783	1.05212	1.06008	1.05666	1.0584	1.0646	1.07149	1.08496	1.0682	1.08463	1.06686	1.06776	1.07672	1.09096	1.09153	1.09137	1.09901	1.0852	1.02693	1.02994	1.03392	1.03143	1.0312	1.03008
ERR605568	0.952641	0.950065	0.953698	0.969695	0.958796	0.958537	0.9519	0.952907	0.94164	0.945003	0.941402	0.940962	0.894932	0.89597	0.89022	0.925598	0.891596	0.884228	1.07589	1.07723	1.04687	1.05081	1.07752	1.04559	0.722011	0	0.716316	0.719112	0.717106	0.728291	0.800966	0.8195	0.817081	0.801544	0.801183	0.820113	0.953375	0.92086	0.951079	0.953245	0.921166	0.924274	0.96063	0.922113	0.958439	0.959636	0.923652	0.928751	1.06805	1.0806	1.07144	1.07743	1.06783	1.08183	1.05904	1.06957	1.05888	1.05896	1.0692	1.05864	1.08798	1.09289	1.09965	1.09614	1.09102	1.08749	1.04531	1.05454	1.04904	1.04497	1.05375	1.04555	1.05847	1.05388	1.06063	1.05751	1.05959	1.06587	1.072	1.08578	1.06875	1.08524	1.06766	1.06841	1.07741	1.09127	1.09218	1.09182	1.10026	1.08594	1.02821	1.03115	1.03464	1.03206	1.03184	1.03088
ERR605563	0.946837	0.943979	0.9472	0.964245	0.952617	0.952099	0.946246	0.946564	0.935049	0.93824	0.934891	0.934262	0.892086	0.892803	0.885939	0.923583	0.888815	0.880104	1.0701	1.07186	1.04028	1.04428	1.07224	1.03897	0.714284	0.716316	0	0.715897	0.713921	0.7212	0.797588	0.81765	0.815172	0.798458	0.798178	0.818377	0.947475	0.913079	0.945282	0.947199	0.913307	0.916992	0.955126	0.915119	0.952812	0.954417	0.916846	0.921768	1.06118	1.07404	1.06435	1.07094	1.06109	1.07529	1.05176	1.06289	1.05186	1.05198	1.06253	1.05157	1.08216	1.08666	1.09428	1.09051	1.08519	1.08149	1.04166	1.05147	1.04516	1.04129	1.05019	1.04208	1.05162	1.04679	1.05408	1.05067	1.05254	1.05907	1.06542	1.07945	1.06264	1.07929	1.06113	1.06176	1.07105	1.08533	1.08619	1.086	1.0942	1.07987	1.02361	1.02681	1.03106	1.02796	1.02819	1.0268
ERR605566	0.952788	0.949856	0.953248	0.969575	0.958669	0.958411	0.951901	0.952531	0.941352	0.94455	0.940995	0.940453	0.895166	0.896296	0.890045	0.925645	0.891938	0.884471	1.07574	1.07706	1.04666	1.05085	1.07754	1.04565	0.721727	0.719112	0.715897	0	0.716703	0.727808	0.80085	0.819218	0.81693	0.801612	0.801122	0.820104	0.952816	0.92059	0.950869	0.952621	0.92059	0.923874	0.960082	0.922057	0.957823	0.959611	0.923669	0.928914	1.06789	1.0804	1.0714	1.07744	1.06782	1.08216	1.059	1.06961	1.05896	1.05889	1.0693	1.05883	1.08818	1.09274	1.09972	1.09631	1.09117	1.08749	1.04533	1.05466	1.04845	1.04478	1.05353	1.04543	1.05846	1.0538	1.06067	1.0576	1.05956	1.06599	1.07253	1.08598	1.06917	1.08575	1.06802	1.06864	1.07756	1.09135	1.09229	1.09208	1.10032	1.08632	1.02818	1.03088	1.03454	1.03181	1.03185	1.03047
ERR605567	0.950617	0.947685	0.951285	0.967721	0.956644	0.956138	0.950115	0.950795	0.939309	0.942846	0.939494	0.938436	0.893955	0.89499	0.888338	0.924358	0.890007	0.882493	1.07467	1.0762	1.04512	1.04897	1.07644	1.04388	0.71976	0.717106	0.713921	0.716703	0	0.725943	0.798619	0.818393	0.815857	0.80015	0.799414	0.818818	0.950971	0.91781	0.948636	0.950762	0.91803	0.92152	0.958566	0.919682	0.95626	0.958333	0.921189	0.926585	1.06661	1.07907	1.06986	1.07611	1.06619	1.08035	1.05759	1.06819	1.05755	1.05738	1.06787	1.05734	1.08687	1.09137	1.09854	1.09481	1.0899	1.08611	1.0448	1.05412	1.04829	1.04414	1.0531	1.04507	1.05686	1.05228	1.05934	1.05578	1.0578	1.0645	1.07085	1.08444	1.06764	1.08413	1.06605	1.06678	1.0759	1.08998	1.09081	1.09083	1.09867	1.08483	1.02707	1.03036	1.03389	1.03133	1.03116	1.02992
ERR605565	0.958566	0.955748	0.959101	0.975202	0.96481	0.964032	0.959163	0.959971	0.949317	0.952661	0.949177	0.948461	0.897716	0.8986	0.891817	0.926197	0.893697	0.887145	1.08165	1.08318	1.05259	1.05602	1.08338	1.05141	0.726107	0.728291	0.7212	0.727808	0.725943	0	0.803722	0.822046	0.819816	0.804625	0.804412	0.822658	0.959515	0.928232	0.957306	0.959456	0.928601	0.931486	0.967512	0.929183	0.965205	0.967108	0.93098	0.935651	1.07434	1.08638	1.07725	1.08337	1.07411	1.08708	1.06485	1.07551	1.06526	1.06505	1.07476	1.06488	1.09387	1.09796	1.10517	1.10201	1.09638	1.09332	1.04866	1.05723	1.05185	1.04816	1.05618	1.04894	1.06463	1.05969	1.06701	1.06384	1.06531	1.07129	1.07799	1.09113	1.07483	1.09086	1.07354	1.0741	1.08291	1.09664	1.09775	1.09764	1.10491	1.0915	1.0313	1.03387	1.03689	1.03495	1.03487	1.03379
ERR613497	0.986244	0.983598	0.986818	1.00214	0.992281	0.991427	0.97839	0.978708	0.969316	0.972436	0.969821	0.968499	0.916021	0.916882	0.910888	0.943202	0.911628	0.906235	1.08003	1.08135	1.05212	1.05499	1.08183	1.05041	0.800855	0.800966	0.797588	0.80085	0.798619	0.803722	0	0.772547	0.769646	0.750873	0.7506	0.773407	0.979848	0.948539	0.977777	0.979898	0.94951	0.952324	0.987276	0.950487	0.985339	0.9871	0.9529	0.956979	1.07268	1.08411	1.07449	1.0811	1.07222	1.08288	1.06852	1.0784	1.06879	1.06893	1.07721	1.06866	1.09539	1.099	1.10636	1.10297	1.09713	1.09482	1.03898	1.04701	1.04257	1.03872	1.04599	1.03903	1.06787	1.06247	1.07028	1.06692	1.06756	1.07337	1.08107	1.09303	1.07756	1.09315	1.07675	1.07741	1.07906	1.09273	1.09354	1.0931	1.09983	1.0873	1.01916	1.02131	1.02397	1.0224	1.02228	1.02068
ERR613501	1.00834	1.00605	1.00903	1.02278	1.01307	1.013	0.996077	0.996452	0.987398	0.990644	0.987589	0.987101	0.926112	0.926571	0.924653	0.950274	0.923784	0.919831	1.09408	1.0953	1.06897	1.07244	1.09586	1.0678	0.820153	0.8195	0.81765	0.819218	0.818393	0.822046	0.772547	0	0.780822	0.772395	0.772344	0.783718	0.999163	0.971756	0.997491	0.999181	0.971603	0.974905	1.00397	0.972069	1.00156	1.00313	0.973915	0.977966	1.0887	1.0993	1.09146	1.09665	1.08832	1.1002	1.08641	1.09562	1.08619	1.08633	1.09497	1.08611	1.11025	1.11385	1.11993	1.11696	1.11264	1.10968	1.04549	1.05181	1.04871	1.04522	1.05113	1.0456	1.08459	1.08037	1.08696	1.08375	1.08493	1.09078	1.09787	1.1095	1.095	1.10929	1.09393	1.09447	1.09489	1.10683	1.10776	1.10761	1.11511	1.10234	1.02778	1.02933	1.03147	1.03026	1.03013	1.02892
ERR613500	1.00525	1.00293	1.00584	1.01988	1.0103	1.00984	0.993053	0.993904	0.984871	0.987735	0.985317	0.98399	0.924637	0.924588	0.922564	0.948607	0.922276	0.917927	1.09218	1.09353	1.0668	1.0701	1.09408	1.06577	0.818216	0.817081	0.815172	0.81693	0.815857	0.819816	0.769646	0.780822	0	0.770383	0.769992	0.781854	0.996511	0.968477	0.994602	0.996413	0.968894	0.971674	1.00141	0.969456	0.999173	1.00093	0.970841	0.974942	1.08694	1.09748	1.0896	1.09463	1.08636	1.09826	1.0845	1.09351	1.08429	1.08418	1.09286	1.08422	1.10855	1.1121	1.11823	1.11537	1.11082	1.10776	1.04479	1.05111	1.04799	1.04435	1.0505	1.04469	1.08271	1.07831	1.085	1.08189	1.08299	1.08862	1.09574	1.10711	1.09272	1.10723	1.09175	1.09213	1.09296	1.10503	1.10595	1.10564	1.1131	1.10076	1.02666	1.02868	1.03043	1.02922	1.02901	1.02795
ERR613499	0.98737	0.984899	0.987871	1.0034	0.993392	0.992478	0.979352	0.979626	0.970006	0.973226	0.970217	0.969338	0.916412	0.916965	0.911282	0.943035	0.911958	0.907073	1.08075	1.08188	1.05306	1.05561	1.08269	1.05119	0.801636	0.801544	0.798458	0.801612	0.80015	0.804625	0.750873	0.772395	0.770383	0	0.751397	0.773449	0.980321	0.949555	0.978039	0.980392	0.950426	0.953249	0.988454	0.9519	0.986143	0.988057	0.954324	0.958335	1.07363	1.08503	1.07568	1.08234	1.07316	1.08402	1.07016	1.07975	1.0703	1.07014	1.07876	1.0701	1.09673	1.1003	1.10742	1.10425	1.09857	1.0961	1.03975	1.04751	1.04311	1.03952	1.04628	1.03971	1.06889	1.06374	1.07156	1.0683	1.06876	1.07455	1.08212	1.09376	1.07873	1.09417	1.07757	1.07859	1.08042	1.09358	1.09485	1.09445	1.10122	1.08853	1.0198	1.02205	1.02492	1.02328	1.02312	1.02158
ERR613498	0.987012	0.984235	0.987415	1.00241	0.992731	0.991728	0.978626	0.979061	0.969867	0.972916	0.970162	0.968889	0.916226	0.916635	0.911175	0.94277	0.912171	0.906478	1.08073	1.0822	1.05284	1.05589	1.08263	1.05127	0.801188	0.801183	0.798178	0.801122	0.799414	0.804412	0.7506	0.772344	0.769992	0.751397	0	0.7733	0.980034	0.948904	0.977681	0.979966	0.949812	0.952424	0.988103	0.951367	0.985424	0.98726	0.9535	0.957606	1.0738	1.08533	1.07585	1.08218	1.0735	1.08427	1.07027	1.08002	1.0701	1.0702	1.07899	1.06995	1.09679	1.10053	1.10766	1.10423	1.09855	1.09619	1.04003	1.0477	1.04319	1.03949	1.04658	1.04004	1.06923	1.06409	1.07177	1.06849	1.0692	1.07474	1.08218	1.09412	1.07893	1.09426	1.07757	1.07846	1.08048	1.09377	1.09505	1.09449	1.10113	1.08834	1.02004	1.02238	1.02523	1.02346	1.02336	1.02199
ERR613502	1.00846	1.00619	1.00903	1.02283	1.01304	1.013	0.996429	0.996935	0.987867	0.990815	0.988236	0.98726	0.926822	0.926824	0.924599	0.950269	0.924571	0.919971	1.09467	1.09624	1.06971	1.07299	1.09646	1.06874	0.820942	0.820113	0.818377	0.820104	0.818818	0.822658	0.773407	0.783718	0.781854	0.773449	0.7733	0	0.999081	0.972025	0.99764	0.999351	0.972269	0.975093	1.00553	0.973978	1.00335	1.00511	0.975423	0.979307	1.08932	1.09968	1.09175	1.09683	1.08861	1.10062	1.0868	1.09597	1.0866	1.08667	1.09514	1.08636	1.11065	1.11465	1.1206	1.11749	1.11317	1.11009	1.04556	1.05182	1.04863	1.04529	1.05104	1.04542	1.08475	1.08062	1.08721	1.08396	1.08525	1.09084	1.09803	1.10965	1.09506	1.10944	1.09429	1.09465	1.09528	1.10732	1.10835	1.10763	1.1152	1.10279	1.02758	1.02919	1.03129	1.03003	1.03004	1.02888
ERR607762	0.939368	0.93613	0.939306	0.955516	0.943506	0.944263	0.94702	0.947568	0.935298	0.93853	0.933961	0.934176	0.974374	0.974756	0.967148	1.01037	0.971983	0.959027	1.06673	1.06795	1.0421	1.04584	1.06827	1.04143	0.953017	0.953375	0.947475	0.952816	0.950971	0.959515	0.979848	0.999163	0.996511	0.980321	0.980034	0.999081	0	0.792086	0.813339	0.815385	0.791345	0.794493	0.973437	0.936347	0.971094	0.974639	0.937238	0.943777	1.0864	1.0977	1.09161	1.09477	1.08632	1.10205	1.07334	1.08189	1.07247	1.07279	1.08245	1.07291	1.09974	1.10531	1.11021	1.10679	1.10454	1.09891	1.11363	1.12566	1.11787	1.11293	1.12496	1.1149	1.0773	1.07458	1.07882	1.07651	1.07945	1.08581	1.08265	1.09522	1.07939	1.09439	1.07867	1.0787	1.09242	1.10328	1.10499	1.10493	1.11501	1.10007	1.1166	1.12122	1.12715	1.12229	1.12175	1.12103
ERR607759	0.904403	0.90054	0.904379	0.923722	0.909409	0.910093	0.911153	0.911133	0.897146	0.900735	0.896051	0.895487	0.94533	0.946755	0.936418	0.985431	0.942	0.927593	1.04154	1.04309	1.0122	1.01648	1.04361	1.01106	0.919741	0.92086	0.913079	0.92059	0.91781	0.928232	0.948539	0.971756	0.968477	0.949555	0.948904	0.972025	0.792086	0	0.788631	0.791499	0.7439	0.749228	0.940404	0.896575	0.938236	0.941836	0.89777	0.905279	1.05142	1.06456	1.05614	1.06099	1.05103	1.0678	1.03664	1.04707	1.03599	1.03653	1.04749	1.03634	1.06743	1.07321	1.0798	1.07583	1.07198	1.06654	1.08477	1.09862	1.08931	1.0839	1.09787	1.08614	1.04213	1.03765	1.04371	1.04106	1.04341	1.05078	1.04632	1.06043	1.04242	1.06027	1.04123	1.04178	1.05793	1.0715	1.07346	1.07294	1.08369	1.06718	1.08496	1.09012	1.0966	1.0915	1.0911	1.09007
ERR607761	0.936857	0.93334	0.936625	0.953253	0.940967	0.941832	0.944385	0.945109	0.932752	0.935987	0.931629	0.931456	0.972183	0.972626	0.965244	1.00884	0.969994	0.956635	1.06523	1.06643	1.04046	1.04422	1.06698	1.03984	0.950753	0.951079	0.945282	0.950869	0.948636	0.957306	0.977777	0.997491	0.994602	0.978039	0.977681	0.99764	0.813339	0.788631	0	0.813017	0.787556	0.791037	0.971234	0.933758	0.968412	0.971884	0.934405	0.941115	1.08417	1.09547	1.08928	1.09273	1.08413	1.09972	1.07065	1.07969	1.06987	1.07036	1.08013	1.07042	1.09713	1.10259	1.10777	1.10425	1.10213	1.09637	1.11176	1.12369	1.11592	1.11106	1.12307	1.11292	1.07467	1.07222	1.0767	1.07403	1.07686	1.08345	1.08032	1.0927	1.07744	1.09242	1.0764	1.07618	1.09004	1.10103	1.1026	1.10246	1.11288	1.09763	1.11445	1.11905	1.12497	1.12003	1.11963	1.11885
ERR607760	0.939426	0.936105	0.939147	0.955789	0.943501	0.944408	0.945995	0.946835	0.934475	0.937737	0.933221	0.933369	0.974006	0.974379	0.967169	1.01018	0.971764	0.958637	1.06619	1.06736	1.0415	1.04559	1.06789	1.04097	0.952974	0.953245	0.947199	0.952621	0.950762	0.959456	0.979898	0.999181	0.996413	0.980392	0.979966	0.999351	0.815385	0.791499	0.813017	0	0.790273	0.793522	0.97272	0.936064	0.970498	0.973736	0.936251	0.943542	1.08563	1.0969	1.09107	1.09401	1.08564	1.10171	1.07254	1.08152	1.07173	1.07213	1.08206	1.07209	1.09913	1.10451	1.10938	1.10562	1.10381	1.09789	1.11295	1.12524	1.11712	1.11251	1.12487	1.11445	1.07661	1.07371	1.07816	1.07576	1.07869	1.0852	1.08221	1.09452	1.07903	1.09409	1.07827	1.07844	1.09152	1.10256	1.10395	1.10398	1.11468	1.09932	1.1159	1.12069	1.12646	1.12163	1.12121	1.1206
ERR637124	0.905384	0.901143	0.904967	0.92424	0.909447	0.910721	0.910671	0.910396	0.896264	0.899825	0.894832	0.89439	0.945461	0.946452	0.937733	0.985661	0.94292	0.928289	1.04018	1.0415	1.01125	1.01586	1.04203	1.01082	0.92002	0.921166	0.913307	0.92059	0.91803	0.928601	0.94951	0.971603	0.968894	0.950426	0.949812	0.972269	0.791345	0.7439	0.787556	0.790273	0	0.748944	0.938824	0.895712	0.936062	0.93987	0.896571	0.904586	1.05029	1.06342	1.05595	1.0601	1.05008	1.06838	1.0359	1.04641	1.03519	1.03564	1.04746	1.03555	1.06654	1.07239	1.07853	1.07437	1.07142	1.06523	1.08348	1.09775	1.0885	1.08283	1.09696	1.08491	1.04098	1.03725	1.04285	1.04007	1.04297	1.05045	1.04576	1.06063	1.04215	1.05997	1.04102	1.04151	1.05676	1.07051	1.07213	1.072	1.08361	1.06626	1.08433	1.08933	1.09623	1.0908	1.09009	1.08905
ERR637123	0.908424	0.904777	0.908661	0.927492	0.913773	0.914351	0.916265	0.916088	0.902371	0.905837	0.901322	0.900842	0.948997	0.950227	0.940131	0.98845	0.945832	0.931637	1.0448	1.04618	1.01632	1.02018	1.04667	1.0151	0.923135	0.924274	0.916992	0.923874	0.92152	0.931486	0.952324	0.974905	0.971674	0.953249	0.952424	0.975093	0.794493	0.749228	0.791037	0.793522	0.748944	0	0.944343	0.901562	0.9422	0.945638	0.902929	0.910105	1.05609	1.06903	1.06099	1.06547	1.05548	1.07246	1.04136	1.05163	1.0407	1.04146	1.05238	1.04127	1.07181	1.07752	1.08372	1.0798	1.07656	1.07084	1.08863	1.10243	1.09329	1.08784	1.10152	1.08994	1.04649	1.0424	1.04853	1.04554	1.04801	1.05537	1.05098	1.06533	1.04734	1.0646	1.04652	1.04671	1.06281	1.07594	1.07756	1.07746	1.08805	1.07171	1.08916	1.09419	1.10084	1.09553	1.09496	1.09422
ERR622213	0.957835	0.955603	0.959065	0.973537	0.961513	0.962792	0.944876	0.94465	0.93375	0.937225	0.932913	0.932905	0.955407	0.955647	0.95378	0.991136	0.955765	0.945176	1.07111	1.07247	1.04557	1.05148	1.07279	1.04578	0.961274	0.96063	0.955126	0.960082	0.958566	0.967512	0.987276	1.00397	1.00141	0.988454	0.988103	1.00553	0.973437	0.940404	0.971234	0.97272	0.938824	0.944343	0	0.805152	0.832927	0.83454	0.803399	0.811639	1.07742	1.08975	1.08334	1.08701	1.07715	1.09646	1.06615	1.07653	1.06519	1.06575	1.07769	1.06548	1.08701	1.09309	1.09819	1.09423	1.09281	1.08568	1.1105	1.12477	1.11576	1.1103	1.12434	1.1123	1.07612	1.07323	1.07802	1.07508	1.07863	1.08652	1.07492	1.08872	1.07164	1.08773	1.07075	1.07079	1.08468	1.0968	1.09859	1.09776	1.11046	1.09345	1.10927	1.11403	1.1203	1.11493	1.11461	1.11385
ERR622211	0.918714	0.915833	0.919879	0.938318	0.925215	0.924718	0.912624	0.912118	0.899892	0.903571	0.899248	0.898743	0.92295	0.923281	0.916089	0.962285	0.9198	0.907676	1.04613	1.0478	1.01552	1.02037	1.04831	1.01434	0.921688	0.922113	0.915119	0.922057	0.919682	0.929183	0.950487	0.972069	0.969456	0.9519	0.951367	0.973978	0.936347	0.896575	0.933758	0.936064	0.895712	0.901562	0.805152	0	0.802313	0.805134	0.755507	0.763315	1.04905	1.06289	1.05381	1.05939	1.0484	1.06661	1.03474	1.04687	1.0345	1.03478	1.04714	1.03492	1.06152	1.06711	1.07416	1.07027	1.06581	1.06078	1.08563	1.10081	1.09094	1.08482	1.09999	1.08733	1.04599	1.04113	1.04862	1.04482	1.04762	1.05527	1.04365	1.05853	1.03982	1.05786	1.03857	1.03905	1.05701	1.07111	1.07295	1.07243	1.08362	1.06644	1.08189	1.08676	1.09394	1.08833	1.08827	1.08704
ERR622214	0.955518	0.95319	0.956442	0.97151	0.959383	0.960949	0.942606	0.942047	0.931286	0.934769	0.930413	0.930704	0.953626	0.95367	0.951857	0.989303	0.953663	0.943186	1.07008	1.07157	1.04452	1.05059	1.072	1.04476	0.958901	0.958439	0.952812	0.957823	0.95626	0.965205	0.985339	1.00156	0.999173	0.986143	0.985424	1.00335	0.971094	0.938236	0.968412	0.970498	0.936062	0.9422	0.832927	0.802313	0	0.832741	0.80081	0.808894	1.07682	1.08891	1.08297	1.0862	1.07658	1.09588	1.06556	1.07578	1.06465	1.06506	1.07711	1.06489	1.08641	1.09262	1.09764	1.09382	1.09201	1.08535	1.11	1.12394	1.11501	1.10932	1.12368	1.11134	1.07544	1.07224	1.07746	1.07399	1.07803	1.08555	1.07366	1.08782	1.07043	1.08684	1.06993	1.06976	1.08376	1.09568	1.09737	1.09667	1.10964	1.09235	1.10807	1.11313	1.11936	1.11396	1.1136	1.1127
ERR622212	0.958347	0.956168	0.959375	0.97394	0.962222	0.963251	0.945207	0.945301	0.934347	0.937941	0.933564	0.933592	0.955744	0.955992	0.954229	0.991786	0.955784	0.94556	1.07197	1.07356	1.04676	1.05253	1.07376	1.04682	0.960969	0.959636	0.954417	0.959611	0.958333	0.967108	0.9871	1.00313	1.00093	0.988057	0.98726	1.00511	0.974639	0.941836	0.971884	0.973736	0.93987	0.945638	0.83454	0.805134	0.832741	0	0.803251	0.811404	1.07856	1.09038	1.08419	1.08766	1.07826	1.09743	1.0674	1.07802	1.06654	1.06695	1.07871	1.06683	1.08783	1.09409	1.09908	1.09566	1.09369	1.08674	1.11169	1.12576	1.1166	1.11116	1.12544	1.1131	1.07705	1.07417	1.07903	1.07598	1.07963	1.08721	1.07579	1.08935	1.0727	1.08878	1.07166	1.07179	1.0853	1.09722	1.099	1.09847	1.11109	1.09396	1.10997	1.115	1.12092	1.11567	1.11515	1.11436
ERR622210	0.920762	0.918331	0.922154	0.940096	0.926358	0.927075	0.912704	0.911786	0.899915	0.903883	0.89905	0.89918	0.92513	0.925335	0.919509	0.964815	0.922703	0.910429	1.04555	1.04704	1.01562	1.02137	1.04758	1.01498	0.923625	0.923652	0.916846	0.923669	0.921189	0.93098	0.9529	0.973915	0.970841	0.954324	0.9535	0.975423	0.937238	0.89777	0.934405	0.936251	0.896571	0.902929	0.803399	0.755507	0.80081	0.803251	0	0.763776	1.0495	1.06323	1.05536	1.05988	1.04914	1.06865	1.03597	1.04806	1.03538	1.03583	1.0485	1.03576	1.06154	1.0679	1.07428	1.07012	1.06697	1.06076	1.08629	1.1017	1.09161	1.08549	1.10119	1.08803	1.04689	1.04289	1.04923	1.04573	1.04907	1.05728	1.04501	1.06022	1.04138	1.05964	1.04016	1.04039	1.05733	1.07172	1.07365	1.07293	1.0853	1.06714	1.08313	1.08839	1.09509	1.08969	1.0893	1.08841
ERR622209	0.924529	0.921909	0.925668	0.943674	0.930823	0.930432	0.9183	0.917857	0.906219	0.910163	0.905909	0.905112	0.928468	0.928691	0.92204	0.966648	0.925736	0.913992	1.05231	1.05369	1.02205	1.02696	1.05402	1.02113	0.928595	0.928751	0.921768	0.928914	0.926585	0.935651	0.956979	0.977966	0.974942	0.958335	0.957606	0.979307	0.943777	0.905279	0.941115	0.943542	0.904586	0.910105	0.811639	0.763315	0.808894	0.811404	0.763776	0	1.05545	1.06888	1.06017	1.06554	1.05497	1.07229	1.04145	1.05329	1.04126	1.0418	1.05346	1.04128	1.06734	1.07285	1.07991	1.07586	1.07159	1.06649	1.09164	1.10606	1.09676	1.09056	1.10547	1.09284	1.05274	1.0479	1.055	1.05124	1.05388	1.0616	1.05011	1.06479	1.04656	1.06435	1.04501	1.04563	1.06302	1.0768	1.07891	1.07799	1.08913	1.07217	1.08794	1.09279	1.09941	1.09426	1.09402	1.09283
