	ERR629867	ERR629863	ERR629866	ERR629865	ERR629862	ERR629864	ERR608869	ERR608870	ERR608865	ERR608866	ERR608868	ERR608867	ERR614124	ERR614123	ERR614126	ERR614125	ERR614127	ERR614128	ERR609030	ERR609032	ERR609031	ERR609027	ERR609028	ERR609029	ERR614130	ERR614129	ERR614131	ERR614134	ERR614133	ERR614132	ERR626616	ERR626615	ERR626614	ERR626618	ERR626619	ERR626617	ERR608395	ERR608398	ERR608397	ERR608396	ERR608400	ERR608399	ERR622232	ERR622231	ERR622228	ERR622227	ERR622230	ERR622229	ERR638175	ERR638174	ERR638173	ERR638176	ERR638172	ERR638171	ERR612074	ERR612071	ERR612073	ERR612075	ERR612072	ERR612076	ERR617488	ERR617489	ERR617492	ERR617490	ERR617487	ERR617491	ERR607399	ERR607402	ERR607401	ERR607397	ERR607400	ERR607398	ERR608496	ERR608497	ERR608498	ERR608499	ERR608495	ERR608500	ERR608173	ERR608177	ERR608175	ERR608174	ERR608178	ERR608176	ERR616762	ERR616761	ERR616760	ERR616764	ERR616763	ERR638122	ERR612958	ERR612962	ERR612961	ERR612960	ERR612959	ERR612957
ERR629867	6.6386e+09	6.43227e+09	6.35952e+09	6.45239e+09	7.03187e+09	6.95721e+09	7.08708e+09	7.11929e+09	5.78559e+09	7.01317e+09	7.1021e+09	7.34797e+09	6.76234e+09	6.37685e+09	5.80779e+09	6.81158e+09	5.9054e+09	5.94345e+09	5.69094e+09	5.5409e+09	5.63298e+09	5.43954e+09	6.5131e+09	6.80798e+09	5.02067e+09	3.92841e+09	5.3761e+09	5.19194e+09	5.166e+09	5.18241e+09	5.72259e+09	6.26947e+09	6.77276e+09	5.77102e+09	5.64964e+09	5.70091e+09	4.611e+09	5.94593e+09	5.92599e+09	5.48704e+09	5.52173e+09	6.02033e+09	5.09062e+09	5.04603e+09	6.23881e+09	5.99213e+09	5.02811e+09	6.26493e+09	6.32805e+09	6.32059e+09	5.08961e+09	6.05703e+09	5.23594e+09	5.15133e+09	5.94449e+09	6.6111e+09	6.37074e+09	6.57773e+09	6.33968e+09	5.38568e+09	6.00809e+09	6.02479e+09	6.33872e+09	6.59079e+09	5.94034e+09	6.6446e+09	7.46817e+09	5.98419e+09	6.1983e+09	5.76073e+09	6.11696e+09	7.22117e+09	6.49684e+09	6.80048e+09	7.1188e+09	6.91526e+09	5.38064e+09	6.90421e+09	5.12438e+09	5.87513e+09	6.33834e+09	5.93657e+09	5.72502e+09	5.9412e+09	5.56428e+09	5.93879e+09	5.82629e+09	6.61623e+09	6.62193e+09	6.61761e+09	4.94724e+09	5.22628e+09	5.05041e+09	5.2928e+09	6.13217e+09	6.50665e+09
ERR629863	6.43227e+09	6.65142e+09	6.35935e+09	6.45281e+09	7.05401e+09	6.97814e+09	7.08331e+09	7.11637e+09	5.75843e+09	7.00719e+09	7.09933e+09	7.3511e+09	6.78168e+09	6.38973e+09	5.82551e+09	6.82234e+09	5.92723e+09	5.96595e+09	5.6928e+09	5.54195e+09	5.63443e+09	5.42291e+09	6.51112e+09	6.81196e+09	5.00899e+09	3.90847e+09	5.36999e+09	5.18183e+09	5.15594e+09	5.1726e+09	5.73197e+09	6.28852e+09	6.79225e+09	5.79165e+09	5.66938e+09	5.72154e+09	4.60957e+09	5.96518e+09	5.94344e+09	5.49841e+09	5.53342e+09	6.0386e+09	5.12848e+09	5.0834e+09	6.27596e+09	6.02296e+09	5.06541e+09	6.29696e+09	6.34174e+09	6.33291e+09	5.10178e+09	6.05868e+09	5.24605e+09	5.16037e+09	5.95552e+09	6.62676e+09	6.38339e+09	6.58833e+09	6.35209e+09	5.39539e+09	6.05399e+09	6.07191e+09	6.38112e+09	6.63897e+09	5.97844e+09	6.69243e+09	7.48235e+09	5.99075e+09	6.20451e+09	5.74856e+09	6.12374e+09	7.22792e+09	6.52221e+09	6.83109e+09	7.14595e+09	6.94231e+09	5.38639e+09	6.93001e+09	5.16194e+09	5.92063e+09	6.39873e+09	5.99109e+09	5.7705e+09	5.98799e+09	5.58343e+09	5.95582e+09	5.84405e+09	6.6303e+09	6.63652e+09	6.63136e+09	4.95953e+09	5.24739e+09	5.06997e+09	5.31367e+09	6.14775e+09	6.52751e+09
ERR629866	6.35952e+09	6.35935e+09	6.49151e+09	6.37868e+09	6.94757e+09	6.87441e+09	7.00212e+09	7.03333e+09	5.72173e+09	6.92889e+09	7.01671e+09	7.25834e+09	6.68238e+09	6.30404e+09	5.74466e+09	6.73147e+09	5.84097e+09	5.87811e+09	5.62825e+09	5.48003e+09	5.57133e+09	5.38063e+09	6.43745e+09	6.72693e+09	4.96912e+09	3.89046e+09	5.31896e+09	5.13787e+09	5.11224e+09	5.12848e+09	5.66045e+09	6.1992e+09	6.69435e+09	5.70855e+09	5.58917e+09	5.63934e+09	4.56474e+09	5.8789e+09	5.8601e+09	5.42826e+09	5.46184e+09	5.95321e+09	5.03714e+09	4.99337e+09	6.16704e+09	5.9251e+09	4.97573e+09	6.19326e+09	6.25669e+09	6.24802e+09	5.03669e+09	5.98976e+09	5.18138e+09	5.09764e+09	5.87979e+09	6.53577e+09	6.29904e+09	6.50263e+09	6.26901e+09	5.33023e+09	5.94084e+09	5.95657e+09	6.26604e+09	6.5138e+09	5.87418e+09	6.56648e+09	7.37774e+09	5.91857e+09	6.12919e+09	5.69769e+09	6.04848e+09	7.13456e+09	6.42256e+09	6.72057e+09	7.03398e+09	6.83373e+09	5.32358e+09	6.82345e+09	5.06903e+09	5.80863e+09	6.26416e+09	5.86876e+09	5.66098e+09	5.87425e+09	5.50554e+09	5.87366e+09	5.76334e+09	6.53993e+09	6.54562e+09	6.54173e+09	4.89811e+09	5.1734e+09	4.99986e+09	5.23881e+09	6.06525e+09	6.43471e+09
ERR629865	6.45239e+09	6.45281e+09	6.37868e+09	6.68027e+09	7.05617e+09	6.98193e+09	7.10827e+09	7.14159e+09	5.79735e+09	7.0338e+09	7.12446e+09	7.37198e+09	6.78439e+09	6.3956e+09	5.82514e+09	6.83308e+09	5.92369e+09	5.96197e+09	5.70696e+09	5.5556e+09	5.64805e+09	5.45209e+09	6.53211e+09	6.82875e+09	5.03197e+09	3.93498e+09	5.38966e+09	5.20497e+09	5.179e+09	5.19515e+09	5.7415e+09	6.29228e+09	6.79769e+09	5.79129e+09	5.67003e+09	5.72059e+09	4.6228e+09	5.96519e+09	5.94567e+09	5.50377e+09	5.53782e+09	6.04075e+09	5.11064e+09	5.06569e+09	6.26341e+09	6.01522e+09	5.04757e+09	6.28972e+09	6.35051e+09	6.34213e+09	5.10595e+09	6.07718e+09	5.25301e+09	5.16742e+09	5.96697e+09	6.63777e+09	6.39532e+09	6.60311e+09	6.36451e+09	5.40512e+09	6.03228e+09	6.04954e+09	6.36491e+09	6.61894e+09	5.96419e+09	6.67222e+09	7.49648e+09	6.00307e+09	6.21826e+09	5.77601e+09	6.13644e+09	7.24666e+09	6.52186e+09	6.82734e+09	7.14696e+09	6.94229e+09	5.39653e+09	6.93169e+09	5.14339e+09	5.89975e+09	6.36738e+09	5.96256e+09	5.74924e+09	5.96667e+09	5.58339e+09	5.95917e+09	5.84673e+09	6.63908e+09	6.64495e+09	6.64111e+09	4.96463e+09	5.24549e+09	5.06897e+09	5.31241e+09	6.1551e+09	6.53239e+09
ERR629862	7.03187e+09	7.05401e+09	6.94757e+09	7.05617e+09	8.00427e+09	7.67841e+09	7.80049e+09	7.8396e+09	6.27479e+09	7.7106e+09	7.8206e+09	8.11793e+09	7.44995e+09	6.99213e+09	6.34956e+09	7.49078e+09	6.4686e+09	6.51279e+09	6.20882e+09	6.03676e+09	6.1421e+09	5.89869e+09	7.13951e+09	7.49211e+09	5.43107e+09	4.20791e+09	5.83822e+09	5.62488e+09	5.59519e+09	5.61497e+09	6.25329e+09	6.89224e+09	7.47415e+09	6.32867e+09	6.19031e+09	6.24873e+09	4.98727e+09	6.52023e+09	6.49463e+09	5.98757e+09	6.02481e+09	6.60357e+09	5.60188e+09	5.55093e+09	6.90458e+09	6.60889e+09	5.53121e+09	6.9247e+09	6.95895e+09	6.94773e+09	5.5501e+09	6.62767e+09	5.71209e+09	5.61409e+09	6.51146e+09	7.28275e+09	7.00096e+09	7.23514e+09	6.96302e+09	5.8758e+09	6.66038e+09	6.68149e+09	7.03288e+09	7.33498e+09	6.56828e+09	7.39745e+09	8.26917e+09	6.54468e+09	6.78904e+09	6.26327e+09	6.69693e+09	7.96768e+09	7.1691e+09	7.52935e+09	7.88966e+09	7.65338e+09	5.86585e+09	7.63851e+09	5.63721e+09	6.50367e+09	7.06283e+09	6.59154e+09	6.33332e+09	6.58187e+09	6.09468e+09	6.51561e+09	6.38888e+09	7.28128e+09	7.29023e+09	7.28302e+09	5.39061e+09	5.71694e+09	5.51726e+09	5.79137e+09	6.73391e+09	7.17262e+09
ERR629864	6.95721e+09	6.97814e+09	6.87441e+09	6.98193e+09	7.67841e+09	7.8246e+09	7.71244e+09	7.75108e+09	6.21118e+09	7.62376e+09	7.73253e+09	8.02361e+09	7.36714e+09	6.91682e+09	6.28375e+09	7.40755e+09	6.40157e+09	6.44519e+09	6.14501e+09	5.97681e+09	6.07985e+09	5.84005e+09	7.06271e+09	7.40872e+09	5.38028e+09	4.17135e+09	5.78142e+09	5.57126e+09	5.54169e+09	5.56144e+09	6.18985e+09	6.81878e+09	7.391e+09	6.26334e+09	6.1265e+09	6.18434e+09	4.9404e+09	6.45139e+09	6.42643e+09	5.92633e+09	5.96309e+09	6.53362e+09	5.54338e+09	5.49339e+09	6.82692e+09	6.53643e+09	5.47348e+09	6.84652e+09	6.88288e+09	6.87178e+09	5.49452e+09	6.5561e+09	5.65428e+09	5.55756e+09	6.44445e+09	7.20346e+09	6.92626e+09	7.15706e+09	6.88895e+09	5.81745e+09	6.58456e+09	6.60512e+09	6.95114e+09	7.24756e+09	6.49434e+09	7.30925e+09	8.17215e+09	6.47667e+09	6.71687e+09	6.19962e+09	6.62652e+09	7.87631e+09	7.08942e+09	7.44278e+09	7.79735e+09	7.56527e+09	5.80596e+09	7.55133e+09	5.57681e+09	6.43012e+09	6.9794e+09	6.51585e+09	6.26236e+09	6.50735e+09	6.03164e+09	6.44682e+09	6.32082e+09	7.20006e+09	7.20789e+09	7.20215e+09	5.33877e+09	5.66048e+09	5.46371e+09	5.73395e+09	6.66305e+09	7.09543e+09
ERR608869	7.08708e+09	7.08331e+09	7.00212e+09	7.10827e+09	7.80049e+09	7.71244e+09	8.66013e+09	8.45329e+09	6.7877e+09	8.31921e+09	8.4329e+09	8.74518e+09	7.58947e+09	7.1281e+09	6.45224e+09	7.65214e+09	6.56622e+09	6.61181e+09	6.59104e+09	6.40524e+09	6.51787e+09	6.30222e+09	7.61066e+09	7.98393e+09	5.74009e+09	4.45868e+09	6.16231e+09	5.94405e+09	5.91087e+09	5.9356e+09	6.27975e+09	6.93259e+09	7.54516e+09	6.33405e+09	6.19022e+09	6.25035e+09	5.17011e+09	6.73671e+09	6.71229e+09	6.18959e+09	6.23231e+09	6.82348e+09	5.49577e+09	5.44414e+09	6.85142e+09	6.56006e+09	5.42437e+09	6.88495e+09	6.99415e+09	6.98336e+09	5.52022e+09	6.67073e+09	5.69341e+09	5.59317e+09	6.54541e+09	7.34948e+09	7.05807e+09	7.30961e+09	7.02005e+09	5.88378e+09	6.56323e+09	6.58184e+09	6.96139e+09	7.26232e+09	6.48439e+09	7.32724e+09	8.40952e+09	6.60201e+09	6.85968e+09	6.35312e+09	6.76107e+09	8.10577e+09	7.17035e+09	7.53582e+09	7.92962e+09	7.67765e+09	5.84815e+09	7.66705e+09	5.52179e+09	6.40272e+09	6.95001e+09	6.4736e+09	6.22594e+09	6.4808e+09	6.10274e+09	6.54878e+09	6.41594e+09	7.36859e+09	7.37629e+09	7.37085e+09	5.35149e+09	5.66565e+09	5.46307e+09	5.74301e+09	6.74321e+09	7.19115e+09
ERR608870	7.11929e+09	7.11637e+09	7.03333e+09	7.14159e+09	7.8396e+09	7.75108e+09	8.45329e+09	8.74601e+09	6.81604e+09	8.36005e+09	8.47565e+09	8.79056e+09	7.62727e+09	7.16175e+09	6.48184e+09	7.68957e+09	6.59727e+09	6.64296e+09	6.62059e+09	6.43322e+09	6.54695e+09	6.32832e+09	7.64644e+09	8.02302e+09	5.7624e+09	4.47379e+09	6.18731e+09	5.96759e+09	5.9342e+09	5.95944e+09	6.30575e+09	6.9633e+09	7.57997e+09	6.36164e+09	6.217e+09	6.27761e+09	5.19059e+09	6.76765e+09	6.74287e+09	6.21672e+09	6.25919e+09	6.85463e+09	5.52168e+09	5.46997e+09	6.88568e+09	6.59116e+09	5.45009e+09	6.91865e+09	7.02579e+09	7.01457e+09	5.54257e+09	6.699e+09	5.71716e+09	5.61593e+09	6.57353e+09	7.38385e+09	7.09009e+09	7.34331e+09	7.0515e+09	5.90777e+09	6.59713e+09	6.61611e+09	6.99744e+09	7.30189e+09	6.51659e+09	7.36669e+09	8.45116e+09	6.63045e+09	6.88949e+09	6.37902e+09	6.79038e+09	8.14455e+09	7.20472e+09	7.57275e+09	7.96923e+09	7.71498e+09	5.87306e+09	7.70447e+09	5.54774e+09	6.43359e+09	6.98714e+09	6.5071e+09	6.25638e+09	6.51267e+09	6.13012e+09	6.57858e+09	6.44531e+09	7.40225e+09	7.41069e+09	7.40473e+09	5.37412e+09	5.69061e+09	5.48649e+09	5.76825e+09	6.77399e+09	7.22594e+09
ERR608865	5.78559e+09	5.75843e+09	5.72173e+09	5.79735e+09	6.27479e+09	6.21118e+09	6.7877e+09	6.81604e+09	5.82635e+09	6.73177e+09	6.80209e+09	7.01942e+09	6.12829e+09	5.80046e+09	5.28147e+09	6.19164e+09	5.35926e+09	5.39275e+09	5.42276e+09	5.28203e+09	5.36786e+09	5.24309e+09	6.19661e+09	6.45758e+09	4.79963e+09	3.80336e+09	5.11425e+09	4.9529e+09	4.92728e+09	4.94693e+09	5.15688e+09	5.63678e+09	6.09347e+09	5.17691e+09	5.06688e+09	5.11154e+09	4.32661e+09	5.48898e+09	5.4751e+09	5.08935e+09	5.12242e+09	5.55618e+09	4.46855e+09	4.42972e+09	5.50793e+09	5.30433e+09	4.41361e+09	5.54511e+09	5.68353e+09	5.67857e+09	4.55717e+09	5.46126e+09	4.69651e+09	4.62145e+09	5.35145e+09	5.94744e+09	5.7368e+09	5.92755e+09	5.71014e+09	4.84645e+09	5.2649e+09	5.27555e+09	5.57271e+09	5.78433e+09	5.22031e+09	5.83347e+09	6.74118e+09	5.41169e+09	5.60661e+09	5.25999e+09	5.52974e+09	6.53355e+09	5.79587e+09	6.05768e+09	6.35715e+09	6.17086e+09	4.82825e+09	6.16561e+09	4.48817e+09	5.14526e+09	5.52874e+09	5.18163e+09	5.01119e+09	5.20264e+09	4.9939e+09	5.33973e+09	5.23882e+09	5.96786e+09	5.97078e+09	5.96839e+09	4.42235e+09	4.64963e+09	4.49465e+09	4.71093e+09	5.4892e+09	5.8172e+09
ERR608866	7.01317e+09	7.00719e+09	6.92889e+09	7.0338e+09	7.7106e+09	7.62376e+09	8.31921e+09	8.36005e+09	6.73177e+09	8.47947e+09	8.34266e+09	8.65087e+09	7.50631e+09	7.054e+09	6.38614e+09	7.56971e+09	6.49851e+09	6.54303e+09	6.52761e+09	6.34446e+09	6.45597e+09	6.24751e+09	7.53464e+09	7.90066e+09	5.69338e+09	4.42833e+09	6.10909e+09	5.89281e+09	5.86018e+09	5.8862e+09	6.21246e+09	6.85565e+09	7.45816e+09	6.26466e+09	6.12262e+09	6.18206e+09	5.12255e+09	6.66309e+09	6.63936e+09	6.12561e+09	6.16712e+09	6.74882e+09	5.42923e+09	5.37841e+09	6.76488e+09	6.47984e+09	5.3593e+09	6.79876e+09	6.9152e+09	6.90457e+09	5.46043e+09	6.59555e+09	5.6323e+09	5.5339e+09	6.47263e+09	7.26338e+09	6.97833e+09	7.22619e+09	6.94038e+09	5.82035e+09	6.47956e+09	6.4971e+09	6.87161e+09	7.16709e+09	6.40231e+09	7.23108e+09	8.31137e+09	6.53157e+09	6.78604e+09	6.29243e+09	6.68847e+09	8.01432e+09	7.08797e+09	7.44622e+09	7.83318e+09	7.58558e+09	5.7887e+09	7.57485e+09	5.45207e+09	6.31484e+09	6.85206e+09	6.38539e+09	6.14187e+09	6.39223e+09	6.03535e+09	6.47631e+09	6.34548e+09	7.28296e+09	7.28965e+09	7.28473e+09	5.29617e+09	5.60339e+09	5.40384e+09	5.68009e+09	6.66917e+09	7.11108e+09
ERR608868	7.1021e+09	7.09933e+09	7.01671e+09	7.12446e+09	7.8206e+09	7.73253e+09	8.4329e+09	8.47565e+09	6.80209e+09	8.34266e+09	8.70886e+09	8.77272e+09	7.613e+09	7.14831e+09	6.46938e+09	7.67413e+09	6.58593e+09	6.63212e+09	6.60806e+09	6.42106e+09	6.53417e+09	6.31541e+09	7.63158e+09	8.00753e+09	5.75225e+09	4.46626e+09	6.17741e+09	5.95577e+09	5.92281e+09	5.95008e+09	6.29103e+09	6.94801e+09	7.56365e+09	6.3481e+09	6.20387e+09	6.26416e+09	5.17962e+09	6.75424e+09	6.72792e+09	6.20338e+09	6.24585e+09	6.84063e+09	5.51001e+09	5.45852e+09	6.86912e+09	6.57554e+09	5.43861e+09	6.90164e+09	7.00881e+09	6.99736e+09	5.52855e+09	6.67806e+09	5.70316e+09	5.60168e+09	6.55589e+09	7.36269e+09	7.07055e+09	7.32326e+09	7.03166e+09	5.89257e+09	6.58114e+09	6.59993e+09	6.98005e+09	7.28486e+09	6.5e+09	7.3498e+09	8.43129e+09	6.61318e+09	6.87219e+09	6.36274e+09	6.77302e+09	8.12389e+09	7.18817e+09	7.55663e+09	7.94937e+09	7.69671e+09	5.85896e+09	7.6859e+09	5.5317e+09	6.41475e+09	6.96839e+09	6.4893e+09	6.23799e+09	6.49353e+09	6.11602e+09	6.56443e+09	6.43062e+09	7.38256e+09	7.39034e+09	7.38496e+09	5.36119e+09	5.67646e+09	5.47282e+09	5.75389e+09	6.75618e+09	7.20949e+09
ERR608867	7.34797e+09	7.3511e+09	7.25834e+09	7.37198e+09	8.11793e+09	8.02361e+09	8.74518e+09	8.79056e+09	7.01942e+09	8.65087e+09	8.77272e+09	9.38498e+09	7.89322e+09	7.39962e+09	6.68975e+09	7.95327e+09	6.81453e+09	6.86278e+09	6.82699e+09	6.63146e+09	6.75001e+09	6.51391e+09	7.89883e+09	8.29972e+09	5.92181e+09	4.58269e+09	6.36715e+09	6.13429e+09	6.09921e+09	6.12751e+09	6.50029e+09	7.19239e+09	7.84001e+09	6.5656e+09	6.41414e+09	6.47833e+09	5.33863e+09	6.99216e+09	6.96425e+09	6.41211e+09	6.45546e+09	7.08264e+09	5.71266e+09	5.65835e+09	7.13887e+09	6.82507e+09	5.63798e+09	7.16963e+09	7.26269e+09	7.2507e+09	5.71362e+09	6.91176e+09	5.89456e+09	5.78853e+09	6.77884e+09	7.62882e+09	7.31984e+09	7.58499e+09	7.27836e+09	6.08518e+09	6.846e+09	6.86673e+09	7.264e+09	7.58977e+09	6.75599e+09	7.6579e+09	8.75908e+09	6.83829e+09	7.10888e+09	6.56925e+09	7.00561e+09	8.42874e+09	7.45605e+09	7.84714e+09	8.25944e+09	7.99202e+09	6.05469e+09	7.98014e+09	5.73602e+09	6.66595e+09	7.2575e+09	6.74998e+09	6.48021e+09	6.75005e+09	6.32898e+09	6.79682e+09	6.65676e+09	7.65268e+09	7.66276e+09	7.65584e+09	5.54063e+09	5.87293e+09	5.65992e+09	5.95386e+09	7.00134e+09	7.47879e+09
ERR614124	6.76234e+09	6.78168e+09	6.68238e+09	6.78439e+09	7.44995e+09	7.36714e+09	7.58947e+09	7.62727e+09	6.12829e+09	7.50631e+09	7.613e+09	7.89322e+09	7.5487e+09	6.87632e+09	6.25065e+09	7.35706e+09	6.37087e+09	6.4144e+09	6.06777e+09	5.90345e+09	6.00408e+09	5.76612e+09	6.96245e+09	7.30044e+09	5.31632e+09	4.12731e+09	5.71002e+09	5.50235e+09	5.47337e+09	5.49636e+09	6.07436e+09	6.69151e+09	7.25042e+09	6.15127e+09	6.01697e+09	6.07306e+09	4.87841e+09	6.36575e+09	6.33679e+09	5.84776e+09	5.88557e+09	6.44317e+09	5.43356e+09	5.38513e+09	6.68052e+09	6.39544e+09	5.36523e+09	6.69722e+09	6.73214e+09	6.72181e+09	5.37783e+09	6.40793e+09	5.53415e+09	5.43953e+09	6.29876e+09	7.03192e+09	6.76559e+09	6.98913e+09	6.72842e+09	5.68912e+09	6.45779e+09	6.47805e+09	6.81374e+09	7.10692e+09	6.36574e+09	7.16718e+09	7.99118e+09	6.34508e+09	6.58024e+09	6.07486e+09	6.49123e+09	7.70401e+09	6.95054e+09	7.29612e+09	7.6417e+09	7.41514e+09	5.69325e+09	7.39929e+09	5.47608e+09	6.30892e+09	6.85147e+09	6.39866e+09	6.14562e+09	6.38486e+09	5.91287e+09	6.31728e+09	6.19498e+09	7.04812e+09	7.05616e+09	7.04966e+09	5.22325e+09	5.5401e+09	5.34685e+09	5.61111e+09	6.51315e+09	6.93572e+09
ERR614123	6.37685e+09	6.38973e+09	6.30404e+09	6.3956e+09	6.99213e+09	6.91682e+09	7.1281e+09	7.16175e+09	5.80046e+09	7.054e+09	7.14831e+09	7.39962e+09	6.87632e+09	6.68242e+09	5.90229e+09	6.91415e+09	6.00966e+09	6.04932e+09	5.73366e+09	5.58234e+09	5.67517e+09	5.4615e+09	6.5565e+09	6.86026e+09	5.04418e+09	3.93655e+09	5.40744e+09	5.21621e+09	5.18928e+09	5.20988e+09	5.73261e+09	6.29554e+09	6.80397e+09	5.79765e+09	5.6739e+09	5.72573e+09	4.63301e+09	6.00125e+09	5.97536e+09	5.52822e+09	5.56266e+09	6.07227e+09	5.12095e+09	5.07685e+09	6.26918e+09	6.01306e+09	5.0582e+09	6.28827e+09	6.33387e+09	6.32581e+09	5.08779e+09	6.04297e+09	5.23347e+09	5.14666e+09	5.93735e+09	6.60639e+09	6.36475e+09	6.57016e+09	6.33158e+09	5.37577e+09	6.05785e+09	6.075e+09	6.38613e+09	6.64843e+09	5.97836e+09	6.70402e+09	7.48295e+09	5.98532e+09	6.20165e+09	5.74502e+09	6.12012e+09	7.22758e+09	6.52719e+09	6.83971e+09	7.15599e+09	6.94966e+09	5.3821e+09	6.93583e+09	5.1599e+09	5.92203e+09	6.40813e+09	5.99785e+09	5.77143e+09	5.99092e+09	5.57782e+09	5.95147e+09	5.83904e+09	6.6249e+09	6.63105e+09	6.62578e+09	4.94208e+09	5.23284e+09	5.05421e+09	5.2988e+09	6.13209e+09	6.51683e+09
ERR614126	5.80779e+09	5.82551e+09	5.74466e+09	5.82514e+09	6.34956e+09	6.28375e+09	6.45224e+09	6.48184e+09	5.28147e+09	6.38614e+09	6.46938e+09	6.68975e+09	6.25065e+09	5.90229e+09	5.59072e+09	6.2794e+09	5.5033e+09	5.53757e+09	5.24078e+09	5.10823e+09	5.19005e+09	4.98869e+09	5.95567e+09	6.22298e+09	4.62096e+09	3.62298e+09	4.94687e+09	4.77545e+09	4.75148e+09	4.76951e+09	5.23601e+09	5.73212e+09	6.17516e+09	5.2994e+09	5.19025e+09	5.23603e+09	4.26824e+09	5.48781e+09	5.46476e+09	5.06963e+09	5.10154e+09	5.54997e+09	4.70983e+09	4.67072e+09	5.7176e+09	5.4915e+09	4.65395e+09	5.73216e+09	5.76324e+09	5.75488e+09	4.66979e+09	5.50369e+09	4.79673e+09	4.72006e+09	5.41389e+09	5.99907e+09	5.78784e+09	5.96655e+09	5.75768e+09	4.92097e+09	5.537e+09	5.55313e+09	5.82286e+09	6.05434e+09	5.46384e+09	6.10236e+09	6.76285e+09	5.45827e+09	5.64679e+09	5.23606e+09	5.57564e+09	6.53857e+09	5.93897e+09	6.21326e+09	6.48719e+09	6.3073e+09	4.92749e+09	6.2955e+09	4.7452e+09	5.42038e+09	5.85167e+09	5.49035e+09	5.28855e+09	5.48189e+09	5.10875e+09	5.4347e+09	5.336e+09	6.02162e+09	6.02796e+09	6.0227e+09	4.53961e+09	4.80319e+09	4.64424e+09	4.86154e+09	5.58944e+09	5.9262e+09
ERR614125	6.81158e+09	6.82234e+09	6.73147e+09	6.83308e+09	7.49078e+09	7.40755e+09	7.65214e+09	7.68957e+09	6.19164e+09	7.56971e+09	7.67413e+09	7.95327e+09	7.35706e+09	6.91415e+09	6.2794e+09	7.63258e+09	6.39615e+09	6.43902e+09	6.10857e+09	5.94259e+09	6.04382e+09	5.81889e+09	7.0165e+09	7.35231e+09	5.36075e+09	4.16733e+09	5.75383e+09	5.54748e+09	5.51786e+09	5.54011e+09	6.11213e+09	6.72865e+09	7.2911e+09	6.18092e+09	6.04519e+09	6.10184e+09	4.91046e+09	6.39541e+09	6.36802e+09	5.87875e+09	5.91746e+09	6.47427e+09	5.44334e+09	5.39449e+09	6.7016e+09	6.42057e+09	5.37498e+09	6.72405e+09	6.7758e+09	6.76656e+09	5.40963e+09	6.45999e+09	5.56956e+09	5.47481e+09	6.33949e+09	7.07701e+09	6.80992e+09	7.03776e+09	6.77354e+09	5.7254e+09	6.46981e+09	6.49e+09	6.83278e+09	7.12088e+09	6.38437e+09	7.18215e+09	8.04717e+09	6.38952e+09	6.62688e+09	6.1304e+09	6.53695e+09	7.76304e+09	6.98335e+09	7.32751e+09	7.6799e+09	7.45082e+09	5.72988e+09	7.43675e+09	5.48583e+09	6.31914e+09	6.85128e+09	6.40043e+09	6.1541e+09	6.39441e+09	5.94056e+09	6.35069e+09	6.22817e+09	7.094e+09	7.10219e+09	7.09612e+09	5.25239e+09	5.56524e+09	5.3719e+09	5.63745e+09	6.55373e+09	6.9746e+09
ERR614127	5.9054e+09	5.92723e+09	5.84097e+09	5.92369e+09	6.4686e+09	6.40157e+09	6.56622e+09	6.59727e+09	5.35926e+09	6.49851e+09	6.58593e+09	6.81453e+09	6.37087e+09	6.00966e+09	5.5033e+09	6.39615e+09	5.78996e+09	5.64015e+09	5.32693e+09	5.19116e+09	5.27411e+09	5.06194e+09	6.05846e+09	6.33523e+09	4.69053e+09	3.66933e+09	5.02557e+09	4.84784e+09	4.82356e+09	4.84353e+09	5.32449e+09	5.83742e+09	6.29236e+09	5.39475e+09	5.2822e+09	5.32904e+09	4.33017e+09	5.58689e+09	5.56145e+09	5.15521e+09	5.18604e+09	5.6498e+09	4.79737e+09	4.75736e+09	5.82986e+09	5.59419e+09	4.73986e+09	5.84108e+09	5.86493e+09	5.8563e+09	4.74424e+09	5.59088e+09	4.87372e+09	4.79441e+09	5.50606e+09	6.10707e+09	5.88928e+09	6.07206e+09	5.85795e+09	5.00051e+09	5.64687e+09	5.66309e+09	5.93785e+09	6.17902e+09	5.56795e+09	6.22841e+09	6.89199e+09	5.54924e+09	5.74294e+09	5.31596e+09	5.67033e+09	6.6577e+09	6.05122e+09	6.33582e+09	6.61453e+09	6.43062e+09	5.00677e+09	6.41684e+09	4.83045e+09	5.52506e+09	5.97426e+09	5.60138e+09	5.3899e+09	5.58774e+09	5.19772e+09	5.53155e+09	5.42929e+09	6.12865e+09	6.13462e+09	6.12958e+09	4.61246e+09	4.88423e+09	4.72088e+09	4.94393e+09	5.68732e+09	6.03706e+09
ERR614128	5.94345e+09	5.96595e+09	5.87811e+09	5.96197e+09	6.51279e+09	6.44519e+09	6.61181e+09	6.64296e+09	5.39275e+09	6.54303e+09	6.63212e+09	6.86278e+09	6.4144e+09	6.04932e+09	5.53757e+09	6.43902e+09	5.64015e+09	5.86322e+09	5.36042e+09	5.22337e+09	5.308e+09	5.09332e+09	6.09906e+09	6.37868e+09	4.71847e+09	3.68883e+09	5.05657e+09	4.87731e+09	4.85274e+09	4.87267e+09	5.3583e+09	5.87603e+09	6.33534e+09	5.42988e+09	5.31639e+09	5.36318e+09	4.35422e+09	5.62247e+09	5.59607e+09	5.18584e+09	5.21765e+09	5.68526e+09	4.82682e+09	4.78681e+09	5.86811e+09	5.63018e+09	4.76933e+09	5.87979e+09	5.90399e+09	5.89549e+09	4.77319e+09	5.62728e+09	4.90368e+09	4.82343e+09	5.54219e+09	6.14885e+09	5.92867e+09	6.11326e+09	5.89743e+09	5.03161e+09	5.6843e+09	5.7007e+09	5.97725e+09	6.22144e+09	5.60432e+09	6.27117e+09	6.94098e+09	5.58557e+09	5.78127e+09	5.34971e+09	5.70773e+09	6.70432e+09	6.09264e+09	6.37983e+09	6.66072e+09	6.47452e+09	5.03794e+09	6.46141e+09	4.86091e+09	5.5614e+09	6.01528e+09	5.63852e+09	5.42508e+09	5.62508e+09	5.22992e+09	5.56701e+09	5.46452e+09	6.16938e+09	6.17552e+09	6.17046e+09	4.64009e+09	4.91483e+09	4.74948e+09	4.97492e+09	5.72434e+09	6.07703e+09
ERR609030	5.69094e+09	5.6928e+09	5.62825e+09	5.70696e+09	6.20882e+09	6.14501e+09	6.59104e+09	6.62059e+09	5.42276e+09	6.52761e+09	6.60806e+09	6.82699e+09	6.06777e+09	5.73366e+09	5.24078e+09	6.10857e+09	5.32693e+09	5.36042e+09	5.56515e+09	5.24147e+09	5.32673e+09	5.14426e+09	6.12084e+09	6.39009e+09	4.68535e+09	3.68667e+09	5.00761e+09	4.8408e+09	4.81688e+09	4.83611e+09	5.08552e+09	5.57039e+09	6.0148e+09	5.13144e+09	5.02281e+09	5.06658e+09	4.26008e+09	5.45084e+09	5.43052e+09	5.04196e+09	5.0744e+09	5.51261e+09	4.48489e+09	4.44647e+09	5.49546e+09	5.27938e+09	4.42944e+09	5.51874e+09	5.59898e+09	5.59202e+09	4.50467e+09	5.3557e+09	4.63347e+09	4.55816e+09	5.28117e+09	5.86779e+09	5.65548e+09	5.83784e+09	5.62857e+09	4.78641e+09	5.27571e+09	5.28827e+09	5.56613e+09	5.78835e+09	5.21479e+09	5.83595e+09	6.6227e+09	5.32242e+09	5.51255e+09	5.12571e+09	5.43893e+09	6.40537e+09	5.7362e+09	6.00343e+09	6.28475e+09	6.10499e+09	4.7497e+09	6.09539e+09	4.50864e+09	5.17059e+09	5.57976e+09	5.22576e+09	5.03997e+09	5.22915e+09	4.95114e+09	5.28155e+09	5.18197e+09	5.88141e+09	5.88534e+09	5.88227e+09	4.37296e+09	4.61838e+09	4.46299e+09	4.67637e+09	5.41558e+09	5.74577e+09
ERR609032	5.5409e+09	5.54195e+09	5.48003e+09	5.5556e+09	6.03676e+09	5.97681e+09	6.40524e+09	6.43322e+09	5.28203e+09	6.34446e+09	6.42106e+09	6.63146e+09	5.90345e+09	5.58234e+09	5.10823e+09	5.94259e+09	5.19116e+09	5.22337e+09	5.24147e+09	5.28684e+09	5.18931e+09	5.01379e+09	5.9536e+09	6.21166e+09	4.57111e+09	3.60443e+09	4.88282e+09	4.72123e+09	4.69795e+09	4.71655e+09	4.954e+09	5.42077e+09	5.84817e+09	4.99821e+09	4.89349e+09	4.93536e+09	4.15924e+09	5.30779e+09	5.28883e+09	4.91397e+09	4.94567e+09	5.36776e+09	4.37221e+09	4.33568e+09	5.34803e+09	5.14013e+09	4.31927e+09	5.37017e+09	5.44864e+09	5.44189e+09	4.39417e+09	5.21402e+09	4.51793e+09	4.44532e+09	5.14277e+09	5.70695e+09	5.50355e+09	5.67891e+09	5.47766e+09	4.66582e+09	5.13504e+09	5.14785e+09	5.41493e+09	5.62907e+09	5.07635e+09	5.6745e+09	6.43346e+09	5.18381e+09	5.36595e+09	4.99387e+09	5.29556e+09	6.22525e+09	5.58087e+09	5.83697e+09	6.1084e+09	5.93504e+09	4.63078e+09	5.92617e+09	4.39585e+09	5.03485e+09	5.42853e+09	5.08756e+09	4.90909e+09	5.09106e+09	4.82436e+09	5.14393e+09	5.04756e+09	5.72078e+09	5.72505e+09	5.72148e+09	4.26635e+09	4.50357e+09	4.35402e+09	4.56009e+09	5.27295e+09	5.59094e+09
ERR609031	5.63298e+09	5.63443e+09	5.57133e+09	5.64805e+09	6.1421e+09	6.07985e+09	6.51787e+09	6.54695e+09	5.36786e+09	6.45597e+09	6.53417e+09	6.75001e+09	6.00408e+09	5.67517e+09	5.19005e+09	6.04382e+09	5.27411e+09	5.308e+09	5.32673e+09	5.18931e+09	5.45498e+09	5.09384e+09	6.05581e+09	6.32074e+09	4.6421e+09	3.65613e+09	4.96051e+09	4.79573e+09	4.7721e+09	4.79113e+09	5.03401e+09	5.51163e+09	5.94966e+09	5.07893e+09	4.97164e+09	5.01481e+09	4.22038e+09	5.39496e+09	5.3753e+09	4.99199e+09	5.02362e+09	5.45566e+09	4.43861e+09	4.40077e+09	5.43614e+09	5.22315e+09	4.38437e+09	5.45847e+09	5.53945e+09	5.53248e+09	4.4602e+09	5.29891e+09	4.58698e+09	4.51268e+09	5.22635e+09	5.80514e+09	5.59608e+09	5.77582e+09	5.56966e+09	4.73846e+09	5.21848e+09	5.23115e+09	5.5049e+09	5.72439e+09	5.15806e+09	5.77063e+09	6.54875e+09	5.26837e+09	5.45484e+09	5.07434e+09	5.38341e+09	6.33564e+09	5.67465e+09	5.93743e+09	6.21532e+09	6.03779e+09	4.70174e+09	6.02896e+09	4.46233e+09	5.11566e+09	5.519e+09	5.16985e+09	4.98689e+09	5.17327e+09	4.90099e+09	5.22666e+09	5.12863e+09	5.81723e+09	5.82182e+09	5.81788e+09	4.33059e+09	4.57261e+09	4.41921e+09	4.63003e+09	5.35953e+09	5.68451e+09
ERR609027	5.43954e+09	5.42291e+09	5.38063e+09	5.45209e+09	5.89869e+09	5.84005e+09	6.30222e+09	6.32832e+09	5.24309e+09	6.24751e+09	6.31541e+09	6.51391e+09	5.76612e+09	5.4615e+09	4.98869e+09	5.81889e+09	5.06194e+09	5.09332e+09	5.14426e+09	5.01379e+09	5.09384e+09	5.13981e+09	5.85548e+09	6.09884e+09	4.51844e+09	3.58615e+09	4.81254e+09	4.66151e+09	4.63818e+09	4.65581e+09	4.86365e+09	5.30917e+09	5.72757e+09	4.88738e+09	4.78579e+09	4.82677e+09	4.09751e+09	5.18164e+09	5.16823e+09	4.81003e+09	4.8395e+09	5.24227e+09	4.23949e+09	4.20329e+09	5.20127e+09	5.00853e+09	4.18821e+09	5.23224e+09	5.34481e+09	5.33977e+09	4.30921e+09	5.13511e+09	4.43501e+09	4.36579e+09	5.04574e+09	5.59608e+09	5.4e+09	5.57388e+09	5.37583e+09	4.57927e+09	4.9783e+09	4.98853e+09	5.26001e+09	5.45962e+09	4.93285e+09	5.50439e+09	6.31347e+09	5.09515e+09	5.27394e+09	4.943e+09	5.20392e+09	6.12038e+09	5.45457e+09	5.69785e+09	5.97001e+09	5.79981e+09	4.55219e+09	5.794e+09	4.26116e+09	4.87627e+09	5.2386e+09	4.91352e+09	4.75149e+09	4.92976e+09	4.71768e+09	5.03455e+09	4.94196e+09	5.60937e+09	5.61259e+09	5.61022e+09	4.18469e+09	4.40004e+09	4.25576e+09	4.45588e+09	5.16837e+09	5.4723e+09
ERR609028	6.5131e+09	6.51112e+09	6.43745e+09	6.53211e+09	7.13951e+09	7.06271e+09	7.61066e+09	7.64644e+09	6.19661e+09	7.53464e+09	7.63158e+09	7.89883e+09	6.96245e+09	6.5565e+09	5.95567e+09	7.0165e+09	6.05846e+09	6.09906e+09	6.12084e+09	5.9536e+09	6.05581e+09	5.85548e+09	7.25851e+09	7.36097e+09	5.31379e+09	4.14928e+09	5.69393e+09	5.49639e+09	5.46731e+09	5.49022e+09	5.78972e+09	6.37245e+09	6.91343e+09	5.84005e+09	5.71063e+09	5.76347e+09	4.79744e+09	6.2071e+09	6.1855e+09	5.71831e+09	5.75558e+09	6.28347e+09	5.06702e+09	5.02171e+09	6.27752e+09	6.01877e+09	5.00341e+09	6.30618e+09	6.41294e+09	6.40365e+09	5.09784e+09	6.1231e+09	5.25216e+09	5.16273e+09	6.02678e+09	6.73857e+09	6.48131e+09	6.70303e+09	6.44854e+09	5.43467e+09	6.0125e+09	6.02877e+09	6.36402e+09	6.632e+09	5.94175e+09	6.68963e+09	7.66294e+09	6.07716e+09	6.30611e+09	5.85039e+09	6.21826e+09	7.39911e+09	6.57136e+09	6.89484e+09	7.23893e+09	7.01877e+09	5.39057e+09	7.00864e+09	5.09298e+09	5.88024e+09	6.36735e+09	5.94332e+09	5.72306e+09	5.94932e+09	5.6236e+09	6.02159e+09	5.90219e+09	6.74796e+09	6.7543e+09	6.74921e+09	4.94468e+09	5.22914e+09	5.04584e+09	5.29862e+09	6.18981e+09	6.58865e+09
ERR609029	6.80798e+09	6.81196e+09	6.72693e+09	6.82875e+09	7.49211e+09	7.40872e+09	7.98393e+09	8.02302e+09	6.45758e+09	7.90066e+09	8.00753e+09	8.29972e+09	7.30044e+09	6.86026e+09	6.22298e+09	7.35231e+09	6.33523e+09	6.37868e+09	6.39009e+09	6.21166e+09	6.32074e+09	6.09884e+09	7.36097e+09	7.96221e+09	5.52721e+09	4.29752e+09	5.9327e+09	5.7212e+09	5.68969e+09	5.71541e+09	6.0428e+09	6.66817e+09	7.24749e+09	6.10308e+09	5.96572e+09	6.02201e+09	4.98846e+09	6.49378e+09	6.46866e+09	5.96905e+09	6.00892e+09	6.57399e+09	5.30256e+09	5.25345e+09	6.58745e+09	6.30609e+09	5.23418e+09	6.6144e+09	6.71187e+09	6.70198e+09	5.31447e+09	6.39522e+09	5.47723e+09	5.38148e+09	6.29588e+09	7.0572e+09	6.78096e+09	7.0168e+09	6.74497e+09	5.66689e+09	6.31287e+09	6.33037e+09	6.68532e+09	6.97568e+09	6.23279e+09	7.0372e+09	8.04896e+09	6.34596e+09	6.58992e+09	6.09587e+09	6.49658e+09	7.76051e+09	6.88649e+09	7.23542e+09	7.60158e+09	7.3646e+09	5.62054e+09	7.3531e+09	5.32728e+09	6.16794e+09	6.69633e+09	6.24124e+09	6.00048e+09	6.24231e+09	5.87563e+09	6.29666e+09	6.17043e+09	7.06715e+09	7.07434e+09	7.06928e+09	5.15309e+09	5.45799e+09	5.26373e+09	5.53119e+09	6.47416e+09	6.90266e+09
ERR614130	5.02067e+09	5.00899e+09	4.96912e+09	5.03197e+09	5.43107e+09	5.38028e+09	5.74009e+09	5.7624e+09	4.79963e+09	5.69338e+09	5.75225e+09	5.92181e+09	5.31632e+09	5.04418e+09	4.62096e+09	5.36075e+09	4.69053e+09	4.71847e+09	4.68535e+09	4.57111e+09	4.6421e+09	4.51844e+09	5.31379e+09	5.52721e+09	7.85553e+09	5.9273e+09	8.1295e+09	7.86328e+09	7.81997e+09	7.85936e+09	4.54113e+09	4.94186e+09	5.31869e+09	4.56478e+09	4.47429e+09	4.51012e+09	3.78262e+09	4.759e+09	4.7465e+09	4.42635e+09	4.45003e+09	4.81244e+09	3.93257e+09	3.90024e+09	4.78563e+09	4.61335e+09	3.88638e+09	4.81068e+09	4.9377e+09	4.93403e+09	4.01247e+09	4.74253e+09	4.12447e+09	4.06203e+09	4.71602e+09	5.20678e+09	5.03218e+09	5.1861e+09	5.01179e+09	4.29555e+09	4.566e+09	4.57467e+09	4.81202e+09	4.98983e+09	4.52454e+09	5.03281e+09	5.82136e+09	4.73927e+09	4.9019e+09	4.593e+09	4.83883e+09	5.65206e+09	5.05491e+09	5.27366e+09	5.51251e+09	5.36342e+09	4.24012e+09	5.35547e+09	3.93434e+09	4.4833e+09	4.80674e+09	4.51712e+09	4.3728e+09	4.53086e+09	4.38523e+09	4.66742e+09	4.58232e+09	5.17737e+09	5.17934e+09	5.17713e+09	3.90596e+09	4.10173e+09	3.97126e+09	4.15189e+09	4.79081e+09	5.06394e+09
ERR614129	3.92841e+09	3.90847e+09	3.89046e+09	3.93498e+09	4.20791e+09	4.17135e+09	4.45868e+09	4.47379e+09	3.80336e+09	4.42833e+09	4.46626e+09	4.58269e+09	4.12731e+09	3.93655e+09	3.62298e+09	4.16733e+09	3.66933e+09	3.68883e+09	3.68667e+09	3.60443e+09	3.65613e+09	3.58615e+09	4.14928e+09	4.29752e+09	5.9273e+09	4.93993e+09	6.28452e+09	6.10764e+09	6.07747e+09	6.10207e+09	3.56988e+09	3.85549e+09	4.12894e+09	3.57573e+09	3.50972e+09	3.53619e+09	3.02407e+09	3.72047e+09	3.71354e+09	3.48415e+09	3.5014e+09	3.76009e+09	3.07337e+09	3.04996e+09	3.71036e+09	3.59066e+09	3.03887e+09	3.7344e+09	3.85209e+09	3.85033e+09	3.17155e+09	3.72217e+09	3.25749e+09	3.21259e+09	3.69787e+09	4.05037e+09	3.92681e+09	4.03963e+09	3.91318e+09	3.39077e+09	3.5346e+09	3.53994e+09	3.72062e+09	3.84462e+09	3.51153e+09	3.87642e+09	4.49726e+09	3.7193e+09	3.83768e+09	3.6317e+09	3.79117e+09	4.38198e+09	3.92774e+09	4.08225e+09	4.26009e+09	4.15176e+09	3.34889e+09	4.14752e+09	3.0745e+09	3.47718e+09	3.70107e+09	3.49326e+09	3.3951e+09	3.5119e+09	3.44105e+09	3.65065e+09	3.58837e+09	4.02968e+09	4.03018e+09	4.02852e+09	3.09177e+09	3.22745e+09	3.13214e+09	3.26505e+09	3.74254e+09	3.93679e+09
ERR614131	5.3761e+09	5.36999e+09	5.31896e+09	5.38966e+09	5.83822e+09	5.78142e+09	6.16231e+09	6.18731e+09	5.11425e+09	6.10909e+09	6.17741e+09	6.36715e+09	5.71002e+09	5.40744e+09	4.94687e+09	5.75383e+09	5.02557e+09	5.05657e+09	5.00761e+09	4.88282e+09	4.96051e+09	4.81254e+09	5.69393e+09	5.9327e+09	8.1295e+09	6.28452e+09	9.00799e+09	8.42188e+09	8.37344e+09	8.41957e+09	4.85429e+09	5.29825e+09	5.71153e+09	4.88759e+09	4.78847e+09	4.82818e+09	4.02173e+09	5.10297e+09	5.08662e+09	4.73307e+09	4.75925e+09	5.15935e+09	4.21947e+09	4.18438e+09	5.14926e+09	4.95613e+09	4.16957e+09	5.17332e+09	5.29551e+09	5.28997e+09	4.28279e+09	5.07427e+09	4.40438e+09	4.33545e+09	5.04689e+09	5.5873e+09	5.39388e+09	5.56253e+09	5.37076e+09	4.58585e+09	4.91867e+09	4.92921e+09	5.18511e+09	5.3844e+09	4.86886e+09	5.43049e+09	6.26269e+09	5.06844e+09	5.24745e+09	4.8981e+09	5.17848e+09	6.07153e+09	5.42922e+09	5.67267e+09	5.9329e+09	5.76852e+09	4.5265e+09	5.75957e+09	4.22201e+09	4.82502e+09	5.18726e+09	4.86704e+09	4.70464e+09	4.87763e+09	4.69377e+09	5.00064e+09	4.90761e+09	5.55566e+09	5.55908e+09	5.5551e+09	4.16957e+09	4.38782e+09	4.24468e+09	4.4422e+09	5.13682e+09	5.43861e+09
ERR614134	5.19194e+09	5.18183e+09	5.13787e+09	5.20497e+09	5.62488e+09	5.57126e+09	5.94405e+09	5.96759e+09	4.9529e+09	5.89281e+09	5.95577e+09	6.13429e+09	5.50235e+09	5.21621e+09	4.77545e+09	5.54748e+09	4.84784e+09	4.87731e+09	4.8408e+09	4.72123e+09	4.79573e+09	4.66151e+09	5.49639e+09	5.7212e+09	7.86328e+09	6.10764e+09	8.42188e+09	8.4152e+09	8.10229e+09	8.13987e+09	4.69018e+09	5.11079e+09	5.50482e+09	4.7168e+09	4.62219e+09	4.66017e+09	3.89863e+09	4.92298e+09	4.9095e+09	4.57315e+09	4.59874e+09	4.97792e+09	4.06535e+09	4.03193e+09	4.95586e+09	4.77456e+09	4.01752e+09	4.9817e+09	5.10726e+09	5.10351e+09	4.14069e+09	4.90437e+09	4.25754e+09	4.19168e+09	4.87525e+09	5.38961e+09	5.20572e+09	5.36698e+09	5.18428e+09	4.43528e+09	4.7304e+09	4.7407e+09	4.98706e+09	5.17385e+09	4.6862e+09	5.21785e+09	6.02994e+09	4.89698e+09	5.06721e+09	4.73901e+09	5.00094e+09	5.85129e+09	5.2314e+09	5.46105e+09	5.71191e+09	5.55533e+09	4.37566e+09	5.54709e+09	4.07087e+09	4.64645e+09	4.98615e+09	4.68221e+09	4.5307e+09	4.69635e+09	4.53063e+09	4.8247e+09	4.73573e+09	5.35897e+09	5.36171e+09	5.35888e+09	4.02968e+09	4.23637e+09	4.10003e+09	4.28866e+09	4.95406e+09	5.23946e+09
ERR614133	5.166e+09	5.15594e+09	5.11224e+09	5.179e+09	5.59519e+09	5.54169e+09	5.91087e+09	5.9342e+09	4.92728e+09	5.86018e+09	5.92281e+09	6.09921e+09	5.47337e+09	5.18928e+09	4.75148e+09	5.51786e+09	4.82356e+09	4.85274e+09	4.81688e+09	4.69795e+09	4.7721e+09	4.63818e+09	5.46731e+09	5.68969e+09	7.81997e+09	6.07747e+09	8.37344e+09	8.10229e+09	8.32366e+09	8.09422e+09	4.66841e+09	5.08511e+09	5.47632e+09	4.69431e+09	4.60009e+09	4.63738e+09	3.88151e+09	4.89923e+09	4.88559e+09	4.55177e+09	4.57708e+09	4.95399e+09	4.04689e+09	4.01359e+09	4.93191e+09	4.7514e+09	3.99852e+09	4.95767e+09	5.08184e+09	5.07786e+09	4.12171e+09	4.88115e+09	4.23748e+09	4.17225e+09	4.85253e+09	5.3628e+09	5.18e+09	5.3408e+09	5.16013e+09	4.4149e+09	4.70765e+09	4.71754e+09	4.96229e+09	5.14837e+09	4.66348e+09	5.19219e+09	5.99808e+09	4.87374e+09	5.04257e+09	4.71652e+09	4.97714e+09	5.82103e+09	5.20514e+09	5.43345e+09	5.68192e+09	5.52661e+09	4.35536e+09	5.51943e+09	4.05359e+09	4.62518e+09	4.96298e+09	4.66089e+09	4.51062e+09	4.67506e+09	4.50894e+09	4.80072e+09	4.71288e+09	5.3322e+09	5.33469e+09	5.3317e+09	4.0115e+09	4.21664e+09	4.08097e+09	4.26879e+09	4.92985e+09	5.21339e+09
ERR614132	5.18241e+09	5.1726e+09	5.12848e+09	5.19515e+09	5.61497e+09	5.56144e+09	5.9356e+09	5.95944e+09	4.94693e+09	5.8862e+09	5.95008e+09	6.12751e+09	5.49636e+09	5.20988e+09	4.76951e+09	5.54011e+09	4.84353e+09	4.87267e+09	4.83611e+09	4.71655e+09	4.79113e+09	4.65581e+09	5.49022e+09	5.71541e+09	7.85936e+09	6.10207e+09	8.41957e+09	8.13987e+09	8.09422e+09	8.40538e+09	4.6829e+09	5.10347e+09	5.49684e+09	4.71097e+09	4.61698e+09	4.65445e+09	3.89367e+09	4.91844e+09	4.90333e+09	4.56823e+09	4.59321e+09	4.97277e+09	4.06117e+09	4.02799e+09	4.94895e+09	4.76704e+09	4.01322e+09	4.97348e+09	5.09854e+09	5.09422e+09	4.13266e+09	4.89128e+09	4.24975e+09	4.18427e+09	4.86724e+09	5.37944e+09	5.1966e+09	5.35734e+09	5.17481e+09	4.42766e+09	4.72391e+09	4.73361e+09	4.97888e+09	5.1671e+09	4.67864e+09	5.21088e+09	6.02098e+09	4.88808e+09	5.05824e+09	4.7306e+09	4.99249e+09	5.84166e+09	5.22343e+09	5.45345e+09	5.70272e+09	5.54617e+09	4.36811e+09	5.5382e+09	4.06354e+09	4.63703e+09	4.97809e+09	4.67438e+09	4.52212e+09	4.68696e+09	4.52479e+09	4.81827e+09	4.72891e+09	5.34919e+09	5.35159e+09	5.3488e+09	4.02342e+09	4.22911e+09	4.09339e+09	4.28123e+09	4.94556e+09	5.23222e+09
ERR626616	5.72259e+09	5.73197e+09	5.66045e+09	5.7415e+09	6.25329e+09	6.18985e+09	6.27975e+09	6.30575e+09	5.15688e+09	6.21246e+09	6.29103e+09	6.50029e+09	6.07436e+09	5.73261e+09	5.23601e+09	6.11213e+09	5.32449e+09	5.3583e+09	5.08552e+09	4.954e+09	5.03401e+09	4.86365e+09	5.78972e+09	6.0428e+09	4.54113e+09	3.56988e+09	4.85429e+09	4.69018e+09	4.66841e+09	4.6829e+09	5.87395e+09	6.21563e+09	6.69116e+09	5.74218e+09	5.62747e+09	5.67446e+09	4.18349e+09	5.35988e+09	5.34169e+09	4.95868e+09	4.98388e+09	5.42147e+09	5.0525e+09	5.01075e+09	6.12289e+09	5.8931e+09	4.99205e+09	6.14569e+09	6.22911e+09	6.22011e+09	5.05657e+09	5.96843e+09	5.19355e+09	5.11155e+09	5.85484e+09	6.48309e+09	6.25448e+09	6.44806e+09	6.22745e+09	5.32051e+09	5.94273e+09	5.95908e+09	6.24925e+09	6.48284e+09	5.87767e+09	6.53289e+09	7.16622e+09	5.79441e+09	5.99357e+09	5.56743e+09	5.91941e+09	6.93605e+09	6.40652e+09	6.69018e+09	6.98292e+09	6.79566e+09	5.34338e+09	6.78456e+09	5.11201e+09	5.8268e+09	6.26331e+09	5.88782e+09	5.68665e+09	5.89169e+09	5.40148e+09	5.74363e+09	5.64186e+09	6.36392e+09	6.37032e+09	6.36468e+09	4.85812e+09	5.13196e+09	4.9647e+09	5.19359e+09	5.97323e+09	6.32022e+09
ERR626615	6.26947e+09	6.28852e+09	6.1992e+09	6.29228e+09	6.89224e+09	6.81878e+09	6.93259e+09	6.9633e+09	5.63678e+09	6.85565e+09	6.94801e+09	7.19239e+09	6.69151e+09	6.29554e+09	5.73212e+09	6.72865e+09	5.83742e+09	5.87603e+09	5.57039e+09	5.42077e+09	5.51163e+09	5.30917e+09	6.37245e+09	6.66817e+09	4.94186e+09	3.85549e+09	5.29825e+09	5.11079e+09	5.08511e+09	5.10347e+09	6.21563e+09	7.044e+09	7.38463e+09	6.28809e+09	6.15511e+09	6.2102e+09	4.53709e+09	5.88039e+09	5.85672e+09	5.41813e+09	5.44605e+09	5.94958e+09	5.52236e+09	5.47437e+09	6.74723e+09	6.47433e+09	5.4529e+09	6.76748e+09	6.8449e+09	6.83442e+09	5.498e+09	6.53079e+09	5.65196e+09	5.55784e+09	6.40881e+09	7.13634e+09	6.86956e+09	7.09229e+09	6.83629e+09	5.79694e+09	6.55211e+09	6.57096e+09	6.90172e+09	7.17782e+09	6.46799e+09	7.23689e+09	7.93112e+09	6.33601e+09	6.56577e+09	6.06559e+09	6.48144e+09	7.65684e+09	7.06198e+09	7.39656e+09	7.73197e+09	7.51413e+09	5.81969e+09	7.5004e+09	5.58719e+09	6.41358e+09	6.93039e+09	6.49302e+09	6.2523e+09	6.48901e+09	5.89901e+09	6.29169e+09	6.17343e+09	7.00127e+09	7.00892e+09	7.00258e+09	5.27945e+09	5.59605e+09	5.40518e+09	5.66617e+09	6.55438e+09	6.96068e+09
ERR626614	6.77276e+09	6.79225e+09	6.69435e+09	6.79769e+09	7.47415e+09	7.391e+09	7.54516e+09	7.57997e+09	6.09347e+09	7.45816e+09	7.56365e+09	7.84001e+09	7.25042e+09	6.80397e+09	6.17516e+09	7.2911e+09	6.29236e+09	6.33534e+09	6.0148e+09	5.84817e+09	5.94966e+09	5.72757e+09	6.91343e+09	7.24749e+09	5.31869e+09	4.12894e+09	5.71153e+09	5.50482e+09	5.47632e+09	5.49684e+09	6.69116e+09	7.38463e+09	8.25801e+09	6.77311e+09	6.62474e+09	6.68603e+09	4.86232e+09	6.34594e+09	6.32051e+09	5.8318e+09	5.86394e+09	6.4237e+09	5.92577e+09	5.8723e+09	7.29983e+09	6.98956e+09	5.84887e+09	7.32134e+09	7.40289e+09	7.39107e+09	5.8943e+09	7.04898e+09	6.06517e+09	5.96068e+09	6.91112e+09	7.73336e+09	7.43093e+09	7.68377e+09	7.39255e+09	6.22734e+09	7.08672e+09	7.10879e+09	7.48095e+09	7.7967e+09	6.99019e+09	7.86318e+09	8.63833e+09	6.83017e+09	7.0882e+09	6.53028e+09	6.99246e+09	8.3245e+09	7.65118e+09	8.03208e+09	8.41317e+09	8.16515e+09	6.25143e+09	8.14891e+09	5.99772e+09	6.92585e+09	7.51414e+09	7.01785e+09	6.7437e+09	7.01037e+09	6.34313e+09	6.78241e+09	6.64971e+09	7.58109e+09	7.59064e+09	7.58351e+09	5.65487e+09	6.00495e+09	5.79395e+09	6.08202e+09	7.07638e+09	7.53543e+09
