	ERR636741	ERR636740	ERR636742	ERR636743	ERR636739	ERR636744	ERR638303	ERR638306	ERR638307	ERR638304	ERR638305	ERR638308	ERR613986	ERR613985	ERR613989	ERR613984	ERR613987	ERR613988	ERR612638	ERR612639	ERR612640	ERR612642	ERR612641	ERR612637	ERR613232	ERR613231	ERR613229	ERR613228	ERR613230	ERR613227	ERR607649	ERR607646	ERR607645	ERR607648	ERR607650	ERR607647	ERR613693	ERR613692	ERR613694	ERR613691	ERR613689	ERR613690	ERR613458	ERR613455	ERR613460	ERR613456	ERR613457	ERR613459	ERR614947	ERR614946	ERR614948	ERR614945	ERR614944	ERR614943	ERR616502	ERR616501	ERR616499	ERR616500	ERR616498	ERR616503	ERR616924	ERR616921	ERR616923	ERR616920	ERR616922	ERR616919	ERR631325	ERR631323	ERR631328	ERR631327	ERR631326	ERR631324	ERR632057	ERR632055	ERR632060	ERR632059	ERR632058	ERR632056	ERR616882	ERR616880	ERR616877	ERR616878	ERR616879	ERR616881	ERR618319	ERR618317	ERR618316	ERR618320	ERR618318	ERR618315	ERR613788	ERR613791	ERR613790	ERR613793	ERR613792	ERR613789
ERR636741	4.90725e+08	3.43987e+08	3.25514e+08	3.26646e+08	3.19033e+08	3.31758e+08	1.55134e+08	1.54892e+08	1.54633e+08	1.31072e+08	1.31799e+08	1.55176e+08	2.59438e+08	3.18992e+08	3.15169e+08	3.48433e+08	3.12684e+08	3.14765e+08	2.2372e+08	2.82243e+08	2.42935e+08	2.38645e+08	2.43182e+08	3.03946e+08	1.92984e+08	1.93578e+08	2.55966e+08	2.73219e+08	1.83684e+08	2.93751e+08	3.19553e+08	3.32663e+08	3.00915e+08	3.19184e+08	3.14537e+08	3.14228e+08	2.21368e+08	2.2689e+08	1.78647e+08	2.45463e+08	2.60939e+08	2.56421e+08	2.68592e+08	3.18682e+08	2.61499e+08	3.17184e+08	3.16036e+08	2.63885e+08	2.02494e+08	2.04021e+08	2.07967e+08	1.61843e+08	1.6974e+08	1.6387e+08	2.01503e+08	1.93355e+08	9.0791e+07	1.51651e+08	1.50579e+08	1.96673e+08	1.77816e+08	2.22683e+08	1.76675e+08	2.01501e+08	1.74581e+08	2.04205e+08	3.8322e+08	3.3478e+08	3.24166e+08	3.24565e+08	3.26488e+08	3.22601e+08	2.95503e+08	2.68384e+08	2.55644e+08	2.57221e+08	2.57484e+08	2.82426e+08	1.73452e+08	1.69353e+08	2.00122e+08	1.96738e+08	2.19852e+08	1.73098e+08	1.59372e+08	1.76328e+08	1.65995e+08	1.47762e+08	1.645e+08	1.68255e+08	2.32225e+08	2.0402e+08	1.66022e+08	2.05909e+08	2.0558e+08	2.10178e+08
ERR636740	3.43987e+08	4.83056e+08	3.22505e+08	3.23691e+08	3.15919e+08	3.28762e+08	1.53215e+08	1.53071e+08	1.52864e+08	1.293e+08	1.30264e+08	1.53543e+08	2.57002e+08	3.16617e+08	3.13157e+08	3.4604e+08	3.10719e+08	3.12573e+08	2.21761e+08	2.79584e+08	2.40951e+08	2.36642e+08	2.41061e+08	3.01589e+08	1.91585e+08	1.92137e+08	2.54258e+08	2.71391e+08	1.82172e+08	2.92317e+08	3.17177e+08	3.30325e+08	2.98527e+08	3.16831e+08	3.12351e+08	3.11588e+08	2.19439e+08	2.2507e+08	1.76841e+08	2.42868e+08	2.58487e+08	2.53757e+08	2.66481e+08	3.15598e+08	2.59297e+08	3.14052e+08	3.13e+08	2.61926e+08	1.99813e+08	2.0145e+08	2.05318e+08	1.59794e+08	1.67285e+08	1.6151e+08	1.98746e+08	1.9078e+08	8.97745e+07	1.49947e+08	1.48922e+08	1.94028e+08	1.75341e+08	2.20066e+08	1.74039e+08	1.99234e+08	1.71904e+08	2.01572e+08	3.80192e+08	3.32112e+08	3.21541e+08	3.21788e+08	3.23795e+08	3.20127e+08	2.92174e+08	2.65144e+08	2.525e+08	2.54085e+08	2.54299e+08	2.79757e+08	1.71016e+08	1.66766e+08	1.97588e+08	1.94713e+08	2.1744e+08	1.70592e+08	1.57422e+08	1.74309e+08	1.63993e+08	1.4595e+08	1.6264e+08	1.65964e+08	2.3002e+08	2.02125e+08	1.63897e+08	2.04148e+08	2.03752e+08	2.08051e+08
ERR636742	3.25514e+08	3.22505e+08	4.38747e+08	3.08468e+08	2.99221e+08	3.13277e+08	1.43515e+08	1.43372e+08	1.43173e+08	1.21133e+08	1.22028e+08	1.43668e+08	2.43934e+08	2.99758e+08	2.9631e+08	3.26911e+08	2.93948e+08	2.95759e+08	2.09778e+08	2.64346e+08	2.27824e+08	2.23802e+08	2.28038e+08	2.84966e+08	1.81183e+08	1.81727e+08	2.40063e+08	2.56421e+08	1.72474e+08	2.75743e+08	3.00502e+08	3.12972e+08	2.83006e+08	3.00281e+08	2.95788e+08	2.95598e+08	2.07428e+08	2.1258e+08	1.67435e+08	2.29767e+08	2.44497e+08	2.40119e+08	2.52489e+08	2.99066e+08	2.45886e+08	2.97708e+08	2.96572e+08	2.48229e+08	1.8738e+08	1.88874e+08	1.92372e+08	1.49721e+08	1.5695e+08	1.51492e+08	1.86525e+08	1.79097e+08	8.41226e+07	1.40401e+08	1.39565e+08	1.8188e+08	1.64477e+08	2.06291e+08	1.63406e+08	1.86774e+08	1.61463e+08	1.89079e+08	3.59398e+08	3.14045e+08	3.04168e+08	3.04495e+08	3.06367e+08	3.02889e+08	2.76885e+08	2.51592e+08	2.39547e+08	2.41176e+08	2.41274e+08	2.64703e+08	1.60563e+08	1.56669e+08	1.85253e+08	1.82296e+08	2.03708e+08	1.60169e+08	1.47476e+08	1.63255e+08	1.53736e+08	1.3675e+08	1.52348e+08	1.55637e+08	2.16575e+08	1.9046e+08	1.54727e+08	1.92089e+08	1.91801e+08	1.96021e+08
ERR636743	3.26646e+08	3.23691e+08	3.08468e+08	4.41348e+08	3.00179e+08	3.14265e+08	1.44259e+08	1.44168e+08	1.43942e+08	1.21811e+08	1.22646e+08	1.44567e+08	2.44823e+08	3.01064e+08	2.97619e+08	3.28503e+08	2.9529e+08	2.97165e+08	2.1048e+08	2.6525e+08	2.28578e+08	2.24525e+08	2.28848e+08	2.86045e+08	1.81825e+08	1.82452e+08	2.40879e+08	2.57473e+08	1.73029e+08	2.76996e+08	3.01643e+08	3.13971e+08	2.83965e+08	3.01286e+08	2.96991e+08	2.96469e+08	2.08142e+08	2.13417e+08	1.67918e+08	2.30658e+08	2.45366e+08	2.41022e+08	2.53449e+08	3.00127e+08	2.46856e+08	2.98737e+08	2.97807e+08	2.49083e+08	1.88254e+08	1.89741e+08	1.93296e+08	1.50473e+08	1.57639e+08	1.52286e+08	1.87454e+08	1.79765e+08	8.4487e+07	1.41121e+08	1.40128e+08	1.82735e+08	1.65388e+08	2.07269e+08	1.64221e+08	1.87649e+08	1.6227e+08	1.89937e+08	3.60663e+08	3.15237e+08	3.0517e+08	3.05591e+08	3.07352e+08	3.03785e+08	2.77593e+08	2.52148e+08	2.40163e+08	2.41702e+08	2.41976e+08	2.65521e+08	1.61197e+08	1.57347e+08	1.86254e+08	1.83334e+08	2.04796e+08	1.60887e+08	1.48325e+08	1.64005e+08	1.54467e+08	1.37442e+08	1.53117e+08	1.56408e+08	2.17417e+08	1.91165e+08	1.55262e+08	1.92822e+08	1.92552e+08	1.96822e+08
ERR636739	3.19033e+08	3.15919e+08	2.99221e+08	3.00179e+08	4.22112e+08	3.04766e+08	1.39963e+08	1.39813e+08	1.39532e+08	1.18264e+08	1.18978e+08	1.40178e+08	2.38543e+08	2.92833e+08	2.89408e+08	3.19387e+08	2.87177e+08	2.89068e+08	2.0496e+08	2.58126e+08	2.22424e+08	2.18525e+08	2.2277e+08	2.78128e+08	1.76932e+08	1.77357e+08	2.34328e+08	2.50054e+08	1.68433e+08	2.68962e+08	2.93461e+08	3.05631e+08	2.7664e+08	2.93303e+08	2.88946e+08	2.88728e+08	2.02745e+08	2.07787e+08	1.63551e+08	2.24666e+08	2.38768e+08	2.34614e+08	2.46905e+08	2.92403e+08	2.40353e+08	2.90862e+08	2.89944e+08	2.42647e+08	1.82739e+08	1.84216e+08	1.87671e+08	1.46081e+08	1.53129e+08	1.47798e+08	1.81819e+08	1.74493e+08	8.20198e+07	1.36975e+08	1.36061e+08	1.77437e+08	1.60487e+08	2.00951e+08	1.59257e+08	1.82007e+08	1.57435e+08	1.84249e+08	3.50358e+08	3.06445e+08	2.96631e+08	2.97116e+08	2.98731e+08	2.95376e+08	2.70376e+08	2.45749e+08	2.34053e+08	2.35512e+08	2.35718e+08	2.58587e+08	1.56553e+08	1.52665e+08	1.80555e+08	1.77707e+08	1.98618e+08	1.56144e+08	1.43762e+08	1.58945e+08	1.49751e+08	1.33239e+08	1.484e+08	1.51671e+08	2.1129e+08	1.85706e+08	1.5104e+08	1.87476e+08	1.87142e+08	1.91294e+08
ERR636744	3.31758e+08	3.28762e+08	3.13277e+08	3.14265e+08	3.04766e+08	4.53729e+08	1.46851e+08	1.46745e+08	1.46524e+08	1.2406e+08	1.24872e+08	1.47222e+08	2.4855e+08	3.05799e+08	3.02221e+08	3.33642e+08	2.99859e+08	3.01889e+08	2.14041e+08	2.69819e+08	2.32583e+08	2.28386e+08	2.32722e+08	2.90919e+08	1.84835e+08	1.85242e+08	2.44714e+08	2.61415e+08	1.75778e+08	2.81323e+08	3.06381e+08	3.19002e+08	2.88467e+08	3.06111e+08	3.01585e+08	3.01156e+08	2.11462e+08	2.16834e+08	1.70561e+08	2.34235e+08	2.49312e+08	2.44872e+08	2.57404e+08	3.04903e+08	2.50556e+08	3.03375e+08	3.02358e+08	2.53007e+08	1.91611e+08	1.93156e+08	1.96816e+08	1.53241e+08	1.60451e+08	1.54962e+08	1.9083e+08	1.83088e+08	8.59945e+07	1.43672e+08	1.42613e+08	1.86127e+08	1.68296e+08	2.10893e+08	1.66985e+08	1.90994e+08	1.65113e+08	1.93249e+08	3.66851e+08	3.20829e+08	3.1048e+08	3.10807e+08	3.12644e+08	3.09197e+08	2.8245e+08	2.56486e+08	2.44323e+08	2.45789e+08	2.46118e+08	2.70093e+08	1.64189e+08	1.60298e+08	1.89658e+08	1.86642e+08	2.08589e+08	1.63766e+08	1.50935e+08	1.67025e+08	1.57189e+08	1.39834e+08	1.55806e+08	1.59202e+08	2.2115e+08	1.94449e+08	1.57873e+08	1.96281e+08	1.95923e+08	2.00268e+08
ERR638303	1.55134e+08	1.53215e+08	1.43515e+08	1.44259e+08	1.39963e+08	1.46851e+08	3.29736e+08	2.16361e+08	2.15864e+08	1.83242e+08	1.85318e+08	2.17345e+08	1.32811e+08	1.68635e+08	1.66298e+08	1.86401e+08	1.64541e+08	1.65948e+08	1.23338e+08	1.57083e+08	1.34892e+08	1.32232e+08	1.35052e+08	1.70249e+08	1.09727e+08	1.10293e+08	1.47544e+08	1.58189e+08	1.03948e+08	1.71252e+08	1.54764e+08	1.62572e+08	1.44538e+08	1.54527e+08	1.51955e+08	1.51722e+08	1.30907e+08	1.3423e+08	1.04745e+08	1.44988e+08	1.55055e+08	1.52027e+08	1.44285e+08	1.74196e+08	1.40977e+08	1.73101e+08	1.7232e+08	1.41881e+08	2.32896e+08	2.35074e+08	2.39015e+08	1.87517e+08	1.9638e+08	1.89657e+08	2.32682e+08	2.23386e+08	1.07133e+08	1.76435e+08	1.75292e+08	2.26789e+08	2.05853e+08	2.56632e+08	2.04473e+08	2.32911e+08	2.02566e+08	2.35803e+08	1.95164e+08	1.6818e+08	1.62102e+08	1.62298e+08	1.63068e+08	1.62128e+08	1.58799e+08	1.42599e+08	1.35089e+08	1.35795e+08	1.36072e+08	1.5072e+08	2.0933e+08	2.03887e+08	2.4011e+08	2.36888e+08	2.63634e+08	2.08406e+08	1.8743e+08	2.06956e+08	1.95251e+08	1.74343e+08	1.93291e+08	1.97411e+08	2.43059e+08	2.15227e+08	1.74033e+08	2.17059e+08	2.17192e+08	2.20334e+08
ERR638306	1.54892e+08	1.53071e+08	1.43372e+08	1.44168e+08	1.39813e+08	1.46745e+08	2.16361e+08	3.29619e+08	2.17203e+08	1.83214e+08	1.85221e+08	2.18785e+08	1.32948e+08	1.68784e+08	1.66584e+08	1.86771e+08	1.64873e+08	1.66335e+08	1.23491e+08	1.57122e+08	1.35068e+08	1.32405e+08	1.35063e+08	1.704e+08	1.09967e+08	1.10461e+08	1.47807e+08	1.58451e+08	1.04173e+08	1.71633e+08	1.5476e+08	1.62646e+08	1.44567e+08	1.54564e+08	1.52052e+08	1.51849e+08	1.30989e+08	1.34366e+08	1.04889e+08	1.45076e+08	1.55048e+08	1.52028e+08	1.44342e+08	1.74234e+08	1.41058e+08	1.73172e+08	1.72387e+08	1.41934e+08	2.3316e+08	2.35328e+08	2.39378e+08	1.87855e+08	1.96684e+08	1.90003e+08	2.32762e+08	2.23239e+08	1.07191e+08	1.76398e+08	1.75307e+08	2.26721e+08	2.05966e+08	2.56911e+08	2.04532e+08	2.33286e+08	2.02701e+08	2.35922e+08	1.95503e+08	1.68321e+08	1.62332e+08	1.62526e+08	1.63299e+08	1.62313e+08	1.58719e+08	1.42299e+08	1.34924e+08	1.35622e+08	1.35863e+08	1.50623e+08	2.09232e+08	2.03863e+08	2.40201e+08	2.37093e+08	2.63812e+08	2.0842e+08	1.87332e+08	2.06984e+08	1.95317e+08	1.74398e+08	1.93406e+08	1.97274e+08	2.43912e+08	2.15998e+08	1.74557e+08	2.17708e+08	2.17983e+08	2.20932e+08
ERR638307	1.54633e+08	1.52864e+08	1.43173e+08	1.43942e+08	1.39532e+08	1.46524e+08	2.15864e+08	2.17203e+08	3.285e+08	1.82623e+08	1.84732e+08	2.18249e+08	1.32646e+08	1.68362e+08	1.66217e+08	1.86316e+08	1.64471e+08	1.65934e+08	1.23088e+08	1.56762e+08	1.34681e+08	1.32112e+08	1.34803e+08	1.70056e+08	1.09697e+08	1.10161e+08	1.47468e+08	1.58059e+08	1.03837e+08	1.71079e+08	1.54556e+08	1.62308e+08	1.44347e+08	1.54347e+08	1.51861e+08	1.51561e+08	1.30686e+08	1.34027e+08	1.04601e+08	1.44638e+08	1.5459e+08	1.51693e+08	1.44094e+08	1.73825e+08	1.40689e+08	1.72806e+08	1.7187e+08	1.41617e+08	2.32843e+08	2.34847e+08	2.39036e+08	1.87487e+08	1.96378e+08	1.89622e+08	2.32174e+08	2.22688e+08	1.06896e+08	1.7592e+08	1.74843e+08	2.26165e+08	2.05501e+08	2.56083e+08	2.04088e+08	2.32566e+08	2.02065e+08	2.35219e+08	1.95065e+08	1.67965e+08	1.62005e+08	1.62088e+08	1.62949e+08	1.61963e+08	1.58434e+08	1.42132e+08	1.34688e+08	1.35488e+08	1.35679e+08	1.50424e+08	2.08937e+08	2.03531e+08	2.39688e+08	2.36669e+08	2.6337e+08	2.08118e+08	1.86847e+08	2.06479e+08	1.94787e+08	1.73871e+08	1.92823e+08	1.96773e+08	2.43211e+08	2.15547e+08	1.74131e+08	2.17247e+08	2.17604e+08	2.20546e+08
ERR638304	1.31072e+08	1.293e+08	1.21133e+08	1.21811e+08	1.18264e+08	1.2406e+08	1.83242e+08	1.83214e+08	1.82623e+08	2.50432e+08	1.57065e+08	1.83934e+08	1.12361e+08	1.42328e+08	1.40406e+08	1.57424e+08	1.38771e+08	1.40029e+08	1.04157e+08	1.32656e+08	1.13862e+08	1.11664e+08	1.13963e+08	1.43599e+08	9.2755e+07	9.32061e+07	1.24676e+08	1.3348e+08	8.79974e+07	1.44373e+08	1.30463e+08	1.37025e+08	1.21927e+08	1.30311e+08	1.28211e+08	1.2803e+08	1.10601e+08	1.13394e+08	8.86749e+07	1.2273e+08	1.31054e+08	1.28704e+08	1.21868e+08	1.47333e+08	1.19165e+08	1.4641e+08	1.45695e+08	1.1984e+08	1.96885e+08	1.98823e+08	2.02225e+08	1.58869e+08	1.66412e+08	1.6069e+08	1.96646e+08	1.88761e+08	9.05405e+07	1.48975e+08	1.47932e+08	1.91708e+08	1.7424e+08	2.16656e+08	1.7302e+08	1.96667e+08	1.71383e+08	1.99215e+08	1.64546e+08	1.41843e+08	1.36718e+08	1.36869e+08	1.37662e+08	1.36638e+08	1.34199e+08	1.20547e+08	1.14342e+08	1.14965e+08	1.15205e+08	1.27289e+08	1.77237e+08	1.72674e+08	2.02976e+08	2.00194e+08	2.22629e+08	1.76562e+08	1.58235e+08	1.74664e+08	1.64838e+08	1.47251e+08	1.63095e+08	1.6666e+08	2.05569e+08	1.82094e+08	1.47652e+08	1.83601e+08	1.83743e+08	1.8655e+08
ERR638305	1.31799e+08	1.30264e+08	1.22028e+08	1.22646e+08	1.18978e+08	1.24872e+08	1.85318e+08	1.85221e+08	1.84732e+08	1.57065e+08	2.55843e+08	1.86173e+08	1.13008e+08	1.43499e+08	1.41604e+08	1.58756e+08	1.40055e+08	1.41269e+08	1.05005e+08	1.3369e+08	1.14779e+08	1.12606e+08	1.1484e+08	1.44913e+08	9.34611e+07	9.39019e+07	1.25519e+08	1.34698e+08	8.85288e+07	1.45781e+08	1.31629e+08	1.3831e+08	1.22986e+08	1.31531e+08	1.29385e+08	1.29169e+08	1.11357e+08	1.14309e+08	8.91838e+07	1.23399e+08	1.31869e+08	1.29386e+08	1.22683e+08	1.48109e+08	1.19949e+08	1.47282e+08	1.46609e+08	1.20804e+08	1.98708e+08	2.00619e+08	2.04144e+08	1.60243e+08	1.67837e+08	1.61999e+08	1.98536e+08	1.90435e+08	9.15993e+07	1.50568e+08	1.49561e+08	1.9329e+08	1.75588e+08	2.18565e+08	1.74257e+08	1.98581e+08	1.72592e+08	2.00905e+08	1.6605e+08	1.43131e+08	1.37905e+08	1.38026e+08	1.38788e+08	1.37884e+08	1.34874e+08	1.21088e+08	1.14878e+08	1.15421e+08	1.15582e+08	1.28075e+08	1.78725e+08	1.74081e+08	2.04871e+08	2.02307e+08	2.25024e+08	1.77976e+08	1.5987e+08	1.76428e+08	1.66594e+08	1.48858e+08	1.64809e+08	1.68314e+08	2.07691e+08	1.83929e+08	1.48853e+08	1.85565e+08	1.85758e+08	1.88234e+08
ERR638308	1.55176e+08	1.53543e+08	1.43668e+08	1.44567e+08	1.40178e+08	1.47222e+08	2.17345e+08	2.18785e+08	2.18249e+08	1.83934e+08	1.86173e+08	3.32214e+08	1.33274e+08	1.69255e+08	1.67075e+08	1.87275e+08	1.65249e+08	1.6673e+08	1.23853e+08	1.57557e+08	1.35352e+08	1.32859e+08	1.3548e+08	1.7088e+08	1.1029e+08	1.10829e+08	1.48312e+08	1.58925e+08	1.04414e+08	1.72123e+08	1.55395e+08	1.63227e+08	1.45002e+08	1.55249e+08	1.52541e+08	1.52256e+08	1.31386e+08	1.34896e+08	1.05147e+08	1.45419e+08	1.55445e+08	1.52419e+08	1.4488e+08	1.74733e+08	1.41552e+08	1.73734e+08	1.72933e+08	1.42537e+08	2.34415e+08	2.3661e+08	2.40671e+08	1.88715e+08	1.97711e+08	1.90872e+08	2.33846e+08	2.24498e+08	1.07827e+08	1.77321e+08	1.762e+08	2.27927e+08	2.07112e+08	2.58119e+08	2.05597e+08	2.34388e+08	2.03767e+08	2.37095e+08	1.96082e+08	1.68943e+08	1.62935e+08	1.63098e+08	1.63928e+08	1.62949e+08	1.59151e+08	1.42654e+08	1.3525e+08	1.35934e+08	1.36207e+08	1.5094e+08	2.1028e+08	2.04962e+08	2.41347e+08	2.38387e+08	2.65238e+08	2.09528e+08	1.88411e+08	2.08009e+08	1.96286e+08	1.7527e+08	1.9447e+08	1.98281e+08	2.44873e+08	2.16921e+08	1.75214e+08	2.18678e+08	2.18996e+08	2.2197e+08
ERR613986	2.59438e+08	2.57002e+08	2.43934e+08	2.44823e+08	2.38543e+08	2.4855e+08	1.32811e+08	1.32948e+08	1.32646e+08	1.12361e+08	1.13008e+08	1.33274e+08	3.65068e+08	3.02883e+08	2.98695e+08	3.29727e+08	2.96263e+08	2.97983e+08	1.8902e+08	2.38266e+08	2.05145e+08	2.01239e+08	2.0562e+08	2.56357e+08	1.676e+08	1.6811e+08	2.21357e+08	2.3607e+08	1.59557e+08	2.53412e+08	2.61856e+08	2.72479e+08	2.46486e+08	2.61547e+08	2.57912e+08	2.57389e+08	1.91057e+08	1.95796e+08	1.54433e+08	2.11764e+08	2.25454e+08	2.21381e+08	2.3096e+08	2.73205e+08	2.24828e+08	2.71705e+08	2.70944e+08	2.26894e+08	1.70521e+08	1.71842e+08	1.7501e+08	1.36399e+08	1.42852e+08	1.38028e+08	1.71918e+08	1.65068e+08	7.75717e+07	1.2959e+08	1.28725e+08	1.67798e+08	1.51242e+08	1.89293e+08	1.50169e+08	1.71282e+08	1.48533e+08	1.73516e+08	3.03597e+08	2.65208e+08	2.56797e+08	2.57102e+08	2.58652e+08	2.55656e+08	2.53587e+08	2.31048e+08	2.20276e+08	2.21639e+08	2.22022e+08	2.42538e+08	1.48117e+08	1.44455e+08	1.70646e+08	1.67764e+08	1.87611e+08	1.47758e+08	1.3546e+08	1.49825e+08	1.41117e+08	1.25569e+08	1.39796e+08	1.42894e+08	2.00904e+08	1.76751e+08	1.43901e+08	1.78225e+08	1.78016e+08	1.8197e+08
ERR613985	3.18992e+08	3.16617e+08	2.99758e+08	3.01064e+08	2.92833e+08	3.05799e+08	1.68635e+08	1.68784e+08	1.68362e+08	1.42328e+08	1.43499e+08	1.69255e+08	3.02883e+08	5.24562e+08	3.69998e+08	4.09537e+08	3.66895e+08	3.69345e+08	2.33918e+08	2.95022e+08	2.54461e+08	2.49594e+08	2.54663e+08	3.18609e+08	2.07536e+08	2.08165e+08	2.75239e+08	2.93946e+08	1.97375e+08	3.16777e+08	3.23693e+08	3.37516e+08	3.0386e+08	3.23339e+08	3.18772e+08	3.17511e+08	2.36722e+08	2.42697e+08	1.90435e+08	2.61386e+08	2.78615e+08	2.73182e+08	2.84496e+08	3.36687e+08	2.76985e+08	3.34781e+08	3.33883e+08	2.79525e+08	2.15912e+08	2.1773e+08	2.2178e+08	1.72589e+08	1.80783e+08	1.744e+08	2.17615e+08	2.08754e+08	9.87213e+07	1.64452e+08	1.63283e+08	2.12317e+08	1.90806e+08	2.40035e+08	1.89485e+08	2.17251e+08	1.87235e+08	2.19408e+08	3.78705e+08	3.30287e+08	3.19432e+08	3.19767e+08	3.21699e+08	3.18351e+08	3.1271e+08	2.83273e+08	2.69662e+08	2.71426e+08	2.71792e+08	2.98709e+08	1.86994e+08	1.82239e+08	2.15954e+08	2.13089e+08	2.38138e+08	1.86404e+08	1.71868e+08	1.90432e+08	1.7901e+08	1.59235e+08	1.77615e+08	1.80952e+08	2.50986e+08	2.20828e+08	1.78574e+08	2.22607e+08	2.22383e+08	2.26818e+08
ERR613989	3.15169e+08	3.13157e+08	2.9631e+08	2.97619e+08	2.89408e+08	3.02221e+08	1.66298e+08	1.66584e+08	1.66217e+08	1.40406e+08	1.41604e+08	1.67075e+08	2.98695e+08	3.69998e+08	5.14699e+08	4.04125e+08	3.64568e+08	3.66648e+08	2.31392e+08	2.91726e+08	2.51711e+08	2.47007e+08	2.51945e+08	3.1533e+08	2.05393e+08	2.06045e+08	2.72469e+08	2.90961e+08	1.95292e+08	3.13686e+08	3.20504e+08	3.33961e+08	3.00686e+08	3.19951e+08	3.15644e+08	3.14152e+08	2.34236e+08	2.40188e+08	1.88094e+08	2.58044e+08	2.75355e+08	2.69778e+08	2.81189e+08	3.32488e+08	2.73831e+08	3.3064e+08	3.29719e+08	2.76388e+08	2.12896e+08	2.14601e+08	2.18547e+08	1.70161e+08	1.78099e+08	1.71729e+08	2.14631e+08	2.05839e+08	9.74623e+07	1.623e+08	1.61162e+08	2.09303e+08	1.87949e+08	2.36584e+08	1.86561e+08	2.14278e+08	1.84483e+08	2.16203e+08	3.74662e+08	3.26629e+08	3.16018e+08	3.16238e+08	3.1828e+08	3.15315e+08	3.08923e+08	2.79488e+08	2.66095e+08	2.67813e+08	2.68198e+08	2.95091e+08	1.8435e+08	1.79755e+08	2.13044e+08	2.10486e+08	2.35081e+08	1.83879e+08	1.69465e+08	1.87803e+08	1.76538e+08	1.56904e+08	1.75212e+08	1.78284e+08	2.48054e+08	2.18273e+08	1.76115e+08	2.20118e+08	2.19856e+08	2.24056e+08
ERR613984	3.48433e+08	3.4604e+08	3.26911e+08	3.28503e+08	3.19387e+08	3.33642e+08	1.86401e+08	1.86771e+08	1.86316e+08	1.57424e+08	1.58756e+08	1.87275e+08	3.29727e+08	4.09537e+08	4.04125e+08	6.13152e+08	4.00741e+08	4.03278e+08	2.55888e+08	3.2285e+08	2.78264e+08	2.73195e+08	2.78696e+08	3.48978e+08	2.26879e+08	2.27442e+08	3.01494e+08	3.22012e+08	2.15598e+08	3.47156e+08	3.53385e+08	3.68699e+08	3.3152e+08	3.5302e+08	3.48067e+08	3.46593e+08	2.59141e+08	2.65609e+08	2.08182e+08	2.8574e+08	3.04954e+08	2.98885e+08	3.1019e+08	3.67358e+08	3.01976e+08	3.65429e+08	3.64189e+08	3.04886e+08	2.38638e+08	2.40753e+08	2.45048e+08	1.90768e+08	1.99642e+08	1.92583e+08	2.40753e+08	2.30871e+08	1.09204e+08	1.81988e+08	1.80668e+08	2.34709e+08	2.10758e+08	2.65245e+08	2.09332e+08	2.4024e+08	2.06878e+08	2.42419e+08	4.15258e+08	3.61496e+08	3.49791e+08	3.50068e+08	3.52341e+08	3.4894e+08	3.416e+08	3.08914e+08	2.94026e+08	2.95708e+08	2.9626e+08	3.26326e+08	2.06538e+08	2.01361e+08	2.38755e+08	2.35708e+08	2.63459e+08	2.06017e+08	1.89966e+08	2.10457e+08	1.97912e+08	1.75929e+08	1.96539e+08	1.99937e+08	2.75796e+08	2.42677e+08	1.95798e+08	2.44655e+08	2.44343e+08	2.49138e+08
ERR613987	3.12684e+08	3.10719e+08	2.93948e+08	2.9529e+08	2.87177e+08	2.99859e+08	1.64541e+08	1.64873e+08	1.64471e+08	1.38771e+08	1.40055e+08	1.65249e+08	2.96263e+08	3.66895e+08	3.64568e+08	4.00741e+08	5.07337e+08	3.63704e+08	2.29332e+08	2.88845e+08	2.49423e+08	2.4482e+08	2.49716e+08	3.12374e+08	2.03706e+08	2.04356e+08	2.701e+08	2.88563e+08	1.93481e+08	3.11089e+08	3.17838e+08	3.31212e+08	2.98293e+08	3.1753e+08	3.13131e+08	3.11708e+08	2.32164e+08	2.37888e+08	1.86506e+08	2.55942e+08	2.72958e+08	2.6741e+08	2.78875e+08	3.29744e+08	2.716e+08	3.27991e+08	3.27119e+08	2.74165e+08	2.1058e+08	2.12445e+08	2.16422e+08	1.68428e+08	1.76294e+08	1.69983e+08	2.12322e+08	2.03591e+08	9.6428e+07	1.60585e+08	1.59417e+08	2.06863e+08	1.85948e+08	2.34096e+08	1.84512e+08	2.12027e+08	1.82511e+08	2.14004e+08	3.71703e+08	3.23963e+08	3.13413e+08	3.13638e+08	3.15631e+08	3.12637e+08	3.0627e+08	2.77155e+08	2.63731e+08	2.65548e+08	2.65878e+08	2.92472e+08	1.82375e+08	1.77772e+08	2.10797e+08	2.08318e+08	2.32559e+08	1.81886e+08	1.67727e+08	1.85744e+08	1.74686e+08	1.55303e+08	1.73422e+08	1.76396e+08	2.45655e+08	2.16072e+08	1.74347e+08	2.17966e+08	2.1768e+08	2.21816e+08
ERR613988	3.14765e+08	3.12573e+08	2.95759e+08	2.97165e+08	2.89068e+08	3.01889e+08	1.65948e+08	1.66335e+08	1.65934e+08	1.40029e+08	1.41269e+08	1.6673e+08	2.97983e+08	3.69345e+08	3.66648e+08	4.03278e+08	3.63704e+08	5.13199e+08	2.30981e+08	2.91065e+08	2.51241e+08	2.46441e+08	2.51445e+08	3.14686e+08	2.04971e+08	2.05581e+08	2.71951e+08	2.90428e+08	1.94868e+08	3.13046e+08	3.1995e+08	3.33575e+08	3.00282e+08	3.19639e+08	3.15247e+08	3.13801e+08	2.33877e+08	2.39645e+08	1.87921e+08	2.57744e+08	2.74862e+08	2.69393e+08	2.80815e+08	3.31893e+08	2.73349e+08	3.30102e+08	3.29224e+08	2.75826e+08	2.12437e+08	2.1418e+08	2.18178e+08	1.69861e+08	1.77768e+08	1.71365e+08	2.1438e+08	2.05503e+08	9.73794e+07	1.62182e+08	1.60896e+08	2.08949e+08	1.87561e+08	2.3617e+08	1.86228e+08	2.13746e+08	1.84069e+08	2.15756e+08	3.74093e+08	3.26246e+08	3.15654e+08	3.15727e+08	3.17779e+08	3.14916e+08	3.08287e+08	2.78815e+08	2.65542e+08	2.67214e+08	2.6753e+08	2.94571e+08	1.83866e+08	1.79334e+08	2.12661e+08	2.10179e+08	2.34652e+08	1.83427e+08	1.69195e+08	1.87459e+08	1.76296e+08	1.56603e+08	1.74932e+08	1.77987e+08	2.47475e+08	2.17731e+08	1.75672e+08	2.19517e+08	2.19231e+08	2.23558e+08
ERR612638	2.2372e+08	2.21761e+08	2.09778e+08	2.1048e+08	2.0496e+08	2.14041e+08	1.23338e+08	1.23491e+08	1.23088e+08	1.04157e+08	1.05005e+08	1.23853e+08	1.8902e+08	2.33918e+08	2.31392e+08	2.55888e+08	2.29332e+08	2.30981e+08	3.65537e+08	3.09493e+08	2.71128e+08	2.67236e+08	2.72025e+08	3.30149e+08	1.65358e+08	1.65387e+08	2.18377e+08	2.33514e+08	1.57065e+08	2.49974e+08	2.2291e+08	2.32282e+08	2.09669e+08	2.22715e+08	2.19535e+08	2.18783e+08	1.79969e+08	1.84453e+08	1.45823e+08	1.9919e+08	2.12762e+08	2.07742e+08	2.01711e+08	2.40262e+08	1.96471e+08	2.39518e+08	2.38232e+08	1.98488e+08	1.59912e+08	1.61357e+08	1.643e+08	1.27951e+08	1.34058e+08	1.292e+08	1.60017e+08	1.53604e+08	7.30826e+07	1.21149e+08	1.20278e+08	1.55994e+08	1.38158e+08	1.73617e+08	1.37233e+08	1.5711e+08	1.35712e+08	1.58928e+08	2.77602e+08	2.42404e+08	2.34424e+08	2.34978e+08	2.36336e+08	2.34101e+08	2.38636e+08	2.16249e+08	2.06495e+08	2.07553e+08	2.07847e+08	2.27966e+08	1.35703e+08	1.32421e+08	1.5665e+08	1.54404e+08	1.72537e+08	1.3546e+08	1.25944e+08	1.39415e+08	1.3124e+08	1.16815e+08	1.30075e+08	1.3269e+08	1.82463e+08	1.60681e+08	1.30176e+08	1.62082e+08	1.61729e+08	1.6509e+08
ERR612639	2.82243e+08	2.79584e+08	2.64346e+08	2.6525e+08	2.58126e+08	2.69819e+08	1.57083e+08	1.57122e+08	1.56762e+08	1.32656e+08	1.3369e+08	1.57557e+08	2.38266e+08	2.95022e+08	2.91726e+08	3.2285e+08	2.88845e+08	2.91065e+08	3.09493e+08	5.22393e+08	3.31523e+08	3.26468e+08	3.32753e+08	4.0666e+08	2.04189e+08	2.04301e+08	2.70455e+08	2.88708e+08	1.93887e+08	3.09728e+08	2.80659e+08	2.92574e+08	2.63879e+08	2.80468e+08	2.76235e+08	2.75604e+08	2.24672e+08	2.30338e+08	1.81899e+08	2.49033e+08	2.65771e+08	2.60005e+08	2.52762e+08	3.01628e+08	2.46294e+08	3.00489e+08	2.98926e+08	2.48858e+08	2.02796e+08	2.04757e+08	2.08587e+08	1.6227e+08	1.70013e+08	1.64204e+08	2.03585e+08	1.9528e+08	9.24754e+07	1.53857e+08	1.52659e+08	1.9862e+08	1.76264e+08	2.21164e+08	1.75195e+08	2.00218e+08	1.73181e+08	2.02726e+08	3.49964e+08	3.05545e+08	2.95213e+08	2.9594e+08	2.97733e+08	2.94805e+08	3.01045e+08	2.72687e+08	2.60417e+08	2.61541e+08	2.62133e+08	2.87389e+08	1.73192e+08	1.68988e+08	1.99774e+08	1.96612e+08	2.19762e+08	1.72978e+08	1.60443e+08	1.7766e+08	1.67102e+08	1.48718e+08	1.65588e+08	1.69141e+08	2.31255e+08	2.035e+08	1.65059e+08	2.05372e+08	2.04994e+08	2.09219e+08
ERR612640	2.42935e+08	2.40951e+08	2.27824e+08	2.28578e+08	2.22424e+08	2.32583e+08	1.34892e+08	1.35068e+08	1.34681e+08	1.13862e+08	1.14779e+08	1.35352e+08	2.05145e+08	2.54461e+08	2.51711e+08	2.78264e+08	2.49423e+08	2.51241e+08	2.71128e+08	3.31523e+08	4.13074e+08	2.87915e+08	2.93191e+08	3.54304e+08	1.78489e+08	1.7861e+08	2.3614e+08	2.52347e+08	1.6941e+08	2.70595e+08	2.42507e+08	2.5269e+08	2.27978e+08	2.42281e+08	2.38815e+08	2.3794e+08	1.94836e+08	1.99714e+08	1.57596e+08	2.15451e+08	2.30196e+08	2.24795e+08	2.18669e+08	2.6043e+08	2.13046e+08	2.59419e+08	2.58226e+08	2.15178e+08	1.74357e+08	1.75942e+08	1.79162e+08	1.3939e+08	1.46078e+08	1.4083e+08	1.74837e+08	1.67861e+08	7.97853e+07	1.32264e+08	1.31394e+08	1.70454e+08	1.50835e+08	1.89857e+08	1.49877e+08	1.71783e+08	1.48053e+08	1.73507e+08	3.02448e+08	2.63955e+08	2.55237e+08	2.5561e+08	2.57131e+08	2.5512e+08	2.58903e+08	2.34113e+08	2.23589e+08	2.24788e+08	2.25104e+08	2.47269e+08	1.48193e+08	1.44727e+08	1.71236e+08	1.68736e+08	1.8875e+08	1.48001e+08	1.3773e+08	1.52535e+08	1.43453e+08	1.2755e+08	1.4223e+08	1.44806e+08	1.98804e+08	1.74983e+08	1.41461e+08	1.76498e+08	1.76338e+08	1.79621e+08
ERR612642	2.38645e+08	2.36642e+08	2.23802e+08	2.24525e+08	2.18525e+08	2.28386e+08	1.32232e+08	1.32405e+08	1.32112e+08	1.11664e+08	1.12606e+08	1.32859e+08	2.01239e+08	2.49594e+08	2.47007e+08	2.73195e+08	2.4482e+08	2.46441e+08	2.67236e+08	3.26468e+08	2.87915e+08	4.02127e+08	2.88727e+08	3.4883e+08	1.75579e+08	1.75623e+08	2.32069e+08	2.48065e+08	1.66653e+08	2.65953e+08	2.38057e+08	2.48213e+08	2.23686e+08	2.37966e+08	2.34423e+08	2.33686e+08	1.9112e+08	1.96073e+08	1.54697e+08	2.11411e+08	2.25824e+08	2.20549e+08	2.14752e+08	2.55653e+08	2.09326e+08	2.54849e+08	2.53507e+08	2.11389e+08	1.71181e+08	1.72763e+08	1.7599e+08	1.36922e+08	1.434e+08	1.38306e+08	1.71635e+08	1.64633e+08	7.83568e+07	1.29963e+08	1.28961e+08	1.6736e+08	1.48039e+08	1.86381e+08	1.47037e+08	1.68728e+08	1.45346e+08	1.70337e+08	2.96931e+08	2.5941e+08	2.50672e+08	2.51123e+08	2.52731e+08	2.5067e+08	2.54166e+08	2.29748e+08	2.19359e+08	2.206e+08	2.21049e+08	2.42569e+08	1.45454e+08	1.4182e+08	1.68003e+08	1.65719e+08	1.85255e+08	1.45247e+08	1.35023e+08	1.49661e+08	1.40758e+08	1.25123e+08	1.3957e+08	1.42083e+08	1.94939e+08	1.71639e+08	1.38766e+08	1.73062e+08	1.72973e+08	1.76196e+08
ERR612641	2.43182e+08	2.41061e+08	2.28038e+08	2.28848e+08	2.2277e+08	2.32722e+08	1.35052e+08	1.35063e+08	1.34803e+08	1.13963e+08	1.1484e+08	1.3548e+08	2.0562e+08	2.54663e+08	2.51945e+08	2.78696e+08	2.49716e+08	2.51445e+08	2.72025e+08	3.32753e+08	2.93191e+08	2.88727e+08	4.14824e+08	3.55422e+08	1.78545e+08	1.78727e+08	2.36014e+08	2.52353e+08	1.69527e+08	2.70614e+08	2.42605e+08	2.52696e+08	2.27954e+08	2.42323e+08	2.38749e+08	2.38077e+08	1.94906e+08	1.99957e+08	1.57721e+08	2.15588e+08	2.30398e+08	2.25005e+08	2.18778e+08	2.606e+08	2.13076e+08	2.59565e+08	2.58277e+08	2.15333e+08	1.74537e+08	1.7621e+08	1.79529e+08	1.39665e+08	1.46288e+08	1.41034e+08	1.75192e+08	1.68056e+08	7.98872e+07	1.32517e+08	1.31575e+08	1.70797e+08	1.5106e+08	1.90041e+08	1.50219e+08	1.71998e+08	1.48308e+08	1.73656e+08	3.02579e+08	2.64361e+08	2.55437e+08	2.55958e+08	2.57347e+08	2.55225e+08	2.59616e+08	2.34946e+08	2.24413e+08	2.2552e+08	2.25983e+08	2.4783e+08	1.48418e+08	1.44721e+08	1.71403e+08	1.68947e+08	1.88763e+08	1.48104e+08	1.37892e+08	1.52627e+08	1.43539e+08	1.27695e+08	1.42403e+08	1.44986e+08	1.98882e+08	1.75184e+08	1.41635e+08	1.76622e+08	1.764e+08	1.79867e+08
ERR612637	3.03946e+08	3.01589e+08	2.84966e+08	2.86045e+08	2.78128e+08	2.90919e+08	1.70249e+08	1.704e+08	1.70056e+08	1.43599e+08	1.44913e+08	1.7088e+08	2.56357e+08	3.18609e+08	3.1533e+08	3.48978e+08	3.12374e+08	3.14686e+08	3.30149e+08	4.0666e+08	3.54304e+08	3.4883e+08	3.55422e+08	5.90594e+08	2.19032e+08	2.19112e+08	2.90257e+08	3.10368e+08	2.0769e+08	3.33515e+08	3.03607e+08	3.16666e+08	2.8508e+08	3.03326e+08	2.98938e+08	2.97647e+08	2.41499e+08	2.47569e+08	1.94971e+08	2.66988e+08	2.85298e+08	2.78794e+08	2.72134e+08	3.24156e+08	2.65038e+08	3.23155e+08	3.21455e+08	2.67831e+08	2.19476e+08	2.21451e+08	2.25591e+08	1.75519e+08	1.83802e+08	1.77191e+08	2.20278e+08	2.11278e+08	1.00376e+08	1.66748e+08	1.65522e+08	2.14667e+08	1.90406e+08	2.39805e+08	1.89167e+08	2.17142e+08	1.86967e+08	2.19118e+08	3.79298e+08	3.30803e+08	3.19626e+08	3.2028e+08	3.22258e+08	3.19554e+08	3.23968e+08	2.92614e+08	2.79194e+08	2.80527e+08	2.80962e+08	3.09217e+08	1.87112e+08	1.82542e+08	2.16227e+08	2.13461e+08	2.38427e+08	1.86724e+08	1.7385e+08	1.92777e+08	1.81278e+08	1.61166e+08	1.79857e+08	1.82875e+08	2.5043e+08	2.20331e+08	1.77901e+08	2.22211e+08	2.21942e+08	2.2618e+08
ERR613232	1.92984e+08	1.91585e+08	1.81183e+08	1.81825e+08	1.76932e+08	1.84835e+08	1.09727e+08	1.09967e+08	1.09697e+08	9.2755e+07	9.34611e+07	1.1029e+08	1.676e+08	2.07536e+08	2.05393e+08	2.26879e+08	2.03706e+08	2.04971e+08	1.65358e+08	2.04189e+08	1.78489e+08	1.75579e+08	1.78545e+08	2.19032e+08	2.60225e+08	1.65332e+08	2.16446e+08	2.30646e+08	1.57007e+08	2.47313e+08	1.96666e+08	2.04765e+08	1.84737e+08	1.96335e+08	1.93396e+08	1.92847e+08	1.69337e+08	1.73651e+08	1.37112e+08	1.86951e+08	1.99664e+08	1.95018e+08	1.94526e+08	2.30584e+08	1.89796e+08	2.29533e+08	2.28768e+08	1.9127e+08	1.41048e+08	1.42307e+08	1.44973e+08	1.12981e+08	1.18341e+08	1.14135e+08	1.40939e+08	1.35218e+08	6.41094e+07	1.06553e+08	1.05643e+08	1.37367e+08	1.23648e+08	1.5525e+08	1.22703e+08	1.40465e+08	1.21483e+08	1.41954e+08	2.32172e+08	2.02724e+08	1.95775e+08	1.96086e+08	1.974e+08	1.95614e+08	1.97564e+08	1.78942e+08	1.70771e+08	1.71656e+08	1.72002e+08	1.88861e+08	1.22277e+08	1.19226e+08	1.41138e+08	1.39117e+08	1.55457e+08	1.22156e+08	1.11654e+08	1.23705e+08	1.16397e+08	1.03555e+08	1.15441e+08	1.17549e+08	1.58942e+08	1.39947e+08	1.13153e+08	1.4113e+08	1.40932e+08	1.43719e+08
ERR613231	1.93578e+08	1.92137e+08	1.81727e+08	1.82452e+08	1.77357e+08	1.85242e+08	1.10293e+08	1.10461e+08	1.10161e+08	9.32061e+07	9.39019e+07	1.10829e+08	1.6811e+08	2.08165e+08	2.06045e+08	2.27442e+08	2.04356e+08	2.05581e+08	1.65387e+08	2.04301e+08	1.7861e+08	1.75623e+08	1.78727e+08	2.19112e+08	1.65332e+08	2.60882e+08	2.16691e+08	2.30929e+08	1.57292e+08	2.47628e+08	1.97237e+08	2.05196e+08	1.85146e+08	1.96934e+08	1.93806e+08	1.93307e+08	1.69871e+08	1.7408e+08	1.37515e+08	1.87493e+08	2.00158e+08	1.95616e+08	1.94976e+08	2.31227e+08	1.9038e+08	2.30245e+08	2.29194e+08	1.91775e+08	1.41542e+08	1.4282e+08	1.45554e+08	1.13419e+08	1.18827e+08	1.14658e+08	1.41484e+08	1.35774e+08	6.4367e+07	1.07014e+08	1.06067e+08	1.37945e+08	1.24311e+08	1.56084e+08	1.23379e+08	1.41039e+08	1.2208e+08	1.42667e+08	2.32797e+08	2.03256e+08	1.96173e+08	1.96594e+08	1.97786e+08	1.96183e+08	1.98345e+08	1.79563e+08	1.71435e+08	1.72302e+08	1.72764e+08	1.89548e+08	1.22826e+08	1.1987e+08	1.41639e+08	1.39757e+08	1.5604e+08	1.22597e+08	1.12146e+08	1.24225e+08	1.16902e+08	1.0397e+08	1.15914e+08	1.17919e+08	1.59622e+08	1.4062e+08	1.13733e+08	1.41897e+08	1.41654e+08	1.44347e+08
ERR613229	2.55966e+08	2.54258e+08	2.40063e+08	2.40879e+08	2.34328e+08	2.44714e+08	1.47544e+08	1.47807e+08	1.47468e+08	1.24676e+08	1.25519e+08	1.48312e+08	2.21357e+08	2.75239e+08	2.72469e+08	3.01494e+08	2.701e+08	2.71951e+08	2.18377e+08	2.70455e+08	2.3614e+08	2.32069e+08	2.36014e+08	2.90257e+08	2.16446e+08	2.16691e+08	4.14709e+08	3.05941e+08	2.05583e+08	3.28574e+08	2.60197e+08	2.71291e+08	2.44329e+08	2.6012e+08	2.56152e+08	2.55036e+08	2.24247e+08	2.29962e+08	1.81008e+08	2.47514e+08	2.64644e+08	2.58462e+08	2.57343e+08	3.05549e+08	2.51016e+08	3.04339e+08	3.0311e+08	2.53065e+08	1.8939e+08	1.90966e+08	1.9466e+08	1.51729e+08	1.58887e+08	1.532e+08	1.89204e+08	1.81599e+08	8.59778e+07	1.43144e+08	1.41916e+08	1.84384e+08	1.66128e+08	2.08813e+08	1.64892e+08	1.88836e+08	1.63107e+08	1.90799e+08	3.09088e+08	2.69544e+08	2.60195e+08	2.60483e+08	2.62348e+08	2.60091e+08	2.61532e+08	2.36105e+08	2.25356e+08	2.26465e+08	2.26957e+08	2.49724e+08	1.64147e+08	1.60195e+08	1.89672e+08	1.87109e+08	2.09051e+08	1.63979e+08	1.49935e+08	1.66324e+08	1.56517e+08	1.39104e+08	1.55173e+08	1.57875e+08	2.14067e+08	1.88538e+08	1.5217e+08	1.90294e+08	1.8997e+08	1.93432e+08
ERR613228	2.73219e+08	2.71391e+08	2.56421e+08	2.57473e+08	2.50054e+08	2.61415e+08	1.58189e+08	1.58451e+08	1.58059e+08	1.3348e+08	1.34698e+08	1.58925e+08	2.3607e+08	2.93946e+08	2.90961e+08	3.22012e+08	2.88563e+08	2.90428e+08	2.33514e+08	2.88708e+08	2.52347e+08	2.48065e+08	2.52353e+08	3.10368e+08	2.30646e+08	2.30929e+08	3.05941e+08	4.63604e+08	2.18926e+08	3.50837e+08	2.77833e+08	2.89752e+08	2.60708e+08	2.7776e+08	2.73327e+08	2.7229e+08	2.39069e+08	2.45149e+08	1.92865e+08	2.63682e+08	2.82036e+08	2.75506e+08	2.74519e+08	3.2603e+08	2.67661e+08	3.24575e+08	3.23265e+08	2.69925e+08	2.02981e+08	2.04814e+08	2.08638e+08	1.627e+08	1.70298e+08	1.64309e+08	2.02683e+08	1.94408e+08	9.21947e+07	1.534e+08	1.5201e+08	1.97432e+08	1.77877e+08	2.23736e+08	1.76662e+08	2.02444e+08	1.74649e+08	2.04441e+08	3.30059e+08	2.87497e+08	2.77512e+08	2.77883e+08	2.79755e+08	2.77542e+08	2.78859e+08	2.51651e+08	2.40014e+08	2.41179e+08	2.41726e+08	2.6631e+08	1.75699e+08	1.71434e+08	2.03237e+08	2.00565e+08	2.24061e+08	1.7548e+08	1.60859e+08	1.78319e+08	1.67827e+08	1.49107e+08	1.66363e+08	1.69171e+08	2.29129e+08	2.01818e+08	1.62791e+08	2.03623e+08	2.03283e+08	2.06961e+08
ERR613230	1.83684e+08	1.82172e+08	1.72474e+08	1.73029e+08	1.68433e+08	1.75778e+08	1.03948e+08	1.04173e+08	1.03837e+08	8.79974e+07	8.85288e+07	1.04414e+08	1.59557e+08	1.97375e+08	1.95292e+08	2.15598e+08	1.93481e+08	1.94868e+08	1.57065e+08	1.93887e+08	1.6941e+08	1.66653e+08	1.69527e+08	2.0769e+08	1.57007e+08	1.57292e+08	2.05583e+08	2.18926e+08	2.39437e+08	2.34572e+08	1.8683e+08	1.9456e+08	1.7568e+08	1.86633e+08	1.83824e+08	1.83342e+08	1.61101e+08	1.65149e+08	1.30519e+08	1.77878e+08	1.89814e+08	1.85651e+08	1.85087e+08	2.19356e+08	1.80645e+08	2.18409e+08	2.17522e+08	1.8204e+08	1.33676e+08	1.3485e+08	1.37356e+08	1.07075e+08	1.12177e+08	1.08306e+08	1.3348e+08	1.28226e+08	6.06234e+07	1.00817e+08	1.00045e+08	1.3016e+08	1.17319e+08	1.47068e+08	1.16405e+08	1.32994e+08	1.15218e+08	1.34593e+08	2.20379e+08	1.92301e+08	1.85901e+08	1.86226e+08	1.87412e+08	1.85784e+08	1.88191e+08	1.70615e+08	1.62866e+08	1.63736e+08	1.64048e+08	1.79959e+08	1.15888e+08	1.13106e+08	1.33651e+08	1.31759e+08	1.47109e+08	1.15824e+08	1.05708e+08	1.17119e+08	1.10282e+08	9.80459e+07	1.09319e+08	1.11357e+08	1.5073e+08	1.32801e+08	1.07456e+08	1.34032e+08	1.33798e+08	1.36336e+08
ERR613227	2.93751e+08	2.92317e+08	2.75743e+08	2.76996e+08	2.68962e+08	2.81323e+08	1.71252e+08	1.71633e+08	1.71079e+08	1.44373e+08	1.45781e+08	1.72123e+08	2.53412e+08	3.16777e+08	3.13686e+08	3.47156e+08	3.11089e+08	3.13046e+08	2.49974e+08	3.09728e+08	2.70595e+08	2.65953e+08	2.70614e+08	3.33515e+08	2.47313e+08	2.47628e+08	3.28574e+08	3.50837e+08	2.34572e+08	5.26365e+08	2.99284e+08	3.12129e+08	2.80341e+08	2.99106e+08	2.94462e+08	2.92902e+08	2.56902e+08	2.63516e+08	2.06807e+08	2.82913e+08	3.02914e+08	2.95429e+08	2.95047e+08	3.49955e+08	2.87758e+08	3.48561e+08	3.47116e+08	2.90033e+08	2.19129e+08	2.21225e+08	2.25429e+08	1.75656e+08	1.83741e+08	1.77044e+08	2.18834e+08	2.09926e+08	9.97427e+07	1.66033e+08	1.64432e+08	2.13227e+08	1.91869e+08	2.41986e+08	1.90476e+08	2.18983e+08	1.88374e+08	2.20809e+08	3.56775e+08	3.10604e+08	2.99742e+08	2.99936e+08	3.02039e+08	2.99998e+08	2.99604e+08	2.69719e+08	2.5695e+08	2.58377e+08	2.58783e+08	2.86044e+08	1.89546e+08	1.84924e+08	2.19582e+08	2.1722e+08	2.42468e+08	1.8933e+08	1.73931e+08	1.93065e+08	1.81513e+08	1.612e+08	1.80037e+08	1.8276e+08	2.47566e+08	2.18092e+08	1.75237e+08	2.20084e+08	2.19742e+08	2.23612e+08
ERR607649	3.19553e+08	3.17177e+08	3.00502e+08	3.01643e+08	2.93461e+08	3.06381e+08	1.54764e+08	1.5476e+08	1.54556e+08	1.30463e+08	1.31629e+08	1.55395e+08	2.61856e+08	3.23693e+08	3.20504e+08	3.53385e+08	3.17838e+08	3.1995e+08	2.2291e+08	2.80659e+08	2.42507e+08	2.38057e+08	2.42605e+08	3.03607e+08	1.96666e+08	1.97237e+08	2.60197e+08	2.77833e+08	1.8683e+08	2.99284e+08	4.77547e+08	3.50485e+08	3.1605e+08	3.37168e+08	3.32255e+08	3.30028e+08	2.23594e+08	2.28833e+08	1.7986e+08	2.46587e+08	2.62637e+08	2.57535e+08	2.68814e+08	3.17665e+08	2.62026e+08	3.16131e+08	3.15091e+08	2.64384e+08	1.98366e+08	2.00128e+08	2.03886e+08	1.5866e+08	1.65979e+08	1.601e+08	1.99687e+08	1.91572e+08	9.08034e+07	1.51048e+08	1.50002e+08	1.94796e+08	1.74354e+08	2.19466e+08	1.73002e+08	1.98776e+08	1.70987e+08	2.00521e+08	3.71723e+08	3.24507e+08	3.14309e+08	3.14418e+08	3.16475e+08	3.1338e+08	2.98973e+08	2.70814e+08	2.58051e+08	2.59484e+08	2.59968e+08	2.85731e+08	1.70031e+08	1.65647e+08	1.96653e+08	1.94409e+08	2.17044e+08	1.69584e+08	1.57865e+08	1.74894e+08	1.64459e+08	1.4621e+08	1.63316e+08	1.65974e+08	2.31621e+08	2.03835e+08	1.64467e+08	2.05432e+08	2.05169e+08	2.09399e+08
ERR607646	3.32663e+08	3.30325e+08	3.12972e+08	3.13971e+08	3.05631e+08	3.19002e+08	1.62572e+08	1.62646e+08	1.62308e+08	1.37025e+08	1.3831e+08	1.63227e+08	2.72479e+08	3.37516e+08	3.33961e+08	3.68699e+08	3.31212e+08	3.33575e+08	2.32282e+08	2.92574e+08	2.5269e+08	2.48213e+08	2.52696e+08	3.16666e+08	2.04765e+08	2.05196e+08	2.71291e+08	2.89752e+08	1.9456e+08	3.12129e+08	3.50485e+08	5.1363e+08	3.30073e+08	3.50053e+08	3.4505e+08	3.44515e+08	2.32973e+08	2.38645e+08	1.87359e+08	2.5698e+08	2.73826e+08	2.6829e+08	2.79773e+08	3.30815e+08	2.72589e+08	3.29243e+08	3.28095e+08	2.7517e+08	2.08269e+08	2.10172e+08	2.14036e+08	1.66534e+08	1.74246e+08	1.68143e+08	2.09681e+08	2.01161e+08	9.52968e+07	1.58648e+08	1.57455e+08	2.04441e+08	1.83065e+08	2.30575e+08	1.81662e+08	2.08891e+08	1.79583e+08	2.1065e+08	3.87613e+08	3.38508e+08	3.27418e+08	3.27743e+08	3.29936e+08	3.26741e+08	3.11377e+08	2.81878e+08	2.68371e+08	2.70053e+08	2.70451e+08	2.97569e+08	1.78587e+08	1.74209e+08	2.06711e+08	2.04256e+08	2.28085e+08	1.7819e+08	1.65771e+08	1.83839e+08	1.72782e+08	1.53597e+08	1.71585e+08	1.74259e+08	2.42346e+08	2.13283e+08	1.71959e+08	2.15069e+08	2.14722e+08	2.19009e+08
ERR607645	3.00915e+08	2.98527e+08	2.83006e+08	2.83965e+08	2.7664e+08	2.88467e+08	1.44538e+08	1.44567e+08	1.44347e+08	1.21927e+08	1.22986e+08	1.45002e+08	2.46486e+08	3.0386e+08	3.00686e+08	3.3152e+08	2.98293e+08	3.00282e+08	2.09669e+08	2.63879e+08	2.27978e+08	2.23686e+08	2.27954e+08	2.8508e+08	1.84737e+08	1.85146e+08	2.44329e+08	2.60708e+08	1.7568e+08	2.80341e+08	3.1605e+08	3.30073e+08	4.28912e+08	3.15647e+08	3.11146e+08	3.11087e+08	2.10155e+08	2.15256e+08	1.69319e+08	2.32113e+08	2.47032e+08	2.42316e+08	2.52999e+08	2.98739e+08	2.4631e+08	2.97368e+08	2.96322e+08	2.48639e+08	1.85437e+08	1.87053e+08	1.90548e+08	1.48215e+08	1.5522e+08	1.49818e+08	1.86673e+08	1.79062e+08	8.46804e+07	1.41152e+08	1.40096e+08	1.82109e+08	1.63131e+08	2.05235e+08	1.61916e+08	1.85861e+08	1.60105e+08	1.87528e+08	3.48503e+08	3.0451e+08	2.94862e+08	2.95055e+08	2.97014e+08	2.93844e+08	2.81222e+08	2.5508e+08	2.43122e+08	2.446e+08	2.44904e+08	2.68867e+08	1.59182e+08	1.55271e+08	1.84029e+08	1.81586e+08	2.02847e+08	1.58792e+08	1.47469e+08	1.6337e+08	1.53748e+08	1.36701e+08	1.52479e+08	1.55168e+08	2.17293e+08	1.91139e+08	1.54593e+08	1.92847e+08	1.92471e+08	1.96509e+08
