	ERR608742	ERR608741	ERR608743	ERR608739	ERR608744	ERR608740	ERR621933	ERR621932	ERR621935	ERR621931	ERR621934	ERR621936	ERR613247	ERR613250	ERR613248	ERR613249	ERR613246	ERR613245	ERR617172	ERR617168	ERR617169	ERR617170	ERR617171	ERR617167	ERR637109	ERR637110	ERR637106	ERR637108	ERR637107	ERR637105	ERR630233	ERR630231	ERR630235	ERR630232	ERR630230	ERR630234	ERR617232	ERR617231	ERR617230	ERR617229	ERR617228	ERR617227	ERR607730	ERR607731	ERR607733	ERR607734	ERR607732	ERR607729	ERR605600	ERR605599	ERR605602	ERR605603	ERR605604	ERR605601	ERR618751	ERR618747	ERR618750	ERR618752	ERR618749	ERR618748	ERR617049	ERR617048	ERR617047	ERR617045	ERR617046	ERR617050	ERR635308	ERR635305	ERR635306	ERR635307	ERR635304	ERR635309	ERR613568	ERR613565	ERR613567	ERR613564	ERR613563	ERR613566	ERR618381	ERR618385	ERR618384	ERR618383	ERR618386	ERR618382	ERR629975	ERR629973	ERR629972	ERR629971	ERR629974	ERR629970	ERR630080	ERR630081	ERR630078	ERR630082	ERR630079	ERR630083
ERR608742	0	0.241462	0.240769	0.299236	0.240647	0.243203	0.386506	0.387121	0.390543	0.393953	0.39353	0.392132	0.370963	0.381104	0.383796	0.38103	0.375757	0.391699	0.504117	0.51266	0.515413	0.513616	0.512703	0.505947	0.299818	0.304333	0.295999	0.297414	0.293956	0.281375	0.459655	0.459653	0.46012	0.460712	0.458327	0.458905	0.443965	0.446341	0.452905	0.438178	0.435548	0.431052	0.273964	0.275144	0.274484	0.273947	0.274469	0.275168	0.506809	0.507325	0.507592	0.507621	0.507572	0.506076	0.596818	0.596694	0.596778	0.596653	0.600452	0.597885	0.608839	0.608179	0.608795	0.603296	0.6079	0.606802	0.36028	0.331876	0.335126	0.350785	0.336918	0.359425	0.619533	0.601814	0.619234	0.600446	0.599503	0.617587	0.680162	0.681728	0.696683	0.680894	0.6919	0.682189	0.47908	0.480431	0.492337	0.485468	0.478425	0.494641	0.385686	0.383296	0.391146	0.375383	0.378806	0.376874
ERR608741	0.241462	0	0.242752	0.308451	0.241909	0.245188	0.382588	0.382881	0.38451	0.387965	0.387281	0.385838	0.363841	0.380364	0.384494	0.380313	0.367594	0.382373	0.499387	0.505102	0.507777	0.504692	0.504018	0.499917	0.292533	0.296421	0.288084	0.290072	0.28683	0.275874	0.459337	0.462511	0.461836	0.463829	0.458171	0.458668	0.444033	0.443242	0.450112	0.432113	0.429799	0.427097	0.273303	0.275492	0.2753	0.274778	0.275767	0.277834	0.50336	0.503142	0.504122	0.504143	0.504208	0.5034	0.591871	0.591818	0.591997	0.591412	0.59616	0.593832	0.604796	0.603992	0.602489	0.598007	0.601868	0.602643	0.366785	0.33162	0.333065	0.35618	0.339817	0.365903	0.616379	0.597519	0.615881	0.596064	0.595014	0.61426	0.678671	0.681184	0.696667	0.679599	0.691855	0.680803	0.476018	0.477269	0.486408	0.481494	0.475664	0.488355	0.380785	0.386187	0.385269	0.37493	0.375841	0.375508
ERR608743	0.240769	0.242752	0	0.297603	0.24018	0.243675	0.386411	0.386675	0.390532	0.393581	0.393684	0.392472	0.370017	0.379983	0.38252	0.379752	0.375229	0.391745	0.500839	0.511518	0.513989	0.51253	0.511717	0.504168	0.300178	0.30462	0.296623	0.297885	0.293709	0.281748	0.459119	0.458794	0.459537	0.459765	0.457807	0.458523	0.440433	0.445173	0.451725	0.437272	0.434674	0.429088	0.274834	0.27502	0.274098	0.273715	0.274225	0.275449	0.504557	0.505276	0.505597	0.505757	0.50573	0.504306	0.594812	0.594298	0.594903	0.59485	0.598494	0.595555	0.605946	0.605312	0.606961	0.601294	0.606328	0.603671	0.356278	0.330127	0.333387	0.346722	0.333611	0.355372	0.61819	0.600214	0.617905	0.598866	0.597845	0.616368	0.679951	0.6814	0.696338	0.680535	0.691479	0.681883	0.477245	0.478651	0.491188	0.483918	0.476859	0.493495	0.383654	0.37985	0.388947	0.372633	0.375906	0.373955
ERR608739	0.299236	0.308451	0.297603	0	0.300255	0.286381	0.444707	0.447039	0.461293	0.46387	0.465658	0.464234	0.441135	0.410189	0.399476	0.408865	0.450994	0.473312	0.537011	0.563138	0.566496	0.572073	0.571519	0.549559	0.380228	0.386534	0.378913	0.377358	0.372257	0.355061	0.489653	0.470708	0.47831	0.468813	0.486487	0.488737	0.454036	0.480876	0.482443	0.491551	0.486866	0.469785	0.327152	0.323057	0.320999	0.322562	0.319427	0.311562	0.545747	0.551048	0.545143	0.546076	0.544642	0.539855	0.630434	0.629894	0.630505	0.632662	0.629952	0.626206	0.638051	0.638331	0.652224	0.641075	0.649461	0.636111	0.343713	0.371316	0.384367	0.346309	0.354114	0.342981	0.639504	0.629606	0.639447	0.628482	0.627502	0.63863	0.700082	0.694399	0.704579	0.698738	0.700684	0.70016	0.519873	0.522379	0.548505	0.530431	0.518284	0.551817	0.44179	0.388862	0.451116	0.409184	0.425055	0.413884
ERR608744	0.240647	0.241909	0.24018	0.300255	0	0.243708	0.386328	0.386522	0.389889	0.393083	0.393017	0.391683	0.369353	0.381023	0.383763	0.380654	0.374161	0.390221	0.50159	0.511658	0.514173	0.512231	0.511516	0.504706	0.298356	0.30262	0.294536	0.295637	0.291781	0.279979	0.458912	0.459228	0.459598	0.460532	0.457635	0.458364	0.442082	0.446047	0.452803	0.437379	0.434944	0.429698	0.273769	0.27406	0.273253	0.272911	0.273552	0.275106	0.504565	0.505122	0.505751	0.505846	0.505752	0.504522	0.595314	0.594866	0.595362	0.595296	0.59913	0.596253	0.606666	0.606032	0.607167	0.601629	0.606512	0.604418	0.358109	0.32993	0.332528	0.348145	0.33423	0.357086	0.618902	0.600686	0.618748	0.599347	0.598325	0.61694	0.680549	0.682276	0.69727	0.681148	0.692477	0.682568	0.477497	0.478927	0.490729	0.483899	0.477161	0.492937	0.382808	0.380785	0.387862	0.372595	0.375526	0.373916
ERR608740	0.243203	0.245188	0.243675	0.286381	0.243708	0	0.393771	0.394788	0.400376	0.403668	0.403895	0.402422	0.378234	0.381391	0.381738	0.381145	0.384475	0.40219	0.507318	0.519536	0.522272	0.521969	0.521252	0.5115	0.309291	0.314281	0.305813	0.306827	0.302506	0.28831	0.460838	0.457421	0.459142	0.457828	0.458981	0.460003	0.442345	0.44947	0.455128	0.444486	0.4413	0.434283	0.276466	0.276271	0.27549	0.275479	0.275191	0.273581	0.509903	0.511069	0.510243	0.510548	0.510272	0.508347	0.600488	0.600199	0.600359	0.60073	0.603403	0.600577	0.611803	0.611401	0.614435	0.607936	0.613319	0.6097	0.351849	0.3318	0.337335	0.343787	0.333101	0.351302	0.621435	0.604773	0.621115	0.603385	0.602287	0.619605	0.682309	0.682661	0.696965	0.682532	0.692255	0.683923	0.481705	0.48341	0.498162	0.489006	0.481137	0.500784	0.389857	0.377936	0.396091	0.374868	0.380634	0.376947
ERR621933	0.386506	0.382588	0.386411	0.444707	0.386328	0.393771	0	0.258052	0.263505	0.2632	0.265295	0.265352	0.398686	0.409115	0.418173	0.410063	0.402306	0.409518	0.485988	0.477447	0.47852	0.475786	0.475601	0.478146	0.394393	0.393638	0.390458	0.393935	0.394046	0.396306	0.550852	0.562137	0.562292	0.561011	0.551342	0.550448	0.454692	0.437746	0.444391	0.424712	0.425804	0.430378	0.420803	0.425583	0.424774	0.422886	0.426825	0.431981	0.53072	0.530529	0.529578	0.530692	0.529913	0.532309	0.583038	0.584415	0.583575	0.581614	0.589519	0.588474	0.594273	0.592795	0.584373	0.585318	0.584961	0.593275	0.47623	0.443608	0.439629	0.471903	0.460595	0.475968	0.596424	0.580907	0.596128	0.579746	0.579275	0.594777	0.655894	0.661256	0.677289	0.657355	0.67308	0.65875	0.525561	0.525779	0.524619	0.523119	0.525627	0.525004	0.462523	0.486299	0.463446	0.477107	0.463286	0.477114
ERR621932	0.387121	0.382881	0.386675	0.447039	0.386522	0.394788	0.258052	0	0.262875	0.261286	0.264607	0.264512	0.397899	0.410263	0.420108	0.411276	0.401188	0.408375	0.486471	0.477505	0.478268	0.475341	0.475279	0.478135	0.393676	0.392879	0.389801	0.393452	0.393462	0.396337	0.549932	0.561307	0.56161	0.56042	0.550488	0.549572	0.455609	0.438263	0.445008	0.424202	0.425735	0.430254	0.420711	0.425709	0.425209	0.422961	0.427079	0.432767	0.529001	0.528713	0.528101	0.52903	0.528404	0.530823	0.582154	0.583342	0.582717	0.580998	0.588878	0.587483	0.593252	0.59176	0.582989	0.584053	0.58379	0.59213	0.476116	0.443174	0.438575	0.471589	0.46015	0.475949	0.596402	0.580539	0.596017	0.579235	0.578721	0.594646	0.65557	0.661209	0.677306	0.657045	0.672936	0.658378	0.524447	0.524596	0.523158	0.521868	0.524436	0.523445	0.460131	0.485361	0.460832	0.475798	0.461071	0.475577
ERR621935	0.390543	0.38451	0.390532	0.461293	0.389889	0.400376	0.263505	0.262875	0	0.255251	0.251894	0.252308	0.392735	0.420805	0.432861	0.42175	0.39293	0.395302	0.489173	0.475646	0.476611	0.468112	0.467411	0.479288	0.385024	0.38299	0.381874	0.385072	0.386519	0.392312	0.551341	0.567803	0.565242	0.567714	0.552746	0.551226	0.46722	0.446518	0.454587	0.424786	0.42658	0.435735	0.423691	0.428861	0.429068	0.426728	0.431346	0.438475	0.52951	0.527285	0.529353	0.529946	0.529886	0.533295	0.583204	0.584564	0.583782	0.580904	0.591291	0.590436	0.594586	0.592531	0.579221	0.582264	0.580791	0.592893	0.489672	0.447639	0.440768	0.482984	0.467693	0.489481	0.60371	0.583901	0.603264	0.582663	0.582125	0.601539	0.664308	0.671958	0.689424	0.666421	0.684828	0.667758	0.523888	0.523858	0.517328	0.521175	0.524377	0.51711	0.459587	0.495361	0.458529	0.479426	0.463893	0.47816
ERR621931	0.393953	0.387965	0.393581	0.46387	0.393083	0.403668	0.2632	0.261286	0.255251	0	0.255281	0.255178	0.394498	0.421373	0.433655	0.422234	0.394885	0.397912	0.490195	0.476351	0.476979	0.469417	0.468728	0.479513	0.389546	0.387534	0.385573	0.389448	0.390305	0.396109	0.551885	0.567855	0.565944	0.567429	0.553011	0.551874	0.467244	0.446044	0.453967	0.425296	0.42733	0.435809	0.426258	0.431591	0.431475	0.429127	0.433747	0.440952	0.528812	0.526775	0.528915	0.529465	0.529358	0.532735	0.582573	0.583472	0.583096	0.580463	0.590548	0.58947	0.593856	0.591912	0.578713	0.581653	0.58041	0.592349	0.490081	0.448926	0.442118	0.483665	0.468655	0.489662	0.602122	0.582868	0.60161	0.581617	0.58115	0.599914	0.661797	0.669458	0.686854	0.663695	0.682157	0.665015	0.524503	0.524278	0.517944	0.521217	0.524966	0.517728	0.459535	0.495402	0.458407	0.480116	0.463795	0.478966
ERR621934	0.39353	0.387281	0.393684	0.465658	0.393017	0.403895	0.265295	0.264607	0.251894	0.255281	0	0.252052	0.393236	0.42316	0.435467	0.423976	0.393117	0.394634	0.490266	0.475294	0.476308	0.46701	0.466539	0.479783	0.386402	0.384242	0.383024	0.386565	0.387985	0.394207	0.553313	0.570371	0.56764	0.57041	0.554775	0.553215	0.469609	0.447472	0.455868	0.425008	0.426969	0.436922	0.426281	0.431647	0.432113	0.42965	0.434328	0.441544	0.530892	0.528356	0.530913	0.531324	0.531253	0.534981	0.583925	0.58539	0.584582	0.581491	0.592086	0.591436	0.595131	0.593254	0.579101	0.582476	0.580554	0.593664	0.493506	0.450104	0.443029	0.486357	0.470856	0.492914	0.604599	0.584593	0.604107	0.583434	0.58291	0.60245	0.665108	0.673042	0.690767	0.667292	0.686121	0.668525	0.525324	0.5251	0.517668	0.522231	0.525972	0.517344	0.460841	0.498224	0.459391	0.481695	0.465603	0.480347
ERR621936	0.392132	0.385838	0.392472	0.464234	0.391683	0.402422	0.265352	0.264512	0.252308	0.255178	0.252052	0	0.392363	0.422555	0.434899	0.423411	0.39214	0.393883	0.489808	0.475417	0.476478	0.467231	0.466557	0.479571	0.385052	0.382767	0.381902	0.38513	0.38653	0.392894	0.551856	0.568874	0.56611	0.569126	0.553357	0.551834	0.468587	0.447431	0.455739	0.424805	0.426646	0.43644	0.425051	0.430242	0.430671	0.42829	0.432983	0.440121	0.530076	0.527655	0.5301	0.530494	0.530735	0.534229	0.583479	0.584932	0.584133	0.581258	0.591637	0.591064	0.594808	0.592845	0.579029	0.582129	0.580541	0.593105	0.492237	0.448887	0.441847	0.485049	0.469372	0.491755	0.604621	0.584363	0.604191	0.583179	0.582569	0.602388	0.665315	0.67325	0.69099	0.667605	0.686307	0.668946	0.524143	0.523989	0.516999	0.521344	0.524811	0.516585	0.460124	0.497094	0.458491	0.480412	0.464748	0.479165
ERR613247	0.370963	0.363841	0.370017	0.441135	0.369353	0.378234	0.398686	0.397899	0.392735	0.394498	0.393236	0.392363	0	0.301286	0.318888	0.301057	0.250036	0.25854	0.406272	0.39581	0.397156	0.386691	0.385659	0.39791	0.33684	0.335263	0.334906	0.337646	0.337778	0.343912	0.443645	0.461692	0.458937	0.461922	0.44535	0.443686	0.41951	0.401299	0.411657	0.374625	0.374629	0.384588	0.366895	0.370729	0.37269	0.369989	0.37479	0.382966	0.419335	0.418265	0.419508	0.419293	0.419343	0.422135	0.469096	0.469931	0.469218	0.467184	0.476025	0.475381	0.484453	0.483109	0.474744	0.474218	0.474844	0.482735	0.411956	0.356492	0.347272	0.401389	0.382409	0.41123	0.498532	0.475445	0.497857	0.47457	0.473631	0.495793	0.583057	0.589711	0.608638	0.584521	0.602875	0.586157	0.395963	0.395787	0.395176	0.393897	0.396467	0.396175	0.357855	0.401732	0.356347	0.379069	0.362182	0.377193
ERR613250	0.381104	0.380364	0.379983	0.410189	0.381023	0.381391	0.409115	0.410263	0.420805	0.421373	0.42316	0.422555	0.301286	0	0.265683	0.261284	0.314055	0.335086	0.386474	0.392276	0.394121	0.404145	0.404317	0.384022	0.381717	0.383007	0.379062	0.381476	0.379361	0.377082	0.464416	0.464389	0.471063	0.459781	0.46355	0.463135	0.377894	0.370253	0.374513	0.374257	0.371773	0.366386	0.380968	0.384293	0.383017	0.381462	0.384503	0.387762	0.443387	0.45015	0.439232	0.44119	0.438625	0.436803	0.468248	0.469397	0.468033	0.469111	0.468532	0.467689	0.484257	0.48437	0.493215	0.485665	0.490266	0.485126	0.386145	0.367566	0.369389	0.386167	0.382158	0.385609	0.47326	0.468867	0.472954	0.468245	0.468022	0.472294	0.553289	0.550288	0.562531	0.551641	0.558384	0.553421	0.420441	0.421667	0.438864	0.419671	0.419396	0.441865	0.392297	0.389374	0.398141	0.395762	0.385327	0.397525
ERR613248	0.383796	0.384494	0.38252	0.399476	0.383763	0.381738	0.418173	0.420108	0.432861	0.433655	0.435467	0.434899	0.318888	0.265683	0	0.265102	0.33271	0.355347	0.392978	0.404721	0.407197	0.419343	0.419861	0.394124	0.391972	0.393704	0.389926	0.391533	0.389122	0.384792	0.467286	0.463009	0.470989	0.457932	0.465966	0.46594	0.376963	0.376266	0.378858	0.386188	0.383009	0.373815	0.384373	0.387061	0.385746	0.384277	0.386496	0.388107	0.452988	0.461087	0.448615	0.45068	0.448121	0.445212	0.476447	0.477643	0.476256	0.478363	0.475354	0.474105	0.491541	0.491973	0.50499	0.495643	0.501419	0.492345	0.380067	0.371226	0.37562	0.382276	0.381356	0.379563	0.477162	0.475867	0.477103	0.475168	0.475084	0.476659	0.558321	0.552985	0.563607	0.556251	0.559737	0.557978	0.429409	0.431128	0.4521	0.430242	0.427877	0.455282	0.402771	0.387927	0.409542	0.399754	0.393493	0.402282
ERR613249	0.38103	0.380313	0.379752	0.408865	0.380654	0.381145	0.410063	0.411276	0.42175	0.422234	0.423976	0.423411	0.301057	0.261284	0.265102	0	0.313778	0.335241	0.385319	0.392411	0.394377	0.404236	0.404613	0.383859	0.381213	0.382399	0.378772	0.381107	0.378942	0.376762	0.462745	0.462785	0.469235	0.458382	0.462013	0.461578	0.376833	0.370747	0.3749	0.374619	0.372321	0.366384	0.380768	0.38395	0.383024	0.381351	0.384028	0.387463	0.442503	0.449439	0.438371	0.440348	0.437825	0.436044	0.466851	0.468245	0.466894	0.468299	0.467128	0.466216	0.482656	0.48297	0.492444	0.484624	0.489329	0.483461	0.384984	0.366617	0.368605	0.385021	0.38085	0.384331	0.47263	0.468156	0.472433	0.46755	0.467326	0.471711	0.554544	0.55135	0.563577	0.55291	0.559258	0.554723	0.419185	0.420345	0.438215	0.418644	0.417898	0.441151	0.392283	0.388334	0.397993	0.394654	0.384956	0.396503
ERR613246	0.375757	0.367594	0.375229	0.450994	0.374161	0.384475	0.402306	0.401188	0.39293	0.394885	0.393117	0.39214	0.250036	0.314055	0.33271	0.313778	0	0.250844	0.414288	0.399924	0.401381	0.38692	0.385872	0.404037	0.334957	0.332851	0.333104	0.336012	0.336922	0.34495	0.444787	0.46612	0.461467	0.46701	0.446797	0.444698	0.429969	0.409634	0.420703	0.37958	0.379795	0.391941	0.37054	0.3748	0.377163	0.374198	0.379401	0.388291	0.420612	0.418336	0.421469	0.42106	0.421535	0.424918	0.472225	0.473038	0.472532	0.469849	0.480194	0.47978	0.488173	0.486336	0.474416	0.475294	0.475205	0.48615	0.42224	0.36189	0.351372	0.410486	0.389503	0.421493	0.504768	0.479527	0.504227	0.47842	0.477626	0.501758	0.589187	0.597353	0.616748	0.591109	0.610996	0.59262	0.397438	0.397103	0.392149	0.395067	0.398309	0.39279	0.359011	0.410587	0.356257	0.383637	0.366101	0.380983
ERR613245	0.391699	0.382373	0.391745	0.473312	0.390221	0.40219	0.409518	0.408375	0.395302	0.397912	0.394634	0.393883	0.25854	0.335086	0.355347	0.335241	0.250844	0	0.42404	0.402177	0.403664	0.383556	0.382292	0.410572	0.342787	0.339394	0.340549	0.344196	0.346097	0.356522	0.457265	0.482925	0.476665	0.484498	0.459835	0.457394	0.446688	0.421315	0.433023	0.386148	0.386923	0.4038	0.387249	0.392134	0.39478	0.39161	0.397093	0.407167	0.429261	0.424661	0.430596	0.42983	0.430796	0.435495	0.477118	0.478099	0.477433	0.473537	0.486764	0.486886	0.493833	0.491457	0.473049	0.477247	0.474737	0.491602	0.445967	0.3802	0.36749	0.433525	0.410345	0.44533	0.513191	0.485675	0.512482	0.484434	0.483767	0.510093	0.595958	0.606478	0.626961	0.598578	0.621095	0.600114	0.406649	0.40594	0.393166	0.402451	0.407943	0.392958	0.370264	0.432233	0.365111	0.400921	0.38117	0.397444
ERR617172	0.504117	0.499387	0.500839	0.537011	0.50159	0.507318	0.485988	0.486471	0.489173	0.490195	0.490266	0.489808	0.406272	0.386474	0.392978	0.385319	0.414288	0.42404	0	0.296496	0.297117	0.310786	0.310486	0.284925	0.469288	0.466796	0.473659	0.470767	0.472851	0.48473	0.579841	0.596994	0.594512	0.595311	0.583739	0.580527	0.375096	0.372645	0.376281	0.37137	0.371463	0.367411	0.51231	0.512217	0.515876	0.513052	0.517737	0.52675	0.503806	0.509822	0.500594	0.50184	0.500786	0.500929	0.448041	0.449195	0.44847	0.448935	0.447866	0.447534	0.450744	0.451288	0.464926	0.458536	0.462558	0.451646	0.511041	0.486147	0.478502	0.509312	0.504497	0.511079	0.481956	0.476184	0.482257	0.47665	0.476513	0.481116	0.570779	0.567896	0.57959	0.569235	0.576021	0.570743	0.492556	0.493094	0.501087	0.489876	0.492427	0.501719	0.484518	0.501611	0.484098	0.49791	0.484229	0.497402
ERR617168	0.51266	0.505102	0.511518	0.563138	0.511658	0.519536	0.477447	0.477505	0.475646	0.476351	0.475294	0.475417	0.39581	0.392276	0.404721	0.392411	0.399924	0.402177	0.296496	0	0.271598	0.277364	0.277761	0.276998	0.470399	0.466207	0.470738	0.472041	0.475235	0.488175	0.589109	0.610714	0.608565	0.608063	0.5924	0.589249	0.402088	0.370329	0.375672	0.358998	0.360235	0.370405	0.520699	0.525005	0.527135	0.523854	0.52964	0.539681	0.505494	0.508638	0.501656	0.503071	0.501908	0.504328	0.443811	0.445755	0.443907	0.441795	0.447364	0.449539	0.458032	0.457201	0.451811	0.4534	0.450672	0.460029	0.539406	0.49872	0.48922	0.536817	0.525677	0.539372	0.477735	0.471357	0.47735	0.471587	0.471713	0.476503	0.557397	0.561179	0.575454	0.557297	0.571786	0.558688	0.493604	0.49328	0.488863	0.48506	0.493961	0.488964	0.486594	0.524501	0.484488	0.515017	0.49268	0.513427
ERR617169	0.515413	0.507777	0.513989	0.566496	0.514173	0.522272	0.47852	0.478268	0.476611	0.476979	0.476308	0.476478	0.397156	0.394121	0.407197	0.394377	0.401381	0.403664	0.297117	0.271598	0	0.278296	0.278454	0.276907	0.472958	0.468686	0.472859	0.474609	0.477419	0.490572	0.591029	0.612377	0.610716	0.609847	0.594203	0.591162	0.403175	0.371149	0.376184	0.359132	0.361435	0.371643	0.523185	0.52755	0.52967	0.526358	0.53222	0.542178	0.506468	0.509714	0.502839	0.504092	0.502848	0.505729	0.443085	0.445282	0.443403	0.441267	0.447177	0.449367	0.457532	0.456902	0.451274	0.453382	0.450487	0.459779	0.541488	0.501094	0.491151	0.538957	0.528139	0.541385	0.477276	0.471334	0.476948	0.471604	0.471633	0.476277	0.555899	0.55971	0.573805	0.555828	0.570107	0.557037	0.494896	0.494278	0.489666	0.485619	0.495225	0.489565	0.488322	0.526924	0.486056	0.517523	0.494213	0.51588
ERR617170	0.513616	0.504692	0.51253	0.572073	0.512231	0.521969	0.475786	0.475341	0.468112	0.469417	0.46701	0.467231	0.386691	0.404145	0.419343	0.404236	0.38692	0.383556	0.310786	0.277364	0.278296	0	0.264975	0.290176	0.461465	0.456215	0.462449	0.463661	0.467661	0.483694	0.585103	0.611005	0.606633	0.60924	0.589043	0.585625	0.42	0.385213	0.393019	0.362047	0.364449	0.380517	0.521358	0.525646	0.528548	0.525013	0.531177	0.542049	0.49978	0.500414	0.497393	0.498044	0.497787	0.50161	0.446193	0.448239	0.446561	0.442636	0.45275	0.455208	0.460346	0.458823	0.444528	0.449711	0.445151	0.461176	0.547148	0.499413	0.48742	0.542494	0.52849	0.547056	0.487962	0.474297	0.487431	0.474339	0.474126	0.485996	0.568697	0.576248	0.593256	0.569842	0.5889	0.571158	0.487452	0.486773	0.475989	0.478419	0.488366	0.475285	0.48103	0.530044	0.47659	0.514122	0.490464	0.511581
ERR617171	0.512703	0.504018	0.511717	0.571519	0.511516	0.521252	0.475601	0.475279	0.467411	0.468728	0.466539	0.466557	0.385659	0.404317	0.419861	0.404613	0.385872	0.382292	0.310486	0.277761	0.278454	0.264975	0	0.2904	0.460103	0.454765	0.461334	0.462249	0.466452	0.482644	0.58415	0.610302	0.605733	0.608738	0.588073	0.584669	0.419919	0.385915	0.393809	0.362034	0.364253	0.380315	0.520873	0.524934	0.52783	0.524448	0.530535	0.541687	0.498612	0.49902	0.496397	0.496887	0.496669	0.500605	0.445747	0.447684	0.446245	0.442399	0.452456	0.454835	0.459318	0.457561	0.443579	0.448817	0.444246	0.459985	0.546634	0.498735	0.486649	0.541797	0.527881	0.546523	0.488636	0.47408	0.488078	0.474084	0.473997	0.486757	0.569977	0.577574	0.594707	0.571203	0.590339	0.572489	0.486329	0.485595	0.474838	0.477506	0.487329	0.474048	0.479897	0.529254	0.475152	0.512976	0.489415	0.510194
ERR617167	0.505947	0.499917	0.504168	0.549559	0.504706	0.5115	0.478146	0.478135	0.479288	0.479513	0.479783	0.479571	0.39791	0.384022	0.394124	0.383859	0.404037	0.410572	0.284925	0.276998	0.276907	0.290176	0.2904	0	0.468631	0.465236	0.469915	0.470138	0.472528	0.484468	0.582587	0.601541	0.599962	0.598728	0.585746	0.582864	0.386988	0.364535	0.368596	0.359844	0.360522	0.363444	0.513572	0.516431	0.518784	0.515789	0.52106	0.530763	0.501754	0.506523	0.49826	0.499807	0.498309	0.499609	0.441136	0.442593	0.441428	0.440745	0.442877	0.443966	0.452232	0.452115	0.454607	0.452112	0.452884	0.454276	0.524284	0.490064	0.481826	0.522275	0.513333	0.524349	0.473629	0.469138	0.473796	0.469519	0.469678	0.472788	0.55644	0.557163	0.570003	0.555465	0.566472	0.55687	0.490564	0.490461	0.491885	0.484177	0.490651	0.492368	0.482532	0.511598	0.481415	0.505447	0.485816	0.504359
ERR637109	0.299818	0.292533	0.300178	0.380228	0.298356	0.309291	0.394393	0.393676	0.385024	0.389546	0.386402	0.385052	0.33684	0.381717	0.391972	0.381213	0.334957	0.342787	0.469288	0.470399	0.472958	0.461465	0.460103	0.468631	0	0.238285	0.240422	0.237757	0.239499	0.243912	0.448085	0.467982	0.458375	0.471717	0.450513	0.448692	0.446355	0.441005	0.450917	0.416441	0.414965	0.419041	0.285088	0.285872	0.2917	0.289591	0.29346	0.302893	0.479468	0.47659	0.482098	0.480964	0.482196	0.483571	0.557947	0.558238	0.558546	0.556451	0.564691	0.562856	0.570284	0.568908	0.562245	0.559646	0.562587	0.567273	0.397114	0.341929	0.333501	0.382822	0.359171	0.396756	0.597619	0.57236	0.597305	0.570723	0.56983	0.594908	0.672898	0.67794	0.695348	0.674399	0.690054	0.675811	0.454543	0.455365	0.455851	0.459818	0.454948	0.456433	0.36933	0.403135	0.367633	0.375804	0.372514	0.373333
ERR637110	0.304333	0.296421	0.30462	0.386534	0.30262	0.314281	0.393638	0.392879	0.38299	0.387534	0.384242	0.382767	0.335263	0.383007	0.393704	0.382399	0.332851	0.339394	0.466796	0.466207	0.468686	0.456215	0.454765	0.465236	0.238285	0	0.241038	0.238162	0.240435	0.246633	0.450955	0.472034	0.462269	0.475906	0.453587	0.451658	0.446592	0.439769	0.4498	0.41366	0.412493	0.417663	0.290501	0.29099	0.297345	0.295121	0.298951	0.308887	0.479231	0.475882	0.481843	0.480685	0.482124	0.48376	0.555769	0.556069	0.556443	0.553965	0.562755	0.561029	0.568091	0.566724	0.558913	0.556839	0.559334	0.565021	0.402202	0.345587	0.336406	0.387943	0.363889	0.402044	0.596544	0.570789	0.59612	0.569343	0.568285	0.593831	0.671818	0.677433	0.695041	0.673481	0.689689	0.674996	0.454626	0.455343	0.454324	0.459398	0.455089	0.454981	0.370383	0.407204	0.367976	0.378851	0.374545	0.37634
ERR637106	0.295999	0.288084	0.296623	0.378913	0.294536	0.305813	0.390458	0.389801	0.381874	0.385573	0.383024	0.381902	0.334906	0.379062	0.389926	0.378772	0.333104	0.340549	0.473659	0.470738	0.472859	0.462449	0.461334	0.469915	0.240422	0.241038	0	0.239452	0.238444	0.240288	0.447666	0.466068	0.45852	0.469149	0.44919	0.447889	0.447742	0.438392	0.448037	0.414435	0.413265	0.418489	0.279055	0.281724	0.28619	0.284001	0.287905	0.297153	0.480144	0.477283	0.482439	0.48155	0.482471	0.484086	0.560039	0.56029	0.560565	0.558372	0.566787	0.565236	0.574163	0.572715	0.564428	0.562897	0.564929	0.571668	0.395533	0.339135	0.331385	0.38201	0.358085	0.395299	0.596694	0.572862	0.596412	0.571334	0.570429	0.594372	0.667907	0.673531	0.690901	0.669526	0.685726	0.670926	0.455141	0.455902	0.454499	0.458669	0.455493	0.455349	0.367323	0.403266	0.366055	0.377	0.370849	0.374942
ERR637108	0.297414	0.290072	0.297885	0.377358	0.295637	0.306827	0.393935	0.393452	0.385072	0.389448	0.386565	0.38513	0.337646	0.381476	0.391533	0.381107	0.336012	0.344196	0.470767	0.472041	0.474609	0.463661	0.462249	0.470138	0.237757	0.238162	0.239452	0	0.238676	0.242365	0.447566	0.466847	0.457582	0.470547	0.449822	0.448153	0.44661	0.441551	0.451242	0.41747	0.416085	0.419751	0.28261	0.283074	0.289032	0.286896	0.290467	0.300063	0.480421	0.477628	0.48288	0.481897	0.483206	0.484374	0.559736	0.559846	0.560323	0.558306	0.566305	0.564462	0.572169	0.570777	0.564539	0.561826	0.564865	0.569098	0.394986	0.340224	0.332328	0.380751	0.357345	0.394598	0.59891	0.573848	0.598598	0.572404	0.571486	0.59639	0.673263	0.678238	0.695592	0.674874	0.690352	0.676209	0.455395	0.456217	0.457008	0.460653	0.455827	0.457745	0.369329	0.40218	0.367809	0.375355	0.372127	0.373119
ERR637107	0.293956	0.28683	0.293709	0.372257	0.291781	0.302506	0.394046	0.393462	0.386519	0.390305	0.387985	0.38653	0.337778	0.379361	0.389122	0.378942	0.336922	0.346097	0.472851	0.475235	0.477419	0.467661	0.466452	0.472528	0.239499	0.240435	0.238444	0.238676	0	0.239343	0.444725	0.462423	0.454172	0.466149	0.446547	0.445136	0.445598	0.441457	0.450965	0.418312	0.417145	0.419897	0.27736	0.277756	0.283251	0.281308	0.284829	0.293757	0.479571	0.477176	0.482163	0.481121	0.482266	0.483375	0.561194	0.561372	0.561849	0.559884	0.567548	0.565544	0.57348	0.572334	0.566871	0.563853	0.56715	0.570641	0.38914	0.336157	0.328726	0.375316	0.352339	0.388976	0.598588	0.574247	0.598312	0.572802	0.571805	0.596112	0.671836	0.676425	0.693701	0.673284	0.688427	0.67471	0.454683	0.455485	0.457228	0.459588	0.454896	0.458064	0.366968	0.39793	0.365908	0.372098	0.368882	0.37022
ERR637105	0.281375	0.275874	0.281748	0.355061	0.279979	0.28831	0.396306	0.396337	0.392312	0.396109	0.394207	0.392894	0.343912	0.377082	0.384792	0.376762	0.34495	0.356522	0.48473	0.488175	0.490572	0.483694	0.482644	0.484468	0.243912	0.246633	0.240288	0.242365	0.239343	0	0.440822	0.453957	0.447919	0.457093	0.441562	0.440838	0.448482	0.445606	0.45398	0.427206	0.42525	0.426103	0.261693	0.262782	0.266695	0.265252	0.268098	0.274962	0.484832	0.483269	0.486871	0.486182	0.486855	0.487473	0.571832	0.572091	0.572375	0.570973	0.577446	0.575326	0.585341	0.58427	0.580561	0.57689	0.580336	0.582792	0.376697	0.327533	0.323231	0.363583	0.341582	0.376363	0.604176	0.582099	0.603966	0.580575	0.579615	0.601958	0.674673	0.678426	0.694749	0.675838	0.689644	0.677225	0.458715	0.459717	0.464004	0.464042	0.458745	0.465452	0.367402	0.390088	0.36822	0.36836	0.366996	0.367362
ERR630233	0.459655	0.459337	0.459119	0.489653	0.458912	0.460838	0.550852	0.549932	0.551341	0.551885	0.553313	0.551856	0.443645	0.464416	0.467286	0.462745	0.444787	0.457265	0.579841	0.589109	0.591029	0.585103	0.58415	0.582587	0.448085	0.450955	0.447666	0.447566	0.444725	0.440822	0	0.255145	0.242241	0.264056	0.236124	0.234745	0.549485	0.555472	0.561657	0.545975	0.542852	0.539271	0.43723	0.435853	0.437844	0.437775	0.437676	0.439311	0.415802	0.417975	0.41727	0.417002	0.41729	0.413636	0.492242	0.49007	0.492106	0.494306	0.493472	0.489468	0.511902	0.511893	0.521537	0.50999	0.519076	0.510152	0.424788	0.395533	0.395273	0.415102	0.402105	0.423909	0.514741	0.495174	0.515039	0.493376	0.492023	0.512654	0.607237	0.607873	0.624492	0.606686	0.618257	0.60906	0.350697	0.353356	0.374527	0.361663	0.350247	0.37754	0.418395	0.425166	0.420706	0.410531	0.414972	0.410246
ERR630231	0.459653	0.462511	0.458794	0.470708	0.459228	0.457421	0.562137	0.561307	0.567803	0.567855	0.570371	0.568874	0.461692	0.464389	0.463009	0.462785	0.46612	0.482925	0.596994	0.610714	0.612377	0.611005	0.610302	0.601541	0.467982	0.472034	0.466068	0.466847	0.462423	0.453957	0.255145	0	0.242884	0.240014	0.249216	0.253209	0.553313	0.564937	0.569409	0.562362	0.55865	0.550836	0.43813	0.436479	0.436125	0.436926	0.435426	0.433696	0.439579	0.445041	0.439741	0.440467	0.439368	0.43334	0.523342	0.5209	0.522834	0.526728	0.521658	0.516776	0.541414	0.542212	0.558448	0.544788	0.555436	0.54039	0.40163	0.393407	0.399621	0.396065	0.391241	0.400337	0.5315	0.52054	0.532093	0.518787	0.517598	0.530741	0.612063	0.607528	0.619874	0.610141	0.614372	0.612252	0.377202	0.380173	0.411601	0.388853	0.375737	0.415677	0.430946	0.4131	0.437131	0.41253	0.420976	0.414506
ERR630235	0.46012	0.461836	0.459537	0.47831	0.459598	0.459142	0.562292	0.56161	0.565242	0.565944	0.56764	0.56611	0.458937	0.471063	0.470989	0.469235	0.461467	0.476665	0.594512	0.608565	0.610716	0.606633	0.605733	0.599962	0.458375	0.462269	0.45852	0.457582	0.454172	0.447919	0.242241	0.242884	0	0.251479	0.240661	0.241921	0.556441	0.568338	0.573783	0.562398	0.558544	0.551913	0.43735	0.434728	0.436345	0.436921	0.435749	0.435417	0.433204	0.437052	0.434476	0.434648	0.434408	0.428831	0.516789	0.514389	0.516532	0.519868	0.516187	0.51133	0.53396	0.53448	0.549334	0.535628	0.546344	0.532093	0.412425	0.395676	0.398511	0.40413	0.395469	0.411406	0.533244	0.517098	0.533748	0.515256	0.513857	0.53176	0.621492	0.619067	0.633304	0.620234	0.627379	0.622547	0.369439	0.372516	0.401131	0.383127	0.368374	0.404806	0.427815	0.418824	0.43195	0.410548	0.420376	0.41139
ERR630232	0.460712	0.463829	0.459765	0.468813	0.460532	0.457828	0.561011	0.56042	0.567714	0.567429	0.57041	0.569126	0.461922	0.459781	0.457932	0.458382	0.46701	0.484498	0.595311	0.608063	0.609847	0.60924	0.608738	0.598728	0.471717	0.475906	0.469149	0.470547	0.466149	0.457093	0.264056	0.240014	0.251479	0	0.25626	0.26179	0.550715	0.56068	0.564846	0.560316	0.556421	0.548235	0.439568	0.438714	0.437348	0.438272	0.43669	0.434675	0.441144	0.447343	0.440873	0.442141	0.4404	0.434159	0.522489	0.519652	0.521849	0.525823	0.520363	0.515619	0.542012	0.542987	0.559064	0.545289	0.555712	0.541544	0.399715	0.39432	0.401984	0.395905	0.391755	0.398538	0.526921	0.518609	0.527497	0.516944	0.515699	0.526352	0.604774	0.599543	0.611075	0.602617	0.605691	0.604763	0.379956	0.382543	0.414588	0.390275	0.378162	0.418951	0.432913	0.412261	0.43972	0.41518	0.422619	0.417227
ERR630230	0.458327	0.458171	0.457807	0.486487	0.457635	0.458981	0.551342	0.550488	0.552746	0.553011	0.554775	0.553357	0.44535	0.46355	0.465966	0.462013	0.446797	0.459835	0.583739	0.5924	0.594203	0.589043	0.588073	0.585746	0.450513	0.453587	0.44919	0.449822	0.446547	0.441562	0.236124	0.249216	0.240661	0.25626	0	0.235727	0.550805	0.556229	0.562155	0.547955	0.544726	0.540751	0.435452	0.43459	0.435716	0.435855	0.435541	0.436689	0.418982	0.421658	0.420404	0.420725	0.420377	0.416316	0.49758	0.495289	0.497443	0.499832	0.498447	0.494172	0.517892	0.517953	0.527726	0.516218	0.525202	0.516376	0.420934	0.393444	0.394453	0.411744	0.399143	0.419931	0.516742	0.499232	0.517194	0.497388	0.496019	0.515029	0.606232	0.606559	0.622453	0.605426	0.616327	0.607893	0.35465	0.356949	0.378991	0.364797	0.353859	0.382246	0.41856	0.422998	0.421407	0.410462	0.414509	0.410556
ERR630234	0.458905	0.458668	0.458523	0.488737	0.458364	0.460003	0.550448	0.549572	0.551226	0.551874	0.553215	0.551834	0.443686	0.463135	0.46594	0.461578	0.444698	0.457394	0.580527	0.589249	0.591162	0.585625	0.584669	0.582864	0.448692	0.451658	0.447889	0.448153	0.445136	0.440838	0.234745	0.253209	0.241921	0.26179	0.235727	0	0.54958	0.555036	0.561155	0.545969	0.542785	0.539199	0.436236	0.435168	0.436885	0.436912	0.436711	0.438211	0.416565	0.41885	0.417835	0.417849	0.417863	0.41416	0.493061	0.490908	0.492939	0.495108	0.494291	0.49029	0.513367	0.513406	0.522728	0.511326	0.52025	0.511868	0.423721	0.394732	0.394883	0.414287	0.401231	0.422959	0.51383	0.495209	0.514123	0.493306	0.491919	0.511884	0.605374	0.606058	0.622474	0.604916	0.61636	0.60724	0.35127	0.353929	0.374935	0.361753	0.350816	0.378223	0.418306	0.424596	0.420858	0.410752	0.414751	0.41045
ERR617232	0.443965	0.444033	0.440433	0.454036	0.442082	0.442345	0.454692	0.455609	0.46722	0.467244	0.469609	0.468587	0.41951	0.377894	0.376963	0.376833	0.429969	0.446688	0.375096	0.402088	0.403175	0.42	0.419919	0.386988	0.446355	0.446592	0.447742	0.44661	0.445598	0.448482	0.549485	0.553313	0.556441	0.550715	0.550805	0.54958	0	0.29309	0.293447	0.31338	0.311005	0.290564	0.460414	0.459336	0.460557	0.45925	0.461867	0.466194	0.505512	0.512969	0.502086	0.503894	0.502399	0.499535	0.492586	0.492845	0.493082	0.494581	0.49123	0.489242	0.497124	0.497726	0.51621	0.506675	0.513793	0.497899	0.446317	0.44571	0.445429	0.448942	0.451877	0.446382	0.516368	0.512506	0.516862	0.512518	0.512328	0.515481	0.588827	0.583233	0.593617	0.58631	0.589867	0.588184	0.487925	0.488983	0.507198	0.488684	0.48657	0.508931	0.462577	0.450145	0.467646	0.461062	0.45447	0.462962
ERR617231	0.446341	0.443242	0.445173	0.480876	0.446047	0.44947	0.437746	0.438263	0.446518	0.446044	0.447472	0.447431	0.401299	0.370253	0.376266	0.370747	0.409634	0.421315	0.372645	0.370329	0.371149	0.385213	0.385915	0.364535	0.441005	0.439769	0.438392	0.441551	0.441457	0.445606	0.555472	0.564937	0.568338	0.56068	0.556229	0.555036	0.29309	0	0.269958	0.280308	0.279783	0.274166	0.462144	0.466237	0.465862	0.463656	0.467588	0.474054	0.500229	0.505891	0.495938	0.498142	0.496507	0.495995	0.478089	0.479206	0.478226	0.477861	0.479518	0.479803	0.493528	0.493095	0.496172	0.493075	0.494582	0.495806	0.472663	0.451038	0.44858	0.473935	0.468235	0.472952	0.501674	0.498729	0.501588	0.49865	0.498622	0.500542	0.566075	0.566233	0.578587	0.564864	0.574959	0.566713	0.48285	0.482897	0.490354	0.477534	0.481792	0.491642	0.457605	0.468407	0.461105	0.472214	0.455511	0.47284
ERR617230	0.452905	0.450112	0.451725	0.482443	0.452803	0.455128	0.444391	0.445008	0.454587	0.453967	0.455868	0.455739	0.411657	0.374513	0.378858	0.3749	0.420703	0.433023	0.376281	0.375672	0.376184	0.393019	0.393809	0.368596	0.450917	0.4498	0.448037	0.451242	0.450965	0.45398	0.561657	0.569409	0.573783	0.564846	0.562155	0.561155	0.293447	0.269958	0	0.289124	0.287736	0.280018	0.468847	0.473021	0.472147	0.470257	0.473858	0.479579	0.507838	0.51421	0.503368	0.505674	0.503788	0.502933	0.48184	0.483006	0.481958	0.481839	0.482587	0.482658	0.497589	0.497521	0.50226	0.498588	0.500381	0.500195	0.476393	0.458098	0.456547	0.47875	0.474316	0.476354	0.502486	0.502167	0.502436	0.502061	0.502224	0.501678	0.565326	0.563935	0.575374	0.563626	0.57194	0.565111	0.490652	0.490816	0.499423	0.485429	0.489555	0.500909	0.466678	0.473489	0.470736	0.480119	0.46404	0.480979
ERR617229	0.438178	0.432113	0.437272	0.491551	0.437379	0.444486	0.424712	0.424202	0.424786	0.425296	0.425008	0.424805	0.374625	0.374257	0.386188	0.374619	0.37958	0.386148	0.37137	0.358998	0.359132	0.362047	0.362034	0.359844	0.416441	0.41366	0.414435	0.41747	0.418312	0.427206	0.545975	0.562362	0.562398	0.560316	0.547955	0.545969	0.31338	0.280308	0.289124	0	0.264449	0.273243	0.453776	0.457955	0.459279	0.456436	0.461521	0.469801	0.485751	0.48797	0.483128	0.484179	0.483754	0.485488	0.473662	0.474953	0.474316	0.471688	0.478895	0.479475	0.488488	0.487179	0.48094	0.4819	0.481264	0.489313	0.479664	0.442827	0.435589	0.476488	0.465728	0.479603	0.509143	0.496351	0.508633	0.495996	0.495666	0.506834	0.577017	0.58206	0.598235	0.577465	0.593868	0.579128	0.467781	0.467444	0.466865	0.461301	0.467767	0.467207	0.438359	0.46905	0.438682	0.461238	0.440804	0.460444
ERR617228	0.435548	0.429799	0.434674	0.486866	0.434944	0.4413	0.425804	0.425735	0.42658	0.42733	0.426969	0.426646	0.374629	0.371773	0.383009	0.372321	0.379795	0.386923	0.371463	0.360235	0.361435	0.364449	0.364253	0.360522	0.414965	0.412493	0.413265	0.416085	0.417145	0.42525	0.542852	0.55865	0.558544	0.556421	0.544726	0.542785	0.311005	0.279783	0.287736	0.264449	0	0.272429	0.451062	0.455023	0.456403	0.453819	0.45851	0.466717	0.484361	0.486826	0.481605	0.48287	0.482195	0.483596	0.473058	0.474333	0.473549	0.471358	0.477866	0.478306	0.488069	0.486896	0.481669	0.481862	0.481379	0.488839	0.475834	0.439782	0.433371	0.473006	0.462064	0.475873	0.507877	0.495682	0.507548	0.495212	0.494896	0.505761	0.577195	0.581789	0.59761	0.577434	0.593244	0.579203	0.465867	0.465785	0.466347	0.460268	0.465697	0.466909	0.436437	0.465082	0.437094	0.457803	0.438755	0.457262
ERR617227	0.431052	0.427097	0.429088	0.469785	0.429698	0.434283	0.430378	0.430254	0.435735	0.435809	0.436922	0.43644	0.384588	0.366386	0.373815	0.366384	0.391941	0.4038	0.367411	0.370405	0.371643	0.380517	0.380315	0.363444	0.419041	0.417663	0.418489	0.419751	0.419897	0.426103	0.539271	0.550836	0.551913	0.548235	0.540751	0.539199	0.290564	0.274166	0.280018	0.273243	0.272429	0	0.446476	0.448766	0.449902	0.447659	0.451663	0.458967	0.485353	0.490036	0.482824	0.484186	0.483344	0.482965	0.475529	0.475981	0.475975	0.475299	0.478026	0.477427	0.486939	0.486299	0.489746	0.485659	0.488873	0.48772	0.45914	0.434017	0.429739	0.457725	0.450617	0.459179	0.506956	0.497377	0.506835	0.497245	0.497015	0.505196	0.577973	0.579289	0.5936	0.577408	0.589165	0.579072	0.468056	0.468208	0.476021	0.46501	0.46743	0.477098	0.43809	0.452479	0.44058	0.451552	0.436615	0.45173
ERR607730	0.273964	0.273303	0.274834	0.327152	0.273769	0.276466	0.420803	0.420711	0.423691	0.426258	0.426281	0.425051	0.366895	0.380968	0.384373	0.380768	0.37054	0.387249	0.51231	0.520699	0.523185	0.521358	0.520873	0.513572	0.285088	0.290501	0.279055	0.28261	0.27736	0.261693	0.43723	0.43813	0.43735	0.439568	0.435452	0.436236	0.460414	0.462144	0.468847	0.453776	0.451062	0.446476	0	0.230417	0.231088	0.231026	0.231534	0.232727	0.495382	0.49582	0.496502	0.496532	0.496425	0.494966	0.594599	0.594215	0.594705	0.594715	0.598143	0.595157	0.608147	0.607603	0.608721	0.602686	0.607666	0.606192	0.34904	0.315427	0.317974	0.338519	0.320951	0.348642	0.61472	0.597293	0.614618	0.595547	0.594799	0.613111	0.680607	0.681651	0.695863	0.68106	0.691329	0.682434	0.46929	0.470579	0.482363	0.475979	0.468461	0.484724	0.372878	0.374435	0.377677	0.363145	0.366908	0.363817
ERR607731	0.275144	0.275492	0.27502	0.323057	0.27406	0.276271	0.425583	0.425709	0.428861	0.431591	0.431647	0.430242	0.370729	0.384293	0.387061	0.38395	0.3748	0.392134	0.512217	0.525005	0.52755	0.525646	0.524934	0.516431	0.285872	0.29099	0.281724	0.283074	0.277756	0.262782	0.435853	0.436479	0.434728	0.438714	0.43459	0.435168	0.459336	0.466237	0.473021	0.457955	0.455023	0.448766	0.230417	0	0.230995	0.231318	0.231347	0.232622	0.495597	0.496337	0.49721	0.497048	0.497103	0.495031	0.596118	0.595568	0.596342	0.596593	0.599211	0.595903	0.607842	0.607433	0.610784	0.603676	0.609497	0.605512	0.345264	0.315648	0.31782	0.334313	0.317873	0.344845	0.617702	0.599449	0.617657	0.597715	0.5969	0.615922	0.685725	0.686094	0.70024	0.685884	0.695524	0.687524	0.469699	0.471127	0.485184	0.47779	0.468967	0.487612	0.373871	0.370897	0.378698	0.359795	0.366378	0.360782
ERR607733	0.274484	0.2753	0.274098	0.320999	0.273253	0.27549	0.424774	0.425209	0.429068	0.431475	0.432113	0.430671	0.37269	0.383017	0.385746	0.383024	0.377163	0.39478	0.515876	0.527135	0.52967	0.528548	0.52783	0.518784	0.2917	0.297345	0.28619	0.289032	0.283251	0.266695	0.437844	0.436125	0.436345	0.437348	0.435716	0.436885	0.460557	0.465862	0.472147	0.459279	0.456403	0.449902	0.231088	0.230995	0	0.228882	0.228913	0.231653	0.497718	0.49877	0.499206	0.49933	0.498992	0.497065	0.598927	0.598251	0.599054	0.599342	0.601874	0.598819	0.611591	0.611158	0.614036	0.607262	0.612852	0.609447	0.343442	0.315321	0.318858	0.333432	0.317057	0.342821	0.618243	0.601071	0.618076	0.599534	0.598742	0.616587	0.68282	0.682997	0.696848	0.682969	0.692372	0.684565	0.471776	0.473041	0.48702	0.479193	0.470908	0.48945	0.375774	0.37146	0.381362	0.36248	0.368071	0.363613
