	ERR637092	ERR637091	ERR637089	ERR637088	ERR637090	ERR637087	ERR614481	ERR614478	ERR614477	ERR614479	ERR614480	ERR614482	ERR613232	ERR613231	ERR613229	ERR613228	ERR613230	ERR613227	ERR622030	ERR622028	ERR622027	ERR622032	ERR622029	ERR622031	ERR618242	ERR618239	ERR618241	ERR618237	ERR618238	ERR618240	ERR607690	ERR607692	ERR607691	ERR607689	ERR607687	ERR607688	ERR635348	ERR635350	ERR635349	ERR635351	ERR635346	ERR635347	ERR630239	ERR630238	ERR630236	ERR630237	ERR630241	ERR630240	ERR613155	ERR613160	ERR613157	ERR613158	ERR613159	ERR613156	ERR612681	ERR612686	ERR612685	ERR612683	ERR612684	ERR612682	ERR608496	ERR608497	ERR608498	ERR608499	ERR608495	ERR608500	ERR605741	ERR605739	ERR605742	ERR605738	ERR605737	ERR605740	ERR607875	ERR607880	ERR607876	ERR607877	ERR607879	ERR607878	ERR630070	ERR630068	ERR630069	ERR630067	ERR630071	ERR630066	ERR618702	ERR618699	ERR618701	ERR618703	ERR618700	ERR618704	ERR606039	ERR606037	ERR606036	ERR606038	ERR606040	ERR606041
ERR637092	3.95411e+08	2.73623e+08	2.60408e+08	2.64689e+08	2.73385e+08	2.332e+08	1.95411e+08	2.41229e+08	1.82657e+08	2.61741e+08	1.97024e+08	1.91366e+08	1.87077e+08	1.87606e+08	2.45847e+08	2.62004e+08	1.78348e+08	2.81746e+08	2.91336e+08	2.52345e+08	2.77421e+08	2.92121e+08	2.53362e+08	2.88447e+08	3.01997e+08	3.14891e+08	2.97517e+08	3.05047e+08	2.97169e+08	3.12612e+08	2.22228e+08	2.21196e+08	2.22082e+08	2.11738e+08	1.88655e+08	2.14981e+08	1.58416e+08	1.91298e+08	1.90762e+08	1.92094e+08	1.86716e+08	1.58901e+08	2.11734e+08	1.72392e+08	2.12388e+08	1.83877e+08	1.97474e+08	2.11287e+08	2.30411e+08	1.26569e+08	2.05989e+08	1.22582e+08	1.30496e+08	2.06617e+08	2.01201e+08	1.65098e+08	1.66326e+08	1.83943e+08	1.66333e+08	1.46112e+08	1.97632e+08	2.15239e+08	2.32344e+08	2.21089e+08	1.45587e+08	2.19991e+08	1.3961e+08	1.37296e+08	1.37051e+08	1.4266e+08	1.55806e+08	1.33617e+08	1.38013e+08	1.62064e+08	1.42129e+08	1.38311e+08	1.5963e+08	1.60208e+08	2.30736e+08	2.67548e+08	1.86998e+08	2.46239e+08	2.34275e+08	2.8271e+08	1.51046e+08	1.71749e+08	1.64181e+08	1.52078e+08	1.63097e+08	1.49322e+08	1.59127e+08	2.10473e+08	1.44887e+08	2.14498e+08	1.54837e+08	1.53005e+08
ERR637091	2.73623e+08	4.00037e+08	2.62124e+08	2.66622e+08	2.75411e+08	2.34763e+08	1.96523e+08	2.42662e+08	1.83664e+08	2.6322e+08	1.98104e+08	1.9256e+08	1.88449e+08	1.88871e+08	2.4758e+08	2.63897e+08	1.79426e+08	2.83833e+08	2.93286e+08	2.54068e+08	2.79274e+08	2.94172e+08	2.55056e+08	2.90426e+08	3.04135e+08	3.17118e+08	2.9969e+08	3.06931e+08	2.99226e+08	3.14615e+08	2.23548e+08	2.22433e+08	2.23384e+08	2.12969e+08	1.89756e+08	2.16372e+08	1.59597e+08	1.92637e+08	1.92184e+08	1.93419e+08	1.87838e+08	1.59975e+08	2.1295e+08	1.73285e+08	2.13577e+08	1.84827e+08	1.98506e+08	2.1247e+08	2.31816e+08	1.27278e+08	2.07356e+08	1.23333e+08	1.31195e+08	2.07933e+08	2.02448e+08	1.66266e+08	1.67345e+08	1.85054e+08	1.67522e+08	1.46966e+08	1.99071e+08	2.16658e+08	2.34014e+08	2.22509e+08	1.46416e+08	2.21482e+08	1.40637e+08	1.38084e+08	1.37858e+08	1.43565e+08	1.56807e+08	1.34466e+08	1.39074e+08	1.634e+08	1.43122e+08	1.39359e+08	1.60813e+08	1.61394e+08	2.32128e+08	2.69301e+08	1.88278e+08	2.47857e+08	2.35764e+08	2.84684e+08	1.51986e+08	1.72807e+08	1.6525e+08	1.52865e+08	1.64094e+08	1.50356e+08	1.60313e+08	2.11964e+08	1.45866e+08	2.16007e+08	1.56073e+08	1.54092e+08
ERR637089	2.60408e+08	2.62124e+08	3.70349e+08	2.55258e+08	2.61875e+08	2.24961e+08	1.87869e+08	2.31852e+08	1.75545e+08	2.51437e+08	1.89435e+08	1.84073e+08	1.8018e+08	1.80604e+08	2.36594e+08	2.52245e+08	1.7173e+08	2.71003e+08	2.8003e+08	2.42803e+08	2.66873e+08	2.80921e+08	2.43693e+08	2.77372e+08	2.89858e+08	3.02577e+08	2.85851e+08	2.92913e+08	2.85444e+08	2.99885e+08	2.13639e+08	2.12408e+08	2.13466e+08	2.03612e+08	1.81511e+08	2.06746e+08	1.52635e+08	1.84234e+08	1.8379e+08	1.85222e+08	1.79817e+08	1.52976e+08	2.03385e+08	1.65701e+08	2.04101e+08	1.76638e+08	1.89791e+08	2.03074e+08	2.21753e+08	1.21943e+08	1.98265e+08	1.18168e+08	1.25745e+08	1.98916e+08	1.93578e+08	1.58853e+08	1.60086e+08	1.77037e+08	1.60372e+08	1.40619e+08	1.90488e+08	2.07233e+08	2.23923e+08	2.12867e+08	1.40236e+08	2.1183e+08	1.34569e+08	1.32306e+08	1.31988e+08	1.37468e+08	1.50111e+08	1.28734e+08	1.32989e+08	1.56139e+08	1.36976e+08	1.33262e+08	1.53792e+08	1.54423e+08	2.21468e+08	2.56827e+08	1.79814e+08	2.36469e+08	2.24859e+08	2.71432e+08	1.45551e+08	1.6538e+08	1.58139e+08	1.46387e+08	1.57042e+08	1.43884e+08	1.53389e+08	2.02887e+08	1.39619e+08	2.06693e+08	1.49487e+08	1.47616e+08
ERR637088	2.64689e+08	2.66622e+08	2.55258e+08	3.81562e+08	2.66403e+08	2.28863e+08	1.90409e+08	2.34776e+08	1.76947e+08	2.54845e+08	1.91836e+08	1.86462e+08	1.82958e+08	1.83426e+08	2.40476e+08	2.5634e+08	1.74131e+08	2.7615e+08	2.85001e+08	2.46893e+08	2.71513e+08	2.85848e+08	2.47735e+08	2.82042e+08	2.93927e+08	3.07335e+08	2.89945e+08	2.96879e+08	2.89695e+08	3.04578e+08	2.16751e+08	2.15725e+08	2.16543e+08	2.06576e+08	1.84218e+08	2.10095e+08	1.55198e+08	1.87428e+08	1.87012e+08	1.88289e+08	1.82811e+08	1.55461e+08	2.05599e+08	1.67479e+08	2.06404e+08	1.7843e+08	1.91438e+08	2.05392e+08	2.247e+08	1.23143e+08	2.00707e+08	1.19432e+08	1.26993e+08	2.01368e+08	1.97176e+08	1.61671e+08	1.62846e+08	1.79801e+08	1.63121e+08	1.42979e+08	1.94017e+08	2.1138e+08	2.28198e+08	2.16932e+08	1.42209e+08	2.15717e+08	1.36237e+08	1.34315e+08	1.33608e+08	1.39506e+08	1.52446e+08	1.30817e+08	1.35435e+08	1.59297e+08	1.39499e+08	1.35864e+08	1.56903e+08	1.57423e+08	2.23768e+08	2.60484e+08	1.81552e+08	2.39551e+08	2.27434e+08	2.75573e+08	1.47691e+08	1.67832e+08	1.60467e+08	1.4864e+08	1.59094e+08	1.46105e+08	1.56658e+08	2.07244e+08	1.41951e+08	2.11247e+08	1.52455e+08	1.50594e+08
ERR637090	2.73385e+08	2.75411e+08	2.61875e+08	2.66403e+08	3.99377e+08	2.3457e+08	1.96581e+08	2.42599e+08	1.83639e+08	2.63171e+08	1.98103e+08	1.92486e+08	1.88149e+08	1.88684e+08	2.47235e+08	2.6363e+08	1.79204e+08	2.83438e+08	2.93256e+08	2.54014e+08	2.79283e+08	2.94069e+08	2.54926e+08	2.90382e+08	3.03696e+08	3.16813e+08	2.99345e+08	3.06455e+08	2.99048e+08	3.14224e+08	2.23683e+08	2.22553e+08	2.23409e+08	2.13099e+08	1.89902e+08	2.16347e+08	1.59343e+08	1.92311e+08	1.91995e+08	1.93247e+08	1.87761e+08	1.59812e+08	2.13e+08	1.73481e+08	2.13628e+08	1.84955e+08	1.98587e+08	2.12529e+08	2.31896e+08	1.27309e+08	2.07302e+08	1.23374e+08	1.31298e+08	2.07914e+08	2.02275e+08	1.65984e+08	1.67126e+08	1.84756e+08	1.67355e+08	1.46702e+08	1.98804e+08	2.16452e+08	2.33876e+08	2.2231e+08	1.46239e+08	2.21182e+08	1.4039e+08	1.38018e+08	1.37702e+08	1.43481e+08	1.56581e+08	1.34349e+08	1.38987e+08	1.63157e+08	1.42995e+08	1.39171e+08	1.60639e+08	1.61252e+08	2.31895e+08	2.69173e+08	1.88092e+08	2.47666e+08	2.35556e+08	2.84532e+08	1.51849e+08	1.72629e+08	1.64927e+08	1.5274e+08	1.63833e+08	1.50127e+08	1.60095e+08	2.11693e+08	1.45693e+08	2.15732e+08	1.55875e+08	1.53833e+08
ERR637087	2.332e+08	2.34763e+08	2.24961e+08	2.28863e+08	2.3457e+08	3.06967e+08	1.68381e+08	2.07099e+08	1.57202e+08	2.24638e+08	1.6968e+08	1.64929e+08	1.61608e+08	1.62099e+08	2.12002e+08	2.257e+08	1.54116e+08	2.42675e+08	2.50077e+08	2.16814e+08	2.38217e+08	2.50699e+08	2.17643e+08	2.47519e+08	2.58772e+08	2.70105e+08	2.55415e+08	2.61263e+08	2.5501e+08	2.67856e+08	1.91505e+08	1.90495e+08	1.91359e+08	1.82604e+08	1.63041e+08	1.85511e+08	1.35214e+08	1.63099e+08	1.62767e+08	1.63726e+08	1.59093e+08	1.35499e+08	1.80993e+08	1.47624e+08	1.81689e+08	1.57292e+08	1.68807e+08	1.80759e+08	1.96603e+08	1.08233e+08	1.75703e+08	1.04861e+08	1.11594e+08	1.7617e+08	1.71497e+08	1.40714e+08	1.4171e+08	1.56532e+08	1.41988e+08	1.2458e+08	1.68786e+08	1.83662e+08	1.98413e+08	1.88518e+08	1.24167e+08	1.8769e+08	1.18655e+08	1.16866e+08	1.1642e+08	1.21469e+08	1.32539e+08	1.13758e+08	1.18058e+08	1.38541e+08	1.21366e+08	1.18251e+08	1.36433e+08	1.36921e+08	1.97154e+08	2.28954e+08	1.60217e+08	2.108e+08	2.00334e+08	2.41895e+08	1.2896e+08	1.46341e+08	1.39883e+08	1.2961e+08	1.38846e+08	1.27374e+08	1.36005e+08	1.7964e+08	1.23495e+08	1.83092e+08	1.32332e+08	1.30778e+08
ERR614481	1.95411e+08	1.96523e+08	1.87869e+08	1.90409e+08	1.96581e+08	1.68381e+08	3.09142e+08	2.45952e+08	1.88552e+08	2.6568e+08	2.03121e+08	1.97222e+08	1.52998e+08	1.53329e+08	2.00764e+08	2.13895e+08	1.45734e+08	2.29833e+08	2.34567e+08	2.03904e+08	2.23817e+08	2.35442e+08	2.04193e+08	2.32411e+08	2.56953e+08	2.67601e+08	2.53239e+08	2.598e+08	2.529e+08	2.65678e+08	1.98625e+08	1.9771e+08	1.98321e+08	1.89238e+08	1.6895e+08	1.91626e+08	1.27592e+08	1.53862e+08	1.53332e+08	1.54266e+08	1.50032e+08	1.28123e+08	2.02634e+08	1.65713e+08	2.02859e+08	1.76542e+08	1.8946e+08	2.02392e+08	1.76621e+08	9.72638e+07	1.58282e+08	9.41445e+07	1.00279e+08	1.58613e+08	1.58896e+08	1.30427e+08	1.31384e+08	1.45664e+08	1.31463e+08	1.1549e+08	1.53937e+08	1.67221e+08	1.81139e+08	1.72119e+08	1.14166e+08	1.71557e+08	1.11758e+08	1.09419e+08	1.09452e+08	1.13739e+08	1.24004e+08	1.06259e+08	1.08084e+08	1.26568e+08	1.11151e+08	1.08248e+08	1.24894e+08	1.25194e+08	1.89363e+08	2.19563e+08	1.53336e+08	2.02022e+08	1.92154e+08	2.32143e+08	1.19869e+08	1.36345e+08	1.30236e+08	1.20575e+08	1.29548e+08	1.18544e+08	1.24319e+08	1.64336e+08	1.1378e+08	1.67454e+08	1.21085e+08	1.19413e+08
ERR614478	2.41229e+08	2.42662e+08	2.31852e+08	2.34776e+08	2.42599e+08	2.07099e+08	2.45952e+08	4.43349e+08	2.32538e+08	3.29356e+08	2.48061e+08	2.40631e+08	1.88142e+08	1.88557e+08	2.47854e+08	2.64316e+08	1.79201e+08	2.84001e+08	2.91e+08	2.52582e+08	2.77456e+08	2.92149e+08	2.52899e+08	2.88163e+08	3.18629e+08	3.3184e+08	3.13922e+08	3.22356e+08	3.13176e+08	3.29232e+08	2.44335e+08	2.43082e+08	2.44065e+08	2.32652e+08	2.07313e+08	2.35405e+08	1.59971e+08	1.92867e+08	1.9226e+08	1.93526e+08	1.88405e+08	1.60548e+08	2.51667e+08	2.05238e+08	2.52092e+08	2.1888e+08	2.35296e+08	2.51268e+08	2.22387e+08	1.22085e+08	1.99302e+08	1.18047e+08	1.25902e+08	1.9963e+08	1.99294e+08	1.63252e+08	1.6467e+08	1.82813e+08	1.64768e+08	1.44721e+08	1.92804e+08	2.09391e+08	2.26966e+08	2.15778e+08	1.42943e+08	2.14949e+08	1.40807e+08	1.37594e+08	1.37828e+08	1.43001e+08	1.55802e+08	1.33551e+08	1.35156e+08	1.58492e+08	1.39032e+08	1.35382e+08	1.56152e+08	1.56527e+08	2.35996e+08	2.7345e+08	1.90782e+08	2.51586e+08	2.39471e+08	2.8929e+08	1.50276e+08	1.71341e+08	1.63592e+08	1.51108e+08	1.6278e+08	1.4853e+08	1.55382e+08	2.05671e+08	1.42606e+08	2.09653e+08	1.51384e+08	1.49291e+08
ERR614477	1.82657e+08	1.83664e+08	1.75545e+08	1.76947e+08	1.83639e+08	1.57202e+08	1.88552e+08	2.32538e+08	2.80914e+08	2.50166e+08	1.90218e+08	1.84588e+08	1.42952e+08	1.43414e+08	1.87006e+08	1.98933e+08	1.3666e+08	2.12876e+08	2.18196e+08	1.89984e+08	2.08117e+08	2.19173e+08	1.90359e+08	2.16353e+08	2.41662e+08	2.50891e+08	2.37981e+08	2.44619e+08	2.37318e+08	2.49102e+08	1.86757e+08	1.85885e+08	1.8646e+08	1.77883e+08	1.58699e+08	1.79423e+08	1.18252e+08	1.42436e+08	1.41825e+08	1.42675e+08	1.39095e+08	1.1911e+08	1.91521e+08	1.56686e+08	1.91543e+08	1.67046e+08	1.79823e+08	1.91019e+08	1.65124e+08	9.16162e+07	1.48412e+08	8.84396e+07	9.41911e+07	1.48713e+08	1.46902e+08	1.2052e+08	1.21658e+08	1.35424e+08	1.21758e+08	1.07127e+08	1.41944e+08	1.53529e+08	1.66607e+08	1.58557e+08	1.06588e+08	1.58144e+08	1.04448e+08	1.01633e+08	1.02211e+08	1.0559e+08	1.14904e+08	9.84018e+07	9.98717e+07	1.16455e+08	1.02657e+08	9.98285e+07	1.1475e+08	1.15171e+08	1.79794e+08	2.06349e+08	1.45878e+08	1.90366e+08	1.82336e+08	2.18043e+08	1.11489e+08	1.27229e+08	1.21678e+08	1.12264e+08	1.21089e+08	1.10227e+08	1.13562e+08	1.49992e+08	1.052e+08	1.52641e+08	1.10813e+08	1.09167e+08
ERR614479	2.61741e+08	2.6322e+08	2.51437e+08	2.54845e+08	2.63171e+08	2.24638e+08	2.6568e+08	3.29356e+08	2.50166e+08	5.08647e+08	2.67775e+08	2.59825e+08	2.03704e+08	2.04171e+08	2.68944e+08	2.87006e+08	1.93968e+08	3.0888e+08	3.162e+08	2.74165e+08	3.01578e+08	3.17336e+08	2.74704e+08	3.13207e+08	3.45144e+08	3.60001e+08	3.39979e+08	3.48871e+08	3.39351e+08	3.56992e+08	2.64453e+08	2.62947e+08	2.64089e+08	2.51715e+08	2.2405e+08	2.54923e+08	1.7407e+08	2.10312e+08	2.09416e+08	2.10825e+08	2.05046e+08	1.74667e+08	2.7251e+08	2.22022e+08	2.72867e+08	2.36567e+08	2.544e+08	2.71966e+08	2.41788e+08	1.32371e+08	2.16421e+08	1.2802e+08	1.36474e+08	2.1687e+08	2.1729e+08	1.77819e+08	1.79307e+08	1.98954e+08	1.79404e+08	1.5746e+08	2.10186e+08	2.28474e+08	2.47486e+08	2.35079e+08	1.55174e+08	2.34412e+08	1.52993e+08	1.49775e+08	1.49872e+08	1.55607e+08	1.69785e+08	1.45366e+08	1.4728e+08	1.72744e+08	1.51405e+08	1.47471e+08	1.70299e+08	1.70689e+08	2.5534e+08	2.96742e+08	2.06143e+08	2.72572e+08	2.59176e+08	3.14078e+08	1.63304e+08	1.86205e+08	1.77762e+08	1.64338e+08	1.76934e+08	1.61516e+08	1.69777e+08	2.24856e+08	1.55273e+08	2.2928e+08	1.65341e+08	1.6293e+08
ERR614480	1.97024e+08	1.98104e+08	1.89435e+08	1.91836e+08	1.98103e+08	1.6968e+08	2.03121e+08	2.48061e+08	1.90218e+08	2.67775e+08	3.13213e+08	1.98837e+08	1.54174e+08	1.54489e+08	2.02366e+08	2.15621e+08	1.46985e+08	2.31646e+08	2.36386e+08	2.05279e+08	2.25474e+08	2.37309e+08	2.05631e+08	2.34062e+08	2.58965e+08	2.69749e+08	2.55361e+08	2.61869e+08	2.54801e+08	2.67727e+08	2.00465e+08	1.99369e+08	2.0013e+08	1.90954e+08	1.70518e+08	1.93333e+08	1.28623e+08	1.54998e+08	1.54494e+08	1.55492e+08	1.51193e+08	1.29052e+08	2.0459e+08	1.67317e+08	2.04671e+08	1.78177e+08	1.91355e+08	2.04263e+08	1.78117e+08	9.79722e+07	1.59476e+08	9.48263e+07	1.01048e+08	1.59877e+08	1.6001e+08	1.31346e+08	1.32335e+08	1.46748e+08	1.32457e+08	1.16376e+08	1.55161e+08	1.68377e+08	1.82445e+08	1.73438e+08	1.15042e+08	1.72754e+08	1.12638e+08	1.10364e+08	1.10334e+08	1.14639e+08	1.24889e+08	1.0711e+08	1.08872e+08	1.27535e+08	1.12031e+08	1.09058e+08	1.2571e+08	1.26074e+08	1.91012e+08	2.21361e+08	1.54687e+08	2.03644e+08	1.93766e+08	2.33992e+08	1.20684e+08	1.37403e+08	1.3121e+08	1.21471e+08	1.30583e+08	1.1939e+08	1.25291e+08	1.65624e+08	1.14612e+08	1.688e+08	1.22008e+08	1.20236e+08
ERR614482	1.91366e+08	1.9256e+08	1.84073e+08	1.86462e+08	1.92486e+08	1.64929e+08	1.97222e+08	2.40631e+08	1.84588e+08	2.59825e+08	1.98837e+08	2.98248e+08	1.49909e+08	1.50117e+08	1.9656e+08	2.09464e+08	1.42909e+08	2.25053e+08	2.29659e+08	1.99556e+08	2.18963e+08	2.30415e+08	1.99882e+08	2.27392e+08	2.51557e+08	2.61976e+08	2.48014e+08	2.54202e+08	2.47412e+08	2.59851e+08	1.9445e+08	1.93613e+08	1.94264e+08	1.8533e+08	1.65669e+08	1.8773e+08	1.24819e+08	1.50491e+08	1.4993e+08	1.50857e+08	1.468e+08	1.253e+08	1.98221e+08	1.62034e+08	1.98367e+08	1.72623e+08	1.85246e+08	1.97889e+08	1.72875e+08	9.52919e+07	1.54893e+08	9.21674e+07	9.82211e+07	1.55212e+08	1.55384e+08	1.27438e+08	1.2848e+08	1.42477e+08	1.28636e+08	1.12953e+08	1.50477e+08	1.6333e+08	1.76906e+08	1.6819e+08	1.11563e+08	1.6761e+08	1.09295e+08	1.07068e+08	1.07058e+08	1.11229e+08	1.21248e+08	1.03951e+08	1.05689e+08	1.23772e+08	1.08779e+08	1.05907e+08	1.22038e+08	1.22357e+08	1.85353e+08	2.14978e+08	1.50161e+08	1.97651e+08	1.88162e+08	2.27229e+08	1.1729e+08	1.33376e+08	1.27391e+08	1.17908e+08	1.26732e+08	1.15918e+08	1.21514e+08	1.60716e+08	1.11272e+08	1.63675e+08	1.18461e+08	1.16626e+08
ERR613232	1.87077e+08	1.88449e+08	1.8018e+08	1.82958e+08	1.88149e+08	1.61608e+08	1.52998e+08	1.88142e+08	1.42952e+08	2.03704e+08	1.54174e+08	1.49909e+08	2.77268e+08	1.79031e+08	2.33111e+08	2.48222e+08	1.70253e+08	2.65854e+08	2.47295e+08	2.16569e+08	2.36171e+08	2.48177e+08	2.17209e+08	2.45028e+08	2.35056e+08	2.44962e+08	2.31562e+08	2.3706e+08	2.31461e+08	2.4305e+08	1.69578e+08	1.68641e+08	1.69415e+08	1.61628e+08	1.44186e+08	1.64167e+08	1.26548e+08	1.52326e+08	1.51924e+08	1.5291e+08	1.48783e+08	1.26925e+08	1.65817e+08	1.35235e+08	1.66366e+08	1.44101e+08	1.54698e+08	1.65612e+08	1.96678e+08	1.1564e+08	1.77742e+08	1.12505e+08	1.18786e+08	1.78056e+08	1.75581e+08	1.46833e+08	1.47901e+08	1.61888e+08	1.48067e+08	1.31709e+08	1.56166e+08	1.69574e+08	1.83214e+08	1.74407e+08	1.15698e+08	1.73499e+08	1.27861e+08	1.25066e+08	1.25479e+08	1.30142e+08	1.40715e+08	1.22039e+08	1.1001e+08	1.28611e+08	1.13088e+08	1.10226e+08	1.267e+08	1.27254e+08	1.80129e+08	2.09373e+08	1.46092e+08	1.92547e+08	1.8294e+08	2.21452e+08	1.20142e+08	1.36346e+08	1.30354e+08	1.20942e+08	1.29479e+08	1.18926e+08	1.30363e+08	1.7173e+08	1.18914e+08	1.7491e+08	1.27088e+08	1.25394e+08
ERR613231	1.87606e+08	1.88871e+08	1.80604e+08	1.83426e+08	1.88684e+08	1.62099e+08	1.53329e+08	1.88557e+08	1.43414e+08	2.04171e+08	1.54489e+08	1.50117e+08	1.79031e+08	2.7791e+08	2.33345e+08	2.48498e+08	1.70543e+08	2.66166e+08	2.47471e+08	2.16808e+08	2.36271e+08	2.48346e+08	2.17388e+08	2.45236e+08	2.35747e+08	2.45808e+08	2.32212e+08	2.37762e+08	2.32116e+08	2.43703e+08	1.70024e+08	1.69017e+08	1.69695e+08	1.61991e+08	1.44574e+08	1.64431e+08	1.27083e+08	1.52947e+08	1.52495e+08	1.53571e+08	1.49439e+08	1.27503e+08	1.66335e+08	1.35518e+08	1.6678e+08	1.44504e+08	1.5506e+08	1.66025e+08	1.97041e+08	1.15753e+08	1.77966e+08	1.12495e+08	1.18842e+08	1.78425e+08	1.75794e+08	1.47037e+08	1.47939e+08	1.6211e+08	1.48098e+08	1.31796e+08	1.56749e+08	1.703e+08	1.83889e+08	1.75016e+08	1.16264e+08	1.74168e+08	1.27832e+08	1.2521e+08	1.25628e+08	1.30289e+08	1.40817e+08	1.22057e+08	1.10475e+08	1.29128e+08	1.1359e+08	1.10754e+08	1.27213e+08	1.27798e+08	1.80854e+08	2.09934e+08	1.46541e+08	1.93259e+08	1.83542e+08	2.22253e+08	1.20601e+08	1.3682e+08	1.30843e+08	1.21353e+08	1.30092e+08	1.19381e+08	1.30796e+08	1.72255e+08	1.19342e+08	1.75491e+08	1.27554e+08	1.2589e+08
ERR613229	2.45847e+08	2.4758e+08	2.36594e+08	2.40476e+08	2.47235e+08	2.12002e+08	2.00764e+08	2.47854e+08	1.87006e+08	2.68944e+08	2.02366e+08	1.9656e+08	2.33111e+08	2.33345e+08	4.39823e+08	3.2781e+08	2.21647e+08	3.51781e+08	3.26304e+08	2.85115e+08	3.11374e+08	3.27172e+08	2.8602e+08	3.23159e+08	3.09738e+08	3.23573e+08	3.05267e+08	3.12494e+08	3.0525e+08	3.20762e+08	2.22634e+08	2.21444e+08	2.22227e+08	2.12083e+08	1.88963e+08	2.15509e+08	1.68351e+08	2.03014e+08	2.0258e+08	2.03834e+08	1.98248e+08	1.68743e+08	2.20549e+08	1.79437e+08	2.21361e+08	1.91258e+08	2.05257e+08	2.20218e+08	2.61796e+08	1.52599e+08	2.36317e+08	1.48368e+08	1.56891e+08	2.36705e+08	2.33492e+08	1.94755e+08	1.96164e+08	2.1497e+08	1.96348e+08	1.74563e+08	2.08237e+08	2.26422e+08	2.44702e+08	2.32659e+08	1.53584e+08	2.31675e+08	1.69739e+08	1.66105e+08	1.6673e+08	1.73e+08	1.87232e+08	1.62143e+08	1.46302e+08	1.71339e+08	1.50492e+08	1.4663e+08	1.6893e+08	1.69565e+08	2.37917e+08	2.77445e+08	1.92375e+08	2.548e+08	2.41585e+08	2.93877e+08	1.59651e+08	1.81423e+08	1.733e+08	1.60711e+08	1.72243e+08	1.58e+08	1.74018e+08	2.29656e+08	1.58283e+08	2.33892e+08	1.69597e+08	1.67392e+08
ERR613228	2.62004e+08	2.63897e+08	2.52245e+08	2.5634e+08	2.6363e+08	2.257e+08	2.13895e+08	2.64316e+08	1.98933e+08	2.87006e+08	2.15621e+08	2.09464e+08	2.48222e+08	2.48498e+08	3.2781e+08	4.91595e+08	2.35841e+08	3.75445e+08	3.48413e+08	3.0456e+08	3.32775e+08	3.49615e+08	3.05374e+08	3.45301e+08	3.30021e+08	3.44679e+08	3.25295e+08	3.32857e+08	3.25061e+08	3.41788e+08	2.37372e+08	2.35996e+08	2.37014e+08	2.26115e+08	2.01312e+08	2.29707e+08	1.80321e+08	2.17492e+08	2.16963e+08	2.1835e+08	2.12428e+08	1.80639e+08	2.35397e+08	1.91419e+08	2.36165e+08	2.04214e+08	2.1917e+08	2.35132e+08	2.80216e+08	1.63274e+08	2.52706e+08	1.58685e+08	1.67704e+08	2.53261e+08	2.50282e+08	2.08891e+08	2.10181e+08	2.30325e+08	2.10306e+08	1.8706e+08	2.22906e+08	2.42706e+08	2.62079e+08	2.49192e+08	1.64205e+08	2.48033e+08	1.82097e+08	1.78121e+08	1.78718e+08	1.85518e+08	2.00733e+08	1.73889e+08	1.56533e+08	1.83519e+08	1.6095e+08	1.56977e+08	1.80739e+08	1.8149e+08	2.53432e+08	2.95914e+08	2.04734e+08	2.71644e+08	2.57395e+08	3.13323e+08	1.70805e+08	1.94082e+08	1.85411e+08	1.71856e+08	1.8418e+08	1.6904e+08	1.8623e+08	2.45967e+08	1.69275e+08	2.50525e+08	1.81449e+08	1.79144e+08
ERR613230	1.78348e+08	1.79426e+08	1.7173e+08	1.74131e+08	1.79204e+08	1.54116e+08	1.45734e+08	1.79201e+08	1.3666e+08	1.93968e+08	1.46985e+08	1.42909e+08	1.70253e+08	1.70543e+08	2.21647e+08	2.35841e+08	2.55429e+08	2.52408e+08	2.35256e+08	2.06361e+08	2.24647e+08	2.36012e+08	2.06906e+08	2.33208e+08	2.2377e+08	2.33142e+08	2.20571e+08	2.25775e+08	2.20305e+08	2.31423e+08	1.61624e+08	1.60693e+08	1.6133e+08	1.53954e+08	1.37507e+08	1.5632e+08	1.20013e+08	1.44315e+08	1.43994e+08	1.4483e+08	1.41036e+08	1.20382e+08	1.57874e+08	1.28748e+08	1.58296e+08	1.37224e+08	1.47256e+08	1.57587e+08	1.87047e+08	1.10235e+08	1.69103e+08	1.07233e+08	1.13175e+08	1.6947e+08	1.66583e+08	1.39402e+08	1.40304e+08	1.5368e+08	1.40432e+08	1.25141e+08	1.4797e+08	1.60545e+08	1.73435e+08	1.65055e+08	1.10029e+08	1.64334e+08	1.21366e+08	1.18765e+08	1.19173e+08	1.23557e+08	1.33424e+08	1.1579e+08	1.04305e+08	1.2188e+08	1.07314e+08	1.04492e+08	1.20087e+08	1.2057e+08	1.71861e+08	1.99248e+08	1.39509e+08	1.83371e+08	1.74414e+08	2.10704e+08	1.14057e+08	1.29401e+08	1.23792e+08	1.14788e+08	1.23012e+08	1.12845e+08	1.23244e+08	1.6232e+08	1.12721e+08	1.65246e+08	1.20205e+08	1.18631e+08
ERR613227	2.81746e+08	2.83833e+08	2.71003e+08	2.7615e+08	2.83438e+08	2.42675e+08	2.29833e+08	2.84001e+08	2.12876e+08	3.0888e+08	2.31646e+08	2.25053e+08	2.65854e+08	2.66166e+08	3.51781e+08	3.75445e+08	2.52408e+08	5.57656e+08	3.74196e+08	3.26073e+08	3.56831e+08	3.74972e+08	3.27045e+08	3.70329e+08	3.54719e+08	3.7093e+08	3.49678e+08	3.57545e+08	3.49374e+08	3.67824e+08	2.54779e+08	2.53412e+08	2.54552e+08	2.42748e+08	2.16146e+08	2.47112e+08	1.94741e+08	2.35143e+08	2.34453e+08	2.3605e+08	2.29443e+08	1.94928e+08	2.53193e+08	2.05726e+08	2.54153e+08	2.19324e+08	2.35326e+08	2.52842e+08	3.00249e+08	1.73738e+08	2.7018e+08	1.68918e+08	1.78584e+08	2.70719e+08	2.69027e+08	2.2397e+08	2.25255e+08	2.46658e+08	2.25677e+08	2.0018e+08	2.41378e+08	2.63017e+08	2.83849e+08	2.69785e+08	1.76828e+08	2.68571e+08	1.94457e+08	1.90628e+08	1.90983e+08	1.98581e+08	2.15041e+08	1.86322e+08	1.69074e+08	1.98681e+08	1.73967e+08	1.69649e+08	1.95729e+08	1.96527e+08	2.71553e+08	3.18194e+08	2.19267e+08	2.91698e+08	2.75852e+08	3.3721e+08	1.84049e+08	2.09099e+08	1.99618e+08	1.85231e+08	1.98305e+08	1.82206e+08	2.01693e+08	2.66696e+08	1.82765e+08	2.71849e+08	1.96466e+08	1.93915e+08
ERR622030	2.91336e+08	2.93286e+08	2.8003e+08	2.85001e+08	2.93256e+08	2.50077e+08	2.34567e+08	2.91e+08	2.18196e+08	3.162e+08	2.36386e+08	2.29659e+08	2.47295e+08	2.47471e+08	3.26304e+08	3.48413e+08	2.35256e+08	3.74196e+08	6.12592e+08	3.94516e+08	4.30955e+08	4.54458e+08	3.95278e+08	4.48673e+08	3.66405e+08	3.83023e+08	3.61071e+08	3.69682e+08	3.60949e+08	3.79478e+08	2.63225e+08	2.61877e+08	2.62936e+08	2.50599e+08	2.22626e+08	2.54611e+08	1.94744e+08	2.35413e+08	2.34577e+08	2.36153e+08	2.29325e+08	1.95047e+08	2.57695e+08	2.08953e+08	2.58504e+08	2.22917e+08	2.39553e+08	2.57222e+08	3.18811e+08	1.86123e+08	2.87588e+08	1.80683e+08	1.91159e+08	2.88228e+08	2.80925e+08	2.34183e+08	2.35834e+08	2.58613e+08	2.35992e+08	2.09673e+08	2.3988e+08	2.612e+08	2.82438e+08	2.68343e+08	1.75855e+08	2.67174e+08	2.01353e+08	1.96886e+08	1.97687e+08	2.05038e+08	2.21878e+08	1.92048e+08	1.68914e+08	1.98803e+08	1.7391e+08	1.69581e+08	1.95867e+08	1.96198e+08	2.80853e+08	3.27748e+08	2.26795e+08	3.00823e+08	2.85278e+08	3.47251e+08	1.83429e+08	2.08591e+08	1.99319e+08	1.8457e+08	1.97899e+08	1.81663e+08	2.01314e+08	2.66506e+08	1.82996e+08	2.7157e+08	1.96179e+08	1.93411e+08
ERR622028	2.52345e+08	2.54068e+08	2.42803e+08	2.46893e+08	2.54014e+08	2.16814e+08	2.03904e+08	2.52582e+08	1.89984e+08	2.74165e+08	2.05279e+08	1.99556e+08	2.16569e+08	2.16808e+08	2.85115e+08	3.0456e+08	2.06361e+08	3.26073e+08	3.94516e+08	4.84498e+08	3.77403e+08	3.95583e+08	3.46677e+08	3.90664e+08	3.17363e+08	3.31385e+08	3.12531e+08	3.20398e+08	3.12463e+08	3.28351e+08	2.28619e+08	2.27506e+08	2.28303e+08	2.17644e+08	1.93477e+08	2.21024e+08	1.68109e+08	2.03038e+08	2.02448e+08	2.03815e+08	1.97872e+08	1.68657e+08	2.23465e+08	1.81495e+08	2.24251e+08	1.93526e+08	2.08092e+08	2.23128e+08	2.79473e+08	1.64945e+08	2.52918e+08	1.6009e+08	1.69215e+08	2.53342e+08	2.45476e+08	2.05419e+08	2.06816e+08	2.26758e+08	2.06953e+08	1.84415e+08	2.06675e+08	2.24872e+08	2.43195e+08	2.31046e+08	1.52138e+08	2.30225e+08	1.77241e+08	1.72995e+08	1.74018e+08	1.80145e+08	1.94529e+08	1.68667e+08	1.45788e+08	1.71251e+08	1.50109e+08	1.46284e+08	1.68766e+08	1.69005e+08	2.44042e+08	2.84223e+08	1.97396e+08	2.61141e+08	2.47965e+08	3.01076e+08	1.58751e+08	1.8048e+08	1.72445e+08	1.59728e+08	1.71507e+08	1.57033e+08	1.73474e+08	2.29513e+08	1.58118e+08	2.33749e+08	1.69009e+08	1.6669e+08
ERR622027	2.77421e+08	2.79274e+08	2.66873e+08	2.71513e+08	2.79283e+08	2.38217e+08	2.23817e+08	2.77456e+08	2.08117e+08	3.01578e+08	2.25474e+08	2.18963e+08	2.36171e+08	2.36271e+08	3.11374e+08	3.32775e+08	2.24647e+08	3.56831e+08	4.30955e+08	3.77403e+08	5.66142e+08	4.32141e+08	3.78082e+08	4.26667e+08	3.48449e+08	3.64605e+08	3.43471e+08	3.51869e+08	3.43377e+08	3.60846e+08	2.50854e+08	2.4957e+08	2.50437e+08	2.3897e+08	2.12331e+08	2.4268e+08	1.85917e+08	2.24775e+08	2.24077e+08	2.25551e+08	2.19057e+08	1.863e+08	2.45583e+08	1.99407e+08	2.46559e+08	2.12573e+08	2.2842e+08	2.45192e+08	3.05232e+08	1.78729e+08	2.75692e+08	1.73445e+08	1.83398e+08	2.76223e+08	2.68902e+08	2.24446e+08	2.25972e+08	2.47774e+08	2.262e+08	2.01104e+08	2.28923e+08	2.49109e+08	2.69436e+08	2.56006e+08	1.67945e+08	2.55079e+08	1.93442e+08	1.89036e+08	1.89865e+08	1.96771e+08	2.12978e+08	1.8428e+08	1.61164e+08	1.89542e+08	1.66023e+08	1.61815e+08	1.86747e+08	1.87074e+08	2.67644e+08	3.12238e+08	2.1611e+08	2.86753e+08	2.71838e+08	3.30796e+08	1.75281e+08	1.99397e+08	1.90482e+08	1.76541e+08	1.8929e+08	1.73548e+08	1.92197e+08	2.54239e+08	1.74857e+08	2.59085e+08	1.87335e+08	1.84631e+08
ERR622032	2.92121e+08	2.94172e+08	2.80921e+08	2.85848e+08	2.94069e+08	2.50699e+08	2.35442e+08	2.92149e+08	2.19173e+08	3.17336e+08	2.37309e+08	2.30415e+08	2.48177e+08	2.48346e+08	3.27172e+08	3.49615e+08	2.36012e+08	3.74972e+08	4.54458e+08	3.95583e+08	4.32141e+08	6.15843e+08	3.96213e+08	4.49975e+08	3.68156e+08	3.84615e+08	3.62636e+08	3.71351e+08	3.62357e+08	3.81114e+08	2.63952e+08	2.62644e+08	2.63538e+08	2.51313e+08	2.23269e+08	2.55149e+08	1.95883e+08	2.3671e+08	2.35882e+08	2.37442e+08	2.30698e+08	1.96214e+08	2.58469e+08	2.09745e+08	2.59487e+08	2.23731e+08	2.40591e+08	2.58103e+08	3.19766e+08	1.86861e+08	2.88737e+08	1.81274e+08	1.91701e+08	2.89188e+08	2.82124e+08	2.35124e+08	2.36608e+08	2.59709e+08	2.37017e+08	2.10504e+08	2.40833e+08	2.62295e+08	2.83638e+08	2.69321e+08	1.76752e+08	2.68344e+08	2.02427e+08	1.97828e+08	1.98839e+08	2.05958e+08	2.22859e+08	1.92973e+08	1.69689e+08	1.99616e+08	1.74714e+08	1.70295e+08	1.9676e+08	1.97093e+08	2.81923e+08	3.28886e+08	2.278e+08	3.01926e+08	2.86466e+08	3.48564e+08	1.84473e+08	2.09739e+08	2.00264e+08	1.85704e+08	1.99061e+08	1.82606e+08	2.02098e+08	2.67631e+08	1.83913e+08	2.7278e+08	1.96788e+08	1.94207e+08
ERR622029	2.53362e+08	2.55056e+08	2.43693e+08	2.47735e+08	2.54926e+08	2.17643e+08	2.04193e+08	2.52899e+08	1.90359e+08	2.74704e+08	2.05631e+08	1.99882e+08	2.17209e+08	2.17388e+08	2.8602e+08	3.05374e+08	2.06906e+08	3.27045e+08	3.95278e+08	3.46677e+08	3.78082e+08	3.96213e+08	4.84683e+08	3.91237e+08	3.18337e+08	3.32588e+08	3.13697e+08	3.21371e+08	3.13645e+08	3.29487e+08	2.29078e+08	2.27931e+08	2.28824e+08	2.18228e+08	1.94018e+08	2.21737e+08	1.68176e+08	2.03097e+08	2.02502e+08	2.03716e+08	1.97924e+08	1.68601e+08	2.23656e+08	1.81614e+08	2.24331e+08	1.93628e+08	2.082e+08	2.23197e+08	2.79629e+08	1.65032e+08	2.52893e+08	1.60169e+08	1.69341e+08	2.53268e+08	2.45625e+08	2.05357e+08	2.06843e+08	2.26679e+08	2.06954e+08	1.84336e+08	2.06823e+08	2.25019e+08	2.43422e+08	2.31258e+08	1.52127e+08	2.30389e+08	1.76939e+08	1.72887e+08	1.73781e+08	1.79944e+08	1.94421e+08	1.68553e+08	1.45836e+08	1.7138e+08	1.50095e+08	1.46333e+08	1.68869e+08	1.6913e+08	2.44394e+08	2.84553e+08	1.9768e+08	2.61418e+08	2.48176e+08	3.01413e+08	1.58601e+08	1.80291e+08	1.72335e+08	1.59725e+08	1.7128e+08	1.56965e+08	1.73617e+08	2.29534e+08	1.58193e+08	2.3383e+08	1.69113e+08	1.66818e+08
ERR622031	2.88447e+08	2.90426e+08	2.77372e+08	2.82042e+08	2.90382e+08	2.47519e+08	2.32411e+08	2.88163e+08	2.16353e+08	3.13207e+08	2.34062e+08	2.27392e+08	2.45028e+08	2.45236e+08	3.23159e+08	3.45301e+08	2.33208e+08	3.70329e+08	4.48673e+08	3.90664e+08	4.26667e+08	4.49975e+08	3.91237e+08	6.0164e+08	3.63013e+08	3.79198e+08	3.57638e+08	3.66349e+08	3.57525e+08	3.75927e+08	2.60717e+08	2.59353e+08	2.60283e+08	2.48215e+08	2.20523e+08	2.51949e+08	1.92698e+08	2.32786e+08	2.31963e+08	2.33606e+08	2.26765e+08	1.93e+08	2.55396e+08	2.07254e+08	2.56243e+08	2.21141e+08	2.37537e+08	2.54944e+08	3.15727e+08	1.84608e+08	2.85041e+08	1.79161e+08	1.89429e+08	2.85593e+08	2.77906e+08	2.31749e+08	2.33257e+08	2.55974e+08	2.33524e+08	2.07535e+08	2.37028e+08	2.58015e+08	2.79005e+08	2.65048e+08	1.73843e+08	2.63912e+08	1.99543e+08	1.95003e+08	1.95892e+08	2.03081e+08	2.19548e+08	1.90168e+08	1.67008e+08	1.96475e+08	1.7188e+08	1.67595e+08	1.93543e+08	1.93933e+08	2.78365e+08	3.24587e+08	2.24858e+08	2.98024e+08	2.82642e+08	3.43905e+08	1.81448e+08	2.06423e+08	1.97145e+08	1.82799e+08	1.95982e+08	1.79671e+08	1.98993e+08	2.6323e+08	1.80824e+08	2.68213e+08	1.9379e+08	1.91084e+08
ERR618242	3.01997e+08	3.04135e+08	2.89858e+08	2.93927e+08	3.03696e+08	2.58772e+08	2.56953e+08	3.18629e+08	2.41662e+08	3.45144e+08	2.58965e+08	2.51557e+08	2.35056e+08	2.35747e+08	3.09738e+08	3.30021e+08	2.2377e+08	3.54719e+08	3.66405e+08	3.17363e+08	3.48449e+08	3.68156e+08	3.18337e+08	3.63013e+08	6.02762e+08	4.55407e+08	4.3163e+08	4.41846e+08	4.29723e+08	4.53152e+08	2.79654e+08	2.78202e+08	2.79163e+08	2.66101e+08	2.36183e+08	2.69384e+08	2.02164e+08	2.43818e+08	2.43029e+08	2.44663e+08	2.37928e+08	2.02858e+08	2.77294e+08	2.25009e+08	2.77751e+08	2.40413e+08	2.58913e+08	2.76686e+08	2.849e+08	1.56649e+08	2.5515e+08	1.51469e+08	1.61503e+08	2.55722e+08	2.53292e+08	2.07648e+08	2.09198e+08	2.32266e+08	2.0954e+08	1.83878e+08	2.49792e+08	2.71368e+08	2.93951e+08	2.79356e+08	1.85066e+08	2.78159e+08	1.78764e+08	1.746e+08	1.74975e+08	1.81564e+08	1.98055e+08	1.69544e+08	1.73607e+08	2.03464e+08	1.78517e+08	1.73702e+08	2.00326e+08	2.009e+08	2.98018e+08	3.44812e+08	2.40665e+08	3.17274e+08	3.02451e+08	3.6503e+08	1.90422e+08	2.16774e+08	2.07109e+08	1.91733e+08	2.06194e+08	1.8835e+08	1.9826e+08	2.61944e+08	1.81438e+08	2.66723e+08	1.93089e+08	1.90475e+08
ERR618239	3.14891e+08	3.17118e+08	3.02577e+08	3.07335e+08	3.16813e+08	2.70105e+08	2.67601e+08	3.3184e+08	2.50891e+08	3.60001e+08	2.69749e+08	2.61976e+08	2.44962e+08	2.45808e+08	3.23573e+08	3.44679e+08	2.33142e+08	3.7093e+08	3.83023e+08	3.31385e+08	3.64605e+08	3.84615e+08	3.32588e+08	3.79198e+08	4.55407e+08	6.4855e+08	4.48338e+08	4.61104e+08	4.48732e+08	4.709e+08	2.91611e+08	2.90192e+08	2.91231e+08	2.77683e+08	2.4633e+08	2.81237e+08	2.12033e+08	2.55884e+08	2.54983e+08	2.56817e+08	2.49682e+08	2.12683e+08	2.89375e+08	2.34723e+08	2.89987e+08	2.5071e+08	2.69895e+08	2.88642e+08	2.98497e+08	1.63801e+08	2.67182e+08	1.58478e+08	1.68858e+08	2.67745e+08	2.66033e+08	2.1816e+08	2.19795e+08	2.43592e+08	2.20126e+08	1.92953e+08	2.62677e+08	2.85689e+08	3.09217e+08	2.93912e+08	1.93927e+08	2.92588e+08	1.8723e+08	1.83467e+08	1.83494e+08	1.90709e+08	2.08174e+08	1.78217e+08	1.82345e+08	2.14031e+08	1.87594e+08	1.82747e+08	2.10804e+08	2.11333e+08	3.09835e+08	3.59522e+08	2.50047e+08	3.30546e+08	3.14539e+08	3.80806e+08	1.99684e+08	2.27336e+08	2.17142e+08	2.00945e+08	2.16025e+08	1.97582e+08	2.09148e+08	2.76538e+08	1.90839e+08	2.81689e+08	2.0385e+08	2.01008e+08
ERR618241	2.97517e+08	2.9969e+08	2.85851e+08	2.89945e+08	2.99345e+08	2.55415e+08	2.53239e+08	3.13922e+08	2.37981e+08	3.39979e+08	2.55361e+08	2.48014e+08	2.31562e+08	2.32212e+08	3.05267e+08	3.25295e+08	2.20571e+08	3.49678e+08	3.61071e+08	3.12531e+08	3.43471e+08	3.62636e+08	3.13697e+08	3.57638e+08	4.3163e+08	4.48338e+08	5.8648e+08	4.34738e+08	4.22938e+08	4.45995e+08	2.75807e+08	2.74387e+08	2.75196e+08	2.62412e+08	2.33041e+08	2.65623e+08	1.98807e+08	2.39939e+08	2.39072e+08	2.40677e+08	2.34189e+08	1.99554e+08	2.73259e+08	2.21786e+08	2.7375e+08	2.36739e+08	2.54986e+08	2.72517e+08	2.80407e+08	1.54264e+08	2.51226e+08	1.49084e+08	1.58997e+08	2.51672e+08	2.49262e+08	2.04323e+08	2.06039e+08	2.28532e+08	2.06225e+08	1.80989e+08	2.4621e+08	2.6768e+08	2.89587e+08	2.7532e+08	1.82278e+08	2.74267e+08	1.75623e+08	1.71786e+08	1.72062e+08	1.78575e+08	1.94852e+08	1.6683e+08	1.71001e+08	2.00478e+08	1.75887e+08	1.71238e+08	1.97303e+08	1.97944e+08	2.93151e+08	3.39209e+08	2.36756e+08	3.12159e+08	2.97542e+08	3.59191e+08	1.87414e+08	2.13328e+08	2.03823e+08	1.88575e+08	2.02777e+08	1.85399e+08	1.95545e+08	2.58223e+08	1.78731e+08	2.63012e+08	1.90517e+08	1.87761e+08
ERR618237	3.05047e+08	3.06931e+08	2.92913e+08	2.96879e+08	3.06455e+08	2.61263e+08	2.598e+08	3.22356e+08	2.44619e+08	3.48871e+08	2.61869e+08	2.54202e+08	2.3706e+08	2.37762e+08	3.12494e+08	3.32857e+08	2.25775e+08	3.57545e+08	3.69682e+08	3.20398e+08	3.51869e+08	3.71351e+08	3.21371e+08	3.66349e+08	4.41846e+08	4.61104e+08	4.34738e+08	6.1421e+08	4.35344e+08	4.56284e+08	2.82452e+08	2.8099e+08	2.81906e+08	2.68762e+08	2.38461e+08	2.71889e+08	2.042e+08	2.46252e+08	2.45452e+08	2.47105e+08	2.40365e+08	2.04965e+08	2.81006e+08	2.28055e+08	2.8153e+08	2.43664e+08	2.6248e+08	2.80179e+08	2.88366e+08	1.58669e+08	2.58593e+08	1.53307e+08	1.63456e+08	2.58975e+08	2.55623e+08	2.09657e+08	2.11371e+08	2.34649e+08	2.11537e+08	1.85721e+08	2.5206e+08	2.73672e+08	2.96587e+08	2.81866e+08	1.87118e+08	2.80808e+08	1.81092e+08	1.76696e+08	1.77289e+08	1.83623e+08	2.0041e+08	1.71362e+08	1.75035e+08	2.04961e+08	1.80049e+08	1.75166e+08	2.01778e+08	2.02351e+08	3.01957e+08	3.49001e+08	2.43954e+08	3.21215e+08	3.06613e+08	3.69615e+08	1.92601e+08	2.19534e+08	2.09756e+08	1.93899e+08	2.08762e+08	1.904e+08	2.00101e+08	2.6422e+08	1.83466e+08	2.69177e+08	1.95099e+08	1.92371e+08
ERR618238	2.97169e+08	2.99226e+08	2.85444e+08	2.89695e+08	2.99048e+08	2.5501e+08	2.529e+08	3.13176e+08	2.37318e+08	3.39351e+08	2.54801e+08	2.47412e+08	2.31461e+08	2.32116e+08	3.0525e+08	3.25061e+08	2.20305e+08	3.49374e+08	3.60949e+08	3.12463e+08	3.43377e+08	3.62357e+08	3.13645e+08	3.57525e+08	4.29723e+08	4.48732e+08	4.22938e+08	4.35344e+08	5.85489e+08	4.44276e+08	2.75345e+08	2.73893e+08	2.74708e+08	2.62016e+08	2.3262e+08	2.65312e+08	1.98759e+08	2.39697e+08	2.39119e+08	2.40562e+08	2.34145e+08	1.99386e+08	2.72682e+08	2.21457e+08	2.73389e+08	2.36326e+08	2.54571e+08	2.7216e+08	2.80567e+08	1.54327e+08	2.51226e+08	1.49249e+08	1.5894e+08	2.51823e+08	2.49224e+08	2.04491e+08	2.05886e+08	2.28444e+08	2.0617e+08	1.80902e+08	2.46077e+08	2.67525e+08	2.89625e+08	2.75142e+08	1.82138e+08	2.74103e+08	1.75609e+08	1.7185e+08	1.71974e+08	1.78626e+08	1.94834e+08	1.66949e+08	1.70981e+08	2.00425e+08	1.75907e+08	1.7118e+08	1.97347e+08	1.97809e+08	2.9255e+08	3.38928e+08	2.36304e+08	3.11707e+08	2.97037e+08	3.58897e+08	1.87346e+08	2.13197e+08	2.03831e+08	1.88496e+08	2.02727e+08	1.85265e+08	1.9577e+08	2.58421e+08	1.78754e+08	2.63243e+08	1.90711e+08	1.87952e+08
ERR618240	3.12612e+08	3.14615e+08	2.99885e+08	3.04578e+08	3.14224e+08	2.67856e+08	2.65678e+08	3.29232e+08	2.49102e+08	3.56992e+08	2.67727e+08	2.59851e+08	2.4305e+08	2.43703e+08	3.20762e+08	3.41788e+08	2.31423e+08	3.67824e+08	3.79478e+08	3.28351e+08	3.60846e+08	3.81114e+08	3.29487e+08	3.75927e+08	4.53152e+08	4.709e+08	4.45995e+08	4.56284e+08	4.44276e+08	6.39178e+08	2.89263e+08	2.87662e+08	2.88893e+08	2.7522e+08	2.44321e+08	2.78795e+08	2.0971e+08	2.5297e+08	2.52287e+08	2.54084e+08	2.46924e+08	2.10226e+08	2.86759e+08	2.32769e+08	2.87389e+08	2.48383e+08	2.67473e+08	2.86027e+08	2.94954e+08	1.61948e+08	2.63878e+08	1.56615e+08	1.6698e+08	2.64508e+08	2.62974e+08	2.15633e+08	2.17097e+08	2.40684e+08	2.17394e+08	1.90672e+08	2.59713e+08	2.82552e+08	3.05612e+08	2.90575e+08	1.91814e+08	2.89328e+08	1.84859e+08	1.81038e+08	1.8094e+08	1.88182e+08	2.05414e+08	1.75992e+08	1.80385e+08	2.11546e+08	1.85641e+08	1.80599e+08	2.08535e+08	2.08835e+08	3.07165e+08	3.5617e+08	2.47901e+08	3.27345e+08	3.11969e+08	3.77354e+08	1.97443e+08	2.24696e+08	2.1475e+08	1.9851e+08	2.13385e+08	1.95199e+08	2.06577e+08	2.72984e+08	1.8841e+08	2.78025e+08	2.01105e+08	1.98324e+08
ERR607690	2.22228e+08	2.23548e+08	2.13639e+08	2.16751e+08	2.23683e+08	1.91505e+08	1.98625e+08	2.44335e+08	1.86757e+08	2.64453e+08	2.00465e+08	1.9445e+08	1.69578e+08	1.70024e+08	2.22634e+08	2.37372e+08	1.61624e+08	2.54779e+08	2.63225e+08	2.28619e+08	2.50854e+08	2.63952e+08	2.29078e+08	2.60717e+08	2.79654e+08	2.91611e+08	2.75807e+08	2.82452e+08	2.75345e+08	2.89263e+08	3.60828e+08	2.46223e+08	2.47257e+08	2.35261e+08	2.11111e+08	2.39007e+08	1.38227e+08	1.66499e+08	1.66018e+08	1.67075e+08	1.62423e+08	1.38453e+08	2.36408e+08	1.9623e+08	2.36661e+08	2.07798e+08	2.22059e+08	2.36163e+08	2.00936e+08	1.11042e+08	1.79879e+08	1.07323e+08	1.14268e+08	1.80714e+08	1.72227e+08	1.41341e+08	1.42466e+08	1.57445e+08	1.42574e+08	1.25144e+08	1.6896e+08	1.83673e+08	1.98518e+08	1.88807e+08	1.24717e+08	1.88112e+08	1.2022e+08	1.18241e+08	1.17891e+08	1.22788e+08	1.34034e+08	1.15008e+08	1.18339e+08	1.38884e+08	1.21826e+08	1.18666e+08	1.36835e+08	1.37195e+08	2.1229e+08	2.458e+08	1.72284e+08	2.26325e+08	2.15645e+08	2.59775e+08	1.29482e+08	1.47102e+08	1.40438e+08	1.30138e+08	1.39636e+08	1.28035e+08	1.36279e+08	1.79891e+08	1.24168e+08	1.83326e+08	1.32674e+08	1.3081e+08
ERR607692	2.21196e+08	2.22433e+08	2.12408e+08	2.15725e+08	2.22553e+08	1.90495e+08	1.9771e+08	2.43082e+08	1.85885e+08	2.62947e+08	1.99369e+08	1.93613e+08	1.68641e+08	1.69017e+08	2.21444e+08	2.35996e+08	1.60693e+08	2.53412e+08	2.61877e+08	2.27506e+08	2.4957e+08	2.62644e+08	2.27931e+08	2.59353e+08	2.78202e+08	2.90192e+08	2.74387e+08	2.8099e+08	2.73893e+08	2.87662e+08	2.46223e+08	3.57277e+08	2.45798e+08	2.33899e+08	2.09852e+08	2.37459e+08	1.37536e+08	1.65681e+08	1.65056e+08	1.66156e+08	1.61535e+08	1.37771e+08	2.3471e+08	1.94846e+08	2.35008e+08	2.06593e+08	2.20442e+08	2.34457e+08	1.99664e+08	1.10406e+08	1.7887e+08	1.06829e+08	1.13703e+08	1.79612e+08	1.71089e+08	1.40601e+08	1.4166e+08	1.56502e+08	1.41755e+08	1.24499e+08	1.67927e+08	1.82567e+08	1.9738e+08	1.87579e+08	1.24072e+08	1.86868e+08	1.19596e+08	1.17624e+08	1.17167e+08	1.22156e+08	1.33197e+08	1.14335e+08	1.17673e+08	1.38079e+08	1.21132e+08	1.17917e+08	1.36067e+08	1.36328e+08	2.11268e+08	2.44548e+08	1.71511e+08	2.25221e+08	2.14648e+08	2.58241e+08	1.2867e+08	1.46145e+08	1.39754e+08	1.29413e+08	1.38924e+08	1.2735e+08	1.35318e+08	1.78781e+08	1.23432e+08	1.82209e+08	1.31777e+08	1.29962e+08
ERR607691	2.22082e+08	2.23384e+08	2.13466e+08	2.16543e+08	2.23409e+08	1.91359e+08	1.98321e+08	2.44065e+08	1.8646e+08	2.64089e+08	2.0013e+08	1.94264e+08	1.69415e+08	1.69695e+08	2.22227e+08	2.37014e+08	1.6133e+08	2.54552e+08	2.62936e+08	2.28303e+08	2.50437e+08	2.63538e+08	2.28824e+08	2.60283e+08	2.79163e+08	2.91231e+08	2.75196e+08	2.81906e+08	2.74708e+08	2.88893e+08	2.47257e+08	2.45798e+08	3.59776e+08	2.34796e+08	2.10641e+08	2.38445e+08	1.38225e+08	1.66426e+08	1.65983e+08	1.67003e+08	1.62246e+08	1.38498e+08	2.35828e+08	1.95753e+08	2.35976e+08	2.07454e+08	2.21317e+08	2.35418e+08	2.00584e+08	1.108e+08	1.79536e+08	1.0719e+08	1.14083e+08	1.8038e+08	1.7204e+08	1.41303e+08	1.42327e+08	1.57393e+08	1.42532e+08	1.25133e+08	1.68694e+08	1.8353e+08	1.98436e+08	1.8851e+08	1.24517e+08	1.87883e+08	1.20288e+08	1.18137e+08	1.17868e+08	1.2288e+08	1.33896e+08	1.14977e+08	1.18349e+08	1.38755e+08	1.21798e+08	1.1863e+08	1.36817e+08	1.37038e+08	2.12093e+08	2.45653e+08	1.72196e+08	2.25951e+08	2.1538e+08	2.59397e+08	1.29415e+08	1.46951e+08	1.40486e+08	1.30142e+08	1.3946e+08	1.28074e+08	1.3643e+08	1.79886e+08	1.2421e+08	1.83335e+08	1.32665e+08	1.30828e+08
