	ERR629940	ERR629944	ERR629945	ERR629943	ERR629942	ERR629941	ERR607710	ERR607709	ERR607705	ERR607708	ERR607706	ERR607707	ERR629982	ERR629983	ERR629986	ERR629984	ERR629985	ERR629987	ERR608590	ERR608587	ERR608589	ERR608588	ERR608586	ERR608585	ERR612903	ERR612904	ERR612906	ERR612907	ERR612908	ERR612905	ERR630047	ERR630042	ERR630044	ERR630046	ERR630045	ERR630043	ERR629879	ERR629876	ERR629878	ERR629875	ERR629874	ERR629877	ERR629867	ERR629863	ERR629866	ERR629865	ERR629862	ERR629864	ERR630451	ERR630447	ERR630448	ERR630449	ERR630450	ERR630446	ERR613401	ERR613405	ERR613402	ERR613403	ERR613404	ERR613406	ERR618690	ERR618687	ERR618689	ERR618688	ERR618692	ERR618691	ERR613196	ERR613194	ERR613193	ERR613192	ERR613191	ERR613195	ERR626775	ERR626772	ERR626774	ERR626773	ERR626771	ERR626776	ERR618472	ERR618474	ERR618476	ERR618471	ERR618475	ERR618473	ERR607490	ERR607491	ERR607489	ERR607488	ERR607492	ERR607487	ERR631037	ERR631036	ERR631041	ERR631040	ERR631038	ERR631039
ERR629940	0	0.261097	0.255525	0.254692	0.228742	0.24183	0.459506	0.461542	0.479934	0.462649	0.464922	0.468721	0.321126	0.346973	0.355791	0.323048	0.349928	0.351623	0.477852	0.470704	0.479275	0.479368	0.48812	0.558173	0.420292	0.481731	0.450723	0.458864	0.455442	0.434449	0.502394	0.487181	0.494338	0.50905	0.53142	0.508091	0.494868	0.467391	0.497742	0.494437	0.46297	0.49383	0.433397	0.430938	0.435287	0.431689	0.415626	0.416246	0.320734	0.299537	0.291716	0.329893	0.338304	0.291778	0.320979	0.354128	0.352945	0.333154	0.359433	0.411827	0.43263	0.428217	0.436974	0.438437	0.428895	0.431519	0.387502	0.401642	0.331585	0.325929	0.326316	0.388007	0.405913	0.412931	0.406676	0.412283	0.402677	0.40211	0.349103	0.355011	0.352714	0.332502	0.347956	0.339612	0.311479	0.313019	0.353972	0.346429	0.312335	0.352591	0.317004	0.308567	0.31883	0.310202	0.308168	0.312331
ERR629944	0.261097	0	0.228016	0.228727	0.256875	0.233095	0.425618	0.425771	0.436569	0.426355	0.428328	0.428752	0.34341	0.34817	0.345884	0.342626	0.343254	0.343002	0.469109	0.466437	0.469987	0.470326	0.475438	0.53003	0.400932	0.438619	0.417271	0.423549	0.421147	0.404362	0.470809	0.464976	0.469583	0.47506	0.492456	0.47779	0.494148	0.48464	0.496256	0.499591	0.482324	0.493967	0.420992	0.425083	0.421854	0.420431	0.423851	0.422855	0.303657	0.294097	0.300048	0.312122	0.315904	0.299959	0.329773	0.349981	0.339205	0.330458	0.35409	0.382639	0.450651	0.448455	0.451712	0.451234	0.450681	0.450035	0.366758	0.37459	0.340968	0.343548	0.357246	0.366574	0.430831	0.430382	0.43072	0.432092	0.427542	0.430358	0.369887	0.382912	0.38061	0.373687	0.380264	0.372163	0.328627	0.329423	0.346919	0.338927	0.329516	0.342184	0.343806	0.335947	0.332877	0.328245	0.342865	0.329844
ERR629945	0.255525	0.228016	0	0.227994	0.251523	0.231002	0.428631	0.428922	0.440859	0.429679	0.432032	0.432671	0.339395	0.346069	0.344813	0.339008	0.341792	0.341432	0.469299	0.466112	0.470197	0.470487	0.475834	0.532124	0.401998	0.442896	0.420494	0.426947	0.424447	0.406705	0.473083	0.466762	0.471626	0.477528	0.495767	0.480315	0.492863	0.482016	0.495164	0.49813	0.479519	0.492876	0.420832	0.424716	0.422086	0.420488	0.422366	0.421436	0.303328	0.29198	0.296937	0.312286	0.316419	0.296554	0.327229	0.349463	0.339178	0.328768	0.353643	0.384621	0.446831	0.444606	0.448339	0.448243	0.446692	0.446428	0.367527	0.375822	0.338331	0.340034	0.352867	0.367207	0.42661	0.427037	0.426728	0.428511	0.423452	0.425923	0.36554	0.378339	0.376213	0.367717	0.375341	0.366835	0.324993	0.325643	0.346035	0.337681	0.325866	0.341494	0.339741	0.331398	0.329582	0.324524	0.337956	0.325994
ERR629943	0.254692	0.228727	0.227994	0	0.250865	0.230834	0.429735	0.430102	0.442298	0.43082	0.432932	0.433832	0.338661	0.345855	0.34486	0.338327	0.341696	0.341803	0.469632	0.466439	0.470439	0.470853	0.476511	0.533397	0.402769	0.44418	0.421353	0.42793	0.42527	0.407648	0.474458	0.467492	0.472413	0.478913	0.497208	0.481333	0.49293	0.481281	0.495096	0.497871	0.478734	0.49268	0.421722	0.425198	0.422764	0.421116	0.422545	0.421718	0.303604	0.292124	0.296711	0.312222	0.316695	0.296488	0.326658	0.348975	0.339106	0.328623	0.353299	0.385419	0.446315	0.443852	0.447775	0.44761	0.446089	0.445692	0.367764	0.37674	0.337799	0.339063	0.351726	0.367756	0.425822	0.426304	0.42594	0.42779	0.422525	0.425116	0.364706	0.377479	0.375188	0.366526	0.374261	0.365738	0.324282	0.324968	0.345736	0.337565	0.325212	0.34137	0.338438	0.330347	0.32879	0.323534	0.336656	0.325178
ERR629942	0.228742	0.256875	0.251523	0.250865	0	0.238888	0.455808	0.457762	0.475568	0.458974	0.460962	0.464636	0.321274	0.345691	0.354011	0.322754	0.348358	0.34995	0.47614	0.469183	0.477547	0.477694	0.486209	0.555547	0.417627	0.477826	0.447197	0.45522	0.451824	0.431187	0.499637	0.484837	0.491897	0.506028	0.52814	0.505348	0.493915	0.467453	0.496699	0.493783	0.463137	0.492983	0.431417	0.429479	0.433353	0.429982	0.415007	0.415556	0.317967	0.297598	0.290883	0.326907	0.334966	0.290846	0.320304	0.352569	0.350909	0.33219	0.357613	0.408592	0.433212	0.429011	0.437282	0.438737	0.429604	0.431969	0.384728	0.398373	0.330866	0.326144	0.327395	0.385173	0.406898	0.413549	0.407613	0.4129	0.40373	0.403128	0.34981	0.355969	0.353679	0.335198	0.349203	0.341336	0.31099	0.312354	0.351779	0.344149	0.312087	0.350435	0.317683	0.30947	0.318588	0.310572	0.309666	0.312474
ERR629941	0.24183	0.233095	0.231002	0.230834	0.238888	0	0.434912	0.435754	0.448672	0.436489	0.437598	0.439874	0.328702	0.34095	0.344466	0.328964	0.340456	0.340753	0.46856	0.463968	0.469625	0.470025	0.476595	0.538519	0.404337	0.450988	0.42526	0.432275	0.429479	0.411861	0.481649	0.470514	0.476133	0.486523	0.50585	0.486557	0.490002	0.4725	0.492379	0.492294	0.469276	0.489643	0.421747	0.422159	0.423066	0.420695	0.416168	0.415724	0.302585	0.289682	0.290563	0.310904	0.316702	0.290503	0.320804	0.344127	0.338418	0.325406	0.348761	0.38844	0.440012	0.437296	0.442579	0.44298	0.438593	0.439279	0.368348	0.379064	0.331266	0.331245	0.340794	0.368476	0.416855	0.419362	0.416953	0.420285	0.413887	0.415082	0.357751	0.367069	0.365049	0.355488	0.363322	0.356283	0.315801	0.316531	0.341936	0.334579	0.316487	0.339092	0.326832	0.319673	0.320894	0.315433	0.324291	0.3169
ERR607710	0.459506	0.425618	0.428631	0.429735	0.455808	0.434912	0	0.231043	0.244747	0.231049	0.235956	0.235285	0.49678	0.498855	0.494253	0.496094	0.493199	0.492391	0.355601	0.35313	0.356304	0.354862	0.358965	0.417035	0.322373	0.348482	0.331294	0.336249	0.335807	0.319145	0.312075	0.309599	0.314043	0.315516	0.337233	0.322113	0.603782	0.601749	0.606281	0.61126	0.60024	0.604884	0.352357	0.362604	0.352881	0.353537	0.371577	0.368739	0.453367	0.44574	0.452326	0.458723	0.461768	0.451866	0.483009	0.499551	0.487468	0.483312	0.501942	0.514106	0.571249	0.57019	0.571959	0.571839	0.571092	0.570893	0.483531	0.486395	0.467601	0.469843	0.482045	0.483016	0.574979	0.573945	0.575078	0.575626	0.572613	0.573886	0.520998	0.532037	0.53058	0.521274	0.529895	0.5219	0.481936	0.482274	0.492253	0.486344	0.482191	0.487322	0.50472	0.497254	0.495865	0.491643	0.501697	0.492895
ERR607709	0.461542	0.425771	0.428922	0.430102	0.457762	0.435754	0.231043	0	0.243094	0.230806	0.235655	0.234091	0.498832	0.50019	0.494951	0.498075	0.494131	0.493236	0.358142	0.356298	0.358683	0.357344	0.360667	0.41623	0.323531	0.346471	0.330905	0.335566	0.335014	0.319058	0.310548	0.309717	0.313773	0.313819	0.334853	0.321054	0.604822	0.603846	0.60729	0.612814	0.60248	0.606063	0.354001	0.36495	0.354642	0.355452	0.374911	0.372063	0.453877	0.446713	0.453759	0.459114	0.46177	0.453169	0.484306	0.500441	0.487839	0.484171	0.502747	0.513674	0.573476	0.57246	0.574049	0.57377	0.573456	0.573091	0.483643	0.486087	0.468913	0.471467	0.484227	0.483082	0.57715	0.575851	0.577102	0.577656	0.574688	0.576305	0.522916	0.53442	0.532897	0.523838	0.532291	0.524311	0.483768	0.483995	0.493105	0.487174	0.48413	0.488003	0.506662	0.499204	0.497337	0.493204	0.504027	0.494506
ERR607705	0.479934	0.436569	0.440859	0.442298	0.475568	0.448672	0.244747	0.243094	0	0.241552	0.236162	0.235014	0.511607	0.508601	0.502923	0.510271	0.502527	0.501151	0.367241	0.368366	0.367297	0.366297	0.366932	0.408175	0.340189	0.336853	0.3301	0.332429	0.332991	0.328737	0.319102	0.317605	0.317202	0.317924	0.328411	0.318334	0.610718	0.612793	0.612922	0.618601	0.611859	0.612113	0.367187	0.377412	0.366992	0.36913	0.394856	0.391207	0.461273	0.460455	0.469416	0.464945	0.466252	0.469497	0.496785	0.506145	0.493946	0.49343	0.507489	0.512553	0.586924	0.586534	0.586976	0.58652	0.587569	0.586866	0.486126	0.486654	0.482185	0.487193	0.501945	0.485726	0.590408	0.587936	0.589938	0.590015	0.5882	0.59012	0.537739	0.548557	0.54729	0.542814	0.54735	0.541321	0.496572	0.496464	0.498402	0.493478	0.49666	0.493441	0.518533	0.512828	0.508456	0.506047	0.518523	0.507004
ERR607708	0.462649	0.426355	0.429679	0.43082	0.458974	0.436489	0.231049	0.230806	0.241552	0	0.234768	0.233173	0.499991	0.501138	0.495847	0.499159	0.494906	0.493988	0.358355	0.356829	0.358921	0.357646	0.360868	0.415523	0.324463	0.345764	0.330563	0.335009	0.33464	0.31923	0.310303	0.309734	0.313374	0.31338	0.333856	0.320033	0.605792	0.60494	0.608307	0.613726	0.603656	0.606936	0.354874	0.365828	0.355309	0.356237	0.376327	0.373467	0.454581	0.447832	0.454926	0.459838	0.462429	0.454337	0.485438	0.501274	0.488683	0.48509	0.503546	0.514055	0.574824	0.573793	0.575395	0.575038	0.574887	0.574523	0.48422	0.486617	0.470103	0.472614	0.485727	0.483682	0.578656	0.577192	0.578553	0.579058	0.576155	0.577722	0.524346	0.535798	0.534282	0.525603	0.533711	0.525941	0.484772	0.485132	0.493766	0.487961	0.485211	0.48873	0.507702	0.500211	0.498275	0.494279	0.505148	0.495486
ERR607706	0.464922	0.428328	0.432032	0.432932	0.460962	0.437598	0.235956	0.235655	0.236162	0.234768	0	0.232634	0.499898	0.500527	0.496721	0.498812	0.495809	0.49488	0.358204	0.356303	0.358746	0.357352	0.360744	0.415815	0.327952	0.342166	0.328076	0.332131	0.3317	0.322042	0.319121	0.311889	0.31439	0.320748	0.337863	0.321073	0.604799	0.602671	0.607258	0.611214	0.60144	0.605777	0.356667	0.365019	0.356676	0.358037	0.376919	0.373524	0.45431	0.450625	0.457286	0.45867	0.460862	0.457344	0.486298	0.49871	0.487893	0.485473	0.500594	0.512025	0.576109	0.575383	0.576933	0.576746	0.576322	0.576086	0.482694	0.485236	0.471225	0.474418	0.487338	0.482304	0.57928	0.577935	0.578866	0.579812	0.576925	0.578396	0.526446	0.536417	0.535142	0.528503	0.534788	0.528565	0.484796	0.484773	0.491237	0.486134	0.484995	0.486947	0.506691	0.500708	0.49835	0.495133	0.505313	0.496164
ERR607707	0.468721	0.428752	0.432671	0.433832	0.464636	0.439874	0.235285	0.234091	0.235014	0.233173	0.232634	0	0.5043	0.503826	0.4983	0.503343	0.497676	0.496687	0.362225	0.361932	0.362407	0.361888	0.363752	0.413303	0.330547	0.341631	0.329743	0.333302	0.333336	0.322279	0.311715	0.310753	0.313094	0.313262	0.33008	0.317421	0.608291	0.608799	0.610675	0.61612	0.607643	0.609546	0.359924	0.370359	0.359881	0.361207	0.383964	0.380672	0.45625	0.451705	0.459552	0.460932	0.463141	0.459378	0.489402	0.502854	0.490203	0.487746	0.504791	0.513261	0.580091	0.579182	0.580325	0.579952	0.580452	0.579819	0.484614	0.486362	0.47425	0.477869	0.491674	0.483959	0.583749	0.581756	0.583618	0.583884	0.58118	0.583327	0.52963	0.541045	0.539751	0.532328	0.539338	0.532131	0.488897	0.48895	0.494915	0.489532	0.489244	0.490012	0.511722	0.504897	0.502005	0.498541	0.510242	0.499647
ERR629982	0.321126	0.34341	0.339395	0.338661	0.321274	0.328702	0.49678	0.498832	0.511607	0.499991	0.499898	0.5043	0	0.262458	0.275961	0.248047	0.270583	0.27295	0.453867	0.4493	0.454538	0.455877	0.462705	0.528628	0.450078	0.493219	0.466769	0.472188	0.46909	0.460381	0.529875	0.508801	0.511647	0.533453	0.546516	0.521411	0.409903	0.381708	0.412553	0.408068	0.378216	0.408491	0.420906	0.414217	0.421924	0.41962	0.409534	0.409423	0.310123	0.313308	0.310616	0.312086	0.317569	0.311758	0.32423	0.330098	0.336589	0.327385	0.33255	0.376136	0.35985	0.356597	0.363337	0.364917	0.357124	0.358781	0.357587	0.369761	0.331553	0.332638	0.336968	0.358236	0.331622	0.33717	0.33162	0.33618	0.329129	0.328495	0.310798	0.31159	0.311104	0.315844	0.309455	0.310763	0.309169	0.309513	0.321854	0.319479	0.308856	0.323123	0.301514	0.302105	0.300461	0.300921	0.306073	0.300419
ERR629983	0.346973	0.34817	0.346069	0.345855	0.345691	0.34095	0.498855	0.50019	0.508601	0.501138	0.500527	0.503826	0.262458	0	0.259375	0.260511	0.257188	0.258208	0.446415	0.445513	0.446697	0.448179	0.452106	0.505675	0.454777	0.479938	0.460401	0.463906	0.46136	0.459302	0.530481	0.511887	0.512503	0.531754	0.538567	0.517251	0.377821	0.363173	0.380281	0.37866	0.361663	0.377026	0.419297	0.414257	0.419072	0.418601	0.420426	0.419148	0.305139	0.322626	0.328305	0.302877	0.304179	0.329512	0.334065	0.322025	0.326358	0.327597	0.32224	0.346472	0.347407	0.347052	0.3484	0.348667	0.347808	0.346884	0.338947	0.346486	0.343232	0.350023	0.362004	0.339683	0.323826	0.323321	0.32318	0.323724	0.322159	0.324165	0.314207	0.31603	0.31677	0.338945	0.319587	0.324702	0.322708	0.322028	0.308838	0.30835	0.32196	0.308938	0.317597	0.32086	0.308384	0.314199	0.330053	0.312556
ERR629986	0.355791	0.345884	0.344813	0.34486	0.354011	0.344466	0.494253	0.494951	0.502923	0.495847	0.496721	0.4983	0.275961	0.259375	0	0.273017	0.255693	0.255685	0.445493	0.446605	0.44538	0.44707	0.449471	0.495593	0.453199	0.472523	0.456736	0.459343	0.45737	0.455026	0.521298	0.507741	0.507724	0.521999	0.527198	0.51059	0.378079	0.37327	0.379911	0.383799	0.372868	0.377624	0.418307	0.417213	0.417929	0.41785	0.426708	0.425013	0.305766	0.324248	0.333321	0.304275	0.303752	0.334372	0.339169	0.327152	0.325963	0.330116	0.327548	0.340432	0.352194	0.352206	0.351833	0.35116	0.354549	0.352089	0.3371	0.341545	0.34959	0.35775	0.37266	0.33723	0.332745	0.329214	0.331896	0.330878	0.330604	0.334208	0.320025	0.326626	0.32719	0.349063	0.330751	0.333519	0.331806	0.331093	0.313644	0.312087	0.331354	0.311452	0.330553	0.332294	0.316746	0.322493	0.342863	0.320762
ERR629984	0.323048	0.342626	0.339008	0.338327	0.322754	0.328964	0.496094	0.498075	0.510271	0.499159	0.498812	0.503343	0.248047	0.260511	0.273017	0	0.268135	0.270613	0.452616	0.44814	0.453117	0.45422	0.460939	0.525833	0.449582	0.490698	0.46523	0.470204	0.46702	0.459315	0.529332	0.508228	0.511038	0.532718	0.545065	0.520241	0.40646	0.37917	0.409234	0.404753	0.376125	0.405179	0.419896	0.413334	0.420698	0.418756	0.409735	0.409565	0.308782	0.313649	0.311641	0.310339	0.315265	0.313075	0.324277	0.328333	0.334442	0.326451	0.330378	0.372146	0.358206	0.355499	0.361868	0.363218	0.35588	0.357367	0.354399	0.366359	0.331928	0.333429	0.338751	0.35515	0.330503	0.335806	0.330587	0.334815	0.328283	0.328052	0.310994	0.311659	0.311537	0.31819	0.310362	0.311897	0.309878	0.309644	0.319489	0.317342	0.309383	0.320853	0.302694	0.303567	0.300574	0.301701	0.307961	0.300947
ERR629985	0.349928	0.343254	0.341792	0.341696	0.348358	0.340456	0.493199	0.494131	0.502527	0.494906	0.495809	0.497676	0.270583	0.257188	0.255693	0.268135	0	0.255016	0.44575	0.446309	0.445904	0.447492	0.450491	0.499273	0.451331	0.473534	0.456322	0.459644	0.457168	0.454161	0.520883	0.506545	0.506831	0.52201	0.528222	0.510659	0.381952	0.374154	0.383906	0.386821	0.373293	0.381232	0.416865	0.415527	0.416967	0.416658	0.42342	0.42195	0.303753	0.320563	0.328538	0.303067	0.303284	0.329683	0.335506	0.325858	0.325408	0.328008	0.326428	0.343747	0.352734	0.352144	0.352481	0.352186	0.354243	0.352294	0.33797	0.343841	0.345385	0.352763	0.366674	0.338079	0.331898	0.329474	0.331412	0.331113	0.329954	0.333378	0.317791	0.323751	0.324253	0.343957	0.327227	0.329633	0.32756	0.327193	0.313161	0.311475	0.327326	0.311485	0.325478	0.327128	0.313262	0.318211	0.337255	0.316504
ERR629987	0.351623	0.343002	0.341432	0.341803	0.34995	0.340753	0.492391	0.493236	0.501151	0.493988	0.49488	0.496687	0.27295	0.258208	0.255685	0.270613	0.255016	0	0.445867	0.446502	0.445893	0.447338	0.449828	0.497083	0.450888	0.472201	0.455584	0.458303	0.456175	0.453271	0.519913	0.506134	0.506512	0.520899	0.526765	0.509898	0.381459	0.375428	0.383621	0.386885	0.374823	0.381096	0.416836	0.415782	0.416674	0.416634	0.424545	0.422934	0.304128	0.321402	0.330153	0.303165	0.302825	0.331025	0.336825	0.326507	0.325393	0.328801	0.327162	0.341675	0.353926	0.35395	0.353766	0.353245	0.355551	0.35374	0.337008	0.342272	0.346969	0.354684	0.369271	0.337059	0.333622	0.330657	0.332661	0.332194	0.331655	0.334689	0.319703	0.326245	0.326595	0.347283	0.329939	0.332281	0.329457	0.328918	0.313623	0.311975	0.328867	0.311781	0.327925	0.329245	0.31452	0.319967	0.339812	0.318043
ERR608590	0.477852	0.469109	0.469299	0.469632	0.47614	0.46856	0.355601	0.358142	0.367241	0.358355	0.358204	0.362225	0.453867	0.446415	0.445493	0.452616	0.44575	0.445867	0	0.269742	0.267075	0.268692	0.27225	0.342905	0.369078	0.384151	0.366527	0.36844	0.367001	0.369262	0.385257	0.362939	0.363057	0.385762	0.391621	0.366839	0.502684	0.499944	0.505322	0.50736	0.499496	0.503543	0.338213	0.33682	0.3372	0.338803	0.354088	0.351449	0.442987	0.454002	0.459441	0.44104	0.442209	0.459781	0.465902	0.460149	0.458777	0.46189	0.459842	0.467417	0.479677	0.4798	0.480223	0.480267	0.47986	0.479363	0.451717	0.453809	0.459884	0.465191	0.475725	0.452269	0.484258	0.483486	0.48416	0.48454	0.483354	0.484161	0.461926	0.46514	0.465408	0.476372	0.467148	0.468574	0.459392	0.458646	0.447179	0.44694	0.458928	0.445602	0.469797	0.469703	0.462312	0.464702	0.475517	0.463466
ERR608587	0.470704	0.466437	0.466112	0.466439	0.469183	0.463968	0.35313	0.356298	0.368366	0.356829	0.356303	0.361932	0.4493	0.445513	0.446605	0.44814	0.446309	0.446502	0.269742	0	0.27071	0.269506	0.27457	0.35547	0.362941	0.388392	0.366693	0.370123	0.368052	0.367092	0.388724	0.363322	0.364591	0.390332	0.400058	0.371682	0.50545	0.498126	0.50846	0.508629	0.497405	0.506211	0.336643	0.333034	0.336157	0.337134	0.345223	0.342784	0.441949	0.450249	0.454188	0.440428	0.442258	0.454653	0.462014	0.459218	0.458882	0.460132	0.459256	0.471876	0.478253	0.47825	0.479546	0.480239	0.477584	0.478047	0.453355	0.456779	0.455295	0.45943	0.468105	0.453934	0.48204	0.482823	0.482135	0.483319	0.481667	0.481365	0.458681	0.460852	0.461088	0.470062	0.462277	0.463346	0.453619	0.453273	0.446444	0.445908	0.453237	0.445419	0.464075	0.464158	0.458463	0.460265	0.468561	0.459281
ERR608589	0.479275	0.469987	0.470197	0.470439	0.477547	0.469625	0.356304	0.358683	0.367297	0.358921	0.358746	0.362407	0.454538	0.446697	0.44538	0.453117	0.445904	0.445893	0.267075	0.27071	0	0.268983	0.272123	0.341323	0.370246	0.384446	0.367024	0.369063	0.367689	0.370097	0.385755	0.363753	0.363388	0.386005	0.391627	0.367075	0.501321	0.499113	0.503994	0.506249	0.498756	0.502219	0.338958	0.337893	0.337941	0.33952	0.355732	0.352575	0.443816	0.454978	0.460416	0.441631	0.442509	0.460918	0.467008	0.460979	0.459296	0.462652	0.460392	0.466829	0.479269	0.479448	0.479646	0.479765	0.479758	0.479142	0.45204	0.453695	0.460878	0.466461	0.476921	0.45227	0.484332	0.483387	0.484093	0.484606	0.483637	0.484202	0.462211	0.46557	0.465952	0.477168	0.467617	0.46927	0.460067	0.459423	0.447079	0.446938	0.459478	0.445487	0.470879	0.470812	0.463308	0.46574	0.476987	0.464602
ERR608588	0.479368	0.470326	0.470487	0.470853	0.477694	0.470025	0.354862	0.357344	0.366297	0.357646	0.357352	0.361888	0.455877	0.448179	0.44707	0.45422	0.447492	0.447338	0.268692	0.269506	0.268983	0	0.272416	0.342706	0.368593	0.383493	0.366047	0.368503	0.366762	0.369641	0.387724	0.365653	0.365077	0.388147	0.393697	0.369323	0.50285	0.50008	0.505518	0.507601	0.499857	0.50376	0.340574	0.339262	0.339445	0.341035	0.356109	0.353055	0.444623	0.455913	0.461252	0.442586	0.44326	0.461799	0.467522	0.461523	0.460028	0.463653	0.461149	0.467967	0.480338	0.481082	0.481134	0.481206	0.480596	0.480283	0.452703	0.45454	0.461807	0.466877	0.477166	0.453133	0.485095	0.484424	0.48501	0.485372	0.484702	0.485026	0.463255	0.466286	0.466403	0.478255	0.468041	0.470072	0.460719	0.460122	0.448377	0.448317	0.460378	0.446969	0.471193	0.47155	0.463915	0.466464	0.477019	0.465448
ERR608586	0.48812	0.475438	0.475834	0.476511	0.486209	0.476595	0.358965	0.360667	0.366932	0.360868	0.360744	0.363752	0.462705	0.452106	0.449471	0.460939	0.450491	0.449828	0.27225	0.27457	0.272123	0.272416	0	0.328666	0.375715	0.381057	0.368628	0.36953	0.36864	0.373179	0.386964	0.368466	0.366834	0.386074	0.387784	0.367537	0.501137	0.502289	0.503781	0.507225	0.502301	0.502301	0.346316	0.34674	0.344696	0.347381	0.367226	0.363995	0.449263	0.461702	0.468328	0.446632	0.446496	0.468746	0.474192	0.466066	0.463608	0.468859	0.465646	0.466922	0.483215	0.484235	0.483238	0.483347	0.484072	0.483238	0.454237	0.454462	0.468602	0.475051	0.486531	0.454684	0.489453	0.487761	0.489129	0.488886	0.488885	0.489846	0.468895	0.472639	0.473029	0.486698	0.475394	0.477107	0.468285	0.467801	0.452193	0.45223	0.467902	0.450125	0.479207	0.479385	0.470329	0.473599	0.485921	0.472343
ERR608585	0.558173	0.53003	0.532124	0.533397	0.555547	0.538519	0.417035	0.41623	0.408175	0.415523	0.415815	0.413303	0.528628	0.505675	0.495593	0.525833	0.499273	0.497083	0.342905	0.35547	0.341323	0.342706	0.328666	0	0.446361	0.404333	0.418916	0.413969	0.415962	0.432	0.42345	0.421831	0.413973	0.415519	0.395958	0.39975	0.526172	0.546692	0.528044	0.539019	0.548669	0.528823	0.418357	0.425558	0.415632	0.42074	0.457588	0.453505	0.502904	0.522431	0.534276	0.498526	0.494418	0.53468	0.535851	0.518374	0.510763	0.523897	0.516288	0.490312	0.530261	0.532999	0.527058	0.525708	0.534026	0.530971	0.493613	0.486143	0.53326	0.542868	0.558805	0.493678	0.541151	0.533961	0.54033	0.53646	0.540697	0.543718	0.528194	0.534509	0.535238	0.556229	0.540025	0.54212	0.535248	0.534569	0.50388	0.504863	0.535055	0.500142	0.546607	0.547149	0.531978	0.537603	0.556498	0.535857
ERR612903	0.420292	0.400932	0.401998	0.402769	0.417627	0.404337	0.322373	0.323531	0.340189	0.324463	0.327952	0.330547	0.450078	0.454777	0.453199	0.449582	0.451331	0.450888	0.369078	0.362941	0.370246	0.368593	0.375715	0.446361	0	0.308521	0.271717	0.28107	0.278631	0.249615	0.377809	0.3677	0.374513	0.38346	0.405752	0.385338	0.556477	0.549238	0.559127	0.562217	0.547593	0.557225	0.333709	0.338906	0.334368	0.333775	0.338191	0.336327	0.415823	0.408381	0.412566	0.420764	0.424179	0.412465	0.423164	0.440853	0.43067	0.425001	0.443548	0.462825	0.520187	0.518729	0.521292	0.521563	0.519603	0.519664	0.424533	0.429976	0.403237	0.405334	0.415874	0.424178	0.519635	0.519675	0.519541	0.520887	0.517074	0.518012	0.468357	0.477885	0.476138	0.467531	0.475121	0.467913	0.437383	0.437918	0.450667	0.445245	0.437429	0.446875	0.451642	0.444994	0.444701	0.440716	0.44861	0.441957
ERR612904	0.481731	0.438619	0.442896	0.44418	0.477826	0.450988	0.348482	0.346471	0.336853	0.345764	0.342166	0.341631	0.493219	0.479938	0.472523	0.490698	0.473534	0.472201	0.384151	0.388392	0.384446	0.383493	0.381057	0.404333	0.308521	0	0.266104	0.262011	0.265128	0.285076	0.392591	0.389249	0.386919	0.38909	0.386937	0.382063	0.558381	0.568167	0.560115	0.567978	0.568594	0.560004	0.373014	0.380934	0.370288	0.373826	0.405121	0.400715	0.44255	0.453606	0.465439	0.44242	0.440453	0.465735	0.462653	0.455901	0.44308	0.452362	0.456245	0.445665	0.548506	0.549234	0.547039	0.545662	0.550796	0.548519	0.423812	0.420539	0.448657	0.459034	0.478722	0.422687	0.550423	0.545132	0.549684	0.548038	0.548502	0.551638	0.508168	0.518555	0.517703	0.524444	0.520118	0.517597	0.482872	0.482427	0.467792	0.465325	0.482762	0.463379	0.498008	0.495662	0.485143	0.486362	0.503641	0.48666
ERR612906	0.450723	0.417271	0.420494	0.421353	0.447197	0.42526	0.331294	0.330905	0.3301	0.330563	0.328076	0.329743	0.466769	0.460401	0.456736	0.46523	0.456322	0.455584	0.366527	0.366693	0.367024	0.366047	0.368628	0.418916	0.271717	0.266104	0	0.250259	0.250443	0.257474	0.385214	0.374893	0.37606	0.385437	0.393625	0.378393	0.549531	0.550666	0.551662	0.556149	0.5501	0.55046	0.345632	0.350394	0.343961	0.345766	0.366366	0.362949	0.423132	0.429072	0.437617	0.424425	0.424663	0.438049	0.437266	0.437545	0.428154	0.431017	0.438715	0.443717	0.529391	0.52938	0.52903	0.528769	0.530202	0.528808	0.412336	0.413729	0.419376	0.427895	0.444373	0.41166	0.529162	0.526398	0.528537	0.528412	0.527127	0.529054	0.484343	0.49316	0.491948	0.494449	0.493048	0.490078	0.455336	0.455237	0.450301	0.447319	0.455082	0.446851	0.469105	0.465914	0.459168	0.458756	0.472306	0.459363
ERR612907	0.458864	0.423549	0.426947	0.42793	0.45522	0.432275	0.336249	0.335566	0.332429	0.335009	0.332131	0.333302	0.472188	0.463906	0.459343	0.470204	0.459644	0.458303	0.36844	0.370123	0.369063	0.368503	0.36953	0.413969	0.28107	0.262011	0.250259	0	0.252059	0.264344	0.388256	0.378807	0.379038	0.387296	0.392707	0.379744	0.548984	0.552408	0.551115	0.556389	0.552035	0.550339	0.351235	0.356478	0.349198	0.351469	0.374834	0.371232	0.427451	0.435542	0.44479	0.428179	0.427783	0.445268	0.44285	0.440321	0.430621	0.435564	0.441196	0.442312	0.531998	0.53246	0.531741	0.530993	0.533338	0.531837	0.413511	0.413535	0.426294	0.435337	0.452711	0.412631	0.532399	0.529003	0.531766	0.531319	0.530608	0.532741	0.48912	0.497865	0.496803	0.501181	0.498385	0.495949	0.461655	0.461405	0.453546	0.450596	0.461423	0.449681	0.475381	0.472776	0.464812	0.4652	0.479478	0.465559
ERR612908	0.455442	0.421147	0.424447	0.42527	0.451824	0.429479	0.335807	0.335014	0.332991	0.33464	0.3317	0.333336	0.46909	0.46136	0.45737	0.46702	0.457168	0.456175	0.367001	0.368052	0.367689	0.366762	0.36864	0.415962	0.278631	0.265128	0.250443	0.252059	0	0.263074	0.388247	0.378093	0.378399	0.387968	0.394227	0.379903	0.547542	0.549998	0.549868	0.55444	0.549435	0.548926	0.348603	0.353568	0.346901	0.348925	0.371015	0.367424	0.425186	0.432704	0.441691	0.425889	0.425641	0.44213	0.440005	0.438056	0.428902	0.432935	0.438942	0.44187	0.529397	0.52982	0.529217	0.528824	0.530543	0.529068	0.412445	0.413031	0.423031	0.431938	0.448973	0.411864	0.529509	0.5265	0.528824	0.528642	0.527669	0.529821	0.486039	0.494812	0.493644	0.497616	0.494856	0.492525	0.458045	0.457983	0.450894	0.448134	0.457781	0.447257	0.47174	0.469021	0.461446	0.461659	0.475596	0.46202
ERR612905	0.434449	0.404362	0.406705	0.407648	0.431187	0.411861	0.319145	0.319058	0.328737	0.31923	0.322042	0.322279	0.460381	0.459302	0.455026	0.459315	0.454161	0.453271	0.369262	0.367092	0.370097	0.369641	0.373179	0.432	0.249615	0.285076	0.257474	0.264344	0.263074	0	0.37037	0.36449	0.368923	0.373495	0.390556	0.375016	0.55771	0.556738	0.560269	0.565305	0.555549	0.558846	0.337832	0.345666	0.337452	0.338381	0.354066	0.35151	0.418349	0.4151	0.422692	0.422592	0.42449	0.42261	0.430019	0.442147	0.429951	0.427675	0.444455	0.455117	0.528296	0.527343	0.528305	0.52814	0.528595	0.527743	0.420142	0.423154	0.410868	0.415965	0.430757	0.41946	0.528793	0.526925	0.528512	0.528662	0.526178	0.528142	0.477688	0.488837	0.487258	0.482289	0.487279	0.480519	0.447411	0.447682	0.45303	0.447815	0.447506	0.448313	0.463417	0.457053	0.453616	0.450543	0.462659	0.451741
ERR630047	0.502394	0.470809	0.473083	0.474458	0.499637	0.481649	0.312075	0.310548	0.319102	0.310303	0.319121	0.311715	0.529875	0.530481	0.521298	0.529332	0.520883	0.519913	0.385257	0.388724	0.385755	0.387724	0.386964	0.42345	0.377809	0.392591	0.385214	0.388256	0.388247	0.37037	0	0.258781	0.262015	0.247345	0.268975	0.263239	0.628798	0.632778	0.631075	0.64005	0.631579	0.629863	0.390374	0.406109	0.390727	0.391781	0.417586	0.415092	0.488469	0.478799	0.487359	0.494944	0.497051	0.486528	0.516416	0.535317	0.519278	0.515328	0.537728	0.542695	0.594069	0.59136	0.593539	0.591815	0.594916	0.593526	0.519642	0.520818	0.505849	0.508447	0.521216	0.518688	0.598776	0.59598	0.59888	0.598486	0.595085	0.598835	0.545512	0.560657	0.55933	0.546105	0.557925	0.546848	0.516041	0.51669	0.525367	0.519131	0.516698	0.519252	0.540714	0.530962	0.529801	0.524377	0.536829	0.525886
ERR630042	0.487181	0.464976	0.466762	0.467492	0.484837	0.470514	0.309599	0.309717	0.317605	0.309734	0.311889	0.310753	0.508801	0.511887	0.507741	0.508228	0.506545	0.506134	0.362939	0.363322	0.363753	0.365653	0.368466	0.421831	0.3677	0.389249	0.374893	0.378807	0.378093	0.36449	0.258781	0	0.248344	0.26257	0.285296	0.257979	0.609364	0.60655	0.611913	0.616733	0.604918	0.610002	0.372486	0.380866	0.372906	0.37297	0.389176	0.387065	0.475172	0.468644	0.473986	0.48005	0.483126	0.473922	0.500154	0.515385	0.504928	0.500175	0.517649	0.530757	0.573685	0.570778	0.574174	0.573151	0.573794	0.573028	0.506307	0.509802	0.490085	0.492139	0.502793	0.505699	0.57593	0.574609	0.575885	0.57665	0.572425	0.575615	0.527002	0.538302	0.537244	0.526434	0.535582	0.527952	0.497038	0.497464	0.505992	0.501263	0.497373	0.501809	0.519292	0.512085	0.512249	0.507586	0.516593	0.508899
ERR630044	0.494338	0.469583	0.471626	0.472413	0.491897	0.476133	0.314043	0.313773	0.317202	0.313374	0.31439	0.313094	0.511647	0.512503	0.507724	0.511038	0.506831	0.506512	0.363057	0.364591	0.363388	0.365077	0.366834	0.413973	0.374513	0.386919	0.37606	0.379038	0.378399	0.368923	0.262015	0.248344	0	0.263316	0.280214	0.255273	0.606951	0.605779	0.609239	0.61471	0.604676	0.607535	0.375108	0.383821	0.375027	0.375643	0.39597	0.393327	0.477018	0.473304	0.479736	0.480953	0.483022	0.479842	0.50458	0.516566	0.50598	0.503181	0.518395	0.528423	0.57433	0.571971	0.574537	0.573298	0.574964	0.57384	0.506323	0.508944	0.495343	0.498283	0.509928	0.505807	0.577211	0.575368	0.577159	0.577545	0.573845	0.577344	0.52982	0.540897	0.539882	0.531741	0.538731	0.531943	0.501101	0.501359	0.50606	0.501766	0.501382	0.501853	0.522898	0.516476	0.515107	0.511607	0.521735	0.512451
ERR630046	0.50905	0.47506	0.477528	0.478913	0.506028	0.486523	0.315516	0.313819	0.317924	0.31338	0.320748	0.313262	0.533453	0.531754	0.521999	0.532718	0.52201	0.520899	0.385762	0.390332	0.386005	0.388147	0.386074	0.415519	0.38346	0.38909	0.385437	0.387296	0.387968	0.373495	0.247345	0.26257	0.263316	0	0.261984	0.260471	0.627339	0.633121	0.629733	0.639086	0.632293	0.628726	0.393682	0.409332	0.393668	0.395272	0.423989	0.421305	0.490305	0.483329	0.492798	0.496013	0.497542	0.492215	0.52024	0.536357	0.520219	0.517601	0.538517	0.540471	0.595878	0.593506	0.595008	0.593303	0.597044	0.595253	0.519373	0.519686	0.51044	0.513983	0.527623	0.518472	0.600982	0.597564	0.600957	0.600084	0.59735	0.601247	0.548763	0.563766	0.562582	0.551631	0.561399	0.551308	0.52021	0.520865	0.526202	0.520186	0.520855	0.519674	0.54435	0.535332	0.532735	0.528236	0.541883	0.529624
ERR630045	0.53142	0.492456	0.495767	0.497208	0.52814	0.50585	0.337233	0.334853	0.328411	0.333856	0.337863	0.33008	0.546516	0.538567	0.527198	0.545065	0.528222	0.526765	0.391621	0.400058	0.391627	0.393697	0.387784	0.395958	0.405752	0.386937	0.393625	0.392707	0.394227	0.390556	0.268975	0.285296	0.280214	0.261984	0	0.266386	0.623219	0.633973	0.625229	0.636091	0.633837	0.624851	0.409753	0.425299	0.408571	0.411843	0.446827	0.443405	0.500582	0.50131	0.512784	0.503889	0.503645	0.512467	0.535128	0.542986	0.52723	0.529249	0.544226	0.537112	0.600599	0.598991	0.599007	0.596998	0.602708	0.600285	0.522205	0.519849	0.527132	0.532868	0.548364	0.520993	0.606799	0.601878	0.606451	0.60489	0.60356	0.607808	0.559598	0.573809	0.572971	0.568833	0.573237	0.565381	0.535547	0.535917	0.531538	0.526864	0.536247	0.525322	0.558004	0.551225	0.544909	0.542774	0.55889	0.54349
ERR630043	0.508091	0.47779	0.480315	0.481333	0.505348	0.486557	0.322113	0.321054	0.318334	0.320033	0.321073	0.317421	0.521411	0.517251	0.51059	0.520241	0.510659	0.509898	0.366839	0.371682	0.367075	0.369323	0.367537	0.39975	0.385338	0.382063	0.378393	0.379744	0.379903	0.375016	0.263239	0.257979	0.255273	0.260471	0.266386	0	0.606323	0.610254	0.608645	0.615648	0.609376	0.607425	0.38393	0.394039	0.383123	0.385036	0.412621	0.40937	0.482555	0.482668	0.491473	0.485775	0.486773	0.491602	0.51402	0.521845	0.510056	0.509768	0.523185	0.52626	0.579624	0.577669	0.578941	0.577357	0.581023	0.579144	0.507704	0.508707	0.505339	0.510088	0.523648	0.507001	0.583421	0.580173	0.583026	0.582616	0.5801	0.58393	0.537382	0.549416	0.548498	0.543852	0.548211	0.541854	0.511502	0.511614	0.510414	0.506478	0.511943	0.505628	0.532957	0.527164	0.523155	0.520752	0.533652	0.521513
ERR629879	0.494868	0.494148	0.492863	0.49293	0.493915	0.490002	0.603782	0.604822	0.610718	0.605792	0.604799	0.608291	0.409903	0.377821	0.378079	0.40646	0.381952	0.381459	0.502684	0.50545	0.501321	0.50285	0.501137	0.526172	0.556477	0.558381	0.549531	0.548984	0.547542	0.55771	0.628798	0.609364	0.606951	0.627339	0.623219	0.606323	0	0.29082	0.277284	0.278826	0.293252	0.276466	0.495048	0.488251	0.493406	0.494823	0.505819	0.503528	0.429041	0.463924	0.471676	0.418259	0.413189	0.472994	0.453032	0.412935	0.421498	0.439409	0.408443	0.395787	0.348751	0.35496	0.345927	0.345474	0.352818	0.350299	0.411346	0.409515	0.461813	0.47263	0.484894	0.412874	0.367332	0.35991	0.365436	0.359883	0.370105	0.370669	0.396626	0.390295	0.392486	0.442201	0.402137	0.417699	0.446758	0.445109	0.397397	0.404063	0.445342	0.399209	0.436597	0.446905	0.425311	0.438716	0.457162	0.434723
ERR629876	0.467391	0.48464	0.482016	0.481281	0.467453	0.4725	0.601749	0.603846	0.612793	0.60494	0.602671	0.608799	0.381708	0.363173	0.37327	0.37917	0.374154	0.375428	0.499944	0.498126	0.499113	0.50008	0.502289	0.546692	0.549238	0.568167	0.550666	0.552408	0.549998	0.556738	0.632778	0.60655	0.605779	0.633121	0.633973	0.610254	0.29082	0	0.292932	0.28026	0.267368	0.289179	0.489777	0.47756	0.488617	0.488784	0.486137	0.484651	0.418661	0.447832	0.449182	0.408497	0.407162	0.451077	0.432789	0.399746	0.414958	0.425633	0.396484	0.408418	0.333613	0.337269	0.334297	0.336586	0.333714	0.334638	0.412327	0.416873	0.440781	0.448185	0.454713	0.41424	0.347179	0.346609	0.346016	0.344425	0.350047	0.347404	0.374488	0.362034	0.364273	0.410101	0.372127	0.389265	0.420891	0.419236	0.386344	0.392799	0.419473	0.39082	0.406209	0.417576	0.40195	0.414072	0.4244	0.410139
ERR629878	0.497742	0.496256	0.495164	0.495096	0.496699	0.492379	0.606281	0.60729	0.612922	0.608307	0.607258	0.610675	0.412553	0.380281	0.379911	0.409234	0.383906	0.383621	0.505322	0.50846	0.503994	0.505518	0.503781	0.528044	0.559127	0.560115	0.551662	0.551115	0.549868	0.560269	0.631075	0.611913	0.609239	0.629733	0.625229	0.608645	0.277284	0.292932	0	0.280048	0.295757	0.277282	0.498005	0.491393	0.49617	0.497881	0.508958	0.506807	0.430942	0.466219	0.474022	0.419979	0.41475	0.475383	0.455477	0.415009	0.423342	0.441681	0.410626	0.397212	0.350934	0.357104	0.347784	0.347458	0.355286	0.352559	0.413348	0.411342	0.46439	0.475333	0.487594	0.414701	0.369562	0.361768	0.367649	0.361908	0.372347	0.372985	0.399176	0.392993	0.395237	0.445329	0.405187	0.420651	0.449626	0.447878	0.399454	0.406407	0.448271	0.401539	0.439556	0.449849	0.428021	0.44151	0.459967	0.43742
ERR629875	0.494437	0.499591	0.49813	0.497871	0.493783	0.492294	0.61126	0.612814	0.618601	0.613726	0.611214	0.61612	0.408068	0.37866	0.383799	0.404753	0.386821	0.386885	0.50736	0.508629	0.506249	0.507601	0.507225	0.539019	0.562217	0.567978	0.556149	0.556389	0.55444	0.565305	0.64005	0.616733	0.61471	0.639086	0.636091	0.615648	0.278826	0.28026	0.280048	0	0.281872	0.278468	0.500823	0.49079	0.499238	0.500389	0.506071	0.504248	0.432652	0.467616	0.473349	0.420893	0.417044	0.47489	0.454414	0.412974	0.425778	0.442185	0.408754	0.404244	0.348216	0.354133	0.346312	0.34678	0.351111	0.349656	0.417331	0.41752	0.462994	0.473214	0.483557	0.419169	0.364444	0.3589	0.362452	0.357963	0.367682	0.366965	0.397282	0.387426	0.389789	0.441108	0.399621	0.417257	0.446007	0.444058	0.397834	0.40557	0.444336	0.401474	0.433038	0.444961	0.424796	0.438603	0.453986	0.43443
ERR629874	0.46297	0.482324	0.479519	0.478734	0.463137	0.469276	0.60024	0.60248	0.611859	0.603656	0.60144	0.607643	0.378216	0.361663	0.372868	0.376125	0.373293	0.374823	0.499496	0.497405	0.498756	0.499857	0.502301	0.548669	0.547593	0.568594	0.5501	0.552035	0.549435	0.555549	0.631579	0.604918	0.604676	0.632293	0.633837	0.609376	0.293252	0.267368	0.295757	0.281872	0	0.291551	0.488566	0.476264	0.487755	0.487499	0.483373	0.482151	0.416761	0.445	0.445568	0.407152	0.406324	0.447306	0.429322	0.3978	0.413743	0.423037	0.394874	0.409858	0.332727	0.335751	0.333642	0.335808	0.332044	0.333144	0.411855	0.417004	0.43698	0.443876	0.44982	0.413835	0.345328	0.345956	0.344319	0.343464	0.348251	0.3454	0.371741	0.359162	0.361255	0.405736	0.368548	0.385612	0.418013	0.416357	0.385626	0.392143	0.416442	0.390406	0.402615	0.413847	0.399069	0.410608	0.420112	0.407106
ERR629877	0.49383	0.493967	0.492876	0.49268	0.492983	0.489643	0.604884	0.606063	0.612113	0.606936	0.605777	0.609546	0.408491	0.377026	0.377624	0.405179	0.381232	0.381096	0.503543	0.506211	0.502219	0.50376	0.502301	0.528823	0.557225	0.560004	0.55046	0.550339	0.548926	0.558846	0.629863	0.610002	0.607535	0.628726	0.624851	0.607425	0.276466	0.289179	0.277282	0.278468	0.291551	0	0.495791	0.48852	0.494039	0.495373	0.505526	0.503255	0.428925	0.463571	0.470892	0.417873	0.413125	0.472165	0.452197	0.412454	0.421514	0.438963	0.40815	0.39683	0.348056	0.354071	0.345069	0.345057	0.352166	0.349657	0.41207	0.410581	0.461006	0.471591	0.483582	0.413552	0.365945	0.358423	0.363659	0.358719	0.368554	0.368973	0.395793	0.389017	0.391126	0.440983	0.401124	0.416626	0.446051	0.444388	0.397209	0.404048	0.444656	0.399493	0.435636	0.446077	0.424749	0.438234	0.455941	0.434047
ERR629867	0.433397	0.420992	0.420832	0.421722	0.431417	0.421747	0.352357	0.354001	0.367187	0.354874	0.356667	0.359924	0.420906	0.419297	0.418307	0.419896	0.416865	0.416836	0.338213	0.336643	0.338958	0.340574	0.346316	0.418357	0.333709	0.373014	0.345632	0.351235	0.348603	0.337832	0.390374	0.372486	0.375108	0.393682	0.409753	0.38393	0.495048	0.489777	0.498005	0.500823	0.488566	0.495791	0	0.253038	0.249987	0.249342	0.265877	0.263409	0.405261	0.409716	0.415402	0.406754	0.409281	0.415721	0.433203	0.436534	0.432	0.43077	0.437554	0.451722	0.470859	0.47027	0.47197	0.471709	0.470887	0.470294	0.428326	0.432349	0.422771	0.426895	0.437641	0.428565	0.473306	0.47236	0.472656	0.473919	0.471169	0.472366	0.437113	0.443835	0.443415	0.445517	0.443264	0.441067	0.424301	0.423723	0.423754	0.420717	0.424457	0.420667	0.435565	0.432355	0.428393	0.427988	0.438323	0.428153
ERR629863	0.430938	0.425083	0.424716	0.425198	0.429479	0.422159	0.362604	0.36495	0.377412	0.365828	0.365019	0.370359	0.414217	0.414257	0.417213	0.413334	0.415527	0.415782	0.33682	0.333034	0.337893	0.339262	0.34674	0.425558	0.338906	0.380934	0.350394	0.356478	0.353568	0.345666	0.406109	0.380866	0.383821	0.409332	0.425299	0.394039	0.488251	0.47756	0.491393	0.49079	0.476264	0.48852	0.253038	0	0.253796	0.252813	0.257846	0.255817	0.404987	0.411176	0.414907	0.405071	0.408057	0.415432	0.430568	0.430779	0.429921	0.428728	0.431516	0.451112	0.463511	0.463202	0.465405	0.465521	0.462909	0.462863	0.426911	0.432205	0.420077	0.424045	0.433202	0.427505	0.464331	0.464563	0.463589	0.465683	0.46257	0.462914	0.431955	0.435406	0.435304	0.439793	0.435263	0.435459	0.419613	0.418714	0.418079	0.416705	0.419375	0.416964	0.428385	0.427059	0.423746	0.424079	0.431999	0.424308
ERR629866	0.435287	0.421854	0.422086	0.422764	0.433353	0.423066	0.352881	0.354642	0.366992	0.355309	0.356676	0.359881	0.421924	0.419072	0.417929	0.420698	0.416967	0.416674	0.3372	0.336157	0.337941	0.339445	0.344696	0.415632	0.334368	0.370288	0.343961	0.349198	0.346901	0.337452	0.390727	0.372906	0.375027	0.393668	0.408571	0.383123	0.493406	0.488617	0.49617	0.499238	0.487755	0.494039	0.249987	0.253796	0	0.250456	0.268971	0.266212	0.405367	0.411142	0.417148	0.40634	0.408736	0.41742	0.433237	0.435266	0.430842	0.430323	0.436309	0.44942	0.470235	0.469779	0.4711	0.470871	0.470301	0.469687	0.426954	0.430577	0.423453	0.428017	0.439083	0.427055	0.473027	0.471676	0.47238	0.473476	0.470892	0.472212	0.437382	0.444204	0.443668	0.447058	0.4439	0.442222	0.425095	0.42448	0.42295	0.420322	0.425315	0.420046	0.437083	0.434056	0.429422	0.429287	0.44005	0.429495
