	ERR608936	ERR608932	ERR608935	ERR608934	ERR608931	ERR608933	ERR618509	ERR618511	ERR618507	ERR618510	ERR618508	ERR618512	ERR626425	ERR626424	ERR626428	ERR626427	ERR626426	ERR626423	ERR630233	ERR630231	ERR630235	ERR630232	ERR630230	ERR630234	ERR636646	ERR636648	ERR636643	ERR636645	ERR636647	ERR636644	ERR612548	ERR612552	ERR612547	ERR612549	ERR612551	ERR612550	ERR612254	ERR612251	ERR612252	ERR612253	ERR612255	ERR612256	ERR607656	ERR607654	ERR607655	ERR607652	ERR607653	ERR607651	ERR618349	ERR618347	ERR618345	ERR618346	ERR618348	ERR618350	ERR630009	ERR630006	ERR630008	ERR630007	ERR630011	ERR630010	ERR614984	ERR614980	ERR614979	ERR614982	ERR614983	ERR614981	ERR608706	ERR608703	ERR608704	ERR608702	ERR608705	ERR608701	ERR607851	ERR607852	ERR607853	ERR607854	ERR607849	ERR607850	ERR618293	ERR618292	ERR618295	ERR618296	ERR618291	ERR618294	ERR616857	ERR616858	ERR616854	ERR616855	ERR616853	ERR616856	ERR621926	ERR621925	ERR621927	ERR621930	ERR621928	ERR621929
ERR608936	0	0.266414	0.245584	0.245878	0.263699	0.282163	0.297975	0.296157	0.297715	0.2958	0.305946	0.297278	0.314646	0.314329	0.316772	0.347464	0.345027	0.318783	0.469744	0.47333	0.475188	0.473277	0.469089	0.469056	0.318319	0.330197	0.330932	0.318207	0.317978	0.320529	0.363634	0.36564	0.379688	0.367287	0.363982	0.365717	0.316455	0.321828	0.315769	0.316908	0.321208	0.315815	0.321129	0.314701	0.317004	0.306374	0.306598	0.295826	0.524932	0.777774	0.781519	0.780949	0.538061	0.52641	0.373585	0.345437	0.344655	0.345412	0.350826	0.351294	0.314661	0.330435	0.334447	0.314544	0.315579	0.334302	0.4577	0.46039	0.457942	0.458111	0.458035	0.482044	0.588771	0.574058	0.573648	0.572919	0.587782	0.583939	0.581207	0.584111	0.583675	0.585323	0.581567	0.581987	0.446877	0.447447	0.448197	0.456225	0.450578	0.447468	0.558219	0.551251	0.559126	0.545765	0.547941	0.54803
ERR608932	0.266414	0	0.262772	0.260129	0.283147	0.243777	0.315462	0.303506	0.302403	0.307736	0.332654	0.301852	0.32543	0.326955	0.318512	0.38643	0.383216	0.317595	0.468187	0.485869	0.478994	0.488953	0.469909	0.468633	0.319512	0.313207	0.313958	0.33405	0.319133	0.315815	0.374066	0.369154	0.358646	0.35318	0.365726	0.368323	0.312172	0.310531	0.310647	0.31163	0.342987	0.317346	0.287047	0.284136	0.285014	0.28106	0.281252	0.28013	0.543727	0.788856	0.797395	0.793042	0.560251	0.545942	0.400237	0.341311	0.346813	0.357033	0.358679	0.362551	0.330882	0.363706	0.370315	0.333784	0.33571	0.370405	0.46064	0.45635	0.460574	0.458972	0.460845	0.502581	0.600062	0.580465	0.580022	0.578965	0.599242	0.594414	0.582319	0.58711	0.586176	0.589079	0.583397	0.583777	0.451806	0.451611	0.442576	0.444012	0.443909	0.453212	0.581303	0.569236	0.582295	0.561753	0.564286	0.565157
ERR608935	0.245584	0.262772	0	0.244545	0.264144	0.27794	0.298674	0.295374	0.297239	0.295906	0.307848	0.296387	0.314815	0.314831	0.315802	0.350283	0.347827	0.317732	0.468697	0.473406	0.474551	0.473299	0.468158	0.468209	0.316422	0.327709	0.328348	0.317472	0.315948	0.318321	0.364109	0.365429	0.377958	0.366188	0.363645	0.365474	0.315381	0.32013	0.314546	0.315913	0.32236	0.315051	0.317948	0.3115	0.313764	0.303305	0.303627	0.29297	0.526397	0.778385	0.782518	0.781538	0.540063	0.527966	0.376043	0.34513	0.344925	0.346094	0.351568	0.352521	0.314766	0.332443	0.336864	0.314703	0.315735	0.336241	0.457277	0.459196	0.457484	0.457298	0.457495	0.48341	0.590125	0.574866	0.574476	0.573779	0.589231	0.585203	0.581971	0.584925	0.584562	0.586337	0.582653	0.582836	0.446192	0.446577	0.44651	0.45422	0.44883	0.446809	0.560236	0.552529	0.561049	0.547016	0.548996	0.549414
ERR608934	0.245878	0.260129	0.244545	0	0.263844	0.274731	0.298774	0.29469	0.296269	0.295238	0.308642	0.295845	0.314907	0.315209	0.315601	0.352801	0.350187	0.31692	0.468686	0.474064	0.47485	0.47441	0.4682	0.468082	0.315584	0.325852	0.326497	0.317711	0.314985	0.31714	0.36389	0.364776	0.375213	0.363804	0.362648	0.364721	0.313453	0.317823	0.312889	0.313841	0.322739	0.313574	0.315166	0.308869	0.311102	0.301128	0.301485	0.291006	0.528373	0.779103	0.78359	0.782394	0.54223	0.529795	0.377923	0.344109	0.344529	0.346493	0.351909	0.353082	0.315554	0.334616	0.339368	0.315865	0.316724	0.338694	0.457266	0.458708	0.45754	0.457288	0.457592	0.485184	0.591454	0.575918	0.575308	0.574664	0.590566	0.586567	0.582377	0.585643	0.585268	0.587139	0.583057	0.583309	0.446186	0.446568	0.445908	0.453367	0.448238	0.446836	0.561606	0.553592	0.562625	0.547863	0.550144	0.550264
ERR608931	0.263699	0.283147	0.264144	0.263844	0	0.305179	0.303468	0.311905	0.307724	0.31134	0.305385	0.31336	0.341535	0.340633	0.344894	0.374073	0.373107	0.347958	0.462559	0.460947	0.461339	0.462043	0.461965	0.462463	0.333132	0.347056	0.348372	0.315765	0.33258	0.332024	0.391502	0.397139	0.412997	0.395951	0.394525	0.397187	0.338436	0.347149	0.334823	0.337869	0.338711	0.33747	0.336441	0.328099	0.330944	0.323697	0.319612	0.306051	0.533694	0.817988	0.819905	0.820772	0.543618	0.536318	0.364986	0.361095	0.358985	0.354442	0.347357	0.347511	0.319843	0.329444	0.330902	0.31963	0.319384	0.33661	0.466938	0.47223	0.467969	0.466546	0.467756	0.47628	0.610374	0.597717	0.597738	0.596989	0.60718	0.604575	0.603389	0.604785	0.603052	0.603773	0.598946	0.603107	0.44308	0.444054	0.454175	0.464609	0.45271	0.443	0.583348	0.579734	0.583965	0.574127	0.576667	0.575975
ERR608933	0.282163	0.243777	0.27794	0.274731	0.305179	0	0.330484	0.31423	0.314233	0.319287	0.350483	0.311822	0.33241	0.334907	0.322604	0.397598	0.394235	0.320554	0.478443	0.500845	0.492389	0.504308	0.480719	0.479109	0.329764	0.316788	0.317015	0.352637	0.329317	0.325216	0.376697	0.369335	0.349602	0.348829	0.365587	0.368128	0.31646	0.311372	0.315752	0.315921	0.354232	0.323345	0.284456	0.283766	0.28406	0.282156	0.283865	0.287491	0.551376	0.782493	0.793136	0.787027	0.569111	0.553286	0.41608	0.345627	0.353569	0.367245	0.370591	0.375556	0.34497	0.381206	0.3884	0.348432	0.350826	0.387529	0.467057	0.460038	0.466728	0.465149	0.467082	0.515954	0.600839	0.579277	0.578826	0.577819	0.600515	0.595323	0.579844	0.585698	0.584915	0.588439	0.582568	0.581768	0.463775	0.463287	0.448814	0.447022	0.450919	0.465429	0.585298	0.571135	0.586356	0.56314	0.565592	0.566819
ERR618509	0.297975	0.315462	0.298674	0.298774	0.303468	0.330484	0	0.255162	0.254014	0.254459	0.25745	0.256579	0.30289	0.302249	0.306078	0.337091	0.335096	0.309005	0.460974	0.46365	0.46501	0.463705	0.460512	0.460337	0.328449	0.338032	0.338848	0.323966	0.327977	0.32789	0.391568	0.394971	0.410398	0.397143	0.393956	0.395696	0.350719	0.356123	0.348584	0.350538	0.352179	0.349759	0.345194	0.338513	0.340995	0.332965	0.331782	0.322972	0.507318	0.777947	0.780671	0.780786	0.519775	0.509219	0.357394	0.337043	0.335719	0.334689	0.336478	0.337079	0.326245	0.338016	0.341626	0.326059	0.326886	0.342298	0.443652	0.447957	0.444208	0.443722	0.4441	0.462018	0.57003	0.55623	0.556053	0.555449	0.568214	0.565122	0.56421	0.566412	0.565076	0.566617	0.562272	0.564117	0.43378	0.434367	0.43734	0.445926	0.438017	0.434212	0.549676	0.543986	0.549983	0.538812	0.541252	0.540717
ERR618511	0.296157	0.303506	0.295374	0.29469	0.311905	0.31423	0.255162	0	0.250571	0.24799	0.268772	0.24736	0.295233	0.295748	0.294383	0.340547	0.337439	0.296152	0.462623	0.470697	0.470615	0.471217	0.462638	0.462227	0.320528	0.325697	0.326256	0.326845	0.320122	0.320415	0.385978	0.385804	0.393633	0.383916	0.384284	0.385954	0.341026	0.344034	0.340214	0.341688	0.351693	0.341895	0.331084	0.32571	0.327744	0.319725	0.320167	0.313908	0.513259	0.767251	0.772368	0.770549	0.527943	0.514693	0.372234	0.331636	0.333482	0.337107	0.342893	0.344351	0.328214	0.34839	0.353572	0.32887	0.330699	0.352498	0.441286	0.442166	0.441292	0.441087	0.441372	0.472291	0.56952	0.553134	0.552829	0.552162	0.568614	0.564762	0.559781	0.563421	0.562635	0.564777	0.560626	0.560516	0.435593	0.435763	0.432593	0.438745	0.434864	0.436471	0.54922	0.540295	0.549684	0.534251	0.536434	0.53684
ERR618507	0.297715	0.302403	0.297239	0.296269	0.307724	0.314233	0.254014	0.250571	0	0.252065	0.26624	0.250737	0.299534	0.299606	0.298633	0.348053	0.345372	0.299177	0.457882	0.465877	0.464668	0.466934	0.457892	0.457551	0.321659	0.326047	0.326768	0.324254	0.321359	0.320006	0.39145	0.391894	0.398416	0.387729	0.389924	0.391871	0.344013	0.346355	0.341652	0.343942	0.35565	0.345045	0.32949	0.323923	0.326133	0.319039	0.318386	0.312437	0.515099	0.778154	0.783081	0.781422	0.529305	0.517033	0.369804	0.330317	0.331923	0.335821	0.338588	0.340652	0.326942	0.347987	0.352962	0.327954	0.329832	0.35284	0.440865	0.441861	0.441029	0.440283	0.441182	0.4706	0.573422	0.557444	0.557139	0.5563	0.57212	0.568487	0.563817	0.567285	0.565988	0.567971	0.562848	0.564434	0.431555	0.431923	0.430468	0.436522	0.431311	0.432408	0.554703	0.546006	0.555506	0.540371	0.542925	0.542859
ERR618510	0.2958	0.307736	0.295906	0.295238	0.31134	0.319287	0.254459	0.24799	0.252065	0	0.266354	0.248927	0.295397	0.295853	0.296061	0.335415	0.332691	0.298236	0.464044	0.470829	0.471405	0.470892	0.463957	0.463544	0.321841	0.329129	0.329666	0.326686	0.321901	0.322477	0.385321	0.386224	0.397012	0.386523	0.384683	0.386554	0.342963	0.34649	0.342275	0.343466	0.350172	0.342998	0.335858	0.330181	0.332242	0.323871	0.324139	0.316715	0.51056	0.765778	0.770188	0.76901	0.524962	0.512071	0.368914	0.333779	0.334335	0.336768	0.342699	0.343877	0.327582	0.345629	0.350282	0.328092	0.329851	0.34907	0.442312	0.444217	0.442518	0.442451	0.442522	0.470083	0.567908	0.552143	0.551889	0.551151	0.566937	0.563185	0.559471	0.562893	0.562162	0.564265	0.560128	0.560221	0.436517	0.436832	0.434767	0.44162	0.437263	0.43744	0.546681	0.538404	0.547002	0.532788	0.534971	0.535193
ERR618508	0.305946	0.332654	0.307848	0.308642	0.305385	0.350483	0.25745	0.268772	0.26624	0.266354	0	0.271426	0.313918	0.311766	0.320162	0.333838	0.33273	0.323746	0.463867	0.461429	0.465151	0.460336	0.462599	0.463394	0.340611	0.354206	0.355016	0.328296	0.340235	0.340738	0.397913	0.404272	0.426456	0.410699	0.403251	0.405216	0.363432	0.370413	0.360208	0.363398	0.35611	0.36084	0.363027	0.355525	0.358497	0.349915	0.347808	0.337097	0.503116	0.783545	0.78429	0.785942	0.512905	0.505008	0.348261	0.346505	0.34242	0.336703	0.338102	0.33699	0.330057	0.332124	0.333795	0.32873	0.32939	0.335205	0.450107	0.457317	0.45083	0.450796	0.450395	0.456954	0.569751	0.558761	0.558643	0.558217	0.567263	0.564955	0.568225	0.569496	0.568103	0.568917	0.564976	0.568081	0.436327	0.437434	0.445375	0.455842	0.445181	0.436475	0.547838	0.545163	0.548297	0.54121	0.543317	0.542405
ERR618512	0.297278	0.301852	0.296387	0.295845	0.31336	0.311822	0.256579	0.24736	0.250737	0.248927	0.271426	0	0.295519	0.2962	0.29402	0.343455	0.340364	0.29535	0.463053	0.47235	0.471454	0.47316	0.463399	0.462666	0.320223	0.324054	0.324745	0.327539	0.320091	0.320042	0.3869	0.386228	0.392061	0.382913	0.384537	0.386285	0.341255	0.34349	0.340183	0.341485	0.353731	0.342362	0.328822	0.323893	0.325824	0.318265	0.318772	0.313106	0.514485	0.768095	0.773659	0.771571	0.5297	0.516297	0.374166	0.331024	0.333036	0.337704	0.342705	0.344934	0.329153	0.351233	0.356612	0.330509	0.332128	0.355496	0.441218	0.441494	0.441376	0.440829	0.441326	0.473943	0.570044	0.553161	0.55279	0.552107	0.569159	0.565253	0.559547	0.563265	0.562606	0.564784	0.56038	0.560449	0.436041	0.436308	0.432399	0.437846	0.4345	0.43712	0.550979	0.541459	0.551504	0.535385	0.537578	0.538109
ERR626425	0.314646	0.32543	0.314815	0.314907	0.341535	0.33241	0.30289	0.295233	0.299534	0.295397	0.313918	0.295519	0	0.251662	0.252319	0.292981	0.290225	0.253211	0.483716	0.492691	0.494614	0.491324	0.483859	0.483322	0.341185	0.343059	0.343697	0.354615	0.341351	0.343208	0.374664	0.373612	0.385348	0.376174	0.372901	0.374242	0.343505	0.345083	0.343874	0.343616	0.350479	0.343568	0.343001	0.339568	0.340714	0.333514	0.335242	0.332582	0.494754	0.727321	0.73238	0.730629	0.508907	0.495089	0.373186	0.328376	0.329299	0.33316	0.346724	0.347842	0.332265	0.347358	0.353056	0.331546	0.333407	0.348638	0.441762	0.444554	0.441739	0.443411	0.441746	0.471665	0.53618	0.520623	0.520051	0.519525	0.536067	0.532406	0.528499	0.532451	0.532394	0.534542	0.530913	0.529938	0.448611	0.448841	0.442543	0.445907	0.446334	0.449658	0.515865	0.5072	0.516615	0.502033	0.503764	0.504084
ERR626424	0.314329	0.326955	0.314831	0.315209	0.340633	0.334907	0.302249	0.295748	0.299606	0.295853	0.311766	0.2962	0.251662	0	0.253977	0.291804	0.289331	0.254906	0.482409	0.490432	0.492672	0.489092	0.482502	0.482016	0.342168	0.34472	0.345565	0.353165	0.342327	0.343824	0.375753	0.375188	0.387875	0.377916	0.374495	0.375775	0.345122	0.346746	0.344365	0.345143	0.350689	0.344823	0.344707	0.341171	0.342331	0.335055	0.336438	0.333469	0.493687	0.729678	0.73436	0.733107	0.507226	0.493913	0.36997	0.327365	0.327605	0.330717	0.344206	0.345177	0.331014	0.345227	0.350467	0.330504	0.332022	0.346245	0.441501	0.444727	0.441613	0.443271	0.441326	0.469843	0.535348	0.520566	0.519959	0.519442	0.535116	0.531694	0.528878	0.532616	0.532452	0.534622	0.530839	0.530291	0.446869	0.447163	0.442144	0.445841	0.445569	0.447861	0.514561	0.506724	0.515815	0.501729	0.503513	0.503804
ERR626428	0.316772	0.318512	0.315802	0.315601	0.344894	0.322604	0.306078	0.294383	0.298633	0.296061	0.320162	0.29402	0.252319	0.253977	0	0.305931	0.302757	0.249213	0.482234	0.494435	0.49446	0.493961	0.482865	0.482058	0.338587	0.336491	0.337191	0.356087	0.338813	0.339637	0.376903	0.373512	0.377863	0.370956	0.372132	0.373695	0.340205	0.339853	0.340447	0.340148	0.354722	0.341676	0.333396	0.331032	0.331812	0.32558	0.327862	0.327425	0.501436	0.729964	0.736935	0.733757	0.517033	0.502063	0.38311	0.326777	0.330066	0.337296	0.35008	0.352201	0.335067	0.356167	0.362599	0.335257	0.337539	0.358409	0.440805	0.441099	0.440515	0.44184	0.440514	0.477743	0.541329	0.523981	0.523462	0.522787	0.541414	0.537302	0.530381	0.535071	0.53496	0.537628	0.533393	0.532063	0.448057	0.448071	0.439018	0.440731	0.442936	0.449335	0.522563	0.511997	0.523535	0.505744	0.507737	0.508328
ERR626427	0.347464	0.38643	0.350283	0.352801	0.374073	0.397598	0.337091	0.340547	0.348053	0.335415	0.333838	0.343455	0.292981	0.291804	0.305931	0	0.262896	0.311925	0.519369	0.517092	0.526355	0.5119	0.517522	0.517931	0.385781	0.400006	0.400521	0.389223	0.386002	0.392149	0.387237	0.394891	0.431689	0.418133	0.396926	0.396841	0.386522	0.392703	0.387601	0.387828	0.364342	0.380843	0.409626	0.404531	0.406356	0.395269	0.397538	0.38894	0.481625	0.704726	0.701543	0.706287	0.489516	0.480643	0.370438	0.372266	0.364735	0.356943	0.376839	0.373382	0.363138	0.351349	0.352604	0.359251	0.359655	0.345083	0.472943	0.482775	0.473112	0.4772	0.472806	0.473881	0.521733	0.515005	0.514281	0.514117	0.521927	0.519973	0.530531	0.531423	0.532239	0.532839	0.532713	0.530677	0.482476	0.483174	0.483617	0.491687	0.488604	0.482827	0.496815	0.497486	0.496802	0.496164	0.496509	0.495898
ERR626426	0.345027	0.383216	0.347827	0.350187	0.373107	0.394235	0.335096	0.337439	0.345372	0.332691	0.33273	0.340364	0.290225	0.289331	0.302757	0.262896	0	0.308721	0.518023	0.516554	0.525446	0.511427	0.516231	0.516625	0.382704	0.396847	0.397227	0.387281	0.382719	0.389199	0.385068	0.392088	0.428225	0.414974	0.394141	0.39437	0.383484	0.389422	0.384624	0.384557	0.362477	0.377775	0.406389	0.401366	0.403299	0.392218	0.394562	0.386134	0.481891	0.704296	0.701605	0.705991	0.490621	0.480987	0.371402	0.370337	0.363249	0.356023	0.376454	0.373066	0.36125	0.350797	0.352863	0.357786	0.357802	0.345037	0.471179	0.480284	0.471194	0.475127	0.470861	0.47417	0.521694	0.514554	0.513867	0.513638	0.522061	0.52002	0.529864	0.53068	0.53174	0.532308	0.532409	0.530342	0.481061	0.481734	0.481304	0.48929	0.486427	0.481457	0.496424	0.496301	0.496291	0.494606	0.49524	0.49475
ERR626423	0.318783	0.317595	0.317732	0.31692	0.347958	0.320554	0.309005	0.296152	0.299177	0.298236	0.323746	0.29535	0.253211	0.254906	0.249213	0.311925	0.308721	0	0.481065	0.494226	0.493789	0.493908	0.481642	0.480864	0.339273	0.335492	0.336085	0.35762	0.339423	0.339758	0.378706	0.374366	0.375979	0.369891	0.373091	0.374488	0.340844	0.339213	0.340711	0.340934	0.358123	0.342886	0.331287	0.329209	0.329827	0.323863	0.326242	0.326987	0.504043	0.730814	0.738514	0.734782	0.519939	0.504656	0.387156	0.32529	0.329433	0.338509	0.351599	0.35402	0.336051	0.359521	0.365901	0.336985	0.339242	0.361758	0.440205	0.43959	0.439935	0.441237	0.439956	0.480164	0.542542	0.524703	0.524034	0.523473	0.542809	0.538497	0.530875	0.535921	0.535956	0.538672	0.534	0.532918	0.447121	0.447004	0.437127	0.43804	0.440951	0.448395	0.523548	0.512125	0.524863	0.506263	0.508379	0.508947
ERR630233	0.469744	0.468187	0.468697	0.468686	0.462559	0.478443	0.460974	0.462623	0.457882	0.464044	0.463867	0.463053	0.483716	0.482409	0.482234	0.519369	0.518023	0.481065	0	0.255145	0.242241	0.264056	0.236124	0.234745	0.425348	0.427497	0.42763	0.417118	0.424706	0.420245	0.552488	0.553981	0.555816	0.546978	0.55188	0.553821	0.507827	0.509735	0.503545	0.507701	0.51674	0.508974	0.457816	0.452419	0.454525	0.450553	0.448122	0.44262	0.437326	0.771894	0.773993	0.774376	0.451702	0.440785	0.492957	0.470604	0.471707	0.475375	0.469415	0.472061	0.430076	0.445793	0.449222	0.431619	0.431827	0.452563	0.35488	0.359523	0.356368	0.352825	0.356159	0.376568	0.511594	0.499435	0.499568	0.49953	0.508354	0.505634	0.504768	0.506084	0.503462	0.504643	0.498052	0.504327	0.301345	0.301068	0.310276	0.322752	0.306851	0.301192	0.494717	0.488905	0.496858	0.483492	0.486409	0.4857
ERR630231	0.47333	0.485869	0.473406	0.474064	0.460947	0.500845	0.46365	0.470697	0.465877	0.470829	0.461429	0.47235	0.492691	0.490432	0.494435	0.517092	0.516554	0.494226	0.255145	0	0.242884	0.240014	0.249216	0.253209	0.433582	0.445882	0.446027	0.414067	0.432713	0.431117	0.563399	0.567648	0.578499	0.566564	0.566084	0.567915	0.521241	0.525826	0.516679	0.521273	0.519957	0.520339	0.482318	0.475178	0.477865	0.470755	0.468155	0.457904	0.437671	0.784426	0.781848	0.785965	0.444729	0.4406	0.488257	0.484047	0.482571	0.481002	0.474827	0.47577	0.430642	0.436516	0.438142	0.430967	0.430359	0.442321	0.374255	0.385807	0.376354	0.373843	0.375593	0.366942	0.528482	0.523597	0.52357	0.524112	0.524607	0.523585	0.53405	0.533055	0.53082	0.530305	0.525536	0.532858	0.310821	0.311442	0.337235	0.358299	0.334088	0.309163	0.498314	0.499474	0.500095	0.496453	0.49891	0.49722
ERR630235	0.475188	0.478994	0.474551	0.47485	0.461339	0.492389	0.46501	0.470615	0.464668	0.471405	0.465151	0.471454	0.494614	0.492672	0.49446	0.526355	0.525446	0.493789	0.242241	0.242884	0	0.251479	0.240661	0.241921	0.432634	0.439168	0.439414	0.416077	0.431703	0.427813	0.563851	0.566943	0.572602	0.561607	0.564717	0.566939	0.518321	0.5219	0.513383	0.518087	0.522738	0.518544	0.471397	0.464932	0.467264	0.462739	0.459424	0.451478	0.444001	0.792392	0.792261	0.7945	0.453768	0.447776	0.491094	0.480915	0.480758	0.481295	0.472399	0.474248	0.432939	0.443793	0.446063	0.434256	0.433943	0.451149	0.370384	0.378698	0.372457	0.368699	0.371841	0.373784	0.529961	0.521691	0.521934	0.522094	0.525525	0.523892	0.528226	0.528103	0.525148	0.525134	0.519026	0.52718	0.307326	0.307771	0.328131	0.344913	0.322913	0.306214	0.509068	0.507525	0.511181	0.502867	0.505873	0.504294
ERR630232	0.473277	0.488953	0.473299	0.47441	0.462043	0.504308	0.463705	0.471217	0.466934	0.470892	0.460336	0.47316	0.491324	0.489092	0.493961	0.5119	0.511427	0.493908	0.264056	0.240014	0.251479	0	0.25626	0.26179	0.435071	0.448966	0.449172	0.415369	0.434231	0.433583	0.561985	0.566644	0.579749	0.567722	0.565286	0.567014	0.522267	0.527002	0.518056	0.522434	0.51819	0.52069	0.4864	0.479167	0.481799	0.474031	0.471797	0.46093	0.432102	0.777605	0.773807	0.778964	0.437778	0.434793	0.486168	0.484259	0.481973	0.48024	0.475086	0.475856	0.429334	0.433058	0.434198	0.429173	0.428742	0.437801	0.375524	0.388268	0.377733	0.375803	0.376843	0.363978	0.524299	0.520726	0.520717	0.521326	0.520836	0.520087	0.532948	0.531475	0.529574	0.528743	0.524649	0.531398	0.315446	0.316354	0.341612	0.364002	0.339201	0.313458	0.490617	0.492884	0.492116	0.490685	0.492991	0.490884
ERR630230	0.469089	0.469909	0.468158	0.4682	0.461965	0.480719	0.460512	0.462638	0.457892	0.463957	0.462599	0.463399	0.483859	0.482502	0.482865	0.517522	0.516231	0.481642	0.236124	0.249216	0.240661	0.25626	0	0.235727	0.424293	0.428566	0.428696	0.414571	0.423514	0.419696	0.553372	0.555267	0.558589	0.549446	0.553336	0.555241	0.509321	0.51116	0.504838	0.50906	0.516408	0.510003	0.46099	0.455235	0.457429	0.452225	0.450225	0.443501	0.437027	0.77173	0.773033	0.77412	0.450303	0.440231	0.492844	0.471725	0.472531	0.475868	0.470792	0.473167	0.428896	0.443373	0.446383	0.430428	0.430477	0.449579	0.356822	0.362147	0.358307	0.3551	0.357919	0.375365	0.513707	0.502789	0.502886	0.503045	0.510607	0.508248	0.509621	0.510538	0.508438	0.509245	0.50304	0.509154	0.301513	0.301239	0.312106	0.326714	0.309275	0.300889	0.493368	0.488429	0.495784	0.483633	0.486467	0.485602
ERR630234	0.469056	0.468633	0.468209	0.468082	0.462463	0.479109	0.460337	0.462227	0.457551	0.463544	0.463394	0.462666	0.483322	0.482016	0.482058	0.517931	0.516625	0.480864	0.234745	0.253209	0.241921	0.26179	0.235727	0	0.424244	0.427497	0.427494	0.415777	0.423526	0.419473	0.552283	0.55372	0.556363	0.547512	0.551751	0.553688	0.507872	0.509814	0.503624	0.507685	0.515964	0.508741	0.458683	0.453246	0.455236	0.450777	0.448526	0.442604	0.436164	0.770025	0.771829	0.772484	0.450541	0.439602	0.492908	0.47096	0.471856	0.47536	0.469953	0.472586	0.429338	0.444842	0.448107	0.430948	0.431186	0.451342	0.354313	0.359134	0.355828	0.352365	0.355618	0.375493	0.511295	0.499314	0.499486	0.499582	0.508139	0.505459	0.505292	0.506677	0.504195	0.505052	0.499072	0.504869	0.301072	0.300765	0.310097	0.323456	0.307356	0.300739	0.493197	0.487562	0.495226	0.482163	0.485045	0.484288
ERR636646	0.318319	0.319512	0.316422	0.315584	0.333132	0.329764	0.328449	0.320528	0.321659	0.321841	0.340611	0.320223	0.341185	0.342168	0.338587	0.385781	0.382704	0.339273	0.425348	0.433582	0.432634	0.435071	0.424293	0.424244	0	0.245312	0.245345	0.249685	0.233099	0.236246	0.412248	0.411268	0.415783	0.40899	0.409906	0.411613	0.356506	0.358677	0.356471	0.357285	0.369989	0.35764	0.328091	0.321948	0.324103	0.311657	0.313964	0.304043	0.507976	0.75464	0.76037	0.758038	0.523509	0.509677	0.395334	0.350242	0.352088	0.358875	0.36339	0.365839	0.332013	0.357885	0.363474	0.333709	0.335227	0.362989	0.425757	0.424321	0.425828	0.425061	0.42643	0.463285	0.575551	0.558871	0.557889	0.557584	0.575287	0.570829	0.56672	0.570665	0.570011	0.572385	0.568539	0.56743	0.403065	0.403343	0.39921	0.407924	0.402569	0.403859	0.546495	0.536336	0.54693	0.52975	0.532026	0.532749
ERR636648	0.330197	0.313207	0.327709	0.325852	0.347056	0.316788	0.338032	0.325697	0.326047	0.329129	0.354206	0.324054	0.343059	0.34472	0.336491	0.400006	0.396847	0.335492	0.427497	0.445882	0.439168	0.448966	0.428566	0.427497	0.245312	0	0.235671	0.271804	0.245154	0.240808	0.412846	0.408357	0.401055	0.397824	0.406051	0.408194	0.356042	0.354258	0.355194	0.35586	0.380926	0.359803	0.31073	0.30721	0.308372	0.301812	0.303664	0.302215	0.509805	0.753351	0.761808	0.757361	0.527067	0.511849	0.401995	0.340326	0.345699	0.357433	0.359991	0.364668	0.340856	0.373359	0.380065	0.343961	0.345906	0.379645	0.424544	0.41982	0.424342	0.423013	0.424769	0.470646	0.568208	0.548625	0.547849	0.547158	0.567815	0.562983	0.552709	0.557803	0.556639	0.559699	0.55459	0.553815	0.40882	0.408606	0.398092	0.400508	0.400063	0.410125	0.549719	0.537113	0.550731	0.529597	0.531937	0.533078
ERR636643	0.330932	0.313958	0.328348	0.326497	0.348372	0.317015	0.338848	0.326256	0.326768	0.329666	0.355016	0.324745	0.343697	0.345565	0.337191	0.400521	0.397227	0.336085	0.42763	0.446027	0.439414	0.449172	0.428696	0.427494	0.245345	0.235671	0	0.271997	0.245553	0.240221	0.413444	0.409134	0.401602	0.398699	0.407048	0.408897	0.356818	0.355137	0.356272	0.356827	0.381731	0.3606	0.311019	0.307598	0.308889	0.302156	0.304198	0.302635	0.509752	0.752082	0.760817	0.756186	0.52719	0.511656	0.403306	0.341525	0.34668	0.358798	0.361929	0.366395	0.341617	0.37423	0.381091	0.344805	0.346941	0.380489	0.424282	0.419067	0.424022	0.422685	0.424539	0.470933	0.567947	0.548079	0.547255	0.546703	0.567718	0.5626	0.552477	0.557655	0.556584	0.559701	0.554615	0.553651	0.409444	0.409084	0.397828	0.400081	0.400269	0.410697	0.549796	0.536967	0.550778	0.529545	0.531768	0.53295
ERR636645	0.318207	0.33405	0.317472	0.317711	0.315765	0.352637	0.323966	0.326845	0.324254	0.326686	0.328296	0.327539	0.354615	0.353165	0.356087	0.389223	0.387281	0.35762	0.417118	0.414067	0.416077	0.415369	0.414571	0.415777	0.249685	0.271804	0.271997	0	0.249374	0.249818	0.425443	0.428945	0.443275	0.430084	0.427366	0.429356	0.369799	0.376187	0.367031	0.37003	0.371642	0.368628	0.348589	0.339513	0.342959	0.330376	0.329058	0.31413	0.507634	0.786054	0.787964	0.78879	0.519145	0.510031	0.378682	0.360104	0.358788	0.357952	0.356165	0.357181	0.326999	0.342132	0.34541	0.327566	0.328103	0.348253	0.430808	0.434516	0.43158	0.430179	0.431635	0.450229	0.588483	0.576217	0.575546	0.575279	0.586771	0.5838	0.585138	0.587214	0.58572	0.586898	0.582635	0.58516	0.393703	0.394616	0.404103	0.417567	0.404079	0.393639	0.554744	0.549401	0.555693	0.54424	0.546698	0.546345
ERR636647	0.317978	0.319133	0.315948	0.314985	0.33258	0.329317	0.327977	0.320122	0.321359	0.321901	0.340235	0.320091	0.341351	0.342327	0.338813	0.386002	0.382719	0.339423	0.424706	0.432713	0.431703	0.434231	0.423514	0.423526	0.233099	0.245154	0.245553	0.249374	0	0.236316	0.412188	0.411084	0.415463	0.408778	0.409596	0.411186	0.356059	0.358309	0.355896	0.356734	0.369465	0.357176	0.327769	0.321417	0.323711	0.311384	0.313449	0.303622	0.50754	0.755067	0.760737	0.758507	0.522951	0.509153	0.394845	0.349998	0.351697	0.35858	0.362741	0.365322	0.331594	0.357507	0.363188	0.333394	0.334726	0.362555	0.425161	0.423867	0.425277	0.424601	0.42591	0.46246	0.575102	0.558603	0.557617	0.557297	0.574891	0.57061	0.566346	0.570235	0.569549	0.571985	0.56812	0.566983	0.40278	0.402892	0.398748	0.407623	0.402025	0.403452	0.546299	0.536197	0.546836	0.529631	0.531891	0.532576
ERR636644	0.320529	0.315815	0.318321	0.31714	0.332024	0.325216	0.32789	0.320415	0.320006	0.322477	0.340738	0.320042	0.343208	0.343824	0.339637	0.392149	0.389199	0.339758	0.420245	0.431117	0.427813	0.433583	0.419696	0.419473	0.236246	0.240808	0.240221	0.249818	0.236316	0	0.414512	0.413108	0.414734	0.407972	0.411365	0.413325	0.357204	0.358497	0.356179	0.357412	0.373545	0.359018	0.320806	0.314698	0.316984	0.306684	0.307806	0.299953	0.507733	0.762903	0.768846	0.766357	0.523163	0.509595	0.392561	0.345407	0.34807	0.355506	0.357389	0.360688	0.331533	0.35921	0.365091	0.334111	0.335732	0.365143	0.423797	0.421833	0.423943	0.422565	0.424416	0.461732	0.574963	0.55791	0.557112	0.556601	0.574317	0.570045	0.564337	0.568248	0.56719	0.569596	0.56505	0.564965	0.400048	0.400149	0.395638	0.402765	0.397556	0.400717	0.550488	0.540099	0.551273	0.533453	0.535757	0.536487
ERR612548	0.363634	0.374066	0.364109	0.36389	0.391502	0.376697	0.391568	0.385978	0.39145	0.385321	0.397913	0.3869	0.374664	0.375753	0.376903	0.387237	0.385068	0.378706	0.552488	0.563399	0.563851	0.561985	0.553372	0.552283	0.412248	0.412846	0.413444	0.425443	0.412188	0.414512	0	0.264523	0.295831	0.281241	0.264622	0.265218	0.303441	0.306577	0.304795	0.303639	0.299605	0.300363	0.397337	0.396085	0.396939	0.39153	0.393695	0.392555	0.554069	0.753707	0.758632	0.757165	0.566862	0.554006	0.436625	0.409638	0.408586	0.409833	0.422994	0.423079	0.406352	0.414147	0.417282	0.40433	0.406164	0.412638	0.521032	0.521858	0.520541	0.521996	0.520517	0.544396	0.590281	0.575023	0.57449	0.573772	0.590327	0.585979	0.580238	0.583801	0.584637	0.586526	0.58433	0.581761	0.532256	0.532097	0.523752	0.524889	0.52774	0.532994	0.526873	0.518267	0.527223	0.512551	0.514587	0.514879
ERR612552	0.36564	0.369154	0.365429	0.364776	0.397139	0.369335	0.394971	0.385804	0.391894	0.386224	0.404272	0.386228	0.373612	0.375188	0.373512	0.394891	0.392088	0.374366	0.553981	0.567648	0.566943	0.566644	0.555267	0.55372	0.411268	0.408357	0.409134	0.428945	0.411084	0.413108	0.264523	0	0.280685	0.270531	0.258789	0.259505	0.298449	0.299109	0.301096	0.299225	0.304809	0.297397	0.391058	0.390702	0.391137	0.386673	0.389352	0.390337	0.5603	0.750078	0.757273	0.754002	0.574535	0.560263	0.446251	0.408809	0.409359	0.4133	0.426893	0.427917	0.409475	0.422107	0.426105	0.407938	0.410159	0.421259	0.520618	0.519766	0.520006	0.521476	0.520067	0.551126	0.593226	0.576153	0.575782	0.574971	0.593693	0.589023	0.580212	0.58462	0.585543	0.588008	0.58547	0.582166	0.53394	0.53357	0.522637	0.52223	0.527009	0.534747	0.531579	0.520491	0.532215	0.514063	0.515933	0.516769
ERR612547	0.379688	0.358646	0.377958	0.375213	0.412997	0.349602	0.410398	0.393633	0.398416	0.397012	0.426456	0.392061	0.385348	0.387875	0.377863	0.431689	0.428225	0.375979	0.555816	0.578499	0.572602	0.579749	0.558589	0.556363	0.415783	0.401055	0.401602	0.443275	0.415463	0.414734	0.295831	0.280685	0	0.256496	0.276851	0.278734	0.300639	0.292616	0.302973	0.300547	0.33828	0.306986	0.371349	0.374481	0.373857	0.373508	0.377173	0.384996	0.583909	0.761475	0.774573	0.766667	0.601487	0.584449	0.474416	0.41008	0.416239	0.428353	0.439282	0.442863	0.423745	0.449578	0.455782	0.424353	0.427316	0.451461	0.525282	0.518438	0.524245	0.524491	0.524696	0.572842	0.61132	0.589534	0.588899	0.587809	0.612149	0.606482	0.588406	0.595193	0.595873	0.599486	0.594923	0.591245	0.540553	0.539664	0.521629	0.516077	0.525847	0.542065	0.562457	0.545649	0.563739	0.536851	0.539186	0.540919
ERR612549	0.367287	0.35318	0.366188	0.363804	0.395951	0.348829	0.397143	0.383916	0.387729	0.386523	0.410699	0.382913	0.376174	0.377916	0.370956	0.418133	0.414974	0.369891	0.546978	0.566564	0.561607	0.567722	0.549446	0.547512	0.40899	0.397824	0.398699	0.430084	0.408778	0.407972	0.281241	0.270531	0.256496	0	0.266713	0.268401	0.291479	0.287384	0.29254	0.291002	0.320841	0.29622	0.369646	0.371126	0.37104	0.37043	0.372287	0.378108	0.573547	0.767234	0.777895	0.771959	0.589761	0.57421	0.45644	0.40171	0.406176	0.414881	0.424773	0.427422	0.410987	0.433053	0.438436	0.411157	0.413767	0.435012	0.518507	0.51429	0.517881	0.518255	0.518082	0.559402	0.605413	0.585298	0.584849	0.583846	0.605503	0.600404	0.585024	0.590963	0.591272	0.594436	0.589964	0.587688	0.530252	0.529457	0.515861	0.512017	0.519067	0.531369	0.553149	0.538624	0.554316	0.530542	0.532986	0.534161
ERR612551	0.363982	0.365726	0.363645	0.362648	0.394525	0.365587	0.393956	0.384284	0.389924	0.384683	0.403251	0.384537	0.372901	0.374495	0.372132	0.396926	0.394141	0.373091	0.55188	0.566084	0.564717	0.565286	0.553336	0.551751	0.409906	0.406051	0.407048	0.427366	0.409596	0.411365	0.264622	0.258789	0.276851	0.266713	0	0.25852	0.295357	0.295648	0.297681	0.295949	0.304554	0.295193	0.387104	0.386918	0.38736	0.383331	0.385842	0.387319	0.561392	0.753843	0.761227	0.757762	0.575922	0.561489	0.445911	0.406732	0.407905	0.412357	0.42503	0.426184	0.407966	0.421694	0.425949	0.406685	0.408952	0.421419	0.519806	0.518729	0.51925	0.520463	0.519284	0.551104	0.595029	0.577662	0.577252	0.576362	0.595321	0.590543	0.581028	0.585596	0.586447	0.58895	0.586124	0.583121	0.532278	0.531873	0.521089	0.520329	0.525091	0.53319	0.534001	0.522699	0.534606	0.516019	0.518153	0.518821
ERR612550	0.365717	0.368323	0.365474	0.364721	0.397187	0.368128	0.395696	0.385954	0.391871	0.386554	0.405216	0.386285	0.374242	0.375775	0.373695	0.396841	0.39437	0.374488	0.553821	0.567915	0.566939	0.567014	0.555241	0.553688	0.411613	0.408194	0.408897	0.429356	0.411186	0.413325	0.265218	0.259505	0.278734	0.268401	0.25852	0	0.297783	0.298436	0.3003	0.298537	0.306129	0.297375	0.389834	0.389821	0.390226	0.386033	0.388655	0.389947	0.561766	0.751781	0.759168	0.755809	0.576166	0.561795	0.447416	0.408551	0.409141	0.413668	0.427016	0.428098	0.409982	0.423357	0.427607	0.408527	0.410904	0.422604	0.520654	0.519482	0.519967	0.521451	0.52021	0.552181	0.594481	0.577183	0.576666	0.575902	0.594809	0.590142	0.580874	0.585434	0.586461	0.588859	0.586001	0.58297	0.534007	0.533481	0.522387	0.521783	0.526708	0.534817	0.533227	0.521829	0.533824	0.515103	0.51719	0.517947
ERR612254	0.316455	0.312172	0.315381	0.313453	0.338436	0.31646	0.350719	0.341026	0.344013	0.342963	0.363432	0.341255	0.343505	0.345122	0.340205	0.386522	0.383484	0.340844	0.507827	0.521241	0.518321	0.522267	0.509321	0.507872	0.356506	0.356042	0.356818	0.369799	0.356059	0.357204	0.303441	0.298449	0.300639	0.291479	0.295357	0.297783	0	0.255657	0.254788	0.254106	0.276762	0.255079	0.337622	0.335295	0.336432	0.331304	0.332477	0.330303	0.555712	0.774394	0.782465	0.77839	0.570969	0.556778	0.420751	0.375937	0.378687	0.38466	0.390837	0.393173	0.362878	0.38494	0.389678	0.362252	0.364906	0.388604	0.490875	0.489135	0.490626	0.49068	0.491067	0.527194	0.606136	0.587384	0.586837	0.585904	0.605447	0.600729	0.590552	0.59511	0.594952	0.597622	0.59312	0.591996	0.48956	0.489419	0.481523	0.483304	0.484274	0.490672	0.556997	0.545206	0.557801	0.537564	0.540245	0.540878
ERR612251	0.321828	0.310531	0.32013	0.317823	0.347149	0.311372	0.356123	0.344034	0.346355	0.34649	0.370413	0.34349	0.345083	0.346746	0.339853	0.392703	0.389422	0.339213	0.509735	0.525826	0.5219	0.527002	0.51116	0.509814	0.358677	0.354258	0.355137	0.376187	0.358309	0.358497	0.306577	0.299109	0.292616	0.287384	0.295648	0.298436	0.255657	0	0.255186	0.254951	0.287708	0.259684	0.333887	0.332574	0.333284	0.328344	0.330684	0.330999	0.559373	0.771233	0.780705	0.775584	0.575651	0.560482	0.428928	0.374404	0.378658	0.387602	0.394942	0.398119	0.367818	0.393421	0.398735	0.368326	0.370922	0.396795	0.491221	0.487602	0.490863	0.490747	0.491194	0.533048	0.605756	0.586069	0.585489	0.584465	0.605485	0.60055	0.588292	0.593509	0.593578	0.596612	0.59163	0.590178	0.491725	0.491489	0.480639	0.48063	0.483633	0.493022	0.558577	0.54522	0.560009	0.537592	0.540193	0.541133
ERR612252	0.315769	0.310647	0.314546	0.312889	0.334823	0.315752	0.348584	0.340214	0.341652	0.342275	0.360208	0.340183	0.343874	0.344365	0.340447	0.387601	0.384624	0.340711	0.503545	0.516679	0.513383	0.518056	0.504838	0.503624	0.356471	0.355194	0.356272	0.367031	0.355896	0.356179	0.304795	0.301096	0.302973	0.29254	0.297681	0.3003	0.254788	0.255186	0	0.25367	0.278872	0.257189	0.335761	0.333264	0.334215	0.329488	0.330291	0.328493	0.554259	0.780025	0.787939	0.784099	0.569152	0.555588	0.416913	0.372474	0.375402	0.381111	0.386277	0.388745	0.359996	0.381936	0.386528	0.359956	0.362246	0.385927	0.488711	0.487034	0.488526	0.488233	0.488808	0.524009	0.605549	0.587381	0.586865	0.585923	0.60467	0.600104	0.589944	0.594466	0.594272	0.596784	0.591719	0.591588	0.485131	0.485061	0.478314	0.479885	0.480342	0.486207	0.556715	0.545531	0.558113	0.538198	0.540901	0.541402
ERR612253	0.316908	0.31163	0.315913	0.313841	0.337869	0.315921	0.350538	0.341688	0.343942	0.343466	0.363398	0.341485	0.343616	0.345143	0.340148	0.387828	0.384557	0.340934	0.507701	0.521273	0.518087	0.522434	0.50906	0.507685	0.357285	0.35586	0.356827	0.37003	0.356734	0.357412	0.303639	0.299225	0.300547	0.291002	0.295949	0.298537	0.254106	0.254951	0.25367	0	0.278609	0.256544	0.337409	0.3351	0.336071	0.331166	0.332364	0.330545	0.555165	0.775875	0.783983	0.779889	0.570609	0.556334	0.419669	0.374688	0.377487	0.383526	0.389255	0.391775	0.362937	0.385221	0.389739	0.362712	0.364954	0.389074	0.490225	0.488292	0.489903	0.489782	0.490351	0.526407	0.605366	0.586684	0.586149	0.585189	0.604556	0.600056	0.589218	0.593739	0.593633	0.596241	0.591628	0.590801	0.48873	0.488726	0.480939	0.482472	0.483579	0.48985	0.557409	0.545648	0.558186	0.537962	0.540658	0.5412
ERR612255	0.321208	0.342987	0.32236	0.322739	0.338711	0.354232	0.352179	0.351693	0.35565	0.350172	0.35611	0.353731	0.350479	0.350689	0.354722	0.364342	0.362477	0.358123	0.51674	0.519957	0.522738	0.51819	0.516408	0.515964	0.369989	0.380926	0.381731	0.371642	0.369465	0.373545	0.299605	0.304809	0.33828	0.320841	0.304554	0.306129	0.276762	0.287708	0.278872	0.278609	0	0.270956	0.374537	0.369767	0.371734	0.362991	0.363779	0.355274	0.542119	0.768158	0.771184	0.771165	0.553699	0.542743	0.405663	0.390801	0.387969	0.385719	0.393879	0.393477	0.364302	0.370114	0.372067	0.36176	0.36332	0.370618	0.497708	0.501445	0.497975	0.498951	0.497946	0.515413	0.598382	0.584732	0.584288	0.583507	0.597471	0.593902	0.591964	0.594291	0.594533	0.596045	0.593295	0.592599	0.494923	0.495473	0.494425	0.501016	0.497419	0.495346	0.538036	0.532311	0.538425	0.526889	0.529025	0.528674
ERR612256	0.315815	0.317346	0.315051	0.313574	0.33747	0.323345	0.349759	0.341895	0.345045	0.342998	0.36084	0.342362	0.343568	0.344823	0.341676	0.380843	0.377775	0.342886	0.508974	0.520339	0.518544	0.52069	0.510003	0.508741	0.35764	0.359803	0.3606	0.368628	0.357176	0.359018	0.300363	0.297397	0.306986	0.29622	0.295193	0.297375	0.255079	0.259684	0.257189	0.256544	0.270956	0	0.344728	0.341761	0.343074	0.3369	0.338141	0.334575	0.552486	0.772137	0.779238	0.775962	0.567312	0.55357	0.417384	0.378575	0.379903	0.384223	0.390932	0.392666	0.361992	0.381011	0.385149	0.361111	0.363492	0.384034	0.491462	0.490672	0.491333	0.491541	0.491704	0.524515	0.604162	0.5865	0.58592	0.584966	0.603382	0.599029	0.590348	0.594633	0.594565	0.597007	0.592828	0.591739	0.489438	0.489503	0.483205	0.486006	0.48599	0.490538	0.552203	0.541549	0.553012	0.534283	0.536865	0.537451
ERR607656	0.321129	0.287047	0.317948	0.315166	0.336441	0.284456	0.345194	0.331084	0.32949	0.335858	0.363027	0.328822	0.343001	0.344707	0.333396	0.409626	0.406389	0.331287	0.457816	0.482318	0.471397	0.4864	0.46099	0.458683	0.328091	0.31073	0.311019	0.348589	0.327769	0.320806	0.397337	0.391058	0.371349	0.369646	0.387104	0.389834	0.337622	0.333887	0.335761	0.337409	0.374537	0.344728	0	0.239088	0.238982	0.243422	0.242685	0.251576	0.535977	0.785813	0.795627	0.790228	0.553173	0.538243	0.405096	0.334297	0.342777	0.357306	0.356153	0.362273	0.337347	0.374934	0.382631	0.341443	0.343845	0.382843	0.453263	0.446913	0.453014	0.451093	0.453486	0.499653	0.588403	0.567358	0.567071	0.565762	0.587214	0.582273	0.566117	0.571625	0.570192	0.573205	0.567136	0.56769	0.446923	0.446204	0.43279	0.430388	0.433392	0.448293	0.577085	0.563948	0.578503	0.555827	0.558293	0.559538
ERR607654	0.314701	0.284136	0.3115	0.308869	0.328099	0.283766	0.338513	0.32571	0.323923	0.330181	0.355525	0.323893	0.339568	0.341171	0.331032	0.404531	0.401366	0.329209	0.452419	0.475178	0.464932	0.479167	0.455235	0.453246	0.321948	0.30721	0.307598	0.339513	0.321417	0.314698	0.396085	0.390702	0.374481	0.371126	0.386918	0.389821	0.335295	0.332574	0.333264	0.3351	0.369767	0.341761	0.239088	0	0.238349	0.240908	0.239882	0.246092	0.533203	0.78798	0.797015	0.792182	0.549919	0.53566	0.399266	0.332454	0.340172	0.353436	0.351812	0.357702	0.330608	0.367147	0.37449	0.334654	0.336645	0.375167	0.450534	0.444976	0.450436	0.44839	0.450727	0.494576	0.588614	0.568325	0.568088	0.566862	0.587248	0.582759	0.568118	0.573366	0.571744	0.574683	0.568649	0.569586	0.440896	0.4403	0.428825	0.42773	0.429179	0.442354	0.575475	0.56307	0.576963	0.555252	0.557831	0.558962
ERR607655	0.317004	0.285014	0.313764	0.311102	0.330944	0.28406	0.340995	0.327744	0.326133	0.332242	0.358497	0.325824	0.340714	0.342331	0.331812	0.406356	0.403299	0.329827	0.454525	0.477865	0.467264	0.481799	0.457429	0.455236	0.324103	0.308372	0.308889	0.342959	0.323711	0.316984	0.396939	0.391137	0.373857	0.37104	0.38736	0.390226	0.336432	0.333284	0.334215	0.336071	0.371734	0.343074	0.238982	0.238349	0	0.241887	0.240683	0.248041	0.534043	0.787321	0.796707	0.791624	0.550983	0.536403	0.401333	0.333085	0.341074	0.35471	0.353041	0.359177	0.33296	0.370017	0.377438	0.337061	0.339271	0.377859	0.451436	0.445541	0.451345	0.449299	0.451604	0.496231	0.588395	0.567902	0.56755	0.566261	0.58719	0.582455	0.56715	0.572503	0.571028	0.573921	0.567891	0.568625	0.442996	0.442388	0.430281	0.428679	0.430637	0.444501	0.576437	0.563732	0.577857	0.5558	0.558358	0.559399
