	ERR608742	ERR608741	ERR608743	ERR608739	ERR608744	ERR608740	ERR621933	ERR621932	ERR621935	ERR621931	ERR621934	ERR621936	ERR613247	ERR613250	ERR613248	ERR613249	ERR613246	ERR613245	ERR617172	ERR617168	ERR617169	ERR617170	ERR617171	ERR617167	ERR637109	ERR637110	ERR637106	ERR637108	ERR637107	ERR637105	ERR630233	ERR630231	ERR630235	ERR630232	ERR630230	ERR630234	ERR617232	ERR617231	ERR617230	ERR617229	ERR617228	ERR617227	ERR607730	ERR607731	ERR607733	ERR607734	ERR607732	ERR607729	ERR605600	ERR605599	ERR605602	ERR605603	ERR605604	ERR605601	ERR618751	ERR618747	ERR618750	ERR618752	ERR618749	ERR618748	ERR617049	ERR617048	ERR617047	ERR617045	ERR617046	ERR617050	ERR635308	ERR635305	ERR635306	ERR635307	ERR635304	ERR635309	ERR613568	ERR613565	ERR613567	ERR613564	ERR613563	ERR613566	ERR618381	ERR618385	ERR618384	ERR618383	ERR618386	ERR618382	ERR629975	ERR629973	ERR629972	ERR629971	ERR629974	ERR629970	ERR630080	ERR630081	ERR630078	ERR630082	ERR630079	ERR630083
ERR608742	6.59286e+09	6.54523e+09	6.38119e+09	5.03352e+09	6.42796e+09	6.20931e+09	6.13273e+09	6.16683e+09	6.62464e+09	6.55532e+09	6.66971e+09	6.68543e+09	6.80078e+09	5.42517e+09	5.18547e+09	5.42654e+09	7.01916e+09	7.31316e+09	5.18317e+09	5.51663e+09	5.4921e+09	6.01425e+09	6.05026e+09	5.30628e+09	7.22274e+09	7.28142e+09	7.15924e+09	7.19438e+09	7.12991e+09	6.9376e+09	6.39714e+09	5.77298e+09	6.117e+09	5.60494e+09	6.29637e+09	6.36633e+09	4.86834e+09	5.16094e+09	4.98525e+09	5.82793e+09	5.80063e+09	5.49747e+09	6.48765e+09	6.48661e+09	6.39874e+09	6.4272e+09	6.37631e+09	6.24311e+09	6.36587e+09	6.60231e+09	6.24316e+09	6.31108e+09	6.23413e+09	6.11012e+09	5.29879e+09	5.28601e+09	5.27424e+09	5.38605e+09	5.08295e+09	5.06884e+09	5.24721e+09	5.31438e+09	5.87419e+09	5.67609e+09	5.77757e+09	5.34317e+09	5.24674e+09	6.30307e+09	6.53948e+09	5.56007e+09	5.98569e+09	5.26358e+09	4.66758e+09	5.25064e+09	4.68937e+09	5.2711e+09	5.29337e+09	4.73565e+09	4.26255e+09	3.92398e+09	3.56705e+09	4.15969e+09	3.63611e+09	4.15141e+09	6.38433e+09	6.41633e+09	6.8822e+09	6.36164e+09	6.33961e+09	6.94259e+09	6.69963e+09	5.54007e+09	6.87333e+09	6.32604e+09	6.42331e+09	6.41644e+09
ERR608741	6.54523e+09	6.89404e+09	6.5221e+09	5.13212e+09	6.57108e+09	6.34638e+09	6.28145e+09	6.31725e+09	6.79142e+09	6.72039e+09	6.83839e+09	6.85456e+09	6.97393e+09	5.54939e+09	5.30105e+09	5.55074e+09	7.20112e+09	7.50758e+09	5.31465e+09	5.66621e+09	5.64145e+09	6.18228e+09	6.21837e+09	5.44501e+09	7.40256e+09	7.46444e+09	7.33864e+09	7.37348e+09	7.30672e+09	7.10562e+09	6.5427e+09	5.89468e+09	6.24963e+09	5.7223e+09	6.4391e+09	6.51092e+09	4.97813e+09	5.28558e+09	5.10501e+09	5.97696e+09	5.94795e+09	5.63216e+09	6.63543e+09	6.63246e+09	6.54173e+09	6.57081e+09	6.51791e+09	6.37923e+09	6.52267e+09	6.7678e+09	6.39703e+09	6.46666e+09	6.38739e+09	6.25781e+09	5.43785e+09	5.42446e+09	5.41202e+09	5.52856e+09	5.21405e+09	5.19857e+09	5.38188e+09	5.45133e+09	6.03503e+09	5.82684e+09	5.93451e+09	5.4807e+09	5.35168e+09	6.44602e+09	6.69206e+09	5.6741e+09	6.11453e+09	5.36895e+09	4.78452e+09	5.38612e+09	4.80757e+09	5.4074e+09	5.43061e+09	4.85487e+09	4.36457e+09	4.01454e+09	3.64767e+09	4.25852e+09	3.71839e+09	4.25041e+09	6.53931e+09	6.57248e+09	7.06088e+09	6.5195e+09	6.49244e+09	7.12439e+09	6.86485e+09	5.6584e+09	7.04593e+09	6.47011e+09	6.57631e+09	6.565e+09
ERR608743	6.38119e+09	6.5221e+09	6.55055e+09	5.0199e+09	6.40804e+09	6.18862e+09	6.11326e+09	6.14816e+09	6.60339e+09	6.53529e+09	6.64784e+09	6.66298e+09	6.78148e+09	5.41023e+09	5.17153e+09	5.41194e+09	6.99809e+09	7.28952e+09	5.17626e+09	5.50261e+09	5.47908e+09	5.99877e+09	6.03432e+09	5.29468e+09	7.19872e+09	7.25736e+09	7.13485e+09	7.17021e+09	7.10754e+09	6.91455e+09	6.37834e+09	5.75697e+09	6.09917e+09	5.58965e+09	6.27781e+09	6.34711e+09	4.8611e+09	5.14733e+09	4.97219e+09	5.81175e+09	5.78442e+09	5.48491e+09	6.4652e+09	6.466e+09	6.37887e+09	6.40697e+09	6.35626e+09	6.22255e+09	6.35371e+09	6.58892e+09	6.23032e+09	6.29762e+09	6.22076e+09	6.09673e+09	5.28944e+09	5.27817e+09	5.26444e+09	5.37575e+09	5.07388e+09	5.06111e+09	5.24163e+09	5.30861e+09	5.86333e+09	5.66619e+09	5.76574e+09	5.33837e+09	5.2379e+09	6.28667e+09	6.52248e+09	5.55057e+09	5.97347e+09	5.25479e+09	4.65737e+09	5.23991e+09	4.67906e+09	5.26024e+09	5.28274e+09	4.72482e+09	4.24965e+09	3.91251e+09	3.55671e+09	4.14764e+09	3.62582e+09	4.1392e+09	6.37012e+09	6.40188e+09	6.86449e+09	6.3466e+09	6.32458e+09	6.92474e+09	6.68374e+09	5.5301e+09	6.8576e+09	6.31269e+09	6.41022e+09	6.40337e+09
ERR608739	5.03352e+09	5.13212e+09	5.0199e+09	4.21168e+09	5.05235e+09	4.90441e+09	4.77353e+09	4.79578e+09	5.12212e+09	5.06909e+09	5.15182e+09	5.16472e+09	5.2693e+09	4.28234e+09	4.11709e+09	4.28583e+09	5.42243e+09	5.62169e+09	4.06146e+09	4.27142e+09	4.24976e+09	4.63126e+09	4.65824e+09	4.12918e+09	5.60762e+09	5.6465e+09	5.55469e+09	5.58794e+09	5.54334e+09	5.4096e+09	5.03161e+09	4.58761e+09	4.84244e+09	4.46096e+09	4.95766e+09	5.00799e+09	3.87157e+09	4.05161e+09	3.9232e+09	4.53021e+09	4.51501e+09	4.30943e+09	5.09923e+09	5.1073e+09	5.04068e+09	5.05965e+09	5.02566e+09	4.93453e+09	4.96839e+09	5.13686e+09	4.87672e+09	4.92691e+09	4.87118e+09	4.78466e+09	4.12884e+09	4.12027e+09	4.10937e+09	4.18896e+09	3.97268e+09	3.96584e+09	4.10015e+09	4.14966e+09	4.53723e+09	4.40634e+09	4.4698e+09	4.17527e+09	4.21968e+09	4.96389e+09	5.12868e+09	4.45135e+09	4.75402e+09	4.23297e+09	3.6726e+09	4.10896e+09	3.68906e+09	4.12447e+09	4.1422e+09	3.72322e+09	3.34598e+09	3.10067e+09	2.83019e+09	3.27142e+09	2.88285e+09	3.26437e+09	4.98532e+09	5.00641e+09	5.31773e+09	4.953e+09	4.95337e+09	5.35982e+09	5.22049e+09	4.41771e+09	5.34337e+09	4.98405e+09	5.03112e+09	5.04766e+09
ERR608744	6.42796e+09	6.57108e+09	6.40804e+09	5.05235e+09	6.64651e+09	6.23373e+09	6.15809e+09	6.19343e+09	6.65338e+09	6.58438e+09	6.69826e+09	6.71386e+09	6.83277e+09	5.44739e+09	5.2066e+09	5.44942e+09	7.0522e+09	7.34746e+09	5.2118e+09	5.54231e+09	5.51846e+09	6.04361e+09	6.07908e+09	5.33166e+09	7.25539e+09	7.31498e+09	7.19156e+09	7.22758e+09	7.16363e+09	6.96862e+09	6.42557e+09	5.79769e+09	6.14349e+09	5.62822e+09	6.32418e+09	6.39396e+09	4.89263e+09	5.18265e+09	5.00576e+09	5.85386e+09	5.82588e+09	5.52335e+09	6.51436e+09	6.51497e+09	6.42697e+09	6.4552e+09	6.40388e+09	6.26858e+09	6.40005e+09	6.6376e+09	6.27523e+09	6.34325e+09	6.26607e+09	6.14046e+09	5.32611e+09	5.31451e+09	5.3011e+09	5.41324e+09	5.10853e+09	5.09547e+09	5.27706e+09	5.34449e+09	5.90521e+09	5.70614e+09	5.80703e+09	5.37437e+09	5.27244e+09	6.33298e+09	6.57207e+09	5.58814e+09	6.01575e+09	5.28969e+09	4.68881e+09	5.27633e+09	4.71017e+09	5.29677e+09	5.31943e+09	4.75723e+09	4.27839e+09	3.93799e+09	3.5796e+09	4.17564e+09	3.64896e+09	4.16687e+09	6.41574e+09	6.44764e+09	6.91636e+09	6.39298e+09	6.3697e+09	6.97746e+09	6.73487e+09	5.56832e+09	6.9108e+09	6.35885e+09	6.458e+09	6.4502e+09
ERR608740	6.20931e+09	6.34638e+09	6.18862e+09	4.90441e+09	6.23373e+09	6.20994e+09	5.93373e+09	5.96568e+09	6.40232e+09	6.33538e+09	6.44413e+09	6.45964e+09	6.58102e+09	5.26465e+09	5.03691e+09	5.26635e+09	6.78798e+09	7.0656e+09	5.02107e+09	5.33216e+09	5.30834e+09	5.8079e+09	5.84205e+09	5.1332e+09	6.98868e+09	7.044e+09	6.92676e+09	6.96155e+09	6.90132e+09	6.71927e+09	6.20481e+09	5.60924e+09	5.93969e+09	5.4478e+09	6.10874e+09	6.1752e+09	4.72861e+09	5.00102e+09	4.83287e+09	5.63874e+09	5.61397e+09	5.32722e+09	6.29193e+09	6.29339e+09	6.20835e+09	6.23503e+09	6.1871e+09	6.06184e+09	6.16709e+09	6.39368e+09	6.04976e+09	6.11458e+09	6.04084e+09	5.92219e+09	5.12886e+09	5.11712e+09	5.10544e+09	5.21177e+09	4.92245e+09	4.90978e+09	5.08124e+09	5.14531e+09	5.67691e+09	5.48987e+09	5.58452e+09	5.17448e+09	5.10844e+09	6.11746e+09	6.34174e+09	5.41016e+09	5.81714e+09	5.1242e+09	4.52339e+09	5.08477e+09	4.54459e+09	5.1047e+09	5.12687e+09	4.58898e+09	4.12904e+09	3.80516e+09	3.46101e+09	4.03121e+09	3.5278e+09	4.02283e+09	6.18733e+09	6.2171e+09	6.65742e+09	6.16207e+09	6.14371e+09	6.71449e+09	6.4908e+09	5.38861e+09	6.65667e+09	6.14086e+09	6.22933e+09	6.22714e+09
ERR621933	6.13273e+09	6.28145e+09	6.11326e+09	4.77353e+09	6.15809e+09	5.93373e+09	6.66288e+09	6.47853e+09	6.95925e+09	6.89698e+09	7.01204e+09	7.02428e+09	6.75847e+09	5.38882e+09	5.13536e+09	5.38773e+09	6.97792e+09	7.29506e+09	5.2642e+09	5.65716e+09	5.63792e+09	6.17644e+09	6.21069e+09	5.41807e+09	7.01142e+09	7.08077e+09	6.95313e+09	6.98001e+09	6.90974e+09	6.69155e+09	6.0997e+09	5.4638e+09	5.79019e+09	5.31164e+09	5.99761e+09	6.06957e+09	4.86796e+09	5.21017e+09	5.03299e+09	5.89645e+09	5.85839e+09	5.52836e+09	6.17636e+09	6.16374e+09	6.08139e+09	6.11288e+09	6.05423e+09	5.9145e+09	6.30851e+09	6.54555e+09	6.19409e+09	6.25728e+09	6.18378e+09	6.04654e+09	5.37954e+09	5.36089e+09	5.35244e+09	5.47294e+09	5.15043e+09	5.13033e+09	5.33174e+09	5.40308e+09	6.01091e+09	5.78069e+09	5.90565e+09	5.42491e+09	5.00098e+09	6.04594e+09	6.29215e+09	5.29279e+09	5.70278e+09	5.01608e+09	4.77389e+09	5.35814e+09	4.7961e+09	5.37798e+09	5.39875e+09	4.84207e+09	4.3755e+09	4.01541e+09	3.64903e+09	4.26746e+09	3.7171e+09	4.25888e+09	6.24886e+09	6.28395e+09	6.78942e+09	6.25768e+09	6.20265e+09	6.85626e+09	6.498e+09	5.30021e+09	6.67858e+09	6.0629e+09	6.2099e+09	6.15323e+09
ERR621932	6.16683e+09	6.31725e+09	6.14816e+09	4.79578e+09	6.19343e+09	5.96568e+09	6.47853e+09	6.74067e+09	7.00096e+09	6.94073e+09	7.05419e+09	7.06679e+09	6.80012e+09	5.4174e+09	5.16066e+09	5.41614e+09	7.02196e+09	7.34126e+09	5.29343e+09	5.6899e+09	5.67151e+09	6.21387e+09	6.24792e+09	5.44964e+09	7.05439e+09	7.12429e+09	6.99554e+09	7.02209e+09	6.95169e+09	6.7304e+09	6.13886e+09	5.49864e+09	5.82654e+09	5.34465e+09	6.03587e+09	6.10837e+09	4.89401e+09	5.23918e+09	5.06074e+09	5.93218e+09	5.89268e+09	5.56087e+09	6.21257e+09	6.19925e+09	6.11554e+09	6.14825e+09	6.08874e+09	5.9467e+09	6.35195e+09	6.59101e+09	6.2358e+09	6.30015e+09	6.22555e+09	6.08732e+09	5.41421e+09	5.39617e+09	5.38684e+09	5.50716e+09	5.18277e+09	5.16382e+09	5.36672e+09	5.43857e+09	6.05179e+09	5.81952e+09	5.94492e+09	5.46098e+09	5.03039e+09	6.08243e+09	6.33201e+09	5.32448e+09	5.73729e+09	5.04533e+09	4.80175e+09	5.39072e+09	4.8244e+09	5.41121e+09	5.43226e+09	4.87072e+09	4.40216e+09	4.03894e+09	3.67021e+09	4.29341e+09	3.7392e+09	4.28501e+09	6.2895e+09	6.32508e+09	6.83499e+09	6.29887e+09	6.24327e+09	6.90271e+09	6.5439e+09	5.33381e+09	6.72654e+09	6.10248e+09	6.2532e+09	6.19416e+09
ERR621935	6.62464e+09	6.79142e+09	6.60339e+09	5.12212e+09	6.65338e+09	6.40232e+09	6.95925e+09	7.00096e+09	7.80106e+09	7.47878e+09	7.61461e+09	7.62719e+09	7.33169e+09	5.80008e+09	5.51864e+09	5.79884e+09	7.58105e+09	7.94288e+09	5.68607e+09	6.12723e+09	6.10677e+09	6.71049e+09	6.74952e+09	5.85898e+09	7.61672e+09	7.69606e+09	7.5506e+09	7.58096e+09	7.50047e+09	7.25294e+09	6.59806e+09	5.88961e+09	6.25288e+09	5.72164e+09	6.48376e+09	6.56424e+09	5.23343e+09	5.61346e+09	5.41823e+09	6.38001e+09	6.33674e+09	5.96665e+09	6.67417e+09	6.65918e+09	6.56708e+09	6.60256e+09	6.53698e+09	6.37982e+09	6.8312e+09	7.09673e+09	6.70322e+09	6.77378e+09	6.69125e+09	6.53863e+09	5.82023e+09	5.80012e+09	5.79075e+09	5.92491e+09	5.56594e+09	5.54349e+09	5.76788e+09	5.84749e+09	6.5276e+09	6.26843e+09	6.40892e+09	5.87162e+09	5.37167e+09	6.52896e+09	6.80462e+09	5.69294e+09	6.14793e+09	5.38771e+09	5.1381e+09	5.7856e+09	5.1626e+09	5.80737e+09	5.83007e+09	5.2136e+09	4.70099e+09	4.30519e+09	3.90593e+09	4.58224e+09	3.9806e+09	4.57314e+09	6.76844e+09	6.80748e+09	7.37882e+09	6.77907e+09	6.71666e+09	7.45419e+09	7.0418e+09	5.70614e+09	7.24488e+09	6.55213e+09	6.71728e+09	6.65433e+09
ERR621931	6.55532e+09	6.72039e+09	6.53529e+09	5.06909e+09	6.58438e+09	6.33538e+09	6.89698e+09	6.94073e+09	7.47878e+09	7.66081e+09	7.53915e+09	7.55263e+09	7.26002e+09	5.7462e+09	5.46673e+09	5.74519e+09	7.50633e+09	7.86231e+09	5.63153e+09	6.0696e+09	6.05043e+09	6.64532e+09	6.68394e+09	5.80537e+09	7.53366e+09	7.61216e+09	7.47096e+09	7.49875e+09	7.42092e+09	7.17579e+09	6.53616e+09	5.83622e+09	6.19348e+09	5.67106e+09	6.4241e+09	6.50222e+09	5.1861e+09	5.56408e+09	5.37099e+09	6.32089e+09	6.27731e+09	5.91256e+09	6.60597e+09	6.59051e+09	6.50036e+09	6.53555e+09	6.47053e+09	6.31459e+09	6.77242e+09	7.03484e+09	6.64448e+09	6.7146e+09	6.63298e+09	6.48184e+09	5.77023e+09	5.75217e+09	5.74123e+09	5.87322e+09	5.51862e+09	5.49722e+09	5.71881e+09	5.79727e+09	6.47093e+09	6.21448e+09	6.35273e+09	5.82087e+09	5.32195e+09	6.46585e+09	6.73872e+09	5.63943e+09	6.08933e+09	5.33852e+09	5.09766e+09	5.73752e+09	5.12221e+09	5.75915e+09	5.78137e+09	5.17268e+09	4.6685e+09	4.27555e+09	3.87964e+09	4.55144e+09	3.95406e+09	4.54251e+09	6.70482e+09	6.74429e+09	7.3095e+09	6.71768e+09	6.65362e+09	7.38415e+09	6.97839e+09	5.65448e+09	7.17991e+09	6.49053e+09	6.65696e+09	6.59137e+09
ERR621934	6.66971e+09	6.83839e+09	6.64784e+09	5.15182e+09	6.69826e+09	6.44413e+09	7.01204e+09	7.05419e+09	7.61461e+09	7.53915e+09	7.92764e+09	7.68933e+09	7.38936e+09	5.84058e+09	5.55629e+09	5.83966e+09	7.6417e+09	8.00935e+09	5.72854e+09	6.17791e+09	6.15712e+09	6.76863e+09	6.80717e+09	5.90474e+09	7.67385e+09	7.75423e+09	7.60801e+09	7.63746e+09	7.55644e+09	7.30564e+09	6.64283e+09	5.92686e+09	6.29321e+09	5.75732e+09	6.52748e+09	6.60871e+09	5.26909e+09	5.65614e+09	5.45846e+09	6.4309e+09	6.38678e+09	6.01142e+09	6.71996e+09	6.70413e+09	6.61059e+09	6.64675e+09	6.58042e+09	6.42176e+09	6.88052e+09	7.14938e+09	6.75088e+09	6.8227e+09	6.73963e+09	6.58454e+09	5.86429e+09	5.84358e+09	5.83425e+09	5.97033e+09	5.60772e+09	5.58428e+09	5.8122e+09	5.89168e+09	6.58089e+09	6.31814e+09	6.46177e+09	5.91578e+09	5.40348e+09	6.57362e+09	6.85201e+09	5.72833e+09	6.18728e+09	5.42084e+09	5.17621e+09	5.82951e+09	5.20108e+09	5.85112e+09	5.87395e+09	5.25221e+09	4.73575e+09	4.33589e+09	3.9327e+09	4.61582e+09	4.00811e+09	4.60705e+09	6.81718e+09	6.85731e+09	7.43694e+09	6.82949e+09	6.76436e+09	7.51337e+09	7.09411e+09	5.74292e+09	7.3002e+09	6.59693e+09	6.76552e+09	6.70016e+09
ERR621936	6.68543e+09	6.85456e+09	6.66298e+09	5.16472e+09	6.71386e+09	6.45964e+09	7.02428e+09	7.06679e+09	7.62719e+09	7.55263e+09	7.68933e+09	7.95558e+09	7.40511e+09	5.8525e+09	5.56759e+09	5.85147e+09	7.65834e+09	8.02603e+09	5.74009e+09	6.18838e+09	6.16739e+09	6.77976e+09	6.81908e+09	5.91582e+09	7.69169e+09	7.77263e+09	7.62493e+09	7.65549e+09	7.57435e+09	7.3226e+09	6.66085e+09	5.94334e+09	6.31081e+09	5.77249e+09	6.54505e+09	6.62631e+09	5.28121e+09	5.66621e+09	5.46843e+09	6.44283e+09	6.39899e+09	6.0234e+09	6.73567e+09	6.72041e+09	6.62677e+09	6.66273e+09	6.59625e+09	6.43753e+09	6.89611e+09	7.16504e+09	6.76616e+09	6.83822e+09	6.75365e+09	6.59923e+09	5.87645e+09	5.85576e+09	5.84637e+09	5.98182e+09	5.6194e+09	5.5956e+09	5.82379e+09	5.90379e+09	6.59281e+09	6.3308e+09	6.47321e+09	5.92858e+09	5.41684e+09	6.5892e+09	6.86805e+09	5.74254e+09	6.20303e+09	5.43391e+09	5.18524e+09	5.84071e+09	5.20991e+09	5.86248e+09	5.8857e+09	5.2617e+09	4.74324e+09	4.34273e+09	3.93883e+09	4.6227e+09	4.0145e+09	4.61349e+09	6.83409e+09	6.87402e+09	7.453e+09	6.84518e+09	6.78106e+09	7.53e+09	7.10922e+09	5.75672e+09	7.31642e+09	6.61316e+09	6.78046e+09	6.71626e+09
ERR613247	6.80078e+09	6.97393e+09	6.78148e+09	5.2693e+09	6.83277e+09	6.58102e+09	6.75847e+09	6.80012e+09	7.33169e+09	7.26002e+09	7.38936e+09	7.40511e+09	8.09029e+09	6.18627e+09	5.88566e+09	6.18809e+09	8.10463e+09	8.48109e+09	6.03466e+09	6.48453e+09	6.46248e+09	7.10083e+09	7.14257e+09	6.20721e+09	7.90232e+09	7.9824e+09	7.82891e+09	7.86312e+09	7.78395e+09	7.52874e+09	7.14378e+09	6.38836e+09	6.78028e+09	6.20504e+09	7.02056e+09	7.1065e+09	5.45611e+09	5.83829e+09	5.63218e+09	6.64039e+09	6.60088e+09	6.21709e+09	6.96441e+09	6.95507e+09	6.85419e+09	6.89104e+09	6.82438e+09	6.66089e+09	7.37959e+09	7.65973e+09	7.24006e+09	7.31967e+09	7.23005e+09	7.07095e+09	6.35592e+09	6.33723e+09	6.32588e+09	6.46631e+09	6.09071e+09	6.06452e+09	6.29779e+09	6.37996e+09	7.08726e+09	6.82228e+09	6.96566e+09	6.40927e+09	5.6881e+09	6.91968e+09	7.21236e+09	6.03431e+09	6.51569e+09	5.70635e+09	5.60337e+09	6.2999e+09	5.6304e+09	6.32106e+09	6.34656e+09	5.68546e+09	5.09863e+09	4.67807e+09	4.25125e+09	4.97369e+09	4.33313e+09	4.96377e+09	7.36282e+09	7.40571e+09	7.99785e+09	7.3688e+09	7.30708e+09	8.07502e+09	7.50453e+09	6.08913e+09	7.72122e+09	6.99724e+09	7.16269e+09	7.10695e+09
ERR613250	5.42517e+09	5.54939e+09	5.41023e+09	4.28234e+09	5.44739e+09	5.26465e+09	5.38882e+09	5.4174e+09	5.80008e+09	5.7462e+09	5.84058e+09	5.8525e+09	6.18627e+09	5.19084e+09	4.7917e+09	5.01477e+09	6.37088e+09	6.63374e+09	4.87516e+09	5.20201e+09	5.18325e+09	5.64539e+09	5.67571e+09	5.00134e+09	6.22163e+09	6.2778e+09	6.1663e+09	6.19316e+09	6.13642e+09	5.95394e+09	5.66238e+09	5.10997e+09	5.39683e+09	4.97578e+09	5.57189e+09	5.63668e+09	4.4499e+09	4.73743e+09	4.58339e+09	5.3198e+09	5.29343e+09	5.0167e+09	5.54707e+09	5.54044e+09	5.46724e+09	5.49424e+09	5.4447e+09	5.32478e+09	5.84387e+09	6.04242e+09	5.74549e+09	5.80256e+09	5.73881e+09	5.62472e+09	5.09341e+09	5.0776e+09	5.07025e+09	5.17432e+09	4.89818e+09	4.87759e+09	5.04513e+09	5.10688e+09	5.61976e+09	5.43088e+09	5.53275e+09	5.12715e+09	4.6075e+09	5.51899e+09	5.72844e+09	4.86505e+09	5.21966e+09	4.6218e+09	4.55128e+09	5.06394e+09	4.57223e+09	5.08024e+09	5.09877e+09	4.61316e+09	4.16726e+09	3.8491e+09	3.51813e+09	4.07371e+09	3.58045e+09	4.06556e+09	5.83374e+09	5.86396e+09	6.27975e+09	5.83538e+09	5.79362e+09	6.33378e+09	5.92822e+09	4.90337e+09	6.08063e+09	5.5658e+09	5.68426e+09	5.64446e+09
ERR613248	5.18547e+09	5.30105e+09	5.17153e+09	4.11709e+09	5.2066e+09	5.03691e+09	5.13536e+09	5.16066e+09	5.51864e+09	5.46673e+09	5.55629e+09	5.56759e+09	5.88566e+09	4.7917e+09	4.75282e+09	4.79353e+09	6.05747e+09	6.30064e+09	4.65215e+09	4.95095e+09	4.93157e+09	5.36515e+09	5.39308e+09	4.76537e+09	5.92787e+09	5.98016e+09	5.87385e+09	5.90126e+09	5.84808e+09	5.67918e+09	5.41009e+09	4.89313e+09	5.16432e+09	4.76573e+09	5.32491e+09	5.38575e+09	4.25963e+09	4.52222e+09	4.37803e+09	5.06557e+09	5.04209e+09	4.78622e+09	5.30042e+09	5.29541e+09	5.22556e+09	5.25121e+09	5.20559e+09	5.09443e+09	5.56519e+09	5.7498e+09	5.47239e+09	5.52631e+09	5.46576e+09	5.36011e+09	4.85258e+09	4.83733e+09	4.83046e+09	4.92681e+09	4.67001e+09	4.65143e+09	4.80814e+09	4.86611e+09	5.34145e+09	5.16784e+09	5.2609e+09	4.88644e+09	4.41991e+09	5.27335e+09	5.46776e+09	4.66278e+09	4.99623e+09	4.43355e+09	4.34593e+09	4.82757e+09	4.36536e+09	4.84334e+09	4.86066e+09	4.40394e+09	3.9744e+09	3.67666e+09	3.364e+09	3.88631e+09	3.42299e+09	3.87862e+09	5.55885e+09	5.58625e+09	5.96975e+09	5.55624e+09	5.52195e+09	6.02024e+09	5.647e+09	4.69479e+09	5.78933e+09	5.31662e+09	5.42046e+09	5.38991e+09
ERR613249	5.42654e+09	5.55074e+09	5.41194e+09	4.28583e+09	5.44942e+09	5.26635e+09	5.38773e+09	5.41614e+09	5.79884e+09	5.74519e+09	5.83966e+09	5.85147e+09	6.18809e+09	5.01477e+09	4.79353e+09	5.19315e+09	6.37288e+09	6.63485e+09	4.87859e+09	5.20287e+09	5.18384e+09	5.64642e+09	5.67623e+09	5.00279e+09	6.2243e+09	6.28078e+09	6.1684e+09	6.19548e+09	6.13884e+09	5.95603e+09	5.66855e+09	5.11537e+09	5.40325e+09	4.98046e+09	5.57757e+09	5.64248e+09	4.45281e+09	4.73755e+09	4.58369e+09	5.3202e+09	5.29344e+09	5.01782e+09	5.54876e+09	5.54246e+09	5.46844e+09	5.49571e+09	5.44698e+09	5.32663e+09	5.84771e+09	6.04591e+09	5.74917e+09	5.80623e+09	5.74231e+09	5.62803e+09	5.09828e+09	5.08181e+09	5.0744e+09	5.17768e+09	4.90289e+09	4.88245e+09	5.05067e+09	5.11193e+09	5.62344e+09	5.43519e+09	5.53687e+09	5.13298e+09	4.61075e+09	5.52228e+09	5.73149e+09	4.86845e+09	5.22363e+09	4.62528e+09	4.55382e+09	5.06696e+09	4.57451e+09	5.08322e+09	5.10177e+09	4.61561e+09	4.16477e+09	3.8473e+09	3.51645e+09	4.07125e+09	3.57917e+09	4.063e+09	5.83841e+09	5.86884e+09	6.28312e+09	5.83943e+09	5.79889e+09	6.3374e+09	5.92958e+09	4.90661e+09	6.08237e+09	5.56968e+09	5.6864e+09	5.6482e+09
ERR613246	7.01916e+09	7.20112e+09	6.99809e+09	5.42243e+09	7.0522e+09	6.78798e+09	6.97792e+09	7.02196e+09	7.58105e+09	7.50633e+09	7.6417e+09	7.65834e+09	8.10463e+09	6.37088e+09	6.05747e+09	6.37288e+09	8.65142e+09	8.78806e+09	6.21806e+09	6.69373e+09	6.6706e+09	7.34225e+09	7.38546e+09	6.40173e+09	8.17726e+09	8.26163e+09	8.10103e+09	8.13598e+09	8.05184e+09	7.78249e+09	7.38322e+09	6.591e+09	7.00235e+09	6.39965e+09	7.25474e+09	7.34515e+09	5.61467e+09	6.01517e+09	5.80027e+09	6.85302e+09	6.81166e+09	6.40926e+09	7.1915e+09	7.18051e+09	7.07512e+09	7.11404e+09	7.04388e+09	6.87274e+09	7.62673e+09	7.92065e+09	7.48016e+09	7.56309e+09	7.46903e+09	7.30259e+09	6.56177e+09	6.54252e+09	6.53011e+09	6.67742e+09	6.28424e+09	6.25646e+09	6.49918e+09	6.58583e+09	7.33021e+09	7.05085e+09	7.20178e+09	6.6154e+09	5.85449e+09	7.14081e+09	7.44692e+09	6.21501e+09	6.71796e+09	5.87338e+09	5.77374e+09	6.50039e+09	5.80118e+09	6.52308e+09	6.54892e+09	5.85938e+09	5.24966e+09	4.81103e+09	4.3694e+09	5.11926e+09	4.45389e+09	5.10942e+09	7.60905e+09	7.6539e+09	8.28126e+09	7.61625e+09	7.55023e+09	8.36247e+09	7.75698e+09	6.27212e+09	7.98477e+09	7.22226e+09	7.39562e+09	7.33792e+09
ERR613245	7.31316e+09	7.50758e+09	7.28952e+09	5.62169e+09	7.34746e+09	7.0656e+09	7.29506e+09	7.34126e+09	7.94288e+09	7.86231e+09	8.00935e+09	8.02603e+09	8.48109e+09	6.63374e+09	6.30064e+09	6.63485e+09	8.78806e+09	9.51622e+09	6.49228e+09	7.01343e+09	6.98907e+09	7.71126e+09	7.75731e+09	6.69462e+09	8.55212e+09	8.64454e+09	8.47372e+09	8.50777e+09	8.41664e+09	8.12698e+09	7.69508e+09	6.85073e+09	7.28541e+09	6.64921e+09	7.55875e+09	7.65456e+09	5.84106e+09	6.27523e+09	6.04817e+09	7.1679e+09	7.12296e+09	6.68762e+09	7.4911e+09	7.47701e+09	7.366e+09	7.40764e+09	7.33287e+09	7.14954e+09	7.96659e+09	8.28283e+09	7.81164e+09	7.89962e+09	7.79951e+09	7.62058e+09	6.86392e+09	6.84314e+09	6.83077e+09	6.98952e+09	6.56718e+09	6.53624e+09	6.79477e+09	6.88754e+09	7.69346e+09	7.3871e+09	7.55506e+09	6.9172e+09	6.0707e+09	7.43477e+09	7.76203e+09	6.44904e+09	6.98218e+09	6.09009e+09	6.02569e+09	6.79469e+09	6.05496e+09	6.81898e+09	6.84556e+09	6.11561e+09	5.47906e+09	5.01202e+09	4.54665e+09	5.34013e+09	4.63547e+09	5.32965e+09	7.94821e+09	7.99641e+09	8.68154e+09	7.96233e+09	7.8852e+09	8.76984e+09	8.09977e+09	6.51261e+09	8.34579e+09	7.51919e+09	7.70964e+09	7.64277e+09
ERR617172	5.18317e+09	5.31465e+09	5.17626e+09	4.06146e+09	5.2118e+09	5.02107e+09	5.2642e+09	5.29343e+09	5.68607e+09	5.63153e+09	5.72854e+09	5.74009e+09	6.03466e+09	4.87516e+09	4.65215e+09	4.87859e+09	6.21806e+09	6.49228e+09	5.34756e+09	5.46863e+09	5.45215e+09	5.93821e+09	5.97113e+09	5.25793e+09	6.06106e+09	6.12706e+09	5.98672e+09	6.02802e+09	5.96101e+09	5.74137e+09	5.35898e+09	4.77743e+09	5.07246e+09	4.64657e+09	5.25661e+09	5.32857e+09	4.5217e+09	4.80383e+09	4.64874e+09	5.40575e+09	5.3734e+09	5.08981e+09	5.27406e+09	5.27528e+09	5.19157e+09	5.2226e+09	5.16761e+09	5.03317e+09	5.74321e+09	5.9375e+09	5.64548e+09	5.70292e+09	5.63663e+09	5.51924e+09	5.22348e+09	5.20742e+09	5.19802e+09	5.3065e+09	5.02445e+09	5.00195e+09	5.2116e+09	5.27428e+09	5.79197e+09	5.59229e+09	5.69991e+09	5.29647e+09	4.39341e+09	5.2976e+09	5.52562e+09	4.64374e+09	4.9879e+09	4.40597e+09	4.59787e+09	5.11985e+09	4.61752e+09	5.13336e+09	5.15186e+09	4.66012e+09	4.18061e+09	3.86145e+09	3.52952e+09	4.08666e+09	3.59103e+09	4.07904e+09	5.70732e+09	5.7384e+09	6.16758e+09	5.71545e+09	5.66575e+09	6.22751e+09	5.7535e+09	4.70759e+09	5.91758e+09	5.36943e+09	5.50145e+09	5.45103e+09
ERR617168	5.51663e+09	5.66621e+09	5.50261e+09	4.27142e+09	5.54231e+09	5.33216e+09	5.65716e+09	5.6899e+09	6.12723e+09	6.0696e+09	6.17791e+09	6.18838e+09	6.48453e+09	5.20201e+09	4.95095e+09	5.20287e+09	6.69373e+09	7.01343e+09	5.46863e+09	6.1185e+09	5.8762e+09	6.41745e+09	6.45165e+09	5.63723e+09	6.47945e+09	6.55587e+09	6.41369e+09	6.44355e+09	6.36812e+09	6.12964e+09	5.69495e+09	5.0587e+09	5.37008e+09	4.92389e+09	5.58824e+09	5.66477e+09	4.7821e+09	5.1432e+09	4.97378e+09	5.81036e+09	5.77306e+09	5.4379e+09	5.6133e+09	5.59967e+09	5.51559e+09	5.55037e+09	5.48778e+09	5.34066e+09	6.13727e+09	6.35548e+09	6.03505e+09	6.09585e+09	6.02538e+09	5.89217e+09	5.59905e+09	5.57969e+09	5.57269e+09	5.69621e+09	5.37578e+09	5.34502e+09	5.55408e+09	5.6248e+09	6.23718e+09	5.99748e+09	6.134e+09	5.64129e+09	4.61891e+09	5.62683e+09	5.8759e+09	4.88509e+09	5.26864e+09	4.63232e+09	4.92942e+09	5.4906e+09	4.95232e+09	5.5058e+09	5.52487e+09	4.99718e+09	4.51215e+09	4.1491e+09	3.78621e+09	4.4064e+09	3.85236e+09	4.39865e+09	6.10129e+09	6.13748e+09	6.64284e+09	6.12988e+09	6.05519e+09	6.70944e+09	6.14724e+09	4.96785e+09	6.32843e+09	5.68665e+09	5.85715e+09	5.77684e+09
ERR617169	5.4921e+09	5.64145e+09	5.47908e+09	4.24976e+09	5.51846e+09	5.30834e+09	5.63792e+09	5.67151e+09	6.10677e+09	6.05043e+09	6.15712e+09	6.16739e+09	6.46248e+09	5.18325e+09	4.93157e+09	5.18384e+09	6.6706e+09	6.98907e+09	5.45215e+09	5.8762e+09	6.08401e+09	6.39761e+09	6.43215e+09	5.62147e+09	6.45239e+09	6.52887e+09	6.38839e+09	6.41658e+09	6.3427e+09	6.10419e+09	5.67109e+09	5.03811e+09	5.3463e+09	4.90344e+09	5.56524e+09	5.64106e+09	4.76633e+09	5.127e+09	4.95872e+09	5.79366e+09	5.7541e+09	5.41988e+09	5.58905e+09	5.57519e+09	5.49146e+09	5.52627e+09	5.46358e+09	5.31717e+09	6.11648e+09	6.33355e+09	6.01392e+09	6.07506e+09	6.00513e+09	5.87077e+09	5.58524e+09	5.56524e+09	5.55834e+09	5.68159e+09	5.36111e+09	5.33039e+09	5.53982e+09	5.60977e+09	6.22125e+09	5.98061e+09	6.11725e+09	5.62609e+09	4.59981e+09	5.60334e+09	5.85302e+09	4.86476e+09	5.24586e+09	4.61336e+09	4.91672e+09	5.47517e+09	4.93941e+09	5.49021e+09	5.50951e+09	4.98368e+09	4.50385e+09	4.14143e+09	3.77981e+09	4.39822e+09	3.84589e+09	4.39102e+09	6.07964e+09	6.11672e+09	6.62114e+09	6.1107e+09	6.0338e+09	6.68827e+09	6.12403e+09	4.94651e+09	6.30512e+09	5.66214e+09	5.83558e+09	5.75216e+09
ERR617170	6.01425e+09	6.18228e+09	5.99877e+09	4.63126e+09	6.04361e+09	5.8079e+09	6.17644e+09	6.21387e+09	6.71049e+09	6.64532e+09	6.76863e+09	6.77976e+09	7.10083e+09	5.64539e+09	5.36515e+09	5.64642e+09	7.34225e+09	7.71126e+09	5.93821e+09	6.41745e+09	6.39761e+09	7.28031e+09	7.06298e+09	6.1253e+09	7.10099e+09	7.18824e+09	7.0266e+09	7.05976e+09	6.97443e+09	6.70285e+09	6.22983e+09	5.51692e+09	5.86622e+09	5.36635e+09	6.11042e+09	6.19516e+09	5.17462e+09	5.57643e+09	5.38658e+09	6.3306e+09	6.28707e+09	5.90759e+09	6.12066e+09	6.10583e+09	6.01129e+09	6.05018e+09	5.9805e+09	5.81696e+09	6.71669e+09	6.96572e+09	6.59918e+09	6.66862e+09	6.58809e+09	6.43735e+09	6.10037e+09	6.07893e+09	6.07082e+09	6.21097e+09	5.84821e+09	5.81381e+09	6.0513e+09	6.13054e+09	6.82836e+09	6.55431e+09	6.7095e+09	6.14999e+09	5.0136e+09	6.13543e+09	6.41594e+09	5.30968e+09	5.73725e+09	5.02833e+09	5.34713e+09	5.97989e+09	5.37243e+09	5.99703e+09	6.01889e+09	5.42292e+09	4.88486e+09	4.47988e+09	4.07858e+09	4.76636e+09	4.15233e+09	4.75808e+09	6.67827e+09	6.71918e+09	7.29725e+09	6.71083e+09	6.62579e+09	7.3736e+09	6.726e+09	5.40067e+09	6.93285e+09	6.20639e+09	6.397e+09	6.30835e+09
ERR617171	6.05026e+09	6.21837e+09	6.03432e+09	4.65824e+09	6.07908e+09	5.84205e+09	6.21069e+09	6.24792e+09	6.74952e+09	6.68394e+09	6.80717e+09	6.81908e+09	7.14257e+09	5.67571e+09	5.39308e+09	5.67623e+09	7.38546e+09	7.75731e+09	5.97113e+09	6.45165e+09	6.43215e+09	7.06298e+09	7.35982e+09	6.15824e+09	7.14467e+09	7.23271e+09	7.06894e+09	7.1034e+09	7.01685e+09	6.74322e+09	6.26797e+09	5.54989e+09	5.90211e+09	5.39759e+09	6.14794e+09	6.2331e+09	5.20299e+09	5.60515e+09	5.41409e+09	6.36511e+09	6.32179e+09	5.94024e+09	6.15579e+09	6.14175e+09	6.04669e+09	6.08522e+09	6.01545e+09	5.84998e+09	6.75776e+09	7.00922e+09	6.63886e+09	6.70934e+09	6.62816e+09	6.47613e+09	6.13494e+09	6.11372e+09	6.10484e+09	6.24551e+09	5.88093e+09	5.84658e+09	6.08747e+09	6.16791e+09	6.86876e+09	6.59295e+09	6.74905e+09	6.18727e+09	5.04257e+09	6.17122e+09	6.45363e+09	5.34096e+09	5.77065e+09	5.05745e+09	5.37424e+09	6.01315e+09	5.39976e+09	6.03051e+09	6.05209e+09	5.45016e+09	4.90719e+09	4.50015e+09	4.0965e+09	4.78787e+09	4.17066e+09	4.77964e+09	6.7188e+09	6.76016e+09	7.34151e+09	6.7507e+09	6.6657e+09	7.41867e+09	6.76679e+09	5.43272e+09	6.97598e+09	6.24442e+09	6.4356e+09	6.34787e+09
ERR617167	5.30628e+09	5.44501e+09	5.29468e+09	4.12918e+09	5.33166e+09	5.1332e+09	5.41807e+09	5.44964e+09	5.85898e+09	5.80537e+09	5.90474e+09	5.91582e+09	6.20721e+09	5.00134e+09	4.76537e+09	5.00279e+09	6.40173e+09	6.69462e+09	5.25793e+09	5.63723e+09	5.62147e+09	6.1253e+09	6.15824e+09	5.6165e+09	6.21375e+09	6.28436e+09	6.14762e+09	6.17979e+09	6.11012e+09	5.88482e+09	5.48155e+09	4.87986e+09	5.17789e+09	4.75017e+09	5.37954e+09	5.45199e+09	4.61142e+09	4.93895e+09	4.77888e+09	5.56509e+09	5.53055e+09	5.22433e+09	5.40103e+09	5.39282e+09	5.31128e+09	5.34364e+09	5.28541e+09	5.14547e+09	5.89281e+09	6.09669e+09	5.7934e+09	5.85137e+09	5.7848e+09	5.6606e+09	5.37149e+09	5.35423e+09	5.34569e+09	5.46033e+09	5.16196e+09	5.13524e+09	5.33705e+09	5.40303e+09	5.9674e+09	5.74992e+09	5.87044e+09	5.42081e+09	4.46703e+09	5.41741e+09	5.65265e+09	4.72252e+09	5.08544e+09	4.47972e+09	4.73328e+09	5.26672e+09	4.75386e+09	5.28088e+09	5.29908e+09	4.79731e+09	4.32581e+09	3.98584e+09	3.64114e+09	4.22686e+09	3.70429e+09	4.21941e+09	5.8556e+09	5.8896e+09	6.35379e+09	5.87588e+09	5.81224e+09	6.41611e+09	5.90281e+09	4.79659e+09	6.07345e+09	5.47904e+09	5.63317e+09	5.5642e+09
ERR637109	7.22274e+09	7.40256e+09	7.19872e+09	5.60762e+09	7.25539e+09	6.98868e+09	7.01142e+09	7.05439e+09	7.61672e+09	7.53366e+09	7.67385e+09	7.69169e+09	7.90232e+09	6.22163e+09	5.92787e+09	6.2243e+09	8.17726e+09	8.55212e+09	6.06106e+09	6.47945e+09	6.45239e+09	7.10099e+09	7.14467e+09	6.21375e+09	8.67509e+09	8.50944e+09	8.34037e+09	8.39049e+09	8.30286e+09	8.03963e+09	7.38123e+09	6.59357e+09	7.02308e+09	6.39251e+09	7.2512e+09	7.34063e+09	5.57787e+09	5.93566e+09	5.72429e+09	6.75389e+09	6.71823e+09	6.34163e+09	7.41793e+09	7.4175e+09	7.3028e+09	7.33886e+09	7.27326e+09	7.10181e+09	7.41524e+09	7.70491e+09	7.26522e+09	7.34892e+09	7.25424e+09	7.09841e+09	6.2442e+09	6.22739e+09	6.21263e+09	6.35253e+09	5.97883e+09	5.95839e+09	6.187e+09	6.26898e+09	6.9637e+09	6.71305e+09	6.84302e+09	6.30346e+09	5.92874e+09	7.20432e+09	7.50574e+09	6.29808e+09	6.80979e+09	5.94673e+09	5.44253e+09	6.15018e+09	5.46793e+09	6.17485e+09	6.20042e+09	5.52454e+09	4.92082e+09	4.51628e+09	4.09677e+09	4.7989e+09	4.17797e+09	4.78895e+09	7.4182e+09	7.45774e+09	8.04994e+09	7.3977e+09	7.36212e+09	8.12869e+09	7.73639e+09	6.30149e+09	7.96053e+09	7.25535e+09	7.38693e+09	7.37081e+09
ERR637110	7.28142e+09	7.46444e+09	7.25736e+09	5.6465e+09	7.31498e+09	7.044e+09	7.08077e+09	7.12429e+09	7.69606e+09	7.61216e+09	7.75423e+09	7.77263e+09	7.9824e+09	6.2778e+09	5.98016e+09	6.28078e+09	8.26163e+09	8.64454e+09	6.12706e+09	6.55587e+09	6.52887e+09	7.18824e+09	7.23271e+09	6.28436e+09	8.50944e+09	8.84186e+09	8.41886e+09	8.46992e+09	8.38035e+09	8.11096e+09	7.44115e+09	6.6424e+09	7.07607e+09	6.43924e+09	7.30925e+09	7.39984e+09	5.63056e+09	5.99606e+09	5.78229e+09	6.82712e+09	6.79009e+09	6.40634e+09	7.47673e+09	7.47693e+09	7.35985e+09	7.39656e+09	7.33035e+09	7.15597e+09	7.48713e+09	7.78157e+09	7.33574e+09	7.42034e+09	7.32392e+09	7.16557e+09	6.31299e+09	6.29596e+09	6.28077e+09	6.42377e+09	6.04386e+09	6.02272e+09	6.25549e+09	6.33831e+09	7.04591e+09	6.78986e+09	6.92346e+09	6.37343e+09	5.97224e+09	7.26352e+09	7.56973e+09	6.34478e+09	6.8624e+09	5.98986e+09	5.49889e+09	6.21568e+09	5.52499e+09	6.23978e+09	6.26631e+09	5.58173e+09	4.97256e+09	4.56152e+09	4.13712e+09	4.84869e+09	4.21933e+09	4.83821e+09	7.48885e+09	7.52916e+09	8.13325e+09	7.47009e+09	7.43201e+09	8.21251e+09	7.80713e+09	6.35035e+09	8.03559e+09	7.31569e+09	7.45151e+09	7.4323e+09
ERR637106	7.15924e+09	7.33864e+09	7.13485e+09	5.55469e+09	7.19156e+09	6.92676e+09	6.95313e+09	6.99554e+09	7.5506e+09	7.47096e+09	7.60801e+09	7.62493e+09	7.82891e+09	6.1663e+09	5.87385e+09	6.1684e+09	8.10103e+09	8.47372e+09	5.98672e+09	6.41369e+09	6.38839e+09	7.0266e+09	7.06894e+09	6.14762e+09	8.34037e+09	8.41886e+09	8.50295e+09	8.30337e+09	8.2222e+09	7.96666e+09	7.30915e+09	6.53437e+09	6.95254e+09	6.33737e+09	7.18365e+09	7.27034e+09	5.51845e+09	5.88396e+09	5.67538e+09	6.69265e+09	6.65636e+09	6.27999e+09	7.35699e+09	7.35255e+09	7.242e+09	7.27784e+09	7.21288e+09	7.04369e+09	7.3386e+09	7.62524e+09	7.19143e+09	7.27332e+09	7.18083e+09	7.02565e+09	6.17337e+09	6.15691e+09	6.14245e+09	6.28122e+09	5.91086e+09	5.88956e+09	6.10907e+09	6.19038e+09	6.88419e+09	6.63174e+09	6.76416e+09	6.22199e+09	5.87362e+09	7.13969e+09	7.43643e+09	6.23736e+09	6.7447e+09	5.89112e+09	5.39189e+09	6.08676e+09	5.41692e+09	6.11073e+09	6.13609e+09	5.47157e+09	4.89282e+09	4.48855e+09	4.07241e+09	4.77119e+09	4.15247e+09	4.76141e+09	7.342e+09	7.38136e+09	7.97514e+09	7.32826e+09	7.28669e+09	8.05207e+09	7.66532e+09	6.23829e+09	7.88604e+09	7.17952e+09	7.31813e+09	7.29259e+09
ERR637108	7.19438e+09	7.37348e+09	7.17021e+09	5.58794e+09	7.22758e+09	6.96155e+09	6.98001e+09	7.02209e+09	7.58096e+09	7.49875e+09	7.63746e+09	7.65549e+09	7.86312e+09	6.19316e+09	5.90126e+09	6.19548e+09	8.13598e+09	8.50777e+09	6.02802e+09	6.44355e+09	6.41658e+09	7.05976e+09	7.1034e+09	6.17979e+09	8.39049e+09	8.46992e+09	8.30337e+09	8.59418e+09	8.26572e+09	8.00515e+09	7.34863e+09	6.56665e+09	6.99309e+09	6.36657e+09	7.21981e+09	7.30828e+09	5.55109e+09	5.90634e+09	5.6966e+09	6.71916e+09	6.68342e+09	6.30993e+09	7.38867e+09	7.38896e+09	7.27454e+09	7.31048e+09	7.24587e+09	7.07494e+09	7.37676e+09	7.66461e+09	7.22817e+09	7.31085e+09	7.21635e+09	7.06212e+09	6.20765e+09	6.19168e+09	6.17631e+09	6.3151e+09	5.94442e+09	5.92415e+09	6.15016e+09	6.23175e+09	6.92051e+09	6.67199e+09	6.80064e+09	6.26624e+09	5.90643e+09	7.17508e+09	7.47374e+09	6.27399e+09	6.7827e+09	5.92442e+09	5.412e+09	6.11519e+09	5.43726e+09	6.13893e+09	6.16448e+09	5.49282e+09	4.89626e+09	4.49399e+09	4.07671e+09	4.77449e+09	4.15732e+09	4.76491e+09	7.38033e+09	7.41966e+09	8.00759e+09	7.35996e+09	7.32444e+09	8.08528e+09	7.70023e+09	6.27466e+09	7.92277e+09	7.22274e+09	7.35353e+09	7.33699e+09
ERR637107	7.12991e+09	7.30672e+09	7.10754e+09	5.54334e+09	7.16363e+09	6.90132e+09	6.90974e+09	6.95169e+09	7.50047e+09	7.42092e+09	7.55644e+09	7.57435e+09	7.78395e+09	6.13642e+09	5.84808e+09	6.13884e+09	8.05184e+09	8.41664e+09	5.96101e+09	6.36812e+09	6.3427e+09	6.97443e+09	7.01685e+09	6.11012e+09	8.30286e+09	8.38035e+09	8.2222e+09	8.26572e+09	8.4228e+09	7.93088e+09	7.28523e+09	6.51585e+09	6.93504e+09	6.31737e+09	7.15913e+09	7.24588e+09	5.49822e+09	5.84742e+09	5.64031e+09	6.64927e+09	6.61325e+09	6.24628e+09	7.32582e+09	7.32628e+09	7.21408e+09	7.2492e+09	7.18541e+09	7.01777e+09	7.30621e+09	7.58965e+09	7.15854e+09	7.24065e+09	7.14771e+09	6.99518e+09	6.13949e+09	6.12341e+09	6.10821e+09	6.24529e+09	5.87991e+09	5.86053e+09	6.08306e+09	6.16274e+09	6.84041e+09	6.59618e+09	6.72214e+09	6.19694e+09	5.86178e+09	7.11354e+09	7.40817e+09	6.22487e+09	6.72748e+09	5.87906e+09	5.35903e+09	6.05225e+09	5.38389e+09	6.07576e+09	6.10137e+09	5.43887e+09	4.85322e+09	4.45606e+09	4.04285e+09	4.7332e+09	4.12283e+09	4.72335e+09	7.30902e+09	7.34804e+09	7.92646e+09	7.2902e+09	7.25447e+09	8.00295e+09	7.63018e+09	6.22327e+09	7.84924e+09	7.15973e+09	7.28925e+09	7.27188e+09
ERR637105	6.9376e+09	7.10562e+09	6.91455e+09	5.4096e+09	6.96862e+09	6.71927e+09	6.69155e+09	6.7304e+09	7.25294e+09	7.17579e+09	7.30564e+09	7.3226e+09	7.52874e+09	5.95394e+09	5.67918e+09	5.95603e+09	7.78249e+09	8.12698e+09	5.74137e+09	6.12964e+09	6.10419e+09	6.70285e+09	6.74322e+09	5.88482e+09	8.03963e+09	8.11096e+09	7.96666e+09	8.00515e+09	7.93088e+09	7.91458e+09	7.07557e+09	6.34365e+09	6.7437e+09	6.15254e+09	6.95685e+09	7.03872e+09	5.32214e+09	5.65671e+09	5.45919e+09	6.41898e+09	6.38666e+09	6.03747e+09	7.13256e+09	7.1317e+09	7.02621e+09	7.0592e+09	6.99884e+09	6.84075e+09	7.06205e+09	7.33282e+09	6.9213e+09	6.99938e+09	6.91127e+09	6.76559e+09	5.90882e+09	5.89299e+09	5.87909e+09	6.00893e+09	5.66126e+09	5.64323e+09	5.84819e+09	5.92461e+09	6.56878e+09	6.33755e+09	6.45743e+09	5.95679e+09	5.71147e+09	6.91651e+09	7.19479e+09	6.06229e+09	6.5473e+09	5.72869e+09	5.17357e+09	5.83492e+09	5.19733e+09	5.85802e+09	5.88265e+09	5.24978e+09	4.69291e+09	4.31194e+09	3.91523e+09	4.57796e+09	3.99212e+09	4.56856e+09	7.07053e+09	7.10752e+09	7.65682e+09	7.05059e+09	7.01841e+09	7.72818e+09	7.39513e+09	6.05284e+09	7.60183e+09	6.95068e+09	7.07118e+09	7.05705e+09
ERR630233	6.39714e+09	6.5427e+09	6.37834e+09	5.03161e+09	6.42557e+09	6.20481e+09	6.0997e+09	6.13886e+09	6.59806e+09	6.53616e+09	6.64283e+09	6.66085e+09	7.14378e+09	5.66238e+09	5.41009e+09	5.66855e+09	7.38322e+09	7.69508e+09	5.35898e+09	5.69495e+09	5.67109e+09	6.22983e+09	6.26797e+09	5.48155e+09	7.38123e+09	7.44115e+09	7.30915e+09	7.34863e+09	7.28523e+09	7.07557e+09	7.76024e+09	6.77513e+09	7.20441e+09	6.56576e+09	7.42001e+09	7.50718e+09	4.97469e+09	5.2593e+09	5.07615e+09	5.95187e+09	5.92829e+09	5.61914e+09	6.61406e+09	6.61962e+09	6.52244e+09	6.55067e+09	6.50008e+09	6.36052e+09	7.23918e+09	7.50286e+09	7.09812e+09	7.17634e+09	7.08771e+09	6.95222e+09	6.1471e+09	6.13917e+09	6.11891e+09	6.24034e+09	5.90828e+09	5.89402e+09	6.07243e+09	6.14717e+09	6.75885e+09	6.54915e+09	6.65308e+09	6.18046e+09	5.53819e+09	6.67082e+09	6.92975e+09	5.87396e+09	6.32821e+09	5.55641e+09	5.43642e+09	6.10344e+09	5.45958e+09	6.12728e+09	6.15359e+09	5.51431e+09	4.90697e+09	4.52134e+09	4.11368e+09	4.79362e+09	4.19512e+09	4.78112e+09	7.3433e+09	7.37815e+09	7.90053e+09	7.3122e+09	7.29051e+09	7.97046e+09	7.16534e+09	5.90077e+09	7.36017e+09	6.76131e+09	6.86107e+09	6.86296e+09
ERR630231	5.77298e+09	5.89468e+09	5.75697e+09	4.58761e+09	5.79769e+09	5.60924e+09	5.4638e+09	5.49864e+09	5.88961e+09	5.83622e+09	5.92686e+09	5.94334e+09	6.38836e+09	5.10997e+09	4.89313e+09	5.11537e+09	6.591e+09	6.85073e+09	4.77743e+09	5.0587e+09	5.03811e+09	5.51692e+09	5.54989e+09	4.87986e+09	6.59357e+09	6.6424e+09	6.53437e+09	6.56665e+09	6.51585e+09	6.34365e+09	6.77513e+09	6.31979e+09	6.50043e+09	5.96235e+09	6.67416e+09	6.74333e+09	4.47815e+09	4.7164e+09	4.55703e+09	5.31383e+09	5.29528e+09	5.03348e+09	5.96613e+09	5.97194e+09	5.89093e+09	5.91395e+09	5.87224e+09	5.7555e+09	6.46014e+09	6.68416e+09	6.338e+09	6.40479e+09	6.32991e+09	6.21664e+09	5.44765e+09	5.44205e+09	5.42392e+09	5.52529e+09	5.24496e+09	5.23592e+09	5.38193e+09	5.44538e+09	5.95868e+09	5.78547e+09	5.8684e+09	5.4756e+09	5.0504e+09	6.02543e+09	6.24189e+09	5.34563e+09	5.73754e+09	5.0678e+09	4.85642e+09	5.42707e+09	4.87618e+09	5.44848e+09	5.47162e+09	4.92222e+09	4.41222e+09	4.08125e+09	3.72556e+09	4.31477e+09	3.79701e+09	4.30431e+09	6.5587e+09	6.58842e+09	7.01795e+09	6.52671e+09	6.51432e+09	7.07564e+09	6.42845e+09	5.35464e+09	6.5907e+09	6.09614e+09	6.17463e+09	6.18146e+09
ERR630235	6.117e+09	6.24963e+09	6.09917e+09	4.84244e+09	6.14349e+09	5.93969e+09	5.79019e+09	5.82654e+09	6.25288e+09	6.19348e+09	6.29321e+09	6.31081e+09	6.78028e+09	5.39683e+09	5.16432e+09	5.40325e+09	7.00235e+09	7.28541e+09	5.07246e+09	5.37008e+09	5.3463e+09	5.86622e+09	5.90211e+09	5.17789e+09	7.02308e+09	7.07607e+09	6.95254e+09	6.99309e+09	6.93504e+09	6.7437e+09	7.20441e+09	6.50043e+09	7.09885e+09	6.30084e+09	7.08888e+09	7.16752e+09	4.73642e+09	4.98719e+09	4.81534e+09	5.63171e+09	5.61257e+09	5.33098e+09	6.32556e+09	6.33468e+09	6.24282e+09	6.26789e+09	6.22271e+09	6.0949e+09	6.86784e+09	7.11188e+09	6.73442e+09	6.80723e+09	6.72482e+09	6.60282e+09	5.79647e+09	5.79023e+09	5.77033e+09	5.88036e+09	5.57712e+09	5.5672e+09	5.73081e+09	5.79943e+09	6.35306e+09	6.16734e+09	6.25643e+09	5.83353e+09	5.32706e+09	6.37983e+09	6.61863e+09	5.6457e+09	6.06996e+09	5.34485e+09	5.14149e+09	5.76374e+09	5.16269e+09	5.78674e+09	5.81199e+09	5.21351e+09	4.64281e+09	4.28795e+09	3.90739e+09	4.5381e+09	3.98418e+09	4.52621e+09	6.9729e+09	7.0044e+09	7.47252e+09	6.93385e+09	6.92453e+09	7.5357e+09	6.82327e+09	5.66032e+09	7.00252e+09	6.46673e+09	6.54597e+09	6.56062e+09
