	ERR605564	ERR605568	ERR605563	ERR605566	ERR605567	ERR605565	ERR612580	ERR612579	ERR612577	ERR612582	ERR612581	ERR612578	ERR607987	ERR607986	ERR607988	ERR607984	ERR607983	ERR607985	ERR618451	ERR618452	ERR618448	ERR618447	ERR618449	ERR618450	ERR612205	ERR612203	ERR612206	ERR612204	ERR612208	ERR612207	ERR613390	ERR613393	ERR613394	ERR613392	ERR613391	ERR613389	ERR608275	ERR608278	ERR608276	ERR608280	ERR608279	ERR608277	ERR622030	ERR622028	ERR622027	ERR622032	ERR622029	ERR622031	ERR617217	ERR617218	ERR617215	ERR617219	ERR617216	ERR617220	ERR617049	ERR617048	ERR617047	ERR617045	ERR617046	ERR617050	ERR612875	ERR612874	ERR612877	ERR612878	ERR612873	ERR612876	ERR616711	ERR616707	ERR616706	ERR616708	ERR616709	ERR616710	ERR631077	ERR631076	ERR631074	ERR631075	ERR631079	ERR631078	ERR629823	ERR629821	ERR629818	ERR629820	ERR629819	ERR629822	ERR618521	ERR618524	ERR618523	ERR618520	ERR618519	ERR618522	ERR629604	ERR629600	ERR629602	ERR629605	ERR629601	ERR629603
ERR605564	8.66578e+09	8.39642e+09	8.66619e+09	8.39573e+09	8.47034e+09	8.14645e+09	6.49251e+09	7.15899e+09	7.47389e+09	6.44256e+09	6.50435e+09	6.07747e+09	6.55337e+09	6.46737e+09	6.45119e+09	8.08084e+09	7.87396e+09	8.07798e+09	7.32872e+09	7.37573e+09	6.63443e+09	7.50045e+09	7.07868e+09	7.17873e+09	6.46293e+09	6.71002e+09	6.52579e+09	6.49364e+09	6.32491e+09	5.5944e+09	7.78107e+09	7.89044e+09	6.80562e+09	7.86469e+09	8.35496e+09	8.53724e+09	5.83802e+09	7.32897e+09	6.83166e+09	6.89035e+09	7.44363e+09	7.35948e+09	8.13173e+09	7.53087e+09	7.95091e+09	8.1625e+09	7.51122e+09	8.08562e+09	7.43042e+09	6.50056e+09	7.13227e+09	6.6924e+09	7.43072e+09	6.38031e+09	6.3505e+09	6.43357e+09	7.1282e+09	6.87742e+09	7.00517e+09	6.46969e+09	7.161e+09	5.8834e+09	6.33865e+09	6.40207e+09	7.59698e+09	6.52571e+09	6.52021e+09	5.74656e+09	5.6423e+09	5.37831e+09	6.52238e+09	6.52048e+09	5.76033e+09	6.21175e+09	6.06686e+09	5.86848e+09	5.57946e+09	5.82033e+09	8.49891e+09	8.4573e+09	8.24889e+09	7.57996e+09	7.58499e+09	8.44245e+09	5.83255e+09	5.50276e+09	5.50177e+09	5.74596e+09	6.1068e+09	5.82319e+09	6.39681e+09	7.45426e+09	6.66561e+09	6.36509e+09	6.7635e+09	6.66773e+09
ERR605568	8.39642e+09	8.64606e+09	8.65411e+09	8.38975e+09	8.46441e+09	8.13623e+09	6.49285e+09	7.15709e+09	7.47422e+09	6.44284e+09	6.50423e+09	6.07684e+09	6.55249e+09	6.46672e+09	6.45028e+09	8.07767e+09	7.87037e+09	8.07395e+09	7.33011e+09	7.37808e+09	6.63227e+09	7.49844e+09	7.07773e+09	7.1804e+09	6.46172e+09	6.70901e+09	6.5251e+09	6.49072e+09	6.32474e+09	5.5945e+09	7.77598e+09	7.88911e+09	6.80217e+09	7.86409e+09	8.34887e+09	8.53297e+09	5.8301e+09	7.32297e+09	6.82549e+09	6.88417e+09	7.43738e+09	7.35241e+09	8.13142e+09	7.5298e+09	7.94865e+09	8.16194e+09	7.51096e+09	8.08526e+09	7.42427e+09	6.49501e+09	7.12312e+09	6.68654e+09	7.42459e+09	6.37088e+09	6.34143e+09	6.42464e+09	7.12208e+09	6.8686e+09	6.99921e+09	6.45978e+09	7.1583e+09	5.88106e+09	6.33743e+09	6.40106e+09	7.59529e+09	6.52548e+09	6.51349e+09	5.74196e+09	5.63721e+09	5.37427e+09	6.51495e+09	6.51341e+09	5.75995e+09	6.21252e+09	6.06638e+09	5.86907e+09	5.5795e+09	5.81942e+09	8.48457e+09	8.4441e+09	8.23543e+09	7.56721e+09	7.57245e+09	8.42933e+09	5.82664e+09	5.50008e+09	5.499e+09	5.73961e+09	6.10028e+09	5.81932e+09	6.39029e+09	7.44617e+09	6.65887e+09	6.3592e+09	6.75667e+09	6.66056e+09
ERR605563	8.66619e+09	8.65411e+09	9.21402e+09	8.65349e+09	8.73293e+09	8.38718e+09	6.66878e+09	7.36111e+09	7.69371e+09	6.61646e+09	6.68075e+09	6.237e+09	6.72598e+09	6.63722e+09	6.61978e+09	8.32567e+09	8.10532e+09	8.32136e+09	7.55989e+09	7.60963e+09	6.8295e+09	7.7359e+09	7.29456e+09	7.4027e+09	6.63748e+09	6.89586e+09	6.70341e+09	6.66757e+09	6.49468e+09	5.73793e+09	8.01479e+09	8.1373e+09	6.99539e+09	8.11121e+09	8.62038e+09	8.81443e+09	5.99216e+09	7.54931e+09	7.0287e+09	7.09059e+09	7.66916e+09	7.58043e+09	8.38535e+09	7.75112e+09	8.19451e+09	8.41801e+09	7.73186e+09	8.33671e+09	7.68652e+09	6.71242e+09	7.36952e+09	6.91331e+09	7.68577e+09	6.57985e+09	6.5606e+09	6.64729e+09	7.38039e+09	7.11357e+09	7.25131e+09	6.684e+09	7.40018e+09	6.06426e+09	6.54317e+09	6.6102e+09	7.85909e+09	6.73931e+09	6.71748e+09	5.91335e+09	5.8045e+09	5.53136e+09	6.71923e+09	6.71783e+09	5.95984e+09	6.43647e+09	6.28251e+09	6.07626e+09	5.77129e+09	6.02282e+09	8.76916e+09	8.7256e+09	8.50453e+09	7.7957e+09	7.80072e+09	8.70981e+09	6.01586e+09	5.67605e+09	5.67479e+09	5.9242e+09	6.30217e+09	6.00825e+09	6.57723e+09	7.67846e+09	6.85617e+09	6.54461e+09	6.95669e+09	6.85841e+09
ERR605566	8.39573e+09	8.38975e+09	8.65349e+09	8.6447e+09	8.46295e+09	8.13518e+09	6.49124e+09	7.15458e+09	7.47189e+09	6.44076e+09	6.5021e+09	6.07489e+09	6.55205e+09	6.46643e+09	6.44985e+09	8.07747e+09	7.86995e+09	8.07319e+09	7.3296e+09	7.37682e+09	6.63162e+09	7.49771e+09	7.07713e+09	7.17939e+09	6.46008e+09	6.70722e+09	6.5233e+09	6.48926e+09	6.32297e+09	5.59284e+09	7.77597e+09	7.88878e+09	6.80191e+09	7.86322e+09	8.34852e+09	8.53253e+09	5.83098e+09	7.32449e+09	6.82654e+09	6.88577e+09	7.43953e+09	7.35369e+09	8.12921e+09	7.52741e+09	7.94671e+09	8.16013e+09	7.50849e+09	8.08311e+09	7.42596e+09	6.49631e+09	7.12419e+09	6.68789e+09	7.42614e+09	6.37126e+09	6.34267e+09	6.42593e+09	7.12346e+09	6.86977e+09	7.00051e+09	6.46081e+09	7.15919e+09	5.88246e+09	6.33887e+09	6.40263e+09	7.59662e+09	6.52668e+09	6.51316e+09	5.74281e+09	5.63752e+09	5.37444e+09	6.51532e+09	6.51357e+09	5.76019e+09	6.21368e+09	6.06759e+09	5.87024e+09	5.58035e+09	5.82019e+09	8.48486e+09	8.44435e+09	8.23638e+09	7.56691e+09	7.57301e+09	8.42931e+09	5.82766e+09	5.50062e+09	5.49918e+09	5.7404e+09	6.10155e+09	5.82054e+09	6.39099e+09	7.4467e+09	6.65979e+09	6.35981e+09	6.75733e+09	6.66167e+09
ERR605567	8.47034e+09	8.46441e+09	8.73293e+09	8.46295e+09	8.7989e+09	8.20561e+09	6.54154e+09	7.21378e+09	7.53471e+09	6.49067e+09	6.55321e+09	6.12122e+09	6.60109e+09	6.51448e+09	6.49769e+09	8.14656e+09	7.93646e+09	8.14288e+09	7.39313e+09	7.44099e+09	6.68662e+09	7.56308e+09	7.13768e+09	7.24127e+09	6.51073e+09	6.76046e+09	6.5749e+09	6.54058e+09	6.37209e+09	5.63396e+09	7.8414e+09	7.95553e+09	6.855e+09	7.93048e+09	8.42245e+09	8.60865e+09	5.87484e+09	7.38392e+09	6.88016e+09	6.94e+09	7.50024e+09	7.41371e+09	8.19935e+09	7.58908e+09	8.01448e+09	8.23082e+09	7.57026e+09	8.15288e+09	7.4922e+09	6.55188e+09	7.18752e+09	6.7457e+09	7.49265e+09	6.42641e+09	6.39984e+09	6.48404e+09	7.18913e+09	6.93274e+09	7.06518e+09	6.5195e+09	7.22084e+09	5.92867e+09	6.39031e+09	6.45513e+09	7.66273e+09	6.58035e+09	6.56818e+09	5.7876e+09	5.6814e+09	5.41529e+09	6.56996e+09	6.5682e+09	5.81102e+09	6.26959e+09	6.12164e+09	5.92214e+09	5.62897e+09	5.87167e+09	8.56283e+09	8.52104e+09	8.30909e+09	7.6299e+09	7.63551e+09	8.5058e+09	5.87701e+09	5.54641e+09	5.5449e+09	5.78814e+09	6.15352e+09	5.86883e+09	6.44012e+09	7.50824e+09	6.71157e+09	6.40821e+09	6.81056e+09	6.71359e+09
ERR605565	8.14645e+09	8.13623e+09	8.38718e+09	8.13518e+09	8.20561e+09	8.14348e+09	6.31733e+09	6.95655e+09	7.25582e+09	6.269e+09	6.32892e+09	5.9186e+09	6.38237e+09	6.29891e+09	6.28397e+09	7.8383e+09	7.64414e+09	7.83599e+09	7.10364e+09	7.14908e+09	6.44241e+09	7.26872e+09	6.86621e+09	6.96023e+09	6.28647e+09	6.52346e+09	6.34779e+09	6.31727e+09	6.15457e+09	5.4505e+09	7.54568e+09	7.64517e+09	6.61486e+09	7.62073e+09	8.08854e+09	8.26094e+09	5.67919e+09	7.10663e+09	6.63171e+09	6.68808e+09	7.21703e+09	7.13684e+09	7.87928e+09	7.31041e+09	7.7075e+09	7.90925e+09	7.29092e+09	7.8367e+09	7.17606e+09	6.29007e+09	6.89385e+09	6.47287e+09	7.17797e+09	6.17766e+09	6.13874e+09	6.21828e+09	6.87788e+09	6.64157e+09	6.76247e+09	6.25311e+09	6.92279e+09	5.70229e+09	6.13546e+09	6.1949e+09	7.3384e+09	6.31399e+09	6.32049e+09	5.57921e+09	5.47861e+09	5.22417e+09	6.3217e+09	6.32061e+09	5.56436e+09	5.9931e+09	5.85557e+09	5.66538e+09	5.39137e+09	5.62139e+09	8.2245e+09	8.18566e+09	7.98939e+09	7.35721e+09	7.36297e+09	8.17142e+09	5.64831e+09	5.33054e+09	5.3298e+09	5.5666e+09	5.91119e+09	5.63876e+09	6.21334e+09	7.22818e+09	6.4718e+09	6.18307e+09	6.5675e+09	6.47312e+09
ERR612580	6.49251e+09	6.49285e+09	6.66878e+09	6.49124e+09	6.54154e+09	6.31733e+09	5.69036e+09	5.99854e+09	6.23921e+09	5.46745e+09	5.51303e+09	5.17721e+09	5.35359e+09	5.2901e+09	5.27602e+09	6.45068e+09	6.30115e+09	6.44225e+09	5.89398e+09	5.9303e+09	5.37385e+09	6.0144e+09	5.70656e+09	5.78569e+09	5.42375e+09	5.61214e+09	5.47197e+09	5.43872e+09	5.31852e+09	4.74498e+09	6.16094e+09	6.24477e+09	5.46395e+09	6.22951e+09	6.5604e+09	6.68953e+09	4.62422e+09	5.738e+09	5.36885e+09	5.41321e+09	5.82265e+09	5.75708e+09	6.50633e+09	6.08e+09	6.37633e+09	6.52758e+09	6.07024e+09	6.47313e+09	5.74266e+09	5.05675e+09	5.51862e+09	5.19907e+09	5.74397e+09	4.95661e+09	4.89483e+09	4.9572e+09	5.4807e+09	5.28989e+09	5.38969e+09	4.98081e+09	5.67757e+09	4.71652e+09	5.06269e+09	5.11082e+09	6.00371e+09	5.20379e+09	5.09231e+09	4.52039e+09	4.44119e+09	4.2424e+09	5.09376e+09	5.092e+09	4.46386e+09	4.80111e+09	4.69201e+09	4.54698e+09	4.33003e+09	4.50647e+09	6.55818e+09	6.53117e+09	6.38248e+09	5.91056e+09	5.91112e+09	6.52068e+09	4.52286e+09	4.27963e+09	4.27876e+09	4.45496e+09	4.73114e+09	4.52336e+09	5.04176e+09	5.81936e+09	5.24362e+09	5.01964e+09	5.31406e+09	5.24192e+09
ERR612579	7.15899e+09	7.15709e+09	7.36111e+09	7.15458e+09	7.21378e+09	6.95655e+09	5.99854e+09	6.78178e+09	6.84924e+09	5.95416e+09	6.00758e+09	5.62996e+09	5.84276e+09	5.77041e+09	5.7543e+09	7.09997e+09	6.93042e+09	7.09305e+09	6.46523e+09	6.5062e+09	5.87857e+09	6.60505e+09	6.25508e+09	6.34143e+09	5.91554e+09	6.1288e+09	5.96859e+09	5.93539e+09	5.79422e+09	5.146e+09	6.76519e+09	6.85644e+09	5.96853e+09	6.83766e+09	7.22752e+09	7.37292e+09	5.03619e+09	6.28677e+09	5.86981e+09	5.92014e+09	6.38322e+09	6.31081e+09	7.15919e+09	6.66804e+09	7.0087e+09	7.1849e+09	6.65593e+09	7.12153e+09	6.30429e+09	5.52765e+09	6.05324e+09	5.68856e+09	6.3065e+09	5.42439e+09	5.36685e+09	5.43638e+09	6.01998e+09	5.80787e+09	5.91716e+09	5.46512e+09	6.20703e+09	5.12048e+09	5.50821e+09	5.56157e+09	6.57579e+09	5.66773e+09	5.56633e+09	4.91971e+09	4.83069e+09	4.60829e+09	5.56753e+09	5.56621e+09	4.87231e+09	5.24981e+09	5.12747e+09	4.96296e+09	4.72167e+09	4.9207e+09	7.23961e+09	7.20808e+09	7.03714e+09	6.49584e+09	6.49887e+09	7.19583e+09	4.93945e+09	4.66338e+09	4.66244e+09	4.86442e+09	5.17054e+09	4.93509e+09	5.49957e+09	6.38297e+09	5.72814e+09	5.47363e+09	5.80961e+09	5.7256e+09
ERR612577	7.47389e+09	7.47422e+09	7.69371e+09	7.47189e+09	7.53471e+09	7.25582e+09	6.23921e+09	6.84924e+09	7.37676e+09	6.19271e+09	6.24785e+09	5.84656e+09	6.07621e+09	6.00074e+09	5.98331e+09	7.41955e+09	7.23212e+09	7.4076e+09	6.76693e+09	6.81009e+09	6.13112e+09	6.90895e+09	6.53485e+09	6.63492e+09	6.14954e+09	6.38034e+09	6.20781e+09	6.16791e+09	6.0222e+09	5.33861e+09	7.06346e+09	7.17279e+09	6.21196e+09	7.15396e+09	7.55938e+09	7.72281e+09	5.23152e+09	6.57056e+09	6.12304e+09	6.1754e+09	6.67221e+09	6.59297e+09	7.49321e+09	6.95904e+09	7.32954e+09	7.51969e+09	6.94691e+09	7.45087e+09	6.61682e+09	5.78993e+09	6.34112e+09	5.96051e+09	6.61761e+09	5.66059e+09	5.61103e+09	5.68559e+09	6.31991e+09	6.08685e+09	6.2108e+09	5.71307e+09	6.51059e+09	5.3539e+09	5.77184e+09	5.83036e+09	6.90927e+09	5.94265e+09	5.81208e+09	5.13161e+09	5.03637e+09	4.80371e+09	5.81298e+09	5.81143e+09	5.11783e+09	5.52843e+09	5.39369e+09	5.22251e+09	4.95915e+09	5.16973e+09	7.57092e+09	7.53733e+09	7.35387e+09	6.77032e+09	6.77107e+09	7.52414e+09	5.16327e+09	4.87828e+09	4.87723e+09	5.08124e+09	5.4083e+09	5.16402e+09	5.73343e+09	6.67012e+09	5.97516e+09	5.70679e+09	6.05713e+09	5.97358e+09
ERR612582	6.44256e+09	6.44284e+09	6.61646e+09	6.44076e+09	6.49067e+09	6.269e+09	5.46745e+09	5.95416e+09	6.19271e+09	5.6105e+09	5.47464e+09	5.14204e+09	5.31504e+09	5.25295e+09	5.2384e+09	6.40089e+09	6.25253e+09	6.39275e+09	5.84981e+09	5.88554e+09	5.33422e+09	5.96899e+09	5.66396e+09	5.74212e+09	5.3849e+09	5.57174e+09	5.43243e+09	5.40035e+09	5.28118e+09	4.71344e+09	6.11407e+09	6.19751e+09	5.424e+09	6.18197e+09	6.50931e+09	6.63716e+09	4.59174e+09	5.69556e+09	5.32923e+09	5.37348e+09	5.77941e+09	5.71418e+09	6.45708e+09	6.03546e+09	6.32798e+09	6.47812e+09	6.02542e+09	6.42406e+09	5.6994e+09	5.02005e+09	5.47693e+09	5.16098e+09	5.6998e+09	4.92029e+09	4.85766e+09	4.9199e+09	5.43832e+09	5.25044e+09	5.34878e+09	4.94301e+09	5.63612e+09	4.68428e+09	5.02652e+09	5.07468e+09	5.95883e+09	5.16688e+09	5.0567e+09	4.49011e+09	4.41111e+09	4.2147e+09	5.05763e+09	5.05585e+09	4.43127e+09	4.76544e+09	4.65753e+09	4.51345e+09	4.29871e+09	4.47342e+09	6.50827e+09	6.48212e+09	6.3348e+09	5.86809e+09	5.86873e+09	6.47155e+09	4.49047e+09	4.24978e+09	4.2492e+09	4.4235e+09	4.69713e+09	4.4917e+09	5.00721e+09	5.77784e+09	5.20645e+09	4.985e+09	5.27685e+09	5.20532e+09
ERR612581	6.50435e+09	6.50423e+09	6.68075e+09	6.5021e+09	6.55321e+09	6.32892e+09	5.51303e+09	6.00758e+09	6.24785e+09	5.47464e+09	5.70146e+09	5.18352e+09	5.36101e+09	5.2976e+09	5.28342e+09	6.46027e+09	6.311e+09	6.45274e+09	5.90078e+09	5.93732e+09	5.38059e+09	6.0225e+09	5.71331e+09	5.79204e+09	5.43092e+09	5.61997e+09	5.4789e+09	5.44687e+09	5.3255e+09	4.75064e+09	6.16991e+09	6.25306e+09	5.47198e+09	6.23753e+09	6.57096e+09	6.69943e+09	4.63115e+09	5.74563e+09	5.37604e+09	5.41999e+09	5.8305e+09	5.76524e+09	6.51611e+09	6.08923e+09	6.38571e+09	6.53716e+09	6.07945e+09	6.48302e+09	5.74802e+09	5.06064e+09	5.52427e+09	5.20376e+09	5.74907e+09	4.96354e+09	4.90087e+09	4.96384e+09	5.48559e+09	5.29647e+09	5.39515e+09	4.98773e+09	5.6818e+09	4.71896e+09	5.06473e+09	5.11281e+09	6.00776e+09	5.20616e+09	5.09907e+09	4.52571e+09	4.44638e+09	4.24683e+09	5.10023e+09	5.09866e+09	4.46566e+09	4.80214e+09	4.69366e+09	4.54772e+09	4.33149e+09	4.50833e+09	6.5695e+09	6.54226e+09	6.39383e+09	5.92122e+09	5.92239e+09	6.53203e+09	4.52813e+09	4.28396e+09	4.28295e+09	4.46034e+09	4.73618e+09	4.52794e+09	5.04826e+09	5.82768e+09	5.25049e+09	5.02573e+09	5.3219e+09	5.24884e+09
ERR612578	6.07747e+09	6.07684e+09	6.237e+09	6.07489e+09	6.12122e+09	5.9186e+09	5.17721e+09	5.62996e+09	5.84656e+09	5.14204e+09	5.18352e+09	5.04786e+09	5.03503e+09	4.97733e+09	4.96445e+09	6.03937e+09	5.904e+09	6.0328e+09	5.51922e+09	5.55228e+09	5.04723e+09	5.63265e+09	5.35087e+09	5.41999e+09	5.10152e+09	5.2721e+09	5.14428e+09	5.11675e+09	5.0046e+09	4.47913e+09	5.77085e+09	5.84294e+09	5.13461e+09	5.82824e+09	6.13331e+09	6.25029e+09	4.36242e+09	5.38004e+09	5.04339e+09	5.08335e+09	5.45789e+09	5.39822e+09	6.08542e+09	5.69986e+09	5.96831e+09	6.10564e+09	5.69017e+09	6.05591e+09	5.3729e+09	4.74416e+09	5.16979e+09	4.87553e+09	5.37456e+09	4.65653e+09	4.59284e+09	4.65084e+09	5.12919e+09	4.95728e+09	5.04691e+09	4.67262e+09	5.31794e+09	4.43816e+09	4.75207e+09	4.79567e+09	5.61559e+09	4.88122e+09	4.78524e+09	4.25936e+09	4.18684e+09	4.00179e+09	4.78621e+09	4.78406e+09	4.18543e+09	4.49323e+09	4.39412e+09	4.25943e+09	4.06158e+09	4.22432e+09	6.13731e+09	6.11226e+09	5.97722e+09	5.54715e+09	5.54816e+09	6.1029e+09	4.2518e+09	4.02464e+09	4.02365e+09	4.19055e+09	4.44457e+09	4.25084e+09	4.74339e+09	5.45731e+09	4.92877e+09	4.72263e+09	4.99456e+09	4.92692e+09
ERR607987	6.55337e+09	6.55249e+09	6.72598e+09	6.55205e+09	6.60109e+09	6.38237e+09	5.35359e+09	5.84276e+09	6.07621e+09	5.31504e+09	5.36101e+09	5.03503e+09	5.83173e+09	5.59766e+09	5.58277e+09	6.77985e+09	6.63479e+09	6.77504e+09	5.91833e+09	5.95302e+09	5.40371e+09	6.04134e+09	5.73385e+09	5.81034e+09	5.2886e+09	5.47359e+09	5.33637e+09	5.30616e+09	5.18503e+09	4.62472e+09	6.14971e+09	6.22807e+09	5.4572e+09	6.21122e+09	6.54462e+09	6.67364e+09	4.73288e+09	5.84825e+09	5.48044e+09	5.5249e+09	5.9337e+09	5.86892e+09	6.45027e+09	6.02385e+09	6.3189e+09	6.47175e+09	6.01212e+09	6.4176e+09	5.80935e+09	5.12867e+09	5.58846e+09	5.26886e+09	5.81116e+09	5.03523e+09	4.95148e+09	5.0136e+09	5.52525e+09	5.34072e+09	5.43615e+09	5.03705e+09	5.62649e+09	4.68827e+09	5.02456e+09	5.07094e+09	5.94509e+09	5.16297e+09	5.18443e+09	4.6111e+09	4.53135e+09	4.33125e+09	5.1861e+09	5.18336e+09	4.51579e+09	4.84627e+09	4.74031e+09	4.59628e+09	4.3852e+09	4.55744e+09	6.671e+09	6.64536e+09	6.50277e+09	6.04459e+09	6.04663e+09	6.635e+09	4.58503e+09	4.34145e+09	4.34129e+09	4.51903e+09	4.79035e+09	4.58342e+09	5.14835e+09	5.93023e+09	5.35149e+09	5.12598e+09	5.42537e+09	5.34987e+09
ERR607986	6.46737e+09	6.46672e+09	6.63722e+09	6.46643e+09	6.51448e+09	6.29891e+09	5.2901e+09	5.77041e+09	6.00074e+09	5.25295e+09	5.2976e+09	4.97733e+09	5.59766e+09	5.69647e+09	5.51762e+09	6.69269e+09	6.54931e+09	6.68736e+09	5.84803e+09	5.88195e+09	5.34041e+09	5.96862e+09	5.66588e+09	5.742e+09	5.22501e+09	5.40836e+09	5.27252e+09	5.24226e+09	5.12347e+09	4.57192e+09	6.0731e+09	6.15175e+09	5.3921e+09	6.1352e+09	6.46035e+09	6.58776e+09	4.67859e+09	5.77827e+09	5.41608e+09	5.45977e+09	5.86225e+09	5.79845e+09	6.36754e+09	5.94745e+09	6.23836e+09	6.38822e+09	5.93604e+09	6.33515e+09	5.74231e+09	5.072e+09	5.52396e+09	5.21e+09	5.74429e+09	4.97641e+09	4.89341e+09	4.95477e+09	5.46139e+09	5.27895e+09	5.37331e+09	4.97762e+09	5.56117e+09	4.63848e+09	4.97019e+09	5.01551e+09	5.87535e+09	5.10676e+09	5.1252e+09	4.56073e+09	4.48204e+09	4.28542e+09	5.1271e+09	5.12371e+09	4.46871e+09	4.79537e+09	4.69055e+09	4.5491e+09	4.33984e+09	4.50931e+09	6.58179e+09	6.5567e+09	6.41616e+09	5.96587e+09	5.96717e+09	6.54643e+09	4.53392e+09	4.29522e+09	4.29476e+09	4.46914e+09	4.73753e+09	4.53394e+09	5.08961e+09	5.85788e+09	5.28888e+09	5.06789e+09	5.36101e+09	5.28828e+09
ERR607988	6.45119e+09	6.45028e+09	6.61978e+09	6.44985e+09	6.49769e+09	6.28397e+09	5.27602e+09	5.7543e+09	5.98331e+09	5.2384e+09	5.28342e+09	4.96445e+09	5.58277e+09	5.51762e+09	5.66541e+09	6.67296e+09	6.5309e+09	6.66764e+09	5.83053e+09	5.86452e+09	5.32637e+09	5.95109e+09	5.6498e+09	5.72496e+09	5.21071e+09	5.39275e+09	5.25783e+09	5.22823e+09	5.10946e+09	4.5605e+09	6.05744e+09	6.13408e+09	5.37911e+09	6.11818e+09	6.4434e+09	6.56918e+09	4.66963e+09	5.76432e+09	5.40328e+09	5.44665e+09	5.84739e+09	5.78387e+09	6.34918e+09	5.93201e+09	6.22076e+09	6.37002e+09	5.91991e+09	6.31728e+09	5.72487e+09	5.05811e+09	5.50831e+09	5.195e+09	5.72664e+09	4.96542e+09	4.88223e+09	4.94296e+09	5.44477e+09	5.26384e+09	5.35782e+09	4.96552e+09	5.54455e+09	4.62576e+09	4.95592e+09	5.00042e+09	5.85684e+09	5.09105e+09	5.11222e+09	4.54955e+09	4.47169e+09	4.27487e+09	5.11368e+09	5.1106e+09	4.45461e+09	4.77919e+09	4.67538e+09	4.5341e+09	4.32632e+09	4.49559e+09	6.56681e+09	6.54171e+09	6.4022e+09	5.95432e+09	5.95603e+09	6.5315e+09	4.52263e+09	4.2837e+09	4.28339e+09	4.45831e+09	4.72485e+09	4.52184e+09	5.07795e+09	5.84318e+09	5.27642e+09	5.05609e+09	5.34894e+09	5.27583e+09
ERR607984	8.08084e+09	8.07767e+09	8.32567e+09	8.07747e+09	8.14656e+09	7.8383e+09	6.45068e+09	7.09997e+09	7.41955e+09	6.40089e+09	6.46027e+09	6.03937e+09	6.77985e+09	6.69269e+09	6.67296e+09	8.5614e+09	8.12175e+09	8.32386e+09	7.25297e+09	7.29959e+09	6.5605e+09	7.41261e+09	7.00157e+09	7.10575e+09	6.38031e+09	6.62366e+09	6.44199e+09	6.40242e+09	6.24469e+09	5.52396e+09	7.53141e+09	7.64189e+09	6.59475e+09	7.61849e+09	8.07673e+09	8.25926e+09	5.68236e+09	7.14569e+09	6.65578e+09	6.71341e+09	7.25865e+09	7.17236e+09	7.94789e+09	7.35975e+09	7.76702e+09	7.97796e+09	7.34351e+09	7.90184e+09	7.19188e+09	6.28983e+09	6.89253e+09	6.47557e+09	7.19369e+09	6.15468e+09	6.09971e+09	6.18004e+09	6.86437e+09	6.61501e+09	6.7462e+09	6.21095e+09	6.925e+09	5.68952e+09	6.13343e+09	6.19497e+09	7.35463e+09	6.31585e+09	6.32208e+09	5.57725e+09	5.4737e+09	5.21761e+09	6.32352e+09	6.32158e+09	5.56708e+09	6.0122e+09	5.86631e+09	5.67963e+09	5.39551e+09	5.6236e+09	8.2789e+09	8.24129e+09	8.03981e+09	7.39449e+09	7.39674e+09	8.22692e+09	5.60351e+09	5.28948e+09	5.28855e+09	5.51483e+09	5.86696e+09	5.59835e+09	6.22429e+09	7.2543e+09	6.48863e+09	6.19379e+09	6.58036e+09	6.48703e+09
ERR607983	7.87396e+09	7.87037e+09	8.10532e+09	7.86995e+09	7.93646e+09	7.64414e+09	6.30115e+09	6.93042e+09	7.23212e+09	6.25253e+09	6.311e+09	5.904e+09	6.63479e+09	6.54931e+09	6.5309e+09	8.12175e+09	8.14431e+09	8.11763e+09	7.05609e+09	7.10128e+09	6.3973e+09	7.21373e+09	6.81967e+09	6.91537e+09	6.23235e+09	6.46456e+09	6.29122e+09	6.25549e+09	6.10043e+09	5.40144e+09	7.3355e+09	7.43312e+09	6.43674e+09	7.41062e+09	7.85714e+09	8.0282e+09	5.55308e+09	6.95683e+09	6.48792e+09	6.54378e+09	7.06626e+09	6.98395e+09	7.73275e+09	7.17172e+09	7.55913e+09	7.7618e+09	7.1563e+09	7.68978e+09	6.97171e+09	6.10638e+09	6.69032e+09	6.28508e+09	6.9749e+09	5.98767e+09	5.92468e+09	6.00123e+09	6.64932e+09	6.41586e+09	6.53705e+09	6.03238e+09	6.71443e+09	5.52771e+09	5.95083e+09	6.00924e+09	7.1236e+09	6.12563e+09	6.15375e+09	5.43319e+09	5.33356e+09	5.08463e+09	6.15467e+09	6.15309e+09	5.38971e+09	5.81114e+09	5.67382e+09	5.49215e+09	5.22496e+09	5.4443e+09	8.0562e+09	8.01999e+09	7.82929e+09	7.21674e+09	7.22048e+09	8.00621e+09	5.44605e+09	5.1396e+09	5.13895e+09	5.36202e+09	5.6996e+09	5.43785e+09	6.07032e+09	7.06565e+09	6.32734e+09	6.04093e+09	6.41779e+09	6.32373e+09
ERR607985	8.07798e+09	8.07395e+09	8.32136e+09	8.07319e+09	8.14288e+09	7.83599e+09	6.44225e+09	7.09305e+09	7.4076e+09	6.39275e+09	6.45274e+09	6.0328e+09	6.77504e+09	6.68736e+09	6.66764e+09	8.32386e+09	8.11763e+09	8.55149e+09	7.24094e+09	7.28785e+09	6.55605e+09	7.4028e+09	6.9942e+09	7.09404e+09	6.37357e+09	6.61366e+09	6.43425e+09	6.39735e+09	6.23756e+09	5.51757e+09	7.52207e+09	7.62672e+09	6.58895e+09	7.60267e+09	8.06682e+09	8.24639e+09	5.68114e+09	7.13353e+09	6.64757e+09	6.70587e+09	7.24643e+09	7.161e+09	7.93347e+09	7.34904e+09	7.75305e+09	7.9641e+09	7.33241e+09	7.88868e+09	7.17585e+09	6.27643e+09	6.88164e+09	6.46191e+09	7.17853e+09	6.15278e+09	6.09859e+09	6.17839e+09	6.85248e+09	6.60839e+09	6.73471e+09	6.21064e+09	6.90345e+09	5.67299e+09	6.11253e+09	6.17354e+09	7.3291e+09	6.29366e+09	6.31619e+09	5.57005e+09	5.46704e+09	5.21006e+09	6.3172e+09	6.31583e+09	5.55222e+09	5.99032e+09	5.84757e+09	5.6584e+09	5.38e+09	5.60866e+09	8.27397e+09	8.23559e+09	8.03439e+09	7.39158e+09	7.39573e+09	8.22156e+09	5.59576e+09	5.27933e+09	5.27892e+09	5.50836e+09	5.85805e+09	5.58766e+09	6.21558e+09	7.244e+09	6.48029e+09	6.18493e+09	6.57367e+09	6.47733e+09
ERR618451	7.32872e+09	7.33011e+09	7.55989e+09	7.3296e+09	7.39313e+09	7.10364e+09	5.89398e+09	6.46523e+09	6.76693e+09	5.84981e+09	5.90078e+09	5.51922e+09	5.91833e+09	5.84803e+09	5.83053e+09	7.25297e+09	7.05609e+09	7.24094e+09	7.09789e+09	6.90985e+09	6.20371e+09	6.99392e+09	6.61797e+09	6.73344e+09	5.80847e+09	6.03075e+09	5.86631e+09	5.82262e+09	5.68895e+09	5.04891e+09	6.91576e+09	7.04452e+09	6.08607e+09	7.02824e+09	7.40964e+09	7.57917e+09	5.2728e+09	6.60966e+09	6.16322e+09	6.21768e+09	6.70545e+09	6.62578e+09	7.25118e+09	6.71047e+09	7.08499e+09	7.27585e+09	6.70297e+09	7.20778e+09	6.80929e+09	5.97829e+09	6.52151e+09	6.14926e+09	6.80558e+09	5.8343e+09	5.83947e+09	5.91621e+09	6.56924e+09	6.32296e+09	6.45733e+09	5.94045e+09	6.55493e+09	5.41826e+09	5.84074e+09	5.89991e+09	6.94557e+09	6.00982e+09	5.93274e+09	5.25584e+09	5.16028e+09	4.928e+09	5.93388e+09	5.93162e+09	5.39838e+09	5.8267e+09	5.68594e+09	5.51152e+09	5.23486e+09	5.45283e+09	7.53901e+09	7.50406e+09	7.31038e+09	6.70267e+09	6.70408e+09	7.49032e+09	5.34572e+09	5.06304e+09	5.06267e+09	5.25802e+09	5.59357e+09	5.35267e+09	5.77134e+09	6.68593e+09	6.00578e+09	5.74729e+09	6.08322e+09	6.00965e+09
ERR618452	7.37573e+09	7.37808e+09	7.60963e+09	7.37682e+09	7.44099e+09	7.14908e+09	5.9303e+09	6.5062e+09	6.81009e+09	5.88554e+09	5.93732e+09	5.55228e+09	5.95302e+09	5.88195e+09	5.86452e+09	7.29959e+09	7.10128e+09	7.28785e+09	6.90985e+09	7.18834e+09	6.24027e+09	7.03788e+09	6.65902e+09	6.77497e+09	5.843e+09	6.06774e+09	5.90186e+09	5.8576e+09	5.72331e+09	5.07801e+09	6.95842e+09	7.08838e+09	6.12138e+09	7.07149e+09	7.45801e+09	7.6289e+09	5.30352e+09	6.6504e+09	6.20066e+09	6.25589e+09	6.74765e+09	6.66748e+09	7.29889e+09	6.75354e+09	7.1313e+09	7.32434e+09	6.74605e+09	7.25517e+09	6.85263e+09	6.01487e+09	6.56278e+09	6.18749e+09	6.84921e+09	5.86991e+09	5.87451e+09	5.95161e+09	6.60983e+09	6.36228e+09	6.49754e+09	5.97619e+09	6.59545e+09	5.44973e+09	5.8747e+09	5.9348e+09	6.98987e+09	6.04541e+09	5.9699e+09	5.28671e+09	5.19069e+09	4.95634e+09	5.97105e+09	5.9684e+09	5.43065e+09	5.86199e+09	5.72075e+09	5.54429e+09	5.26543e+09	5.48532e+09	7.59183e+09	7.55684e+09	7.36161e+09	6.7485e+09	6.74957e+09	7.54285e+09	5.37735e+09	5.09195e+09	5.0921e+09	5.288e+09	5.62669e+09	5.38358e+09	5.80717e+09	6.7297e+09	6.04334e+09	5.78268e+09	6.12117e+09	6.04699e+09
ERR618448	6.63443e+09	6.63227e+09	6.8295e+09	6.63162e+09	6.68662e+09	6.44241e+09	5.37385e+09	5.87857e+09	6.13112e+09	5.33422e+09	5.38059e+09	5.04723e+09	5.40371e+09	5.34041e+09	5.32637e+09	6.5605e+09	6.3973e+09	6.55605e+09	6.20371e+09	6.24027e+09	5.85222e+09	6.32687e+09	6.00488e+09	6.08811e+09	5.29498e+09	5.48752e+09	5.34461e+09	5.31207e+09	5.18814e+09	4.62233e+09	6.26347e+09	6.35906e+09	5.54503e+09	6.34316e+09	6.68793e+09	6.82642e+09	4.83422e+09	5.98544e+09	5.60353e+09	5.65048e+09	6.06904e+09	6.00336e+09	6.54204e+09	6.08117e+09	6.40058e+09	6.56481e+09	6.07319e+09	6.50651e+09	6.13031e+09	5.41389e+09	5.89427e+09	5.56285e+09	6.13109e+09	5.30842e+09	5.3016e+09	5.36846e+09	5.9209e+09	5.71797e+09	5.82548e+09	5.39211e+09	5.90154e+09	4.91666e+09	5.27527e+09	5.32472e+09	6.23355e+09	5.4207e+09	5.39322e+09	4.79709e+09	4.71426e+09	4.50477e+09	5.39415e+09	5.39312e+09	4.87911e+09	5.24154e+09	5.12498e+09	4.96695e+09	4.73457e+09	4.92631e+09	6.80821e+09	6.77688e+09	6.61159e+09	6.09186e+09	6.09436e+09	6.76603e+09	4.86201e+09	4.60328e+09	4.60314e+09	4.78808e+09	5.08006e+09	4.86102e+09	5.25662e+09	6.05352e+09	5.46214e+09	5.23496e+09	5.53401e+09	5.46407e+09
ERR618447	7.50045e+09	7.49844e+09	7.7359e+09	7.49771e+09	7.56308e+09	7.26872e+09	6.0144e+09	6.60505e+09	6.90895e+09	5.96899e+09	6.0225e+09	5.63265e+09	6.04134e+09	5.96862e+09	5.95109e+09	7.41261e+09	7.21373e+09	7.4028e+09	6.99392e+09	7.03788e+09	6.32687e+09	7.37565e+09	6.7496e+09	6.85602e+09	5.92901e+09	6.15731e+09	5.98746e+09	5.94744e+09	5.80579e+09	5.14882e+09	7.0632e+09	7.18619e+09	6.20897e+09	7.16744e+09	7.5713e+09	7.74149e+09	5.37998e+09	6.74374e+09	6.28853e+09	6.34349e+09	6.84308e+09	6.76377e+09	7.40374e+09	6.8527e+09	7.23533e+09	7.42992e+09	6.84275e+09	7.36037e+09	6.93257e+09	6.08149e+09	6.64501e+09	6.25703e+09	6.93046e+09	5.94466e+09	5.94787e+09	6.02609e+09	6.68703e+09	6.44122e+09	6.5721e+09	6.05339e+09	6.66756e+09	5.50379e+09	5.93082e+09	5.99059e+09	7.06577e+09	6.1037e+09	6.04637e+09	5.34866e+09	5.25197e+09	5.01201e+09	6.04738e+09	6.0458e+09	5.47402e+09	5.90599e+09	5.7654e+09	5.58433e+09	5.306e+09	5.52994e+09	7.71828e+09	7.68145e+09	7.48472e+09	6.86487e+09	6.86584e+09	7.66833e+09	5.43734e+09	5.14349e+09	5.14326e+09	5.3499e+09	5.69167e+09	5.43926e+09	5.88764e+09	6.82968e+09	6.12907e+09	5.86211e+09	6.21051e+09	6.13211e+09
ERR618449	7.07868e+09	7.07773e+09	7.29456e+09	7.07713e+09	7.13768e+09	6.86621e+09	5.70656e+09	6.25508e+09	6.53485e+09	5.66396e+09	5.71331e+09	5.35087e+09	5.73385e+09	5.66588e+09	5.6498e+09	7.00157e+09	6.81967e+09	6.9942e+09	6.61797e+09	6.65902e+09	6.00488e+09	6.7496e+09	6.61578e+09	6.49127e+09	5.62427e+09	5.8337e+09	5.67837e+09	5.64038e+09	5.50881e+09	4.89549e+09	6.67659e+09	6.78684e+09	5.89008e+09	6.76992e+09	7.14372e+09	7.29995e+09	5.11711e+09	6.37809e+09	5.95892e+09	6.01012e+09	6.46999e+09	6.3967e+09	6.98891e+09	6.47967e+09	6.83138e+09	7.01358e+09	6.47173e+09	6.94884e+09	6.55101e+09	5.76488e+09	6.28765e+09	5.92744e+09	6.55016e+09	5.64236e+09	5.64198e+09	5.71499e+09	6.32344e+09	6.09788e+09	6.21826e+09	5.73989e+09	6.30277e+09	5.22508e+09	5.62011e+09	5.67478e+09	6.66939e+09	5.77924e+09	5.73456e+09	5.08604e+09	4.99557e+09	4.76974e+09	5.73559e+09	5.73385e+09	5.1972e+09	5.59607e+09	5.4668e+09	5.29681e+09	5.04061e+09	5.24904e+09	7.27573e+09	7.24177e+09	7.05915e+09	6.48724e+09	6.48961e+09	7.22945e+09	5.16539e+09	4.88811e+09	4.88812e+09	5.08256e+09	5.40087e+09	5.16598e+09	5.58229e+09	6.4534e+09	5.80712e+09	5.55886e+09	5.88415e+09	5.80839e+09
ERR618450	7.17873e+09	7.1804e+09	7.4027e+09	7.17939e+09	7.24127e+09	6.96023e+09	5.78569e+09	6.34143e+09	6.63492e+09	5.74212e+09	5.79204e+09	5.41999e+09	5.81034e+09	5.742e+09	5.72496e+09	7.10575e+09	6.91537e+09	7.09404e+09	6.73344e+09	6.77497e+09	6.08811e+09	6.85602e+09	6.49127e+09	6.8269e+09	5.6989e+09	5.91656e+09	5.75615e+09	5.71335e+09	5.58322e+09	4.95882e+09	6.77998e+09	6.90494e+09	5.9739e+09	6.88956e+09	7.25888e+09	7.4232e+09	5.18037e+09	6.48234e+09	6.04856e+09	6.10152e+09	6.57548e+09	6.49803e+09	7.10406e+09	6.57881e+09	6.94249e+09	7.12797e+09	6.57196e+09	7.06199e+09	6.67474e+09	5.86685e+09	6.39489e+09	6.03362e+09	6.67129e+09	5.72626e+09	5.72927e+09	5.80426e+09	6.43979e+09	6.20037e+09	6.33065e+09	5.82728e+09	6.42888e+09	5.3229e+09	5.73391e+09	5.79162e+09	6.80787e+09	5.89848e+09	5.8228e+09	5.16327e+09	5.06983e+09	4.84326e+09	5.82376e+09	5.82151e+09	5.29988e+09	5.71643e+09	5.57976e+09	5.40979e+09	5.14071e+09	5.35249e+09	7.38354e+09	7.34949e+09	7.16203e+09	6.57226e+09	6.57285e+09	7.33613e+09	5.24908e+09	4.97395e+09	4.97331e+09	5.16314e+09	5.49093e+09	5.25604e+09	5.66685e+09	6.55611e+09	5.89492e+09	5.64321e+09	5.96971e+09	5.89871e+09
ERR612205	6.46293e+09	6.46172e+09	6.63748e+09	6.46008e+09	6.51073e+09	6.28647e+09	5.42375e+09	5.91554e+09	6.14954e+09	5.3849e+09	5.43092e+09	5.10152e+09	5.2886e+09	5.22501e+09	5.21071e+09	6.38031e+09	6.23235e+09	6.37357e+09	5.80847e+09	5.843e+09	5.29498e+09	5.92901e+09	5.62427e+09	5.6989e+09	5.69806e+09	5.6954e+09	5.55524e+09	5.52386e+09	5.40086e+09	4.82038e+09	6.12751e+09	6.20762e+09	5.43638e+09	6.19173e+09	6.52838e+09	6.65477e+09	4.56946e+09	5.67041e+09	5.30474e+09	5.34792e+09	5.75413e+09	5.68975e+09	6.48095e+09	6.05874e+09	6.35142e+09	6.50277e+09	6.04888e+09	6.44896e+09	5.67392e+09	4.99064e+09	5.45293e+09	5.13248e+09	5.67542e+09	4.8996e+09	4.8434e+09	4.90566e+09	5.42171e+09	5.23468e+09	5.33144e+09	4.93066e+09	5.61573e+09	4.65565e+09	4.99833e+09	5.0464e+09	5.94076e+09	5.13948e+09	5.0351e+09	4.46357e+09	4.38516e+09	4.1868e+09	5.03594e+09	5.03424e+09	4.40391e+09	4.73746e+09	4.62925e+09	4.48336e+09	4.26951e+09	4.44553e+09	6.49195e+09	6.46441e+09	6.31589e+09	5.84659e+09	5.84832e+09	6.45409e+09	4.48875e+09	4.24348e+09	4.24203e+09	4.42153e+09	4.69459e+09	4.48591e+09	4.97735e+09	5.74975e+09	5.17753e+09	4.9549e+09	5.24958e+09	5.1749e+09
ERR612203	6.71002e+09	6.70901e+09	6.89586e+09	6.70722e+09	6.76046e+09	6.52346e+09	5.61214e+09	6.1288e+09	6.38034e+09	5.57174e+09	5.61997e+09	5.2721e+09	5.47359e+09	5.40836e+09	5.39275e+09	6.62366e+09	6.46456e+09	6.61366e+09	6.03075e+09	6.06774e+09	5.48752e+09	6.15731e+09	5.8337e+09	5.91656e+09	5.6954e+09	6.09659e+09	5.74624e+09	5.71116e+09	5.58264e+09	4.97407e+09	6.36141e+09	6.45203e+09	5.62889e+09	6.43499e+09	6.78386e+09	6.91957e+09	4.72504e+09	5.88822e+09	5.50167e+09	5.54698e+09	5.97646e+09	5.90817e+09	6.73294e+09	6.28617e+09	6.59866e+09	6.75502e+09	6.27403e+09	6.69847e+09	5.90517e+09	5.18704e+09	5.66912e+09	5.3358e+09	5.90559e+09	5.0816e+09	5.02928e+09	5.09431e+09	5.64303e+09	5.4433e+09	5.54746e+09	5.11879e+09	5.842e+09	4.83305e+09	5.19608e+09	5.24728e+09	6.18641e+09	5.34536e+09	5.22311e+09	4.62656e+09	4.54359e+09	4.33813e+09	5.22539e+09	5.22282e+09	4.57985e+09	4.93441e+09	4.81921e+09	4.66831e+09	4.43962e+09	4.62411e+09	6.74661e+09	6.71726e+09	6.56177e+09	6.06474e+09	6.06503e+09	6.70694e+09	4.65702e+09	4.40434e+09	4.40379e+09	4.58708e+09	4.87465e+09	4.65712e+09	5.16137e+09	5.97251e+09	5.37106e+09	5.13857e+09	5.44393e+09	5.3705e+09
ERR612206	6.52579e+09	6.5251e+09	6.70341e+09	6.5233e+09	6.5749e+09	6.34779e+09	5.47197e+09	5.96859e+09	6.20781e+09	5.43243e+09	5.4789e+09	5.14428e+09	5.33637e+09	5.27252e+09	5.25783e+09	6.44199e+09	6.29122e+09	6.43425e+09	5.86631e+09	5.90186e+09	5.34461e+09	5.98746e+09	5.67837e+09	5.75615e+09	5.55524e+09	5.74624e+09	5.79713e+09	5.56975e+09	5.44935e+09	4.86168e+09	6.18891e+09	6.27263e+09	5.48664e+09	6.25631e+09	6.59485e+09	6.72396e+09	4.60985e+09	5.72726e+09	5.35623e+09	5.40094e+09	5.81266e+09	5.74682e+09	6.54507e+09	6.11571e+09	6.41405e+09	6.56623e+09	6.10549e+09	6.51198e+09	5.73442e+09	5.04282e+09	5.50935e+09	5.18611e+09	5.73545e+09	4.94729e+09	4.89245e+09	4.95517e+09	5.47977e+09	5.28901e+09	5.38779e+09	4.97966e+09	5.6771e+09	4.70494e+09	5.05366e+09	5.10242e+09	6.00744e+09	5.19679e+09	5.08497e+09	4.50774e+09	4.4279e+09	4.22786e+09	5.08648e+09	5.08451e+09	4.45185e+09	4.79094e+09	4.6808e+09	4.53382e+09	4.31626e+09	4.4943e+09	6.55678e+09	6.52895e+09	6.37852e+09	5.90265e+09	5.90398e+09	6.51835e+09	4.53407e+09	4.28688e+09	4.28628e+09	4.46569e+09	4.74251e+09	4.53226e+09	5.02553e+09	5.807e+09	5.22768e+09	5.00263e+09	5.30045e+09	5.22709e+09
ERR612204	6.49364e+09	6.49072e+09	6.66757e+09	6.48926e+09	6.54058e+09	6.31727e+09	5.43872e+09	5.93539e+09	6.16791e+09	5.40035e+09	5.44687e+09	5.11675e+09	5.30616e+09	5.24226e+09	5.22823e+09	6.40242e+09	6.25549e+09	6.39735e+09	5.82262e+09	5.8576e+09	5.31207e+09	5.94744e+09	5.64038e+09	5.71335e+09	5.52386e+09	5.71116e+09	5.56975e+09	5.73058e+09	5.41431e+09	4.832e+09	6.15263e+09	6.22869e+09	5.45511e+09	6.21184e+09	6.55436e+09	6.67944e+09	4.58652e+09	5.6878e+09	5.32279e+09	5.36622e+09	5.77341e+09	5.70907e+09	6.49982e+09	6.07818e+09	6.37142e+09	6.52173e+09	6.06646e+09	6.4684e+09	5.68761e+09	5.00184e+09	5.46868e+09	5.14421e+09	5.68948e+09	4.91623e+09	4.85983e+09	4.92175e+09	5.43503e+09	5.25038e+09	5.34486e+09	4.94818e+09	5.62573e+09	4.66217e+09	5.00408e+09	5.05227e+09	5.95092e+09	5.14556e+09	5.04968e+09	4.47572e+09	4.39747e+09	4.19748e+09	5.05102e+09	5.04971e+09	4.40441e+09	4.73665e+09	4.63017e+09	4.48241e+09	4.26971e+09	4.44669e+09	6.52156e+09	6.49363e+09	6.34522e+09	5.8751e+09	5.87774e+09	6.4833e+09	4.49857e+09	4.25083e+09	4.24975e+09	4.43387e+09	4.70626e+09	4.49406e+09	4.99437e+09	5.77046e+09	5.19527e+09	4.97135e+09	5.26878e+09	5.19384e+09
ERR612208	6.32491e+09	6.32474e+09	6.49468e+09	6.32297e+09	6.37209e+09	6.15457e+09	5.31852e+09	5.79422e+09	6.0222e+09	5.28118e+09	5.3255e+09	5.0046e+09	5.18503e+09	5.12347e+09	5.10946e+09	6.24469e+09	6.10043e+09	6.23756e+09	5.68895e+09	5.72331e+09	5.18814e+09	5.80579e+09	5.50881e+09	5.58322e+09	5.40086e+09	5.58264e+09	5.44935e+09	5.41431e+09	5.48427e+09	4.73498e+09	6.00226e+09	6.08235e+09	5.33035e+09	6.06659e+09	6.39064e+09	6.51396e+09	4.48196e+09	5.55594e+09	5.19984e+09	5.24201e+09	5.63791e+09	5.5748e+09	6.34452e+09	5.9339e+09	6.219e+09	6.36509e+09	5.92462e+09	6.31277e+09	5.55795e+09	4.89294e+09	5.34129e+09	5.03116e+09	5.55855e+09	4.80096e+09	4.74446e+09	4.80581e+09	5.31031e+09	5.12705e+09	5.22252e+09	4.82873e+09	5.5077e+09	4.57315e+09	4.90816e+09	4.95538e+09	5.82459e+09	5.04581e+09	4.93652e+09	4.38052e+09	4.3039e+09	4.11075e+09	4.93726e+09	4.93544e+09	4.31901e+09	4.64543e+09	4.53927e+09	4.39797e+09	4.18826e+09	4.36009e+09	6.35108e+09	6.32508e+09	6.18051e+09	5.72476e+09	5.72649e+09	6.31495e+09	4.40158e+09	4.16377e+09	4.16273e+09	4.33646e+09	4.60309e+09	4.40066e+09	4.88223e+09	5.63316e+09	5.07631e+09	4.86025e+09	5.14606e+09	5.07514e+09
ERR612207	5.5944e+09	5.5945e+09	5.73793e+09	5.59284e+09	5.63396e+09	5.4505e+09	4.74498e+09	5.146e+09	5.33861e+09	4.71344e+09	4.75064e+09	4.47913e+09	4.62472e+09	4.57192e+09	4.5605e+09	5.52396e+09	5.40144e+09	5.51757e+09	5.04891e+09	5.07801e+09	4.62233e+09	5.14882e+09	4.89549e+09	4.95882e+09	4.82038e+09	4.97407e+09	4.86168e+09	4.832e+09	4.73498e+09	4.41442e+09	5.32298e+09	5.39034e+09	4.75274e+09	5.37713e+09	5.65109e+09	5.7549e+09	4.0163e+09	4.93552e+09	4.63156e+09	4.66807e+09	5.00522e+09	4.95098e+09	5.61161e+09	5.26543e+09	5.50563e+09	5.62897e+09	5.25722e+09	5.58514e+09	4.92972e+09	4.35961e+09	4.74576e+09	4.47863e+09	4.93066e+09	4.2818e+09	4.22532e+09	4.27802e+09	4.7133e+09	4.55621e+09	4.63814e+09	4.29799e+09	4.89591e+09	4.09677e+09	4.38346e+09	4.42431e+09	5.16552e+09	4.50136e+09	4.40117e+09	3.92409e+09	3.85804e+09	3.69007e+09	4.40268e+09	4.40047e+09	3.85366e+09	4.13461e+09	4.04437e+09	3.92061e+09	3.73998e+09	3.88815e+09	5.6088e+09	5.58676e+09	5.46462e+09	5.07789e+09	5.07878e+09	5.57818e+09	3.93439e+09	3.72702e+09	3.72638e+09	3.87773e+09	4.10994e+09	3.9342e+09	4.35907e+09	4.99923e+09	4.52529e+09	4.34009e+09	4.58494e+09	4.52384e+09
ERR613390	7.78107e+09	7.77598e+09	8.01479e+09	7.77597e+09	7.8414e+09	7.54568e+09	6.16094e+09	6.76519e+09	7.06346e+09	6.11407e+09	6.16991e+09	5.77085e+09	6.14971e+09	6.0731e+09	6.05744e+09	7.53141e+09	7.3355e+09	7.52207e+09	6.91576e+09	6.95842e+09	6.26347e+09	7.0632e+09	6.67659e+09	6.77998e+09	6.12751e+09	6.36141e+09	6.18891e+09	6.15263e+09	6.00226e+09	5.32298e+09	7.65448e+09	7.53443e+09	6.51187e+09	7.51356e+09	7.94243e+09	8.11183e+09	5.49424e+09	6.88089e+09	6.41934e+09	6.4745e+09	6.9838e+09	6.90152e+09	7.66276e+09	7.11145e+09	7.49826e+09	7.68979e+09	7.09731e+09	7.62005e+09	7.02377e+09	6.16049e+09	6.73801e+09	6.33888e+09	7.02185e+09	6.03382e+09	6.01164e+09	6.08962e+09	6.74547e+09	6.5029e+09	6.63002e+09	6.12041e+09	6.85755e+09	5.65896e+09	6.09384e+09	6.15571e+09	7.26634e+09	6.27094e+09	6.13923e+09	5.42963e+09	5.33139e+09	5.09032e+09	6.14126e+09	6.13902e+09	5.49118e+09	5.91911e+09	5.7797e+09	5.59929e+09	5.3223e+09	5.54593e+09	7.88474e+09	7.84698e+09	7.65305e+09	7.03732e+09	7.04125e+09	7.83298e+09	5.52952e+09	5.2315e+09	5.231e+09	5.44739e+09	5.78824e+09	5.5311e+09	6.02024e+09	6.98357e+09	6.26482e+09	5.99263e+09	6.35391e+09	6.27076e+09
ERR613393	7.89044e+09	7.88911e+09	8.1373e+09	7.88878e+09	7.95553e+09	7.64517e+09	6.24477e+09	6.85644e+09	7.17279e+09	6.19751e+09	6.25306e+09	5.84294e+09	6.22807e+09	6.15175e+09	6.13408e+09	7.64189e+09	7.43312e+09	7.62672e+09	7.04452e+09	7.08838e+09	6.35906e+09	7.18619e+09	6.78684e+09	6.90494e+09	6.20762e+09	6.45203e+09	6.27263e+09	6.22869e+09	6.08235e+09	5.39034e+09	7.53443e+09	7.92389e+09	6.61015e+09	7.66333e+09	8.08044e+09	8.26048e+09	5.56421e+09	7.00299e+09	6.5232e+09	6.58001e+09	7.10646e+09	7.02041e+09	7.79584e+09	7.22285e+09	7.62607e+09	7.82228e+09	7.21035e+09	7.75028e+09	7.18628e+09	6.29449e+09	6.8788e+09	6.47852e+09	7.18049e+09	6.14276e+09	6.12972e+09	6.21042e+09	6.90336e+09	6.64151e+09	6.78196e+09	6.23727e+09	7.02362e+09	5.78595e+09	6.24519e+09	6.31078e+09	7.44965e+09	6.42936e+09	6.24787e+09	5.52396e+09	5.42254e+09	5.17967e+09	6.25005e+09	6.24659e+09	5.63167e+09	6.08323e+09	5.93529e+09	5.75496e+09	5.45886e+09	5.68823e+09	8.00531e+09	7.96755e+09	7.76638e+09	7.12584e+09	7.12817e+09	7.95247e+09	5.63856e+09	5.34404e+09	5.34313e+09	5.55181e+09	5.90618e+09	5.64974e+09	6.1176e+09	7.10228e+09	6.36665e+09	6.09126e+09	6.45302e+09	6.37542e+09
ERR613394	6.80562e+09	6.80217e+09	6.99539e+09	6.80191e+09	6.855e+09	6.61486e+09	5.46395e+09	5.96853e+09	6.21196e+09	5.424e+09	5.47198e+09	5.13461e+09	5.4572e+09	5.3921e+09	5.37911e+09	6.59475e+09	6.43674e+09	6.58895e+09	6.08607e+09	6.12138e+09	5.54503e+09	6.20897e+09	5.89008e+09	5.9739e+09	5.43638e+09	5.62889e+09	5.48664e+09	5.45511e+09	5.33035e+09	4.75274e+09	6.51187e+09	6.61015e+09	5.9761e+09	6.59399e+09	6.94162e+09	7.07616e+09	4.89451e+09	6.05282e+09	5.67073e+09	5.71671e+09	6.1378e+09	6.06983e+09	6.70713e+09	6.25577e+09	6.57024e+09	6.72977e+09	6.24727e+09	6.67321e+09	6.15034e+09	5.42935e+09	5.91582e+09	5.57891e+09	6.15005e+09	5.33171e+09	5.29625e+09	5.36243e+09	5.90659e+09	5.70765e+09	5.81141e+09	5.38802e+09	6.02478e+09	5.02032e+09	5.38458e+09	5.43587e+09	6.36152e+09	5.53252e+09	5.42117e+09	4.82159e+09	4.73913e+09	4.53174e+09	5.42352e+09	5.4206e+09	4.84336e+09	5.19855e+09	5.08416e+09	4.93038e+09	4.70042e+09	4.88898e+09	6.87128e+09	6.84064e+09	6.68159e+09	6.1777e+09	6.1814e+09	6.82917e+09	4.89372e+09	4.63723e+09	4.63712e+09	4.82422e+09	5.11338e+09	4.8945e+09	5.33006e+09	6.13421e+09	5.53735e+09	5.30744e+09	5.61454e+09	5.54064e+09
