	ERR607805	ERR607808	ERR607806	ERR607810	ERR607809	ERR607807	ERR608360	ERR608361	ERR608359	ERR608363	ERR608364	ERR608362	ERR637059	ERR637060	ERR637062	ERR637057	ERR637061	ERR637058	ERR608647	ERR608650	ERR608652	ERR608651	ERR608648	ERR608649	ERR618517	ERR618518	ERR618514	ERR618515	ERR618513	ERR618516	ERR617061	ERR617062	ERR617059	ERR617058	ERR617057	ERR617060	ERR609044	ERR609041	ERR609043	ERR609040	ERR609039	ERR609042	ERR607715	ERR607716	ERR607711	ERR607712	ERR607714	ERR607713	ERR618617	ERR618620	ERR618615	ERR618616	ERR618618	ERR618619	ERR630204	ERR630201	ERR630205	ERR630200	ERR630202	ERR630203	ERR618526	ERR618525	ERR618528	ERR618527	ERR618530	ERR618529	ERR629966	ERR629964	ERR629965	ERR629969	ERR629968	ERR629967	ERR614761	ERR614764	ERR614763	ERR614759	ERR614760	ERR614762	ERR607580	ERR607583	ERR607584	ERR607582	ERR607581	ERR607579	ERR626939	ERR626942	ERR626940	ERR626943	ERR626941	ERR626944	ERR617378	ERR617374	ERR617376	ERR617375	ERR617377	ERR617373
ERR607805	0	0.268548	0.258946	0.266025	0.267208	0.258474	0.33478	0.339895	0.373602	0.336599	0.337218	0.336292	0.326601	0.323619	0.323319	0.323554	0.323083	0.324479	0.347432	0.324599	0.323485	0.324314	0.324223	0.325974	0.312045	0.31046	0.335347	0.317771	0.307127	0.315685	0.340977	0.341301	0.346826	0.343424	0.339151	0.339858	0.356595	0.341133	0.359103	0.343773	0.336056	0.359722	0.342931	0.340889	0.353494	0.344442	0.343	0.345313	0.452525	0.469436	0.449468	0.454003	0.459704	0.470097	0.362182	0.359635	0.365752	0.367769	0.357665	0.362984	0.489198	0.483102	0.494539	0.488165	0.504583	0.505105	0.410912	0.410995	0.417297	0.420049	0.421129	0.419266	0.435334	0.415913	0.415538	0.437362	0.427178	0.413876	0.422871	0.416013	0.416269	0.416438	0.426307	0.425583	0.366596	0.371739	0.378523	0.369223	0.367439	0.369362	0.471012	0.476953	0.470113	0.476644	0.470683	0.469884
ERR607808	0.268548	0	0.279998	0.26239	0.262301	0.282654	0.349754	0.360366	0.36851	0.353335	0.354594	0.353212	0.354013	0.348437	0.348781	0.347899	0.348067	0.351248	0.356299	0.345507	0.342454	0.344943	0.342574	0.348518	0.305549	0.304922	0.322065	0.310682	0.307056	0.306937	0.349261	0.352576	0.364044	0.359889	0.355753	0.349899	0.347639	0.359712	0.348598	0.361497	0.350254	0.348906	0.362131	0.360704	0.366008	0.35967	0.361726	0.361826	0.443421	0.454015	0.44274	0.444177	0.448146	0.454803	0.38548	0.379822	0.388488	0.392646	0.374711	0.386292	0.474735	0.470409	0.478784	0.473782	0.486626	0.48702	0.421143	0.422115	0.420127	0.426412	0.426529	0.425329	0.426081	0.430975	0.42982	0.427491	0.422264	0.426348	0.427725	0.429835	0.430234	0.430848	0.428907	0.429263	0.386912	0.387813	0.391864	0.39278	0.387922	0.39192	0.466666	0.465594	0.465785	0.4658	0.466072	0.459354
ERR607806	0.258946	0.279998	0	0.273749	0.275513	0.254668	0.336976	0.334464	0.392933	0.33511	0.335396	0.334455	0.323369	0.32241	0.320546	0.323974	0.321335	0.319585	0.360296	0.319731	0.323273	0.320106	0.324604	0.319778	0.325193	0.323213	0.355574	0.334749	0.319086	0.330162	0.344516	0.344393	0.337559	0.335867	0.33491	0.342358	0.363934	0.335181	0.366661	0.336267	0.334679	0.367649	0.347706	0.344852	0.363338	0.349957	0.34784	0.352108	0.458266	0.476013	0.452694	0.460763	0.464437	0.476871	0.359424	0.361412	0.367404	0.36229	0.36138	0.360722	0.496116	0.487653	0.499474	0.494486	0.51061	0.511258	0.414194	0.413315	0.426561	0.429946	0.43124	0.428565	0.444939	0.413384	0.413434	0.448437	0.434892	0.413228	0.429749	0.41477	0.415069	0.415197	0.43383	0.433428	0.365856	0.376963	0.387325	0.366575	0.366661	0.367434	0.467088	0.478599	0.46652	0.477979	0.467107	0.473936
ERR607810	0.266025	0.26239	0.273749	0	0.260237	0.278889	0.348302	0.355881	0.375155	0.351187	0.352256	0.35032	0.352006	0.346742	0.346632	0.346473	0.34639	0.348176	0.359795	0.340902	0.340287	0.340476	0.340123	0.344063	0.307422	0.306555	0.32839	0.314884	0.308936	0.309233	0.351038	0.354596	0.358776	0.355114	0.352943	0.350969	0.345483	0.355635	0.347096	0.355868	0.346804	0.347626	0.361861	0.360171	0.367177	0.359213	0.361502	0.362348	0.444829	0.455163	0.442978	0.446108	0.448649	0.456068	0.383709	0.37963	0.388596	0.390156	0.374503	0.38483	0.476723	0.471174	0.4794	0.475154	0.487514	0.488044	0.421048	0.421839	0.42292	0.429622	0.429959	0.428564	0.428464	0.42942	0.42856	0.430615	0.423739	0.425058	0.429253	0.42815	0.428646	0.42913	0.430856	0.431511	0.384605	0.387835	0.39367	0.390711	0.385696	0.390048	0.463077	0.4641	0.462485	0.464238	0.462716	0.459409
ERR607809	0.267208	0.262301	0.275513	0.260237	0	0.280323	0.349004	0.357554	0.374223	0.352471	0.353612	0.35162	0.35327	0.348069	0.347994	0.347583	0.34763	0.349501	0.359472	0.341974	0.340938	0.341554	0.340818	0.3452	0.306616	0.306191	0.326917	0.313969	0.30883	0.308709	0.351595	0.355303	0.360382	0.356326	0.354362	0.351667	0.345341	0.356828	0.346857	0.357349	0.347957	0.347185	0.362409	0.360684	0.367427	0.359758	0.36215	0.362801	0.443789	0.453985	0.442249	0.444774	0.44756	0.454573	0.384522	0.38029	0.389271	0.391245	0.375151	0.385783	0.475574	0.470139	0.478307	0.473813	0.486127	0.486547	0.421203	0.421738	0.422427	0.429124	0.429583	0.428206	0.427598	0.42986	0.429093	0.429588	0.423165	0.425603	0.42894	0.428375	0.428835	0.429402	0.430369	0.431147	0.385831	0.388792	0.394042	0.391891	0.386762	0.39119	0.462903	0.463233	0.462256	0.463513	0.46245	0.458438
ERR607807	0.258474	0.282654	0.254668	0.278889	0.280323	0	0.334128	0.333784	0.386184	0.333046	0.333196	0.3326	0.315291	0.31525	0.313871	0.316358	0.314557	0.314094	0.35366	0.319401	0.320331	0.31935	0.321876	0.318809	0.325858	0.323806	0.353241	0.332672	0.317634	0.331005	0.341421	0.339892	0.33996	0.338097	0.33437	0.339396	0.370145	0.335279	0.373028	0.338993	0.335393	0.373922	0.339978	0.33749	0.356526	0.344814	0.340227	0.344686	0.462265	0.482087	0.457157	0.464175	0.470308	0.482897	0.353539	0.354029	0.35828	0.357138	0.355245	0.354056	0.500977	0.493559	0.506675	0.499808	0.518008	0.518583	0.412198	0.411432	0.423634	0.424574	0.425969	0.423145	0.4477	0.411983	0.412041	0.450244	0.436994	0.412409	0.428026	0.413868	0.414194	0.413999	0.43289	0.431657	0.360795	0.369809	0.37921	0.359926	0.361432	0.360838	0.475825	0.486631	0.474887	0.485938	0.475849	0.479575
ERR608360	0.33478	0.349754	0.336976	0.348302	0.349004	0.334128	0	0.257787	0.30964	0.255686	0.255776	0.255528	0.313798	0.313607	0.312567	0.312528	0.3133	0.313402	0.341724	0.317988	0.317035	0.317573	0.317146	0.316993	0.327664	0.325515	0.350123	0.331854	0.320408	0.331514	0.326283	0.324928	0.330854	0.328035	0.322044	0.324497	0.338233	0.306969	0.34144	0.311753	0.304194	0.341811	0.315107	0.312826	0.330355	0.319522	0.314919	0.319997	0.49465	0.514707	0.490068	0.496297	0.503079	0.515142	0.344506	0.344103	0.347778	0.348844	0.344451	0.344537	0.530287	0.523314	0.536546	0.529237	0.547917	0.548575	0.437221	0.436257	0.447154	0.447294	0.448524	0.446285	0.468302	0.432685	0.433448	0.470376	0.458089	0.434034	0.451671	0.43856	0.438729	0.438724	0.45699	0.455051	0.30125	0.310966	0.321234	0.300526	0.301668	0.301644	0.518612	0.529076	0.517713	0.528463	0.518738	0.521503
ERR608361	0.339895	0.360366	0.334464	0.355881	0.357554	0.333784	0.257787	0	0.337002	0.254648	0.254019	0.253697	0.30968	0.311522	0.309028	0.312642	0.310984	0.307141	0.357433	0.31289	0.317337	0.313037	0.317966	0.310259	0.341168	0.338825	0.371137	0.349444	0.332946	0.346527	0.332636	0.330432	0.32117	0.320546	0.318558	0.329673	0.348247	0.302231	0.352036	0.304805	0.30496	0.352851	0.320659	0.317086	0.341652	0.325689	0.32053	0.327539	0.502481	0.523124	0.495841	0.50503	0.509923	0.523732	0.341301	0.346333	0.349726	0.342399	0.3485	0.341995	0.538839	0.529594	0.542826	0.537249	0.555329	0.555791	0.441875	0.440351	0.457657	0.458649	0.460155	0.457113	0.478364	0.43193	0.433091	0.481646	0.466527	0.434872	0.459374	0.438535	0.438765	0.438668	0.465262	0.464046	0.301636	0.319588	0.334272	0.297515	0.301755	0.300257	0.517276	0.532355	0.516409	0.531707	0.517654	0.526979
ERR608359	0.373602	0.36851	0.392933	0.375155	0.374223	0.386184	0.30964	0.337002	0	0.322249	0.324648	0.323384	0.374221	0.369146	0.372056	0.364631	0.369957	0.377385	0.348005	0.381329	0.369312	0.379398	0.368387	0.383087	0.339379	0.339242	0.327503	0.328988	0.338219	0.337361	0.363649	0.3639	0.401467	0.394885	0.382218	0.365732	0.359514	0.373224	0.359696	0.380188	0.359303	0.359361	0.353426	0.354355	0.349507	0.354354	0.352612	0.351697	0.499221	0.514549	0.501725	0.49761	0.50977	0.514996	0.398264	0.385504	0.388689	0.408863	0.380137	0.396936	0.527249	0.527994	0.540152	0.528773	0.547338	0.548001	0.46193	0.463303	0.453176	0.450525	0.4504	0.450599	0.469346	0.472246	0.471743	0.466475	0.46676	0.46865	0.463949	0.474365	0.474394	0.474952	0.46749	0.463799	0.354288	0.341816	0.336727	0.360734	0.354975	0.358858	0.547952	0.543405	0.54652	0.54343	0.547259	0.530293
ERR608363	0.336599	0.353335	0.33511	0.351187	0.352471	0.333046	0.255686	0.254648	0.322249	0	0.251454	0.25255	0.310742	0.311694	0.309496	0.312249	0.310711	0.309969	0.348942	0.315884	0.316848	0.315657	0.317724	0.313937	0.3324	0.330437	0.357923	0.338652	0.324509	0.337215	0.324716	0.323203	0.324054	0.322684	0.317711	0.322523	0.342271	0.30377	0.345709	0.308125	0.303908	0.346366	0.318502	0.31566	0.33633	0.323459	0.318453	0.324072	0.496173	0.516532	0.490659	0.497955	0.504311	0.51713	0.342481	0.344161	0.347943	0.345259	0.345467	0.342836	0.531415	0.523561	0.537174	0.530613	0.549147	0.549434	0.438649	0.437325	0.450833	0.451388	0.452689	0.449938	0.470594	0.431035	0.432033	0.47323	0.459631	0.433037	0.454104	0.438206	0.438531	0.43834	0.459513	0.457848	0.301674	0.315157	0.327544	0.298559	0.302225	0.300499	0.516237	0.528569	0.515336	0.527797	0.516547	0.521488
ERR608364	0.337218	0.354594	0.335396	0.352256	0.353612	0.333196	0.255776	0.254019	0.324648	0.251454	0	0.252188	0.310443	0.311502	0.309353	0.312245	0.310637	0.309463	0.349963	0.315729	0.317084	0.315583	0.317819	0.313537	0.333906	0.331888	0.359801	0.340285	0.325735	0.338502	0.325375	0.323777	0.323545	0.322091	0.317582	0.323184	0.343148	0.303487	0.346429	0.307423	0.303961	0.347567	0.318749	0.315861	0.337367	0.323844	0.318606	0.3246	0.497747	0.517955	0.491862	0.499654	0.505636	0.51864	0.342141	0.344175	0.347982	0.344717	0.345651	0.342414	0.532913	0.524906	0.538401	0.531987	0.550483	0.550945	0.439387	0.438042	0.451956	0.452634	0.454039	0.451244	0.472157	0.431349	0.432303	0.474823	0.460931	0.43339	0.455086	0.438451	0.438811	0.438567	0.460477	0.4588	0.300929	0.315238	0.327888	0.297762	0.301508	0.299948	0.516791	0.529422	0.515941	0.528783	0.517139	0.52267
ERR608362	0.336292	0.353212	0.334455	0.35032	0.35162	0.3326	0.255528	0.253697	0.323384	0.25255	0.252188	0	0.311107	0.312032	0.310195	0.312272	0.311369	0.309938	0.349102	0.314646	0.316469	0.314483	0.316956	0.313215	0.332353	0.330392	0.358651	0.339305	0.325073	0.337113	0.327809	0.326327	0.324939	0.323063	0.319297	0.325571	0.340581	0.303136	0.344028	0.306727	0.303288	0.344998	0.317275	0.314458	0.335791	0.322168	0.317408	0.323427	0.497421	0.517498	0.491834	0.499478	0.505259	0.518104	0.342588	0.344774	0.348347	0.345684	0.346053	0.342896	0.532929	0.525129	0.538244	0.53187	0.550139	0.550728	0.439143	0.438008	0.451837	0.452383	0.45364	0.451012	0.471875	0.431878	0.432941	0.474589	0.460896	0.433786	0.454615	0.438453	0.438608	0.438597	0.460091	0.458671	0.300902	0.3142	0.32725	0.298314	0.301261	0.300225	0.516946	0.529254	0.516026	0.528814	0.517119	0.523002
ERR637059	0.326601	0.354013	0.323369	0.352006	0.35327	0.315291	0.313798	0.30968	0.374221	0.310742	0.310443	0.311107	0	0.237239	0.236651	0.238014	0.236973	0.236077	0.330084	0.292298	0.292446	0.291371	0.29362	0.288215	0.334156	0.331096	0.357522	0.337006	0.318418	0.340095	0.338852	0.333955	0.336949	0.3362	0.327911	0.33641	0.381817	0.323314	0.38569	0.329165	0.327351	0.386784	0.287886	0.285396	0.313765	0.298276	0.288994	0.29582	0.491403	0.515617	0.485003	0.492189	0.502272	0.51619	0.315247	0.317491	0.317018	0.317228	0.322777	0.314856	0.532777	0.52605	0.541891	0.53287	0.554021	0.554594	0.404834	0.403217	0.420687	0.41788	0.419009	0.416122	0.458019	0.401613	0.402968	0.460092	0.445107	0.405466	0.421321	0.400002	0.400044	0.399554	0.428592	0.425605	0.311875	0.325036	0.336355	0.308791	0.312108	0.310577	0.517939	0.531411	0.516702	0.530458	0.518539	0.521782
ERR637060	0.323619	0.348437	0.32241	0.346742	0.348069	0.31525	0.313607	0.311522	0.369146	0.311694	0.311502	0.312032	0.237239	0	0.232939	0.234223	0.232473	0.23684	0.316173	0.285933	0.284301	0.284593	0.284608	0.283589	0.327803	0.325237	0.349868	0.330445	0.312753	0.333565	0.340288	0.336295	0.341352	0.340167	0.331194	0.338365	0.375404	0.323547	0.379365	0.328794	0.325382	0.380289	0.278861	0.276818	0.299461	0.285914	0.279279	0.284579	0.491258	0.514127	0.485409	0.491749	0.501667	0.514744	0.314488	0.314055	0.315264	0.318658	0.317079	0.314425	0.533706	0.527626	0.542647	0.533999	0.554079	0.554657	0.398871	0.397339	0.413292	0.410594	0.411737	0.408932	0.450022	0.398254	0.399299	0.451965	0.43764	0.400826	0.410813	0.392868	0.392775	0.392626	0.417769	0.414747	0.30618	0.316023	0.325458	0.307176	0.30669	0.307908	0.520786	0.532559	0.519628	0.531796	0.521293	0.522945
ERR637062	0.323319	0.348781	0.320546	0.346632	0.347994	0.313871	0.312567	0.309028	0.372056	0.309496	0.309353	0.310195	0.236651	0.232939	0	0.235431	0.23244	0.235472	0.321158	0.28522	0.284959	0.284077	0.285709	0.282205	0.328715	0.326009	0.352543	0.332332	0.313614	0.334407	0.338435	0.334268	0.336573	0.335682	0.327619	0.336218	0.374953	0.32107	0.378948	0.326027	0.323962	0.379782	0.281777	0.279693	0.304344	0.289448	0.282549	0.288148	0.489862	0.512925	0.483651	0.490733	0.500019	0.513532	0.314238	0.315242	0.316512	0.317407	0.318727	0.314038	0.531947	0.525217	0.54041	0.531936	0.552106	0.552576	0.400091	0.398575	0.41568	0.413438	0.414581	0.411725	0.451569	0.398225	0.399381	0.453828	0.439011	0.401353	0.413798	0.393896	0.393821	0.393661	0.420777	0.418071	0.306617	0.318744	0.329484	0.306402	0.307231	0.307641	0.517047	0.529843	0.515893	0.529063	0.517597	0.520635
ERR637057	0.323554	0.347899	0.323974	0.346473	0.347583	0.316358	0.312528	0.312642	0.364631	0.312249	0.312245	0.312272	0.238014	0.234223	0.235431	0	0.234264	0.237696	0.309951	0.285501	0.282225	0.283855	0.282407	0.283719	0.326152	0.323439	0.346556	0.327657	0.311237	0.331203	0.340689	0.336505	0.344084	0.342567	0.332981	0.338934	0.374756	0.324873	0.378652	0.33042	0.325655	0.379439	0.274813	0.273355	0.293228	0.28129	0.275379	0.279664	0.492459	0.515357	0.487286	0.492863	0.503228	0.516008	0.314423	0.312071	0.31342	0.31969	0.314638	0.313967	0.535565	0.530038	0.545042	0.535929	0.55612	0.556727	0.397629	0.396588	0.410945	0.408018	0.408995	0.406632	0.449024	0.398561	0.399777	0.450525	0.436786	0.401014	0.408288	0.392199	0.392004	0.392123	0.41524	0.412247	0.304321	0.311889	0.319939	0.30685	0.305143	0.306971	0.524106	0.534915	0.522858	0.534305	0.524526	0.525049
ERR637061	0.323083	0.348067	0.321335	0.34639	0.34763	0.314557	0.3133	0.310984	0.369957	0.310711	0.310637	0.311369	0.236973	0.232473	0.23244	0.234264	0	0.236187	0.317043	0.285085	0.2839	0.283871	0.284216	0.282613	0.327838	0.324937	0.350276	0.330625	0.312617	0.33316	0.339193	0.334998	0.339337	0.338204	0.32956	0.337158	0.374832	0.322472	0.378855	0.327707	0.324711	0.379691	0.279441	0.277483	0.300496	0.286529	0.280117	0.285172	0.490475	0.513381	0.484539	0.491104	0.500821	0.513921	0.314165	0.314002	0.315326	0.318018	0.317033	0.313814	0.532737	0.526453	0.54162	0.533008	0.553012	0.553579	0.398569	0.397029	0.413208	0.410841	0.411911	0.409233	0.450033	0.397793	0.398929	0.452019	0.437535	0.40048	0.411044	0.392579	0.392478	0.392408	0.418066	0.415136	0.305647	0.316137	0.325951	0.306376	0.306224	0.307487	0.519218	0.531241	0.518057	0.530568	0.519743	0.521883
ERR637058	0.324479	0.351248	0.319585	0.348176	0.349501	0.314094	0.313402	0.307141	0.377385	0.309969	0.309463	0.309938	0.236077	0.23684	0.235472	0.237696	0.236187	0	0.32989	0.286722	0.28894	0.285899	0.28954	0.282904	0.33175	0.328952	0.35794	0.336541	0.317002	0.337605	0.339634	0.335537	0.332978	0.332662	0.326095	0.337073	0.376674	0.320297	0.380603	0.324416	0.324421	0.38169	0.287249	0.284766	0.312368	0.295338	0.288307	0.295089	0.489709	0.513064	0.483227	0.491059	0.499695	0.513652	0.314837	0.318141	0.319148	0.316456	0.322597	0.314851	0.531326	0.523887	0.538945	0.531063	0.551113	0.55165	0.403427	0.401629	0.42051	0.418941	0.420174	0.417269	0.455495	0.39987	0.40119	0.458046	0.442522	0.403419	0.419617	0.39685	0.396892	0.396598	0.426645	0.424191	0.309968	0.324933	0.336914	0.3082	0.310216	0.309968	0.513922	0.52805	0.512916	0.527228	0.514644	0.519669
ERR608647	0.347432	0.356299	0.360296	0.359795	0.359472	0.35366	0.341724	0.357433	0.348005	0.348942	0.349963	0.349102	0.330084	0.316173	0.321158	0.309951	0.317043	0.32989	0	0.285632	0.267715	0.2828	0.265164	0.291789	0.329756	0.328171	0.329735	0.323238	0.319908	0.330522	0.3706	0.368467	0.394667	0.390923	0.378071	0.370542	0.370141	0.355592	0.372482	0.361692	0.345633	0.372271	0.29647	0.29905	0.280631	0.288706	0.295339	0.287804	0.503926	0.52227	0.503662	0.502576	0.514971	0.523096	0.347935	0.329447	0.33637	0.36255	0.322288	0.347162	0.54773	0.547464	0.559932	0.549659	0.567448	0.568022	0.399961	0.401127	0.397889	0.393688	0.394456	0.394216	0.431515	0.41478	0.414016	0.430854	0.423812	0.41065	0.388012	0.399985	0.399825	0.400922	0.391831	0.387616	0.331934	0.314579	0.307244	0.347838	0.333667	0.343645	0.552203	0.553219	0.55128	0.552976	0.55202	0.541051
ERR608650	0.324599	0.345507	0.319731	0.340902	0.341974	0.319401	0.317988	0.31289	0.381329	0.315884	0.315729	0.314646	0.292298	0.285933	0.28522	0.285501	0.285085	0.286722	0.285632	0	0.237606	0.234528	0.239174	0.237136	0.326459	0.324233	0.3564	0.335115	0.316586	0.33213	0.348212	0.346642	0.338811	0.338496	0.335171	0.345673	0.355488	0.31339	0.359492	0.31526	0.31467	0.360132	0.293271	0.291394	0.306545	0.292755	0.292922	0.295282	0.487283	0.506288	0.481062	0.489291	0.494328	0.507021	0.316346	0.316312	0.32304	0.321267	0.316765	0.317496	0.529619	0.521726	0.533779	0.528468	0.544836	0.544917	0.397725	0.396221	0.413479	0.414705	0.416116	0.413418	0.441689	0.395635	0.396517	0.44529	0.429421	0.397114	0.407246	0.387557	0.388005	0.388124	0.412734	0.411775	0.313364	0.323899	0.334632	0.319198	0.314389	0.318926	0.510415	0.522952	0.509752	0.522308	0.510916	0.517411
ERR608652	0.323485	0.342454	0.323273	0.340287	0.340938	0.320331	0.317035	0.317337	0.369312	0.316848	0.317084	0.316469	0.292446	0.284301	0.284959	0.282225	0.2839	0.28894	0.267715	0.237606	0	0.236899	0.235352	0.24138	0.321961	0.319343	0.345889	0.326912	0.311237	0.326522	0.346497	0.344466	0.347014	0.345814	0.339373	0.344393	0.354972	0.316874	0.358422	0.320723	0.315572	0.359164	0.285494	0.284302	0.293463	0.284038	0.284943	0.28523	0.487898	0.507385	0.483082	0.489132	0.496279	0.50798	0.315876	0.311274	0.317717	0.3236	0.310591	0.316523	0.531044	0.524967	0.537384	0.530534	0.547756	0.547988	0.393444	0.392367	0.405536	0.405343	0.406674	0.404331	0.43615	0.394855	0.395407	0.438889	0.424771	0.395271	0.398707	0.385213	0.385479	0.385916	0.404101	0.402218	0.310557	0.314652	0.321844	0.31819	0.311984	0.316989	0.517815	0.527559	0.516892	0.526911	0.518269	0.520125
ERR608651	0.324314	0.344943	0.320106	0.340476	0.341554	0.31935	0.317573	0.313037	0.379398	0.315657	0.315583	0.314483	0.291371	0.284593	0.284077	0.283855	0.283871	0.285899	0.2828	0.234528	0.236899	0	0.238052	0.23706	0.325767	0.323203	0.354434	0.333548	0.315319	0.331033	0.347603	0.34599	0.339814	0.339211	0.33559	0.345362	0.355417	0.313728	0.359313	0.315525	0.31466	0.360023	0.291153	0.289465	0.304109	0.290466	0.290937	0.293182	0.486364	0.505585	0.480408	0.488274	0.493665	0.506318	0.315674	0.314874	0.321561	0.320866	0.315216	0.31678	0.529009	0.521383	0.533586	0.528016	0.54453	0.54483	0.395987	0.394518	0.411215	0.412264	0.413646	0.411036	0.439703	0.394417	0.395232	0.443332	0.427511	0.395719	0.404756	0.385855	0.386186	0.386449	0.410244	0.409063	0.31246	0.322258	0.332631	0.318575	0.313848	0.318307	0.510883	0.523063	0.510107	0.522379	0.511569	0.517188
ERR608648	0.324223	0.342574	0.324604	0.340123	0.340818	0.321876	0.317146	0.317966	0.368387	0.317724	0.317819	0.316956	0.29362	0.284608	0.285709	0.282407	0.284216	0.28954	0.265164	0.239174	0.235352	0.238052	0	0.241695	0.321438	0.319001	0.34461	0.326259	0.310641	0.326006	0.348106	0.346168	0.348844	0.347173	0.340871	0.346389	0.354745	0.318088	0.358068	0.321506	0.316138	0.358593	0.284616	0.283753	0.291242	0.282367	0.284071	0.283895	0.488016	0.507421	0.48336	0.489248	0.496445	0.508095	0.316917	0.311689	0.318382	0.324958	0.310207	0.317649	0.531605	0.52561	0.538203	0.531181	0.548348	0.54855	0.392381	0.391613	0.404306	0.404109	0.405461	0.403342	0.434902	0.394606	0.395143	0.437543	0.423631	0.394828	0.396814	0.384325	0.38444	0.384913	0.402172	0.400278	0.309537	0.313078	0.319823	0.318632	0.311029	0.317245	0.518859	0.528281	0.51796	0.527594	0.51921	0.520757
ERR608649	0.325974	0.348518	0.319778	0.344063	0.3452	0.318809	0.316993	0.310259	0.383087	0.313937	0.313537	0.313215	0.288215	0.283589	0.282205	0.283719	0.282613	0.282904	0.291789	0.237136	0.24138	0.23706	0.241695	0	0.329582	0.327035	0.359588	0.337721	0.318347	0.335255	0.345906	0.343818	0.335496	0.335452	0.332089	0.343583	0.360151	0.312241	0.363954	0.314684	0.315192	0.365123	0.29469	0.292159	0.311778	0.296396	0.294596	0.298314	0.48681	0.506937	0.480327	0.48889	0.494492	0.507701	0.313602	0.315422	0.321018	0.316802	0.317129	0.314631	0.528635	0.520296	0.533343	0.527447	0.544762	0.544934	0.399081	0.39722	0.416045	0.416946	0.418514	0.415552	0.445031	0.395158	0.396231	0.448766	0.432465	0.397517	0.411496	0.389239	0.389496	0.389505	0.417272	0.416021	0.313475	0.326835	0.338539	0.316915	0.314549	0.317497	0.508575	0.522121	0.507818	0.521471	0.509157	0.516299
ERR618517	0.312045	0.305549	0.325193	0.307422	0.306616	0.325858	0.327664	0.341168	0.339379	0.3324	0.333906	0.332353	0.334156	0.327803	0.328715	0.326152	0.327838	0.33175	0.329756	0.326459	0.321961	0.325767	0.321438	0.329582	0	0.25867	0.276106	0.264691	0.262866	0.259888	0.339499	0.342695	0.357555	0.352917	0.347345	0.340244	0.327582	0.342964	0.328431	0.345488	0.331691	0.328744	0.335651	0.334904	0.338245	0.333248	0.335173	0.335261	0.445368	0.456794	0.445202	0.445361	0.451204	0.457339	0.363904	0.356022	0.364816	0.372247	0.349932	0.364371	0.474788	0.471462	0.480998	0.474646	0.488315	0.488924	0.413964	0.414911	0.411495	0.416697	0.41688	0.415764	0.419873	0.427	0.426278	0.420741	0.416797	0.422324	0.421698	0.425964	0.426359	0.427004	0.423111	0.423149	0.36224	0.361671	0.364447	0.369254	0.36346	0.368064	0.482737	0.480887	0.481908	0.480873	0.482336	0.473214
ERR618518	0.31046	0.304922	0.323213	0.306555	0.306191	0.323806	0.325515	0.338825	0.339242	0.330437	0.331888	0.330392	0.331096	0.325237	0.326009	0.323439	0.324937	0.328952	0.328171	0.324233	0.319343	0.323203	0.319001	0.327035	0.25867	0	0.276852	0.264577	0.261995	0.260179	0.338717	0.341491	0.35587	0.351267	0.345595	0.3392	0.327036	0.340746	0.328502	0.343011	0.329726	0.328613	0.3329	0.332032	0.33601	0.330925	0.332409	0.332717	0.445912	0.457727	0.445467	0.445963	0.451687	0.458145	0.361291	0.353853	0.362202	0.369682	0.347696	0.361798	0.47605	0.472624	0.48225	0.475676	0.489801	0.490458	0.412455	0.413253	0.410498	0.415735	0.415819	0.414562	0.420327	0.425327	0.42443	0.421099	0.416701	0.420758	0.420664	0.424371	0.424832	0.425312	0.422202	0.422196	0.359765	0.359405	0.362428	0.366598	0.361033	0.365533	0.482473	0.481311	0.481662	0.481391	0.482227	0.47382
ERR618514	0.335347	0.322065	0.355574	0.32839	0.326917	0.353241	0.350123	0.371137	0.327503	0.357923	0.359801	0.358651	0.357522	0.349868	0.352543	0.346556	0.350276	0.35794	0.329735	0.3564	0.345889	0.354434	0.34461	0.359588	0.276106	0.276852	0	0.268113	0.276873	0.273631	0.358203	0.36076	0.390816	0.384981	0.374904	0.360371	0.345972	0.37256	0.346126	0.376915	0.358256	0.345859	0.350052	0.350923	0.344782	0.346799	0.349379	0.346683	0.453967	0.464362	0.456517	0.451216	0.461888	0.464909	0.385325	0.371266	0.37853	0.395898	0.363154	0.384953	0.480283	0.4815	0.491984	0.482348	0.497222	0.497794	0.424161	0.426107	0.412463	0.415568	0.414883	0.414865	0.420694	0.443314	0.442095	0.418899	0.421248	0.436986	0.42381	0.440312	0.440635	0.441429	0.42444	0.422734	0.380711	0.371534	0.367647	0.389865	0.382068	0.387507	0.503626	0.495157	0.50241	0.49552	0.502835	0.483622
ERR618515	0.317771	0.310682	0.334749	0.314884	0.313969	0.332672	0.331854	0.349444	0.328988	0.338652	0.340285	0.339305	0.337006	0.330445	0.332332	0.327657	0.330625	0.336541	0.323238	0.335115	0.326912	0.333548	0.326259	0.337721	0.264691	0.264577	0.268113	0	0.263716	0.264713	0.343029	0.3454	0.368955	0.363577	0.354862	0.344197	0.335954	0.351585	0.336933	0.355707	0.338976	0.336873	0.33465	0.334622	0.334534	0.333023	0.334543	0.333333	0.449683	0.462271	0.450774	0.448578	0.457444	0.462932	0.366891	0.35636	0.363462	0.3766	0.349508	0.366951	0.47907	0.477762	0.488554	0.479459	0.495278	0.495997	0.414654	0.415896	0.408677	0.41164	0.411266	0.410774	0.421011	0.430553	0.429737	0.420505	0.418491	0.425334	0.420277	0.429277	0.429588	0.430109	0.421778	0.42062	0.364195	0.359357	0.359107	0.371831	0.365304	0.370271	0.492997	0.488752	0.491888	0.489012	0.492308	0.478675
ERR618513	0.307127	0.307056	0.319086	0.308936	0.30883	0.317634	0.320408	0.332946	0.338219	0.324509	0.325735	0.325073	0.318418	0.312753	0.313614	0.311237	0.312617	0.317002	0.319908	0.316586	0.311237	0.315319	0.310641	0.318347	0.262866	0.261995	0.276873	0.263716	0	0.264967	0.333675	0.33513	0.351241	0.346961	0.339386	0.334005	0.334216	0.335827	0.335926	0.339181	0.326169	0.336062	0.323071	0.322269	0.327811	0.322178	0.322819	0.323168	0.44917	0.463611	0.447694	0.448813	0.456768	0.464346	0.350578	0.342616	0.349928	0.358423	0.337171	0.350799	0.480785	0.477474	0.489256	0.481209	0.497335	0.498159	0.405344	0.405937	0.404921	0.408304	0.40853	0.407195	0.420225	0.417714	0.417105	0.421257	0.415313	0.413829	0.41423	0.416684	0.416995	0.417342	0.416435	0.415553	0.350253	0.350507	0.353262	0.356471	0.351549	0.355703	0.486441	0.486787	0.485472	0.486591	0.486062	0.477563
ERR618516	0.315685	0.306937	0.330162	0.309233	0.308709	0.331005	0.331514	0.346527	0.337361	0.337215	0.338502	0.337113	0.340095	0.333565	0.334407	0.331203	0.33316	0.337605	0.330522	0.33213	0.326522	0.331033	0.326006	0.335255	0.259888	0.260179	0.273631	0.264713	0.264967	0	0.342474	0.345736	0.362647	0.357886	0.352007	0.343419	0.327567	0.347889	0.328428	0.350383	0.335587	0.328103	0.339274	0.33862	0.339766	0.336206	0.338695	0.338208	0.445733	0.456147	0.446117	0.445577	0.451482	0.456772	0.36908	0.360556	0.369409	0.377936	0.354012	0.36964	0.47466	0.471824	0.481036	0.474353	0.487882	0.488354	0.416388	0.41753	0.412369	0.41788	0.41782	0.416893	0.419672	0.430545	0.429594	0.419942	0.416984	0.425218	0.422917	0.429102	0.429676	0.430208	0.423902	0.423971	0.366073	0.363949	0.365579	0.373577	0.367159	0.37233	0.484502	0.481202	0.483525	0.481446	0.483909	0.473561
ERR617061	0.340977	0.349261	0.344516	0.351038	0.351595	0.341421	0.326283	0.332636	0.363649	0.324716	0.325375	0.327809	0.338852	0.340288	0.338435	0.340689	0.339193	0.339634	0.3706	0.348212	0.346497	0.347603	0.348106	0.345906	0.339499	0.338717	0.358203	0.343029	0.333675	0.342474	0	0.253632	0.273199	0.270594	0.262316	0.25332	0.364792	0.341652	0.366684	0.346651	0.339122	0.367583	0.365261	0.363138	0.379275	0.369195	0.365149	0.368497	0.486375	0.504866	0.482224	0.487025	0.49407	0.50532	0.367933	0.366709	0.371564	0.37076	0.36808	0.367841	0.513147	0.506355	0.520132	0.512909	0.531335	0.531957	0.449016	0.448154	0.455801	0.457258	0.458481	0.456147	0.472722	0.448572	0.448969	0.474395	0.464894	0.448809	0.46461	0.455123	0.455513	0.455407	0.468778	0.466871	0.346178	0.354628	0.363525	0.342602	0.347004	0.344185	0.496683	0.504465	0.495625	0.503069	0.49663	0.4955
ERR617062	0.341301	0.352576	0.344393	0.354596	0.355303	0.339892	0.324928	0.330432	0.3639	0.323203	0.323777	0.326327	0.333955	0.336295	0.334268	0.336505	0.334998	0.335537	0.368467	0.346642	0.344466	0.34599	0.346168	0.343818	0.342695	0.341491	0.36076	0.3454	0.33513	0.345736	0.253632	0	0.273304	0.270547	0.261206	0.252683	0.370021	0.340386	0.371999	0.346015	0.338544	0.37292	0.361657	0.359449	0.37655	0.366667	0.361706	0.365294	0.49043	0.510197	0.485691	0.490969	0.498791	0.510462	0.36383	0.362792	0.366663	0.366327	0.364794	0.363531	0.5185	0.511865	0.52634	0.518474	0.537888	0.538493	0.448019	0.447143	0.455666	0.456066	0.457297	0.455101	0.476025	0.447075	0.447461	0.477538	0.467319	0.447765	0.464138	0.453861	0.454165	0.454082	0.468985	0.466724	0.343115	0.351593	0.36064	0.338506	0.343785	0.340171	0.501283	0.510145	0.500179	0.508802	0.501275	0.50053
ERR617059	0.346826	0.364044	0.337559	0.358776	0.360382	0.33996	0.330854	0.32117	0.401467	0.324054	0.323545	0.324939	0.336949	0.341352	0.336573	0.344084	0.339337	0.332978	0.394667	0.338811	0.347014	0.339814	0.348844	0.335496	0.357555	0.35587	0.390816	0.368955	0.351241	0.362647	0.273199	0.273304	0	0.249233	0.253338	0.269785	0.373268	0.333166	0.376187	0.333653	0.337367	0.377305	0.374074	0.370246	0.395039	0.377956	0.374316	0.38049	0.496757	0.515276	0.488738	0.499726	0.501704	0.515695	0.364887	0.373012	0.378509	0.362856	0.376242	0.366241	0.526373	0.51474	0.527598	0.524096	0.540593	0.540972	0.455773	0.45366	0.472473	0.476504	0.477999	0.474927	0.488321	0.447506	0.44834	0.492548	0.477383	0.45018	0.477702	0.455141	0.455704	0.455185	0.482416	0.48232	0.347956	0.368915	0.384577	0.341904	0.348373	0.345112	0.489806	0.506727	0.489211	0.505674	0.490285	0.50333
ERR617058	0.343424	0.359889	0.335867	0.355114	0.356326	0.338097	0.328035	0.320546	0.394885	0.322684	0.322091	0.323063	0.3362	0.340167	0.335682	0.342567	0.338204	0.332662	0.390923	0.338496	0.345814	0.339211	0.347173	0.335452	0.352917	0.351267	0.384981	0.363577	0.346961	0.357886	0.270594	0.270547	0.249233	0	0.252513	0.267243	0.369824	0.332806	0.372626	0.333871	0.33602	0.373729	0.371661	0.367994	0.391924	0.375589	0.371808	0.378109	0.493457	0.511718	0.485807	0.496242	0.498511	0.512074	0.364059	0.371533	0.376883	0.36277	0.374141	0.365319	0.522705	0.511565	0.524406	0.520444	0.537139	0.537667	0.45345	0.451718	0.469479	0.47319	0.474608	0.471713	0.485067	0.446781	0.447548	0.489204	0.47446	0.44893	0.475245	0.454122	0.454464	0.454156	0.479878	0.479662	0.346513	0.366338	0.381318	0.34121	0.346773	0.344094	0.488518	0.504085	0.487928	0.503239	0.48886	0.500499
ERR617057	0.339151	0.355753	0.33491	0.352943	0.354362	0.33437	0.322044	0.318558	0.382218	0.317711	0.317582	0.319297	0.327911	0.331194	0.327619	0.332981	0.32956	0.326095	0.378071	0.335171	0.339373	0.33559	0.340871	0.332089	0.347345	0.345595	0.374904	0.354862	0.339386	0.352007	0.262316	0.261206	0.253338	0.252513	0	0.259479	0.369114	0.330763	0.371859	0.333453	0.332536	0.372712	0.361619	0.358401	0.380752	0.366334	0.36173	0.367219	0.49206	0.511779	0.485254	0.494139	0.498912	0.512157	0.357156	0.361751	0.36622	0.356981	0.364261	0.357772	0.522038	0.51246	0.526377	0.520767	0.538865	0.539613	0.446925	0.445551	0.461099	0.463064	0.464591	0.46173	0.480229	0.442147	0.442933	0.483458	0.469863	0.444136	0.467344	0.449156	0.449365	0.449253	0.472396	0.471211	0.338625	0.355286	0.368573	0.33339	0.338946	0.336105	0.493417	0.507223	0.492524	0.506134	0.493583	0.500779
ERR617060	0.339858	0.349899	0.342358	0.350969	0.351667	0.339396	0.324497	0.329673	0.365732	0.322523	0.323184	0.325571	0.33641	0.338365	0.336218	0.338934	0.337158	0.337073	0.370542	0.345673	0.344393	0.345362	0.346389	0.343583	0.340244	0.3392	0.360371	0.344197	0.334005	0.343419	0.25332	0.252683	0.269785	0.267243	0.259479	0	0.365459	0.339071	0.367572	0.344189	0.337156	0.368243	0.363927	0.361672	0.378634	0.368148	0.363998	0.367404	0.487415	0.506371	0.482527	0.488335	0.494989	0.506572	0.365436	0.36508	0.36979	0.368084	0.366634	0.365273	0.514921	0.507988	0.521603	0.514574	0.533117	0.533792	0.448168	0.447259	0.455962	0.457439	0.458498	0.456308	0.473738	0.44693	0.447213	0.475418	0.46517	0.447237	0.464367	0.453765	0.454239	0.454051	0.468666	0.466985	0.344255	0.353798	0.363355	0.340454	0.345016	0.34208	0.496716	0.505558	0.495618	0.504167	0.496724	0.496777
ERR609044	0.356595	0.347639	0.363934	0.345483	0.345341	0.370145	0.338233	0.348247	0.359514	0.342271	0.343148	0.340581	0.381817	0.375404	0.374953	0.374756	0.374832	0.376674	0.370141	0.355488	0.354972	0.355417	0.354745	0.360151	0.327582	0.327036	0.345972	0.335954	0.334216	0.327567	0.364792	0.370021	0.373268	0.369824	0.369114	0.365459	0	0.298219	0.260687	0.295112	0.285721	0.261033	0.374274	0.372927	0.37423	0.367301	0.373361	0.372605	0.489365	0.496759	0.487648	0.490882	0.490865	0.497229	0.404818	0.400168	0.410842	0.411673	0.393407	0.405798	0.51531	0.508793	0.514735	0.513328	0.522479	0.522844	0.466023	0.466443	0.467567	0.475681	0.475766	0.474249	0.464793	0.470964	0.470433	0.467454	0.461487	0.466858	0.470991	0.470254	0.470929	0.471445	0.471943	0.473207	0.367097	0.369343	0.375252	0.375788	0.368418	0.374342	0.509307	0.510676	0.508869	0.510828	0.50898	0.508522
ERR609041	0.341133	0.359712	0.335181	0.355635	0.356828	0.335279	0.306969	0.302231	0.373224	0.30377	0.303487	0.303136	0.323314	0.323547	0.32107	0.324873	0.322472	0.320297	0.355592	0.31339	0.316874	0.313728	0.318088	0.312241	0.342964	0.340746	0.37256	0.351585	0.335827	0.347889	0.341652	0.340386	0.333166	0.332806	0.330763	0.339071	0.298219	0	0.302058	0.24851	0.251231	0.30324	0.335247	0.332401	0.35285	0.338158	0.335247	0.340121	0.506749	0.526296	0.500566	0.509583	0.513627	0.52714	0.353444	0.356444	0.361277	0.355885	0.358021	0.354293	0.541662	0.532512	0.545125	0.539931	0.556915	0.557476	0.448273	0.447003	0.463072	0.464435	0.46587	0.462974	0.484291	0.441942	0.442793	0.487784	0.47313	0.444032	0.463303	0.444534	0.444919	0.444778	0.468724	0.467497	0.324302	0.338101	0.351361	0.322352	0.324693	0.323605	0.518182	0.532604	0.517531	0.531828	0.518374	0.527859
ERR609043	0.359103	0.348598	0.366661	0.347096	0.346857	0.373028	0.34144	0.352036	0.359696	0.345709	0.346429	0.344028	0.38569	0.379365	0.378948	0.378652	0.378855	0.380603	0.372482	0.359492	0.358422	0.359313	0.358068	0.363954	0.328431	0.328502	0.346126	0.336933	0.335926	0.328428	0.366684	0.371999	0.376187	0.372626	0.371859	0.367572	0.260687	0.302058	0	0.299125	0.288965	0.261308	0.377475	0.375937	0.376925	0.370053	0.376507	0.375556	0.488946	0.495895	0.487662	0.490516	0.490257	0.496594	0.408239	0.403208	0.414012	0.415212	0.396605	0.409279	0.514668	0.508366	0.514278	0.512753	0.52165	0.521813	0.467896	0.468481	0.468724	0.476993	0.477131	0.475668	0.464959	0.473237	0.472708	0.467561	0.461975	0.468883	0.472481	0.472698	0.473369	0.473814	0.473565	0.474942	0.370833	0.372612	0.378292	0.379604	0.372285	0.378171	0.509817	0.510469	0.509214	0.510595	0.509516	0.508272
ERR609040	0.343773	0.361497	0.336267	0.355868	0.357349	0.338993	0.311753	0.304805	0.380188	0.308125	0.307423	0.306727	0.329165	0.328794	0.326027	0.33042	0.327707	0.324416	0.361692	0.31526	0.320723	0.315525	0.321506	0.314684	0.345488	0.343011	0.376915	0.355707	0.339181	0.350383	0.346651	0.346015	0.333653	0.333871	0.333453	0.344189	0.295112	0.24851	0.299125	0	0.252606	0.300269	0.341198	0.338084	0.35811	0.342578	0.341023	0.345809	0.507578	0.52603	0.501081	0.510679	0.513533	0.526762	0.358684	0.362539	0.368411	0.360679	0.363392	0.3599	0.542006	0.532206	0.543835	0.539917	0.555952	0.55626	0.451203	0.449801	0.466803	0.469576	0.470917	0.46802	0.485158	0.444614	0.445382	0.489246	0.474122	0.446392	0.46607	0.446515	0.447087	0.446811	0.471216	0.470576	0.328451	0.343792	0.357832	0.327694	0.32908	0.328976	0.516168	0.531283	0.51549	0.5304	0.516575	0.527808
ERR609039	0.336056	0.350254	0.334679	0.346804	0.347957	0.335393	0.304194	0.30496	0.359303	0.303908	0.303961	0.303288	0.327351	0.325382	0.323962	0.325655	0.324711	0.324421	0.345633	0.31467	0.315572	0.31466	0.316138	0.315192	0.331691	0.329726	0.358256	0.338976	0.326169	0.335587	0.339122	0.338544	0.337367	0.33602	0.332536	0.337156	0.285721	0.251231	0.288965	0.252606	0	0.289889	0.332606	0.330109	0.345269	0.333373	0.332292	0.335605	0.500811	0.519046	0.495687	0.503234	0.50752	0.519701	0.356347	0.356322	0.362075	0.360692	0.355572	0.357099	0.535096	0.526989	0.538831	0.53359	0.549941	0.550409	0.445185	0.444382	0.45657	0.45854	0.459708	0.457403	0.475534	0.44256	0.442943	0.478457	0.465563	0.442926	0.457634	0.444158	0.444661	0.444533	0.462287	0.461286	0.323862	0.333348	0.34408	0.325118	0.324595	0.325518	0.516499	0.528092	0.515845	0.527482	0.516674	0.522784
ERR609042	0.359722	0.348906	0.367649	0.347626	0.347185	0.373922	0.341811	0.352851	0.359361	0.346366	0.347567	0.344998	0.386784	0.380289	0.379782	0.379439	0.379691	0.38169	0.372271	0.360132	0.359164	0.360023	0.358593	0.365123	0.328744	0.328613	0.345859	0.336873	0.336062	0.328103	0.367583	0.37292	0.377305	0.373729	0.372712	0.368243	0.261033	0.30324	0.261308	0.300269	0.289889	0	0.377635	0.376512	0.376501	0.370178	0.376555	0.37572	0.489516	0.496461	0.488445	0.491207	0.491044	0.497062	0.409044	0.403985	0.414811	0.416141	0.39691	0.410168	0.515222	0.508942	0.514839	0.513248	0.522318	0.522515	0.468147	0.468875	0.46867	0.47732	0.477267	0.475959	0.465514	0.474123	0.473441	0.467829	0.462574	0.469548	0.472395	0.473	0.473723	0.474234	0.473305	0.474661	0.370944	0.372379	0.377563	0.380061	0.372237	0.37862	0.510483	0.510763	0.50979	0.51104	0.509972	0.508815
ERR607715	0.342931	0.362131	0.347706	0.361861	0.362409	0.339978	0.315107	0.320659	0.353426	0.318502	0.318749	0.317275	0.287886	0.278861	0.281777	0.274813	0.279441	0.287249	0.29647	0.293271	0.285494	0.291153	0.284616	0.29469	0.335651	0.3329	0.350052	0.33465	0.323071	0.339274	0.365261	0.361657	0.374074	0.371661	0.361619	0.363927	0.374274	0.335247	0.377475	0.341198	0.332606	0.377635	0	0.235675	0.247531	0.240064	0.235483	0.238257	0.519259	0.540768	0.515567	0.519488	0.530084	0.541556	0.325116	0.318159	0.320245	0.334658	0.317622	0.324393	0.564326	0.560241	0.574012	0.564706	0.583812	0.584413	0.416936	0.416388	0.426503	0.42284	0.42345	0.421591	0.466098	0.422526	0.423451	0.466937	0.45481	0.423508	0.420027	0.410251	0.41018	0.410489	0.426602	0.422915	0.293431	0.291876	0.296767	0.301237	0.293941	0.299936	0.555247	0.564039	0.553996	0.563474	0.555604	0.554191
ERR607716	0.340889	0.360704	0.344852	0.360171	0.360684	0.33749	0.312826	0.317086	0.354355	0.31566	0.315861	0.314458	0.285396	0.276818	0.279693	0.273355	0.277483	0.284766	0.29905	0.291394	0.284302	0.289465	0.283753	0.292159	0.334904	0.332032	0.350923	0.334622	0.322269	0.33862	0.363138	0.359449	0.370246	0.367994	0.358401	0.361672	0.372927	0.332401	0.375937	0.338084	0.330109	0.376512	0.235675	0	0.250059	0.240941	0.235908	0.239456	0.516959	0.538571	0.513058	0.517508	0.527693	0.539367	0.323241	0.317435	0.319593	0.332286	0.317366	0.322583	0.561999	0.557457	0.571221	0.562196	0.581204	0.581774	0.416605	0.415809	0.42683	0.423591	0.424315	0.422279	0.466	0.421362	0.422148	0.467106	0.454544	0.422531	0.421199	0.409968	0.409761	0.409971	0.427799	0.424199	0.292543	0.292938	0.29892	0.299402	0.293181	0.298369	0.551965	0.561335	0.550747	0.560793	0.552472	0.551765
ERR607711	0.353494	0.366008	0.363338	0.367177	0.367427	0.356526	0.330355	0.341652	0.349507	0.33633	0.337367	0.335791	0.313765	0.299461	0.304344	0.293228	0.300496	0.312368	0.280631	0.306545	0.293463	0.304109	0.291242	0.311778	0.338245	0.33601	0.344782	0.334534	0.327811	0.339766	0.379275	0.37655	0.395039	0.391924	0.380752	0.378634	0.37423	0.35285	0.376925	0.35811	0.345269	0.376501	0.247531	0.250059	0	0.239692	0.246254	0.239838	0.526617	0.545643	0.524666	0.526158	0.537033	0.546396	0.344827	0.330369	0.336317	0.358035	0.324852	0.3443	0.572866	0.570383	0.582778	0.573625	0.59104	0.591623	0.417601	0.418	0.421376	0.418279	0.418889	0.418065	0.458635	0.429409	0.429392	0.458851	0.449309	0.427571	0.410092	0.412209	0.412102	0.412915	0.415336	0.411753	0.304836	0.29196	0.288121	0.321018	0.306355	0.317422	0.569038	0.573675	0.567825	0.573339	0.569099	0.563477
