	ERR605689	ERR605691	ERR605693	ERR605692	ERR605690	ERR605694	ERR608871	ERR608872	ERR608875	ERR608873	ERR608876	ERR608874	ERR617026	ERR617023	ERR617022	ERR617024	ERR617025	ERR617021	ERR636667	ERR636669	ERR636668	ERR636672	ERR636670	ERR636671	ERR612254	ERR612251	ERR612252	ERR612253	ERR612255	ERR612256	ERR605270	ERR605267	ERR605269	ERR605268	ERR605266	ERR605265	ERR636729	ERR636728	ERR636730	ERR636732	ERR636727	ERR636731	ERR608837	ERR608839	ERR608836	ERR608838	ERR608840	ERR608835	ERR638175	ERR638174	ERR638173	ERR638176	ERR638172	ERR638171	ERR618521	ERR618524	ERR618523	ERR618520	ERR618519	ERR618522	ERR617330	ERR617329	ERR617326	ERR617327	ERR617325	ERR617328	ERR612191	ERR612192	ERR612195	ERR612194	ERR612193	ERR612196	ERR626676	ERR626679	ERR626675	ERR626677	ERR626678	ERR626674	ERR608823	ERR608825	ERR608828	ERR608826	ERR608827	ERR608824	ERR629896	ERR629893	ERR629897	ERR629895	ERR629892	ERR629894	ERR612992	ERR612991	ERR612988	ERR612989	ERR612987	ERR612990
ERR605689	0	0.263676	0.336277	0.27804	0.258662	0.322721	0.486771	0.422958	0.442908	0.413467	0.446349	0.441067	0.413886	0.385707	0.38884	0.409779	0.411707	0.396859	0.439258	0.423646	0.418165	0.45766	0.453806	0.458586	0.449662	0.442741	0.450548	0.447683	0.463499	0.451456	0.447848	0.467212	0.450878	0.452315	0.426168	0.420529	0.494309	0.491453	0.505868	0.499068	0.511666	0.502977	0.395358	0.393544	0.392431	0.394172	0.392003	0.399813	0.462031	0.462817	0.485471	0.477092	0.482607	0.486241	0.471582	0.478677	0.479437	0.475108	0.463424	0.468923	0.466561	0.466279	0.476031	0.475596	0.475877	0.465358	0.511449	0.523474	0.53846	0.52112	0.519369	0.523955	0.484107	0.455225	0.457581	0.456172	0.455642	0.455008	0.514043	0.437217	0.442935	0.442422	0.443464	0.444974	0.500895	0.513109	0.499605	0.499082	0.518416	0.523565	0.520327	0.523992	0.520488	0.520136	0.52188	0.520711
ERR605691	0.263676	0	0.30814	0.26563	0.25959	0.297089	0.466363	0.413538	0.425197	0.408467	0.428106	0.423912	0.403536	0.385478	0.386366	0.39946	0.400735	0.391423	0.438095	0.426916	0.423178	0.453182	0.450282	0.454159	0.448533	0.444958	0.449525	0.447021	0.45421	0.448911	0.439625	0.449155	0.44133	0.442141	0.422298	0.419662	0.489894	0.487409	0.500373	0.49426	0.505531	0.49763	0.402942	0.386446	0.400821	0.386668	0.385128	0.403798	0.458038	0.458861	0.469184	0.469805	0.467343	0.470443	0.459855	0.465648	0.466602	0.462467	0.454146	0.457866	0.465766	0.464854	0.468671	0.468491	0.46729	0.464212	0.508235	0.518259	0.528365	0.515995	0.514448	0.517931	0.468932	0.449099	0.451339	0.449624	0.44932	0.452871	0.492595	0.431269	0.434061	0.433477	0.434327	0.435631	0.500911	0.513184	0.499445	0.501534	0.511639	0.518423	0.525177	0.529971	0.519957	0.518894	0.521837	0.525919
ERR605693	0.336277	0.30814	0	0.295014	0.316638	0.267579	0.434518	0.424245	0.408822	0.432931	0.409484	0.409961	0.408115	0.422835	0.419849	0.406236	0.403971	0.413646	0.471485	0.470587	0.471435	0.476544	0.476064	0.477169	0.479208	0.481878	0.478868	0.477748	0.461744	0.4749	0.450889	0.429615	0.448002	0.447985	0.446148	0.451927	0.510525	0.510069	0.516086	0.512789	0.519662	0.514209	0.459985	0.4122	0.459666	0.411728	0.412647	0.453809	0.48142	0.481528	0.456223	0.479075	0.458538	0.458546	0.461463	0.46381	0.464591	0.460922	0.462184	0.461951	0.494362	0.492927	0.481475	0.481486	0.47488	0.492798	0.530917	0.534852	0.530398	0.533337	0.531744	0.532443	0.457647	0.466915	0.468898	0.466831	0.46708	0.481464	0.460199	0.454101	0.446105	0.446173	0.446078	0.44736	0.529203	0.541609	0.527565	0.535148	0.523115	0.534392	0.562136	0.56959	0.546535	0.544081	0.549608	0.564296
ERR605692	0.27804	0.26563	0.295014	0	0.269087	0.285283	0.46511	0.420583	0.421772	0.418121	0.423975	0.421448	0.411647	0.396401	0.396472	0.406776	0.407006	0.401465	0.453155	0.445348	0.44123	0.467206	0.464745	0.467764	0.461416	0.459008	0.463428	0.460299	0.459857	0.460148	0.454535	0.453013	0.454916	0.455789	0.43855	0.437835	0.503999	0.500497	0.512551	0.506818	0.517216	0.509917	0.425536	0.394266	0.422867	0.394203	0.393478	0.424642	0.47011	0.470755	0.469563	0.481458	0.469642	0.472056	0.460026	0.46154	0.462415	0.462767	0.456052	0.456064	0.467546	0.466698	0.465719	0.46556	0.465549	0.466215	0.524217	0.53401	0.539182	0.531127	0.529755	0.531979	0.471334	0.455675	0.45924	0.455887	0.455796	0.464051	0.490011	0.439278	0.439635	0.439128	0.439947	0.441795	0.505779	0.514098	0.504446	0.508614	0.507338	0.513964	0.530785	0.536046	0.522431	0.52036	0.524014	0.532111
ERR605690	0.258662	0.25959	0.316638	0.269087	0	0.304687	0.473582	0.416839	0.431562	0.410363	0.434651	0.429956	0.406284	0.385267	0.387311	0.402359	0.403812	0.392817	0.439057	0.426028	0.421905	0.455392	0.452181	0.456252	0.448987	0.443998	0.449852	0.447218	0.457556	0.44991	0.442143	0.455428	0.444323	0.445635	0.422458	0.419058	0.49245	0.490145	0.503075	0.496771	0.508738	0.500261	0.401146	0.390093	0.398792	0.390431	0.388471	0.403378	0.459657	0.46018	0.474928	0.471549	0.472851	0.476037	0.464029	0.470283	0.471257	0.466745	0.457149	0.461837	0.465916	0.465282	0.471257	0.470755	0.46991	0.464656	0.509478	0.520302	0.532394	0.518171	0.516304	0.520273	0.47374	0.45113	0.45314	0.451752	0.451236	0.453238	0.500519	0.433551	0.437033	0.43648	0.437416	0.43895	0.500124	0.512734	0.498672	0.499652	0.513529	0.519926	0.522392	0.526868	0.519162	0.518372	0.521103	0.523239
ERR605694	0.322721	0.297089	0.267579	0.285283	0.304687	0	0.436869	0.419324	0.407668	0.426447	0.408522	0.408351	0.403931	0.414395	0.41173	0.401559	0.399584	0.407402	0.463954	0.461746	0.462233	0.470468	0.469564	0.471119	0.471962	0.473894	0.471915	0.470559	0.457673	0.468472	0.446559	0.429823	0.444447	0.444785	0.440024	0.444564	0.505168	0.504412	0.51137	0.507534	0.515198	0.509127	0.449998	0.40541	0.449473	0.405106	0.405776	0.444654	0.476276	0.476605	0.456169	0.47583	0.458108	0.458446	0.459567	0.462427	0.462878	0.459422	0.45916	0.459537	0.488549	0.487312	0.477808	0.477623	0.471967	0.487041	0.526297	0.531213	0.528856	0.52952	0.527957	0.528946	0.457046	0.461869	0.463709	0.461797	0.462132	0.47507	0.463933	0.448778	0.442339	0.442282	0.442155	0.443778	0.522996	0.535246	0.521351	0.528402	0.519005	0.530036	0.554858	0.562065	0.540764	0.538324	0.543688	0.556863
ERR608871	0.486771	0.466363	0.434518	0.46511	0.473582	0.436869	0	0.315112	0.296753	0.335852	0.295738	0.296487	0.371989	0.408566	0.401838	0.373935	0.371088	0.38738	0.427747	0.437446	0.444035	0.421396	0.422663	0.421057	0.424557	0.434738	0.423303	0.42396	0.402556	0.419951	0.424369	0.40719	0.420951	0.420597	0.436067	0.443899	0.415751	0.419096	0.416898	0.417179	0.417172	0.41686	0.464051	0.425796	0.466616	0.424472	0.426595	0.452439	0.509969	0.509609	0.497682	0.5025	0.494858	0.494082	0.549471	0.562043	0.562368	0.548076	0.550488	0.556723	0.586935	0.586164	0.579722	0.579994	0.568597	0.585202	0.525222	0.52203	0.51664	0.521998	0.520366	0.520326	0.487818	0.505977	0.502874	0.505826	0.506027	0.512081	0.492062	0.503909	0.496438	0.496615	0.496756	0.494982	0.585516	0.609052	0.585322	0.588953	0.596007	0.609864	0.631448	0.637712	0.619181	0.619519	0.624029	0.631432
ERR608872	0.422958	0.413538	0.424245	0.420583	0.416839	0.419324	0.315112	0	0.286731	0.264952	0.29017	0.283605	0.337213	0.339331	0.336842	0.336385	0.336628	0.332047	0.361937	0.364193	0.366666	0.365169	0.364345	0.365214	0.362272	0.365398	0.36233	0.361488	0.364983	0.361939	0.384118	0.399758	0.38546	0.385609	0.381163	0.382751	0.364926	0.365303	0.371821	0.368524	0.375361	0.370281	0.387356	0.368976	0.388214	0.368441	0.368761	0.380152	0.471021	0.471204	0.49193	0.476396	0.486465	0.489057	0.530899	0.544268	0.545034	0.532024	0.52624	0.535009	0.545507	0.545275	0.54881	0.549081	0.542223	0.54377	0.484324	0.487708	0.496673	0.486678	0.485055	0.487611	0.478354	0.46744	0.46483	0.467769	0.467603	0.464635	0.51118	0.463549	0.464977	0.464983	0.465477	0.464702	0.539072	0.562772	0.538651	0.53842	0.5626	0.573111	0.579894	0.584626	0.574405	0.575707	0.578545	0.579163
ERR608875	0.442908	0.425197	0.408822	0.421772	0.431562	0.407668	0.296753	0.286731	0	0.300472	0.272351	0.271399	0.353917	0.369666	0.365114	0.352291	0.35068	0.357685	0.403036	0.410599	0.413121	0.402414	0.402795	0.402131	0.396756	0.403434	0.397494	0.396835	0.380145	0.39265	0.413339	0.400355	0.411018	0.410808	0.415085	0.421062	0.402564	0.402191	0.405038	0.403092	0.407045	0.404	0.434396	0.391377	0.43486	0.390521	0.392071	0.42479	0.491203	0.491571	0.486842	0.492949	0.484984	0.485958	0.528246	0.536901	0.537352	0.528549	0.526571	0.53098	0.551895	0.55116	0.547313	0.547457	0.540426	0.55027	0.512629	0.514151	0.512378	0.51252	0.511585	0.51168	0.477861	0.480902	0.479853	0.480757	0.480774	0.486598	0.497863	0.477653	0.473911	0.47405	0.47416	0.47414	0.550807	0.569669	0.550258	0.554023	0.559572	0.571188	0.593452	0.599026	0.582069	0.58209	0.58602	0.593433
ERR608873	0.413467	0.408467	0.432931	0.418121	0.410363	0.426447	0.335852	0.264952	0.300472	0	0.304862	0.296472	0.34115	0.330856	0.33021	0.339648	0.341209	0.32912	0.352766	0.352079	0.352563	0.359726	0.357866	0.359639	0.354416	0.354889	0.354841	0.353877	0.365608	0.355553	0.383441	0.4077	0.386027	0.386648	0.375746	0.375004	0.360295	0.359464	0.368823	0.364412	0.372962	0.366927	0.372857	0.36382	0.372829	0.363411	0.362674	0.367491	0.468285	0.468657	0.498377	0.47767	0.492414	0.495524	0.533482	0.546963	0.547751	0.535294	0.527284	0.536502	0.540784	0.540845	0.547767	0.547866	0.542644	0.539161	0.479815	0.485132	0.49821	0.48381	0.482478	0.485651	0.484168	0.465249	0.462736	0.465817	0.465265	0.459276	0.522843	0.461131	0.465488	0.465241	0.465899	0.465451	0.532222	0.555649	0.531974	0.530211	0.559878	0.56905	0.570926	0.574756	0.567776	0.569504	0.571586	0.569743
ERR608876	0.446349	0.428106	0.409484	0.423975	0.434651	0.408522	0.295738	0.29017	0.272351	0.304862	0	0.272132	0.356959	0.373956	0.369208	0.355302	0.353375	0.36105	0.40755	0.415608	0.418302	0.406473	0.40701	0.405869	0.401151	0.408398	0.40202	0.40157	0.382767	0.396758	0.416985	0.401376	0.414517	0.413985	0.419471	0.42558	0.406351	0.406114	0.408349	0.406519	0.410233	0.407421	0.439668	0.394696	0.439911	0.393773	0.395583	0.429806	0.494062	0.493999	0.487303	0.494994	0.485663	0.486279	0.529774	0.537974	0.538217	0.529784	0.528158	0.532097	0.554138	0.55342	0.548918	0.54911	0.542163	0.552531	0.515727	0.516989	0.513704	0.515339	0.514513	0.514213	0.478578	0.48329	0.482288	0.483206	0.483251	0.489548	0.497538	0.480396	0.476182	0.47615	0.476401	0.476318	0.553311	0.571762	0.552646	0.55668	0.560801	0.572496	0.596364	0.602075	0.584464	0.584232	0.588419	0.59651
ERR608874	0.441067	0.423912	0.409961	0.421448	0.429956	0.408351	0.296487	0.283605	0.271399	0.296472	0.272132	0	0.351445	0.3665	0.362063	0.349788	0.348255	0.354608	0.399166	0.406725	0.409222	0.398946	0.399167	0.398598	0.393577	0.400149	0.394333	0.393762	0.3784	0.389726	0.410517	0.399807	0.408578	0.408257	0.412099	0.417611	0.398735	0.39839	0.401549	0.399392	0.403728	0.400377	0.43045	0.389372	0.431018	0.388214	0.390026	0.420901	0.489396	0.489615	0.487266	0.491212	0.484941	0.485938	0.528788	0.537655	0.538245	0.529083	0.526789	0.531439	0.551545	0.550982	0.547791	0.547864	0.540936	0.549872	0.510084	0.511701	0.510796	0.510228	0.509369	0.509353	0.477783	0.479762	0.478726	0.479872	0.479772	0.484649	0.499294	0.476798	0.473213	0.473248	0.473401	0.473571	0.550199	0.569567	0.549568	0.552974	0.560405	0.571883	0.592582	0.598255	0.581787	0.582052	0.585908	0.592565
ERR617026	0.413886	0.403536	0.408115	0.411647	0.406284	0.403931	0.371989	0.337213	0.353917	0.34115	0.356959	0.351445	0	0.290598	0.288523	0.270182	0.270536	0.277665	0.381058	0.379359	0.384009	0.384207	0.38342	0.38479	0.354654	0.358815	0.353208	0.352996	0.356641	0.354045	0.381381	0.395138	0.382118	0.382223	0.38022	0.382378	0.380482	0.383606	0.389508	0.385996	0.393844	0.388214	0.388781	0.373102	0.391317	0.372412	0.372453	0.382301	0.485508	0.485598	0.503937	0.484357	0.498517	0.500753	0.527495	0.542476	0.542928	0.527737	0.523077	0.532769	0.550719	0.550384	0.554395	0.553685	0.545336	0.548971	0.500652	0.503328	0.513146	0.502861	0.501006	0.50415	0.491174	0.484979	0.482117	0.485512	0.485466	0.482898	0.515788	0.475802	0.47521	0.475296	0.475887	0.475231	0.548918	0.574629	0.548383	0.548229	0.574339	0.585808	0.582824	0.588133	0.579169	0.580045	0.583446	0.582724
ERR617023	0.385707	0.385478	0.422835	0.396401	0.385267	0.414395	0.408566	0.339331	0.369666	0.330856	0.373956	0.3665	0.290598	0	0.265948	0.286912	0.290036	0.271128	0.369567	0.361421	0.360011	0.381865	0.379359	0.382352	0.341585	0.339067	0.342841	0.340736	0.359401	0.343798	0.392567	0.417859	0.395627	0.396634	0.379798	0.376576	0.382155	0.380907	0.393819	0.387637	0.399402	0.391638	0.363721	0.360362	0.362919	0.359944	0.359002	0.362016	0.482137	0.482924	0.516266	0.493935	0.510295	0.514158	0.528429	0.540959	0.541588	0.531221	0.520869	0.529738	0.531197	0.530997	0.541952	0.541646	0.538476	0.529627	0.500317	0.508317	0.524331	0.506487	0.504981	0.509075	0.505132	0.480112	0.47886	0.480968	0.480439	0.473681	0.539902	0.468212	0.474378	0.473769	0.474683	0.474986	0.531113	0.55228	0.530583	0.528045	0.559997	0.567496	0.559052	0.562337	0.559631	0.56099	0.56279	0.558224
ERR617022	0.38884	0.386366	0.419849	0.396472	0.387311	0.41173	0.401838	0.336842	0.365114	0.33021	0.369208	0.362063	0.288523	0.265948	0	0.284645	0.287621	0.270436	0.370011	0.363345	0.36226	0.381204	0.378671	0.381626	0.342604	0.341197	0.344042	0.341545	0.357708	0.344188	0.392017	0.414879	0.394692	0.395697	0.380846	0.378386	0.380551	0.379361	0.391788	0.38598	0.397012	0.389765	0.366717	0.359817	0.365844	0.359533	0.358699	0.363993	0.481954	0.482404	0.513482	0.49322	0.507578	0.511341	0.527185	0.539742	0.540455	0.529811	0.520224	0.528824	0.532338	0.532123	0.541704	0.541626	0.538136	0.530689	0.500666	0.507892	0.522813	0.506271	0.504781	0.508619	0.502913	0.479825	0.478582	0.480606	0.479992	0.474398	0.535503	0.467933	0.473311	0.472967	0.473754	0.473693	0.533028	0.554272	0.532561	0.530605	0.56047	0.568274	0.56236	0.565782	0.561636	0.562921	0.564853	0.561563
ERR617024	0.409779	0.39946	0.406236	0.406776	0.402359	0.401559	0.373935	0.336385	0.352291	0.339648	0.355302	0.349788	0.270182	0.286912	0.284645	0	0.270401	0.275719	0.380388	0.378476	0.382267	0.384326	0.383592	0.384833	0.353746	0.357266	0.352605	0.352317	0.355496	0.35298	0.384203	0.397305	0.384813	0.385257	0.381765	0.38336	0.381407	0.383928	0.390319	0.386653	0.394779	0.389165	0.387541	0.370356	0.389513	0.369565	0.369972	0.381371	0.485097	0.485249	0.503363	0.485647	0.49825	0.500557	0.525506	0.539636	0.540041	0.526007	0.52092	0.530091	0.546688	0.546218	0.550252	0.549734	0.542078	0.544776	0.501982	0.505172	0.515127	0.5045	0.502898	0.505749	0.491631	0.483645	0.481108	0.484315	0.484057	0.481707	0.516568	0.473981	0.473909	0.473674	0.474395	0.473991	0.546215	0.570793	0.545645	0.545451	0.570448	0.581554	0.579645	0.5848	0.575921	0.576804	0.580109	0.579523
ERR617025	0.411707	0.400735	0.403971	0.407006	0.403812	0.399584	0.371088	0.336628	0.35068	0.341209	0.353375	0.348255	0.270536	0.290036	0.287621	0.270401	0	0.277815	0.383357	0.382058	0.386078	0.386715	0.38613	0.387176	0.356201	0.360457	0.354862	0.354744	0.356104	0.354918	0.38484	0.395744	0.385303	0.38542	0.383429	0.385691	0.38381	0.386324	0.392324	0.388913	0.396721	0.391219	0.391192	0.372507	0.393314	0.371652	0.372104	0.384951	0.486239	0.486404	0.502642	0.485962	0.497725	0.499717	0.524977	0.539091	0.539485	0.525399	0.520673	0.529621	0.547361	0.546823	0.55034	0.549547	0.541843	0.545445	0.50346	0.506499	0.515605	0.505765	0.504038	0.507032	0.490825	0.484483	0.482018	0.485043	0.484859	0.483112	0.514643	0.474808	0.474125	0.474057	0.474548	0.474098	0.547379	0.571892	0.546778	0.547192	0.570733	0.581995	0.581343	0.586669	0.577054	0.577778	0.58116	0.581282
ERR617021	0.396859	0.391423	0.413646	0.401465	0.392817	0.407402	0.38738	0.332047	0.357685	0.32912	0.36105	0.354608	0.277665	0.271128	0.270436	0.275719	0.277815	0	0.368302	0.363874	0.365302	0.376021	0.374218	0.376403	0.342196	0.342729	0.342071	0.340862	0.352364	0.34292	0.381589	0.402065	0.384009	0.38466	0.374247	0.373689	0.373619	0.374365	0.38375	0.37911	0.389247	0.382089	0.370355	0.360783	0.371177	0.360174	0.359871	0.36595	0.479613	0.479686	0.506959	0.486251	0.501126	0.50442	0.525831	0.540108	0.540512	0.527584	0.519779	0.529408	0.538781	0.538588	0.545987	0.545646	0.53954	0.536897	0.495355	0.500943	0.514198	0.499824	0.498137	0.501728	0.495035	0.478266	0.476239	0.47892	0.478561	0.473792	0.525696	0.467796	0.471199	0.470798	0.471688	0.47107	0.537697	0.561268	0.537121	0.535774	0.56498	0.57441	0.569824	0.574119	0.567495	0.568679	0.571153	0.569314
ERR636667	0.439258	0.438095	0.471485	0.453155	0.439057	0.463954	0.427747	0.361937	0.403036	0.352766	0.40755	0.399166	0.381058	0.369567	0.370011	0.380388	0.383357	0.368302	0	0.242691	0.245315	0.23931	0.237778	0.239858	0.339122	0.339294	0.337779	0.338928	0.360014	0.341981	0.342331	0.387977	0.346412	0.346596	0.335096	0.332962	0.295971	0.293548	0.299285	0.296318	0.301726	0.29752	0.309653	0.320797	0.310475	0.320306	0.318739	0.301826	0.449305	0.449446	0.492602	0.458735	0.484515	0.487919	0.553756	0.569058	0.56976	0.555366	0.547517	0.558445	0.566338	0.566225	0.574905	0.574732	0.569506	0.565218	0.410848	0.414533	0.432266	0.413436	0.412376	0.415322	0.461902	0.438672	0.433213	0.438937	0.438508	0.425177	0.525815	0.457287	0.462997	0.462899	0.463865	0.463156	0.519949	0.548391	0.520053	0.515965	0.556799	0.56697	0.557035	0.560681	0.555559	0.558521	0.560529	0.554969
ERR636669	0.423646	0.426916	0.470587	0.445348	0.426028	0.461746	0.437446	0.364193	0.410599	0.352079	0.415608	0.406725	0.379359	0.361421	0.363345	0.378476	0.382058	0.363874	0.242691	0	0.239517	0.253498	0.250267	0.254715	0.342225	0.339547	0.340605	0.341819	0.37177	0.347242	0.349539	0.4039	0.355137	0.35606	0.338277	0.332424	0.309305	0.307798	0.317263	0.313019	0.321422	0.315548	0.299932	0.329409	0.301147	0.328952	0.326582	0.297102	0.446583	0.446981	0.496569	0.45736	0.487696	0.491663	0.547408	0.56397	0.564571	0.549346	0.54005	0.552195	0.554629	0.554742	0.566334	0.566013	0.561113	0.553443	0.416746	0.422396	0.446666	0.421727	0.420345	0.425027	0.469331	0.441454	0.436361	0.442117	0.441579	0.425985	0.530113	0.453275	0.460977	0.460505	0.461862	0.460959	0.517228	0.546	0.517269	0.511847	0.557766	0.567022	0.552973	0.555881	0.554729	0.558023	0.559278	0.550551
ERR636668	0.418165	0.423178	0.471435	0.44123	0.421905	0.462233	0.444035	0.366666	0.413121	0.352563	0.418302	0.409222	0.384009	0.360011	0.36226	0.382267	0.386078	0.365302	0.245315	0.239517	0	0.258936	0.255257	0.259972	0.343107	0.33892	0.342357	0.342613	0.374011	0.34822	0.356549	0.409715	0.362173	0.363068	0.342639	0.335836	0.3152	0.311804	0.323212	0.318358	0.327562	0.321097	0.29918	0.328342	0.298767	0.328114	0.325568	0.297609	0.4482	0.448832	0.499515	0.461741	0.490885	0.495106	0.547496	0.562897	0.563775	0.549965	0.539602	0.551146	0.550174	0.550301	0.563116	0.56304	0.559332	0.54923	0.420421	0.427543	0.452244	0.42648	0.425341	0.429865	0.473131	0.4419	0.437318	0.442315	0.441781	0.425962	0.5352	0.45298	0.461985	0.46144	0.462852	0.46223	0.51348	0.540076	0.51343	0.50769	0.55336	0.561542	0.547377	0.549735	0.549853	0.553088	0.553968	0.544817
ERR636672	0.45766	0.453182	0.476544	0.467206	0.455392	0.470468	0.421396	0.365169	0.402414	0.359726	0.406473	0.398946	0.384207	0.381865	0.381204	0.384326	0.386715	0.376021	0.23931	0.253498	0.258936	0	0.234433	0.234555	0.343772	0.346531	0.341384	0.343937	0.358217	0.345203	0.33698	0.377916	0.340052	0.339788	0.335088	0.335671	0.289277	0.288055	0.28959	0.288557	0.291038	0.288513	0.322269	0.325577	0.324332	0.325027	0.324281	0.311736	0.453025	0.453146	0.491422	0.458961	0.483426	0.486191	0.560683	0.576457	0.5771	0.561321	0.555335	0.566497	0.5803	0.580164	0.586156	0.5861	0.579324	0.579126	0.407496	0.408423	0.42231	0.4078	0.407122	0.408773	0.457898	0.441155	0.435169	0.441337	0.440984	0.429063	0.522317	0.463989	0.467877	0.467788	0.468561	0.467721	0.529017	0.559071	0.529	0.525816	0.564737	0.57639	0.568398	0.572615	0.56444	0.56739	0.56986	0.566214
ERR636670	0.453806	0.450282	0.476064	0.464745	0.452181	0.469564	0.422663	0.364345	0.402795	0.357866	0.40701	0.399167	0.38342	0.379359	0.378671	0.383592	0.38613	0.374218	0.237778	0.250267	0.255257	0.234433	0	0.234598	0.342555	0.34467	0.340135	0.342584	0.358693	0.344406	0.337469	0.38029	0.340965	0.340781	0.334516	0.334193	0.289347	0.287925	0.290581	0.289099	0.292588	0.289471	0.31918	0.325305	0.320868	0.32445	0.323645	0.309374	0.452783	0.452929	0.492468	0.459477	0.484384	0.487298	0.559979	0.575712	0.576422	0.56081	0.554319	0.56571	0.578116	0.578086	0.584729	0.584671	0.578038	0.576922	0.408222	0.409822	0.424953	0.409009	0.4084	0.41032	0.459575	0.441446	0.435461	0.44156	0.441209	0.428876	0.523647	0.463247	0.467442	0.467412	0.468191	0.467246	0.528314	0.558077	0.5284	0.524864	0.564342	0.575688	0.567148	0.571245	0.563935	0.566867	0.569159	0.564948
ERR636671	0.458586	0.454159	0.477169	0.467764	0.456252	0.471119	0.421057	0.365214	0.402131	0.359639	0.405869	0.398598	0.38479	0.382352	0.381626	0.384833	0.387176	0.376403	0.239858	0.254715	0.259972	0.234555	0.234598	0	0.343762	0.346801	0.341554	0.343888	0.357565	0.345177	0.337559	0.377579	0.340516	0.340358	0.335686	0.336403	0.289219	0.287813	0.289405	0.288259	0.290464	0.288177	0.323513	0.325374	0.325108	0.324822	0.323967	0.312764	0.454362	0.454344	0.492188	0.460416	0.48433	0.487116	0.561941	0.577379	0.578042	0.562511	0.556511	0.567524	0.581571	0.581459	0.587385	0.587302	0.580623	0.580425	0.408316	0.409143	0.422555	0.408518	0.407621	0.409348	0.458524	0.441744	0.435801	0.441886	0.441623	0.429794	0.52315	0.465145	0.468868	0.468896	0.469741	0.46878	0.529681	0.559646	0.52971	0.526611	0.564997	0.576707	0.568728	0.573033	0.564751	0.56769	0.570152	0.566642
ERR612254	0.449662	0.448533	0.479208	0.461416	0.448987	0.471962	0.424557	0.362272	0.396756	0.354416	0.401151	0.393577	0.354654	0.341585	0.342604	0.353746	0.356201	0.342196	0.339122	0.342225	0.343107	0.343772	0.342555	0.343762	0	0.255657	0.254788	0.254106	0.276762	0.255079	0.344534	0.381547	0.347338	0.3481	0.336954	0.336806	0.33479	0.333232	0.340387	0.336621	0.343937	0.338611	0.366997	0.367907	0.366923	0.367668	0.366583	0.361655	0.501767	0.502512	0.541343	0.511633	0.534469	0.537373	0.582928	0.59673	0.597637	0.5845	0.575754	0.585727	0.587774	0.587786	0.597907	0.598091	0.593578	0.586507	0.459786	0.463932	0.477086	0.462064	0.461297	0.463277	0.516921	0.49361	0.490816	0.494862	0.493692	0.483171	0.570475	0.503981	0.509461	0.509197	0.509698	0.510216	0.546834	0.572731	0.546423	0.54243	0.58265	0.591657	0.554979	0.558517	0.555714	0.558432	0.560176	0.553368
ERR612251	0.442741	0.444958	0.481878	0.459008	0.443998	0.473894	0.434738	0.365398	0.403434	0.354889	0.408398	0.400149	0.358815	0.339067	0.341197	0.357266	0.360457	0.342729	0.339294	0.339547	0.33892	0.346531	0.34467	0.346801	0.255657	0	0.255186	0.254951	0.287708	0.259684	0.349474	0.391025	0.353248	0.35426	0.33747	0.334815	0.338852	0.336843	0.345583	0.341224	0.349975	0.343918	0.362188	0.370131	0.361493	0.369822	0.368429	0.358666	0.501109	0.501914	0.544258	0.512864	0.537303	0.540617	0.582537	0.59644	0.597088	0.58421	0.574305	0.584796	0.583525	0.583644	0.595499	0.595558	0.591784	0.582374	0.45989	0.465725	0.482585	0.464277	0.46321	0.466107	0.520834	0.494084	0.491225	0.495284	0.49425	0.482124	0.575632	0.502765	0.509714	0.509308	0.509973	0.510553	0.544676	0.569976	0.544338	0.539373	0.582164	0.590215	0.551482	0.554592	0.554141	0.557167	0.558418	0.549866
ERR612252	0.450548	0.449525	0.478868	0.463428	0.449852	0.471915	0.423303	0.36233	0.397494	0.354841	0.40202	0.394333	0.353208	0.342841	0.344042	0.352605	0.354862	0.342071	0.337779	0.340605	0.342357	0.341384	0.340135	0.341554	0.254788	0.255186	0	0.25367	0.278872	0.257189	0.339303	0.377794	0.342273	0.342863	0.332103	0.332408	0.331797	0.331066	0.337567	0.334291	0.340993	0.336325	0.366079	0.369417	0.36645	0.369022	0.367989	0.360397	0.499816	0.500417	0.539255	0.508468	0.53228	0.535191	0.582472	0.59715	0.597791	0.583337	0.57506	0.585723	0.589345	0.589281	0.599291	0.599213	0.594095	0.588073	0.455608	0.459184	0.473263	0.457874	0.457116	0.459344	0.514423	0.492536	0.489155	0.493836	0.492786	0.481665	0.567993	0.503181	0.50846	0.508141	0.508721	0.50889	0.548668	0.575875	0.548192	0.544085	0.585492	0.594937	0.55796	0.56171	0.558473	0.561223	0.563258	0.556433
ERR612253	0.447683	0.447021	0.477748	0.460299	0.447218	0.470559	0.42396	0.361488	0.396835	0.353877	0.40157	0.393762	0.352996	0.340736	0.341545	0.352317	0.354744	0.340862	0.338928	0.341819	0.342613	0.343937	0.342584	0.343888	0.254106	0.254951	0.25367	0	0.278609	0.256544	0.34421	0.381721	0.346777	0.34743	0.336292	0.335997	0.335805	0.334568	0.341597	0.338078	0.345186	0.340142	0.365866	0.368251	0.365986	0.368145	0.367049	0.360603	0.500512	0.501172	0.54048	0.510216	0.533455	0.536604	0.581766	0.596054	0.596801	0.583412	0.57471	0.584834	0.586974	0.586973	0.597317	0.597311	0.592754	0.585716	0.45922	0.463316	0.476923	0.461656	0.460644	0.463024	0.516399	0.493295	0.490186	0.494496	0.493485	0.482675	0.569103	0.503067	0.508678	0.508189	0.508903	0.509171	0.54758	0.573923	0.54736	0.54312	0.583852	0.592918	0.555626	0.55941	0.556715	0.559428	0.561178	0.554336
ERR612255	0.463499	0.45421	0.461744	0.459857	0.457556	0.457673	0.402556	0.364983	0.380145	0.365608	0.382767	0.3784	0.356641	0.359401	0.357708	0.355496	0.356104	0.352364	0.360014	0.37177	0.374011	0.358217	0.358693	0.357565	0.276762	0.287708	0.278872	0.278609	0	0.270956	0.350883	0.354399	0.348677	0.348614	0.352649	0.359592	0.350545	0.34894	0.35044	0.348953	0.352	0.349584	0.399902	0.371	0.399821	0.37027	0.370838	0.389799	0.507658	0.508119	0.528295	0.513711	0.523791	0.525449	0.579263	0.590171	0.590842	0.579945	0.574161	0.581432	0.593483	0.593295	0.59694	0.597074	0.591782	0.592197	0.471019	0.472012	0.46992	0.469661	0.469321	0.468394	0.503526	0.492457	0.490632	0.493285	0.492572	0.489291	0.552152	0.507072	0.508051	0.508017	0.508163	0.508942	0.550484	0.574306	0.549923	0.549578	0.575199	0.586042	0.561309	0.566988	0.554195	0.555524	0.558949	0.561144
ERR612256	0.451456	0.448911	0.4749	0.460148	0.44991	0.468472	0.419951	0.361939	0.39265	0.355553	0.396758	0.389726	0.354045	0.343798	0.344188	0.35298	0.354918	0.34292	0.341981	0.347242	0.34822	0.345203	0.344406	0.345177	0.255079	0.259684	0.257189	0.256544	0.270956	0	0.344499	0.374794	0.345927	0.346605	0.338668	0.340215	0.336869	0.335215	0.34117	0.337789	0.344311	0.339557	0.37279	0.366837	0.372601	0.366538	0.365775	0.366209	0.50225	0.502878	0.538156	0.511556	0.531751	0.534401	0.581723	0.594999	0.595809	0.583095	0.574969	0.584332	0.588291	0.588248	0.597105	0.597164	0.59259	0.586998	0.460988	0.464715	0.474207	0.462652	0.461965	0.463256	0.51349	0.492343	0.48976	0.493635	0.492577	0.483381	0.56641	0.50383	0.508723	0.508308	0.508836	0.509355	0.546392	0.572043	0.546136	0.54275	0.580155	0.58948	0.554412	0.558648	0.553652	0.556087	0.558349	0.553196
ERR605270	0.447848	0.439625	0.450889	0.454535	0.442143	0.446559	0.424369	0.384118	0.413339	0.383441	0.416985	0.410517	0.381381	0.392567	0.392017	0.384203	0.38484	0.381589	0.342331	0.349539	0.356549	0.33698	0.337469	0.337559	0.344534	0.349474	0.339303	0.34421	0.350883	0.344499	0	0.294511	0.25166	0.251855	0.256676	0.262934	0.347462	0.349925	0.349494	0.348624	0.351273	0.348968	0.360328	0.356748	0.363795	0.356376	0.355586	0.350802	0.463735	0.46326	0.490648	0.461201	0.483939	0.485728	0.545865	0.563028	0.563626	0.544297	0.540915	0.553256	0.580383	0.580081	0.584059	0.583753	0.573763	0.578886	0.408034	0.405288	0.411944	0.4059	0.404816	0.405694	0.459089	0.453345	0.447904	0.454149	0.453796	0.445208	0.515815	0.473585	0.473827	0.473847	0.474419	0.473462	0.541378	0.573091	0.540544	0.53881	0.575484	0.588838	0.559272	0.565052	0.552884	0.55502	0.559356	0.557877
ERR605267	0.467212	0.449155	0.429615	0.453013	0.455428	0.429823	0.40719	0.399758	0.400355	0.4077	0.401376	0.399807	0.395138	0.417859	0.414879	0.397305	0.395744	0.402065	0.387977	0.4039	0.409715	0.377916	0.38029	0.377579	0.381547	0.391025	0.377794	0.381721	0.354399	0.374794	0.294511	0	0.287304	0.286527	0.308785	0.324081	0.388022	0.388446	0.383899	0.384844	0.383598	0.383735	0.416468	0.371442	0.418109	0.37103	0.3721	0.402784	0.48397	0.48326	0.479344	0.47833	0.477454	0.477082	0.543198	0.554062	0.554647	0.53999	0.541083	0.548355	0.587972	0.58726	0.583069	0.583109	0.573139	0.586486	0.440227	0.434665	0.418202	0.434148	0.434159	0.430227	0.449272	0.461703	0.458686	0.46182	0.461599	0.465189	0.496939	0.485419	0.48032	0.480683	0.480552	0.480747	0.548243	0.573566	0.547055	0.550637	0.563391	0.578484	0.568221	0.575864	0.55118	0.551149	0.557283	0.568119
ERR605269	0.450878	0.44133	0.448002	0.454916	0.444323	0.444447	0.420951	0.38546	0.411018	0.386027	0.414517	0.408578	0.382118	0.395627	0.394692	0.384813	0.385303	0.384009	0.346412	0.355137	0.362173	0.340052	0.340965	0.340516	0.347338	0.353248	0.342273	0.346777	0.348677	0.345927	0.25166	0.287304	0	0.251266	0.260209	0.268909	0.349915	0.35237	0.35105	0.350863	0.352686	0.350629	0.366974	0.357856	0.370309	0.357508	0.356823	0.3567	0.465689	0.465208	0.489071	0.462372	0.482697	0.48406	0.546186	0.562759	0.563177	0.544054	0.541522	0.553331	0.582157	0.581761	0.584786	0.584491	0.574349	0.58073	0.410336	0.406866	0.410315	0.407615	0.406637	0.406631	0.457085	0.453849	0.448621	0.454711	0.454154	0.447152	0.513304	0.475037	0.474539	0.4747	0.475146	0.474315	0.542533	0.573837	0.541544	0.54052	0.57471	0.588235	0.56062	0.56679	0.552877	0.554815	0.559439	0.559429
ERR605268	0.452315	0.442141	0.447985	0.455789	0.445635	0.444785	0.420597	0.385609	0.410808	0.386648	0.413985	0.408257	0.382223	0.396634	0.395697	0.385257	0.38542	0.38466	0.346596	0.35606	0.363068	0.339788	0.340781	0.340358	0.3481	0.35426	0.342863	0.34743	0.348614	0.346605	0.251855	0.286527	0.251266	0	0.261353	0.270013	0.349786	0.352461	0.350893	0.350655	0.352152	0.350494	0.368179	0.357692	0.371534	0.357593	0.357056	0.357603	0.466074	0.465524	0.488729	0.462411	0.482288	0.483798	0.546485	0.563062	0.56344	0.544476	0.542015	0.553648	0.58313	0.58276	0.585541	0.585107	0.574885	0.581642	0.410558	0.406766	0.409629	0.407218	0.406406	0.406305	0.456855	0.45417	0.449232	0.45496	0.454557	0.447592	0.51258	0.475715	0.474993	0.47533	0.47555	0.474713	0.543414	0.574594	0.542473	0.541536	0.57518	0.588771	0.561563	0.567783	0.553506	0.555354	0.560097	0.560421
ERR605266	0.426168	0.422298	0.446148	0.43855	0.422458	0.440024	0.436067	0.381163	0.415085	0.375746	0.419471	0.412099	0.38022	0.379798	0.380846	0.381765	0.383429	0.374247	0.335096	0.338277	0.342639	0.335088	0.334516	0.335686	0.336954	0.33747	0.332103	0.336292	0.352649	0.338668	0.256676	0.308785	0.260209	0.261353	0	0.249755	0.34848	0.34928	0.352456	0.349906	0.355929	0.351123	0.345158	0.349671	0.347338	0.349841	0.347906	0.338717	0.45682	0.456647	0.49038	0.458845	0.483916	0.486413	0.537814	0.554052	0.554673	0.536965	0.531038	0.543556	0.564595	0.564421	0.570973	0.570465	0.562346	0.563252	0.40445	0.405816	0.418652	0.405998	0.404898	0.406819	0.460481	0.445892	0.441075	0.446831	0.44626	0.435535	0.521568	0.463559	0.466493	0.466405	0.467035	0.466937	0.527832	0.557781	0.526818	0.524126	0.563457	0.575229	0.543202	0.548532	0.539624	0.541834	0.54555	0.541779
ERR605265	0.420529	0.419662	0.451927	0.437835	0.419058	0.444564	0.443899	0.382751	0.421062	0.375004	0.42558	0.417611	0.382378	0.376576	0.378386	0.38336	0.385691	0.373689	0.332962	0.332424	0.335836	0.335671	0.334193	0.336403	0.336806	0.334815	0.332408	0.335997	0.359592	0.340215	0.262934	0.324081	0.268909	0.270013	0.249755	0	0.349203	0.349839	0.354906	0.35195	0.359284	0.353607	0.33741	0.351904	0.339468	0.352169	0.34988	0.332916	0.456119	0.456155	0.495676	0.460259	0.48838	0.491392	0.538682	0.555546	0.556104	0.538333	0.531191	0.544062	0.561344	0.561226	0.569895	0.569263	0.561744	0.559879	0.405565	0.408599	0.426957	0.408922	0.407742	0.410864	0.467261	0.447999	0.443211	0.449039	0.448328	0.435805	0.528595	0.463454	0.46784	0.467649	0.468412	0.468234	0.527358	0.557342	0.526522	0.522803	0.565589	0.57668	0.542626	0.54707	0.541404	0.543902	0.54709	0.540799
ERR636729	0.494309	0.489894	0.510525	0.503999	0.49245	0.505168	0.415751	0.364926	0.402564	0.360295	0.406351	0.398735	0.380482	0.382155	0.380551	0.381407	0.38381	0.373619	0.295971	0.309305	0.3152	0.289277	0.289347	0.289219	0.33479	0.338852	0.331797	0.335805	0.350545	0.336869	0.347462	0.388022	0.349915	0.349786	0.34848	0.349203	0	0.232526	0.234002	0.233386	0.234909	0.233559	0.357997	0.365135	0.360101	0.364555	0.363605	0.347735	0.492095	0.491919	0.531303	0.49666	0.522775	0.525664	0.600702	0.617143	0.617872	0.600941	0.595016	0.606893	0.620526	0.620608	0.627527	0.627453	0.620305	0.619164	0.441923	0.441594	0.457355	0.442112	0.441304	0.443315	0.498895	0.483962	0.477331	0.484533	0.483883	0.470672	0.559436	0.505005	0.509148	0.509118	0.509796	0.508414	0.574832	0.60425	0.574805	0.571188	0.610916	0.622011	0.610012	0.613913	0.607314	0.610216	0.612439	0.60765
ERR636728	0.491453	0.487409	0.510069	0.500497	0.490145	0.504412	0.419096	0.365303	0.402191	0.359464	0.406114	0.39839	0.383606	0.380907	0.379361	0.383928	0.386324	0.374365	0.293548	0.307798	0.311804	0.288055	0.287925	0.287813	0.333232	0.336843	0.331066	0.334568	0.34894	0.335215	0.349925	0.388446	0.35237	0.352461	0.34928	0.349839	0.232526	0	0.233678	0.232786	0.234703	0.233388	0.356512	0.360841	0.357685	0.360339	0.359345	0.346281	0.49217	0.492158	0.531374	0.498916	0.523223	0.526211	0.60023	0.615631	0.616437	0.600851	0.594444	0.605659	0.61813	0.618169	0.625266	0.625295	0.619121	0.61682	0.441974	0.442571	0.457717	0.442599	0.441876	0.443513	0.498922	0.48172	0.475572	0.482161	0.481685	0.468675	0.561265	0.503707	0.508544	0.50822	0.509255	0.508	0.571351	0.599346	0.571447	0.567739	0.606195	0.61673	0.605606	0.609314	0.602581	0.605543	0.607581	0.603355
ERR636730	0.505868	0.500373	0.516086	0.512551	0.503075	0.51137	0.416898	0.371821	0.405038	0.368823	0.408349	0.401549	0.389508	0.393819	0.391788	0.390319	0.392324	0.38375	0.299285	0.317263	0.323212	0.28959	0.290581	0.289405	0.340387	0.345583	0.337567	0.341597	0.35044	0.34117	0.349494	0.383899	0.35105	0.350893	0.352456	0.354906	0.234002	0.233678	0	0.229488	0.230526	0.228882	0.368001	0.367281	0.369926	0.366676	0.36623	0.356073	0.497256	0.496901	0.532615	0.501071	0.524735	0.52718	0.607195	0.622779	0.623523	0.607219	0.601849	0.613208	0.629523	0.629451	0.635111	0.635174	0.627876	0.628165	0.44183	0.440714	0.452427	0.440922	0.44027	0.44128	0.498242	0.485692	0.479231	0.486191	0.48569	0.473754	0.561059	0.511152	0.514289	0.514289	0.514893	0.513789	0.578282	0.607306	0.578396	0.575214	0.612399	0.623909	0.613438	0.617731	0.609323	0.612187	0.614698	0.611353
ERR636732	0.499068	0.49426	0.512789	0.506818	0.496771	0.507534	0.417179	0.368524	0.403092	0.364412	0.406519	0.399392	0.385996	0.387637	0.38598	0.386653	0.388913	0.37911	0.296318	0.313019	0.318358	0.288557	0.289099	0.288259	0.336621	0.341224	0.334291	0.338078	0.348953	0.337789	0.348624	0.384844	0.350863	0.350655	0.349906	0.35195	0.233386	0.232786	0.229488	0	0.231921	0.22948	0.362848	0.364351	0.364575	0.363535	0.362706	0.351736	0.49494	0.494854	0.531928	0.499786	0.524044	0.52663	0.604165	0.619535	0.620377	0.604431	0.598552	0.609774	0.624496	0.624504	0.630766	0.630879	0.623903	0.623232	0.441933	0.441474	0.454443	0.441743	0.440922	0.442121	0.498279	0.483664	0.477453	0.484119	0.483753	0.471374	0.561131	0.507969	0.511678	0.511543	0.512363	0.51126	0.574821	0.603472	0.574862	0.571479	0.609257	0.620457	0.609283	0.613338	0.605752	0.608733	0.611024	0.607165
ERR636727	0.511666	0.505531	0.519662	0.517216	0.508738	0.515198	0.417172	0.375361	0.407045	0.372962	0.410233	0.403728	0.393844	0.399402	0.397012	0.394779	0.396721	0.389247	0.301726	0.321422	0.327562	0.291038	0.292588	0.290464	0.343937	0.349975	0.340993	0.345186	0.352	0.344311	0.351273	0.383598	0.352686	0.352152	0.355929	0.359284	0.234909	0.234703	0.230526	0.231921	0	0.231189	0.372518	0.369665	0.374552	0.368856	0.368576	0.359966	0.499661	0.499361	0.533818	0.503255	0.525879	0.528089	0.610324	0.62577	0.626479	0.610276	0.605374	0.616316	0.633692	0.633635	0.638744	0.638789	0.631408	0.63235	0.442979	0.441013	0.45151	0.44139	0.440618	0.441278	0.498806	0.487458	0.480898	0.487841	0.487422	0.475838	0.561361	0.513932	0.516759	0.51686	0.517401	0.51603	0.581463	0.6105	0.581631	0.578597	0.614955	0.626607	0.616694	0.621089	0.611842	0.61475	0.61737	0.614559
ERR636731	0.502977	0.49763	0.514209	0.509917	0.500261	0.509127	0.41686	0.370281	0.404	0.366927	0.407421	0.400377	0.388214	0.391638	0.389765	0.389165	0.391219	0.382089	0.29752	0.315548	0.321097	0.288513	0.289471	0.288177	0.338611	0.343918	0.336325	0.340142	0.349584	0.339557	0.348968	0.383735	0.350629	0.350494	0.351123	0.353607	0.233559	0.233388	0.228882	0.22948	0.231189	0	0.366084	0.365533	0.367985	0.364837	0.364291	0.35442	0.496217	0.495853	0.531974	0.500371	0.524106	0.526564	0.605629	0.621099	0.621815	0.605766	0.600286	0.611495	0.627449	0.627441	0.633156	0.6332	0.626034	0.62616	0.441364	0.440364	0.452422	0.440685	0.440009	0.440951	0.497486	0.484191	0.477791	0.484668	0.48413	0.47226	0.560714	0.509594	0.512886	0.512861	0.513529	0.512441	0.57627	0.605137	0.576211	0.573035	0.610254	0.621676	0.611078	0.615313	0.607146	0.610008	0.612448	0.608909
ERR608837	0.395358	0.402942	0.459985	0.425536	0.401146	0.449998	0.464051	0.387356	0.434396	0.372857	0.439668	0.43045	0.388781	0.363721	0.366717	0.387541	0.391192	0.370355	0.309653	0.299932	0.29918	0.322269	0.31918	0.323513	0.366997	0.362188	0.366079	0.365866	0.399902	0.37279	0.360328	0.416468	0.366974	0.368179	0.345158	0.33741	0.357997	0.356512	0.368001	0.362848	0.372518	0.366084	0	0.290569	0.242567	0.290676	0.287579	0.244071	0.428923	0.429368	0.484308	0.442651	0.474885	0.479842	0.513596	0.530655	0.531354	0.516448	0.505405	0.517816	0.518284	0.518613	0.533409	0.533162	0.529247	0.517261	0.406385	0.414383	0.441951	0.413113	0.411725	0.417363	0.463251	0.429646	0.425571	0.430538	0.430042	0.413432	0.519364	0.430516	0.440528	0.439765	0.441223	0.44041	0.489058	0.517209	0.489121	0.482728	0.532288	0.540224	0.518509	0.520972	0.522782	0.526229	0.526869	0.516069
ERR608839	0.393544	0.386446	0.4122	0.394266	0.390093	0.40541	0.425796	0.368976	0.391377	0.36382	0.394696	0.389372	0.373102	0.360362	0.359817	0.370356	0.372507	0.360783	0.320797	0.329409	0.328342	0.325577	0.325305	0.325374	0.367907	0.370131	0.369417	0.368251	0.371	0.366837	0.356748	0.371442	0.357856	0.357692	0.349671	0.351904	0.365135	0.360841	0.367281	0.364351	0.369665	0.365533	0.290569	0	0.288613	0.250855	0.250624	0.27923	0.429168	0.429537	0.452961	0.441426	0.448222	0.451171	0.49544	0.504234	0.504909	0.497224	0.490409	0.495804	0.511649	0.511188	0.514885	0.515365	0.512074	0.510751	0.416931	0.421815	0.425026	0.418532	0.418293	0.418245	0.431397	0.411529	0.410181	0.411507	0.411404	0.408535	0.483703	0.420406	0.424049	0.423782	0.424613	0.425255	0.473398	0.494654	0.473176	0.473723	0.495606	0.505639	0.506361	0.511405	0.497778	0.49881	0.502027	0.50547
ERR608836	0.392431	0.400821	0.459666	0.422867	0.398792	0.449473	0.466616	0.388214	0.43486	0.372829	0.439911	0.431018	0.391317	0.362919	0.365844	0.389513	0.393314	0.371177	0.310475	0.301147	0.298767	0.324332	0.320868	0.325108	0.366923	0.361493	0.36645	0.365986	0.399821	0.372601	0.363795	0.418109	0.370309	0.371534	0.347338	0.339468	0.360101	0.357685	0.369926	0.364575	0.374552	0.367985	0.242567	0.288613	0	0.288952	0.285363	0.245164	0.430417	0.431096	0.485877	0.446091	0.476575	0.481654	0.514193	0.530242	0.530955	0.517291	0.505637	0.517583	0.516026	0.516389	0.531696	0.531376	0.528538	0.515007	0.408571	0.417432	0.444533	0.415911	0.414604	0.42015	0.464865	0.429336	0.42582	0.430141	0.429716	0.413199	0.521831	0.430423	0.44108	0.440433	0.441809	0.441308	0.486318	0.512968	0.486323	0.480085	0.528499	0.535822	0.51431	0.516579	0.518641	0.521999	0.522601	0.511807
