	ERR612548	ERR612552	ERR612547	ERR612549	ERR612551	ERR612550	ERR636885	ERR636883	ERR636886	ERR636884	ERR636887	ERR636888	ERR622232	ERR622231	ERR622228	ERR622227	ERR622230	ERR622229	ERR612940	ERR612944	ERR612939	ERR612943	ERR612941	ERR612942	ERR608852	ERR608851	ERR608848	ERR608849	ERR608847	ERR608850	ERR618754	ERR618758	ERR618753	ERR618757	ERR618755	ERR618756	ERR622206	ERR622204	ERR622203	ERR622205	ERR622207	ERR622208	ERR636774	ERR636771	ERR636770	ERR636772	ERR636769	ERR636773	ERR607462	ERR607460	ERR607461	ERR607459	ERR607457	ERR607458	ERR626708	ERR626706	ERR626707	ERR626709	ERR626704	ERR626705	ERR617267	ERR617269	ERR617265	ERR617270	ERR617266	ERR617268	ERR617510	ERR617507	ERR617508	ERR617509	ERR617506	ERR617505	ERR621964	ERR621963	ERR621962	ERR621965	ERR621961	ERR621966	ERR608706	ERR608703	ERR608704	ERR608702	ERR608705	ERR608701	ERR607484	ERR607483	ERR607481	ERR607482	ERR607486	ERR607485	ERR608087	ERR608088	ERR608091	ERR608092	ERR608089	ERR608090
ERR612548	0	0.784834	0.756971	0.763186	0.782206	0.78335	0.866854	0.872965	0.905912	0.869126	0.903211	0.906171	1.1022	1.10318	1.07523	1.07998	1.10397	1.07465	0.95445	0.961595	0.954337	0.960535	0.955186	0.966816	0.849108	0.850516	0.855306	0.844704	0.895424	0.850605	0.938521	0.927977	0.932642	0.931634	0.93773	0.931314	0.945483	0.913824	0.918438	0.912301	0.944258	0.942731	0.932314	0.933407	0.933903	0.933346	0.941535	0.933341	1.11682	1.11818	1.1189	1.12869	1.1281	1.12579	1.09296	1.10052	1.09334	1.09298	1.08002	1.08803	1.10711	1.09814	1.10891	1.09755	1.10788	1.09737	1.11671	1.11215	1.12256	1.11917	1.11246	1.11547	1.02333	1.03965	1.03848	1.02399	1.03049	1.02117	1.10753	1.10165	1.10702	1.10606	1.10728	1.13344	1.11464	1.12483	1.1245	1.12271	1.11388	1.1148	1.10392	1.1021	1.09407	1.09239	1.10376	1.09347
ERR612552	0.784834	0	0.748447	0.756377	0.769091	0.770539	0.859436	0.865549	0.899051	0.861317	0.89675	0.899658	1.09646	1.09789	1.0697	1.07429	1.09839	1.06912	0.944758	0.952696	0.944417	0.951044	0.945787	0.958423	0.842518	0.843713	0.848635	0.837382	0.891739	0.843668	0.932897	0.92109	0.926441	0.924857	0.93152	0.924833	0.939068	0.906752	0.912032	0.906077	0.937677	0.936364	0.92629	0.928028	0.92821	0.927608	0.936078	0.927318	1.11204	1.11351	1.11422	1.12404	1.12407	1.12112	1.08766	1.09621	1.08842	1.08807	1.07488	1.083	1.10148	1.09219	1.10391	1.09152	1.10244	1.09129	1.11175	1.10657	1.11738	1.11381	1.1073	1.11065	1.01678	1.03364	1.03245	1.01743	1.02416	1.01481	1.10263	1.0966	1.10216	1.10137	1.10261	1.12987	1.10931	1.1202	1.11965	1.11771	1.10877	1.1096	1.09929	1.09712	1.0888	1.08701	1.09896	1.08806
ERR612547	0.756971	0.748447	0	0.72302	0.745464	0.746955	0.838208	0.844782	0.883401	0.839509	0.880593	0.883669	1.08058	1.08168	1.05214	1.05733	1.08246	1.05171	0.927411	0.937436	0.92656	0.93487	0.928494	0.943171	0.820528	0.822222	0.827856	0.814553	0.87699	0.821704	0.912787	0.900389	0.905836	0.904001	0.911294	0.904467	0.919967	0.884252	0.890376	0.883349	0.918539	0.917116	0.905651	0.907756	0.90727	0.906858	0.916701	0.906628	1.09609	1.09773	1.09862	1.10942	1.10896	1.10629	1.07138	1.08102	1.072	1.07166	1.05764	1.06649	1.08537	1.07506	1.08792	1.0744	1.08618	1.07421	1.09658	1.09109	1.10228	1.09867	1.0916	1.09517	0.996254	1.01473	1.01377	0.997099	1.0043	0.994181	1.08643	1.07996	1.08625	1.08525	1.08657	1.11579	1.09338	1.10483	1.10443	1.1025	1.09252	1.0935	1.08324	1.08096	1.07184	1.06987	1.08265	1.07121
ERR612549	0.763186	0.756377	0.72302	0	0.752862	0.754609	0.843971	0.850486	0.888469	0.846259	0.885671	0.88896	1.08621	1.08756	1.05722	1.0619	1.08787	1.05634	0.93654	0.945186	0.936966	0.944098	0.937651	0.951266	0.824753	0.825878	0.831317	0.819734	0.876578	0.8263	0.916368	0.905584	0.910132	0.908716	0.915374	0.908887	0.927257	0.891104	0.896044	0.889679	0.925916	0.924572	0.910305	0.911053	0.912062	0.910926	0.920293	0.911072	1.10071	1.10217	1.10305	1.11314	1.11238	1.11002	1.07587	1.0838	1.07648	1.07631	1.06228	1.07054	1.09067	1.08112	1.09209	1.08073	1.0914	1.08054	1.10131	1.09654	1.10773	1.10398	1.09679	1.09963	1.0019	1.01974	1.01844	1.00264	1.01006	0.999919	1.09063	1.08439	1.09008	1.08911	1.09034	1.11768	1.09863	1.10958	1.10853	1.10712	1.09793	1.0987	1.08716	1.08527	1.07669	1.075	1.08697	1.07615
ERR612551	0.782206	0.769091	0.745464	0.752862	0	0.767577	0.8574	0.863108	0.897164	0.858985	0.894586	0.897694	1.09614	1.0973	1.06897	1.07354	1.09772	1.06835	0.943785	0.951601	0.943644	0.949794	0.944497	0.957028	0.839408	0.840752	0.845583	0.834403	0.888556	0.840559	0.930594	0.919507	0.924565	0.922751	0.929693	0.922985	0.937017	0.904354	0.909338	0.902937	0.93534	0.934242	0.924291	0.925753	0.925968	0.925156	0.933748	0.924905	1.11109	1.11248	1.1134	1.1231	1.12306	1.12036	1.08738	1.09571	1.08829	1.08762	1.07459	1.0828	1.10107	1.09154	1.10289	1.091	1.10182	1.0908	1.11114	1.10621	1.11714	1.11345	1.10678	1.11005	1.01569	1.03255	1.03144	1.01623	1.02327	1.01344	1.10139	1.0955	1.10116	1.10008	1.10134	1.12828	1.10908	1.11976	1.11916	1.11731	1.10832	1.10901	1.09822	1.09587	1.0877	1.08617	1.09776	1.08743
ERR612550	0.78335	0.770539	0.746955	0.754609	0.767577	0	0.858458	0.864902	0.89872	0.860325	0.895573	0.898762	1.09521	1.09634	1.06825	1.0731	1.09692	1.06747	0.944657	0.952237	0.944256	0.950852	0.945684	0.957951	0.841492	0.842701	0.847734	0.836204	0.89106	0.842525	0.931656	0.92028	0.92562	0.92378	0.930587	0.924147	0.937724	0.90509	0.910498	0.904231	0.936309	0.935196	0.924917	0.926454	0.926717	0.926028	0.934639	0.926134	1.11041	1.11189	1.11279	1.1228	1.12245	1.11991	1.08661	1.09523	1.08728	1.08681	1.07363	1.08209	1.09988	1.09039	1.1022	1.08984	1.10081	1.08964	1.11033	1.10524	1.11612	1.11248	1.10572	1.10896	1.01474	1.03215	1.03067	1.01572	1.02258	1.01295	1.10119	1.09506	1.10056	1.09974	1.10089	1.12835	1.1081	1.11889	1.11841	1.11639	1.10725	1.10817	1.09799	1.09572	1.08705	1.08554	1.09739	1.0869
ERR636885	0.866854	0.859436	0.838208	0.843971	0.8574	0.858458	0	0.778807	0.823564	0.774406	0.82009	0.82395	1.07733	1.07877	1.04895	1.05395	1.07936	1.0483	0.964157	0.971784	0.964558	0.970168	0.965683	0.976993	0.838196	0.840125	0.843638	0.832072	0.886951	0.838602	0.919371	0.906555	0.912582	0.909905	0.917608	0.910896	0.90461	0.869893	0.874924	0.8684	0.903031	0.901576	0.891296	0.892678	0.892393	0.892886	0.900318	0.892453	1.09812	1.0998	1.10069	1.11106	1.11092	1.10798	1.0641	1.07255	1.06486	1.06445	1.05196	1.05949	1.08654	1.07697	1.08891	1.07634	1.0874	1.07627	1.09831	1.09342	1.1043	1.09997	1.09356	1.097	1.03225	1.04844	1.04724	1.03344	1.03966	1.0307	1.0873	1.08093	1.08658	1.08566	1.08687	1.11466	1.10032	1.11121	1.11081	1.1087	1.09952	1.1003	1.08216	1.08029	1.07121	1.06957	1.08205	1.07031
ERR636883	0.872965	0.865549	0.844782	0.850486	0.863108	0.864902	0.778807	0	0.827615	0.780822	0.824331	0.828054	1.08221	1.08347	1.05391	1.05907	1.08397	1.05358	0.968713	0.976167	0.969091	0.974545	0.969977	0.981444	0.844323	0.845855	0.84913	0.838357	0.891095	0.84457	0.925521	0.913266	0.919264	0.916464	0.923523	0.917359	0.909273	0.875868	0.881132	0.874691	0.907701	0.906829	0.897849	0.898829	0.898523	0.899129	0.905728	0.898449	1.10289	1.10424	1.10546	1.11579	1.11565	1.11253	1.06869	1.07709	1.06933	1.0691	1.05684	1.06444	1.09156	1.0818	1.09357	1.08133	1.09222	1.08106	1.10281	1.0979	1.10861	1.10461	1.09812	1.1016	1.03775	1.05376	1.05253	1.0388	1.04509	1.03607	1.09236	1.08603	1.09166	1.09094	1.09199	1.11921	1.105	1.11622	1.11564	1.11351	1.10441	1.10492	1.0871	1.08488	1.07584	1.07417	1.08685	1.07518
ERR636886	0.905912	0.899051	0.883401	0.888469	0.897164	0.89872	0.823564	0.827615	0	0.823941	0.851287	0.853775	1.10887	1.10985	1.08479	1.08973	1.11025	1.08517	0.988893	0.994674	0.988899	0.99293	0.990032	0.998798	0.881126	0.882791	0.885598	0.876665	0.921146	0.881595	0.962014	0.949362	0.955982	0.952732	0.960381	0.953557	0.939245	0.914344	0.919032	0.914083	0.937846	0.937091	0.935272	0.936961	0.935791	0.936617	0.94188	0.935892	1.13036	1.13189	1.13248	1.14194	1.14212	1.13931	1.09911	1.10743	1.09934	1.09931	1.08881	1.09558	1.11856	1.10938	1.12132	1.10893	1.11899	1.10885	1.12863	1.12373	1.1332	1.12956	1.12391	1.12791	1.06923	1.08392	1.08302	1.0704	1.07594	1.06813	1.12085	1.11473	1.12012	1.11949	1.12038	1.14639	1.13163	1.14163	1.14147	1.1394	1.13107	1.13148	1.11585	1.11382	1.10525	1.10394	1.11539	1.1049
ERR636884	0.869126	0.861317	0.839509	0.846259	0.858985	0.860325	0.774406	0.780822	0.823941	0	0.820978	0.824322	1.07773	1.07882	1.0495	1.05472	1.07926	1.04947	0.962305	0.971009	0.962185	0.968484	0.96361	0.975969	0.840984	0.842716	0.845973	0.834446	0.890713	0.841014	0.921707	0.908927	0.915046	0.912513	0.92002	0.912972	0.90446	0.870759	0.876571	0.870138	0.903022	0.901859	0.893714	0.895684	0.894486	0.895504	0.902835	0.89461	1.09915	1.10073	1.10148	1.11202	1.11216	1.10906	1.06523	1.07456	1.06601	1.06576	1.05337	1.06112	1.08729	1.07716	1.08992	1.07661	1.08761	1.0764	1.09889	1.09365	1.10432	1.10029	1.09382	1.09778	1.03352	1.04976	1.04853	1.03468	1.0408	1.03184	1.0887	1.082	1.08804	1.08705	1.0882	1.11698	1.10065	1.11192	1.11143	1.10937	1.09993	1.10085	1.08336	1.0811	1.07208	1.07045	1.08311	1.07098
ERR636887	0.903211	0.89675	0.880593	0.885671	0.894586	0.895573	0.82009	0.824331	0.851287	0.820978	0	0.851129	1.10787	1.10887	1.0832	1.08777	1.10936	1.08321	0.987436	0.992886	0.987565	0.991435	0.988648	0.997581	0.8783	0.880005	0.882748	0.873351	0.918137	0.878632	0.958378	0.946017	0.952888	0.949315	0.956745	0.949986	0.936978	0.911467	0.916376	0.911082	0.935913	0.935125	0.931983	0.933585	0.932354	0.933329	0.939002	0.933084	1.12871	1.13026	1.13078	1.1403	1.14024	1.13757	1.09736	1.10604	1.09793	1.09794	1.08737	1.09361	1.11694	1.10781	1.11959	1.10744	1.11764	1.1073	1.12716	1.12229	1.13162	1.12834	1.12251	1.12633	1.06793	1.08227	1.08155	1.06927	1.07446	1.06679	1.11905	1.11314	1.11818	1.11761	1.11869	1.14454	1.13001	1.14015	1.14005	1.13798	1.1293	1.13002	1.11441	1.11208	1.1038	1.1025	1.11379	1.10328
ERR636888	0.906171	0.899658	0.883669	0.88896	0.897694	0.898762	0.82395	0.828054	0.853775	0.824322	0.851129	0	1.10995	1.11106	1.08572	1.09018	1.11127	1.08573	0.989837	0.995142	0.989941	0.993877	0.990904	0.999391	0.881325	0.883118	0.885908	0.876876	0.92066	0.882196	0.961535	0.949037	0.955561	0.952522	0.960068	0.953067	0.940588	0.915172	0.919432	0.914844	0.939157	0.938149	0.935302	0.937062	0.936397	0.93688	0.942198	0.936218	1.13085	1.13245	1.13271	1.14243	1.14248	1.13995	1.10001	1.10802	1.1007	1.10052	1.08957	1.09632	1.11901	1.1099	1.12153	1.10952	1.11942	1.10929	1.12929	1.12465	1.13384	1.13038	1.12473	1.12863	1.07064	1.085	1.0842	1.07142	1.07709	1.06914	1.12112	1.11541	1.12044	1.12002	1.1209	1.14644	1.1321	1.14215	1.14187	1.14	1.13139	1.13212	1.11635	1.11422	1.10606	1.10474	1.11589	1.10561
ERR622232	1.1022	1.09646	1.08058	1.08621	1.09614	1.09521	1.07733	1.08221	1.10887	1.07773	1.10787	1.10995	0	0.833806	0.801389	0.810712	0.834926	0.802213	1.10744	1.11786	1.1065	1.11477	1.10854	1.12075	1.09024	1.09101	1.09441	1.08537	1.12576	1.09024	1.06548	1.05742	1.0595	1.05921	1.06406	1.05973	1.07158	1.04454	1.05062	1.04502	1.07074	1.07014	1.06363	1.06571	1.06483	1.0646	1.07253	1.0648	0.966271	0.967324	0.967756	0.982131	0.983089	0.979143	0.916227	0.932935	0.918265	0.91758	0.902054	0.912224	0.924066	0.910384	0.92927	0.910063	0.924321	0.910013	0.959567	0.951566	0.965509	0.960772	0.951212	0.959086	0.950333	0.969397	0.968272	0.952094	0.958695	0.948797	0.926225	0.918043	0.925804	0.925432	0.925597	0.967748	0.947289	0.961717	0.96236	0.959178	0.946183	0.947495	0.930435	0.927439	0.914778	0.913642	0.92917	0.914675
ERR622231	1.10318	1.09789	1.08168	1.08756	1.0973	1.09634	1.07877	1.08347	1.10985	1.07882	1.10887	1.11106	0.833806	0	0.803045	0.812537	0.836118	0.80415	1.10843	1.11862	1.10759	1.11573	1.10972	1.12169	1.09163	1.09249	1.09588	1.08663	1.1269	1.09172	1.06629	1.05832	1.06064	1.06021	1.06492	1.06058	1.07268	1.04612	1.05195	1.04619	1.072	1.07175	1.06476	1.06698	1.06586	1.06585	1.0738	1.06583	0.96738	0.968339	0.969072	0.983213	0.983639	0.980189	0.918188	0.934974	0.920602	0.919357	0.904143	0.914359	0.925826	0.912053	0.931257	0.911675	0.926004	0.911867	0.960743	0.952331	0.966288	0.961451	0.952032	0.960555	0.951388	0.970197	0.969236	0.953107	0.959266	0.949871	0.92789	0.919829	0.927717	0.927126	0.927208	0.969462	0.948657	0.962643	0.963004	0.960195	0.947466	0.948611	0.931654	0.928826	0.916365	0.915076	0.930735	0.916263
ERR622228	1.07523	1.0697	1.05214	1.05722	1.06897	1.06825	1.04895	1.05391	1.08479	1.0495	1.0832	1.08572	0.801389	0.803045	0	0.764982	0.803516	0.754916	1.08869	1.09949	1.08814	1.09659	1.08984	1.10313	1.06127	1.06215	1.06614	1.05646	1.09902	1.06157	1.03552	1.02802	1.02937	1.0298	1.03444	1.02996	1.04533	1.01383	1.01971	1.01336	1.04404	1.04384	1.03297	1.03476	1.03422	1.03374	1.04246	1.03388	0.933631	0.934603	0.935687	0.950725	0.951352	0.947692	0.880985	0.897634	0.883976	0.882338	0.863235	0.874985	0.889662	0.874599	0.894046	0.873874	0.890193	0.873782	0.929735	0.921431	0.93769	0.931982	0.920926	0.928658	0.919568	0.940343	0.939082	0.92102	0.928406	0.916749	0.893017	0.88341	0.892584	0.891212	0.892007	0.938037	0.916936	0.933129	0.933004	0.929959	0.916111	0.917046	0.896869	0.894011	0.880515	0.878746	0.896528	0.880067
ERR622227	1.07998	1.07429	1.05733	1.0619	1.07354	1.0731	1.05395	1.05907	1.08973	1.05472	1.08777	1.09018	0.810712	0.812537	0.764982	0	0.81317	0.764285	1.09574	1.10567	1.09529	1.10338	1.09674	1.10946	1.06519	1.06599	1.06968	1.06079	1.10095	1.06575	1.03908	1.03227	1.03316	1.03403	1.03819	1.03402	1.05133	1.02011	1.02488	1.01899	1.05033	1.05019	1.03692	1.03824	1.03856	1.03777	1.04632	1.03799	0.939647	0.940435	0.941599	0.955856	0.956083	0.952342	0.887697	0.903158	0.890742	0.889586	0.870763	0.882207	0.896908	0.883002	0.899946	0.882354	0.897878	0.882644	0.936258	0.928952	0.944728	0.939276	0.92847	0.934785	0.925799	0.945293	0.94392	0.926883	0.934229	0.92283	0.898245	0.889699	0.897866	0.896628	0.897317	0.939827	0.923404	0.938781	0.938404	0.93545	0.922678	0.923268	0.902026	0.899714	0.887083	0.885596	0.902263	0.886479
ERR622230	1.10397	1.09839	1.08246	1.08787	1.09772	1.09692	1.07936	1.08397	1.11025	1.07926	1.10936	1.11127	0.834926	0.836118	0.803516	0.81317	0	0.805188	1.10927	1.11929	1.1081	1.1163	1.11027	1.12214	1.09192	1.09268	1.0961	1.08698	1.12694	1.09182	1.0671	1.05881	1.06087	1.0606	1.06534	1.0609	1.07332	1.0464	1.05246	1.0469	1.07259	1.0719	1.0654	1.06768	1.0663	1.06632	1.07428	1.06641	0.968187	0.969011	0.969864	0.983631	0.984807	0.980978	0.919068	0.935653	0.921612	0.920196	0.905014	0.915157	0.926526	0.912682	0.931562	0.912394	0.926427	0.912215	0.961497	0.953441	0.967211	0.962373	0.952722	0.960947	0.952909	0.971519	0.970568	0.954491	0.960825	0.951342	0.929042	0.920654	0.928505	0.927841	0.928117	0.969951	0.94939	0.963441	0.964588	0.961039	0.948541	0.949578	0.932914	0.93005	0.917374	0.916297	0.93169	0.917672
ERR622229	1.07465	1.06912	1.05171	1.05634	1.06835	1.06747	1.0483	1.05358	1.08517	1.04947	1.08321	1.08573	0.802213	0.80415	0.754916	0.764285	0.805188	0	1.09059	1.10091	1.09004	1.09821	1.09176	1.10442	1.06029	1.06103	1.06467	1.05561	1.09688	1.06037	1.0338	1.02703	1.02768	1.02815	1.03274	1.02884	1.04561	1.01344	1.0189	1.01268	1.04441	1.04419	1.0315	1.03289	1.03313	1.03212	1.04099	1.03236	0.932368	0.933429	0.934497	0.949553	0.94905	0.946216	0.88078	0.896562	0.883649	0.882341	0.862599	0.874847	0.889638	0.875048	0.892687	0.87409	0.890407	0.874223	0.92887	0.92131	0.937736	0.932025	0.920593	0.927455	0.918678	0.939493	0.93797	0.920067	0.927685	0.916293	0.891444	0.88297	0.891164	0.889864	0.890951	0.935162	0.916737	0.932385	0.931987	0.929312	0.915779	0.916913	0.895761	0.892836	0.879518	0.877888	0.895558	0.879461
ERR612940	0.95445	0.944758	0.927411	0.93654	0.943785	0.944657	0.964157	0.968713	0.988893	0.962305	0.987436	0.989837	1.10744	1.10843	1.08869	1.09574	1.10927	1.09059	0	0.768637	0.741047	0.757052	0.745861	0.773352	0.983188	0.983922	0.988267	0.977186	1.02795	0.982751	0.98848	0.973146	0.982077	0.977537	0.986539	0.977575	0.960987	0.938226	0.947486	0.941094	0.961148	0.959225	0.95441	0.958828	0.95557	0.955697	0.964554	0.955114	1.1335	1.13463	1.13484	1.14505	1.14644	1.14322	1.10783	1.12134	1.10901	1.1084	1.09694	1.10559	1.1065	1.09463	1.11378	1.09386	1.10565	1.0944	1.12111	1.11333	1.12316	1.11977	1.11353	1.12151	1.06468	1.0808	1.0805	1.06645	1.07184	1.06358	1.12007	1.11366	1.11964	1.11955	1.11998	1.15135	1.12691	1.13717	1.13849	1.13623	1.12582	1.12666	1.1198	1.11764	1.1077	1.10653	1.11797	1.10815
ERR612944	0.961595	0.952696	0.937436	0.945186	0.951601	0.952237	0.971784	0.976167	0.994674	0.971009	0.992886	0.995142	1.11786	1.11862	1.09949	1.10567	1.11929	1.10091	0.768637	0	0.766713	0.770536	0.769927	0.784948	0.989123	0.989629	0.993905	0.984048	1.03035	0.989166	0.994355	0.979701	0.988702	0.983892	0.992496	0.98378	0.970967	0.949066	0.957941	0.951463	0.971006	0.969118	0.961357	0.96578	0.963501	0.962876	0.971245	0.962356	1.14186	1.14307	1.14334	1.15303	1.15393	1.15152	1.11754	1.1301	1.11866	1.11826	1.10719	1.11537	1.11633	1.10545	1.12307	1.1046	1.11546	1.10498	1.12977	1.12275	1.1323	1.12944	1.12288	1.13029	1.07492	1.09017	1.09007	1.07639	1.08187	1.07412	1.12847	1.12312	1.12792	1.12856	1.12859	1.15833	1.13628	1.14593	1.14683	1.14497	1.13522	1.13615	1.12862	1.12666	1.11758	1.11646	1.12719	1.11797
ERR612939	0.954337	0.944417	0.92656	0.936966	0.943644	0.944256	0.964558	0.969091	0.988899	0.962185	0.987565	0.989941	1.1065	1.10759	1.08814	1.09529	1.1081	1.09004	0.741047	0.766713	0	0.754677	0.742901	0.771146	0.983945	0.98484	0.988833	0.977493	1.02931	0.983083	0.989503	0.973362	0.982708	0.978195	0.987389	0.97819	0.959503	0.936868	0.946823	0.940421	0.959773	0.957478	0.955086	0.960184	0.956313	0.956926	0.965295	0.956173	1.13296	1.13416	1.13468	1.14488	1.14631	1.14341	1.10732	1.12151	1.10838	1.10819	1.09639	1.10527	1.1056	1.09351	1.11366	1.09264	1.10487	1.09304	1.12043	1.11259	1.1222	1.11895	1.11275	1.1213	1.06395	1.08046	1.0805	1.06605	1.07144	1.06345	1.12003	1.1135	1.11918	1.11959	1.11988	1.15216	1.12653	1.13682	1.13817	1.13595	1.12531	1.12618	1.11959	1.11725	1.10714	1.10584	1.11787	1.10758
ERR612943	0.960535	0.951044	0.93487	0.944098	0.949794	0.950852	0.970168	0.974545	0.99293	0.968484	0.991435	0.993877	1.11477	1.11573	1.09659	1.10338	1.1163	1.09821	0.757052	0.770536	0.754677	0	0.759149	0.776489	0.988409	0.989294	0.993365	0.982977	1.03145	0.988045	0.99419	0.978787	0.988052	0.983166	0.992241	0.982991	0.966894	0.945568	0.954851	0.947692	0.967028	0.965055	0.960788	0.964991	0.962303	0.962085	0.970516	0.961649	1.14033	1.14173	1.14169	1.15132	1.15296	1.15004	1.11535	1.1284	1.11651	1.11627	1.10469	1.11319	1.11367	1.10212	1.12096	1.10164	1.11307	1.10186	1.12807	1.12047	1.12998	1.12665	1.12052	1.1283	1.07249	1.08826	1.08807	1.07424	1.07958	1.07197	1.12677	1.12079	1.12626	1.12668	1.12703	1.15754	1.13433	1.1442	1.14527	1.14294	1.13309	1.1337	1.12686	1.12472	1.1153	1.11396	1.12512	1.11563
ERR612941	0.955186	0.945787	0.928494	0.937651	0.944497	0.945684	0.965683	0.969977	0.990032	0.96361	0.988648	0.990904	1.10854	1.10972	1.08984	1.09674	1.11027	1.09176	0.745861	0.769927	0.742901	0.759149	0	0.775118	0.984123	0.984855	0.989186	0.978259	1.02864	0.983476	0.989745	0.97437	0.983595	0.978859	0.987812	0.978675	0.961462	0.939071	0.948508	0.941653	0.961607	0.95982	0.955882	0.960302	0.956558	0.957104	0.965866	0.956649	1.13429	1.13589	1.13589	1.14615	1.14743	1.14448	1.10906	1.12227	1.11019	1.10974	1.09802	1.10681	1.10754	1.09579	1.11503	1.09489	1.10664	1.09539	1.12216	1.11442	1.12425	1.12097	1.11456	1.12288	1.06551	1.08171	1.08146	1.0674	1.07269	1.0648	1.12144	1.11459	1.12047	1.12085	1.12105	1.15251	1.12787	1.1383	1.13937	1.13724	1.12691	1.12758	1.12038	1.1184	1.10857	1.10714	1.11848	1.10881
ERR612942	0.966816	0.958423	0.943171	0.951266	0.957028	0.957951	0.976993	0.981444	0.998798	0.975969	0.997581	0.999391	1.12075	1.12169	1.10313	1.10946	1.12214	1.10442	0.773352	0.784948	0.771146	0.776489	0.775118	0	0.994507	0.995264	0.999264	0.989432	1.03553	0.994095	1.00009	0.985136	0.99434	0.989423	0.998403	0.989413	0.974362	0.953489	0.962364	0.955959	0.974507	0.97269	0.96745	0.971992	0.969075	0.969077	0.976873	0.968866	1.14513	1.14654	1.14653	1.15608	1.1575	1.15475	1.12125	1.13383	1.12233	1.12207	1.11069	1.1191	1.1198	1.10899	1.12667	1.10821	1.11929	1.10856	1.13275	1.12575	1.13529	1.1321	1.12599	1.13331	1.07943	1.0945	1.09432	1.08093	1.08608	1.0787	1.13218	1.12642	1.13151	1.13209	1.13221	1.16171	1.13938	1.14901	1.15003	1.14778	1.13834	1.13903	1.13219	1.13022	1.12098	1.12001	1.13056	1.12142
ERR608852	0.849108	0.842518	0.820528	0.824753	0.839408	0.841492	0.838196	0.844323	0.881126	0.840984	0.8783	0.881325	1.09024	1.09163	1.06127	1.06519	1.09192	1.06029	0.983188	0.989123	0.983945	0.988409	0.984123	0.994507	0	0.775584	0.783969	0.773159	0.826877	0.775675	0.903074	0.892976	0.897656	0.895537	0.90213	0.896178	0.924983	0.889498	0.893815	0.887324	0.92326	0.922318	0.899713	0.90057	0.902129	0.900843	0.9093	0.900861	1.10539	1.10653	1.10768	1.11754	1.11681	1.11412	1.07838	1.08503	1.07915	1.07859	1.0651	1.07309	1.09633	1.08717	1.09686	1.08656	1.09708	1.08646	1.10853	1.10427	1.11512	1.11159	1.10445	1.10682	1.03901	1.05438	1.05315	1.03934	1.04589	1.03689	1.09382	1.08822	1.09351	1.0924	1.09389	1.11982	1.10697	1.11754	1.11659	1.11518	1.1064	1.10726	1.0903	1.08816	1.08039	1.07847	1.09043	1.0794
ERR608851	0.850516	0.843713	0.822222	0.825878	0.840752	0.842701	0.840125	0.845855	0.882791	0.842716	0.880005	0.883118	1.09101	1.09249	1.06215	1.06599	1.09268	1.06103	0.983922	0.989629	0.98484	0.989294	0.984855	0.995264	0.775584	0	0.784938	0.774276	0.827879	0.77672	0.903847	0.894075	0.898796	0.896846	0.903217	0.897255	0.92624	0.891042	0.895204	0.888706	0.924585	0.924002	0.901067	0.901999	0.903596	0.902425	0.910924	0.902278	1.10587	1.10708	1.10799	1.11808	1.11719	1.11457	1.07907	1.08601	1.07972	1.07938	1.06601	1.07372	1.09672	1.08738	1.09714	1.08706	1.09744	1.08695	1.10887	1.10474	1.11525	1.11165	1.10487	1.1072	1.04025	1.05564	1.054	1.04062	1.04701	1.03769	1.0945	1.08869	1.09432	1.09313	1.09457	1.12015	1.10754	1.118	1.117	1.11549	1.10678	1.10737	1.09104	1.08924	1.0813	1.07962	1.09115	1.08028
ERR608848	0.855306	0.848635	0.827856	0.831317	0.845583	0.847734	0.843638	0.84913	0.885598	0.845973	0.882748	0.885908	1.09441	1.09588	1.06614	1.06968	1.0961	1.06467	0.988267	0.993905	0.988833	0.993365	0.989186	0.999264	0.783969	0.784938	0	0.77643	0.82699	0.784844	0.908042	0.898475	0.903075	0.900684	0.90711	0.901808	0.930118	0.895761	0.899439	0.893635	0.928893	0.927529	0.905747	0.905983	0.907586	0.906793	0.914502	0.906556	1.10907	1.11068	1.11131	1.12115	1.12036	1.11786	1.08288	1.08921	1.0834	1.08301	1.06959	1.07773	1.10008	1.09115	1.10052	1.09064	1.1008	1.09062	1.11187	1.10794	1.11863	1.11491	1.10837	1.11022	1.0443	1.0598	1.05859	1.04505	1.05135	1.04219	1.0975	1.09195	1.0974	1.09646	1.09797	1.12256	1.11085	1.12133	1.12018	1.1187	1.11034	1.111	1.09465	1.09287	1.08508	1.08319	1.09494	1.08395
ERR608849	0.844704	0.837382	0.814553	0.819734	0.834403	0.836204	0.832072	0.838357	0.876665	0.834446	0.873351	0.876876	1.08537	1.08663	1.05646	1.06079	1.08698	1.05561	0.977186	0.984048	0.977493	0.982977	0.978259	0.989432	0.773159	0.774276	0.77643	0	0.823252	0.773665	0.898881	0.887973	0.893103	0.890389	0.897753	0.891451	0.919436	0.883575	0.888186	0.882092	0.917426	0.91641	0.895372	0.896163	0.89716	0.896545	0.904729	0.896232	1.10108	1.1026	1.10361	1.11365	1.11293	1.11041	1.07384	1.0821	1.07459	1.07457	1.0607	1.06905	1.09192	1.082	1.09287	1.08182	1.09239	1.08144	1.10385	1.09943	1.11029	1.10635	1.09953	1.10234	1.03454	1.05066	1.04939	1.03551	1.0417	1.03258	1.09021	1.08383	1.08967	1.08861	1.09026	1.11705	1.10241	1.11336	1.11276	1.11085	1.10161	1.1025	1.08674	1.08451	1.07615	1.0743	1.08667	1.0753
ERR608847	0.895424	0.891739	0.87699	0.876578	0.888556	0.89106	0.886951	0.891095	0.921146	0.890713	0.918137	0.92066	1.12576	1.1269	1.09902	1.10095	1.12694	1.09688	1.02795	1.03035	1.02931	1.03145	1.02864	1.03553	0.826877	0.827879	0.82699	0.823252	0	0.828116	0.942551	0.936185	0.939277	0.937545	0.94262	0.938412	0.970242	0.94044	0.941444	0.93703	0.968801	0.968167	0.942378	0.941584	0.944537	0.943438	0.948916	0.943383	1.13718	1.1382	1.13917	1.14743	1.14605	1.1438	1.113	1.11628	1.1135	1.11315	1.10112	1.10762	1.13001	1.12288	1.12855	1.12272	1.1313	1.12227	1.14056	1.13798	1.14729	1.1446	1.13806	1.1385	1.08002	1.0927	1.0917	1.08008	1.08614	1.07788	1.12592	1.12183	1.12602	1.12433	1.12611	1.14493	1.13987	1.1484	1.14696	1.14604	1.13926	1.14013	1.12291	1.12125	1.11584	1.11433	1.12411	1.11482
ERR608850	0.850605	0.843668	0.821704	0.8263	0.840559	0.842525	0.838602	0.84457	0.881595	0.841014	0.878632	0.882196	1.09024	1.09172	1.06157	1.06575	1.09182	1.06037	0.982751	0.989166	0.983083	0.988045	0.983476	0.994095	0.775675	0.77672	0.784844	0.773665	0.828116	0	0.904273	0.893781	0.898846	0.896322	0.902938	0.897257	0.92499	0.889914	0.894285	0.888154	0.922952	0.922304	0.901046	0.901796	0.903117	0.902506	0.910577	0.901982	1.10573	1.10729	1.10809	1.11821	1.11749	1.11466	1.07892	1.0859	1.07951	1.07902	1.06551	1.07382	1.09678	1.08723	1.0975	1.08705	1.0973	1.08675	1.10847	1.10435	1.11494	1.11126	1.10433	1.1069	1.03989	1.05562	1.05464	1.04066	1.04708	1.03807	1.09461	1.08888	1.09441	1.09326	1.09491	1.12081	1.1075	1.11803	1.11721	1.11561	1.10679	1.10737	1.09121	1.08933	1.08096	1.07903	1.0914	1.08015
ERR618754	0.938521	0.932897	0.912787	0.916368	0.930594	0.931656	0.919371	0.925521	0.962014	0.921707	0.958378	0.961535	1.06548	1.06629	1.03552	1.03908	1.0671	1.0338	0.98848	0.994355	0.989503	0.99419	0.989745	1.00009	0.903074	0.903847	0.908042	0.898881	0.942551	0.904273	0	0.804961	0.806316	0.80753	0.811527	0.808521	0.953469	0.914285	0.919284	0.912118	0.951822	0.950695	0.904802	0.905501	0.907629	0.906073	0.915963	0.906489	1.07277	1.07465	1.07528	1.08615	1.08501	1.08255	1.05386	1.06134	1.05477	1.05445	1.03884	1.04766	1.0611	1.05148	1.06116	1.05131	1.06181	1.05097	1.07723	1.0727	1.08445	1.0803	1.07298	1.07508	1.0381	1.05394	1.0522	1.039	1.04492	1.03595	1.05685	1.05113	1.05643	1.055	1.05681	1.08398	1.07822	1.08918	1.08795	1.08652	1.07735	1.07846	1.06252	1.06099	1.05316	1.05113	1.06346	1.05212
ERR618758	0.927977	0.92109	0.900389	0.905584	0.919507	0.92028	0.906555	0.913266	0.949362	0.908927	0.946017	0.949037	1.05742	1.05832	1.02802	1.03227	1.05881	1.02703	0.973146	0.979701	0.973362	0.978787	0.97437	0.985136	0.892976	0.894075	0.898475	0.887973	0.936185	0.893781	0.804961	0	0.797466	0.790931	0.802964	0.792141	0.93954	0.901229	0.907291	0.899763	0.93842	0.936706	0.894578	0.896379	0.897099	0.896006	0.906031	0.896077	1.06694	1.06856	1.06937	1.08092	1.08043	1.07744	1.04724	1.05639	1.04818	1.04791	1.03216	1.04161	1.05371	1.04326	1.05494	1.04279	1.05438	1.0425	1.06994	1.06539	1.07687	1.07275	1.06522	1.06848	1.03048	1.04703	1.0459	1.03128	1.0377	1.02833	1.05135	1.045	1.0508	1.04968	1.0511	1.08074	1.07163	1.0831	1.0826	1.08077	1.07089	1.0717	1.05725	1.05505	1.04618	1.04457	1.05762	1.0458
ERR618753	0.932642	0.926441	0.905836	0.910132	0.924565	0.92562	0.912582	0.919264	0.955982	0.915046	0.952888	0.955561	1.0595	1.06064	1.02937	1.03316	1.06087	1.02768	0.982077	0.988702	0.982708	0.988052	0.983595	0.99434	0.897656	0.898796	0.903075	0.893103	0.939277	0.898846	0.806316	0.797466	0	0.800343	0.804934	0.801547	0.94633	0.907078	0.91263	0.905141	0.945328	0.943698	0.898398	0.899572	0.901043	0.89972	0.910014	0.899662	1.06763	1.06937	1.07015	1.08106	1.0805	1.0779	1.04845	1.05611	1.04933	1.04879	1.0332	1.04257	1.05541	1.04534	1.05589	1.04499	1.05629	1.04473	1.0719	1.06712	1.07905	1.07504	1.06718	1.06992	1.0318	1.0483	1.0468	1.03244	1.03877	1.02973	1.05168	1.04557	1.05133	1.05008	1.05148	1.08006	1.07292	1.08399	1.08312	1.08132	1.07179	1.07303	1.05746	1.05556	1.04716	1.04548	1.05788	1.04654
ERR618757	0.931634	0.924857	0.904001	0.908716	0.922751	0.92378	0.909905	0.916464	0.952732	0.912513	0.949315	0.952522	1.05921	1.06021	1.0298	1.03403	1.0606	1.02815	0.977537	0.983892	0.978195	0.983166	0.978859	0.989423	0.895537	0.896846	0.900684	0.890389	0.937545	0.896322	0.80753	0.790931	0.800343	0	0.806299	0.79528	0.943504	0.905119	0.910883	0.903373	0.942271	0.940894	0.897279	0.898507	0.899749	0.898666	0.908501	0.89881	1.06836	1.06993	1.07042	1.08185	1.08127	1.07833	1.04866	1.05733	1.04982	1.04947	1.03371	1.04305	1.05552	1.04521	1.05657	1.04482	1.05628	1.04447	1.07167	1.06696	1.07862	1.07446	1.06698	1.07004	1.03251	1.04875	1.04753	1.03321	1.03949	1.03023	1.05246	1.04635	1.05208	1.05092	1.05234	1.08107	1.07319	1.0846	1.08367	1.08205	1.07236	1.07316	1.05821	1.05629	1.04759	1.04582	1.05863	1.04703
ERR618755	0.93773	0.93152	0.911294	0.915374	0.929693	0.930587	0.917608	0.923523	0.960381	0.92002	0.956745	0.960068	1.06406	1.06492	1.03444	1.03819	1.06534	1.03274	0.986539	0.992496	0.987389	0.992241	0.987812	0.998403	0.90213	0.903217	0.90711	0.897753	0.94262	0.902938	0.811527	0.802964	0.804934	0.806299	0	0.807165	0.951422	0.913277	0.91787	0.910578	0.94995	0.94852	0.904072	0.905452	0.906914	0.905411	0.915282	0.905603	1.07187	1.07355	1.07434	1.08512	1.08412	1.08153	1.05289	1.06126	1.05398	1.05362	1.03807	1.04736	1.0596	1.04974	1.05985	1.0496	1.06032	1.04898	1.07594	1.07149	1.08301	1.07882	1.07137	1.07387	1.03693	1.05285	1.05162	1.03742	1.04401	1.0349	1.0563	1.05034	1.05569	1.05449	1.05597	1.08383	1.0772	1.08787	1.087	1.08549	1.07627	1.07726	1.06182	1.0601	1.05173	1.05028	1.06244	1.05122
ERR618756	0.931314	0.924833	0.904467	0.908887	0.922985	0.924147	0.910896	0.917359	0.953557	0.912972	0.949986	0.953067	1.05973	1.06058	1.02996	1.03402	1.0609	1.02884	0.977575	0.98378	0.97819	0.982991	0.978675	0.989413	0.896178	0.897255	0.901808	0.891451	0.938412	0.897257	0.808521	0.792141	0.801547	0.79528	0.807165	0	0.944305	0.905913	0.91202	0.9043	0.943059	0.941693	0.898066	0.899616	0.900884	0.89964	0.909508	0.899873	1.06881	1.07028	1.07107	1.08218	1.08154	1.07879	1.04937	1.05753	1.05027	1.04969	1.03427	1.0435	1.05609	1.04571	1.05692	1.04543	1.05696	1.04518	1.07234	1.06764	1.07929	1.07516	1.06747	1.07048	1.03268	1.04888	1.04755	1.03331	1.03943	1.03041	1.05291	1.04675	1.05242	1.05134	1.0528	1.08165	1.07372	1.08494	1.08438	1.08239	1.07263	1.074	1.05876	1.05681	1.0482	1.04628	1.05928	1.04771
ERR622206	0.945483	0.939068	0.919967	0.927257	0.937017	0.937724	0.90461	0.909273	0.939245	0.90446	0.936978	0.940588	1.07158	1.07268	1.04533	1.05133	1.07332	1.04561	0.960987	0.970967	0.959503	0.966894	0.961462	0.974362	0.924983	0.92624	0.930118	0.919436	0.970242	0.92499	0.953469	0.93954	0.94633	0.943504	0.951422	0.944305	0	0.798815	0.807144	0.800403	0.830701	0.828676	0.912834	0.915623	0.914318	0.913921	0.922475	0.913015	1.09719	1.09848	1.09915	1.11	1.11062	1.10754	1.06306	1.07432	1.06435	1.06367	1.05062	1.05902	1.08185	1.07058	1.08606	1.06997	1.08198	1.07001	1.09526	1.08907	1.1003	1.09594	1.0895	1.09484	1.04263	1.05944	1.05891	1.04398	1.04975	1.041	1.08161	1.07477	1.08158	1.08071	1.08167	1.11319	1.09651	1.10843	1.10834	1.10606	1.09562	1.09657	1.0771	1.07512	1.06466	1.06287	1.07641	1.06411
ERR622204	0.913824	0.906752	0.884252	0.891104	0.904354	0.90509	0.869893	0.875868	0.914344	0.870759	0.911467	0.915172	1.04454	1.04612	1.01383	1.02011	1.0464	1.01344	0.938226	0.949066	0.936868	0.945568	0.939071	0.953489	0.889498	0.891042	0.895761	0.883575	0.94044	0.889914	0.914285	0.901229	0.907078	0.905119	0.913277	0.905913	0.798815	0	0.759527	0.751013	0.797944	0.796364	0.871732	0.874615	0.873447	0.87269	0.883162	0.872277	1.06932	1.07079	1.07134	1.08324	1.08309	1.08018	1.03304	1.04373	1.03425	1.03355	1.01852	1.02776	1.05394	1.04228	1.05731	1.04172	1.0544	1.04124	1.06872	1.06311	1.07521	1.07055	1.06315	1.06789	1.01057	1.02859	1.02747	1.01212	1.01832	1.00867	1.05276	1.04548	1.05229	1.05134	1.05245	1.08577	1.06945	1.08198	1.08172	1.07943	1.06893	1.06964	1.04695	1.04493	1.03435	1.03247	1.04672	1.03358
ERR622203	0.918438	0.912032	0.890376	0.896044	0.909338	0.910498	0.874924	0.881132	0.919032	0.876571	0.916376	0.919432	1.05062	1.05195	1.01971	1.02488	1.05246	1.0189	0.947486	0.957941	0.946823	0.954851	0.948508	0.962364	0.893815	0.895204	0.899439	0.888186	0.941444	0.894285	0.919284	0.907291	0.91263	0.910883	0.91787	0.91202	0.807144	0.759527	0	0.759163	0.806162	0.805179	0.877957	0.879905	0.880162	0.878725	0.888855	0.878135	1.07366	1.07529	1.07576	1.08734	1.08694	1.08427	1.03823	1.04751	1.03899	1.03869	1.02368	1.03265	1.05955	1.04842	1.06209	1.04772	1.05999	1.0476	1.07377	1.0681	1.08046	1.07605	1.0685	1.07275	1.01673	1.03379	1.03259	1.01764	1.024	1.01433	1.05711	1.0501	1.05686	1.05567	1.057	1.08823	1.07481	1.08703	1.08631	1.08441	1.07416	1.07518	1.0518	1.04981	1.0402	1.0383	1.05191	1.03902
ERR622205	0.912301	0.906077	0.883349	0.889679	0.902937	0.904231	0.8684	0.874691	0.914083	0.870138	0.911082	0.914844	1.04502	1.04619	1.01336	1.01899	1.0469	1.01268	0.941094	0.951463	0.940421	0.947692	0.941653	0.955959	0.887324	0.888706	0.893635	0.882092	0.93703	0.888154	0.912118	0.899763	0.905141	0.903373	0.910578	0.9043	0.800403	0.751013	0.759163	0	0.799585	0.797799	0.871168	0.873058	0.873015	0.871984	0.882339	0.871059	1.06794	1.06974	1.07035	1.08184	1.0817	1.0786	1.03204	1.04201	1.03338	1.03276	1.01756	1.02686	1.053	1.04181	1.05583	1.0413	1.05391	1.04104	1.06809	1.06248	1.07495	1.07007	1.06276	1.06694	1.01018	1.02812	1.02709	1.01144	1.01804	1.00785	1.05137	1.04438	1.05117	1.04997	1.05119	1.08334	1.06904	1.0814	1.08069	1.07871	1.06834	1.06929	1.04602	1.04419	1.03409	1.03208	1.04626	1.03299
ERR622207	0.944258	0.937677	0.918539	0.925916	0.93534	0.936309	0.903031	0.907701	0.937846	0.903022	0.935913	0.939157	1.07074	1.072	1.04404	1.05033	1.07259	1.04441	0.961148	0.971006	0.959773	0.967028	0.961607	0.974507	0.92326	0.924585	0.928893	0.917426	0.968801	0.922952	0.951822	0.93842	0.945328	0.942271	0.94995	0.943059	0.830701	0.797944	0.806162	0.799585	0	0.8286	0.912681	0.915645	0.914056	0.913666	0.922799	0.912781	1.09639	1.09792	1.09817	1.10889	1.10987	1.10673	1.0624	1.07376	1.06357	1.06303	1.04995	1.05845	1.08106	1.06966	1.08495	1.06911	1.08105	1.06921	1.09455	1.08844	1.09973	1.09545	1.0886	1.09422	1.04184	1.05857	1.05774	1.04302	1.04901	1.03994	1.08137	1.07436	1.08105	1.08021	1.08106	1.11294	1.09558	1.10742	1.10746	1.10534	1.09482	1.09576	1.07618	1.07426	1.06366	1.06237	1.07539	1.06315
ERR622208	0.942731	0.936364	0.917116	0.924572	0.934242	0.935196	0.901576	0.906829	0.937091	0.901859	0.935125	0.938149	1.07014	1.07175	1.04384	1.05019	1.0719	1.04419	0.959225	0.969118	0.957478	0.965055	0.95982	0.97269	0.922318	0.924002	0.927529	0.91641	0.968167	0.922304	0.950695	0.936706	0.943698	0.940894	0.94852	0.941693	0.828676	0.796364	0.805179	0.797799	0.8286	0	0.911108	0.914105	0.91231	0.911904	0.921153	0.911004	1.09533	1.09682	1.09735	1.10815	1.10875	1.10579	1.06203	1.07312	1.06305	1.06254	1.04944	1.05785	1.08007	1.06877	1.08439	1.06835	1.08033	1.06826	1.0939	1.0875	1.09882	1.0946	1.088	1.09351	1.04125	1.05823	1.05734	1.04255	1.04855	1.03936	1.08036	1.07325	1.07995	1.07944	1.08033	1.11201	1.09488	1.10649	1.10647	1.10464	1.0943	1.09516	1.0757	1.07325	1.06293	1.0616	1.075	1.06279
ERR636774	0.932314	0.92629	0.905651	0.910305	0.924291	0.924917	0.891296	0.897849	0.935272	0.893714	0.931983	0.935302	1.06363	1.06476	1.03297	1.03692	1.0654	1.0315	0.95441	0.961357	0.955086	0.960788	0.955882	0.96745	0.899713	0.901067	0.905747	0.895372	0.942378	0.901046	0.904802	0.894578	0.898398	0.897279	0.904072	0.898066	0.912834	0.871732	0.877957	0.871168	0.912681	0.911108	0	0.779877	0.781054	0.775962	0.790489	0.775622	1.0799	1.08162	1.0823	1.0928	1.09234	1.08953	1.0449	1.05262	1.046	1.04551	1.03167	1.0398	1.0692	1.05935	1.07003	1.05892	1.07006	1.05854	1.08776	1.0832	1.09498	1.09077	1.0834	1.08626	1.02779	1.0445	1.04302	1.02915	1.03514	1.02589	1.06358	1.05718	1.06314	1.0621	1.06354	1.09256	1.08504	1.09629	1.09534	1.09371	1.08448	1.0851	1.05989	1.05766	1.04857	1.04711	1.05987	1.04795
ERR636771	0.933407	0.928028	0.907756	0.911053	0.925753	0.926454	0.892678	0.898829	0.936961	0.895684	0.933585	0.937062	1.06571	1.06698	1.03476	1.03824	1.06768	1.03289	0.958828	0.96578	0.960184	0.964991	0.960302	0.971992	0.90057	0.901999	0.905983	0.896163	0.941584	0.901796	0.905501	0.896379	0.899572	0.898507	0.905452	0.899616	0.915623	0.874615	0.879905	0.873058	0.915645	0.914105	0.779877	0	0.779692	0.779974	0.788408	0.780609	1.08128	1.08277	1.08336	1.09412	1.09301	1.09029	1.04625	1.05318	1.04736	1.04661	1.0328	1.04094	1.07082	1.06139	1.07131	1.06088	1.07167	1.0607	1.08912	1.08484	1.09657	1.0925	1.08523	1.08719	1.0298	1.04601	1.04413	1.03091	1.03709	1.02749	1.0646	1.05847	1.06416	1.06286	1.06439	1.09207	1.08676	1.09742	1.09659	1.09499	1.08612	1.08662	1.06072	1.0588	1.05046	1.04863	1.06136	1.04946
ERR636770	0.933903	0.92821	0.90727	0.912062	0.925968	0.926717	0.892393	0.898523	0.935791	0.894486	0.932354	0.936397	1.06483	1.06586	1.03422	1.03856	1.0663	1.03313	0.95557	0.963501	0.956313	0.962303	0.956558	0.969075	0.902129	0.903596	0.907586	0.89716	0.944537	0.903117	0.907629	0.897099	0.901043	0.899749	0.906914	0.900884	0.914318	0.873447	0.880162	0.873015	0.914056	0.91231	0.781054	0.779692	0	0.781878	0.789398	0.781922	1.08167	1.08341	1.08405	1.09463	1.09416	1.09124	1.04571	1.05366	1.04689	1.04601	1.03255	1.04065	1.07128	1.06109	1.07219	1.06087	1.07173	1.06041	1.08942	1.08472	1.09608	1.09187	1.0846	1.08784	1.02934	1.0461	1.04432	1.03054	1.03683	1.02733	1.06572	1.05903	1.06517	1.06397	1.0653	1.09441	1.08649	1.09801	1.09716	1.09539	1.08591	1.08673	1.06128	1.05932	1.05013	1.04822	1.06144	1.04934
ERR636772	0.933346	0.927608	0.906858	0.910926	0.925156	0.926028	0.892886	0.899129	0.936617	0.895504	0.933329	0.93688	1.0646	1.06585	1.03374	1.03777	1.06632	1.03212	0.955697	0.962876	0.956926	0.962085	0.957104	0.969077	0.900843	0.902425	0.906793	0.896545	0.943438	0.902506	0.906073	0.896006	0.89972	0.898666	0.905411	0.89964	0.913921	0.87269	0.878725	0.871984	0.913666	0.911904	0.775962	0.779974	0.781878	0	0.791178	0.776469	1.08083	1.08215	1.0829	1.09361	1.09292	1.09023	1.04574	1.05319	1.04651	1.0461	1.03216	1.0403	1.07038	1.06013	1.07074	1.05965	1.07057	1.0595	1.08874	1.08425	1.09586	1.0917	1.08441	1.08689	1.02896	1.04516	1.04373	1.02987	1.03617	1.02659	1.0642	1.05788	1.06378	1.06271	1.06427	1.09304	1.0863	1.09755	1.09621	1.09477	1.08528	1.08606	1.06067	1.05878	1.0501	1.04807	1.06094	1.04891
ERR636769	0.941535	0.936078	0.916701	0.920293	0.933748	0.934639	0.900318	0.905728	0.94188	0.902835	0.939002	0.942198	1.07253	1.0738	1.04246	1.04632	1.07428	1.04099	0.964554	0.971245	0.965295	0.970516	0.965866	0.976873	0.9093	0.910924	0.914502	0.904729	0.948916	0.910577	0.915963	0.906031	0.910014	0.908501	0.915282	0.909508	0.922475	0.883162	0.888855	0.882339	0.922799	0.921153	0.790489	0.788408	0.789398	0.791178	0	0.790834	1.08942	1.0911	1.09214	1.10206	1.10153	1.09887	1.05242	1.05926	1.05328	1.05276	1.03986	1.04752	1.07935	1.06995	1.07997	1.06937	1.08005	1.06899	1.09703	1.09288	1.10388	1.09998	1.09294	1.09543	1.03707	1.05264	1.05121	1.03815	1.04411	1.03466	1.07331	1.06722	1.07267	1.07152	1.07319	1.10035	1.09448	1.1055	1.10459	1.10314	1.09391	1.09464	1.06816	1.06647	1.0577	1.05583	1.06845	1.05682
ERR636773	0.933341	0.927318	0.906628	0.911072	0.924905	0.926134	0.892453	0.898449	0.935892	0.89461	0.933084	0.936218	1.0648	1.06583	1.03388	1.03799	1.06641	1.03236	0.955114	0.962356	0.956173	0.961649	0.956649	0.968866	0.900861	0.902278	0.906556	0.896232	0.943383	0.901982	0.906489	0.896077	0.899662	0.89881	0.905603	0.899873	0.913015	0.872277	0.878135	0.871059	0.912781	0.911004	0.775622	0.780609	0.781922	0.776469	0.790834	0	1.08079	1.08249	1.08326	1.09376	1.09326	1.09036	1.04587	1.05365	1.04699	1.04645	1.03251	1.04066	1.07023	1.06039	1.07129	1.06001	1.07112	1.05957	1.08903	1.08422	1.0963	1.09199	1.08456	1.08718	1.02881	1.04543	1.04356	1.02998	1.03616	1.02672	1.06471	1.05818	1.06407	1.06289	1.06442	1.09336	1.08601	1.09744	1.09638	1.09491	1.0855	1.0862	1.06066	1.05887	1.04988	1.04793	1.06093	1.04912
