	ERR613214	ERR613210	ERR613213	ERR613212	ERR613209	ERR613211	ERR626905	ERR626906	ERR626908	ERR626907	ERR626904	ERR626903	ERR636911	ERR636912	ERR636910	ERR636907	ERR636908	ERR636909	ERR636768	ERR636766	ERR636765	ERR636763	ERR636764	ERR636767	ERR608367	ERR608369	ERR608366	ERR608370	ERR608365	ERR608368	ERR607315	ERR607313	ERR607314	ERR607316	ERR607312	ERR607311	ERR613849	ERR613851	ERR613848	ERR613852	ERR613853	ERR613850	ERR621924	ERR621920	ERR621922	ERR621923	ERR621919	ERR621921	ERR614953	ERR614954	ERR614949	ERR614951	ERR614952	ERR614950	ERR608448	ERR608447	ERR608446	ERR608449	ERR608445	ERR608450	ERR617160	ERR617157	ERR617155	ERR617158	ERR617156	ERR617159	ERR616280	ERR616279	ERR616278	ERR616281	ERR616277	ERR616282	ERR616459	ERR616456	ERR616457	ERR616461	ERR616460	ERR616458	ERR605674	ERR605676	ERR605671	ERR605672	ERR605673	ERR605675	ERR612762	ERR612759	ERR612760	ERR612763	ERR612761	ERR612764	ERR614881	ERR614877	ERR614878	ERR614879	ERR614882	ERR614880
ERR613214	5.21246e+09	6.15448e+09	5.04669e+09	4.87825e+09	6.36953e+09	5.95506e+09	5.23036e+09	4.44459e+09	5.60707e+09	4.40688e+09	5.19562e+09	5.54116e+09	5.69449e+09	5.77366e+09	5.67098e+09	5.24035e+09	5.54686e+09	5.54482e+09	5.92292e+09	5.87032e+09	5.95524e+09	5.74794e+09	5.95864e+09	5.89021e+09	6.08925e+09	6.1556e+09	5.73244e+09	5.7347e+09	4.86058e+09	6.09493e+09	4.58015e+09	5.32944e+09	4.46433e+09	4.68647e+09	5.32254e+09	5.01875e+09	6.24375e+09	6.11178e+09	6.50466e+09	6.11896e+09	6.51667e+09	5.80036e+09	5.08499e+09	5.42776e+09	5.39265e+09	5.14751e+09	5.73168e+09	5.40744e+09	5.94774e+09	5.99617e+09	5.19893e+09	5.16765e+09	5.98539e+09	5.31442e+09	5.88063e+09	5.79766e+09	5.41391e+09	5.96226e+09	4.52447e+09	5.45652e+09	4.33172e+09	4.60991e+09	4.40849e+09	5.0311e+09	4.60541e+09	5.06552e+09	5.35987e+09	5.51842e+09	4.71648e+09	5.66672e+09	4.49032e+09	5.66086e+09	5.71761e+09	4.90865e+09	3.49541e+09	5.75065e+09	5.73836e+09	4.94703e+09	5.02725e+09	5.1036e+09	5.43463e+09	5.18878e+09	5.1229e+09	5.14254e+09	5.42641e+09	5.97859e+09	4.67948e+09	5.47362e+09	5.68754e+09	5.38645e+09	6.2741e+09	5.55651e+09	5.65433e+09	5.57957e+09	6.24323e+09	6.29432e+09
ERR613210	6.15448e+09	7.96634e+09	6.16305e+09	5.93592e+09	8.03667e+09	7.43419e+09	6.57384e+09	5.52146e+09	7.08937e+09	5.47088e+09	6.52441e+09	7.00189e+09	7.10759e+09	7.21816e+09	7.07605e+09	6.48963e+09	6.91382e+09	6.90427e+09	7.4081e+09	7.33324e+09	7.45209e+09	7.15891e+09	7.46058e+09	7.36131e+09	7.66509e+09	7.75917e+09	7.16327e+09	7.16596e+09	5.96724e+09	7.67485e+09	5.631e+09	6.62762e+09	5.47287e+09	5.77125e+09	6.62595e+09	6.20984e+09	7.87096e+09	7.68606e+09	8.24583e+09	7.69606e+09	8.2628e+09	7.23859e+09	6.25301e+09	6.72165e+09	6.67476e+09	6.33727e+09	7.14886e+09	6.69115e+09	7.49214e+09	7.55866e+09	6.46337e+09	6.42748e+09	7.54379e+09	6.62173e+09	7.37972e+09	7.26176e+09	6.72801e+09	7.49121e+09	5.51807e+09	6.78611e+09	5.37343e+09	5.75887e+09	5.48516e+09	6.32103e+09	5.75007e+09	6.36614e+09	6.69128e+09	6.91653e+09	5.83054e+09	7.10997e+09	5.52907e+09	7.1013e+09	7.19943e+09	6.1096e+09	4.26371e+09	7.24461e+09	7.22981e+09	6.16229e+09	6.22047e+09	6.30971e+09	6.76939e+09	6.43376e+09	6.34354e+09	6.36209e+09	6.74235e+09	7.5097e+09	5.73347e+09	6.8061e+09	7.09944e+09	6.68654e+09	7.94054e+09	6.93789e+09	7.07618e+09	6.97735e+09	7.89786e+09	7.97003e+09
ERR613213	5.04669e+09	6.16305e+09	5.22603e+09	4.885e+09	6.37784e+09	5.96274e+09	5.23683e+09	4.44827e+09	5.61376e+09	4.41084e+09	5.20196e+09	5.54819e+09	5.69981e+09	5.77972e+09	5.67652e+09	5.24558e+09	5.5524e+09	5.55068e+09	5.9291e+09	5.87663e+09	5.96179e+09	5.75392e+09	5.96482e+09	5.89633e+09	6.09676e+09	6.16237e+09	5.73974e+09	5.7418e+09	4.86722e+09	6.10213e+09	4.58516e+09	5.33658e+09	4.46965e+09	4.69139e+09	5.329e+09	5.02516e+09	6.25077e+09	6.11848e+09	6.51176e+09	6.12602e+09	6.52446e+09	5.80765e+09	5.08921e+09	5.43248e+09	5.39725e+09	5.15142e+09	5.73682e+09	5.41215e+09	5.958e+09	6.00592e+09	5.20784e+09	5.17687e+09	5.99563e+09	5.32379e+09	5.88768e+09	5.80444e+09	5.42011e+09	5.96888e+09	4.53102e+09	5.46334e+09	4.3403e+09	4.61729e+09	4.41656e+09	5.03946e+09	4.61306e+09	5.07412e+09	5.36833e+09	5.52642e+09	4.72306e+09	5.67526e+09	4.49648e+09	5.66934e+09	5.72821e+09	4.91646e+09	3.49993e+09	5.76116e+09	5.7489e+09	4.95519e+09	5.03565e+09	5.11302e+09	5.44386e+09	5.19783e+09	5.1317e+09	5.1524e+09	5.43565e+09	5.98833e+09	4.68703e+09	5.48289e+09	5.6972e+09	5.39507e+09	6.28408e+09	5.56606e+09	5.66333e+09	5.58851e+09	6.25282e+09	6.30412e+09
ERR613212	4.87825e+09	5.93592e+09	4.885e+09	4.89154e+09	6.1384e+09	5.74747e+09	5.03165e+09	4.2792e+09	5.39094e+09	4.24299e+09	4.9985e+09	5.32766e+09	5.49601e+09	5.57124e+09	5.47379e+09	5.06201e+09	5.35226e+09	5.35289e+09	5.71543e+09	5.66569e+09	5.74709e+09	5.55116e+09	5.74868e+09	5.68397e+09	5.86632e+09	5.92852e+09	5.52779e+09	5.52987e+09	4.70217e+09	5.87059e+09	4.42556e+09	5.14447e+09	4.31553e+09	4.52729e+09	5.1353e+09	4.84783e+09	6.01505e+09	5.88855e+09	6.26141e+09	5.89564e+09	6.27355e+09	5.59609e+09	4.91178e+09	5.23916e+09	5.20512e+09	4.97168e+09	5.52697e+09	5.22067e+09	5.73258e+09	5.77894e+09	5.01855e+09	4.9867e+09	5.76883e+09	5.12858e+09	5.6644e+09	5.58692e+09	5.222e+09	5.74254e+09	4.38046e+09	5.26314e+09	4.1821e+09	4.44133e+09	4.25164e+09	4.84529e+09	4.43819e+09	4.87835e+09	5.16865e+09	5.31681e+09	4.55208e+09	5.46055e+09	4.33678e+09	5.4558e+09	5.51095e+09	4.73523e+09	3.37909e+09	5.5418e+09	5.52944e+09	4.77175e+09	4.8537e+09	4.93192e+09	5.24363e+09	5.0096e+09	4.9469e+09	4.96987e+09	5.23943e+09	5.76536e+09	4.52609e+09	5.28453e+09	5.48946e+09	5.20075e+09	6.04395e+09	5.36043e+09	5.45263e+09	5.38042e+09	6.01423e+09	6.0629e+09
ERR613209	6.36953e+09	8.03667e+09	6.37784e+09	6.1384e+09	8.64071e+09	7.7248e+09	6.88371e+09	5.77172e+09	7.4337e+09	5.71678e+09	6.82917e+09	7.34021e+09	7.38894e+09	7.50675e+09	7.35558e+09	6.73865e+09	7.18798e+09	7.17398e+09	7.70172e+09	7.62043e+09	7.74672e+09	7.43288e+09	7.75876e+09	7.65124e+09	7.99686e+09	8.09864e+09	7.4587e+09	7.46057e+09	6.18463e+09	8.01013e+09	5.85205e+09	6.89512e+09	5.68264e+09	5.99962e+09	6.90004e+09	6.45568e+09	8.20975e+09	8.01522e+09	8.61651e+09	8.02552e+09	8.63481e+09	7.5248e+09	6.48871e+09	6.98195e+09	6.93574e+09	6.57752e+09	7.43826e+09	6.95048e+09	7.81253e+09	7.88349e+09	6.71925e+09	6.68505e+09	7.86781e+09	6.88732e+09	7.69736e+09	7.56916e+09	6.99956e+09	7.81539e+09	5.71549e+09	7.06094e+09	5.59335e+09	6.0152e+09	5.71918e+09	6.61148e+09	6.00508e+09	6.65844e+09	6.97181e+09	7.21661e+09	6.06503e+09	7.41459e+09	5.74659e+09	7.40557e+09	7.5121e+09	6.36481e+09	4.42612e+09	7.56027e+09	7.5453e+09	6.42177e+09	6.46407e+09	6.54758e+09	7.04132e+09	6.68452e+09	6.58978e+09	6.60221e+09	7.00417e+09	7.82342e+09	5.93809e+09	7.07038e+09	7.38032e+09	6.94403e+09	8.28918e+09	7.21532e+09	7.36405e+09	7.26198e+09	8.24378e+09	8.32018e+09
ERR613211	5.95506e+09	7.43419e+09	5.96274e+09	5.74747e+09	7.7248e+09	7.39253e+09	6.31207e+09	5.31283e+09	6.79919e+09	5.26476e+09	6.26554e+09	6.71649e+09	6.84844e+09	6.9523e+09	6.81812e+09	6.26216e+09	6.66149e+09	6.65561e+09	7.13484e+09	7.06533e+09	7.17739e+09	6.90266e+09	7.18381e+09	7.09175e+09	7.3717e+09	7.45912e+09	6.89963e+09	6.90296e+09	5.76752e+09	7.37951e+09	5.4354e+09	6.38585e+09	5.28553e+09	5.56902e+09	6.38166e+09	5.98872e+09	7.56758e+09	7.39296e+09	7.91693e+09	7.40297e+09	7.93285e+09	6.97647e+09	6.03931e+09	6.48502e+09	6.43926e+09	6.1197e+09	6.88719e+09	6.45643e+09	7.20404e+09	7.26671e+09	6.22976e+09	6.19404e+09	7.25293e+09	6.37964e+09	7.09816e+09	6.98919e+09	6.48518e+09	7.20481e+09	5.33744e+09	6.5405e+09	5.1758e+09	5.53762e+09	5.27878e+09	6.0711e+09	5.52937e+09	6.11387e+09	6.44401e+09	6.65526e+09	5.62427e+09	6.84071e+09	5.3365e+09	6.83386e+09	6.91964e+09	5.88258e+09	4.11923e+09	6.96215e+09	6.94745e+09	5.93293e+09	6.00061e+09	6.08895e+09	6.52311e+09	6.2048e+09	6.11938e+09	6.13876e+09	6.5032e+09	7.22682e+09	5.54231e+09	6.56318e+09	6.84164e+09	6.44946e+09	7.6283e+09	6.68331e+09	6.81339e+09	6.71939e+09	7.58799e+09	7.65522e+09
ERR626905	5.23036e+09	6.57384e+09	5.23683e+09	5.03165e+09	6.88371e+09	6.31207e+09	6.79288e+09	5.57475e+09	7.04848e+09	5.51727e+09	6.50435e+09	6.96841e+09	6.26294e+09	6.36305e+09	6.24274e+09	5.76158e+09	6.14429e+09	6.10467e+09	6.39736e+09	6.31685e+09	6.42571e+09	6.13702e+09	6.45306e+09	6.34949e+09	6.92079e+09	7.01649e+09	6.45591e+09	6.46281e+09	5.35256e+09	6.94939e+09	5.18538e+09	6.00045e+09	5.0345e+09	5.30771e+09	6.04321e+09	5.65097e+09	6.94202e+09	6.8003e+09	7.32208e+09	6.80235e+09	7.3408e+09	6.32124e+09	5.55065e+09	5.94696e+09	5.92564e+09	5.62633e+09	6.33825e+09	5.92634e+09	6.62041e+09	6.6773e+09	5.72786e+09	5.7222e+09	6.66694e+09	5.86772e+09	6.63951e+09	6.52501e+09	6.04641e+09	6.72881e+09	4.94517e+09	6.10318e+09	5.02188e+09	5.45987e+09	5.1691e+09	5.97533e+09	5.4428e+09	6.01441e+09	5.96755e+09	6.19195e+09	5.24742e+09	6.32231e+09	4.97943e+09	6.31609e+09	6.50233e+09	5.59271e+09	3.94627e+09	6.54663e+09	6.53899e+09	5.64516e+09	5.48534e+09	5.48603e+09	5.93318e+09	5.63613e+09	5.55601e+09	5.52627e+09	5.82913e+09	6.49059e+09	4.95498e+09	5.86858e+09	6.11036e+09	5.76924e+09	6.99241e+09	6.09632e+09	6.22572e+09	6.16062e+09	6.95615e+09	7.02136e+09
ERR626906	4.44459e+09	5.52146e+09	4.44827e+09	4.2792e+09	5.77172e+09	5.31283e+09	5.57475e+09	4.98969e+09	5.95183e+09	4.76302e+09	5.528e+09	5.88956e+09	5.27514e+09	5.35536e+09	5.25985e+09	4.88352e+09	5.1907e+09	5.15267e+09	5.38728e+09	5.32174e+09	5.4065e+09	5.17635e+09	5.43314e+09	5.34884e+09	5.82141e+09	5.89778e+09	5.45358e+09	5.45914e+09	4.55847e+09	5.84719e+09	4.44747e+09	5.08649e+09	4.32295e+09	4.54644e+09	5.12909e+09	4.81216e+09	5.82993e+09	5.72393e+09	6.12923e+09	5.7255e+09	6.14362e+09	5.33268e+09	4.72101e+09	5.0365e+09	5.0227e+09	4.7823e+09	5.35038e+09	5.01984e+09	5.5625e+09	5.60766e+09	4.85309e+09	4.85388e+09	5.59978e+09	4.96575e+09	5.60257e+09	5.50976e+09	5.13021e+09	5.67106e+09	4.23395e+09	5.17668e+09	4.29574e+09	4.67302e+09	4.42911e+09	5.08295e+09	4.65692e+09	5.11323e+09	5.05644e+09	5.24043e+09	4.48517e+09	5.33781e+09	4.26648e+09	5.33285e+09	5.47367e+09	4.76308e+09	3.42196e+09	5.50894e+09	5.5052e+09	4.80652e+09	4.66374e+09	4.64652e+09	5.01687e+09	4.77762e+09	4.71384e+09	4.67677e+09	4.92986e+09	5.45759e+09	4.22199e+09	4.96029e+09	5.15061e+09	4.88148e+09	5.85712e+09	5.14635e+09	5.25065e+09	5.2035e+09	5.82909e+09	5.88009e+09
ERR626908	5.60707e+09	7.08937e+09	5.61376e+09	5.39094e+09	7.4337e+09	6.79919e+09	7.04848e+09	5.95183e+09	7.85665e+09	5.88953e+09	6.98272e+09	7.50489e+09	6.74363e+09	6.85482e+09	6.72066e+09	6.18729e+09	6.60925e+09	6.56785e+09	6.89047e+09	6.80193e+09	6.9234e+09	6.60351e+09	6.95251e+09	6.83794e+09	7.46408e+09	7.57033e+09	6.94544e+09	6.95294e+09	5.73182e+09	7.49559e+09	5.54041e+09	6.44313e+09	5.37545e+09	5.67553e+09	6.4883e+09	6.05577e+09	7.49185e+09	7.33343e+09	7.91799e+09	7.336e+09	7.93869e+09	6.80289e+09	5.95376e+09	6.3923e+09	6.36775e+09	6.03785e+09	6.82507e+09	6.36918e+09	7.14408e+09	7.20769e+09	6.15315e+09	6.14526e+09	7.19548e+09	6.3071e+09	7.15326e+09	7.02471e+09	6.4923e+09	7.25343e+09	5.2836e+09	6.55641e+09	5.37032e+09	5.84559e+09	5.52743e+09	6.41429e+09	5.82596e+09	6.45841e+09	6.41617e+09	6.66476e+09	5.61977e+09	6.81103e+09	5.32512e+09	6.80338e+09	7.00873e+09	5.99588e+09	4.19715e+09	7.05791e+09	7.04821e+09	6.05327e+09	5.88318e+09	5.89019e+09	6.38014e+09	6.05227e+09	5.96341e+09	5.93571e+09	6.26761e+09	7.00103e+09	5.30649e+09	6.31165e+09	6.57982e+09	6.2021e+09	7.55817e+09	6.56073e+09	6.70365e+09	6.63135e+09	7.51742e+09	7.59041e+09
ERR626907	4.40688e+09	5.47088e+09	4.41084e+09	4.24299e+09	5.71678e+09	5.26476e+09	5.51727e+09	4.76302e+09	5.88953e+09	4.8951e+09	5.47217e+09	5.8281e+09	5.22769e+09	5.30652e+09	5.21252e+09	4.84056e+09	5.14391e+09	5.10672e+09	5.33818e+09	5.27414e+09	5.3571e+09	5.1303e+09	5.38301e+09	5.3001e+09	5.76378e+09	5.83944e+09	5.40226e+09	5.40728e+09	4.51951e+09	5.78932e+09	4.4083e+09	5.04023e+09	4.28561e+09	4.50624e+09	5.0817e+09	4.76951e+09	5.77293e+09	5.66823e+09	6.06763e+09	5.66957e+09	6.08232e+09	5.28341e+09	4.68018e+09	4.99222e+09	4.97768e+09	4.74079e+09	5.30118e+09	4.9752e+09	5.50906e+09	5.55318e+09	4.8087e+09	4.80936e+09	5.54514e+09	4.91995e+09	5.54843e+09	5.45695e+09	5.08292e+09	5.61625e+09	4.19796e+09	5.12849e+09	4.25517e+09	4.62753e+09	4.38719e+09	5.03112e+09	4.61171e+09	5.06129e+09	5.00899e+09	5.18987e+09	4.44445e+09	5.28601e+09	4.22833e+09	5.28119e+09	5.41985e+09	4.71825e+09	3.39257e+09	5.45527e+09	5.45099e+09	4.76123e+09	4.62195e+09	4.60564e+09	4.97121e+09	4.73439e+09	4.67174e+09	4.6351e+09	4.88507e+09	5.40481e+09	4.18592e+09	4.9144e+09	5.10244e+09	4.8372e+09	5.79815e+09	5.09832e+09	5.20164e+09	5.15456e+09	5.77071e+09	5.82124e+09
ERR626904	5.19562e+09	6.52441e+09	5.20196e+09	4.9985e+09	6.82917e+09	6.26554e+09	6.50435e+09	5.528e+09	6.98272e+09	5.47217e+09	6.67462e+09	6.90454e+09	6.21594e+09	6.31451e+09	6.19502e+09	5.71986e+09	6.09829e+09	6.05968e+09	6.3478e+09	6.26835e+09	6.37682e+09	6.09086e+09	6.40302e+09	6.30093e+09	6.86262e+09	6.95589e+09	6.40411e+09	6.41082e+09	5.31465e+09	6.89007e+09	5.14684e+09	5.95489e+09	4.9976e+09	5.26826e+09	5.99597e+09	5.60883e+09	6.88448e+09	6.74352e+09	7.25852e+09	6.7457e+09	7.27758e+09	6.27426e+09	5.5096e+09	5.90272e+09	5.87948e+09	5.58454e+09	6.28886e+09	5.88088e+09	6.57216e+09	6.62793e+09	5.69054e+09	5.68453e+09	6.61822e+09	5.82862e+09	6.58679e+09	6.47366e+09	6.00074e+09	6.67514e+09	4.91249e+09	6.05815e+09	4.98786e+09	5.42016e+09	5.13294e+09	5.92835e+09	5.40226e+09	5.96729e+09	5.92301e+09	6.14443e+09	5.21097e+09	6.27484e+09	4.94554e+09	6.26829e+09	6.4534e+09	5.55319e+09	3.92119e+09	6.49827e+09	6.48979e+09	5.60529e+09	5.44994e+09	5.45218e+09	5.89429e+09	5.60075e+09	5.5209e+09	5.49241e+09	5.78886e+09	6.44252e+09	4.92432e+09	5.82864e+09	6.06794e+09	5.72971e+09	6.93885e+09	6.05529e+09	6.18347e+09	6.11898e+09	6.90369e+09	6.96793e+09
ERR626903	5.54116e+09	7.00189e+09	5.54819e+09	5.32766e+09	7.34021e+09	6.71649e+09	6.96841e+09	5.88956e+09	7.50489e+09	5.8281e+09	6.90454e+09	7.67128e+09	6.65957e+09	6.76793e+09	6.63657e+09	6.11285e+09	6.52998e+09	6.48677e+09	6.80491e+09	6.71793e+09	6.83608e+09	6.52179e+09	6.8658e+09	6.7535e+09	7.3717e+09	7.47594e+09	6.8613e+09	6.86813e+09	5.66416e+09	7.40211e+09	5.47973e+09	6.36546e+09	5.31623e+09	5.61196e+09	6.4117e+09	5.98496e+09	7.39824e+09	7.24249e+09	7.81656e+09	7.2455e+09	7.83723e+09	6.72056e+09	5.88455e+09	6.31637e+09	6.29102e+09	5.9667e+09	6.74317e+09	6.29181e+09	7.05976e+09	7.12203e+09	6.08509e+09	6.07793e+09	7.11032e+09	6.23653e+09	7.06802e+09	6.94249e+09	6.41737e+09	7.1661e+09	5.22436e+09	6.47969e+09	5.3125e+09	5.78432e+09	5.47031e+09	6.3432e+09	5.76467e+09	6.38666e+09	6.34274e+09	6.5902e+09	5.56047e+09	6.73195e+09	5.26989e+09	6.72463e+09	6.92467e+09	5.93007e+09	4.15685e+09	6.97343e+09	6.96452e+09	5.98747e+09	5.82157e+09	5.82642e+09	6.31164e+09	5.98849e+09	5.90085e+09	5.87051e+09	6.1974e+09	6.91824e+09	5.25061e+09	6.24112e+09	6.50437e+09	6.13249e+09	7.46666e+09	6.48582e+09	6.62744e+09	6.55719e+09	7.4273e+09	7.49823e+09
ERR636911	5.69449e+09	7.10759e+09	5.69981e+09	5.49601e+09	7.38894e+09	6.84844e+09	6.26294e+09	5.27514e+09	6.74363e+09	5.22769e+09	6.21594e+09	6.65957e+09	7.20394e+09	7.09764e+09	6.96126e+09	6.39559e+09	6.79943e+09	6.79457e+09	7.12113e+09	7.0532e+09	7.1621e+09	6.89193e+09	7.16957e+09	7.0786e+09	7.3134e+09	7.40036e+09	6.85194e+09	6.8543e+09	5.73431e+09	7.3239e+09	5.42137e+09	6.36519e+09	5.27281e+09	5.5537e+09	6.35905e+09	5.97049e+09	7.44202e+09	7.27545e+09	7.77925e+09	7.28423e+09	7.7964e+09	6.86965e+09	5.97692e+09	6.41347e+09	6.37037e+09	6.05493e+09	6.81104e+09	6.38509e+09	6.9451e+09	7.00539e+09	5.98615e+09	5.94929e+09	6.99199e+09	6.13429e+09	6.94432e+09	6.83569e+09	6.34397e+09	7.04496e+09	5.22701e+09	6.39929e+09	4.96029e+09	5.31363e+09	5.06015e+09	5.83899e+09	5.3065e+09	5.88075e+09	6.21341e+09	6.42e+09	5.40704e+09	6.6042e+09	5.12448e+09	6.59659e+09	6.69239e+09	5.66771e+09	3.94055e+09	6.73402e+09	6.71781e+09	5.7161e+09	5.69023e+09	5.77913e+09	6.19903e+09	5.88772e+09	5.80586e+09	5.8277e+09	6.2093e+09	6.91815e+09	5.27621e+09	6.26935e+09	6.54026e+09	6.158e+09	7.37412e+09	6.44398e+09	6.57334e+09	6.47777e+09	7.33318e+09	7.39944e+09
ERR636912	5.77366e+09	7.21816e+09	5.77972e+09	5.57124e+09	7.50675e+09	6.9523e+09	6.36305e+09	5.35536e+09	6.85482e+09	5.30652e+09	6.31451e+09	6.76793e+09	7.09764e+09	7.42221e+09	7.06651e+09	6.48819e+09	6.90095e+09	6.89621e+09	7.23056e+09	7.1611e+09	7.27178e+09	6.99522e+09	7.28037e+09	7.18744e+09	7.43074e+09	7.52016e+09	6.95801e+09	6.96047e+09	5.81438e+09	7.44218e+09	5.49739e+09	6.46001e+09	5.3462e+09	5.63222e+09	6.45427e+09	6.05762e+09	7.56124e+09	7.39165e+09	7.90737e+09	7.40011e+09	7.92527e+09	6.97385e+09	6.06414e+09	6.51013e+09	6.46567e+09	6.14371e+09	6.91743e+09	6.48077e+09	7.05132e+09	7.11342e+09	6.07261e+09	6.03571e+09	7.09975e+09	6.22339e+09	7.05376e+09	6.94193e+09	6.43896e+09	7.15628e+09	5.29838e+09	6.49546e+09	5.031e+09	5.39229e+09	5.13327e+09	5.92799e+09	5.38473e+09	5.97027e+09	6.30447e+09	6.51599e+09	5.48297e+09	6.70344e+09	5.19536e+09	6.69622e+09	6.79497e+09	5.75077e+09	3.99311e+09	6.83806e+09	6.82128e+09	5.79979e+09	5.77042e+09	5.85996e+09	6.28954e+09	5.97115e+09	5.88759e+09	5.90968e+09	6.29948e+09	7.02385e+09	5.34816e+09	6.36085e+09	6.6371e+09	6.24669e+09	7.48999e+09	6.53877e+09	6.67105e+09	6.57335e+09	7.44845e+09	7.51644e+09
ERR636910	5.67098e+09	7.07605e+09	5.67652e+09	5.47379e+09	7.35558e+09	6.81812e+09	6.24274e+09	5.25985e+09	6.72066e+09	5.21252e+09	6.19502e+09	6.63657e+09	6.96126e+09	7.06651e+09	7.14129e+09	6.36977e+09	6.77095e+09	6.76562e+09	7.08749e+09	7.01995e+09	7.12785e+09	6.8599e+09	7.13565e+09	7.04558e+09	7.28219e+09	7.36854e+09	6.82392e+09	6.82629e+09	5.71185e+09	7.29253e+09	5.40175e+09	6.33985e+09	5.25412e+09	5.53328e+09	6.33406e+09	5.94742e+09	7.40758e+09	7.24398e+09	7.74304e+09	7.25244e+09	7.76048e+09	6.83939e+09	5.95335e+09	6.38687e+09	6.34436e+09	6.03063e+09	6.78289e+09	6.359e+09	6.91449e+09	6.97408e+09	5.9621e+09	5.9254e+09	6.96115e+09	6.10852e+09	6.91647e+09	6.80898e+09	6.32008e+09	7.01683e+09	5.20861e+09	6.37525e+09	4.94312e+09	5.29528e+09	5.04299e+09	5.81789e+09	5.28758e+09	5.8594e+09	6.18795e+09	6.39339e+09	5.3868e+09	6.57634e+09	5.1053e+09	6.56885e+09	6.66539e+09	5.64731e+09	3.92788e+09	6.70676e+09	6.69109e+09	5.69471e+09	5.6671e+09	5.75565e+09	6.17354e+09	5.86331e+09	5.78151e+09	5.80382e+09	6.18406e+09	6.88726e+09	5.25543e+09	6.24294e+09	6.51214e+09	6.13278e+09	7.33917e+09	6.41662e+09	6.54488e+09	6.45023e+09	7.29925e+09	7.36511e+09
ERR636907	5.24035e+09	6.48963e+09	5.24558e+09	5.06201e+09	6.73865e+09	6.26216e+09	5.76158e+09	4.88352e+09	6.18729e+09	4.84056e+09	5.71986e+09	6.11285e+09	6.39559e+09	6.48819e+09	6.36977e+09	6.06699e+09	6.23506e+09	6.22823e+09	6.50438e+09	6.44465e+09	6.53891e+09	6.30303e+09	6.5474e+09	6.46776e+09	6.68355e+09	6.759e+09	6.27928e+09	6.28099e+09	5.28695e+09	6.69271e+09	5.01097e+09	5.84432e+09	4.87771e+09	5.12891e+09	5.84294e+09	5.49747e+09	6.79088e+09	6.64789e+09	7.08576e+09	6.65529e+09	7.10027e+09	6.28839e+09	5.50026e+09	5.88679e+09	5.84994e+09	5.56994e+09	6.23829e+09	5.86268e+09	6.34946e+09	6.40212e+09	5.50278e+09	5.4718e+09	6.39032e+09	5.63349e+09	6.36197e+09	6.26659e+09	5.83256e+09	6.45006e+09	4.83384e+09	5.88128e+09	4.57982e+09	4.90482e+09	4.67386e+09	5.3742e+09	4.89744e+09	5.41174e+09	5.70925e+09	5.89496e+09	4.99286e+09	6.05489e+09	4.73876e+09	6.04853e+09	6.12764e+09	5.22296e+09	3.66205e+09	6.16499e+09	6.1509e+09	5.26626e+09	5.24201e+09	5.3147e+09	5.6935e+09	5.41549e+09	5.34221e+09	5.35745e+09	5.70422e+09	6.32705e+09	4.87093e+09	5.75562e+09	5.99388e+09	5.65723e+09	6.72565e+09	5.90976e+09	6.02351e+09	5.94136e+09	6.69086e+09	6.74868e+09
ERR636908	5.54686e+09	6.91382e+09	5.5524e+09	5.35226e+09	7.18798e+09	6.66149e+09	6.14429e+09	5.1907e+09	6.60925e+09	5.14391e+09	6.09829e+09	6.52998e+09	6.79943e+09	6.90095e+09	6.77095e+09	6.23506e+09	6.83323e+09	6.61575e+09	6.92194e+09	6.85506e+09	6.95746e+09	6.6974e+09	6.97024e+09	6.88029e+09	7.12984e+09	7.2146e+09	6.68413e+09	6.68518e+09	5.59322e+09	7.14255e+09	5.30449e+09	6.20656e+09	5.15815e+09	5.43254e+09	6.20927e+09	5.82921e+09	7.24419e+09	7.08918e+09	7.57166e+09	7.09791e+09	7.58751e+09	6.68713e+09	5.83572e+09	6.25667e+09	6.21724e+09	5.91147e+09	6.64303e+09	6.22902e+09	6.76415e+09	6.82262e+09	5.83886e+09	5.80782e+09	6.80931e+09	5.98131e+09	6.78075e+09	6.6748e+09	6.19743e+09	6.8764e+09	5.10517e+09	6.24973e+09	4.84945e+09	5.20912e+09	4.95692e+09	5.71869e+09	5.20061e+09	5.75831e+09	6.06689e+09	6.27423e+09	5.29194e+09	6.44434e+09	5.01598e+09	6.43702e+09	6.52265e+09	5.54157e+09	3.86483e+09	6.56411e+09	6.55003e+09	5.58991e+09	5.55935e+09	5.63383e+09	6.04918e+09	5.74628e+09	5.66634e+09	5.67941e+09	6.05475e+09	6.73648e+09	5.15174e+09	6.1109e+09	6.36939e+09	6.00449e+09	7.17641e+09	6.27951e+09	6.40584e+09	6.31772e+09	7.13774e+09	7.20164e+09
ERR636909	5.54482e+09	6.90427e+09	5.55068e+09	5.35289e+09	7.17398e+09	6.65561e+09	6.10467e+09	5.15267e+09	6.56785e+09	5.10672e+09	6.05968e+09	6.48677e+09	6.79457e+09	6.89621e+09	6.76562e+09	6.22823e+09	6.61575e+09	6.81605e+09	6.91522e+09	6.84972e+09	6.95385e+09	6.69456e+09	6.96145e+09	6.8747e+09	7.10837e+09	7.19147e+09	6.66696e+09	6.66928e+09	5.58951e+09	7.11895e+09	5.28801e+09	6.1955e+09	5.14471e+09	5.41548e+09	6.19017e+09	5.81632e+09	7.22667e+09	7.069e+09	7.54984e+09	7.07697e+09	7.56594e+09	6.67902e+09	5.82218e+09	6.24298e+09	6.20059e+09	5.89756e+09	6.62541e+09	6.21502e+09	6.75118e+09	6.80879e+09	5.83058e+09	5.79563e+09	6.79598e+09	5.97228e+09	6.75619e+09	6.65255e+09	6.17854e+09	6.85244e+09	5.09997e+09	6.23271e+09	4.83977e+09	5.18419e+09	4.93817e+09	5.69005e+09	5.176e+09	5.73014e+09	6.04883e+09	6.24915e+09	5.27286e+09	6.42528e+09	4.99959e+09	6.41854e+09	6.51043e+09	5.52421e+09	3.85086e+09	6.55073e+09	6.53514e+09	5.57122e+09	5.54686e+09	5.63044e+09	6.03767e+09	5.73686e+09	5.65657e+09	5.67726e+09	6.04682e+09	6.72486e+09	5.14568e+09	6.10313e+09	6.36304e+09	5.996e+09	7.16163e+09	6.27164e+09	6.39491e+09	6.30474e+09	7.12269e+09	7.18658e+09
ERR636768	5.92292e+09	7.4081e+09	5.9291e+09	5.71543e+09	7.70172e+09	7.13484e+09	6.39736e+09	5.38728e+09	6.89047e+09	5.33818e+09	6.3478e+09	6.80491e+09	7.12113e+09	7.23056e+09	7.08749e+09	6.50438e+09	6.92194e+09	6.91522e+09	7.6747e+09	7.3959e+09	7.50534e+09	7.22614e+09	7.51643e+09	7.42318e+09	7.56202e+09	7.65297e+09	7.07734e+09	7.07688e+09	5.90704e+09	7.57136e+09	5.58202e+09	6.55853e+09	5.42711e+09	5.71888e+09	6.55298e+09	6.1499e+09	7.75766e+09	7.5809e+09	8.10749e+09	7.59118e+09	8.12512e+09	7.15376e+09	6.13957e+09	6.59067e+09	6.54742e+09	6.22009e+09	7.00226e+09	6.56128e+09	7.24118e+09	7.30405e+09	6.23799e+09	6.19949e+09	7.29083e+09	6.3928e+09	7.21273e+09	7.09892e+09	6.58429e+09	7.31976e+09	5.41616e+09	6.64074e+09	5.12397e+09	5.4942e+09	5.23203e+09	6.03514e+09	5.48657e+09	6.07808e+09	6.48316e+09	6.70004e+09	5.64253e+09	6.89173e+09	5.34923e+09	6.88212e+09	6.94562e+09	5.88459e+09	4.10102e+09	6.98818e+09	6.97294e+09	5.93549e+09	5.92708e+09	6.01741e+09	6.45893e+09	6.13315e+09	6.04806e+09	6.06661e+09	6.48263e+09	7.22852e+09	5.50837e+09	6.54776e+09	6.83011e+09	6.4312e+09	7.69534e+09	6.71663e+09	6.85185e+09	6.75253e+09	7.65286e+09	7.72197e+09
ERR636766	5.87032e+09	7.33324e+09	5.87663e+09	5.66569e+09	7.62043e+09	7.06533e+09	6.31685e+09	5.32174e+09	6.80193e+09	5.27414e+09	6.26835e+09	6.71793e+09	7.0532e+09	7.1611e+09	7.01995e+09	6.44465e+09	6.85506e+09	6.84972e+09	7.3959e+09	7.529e+09	7.43357e+09	7.16037e+09	7.4433e+09	7.35231e+09	7.4819e+09	7.57056e+09	7.00538e+09	7.00531e+09	5.85423e+09	7.49025e+09	5.52657e+09	6.49112e+09	5.37425e+09	5.66179e+09	6.48442e+09	6.08829e+09	7.6758e+09	7.50188e+09	8.01802e+09	7.51227e+09	8.03471e+09	7.08482e+09	6.08179e+09	6.52633e+09	6.48255e+09	6.16092e+09	6.93106e+09	6.49661e+09	7.16311e+09	7.22467e+09	6.17419e+09	6.13489e+09	7.21197e+09	6.32646e+09	7.134e+09	7.02242e+09	6.51622e+09	7.23908e+09	5.3667e+09	6.57179e+09	5.0657e+09	5.42743e+09	5.17036e+09	5.96019e+09	5.42042e+09	6.0029e+09	6.41523e+09	6.62872e+09	5.58452e+09	6.81825e+09	5.29541e+09	6.80948e+09	6.8672e+09	5.82008e+09	4.05832e+09	6.9091e+09	6.8937e+09	5.86995e+09	5.86727e+09	5.95871e+09	6.39298e+09	6.07129e+09	5.98801e+09	6.00707e+09	6.41942e+09	7.15381e+09	5.45735e+09	6.48352e+09	6.76217e+09	6.36819e+09	7.61062e+09	6.64839e+09	6.78094e+09	6.68218e+09	7.56906e+09	7.63716e+09
ERR636765	5.95524e+09	7.45209e+09	5.96179e+09	5.74709e+09	7.74672e+09	7.17739e+09	6.42571e+09	5.4065e+09	6.9234e+09	5.3571e+09	6.37682e+09	6.83608e+09	7.1621e+09	7.27178e+09	7.12785e+09	6.53891e+09	6.95746e+09	6.95385e+09	7.50534e+09	7.43357e+09	7.76323e+09	7.26693e+09	7.55963e+09	7.46078e+09	7.59863e+09	7.69023e+09	7.11136e+09	7.11206e+09	5.93759e+09	7.60798e+09	5.60801e+09	6.59633e+09	5.45288e+09	5.74609e+09	6.5875e+09	6.18326e+09	7.79843e+09	7.6173e+09	8.15193e+09	7.6275e+09	8.16921e+09	7.19198e+09	6.16928e+09	6.6238e+09	6.57829e+09	6.24934e+09	7.03689e+09	6.59388e+09	7.28362e+09	7.34687e+09	6.27417e+09	6.23312e+09	7.33383e+09	6.42998e+09	7.24815e+09	7.13372e+09	6.61734e+09	7.35613e+09	5.44525e+09	6.67432e+09	5.15862e+09	5.52417e+09	5.2624e+09	6.06864e+09	5.51673e+09	6.11192e+09	6.51554e+09	6.73042e+09	5.6671e+09	6.92655e+09	5.37277e+09	6.91751e+09	6.99014e+09	5.91855e+09	4.12086e+09	7.03312e+09	7.01689e+09	5.96852e+09	5.95915e+09	6.05392e+09	6.49509e+09	6.16691e+09	6.0826e+09	6.10366e+09	6.51746e+09	7.27009e+09	5.53695e+09	6.5831e+09	6.86917e+09	6.46557e+09	7.7396e+09	6.75498e+09	6.89084e+09	6.78916e+09	7.69684e+09	7.76693e+09
ERR636763	5.74794e+09	7.15891e+09	5.75392e+09	5.55116e+09	7.43288e+09	6.90266e+09	6.13702e+09	5.17635e+09	6.60351e+09	5.1303e+09	6.09086e+09	6.52179e+09	6.89193e+09	6.99522e+09	6.8599e+09	6.30303e+09	6.6974e+09	6.69456e+09	7.22614e+09	7.16037e+09	7.26693e+09	7.20119e+09	7.27575e+09	7.18484e+09	7.29566e+09	7.38101e+09	6.83886e+09	6.83835e+09	5.72976e+09	7.30293e+09	5.40269e+09	6.33934e+09	5.25551e+09	5.5338e+09	6.3294e+09	5.94929e+09	7.48943e+09	7.32129e+09	7.81335e+09	7.33203e+09	7.82898e+09	6.92614e+09	5.94287e+09	6.37321e+09	6.33009e+09	6.01929e+09	6.76127e+09	6.3458e+09	6.98872e+09	7.04779e+09	6.0325e+09	5.99304e+09	7.03485e+09	6.18003e+09	6.95586e+09	6.84943e+09	6.36253e+09	7.05769e+09	5.25396e+09	6.41568e+09	4.93704e+09	5.28213e+09	5.03506e+09	5.79691e+09	5.2761e+09	5.83779e+09	6.26568e+09	6.46864e+09	5.45852e+09	6.65559e+09	5.17845e+09	6.64705e+09	6.69482e+09	5.68076e+09	3.96894e+09	6.73454e+09	6.71929e+09	5.7282e+09	5.7313e+09	5.8232e+09	6.24074e+09	5.9291e+09	5.84944e+09	5.86979e+09	6.27498e+09	6.98474e+09	5.34313e+09	6.33837e+09	6.60852e+09	6.22675e+09	7.4214e+09	6.49483e+09	6.62267e+09	6.52562e+09	7.38131e+09	7.44641e+09
ERR636764	5.95864e+09	7.46058e+09	5.96482e+09	5.74868e+09	7.75876e+09	7.18381e+09	6.45306e+09	5.43314e+09	6.95251e+09	5.38301e+09	6.40302e+09	6.8658e+09	7.16957e+09	7.28037e+09	7.13565e+09	6.5474e+09	6.97024e+09	6.96145e+09	7.51643e+09	7.4433e+09	7.55963e+09	7.27575e+09	7.78296e+09	7.47107e+09	7.61947e+09	7.71207e+09	7.12789e+09	7.12791e+09	5.94353e+09	7.62963e+09	5.62164e+09	6.60577e+09	5.46366e+09	5.75974e+09	6.60189e+09	6.19371e+09	7.81679e+09	7.63844e+09	8.17291e+09	7.64843e+09	8.18923e+09	7.20262e+09	6.18134e+09	6.63618e+09	6.59268e+09	6.26252e+09	7.05234e+09	6.60635e+09	7.29616e+09	7.35967e+09	6.28124e+09	6.24352e+09	7.34615e+09	6.43826e+09	7.26896e+09	7.1522e+09	6.63171e+09	7.37605e+09	5.45033e+09	6.68866e+09	5.16118e+09	5.53913e+09	5.2722e+09	6.08602e+09	5.5316e+09	6.1291e+09	6.53264e+09	6.75368e+09	5.6835e+09	6.94531e+09	5.38776e+09	6.93596e+09	6.99956e+09	5.93068e+09	4.12989e+09	7.04312e+09	7.02751e+09	5.98221e+09	5.96865e+09	6.0566e+09	6.50433e+09	6.17422e+09	6.08973e+09	6.10541e+09	6.52597e+09	7.28172e+09	5.54231e+09	6.59147e+09	6.87673e+09	6.47372e+09	7.75433e+09	6.76421e+09	6.90113e+09	6.80123e+09	7.71224e+09	7.78182e+09
ERR636767	5.89021e+09	7.36131e+09	5.89633e+09	5.68397e+09	7.65124e+09	7.09175e+09	6.34949e+09	5.34884e+09	6.83794e+09	5.3001e+09	6.30093e+09	6.7535e+09	7.0786e+09	7.18744e+09	7.04558e+09	6.46776e+09	6.88029e+09	6.8747e+09	7.42318e+09	7.35231e+09	7.46078e+09	7.18484e+09	7.47107e+09	7.58381e+09	7.51426e+09	7.60382e+09	7.03387e+09	7.0343e+09	5.87522e+09	7.52288e+09	5.54765e+09	6.517e+09	5.39452e+09	5.68372e+09	6.51086e+09	6.11194e+09	7.70798e+09	7.53327e+09	8.05311e+09	7.54353e+09	8.07068e+09	7.11206e+09	6.10417e+09	6.55139e+09	6.50752e+09	6.18327e+09	6.95868e+09	6.52173e+09	7.19527e+09	7.25662e+09	6.20044e+09	6.16196e+09	7.2441e+09	6.354e+09	7.1652e+09	7.05275e+09	6.54279e+09	7.27097e+09	5.38579e+09	6.5988e+09	5.08994e+09	5.45526e+09	5.19592e+09	5.99084e+09	5.44801e+09	6.03366e+09	6.44318e+09	6.65786e+09	5.60882e+09	6.8485e+09	5.31806e+09	6.83918e+09	6.89957e+09	5.84752e+09	4.07652e+09	6.94176e+09	6.92664e+09	5.89772e+09	5.89302e+09	5.98433e+09	6.4211e+09	6.09809e+09	6.01337e+09	6.03276e+09	6.44485e+09	7.18365e+09	5.47821e+09	6.50968e+09	6.78956e+09	6.39372e+09	7.64469e+09	6.6766e+09	6.81039e+09	6.7114e+09	7.60305e+09	7.67167e+09
ERR608367	6.08925e+09	7.66509e+09	6.09676e+09	5.86632e+09	7.99686e+09	7.3717e+09	6.92079e+09	5.82141e+09	7.46408e+09	5.76378e+09	6.86262e+09	7.3717e+09	7.3134e+09	7.43074e+09	7.28219e+09	6.68355e+09	7.12984e+09	7.10837e+09	7.56202e+09	7.4819e+09	7.59863e+09	7.29566e+09	7.61947e+09	7.51426e+09	8.27961e+09	8.14351e+09	7.4984e+09	7.50093e+09	6.20802e+09	8.05847e+09	5.82139e+09	6.83323e+09	5.6518e+09	5.96705e+09	6.8497e+09	6.40532e+09	8.08272e+09	7.90697e+09	8.4804e+09	7.91497e+09	8.49795e+09	7.41009e+09	6.35635e+09	6.8331e+09	6.79174e+09	6.44264e+09	7.27905e+09	6.80158e+09	7.60176e+09	7.66972e+09	6.53592e+09	6.50772e+09	7.65461e+09	6.70092e+09	7.57216e+09	7.44372e+09	6.88395e+09	7.6825e+09	5.61738e+09	6.94587e+09	5.45929e+09	5.89415e+09	5.59356e+09	6.47734e+09	5.88112e+09	6.52366e+09	6.82496e+09	7.0758e+09	5.94482e+09	7.25925e+09	5.62852e+09	7.25164e+09	7.34634e+09	6.23245e+09	4.33432e+09	7.39386e+09	7.38064e+09	6.29049e+09	6.22175e+09	6.28937e+09	6.7771e+09	6.42898e+09	6.33633e+09	6.3389e+09	6.76096e+09	7.54689e+09	5.72432e+09	6.82139e+09	7.11564e+09	6.69974e+09	8.07354e+09	7.02822e+09	7.17497e+09	7.08089e+09	8.03061e+09	8.10448e+09
ERR608369	6.1556e+09	7.75917e+09	6.16237e+09	5.92852e+09	8.09864e+09	7.45912e+09	7.01649e+09	5.89778e+09	7.57033e+09	5.83944e+09	6.95589e+09	7.47594e+09	7.40036e+09	7.52016e+09	7.36854e+09	6.759e+09	7.2146e+09	7.19147e+09	7.65297e+09	7.57056e+09	7.69023e+09	7.38101e+09	7.71207e+09	7.60382e+09	8.14351e+09	8.5006e+09	7.59043e+09	7.5962e+09	6.27424e+09	8.16913e+09	5.89082e+09	6.91631e+09	5.71661e+09	6.03841e+09	6.93519e+09	6.48068e+09	8.188e+09	8.01093e+09	8.59624e+09	8.01936e+09	8.61371e+09	7.49844e+09	6.43344e+09	6.9178e+09	6.87694e+09	6.52128e+09	7.37263e+09	6.88618e+09	7.69445e+09	7.76362e+09	6.60866e+09	6.58134e+09	7.74912e+09	6.77688e+09	7.67089e+09	7.53714e+09	6.96669e+09	7.78289e+09	5.67699e+09	7.03002e+09	5.51837e+09	5.96511e+09	5.65737e+09	6.55858e+09	5.95193e+09	6.60583e+09	6.90988e+09	7.16673e+09	6.01541e+09	7.35175e+09	5.69356e+09	7.34409e+09	7.43584e+09	6.30581e+09	4.38074e+09	7.48502e+09	7.47298e+09	6.36462e+09	6.29117e+09	6.35609e+09	6.85398e+09	6.49954e+09	6.4054e+09	6.40657e+09	6.8367e+09	7.63827e+09	5.78405e+09	6.89877e+09	7.19741e+09	6.77426e+09	8.17552e+09	7.1078e+09	7.25822e+09	7.1626e+09	8.13129e+09	8.20739e+09
ERR608366	5.73244e+09	7.16327e+09	5.73974e+09	5.52779e+09	7.4587e+09	6.89963e+09	6.45591e+09	5.45358e+09	6.94544e+09	5.40226e+09	6.40411e+09	6.8613e+09	6.85194e+09	6.95801e+09	6.82392e+09	6.27928e+09	6.68413e+09	6.66696e+09	7.07734e+09	7.00538e+09	7.11136e+09	6.83886e+09	7.12789e+09	7.03387e+09	7.4984e+09	7.59043e+09	7.23301e+09	7.01961e+09	5.84691e+09	7.51432e+09	5.47754e+09	6.40718e+09	5.32228e+09	5.61135e+09	6.41887e+09	6.01557e+09	7.5368e+09	7.37957e+09	7.88847e+09	7.38708e+09	7.90446e+09	6.93956e+09	5.97343e+09	6.40953e+09	6.37009e+09	6.05253e+09	6.81106e+09	6.38063e+09	7.09111e+09	7.15226e+09	6.12366e+09	6.09594e+09	7.13923e+09	6.27347e+09	7.07264e+09	6.95756e+09	6.45398e+09	7.17198e+09	5.29696e+09	6.50948e+09	5.11638e+09	5.50912e+09	5.2362e+09	6.04174e+09	5.49794e+09	6.0841e+09	6.38535e+09	6.61037e+09	5.57822e+09	6.78002e+09	5.28757e+09	6.77351e+09	6.85297e+09	5.83483e+09	4.08192e+09	6.89579e+09	6.88374e+09	5.88688e+09	5.83472e+09	5.90013e+09	6.34329e+09	6.02587e+09	5.94149e+09	5.94556e+09	6.33721e+09	7.04736e+09	5.38835e+09	6.39322e+09	6.65995e+09	6.28159e+09	7.5179e+09	6.57761e+09	6.71012e+09	6.62312e+09	7.47893e+09	7.54567e+09
ERR608370	5.7347e+09	7.16596e+09	5.7418e+09	5.52987e+09	7.46057e+09	6.90296e+09	6.46281e+09	5.45914e+09	6.95294e+09	5.40728e+09	6.41082e+09	6.86813e+09	6.8543e+09	6.96047e+09	6.82629e+09	6.28099e+09	6.68518e+09	6.66928e+09	7.07688e+09	7.00531e+09	7.11206e+09	6.83835e+09	7.12791e+09	7.0343e+09	7.50093e+09	7.5962e+09	7.01961e+09	7.24189e+09	5.84921e+09	7.51997e+09	5.48032e+09	6.41085e+09	5.32563e+09	5.61405e+09	6.42241e+09	6.01906e+09	7.53874e+09	7.38144e+09	7.89103e+09	7.38866e+09	7.90703e+09	6.94091e+09	5.97571e+09	6.41194e+09	6.37306e+09	6.05466e+09	6.81403e+09	6.38328e+09	7.09599e+09	7.15669e+09	6.12837e+09	6.09986e+09	7.1438e+09	6.27753e+09	7.07651e+09	6.961e+09	6.45682e+09	7.17618e+09	5.30011e+09	6.51456e+09	5.12629e+09	5.51662e+09	5.24312e+09	6.04901e+09	5.50436e+09	6.09129e+09	6.38982e+09	6.61322e+09	5.5814e+09	6.78463e+09	5.29034e+09	6.77839e+09	6.86128e+09	5.84095e+09	4.08567e+09	6.9045e+09	6.89182e+09	5.89266e+09	5.83962e+09	5.9055e+09	6.34699e+09	6.03046e+09	5.9452e+09	5.95121e+09	6.34078e+09	7.04942e+09	5.39076e+09	6.39614e+09	6.66363e+09	6.28471e+09	7.52188e+09	6.58242e+09	6.7146e+09	6.62721e+09	7.48272e+09	7.55e+09
ERR608365	4.86058e+09	5.96724e+09	4.86722e+09	4.70217e+09	6.18463e+09	5.76752e+09	5.35256e+09	4.55847e+09	5.73182e+09	4.51951e+09	5.31465e+09	5.66416e+09	5.73431e+09	5.81438e+09	5.71185e+09	5.28695e+09	5.59322e+09	5.58951e+09	5.90704e+09	5.85423e+09	5.93759e+09	5.72976e+09	5.94353e+09	5.87522e+09	6.20802e+09	6.27424e+09	5.84691e+09	5.84921e+09	5.12971e+09	6.2152e+09	4.63248e+09	5.37494e+09	4.51436e+09	4.73769e+09	5.3733e+09	5.0666e+09	6.24005e+09	6.11464e+09	6.50217e+09	6.12048e+09	6.51543e+09	5.79715e+09	5.02893e+09	5.37209e+09	5.33767e+09	5.09147e+09	5.67822e+09	5.34996e+09	5.89017e+09	5.93611e+09	5.14297e+09	5.11455e+09	5.92651e+09	5.25839e+09	5.87007e+09	5.78532e+09	5.40248e+09	5.94714e+09	4.51389e+09	5.44642e+09	4.32122e+09	4.60693e+09	4.40009e+09	5.02903e+09	4.60063e+09	5.06287e+09	5.33167e+09	5.49372e+09	4.69092e+09	5.63737e+09	4.46297e+09	5.6318e+09	5.70351e+09	4.89646e+09	3.47699e+09	5.73621e+09	5.72389e+09	4.93522e+09	4.90604e+09	4.97384e+09	5.30743e+09	5.0626e+09	4.99591e+09	5.01169e+09	5.31325e+09	5.86054e+09	4.56899e+09	5.3574e+09	5.5691e+09	5.27038e+09	6.21895e+09	5.50227e+09	5.60103e+09	5.52862e+09	6.18734e+09	6.2392e+09
ERR608368	6.09493e+09	7.67485e+09	6.10213e+09	5.87059e+09	8.01013e+09	7.37951e+09	6.94939e+09	5.84719e+09	7.49559e+09	5.78932e+09	6.89007e+09	7.40211e+09	7.3239e+09	7.44218e+09	7.29253e+09	6.69271e+09	7.14255e+09	7.11895e+09	7.57136e+09	7.49025e+09	7.60798e+09	7.30293e+09	7.62963e+09	7.52288e+09	8.05847e+09	8.16913e+09	7.51432e+09	7.51997e+09	6.2152e+09	8.32518e+09	5.83696e+09	6.84783e+09	5.66521e+09	5.98322e+09	6.86689e+09	6.41913e+09	8.09992e+09	7.9268e+09	8.50114e+09	7.935e+09	8.5188e+09	7.42048e+09	6.37256e+09	6.85042e+09	6.81011e+09	6.45893e+09	7.29812e+09	6.81927e+09	7.6101e+09	7.67902e+09	6.54048e+09	6.51404e+09	7.66412e+09	6.70598e+09	7.59231e+09	7.45988e+09	6.89757e+09	7.70231e+09	5.62414e+09	6.96034e+09	5.46391e+09	5.90689e+09	5.60242e+09	6.49263e+09	5.89342e+09	6.53906e+09	6.8396e+09	7.09436e+09	5.95769e+09	7.27553e+09	5.63971e+09	7.26725e+09	7.35623e+09	6.24324e+09	4.34162e+09	7.40443e+09	7.39253e+09	6.30176e+09	6.22881e+09	6.2909e+09	6.78299e+09	6.43374e+09	6.34109e+09	6.34092e+09	6.76575e+09	7.55527e+09	5.72676e+09	6.82684e+09	7.12061e+09	6.70488e+09	8.08389e+09	7.03374e+09	7.18167e+09	7.08791e+09	8.04088e+09	8.11545e+09
ERR607315	4.58015e+09	5.631e+09	4.58516e+09	4.42556e+09	5.85205e+09	5.4354e+09	5.18538e+09	4.44747e+09	5.54041e+09	4.4083e+09	5.14684e+09	5.47973e+09	5.42137e+09	5.49739e+09	5.40175e+09	5.01097e+09	5.30449e+09	5.28801e+09	5.58202e+09	5.52657e+09	5.60801e+09	5.40269e+09	5.62164e+09	5.54765e+09	5.82139e+09	5.89082e+09	5.47754e+09	5.48032e+09	4.63248e+09	5.83696e+09	4.72297e+09	5.22969e+09	4.43005e+09	4.65194e+09	5.24489e+09	4.94376e+09	5.90554e+09	5.79181e+09	6.16821e+09	5.79658e+09	6.17961e+09	5.46173e+09	4.78874e+09	5.10563e+09	5.08046e+09	4.84648e+09	5.40154e+09	5.08649e+09	5.60125e+09	5.64533e+09	4.90344e+09	4.8869e+09	5.63616e+09	5.01215e+09	5.5948e+09	5.50913e+09	5.14735e+09	5.66516e+09	4.29369e+09	5.18758e+09	4.19633e+09	4.51073e+09	4.29825e+09	4.91166e+09	4.50215e+09	4.94283e+09	5.11288e+09	5.27719e+09	4.52818e+09	5.39401e+09	4.31346e+09	5.38882e+09	5.46825e+09	4.73985e+09	3.40285e+09	5.5e+09	5.49183e+09	4.77736e+09	4.68963e+09	4.72043e+09	5.05287e+09	4.82123e+09	4.7623e+09	4.75194e+09	5.03529e+09	5.55559e+09	4.33927e+09	5.07533e+09	5.26791e+09	4.99479e+09	5.89784e+09	5.21513e+09	5.31256e+09	5.25137e+09	5.86928e+09	5.91805e+09
ERR607313	5.32944e+09	6.62762e+09	5.33658e+09	5.14447e+09	6.89512e+09	6.38585e+09	6.00045e+09	5.08649e+09	6.44313e+09	5.04023e+09	5.95489e+09	6.36546e+09	6.36519e+09	6.46001e+09	6.33985e+09	5.84432e+09	6.20656e+09	6.1955e+09	6.55853e+09	6.49112e+09	6.59633e+09	6.33934e+09	6.60577e+09	6.517e+09	6.83323e+09	6.91631e+09	6.40718e+09	6.41085e+09	5.37494e+09	6.84783e+09	5.22969e+09	6.31124e+09	5.08544e+09	5.35371e+09	6.10181e+09	5.73274e+09	6.94507e+09	6.79623e+09	7.27054e+09	6.80287e+09	7.28498e+09	6.40211e+09	5.55913e+09	5.95389e+09	5.91798e+09	5.63094e+09	6.31778e+09	5.92932e+09	6.5833e+09	6.6385e+09	5.71565e+09	5.68809e+09	6.62697e+09	5.84936e+09	6.54313e+09	6.43957e+09	5.99003e+09	6.63378e+09	4.95059e+09	6.04191e+09	4.84657e+09	5.19963e+09	4.95162e+09	5.68898e+09	5.19041e+09	5.72852e+09	5.95394e+09	6.14922e+09	5.22241e+09	6.30581e+09	4.96082e+09	6.29945e+09	6.41111e+09	5.48755e+09	3.87178e+09	6.45027e+09	6.43705e+09	5.53301e+09	5.44702e+09	5.50773e+09	5.90292e+09	5.61867e+09	5.54416e+09	5.55058e+09	5.8825e+09	6.52752e+09	5.02644e+09	5.93372e+09	6.17678e+09	5.83311e+09	6.95424e+09	6.10766e+09	6.22568e+09	6.14441e+09	6.91759e+09	6.97891e+09
ERR607314	4.46433e+09	5.47287e+09	4.46965e+09	4.31553e+09	5.68264e+09	5.28553e+09	5.0345e+09	4.32295e+09	5.37545e+09	4.28561e+09	4.9976e+09	5.31623e+09	5.27281e+09	5.3462e+09	5.25412e+09	4.87771e+09	5.15815e+09	5.14471e+09	5.42711e+09	5.37425e+09	5.45288e+09	5.25551e+09	5.46366e+09	5.39452e+09	5.6518e+09	5.71661e+09	5.32228e+09	5.32563e+09	4.51436e+09	5.66521e+09	4.43005e+09	5.08544e+09	4.48201e+09	4.52694e+09	5.09679e+09	4.81045e+09	5.73107e+09	5.62094e+09	5.98202e+09	5.62548e+09	5.99401e+09	5.30861e+09	4.66215e+09	4.96832e+09	4.943e+09	4.7184e+09	5.25169e+09	4.94997e+09	5.43933e+09	5.48153e+09	4.77012e+09	4.75299e+09	5.47312e+09	4.87456e+09	5.4301e+09	5.34946e+09	5.0029e+09	5.49871e+09	4.18664e+09	5.04324e+09	4.08797e+09	4.38378e+09	4.18134e+09	4.76908e+09	4.37522e+09	4.79888e+09	4.96605e+09	5.12073e+09	4.40206e+09	5.23604e+09	4.19561e+09	5.23127e+09	5.31259e+09	4.60765e+09	3.31545e+09	5.34308e+09	5.33466e+09	4.64375e+09	4.56342e+09	4.59739e+09	4.91368e+09	4.69204e+09	4.63396e+09	4.62856e+09	4.89822e+09	5.39546e+09	4.22743e+09	4.93629e+09	5.12264e+09	4.85897e+09	5.72529e+09	5.07151e+09	5.16426e+09	5.10428e+09	5.69743e+09	5.74412e+09
