	ERR637092	ERR637091	ERR637089	ERR637088	ERR637090	ERR637087	ERR614481	ERR614478	ERR614477	ERR614479	ERR614480	ERR614482	ERR613232	ERR613231	ERR613229	ERR613228	ERR613230	ERR613227	ERR622030	ERR622028	ERR622027	ERR622032	ERR622029	ERR622031	ERR618242	ERR618239	ERR618241	ERR618237	ERR618238	ERR618240	ERR607690	ERR607692	ERR607691	ERR607689	ERR607687	ERR607688	ERR635348	ERR635350	ERR635349	ERR635351	ERR635346	ERR635347	ERR630239	ERR630238	ERR630236	ERR630237	ERR630241	ERR630240	ERR613155	ERR613160	ERR613157	ERR613158	ERR613159	ERR613156	ERR612681	ERR612686	ERR612685	ERR612683	ERR612684	ERR612682	ERR608496	ERR608497	ERR608498	ERR608499	ERR608495	ERR608500	ERR605741	ERR605739	ERR605742	ERR605738	ERR605737	ERR605740	ERR607875	ERR607880	ERR607876	ERR607877	ERR607879	ERR607878	ERR630070	ERR630068	ERR630069	ERR630067	ERR630071	ERR630066	ERR618702	ERR618699	ERR618701	ERR618703	ERR618700	ERR618704	ERR606039	ERR606037	ERR606036	ERR606038	ERR606040	ERR606041
ERR637092	0	0.235555	0.237952	0.240284	0.235514	0.250152	0.407502	0.379557	0.421411	0.376338	0.407097	0.410542	0.385796	0.384967	0.355443	0.353773	0.393566	0.359519	0.344245	0.337754	0.342843	0.343957	0.338459	0.34278	0.327561	0.333066	0.327387	0.32707	0.328288	0.332371	0.288895	0.289591	0.288827	0.290799	0.303826	0.289594	0.383449	0.393627	0.393495	0.394566	0.391294	0.384513	0.344045	0.365432	0.342858	0.356442	0.353666	0.343744	0.420813	0.477867	0.419475	0.481804	0.471172	0.418564	0.442236	0.45328	0.449964	0.440977	0.452422	0.462025	0.454447	0.458945	0.458156	0.456667	0.470053	0.455467	0.445411	0.444935	0.447895	0.444414	0.436919	0.451503	0.529905	0.517437	0.526791	0.532515	0.516355	0.516547	0.311281	0.307261	0.331108	0.301823	0.311162	0.314416	0.530244	0.518189	0.521103	0.528543	0.521471	0.532113	0.532379	0.524523	0.523139	0.525237	0.535763	0.537193
ERR637091	0.235555	0	0.23842	0.23999	0.235259	0.250984	0.407465	0.379139	0.421882	0.3757	0.407146	0.410378	0.386465	0.385611	0.355637	0.353612	0.394348	0.358925	0.344479	0.338498	0.343016	0.344123	0.339037	0.342926	0.326849	0.332087	0.326797	0.32639	0.327347	0.331507	0.28942	0.290329	0.289301	0.291496	0.305005	0.289713	0.383784	0.393723	0.393595	0.394686	0.391723	0.385231	0.344218	0.365948	0.343116	0.357178	0.354386	0.343988	0.420796	0.478904	0.419783	0.482722	0.47226	0.419085	0.442242	0.453499	0.450121	0.44128	0.452635	0.462499	0.453901	0.458163	0.457266	0.455958	0.470233	0.454625	0.446413	0.445661	0.448924	0.444935	0.43754	0.452263	0.529834	0.517152	0.52673	0.532462	0.516035	0.516202	0.312131	0.307237	0.332089	0.30201	0.312067	0.314128	0.530133	0.518045	0.520921	0.528409	0.521255	0.531893	0.53213	0.524139	0.523481	0.524794	0.535664	0.536994
ERR637089	0.237952	0.23842	0	0.239365	0.238134	0.245376	0.404833	0.379879	0.419092	0.377699	0.404529	0.407413	0.381123	0.380193	0.354286	0.353909	0.388202	0.360592	0.347857	0.338922	0.345323	0.347626	0.339658	0.346144	0.331155	0.336581	0.330334	0.330234	0.330961	0.336232	0.290395	0.291157	0.290048	0.290573	0.300824	0.289142	0.38278	0.39567	0.395446	0.396516	0.393189	0.38392	0.344107	0.362085	0.342865	0.354089	0.35281	0.34376	0.422288	0.473397	0.419426	0.477034	0.466787	0.418668	0.442258	0.451023	0.447599	0.439842	0.450057	0.458645	0.453653	0.459089	0.458975	0.457019	0.466753	0.455786	0.442739	0.442198	0.444971	0.44157	0.435107	0.448185	0.526087	0.514865	0.523123	0.52885	0.51356	0.513877	0.313311	0.31176	0.328457	0.304392	0.313576	0.319525	0.527767	0.516546	0.519201	0.526	0.519513	0.529621	0.528477	0.522983	0.519161	0.523828	0.531367	0.532567
ERR637088	0.240284	0.23999	0.239365	0	0.240081	0.247502	0.404187	0.37902	0.424327	0.374838	0.403858	0.406988	0.381234	0.380685	0.350742	0.349546	0.389846	0.353893	0.34363	0.337147	0.341416	0.343639	0.337791	0.342732	0.329729	0.332925	0.328567	0.329659	0.328156	0.332619	0.295592	0.296603	0.295135	0.296318	0.306451	0.291842	0.385346	0.39586	0.395467	0.396513	0.393855	0.387708	0.349743	0.367741	0.347226	0.36079	0.360962	0.348477	0.422043	0.477456	0.421071	0.480496	0.470548	0.420294	0.439022	0.448883	0.445908	0.439119	0.448133	0.457896	0.449924	0.453639	0.454388	0.45253	0.468491	0.451588	0.44646	0.443358	0.448399	0.442629	0.434985	0.448548	0.521956	0.508688	0.518696	0.523766	0.507402	0.507645	0.324032	0.31453	0.340937	0.310186	0.324017	0.320945	0.525168	0.513858	0.517003	0.523551	0.517715	0.52668	0.521983	0.515535	0.516688	0.515982	0.525808	0.526962
ERR637090	0.235514	0.235259	0.238134	0.240081	0	0.250635	0.407458	0.379093	0.421664	0.375765	0.407003	0.410564	0.386245	0.385427	0.355515	0.35359	0.394054	0.359037	0.34387	0.337954	0.342513	0.343588	0.33866	0.342392	0.326891	0.332159	0.326701	0.326489	0.327408	0.331591	0.289102	0.289985	0.28925	0.291023	0.304396	0.289571	0.383816	0.393807	0.393697	0.394724	0.391681	0.385203	0.344276	0.365717	0.343058	0.356968	0.354195	0.344043	0.420694	0.478772	0.419749	0.482638	0.472059	0.418993	0.442356	0.453736	0.4504	0.441321	0.452746	0.462761	0.454355	0.458644	0.457783	0.456459	0.470469	0.455136	0.446173	0.445791	0.448765	0.444921	0.437251	0.452175	0.529895	0.517272	0.526849	0.532751	0.516198	0.516373	0.312041	0.307327	0.331855	0.302114	0.311923	0.314388	0.530258	0.518177	0.521168	0.528787	0.521675	0.532159	0.532336	0.524333	0.523558	0.525023	0.53573	0.537228
ERR637087	0.250152	0.250984	0.245376	0.247502	0.250635	0	0.395983	0.38181	0.410624	0.383438	0.396364	0.398044	0.369443	0.369053	0.357067	0.360334	0.374949	0.370243	0.361592	0.345939	0.356965	0.361856	0.346409	0.359638	0.346362	0.353933	0.344311	0.347003	0.345032	0.352734	0.296708	0.2968	0.296274	0.293822	0.294298	0.29256	0.389995	0.410069	0.40974	0.410902	0.407029	0.391596	0.34819	0.353593	0.346968	0.35003	0.353657	0.347194	0.435066	0.464902	0.428106	0.46763	0.459149	0.427741	0.449599	0.451133	0.448493	0.445242	0.450667	0.45518	0.459487	0.46704	0.470308	0.466313	0.463712	0.465248	0.442842	0.440152	0.444136	0.440951	0.437431	0.444735	0.52111	0.513275	0.518651	0.523814	0.511538	0.5119	0.324759	0.329561	0.326055	0.319028	0.325823	0.33998	0.526174	0.518167	0.51996	0.52452	0.520149	0.527803	0.525842	0.528319	0.515085	0.529502	0.528542	0.529305
ERR614481	0.407502	0.407465	0.404833	0.404187	0.407458	0.395983	0	0.294515	0.299033	0.308065	0.276562	0.277548	0.376259	0.375835	0.391082	0.398391	0.377598	0.409658	0.436573	0.426791	0.434597	0.437051	0.425784	0.435242	0.384515	0.394102	0.380814	0.388017	0.381514	0.390923	0.398221	0.398625	0.3981	0.39864	0.400888	0.396913	0.517829	0.521796	0.521889	0.522461	0.521159	0.518184	0.377564	0.366061	0.375611	0.371045	0.382216	0.374574	0.525852	0.524246	0.51858	0.524925	0.520681	0.518759	0.521715	0.513247	0.513042	0.516801	0.513611	0.51197	0.525142	0.533806	0.539466	0.534503	0.516637	0.533602	0.530665	0.524277	0.530231	0.526596	0.526065	0.523926	0.524086	0.519852	0.522928	0.526697	0.518647	0.518651	0.425758	0.419975	0.423195	0.416914	0.426699	0.423103	0.530322	0.526448	0.526726	0.529458	0.527158	0.531554	0.542454	0.552542	0.533593	0.554583	0.544295	0.544912
ERR614478	0.379557	0.379139	0.379879	0.37902	0.379093	0.38181	0.294515	0	0.315145	0.272571	0.292986	0.298176	0.387409	0.386746	0.371899	0.372917	0.392996	0.378862	0.402179	0.401506	0.402951	0.401901	0.400552	0.4013	0.340628	0.347743	0.338377	0.342533	0.339591	0.345095	0.373038	0.374038	0.372976	0.376992	0.388775	0.374827	0.496652	0.492664	0.493186	0.493348	0.492593	0.496783	0.349866	0.360875	0.347176	0.357973	0.360521	0.347571	0.497286	0.534035	0.496123	0.536998	0.529146	0.496253	0.501025	0.506342	0.504941	0.500497	0.506123	0.512687	0.508158	0.512592	0.513296	0.511249	0.517845	0.51036	0.522416	0.518751	0.523332	0.518644	0.51341	0.521484	0.537157	0.525042	0.534917	0.539622	0.524585	0.52435	0.394118	0.378973	0.408605	0.380875	0.393831	0.378538	0.536521	0.524723	0.527743	0.535379	0.528231	0.538298	0.544183	0.538285	0.538296	0.539388	0.547188	0.54862
ERR614477	0.421411	0.421882	0.419092	0.424327	0.421664	0.410624	0.299033	0.315145	0	0.335385	0.298513	0.298981	0.392225	0.390741	0.417017	0.42544	0.38782	0.440553	0.460169	0.447726	0.458414	0.459803	0.446105	0.457848	0.402846	0.417621	0.400521	0.404897	0.403286	0.413158	0.406246	0.405812	0.405947	0.406	0.40707	0.409717	0.525013	0.533326	0.533614	0.534506	0.531709	0.523754	0.381523	0.366142	0.382155	0.369752	0.377038	0.381031	0.537303	0.522002	0.526776	0.523511	0.520359	0.526862	0.540449	0.530297	0.529428	0.530669	0.530418	0.525108	0.544302	0.555616	0.559839	0.5548	0.520915	0.553215	0.534487	0.533634	0.534715	0.536894	0.539124	0.535885	0.543592	0.54531	0.543878	0.549088	0.544252	0.543938	0.418638	0.429177	0.408902	0.421216	0.419876	0.434525	0.54465	0.541177	0.539591	0.543859	0.539315	0.546316	0.571365	0.583017	0.55162	0.58584	0.571756	0.572618
ERR614479	0.376338	0.3757	0.377699	0.374838	0.375765	0.383438	0.308065	0.272571	0.335385	0	0.306499	0.312473	0.397641	0.396776	0.369498	0.367476	0.405261	0.369364	0.392717	0.396595	0.394583	0.392349	0.39573	0.392097	0.331616	0.334999	0.32971	0.333633	0.330158	0.333238	0.372199	0.373595	0.372469	0.377452	0.392498	0.373273	0.495069	0.487	0.487422	0.48753	0.487697	0.495757	0.351167	0.36983	0.347459	0.364901	0.366011	0.348489	0.491817	0.544166	0.494188	0.547403	0.538483	0.494164	0.496393	0.507171	0.505799	0.499063	0.506719	0.51676	0.504113	0.505944	0.505301	0.504511	0.524337	0.50373	0.52551	0.521407	0.526754	0.520355	0.512922	0.524434	0.543062	0.527208	0.540171	0.544778	0.526742	0.526733	0.396054	0.372737	0.417071	0.378373	0.395291	0.369941	0.541861	0.52776	0.532197	0.540692	0.53271	0.543597	0.543989	0.531764	0.542462	0.532467	0.547836	0.549579
ERR614480	0.407097	0.407146	0.404529	0.403858	0.407003	0.396364	0.276562	0.292986	0.298513	0.306499	0	0.277663	0.377212	0.376984	0.390725	0.397766	0.378636	0.408849	0.435683	0.426586	0.433854	0.435976	0.425344	0.434293	0.382731	0.39232	0.379018	0.386195	0.380075	0.389121	0.398121	0.398363	0.397763	0.398684	0.40147	0.396734	0.517746	0.521238	0.521275	0.5218	0.520609	0.518151	0.377065	0.366798	0.375241	0.371374	0.381976	0.374422	0.525465	0.525335	0.518664	0.52616	0.52185	0.518777	0.521654	0.513611	0.513487	0.516741	0.513741	0.512662	0.525009	0.533569	0.53898	0.534278	0.516961	0.533235	0.531296	0.525039	0.530935	0.527179	0.526511	0.524455	0.524444	0.519918	0.523493	0.52718	0.518953	0.518822	0.425673	0.419227	0.423869	0.416368	0.426517	0.42184	0.530205	0.525997	0.52641	0.529349	0.526946	0.53137	0.54301	0.552469	0.534353	0.554589	0.544642	0.54552
ERR614482	0.410542	0.410378	0.407413	0.406988	0.410564	0.398044	0.277548	0.298176	0.298981	0.312473	0.277663	0	0.375765	0.375506	0.393359	0.401031	0.376405	0.412928	0.440339	0.429986	0.438179	0.440853	0.428704	0.439013	0.388975	0.398737	0.384943	0.392394	0.386013	0.395635	0.400846	0.40094	0.40045	0.400949	0.402031	0.399225	0.519964	0.524592	0.52466	0.52539	0.523886	0.520374	0.380043	0.366974	0.378181	0.372256	0.383913	0.377302	0.528947	0.524001	0.521368	0.524783	0.520652	0.521578	0.524773	0.515277	0.515197	0.519191	0.515473	0.513193	0.527712	0.536797	0.54268	0.537624	0.517416	0.536633	0.532026	0.525658	0.531699	0.528165	0.528245	0.524985	0.524185	0.521009	0.523369	0.527067	0.51985	0.519796	0.428052	0.423255	0.423908	0.419836	0.428864	0.426601	0.530819	0.527637	0.527775	0.53017	0.52821	0.532242	0.54365	0.55517	0.534213	0.557334	0.545188	0.545804
ERR613232	0.385796	0.386465	0.381123	0.381234	0.386245	0.369443	0.376259	0.387409	0.392225	0.397641	0.377212	0.375765	0	0.267303	0.295604	0.308385	0.270336	0.326585	0.388835	0.369535	0.382774	0.389558	0.367803	0.3862	0.394868	0.40333	0.390848	0.397377	0.390978	0.401873	0.41764	0.41828	0.417101	0.415953	0.414773	0.414503	0.46093	0.473429	0.473026	0.473934	0.47123	0.46097	0.41902	0.404985	0.416316	0.409387	0.420953	0.416685	0.465548	0.435403	0.451021	0.436378	0.43271	0.451685	0.456496	0.437238	0.436825	0.445901	0.437147	0.430491	0.472411	0.485018	0.494212	0.486257	0.452228	0.485788	0.440589	0.43348	0.439467	0.437104	0.441722	0.431731	0.464299	0.466417	0.464357	0.467655	0.46456	0.464367	0.411336	0.408611	0.405135	0.40298	0.412983	0.412724	0.477177	0.476785	0.476303	0.476061	0.475836	0.478145	0.464587	0.487352	0.44892	0.490135	0.463758	0.46399
ERR613231	0.384967	0.385611	0.380193	0.380685	0.385427	0.369053	0.375835	0.386746	0.390741	0.396776	0.376984	0.375506	0.267303	0	0.294848	0.307892	0.269707	0.326127	0.387814	0.368549	0.381755	0.38848	0.36673	0.385109	0.393758	0.402147	0.389897	0.396304	0.3899	0.400741	0.416492	0.417098	0.416157	0.414896	0.414037	0.413663	0.45987	0.472261	0.471754	0.472852	0.470017	0.459795	0.417466	0.404107	0.414954	0.407841	0.419243	0.41531	0.464801	0.43519	0.450362	0.436265	0.432705	0.450866	0.456047	0.437013	0.436768	0.445199	0.437126	0.430241	0.471945	0.48468	0.493694	0.485782	0.451543	0.485294	0.439441	0.432879	0.438263	0.436053	0.440957	0.43125	0.464917	0.466811	0.465015	0.468342	0.465159	0.464953	0.409076	0.406925	0.403244	0.401087	0.410966	0.410848	0.477162	0.476609	0.476019	0.476226	0.475538	0.478156	0.464871	0.487379	0.449185	0.49021	0.464324	0.464489
ERR613229	0.355443	0.355637	0.354286	0.350742	0.355515	0.357067	0.391082	0.371899	0.417017	0.369498	0.390725	0.393359	0.295604	0.294848	0	0.25616	0.308221	0.262914	0.337114	0.333079	0.33456	0.337464	0.331963	0.33573	0.348793	0.34937	0.34569	0.349535	0.344317	0.350258	0.395701	0.397187	0.395768	0.398013	0.40791	0.393671	0.435461	0.433931	0.433712	0.434258	0.433298	0.435948	0.396989	0.407691	0.392731	0.404273	0.408792	0.394557	0.42488	0.458982	0.420592	0.462397	0.452901	0.421115	0.422326	0.424165	0.422621	0.420801	0.423433	0.431313	0.44436	0.44957	0.453015	0.44897	0.457862	0.448758	0.434242	0.427812	0.435103	0.426632	0.42176	0.429613	0.475351	0.463775	0.473246	0.477108	0.462832	0.462809	0.386953	0.363982	0.405496	0.367235	0.387222	0.361872	0.480828	0.470127	0.47416	0.479558	0.474062	0.482318	0.455827	0.453193	0.452922	0.454231	0.457919	0.459327
ERR613228	0.353773	0.353612	0.353909	0.349546	0.35359	0.360334	0.398391	0.372917	0.42544	0.367476	0.397766	0.401031	0.308385	0.307892	0.25616	0	0.322664	0.255472	0.330223	0.330889	0.328677	0.330558	0.33049	0.329064	0.342874	0.341776	0.340231	0.343035	0.338832	0.343002	0.395309	0.397043	0.395357	0.398479	0.411308	0.393527	0.433773	0.428684	0.42846	0.428963	0.428591	0.434452	0.397096	0.412843	0.392666	0.407968	0.410559	0.394476	0.41914	0.466584	0.417832	0.470486	0.460109	0.417808	0.418788	0.425664	0.42382	0.419845	0.424819	0.43529	0.441995	0.445117	0.447024	0.444028	0.46233	0.443907	0.43701	0.431343	0.438305	0.429244	0.422408	0.433577	0.481064	0.466474	0.478317	0.482347	0.465929	0.465791	0.386362	0.358899	0.409965	0.364646	0.386437	0.355236	0.484354	0.471736	0.476538	0.483158	0.476493	0.486121	0.458875	0.450087	0.458214	0.450848	0.461705	0.463314
ERR613230	0.393566	0.394348	0.388202	0.389846	0.394054	0.374949	0.377598	0.392996	0.38782	0.405261	0.378636	0.376405	0.270336	0.269707	0.308221	0.322664	0	0.342335	0.400252	0.378983	0.393956	0.400925	0.37681	0.39718	0.40485	0.414653	0.400829	0.407315	0.401203	0.412581	0.422315	0.422694	0.421803	0.420139	0.41685	0.41977	0.466868	0.481625	0.481194	0.482399	0.479168	0.466691	0.422536	0.404722	0.420583	0.410233	0.42199	0.42066	0.474052	0.433324	0.457882	0.43395	0.4316	0.458689	0.465498	0.443942	0.443409	0.45318	0.443837	0.434481	0.481053	0.494689	0.504434	0.496126	0.453995	0.495497	0.44375	0.437576	0.442562	0.441867	0.448391	0.435787	0.468719	0.473448	0.469253	0.472664	0.471475	0.471264	0.414274	0.416815	0.403419	0.409369	0.416365	0.421831	0.481233	0.482282	0.48095	0.480424	0.48027	0.48241	0.472914	0.498538	0.45376	0.50162	0.47159	0.471799
ERR613227	0.359519	0.358925	0.360592	0.353893	0.359037	0.370243	0.409658	0.378862	0.440553	0.369364	0.408849	0.412928	0.326585	0.326127	0.262914	0.255472	0.342335	0	0.327606	0.335613	0.328199	0.328112	0.334541	0.327486	0.341728	0.337025	0.339374	0.342411	0.337207	0.339011	0.402702	0.404534	0.402787	0.407112	0.421958	0.400439	0.438887	0.428644	0.428675	0.428775	0.429484	0.440198	0.405077	0.42569	0.399958	0.419843	0.421561	0.402122	0.41923	0.481642	0.422472	0.485648	0.47465	0.422562	0.418866	0.431647	0.429891	0.42409	0.430632	0.444896	0.441993	0.442014	0.442658	0.441233	0.472466	0.441199	0.448843	0.44208	0.450128	0.438942	0.429517	0.444145	0.488275	0.469613	0.48498	0.488827	0.469248	0.469185	0.397097	0.362248	0.425567	0.371552	0.396453	0.355857	0.49114	0.47673	0.48249	0.489975	0.482854	0.492662	0.462829	0.446718	0.467483	0.446575	0.466856	0.46871
ERR622030	0.344245	0.344479	0.347857	0.34363	0.34387	0.361592	0.436573	0.402179	0.460169	0.392717	0.435683	0.440339	0.388835	0.387814	0.337114	0.330223	0.400252	0.327606	0	0.258503	0.249685	0.246144	0.258051	0.246253	0.353859	0.35061	0.353516	0.352887	0.352396	0.352171	0.37473	0.376446	0.375093	0.379463	0.396859	0.374726	0.437978	0.431566	0.431613	0.431836	0.432103	0.439224	0.400874	0.426908	0.397261	0.418381	0.4159	0.399094	0.428652	0.501439	0.433161	0.506144	0.494261	0.432756	0.435111	0.452868	0.44991	0.43974	0.451232	0.466449	0.473316	0.473066	0.470069	0.470469	0.503494	0.47026	0.453371	0.450088	0.455575	0.4468	0.436155	0.455529	0.535424	0.517311	0.531716	0.536576	0.516458	0.517216	0.381109	0.354553	0.410854	0.360506	0.380095	0.351572	0.539472	0.5249	0.529725	0.538261	0.530777	0.541039	0.516334	0.49776	0.516451	0.49743	0.520345	0.522093
ERR622028	0.337754	0.338498	0.338922	0.337147	0.337954	0.345939	0.426791	0.401506	0.447726	0.396595	0.426586	0.429986	0.369535	0.368549	0.333079	0.330889	0.378983	0.335613	0.258503	0	0.254168	0.259259	0.249961	0.2571	0.364244	0.364866	0.363474	0.363045	0.362619	0.366185	0.363377	0.364524	0.363655	0.365534	0.377291	0.362557	0.43159	0.43422	0.43414	0.434603	0.433281	0.432306	0.392146	0.409756	0.388976	0.403243	0.403	0.390789	0.432507	0.484244	0.430767	0.488875	0.477715	0.430807	0.437134	0.446708	0.443688	0.436843	0.445398	0.455636	0.476844	0.480297	0.479739	0.478004	0.495339	0.477586	0.437425	0.434521	0.439332	0.432665	0.425693	0.440195	0.531255	0.518296	0.528101	0.533075	0.516812	0.517775	0.370211	0.354775	0.390286	0.354791	0.369981	0.35596	0.537477	0.525627	0.529372	0.536209	0.529647	0.539357	0.514939	0.505869	0.50964	0.506194	0.517725	0.519006
ERR622027	0.342843	0.343016	0.345323	0.341416	0.342513	0.356965	0.434597	0.402951	0.458414	0.394583	0.433854	0.438179	0.382774	0.381755	0.33456	0.328677	0.393956	0.328199	0.249685	0.254168	0	0.249936	0.25462	0.24959	0.358549	0.355672	0.357854	0.357032	0.356541	0.357797	0.372265	0.37384	0.372733	0.375905	0.391769	0.371516	0.435072	0.43132	0.431272	0.431526	0.431344	0.436382	0.39905	0.42227	0.395091	0.414588	0.412868	0.397308	0.429073	0.496207	0.431659	0.500942	0.489088	0.431562	0.434184	0.449404	0.446405	0.437521	0.447915	0.461769	0.473227	0.47404	0.471793	0.471537	0.500732	0.471058	0.446743	0.443286	0.448698	0.440227	0.430385	0.448902	0.533015	0.516306	0.529482	0.534057	0.515205	0.516044	0.378321	0.354053	0.405677	0.358338	0.377589	0.351976	0.537909	0.523911	0.528674	0.536677	0.529367	0.539574	0.512997	0.497259	0.512366	0.49705	0.516472	0.518206
ERR622032	0.343957	0.344123	0.347626	0.343639	0.343588	0.361856	0.437051	0.401901	0.459803	0.392349	0.435976	0.440853	0.389558	0.38848	0.337464	0.330558	0.400925	0.328112	0.246144	0.259259	0.249936	0	0.258666	0.246171	0.352703	0.349789	0.352692	0.35173	0.351483	0.350943	0.374077	0.375823	0.374675	0.3791	0.396947	0.374886	0.437515	0.430803	0.430817	0.431052	0.431208	0.438689	0.400315	0.426901	0.396935	0.418243	0.415046	0.398742	0.427981	0.501611	0.432582	0.506414	0.494489	0.432302	0.434967	0.453097	0.450086	0.439589	0.451521	0.466867	0.473472	0.4732	0.469897	0.470491	0.503431	0.470043	0.453074	0.450287	0.455187	0.446964	0.436187	0.455843	0.536239	0.518081	0.532488	0.537475	0.517302	0.517996	0.379702	0.353367	0.410043	0.359497	0.378578	0.350169	0.539595	0.524891	0.529688	0.538372	0.530558	0.541309	0.517115	0.498236	0.516783	0.497811	0.521181	0.522934
ERR622029	0.338459	0.339037	0.339658	0.337791	0.33866	0.346409	0.425784	0.400552	0.446105	0.39573	0.425344	0.428704	0.367803	0.36673	0.331963	0.33049	0.37681	0.334541	0.258051	0.249961	0.25462	0.258666	0	0.256501	0.362859	0.363728	0.361968	0.362198	0.361156	0.364486	0.364744	0.365975	0.365067	0.366856	0.378513	0.363764	0.433183	0.436053	0.435824	0.436374	0.435095	0.434134	0.393249	0.410672	0.390254	0.404282	0.404152	0.391746	0.433506	0.484138	0.431832	0.488407	0.477532	0.431929	0.437473	0.446936	0.443886	0.437292	0.445605	0.455829	0.476628	0.480253	0.479837	0.478164	0.494927	0.477792	0.439043	0.435923	0.440905	0.434124	0.427124	0.441161	0.530455	0.517242	0.527328	0.53235	0.515937	0.516906	0.372672	0.357512	0.392309	0.357534	0.372631	0.358678	0.536964	0.525502	0.529121	0.535749	0.529621	0.538613	0.51424	0.505475	0.509036	0.506006	0.516996	0.518433
ERR622031	0.34278	0.342926	0.346144	0.342732	0.342392	0.359638	0.435242	0.4013	0.457848	0.392097	0.434293	0.439013	0.3862	0.385109	0.33573	0.329064	0.39718	0.327486	0.246253	0.2571	0.24959	0.246171	0.256501	0	0.353523	0.351082	0.353378	0.352498	0.352387	0.352382	0.372696	0.374443	0.373132	0.377185	0.394479	0.373101	0.437012	0.431386	0.431424	0.431689	0.431707	0.438022	0.398863	0.424484	0.395356	0.415665	0.413227	0.397264	0.428156	0.499377	0.431913	0.504078	0.492265	0.431758	0.434866	0.452014	0.449048	0.438929	0.450418	0.465295	0.473366	0.473595	0.470782	0.470965	0.502128	0.470641	0.451233	0.448243	0.453465	0.445129	0.434842	0.453891	0.535307	0.517884	0.531651	0.536591	0.51685	0.517647	0.37814	0.353067	0.407373	0.35833	0.377239	0.350428	0.539091	0.524657	0.529349	0.537655	0.530056	0.540746	0.516252	0.498626	0.515469	0.498303	0.520174	0.521834
ERR618242	0.327561	0.326849	0.331155	0.329729	0.326891	0.346362	0.384515	0.340628	0.402846	0.331616	0.382731	0.388975	0.394868	0.393758	0.348793	0.342874	0.40485	0.341728	0.353859	0.364244	0.358549	0.352703	0.362859	0.353523	0	0.252559	0.250411	0.251572	0.252624	0.250496	0.357003	0.358507	0.357183	0.362959	0.383123	0.360328	0.438315	0.429445	0.42999	0.43012	0.430133	0.438426	0.36514	0.395545	0.362963	0.384736	0.380335	0.363735	0.436573	0.51007	0.44064	0.514365	0.50365	0.440796	0.450764	0.468907	0.466096	0.454249	0.467873	0.482564	0.458793	0.459248	0.455003	0.455851	0.486469	0.455029	0.483119	0.482282	0.485614	0.479783	0.469622	0.487449	0.523604	0.504838	0.520055	0.525658	0.504805	0.504921	0.352868	0.327195	0.385915	0.334207	0.351693	0.322494	0.518395	0.501722	0.506128	0.517114	0.507149	0.52011	0.522431	0.503727	0.520462	0.504359	0.526708	0.528791
ERR618239	0.333066	0.332087	0.336581	0.332925	0.332159	0.353933	0.394102	0.347743	0.417621	0.334999	0.39232	0.398737	0.40333	0.402147	0.34937	0.341776	0.414653	0.337025	0.35061	0.364866	0.355672	0.349789	0.363728	0.351082	0.252559	0	0.253066	0.251872	0.252032	0.249181	0.364561	0.366553	0.364884	0.371021	0.392501	0.366735	0.441276	0.428324	0.428824	0.428856	0.429617	0.441548	0.373375	0.406759	0.370007	0.395587	0.391118	0.371587	0.435553	0.518701	0.442706	0.523002	0.511773	0.442604	0.448654	0.469876	0.467221	0.454807	0.468847	0.485794	0.457366	0.455325	0.450082	0.452094	0.492697	0.451421	0.487623	0.485723	0.490062	0.482388	0.470679	0.490564	0.525303	0.503821	0.52115	0.52634	0.503888	0.504061	0.363027	0.329729	0.400002	0.33977	0.361437	0.32266	0.520886	0.502813	0.508511	0.519627	0.509597	0.52253	0.518724	0.495546	0.521061	0.495607	0.523438	0.525498
ERR618241	0.327387	0.326797	0.330334	0.328567	0.326701	0.344311	0.380814	0.338377	0.400521	0.32971	0.379018	0.384943	0.390848	0.389897	0.34569	0.340231	0.400829	0.339374	0.353516	0.363474	0.357854	0.352692	0.361968	0.353378	0.250411	0.253066	0	0.252842	0.252586	0.251002	0.356874	0.358598	0.35744	0.362905	0.381946	0.359797	0.438844	0.43034	0.430774	0.430847	0.430846	0.439054	0.36455	0.393446	0.362074	0.383411	0.379807	0.363132	0.437075	0.508391	0.440991	0.512424	0.502127	0.441094	0.450039	0.467331	0.464659	0.45358	0.46653	0.480674	0.457752	0.458272	0.454609	0.455354	0.485019	0.454422	0.482658	0.481095	0.484951	0.47884	0.468831	0.486077	0.52041	0.501669	0.51674	0.522153	0.501695	0.501812	0.354359	0.3282	0.386068	0.335137	0.353352	0.323751	0.515994	0.499759	0.504193	0.514731	0.505246	0.517769	0.518436	0.500991	0.51724	0.501551	0.522763	0.524854
ERR618237	0.32707	0.32639	0.330234	0.329659	0.326489	0.347003	0.388017	0.342533	0.404897	0.333633	0.386195	0.392394	0.397377	0.396304	0.349535	0.343035	0.407315	0.342411	0.352887	0.363045	0.357032	0.35173	0.362198	0.352498	0.251572	0.251872	0.252842	0	0.252789	0.252614	0.355678	0.357339	0.356139	0.361586	0.382693	0.359656	0.436013	0.426843	0.427421	0.427648	0.427285	0.435911	0.363091	0.394488	0.360497	0.38333	0.377677	0.362005	0.434782	0.510864	0.439137	0.515737	0.504391	0.439056	0.450843	0.469638	0.466561	0.453799	0.468601	0.483447	0.459977	0.460407	0.455169	0.456392	0.487608	0.455027	0.480621	0.481023	0.483365	0.47808	0.467849	0.48716	0.526612	0.508077	0.523	0.528756	0.508087	0.508195	0.347395	0.321784	0.382289	0.328964	0.346031	0.316595	0.520343	0.502641	0.507685	0.519121	0.508356	0.522586	0.523284	0.503858	0.520673	0.504398	0.527148	0.529251
ERR618238	0.328288	0.327347	0.330961	0.328156	0.327408	0.345032	0.381514	0.339591	0.403286	0.330158	0.380075	0.386013	0.390978	0.3899	0.344317	0.338832	0.401203	0.337207	0.352396	0.362619	0.356541	0.351483	0.361156	0.352387	0.252624	0.252032	0.252586	0.252789	0	0.252003	0.358472	0.360254	0.358979	0.364207	0.383601	0.360615	0.438742	0.429756	0.430052	0.430366	0.43029	0.439148	0.366346	0.395026	0.363102	0.385196	0.382077	0.36456	0.436385	0.508688	0.44079	0.512671	0.502144	0.440924	0.448579	0.465973	0.463572	0.452602	0.465271	0.479759	0.456271	0.456438	0.453119	0.453916	0.485073	0.453065	0.482238	0.480303	0.484694	0.477995	0.467816	0.484902	0.518812	0.499748	0.515154	0.520384	0.499777	0.499886	0.356611	0.32837	0.388839	0.336155	0.355517	0.323732	0.514984	0.498621	0.503405	0.513734	0.504325	0.516721	0.515857	0.498043	0.515739	0.498381	0.520123	0.522219
ERR618240	0.332371	0.331507	0.336232	0.332619	0.331591	0.352734	0.390923	0.345095	0.413158	0.333238	0.389121	0.395635	0.401873	0.400741	0.350258	0.343002	0.412581	0.339011	0.352171	0.366185	0.357797	0.350943	0.364486	0.352382	0.250496	0.249181	0.251002	0.252614	0.252003	0	0.363043	0.364934	0.363244	0.369675	0.390503	0.365534	0.441808	0.429754	0.430248	0.430302	0.43078	0.442405	0.371757	0.403953	0.368601	0.393397	0.388845	0.369826	0.436648	0.517436	0.443435	0.52163	0.510626	0.443295	0.449822	0.470769	0.467952	0.455992	0.46985	0.485879	0.458224	0.456515	0.452052	0.453658	0.491766	0.452968	0.488647	0.486389	0.491206	0.483682	0.472375	0.491443	0.525265	0.504195	0.521177	0.526557	0.504241	0.504451	0.362083	0.330494	0.397962	0.34049	0.360538	0.324102	0.52055	0.503224	0.508325	0.519446	0.509622	0.522419	0.520973	0.499047	0.522313	0.499173	0.525776	0.527954
ERR607690	0.288895	0.28942	0.290395	0.295592	0.289102	0.296708	0.398221	0.373038	0.406246	0.372199	0.398121	0.400846	0.41764	0.416492	0.395701	0.395309	0.422315	0.402702	0.37473	0.363377	0.372265	0.374077	0.364744	0.372696	0.357003	0.364561	0.356874	0.355678	0.358472	0.363043	0	0.230599	0.230676	0.233129	0.245587	0.234275	0.418088	0.431519	0.431385	0.432695	0.428714	0.419074	0.300562	0.320602	0.301459	0.311179	0.307025	0.301363	0.46721	0.520541	0.465927	0.524559	0.514642	0.464862	0.493263	0.504439	0.500741	0.491133	0.503401	0.511639	0.506806	0.511172	0.509426	0.508421	0.518669	0.506805	0.485347	0.486451	0.488205	0.486493	0.479787	0.494291	0.584427	0.573633	0.581459	0.587254	0.572396	0.57273	0.311429	0.319739	0.324725	0.30958	0.311376	0.330509	0.585813	0.574049	0.576832	0.584263	0.576855	0.587726	0.587852	0.580216	0.576414	0.5806	0.590767	0.592291
ERR607692	0.289591	0.290329	0.291157	0.296603	0.289985	0.2968	0.398625	0.374038	0.405812	0.373595	0.398363	0.40094	0.41828	0.417098	0.397187	0.397043	0.422694	0.404534	0.376446	0.364524	0.37384	0.375823	0.365975	0.374443	0.358507	0.366553	0.358598	0.357339	0.360254	0.364934	0.230599	0	0.230939	0.233166	0.244533	0.23427	0.418834	0.432833	0.432898	0.434091	0.430071	0.419817	0.300869	0.320091	0.301936	0.310812	0.306883	0.30179	0.468712	0.521127	0.466965	0.525134	0.515184	0.465859	0.49478	0.505519	0.501833	0.492356	0.50462	0.512598	0.508367	0.512768	0.510978	0.510002	0.519461	0.508452	0.486139	0.487424	0.488964	0.487375	0.48107	0.495155	0.585785	0.575293	0.582891	0.588843	0.573961	0.574314	0.311769	0.321259	0.323765	0.310647	0.311878	0.33245	0.587233	0.575502	0.578151	0.585657	0.578264	0.589042	0.589414	0.581918	0.577452	0.582338	0.592166	0.593721
ERR607691	0.288827	0.289301	0.290048	0.295135	0.28925	0.296274	0.3981	0.372976	0.405947	0.372469	0.397763	0.40045	0.417101	0.416157	0.395768	0.395357	0.421803	0.402787	0.375093	0.363655	0.372733	0.374675	0.365067	0.373132	0.357183	0.364884	0.35744	0.356139	0.358979	0.363244	0.230676	0.230939	0	0.233315	0.245417	0.23445	0.418468	0.432184	0.432139	0.433427	0.429518	0.419645	0.300961	0.320644	0.30211	0.311334	0.307611	0.30209	0.46791	0.520688	0.466421	0.524503	0.51455	0.465204	0.49359	0.504578	0.500864	0.491431	0.503574	0.511753	0.507187	0.511562	0.509839	0.508855	0.518895	0.507264	0.485623	0.486858	0.488465	0.486744	0.480313	0.494431	0.584308	0.573606	0.581308	0.587289	0.572265	0.572678	0.312213	0.320617	0.324782	0.310568	0.312039	0.331481	0.585894	0.574269	0.576923	0.584383	0.577028	0.587762	0.587743	0.580338	0.576297	0.580784	0.590702	0.59218
ERR607689	0.290799	0.291496	0.290573	0.296318	0.291023	0.293822	0.39864	0.376992	0.406	0.377452	0.398684	0.400949	0.415953	0.414896	0.398013	0.398479	0.420139	0.407112	0.379463	0.365534	0.375905	0.3791	0.366856	0.377185	0.362959	0.371021	0.362905	0.361586	0.364207	0.369675	0.233129	0.233166	0.233315	0	0.239785	0.23356	0.417967	0.434441	0.43433	0.435681	0.431287	0.418965	0.302072	0.317652	0.302926	0.309061	0.306884	0.302681	0.47011	0.518084	0.467219	0.521737	0.512162	0.466177	0.495157	0.504357	0.500697	0.49196	0.503354	0.510594	0.508775	0.513824	0.512485	0.511076	0.517904	0.509522	0.483508	0.484698	0.486094	0.484725	0.479035	0.492228	0.584584	0.575103	0.58176	0.587616	0.573455	0.573936	0.312868	0.324775	0.321168	0.312384	0.313399	0.336738	0.587072	0.575894	0.578435	0.585319	0.578379	0.588819	0.587956	0.582214	0.575874	0.582772	0.59046	0.591943
ERR607687	0.303826	0.305005	0.300824	0.306451	0.304396	0.294298	0.400888	0.388775	0.40707	0.392498	0.40147	0.402031	0.414773	0.414037	0.40791	0.411308	0.41685	0.421958	0.396859	0.377291	0.391769	0.396947	0.378513	0.394479	0.383123	0.392501	0.381946	0.382693	0.383601	0.390503	0.245587	0.244533	0.245417	0.239785	0	0.241603	0.425551	0.449278	0.448938	0.450336	0.445552	0.427074	0.311208	0.313668	0.312247	0.30976	0.312209	0.311793	0.483846	0.514824	0.477364	0.51776	0.509661	0.476725	0.505322	0.509233	0.506055	0.50059	0.508822	0.512718	0.517909	0.524887	0.525798	0.523055	0.520333	0.521586	0.486469	0.486711	0.48863	0.487657	0.484261	0.493091	0.587223	0.580463	0.584743	0.590366	0.57871	0.579134	0.327568	0.346622	0.321669	0.330632	0.329101	0.360993	0.592582	0.58382	0.585775	0.59087	0.585455	0.594223	0.592307	0.592324	0.578677	0.593018	0.594507	0.595541
ERR607688	0.289594	0.289713	0.289142	0.291842	0.289571	0.29256	0.396913	0.374827	0.409717	0.373273	0.396734	0.399225	0.414503	0.413663	0.393671	0.393527	0.41977	0.400439	0.374726	0.362557	0.371516	0.374886	0.363764	0.373101	0.360328	0.366735	0.359797	0.359656	0.360615	0.365534	0.234275	0.23427	0.23445	0.23356	0.241603	0	0.417969	0.432964	0.432794	0.433834	0.430222	0.419951	0.304486	0.320559	0.304022	0.313109	0.312493	0.304697	0.468711	0.519918	0.46713	0.523258	0.513846	0.465954	0.491818	0.501575	0.49829	0.49037	0.500747	0.508687	0.50484	0.509113	0.508431	0.507089	0.518166	0.505718	0.485359	0.484584	0.487832	0.484617	0.478074	0.491434	0.580552	0.569317	0.577463	0.582814	0.56799	0.568411	0.320097	0.325459	0.330009	0.315414	0.320557	0.336564	0.584193	0.573052	0.57585	0.582581	0.576289	0.585767	0.582347	0.576073	0.573251	0.576384	0.585537	0.586848
ERR635348	0.383449	0.383784	0.38278	0.385346	0.383816	0.389995	0.517829	0.496652	0.525013	0.495069	0.517746	0.519964	0.46093	0.45987	0.435461	0.433773	0.466868	0.438887	0.437978	0.43159	0.435072	0.437515	0.433183	0.437012	0.438315	0.441276	0.438844	0.436013	0.438742	0.441808	0.418088	0.418834	0.418468	0.417967	0.425551	0.417969	0	0.246298	0.246071	0.246977	0.241552	0.230999	0.452617	0.466228	0.451875	0.459553	0.457587	0.452803	0.333108	0.388296	0.325743	0.394207	0.380199	0.32564	0.340653	0.347208	0.343561	0.333994	0.346581	0.356874	0.34551	0.355097	0.35772	0.353069	0.355972	0.350769	0.331153	0.33151	0.333865	0.329671	0.322338	0.338906	0.438734	0.426411	0.434745	0.441906	0.425603	0.426194	0.41189	0.410444	0.426243	0.406488	0.412438	0.415576	0.428467	0.415182	0.418141	0.426152	0.418053	0.430545	0.441213	0.440904	0.426069	0.442551	0.443608	0.445408
ERR635350	0.393627	0.393723	0.39567	0.39586	0.393807	0.410069	0.521796	0.492664	0.533326	0.487	0.521238	0.524592	0.473429	0.472261	0.433931	0.428684	0.481625	0.428644	0.431566	0.43422	0.43132	0.430803	0.436053	0.431386	0.429445	0.428324	0.43034	0.426843	0.429756	0.429754	0.431519	0.432833	0.432184	0.434441	0.449278	0.432964	0.246298	0	0.228365	0.228281	0.229867	0.246688	0.46082	0.483422	0.459329	0.474335	0.470222	0.460707	0.316953	0.415165	0.321057	0.421916	0.405687	0.320646	0.325298	0.348026	0.343972	0.327623	0.34685	0.367356	0.329862	0.33198	0.329248	0.328233	0.36789	0.326426	0.347813	0.347672	0.35129	0.342765	0.328531	0.355733	0.440644	0.418057	0.435415	0.442732	0.418211	0.418871	0.423705	0.408751	0.450117	0.411676	0.423049	0.408684	0.424155	0.403537	0.409614	0.422064	0.410105	0.426743	0.430527	0.412702	0.425293	0.413441	0.434692	0.436948
ERR635349	0.393495	0.393595	0.395446	0.395467	0.393697	0.40974	0.521889	0.493186	0.533614	0.487422	0.521275	0.52466	0.473026	0.471754	0.433712	0.42846	0.481194	0.428675	0.431613	0.43414	0.431272	0.430817	0.435824	0.431424	0.42999	0.428824	0.430774	0.427421	0.430052	0.430248	0.431385	0.432898	0.432139	0.43433	0.448938	0.432794	0.246071	0.228365	0	0.22848	0.229843	0.246601	0.461277	0.483505	0.459723	0.474581	0.470634	0.460987	0.316921	0.414752	0.32104	0.421203	0.405077	0.320668	0.325021	0.347527	0.343532	0.3272	0.346222	0.366692	0.329584	0.331631	0.329234	0.328271	0.367393	0.326329	0.347311	0.347212	0.350986	0.342192	0.327914	0.354946	0.440176	0.4179	0.435099	0.442199	0.41777	0.41841	0.424312	0.409394	0.450233	0.412079	0.423556	0.409286	0.424165	0.403707	0.40959	0.422076	0.410165	0.426524	0.429682	0.412256	0.424635	0.412999	0.433858	0.436173
ERR635351	0.394566	0.394686	0.396516	0.396513	0.394724	0.410902	0.522461	0.493348	0.534506	0.48753	0.5218	0.52539	0.473934	0.472852	0.434258	0.428963	0.482399	0.428775	0.431836	0.434603	0.431526	0.431052	0.436374	0.431689	0.43012	0.428856	0.430847	0.427648	0.430366	0.430302	0.432695	0.434091	0.433427	0.435681	0.450336	0.433834	0.246977	0.228281	0.22848	0	0.229944	0.247808	0.46234	0.484821	0.460816	0.475898	0.471936	0.462094	0.316853	0.415868	0.321446	0.422506	0.406446	0.321109	0.324565	0.347652	0.343704	0.327347	0.346454	0.367313	0.328585	0.330393	0.327782	0.326877	0.367916	0.325223	0.348447	0.348086	0.352157	0.342866	0.328693	0.355635	0.440426	0.417434	0.435139	0.442302	0.417612	0.418203	0.425896	0.410451	0.452073	0.413369	0.425106	0.410158	0.424094	0.403214	0.409511	0.421906	0.410003	0.426391	0.429258	0.411126	0.424804	0.411879	0.433403	0.43591
ERR635346	0.391294	0.391723	0.393189	0.393855	0.391681	0.407029	0.521159	0.492593	0.531709	0.487697	0.520609	0.523886	0.47123	0.470017	0.433298	0.428591	0.479168	0.429484	0.432103	0.433281	0.431344	0.431208	0.435095	0.431707	0.430133	0.429617	0.430846	0.427285	0.43029	0.43078	0.428714	0.430071	0.429518	0.431287	0.445552	0.430222	0.241552	0.229867	0.229843	0.229944	0	0.242217	0.458833	0.480335	0.457288	0.471621	0.467551	0.45864	0.31805	0.411266	0.320479	0.417972	0.401847	0.320306	0.326912	0.347463	0.343434	0.327386	0.346513	0.365584	0.33184	0.335078	0.333167	0.331728	0.365976	0.329861	0.344696	0.344739	0.348251	0.340085	0.326534	0.352982	0.44075	0.419776	0.435719	0.442971	0.419729	0.420204	0.420476	0.407213	0.445566	0.409392	0.419787	0.407897	0.424479	0.404574	0.410205	0.422321	0.410708	0.426927	0.432523	0.417186	0.425643	0.418088	0.436292	0.438587
ERR635347	0.384513	0.385231	0.38392	0.387708	0.385203	0.391596	0.518184	0.496783	0.523754	0.495757	0.518151	0.520374	0.46097	0.459795	0.435948	0.434452	0.466691	0.440198	0.439224	0.432306	0.436382	0.438689	0.434134	0.438022	0.438426	0.441548	0.439054	0.435911	0.439148	0.442405	0.419074	0.419817	0.419645	0.418965	0.427074	0.419951	0.230999	0.246688	0.246601	0.247808	0.242217	0	0.452489	0.466433	0.451798	0.458875	0.45638	0.452734	0.333123	0.387026	0.324244	0.393292	0.378812	0.324299	0.341586	0.347615	0.343641	0.333352	0.346883	0.357358	0.346856	0.356969	0.358875	0.354269	0.354581	0.352155	0.328586	0.330725	0.331523	0.328871	0.322337	0.338939	0.439046	0.428045	0.435561	0.442948	0.426991	0.42769	0.409705	0.410236	0.424144	0.405339	0.410198	0.415081	0.427804	0.414612	0.416999	0.42559	0.416695	0.43024	0.441868	0.441389	0.425146	0.443245	0.44364	0.445402
ERR630239	0.344045	0.344218	0.344107	0.349743	0.344276	0.34819	0.377564	0.349866	0.381523	0.351167	0.377065	0.380043	0.41902	0.417466	0.396989	0.397096	0.422536	0.405077	0.400874	0.392146	0.39905	0.400315	0.393249	0.398863	0.36514	0.373375	0.36455	0.363091	0.366346	0.371757	0.300562	0.300869	0.300961	0.302072	0.311208	0.304486	0.452617	0.46082	0.461277	0.46234	0.458833	0.452489	0	0.267055	0.245149	0.255984	0.251091	0.244035	0.486544	0.537192	0.484083	0.541627	0.531674	0.484077	0.509105	0.519891	0.516814	0.506288	0.518966	0.52715	0.522829	0.527215	0.524741	0.523805	0.533216	0.52217	0.503392	0.506388	0.506381	0.505888	0.499921	0.513871	0.589021	0.578672	0.586476	0.592591	0.57779	0.577961	0.327675	0.333799	0.338794	0.325471	0.327421	0.341484	0.584828	0.571078	0.574716	0.583142	0.574083	0.58729	0.587893	0.578533	0.575756	0.579255	0.590365	0.592064
ERR630238	0.365432	0.365948	0.362085	0.367741	0.365717	0.353593	0.366061	0.360875	0.366142	0.36983	0.366798	0.366974	0.404985	0.404107	0.407691	0.412843	0.404722	0.42569	0.426908	0.409756	0.42227	0.426901	0.410672	0.424484	0.395545	0.406759	0.393446	0.394488	0.395026	0.403953	0.320602	0.320091	0.320644	0.317652	0.313668	0.320559	0.466228	0.483422	0.483505	0.484821	0.480335	0.466433	0.267055	0	0.26726	0.254941	0.262461	0.26687	0.506172	0.521742	0.497638	0.52477	0.517686	0.497527	0.521693	0.520856	0.518682	0.514726	0.520729	0.521525	0.532378	0.540726	0.542918	0.53906	0.526602	0.537271	0.50284	0.50398	0.504404	0.505616	0.504699	0.509316	0.579041	0.574676	0.577494	0.583117	0.573206	0.573463	0.349671	0.366611	0.338319	0.353355	0.351094	0.377588	0.579352	0.570268	0.572286	0.577595	0.570972	0.581501	0.584304	0.587205	0.567702	0.588678	0.58547	0.586594
ERR630236	0.342858	0.343116	0.342865	0.347226	0.343058	0.346968	0.375611	0.347176	0.382155	0.347459	0.375241	0.378181	0.416316	0.414954	0.392731	0.392666	0.420583	0.399958	0.397261	0.388976	0.395091	0.396935	0.390254	0.395356	0.362963	0.370007	0.362074	0.360497	0.363102	0.368601	0.301459	0.301936	0.30211	0.302926	0.312247	0.304022	0.451875	0.459329	0.459723	0.460816	0.457288	0.451798	0.245149	0.26726	0	0.256459	0.25353	0.245145	0.484336	0.536573	0.48248	0.54105	0.53102	0.48238	0.506045	0.517137	0.51419	0.503863	0.516429	0.524916	0.519952	0.52406	0.521655	0.52081	0.532046	0.519161	0.502288	0.504602	0.50502	0.503714	0.497697	0.511758	0.585791	0.575072	0.583421	0.588994	0.574112	0.574251	0.328353	0.331235	0.340641	0.324092	0.328316	0.338643	0.581911	0.567845	0.571722	0.580076	0.570829	0.584384	0.583287	0.573426	0.572061	0.574083	0.585706	0.587451
