	ERR622581	ERR622579	ERR622577	ERR622578	ERR622582	ERR622580	ERR626884	ERR626883	ERR626881	ERR626880	ERR626882	ERR626879	ERR613256	ERR613253	ERR613252	ERR613251	ERR613254	ERR613255	ERR613905	ERR613903	ERR613907	ERR613906	ERR613904	ERR613902	ERR636787	ERR636789	ERR636788	ERR636790	ERR636792	ERR636791	ERR621996	ERR621991	ERR621992	ERR621994	ERR621995	ERR621993	ERR629929	ERR629932	ERR629933	ERR629928	ERR629931	ERR629930	ERR636835	ERR636838	ERR636836	ERR636839	ERR636840	ERR636837	ERR611343	ERR611344	ERR611346	ERR611341	ERR611345	ERR611342	ERR617751	ERR617755	ERR617754	ERR617752	ERR617756	ERR617753	ERR631325	ERR631323	ERR631328	ERR631327	ERR631326	ERR631324	ERR617267	ERR617269	ERR617265	ERR617270	ERR617266	ERR617268	ERR616987	ERR616986	ERR616989	ERR616988	ERR616990	ERR616985	ERR606652	ERR606653	ERR606651	ERR606648	ERR606649	ERR606650	ERR613788	ERR613791	ERR613790	ERR613793	ERR613792	ERR613789	ERR618319	ERR618317	ERR618316	ERR618320	ERR618318	ERR618315
ERR622581	6.18049e+09	5.05014e+09	6.79557e+09	6.5656e+09	6.08891e+09	5.93122e+09	6.88002e+09	5.66759e+09	6.61479e+09	6.57124e+09	5.73015e+09	6.99038e+09	4.71687e+09	5.95892e+09	6.20306e+09	6.49488e+09	4.52274e+09	4.71756e+09	6.70194e+09	6.84957e+09	7.19446e+09	6.71815e+09	6.31189e+09	7.17586e+09	6.32418e+09	6.56144e+09	6.57657e+09	6.70642e+09	6.77966e+09	6.72805e+09	6.32739e+09	6.98764e+09	6.66236e+09	6.63957e+09	6.38804e+09	6.63378e+09	5.69626e+09	5.46916e+09	5.54755e+09	6.28488e+09	5.57976e+09	6.2221e+09	6.45235e+09	6.75608e+09	6.72425e+09	6.78303e+09	6.86078e+09	6.69088e+09	6.85279e+09	6.51441e+09	6.64234e+09	6.69896e+09	6.72825e+09	6.61867e+09	3.98806e+09	5.54748e+09	5.40712e+09	4.44228e+09	5.6599e+09	4.58827e+09	6.94901e+09	6.40498e+09	6.23995e+09	6.25687e+09	6.27415e+09	6.25124e+09	5.73065e+09	6.2759e+09	5.6296e+09	6.30597e+09	5.69971e+09	6.29806e+09	5.72351e+09	5.61642e+09	5.01151e+09	5.08031e+09	5.05491e+09	5.48391e+09	6.83297e+09	6.69847e+09	6.15321e+09	4.45971e+09	6.89509e+09	6.75258e+09	6.73675e+09	6.30386e+09	5.56238e+09	6.3333e+09	6.32547e+09	6.40032e+09	5.2724e+09	5.63469e+09	5.42636e+09	5.02863e+09	5.38501e+09	5.46561e+09
ERR622579	5.05014e+09	4.49604e+09	5.69237e+09	5.51354e+09	5.13732e+09	5.01449e+09	5.75176e+09	4.8166e+09	5.54671e+09	5.51211e+09	4.86588e+09	5.83785e+09	4.06415e+09	5.04808e+09	5.23869e+09	5.46796e+09	3.90484e+09	4.06477e+09	5.60637e+09	5.71742e+09	5.9853e+09	5.61835e+09	5.29582e+09	5.97135e+09	5.30013e+09	5.48428e+09	5.49942e+09	5.59663e+09	5.65352e+09	5.61299e+09	5.31485e+09	5.82842e+09	5.57393e+09	5.55789e+09	5.36166e+09	5.55061e+09	4.81628e+09	4.63265e+09	4.69401e+09	5.27834e+09	4.7199e+09	5.22964e+09	5.40483e+09	5.63832e+09	5.61963e+09	5.65925e+09	5.72049e+09	5.58923e+09	5.71798e+09	5.44072e+09	5.54834e+09	5.59637e+09	5.61528e+09	5.53552e+09	3.46497e+09	4.70575e+09	4.59344e+09	3.83798e+09	4.79507e+09	3.95801e+09	5.79982e+09	5.37949e+09	5.25015e+09	5.263e+09	5.27634e+09	5.26311e+09	4.84961e+09	5.28183e+09	4.76462e+09	5.3058e+09	4.82564e+09	5.29864e+09	4.83876e+09	4.75232e+09	4.25441e+09	4.31048e+09	4.28786e+09	4.64151e+09	5.69491e+09	5.59053e+09	5.16674e+09	3.81193e+09	5.74768e+09	5.63614e+09	5.62498e+09	5.29096e+09	4.70238e+09	5.31322e+09	5.30774e+09	5.36279e+09	4.47812e+09	4.76606e+09	4.6008e+09	4.28412e+09	4.56872e+09	4.62782e+09
ERR622577	6.79557e+09	5.69237e+09	8.09049e+09	7.54607e+09	6.93361e+09	6.73939e+09	7.94782e+09	6.46552e+09	7.61678e+09	7.56044e+09	6.54284e+09	8.08953e+09	5.32071e+09	6.82362e+09	7.12707e+09	7.49611e+09	5.08663e+09	5.32026e+09	7.70495e+09	7.88316e+09	8.31866e+09	7.72499e+09	7.20685e+09	8.29606e+09	7.22554e+09	7.51703e+09	7.54351e+09	7.69505e+09	7.78664e+09	7.72156e+09	7.24947e+09	8.07292e+09	7.66216e+09	7.63753e+09	7.32463e+09	7.62451e+09	6.49703e+09	6.21414e+09	6.30793e+09	7.22263e+09	6.34784e+09	7.14416e+09	7.38353e+09	7.7556e+09	7.72739e+09	7.78907e+09	7.88824e+09	7.67767e+09	7.92132e+09	7.4766e+09	7.64869e+09	7.72772e+09	7.75471e+09	7.63056e+09	4.60471e+09	6.34204e+09	6.16774e+09	5.15674e+09	6.48024e+09	5.33363e+09	8.03401e+09	7.36073e+09	7.15603e+09	7.17426e+09	7.19686e+09	7.17659e+09	6.59192e+09	7.26176e+09	6.45749e+09	7.29801e+09	6.55584e+09	7.28898e+09	6.57448e+09	6.44229e+09	5.70274e+09	5.78429e+09	5.75275e+09	6.27549e+09	7.86884e+09	7.70285e+09	7.03318e+09	5.00165e+09	7.95112e+09	7.77429e+09	7.76863e+09	7.23824e+09	6.32406e+09	7.27362e+09	7.26487e+09	7.35266e+09	5.98576e+09	6.42646e+09	6.17213e+09	5.69305e+09	6.12375e+09	6.21331e+09
ERR622578	6.5656e+09	5.51354e+09	7.54607e+09	7.51092e+09	6.69615e+09	6.51192e+09	7.64891e+09	6.24635e+09	7.33756e+09	7.28515e+09	6.31901e+09	7.78196e+09	5.15232e+09	6.58314e+09	6.86871e+09	7.21764e+09	4.92877e+09	5.15196e+09	7.42117e+09	7.58912e+09	7.99868e+09	7.43942e+09	6.95269e+09	7.97672e+09	6.96675e+09	7.2429e+09	7.26674e+09	7.41085e+09	7.49715e+09	7.43549e+09	6.98816e+09	7.76604e+09	7.37838e+09	7.35459e+09	7.05913e+09	7.34287e+09	6.27213e+09	6.00342e+09	6.09212e+09	6.95879e+09	6.13047e+09	6.88502e+09	7.11792e+09	7.46937e+09	7.44097e+09	7.50034e+09	7.59305e+09	7.39576e+09	7.61999e+09	7.20298e+09	7.36441e+09	7.4374e+09	7.46403e+09	7.34514e+09	4.44225e+09	6.11824e+09	5.9538e+09	4.96769e+09	6.24985e+09	5.13595e+09	7.72528e+09	7.09004e+09	6.89657e+09	6.91419e+09	6.93461e+09	6.91573e+09	6.35022e+09	6.98376e+09	6.22461e+09	7.01835e+09	6.31528e+09	7.00941e+09	6.33444e+09	6.20919e+09	5.50636e+09	5.58433e+09	5.55381e+09	6.05126e+09	7.57437e+09	7.418e+09	6.78488e+09	4.84554e+09	7.65144e+09	7.48534e+09	7.47728e+09	6.97597e+09	6.10977e+09	7.00944e+09	7.00111e+09	7.08432e+09	5.78328e+09	6.20299e+09	5.96117e+09	5.50469e+09	5.91495e+09	6.00107e+09
ERR622582	6.08891e+09	5.13732e+09	6.93361e+09	6.69615e+09	6.41441e+09	6.04191e+09	7.02199e+09	5.77372e+09	6.74868e+09	6.70315e+09	5.83809e+09	7.13558e+09	4.79771e+09	6.07303e+09	6.32415e+09	6.62539e+09	4.59867e+09	4.79842e+09	6.83753e+09	6.98887e+09	7.34524e+09	6.85409e+09	6.43519e+09	7.32567e+09	6.44908e+09	6.69308e+09	6.70874e+09	6.84265e+09	6.91808e+09	6.86524e+09	6.45087e+09	7.13142e+09	6.79541e+09	6.77245e+09	6.51325e+09	6.76635e+09	5.80161e+09	5.56866e+09	5.64841e+09	6.4073e+09	5.68135e+09	6.34247e+09	6.57964e+09	6.89269e+09	6.85977e+09	6.92014e+09	7.0002e+09	6.82529e+09	6.99225e+09	6.64258e+09	6.77491e+09	6.8336e+09	6.86376e+09	6.75081e+09	4.05998e+09	5.65024e+09	5.50617e+09	4.52535e+09	5.7658e+09	4.67415e+09	7.09354e+09	6.53248e+09	6.36267e+09	6.38025e+09	6.39796e+09	6.37496e+09	5.84003e+09	6.40142e+09	5.73596e+09	6.43166e+09	5.809e+09	6.42381e+09	5.8317e+09	5.72249e+09	5.10148e+09	5.17169e+09	5.14616e+09	5.58618e+09	6.96995e+09	6.83177e+09	6.26956e+09	4.53274e+09	7.034e+09	6.88647e+09	6.87251e+09	6.42637e+09	5.66364e+09	6.45643e+09	6.4491e+09	6.52604e+09	5.36639e+09	5.73919e+09	5.52431e+09	5.11648e+09	5.48209e+09	5.56439e+09
ERR622580	5.93122e+09	5.01449e+09	6.73939e+09	6.51192e+09	6.04191e+09	6.08741e+09	6.82336e+09	5.62409e+09	6.56014e+09	6.51695e+09	5.68611e+09	6.93205e+09	4.68259e+09	5.91063e+09	6.15139e+09	6.43968e+09	4.49059e+09	4.68353e+09	6.64639e+09	6.79236e+09	7.13269e+09	6.6622e+09	6.26208e+09	7.11449e+09	6.27403e+09	6.50869e+09	6.52321e+09	6.651e+09	6.72398e+09	6.67281e+09	6.27666e+09	6.92862e+09	6.60787e+09	6.58493e+09	6.33635e+09	6.57875e+09	5.64988e+09	5.42588e+09	5.50311e+09	6.2317e+09	5.53475e+09	6.16984e+09	6.4004e+09	6.69972e+09	6.66826e+09	6.72626e+09	6.80337e+09	6.63591e+09	6.79294e+09	6.45891e+09	6.58543e+09	6.64124e+09	6.67044e+09	6.56204e+09	3.95397e+09	5.50189e+09	5.36311e+09	4.40363e+09	5.61285e+09	4.54815e+09	6.89036e+09	6.35189e+09	6.18913e+09	6.20589e+09	6.22335e+09	6.20001e+09	5.68185e+09	6.22132e+09	5.58216e+09	6.25125e+09	5.65102e+09	6.2433e+09	5.6747e+09	5.56902e+09	4.97041e+09	5.03835e+09	5.01409e+09	5.43793e+09	6.77435e+09	6.64198e+09	6.10223e+09	4.42684e+09	6.83614e+09	6.6947e+09	6.67914e+09	6.25068e+09	5.518e+09	6.27976e+09	6.27234e+09	6.34619e+09	5.23022e+09	5.58911e+09	5.38199e+09	4.98909e+09	5.34194e+09	5.42181e+09
ERR626884	6.88002e+09	5.75176e+09	7.94782e+09	7.64891e+09	7.02199e+09	6.82336e+09	8.66972e+09	6.81202e+09	8.05335e+09	7.98722e+09	6.89484e+09	8.55737e+09	5.40091e+09	6.94481e+09	7.25744e+09	7.64495e+09	5.1621e+09	5.40245e+09	8.04562e+09	8.22288e+09	8.66943e+09	8.06644e+09	7.51687e+09	8.64876e+09	7.57231e+09	7.86756e+09	7.90137e+09	8.05295e+09	8.14784e+09	8.08048e+09	7.5124e+09	8.36422e+09	7.93856e+09	7.91639e+09	7.59039e+09	7.90143e+09	6.71697e+09	6.41835e+09	6.52032e+09	7.48765e+09	6.56216e+09	7.4064e+09	7.70291e+09	8.08176e+09	8.05923e+09	8.11488e+09	8.21745e+09	8.00113e+09	8.23105e+09	7.75685e+09	7.94497e+09	8.02883e+09	8.05325e+09	7.92907e+09	4.7567e+09	6.51863e+09	6.33182e+09	5.33508e+09	6.66376e+09	5.51843e+09	8.40262e+09	7.68225e+09	7.47063e+09	7.48966e+09	7.51228e+09	7.48754e+09	6.74261e+09	7.44568e+09	6.59668e+09	7.48573e+09	6.70743e+09	7.47321e+09	6.73767e+09	6.60137e+09	5.82057e+09	5.90688e+09	5.87479e+09	6.4204e+09	8.09092e+09	7.91966e+09	7.21794e+09	5.10985e+09	8.17883e+09	7.99291e+09	8.07428e+09	7.51134e+09	6.53679e+09	7.54875e+09	7.53914e+09	7.6322e+09	6.17467e+09	6.63792e+09	6.37126e+09	5.86896e+09	6.32329e+09	6.41367e+09
ERR626883	5.66759e+09	4.8166e+09	6.46552e+09	6.24635e+09	5.77372e+09	5.62409e+09	6.81202e+09	5.84285e+09	6.5545e+09	6.50577e+09	5.71446e+09	6.91975e+09	4.5477e+09	5.73455e+09	5.9678e+09	6.25696e+09	4.35654e+09	4.54821e+09	6.51891e+09	6.64464e+09	6.97446e+09	6.53504e+09	6.11465e+09	6.95885e+09	6.14909e+09	6.36902e+09	6.39853e+09	6.50638e+09	6.57705e+09	6.52652e+09	6.11749e+09	6.7514e+09	6.43356e+09	6.41976e+09	6.17519e+09	6.40596e+09	5.52031e+09	5.28324e+09	5.36144e+09	6.0994e+09	5.39334e+09	6.03858e+09	6.25384e+09	6.53149e+09	6.52094e+09	6.5556e+09	6.63279e+09	6.47342e+09	6.63924e+09	6.27022e+09	6.42094e+09	6.4878e+09	6.50152e+09	6.4155e+09	4.04013e+09	5.38272e+09	5.23761e+09	4.49899e+09	5.49373e+09	4.64419e+09	6.79201e+09	6.26714e+09	6.10923e+09	6.12252e+09	6.13906e+09	6.12844e+09	5.55423e+09	6.08583e+09	5.43537e+09	6.11611e+09	5.52646e+09	6.10596e+09	5.54372e+09	5.43693e+09	4.81969e+09	4.88733e+09	4.85834e+09	5.29136e+09	6.51857e+09	6.39237e+09	5.87341e+09	4.23675e+09	6.58959e+09	6.45277e+09	6.52664e+09	6.11569e+09	5.37083e+09	6.14277e+09	6.13612e+09	6.20026e+09	5.09856e+09	5.45585e+09	5.25054e+09	4.86254e+09	5.2142e+09	5.2758e+09
ERR626881	6.61479e+09	5.54671e+09	7.61678e+09	7.33756e+09	6.74868e+09	6.56014e+09	8.05335e+09	6.5545e+09	7.96653e+09	7.66128e+09	6.6324e+09	8.19315e+09	5.20913e+09	6.67072e+09	6.96457e+09	7.32709e+09	4.98171e+09	5.21057e+09	7.71224e+09	7.87835e+09	8.29456e+09	7.73213e+09	7.21687e+09	8.27491e+09	7.26627e+09	7.54273e+09	7.57463e+09	7.71546e+09	7.80462e+09	7.74145e+09	7.20961e+09	8.00793e+09	7.60993e+09	7.58877e+09	7.28249e+09	7.57465e+09	6.45785e+09	6.17427e+09	6.27074e+09	7.18358e+09	6.31101e+09	7.1078e+09	7.39113e+09	7.74478e+09	7.72396e+09	7.77555e+09	7.87208e+09	7.67012e+09	7.88085e+09	7.43684e+09	7.61369e+09	7.69229e+09	7.71491e+09	7.59887e+09	4.57954e+09	6.26298e+09	6.08613e+09	5.12814e+09	6.40005e+09	5.30168e+09	8.04125e+09	7.36721e+09	7.16818e+09	7.18668e+09	7.20756e+09	7.18462e+09	6.46792e+09	7.13021e+09	6.33136e+09	7.16748e+09	6.43501e+09	7.15596e+09	6.46352e+09	6.3342e+09	5.59562e+09	5.67707e+09	5.6466e+09	6.16408e+09	7.74826e+09	7.588e+09	6.92966e+09	4.92764e+09	7.83082e+09	7.65773e+09	7.73609e+09	7.20784e+09	6.28772e+09	7.24386e+09	7.23382e+09	7.32167e+09	5.94153e+09	6.3809e+09	6.12785e+09	5.65167e+09	6.0826e+09	6.16819e+09
ERR626880	6.57124e+09	5.51211e+09	7.56044e+09	7.28515e+09	6.70315e+09	6.51695e+09	7.98722e+09	6.50577e+09	7.66128e+09	7.84284e+09	6.5823e+09	8.12621e+09	5.1729e+09	6.61943e+09	6.91003e+09	7.26615e+09	4.9479e+09	5.17439e+09	7.65018e+09	7.81538e+09	8.22574e+09	7.67007e+09	7.16458e+09	8.20669e+09	7.21191e+09	7.4872e+09	7.51709e+09	7.65776e+09	7.74515e+09	7.6834e+09	7.15641e+09	7.94602e+09	7.55295e+09	7.53017e+09	7.22845e+09	7.51667e+09	6.41288e+09	6.13303e+09	6.22872e+09	7.12987e+09	6.26813e+09	7.05498e+09	7.33555e+09	7.68693e+09	7.66481e+09	7.71705e+09	7.81173e+09	7.61293e+09	7.82067e+09	7.38665e+09	7.55849e+09	7.63492e+09	7.65898e+09	7.54278e+09	4.53194e+09	6.21608e+09	6.04327e+09	5.07277e+09	6.35146e+09	5.244e+09	7.97273e+09	7.30755e+09	7.11085e+09	7.12932e+09	7.14935e+09	7.12619e+09	6.41816e+09	7.07098e+09	6.28448e+09	7.10724e+09	6.38403e+09	7.09667e+09	6.41673e+09	6.28922e+09	5.56019e+09	5.64119e+09	5.6108e+09	6.12206e+09	7.69477e+09	7.5363e+09	6.88388e+09	4.90033e+09	7.77672e+09	7.60523e+09	7.67701e+09	7.1546e+09	6.24707e+09	7.18962e+09	7.18041e+09	7.26828e+09	5.90139e+09	6.33663e+09	6.08635e+09	5.61464e+09	6.04007e+09	6.12754e+09
ERR626882	5.73015e+09	4.86588e+09	6.54284e+09	6.31901e+09	5.83809e+09	5.68611e+09	6.89484e+09	5.71446e+09	6.6324e+09	6.5823e+09	5.97252e+09	7.00388e+09	4.5949e+09	5.80017e+09	6.03766e+09	6.33218e+09	4.40063e+09	4.59486e+09	6.59585e+09	6.72316e+09	7.05955e+09	6.6121e+09	6.18274e+09	7.0437e+09	6.21788e+09	6.44181e+09	6.47199e+09	6.58089e+09	6.65332e+09	6.60207e+09	6.18647e+09	6.8314e+09	6.50831e+09	6.49468e+09	6.24556e+09	6.48039e+09	5.58081e+09	5.33961e+09	5.41903e+09	6.1692e+09	5.45123e+09	6.10747e+09	6.32473e+09	6.60696e+09	6.59641e+09	6.6317e+09	6.71009e+09	6.54781e+09	6.71776e+09	6.34079e+09	6.49514e+09	6.56325e+09	6.57753e+09	6.49011e+09	4.08636e+09	5.44213e+09	5.29452e+09	4.55225e+09	5.55534e+09	4.69973e+09	6.87551e+09	6.34224e+09	6.18121e+09	6.19456e+09	6.21117e+09	6.20126e+09	5.61842e+09	6.15939e+09	5.49706e+09	6.18968e+09	5.59082e+09	6.17961e+09	5.60692e+09	5.49889e+09	4.87153e+09	4.94032e+09	4.91089e+09	5.35041e+09	6.59356e+09	6.46536e+09	5.9385e+09	4.27821e+09	6.66586e+09	6.52765e+09	6.60265e+09	6.18527e+09	5.42851e+09	6.21282e+09	6.20562e+09	6.27043e+09	5.15283e+09	5.51534e+09	5.30679e+09	4.91342e+09	5.26992e+09	5.33168e+09
ERR626879	6.99038e+09	5.83785e+09	8.08953e+09	7.78196e+09	7.13558e+09	6.93205e+09	8.55737e+09	6.91975e+09	8.19315e+09	8.12621e+09	7.00388e+09	8.98219e+09	5.47815e+09	7.05808e+09	7.37911e+09	7.77698e+09	5.23357e+09	5.47902e+09	8.18554e+09	8.36836e+09	8.82785e+09	8.20728e+09	7.64344e+09	8.80642e+09	7.69848e+09	8.00199e+09	8.03744e+09	8.1912e+09	8.28896e+09	8.2194e+09	7.6413e+09	8.51852e+09	8.08022e+09	8.05606e+09	7.72154e+09	8.03959e+09	6.83081e+09	6.52483e+09	6.62895e+09	7.62107e+09	6.6713e+09	7.53839e+09	7.83341e+09	8.22221e+09	8.20024e+09	8.2565e+09	8.36212e+09	8.14061e+09	8.38833e+09	7.90052e+09	8.09329e+09	8.18053e+09	8.20433e+09	8.0782e+09	4.83464e+09	6.62688e+09	6.4363e+09	5.42674e+09	6.77587e+09	5.61432e+09	8.54893e+09	7.81011e+09	7.5925e+09	7.61211e+09	7.63534e+09	7.61117e+09	6.86018e+09	7.58063e+09	6.71106e+09	7.62112e+09	6.82353e+09	7.60938e+09	6.85639e+09	6.71551e+09	5.91772e+09	6.00597e+09	5.97358e+09	6.53121e+09	8.24488e+09	8.06893e+09	7.34774e+09	5.19006e+09	8.33605e+09	8.14551e+09	8.22392e+09	7.64519e+09	6.64667e+09	7.68335e+09	7.674e+09	7.76947e+09	6.27445e+09	6.7493e+09	6.47531e+09	5.96147e+09	6.42577e+09	6.51963e+09
ERR613256	4.71687e+09	4.06415e+09	5.32071e+09	5.15232e+09	4.79771e+09	4.68259e+09	5.40091e+09	4.5477e+09	5.20913e+09	5.1729e+09	4.5949e+09	5.47815e+09	4.17453e+09	4.95612e+09	5.13932e+09	5.36803e+09	3.85512e+09	4.01267e+09	5.28396e+09	5.38582e+09	5.65368e+09	5.29577e+09	4.96322e+09	5.6405e+09	4.92885e+09	5.10579e+09	5.12459e+09	5.21828e+09	5.27609e+09	5.2353e+09	4.99731e+09	5.49398e+09	5.2444e+09	5.23425e+09	5.04221e+09	5.22641e+09	4.59937e+09	4.41578e+09	4.47332e+09	5.03443e+09	4.49674e+09	4.98675e+09	5.07807e+09	5.30465e+09	5.28946e+09	5.32539e+09	5.38831e+09	5.25508e+09	5.40814e+09	5.11573e+09	5.23395e+09	5.28543e+09	5.29991e+09	5.22635e+09	3.49668e+09	4.56496e+09	4.45158e+09	3.86519e+09	4.65138e+09	3.98299e+09	5.50848e+09	5.11837e+09	4.99802e+09	5.00715e+09	5.0212e+09	5.0167e+09	4.77038e+09	5.18542e+09	4.67602e+09	5.20771e+09	4.74995e+09	5.20038e+09	4.73343e+09	4.64904e+09	4.15479e+09	4.20846e+09	4.18372e+09	4.53111e+09	5.35384e+09	5.25413e+09	4.85827e+09	3.58631e+09	5.40966e+09	5.305e+09	5.33321e+09	5.02493e+09	4.4579e+09	5.04363e+09	5.04112e+09	5.08437e+09	4.29591e+09	4.56714e+09	4.41097e+09	4.11336e+09	4.38335e+09	4.42413e+09
ERR613253	5.95892e+09	5.04808e+09	6.82362e+09	6.58314e+09	6.07303e+09	5.91063e+09	6.94481e+09	5.73455e+09	6.67072e+09	6.61943e+09	5.80017e+09	7.05808e+09	4.95612e+09	6.5231e+09	6.55651e+09	6.88719e+09	4.74088e+09	4.95575e+09	6.77066e+09	6.91556e+09	7.29828e+09	6.78727e+09	6.31398e+09	7.27984e+09	6.27592e+09	6.52562e+09	6.5547e+09	6.68393e+09	6.76603e+09	6.70762e+09	6.37161e+09	7.07952e+09	6.72277e+09	6.70873e+09	6.43633e+09	6.6949e+09	5.82077e+09	5.56118e+09	5.64071e+09	6.4384e+09	5.67465e+09	6.37037e+09	6.4753e+09	6.79603e+09	6.77856e+09	6.82606e+09	6.91573e+09	6.72742e+09	6.97713e+09	6.55837e+09	6.72713e+09	6.80198e+09	6.81921e+09	6.71972e+09	4.37086e+09	5.76853e+09	5.60935e+09	4.87474e+09	5.8895e+09	5.03538e+09	7.098e+09	6.53981e+09	6.36697e+09	6.38005e+09	6.3995e+09	6.39581e+09	6.05857e+09	6.64608e+09	5.92277e+09	6.67822e+09	6.03044e+09	6.66754e+09	6.00706e+09	5.88875e+09	5.21451e+09	5.287e+09	5.25397e+09	5.72699e+09	6.8963e+09	6.75551e+09	6.19661e+09	4.45239e+09	6.97626e+09	6.82888e+09	6.86467e+09	6.42823e+09	5.63178e+09	6.45448e+09	6.45009e+09	6.5117e+09	5.39491e+09	5.77628e+09	5.55728e+09	5.14253e+09	5.51853e+09	5.5752e+09
ERR613252	6.20306e+09	5.23869e+09	7.12707e+09	6.86871e+09	6.32415e+09	6.15139e+09	7.25744e+09	5.9678e+09	6.96457e+09	6.91003e+09	6.03766e+09	7.37911e+09	5.13932e+09	6.55651e+09	7.08538e+09	7.19575e+09	4.91184e+09	5.13869e+09	7.06827e+09	7.22275e+09	7.63246e+09	7.08682e+09	6.58113e+09	7.61357e+09	6.5434e+09	6.80971e+09	6.84151e+09	6.97843e+09	7.06628e+09	7.00413e+09	6.64669e+09	7.40198e+09	7.02048e+09	7.00497e+09	6.71508e+09	6.99005e+09	6.06325e+09	5.78844e+09	5.87233e+09	6.72127e+09	5.90911e+09	6.64822e+09	6.75353e+09	7.09613e+09	7.07845e+09	7.12847e+09	7.22467e+09	7.02278e+09	7.297e+09	6.8489e+09	7.02868e+09	7.11044e+09	7.12673e+09	7.02248e+09	4.54708e+09	6.00667e+09	5.83735e+09	5.08055e+09	6.13512e+09	5.25053e+09	7.42108e+09	6.82472e+09	6.64055e+09	6.65446e+09	6.67509e+09	6.67198e+09	6.31738e+09	6.94316e+09	6.17251e+09	6.97719e+09	6.28793e+09	6.96653e+09	6.26354e+09	6.13798e+09	5.42355e+09	5.50079e+09	5.46587e+09	5.96656e+09	7.21083e+09	7.06077e+09	6.46625e+09	4.62262e+09	7.29735e+09	7.13893e+09	7.17648e+09	6.71022e+09	5.86362e+09	6.738e+09	6.73416e+09	6.7993e+09	5.61249e+09	6.01658e+09	5.78375e+09	5.3454e+09	5.74291e+09	5.80312e+09
ERR613251	6.49488e+09	5.46796e+09	7.49611e+09	7.21764e+09	6.62539e+09	6.43968e+09	7.64495e+09	6.25696e+09	7.32709e+09	7.26615e+09	6.33218e+09	7.77698e+09	5.36803e+09	6.88719e+09	7.19575e+09	7.85432e+09	5.12571e+09	5.3669e+09	7.43647e+09	7.60055e+09	8.04647e+09	7.4556e+09	6.90207e+09	8.02619e+09	6.86502e+09	7.15019e+09	7.18797e+09	7.33296e+09	7.42807e+09	7.36046e+09	6.97774e+09	7.79472e+09	7.37943e+09	7.36545e+09	7.05155e+09	7.34662e+09	6.35436e+09	6.05726e+09	6.14689e+09	7.06523e+09	6.18628e+09	6.98654e+09	7.08892e+09	7.45726e+09	7.44249e+09	7.49177e+09	7.59623e+09	7.37817e+09	7.68956e+09	7.19346e+09	7.39327e+09	7.4851e+09	7.49891e+09	7.39078e+09	4.79997e+09	6.30309e+09	6.1193e+09	5.37631e+09	6.44224e+09	5.56e+09	7.82777e+09	7.17994e+09	6.98084e+09	6.99479e+09	7.01713e+09	7.01762e+09	6.64419e+09	7.32293e+09	6.48307e+09	7.36017e+09	6.61454e+09	7.34802e+09	6.57959e+09	6.44483e+09	5.67457e+09	5.75685e+09	5.7181e+09	6.25655e+09	7.58184e+09	7.41983e+09	6.78055e+09	4.81353e+09	7.676e+09	7.50575e+09	7.55387e+09	7.0523e+09	6.1367e+09	7.08236e+09	7.07742e+09	7.14582e+09	5.87343e+09	6.30786e+09	6.0577e+09	5.58796e+09	6.01509e+09	6.07493e+09
ERR613254	4.52274e+09	3.90484e+09	5.08663e+09	4.92877e+09	4.59867e+09	4.49059e+09	5.1621e+09	4.35654e+09	4.98171e+09	4.9479e+09	4.40063e+09	5.23357e+09	3.85512e+09	4.74088e+09	4.91184e+09	5.12571e+09	3.86007e+09	3.85543e+09	5.0588e+09	5.15534e+09	5.40567e+09	5.07002e+09	4.76083e+09	5.3931e+09	4.72925e+09	4.89491e+09	4.91104e+09	5.00067e+09	5.05505e+09	5.01655e+09	4.78906e+09	5.25461e+09	5.02146e+09	5.01145e+09	4.83209e+09	5.00544e+09	4.40997e+09	4.23944e+09	4.29383e+09	4.81889e+09	4.3154e+09	4.77381e+09	4.86755e+09	5.07997e+09	5.06443e+09	5.09986e+09	5.15851e+09	5.0336e+09	5.17007e+09	4.89993e+09	5.00884e+09	5.05524e+09	5.07006e+09	4.99928e+09	3.33338e+09	4.37273e+09	4.26648e+09	3.67924e+09	4.45341e+09	3.79063e+09	5.26621e+09	4.89885e+09	4.78563e+09	4.79461e+09	4.80829e+09	4.80176e+09	4.5602e+09	4.9509e+09	4.47448e+09	4.97192e+09	4.54143e+09	4.96518e+09	4.52691e+09	4.44849e+09	3.98342e+09	4.03397e+09	4.01137e+09	4.33818e+09	5.12466e+09	5.03105e+09	4.65767e+09	3.45889e+09	5.17582e+09	5.07693e+09	5.10113e+09	4.81042e+09	4.27796e+09	4.82792e+09	4.82531e+09	4.86681e+09	4.1248e+09	4.37961e+09	4.23395e+09	3.95401e+09	4.20816e+09	4.24788e+09
ERR613255	4.71756e+09	4.06477e+09	5.32026e+09	5.15196e+09	4.79842e+09	4.68353e+09	5.40245e+09	4.54821e+09	5.21057e+09	5.17439e+09	4.59486e+09	5.47902e+09	4.01267e+09	4.95575e+09	5.13869e+09	5.3669e+09	3.85543e+09	4.17347e+09	5.28737e+09	5.38918e+09	5.65618e+09	5.29876e+09	4.96772e+09	5.6436e+09	4.93306e+09	5.10972e+09	5.12829e+09	5.22262e+09	5.28029e+09	5.23917e+09	5.00162e+09	5.49807e+09	5.24841e+09	5.23861e+09	5.04674e+09	5.23072e+09	4.60129e+09	4.41841e+09	4.47581e+09	5.03631e+09	4.49939e+09	4.98852e+09	5.08082e+09	5.30696e+09	5.29181e+09	5.32783e+09	5.39064e+09	5.2576e+09	5.41007e+09	5.11935e+09	5.23699e+09	5.28787e+09	5.30201e+09	5.22851e+09	3.4896e+09	4.56517e+09	4.45171e+09	3.85771e+09	4.65103e+09	3.97555e+09	5.51156e+09	5.12135e+09	5.00071e+09	5.00978e+09	5.02351e+09	5.01909e+09	4.76785e+09	5.18344e+09	4.6746e+09	5.20575e+09	4.74754e+09	5.19871e+09	4.73179e+09	4.64798e+09	4.15493e+09	4.20902e+09	4.1838e+09	4.53053e+09	5.35728e+09	5.25751e+09	4.86178e+09	3.59088e+09	5.41282e+09	5.3077e+09	5.33527e+09	5.02737e+09	4.46081e+09	5.04607e+09	5.04272e+09	5.08661e+09	4.29818e+09	4.56939e+09	4.41374e+09	4.11622e+09	4.38618e+09	4.42732e+09
ERR613905	6.70194e+09	5.60637e+09	7.70495e+09	7.42117e+09	6.83753e+09	6.64639e+09	8.04562e+09	6.51891e+09	7.71224e+09	7.65018e+09	6.59585e+09	8.18554e+09	5.28396e+09	6.77066e+09	7.06827e+09	7.43647e+09	5.0588e+09	5.28737e+09	8.34116e+09	8.284e+09	8.69976e+09	8.13143e+09	7.60174e+09	8.68293e+09	7.5722e+09	7.84005e+09	7.87208e+09	8.00914e+09	8.09437e+09	8.03487e+09	7.47548e+09	8.28204e+09	7.8853e+09	7.86114e+09	7.55133e+09	7.85159e+09	6.65254e+09	6.37299e+09	6.47344e+09	7.40298e+09	6.51255e+09	7.32904e+09	7.72703e+09	8.08526e+09	8.05883e+09	8.11768e+09	8.21056e+09	8.00733e+09	8.19595e+09	7.75873e+09	7.92972e+09	8.00773e+09	8.0331e+09	7.91114e+09	4.5899e+09	6.38541e+09	6.20808e+09	5.13607e+09	6.52646e+09	5.30939e+09	8.20259e+09	7.50224e+09	7.30389e+09	7.3228e+09	7.34376e+09	7.30758e+09	6.53053e+09	7.20206e+09	6.39844e+09	7.23889e+09	6.50007e+09	7.22891e+09	6.50285e+09	6.37715e+09	5.63898e+09	5.71957e+09	5.69003e+09	6.21052e+09	8.02201e+09	7.85741e+09	7.17128e+09	5.12672e+09	8.1047e+09	7.92351e+09	8.00527e+09	7.44689e+09	6.49885e+09	7.48737e+09	7.47687e+09	7.5738e+09	6.13095e+09	6.58082e+09	6.32176e+09	5.833e+09	6.27566e+09	6.37118e+09
ERR613903	6.84957e+09	5.71742e+09	7.88316e+09	7.58912e+09	6.98887e+09	6.79236e+09	8.22288e+09	6.64464e+09	7.87835e+09	7.81538e+09	6.72316e+09	8.36836e+09	5.38582e+09	6.91556e+09	7.22275e+09	7.60055e+09	5.15534e+09	5.38918e+09	8.284e+09	8.71153e+09	8.90412e+09	8.30349e+09	7.76495e+09	8.88775e+09	7.73854e+09	8.02023e+09	8.04968e+09	8.19676e+09	8.28505e+09	8.22359e+09	7.63698e+09	8.47472e+09	8.06294e+09	8.0357e+09	7.71532e+09	8.02723e+09	6.79667e+09	6.51303e+09	6.61525e+09	7.56923e+09	6.65557e+09	7.49236e+09	7.89674e+09	8.27466e+09	8.24214e+09	8.30868e+09	8.40506e+09	8.19209e+09	8.38729e+09	7.94311e+09	8.11431e+09	8.19252e+09	8.2222e+09	8.0901e+09	4.6524e+09	6.52652e+09	6.34563e+09	5.20886e+09	6.67099e+09	5.3857e+09	8.38862e+09	7.66495e+09	7.46066e+09	7.4803e+09	7.50245e+09	7.4625e+09	6.68204e+09	7.37377e+09	6.54959e+09	7.41178e+09	6.64996e+09	7.4021e+09	6.66051e+09	6.53078e+09	5.77604e+09	5.85882e+09	5.83047e+09	6.3622e+09	8.21997e+09	8.04907e+09	7.33738e+09	5.23651e+09	8.30397e+09	8.11518e+09	8.19235e+09	7.61227e+09	6.64012e+09	7.65397e+09	7.64281e+09	7.74563e+09	6.26351e+09	6.72437e+09	6.45913e+09	5.95712e+09	6.41112e+09	6.5125e+09
ERR613907	7.19446e+09	5.9853e+09	8.31866e+09	7.99868e+09	7.34524e+09	7.13269e+09	8.66943e+09	6.97446e+09	8.29456e+09	8.22574e+09	7.05955e+09	8.82785e+09	5.65368e+09	7.29828e+09	7.63246e+09	8.04647e+09	5.40567e+09	5.65618e+09	8.69976e+09	8.90412e+09	9.66052e+09	8.722e+09	8.12402e+09	9.37091e+09	8.09505e+09	8.40661e+09	8.43975e+09	8.60383e+09	8.70215e+09	8.63341e+09	8.0073e+09	8.92512e+09	8.47021e+09	8.44272e+09	8.0925e+09	8.43217e+09	7.13089e+09	6.82397e+09	6.93241e+09	7.9606e+09	6.97608e+09	7.87685e+09	8.26722e+09	8.68459e+09	8.649e+09	8.72253e+09	8.82964e+09	8.59356e+09	8.82984e+09	8.33719e+09	8.52679e+09	8.61351e+09	8.64511e+09	8.50164e+09	4.94353e+09	6.88006e+09	6.68369e+09	5.54909e+09	7.03578e+09	5.74061e+09	8.86436e+09	8.08123e+09	7.85855e+09	7.87964e+09	7.90352e+09	7.86555e+09	7.08594e+09	7.83903e+09	6.93787e+09	7.88003e+09	7.05132e+09	7.86984e+09	7.05498e+09	6.91341e+09	6.09832e+09	6.18738e+09	6.15694e+09	6.72952e+09	8.65136e+09	8.46473e+09	7.69686e+09	5.45619e+09	8.74313e+09	8.53771e+09	8.62139e+09	7.99767e+09	6.95185e+09	8.04241e+09	8.03045e+09	8.13803e+09	6.56574e+09	7.05925e+09	6.77485e+09	6.23822e+09	6.72354e+09	6.82873e+09
ERR613906	6.71815e+09	5.61835e+09	7.72499e+09	7.43942e+09	6.85409e+09	6.6622e+09	8.06644e+09	6.53504e+09	7.73213e+09	7.67007e+09	6.6121e+09	8.20728e+09	5.29577e+09	6.78727e+09	7.08682e+09	7.4556e+09	5.07002e+09	5.29876e+09	8.13143e+09	8.30349e+09	8.722e+09	8.3793e+09	7.6181e+09	8.70444e+09	7.58971e+09	7.85894e+09	7.89129e+09	8.02948e+09	8.11486e+09	8.05494e+09	7.49196e+09	8.30181e+09	7.9026e+09	7.87901e+09	7.56798e+09	7.86952e+09	6.66694e+09	6.38688e+09	6.4876e+09	7.42041e+09	6.52661e+09	7.34629e+09	7.74417e+09	8.10494e+09	8.07764e+09	8.13704e+09	8.23004e+09	8.02575e+09	8.21705e+09	7.77807e+09	7.94948e+09	8.0282e+09	8.05312e+09	7.93104e+09	4.60202e+09	6.4002e+09	6.22273e+09	5.14994e+09	6.54194e+09	5.32412e+09	8.22223e+09	7.52016e+09	7.32086e+09	7.34001e+09	7.3614e+09	7.32474e+09	6.54664e+09	7.22117e+09	6.414e+09	7.25773e+09	6.516e+09	7.24801e+09	6.51936e+09	6.39292e+09	5.65245e+09	5.73321e+09	5.70418e+09	6.22566e+09	8.04145e+09	7.87646e+09	7.18838e+09	5.13669e+09	8.12472e+09	7.94296e+09	8.02535e+09	7.46469e+09	6.51316e+09	7.50496e+09	7.49429e+09	7.59188e+09	6.14413e+09	6.5947e+09	6.33536e+09	5.84545e+09	6.28891e+09	6.38522e+09
ERR613904	6.31189e+09	5.29582e+09	7.20685e+09	6.95269e+09	6.43519e+09	6.26208e+09	7.51687e+09	6.11465e+09	7.21687e+09	7.16458e+09	6.18274e+09	7.64344e+09	4.96322e+09	6.31398e+09	6.58113e+09	6.90207e+09	4.76083e+09	4.96772e+09	7.60174e+09	7.76495e+09	8.12402e+09	7.6181e+09	7.38142e+09	8.10934e+09	7.15005e+09	7.38997e+09	7.40952e+09	7.53857e+09	7.61204e+09	7.56107e+09	7.03585e+09	7.75538e+09	7.40688e+09	7.37929e+09	7.10422e+09	7.37519e+09	6.26582e+09	6.02075e+09	6.11319e+09	6.94499e+09	6.1486e+09	6.87866e+09	7.28619e+09	7.60725e+09	7.57311e+09	7.63524e+09	7.71508e+09	7.53734e+09	7.6771e+09	7.3185e+09	7.45474e+09	7.51528e+09	7.54627e+09	7.42608e+09	4.18158e+09	5.96984e+09	5.81497e+09	4.66449e+09	6.09641e+09	4.81855e+09	7.64108e+09	7.00775e+09	6.83e+09	6.84966e+09	6.8686e+09	6.8229e+09	6.05879e+09	6.65879e+09	5.95537e+09	6.6915e+09	6.02807e+09	6.68353e+09	6.05496e+09	5.9425e+09	5.28956e+09	5.3628e+09	5.34024e+09	5.80219e+09	7.54732e+09	7.39961e+09	6.77214e+09	4.89112e+09	7.61601e+09	7.45256e+09	7.50638e+09	6.99457e+09	6.14539e+09	7.03212e+09	7.02173e+09	7.11771e+09	5.78216e+09	6.19109e+09	5.9554e+09	5.50893e+09	5.91146e+09	6.01247e+09
ERR613902	7.17586e+09	5.97135e+09	8.29606e+09	7.97672e+09	7.32567e+09	7.11449e+09	8.64876e+09	6.95885e+09	8.27491e+09	8.20669e+09	7.0437e+09	8.80642e+09	5.6405e+09	7.27984e+09	7.61357e+09	8.02619e+09	5.3931e+09	5.6436e+09	8.68293e+09	8.88775e+09	9.37091e+09	8.70444e+09	8.10934e+09	9.61909e+09	8.07897e+09	8.38862e+09	8.42304e+09	8.58521e+09	8.68318e+09	8.61488e+09	7.99071e+09	8.9051e+09	8.45229e+09	8.42469e+09	8.0756e+09	8.41375e+09	7.11753e+09	6.81121e+09	6.91918e+09	7.94535e+09	6.96302e+09	7.86291e+09	8.25035e+09	8.66598e+09	8.63204e+09	8.70343e+09	8.81091e+09	8.5745e+09	8.81355e+09	8.32006e+09	8.50962e+09	8.59732e+09	8.62763e+09	8.48654e+09	4.93611e+09	6.86558e+09	6.66953e+09	5.5402e+09	7.02092e+09	5.732e+09	8.84352e+09	8.06165e+09	7.84011e+09	7.86088e+09	7.88489e+09	7.84776e+09	7.06975e+09	7.82009e+09	6.92167e+09	7.86126e+09	7.03538e+09	7.85034e+09	7.03833e+09	6.897e+09	6.08262e+09	6.17202e+09	6.14054e+09	6.71304e+09	8.63108e+09	8.44531e+09	7.6806e+09	5.44681e+09	8.72431e+09	8.51889e+09	8.60412e+09	7.98265e+09	6.93861e+09	8.02655e+09	8.0151e+09	8.12182e+09	6.55386e+09	7.04619e+09	6.76241e+09	6.22719e+09	6.71175e+09	6.81584e+09
ERR636787	6.32418e+09	5.30013e+09	7.22554e+09	6.96675e+09	6.44908e+09	6.27403e+09	7.57231e+09	6.14909e+09	7.26627e+09	7.21191e+09	6.21788e+09	7.69848e+09	4.92885e+09	6.27592e+09	6.5434e+09	6.86502e+09	4.72925e+09	4.93306e+09	7.5722e+09	7.73854e+09	8.09505e+09	7.58971e+09	7.15005e+09	8.07897e+09	7.60185e+09	7.6452e+09	7.66483e+09	7.79907e+09	7.87725e+09	7.82447e+09	7.07108e+09	7.8014e+09	7.44691e+09	7.41892e+09	7.1405e+09	7.41684e+09	6.17607e+09	5.93233e+09	6.02501e+09	6.86724e+09	6.06044e+09	6.79976e+09	7.38378e+09	7.71168e+09	7.67517e+09	7.74084e+09	7.822e+09	7.63865e+09	7.63107e+09	7.26576e+09	7.4042e+09	7.46507e+09	7.498e+09	7.3733e+09	4.00179e+09	5.86501e+09	5.70848e+09	4.47407e+09	5.99172e+09	4.62468e+09	7.80241e+09	7.15058e+09	6.96944e+09	6.98929e+09	7.00694e+09	6.9591e+09	5.9204e+09	6.52673e+09	5.82048e+09	6.55948e+09	5.88984e+09	6.55199e+09	5.93746e+09	5.8265e+09	5.1657e+09	5.23945e+09	5.21682e+09	5.6854e+09	7.48939e+09	7.33761e+09	6.69614e+09	4.80617e+09	7.55875e+09	7.38811e+09	7.43758e+09	6.91374e+09	6.05478e+09	6.95235e+09	6.94081e+09	7.04159e+09	5.69615e+09	6.10452e+09	5.8697e+09	5.42201e+09	5.82509e+09	5.92857e+09
ERR636789	6.56144e+09	5.48428e+09	7.51703e+09	7.2429e+09	6.69308e+09	6.50869e+09	7.86756e+09	6.36902e+09	7.54273e+09	7.4872e+09	6.44181e+09	8.00199e+09	5.10579e+09	6.52562e+09	6.80971e+09	7.15019e+09	4.89491e+09	5.10972e+09	7.84005e+09	8.02023e+09	8.40661e+09	7.85894e+09	7.38997e+09	8.38862e+09	7.6452e+09	8.14296e+09	7.93676e+09	8.0855e+09	8.1707e+09	8.11255e+09	7.31792e+09	8.09895e+09	7.71889e+09	7.68847e+09	7.39145e+09	7.68588e+09	6.39475e+09	6.13861e+09	6.23469e+09	7.12044e+09	6.27253e+09	7.04889e+09	7.63547e+09	7.99103e+09	7.95058e+09	8.02287e+09	8.11095e+09	7.91286e+09	7.91615e+09	7.52801e+09	7.67339e+09	7.73768e+09	7.77443e+09	7.64013e+09	4.16396e+09	6.09189e+09	5.92702e+09	4.66223e+09	6.22497e+09	4.8208e+09	8.11907e+09	7.43054e+09	7.23772e+09	7.25905e+09	7.27814e+09	7.22951e+09	6.17562e+09	6.816e+09	6.06897e+09	6.8507e+09	6.14252e+09	6.84366e+09	6.1938e+09	6.07528e+09	5.38131e+09	5.45868e+09	5.43496e+09	5.92737e+09	7.77566e+09	7.61381e+09	6.93603e+09	4.95679e+09	7.84876e+09	7.66792e+09	7.71686e+09	7.16478e+09	6.26314e+09	7.20469e+09	7.19289e+09	7.29835e+09	5.89537e+09	6.32318e+09	6.07694e+09	5.60764e+09	6.0302e+09	6.13822e+09
ERR636788	6.57657e+09	5.49942e+09	7.54351e+09	7.26674e+09	6.70874e+09	6.52321e+09	7.90137e+09	6.39853e+09	7.57463e+09	7.51709e+09	6.47199e+09	8.03744e+09	5.12459e+09	6.5547e+09	6.84151e+09	7.18797e+09	4.91104e+09	5.12829e+09	7.87208e+09	8.04968e+09	8.43975e+09	7.89129e+09	7.40952e+09	8.42304e+09	7.66483e+09	7.93676e+09	8.18643e+09	8.10558e+09	8.19144e+09	8.13274e+09	7.342e+09	8.12826e+09	7.74402e+09	7.71567e+09	7.41593e+09	7.71069e+09	6.41293e+09	6.15132e+09	6.24811e+09	7.1455e+09	6.28647e+09	7.07331e+09	7.65755e+09	8.01302e+09	7.97817e+09	8.04527e+09	8.13429e+09	7.93474e+09	7.94608e+09	7.54132e+09	7.69518e+09	7.76454e+09	7.79628e+09	7.66724e+09	4.21253e+09	6.11484e+09	5.94721e+09	4.7185e+09	6.24951e+09	4.88059e+09	8.1535e+09	7.46052e+09	7.26599e+09	7.28619e+09	7.3058e+09	7.26079e+09	6.20306e+09	6.85011e+09	6.0905e+09	6.8849e+09	6.17081e+09	6.8773e+09	6.2165e+09	6.09632e+09	5.39031e+09	5.46836e+09	5.4432e+09	5.94353e+09	7.78996e+09	7.62807e+09	6.94838e+09	4.9594e+09	7.86651e+09	7.68512e+09	7.74227e+09	7.18905e+09	6.27572e+09	7.22873e+09	7.21721e+09	7.32056e+09	5.90935e+09	6.34101e+09	6.09271e+09	5.62036e+09	6.04651e+09	6.15049e+09
ERR636790	6.70642e+09	5.59663e+09	7.69505e+09	7.41085e+09	6.84265e+09	6.651e+09	8.05295e+09	6.50638e+09	7.71546e+09	7.65776e+09	6.58089e+09	8.1912e+09	5.21828e+09	6.68393e+09	6.97843e+09	7.33296e+09	5.00067e+09	5.22262e+09	8.00914e+09	8.19676e+09	8.60383e+09	8.02948e+09	7.53857e+09	8.58521e+09	7.79907e+09	8.0855e+09	8.10558e+09	8.50226e+09	8.35639e+09	8.29482e+09	7.47093e+09	8.28298e+09	7.88616e+09	7.85571e+09	7.54741e+09	7.85278e+09	6.52914e+09	6.26566e+09	6.36435e+09	7.27705e+09	6.40309e+09	7.2027e+09	7.79266e+09	8.1662e+09	8.12274e+09	8.20017e+09	8.29238e+09	8.08278e+09	8.08928e+09	7.68383e+09	7.83583e+09	7.90292e+09	7.94064e+09	7.80051e+09	4.26697e+09	6.23632e+09	6.06555e+09	4.78152e+09	6.37336e+09	4.94586e+09	8.32383e+09	7.60934e+09	7.41059e+09	7.43235e+09	7.45202e+09	7.40266e+09	6.33766e+09	7.00228e+09	6.22624e+09	7.03803e+09	6.30404e+09	7.0304e+09	6.35379e+09	6.23146e+09	5.51348e+09	5.59391e+09	5.56927e+09	6.07796e+09	7.94663e+09	7.77947e+09	7.07953e+09	5.04935e+09	8.02271e+09	7.83532e+09	7.88899e+09	7.31962e+09	6.38979e+09	7.36052e+09	7.34859e+09	7.45598e+09	6.02009e+09	6.46027e+09	6.20662e+09	5.72441e+09	6.15895e+09	6.26796e+09
ERR636792	6.77966e+09	5.65352e+09	7.78664e+09	7.49715e+09	6.91808e+09	6.72398e+09	8.14784e+09	6.57705e+09	7.80462e+09	7.74515e+09	6.65332e+09	8.28896e+09	5.27609e+09	6.76603e+09	7.06628e+09	7.42807e+09	5.05505e+09	5.28029e+09	8.09437e+09	8.28505e+09	8.70215e+09	8.11486e+09	7.61204e+09	8.68318e+09	7.87725e+09	8.1707e+09	8.19144e+09	8.35639e+09	8.69147e+09	8.38598e+09	7.5494e+09	8.37749e+09	7.97264e+09	7.94179e+09	7.62683e+09	7.93824e+09	6.59717e+09	6.32855e+09	6.4287e+09	7.35687e+09	6.46797e+09	7.28151e+09	7.87068e+09	8.25309e+09	8.20879e+09	8.28741e+09	8.38252e+09	8.16755e+09	8.17703e+09	7.76135e+09	7.91716e+09	7.98621e+09	8.02436e+09	7.88187e+09	4.32359e+09	6.30942e+09	6.13506e+09	4.84782e+09	6.44867e+09	5.01489e+09	8.42872e+09	7.70204e+09	7.49946e+09	7.52078e+09	7.54126e+09	7.49188e+09	6.41995e+09	7.09689e+09	6.30469e+09	7.13375e+09	6.38557e+09	7.12564e+09	6.43551e+09	6.3111e+09	5.58025e+09	5.66134e+09	5.63655e+09	6.15396e+09	8.0335e+09	7.86261e+09	7.15125e+09	5.09228e+09	8.11129e+09	7.92044e+09	7.97592e+09	7.3976e+09	6.45301e+09	7.43918e+09	7.42709e+09	7.53532e+09	6.08161e+09	6.5285e+09	6.27064e+09	5.78126e+09	6.22276e+09	6.33217e+09
ERR636791	6.72805e+09	5.61299e+09	7.72156e+09	7.43549e+09	6.86524e+09	6.67281e+09	8.08048e+09	6.52652e+09	7.74145e+09	7.6834e+09	6.60207e+09	8.2194e+09	5.2353e+09	6.70762e+09	7.00413e+09	7.36046e+09	5.01655e+09	5.23917e+09	8.03487e+09	8.22359e+09	8.63341e+09	8.05494e+09	7.56107e+09	8.61488e+09	7.82447e+09	8.11255e+09	8.13274e+09	8.29482e+09	8.38598e+09	8.56261e+09	7.49461e+09	8.31113e+09	7.91197e+09	7.8813e+09	7.57098e+09	7.87818e+09	6.54779e+09	6.28277e+09	6.3822e+09	7.29937e+09	6.42072e+09	7.22483e+09	7.81524e+09	8.19212e+09	8.14848e+09	8.22598e+09	8.31927e+09	8.108e+09	8.11392e+09	7.70528e+09	7.85812e+09	7.92609e+09	7.96427e+09	7.82321e+09	4.28102e+09	6.25632e+09	6.08474e+09	4.79894e+09	6.39413e+09	4.96385e+09	8.35651e+09	7.63813e+09	7.4382e+09	7.4603e+09	7.47999e+09	7.43082e+09	6.36018e+09	7.02872e+09	6.24808e+09	7.06516e+09	6.32663e+09	7.05749e+09	6.37609e+09	6.2534e+09	5.53157e+09	5.61173e+09	5.58713e+09	6.09847e+09	7.97169e+09	7.80275e+09	7.09962e+09	5.06115e+09	8.04759e+09	7.85914e+09	7.91327e+09	7.34111e+09	6.40687e+09	7.3823e+09	7.37015e+09	7.47792e+09	6.03689e+09	6.47886e+09	6.2242e+09	5.7399e+09	6.17634e+09	6.28531e+09
ERR621996	6.32739e+09	5.31485e+09	7.24947e+09	6.98816e+09	6.45087e+09	6.27666e+09	7.5124e+09	6.11749e+09	7.20961e+09	7.15641e+09	6.18647e+09	7.6413e+09	4.99731e+09	6.37161e+09	6.64669e+09	6.97774e+09	4.78906e+09	5.00162e+09	7.47548e+09	7.63698e+09	8.0073e+09	7.49196e+09	7.03585e+09	7.99071e+09	7.07108e+09	7.31792e+09	7.342e+09	7.47093e+09	7.5494e+09	7.49461e+09	7.4709e+09	7.99463e+09	7.6271e+09	7.60571e+09	7.32015e+09	7.59615e+09	6.34825e+09	6.09249e+09	6.18458e+09	7.03875e+09	6.22196e+09	6.97069e+09	7.22175e+09	7.55048e+09	7.52315e+09	7.58041e+09	7.66362e+09	7.48117e+09	7.76443e+09	7.37189e+09	7.5237e+09	7.59211e+09	7.61804e+09	7.50423e+09	4.35007e+09	6.10305e+09	5.94261e+09	4.85261e+09	6.23329e+09	5.01324e+09	7.62713e+09	6.99196e+09	6.80919e+09	6.82739e+09	6.84751e+09	6.81235e+09	6.21559e+09	6.82987e+09	6.10044e+09	6.86441e+09	6.18396e+09	6.85583e+09	6.23006e+09	6.11281e+09	5.42755e+09	5.50433e+09	5.47852e+09	5.96116e+09	7.67369e+09	7.52154e+09	6.88889e+09	4.96105e+09	7.74922e+09	7.58192e+09	7.57757e+09	7.06681e+09	6.19757e+09	7.10245e+09	7.09207e+09	7.18528e+09	5.8642e+09	6.28239e+09	6.04212e+09	5.58759e+09	5.99781e+09	6.0917e+09
ERR621991	6.98764e+09	5.82842e+09	8.07292e+09	7.76604e+09	7.13142e+09	6.92862e+09	8.36422e+09	6.7514e+09	8.00793e+09	7.94602e+09	6.8314e+09	8.51852e+09	5.49398e+09	7.07952e+09	7.40198e+09	7.79472e+09	5.25461e+09	5.49807e+09	8.28204e+09	8.47472e+09	8.92512e+09	8.30181e+09	7.75538e+09	8.9051e+09	7.8014e+09	8.09895e+09	8.12826e+09	8.28298e+09	8.37749e+09	8.31113e+09	7.99463e+09	9.18315e+09	8.45653e+09	8.42676e+09	8.08073e+09	8.41697e+09	7.01569e+09	6.71779e+09	6.82235e+09	7.81749e+09	6.86527e+09	7.7367e+09	7.97378e+09	8.36753e+09	8.33685e+09	8.40368e+09	8.50472e+09	8.28449e+09	8.64987e+09	8.17587e+09	8.35835e+09	8.44218e+09	8.47136e+09	8.33682e+09	4.85165e+09	6.77748e+09	6.59e+09	5.43715e+09	6.92871e+09	5.62327e+09	8.52094e+09	7.77888e+09	7.56401e+09	7.58485e+09	7.60859e+09	7.57243e+09	6.95856e+09	7.67882e+09	6.81923e+09	7.71875e+09	6.92184e+09	7.70912e+09	6.96937e+09	6.83018e+09	6.03738e+09	6.12619e+09	6.09572e+09	6.65292e+09	8.54499e+09	8.36324e+09	7.61995e+09	5.41358e+09	8.63529e+09	8.43692e+09	8.43286e+09	7.83633e+09	6.82877e+09	7.87685e+09	7.86656e+09	7.97094e+09	6.46165e+09	6.94327e+09	6.66612e+09	6.14393e+09	6.61491e+09	6.71946e+09
ERR621992	6.66236e+09	5.57393e+09	7.66216e+09	7.37838e+09	6.79541e+09	6.60787e+09	7.93856e+09	6.43356e+09	7.60993e+09	7.55295e+09	6.50831e+09	8.08022e+09	5.2444e+09	6.72277e+09	7.02048e+09	7.37943e+09	5.02146e+09	5.24841e+09	7.8853e+09	8.06294e+09	8.47021e+09	7.9026e+09	7.40688e+09	8.45229e+09	7.44691e+09	7.71889e+09	7.74402e+09	7.88616e+09	7.97264e+09	7.91197e+09	7.6271e+09	8.45653e+09	8.29527e+09	8.02052e+09	7.70575e+09	8.0146e+09	6.68777e+09	6.41198e+09	6.51084e+09	7.43177e+09	6.55019e+09	7.35716e+09	7.60889e+09	7.96899e+09	7.93848e+09	8.00222e+09	8.0939e+09	7.89325e+09	8.21157e+09	7.78584e+09	7.94952e+09	8.02351e+09	8.05273e+09	7.92652e+09	4.58203e+09	6.43854e+09	6.26608e+09	5.1227e+09	6.57892e+09	5.29514e+09	8.07341e+09	7.38536e+09	7.18747e+09	7.20733e+09	7.22943e+09	7.19142e+09	6.58178e+09	7.2465e+09	6.45678e+09	7.28342e+09	6.54723e+09	7.27444e+09	6.59577e+09	6.4677e+09	5.73429e+09	5.8167e+09	5.78913e+09	6.30554e+09	8.11898e+09	7.95202e+09	7.26392e+09	5.19828e+09	8.20156e+09	8.01887e+09	8.0103e+09	7.45644e+09	6.52206e+09	7.49519e+09	7.48453e+09	7.58457e+09	6.16773e+09	6.61716e+09	6.35871e+09	5.87028e+09	6.31063e+09	6.41151e+09
