	ERR607785	ERR607781	ERR607783	ERR607784	ERR607786	ERR607782	ERR608153	ERR608149	ERR608151	ERR608154	ERR608152	ERR608150	ERR613347	ERR613351	ERR613350	ERR613352	ERR613349	ERR613348	ERR613454	ERR613449	ERR613451	ERR613450	ERR613453	ERR613452	ERR607987	ERR607986	ERR607988	ERR607984	ERR607983	ERR607985	ERR618694	ERR618693	ERR618695	ERR618696	ERR618698	ERR618697	ERR622146	ERR622144	ERR622143	ERR622148	ERR622147	ERR622145	ERR626797	ERR626795	ERR626799	ERR626798	ERR626796	ERR626800	ERR631724	ERR631719	ERR631721	ERR631722	ERR631723	ERR631720	ERR630443	ERR630444	ERR630442	ERR630445	ERR630440	ERR630441	ERR616444	ERR616447	ERR616449	ERR616445	ERR616448	ERR616446	ERR618579	ERR618583	ERR618582	ERR618581	ERR618580	ERR618584	ERR626775	ERR626772	ERR626774	ERR626773	ERR626771	ERR626776	ERR629975	ERR629973	ERR629972	ERR629971	ERR629974	ERR629970	ERR616181	ERR616184	ERR616182	ERR616179	ERR616180	ERR616183	ERR616860	ERR616859	ERR616864	ERR616863	ERR616862	ERR616861
ERR607785	4.68259e+08	3.32276e+08	3.33693e+08	2.6692e+08	3.33524e+08	2.77374e+08	2.77983e+08	1.88324e+08	2.70724e+08	2.44436e+08	2.72511e+08	2.41864e+08	2.78655e+08	2.30912e+08	2.24318e+08	1.79838e+08	2.53716e+08	2.28001e+08	2.55043e+08	3.08157e+08	3.06326e+08	3.06256e+08	2.56557e+08	2.61029e+08	2.1788e+08	2.14445e+08	2.12493e+08	3.04386e+08	2.90199e+08	3.06341e+08	2.48999e+08	2.66957e+08	2.50861e+08	2.6134e+08	2.70783e+08	2.64159e+08	2.22523e+08	2.70198e+08	2.09721e+08	2.15364e+08	2.19313e+08	2.89826e+08	2.53374e+08	2.69918e+08	2.74863e+08	2.72412e+08	2.51874e+08	2.85246e+08	1.90065e+08	1.90169e+08	2.10146e+08	1.98542e+08	2.01501e+08	1.74012e+08	2.07677e+08	2.03833e+08	2.05237e+08	2.12725e+08	2.10884e+08	1.90598e+08	1.54455e+08	1.99094e+08	2.0104e+08	9.34306e+07	2.01451e+08	1.57381e+08	2.02083e+08	1.72899e+08	1.87143e+08	1.89765e+08	1.85682e+08	1.72602e+08	1.75154e+08	1.65911e+08	1.7305e+08	1.6811e+08	1.77503e+08	1.79448e+08	1.89299e+08	1.91338e+08	2.18566e+08	1.88274e+08	1.86692e+08	2.22507e+08	1.58342e+08	2.15779e+08	2.08835e+08	1.67022e+08	1.8393e+08	2.09667e+08	1.61136e+08	1.60193e+08	1.4277e+08	1.42065e+08	1.40384e+08	1.77001e+08
ERR607781	3.32276e+08	4.76839e+08	3.38219e+08	2.68515e+08	3.35816e+08	2.80379e+08	2.80838e+08	1.89368e+08	2.73423e+08	2.4646e+08	2.75267e+08	2.4413e+08	2.82665e+08	2.34457e+08	2.27768e+08	1.81811e+08	2.5706e+08	2.30998e+08	2.5722e+08	3.10642e+08	3.08862e+08	3.0882e+08	2.59e+08	2.63446e+08	2.19578e+08	2.16267e+08	2.14201e+08	3.06993e+08	2.92395e+08	3.08548e+08	2.51036e+08	2.69265e+08	2.52806e+08	2.63775e+08	2.73329e+08	2.66647e+08	2.2427e+08	2.72223e+08	2.10712e+08	2.17067e+08	2.21124e+08	2.92358e+08	2.55569e+08	2.72373e+08	2.77492e+08	2.74716e+08	2.53749e+08	2.87821e+08	1.92262e+08	1.92505e+08	2.12855e+08	2.00905e+08	2.04003e+08	1.76293e+08	2.09909e+08	2.05981e+08	2.07412e+08	2.14781e+08	2.12997e+08	1.92263e+08	1.5608e+08	2.00854e+08	2.02794e+08	9.43893e+07	2.03202e+08	1.59104e+08	2.04469e+08	1.7523e+08	1.89495e+08	1.91817e+08	1.877e+08	1.74872e+08	1.77284e+08	1.67788e+08	1.7518e+08	1.70033e+08	1.79647e+08	1.81592e+08	1.91325e+08	1.93467e+08	2.21847e+08	1.90621e+08	1.88816e+08	2.25671e+08	1.61419e+08	2.19209e+08	2.12264e+08	1.69807e+08	1.87169e+08	2.13072e+08	1.6311e+08	1.61836e+08	1.43934e+08	1.43259e+08	1.41364e+08	1.79094e+08
ERR607783	3.33693e+08	3.38219e+08	4.80877e+08	2.69688e+08	3.37244e+08	2.81566e+08	2.81992e+08	1.9018e+08	2.74557e+08	2.47537e+08	2.76544e+08	2.45275e+08	2.84036e+08	2.35706e+08	2.28912e+08	1.82889e+08	2.58218e+08	2.32091e+08	2.58409e+08	3.11935e+08	3.10136e+08	3.10053e+08	2.60073e+08	2.64588e+08	2.20398e+08	2.16973e+08	2.14834e+08	3.08214e+08	2.93463e+08	3.09762e+08	2.52101e+08	2.7054e+08	2.54247e+08	2.64953e+08	2.74582e+08	2.67802e+08	2.25023e+08	2.73194e+08	2.11411e+08	2.17793e+08	2.21796e+08	2.93336e+08	2.56595e+08	2.73471e+08	2.78597e+08	2.75933e+08	2.54806e+08	2.88945e+08	1.93285e+08	1.93551e+08	2.1404e+08	2.01966e+08	2.04925e+08	1.77255e+08	2.10911e+08	2.07169e+08	2.08403e+08	2.15907e+08	2.14021e+08	1.93264e+08	1.56802e+08	2.01723e+08	2.03895e+08	9.50097e+07	2.04271e+08	1.59982e+08	2.05479e+08	1.76182e+08	1.90682e+08	1.92904e+08	1.88657e+08	1.75841e+08	1.78075e+08	1.68571e+08	1.75995e+08	1.70832e+08	1.80449e+08	1.82473e+08	1.9222e+08	1.94457e+08	2.22955e+08	1.9164e+08	1.89783e+08	2.26748e+08	1.62401e+08	2.20409e+08	2.13328e+08	1.70749e+08	1.88165e+08	2.14005e+08	1.63787e+08	1.62538e+08	1.44456e+08	1.43772e+08	1.42033e+08	1.79778e+08
ERR607784	2.6692e+08	2.68515e+08	2.69688e+08	3.25668e+08	2.69654e+08	2.25638e+08	2.23933e+08	1.52418e+08	2.18174e+08	1.97186e+08	2.19426e+08	1.95154e+08	2.22304e+08	1.84528e+08	1.79251e+08	1.43856e+08	2.02544e+08	1.82194e+08	2.05532e+08	2.47662e+08	2.46321e+08	2.46379e+08	2.06823e+08	2.10332e+08	1.77565e+08	1.7493e+08	1.73197e+08	2.46496e+08	2.35319e+08	2.47941e+08	1.99401e+08	2.13597e+08	2.00973e+08	2.09326e+08	2.16655e+08	2.11481e+08	1.80252e+08	2.18359e+08	1.70098e+08	1.74524e+08	1.77711e+08	2.33874e+08	2.03593e+08	2.16783e+08	2.20762e+08	2.187e+08	2.02304e+08	2.28896e+08	1.48787e+08	1.48956e+08	1.64523e+08	1.554e+08	1.57872e+08	1.36315e+08	1.62603e+08	1.59622e+08	1.60717e+08	1.66508e+08	1.65005e+08	1.49162e+08	1.20811e+08	1.55639e+08	1.57201e+08	7.31044e+07	1.57414e+08	1.23173e+08	1.57744e+08	1.35159e+08	1.46218e+08	1.4822e+08	1.45033e+08	1.35021e+08	1.36955e+08	1.29705e+08	1.35323e+08	1.31406e+08	1.3879e+08	1.40378e+08	1.48033e+08	1.49664e+08	1.71118e+08	1.47302e+08	1.46113e+08	1.74116e+08	1.24126e+08	1.68986e+08	1.63486e+08	1.30706e+08	1.44055e+08	1.64216e+08	1.26036e+08	1.25253e+08	1.11486e+08	1.11087e+08	1.09658e+08	1.38372e+08
ERR607786	3.33524e+08	3.35816e+08	3.37244e+08	2.69654e+08	4.77569e+08	2.80024e+08	2.81284e+08	1.90269e+08	2.73817e+08	2.47179e+08	2.75752e+08	2.4469e+08	2.82288e+08	2.3388e+08	2.27171e+08	1.81961e+08	2.56868e+08	2.30958e+08	2.57702e+08	3.1155e+08	3.09638e+08	3.09502e+08	2.59374e+08	2.63894e+08	2.20079e+08	2.16738e+08	2.14699e+08	3.07616e+08	2.93236e+08	3.09644e+08	2.51929e+08	2.70148e+08	2.53931e+08	2.64701e+08	2.74063e+08	2.67452e+08	2.24849e+08	2.72703e+08	2.11596e+08	2.17465e+08	2.21542e+08	2.92727e+08	2.55957e+08	2.72765e+08	2.77858e+08	2.75109e+08	2.54316e+08	2.88124e+08	1.92358e+08	1.92616e+08	2.12943e+08	2.01094e+08	2.04038e+08	1.76228e+08	2.10087e+08	2.06326e+08	2.0766e+08	2.15094e+08	2.13229e+08	1.92777e+08	1.56211e+08	2.01248e+08	2.03479e+08	9.44922e+07	2.03726e+08	1.5928e+08	2.04524e+08	1.75109e+08	1.89594e+08	1.91969e+08	1.87967e+08	1.74885e+08	1.77243e+08	1.67945e+08	1.75195e+08	1.70245e+08	1.79663e+08	1.81634e+08	1.9161e+08	1.9386e+08	2.21531e+08	1.90724e+08	1.89236e+08	2.25334e+08	1.60679e+08	2.18861e+08	2.11795e+08	1.69295e+08	1.86374e+08	2.12511e+08	1.63245e+08	1.62179e+08	1.4432e+08	1.43751e+08	1.42006e+08	1.79193e+08
ERR607782	2.77374e+08	2.80379e+08	2.81566e+08	2.25638e+08	2.80024e+08	3.49139e+08	2.33391e+08	1.59079e+08	2.27488e+08	2.05615e+08	2.28705e+08	2.03517e+08	2.31333e+08	1.91895e+08	1.86217e+08	1.498e+08	2.10914e+08	1.89706e+08	2.14369e+08	2.58708e+08	2.57258e+08	2.57135e+08	2.15705e+08	2.19517e+08	1.84536e+08	1.81618e+08	1.79934e+08	2.56478e+08	2.44845e+08	2.5818e+08	2.08596e+08	2.23176e+08	2.10058e+08	2.18614e+08	2.26387e+08	2.21124e+08	1.87632e+08	2.27438e+08	1.774e+08	1.81695e+08	1.85003e+08	2.43807e+08	2.12495e+08	2.26219e+08	2.30398e+08	2.28018e+08	2.11132e+08	2.38676e+08	1.56108e+08	1.5632e+08	1.72642e+08	1.63064e+08	1.65608e+08	1.42945e+08	1.70449e+08	1.67498e+08	1.68643e+08	1.74712e+08	1.73267e+08	1.56754e+08	1.26859e+08	1.63656e+08	1.65246e+08	7.6769e+07	1.65497e+08	1.2932e+08	1.65763e+08	1.41772e+08	1.53432e+08	1.55659e+08	1.52424e+08	1.41484e+08	1.43737e+08	1.36276e+08	1.41995e+08	1.38151e+08	1.45751e+08	1.47211e+08	1.55522e+08	1.57149e+08	1.79397e+08	1.545e+08	1.5341e+08	1.8246e+08	1.29467e+08	1.76673e+08	1.71012e+08	1.36544e+08	1.50531e+08	1.71677e+08	1.32404e+08	1.31726e+08	1.17316e+08	1.16865e+08	1.15499e+08	1.45425e+08
ERR608153	2.77983e+08	2.80838e+08	2.81992e+08	2.23933e+08	2.81284e+08	2.33391e+08	4.28698e+08	1.9818e+08	2.85782e+08	2.5918e+08	2.89421e+08	2.55687e+08	2.73027e+08	2.26808e+08	2.20193e+08	1.76232e+08	2.48341e+08	2.23252e+08	2.41353e+08	2.91354e+08	2.89866e+08	2.89577e+08	2.43045e+08	2.47214e+08	2.02265e+08	1.9906e+08	1.97089e+08	2.84488e+08	2.70436e+08	2.85618e+08	2.50009e+08	2.68118e+08	2.52245e+08	2.63453e+08	2.72954e+08	2.66088e+08	2.01853e+08	2.44858e+08	1.89209e+08	1.95117e+08	1.98884e+08	2.63779e+08	2.34893e+08	2.50351e+08	2.55244e+08	2.52769e+08	2.32873e+08	2.65035e+08	1.85015e+08	1.85353e+08	2.05004e+08	1.934e+08	1.9604e+08	1.69733e+08	2.02416e+08	1.98699e+08	1.99726e+08	2.07203e+08	2.05188e+08	1.85316e+08	1.50142e+08	1.92737e+08	1.94616e+08	9.11392e+07	1.95015e+08	1.53167e+08	1.94848e+08	1.67144e+08	1.80967e+08	1.8283e+08	1.788e+08	1.66942e+08	1.68713e+08	1.59471e+08	1.66722e+08	1.61588e+08	1.70702e+08	1.72943e+08	1.825e+08	1.84767e+08	2.11887e+08	1.82072e+08	1.80242e+08	2.15526e+08	1.56192e+08	2.11899e+08	2.04956e+08	1.63878e+08	1.80912e+08	2.05659e+08	1.55962e+08	1.54779e+08	1.37438e+08	1.36909e+08	1.351e+08	1.71277e+08
ERR608149	1.88324e+08	1.89368e+08	1.9018e+08	1.52418e+08	1.90269e+08	1.59079e+08	1.9818e+08	2.24687e+08	1.93401e+08	1.7524e+08	1.9426e+08	1.73809e+08	1.8104e+08	1.50427e+08	1.46154e+08	1.18825e+08	1.6558e+08	1.4939e+08	1.62385e+08	1.96087e+08	1.95032e+08	1.9479e+08	1.63249e+08	1.66136e+08	1.37753e+08	1.35551e+08	1.34304e+08	1.92104e+08	1.83313e+08	1.9344e+08	1.70294e+08	1.81986e+08	1.71583e+08	1.78607e+08	1.84772e+08	1.80587e+08	1.37976e+08	1.66914e+08	1.30926e+08	1.33463e+08	1.35853e+08	1.78969e+08	1.58892e+08	1.68928e+08	1.72238e+08	1.70567e+08	1.5782e+08	1.78417e+08	1.21824e+08	1.2172e+08	1.34245e+08	1.27103e+08	1.29037e+08	1.11273e+08	1.33521e+08	1.31194e+08	1.32074e+08	1.36945e+08	1.35712e+08	1.23019e+08	9.88642e+07	1.27588e+08	1.28744e+08	5.98803e+07	1.28888e+08	1.00669e+08	1.27959e+08	1.09161e+08	1.18243e+08	1.20245e+08	1.17805e+08	1.08987e+08	1.11039e+08	1.0534e+08	1.09752e+08	1.06642e+08	1.12522e+08	1.13609e+08	1.2041e+08	1.21761e+08	1.38309e+08	1.19398e+08	1.18845e+08	1.40733e+08	9.9986e+07	1.36686e+08	1.32143e+08	1.0557e+08	1.16289e+08	1.32897e+08	1.02831e+08	1.02525e+08	9.14737e+07	9.11844e+07	9.01023e+07	1.13008e+08
ERR608151	2.70724e+08	2.73423e+08	2.74557e+08	2.18174e+08	2.73817e+08	2.27488e+08	2.85782e+08	1.93401e+08	4.07924e+08	2.50831e+08	2.80171e+08	2.49232e+08	2.64597e+08	2.19663e+08	2.1343e+08	1.71084e+08	2.40735e+08	2.16546e+08	2.34932e+08	2.83431e+08	2.82092e+08	2.81778e+08	2.36305e+08	2.40508e+08	1.96527e+08	1.93499e+08	1.91554e+08	2.76323e+08	2.62761e+08	2.77447e+08	2.43182e+08	2.60679e+08	2.45227e+08	2.55906e+08	2.65195e+08	2.58814e+08	1.96373e+08	2.3832e+08	1.84413e+08	1.89924e+08	1.935e+08	2.56683e+08	2.28406e+08	2.43384e+08	2.48257e+08	2.45811e+08	2.26573e+08	2.57492e+08	1.7956e+08	1.79778e+08	1.9871e+08	1.8767e+08	1.90336e+08	1.64651e+08	1.96273e+08	1.92671e+08	1.93831e+08	2.00946e+08	1.99006e+08	1.79905e+08	1.45535e+08	1.86804e+08	1.88765e+08	8.82382e+07	1.89133e+08	1.4828e+08	1.8891e+08	1.61964e+08	1.75472e+08	1.77218e+08	1.73384e+08	1.61732e+08	1.63596e+08	1.5486e+08	1.61818e+08	1.56876e+08	1.65813e+08	1.67736e+08	1.77073e+08	1.79254e+08	2.05396e+08	1.76567e+08	1.74912e+08	2.08893e+08	1.50842e+08	2.04868e+08	1.98164e+08	1.5856e+08	1.74807e+08	1.98824e+08	1.51447e+08	1.50295e+08	1.33553e+08	1.33072e+08	1.31458e+08	1.66232e+08
ERR608154	2.44436e+08	2.4646e+08	2.47537e+08	1.97186e+08	2.47179e+08	2.05615e+08	2.5918e+08	1.7524e+08	2.50831e+08	3.43368e+08	2.54029e+08	2.24909e+08	2.3853e+08	1.98301e+08	1.92531e+08	1.54856e+08	2.17325e+08	1.9585e+08	2.11671e+08	2.5539e+08	2.54021e+08	2.53706e+08	2.12898e+08	2.16635e+08	1.7798e+08	1.75296e+08	1.73413e+08	2.49627e+08	2.37409e+08	2.50745e+08	2.20171e+08	2.35697e+08	2.21873e+08	2.31567e+08	2.39764e+08	2.33951e+08	1.77924e+08	2.15518e+08	1.67164e+08	1.72e+08	1.75142e+08	2.31742e+08	2.05867e+08	2.19277e+08	2.2361e+08	2.21407e+08	2.04334e+08	2.32059e+08	1.60492e+08	1.60648e+08	1.77569e+08	1.67695e+08	1.70115e+08	1.47123e+08	1.75654e+08	1.72406e+08	1.73441e+08	1.79886e+08	1.78164e+08	1.61086e+08	1.30226e+08	1.67526e+08	1.69e+08	7.90158e+07	1.69419e+08	1.32808e+08	1.68806e+08	1.44768e+08	1.56735e+08	1.58504e+08	1.55065e+08	1.44555e+08	1.4627e+08	1.38417e+08	1.44567e+08	1.40256e+08	1.48213e+08	1.49849e+08	1.58418e+08	1.60371e+08	1.83345e+08	1.57683e+08	1.56402e+08	1.86521e+08	1.34345e+08	1.82668e+08	1.76711e+08	1.41302e+08	1.55876e+08	1.77392e+08	1.35147e+08	1.344e+08	1.19616e+08	1.19168e+08	1.17622e+08	1.48502e+08
ERR608152	2.72511e+08	2.75267e+08	2.76544e+08	2.19426e+08	2.75752e+08	2.28705e+08	2.89421e+08	1.9426e+08	2.80171e+08	2.54029e+08	4.14083e+08	2.50647e+08	2.67747e+08	2.22483e+08	2.16179e+08	1.72946e+08	2.43546e+08	2.19058e+08	2.36371e+08	2.85113e+08	2.83391e+08	2.8313e+08	2.37763e+08	2.41899e+08	1.98206e+08	1.95225e+08	1.93278e+08	2.78824e+08	2.6493e+08	2.79639e+08	2.44898e+08	2.62628e+08	2.47147e+08	2.58026e+08	2.67326e+08	2.60881e+08	1.97966e+08	2.39935e+08	1.85368e+08	1.91308e+08	1.94777e+08	2.58542e+08	2.29854e+08	2.44941e+08	2.49915e+08	2.47542e+08	2.28015e+08	2.59451e+08	1.80925e+08	1.81271e+08	2.00427e+08	1.89092e+08	1.91868e+08	1.66051e+08	1.97863e+08	1.94354e+08	1.95196e+08	2.02488e+08	2.00449e+08	1.8095e+08	1.46911e+08	1.88242e+08	1.90163e+08	8.9118e+07	1.90564e+08	1.49605e+08	1.90343e+08	1.63361e+08	1.76985e+08	1.7857e+08	1.74579e+08	1.63293e+08	1.6483e+08	1.55734e+08	1.62866e+08	1.57921e+08	1.66778e+08	1.6899e+08	1.78324e+08	1.80381e+08	2.07165e+08	1.77856e+08	1.75995e+08	2.10684e+08	1.52876e+08	2.0722e+08	2.00405e+08	1.60379e+08	1.77011e+08	2.01106e+08	1.52395e+08	1.50984e+08	1.34053e+08	1.33603e+08	1.31993e+08	1.67259e+08
ERR608150	2.41864e+08	2.4413e+08	2.45275e+08	1.95154e+08	2.4469e+08	2.03517e+08	2.55687e+08	1.73809e+08	2.49232e+08	2.24909e+08	2.50647e+08	3.37993e+08	2.36071e+08	1.96172e+08	1.90549e+08	1.5327e+08	2.15078e+08	1.93654e+08	2.09315e+08	2.52535e+08	2.51205e+08	2.50998e+08	2.10523e+08	2.14282e+08	1.76261e+08	1.73602e+08	1.7178e+08	2.47211e+08	2.35366e+08	2.48344e+08	2.17738e+08	2.33262e+08	2.1963e+08	2.29077e+08	2.37285e+08	2.31418e+08	1.76031e+08	2.13362e+08	1.65413e+08	1.70244e+08	1.73306e+08	2.29612e+08	2.0416e+08	2.17268e+08	2.21505e+08	2.19514e+08	2.02386e+08	2.30011e+08	1.59313e+08	1.59507e+08	1.76273e+08	1.66346e+08	1.6896e+08	1.46064e+08	1.74416e+08	1.71277e+08	1.72264e+08	1.78497e+08	1.76829e+08	1.59898e+08	1.29372e+08	1.66078e+08	1.67805e+08	7.83994e+07	1.68137e+08	1.31692e+08	1.67563e+08	1.43543e+08	1.55452e+08	1.57291e+08	1.53952e+08	1.43401e+08	1.45126e+08	1.37372e+08	1.43499e+08	1.39219e+08	1.46917e+08	1.48808e+08	1.57094e+08	1.59084e+08	1.82073e+08	1.56573e+08	1.55151e+08	1.85135e+08	1.33389e+08	1.81344e+08	1.75377e+08	1.40231e+08	1.54753e+08	1.76075e+08	1.34359e+08	1.33388e+08	1.18682e+08	1.18236e+08	1.16852e+08	1.47498e+08
ERR613347	2.78655e+08	2.82665e+08	2.84036e+08	2.22304e+08	2.82288e+08	2.31333e+08	2.73027e+08	1.8104e+08	2.64597e+08	2.3853e+08	2.67747e+08	2.36071e+08	5.21177e+08	3.10011e+08	3.01767e+08	2.40159e+08	3.38506e+08	3.04864e+08	2.68391e+08	3.22973e+08	3.21601e+08	3.21106e+08	2.70765e+08	2.75096e+08	2.02526e+08	1.99494e+08	1.97592e+08	2.86585e+08	2.71355e+08	2.87195e+08	2.46312e+08	2.65396e+08	2.49578e+08	2.60808e+08	2.71244e+08	2.63556e+08	2.05817e+08	2.49436e+08	1.90001e+08	1.98981e+08	2.02451e+08	2.69713e+08	2.4311e+08	2.587e+08	2.64218e+08	2.61655e+08	2.40531e+08	2.751e+08	2.12479e+08	2.13168e+08	2.3601e+08	2.22015e+08	2.25057e+08	1.95935e+08	2.29748e+08	2.2533e+08	2.2595e+08	2.34433e+08	2.31935e+08	2.08566e+08	1.70839e+08	2.17847e+08	2.19868e+08	1.04407e+08	2.20746e+08	1.74013e+08	2.26377e+08	1.95836e+08	2.11596e+08	2.12788e+08	2.0732e+08	1.95749e+08	1.95276e+08	1.84131e+08	1.93227e+08	1.87242e+08	1.97119e+08	2.00628e+08	2.12731e+08	2.15179e+08	2.48338e+08	2.13138e+08	2.09998e+08	2.52602e+08	1.83686e+08	2.46838e+08	2.39159e+08	1.92152e+08	2.11738e+08	2.39342e+08	1.81123e+08	1.78563e+08	1.58426e+08	1.57871e+08	1.55701e+08	1.98208e+08
ERR613351	2.30912e+08	2.34457e+08	2.35706e+08	1.84528e+08	2.3388e+08	1.91895e+08	2.26808e+08	1.50427e+08	2.19663e+08	1.98301e+08	2.22483e+08	1.96172e+08	3.10011e+08	3.81142e+08	2.53445e+08	2.01585e+08	2.81393e+08	2.53718e+08	2.21613e+08	2.6583e+08	2.64956e+08	2.64439e+08	2.2353e+08	2.27083e+08	1.68496e+08	1.66043e+08	1.64457e+08	2.37448e+08	2.24811e+08	2.37627e+08	2.041e+08	2.19777e+08	2.0685e+08	2.16391e+08	2.25042e+08	2.18603e+08	1.70518e+08	2.05959e+08	1.56869e+08	1.64972e+08	1.6786e+08	2.22945e+08	2.00817e+08	2.13599e+08	2.18343e+08	2.16454e+08	1.98487e+08	2.27477e+08	1.74481e+08	1.75134e+08	1.94006e+08	1.82367e+08	1.84927e+08	1.6122e+08	1.88461e+08	1.84727e+08	1.85096e+08	1.9211e+08	1.89706e+08	1.70586e+08	1.40247e+08	1.78502e+08	1.80059e+08	8.59487e+07	1.80857e+08	1.42841e+08	1.85843e+08	1.61379e+08	1.74203e+08	1.74844e+08	1.70278e+08	1.61266e+08	1.60539e+08	1.51243e+08	1.58988e+08	1.53806e+08	1.62008e+08	1.65055e+08	1.74579e+08	1.76646e+08	2.04352e+08	1.75198e+08	1.72406e+08	2.07827e+08	1.52229e+08	2.03989e+08	1.97606e+08	1.58996e+08	1.7521e+08	1.97765e+08	1.48575e+08	1.46344e+08	1.29728e+08	1.29197e+08	1.276e+08	1.62659e+08
ERR613350	2.24318e+08	2.27768e+08	2.28912e+08	1.79251e+08	2.27171e+08	1.86217e+08	2.20193e+08	1.46154e+08	2.1343e+08	1.92531e+08	2.16179e+08	1.90549e+08	3.01767e+08	2.53445e+08	3.64289e+08	1.96371e+08	2.73868e+08	2.46922e+08	2.15474e+08	2.58069e+08	2.57122e+08	2.56757e+08	2.17149e+08	2.20547e+08	1.63714e+08	1.61433e+08	1.59887e+08	2.30579e+08	2.18337e+08	2.30848e+08	1.98357e+08	2.13595e+08	2.01055e+08	2.10369e+08	2.18533e+08	2.12477e+08	1.65816e+08	2.00082e+08	1.52352e+08	1.60279e+08	1.63133e+08	2.16514e+08	1.95018e+08	2.07627e+08	2.12271e+08	2.10247e+08	1.92938e+08	2.2096e+08	1.69544e+08	1.70131e+08	1.88463e+08	1.77147e+08	1.79635e+08	1.56766e+08	1.83281e+08	1.79527e+08	1.7984e+08	1.868e+08	1.84542e+08	1.65867e+08	1.36243e+08	1.73497e+08	1.75066e+08	8.36062e+07	1.75619e+08	1.38864e+08	1.80532e+08	1.56914e+08	1.69251e+08	1.69709e+08	1.65212e+08	1.56693e+08	1.55992e+08	1.46892e+08	1.54497e+08	1.49426e+08	1.5745e+08	1.604e+08	1.69698e+08	1.7169e+08	1.98578e+08	1.70274e+08	1.6753e+08	2.02047e+08	1.48096e+08	1.98403e+08	1.92253e+08	1.54656e+08	1.70553e+08	1.92444e+08	1.44341e+08	1.42224e+08	1.26056e+08	1.25547e+08	1.23792e+08	1.58054e+08
ERR613352	1.79838e+08	1.81811e+08	1.82889e+08	1.43856e+08	1.81961e+08	1.498e+08	1.76232e+08	1.18825e+08	1.71084e+08	1.54856e+08	1.72946e+08	1.5327e+08	2.40159e+08	2.01585e+08	1.96371e+08	2.51277e+08	2.18898e+08	1.97606e+08	1.72051e+08	2.06758e+08	2.05949e+08	2.05638e+08	1.73434e+08	1.76245e+08	1.3161e+08	1.29656e+08	1.28439e+08	1.84853e+08	1.75589e+08	1.85521e+08	1.59943e+08	1.71824e+08	1.61955e+08	1.69097e+08	1.75484e+08	1.70748e+08	1.3307e+08	1.60769e+08	1.23855e+08	1.28808e+08	1.31033e+08	1.73222e+08	1.56193e+08	1.65972e+08	1.69564e+08	1.67919e+08	1.54655e+08	1.76312e+08	1.34421e+08	1.34715e+08	1.48963e+08	1.4032e+08	1.42277e+08	1.2385e+08	1.45147e+08	1.4229e+08	1.42758e+08	1.48118e+08	1.46404e+08	1.32077e+08	1.08176e+08	1.38177e+08	1.394e+08	6.62494e+07	1.39808e+08	1.10213e+08	1.43223e+08	1.23894e+08	1.33772e+08	1.34835e+08	1.31496e+08	1.23796e+08	1.23773e+08	1.16907e+08	1.22548e+08	1.18819e+08	1.24991e+08	1.27029e+08	1.35078e+08	1.36564e+08	1.5674e+08	1.34901e+08	1.33366e+08	1.59407e+08	1.15299e+08	1.5512e+08	1.50358e+08	1.20832e+08	1.33001e+08	1.50691e+08	1.1479e+08	1.13543e+08	1.00889e+08	1.00612e+08	9.93631e+07	1.25667e+08
ERR613349	2.53716e+08	2.5706e+08	2.58218e+08	2.02544e+08	2.56868e+08	2.10914e+08	2.48341e+08	1.6558e+08	2.40735e+08	2.17325e+08	2.43546e+08	2.15078e+08	3.38506e+08	2.81393e+08	2.73868e+08	2.18898e+08	4.41359e+08	2.7731e+08	2.44095e+08	2.93911e+08	2.92615e+08	2.92043e+08	2.45865e+08	2.50099e+08	1.84398e+08	1.81698e+08	1.80073e+08	2.60679e+08	2.47132e+08	2.61579e+08	2.24808e+08	2.41802e+08	2.27408e+08	2.37753e+08	2.468e+08	2.40125e+08	1.87351e+08	2.26989e+08	1.73711e+08	1.81192e+08	1.84388e+08	2.45254e+08	2.21033e+08	2.3523e+08	2.40176e+08	2.38027e+08	2.18978e+08	2.49866e+08	1.92516e+08	1.93105e+08	2.13615e+08	2.01268e+08	2.04084e+08	1.77474e+08	2.08154e+08	2.04122e+08	2.04836e+08	2.12513e+08	2.10238e+08	1.89402e+08	1.54914e+08	1.98032e+08	1.99825e+08	9.46609e+07	2.00518e+08	1.57946e+08	2.05116e+08	1.77243e+08	1.91627e+08	1.92891e+08	1.88129e+08	1.77115e+08	1.77186e+08	1.67325e+08	1.75367e+08	1.69968e+08	1.78987e+08	1.81842e+08	1.93251e+08	1.95363e+08	2.24793e+08	1.93174e+08	1.9077e+08	2.28619e+08	1.65351e+08	2.22741e+08	2.15727e+08	1.7335e+08	1.91004e+08	2.16274e+08	1.64426e+08	1.6247e+08	1.44299e+08	1.43829e+08	1.41982e+08	1.80138e+08
ERR613348	2.28001e+08	2.30998e+08	2.32091e+08	1.82194e+08	2.30958e+08	1.89706e+08	2.23252e+08	1.4939e+08	2.16546e+08	1.9585e+08	2.19058e+08	1.93654e+08	3.04864e+08	2.53718e+08	2.46922e+08	1.97606e+08	2.7731e+08	3.69686e+08	2.19171e+08	2.6381e+08	2.62761e+08	2.62285e+08	2.20879e+08	2.24659e+08	1.66081e+08	1.63636e+08	1.62086e+08	2.34571e+08	2.22374e+08	2.35171e+08	2.02326e+08	2.17724e+08	2.04912e+08	2.13993e+08	2.2222e+08	2.16206e+08	1.68571e+08	2.04044e+08	1.56359e+08	1.63134e+08	1.65941e+08	2.20366e+08	1.98481e+08	2.11332e+08	2.15698e+08	2.13659e+08	1.96607e+08	2.24231e+08	1.72406e+08	1.72803e+08	1.91207e+08	1.80064e+08	1.82644e+08	1.589e+08	1.8616e+08	1.82672e+08	1.83265e+08	1.90286e+08	1.88137e+08	1.69447e+08	1.38657e+08	1.77181e+08	1.78764e+08	8.47742e+07	1.79214e+08	1.41322e+08	1.83685e+08	1.58765e+08	1.71535e+08	1.728e+08	1.68508e+08	1.5868e+08	1.58595e+08	1.49904e+08	1.57007e+08	1.52172e+08	1.60211e+08	1.62821e+08	1.7313e+08	1.7491e+08	2.01339e+08	1.72994e+08	1.70902e+08	2.04725e+08	1.48138e+08	1.99411e+08	1.93067e+08	1.55162e+08	1.71059e+08	1.93526e+08	1.47087e+08	1.45552e+08	1.29078e+08	1.28706e+08	1.27046e+08	1.61216e+08
ERR613454	2.55043e+08	2.5722e+08	2.58409e+08	2.05532e+08	2.57702e+08	2.14369e+08	2.41353e+08	1.62385e+08	2.34932e+08	2.11671e+08	2.36371e+08	2.09315e+08	2.68391e+08	2.21613e+08	2.15474e+08	1.72051e+08	2.44095e+08	2.19171e+08	3.93961e+08	3.19438e+08	3.17651e+08	3.17357e+08	2.66825e+08	2.71629e+08	1.82432e+08	1.79241e+08	1.77822e+08	2.58308e+08	2.45592e+08	2.59581e+08	2.18416e+08	2.34511e+08	2.20197e+08	2.29644e+08	2.38019e+08	2.32048e+08	1.83805e+08	2.24373e+08	1.72823e+08	1.77474e+08	1.80824e+08	2.41466e+08	2.18944e+08	2.33369e+08	2.37739e+08	2.35311e+08	2.17385e+08	2.46599e+08	1.8388e+08	1.84068e+08	2.03254e+08	1.92046e+08	1.9494e+08	1.6855e+08	1.98176e+08	1.94606e+08	1.96041e+08	2.02995e+08	2.01345e+08	1.82055e+08	1.49188e+08	1.91916e+08	1.9364e+08	9.08421e+07	1.93876e+08	1.51869e+08	1.92715e+08	1.65134e+08	1.7855e+08	1.81096e+08	1.77269e+08	1.64712e+08	1.67532e+08	1.59172e+08	1.65779e+08	1.61011e+08	1.69804e+08	1.71632e+08	1.83174e+08	1.85117e+08	2.11309e+08	1.822e+08	1.80848e+08	2.14866e+08	1.53439e+08	2.08774e+08	2.01972e+08	1.61838e+08	1.78032e+08	2.0286e+08	1.56477e+08	1.556e+08	1.38408e+08	1.37913e+08	1.36267e+08	1.71729e+08
ERR613449	3.08157e+08	3.10642e+08	3.11935e+08	2.47662e+08	3.1155e+08	2.58708e+08	2.91354e+08	1.96087e+08	2.83431e+08	2.5539e+08	2.85113e+08	2.52535e+08	3.22973e+08	2.6583e+08	2.58069e+08	2.06758e+08	2.93911e+08	2.6381e+08	3.19438e+08	5.45773e+08	3.86101e+08	3.8546e+08	3.2139e+08	3.27303e+08	2.19673e+08	2.15856e+08	2.1423e+08	3.1219e+08	2.97158e+08	3.14262e+08	2.64843e+08	2.84315e+08	2.66728e+08	2.78159e+08	2.88251e+08	2.81214e+08	2.22267e+08	2.71922e+08	2.09688e+08	2.14666e+08	2.18702e+08	2.92493e+08	2.64979e+08	2.82707e+08	2.87629e+08	2.84754e+08	2.63428e+08	2.9839e+08	2.24065e+08	2.24202e+08	2.4734e+08	2.34118e+08	2.37679e+08	2.04898e+08	2.41642e+08	2.37336e+08	2.39229e+08	2.47717e+08	2.45934e+08	2.22439e+08	1.81833e+08	2.34398e+08	2.36549e+08	1.10331e+08	2.3698e+08	1.85041e+08	2.35271e+08	2.00962e+08	2.17276e+08	2.21082e+08	2.16626e+08	2.0055e+08	2.04123e+08	1.94174e+08	2.02175e+08	1.96332e+08	2.07177e+08	2.09112e+08	2.2367e+08	2.25985e+08	2.57081e+08	2.21851e+08	2.20771e+08	2.61397e+08	1.85326e+08	2.53093e+08	2.44782e+08	1.95949e+08	2.15568e+08	2.45898e+08	1.91094e+08	1.90399e+08	1.69547e+08	1.69013e+08	1.66912e+08	2.09772e+08
ERR613451	3.06326e+08	3.08862e+08	3.10136e+08	2.46321e+08	3.09638e+08	2.57258e+08	2.89866e+08	1.95032e+08	2.82092e+08	2.54021e+08	2.83391e+08	2.51205e+08	3.21601e+08	2.64956e+08	2.57122e+08	2.05949e+08	2.92615e+08	2.62761e+08	3.17651e+08	3.86101e+08	5.40989e+08	3.83421e+08	3.19775e+08	3.25422e+08	2.18273e+08	2.14557e+08	2.1282e+08	3.10352e+08	2.95268e+08	3.12138e+08	2.63239e+08	2.82656e+08	2.65243e+08	2.76657e+08	2.86494e+08	2.79509e+08	2.20644e+08	2.69905e+08	2.0829e+08	2.13147e+08	2.17191e+08	2.9052e+08	2.63238e+08	2.80705e+08	2.85739e+08	2.82639e+08	2.61542e+08	2.96366e+08	2.22664e+08	2.22803e+08	2.45798e+08	2.32616e+08	2.35949e+08	2.03687e+08	2.40039e+08	2.35568e+08	2.37526e+08	2.45804e+08	2.4415e+08	2.21026e+08	1.8061e+08	2.32958e+08	2.34936e+08	1.09589e+08	2.35551e+08	1.83814e+08	2.33826e+08	1.99705e+08	2.16004e+08	2.19694e+08	2.15307e+08	1.99413e+08	2.02958e+08	1.93048e+08	2.00899e+08	1.95175e+08	2.05883e+08	2.07851e+08	2.22183e+08	2.24521e+08	2.55524e+08	2.20533e+08	2.19422e+08	2.59755e+08	1.84188e+08	2.51585e+08	2.43318e+08	1.94808e+08	2.14304e+08	2.44458e+08	1.89759e+08	1.89138e+08	1.68571e+08	1.67909e+08	1.65765e+08	2.08542e+08
ERR613450	3.06256e+08	3.0882e+08	3.10053e+08	2.46379e+08	3.09502e+08	2.57135e+08	2.89577e+08	1.9479e+08	2.81778e+08	2.53706e+08	2.8313e+08	2.50998e+08	3.21106e+08	2.64439e+08	2.56757e+08	2.05638e+08	2.92043e+08	2.62285e+08	3.17357e+08	3.8546e+08	3.83421e+08	5.39796e+08	3.19357e+08	3.25227e+08	2.18099e+08	2.1437e+08	2.12677e+08	3.10217e+08	2.95018e+08	3.11961e+08	2.62943e+08	2.82296e+08	2.64875e+08	2.76111e+08	2.86146e+08	2.79215e+08	2.20695e+08	2.69908e+08	2.08285e+08	2.13014e+08	2.17053e+08	2.90512e+08	2.63058e+08	2.80579e+08	2.85611e+08	2.82762e+08	2.61558e+08	2.96318e+08	2.22579e+08	2.22697e+08	2.45598e+08	2.32441e+08	2.35877e+08	2.03524e+08	2.398e+08	2.35537e+08	2.3751e+08	2.45905e+08	2.44011e+08	2.20845e+08	1.80568e+08	2.32855e+08	2.34947e+08	1.09625e+08	2.35239e+08	1.83842e+08	2.33656e+08	1.99473e+08	2.1603e+08	2.19564e+08	2.15164e+08	1.99355e+08	2.02921e+08	1.92822e+08	2.00929e+08	1.95058e+08	2.05806e+08	2.07922e+08	2.21957e+08	2.24353e+08	2.55355e+08	2.20293e+08	2.1925e+08	2.59634e+08	1.8412e+08	2.51396e+08	2.43043e+08	1.94613e+08	2.14116e+08	2.44227e+08	1.89592e+08	1.88989e+08	1.68328e+08	1.67651e+08	1.65634e+08	2.08351e+08
ERR613453	2.56557e+08	2.59e+08	2.60073e+08	2.06823e+08	2.59374e+08	2.15705e+08	2.43045e+08	1.63249e+08	2.36305e+08	2.12898e+08	2.37763e+08	2.10523e+08	2.70765e+08	2.2353e+08	2.17149e+08	1.73434e+08	2.45865e+08	2.20879e+08	2.66825e+08	3.2139e+08	3.19775e+08	3.19357e+08	3.98174e+08	2.73347e+08	1.83661e+08	1.80509e+08	1.79002e+08	2.59953e+08	2.47309e+08	2.61295e+08	2.19598e+08	2.35937e+08	2.2139e+08	2.3101e+08	2.39502e+08	2.33562e+08	1.8528e+08	2.26053e+08	1.74118e+08	1.78989e+08	1.82314e+08	2.43343e+08	2.20496e+08	2.35029e+08	2.39362e+08	2.36931e+08	2.18898e+08	2.4838e+08	1.85241e+08	1.85368e+08	2.04679e+08	1.9356e+08	1.9638e+08	1.69696e+08	1.9975e+08	1.95942e+08	1.97385e+08	2.0452e+08	2.02767e+08	1.83358e+08	1.50185e+08	1.93239e+08	1.94942e+08	9.14049e+07	1.9541e+08	1.52984e+08	1.94323e+08	1.66258e+08	1.79862e+08	1.82505e+08	1.78625e+08	1.6604e+08	1.68785e+08	1.60199e+08	1.67162e+08	1.62109e+08	1.71065e+08	1.72933e+08	1.84573e+08	1.86484e+08	2.12823e+08	1.83425e+08	1.82209e+08	2.16394e+08	1.54488e+08	2.10403e+08	2.03496e+08	1.63081e+08	1.795e+08	2.04229e+08	1.57538e+08	1.56632e+08	1.39353e+08	1.38823e+08	1.37106e+08	1.7289e+08
ERR613452	2.61029e+08	2.63446e+08	2.64588e+08	2.10332e+08	2.63894e+08	2.19517e+08	2.47214e+08	1.66136e+08	2.40508e+08	2.16635e+08	2.41899e+08	2.14282e+08	2.75096e+08	2.27083e+08	2.20547e+08	1.76245e+08	2.50099e+08	2.24659e+08	2.71629e+08	3.27303e+08	3.25422e+08	3.25227e+08	2.73347e+08	4.09866e+08	1.86734e+08	1.83622e+08	1.82188e+08	2.64504e+08	2.51577e+08	2.66022e+08	2.23503e+08	2.40119e+08	2.25336e+08	2.35154e+08	2.43731e+08	2.3762e+08	1.88392e+08	2.29792e+08	1.77022e+08	1.81881e+08	1.8523e+08	2.47581e+08	2.24383e+08	2.39148e+08	2.43664e+08	2.41185e+08	2.22856e+08	2.52756e+08	1.88276e+08	1.88525e+08	2.08165e+08	1.96742e+08	1.99698e+08	1.72663e+08	2.03277e+08	1.99579e+08	2.01004e+08	2.08103e+08	2.06514e+08	1.8677e+08	1.52851e+08	1.96429e+08	1.98295e+08	9.30036e+07	1.98703e+08	1.55574e+08	1.97537e+08	1.69092e+08	1.82966e+08	1.85694e+08	1.81632e+08	1.68915e+08	1.71629e+08	1.6289e+08	1.69858e+08	1.64827e+08	1.73885e+08	1.75767e+08	1.87723e+08	1.89676e+08	2.16407e+08	1.86517e+08	1.85257e+08	2.19991e+08	1.57295e+08	2.13946e+08	2.06843e+08	1.65756e+08	1.82438e+08	2.07701e+08	1.60349e+08	1.59405e+08	1.41816e+08	1.41245e+08	1.39497e+08	1.76063e+08
ERR607987	2.1788e+08	2.19578e+08	2.20398e+08	1.77565e+08	2.20079e+08	1.84536e+08	2.02265e+08	1.37753e+08	1.96527e+08	1.7798e+08	1.98206e+08	1.76261e+08	2.02526e+08	1.68496e+08	1.63714e+08	1.3161e+08	1.84398e+08	1.66081e+08	1.82432e+08	2.19673e+08	2.18273e+08	2.18099e+08	1.83661e+08	1.86734e+08	3.37988e+08	2.38463e+08	2.36387e+08	3.15545e+08	3.04035e+08	3.17013e+08	1.82411e+08	1.95102e+08	1.83938e+08	1.91461e+08	1.98349e+08	1.93518e+08	1.62501e+08	1.95676e+08	1.53172e+08	1.57396e+08	1.60297e+08	2.09647e+08	1.87446e+08	1.99196e+08	2.03277e+08	2.01246e+08	1.86213e+08	2.1061e+08	1.31373e+08	1.31503e+08	1.45391e+08	1.37149e+08	1.39277e+08	1.20479e+08	1.44826e+08	1.4226e+08	1.4301e+08	1.48354e+08	1.46875e+08	1.32658e+08	1.0776e+08	1.3843e+08	1.39738e+08	6.54658e+07	1.40064e+08	1.09788e+08	1.37334e+08	1.17552e+08	1.27341e+08	1.28808e+08	1.26017e+08	1.17478e+08	1.18221e+08	1.12104e+08	1.16872e+08	1.13603e+08	1.19818e+08	1.21157e+08	1.29991e+08	1.31403e+08	1.50466e+08	1.29404e+08	1.28378e+08	1.53091e+08	1.09694e+08	1.48997e+08	1.44172e+08	1.15329e+08	1.27166e+08	1.44815e+08	1.10218e+08	1.09513e+08	9.75731e+07	9.70791e+07	9.59491e+07	1.21135e+08
ERR607986	2.14445e+08	2.16267e+08	2.16973e+08	1.7493e+08	2.16738e+08	1.81618e+08	1.9906e+08	1.35551e+08	1.93499e+08	1.75296e+08	1.95225e+08	1.73602e+08	1.99494e+08	1.66043e+08	1.61433e+08	1.29656e+08	1.81698e+08	1.63636e+08	1.79241e+08	2.15856e+08	2.14557e+08	2.1437e+08	1.80509e+08	1.83622e+08	2.38463e+08	3.29483e+08	2.33068e+08	3.10904e+08	2.99624e+08	3.12152e+08	1.79644e+08	1.92138e+08	1.81242e+08	1.8879e+08	1.95348e+08	1.90635e+08	1.60113e+08	1.92692e+08	1.50806e+08	1.55068e+08	1.57812e+08	2.06413e+08	1.84471e+08	1.96096e+08	2.00164e+08	1.98142e+08	1.83274e+08	2.0746e+08	1.28844e+08	1.28978e+08	1.42639e+08	1.34612e+08	1.36715e+08	1.1814e+08	1.42253e+08	1.39714e+08	1.40296e+08	1.4564e+08	1.44213e+08	1.30321e+08	1.05751e+08	1.35625e+08	1.37066e+08	6.43014e+07	1.37414e+08	1.07777e+08	1.3466e+08	1.15466e+08	1.25067e+08	1.26383e+08	1.23585e+08	1.15306e+08	1.16039e+08	1.09913e+08	1.1464e+08	1.11331e+08	1.17513e+08	1.1895e+08	1.27556e+08	1.28951e+08	1.4773e+08	1.27004e+08	1.25813e+08	1.50307e+08	1.07849e+08	1.4633e+08	1.41579e+08	1.13241e+08	1.24823e+08	1.42207e+08	1.0823e+08	1.07443e+08	9.55565e+07	9.51309e+07	9.40198e+07	1.18763e+08
ERR607988	2.12493e+08	2.14201e+08	2.14834e+08	1.73197e+08	2.14699e+08	1.79934e+08	1.97089e+08	1.34304e+08	1.91554e+08	1.73413e+08	1.93278e+08	1.7178e+08	1.97592e+08	1.64457e+08	1.59887e+08	1.28439e+08	1.80073e+08	1.62086e+08	1.77822e+08	2.1423e+08	2.1282e+08	2.12677e+08	1.79002e+08	1.82188e+08	2.36387e+08	2.33068e+08	3.24562e+08	3.07945e+08	2.96809e+08	3.09227e+08	1.78034e+08	1.90356e+08	1.79481e+08	1.86946e+08	1.9367e+08	1.88865e+08	1.58728e+08	1.91005e+08	1.4966e+08	1.53716e+08	1.56508e+08	2.04704e+08	1.83011e+08	1.9452e+08	1.98578e+08	1.96469e+08	1.81835e+08	2.05669e+08	1.28081e+08	1.28221e+08	1.41688e+08	1.33824e+08	1.35739e+08	1.17422e+08	1.41201e+08	1.38627e+08	1.39413e+08	1.44629e+08	1.4322e+08	1.2942e+08	1.05036e+08	1.34746e+08	1.36147e+08	6.37301e+07	1.36426e+08	1.07039e+08	1.33837e+08	1.14683e+08	1.24189e+08	1.25546e+08	1.22857e+08	1.14556e+08	1.15219e+08	1.09278e+08	1.13923e+08	1.10706e+08	1.16725e+08	1.18145e+08	1.26684e+08	1.28089e+08	1.46665e+08	1.26182e+08	1.24991e+08	1.49141e+08	1.06839e+08	1.45175e+08	1.40436e+08	1.12331e+08	1.23801e+08	1.41003e+08	1.07464e+08	1.06711e+08	9.50245e+07	9.46024e+07	9.34194e+07	1.18047e+08
ERR607984	3.04386e+08	3.06993e+08	3.08214e+08	2.46496e+08	3.07616e+08	2.56478e+08	2.84488e+08	1.92104e+08	2.76323e+08	2.49627e+08	2.78824e+08	2.47211e+08	2.86585e+08	2.37448e+08	2.30579e+08	1.84853e+08	2.60679e+08	2.34571e+08	2.58308e+08	3.1219e+08	3.10352e+08	3.10217e+08	2.59953e+08	2.64504e+08	3.15545e+08	3.10904e+08	3.07945e+08	5.62859e+08	4.06446e+08	4.24767e+08	2.57554e+08	2.75895e+08	2.59433e+08	2.70412e+08	2.80141e+08	2.73178e+08	2.25888e+08	2.73619e+08	2.12917e+08	2.18597e+08	2.2252e+08	2.93839e+08	2.62837e+08	2.79971e+08	2.85425e+08	2.82318e+08	2.61227e+08	2.9583e+08	1.91265e+08	1.91628e+08	2.11886e+08	1.99897e+08	2.02809e+08	1.75367e+08	2.10406e+08	2.06695e+08	2.07979e+08	2.15662e+08	2.13647e+08	1.93155e+08	1.56634e+08	2.01139e+08	2.03227e+08	9.48905e+07	2.03596e+08	1.59592e+08	2.00336e+08	1.71412e+08	1.85719e+08	1.88054e+08	1.83829e+08	1.71217e+08	1.72536e+08	1.63482e+08	1.70486e+08	1.65626e+08	1.74775e+08	1.76761e+08	1.89776e+08	1.9202e+08	2.19706e+08	1.88859e+08	1.87255e+08	2.2318e+08	1.59752e+08	2.16875e+08	2.09849e+08	1.67882e+08	1.84968e+08	2.10743e+08	1.61179e+08	1.60155e+08	1.42405e+08	1.41854e+08	1.40104e+08	1.76975e+08
ERR607983	2.90199e+08	2.92395e+08	2.93463e+08	2.35319e+08	2.93236e+08	2.44845e+08	2.70436e+08	1.83313e+08	2.62761e+08	2.37409e+08	2.6493e+08	2.35366e+08	2.71355e+08	2.24811e+08	2.18337e+08	1.75589e+08	2.47132e+08	2.22374e+08	2.45592e+08	2.97158e+08	2.95268e+08	2.95018e+08	2.47309e+08	2.51577e+08	3.04035e+08	2.99624e+08	2.96809e+08	4.06446e+08	5.22866e+08	4.08333e+08	2.4491e+08	2.62324e+08	2.46869e+08	2.57076e+08	2.66256e+08	2.59714e+08	2.15473e+08	2.60947e+08	2.03553e+08	2.08453e+08	2.12238e+08	2.79864e+08	2.50116e+08	2.66362e+08	2.7158e+08	2.68792e+08	2.48765e+08	2.81432e+08	1.80735e+08	1.80854e+08	1.99866e+08	1.88841e+08	1.91689e+08	1.65451e+08	1.98892e+08	1.95368e+08	1.96637e+08	2.03869e+08	2.01999e+08	1.8271e+08	1.48042e+08	1.90248e+08	1.92308e+08	8.97091e+07	1.92574e+08	1.508e+08	1.89181e+08	1.61685e+08	1.75258e+08	1.77658e+08	1.73684e+08	1.61523e+08	1.62812e+08	1.54562e+08	1.61059e+08	1.56523e+08	1.65174e+08	1.6687e+08	1.79348e+08	1.81353e+08	2.07036e+08	1.78249e+08	1.77056e+08	2.10573e+08	1.49951e+08	2.03884e+08	1.97323e+08	1.57762e+08	1.7378e+08	1.98222e+08	1.52284e+08	1.51397e+08	1.34844e+08	1.34262e+08	1.32611e+08	1.67212e+08
ERR607985	3.06341e+08	3.08548e+08	3.09762e+08	2.47941e+08	3.09644e+08	2.5818e+08	2.85618e+08	1.9344e+08	2.77447e+08	2.50745e+08	2.79639e+08	2.48344e+08	2.87195e+08	2.37627e+08	2.30848e+08	1.85521e+08	2.61579e+08	2.35171e+08	2.59581e+08	3.14262e+08	3.12138e+08	3.11961e+08	2.61295e+08	2.66022e+08	3.17013e+08	3.12152e+08	3.09227e+08	4.24767e+08	4.08333e+08	5.67811e+08	2.59066e+08	2.77331e+08	2.61088e+08	2.7188e+08	2.81645e+08	2.74731e+08	2.27254e+08	2.7552e+08	2.1479e+08	2.19901e+08	2.24074e+08	2.95598e+08	2.64436e+08	2.81366e+08	2.87011e+08	2.84061e+08	2.62887e+08	2.97354e+08	1.92249e+08	1.92385e+08	2.12776e+08	2.00991e+08	2.04177e+08	1.76038e+08	2.11613e+08	2.07942e+08	2.09135e+08	2.16806e+08	2.1497e+08	1.94463e+08	1.57349e+08	2.0243e+08	2.04534e+08	9.5314e+07	2.0484e+08	1.6032e+08	2.01358e+08	1.72169e+08	1.86497e+08	1.89152e+08	1.85032e+08	1.71972e+08	1.73418e+08	1.64558e+08	1.71361e+08	1.66578e+08	1.75804e+08	1.77607e+08	1.91e+08	1.93145e+08	2.20439e+08	1.89833e+08	1.88594e+08	2.24044e+08	1.59522e+08	2.1702e+08	2.10003e+08	1.67813e+08	1.84868e+08	2.10958e+08	1.62e+08	1.61304e+08	1.43624e+08	1.43081e+08	1.41279e+08	1.78086e+08
ERR618694	2.48999e+08	2.51036e+08	2.52101e+08	1.99401e+08	2.51929e+08	2.08596e+08	2.50009e+08	1.70294e+08	2.43182e+08	2.20171e+08	2.44898e+08	2.17738e+08	2.46312e+08	2.041e+08	1.98357e+08	1.59943e+08	2.24808e+08	2.02326e+08	2.18416e+08	2.64843e+08	2.63239e+08	2.62943e+08	2.19598e+08	2.23503e+08	1.82411e+08	1.79644e+08	1.78034e+08	2.57554e+08	2.4491e+08	2.59066e+08	3.76744e+08	2.68129e+08	2.5238e+08	2.6165e+08	2.70855e+08	2.64513e+08	1.84713e+08	2.24034e+08	1.74336e+08	1.78721e+08	1.81894e+08	2.41016e+08	2.16623e+08	2.30775e+08	2.34946e+08	2.32649e+08	2.15453e+08	2.43654e+08	1.7465e+08	1.74702e+08	1.927e+08	1.82389e+08	1.85223e+08	1.59613e+08	1.90832e+08	1.87478e+08	1.89e+08	1.95666e+08	1.9426e+08	1.7569e+08	1.41845e+08	1.83254e+08	1.85006e+08	8.55358e+07	1.85246e+08	1.4447e+08	1.8383e+08	1.56834e+08	1.69794e+08	1.72467e+08	1.69215e+08	1.56514e+08	1.59303e+08	1.51206e+08	1.57471e+08	1.52936e+08	1.61491e+08	1.62983e+08	1.75373e+08	1.77266e+08	2.01823e+08	1.74182e+08	1.73075e+08	2.05493e+08	1.43352e+08	1.9588e+08	1.8937e+08	1.5137e+08	1.66588e+08	1.90351e+08	1.49507e+08	1.49027e+08	1.32587e+08	1.32216e+08	1.30665e+08	1.6443e+08
ERR618693	2.66957e+08	2.69265e+08	2.7054e+08	2.13597e+08	2.70148e+08	2.23176e+08	2.68118e+08	1.81986e+08	2.60679e+08	2.35697e+08	2.62628e+08	2.33262e+08	2.65396e+08	2.19777e+08	2.13595e+08	1.71824e+08	2.41802e+08	2.17724e+08	2.34511e+08	2.84315e+08	2.82656e+08	2.82296e+08	2.35937e+08	2.40119e+08	1.95102e+08	1.92138e+08	1.90356e+08	2.75895e+08	2.62324e+08	2.77331e+08	2.68129e+08	4.23941e+08	2.70256e+08	2.80395e+08	2.90623e+08	2.83541e+08	1.97651e+08	2.40013e+08	1.86299e+08	1.91175e+08	1.94686e+08	2.58299e+08	2.32207e+08	2.47449e+08	2.51962e+08	2.49511e+08	2.30829e+08	2.61272e+08	1.88389e+08	1.88396e+08	2.08027e+08	1.96731e+08	1.99615e+08	1.72272e+08	2.05584e+08	2.02184e+08	2.03715e+08	2.10883e+08	2.09402e+08	1.8918e+08	1.52862e+08	1.97268e+08	1.99226e+08	9.22817e+07	1.99507e+08	1.55643e+08	1.98275e+08	1.69275e+08	1.83338e+08	1.86044e+08	1.82369e+08	1.69e+08	1.71722e+08	1.62981e+08	1.69718e+08	1.64917e+08	1.74141e+08	1.75872e+08	1.89116e+08	1.91217e+08	2.18181e+08	1.87891e+08	1.86586e+08	2.21927e+08	1.55177e+08	2.11858e+08	2.04784e+08	1.6368e+08	1.80402e+08	2.05774e+08	1.61245e+08	1.60558e+08	1.42742e+08	1.42291e+08	1.40613e+08	1.77254e+08
ERR618695	2.50861e+08	2.52806e+08	2.54247e+08	2.00973e+08	2.53931e+08	2.10058e+08	2.52245e+08	1.71583e+08	2.45227e+08	2.21873e+08	2.47147e+08	2.1963e+08	2.49578e+08	2.0685e+08	2.01055e+08	1.61955e+08	2.27408e+08	2.04912e+08	2.20197e+08	2.66728e+08	2.65243e+08	2.64875e+08	2.2139e+08	2.25336e+08	1.83938e+08	1.81242e+08	1.79481e+08	2.59433e+08	2.46869e+08	2.61088e+08	2.5238e+08	2.70256e+08	3.81984e+08	2.63848e+08	2.73334e+08	2.66775e+08	1.86072e+08	2.25783e+08	1.75424e+08	1.80106e+08	1.83247e+08	2.42762e+08	2.18414e+08	2.32681e+08	2.36947e+08	2.34646e+08	2.1716e+08	2.45709e+08	1.76253e+08	1.76433e+08	1.94716e+08	1.84132e+08	1.86808e+08	1.61224e+08	1.92719e+08	1.89403e+08	1.908e+08	1.97562e+08	1.96101e+08	1.77285e+08	1.4305e+08	1.84643e+08	1.86456e+08	8.64273e+07	1.8672e+08	1.45727e+08	1.85488e+08	1.58453e+08	1.71593e+08	1.74065e+08	1.7054e+08	1.58004e+08	1.60707e+08	1.52482e+08	1.58914e+08	1.54346e+08	1.62824e+08	1.64583e+08	1.7696e+08	1.78957e+08	2.03926e+08	1.75903e+08	1.74741e+08	2.07482e+08	1.45062e+08	1.98111e+08	1.91526e+08	1.53037e+08	1.68595e+08	1.92466e+08	1.50831e+08	1.50196e+08	1.33654e+08	1.33149e+08	1.31578e+08	1.65738e+08
