	ERR636802	ERR636800	ERR636804	ERR636803	ERR636801	ERR636799	ERR637059	ERR637060	ERR637062	ERR637057	ERR637061	ERR637058	ERR613543	ERR613542	ERR613541	ERR613540	ERR613539	ERR613544	ERR614003	ERR614005	ERR614004	ERR614006	ERR614007	ERR614002	ERR608119	ERR608117	ERR608118	ERR608121	ERR608122	ERR608120	ERR608590	ERR608587	ERR608589	ERR608588	ERR608586	ERR608585	ERR608871	ERR608872	ERR608875	ERR608873	ERR608876	ERR608874	ERR608568	ERR608567	ERR608572	ERR608570	ERR608569	ERR608571	ERR617174	ERR617173	ERR617175	ERR617177	ERR617176	ERR617178	ERR609006	ERR609007	ERR609008	ERR609004	ERR609003	ERR609005	ERR621977	ERR621974	ERR621978	ERR621975	ERR621976	ERR621973	ERR629975	ERR629973	ERR629972	ERR629971	ERR629974	ERR629970	ERR614898	ERR614900	ERR614897	ERR614895	ERR614899	ERR614896	ERR629887	ERR629891	ERR629889	ERR629886	ERR629890	ERR629888	ERR607851	ERR607852	ERR607853	ERR607854	ERR607849	ERR607850	ERR617501	ERR617499	ERR617504	ERR617500	ERR617502	ERR617503
ERR636802	5.5326e+09	6.45675e+09	5.34576e+09	5.43477e+09	6.43654e+09	6.31476e+09	6.60888e+09	6.48021e+09	6.53729e+09	6.42626e+09	6.49572e+09	6.62025e+09	5.76833e+09	5.76206e+09	6.57175e+09	6.57255e+09	6.5744e+09	5.73328e+09	5.73974e+09	5.88309e+09	5.74386e+09	5.90372e+09	5.94211e+09	5.46764e+09	6.39513e+09	6.13015e+09	6.39408e+09	5.78394e+09	5.81654e+09	5.71256e+09	5.109e+09	5.27389e+09	5.07366e+09	5.08547e+09	4.9083e+09	3.73023e+09	4.31459e+09	5.40296e+09	4.6784e+09	5.7004e+09	4.61821e+09	4.73647e+09	5.27347e+09	4.41167e+09	5.29676e+09	5.51121e+09	5.67229e+09	5.47291e+09	4.22246e+09	4.05725e+09	4.2459e+09	4.87815e+09	4.87224e+09	3.91904e+09	6.28809e+09	6.26495e+09	6.29392e+09	6.07144e+09	4.63224e+09	6.33192e+09	4.45311e+09	4.69063e+09	4.17212e+09	4.69935e+09	4.1039e+09	4.79033e+09	5.7794e+09	5.80959e+09	6.22389e+09	5.76903e+09	5.73985e+09	6.2767e+09	5.56069e+09	5.54095e+09	4.97964e+09	4.95698e+09	5.53906e+09	5.06953e+09	5.71279e+09	5.70818e+09	5.73515e+09	6.09815e+09	5.67871e+09	6.05355e+09	4.00339e+09	4.43901e+09	4.43585e+09	4.4716e+09	3.98694e+09	4.07931e+09	4.78027e+09	4.65506e+09	4.07372e+09	4.77528e+09	4.28699e+09	4.43665e+09
ERR636800	6.45675e+09	8.21776e+09	6.42377e+09	6.54088e+09	7.95979e+09	7.781e+09	8.23084e+09	8.03996e+09	8.12283e+09	7.96107e+09	8.06242e+09	8.24613e+09	7.03566e+09	7.02531e+09	8.16985e+09	8.17096e+09	8.17366e+09	6.98809e+09	6.96066e+09	7.16292e+09	6.96633e+09	7.19325e+09	7.2469e+09	6.58665e+09	7.90815e+09	7.52265e+09	7.90412e+09	7.03862e+09	7.08494e+09	6.94061e+09	6.22706e+09	6.45102e+09	6.18208e+09	6.19754e+09	5.9658e+09	4.46444e+09	5.20633e+09	6.63153e+09	5.6751e+09	7.03123e+09	5.59368e+09	5.75026e+09	6.39653e+09	5.27707e+09	6.42524e+09	6.71527e+09	6.92641e+09	6.66473e+09	5.24682e+09	5.02704e+09	5.27566e+09	6.11965e+09	6.11179e+09	4.84694e+09	7.81055e+09	7.78139e+09	7.81857e+09	7.51655e+09	5.6218e+09	7.87374e+09	5.38262e+09	5.69308e+09	5.01947e+09	5.70443e+09	4.93185e+09	5.82303e+09	7.11147e+09	7.15034e+09	7.72838e+09	7.10058e+09	7.05803e+09	7.80237e+09	6.75251e+09	6.72532e+09	5.96819e+09	5.94073e+09	6.72327e+09	6.08626e+09	6.9346e+09	6.93603e+09	6.97253e+09	7.48278e+09	6.89493e+09	7.41959e+09	4.90824e+09	5.47357e+09	5.469e+09	5.51562e+09	4.88738e+09	5.00613e+09	5.88593e+09	5.71903e+09	4.96371e+09	5.88074e+09	5.24244e+09	5.43601e+09
ERR636804	5.34576e+09	6.42377e+09	5.4803e+09	5.40856e+09	6.40414e+09	6.28335e+09	6.5765e+09	6.44876e+09	6.50501e+09	6.39505e+09	6.46426e+09	6.58762e+09	5.74155e+09	5.735e+09	6.54073e+09	6.54094e+09	6.54274e+09	5.70701e+09	5.71237e+09	5.8558e+09	5.71685e+09	5.87654e+09	5.91493e+09	5.44205e+09	6.3638e+09	6.10024e+09	6.36175e+09	5.75566e+09	5.78715e+09	5.68483e+09	5.08537e+09	5.24919e+09	5.05081e+09	5.06152e+09	4.88602e+09	3.71575e+09	4.2978e+09	5.37805e+09	4.65801e+09	5.67338e+09	4.59839e+09	4.71615e+09	5.24908e+09	4.39326e+09	5.27228e+09	5.4854e+09	5.64477e+09	5.44677e+09	4.20221e+09	4.03884e+09	4.22546e+09	4.8535e+09	4.84792e+09	3.90301e+09	6.25612e+09	6.23408e+09	6.26182e+09	6.0414e+09	4.61236e+09	6.29992e+09	4.42909e+09	4.66457e+09	4.1502e+09	4.67325e+09	4.08187e+09	4.76363e+09	5.75305e+09	5.78226e+09	6.19302e+09	5.74162e+09	5.71346e+09	6.24584e+09	5.53507e+09	5.51583e+09	4.95784e+09	4.93546e+09	5.51386e+09	5.04725e+09	5.68717e+09	5.68348e+09	5.71004e+09	6.06987e+09	5.65423e+09	6.02567e+09	3.98582e+09	4.41888e+09	4.41572e+09	4.45138e+09	3.97009e+09	4.06095e+09	4.75692e+09	4.63296e+09	4.05494e+09	4.75188e+09	4.2665e+09	4.41567e+09
ERR636803	5.43477e+09	6.54088e+09	5.40856e+09	5.66333e+09	6.52074e+09	6.39696e+09	6.69752e+09	6.56623e+09	6.62416e+09	6.51191e+09	6.58223e+09	6.70888e+09	5.84064e+09	5.83421e+09	6.66075e+09	6.66142e+09	6.66306e+09	5.80618e+09	5.81045e+09	5.95725e+09	5.8156e+09	5.97917e+09	6.01796e+09	5.53329e+09	6.48012e+09	6.20932e+09	6.47785e+09	5.8563e+09	5.88887e+09	5.78332e+09	5.17059e+09	5.33805e+09	5.13516e+09	5.14633e+09	4.96719e+09	3.77213e+09	4.36608e+09	5.47133e+09	4.73374e+09	5.77303e+09	4.67228e+09	4.79317e+09	5.33637e+09	4.46154e+09	5.3599e+09	5.57761e+09	5.74101e+09	5.53858e+09	4.27269e+09	4.10604e+09	4.29707e+09	4.9387e+09	4.93318e+09	3.96732e+09	6.37002e+09	6.34722e+09	6.37565e+09	6.14958e+09	4.68766e+09	6.41452e+09	4.50035e+09	4.74118e+09	4.21532e+09	4.74961e+09	4.1457e+09	4.84222e+09	5.85445e+09	5.88407e+09	6.30551e+09	5.84257e+09	5.81345e+09	6.35952e+09	5.63047e+09	5.61087e+09	5.03988e+09	5.01643e+09	5.6089e+09	5.13119e+09	5.78536e+09	5.78183e+09	5.80869e+09	6.17736e+09	5.75158e+09	6.13206e+09	4.05053e+09	4.4924e+09	4.48855e+09	4.52533e+09	4.03425e+09	4.12698e+09	4.83625e+09	4.70965e+09	4.12006e+09	4.83108e+09	4.33501e+09	4.48743e+09
ERR636801	6.43654e+09	7.95979e+09	6.40414e+09	6.52074e+09	8.16192e+09	7.75563e+09	8.20794e+09	8.01708e+09	8.0985e+09	7.93918e+09	8.03854e+09	8.21885e+09	7.01467e+09	7.00476e+09	8.1463e+09	8.1469e+09	8.15042e+09	6.96756e+09	6.93977e+09	7.14448e+09	6.94927e+09	7.17489e+09	7.22843e+09	6.56948e+09	7.88156e+09	7.49702e+09	7.87212e+09	7.01163e+09	7.05736e+09	6.91629e+09	6.20879e+09	6.42905e+09	6.16447e+09	6.17804e+09	5.94958e+09	4.45786e+09	5.19651e+09	6.61074e+09	5.65703e+09	7.00522e+09	5.57632e+09	5.7322e+09	6.37437e+09	5.26446e+09	6.40347e+09	6.68855e+09	6.89968e+09	6.63874e+09	5.22211e+09	5.00636e+09	5.25003e+09	6.08858e+09	6.08049e+09	4.83342e+09	7.78285e+09	7.7543e+09	7.79148e+09	7.49171e+09	5.61098e+09	7.84305e+09	5.35141e+09	5.65721e+09	4.99135e+09	5.66873e+09	4.90428e+09	5.78604e+09	7.09256e+09	7.13043e+09	7.69779e+09	7.07674e+09	7.03933e+09	7.77114e+09	6.73868e+09	6.71162e+09	5.95688e+09	5.93164e+09	6.70942e+09	6.07613e+09	6.92134e+09	6.92529e+09	6.96233e+09	7.46285e+09	6.88493e+09	7.40029e+09	4.8887e+09	5.45011e+09	5.44576e+09	5.49222e+09	4.86989e+09	4.98757e+09	5.85745e+09	5.69533e+09	4.94284e+09	5.85229e+09	5.2177e+09	5.4101e+09
ERR636799	6.31476e+09	7.781e+09	6.28335e+09	6.39696e+09	7.75563e+09	7.80213e+09	8.0115e+09	7.83039e+09	7.90785e+09	7.75743e+09	7.85122e+09	8.02257e+09	6.86641e+09	6.85705e+09	7.95284e+09	7.95334e+09	7.95637e+09	6.82014e+09	6.8045e+09	7.00226e+09	6.81396e+09	7.03098e+09	7.08244e+09	6.44697e+09	7.70331e+09	7.33657e+09	7.69516e+09	6.8686e+09	6.91257e+09	6.77661e+09	6.07169e+09	6.28489e+09	6.02841e+09	6.04304e+09	5.82087e+09	4.3694e+09	5.08842e+09	6.45974e+09	5.53488e+09	6.84124e+09	5.45668e+09	5.60788e+09	6.24038e+09	5.16212e+09	6.26857e+09	6.54464e+09	6.74946e+09	6.4961e+09	5.08182e+09	4.87352e+09	5.10867e+09	5.91748e+09	5.90975e+09	4.7054e+09	7.59206e+09	7.56423e+09	7.60042e+09	7.31162e+09	5.48877e+09	7.65079e+09	5.23069e+09	5.52737e+09	4.88147e+09	5.53848e+09	4.79664e+09	5.65261e+09	6.92821e+09	6.96433e+09	7.51118e+09	6.91162e+09	6.87619e+09	7.58114e+09	6.60539e+09	6.57927e+09	5.84823e+09	5.82354e+09	6.57672e+09	5.96479e+09	6.78479e+09	6.78839e+09	6.82345e+09	7.30406e+09	6.74966e+09	7.24416e+09	4.76857e+09	5.31233e+09	5.30831e+09	5.35342e+09	4.74985e+09	4.86422e+09	5.71229e+09	5.55553e+09	4.82605e+09	5.70757e+09	5.09261e+09	5.27945e+09
ERR637059	6.60888e+09	8.23084e+09	6.5765e+09	6.69752e+09	8.20794e+09	8.0115e+09	9.1584e+09	8.67498e+09	8.76799e+09	8.58247e+09	8.6983e+09	8.90848e+09	7.46381e+09	7.45342e+09	8.73361e+09	8.73322e+09	8.73995e+09	7.4125e+09	7.20414e+09	7.42836e+09	7.21857e+09	7.46186e+09	7.51832e+09	6.8131e+09	8.33961e+09	7.90274e+09	8.31633e+09	7.36546e+09	7.41578e+09	7.2677e+09	6.56695e+09	6.79981e+09	6.52104e+09	6.52926e+09	6.28543e+09	4.69424e+09	5.43182e+09	6.93624e+09	5.91327e+09	7.35751e+09	5.8269e+09	5.99321e+09	6.70079e+09	5.51849e+09	6.73079e+09	7.03338e+09	7.26458e+09	6.98163e+09	5.81265e+09	5.58144e+09	5.84318e+09	6.76802e+09	6.75913e+09	5.40135e+09	8.5155e+09	8.48618e+09	8.52738e+09	8.1996e+09	6.15603e+09	8.5783e+09	5.80356e+09	6.13549e+09	5.41277e+09	6.14904e+09	5.31616e+09	6.27384e+09	7.75986e+09	7.80143e+09	8.41671e+09	7.73915e+09	7.70064e+09	8.49944e+09	7.28309e+09	7.25239e+09	6.42506e+09	6.39776e+09	7.25001e+09	6.55324e+09	7.33405e+09	7.34548e+09	7.38683e+09	7.94107e+09	7.30136e+09	7.87221e+09	5.42897e+09	6.04105e+09	6.03479e+09	6.08591e+09	5.40938e+09	5.53592e+09	6.43537e+09	6.2635e+09	5.43954e+09	6.42898e+09	5.73584e+09	5.94421e+09
ERR637060	6.48021e+09	8.03996e+09	6.44876e+09	6.56623e+09	8.01708e+09	7.83039e+09	8.67498e+09	8.69984e+09	8.55333e+09	8.37255e+09	8.48696e+09	8.68098e+09	7.29904e+09	7.28916e+09	8.5147e+09	8.51433e+09	8.52039e+09	7.24941e+09	7.05956e+09	7.27417e+09	7.07204e+09	7.30633e+09	7.36073e+09	6.6798e+09	8.14436e+09	7.72826e+09	8.12494e+09	7.21212e+09	7.26093e+09	7.11739e+09	6.41423e+09	6.63893e+09	6.36928e+09	6.37694e+09	6.14007e+09	4.59209e+09	5.30806e+09	6.7673e+09	5.77705e+09	7.17497e+09	5.6939e+09	5.8548e+09	6.55348e+09	5.40398e+09	6.58197e+09	6.87578e+09	7.10034e+09	6.82514e+09	5.64724e+09	5.42468e+09	5.67753e+09	6.56626e+09	6.55729e+09	5.247e+09	8.29171e+09	8.26327e+09	8.30298e+09	7.98695e+09	6.00991e+09	8.35224e+09	5.67414e+09	5.99604e+09	5.29524e+09	6.00886e+09	5.2018e+09	6.13007e+09	7.56538e+09	7.606e+09	8.19907e+09	7.54608e+09	7.50829e+09	8.27816e+09	7.13388e+09	7.10427e+09	6.3041e+09	6.27681e+09	7.10245e+09	6.42876e+09	7.18364e+09	7.193e+09	7.23262e+09	7.76636e+09	7.15028e+09	7.70062e+09	5.28731e+09	5.87947e+09	5.87376e+09	5.92265e+09	5.26814e+09	5.3905e+09	6.26744e+09	6.10189e+09	5.30476e+09	6.26226e+09	5.59225e+09	5.79442e+09
ERR637062	6.53729e+09	8.12283e+09	6.50501e+09	6.62416e+09	8.0985e+09	7.90785e+09	8.76799e+09	8.55333e+09	8.88484e+09	8.45863e+09	8.57678e+09	8.77571e+09	7.37011e+09	7.35941e+09	8.60663e+09	8.60634e+09	8.61205e+09	7.31956e+09	7.12241e+09	7.33845e+09	7.13375e+09	7.37119e+09	7.42688e+09	6.73644e+09	8.22822e+09	7.80437e+09	8.20965e+09	7.28106e+09	7.3308e+09	7.18389e+09	6.4799e+09	6.70875e+09	6.43457e+09	6.44186e+09	6.2009e+09	4.63227e+09	5.35764e+09	6.83904e+09	5.83607e+09	7.2539e+09	5.75131e+09	5.91474e+09	6.61889e+09	5.45261e+09	6.64813e+09	6.94721e+09	7.17436e+09	6.89624e+09	5.72273e+09	5.49472e+09	5.75267e+09	6.6581e+09	6.64893e+09	5.31204e+09	8.38768e+09	8.35919e+09	8.39923e+09	8.0777e+09	6.06854e+09	8.44981e+09	5.74145e+09	6.06956e+09	5.35693e+09	6.08216e+09	5.26212e+09	6.20583e+09	7.6476e+09	7.68901e+09	8.29564e+09	7.63009e+09	7.58943e+09	8.37661e+09	7.1956e+09	7.16579e+09	6.35406e+09	6.32585e+09	7.16369e+09	6.47924e+09	7.24542e+09	7.25329e+09	7.29407e+09	7.83989e+09	7.21003e+09	7.773e+09	5.34978e+09	5.95127e+09	5.94513e+09	5.99514e+09	5.3295e+09	5.45437e+09	6.34462e+09	6.17472e+09	5.36624e+09	6.33899e+09	5.65865e+09	5.8638e+09
ERR637057	6.42626e+09	7.96107e+09	6.39505e+09	6.51191e+09	7.93918e+09	7.75743e+09	8.58247e+09	8.37255e+09	8.45863e+09	8.51849e+09	8.39443e+09	8.58823e+09	7.22944e+09	7.21996e+09	8.42388e+09	8.42384e+09	8.42949e+09	7.18077e+09	7.00047e+09	7.21247e+09	7.01336e+09	7.24448e+09	7.29763e+09	6.62698e+09	8.06276e+09	7.65556e+09	8.04289e+09	7.14623e+09	7.19387e+09	7.05287e+09	6.35039e+09	6.57351e+09	6.30652e+09	6.31496e+09	6.08285e+09	4.55453e+09	5.26247e+09	6.69983e+09	5.72269e+09	7.10085e+09	5.63999e+09	5.7988e+09	6.49102e+09	5.35815e+09	6.51891e+09	6.80718e+09	7.02925e+09	6.75805e+09	5.57499e+09	5.35554e+09	5.60335e+09	6.4771e+09	6.46798e+09	5.1832e+09	8.19409e+09	8.16633e+09	8.205e+09	7.89665e+09	5.95168e+09	8.25431e+09	5.60756e+09	5.92391e+09	5.23456e+09	5.93681e+09	5.14261e+09	6.05596e+09	7.48499e+09	7.52428e+09	8.105e+09	7.46454e+09	7.42857e+09	8.18235e+09	7.06955e+09	7.04073e+09	6.25167e+09	6.22604e+09	7.03875e+09	6.37556e+09	7.12379e+09	7.13349e+09	7.17176e+09	7.6945e+09	7.09145e+09	7.63025e+09	5.22512e+09	5.8082e+09	5.80243e+09	5.85096e+09	5.20657e+09	5.32768e+09	6.19295e+09	6.02967e+09	5.24434e+09	6.18768e+09	5.52743e+09	5.72629e+09
ERR637061	6.49572e+09	8.06242e+09	6.46426e+09	6.58223e+09	8.03854e+09	7.85122e+09	8.6983e+09	8.48696e+09	8.57678e+09	8.39443e+09	8.74554e+09	8.70514e+09	7.31769e+09	7.30723e+09	8.53801e+09	8.53765e+09	8.54352e+09	7.26787e+09	7.07641e+09	7.2916e+09	7.08833e+09	7.3234e+09	7.37834e+09	6.69488e+09	8.16588e+09	7.74813e+09	8.14723e+09	7.23038e+09	7.27904e+09	7.13464e+09	6.43143e+09	6.65753e+09	6.38645e+09	6.39413e+09	6.15578e+09	4.60229e+09	5.32066e+09	6.78569e+09	5.79256e+09	7.19527e+09	5.70848e+09	5.87042e+09	6.57092e+09	5.41648e+09	6.5999e+09	6.89498e+09	7.1204e+09	6.84446e+09	5.66887e+09	5.44392e+09	5.69842e+09	6.59139e+09	6.58207e+09	5.26504e+09	8.31708e+09	8.28878e+09	8.32822e+09	8.01091e+09	6.02541e+09	8.37763e+09	5.69349e+09	6.01736e+09	5.31317e+09	6.02969e+09	5.21929e+09	6.15219e+09	7.58731e+09	7.62855e+09	8.22575e+09	7.56904e+09	7.53056e+09	8.30524e+09	7.15046e+09	7.12078e+09	6.31746e+09	6.28978e+09	7.1186e+09	6.44198e+09	7.19951e+09	7.20771e+09	7.24806e+09	7.78491e+09	7.16509e+09	7.71881e+09	5.30461e+09	5.89936e+09	5.89337e+09	5.94283e+09	5.28496e+09	5.4082e+09	6.28855e+09	6.12152e+09	5.32174e+09	6.28311e+09	5.61053e+09	5.81323e+09
ERR637058	6.62025e+09	8.24613e+09	6.58762e+09	6.70888e+09	8.21885e+09	8.02257e+09	8.90848e+09	8.68098e+09	8.77571e+09	8.58823e+09	8.70514e+09	9.16929e+09	7.47456e+09	7.46371e+09	8.74257e+09	8.74264e+09	8.74781e+09	7.42308e+09	7.21485e+09	7.43446e+09	7.22411e+09	7.46772e+09	7.52511e+09	6.81961e+09	8.35092e+09	7.91546e+09	8.33487e+09	7.38241e+09	7.43307e+09	7.28104e+09	6.57248e+09	6.80947e+09	6.52621e+09	6.53578e+09	6.28955e+09	4.69078e+09	5.42927e+09	6.94286e+09	5.92001e+09	7.3681e+09	5.8334e+09	6.00001e+09	6.71261e+09	5.52194e+09	6.74188e+09	7.04982e+09	7.28042e+09	6.99693e+09	5.82517e+09	5.58926e+09	5.85635e+09	6.7838e+09	6.77486e+09	5.39984e+09	8.52651e+09	8.49659e+09	8.53807e+09	8.20857e+09	6.1537e+09	8.59284e+09	5.82949e+09	6.1662e+09	5.43654e+09	6.17942e+09	5.3403e+09	6.3055e+09	7.76475e+09	7.80735e+09	8.43381e+09	7.75049e+09	7.70577e+09	8.51672e+09	7.28816e+09	7.25728e+09	6.42872e+09	6.39889e+09	7.25497e+09	6.55547e+09	7.33784e+09	7.3448e+09	7.38629e+09	7.95004e+09	7.30028e+09	7.88053e+09	5.43711e+09	6.05182e+09	6.0461e+09	6.09704e+09	5.41589e+09	5.54353e+09	6.45225e+09	6.27615e+09	5.45084e+09	6.44683e+09	5.75109e+09	5.96032e+09
ERR613543	5.76833e+09	7.03566e+09	5.74155e+09	5.84064e+09	7.01467e+09	6.86641e+09	7.46381e+09	7.29904e+09	7.37011e+09	7.22944e+09	7.31769e+09	7.47456e+09	6.78862e+09	6.57284e+09	7.57258e+09	7.57225e+09	7.57613e+09	6.54063e+09	6.23158e+09	6.40024e+09	6.23683e+09	6.42477e+09	6.47097e+09	5.91692e+09	7.12228e+09	6.79112e+09	7.11362e+09	6.38049e+09	6.41968e+09	6.29602e+09	5.68246e+09	5.87322e+09	5.64258e+09	5.65179e+09	5.44836e+09	4.10257e+09	4.73213e+09	5.9821e+09	5.14933e+09	6.32572e+09	5.07931e+09	5.21585e+09	5.83674e+09	4.84461e+09	5.86245e+09	6.11234e+09	6.29759e+09	6.06881e+09	5.00378e+09	4.80872e+09	5.0304e+09	5.77981e+09	5.77356e+09	4.64784e+09	7.26398e+09	7.2393e+09	7.27151e+09	7.01036e+09	5.33386e+09	7.31521e+09	5.12918e+09	5.40825e+09	4.80007e+09	5.41833e+09	4.71951e+09	5.52484e+09	6.6689e+09	6.70384e+09	7.19991e+09	6.66073e+09	6.62139e+09	7.26417e+09	6.29564e+09	6.27139e+09	5.60799e+09	5.58001e+09	6.26924e+09	5.70958e+09	6.34913e+09	6.3457e+09	6.37903e+09	6.82608e+09	6.31059e+09	6.77176e+09	4.71101e+09	5.22035e+09	5.21561e+09	5.25854e+09	4.69236e+09	4.79896e+09	5.56735e+09	5.42099e+09	4.74167e+09	5.56191e+09	4.98948e+09	5.16343e+09
ERR613542	5.76206e+09	7.02531e+09	5.735e+09	5.83421e+09	7.00476e+09	6.85705e+09	7.45342e+09	7.28916e+09	7.35941e+09	7.21996e+09	7.30723e+09	7.46371e+09	6.57284e+09	6.76854e+09	7.55993e+09	7.55898e+09	7.56387e+09	6.53066e+09	6.22435e+09	6.39314e+09	6.23063e+09	6.41781e+09	6.46358e+09	5.91076e+09	7.11128e+09	6.78133e+09	7.10148e+09	6.37053e+09	6.40991e+09	6.28716e+09	5.67278e+09	5.86307e+09	5.63337e+09	5.64243e+09	5.43961e+09	4.09781e+09	4.72602e+09	5.97215e+09	5.14071e+09	6.3139e+09	5.07043e+09	5.20687e+09	5.82709e+09	4.83868e+09	5.85253e+09	6.10164e+09	6.28699e+09	6.05868e+09	4.9897e+09	4.79628e+09	5.01646e+09	5.76325e+09	5.75658e+09	4.63736e+09	7.24949e+09	7.22534e+09	7.2578e+09	6.99734e+09	5.32657e+09	7.30126e+09	5.11472e+09	5.39251e+09	4.78734e+09	5.40289e+09	4.70678e+09	5.50875e+09	6.65764e+09	6.69307e+09	7.18524e+09	6.64835e+09	6.60997e+09	7.24928e+09	6.28971e+09	6.26539e+09	5.60407e+09	5.57634e+09	6.2633e+09	5.7058e+09	6.34393e+09	6.34153e+09	6.37473e+09	6.81817e+09	6.30646e+09	6.76411e+09	4.7e+09	5.20803e+09	5.20254e+09	5.2462e+09	4.68178e+09	4.78802e+09	5.55331e+09	5.40845e+09	4.7313e+09	5.54796e+09	4.97755e+09	5.15081e+09
ERR613541	6.57175e+09	8.16985e+09	6.54073e+09	6.66075e+09	8.1463e+09	7.95284e+09	8.73361e+09	8.5147e+09	8.60663e+09	8.42388e+09	8.53801e+09	8.74257e+09	7.57258e+09	7.55993e+09	9.13193e+09	8.85812e+09	8.86442e+09	7.51951e+09	7.14515e+09	7.36267e+09	7.15629e+09	7.39459e+09	7.45176e+09	6.75749e+09	8.27653e+09	7.84683e+09	8.25877e+09	7.3223e+09	7.37184e+09	7.22315e+09	6.5248e+09	6.75785e+09	6.47765e+09	6.48678e+09	6.24373e+09	4.6596e+09	5.40173e+09	6.90027e+09	5.88773e+09	7.32085e+09	5.80227e+09	5.96802e+09	6.68012e+09	5.49981e+09	6.71125e+09	7.0145e+09	7.24197e+09	6.96206e+09	5.8152e+09	5.57943e+09	5.84688e+09	6.76986e+09	6.76119e+09	5.39433e+09	8.49267e+09	8.46197e+09	8.50327e+09	8.1747e+09	6.13014e+09	8.5551e+09	5.84503e+09	6.17893e+09	5.45136e+09	6.19212e+09	5.35507e+09	6.31933e+09	7.73869e+09	7.78001e+09	8.40286e+09	7.72413e+09	7.67909e+09	8.48608e+09	7.24814e+09	7.21743e+09	6.39689e+09	6.36737e+09	7.2151e+09	6.52258e+09	7.29385e+09	7.29849e+09	7.33927e+09	7.89645e+09	7.25452e+09	7.82713e+09	5.43057e+09	6.04307e+09	6.03715e+09	6.08862e+09	5.41009e+09	5.53722e+09	6.43937e+09	6.26314e+09	5.44261e+09	6.43315e+09	5.73868e+09	5.94749e+09
ERR613540	6.57255e+09	8.17096e+09	6.54094e+09	6.66142e+09	8.1469e+09	7.95334e+09	8.73322e+09	8.51433e+09	8.60634e+09	8.42384e+09	8.53765e+09	8.74264e+09	7.57225e+09	7.55898e+09	8.85812e+09	9.13072e+09	8.86311e+09	7.51873e+09	7.14603e+09	7.36336e+09	7.15708e+09	7.39581e+09	7.45189e+09	6.75772e+09	8.27697e+09	7.84753e+09	8.25948e+09	7.32327e+09	7.37273e+09	7.22355e+09	6.52392e+09	6.75762e+09	6.47728e+09	6.48624e+09	6.24332e+09	4.65906e+09	5.40067e+09	6.89956e+09	5.88668e+09	7.31967e+09	5.80156e+09	5.96716e+09	6.68005e+09	5.499e+09	6.71058e+09	7.01429e+09	7.24181e+09	6.96212e+09	5.81272e+09	5.57733e+09	5.84433e+09	6.76688e+09	6.75835e+09	5.39168e+09	8.49006e+09	8.45926e+09	8.50077e+09	8.17248e+09	6.12856e+09	8.55323e+09	5.84484e+09	6.1787e+09	5.45134e+09	6.19159e+09	5.35502e+09	6.31899e+09	7.73639e+09	7.77819e+09	8.40031e+09	7.72233e+09	7.67673e+09	8.48314e+09	7.24825e+09	7.21703e+09	6.3972e+09	6.36726e+09	7.21511e+09	6.52265e+09	7.29377e+09	7.29886e+09	7.33957e+09	7.89678e+09	7.25477e+09	7.82763e+09	5.42894e+09	6.04123e+09	6.03501e+09	6.08647e+09	5.40849e+09	5.53563e+09	6.43815e+09	6.26189e+09	5.44202e+09	6.43198e+09	5.73833e+09	5.94677e+09
ERR613539	6.5744e+09	8.17366e+09	6.54274e+09	6.66306e+09	8.15042e+09	7.95637e+09	8.73995e+09	8.52039e+09	8.61205e+09	8.42949e+09	8.54352e+09	8.74781e+09	7.57613e+09	7.56387e+09	8.86442e+09	8.86311e+09	9.14512e+09	7.52306e+09	7.14893e+09	7.36752e+09	7.16099e+09	7.39922e+09	7.45616e+09	6.76091e+09	8.28102e+09	7.85074e+09	8.26236e+09	7.32479e+09	7.37458e+09	7.22572e+09	6.52692e+09	6.75941e+09	6.47995e+09	6.48932e+09	6.24616e+09	4.66177e+09	5.40412e+09	6.90313e+09	5.88965e+09	7.32342e+09	5.80432e+09	5.96993e+09	6.68217e+09	5.502e+09	6.71314e+09	7.01626e+09	7.24386e+09	6.96411e+09	5.81588e+09	5.58033e+09	5.84717e+09	6.7701e+09	6.7615e+09	5.39581e+09	8.49523e+09	8.46442e+09	8.5059e+09	8.17808e+09	6.13354e+09	8.55809e+09	5.84481e+09	6.17891e+09	5.45155e+09	6.19184e+09	5.35473e+09	6.31905e+09	7.74245e+09	7.78365e+09	8.40584e+09	7.72704e+09	7.68252e+09	8.4882e+09	7.25362e+09	7.2225e+09	6.40176e+09	6.37264e+09	7.2205e+09	6.52803e+09	7.29899e+09	7.3047e+09	7.34563e+09	7.90159e+09	7.26033e+09	7.83237e+09	5.43188e+09	6.04421e+09	6.03853e+09	6.08989e+09	5.41155e+09	5.53904e+09	6.4405e+09	6.26398e+09	5.44342e+09	6.43391e+09	5.73995e+09	5.9488e+09
ERR613544	5.73328e+09	6.98809e+09	5.70701e+09	5.80618e+09	6.96756e+09	6.82014e+09	7.4125e+09	7.24941e+09	7.31956e+09	7.18077e+09	7.26787e+09	7.42308e+09	6.54063e+09	6.53066e+09	7.51951e+09	7.51873e+09	7.52306e+09	6.70317e+09	6.19245e+09	6.3593e+09	6.19795e+09	6.38386e+09	6.42935e+09	5.88126e+09	7.07305e+09	6.74577e+09	7.06413e+09	6.33944e+09	6.37806e+09	6.25574e+09	5.64751e+09	5.83529e+09	5.60752e+09	5.61628e+09	5.41458e+09	4.08005e+09	4.70508e+09	5.94481e+09	5.11857e+09	6.28342e+09	5.04895e+09	5.18417e+09	5.80011e+09	4.81767e+09	5.82607e+09	6.07322e+09	6.25749e+09	6.02982e+09	4.96951e+09	4.77685e+09	4.99614e+09	5.7387e+09	5.73197e+09	4.61838e+09	7.21401e+09	7.18967e+09	7.22192e+09	6.96354e+09	5.30243e+09	7.26555e+09	5.09615e+09	5.37283e+09	4.77011e+09	5.38288e+09	4.69005e+09	5.48822e+09	6.62628e+09	6.66115e+09	7.15042e+09	6.61755e+09	6.57875e+09	7.21382e+09	6.25717e+09	6.23256e+09	5.57605e+09	5.54879e+09	6.23097e+09	5.67686e+09	6.30933e+09	6.30651e+09	6.33966e+09	6.78077e+09	6.27196e+09	6.72689e+09	4.68098e+09	5.18616e+09	5.18131e+09	5.22404e+09	4.66279e+09	4.76838e+09	5.53035e+09	5.38598e+09	4.71268e+09	5.52497e+09	4.95752e+09	5.12979e+09
ERR614003	5.73974e+09	6.96066e+09	5.71237e+09	5.81045e+09	6.93977e+09	6.8045e+09	7.20414e+09	7.05956e+09	7.12241e+09	7.00047e+09	7.07641e+09	7.21485e+09	6.23158e+09	6.22435e+09	7.14515e+09	7.14603e+09	7.14893e+09	6.19245e+09	6.42191e+09	6.41455e+09	6.25723e+09	6.43895e+09	6.48156e+09	5.94089e+09	6.94406e+09	6.64429e+09	6.93682e+09	6.24616e+09	6.28287e+09	6.16923e+09	5.48929e+09	5.67118e+09	5.45257e+09	5.46273e+09	5.2712e+09	3.992e+09	4.62148e+09	5.81408e+09	5.00766e+09	6.14207e+09	4.93991e+09	5.07247e+09	5.66702e+09	4.72412e+09	5.69016e+09	5.92555e+09	6.10938e+09	5.88506e+09	4.51311e+09	4.33795e+09	4.53803e+09	5.22939e+09	5.22243e+09	4.19471e+09	6.80647e+09	6.78201e+09	6.81335e+09	6.56712e+09	4.98287e+09	6.8547e+09	4.71537e+09	4.97225e+09	4.41025e+09	4.98184e+09	4.33504e+09	5.08019e+09	6.25343e+09	6.28571e+09	6.74597e+09	6.23544e+09	6.21024e+09	6.80502e+09	6.03644e+09	6.01463e+09	5.38327e+09	5.3627e+09	6.01232e+09	5.48787e+09	6.19764e+09	6.19882e+09	6.2284e+09	6.62738e+09	6.16666e+09	6.57883e+09	4.28344e+09	4.75735e+09	4.75389e+09	4.79248e+09	4.26725e+09	4.36709e+09	5.10468e+09	4.97459e+09	4.33684e+09	5.10012e+09	4.56704e+09	4.73018e+09
ERR614005	5.88309e+09	7.16292e+09	5.8558e+09	5.95725e+09	7.14448e+09	7.00226e+09	7.42836e+09	7.27417e+09	7.33845e+09	7.21247e+09	7.2916e+09	7.43446e+09	6.40024e+09	6.39314e+09	7.36267e+09	7.36336e+09	7.36752e+09	6.3593e+09	6.41455e+09	6.78006e+09	6.42946e+09	6.62497e+09	6.66879e+09	6.09612e+09	7.14865e+09	6.83123e+09	7.13424e+09	6.40787e+09	6.44592e+09	6.33078e+09	5.63651e+09	5.82317e+09	5.59871e+09	5.60938e+09	5.41284e+09	4.09889e+09	4.74912e+09	5.97554e+09	5.13713e+09	6.31292e+09	5.06743e+09	5.20507e+09	5.81e+09	4.84212e+09	5.83507e+09	6.07484e+09	6.26626e+09	6.0332e+09	4.63159e+09	4.45229e+09	4.65497e+09	5.37194e+09	5.3644e+09	4.31365e+09	7.00253e+09	6.9775e+09	7.0103e+09	6.75495e+09	5.12108e+09	7.05048e+09	4.80564e+09	5.06781e+09	4.49239e+09	5.07729e+09	4.41541e+09	5.17864e+09	6.4305e+09	6.463e+09	6.93466e+09	6.40524e+09	6.38514e+09	6.99605e+09	6.20517e+09	6.18259e+09	5.52229e+09	5.50443e+09	6.18038e+09	5.63366e+09	6.3709e+09	6.37999e+09	6.40981e+09	6.81757e+09	6.3458e+09	6.76715e+09	4.39109e+09	4.87976e+09	4.87522e+09	4.9158e+09	4.37726e+09	4.47917e+09	5.23326e+09	5.10264e+09	4.44249e+09	5.22918e+09	4.67758e+09	4.84554e+09
ERR614004	5.74386e+09	6.96633e+09	5.71685e+09	5.8156e+09	6.94927e+09	6.81396e+09	7.21857e+09	7.07204e+09	7.13375e+09	7.01336e+09	7.08833e+09	7.22411e+09	6.23683e+09	6.23063e+09	7.15629e+09	7.15708e+09	7.16099e+09	6.19795e+09	6.25723e+09	6.42946e+09	6.44455e+09	6.45371e+09	6.49548e+09	5.95161e+09	6.95244e+09	6.65034e+09	6.93887e+09	6.24651e+09	6.28246e+09	6.17286e+09	5.49191e+09	5.6705e+09	5.4555e+09	5.46453e+09	5.27473e+09	4.00229e+09	4.63175e+09	5.81638e+09	5.00728e+09	6.14144e+09	4.93976e+09	5.07265e+09	5.66572e+09	4.72982e+09	5.68936e+09	5.92048e+09	6.10565e+09	5.87996e+09	4.50216e+09	4.33022e+09	4.52598e+09	5.2165e+09	5.20916e+09	4.19604e+09	6.81048e+09	6.78559e+09	6.81759e+09	6.57168e+09	4.9937e+09	6.85574e+09	4.69427e+09	4.94792e+09	4.39042e+09	4.95745e+09	4.31517e+09	5.05522e+09	6.26098e+09	6.29254e+09	6.74475e+09	6.23687e+09	6.21738e+09	6.80378e+09	6.052e+09	6.03028e+09	5.39696e+09	5.37934e+09	6.0282e+09	5.50405e+09	6.21292e+09	6.21992e+09	6.24868e+09	6.63819e+09	6.1876e+09	6.59055e+09	4.27742e+09	4.74929e+09	4.74539e+09	4.7846e+09	4.26367e+09	4.36249e+09	5.09418e+09	4.96734e+09	4.32926e+09	5.08927e+09	4.55654e+09	4.71883e+09
ERR614006	5.90372e+09	7.19325e+09	5.87654e+09	5.97917e+09	7.17489e+09	7.03098e+09	7.46186e+09	7.30633e+09	7.37119e+09	7.24448e+09	7.3234e+09	7.46772e+09	6.42477e+09	6.41781e+09	7.39459e+09	7.39581e+09	7.39922e+09	6.38386e+09	6.43895e+09	6.62497e+09	6.45371e+09	6.83377e+09	6.69504e+09	6.11818e+09	7.17964e+09	6.85911e+09	7.16435e+09	6.43228e+09	6.47074e+09	6.35487e+09	5.66008e+09	5.84799e+09	5.6222e+09	5.63328e+09	5.43547e+09	4.11451e+09	4.76794e+09	6.00056e+09	5.15788e+09	6.34016e+09	5.08661e+09	5.22549e+09	5.83202e+09	4.8589e+09	5.85708e+09	6.0988e+09	6.29067e+09	6.05619e+09	4.6518e+09	4.47216e+09	4.67521e+09	5.39734e+09	5.38909e+09	4.33249e+09	7.03157e+09	7.00634e+09	7.03958e+09	6.78274e+09	5.14056e+09	7.07987e+09	4.82191e+09	5.08506e+09	4.50689e+09	5.09518e+09	4.42943e+09	5.19681e+09	6.45554e+09	6.48808e+09	6.96267e+09	6.43013e+09	6.4099e+09	7.02467e+09	6.22715e+09	6.20491e+09	5.54019e+09	5.52231e+09	6.20235e+09	5.65168e+09	6.39493e+09	6.40464e+09	6.43446e+09	6.8457e+09	6.37034e+09	6.79479e+09	4.40898e+09	4.90022e+09	4.89588e+09	4.93676e+09	4.39495e+09	4.4975e+09	5.25425e+09	5.12303e+09	4.45957e+09	5.25007e+09	4.69597e+09	4.86493e+09
ERR614007	5.94211e+09	7.2469e+09	5.91493e+09	6.01796e+09	7.22843e+09	7.08244e+09	7.51832e+09	7.36073e+09	7.42688e+09	7.29763e+09	7.37834e+09	7.52511e+09	6.47097e+09	6.46358e+09	7.45176e+09	7.45189e+09	7.45616e+09	6.42935e+09	6.48156e+09	6.66879e+09	6.49548e+09	6.69504e+09	6.9247e+09	6.1564e+09	7.23319e+09	6.90856e+09	7.21852e+09	6.47823e+09	6.51675e+09	6.39888e+09	5.70145e+09	5.89167e+09	5.66301e+09	5.67413e+09	5.47425e+09	4.14034e+09	4.79897e+09	6.04557e+09	5.19469e+09	6.38887e+09	5.12346e+09	5.26361e+09	5.87429e+09	4.89051e+09	5.89999e+09	6.14467e+09	6.33822e+09	6.10195e+09	4.69475e+09	4.51253e+09	4.71897e+09	5.4479e+09	5.44024e+09	4.36979e+09	7.08779e+09	7.06275e+09	7.09573e+09	6.83559e+09	5.17686e+09	7.13759e+09	4.86249e+09	5.12856e+09	4.54458e+09	5.13828e+09	4.46601e+09	5.24083e+09	6.50598e+09	6.53831e+09	7.02007e+09	6.48119e+09	6.45929e+09	7.08285e+09	6.26934e+09	6.24625e+09	5.57489e+09	5.55624e+09	6.24415e+09	5.68695e+09	6.43635e+09	6.44514e+09	6.47598e+09	6.8944e+09	6.41067e+09	6.84264e+09	4.44583e+09	4.94225e+09	4.93841e+09	4.97934e+09	4.43145e+09	4.53538e+09	5.29941e+09	5.16561e+09	4.49605e+09	5.29505e+09	4.73517e+09	4.90593e+09
ERR614002	5.46764e+09	6.58665e+09	5.44205e+09	5.53329e+09	6.56948e+09	6.44697e+09	6.8131e+09	6.6798e+09	6.73644e+09	6.62698e+09	6.69488e+09	6.81961e+09	5.91692e+09	5.91076e+09	6.75749e+09	6.75772e+09	6.76091e+09	5.88126e+09	5.94089e+09	6.09612e+09	5.95161e+09	6.11818e+09	6.1564e+09	5.82142e+09	6.57364e+09	6.2999e+09	6.56324e+09	5.93133e+09	5.96423e+09	5.86187e+09	5.21281e+09	5.37932e+09	5.17829e+09	5.18815e+09	5.01134e+09	3.81747e+09	4.40879e+09	5.51331e+09	4.7603e+09	5.81674e+09	4.69799e+09	4.82175e+09	5.38502e+09	4.511e+09	5.40692e+09	5.62204e+09	5.79432e+09	5.58428e+09	4.262e+09	4.10053e+09	4.28387e+09	4.92777e+09	4.92115e+09	3.97292e+09	6.43912e+09	6.41629e+09	6.44592e+09	6.21897e+09	4.74809e+09	6.48208e+09	4.47297e+09	4.71125e+09	4.188e+09	4.71973e+09	4.11777e+09	4.81178e+09	5.93228e+09	5.96194e+09	6.37922e+09	5.91076e+09	5.89173e+09	6.43305e+09	5.74297e+09	5.72319e+09	5.1392e+09	5.122e+09	5.72146e+09	5.23777e+09	5.89489e+09	5.89911e+09	5.92469e+09	6.28431e+09	5.86916e+09	6.24032e+09	4.05979e+09	4.50288e+09	4.49906e+09	4.53535e+09	4.04629e+09	4.13907e+09	4.8321e+09	4.71402e+09	4.11606e+09	4.82773e+09	4.32928e+09	4.48197e+09
ERR608119	6.39513e+09	7.90815e+09	6.3638e+09	6.48012e+09	7.88156e+09	7.70331e+09	8.33961e+09	8.14436e+09	8.22822e+09	8.06276e+09	8.16588e+09	8.35092e+09	7.12228e+09	7.11128e+09	8.27653e+09	8.27697e+09	8.28102e+09	7.07305e+09	6.94406e+09	7.14865e+09	6.95244e+09	7.17964e+09	7.23319e+09	6.57364e+09	8.35486e+09	7.71643e+09	8.11259e+09	7.21167e+09	7.25904e+09	7.11232e+09	6.26599e+09	6.48925e+09	6.22273e+09	6.23505e+09	6.00241e+09	4.49046e+09	5.20514e+09	6.63225e+09	5.6714e+09	7.03083e+09	5.58937e+09	5.74732e+09	6.46e+09	5.32937e+09	6.49029e+09	6.78195e+09	6.99605e+09	6.73144e+09	5.4205e+09	5.19875e+09	5.45019e+09	6.30822e+09	6.30063e+09	5.0217e+09	8.00459e+09	7.97546e+09	8.01455e+09	7.70764e+09	5.78834e+09	8.06698e+09	5.55441e+09	5.87028e+09	5.18233e+09	5.88297e+09	5.09245e+09	6.0028e+09	7.29532e+09	7.33422e+09	7.91405e+09	7.28107e+09	7.24074e+09	7.99006e+09	6.90057e+09	6.87277e+09	6.10284e+09	6.07641e+09	6.86973e+09	6.22311e+09	7.00744e+09	7.01099e+09	7.04891e+09	7.56343e+09	6.97028e+09	7.49969e+09	5.07597e+09	5.64977e+09	5.64497e+09	5.69221e+09	5.05588e+09	5.1751e+09	6.0721e+09	5.90457e+09	5.13377e+09	6.06849e+09	5.41635e+09	5.61357e+09
ERR608117	6.13015e+09	7.52265e+09	6.10024e+09	6.20932e+09	7.49702e+09	7.33657e+09	7.90274e+09	7.72826e+09	7.80437e+09	7.65556e+09	7.74813e+09	7.91546e+09	6.79112e+09	6.78133e+09	7.84683e+09	7.84753e+09	7.85074e+09	6.74577e+09	6.64429e+09	6.83123e+09	6.65034e+09	6.85911e+09	6.90856e+09	6.2999e+09	7.71643e+09	7.55963e+09	7.71117e+09	6.88892e+09	6.93219e+09	6.79548e+09	5.96963e+09	6.17805e+09	5.92813e+09	5.94105e+09	5.72297e+09	4.29645e+09	4.9712e+09	6.30874e+09	5.40973e+09	6.68056e+09	5.33337e+09	5.48145e+09	6.16802e+09	5.10427e+09	6.1953e+09	6.46761e+09	6.66832e+09	6.41963e+09	5.11995e+09	4.91306e+09	5.14778e+09	5.94282e+09	5.9366e+09	4.74499e+09	7.58118e+09	7.55311e+09	7.58994e+09	7.30632e+09	5.51237e+09	7.63896e+09	5.29398e+09	5.59088e+09	4.94511e+09	5.60192e+09	4.86054e+09	5.71522e+09	6.92721e+09	6.96323e+09	7.49974e+09	6.91401e+09	6.87684e+09	7.56879e+09	6.58913e+09	6.56399e+09	5.84786e+09	5.82273e+09	6.56133e+09	5.96084e+09	6.69636e+09	6.69636e+09	6.73151e+09	7.20485e+09	6.65864e+09	7.14627e+09	4.81314e+09	5.35047e+09	5.34587e+09	5.39017e+09	4.79374e+09	4.90544e+09	5.75613e+09	5.5995e+09	4.87792e+09	5.75272e+09	5.1431e+09	5.32862e+09
ERR608118	6.39408e+09	7.90412e+09	6.36175e+09	6.47785e+09	7.87212e+09	7.69516e+09	8.31633e+09	8.12494e+09	8.20965e+09	8.04289e+09	8.14723e+09	8.33487e+09	7.11362e+09	7.10148e+09	8.25877e+09	8.25948e+09	8.26236e+09	7.06413e+09	6.93682e+09	7.13424e+09	6.93887e+09	7.16435e+09	7.21852e+09	6.56324e+09	8.11259e+09	7.71117e+09	8.34191e+09	7.2139e+09	7.26289e+09	7.1103e+09	6.25788e+09	6.48468e+09	6.21409e+09	6.22794e+09	5.99238e+09	4.47496e+09	5.18893e+09	6.62264e+09	5.66631e+09	7.02616e+09	5.58421e+09	5.74175e+09	6.46049e+09	5.3217e+09	6.48946e+09	6.78617e+09	6.99871e+09	6.73478e+09	5.42364e+09	5.19788e+09	5.45477e+09	6.31309e+09	6.30638e+09	5.01048e+09	7.99543e+09	7.96528e+09	8.00435e+09	7.6967e+09	5.76959e+09	8.06035e+09	5.58213e+09	5.90385e+09	5.20811e+09	5.9158e+09	5.11804e+09	6.03762e+09	7.27978e+09	7.31943e+09	7.9102e+09	7.27303e+09	7.22547e+09	7.98571e+09	6.88321e+09	6.85547e+09	6.08881e+09	6.05875e+09	6.85264e+09	6.20593e+09	6.98919e+09	6.98611e+09	7.0247e+09	7.5484e+09	6.94462e+09	7.48375e+09	5.0751e+09	5.64946e+09	5.64564e+09	5.69284e+09	5.05201e+09	5.17251e+09	6.08028e+09	5.90667e+09	5.13751e+09	6.07674e+09	5.42343e+09	5.62167e+09
ERR608121	5.78394e+09	7.03862e+09	5.75566e+09	5.8563e+09	7.01163e+09	6.8686e+09	7.36546e+09	7.21212e+09	7.28106e+09	7.14623e+09	7.23038e+09	7.38241e+09	6.38049e+09	6.37053e+09	7.3223e+09	7.32327e+09	7.32479e+09	6.33944e+09	6.24616e+09	6.40787e+09	6.24651e+09	6.43228e+09	6.47823e+09	5.93133e+09	7.21167e+09	6.88892e+09	7.2139e+09	6.67203e+09	6.52309e+09	6.39413e+09	5.61522e+09	5.80918e+09	5.57666e+09	5.59032e+09	5.38599e+09	4.05363e+09	4.68089e+09	5.92268e+09	5.09993e+09	6.26666e+09	5.0304e+09	5.16538e+09	5.81349e+09	4.8228e+09	5.83847e+09	6.09254e+09	6.2745e+09	6.04837e+09	4.81018e+09	4.61514e+09	4.8375e+09	5.568e+09	5.56251e+09	4.44912e+09	7.0877e+09	7.06224e+09	7.09543e+09	6.83648e+09	5.17982e+09	7.14329e+09	5.02559e+09	5.3038e+09	4.70047e+09	5.31338e+09	4.62167e+09	5.41919e+09	6.4909e+09	6.52555e+09	7.02019e+09	6.48514e+09	6.44529e+09	7.08264e+09	6.18133e+09	6.15814e+09	5.5083e+09	5.48036e+09	6.15521e+09	5.60878e+09	6.28289e+09	6.27505e+09	6.30673e+09	6.74516e+09	6.24074e+09	6.69158e+09	4.53266e+09	5.03121e+09	5.02783e+09	5.06902e+09	4.51186e+09	4.61688e+09	5.41918e+09	5.27012e+09	4.60443e+09	5.41553e+09	4.85302e+09	5.02544e+09
ERR608122	5.81654e+09	7.08494e+09	5.78715e+09	5.88887e+09	7.05736e+09	6.91257e+09	7.41578e+09	7.26093e+09	7.3308e+09	7.19387e+09	7.27904e+09	7.43307e+09	6.41968e+09	6.40991e+09	7.37184e+09	7.37273e+09	7.37458e+09	6.37806e+09	6.28287e+09	6.44592e+09	6.28246e+09	6.47074e+09	6.51675e+09	5.96423e+09	7.25904e+09	6.93219e+09	7.26289e+09	6.52309e+09	6.75309e+09	6.43242e+09	5.64997e+09	5.846e+09	5.61155e+09	5.62476e+09	5.41858e+09	4.07542e+09	4.70826e+09	5.96175e+09	5.13176e+09	6.30939e+09	5.06091e+09	5.19779e+09	5.848e+09	4.84881e+09	5.87351e+09	6.12992e+09	6.31361e+09	6.08554e+09	4.84531e+09	4.6489e+09	4.87345e+09	5.60996e+09	5.60483e+09	4.48094e+09	7.13693e+09	7.11068e+09	7.14402e+09	6.88259e+09	5.21119e+09	7.19218e+09	5.05678e+09	5.33785e+09	4.72942e+09	5.34821e+09	4.64982e+09	5.45447e+09	6.53326e+09	6.56815e+09	7.06845e+09	6.52881e+09	6.48735e+09	7.13173e+09	6.21723e+09	6.19447e+09	5.53809e+09	5.51022e+09	6.19131e+09	5.63901e+09	6.31903e+09	6.31175e+09	6.34358e+09	6.78716e+09	6.27657e+09	6.73333e+09	4.56411e+09	5.06672e+09	5.06336e+09	5.10465e+09	4.5426e+09	4.64843e+09	5.4562e+09	5.30527e+09	4.63467e+09	5.45266e+09	4.88525e+09	5.0592e+09
ERR608120	5.71256e+09	6.94061e+09	5.68483e+09	5.78332e+09	6.91629e+09	6.77661e+09	7.2677e+09	7.11739e+09	7.18389e+09	7.05287e+09	7.13464e+09	7.28104e+09	6.29602e+09	6.28716e+09	7.22315e+09	7.22355e+09	7.22572e+09	6.25574e+09	6.16923e+09	6.33078e+09	6.17286e+09	6.35487e+09	6.39888e+09	5.86187e+09	7.11232e+09	6.79548e+09	7.1103e+09	6.39413e+09	6.43242e+09	6.49694e+09	5.54273e+09	5.72916e+09	5.50483e+09	5.51614e+09	5.31788e+09	4.01215e+09	4.63068e+09	5.84486e+09	5.03538e+09	6.17918e+09	4.9665e+09	5.10008e+09	5.73518e+09	4.76804e+09	5.76111e+09	6.00561e+09	6.18637e+09	5.96236e+09	4.73338e+09	4.54578e+09	4.76022e+09	5.4758e+09	5.47032e+09	4.39098e+09	6.98697e+09	6.96145e+09	6.99463e+09	6.7408e+09	5.12116e+09	7.03799e+09	4.94121e+09	5.21105e+09	4.62311e+09	5.22124e+09	4.54592e+09	5.32367e+09	6.40437e+09	6.43741e+09	6.91458e+09	6.39453e+09	6.35935e+09	6.97544e+09	6.10797e+09	6.0853e+09	5.44781e+09	5.42218e+09	6.08276e+09	5.54758e+09	6.20912e+09	6.20516e+09	6.23589e+09	6.65822e+09	6.17161e+09	6.60585e+09	4.46768e+09	4.95623e+09	4.95256e+09	4.99249e+09	4.44844e+09	4.55102e+09	5.33407e+09	5.19135e+09	4.53696e+09	5.3295e+09	4.77759e+09	4.94696e+09
ERR608590	5.109e+09	6.22706e+09	5.08537e+09	5.17059e+09	6.20879e+09	6.07169e+09	6.56695e+09	6.41423e+09	6.4799e+09	6.35039e+09	6.43143e+09	6.57248e+09	5.68246e+09	5.67278e+09	6.5248e+09	6.52392e+09	6.52692e+09	5.64751e+09	5.48929e+09	5.63651e+09	5.49191e+09	5.66008e+09	5.70145e+09	5.21281e+09	6.26599e+09	5.96963e+09	6.25788e+09	5.61522e+09	5.64997e+09	5.54273e+09	5.38256e+09	5.35418e+09	5.15645e+09	5.16201e+09	4.98348e+09	3.77892e+09	4.31026e+09	5.39689e+09	4.68518e+09	5.69033e+09	4.62355e+09	4.74136e+09	5.214e+09	4.361e+09	5.23831e+09	5.45174e+09	5.60515e+09	5.41449e+09	4.55962e+09	4.38527e+09	4.58238e+09	5.24832e+09	5.24157e+09	4.24208e+09	6.37488e+09	6.35558e+09	6.38246e+09	6.16034e+09	4.74434e+09	6.41749e+09	4.5608e+09	4.79769e+09	4.2799e+09	4.80787e+09	4.21207e+09	4.89706e+09	5.84426e+09	5.87507e+09	6.30018e+09	5.84002e+09	5.80284e+09	6.3573e+09	5.42941e+09	5.40645e+09	4.83722e+09	4.81034e+09	5.4059e+09	4.91911e+09	5.54073e+09	5.53812e+09	5.56808e+09	5.96696e+09	5.5067e+09	5.91775e+09	4.26426e+09	4.71574e+09	4.71079e+09	4.75008e+09	4.24794e+09	4.34185e+09	5.00908e+09	4.88118e+09	4.28837e+09	5.00521e+09	4.50382e+09	4.65767e+09
ERR608587	5.27389e+09	6.45102e+09	5.24919e+09	5.33805e+09	6.42905e+09	6.28489e+09	6.79981e+09	6.63893e+09	6.70875e+09	6.57351e+09	6.65753e+09	6.80947e+09	5.87322e+09	5.86307e+09	6.75785e+09	6.75762e+09	6.75941e+09	5.83529e+09	5.67118e+09	5.82317e+09	5.6705e+09	5.84799e+09	5.89167e+09	5.37932e+09	6.48925e+09	6.17805e+09	6.48468e+09	5.80918e+09	5.846e+09	5.72916e+09	5.35418e+09	5.7357e+09	5.31752e+09	5.32744e+09	5.14097e+09	3.88273e+09	4.43498e+09	5.57606e+09	4.83067e+09	5.88653e+09	4.76616e+09	4.88988e+09	5.38474e+09	4.48749e+09	5.40833e+09	5.63648e+09	5.79596e+09	5.59709e+09	4.71351e+09	4.52703e+09	4.73708e+09	5.43272e+09	5.42615e+09	4.37069e+09	6.60213e+09	6.58096e+09	6.60942e+09	6.37703e+09	4.88676e+09	6.65057e+09	4.71299e+09	4.96269e+09	4.41987e+09	4.97402e+09	4.34799e+09	5.06732e+09	6.04109e+09	6.07286e+09	6.52641e+09	6.04017e+09	5.99803e+09	6.58657e+09	5.60614e+09	5.58243e+09	4.98555e+09	4.95628e+09	5.58105e+09	5.07032e+09	5.71966e+09	5.71468e+09	5.74547e+09	6.1717e+09	5.68103e+09	6.11937e+09	4.39976e+09	4.87144e+09	4.86684e+09	4.9079e+09	4.38079e+09	4.48001e+09	5.18034e+09	5.04313e+09	4.42547e+09	5.17694e+09	4.65283e+09	4.81435e+09
ERR608589	5.07366e+09	6.18208e+09	5.05081e+09	5.13516e+09	6.16447e+09	6.02841e+09	6.52104e+09	6.36928e+09	6.43457e+09	6.30652e+09	6.38645e+09	6.52621e+09	5.64258e+09	5.63337e+09	6.47765e+09	6.47728e+09	6.47995e+09	5.60752e+09	5.45257e+09	5.59871e+09	5.4555e+09	5.6222e+09	5.66301e+09	5.17829e+09	6.22273e+09	5.92813e+09	6.21409e+09	5.57666e+09	5.61155e+09	5.50483e+09	5.15645e+09	5.31752e+09	5.31197e+09	5.12763e+09	4.95088e+09	3.75622e+09	4.28487e+09	5.36032e+09	4.65558e+09	5.65092e+09	4.59411e+09	4.71157e+09	5.17881e+09	4.33415e+09	5.20305e+09	5.41463e+09	5.56621e+09	5.37749e+09	4.52986e+09	4.35731e+09	4.55295e+09	5.21221e+09	5.20565e+09	4.21554e+09	6.3288e+09	6.30971e+09	6.33689e+09	6.11665e+09	4.7139e+09	6.37127e+09	4.52926e+09	4.7628e+09	4.25133e+09	4.77355e+09	4.18302e+09	4.86116e+09	5.80366e+09	5.83377e+09	6.25461e+09	5.79885e+09	5.76307e+09	6.31073e+09	5.39197e+09	5.36956e+09	4.80482e+09	4.77879e+09	5.36892e+09	4.88633e+09	5.50288e+09	5.50117e+09	5.53089e+09	5.92585e+09	5.46953e+09	5.87681e+09	4.23809e+09	4.68517e+09	4.6805e+09	4.71978e+09	4.22152e+09	4.31509e+09	4.97533e+09	4.84901e+09	4.26111e+09	4.97168e+09	4.47477e+09	4.62717e+09
