	ERR637000	ERR636999	ERR636997	ERR636998	ERR637001	ERR637002	ERR613997	ERR613999	ERR613998	ERR613996	ERR614001	ERR614000	ERR613666	ERR613669	ERR613667	ERR613668	ERR613670	ERR613665	ERR618718	ERR618722	ERR618721	ERR618720	ERR618719	ERR618717	ERR612205	ERR612203	ERR612206	ERR612204	ERR612208	ERR612207	ERR613329	ERR613332	ERR613333	ERR613330	ERR613334	ERR613331	ERR607785	ERR607781	ERR607783	ERR607784	ERR607786	ERR607782	ERR608153	ERR608149	ERR608151	ERR608154	ERR608152	ERR608150	ERR617330	ERR617329	ERR617326	ERR617327	ERR617325	ERR617328	ERR622132	ERR622133	ERR622135	ERR622131	ERR622136	ERR622134	ERR629611	ERR629607	ERR629610	ERR629609	ERR629608	ERR629606	ERR608241	ERR608242	ERR608240	ERR608239	ERR608244	ERR608243	ERR607591	ERR607593	ERR607596	ERR607594	ERR607592	ERR607595	ERR617066	ERR617064	ERR617067	ERR617068	ERR617065	ERR617063	ERR616444	ERR616447	ERR616449	ERR616445	ERR616448	ERR616446	ERR609168	ERR609166	ERR609165	ERR609164	ERR609163	ERR609167
ERR637000	6.34729e+09	6.11427e+09	5.90267e+09	6.38851e+09	6.16091e+09	6.09807e+09	6.64565e+09	6.59325e+09	5.95067e+09	6.91679e+09	6.61604e+09	6.60913e+09	6.06563e+09	5.66693e+09	5.86306e+09	5.69307e+09	4.7673e+09	6.18045e+09	6.65709e+09	6.9102e+09	6.83519e+09	6.79827e+09	6.67303e+09	6.94081e+09	5.57355e+09	5.77912e+09	5.62671e+09	5.59143e+09	5.46178e+09	4.85838e+09	6.0911e+09	5.38738e+09	5.41372e+09	5.53548e+09	4.60571e+09	5.91688e+09	6.81439e+09	6.87815e+09	6.87976e+09	6.20314e+09	6.84545e+09	6.32239e+09	6.58947e+09	5.06291e+09	6.48929e+09	6.06784e+09	6.50618e+09	6.0583e+09	5.69948e+09	5.67803e+09	5.1479e+09	5.16992e+09	5.11143e+09	5.70212e+09	6.39638e+09	6.37952e+09	6.52061e+09	6.65969e+09	5.36092e+09	5.87927e+09	6.41581e+09	6.67381e+09	6.44983e+09	6.64559e+09	6.68749e+09	7.16742e+09	6.3317e+09	5.84567e+09	5.94465e+09	5.10011e+09	5.59174e+09	5.74629e+09	7.18136e+09	6.647e+09	7.17848e+09	7.16125e+09	6.62008e+09	7.16043e+09	5.07687e+09	5.53759e+09	5.01724e+09	5.07524e+09	5.60966e+09	5.40226e+09	5.35637e+09	6.23703e+09	6.26506e+09	3.74059e+09	6.28155e+09	5.43589e+09	6.12451e+09	5.22413e+09	5.80406e+09	6.01236e+09	6.01813e+09	6.14588e+09
ERR636999	6.11427e+09	6.28231e+09	5.87456e+09	6.35339e+09	6.12529e+09	6.06239e+09	6.60798e+09	6.55388e+09	5.92505e+09	6.87443e+09	6.57645e+09	6.56979e+09	6.03835e+09	5.63745e+09	5.83713e+09	5.66398e+09	4.74672e+09	6.15018e+09	6.61576e+09	6.86329e+09	6.7904e+09	6.75304e+09	6.63049e+09	6.89475e+09	5.54446e+09	5.7457e+09	5.59595e+09	5.5632e+09	5.432e+09	4.83322e+09	6.05668e+09	5.3552e+09	5.38163e+09	5.50736e+09	4.58511e+09	5.88652e+09	6.78051e+09	6.84067e+09	6.84235e+09	6.17723e+09	6.81087e+09	6.29693e+09	6.54808e+09	5.04352e+09	6.44956e+09	6.03517e+09	6.46553e+09	6.02447e+09	5.65238e+09	5.63153e+09	5.10718e+09	5.12954e+09	5.0754e+09	5.65538e+09	6.35639e+09	6.3395e+09	6.4796e+09	6.61602e+09	5.32913e+09	5.8435e+09	6.38201e+09	6.6418e+09	6.41659e+09	6.61027e+09	6.65296e+09	7.12697e+09	6.28442e+09	5.80883e+09	5.90349e+09	5.07221e+09	5.55657e+09	5.71093e+09	7.13865e+09	6.60968e+09	7.13536e+09	7.11836e+09	6.58553e+09	7.11719e+09	5.05775e+09	5.5072e+09	4.99801e+09	5.0564e+09	5.57807e+09	5.37616e+09	5.32513e+09	6.20312e+09	6.2313e+09	3.71897e+09	6.24709e+09	5.40336e+09	6.0976e+09	5.19902e+09	5.7809e+09	5.98525e+09	5.98964e+09	6.11803e+09
ERR636997	5.90267e+09	5.87456e+09	5.86116e+09	6.12984e+09	5.9126e+09	5.85426e+09	6.36622e+09	6.31564e+09	5.71586e+09	6.61947e+09	6.33722e+09	6.3305e+09	5.82692e+09	5.44752e+09	5.63572e+09	5.47293e+09	4.59612e+09	5.93394e+09	6.38165e+09	6.61738e+09	6.54808e+09	6.51309e+09	6.39585e+09	6.64728e+09	5.35663e+09	5.54932e+09	5.40625e+09	5.37456e+09	5.24985e+09	4.67758e+09	5.85044e+09	5.18492e+09	5.20998e+09	5.32669e+09	4.44648e+09	5.68842e+09	6.53028e+09	6.58858e+09	6.58922e+09	5.95511e+09	6.55875e+09	6.07008e+09	6.31484e+09	4.88272e+09	6.22192e+09	5.82679e+09	6.23626e+09	5.81777e+09	5.4657e+09	5.44591e+09	4.94508e+09	4.96585e+09	4.91337e+09	5.46842e+09	6.13256e+09	6.11625e+09	6.24877e+09	6.37972e+09	5.15526e+09	5.64489e+09	6.1522e+09	6.3975e+09	6.18472e+09	6.36845e+09	6.40852e+09	6.85912e+09	6.06539e+09	5.61212e+09	5.7035e+09	4.91086e+09	5.37247e+09	5.51908e+09	6.87165e+09	6.37001e+09	6.86807e+09	6.85208e+09	6.34661e+09	6.8513e+09	4.8938e+09	5.32615e+09	4.83659e+09	4.89269e+09	5.39304e+09	5.19954e+09	5.1517e+09	5.98599e+09	6.01175e+09	3.60981e+09	6.02647e+09	5.22653e+09	5.8799e+09	5.02679e+09	5.58002e+09	5.77392e+09	5.77878e+09	5.90004e+09
ERR636998	6.38851e+09	6.35339e+09	6.12984e+09	6.85582e+09	6.39905e+09	6.33367e+09	6.91542e+09	6.85973e+09	6.17864e+09	7.20423e+09	6.88421e+09	6.87681e+09	6.30108e+09	5.88091e+09	6.08782e+09	5.909e+09	4.93455e+09	6.42334e+09	6.93581e+09	7.20535e+09	7.1255e+09	7.08618e+09	6.95317e+09	7.23743e+09	5.78396e+09	6.00036e+09	5.83984e+09	5.80314e+09	5.66576e+09	5.03235e+09	6.32939e+09	5.58556e+09	5.61345e+09	5.74137e+09	4.76366e+09	6.1439e+09	7.09323e+09	7.16229e+09	7.16387e+09	6.44338e+09	7.12637e+09	6.57018e+09	6.85957e+09	5.24381e+09	6.75256e+09	6.30481e+09	6.77059e+09	6.29455e+09	5.9344e+09	5.91196e+09	5.35246e+09	5.37524e+09	5.31294e+09	5.93717e+09	6.66207e+09	6.64421e+09	6.79293e+09	6.94208e+09	5.5665e+09	6.11391e+09	6.67833e+09	6.95205e+09	6.71429e+09	6.92165e+09	6.96703e+09	7.47616e+09	6.59579e+09	6.0793e+09	6.18489e+09	5.29163e+09	5.81064e+09	5.97429e+09	7.49105e+09	6.92353e+09	7.48847e+09	7.46998e+09	6.895e+09	7.4687e+09	5.26947e+09	5.75449e+09	5.20614e+09	5.26733e+09	5.83061e+09	5.61142e+09	5.56433e+09	6.49348e+09	6.52371e+09	3.87221e+09	6.54077e+09	5.6486e+09	6.36863e+09	5.42013e+09	6.03038e+09	6.25118e+09	6.25708e+09	6.39145e+09
ERR637001	6.16091e+09	6.12529e+09	5.9126e+09	6.39905e+09	6.36853e+09	6.10808e+09	6.65527e+09	6.60287e+09	5.96075e+09	6.92718e+09	6.62554e+09	6.61896e+09	6.07437e+09	5.67331e+09	5.87195e+09	5.7002e+09	4.77334e+09	6.18952e+09	6.66885e+09	6.92153e+09	6.84701e+09	6.8098e+09	6.68449e+09	6.95261e+09	5.57954e+09	5.78551e+09	5.63356e+09	5.59788e+09	5.46795e+09	4.8632e+09	6.0994e+09	5.39326e+09	5.41973e+09	5.54292e+09	4.61148e+09	5.92505e+09	6.82613e+09	6.88952e+09	6.89092e+09	6.21305e+09	6.85662e+09	6.33325e+09	6.60008e+09	5.07153e+09	6.49959e+09	6.07788e+09	6.51675e+09	6.06743e+09	5.7073e+09	5.68629e+09	5.15508e+09	5.17695e+09	5.11888e+09	5.70986e+09	6.40616e+09	6.38848e+09	6.53024e+09	6.66972e+09	5.36827e+09	5.88757e+09	6.42709e+09	6.68628e+09	6.46125e+09	6.65727e+09	6.69915e+09	7.17974e+09	6.34069e+09	5.85499e+09	5.95342e+09	5.1083e+09	5.60057e+09	5.75564e+09	7.19323e+09	6.65821e+09	7.19044e+09	7.17304e+09	6.6316e+09	7.1725e+09	5.08778e+09	5.54732e+09	5.0277e+09	5.08568e+09	5.61935e+09	5.41241e+09	5.36577e+09	6.24808e+09	6.27646e+09	3.7464e+09	6.29272e+09	5.44472e+09	6.13534e+09	5.23229e+09	5.81448e+09	6.02292e+09	6.02839e+09	6.15671e+09
ERR637002	6.09807e+09	6.06239e+09	5.85426e+09	6.33367e+09	6.10808e+09	6.24174e+09	6.58328e+09	6.53208e+09	5.89775e+09	6.85106e+09	6.55429e+09	6.54758e+09	6.01092e+09	5.61757e+09	5.81178e+09	5.64385e+09	4.72873e+09	6.12465e+09	6.59859e+09	6.84802e+09	6.77449e+09	6.73748e+09	6.6138e+09	6.87804e+09	5.52439e+09	5.72706e+09	5.5769e+09	5.54165e+09	5.41381e+09	4.81772e+09	6.03874e+09	5.34416e+09	5.37002e+09	5.48992e+09	4.57068e+09	5.86675e+09	6.7503e+09	6.81345e+09	6.81513e+09	6.14609e+09	6.78132e+09	6.26456e+09	6.53087e+09	5.02307e+09	6.43162e+09	6.01621e+09	6.44881e+09	6.00606e+09	5.65501e+09	5.63336e+09	5.10965e+09	5.13084e+09	5.07311e+09	5.65697e+09	6.34276e+09	6.32556e+09	6.46445e+09	6.60216e+09	5.31977e+09	5.83184e+09	6.36034e+09	6.61471e+09	6.39362e+09	6.58683e+09	6.62769e+09	7.10059e+09	6.28029e+09	5.80101e+09	5.89861e+09	5.0636e+09	5.54987e+09	5.70233e+09	7.11453e+09	6.58858e+09	7.11209e+09	7.09516e+09	6.56177e+09	7.09416e+09	5.03898e+09	5.49482e+09	4.97959e+09	5.03673e+09	5.56546e+09	5.36026e+09	5.31572e+09	6.18487e+09	6.21319e+09	3.71515e+09	6.22966e+09	5.3942e+09	6.07128e+09	5.18277e+09	5.7549e+09	5.96143e+09	5.96691e+09	6.09264e+09
ERR613997	6.64565e+09	6.60798e+09	6.36622e+09	6.91542e+09	6.65527e+09	6.58328e+09	7.78171e+09	7.50956e+09	6.75757e+09	7.88764e+09	7.537e+09	7.52893e+09	6.76921e+09	6.29734e+09	6.53554e+09	6.32846e+09	5.26673e+09	6.89869e+09	7.33818e+09	7.62903e+09	7.5424e+09	7.49915e+09	7.35435e+09	7.66679e+09	6.1925e+09	6.42777e+09	6.2533e+09	6.21637e+09	6.06339e+09	5.37105e+09	6.68845e+09	5.87404e+09	5.90334e+09	6.05322e+09	4.99789e+09	6.48863e+09	7.60959e+09	7.68271e+09	7.68568e+09	6.9426e+09	7.64406e+09	7.07295e+09	7.28801e+09	5.53792e+09	7.17185e+09	6.68029e+09	7.19029e+09	6.67126e+09	6.08033e+09	6.05582e+09	5.46831e+09	5.49139e+09	5.42765e+09	6.08265e+09	7.03265e+09	7.00951e+09	7.176e+09	7.33726e+09	5.8314e+09	6.42774e+09	7.07353e+09	7.3797e+09	7.11396e+09	7.34215e+09	7.39597e+09	7.94831e+09	6.87353e+09	6.32169e+09	6.42974e+09	5.47529e+09	6.03244e+09	6.20893e+09	7.88217e+09	7.26294e+09	7.87738e+09	7.85641e+09	7.23205e+09	7.85722e+09	5.42236e+09	5.93137e+09	5.35671e+09	5.42227e+09	6.01153e+09	5.7823e+09	5.73899e+09	6.7368e+09	6.76744e+09	3.96133e+09	6.7878e+09	5.82885e+09	6.70279e+09	5.6674e+09	6.33872e+09	6.57365e+09	6.57939e+09	6.72751e+09
ERR613999	6.59325e+09	6.55388e+09	6.31564e+09	6.85973e+09	6.60287e+09	6.53208e+09	7.50956e+09	7.65471e+09	6.70312e+09	7.819e+09	7.47822e+09	7.46996e+09	6.71067e+09	6.24807e+09	6.48018e+09	6.27854e+09	5.22649e+09	6.84064e+09	7.27028e+09	7.56066e+09	7.47406e+09	7.43253e+09	7.28813e+09	7.59615e+09	6.14355e+09	6.37723e+09	6.20465e+09	6.16613e+09	6.01688e+09	5.33132e+09	6.63525e+09	5.83183e+09	5.86099e+09	6.00592e+09	4.96135e+09	6.43655e+09	7.53998e+09	7.61353e+09	7.61646e+09	6.88342e+09	7.5745e+09	7.00969e+09	7.23123e+09	5.49465e+09	7.11515e+09	6.62897e+09	7.13524e+09	6.61992e+09	6.03506e+09	6.01107e+09	5.4288e+09	5.45141e+09	5.38607e+09	6.03693e+09	6.97673e+09	6.95408e+09	7.11864e+09	7.27765e+09	5.7895e+09	6.37996e+09	7.01542e+09	7.31459e+09	7.05433e+09	7.27943e+09	7.33155e+09	7.87509e+09	6.82834e+09	6.27848e+09	6.38757e+09	5.43978e+09	5.99198e+09	6.16674e+09	7.81275e+09	7.20274e+09	7.80902e+09	7.78826e+09	7.17069e+09	7.78841e+09	5.37489e+09	5.8823e+09	5.30989e+09	5.37388e+09	5.96196e+09	5.73236e+09	5.69428e+09	6.67787e+09	6.70837e+09	3.93416e+09	6.72858e+09	5.78324e+09	6.64495e+09	5.62426e+09	6.28445e+09	6.51779e+09	6.52425e+09	6.6693e+09
ERR613998	5.95067e+09	5.92505e+09	5.71586e+09	6.17864e+09	5.96075e+09	5.89775e+09	6.75757e+09	6.70312e+09	6.27421e+09	7.00478e+09	6.7254e+09	6.71802e+09	6.09142e+09	5.67506e+09	5.89319e+09	5.70227e+09	4.78795e+09	6.19404e+09	6.48429e+09	6.7171e+09	6.64768e+09	6.61087e+09	6.49246e+09	6.75675e+09	5.57983e+09	5.7772e+09	5.63072e+09	5.60568e+09	5.46729e+09	4.86524e+09	5.99332e+09	5.28579e+09	5.31243e+09	5.45589e+09	4.53834e+09	5.82956e+09	6.78962e+09	6.84238e+09	6.84422e+09	6.25555e+09	6.8165e+09	6.3625e+09	6.49131e+09	5.01483e+09	6.39595e+09	5.98372e+09	6.40811e+09	5.97644e+09	5.33429e+09	5.31338e+09	4.81605e+09	4.83654e+09	4.79143e+09	5.3368e+09	6.26385e+09	6.23998e+09	6.38399e+09	6.51504e+09	5.23413e+09	5.74569e+09	6.32458e+09	6.58672e+09	6.35914e+09	6.54932e+09	6.59598e+09	7.04655e+09	6.1104e+09	5.65605e+09	5.73818e+09	4.93209e+09	5.40872e+09	5.56003e+09	6.98381e+09	6.46851e+09	6.97784e+09	6.96091e+09	6.44836e+09	6.96228e+09	4.86021e+09	5.2826e+09	4.80373e+09	4.86427e+09	5.34945e+09	5.16275e+09	5.11227e+09	5.97839e+09	6.00399e+09	3.55683e+09	6.01935e+09	5.18822e+09	6.02596e+09	5.12429e+09	5.71936e+09	5.91493e+09	5.91532e+09	6.04636e+09
ERR613996	6.91679e+09	6.87443e+09	6.61947e+09	7.20423e+09	6.92718e+09	6.85106e+09	7.88764e+09	7.819e+09	7.00478e+09	8.46083e+09	7.8487e+09	7.83985e+09	7.03041e+09	6.53574e+09	6.78251e+09	6.56852e+09	5.45015e+09	7.17059e+09	7.69037e+09	8.00697e+09	7.91317e+09	7.86725e+09	7.71012e+09	8.04435e+09	6.4284e+09	6.67835e+09	6.49298e+09	6.45189e+09	6.29298e+09	5.56473e+09	6.96329e+09	6.10478e+09	6.13585e+09	6.28843e+09	5.17839e+09	6.74864e+09	7.92793e+09	8.00861e+09	8.0122e+09	7.20012e+09	7.96631e+09	7.34069e+09	7.60259e+09	5.74097e+09	7.47666e+09	6.95303e+09	7.49882e+09	6.94241e+09	6.39728e+09	6.37136e+09	5.74301e+09	5.76715e+09	5.69602e+09	6.3993e+09	7.34595e+09	7.32266e+09	7.49938e+09	7.67249e+09	6.07278e+09	6.70445e+09	7.36904e+09	7.69336e+09	7.41161e+09	7.65544e+09	7.71268e+09	8.31075e+09	7.1849e+09	6.59079e+09	6.70964e+09	5.69466e+09	6.28379e+09	6.47032e+09	8.24624e+09	7.58135e+09	8.2428e+09	8.22059e+09	7.54682e+09	8.22035e+09	5.657e+09	6.20016e+09	5.58689e+09	5.65496e+09	6.28591e+09	6.03943e+09	5.99672e+09	7.05143e+09	7.08467e+09	4.12547e+09	7.10673e+09	6.09227e+09	6.97e+09	5.88119e+09	6.58244e+09	6.83356e+09	6.84084e+09	6.99613e+09
ERR614001	6.61604e+09	6.57645e+09	6.33722e+09	6.88421e+09	6.62554e+09	6.55429e+09	7.537e+09	7.47822e+09	6.7254e+09	7.8487e+09	7.70994e+09	7.49729e+09	6.73306e+09	6.26797e+09	6.50125e+09	6.2984e+09	5.24179e+09	6.86331e+09	7.3003e+09	7.59261e+09	7.50492e+09	7.46289e+09	7.31749e+09	7.62852e+09	6.16243e+09	6.39732e+09	6.22391e+09	6.18489e+09	6.03507e+09	5.34696e+09	6.65811e+09	5.85115e+09	5.88001e+09	6.02565e+09	4.97653e+09	6.45801e+09	7.56824e+09	7.64237e+09	7.64539e+09	6.90772e+09	7.60322e+09	7.0353e+09	7.25775e+09	5.51305e+09	7.14095e+09	6.65242e+09	7.16095e+09	6.64268e+09	6.05743e+09	6.03338e+09	5.44859e+09	5.4706e+09	5.40572e+09	6.05988e+09	7.00037e+09	6.979e+09	7.14363e+09	7.30352e+09	5.8082e+09	6.40124e+09	7.04048e+09	7.34176e+09	7.07973e+09	7.30578e+09	7.35869e+09	7.90572e+09	6.85175e+09	6.29962e+09	6.40916e+09	5.45689e+09	6.01171e+09	6.18678e+09	7.84266e+09	7.22891e+09	7.8384e+09	7.81813e+09	7.19677e+09	7.81844e+09	5.39382e+09	5.90325e+09	5.32819e+09	5.3924e+09	5.98252e+09	5.7529e+09	5.71455e+09	6.7029e+09	6.7333e+09	3.94642e+09	6.75394e+09	5.80349e+09	6.66788e+09	5.64167e+09	6.30551e+09	6.53998e+09	6.54626e+09	6.69239e+09
ERR614000	6.60913e+09	6.56979e+09	6.3305e+09	6.87681e+09	6.61896e+09	6.54758e+09	7.52893e+09	7.46996e+09	6.71802e+09	7.83985e+09	7.49729e+09	7.69442e+09	6.72663e+09	6.26303e+09	6.4957e+09	6.29344e+09	5.23822e+09	6.85718e+09	7.29033e+09	7.5822e+09	7.49471e+09	7.45249e+09	7.30725e+09	7.61765e+09	6.15852e+09	6.39281e+09	6.21967e+09	6.18073e+09	6.03134e+09	5.34379e+09	6.6512e+09	5.84529e+09	5.8747e+09	6.01974e+09	4.97205e+09	6.45184e+09	7.55943e+09	7.63329e+09	7.6366e+09	6.90005e+09	7.59442e+09	7.02719e+09	7.25022e+09	5.50722e+09	7.13358e+09	6.64542e+09	7.1539e+09	6.63613e+09	6.05244e+09	6.02844e+09	5.44442e+09	5.46685e+09	5.40056e+09	6.05477e+09	6.99562e+09	6.97338e+09	7.13854e+09	7.29792e+09	5.80479e+09	6.397e+09	7.03337e+09	7.33369e+09	7.0731e+09	7.29847e+09	7.35103e+09	7.89698e+09	6.84581e+09	6.29432e+09	6.4043e+09	5.45249e+09	6.00704e+09	6.18187e+09	7.83427e+09	7.22231e+09	7.83102e+09	7.81e+09	7.19014e+09	7.81e+09	5.38848e+09	5.89784e+09	5.32293e+09	5.38729e+09	5.97733e+09	5.7474e+09	5.70924e+09	6.69602e+09	6.72643e+09	3.9437e+09	6.74698e+09	5.79853e+09	6.66259e+09	5.63785e+09	6.30052e+09	6.53471e+09	6.54158e+09	6.6872e+09
ERR613666	6.06563e+09	6.03835e+09	5.82692e+09	6.30108e+09	6.07437e+09	6.01092e+09	6.76921e+09	6.71067e+09	6.09142e+09	7.03041e+09	6.73306e+09	6.72663e+09	6.58214e+09	5.92698e+09	6.15633e+09	5.95617e+09	4.99408e+09	6.4793e+09	6.62765e+09	6.87002e+09	6.79682e+09	6.75823e+09	6.63702e+09	6.91054e+09	5.80498e+09	6.01038e+09	5.85541e+09	5.83002e+09	5.68641e+09	5.05647e+09	6.18133e+09	5.45016e+09	5.47677e+09	5.62297e+09	4.67847e+09	6.01199e+09	6.89688e+09	6.95205e+09	6.95337e+09	6.30991e+09	6.92505e+09	6.42791e+09	6.58557e+09	5.07696e+09	6.4903e+09	6.06522e+09	6.49968e+09	6.05661e+09	5.47698e+09	5.45521e+09	4.93691e+09	4.95899e+09	4.91524e+09	5.48034e+09	6.45637e+09	6.4319e+09	6.58183e+09	6.72107e+09	5.38938e+09	5.92004e+09	6.38042e+09	6.65297e+09	6.41696e+09	6.61428e+09	6.66159e+09	7.14023e+09	6.18042e+09	5.71619e+09	5.79881e+09	4.97657e+09	5.46239e+09	5.61862e+09	7.10077e+09	6.56534e+09	7.09342e+09	7.07635e+09	6.54466e+09	7.07688e+09	4.97817e+09	5.4114e+09	4.91956e+09	4.98212e+09	5.48156e+09	5.29062e+09	5.19754e+09	6.09318e+09	6.12008e+09	3.6029e+09	6.13331e+09	5.27582e+09	6.15948e+09	5.22777e+09	5.84294e+09	6.04349e+09	6.04361e+09	6.17988e+09
ERR613669	5.66693e+09	5.63745e+09	5.44752e+09	5.88091e+09	5.67331e+09	5.61757e+09	6.29734e+09	6.24807e+09	5.67506e+09	6.53574e+09	6.26797e+09	6.26303e+09	5.92698e+09	5.73805e+09	5.73784e+09	5.57402e+09	4.6898e+09	6.031e+09	6.17394e+09	6.40197e+09	6.33338e+09	6.29911e+09	6.18542e+09	6.4328e+09	5.43189e+09	5.6208e+09	5.4798e+09	5.44944e+09	5.32656e+09	4.75256e+09	5.77454e+09	5.11979e+09	5.14255e+09	5.26352e+09	4.40027e+09	5.61693e+09	6.40051e+09	6.45571e+09	6.45712e+09	5.86705e+09	6.42755e+09	5.97218e+09	6.14001e+09	4.75463e+09	6.05172e+09	5.66578e+09	6.06456e+09	5.65783e+09	5.14352e+09	5.12417e+09	4.64638e+09	4.66588e+09	4.61834e+09	5.14665e+09	6.02262e+09	6.00358e+09	6.13577e+09	6.26289e+09	5.05738e+09	5.54073e+09	5.93866e+09	6.17939e+09	5.96991e+09	6.14878e+09	6.18962e+09	6.62143e+09	5.78614e+09	5.35298e+09	5.4369e+09	4.67689e+09	5.1218e+09	5.26284e+09	6.59011e+09	6.10906e+09	6.58616e+09	6.57092e+09	6.08738e+09	6.57009e+09	4.65318e+09	5.06409e+09	4.59853e+09	4.65325e+09	5.12822e+09	4.94436e+09	4.87378e+09	5.67949e+09	5.70443e+09	3.4013e+09	5.71826e+09	4.94582e+09	5.73037e+09	4.89501e+09	5.44129e+09	5.6274e+09	5.6309e+09	5.74968e+09
ERR613667	5.86306e+09	5.83713e+09	5.63572e+09	6.08782e+09	5.87195e+09	5.81178e+09	6.53554e+09	6.48018e+09	5.89319e+09	6.78251e+09	6.50125e+09	6.4957e+09	6.15633e+09	5.73784e+09	6.15699e+09	5.76582e+09	4.846e+09	6.25814e+09	6.38927e+09	6.62047e+09	6.55081e+09	6.51453e+09	6.39857e+09	6.65724e+09	5.61828e+09	5.81187e+09	5.66701e+09	5.64166e+09	5.5056e+09	4.9034e+09	5.97465e+09	5.2766e+09	5.30233e+09	5.44363e+09	4.53994e+09	5.81281e+09	6.65542e+09	6.70726e+09	6.70865e+09	6.10161e+09	6.68215e+09	6.21306e+09	6.35705e+09	4.92e+09	6.26579e+09	5.86238e+09	6.27567e+09	5.85391e+09	5.28191e+09	5.26149e+09	4.76691e+09	4.78704e+09	4.74551e+09	5.28495e+09	6.22983e+09	6.20684e+09	6.34942e+09	6.47938e+09	5.21398e+09	5.72035e+09	6.16039e+09	6.42075e+09	6.19523e+09	6.38262e+09	6.42835e+09	6.88127e+09	5.96286e+09	5.52005e+09	5.59957e+09	4.81586e+09	5.27861e+09	5.42725e+09	6.84245e+09	6.33515e+09	6.83622e+09	6.81977e+09	6.31588e+09	6.82091e+09	4.81401e+09	5.22951e+09	4.75767e+09	4.8178e+09	5.29557e+09	5.11309e+09	5.02502e+09	5.87855e+09	5.90452e+09	3.49298e+09	5.91708e+09	5.09906e+09	5.95292e+09	5.0637e+09	5.65213e+09	5.8427e+09	5.84308e+09	5.97282e+09
ERR613668	5.69307e+09	5.66398e+09	5.47293e+09	5.909e+09	5.7002e+09	5.64385e+09	6.32846e+09	6.27854e+09	5.70227e+09	6.56852e+09	6.2984e+09	6.29344e+09	5.95617e+09	5.57402e+09	5.76582e+09	5.79077e+09	4.71015e+09	6.05974e+09	6.20517e+09	6.43476e+09	6.36578e+09	6.33086e+09	6.21682e+09	6.46511e+09	5.45675e+09	5.64676e+09	5.5052e+09	5.47525e+09	5.35068e+09	4.77323e+09	5.8017e+09	5.14281e+09	5.16631e+09	5.28835e+09	4.41969e+09	5.64375e+09	6.43367e+09	6.48921e+09	6.4906e+09	5.89657e+09	6.46103e+09	6.00289e+09	6.17009e+09	4.77686e+09	6.08159e+09	5.69282e+09	6.09365e+09	5.6849e+09	5.16588e+09	5.14637e+09	4.66637e+09	4.68556e+09	4.63801e+09	5.16863e+09	6.04957e+09	6.03068e+09	6.16423e+09	6.29149e+09	5.0789e+09	5.56501e+09	5.96669e+09	6.20985e+09	5.99808e+09	6.17843e+09	6.21963e+09	6.65482e+09	5.81074e+09	5.37571e+09	5.45962e+09	4.69587e+09	5.14305e+09	5.28515e+09	6.62233e+09	6.13801e+09	6.6185e+09	6.60274e+09	6.11669e+09	6.60217e+09	4.67535e+09	5.08711e+09	4.62e+09	4.67565e+09	5.15186e+09	4.96748e+09	4.89507e+09	5.70641e+09	5.73182e+09	3.41514e+09	5.745e+09	4.96754e+09	5.75724e+09	4.91608e+09	5.46656e+09	5.65328e+09	5.65663e+09	5.77669e+09
ERR613670	4.7673e+09	4.74672e+09	4.59612e+09	4.93455e+09	4.77334e+09	4.72873e+09	5.26673e+09	5.22649e+09	4.78795e+09	5.45015e+09	5.24179e+09	5.23822e+09	4.99408e+09	4.6898e+09	4.846e+09	4.71015e+09	4.17012e+09	5.0705e+09	5.15457e+09	5.32891e+09	5.27596e+09	5.24929e+09	5.16152e+09	5.35552e+09	4.59431e+09	4.73932e+09	4.63032e+09	4.61054e+09	4.5103e+09	4.05625e+09	4.86122e+09	4.34092e+09	4.3599e+09	4.46286e+09	3.77667e+09	4.74085e+09	5.35361e+09	5.39265e+09	5.39392e+09	4.94067e+09	5.37393e+09	5.02352e+09	5.135e+09	4.0516e+09	5.0666e+09	4.76586e+09	5.07443e+09	4.75862e+09	4.30448e+09	4.28886e+09	3.90586e+09	3.92245e+09	3.88924e+09	4.30725e+09	5.04469e+09	5.02862e+09	5.13419e+09	5.23048e+09	4.28584e+09	4.66654e+09	4.98032e+09	5.17279e+09	5.00588e+09	5.14558e+09	5.1787e+09	5.51544e+09	4.83871e+09	4.50506e+09	4.56576e+09	3.97186e+09	4.3225e+09	4.4338e+09	5.48675e+09	5.11039e+09	5.48219e+09	5.47089e+09	5.09589e+09	5.47073e+09	3.95646e+09	4.27624e+09	3.91234e+09	3.95802e+09	4.32654e+09	4.18619e+09	4.11892e+09	4.76467e+09	4.78384e+09	2.91074e+09	4.7935e+09	4.17579e+09	4.82892e+09	4.16324e+09	4.60421e+09	4.74691e+09	4.74746e+09	4.84381e+09
ERR613665	6.18045e+09	6.15018e+09	5.93394e+09	6.42334e+09	6.18952e+09	6.12465e+09	6.89869e+09	6.84064e+09	6.19404e+09	7.17059e+09	6.86331e+09	6.85718e+09	6.4793e+09	6.031e+09	6.25814e+09	6.05974e+09	5.0705e+09	6.80909e+09	6.76545e+09	7.01974e+09	6.94383e+09	6.90421e+09	6.77692e+09	7.05823e+09	5.90442e+09	6.11751e+09	5.95715e+09	5.92751e+09	5.78307e+09	5.13838e+09	6.29659e+09	5.55167e+09	5.57835e+09	5.72113e+09	4.75292e+09	6.12009e+09	7.02501e+09	7.08573e+09	7.08722e+09	6.41637e+09	7.05513e+09	6.53753e+09	6.71852e+09	5.16067e+09	6.61941e+09	6.18243e+09	6.63182e+09	6.17227e+09	5.61013e+09	5.58775e+09	5.0543e+09	5.07642e+09	5.02686e+09	5.613e+09	6.58649e+09	6.56342e+09	6.71605e+09	6.86073e+09	5.49193e+09	6.0373e+09	6.50418e+09	6.78113e+09	6.54107e+09	6.74444e+09	6.79183e+09	7.28575e+09	6.31724e+09	5.83318e+09	5.92287e+09	5.07272e+09	5.57249e+09	5.73206e+09	7.24762e+09	6.69554e+09	7.24108e+09	7.2231e+09	6.67267e+09	7.22308e+09	5.06957e+09	5.52076e+09	5.00819e+09	5.07082e+09	5.59371e+09	5.39271e+09	5.30497e+09	6.21823e+09	6.24646e+09	3.67411e+09	6.26109e+09	5.38541e+09	6.26761e+09	5.31734e+09	5.94015e+09	6.1498e+09	6.15177e+09	6.28919e+09
ERR618718	6.65709e+09	6.61576e+09	6.38165e+09	6.93581e+09	6.66885e+09	6.59859e+09	7.33818e+09	7.27028e+09	6.48429e+09	7.69037e+09	7.3003e+09	7.29033e+09	6.62765e+09	6.17394e+09	6.38927e+09	6.20517e+09	5.15457e+09	6.76545e+09	7.96482e+09	8.01989e+09	7.92851e+09	7.88165e+09	7.72571e+09	8.05388e+09	6.06722e+09	6.30544e+09	6.12881e+09	6.08721e+09	5.93873e+09	5.26013e+09	6.73036e+09	5.92445e+09	5.95377e+09	6.08059e+09	5.02672e+09	6.5235e+09	7.50353e+09	7.58366e+09	7.58581e+09	6.71052e+09	7.5442e+09	6.86789e+09	7.3208e+09	5.53876e+09	7.19819e+09	6.70451e+09	7.22209e+09	6.68768e+09	6.52205e+09	6.49788e+09	5.86608e+09	5.8917e+09	5.81893e+09	6.52488e+09	7.15726e+09	7.13946e+09	7.30472e+09	7.47304e+09	5.95179e+09	6.55123e+09	7.09508e+09	7.40185e+09	7.1333e+09	7.36797e+09	7.41661e+09	8.01754e+09	7.02078e+09	6.44436e+09	6.57008e+09	5.59767e+09	6.1514e+09	6.3295e+09	7.99567e+09	7.35336e+09	7.99378e+09	7.97287e+09	7.32133e+09	7.97088e+09	5.66667e+09	6.20005e+09	5.59682e+09	5.66279e+09	6.28776e+09	6.04151e+09	5.99005e+09	7.0094e+09	7.04632e+09	4.15011e+09	7.06377e+09	6.08364e+09	6.68494e+09	5.67475e+09	6.31556e+09	6.55795e+09	6.56664e+09	6.71021e+09
ERR618722	6.9102e+09	6.86329e+09	6.61738e+09	7.20535e+09	6.92153e+09	6.84802e+09	7.62903e+09	7.56066e+09	6.7171e+09	8.00697e+09	7.59261e+09	7.5822e+09	6.87002e+09	6.40197e+09	6.62047e+09	6.43476e+09	5.32891e+09	7.01974e+09	8.01989e+09	8.65585e+09	8.27568e+09	8.22561e+09	8.05019e+09	8.39909e+09	6.29375e+09	6.54536e+09	6.35843e+09	6.31001e+09	6.15972e+09	5.44765e+09	6.98609e+09	6.14236e+09	6.17177e+09	6.29762e+09	5.19495e+09	6.76402e+09	7.79738e+09	7.88703e+09	7.89006e+09	6.9547e+09	7.84181e+09	7.11961e+09	7.61757e+09	5.7272e+09	7.48507e+09	6.96057e+09	7.51416e+09	6.94243e+09	6.80764e+09	6.78135e+09	6.10986e+09	6.13596e+09	6.0522e+09	6.80977e+09	7.44232e+09	7.42718e+09	7.60151e+09	7.78136e+09	6.17241e+09	6.80465e+09	7.37124e+09	7.69267e+09	7.41055e+09	7.66012e+09	7.71089e+09	8.35235e+09	7.31699e+09	6.69477e+09	6.83497e+09	5.79938e+09	6.38538e+09	6.57276e+09	8.33247e+09	7.6488e+09	8.33216e+09	8.30967e+09	7.61066e+09	8.30647e+09	5.86441e+09	6.434e+09	5.79073e+09	5.85834e+09	6.52763e+09	6.26164e+09	6.21985e+09	7.2898e+09	7.32848e+09	4.29477e+09	7.34891e+09	6.31819e+09	6.93004e+09	5.87224e+09	6.53908e+09	6.79572e+09	6.80749e+09	6.95632e+09
ERR618721	6.83519e+09	6.7904e+09	6.54808e+09	7.1255e+09	6.84701e+09	6.77449e+09	7.5424e+09	7.47406e+09	6.64768e+09	7.91317e+09	7.50492e+09	7.49471e+09	6.79682e+09	6.33338e+09	6.55081e+09	6.36578e+09	5.27596e+09	6.94383e+09	7.92851e+09	8.27568e+09	8.45038e+09	8.12867e+09	7.95581e+09	8.29955e+09	6.22684e+09	6.47486e+09	6.29127e+09	6.24449e+09	6.0954e+09	5.39228e+09	6.91124e+09	6.07856e+09	6.10821e+09	6.23466e+09	5.1458e+09	6.69391e+09	7.70919e+09	7.79594e+09	7.79871e+09	6.88029e+09	7.75252e+09	7.04291e+09	7.53032e+09	5.67084e+09	7.40072e+09	6.88496e+09	7.42876e+09	6.86689e+09	6.72587e+09	6.70032e+09	6.0409e+09	6.06714e+09	5.98677e+09	6.72821e+09	7.36041e+09	7.34452e+09	7.51645e+09	7.6927e+09	6.10987e+09	6.73266e+09	7.28955e+09	7.60659e+09	7.32889e+09	7.57406e+09	7.62422e+09	8.25385e+09	7.23049e+09	6.62189e+09	6.75858e+09	5.74159e+09	6.31758e+09	6.50249e+09	8.23325e+09	7.56117e+09	8.2323e+09	8.21038e+09	7.5251e+09	8.2079e+09	5.80849e+09	6.36747e+09	5.73565e+09	5.8027e+09	6.45904e+09	6.19891e+09	6.15464e+09	7.20906e+09	7.24734e+09	4.25393e+09	7.26684e+09	6.25151e+09	6.85822e+09	5.81479e+09	6.47329e+09	6.72657e+09	6.73755e+09	6.88452e+09
ERR618720	6.79827e+09	6.75304e+09	6.51309e+09	7.08618e+09	6.8098e+09	6.73748e+09	7.49915e+09	7.43253e+09	6.61087e+09	7.86725e+09	7.46289e+09	7.45249e+09	6.75823e+09	6.29911e+09	6.51453e+09	6.33086e+09	5.24929e+09	6.90421e+09	7.88165e+09	8.22561e+09	8.12867e+09	8.35017e+09	7.90894e+09	8.2492e+09	6.19176e+09	6.43775e+09	6.25549e+09	6.20887e+09	6.06089e+09	5.36366e+09	6.8737e+09	6.04811e+09	6.07763e+09	6.20173e+09	5.12082e+09	6.65787e+09	7.66482e+09	7.75055e+09	7.7537e+09	6.84217e+09	7.7077e+09	7.00415e+09	7.48732e+09	5.6419e+09	7.3595e+09	6.84736e+09	7.38664e+09	6.83034e+09	6.6891e+09	6.66375e+09	6.00895e+09	6.03523e+09	5.95527e+09	6.69144e+09	7.31808e+09	7.30276e+09	7.47251e+09	7.64742e+09	6.07748e+09	6.69527e+09	7.2485e+09	7.5633e+09	7.28809e+09	7.53129e+09	7.58023e+09	8.20461e+09	7.19118e+09	6.58749e+09	6.72276e+09	5.7134e+09	6.28547e+09	6.4684e+09	8.1833e+09	7.5185e+09	8.18284e+09	8.16111e+09	7.48134e+09	8.15802e+09	5.77791e+09	6.33363e+09	5.70555e+09	5.77175e+09	6.42454e+09	6.1655e+09	6.12198e+09	7.16758e+09	7.20562e+09	4.23393e+09	7.22433e+09	6.218e+09	6.81972e+09	5.78477e+09	6.43828e+09	6.68894e+09	6.69934e+09	6.8452e+09
ERR618719	6.67303e+09	6.63049e+09	6.39585e+09	6.95317e+09	6.68449e+09	6.6138e+09	7.35435e+09	7.28813e+09	6.49246e+09	7.71012e+09	7.31749e+09	7.30725e+09	6.63702e+09	6.18542e+09	6.39857e+09	6.21682e+09	5.16152e+09	6.77692e+09	7.72571e+09	8.05019e+09	7.95581e+09	7.90894e+09	8.01651e+09	8.08059e+09	6.08041e+09	6.31891e+09	6.14129e+09	6.0975e+09	5.95097e+09	5.27079e+09	6.74446e+09	5.93733e+09	5.96571e+09	6.09084e+09	5.03586e+09	6.53518e+09	7.51866e+09	7.60067e+09	7.60325e+09	6.72001e+09	7.5604e+09	6.87809e+09	7.34056e+09	5.55008e+09	7.21688e+09	6.72138e+09	7.24225e+09	6.70407e+09	6.55148e+09	6.52656e+09	5.89031e+09	5.91591e+09	5.84113e+09	6.55405e+09	7.1709e+09	7.15594e+09	7.32091e+09	7.49009e+09	5.96292e+09	6.56481e+09	7.10883e+09	7.41669e+09	7.14727e+09	7.38332e+09	7.43302e+09	8.03798e+09	7.04194e+09	6.4594e+09	6.58809e+09	5.60925e+09	6.16463e+09	6.34349e+09	8.01712e+09	7.37144e+09	8.01544e+09	7.99445e+09	7.33707e+09	7.99192e+09	5.67727e+09	6.21579e+09	5.60677e+09	5.67237e+09	6.30336e+09	6.05484e+09	6.00894e+09	7.03051e+09	7.06747e+09	4.16246e+09	7.08512e+09	6.10255e+09	6.69279e+09	5.68176e+09	6.32281e+09	6.56501e+09	6.57503e+09	6.71835e+09
ERR618717	6.94081e+09	6.89475e+09	6.64728e+09	7.23743e+09	6.95261e+09	6.87804e+09	7.66679e+09	7.59615e+09	6.75675e+09	8.04435e+09	7.62852e+09	7.61765e+09	6.91054e+09	6.4328e+09	6.65724e+09	6.46511e+09	5.35552e+09	7.05823e+09	8.05388e+09	8.39909e+09	8.29955e+09	8.2492e+09	8.08059e+09	8.71603e+09	6.32336e+09	6.5768e+09	6.38773e+09	6.34297e+09	6.18702e+09	5.47171e+09	7.01984e+09	6.16747e+09	6.19748e+09	6.32952e+09	5.21716e+09	6.79855e+09	7.83967e+09	7.9284e+09	7.93102e+09	6.9957e+09	7.88344e+09	7.16191e+09	7.6492e+09	5.7534e+09	7.51881e+09	6.99098e+09	7.54495e+09	6.97323e+09	6.81891e+09	6.7926e+09	6.12102e+09	6.1483e+09	6.06833e+09	6.82148e+09	7.48331e+09	7.46576e+09	7.64117e+09	7.8235e+09	6.20284e+09	6.8393e+09	7.41273e+09	7.73723e+09	7.4538e+09	7.70414e+09	7.75548e+09	8.39808e+09	7.34704e+09	6.72844e+09	6.86447e+09	5.82675e+09	6.41736e+09	6.60609e+09	8.37561e+09	7.68897e+09	8.37395e+09	8.35202e+09	7.65195e+09	8.34879e+09	5.89504e+09	6.46296e+09	5.82137e+09	5.89057e+09	6.55723e+09	6.29356e+09	6.24338e+09	7.32353e+09	7.36232e+09	4.30872e+09	7.38205e+09	6.34295e+09	6.97503e+09	5.90691e+09	6.58222e+09	6.84048e+09	6.85102e+09	7.00106e+09
ERR612205	5.57355e+09	5.54446e+09	5.35663e+09	5.78396e+09	5.57954e+09	5.52439e+09	6.1925e+09	6.14355e+09	5.57983e+09	6.4284e+09	6.16243e+09	6.15852e+09	5.80498e+09	5.43189e+09	5.61828e+09	5.45675e+09	4.59431e+09	5.90442e+09	6.06722e+09	6.29375e+09	6.22684e+09	6.19176e+09	6.08041e+09	6.32336e+09	5.69806e+09	5.6954e+09	5.55524e+09	5.52386e+09	5.40086e+09	4.82038e+09	5.68325e+09	5.03524e+09	5.05863e+09	5.18048e+09	4.33223e+09	5.52888e+09	6.29964e+09	6.35183e+09	6.35464e+09	5.76969e+09	6.32603e+09	5.87324e+09	6.04833e+09	4.68191e+09	5.95979e+09	5.57832e+09	5.97222e+09	5.57015e+09	5.07049e+09	5.05111e+09	4.5753e+09	4.59402e+09	4.54668e+09	5.07264e+09	5.95713e+09	5.94082e+09	6.07296e+09	6.19652e+09	4.99874e+09	5.47945e+09	5.83458e+09	6.07436e+09	5.86553e+09	6.04272e+09	6.0843e+09	6.5137e+09	5.69652e+09	5.26606e+09	5.35037e+09	4.59788e+09	5.03618e+09	5.17663e+09	6.48752e+09	6.01114e+09	6.48519e+09	6.46824e+09	5.99053e+09	6.46819e+09	4.56982e+09	4.97177e+09	4.51532e+09	4.57065e+09	5.0362e+09	4.85621e+09	4.79502e+09	5.59407e+09	5.61903e+09	3.33648e+09	5.63271e+09	4.86534e+09	5.65121e+09	4.8241e+09	5.36766e+09	5.54908e+09	5.55114e+09	5.67012e+09
ERR612203	5.77912e+09	5.7457e+09	5.54932e+09	6.00036e+09	5.78551e+09	5.72706e+09	6.42777e+09	6.37723e+09	5.7772e+09	6.67835e+09	6.39732e+09	6.39281e+09	6.01038e+09	5.6208e+09	5.81187e+09	5.64676e+09	4.73932e+09	6.11751e+09	6.30544e+09	6.54536e+09	6.47486e+09	6.43775e+09	6.31891e+09	6.5768e+09	5.6954e+09	6.09659e+09	5.74624e+09	5.71116e+09	5.58264e+09	4.97407e+09	5.89166e+09	5.21479e+09	5.23912e+09	5.36167e+09	4.47015e+09	5.72718e+09	6.53619e+09	6.59436e+09	6.59715e+09	5.97474e+09	6.56443e+09	6.08299e+09	6.28007e+09	4.83619e+09	6.18712e+09	5.78272e+09	6.20092e+09	5.77463e+09	5.27754e+09	5.25753e+09	4.75749e+09	4.77741e+09	4.72409e+09	5.27967e+09	6.19022e+09	6.17178e+09	6.31154e+09	6.44533e+09	5.17979e+09	5.68609e+09	6.05791e+09	6.30636e+09	6.08982e+09	6.27659e+09	6.31851e+09	6.77224e+09	5.92837e+09	5.4702e+09	5.56141e+09	4.76473e+09	5.22893e+09	5.37592e+09	6.74683e+09	6.24415e+09	6.74494e+09	6.72767e+09	6.21986e+09	6.72695e+09	4.7313e+09	5.15853e+09	4.67382e+09	4.73027e+09	5.22727e+09	5.03423e+09	4.97356e+09	5.80789e+09	5.83475e+09	3.45286e+09	5.84949e+09	5.04828e+09	5.85631e+09	4.99196e+09	5.55511e+09	5.75051e+09	5.75357e+09	5.87679e+09
ERR612206	5.62671e+09	5.59595e+09	5.40625e+09	5.83984e+09	5.63356e+09	5.5769e+09	6.2533e+09	6.20465e+09	5.63072e+09	6.49298e+09	6.22391e+09	6.21967e+09	5.85541e+09	5.4798e+09	5.66701e+09	5.5052e+09	4.63032e+09	5.95715e+09	6.12881e+09	6.35843e+09	6.29127e+09	6.25549e+09	6.14129e+09	6.38773e+09	5.55524e+09	5.74624e+09	5.79713e+09	5.56975e+09	5.44935e+09	4.86168e+09	5.7372e+09	5.08265e+09	5.10591e+09	5.22734e+09	4.36776e+09	5.58006e+09	6.35834e+09	6.41187e+09	6.41471e+09	5.821e+09	6.38557e+09	5.92525e+09	6.10799e+09	4.72109e+09	6.01785e+09	5.63112e+09	6.03159e+09	5.62286e+09	5.12633e+09	5.10681e+09	4.62522e+09	4.64396e+09	4.59452e+09	5.12864e+09	6.01791e+09	6.00067e+09	6.13535e+09	6.26088e+09	5.04718e+09	5.53432e+09	5.89214e+09	6.1337e+09	5.92325e+09	6.10332e+09	6.14357e+09	6.57884e+09	5.75837e+09	5.32035e+09	5.40579e+09	4.64184e+09	5.08781e+09	5.22937e+09	6.5538e+09	6.07091e+09	6.55209e+09	6.53483e+09	6.04937e+09	6.53459e+09	4.61171e+09	5.01992e+09	4.55623e+09	4.61189e+09	5.08614e+09	4.90222e+09	4.84234e+09	5.64959e+09	5.67535e+09	3.36832e+09	5.68978e+09	4.91316e+09	5.70348e+09	4.86787e+09	5.41504e+09	5.60056e+09	5.60296e+09	5.72267e+09
ERR612204	5.59143e+09	5.5632e+09	5.37456e+09	5.80314e+09	5.59788e+09	5.54165e+09	6.21637e+09	6.16613e+09	5.60568e+09	6.45189e+09	6.18489e+09	6.18073e+09	5.83002e+09	5.44944e+09	5.64166e+09	5.47525e+09	4.61054e+09	5.92751e+09	6.08721e+09	6.31001e+09	6.24449e+09	6.20887e+09	6.0975e+09	6.34297e+09	5.52386e+09	5.71116e+09	5.56975e+09	5.73058e+09	5.41431e+09	4.832e+09	5.70375e+09	5.05014e+09	5.07421e+09	5.2003e+09	4.34616e+09	5.5501e+09	6.32561e+09	6.3764e+09	6.37885e+09	5.79522e+09	6.3514e+09	5.89992e+09	6.06608e+09	4.69866e+09	5.97789e+09	5.59561e+09	5.98999e+09	5.58733e+09	5.07428e+09	5.0552e+09	4.57893e+09	4.59815e+09	4.55299e+09	5.07687e+09	5.9813e+09	5.96178e+09	6.0961e+09	6.22019e+09	5.01564e+09	5.49901e+09	5.85955e+09	6.10195e+09	5.89133e+09	6.06856e+09	6.10981e+09	6.54047e+09	5.71129e+09	5.2816e+09	5.36319e+09	4.61056e+09	5.05086e+09	5.19205e+09	6.51336e+09	6.03424e+09	6.51028e+09	6.49389e+09	6.01448e+09	6.49382e+09	4.58988e+09	4.9886e+09	4.53515e+09	4.59147e+09	5.05369e+09	4.87507e+09	4.80764e+09	5.61206e+09	5.63751e+09	3.34283e+09	5.65072e+09	4.87782e+09	5.67966e+09	4.84567e+09	5.39507e+09	5.5776e+09	5.57772e+09	5.69889e+09
ERR612208	5.46178e+09	5.432e+09	5.24985e+09	5.66576e+09	5.46795e+09	5.41381e+09	6.06339e+09	6.01688e+09	5.46729e+09	6.29298e+09	6.03507e+09	6.03134e+09	5.68641e+09	5.32656e+09	5.5056e+09	5.35068e+09	4.5103e+09	5.78307e+09	5.93873e+09	6.15972e+09	6.0954e+09	6.06089e+09	5.95097e+09	6.18702e+09	5.40086e+09	5.58264e+09	5.44935e+09	5.41431e+09	5.48427e+09	4.73498e+09	5.57031e+09	4.94222e+09	4.96468e+09	5.0818e+09	4.25444e+09	5.41978e+09	6.16529e+09	6.21648e+09	6.21919e+09	5.65086e+09	6.19138e+09	5.75032e+09	5.92293e+09	4.5911e+09	5.83663e+09	5.46529e+09	5.84974e+09	5.45787e+09	4.97028e+09	4.95178e+09	4.48768e+09	4.50568e+09	4.45869e+09	4.97244e+09	5.83779e+09	5.8215e+09	5.95039e+09	6.06959e+09	4.9069e+09	5.37453e+09	5.71513e+09	5.94695e+09	5.74465e+09	5.91708e+09	5.95626e+09	6.37348e+09	5.58596e+09	5.16538e+09	5.24768e+09	4.51285e+09	4.94118e+09	5.07801e+09	6.34846e+09	5.88584e+09	6.34667e+09	6.33044e+09	5.86539e+09	6.33058e+09	4.47933e+09	4.87312e+09	4.42627e+09	4.47944e+09	4.93617e+09	4.75908e+09	4.70201e+09	5.47812e+09	5.50315e+09	3.27747e+09	5.51642e+09	4.77038e+09	5.53672e+09	4.73459e+09	5.26033e+09	5.4378e+09	5.44055e+09	5.55529e+09
ERR612207	4.85838e+09	4.83322e+09	4.67758e+09	5.03235e+09	4.8632e+09	4.81772e+09	5.37105e+09	5.33132e+09	4.86524e+09	5.56473e+09	5.34696e+09	5.34379e+09	5.05647e+09	4.75256e+09	4.9034e+09	4.77323e+09	4.05625e+09	5.13838e+09	5.26013e+09	5.44765e+09	5.39228e+09	5.36366e+09	5.27079e+09	5.47171e+09	4.82038e+09	4.97407e+09	4.86168e+09	4.832e+09	4.73498e+09	4.41442e+09	4.95593e+09	4.42106e+09	4.4404e+09	4.53996e+09	3.8309e+09	4.82792e+09	5.45614e+09	5.49949e+09	5.50183e+09	5.02059e+09	5.4781e+09	5.10467e+09	5.24972e+09	4.11373e+09	5.17718e+09	4.86131e+09	5.18832e+09	4.85495e+09	4.42031e+09	4.4046e+09	4.00265e+09	4.01925e+09	3.9789e+09	4.42229e+09	5.18173e+09	5.16773e+09	5.27706e+09	5.37808e+09	4.39129e+09	4.78999e+09	5.06951e+09	5.26685e+09	5.09475e+09	5.24151e+09	5.27525e+09	5.62822e+09	4.95931e+09	4.60196e+09	4.67136e+09	4.0431e+09	4.41055e+09	4.52692e+09	5.60598e+09	5.2146e+09	5.60522e+09	5.59148e+09	5.19681e+09	5.59107e+09	4.00774e+09	4.3471e+09	3.961e+09	4.00679e+09	4.40136e+09	4.24945e+09	4.19844e+09	4.86327e+09	4.88373e+09	2.95203e+09	4.89599e+09	4.25734e+09	4.92254e+09	4.23882e+09	4.6872e+09	4.83862e+09	4.84058e+09	4.93816e+09
ERR613329	6.0911e+09	6.05668e+09	5.85044e+09	6.32939e+09	6.0994e+09	6.03874e+09	6.68845e+09	6.63525e+09	5.99332e+09	6.96329e+09	6.65811e+09	6.6512e+09	6.18133e+09	5.77454e+09	5.97465e+09	5.8017e+09	4.86122e+09	6.29659e+09	6.73036e+09	6.98609e+09	6.91124e+09	6.8737e+09	6.74446e+09	7.01984e+09	5.68325e+09	5.89166e+09	5.7372e+09	5.70375e+09	5.57031e+09	4.95593e+09	6.51725e+09	5.57617e+09	5.60189e+09	5.73082e+09	4.76341e+09	6.1279e+09	6.88783e+09	6.95196e+09	6.95316e+09	6.26138e+09	6.91903e+09	6.38556e+09	6.67008e+09	5.12262e+09	6.57013e+09	6.14163e+09	6.58544e+09	6.13146e+09	5.76759e+09	5.74588e+09	5.21103e+09	5.23325e+09	5.17616e+09	5.77029e+09	6.58224e+09	6.56267e+09	6.7076e+09	6.85079e+09	5.52066e+09	6.05139e+09	6.51046e+09	6.77158e+09	6.54386e+09	6.74206e+09	6.78377e+09	7.27095e+09	6.39839e+09	5.90787e+09	6.00921e+09	5.15967e+09	5.65212e+09	5.80867e+09	7.2328e+09	6.69868e+09	7.23114e+09	7.2141e+09	6.67245e+09	7.21238e+09	5.14571e+09	5.60873e+09	5.08438e+09	5.14342e+09	5.68169e+09	5.4725e+09	5.40683e+09	6.29274e+09	6.3224e+09	3.78082e+09	6.33759e+09	5.48852e+09	6.2166e+09	5.30906e+09	5.89468e+09	6.10562e+09	6.10872e+09	6.23762e+09
ERR613332	5.38738e+09	5.3552e+09	5.18492e+09	5.58556e+09	5.39326e+09	5.34416e+09	5.87404e+09	5.83183e+09	5.28579e+09	6.10478e+09	5.85115e+09	5.84529e+09	5.45016e+09	5.11979e+09	5.2766e+09	5.14281e+09	4.34092e+09	5.55167e+09	5.92445e+09	6.14236e+09	6.07856e+09	6.04811e+09	5.93733e+09	6.16747e+09	5.03524e+09	5.21479e+09	5.08265e+09	5.05014e+09	4.94222e+09	4.42106e+09	5.57617e+09	5.15077e+09	4.9999e+09	5.09353e+09	4.2749e+09	5.42603e+09	6.03761e+09	6.0939e+09	6.09535e+09	5.50941e+09	6.06393e+09	5.61256e+09	5.87315e+09	4.56461e+09	5.78926e+09	5.43186e+09	5.80439e+09	5.4233e+09	5.12514e+09	5.10646e+09	4.64894e+09	4.66855e+09	4.6152e+09	5.12743e+09	5.80252e+09	5.78824e+09	5.90802e+09	6.02885e+09	4.91594e+09	5.36208e+09	5.72484e+09	5.93754e+09	5.75143e+09	5.91739e+09	5.94908e+09	6.35552e+09	5.6605e+09	5.24265e+09	5.3339e+09	4.61024e+09	5.02776e+09	5.15894e+09	6.32666e+09	5.88352e+09	6.3274e+09	6.31278e+09	5.86031e+09	6.31125e+09	4.57809e+09	4.97942e+09	4.52484e+09	4.57262e+09	5.04335e+09	4.85904e+09	4.80906e+09	5.54922e+09	5.57459e+09	3.40389e+09	5.58845e+09	4.87893e+09	5.47269e+09	4.71803e+09	5.2001e+09	5.38161e+09	5.38601e+09	5.49022e+09
ERR613333	5.41372e+09	5.38163e+09	5.20998e+09	5.61345e+09	5.41973e+09	5.37002e+09	5.90334e+09	5.86099e+09	5.31243e+09	6.13585e+09	5.88001e+09	5.8747e+09	5.47677e+09	5.14255e+09	5.30233e+09	5.16631e+09	4.3599e+09	5.57835e+09	5.95377e+09	6.17177e+09	6.10821e+09	6.07763e+09	5.96571e+09	6.19748e+09	5.05863e+09	5.23912e+09	5.10591e+09	5.07421e+09	4.96468e+09	4.4404e+09	5.60189e+09	4.9999e+09	5.194e+09	5.11632e+09	4.29263e+09	5.4508e+09	6.0688e+09	6.12533e+09	6.12628e+09	5.53756e+09	6.09604e+09	5.64192e+09	5.90102e+09	4.58573e+09	5.81743e+09	5.45774e+09	5.8318e+09	5.44906e+09	5.14457e+09	5.126e+09	4.66582e+09	4.6858e+09	4.63229e+09	5.14662e+09	5.82819e+09	5.81294e+09	5.93369e+09	6.05526e+09	4.93553e+09	5.38452e+09	5.75126e+09	5.9662e+09	5.77837e+09	5.94482e+09	5.97715e+09	6.38633e+09	5.68465e+09	5.26451e+09	5.35549e+09	4.62856e+09	5.0478e+09	5.18057e+09	6.35695e+09	5.91124e+09	6.35789e+09	6.34298e+09	5.88786e+09	6.34153e+09	4.59787e+09	5.00028e+09	4.54489e+09	4.5931e+09	5.06485e+09	4.8802e+09	4.82871e+09	5.57452e+09	5.59982e+09	3.41639e+09	5.61345e+09	4.89946e+09	5.49784e+09	4.73801e+09	5.22403e+09	5.40646e+09	5.41064e+09	5.51588e+09
