	ERR614481	ERR614478	ERR614477	ERR614479	ERR614480	ERR614482	ERR638303	ERR638306	ERR638307	ERR638304	ERR638305	ERR638308	ERR631235	ERR631234	ERR631233	ERR631236	ERR631238	ERR631237	ERR607756	ERR607753	ERR607755	ERR607758	ERR607757	ERR607754	ERR613693	ERR613692	ERR613694	ERR613691	ERR613689	ERR613690	ERR636835	ERR636838	ERR636836	ERR636839	ERR636840	ERR636837	ERR607315	ERR607313	ERR607314	ERR607316	ERR607312	ERR607311	ERR609045	ERR609050	ERR609049	ERR609047	ERR609048	ERR609046	ERR617056	ERR617055	ERR617053	ERR617054	ERR617051	ERR617052	ERR616852	ERR616851	ERR616849	ERR616850	ERR616848	ERR616847	ERR608270	ERR608273	ERR608274	ERR608269	ERR608272	ERR608271	ERR618534	ERR618532	ERR618536	ERR618533	ERR618531	ERR618535	ERR616690	ERR616689	ERR616693	ERR616688	ERR616691	ERR616692	ERR613784	ERR613782	ERR613783	ERR613785	ERR613786	ERR613787	ERR617314	ERR617316	ERR617317	ERR617315	ERR617318	ERR617313	ERR626685	ERR626684	ERR626683	ERR626682	ERR626681	ERR626680
ERR614481	0	0.814641	0.843037	0.808011	0.828313	0.832317	1.12699	1.1269	1.12726	1.13706	1.13824	1.12738	0.974191	0.98843	0.984651	0.986567	0.987315	0.986921	0.896948	0.893952	0.884843	0.89935	0.899825	0.885036	0.965001	0.962684	0.987369	0.957511	0.953	0.954211	0.899541	0.891118	0.894848	0.890441	0.888965	0.894066	0.90904	0.889043	0.911401	0.906535	0.89065	0.89672	0.983868	0.937117	0.938003	0.929496	0.933521	0.938654	1.11279	1.11603	1.1048	1.11437	1.1086	1.10689	1.1354	1.13622	1.11568	1.13726	1.12338	1.12358	1.13026	1.1173	1.11531	1.14905	1.1173	1.12568	1.09279	1.09146	1.09845	1.09039	1.08721	1.09822	1.13782	1.13054	1.11486	1.13276	1.11519	1.11492	1.12498	1.12859	1.1202	1.12679	1.12661	1.12724	1.13344	1.12154	1.12201	1.13275	1.12148	1.13261	1.1071	1.10499	1.10577	1.10483	1.09245	1.08395
ERR614478	0.814641	0	0.820753	0.778554	0.812968	0.817917	1.1095	1.10948	1.10969	1.12007	1.12145	1.1098	0.953077	0.970309	0.965524	0.967395	0.968424	0.967996	0.879404	0.875477	0.864146	0.881603	0.882585	0.865062	0.945042	0.942048	0.968377	0.935417	0.930446	0.93153	0.879683	0.869226	0.873735	0.868238	0.866484	0.872961	0.894785	0.870057	0.897655	0.891993	0.872441	0.878932	0.967002	0.915032	0.915774	0.906886	0.911267	0.917455	1.09353	1.09708	1.08554	1.09539	1.08899	1.08761	1.11793	1.11863	1.09714	1.11943	1.10537	1.105	1.11363	1.09972	1.09773	1.13283	1.09971	1.1085	1.07366	1.07185	1.07982	1.07091	1.06723	1.07934	1.12153	1.11356	1.0967	1.1159	1.09694	1.09647	1.10773	1.11186	1.10316	1.1098	1.10975	1.11067	1.11634	1.10379	1.10434	1.11559	1.10353	1.11495	1.08829	1.08593	1.08684	1.08516	1.07221	1.06318
ERR614477	0.843037	0.820753	0	0.817494	0.841229	0.845566	1.1357	1.13592	1.13589	1.14436	1.14637	1.13636	0.988296	1.0033	0.99804	0.999749	1.0004	0.999605	0.905607	0.90466	0.895717	0.907599	0.90844	0.898564	0.97543	0.972983	0.9949	0.964593	0.961767	0.96184	0.909481	0.901239	0.907439	0.900301	0.89974	0.904487	0.922422	0.89968	0.923044	0.919924	0.904283	0.906708	0.982334	0.944267	0.944439	0.939239	0.942022	0.945366	1.11802	1.12177	1.11426	1.1203	1.11574	1.11572	1.14105	1.14161	1.12451	1.14272	1.13227	1.13047	1.14103	1.12921	1.12716	1.15526	1.12917	1.13736	1.10617	1.1026	1.11183	1.10202	1.09918	1.11205	1.14707	1.13958	1.12374	1.14147	1.12407	1.12361	1.13405	1.13785	1.13065	1.13675	1.13632	1.13714	1.14269	1.13171	1.13255	1.1419	1.13184	1.1404	1.11766	1.11528	1.11602	1.11252	1.10238	1.09466
ERR614479	0.808011	0.778554	0.817494	0	0.806841	0.811638	1.10305	1.10292	1.10321	1.11434	1.11541	1.10328	0.944987	0.962073	0.957589	0.960017	0.960669	0.960247	0.872409	0.867785	0.855841	0.874844	0.875546	0.856073	0.93761	0.934881	0.962375	0.928553	0.922878	0.924356	0.872064	0.861364	0.865431	0.860129	0.858533	0.864763	0.887191	0.862525	0.891129	0.884484	0.863977	0.871888	0.96429	0.908521	0.909097	0.898954	0.904553	0.910864	1.08807	1.09167	1.07888	1.08967	1.08298	1.08114	1.11248	1.1133	1.09049	1.11434	1.09879	1.099	1.10665	1.09239	1.0905	1.12738	1.09238	1.10129	1.06554	1.06428	1.07157	1.06294	1.05939	1.07138	1.11496	1.10693	1.09001	1.10949	1.09032	1.09	1.10132	1.10554	1.09625	1.10337	1.10313	1.10388	1.10974	1.09686	1.09734	1.10912	1.0968	1.1094	1.08119	1.07849	1.07951	1.07897	1.06506	1.05543
ERR614480	0.828313	0.812968	0.841229	0.806841	0	0.831053	1.12654	1.12663	1.12666	1.13683	1.13797	1.12691	0.973924	0.988588	0.984416	0.986361	0.987026	0.986445	0.895467	0.892239	0.883717	0.897517	0.898343	0.883451	0.964493	0.961914	0.986601	0.956391	0.952248	0.953399	0.89817	0.889807	0.893493	0.888897	0.887641	0.892694	0.907708	0.887789	0.910067	0.905457	0.889452	0.895313	0.982886	0.936437	0.936834	0.928664	0.932601	0.938212	1.11227	1.11567	1.10444	1.11377	1.10798	1.10628	1.13483	1.1358	1.115	1.13671	1.12282	1.12281	1.12971	1.11657	1.11503	1.14851	1.1168	1.12499	1.0923	1.09126	1.09793	1.08998	1.08667	1.0977	1.1372	1.13001	1.11424	1.132	1.11462	1.11415	1.12436	1.12831	1.12003	1.12631	1.12616	1.12691	1.13291	1.12116	1.12151	1.13224	1.12121	1.13209	1.10649	1.10459	1.10501	1.10427	1.09179	1.08347
ERR614482	0.832317	0.817917	0.845566	0.811638	0.831053	0	1.1285	1.12834	1.12841	1.138	1.13948	1.12873	0.975701	0.989809	0.986054	0.988229	0.988465	0.98822	0.899293	0.896297	0.887168	0.901453	0.902143	0.887696	0.967223	0.964338	0.989204	0.959164	0.954981	0.956119	0.901871	0.893872	0.897626	0.893165	0.892023	0.896697	0.911707	0.892292	0.914207	0.909221	0.893623	0.899474	0.984637	0.939223	0.939471	0.931267	0.935337	0.940624	1.11411	1.11727	1.10617	1.11565	1.11012	1.10834	1.13677	1.13746	1.11712	1.13845	1.12491	1.125	1.13158	1.11899	1.11709	1.15038	1.11893	1.12718	1.09456	1.09332	1.10017	1.09232	1.0891	1.10013	1.13935	1.13188	1.1162	1.13419	1.1165	1.11614	1.12641	1.13038	1.12202	1.12793	1.12812	1.12877	1.13464	1.12317	1.1235	1.13419	1.12316	1.13429	1.10845	1.10643	1.10738	1.10638	1.09394	1.08544
ERR638303	1.12699	1.1095	1.1357	1.10305	1.12654	1.1285	0	0.814987	0.815438	0.836095	0.835879	0.814682	1.00216	1.01728	1.01349	1.01705	1.01789	1.01767	1.12002	1.11458	1.10436	1.12177	1.12265	1.10349	1.07594	1.0741	1.09416	1.06939	1.06421	1.06564	1.09435	1.08462	1.08564	1.08383	1.08179	1.08637	1.12484	1.10498	1.12818	1.12205	1.10529	1.1131	1.13231	1.08623	1.08743	1.0791	1.08562	1.09003	0.943174	0.945612	0.926782	0.94365	0.934267	0.93022	0.925288	0.925562	0.900559	0.927635	0.908913	0.908968	0.920801	0.903188	0.900318	0.948687	0.902669	0.915008	0.921561	0.920905	0.928276	0.918942	0.914861	0.928211	0.944435	0.93428	0.911561	0.936854	0.912533	0.912057	0.888718	0.893976	0.882327	0.890488	0.88981	0.890953	0.966265	0.949345	0.951206	0.96557	0.950005	0.966767	0.957828	0.953836	0.955879	0.95673	0.939053	0.930099
ERR638306	1.1269	1.10948	1.13592	1.10292	1.12663	1.12834	0.814987	0	0.810301	0.836007	0.835988	0.80922	1.0007	1.01601	1.01232	1.01586	1.01626	1.01629	1.11986	1.11398	1.10402	1.12133	1.12211	1.10307	1.07555	1.07354	1.09354	1.06897	1.06405	1.06542	1.09403	1.08414	1.08516	1.08342	1.08138	1.08608	1.12425	1.10477	1.12775	1.1216	1.10489	1.11277	1.13292	1.08638	1.08769	1.07929	1.08535	1.09013	0.942257	0.944944	0.925761	0.94304	0.933128	0.928666	0.925477	0.925921	0.900453	0.928015	0.908421	0.909081	0.919013	0.901383	0.898602	0.947119	0.900771	0.913243	0.919465	0.919145	0.926041	0.916899	0.913089	0.925835	0.942676	0.933178	0.910476	0.935599	0.911238	0.910827	0.887673	0.892647	0.881346	0.888828	0.88833	0.889354	0.964661	0.947958	0.949115	0.963785	0.94797	0.965282	0.955387	0.951478	0.953677	0.954431	0.937269	0.927658
ERR638307	1.12726	1.10969	1.13589	1.10321	1.12666	1.12841	0.815438	0.810301	0	0.837114	0.836684	0.809848	1.00177	1.0165	1.01299	1.01668	1.01712	1.01702	1.12001	1.11413	1.10422	1.12137	1.12272	1.10357	1.07588	1.07396	1.09403	1.06959	1.06459	1.06574	1.09441	1.08448	1.08573	1.08373	1.08174	1.08654	1.12459	1.10475	1.12811	1.12197	1.10508	1.1128	1.13279	1.08635	1.08752	1.07936	1.08546	1.09011	0.942391	0.944928	0.925703	0.942825	0.933331	0.929301	0.926204	0.926599	0.900784	0.928658	0.90888	0.909656	0.920252	0.902413	0.899751	0.948539	0.901957	0.914278	0.920094	0.919841	0.926677	0.91772	0.913421	0.926582	0.943243	0.933836	0.911232	0.936353	0.912256	0.911892	0.888221	0.893228	0.88192	0.889201	0.888474	0.889852	0.965548	0.948622	0.949835	0.964228	0.948963	0.96589	0.956112	0.952397	0.954446	0.955443	0.937746	0.928543
ERR638304	1.13706	1.12007	1.14436	1.11434	1.13683	1.138	0.836095	0.836007	0.837114	0	0.854737	0.836142	1.0173	1.03161	1.02798	1.03092	1.03154	1.03146	1.13042	1.12536	1.11582	1.13212	1.13305	1.11539	1.08729	1.08555	1.104	1.08038	1.07592	1.07673	1.10586	1.09613	1.09793	1.09557	1.09368	1.09824	1.13532	1.11577	1.13849	1.13292	1.11681	1.12345	1.14102	1.09764	1.099	1.09149	1.09728	1.10127	0.957101	0.959424	0.943887	0.95779	0.95008	0.946898	0.940984	0.941117	0.919249	0.943131	0.927163	0.926595	0.939257	0.923603	0.920866	0.963388	0.923187	0.934622	0.940906	0.938974	0.946352	0.937259	0.93394	0.946685	0.959919	0.951013	0.929554	0.953228	0.929954	0.929783	0.90663	0.91147	0.90163	0.908317	0.907723	0.908988	0.981354	0.966061	0.967507	0.980347	0.966345	0.981167	0.973022	0.969724	0.9717	0.971386	0.955415	0.947384
ERR638305	1.13824	1.12145	1.14637	1.11541	1.13797	1.13948	0.835879	0.835988	0.836684	0.854737	0	0.835316	1.01775	1.03144	1.02816	1.03143	1.03205	1.03206	1.13133	1.12594	1.11672	1.13277	1.13374	1.11581	1.08877	1.08666	1.10586	1.0824	1.07767	1.07885	1.1069	1.09736	1.09871	1.097	1.09482	1.09927	1.13591	1.11697	1.13911	1.1333	1.11713	1.12461	1.14319	1.0996	1.10065	1.09266	1.09853	1.10283	0.960054	0.961599	0.944473	0.95995	0.951234	0.947461	0.942439	0.943057	0.919932	0.944996	0.927383	0.92785	0.9383	0.922662	0.919765	0.964023	0.922261	0.933418	0.940098	0.939409	0.946258	0.93754	0.933784	0.946025	0.960168	0.951147	0.930229	0.953412	0.930834	0.930718	0.90645	0.911378	0.90091	0.908056	0.907645	0.908432	0.981675	0.96624	0.967684	0.980692	0.96668	0.982067	0.973431	0.969839	0.971682	0.972658	0.956352	0.94811
ERR638308	1.12738	1.1098	1.13636	1.10328	1.12691	1.12873	0.814682	0.80922	0.809848	0.836142	0.835316	0	1.00146	1.01633	1.01268	1.01667	1.01711	1.01683	1.12002	1.11422	1.10408	1.12156	1.12256	1.10325	1.07586	1.07353	1.09408	1.06952	1.06455	1.06595	1.09457	1.0845	1.08543	1.08384	1.08135	1.08615	1.12426	1.1048	1.12795	1.12174	1.105	1.11292	1.1332	1.08664	1.08824	1.07959	1.08562	1.09051	0.942215	0.944363	0.925205	0.942365	0.932722	0.928238	0.925095	0.925604	0.900152	0.927582	0.908158	0.908625	0.91852	0.900907	0.89806	0.947356	0.900356	0.912621	0.918794	0.918844	0.925257	0.916201	0.912106	0.925125	0.94237	0.932931	0.910493	0.935423	0.910846	0.910903	0.886931	0.892328	0.880433	0.888466	0.887694	0.888851	0.964245	0.947309	0.948602	0.963217	0.947438	0.964646	0.955566	0.951551	0.953888	0.955132	0.937238	0.927969
ERR631235	0.974191	0.953077	0.988296	0.944987	0.973924	0.975701	1.00216	1.0007	1.00177	1.0173	1.01775	1.00146	0	0.758333	0.754382	0.758894	0.75936	0.759405	0.970267	0.963917	0.953563	0.972408	0.973148	0.950941	0.963158	0.961124	0.989552	0.957573	0.951535	0.954656	0.963562	0.953687	0.95432	0.952815	0.95062	0.956536	0.9851	0.963868	0.990048	0.982163	0.96251	0.972126	1.01706	0.956419	0.95711	0.945189	0.951877	0.959469	0.998304	1.00131	0.981294	0.999186	0.989647	0.984226	1.01714	1.01836	0.987515	1.01991	0.997141	0.99945	1.00397	0.986675	0.984423	1.03434	0.985933	0.996643	0.94568	0.94866	0.951728	0.945697	0.941407	0.951937	1.0053	0.997183	0.978578	1.00023	0.978879	0.979067	1.0019	1.00613	0.993952	1.00211	1.0022	1.00326	1.00763	0.990828	0.991601	1.00696	0.990902	1.01012	0.974366	0.971168	0.972584	0.975916	0.956056	0.945362
ERR631234	0.98843	0.970309	1.0033	0.962073	0.988588	0.989809	1.01728	1.01601	1.0165	1.03161	1.03144	1.01633	0.758333	0	0.772884	0.777164	0.777653	0.777517	0.985489	0.979715	0.970401	0.987889	0.988665	0.967683	0.979302	0.977447	1.00434	0.975224	0.969006	0.97246	0.98067	0.971952	0.971911	0.970872	0.969456	0.974493	0.996509	0.978123	1.00169	0.994345	0.976698	0.985885	1.03173	0.97449	0.974933	0.963537	0.969296	0.977451	1.01562	1.01849	0.998462	1.01597	1.00733	1.00156	1.03229	1.03372	1.00374	1.03504	1.01299	1.01562	1.01809	1.00207	1.00011	1.04783	1.00157	1.01142	0.961207	0.964836	0.966644	0.962149	0.957896	0.966624	1.01892	1.01136	0.994399	1.01443	0.994928	0.995129	1.01699	1.02076	1.00933	1.01695	1.01699	1.01787	1.02131	1.00573	1.00618	1.0208	1.00585	1.02453	0.989043	0.985984	0.987423	0.991435	0.972625	0.962641
ERR631233	0.984651	0.965524	0.99804	0.957589	0.984416	0.986054	1.01349	1.01232	1.01299	1.02798	1.02816	1.01268	0.754382	0.772884	0	0.772848	0.77357	0.773992	0.981791	0.975982	0.965998	0.984144	0.984684	0.964037	0.975001	0.973237	1.00006	0.969757	0.963964	0.966842	0.976159	0.966955	0.9675	0.965969	0.964309	0.969754	0.994608	0.974641	0.999179	0.992083	0.97414	0.982544	1.02682	0.969228	0.969502	0.958555	0.96462	0.971899	1.01041	1.01366	0.994613	1.01093	1.00258	0.997509	1.02755	1.0291	1.00022	1.03072	1.00916	1.01145	1.01639	1.00018	0.998011	1.04507	0.999669	1.00988	0.958726	0.961192	0.964412	0.958668	0.95474	0.964483	1.01642	1.00901	0.991066	1.01165	0.991518	0.991496	1.01356	1.01756	1.00607	1.01387	1.01388	1.01486	1.01912	1.00318	1.00394	1.01823	1.00328	1.02125	0.986538	0.983398	0.984787	0.98761	0.969245	0.959311
ERR631236	0.986567	0.967395	0.999749	0.960017	0.986361	0.988229	1.01705	1.01586	1.01668	1.03092	1.03143	1.01667	0.758894	0.777164	0.772848	0	0.775052	0.775119	0.984615	0.978745	0.969205	0.986617	0.987269	0.967101	0.978541	0.976782	1.00312	0.973223	0.967455	0.970264	0.97904	0.970019	0.970485	0.968997	0.967422	0.972925	0.996764	0.97728	1.00097	0.994153	0.976514	0.984802	1.02793	0.972101	0.972181	0.961552	0.967334	0.974721	1.01418	1.01689	0.998383	1.01465	1.00619	1.00138	1.03113	1.03196	1.00418	1.03375	1.01284	1.01511	1.01979	1.00394	1.00158	1.04782	1.00322	1.01337	0.962555	0.965128	0.968361	0.962313	0.958716	0.968631	1.01974	1.01236	0.994312	1.01524	0.994852	0.995037	1.01681	1.02093	1.0097	1.01736	1.01742	1.01811	1.02233	1.00648	1.00751	1.02155	1.00683	1.02412	0.990285	0.986838	0.988319	0.991259	0.973129	0.963259
ERR631238	0.987315	0.968424	1.0004	0.960669	0.987026	0.988465	1.01789	1.01626	1.01712	1.03154	1.03205	1.01711	0.75936	0.777653	0.77357	0.775052	0	0.775258	0.985699	0.979919	0.970215	0.987599	0.988551	0.968357	0.979511	0.977345	1.00415	0.974481	0.968506	0.971644	0.980206	0.970883	0.971578	0.97023	0.968535	0.973769	0.997152	0.977304	1.00145	0.994253	0.976687	0.985467	1.02932	0.973074	0.973589	0.962705	0.968501	0.976051	1.01476	1.01775	0.999021	1.01546	1.00685	1.0021	1.03179	1.03284	1.00422	1.03432	1.01336	1.01537	1.01986	1.00405	1.00192	1.04823	1.00363	1.01367	0.962764	0.965692	0.968579	0.963204	0.959268	0.968963	1.01995	1.01291	0.994989	1.01525	0.995427	0.995662	1.01752	1.02137	1.01043	1.01793	1.01775	1.01852	1.02272	1.007	1.00748	1.02176	1.00726	1.0244	0.990593	0.987334	0.988925	0.991834	0.973697	0.963824
ERR631237	0.986921	0.967996	0.999605	0.960247	0.986445	0.98822	1.01767	1.01629	1.01702	1.03146	1.03206	1.01683	0.759405	0.777517	0.773992	0.775119	0.775258	0	0.98496	0.979245	0.969882	0.987134	0.987881	0.967756	0.978709	0.976674	1.00344	0.973568	0.967963	0.970743	0.979387	0.970365	0.971318	0.969479	0.967857	0.973047	0.996908	0.977269	1.00096	0.994308	0.976449	0.985004	1.0286	0.972786	0.973103	0.962609	0.968187	0.975321	1.01493	1.01771	0.999046	1.01553	1.00723	1.00223	1.03137	1.03281	1.00453	1.03438	1.01345	1.01535	1.0199	1.00403	1.00186	1.04808	1.00357	1.01334	0.963204	0.965647	0.969298	0.963049	0.959495	0.969181	1.02028	1.01297	0.995238	1.01531	0.995593	0.995574	1.01797	1.0215	1.01054	1.0179	1.01813	1.019	1.02308	1.00719	1.00793	1.02217	1.00776	1.02489	0.990462	0.987337	0.988527	0.991548	0.973624	0.963835
ERR607756	0.896948	0.879404	0.905607	0.872409	0.895467	0.899293	1.12002	1.11986	1.12001	1.13042	1.13133	1.12002	0.970267	0.985489	0.981791	0.984615	0.985699	0.98496	0	0.800092	0.791538	0.804048	0.804794	0.791104	0.926291	0.924073	0.950446	0.917703	0.912808	0.914602	0.841821	0.83469	0.837618	0.833838	0.833326	0.838155	0.925352	0.903489	0.928888	0.923308	0.904773	0.911803	0.945222	0.892696	0.893356	0.883493	0.887875	0.894227	1.09519	1.09885	1.08529	1.09654	1.09016	1.0877	1.13139	1.13192	1.11028	1.13303	1.11752	1.11888	1.124	1.11121	1.10948	1.14491	1.11121	1.11909	1.07536	1.07529	1.0814	1.07359	1.07035	1.08125	1.13214	1.12488	1.10933	1.12711	1.10965	1.1095	1.11796	1.12146	1.11278	1.11894	1.11897	1.11962	1.11898	1.1066	1.10721	1.11833	1.10691	1.11901	1.07705	1.0748	1.07524	1.07544	1.06155	1.05256
ERR607753	0.893952	0.875477	0.90466	0.867785	0.892239	0.896297	1.11458	1.11398	1.11413	1.12536	1.12594	1.11422	0.963917	0.979715	0.975982	0.978745	0.979919	0.979245	0.800092	0	0.783414	0.801519	0.802368	0.782155	0.921489	0.918968	0.946708	0.913333	0.907582	0.910168	0.836566	0.829683	0.831226	0.828356	0.82762	0.832697	0.921415	0.89968	0.925345	0.918623	0.899811	0.907887	0.943663	0.887783	0.888655	0.877776	0.882887	0.889727	1.0911	1.09434	1.07999	1.09221	1.08518	1.08248	1.12617	1.12711	1.10437	1.12821	1.11185	1.1135	1.11781	1.10436	1.10254	1.13968	1.10418	1.11239	1.06866	1.06936	1.07459	1.06751	1.06406	1.07455	1.12627	1.11896	1.10323	1.12145	1.10365	1.10358	1.1121	1.11577	1.10648	1.11307	1.11318	1.11391	1.11386	1.10091	1.10153	1.11319	1.10092	1.11418	1.07249	1.07014	1.07044	1.0714	1.05677	1.0473
ERR607755	0.884843	0.864146	0.895717	0.855841	0.883717	0.887168	1.10436	1.10402	1.10422	1.11582	1.11672	1.10408	0.953563	0.970401	0.965998	0.969205	0.970215	0.969882	0.791538	0.783414	0	0.793705	0.79505	0.771249	0.912217	0.909508	0.938139	0.903172	0.89716	0.899271	0.826979	0.818318	0.820925	0.817038	0.815868	0.821702	0.915095	0.890469	0.918682	0.912198	0.891396	0.89986	0.936326	0.877084	0.878223	0.867014	0.872436	0.879363	1.08064	1.08403	1.06979	1.08186	1.07481	1.07257	1.11611	1.11648	1.09367	1.11796	1.10167	1.10268	1.10827	1.09453	1.09276	1.13039	1.09443	1.10299	1.05873	1.0589	1.06515	1.05719	1.05355	1.06513	1.11703	1.10937	1.09227	1.11177	1.09286	1.09271	1.10222	1.10612	1.09694	1.10356	1.10351	1.1043	1.10446	1.09163	1.092	1.10368	1.09153	1.10456	1.0643	1.06204	1.06284	1.06287	1.04815	1.03846
ERR607758	0.89935	0.881603	0.907599	0.874844	0.897517	0.901453	1.12177	1.12133	1.12137	1.13212	1.13277	1.12156	0.972408	0.987889	0.984144	0.986617	0.987599	0.987134	0.804048	0.801519	0.793705	0	0.806457	0.793569	0.927527	0.925226	0.951107	0.918588	0.913792	0.915459	0.843045	0.836491	0.83897	0.835437	0.834672	0.839394	0.927584	0.905443	0.930892	0.925187	0.906638	0.913698	0.945592	0.8939	0.894567	0.885065	0.888986	0.895448	1.09648	1.09994	1.08654	1.09782	1.09151	1.08899	1.13282	1.13342	1.11212	1.13469	1.11946	1.12034	1.12602	1.11314	1.11132	1.14633	1.11293	1.12094	1.07744	1.07699	1.08323	1.07544	1.07194	1.08321	1.13397	1.12656	1.11115	1.1288	1.11133	1.11127	1.11952	1.12307	1.11441	1.1207	1.12033	1.12123	1.12042	1.10801	1.10887	1.11971	1.10862	1.12042	1.07832	1.07647	1.07678	1.07638	1.0632	1.05384
ERR607757	0.899825	0.882585	0.90844	0.875546	0.898343	0.902143	1.12265	1.12211	1.12272	1.13305	1.13374	1.12256	0.973148	0.988665	0.984684	0.987269	0.988551	0.987881	0.804794	0.802368	0.79505	0.806457	0	0.79477	0.928764	0.926335	0.952446	0.920135	0.914982	0.916588	0.844385	0.837594	0.840309	0.836572	0.83581	0.840715	0.928012	0.90619	0.931193	0.925884	0.907237	0.914586	0.946799	0.895034	0.895839	0.886346	0.89067	0.896457	1.0976	1.1009	1.08772	1.09899	1.09218	1.0899	1.13404	1.13442	1.11336	1.1357	1.12065	1.12125	1.12674	1.1137	1.11202	1.14716	1.11355	1.12154	1.07834	1.07805	1.08425	1.07641	1.07313	1.08419	1.13468	1.12735	1.11193	1.12955	1.11238	1.11214	1.12024	1.12393	1.11539	1.12159	1.12149	1.12235	1.12128	1.10893	1.10982	1.12061	1.10913	1.12124	1.07885	1.0768	1.07719	1.07722	1.06364	1.05462
ERR607754	0.885036	0.865062	0.898564	0.856073	0.883451	0.887696	1.10349	1.10307	1.10357	1.11539	1.11581	1.10325	0.950941	0.967683	0.964037	0.967101	0.968357	0.967756	0.791104	0.782155	0.771249	0.793569	0.79477	0	0.911493	0.909112	0.938777	0.904121	0.897723	0.900251	0.826984	0.818509	0.819919	0.817108	0.815786	0.821946	0.913383	0.89064	0.917763	0.910479	0.889755	0.899094	0.939286	0.878112	0.879176	0.866727	0.872229	0.880508	1.08141	1.08462	1.06875	1.0825	1.07507	1.07172	1.11666	1.11741	1.09324	1.11847	1.10077	1.10265	1.10678	1.09237	1.09071	1.13039	1.09222	1.1006	1.05632	1.05732	1.06227	1.05519	1.05163	1.06216	1.11545	1.10816	1.09183	1.11073	1.09226	1.09221	1.1011	1.10494	1.09524	1.10208	1.102	1.10265	1.10344	1.09009	1.09053	1.10275	1.08996	1.10422	1.06314	1.06071	1.06144	1.06314	1.04736	1.03713
ERR613693	0.965001	0.945042	0.97543	0.93761	0.964493	0.967223	1.07594	1.07555	1.07588	1.08729	1.08877	1.07586	0.963158	0.979302	0.975001	0.978541	0.979511	0.978709	0.926291	0.921489	0.912217	0.927527	0.928764	0.911493	0	0.829389	0.861718	0.824515	0.817323	0.819965	0.903401	0.895193	0.896241	0.893742	0.891536	0.896599	0.981374	0.955921	0.984845	0.978787	0.95691	0.965618	0.983455	0.923742	0.923703	0.913948	0.920355	0.926694	1.05061	1.05347	1.04022	1.05179	1.0446	1.04294	1.09189	1.09208	1.06883	1.0933	1.07714	1.07777	1.08032	1.06702	1.06465	1.10198	1.06644	1.07556	1.03458	1.03363	1.04083	1.03258	1.02867	1.04087	1.08244	1.07423	1.05627	1.07624	1.05658	1.05662	1.07737	1.08086	1.07162	1.07827	1.07863	1.0794	1.07802	1.06447	1.06539	1.07736	1.065	1.078	1.04565	1.04333	1.04415	1.04358	1.02872	1.01989
ERR613692	0.962684	0.942048	0.972983	0.934881	0.961914	0.964338	1.0741	1.07354	1.07396	1.08555	1.08666	1.07353	0.961124	0.977447	0.973237	0.976782	0.977345	0.976674	0.924073	0.918968	0.909508	0.925226	0.926335	0.909112	0.829389	0	0.85951	0.821021	0.813637	0.817076	0.900885	0.891809	0.893522	0.890585	0.888706	0.894102	0.978754	0.95274	0.982256	0.976321	0.953755	0.962598	0.9812	0.920287	0.921044	0.910758	0.917125	0.923816	1.04815	1.05111	1.03751	1.04954	1.04218	1.04057	1.08971	1.08984	1.06662	1.09123	1.07468	1.07575	1.07819	1.06461	1.06219	1.09992	1.06428	1.07346	1.03243	1.03119	1.03807	1.02974	1.02611	1.03842	1.08031	1.07188	1.05387	1.0744	1.05384	1.05396	1.07482	1.0786	1.06928	1.07561	1.07614	1.07703	1.07596	1.06231	1.06324	1.07521	1.06263	1.07561	1.04339	1.04126	1.04214	1.04112	1.02654	1.01747
ERR613694	0.987369	0.968377	0.9949	0.962375	0.986601	0.989204	1.09416	1.09354	1.09403	1.104	1.10586	1.09408	0.989552	1.00434	1.00006	1.00312	1.00415	1.00344	0.950446	0.946708	0.938139	0.951107	0.952446	0.938777	0.861718	0.85951	0	0.852788	0.847077	0.848638	0.930231	0.92204	0.924499	0.921131	0.919235	0.924045	1.00373	0.978608	1.00661	1.00143	0.980989	0.988048	1.00112	0.948436	0.948654	0.940923	0.946104	0.951495	1.06731	1.07035	1.05928	1.06849	1.06276	1.06184	1.10735	1.10782	1.08725	1.10883	1.09538	1.09547	1.09878	1.08664	1.08431	1.11743	1.086	1.09493	1.05698	1.05462	1.06265	1.05411	1.05085	1.06264	1.09959	1.09169	1.07456	1.09354	1.07472	1.07477	1.0952	1.09894	1.0906	1.09673	1.09698	1.09769	1.09638	1.08383	1.08461	1.09577	1.08425	1.09534	1.06545	1.06344	1.06429	1.06202	1.04945	1.04133
ERR613691	0.957511	0.935417	0.964593	0.928553	0.956391	0.959164	1.06939	1.06897	1.06959	1.08038	1.0824	1.06952	0.957573	0.975224	0.969757	0.973223	0.974481	0.973568	0.917703	0.913333	0.903172	0.918588	0.920135	0.904121	0.824515	0.821021	0.852788	0	0.801104	0.803122	0.894312	0.884554	0.887557	0.883203	0.881409	0.886644	0.975624	0.94675	0.978988	0.972873	0.949605	0.957563	0.972265	0.912813	0.913456	0.904188	0.910389	0.916253	1.04075	1.04415	1.03269	1.04238	1.03594	1.03538	1.08371	1.08395	1.0621	1.08538	1.07064	1.07006	1.07581	1.06225	1.05973	1.09601	1.06223	1.07159	1.02948	1.02645	1.03597	1.02599	1.02193	1.03607	1.07664	1.06791	1.0486	1.07012	1.04915	1.0489	1.07096	1.07503	1.06584	1.07271	1.07301	1.07384	1.07178	1.05837	1.05933	1.07108	1.05898	1.07041	1.03851	1.03643	1.03712	1.03436	1.02056	1.01136
ERR613689	0.953	0.930446	0.961767	0.922878	0.952248	0.954981	1.06421	1.06405	1.06459	1.07592	1.07767	1.06455	0.951535	0.969006	0.963964	0.967455	0.968506	0.967963	0.912808	0.907582	0.89716	0.913792	0.914982	0.897723	0.817323	0.813637	0.847077	0.801104	0	0.795349	0.887923	0.87808	0.880767	0.876843	0.874931	0.880319	0.970556	0.941689	0.973793	0.96756	0.943873	0.952332	0.968849	0.906593	0.906621	0.897424	0.904198	0.910541	1.03662	1.04023	1.02697	1.03804	1.03096	1.03021	1.07955	1.07992	1.05647	1.08077	1.06525	1.06525	1.07023	1.056	1.05364	1.09167	1.05568	1.06535	1.02304	1.02055	1.02938	1.01975	1.01581	1.02985	1.07105	1.06222	1.04279	1.06454	1.04298	1.04294	1.06605	1.06961	1.06035	1.06731	1.06762	1.06876	1.06693	1.05311	1.05385	1.06617	1.05339	1.06557	1.03416	1.03159	1.03225	1.03044	1.01595	1.00668
ERR613690	0.954211	0.93153	0.96184	0.924356	0.953399	0.956119	1.06564	1.06542	1.06574	1.07673	1.07885	1.06595	0.954656	0.97246	0.966842	0.970264	0.971644	0.970743	0.914602	0.910168	0.899271	0.915459	0.916588	0.900251	0.819965	0.817076	0.848638	0.803122	0.795349	0	0.889668	0.879438	0.883023	0.878398	0.876935	0.881796	0.973956	0.944433	0.977207	0.971216	0.946892	0.955086	0.969568	0.908277	0.908778	0.90068	0.906837	0.912704	1.03619	1.03995	1.02832	1.03826	1.03166	1.03124	1.07996	1.08013	1.05763	1.08141	1.06645	1.06593	1.07243	1.05859	1.05603	1.09241	1.05808	1.06809	1.02533	1.02241	1.03216	1.02193	1.01795	1.03211	1.07318	1.06455	1.04499	1.06668	1.04519	1.04517	1.06743	1.07148	1.0624	1.0693	1.06943	1.0706	1.06811	1.05447	1.0555	1.0674	1.05475	1.06666	1.03549	1.03328	1.03397	1.03109	1.01706	1.00792
ERR636835	0.899541	0.879683	0.909481	0.872064	0.89817	0.901871	1.09435	1.09403	1.09441	1.10586	1.1069	1.09457	0.963562	0.98067	0.976159	0.97904	0.980206	0.979387	0.841821	0.836566	0.826979	0.843045	0.844385	0.826984	0.903401	0.900885	0.930231	0.894312	0.887923	0.889668	0	0.759015	0.759421	0.758151	0.7554	0.759797	0.926268	0.901997	0.929609	0.92335	0.902603	0.911189	0.939529	0.882067	0.883392	0.872287	0.877961	0.884488	1.07239	1.07568	1.06145	1.07384	1.06639	1.06403	1.10694	1.10722	1.08393	1.10841	1.09194	1.09307	1.1006	1.08641	1.08421	1.12282	1.08613	1.09487	1.05466	1.05421	1.06082	1.05247	1.04877	1.06091	1.10477	1.09649	1.0788	1.09907	1.07951	1.07918	1.09468	1.09859	1.08907	1.09618	1.09667	1.09686	1.09821	1.08466	1.08536	1.09774	1.08473	1.0981	1.0605	1.05774	1.05861	1.05839	1.04359	1.03401
ERR636838	0.891118	0.869226	0.901239	0.861364	0.889807	0.893872	1.08462	1.08414	1.08448	1.09613	1.09736	1.0845	0.953687	0.971952	0.966955	0.970019	0.970883	0.970365	0.83469	0.829683	0.818318	0.836491	0.837594	0.818509	0.895193	0.891809	0.92204	0.884554	0.87808	0.879438	0.759015	0	0.749331	0.742147	0.739247	0.749741	0.920087	0.893794	0.923782	0.917004	0.894977	0.903597	0.932812	0.871858	0.873486	0.862226	0.868177	0.875043	1.06238	1.06589	1.05168	1.06359	1.05622	1.05463	1.09688	1.09733	1.0733	1.09836	1.08177	1.08244	1.09105	1.0762	1.07403	1.11376	1.07587	1.08514	1.04485	1.04442	1.05137	1.04258	1.03896	1.05141	1.09523	1.08641	1.06796	1.08907	1.06849	1.06813	1.08466	1.08882	1.07904	1.08614	1.08656	1.08715	1.0895	1.07562	1.0763	1.08905	1.07568	1.08921	1.05249	1.05005	1.05081	1.05044	1.03499	1.02504
ERR636836	0.894848	0.873735	0.907439	0.865431	0.893493	0.897626	1.08564	1.08516	1.08573	1.09793	1.09871	1.08543	0.95432	0.971911	0.9675	0.970485	0.971578	0.971318	0.837618	0.831226	0.820925	0.83897	0.840309	0.819919	0.896241	0.893522	0.924499	0.887557	0.880767	0.883023	0.759421	0.749331	0	0.748564	0.745621	0.750901	0.920548	0.895938	0.924801	0.917263	0.895604	0.905279	0.937785	0.875276	0.876674	0.864182	0.870838	0.87829	1.06526	1.06841	1.05251	1.06632	1.05842	1.05569	1.09947	1.10014	1.075	1.1012	1.08329	1.08472	1.09102	1.07651	1.074	1.11562	1.07625	1.08524	1.04448	1.04475	1.05075	1.04288	1.03915	1.05086	1.09609	1.08769	1.06954	1.09038	1.07028	1.06999	1.08604	1.09013	1.07954	1.08727	1.08782	1.08798	1.0901	1.07593	1.07663	1.08934	1.07608	1.09078	1.05248	1.04981	1.05115	1.05157	1.03527	1.02512
ERR636839	0.890441	0.868238	0.900301	0.860129	0.888897	0.893165	1.08383	1.08342	1.08373	1.09557	1.097	1.08384	0.952815	0.970872	0.965969	0.968997	0.97023	0.969479	0.833838	0.828356	0.817038	0.835437	0.836572	0.817108	0.893742	0.890585	0.921131	0.883203	0.876843	0.878398	0.758151	0.742147	0.748564	0	0.738059	0.74849	0.919585	0.893135	0.922954	0.916183	0.89429	0.902893	0.932186	0.871379	0.872688	0.861599	0.867073	0.87428	1.06198	1.06564	1.05114	1.06337	1.05601	1.05402	1.09626	1.09676	1.07273	1.09772	1.08103	1.08185	1.09022	1.07555	1.07344	1.11318	1.07549	1.08495	1.04424	1.04343	1.05076	1.04197	1.03805	1.05084	1.0947	1.08602	1.06754	1.08859	1.06823	1.06776	1.08401	1.08834	1.07833	1.08552	1.08581	1.08645	1.08913	1.07485	1.07586	1.08835	1.07516	1.08873	1.05221	1.04945	1.0503	1.05016	1.03439	1.02434
ERR636840	0.888965	0.866484	0.89974	0.858533	0.887641	0.892023	1.08179	1.08138	1.08174	1.09368	1.09482	1.08135	0.95062	0.969456	0.964309	0.967422	0.968535	0.967857	0.833326	0.82762	0.815868	0.834672	0.83581	0.815786	0.891536	0.888706	0.919235	0.881409	0.874931	0.876935	0.7554	0.739247	0.745621	0.738059	0	0.745609	0.918327	0.891279	0.922109	0.914803	0.892326	0.901432	0.931851	0.869647	0.871015	0.859611	0.865966	0.872806	1.05972	1.06312	1.04871	1.06092	1.05365	1.0513	1.0941	1.09464	1.07023	1.09552	1.07868	1.07936	1.0878	1.07329	1.07063	1.11121	1.07287	1.08217	1.04142	1.04089	1.04792	1.03927	1.03563	1.04817	1.09226	1.08354	1.06478	1.08619	1.06563	1.06491	1.08188	1.08583	1.07574	1.08317	1.08351	1.08426	1.08653	1.07265	1.07336	1.08609	1.07268	1.08646	1.05	1.04717	1.04848	1.04778	1.0323	1.02214
ERR636837	0.894066	0.872961	0.904487	0.864763	0.892694	0.896697	1.08637	1.08608	1.08654	1.09824	1.09927	1.08615	0.956536	0.974493	0.969754	0.972925	0.973769	0.973047	0.838155	0.832697	0.821702	0.839394	0.840715	0.821946	0.896599	0.894102	0.924045	0.886644	0.880319	0.881796	0.759797	0.749741	0.750901	0.74849	0.745609	0	0.922562	0.896407	0.925884	0.918975	0.897577	0.906268	0.935582	0.875411	0.876851	0.865816	0.871677	0.878708	1.06409	1.06749	1.05349	1.06552	1.05821	1.05643	1.09858	1.09939	1.0754	1.10027	1.08361	1.08424	1.09288	1.07807	1.07603	1.11558	1.07801	1.0871	1.0468	1.0462	1.05343	1.04466	1.04076	1.05343	1.09691	1.08842	1.06988	1.09094	1.07063	1.07011	1.08653	1.09079	1.08091	1.08829	1.08871	1.08903	1.09107	1.07747	1.078	1.09052	1.07756	1.09109	1.05401	1.05143	1.05242	1.05168	1.03665	1.02661
ERR607315	0.90904	0.894785	0.922422	0.887191	0.907708	0.911707	1.12484	1.12425	1.12459	1.13532	1.13591	1.12426	0.9851	0.996509	0.994608	0.996764	0.997152	0.996908	0.925352	0.921415	0.915095	0.927584	0.928012	0.913383	0.981374	0.978754	1.00373	0.975624	0.970556	0.973956	0.926268	0.920087	0.920548	0.919585	0.918327	0.922562	0	0.816912	0.835391	0.82834	0.814715	0.823319	0.970093	0.920295	0.920533	0.909861	0.914412	0.921394	1.11024	1.11287	1.09907	1.11115	1.10434	1.10122	1.13949	1.1399	1.11826	1.14121	1.12543	1.12667	1.12731	1.11425	1.11255	1.14848	1.11374	1.12147	1.08847	1.08948	1.09366	1.08788	1.08464	1.09377	1.13366	1.12666	1.11198	1.12903	1.11232	1.11225	1.12555	1.12902	1.11994	1.12637	1.12624	1.12711	1.12742	1.11525	1.11569	1.12682	1.11493	1.12883	1.10053	1.09855	1.09941	1.10068	1.08675	1.07803
ERR607313	0.889043	0.870057	0.89968	0.862525	0.887789	0.892292	1.10498	1.10477	1.10475	1.11577	1.11697	1.1048	0.963868	0.978123	0.974641	0.97728	0.977304	0.977269	0.903489	0.89968	0.890469	0.905443	0.90619	0.89064	0.955921	0.95274	0.978608	0.94675	0.941689	0.944433	0.901997	0.893794	0.895938	0.893135	0.891279	0.896407	0.816912	0	0.820804	0.813391	0.788384	0.797754	0.945141	0.890423	0.890407	0.88029	0.884814	0.892136	1.08604	1.08971	1.07725	1.08781	1.08172	1.0791	1.11793	1.11864	1.09687	1.1197	1.10488	1.10505	1.10911	1.09532	1.0933	1.12973	1.09507	1.10389	1.06859	1.06774	1.07431	1.06629	1.06294	1.07438	1.11422	1.10615	1.08946	1.10842	1.08987	1.08948	1.10551	1.10984	1.10071	1.1074	1.10713	1.1079	1.10841	1.09578	1.09612	1.10758	1.09576	1.10822	1.07969	1.07758	1.07825	1.07775	1.06399	1.05485
ERR607314	0.911401	0.897655	0.923044	0.891129	0.910067	0.914207	1.12818	1.12775	1.12811	1.13849	1.13911	1.12795	0.990048	1.00169	0.999179	1.00097	1.00145	1.00096	0.928888	0.925345	0.918682	0.930892	0.931193	0.917763	0.984845	0.982256	1.00661	0.978988	0.973793	0.977207	0.929609	0.923782	0.924801	0.922954	0.922109	0.925884	0.835391	0.820804	0	0.832597	0.819708	0.826872	0.970332	0.922784	0.922897	0.913306	0.91772	0.924242	1.11296	1.11561	1.10306	1.11421	1.10791	1.10508	1.14166	1.14235	1.12155	1.14336	1.12871	1.12958	1.13126	1.11833	1.11695	1.15153	1.11813	1.12573	1.09322	1.09382	1.09854	1.0922	1.08922	1.09851	1.13722	1.13014	1.11511	1.13206	1.11515	1.11498	1.12886	1.13245	1.12391	1.12994	1.12971	1.13057	1.13128	1.11956	1.11988	1.13051	1.11922	1.1322	1.10502	1.10255	1.10346	1.10442	1.0908	1.08248
ERR607316	0.906535	0.891993	0.919924	0.884484	0.905457	0.909221	1.12205	1.1216	1.12197	1.13292	1.1333	1.12174	0.982163	0.994345	0.992083	0.994153	0.994253	0.994308	0.923308	0.918623	0.912198	0.925187	0.925884	0.910479	0.978787	0.976321	1.00143	0.972873	0.96756	0.971216	0.92335	0.917004	0.917263	0.916183	0.914803	0.918975	0.82834	0.813391	0.832597	0	0.81125	0.819532	0.96825	0.917222	0.917818	0.906911	0.910937	0.918819	1.10788	1.11046	1.09697	1.10872	1.10209	1.09901	1.13658	1.13728	1.11563	1.1388	1.12258	1.12405	1.12439	1.11097	1.10955	1.14611	1.111	1.11824	1.086	1.08695	1.091	1.08515	1.08185	1.09104	1.13105	1.1237	1.10908	1.12602	1.10943	1.10912	1.12251	1.12617	1.11705	1.1235	1.12332	1.12411	1.12526	1.11282	1.11312	1.12418	1.11249	1.12636	1.09795	1.09594	1.0964	1.0981	1.08384	1.07517
ERR607312	0.89065	0.872441	0.904283	0.863977	0.889452	0.893623	1.10529	1.10489	1.10508	1.11681	1.11713	1.105	0.96251	0.976698	0.97414	0.976514	0.976687	0.976449	0.904773	0.899811	0.891396	0.906638	0.907237	0.889755	0.95691	0.953755	0.980989	0.949605	0.943873	0.946892	0.902603	0.894977	0.895604	0.89429	0.892326	0.897577	0.814715	0.788384	0.819708	0.81125	0	0.797078	0.949822	0.892806	0.893064	0.881398	0.886796	0.894736	1.08813	1.0916	1.07733	1.08946	1.08265	1.07955	1.1197	1.12021	1.0975	1.12151	1.10531	1.10642	1.10813	1.09404	1.09235	1.13043	1.09415	1.1022	1.06704	1.06721	1.07258	1.06554	1.06233	1.0729	1.11422	1.10631	1.09037	1.10886	1.09055	1.09048	1.10594	1.10971	1.10042	1.10719	1.10697	1.10801	1.10794	1.09477	1.0952	1.10711	1.09485	1.10848	1.07954	1.07752	1.07812	1.07889	1.06424	1.05487
ERR607311	0.89672	0.878932	0.906708	0.871888	0.895313	0.899474	1.1131	1.11277	1.1128	1.12345	1.12461	1.11292	0.972126	0.985885	0.982544	0.984802	0.985467	0.985004	0.911803	0.907887	0.89986	0.913698	0.914586	0.899094	0.965618	0.962598	0.988048	0.957563	0.952332	0.955086	0.911189	0.903597	0.905279	0.902893	0.901432	0.906268	0.823319	0.797754	0.826872	0.819532	0.797078	0	0.952748	0.900528	0.900717	0.890621	0.895311	0.902173	1.09512	1.09845	1.08609	1.09663	1.09039	1.08791	1.12628	1.12706	1.10567	1.12793	1.11327	1.11363	1.11674	1.10341	1.10151	1.13718	1.10322	1.11133	1.07671	1.07632	1.08244	1.07502	1.07169	1.08255	1.12222	1.11434	1.09865	1.11661	1.09853	1.09837	1.11366	1.11771	1.10878	1.11546	1.11493	1.11601	1.11604	1.1033	1.10413	1.11506	1.10351	1.11633	1.08841	1.08625	1.08681	1.08671	1.07312	1.0642
ERR609045	0.983868	0.967002	0.982334	0.96429	0.982886	0.984637	1.13231	1.13292	1.13279	1.14102	1.14319	1.1332	1.01706	1.03173	1.02682	1.02793	1.02932	1.0286	0.945222	0.943663	0.936326	0.945592	0.946799	0.939286	0.983455	0.9812	1.00112	0.972265	0.968849	0.969568	0.939529	0.932812	0.937785	0.932186	0.931851	0.935582	0.970093	0.945141	0.970332	0.96825	0.949822	0.952748	0	0.869174	0.869991	0.864006	0.868982	0.868222	1.10724	1.11104	1.10398	1.10944	1.10524	1.10552	1.14039	1.14059	1.12465	1.14125	1.13161	1.13038	1.14183	1.13006	1.1283	1.15556	1.13021	1.1385	1.10363	1.09947	1.10901	1.099	1.09639	1.10922	1.14286	1.13541	1.11905	1.13686	1.11899	1.11896	1.13344	1.13676	1.12995	1.13605	1.13537	1.13656	1.13672	1.12596	1.12688	1.13599	1.12651	1.13401	1.11157	1.10987	1.11039	1.10649	1.09634	1.08891
ERR609050	0.937117	0.915032	0.944267	0.908521	0.936437	0.939223	1.08623	1.08638	1.08635	1.09764	1.0996	1.08664	0.956419	0.97449	0.969228	0.972101	0.973074	0.972786	0.892696	0.887783	0.877084	0.8939	0.895034	0.878112	0.923742	0.920287	0.948436	0.912813	0.906593	0.908277	0.882067	0.871858	0.875276	0.871379	0.869647	0.875411	0.920295	0.890423	0.922784	0.917222	0.892806	0.900528	0.869174	0	0.799286	0.792556	0.796096	0.805902	1.06048	1.06423	1.05199	1.06248	1.05606	1.05459	1.098	1.09831	1.07602	1.09945	1.08451	1.08455	1.09459	1.08006	1.07786	1.11522	1.07981	1.0895	1.04849	1.04609	1.05486	1.04528	1.04115	1.05467	1.09803	1.08989	1.07049	1.09184	1.07087	1.07093	1.0869	1.0912	1.08217	1.08943	1.08896	1.08998	1.0896	1.07637	1.07731	1.08853	1.07658	1.08825	1.06057	1.05815	1.05863	1.05678	1.04268	1.03355
ERR609049	0.938003	0.915774	0.944439	0.909097	0.936834	0.939471	1.08743	1.08769	1.08752	1.099	1.10065	1.08824	0.95711	0.974933	0.969502	0.972181	0.973589	0.973103	0.893356	0.888655	0.878223	0.894567	0.895839	0.879176	0.923703	0.921044	0.948654	0.913456	0.906621	0.908778	0.883392	0.873486	0.876674	0.872688	0.871015	0.876851	0.920533	0.890407	0.922897	0.917818	0.893064	0.900717	0.869991	0.799286	0	0.793507	0.797298	0.806998	1.06162	1.06523	1.05347	1.06338	1.05737	1.05596	1.09878	1.09916	1.07732	1.10062	1.08595	1.08539	1.09597	1.08143	1.07929	1.11621	1.08142	1.09086	1.04961	1.04735	1.05607	1.04646	1.04244	1.05612	1.09901	1.09068	1.07173	1.09259	1.07202	1.07191	1.08833	1.09245	1.08355	1.09095	1.09036	1.09149	1.09082	1.0774	1.07848	1.08979	1.07774	1.08953	1.06102	1.05896	1.05961	1.0573	1.04383	1.03447
ERR609047	0.929496	0.906886	0.939239	0.898954	0.928664	0.931267	1.0791	1.07929	1.07936	1.09149	1.09266	1.07959	0.945189	0.963537	0.958555	0.961552	0.962705	0.962609	0.883493	0.877776	0.867014	0.885065	0.886346	0.866727	0.913948	0.910758	0.940923	0.904188	0.897424	0.90068	0.872287	0.862226	0.864182	0.861599	0.859611	0.865816	0.909861	0.88029	0.913306	0.906911	0.881398	0.890621	0.864006	0.792556	0.793507	0	0.787945	0.793129	1.0554	1.05851	1.04454	1.05687	1.04949	1.04728	1.09284	1.09292	1.06899	1.09438	1.0773	1.07829	1.08658	1.07154	1.06949	1.10911	1.07137	1.08071	1.03871	1.03751	1.04519	1.03604	1.03213	1.04509	1.09021	1.08189	1.06345	1.08447	1.06366	1.0634	1.07979	1.08405	1.07422	1.08179	1.08144	1.08245	1.08252	1.06864	1.06923	1.08133	1.06845	1.082	1.05204	1.04945	1.05025	1.04982	1.03445	1.02433
ERR609048	0.933521	0.911267	0.942022	0.904553	0.932601	0.935337	1.08562	1.08535	1.08546	1.09728	1.09853	1.08562	0.951877	0.969296	0.96462	0.967334	0.968501	0.968187	0.887875	0.882887	0.872436	0.888986	0.89067	0.872229	0.920355	0.917125	0.946104	0.910389	0.904198	0.906837	0.877961	0.868177	0.870838	0.867073	0.865966	0.871677	0.914412	0.884814	0.91772	0.910937	0.886796	0.895311	0.868982	0.796096	0.797298	0.787945	0	0.803007	1.06096	1.06467	1.05124	1.06277	1.05581	1.05382	1.09878	1.09894	1.0757	1.10049	1.08414	1.08463	1.0931	1.07844	1.07624	1.11466	1.07838	1.0877	1.0459	1.04424	1.05238	1.04277	1.03927	1.05189	1.09661	1.08853	1.06992	1.0907	1.07023	1.0702	1.08657	1.09051	1.08104	1.08813	1.08766	1.08905	1.08821	1.07465	1.0753	1.0877	1.07497	1.08747	1.05808	1.05594	1.05676	1.05571	1.04107	1.03138
ERR609046	0.938654	0.917455	0.945366	0.910864	0.938212	0.940624	1.09003	1.09013	1.09011	1.10127	1.10283	1.09051	0.959469	0.977451	0.971899	0.974721	0.976051	0.975321	0.894227	0.889727	0.879363	0.895448	0.896457	0.880508	0.926694	0.923816	0.951495	0.916253	0.910541	0.912704	0.884488	0.875043	0.87829	0.87428	0.872806	0.878708	0.921394	0.892136	0.924242	0.918819	0.894736	0.902173	0.868222	0.805902	0.806998	0.793129	0.803007	0	1.06477	1.06846	1.05639	1.06647	1.06031	1.05881	1.10196	1.10211	1.08022	1.10347	1.08851	1.08842	1.09846	1.08422	1.08195	1.11821	1.08387	1.09315	1.05252	1.05033	1.05899	1.04914	1.04548	1.05881	1.10164	1.09309	1.07472	1.09538	1.07512	1.07474	1.09101	1.09487	1.08597	1.09314	1.09269	1.0938	1.09337	1.07997	1.08113	1.09276	1.08056	1.09222	1.06389	1.06189	1.06252	1.06088	1.04684	1.03763
