	ERR630005	ERR630004	ERR630001	ERR630002	ERR630000	ERR630003	ERR613356	ERR613354	ERR613355	ERR613353	ERR613358	ERR613357	ERR605934	ERR605937	ERR605938	ERR605935	ERR605936	ERR605939	ERR608950	ERR608951	ERR608952	ERR608954	ERR608949	ERR608953	ERR630397	ERR630396	ERR630394	ERR630393	ERR630395	ERR630392	ERR630276	ERR630277	ERR630275	ERR630274	ERR630272	ERR630273	ERR629948	ERR629951	ERR629949	ERR629950	ERR629946	ERR629947	ERR622034	ERR622035	ERR622036	ERR622037	ERR622033	ERR622038	ERR630533	ERR630535	ERR630534	ERR630537	ERR630536	ERR630532	ERR618617	ERR618620	ERR618615	ERR618616	ERR618618	ERR618619	ERR629975	ERR629973	ERR629972	ERR629971	ERR629974	ERR629970	ERR615626	ERR615625	ERR615624	ERR615623	ERR615622	ERR615621	ERR617407	ERR617406	ERR617404	ERR617403	ERR617405	ERR617408	ERR607446	ERR607445	ERR607448	ERR607447	ERR607449	ERR607450	ERR613773	ERR613774	ERR613775	ERR613771	ERR613770	ERR613772	ERR608535	ERR608532	ERR608533	ERR608536	ERR608531	ERR608534
ERR630005	6.62421e+09	6.36727e+09	6.43298e+09	6.97599e+09	7.04677e+09	6.44902e+09	5.70956e+09	5.88938e+09	6.30161e+09	6.65728e+09	4.91165e+09	5.82595e+09	5.18988e+09	5.47382e+09	5.3501e+09	6.47718e+09	6.54934e+09	5.30815e+09	6.78966e+09	7.06017e+09	6.023e+09	5.87629e+09	5.74603e+09	5.95743e+09	4.99349e+09	4.70739e+09	5.7722e+09	5.51793e+09	4.82946e+09	5.84452e+09	7.07661e+09	6.89605e+09	7.06613e+09	6.61556e+09	7.18188e+09	6.74944e+09	7.20624e+09	6.6481e+09	6.70052e+09	6.61587e+09	7.26973e+09	6.68005e+09	5.98063e+09	5.94756e+09	5.90363e+09	5.61958e+09	6.25125e+09	5.52685e+09	5.61502e+09	5.31429e+09	6.09456e+09	5.36449e+09	5.3955e+09	5.8721e+09	5.43195e+09	5.06806e+09	5.63423e+09	5.35164e+09	5.35098e+09	5.06348e+09	6.58869e+09	6.62253e+09	7.09286e+09	6.56962e+09	6.5418e+09	7.15657e+09	6.42936e+09	6.48804e+09	6.0297e+09	6.23184e+09	5.26291e+09	4.99279e+09	6.26105e+09	6.07577e+09	4.81198e+09	4.34811e+09	4.96239e+09	6.33398e+09	5.50667e+09	5.38397e+09	6.45891e+09	5.3906e+09	6.42995e+09	6.43752e+09	6.325e+09	6.35106e+09	6.33176e+09	6.40761e+09	6.80067e+09	5.53239e+09	6.02389e+09	5.34736e+09	5.63077e+09	6.10983e+09	4.35487e+09	6.02547e+09
ERR630004	6.36727e+09	6.5191e+09	6.38051e+09	6.9163e+09	6.98658e+09	6.39704e+09	5.66518e+09	5.84321e+09	6.25094e+09	6.602e+09	4.87656e+09	5.77988e+09	5.14973e+09	5.43017e+09	5.30789e+09	6.4211e+09	6.49233e+09	5.26647e+09	6.73246e+09	6.99929e+09	5.97516e+09	5.82958e+09	5.70125e+09	5.91046e+09	4.95516e+09	4.67281e+09	5.72622e+09	5.47473e+09	4.79367e+09	5.79717e+09	7.01623e+09	6.83842e+09	7.00549e+09	6.56094e+09	7.11966e+09	6.69409e+09	7.1422e+09	6.59203e+09	6.64397e+09	6.56041e+09	7.20571e+09	6.62343e+09	5.93446e+09	5.90148e+09	5.85847e+09	5.57759e+09	6.20221e+09	5.48581e+09	5.5674e+09	5.27088e+09	6.04115e+09	5.32033e+09	5.35119e+09	5.8216e+09	5.38648e+09	5.02704e+09	5.58675e+09	5.30795e+09	5.30683e+09	5.0221e+09	6.53303e+09	6.56675e+09	7.03098e+09	6.51409e+09	6.48705e+09	7.09306e+09	6.37318e+09	6.43164e+09	5.97796e+09	6.17865e+09	5.22036e+09	4.95331e+09	6.2053e+09	6.02331e+09	4.76704e+09	4.30806e+09	4.91632e+09	6.27766e+09	5.46435e+09	5.3432e+09	6.40598e+09	5.34958e+09	6.37674e+09	6.38458e+09	6.27283e+09	6.29865e+09	6.2792e+09	6.35469e+09	6.74287e+09	5.49066e+09	5.97156e+09	5.30334e+09	5.58322e+09	6.05732e+09	4.3219e+09	5.97316e+09
ERR630001	6.43298e+09	6.38051e+09	6.66393e+09	7.0114e+09	7.0843e+09	6.46404e+09	5.75154e+09	5.92254e+09	6.3399e+09	6.70095e+09	4.93369e+09	5.86863e+09	5.22867e+09	5.53475e+09	5.4068e+09	6.55095e+09	6.62451e+09	5.36461e+09	6.80738e+09	7.08491e+09	6.04029e+09	5.89322e+09	5.74336e+09	5.97545e+09	5.02263e+09	4.73661e+09	5.80868e+09	5.54589e+09	4.86023e+09	5.8806e+09	7.09643e+09	6.90519e+09	7.08414e+09	6.62872e+09	7.20495e+09	6.76282e+09	7.24595e+09	6.67002e+09	6.72398e+09	6.63727e+09	7.31105e+09	6.71309e+09	6.00159e+09	5.96848e+09	5.92641e+09	5.64009e+09	6.27751e+09	5.54571e+09	5.66596e+09	5.35258e+09	6.14773e+09	5.40561e+09	5.43397e+09	5.92113e+09	5.47038e+09	5.11155e+09	5.67613e+09	5.38809e+09	5.3956e+09	5.10701e+09	6.619e+09	6.65367e+09	7.14186e+09	6.61103e+09	6.57127e+09	7.20561e+09	6.47098e+09	6.5302e+09	6.06753e+09	6.27958e+09	5.30125e+09	5.02633e+09	6.31628e+09	6.12721e+09	4.92767e+09	4.45166e+09	5.08217e+09	6.39174e+09	5.52857e+09	5.4044e+09	6.49074e+09	5.41411e+09	6.46116e+09	6.46839e+09	6.36732e+09	6.39366e+09	6.37304e+09	6.44633e+09	6.8431e+09	5.55627e+09	6.07221e+09	5.38943e+09	5.67906e+09	6.15832e+09	4.37624e+09	6.07464e+09
ERR630002	6.97599e+09	6.9163e+09	7.0114e+09	7.88167e+09	7.73325e+09	7.01129e+09	6.22968e+09	6.41615e+09	6.88804e+09	7.3037e+09	5.3082e+09	6.36154e+09	5.65239e+09	6.01064e+09	5.86275e+09	7.16704e+09	7.25319e+09	5.81516e+09	7.41322e+09	7.73615e+09	6.54274e+09	6.37743e+09	6.20457e+09	6.46985e+09	5.42563e+09	5.10955e+09	6.30636e+09	6.00546e+09	5.24696e+09	6.38617e+09	7.75041e+09	7.52602e+09	7.73545e+09	7.21402e+09	7.87677e+09	7.36529e+09	7.93098e+09	7.2623e+09	7.32366e+09	7.22436e+09	8.00636e+09	7.31683e+09	6.50568e+09	6.46805e+09	6.42301e+09	6.1006e+09	6.81882e+09	5.99649e+09	6.16544e+09	5.80538e+09	6.7102e+09	5.86686e+09	5.89744e+09	6.45087e+09	5.93702e+09	5.53987e+09	6.16901e+09	5.84317e+09	5.85642e+09	5.53445e+09	7.2071e+09	7.24726e+09	7.8159e+09	7.20343e+09	7.15291e+09	7.89024e+09	7.05235e+09	7.11936e+09	6.59777e+09	6.84332e+09	5.74146e+09	5.43394e+09	6.90217e+09	6.68538e+09	5.41656e+09	4.8795e+09	5.59094e+09	6.98971e+09	5.97106e+09	5.83116e+09	7.05478e+09	5.84416e+09	7.02307e+09	7.03039e+09	6.93023e+09	6.96027e+09	6.93622e+09	7.01727e+09	7.4706e+09	6.00857e+09	6.61369e+09	5.84513e+09	6.17405e+09	6.71014e+09	4.71373e+09	6.61622e+09
ERR630000	7.04677e+09	6.98658e+09	7.0843e+09	7.73325e+09	8.05438e+09	7.08328e+09	6.29403e+09	6.48206e+09	6.96127e+09	7.38478e+09	5.35823e+09	6.4274e+09	5.71057e+09	6.07674e+09	5.92665e+09	7.25305e+09	7.34108e+09	5.87782e+09	7.49242e+09	7.82085e+09	6.60857e+09	6.44068e+09	6.26382e+09	6.53491e+09	5.48074e+09	5.15991e+09	6.37296e+09	6.06764e+09	5.29988e+09	6.45481e+09	7.83433e+09	7.60488e+09	7.81887e+09	7.288e+09	7.96323e+09	7.44153e+09	8.02333e+09	7.34118e+09	7.40382e+09	7.30302e+09	8.09959e+09	7.39743e+09	6.56973e+09	6.53191e+09	6.48635e+09	6.15919e+09	6.88832e+09	6.05341e+09	6.23323e+09	5.86675e+09	6.78616e+09	5.92902e+09	5.95955e+09	6.52248e+09	6.00077e+09	5.5985e+09	6.23686e+09	5.90485e+09	5.92014e+09	5.59311e+09	7.28471e+09	7.32576e+09	7.9066e+09	7.28209e+09	7.22937e+09	7.98182e+09	7.13085e+09	7.19876e+09	6.669e+09	6.91839e+09	5.79967e+09	5.48805e+09	6.98401e+09	6.76297e+09	5.48799e+09	4.94182e+09	5.66531e+09	7.07314e+09	6.02957e+09	5.88828e+09	7.12994e+09	5.90162e+09	7.09715e+09	7.10516e+09	7.00607e+09	7.03645e+09	7.01201e+09	7.09425e+09	7.55477e+09	6.06877e+09	6.68666e+09	5.90619e+09	6.24077e+09	6.7843e+09	4.75909e+09	6.68967e+09
ERR630003	6.44902e+09	6.39704e+09	6.46404e+09	7.01129e+09	7.08328e+09	6.6868e+09	5.73865e+09	5.91901e+09	6.33474e+09	6.69273e+09	4.93363e+09	5.85569e+09	5.21561e+09	5.50337e+09	5.37835e+09	6.51403e+09	6.58642e+09	5.33585e+09	6.82116e+09	7.09434e+09	6.04965e+09	5.90215e+09	5.76908e+09	5.9843e+09	5.0193e+09	4.73233e+09	5.80425e+09	5.5467e+09	4.85442e+09	5.877e+09	7.11576e+09	6.93329e+09	7.10476e+09	6.65088e+09	7.2222e+09	6.78592e+09	7.24724e+09	6.68414e+09	6.73743e+09	6.65183e+09	7.31126e+09	6.71714e+09	6.00954e+09	5.97614e+09	5.93263e+09	5.64711e+09	6.28267e+09	5.553e+09	5.6448e+09	5.34115e+09	6.12695e+09	5.39153e+09	5.42327e+09	5.90366e+09	5.46002e+09	5.09482e+09	5.66458e+09	5.37993e+09	5.37936e+09	5.09019e+09	6.62378e+09	6.65915e+09	7.13356e+09	6.60577e+09	6.57723e+09	7.197e+09	6.46268e+09	6.52214e+09	6.05983e+09	6.26471e+09	5.28923e+09	5.01656e+09	6.29575e+09	6.10966e+09	4.84341e+09	4.37623e+09	4.99505e+09	6.36964e+09	5.53197e+09	5.40848e+09	6.49071e+09	5.41472e+09	6.46173e+09	6.46888e+09	6.361e+09	6.38729e+09	6.36728e+09	6.44381e+09	6.83998e+09	5.56152e+09	6.05686e+09	5.37529e+09	5.66164e+09	6.14407e+09	4.37556e+09	6.05839e+09
ERR613356	5.70956e+09	5.66518e+09	5.75154e+09	6.22968e+09	6.29403e+09	5.73865e+09	5.65544e+09	5.59544e+09	5.97075e+09	6.29719e+09	4.69008e+09	5.56779e+09	4.93016e+09	5.23795e+09	5.12079e+09	6.15462e+09	6.22164e+09	5.08298e+09	6.0202e+09	6.27078e+09	5.37409e+09	5.25037e+09	5.07717e+09	5.31987e+09	4.68242e+09	4.42924e+09	5.37659e+09	5.13156e+09	4.54153e+09	5.43547e+09	6.3697e+09	6.18195e+09	6.35616e+09	5.93082e+09	6.47495e+09	6.05443e+09	6.57177e+09	6.04461e+09	6.09359e+09	6.01637e+09	6.63007e+09	6.10208e+09	5.40493e+09	5.37859e+09	5.34385e+09	5.09104e+09	5.65662e+09	5.00772e+09	5.33095e+09	5.03297e+09	5.75512e+09	5.08635e+09	5.10594e+09	5.55104e+09	5.10058e+09	4.7969e+09	5.28811e+09	5.0266e+09	5.05058e+09	4.79344e+09	6.04105e+09	6.07476e+09	6.52158e+09	6.05463e+09	5.99951e+09	6.58014e+09	5.93402e+09	5.98596e+09	5.58193e+09	5.78187e+09	4.92416e+09	4.67617e+09	5.91394e+09	5.74297e+09	4.80482e+09	4.35218e+09	4.95043e+09	5.98592e+09	5.00109e+09	4.89235e+09	5.83415e+09	4.90663e+09	5.81218e+09	5.81474e+09	5.81315e+09	5.83609e+09	5.81517e+09	5.86916e+09	6.21518e+09	5.08158e+09	5.65633e+09	5.05011e+09	5.3145e+09	5.72895e+09	4.11354e+09	5.65826e+09
ERR613354	5.88938e+09	5.84321e+09	5.92254e+09	6.41615e+09	6.48206e+09	5.91901e+09	5.59544e+09	5.94935e+09	6.13949e+09	6.47598e+09	4.80762e+09	5.70329e+09	5.03917e+09	5.33639e+09	5.21843e+09	6.28573e+09	6.35452e+09	5.17911e+09	6.21755e+09	6.47367e+09	5.53746e+09	5.4085e+09	5.25108e+09	5.48087e+09	4.80004e+09	4.53599e+09	5.5225e+09	5.27411e+09	4.65057e+09	5.58536e+09	6.58749e+09	6.40307e+09	6.57539e+09	6.13577e+09	6.69544e+09	6.26555e+09	6.77367e+09	6.23797e+09	6.28884e+09	6.20962e+09	6.83405e+09	6.28736e+09	5.56702e+09	5.5391e+09	5.50021e+09	5.23955e+09	5.82475e+09	5.15358e+09	5.45235e+09	5.15381e+09	5.89412e+09	5.2061e+09	5.23008e+09	5.68474e+09	5.22511e+09	4.90104e+09	5.4184e+09	5.15017e+09	5.16464e+09	4.89787e+09	6.22614e+09	6.26068e+09	6.7128e+09	6.229e+09	6.18356e+09	6.77273e+09	6.09609e+09	6.15015e+09	5.7301e+09	5.93077e+09	5.04004e+09	4.78543e+09	6.05886e+09	5.88461e+09	4.82343e+09	4.36492e+09	4.97199e+09	6.1311e+09	5.13792e+09	5.0257e+09	6.00086e+09	5.03689e+09	5.97814e+09	5.9809e+09	5.97119e+09	5.99495e+09	5.97432e+09	6.0353e+09	6.39569e+09	5.22615e+09	5.79539e+09	5.16728e+09	5.43734e+09	5.87246e+09	4.21454e+09	5.79723e+09
ERR613355	6.30161e+09	6.25094e+09	6.3399e+09	6.88804e+09	6.96127e+09	6.33474e+09	5.97075e+09	6.13949e+09	6.79698e+09	6.95049e+09	5.10538e+09	6.0903e+09	5.36261e+09	5.69445e+09	5.56474e+09	6.74795e+09	6.82399e+09	5.52109e+09	6.67416e+09	6.95834e+09	5.92184e+09	5.77925e+09	5.60848e+09	5.85948e+09	5.11282e+09	4.82526e+09	5.90756e+09	5.63385e+09	4.95054e+09	5.97751e+09	7.08401e+09	6.8785e+09	7.07098e+09	6.58229e+09	7.2046e+09	6.72682e+09	7.2941e+09	6.69888e+09	6.75357e+09	6.66627e+09	7.36194e+09	6.75356e+09	5.94975e+09	5.91925e+09	5.87635e+09	5.59036e+09	6.23329e+09	5.49612e+09	5.83241e+09	5.50234e+09	6.32134e+09	5.55998e+09	5.58645e+09	6.09018e+09	5.58259e+09	5.22763e+09	5.79496e+09	5.49967e+09	5.51616e+09	5.22382e+09	6.68433e+09	6.7222e+09	7.22561e+09	6.68942e+09	6.63621e+09	7.29287e+09	6.5424e+09	6.60236e+09	6.1371e+09	6.35924e+09	5.37669e+09	5.09739e+09	6.50663e+09	6.3125e+09	5.17229e+09	4.6698e+09	5.33426e+09	6.58652e+09	5.47568e+09	5.35258e+09	6.42707e+09	5.36494e+09	6.40111e+09	6.4047e+09	6.40422e+09	6.43058e+09	6.4079e+09	6.47521e+09	6.87477e+09	5.58112e+09	6.21071e+09	5.51763e+09	5.81494e+09	6.29606e+09	4.47886e+09	6.21305e+09
ERR613353	6.65728e+09	6.602e+09	6.70095e+09	7.3037e+09	7.38478e+09	6.69273e+09	6.29719e+09	6.47598e+09	6.95049e+09	7.60955e+09	5.36014e+09	6.4267e+09	5.64491e+09	6.01259e+09	5.8686e+09	7.16362e+09	7.24815e+09	5.82116e+09	7.07129e+09	7.3852e+09	6.25412e+09	6.09985e+09	5.91095e+09	6.1867e+09	5.38217e+09	5.07451e+09	6.2398e+09	5.94119e+09	5.20891e+09	6.31583e+09	7.51613e+09	7.28725e+09	7.50105e+09	6.96787e+09	7.64846e+09	7.12352e+09	7.75259e+09	7.09416e+09	7.15508e+09	7.0587e+09	7.82674e+09	7.15713e+09	6.28367e+09	6.25089e+09	6.20598e+09	5.89567e+09	6.59291e+09	5.79486e+09	6.16953e+09	5.80687e+09	6.70105e+09	5.87022e+09	5.89766e+09	6.44616e+09	5.89623e+09	5.51635e+09	6.12681e+09	5.80421e+09	5.82724e+09	5.51212e+09	7.08019e+09	7.12109e+09	7.68062e+09	7.08873e+09	7.028e+09	7.75317e+09	6.93539e+09	7.00106e+09	6.49518e+09	6.74114e+09	5.67385e+09	5.37214e+09	6.90334e+09	6.69006e+09	5.50836e+09	4.96368e+09	5.68492e+09	6.99137e+09	5.76908e+09	5.63592e+09	6.80275e+09	5.65084e+09	6.77387e+09	6.77827e+09	6.7813e+09	6.81039e+09	6.78423e+09	6.8567e+09	7.29391e+09	5.88154e+09	6.57659e+09	5.82458e+09	6.14874e+09	6.66874e+09	4.70393e+09	6.57907e+09
ERR613358	4.91165e+09	4.87656e+09	4.93369e+09	5.3082e+09	5.35823e+09	4.93363e+09	4.69008e+09	4.80762e+09	5.10538e+09	5.36014e+09	4.24614e+09	4.77269e+09	4.25729e+09	4.48025e+09	4.38957e+09	5.20524e+09	5.25688e+09	4.35878e+09	5.15001e+09	5.34396e+09	4.62608e+09	4.52564e+09	4.40753e+09	4.58136e+09	4.0522e+09	3.8436e+09	4.6111e+09	4.42318e+09	3.93464e+09	4.66027e+09	5.43158e+09	5.29298e+09	5.42273e+09	5.08423e+09	5.51271e+09	5.18477e+09	5.57079e+09	5.1678e+09	5.20504e+09	5.14524e+09	5.61664e+09	5.20072e+09	4.65293e+09	4.63325e+09	4.60098e+09	4.39864e+09	4.85033e+09	4.33184e+09	4.5559e+09	4.32873e+09	4.89748e+09	4.3686e+09	4.38804e+09	4.73676e+09	4.38163e+09	4.126e+09	4.52975e+09	4.32266e+09	4.33292e+09	4.12299e+09	5.15682e+09	5.18244e+09	5.5229e+09	5.15537e+09	5.12372e+09	5.56879e+09	5.05428e+09	5.0959e+09	4.77398e+09	4.92402e+09	4.23853e+09	4.04038e+09	5.0243e+09	4.89025e+09	4.00751e+09	3.6464e+09	4.12389e+09	5.07848e+09	4.32658e+09	4.24005e+09	4.99164e+09	4.24717e+09	4.97397e+09	4.97613e+09	4.95391e+09	4.97195e+09	4.95727e+09	5.00389e+09	5.27912e+09	4.3837e+09	4.82207e+09	4.33777e+09	4.54453e+09	4.88172e+09	3.5856e+09	4.82402e+09
ERR613357	5.82595e+09	5.77988e+09	5.86863e+09	6.36154e+09	6.4274e+09	5.85569e+09	5.56779e+09	5.70329e+09	6.0903e+09	6.4267e+09	4.77269e+09	5.87067e+09	5.0177e+09	5.33315e+09	5.21305e+09	6.27763e+09	6.34608e+09	5.17403e+09	6.14877e+09	6.4075e+09	5.4829e+09	5.35509e+09	5.17957e+09	5.42685e+09	4.76765e+09	4.50807e+09	5.48186e+09	5.2304e+09	4.62274e+09	5.54297e+09	6.50904e+09	6.31669e+09	6.4961e+09	6.0581e+09	6.61785e+09	6.18509e+09	6.71505e+09	6.17226e+09	6.2225e+09	6.14367e+09	6.77518e+09	6.23065e+09	5.51346e+09	5.48594e+09	5.45043e+09	5.19071e+09	5.77179e+09	5.10523e+09	5.4333e+09	5.12722e+09	5.86948e+09	5.18123e+09	5.20186e+09	5.65902e+09	5.19765e+09	4.88488e+09	5.3905e+09	5.12165e+09	5.14519e+09	4.88168e+09	6.16655e+09	6.20129e+09	6.66097e+09	6.18023e+09	6.12361e+09	6.72146e+09	6.05563e+09	6.10887e+09	5.69314e+09	5.89901e+09	5.01538e+09	4.76101e+09	6.03366e+09	5.85789e+09	4.8908e+09	4.4276e+09	5.03985e+09	6.10737e+09	5.09553e+09	4.98379e+09	5.95344e+09	4.99838e+09	5.93072e+09	5.93335e+09	5.93179e+09	5.95521e+09	5.93418e+09	5.99028e+09	6.34727e+09	5.17972e+09	5.76919e+09	5.14516e+09	5.41668e+09	5.84385e+09	4.18542e+09	5.77136e+09
ERR605934	5.18988e+09	5.14973e+09	5.22867e+09	5.65239e+09	5.71057e+09	5.21561e+09	4.93016e+09	5.03917e+09	5.36261e+09	5.64491e+09	4.25729e+09	5.0177e+09	4.86073e+09	4.97156e+09	4.86522e+09	5.8e+09	5.85998e+09	4.83095e+09	5.44773e+09	5.67404e+09	4.87951e+09	4.77171e+09	4.61135e+09	4.83093e+09	4.29471e+09	4.07041e+09	4.90389e+09	4.68678e+09	4.1706e+09	4.9562e+09	5.71856e+09	5.54474e+09	5.70629e+09	5.31026e+09	5.81665e+09	5.42542e+09	5.93667e+09	5.46953e+09	5.51241e+09	5.44553e+09	5.9889e+09	5.52108e+09	4.8692e+09	4.8485e+09	4.8167e+09	4.5899e+09	5.09925e+09	4.51642e+09	4.94484e+09	4.67632e+09	5.32048e+09	4.72421e+09	4.74127e+09	5.13748e+09	4.70909e+09	4.43855e+09	4.87501e+09	4.63884e+09	4.66624e+09	4.43658e+09	5.45746e+09	5.48758e+09	5.88715e+09	5.47212e+09	5.42055e+09	5.94018e+09	5.3814e+09	5.42647e+09	5.0763e+09	5.25312e+09	4.50153e+09	4.28107e+09	5.44101e+09	5.28731e+09	4.5137e+09	4.0959e+09	4.64863e+09	5.50429e+09	4.58137e+09	4.48309e+09	5.30736e+09	4.49772e+09	5.28959e+09	5.29083e+09	5.26081e+09	5.27889e+09	5.2614e+09	5.30574e+09	5.61105e+09	4.61469e+09	5.17706e+09	4.64206e+09	4.87725e+09	5.23976e+09	3.80023e+09	5.17935e+09
ERR605937	5.47382e+09	5.43017e+09	5.53475e+09	6.01064e+09	6.07674e+09	5.50337e+09	5.23795e+09	5.33639e+09	5.69445e+09	6.01259e+09	4.48025e+09	5.33315e+09	4.97156e+09	5.5307e+09	5.21148e+09	6.25208e+09	6.32198e+09	5.17405e+09	5.76337e+09	6.02228e+09	5.14964e+09	5.03189e+09	4.8273e+09	5.09628e+09	4.54254e+09	4.30359e+09	5.20728e+09	4.95813e+09	4.41371e+09	5.26207e+09	6.0557e+09	5.847e+09	6.03977e+09	5.60114e+09	6.16834e+09	5.72515e+09	6.33581e+09	5.79581e+09	5.84403e+09	5.76819e+09	6.3948e+09	5.87028e+09	5.14158e+09	5.12007e+09	5.09001e+09	4.84086e+09	5.40006e+09	4.76067e+09	5.28493e+09	4.97132e+09	5.69579e+09	5.02857e+09	5.04123e+09	5.48954e+09	5.00812e+09	4.72697e+09	5.19215e+09	4.92656e+09	4.9736e+09	4.72522e+09	5.79383e+09	5.82876e+09	6.29332e+09	5.82835e+09	5.75246e+09	6.35375e+09	5.74039e+09	5.79011e+09	5.4055e+09	5.61172e+09	4.78462e+09	4.54092e+09	5.83109e+09	5.65578e+09	4.99448e+09	4.52182e+09	5.14624e+09	5.90491e+09	4.83239e+09	4.72441e+09	5.6335e+09	4.74546e+09	5.61478e+09	5.6159e+09	5.60796e+09	5.62833e+09	5.60741e+09	5.65029e+09	5.98803e+09	4.8747e+09	5.53356e+09	4.94365e+09	5.20769e+09	5.60068e+09	4.00803e+09	5.53701e+09
ERR605938	5.3501e+09	5.30789e+09	5.4068e+09	5.86275e+09	5.92665e+09	5.37835e+09	5.12079e+09	5.21843e+09	5.56474e+09	5.8686e+09	4.38957e+09	5.21305e+09	4.86522e+09	5.21148e+09	5.27992e+09	6.09251e+09	6.15837e+09	5.06e+09	5.62628e+09	5.87479e+09	5.03279e+09	4.91964e+09	4.7252e+09	4.98208e+09	4.44761e+09	4.21426e+09	5.09073e+09	4.85195e+09	4.32129e+09	5.1437e+09	5.91213e+09	5.71362e+09	5.89742e+09	5.47291e+09	6.02075e+09	5.59464e+09	6.17805e+09	5.66178e+09	5.70883e+09	5.63603e+09	6.23487e+09	5.732e+09	5.02428e+09	5.00257e+09	4.97232e+09	4.73177e+09	5.27256e+09	4.65353e+09	5.16018e+09	4.8599e+09	5.55613e+09	4.91439e+09	4.92754e+09	5.35868e+09	4.89386e+09	4.62032e+09	5.07225e+09	4.81751e+09	4.85972e+09	4.61842e+09	5.65893e+09	5.69227e+09	6.13515e+09	5.6896e+09	5.61896e+09	6.19378e+09	5.60059e+09	5.64927e+09	5.27676e+09	5.47387e+09	4.67498e+09	4.43948e+09	5.6879e+09	5.52025e+09	4.85864e+09	4.40161e+09	5.00508e+09	5.75903e+09	4.72744e+09	4.62325e+09	5.49926e+09	4.64289e+09	5.48127e+09	5.4819e+09	5.47456e+09	5.49346e+09	5.47364e+09	5.5157e+09	5.84154e+09	4.7713e+09	5.40051e+09	4.83036e+09	5.08401e+09	5.46535e+09	3.92629e+09	5.40376e+09
ERR605935	6.47718e+09	6.4211e+09	6.55095e+09	7.16704e+09	7.25305e+09	6.51403e+09	6.15462e+09	6.28573e+09	6.74795e+09	7.16362e+09	5.20524e+09	6.27763e+09	5.8e+09	6.25208e+09	6.09251e+09	7.72505e+09	7.56447e+09	6.0451e+09	6.86591e+09	7.2003e+09	6.07784e+09	5.92919e+09	5.68254e+09	6.01141e+09	5.30841e+09	5.01014e+09	6.14956e+09	5.83488e+09	5.14601e+09	6.22066e+09	7.25507e+09	6.98988e+09	7.23537e+09	6.67268e+09	7.4002e+09	6.83211e+09	7.6126e+09	6.90847e+09	6.97121e+09	6.873e+09	7.69e+09	7.00383e+09	6.07065e+09	6.04174e+09	6.00437e+09	5.69089e+09	6.39468e+09	5.5925e+09	6.24038e+09	5.84144e+09	6.77273e+09	5.91323e+09	5.93049e+09	6.50514e+09	5.89158e+09	5.53628e+09	6.12625e+09	5.78993e+09	5.84568e+09	5.53298e+09	6.91056e+09	6.95544e+09	7.5604e+09	6.95408e+09	6.85797e+09	7.63873e+09	6.83931e+09	6.90548e+09	6.40726e+09	6.67468e+09	5.61682e+09	5.31018e+09	6.94737e+09	6.71949e+09	5.92547e+09	5.3267e+09	6.11789e+09	7.04386e+09	5.65805e+09	5.52398e+09	6.6761e+09	5.54841e+09	6.65255e+09	6.65339e+09	6.66269e+09	6.68871e+09	6.66157e+09	6.71681e+09	7.15699e+09	5.72997e+09	6.5603e+09	5.80692e+09	6.14386e+09	6.6465e+09	4.65358e+09	6.56478e+09
ERR605936	6.54934e+09	6.49233e+09	6.62451e+09	7.25319e+09	7.34108e+09	6.58642e+09	6.22164e+09	6.35452e+09	6.82399e+09	7.24815e+09	5.25688e+09	6.34608e+09	5.85998e+09	6.32198e+09	6.15837e+09	7.56447e+09	7.91842e+09	6.11036e+09	6.94618e+09	7.28774e+09	6.14516e+09	5.99424e+09	5.74255e+09	6.07744e+09	5.36583e+09	5.06343e+09	6.21964e+09	5.89943e+09	5.20086e+09	6.2926e+09	7.34343e+09	7.07244e+09	7.32338e+09	6.75122e+09	7.49153e+09	6.91265e+09	7.71006e+09	6.99017e+09	7.05472e+09	6.95523e+09	7.78907e+09	7.08883e+09	6.13948e+09	6.10991e+09	6.07225e+09	5.75335e+09	6.46932e+09	5.65407e+09	6.31277e+09	5.90615e+09	6.85421e+09	5.9796e+09	5.996e+09	6.58112e+09	5.95794e+09	5.5983e+09	6.19748e+09	5.85516e+09	5.91278e+09	5.59507e+09	6.99377e+09	7.03872e+09	7.65689e+09	7.03891e+09	6.93957e+09	7.73704e+09	6.92384e+09	6.9909e+09	6.48443e+09	6.75789e+09	5.68093e+09	5.36923e+09	7.03322e+09	6.80064e+09	6.00959e+09	5.39984e+09	6.20616e+09	7.13214e+09	5.71846e+09	5.58206e+09	6.7541e+09	5.60769e+09	6.72947e+09	6.73021e+09	6.7429e+09	6.76948e+09	6.7418e+09	6.7974e+09	7.24664e+09	5.79293e+09	6.64013e+09	5.87353e+09	6.21645e+09	6.72794e+09	4.70111e+09	6.6443e+09
ERR605939	5.30815e+09	5.26647e+09	5.36461e+09	5.81516e+09	5.87782e+09	5.33585e+09	5.08298e+09	5.17911e+09	5.52109e+09	5.82116e+09	4.35878e+09	5.17403e+09	4.83095e+09	5.17405e+09	5.06e+09	6.0451e+09	6.11036e+09	5.20636e+09	5.57996e+09	5.82505e+09	4.99444e+09	4.88194e+09	4.68793e+09	4.94419e+09	4.41559e+09	4.18475e+09	5.05196e+09	4.81459e+09	4.29064e+09	5.10388e+09	5.86215e+09	5.66594e+09	5.84795e+09	5.42916e+09	5.96991e+09	5.54884e+09	6.12541e+09	5.61494e+09	5.66129e+09	5.58912e+09	6.18188e+09	5.68474e+09	4.98722e+09	4.96614e+09	4.93586e+09	4.69797e+09	5.2336e+09	4.62061e+09	5.12096e+09	4.8239e+09	5.51301e+09	4.8777e+09	4.89069e+09	5.31781e+09	4.85719e+09	4.58691e+09	5.03305e+09	4.78098e+09	4.82404e+09	4.58493e+09	5.61225e+09	5.6458e+09	6.08318e+09	5.64283e+09	5.5728e+09	6.14155e+09	5.55577e+09	5.60366e+09	5.23511e+09	5.43072e+09	4.64153e+09	4.4077e+09	5.64163e+09	5.47593e+09	4.82458e+09	4.3725e+09	4.96955e+09	5.71189e+09	4.69288e+09	4.58972e+09	5.45602e+09	4.60951e+09	5.43848e+09	5.43943e+09	5.43176e+09	5.45039e+09	5.43084e+09	5.47243e+09	5.79396e+09	4.73547e+09	5.35906e+09	4.79566e+09	5.04672e+09	5.42331e+09	3.8999e+09	5.36263e+09
ERR608950	6.78966e+09	6.73246e+09	6.80738e+09	7.41322e+09	7.49242e+09	6.82116e+09	6.0202e+09	6.21755e+09	6.67416e+09	7.07129e+09	5.15001e+09	6.14877e+09	5.44773e+09	5.76337e+09	5.62628e+09	6.86591e+09	6.94618e+09	5.57996e+09	7.73548e+09	7.82801e+09	6.62119e+09	6.45405e+09	6.30963e+09	6.54677e+09	5.17447e+09	4.86545e+09	6.03197e+09	5.74984e+09	4.99791e+09	6.11247e+09	7.53551e+09	7.33164e+09	7.52312e+09	7.02157e+09	7.65335e+09	7.16997e+09	7.65797e+09	7.02364e+09	7.0834e+09	6.98664e+09	7.73069e+09	7.0605e+09	6.40225e+09	6.36426e+09	6.31806e+09	6.00446e+09	6.6991e+09	5.90479e+09	5.84361e+09	5.51069e+09	6.3778e+09	5.56653e+09	5.60217e+09	6.12896e+09	5.64506e+09	5.2467e+09	5.86791e+09	5.55651e+09	5.55681e+09	5.2426e+09	6.93753e+09	6.97469e+09	7.51294e+09	6.91732e+09	6.88584e+09	7.58411e+09	6.77528e+09	6.84139e+09	6.33053e+09	6.55732e+09	5.48335e+09	5.18845e+09	6.56487e+09	6.3581e+09	4.99399e+09	4.48978e+09	5.15733e+09	6.64598e+09	5.82864e+09	5.69532e+09	6.8752e+09	5.70328e+09	6.84372e+09	6.8539e+09	6.67358e+09	6.70348e+09	6.68159e+09	6.76893e+09	7.21229e+09	5.7947e+09	6.3024e+09	5.55351e+09	5.86871e+09	6.39837e+09	4.47585e+09	6.30353e+09
ERR608951	7.06017e+09	6.99929e+09	7.08491e+09	7.73615e+09	7.82085e+09	7.09434e+09	6.27078e+09	6.47367e+09	6.95834e+09	7.3852e+09	5.34396e+09	6.4075e+09	5.67404e+09	6.02228e+09	5.87479e+09	7.2003e+09	7.28774e+09	5.82505e+09	7.82801e+09	8.41725e+09	6.88279e+09	6.70625e+09	6.54358e+09	6.80439e+09	5.38114e+09	5.05715e+09	6.28648e+09	5.98408e+09	5.19681e+09	6.37162e+09	7.86222e+09	7.63793e+09	7.84842e+09	7.30849e+09	7.9903e+09	7.46624e+09	8.00546e+09	7.31841e+09	7.38244e+09	7.27895e+09	8.08367e+09	7.36334e+09	6.65487e+09	6.61467e+09	6.56728e+09	6.23472e+09	6.97226e+09	6.1297e+09	6.10695e+09	5.74722e+09	6.67391e+09	5.8079e+09	5.84344e+09	6.40689e+09	5.88596e+09	5.47075e+09	6.12313e+09	5.79105e+09	5.79717e+09	5.46595e+09	7.2328e+09	7.27247e+09	7.85728e+09	7.21842e+09	7.17759e+09	7.93415e+09	7.07205e+09	7.14172e+09	6.6014e+09	6.84721e+09	5.70927e+09	5.3971e+09	6.87596e+09	6.65396e+09	5.27325e+09	4.73417e+09	5.44798e+09	6.96429e+09	6.05456e+09	5.91384e+09	7.16407e+09	5.9236e+09	7.13164e+09	7.14195e+09	6.95585e+09	6.98812e+09	6.96347e+09	7.0541e+09	7.52678e+09	6.01667e+09	6.58354e+09	5.79006e+09	6.12613e+09	6.68427e+09	4.64868e+09	6.58451e+09
ERR608952	6.023e+09	5.97516e+09	6.04029e+09	6.54274e+09	6.60857e+09	6.04965e+09	5.37409e+09	5.53746e+09	5.92184e+09	6.25412e+09	4.62608e+09	5.4829e+09	4.87951e+09	5.14964e+09	5.03279e+09	6.07784e+09	6.14516e+09	4.99444e+09	6.62119e+09	6.88279e+09	6.07744e+09	5.74843e+09	5.61354e+09	5.8269e+09	4.63321e+09	4.36641e+09	5.36584e+09	5.12424e+09	4.48016e+09	5.43307e+09	6.62234e+09	6.44957e+09	6.61169e+09	6.19382e+09	6.71955e+09	6.31708e+09	6.73281e+09	6.20311e+09	6.25376e+09	6.1722e+09	6.79314e+09	6.23653e+09	5.68932e+09	5.65717e+09	5.61836e+09	5.35202e+09	5.94063e+09	5.26601e+09	5.20039e+09	4.91577e+09	5.65097e+09	4.96368e+09	4.99285e+09	5.44116e+09	5.03262e+09	4.69345e+09	5.22254e+09	4.95699e+09	4.95881e+09	4.68918e+09	6.13454e+09	6.16631e+09	6.61554e+09	6.12003e+09	6.09128e+09	6.67478e+09	6.00076e+09	6.05545e+09	5.62333e+09	5.8175e+09	4.90263e+09	4.64815e+09	5.80678e+09	5.63313e+09	4.46301e+09	4.02701e+09	4.60403e+09	5.87627e+09	5.20912e+09	5.09552e+09	6.09518e+09	5.10333e+09	6.06939e+09	6.07777e+09	5.91886e+09	5.94432e+09	5.9255e+09	5.99751e+09	6.36662e+09	5.1712e+09	5.5975e+09	4.95957e+09	5.22845e+09	5.67855e+09	4.02114e+09	5.59834e+09
ERR608954	5.87629e+09	5.82958e+09	5.89322e+09	6.37743e+09	6.44068e+09	5.90215e+09	5.25037e+09	5.4085e+09	5.77925e+09	6.09985e+09	4.52564e+09	5.35509e+09	4.77171e+09	5.03189e+09	4.91964e+09	5.92919e+09	5.99424e+09	4.88194e+09	6.45405e+09	6.70625e+09	5.74843e+09	5.79491e+09	5.48146e+09	5.68755e+09	4.53188e+09	4.27239e+09	5.24158e+09	5.00839e+09	4.38291e+09	5.30628e+09	6.45596e+09	6.28935e+09	6.44537e+09	6.04176e+09	6.55019e+09	6.16093e+09	6.56177e+09	6.05045e+09	6.09893e+09	6.02129e+09	6.62028e+09	6.08295e+09	5.55262e+09	5.52161e+09	5.48421e+09	5.2263e+09	5.7961e+09	5.14328e+09	5.08043e+09	4.80537e+09	5.51743e+09	4.85192e+09	4.88019e+09	5.31426e+09	4.9178e+09	4.58906e+09	5.10221e+09	4.84516e+09	4.84662e+09	4.58523e+09	5.98315e+09	6.01474e+09	6.44841e+09	5.96997e+09	5.942e+09	6.50525e+09	5.85431e+09	5.90808e+09	5.49008e+09	5.67735e+09	4.79308e+09	4.54597e+09	5.66816e+09	5.49947e+09	4.36061e+09	3.93717e+09	4.49714e+09	5.73487e+09	5.0899e+09	4.98049e+09	5.94667e+09	4.98794e+09	5.92093e+09	5.9297e+09	5.77588e+09	5.79968e+09	5.78176e+09	5.85183e+09	6.20813e+09	5.05278e+09	5.46516e+09	4.84815e+09	5.10831e+09	5.54298e+09	3.93573e+09	5.46629e+09
ERR608949	5.74603e+09	5.70125e+09	5.74336e+09	6.20457e+09	6.26382e+09	5.76908e+09	5.07717e+09	5.25108e+09	5.60848e+09	5.91095e+09	4.40753e+09	5.17957e+09	4.61135e+09	4.8273e+09	4.7252e+09	5.68254e+09	5.74255e+09	4.68793e+09	6.30963e+09	6.54358e+09	5.61354e+09	5.48146e+09	5.57724e+09	5.55357e+09	4.40602e+09	4.15171e+09	5.0926e+09	4.87939e+09	4.25799e+09	5.15813e+09	6.32167e+09	6.17723e+09	6.3139e+09	5.92962e+09	6.40837e+09	6.04634e+09	6.38309e+09	5.91417e+09	5.95866e+09	5.88495e+09	6.43873e+09	5.92733e+09	5.42315e+09	5.39367e+09	5.35227e+09	5.10484e+09	5.6519e+09	5.02575e+09	4.90017e+09	4.65266e+09	5.32327e+09	4.69355e+09	4.72595e+09	5.13265e+09	4.7637e+09	4.43151e+09	4.93902e+09	4.69605e+09	4.68238e+09	4.42786e+09	5.83356e+09	5.86117e+09	6.25758e+09	5.80169e+09	5.79354e+09	6.31168e+09	5.67945e+09	5.73111e+09	5.32854e+09	5.49375e+09	4.64276e+09	4.40858e+09	5.46668e+09	5.30858e+09	4.05352e+09	3.66087e+09	4.18056e+09	5.52685e+09	4.96151e+09	4.85813e+09	5.7834e+09	4.85819e+09	5.75778e+09	5.7665e+09	5.60727e+09	5.63049e+09	5.61504e+09	5.69029e+09	6.03243e+09	4.93459e+09	5.28143e+09	4.68841e+09	4.93154e+09	5.35967e+09	3.83226e+09	5.28168e+09
ERR608953	5.95743e+09	5.91046e+09	5.97545e+09	6.46985e+09	6.53491e+09	5.9843e+09	5.31987e+09	5.48087e+09	5.85948e+09	6.1867e+09	4.58136e+09	5.42685e+09	4.83093e+09	5.09628e+09	4.98208e+09	6.01141e+09	6.07744e+09	4.94419e+09	6.54677e+09	6.80439e+09	5.8269e+09	5.68755e+09	5.55357e+09	5.95016e+09	4.58939e+09	4.32559e+09	5.3127e+09	5.0742e+09	4.43811e+09	5.37879e+09	6.54979e+09	6.37944e+09	6.53935e+09	6.12771e+09	6.64558e+09	6.24908e+09	6.65806e+09	6.13687e+09	6.1864e+09	6.10621e+09	6.71794e+09	6.17001e+09	5.62842e+09	5.5969e+09	5.55907e+09	5.29674e+09	5.87681e+09	5.21193e+09	5.14864e+09	4.86728e+09	5.59241e+09	4.91492e+09	4.9434e+09	5.38584e+09	4.98278e+09	4.64821e+09	5.1705e+09	4.90854e+09	4.91051e+09	4.64411e+09	6.06889e+09	6.10065e+09	6.54301e+09	6.05525e+09	6.02648e+09	6.60103e+09	5.93644e+09	5.99102e+09	5.56494e+09	5.75627e+09	4.85514e+09	4.60429e+09	5.74605e+09	5.57442e+09	4.41764e+09	3.98774e+09	4.55672e+09	5.81454e+09	5.15632e+09	5.04458e+09	6.02956e+09	5.05211e+09	6.00355e+09	6.01251e+09	5.85676e+09	5.88161e+09	5.86326e+09	5.9341e+09	6.29893e+09	5.1199e+09	5.5391e+09	4.91053e+09	5.17592e+09	5.61898e+09	3.98369e+09	5.54068e+09
ERR630397	4.99349e+09	4.95516e+09	5.02263e+09	5.42563e+09	5.48074e+09	5.0193e+09	4.68242e+09	4.80004e+09	5.11282e+09	5.38217e+09	4.0522e+09	4.76765e+09	4.29471e+09	4.54254e+09	4.44761e+09	5.30841e+09	5.36583e+09	4.41559e+09	5.17447e+09	5.38114e+09	4.63321e+09	4.53188e+09	4.40602e+09	4.58939e+09	4.75834e+09	4.35099e+09	5.22949e+09	5.00901e+09	4.4572e+09	5.28652e+09	6.02502e+09	5.85989e+09	6.01446e+09	5.62214e+09	6.11971e+09	5.73855e+09	6.22129e+09	5.76004e+09	5.80108e+09	5.73424e+09	6.27449e+09	5.80364e+09	4.68476e+09	4.66117e+09	4.62952e+09	4.4175e+09	4.89674e+09	4.34551e+09	5.07717e+09	4.81979e+09	5.45571e+09	4.86422e+09	4.88351e+09	5.27648e+09	4.9035e+09	4.62259e+09	5.07163e+09	4.83743e+09	4.85171e+09	4.62033e+09	5.73306e+09	5.76227e+09	6.15254e+09	5.7367e+09	5.69533e+09	6.20462e+09	5.60655e+09	5.65547e+09	5.29694e+09	5.46918e+09	4.70392e+09	4.4805e+09	5.63619e+09	5.48746e+09	4.55348e+09	4.15179e+09	4.68328e+09	5.69752e+09	4.38895e+09	4.29605e+09	5.08662e+09	4.30664e+09	5.06634e+09	5.0688e+09	5.50586e+09	5.52432e+09	5.50986e+09	5.56075e+09	5.87079e+09	4.85154e+09	5.41633e+09	4.87521e+09	5.11032e+09	5.48429e+09	4.01496e+09	5.41912e+09
ERR630396	4.70739e+09	4.67281e+09	4.73661e+09	5.10955e+09	5.15991e+09	4.73233e+09	4.42924e+09	4.53599e+09	4.82526e+09	5.07451e+09	3.8436e+09	4.50807e+09	4.07041e+09	4.30359e+09	4.21426e+09	5.01014e+09	5.06343e+09	4.18475e+09	4.86545e+09	5.05715e+09	4.36641e+09	4.27239e+09	4.15171e+09	4.32559e+09	4.35099e+09	4.28546e+09	4.93768e+09	4.73395e+09	4.22902e+09	4.99033e+09	5.66205e+09	5.50828e+09	5.65189e+09	5.29156e+09	5.74928e+09	5.39798e+09	5.84651e+09	5.42102e+09	5.45851e+09	5.39647e+09	5.89501e+09	5.46201e+09	4.42289e+09	4.40163e+09	4.37205e+09	4.1757e+09	4.61995e+09	4.10849e+09	4.79868e+09	4.56044e+09	5.14632e+09	4.60144e+09	4.61861e+09	4.98084e+09	4.64006e+09	4.38228e+09	4.79438e+09	4.5781e+09	4.59322e+09	4.38008e+09	5.3974e+09	5.42386e+09	5.78458e+09	5.40195e+09	5.36244e+09	5.83258e+09	5.2848e+09	5.32922e+09	5.00054e+09	5.15974e+09	4.4567e+09	4.25074e+09	5.31327e+09	5.17528e+09	4.31987e+09	3.94678e+09	4.44063e+09	5.36967e+09	4.15057e+09	4.06381e+09	4.79669e+09	4.07409e+09	4.77718e+09	4.77986e+09	5.19129e+09	5.20793e+09	5.19489e+09	5.24003e+09	5.52551e+09	4.58623e+09	5.1105e+09	4.61321e+09	4.82976e+09	5.17247e+09	3.81558e+09	5.11294e+09
ERR630394	5.7722e+09	5.72622e+09	5.80868e+09	6.30636e+09	6.37296e+09	5.80425e+09	5.37659e+09	5.5225e+09	5.90756e+09	6.2398e+09	4.6111e+09	5.48186e+09	4.90389e+09	5.20728e+09	5.09073e+09	6.14956e+09	6.21964e+09	5.05196e+09	6.03197e+09	6.28648e+09	5.36584e+09	5.24158e+09	5.0926e+09	5.3127e+09	5.22949e+09	4.93768e+09	6.23967e+09	5.75105e+09	5.06682e+09	6.10047e+09	7.0266e+09	6.82001e+09	7.01303e+09	6.52518e+09	7.1472e+09	6.66936e+09	7.27194e+09	6.68947e+09	6.74223e+09	6.65838e+09	7.33798e+09	6.7466e+09	5.4095e+09	5.3806e+09	5.34268e+09	5.086e+09	5.66671e+09	4.99954e+09	5.8397e+09	5.51734e+09	6.31091e+09	5.57239e+09	5.59596e+09	6.08649e+09	5.62128e+09	5.27475e+09	5.83162e+09	5.53926e+09	5.5577e+09	5.27208e+09	6.65733e+09	6.69406e+09	7.18599e+09	6.66342e+09	6.60976e+09	7.25091e+09	6.49893e+09	6.5596e+09	6.11075e+09	6.32938e+09	5.37651e+09	5.10099e+09	6.53532e+09	6.3485e+09	5.23911e+09	4.74951e+09	5.39757e+09	6.6122e+09	5.03417e+09	4.92182e+09	5.88699e+09	4.9344e+09	5.86184e+09	5.86589e+09	6.37765e+09	6.40056e+09	6.3821e+09	6.44631e+09	6.8335e+09	5.56445e+09	6.26242e+09	5.58695e+09	5.88101e+09	6.34762e+09	4.54143e+09	6.26545e+09
ERR630393	5.51793e+09	5.47473e+09	5.54589e+09	6.00546e+09	6.06764e+09	5.5467e+09	5.13156e+09	5.27411e+09	5.63385e+09	5.94119e+09	4.42318e+09	5.2304e+09	4.68678e+09	4.95813e+09	4.85195e+09	5.83488e+09	5.89943e+09	4.81459e+09	5.74984e+09	5.98408e+09	5.12424e+09	5.00839e+09	4.87939e+09	5.0742e+09	5.00901e+09	4.73395e+09	5.75105e+09	5.696e+09	4.85425e+09	5.81865e+09	6.69376e+09	6.5093e+09	6.68191e+09	6.2301e+09	6.80279e+09	6.36645e+09	6.90638e+09	6.37927e+09	6.42628e+09	6.34919e+09	6.96713e+09	6.42449e+09	5.16777e+09	5.14076e+09	5.10312e+09	4.86274e+09	5.40664e+09	4.7813e+09	5.56368e+09	5.27238e+09	6.00287e+09	5.32118e+09	5.34565e+09	5.79683e+09	5.36709e+09	5.03851e+09	5.55993e+09	5.29186e+09	5.30158e+09	5.03582e+09	6.343e+09	6.37537e+09	6.8206e+09	6.3411e+09	6.2991e+09	6.88092e+09	6.18485e+09	6.24079e+09	5.82451e+09	6.021e+09	5.13698e+09	4.8815e+09	6.20869e+09	6.03751e+09	4.92899e+09	4.47692e+09	5.0749e+09	6.27822e+09	4.8183e+09	4.71308e+09	5.6143e+09	4.72275e+09	5.59081e+09	5.59493e+09	6.06882e+09	6.09053e+09	6.07414e+09	6.13544e+09	6.49465e+09	5.32458e+09	5.95733e+09	5.33138e+09	5.6009e+09	6.03654e+09	4.36275e+09	5.95941e+09
ERR630395	4.82946e+09	4.79367e+09	4.86023e+09	5.24696e+09	5.29988e+09	4.85442e+09	4.54153e+09	4.65057e+09	4.95054e+09	5.20891e+09	3.93464e+09	4.62274e+09	4.1706e+09	4.41371e+09	4.32129e+09	5.14601e+09	5.20086e+09	4.29064e+09	4.99791e+09	5.19681e+09	4.48016e+09	4.38291e+09	4.25799e+09	4.43811e+09	4.4572e+09	4.22902e+09	5.06682e+09	4.85425e+09	4.49045e+09	5.12089e+09	5.81787e+09	5.65717e+09	5.80727e+09	5.43246e+09	5.90876e+09	5.5428e+09	6.01106e+09	5.56768e+09	5.60653e+09	5.54248e+09	6.06165e+09	5.61121e+09	4.53559e+09	4.51403e+09	4.4839e+09	4.27996e+09	4.73985e+09	4.21077e+09	4.92421e+09	4.67609e+09	5.28444e+09	4.71898e+09	4.73632e+09	5.11277e+09	4.75935e+09	4.49266e+09	4.91981e+09	4.69508e+09	4.71193e+09	4.4908e+09	5.54233e+09	5.57017e+09	5.94594e+09	5.54826e+09	5.50576e+09	5.99582e+09	5.42763e+09	5.47347e+09	5.1323e+09	5.29802e+09	4.56775e+09	4.35367e+09	5.45844e+09	5.31566e+09	4.43782e+09	4.05182e+09	4.56201e+09	5.51764e+09	4.25372e+09	4.16412e+09	4.92259e+09	4.17516e+09	4.90297e+09	4.90537e+09	5.3305e+09	5.34764e+09	5.33433e+09	5.3815e+09	5.67732e+09	4.70133e+09	5.24809e+09	4.73125e+09	4.95662e+09	5.31309e+09	3.90399e+09	5.25061e+09
ERR630392	5.84452e+09	5.79717e+09	5.8806e+09	6.38617e+09	6.45481e+09	5.877e+09	5.43547e+09	5.58536e+09	5.97751e+09	6.31583e+09	4.66027e+09	5.54297e+09	4.9562e+09	5.26207e+09	5.1437e+09	6.22066e+09	6.2926e+09	5.10388e+09	6.11247e+09	6.37162e+09	5.43307e+09	5.30628e+09	5.15813e+09	5.37879e+09	5.28652e+09	4.99033e+09	6.10047e+09	5.81865e+09	5.12089e+09	6.38783e+09	7.12086e+09	6.91135e+09	7.10665e+09	6.6094e+09	7.24349e+09	6.75729e+09	7.36773e+09	6.77692e+09	6.82924e+09	6.74378e+09	7.43495e+09	6.8329e+09	5.47537e+09	5.44531e+09	5.40662e+09	5.14596e+09	5.73651e+09	5.05802e+09	5.90503e+09	5.57931e+09	6.38641e+09	5.63447e+09	5.65957e+09	6.15838e+09	5.68494e+09	5.33104e+09	5.89845e+09	5.60117e+09	5.61818e+09	5.32845e+09	6.74044e+09	6.77762e+09	7.27731e+09	6.74517e+09	6.69208e+09	7.34408e+09	6.57826e+09	6.63974e+09	6.18249e+09	6.40428e+09	5.43428e+09	5.15401e+09	6.616e+09	6.42605e+09	5.28654e+09	4.79006e+09	5.4469e+09	6.69364e+09	5.09364e+09	4.97875e+09	5.95968e+09	4.9911e+09	5.934e+09	5.93829e+09	6.45329e+09	6.47708e+09	6.45829e+09	6.52355e+09	6.91857e+09	5.62796e+09	6.33566e+09	5.64802e+09	5.94641e+09	6.42259e+09	4.58837e+09	6.33903e+09
ERR630276	7.07661e+09	7.01623e+09	7.09643e+09	7.75041e+09	7.83433e+09	7.11576e+09	6.3697e+09	6.58749e+09	7.08401e+09	7.51613e+09	5.43158e+09	6.50904e+09	5.71856e+09	6.0557e+09	5.91213e+09	7.25507e+09	7.34343e+09	5.86215e+09	7.53551e+09	7.86222e+09	6.62234e+09	6.45596e+09	6.32167e+09	6.54979e+09	6.02502e+09	5.66205e+09	7.0266e+09	6.69376e+09	5.81787e+09	7.12086e+09	9.04793e+09	8.55393e+09	8.78657e+09	8.16354e+09	8.94545e+09	8.35165e+09	8.85231e+09	8.11572e+09	8.18256e+09	8.07156e+09	8.93778e+09	8.15938e+09	6.68712e+09	6.64435e+09	6.59219e+09	6.25988e+09	7.00565e+09	6.15273e+09	6.78583e+09	6.39948e+09	7.40103e+09	6.46284e+09	6.50148e+09	7.11403e+09	6.55093e+09	6.09375e+09	6.81193e+09	6.45019e+09	6.45068e+09	6.09016e+09	8.03171e+09	8.07559e+09	8.69716e+09	8.00992e+09	7.97157e+09	8.78e+09	7.76856e+09	7.84607e+09	7.25811e+09	7.52501e+09	6.29212e+09	5.94995e+09	7.67127e+09	7.43533e+09	5.83222e+09	5.25317e+09	6.02036e+09	7.76299e+09	6.06397e+09	5.92068e+09	7.17653e+09	5.92868e+09	7.14029e+09	7.15029e+09	7.66162e+09	7.69603e+09	7.67136e+09	7.77195e+09	8.28465e+09	6.64179e+09	7.36072e+09	6.4961e+09	6.86244e+09	7.47491e+09	5.23704e+09	7.36342e+09
ERR630277	6.89605e+09	6.83842e+09	6.90519e+09	7.52602e+09	7.60488e+09	6.93329e+09	6.18195e+09	6.40307e+09	6.8785e+09	7.28725e+09	5.29298e+09	6.31669e+09	5.54474e+09	5.847e+09	5.71362e+09	6.98988e+09	7.07244e+09	5.66594e+09	7.33164e+09	7.63793e+09	6.44957e+09	6.28935e+09	6.17723e+09	6.37944e+09	5.85989e+09	5.50828e+09	6.82001e+09	6.5093e+09	5.65717e+09	6.91135e+09	8.55393e+09	8.57192e+09	8.54266e+09	7.95835e+09	8.68938e+09	8.1387e+09	8.57415e+09	7.88952e+09	7.9521e+09	7.84796e+09	8.65448e+09	7.91948e+09	6.51822e+09	6.47621e+09	6.42275e+09	6.1046e+09	6.82001e+09	6.00129e+09	6.55875e+09	6.20206e+09	7.1467e+09	6.25963e+09	6.30025e+09	6.87673e+09	6.34749e+09	5.90077e+09	6.59536e+09	6.25493e+09	6.24367e+09	5.8977e+09	7.80034e+09	7.84096e+09	8.41496e+09	7.76669e+09	7.74337e+09	8.49304e+09	7.52526e+09	7.5993e+09	7.03699e+09	7.28341e+09	6.10631e+09	5.78067e+09	7.3997e+09	7.17939e+09	5.53855e+09	4.99531e+09	5.71571e+09	7.48486e+09	5.90547e+09	5.76863e+09	6.97243e+09	5.77347e+09	6.93741e+09	6.94702e+09	7.43192e+09	7.46526e+09	7.44199e+09	7.54326e+09	8.03115e+09	6.47315e+09	7.11822e+09	6.29447e+09	6.63956e+09	7.22887e+09	5.10043e+09	7.12071e+09
ERR630275	7.06613e+09	7.00549e+09	7.08414e+09	7.73545e+09	7.81887e+09	7.10476e+09	6.35616e+09	6.57539e+09	7.07098e+09	7.50105e+09	5.42273e+09	6.4961e+09	5.70629e+09	6.03977e+09	5.89742e+09	7.23537e+09	7.32338e+09	5.84795e+09	7.52312e+09	7.84842e+09	6.61169e+09	6.44537e+09	6.3139e+09	6.53935e+09	6.01446e+09	5.65189e+09	7.01303e+09	6.68191e+09	5.80727e+09	7.10665e+09	8.78657e+09	8.54266e+09	9.02051e+09	8.15181e+09	8.93032e+09	8.33989e+09	8.83441e+09	8.10226e+09	8.16901e+09	8.05862e+09	8.91927e+09	8.14452e+09	6.67545e+09	6.63257e+09	6.58033e+09	6.24876e+09	6.99217e+09	6.1419e+09	6.76943e+09	6.38659e+09	7.38304e+09	6.44952e+09	6.48822e+09	7.09754e+09	6.53629e+09	6.07923e+09	6.79634e+09	6.43645e+09	6.43532e+09	6.07576e+09	8.01736e+09	8.06073e+09	8.67743e+09	7.99343e+09	7.9575e+09	8.76044e+09	7.75155e+09	7.82915e+09	7.24331e+09	7.50729e+09	6.27903e+09	5.93832e+09	7.65392e+09	7.41944e+09	5.80367e+09	5.22795e+09	5.99078e+09	7.74508e+09	6.05351e+09	5.91131e+09	7.16297e+09	5.91867e+09	7.12718e+09	7.13691e+09	7.64532e+09	7.67922e+09	7.6551e+09	7.75603e+09	8.26688e+09	6.63114e+09	7.34311e+09	6.48137e+09	6.84595e+09	7.45687e+09	5.22799e+09	7.34536e+09
