	ERR622581	ERR622579	ERR622577	ERR622578	ERR622582	ERR622580	ERR626884	ERR626883	ERR626881	ERR626880	ERR626882	ERR626879	ERR613256	ERR613253	ERR613252	ERR613251	ERR613254	ERR613255	ERR613905	ERR613903	ERR613907	ERR613906	ERR613904	ERR613902	ERR636787	ERR636789	ERR636788	ERR636790	ERR636792	ERR636791	ERR621996	ERR621991	ERR621992	ERR621994	ERR621995	ERR621993	ERR629929	ERR629932	ERR629933	ERR629928	ERR629931	ERR629930	ERR636835	ERR636838	ERR636836	ERR636839	ERR636840	ERR636837	ERR611343	ERR611344	ERR611346	ERR611341	ERR611345	ERR611342	ERR617751	ERR617755	ERR617754	ERR617752	ERR617756	ERR617753	ERR631325	ERR631323	ERR631328	ERR631327	ERR631326	ERR631324	ERR617267	ERR617269	ERR617265	ERR617270	ERR617266	ERR617268	ERR616987	ERR616986	ERR616989	ERR616988	ERR616990	ERR616985	ERR606652	ERR606653	ERR606651	ERR606648	ERR606649	ERR606650	ERR613788	ERR613791	ERR613790	ERR613793	ERR613792	ERR613789	ERR618319	ERR618317	ERR618316	ERR618320	ERR618318	ERR618315
ERR622581	3.77688e+08	2.05869e+08	3.14913e+08	2.97626e+08	2.69479e+08	2.58911e+08	2.76469e+08	1.99606e+08	2.56885e+08	2.53506e+08	2.02868e+08	2.82922e+08	1.69848e+08	2.35803e+08	2.51945e+08	2.71932e+08	1.60678e+08	1.69565e+08	2.4803e+08	2.5947e+08	2.89002e+08	2.48635e+08	2.21533e+08	2.87529e+08	2.23249e+08	2.41757e+08	2.41162e+08	2.55564e+08	2.61627e+08	2.57905e+08	2.2069e+08	2.66616e+08	2.41776e+08	2.41245e+08	2.24182e+08	2.40582e+08	1.36855e+08	1.29541e+08	1.32279e+08	1.61565e+08	1.33336e+08	1.58693e+08	2.31939e+08	2.5773e+08	2.51331e+08	2.60218e+08	2.66382e+08	2.50501e+08	1.7946e+08	1.62203e+08	1.67297e+08	1.695e+08	1.72451e+08	1.64432e+08	1.0152e+08	1.5061e+08	1.44127e+08	1.22302e+08	1.55258e+08	1.28991e+08	2.9736e+08	2.59821e+08	2.51204e+08	2.51572e+08	2.53317e+08	2.50272e+08	1.64352e+08	1.92768e+08	1.5996e+08	1.94408e+08	1.62955e+08	1.9399e+08	1.7325e+08	1.68272e+08	1.43256e+08	1.46175e+08	1.45749e+08	1.62647e+08	2.26021e+08	2.16499e+08	1.84683e+08	1.15923e+08	2.28066e+08	2.17521e+08	1.95107e+08	1.71687e+08	1.39718e+08	1.73288e+08	1.7301e+08	1.76725e+08	1.35825e+08	1.50142e+08	1.41551e+08	1.26013e+08	1.40046e+08	1.43303e+08
ERR622579	2.05869e+08	2.53733e+08	2.47973e+08	2.34762e+08	2.11624e+08	2.03526e+08	2.14625e+08	1.55566e+08	1.9946e+08	1.96677e+08	1.57979e+08	2.19581e+08	1.33423e+08	1.84513e+08	1.97369e+08	2.13027e+08	1.26094e+08	1.33028e+08	1.91757e+08	2.00301e+08	2.22994e+08	1.9223e+08	1.70961e+08	2.21896e+08	1.7265e+08	1.86594e+08	1.86382e+08	1.97221e+08	2.01835e+08	1.99011e+08	1.70744e+08	2.06143e+08	1.86729e+08	1.8656e+08	1.73337e+08	1.858e+08	1.04833e+08	9.91066e+07	1.01058e+08	1.23922e+08	1.01989e+08	1.2183e+08	1.79021e+08	1.9862e+08	1.94282e+08	2.00425e+08	2.05167e+08	1.93131e+08	1.38045e+08	1.23935e+08	1.28333e+08	1.30228e+08	1.3227e+08	1.26491e+08	8.02243e+07	1.15714e+08	1.10573e+08	9.67273e+07	1.19243e+08	1.01942e+08	2.29591e+08	2.00819e+08	1.94095e+08	1.94338e+08	1.95654e+08	1.93503e+08	1.26314e+08	1.48141e+08	1.22566e+08	1.49512e+08	1.2525e+08	1.49154e+08	1.32784e+08	1.2894e+08	1.09297e+08	1.11564e+08	1.11071e+08	1.244e+08	1.77469e+08	1.6976e+08	1.45132e+08	9.13134e+07	1.79103e+08	1.70732e+08	1.4979e+08	1.32016e+08	1.06974e+08	1.33148e+08	1.32926e+08	1.35646e+08	1.03932e+08	1.1515e+08	1.08407e+08	9.64134e+07	1.07408e+08	1.09635e+08
ERR622577	3.14913e+08	2.47973e+08	5.30089e+08	3.62742e+08	3.24342e+08	3.11178e+08	3.40954e+08	2.4615e+08	3.16548e+08	3.1195e+08	2.50171e+08	3.49488e+08	2.07179e+08	2.89326e+08	3.09531e+08	3.35044e+08	1.95464e+08	2.06808e+08	3.05122e+08	3.18952e+08	3.56033e+08	3.05936e+08	2.71128e+08	3.54439e+08	2.73118e+08	2.95989e+08	2.9595e+08	3.13028e+08	3.20528e+08	3.15847e+08	2.72677e+08	3.30206e+08	2.98743e+08	2.98445e+08	2.76931e+08	2.97133e+08	1.716e+08	1.61846e+08	1.65265e+08	2.02917e+08	1.6666e+08	1.992e+08	2.84473e+08	3.16113e+08	3.09269e+08	3.19199e+08	3.27001e+08	3.0738e+08	2.25819e+08	2.02534e+08	2.09929e+08	2.13231e+08	2.16296e+08	2.06911e+08	1.31989e+08	1.89203e+08	1.80735e+08	1.59227e+08	1.94871e+08	1.67854e+08	3.67708e+08	3.20918e+08	3.09769e+08	3.102e+08	3.12537e+08	3.09061e+08	2.06701e+08	2.42578e+08	2.0048e+08	2.44808e+08	2.0505e+08	2.44292e+08	2.17163e+08	2.1078e+08	1.78616e+08	1.82158e+08	1.81426e+08	2.03315e+08	2.76874e+08	2.64925e+08	2.25648e+08	1.40188e+08	2.79527e+08	2.66601e+08	2.43741e+08	2.14563e+08	1.73755e+08	2.16526e+08	2.16224e+08	2.20569e+08	1.70046e+08	1.88227e+08	1.7728e+08	1.57576e+08	1.75521e+08	1.79167e+08
ERR622578	2.97626e+08	2.34762e+08	3.62742e+08	4.78522e+08	3.06573e+08	2.94113e+08	3.20576e+08	2.3145e+08	2.97598e+08	2.9346e+08	2.35287e+08	3.28428e+08	1.95222e+08	2.72291e+08	2.91104e+08	3.1516e+08	1.84226e+08	1.94867e+08	2.86805e+08	2.99926e+08	3.34582e+08	2.87514e+08	2.55128e+08	3.32786e+08	2.56958e+08	2.78407e+08	2.78346e+08	2.94391e+08	3.01463e+08	2.96788e+08	2.55968e+08	3.10038e+08	2.80668e+08	2.80205e+08	2.60123e+08	2.7905e+08	1.60517e+08	1.51463e+08	1.54601e+08	1.89729e+08	1.55913e+08	1.86311e+08	2.6748e+08	2.97048e+08	2.90532e+08	2.99795e+08	3.07114e+08	2.88858e+08	2.11193e+08	1.89461e+08	1.96404e+08	1.99344e+08	2.02226e+08	1.93459e+08	1.23068e+08	1.76935e+08	1.69182e+08	1.48334e+08	1.82327e+08	1.56362e+08	3.44985e+08	3.01106e+08	2.90783e+08	2.91246e+08	2.93223e+08	2.90201e+08	1.93365e+08	2.26864e+08	1.87654e+08	2.2899e+08	1.91723e+08	2.28373e+08	2.03136e+08	1.97207e+08	1.67135e+08	1.70507e+08	1.69841e+08	1.90237e+08	2.61001e+08	2.49888e+08	2.12855e+08	1.32548e+08	2.63512e+08	2.51235e+08	2.28426e+08	2.01314e+08	1.63146e+08	2.03133e+08	2.02722e+08	2.06972e+08	1.59001e+08	1.76081e+08	1.65819e+08	1.47432e+08	1.64165e+08	1.67556e+08
ERR622582	2.69479e+08	2.11624e+08	3.24342e+08	3.06573e+08	3.96881e+08	2.6631e+08	2.85309e+08	2.05843e+08	2.64974e+08	2.61274e+08	2.09202e+08	2.91922e+08	1.75043e+08	2.4324e+08	2.59831e+08	2.80428e+08	1.65506e+08	1.74748e+08	2.55903e+08	2.67648e+08	2.98166e+08	2.56607e+08	2.28552e+08	2.96744e+08	2.30025e+08	2.49141e+08	2.48488e+08	2.6333e+08	2.6963e+08	2.65913e+08	2.2759e+08	2.74991e+08	2.49247e+08	2.4871e+08	2.3119e+08	2.48054e+08	1.41204e+08	1.33648e+08	1.36407e+08	1.66543e+08	1.3755e+08	1.63525e+08	2.39176e+08	2.65686e+08	2.59228e+08	2.6814e+08	2.74488e+08	2.58278e+08	1.85082e+08	1.67239e+08	1.72589e+08	1.74756e+08	1.77918e+08	1.69627e+08	1.05107e+08	1.55518e+08	1.48832e+08	1.26702e+08	1.60194e+08	1.33407e+08	3.06778e+08	2.68011e+08	2.59107e+08	2.59622e+08	2.61551e+08	2.58258e+08	1.69662e+08	1.98965e+08	1.65094e+08	2.00742e+08	1.68272e+08	2.00363e+08	1.78801e+08	1.73728e+08	1.47807e+08	1.5073e+08	1.50389e+08	1.67853e+08	2.32693e+08	2.22674e+08	1.89963e+08	1.19213e+08	2.34555e+08	2.23666e+08	2.01182e+08	1.77111e+08	1.44174e+08	1.78707e+08	1.78506e+08	1.8229e+08	1.40174e+08	1.54942e+08	1.46052e+08	1.30052e+08	1.44497e+08	1.47855e+08
ERR622580	2.58911e+08	2.03526e+08	3.11178e+08	2.94113e+08	2.6631e+08	3.70355e+08	2.73342e+08	1.97215e+08	2.53722e+08	2.50409e+08	2.00485e+08	2.79694e+08	1.67867e+08	2.32991e+08	2.48894e+08	2.68644e+08	1.58758e+08	1.67544e+08	2.44852e+08	2.56261e+08	2.85492e+08	2.4548e+08	2.18933e+08	2.84038e+08	2.20277e+08	2.38622e+08	2.38131e+08	2.52163e+08	2.58445e+08	2.54626e+08	2.17893e+08	2.63286e+08	2.38837e+08	2.38206e+08	2.21321e+08	2.37597e+08	1.35289e+08	1.27967e+08	1.30682e+08	1.59607e+08	1.31725e+08	1.56744e+08	2.29108e+08	2.54427e+08	2.4815e+08	2.56886e+08	2.62967e+08	2.47279e+08	1.77152e+08	1.60182e+08	1.6524e+08	1.67341e+08	1.70249e+08	1.62328e+08	1.00268e+08	1.48956e+08	1.42569e+08	1.20843e+08	1.53464e+08	1.27337e+08	2.93715e+08	2.56596e+08	2.4808e+08	2.48514e+08	2.50308e+08	2.47106e+08	1.62498e+08	1.90367e+08	1.58121e+08	1.9213e+08	1.61041e+08	1.91818e+08	1.71192e+08	1.66378e+08	1.41724e+08	1.44539e+08	1.44212e+08	1.60775e+08	2.23664e+08	2.14114e+08	1.82713e+08	1.14786e+08	2.25511e+08	2.15118e+08	1.92856e+08	1.69702e+08	1.38176e+08	1.7127e+08	1.70905e+08	1.74715e+08	1.3417e+08	1.48421e+08	1.39845e+08	1.2452e+08	1.38445e+08	1.41655e+08
ERR626884	2.76469e+08	2.14625e+08	3.40954e+08	3.20576e+08	2.85309e+08	2.73342e+08	5.46275e+08	2.85545e+08	3.65267e+08	3.59897e+08	2.9033e+08	4.02331e+08	2.00635e+08	2.81669e+08	3.01401e+08	3.27992e+08	1.89027e+08	2.00563e+08	3.10741e+08	3.25327e+08	3.62993e+08	3.11635e+08	2.75284e+08	3.6179e+08	2.86831e+08	3.10954e+08	3.11203e+08	3.2914e+08	3.37242e+08	3.31802e+08	2.84622e+08	3.44234e+08	3.1193e+08	3.11496e+08	2.88884e+08	3.10226e+08	1.82097e+08	1.71788e+08	1.75353e+08	2.15161e+08	1.77016e+08	2.11248e+08	2.90689e+08	3.23093e+08	3.168e+08	3.26281e+08	3.34583e+08	3.14385e+08	2.38087e+08	2.13259e+08	2.21366e+08	2.24578e+08	2.27782e+08	2.18081e+08	1.44982e+08	1.98229e+08	1.89316e+08	1.74884e+08	2.04198e+08	1.84223e+08	3.96932e+08	3.46113e+08	3.34557e+08	3.35005e+08	3.37185e+08	3.34009e+08	2.19413e+08	2.57533e+08	2.12714e+08	2.59896e+08	2.17799e+08	2.59267e+08	2.29198e+08	2.2266e+08	1.88503e+08	1.92229e+08	1.91343e+08	2.14471e+08	2.69045e+08	2.57435e+08	2.18432e+08	1.34009e+08	2.71692e+08	2.5904e+08	2.56148e+08	2.25775e+08	1.82604e+08	2.27763e+08	2.2746e+08	2.31909e+08	1.80254e+08	1.99536e+08	1.87803e+08	1.67128e+08	1.8626e+08	1.8977e+08
ERR626883	1.99606e+08	1.55566e+08	2.4615e+08	2.3145e+08	2.05843e+08	1.97215e+08	2.85545e+08	3.1909e+08	2.6582e+08	2.61998e+08	2.13532e+08	2.9242e+08	1.4679e+08	2.05202e+08	2.19312e+08	2.38688e+08	1.38364e+08	1.46944e+08	2.25356e+08	2.3546e+08	2.62527e+08	2.2612e+08	1.99306e+08	2.61508e+08	2.08096e+08	2.25046e+08	2.25466e+08	2.38142e+08	2.43891e+08	2.39879e+08	2.06347e+08	2.49198e+08	2.25759e+08	2.25631e+08	2.09318e+08	2.24593e+08	1.29577e+08	1.22124e+08	1.24648e+08	1.53271e+08	1.25824e+08	1.50676e+08	2.10086e+08	2.33099e+08	2.28893e+08	2.35261e+08	2.41353e+08	2.26893e+08	1.70005e+08	1.51492e+08	1.57648e+08	1.60258e+08	1.62344e+08	1.55872e+08	1.07022e+08	1.41623e+08	1.3499e+08	1.29005e+08	1.45919e+08	1.35874e+08	2.87962e+08	2.51705e+08	2.43468e+08	2.43757e+08	2.45325e+08	2.43574e+08	1.57267e+08	1.84576e+08	1.51994e+08	1.86277e+08	1.56034e+08	1.85745e+08	1.63524e+08	1.58729e+08	1.33924e+08	1.36568e+08	1.35844e+08	1.52624e+08	1.90161e+08	1.82019e+08	1.54348e+08	9.41291e+07	1.92354e+08	1.83368e+08	1.82923e+08	1.6134e+08	1.30089e+08	1.62792e+08	1.62641e+08	1.65446e+08	1.28252e+08	1.42095e+08	1.33656e+08	1.18943e+08	1.32588e+08	1.34872e+08
ERR626881	2.56885e+08	1.9946e+08	3.16548e+08	2.97598e+08	2.64974e+08	2.53722e+08	3.65267e+08	2.6582e+08	4.82496e+08	3.35484e+08	2.70285e+08	3.74921e+08	1.86695e+08	2.618e+08	2.80046e+08	3.04555e+08	1.75975e+08	1.86759e+08	2.88881e+08	3.0236e+08	3.37368e+08	2.89763e+08	2.5599e+08	3.36144e+08	2.6676e+08	2.89052e+08	2.89229e+08	3.05897e+08	3.13537e+08	3.08357e+08	2.64621e+08	3.20055e+08	2.89978e+08	2.89558e+08	2.68564e+08	2.8827e+08	1.68743e+08	1.59273e+08	1.62552e+08	1.99295e+08	1.64097e+08	1.95813e+08	2.70054e+08	2.9996e+08	2.94063e+08	3.02993e+08	3.10808e+08	2.91941e+08	2.20506e+08	1.97594e+08	2.05052e+08	2.07961e+08	2.11177e+08	2.02051e+08	1.34394e+08	1.8374e+08	1.75391e+08	1.62113e+08	1.89266e+08	1.7071e+08	3.68729e+08	3.21833e+08	3.11101e+08	3.11426e+08	3.13517e+08	3.10825e+08	2.03279e+08	2.38669e+08	1.97191e+08	2.40771e+08	2.01814e+08	2.40208e+08	2.12437e+08	2.06313e+08	1.74725e+08	1.78175e+08	1.77447e+08	1.98852e+08	2.49399e+08	2.38619e+08	2.0254e+08	1.24286e+08	2.51872e+08	2.40125e+08	2.37836e+08	2.09508e+08	1.69502e+08	2.11424e+08	2.11066e+08	2.15194e+08	1.67118e+08	1.84897e+08	1.73981e+08	1.54917e+08	1.72557e+08	1.75834e+08
ERR626880	2.53506e+08	1.96677e+08	3.1195e+08	2.9346e+08	2.61274e+08	2.50409e+08	3.59897e+08	2.61998e+08	3.35484e+08	4.70989e+08	2.66317e+08	3.69687e+08	1.83786e+08	2.57686e+08	2.75546e+08	2.99358e+08	1.73338e+08	1.83817e+08	2.84457e+08	2.98053e+08	3.32271e+08	2.85354e+08	2.52582e+08	3.31147e+08	2.63253e+08	2.85137e+08	2.8531e+08	3.01917e+08	3.09404e+08	3.04479e+08	2.60794e+08	3.15377e+08	2.85799e+08	2.85261e+08	2.64628e+08	2.83987e+08	1.66491e+08	1.57205e+08	1.60496e+08	1.96613e+08	1.62012e+08	1.93096e+08	2.66172e+08	2.95973e+08	2.89948e+08	2.98787e+08	3.06513e+08	2.88105e+08	2.17345e+08	1.95264e+08	2.02275e+08	2.05262e+08	2.08257e+08	1.99344e+08	1.30529e+08	1.81169e+08	1.73116e+08	1.57313e+08	1.866e+08	1.65656e+08	3.63302e+08	3.17083e+08	3.06484e+08	3.07012e+08	3.08949e+08	3.06081e+08	2.0064e+08	2.35268e+08	1.94543e+08	2.37159e+08	1.98826e+08	2.36744e+08	2.09767e+08	2.03707e+08	1.72704e+08	1.7618e+08	1.75468e+08	1.96481e+08	2.46296e+08	2.35642e+08	1.99941e+08	1.22786e+08	2.48633e+08	2.37317e+08	2.34533e+08	2.06596e+08	1.67438e+08	2.08444e+08	2.08122e+08	2.12202e+08	1.64837e+08	1.82394e+08	1.71779e+08	1.52914e+08	1.70229e+08	1.73758e+08
ERR626882	2.02868e+08	1.57979e+08	2.50171e+08	2.35287e+08	2.09202e+08	2.00485e+08	2.9033e+08	2.13532e+08	2.70285e+08	2.66317e+08	3.2818e+08	2.9735e+08	1.49204e+08	2.08643e+08	2.23112e+08	2.42893e+08	1.40797e+08	1.49376e+08	2.29415e+08	2.39566e+08	2.67294e+08	2.30083e+08	2.0269e+08	2.66232e+08	2.11254e+08	2.28676e+08	2.29101e+08	2.41797e+08	2.47808e+08	2.43759e+08	2.09768e+08	2.53457e+08	2.29622e+08	2.29587e+08	2.12912e+08	2.28528e+08	1.31893e+08	1.24313e+08	1.26883e+08	1.56173e+08	1.28045e+08	1.53412e+08	2.13629e+08	2.37009e+08	2.32781e+08	2.39328e+08	2.4542e+08	2.30825e+08	1.73081e+08	1.54163e+08	1.60536e+08	1.63172e+08	1.65329e+08	1.58669e+08	1.093e+08	1.44012e+08	1.37266e+08	1.31749e+08	1.48541e+08	1.3879e+08	2.92735e+08	2.56128e+08	2.47476e+08	2.47779e+08	2.49221e+08	2.47645e+08	1.60098e+08	1.87997e+08	1.54618e+08	1.89602e+08	1.58896e+08	1.89183e+08	1.66389e+08	1.61565e+08	1.36205e+08	1.38942e+08	1.38215e+08	1.55218e+08	1.93096e+08	1.84698e+08	1.56734e+08	9.54819e+07	1.95309e+08	1.86281e+08	1.85807e+08	1.63952e+08	1.32094e+08	1.65342e+08	1.65082e+08	1.68005e+08	1.30491e+08	1.44614e+08	1.36004e+08	1.20995e+08	1.34978e+08	1.37125e+08
ERR626879	2.82922e+08	2.19581e+08	3.49488e+08	3.28428e+08	2.91922e+08	2.79694e+08	4.02331e+08	2.9242e+08	3.74921e+08	3.69687e+08	2.9735e+08	5.70967e+08	2.05346e+08	2.88675e+08	3.08873e+08	3.35954e+08	1.9338e+08	2.05335e+08	3.18628e+08	3.33693e+08	3.72477e+08	3.19805e+08	2.82341e+08	3.71073e+08	2.93944e+08	3.18491e+08	3.18948e+08	3.37263e+08	3.45614e+08	3.39826e+08	2.92044e+08	3.53369e+08	3.20136e+08	3.19591e+08	2.96419e+08	3.18139e+08	1.87143e+08	1.76658e+08	1.80268e+08	2.21177e+08	1.81975e+08	2.17263e+08	2.97973e+08	3.31266e+08	3.24756e+08	3.34546e+08	3.43218e+08	3.22468e+08	2.44927e+08	2.19437e+08	2.27646e+08	2.31057e+08	2.34473e+08	2.24394e+08	1.48414e+08	2.03661e+08	1.94528e+08	1.78851e+08	2.09853e+08	1.88328e+08	4.06393e+08	3.54682e+08	3.42626e+08	3.43111e+08	3.45291e+08	3.42176e+08	2.25563e+08	2.64845e+08	2.18701e+08	2.67042e+08	2.23809e+08	2.66511e+08	2.35591e+08	2.28928e+08	1.9374e+08	1.97623e+08	1.96785e+08	2.20567e+08	2.77072e+08	2.64965e+08	2.249e+08	1.37812e+08	2.79753e+08	2.66873e+08	2.63871e+08	2.32322e+08	1.87994e+08	2.34384e+08	2.34201e+08	2.38707e+08	1.85424e+08	2.0529e+08	1.93155e+08	1.71761e+08	1.91412e+08	1.95228e+08
ERR613256	1.69848e+08	1.33423e+08	2.07179e+08	1.95222e+08	1.75043e+08	1.67867e+08	2.00635e+08	1.4679e+08	1.86695e+08	1.83786e+08	1.49204e+08	2.05346e+08	2.47757e+08	2.15958e+08	2.30226e+08	2.49574e+08	1.48831e+08	1.57607e+08	1.96717e+08	2.04621e+08	2.27762e+08	1.97305e+08	1.7373e+08	2.26819e+08	1.67214e+08	1.80552e+08	1.81012e+08	1.90914e+08	1.95325e+08	1.9235e+08	1.73646e+08	2.09358e+08	1.8977e+08	1.89961e+08	1.76422e+08	1.89e+08	1.11467e+08	1.04992e+08	1.07144e+08	1.31791e+08	1.08052e+08	1.29521e+08	1.87079e+08	2.06774e+08	2.03072e+08	2.08903e+08	2.14076e+08	2.01299e+08	1.45899e+08	1.29754e+08	1.35245e+08	1.37449e+08	1.39348e+08	1.33667e+08	9.36033e+07	1.21767e+08	1.1595e+08	1.12645e+08	1.25551e+08	1.18658e+08	2.30122e+08	2.01554e+08	1.94763e+08	1.94967e+08	1.96325e+08	1.94865e+08	1.37757e+08	1.61529e+08	1.33089e+08	1.62924e+08	1.36798e+08	1.62495e+08	1.41025e+08	1.37018e+08	1.15295e+08	1.17552e+08	1.17008e+08	1.31424e+08	1.65501e+08	1.58303e+08	1.34576e+08	8.24065e+07	1.67399e+08	1.59748e+08	1.53723e+08	1.35751e+08	1.0924e+08	1.37022e+08	1.36932e+08	1.39191e+08	1.09416e+08	1.21208e+08	1.1422e+08	1.01515e+08	1.13194e+08	1.1482e+08
ERR613253	2.35803e+08	1.84513e+08	2.89326e+08	2.72291e+08	2.4324e+08	2.32991e+08	2.81669e+08	2.05202e+08	2.618e+08	2.57686e+08	2.08643e+08	2.88675e+08	2.15958e+08	4.32435e+08	3.21266e+08	3.49108e+08	2.03501e+08	2.16071e+08	2.73433e+08	2.8494e+08	3.17593e+08	2.74102e+08	2.40758e+08	3.16474e+08	2.32745e+08	2.51736e+08	2.52385e+08	2.6631e+08	2.72929e+08	2.6831e+08	2.42833e+08	2.93678e+08	2.65849e+08	2.65976e+08	2.46705e+08	2.64595e+08	1.58978e+08	1.49468e+08	1.52632e+08	1.88303e+08	1.53884e+08	1.84987e+08	2.59867e+08	2.87625e+08	2.82766e+08	2.90808e+08	2.98091e+08	2.80148e+08	2.08776e+08	1.85227e+08	1.93333e+08	1.96551e+08	1.99054e+08	1.91254e+08	1.33626e+08	1.73653e+08	1.65295e+08	1.60902e+08	1.78919e+08	1.69448e+08	3.22768e+08	2.8175e+08	2.72089e+08	2.72388e+08	2.74204e+08	2.7234e+08	1.96241e+08	2.30313e+08	1.89327e+08	2.32187e+08	1.94938e+08	2.31659e+08	2.00632e+08	1.94803e+08	1.63677e+08	1.66934e+08	1.6604e+08	1.86744e+08	2.36003e+08	2.25671e+08	1.91842e+08	1.17188e+08	2.38979e+08	2.28013e+08	2.18975e+08	1.93321e+08	1.5545e+08	1.9507e+08	1.94866e+08	1.98019e+08	1.56036e+08	1.73093e+08	1.62947e+08	1.44813e+08	1.61701e+08	1.63782e+08
ERR613252	2.51945e+08	1.97369e+08	3.09531e+08	2.91104e+08	2.59831e+08	2.48894e+08	3.01401e+08	2.19312e+08	2.80046e+08	2.75546e+08	2.23112e+08	3.08873e+08	2.30226e+08	3.21266e+08	4.84231e+08	3.73518e+08	2.16746e+08	2.303e+08	2.91618e+08	3.0387e+08	3.39083e+08	2.92488e+08	2.56582e+08	3.37804e+08	2.48052e+08	2.68526e+08	2.69449e+08	2.84294e+08	2.91182e+08	2.86451e+08	2.59341e+08	3.13829e+08	2.83896e+08	2.83997e+08	2.63433e+08	2.82458e+08	1.70514e+08	1.60325e+08	1.63666e+08	2.02088e+08	1.65023e+08	1.98365e+08	2.77102e+08	3.07223e+08	3.01954e+08	3.10433e+08	3.18374e+08	2.98892e+08	2.24101e+08	1.9856e+08	2.07343e+08	2.1104e+08	2.13489e+08	2.05321e+08	1.43829e+08	1.86095e+08	1.76995e+08	1.7345e+08	1.91903e+08	1.82748e+08	3.44906e+08	3.00866e+08	2.90364e+08	2.90821e+08	2.92799e+08	2.90847e+08	2.10187e+08	2.46809e+08	2.0273e+08	2.49042e+08	2.08737e+08	2.48268e+08	2.14959e+08	2.08804e+08	1.75227e+08	1.78647e+08	1.77787e+08	2.0019e+08	2.53406e+08	2.42397e+08	2.0613e+08	1.25796e+08	2.56837e+08	2.45021e+08	2.3483e+08	2.07345e+08	1.66487e+08	2.09152e+08	2.08925e+08	2.12323e+08	1.67462e+08	1.85737e+08	1.74708e+08	1.55411e+08	1.73479e+08	1.75636e+08
ERR613251	2.71932e+08	2.13027e+08	3.35044e+08	3.1516e+08	2.80428e+08	2.68644e+08	3.27992e+08	2.38688e+08	3.04555e+08	2.99358e+08	2.42893e+08	3.35954e+08	2.49574e+08	3.49108e+08	3.73518e+08	5.6155e+08	2.34776e+08	2.49512e+08	3.17112e+08	3.30247e+08	3.68695e+08	3.1805e+08	2.77886e+08	3.67277e+08	2.68667e+08	2.90746e+08	2.92048e+08	3.0793e+08	3.1547e+08	3.10217e+08	2.81513e+08	3.40901e+08	3.08193e+08	3.08658e+08	2.86025e+08	3.06663e+08	1.85905e+08	1.74466e+08	1.78033e+08	2.20626e+08	1.79691e+08	2.16728e+08	3.00199e+08	3.3277e+08	3.27792e+08	3.36314e+08	3.45011e+08	3.23883e+08	2.44968e+08	2.15859e+08	2.26193e+08	2.3049e+08	2.32938e+08	2.24373e+08	1.61263e+08	2.03124e+08	1.93084e+08	1.94784e+08	2.09476e+08	2.05338e+08	3.75726e+08	3.27456e+08	3.16026e+08	3.16389e+08	3.18479e+08	3.16749e+08	2.29658e+08	2.70183e+08	2.21026e+08	2.72646e+08	2.2838e+08	2.71811e+08	2.34207e+08	2.27421e+08	1.90065e+08	1.93922e+08	1.92598e+08	2.1751e+08	2.74314e+08	2.62501e+08	2.23123e+08	1.35441e+08	2.78111e+08	2.65295e+08	2.55617e+08	2.2573e+08	1.80589e+08	2.27874e+08	2.27639e+08	2.31077e+08	1.82462e+08	2.02549e+08	1.90541e+08	1.69389e+08	1.89212e+08	1.91184e+08
ERR613254	1.60678e+08	1.26094e+08	1.95464e+08	1.84226e+08	1.65506e+08	1.58758e+08	1.89027e+08	1.38364e+08	1.75975e+08	1.73338e+08	1.40797e+08	1.9338e+08	1.48831e+08	2.03501e+08	2.16746e+08	2.34776e+08	2.25468e+08	1.48895e+08	1.85654e+08	1.9325e+08	2.14855e+08	1.86191e+08	1.64271e+08	2.13933e+08	1.58134e+08	1.70711e+08	1.70872e+08	1.8043e+08	1.84749e+08	1.81782e+08	1.63871e+08	1.97154e+08	1.78923e+08	1.78958e+08	1.66416e+08	1.78322e+08	1.04769e+08	9.87292e+07	1.00799e+08	1.2376e+08	1.01547e+08	1.21552e+08	1.7659e+08	1.95076e+08	1.91554e+08	1.97082e+08	2.0192e+08	1.90029e+08	1.36661e+08	1.21937e+08	1.2692e+08	1.28815e+08	1.3065e+08	1.25178e+08	8.68037e+07	1.14351e+08	1.08905e+08	1.0442e+08	1.17745e+08	1.09931e+08	2.1717e+08	1.90346e+08	1.8393e+08	1.84413e+08	1.85498e+08	1.83897e+08	1.29421e+08	1.51596e+08	1.25198e+08	1.52909e+08	1.28544e+08	1.52488e+08	1.32496e+08	1.28765e+08	1.08552e+08	1.10619e+08	1.1016e+08	1.23637e+08	1.55798e+08	1.49112e+08	1.2679e+08	7.78519e+07	1.57563e+08	1.50333e+08	1.44513e+08	1.27624e+08	1.02926e+08	1.2877e+08	1.28684e+08	1.30859e+08	1.027e+08	1.13785e+08	1.07223e+08	9.55011e+07	1.06392e+08	1.07985e+08
ERR613255	1.69565e+08	1.33028e+08	2.06808e+08	1.94867e+08	1.74748e+08	1.67544e+08	2.00563e+08	1.46944e+08	1.86759e+08	1.83817e+08	1.49376e+08	2.05335e+08	1.57607e+08	2.16071e+08	2.303e+08	2.49512e+08	1.48895e+08	2.47912e+08	1.96759e+08	2.04715e+08	2.27876e+08	1.97269e+08	1.73815e+08	2.26992e+08	1.67419e+08	1.80717e+08	1.81122e+08	1.91093e+08	1.95588e+08	1.92426e+08	1.73905e+08	2.09602e+08	1.89974e+08	1.90064e+08	1.76581e+08	1.89337e+08	1.1169e+08	1.05252e+08	1.07362e+08	1.32084e+08	1.08259e+08	1.29781e+08	1.87184e+08	2.06748e+08	2.03103e+08	2.08824e+08	2.14001e+08	2.0128e+08	1.46066e+08	1.30145e+08	1.35531e+08	1.37685e+08	1.39423e+08	1.33811e+08	9.35564e+07	1.2195e+08	1.16112e+08	1.1256e+08	1.25593e+08	1.1849e+08	2.30406e+08	2.01822e+08	1.95008e+08	1.95353e+08	1.96538e+08	1.95236e+08	1.37955e+08	1.61696e+08	1.33332e+08	1.63023e+08	1.36983e+08	1.62702e+08	1.41167e+08	1.37138e+08	1.15541e+08	1.17835e+08	1.17193e+08	1.31666e+08	1.65212e+08	1.57978e+08	1.34391e+08	8.22938e+07	1.67178e+08	1.59462e+08	1.53777e+08	1.35929e+08	1.0942e+08	1.37099e+08	1.369e+08	1.39226e+08	1.09642e+08	1.21461e+08	1.1432e+08	1.01796e+08	1.13461e+08	1.14983e+08
ERR613905	2.4803e+08	1.91757e+08	3.05122e+08	2.86805e+08	2.55903e+08	2.44852e+08	3.10741e+08	2.25356e+08	2.88881e+08	2.84457e+08	2.29415e+08	3.18628e+08	1.96717e+08	2.73433e+08	2.91618e+08	3.17112e+08	1.85654e+08	1.96759e+08	4.67538e+08	3.44658e+08	3.83627e+08	3.3219e+08	2.92159e+08	3.82324e+08	2.60548e+08	2.81734e+08	2.82305e+08	2.97852e+08	3.04747e+08	3.00073e+08	2.63862e+08	3.18278e+08	2.88618e+08	2.88609e+08	2.67823e+08	2.87355e+08	1.62965e+08	1.53842e+08	1.56826e+08	1.92863e+08	1.58261e+08	1.89531e+08	2.82662e+08	3.13548e+08	3.07163e+08	3.16718e+08	3.24326e+08	3.04664e+08	2.13606e+08	1.90629e+08	1.97995e+08	2.01183e+08	2.03968e+08	1.95634e+08	1.40899e+08	1.79779e+08	1.71442e+08	1.7037e+08	1.85369e+08	1.79497e+08	3.58532e+08	3.12771e+08	3.0265e+08	3.02797e+08	3.04714e+08	3.01865e+08	2.01106e+08	2.36384e+08	1.94172e+08	2.38561e+08	1.99811e+08	2.37829e+08	2.05948e+08	2.00221e+08	1.68594e+08	1.71982e+08	1.71172e+08	1.92474e+08	2.4309e+08	2.32525e+08	1.97188e+08	1.20968e+08	2.45699e+08	2.3434e+08	2.38253e+08	2.09838e+08	1.69211e+08	2.11725e+08	2.11502e+08	2.15509e+08	1.61479e+08	1.78844e+08	1.68218e+08	1.49683e+08	1.66949e+08	1.69649e+08
ERR613903	2.5947e+08	2.00301e+08	3.18952e+08	2.99926e+08	2.67648e+08	2.56261e+08	3.25327e+08	2.3546e+08	3.0236e+08	2.98053e+08	2.39566e+08	3.33693e+08	2.04621e+08	2.8494e+08	3.0387e+08	3.30247e+08	1.9325e+08	2.04715e+08	3.44658e+08	5.04441e+08	4.00727e+08	3.4539e+08	3.06339e+08	4.00395e+08	2.73342e+08	2.95815e+08	2.95885e+08	3.12834e+08	3.19871e+08	3.15088e+08	2.76653e+08	3.33863e+08	3.02985e+08	3.02483e+08	2.80897e+08	3.01446e+08	1.72205e+08	1.62773e+08	1.66009e+08	2.03541e+08	1.67446e+08	2.00067e+08	2.96102e+08	3.28844e+08	3.21803e+08	3.32302e+08	3.40362e+08	3.19601e+08	2.24991e+08	2.01714e+08	2.09059e+08	2.12219e+08	2.15416e+08	2.06128e+08	1.43916e+08	1.89725e+08	1.81019e+08	1.73717e+08	1.95572e+08	1.83118e+08	3.75191e+08	3.27301e+08	3.16598e+08	3.16893e+08	3.18957e+08	3.1571e+08	2.11427e+08	2.48446e+08	2.04663e+08	2.50637e+08	2.10067e+08	2.49882e+08	2.17491e+08	2.11464e+08	1.78645e+08	1.82219e+08	1.81656e+08	2.03535e+08	2.56955e+08	2.45843e+08	2.08541e+08	1.28225e+08	2.595e+08	2.47514e+08	2.5092e+08	2.20976e+08	1.78737e+08	2.22951e+08	2.22762e+08	2.27117e+08	1.7052e+08	1.88753e+08	1.7771e+08	1.58263e+08	1.76304e+08	1.79496e+08
ERR613907	2.89002e+08	2.22994e+08	3.56033e+08	3.34582e+08	2.98166e+08	2.85492e+08	3.62993e+08	2.62527e+08	3.37368e+08	3.32271e+08	2.67294e+08	3.72477e+08	2.27762e+08	3.17593e+08	3.39083e+08	3.68695e+08	2.14855e+08	2.27876e+08	3.83627e+08	4.00727e+08	6.09504e+08	3.84556e+08	3.39406e+08	4.45141e+08	3.03862e+08	3.29079e+08	3.29205e+08	3.48322e+08	3.56319e+08	3.50905e+08	3.08213e+08	3.72309e+08	3.37346e+08	3.37138e+08	3.12876e+08	3.35732e+08	1.93806e+08	1.82972e+08	1.8663e+08	2.2906e+08	1.88444e+08	2.25091e+08	3.29177e+08	3.6597e+08	3.58107e+08	3.69945e+08	3.78785e+08	3.55683e+08	2.53507e+08	2.27036e+08	2.35513e+08	2.39001e+08	2.42571e+08	2.32271e+08	1.63159e+08	2.1327e+08	2.03765e+08	1.97004e+08	2.20011e+08	2.0767e+08	4.18988e+08	3.65151e+08	3.53164e+08	3.53654e+08	3.55805e+08	3.52261e+08	2.37587e+08	2.7926e+08	2.29826e+08	2.81932e+08	2.36157e+08	2.81117e+08	2.44551e+08	2.37711e+08	2.00699e+08	2.04635e+08	2.03959e+08	2.28808e+08	2.87138e+08	2.74662e+08	2.32779e+08	1.42968e+08	2.89952e+08	2.76588e+08	2.80283e+08	2.46796e+08	1.99392e+08	2.48893e+08	2.48709e+08	2.53564e+08	1.91927e+08	2.12365e+08	1.99959e+08	1.78122e+08	1.98296e+08	2.02045e+08
ERR613906	2.48635e+08	1.9223e+08	3.05936e+08	2.87514e+08	2.56607e+08	2.4548e+08	3.11635e+08	2.2612e+08	2.89763e+08	2.85354e+08	2.30083e+08	3.19805e+08	1.97305e+08	2.74102e+08	2.92488e+08	3.1805e+08	1.86191e+08	1.97269e+08	3.3219e+08	3.4539e+08	3.84556e+08	4.69477e+08	2.92698e+08	3.83158e+08	2.61291e+08	2.82478e+08	2.83046e+08	2.98844e+08	3.05565e+08	3.00979e+08	2.64914e+08	3.19357e+08	2.89667e+08	2.89713e+08	2.68831e+08	2.88383e+08	1.63601e+08	1.54362e+08	1.57599e+08	1.93607e+08	1.58967e+08	1.90353e+08	2.83575e+08	3.14591e+08	3.08109e+08	3.17702e+08	3.2539e+08	3.05649e+08	2.14422e+08	1.91351e+08	1.98855e+08	2.01984e+08	2.04786e+08	1.96355e+08	1.41291e+08	1.80521e+08	1.72224e+08	1.70718e+08	1.86162e+08	1.80037e+08	3.59451e+08	3.13427e+08	3.03172e+08	3.03541e+08	3.05498e+08	3.02614e+08	2.01746e+08	2.37292e+08	1.94804e+08	2.39532e+08	2.00541e+08	2.38776e+08	2.06777e+08	2.00887e+08	1.69277e+08	1.726e+08	1.7186e+08	1.93071e+08	2.44263e+08	2.33592e+08	1.98163e+08	1.2163e+08	2.46779e+08	2.35527e+08	2.39274e+08	2.10763e+08	1.7012e+08	2.12776e+08	2.1246e+08	2.16522e+08	1.62035e+08	1.79587e+08	1.68944e+08	1.50346e+08	1.67688e+08	1.7045e+08
ERR613904	2.21533e+08	1.70961e+08	2.71128e+08	2.55128e+08	2.28552e+08	2.18933e+08	2.75284e+08	1.99306e+08	2.5599e+08	2.52582e+08	2.0269e+08	2.82341e+08	1.7373e+08	2.40758e+08	2.56582e+08	2.77886e+08	1.64271e+08	1.73815e+08	2.92159e+08	3.06339e+08	3.39406e+08	2.92698e+08	3.81342e+08	3.39013e+08	2.33133e+08	2.52232e+08	2.51837e+08	2.66477e+08	2.72436e+08	2.6839e+08	2.34766e+08	2.82764e+08	2.56992e+08	2.56406e+08	2.38262e+08	2.5563e+08	1.44076e+08	1.36483e+08	1.39225e+08	1.69974e+08	1.40375e+08	1.67041e+08	2.52381e+08	2.79937e+08	2.73538e+08	2.82853e+08	2.89531e+08	2.722e+08	1.87528e+08	1.69546e+08	1.74963e+08	1.77121e+08	1.80203e+08	1.71846e+08	1.15399e+08	1.5866e+08	1.51665e+08	1.39152e+08	1.63452e+08	1.46554e+08	3.16803e+08	2.76677e+08	2.67763e+08	2.68133e+08	2.69839e+08	2.66626e+08	1.76525e+08	2.06729e+08	1.71313e+08	2.08488e+08	1.75078e+08	2.08074e+08	1.82449e+08	1.77242e+08	1.50631e+08	1.53586e+08	1.53224e+08	1.71133e+08	2.17635e+08	2.08228e+08	1.76694e+08	1.09298e+08	2.19439e+08	2.09624e+08	2.11656e+08	1.86202e+08	1.51497e+08	1.87867e+08	1.87759e+08	1.91751e+08	1.42797e+08	1.57801e+08	1.48676e+08	1.32472e+08	1.47512e+08	1.50598e+08
ERR613902	2.87529e+08	2.21896e+08	3.54439e+08	3.32786e+08	2.96744e+08	2.84038e+08	3.6179e+08	2.61508e+08	3.36144e+08	3.31147e+08	2.66232e+08	3.71073e+08	2.26819e+08	3.16474e+08	3.37804e+08	3.67277e+08	2.13933e+08	2.26992e+08	3.82324e+08	4.00395e+08	4.45141e+08	3.83158e+08	3.39013e+08	6.06094e+08	3.02479e+08	3.27639e+08	3.27761e+08	3.46663e+08	3.5469e+08	3.49178e+08	3.06795e+08	3.70702e+08	3.35939e+08	3.35763e+08	3.11502e+08	3.34361e+08	1.93167e+08	1.82469e+08	1.86222e+08	2.28546e+08	1.87865e+08	2.2479e+08	3.27852e+08	3.644e+08	3.56707e+08	3.68227e+08	3.7724e+08	3.54043e+08	2.52881e+08	2.26301e+08	2.34771e+08	2.38378e+08	2.4178e+08	2.31632e+08	1.63374e+08	2.12904e+08	2.03096e+08	1.97456e+08	2.19383e+08	2.08134e+08	4.17347e+08	3.63484e+08	3.51494e+08	3.52086e+08	3.54217e+08	3.50822e+08	2.37229e+08	2.78635e+08	2.29376e+08	2.81434e+08	2.35528e+08	2.80535e+08	2.44081e+08	2.37099e+08	2.001e+08	2.04218e+08	2.03222e+08	2.28175e+08	2.85855e+08	2.73404e+08	2.31821e+08	1.42372e+08	2.8887e+08	2.75497e+08	2.79519e+08	2.46076e+08	1.98602e+08	2.48217e+08	2.48065e+08	2.52872e+08	1.91438e+08	2.11964e+08	1.99421e+08	1.77598e+08	1.97886e+08	2.01499e+08
ERR636787	2.23249e+08	1.7265e+08	2.73118e+08	2.56958e+08	2.30025e+08	2.20277e+08	2.86831e+08	2.08096e+08	2.6676e+08	2.63253e+08	2.11254e+08	2.93944e+08	1.67214e+08	2.32745e+08	2.48052e+08	2.68667e+08	1.58134e+08	1.67419e+08	2.60548e+08	2.73342e+08	3.03862e+08	2.61291e+08	2.33133e+08	3.02479e+08	4.05138e+08	3.04399e+08	3.03965e+08	3.20708e+08	3.28206e+08	3.23361e+08	2.48041e+08	2.98456e+08	2.71231e+08	2.70702e+08	2.51869e+08	2.70053e+08	1.41646e+08	1.34293e+08	1.36838e+08	1.67127e+08	1.38062e+08	1.64175e+08	2.66154e+08	2.94541e+08	2.87969e+08	2.97735e+08	3.04525e+08	2.86705e+08	1.8516e+08	1.67491e+08	1.72863e+08	1.74835e+08	1.78016e+08	1.69667e+08	1.04726e+08	1.55312e+08	1.48569e+08	1.26174e+08	1.60084e+08	1.33012e+08	3.52126e+08	3.0802e+08	2.98386e+08	2.98775e+08	3.00536e+08	2.9683e+08	1.71482e+08	2.00933e+08	1.67005e+08	2.02616e+08	1.70043e+08	2.02113e+08	1.80946e+08	1.75906e+08	1.49512e+08	1.52684e+08	1.52338e+08	1.7014e+08	2.17904e+08	2.08257e+08	1.76513e+08	1.0954e+08	2.19402e+08	2.09172e+08	2.0896e+08	1.83652e+08	1.49728e+08	1.85371e+08	1.85156e+08	1.89553e+08	1.41326e+08	1.56162e+08	1.47148e+08	1.31175e+08	1.45823e+08	1.49155e+08
ERR636789	2.41757e+08	1.86594e+08	2.95989e+08	2.78407e+08	2.49141e+08	2.38622e+08	3.10954e+08	2.25046e+08	2.89052e+08	2.85137e+08	2.28676e+08	3.18491e+08	1.80552e+08	2.51736e+08	2.68526e+08	2.90746e+08	1.70711e+08	1.80717e+08	2.81734e+08	2.95815e+08	3.29079e+08	2.82478e+08	2.52232e+08	3.27639e+08	3.04399e+08	4.6398e+08	3.28433e+08	3.47149e+08	3.55071e+08	3.49689e+08	2.68157e+08	3.2308e+08	2.93645e+08	2.92961e+08	2.72326e+08	2.92235e+08	1.55159e+08	1.47137e+08	1.50019e+08	1.82928e+08	1.51297e+08	1.79877e+08	2.87508e+08	3.18633e+08	3.11371e+08	3.2216e+08	3.29674e+08	3.10168e+08	2.02811e+08	1.83745e+08	1.89313e+08	1.91441e+08	1.95114e+08	1.859e+08	1.13499e+08	1.70058e+08	1.62562e+08	1.36624e+08	1.75097e+08	1.44082e+08	3.81507e+08	3.33413e+08	3.23051e+08	3.23428e+08	3.25466e+08	3.21259e+08	1.87458e+08	2.1965e+08	1.82867e+08	2.21507e+08	1.85896e+08	2.21123e+08	1.98194e+08	1.92748e+08	1.64155e+08	1.67464e+08	1.67003e+08	1.86599e+08	2.37223e+08	2.26779e+08	1.92266e+08	1.19188e+08	2.38916e+08	2.27699e+08	2.27256e+08	1.997e+08	1.62852e+08	2.01625e+08	2.01204e+08	2.06054e+08	1.54988e+08	1.7113e+08	1.61368e+08	1.4382e+08	1.59867e+08	1.63736e+08
ERR636788	2.41162e+08	1.86382e+08	2.9595e+08	2.78346e+08	2.48488e+08	2.38131e+08	3.11203e+08	2.25466e+08	2.89229e+08	2.8531e+08	2.29101e+08	3.18948e+08	1.81012e+08	2.52385e+08	2.69449e+08	2.92048e+08	1.70872e+08	1.81122e+08	2.82305e+08	2.95885e+08	3.29205e+08	2.83046e+08	2.51837e+08	3.27761e+08	3.03965e+08	3.28433e+08	4.63019e+08	3.46282e+08	3.54399e+08	3.48864e+08	2.68334e+08	3.23335e+08	2.93551e+08	2.93226e+08	2.72484e+08	2.9224e+08	1.54813e+08	1.46638e+08	1.49409e+08	1.82739e+08	1.50816e+08	1.79789e+08	2.87324e+08	3.1844e+08	3.11454e+08	3.21875e+08	3.29385e+08	3.09966e+08	2.03052e+08	1.83002e+08	1.89023e+08	1.9163e+08	1.94702e+08	1.85868e+08	1.16008e+08	1.69803e+08	1.62349e+08	1.39876e+08	1.74928e+08	1.47603e+08	3.81693e+08	3.33775e+08	3.23185e+08	3.23583e+08	3.25619e+08	3.21828e+08	1.87415e+08	2.19803e+08	1.82439e+08	2.21689e+08	1.85813e+08	2.21186e+08	1.97745e+08	1.92319e+08	1.63096e+08	1.66383e+08	1.65978e+08	1.8575e+08	2.36233e+08	2.25888e+08	1.91523e+08	1.18374e+08	2.38002e+08	2.26947e+08	2.26929e+08	1.99689e+08	1.6222e+08	2.01425e+08	2.01094e+08	2.05822e+08	1.546e+08	1.70783e+08	1.60878e+08	1.43399e+08	1.59511e+08	1.63046e+08
ERR636790	2.55564e+08	1.97221e+08	3.13028e+08	2.94391e+08	2.6333e+08	2.52163e+08	3.2914e+08	2.38142e+08	3.05897e+08	3.01917e+08	2.41797e+08	3.37263e+08	1.90914e+08	2.6631e+08	2.84294e+08	3.0793e+08	1.8043e+08	1.91093e+08	2.97852e+08	3.12834e+08	3.48322e+08	2.98844e+08	2.66477e+08	3.46663e+08	3.20708e+08	3.47149e+08	3.46282e+08	5.11032e+08	3.76903e+08	3.70845e+08	2.83306e+08	3.41537e+08	3.10103e+08	3.09579e+08	2.87726e+08	3.08778e+08	1.64798e+08	1.56439e+08	1.59526e+08	1.94465e+08	1.60865e+08	1.91053e+08	3.03602e+08	3.37098e+08	3.2909e+08	3.40718e+08	3.4869e+08	3.27956e+08	2.15561e+08	1.95325e+08	2.01333e+08	2.03625e+08	2.07294e+08	1.9753e+08	1.20533e+08	1.80781e+08	1.7296e+08	1.45204e+08	1.86128e+08	1.53118e+08	4.04293e+08	3.5321e+08	3.42169e+08	3.42796e+08	3.44738e+08	3.40283e+08	1.99256e+08	2.33409e+08	1.94444e+08	2.35413e+08	1.97617e+08	2.34945e+08	2.10578e+08	2.04901e+08	1.74287e+08	1.77979e+08	1.77431e+08	1.9817e+08	2.51039e+08	2.40133e+08	2.03447e+08	1.26303e+08	2.52828e+08	2.41031e+08	2.40596e+08	2.11526e+08	1.72337e+08	2.1337e+08	2.13046e+08	2.18062e+08	1.64795e+08	1.81974e+08	1.71452e+08	1.52916e+08	1.69943e+08	1.74044e+08
ERR636792	2.61627e+08	2.01835e+08	3.20528e+08	3.01463e+08	2.6963e+08	2.58445e+08	3.37242e+08	2.43891e+08	3.13537e+08	3.09404e+08	2.47808e+08	3.45614e+08	1.95325e+08	2.72929e+08	2.91182e+08	3.1547e+08	1.84749e+08	1.95588e+08	3.04747e+08	3.19871e+08	3.56319e+08	3.05565e+08	2.72436e+08	3.5469e+08	3.28206e+08	3.55071e+08	3.54399e+08	3.76903e+08	5.32781e+08	3.79782e+08	2.89844e+08	3.49589e+08	3.17603e+08	3.16968e+08	2.94443e+08	3.15927e+08	1.69339e+08	1.6069e+08	1.63759e+08	1.99749e+08	1.6535e+08	1.96354e+08	3.10737e+08	3.44939e+08	3.36849e+08	3.48855e+08	3.56986e+08	3.35497e+08	2.21451e+08	2.00526e+08	2.06763e+08	2.0918e+08	2.12963e+08	2.02832e+08	1.23964e+08	1.85719e+08	1.77655e+08	1.49449e+08	1.91228e+08	1.57532e+08	4.14212e+08	3.62047e+08	3.50698e+08	3.51185e+08	3.53065e+08	3.48617e+08	2.04726e+08	2.39806e+08	1.99483e+08	2.41892e+08	2.02837e+08	2.41359e+08	2.16271e+08	2.10354e+08	1.79008e+08	1.82639e+08	1.82282e+08	2.03522e+08	2.57185e+08	2.46002e+08	2.08451e+08	1.29301e+08	2.58948e+08	2.46964e+08	2.4645e+08	2.16653e+08	1.76363e+08	2.18554e+08	2.18223e+08	2.23321e+08	1.69282e+08	1.86924e+08	1.76138e+08	1.57104e+08	1.74556e+08	1.78785e+08
ERR636791	2.57905e+08	1.99011e+08	3.15847e+08	2.96788e+08	2.65913e+08	2.54626e+08	3.31802e+08	2.39879e+08	3.08357e+08	3.04479e+08	2.43759e+08	3.39826e+08	1.9235e+08	2.6831e+08	2.86451e+08	3.10217e+08	1.81782e+08	1.92426e+08	3.00073e+08	3.15088e+08	3.50905e+08	3.00979e+08	2.6839e+08	3.49178e+08	3.23361e+08	3.49689e+08	3.48864e+08	3.70845e+08	3.79782e+08	5.17984e+08	2.85645e+08	3.44177e+08	3.12606e+08	3.1203e+08	2.89915e+08	3.11091e+08	1.66336e+08	1.57844e+08	1.6109e+08	1.96124e+08	1.62396e+08	1.92905e+08	3.05817e+08	3.39587e+08	3.3149e+08	3.43313e+08	3.51155e+08	3.30247e+08	2.17587e+08	1.97098e+08	2.03081e+08	2.05327e+08	2.09274e+08	1.99216e+08	1.21406e+08	1.82427e+08	1.74648e+08	1.46407e+08	1.87842e+08	1.54287e+08	4.07282e+08	3.55918e+08	3.44772e+08	3.45382e+08	3.47298e+08	3.42799e+08	2.00982e+08	2.35607e+08	1.96104e+08	2.37578e+08	1.99334e+08	2.37188e+08	2.12427e+08	2.0653e+08	1.75869e+08	1.79453e+08	1.78967e+08	1.99839e+08	2.53325e+08	2.42263e+08	2.0537e+08	1.27506e+08	2.55053e+08	2.4313e+08	2.42365e+08	2.13038e+08	1.73518e+08	2.15078e+08	2.14626e+08	2.19728e+08	1.66327e+08	1.83588e+08	1.73167e+08	1.54366e+08	1.71463e+08	1.75668e+08
ERR621996	2.2069e+08	1.70744e+08	2.72677e+08	2.55968e+08	2.2759e+08	2.17893e+08	2.84622e+08	2.06347e+08	2.64621e+08	2.60794e+08	2.09768e+08	2.92044e+08	1.73646e+08	2.42833e+08	2.59341e+08	2.81513e+08	1.63871e+08	1.73905e+08	2.63862e+08	2.76653e+08	3.08213e+08	2.64914e+08	2.34766e+08	3.06795e+08	2.48041e+08	2.68157e+08	2.68334e+08	2.83306e+08	2.89844e+08	2.85645e+08	4.17804e+08	3.44363e+08	3.1263e+08	3.13339e+08	2.91307e+08	3.11094e+08	1.71457e+08	1.62338e+08	1.65474e+08	2.01852e+08	1.66935e+08	1.98435e+08	2.58762e+08	2.87092e+08	2.81312e+08	2.89789e+08	2.97071e+08	2.79553e+08	2.20289e+08	1.97984e+08	2.05073e+08	2.07963e+08	2.111e+08	2.02145e+08	1.35419e+08	1.87121e+08	1.78953e+08	1.62276e+08	1.92737e+08	1.70891e+08	3.31583e+08	2.89181e+08	2.79689e+08	2.80106e+08	2.81795e+08	2.79068e+08	2.05364e+08	2.40161e+08	1.99317e+08	2.42453e+08	2.03901e+08	2.41929e+08	2.17352e+08	2.11416e+08	1.79566e+08	1.82994e+08	1.82421e+08	2.0388e+08	2.54262e+08	2.43301e+08	2.06823e+08	1.27426e+08	2.56732e+08	2.45312e+08	2.38898e+08	2.10764e+08	1.71039e+08	2.12719e+08	2.12352e+08	2.16606e+08	1.69013e+08	1.86372e+08	1.75793e+08	1.57077e+08	1.74426e+08	1.77734e+08
ERR621991	2.66616e+08	2.06143e+08	3.30206e+08	3.10038e+08	2.74991e+08	2.63286e+08	3.44234e+08	2.49198e+08	3.20055e+08	3.15377e+08	2.53457e+08	3.53369e+08	2.09358e+08	2.93678e+08	3.13829e+08	3.40901e+08	1.97154e+08	2.09602e+08	3.18278e+08	3.33863e+08	3.72309e+08	3.19357e+08	2.82764e+08	3.70702e+08	2.98456e+08	3.2308e+08	3.23335e+08	3.41537e+08	3.49589e+08	3.44177e+08	3.44363e+08	5.80715e+08	3.78008e+08	3.76816e+08	3.49935e+08	3.76085e+08	2.09271e+08	1.97939e+08	2.01738e+08	2.46496e+08	2.03479e+08	2.42204e+08	3.11813e+08	3.46096e+08	3.39336e+08	3.49583e+08	3.58486e+08	3.36926e+08	2.69303e+08	2.41799e+08	2.50587e+08	2.54245e+08	2.57985e+08	2.47102e+08	1.64985e+08	2.28149e+08	2.18249e+08	1.9796e+08	2.34976e+08	2.08647e+08	4.01503e+08	3.49825e+08	3.38159e+08	3.3863e+08	3.40594e+08	3.37469e+08	2.50588e+08	2.93141e+08	2.43032e+08	2.95819e+08	2.48541e+08	2.9515e+08	2.65476e+08	2.57996e+08	2.18862e+08	2.23232e+08	2.22384e+08	2.48855e+08	3.09236e+08	2.95829e+08	2.51286e+08	1.54367e+08	3.12272e+08	2.98321e+08	2.90169e+08	2.56027e+08	2.07465e+08	2.58181e+08	2.57845e+08	2.63084e+08	2.06028e+08	2.27409e+08	2.14483e+08	1.91581e+08	2.12647e+08	2.16819e+08
ERR621992	2.41776e+08	1.86729e+08	2.98743e+08	2.80668e+08	2.49247e+08	2.38837e+08	3.1193e+08	2.25759e+08	2.89978e+08	2.85799e+08	2.29622e+08	3.20136e+08	1.8977e+08	2.65849e+08	2.83896e+08	3.08193e+08	1.78923e+08	1.89974e+08	2.88618e+08	3.02985e+08	3.37346e+08	2.89667e+08	2.56992e+08	3.35939e+08	2.71231e+08	2.93645e+08	2.93551e+08	3.10103e+08	3.17603e+08	3.12606e+08	3.1263e+08	3.78008e+08	4.88611e+08	3.41595e+08	3.17523e+08	3.41382e+08	1.88762e+08	1.78695e+08	1.82162e+08	2.22089e+08	1.83664e+08	2.18278e+08	2.8313e+08	3.14292e+08	3.07931e+08	3.17341e+08	3.25394e+08	3.06061e+08	2.424e+08	2.1831e+08	2.25948e+08	2.29008e+08	2.32565e+08	2.22558e+08	1.47726e+08	2.05851e+08	1.96935e+08	1.77064e+08	2.1199e+08	1.86477e+08	3.63603e+08	3.17011e+08	3.0657e+08	3.0713e+08	3.08885e+08	3.05841e+08	2.26194e+08	2.64422e+08	2.19642e+08	2.66745e+08	2.2438e+08	2.66236e+08	2.39422e+08	2.32729e+08	1.97888e+08	2.01746e+08	2.00981e+08	2.24613e+08	2.79846e+08	2.67898e+08	2.27636e+08	1.4022e+08	2.82699e+08	2.70075e+08	2.62627e+08	2.31604e+08	1.88216e+08	2.3379e+08	2.33411e+08	2.38184e+08	1.85873e+08	2.05109e+08	1.93523e+08	1.72914e+08	1.91873e+08	1.95654e+08
