	ERR629982	ERR629983	ERR629986	ERR629984	ERR629985	ERR629987	ERR617660	ERR617657	ERR617656	ERR617659	ERR617658	ERR617655	ERR612225	ERR612224	ERR612221	ERR612223	ERR612226	ERR612222	ERR636787	ERR636789	ERR636788	ERR636790	ERR636792	ERR636791	ERR612254	ERR612251	ERR612252	ERR612253	ERR612255	ERR612256	ERR635317	ERR635320	ERR635318	ERR635319	ERR635316	ERR635321	ERR622178	ERR622176	ERR622177	ERR622175	ERR622173	ERR622174	ERR636946	ERR636947	ERR636943	ERR636948	ERR636945	ERR636944	ERR612191	ERR612192	ERR612195	ERR612194	ERR612193	ERR612196	ERR608822	ERR608821	ERR608817	ERR608819	ERR608820	ERR608818	ERR612217	ERR612218	ERR612215	ERR612220	ERR612219	ERR612216	ERR613562	ERR613557	ERR613559	ERR613560	ERR613561	ERR613558	ERR626922	ERR626925	ERR626921	ERR626924	ERR626926	ERR626923	ERR618440	ERR618437	ERR618435	ERR618436	ERR618439	ERR618438	ERR613007	ERR613006	ERR613008	ERR613005	ERR613010	ERR613009	ERR612958	ERR612962	ERR612961	ERR612960	ERR612959	ERR612957
ERR629982	0	0.784553	0.792452	0.764566	0.788812	0.790325	1.05039	1.08289	1.13027	1.04889	1.04792	1.0507	1.08087	1.05982	1.03381	1.04015	1.06193	1.03966	1.10461	1.09665	1.09609	1.09229	1.09001	1.09135	1.09377	1.08955	1.09349	1.0932	1.10971	1.09673	0.865315	0.874974	0.858942	0.87487	0.871368	0.875079	1.06677	1.06857	1.06839	1.04138	1.0476	1.0403	1.09161	1.09108	1.10472	1.09061	1.09692	1.09727	0.931204	0.938849	0.965141	0.939169	0.937816	0.943597	0.915246	0.907752	0.924589	0.869916	0.910253	0.877859	0.895702	0.893174	0.889453	0.898728	0.918915	0.895707	0.910191	0.879911	0.88044	0.909041	0.909014	0.880292	1.13406	1.10884	1.11541	1.12868	1.11018	1.1142	0.851339	0.856486	0.848635	0.867103	0.851895	0.855449	0.875856	0.87658	0.944219	0.86463	0.940932	0.935616	0.952946	0.940702	0.947027	0.938895	0.919537	0.910567
ERR629983	0.784553	0	0.809164	0.786306	0.805714	0.806985	1.06193	1.09368	1.13745	1.06035	1.05966	1.06341	1.09036	1.07044	1.0459	1.05146	1.0726	1.05085	1.11455	1.10676	1.10668	1.10241	1.10023	1.10187	1.10444	1.10058	1.10382	1.10378	1.11973	1.10726	0.881763	0.888636	0.875817	0.888412	0.886167	0.888986	1.07819	1.07988	1.07986	1.05304	1.0592	1.0525	1.10176	1.10133	1.11469	1.10118	1.10686	1.10779	0.94466	0.95132	0.976702	0.951533	0.950289	0.956491	0.928938	0.921997	0.935574	0.886914	0.924454	0.893873	0.91114	0.909324	0.906038	0.914402	0.932813	0.910777	0.923887	0.894731	0.895843	0.922532	0.922924	0.895059	1.14258	1.11884	1.12559	1.13749	1.12019	1.12436	0.869018	0.872721	0.865895	0.882271	0.868983	0.872397	0.890797	0.891169	0.954259	0.881177	0.950987	0.946328	0.965041	0.954395	0.960096	0.952848	0.933897	0.92612
ERR629986	0.792452	0.809164	0	0.79362	0.805557	0.806808	1.0633	1.09529	1.13616	1.06188	1.06096	1.06597	1.09162	1.07188	1.04802	1.05299	1.07397	1.05195	1.11573	1.10761	1.10858	1.10348	1.10147	1.10299	1.10626	1.10261	1.10519	1.1053	1.12132	1.10901	0.88481	0.889792	0.879215	0.889794	0.887775	0.89059	1.08185	1.08363	1.08362	1.05559	1.06144	1.05554	1.10282	1.10218	1.11598	1.10192	1.10809	1.10968	0.948311	0.953488	0.978912	0.954387	0.953106	0.958626	0.93116	0.92439	0.934617	0.890952	0.926646	0.896503	0.914753	0.913078	0.910757	0.917936	0.936086	0.913739	0.926759	0.897134	0.897834	0.925638	0.925761	0.897453	1.14358	1.12004	1.12729	1.13876	1.12129	1.12621	0.87336	0.875718	0.869782	0.884986	0.873787	0.877263	0.893617	0.894515	0.956543	0.885496	0.952547	0.948366	0.968232	0.959057	0.964601	0.957384	0.937732	0.930801
ERR629984	0.764566	0.786306	0.79362	0	0.790626	0.791883	1.05162	1.08427	1.13138	1.05046	1.04925	1.052	1.08152	1.06064	1.03496	1.04125	1.06304	1.04062	1.1058	1.09798	1.09738	1.09347	1.09128	1.09267	1.09499	1.09062	1.09475	1.09455	1.11082	1.09801	0.866912	0.876191	0.860485	0.876392	0.873012	0.877049	1.06756	1.06937	1.0696	1.04261	1.04876	1.04124	1.09273	1.09217	1.10616	1.09179	1.09792	1.09852	0.932168	0.939635	0.966117	0.939727	0.938631	0.944541	0.916427	0.909298	0.925922	0.87155	0.911459	0.879714	0.897136	0.894674	0.890717	0.900191	0.919703	0.896902	0.91144	0.881468	0.881884	0.910195	0.910177	0.881139	1.13495	1.11011	1.11636	1.12944	1.11112	1.11504	0.852837	0.85795	0.849999	0.86852	0.853246	0.856717	0.877598	0.87786	0.945309	0.866183	0.94173	0.936696	0.954021	0.942058	0.948061	0.940503	0.921039	0.912075
ERR629985	0.788812	0.805714	0.805557	0.790626	0	0.804184	1.06142	1.09342	1.1352	1.05978	1.05882	1.06372	1.08983	1.06969	1.04573	1.05079	1.07212	1.04966	1.11453	1.10641	1.10692	1.10169	1.09986	1.10121	1.10475	1.10091	1.10335	1.10372	1.11983	1.10741	0.882978	0.888371	0.876866	0.888362	0.886113	0.889144	1.07972	1.08149	1.08148	1.0534	1.05929	1.05335	1.10107	1.10071	1.11431	1.10008	1.10627	1.10787	0.945184	0.95093	0.976505	0.951643	0.9504	0.956018	0.929368	0.922327	0.933175	0.887722	0.924649	0.894042	0.912538	0.910529	0.908224	0.91559	0.933699	0.911866	0.924533	0.894457	0.894851	0.923221	0.923686	0.894893	1.14222	1.11835	1.12567	1.13706	1.11976	1.12444	0.870253	0.872877	0.866673	0.88201	0.870594	0.873855	0.891233	0.891963	0.954694	0.883017	0.950876	0.946414	0.96565	0.955914	0.961926	0.954787	0.934586	0.927695
ERR629987	0.790325	0.806985	0.806808	0.791883	0.804184	0	1.06231	1.09428	1.13539	1.06093	1.06005	1.06523	1.09074	1.07114	1.04727	1.05223	1.07331	1.05102	1.11516	1.10714	1.10773	1.10288	1.10062	1.10174	1.10548	1.10183	1.10425	1.10457	1.12059	1.10846	0.883597	0.889297	0.878119	0.889044	0.886762	0.889361	1.08082	1.08249	1.08263	1.05459	1.06038	1.05452	1.10194	1.10152	1.11499	1.10106	1.10727	1.1086	0.947049	0.952387	0.978034	0.953141	0.951807	0.957757	0.929791	0.922873	0.933654	0.888738	0.925474	0.894853	0.913262	0.911242	0.909143	0.916763	0.934702	0.912607	0.925155	0.895858	0.896362	0.924495	0.924901	0.896436	1.14303	1.11936	1.12663	1.13804	1.12066	1.12534	0.871728	0.87399	0.868065	0.883226	0.871821	0.875289	0.892195	0.89265	0.954665	0.883547	0.951317	0.946737	0.96735	0.957814	0.9632	0.956381	0.936173	0.929456
ERR617660	1.05039	1.06193	1.0633	1.05162	1.06142	1.06231	0	0.815006	0.88652	0.759311	0.758121	0.768846	0.973753	0.949123	0.922762	0.927207	0.951378	0.928099	0.906058	0.897248	0.896889	0.890276	0.888637	0.889329	0.896141	0.893168	0.896684	0.895961	0.918095	0.900882	1.06467	1.07208	1.05997	1.0714	1.06848	1.07194	0.92607	0.928135	0.927459	0.893336	0.900231	0.893996	0.88512	0.884346	0.902182	0.883585	0.891608	0.893695	1.03917	1.04429	1.06567	1.0444	1.04377	1.04832	1.08645	1.08175	1.09022	1.0565	1.08379	1.06048	1.05902	1.05716	1.05499	1.06089	1.07652	1.05937	1.08713	1.06456	1.06495	1.08616	1.08692	1.06495	0.968359	0.928025	0.940852	0.95802	0.931174	0.939243	1.04622	1.049	1.04351	1.05702	1.04761	1.04983	1.0591	1.05946	1.10765	1.05021	1.10384	1.10047	1.06774	1.06027	1.06469	1.05835	1.0405	1.03284
ERR617657	1.08289	1.09368	1.09529	1.08427	1.09342	1.09428	0.815006	0	0.912142	0.813734	0.812798	0.814972	1.00614	0.985222	0.964333	0.968112	0.987609	0.968937	0.943163	0.936546	0.935383	0.930795	0.930058	0.93041	0.934242	0.932497	0.936002	0.934616	0.951706	0.938367	1.09651	1.10399	1.09244	1.10338	1.10053	1.10373	0.957587	0.959488	0.959266	0.933014	0.938261	0.932763	0.926415	0.926401	0.93976	0.925591	0.931619	0.932353	1.07389	1.07882	1.09738	1.07902	1.0782	1.08222	1.11595	1.11138	1.11988	1.0892	1.11344	1.09301	1.09102	1.08935	1.08762	1.09253	1.10613	1.09188	1.11617	1.09668	1.09717	1.11524	1.11563	1.09691	1.00257	0.96734	0.978114	0.993461	0.97055	0.97687	1.07967	1.08249	1.07769	1.08947	1.08102	1.08307	1.09187	1.09216	1.13405	1.08374	1.13112	1.1283	1.09763	1.09042	1.0943	1.08866	1.07397	1.06646
ERR617656	1.13027	1.13745	1.13616	1.13138	1.1352	1.13539	0.88652	0.912142	0	0.885275	0.885449	0.893884	1.05412	1.03827	1.02355	1.0243	1.0402	1.02413	0.995355	0.989873	0.991816	0.986213	0.984913	0.984901	0.993431	0.993407	0.992585	0.992906	1.00598	0.996305	1.14065	1.14439	1.13787	1.1439	1.14162	1.14425	1.01879	1.02002	1.01995	0.995364	0.998776	0.997731	0.981464	0.981133	0.991579	0.981067	0.985284	0.988778	1.11987	1.12178	1.13873	1.12318	1.12169	1.12616	1.15595	1.15254	1.15436	1.13519	1.15395	1.13681	1.1362	1.13543	1.13448	1.13804	1.1493	1.13609	1.15683	1.13853	1.13899	1.15636	1.1569	1.13893	1.04783	1.02031	1.0311	1.04074	1.02261	1.02973	1.12678	1.12726	1.12397	1.13242	1.12815	1.12999	1.13449	1.13512	1.16985	1.1294	1.16703	1.16455	1.14123	1.13754	1.14073	1.13609	1.12125	1.11686
ERR617659	1.04889	1.06035	1.06188	1.05046	1.05978	1.06093	0.759311	0.813734	0.885275	0	0.756184	0.766356	0.972178	0.946952	0.921083	0.92515	0.949814	0.925904	0.90424	0.895385	0.895173	0.888478	0.886551	0.887824	0.894928	0.891722	0.895081	0.894827	0.916928	0.899545	1.06297	1.07038	1.0583	1.06995	1.06681	1.07029	0.924976	0.926907	0.92638	0.891981	0.898875	0.892305	0.88338	0.882751	0.900815	0.881958	0.890264	0.892286	1.0374	1.04223	1.0639	1.04276	1.04161	1.04666	1.08562	1.08053	1.0889	1.05514	1.08273	1.05931	1.05776	1.05574	1.05396	1.05942	1.07513	1.05817	1.08602	1.06302	1.06367	1.08515	1.08562	1.06341	0.967041	0.926387	0.939129	0.956804	0.929917	0.937635	1.0448	1.04753	1.04205	1.05524	1.04622	1.04839	1.058	1.05837	1.10652	1.04905	1.10265	1.09942	1.06667	1.05915	1.06355	1.05713	1.03932	1.03151
ERR617658	1.04792	1.05966	1.06096	1.04925	1.05882	1.06005	0.758121	0.812798	0.885449	0.756184	0	0.765685	0.971105	0.946175	0.920149	0.924304	0.948479	0.925167	0.90404	0.894626	0.894861	0.887846	0.885815	0.886954	0.894154	0.89119	0.894639	0.894154	0.916654	0.898931	1.06229	1.06971	1.05759	1.06926	1.06621	1.06976	0.923375	0.925219	0.925003	0.890681	0.897587	0.890583	0.882445	0.882071	0.899858	0.881477	0.889353	0.89162	1.03639	1.04128	1.06314	1.04204	1.04092	1.04567	1.08465	1.07972	1.08825	1.05445	1.08212	1.05846	1.0566	1.05503	1.05305	1.0586	1.07406	1.05737	1.08491	1.0623	1.0629	1.08412	1.08463	1.06252	0.96622	0.925444	0.93826	0.955874	0.928924	0.936875	1.04409	1.04687	1.04081	1.05471	1.0451	1.04752	1.05706	1.05769	1.10585	1.04828	1.1021	1.09877	1.0653	1.05787	1.06217	1.05581	1.03789	1.03025
ERR617655	1.0507	1.06341	1.06597	1.052	1.06372	1.06523	0.768846	0.814972	0.893884	0.766356	0.765685	0	0.975657	0.95103	0.924284	0.929782	0.953408	0.93145	0.908764	0.900557	0.898839	0.894225	0.89202	0.893516	0.897359	0.893792	0.899397	0.897584	0.919294	0.902002	1.0657	1.07485	1.06087	1.07449	1.07126	1.07527	0.922079	0.924226	0.923958	0.893786	0.900653	0.892395	0.889239	0.889201	0.905694	0.888154	0.895895	0.896073	1.04153	1.04767	1.06826	1.04722	1.04687	1.05106	1.08793	1.08294	1.09433	1.05719	1.08497	1.06214	1.05956	1.05755	1.05521	1.06088	1.07639	1.0609	1.08848	1.06717	1.06774	1.08781	1.08802	1.06745	0.971205	0.930628	0.941974	0.960608	0.933952	0.940304	1.04731	1.05137	1.04545	1.05977	1.04845	1.05092	1.06181	1.06207	1.1093	1.05161	1.1064	1.10283	1.06904	1.06004	1.06439	1.05808	1.04201	1.03309
ERR612225	1.08087	1.09036	1.09162	1.08152	1.08983	1.09074	0.973753	1.00614	1.05412	0.972178	0.971105	0.975657	0	0.822499	0.806075	0.80872	0.825208	0.809049	0.937502	0.931927	0.932144	0.928468	0.927547	0.928684	0.923184	0.921858	0.923859	0.923422	0.941058	0.927098	1.08667	1.0935	1.08282	1.09269	1.09019	1.09329	0.965278	0.966366	0.966197	0.940916	0.944096	0.941029	0.928983	0.928002	0.940189	0.928307	0.933297	0.934705	1.0381	1.04222	1.06137	1.04231	1.04175	1.04577	1.11212	1.10784	1.11565	1.08583	1.10944	1.08979	1.07448	1.07289	1.07131	1.07598	1.08946	1.07496	1.10349	1.08382	1.08414	1.10259	1.10274	1.08395	0.988947	0.958156	0.968345	0.981375	0.960914	0.967087	1.07172	1.07402	1.06923	1.08059	1.07258	1.07444	1.08014	1.08057	1.12224	1.07216	1.11902	1.11604	1.07761	1.07139	1.07468	1.06922	1.05326	1.04684
ERR612224	1.05982	1.07044	1.07188	1.06064	1.06969	1.07114	0.949123	0.985222	1.03827	0.946952	0.946175	0.95103	0.822499	0	0.770856	0.774737	0.796655	0.775201	0.915163	0.908489	0.909058	0.904585	0.902871	0.904276	0.898496	0.89667	0.899942	0.898653	0.920221	0.903635	1.06592	1.07329	1.06156	1.07247	1.06977	1.0732	0.944286	0.945334	0.945151	0.916184	0.920326	0.916095	0.904385	0.903784	0.917575	0.903219	0.909877	0.910781	1.01641	1.02049	1.04159	1.02074	1.02014	1.02461	1.09337	1.08881	1.09761	1.06493	1.09069	1.0688	1.053	1.05098	1.04953	1.05438	1.06953	1.05355	1.0844	1.06263	1.0632	1.08347	1.08364	1.06304	0.969997	0.93556	0.946555	0.96159	0.938681	0.945225	1.04944	1.05236	1.04702	1.05913	1.05078	1.0525	1.05911	1.05932	1.10462	1.05061	1.10147	1.09801	1.05828	1.05221	1.0558	1.0498	1.03229	1.025
ERR612221	1.03381	1.0459	1.04802	1.03496	1.04573	1.04727	0.922762	0.964333	1.02355	0.921083	0.920149	0.924284	0.806075	0.770856	0	0.739159	0.774752	0.74041	0.89662	0.88756	0.887519	0.88203	0.880206	0.882011	0.875062	0.871557	0.875868	0.874765	0.899818	0.880245	1.04097	1.0495	1.03618	1.04865	1.04568	1.04936	0.924316	0.925713	0.925561	0.892097	0.897954	0.891842	0.881454	0.880748	0.898366	0.880052	0.888367	0.889166	0.995608	1.00114	1.02444	1.00167	1.00099	1.00563	1.07074	1.06577	1.07609	1.03955	1.06788	1.0439	1.02696	1.02491	1.02261	1.02851	1.04528	1.02738	1.0618	1.03799	1.03872	1.06071	1.06101	1.03812	0.95361	0.914607	0.926291	0.94389	0.91816	0.924859	1.02278	1.02581	1.01986	1.03388	1.02382	1.02604	1.03402	1.03406	1.08453	1.02448	1.08104	1.0771	1.03879	1.03156	1.0355	1.02919	1.01056	1.00214
ERR612223	1.04015	1.05146	1.05299	1.04125	1.05079	1.05223	0.927207	0.968112	1.0243	0.92515	0.924304	0.929782	0.80872	0.774737	0.739159	0	0.778508	0.744981	0.8993	0.890751	0.891102	0.885442	0.883758	0.885254	0.879247	0.87652	0.880007	0.87868	0.902977	0.884492	1.04656	1.05454	1.04208	1.05358	1.0506	1.05435	0.929311	0.930767	0.9301	0.897379	0.902607	0.897359	0.884784	0.883872	0.901315	0.883723	0.891583	0.893134	0.999972	1.00479	1.02752	1.00494	1.00449	1.00915	1.07562	1.07078	1.07991	1.04537	1.07255	1.04921	1.03233	1.03058	1.02851	1.03419	1.0503	1.03291	1.0667	1.04327	1.04394	1.0659	1.0659	1.0435	0.955995	0.918228	0.930049	0.946861	0.921489	0.928493	1.02897	1.03166	1.02586	1.03902	1.03016	1.03194	1.03912	1.03946	1.08817	1.03005	1.08474	1.08103	1.04328	1.03645	1.04015	1.03398	1.01492	1.00716
ERR612226	1.06193	1.0726	1.07397	1.06304	1.07212	1.07331	0.951378	0.987609	1.0402	0.949814	0.948479	0.953408	0.825208	0.796655	0.774752	0.778508	0	0.779076	0.917336	0.910552	0.910768	0.906764	0.905311	0.90655	0.90043	0.898429	0.901394	0.900741	0.921529	0.905178	1.06844	1.07584	1.06417	1.07496	1.07213	1.07563	0.946068	0.946724	0.946637	0.918091	0.922603	0.918137	0.906331	0.905737	0.9201	0.905544	0.91173	0.912875	1.01885	1.02316	1.04413	1.02335	1.02276	1.02725	1.09538	1.09079	1.09941	1.06716	1.09282	1.07136	1.05573	1.05361	1.0522	1.05711	1.07195	1.05608	1.08673	1.06524	1.06594	1.08573	1.08591	1.06582	0.971658	0.937316	0.94789	0.962797	0.940445	0.946642	1.05215	1.05481	1.04975	1.06195	1.05325	1.05526	1.06167	1.0619	1.10703	1.0531	1.1037	1.10033	1.06021	1.05354	1.0571	1.05115	1.0341	1.02686
ERR612222	1.03966	1.05085	1.05195	1.04062	1.04966	1.05102	0.928099	0.968937	1.02413	0.925904	0.925167	0.93145	0.809049	0.775201	0.74041	0.744981	0.779076	0	0.899526	0.891191	0.891875	0.886028	0.88394	0.885445	0.880147	0.877417	0.880389	0.87978	0.904392	0.885352	1.04595	1.05341	1.04116	1.05237	1.0495	1.05327	0.930623	0.932022	0.931834	0.897638	0.9029	0.897738	0.885248	0.884277	0.901636	0.883682	0.891659	0.893441	0.999289	1.00346	1.02706	1.00423	1.0037	1.00884	1.0752	1.07013	1.07835	1.04472	1.07218	1.04868	1.03222	1.03038	1.02854	1.03412	1.05037	1.03242	1.06582	1.042	1.0428	1.06475	1.06518	1.0422	0.955953	0.91858	0.930761	0.947426	0.921893	0.929343	1.02794	1.03043	1.0246	1.03785	1.02907	1.03114	1.03829	1.03849	1.08798	1.02977	1.0841	1.08101	1.04242	1.03609	1.03998	1.03397	1.01432	1.00675
ERR636787	1.10461	1.11455	1.11573	1.1058	1.11453	1.11516	0.906058	0.943163	0.995355	0.90424	0.90404	0.908764	0.937502	0.915163	0.89662	0.8993	0.917336	0.899526	0	0.775417	0.775411	0.771939	0.769816	0.77057	0.831261	0.829043	0.831974	0.830862	0.853341	0.835813	1.10964	1.11693	1.10564	1.1163	1.11356	1.11665	0.915706	0.916842	0.916475	0.886953	0.891478	0.887232	0.809339	0.809101	0.823914	0.80849	0.814774	0.816581	1.068	1.07201	1.09033	1.07238	1.07178	1.07545	1.13289	1.12879	1.13619	1.10706	1.13055	1.11075	1.10569	1.1042	1.1024	1.10728	1.12031	1.10601	1.13536	1.11532	1.11579	1.13507	1.13491	1.11592	0.916986	0.877049	0.888905	0.907294	0.880362	0.888084	1.10269	1.10502	1.10002	1.11173	1.10346	1.10548	1.11084	1.1113	1.15086	1.10365	1.14782	1.14518	1.10596	1.10175	1.10483	1.09981	1.08249	1.0758
ERR636789	1.09665	1.10676	1.10761	1.09798	1.10641	1.10714	0.897248	0.936546	0.989873	0.895385	0.894626	0.900557	0.931927	0.908489	0.88756	0.890751	0.910552	0.891191	0.775417	0	0.766726	0.761528	0.759905	0.761036	0.822446	0.819829	0.822878	0.82223	0.84621	0.827599	1.10167	1.10873	1.09755	1.10775	1.1052	1.10864	0.910223	0.911069	0.91086	0.878804	0.884225	0.87968	0.80053	0.799605	0.816697	0.799196	0.807122	0.808581	1.06189	1.06593	1.08504	1.06636	1.06569	1.06986	1.12545	1.12123	1.1285	1.09897	1.12331	1.10263	1.09769	1.09608	1.09424	1.09889	1.11268	1.09783	1.12816	1.10707	1.10755	1.12733	1.12775	1.10745	0.910864	0.869458	0.881803	0.900782	0.873333	0.881127	1.09436	1.09647	1.09149	1.10353	1.09544	1.09726	1.10324	1.10398	1.14479	1.09575	1.14136	1.13858	1.10009	1.09549	1.0988	1.09366	1.07582	1.06902
ERR636788	1.09609	1.10668	1.10858	1.09738	1.10692	1.10773	0.896889	0.935383	0.991816	0.895173	0.894861	0.898839	0.932144	0.909058	0.887519	0.891102	0.910768	0.891875	0.775411	0.766726	0	0.762422	0.760298	0.761793	0.822104	0.818758	0.82278	0.821583	0.845548	0.82678	1.1015	1.10952	1.09761	1.10845	1.10581	1.1094	0.907296	0.908626	0.908072	0.877941	0.882957	0.877479	0.80068	0.79978	0.816375	0.798987	0.806748	0.807524	1.06219	1.06677	1.08555	1.06695	1.06622	1.07049	1.12555	1.1212	1.1299	1.09884	1.12322	1.10278	1.09795	1.09603	1.09394	1.09908	1.11268	1.09797	1.12808	1.1079	1.10826	1.1276	1.1279	1.10835	0.911035	0.868815	0.880824	0.90063	0.872575	0.879856	1.09406	1.09674	1.09158	1.10375	1.09491	1.09715	1.10392	1.10404	1.14524	1.09555	1.14183	1.13894	1.09977	1.09467	1.098	1.09278	1.07561	1.06822
ERR636790	1.09229	1.10241	1.10348	1.09347	1.10169	1.10288	0.890276	0.930795	0.986213	0.888478	0.887846	0.894225	0.928468	0.904585	0.88203	0.885442	0.906764	0.886028	0.771939	0.761528	0.762422	0	0.749092	0.751113	0.816253	0.813556	0.8168	0.815828	0.840982	0.821295	1.0971	1.10455	1.09337	1.10383	1.10082	1.10411	0.905661	0.906827	0.906618	0.873524	0.879112	0.874308	0.792591	0.792216	0.810359	0.791191	0.79946	0.801838	1.05845	1.0625	1.08172	1.06304	1.06242	1.0662	1.12144	1.11718	1.12467	1.09444	1.1192	1.09832	1.09291	1.09137	1.08965	1.09464	1.10835	1.09307	1.12416	1.10292	1.10354	1.12368	1.12395	1.10331	0.906754	0.864137	0.876945	0.896237	0.86813	0.876243	1.08974	1.09194	1.08673	1.09902	1.09064	1.09291	1.09859	1.09899	1.14093	1.09079	1.13731	1.13446	1.09652	1.09161	1.09518	1.08979	1.07162	1.06472
ERR636792	1.09001	1.10023	1.10147	1.09128	1.09986	1.10062	0.888637	0.930058	0.984913	0.886551	0.885815	0.89202	0.927547	0.902871	0.880206	0.883758	0.905311	0.88394	0.769816	0.759905	0.760298	0.749092	0	0.748218	0.81357	0.810705	0.814037	0.813372	0.838296	0.819027	1.09507	1.10235	1.09102	1.10166	1.09884	1.1025	0.903927	0.905385	0.904957	0.871716	0.8771	0.87212	0.790239	0.78956	0.808087	0.788626	0.797618	0.799787	1.0576	1.06143	1.08104	1.0621	1.06128	1.06546	1.11963	1.11519	1.12275	1.0923	1.11745	1.0961	1.09052	1.08895	1.08711	1.09205	1.1061	1.09066	1.12215	1.10078	1.10112	1.1216	1.12179	1.10115	0.90561	0.86236	0.875332	0.894966	0.866132	0.874495	1.08738	1.08968	1.08462	1.09685	1.08858	1.09051	1.09659	1.09689	1.13868	1.08862	1.13527	1.13239	1.09513	1.09031	1.09351	1.08846	1.07027	1.06316
ERR636791	1.09135	1.10187	1.10299	1.09267	1.10121	1.10174	0.889329	0.93041	0.984901	0.887824	0.886954	0.893516	0.928684	0.904276	0.882011	0.885254	0.90655	0.885445	0.77057	0.761036	0.761793	0.751113	0.748218	0	0.815493	0.813042	0.815845	0.815317	0.840384	0.820397	1.09631	1.10362	1.09245	1.10284	1.10008	1.1036	0.905945	0.90688	0.906362	0.873229	0.878898	0.873809	0.791608	0.791078	0.809213	0.79002	0.798948	0.800789	1.05773	1.06152	1.08088	1.06217	1.06138	1.06569	1.12099	1.11648	1.12385	1.0937	1.11861	1.09746	1.09168	1.09018	1.08855	1.09312	1.10694	1.09197	1.12319	1.10184	1.10227	1.12275	1.12282	1.10221	0.906511	0.863871	0.876935	0.896178	0.867784	0.876256	1.089	1.09117	1.08594	1.09798	1.08971	1.09206	1.09769	1.09795	1.13929	1.08982	1.13603	1.13329	1.09627	1.09142	1.09497	1.0896	1.07118	1.06414
ERR612254	1.09377	1.10444	1.10626	1.09499	1.10475	1.10548	0.896141	0.934242	0.993431	0.894928	0.894154	0.897359	0.923184	0.898496	0.875062	0.879247	0.90043	0.880147	0.831261	0.822446	0.822104	0.816253	0.81357	0.815493	0	0.75539	0.760371	0.758832	0.783592	0.76156	1.09864	1.10694	1.09472	1.10604	1.10359	1.10662	0.913306	0.91458	0.914689	0.886525	0.891799	0.886116	0.814613	0.814087	0.831552	0.813423	0.821601	0.822344	1.04348	1.04821	1.06659	1.04805	1.04785	1.05108	1.12346	1.11908	1.12814	1.09619	1.12088	1.10029	1.07515	1.07325	1.07184	1.07622	1.08979	1.07585	1.11387	1.09251	1.09288	1.11363	1.11329	1.09292	0.927237	0.885839	0.89738	0.916244	0.889229	0.896629	1.09065	1.09398	1.08845	1.10119	1.09139	1.09359	1.08588	1.0862	1.12602	1.07778	1.12309	1.12021	1.08675	1.0797	1.08378	1.07748	1.06102	1.05296
ERR612251	1.08955	1.10058	1.10261	1.09062	1.10091	1.10183	0.893168	0.932497	0.993407	0.891722	0.89119	0.893792	0.921858	0.89667	0.871557	0.87652	0.898429	0.877417	0.829043	0.819829	0.818758	0.813556	0.810705	0.813042	0.75539	0	0.754281	0.75313	0.784709	0.761032	1.09448	1.10307	1.09046	1.10221	1.09935	1.10275	0.911183	0.912688	0.912384	0.883406	0.889057	0.882786	0.81267	0.811912	0.829673	0.811081	0.819446	0.819539	1.03966	1.04443	1.06323	1.04456	1.04428	1.04787	1.11974	1.11518	1.12506	1.09185	1.11724	1.09606	1.07161	1.06986	1.06783	1.07271	1.08679	1.07223	1.10996	1.08863	1.08877	1.10967	1.10963	1.08898	0.924842	0.882531	0.893658	0.913541	0.88576	0.892678	1.08633	1.0897	1.08432	1.09704	1.08717	1.08933	1.08243	1.08282	1.12334	1.0739	1.1203	1.11787	1.08273	1.0757	1.07972	1.07346	1.05674	1.04846
ERR612252	1.09349	1.10382	1.10519	1.09475	1.10335	1.10425	0.896684	0.936002	0.992585	0.895081	0.894639	0.899397	0.923859	0.899942	0.875868	0.880007	0.901394	0.880389	0.831974	0.822878	0.82278	0.8168	0.814037	0.815845	0.760371	0.754281	0	0.7576	0.78894	0.766708	1.09838	1.10568	1.09412	1.10485	1.10225	1.1057	0.916081	0.917471	0.917479	0.887667	0.893189	0.887486	0.81511	0.814526	0.832132	0.814097	0.822257	0.823245	1.04098	1.0449	1.06383	1.04546	1.04513	1.04855	1.12262	1.1183	1.12643	1.09556	1.12025	1.09954	1.07425	1.07243	1.07105	1.07554	1.08925	1.07476	1.11245	1.09091	1.09122	1.11224	1.11233	1.09116	0.927369	0.886276	0.898302	0.916602	0.889881	0.897253	1.09033	1.09259	1.08753	1.09978	1.09119	1.09313	1.08374	1.08413	1.12385	1.07619	1.12054	1.11784	1.08573	1.07964	1.08331	1.07728	1.05973	1.05247
ERR612253	1.0932	1.10378	1.1053	1.09455	1.10372	1.10457	0.895961	0.934616	0.992906	0.894827	0.894154	0.897584	0.923422	0.898653	0.874765	0.87868	0.900741	0.87978	0.830862	0.82223	0.821583	0.815828	0.813372	0.815317	0.758832	0.75313	0.7576	0	0.787313	0.764582	1.09773	1.1059	1.09394	1.10506	1.10247	1.10566	0.914231	0.915659	0.91554	0.886387	0.891928	0.886256	0.814655	0.814113	0.831623	0.813593	0.82158	0.822327	1.04229	1.04663	1.06513	1.04688	1.04645	1.04997	1.12248	1.11836	1.12675	1.09542	1.11995	1.09937	1.07352	1.07191	1.07034	1.07511	1.08838	1.07428	1.11244	1.09126	1.0915	1.11237	1.11226	1.09154	0.926495	0.885731	0.897289	0.916036	0.888962	0.896723	1.08999	1.09281	1.08768	1.10016	1.09089	1.09297	1.08431	1.08458	1.12426	1.07654	1.12128	1.11867	1.08618	1.07978	1.08326	1.07731	1.06025	1.05249
ERR612255	1.10971	1.11973	1.12132	1.11082	1.11983	1.12059	0.918095	0.951706	1.00598	0.916928	0.916654	0.919294	0.941058	0.920221	0.899818	0.902977	0.921529	0.904392	0.853341	0.84621	0.845548	0.840982	0.838296	0.840384	0.783592	0.784709	0.78894	0.787313	0	0.788862	1.11453	1.1221	1.11093	1.12143	1.11898	1.12209	0.93059	0.93209	0.93136	0.907095	0.911709	0.906833	0.840865	0.840634	0.855332	0.839794	0.846496	0.847099	1.06224	1.06663	1.0832	1.06638	1.06627	1.06932	1.13747	1.1336	1.14178	1.11192	1.13513	1.1158	1.09204	1.08998	1.08882	1.09332	1.10569	1.09269	1.12828	1.10872	1.10885	1.12813	1.1282	1.10908	0.946041	0.908762	0.919242	0.936024	0.911276	0.918248	1.10689	1.10975	1.1051	1.1168	1.10767	1.10975	1.10246	1.10265	1.13974	1.0946	1.13679	1.1344	1.10179	1.09527	1.09887	1.09324	1.07771	1.06998
ERR612256	1.09673	1.10726	1.10901	1.09801	1.10741	1.10846	0.900882	0.938367	0.996305	0.899545	0.898931	0.902002	0.927098	0.903635	0.880245	0.884492	0.905178	0.885352	0.835813	0.827599	0.82678	0.821295	0.819027	0.820397	0.76156	0.761032	0.766708	0.764582	0.788862	0	1.10166	1.10981	1.09771	1.109	1.1064	1.10967	0.917357	0.918495	0.918704	0.890854	0.89629	0.890577	0.820597	0.820023	0.836609	0.819075	0.827207	0.827701	1.04687	1.05153	1.06927	1.05138	1.05116	1.05435	1.12624	1.12162	1.13072	1.0989	1.1235	1.10327	1.07789	1.07591	1.07437	1.07892	1.09231	1.07865	1.1161	1.09529	1.09564	1.11585	1.1158	1.0955	0.931108	0.890646	0.90199	0.920427	0.89374	0.900961	1.09365	1.09675	1.09147	1.10409	1.09456	1.09653	1.08838	1.08903	1.12779	1.0805	1.12501	1.12227	1.08971	1.08255	1.08672	1.08033	1.0641	1.05614
ERR635317	0.865315	0.881763	0.88481	0.866912	0.882978	0.883597	1.06467	1.09651	1.14065	1.06297	1.06229	1.0657	1.08667	1.06592	1.04097	1.04656	1.06844	1.04595	1.10964	1.10167	1.1015	1.0971	1.09507	1.09631	1.09864	1.09448	1.09838	1.09773	1.11453	1.10166	0	0.777712	0.758949	0.777615	0.77211	0.778298	1.08109	1.08245	1.08265	1.05514	1.06145	1.05458	1.0969	1.09637	1.11041	1.09591	1.10201	1.10301	0.961877	0.96831	0.992413	0.968486	0.96691	0.972743	0.926679	0.919164	0.934861	0.883828	0.922061	0.890398	0.892899	0.890021	0.886634	0.896523	0.915268	0.890402	0.925691	0.896214	0.895949	0.923931	0.923558	0.896172	1.14046	1.11598	1.12277	1.13518	1.11732	1.12163	0.878228	0.881512	0.874643	0.891382	0.878543	0.881562	0.915859	0.916994	0.98055	0.905916	0.976448	0.972839	0.957806	0.947794	0.953462	0.945897	0.926042	0.918153
ERR635320	0.874974	0.888636	0.889792	0.876191	0.888371	0.889297	1.07208	1.10399	1.14439	1.07038	1.06971	1.07485	1.0935	1.07329	1.0495	1.05454	1.07584	1.05341	1.11693	1.10873	1.10952	1.10455	1.10235	1.10362	1.10694	1.10307	1.10568	1.1059	1.1221	1.10981	0.777712	0	0.770717	0.778539	0.779938	0.779508	1.09036	1.09187	1.09211	1.06357	1.06969	1.06397	1.10409	1.10345	1.11736	1.10344	1.10913	1.11074	0.969647	0.975029	0.99905	0.975657	0.974132	0.979786	0.93283	0.925847	0.938155	0.892776	0.928927	0.897701	0.900429	0.898219	0.895232	0.904582	0.922294	0.897501	0.93195	0.902033	0.901789	0.930538	0.930335	0.902215	1.14628	1.12258	1.1299	1.14132	1.12419	1.12904	0.887925	0.889733	0.883529	0.898191	0.888515	0.891639	0.923565	0.925266	0.986675	0.915851	0.981782	0.97853	0.96572	0.957659	0.963223	0.956126	0.935385	0.929897
ERR635318	0.858942	0.875817	0.879215	0.860485	0.876866	0.878119	1.05997	1.09244	1.13787	1.0583	1.05759	1.06087	1.08282	1.06156	1.03618	1.04208	1.06417	1.04116	1.10564	1.09755	1.09761	1.09337	1.09102	1.09245	1.09472	1.09046	1.09412	1.09394	1.11093	1.09771	0.758949	0.770717	0	0.770494	0.765191	0.771748	1.07661	1.07809	1.07841	1.05064	1.05695	1.0499	1.09296	1.09257	1.10647	1.09198	1.09813	1.09908	0.956471	0.963494	0.988016	0.963327	0.962021	0.967719	0.921829	0.913803	0.930227	0.876825	0.91714	0.884388	0.886818	0.884105	0.880172	0.890823	0.910141	0.884719	0.920007	0.89017	0.889549	0.918707	0.918216	0.890504	1.13703	1.11199	1.11883	1.13167	1.11343	1.11771	0.871123	0.87469	0.867438	0.885018	0.871638	0.87444	0.909643	0.911108	0.976241	0.899456	0.971625	0.967797	0.952167	0.941898	0.94787	0.940439	0.919693	0.911834
ERR635319	0.87487	0.888412	0.889794	0.876392	0.888362	0.889044	1.0714	1.10338	1.1439	1.06995	1.06926	1.07449	1.09269	1.07247	1.04865	1.05358	1.07496	1.05237	1.1163	1.10775	1.10845	1.10383	1.10166	1.10284	1.10604	1.10221	1.10485	1.10506	1.12143	1.109	0.777615	0.778539	0.770494	0	0.780081	0.779594	1.08971	1.09139	1.09144	1.06285	1.0692	1.06312	1.1033	1.10269	1.11665	1.10244	1.10838	1.11005	0.968742	0.973841	0.998237	0.974882	0.973299	0.978895	0.932847	0.925613	0.937649	0.892418	0.928694	0.897891	0.899852	0.897652	0.894943	0.904076	0.922044	0.896934	0.931393	0.901308	0.901258	0.929937	0.929453	0.901718	1.14591	1.12195	1.12926	1.14078	1.12368	1.1283	0.887404	0.889216	0.88295	0.897825	0.887697	0.890876	0.922872	0.92453	0.985867	0.914981	0.981174	0.977826	0.965465	0.957052	0.962788	0.95564	0.934951	0.929362
ERR635316	0.871368	0.886167	0.887775	0.873012	0.886113	0.886762	1.06848	1.10053	1.14162	1.06681	1.06621	1.07126	1.09019	1.06977	1.04568	1.0506	1.07213	1.0495	1.11356	1.1052	1.10581	1.10082	1.09884	1.10008	1.10359	1.09935	1.10225	1.10247	1.11898	1.1064	0.77211	0.779938	0.765191	0.780081	0	0.780708	1.08719	1.0887	1.08873	1.05986	1.06603	1.06041	1.10028	1.09997	1.11391	1.0996	1.10573	1.10718	0.965409	0.971286	0.995948	0.972003	0.970151	0.976111	0.930354	0.92278	0.935529	0.888959	0.925716	0.894333	0.897785	0.895385	0.892114	0.901722	0.920054	0.894853	0.929245	0.899107	0.898749	0.927801	0.927545	0.899404	1.14336	1.11938	1.12666	1.13853	1.12113	1.12548	0.884245	0.8861	0.879715	0.895084	0.884852	0.887521	0.919761	0.921518	0.983823	0.91157	0.979135	0.975663	0.962447	0.954049	0.960113	0.952889	0.931694	0.925403
ERR635321	0.875079	0.888986	0.89059	0.877049	0.889144	0.889361	1.07194	1.10373	1.14425	1.07029	1.06976	1.07527	1.09329	1.0732	1.04936	1.05435	1.07563	1.05327	1.11665	1.10864	1.1094	1.10411	1.1025	1.1036	1.10662	1.10275	1.1057	1.10566	1.12209	1.10967	0.778298	0.779508	0.771748	0.779594	0.780708	0	1.08991	1.09137	1.09175	1.06342	1.06922	1.06371	1.10407	1.10352	1.11727	1.1033	1.10919	1.11098	0.969592	0.974644	0.998701	0.975293	0.97402	0.979492	0.933486	0.926059	0.938422	0.892606	0.929	0.898361	0.900335	0.898155	0.89561	0.904739	0.922497	0.897556	0.931626	0.901719	0.901673	0.930294	0.930164	0.902139	1.14626	1.12272	1.13009	1.14117	1.12404	1.12885	0.887618	0.889646	0.883539	0.898058	0.888134	0.891163	0.923386	0.924869	0.986093	0.915434	0.981668	0.97814	0.965702	0.957316	0.96275	0.955453	0.93527	0.929367
ERR622178	1.06677	1.07819	1.08185	1.06756	1.07972	1.08082	0.92607	0.957587	1.01879	0.924976	0.923375	0.922079	0.965278	0.944286	0.924316	0.929311	0.946068	0.930623	0.915706	0.910223	0.907296	0.905661	0.903927	0.905945	0.913306	0.911183	0.916081	0.914231	0.93059	0.917357	1.08109	1.09036	1.07661	1.08971	1.08719	1.08991	0	0.803759	0.803083	0.778788	0.784814	0.776284	0.912466	0.912149	0.923971	0.910909	0.91706	0.915799	1.05143	1.05778	1.07634	1.05687	1.05655	1.06025	1.09793	1.09322	1.10577	1.06894	1.09512	1.07461	1.07535	1.07305	1.07064	1.07622	1.09036	1.0764	1.09984	1.08176	1.08233	1.09966	1.09966	1.08253	0.966694	0.931728	0.940444	0.957524	0.934254	0.939218	1.05932	1.06376	1.05806	1.07142	1.05964	1.06203	1.07596	1.07595	1.11947	1.06615	1.11721	1.11351	1.076	1.06686	1.07084	1.06498	1.05086	1.04231
ERR622176	1.06857	1.07988	1.08363	1.06937	1.08149	1.08249	0.928135	0.959488	1.02002	0.926907	0.925219	0.924226	0.966366	0.945334	0.925713	0.930767	0.946724	0.932022	0.916842	0.911069	0.908626	0.906827	0.905385	0.90688	0.91458	0.912688	0.917471	0.915659	0.93209	0.918495	1.08245	1.09187	1.07809	1.09139	1.0887	1.09137	0.803759	0	0.804302	0.781255	0.787171	0.778391	0.913905	0.913709	0.925602	0.912566	0.918751	0.917293	1.05255	1.05879	1.07697	1.0581	1.05773	1.0612	1.09921	1.09458	1.10699	1.07073	1.09645	1.07627	1.07666	1.07424	1.07199	1.0775	1.09171	1.07782	1.10141	1.08369	1.0841	1.10099	1.10112	1.08394	0.967703	0.933292	0.941605	0.958435	0.935407	0.940378	1.0608	1.06537	1.06023	1.07336	1.06151	1.06407	1.07754	1.07752	1.12066	1.06745	1.11828	1.11485	1.07695	1.06818	1.07209	1.06592	1.05221	1.04354
ERR622177	1.06839	1.07986	1.08362	1.0696	1.08148	1.08263	0.927459	0.959266	1.01995	0.92638	0.925003	0.923958	0.966197	0.945151	0.925561	0.9301	0.946637	0.931834	0.916475	0.91086	0.908072	0.906618	0.904957	0.906362	0.914689	0.912384	0.917479	0.91554	0.93136	0.918704	1.08265	1.09211	1.07841	1.09144	1.08873	1.09175	0.803083	0.804302	0	0.779504	0.785503	0.777241	0.913391	0.913322	0.924836	0.912231	0.918375	0.916903	1.05247	1.05862	1.0768	1.05801	1.05751	1.06122	1.09948	1.09469	1.10734	1.0709	1.09662	1.07641	1.07689	1.07469	1.07206	1.07755	1.0918	1.07798	1.10138	1.0837	1.08423	1.10109	1.10097	1.08383	0.96777	0.932603	0.941162	0.958075	0.934938	0.940293	1.06087	1.06538	1.05976	1.07313	1.06143	1.06389	1.07764	1.0776	1.12096	1.06781	1.11869	1.11478	1.07674	1.06822	1.07214	1.06606	1.05231	1.04376
ERR622175	1.04138	1.05304	1.05559	1.04261	1.0534	1.05459	0.893336	0.933014	0.995364	0.891981	0.890681	0.893786	0.940916	0.916184	0.892097	0.897379	0.918091	0.897638	0.886953	0.878804	0.877941	0.873524	0.871716	0.873229	0.886525	0.883406	0.887667	0.886387	0.907095	0.890854	1.05514	1.06357	1.05064	1.06285	1.05986	1.06342	0.778788	0.781255	0.779504	0	0.744058	0.735617	0.880214	0.87945	0.895414	0.878668	0.886388	0.886422	1.02162	1.02718	1.04856	1.0273	1.02659	1.03108	1.07454	1.0697	1.08009	1.04377	1.07205	1.04879	1.05016	1.04801	1.04598	1.05176	1.06758	1.05077	1.07728	1.05569	1.05618	1.07693	1.07709	1.05597	0.940824	0.900822	0.91235	0.930938	0.904103	0.910989	1.03232	1.03596	1.03015	1.04378	1.03335	1.03573	1.04965	1.04994	1.09873	1.04038	1.09545	1.09166	1.05146	1.04355	1.048	1.04137	1.02351	1.01541
ERR622173	1.0476	1.0592	1.06144	1.04876	1.05929	1.06038	0.900231	0.938261	0.998776	0.898875	0.897587	0.900653	0.944096	0.920326	0.897954	0.902607	0.922603	0.9029	0.891478	0.884225	0.882957	0.879112	0.8771	0.878898	0.891799	0.889057	0.893189	0.891928	0.911709	0.89629	1.06145	1.06969	1.05695	1.0692	1.06603	1.06922	0.784814	0.787171	0.785503	0.744058	0	0.743836	0.885829	0.885309	0.900336	0.884359	0.891642	0.891636	1.0267	1.03246	1.05343	1.03269	1.03164	1.03614	1.0804	1.07568	1.0858	1.05043	1.07791	1.05504	1.05634	1.05413	1.052	1.05777	1.07328	1.05681	1.08253	1.06171	1.06193	1.08231	1.08257	1.06185	0.945083	0.906214	0.917579	0.935709	0.909411	0.916412	1.03871	1.04182	1.03616	1.04979	1.03933	1.04191	1.05573	1.05586	1.10327	1.0465	1.10026	1.09668	1.05633	1.04899	1.05289	1.04659	1.02904	1.02093
ERR622174	1.0403	1.0525	1.05554	1.04124	1.05335	1.05452	0.893996	0.932763	0.997731	0.892305	0.890583	0.892395	0.941029	0.916095	0.891842	0.897359	0.918137	0.897738	0.887232	0.87968	0.877479	0.874308	0.87212	0.873809	0.886116	0.882786	0.887486	0.886256	0.906833	0.890577	1.05458	1.06397	1.0499	1.06312	1.06041	1.06371	0.776284	0.778391	0.777241	0.735617	0.743836	0	0.880949	0.880807	0.895891	0.87943	0.887109	0.886319	1.0212	1.02742	1.0489	1.02729	1.02671	1.03094	1.07424	1.06921	1.08105	1.04279	1.07141	1.04842	1.0492	1.04694	1.04443	1.05071	1.06667	1.05022	1.07669	1.05543	1.05579	1.07603	1.07648	1.05567	0.941037	0.90129	0.911978	0.931133	0.904311	0.910734	1.03113	1.03512	1.02899	1.04335	1.03201	1.03438	1.04964	1.04963	1.09827	1.03905	1.0952	1.0915	1.05062	1.04245	1.04687	1.0403	1.02287	1.01426
ERR636946	1.09161	1.10176	1.10282	1.09273	1.10107	1.10194	0.88512	0.926415	0.981464	0.88338	0.882445	0.889239	0.928983	0.904385	0.881454	0.884784	0.906331	0.885248	0.809339	0.80053	0.80068	0.792591	0.790239	0.791608	0.814613	0.81267	0.81511	0.814655	0.840865	0.820597	1.0969	1.10409	1.09296	1.1033	1.10028	1.10407	0.912466	0.913905	0.913391	0.880214	0.885829	0.880949	0	0.739614	0.763605	0.738794	0.751778	0.753977	1.06128	1.06546	1.08586	1.06621	1.06542	1.06981	1.12042	1.11595	1.12328	1.09346	1.11802	1.09679	1.09585	1.09425	1.09252	1.09743	1.11206	1.09601	1.12401	1.10247	1.10299	1.12337	1.12384	1.10313	0.914396	0.871327	0.884264	0.903728	0.875075	0.883206	1.08705	1.08902	1.0838	1.09625	1.08787	1.08986	1.09961	1.10011	1.14376	1.09184	1.14009	1.13716	1.09441	1.08944	1.09308	1.08766	1.06922	1.06218
ERR636947	1.09108	1.10133	1.10218	1.09217	1.10071	1.10152	0.884346	0.926401	0.981133	0.882751	0.882071	0.889201	0.928002	0.903784	0.880748	0.883872	0.905737	0.884277	0.809101	0.799605	0.79978	0.792216	0.78956	0.791078	0.814087	0.811912	0.814526	0.814113	0.840634	0.820023	1.09637	1.10345	1.09257	1.10269	1.09997	1.10352	0.912149	0.913709	0.913322	0.87945	0.885309	0.880807	0.739614	0	0.763408	0.738159	0.751102	0.753763	1.06062	1.06477	1.08497	1.06537	1.06477	1.069	1.12008	1.11533	1.12281	1.0925	1.1177	1.0964	1.0952	1.09374	1.09198	1.09666	1.11126	1.09533	1.12352	1.10212	1.10262	1.12289	1.12318	1.1025	0.913792	0.870993	0.884137	0.903678	0.87483	0.882918	1.08651	1.08837	1.08317	1.09572	1.08748	1.08954	1.09906	1.09939	1.14308	1.09105	1.13938	1.13646	1.09351	1.08848	1.09215	1.08653	1.06807	1.06122
ERR636943	1.10472	1.11469	1.11598	1.10616	1.11431	1.11499	0.902182	0.93976	0.991579	0.900815	0.899858	0.905694	0.940189	0.917575	0.898366	0.901315	0.9201	0.901636	0.823914	0.816697	0.816375	0.810359	0.808087	0.809213	0.831552	0.829673	0.832132	0.831623	0.855332	0.836609	1.11041	1.11736	1.10647	1.11665	1.11391	1.11727	0.923971	0.925602	0.924836	0.895414	0.900336	0.895891	0.763605	0.763408	0	0.762838	0.768673	0.770479	1.07277	1.07685	1.09603	1.07749	1.07686	1.08099	1.13247	1.12817	1.13558	1.10674	1.13023	1.11029	1.10918	1.10768	1.10599	1.11081	1.12441	1.10954	1.13594	1.11585	1.11633	1.13555	1.13579	1.11627	0.926426	0.886735	0.898577	0.916888	0.89049	0.897734	1.10069	1.10279	1.0982	1.1097	1.10167	1.10351	1.11271	1.11328	1.15419	1.10506	1.15098	1.14807	1.10552	1.10048	1.10398	1.09847	1.08145	1.07457
ERR636948	1.09061	1.10118	1.10192	1.09179	1.10008	1.10106	0.883585	0.925591	0.981067	0.881958	0.881477	0.888154	0.928307	0.903219	0.880052	0.883723	0.905544	0.883682	0.80849	0.799196	0.798987	0.791191	0.788626	0.79002	0.813423	0.811081	0.814097	0.813593	0.839794	0.819075	1.09591	1.10344	1.09198	1.10244	1.0996	1.1033	0.910909	0.912566	0.912231	0.878668	0.884359	0.87943	0.738794	0.738159	0.762838	0	0.750279	0.752836	1.06044	1.06464	1.0848	1.06525	1.06455	1.06882	1.11955	1.11517	1.12249	1.09248	1.11735	1.09603	1.09477	1.09327	1.09128	1.09645	1.11108	1.095	1.12309	1.10162	1.10206	1.12271	1.1231	1.10227	0.913113	0.869939	0.882958	0.902445	0.873542	0.881885	1.08604	1.08825	1.08288	1.09509	1.08699	1.08906	1.09859	1.0992	1.14275	1.09073	1.13918	1.13628	1.09323	1.08814	1.09171	1.08644	1.06802	1.06091
ERR636945	1.09692	1.10686	1.10809	1.09792	1.10627	1.10727	0.891608	0.931619	0.985284	0.890264	0.889353	0.895895	0.933297	0.909877	0.888367	0.891583	0.91173	0.891659	0.814774	0.807122	0.806748	0.79946	0.797618	0.798948	0.821601	0.819446	0.822257	0.82158	0.846496	0.827207	1.10201	1.10913	1.09813	1.10838	1.10573	1.10919	0.91706	0.918751	0.918375	0.886388	0.891642	0.887109	0.751778	0.751102	0.768673	0.750279	0	0.76001	1.06534	1.06941	1.08929	1.07014	1.06944	1.07341	1.12509	1.12091	1.12815	1.09883	1.12279	1.10221	1.1012	1.09968	1.09771	1.10294	1.1169	1.10128	1.12866	1.10751	1.10811	1.12788	1.12852	1.10822	0.919425	0.87767	0.890136	0.909042	0.881239	0.889046	1.09268	1.09463	1.08944	1.10133	1.09339	1.09549	1.10487	1.10519	1.14794	1.09691	1.14446	1.14135	1.09841	1.09347	1.09706	1.09172	1.07349	1.06694
ERR636944	1.09727	1.10779	1.10968	1.09852	1.10787	1.1086	0.893695	0.932353	0.988778	0.892286	0.89162	0.896073	0.934705	0.910781	0.889166	0.893134	0.912875	0.893441	0.816581	0.808581	0.807524	0.801838	0.799787	0.800789	0.822344	0.819539	0.823245	0.822327	0.847099	0.827701	1.10301	1.11074	1.09908	1.11005	1.10718	1.11098	0.915799	0.917293	0.916903	0.886422	0.891636	0.886319	0.753977	0.753763	0.770479	0.752836	0.76001	0	1.06659	1.07109	1.09068	1.07159	1.0709	1.07489	1.12607	1.12156	1.13027	1.09889	1.12378	1.10317	1.10207	1.10014	1.09845	1.10352	1.11741	1.10216	1.12948	1.10882	1.10927	1.12872	1.12907	1.10944	0.920338	0.878639	0.890321	0.909809	0.882142	0.889312	1.09299	1.09576	1.0905	1.10295	1.09401	1.09601	1.1062	1.10655	1.14903	1.09794	1.14564	1.14271	1.09923	1.09383	1.09758	1.09238	1.0747	1.06758
