	ERR636946	ERR636947	ERR636943	ERR636948	ERR636945	ERR636944	ERR636720	ERR636718	ERR636716	ERR636719	ERR636717	ERR636715	ERR613681	ERR613679	ERR613677	ERR613678	ERR613682	ERR613680	ERR607308	ERR607310	ERR607305	ERR607307	ERR607309	ERR607306	ERR636951	ERR636949	ERR636954	ERR636950	ERR636953	ERR636952	ERR607785	ERR607781	ERR607783	ERR607784	ERR607786	ERR607782	ERR629858	ERR629860	ERR629856	ERR629861	ERR629859	ERR629857	ERR630691	ERR630689	ERR630693	ERR630690	ERR630692	ERR630688	ERR618526	ERR618525	ERR618528	ERR618527	ERR618530	ERR618529	ERR605475	ERR605476	ERR605478	ERR605477	ERR605473	ERR605474	ERR611301	ERR611302	ERR611300	ERR611299	ERR611297	ERR611298	ERR611336	ERR611337	ERR611340	ERR611338	ERR611339	ERR611335	ERR616987	ERR616986	ERR616989	ERR616988	ERR616990	ERR616985	ERR617915	ERR617918	ERR617917	ERR617919	ERR617920	ERR617916	ERR629823	ERR629821	ERR629818	ERR629820	ERR629819	ERR629822	ERR618173	ERR618174	ERR618172	ERR618170	ERR618171	ERR618169
ERR636946	0	0.238894	0.252849	0.239171	0.242505	0.243903	0.283599	0.283685	0.283091	0.283644	0.282658	0.286147	0.306542	0.292944	0.291817	0.292592	0.344563	0.303938	0.367716	0.36497	0.34021	0.325099	0.366245	0.330148	0.300842	0.316102	0.295755	0.30381	0.29821	0.295403	0.307151	0.306979	0.307075	0.33273	0.307562	0.325863	0.333011	0.353408	0.33215	0.350856	0.355064	0.348943	0.448929	0.446343	0.448282	0.433466	0.444515	0.436833	0.590903	0.58346	0.597747	0.590165	0.609587	0.610222	0.507543	0.506265	0.505521	0.504472	0.50319	0.504519	0.49753	0.497905	0.497662	0.47095	0.471865	0.480545	0.525088	0.511074	0.524925	0.534354	0.519554	0.519255	0.58243	0.582747	0.599082	0.597058	0.597551	0.582641	0.583677	0.566724	0.631218	0.56332	0.5634	0.668407	0.458017	0.45789	0.456164	0.458891	0.460033	0.457408	0.526356	0.529865	0.522777	0.524312	0.517027	0.519147
ERR636947	0.238894	0	0.253349	0.239154	0.242729	0.244424	0.284081	0.284112	0.283475	0.28396	0.28297	0.286666	0.307468	0.293651	0.292738	0.293297	0.34522	0.304878	0.368646	0.365943	0.340919	0.325676	0.367279	0.331054	0.30143	0.317006	0.296443	0.304527	0.298735	0.296102	0.307414	0.307505	0.307501	0.33312	0.307785	0.326089	0.333704	0.353894	0.332629	0.351292	0.355557	0.349643	0.449468	0.44697	0.448973	0.433849	0.4451	0.437424	0.591535	0.584052	0.598458	0.590854	0.61049	0.610937	0.508106	0.506809	0.506141	0.505047	0.503685	0.505118	0.498295	0.498769	0.498307	0.471603	0.472521	0.481308	0.525835	0.511668	0.525525	0.535017	0.520254	0.519984	0.582798	0.583122	0.599358	0.597349	0.597818	0.582834	0.584321	0.56728	0.631929	0.563932	0.563938	0.668945	0.458179	0.45798	0.4564	0.459472	0.460536	0.457624	0.526904	0.530396	0.523256	0.52483	0.517601	0.519491
ERR636943	0.252849	0.253349	0	0.254612	0.243857	0.244043	0.290432	0.290421	0.287238	0.290532	0.28753	0.280008	0.30496	0.295373	0.3022	0.300097	0.326809	0.302835	0.340971	0.339963	0.319664	0.312118	0.340919	0.316705	0.296446	0.305571	0.293789	0.300161	0.294183	0.293312	0.30647	0.307459	0.307777	0.31188	0.30775	0.308608	0.327197	0.334703	0.327692	0.333245	0.33645	0.333201	0.432535	0.431851	0.432605	0.426238	0.42968	0.425918	0.590699	0.584796	0.597999	0.590321	0.608523	0.609038	0.507214	0.508283	0.507394	0.507349	0.507884	0.506864	0.481726	0.482261	0.481894	0.466094	0.464477	0.471078	0.508851	0.496359	0.50815	0.516154	0.503187	0.503299	0.59245	0.591987	0.604402	0.602835	0.603308	0.591	0.585157	0.570843	0.624947	0.567989	0.567926	0.659734	0.466197	0.465051	0.459903	0.451947	0.453351	0.464521	0.525938	0.528309	0.523546	0.524431	0.519611	0.519597
ERR636948	0.239171	0.239154	0.254612	0	0.243548	0.244757	0.284487	0.284627	0.283996	0.284607	0.283942	0.287988	0.307351	0.293978	0.292221	0.293305	0.346461	0.304833	0.370122	0.367459	0.342469	0.326977	0.368631	0.331987	0.301951	0.317497	0.296704	0.304704	0.299324	0.296444	0.308627	0.308178	0.308149	0.335588	0.308746	0.328348	0.334148	0.355553	0.33302	0.352734	0.357231	0.350611	0.45123	0.448305	0.450564	0.434827	0.446714	0.438673	0.591607	0.583885	0.598207	0.590767	0.610246	0.610739	0.508807	0.507225	0.506532	0.505504	0.50404	0.505558	0.49969	0.500153	0.499728	0.472088	0.473328	0.482106	0.52701	0.512756	0.527044	0.536806	0.521739	0.52127	0.582156	0.582515	0.59944	0.597383	0.597857	0.582517	0.583829	0.566788	0.632042	0.563329	0.563393	0.669806	0.458571	0.458309	0.456907	0.460644	0.461929	0.457866	0.526946	0.53064	0.523175	0.524855	0.517461	0.519687
ERR636945	0.242505	0.242729	0.243857	0.243548	0	0.240058	0.283292	0.283113	0.281713	0.283027	0.281194	0.280184	0.304663	0.292284	0.294263	0.293547	0.335973	0.302003	0.355027	0.35334	0.329649	0.316864	0.354523	0.322358	0.297442	0.310877	0.29364	0.301191	0.295305	0.293168	0.303066	0.303714	0.303923	0.319867	0.303973	0.314543	0.328604	0.343358	0.328266	0.341148	0.345089	0.340272	0.439293	0.437624	0.438986	0.427521	0.435379	0.429201	0.590308	0.58362	0.597589	0.58984	0.608938	0.609465	0.505462	0.505178	0.504455	0.503722	0.503113	0.503355	0.489451	0.489958	0.489503	0.467197	0.466792	0.474941	0.516295	0.502878	0.515759	0.524301	0.510566	0.510485	0.586302	0.586401	0.600474	0.598804	0.599164	0.585634	0.584043	0.568149	0.628259	0.564843	0.564879	0.664317	0.459136	0.458469	0.455069	0.453109	0.45444	0.457943	0.525391	0.528267	0.522344	0.52352	0.517098	0.518101
ERR636944	0.243903	0.244424	0.244043	0.244757	0.240058	0	0.283387	0.283714	0.280715	0.283417	0.282988	0.280662	0.302103	0.293189	0.294115	0.294847	0.335444	0.299672	0.352415	0.349189	0.327801	0.31583	0.350363	0.318895	0.296766	0.309015	0.293016	0.297997	0.294838	0.292616	0.304273	0.303244	0.303255	0.321463	0.305162	0.316602	0.326509	0.344959	0.32579	0.342678	0.346323	0.339556	0.440847	0.437145	0.440099	0.42742	0.437158	0.429777	0.589531	0.582195	0.595453	0.588772	0.606718	0.607234	0.505484	0.50487	0.503993	0.503574	0.502909	0.503371	0.487522	0.487823	0.487579	0.464354	0.464789	0.472003	0.515246	0.501575	0.516142	0.526613	0.51096	0.509786	0.585447	0.585581	0.602288	0.600491	0.601239	0.585891	0.580617	0.565485	0.626164	0.56233	0.562465	0.66522	0.460301	0.459658	0.456077	0.454202	0.45621	0.459235	0.525144	0.528336	0.521551	0.52297	0.516531	0.518703
ERR636720	0.283599	0.284081	0.290432	0.284487	0.283292	0.283387	0	0.236038	0.237191	0.235841	0.23855	0.242809	0.329779	0.318929	0.316702	0.317742	0.364467	0.327246	0.345114	0.34203	0.316079	0.301161	0.343368	0.304816	0.302706	0.317766	0.299061	0.304509	0.30099	0.29891	0.279052	0.277108	0.278193	0.306405	0.280021	0.298705	0.310351	0.333776	0.30879	0.331405	0.335377	0.32747	0.4038	0.399582	0.402741	0.387877	0.399594	0.391113	0.552438	0.545545	0.559266	0.552066	0.570435	0.570944	0.4689	0.468831	0.467867	0.467362	0.466689	0.466931	0.454422	0.454776	0.454543	0.430909	0.430288	0.438556	0.475439	0.461722	0.476083	0.487505	0.470985	0.469735	0.548752	0.548848	0.563994	0.562486	0.562957	0.548328	0.545712	0.529979	0.590195	0.526996	0.526708	0.630121	0.417213	0.416434	0.412415	0.412514	0.414081	0.415733	0.484874	0.488158	0.48191	0.482911	0.476551	0.477913
ERR636718	0.283685	0.284112	0.290421	0.284627	0.283113	0.283714	0.236038	0	0.237876	0.236117	0.238694	0.243025	0.330183	0.319267	0.317405	0.318106	0.36459	0.327745	0.345575	0.342595	0.316467	0.301347	0.34394	0.305518	0.303276	0.318273	0.299455	0.30513	0.301313	0.299158	0.27954	0.277795	0.278873	0.306548	0.28056	0.298645	0.310185	0.333344	0.309238	0.331058	0.33519	0.327468	0.403659	0.399741	0.402538	0.387856	0.399494	0.391086	0.552672	0.545944	0.559756	0.552517	0.570939	0.571378	0.46904	0.469044	0.468196	0.467546	0.466895	0.467103	0.454698	0.455147	0.454803	0.431377	0.430716	0.439014	0.475758	0.461958	0.47633	0.487442	0.471232	0.470128	0.548996	0.54891	0.564068	0.562442	0.562844	0.54824	0.546323	0.530641	0.590663	0.527499	0.527236	0.63017	0.416985	0.416117	0.412126	0.412312	0.41384	0.415512	0.48505	0.488236	0.482088	0.48313	0.476708	0.477958
ERR636716	0.283091	0.283475	0.287238	0.283996	0.281713	0.280715	0.237191	0.237876	0	0.237718	0.237282	0.239131	0.330099	0.32029	0.31982	0.320996	0.36359	0.327697	0.340843	0.337143	0.312077	0.298127	0.338451	0.301189	0.302461	0.316405	0.298538	0.303303	0.300369	0.298408	0.278353	0.275985	0.27692	0.301823	0.279127	0.294822	0.309065	0.331918	0.308113	0.329489	0.333721	0.325472	0.402072	0.397719	0.401106	0.386472	0.398055	0.389583	0.554478	0.547741	0.560966	0.553963	0.571889	0.572336	0.470713	0.47059	0.469698	0.469389	0.469303	0.469465	0.45288	0.453288	0.452996	0.430104	0.429667	0.437525	0.474784	0.46102	0.47577	0.487439	0.470772	0.469338	0.552266	0.552068	0.567824	0.566234	0.566918	0.552123	0.547286	0.532187	0.591012	0.529373	0.52918	0.630919	0.418942	0.417679	0.413381	0.412124	0.413732	0.41719	0.486741	0.489851	0.483647	0.484883	0.478751	0.480307
ERR636719	0.283644	0.28396	0.290532	0.284607	0.283027	0.283417	0.235841	0.236117	0.237718	0	0.238632	0.242988	0.329682	0.318653	0.31681	0.317409	0.364146	0.327141	0.345846	0.342689	0.316641	0.301749	0.343947	0.305361	0.302929	0.318008	0.299256	0.304886	0.301009	0.29902	0.279318	0.277296	0.2784	0.306406	0.28021	0.298683	0.31037	0.33375	0.309185	0.331258	0.335303	0.327519	0.404039	0.400062	0.40295	0.388401	0.400005	0.391407	0.552815	0.546088	0.559779	0.552595	0.570977	0.571502	0.46917	0.469102	0.4683	0.467566	0.467062	0.467156	0.454869	0.455226	0.454894	0.43138	0.430688	0.439027	0.475902	0.462236	0.476422	0.487709	0.471345	0.470209	0.549191	0.549221	0.564324	0.562653	0.563063	0.548586	0.54639	0.530619	0.59074	0.527581	0.527376	0.630372	0.417337	0.416588	0.412613	0.412623	0.414264	0.416008	0.485265	0.488562	0.482231	0.483263	0.47698	0.478207
ERR636717	0.282658	0.28297	0.28753	0.283942	0.281194	0.282988	0.23855	0.238694	0.237282	0.238632	0	0.238874	0.332238	0.318903	0.320522	0.319987	0.362627	0.329735	0.343348	0.341405	0.314094	0.299449	0.342477	0.305506	0.302966	0.317806	0.298957	0.30673	0.300314	0.298773	0.277466	0.27743	0.278639	0.299776	0.278661	0.292154	0.312027	0.329478	0.311375	0.327309	0.331596	0.325985	0.400608	0.398805	0.40018	0.387802	0.396569	0.389759	0.55571	0.550049	0.564159	0.555861	0.574994	0.575556	0.471051	0.471728	0.470935	0.47038	0.470497	0.470159	0.455099	0.455557	0.455169	0.434402	0.432779	0.441386	0.47617	0.463023	0.475564	0.484691	0.470612	0.470386	0.554342	0.55399	0.566442	0.564945	0.565174	0.552425	0.552348	0.536516	0.593842	0.533621	0.533372	0.630113	0.418686	0.417733	0.41349	0.411475	0.41234	0.417069	0.487353	0.49016	0.485136	0.485991	0.480119	0.480052
ERR636715	0.286147	0.286666	0.280008	0.287988	0.280184	0.280662	0.242809	0.243025	0.239131	0.242988	0.238874	0	0.334296	0.323067	0.328175	0.326775	0.357789	0.33211	0.329713	0.328207	0.303104	0.292666	0.329147	0.298511	0.304458	0.315785	0.301389	0.308334	0.301596	0.300812	0.275648	0.276449	0.277319	0.283325	0.277626	0.27847	0.310888	0.321909	0.311273	0.31996	0.323867	0.319911	0.391743	0.391051	0.3915	0.383542	0.388332	0.383721	0.561463	0.556807	0.570027	0.561754	0.579832	0.580294	0.475072	0.476957	0.475997	0.475974	0.477133	0.475771	0.448656	0.449025	0.448706	0.433491	0.430875	0.438216	0.470287	0.457789	0.46924	0.478034	0.464706	0.464413	0.566509	0.565523	0.576547	0.575409	0.575599	0.563978	0.558386	0.544435	0.59526	0.541804	0.541393	0.630111	0.425293	0.423934	0.417179	0.40842	0.409789	0.423019	0.492444	0.494595	0.490905	0.491512	0.486956	0.485737
ERR613681	0.306542	0.307468	0.30496	0.307351	0.304663	0.302103	0.329779	0.330183	0.330099	0.329682	0.332238	0.334296	0	0.260268	0.262082	0.263814	0.281763	0.252587	0.367154	0.364785	0.356042	0.353042	0.365691	0.350528	0.300211	0.304171	0.300965	0.29917	0.301497	0.300669	0.354765	0.35229	0.352803	0.384275	0.354621	0.377644	0.343714	0.359178	0.341908	0.358393	0.359281	0.350249	0.470451	0.464448	0.468898	0.460528	0.468549	0.462211	0.555451	0.548069	0.559421	0.554451	0.570221	0.570705	0.484966	0.485294	0.484888	0.485596	0.486528	0.485122	0.487013	0.487232	0.486505	0.47639	0.475201	0.478328	0.510895	0.500775	0.513259	0.526244	0.509192	0.507415	0.550526	0.550469	0.565908	0.564033	0.565582	0.551407	0.54829	0.536627	0.589805	0.533888	0.534236	0.632291	0.486259	0.485786	0.484067	0.484705	0.486382	0.485519	0.50623	0.508792	0.503768	0.503979	0.49986	0.5026
ERR613679	0.292944	0.293651	0.295373	0.293978	0.292284	0.293189	0.318929	0.319267	0.32029	0.318653	0.318903	0.323067	0.260268	0	0.255638	0.253598	0.289676	0.25837	0.372777	0.372336	0.355802	0.348281	0.372922	0.350334	0.300173	0.309779	0.299641	0.30367	0.300091	0.298845	0.34283	0.342964	0.343554	0.371728	0.343117	0.364101	0.344816	0.356331	0.343533	0.355497	0.357391	0.352417	0.462448	0.460137	0.461708	0.453598	0.45965	0.454663	0.565452	0.558938	0.572787	0.565275	0.584076	0.584843	0.48315	0.484025	0.483749	0.48337	0.483833	0.482642	0.491048	0.491368	0.49065	0.477074	0.475496	0.481127	0.515059	0.504052	0.514835	0.523885	0.510249	0.510612	0.55909	0.558902	0.571128	0.569151	0.569643	0.557516	0.562223	0.547573	0.60368	0.544416	0.54456	0.640444	0.476649	0.476688	0.474842	0.475324	0.476334	0.476161	0.510269	0.513003	0.508417	0.508494	0.503772	0.504049
ERR613677	0.291817	0.292738	0.3022	0.292221	0.294263	0.294115	0.316702	0.317405	0.31982	0.31681	0.320522	0.328175	0.262082	0.255638	0	0.249982	0.306852	0.259871	0.384393	0.382084	0.364669	0.353824	0.383465	0.354099	0.305572	0.31798	0.304063	0.305914	0.306499	0.303829	0.345511	0.343017	0.343751	0.38323	0.345269	0.374872	0.345869	0.36865	0.343397	0.36721	0.369384	0.360297	0.471281	0.465791	0.469688	0.456481	0.468212	0.459708	0.568581	0.560069	0.573878	0.567714	0.58611	0.586548	0.484691	0.483252	0.48276	0.481972	0.480339	0.480964	0.499072	0.499299	0.498653	0.476678	0.477036	0.483419	0.523082	0.510718	0.524716	0.536531	0.519724	0.51856	0.555713	0.556613	0.573716	0.571363	0.572394	0.556891	0.560141	0.544355	0.608625	0.540711	0.541042	0.650471	0.473931	0.474248	0.473773	0.479652	0.480894	0.47381	0.513399	0.517097	0.509816	0.510455	0.503631	0.506753
ERR613678	0.292592	0.293297	0.300097	0.293305	0.293547	0.294847	0.317742	0.318106	0.320996	0.317409	0.319987	0.326775	0.263814	0.253598	0.249982	0	0.302162	0.261209	0.382208	0.381349	0.362989	0.352742	0.382578	0.354454	0.305241	0.317371	0.30433	0.307657	0.305948	0.303696	0.344115	0.343326	0.344175	0.378602	0.344263	0.370138	0.346901	0.36434	0.344948	0.363025	0.365386	0.358236	0.467094	0.46352	0.465913	0.455397	0.463907	0.457303	0.569115	0.561723	0.576011	0.568926	0.587933	0.588445	0.484421	0.483926	0.483465	0.482942	0.481426	0.48139	0.497229	0.497606	0.497003	0.477921	0.477404	0.483978	0.520776	0.508894	0.521132	0.530778	0.516005	0.516067	0.55853	0.559042	0.573026	0.5707	0.571283	0.5579	0.563557	0.547689	0.608926	0.543899	0.544114	0.647428	0.474017	0.474473	0.473511	0.47707	0.478018	0.474015	0.513003	0.516389	0.510328	0.510675	0.504705	0.505955
ERR613682	0.344563	0.34522	0.326809	0.346461	0.335973	0.335444	0.364467	0.36459	0.36359	0.364146	0.362627	0.357789	0.281763	0.289676	0.306852	0.302162	0	0.283153	0.359371	0.362338	0.362785	0.36973	0.361873	0.36939	0.319268	0.31292	0.323482	0.322645	0.319911	0.32195	0.379482	0.380851	0.381435	0.389069	0.380317	0.385472	0.366416	0.356535	0.366852	0.358221	0.35679	0.356288	0.471454	0.470833	0.471044	0.475289	0.471224	0.472125	0.549193	0.546512	0.55648	0.549963	0.56447	0.56502	0.496993	0.50228	0.502217	0.50358	0.508165	0.502598	0.481986	0.481762	0.481227	0.494058	0.488533	0.488631	0.500409	0.496422	0.499541	0.506584	0.497661	0.498481	0.561073	0.55941	0.563326	0.562233	0.562999	0.556706	0.554641	0.547601	0.576379	0.54609	0.546339	0.608009	0.510798	0.510017	0.505359	0.49512	0.496487	0.509409	0.508386	0.508173	0.509922	0.508651	0.509914	0.505881
ERR613680	0.303938	0.304878	0.302835	0.304833	0.302003	0.299672	0.327246	0.327745	0.327697	0.327141	0.329735	0.33211	0.252587	0.25837	0.259871	0.261209	0.283153	0	0.367182	0.364902	0.355231	0.351366	0.365828	0.349363	0.299373	0.304512	0.300154	0.298663	0.300778	0.299681	0.352502	0.350088	0.350569	0.38216	0.352378	0.375448	0.342922	0.358741	0.34138	0.358261	0.359145	0.350313	0.469161	0.463262	0.467523	0.458891	0.467049	0.460554	0.556584	0.54909	0.56063	0.555523	0.571571	0.572019	0.484039	0.484201	0.483871	0.484436	0.485223	0.483874	0.486965	0.487162	0.486441	0.475314	0.474039	0.477647	0.510907	0.500762	0.513358	0.52607	0.509131	0.507471	0.551145	0.551409	0.566862	0.564764	0.566267	0.552074	0.5494	0.537395	0.591418	0.534553	0.534909	0.633771	0.484398	0.484012	0.482162	0.482921	0.484595	0.483634	0.506433	0.509419	0.503894	0.504341	0.499899	0.50259
ERR607308	0.367716	0.368646	0.340971	0.370122	0.355027	0.352415	0.345114	0.345575	0.340843	0.345846	0.343348	0.329713	0.367154	0.372777	0.384393	0.382208	0.359371	0.367182	0	0.255662	0.261456	0.276085	0.255959	0.273317	0.340974	0.335579	0.343925	0.342001	0.340813	0.34294	0.339172	0.339704	0.340249	0.329608	0.341078	0.330764	0.332119	0.321589	0.333908	0.322354	0.321455	0.319782	0.388559	0.386532	0.387716	0.398859	0.389824	0.392866	0.518556	0.516733	0.524235	0.51877	0.529681	0.529787	0.479796	0.485232	0.484834	0.486673	0.492607	0.486532	0.406845	0.406513	0.406895	0.426242	0.418867	0.416586	0.430502	0.426348	0.430885	0.440912	0.429126	0.428335	0.55072	0.548275	0.553384	0.55332	0.554502	0.547104	0.512892	0.509218	0.529782	0.508428	0.507866	0.566539	0.459945	0.457497	0.447776	0.424697	0.426617	0.456577	0.467882	0.467289	0.469117	0.468714	0.47015	0.467634
ERR607310	0.36497	0.365943	0.339963	0.367459	0.35334	0.349189	0.34203	0.342595	0.337143	0.342689	0.341405	0.328207	0.364785	0.372336	0.382084	0.381349	0.362338	0.364902	0.255662	0	0.258902	0.272644	0.253426	0.267105	0.339667	0.334444	0.342158	0.338452	0.339438	0.341449	0.338243	0.336968	0.337274	0.332521	0.339675	0.333245	0.327884	0.323983	0.3294	0.324897	0.323738	0.319579	0.390894	0.386099	0.389903	0.39691	0.39174	0.392687	0.517887	0.514804	0.521796	0.517418	0.5278	0.527838	0.478489	0.483083	0.482478	0.484711	0.490204	0.484608	0.406009	0.405807	0.405908	0.421014	0.415243	0.412648	0.432574	0.427163	0.435299	0.447838	0.433331	0.430646	0.547728	0.545331	0.554384	0.553958	0.555813	0.545673	0.507863	0.50435	0.5291	0.503463	0.503126	0.57037	0.457347	0.45478	0.445674	0.4246	0.427365	0.454337	0.467149	0.467034	0.467193	0.467246	0.4677	0.467331
ERR607305	0.34021	0.340919	0.319664	0.342469	0.329649	0.327801	0.316079	0.316467	0.312077	0.316641	0.314094	0.303104	0.356042	0.355802	0.364669	0.362989	0.362785	0.355231	0.261456	0.258902	0	0.250594	0.26005	0.250729	0.328237	0.329906	0.328964	0.32979	0.327213	0.328292	0.311625	0.312002	0.312578	0.310386	0.313284	0.308812	0.314153	0.313842	0.315376	0.31272	0.314067	0.310902	0.377008	0.374269	0.376111	0.379831	0.376369	0.376252	0.524681	0.521266	0.531283	0.524554	0.539114	0.539154	0.468839	0.472899	0.472133	0.473409	0.477604	0.473137	0.408652	0.408748	0.408305	0.411806	0.406815	0.408024	0.436805	0.428171	0.437356	0.446982	0.433832	0.433038	0.547784	0.54569	0.553859	0.55341	0.554227	0.544546	0.515684	0.507537	0.54396	0.505931	0.505294	0.581996	0.435599	0.433539	0.424934	0.406043	0.408066	0.432708	0.465791	0.466663	0.465259	0.465405	0.464256	0.462968
ERR607307	0.325099	0.325676	0.312118	0.326977	0.316864	0.31583	0.301161	0.301347	0.298127	0.301749	0.299449	0.292666	0.353042	0.348281	0.353824	0.352742	0.36973	0.351366	0.276085	0.272644	0.250594	0	0.274053	0.246518	0.32564	0.332377	0.324488	0.327506	0.324039	0.324097	0.298853	0.299055	0.29933	0.306384	0.300195	0.303485	0.309438	0.317751	0.310046	0.316022	0.318449	0.314059	0.377752	0.374411	0.376643	0.373772	0.375533	0.372151	0.530766	0.526256	0.537492	0.530365	0.546728	0.546928	0.465172	0.467606	0.466807	0.467357	0.47	0.467076	0.416679	0.417119	0.416713	0.408132	0.404924	0.409135	0.446327	0.435405	0.446699	0.4563	0.442083	0.441695	0.546131	0.544765	0.555194	0.554255	0.55496	0.543893	0.519723	0.508501	0.555459	0.506398	0.506016	0.594716	0.422978	0.421061	0.41398	0.400175	0.401858	0.420455	0.467716	0.469334	0.465939	0.466888	0.463433	0.463292
ERR607309	0.366245	0.367279	0.340919	0.368631	0.354523	0.350363	0.343368	0.34394	0.338451	0.343947	0.342477	0.329147	0.365691	0.372922	0.383465	0.382578	0.361873	0.365828	0.255959	0.253426	0.26005	0.274053	0	0.269057	0.340356	0.334848	0.342644	0.339334	0.340161	0.342069	0.339564	0.338495	0.338765	0.332974	0.341095	0.333909	0.329201	0.324535	0.331078	0.324989	0.323966	0.320179	0.391417	0.386736	0.390213	0.397974	0.392578	0.393539	0.517223	0.51459	0.521419	0.517062	0.527233	0.52719	0.478933	0.483661	0.483296	0.485375	0.491065	0.485286	0.406317	0.405824	0.40589	0.422124	0.416185	0.413322	0.432117	0.427314	0.434986	0.447105	0.433085	0.4305	0.547884	0.545631	0.554153	0.553901	0.555553	0.545578	0.508421	0.504967	0.528395	0.504274	0.503798	0.569486	0.458389	0.45586	0.446575	0.425025	0.427826	0.455161	0.467361	0.466997	0.467479	0.467589	0.468485	0.467403
ERR607306	0.330148	0.331054	0.316705	0.331987	0.322358	0.318895	0.304816	0.305518	0.301189	0.305361	0.305506	0.298511	0.350528	0.350334	0.354099	0.354454	0.36939	0.349363	0.273317	0.267105	0.250729	0.246518	0.269057	0	0.325575	0.330488	0.324743	0.324356	0.324785	0.324552	0.30496	0.302753	0.303325	0.315592	0.306001	0.312708	0.307533	0.321287	0.307662	0.319692	0.321434	0.313667	0.381983	0.375477	0.380525	0.375835	0.38047	0.375507	0.524663	0.519107	0.52915	0.524004	0.53852	0.538643	0.463916	0.465712	0.46495	0.465821	0.468629	0.465842	0.412432	0.412582	0.412337	0.403078	0.400861	0.403573	0.4434	0.432206	0.446027	0.459015	0.441684	0.439197	0.540049	0.538812	0.552495	0.551471	0.552921	0.53943	0.509125	0.49922	0.54704	0.497387	0.496928	0.591363	0.42538	0.423617	0.416458	0.404158	0.406693	0.423133	0.464264	0.4662	0.461585	0.462697	0.45915	0.461088
ERR636951	0.300842	0.30143	0.296446	0.301951	0.297442	0.296766	0.302706	0.303276	0.302461	0.302929	0.302966	0.304458	0.300211	0.300173	0.305572	0.305241	0.319268	0.299373	0.340974	0.339667	0.328237	0.32564	0.340356	0.325575	0	0.261877	0.257055	0.258282	0.257244	0.257189	0.330585	0.330112	0.33045	0.357558	0.33112	0.350421	0.321191	0.331461	0.320397	0.330819	0.33192	0.325152	0.441695	0.43749	0.440697	0.435261	0.439888	0.435606	0.53524	0.52891	0.541302	0.534455	0.551633	0.552301	0.487126	0.488256	0.487921	0.488373	0.489793	0.487834	0.462141	0.462205	0.461761	0.454904	0.452157	0.455828	0.485144	0.475433	0.486227	0.497273	0.482104	0.481417	0.534372	0.533863	0.546181	0.544649	0.545858	0.533009	0.531989	0.519747	0.570137	0.517391	0.517381	0.609188	0.463305	0.462684	0.459841	0.456937	0.458266	0.462122	0.483522	0.485732	0.481895	0.48225	0.478856	0.479641
ERR636949	0.316102	0.317006	0.305571	0.317497	0.310877	0.309015	0.317766	0.318273	0.316405	0.318008	0.317806	0.315785	0.304171	0.309779	0.31798	0.317371	0.31292	0.304512	0.335579	0.334444	0.329906	0.332377	0.334848	0.330488	0.261877	0	0.264386	0.262591	0.262953	0.263855	0.342682	0.342115	0.342148	0.364225	0.343355	0.357935	0.326195	0.33105	0.326226	0.331317	0.331218	0.32484	0.446358	0.44198	0.445105	0.442579	0.445167	0.442123	0.527723	0.522184	0.533139	0.526899	0.542646	0.543042	0.49197	0.494196	0.493855	0.494888	0.497381	0.494528	0.459486	0.459286	0.459018	0.459832	0.456055	0.457776	0.481009	0.473147	0.482159	0.494119	0.479172	0.478082	0.532612	0.531244	0.542463	0.54113	0.54259	0.530914	0.526595	0.517006	0.558864	0.515302	0.515208	0.59774	0.474331	0.473534	0.469829	0.464451	0.466253	0.472979	0.481457	0.48288	0.480817	0.480653	0.479313	0.479208
ERR636954	0.295755	0.296443	0.293789	0.296704	0.29364	0.293016	0.299061	0.299455	0.298538	0.299256	0.298957	0.301389	0.300965	0.299641	0.304063	0.30433	0.323482	0.300154	0.343925	0.342158	0.328964	0.324488	0.342644	0.324743	0.257055	0.264386	0	0.258575	0.255468	0.254774	0.327938	0.32744	0.327472	0.35615	0.328273	0.348864	0.321289	0.333317	0.320403	0.332775	0.334047	0.32764	0.44187	0.437963	0.440694	0.434034	0.439639	0.43508	0.539414	0.532867	0.54548	0.538531	0.556219	0.55692	0.488388	0.489223	0.488799	0.489184	0.490198	0.488783	0.464767	0.465033	0.464583	0.454944	0.452603	0.456663	0.488968	0.478484	0.490172	0.501247	0.485793	0.48501	0.537202	0.536482	0.550239	0.54858	0.549683	0.536142	0.535383	0.522348	0.575545	0.519967	0.519978	0.614746	0.461051	0.460535	0.45797	0.456053	0.457656	0.459943	0.485937	0.488326	0.484051	0.484724	0.480782	0.481823
ERR636950	0.30381	0.304527	0.300161	0.304704	0.301191	0.297997	0.304509	0.30513	0.303303	0.304886	0.30673	0.308334	0.29917	0.30367	0.305914	0.307657	0.322645	0.298663	0.342001	0.338452	0.32979	0.327506	0.339334	0.324356	0.258282	0.262591	0.258575	0	0.259269	0.258806	0.334774	0.331971	0.332067	0.36406	0.334698	0.357107	0.319471	0.33565	0.318361	0.335082	0.335911	0.3261	0.445833	0.439117	0.443998	0.436339	0.443918	0.438001	0.532552	0.525272	0.536743	0.53154	0.547435	0.547965	0.486685	0.486993	0.486839	0.487425	0.488583	0.486969	0.461515	0.46149	0.461141	0.452095	0.450451	0.453215	0.48485	0.474556	0.488001	0.501708	0.483947	0.481609	0.530643	0.530325	0.546433	0.544598	0.546401	0.531114	0.525886	0.514306	0.566589	0.512117	0.512142	0.610149	0.464008	0.463288	0.46066	0.459365	0.461403	0.463023	0.48286	0.485296	0.480214	0.480886	0.477039	0.479646
ERR636953	0.29821	0.298735	0.294183	0.299324	0.295305	0.294838	0.30099	0.301313	0.300369	0.301009	0.300314	0.301596	0.301497	0.300091	0.306499	0.305948	0.319911	0.300778	0.340813	0.339438	0.327213	0.324039	0.340161	0.324785	0.257244	0.262953	0.255468	0.259269	0	0.255072	0.328498	0.328449	0.328588	0.354348	0.32897	0.347285	0.321222	0.330323	0.320538	0.329576	0.330789	0.325425	0.440045	0.436516	0.438759	0.433677	0.437817	0.434011	0.537209	0.531138	0.543756	0.536574	0.554132	0.554894	0.487905	0.489344	0.488953	0.489377	0.490964	0.489055	0.462931	0.463088	0.462652	0.455498	0.452933	0.456744	0.485862	0.475885	0.486417	0.497052	0.482433	0.482021	0.536979	0.536194	0.548532	0.546849	0.547892	0.535226	0.534861	0.522317	0.572847	0.520074	0.520176	0.610722	0.461999	0.461525	0.458555	0.455203	0.456745	0.460916	0.484828	0.48689	0.483182	0.483845	0.480569	0.48072
ERR636952	0.295403	0.296102	0.293312	0.296444	0.293168	0.292616	0.29891	0.299158	0.298408	0.29902	0.298773	0.300812	0.300669	0.298845	0.303829	0.303696	0.32195	0.299681	0.34294	0.341449	0.328292	0.324097	0.342069	0.324552	0.257189	0.263855	0.254774	0.258806	0.255072	0	0.327248	0.327101	0.327066	0.354819	0.327746	0.347582	0.320768	0.331908	0.320031	0.331187	0.332559	0.326359	0.44111	0.437227	0.439822	0.433405	0.43865	0.434374	0.538531	0.532002	0.544833	0.537796	0.555494	0.556267	0.487403	0.488428	0.487989	0.488495	0.48961	0.488086	0.464135	0.46449	0.463878	0.454793	0.452623	0.456607	0.487903	0.477479	0.48856	0.499284	0.484398	0.48392	0.536592	0.536081	0.549104	0.547339	0.548379	0.535297	0.535239	0.522156	0.574679	0.51975	0.519761	0.613217	0.460436	0.459846	0.457289	0.455183	0.456714	0.459513	0.485126	0.487379	0.4834	0.48387	0.480141	0.480813
ERR607785	0.307151	0.307414	0.30647	0.308627	0.303066	0.304273	0.279052	0.27954	0.278353	0.279318	0.277466	0.275648	0.354765	0.34283	0.345511	0.344115	0.379482	0.352502	0.339172	0.338243	0.311625	0.298853	0.339564	0.30496	0.330585	0.342682	0.327938	0.334774	0.328498	0.327248	0	0.238406	0.239188	0.258555	0.238008	0.251704	0.320513	0.334022	0.320209	0.332275	0.33578	0.331493	0.394168	0.392909	0.393861	0.383575	0.3903	0.384413	0.561346	0.556458	0.569925	0.561692	0.580119	0.580514	0.475427	0.47651	0.475675	0.475129	0.47583	0.474739	0.453813	0.454233	0.45382	0.436119	0.434059	0.441927	0.472324	0.459019	0.47127	0.479881	0.466378	0.466222	0.56627	0.565519	0.576169	0.574907	0.575117	0.563828	0.5574	0.542584	0.596132	0.539842	0.539299	0.631319	0.421339	0.420491	0.415264	0.409869	0.411117	0.419641	0.491683	0.494137	0.48975	0.490634	0.485259	0.484145
ERR607781	0.306979	0.307505	0.307459	0.308178	0.303714	0.303244	0.277108	0.277795	0.275985	0.277296	0.27743	0.276449	0.35229	0.342964	0.343017	0.343326	0.380851	0.350088	0.339704	0.336968	0.312002	0.299055	0.338495	0.302753	0.330112	0.342115	0.32744	0.331971	0.328449	0.327101	0.238406	0	0.236171	0.264989	0.239582	0.256498	0.317088	0.336794	0.316525	0.335077	0.338365	0.331713	0.396374	0.392553	0.395509	0.382368	0.392377	0.384694	0.558518	0.552513	0.565468	0.558345	0.576052	0.576306	0.473307	0.473672	0.47295	0.47246	0.472512	0.471954	0.453222	0.4535	0.453247	0.432649	0.431722	0.439212	0.471219	0.457517	0.472059	0.483014	0.466994	0.465562	0.561525	0.561129	0.575019	0.57353	0.574295	0.560521	0.551648	0.537316	0.593043	0.534487	0.534058	0.632004	0.419603	0.418656	0.413449	0.410259	0.412087	0.41794	0.489303	0.492115	0.486544	0.48762	0.481881	0.482311
ERR607783	0.307075	0.307501	0.307777	0.308149	0.303923	0.303255	0.278193	0.278873	0.27692	0.2784	0.278639	0.277319	0.352803	0.343554	0.343751	0.344175	0.381435	0.350569	0.340249	0.337274	0.312578	0.29933	0.338765	0.303325	0.33045	0.342148	0.327472	0.332067	0.328588	0.327066	0.239188	0.236171	0	0.265761	0.240253	0.257558	0.317969	0.337648	0.317551	0.335946	0.33928	0.332565	0.397599	0.39359	0.39656	0.383247	0.393372	0.385785	0.559324	0.553244	0.566238	0.559004	0.57663	0.576995	0.474448	0.474502	0.473661	0.473278	0.473488	0.472914	0.453756	0.454035	0.453744	0.433157	0.432176	0.439644	0.472264	0.458594	0.473036	0.484147	0.468115	0.466593	0.562188	0.561842	0.575893	0.574571	0.575286	0.561313	0.55206	0.53782	0.593648	0.535107	0.534645	0.632805	0.420484	0.419469	0.414565	0.411124	0.413087	0.418855	0.490039	0.492958	0.487176	0.488476	0.482624	0.483224
ERR607784	0.33273	0.33312	0.31188	0.335588	0.319867	0.321463	0.306405	0.306548	0.301823	0.306406	0.299776	0.283325	0.384275	0.371728	0.38323	0.378602	0.389069	0.38216	0.329608	0.332521	0.310386	0.306384	0.332974	0.315592	0.357558	0.364225	0.35615	0.36406	0.354348	0.354819	0.258555	0.264989	0.265761	0	0.262335	0.23323	0.344259	0.335922	0.346624	0.335501	0.337786	0.341903	0.38501	0.390103	0.386517	0.38938	0.382638	0.384375	0.592918	0.591444	0.603669	0.594237	0.611264	0.611676	0.499385	0.503877	0.50289	0.503206	0.506169	0.50233	0.455958	0.456121	0.456011	0.453593	0.447943	0.454276	0.473285	0.463265	0.469646	0.473172	0.465673	0.467481	0.612439	0.610587	0.6143	0.613798	0.613681	0.606962	0.593219	0.581602	0.618171	0.579547	0.57879	0.6442	0.448535	0.446554	0.436399	0.414956	0.416241	0.445538	0.521415	0.522064	0.522155	0.521911	0.519876	0.514585
ERR607786	0.307562	0.307785	0.30775	0.308746	0.303973	0.305162	0.280021	0.28056	0.279127	0.28021	0.278661	0.277626	0.354621	0.343117	0.345269	0.344263	0.380317	0.352378	0.341078	0.339675	0.313284	0.300195	0.341095	0.306001	0.33112	0.343355	0.328273	0.334698	0.32897	0.327746	0.238008	0.239582	0.240253	0.262335	0	0.255246	0.320875	0.335681	0.320393	0.333942	0.337583	0.332861	0.396643	0.394837	0.39616	0.385001	0.39259	0.386426	0.561405	0.556156	0.569441	0.561507	0.579867	0.580188	0.476235	0.476945	0.476085	0.475641	0.47605	0.475305	0.455216	0.455503	0.455083	0.436351	0.434657	0.44254	0.473884	0.460735	0.473235	0.48229	0.468345	0.468101	0.565439	0.5649	0.576244	0.574864	0.575246	0.563331	0.556554	0.541636	0.596228	0.538932	0.538401	0.632032	0.422026	0.421045	0.416141	0.411757	0.413001	0.420299	0.492009	0.494768	0.489867	0.490798	0.485269	0.484694
ERR607782	0.325863	0.326089	0.308608	0.328348	0.314543	0.316602	0.298705	0.298645	0.294822	0.298683	0.292154	0.27847	0.377644	0.364101	0.374872	0.370138	0.385472	0.375448	0.330764	0.333245	0.308812	0.303485	0.333909	0.312708	0.350421	0.357935	0.348864	0.357107	0.347285	0.347582	0.251704	0.256498	0.257558	0.23323	0.255246	0	0.33744	0.331958	0.339524	0.33099	0.334224	0.337013	0.383625	0.388052	0.384887	0.385521	0.380821	0.381458	0.584613	0.582828	0.595696	0.586014	0.603948	0.604323	0.492301	0.496597	0.49552	0.495644	0.498294	0.494732	0.45467	0.454948	0.454705	0.449561	0.44438	0.451196	0.471202	0.460567	0.467538	0.471034	0.463285	0.465078	0.601729	0.599855	0.603694	0.603226	0.602776	0.596101	0.585898	0.573421	0.612799	0.571031	0.57028	0.639101	0.440151	0.438374	0.429094	0.410658	0.411516	0.437476	0.513101	0.513994	0.513532	0.513344	0.510987	0.505669
ERR629858	0.333011	0.333704	0.327197	0.334148	0.328604	0.326509	0.310351	0.310185	0.309065	0.31037	0.312027	0.310888	0.343714	0.344816	0.345869	0.346901	0.366416	0.342922	0.332119	0.327884	0.314153	0.309438	0.329201	0.307533	0.321191	0.326195	0.321289	0.319471	0.321222	0.320768	0.320513	0.317088	0.317969	0.344259	0.320875	0.33744	0	0.261295	0.236023	0.25837	0.261255	0.248022	0.397856	0.39139	0.396262	0.388168	0.396367	0.389368	0.512258	0.505723	0.517267	0.511689	0.527768	0.528044	0.457602	0.459042	0.458928	0.45958	0.461058	0.458602	0.430919	0.430881	0.430787	0.419597	0.417179	0.421006	0.444825	0.433933	0.447856	0.462884	0.443641	0.44122	0.51445	0.513469	0.528231	0.527035	0.528867	0.513894	0.503618	0.492886	0.543432	0.490219	0.490015	0.587677	0.425636	0.424273	0.418989	0.413542	0.415777	0.423869	0.452629	0.455255	0.45004	0.45079	0.446437	0.449016
ERR629860	0.353408	0.353894	0.334703	0.355553	0.343358	0.344959	0.333776	0.333344	0.331918	0.33375	0.329478	0.321909	0.359178	0.356331	0.36865	0.36434	0.356535	0.358741	0.321589	0.323983	0.313842	0.317751	0.324535	0.321287	0.331461	0.33105	0.333317	0.33565	0.330323	0.331908	0.334022	0.336794	0.337648	0.335922	0.335681	0.331958	0.261295	0	0.264474	0.242378	0.243455	0.247305	0.391181	0.393823	0.391508	0.399362	0.39143	0.394233	0.51838	0.517214	0.529051	0.520037	0.537139	0.537422	0.47098	0.476911	0.476757	0.477816	0.482257	0.476261	0.42907	0.428895	0.428725	0.438857	0.431251	0.433777	0.438443	0.432913	0.43601	0.441991	0.433332	0.435101	0.536241	0.533752	0.534767	0.534731	0.534995	0.529405	0.523349	0.514772	0.544805	0.512616	0.512306	0.573311	0.447572	0.446167	0.438016	0.419941	0.420806	0.445342	0.46195	0.461972	0.463793	0.462868	0.463012	0.457993
ERR629856	0.33215	0.332629	0.327692	0.33302	0.328266	0.32579	0.30879	0.309238	0.308113	0.309185	0.311375	0.311273	0.341908	0.343533	0.343397	0.344948	0.366852	0.34138	0.333908	0.3294	0.315376	0.310046	0.331078	0.307662	0.320397	0.326226	0.320403	0.318361	0.320538	0.320031	0.320209	0.316525	0.317551	0.346624	0.320393	0.339524	0.236023	0.264474	0	0.261531	0.264567	0.250182	0.399413	0.392258	0.397804	0.388449	0.397785	0.390207	0.511345	0.504475	0.515905	0.510637	0.52671	0.526906	0.456903	0.457884	0.457618	0.458274	0.459499	0.457263	0.431755	0.431878	0.431739	0.418835	0.41698	0.420738	0.445804	0.434642	0.449307	0.464806	0.444899	0.442139	0.512111	0.511374	0.526975	0.525853	0.527454	0.512206	0.501786	0.490753	0.543165	0.487857	0.487748	0.588293	0.424391	0.423324	0.418234	0.414361	0.416553	0.42278	0.451896	0.454815	0.448934	0.449805	0.445183	0.448359
ERR629861	0.350856	0.351292	0.333245	0.352734	0.341148	0.342678	0.331405	0.331058	0.329489	0.331258	0.327309	0.31996	0.358393	0.355497	0.36721	0.363025	0.358221	0.358261	0.322354	0.324897	0.31272	0.316022	0.324989	0.319692	0.330819	0.331317	0.332775	0.335082	0.329576	0.331187	0.332275	0.335077	0.335946	0.335501	0.333942	0.33099	0.25837	0.242378	0.261531	0	0.24312	0.246027	0.390166	0.392664	0.390749	0.397223	0.390215	0.39241	0.518233	0.517014	0.528802	0.519761	0.53719	0.537582	0.470071	0.475712	0.47544	0.476636	0.480824	0.475113	0.42864	0.428538	0.428375	0.436494	0.429381	0.4321	0.439254	0.433258	0.436726	0.442976	0.433913	0.435748	0.535198	0.532652	0.53416	0.53416	0.53443	0.528663	0.522991	0.514037	0.545464	0.511489	0.511338	0.574237	0.444657	0.443222	0.435273	0.417886	0.418687	0.442398	0.461273	0.461442	0.462848	0.461803	0.461982	0.457303
ERR629859	0.355064	0.355557	0.33645	0.357231	0.345089	0.346323	0.335377	0.33519	0.333721	0.335303	0.331596	0.323867	0.359281	0.357391	0.369384	0.365386	0.35679	0.359145	0.321455	0.323738	0.314067	0.318449	0.323966	0.321434	0.33192	0.331218	0.334047	0.335911	0.330789	0.332559	0.33578	0.338365	0.33928	0.337786	0.337583	0.334224	0.261255	0.243455	0.264567	0.24312	0	0.246863	0.392402	0.39467	0.392591	0.40064	0.392748	0.395482	0.517645	0.516477	0.527769	0.519139	0.535843	0.536228	0.47177	0.477701	0.47755	0.478793	0.483204	0.477253	0.428628	0.42844	0.428352	0.439014	0.43138	0.433634	0.438022	0.432752	0.435826	0.442237	0.4332	0.434665	0.535673	0.533028	0.534279	0.534326	0.534789	0.528948	0.522156	0.513812	0.543366	0.51168	0.511246	0.572529	0.448997	0.447526	0.439404	0.421363	0.422367	0.446582	0.46208	0.46185	0.463654	0.462674	0.462909	0.458117
ERR629857	0.348943	0.349643	0.333201	0.350611	0.340272	0.339556	0.32747	0.327468	0.325472	0.327519	0.325985	0.319911	0.350249	0.352417	0.360297	0.358236	0.356288	0.350313	0.319782	0.319579	0.310902	0.314059	0.320179	0.313667	0.325152	0.32484	0.32764	0.3261	0.325425	0.326359	0.331493	0.331713	0.332565	0.341903	0.332861	0.337013	0.248022	0.247305	0.250182	0.246027	0.246863	0	0.394566	0.392194	0.393945	0.396069	0.39464	0.393202	0.509966	0.506761	0.517371	0.510582	0.525914	0.526211	0.465665	0.46975	0.469574	0.470907	0.474521	0.469682	0.425495	0.425124	0.425177	0.429647	0.423827	0.425698	0.436252	0.429047	0.436801	0.44777	0.433834	0.433163	0.52348	0.521682	0.528132	0.527811	0.529158	0.519778	0.509306	0.501328	0.536553	0.499062	0.498738	0.573489	0.441982	0.440445	0.433192	0.419556	0.420934	0.439764	0.454972	0.456006	0.455252	0.454608	0.453504	0.451914
ERR630691	0.448929	0.449468	0.432535	0.45123	0.439293	0.440847	0.4038	0.403659	0.402072	0.404039	0.400608	0.391743	0.470451	0.462448	0.471281	0.467094	0.471454	0.469161	0.388559	0.390894	0.377008	0.377752	0.391417	0.381983	0.441695	0.446358	0.44187	0.445833	0.440045	0.44111	0.394168	0.396374	0.397599	0.38501	0.396643	0.383625	0.397856	0.391181	0.399413	0.390166	0.392402	0.394566	0	0.243107	0.237118	0.252933	0.237112	0.243539	0.466667	0.467594	0.4806	0.469219	0.48728	0.48779	0.39604	0.404275	0.402946	0.404546	0.411097	0.403267	0.35411	0.354839	0.354927	0.365626	0.355541	0.359508	0.34656	0.338551	0.342684	0.348383	0.338545	0.340469	0.495439	0.491766	0.488973	0.489175	0.488425	0.485677	0.47131	0.462185	0.490016	0.460024	0.459069	0.524063	0.356052	0.353283	0.339653	0.307511	0.307933	0.352028	0.392639	0.39186	0.395479	0.394356	0.395682	0.387172
ERR630689	0.446343	0.44697	0.431851	0.448305	0.437624	0.437145	0.399582	0.399741	0.397719	0.400062	0.398805	0.391051	0.464448	0.460137	0.465791	0.46352	0.470833	0.463262	0.386532	0.386099	0.374269	0.374411	0.386736	0.375477	0.43749	0.44198	0.437963	0.439117	0.436516	0.437227	0.392909	0.392553	0.39359	0.390103	0.394837	0.388052	0.39139	0.393823	0.392258	0.392664	0.39467	0.392194	0.243107	0	0.240972	0.243475	0.242438	0.239077	0.455201	0.452855	0.464999	0.456423	0.472329	0.472804	0.386697	0.392705	0.391315	0.393099	0.398942	0.392202	0.346852	0.347355	0.347467	0.350353	0.34281	0.345609	0.341185	0.330986	0.343091	0.356421	0.338604	0.336144	0.478809	0.476149	0.48099	0.480943	0.481304	0.472886	0.45128	0.442919	0.478662	0.440796	0.439977	0.524263	0.345898	0.342886	0.330146	0.30414	0.305981	0.341956	0.381378	0.381868	0.381821	0.38165	0.381113	0.377258
ERR630693	0.448282	0.448973	0.432605	0.450564	0.438986	0.440099	0.402741	0.402538	0.401106	0.40295	0.40018	0.3915	0.468898	0.461708	0.469688	0.465913	0.471044	0.467523	0.387716	0.389903	0.376111	0.376643	0.390213	0.380525	0.440697	0.445105	0.440694	0.443998	0.438759	0.439822	0.393861	0.395509	0.39656	0.386517	0.39616	0.384887	0.396262	0.391508	0.397804	0.390749	0.392591	0.393945	0.237118	0.240972	0	0.249725	0.236537	0.24124	0.462681	0.462699	0.475719	0.464662	0.482531	0.482986	0.393291	0.401073	0.399691	0.40129	0.407794	0.400182	0.35197	0.352897	0.352813	0.362141	0.352392	0.356122	0.34435	0.335437	0.341206	0.34903	0.33723	0.338442	0.490291	0.486795	0.48532	0.485663	0.485033	0.481288	0.46579	0.456754	0.48649	0.454754	0.453673	0.523239	0.35287	0.350036	0.336686	0.305583	0.306157	0.348854	0.38832	0.387799	0.390841	0.38984	0.390825	0.383055
