	ERR612548	ERR612552	ERR612547	ERR612549	ERR612551	ERR612550	ERR636885	ERR636883	ERR636886	ERR636884	ERR636887	ERR636888	ERR622232	ERR622231	ERR622228	ERR622227	ERR622230	ERR622229	ERR612940	ERR612944	ERR612939	ERR612943	ERR612941	ERR612942	ERR608852	ERR608851	ERR608848	ERR608849	ERR608847	ERR608850	ERR618754	ERR618758	ERR618753	ERR618757	ERR618755	ERR618756	ERR622206	ERR622204	ERR622203	ERR622205	ERR622207	ERR622208	ERR636774	ERR636771	ERR636770	ERR636772	ERR636769	ERR636773	ERR607462	ERR607460	ERR607461	ERR607459	ERR607457	ERR607458	ERR626708	ERR626706	ERR626707	ERR626709	ERR626704	ERR626705	ERR617267	ERR617269	ERR617265	ERR617270	ERR617266	ERR617268	ERR617510	ERR617507	ERR617508	ERR617509	ERR617506	ERR617505	ERR621964	ERR621963	ERR621962	ERR621965	ERR621961	ERR621966	ERR608706	ERR608703	ERR608704	ERR608702	ERR608705	ERR608701	ERR607484	ERR607483	ERR607481	ERR607482	ERR607486	ERR607485	ERR608087	ERR608088	ERR608091	ERR608092	ERR608089	ERR608090
ERR612548	0	0.264523	0.295831	0.281241	0.264622	0.265218	0.378817	0.378207	0.379139	0.377222	0.378561	0.379498	0.556913	0.558112	0.534315	0.533378	0.558496	0.532885	0.448665	0.452799	0.452768	0.45323	0.448817	0.45368	0.352657	0.352213	0.354757	0.354192	0.395815	0.352239	0.411553	0.408887	0.409615	0.409565	0.411188	0.409261	0.388738	0.404168	0.399858	0.404099	0.388832	0.387927	0.418878	0.420834	0.418359	0.420216	0.422072	0.418912	0.517515	0.519648	0.519736	0.531614	0.531737	0.528811	0.518874	0.523514	0.517781	0.518056	0.521581	0.518724	0.582009	0.582329	0.579879	0.582302	0.582629	0.581951	0.537773	0.533789	0.544473	0.540582	0.5351	0.534343	0.448197	0.456204	0.456436	0.448071	0.450896	0.448932	0.521032	0.521858	0.520541	0.521996	0.520517	0.544396	0.521297	0.526668	0.526733	0.525782	0.520668	0.520654	0.554647	0.552688	0.542867	0.541762	0.555837	0.543198
ERR612552	0.264523	0	0.280685	0.270531	0.258789	0.259505	0.375969	0.377127	0.38591	0.374276	0.385188	0.386891	0.559509	0.561021	0.53203	0.532981	0.56149	0.530899	0.443366	0.451588	0.446807	0.450198	0.443899	0.454058	0.351807	0.351747	0.356348	0.351503	0.407935	0.351764	0.413999	0.407645	0.409772	0.409081	0.412787	0.409162	0.389638	0.396813	0.394728	0.397292	0.389613	0.388537	0.416181	0.419021	0.416256	0.417868	0.42225	0.416303	0.520807	0.523271	0.52323	0.537651	0.537811	0.534273	0.517346	0.524959	0.51667	0.516924	0.517445	0.516694	0.578848	0.576657	0.57819	0.576628	0.579697	0.576339	0.540181	0.534324	0.54803	0.543076	0.535624	0.536167	0.447455	0.461232	0.461143	0.447699	0.452367	0.447576	0.520618	0.519766	0.520006	0.521476	0.520067	0.551126	0.521324	0.529588	0.529826	0.528071	0.520727	0.520767	0.559293	0.556929	0.544988	0.543677	0.560159	0.545323
ERR612547	0.295831	0.280685	0	0.256496	0.276851	0.278734	0.374503	0.381369	0.418527	0.373021	0.415989	0.419641	0.579361	0.581427	0.535103	0.541005	0.581867	0.534101	0.461473	0.481947	0.462526	0.47603	0.463347	0.488015	0.356906	0.357969	0.365986	0.349937	0.441072	0.357392	0.430097	0.415305	0.420465	0.419227	0.428091	0.420105	0.407041	0.381681	0.386337	0.382473	0.406195	0.404448	0.410515	0.414861	0.411549	0.41236	0.424549	0.410698	0.538424	0.541408	0.541491	0.562041	0.561883	0.557289	0.518021	0.532871	0.518661	0.518322	0.507776	0.514277	0.58094	0.569768	0.582234	0.569284	0.581843	0.569067	0.557109	0.546549	0.568362	0.560951	0.547763	0.549945	0.459762	0.489886	0.488634	0.460715	0.471401	0.457572	0.525282	0.518438	0.524245	0.524491	0.524696	0.572842	0.530193	0.54673	0.547025	0.543672	0.529158	0.529987	0.582036	0.57869	0.561793	0.559823	0.582642	0.562137
ERR612549	0.281241	0.270531	0.256496	0	0.266713	0.268401	0.367558	0.372646	0.404035	0.367323	0.401641	0.404889	0.574677	0.576623	0.533868	0.537283	0.576921	0.531794	0.462998	0.478839	0.465692	0.47529	0.464354	0.484036	0.346179	0.34697	0.353961	0.342449	0.420905	0.347365	0.420709	0.410265	0.413369	0.413034	0.419726	0.413621	0.399836	0.382266	0.383034	0.381716	0.399419	0.397445	0.404027	0.407044	0.40533	0.405532	0.414828	0.404241	0.529464	0.532331	0.532472	0.550845	0.550296	0.546343	0.513087	0.523383	0.513107	0.5131	0.506481	0.509811	0.581682	0.574062	0.580761	0.573855	0.582806	0.573425	0.550957	0.542449	0.562143	0.555656	0.543725	0.544019	0.451888	0.477066	0.475901	0.452191	0.461596	0.449869	0.518507	0.51429	0.517881	0.518255	0.518082	0.559402	0.524465	0.538351	0.537989	0.535373	0.523458	0.524174	0.573546	0.570715	0.556008	0.554188	0.574759	0.556306
ERR612551	0.264622	0.258789	0.276851	0.266713	0	0.25852	0.373585	0.374957	0.387139	0.372104	0.385764	0.387671	0.561786	0.563259	0.53245	0.533546	0.563795	0.531095	0.445442	0.454457	0.448939	0.452889	0.445996	0.457313	0.349153	0.349163	0.353791	0.34878	0.406895	0.34917	0.414141	0.407714	0.409723	0.409373	0.413207	0.409343	0.390052	0.394168	0.39204	0.394095	0.389873	0.388709	0.413666	0.416508	0.413874	0.41508	0.420132	0.413674	0.521563	0.523999	0.523993	0.538946	0.538891	0.535449	0.516406	0.523857	0.515802	0.515895	0.515807	0.515447	0.579613	0.57673	0.578596	0.576783	0.580552	0.57638	0.541425	0.535429	0.549933	0.544841	0.536706	0.536981	0.447282	0.462273	0.461996	0.447481	0.452864	0.447135	0.519806	0.518729	0.51925	0.520463	0.519284	0.551104	0.521448	0.530396	0.530439	0.528725	0.520801	0.520876	0.561047	0.558684	0.546541	0.545266	0.562055	0.546874
ERR612550	0.265218	0.259505	0.278734	0.268401	0.25852	0	0.375644	0.376991	0.387604	0.37397	0.386453	0.388303	0.561138	0.562605	0.532565	0.533574	0.563063	0.531313	0.444501	0.4534	0.447853	0.451773	0.445082	0.456058	0.351491	0.351413	0.356115	0.350816	0.409088	0.351405	0.414864	0.408101	0.410237	0.409628	0.413784	0.409837	0.3907	0.396137	0.394269	0.396365	0.390671	0.38937	0.415812	0.418676	0.416134	0.417471	0.422301	0.415973	0.521848	0.524318	0.524344	0.539127	0.53916	0.535638	0.517532	0.525402	0.517001	0.517093	0.51716	0.51673	0.579127	0.576397	0.578412	0.576326	0.580007	0.575953	0.541332	0.535119	0.549464	0.544275	0.536434	0.536877	0.447885	0.462582	0.462389	0.448113	0.453242	0.447807	0.520654	0.519482	0.519967	0.521451	0.52021	0.552181	0.521785	0.53061	0.530805	0.529084	0.521235	0.52133	0.56088	0.558297	0.54616	0.544859	0.56168	0.546601
ERR636885	0.378817	0.375969	0.374503	0.367558	0.373585	0.375644	0	0.241159	0.296196	0.240379	0.290797	0.297323	0.554154	0.556491	0.514153	0.514044	0.556104	0.509505	0.524051	0.534098	0.527129	0.532772	0.525536	0.537818	0.29302	0.293904	0.295737	0.288507	0.363577	0.292295	0.395983	0.389956	0.390577	0.392058	0.39551	0.391933	0.328979	0.311372	0.303415	0.309184	0.327868	0.32564	0.301774	0.301892	0.299532	0.303186	0.298882	0.302215	0.480799	0.482858	0.484031	0.503444	0.501627	0.497793	0.426162	0.42875	0.42447	0.425905	0.435844	0.426432	0.584605	0.580519	0.580147	0.580469	0.585414	0.579897	0.521731	0.516296	0.533581	0.526874	0.516781	0.513847	0.452482	0.472694	0.471837	0.452536	0.461262	0.450638	0.451175	0.44835	0.450961	0.450064	0.451437	0.489059	0.474713	0.490151	0.488343	0.484733	0.473922	0.474731	0.547297	0.544504	0.531323	0.529841	0.550191	0.531578
ERR636883	0.378207	0.377127	0.381369	0.372646	0.374957	0.376991	0.241159	0	0.285383	0.241867	0.28017	0.286288	0.553684	0.555732	0.517181	0.515819	0.555433	0.512662	0.524213	0.532507	0.527645	0.532015	0.525371	0.535591	0.29286	0.293326	0.293778	0.289753	0.355132	0.291754	0.397181	0.393294	0.393177	0.394898	0.396786	0.394692	0.325359	0.317829	0.30739	0.315883	0.324242	0.322252	0.30575	0.305283	0.302801	0.306902	0.298502	0.305914	0.478638	0.480597	0.481637	0.499787	0.498048	0.494549	0.426171	0.425999	0.423768	0.425514	0.439733	0.4278	0.589122	0.586463	0.584027	0.586497	0.589703	0.585963	0.520941	0.516725	0.532079	0.525912	0.517021	0.513805	0.451701	0.468636	0.468238	0.451538	0.459224	0.450303	0.450571	0.449556	0.4507	0.449895	0.451166	0.484244	0.473603	0.487599	0.485755	0.482362	0.472955	0.473607	0.545767	0.543111	0.53116	0.529923	0.548843	0.531518
ERR636886	0.379139	0.38591	0.418527	0.404035	0.387139	0.387604	0.296196	0.285383	0	0.294007	0.253099	0.253483	0.536582	0.5375	0.525219	0.519413	0.537374	0.522189	0.505498	0.500725	0.510341	0.50484	0.505222	0.500045	0.321528	0.320189	0.315483	0.327542	0.333359	0.31918	0.398509	0.403746	0.40073	0.402343	0.398826	0.401226	0.323087	0.37071	0.355638	0.369994	0.322605	0.323566	0.358567	0.358061	0.3546	0.359475	0.34321	0.358445	0.472983	0.473639	0.474375	0.482429	0.482363	0.480365	0.455817	0.447813	0.45206	0.45437	0.480613	0.462096	0.592897	0.599102	0.58786	0.599386	0.593301	0.598987	0.510903	0.512089	0.515349	0.512905	0.512407	0.508977	0.461321	0.458217	0.459518	0.460858	0.460825	0.462918	0.468784	0.475979	0.469115	0.471157	0.469022	0.476696	0.481387	0.48192	0.481344	0.480014	0.481601	0.480736	0.528391	0.527123	0.521593	0.521513	0.530575	0.52187
ERR636884	0.377222	0.374276	0.373021	0.367323	0.372104	0.37397	0.240379	0.241867	0.294007	0	0.289174	0.29547	0.551157	0.553387	0.511947	0.512436	0.552979	0.508274	0.517229	0.528133	0.520084	0.526361	0.518649	0.531539	0.294657	0.295527	0.297498	0.289136	0.366831	0.293309	0.396106	0.389219	0.390191	0.391563	0.395366	0.391469	0.325368	0.310192	0.303211	0.309396	0.324405	0.322078	0.304287	0.305276	0.301389	0.305781	0.301417	0.304522	0.479745	0.481759	0.482866	0.502353	0.501172	0.497131	0.425619	0.429294	0.423724	0.425213	0.435867	0.426339	0.582679	0.578347	0.579029	0.578234	0.583116	0.577756	0.519832	0.514057	0.530939	0.524202	0.514382	0.512443	0.450741	0.47094	0.470192	0.451026	0.45934	0.449113	0.451227	0.448117	0.450863	0.450199	0.451455	0.490208	0.472986	0.48854	0.487103	0.483328	0.47211	0.473012	0.545841	0.542972	0.529533	0.528098	0.548417	0.529751
ERR636887	0.378561	0.385188	0.415989	0.401641	0.385764	0.386453	0.290797	0.28017	0.253099	0.289174	0	0.253004	0.539068	0.540251	0.525698	0.519797	0.539903	0.522131	0.507834	0.503937	0.51269	0.507944	0.50783	0.50376	0.317787	0.316842	0.311698	0.323668	0.331151	0.315847	0.397852	0.4025	0.399905	0.40145	0.398065	0.400293	0.322528	0.366721	0.351434	0.365694	0.32218	0.322531	0.353435	0.352781	0.34955	0.354432	0.337918	0.353564	0.472885	0.473765	0.474604	0.483405	0.482667	0.480825	0.453022	0.444747	0.44929	0.451563	0.477555	0.458937	0.593776	0.599303	0.588335	0.59974	0.59419	0.599262	0.511955	0.513117	0.517151	0.514645	0.51331	0.509514	0.460468	0.4584	0.45952	0.459935	0.460396	0.461779	0.466667	0.473604	0.466913	0.468865	0.466945	0.475509	0.480261	0.481582	0.480885	0.479518	0.48041	0.479875	0.529949	0.528553	0.522822	0.522656	0.532554	0.523153
ERR636888	0.379498	0.386891	0.419641	0.404889	0.387671	0.388303	0.297323	0.286288	0.253483	0.29547	0.253004	0	0.536553	0.537766	0.525642	0.519273	0.537408	0.522366	0.507004	0.502011	0.511964	0.506543	0.506716	0.501326	0.321419	0.32054	0.315319	0.328224	0.330034	0.319703	0.39774	0.403604	0.400613	0.402167	0.398051	0.401062	0.324626	0.372294	0.356828	0.37139	0.323933	0.324704	0.359217	0.358491	0.355495	0.360102	0.343402	0.359116	0.47181	0.472698	0.473588	0.481182	0.480731	0.47903	0.45622	0.447129	0.452534	0.454686	0.481084	0.46239	0.59299	0.59952	0.587441	0.599963	0.593461	0.59949	0.510441	0.512256	0.51505	0.512865	0.512307	0.508488	0.461471	0.457606	0.458884	0.460905	0.460632	0.462895	0.468301	0.476119	0.468925	0.470982	0.468612	0.474659	0.480932	0.480895	0.480311	0.479208	0.481248	0.480531	0.527346	0.526342	0.521201	0.521086	0.529968	0.521554
ERR622232	0.556913	0.559509	0.579361	0.574677	0.561786	0.561138	0.554154	0.553684	0.536582	0.551157	0.539068	0.536553	0	0.268829	0.304481	0.294573	0.269026	0.307718	0.535114	0.532469	0.537671	0.535664	0.535147	0.532442	0.559526	0.558195	0.55886	0.560811	0.572185	0.558212	0.451112	0.453894	0.452048	0.452066	0.450373	0.451504	0.477685	0.507516	0.507164	0.509227	0.477445	0.47911	0.527119	0.531437	0.52719	0.528286	0.534434	0.527102	0.357672	0.357685	0.356474	0.360223	0.365594	0.362227	0.42383	0.436148	0.4241	0.424291	0.429506	0.426309	0.364	0.392437	0.361592	0.394205	0.362815	0.39355	0.334363	0.336519	0.328958	0.33005	0.336666	0.34173	0.411483	0.402447	0.405049	0.413053	0.406591	0.414939	0.394258	0.404168	0.393108	0.400222	0.392809	0.402408	0.374377	0.360857	0.365615	0.366297	0.376072	0.3737	0.313925	0.312501	0.309494	0.310142	0.310556	0.309782
ERR622231	0.558112	0.561021	0.581427	0.576623	0.563259	0.562605	0.556491	0.555732	0.5375	0.553387	0.540251	0.537766	0.268829	0	0.306944	0.296837	0.268803	0.310564	0.535746	0.532414	0.538422	0.535766	0.535685	0.532179	0.561435	0.560062	0.560561	0.562734	0.572599	0.559997	0.45192	0.454995	0.452947	0.452891	0.450845	0.452421	0.478794	0.510101	0.509386	0.511675	0.478621	0.480579	0.529215	0.533399	0.529158	0.530435	0.536341	0.529231	0.358473	0.358404	0.357158	0.359999	0.365393	0.362343	0.426547	0.438588	0.426777	0.42693	0.432747	0.429436	0.365887	0.394972	0.363565	0.396558	0.364556	0.396112	0.334818	0.337753	0.328398	0.329898	0.337649	0.342859	0.413329	0.403191	0.405919	0.41464	0.407814	0.416792	0.39691	0.40696	0.395658	0.402789	0.395425	0.402717	0.376348	0.361834	0.366494	0.367336	0.378092	0.375392	0.313398	0.312038	0.309835	0.310253	0.310154	0.310057
ERR622228	0.534315	0.53203	0.535103	0.533868	0.53245	0.532565	0.514153	0.517181	0.525219	0.511947	0.525698	0.525642	0.304481	0.306944	0	0.264038	0.307944	0.261	0.533689	0.543283	0.535411	0.54219	0.534798	0.546864	0.52208	0.521626	0.524885	0.520073	0.559568	0.521684	0.437836	0.432665	0.432477	0.433124	0.436755	0.433356	0.460995	0.460265	0.463647	0.461417	0.460134	0.460189	0.484592	0.489261	0.485701	0.485887	0.497831	0.484508	0.355737	0.357721	0.357444	0.378728	0.381123	0.375509	0.380936	0.405864	0.384042	0.383118	0.365841	0.376211	0.342181	0.348708	0.342484	0.349159	0.342549	0.348781	0.343154	0.332095	0.353184	0.345549	0.332763	0.339565	0.386186	0.403742	0.403577	0.388134	0.391282	0.385483	0.355696	0.353452	0.353794	0.357921	0.353972	0.406754	0.348576	0.358726	0.361661	0.358467	0.348598	0.348236	0.346301	0.341783	0.320995	0.31909	0.344993	0.321598
ERR622227	0.533378	0.532981	0.541005	0.537283	0.533546	0.533574	0.514044	0.515819	0.519413	0.512436	0.519797	0.519273	0.294573	0.296837	0.264038	0	0.297612	0.263216	0.538578	0.544591	0.541184	0.545222	0.539461	0.547458	0.520485	0.519904	0.521951	0.520243	0.548905	0.520197	0.431649	0.430178	0.428528	0.429751	0.431032	0.429676	0.458666	0.464617	0.465075	0.464672	0.458057	0.458675	0.483294	0.487076	0.484571	0.484457	0.494138	0.483284	0.343877	0.345641	0.345101	0.362656	0.36436	0.359596	0.37883	0.397323	0.381068	0.380574	0.370373	0.375645	0.346311	0.360042	0.342118	0.36088	0.346957	0.360548	0.333299	0.327087	0.342163	0.336218	0.327466	0.33076	0.382449	0.39285	0.393443	0.383776	0.385353	0.382498	0.350202	0.352996	0.348737	0.353155	0.348758	0.387419	0.343556	0.347595	0.349914	0.348177	0.344152	0.343367	0.329682	0.326226	0.310373	0.308923	0.329596	0.310651
ERR622230	0.558496	0.56149	0.581867	0.576921	0.563795	0.563063	0.556104	0.555433	0.537374	0.552979	0.539903	0.537408	0.269026	0.268803	0.307944	0.297612	0	0.311457	0.536975	0.533638	0.539522	0.536914	0.536776	0.533378	0.56144	0.56011	0.56046	0.562745	0.572523	0.560079	0.451963	0.454889	0.452954	0.453	0.451024	0.452453	0.479152	0.509991	0.509337	0.511642	0.47881	0.480796	0.528679	0.532937	0.528746	0.529947	0.535641	0.528718	0.358632	0.358375	0.357335	0.359977	0.365473	0.362291	0.426393	0.438224	0.426665	0.426777	0.432649	0.429107	0.366713	0.395962	0.364106	0.397472	0.365149	0.396979	0.335077	0.338402	0.328834	0.330385	0.338085	0.343207	0.414125	0.403805	0.406463	0.415443	0.408835	0.417537	0.39674	0.407103	0.395726	0.402784	0.395283	0.40222	0.376871	0.362318	0.367052	0.368101	0.378729	0.376047	0.313628	0.311914	0.310215	0.31066	0.309977	0.310389
ERR622229	0.532885	0.530899	0.534101	0.531794	0.531095	0.531313	0.509505	0.512662	0.522189	0.508274	0.522131	0.522366	0.307718	0.310564	0.261	0.263216	0.311457	0	0.539278	0.548042	0.541385	0.547469	0.540418	0.55171	0.517189	0.516653	0.5197	0.515805	0.553047	0.516941	0.43475	0.430878	0.429903	0.430821	0.433991	0.431298	0.459438	0.457379	0.459517	0.457608	0.4587	0.458864	0.478875	0.482994	0.480458	0.480086	0.491747	0.478856	0.351415	0.353579	0.353259	0.374816	0.375973	0.371095	0.375711	0.398256	0.378713	0.37786	0.361173	0.37067	0.34515	0.352621	0.34279	0.353172	0.345948	0.352502	0.342197	0.33231	0.35363	0.346139	0.333172	0.337509	0.382933	0.400451	0.399952	0.38458	0.388248	0.382196	0.349382	0.348509	0.347857	0.351426	0.347788	0.398431	0.345166	0.355149	0.357114	0.354184	0.345258	0.344883	0.344848	0.34034	0.320641	0.318983	0.344328	0.321236
ERR612940	0.448665	0.443366	0.461473	0.462998	0.445442	0.444501	0.524051	0.524213	0.505498	0.517229	0.507834	0.507004	0.535114	0.535746	0.533689	0.538578	0.536975	0.539278	0	0.269763	0.250241	0.259355	0.250153	0.274248	0.51937	0.519053	0.52367	0.518234	0.567947	0.518044	0.483352	0.471176	0.477786	0.473796	0.480094	0.473161	0.458037	0.489567	0.494754	0.495312	0.458343	0.45846	0.535232	0.542768	0.535271	0.537459	0.546244	0.535513	0.555102	0.556685	0.555838	0.564501	0.569208	0.565514	0.582138	0.597936	0.582314	0.582154	0.581544	0.584715	0.550191	0.54955	0.560256	0.549579	0.548673	0.550423	0.537779	0.52877	0.53685	0.533177	0.529554	0.541037	0.507367	0.509658	0.511299	0.509691	0.507014	0.510262	0.573848	0.574941	0.572364	0.578087	0.572716	0.605119	0.556242	0.55632	0.561524	0.559876	0.556204	0.555102	0.557734	0.555282	0.544103	0.543623	0.554143	0.545154
ERR612944	0.452799	0.451588	0.481947	0.478839	0.454457	0.4534	0.534098	0.532507	0.500725	0.528133	0.503937	0.502011	0.532469	0.532414	0.543283	0.544591	0.533638	0.548042	0.269763	0	0.273095	0.25704	0.268071	0.258096	0.526554	0.525696	0.528886	0.528516	0.559587	0.525371	0.483419	0.47556	0.481074	0.477052	0.480401	0.475688	0.463142	0.508464	0.510287	0.512792	0.463519	0.464633	0.547018	0.553846	0.54729	0.549105	0.554912	0.547275	0.556001	0.556957	0.556146	0.56001	0.565207	0.562224	0.593436	0.605272	0.592949	0.593208	0.597117	0.597057	0.557489	0.562866	0.565463	0.563201	0.556313	0.563947	0.537203	0.532201	0.534397	0.53278	0.533204	0.542756	0.516422	0.50918	0.511887	0.518136	0.512691	0.520483	0.582411	0.587217	0.581055	0.587717	0.581457	0.601461	0.56362	0.558328	0.563257	0.5629	0.564075	0.562403	0.552096	0.550513	0.543401	0.543244	0.548941	0.544276
ERR612939	0.452768	0.446807	0.462526	0.465692	0.448939	0.447853	0.527129	0.527645	0.510341	0.520084	0.51269	0.511964	0.537671	0.538422	0.535411	0.541184	0.539522	0.541385	0.250241	0.273095	0	0.260854	0.250412	0.277719	0.523698	0.523331	0.528127	0.521622	0.574557	0.521992	0.487732	0.474321	0.481485	0.477417	0.484286	0.476684	0.460911	0.490714	0.496881	0.496841	0.460985	0.461021	0.538281	0.546348	0.538344	0.540712	0.550042	0.538685	0.558923	0.56047	0.559656	0.568869	0.573914	0.570005	0.584789	0.601877	0.584982	0.584842	0.583283	0.587282	0.551269	0.549507	0.562476	0.549383	0.549709	0.550395	0.541053	0.531216	0.540002	0.536103	0.532203	0.544376	0.510345	0.514266	0.515638	0.513083	0.510506	0.513415	0.577187	0.577428	0.575485	0.581296	0.575883	0.610657	0.559087	0.559929	0.565483	0.563592	0.559069	0.55793	0.561643	0.559135	0.547071	0.546439	0.557884	0.548254
ERR612943	0.45323	0.450198	0.47603	0.47529	0.452889	0.451773	0.532772	0.532015	0.50484	0.526361	0.507944	0.506543	0.535664	0.535766	0.54219	0.545222	0.536914	0.547469	0.259355	0.25704	0.260854	0	0.258278	0.259851	0.527169	0.52661	0.530471	0.527617	0.567112	0.525782	0.487106	0.476783	0.483379	0.479037	0.483906	0.478105	0.463268	0.503547	0.507039	0.508562	0.463633	0.464144	0.546047	0.553229	0.546066	0.548187	0.555095	0.546371	0.559186	0.560381	0.55949	0.5654	0.570466	0.567244	0.59207	0.606132	0.591942	0.592101	0.594116	0.595487	0.556487	0.559281	0.565952	0.559462	0.555243	0.560235	0.540219	0.533185	0.537796	0.535238	0.53421	0.544926	0.516302	0.512889	0.515133	0.518386	0.513796	0.519984	0.582836	0.585741	0.581317	0.587645	0.58175	0.607378	0.563918	0.560881	0.566173	0.565081	0.564285	0.562616	0.557432	0.555422	0.546561	0.546169	0.553927	0.547412
ERR612941	0.448817	0.443899	0.463347	0.464354	0.445996	0.445082	0.525536	0.525371	0.505222	0.518649	0.50783	0.506716	0.535147	0.535685	0.534798	0.539461	0.536776	0.540418	0.250153	0.268071	0.250412	0.258278	0	0.271992	0.520678	0.520174	0.52454	0.519589	0.568124	0.519195	0.483926	0.47219	0.478606	0.474552	0.480812	0.47397	0.458396	0.491629	0.496301	0.497126	0.458461	0.458762	0.53678	0.544326	0.536781	0.539051	0.547461	0.537183	0.555212	0.556965	0.556026	0.564075	0.569017	0.565303	0.583386	0.598647	0.583446	0.583305	0.583239	0.586074	0.551212	0.551035	0.561205	0.551139	0.549681	0.55208	0.538161	0.52932	0.536886	0.533442	0.530278	0.541704	0.507674	0.508871	0.510712	0.51004	0.506644	0.510761	0.574891	0.576188	0.573273	0.579101	0.573753	0.605131	0.556786	0.556413	0.561542	0.560132	0.556889	0.5555	0.557406	0.554989	0.544349	0.54379	0.553804	0.545284
ERR612942	0.45368	0.454058	0.488015	0.484036	0.457313	0.456058	0.537818	0.535591	0.500045	0.531539	0.50376	0.501326	0.532442	0.532179	0.546864	0.547458	0.533378	0.55171	0.274248	0.258096	0.277719	0.259851	0.271992	0	0.530104	0.529208	0.531678	0.531968	0.559099	0.528205	0.486124	0.479514	0.484545	0.480629	0.483243	0.479485	0.464842	0.51403	0.515424	0.518626	0.465282	0.466498	0.551832	0.558233	0.551464	0.553889	0.558423	0.552086	0.557114	0.558056	0.556993	0.559855	0.565169	0.562366	0.59682	0.608023	0.59614	0.596433	0.60178	0.600957	0.561248	0.567825	0.569191	0.568187	0.559964	0.568865	0.53803	0.533896	0.533862	0.532916	0.534756	0.544283	0.519571	0.509757	0.512429	0.521137	0.514819	0.523771	0.586066	0.591157	0.584817	0.591303	0.585021	0.601938	0.566092	0.559384	0.564467	0.564169	0.566525	0.564709	0.552273	0.550845	0.544697	0.544552	0.548901	0.545519
ERR608852	0.352657	0.351807	0.356906	0.346179	0.349153	0.351491	0.29302	0.29286	0.321528	0.294657	0.317787	0.321419	0.559526	0.561435	0.52208	0.520485	0.56144	0.517189	0.51937	0.526554	0.523698	0.527169	0.520678	0.530104	0	0.253329	0.257052	0.255422	0.320794	0.253847	0.382109	0.380663	0.378915	0.381162	0.382614	0.381331	0.3441	0.339297	0.330426	0.336581	0.343021	0.341468	0.334935	0.334802	0.335109	0.336013	0.334114	0.335398	0.489641	0.491501	0.492715	0.509775	0.507661	0.504341	0.464218	0.464439	0.46257	0.463347	0.469832	0.463244	0.583618	0.580904	0.577328	0.580863	0.584584	0.58033	0.526385	0.522436	0.538333	0.532356	0.522988	0.519246	0.46712	0.482813	0.482224	0.466644	0.473633	0.46533	0.472533	0.47287	0.472883	0.472572	0.472836	0.503132	0.490893	0.503212	0.501054	0.498787	0.490432	0.490965	0.550415	0.5481	0.536697	0.535444	0.553587	0.536909
ERR608851	0.352213	0.351747	0.357969	0.34697	0.349163	0.351413	0.293904	0.293326	0.320189	0.295527	0.316842	0.32054	0.558195	0.560062	0.521626	0.519904	0.56011	0.516653	0.519053	0.525696	0.523331	0.52661	0.520174	0.529208	0.253329	0	0.257297	0.256376	0.318689	0.254126	0.381071	0.380152	0.37849	0.380696	0.381767	0.380745	0.343285	0.340365	0.331113	0.337473	0.342554	0.341436	0.335269	0.33494	0.33532	0.336141	0.334237	0.335679	0.488256	0.490374	0.491411	0.508195	0.506037	0.502917	0.463997	0.463934	0.462289	0.463028	0.470089	0.463241	0.583039	0.580758	0.576532	0.580951	0.584127	0.580217	0.525179	0.521491	0.536921	0.531143	0.522021	0.518128	0.466583	0.481553	0.480929	0.466041	0.472779	0.465072	0.472148	0.47267	0.472486	0.472257	0.472253	0.501504	0.489929	0.501816	0.499694	0.497504	0.489741	0.490109	0.548963	0.546657	0.535613	0.53436	0.552197	0.535775
ERR608848	0.354757	0.356348	0.365986	0.353961	0.353791	0.356115	0.295737	0.293778	0.315483	0.297498	0.311698	0.315319	0.55886	0.560561	0.524885	0.521951	0.56046	0.5197	0.52367	0.528886	0.528127	0.530471	0.52454	0.531678	0.257052	0.257297	0	0.25891	0.308309	0.257005	0.382097	0.382653	0.381079	0.382728	0.382624	0.382973	0.343706	0.346714	0.335657	0.343653	0.343349	0.342091	0.339477	0.337988	0.338601	0.340295	0.335227	0.339887	0.488145	0.489786	0.491263	0.506719	0.504335	0.501511	0.466102	0.464136	0.46407	0.465092	0.474035	0.465867	0.586558	0.585447	0.579625	0.585726	0.587477	0.585068	0.525192	0.522585	0.536283	0.531057	0.523012	0.518322	0.469884	0.482157	0.482268	0.469219	0.475703	0.468452	0.473191	0.474688	0.473618	0.473234	0.473582	0.4975	0.491601	0.502154	0.49973	0.49772	0.491273	0.491691	0.548326	0.546251	0.536117	0.535068	0.5519	0.536445
ERR608849	0.354192	0.351503	0.349937	0.342449	0.34878	0.350816	0.288507	0.289753	0.327542	0.289136	0.323668	0.328224	0.560811	0.562734	0.520073	0.520243	0.562745	0.515805	0.518234	0.528516	0.521622	0.527617	0.519589	0.531968	0.255422	0.256376	0.25891	0	0.333228	0.255315	0.385347	0.379863	0.38027	0.381651	0.384941	0.381869	0.343295	0.331144	0.324546	0.329255	0.342437	0.340751	0.3312	0.331563	0.330447	0.332476	0.332283	0.331536	0.492197	0.494346	0.495478	0.514388	0.512587	0.508908	0.461108	0.464881	0.459688	0.460483	0.464617	0.459847	0.582126	0.57716	0.577287	0.577313	0.582928	0.576667	0.528224	0.522676	0.540257	0.533626	0.523056	0.520509	0.466826	0.486096	0.485425	0.466752	0.474768	0.46488	0.472328	0.469842	0.472191	0.471504	0.472338	0.508717	0.490263	0.505109	0.503196	0.500247	0.489525	0.490444	0.554334	0.551477	0.538226	0.536875	0.557085	0.538506
ERR608847	0.395815	0.407935	0.441072	0.420905	0.406895	0.409088	0.363577	0.355132	0.333359	0.366831	0.331151	0.330034	0.572185	0.572599	0.559568	0.548905	0.572523	0.553047	0.567947	0.559587	0.574557	0.567112	0.568124	0.559099	0.320794	0.318689	0.308309	0.333228	0	0.320234	0.410158	0.425961	0.4191	0.422383	0.412695	0.421665	0.389335	0.423268	0.405639	0.418425	0.389493	0.390785	0.400027	0.39543	0.399041	0.399998	0.385322	0.400363	0.5016	0.501892	0.503334	0.505908	0.501687	0.501987	0.506606	0.491021	0.503315	0.504843	0.524442	0.508891	0.617846	0.626256	0.605473	0.626972	0.619063	0.626058	0.539574	0.546366	0.54611	0.545736	0.546188	0.536079	0.505098	0.49658	0.498629	0.502857	0.504212	0.505489	0.505368	0.515682	0.50667	0.506785	0.506019	0.487385	0.521132	0.518041	0.513522	0.515189	0.521648	0.521369	0.550594	0.55101	0.550799	0.551092	0.556362	0.550802
ERR608850	0.352239	0.351764	0.357392	0.347365	0.34917	0.351405	0.292295	0.291754	0.31918	0.293309	0.315847	0.319703	0.558212	0.559997	0.521684	0.520197	0.560079	0.516941	0.518044	0.525371	0.521992	0.525782	0.519195	0.528205	0.253847	0.254126	0.257005	0.255315	0.320234	0	0.38232	0.380414	0.379574	0.381038	0.382482	0.381323	0.341938	0.339453	0.330479	0.337091	0.340792	0.339816	0.335831	0.335516	0.335196	0.337072	0.33444	0.336455	0.489176	0.491221	0.492433	0.509378	0.507328	0.504032	0.463675	0.464195	0.461923	0.462638	0.469775	0.463213	0.58372	0.581071	0.577829	0.581211	0.584479	0.580565	0.525372	0.521541	0.536717	0.531034	0.52183	0.518445	0.467117	0.482208	0.482005	0.466674	0.473791	0.465567	0.472659	0.47269	0.47287	0.472428	0.472821	0.502559	0.490481	0.502865	0.50069	0.498184	0.489888	0.490594	0.550049	0.547621	0.536137	0.534785	0.553153	0.536387
ERR618754	0.411553	0.413999	0.430097	0.420709	0.414141	0.414864	0.395983	0.397181	0.398509	0.396106	0.397852	0.39774	0.451112	0.45192	0.437836	0.431649	0.451963	0.43475	0.483352	0.483419	0.487732	0.487106	0.483926	0.486124	0.382109	0.381071	0.382097	0.385347	0.410158	0.38232	0	0.274995	0.270405	0.272758	0.270118	0.272322	0.368687	0.385851	0.381076	0.384659	0.368576	0.369266	0.383822	0.385583	0.385594	0.385039	0.391789	0.384048	0.423455	0.424739	0.425192	0.434318	0.433918	0.431168	0.462093	0.465856	0.461163	0.462136	0.461577	0.460133	0.476443	0.486545	0.469052	0.487072	0.477392	0.486473	0.441884	0.442221	0.44801	0.445199	0.442482	0.439537	0.441952	0.44331	0.444219	0.441813	0.442753	0.442313	0.439202	0.44522	0.438899	0.441512	0.438478	0.449766	0.446025	0.445367	0.444869	0.44519	0.446465	0.445709	0.440829	0.439311	0.433199	0.432476	0.443095	0.433405
ERR618758	0.408887	0.407645	0.415305	0.410265	0.407714	0.408101	0.389956	0.393294	0.403746	0.389219	0.4025	0.403604	0.453894	0.454995	0.432665	0.430178	0.454889	0.430878	0.471176	0.47556	0.474321	0.476783	0.47219	0.479514	0.380663	0.380152	0.382653	0.379863	0.425961	0.380414	0.274995	0	0.269616	0.266195	0.272671	0.266286	0.365199	0.371828	0.370929	0.371843	0.36473	0.36489	0.378911	0.38252	0.380669	0.380803	0.391396	0.379437	0.430314	0.432115	0.432277	0.446443	0.446755	0.442791	0.459735	0.470221	0.459388	0.460439	0.454492	0.456946	0.470113	0.474505	0.466134	0.474834	0.470601	0.474416	0.445095	0.441788	0.452844	0.448293	0.442194	0.442412	0.440723	0.449493	0.450801	0.441414	0.444681	0.440626	0.439595	0.44189	0.439135	0.441659	0.438698	0.464413	0.446672	0.451159	0.451611	0.450556	0.446754	0.446105	0.450159	0.447399	0.436754	0.435535	0.451165	0.436763
ERR618753	0.409615	0.409772	0.420465	0.413369	0.409723	0.410237	0.390577	0.393177	0.40073	0.390191	0.399905	0.400613	0.452048	0.452947	0.432477	0.428528	0.452954	0.429903	0.477786	0.481074	0.481485	0.483379	0.478606	0.484545	0.378915	0.37849	0.381079	0.38027	0.4191	0.379574	0.270405	0.269616	0	0.269123	0.269878	0.269016	0.365268	0.375441	0.372574	0.374683	0.365468	0.365649	0.377501	0.38051	0.379555	0.379138	0.388642	0.377933	0.424325	0.426233	0.42646	0.438628	0.438799	0.435118	0.45762	0.464596	0.456905	0.457738	0.454205	0.455087	0.471958	0.478738	0.46603	0.479124	0.472937	0.478685	0.442579	0.440492	0.44989	0.446065	0.441055	0.439387	0.437915	0.444171	0.444881	0.438187	0.440156	0.43804	0.436234	0.439951	0.435695	0.438473	0.435268	0.456186	0.443367	0.445849	0.445777	0.44539	0.443493	0.442839	0.444847	0.442488	0.433578	0.432702	0.446256	0.433587
ERR618757	0.409565	0.409081	0.419227	0.413034	0.409373	0.409628	0.392058	0.394898	0.402343	0.391563	0.40145	0.402167	0.452066	0.452891	0.433124	0.429751	0.453	0.430821	0.473796	0.477052	0.477417	0.479037	0.474552	0.480629	0.381162	0.380696	0.382728	0.381651	0.422383	0.381038	0.272758	0.266195	0.269123	0	0.27116	0.2664	0.365931	0.375972	0.373911	0.375704	0.365726	0.366171	0.380899	0.384071	0.382573	0.382714	0.392341	0.381348	0.427792	0.429583	0.429905	0.442634	0.442913	0.439018	0.460403	0.468928	0.459922	0.460757	0.456384	0.45786	0.470864	0.476822	0.466053	0.477244	0.471412	0.476727	0.443336	0.441083	0.450799	0.446654	0.441385	0.4409	0.440629	0.447496	0.448623	0.441097	0.443403	0.440525	0.439354	0.442687	0.43897	0.441415	0.438434	0.460653	0.445785	0.449012	0.449345	0.448459	0.446319	0.445462	0.446889	0.444418	0.434889	0.433818	0.447968	0.434951
ERR618755	0.411188	0.412787	0.428091	0.419726	0.413207	0.413784	0.39551	0.396786	0.398826	0.395366	0.398065	0.398051	0.450373	0.450845	0.436755	0.431032	0.451024	0.433991	0.480094	0.480401	0.484286	0.483906	0.480812	0.483243	0.382614	0.381767	0.382624	0.384941	0.412695	0.382482	0.270118	0.272671	0.269878	0.27116	0	0.271158	0.367588	0.384717	0.380215	0.38356	0.367483	0.36814	0.384408	0.386626	0.386099	0.385947	0.393098	0.384842	0.424328	0.426139	0.426461	0.436408	0.436071	0.432902	0.463064	0.468351	0.462199	0.463178	0.461842	0.461131	0.4745	0.483673	0.467734	0.484305	0.475101	0.483699	0.441482	0.441545	0.447731	0.444794	0.441829	0.439359	0.4427	0.445082	0.446649	0.442813	0.44424	0.443136	0.440236	0.445711	0.439855	0.442544	0.439301	0.452645	0.446863	0.44675	0.446377	0.446535	0.447215	0.446432	0.441548	0.439591	0.432902	0.431992	0.44353	0.432877
ERR618756	0.409261	0.409162	0.420105	0.413621	0.409343	0.409837	0.391933	0.394692	0.401226	0.391469	0.400293	0.401062	0.451504	0.452421	0.433356	0.429676	0.452453	0.431298	0.473161	0.475688	0.476684	0.478105	0.47397	0.479485	0.381331	0.380745	0.382973	0.381869	0.421665	0.381323	0.272322	0.266286	0.269016	0.2664	0.271158	0	0.365069	0.37603	0.374079	0.375944	0.365037	0.36541	0.380719	0.383925	0.382481	0.382469	0.391601	0.381161	0.42721	0.428946	0.429172	0.441437	0.44183	0.438059	0.460335	0.468531	0.459746	0.460726	0.456943	0.458091	0.471587	0.478122	0.46674	0.478505	0.472374	0.477998	0.443203	0.44109	0.450454	0.446497	0.441482	0.440846	0.440117	0.446421	0.447454	0.440471	0.442627	0.440162	0.439463	0.442817	0.438753	0.441516	0.438474	0.459928	0.445886	0.448566	0.4489	0.448075	0.445967	0.445335	0.446108	0.443632	0.434525	0.433394	0.447621	0.434485
ERR622206	0.388738	0.389638	0.407041	0.399836	0.390052	0.3907	0.328979	0.325359	0.323087	0.325368	0.322528	0.324626	0.477685	0.478794	0.460995	0.458666	0.479152	0.459438	0.458037	0.463142	0.460911	0.463268	0.458396	0.464842	0.3441	0.343285	0.343706	0.343295	0.389335	0.341938	0.368687	0.365199	0.365268	0.365931	0.367588	0.365069	0	0.289743	0.281164	0.291972	0.253456	0.253094	0.335449	0.338507	0.332711	0.336746	0.332532	0.335255	0.424156	0.425471	0.426097	0.438784	0.440075	0.436699	0.414466	0.416961	0.411999	0.413446	0.431088	0.418822	0.527191	0.531062	0.524859	0.531471	0.527086	0.531208	0.456222	0.452927	0.461497	0.4574	0.453555	0.453896	0.414934	0.420059	0.420945	0.415829	0.416548	0.416219	0.423683	0.427612	0.423488	0.426229	0.423802	0.44879	0.428879	0.433269	0.433893	0.431912	0.428984	0.428319	0.476098	0.473855	0.463739	0.463037	0.477112	0.464278
ERR622204	0.404168	0.396813	0.381681	0.382266	0.394168	0.396137	0.311372	0.317829	0.37071	0.310192	0.366721	0.372294	0.507516	0.510101	0.460265	0.464617	0.509991	0.457379	0.489567	0.508464	0.490714	0.503547	0.491629	0.51403	0.339297	0.340365	0.346714	0.331144	0.423268	0.339453	0.385851	0.371828	0.375441	0.375972	0.384717	0.37603	0.289743	0	0.244394	0.241861	0.288611	0.28584	0.303221	0.307785	0.30289	0.304949	0.314654	0.303371	0.446367	0.4489	0.449623	0.473084	0.472524	0.467634	0.398668	0.411752	0.398602	0.399065	0.397926	0.396484	0.527818	0.52002	0.526291	0.519875	0.528474	0.519301	0.479014	0.469258	0.491969	0.483615	0.470043	0.470637	0.419001	0.447012	0.445762	0.420077	0.429744	0.416526	0.418814	0.412428	0.418355	0.41804	0.41903	0.472341	0.435277	0.454515	0.453876	0.449605	0.434303	0.435323	0.506126	0.502739	0.485565	0.483672	0.507829	0.485669
ERR622203	0.399858	0.394728	0.386337	0.383034	0.39204	0.394269	0.303415	0.30739	0.355638	0.303211	0.351434	0.356828	0.507164	0.509386	0.463647	0.465075	0.509337	0.459517	0.494754	0.510287	0.496881	0.507039	0.496301	0.515424	0.330426	0.331113	0.335657	0.324546	0.405639	0.330479	0.381076	0.370929	0.372574	0.373911	0.380215	0.374079	0.281164	0.244394	0	0.243305	0.280218	0.27767	0.296819	0.299346	0.296274	0.298	0.302931	0.296506	0.439448	0.441721	0.442638	0.463965	0.462944	0.458668	0.393824	0.401365	0.392899	0.393705	0.398359	0.392649	0.53359	0.528862	0.529742	0.528811	0.534292	0.528209	0.475959	0.468389	0.488891	0.48111	0.469061	0.467763	0.415481	0.4388	0.438155	0.415884	0.424777	0.413352	0.413012	0.409202	0.412765	0.412157	0.413218	0.458958	0.431111	0.448023	0.446628	0.442795	0.430418	0.431246	0.501586	0.498793	0.48371	0.482144	0.504128	0.483852
ERR622205	0.404099	0.397292	0.382473	0.381716	0.394095	0.396365	0.309184	0.315883	0.369994	0.309396	0.365694	0.37139	0.509227	0.511675	0.461417	0.464672	0.511642	0.457608	0.495312	0.512792	0.496841	0.508562	0.497126	0.518626	0.336581	0.337473	0.343653	0.329255	0.418425	0.337091	0.384659	0.371843	0.374683	0.375704	0.38356	0.375944	0.291972	0.241861	0.243305	0	0.290964	0.287869	0.300462	0.303885	0.300859	0.301892	0.311348	0.300234	0.444949	0.447466	0.448319	0.471388	0.470462	0.465624	0.397393	0.408614	0.397394	0.397829	0.396946	0.394959	0.529109	0.522018	0.526292	0.521845	0.530071	0.52127	0.478769	0.469797	0.492537	0.484047	0.470585	0.470008	0.418566	0.445976	0.444893	0.419251	0.429347	0.416009	0.416772	0.411083	0.416376	0.415812	0.416897	0.46841	0.434782	0.453707	0.452571	0.448507	0.433995	0.43495	0.50553	0.502331	0.485797	0.483913	0.507725	0.485827
ERR622207	0.388832	0.389613	0.406195	0.399419	0.389873	0.390671	0.327868	0.324242	0.322605	0.324405	0.32218	0.323933	0.477445	0.478621	0.460134	0.458057	0.47881	0.4587	0.458343	0.463519	0.460985	0.463633	0.458461	0.465282	0.343021	0.342554	0.343349	0.342437	0.389493	0.340792	0.368576	0.36473	0.365468	0.365726	0.367483	0.365037	0.253456	0.288611	0.280218	0.290964	0	0.252516	0.334695	0.337816	0.331778	0.336113	0.331968	0.334461	0.424229	0.425344	0.425899	0.438913	0.44043	0.436645	0.413032	0.41585	0.410793	0.412204	0.42987	0.417657	0.526917	0.530796	0.524731	0.531097	0.527036	0.530847	0.455925	0.452403	0.461337	0.457196	0.452941	0.453511	0.414532	0.419911	0.42071	0.415132	0.416157	0.415525	0.423012	0.426454	0.422757	0.425275	0.422803	0.448916	0.428116	0.432646	0.433486	0.431354	0.428043	0.427457	0.475719	0.473791	0.463457	0.462868	0.476838	0.463955
ERR622208	0.387927	0.388537	0.404448	0.397445	0.388709	0.38937	0.32564	0.322252	0.323566	0.322078	0.322531	0.324704	0.47911	0.480579	0.460189	0.458675	0.480796	0.458864	0.45846	0.464633	0.461021	0.464144	0.458762	0.466498	0.341468	0.341436	0.342091	0.340751	0.390785	0.339816	0.369266	0.36489	0.365649	0.366171	0.36814	0.36541	0.253094	0.28584	0.27767	0.287869	0.252516	0	0.332531	0.335685	0.329715	0.333867	0.32989	0.332183	0.424419	0.426042	0.426278	0.439964	0.441343	0.437563	0.411402	0.414217	0.408953	0.410393	0.427916	0.415724	0.527441	0.530722	0.525196	0.531011	0.527455	0.530698	0.45702	0.453114	0.46291	0.458506	0.453764	0.454367	0.413122	0.419744	0.420287	0.413723	0.415153	0.414098	0.421658	0.424903	0.42152	0.424139	0.421879	0.449567	0.427331	0.432895	0.433728	0.431264	0.427574	0.426932	0.477619	0.475335	0.464665	0.46403	0.47887	0.465426
ERR636774	0.418878	0.416181	0.410515	0.404027	0.413666	0.415812	0.301774	0.30575	0.358567	0.304287	0.353435	0.359217	0.527119	0.529215	0.484592	0.483294	0.528679	0.478875	0.535232	0.547018	0.538281	0.546047	0.53678	0.551832	0.334935	0.335269	0.339477	0.3312	0.400027	0.335831	0.383822	0.378911	0.377501	0.380899	0.384408	0.380719	0.335449	0.303221	0.296819	0.300462	0.334695	0.332531	0	0.236366	0.235702	0.234704	0.240299	0.234343	0.445825	0.448104	0.449227	0.469805	0.467477	0.463543	0.389444	0.391882	0.388121	0.389449	0.396624	0.387742	0.557929	0.555324	0.550548	0.555286	0.558906	0.554416	0.496601	0.491597	0.509797	0.502886	0.492247	0.487352	0.427413	0.449323	0.447562	0.427136	0.436004	0.425064	0.412394	0.410235	0.412726	0.411262	0.412919	0.452491	0.440317	0.456286	0.453684	0.450582	0.439792	0.44062	0.512871	0.510151	0.497297	0.495987	0.516325	0.497451
ERR636771	0.420834	0.419021	0.414861	0.407044	0.416508	0.418676	0.301892	0.305283	0.358061	0.305276	0.352781	0.358491	0.531437	0.533399	0.489261	0.487076	0.532937	0.482994	0.542768	0.553846	0.546348	0.553229	0.544326	0.558233	0.334802	0.33494	0.337988	0.331563	0.39543	0.335516	0.385583	0.38252	0.38051	0.384071	0.386626	0.383925	0.338507	0.307785	0.299346	0.303885	0.337816	0.335685	0.236366	0	0.235275	0.236578	0.237537	0.236672	0.447526	0.449611	0.45079	0.470823	0.467872	0.464144	0.390987	0.391136	0.389743	0.390888	0.399034	0.389295	0.563006	0.561313	0.554817	0.561278	0.56419	0.560378	0.49934	0.495043	0.512574	0.506015	0.495657	0.489708	0.430356	0.450819	0.44915	0.429691	0.438741	0.427864	0.413883	0.412459	0.414314	0.412287	0.414371	0.450229	0.44303	0.458082	0.455149	0.452265	0.442434	0.443253	0.515143	0.512745	0.50082	0.499602	0.519281	0.500958
ERR636770	0.418359	0.416256	0.411549	0.40533	0.413874	0.416134	0.299532	0.302801	0.3546	0.301389	0.34955	0.355495	0.52719	0.529158	0.485701	0.484571	0.528746	0.480458	0.535271	0.54729	0.538344	0.546066	0.536781	0.551464	0.335109	0.33532	0.338601	0.330447	0.399041	0.335196	0.385594	0.380669	0.379555	0.382573	0.386099	0.382481	0.332711	0.30289	0.296274	0.300859	0.331778	0.329715	0.235702	0.235275	0	0.236448	0.237374	0.235915	0.446035	0.448367	0.449507	0.469989	0.467712	0.463643	0.387533	0.390193	0.386169	0.387331	0.396188	0.386296	0.560416	0.557983	0.553391	0.558049	0.561281	0.55723	0.496983	0.491975	0.509399	0.502737	0.492422	0.487962	0.427422	0.448726	0.447019	0.427005	0.435928	0.425122	0.412741	0.410269	0.412988	0.411166	0.413075	0.451969	0.440202	0.455831	0.453643	0.450301	0.439512	0.440382	0.513505	0.510768	0.497975	0.496696	0.516845	0.498126
