	ERR629982	ERR629983	ERR629986	ERR629984	ERR629985	ERR629987	ERR622030	ERR622028	ERR622027	ERR622032	ERR622029	ERR622031	ERR636707	ERR636704	ERR636705	ERR636706	ERR636703	ERR636708	ERR626432	ERR626431	ERR626433	ERR626430	ERR626429	ERR626434	ERR612618	ERR612614	ERR612613	ERR612616	ERR612617	ERR612615	ERR613123	ERR613121	ERR613124	ERR613122	ERR613120	ERR613119	ERR605618	ERR605622	ERR605617	ERR605619	ERR605621	ERR605620	ERR613638	ERR613635	ERR613637	ERR613639	ERR613640	ERR613636	ERR618472	ERR618474	ERR618476	ERR618471	ERR618475	ERR618473	ERR608168	ERR608171	ERR608172	ERR608169	ERR608170	ERR608167	ERR614539	ERR614541	ERR614540	ERR614537	ERR614538	ERR614542	ERR611343	ERR611344	ERR611346	ERR611341	ERR611345	ERR611342	ERR617486	ERR617484	ERR617485	ERR617481	ERR617482	ERR617483	ERR614898	ERR614900	ERR614897	ERR614895	ERR614899	ERR614896	ERR616770	ERR616773	ERR616771	ERR616774	ERR616772	ERR616769	ERR617338	ERR617337	ERR617340	ERR617341	ERR617342	ERR617339
ERR629982	7.64982e+09	6.70419e+09	6.54564e+09	7.33172e+09	6.65876e+09	6.61232e+09	7.21531e+09	6.67855e+09	7.05763e+09	7.24023e+09	6.66466e+09	7.17152e+09	6.03925e+09	6.25413e+09	5.95166e+09	6.0401e+09	5.76863e+09	5.98682e+09	7.00224e+09	6.31699e+09	6.93289e+09	6.39282e+09	6.84628e+09	7.01429e+09	7.09213e+09	6.7988e+09	7.85611e+09	7.12856e+09	7.13202e+09	7.59286e+09	4.57885e+09	6.12724e+09	4.48144e+09	4.40324e+09	6.14315e+09	6.52817e+09	7.02597e+09	6.73397e+09	7.38663e+09	6.92218e+09	6.79022e+09	6.78644e+09	6.20769e+09	6.87156e+09	6.51832e+09	6.16637e+09	5.26346e+09	6.74704e+09	7.06966e+09	7.01373e+09	7.04428e+09	7.91501e+09	7.23419e+09	7.50184e+09	5.86453e+09	6.93908e+09	6.92072e+09	5.75321e+09	6.99206e+09	5.73068e+09	6.09664e+09	7.62798e+09	7.60379e+09	6.20206e+09	6.31203e+09	7.33666e+09	8.15357e+09	7.70012e+09	7.87812e+09	7.96036e+09	7.98412e+09	7.85944e+09	6.31356e+09	6.62325e+09	6.69326e+09	5.87883e+09	6.01843e+09	6.03506e+09	6.75448e+09	6.72313e+09	5.96638e+09	5.92373e+09	6.72239e+09	6.06652e+09	7.8272e+09	7.44019e+09	8.05732e+09	7.37813e+09	7.44623e+09	7.48884e+09	6.49558e+09	6.40673e+09	7.18777e+09	7.17025e+09	7.19648e+09	6.55102e+09
ERR629983	6.70419e+09	6.30209e+09	5.96854e+09	6.63285e+09	6.06597e+09	6.02605e+09	6.50874e+09	6.04611e+09	6.3726e+09	6.53176e+09	6.03409e+09	6.47184e+09	5.51965e+09	5.70676e+09	5.44522e+09	5.52033e+09	5.28473e+09	5.4737e+09	6.31022e+09	5.72165e+09	6.25139e+09	5.78795e+09	6.17636e+09	6.32158e+09	6.41108e+09	6.15815e+09	7.06715e+09	6.44222e+09	6.44656e+09	6.84583e+09	4.19555e+09	5.55169e+09	4.11087e+09	4.0391e+09	5.56501e+09	5.8947e+09	6.35347e+09	6.10604e+09	6.66168e+09	6.2638e+09	6.15578e+09	6.14495e+09	5.63786e+09	6.21556e+09	5.91245e+09	5.60172e+09	4.81459e+09	6.11004e+09	6.40957e+09	6.35667e+09	6.38176e+09	7.12685e+09	6.54411e+09	6.77733e+09	5.37042e+09	6.29408e+09	6.27875e+09	5.27224e+09	6.34016e+09	5.2534e+09	5.57311e+09	6.88863e+09	6.86836e+09	5.6663e+09	5.76038e+09	6.64821e+09	7.33198e+09	6.96174e+09	7.10596e+09	7.17031e+09	7.19593e+09	7.08383e+09	5.75506e+09	6.0171e+09	6.07638e+09	5.37918e+09	5.4962e+09	5.51135e+09	6.14518e+09	6.11801e+09	5.45381e+09	5.41705e+09	6.11754e+09	5.54273e+09	7.06382e+09	6.74154e+09	7.25836e+09	6.68792e+09	6.74644e+09	6.78025e+09	5.87871e+09	5.80919e+09	6.47554e+09	6.45946e+09	6.48162e+09	5.92873e+09
ERR629986	6.54564e+09	5.96854e+09	6.05303e+09	6.47801e+09	5.94726e+09	5.90974e+09	6.36433e+09	5.9181e+09	6.23132e+09	6.38775e+09	5.90574e+09	6.33023e+09	5.41678e+09	5.59741e+09	5.34701e+09	5.41744e+09	5.18948e+09	5.37176e+09	6.15441e+09	5.58707e+09	6.09891e+09	5.65162e+09	6.02351e+09	6.16676e+09	6.27769e+09	6.03673e+09	6.90752e+09	6.30822e+09	6.313e+09	6.70009e+09	4.09229e+09	5.40022e+09	4.01107e+09	3.94008e+09	5.41397e+09	5.72833e+09	6.21112e+09	5.982e+09	6.5074e+09	6.12531e+09	6.03209e+09	6.00448e+09	5.5172e+09	6.083e+09	5.79542e+09	5.4825e+09	4.72446e+09	5.98505e+09	6.26944e+09	6.20747e+09	6.23229e+09	6.95881e+09	6.38896e+09	6.62171e+09	5.26007e+09	6.14815e+09	6.13325e+09	5.16211e+09	6.19368e+09	5.14755e+09	5.45867e+09	6.73295e+09	6.71436e+09	5.55173e+09	5.64257e+09	6.51017e+09	7.15774e+09	6.82046e+09	6.94848e+09	7.00416e+09	7.03505e+09	6.91971e+09	5.62229e+09	5.86977e+09	5.92621e+09	5.26201e+09	5.36733e+09	5.38041e+09	6.03678e+09	6.01027e+09	5.36422e+09	5.3332e+09	6.01021e+09	5.45528e+09	6.91282e+09	6.6123e+09	7.09749e+09	6.55912e+09	6.61623e+09	6.649e+09	5.72139e+09	5.66249e+09	6.29685e+09	6.28087e+09	6.30218e+09	5.76901e+09
ERR629984	7.33172e+09	6.63285e+09	6.47801e+09	7.48e+09	6.58894e+09	6.54283e+09	7.13424e+09	6.60636e+09	6.97881e+09	7.15972e+09	6.59245e+09	7.091e+09	5.97978e+09	6.19116e+09	5.89302e+09	5.98043e+09	5.71292e+09	5.92773e+09	6.92112e+09	6.24741e+09	6.85246e+09	6.32192e+09	6.76746e+09	6.93266e+09	7.01391e+09	6.7256e+09	7.76452e+09	7.04901e+09	7.05268e+09	7.50609e+09	4.53229e+09	6.05681e+09	4.43657e+09	4.35906e+09	6.07274e+09	6.45122e+09	6.94612e+09	6.65909e+09	7.30055e+09	6.84468e+09	6.71496e+09	6.71154e+09	6.14027e+09	6.79374e+09	6.44701e+09	6.10009e+09	5.2105e+09	6.67072e+09	6.9903e+09	6.93529e+09	6.96466e+09	7.82054e+09	7.15133e+09	7.41535e+09	5.80606e+09	6.86242e+09	6.84421e+09	5.69629e+09	6.91432e+09	5.67363e+09	6.03498e+09	7.54048e+09	7.51698e+09	6.13865e+09	6.24677e+09	7.25466e+09	8.05725e+09	7.61278e+09	7.78683e+09	7.86722e+09	7.89139e+09	7.76876e+09	6.24703e+09	6.55187e+09	6.62043e+09	5.81959e+09	5.95685e+09	5.97285e+09	6.68467e+09	6.65371e+09	5.90785e+09	5.86585e+09	6.65309e+09	6.00671e+09	7.73746e+09	7.35749e+09	7.96226e+09	7.29632e+09	7.3633e+09	7.40561e+09	6.42114e+09	6.33449e+09	7.10074e+09	7.08352e+09	7.10941e+09	6.47514e+09
ERR629985	6.65876e+09	6.06597e+09	5.94726e+09	6.58894e+09	6.24495e+09	6.00376e+09	6.47541e+09	6.018e+09	6.3395e+09	6.49886e+09	6.00531e+09	6.43978e+09	5.50096e+09	5.68509e+09	5.42806e+09	5.50091e+09	5.26756e+09	5.45402e+09	6.26354e+09	5.68105e+09	6.20605e+09	5.74746e+09	6.12891e+09	6.27601e+09	6.38465e+09	6.13728e+09	7.03026e+09	6.41594e+09	6.42102e+09	6.8166e+09	4.15265e+09	5.49033e+09	4.06946e+09	3.99729e+09	5.50356e+09	5.82683e+09	6.31718e+09	6.08071e+09	6.62158e+09	6.22892e+09	6.13199e+09	6.10508e+09	5.60709e+09	6.18547e+09	5.891e+09	5.57181e+09	4.79542e+09	6.0849e+09	6.37284e+09	6.31134e+09	6.33673e+09	7.08159e+09	6.49742e+09	6.73505e+09	5.33906e+09	6.25091e+09	6.235e+09	5.23931e+09	6.29743e+09	5.22351e+09	5.54257e+09	6.8495e+09	6.83022e+09	5.63717e+09	5.73112e+09	6.6193e+09	7.28735e+09	6.93797e+09	7.07043e+09	7.12988e+09	7.15941e+09	7.04206e+09	5.71213e+09	5.96664e+09	6.02481e+09	5.34258e+09	5.45175e+09	5.46573e+09	6.1338e+09	6.10651e+09	5.44685e+09	5.41434e+09	6.10685e+09	5.53859e+09	7.03259e+09	6.72294e+09	7.22253e+09	6.66878e+09	6.72694e+09	6.76076e+09	5.81862e+09	5.75673e+09	6.40857e+09	6.39188e+09	6.4138e+09	5.86701e+09
ERR629987	6.61232e+09	6.02605e+09	5.90974e+09	6.54283e+09	6.00376e+09	6.16638e+09	6.43147e+09	5.97886e+09	6.29625e+09	6.455e+09	5.96631e+09	6.39628e+09	5.46739e+09	5.64972e+09	5.39564e+09	5.46767e+09	5.23624e+09	5.42074e+09	6.21747e+09	5.6409e+09	6.16025e+09	5.70617e+09	6.08328e+09	6.2292e+09	6.34373e+09	6.09896e+09	6.98157e+09	6.37468e+09	6.37979e+09	6.7715e+09	4.12592e+09	5.44977e+09	4.04368e+09	3.97197e+09	5.4626e+09	5.78208e+09	6.2719e+09	6.03976e+09	6.57289e+09	6.18562e+09	6.09059e+09	6.06252e+09	5.56998e+09	6.14316e+09	5.85214e+09	5.5352e+09	4.76611e+09	6.04385e+09	6.32856e+09	6.26614e+09	6.29167e+09	7.0283e+09	6.45034e+09	6.68635e+09	5.30575e+09	6.20723e+09	6.19183e+09	5.20619e+09	6.25271e+09	5.19145e+09	5.50826e+09	6.80082e+09	6.78234e+09	5.60205e+09	5.69424e+09	6.57453e+09	7.23435e+09	6.89162e+09	7.02222e+09	7.07897e+09	7.10991e+09	6.99288e+09	5.67451e+09	5.92517e+09	5.98295e+09	5.30858e+09	5.41594e+09	5.42934e+09	6.09875e+09	6.07169e+09	5.41734e+09	5.38664e+09	6.07233e+09	5.50935e+09	6.98619e+09	6.68052e+09	7.17335e+09	6.62705e+09	6.68465e+09	6.71728e+09	5.77508e+09	5.71425e+09	6.3578e+09	6.34133e+09	6.36279e+09	5.82302e+09
ERR622030	7.21531e+09	6.50874e+09	6.36433e+09	7.13424e+09	6.47541e+09	6.43147e+09	8.51377e+09	7.63113e+09	8.06584e+09	8.28454e+09	7.61806e+09	8.20617e+09	6.09676e+09	6.31743e+09	6.00686e+09	6.09712e+09	5.82117e+09	6.03979e+09	7.64327e+09	6.86818e+09	7.56709e+09	6.95063e+09	7.46138e+09	7.66008e+09	7.86802e+09	7.54877e+09	8.68701e+09	7.90596e+09	7.91054e+09	8.39999e+09	4.87497e+09	6.56812e+09	4.77019e+09	4.68627e+09	6.58281e+09	7.00805e+09	7.67016e+09	7.35525e+09	8.07753e+09	7.5587e+09	7.42069e+09	7.40599e+09	6.82299e+09	7.58189e+09	7.19296e+09	6.77829e+09	5.75835e+09	7.44276e+09	6.93732e+09	6.87055e+09	6.90554e+09	7.81248e+09	7.09691e+09	7.37877e+09	5.71109e+09	6.78333e+09	6.76641e+09	5.59727e+09	6.83686e+09	5.57744e+09	5.99196e+09	7.55693e+09	7.5354e+09	6.10036e+09	6.20948e+09	7.2648e+09	8.17487e+09	7.73097e+09	7.90254e+09	7.98144e+09	8.0079e+09	7.88375e+09	6.14818e+09	6.45641e+09	6.52613e+09	5.71724e+09	5.84961e+09	5.86363e+09	6.87791e+09	6.84708e+09	6.08229e+09	6.04889e+09	6.84604e+09	6.19607e+09	7.8572e+09	7.48041e+09	8.07778e+09	7.4176e+09	7.48322e+09	7.52937e+09	6.20045e+09	6.11766e+09	6.89767e+09	6.87954e+09	6.90713e+09	6.25826e+09
ERR622028	6.67855e+09	6.04611e+09	5.9181e+09	6.60636e+09	6.018e+09	5.97886e+09	7.63113e+09	7.32104e+09	7.47083e+09	7.65609e+09	7.07933e+09	7.58825e+09	5.6922e+09	5.89188e+09	5.61114e+09	5.69183e+09	5.44222e+09	5.63961e+09	7.05198e+09	6.36219e+09	6.98488e+09	6.43901e+09	6.89232e+09	7.06772e+09	7.29437e+09	7.01641e+09	8.00208e+09	7.32728e+09	7.33149e+09	7.75802e+09	4.52197e+09	6.03366e+09	4.42852e+09	4.35019e+09	6.04647e+09	6.41877e+09	7.09949e+09	6.82268e+09	7.45991e+09	7.00018e+09	6.88206e+09	6.85998e+09	6.34419e+09	7.0269e+09	6.68297e+09	6.304e+09	5.38442e+09	6.90587e+09	6.4222e+09	6.3554e+09	6.38644e+09	7.20439e+09	6.55962e+09	6.81485e+09	5.31686e+09	6.28166e+09	6.26703e+09	5.21271e+09	6.3302e+09	5.19515e+09	5.57794e+09	6.98752e+09	6.96898e+09	5.67622e+09	5.77403e+09	6.73204e+09	7.55266e+09	7.16915e+09	7.31717e+09	7.38482e+09	7.41008e+09	7.29862e+09	5.70374e+09	5.97741e+09	6.03997e+09	5.31634e+09	5.43142e+09	5.44475e+09	6.41338e+09	6.38625e+09	5.69686e+09	5.66726e+09	6.38465e+09	5.80122e+09	7.27815e+09	6.94886e+09	7.47228e+09	6.89307e+09	6.95139e+09	6.99157e+09	5.70016e+09	5.63122e+09	6.32469e+09	6.3081e+09	6.33245e+09	5.75362e+09
ERR622027	7.05763e+09	6.3726e+09	6.23132e+09	6.97881e+09	6.3395e+09	6.29625e+09	8.06584e+09	7.47083e+09	8.14111e+09	8.09334e+09	7.45624e+09	8.01771e+09	5.97822e+09	6.19257e+09	5.8904e+09	5.97823e+09	5.71006e+09	5.9224e+09	7.46452e+09	6.71464e+09	7.39016e+09	6.79713e+09	7.2917e+09	7.48049e+09	7.69393e+09	7.38729e+09	8.47841e+09	7.73033e+09	7.73432e+09	8.20446e+09	4.76578e+09	6.40399e+09	4.66408e+09	4.58161e+09	6.419e+09	6.82706e+09	7.50167e+09	7.19625e+09	7.89508e+09	7.39257e+09	7.25968e+09	7.24313e+09	6.67832e+09	7.41534e+09	7.03841e+09	6.63475e+09	5.64513e+09	7.28144e+09	6.78443e+09	6.71784e+09	6.75123e+09	7.63228e+09	6.93779e+09	7.21061e+09	5.59458e+09	6.63438e+09	6.61859e+09	5.48502e+09	6.68681e+09	5.46485e+09	5.87036e+09	7.38675e+09	7.36576e+09	5.97446e+09	6.08018e+09	7.10623e+09	7.99313e+09	7.56572e+09	7.73158e+09	7.80741e+09	7.83249e+09	7.7134e+09	6.01749e+09	6.31557e+09	6.38322e+09	5.6002e+09	5.72737e+09	5.74116e+09	6.73978e+09	6.71017e+09	5.9686e+09	5.93471e+09	6.70898e+09	6.07833e+09	7.68609e+09	7.32308e+09	7.89948e+09	7.26238e+09	7.32633e+09	7.37095e+09	6.05177e+09	5.97405e+09	6.72705e+09	6.70927e+09	6.73597e+09	6.10877e+09
ERR622032	7.24023e+09	6.53176e+09	6.38775e+09	7.15972e+09	6.49886e+09	6.455e+09	8.28454e+09	7.65609e+09	8.09334e+09	8.57303e+09	7.64327e+09	8.23485e+09	6.11827e+09	6.33922e+09	6.028e+09	6.11861e+09	5.84125e+09	6.06058e+09	7.66854e+09	6.88956e+09	7.59136e+09	6.97255e+09	7.48512e+09	7.68565e+09	7.89757e+09	7.57675e+09	8.72061e+09	7.93562e+09	7.94022e+09	8.43349e+09	4.88867e+09	6.5877e+09	4.78315e+09	4.69867e+09	6.60341e+09	7.02983e+09	7.69652e+09	7.38156e+09	8.1052e+09	7.58513e+09	7.44782e+09	7.42998e+09	6.84577e+09	7.60975e+09	7.2199e+09	6.80086e+09	5.77731e+09	7.47011e+09	6.96186e+09	6.89386e+09	6.92865e+09	7.8411e+09	7.12151e+09	7.40592e+09	5.72963e+09	6.80607e+09	6.78982e+09	5.615e+09	6.85991e+09	5.59562e+09	6.01213e+09	7.58492e+09	7.56303e+09	6.12154e+09	6.23095e+09	7.29204e+09	8.206e+09	7.76229e+09	7.93405e+09	8.01177e+09	8.03956e+09	7.91325e+09	6.16799e+09	6.47646e+09	6.54674e+09	5.73569e+09	5.86743e+09	5.88113e+09	6.90509e+09	6.8743e+09	6.10493e+09	6.07193e+09	6.8733e+09	6.21963e+09	7.88888e+09	7.51073e+09	8.11018e+09	7.44771e+09	7.51397e+09	7.56035e+09	6.22042e+09	6.13841e+09	6.92131e+09	6.90265e+09	6.93018e+09	6.27851e+09
ERR622029	6.66466e+09	6.03409e+09	5.90574e+09	6.59245e+09	6.00531e+09	5.96631e+09	7.61806e+09	7.07933e+09	7.45624e+09	7.64327e+09	7.29423e+09	7.57554e+09	5.6783e+09	5.87805e+09	5.59812e+09	5.67887e+09	5.42953e+09	5.62641e+09	7.0441e+09	6.35593e+09	6.9768e+09	6.42992e+09	6.88309e+09	7.0597e+09	7.28027e+09	7.00247e+09	7.98895e+09	7.31338e+09	7.31838e+09	7.74326e+09	4.52742e+09	6.03758e+09	4.43382e+09	4.35625e+09	6.05015e+09	6.42297e+09	7.08472e+09	6.80871e+09	7.44488e+09	6.98677e+09	6.86794e+09	6.84815e+09	6.33446e+09	7.01402e+09	6.67036e+09	6.29469e+09	5.37624e+09	6.89301e+09	6.4094e+09	6.34508e+09	6.37621e+09	7.19023e+09	6.54829e+09	6.80257e+09	5.3074e+09	6.27039e+09	6.25663e+09	5.20384e+09	6.31934e+09	5.18614e+09	5.56648e+09	6.97268e+09	6.95436e+09	5.66499e+09	5.76274e+09	6.71633e+09	7.53166e+09	7.14719e+09	7.29606e+09	7.36334e+09	7.3883e+09	7.27727e+09	5.69604e+09	5.9697e+09	6.0319e+09	5.30839e+09	5.42446e+09	5.4372e+09	6.39353e+09	6.36666e+09	5.67837e+09	5.64893e+09	6.3651e+09	5.78245e+09	7.2576e+09	6.92758e+09	7.45042e+09	6.87211e+09	6.93008e+09	6.97087e+09	5.69555e+09	5.62575e+09	6.3193e+09	6.30345e+09	6.3275e+09	5.74891e+09
ERR622031	7.17152e+09	6.47184e+09	6.33023e+09	7.091e+09	6.43978e+09	6.39628e+09	8.20617e+09	7.58825e+09	8.01771e+09	8.23485e+09	7.57554e+09	8.41206e+09	6.06613e+09	6.28457e+09	5.97723e+09	6.06678e+09	5.79278e+09	6.00919e+09	7.59499e+09	6.82743e+09	7.51984e+09	6.90944e+09	7.41487e+09	7.6124e+09	7.82329e+09	7.50761e+09	8.63165e+09	7.86063e+09	7.86538e+09	8.34977e+09	4.84491e+09	6.52138e+09	4.74101e+09	4.6575e+09	6.53625e+09	6.95578e+09	7.6251e+09	7.31478e+09	8.02769e+09	7.51515e+09	7.3806e+09	7.36228e+09	6.785e+09	7.53899e+09	7.15459e+09	6.74097e+09	5.73015e+09	7.40206e+09	6.89647e+09	6.82801e+09	6.8631e+09	7.76327e+09	7.05283e+09	7.33383e+09	5.67898e+09	6.74199e+09	6.72565e+09	5.56595e+09	6.79563e+09	5.5465e+09	5.95894e+09	7.5113e+09	7.48974e+09	6.06669e+09	6.17467e+09	7.22322e+09	8.12351e+09	7.68715e+09	7.85598e+09	7.93268e+09	7.96012e+09	7.83589e+09	6.11172e+09	6.41606e+09	6.48512e+09	5.68447e+09	5.81434e+09	5.82811e+09	6.8437e+09	6.81328e+09	6.05451e+09	6.02128e+09	6.81214e+09	6.16718e+09	7.81198e+09	7.44041e+09	8.03011e+09	7.37857e+09	7.44356e+09	7.48924e+09	6.15759e+09	6.07714e+09	6.84806e+09	6.83054e+09	6.85776e+09	6.21522e+09
ERR636707	6.03925e+09	5.51965e+09	5.41678e+09	5.97978e+09	5.50096e+09	5.46739e+09	6.09676e+09	5.6922e+09	5.97822e+09	6.11827e+09	5.6783e+09	6.06613e+09	5.47236e+09	5.46925e+09	5.22818e+09	5.29886e+09	5.07814e+09	5.25429e+09	5.82052e+09	5.29007e+09	5.76852e+09	5.35153e+09	5.69974e+09	5.83338e+09	6.05109e+09	5.83931e+09	6.59098e+09	6.07677e+09	6.08059e+09	6.40935e+09	3.79539e+09	4.9789e+09	3.72205e+09	3.65755e+09	4.99078e+09	5.27699e+09	5.87668e+09	5.66495e+09	6.15062e+09	5.79954e+09	5.71231e+09	5.68412e+09	5.2561e+09	5.78648e+09	5.52292e+09	5.22319e+09	4.51362e+09	5.69596e+09	5.81787e+09	5.75752e+09	5.78239e+09	6.45228e+09	5.92481e+09	6.13767e+09	4.89638e+09	5.69836e+09	5.68536e+09	4.80716e+09	5.74045e+09	4.79255e+09	5.1119e+09	6.27844e+09	6.26252e+09	5.19667e+09	5.27819e+09	6.07282e+09	6.73172e+09	6.43253e+09	6.54761e+09	6.59964e+09	6.62165e+09	6.52886e+09	5.23515e+09	5.4603e+09	5.51227e+09	4.90775e+09	5.00313e+09	5.01426e+09	5.81265e+09	5.7908e+09	5.20639e+09	5.17888e+09	5.78922e+09	5.29288e+09	6.52006e+09	6.2548e+09	6.67502e+09	6.20806e+09	6.25746e+09	6.29316e+09	5.16941e+09	5.11637e+09	5.68408e+09	5.66953e+09	5.6887e+09	5.21244e+09
ERR636704	6.25413e+09	5.70676e+09	5.59741e+09	6.19116e+09	5.68509e+09	5.64972e+09	6.31743e+09	5.89188e+09	6.19257e+09	6.33922e+09	5.87805e+09	6.28457e+09	5.46925e+09	5.83623e+09	5.3993e+09	5.4698e+09	5.24124e+09	5.42365e+09	6.03291e+09	5.47559e+09	5.97826e+09	5.54014e+09	5.90574e+09	6.04598e+09	6.2702e+09	6.04831e+09	6.8382e+09	6.29679e+09	6.30082e+09	6.64701e+09	3.91345e+09	5.14939e+09	3.83638e+09	3.76959e+09	5.16259e+09	5.46261e+09	6.08486e+09	5.86182e+09	6.37357e+09	6.00346e+09	5.91177e+09	5.883e+09	5.43506e+09	5.99197e+09	5.71403e+09	5.40041e+09	4.65691e+09	5.89643e+09	6.02057e+09	5.9579e+09	5.98424e+09	6.68956e+09	6.13373e+09	6.35747e+09	5.05085e+09	5.89438e+09	5.88069e+09	4.95817e+09	5.93886e+09	4.94285e+09	5.27764e+09	6.50462e+09	6.48843e+09	5.36652e+09	5.45268e+09	6.28725e+09	6.98422e+09	6.66635e+09	6.78881e+09	6.84415e+09	6.86678e+09	6.76994e+09	5.40801e+09	5.64547e+09	5.70012e+09	5.06434e+09	5.16487e+09	5.17673e+09	6.01404e+09	5.99125e+09	5.37729e+09	5.34817e+09	5.98983e+09	5.46793e+09	6.75962e+09	6.47891e+09	6.92313e+09	6.42968e+09	6.48188e+09	6.52015e+09	5.34888e+09	5.29227e+09	5.88756e+09	5.87248e+09	5.89203e+09	5.39398e+09
ERR636705	5.95166e+09	5.44522e+09	5.34701e+09	5.89302e+09	5.42806e+09	5.39564e+09	6.00686e+09	5.61114e+09	5.8904e+09	6.028e+09	5.59812e+09	5.97723e+09	5.22818e+09	5.3993e+09	5.33558e+09	5.22866e+09	5.01697e+09	5.18503e+09	5.73015e+09	5.21181e+09	5.68002e+09	5.27213e+09	5.61176e+09	5.74271e+09	5.96832e+09	5.76189e+09	6.49477e+09	5.99304e+09	5.99767e+09	6.32019e+09	3.73969e+09	4.89804e+09	3.66744e+09	3.6041e+09	4.91044e+09	5.18894e+09	5.79171e+09	5.58772e+09	6.05979e+09	5.7158e+09	5.63492e+09	5.60152e+09	5.18312e+09	5.70496e+09	5.44824e+09	5.15016e+09	4.45706e+09	5.61864e+09	5.73547e+09	5.67308e+09	5.69808e+09	6.35538e+09	5.83694e+09	6.04768e+09	4.83062e+09	5.61439e+09	5.60209e+09	4.74267e+09	5.65629e+09	4.72954e+09	5.04379e+09	6.1868e+09	6.17227e+09	5.12822e+09	5.20751e+09	5.99001e+09	6.63237e+09	6.34737e+09	6.45585e+09	6.50435e+09	6.52818e+09	6.43445e+09	5.16061e+09	5.37826e+09	5.42899e+09	4.84065e+09	4.93127e+09	4.94166e+09	5.74184e+09	5.7202e+09	5.14702e+09	5.12166e+09	5.7189e+09	5.23354e+09	6.42971e+09	6.17444e+09	6.58093e+09	6.1285e+09	6.17692e+09	6.21178e+09	5.08508e+09	5.03624e+09	5.58948e+09	5.57432e+09	5.59282e+09	5.12793e+09
ERR636706	6.0401e+09	5.52033e+09	5.41744e+09	5.98043e+09	5.50091e+09	5.46767e+09	6.09712e+09	5.69183e+09	5.97823e+09	6.11861e+09	5.67887e+09	6.06678e+09	5.29886e+09	5.4698e+09	5.22866e+09	5.47224e+09	5.0781e+09	5.25447e+09	5.8221e+09	5.29106e+09	5.77017e+09	5.35272e+09	5.70132e+09	5.83485e+09	6.05372e+09	5.84168e+09	6.59353e+09	6.07907e+09	6.08314e+09	6.41214e+09	3.79549e+09	4.97778e+09	3.72167e+09	3.65777e+09	4.99098e+09	5.27721e+09	5.87718e+09	5.66513e+09	6.15227e+09	5.80007e+09	5.7129e+09	5.68506e+09	5.25593e+09	5.78694e+09	5.52295e+09	5.22267e+09	4.51322e+09	5.69667e+09	5.81816e+09	5.758e+09	5.78306e+09	6.45319e+09	5.92543e+09	6.13769e+09	4.89618e+09	5.69856e+09	5.68549e+09	4.80757e+09	5.74091e+09	4.79248e+09	5.11194e+09	6.27853e+09	6.26311e+09	5.19684e+09	5.27863e+09	6.07266e+09	6.73425e+09	6.434e+09	6.54975e+09	6.60194e+09	6.62375e+09	6.53119e+09	5.23535e+09	5.46011e+09	5.51211e+09	4.90762e+09	5.00315e+09	5.01412e+09	5.81563e+09	5.79343e+09	5.2078e+09	5.18011e+09	5.79183e+09	5.29506e+09	6.52169e+09	6.25593e+09	6.67695e+09	6.20931e+09	6.25926e+09	6.29515e+09	5.16867e+09	5.11546e+09	5.68362e+09	5.66861e+09	5.68827e+09	5.21187e+09
ERR636703	5.76863e+09	5.28473e+09	5.18948e+09	5.71292e+09	5.26756e+09	5.23624e+09	5.82117e+09	5.44222e+09	5.71006e+09	5.84125e+09	5.42953e+09	5.79278e+09	5.07814e+09	5.24124e+09	5.01697e+09	5.0781e+09	5.03852e+09	5.03699e+09	5.55766e+09	5.06042e+09	5.50881e+09	5.1185e+09	5.44369e+09	5.56976e+09	5.78457e+09	5.58658e+09	6.28882e+09	5.80841e+09	5.81259e+09	6.12169e+09	3.64302e+09	4.75837e+09	3.57384e+09	3.51238e+09	4.76983e+09	5.0377e+09	5.61707e+09	5.42068e+09	5.87311e+09	5.54399e+09	5.46634e+09	5.43475e+09	5.03293e+09	5.53285e+09	5.28682e+09	5.00171e+09	4.33535e+09	5.45008e+09	5.56134e+09	5.50227e+09	5.52563e+09	6.15455e+09	5.65888e+09	5.86029e+09	4.6946e+09	5.44579e+09	5.43336e+09	4.61072e+09	5.48554e+09	4.59769e+09	4.9002e+09	5.99365e+09	5.97931e+09	4.98067e+09	5.05728e+09	5.80535e+09	6.41972e+09	6.14638e+09	6.25077e+09	6.29704e+09	6.31934e+09	6.23023e+09	5.01134e+09	5.2198e+09	5.2686e+09	4.7048e+09	4.79191e+09	4.80189e+09	5.56723e+09	5.54652e+09	4.99833e+09	4.97321e+09	5.54611e+09	5.08065e+09	6.22573e+09	5.98067e+09	6.36981e+09	5.93666e+09	5.98336e+09	6.01625e+09	4.93209e+09	4.8853e+09	5.41716e+09	5.40307e+09	5.42095e+09	4.97354e+09
ERR636708	5.98682e+09	5.4737e+09	5.37176e+09	5.92773e+09	5.45402e+09	5.42074e+09	6.03979e+09	5.63961e+09	5.9224e+09	6.06058e+09	5.62641e+09	6.00919e+09	5.25429e+09	5.42365e+09	5.18503e+09	5.25447e+09	5.03699e+09	5.38336e+09	5.76867e+09	5.24415e+09	5.71726e+09	5.30517e+09	5.64933e+09	5.78117e+09	5.99582e+09	5.78639e+09	6.52975e+09	6.021e+09	6.02511e+09	6.34992e+09	3.76708e+09	4.93773e+09	3.69445e+09	3.6309e+09	4.95053e+09	5.2335e+09	5.82376e+09	5.61405e+09	6.0951e+09	5.74791e+09	5.66093e+09	5.63467e+09	5.21044e+09	5.73358e+09	5.47341e+09	5.17799e+09	4.4763e+09	5.64421e+09	5.7675e+09	5.70798e+09	5.73285e+09	6.3934e+09	5.87342e+09	6.08257e+09	4.85746e+09	5.64991e+09	5.63709e+09	4.76964e+09	5.69168e+09	4.7553e+09	5.07027e+09	6.22173e+09	6.20616e+09	5.15373e+09	5.23514e+09	6.01757e+09	6.66994e+09	6.37208e+09	6.4874e+09	6.53901e+09	6.56007e+09	6.46907e+09	5.19266e+09	5.4154e+09	5.46693e+09	4.86891e+09	4.96354e+09	4.97481e+09	5.76088e+09	5.73899e+09	5.1616e+09	5.13366e+09	5.73743e+09	5.24712e+09	6.45958e+09	6.19683e+09	6.61261e+09	6.15028e+09	6.19937e+09	6.23468e+09	5.1275e+09	5.0739e+09	5.63611e+09	5.62189e+09	5.64035e+09	5.16972e+09
ERR626432	7.00224e+09	6.31022e+09	6.15441e+09	6.92112e+09	6.26354e+09	6.21747e+09	7.64327e+09	7.05198e+09	7.46452e+09	7.66854e+09	7.0441e+09	7.59499e+09	5.82052e+09	6.03291e+09	5.73015e+09	5.8221e+09	5.55766e+09	5.76867e+09	8.05099e+09	7.01357e+09	7.72017e+09	7.09024e+09	7.61379e+09	7.81151e+09	7.4372e+09	7.11148e+09	8.27192e+09	7.47499e+09	7.47659e+09	7.97096e+09	4.88164e+09	6.57378e+09	4.7754e+09	4.69469e+09	6.59163e+09	7.02105e+09	7.4021e+09	7.08063e+09	7.79374e+09	7.2939e+09	7.1382e+09	7.15965e+09	6.5924e+09	7.30033e+09	6.91167e+09	6.55048e+09	5.56382e+09	7.15615e+09	6.75097e+09	6.70783e+09	6.73632e+09	7.60499e+09	6.92757e+09	7.18768e+09	5.5277e+09	6.57713e+09	6.56161e+09	5.42037e+09	6.62869e+09	5.39801e+09	5.78728e+09	7.28959e+09	7.26626e+09	5.88501e+09	5.993e+09	6.99231e+09	7.79462e+09	7.3264e+09	7.51358e+09	7.59665e+09	7.61873e+09	7.50153e+09	6.00221e+09	6.31091e+09	6.38004e+09	5.57602e+09	5.71766e+09	5.73384e+09	6.42828e+09	6.39614e+09	5.67779e+09	5.6346e+09	6.39689e+09	5.77118e+09	7.44552e+09	7.05952e+09	7.66986e+09	7.00174e+09	7.06542e+09	7.10233e+09	6.16696e+09	6.07081e+09	6.86696e+09	6.84954e+09	6.87804e+09	6.22227e+09
ERR626431	6.31699e+09	5.72165e+09	5.58707e+09	6.24741e+09	5.68105e+09	5.6409e+09	6.86818e+09	6.36219e+09	6.71464e+09	6.88956e+09	6.35593e+09	6.82743e+09	5.29007e+09	5.47559e+09	5.21181e+09	5.29106e+09	5.06042e+09	5.24415e+09	7.01357e+09	6.56748e+09	6.94737e+09	6.4171e+09	6.85894e+09	7.02442e+09	6.6986e+09	6.41983e+09	7.40763e+09	6.73181e+09	6.73308e+09	7.15686e+09	4.46715e+09	5.93564e+09	4.37459e+09	4.30146e+09	5.95143e+09	6.31493e+09	6.66809e+09	6.3945e+09	7.00019e+09	6.57512e+09	6.4439e+09	6.46032e+09	5.97662e+09	6.58422e+09	6.25309e+09	5.94015e+09	5.081e+09	6.46258e+09	6.10087e+09	6.06113e+09	6.08561e+09	6.83273e+09	6.25062e+09	6.47663e+09	5.03596e+09	5.94867e+09	5.9358e+09	4.9413e+09	5.99366e+09	4.92142e+09	5.26072e+09	6.56123e+09	6.5419e+09	5.34733e+09	5.4398e+09	6.30987e+09	6.98995e+09	6.59523e+09	6.75373e+09	6.82224e+09	6.84394e+09	6.74045e+09	5.44969e+09	5.71501e+09	5.77499e+09	5.07778e+09	5.19958e+09	5.21383e+09	5.81288e+09	5.78473e+09	5.15428e+09	5.11638e+09	5.786e+09	5.2362e+09	6.69718e+09	6.36598e+09	6.8887e+09	6.31616e+09	6.37115e+09	6.40288e+09	5.5681e+09	5.4886e+09	6.17515e+09	6.15995e+09	6.18389e+09	5.61594e+09
ERR626433	6.93289e+09	6.25139e+09	6.09891e+09	6.85246e+09	6.20605e+09	6.16025e+09	7.56709e+09	6.98488e+09	7.39016e+09	7.59136e+09	6.9768e+09	7.51984e+09	5.76852e+09	5.97826e+09	5.68002e+09	5.77017e+09	5.50881e+09	5.71726e+09	7.72017e+09	6.94737e+09	7.89008e+09	7.02262e+09	7.53736e+09	7.73226e+09	7.36545e+09	7.04513e+09	8.18597e+09	7.40241e+09	7.40443e+09	7.89264e+09	4.83684e+09	6.50406e+09	4.73221e+09	4.65174e+09	6.52179e+09	6.94273e+09	7.32868e+09	7.01374e+09	7.71338e+09	7.2219e+09	7.07041e+09	7.08988e+09	6.53162e+09	7.22951e+09	6.84747e+09	6.48908e+09	5.51637e+09	7.08818e+09	6.68593e+09	6.64095e+09	6.67021e+09	7.52663e+09	6.85898e+09	7.11596e+09	5.47811e+09	6.513e+09	6.49823e+09	5.37158e+09	6.56381e+09	5.34995e+09	5.73452e+09	7.21592e+09	7.19399e+09	5.83182e+09	5.93752e+09	6.92537e+09	7.7125e+09	7.25478e+09	7.43763e+09	7.51816e+09	7.54097e+09	7.42448e+09	5.94557e+09	6.2494e+09	6.31787e+09	5.5255e+09	5.66417e+09	5.68051e+09	6.3705e+09	6.33856e+09	5.62874e+09	5.58656e+09	6.33996e+09	5.72091e+09	7.37198e+09	6.99325e+09	7.59221e+09	6.93597e+09	6.99888e+09	7.03493e+09	6.10383e+09	6.01019e+09	6.79291e+09	6.77508e+09	6.80306e+09	6.15712e+09
ERR626430	6.39282e+09	5.78795e+09	5.65162e+09	6.32192e+09	5.74746e+09	5.70617e+09	6.95063e+09	6.43901e+09	6.79713e+09	6.97255e+09	6.42992e+09	6.90944e+09	5.35153e+09	5.54014e+09	5.27213e+09	5.35272e+09	5.1185e+09	5.30517e+09	7.09024e+09	6.4171e+09	7.02262e+09	6.70492e+09	6.93623e+09	7.10121e+09	6.77626e+09	6.4937e+09	7.49388e+09	6.80931e+09	6.81076e+09	7.24099e+09	4.49878e+09	5.98761e+09	4.40533e+09	4.33046e+09	6.00394e+09	6.37199e+09	6.7493e+09	6.47143e+09	7.08608e+09	6.65442e+09	6.52231e+09	6.53658e+09	6.0412e+09	6.65993e+09	6.32401e+09	6.00394e+09	5.13306e+09	6.53683e+09	6.17259e+09	6.12958e+09	6.15459e+09	6.91552e+09	6.32261e+09	6.55178e+09	5.09077e+09	6.01691e+09	6.00353e+09	4.99497e+09	6.06246e+09	4.97479e+09	5.3205e+09	6.63953e+09	6.62045e+09	5.40753e+09	5.50152e+09	6.38595e+09	7.07894e+09	6.6802e+09	6.83946e+09	6.90904e+09	6.93043e+09	6.82629e+09	5.50763e+09	5.77686e+09	5.8379e+09	5.13136e+09	5.25406e+09	5.26951e+09	5.88442e+09	5.85573e+09	5.21865e+09	5.1787e+09	5.85723e+09	5.3009e+09	6.78075e+09	6.44773e+09	6.97601e+09	6.39658e+09	6.45266e+09	6.48358e+09	5.6268e+09	5.54705e+09	6.24224e+09	6.22628e+09	6.25071e+09	5.67624e+09
ERR626429	6.84628e+09	6.17636e+09	6.02351e+09	6.76746e+09	6.12891e+09	6.08328e+09	7.46138e+09	6.89232e+09	7.2917e+09	7.48512e+09	6.88309e+09	7.41487e+09	5.69974e+09	5.90574e+09	5.61176e+09	5.70132e+09	5.44369e+09	5.64933e+09	7.61379e+09	6.85894e+09	7.53736e+09	6.93623e+09	7.6863e+09	7.62526e+09	7.26256e+09	6.94774e+09	8.06587e+09	7.29947e+09	7.30012e+09	7.77811e+09	4.77819e+09	6.41668e+09	4.67593e+09	4.59629e+09	6.43488e+09	6.84753e+09	7.2358e+09	6.92329e+09	7.61336e+09	7.12964e+09	6.97892e+09	7.00016e+09	6.44916e+09	7.13415e+09	6.75712e+09	6.40722e+09	5.45107e+09	6.99436e+09	6.60122e+09	6.55864e+09	6.58638e+09	7.42712e+09	6.77193e+09	7.02284e+09	5.41517e+09	6.4334e+09	6.41838e+09	5.31195e+09	6.48296e+09	5.28938e+09	5.66752e+09	7.11994e+09	7.09818e+09	5.76183e+09	5.86557e+09	6.83495e+09	7.61268e+09	7.16017e+09	7.34144e+09	7.42261e+09	7.44248e+09	7.33086e+09	5.8751e+09	6.17354e+09	6.24092e+09	5.46221e+09	5.59897e+09	5.61593e+09	6.28615e+09	6.2554e+09	5.55822e+09	5.51469e+09	6.25597e+09	5.64757e+09	7.27342e+09	6.90112e+09	7.49105e+09	6.84415e+09	6.90636e+09	6.94207e+09	6.0289e+09	5.9363e+09	6.70639e+09	6.68914e+09	6.71689e+09	6.08239e+09
ERR626434	7.01429e+09	6.32158e+09	6.16676e+09	6.93266e+09	6.27601e+09	6.2292e+09	7.66008e+09	7.06772e+09	7.48049e+09	7.68565e+09	7.0597e+09	7.6124e+09	5.83338e+09	6.04598e+09	5.74271e+09	5.83485e+09	5.56976e+09	5.78117e+09	7.81151e+09	7.02442e+09	7.73226e+09	7.10121e+09	7.62526e+09	8.07591e+09	7.455e+09	7.129e+09	8.29031e+09	7.4931e+09	7.49452e+09	7.9907e+09	4.88531e+09	6.57968e+09	4.77934e+09	4.69826e+09	6.59741e+09	7.0262e+09	7.4144e+09	7.09491e+09	7.80681e+09	7.30593e+09	7.15302e+09	7.17157e+09	6.60435e+09	7.3146e+09	6.92622e+09	6.56109e+09	5.57348e+09	7.17055e+09	6.76274e+09	6.71735e+09	6.74693e+09	7.61794e+09	6.9391e+09	7.20101e+09	5.53687e+09	6.58809e+09	6.57219e+09	5.42927e+09	6.63973e+09	5.40702e+09	5.79705e+09	7.30324e+09	7.2803e+09	5.8962e+09	6.00363e+09	7.00772e+09	7.80968e+09	7.34394e+09	7.52948e+09	7.61186e+09	7.63518e+09	7.51622e+09	6.0118e+09	6.32025e+09	6.38985e+09	5.58508e+09	5.72582e+09	5.74213e+09	6.44583e+09	6.41344e+09	5.69317e+09	5.65029e+09	6.41484e+09	5.78736e+09	7.46344e+09	7.07802e+09	7.68739e+09	7.01953e+09	7.08338e+09	7.12046e+09	6.17437e+09	6.07929e+09	6.8754e+09	6.85681e+09	6.88573e+09	6.22946e+09
ERR612618	7.09213e+09	6.41108e+09	6.27769e+09	7.01391e+09	6.38465e+09	6.34373e+09	7.86802e+09	7.29437e+09	7.69393e+09	7.89757e+09	7.28027e+09	7.82329e+09	6.05109e+09	6.2702e+09	5.96832e+09	6.05372e+09	5.78457e+09	5.99582e+09	7.4372e+09	6.6986e+09	7.36545e+09	6.77626e+09	7.26256e+09	7.455e+09	8.06705e+09	7.53688e+09	8.61063e+09	7.88103e+09	7.88546e+09	8.34891e+09	4.68613e+09	6.27153e+09	4.58797e+09	4.50822e+09	6.28586e+09	6.67797e+09	7.42704e+09	7.13693e+09	7.81001e+09	7.32129e+09	7.20309e+09	7.16758e+09	6.64173e+09	7.37544e+09	7.01012e+09	6.5967e+09	5.62104e+09	7.24793e+09	6.8074e+09	6.73065e+09	6.76444e+09	7.65024e+09	6.9492e+09	7.23158e+09	5.58926e+09	6.62143e+09	6.60592e+09	5.47632e+09	6.67523e+09	5.45898e+09	5.91435e+09	7.44284e+09	7.4212e+09	6.02395e+09	6.12954e+09	7.16903e+09	8.08609e+09	7.68286e+09	7.838e+09	7.90754e+09	7.93738e+09	7.81254e+09	6.03534e+09	6.3271e+09	6.39592e+09	5.61712e+09	5.73917e+09	5.75214e+09	6.889e+09	6.86107e+09	6.10504e+09	6.07653e+09	6.85866e+09	6.22284e+09	7.79559e+09	7.44158e+09	8.0009e+09	7.3796e+09	7.44385e+09	7.49171e+09	5.99846e+09	5.92775e+09	6.65945e+09	6.64117e+09	6.66597e+09	6.05409e+09
ERR612614	6.7988e+09	6.15815e+09	6.03673e+09	6.7256e+09	6.13728e+09	6.09896e+09	7.54877e+09	7.01641e+09	7.38729e+09	7.57675e+09	7.00247e+09	7.50761e+09	5.83931e+09	6.04831e+09	5.76189e+09	5.84168e+09	5.58658e+09	5.78639e+09	7.11148e+09	6.41983e+09	7.04513e+09	6.4937e+09	6.94774e+09	7.129e+09	7.53688e+09	7.4659e+09	8.24312e+09	7.57108e+09	7.57667e+09	8.00654e+09	4.48108e+09	5.96329e+09	4.38912e+09	4.31289e+09	5.97692e+09	6.33947e+09	7.11782e+09	6.85099e+09	7.47637e+09	7.02005e+09	6.91484e+09	6.87063e+09	6.38401e+09	7.07845e+09	6.73962e+09	6.34169e+09	5.42102e+09	6.9622e+09	6.52409e+09	6.44412e+09	6.4766e+09	7.3171e+09	6.65081e+09	6.9218e+09	5.371e+09	6.34277e+09	6.32898e+09	5.26243e+09	6.39474e+09	5.24745e+09	5.68867e+09	7.13383e+09	7.11417e+09	5.79411e+09	5.89311e+09	6.88113e+09	7.75212e+09	7.38607e+09	7.52609e+09	7.58833e+09	7.61784e+09	7.49982e+09	5.78531e+09	6.05755e+09	6.12168e+09	5.39248e+09	5.50333e+09	5.51494e+09	6.65478e+09	6.62892e+09	5.91394e+09	5.88839e+09	6.62641e+09	6.02771e+09	7.49009e+09	7.16368e+09	7.6785e+09	7.10534e+09	7.16549e+09	7.2116e+09	5.70613e+09	5.64495e+09	6.32651e+09	6.30941e+09	6.33257e+09	5.75844e+09
ERR612613	7.85611e+09	7.06715e+09	6.90752e+09	7.76452e+09	7.03026e+09	6.98157e+09	8.68701e+09	8.00208e+09	8.47841e+09	8.72061e+09	7.98895e+09	8.63165e+09	6.59098e+09	6.8382e+09	6.49477e+09	6.59353e+09	6.28882e+09	6.52975e+09	8.27192e+09	7.40763e+09	8.18597e+09	7.49388e+09	8.06587e+09	8.29031e+09	8.61063e+09	8.24312e+09	9.8521e+09	8.65617e+09	8.66241e+09	9.24331e+09	5.20361e+09	7.06947e+09	5.08843e+09	4.99969e+09	7.08677e+09	7.56033e+09	8.22872e+09	7.88047e+09	8.68005e+09	8.10428e+09	7.95466e+09	7.9322e+09	7.29912e+09	8.14088e+09	7.708e+09	7.24706e+09	6.13198e+09	7.98649e+09	7.55613e+09	7.47978e+09	7.51747e+09	8.5368e+09	7.73169e+09	8.05202e+09	6.15624e+09	7.34575e+09	7.32695e+09	6.02976e+09	7.40755e+09	6.00876e+09	6.50116e+09	8.25294e+09	8.22564e+09	6.62374e+09	6.74636e+09	7.92398e+09	8.94824e+09	8.45056e+09	8.64134e+09	8.72859e+09	8.76117e+09	8.61464e+09	6.67747e+09	7.02085e+09	7.10049e+09	6.19626e+09	6.34377e+09	6.35822e+09	7.48775e+09	7.45417e+09	6.59059e+09	6.55471e+09	7.45194e+09	6.7183e+09	8.58908e+09	8.1601e+09	8.83895e+09	8.08784e+09	8.16406e+09	8.21969e+09	6.76359e+09	6.67088e+09	7.53854e+09	7.51767e+09	7.54806e+09	6.82564e+09
ERR612616	7.12856e+09	6.44222e+09	6.30822e+09	7.04901e+09	6.41594e+09	6.37468e+09	7.90596e+09	7.32728e+09	7.73033e+09	7.93562e+09	7.31338e+09	7.86063e+09	6.07677e+09	6.29679e+09	5.99304e+09	6.07907e+09	5.80841e+09	6.021e+09	7.47499e+09	6.73181e+09	7.40241e+09	6.80931e+09	7.29947e+09	7.4931e+09	7.88103e+09	7.57108e+09	8.65617e+09	8.14681e+09	7.92439e+09	8.3924e+09	4.70903e+09	6.30617e+09	4.60996e+09	4.52997e+09	6.32044e+09	6.71532e+09	7.46403e+09	7.17272e+09	7.85039e+09	7.35786e+09	7.23937e+09	7.20338e+09	6.67304e+09	7.41166e+09	7.04353e+09	6.62759e+09	5.64518e+09	7.28313e+09	6.84308e+09	6.76571e+09	6.7996e+09	7.69158e+09	6.98559e+09	7.27024e+09	5.61607e+09	6.65549e+09	6.63998e+09	5.50272e+09	6.70996e+09	5.48532e+09	5.94292e+09	7.48126e+09	7.45955e+09	6.05301e+09	6.15937e+09	7.20623e+09	8.12679e+09	7.72172e+09	7.8779e+09	7.94728e+09	7.97763e+09	7.85023e+09	6.0651e+09	6.35899e+09	6.42807e+09	5.64454e+09	5.76773e+09	5.78033e+09	6.91933e+09	6.89061e+09	6.12986e+09	6.1007e+09	6.88862e+09	6.24811e+09	7.83563e+09	7.47864e+09	8.04245e+09	7.41546e+09	7.4812e+09	7.52869e+09	6.03357e+09	5.96228e+09	6.69963e+09	6.68158e+09	6.70616e+09	6.08976e+09
ERR612617	7.13202e+09	6.44656e+09	6.313e+09	7.05268e+09	6.42102e+09	6.37979e+09	7.91054e+09	7.33149e+09	7.73432e+09	7.94022e+09	7.31838e+09	7.86538e+09	6.08059e+09	6.30082e+09	5.99767e+09	6.08314e+09	5.81259e+09	6.02511e+09	7.47659e+09	6.73308e+09	7.40443e+09	6.81076e+09	7.30012e+09	7.49452e+09	7.88546e+09	7.57667e+09	8.66241e+09	7.92439e+09	8.15348e+09	8.39945e+09	4.70906e+09	6.30669e+09	4.60996e+09	4.53e+09	6.3209e+09	6.71492e+09	7.46875e+09	7.17843e+09	7.85498e+09	7.36234e+09	7.24482e+09	7.20665e+09	6.67574e+09	7.4153e+09	7.04795e+09	6.63005e+09	5.64822e+09	7.28792e+09	6.84836e+09	6.76938e+09	6.80393e+09	7.69714e+09	6.99002e+09	7.275e+09	5.62008e+09	6.6589e+09	6.6429e+09	5.50605e+09	6.71397e+09	5.48937e+09	5.947e+09	7.48568e+09	7.46457e+09	6.05713e+09	6.16392e+09	7.21172e+09	8.13161e+09	7.72797e+09	7.88272e+09	7.95149e+09	7.98313e+09	7.85473e+09	6.06813e+09	6.36131e+09	6.43031e+09	5.64768e+09	5.76963e+09	5.78256e+09	6.92513e+09	6.89647e+09	6.13504e+09	6.10657e+09	6.89447e+09	6.25361e+09	7.84124e+09	7.48464e+09	8.04795e+09	7.4224e+09	7.48741e+09	7.53535e+09	6.03526e+09	5.96514e+09	6.7012e+09	6.68301e+09	6.70773e+09	6.09119e+09
ERR612615	7.59286e+09	6.84583e+09	6.70009e+09	7.50609e+09	6.8166e+09	6.7715e+09	8.39999e+09	7.75802e+09	8.20446e+09	8.43349e+09	7.74326e+09	8.34977e+09	6.40935e+09	6.64701e+09	6.32019e+09	6.41214e+09	6.12169e+09	6.34992e+09	7.97096e+09	7.15686e+09	7.89264e+09	7.24099e+09	7.77811e+09	7.9907e+09	8.34891e+09	8.00654e+09	9.24331e+09	8.3924e+09	8.39945e+09	9.20094e+09	5.01255e+09	6.77337e+09	4.90473e+09	4.81755e+09	6.78897e+09	7.22676e+09	7.95652e+09	7.63604e+09	8.3807e+09	7.83795e+09	7.70855e+09	7.6677e+09	7.07368e+09	7.88129e+09	7.47689e+09	7.02331e+09	5.96094e+09	7.74103e+09	7.30391e+09	7.21947e+09	7.25618e+09	8.23298e+09	7.45941e+09	7.77205e+09	5.96357e+09	7.09396e+09	7.0767e+09	5.84042e+09	7.15406e+09	5.82279e+09	6.30267e+09	7.97558e+09	7.95099e+09	6.42182e+09	6.53811e+09	7.67591e+09	8.65219e+09	8.20346e+09	8.37373e+09	8.44941e+09	8.48612e+09	8.33999e+09	6.45174e+09	6.7721e+09	6.84736e+09	5.99494e+09	6.12831e+09	6.14234e+09	7.29543e+09	7.26368e+09	6.43583e+09	6.4049e+09	7.26147e+09	6.5618e+09	8.32776e+09	7.9318e+09	8.5613e+09	7.86217e+09	7.93459e+09	7.9871e+09	6.48754e+09	6.41017e+09	7.21936e+09	7.19871e+09	7.22622e+09	6.54821e+09
ERR613123	4.57885e+09	4.19555e+09	4.09229e+09	4.53229e+09	4.15265e+09	4.12592e+09	4.87497e+09	4.52197e+09	4.76578e+09	4.88867e+09	4.52742e+09	4.84491e+09	3.79539e+09	3.91345e+09	3.73969e+09	3.79549e+09	3.64302e+09	3.76708e+09	4.88164e+09	4.46715e+09	4.83684e+09	4.49878e+09	4.77819e+09	4.88531e+09	4.68613e+09	4.48108e+09	5.20361e+09	4.70903e+09	4.70906e+09	5.01255e+09	3.86586e+09	4.75863e+09	3.64304e+09	3.59368e+09	4.76863e+09	5.02806e+09	4.81087e+09	4.60956e+09	5.02862e+09	4.75203e+09	4.63386e+09	4.69626e+09	4.34509e+09	4.71459e+09	4.48653e+09	4.31956e+09	3.74583e+09	4.62114e+09	4.48159e+09	4.48543e+09	4.4981e+09	4.93991e+09	4.59965e+09	4.72699e+09	3.81438e+09	4.41581e+09	4.40559e+09	3.75762e+09	4.4407e+09	3.73825e+09	3.9067e+09	4.72195e+09	4.70749e+09	3.95829e+09	4.01914e+09	4.53773e+09	4.89581e+09	4.59143e+09	4.72016e+09	4.77425e+09	4.78372e+09	4.71838e+09	4.09739e+09	4.27992e+09	4.32038e+09	3.84594e+09	3.94372e+09	3.95518e+09	4.00497e+09	3.9859e+09	3.54987e+09	3.51386e+09	3.98485e+09	3.59393e+09	4.68505e+09	4.43615e+09	4.82085e+09	4.40469e+09	4.44297e+09	4.46245e+09	4.35318e+09	4.27722e+09	4.76309e+09	4.75534e+09	4.77151e+09	4.3839e+09
ERR613121	6.12724e+09	5.55169e+09	5.40022e+09	6.05681e+09	5.49033e+09	5.44977e+09	6.56812e+09	6.03366e+09	6.40399e+09	6.5877e+09	6.03758e+09	6.52138e+09	4.9789e+09	5.14939e+09	4.89804e+09	4.97778e+09	4.75837e+09	4.93773e+09	6.57378e+09	5.93564e+09	6.50406e+09	5.98761e+09	6.41668e+09	6.57968e+09	6.27153e+09	5.96329e+09	7.06947e+09	6.30617e+09	6.30669e+09	6.77337e+09	4.75863e+09	6.59406e+09	4.65656e+09	4.58411e+09	6.37652e+09	6.78332e+09	6.47029e+09	6.16837e+09	6.80489e+09	6.37804e+09	6.20729e+09	6.28938e+09	5.74829e+09	6.31684e+09	5.97044e+09	5.71086e+09	4.87029e+09	6.1766e+09	5.98234e+09	5.98298e+09	6.00336e+09	6.68197e+09	6.15861e+09	6.35281e+09	4.98625e+09	5.87652e+09	5.86246e+09	4.90267e+09	5.91525e+09	4.87602e+09	5.13033e+09	6.35216e+09	6.33039e+09	5.20663e+09	5.29668e+09	6.0766e+09	6.62956e+09	6.17219e+09	6.36113e+09	6.44456e+09	6.45683e+09	6.35833e+09	5.39855e+09	5.67121e+09	5.73142e+09	5.02906e+09	5.17106e+09	5.18676e+09	5.30479e+09	5.27711e+09	4.65594e+09	4.60899e+09	5.27581e+09	4.72117e+09	6.30575e+09	5.93819e+09	6.51226e+09	5.88974e+09	5.94717e+09	5.97566e+09	5.79325e+09	5.68272e+09	6.40905e+09	6.39495e+09	6.42098e+09	5.83996e+09
ERR613124	4.48144e+09	4.11087e+09	4.01107e+09	4.43657e+09	4.06946e+09	4.04368e+09	4.77019e+09	4.42852e+09	4.66408e+09	4.78315e+09	4.43382e+09	4.74101e+09	3.72205e+09	3.83638e+09	3.66744e+09	3.72167e+09	3.57384e+09	3.69445e+09	4.7754e+09	4.37459e+09	4.73221e+09	4.40533e+09	4.67593e+09	4.77934e+09	4.58797e+09	4.38912e+09	5.08843e+09	4.60996e+09	4.60996e+09	4.90473e+09	3.64304e+09	4.65656e+09	3.72356e+09	3.52683e+09	4.66627e+09	4.91671e+09	4.70878e+09	4.5142e+09	4.91947e+09	4.6522e+09	4.53804e+09	4.59758e+09	4.25761e+09	4.61603e+09	4.39581e+09	4.23278e+09	3.67689e+09	4.52567e+09	4.38854e+09	4.39143e+09	4.40331e+09	4.83261e+09	4.50259e+09	4.62621e+09	3.74048e+09	4.32357e+09	4.31403e+09	3.68528e+09	4.34794e+09	3.66649e+09	3.83029e+09	4.62137e+09	4.6075e+09	3.88077e+09	3.94003e+09	4.44364e+09	4.78845e+09	4.49488e+09	4.61854e+09	4.67071e+09	4.68037e+09	4.61644e+09	4.01399e+09	4.19091e+09	4.22992e+09	3.77034e+09	3.86495e+09	3.87533e+09	3.9251e+09	3.90674e+09	3.48268e+09	3.44803e+09	3.90555e+09	3.52588e+09	4.58482e+09	4.34408e+09	4.71569e+09	4.31347e+09	4.3501e+09	4.369e+09	4.25948e+09	4.186e+09	4.6581e+09	4.6505e+09	4.66589e+09	4.28921e+09
