	ERR606035	ERR606030	ERR606033	ERR606034	ERR606031	ERR606032	ERR608806	ERR608810	ERR608807	ERR608808	ERR608809	ERR608805	ERR605534	ERR605535	ERR605538	ERR605536	ERR605533	ERR605537	ERR626866	ERR626861	ERR626865	ERR626864	ERR626862	ERR626863	ERR607419	ERR607416	ERR607415	ERR607417	ERR607418	ERR607420	ERR608582	ERR608584	ERR608580	ERR608583	ERR608579	ERR608581	ERR621996	ERR621991	ERR621992	ERR621994	ERR621995	ERR621993	ERR636821	ERR636819	ERR636818	ERR636817	ERR636820	ERR636822	ERR638212	ERR638208	ERR638211	ERR638209	ERR638210	ERR638207	ERR616703	ERR616700	ERR616702	ERR616701	ERR616704	ERR616705	ERR616711	ERR616707	ERR616706	ERR616708	ERR616709	ERR616710	ERR630174	ERR630175	ERR630173	ERR630172	ERR630170	ERR630171	ERR618466	ERR618467	ERR618465	ERR618469	ERR618470	ERR618468	ERR616675	ERR616674	ERR616671	ERR616672	ERR616673	ERR616670	ERR608496	ERR608497	ERR608498	ERR608499	ERR608495	ERR608500	ERR616762	ERR616761	ERR616760	ERR616764	ERR616763	ERR638122
ERR606035	0	0.268029	0.252098	0.250056	0.291267	0.296522	0.335876	0.307974	0.334953	0.309007	0.308996	0.327224	0.424863	0.430917	0.431461	0.430886	0.423493	0.428297	0.340291	0.338783	0.348666	0.346961	0.330305	0.331919	0.444785	0.434859	0.434889	0.435224	0.445653	0.444856	0.423958	0.424348	0.422484	0.424318	0.44082	0.4265	0.307331	0.333006	0.316512	0.316042	0.308594	0.316693	0.336205	0.35408	0.35826	0.34205	0.337709	0.336474	0.428674	0.42276	0.418512	0.421667	0.418612	0.424935	0.45011	0.467716	0.476606	0.46615	0.449326	0.450815	0.510795	0.523338	0.523893	0.531551	0.511694	0.509512	0.452107	0.449233	0.451667	0.445629	0.454648	0.446301	0.472137	0.475084	0.474908	0.476686	0.478195	0.477886	0.436028	0.436145	0.444348	0.452065	0.435809	0.445576	0.455003	0.462087	0.464147	0.459877	0.463792	0.459399	0.424383	0.417942	0.419866	0.414595	0.415065	0.414657
ERR606030	0.268029	0	0.270076	0.267855	0.306536	0.312743	0.344831	0.308613	0.341964	0.310127	0.30967	0.331782	0.445842	0.448636	0.452678	0.452226	0.446334	0.449456	0.359305	0.359165	0.372961	0.371635	0.348426	0.351076	0.45679	0.445143	0.444168	0.44767	0.457117	0.456546	0.428609	0.42876	0.425219	0.429219	0.431514	0.432489	0.311916	0.34442	0.32295	0.324263	0.313711	0.322444	0.327952	0.357052	0.365718	0.34216	0.330846	0.328842	0.41087	0.407565	0.410288	0.408602	0.409454	0.408927	0.461003	0.47743	0.488108	0.476184	0.459751	0.461745	0.522711	0.534433	0.534467	0.543934	0.523578	0.521424	0.458923	0.450623	0.457449	0.452703	0.462054	0.451875	0.484291	0.489195	0.490192	0.494396	0.495653	0.495719	0.441434	0.441482	0.449942	0.459551	0.44125	0.45062	0.467877	0.476965	0.477813	0.473929	0.465858	0.472444	0.435377	0.426975	0.428977	0.42299	0.42384	0.423252
ERR606033	0.252098	0.270076	0	0.251571	0.28457	0.289478	0.327645	0.304356	0.327259	0.304884	0.304643	0.319716	0.427048	0.433667	0.433275	0.43241	0.424493	0.430114	0.33623	0.335079	0.350405	0.348484	0.328806	0.32989	0.441257	0.434307	0.4352	0.435037	0.442093	0.441281	0.420724	0.421089	0.419533	0.421129	0.443004	0.422631	0.304288	0.327138	0.312376	0.311086	0.305272	0.312285	0.331223	0.347361	0.350642	0.335486	0.332244	0.3315	0.430046	0.424056	0.416267	0.423311	0.416538	0.426564	0.450321	0.469285	0.478446	0.467115	0.449718	0.451039	0.511468	0.524813	0.525752	0.534013	0.512406	0.510242	0.449325	0.447738	0.448943	0.445038	0.451398	0.445541	0.471855	0.473298	0.472511	0.475215	0.477311	0.477029	0.435017	0.435355	0.444681	0.453322	0.434931	0.446163	0.452755	0.45877	0.460298	0.456806	0.46579	0.456143	0.42509	0.41726	0.419712	0.413089	0.413327	0.413192
ERR606034	0.250056	0.267855	0.251571	0	0.284458	0.289352	0.33033	0.306977	0.329311	0.307939	0.307644	0.321817	0.427129	0.433833	0.43373	0.433113	0.425051	0.430436	0.336831	0.335151	0.351141	0.349346	0.328585	0.330197	0.441028	0.433412	0.433698	0.434034	0.441922	0.441075	0.420492	0.420685	0.41938	0.420922	0.441719	0.423027	0.304835	0.327437	0.312126	0.311942	0.305654	0.31256	0.333499	0.349123	0.353403	0.338037	0.334616	0.333884	0.42736	0.423063	0.416112	0.42228	0.416123	0.425396	0.44911	0.468957	0.478378	0.467055	0.448544	0.449988	0.510268	0.524389	0.525086	0.53351	0.511258	0.508977	0.448369	0.446002	0.447934	0.443784	0.450564	0.443759	0.470855	0.472833	0.472134	0.475005	0.477032	0.47678	0.43372	0.434177	0.444274	0.452902	0.433609	0.445509	0.452842	0.459334	0.460256	0.456863	0.464212	0.456232	0.425164	0.417367	0.419514	0.412199	0.412378	0.412159
ERR606031	0.291267	0.306536	0.28457	0.284458	0	0.245565	0.2934	0.328784	0.293039	0.328028	0.325047	0.29391	0.450181	0.461642	0.45643	0.455212	0.441068	0.451531	0.326363	0.325248	0.388929	0.386265	0.338344	0.337563	0.423798	0.439135	0.442363	0.441653	0.423517	0.423403	0.409714	0.409383	0.413676	0.410721	0.467905	0.409386	0.311524	0.298492	0.300538	0.301058	0.309004	0.30264	0.3308	0.317804	0.317222	0.31966	0.328135	0.3299	0.449738	0.452618	0.41967	0.454061	0.421029	0.457218	0.457764	0.490494	0.503593	0.48668	0.457277	0.458391	0.517609	0.541912	0.544529	0.555807	0.518374	0.516079	0.435936	0.441343	0.435755	0.447266	0.434447	0.443374	0.472033	0.465401	0.458514	0.472192	0.4777	0.478151	0.438192	0.438377	0.460835	0.476673	0.437845	0.464455	0.448267	0.446475	0.441372	0.442815	0.485348	0.442481	0.443661	0.427466	0.431774	0.40869	0.408237	0.408228
ERR606032	0.296522	0.312743	0.289478	0.289352	0.245565	0	0.294256	0.334185	0.294174	0.333694	0.330433	0.295696	0.451954	0.46379	0.458203	0.457029	0.442361	0.453152	0.327802	0.326673	0.392578	0.390102	0.341029	0.340166	0.424428	0.441639	0.445098	0.444129	0.424222	0.424066	0.411861	0.411624	0.416338	0.412999	0.472943	0.411259	0.316049	0.299943	0.304071	0.304288	0.313432	0.305984	0.335008	0.319181	0.317655	0.322299	0.3319	0.333686	0.455621	0.458493	0.424125	0.460136	0.425568	0.463209	0.460431	0.493796	0.506766	0.489679	0.459835	0.461035	0.519439	0.544219	0.547077	0.558492	0.520261	0.517882	0.437257	0.44344	0.437142	0.449548	0.43538	0.445633	0.473621	0.466411	0.458834	0.473037	0.478863	0.479296	0.440849	0.441177	0.464028	0.480233	0.440655	0.467733	0.449519	0.446942	0.441512	0.443518	0.489014	0.443209	0.446792	0.430306	0.434779	0.411011	0.410394	0.410516
ERR608806	0.335876	0.344831	0.327645	0.33033	0.2934	0.294256	0	0.28707	0.234133	0.285388	0.281173	0.235006	0.466877	0.477373	0.472062	0.471085	0.457617	0.467421	0.322105	0.322704	0.389763	0.387047	0.337405	0.335629	0.416295	0.435451	0.43951	0.438779	0.415901	0.415558	0.395619	0.395681	0.399881	0.397042	0.459435	0.394176	0.333609	0.320997	0.32369	0.323468	0.331619	0.32459	0.307934	0.294246	0.292417	0.294751	0.304788	0.307056	0.435175	0.438072	0.399265	0.440858	0.401384	0.44329	0.450581	0.484917	0.498155	0.479996	0.450443	0.45141	0.514136	0.538932	0.541933	0.553854	0.515286	0.512884	0.431478	0.437919	0.431599	0.445024	0.429895	0.441095	0.468602	0.460019	0.452876	0.467042	0.473289	0.473583	0.4284	0.428564	0.45183	0.469285	0.428172	0.456153	0.439613	0.435986	0.431352	0.433827	0.481045	0.433136	0.434025	0.415848	0.4213	0.396562	0.396062	0.395928
ERR608810	0.307974	0.308613	0.304356	0.306977	0.328784	0.334185	0.28707	0	0.287467	0.231803	0.231665	0.273342	0.468482	0.472649	0.472763	0.472187	0.466105	0.470067	0.339688	0.340291	0.357575	0.35517	0.333322	0.33407	0.444459	0.440742	0.441912	0.442432	0.444834	0.444173	0.412022	0.412624	0.410513	0.412764	0.435172	0.413273	0.327044	0.352336	0.335429	0.334208	0.328102	0.334576	0.294886	0.329802	0.334576	0.307372	0.298212	0.296792	0.396735	0.388654	0.384449	0.389311	0.385086	0.391397	0.455309	0.47507	0.484571	0.472355	0.454874	0.45594	0.521847	0.534694	0.535906	0.54461	0.522842	0.52094	0.455749	0.453782	0.455301	0.454132	0.458409	0.453947	0.486563	0.487244	0.486485	0.489614	0.492112	0.491676	0.432008	0.432178	0.442331	0.453242	0.431766	0.44432	0.456327	0.461546	0.462999	0.46063	0.469994	0.459623	0.425674	0.416372	0.419374	0.410987	0.411741	0.411269
ERR608807	0.334953	0.341964	0.327259	0.329311	0.293039	0.294174	0.234133	0.287467	0	0.285704	0.281333	0.234499	0.466381	0.476754	0.471689	0.470809	0.457445	0.466968	0.322809	0.323493	0.390944	0.388112	0.337435	0.335874	0.415653	0.434195	0.437968	0.43782	0.415301	0.414937	0.393974	0.393808	0.397986	0.395424	0.456078	0.392945	0.33288	0.320717	0.322847	0.323018	0.33091	0.323618	0.306371	0.292937	0.292775	0.294039	0.303053	0.305474	0.431497	0.435755	0.397358	0.438953	0.399067	0.440935	0.448887	0.483814	0.497581	0.479107	0.448596	0.449714	0.513053	0.538367	0.541134	0.553483	0.514082	0.511643	0.429744	0.43504	0.429506	0.443368	0.428253	0.438889	0.46704	0.458649	0.451794	0.466528	0.472776	0.473148	0.426425	0.426492	0.450585	0.468328	0.426206	0.454862	0.439092	0.43623	0.430982	0.433459	0.478658	0.432614	0.433564	0.415011	0.420385	0.394675	0.394309	0.394027
ERR608808	0.309007	0.310127	0.304884	0.307939	0.328028	0.333694	0.285388	0.231803	0.285704	0	0.23135	0.271561	0.468977	0.473419	0.473098	0.472692	0.466375	0.470412	0.339412	0.34023	0.358491	0.356247	0.334164	0.334377	0.443774	0.440487	0.442002	0.442312	0.444032	0.443489	0.41148	0.411868	0.409799	0.412082	0.435649	0.412365	0.326762	0.351747	0.335026	0.333782	0.327791	0.334209	0.294812	0.32894	0.333384	0.306813	0.297962	0.296537	0.397347	0.388973	0.38377	0.38959	0.384631	0.392046	0.455063	0.47484	0.484323	0.471991	0.454434	0.455669	0.521638	0.534521	0.535784	0.544412	0.522554	0.520691	0.455221	0.453605	0.454718	0.453794	0.457798	0.453691	0.486285	0.48668	0.485913	0.488955	0.491559	0.491302	0.431913	0.432033	0.442336	0.453437	0.431612	0.444459	0.45549	0.460526	0.462107	0.459642	0.47011	0.458803	0.425295	0.415822	0.419062	0.410555	0.411176	0.410686
ERR608809	0.308996	0.30967	0.304643	0.307644	0.325047	0.330433	0.281173	0.231665	0.281333	0.23135	0	0.267975	0.4692	0.473841	0.473528	0.472923	0.466331	0.470558	0.337631	0.338263	0.359785	0.357482	0.333089	0.333587	0.442268	0.440276	0.441659	0.442186	0.442445	0.441834	0.409794	0.41036	0.408745	0.410705	0.436413	0.410974	0.325584	0.348916	0.333006	0.331966	0.326804	0.33223	0.292496	0.325161	0.329903	0.303763	0.295359	0.294128	0.397013	0.390048	0.383094	0.391234	0.383694	0.39324	0.455077	0.476238	0.486092	0.473352	0.4546	0.455707	0.521462	0.535638	0.536918	0.545867	0.522473	0.520599	0.453582	0.452057	0.453071	0.453243	0.455938	0.452781	0.485891	0.485723	0.48454	0.488595	0.491199	0.491014	0.431582	0.431785	0.443227	0.455016	0.431181	0.445673	0.45499	0.459739	0.460631	0.458507	0.470784	0.457574	0.426477	0.416338	0.419651	0.409481	0.410296	0.409737
ERR608805	0.327224	0.331782	0.319716	0.321817	0.29391	0.295696	0.235006	0.273342	0.234499	0.271561	0.267975	0	0.464971	0.474546	0.470438	0.469533	0.456953	0.465988	0.322062	0.322921	0.384539	0.38169	0.333785	0.332615	0.417747	0.432871	0.436175	0.436391	0.417346	0.417107	0.393338	0.393262	0.396347	0.394661	0.449551	0.392816	0.327256	0.321199	0.319824	0.319901	0.3256	0.320248	0.297058	0.292324	0.29323	0.288838	0.294772	0.296397	0.421337	0.42432	0.389723	0.427278	0.391386	0.429161	0.44827	0.48086	0.494249	0.476424	0.447832	0.448958	0.512989	0.53653	0.539145	0.551105	0.514088	0.511708	0.431042	0.434995	0.430745	0.442381	0.430215	0.43844	0.468631	0.461762	0.455857	0.468926	0.474753	0.474909	0.424673	0.424816	0.446942	0.464069	0.424394	0.450975	0.439684	0.438236	0.434076	0.435744	0.475111	0.434895	0.430219	0.412658	0.417917	0.394763	0.394659	0.394128
ERR605534	0.424863	0.445842	0.427048	0.427129	0.450181	0.451954	0.466877	0.468482	0.466381	0.468977	0.4692	0.464971	0	0.277918	0.276964	0.276923	0.275053	0.276237	0.439252	0.438525	0.409428	0.409436	0.426879	0.426141	0.537974	0.517361	0.514828	0.514767	0.53942	0.538311	0.530568	0.531422	0.526872	0.53028	0.523917	0.5313	0.45597	0.463944	0.458947	0.457852	0.456521	0.459148	0.465015	0.461263	0.462253	0.459865	0.464087	0.464984	0.574119	0.565677	0.556393	0.562444	0.556852	0.566073	0.514077	0.51343	0.516186	0.513586	0.514335	0.514347	0.55675	0.556763	0.555696	0.55906	0.557771	0.555582	0.534028	0.532378	0.534932	0.517155	0.537497	0.522991	0.515692	0.521677	0.527861	0.516879	0.515111	0.514226	0.526371	0.52663	0.518858	0.515835	0.526994	0.517683	0.534257	0.542385	0.549852	0.54392	0.527799	0.543564	0.493314	0.495709	0.494497	0.509175	0.509341	0.508898
ERR605535	0.430917	0.448636	0.433667	0.433833	0.461642	0.46379	0.477373	0.472649	0.476754	0.473419	0.473841	0.474546	0.277918	0	0.27934	0.278955	0.28212	0.279096	0.449206	0.448932	0.411032	0.411572	0.434414	0.433699	0.546369	0.522138	0.519162	0.519607	0.547921	0.546604	0.538161	0.538932	0.533241	0.537791	0.52321	0.538977	0.462862	0.474807	0.468014	0.466662	0.463951	0.467798	0.470774	0.471134	0.472802	0.468203	0.470496	0.471029	0.576647	0.566815	0.561406	0.563395	0.561944	0.566876	0.517481	0.512929	0.514702	0.513401	0.517655	0.517743	0.559902	0.556566	0.555086	0.557519	0.560805	0.558627	0.541406	0.538376	0.542306	0.522438	0.545843	0.528465	0.519821	0.527425	0.534975	0.52191	0.519451	0.518503	0.531518	0.531735	0.520454	0.516127	0.53198	0.519049	0.540397	0.549731	0.558226	0.551879	0.52791	0.551415	0.494884	0.4989	0.497229	0.515579	0.515678	0.515316
ERR605538	0.431461	0.452678	0.433275	0.43373	0.45643	0.458203	0.472062	0.472763	0.471689	0.473098	0.473528	0.470438	0.276964	0.27934	0	0.27519	0.277778	0.275356	0.444375	0.444231	0.412085	0.412179	0.43238	0.430986	0.543136	0.522409	0.520021	0.519935	0.544606	0.543382	0.536255	0.536834	0.532161	0.535832	0.528491	0.536388	0.461983	0.470647	0.465561	0.463896	0.462848	0.465281	0.469677	0.466296	0.466898	0.464413	0.468916	0.469796	0.581152	0.571615	0.562585	0.568412	0.563173	0.571968	0.518135	0.516689	0.518883	0.516666	0.518552	0.518537	0.560398	0.559456	0.558655	0.561565	0.561564	0.559307	0.53914	0.537927	0.540181	0.522544	0.543217	0.528248	0.520084	0.52562	0.532365	0.520311	0.518633	0.517595	0.53189	0.53196	0.523114	0.519864	0.532118	0.52219	0.538383	0.546433	0.554387	0.5485	0.532008	0.548222	0.497286	0.500291	0.499019	0.514553	0.51449	0.514089
ERR605536	0.430886	0.452226	0.43241	0.433113	0.455212	0.457029	0.471085	0.472187	0.470809	0.472692	0.472923	0.469533	0.276923	0.278955	0.27519	0	0.277195	0.275243	0.443229	0.442975	0.411651	0.411554	0.43119	0.430032	0.542243	0.521722	0.519582	0.519159	0.543587	0.542345	0.535367	0.536083	0.531319	0.535113	0.528363	0.535478	0.460841	0.469167	0.46432	0.462617	0.461552	0.464142	0.468935	0.465258	0.4658	0.463611	0.468114	0.46911	0.580708	0.571118	0.561915	0.56811	0.56257	0.571641	0.517741	0.516292	0.518489	0.516099	0.518046	0.517931	0.559873	0.55907	0.558151	0.561229	0.560933	0.558824	0.538345	0.537324	0.539497	0.52198	0.542458	0.527542	0.519604	0.525061	0.531673	0.519614	0.517756	0.516946	0.531293	0.531541	0.522738	0.519509	0.531724	0.521852	0.537822	0.54577	0.553469	0.547633	0.531676	0.547513	0.496627	0.499477	0.498156	0.513805	0.513742	0.513446
ERR605533	0.423493	0.446334	0.424493	0.425051	0.441068	0.442361	0.457617	0.466105	0.457445	0.466375	0.466331	0.456953	0.275053	0.28212	0.277778	0.277195	0	0.276167	0.431396	0.430723	0.409352	0.409283	0.42188	0.420776	0.531367	0.514534	0.512709	0.512061	0.53273	0.531586	0.525049	0.525635	0.522146	0.524872	0.525724	0.525164	0.451648	0.455845	0.453105	0.451679	0.452084	0.453307	0.460511	0.452432	0.452492	0.452671	0.459051	0.460438	0.574941	0.567133	0.55396	0.564224	0.554689	0.567855	0.512135	0.514546	0.517927	0.514035	0.5123	0.512246	0.554999	0.557564	0.556984	0.560997	0.556166	0.553968	0.528183	0.528503	0.529238	0.514287	0.531396	0.519247	0.513071	0.516903	0.521906	0.512666	0.511833	0.510942	0.523675	0.524006	0.518492	0.516907	0.5241	0.518013	0.529427	0.536164	0.542814	0.537683	0.528836	0.53744	0.49303	0.493891	0.493195	0.504942	0.504924	0.504643
ERR605537	0.428297	0.449456	0.430114	0.430436	0.451531	0.453152	0.467421	0.470067	0.466968	0.470412	0.470558	0.465988	0.276237	0.279096	0.275356	0.275243	0.276167	0	0.440245	0.440014	0.4109	0.410955	0.428665	0.427494	0.539658	0.519887	0.517698	0.517475	0.541089	0.539933	0.532637	0.533367	0.528864	0.532301	0.527002	0.532947	0.458253	0.465853	0.461262	0.459827	0.458892	0.461135	0.465998	0.461441	0.462093	0.460254	0.465005	0.465926	0.578108	0.569328	0.559241	0.566214	0.559999	0.569788	0.516355	0.515788	0.518642	0.515727	0.516535	0.516513	0.558779	0.558938	0.558232	0.561495	0.55981	0.557751	0.535741	0.534916	0.536894	0.520156	0.539673	0.525378	0.517963	0.523158	0.529498	0.518332	0.516796	0.515751	0.529084	0.52933	0.521506	0.518741	0.529505	0.520645	0.536202	0.543784	0.55123	0.545579	0.530639	0.5454	0.495698	0.498155	0.496848	0.511231	0.511296	0.510943
ERR626866	0.340291	0.359305	0.33623	0.336831	0.326363	0.327802	0.322105	0.339688	0.322809	0.339412	0.337631	0.322062	0.439252	0.449206	0.444375	0.443229	0.431396	0.440245	0	0.245168	0.305029	0.301835	0.253327	0.251769	0.441996	0.451185	0.454247	0.453156	0.442358	0.441859	0.429866	0.429622	0.432019	0.430322	0.47924	0.429083	0.35148	0.346632	0.346808	0.345589	0.350552	0.347429	0.334973	0.325057	0.323109	0.324079	0.333126	0.334534	0.475204	0.472809	0.447503	0.472629	0.448755	0.476346	0.468586	0.495717	0.507649	0.49266	0.468182	0.468829	0.525653	0.546277	0.548578	0.55878	0.526444	0.524299	0.452492	0.458283	0.452789	0.460011	0.452085	0.457736	0.478496	0.472368	0.467319	0.476913	0.481549	0.481787	0.455369	0.455727	0.473141	0.48609	0.455029	0.476256	0.463259	0.462847	0.460631	0.460579	0.496246	0.460288	0.452498	0.439125	0.44291	0.425665	0.425888	0.425385
ERR626861	0.338783	0.359165	0.335079	0.335151	0.325248	0.326673	0.322704	0.340291	0.323493	0.34023	0.338263	0.322921	0.438525	0.448932	0.444231	0.442975	0.430723	0.440014	0.245168	0	0.304715	0.302034	0.252497	0.251623	0.441093	0.450043	0.452974	0.451638	0.441649	0.440933	0.429652	0.42924	0.431817	0.429849	0.479565	0.428667	0.350848	0.345449	0.345703	0.344998	0.349739	0.347051	0.33595	0.326122	0.324149	0.325491	0.33414	0.335482	0.474053	0.471847	0.446457	0.471252	0.44784	0.475168	0.467862	0.49506	0.50675	0.491965	0.467365	0.46799	0.52468	0.545412	0.547737	0.55779	0.525705	0.523311	0.451786	0.457641	0.452105	0.458707	0.450945	0.45662	0.477409	0.471785	0.46666	0.476149	0.480679	0.480846	0.454538	0.454836	0.472259	0.485077	0.454359	0.475447	0.462508	0.462169	0.460057	0.459963	0.496193	0.459478	0.45153	0.438433	0.442151	0.424999	0.425281	0.424948
ERR626865	0.348666	0.372961	0.350405	0.351141	0.388929	0.392578	0.389763	0.357575	0.390944	0.358491	0.359785	0.384539	0.409428	0.411032	0.412085	0.411651	0.409352	0.4109	0.305029	0.304715	0	0.257478	0.283394	0.28347	0.479884	0.459934	0.459525	0.457787	0.48136	0.479792	0.466513	0.467094	0.462327	0.466056	0.468419	0.466729	0.384031	0.404327	0.39308	0.390468	0.385481	0.392722	0.378966	0.392966	0.393571	0.381004	0.380139	0.379897	0.493098	0.477375	0.47673	0.473554	0.477497	0.478588	0.468348	0.471012	0.47532	0.470578	0.467995	0.46834	0.522247	0.523988	0.523838	0.527969	0.522967	0.521226	0.485761	0.485149	0.486627	0.47102	0.489682	0.476207	0.481355	0.485621	0.489813	0.480235	0.479876	0.478979	0.470102	0.47055	0.464933	0.4651	0.469919	0.465047	0.480886	0.488941	0.496873	0.4908	0.482668	0.490403	0.43925	0.440154	0.440366	0.451156	0.451886	0.451222
ERR626864	0.346961	0.371635	0.348484	0.349346	0.386265	0.390102	0.387047	0.35517	0.388112	0.356247	0.357482	0.38169	0.409436	0.411572	0.412179	0.411554	0.409283	0.410955	0.301835	0.302034	0.257478	0	0.280929	0.280755	0.477858	0.458833	0.458607	0.456995	0.479459	0.477872	0.464577	0.465287	0.46085	0.464367	0.4688	0.464827	0.381607	0.401796	0.390573	0.388015	0.383324	0.390131	0.376529	0.3903	0.39072	0.378073	0.377961	0.377571	0.492499	0.476937	0.475431	0.473281	0.476347	0.478006	0.467753	0.471462	0.475766	0.470791	0.467468	0.467686	0.521719	0.524055	0.524367	0.528481	0.522542	0.52064	0.484109	0.484123	0.485127	0.470305	0.488117	0.47508	0.480571	0.484403	0.488543	0.479556	0.479079	0.478331	0.469156	0.46928	0.464642	0.465513	0.468805	0.465011	0.479161	0.48688	0.494753	0.488735	0.482747	0.488619	0.438657	0.439075	0.439455	0.449498	0.450172	0.449465
ERR626862	0.330305	0.348426	0.328806	0.328585	0.338344	0.341029	0.337405	0.333322	0.337435	0.334164	0.333089	0.333785	0.426879	0.434414	0.43238	0.43119	0.42188	0.428665	0.253327	0.252497	0.283394	0.280929	0	0.248262	0.447944	0.446596	0.448424	0.447868	0.44855	0.44779	0.43352	0.433367	0.433215	0.433578	0.467393	0.433786	0.350742	0.356999	0.351183	0.350486	0.351101	0.352007	0.336704	0.338924	0.33971	0.332841	0.336332	0.336881	0.467524	0.461824	0.446214	0.460557	0.447065	0.464398	0.4627	0.483952	0.494478	0.481873	0.461972	0.46272	0.520235	0.536403	0.537874	0.547047	0.521144	0.518781	0.455613	0.45787	0.455983	0.45597	0.456551	0.455191	0.474578	0.472468	0.470415	0.475269	0.478315	0.478247	0.451718	0.452148	0.464004	0.473962	0.451646	0.466265	0.463298	0.466466	0.467149	0.465077	0.48573	0.464446	0.442868	0.432856	0.435549	0.425474	0.426169	0.425567
ERR626863	0.331919	0.351076	0.32989	0.330197	0.337563	0.340166	0.335629	0.33407	0.335874	0.334377	0.333587	0.332615	0.426141	0.433699	0.430986	0.430032	0.420776	0.427494	0.251769	0.251623	0.28347	0.280755	0.248262	0	0.447575	0.447095	0.449255	0.448428	0.448331	0.447704	0.433797	0.433884	0.433534	0.433915	0.468431	0.433845	0.351479	0.356772	0.351792	0.350445	0.35164	0.352043	0.33726	0.337833	0.337826	0.332185	0.336692	0.337449	0.470442	0.464618	0.447805	0.463614	0.44884	0.467531	0.462978	0.484277	0.494841	0.482067	0.46247	0.463081	0.520045	0.536435	0.53821	0.547164	0.521143	0.518954	0.456001	0.458945	0.456233	0.456706	0.457372	0.456292	0.474677	0.471722	0.469632	0.474188	0.477282	0.477259	0.452614	0.452919	0.464716	0.474891	0.452328	0.467205	0.46291	0.465807	0.466489	0.464374	0.48631	0.463892	0.443456	0.433226	0.436089	0.426086	0.426566	0.426018
ERR607419	0.444785	0.45679	0.441257	0.441028	0.423798	0.424428	0.416295	0.444459	0.415653	0.443774	0.442268	0.417747	0.537974	0.546369	0.543136	0.542243	0.531367	0.539658	0.441996	0.441093	0.479884	0.477858	0.447944	0.447575	0	0.268761	0.275677	0.27277	0.239327	0.239455	0.293182	0.293308	0.298229	0.29348	0.379458	0.291226	0.42414	0.412863	0.416331	0.416459	0.422865	0.418123	0.462834	0.451652	0.451053	0.454685	0.461294	0.462255	0.379339	0.381811	0.328946	0.383293	0.331185	0.388393	0.340515	0.384069	0.401019	0.378361	0.340115	0.340304	0.404916	0.437334	0.441728	0.456005	0.405778	0.40336	0.322066	0.331557	0.323081	0.335753	0.321506	0.331156	0.336216	0.324381	0.316163	0.332961	0.340403	0.34124	0.326594	0.32611	0.353971	0.374676	0.326166	0.35977	0.308014	0.304423	0.30163	0.301904	0.36689	0.301801	0.369035	0.350425	0.355627	0.329821	0.32953	0.329922
ERR607416	0.434859	0.445143	0.434307	0.433412	0.439135	0.441639	0.435451	0.440742	0.434195	0.440487	0.440276	0.432871	0.517361	0.522138	0.522409	0.521722	0.514534	0.519887	0.451185	0.450043	0.459934	0.458833	0.446596	0.447095	0.268761	0	0.24811	0.248107	0.269816	0.268939	0.303185	0.303717	0.298802	0.302113	0.333276	0.304494	0.424602	0.427805	0.423742	0.423969	0.424541	0.424969	0.470942	0.470883	0.472836	0.469198	0.470823	0.470826	0.358486	0.35283	0.323705	0.35213	0.324695	0.357498	0.313168	0.336337	0.349216	0.333109	0.312672	0.312978	0.38216	0.398497	0.400267	0.411399	0.383029	0.380557	0.331897	0.329193	0.332759	0.3195	0.336973	0.32227	0.314401	0.317632	0.321894	0.318495	0.319717	0.319788	0.311807	0.311144	0.317106	0.328349	0.311531	0.319846	0.307733	0.318181	0.32624	0.318692	0.323073	0.318008	0.332748	0.324465	0.326249	0.325871	0.325916	0.325919
ERR607415	0.434889	0.444168	0.4352	0.433698	0.442363	0.445098	0.43951	0.441912	0.437968	0.442002	0.441659	0.436175	0.514828	0.519162	0.520021	0.519582	0.512709	0.517698	0.454247	0.452974	0.459525	0.458607	0.448424	0.449255	0.275677	0.24811	0	0.248895	0.276767	0.275529	0.307104	0.307685	0.302277	0.306167	0.328203	0.309176	0.42606	0.430853	0.425734	0.426087	0.425938	0.427008	0.473147	0.474478	0.476915	0.472158	0.473231	0.47308	0.355826	0.349893	0.324398	0.348754	0.325287	0.353961	0.312521	0.332306	0.344663	0.329785	0.311825	0.31214	0.381364	0.395405	0.396569	0.407388	0.382328	0.379666	0.335471	0.330614	0.335746	0.319524	0.340896	0.322966	0.314269	0.319546	0.325538	0.320381	0.320543	0.320661	0.312586	0.311765	0.315057	0.32449	0.312244	0.316692	0.310969	0.323263	0.33208	0.323855	0.318912	0.322961	0.331162	0.324358	0.325669	0.328375	0.328797	0.32846
ERR607417	0.435224	0.44767	0.435037	0.434034	0.441653	0.444129	0.438779	0.442432	0.43782	0.442312	0.442186	0.436391	0.514767	0.519607	0.519935	0.519159	0.512061	0.517475	0.453156	0.451638	0.457787	0.456995	0.447868	0.448428	0.27277	0.248107	0.248895	0	0.274027	0.272734	0.307222	0.308177	0.303234	0.30641	0.334966	0.308307	0.426654	0.430392	0.426074	0.426121	0.42653	0.427412	0.475037	0.475067	0.476587	0.472836	0.474926	0.474908	0.363002	0.355473	0.3281	0.353958	0.329038	0.360031	0.312588	0.333126	0.344744	0.330078	0.312341	0.312195	0.381465	0.395661	0.397136	0.407427	0.382306	0.379639	0.334985	0.332734	0.336071	0.319993	0.340116	0.323897	0.314168	0.318222	0.323078	0.317659	0.318055	0.318111	0.313003	0.312894	0.315909	0.325173	0.312889	0.318233	0.308871	0.319501	0.329048	0.321356	0.322991	0.320417	0.330686	0.324405	0.325772	0.32822	0.328533	0.32859
ERR607418	0.445653	0.457117	0.442093	0.441922	0.423517	0.424222	0.415901	0.444834	0.415301	0.444032	0.442445	0.417346	0.53942	0.547921	0.544606	0.543587	0.53273	0.541089	0.442358	0.441649	0.48136	0.479459	0.44855	0.448331	0.239327	0.269816	0.276767	0.274027	0	0.239208	0.292765	0.292538	0.298026	0.292977	0.380098	0.290701	0.424485	0.412594	0.416383	0.416283	0.423013	0.417944	0.462568	0.451115	0.450474	0.454204	0.460913	0.461969	0.379003	0.382138	0.328347	0.383905	0.330683	0.3887	0.341827	0.385959	0.402866	0.380186	0.341671	0.34176	0.405854	0.438786	0.443201	0.457785	0.40708	0.404648	0.322075	0.33177	0.322957	0.336361	0.321433	0.331692	0.337235	0.324947	0.316724	0.334111	0.341821	0.342732	0.327044	0.326544	0.355243	0.376013	0.326901	0.360858	0.309203	0.305111	0.30192	0.302085	0.368301	0.302131	0.370786	0.351702	0.357388	0.330696	0.330156	0.330654
ERR607420	0.444856	0.456546	0.441281	0.441075	0.423403	0.424066	0.415558	0.444173	0.414937	0.443489	0.441834	0.417107	0.538311	0.546604	0.543382	0.542345	0.531586	0.539933	0.441859	0.440933	0.479792	0.477872	0.44779	0.447704	0.239455	0.268939	0.275529	0.272734	0.239208	0	0.292701	0.292754	0.297774	0.293124	0.378812	0.290432	0.423695	0.412413	0.415828	0.415893	0.422325	0.417687	0.462135	0.450782	0.45022	0.453856	0.460547	0.461502	0.37853	0.380965	0.327961	0.382679	0.329834	0.387731	0.340399	0.383741	0.400634	0.378209	0.340269	0.3404	0.404907	0.437194	0.441479	0.455906	0.405638	0.403304	0.321821	0.331204	0.322688	0.335322	0.321297	0.331077	0.336166	0.324271	0.316242	0.333063	0.340511	0.341497	0.32607	0.325477	0.353504	0.37411	0.325987	0.359151	0.308128	0.304492	0.301916	0.30213	0.366865	0.301962	0.369256	0.350329	0.355883	0.330369	0.329898	0.330287
ERR608582	0.423958	0.428609	0.420724	0.420492	0.409714	0.411861	0.395619	0.412022	0.393974	0.41148	0.409794	0.393338	0.530568	0.538161	0.536255	0.535367	0.525049	0.532637	0.429866	0.429652	0.466513	0.464577	0.43352	0.433797	0.293182	0.303185	0.307104	0.307222	0.292765	0.292701	0	0.241293	0.244523	0.241692	0.32332	0.243084	0.400563	0.396326	0.394936	0.39568	0.399512	0.395872	0.435413	0.432275	0.434709	0.431896	0.434684	0.435044	0.349914	0.353725	0.309009	0.356082	0.310226	0.359657	0.314247	0.358127	0.376402	0.352396	0.313559	0.314288	0.400038	0.429709	0.43273	0.447903	0.401209	0.398887	0.303342	0.305834	0.303295	0.312285	0.304378	0.307733	0.332729	0.325364	0.321356	0.335008	0.34079	0.341527	0.301131	0.301081	0.328482	0.350127	0.300797	0.333454	0.298852	0.301821	0.300423	0.298017	0.341766	0.296984	0.339467	0.319679	0.324885	0.29907	0.2998	0.299296
ERR608584	0.424348	0.42876	0.421089	0.420685	0.409383	0.411624	0.395681	0.412624	0.393808	0.411868	0.41036	0.393262	0.531422	0.538932	0.536834	0.536083	0.525635	0.533367	0.429622	0.42924	0.467094	0.465287	0.433367	0.433884	0.293308	0.303717	0.307685	0.308177	0.292538	0.292754	0.241293	0	0.244699	0.241215	0.324223	0.243393	0.40085	0.396154	0.394962	0.395729	0.399795	0.396014	0.435162	0.431906	0.434457	0.43182	0.43441	0.434879	0.349691	0.354074	0.309067	0.356886	0.310185	0.360219	0.315328	0.359726	0.378121	0.354157	0.314695	0.315048	0.400894	0.431038	0.434112	0.449346	0.402195	0.399559	0.30291	0.305575	0.302785	0.312337	0.303994	0.307613	0.333102	0.325799	0.321403	0.335849	0.341838	0.34242	0.301268	0.301036	0.329162	0.351152	0.300729	0.334632	0.299889	0.30256	0.300414	0.29843	0.342725	0.297274	0.340903	0.320924	0.325998	0.299655	0.299846	0.299384
ERR608580	0.422484	0.425219	0.419533	0.41938	0.413676	0.416338	0.399881	0.410513	0.397986	0.409799	0.408745	0.396347	0.526872	0.533241	0.532161	0.531319	0.522146	0.528864	0.432019	0.431817	0.462327	0.46085	0.433215	0.433534	0.298229	0.298802	0.302277	0.303234	0.298026	0.297774	0.244523	0.244699	0	0.244255	0.309149	0.245168	0.400598	0.400554	0.396752	0.397493	0.399999	0.397543	0.436196	0.436125	0.439271	0.434451	0.435824	0.436059	0.343915	0.34512	0.306657	0.347382	0.307782	0.350732	0.308592	0.347295	0.365107	0.342483	0.307866	0.308731	0.395473	0.421241	0.42377	0.438492	0.396699	0.3943	0.30531	0.304448	0.305052	0.308013	0.30802	0.304938	0.327861	0.323587	0.322742	0.332257	0.33648	0.336995	0.297532	0.29738	0.319177	0.339445	0.297132	0.323826	0.298511	0.304741	0.306069	0.302249	0.33086	0.300961	0.331098	0.313025	0.317485	0.298081	0.298803	0.298398
ERR608583	0.424318	0.429219	0.421129	0.420922	0.410721	0.412999	0.397042	0.412764	0.395424	0.412082	0.410705	0.394661	0.53028	0.537791	0.535832	0.535113	0.524872	0.532301	0.430322	0.429849	0.466056	0.464367	0.433578	0.433915	0.29348	0.302113	0.306167	0.30641	0.292977	0.293124	0.241692	0.241215	0.244255	0	0.322183	0.243214	0.401515	0.397586	0.396058	0.396678	0.400384	0.397003	0.43666	0.433663	0.436083	0.433303	0.4359	0.436329	0.350007	0.35373	0.30964	0.35571	0.311036	0.359339	0.313334	0.356539	0.374801	0.351184	0.312632	0.313073	0.399204	0.428302	0.431518	0.446389	0.400416	0.397905	0.303059	0.305352	0.302618	0.310946	0.304201	0.306633	0.33175	0.324781	0.320913	0.334101	0.339716	0.340271	0.299922	0.299979	0.32676	0.348451	0.299837	0.331925	0.29832	0.301681	0.300522	0.298045	0.340565	0.297111	0.338278	0.318889	0.323588	0.298835	0.299236	0.298798
ERR608579	0.44082	0.431514	0.443004	0.441719	0.467905	0.472943	0.459435	0.435172	0.456078	0.435649	0.436413	0.449551	0.523917	0.52321	0.528491	0.528363	0.525724	0.527002	0.47924	0.479565	0.468419	0.4688	0.467393	0.468431	0.379458	0.333276	0.328203	0.334966	0.380098	0.378812	0.32332	0.324223	0.309149	0.322183	0	0.329574	0.433921	0.455469	0.440921	0.441903	0.435417	0.439954	0.472377	0.489458	0.497148	0.481581	0.47453	0.473211	0.339955	0.330562	0.343077	0.331063	0.341966	0.330532	0.326386	0.321166	0.330249	0.322118	0.324973	0.326454	0.408138	0.40323	0.400646	0.409376	0.409295	0.406659	0.371475	0.35202	0.370277	0.340973	0.380694	0.346611	0.351627	0.368713	0.383998	0.369141	0.363769	0.363809	0.33357	0.332612	0.316573	0.317606	0.333218	0.31366	0.356884	0.379181	0.390196	0.379178	0.30412	0.377056	0.327326	0.329313	0.326634	0.348387	0.350178	0.348953
ERR608581	0.4265	0.432489	0.422631	0.423027	0.409386	0.411259	0.394176	0.413273	0.392945	0.412365	0.410974	0.392816	0.5313	0.538977	0.536388	0.535478	0.525164	0.532947	0.429083	0.428667	0.466729	0.464827	0.433786	0.433845	0.291226	0.304494	0.309176	0.308307	0.290701	0.290432	0.243084	0.243393	0.245168	0.243214	0.329574	0	0.401756	0.396005	0.395606	0.396037	0.400458	0.396558	0.436421	0.431894	0.433355	0.431706	0.435417	0.436212	0.357495	0.359387	0.312669	0.361613	0.314747	0.36585	0.316629	0.360304	0.37826	0.354559	0.316383	0.316904	0.401456	0.430701	0.434272	0.44909	0.40239	0.400131	0.303494	0.308633	0.30377	0.314049	0.304174	0.309853	0.334056	0.325218	0.32027	0.334106	0.340295	0.34089	0.304085	0.304001	0.330473	0.352407	0.303855	0.336212	0.297825	0.29852	0.297803	0.29593	0.346235	0.295351	0.340714	0.320787	0.326005	0.300615	0.30114	0.30095
ERR621996	0.307331	0.311916	0.304288	0.304835	0.311524	0.316049	0.333609	0.327044	0.33288	0.326762	0.325584	0.327256	0.45597	0.462862	0.461983	0.460841	0.451648	0.458253	0.35148	0.350848	0.384031	0.381607	0.350742	0.351479	0.42414	0.424602	0.42606	0.426654	0.424485	0.423695	0.400563	0.40085	0.400598	0.401515	0.433921	0.401756	0	0.263828	0.249588	0.247556	0.243666	0.248787	0.333945	0.344806	0.347794	0.335854	0.334007	0.333874	0.414604	0.410792	0.394971	0.412482	0.395639	0.414759	0.441613	0.465322	0.47631	0.461952	0.440799	0.442575	0.504594	0.521164	0.522642	0.532114	0.505485	0.503278	0.434572	0.434147	0.434018	0.435743	0.435838	0.434435	0.460346	0.459556	0.45712	0.464043	0.466919	0.467206	0.42483	0.42487	0.438471	0.450266	0.424417	0.440795	0.443779	0.447754	0.447258	0.445161	0.462797	0.444713	0.421553	0.41025	0.413517	0.401184	0.401401	0.400967
ERR621991	0.333006	0.34442	0.327138	0.327437	0.298492	0.299943	0.320997	0.352336	0.320717	0.351747	0.348916	0.321199	0.463944	0.474807	0.470647	0.469167	0.455845	0.465853	0.346632	0.345449	0.404327	0.401796	0.356999	0.356772	0.412863	0.427805	0.430853	0.430392	0.412594	0.412413	0.396326	0.396154	0.400554	0.397586	0.455469	0.396005	0.263828	0	0.249378	0.250139	0.260289	0.250993	0.344486	0.333271	0.332693	0.334967	0.341933	0.343366	0.437843	0.440188	0.406585	0.44249	0.40794	0.445552	0.445448	0.478498	0.491344	0.474106	0.44479	0.446095	0.506707	0.530845	0.533543	0.544775	0.507674	0.505194	0.426247	0.431363	0.425976	0.437197	0.424661	0.433348	0.457458	0.45119	0.444107	0.458071	0.463466	0.464128	0.42773	0.427973	0.450427	0.465952	0.427841	0.454063	0.440229	0.43881	0.434102	0.435235	0.476609	0.434686	0.433387	0.417479	0.421934	0.39875	0.39838	0.398046
ERR621992	0.316512	0.32295	0.312376	0.312126	0.300538	0.304071	0.32369	0.335429	0.322847	0.335026	0.333006	0.319824	0.458947	0.468014	0.465561	0.46432	0.453105	0.461262	0.346808	0.345703	0.39308	0.390573	0.351183	0.351792	0.416331	0.423742	0.425734	0.426074	0.416383	0.415828	0.394936	0.394962	0.396752	0.396058	0.440921	0.395606	0.249588	0.249378	0	0.244522	0.247612	0.243712	0.333879	0.334828	0.336921	0.331011	0.332914	0.333367	0.420552	0.42065	0.395885	0.422858	0.39683	0.425333	0.440904	0.469991	0.482231	0.466117	0.440185	0.441744	0.503918	0.524705	0.526845	0.537314	0.504865	0.50249	0.42766	0.429173	0.427136	0.433856	0.427477	0.430937	0.457018	0.454062	0.449363	0.460062	0.464346	0.464801	0.422926	0.422971	0.441761	0.455946	0.422704	0.444818	0.439923	0.44166	0.438956	0.438433	0.466928	0.437669	0.425001	0.411104	0.414849	0.396483	0.396345	0.39599
ERR621994	0.316042	0.324263	0.311086	0.311942	0.301058	0.304288	0.323468	0.334208	0.323018	0.333782	0.331966	0.319901	0.457852	0.466662	0.463896	0.462617	0.451679	0.459827	0.345589	0.344998	0.390468	0.388015	0.350486	0.350445	0.416459	0.423969	0.426087	0.426121	0.416283	0.415893	0.39568	0.395729	0.397493	0.396678	0.441903	0.396037	0.247556	0.250139	0.244522	0	0.245874	0.244174	0.334723	0.335522	0.336749	0.331081	0.3337	0.334245	0.423711	0.422432	0.397591	0.424552	0.398676	0.427197	0.44122	0.469349	0.481181	0.465417	0.440592	0.441919	0.503881	0.523967	0.526046	0.536348	0.504829	0.502387	0.428688	0.430976	0.428417	0.434527	0.428594	0.432066	0.457269	0.453569	0.44912	0.458856	0.463168	0.463507	0.423639	0.423802	0.441481	0.455229	0.423379	0.444592	0.439227	0.4407	0.438493	0.437816	0.467223	0.437425	0.42461	0.410854	0.414738	0.397496	0.397355	0.397127
ERR621995	0.308594	0.313711	0.305272	0.305654	0.309004	0.313432	0.331619	0.328102	0.33091	0.327791	0.326804	0.3256	0.456521	0.463951	0.462848	0.461552	0.452084	0.458892	0.350552	0.349739	0.385481	0.383324	0.351101	0.35164	0.422865	0.424541	0.425938	0.42653	0.423013	0.422325	0.399512	0.399795	0.399999	0.400384	0.435417	0.400458	0.243666	0.260289	0.247612	0.245874	0	0.246945	0.333543	0.342623	0.345532	0.334629	0.333562	0.333462	0.415593	0.412291	0.394843	0.41424	0.395628	0.416465	0.441848	0.466363	0.477467	0.462949	0.440997	0.4426	0.504676	0.521883	0.5236	0.533264	0.505688	0.503309	0.433411	0.433629	0.433088	0.435696	0.434573	0.434173	0.460047	0.458777	0.455993	0.463409	0.466706	0.466982	0.424613	0.424829	0.439251	0.451593	0.42433	0.441773	0.443168	0.446533	0.445735	0.443949	0.463786	0.44334	0.422312	0.410465	0.413872	0.4006	0.400777	0.400314
ERR621993	0.316693	0.322444	0.312285	0.31256	0.30264	0.305984	0.32459	0.334576	0.323618	0.334209	0.33223	0.320248	0.459148	0.467798	0.465281	0.464142	0.453307	0.461135	0.347429	0.347051	0.392722	0.390131	0.352007	0.352043	0.418123	0.424969	0.427008	0.427412	0.417944	0.417687	0.395872	0.396014	0.397543	0.397003	0.439954	0.396558	0.248787	0.250993	0.243712	0.244174	0.246945	0	0.334098	0.335738	0.337767	0.331321	0.333275	0.333618	0.421052	0.420749	0.396624	0.423219	0.397717	0.425401	0.441582	0.470223	0.48222	0.466331	0.44102	0.442483	0.504744	0.52516	0.527097	0.537759	0.505659	0.503361	0.428879	0.430381	0.428433	0.43494	0.429086	0.431968	0.45786	0.454572	0.450478	0.460468	0.464802	0.465072	0.424004	0.424069	0.442298	0.456301	0.423723	0.445235	0.440885	0.442794	0.44015	0.439621	0.466774	0.438953	0.425645	0.411746	0.415415	0.39748	0.397619	0.397083
ERR636821	0.336205	0.327952	0.331223	0.333499	0.3308	0.335008	0.307934	0.294886	0.306371	0.294812	0.292496	0.297058	0.465015	0.470774	0.469677	0.468935	0.460511	0.465998	0.334973	0.33595	0.378966	0.376529	0.336704	0.33726	0.462834	0.470942	0.473147	0.475037	0.462568	0.462135	0.435413	0.435162	0.436196	0.43666	0.472377	0.436421	0.333945	0.344486	0.333879	0.334723	0.333543	0.334098	0	0.259764	0.267101	0.243848	0.235905	0.235753	0.42865	0.431293	0.411258	0.43445	0.41202	0.434683	0.488951	0.516205	0.528895	0.51291	0.48798	0.489364	0.550336	0.570466	0.572297	0.583723	0.551343	0.54904	0.471227	0.470751	0.470411	0.479276	0.471748	0.475555	0.511981	0.508885	0.504921	0.516375	0.520818	0.521184	0.463941	0.463964	0.483201	0.498584	0.463766	0.485824	0.484233	0.486134	0.482239	0.482603	0.506335	0.481369	0.468474	0.45344	0.457747	0.438706	0.439251	0.438717
ERR636819	0.35408	0.357052	0.347361	0.349123	0.317804	0.319181	0.294246	0.329802	0.292937	0.32894	0.325161	0.292324	0.461263	0.471134	0.466296	0.465258	0.452432	0.461441	0.325057	0.326122	0.392966	0.3903	0.338924	0.337833	0.451652	0.470883	0.474478	0.475067	0.451115	0.450782	0.432275	0.431906	0.436125	0.433663	0.489458	0.431894	0.344806	0.333271	0.334828	0.335522	0.342623	0.335738	0.259764	0	0.242275	0.244181	0.255532	0.258103	0.460814	0.46683	0.43131	0.470071	0.432762	0.47115	0.487714	0.521519	0.53522	0.51733	0.487032	0.488166	0.54667	0.572315	0.574911	0.587378	0.547619	0.545159	0.462418	0.467379	0.461995	0.477851	0.460782	0.472507	0.502979	0.494752	0.487651	0.503746	0.510032	0.510453	0.465552	0.465803	0.490488	0.50782	0.465575	0.494175	0.477696	0.474924	0.468003	0.470973	0.514193	0.470046	0.474076	0.455788	0.460813	0.434701	0.434591	0.434303
ERR636818	0.35826	0.365718	0.350642	0.353403	0.317222	0.317655	0.292417	0.334576	0.292775	0.333384	0.329903	0.29323	0.462253	0.472802	0.466898	0.4658	0.452492	0.462093	0.323109	0.324149	0.393571	0.39072	0.33971	0.337826	0.451053	0.472836	0.476915	0.476587	0.450474	0.45022	0.434709	0.434457	0.439271	0.436083	0.497148	0.433355	0.347794	0.332693	0.336921	0.336749	0.345532	0.337767	0.267101	0.242275	0	0.247296	0.262292	0.265566	0.470389	0.474923	0.437224	0.477869	0.439056	0.479657	0.490004	0.523891	0.537192	0.519417	0.489476	0.490465	0.54826	0.573798	0.576749	0.588804	0.549143	0.546771	0.464488	0.471598	0.464541	0.480732	0.462312	0.475954	0.504198	0.49483	0.486907	0.503015	0.509589	0.509984	0.468995	0.469289	0.493615	0.510948	0.468841	0.497723	0.477755	0.473358	0.466797	0.470149	0.519094	0.46949	0.47608	0.457878	0.463158	0.437175	0.436854	0.436487
