	ERR622581	ERR622579	ERR622577	ERR622578	ERR622582	ERR622580	ERR626884	ERR626883	ERR626881	ERR626880	ERR626882	ERR626879	ERR613256	ERR613253	ERR613252	ERR613251	ERR613254	ERR613255	ERR613905	ERR613903	ERR613907	ERR613906	ERR613904	ERR613902	ERR636787	ERR636789	ERR636788	ERR636790	ERR636792	ERR636791	ERR621996	ERR621991	ERR621992	ERR621994	ERR621995	ERR621993	ERR629929	ERR629932	ERR629933	ERR629928	ERR629931	ERR629930	ERR636835	ERR636838	ERR636836	ERR636839	ERR636840	ERR636837	ERR611343	ERR611344	ERR611346	ERR611341	ERR611345	ERR611342	ERR617751	ERR617755	ERR617754	ERR617752	ERR617756	ERR617753	ERR631325	ERR631323	ERR631328	ERR631327	ERR631326	ERR631324	ERR617267	ERR617269	ERR617265	ERR617270	ERR617266	ERR617268	ERR616987	ERR616986	ERR616989	ERR616988	ERR616990	ERR616985	ERR606652	ERR606653	ERR606651	ERR606648	ERR606649	ERR606650	ERR613788	ERR613791	ERR613790	ERR613793	ERR613792	ERR613789	ERR618319	ERR618317	ERR618316	ERR618320	ERR618318	ERR618315
ERR622581	0	0.289744	0.279259	0.269651	0.256702	0.256993	0.346736	0.337236	0.338547	0.335138	0.337227	0.351552	0.377832	0.350744	0.353907	0.368261	0.384808	0.377159	0.364917	0.364748	0.37127	0.364573	0.361945	0.372371	0.39334	0.387545	0.3884	0.386913	0.387255	0.387668	0.371037	0.380736	0.372912	0.373154	0.371571	0.372981	0.446957	0.450577	0.44942	0.45231	0.449591	0.452021	0.375906	0.375839	0.37592	0.376304	0.37689	0.374889	0.474496	0.469019	0.468801	0.471385	0.469819	0.469995	0.728279	0.471264	0.470087	0.728332	0.471263	0.727823	0.386779	0.369221	0.368596	0.367372	0.367575	0.369955	0.51842	0.525156	0.510811	0.525532	0.519976	0.52488	0.501125	0.500095	0.504505	0.503635	0.505187	0.49745	0.45748	0.454117	0.444843	0.485672	0.458009	0.454525	0.448234	0.439198	0.435597	0.439825	0.440307	0.440711	0.460071	0.457019	0.459363	0.46528	0.459532	0.458189
ERR622579	0.289744	0	0.335195	0.32004	0.294523	0.288075	0.396833	0.347128	0.382625	0.378808	0.349276	0.40338	0.351844	0.368388	0.379032	0.39964	0.354048	0.351095	0.411122	0.415786	0.428538	0.41145	0.401795	0.428932	0.432222	0.432699	0.432499	0.435433	0.437282	0.436716	0.407329	0.431119	0.417837	0.416856	0.409533	0.417662	0.46409	0.464081	0.465028	0.48175	0.465747	0.480066	0.417798	0.425744	0.422808	0.426734	0.428585	0.422881	0.51348	0.50693	0.506494	0.508611	0.508886	0.505413	0.70919	0.481422	0.477559	0.715135	0.48373	0.716213	0.435051	0.405919	0.401342	0.400835	0.401535	0.401063	0.531282	0.546484	0.523742	0.547232	0.532053	0.546763	0.516226	0.513781	0.512522	0.512586	0.514523	0.510748	0.500154	0.494708	0.475221	0.481746	0.500326	0.494934	0.48863	0.470841	0.453551	0.472284	0.47234	0.475416	0.46811	0.472979	0.470752	0.467442	0.469683	0.472163
ERR622577	0.279259	0.335195	0	0.252885	0.273921	0.281704	0.319432	0.345309	0.320172	0.318985	0.342816	0.319523	0.410993	0.348449	0.34255	0.345368	0.423752	0.410898	0.352345	0.349283	0.343663	0.351501	0.367193	0.345225	0.396618	0.384392	0.38233	0.379988	0.377962	0.380223	0.367521	0.35613	0.359737	0.359449	0.36609	0.36143	0.45317	0.46417	0.46161	0.443418	0.460774	0.444918	0.375507	0.367507	0.364842	0.367162	0.364567	0.367554	0.454807	0.46306	0.456402	0.455561	0.455658	0.455285	0.718967	0.472751	0.475778	0.713456	0.469933	0.711469	0.360807	0.35782	0.362633	0.361809	0.361012	0.361281	0.50935	0.506228	0.506437	0.506278	0.511071	0.505563	0.494139	0.495618	0.513799	0.511993	0.514281	0.497121	0.444522	0.443974	0.446824	0.520332	0.442324	0.441982	0.432087	0.431779	0.448478	0.431964	0.432388	0.43228	0.474836	0.463167	0.470624	0.48497	0.471204	0.470539
ERR622578	0.269651	0.32004	0.252885	0	0.26564	0.271866	0.322882	0.337923	0.320712	0.318764	0.336274	0.324226	0.399659	0.344962	0.341884	0.347242	0.411425	0.399525	0.353303	0.351556	0.349249	0.352838	0.363973	0.35086	0.395004	0.384356	0.382849	0.381123	0.379728	0.381652	0.366363	0.360282	0.361225	0.360964	0.365465	0.362652	0.449315	0.459006	0.457025	0.443516	0.456242	0.444477	0.374192	0.368619	0.366386	0.368701	0.367051	0.368174	0.457981	0.463289	0.457791	0.457772	0.457698	0.457164	0.71768	0.470414	0.472291	0.713647	0.468101	0.7121	0.365996	0.358611	0.36203	0.361183	0.360895	0.360916	0.509672	0.509433	0.505686	0.50955	0.511442	0.508905	0.49419	0.495067	0.510197	0.50861	0.510939	0.495742	0.446494	0.44502	0.444352	0.511161	0.444872	0.443428	0.434302	0.431234	0.443037	0.431611	0.432	0.432307	0.469654	0.459736	0.466084	0.478512	0.466507	0.465956
ERR622582	0.256702	0.294523	0.273921	0.26564	0	0.257311	0.341678	0.337297	0.334445	0.331451	0.336985	0.346212	0.381695	0.349693	0.351893	0.364901	0.389414	0.381026	0.361175	0.360734	0.365793	0.36082	0.359949	0.367115	0.391029	0.384455	0.385238	0.383222	0.383323	0.383801	0.369144	0.376341	0.369906	0.370043	0.369468	0.369941	0.447461	0.451665	0.450536	0.450886	0.450654	0.450855	0.373521	0.372249	0.372494	0.372736	0.373066	0.371613	0.471545	0.467291	0.466541	0.468879	0.467225	0.467729	0.728987	0.47168	0.470886	0.728379	0.471335	0.727856	0.381934	0.366341	0.366312	0.364946	0.365114	0.367367	0.517862	0.523134	0.510572	0.523623	0.519279	0.522913	0.500859	0.49986	0.505854	0.504929	0.506365	0.497621	0.454977	0.451878	0.444524	0.489884	0.455318	0.452431	0.445461	0.437811	0.436705	0.438427	0.438703	0.438908	0.461825	0.457409	0.460694	0.467678	0.460907	0.459481
ERR622580	0.256993	0.288075	0.281704	0.271866	0.257311	0	0.348577	0.33756	0.340516	0.337126	0.337582	0.353658	0.377111	0.352215	0.355962	0.370651	0.383716	0.376305	0.366795	0.366789	0.373856	0.366554	0.362811	0.374866	0.394216	0.388701	0.389729	0.388608	0.388826	0.389232	0.372198	0.38291	0.374468	0.374836	0.372913	0.374827	0.44814	0.45129	0.450332	0.454112	0.450615	0.4537	0.377131	0.377787	0.377826	0.378319	0.378893	0.37653	0.476705	0.470854	0.470729	0.473389	0.471789	0.471895	0.729285	0.472515	0.471193	0.729492	0.472697	0.72903	0.388898	0.371072	0.370086	0.368877	0.368948	0.371564	0.520025	0.527035	0.512301	0.527378	0.521624	0.526757	0.502826	0.501646	0.505625	0.504856	0.506084	0.498914	0.459488	0.455854	0.446322	0.485328	0.459955	0.456534	0.450237	0.441014	0.436475	0.441674	0.442042	0.442561	0.460933	0.458063	0.460573	0.465867	0.460394	0.459084
ERR626884	0.346736	0.396833	0.319432	0.322882	0.341678	0.348577	0	0.292891	0.24886	0.250491	0.28924	0.246086	0.452191	0.391187	0.384771	0.383558	0.464043	0.451376	0.328284	0.328083	0.32465	0.327408	0.34743	0.325346	0.366736	0.356742	0.352445	0.352243	0.350349	0.352574	0.364836	0.353823	0.357482	0.356079	0.363359	0.358567	0.455698	0.468451	0.46442	0.440432	0.463419	0.441916	0.355666	0.350248	0.345118	0.350463	0.347972	0.350103	0.447276	0.458746	0.449604	0.448307	0.449307	0.447725	0.721126	0.485879	0.490976	0.714054	0.48231	0.712006	0.332939	0.335647	0.340068	0.33918	0.338684	0.340298	0.529291	0.52236	0.528606	0.521772	0.530511	0.521807	0.511605	0.513233	0.536965	0.534427	0.536558	0.517297	0.457941	0.457558	0.463837	0.541639	0.455024	0.455686	0.423558	0.42657	0.451453	0.426562	0.427141	0.426484	0.481321	0.467383	0.475914	0.492433	0.475906	0.475859
ERR626883	0.337236	0.347128	0.345309	0.337923	0.337297	0.33756	0.292891	0	0.280321	0.279078	0.255536	0.299387	0.397942	0.377145	0.380751	0.390826	0.406587	0.397389	0.363896	0.370546	0.378626	0.363405	0.371255	0.378854	0.393309	0.391519	0.386865	0.392113	0.392589	0.39316	0.384911	0.395749	0.389589	0.38677	0.385785	0.389652	0.453516	0.46331	0.461301	0.455998	0.46119	0.455677	0.383625	0.389685	0.382316	0.390831	0.390664	0.386948	0.481112	0.487744	0.479677	0.478741	0.481364	0.475794	0.684682	0.475132	0.477141	0.685061	0.474477	0.685138	0.374008	0.352819	0.350606	0.350741	0.351115	0.348472	0.523694	0.529507	0.522586	0.52958	0.524571	0.529594	0.507747	0.507701	0.522985	0.521654	0.524682	0.510706	0.492967	0.489314	0.480444	0.525672	0.490257	0.487237	0.455381	0.443725	0.44977	0.444835	0.444999	0.448147	0.470492	0.465091	0.468686	0.47567	0.467513	0.472099
ERR626881	0.338547	0.382625	0.320172	0.320712	0.334445	0.340516	0.24886	0.280321	0	0.248044	0.277423	0.250774	0.439799	0.386365	0.382107	0.383978	0.450886	0.438967	0.328358	0.329543	0.330172	0.327508	0.343166	0.330811	0.364084	0.356401	0.352278	0.353622	0.352334	0.354083	0.361873	0.357083	0.35744	0.356007	0.361081	0.358419	0.449846	0.461697	0.458096	0.438713	0.457067	0.439577	0.353084	0.351043	0.345655	0.35159	0.349704	0.349988	0.449649	0.458428	0.450198	0.449362	0.450559	0.448212	0.716651	0.481707	0.486076	0.711194	0.478783	0.709668	0.337625	0.334466	0.337377	0.33639	0.336212	0.33753	0.52815	0.524009	0.526578	0.523671	0.529164	0.523599	0.510323	0.51157	0.532349	0.530216	0.532265	0.51469	0.459855	0.458509	0.460872	0.5321	0.457358	0.456759	0.424619	0.424327	0.444533	0.424283	0.42511	0.424871	0.474266	0.462	0.46964	0.484196	0.469354	0.469722
ERR626880	0.335138	0.378808	0.318985	0.318764	0.331451	0.337126	0.250491	0.279078	0.248044	0	0.276587	0.252236	0.438059	0.386115	0.382199	0.385248	0.448858	0.437203	0.329094	0.33012	0.331621	0.328184	0.341648	0.332106	0.363275	0.355258	0.351751	0.352781	0.351867	0.353294	0.360792	0.356917	0.356633	0.355819	0.360105	0.358053	0.448169	0.459517	0.45594	0.438056	0.455089	0.438827	0.352352	0.350169	0.345283	0.350864	0.34936	0.349075	0.449334	0.456369	0.449105	0.448686	0.449464	0.447378	0.719364	0.481141	0.4847	0.714366	0.478409	0.71294	0.339669	0.335332	0.337955	0.336921	0.337011	0.338484	0.527986	0.524861	0.525936	0.524686	0.529375	0.524416	0.50937	0.510383	0.529969	0.527806	0.529898	0.513027	0.458107	0.456577	0.458545	0.528425	0.455609	0.454902	0.424279	0.423445	0.441811	0.423622	0.424223	0.423788	0.472305	0.460328	0.467687	0.481909	0.467821	0.467419
ERR626882	0.337227	0.349276	0.342816	0.336274	0.336985	0.337582	0.28924	0.255536	0.277423	0.276587	0	0.295822	0.399438	0.376151	0.379135	0.388514	0.408624	0.399168	0.361941	0.368597	0.375791	0.361478	0.371005	0.376038	0.392957	0.390601	0.385811	0.391144	0.391282	0.391905	0.384337	0.393868	0.388217	0.385268	0.38493	0.388283	0.453665	0.464005	0.461864	0.455203	0.461766	0.454949	0.382905	0.388465	0.381022	0.389492	0.389213	0.385866	0.479672	0.487352	0.478727	0.477652	0.480169	0.474699	0.684232	0.475127	0.477452	0.684175	0.474144	0.684116	0.370899	0.350321	0.348623	0.348802	0.349232	0.346207	0.522842	0.527816	0.522072	0.527983	0.523577	0.527945	0.507125	0.507089	0.523443	0.52197	0.525037	0.510495	0.492139	0.48863	0.48036	0.527695	0.489298	0.486216	0.454192	0.443039	0.450351	0.444099	0.444419	0.447589	0.471226	0.465338	0.469293	0.476721	0.468169	0.472926
ERR626879	0.351552	0.40338	0.319523	0.324226	0.346212	0.353658	0.246086	0.299387	0.250774	0.252236	0.295822	0	0.459083	0.394769	0.387355	0.384959	0.471572	0.458526	0.329613	0.328561	0.32347	0.328549	0.350136	0.324294	0.369722	0.358733	0.354116	0.354054	0.351771	0.354317	0.366599	0.352294	0.357526	0.356644	0.364828	0.359529	0.457459	0.47082	0.466683	0.440517	0.46574	0.441996	0.358039	0.351518	0.346091	0.351538	0.348648	0.351232	0.444804	0.45748	0.448017	0.446266	0.447536	0.445853	0.722612	0.48811	0.493365	0.714751	0.484174	0.712506	0.334187	0.338994	0.344256	0.343285	0.342708	0.343952	0.529969	0.521933	0.529439	0.521405	0.53139	0.52122	0.512006	0.51418	0.538797	0.536136	0.538195	0.518288	0.455695	0.455656	0.463608	0.544977	0.452383	0.453303	0.422137	0.426655	0.453503	0.426626	0.427086	0.426226	0.484383	0.469402	0.478707	0.4961	0.478924	0.478309
ERR613256	0.377832	0.351844	0.410993	0.399659	0.381695	0.377111	0.452191	0.397942	0.439799	0.438059	0.399438	0.459083	0	0.317007	0.331738	0.353643	0.281549	0.278032	0.457267	0.46238	0.468441	0.457362	0.460201	0.468793	0.500102	0.498547	0.496764	0.498188	0.498167	0.498682	0.458603	0.474689	0.46647	0.463797	0.460174	0.464869	0.480979	0.484378	0.485663	0.500047	0.486847	0.498875	0.469142	0.473518	0.470083	0.474017	0.47381	0.472217	0.543768	0.546947	0.54145	0.54155	0.542809	0.539099	0.657384	0.468872	0.466779	0.666488	0.471348	0.668596	0.463926	0.433425	0.428043	0.42889	0.428964	0.42509	0.496451	0.516306	0.492327	0.517512	0.496123	0.517104	0.490032	0.487352	0.489117	0.489647	0.492837	0.487915	0.541092	0.536664	0.518371	0.523312	0.539428	0.534454	0.516723	0.497264	0.484465	0.499461	0.498577	0.504533	0.476466	0.483234	0.480148	0.474199	0.477779	0.486773
ERR613253	0.350744	0.368388	0.348449	0.344962	0.349693	0.352215	0.391187	0.377145	0.386365	0.386115	0.376151	0.394769	0.317007	0	0.266775	0.27499	0.3323	0.316852	0.405242	0.406477	0.401557	0.404858	0.424438	0.40243	0.466407	0.457445	0.453937	0.452755	0.450361	0.452751	0.417812	0.413026	0.414933	0.412192	0.41704	0.414673	0.457583	0.470552	0.469518	0.457911	0.469282	0.458765	0.429347	0.424297	0.419729	0.423783	0.420727	0.424441	0.490958	0.505631	0.495014	0.492857	0.494645	0.491741	0.657417	0.447717	0.451184	0.655995	0.446326	0.655286	0.400287	0.384369	0.385415	0.385828	0.385329	0.380147	0.46734	0.471897	0.468042	0.472244	0.467676	0.472145	0.461884	0.462686	0.48183	0.480591	0.484532	0.467426	0.490707	0.488975	0.483196	0.534462	0.486729	0.484356	0.46427	0.45419	0.464696	0.455945	0.45531	0.460108	0.467775	0.461223	0.465421	0.473954	0.464336	0.471852
ERR613252	0.353907	0.379032	0.34255	0.341884	0.351893	0.355962	0.384771	0.380751	0.382107	0.382199	0.379135	0.387355	0.331738	0.266775	0	0.26614	0.348667	0.331728	0.401425	0.401658	0.393613	0.400644	0.424225	0.394383	0.465653	0.454946	0.450991	0.449218	0.446191	0.448937	0.415787	0.405865	0.410524	0.40802	0.414719	0.410684	0.458616	0.47298	0.471594	0.45466	0.470899	0.456123	0.427802	0.420266	0.415469	0.419446	0.415575	0.420938	0.484664	0.50216	0.490538	0.487456	0.489703	0.48683	0.659576	0.449498	0.454158	0.655979	0.447301	0.654688	0.392924	0.381218	0.383657	0.383974	0.38335	0.377868	0.466407	0.467371	0.468117	0.4676	0.466779	0.467364	0.460976	0.462472	0.485549	0.483709	0.487802	0.468115	0.484823	0.483801	0.480898	0.540547	0.480049	0.478737	0.458303	0.451035	0.46661	0.452692	0.451833	0.456441	0.471194	0.462351	0.468088	0.478884	0.467181	0.474243
ERR613251	0.368261	0.39964	0.345368	0.347242	0.364901	0.370651	0.383558	0.390826	0.383978	0.385248	0.388514	0.384959	0.353643	0.27499	0.26614	0	0.371757	0.353863	0.403102	0.402869	0.390532	0.402446	0.432496	0.391417	0.472355	0.460279	0.455178	0.453118	0.449372	0.452708	0.42212	0.405451	0.414183	0.411005	0.420455	0.414589	0.467522	0.4843	0.482409	0.457813	0.481469	0.459793	0.434217	0.424313	0.418457	0.423353	0.418561	0.425559	0.48305	0.506366	0.492228	0.487754	0.490797	0.487552	0.656471	0.456131	0.462638	0.649872	0.452631	0.647726	0.388578	0.383097	0.387354	0.387901	0.387062	0.380331	0.46846	0.464043	0.472704	0.46392	0.468447	0.46392	0.465387	0.467713	0.496775	0.494537	0.499192	0.475752	0.48726	0.487277	0.488279	0.557627	0.481755	0.481335	0.458818	0.454588	0.477888	0.455989	0.45539	0.459972	0.482477	0.470449	0.477922	0.491856	0.476987	0.484836
ERR613254	0.384808	0.354048	0.423752	0.411425	0.389414	0.383716	0.464043	0.406587	0.450886	0.448858	0.408624	0.471572	0.281549	0.3323	0.348667	0.371757	0	0.280842	0.465766	0.471122	0.479123	0.465891	0.46498	0.479455	0.503902	0.503819	0.50273	0.504188	0.504514	0.504819	0.465193	0.484634	0.474562	0.472058	0.466736	0.472542	0.486263	0.487276	0.488909	0.508013	0.490461	0.506662	0.475131	0.481166	0.478165	0.481649	0.482014	0.479489	0.552848	0.553032	0.54895	0.549927	0.550864	0.547354	0.667596	0.476139	0.473049	0.67817	0.479439	0.680441	0.474959	0.443074	0.436984	0.437706	0.437685	0.434865	0.506736	0.528087	0.500972	0.529341	0.506129	0.528862	0.499704	0.49618	0.494411	0.495339	0.497989	0.495699	0.548273	0.543352	0.523365	0.518365	0.54732	0.542054	0.525567	0.505062	0.48817	0.507358	0.506565	0.512367	0.479225	0.488261	0.483454	0.474857	0.48079	0.489474
ERR613255	0.377159	0.351095	0.410898	0.399525	0.381026	0.376305	0.451376	0.397389	0.438967	0.437203	0.399168	0.458526	0.278032	0.316852	0.331728	0.353863	0.280842	0	0.455756	0.460929	0.467358	0.456008	0.458187	0.467508	0.498384	0.496968	0.495262	0.4965	0.496542	0.497159	0.456669	0.473059	0.464763	0.461947	0.458181	0.463037	0.47998	0.483062	0.484421	0.499174	0.485548	0.49803	0.467872	0.472462	0.469002	0.472922	0.47276	0.471076	0.543009	0.545649	0.540333	0.540623	0.541988	0.538243	0.659642	0.468544	0.466483	0.668598	0.471253	0.670614	0.462606	0.431942	0.426631	0.427507	0.427721	0.423799	0.497166	0.516734	0.492641	0.517928	0.496794	0.517429	0.490427	0.487537	0.488825	0.489182	0.492576	0.487919	0.539876	0.535434	0.51695	0.520993	0.538301	0.533431	0.515863	0.496185	0.483043	0.498391	0.497796	0.50355	0.475248	0.482098	0.478756	0.472658	0.476347	0.485234
ERR613905	0.364917	0.411122	0.352345	0.353303	0.361175	0.366795	0.328284	0.363896	0.328358	0.329094	0.361941	0.329613	0.457267	0.405242	0.401425	0.403102	0.465766	0.455756	0	0.237459	0.248368	0.233946	0.249835	0.247541	0.313269	0.312111	0.307766	0.312876	0.314147	0.313875	0.325647	0.327723	0.322617	0.321845	0.324646	0.322651	0.436153	0.444462	0.440414	0.423763	0.440107	0.423447	0.289784	0.291936	0.287254	0.292488	0.293328	0.290641	0.415659	0.418451	0.413031	0.413171	0.413995	0.411712	0.737608	0.488289	0.491726	0.733129	0.485051	0.731774	0.346192	0.347757	0.348955	0.347982	0.347925	0.353867	0.549322	0.544781	0.546423	0.544635	0.549624	0.544209	0.538142	0.538211	0.556227	0.554614	0.556233	0.539945	0.436276	0.434489	0.438285	0.504323	0.434333	0.43423	0.399694	0.402995	0.423561	0.401951	0.402869	0.400761	0.458198	0.446453	0.453817	0.468177	0.453336	0.451475
ERR613903	0.364748	0.415786	0.349283	0.351556	0.360734	0.366789	0.328083	0.370546	0.329543	0.33012	0.368597	0.328561	0.46238	0.406477	0.401658	0.402869	0.471122	0.460929	0.237459	0	0.242456	0.23718	0.251689	0.241217	0.313245	0.309048	0.305939	0.308485	0.309384	0.309313	0.326658	0.324017	0.320979	0.321139	0.325339	0.32147	0.43675	0.444435	0.440519	0.422717	0.440105	0.422765	0.289773	0.287197	0.284673	0.287418	0.287757	0.287026	0.412668	0.414583	0.410165	0.410744	0.410565	0.410273	0.745623	0.488042	0.49138	0.740692	0.484723	0.739165	0.344277	0.348472	0.350259	0.349174	0.34885	0.355832	0.547442	0.541894	0.543883	0.541684	0.547961	0.541141	0.534577	0.534887	0.552727	0.551042	0.552172	0.536118	0.430727	0.429501	0.435853	0.505244	0.428938	0.429655	0.396506	0.402442	0.424029	0.401301	0.402346	0.399126	0.458845	0.446741	0.454264	0.469442	0.454062	0.451042
ERR613907	0.37127	0.428538	0.343663	0.349249	0.365793	0.373856	0.32465	0.378626	0.330172	0.331621	0.375791	0.32347	0.468441	0.401557	0.393613	0.390532	0.479123	0.467358	0.248368	0.242456	0	0.247304	0.275472	0.236186	0.332789	0.323022	0.319266	0.31829	0.317221	0.318602	0.339	0.323777	0.328054	0.327824	0.336678	0.328712	0.444328	0.454562	0.450368	0.425479	0.449561	0.426315	0.30846	0.298144	0.296267	0.29754	0.2957	0.299607	0.413291	0.421739	0.414859	0.414272	0.413991	0.414889	0.73682	0.486138	0.491018	0.729197	0.481909	0.727078	0.334665	0.345262	0.349567	0.34834	0.34783	0.353448	0.536441	0.526674	0.534545	0.526334	0.537108	0.525748	0.525108	0.526409	0.548731	0.54661	0.547879	0.528983	0.431884	0.43234	0.443799	0.523139	0.429288	0.431644	0.398022	0.407679	0.436311	0.406297	0.407392	0.404346	0.467661	0.452936	0.462035	0.479896	0.462111	0.45948
ERR613906	0.364573	0.41145	0.351501	0.352838	0.36082	0.366554	0.327408	0.363405	0.327508	0.328184	0.361478	0.328549	0.457362	0.404858	0.400644	0.402446	0.465891	0.456008	0.233946	0.23718	0.247304	0	0.250346	0.246784	0.31318	0.311728	0.307283	0.312098	0.313399	0.313225	0.325876	0.327426	0.322881	0.321878	0.324876	0.322652	0.436399	0.444673	0.440611	0.423611	0.440363	0.423299	0.289999	0.291445	0.287084	0.292157	0.293039	0.290584	0.415021	0.417995	0.412573	0.412568	0.413534	0.411198	0.737257	0.488229	0.491589	0.732714	0.484892	0.731283	0.345893	0.347474	0.348849	0.347803	0.347607	0.353698	0.549039	0.544203	0.546193	0.544138	0.549368	0.54365	0.537739	0.53791	0.556068	0.554463	0.555925	0.539702	0.435986	0.434199	0.438079	0.504907	0.433945	0.433876	0.399178	0.402751	0.423737	0.401803	0.402764	0.400524	0.458456	0.446803	0.454079	0.468462	0.453676	0.451634
ERR613904	0.361945	0.401795	0.367193	0.363973	0.359949	0.362811	0.34743	0.371255	0.343166	0.341648	0.371005	0.350136	0.460201	0.424438	0.424225	0.432496	0.46498	0.458187	0.249835	0.251689	0.275472	0.250346	0	0.274283	0.301636	0.305956	0.30602	0.311147	0.315113	0.312841	0.324164	0.340673	0.326913	0.328072	0.324404	0.326956	0.433594	0.435719	0.432413	0.429607	0.432619	0.428364	0.281815	0.291354	0.290724	0.292982	0.29698	0.288552	0.424942	0.412501	0.414466	0.418336	0.41707	0.416471	0.768109	0.499272	0.499333	0.766845	0.497661	0.766235	0.371713	0.366285	0.364606	0.36294	0.363134	0.373157	0.570202	0.570979	0.562662	0.571138	0.571089	0.570461	0.554103	0.552989	0.560536	0.559603	0.559755	0.550703	0.436024	0.432214	0.430253	0.479165	0.436564	0.434561	0.407046	0.406496	0.412213	0.405618	0.406694	0.403027	0.453188	0.446312	0.451	0.460573	0.45069	0.445114
ERR613902	0.372371	0.428932	0.345225	0.35086	0.367115	0.374866	0.325346	0.378854	0.330811	0.332106	0.376038	0.324294	0.468793	0.40243	0.394383	0.391417	0.479455	0.467508	0.247541	0.241217	0.236186	0.246784	0.274283	0	0.332334	0.323005	0.31877	0.318345	0.317323	0.318602	0.338792	0.324061	0.327964	0.327792	0.336514	0.32882	0.443773	0.454013	0.449892	0.424983	0.449009	0.425509	0.308133	0.298133	0.295667	0.297676	0.295616	0.299832	0.412622	0.42154	0.414566	0.413681	0.413717	0.414072	0.73618	0.486062	0.490967	0.728649	0.481844	0.726422	0.335243	0.346014	0.350105	0.348974	0.348402	0.353757	0.536662	0.527116	0.534848	0.526721	0.53729	0.526292	0.525459	0.526782	0.549395	0.547134	0.548683	0.529474	0.432298	0.432652	0.443731	0.522433	0.429302	0.431765	0.397692	0.407073	0.435807	0.405902	0.406862	0.403994	0.467017	0.452346	0.461431	0.479197	0.461349	0.458976
ERR636787	0.39334	0.432222	0.396618	0.395004	0.391029	0.394216	0.366736	0.393309	0.364084	0.363275	0.392957	0.369722	0.500102	0.466407	0.465653	0.472355	0.503902	0.498384	0.313269	0.313245	0.332789	0.31318	0.301636	0.332334	0	0.237852	0.23825	0.244547	0.248597	0.245674	0.351297	0.364085	0.352758	0.353915	0.351249	0.352158	0.489941	0.492426	0.489109	0.480733	0.489132	0.480163	0.286568	0.294875	0.295055	0.296155	0.300018	0.293035	0.466795	0.458122	0.459019	0.462249	0.460571	0.46143	0.818732	0.552391	0.553618	0.815764	0.550375	0.814718	0.35585	0.352057	0.350211	0.348545	0.349392	0.360307	0.622324	0.619015	0.615425	0.619019	0.623226	0.618353	0.603432	0.602602	0.614589	0.613209	0.61349	0.601423	0.479831	0.477768	0.481346	0.53456	0.48002	0.480344	0.457213	0.461442	0.472481	0.460273	0.46155	0.456764	0.507836	0.500307	0.505092	0.515788	0.505208	0.49922
ERR636789	0.387545	0.432699	0.384392	0.384356	0.384455	0.388701	0.356742	0.391519	0.356401	0.355258	0.390601	0.358733	0.498547	0.457445	0.454946	0.460279	0.503819	0.496968	0.312111	0.309048	0.323022	0.311728	0.305956	0.323005	0.237852	0	0.23628	0.237756	0.239878	0.238555	0.351477	0.356164	0.348771	0.350431	0.350821	0.348808	0.489198	0.492781	0.489419	0.477358	0.489101	0.4772	0.28944	0.290949	0.29221	0.291583	0.293921	0.290124	0.462389	0.456015	0.456416	0.459367	0.457017	0.459162	0.814369	0.546873	0.548713	0.810152	0.544459	0.808812	0.341293	0.341142	0.340985	0.338997	0.339578	0.350451	0.612062	0.607112	0.60553	0.60702	0.613249	0.606179	0.592604	0.592384	0.605907	0.604364	0.604687	0.591363	0.474015	0.472973	0.479843	0.54017	0.473947	0.475166	0.452322	0.458944	0.473508	0.457793	0.459038	0.453944	0.507842	0.498885	0.504546	0.516993	0.50482	0.498569
ERR636788	0.3884	0.432499	0.38233	0.382849	0.385238	0.389729	0.352445	0.386865	0.352278	0.351751	0.385811	0.354116	0.496764	0.453937	0.450991	0.455178	0.50273	0.495262	0.307766	0.305939	0.319266	0.307283	0.30602	0.31877	0.23825	0.23628	0	0.238497	0.240395	0.239276	0.34981	0.353656	0.347184	0.348097	0.349094	0.347294	0.48888	0.49384	0.490338	0.475776	0.489898	0.47572	0.288691	0.290667	0.28957	0.291168	0.293235	0.289797	0.460234	0.457769	0.456077	0.457799	0.456733	0.457443	0.80697	0.54516	0.547569	0.802337	0.542464	0.800691	0.336934	0.337354	0.33755	0.336008	0.336427	0.345984	0.609704	0.603971	0.604343	0.603894	0.610683	0.603151	0.591215	0.591277	0.607242	0.605567	0.606236	0.591279	0.475558	0.474456	0.481468	0.543536	0.474701	0.475953	0.451078	0.457539	0.474738	0.456482	0.457645	0.453201	0.508346	0.498616	0.504667	0.517658	0.504753	0.499736
ERR636790	0.386913	0.435433	0.379988	0.381123	0.383222	0.388608	0.352243	0.392113	0.353622	0.352781	0.391144	0.354054	0.498188	0.452755	0.449218	0.453118	0.504188	0.4965	0.312876	0.308485	0.31829	0.312098	0.311147	0.318345	0.244547	0.237756	0.238497	0	0.236279	0.235978	0.353861	0.353846	0.349176	0.350623	0.352712	0.349093	0.490619	0.494744	0.491223	0.477049	0.490876	0.477208	0.293419	0.290635	0.292757	0.290698	0.292181	0.291253	0.4623	0.458174	0.457673	0.460261	0.457871	0.460747	0.812026	0.543997	0.546363	0.807093	0.541367	0.805452	0.331997	0.33504	0.335371	0.333373	0.333919	0.344832	0.6063	0.599829	0.600107	0.599715	0.607428	0.598938	0.587124	0.587072	0.602287	0.600447	0.600855	0.586452	0.473716	0.473094	0.481887	0.545024	0.473325	0.475153	0.451387	0.459352	0.476442	0.458168	0.459377	0.45438	0.508963	0.499133	0.505364	0.518633	0.505619	0.499752
ERR636792	0.387255	0.437282	0.377962	0.379728	0.383323	0.388826	0.350349	0.392589	0.352334	0.351867	0.391282	0.351771	0.498167	0.450361	0.446191	0.449372	0.504514	0.496542	0.314147	0.309384	0.317221	0.313399	0.315113	0.317323	0.248597	0.239878	0.240395	0.236279	0	0.236283	0.355331	0.352941	0.349442	0.350907	0.354138	0.34958	0.491764	0.496546	0.492911	0.477228	0.492527	0.477434	0.296798	0.292021	0.294276	0.292086	0.292814	0.293125	0.462717	0.460057	0.458999	0.461271	0.45888	0.461963	0.810224	0.542981	0.545756	0.804777	0.540195	0.80305	0.327648	0.331915	0.332778	0.331031	0.331368	0.342157	0.603738	0.596513	0.59803	0.596277	0.604944	0.595565	0.584613	0.584677	0.600881	0.599113	0.599485	0.584439	0.473963	0.473797	0.483579	0.548972	0.473371	0.475527	0.451476	0.460145	0.478593	0.458899	0.460113	0.45521	0.510394	0.500006	0.506646	0.5205	0.506822	0.50117
ERR636791	0.387668	0.436716	0.380223	0.381652	0.383801	0.389232	0.352574	0.39316	0.354083	0.353294	0.391905	0.354317	0.498682	0.452751	0.448937	0.452708	0.504819	0.497159	0.313875	0.309313	0.318602	0.313225	0.312841	0.318602	0.245674	0.238555	0.239276	0.235978	0.236283	0	0.354844	0.354225	0.349899	0.351381	0.353822	0.349919	0.491845	0.496176	0.49254	0.477929	0.492283	0.478075	0.295507	0.291842	0.29397	0.291989	0.293159	0.292635	0.463256	0.459633	0.459031	0.461441	0.458972	0.461967	0.812231	0.544521	0.546951	0.80701	0.541814	0.805373	0.330909	0.334364	0.334854	0.332757	0.333325	0.34412	0.606284	0.599512	0.600154	0.59929	0.607373	0.598514	0.587168	0.587101	0.602641	0.600932	0.601312	0.586688	0.474441	0.474122	0.483174	0.546898	0.47415	0.476087	0.452307	0.460526	0.478052	0.4593	0.460556	0.455558	0.510243	0.500293	0.506585	0.520021	0.506854	0.501101
ERR621996	0.371037	0.407329	0.367521	0.366363	0.369144	0.372198	0.364836	0.384911	0.361873	0.360792	0.384337	0.366599	0.458603	0.417812	0.415787	0.42212	0.465193	0.456669	0.325647	0.326658	0.339	0.325876	0.324164	0.338792	0.351297	0.351477	0.34981	0.353861	0.355331	0.354844	0	0.263828	0.249588	0.247556	0.243666	0.248787	0.418562	0.423418	0.420507	0.41365	0.420177	0.412611	0.328391	0.332561	0.329523	0.333167	0.335194	0.330114	0.413441	0.409732	0.407374	0.409174	0.409454	0.406587	0.736197	0.470063	0.470799	0.734799	0.468064	0.734071	0.390813	0.386719	0.387049	0.385985	0.385731	0.391514	0.540466	0.541591	0.534734	0.541534	0.541449	0.540902	0.518205	0.517406	0.529728	0.52824	0.529191	0.51697	0.413358	0.40988	0.406101	0.46376	0.412307	0.410455	0.399264	0.396768	0.406776	0.396616	0.397683	0.395133	0.436866	0.428502	0.43381	0.4444	0.433386	0.430522
ERR621991	0.380736	0.431119	0.35613	0.360282	0.376341	0.38291	0.353823	0.395749	0.357083	0.356917	0.393868	0.352294	0.474689	0.413026	0.405865	0.405451	0.484634	0.473059	0.327723	0.324017	0.323777	0.327426	0.340673	0.324061	0.364085	0.356164	0.353656	0.353846	0.352941	0.354225	0.263828	0	0.249378	0.250139	0.260289	0.250993	0.425484	0.434999	0.43125	0.409746	0.430416	0.410202	0.340017	0.333782	0.330891	0.333381	0.332481	0.333479	0.402626	0.40898	0.402785	0.402494	0.402688	0.401961	0.730264	0.466949	0.47037	0.724175	0.463102	0.722309	0.372252	0.378301	0.382355	0.381076	0.380374	0.385327	0.524783	0.51893	0.521357	0.518634	0.526117	0.51796	0.502942	0.504149	0.524329	0.521901	0.523341	0.505729	0.403551	0.403345	0.411301	0.493156	0.40083	0.40216	0.390472	0.396341	0.420462	0.395892	0.396603	0.393753	0.449399	0.435127	0.443887	0.460786	0.444191	0.441107
ERR621992	0.372912	0.417837	0.359737	0.361225	0.369906	0.374468	0.357482	0.389589	0.35744	0.356633	0.388217	0.357526	0.46647	0.414933	0.410524	0.414183	0.474562	0.464763	0.322617	0.320979	0.328054	0.322881	0.326913	0.327964	0.352758	0.348771	0.347184	0.349176	0.349442	0.349899	0.249588	0.249378	0	0.244522	0.247612	0.243712	0.419069	0.426039	0.422506	0.409204	0.422182	0.408991	0.328721	0.327948	0.325474	0.327973	0.32867	0.326414	0.405258	0.404557	0.401199	0.402545	0.402316	0.401102	0.736579	0.467826	0.469537	0.732977	0.464948	0.731703	0.379932	0.380918	0.382886	0.381591	0.381044	0.387206	0.532635	0.530606	0.527563	0.530488	0.533895	0.529809	0.510261	0.510485	0.525419	0.523549	0.524597	0.510502	0.40423	0.40238	0.404577	0.474432	0.40241	0.40211	0.391807	0.393657	0.409701	0.393143	0.39413	0.391032	0.440717	0.42939	0.43644	0.450397	0.436496	0.432972
ERR621994	0.373154	0.416856	0.359449	0.360964	0.370043	0.374836	0.356079	0.38677	0.356007	0.355819	0.385268	0.356644	0.463797	0.412192	0.40802	0.411005	0.472058	0.461947	0.321845	0.321139	0.327824	0.321878	0.328072	0.327792	0.353915	0.350431	0.348097	0.350623	0.350907	0.351381	0.247556	0.250139	0.244522	0	0.245874	0.244174	0.419359	0.427028	0.423556	0.409169	0.423041	0.408857	0.329831	0.329631	0.32623	0.329595	0.330174	0.328115	0.406021	0.407677	0.402985	0.403649	0.40404	0.401917	0.73084	0.466129	0.46845	0.727225	0.463324	0.725935	0.378527	0.379169	0.381192	0.380146	0.379575	0.384867	0.531153	0.528992	0.526841	0.528877	0.53214	0.528126	0.509665	0.509778	0.526413	0.524446	0.525644	0.510708	0.40725	0.405263	0.407177	0.476818	0.405347	0.404817	0.392423	0.393557	0.411114	0.393283	0.394234	0.391675	0.440673	0.429237	0.436197	0.45008	0.435913	0.433548
ERR621995	0.371571	0.409533	0.36609	0.365465	0.369468	0.372913	0.363359	0.385785	0.361081	0.360105	0.38493	0.364828	0.460174	0.41704	0.414719	0.420455	0.466736	0.458181	0.324646	0.325339	0.336678	0.324876	0.324404	0.336514	0.351249	0.350821	0.349094	0.352712	0.354138	0.353822	0.243666	0.260289	0.247612	0.245874	0	0.246945	0.418707	0.424097	0.421071	0.412619	0.420857	0.411784	0.328257	0.331746	0.328655	0.332043	0.333763	0.329567	0.411781	0.408957	0.406141	0.407832	0.408144	0.405503	0.735671	0.469787	0.470701	0.733774	0.4676	0.732992	0.388497	0.385583	0.386081	0.385012	0.384655	0.39035	0.539256	0.53965	0.533895	0.539568	0.540305	0.53907	0.517001	0.516487	0.52957	0.527902	0.528934	0.516261	0.411728	0.408532	0.405906	0.465881	0.410512	0.408814	0.397859	0.395925	0.407433	0.395881	0.396791	0.394221	0.437818	0.428873	0.43449	0.446055	0.434296	0.431313
ERR621993	0.372981	0.417662	0.36143	0.362652	0.369941	0.374827	0.358567	0.389652	0.358419	0.358053	0.388283	0.359529	0.464869	0.414673	0.410684	0.414589	0.472542	0.463037	0.322651	0.32147	0.328712	0.322652	0.326956	0.32882	0.352158	0.348808	0.347294	0.349093	0.34958	0.349919	0.248787	0.250993	0.243712	0.244174	0.246945	0	0.419758	0.426619	0.423013	0.410346	0.422875	0.410076	0.328888	0.328553	0.326183	0.328601	0.329395	0.327256	0.407477	0.406639	0.403323	0.404789	0.404361	0.403312	0.736501	0.467671	0.469611	0.73309	0.465036	0.731937	0.38014	0.38068	0.382403	0.381318	0.380603	0.38691	0.533518	0.531675	0.528384	0.531509	0.53474	0.530974	0.511396	0.51126	0.526438	0.524471	0.525457	0.511582	0.4064	0.404581	0.406362	0.474618	0.405018	0.404647	0.39345	0.394988	0.410754	0.394566	0.395604	0.392615	0.440682	0.42972	0.436327	0.449935	0.436345	0.433092
ERR629929	0.446957	0.46409	0.45317	0.449315	0.447461	0.44814	0.455698	0.453516	0.449846	0.448169	0.453665	0.457459	0.480979	0.457583	0.458616	0.467522	0.486263	0.47998	0.436153	0.43675	0.444328	0.436399	0.433594	0.443773	0.489941	0.489198	0.48888	0.490619	0.491764	0.491845	0.418562	0.425484	0.419069	0.419359	0.418707	0.419758	0	0.256354	0.254193	0.258669	0.253901	0.256683	0.445478	0.448078	0.446397	0.448755	0.449767	0.446042	0.328655	0.31991	0.318266	0.321555	0.32156	0.318731	0.652286	0.333579	0.330868	0.655011	0.333176	0.655259	0.498834	0.488224	0.486992	0.486555	0.486679	0.489966	0.401518	0.416813	0.39049	0.417589	0.402983	0.416591	0.382917	0.380642	0.385858	0.385274	0.386563	0.377382	0.348355	0.342609	0.326916	0.381467	0.347957	0.342076	0.322843	0.306709	0.303596	0.307795	0.307614	0.309499	0.307091	0.300476	0.303705	0.315524	0.304507	0.303218
ERR629932	0.450577	0.464081	0.46417	0.459006	0.451665	0.45129	0.468451	0.46331	0.461697	0.459517	0.464005	0.47082	0.484378	0.470552	0.47298	0.4843	0.487276	0.483062	0.444462	0.444435	0.454562	0.444673	0.435719	0.454013	0.492426	0.492781	0.49384	0.494744	0.496546	0.496176	0.423418	0.434999	0.426039	0.427028	0.424097	0.426619	0.256354	0	0.251925	0.277182	0.252446	0.273506	0.448935	0.452289	0.452544	0.453078	0.4549	0.450427	0.345048	0.325331	0.329996	0.335924	0.333641	0.333156	0.672209	0.344865	0.339052	0.676855	0.346344	0.677643	0.510953	0.499145	0.49654	0.496152	0.496143	0.501211	0.419181	0.437615	0.404353	0.438683	0.420749	0.437343	0.397636	0.393546	0.38876	0.388849	0.388809	0.386373	0.357382	0.350458	0.33065	0.362233	0.359386	0.352808	0.33732	0.319628	0.302057	0.320465	0.320304	0.321098	0.306451	0.306565	0.305642	0.310874	0.306415	0.30227
ERR629933	0.44942	0.465028	0.46161	0.457025	0.450536	0.450332	0.46442	0.461301	0.458096	0.45594	0.461864	0.466683	0.485663	0.469518	0.471594	0.482409	0.488909	0.484421	0.440414	0.440519	0.450368	0.440611	0.432413	0.449892	0.489109	0.489419	0.490338	0.491223	0.492911	0.49254	0.420507	0.43125	0.422506	0.423556	0.421071	0.423013	0.254193	0.251925	0	0.272486	0.251141	0.269431	0.445533	0.448715	0.448909	0.449595	0.451282	0.446909	0.33965	0.320823	0.324715	0.330761	0.328477	0.328206	0.672203	0.344213	0.338713	0.676189	0.34523	0.676796	0.507426	0.496188	0.493719	0.493501	0.493534	0.49838	0.418001	0.435497	0.403436	0.436352	0.419564	0.435062	0.39689	0.393006	0.389765	0.389705	0.389805	0.386488	0.353483	0.346657	0.328298	0.365227	0.355143	0.348614	0.332697	0.315724	0.30133	0.316298	0.316532	0.317248	0.305937	0.304602	0.305081	0.311622	0.305112	0.301408
ERR629928	0.45231	0.48175	0.443418	0.443516	0.450886	0.454112	0.440432	0.455998	0.438713	0.438056	0.455203	0.440517	0.500047	0.457911	0.45466	0.457813	0.508013	0.499174	0.423763	0.422717	0.425479	0.423611	0.429607	0.424983	0.480733	0.477358	0.475776	0.477049	0.477228	0.477929	0.41365	0.409746	0.409204	0.409169	0.412619	0.410346	0.258669	0.277182	0.272486	0	0.270508	0.24285	0.437743	0.436383	0.433758	0.436663	0.436327	0.435158	0.301225	0.308765	0.299613	0.298977	0.300433	0.297857	0.654548	0.341018	0.34344	0.651357	0.336739	0.649943	0.481046	0.477774	0.478696	0.4783	0.478294	0.480918	0.397278	0.400848	0.391229	0.401119	0.398839	0.400254	0.381031	0.381101	0.403102	0.401103	0.40333	0.382818	0.330887	0.328107	0.327079	0.416972	0.327883	0.325061	0.301683	0.297103	0.32026	0.297348	0.297379	0.29816	0.328501	0.311449	0.320607	0.342596	0.322048	0.320638
ERR629931	0.449591	0.465747	0.460774	0.456242	0.450654	0.450615	0.463419	0.46119	0.457067	0.455089	0.461766	0.46574	0.486847	0.469282	0.470899	0.481469	0.490461	0.485548	0.440107	0.440105	0.449561	0.440363	0.432619	0.449009	0.489132	0.489101	0.489898	0.490876	0.492527	0.492283	0.420177	0.430416	0.422182	0.423041	0.420857	0.422875	0.253901	0.252446	0.251141	0.270508	0	0.267668	0.445693	0.448562	0.448511	0.449407	0.451078	0.446719	0.33742	0.319594	0.32315	0.32871	0.326917	0.326129	0.671117	0.343893	0.33865	0.674822	0.344747	0.675396	0.506552	0.495595	0.493577	0.492815	0.492982	0.497867	0.417138	0.433966	0.402924	0.434713	0.418652	0.433607	0.395832	0.392537	0.390498	0.390172	0.390401	0.385701	0.351709	0.345158	0.327312	0.367565	0.353375	0.346947	0.330914	0.314282	0.301454	0.315035	0.315175	0.315733	0.307372	0.305061	0.306094	0.313655	0.306303	0.302233
ERR629930	0.452021	0.480066	0.444918	0.444477	0.450855	0.4537	0.441916	0.455677	0.439577	0.438827	0.454949	0.441996	0.498875	0.458765	0.456123	0.459793	0.506662	0.49803	0.423447	0.422765	0.426315	0.423299	0.428364	0.425509	0.480163	0.4772	0.47572	0.477208	0.477434	0.478075	0.412611	0.410202	0.408991	0.408857	0.411784	0.410076	0.256683	0.273506	0.269431	0.24285	0.267668	0	0.437066	0.43627	0.433714	0.436541	0.436509	0.43499	0.302872	0.308029	0.299829	0.299824	0.301121	0.298284	0.65545	0.340329	0.342356	0.652928	0.336567	0.651716	0.482639	0.4786	0.479434	0.478917	0.478868	0.481879	0.398725	0.403516	0.391927	0.403598	0.400068	0.402651	0.382014	0.381754	0.402028	0.400086	0.402291	0.382565	0.331577	0.328345	0.325225	0.41172	0.328876	0.325737	0.303037	0.2971	0.317521	0.297388	0.297452	0.298116	0.325154	0.308711	0.317417	0.338704	0.318656	0.317208
ERR636835	0.375906	0.417798	0.375507	0.374192	0.373521	0.377131	0.355666	0.383625	0.353084	0.352352	0.382905	0.358039	0.469142	0.429347	0.427802	0.434217	0.475131	0.467872	0.289784	0.289773	0.30846	0.289999	0.281815	0.308133	0.286568	0.28944	0.288691	0.293419	0.296798	0.295507	0.328391	0.340017	0.328721	0.329831	0.328257	0.328888	0.445478	0.448935	0.445533	0.437743	0.445693	0.437066	0	0.243956	0.242061	0.245264	0.248244	0.241179	0.426991	0.41909	0.418859	0.422132	0.420947	0.420471	0.782632	0.506725	0.507858	0.780591	0.504711	0.779853	0.370607	0.368182	0.3668	0.365646	0.365782	0.37552	0.579734	0.57844	0.572827	0.578585	0.580401	0.577827	0.558694	0.557846	0.569397	0.568193	0.56875	0.556701	0.441002	0.438358	0.440014	0.49535	0.440872	0.440229	0.415272	0.417687	0.428395	0.416404	0.417763	0.413235	0.464794	0.456815	0.461919	0.47283	0.461639	0.456765
ERR636838	0.375839	0.425744	0.367507	0.368619	0.372249	0.377787	0.350248	0.389685	0.351043	0.350169	0.388465	0.351518	0.473518	0.424297	0.420266	0.424313	0.481166	0.472462	0.291936	0.287197	0.298144	0.291445	0.291354	0.298133	0.294875	0.290949	0.290667	0.290635	0.292021	0.291842	0.332561	0.333782	0.327948	0.329631	0.331746	0.328553	0.448078	0.452289	0.448715	0.436383	0.448562	0.43627	0.243956	0	0.240457	0.23802	0.239015	0.239031	0.423358	0.418391	0.417874	0.420505	0.418454	0.420154	0.782368	0.502983	0.50489	0.778673	0.500382	0.777455	0.359715	0.362412	0.36286	0.361433	0.36139	0.371209	0.570402	0.566325	0.563616	0.566347	0.571302	0.565518	0.548379	0.548026	0.561953	0.560294	0.560855	0.547204	0.436033	0.434905	0.441186	0.504468	0.43549	0.436333	0.411812	0.417969	0.433521	0.416508	0.417722	0.412958	0.467772	0.457864	0.464086	0.477189	0.464099	0.458944
ERR636836	0.37592	0.422808	0.364842	0.366386	0.372494	0.377826	0.345118	0.382316	0.345655	0.345283	0.381022	0.346091	0.470083	0.419729	0.415469	0.418457	0.478165	0.469002	0.287254	0.284673	0.296267	0.287084	0.290724	0.295667	0.295055	0.29221	0.28957	0.292757	0.294276	0.29397	0.329523	0.330891	0.325474	0.32623	0.328655	0.326183	0.446397	0.452544	0.448909	0.433758	0.448511	0.433714	0.242061	0.240457	0	0.240913	0.241688	0.239396	0.420095	0.419246	0.416321	0.417495	0.417092	0.416637	0.771441	0.500834	0.503324	0.767506	0.49786	0.766187	0.357026	0.359447	0.360157	0.359117	0.358965	0.366875	0.567571	0.563388	0.562387	0.563269	0.568359	0.562671	0.547352	0.547349	0.563481	0.562056	0.563012	0.547698	0.437107	0.435828	0.44164	0.507108	0.435598	0.436325	0.409758	0.415186	0.433048	0.413943	0.415096	0.410932	0.467157	0.456509	0.463165	0.476933	0.462922	0.459042
