	ERR631235	ERR631234	ERR631233	ERR631236	ERR631238	ERR631237	ERR626952	ERR626951	ERR626956	ERR626955	ERR626953	ERR626954	ERR626905	ERR626906	ERR626908	ERR626907	ERR626904	ERR626903	ERR612618	ERR612614	ERR612613	ERR612616	ERR612617	ERR612615	ERR617515	ERR617512	ERR617514	ERR617511	ERR617516	ERR617513	ERR613997	ERR613999	ERR613998	ERR613996	ERR614001	ERR614000	ERR613974	ERR613977	ERR613972	ERR613975	ERR613973	ERR613976	ERR636667	ERR636669	ERR636668	ERR636672	ERR636670	ERR636671	ERR630339	ERR630342	ERR630343	ERR630340	ERR630338	ERR630341	ERR616189	ERR616185	ERR616190	ERR616186	ERR616187	ERR616188	ERR617486	ERR617484	ERR617485	ERR617481	ERR617482	ERR617483	ERR608168	ERR608171	ERR608172	ERR608169	ERR608170	ERR608167	ERR608355	ERR608356	ERR608358	ERR608357	ERR608354	ERR608353	ERR630147	ERR630150	ERR630146	ERR630148	ERR630149	ERR630151	ERR629631	ERR629635	ERR629634	ERR629633	ERR629630	ERR629632	ERR614881	ERR614877	ERR614878	ERR614879	ERR614882	ERR614880
ERR631235	0	0.266325	0.260739	0.266897	0.267614	0.267623	0.480645	0.438007	0.436646	0.433606	0.43692	0.469936	0.413654	0.453601	0.405419	0.454864	0.412844	0.406637	0.383549	0.396901	0.367466	0.38293	0.383129	0.373611	0.390083	0.418782	0.394111	0.421997	0.40268	0.418457	0.404587	0.404097	0.439488	0.392669	0.403752	0.403722	0.407057	0.368427	0.368826	0.37861	0.380429	0.379086	0.388469	0.378938	0.376111	0.402021	0.399703	0.403187	0.384907	0.375565	0.38836	0.388007	0.374824	0.377001	0.446644	0.454946	0.437952	0.441809	0.472469	0.450904	0.395286	0.385453	0.383503	0.413498	0.408311	0.408052	0.427604	0.388556	0.388402	0.433877	0.387222	0.43486	0.404926	0.39425	0.393114	0.392937	0.412759	0.464837	0.407589	0.426673	0.39899	0.402048	0.465247	0.42733	0.404844	0.40868	0.407808	0.400803	0.388909	0.402674	0.37059	0.378909	0.37483	0.374818	0.370087	0.370241
ERR631234	0.266325	0	0.255419	0.257	0.256372	0.256782	0.488125	0.449611	0.449551	0.44764	0.449043	0.47819	0.402989	0.426217	0.404328	0.4264	0.401057	0.40338	0.394765	0.404407	0.390671	0.394685	0.394972	0.393168	0.369645	0.389006	0.371973	0.393148	0.378593	0.388683	0.416271	0.414356	0.442783	0.408491	0.414505	0.414331	0.400269	0.378369	0.377432	0.376772	0.381185	0.377377	0.400622	0.396841	0.394723	0.411236	0.409894	0.412122	0.384715	0.385021	0.393434	0.381445	0.386331	0.386856	0.41479	0.42154	0.408877	0.413391	0.437074	0.418144	0.374055	0.369258	0.368775	0.385739	0.381042	0.380992	0.401029	0.3794	0.378903	0.405081	0.379377	0.406818	0.390077	0.389335	0.390392	0.388212	0.392099	0.431861	0.403222	0.416635	0.405325	0.403357	0.441522	0.416932	0.405138	0.400209	0.400436	0.397562	0.397631	0.401194	0.389724	0.379503	0.377751	0.37482	0.388218	0.389582
ERR631233	0.260739	0.255419	0	0.25501	0.255113	0.255265	0.479418	0.440961	0.440493	0.438193	0.440498	0.469502	0.405524	0.433186	0.40491	0.433588	0.403334	0.404638	0.386639	0.396617	0.381816	0.386516	0.386709	0.383602	0.372512	0.393395	0.375328	0.396403	0.381164	0.393282	0.408359	0.407123	0.435264	0.400523	0.407204	0.407052	0.395427	0.371447	0.370911	0.372939	0.37613	0.373212	0.392942	0.388206	0.386773	0.403411	0.401934	0.404233	0.379335	0.37819	0.38655	0.377878	0.379304	0.379835	0.423448	0.431351	0.417478	0.422429	0.448371	0.427294	0.377874	0.373263	0.372561	0.390243	0.387026	0.386816	0.404701	0.37988	0.379385	0.40927	0.379509	0.410633	0.393085	0.389716	0.39015	0.388371	0.395682	0.435802	0.400228	0.413786	0.401087	0.399978	0.442302	0.414189	0.398478	0.396108	0.396029	0.392529	0.3903	0.395598	0.381654	0.373796	0.372091	0.37016	0.380427	0.381421
ERR631236	0.266897	0.257	0.25501	0	0.254094	0.254138	0.475665	0.439432	0.438829	0.436707	0.438914	0.465943	0.40737	0.432105	0.408969	0.432024	0.405305	0.408494	0.386136	0.394742	0.384931	0.386075	0.386032	0.385058	0.369983	0.388518	0.372424	0.390943	0.376552	0.388567	0.407646	0.406414	0.431814	0.401218	0.406458	0.4062	0.390544	0.370756	0.370241	0.370513	0.373269	0.370939	0.392396	0.389061	0.388516	0.401068	0.399949	0.401913	0.378553	0.379669	0.385553	0.375945	0.381667	0.381126	0.421224	0.429289	0.416152	0.422145	0.446252	0.424951	0.375648	0.373108	0.37243	0.38611	0.384063	0.384095	0.400234	0.380421	0.379607	0.404868	0.379795	0.405742	0.392356	0.390776	0.391723	0.389582	0.393062	0.428067	0.400859	0.411121	0.404439	0.402114	0.436172	0.411218	0.394974	0.391681	0.391737	0.389128	0.389183	0.391814	0.385143	0.373171	0.372128	0.370519	0.383866	0.385213
ERR631238	0.267614	0.256372	0.255113	0.254094	0	0.2542	0.477929	0.441524	0.441088	0.439159	0.440997	0.46822	0.406657	0.430524	0.408637	0.430464	0.404684	0.408072	0.387988	0.396526	0.386764	0.388076	0.388249	0.387257	0.368622	0.387093	0.371109	0.389735	0.375612	0.387108	0.4094	0.408112	0.433618	0.403149	0.408104	0.407987	0.39168	0.372575	0.371792	0.371461	0.374727	0.371957	0.394036	0.391061	0.39034	0.403116	0.40193	0.403876	0.380085	0.381701	0.387688	0.377247	0.383519	0.383066	0.419893	0.427875	0.414836	0.420669	0.444281	0.423354	0.375042	0.372403	0.372165	0.385507	0.383063	0.383336	0.399839	0.380522	0.37989	0.404297	0.380215	0.405363	0.392348	0.391405	0.392443	0.390211	0.393029	0.427872	0.402161	0.412477	0.40606	0.403514	0.43715	0.412631	0.396915	0.393094	0.393014	0.390803	0.391194	0.393474	0.387197	0.375147	0.374055	0.372216	0.386001	0.387299
ERR631237	0.267623	0.256782	0.255265	0.254138	0.2542	0	0.477128	0.44105	0.440466	0.438452	0.440558	0.467552	0.407401	0.431396	0.40932	0.43153	0.405381	0.408873	0.387766	0.396118	0.38678	0.387674	0.38786	0.386952	0.369499	0.387493	0.371756	0.389892	0.376159	0.387584	0.409344	0.408006	0.433039	0.403083	0.40821	0.407849	0.391179	0.372343	0.371646	0.371508	0.374398	0.371834	0.394033	0.390824	0.390233	0.402707	0.401589	0.403458	0.378508	0.380308	0.385976	0.375875	0.382184	0.381857	0.419583	0.427565	0.414579	0.420429	0.444355	0.4233	0.374454	0.372233	0.371928	0.384828	0.382993	0.383106	0.398834	0.379439	0.378943	0.403346	0.379496	0.404357	0.391985	0.39088	0.391781	0.389475	0.392382	0.426686	0.400315	0.410356	0.404177	0.401836	0.434862	0.410334	0.395611	0.391995	0.392189	0.389625	0.390175	0.392472	0.385999	0.373271	0.372367	0.370591	0.384745	0.386103
ERR626952	0.480645	0.488125	0.479418	0.475665	0.477929	0.477128	0	0.253106	0.259307	0.262851	0.255549	0.232724	0.545332	0.567935	0.545837	0.566003	0.542637	0.546494	0.346487	0.330967	0.398843	0.348425	0.347713	0.375958	0.488752	0.495761	0.489398	0.487385	0.482781	0.49911	0.309615	0.310987	0.283683	0.331337	0.311693	0.31171	0.33144	0.352873	0.352681	0.349031	0.341566	0.348862	0.323062	0.34793	0.356199	0.306178	0.309343	0.30492	0.500711	0.50265	0.494652	0.504983	0.504662	0.501219	0.655143	0.66525	0.653217	0.661132	0.682213	0.660114	0.591299	0.594359	0.593734	0.596051	0.603076	0.604428	0.592975	0.579457	0.578659	0.599227	0.577598	0.597274	0.592182	0.586096	0.584083	0.584306	0.59091	0.599976	0.573139	0.570064	0.572654	0.573511	0.592959	0.569964	0.428008	0.437424	0.436165	0.433682	0.438524	0.431818	0.497964	0.486795	0.488283	0.493094	0.497614	0.499425
ERR626951	0.438007	0.449611	0.440961	0.439432	0.441524	0.44105	0.253106	0	0.236473	0.23655	0.232423	0.245412	0.490369	0.519848	0.488271	0.518789	0.48844	0.488989	0.320811	0.315518	0.353981	0.322081	0.321837	0.338201	0.447458	0.462934	0.449277	0.457786	0.447408	0.465427	0.283163	0.285251	0.290376	0.29362	0.285409	0.285829	0.331681	0.32431	0.325432	0.33011	0.323893	0.330146	0.294442	0.309031	0.313733	0.2886	0.288467	0.287874	0.483626	0.479552	0.478504	0.488328	0.479821	0.478641	0.627737	0.636882	0.62373	0.630015	0.653632	0.632455	0.563758	0.562964	0.561803	0.572562	0.576453	0.577426	0.572491	0.549347	0.548794	0.578805	0.547536	0.577931	0.562138	0.553577	0.551059	0.551683	0.564239	0.586805	0.545826	0.550551	0.540374	0.542644	0.580659	0.55065	0.426467	0.43735	0.435933	0.430494	0.425579	0.428576	0.470635	0.470542	0.469564	0.473715	0.470554	0.471564
ERR626956	0.436646	0.449551	0.440493	0.438829	0.441088	0.440466	0.259307	0.236473	0	0.235467	0.236732	0.249621	0.488845	0.520458	0.485836	0.519388	0.486775	0.486975	0.322752	0.318574	0.352919	0.323698	0.323066	0.336804	0.446598	0.462837	0.448586	0.457196	0.446391	0.465375	0.286313	0.289049	0.294961	0.295016	0.288979	0.289485	0.335909	0.326617	0.328149	0.334819	0.32792	0.334739	0.296536	0.308253	0.313983	0.290866	0.290851	0.290667	0.482829	0.478071	0.476733	0.488438	0.478637	0.477088	0.628722	0.638659	0.624673	0.63159	0.655815	0.63359	0.563683	0.563147	0.561907	0.572875	0.577191	0.578049	0.572548	0.548631	0.548115	0.579256	0.54675	0.578031	0.562361	0.552769	0.550195	0.550879	0.564443	0.586764	0.54412	0.548322	0.538546	0.54113	0.579352	0.548411	0.42853	0.440997	0.439389	0.43347	0.427145	0.431677	0.470089	0.470941	0.470085	0.474671	0.470164	0.470993
ERR626955	0.433606	0.44764	0.438193	0.436707	0.439159	0.438452	0.262851	0.23655	0.235467	0	0.236611	0.252612	0.484438	0.51768	0.480811	0.516649	0.48242	0.482161	0.321997	0.31904	0.349326	0.322944	0.322147	0.333914	0.444453	0.461711	0.446393	0.455622	0.444438	0.464	0.285872	0.288942	0.296964	0.293147	0.288819	0.28948	0.337972	0.326039	0.327968	0.335775	0.328817	0.335767	0.296114	0.306017	0.311951	0.291784	0.291254	0.291357	0.481499	0.476351	0.47531	0.487392	0.476563	0.475239	0.627536	0.637623	0.623385	0.630288	0.654945	0.632606	0.562249	0.561425	0.560184	0.571669	0.5759	0.576767	0.571376	0.546541	0.546152	0.578209	0.544713	0.576971	0.560693	0.550545	0.547887	0.548685	0.563019	0.586003	0.541322	0.545942	0.535243	0.538034	0.577671	0.546058	0.429448	0.442191	0.440714	0.434497	0.427095	0.432532	0.46791	0.469814	0.468901	0.473476	0.468018	0.468769
ERR626953	0.43692	0.449043	0.440498	0.438914	0.440997	0.440558	0.255549	0.232423	0.236732	0.236611	0	0.247445	0.489199	0.519105	0.486753	0.518049	0.487141	0.487598	0.321088	0.316059	0.352861	0.322311	0.321948	0.337683	0.446556	0.462696	0.448463	0.457834	0.446929	0.465172	0.283404	0.285736	0.292066	0.293041	0.285725	0.285975	0.333362	0.324484	0.325579	0.330952	0.324788	0.330928	0.294604	0.30827	0.312778	0.289054	0.288975	0.288397	0.48367	0.47911	0.478398	0.488393	0.479445	0.478227	0.627497	0.636861	0.623505	0.629821	0.653351	0.632319	0.563474	0.562521	0.561219	0.57249	0.576312	0.577241	0.572374	0.548703	0.548167	0.578721	0.546808	0.57799	0.561609	0.552847	0.550372	0.550936	0.563993	0.587039	0.545515	0.550424	0.539705	0.542124	0.580754	0.550445	0.427172	0.438511	0.437063	0.431386	0.425805	0.429415	0.470167	0.470645	0.469653	0.473737	0.470043	0.47101
ERR626954	0.469936	0.47819	0.469502	0.465943	0.46822	0.467552	0.232724	0.245412	0.249621	0.252612	0.247445	0	0.530796	0.55431	0.53095	0.552617	0.528341	0.531568	0.338259	0.325025	0.387075	0.340222	0.339692	0.365897	0.477207	0.486207	0.478214	0.478838	0.4728	0.489423	0.300562	0.301779	0.282375	0.320025	0.302344	0.302665	0.329202	0.344052	0.344098	0.341839	0.334908	0.341647	0.31401	0.337039	0.344433	0.299059	0.301528	0.297983	0.497103	0.497486	0.491051	0.501462	0.49925	0.49617	0.647614	0.657658	0.645286	0.652966	0.674382	0.652578	0.584412	0.586539	0.58584	0.590181	0.596411	0.597516	0.587922	0.572172	0.571574	0.594253	0.57042	0.592621	0.58467	0.578128	0.575828	0.576249	0.584247	0.596687	0.566956	0.565835	0.565446	0.566525	0.590349	0.565679	0.427128	0.436908	0.435462	0.432291	0.435081	0.430484	0.491361	0.482651	0.48351	0.488099	0.491049	0.492714
ERR626905	0.413654	0.402989	0.405524	0.40737	0.406657	0.407401	0.545332	0.490369	0.488845	0.484438	0.489199	0.530796	0	0.291373	0.265223	0.293973	0.260882	0.263349	0.461014	0.476869	0.439457	0.460525	0.461286	0.449679	0.364768	0.382377	0.366547	0.390366	0.376122	0.379642	0.445039	0.444051	0.488547	0.428689	0.443283	0.443723	0.471465	0.440537	0.441437	0.442183	0.44954	0.443156	0.448539	0.436204	0.43005	0.466749	0.463299	0.467056	0.51265	0.508239	0.521271	0.508817	0.507654	0.510646	0.515032	0.519522	0.508901	0.51096	0.530944	0.517235	0.493529	0.487877	0.487128	0.503126	0.497096	0.496224	0.511973	0.49103	0.490483	0.51351	0.491494	0.516766	0.49925	0.496978	0.49849	0.495672	0.502293	0.537337	0.504009	0.522457	0.501374	0.501329	0.544249	0.523139	0.545753	0.541105	0.541193	0.5384	0.534207	0.541179	0.512225	0.513658	0.511062	0.50765	0.51146	0.511932
ERR626906	0.453601	0.426217	0.433186	0.432105	0.430524	0.431396	0.567935	0.519848	0.520458	0.51768	0.519105	0.55431	0.291373	0	0.314341	0.269257	0.290187	0.310013	0.496049	0.507346	0.487889	0.496039	0.497165	0.49459	0.373913	0.37394	0.373195	0.38504	0.379469	0.37152	0.478316	0.475446	0.510308	0.468422	0.475325	0.4754	0.489132	0.475555	0.475001	0.465024	0.475111	0.46637	0.483909	0.479451	0.473773	0.497946	0.495699	0.497884	0.538387	0.540433	0.550939	0.530148	0.541285	0.543213	0.505176	0.507183	0.502549	0.504471	0.51365	0.505913	0.500238	0.49846	0.498957	0.50279	0.496963	0.495839	0.512105	0.508115	0.507357	0.510764	0.509774	0.514901	0.510579	0.51745	0.521047	0.516451	0.508804	0.530032	0.526635	0.540001	0.532399	0.528468	0.547963	0.540647	0.568936	0.557703	0.558375	0.558897	0.563548	0.562861	0.549311	0.538464	0.537525	0.531934	0.547992	0.549379
ERR626908	0.405419	0.404328	0.40491	0.408969	0.408637	0.40932	0.545837	0.488271	0.485836	0.480811	0.486753	0.53095	0.265223	0.314341	0	0.317213	0.267367	0.258068	0.456106	0.474213	0.426547	0.455239	0.456022	0.440007	0.375308	0.399978	0.377882	0.407447	0.389996	0.397465	0.441462	0.441032	0.490345	0.422018	0.44008	0.440571	0.476074	0.436387	0.437665	0.443396	0.449882	0.444524	0.443822	0.427501	0.420353	0.464072	0.460115	0.464775	0.511516	0.502987	0.518351	0.509876	0.501533	0.50533	0.526843	0.531809	0.518911	0.520801	0.544385	0.529552	0.500403	0.49231	0.490963	0.513387	0.506495	0.505465	0.521912	0.492761	0.492279	0.52462	0.492618	0.527558	0.50334	0.496789	0.497249	0.495467	0.509229	0.551087	0.503831	0.525562	0.496108	0.498224	0.553648	0.526306	0.545344	0.543429	0.543132	0.538697	0.530161	0.541099	0.503545	0.512518	0.508983	0.506123	0.503125	0.503027
ERR626907	0.454864	0.4264	0.433588	0.432024	0.430464	0.43153	0.566003	0.518789	0.519388	0.516649	0.518049	0.552617	0.293973	0.269257	0.317213	0	0.292102	0.312828	0.495697	0.50643	0.48859	0.495697	0.496779	0.494723	0.373954	0.373211	0.372976	0.383883	0.378748	0.370555	0.477682	0.474806	0.508616	0.468149	0.474753	0.47473	0.487715	0.475782	0.475227	0.464838	0.474597	0.465989	0.483778	0.479828	0.474442	0.497269	0.495135	0.497292	0.538329	0.540915	0.550756	0.529872	0.54175	0.543608	0.50532	0.507237	0.502597	0.50491	0.51361	0.505972	0.50016	0.498908	0.499522	0.502407	0.496497	0.495499	0.511596	0.508897	0.507839	0.510152	0.510224	0.51418	0.510706	0.517923	0.521686	0.517066	0.508366	0.528499	0.526711	0.53938	0.533088	0.528892	0.546784	0.539971	0.568413	0.556788	0.557707	0.558116	0.563482	0.56215	0.55016	0.538158	0.537221	0.531743	0.548761	0.550135
ERR626904	0.412844	0.401057	0.403334	0.405305	0.404684	0.405381	0.542637	0.48844	0.486775	0.48242	0.487141	0.528341	0.260882	0.290187	0.267367	0.292102	0	0.26491	0.459398	0.474287	0.439214	0.458813	0.459469	0.448468	0.362846	0.379196	0.364179	0.386655	0.373364	0.376417	0.443239	0.442285	0.485297	0.427498	0.441684	0.442017	0.467618	0.438825	0.439361	0.439688	0.446636	0.440675	0.447182	0.4352	0.4295	0.464421	0.461182	0.46492	0.509166	0.50531	0.517844	0.50501	0.504708	0.507738	0.512535	0.51723	0.506712	0.509069	0.52909	0.514987	0.49109	0.486247	0.485562	0.500198	0.494694	0.493713	0.508091	0.488458	0.487682	0.509738	0.488899	0.51276	0.496967	0.495135	0.496835	0.493935	0.499563	0.53336	0.500053	0.517947	0.498109	0.497822	0.539335	0.518647	0.542434	0.53739	0.537505	0.534947	0.531583	0.537973	0.510369	0.510214	0.507696	0.504206	0.509397	0.509988
ERR626903	0.406637	0.40338	0.404638	0.408494	0.408072	0.408873	0.546494	0.488989	0.486975	0.482161	0.487598	0.531568	0.263349	0.310013	0.258068	0.312828	0.26491	0	0.457103	0.474768	0.4291	0.456373	0.45705	0.441859	0.374154	0.397742	0.376733	0.404955	0.388298	0.394632	0.442047	0.441492	0.490264	0.423023	0.440738	0.44109	0.475181	0.436733	0.43781	0.442884	0.449395	0.44393	0.444843	0.429208	0.422062	0.464671	0.460923	0.465392	0.510736	0.502997	0.518281	0.508499	0.501285	0.50532	0.523534	0.528269	0.51603	0.517435	0.5405	0.526379	0.498628	0.490649	0.489455	0.510841	0.504177	0.502926	0.519468	0.491572	0.49104	0.521739	0.491462	0.524883	0.501342	0.49563	0.496236	0.494333	0.506973	0.5486	0.502346	0.524324	0.495102	0.497052	0.551449	0.525091	0.54492	0.541947	0.541959	0.537668	0.530105	0.540535	0.503967	0.511745	0.508119	0.504928	0.503337	0.503516
ERR612618	0.383549	0.394765	0.386639	0.386136	0.387988	0.387766	0.346487	0.320811	0.322752	0.321997	0.321088	0.338259	0.461014	0.496049	0.456106	0.495697	0.459398	0.457103	0	0.240142	0.261315	0.236024	0.235392	0.248706	0.399835	0.422142	0.402845	0.420184	0.404478	0.423839	0.309407	0.310205	0.329253	0.312031	0.310011	0.30993	0.312484	0.287237	0.287853	0.297419	0.292673	0.298178	0.289139	0.296181	0.298508	0.291096	0.290072	0.291449	0.427288	0.422737	0.424239	0.431711	0.423485	0.422178	0.553865	0.563499	0.549429	0.556094	0.580248	0.558458	0.49284	0.491293	0.489902	0.503369	0.505917	0.506522	0.504072	0.478997	0.478322	0.51027	0.477348	0.50985	0.494383	0.486472	0.484354	0.484449	0.496993	0.524555	0.485199	0.492486	0.480344	0.482484	0.523377	0.492223	0.381176	0.390467	0.38961	0.383158	0.377067	0.382074	0.408366	0.407954	0.406983	0.409744	0.407955	0.409064
ERR612614	0.396901	0.404407	0.396617	0.394742	0.396526	0.396118	0.330967	0.315518	0.318574	0.31904	0.316059	0.325025	0.476869	0.507346	0.474213	0.50643	0.474287	0.474768	0.240142	0	0.278789	0.241721	0.240396	0.260677	0.408452	0.425701	0.410551	0.422071	0.409359	0.428013	0.309372	0.31013	0.31727	0.317445	0.310037	0.309993	0.300776	0.291285	0.290803	0.295136	0.289694	0.295978	0.29116	0.3038	0.308325	0.287531	0.287544	0.287561	0.42776	0.426781	0.424614	0.431348	0.428163	0.425971	0.560472	0.570406	0.557319	0.564621	0.587293	0.565304	0.499184	0.499819	0.49896	0.506985	0.511463	0.512315	0.505991	0.486818	0.485848	0.512174	0.485078	0.511211	0.501927	0.495823	0.493875	0.49385	0.502394	0.522757	0.490627	0.493958	0.488614	0.489674	0.521316	0.493662	0.374574	0.382102	0.381364	0.37647	0.375921	0.375429	0.416105	0.408591	0.408684	0.411785	0.415423	0.417166
ERR612613	0.367466	0.390671	0.381816	0.384931	0.386764	0.38678	0.398843	0.353981	0.352919	0.349326	0.352861	0.387075	0.439457	0.487889	0.426547	0.48859	0.439214	0.4291	0.261315	0.278789	0	0.259995	0.258837	0.241501	0.39784	0.430285	0.402414	0.430746	0.40965	0.431196	0.336305	0.338761	0.379081	0.325379	0.337652	0.337981	0.361725	0.308236	0.310502	0.332768	0.328779	0.333606	0.312136	0.301799	0.300047	0.325692	0.321581	0.326824	0.435731	0.422523	0.431783	0.442306	0.421006	0.422362	0.552381	0.561667	0.545352	0.550296	0.578369	0.55706	0.490769	0.483898	0.481631	0.506518	0.505555	0.506131	0.509795	0.471792	0.471513	0.516485	0.469568	0.516604	0.489149	0.475852	0.472692	0.473922	0.496639	0.5378	0.478647	0.493684	0.465895	0.471164	0.532795	0.493775	0.412531	0.425558	0.424173	0.414504	0.395285	0.413081	0.402627	0.420611	0.416856	0.419751	0.403112	0.402917
ERR612616	0.38293	0.394685	0.386516	0.386075	0.388076	0.387674	0.348425	0.322081	0.323698	0.322944	0.322311	0.340222	0.460525	0.496039	0.455239	0.495697	0.458813	0.456373	0.236024	0.241721	0.259995	0	0.235368	0.247628	0.400009	0.422363	0.402938	0.420491	0.40452	0.424199	0.310664	0.311614	0.331425	0.312705	0.311275	0.311312	0.314678	0.288441	0.288997	0.299489	0.294673	0.300214	0.289885	0.295975	0.298549	0.292355	0.291008	0.292784	0.427549	0.422374	0.424384	0.432171	0.423218	0.421995	0.553622	0.563577	0.549166	0.555925	0.580197	0.558335	0.49284	0.491102	0.48973	0.503458	0.50584	0.506575	0.504304	0.478606	0.477907	0.510459	0.476844	0.510031	0.494434	0.485992	0.483796	0.484011	0.496979	0.524995	0.484506	0.491991	0.47947	0.481655	0.52331	0.491797	0.382649	0.39207	0.391326	0.384598	0.377926	0.383694	0.407716	0.408075	0.407057	0.409875	0.407264	0.408505
ERR612617	0.383129	0.394972	0.386709	0.386032	0.388249	0.38786	0.347713	0.321837	0.323066	0.322147	0.321948	0.339692	0.461286	0.497165	0.456022	0.496779	0.459469	0.45705	0.235392	0.240396	0.258837	0.235368	0	0.245937	0.400244	0.422569	0.403145	0.420264	0.404522	0.424393	0.310826	0.312098	0.331364	0.312853	0.311684	0.311823	0.314525	0.288517	0.289368	0.30005	0.294894	0.30087	0.289898	0.2957	0.298611	0.292166	0.290642	0.292515	0.426355	0.421611	0.423063	0.431045	0.422191	0.420876	0.554187	0.564193	0.549894	0.556832	0.581224	0.559066	0.49268	0.491179	0.489839	0.503201	0.505976	0.506615	0.503775	0.478415	0.477851	0.510125	0.476495	0.50947	0.494459	0.485865	0.483687	0.483942	0.4969	0.52417	0.483655	0.490743	0.478707	0.480968	0.522191	0.49069	0.381663	0.391586	0.39073	0.383825	0.377061	0.382832	0.406987	0.407308	0.406214	0.409303	0.406736	0.407835
ERR612615	0.373611	0.393168	0.383602	0.385058	0.387257	0.386952	0.375958	0.338201	0.336804	0.333914	0.337683	0.365897	0.449679	0.49459	0.440007	0.494723	0.448468	0.441859	0.248706	0.260677	0.241501	0.247628	0.245937	0	0.399204	0.427463	0.402888	0.425346	0.406571	0.428787	0.325104	0.328071	0.358994	0.318989	0.327256	0.327547	0.342162	0.299496	0.301655	0.321101	0.315256	0.322316	0.301407	0.295856	0.297867	0.309798	0.306852	0.310879	0.427348	0.417702	0.422511	0.434008	0.417009	0.417119	0.555101	0.565441	0.549352	0.555861	0.583204	0.560106	0.491127	0.487318	0.485487	0.504518	0.506182	0.506738	0.50569	0.473085	0.47257	0.512632	0.470761	0.511962	0.491463	0.479441	0.476399	0.477385	0.496317	0.530331	0.476024	0.486911	0.4668	0.470932	0.52392	0.486799	0.396837	0.410287	0.408832	0.400051	0.384458	0.398461	0.40125	0.412066	0.409558	0.413101	0.40162	0.401832
ERR617515	0.390083	0.369645	0.372512	0.369983	0.368622	0.369499	0.488752	0.447458	0.446598	0.444453	0.446556	0.477207	0.364768	0.373913	0.375308	0.373954	0.362846	0.374154	0.399835	0.408452	0.39784	0.400009	0.400244	0.399204	0	0.285222	0.27234	0.291384	0.277706	0.2856	0.422783	0.421243	0.447928	0.416108	0.421078	0.421159	0.394593	0.38189	0.381334	0.375124	0.380812	0.375665	0.392337	0.389235	0.387771	0.40294	0.401097	0.403464	0.462364	0.466511	0.470403	0.456538	0.468424	0.467665	0.476153	0.481535	0.47287	0.478001	0.493475	0.478188	0.444771	0.445043	0.445116	0.449523	0.447253	0.447936	0.459121	0.452035	0.451508	0.461401	0.452638	0.46263	0.457907	0.462233	0.464312	0.461187	0.455591	0.47432	0.471964	0.477441	0.478952	0.475042	0.489866	0.477503	0.477417	0.470259	0.470633	0.470857	0.475007	0.473183	0.47692	0.462289	0.462491	0.460052	0.475727	0.477238
ERR617512	0.418782	0.389006	0.393395	0.388518	0.387093	0.387493	0.495761	0.462934	0.462837	0.461711	0.462696	0.486207	0.382377	0.37394	0.399978	0.373211	0.379196	0.397742	0.422142	0.425701	0.430285	0.422363	0.422569	0.427463	0.285222	0	0.283149	0.282382	0.280801	0.278924	0.44247	0.440462	0.455923	0.440629	0.440821	0.440679	0.40021	0.406333	0.405174	0.391448	0.397343	0.39183	0.415629	0.417605	0.417787	0.421647	0.421089	0.421764	0.475261	0.485098	0.484755	0.466771	0.487792	0.486125	0.475737	0.480797	0.475676	0.481886	0.491372	0.477421	0.451295	0.456213	0.457385	0.449773	0.44991	0.450706	0.457461	0.464879	0.463909	0.45833	0.466045	0.45934	0.468758	0.478124	0.481294	0.477053	0.461564	0.464282	0.483692	0.48305	0.496886	0.490652	0.484558	0.482962	0.487953	0.476647	0.477599	0.48068	0.491761	0.483427	0.500389	0.476041	0.478089	0.474803	0.499116	0.501028
ERR617514	0.394111	0.371973	0.375328	0.372424	0.371109	0.371756	0.489398	0.449277	0.448586	0.446393	0.448463	0.478214	0.366547	0.373195	0.377882	0.372976	0.364179	0.376733	0.402845	0.410551	0.402414	0.402938	0.403145	0.402888	0.27234	0.283149	0	0.288871	0.276881	0.283772	0.425313	0.423743	0.448621	0.419445	0.423731	0.423724	0.394647	0.384884	0.384328	0.37702	0.382636	0.377487	0.395399	0.392994	0.391797	0.405266	0.403826	0.405697	0.463242	0.468556	0.471532	0.45734	0.470463	0.469773	0.475853	0.481301	0.47322	0.478555	0.492944	0.47787	0.445494	0.446626	0.446764	0.449411	0.44746	0.448255	0.458463	0.4536	0.452784	0.46058	0.454235	0.46167	0.459475	0.464311	0.466681	0.463324	0.456234	0.472675	0.472898	0.47763	0.480957	0.476675	0.488582	0.477627	0.478613	0.470591	0.471335	0.471727	0.476821	0.474174	0.479952	0.463551	0.464189	0.461746	0.478631	0.480337
ERR617511	0.421997	0.393148	0.396403	0.390943	0.389735	0.389892	0.487385	0.457786	0.457196	0.455622	0.457834	0.478838	0.390366	0.38504	0.407447	0.383883	0.386655	0.404955	0.420184	0.422071	0.430746	0.420491	0.420264	0.425346	0.291384	0.282382	0.288871	0	0.282567	0.282939	0.440647	0.439576	0.450021	0.439987	0.439717	0.439923	0.394818	0.406134	0.405308	0.392168	0.396205	0.392648	0.414173	0.416199	0.41809	0.417911	0.417669	0.418316	0.469511	0.481194	0.478023	0.461829	0.483961	0.482001	0.48207	0.488469	0.482484	0.490112	0.500784	0.484318	0.453615	0.460875	0.462006	0.450071	0.453845	0.454758	0.455941	0.465696	0.4648	0.457291	0.466612	0.45719	0.472397	0.481229	0.483877	0.480131	0.463892	0.460213	0.479628	0.475672	0.494614	0.487915	0.475642	0.475641	0.482111	0.471829	0.472434	0.476031	0.487816	0.47843	0.498904	0.472145	0.474689	0.472341	0.497554	0.499646
ERR617516	0.40268	0.378593	0.381164	0.376552	0.375612	0.376159	0.482781	0.447408	0.446391	0.444438	0.446929	0.4728	0.376122	0.379469	0.389996	0.378748	0.373364	0.388298	0.404478	0.409359	0.40965	0.40452	0.404522	0.406571	0.277706	0.280801	0.276881	0.282567	0	0.28147	0.426727	0.425609	0.443334	0.423737	0.425723	0.425844	0.388928	0.388595	0.388282	0.378509	0.38295	0.379394	0.39792	0.39744	0.39823	0.404419	0.403577	0.404958	0.461587	0.46966	0.469589	0.455187	0.472294	0.470627	0.478811	0.48537	0.477575	0.484489	0.498147	0.481152	0.447627	0.451832	0.452519	0.448578	0.449551	0.450204	0.455138	0.456554	0.455603	0.457408	0.457152	0.457884	0.46355	0.469571	0.471972	0.468412	0.457923	0.465394	0.472778	0.473027	0.483654	0.478512	0.479938	0.473222	0.474759	0.466485	0.467071	0.468857	0.476699	0.471201	0.484143	0.463137	0.464696	0.462455	0.48301	0.484819
ERR617513	0.418457	0.388683	0.393282	0.388567	0.387108	0.387584	0.49911	0.465427	0.465375	0.464	0.465172	0.489423	0.379642	0.37152	0.397465	0.370555	0.376417	0.394632	0.423839	0.428013	0.431196	0.424199	0.424393	0.428787	0.2856	0.278924	0.283772	0.282939	0.28147	0	0.444411	0.442577	0.45884	0.442028	0.442909	0.442785	0.402967	0.407629	0.40678	0.393346	0.399276	0.393937	0.417814	0.419129	0.418949	0.424184	0.423546	0.424372	0.475516	0.485621	0.485612	0.467438	0.488229	0.486735	0.473878	0.479131	0.473611	0.479674	0.489442	0.475405	0.450715	0.455542	0.456681	0.449338	0.449354	0.449785	0.457374	0.46427	0.463316	0.457971	0.465436	0.459083	0.468336	0.477517	0.480812	0.47659	0.461274	0.465107	0.483111	0.48341	0.496477	0.490225	0.484892	0.48327	0.489829	0.478664	0.479582	0.482296	0.493312	0.485276	0.500657	0.476672	0.478498	0.475101	0.499223	0.501113
ERR613997	0.404587	0.416271	0.408359	0.407646	0.4094	0.409344	0.309615	0.283163	0.286313	0.285872	0.283404	0.300562	0.445039	0.478316	0.441462	0.477682	0.443239	0.442047	0.309407	0.309372	0.336305	0.310664	0.310826	0.325104	0.422783	0.44247	0.425313	0.440647	0.426727	0.444411	0	0.23238	0.256498	0.236296	0.232163	0.23243	0.323775	0.303998	0.304972	0.311228	0.307838	0.31138	0.291313	0.302249	0.304073	0.291302	0.290474	0.290987	0.467157	0.46123	0.463367	0.471487	0.461716	0.460884	0.595996	0.604786	0.591233	0.596993	0.620919	0.600418	0.536658	0.534211	0.532593	0.547265	0.548986	0.549818	0.548314	0.522341	0.521877	0.554368	0.520592	0.554114	0.532661	0.523825	0.521698	0.522093	0.535969	0.564281	0.524514	0.53257	0.517752	0.520521	0.563867	0.532602	0.420149	0.429593	0.428277	0.422147	0.41665	0.421262	0.448178	0.450032	0.448356	0.451661	0.447544	0.44864
ERR613999	0.404097	0.414356	0.407123	0.406414	0.408112	0.408006	0.310987	0.285251	0.289049	0.288942	0.285736	0.301779	0.444051	0.475446	0.441032	0.474806	0.442285	0.441492	0.310205	0.31013	0.338761	0.311614	0.312098	0.328071	0.421243	0.440462	0.423743	0.439576	0.425609	0.442577	0.23238	0	0.255979	0.238392	0.230481	0.230896	0.32229	0.303853	0.3044	0.30832	0.306394	0.308634	0.292276	0.304788	0.306025	0.292097	0.291782	0.291761	0.468522	0.462857	0.465304	0.472128	0.46345	0.462599	0.593039	0.601428	0.588194	0.593818	0.617176	0.597268	0.535428	0.532663	0.531149	0.545807	0.547048	0.547862	0.547403	0.522118	0.521508	0.553286	0.520367	0.553125	0.531336	0.523139	0.521236	0.521464	0.534738	0.563439	0.525654	0.534044	0.519346	0.521977	0.564509	0.534082	0.420616	0.42865	0.427458	0.421836	0.417775	0.421181	0.449601	0.450415	0.448694	0.451692	0.448925	0.449953
ERR613998	0.439488	0.442783	0.435264	0.431814	0.433618	0.433039	0.283683	0.290376	0.294961	0.296964	0.292066	0.282375	0.488547	0.510308	0.490345	0.508616	0.485297	0.490264	0.329253	0.31727	0.379081	0.331425	0.331364	0.358994	0.447928	0.455923	0.448621	0.450021	0.443334	0.45884	0.256498	0.255979	0	0.277815	0.257018	0.257359	0.306232	0.326659	0.32613	0.31781	0.313719	0.317779	0.313736	0.336544	0.342724	0.300897	0.303859	0.299972	0.473001	0.475663	0.469338	0.475789	0.478055	0.474816	0.610354	0.619884	0.6081	0.615699	0.636421	0.61495	0.5521	0.554803	0.554314	0.557205	0.562876	0.564173	0.555229	0.541839	0.540979	0.560753	0.540195	0.559427	0.551716	0.546587	0.545189	0.544891	0.550353	0.562155	0.539204	0.538396	0.539559	0.539982	0.560979	0.538329	0.414201	0.419325	0.418205	0.41651	0.424392	0.416172	0.471369	0.45639	0.457722	0.461117	0.470138	0.472205
ERR613996	0.392669	0.408491	0.400523	0.401218	0.403149	0.403083	0.331337	0.29362	0.295016	0.293147	0.293041	0.320025	0.428689	0.468422	0.422018	0.468149	0.427498	0.423023	0.312031	0.317445	0.325379	0.312705	0.312853	0.318989	0.416108	0.440629	0.419445	0.439987	0.423737	0.442028	0.236296	0.238392	0.277815	0	0.237591	0.238083	0.339062	0.304902	0.306713	0.318651	0.315903	0.319092	0.294222	0.29759	0.297299	0.299433	0.297467	0.299663	0.467434	0.458283	0.463372	0.472537	0.457866	0.458153	0.591138	0.599694	0.585373	0.590436	0.615877	0.595499	0.532097	0.527486	0.525562	0.544681	0.544923	0.54565	0.547075	0.516293	0.515983	0.553386	0.514438	0.553439	0.526853	0.516257	0.513901	0.514451	0.532186	0.566345	0.519292	0.530482	0.50979	0.513592	0.565097	0.530634	0.428675	0.439541	0.437975	0.430705	0.42018	0.429715	0.442664	0.451394	0.448542	0.451763	0.442442	0.442915
ERR614001	0.403752	0.414505	0.407204	0.406458	0.408104	0.40821	0.311693	0.285409	0.288979	0.288819	0.285725	0.302344	0.443283	0.475325	0.44008	0.474753	0.441684	0.440738	0.310011	0.310037	0.337652	0.311275	0.311684	0.327256	0.421078	0.440821	0.423731	0.439717	0.425723	0.442909	0.232163	0.230481	0.257018	0.237591	0	0.230655	0.322706	0.303099	0.304076	0.30855	0.306435	0.308837	0.292027	0.303789	0.304964	0.292169	0.291561	0.291634	0.468399	0.462334	0.465068	0.472204	0.463097	0.462227	0.593448	0.601891	0.588722	0.594214	0.617699	0.597749	0.535627	0.53274	0.531119	0.546172	0.547203	0.548246	0.547833	0.521928	0.521405	0.553539	0.520315	0.553484	0.531435	0.523061	0.521039	0.521362	0.534854	0.563717	0.52562	0.534063	0.518943	0.521666	0.564847	0.534077	0.420758	0.429352	0.42801	0.422158	0.417562	0.42154	0.448948	0.450317	0.44864	0.451735	0.448204	0.449252
ERR614000	0.403722	0.414331	0.407052	0.4062	0.407987	0.407849	0.31171	0.285829	0.289485	0.28948	0.285975	0.302665	0.443723	0.4754	0.440571	0.47473	0.442017	0.44109	0.30993	0.309993	0.337981	0.311312	0.311823	0.327547	0.421159	0.440679	0.423724	0.439923	0.425844	0.442785	0.23243	0.230896	0.257359	0.238083	0.230655	0	0.323081	0.303502	0.304295	0.308637	0.306548	0.308708	0.292223	0.304459	0.305473	0.292355	0.291971	0.292045	0.468325	0.462498	0.46511	0.472238	0.463187	0.462305	0.592948	0.601385	0.58826	0.593611	0.61705	0.597133	0.535338	0.532485	0.531079	0.546016	0.546972	0.547919	0.547557	0.521741	0.52129	0.553323	0.520116	0.553159	0.531131	0.522887	0.521011	0.521129	0.534689	0.563543	0.525418	0.533968	0.518913	0.521563	0.564662	0.534039	0.420813	0.42911	0.427958	0.422206	0.417839	0.421475	0.449071	0.45022	0.448534	0.451399	0.448332	0.449378
ERR613974	0.407057	0.400269	0.395427	0.390544	0.39168	0.391179	0.33144	0.331681	0.335909	0.337972	0.333362	0.329202	0.471465	0.489132	0.476074	0.487715	0.467618	0.475181	0.312484	0.300776	0.361725	0.314678	0.314525	0.342162	0.394593	0.40021	0.394647	0.394818	0.388928	0.402967	0.323775	0.32229	0.306232	0.339062	0.322706	0.323081	0	0.272169	0.26939	0.254497	0.250826	0.25474	0.311364	0.332149	0.338534	0.300597	0.302999	0.299996	0.42298	0.431567	0.423561	0.422466	0.434943	0.431024	0.543599	0.552992	0.542303	0.550562	0.569213	0.547914	0.489057	0.493724	0.493982	0.4915	0.497868	0.498918	0.492798	0.486778	0.485591	0.497908	0.485652	0.496536	0.496128	0.495557	0.495098	0.493789	0.492018	0.499224	0.489844	0.486708	0.495729	0.493562	0.503422	0.486384	0.370775	0.368844	0.368568	0.369745	0.385436	0.370619	0.439463	0.413051	0.415879	0.41744	0.438141	0.440923
ERR613977	0.368427	0.378369	0.371447	0.370756	0.372575	0.372343	0.352873	0.32431	0.326617	0.326039	0.324484	0.344052	0.440537	0.475555	0.436387	0.475782	0.438825	0.436733	0.287237	0.291285	0.308236	0.288441	0.288517	0.299496	0.38189	0.406333	0.384884	0.406134	0.388595	0.407629	0.303998	0.303853	0.326659	0.304902	0.303099	0.303502	0.272169	0	0.234977	0.246605	0.243526	0.246613	0.284898	0.291302	0.292724	0.288386	0.287182	0.288901	0.419461	0.414295	0.417737	0.423117	0.41489	0.414044	0.53878	0.547648	0.533492	0.539309	0.563685	0.543064	0.480124	0.476648	0.475237	0.491689	0.492264	0.493085	0.497355	0.470546	0.469994	0.503504	0.468807	0.503464	0.481043	0.473271	0.471329	0.471515	0.484871	0.51686	0.479458	0.488163	0.474124	0.476078	0.519561	0.488226	0.377301	0.385174	0.384154	0.377547	0.371692	0.377493	0.407198	0.406888	0.405389	0.407947	0.406502	0.407783
ERR613972	0.368826	0.377432	0.370911	0.370241	0.371792	0.371646	0.352681	0.325432	0.328149	0.327968	0.325579	0.344098	0.441437	0.475001	0.437665	0.475227	0.439361	0.43781	0.287853	0.290803	0.310502	0.288997	0.289368	0.301655	0.381334	0.405174	0.384328	0.405308	0.388282	0.40678	0.304972	0.3044	0.32613	0.306713	0.304076	0.304295	0.26939	0.234977	0	0.244831	0.240957	0.244791	0.285619	0.29324	0.294245	0.288628	0.287595	0.288811	0.418555	0.413863	0.417115	0.421884	0.414641	0.413774	0.536961	0.545522	0.531759	0.53755	0.561312	0.541063	0.478682	0.475356	0.473975	0.490038	0.490673	0.491322	0.495605	0.4696	0.468977	0.501553	0.468057	0.501629	0.479703	0.472739	0.471075	0.470804	0.483417	0.51524	0.479277	0.48781	0.474289	0.476269	0.518596	0.487957	0.37595	0.383168	0.382256	0.375638	0.371376	0.375609	0.407931	0.406322	0.40494	0.407045	0.407093	0.408579
ERR613975	0.37861	0.376772	0.372939	0.370513	0.371461	0.371508	0.349031	0.33011	0.334819	0.335775	0.330952	0.341839	0.442183	0.465024	0.443396	0.464838	0.439688	0.442884	0.297419	0.295136	0.332768	0.299489	0.30005	0.321101	0.375124	0.391448	0.37702	0.392168	0.378509	0.393346	0.311228	0.30832	0.31781	0.318651	0.30855	0.308637	0.254497	0.246605	0.244831	0	0.239023	0.236672	0.295267	0.310646	0.312116	0.29396	0.294453	0.293603	0.421589	0.422329	0.423086	0.421683	0.424446	0.422468	0.527664	0.535671	0.523928	0.529799	0.550421	0.531434	0.475962	0.47492	0.474239	0.484034	0.485	0.485873	0.489596	0.472162	0.471201	0.494646	0.471071	0.495003	0.479533	0.47656	0.475971	0.47484	0.48038	0.50517	0.483555	0.489415	0.483223	0.483273	0.513422	0.489482	0.375818	0.375652	0.375504	0.372561	0.379417	0.374105	0.421983	0.408503	0.408395	0.409217	0.420496	0.423003
ERR613973	0.380429	0.381185	0.37613	0.373269	0.374727	0.374398	0.341566	0.323893	0.32792	0.328817	0.324788	0.334908	0.44954	0.475111	0.449882	0.474597	0.446636	0.449395	0.292673	0.289694	0.328779	0.294673	0.294894	0.315256	0.380812	0.397343	0.382636	0.396205	0.38295	0.399276	0.307838	0.306394	0.313719	0.315903	0.306435	0.306548	0.250826	0.243526	0.240957	0.239023	0	0.239061	0.290764	0.305571	0.308523	0.288293	0.288523	0.288011	0.418095	0.418783	0.41802	0.419504	0.420854	0.418553	0.535137	0.543712	0.531417	0.537918	0.559362	0.539156	0.478913	0.478817	0.478134	0.487051	0.489362	0.490111	0.491368	0.473491	0.472582	0.496984	0.47216	0.496565	0.482453	0.478584	0.477548	0.47689	0.483004	0.50633	0.481839	0.486363	0.481227	0.481328	0.51153	0.486423	0.370231	0.372634	0.37213	0.368596	0.373443	0.369238	0.418418	0.405883	0.405865	0.40766	0.417288	0.419395
ERR613976	0.379086	0.377377	0.373212	0.370939	0.371957	0.371834	0.348862	0.330146	0.334739	0.335767	0.330928	0.341647	0.443156	0.46637	0.444524	0.465989	0.440675	0.44393	0.298178	0.295978	0.333606	0.300214	0.30087	0.322316	0.375665	0.39183	0.377487	0.392648	0.379394	0.393937	0.31138	0.308634	0.317779	0.319092	0.308837	0.308708	0.25474	0.246613	0.244791	0.236672	0.239061	0	0.295513	0.310846	0.312436	0.293977	0.294603	0.293584	0.421719	0.422703	0.423112	0.42199	0.424897	0.422759	0.528505	0.536278	0.524597	0.530405	0.550935	0.53199	0.476462	0.475306	0.474609	0.484651	0.485411	0.486427	0.490454	0.472741	0.47162	0.495095	0.471505	0.495634	0.479816	0.476772	0.47616	0.475139	0.480628	0.505638	0.484001	0.489685	0.483512	0.483356	0.513825	0.489656	0.376215	0.376209	0.375799	0.372912	0.379588	0.374189	0.422252	0.40907	0.408762	0.409858	0.420744	0.423107
ERR636667	0.388469	0.400622	0.392942	0.392396	0.394036	0.394033	0.323062	0.294442	0.296536	0.296114	0.294604	0.31401	0.448539	0.483909	0.443822	0.483778	0.447182	0.444843	0.289139	0.29116	0.312136	0.289885	0.289898	0.301407	0.392337	0.415629	0.395399	0.414173	0.39792	0.417814	0.291313	0.292276	0.313736	0.294222	0.292027	0.292223	0.311364	0.284898	0.285619	0.295267	0.290764	0.295513	0	0.242691	0.245315	0.23931	0.237778	0.239858	0.441563	0.43543	0.438082	0.446007	0.436027	0.435092	0.569664	0.579054	0.564793	0.571017	0.595378	0.5741	0.509373	0.506641	0.504941	0.520328	0.521859	0.522606	0.520779	0.493953	0.493446	0.52719	0.492077	0.526973	0.508542	0.499805	0.497856	0.497945	0.511745	0.54063	0.499199	0.507118	0.493185	0.49577	0.538777	0.507063	0.397334	0.407467	0.40609	0.399556	0.392406	0.398575	0.425518	0.427404	0.426037	0.429311	0.424989	0.426024
ERR636669	0.378938	0.396841	0.388206	0.389061	0.391061	0.390824	0.34793	0.309031	0.308253	0.306017	0.30827	0.337039	0.436204	0.479451	0.427501	0.479828	0.4352	0.429208	0.296181	0.3038	0.301799	0.295975	0.2957	0.295856	0.389235	0.417605	0.392994	0.416199	0.39744	0.419129	0.302249	0.304788	0.336544	0.29759	0.303789	0.304459	0.332149	0.291302	0.29324	0.310646	0.305571	0.310846	0.242691	0	0.239517	0.253498	0.250267	0.254715	0.44126	0.43152	0.436583	0.447217	0.431044	0.431045	0.568052	0.577706	0.562097	0.568105	0.594656	0.572557	0.506668	0.502306	0.500357	0.519561	0.520472	0.520902	0.520873	0.488613	0.488361	0.527621	0.486562	0.527333	0.504676	0.493143	0.490447	0.491146	0.50966	0.543491	0.492489	0.503041	0.483104	0.487031	0.538836	0.503214	0.40818	0.420756	0.419224	0.410973	0.397759	0.410006	0.419915	0.429622	0.42717	0.430807	0.419931	0.420178
ERR636668	0.376111	0.394723	0.386773	0.388516	0.39034	0.390233	0.356199	0.313733	0.313983	0.311951	0.312778	0.344433	0.43005	0.473773	0.420353	0.474442	0.4295	0.422062	0.298508	0.308325	0.300047	0.298549	0.298611	0.297867	0.387771	0.417787	0.391797	0.41809	0.39823	0.418949	0.304073	0.306025	0.342724	0.297299	0.304964	0.305473	0.338534	0.292724	0.294245	0.312116	0.308523	0.312436	0.245315	0.239517	0	0.258936	0.255257	0.259972	0.445151	0.434174	0.441539	0.450587	0.433302	0.434123	0.565138	0.573976	0.558754	0.563758	0.590157	0.569447	0.505956	0.500043	0.497736	0.51992	0.519208	0.519752	0.522045	0.487766	0.487561	0.528454	0.485803	0.528802	0.502936	0.491411	0.488893	0.489399	0.509155	0.546633	0.494357	0.507362	0.483572	0.487827	0.543581	0.507484	0.413845	0.425523	0.423974	0.415479	0.40146	0.414664	0.420356	0.432502	0.429569	0.432403	0.420226	0.420486
