	ERR613214	ERR613210	ERR613213	ERR613212	ERR613209	ERR613211	ERR626905	ERR626906	ERR626908	ERR626907	ERR626904	ERR626903	ERR636911	ERR636912	ERR636910	ERR636907	ERR636908	ERR636909	ERR636768	ERR636766	ERR636765	ERR636763	ERR636764	ERR636767	ERR608367	ERR608369	ERR608366	ERR608370	ERR608365	ERR608368	ERR607315	ERR607313	ERR607314	ERR607316	ERR607312	ERR607311	ERR613849	ERR613851	ERR613848	ERR613852	ERR613853	ERR613850	ERR621924	ERR621920	ERR621922	ERR621923	ERR621919	ERR621921	ERR614953	ERR614954	ERR614949	ERR614951	ERR614952	ERR614950	ERR608448	ERR608447	ERR608446	ERR608449	ERR608445	ERR608450	ERR617160	ERR617157	ERR617155	ERR617158	ERR617156	ERR617159	ERR616280	ERR616279	ERR616278	ERR616281	ERR616277	ERR616282	ERR616459	ERR616456	ERR616457	ERR616461	ERR616460	ERR616458	ERR605674	ERR605676	ERR605671	ERR605672	ERR605673	ERR605675	ERR612762	ERR612759	ERR612760	ERR612763	ERR612761	ERR612764	ERR614881	ERR614877	ERR614878	ERR614879	ERR614882	ERR614880
ERR613214	0	0.299725	0.25714	0.260402	0.319063	0.285199	0.491956	0.506925	0.497623	0.505119	0.488157	0.497423	0.376073	0.378825	0.375503	0.369153	0.375706	0.373495	0.356514	0.35477	0.357285	0.351607	0.359106	0.355415	0.382336	0.387943	0.364431	0.364992	0.346458	0.386698	0.392164	0.376331	0.390819	0.389509	0.383682	0.376608	0.369398	0.367414	0.391239	0.366836	0.391972	0.341995	0.34926	0.352862	0.354714	0.349833	0.366533	0.352218	0.467708	0.469094	0.453135	0.456802	0.468859	0.453995	0.367729	0.361302	0.34613	0.369387	0.339012	0.348073	0.53869	0.550381	0.543793	0.546733	0.547337	0.54629	0.469531	0.482536	0.475487	0.473662	0.4773	0.47361	0.492721	0.493114	0.536845	0.493611	0.494474	0.49412	0.463469	0.456325	0.463563	0.460619	0.45899	0.457377	0.423389	0.438232	0.417434	0.422501	0.425756	0.420238	0.469189	0.439931	0.444059	0.445682	0.467826	0.470592
ERR613210	0.299725	0	0.299437	0.313363	0.250352	0.250037	0.461215	0.498466	0.455838	0.497822	0.458818	0.456775	0.351492	0.350119	0.351703	0.364752	0.354745	0.355071	0.324258	0.325926	0.323711	0.331115	0.324095	0.325364	0.335242	0.337963	0.335636	0.336302	0.364789	0.339359	0.404939	0.361395	0.410116	0.398586	0.366437	0.37446	0.315809	0.320659	0.325761	0.31961	0.32605	0.314862	0.363237	0.348257	0.3515	0.360782	0.343146	0.349752	0.430145	0.430145	0.441854	0.444688	0.430242	0.438157	0.327218	0.32546	0.331608	0.325614	0.374591	0.33149	0.533232	0.533947	0.533593	0.520779	0.531669	0.519819	0.450524	0.456511	0.475563	0.444839	0.48464	0.445156	0.458482	0.48085	0.557656	0.458494	0.459255	0.480419	0.461761	0.456214	0.448771	0.454804	0.455802	0.45596	0.412374	0.403768	0.436492	0.409785	0.404514	0.411177	0.421758	0.418917	0.418347	0.421723	0.421197	0.422301
ERR613213	0.25714	0.299437	0	0.260099	0.319052	0.285235	0.492072	0.507736	0.497813	0.505816	0.488302	0.497478	0.376981	0.379436	0.376303	0.369915	0.376457	0.374101	0.35719	0.355367	0.357809	0.352305	0.359794	0.356102	0.3825	0.388423	0.364501	0.365155	0.346283	0.386986	0.39265	0.376238	0.391075	0.390103	0.38389	0.376664	0.369843	0.367934	0.391734	0.36721	0.39222	0.342114	0.350521	0.354004	0.35589	0.35128	0.367561	0.353361	0.4669	0.468479	0.45232	0.455855	0.468084	0.453082	0.367986	0.361641	0.346554	0.36987	0.33861	0.348209	0.537612	0.549919	0.542964	0.546173	0.546778	0.545673	0.469005	0.482266	0.475312	0.473278	0.477172	0.473241	0.491737	0.492597	0.536858	0.492674	0.493522	0.493499	0.462759	0.455255	0.462801	0.459761	0.458181	0.456171	0.422527	0.437558	0.416753	0.421653	0.424908	0.419588	0.468639	0.439075	0.443472	0.445074	0.467381	0.470107
ERR613212	0.260402	0.313363	0.260099	0	0.334107	0.297391	0.504198	0.517359	0.510672	0.515562	0.500421	0.510448	0.385103	0.388283	0.38434	0.376271	0.385315	0.38199	0.366567	0.364414	0.3671	0.359675	0.369612	0.365452	0.395466	0.401527	0.375955	0.376543	0.350126	0.400138	0.398141	0.384986	0.395807	0.39605	0.393296	0.383629	0.383088	0.380925	0.405886	0.380301	0.406381	0.353023	0.356919	0.362271	0.364139	0.357738	0.378026	0.361086	0.477247	0.4787	0.460081	0.464315	0.478384	0.46147	0.381845	0.374615	0.357645	0.383643	0.340608	0.359492	0.544015	0.558746	0.550713	0.555748	0.555355	0.555341	0.478065	0.492384	0.482339	0.483447	0.482868	0.483096	0.501608	0.500517	0.540132	0.502789	0.503794	0.501689	0.469886	0.461093	0.471198	0.467104	0.465152	0.462008	0.430399	0.447489	0.42082	0.429723	0.433523	0.42735	0.479665	0.448362	0.453184	0.454809	0.478334	0.481187
ERR613209	0.319063	0.250352	0.319052	0.334107	0	0.258723	0.45054	0.491913	0.442226	0.491905	0.448889	0.443687	0.356281	0.353923	0.356697	0.372277	0.359312	0.361106	0.329353	0.332288	0.32909	0.339761	0.328272	0.331126	0.330293	0.331787	0.336237	0.337256	0.376961	0.333386	0.409724	0.364126	0.416788	0.402766	0.366685	0.378908	0.311219	0.316772	0.315879	0.315758	0.31598	0.320397	0.372433	0.355285	0.357513	0.36952	0.345726	0.356664	0.427509	0.427078	0.44552	0.447392	0.427224	0.440835	0.32281	0.323036	0.334618	0.320522	0.387913	0.334124	0.534066	0.529232	0.53174	0.513581	0.527178	0.512662	0.449644	0.452878	0.477793	0.44215	0.488343	0.442464	0.454788	0.480308	0.562543	0.45453	0.455176	0.479284	0.466024	0.46326	0.451256	0.459496	0.460775	0.462934	0.417948	0.403092	0.447841	0.415405	0.408638	0.417452	0.416667	0.421998	0.419986	0.423117	0.416322	0.41716
ERR613211	0.285199	0.250037	0.285235	0.297391	0.258723	0	0.467473	0.500463	0.464417	0.499625	0.464828	0.46499	0.350864	0.35052	0.35105	0.360378	0.354222	0.353225	0.324857	0.32546	0.324244	0.328457	0.325333	0.325152	0.339853	0.343657	0.335977	0.336343	0.356139	0.344491	0.400323	0.360832	0.404379	0.394616	0.366916	0.371667	0.321556	0.325067	0.335275	0.323883	0.335686	0.313367	0.356467	0.344075	0.347584	0.354386	0.342905	0.345238	0.433996	0.434365	0.440697	0.443913	0.434314	0.437883	0.331586	0.32801	0.329843	0.330239	0.364263	0.33002	0.533386	0.536825	0.535155	0.525668	0.534501	0.524871	0.451076	0.45872	0.473019	0.447318	0.481113	0.447195	0.462868	0.481747	0.553237	0.463133	0.464016	0.481437	0.459055	0.452731	0.448133	0.452547	0.453036	0.452717	0.409561	0.406076	0.429227	0.407467	0.403628	0.40832	0.427625	0.418932	0.419362	0.422356	0.426879	0.428551
ERR626905	0.491956	0.461215	0.492072	0.504198	0.45054	0.467473	0	0.291373	0.265223	0.293973	0.260882	0.263349	0.457612	0.455781	0.45538	0.452797	0.443069	0.453524	0.477453	0.483129	0.479881	0.495049	0.474348	0.480326	0.392851	0.391526	0.397432	0.396378	0.431855	0.389593	0.411158	0.408825	0.418531	0.407818	0.396532	0.408945	0.430126	0.426901	0.422859	0.428274	0.422001	0.449852	0.45193	0.447165	0.442709	0.449722	0.43906	0.446119	0.513022	0.513499	0.517654	0.512287	0.512872	0.514767	0.39458	0.396158	0.400713	0.397099	0.441787	0.398894	0.513423	0.489179	0.499496	0.479814	0.489516	0.479841	0.514218	0.512903	0.520733	0.514413	0.527737	0.51428	0.499442	0.496565	0.554151	0.498514	0.497659	0.494829	0.54195	0.559316	0.54114	0.546694	0.547784	0.560565	0.535444	0.529754	0.553643	0.537842	0.537017	0.537797	0.512225	0.513658	0.511062	0.50765	0.51146	0.511932
ERR626906	0.506925	0.498466	0.507736	0.517359	0.491913	0.500463	0.291373	0	0.314341	0.269257	0.290187	0.310013	0.490188	0.489888	0.48755	0.474164	0.471281	0.482605	0.508788	0.513309	0.512489	0.522408	0.50626	0.510845	0.434269	0.434555	0.429442	0.428583	0.444919	0.430761	0.409502	0.432644	0.414419	0.409088	0.418483	0.423062	0.470687	0.463445	0.470366	0.464735	0.470005	0.480172	0.466809	0.470407	0.4646	0.465921	0.469051	0.46912	0.545292	0.546464	0.536402	0.52942	0.545661	0.535533	0.429152	0.429123	0.423078	0.433969	0.443874	0.422084	0.516672	0.491634	0.499932	0.493395	0.492539	0.494451	0.533043	0.533676	0.525205	0.538973	0.528185	0.53876	0.52972	0.507564	0.53588	0.529456	0.527869	0.506318	0.554366	0.576789	0.561898	0.563465	0.563201	0.579165	0.55619	0.559608	0.562474	0.559361	0.562672	0.557725	0.549311	0.538464	0.537525	0.531934	0.547992	0.549379
ERR626908	0.497623	0.455838	0.497813	0.510672	0.442226	0.464417	0.265223	0.314341	0	0.317213	0.267367	0.258068	0.455248	0.452421	0.45336	0.455675	0.442653	0.452751	0.474639	0.480849	0.476443	0.494128	0.470956	0.477795	0.386138	0.383819	0.396629	0.395545	0.440738	0.3826	0.425378	0.41231	0.433917	0.420488	0.400408	0.416828	0.422704	0.421035	0.410811	0.422322	0.409795	0.44847	0.457128	0.448227	0.444305	0.453999	0.436464	0.447485	0.507251	0.507206	0.519524	0.514679	0.506817	0.515662	0.390376	0.39371	0.404342	0.391643	0.45492	0.401445	0.522878	0.497157	0.50939	0.483218	0.497898	0.482631	0.514654	0.511476	0.527625	0.511508	0.536805	0.511612	0.495475	0.50206	0.570774	0.494177	0.49368	0.500013	0.546215	0.561811	0.541316	0.549034	0.550848	0.562469	0.535787	0.524921	0.560026	0.537775	0.534976	0.538427	0.503545	0.512518	0.508983	0.506123	0.503125	0.503027
ERR626907	0.505119	0.497822	0.505816	0.515562	0.491905	0.499625	0.293973	0.269257	0.317213	0	0.292102	0.312828	0.489231	0.489156	0.486592	0.47279	0.470309	0.481484	0.508081	0.51232	0.51183	0.521362	0.505745	0.510136	0.435063	0.435332	0.4292	0.428532	0.442919	0.431557	0.407882	0.43174	0.412444	0.407546	0.41786	0.421627	0.471172	0.463847	0.471368	0.465212	0.470874	0.479643	0.465121	0.469007	0.463512	0.46429	0.468422	0.46791	0.545424	0.546766	0.535797	0.528844	0.546029	0.535049	0.429452	0.429255	0.422412	0.434266	0.44177	0.421615	0.516539	0.492016	0.499827	0.494604	0.492872	0.495589	0.532816	0.533879	0.524467	0.539263	0.527228	0.539021	0.530226	0.507371	0.534372	0.529816	0.528403	0.506142	0.553498	0.575729	0.56126	0.562748	0.562308	0.578276	0.555517	0.559832	0.56099	0.558946	0.562415	0.55703	0.55016	0.538158	0.537221	0.531743	0.548761	0.550135
ERR626904	0.488157	0.458818	0.488302	0.500421	0.448889	0.464828	0.260882	0.290187	0.267367	0.292102	0	0.26491	0.455161	0.453566	0.453195	0.449784	0.440483	0.450775	0.475584	0.481162	0.477768	0.492863	0.472481	0.478289	0.392048	0.391272	0.395747	0.394735	0.428323	0.389097	0.408208	0.406217	0.415411	0.404839	0.394358	0.406028	0.429158	0.426057	0.422726	0.427385	0.421717	0.447203	0.449222	0.444508	0.440745	0.44706	0.437081	0.443931	0.51053	0.511193	0.51388	0.50858	0.510415	0.511218	0.392683	0.394104	0.397946	0.395302	0.437366	0.395705	0.510052	0.486502	0.496398	0.478172	0.487162	0.478149	0.512037	0.511076	0.517714	0.512308	0.524542	0.512276	0.497285	0.493569	0.550458	0.496105	0.495489	0.491814	0.538302	0.555387	0.537646	0.542813	0.54398	0.556583	0.532475	0.527562	0.549688	0.534724	0.534115	0.534755	0.510369	0.510214	0.507696	0.504206	0.509397	0.509988
ERR626903	0.497423	0.456775	0.497478	0.510448	0.443687	0.46499	0.263349	0.310013	0.258068	0.312828	0.26491	0	0.456437	0.454041	0.45465	0.456001	0.442914	0.45371	0.475678	0.481746	0.477843	0.495042	0.47211	0.478698	0.387369	0.385282	0.397208	0.396322	0.440608	0.384076	0.423395	0.412732	0.432119	0.419024	0.400267	0.416441	0.424072	0.4222	0.412933	0.423345	0.411856	0.448948	0.456648	0.448249	0.444678	0.453831	0.436741	0.448057	0.507138	0.507237	0.518163	0.513124	0.506762	0.514507	0.390493	0.393323	0.403591	0.392053	0.453612	0.401061	0.521036	0.494678	0.506732	0.481765	0.495493	0.481222	0.513933	0.510305	0.525449	0.511068	0.534386	0.511108	0.4957	0.500486	0.567402	0.494361	0.493692	0.498244	0.544012	0.560229	0.53951	0.546948	0.548696	0.561131	0.53471	0.524853	0.557983	0.536659	0.534324	0.537392	0.503967	0.511745	0.508119	0.504928	0.503337	0.503516
ERR636911	0.376073	0.351492	0.376981	0.385103	0.356281	0.350864	0.457612	0.490188	0.455248	0.489231	0.455161	0.456437	0	0.242283	0.242727	0.255317	0.248547	0.246414	0.290833	0.290841	0.290828	0.293697	0.291573	0.290946	0.325717	0.329614	0.318674	0.319474	0.336754	0.3295	0.37569	0.334682	0.379628	0.369971	0.342149	0.345926	0.332583	0.333968	0.348018	0.333237	0.347891	0.32088	0.34973	0.339042	0.341676	0.348296	0.337915	0.34027	0.480373	0.480731	0.492205	0.495761	0.480716	0.488542	0.356184	0.353671	0.354848	0.356327	0.384108	0.354517	0.578403	0.579707	0.579655	0.566276	0.577402	0.565396	0.495207	0.501233	0.519754	0.489618	0.528817	0.489779	0.500435	0.523931	0.598727	0.50054	0.501857	0.523687	0.5303	0.523591	0.517663	0.523818	0.524451	0.523208	0.477277	0.469505	0.498936	0.474716	0.470109	0.476247	0.469646	0.466865	0.466097	0.470162	0.469492	0.470652
ERR636912	0.378825	0.350119	0.379436	0.388283	0.353923	0.35052	0.455781	0.489888	0.452421	0.489156	0.453566	0.454041	0.242283	0	0.242395	0.257387	0.24895	0.24671	0.289757	0.289988	0.289924	0.293853	0.290214	0.289838	0.322814	0.326341	0.317363	0.318141	0.339701	0.326333	0.378152	0.335072	0.382307	0.372192	0.342316	0.34711	0.329817	0.331354	0.344184	0.330792	0.343893	0.320495	0.350904	0.338945	0.341884	0.349288	0.336306	0.34041	0.479904	0.480033	0.493245	0.496648	0.480035	0.489448	0.354305	0.352347	0.355013	0.354337	0.387379	0.354536	0.579509	0.580036	0.580483	0.565975	0.577821	0.565122	0.495872	0.501377	0.521378	0.489634	0.530745	0.489659	0.499931	0.52455	0.601014	0.499825	0.501227	0.52433	0.531804	0.52529	0.518378	0.52522	0.526004	0.524781	0.478214	0.469051	0.501348	0.475527	0.470537	0.477407	0.468381	0.467478	0.466421	0.470684	0.468214	0.469204
ERR636910	0.375503	0.351703	0.376303	0.38434	0.356697	0.35105	0.45538	0.48755	0.45336	0.486592	0.453195	0.45465	0.242727	0.242395	0	0.254094	0.247878	0.246028	0.292041	0.292013	0.292223	0.294638	0.292799	0.291955	0.325452	0.329446	0.317868	0.318659	0.335508	0.329284	0.373847	0.333613	0.377625	0.368241	0.340961	0.344574	0.333351	0.333877	0.348819	0.333252	0.348566	0.321018	0.348611	0.338452	0.340914	0.347361	0.337286	0.339515	0.480463	0.480936	0.491591	0.495151	0.480813	0.488255	0.355266	0.352468	0.353276	0.355358	0.382073	0.352915	0.577105	0.578402	0.578261	0.565165	0.576254	0.564308	0.494744	0.500859	0.518724	0.489367	0.527813	0.489502	0.499864	0.522676	0.59715	0.499994	0.501191	0.522668	0.529821	0.5231	0.517247	0.523467	0.52418	0.522777	0.476729	0.469706	0.498195	0.47444	0.469997	0.475754	0.470373	0.466649	0.466041	0.469957	0.470003	0.471184
ERR636907	0.369153	0.364752	0.369915	0.376271	0.372277	0.360378	0.452797	0.474164	0.455675	0.47279	0.449784	0.456001	0.255317	0.257387	0.254094	0	0.251515	0.250888	0.305907	0.304791	0.307276	0.304669	0.307185	0.304939	0.337614	0.342998	0.322793	0.323791	0.32341	0.341428	0.357457	0.333242	0.359472	0.353667	0.338719	0.336701	0.348294	0.34595	0.367607	0.345499	0.367885	0.328251	0.342195	0.338503	0.33986	0.341768	0.343323	0.338813	0.487276	0.488323	0.489177	0.491816	0.488183	0.487244	0.360629	0.356418	0.349965	0.362414	0.365034	0.350603	0.569558	0.571261	0.57026	0.561899	0.569147	0.561258	0.492968	0.50025	0.509317	0.491333	0.51621	0.491312	0.504396	0.517019	0.581105	0.504715	0.505809	0.517181	0.524029	0.520101	0.516295	0.520047	0.520062	0.520313	0.475338	0.475951	0.488332	0.47399	0.472664	0.474257	0.481149	0.468118	0.468895	0.47121	0.480297	0.482142
ERR636908	0.375706	0.354745	0.376457	0.385315	0.359312	0.354222	0.443069	0.471281	0.442653	0.470309	0.440483	0.442914	0.248547	0.24895	0.247878	0.251515	0	0.247418	0.297196	0.297601	0.299172	0.300822	0.297355	0.29745	0.322804	0.326749	0.313806	0.315184	0.332509	0.325619	0.364053	0.331345	0.368613	0.358806	0.334962	0.339144	0.334075	0.332613	0.349719	0.331804	0.34989	0.322392	0.342928	0.334382	0.335876	0.341649	0.333876	0.335615	0.480343	0.480769	0.48951	0.491582	0.480826	0.486443	0.349327	0.346709	0.346703	0.350495	0.377216	0.347116	0.57287	0.570198	0.571239	0.55789	0.568269	0.557329	0.490661	0.495172	0.511516	0.486167	0.520575	0.4863	0.499165	0.517444	0.589002	0.499033	0.499896	0.516888	0.525167	0.522017	0.514393	0.520345	0.520999	0.522151	0.475025	0.469874	0.49445	0.473184	0.470219	0.474061	0.471088	0.465794	0.464942	0.467509	0.470625	0.471934
ERR636909	0.373495	0.355071	0.374101	0.38199	0.361106	0.353225	0.453524	0.482605	0.452751	0.481484	0.450775	0.45371	0.246414	0.24671	0.246028	0.250888	0.247418	0	0.29627	0.296053	0.2968	0.298157	0.297367	0.296012	0.327918	0.332352	0.317758	0.318548	0.330817	0.331524	0.368768	0.332833	0.372009	0.363684	0.340054	0.341784	0.337342	0.3371	0.354057	0.336593	0.354124	0.322261	0.345834	0.337001	0.339845	0.344661	0.3378	0.33839	0.481556	0.482184	0.489797	0.493086	0.482112	0.4869	0.355632	0.352295	0.351528	0.356411	0.376623	0.351063	0.573948	0.575361	0.57493	0.563545	0.573378	0.562818	0.493737	0.500006	0.515496	0.489243	0.523907	0.489218	0.500243	0.520576	0.592302	0.5004	0.501673	0.520376	0.52679	0.52093	0.515482	0.520979	0.521771	0.520693	0.47512	0.470759	0.494304	0.47321	0.469725	0.474352	0.472599	0.465783	0.465802	0.469023	0.472229	0.473503
ERR636768	0.356514	0.324258	0.35719	0.366567	0.329353	0.324857	0.477453	0.508788	0.474639	0.508081	0.475584	0.475678	0.290833	0.289757	0.292041	0.305907	0.297196	0.29627	0	0.232585	0.235198	0.236574	0.23434	0.232355	0.320494	0.324068	0.31653	0.31856	0.34223	0.32493	0.381692	0.339517	0.386419	0.375813	0.346546	0.351428	0.303042	0.305869	0.320694	0.304592	0.320644	0.293353	0.362362	0.351022	0.353135	0.360822	0.348778	0.352299	0.461304	0.461681	0.474742	0.478493	0.461466	0.470778	0.339233	0.336965	0.339888	0.338431	0.374575	0.33994	0.577228	0.577164	0.577131	0.564209	0.574912	0.563379	0.475491	0.481468	0.501044	0.469379	0.510044	0.470008	0.490718	0.514094	0.58724	0.490989	0.491934	0.513656	0.515219	0.508894	0.501577	0.508385	0.508994	0.508887	0.455439	0.445563	0.478374	0.451983	0.44726	0.453691	0.448229	0.447695	0.446774	0.450965	0.448001	0.449237
ERR636766	0.35477	0.325926	0.355367	0.364414	0.332288	0.32546	0.483129	0.513309	0.480849	0.51232	0.481162	0.481746	0.290841	0.289988	0.292013	0.304791	0.297601	0.296053	0.232585	0	0.235306	0.234762	0.235144	0.232393	0.323639	0.327683	0.318433	0.320288	0.340566	0.328371	0.382662	0.341585	0.386906	0.376924	0.349066	0.352721	0.306249	0.308644	0.325136	0.30729	0.325356	0.293677	0.362034	0.351629	0.354126	0.360754	0.350488	0.353154	0.463731	0.464272	0.476042	0.480138	0.463958	0.472377	0.343079	0.340449	0.342118	0.342582	0.373556	0.342294	0.579894	0.580964	0.580401	0.568526	0.578593	0.56763	0.477259	0.483518	0.502353	0.471528	0.510944	0.471949	0.493878	0.516517	0.588482	0.494195	0.495218	0.516216	0.516158	0.50927	0.50276	0.509332	0.509666	0.509362	0.455861	0.447189	0.47786	0.452531	0.448091	0.454211	0.4512	0.448957	0.448421	0.452733	0.450855	0.452148
ERR636765	0.357285	0.323711	0.357809	0.3671	0.32909	0.324244	0.479881	0.512489	0.476443	0.51183	0.477768	0.477843	0.290828	0.289924	0.292223	0.307276	0.299172	0.2968	0.235198	0.235306	0	0.237007	0.234356	0.23519	0.323162	0.326623	0.319337	0.320863	0.343809	0.327571	0.384325	0.339486	0.388798	0.378249	0.347846	0.352294	0.304593	0.308799	0.321486	0.307588	0.321597	0.294675	0.364692	0.352946	0.355861	0.363511	0.350926	0.354363	0.461092	0.461465	0.474653	0.479093	0.461183	0.470657	0.341547	0.33932	0.341899	0.340595	0.375513	0.341849	0.575774	0.577589	0.577054	0.564504	0.575279	0.56365	0.476893	0.483685	0.503463	0.470695	0.51233	0.471153	0.48954	0.51406	0.588518	0.489777	0.490953	0.513969	0.515788	0.508355	0.501842	0.508805	0.50906	0.50828	0.45618	0.445564	0.479411	0.452682	0.447325	0.454493	0.448228	0.447778	0.446895	0.451611	0.448009	0.449098
ERR636763	0.351607	0.331115	0.352305	0.359675	0.339761	0.328457	0.495049	0.522408	0.494128	0.521362	0.492863	0.495042	0.293697	0.293853	0.294638	0.304669	0.300822	0.298157	0.236574	0.234762	0.237007	0	0.237239	0.235648	0.332148	0.336498	0.323751	0.325758	0.338433	0.337084	0.383659	0.345428	0.387108	0.378418	0.354239	0.35494	0.313386	0.315078	0.335439	0.313508	0.335878	0.294959	0.364216	0.355564	0.358177	0.363332	0.357226	0.356398	0.4683	0.469101	0.477824	0.482224	0.468941	0.474553	0.351276	0.347787	0.346521	0.351031	0.370987	0.34716	0.58484	0.587886	0.586458	0.576586	0.585341	0.575872	0.479719	0.487491	0.503329	0.475067	0.511076	0.475481	0.499464	0.51981	0.5885	0.500068	0.501139	0.519872	0.518151	0.510541	0.505951	0.511787	0.511633	0.51083	0.456842	0.450511	0.475803	0.453291	0.449548	0.454612	0.456965	0.451173	0.451138	0.455596	0.456508	0.458128
ERR636764	0.359106	0.324095	0.359794	0.369612	0.328272	0.325333	0.474348	0.50626	0.470956	0.505745	0.472481	0.47211	0.291573	0.290214	0.292799	0.307185	0.297355	0.297367	0.23434	0.235144	0.234356	0.237239	0	0.234737	0.318817	0.322046	0.316189	0.318019	0.344544	0.32299	0.381523	0.339037	0.387118	0.375529	0.34537	0.351176	0.301181	0.304125	0.31762	0.302993	0.318098	0.293992	0.362935	0.35135	0.35344	0.361353	0.348447	0.352717	0.460217	0.460552	0.474919	0.478358	0.460388	0.470623	0.337108	0.335635	0.33941	0.336598	0.376341	0.339421	0.576893	0.575514	0.5762	0.562128	0.57321	0.561349	0.47437	0.479681	0.50064	0.467971	0.509749	0.468512	0.489403	0.512742	0.587224	0.489503	0.490517	0.512239	0.515245	0.509767	0.501576	0.508949	0.509228	0.509959	0.456109	0.444897	0.479967	0.45268	0.447666	0.454511	0.446957	0.447585	0.446445	0.4506	0.446541	0.4478
ERR636767	0.355415	0.325364	0.356102	0.365452	0.331126	0.325152	0.480326	0.510845	0.477795	0.510136	0.478289	0.478698	0.290946	0.289838	0.291955	0.304939	0.29745	0.296012	0.232355	0.232393	0.23519	0.235648	0.234737	0	0.321614	0.325486	0.317142	0.318792	0.340698	0.32629	0.382224	0.340613	0.386579	0.376331	0.347872	0.352055	0.304513	0.306944	0.322969	0.305654	0.322898	0.292992	0.361911	0.351081	0.353548	0.360768	0.349547	0.352535	0.462086	0.462758	0.474894	0.478705	0.462381	0.471026	0.341047	0.338553	0.3409	0.340464	0.373744	0.340985	0.578247	0.57883	0.578529	0.566306	0.576501	0.565432	0.475919	0.482126	0.501105	0.470015	0.509853	0.470581	0.491961	0.514704	0.587289	0.492256	0.493192	0.514378	0.514893	0.508132	0.501434	0.508	0.508641	0.508267	0.455218	0.446107	0.477512	0.451737	0.447257	0.453472	0.449525	0.447738	0.446999	0.451269	0.449149	0.450394
ERR608367	0.382336	0.335242	0.3825	0.395466	0.330293	0.339853	0.392851	0.434269	0.386138	0.435063	0.392048	0.387369	0.325717	0.322814	0.325452	0.337614	0.322804	0.327918	0.320494	0.323639	0.323162	0.332148	0.318817	0.321614	0	0.242106	0.249173	0.250245	0.30796	0.242389	0.371688	0.330796	0.380052	0.36437	0.328808	0.343975	0.293061	0.292525	0.299081	0.292314	0.299361	0.302108	0.370592	0.355826	0.356561	0.367941	0.346522	0.357484	0.44005	0.439923	0.458078	0.458368	0.440027	0.453106	0.307911	0.309108	0.321087	0.307831	0.378165	0.319904	0.538717	0.527579	0.533135	0.512148	0.526384	0.511144	0.449533	0.449616	0.47533	0.441802	0.487288	0.441771	0.456692	0.479704	0.561966	0.456327	0.456592	0.478008	0.496983	0.498018	0.483467	0.492345	0.493948	0.498535	0.447272	0.434961	0.477408	0.445961	0.44113	0.447765	0.427489	0.432482	0.429976	0.431428	0.426815	0.427775
ERR608369	0.387943	0.337963	0.388423	0.401527	0.331787	0.343657	0.391526	0.434555	0.383819	0.435332	0.391272	0.385282	0.329614	0.326341	0.329446	0.342998	0.326749	0.332352	0.324068	0.327683	0.326623	0.336498	0.322046	0.325486	0.242106	0	0.252925	0.252363	0.315771	0.24051	0.374967	0.333881	0.384338	0.36764	0.331007	0.347978	0.293807	0.292882	0.297808	0.292535	0.29821	0.306243	0.373383	0.358057	0.358402	0.370561	0.347597	0.359593	0.442202	0.441974	0.462164	0.462102	0.441866	0.456848	0.308577	0.311253	0.324674	0.308412	0.384523	0.323233	0.54252	0.529538	0.536064	0.513345	0.528347	0.512254	0.451138	0.450417	0.477869	0.442838	0.490316	0.442795	0.458767	0.482403	0.565722	0.45812	0.458036	0.480695	0.500623	0.502595	0.486904	0.496349	0.498068	0.50299	0.451333	0.437318	0.482553	0.44976	0.444682	0.451976	0.428801	0.436465	0.43341	0.434979	0.428326	0.428945
ERR608366	0.364431	0.335636	0.364501	0.375955	0.336237	0.335977	0.397432	0.429442	0.396629	0.4292	0.395747	0.397208	0.318674	0.317363	0.317868	0.322793	0.313806	0.317758	0.31653	0.318433	0.319337	0.323751	0.316189	0.317142	0.249173	0.252925	0	0.245353	0.283242	0.251587	0.354488	0.32153	0.361212	0.348317	0.32121	0.330573	0.300662	0.297259	0.313955	0.297034	0.314351	0.29583	0.356629	0.346261	0.347294	0.354729	0.343476	0.347688	0.444066	0.444579	0.453325	0.454042	0.444378	0.449814	0.309989	0.309023	0.311858	0.311501	0.355706	0.311837	0.534414	0.527556	0.530632	0.515608	0.526063	0.514844	0.44755	0.450557	0.467942	0.443281	0.477982	0.443074	0.460498	0.476654	0.550459	0.46056	0.460745	0.475673	0.491037	0.491485	0.480867	0.487287	0.488163	0.49232	0.441502	0.436857	0.464022	0.440377	0.438281	0.44143	0.435341	0.42973	0.428733	0.429877	0.434402	0.435907
ERR608370	0.364992	0.336302	0.365155	0.376543	0.337256	0.336343	0.396378	0.428583	0.395545	0.428532	0.394735	0.396322	0.319474	0.318141	0.318659	0.323791	0.315184	0.318548	0.31856	0.320288	0.320863	0.325758	0.318019	0.318792	0.250245	0.252363	0.245353	0	0.283986	0.251058	0.354768	0.32165	0.361169	0.348674	0.321391	0.330667	0.30179	0.298413	0.314831	0.298317	0.315224	0.297178	0.357236	0.346904	0.34769	0.355419	0.343963	0.348224	0.443915	0.444567	0.453018	0.453983	0.444325	0.449747	0.310191	0.309389	0.312388	0.311585	0.355755	0.311327	0.532286	0.526336	0.529486	0.514617	0.525155	0.513888	0.447374	0.45092	0.468024	0.443148	0.478148	0.442855	0.459334	0.475844	0.549987	0.459299	0.459656	0.474986	0.490633	0.490953	0.480921	0.487018	0.488143	0.491719	0.441606	0.43752	0.464343	0.440699	0.438409	0.441669	0.435516	0.42948	0.428616	0.429868	0.434623	0.435988
ERR608365	0.346458	0.364789	0.346283	0.350126	0.376961	0.356139	0.431855	0.444919	0.440738	0.442919	0.428323	0.440608	0.336754	0.339701	0.335508	0.32341	0.332509	0.330817	0.34223	0.340566	0.343809	0.338433	0.344544	0.340698	0.30796	0.315771	0.283242	0.283986	0	0.312833	0.343072	0.332725	0.342099	0.341331	0.338404	0.330222	0.35014	0.345156	0.372753	0.345132	0.373048	0.320756	0.357446	0.358938	0.360591	0.35764	0.370001	0.359289	0.470979	0.472993	0.45868	0.46134	0.472422	0.459092	0.351597	0.345736	0.329707	0.355307	0.322848	0.331006	0.529745	0.538881	0.534129	0.53475	0.536375	0.534474	0.464328	0.476047	0.470669	0.468361	0.473775	0.46822	0.482729	0.48316	0.532486	0.483724	0.484626	0.484019	0.493816	0.489653	0.492613	0.491563	0.49093	0.490652	0.450453	0.462071	0.4506	0.450401	0.452591	0.448955	0.470755	0.443626	0.447031	0.448045	0.469709	0.47209
ERR608368	0.386698	0.339359	0.386986	0.400138	0.333386	0.344491	0.389593	0.430761	0.3826	0.431557	0.389097	0.384076	0.3295	0.326333	0.329284	0.341428	0.325619	0.331524	0.32493	0.328371	0.327571	0.337084	0.32299	0.32629	0.242389	0.24051	0.251587	0.251058	0.312833	0	0.371874	0.332535	0.380963	0.364467	0.329489	0.345583	0.295072	0.29331	0.300041	0.293025	0.300295	0.306323	0.37109	0.356386	0.356673	0.368498	0.34687	0.357866	0.443416	0.443057	0.462056	0.461817	0.443098	0.457027	0.308178	0.310879	0.323344	0.308356	0.381932	0.321865	0.541719	0.528534	0.535	0.512804	0.527456	0.5118	0.450735	0.449865	0.476413	0.44283	0.488655	0.442983	0.459425	0.481571	0.563553	0.458901	0.458812	0.479775	0.499812	0.502391	0.486877	0.495908	0.497476	0.502773	0.451346	0.438348	0.481685	0.44987	0.445295	0.451717	0.430587	0.436564	0.433778	0.435097	0.429923	0.430719
ERR607315	0.392164	0.404939	0.39265	0.398141	0.409724	0.400323	0.411158	0.409502	0.425378	0.407882	0.408208	0.423395	0.37569	0.378152	0.373847	0.357457	0.364053	0.368768	0.381692	0.382662	0.384325	0.383659	0.381523	0.382224	0.371688	0.374967	0.354488	0.354768	0.343072	0.371874	0	0.29024	0.272533	0.269455	0.286292	0.277638	0.385113	0.378559	0.400102	0.378858	0.400809	0.370509	0.376835	0.382952	0.380891	0.37794	0.391079	0.382382	0.48758	0.489383	0.47094	0.469437	0.488848	0.471838	0.369043	0.365778	0.349329	0.373918	0.347371	0.351392	0.509815	0.505474	0.504324	0.505338	0.503673	0.505695	0.465473	0.474006	0.459164	0.47369	0.459976	0.473503	0.484222	0.466728	0.4993	0.485082	0.484774	0.467626	0.500525	0.508913	0.506364	0.50483	0.502545	0.511446	0.474448	0.484823	0.470553	0.475061	0.479912	0.472995	0.492253	0.467793	0.469625	0.467869	0.490833	0.493212
ERR607313	0.376331	0.361395	0.376238	0.384986	0.364126	0.360832	0.408825	0.432644	0.41231	0.43174	0.406217	0.412732	0.334682	0.335072	0.333613	0.333242	0.331345	0.332833	0.339517	0.341585	0.339486	0.345428	0.339037	0.340613	0.330796	0.333881	0.32153	0.32165	0.332725	0.332535	0.29024	0	0.296075	0.284864	0.263965	0.266597	0.340877	0.339543	0.351989	0.339459	0.352445	0.333429	0.366243	0.361051	0.361719	0.36522	0.36213	0.361421	0.45633	0.457288	0.454886	0.456181	0.456927	0.453463	0.338213	0.336073	0.330859	0.340111	0.354288	0.330663	0.511323	0.510306	0.510231	0.501917	0.508309	0.501232	0.451131	0.458746	0.463634	0.45202	0.469791	0.451911	0.457551	0.463794	0.526139	0.457884	0.458661	0.463993	0.492102	0.492661	0.487772	0.490536	0.49006	0.493354	0.45415	0.453974	0.46664	0.453319	0.452743	0.453321	0.455116	0.442114	0.442796	0.444078	0.454396	0.455937
ERR607314	0.390819	0.410116	0.391075	0.395807	0.416788	0.404379	0.418531	0.414419	0.433917	0.412444	0.415411	0.432119	0.379628	0.382307	0.377625	0.359472	0.368613	0.372009	0.386419	0.386906	0.388798	0.387108	0.387118	0.386579	0.380052	0.384338	0.361212	0.361169	0.342099	0.380963	0.272533	0.296075	0	0.2732	0.294405	0.281597	0.39414	0.387657	0.410221	0.387989	0.410561	0.37612	0.378331	0.385555	0.383911	0.379407	0.395656	0.384854	0.493233	0.495204	0.473539	0.472456	0.494518	0.474935	0.378246	0.373904	0.355401	0.382843	0.344831	0.356782	0.509775	0.509531	0.506726	0.51095	0.507837	0.511467	0.471089	0.481263	0.463164	0.48027	0.462913	0.479988	0.489104	0.470721	0.499017	0.490072	0.489936	0.47176	0.502439	0.509303	0.509364	0.506519	0.504514	0.511655	0.477087	0.490359	0.470416	0.478029	0.48318	0.475589	0.498469	0.471096	0.473636	0.472083	0.497112	0.499652
ERR607316	0.389509	0.398586	0.390103	0.39605	0.402766	0.394616	0.407818	0.409088	0.420488	0.407546	0.404839	0.419024	0.369971	0.372192	0.368241	0.353667	0.358806	0.363684	0.375813	0.376924	0.378249	0.378418	0.375529	0.376331	0.36437	0.36764	0.348317	0.348674	0.341331	0.364467	0.269455	0.284864	0.2732	0	0.280737	0.273688	0.377615	0.371005	0.391958	0.371425	0.392748	0.364582	0.373419	0.378207	0.375936	0.374039	0.385219	0.377473	0.482294	0.484105	0.467881	0.466442	0.483537	0.468484	0.362005	0.358996	0.344171	0.366499	0.347324	0.345834	0.509071	0.503741	0.50327	0.502299	0.501982	0.502675	0.46176	0.469448	0.457724	0.468762	0.45956	0.468664	0.479634	0.464858	0.501811	0.480282	0.480015	0.465201	0.497859	0.506417	0.502707	0.501819	0.499937	0.5085	0.47031	0.479587	0.469383	0.471065	0.475134	0.469045	0.486118	0.463462	0.464855	0.463324	0.484762	0.486999
ERR607312	0.383682	0.366437	0.38389	0.393296	0.366685	0.366916	0.396532	0.418483	0.400408	0.41786	0.394358	0.400267	0.342149	0.342316	0.340961	0.338719	0.334962	0.340054	0.346546	0.349066	0.347846	0.354239	0.34537	0.347872	0.328808	0.331007	0.32121	0.321391	0.338404	0.329489	0.286292	0.263965	0.294405	0.280737	0	0.267106	0.340581	0.337502	0.3502	0.33768	0.350753	0.337567	0.366816	0.361724	0.361391	0.365665	0.361592	0.361945	0.456713	0.457943	0.456291	0.45599	0.457283	0.454483	0.333747	0.332401	0.328635	0.336176	0.358384	0.328662	0.510369	0.503523	0.505664	0.494934	0.501716	0.494595	0.448566	0.453509	0.459289	0.449406	0.465916	0.449289	0.457571	0.460562	0.522713	0.457737	0.457919	0.460466	0.491592	0.496122	0.488146	0.491572	0.491221	0.497228	0.455704	0.454971	0.468911	0.455333	0.455298	0.455144	0.455283	0.44417	0.443936	0.444218	0.454432	0.456076
ERR607311	0.376608	0.37446	0.376664	0.383629	0.378908	0.371667	0.408945	0.423062	0.416828	0.421627	0.406028	0.416441	0.345926	0.34711	0.344574	0.336701	0.339144	0.341784	0.351428	0.352721	0.352294	0.35494	0.351176	0.352055	0.343975	0.347978	0.330573	0.330667	0.330222	0.345583	0.277638	0.266597	0.281597	0.273688	0.267106	0	0.355227	0.35202	0.368925	0.352195	0.369314	0.343472	0.36622	0.365437	0.365164	0.365862	0.369857	0.365306	0.465819	0.467163	0.45741	0.458046	0.466833	0.457075	0.347733	0.344641	0.333961	0.35068	0.345762	0.334874	0.507491	0.50662	0.505634	0.501448	0.504506	0.501349	0.454163	0.462878	0.459304	0.458069	0.463457	0.458122	0.465227	0.46183	0.513351	0.465781	0.466326	0.462584	0.492368	0.495294	0.49189	0.492786	0.491746	0.496642	0.458455	0.463032	0.46408	0.458256	0.459886	0.457299	0.467164	0.448483	0.449839	0.450239	0.466183	0.46804
ERR613849	0.369398	0.315809	0.369843	0.383088	0.311219	0.321556	0.430126	0.470687	0.422704	0.471172	0.429158	0.424072	0.332583	0.329817	0.333351	0.348294	0.334075	0.337342	0.303042	0.306249	0.304593	0.313386	0.301181	0.304513	0.293061	0.293807	0.300662	0.30179	0.35014	0.295072	0.385113	0.340877	0.39414	0.377615	0.340581	0.355227	0	0.237779	0.240692	0.237269	0.241772	0.250898	0.391214	0.376176	0.377397	0.388579	0.367873	0.377792	0.423838	0.423669	0.443508	0.44472	0.423646	0.438362	0.295618	0.297577	0.310703	0.294181	0.37083	0.30953	0.535517	0.525755	0.53053	0.510048	0.523934	0.509343	0.428698	0.42957	0.457365	0.420444	0.469576	0.420888	0.442128	0.466472	0.551216	0.441667	0.441639	0.465284	0.486624	0.486009	0.472416	0.481386	0.482611	0.486227	0.430002	0.414372	0.461366	0.427347	0.421817	0.429537	0.41114	0.417781	0.415074	0.417969	0.41057	0.411385
ERR613851	0.367414	0.320659	0.367934	0.380925	0.316772	0.325067	0.426901	0.463445	0.421035	0.463847	0.426057	0.4222	0.333968	0.331354	0.333877	0.34595	0.332613	0.3371	0.305869	0.308644	0.308799	0.315078	0.304125	0.306944	0.292525	0.292882	0.297259	0.298413	0.345156	0.29331	0.378559	0.339543	0.387657	0.371005	0.337502	0.35202	0.237779	0	0.247331	0.234601	0.247857	0.250645	0.386075	0.3731	0.3735	0.383901	0.365977	0.374453	0.426729	0.42666	0.443972	0.444222	0.426559	0.43884	0.292974	0.295246	0.30631	0.292575	0.365537	0.305636	0.536529	0.524778	0.530229	0.510412	0.523237	0.509716	0.425868	0.425936	0.451905	0.418692	0.463964	0.419011	0.444707	0.465236	0.54649	0.444488	0.444218	0.463973	0.485413	0.486655	0.472911	0.481461	0.482371	0.487359	0.429311	0.416734	0.458831	0.427212	0.422884	0.42884	0.415301	0.418752	0.416469	0.418354	0.414505	0.415585
ERR613848	0.391239	0.325761	0.391734	0.405886	0.315879	0.335275	0.422859	0.470366	0.410811	0.471368	0.422726	0.412933	0.348018	0.344184	0.348819	0.367607	0.349719	0.354057	0.320694	0.325136	0.321486	0.335439	0.31762	0.322969	0.299081	0.297808	0.313955	0.314831	0.372753	0.300041	0.400102	0.351989	0.410221	0.391958	0.3502	0.368925	0.240692	0.247331	0	0.247035	0.235977	0.271862	0.405505	0.388093	0.388899	0.402356	0.375385	0.389668	0.424788	0.424066	0.450816	0.451469	0.423967	0.44476	0.30071	0.304712	0.323937	0.298006	0.392255	0.322268	0.536225	0.522745	0.529811	0.504068	0.521406	0.502911	0.43449	0.432414	0.466763	0.423743	0.480228	0.424264	0.440054	0.469612	0.56084	0.439076	0.439352	0.467845	0.493998	0.494515	0.477792	0.488415	0.490038	0.494461	0.440991	0.419525	0.477226	0.438266	0.431024	0.441235	0.40989	0.425492	0.421531	0.424341	0.409678	0.409655
ERR613852	0.366836	0.31961	0.36721	0.380301	0.315758	0.323883	0.428274	0.464735	0.422322	0.465212	0.427385	0.423345	0.333237	0.330792	0.333252	0.345499	0.331804	0.336593	0.304592	0.30729	0.307588	0.313508	0.302993	0.305654	0.292314	0.292535	0.297034	0.298317	0.345132	0.293025	0.378858	0.339459	0.387989	0.371425	0.33768	0.352195	0.237269	0.234601	0.247035	0	0.247379	0.24999	0.385572	0.37262	0.372994	0.383375	0.365219	0.373868	0.426505	0.426571	0.443927	0.444412	0.42631	0.438776	0.293412	0.295252	0.306591	0.292752	0.365756	0.305811	0.53735	0.525715	0.531129	0.511131	0.52415	0.510445	0.42598	0.426437	0.452434	0.418776	0.464393	0.419281	0.445201	0.46588	0.547327	0.444978	0.444819	0.46463	0.485571	0.486542	0.472766	0.481313	0.482367	0.487263	0.429273	0.416497	0.458846	0.427159	0.422844	0.428803	0.414955	0.418535	0.416247	0.418157	0.414118	0.415231
ERR613853	0.391972	0.32605	0.39222	0.406381	0.31598	0.335686	0.422001	0.470005	0.409795	0.470874	0.421717	0.411856	0.347891	0.343893	0.348566	0.367885	0.34989	0.354124	0.320644	0.325356	0.321597	0.335878	0.318098	0.322898	0.299361	0.29821	0.314351	0.315224	0.373048	0.300295	0.400809	0.352445	0.410561	0.392748	0.350753	0.369314	0.241772	0.247857	0.235977	0.247379	0	0.273519	0.405813	0.388336	0.389076	0.402687	0.375562	0.389852	0.425436	0.425037	0.451802	0.452592	0.424772	0.445761	0.301133	0.305107	0.324464	0.29827	0.392664	0.322318	0.536307	0.523299	0.530311	0.504555	0.521956	0.503375	0.435516	0.433892	0.468126	0.42468	0.481765	0.425251	0.440194	0.470286	0.561814	0.439141	0.439541	0.468702	0.494919	0.495127	0.478391	0.489146	0.491113	0.495029	0.441829	0.420415	0.478415	0.439192	0.431784	0.442165	0.410483	0.426364	0.422605	0.425431	0.410451	0.410472
ERR613850	0.341995	0.314862	0.342114	0.353023	0.320397	0.313367	0.449852	0.480172	0.44847	0.479643	0.447203	0.448948	0.32088	0.320495	0.321018	0.328251	0.322392	0.322261	0.293353	0.293677	0.294675	0.294959	0.293992	0.292992	0.302108	0.306243	0.29583	0.297178	0.320756	0.306323	0.370509	0.333429	0.37612	0.364582	0.337567	0.343472	0.250898	0.250645	0.271862	0.24999	0.273519	0	0.375877	0.365716	0.368444	0.374379	0.365706	0.367665	0.42967	0.430529	0.43651	0.43919	0.430046	0.433489	0.304837	0.302597	0.303307	0.305202	0.341675	0.303686	0.535302	0.534803	0.534838	0.524469	0.532759	0.523721	0.429497	0.435683	0.450723	0.425368	0.459876	0.425328	0.450645	0.467423	0.539629	0.450887	0.451367	0.467249	0.479123	0.474747	0.468764	0.473796	0.474182	0.475265	0.419995	0.416233	0.440793	0.417368	0.414949	0.418707	0.422201	0.412583	0.412785	0.415628	0.421252	0.422951
ERR621924	0.34926	0.363237	0.350521	0.356919	0.372433	0.356467	0.45193	0.466809	0.457128	0.465121	0.449222	0.456648	0.34973	0.350904	0.348611	0.342195	0.342928	0.345834	0.362362	0.362034	0.364692	0.364216	0.362935	0.361911	0.370592	0.373383	0.356629	0.357236	0.357446	0.37109	0.376835	0.366243	0.378331	0.373419	0.366816	0.36622	0.391214	0.386075	0.405505	0.385572	0.405813	0.375877	0	0.266664	0.264259	0.262146	0.27768	0.265935	0.508531	0.509245	0.505851	0.506279	0.508768	0.504293	0.375811	0.372566	0.364141	0.378228	0.376098	0.36458	0.580118	0.577109	0.577508	0.569346	0.575241	0.568839	0.513874	0.519476	0.523169	0.514404	0.528242	0.514027	0.530466	0.535438	0.588392	0.530328	0.530578	0.534788	0.519658	0.520721	0.516387	0.518241	0.517687	0.521949	0.481691	0.48803	0.488599	0.481801	0.483472	0.480755	0.505581	0.490392	0.491392	0.491521	0.504369	0.506406
ERR621920	0.352862	0.348257	0.354004	0.362271	0.355285	0.344075	0.447165	0.470407	0.448227	0.469007	0.444508	0.448249	0.339042	0.338945	0.338452	0.338503	0.334382	0.337001	0.351022	0.351629	0.352946	0.355564	0.35135	0.351081	0.355826	0.358057	0.346261	0.346904	0.358938	0.356386	0.382952	0.361051	0.385555	0.378207	0.361724	0.365437	0.376176	0.3731	0.388093	0.37262	0.388336	0.365716	0.266664	0	0.26057	0.264799	0.262706	0.259955	0.49828	0.498624	0.502001	0.503057	0.498363	0.499365	0.365082	0.362663	0.360113	0.366015	0.3841	0.359562	0.580137	0.576238	0.577666	0.566068	0.57471	0.56534	0.50964	0.513777	0.524536	0.507216	0.531714	0.506825	0.521626	0.533943	0.596318	0.521313	0.521762	0.532982	0.518179	0.517904	0.510836	0.514974	0.515028	0.518461	0.476323	0.477264	0.49075	0.47585	0.474903	0.475589	0.492641	0.483424	0.483389	0.484422	0.491785	0.493353
ERR621922	0.354714	0.3515	0.35589	0.364139	0.357513	0.347584	0.442709	0.4646	0.444305	0.463512	0.440745	0.444678	0.341676	0.341884	0.340914	0.33986	0.335876	0.339845	0.353135	0.354126	0.355861	0.358177	0.35344	0.353548	0.356561	0.358402	0.347294	0.34769	0.360591	0.356673	0.380891	0.361719	0.383911	0.375936	0.361391	0.365164	0.377397	0.3735	0.388899	0.372994	0.389076	0.368444	0.264259	0.26057	0	0.262402	0.263951	0.259874	0.500167	0.500651	0.504306	0.504468	0.500357	0.501359	0.364631	0.362799	0.359744	0.366163	0.384539	0.359525	0.580469	0.574912	0.576906	0.56464	0.573254	0.564181	0.509755	0.513619	0.524046	0.507744	0.531172	0.507558	0.523178	0.533744	0.594922	0.523032	0.523204	0.533085	0.519329	0.520716	0.512774	0.516991	0.517147	0.521514	0.478362	0.47939	0.492689	0.478103	0.477752	0.477754	0.494679	0.485966	0.485866	0.48653	0.49372	0.495363
