	ERR618587	ERR618589	ERR618588	ERR618586	ERR618590	ERR618585	ERR618509	ERR618511	ERR618507	ERR618510	ERR618508	ERR618512	ERR607662	ERR607657	ERR607658	ERR607660	ERR607659	ERR607661	ERR613458	ERR613455	ERR613460	ERR613456	ERR613457	ERR613459	ERR622581	ERR622579	ERR622577	ERR622578	ERR622582	ERR622580	ERR612618	ERR612614	ERR612613	ERR612616	ERR612617	ERR612615	ERR606035	ERR606030	ERR606033	ERR606034	ERR606031	ERR606032	ERR630057	ERR630056	ERR630054	ERR630055	ERR630058	ERR630059	ERR613180	ERR613181	ERR613179	ERR613183	ERR613182	ERR613184	ERR614539	ERR614541	ERR614540	ERR614537	ERR614538	ERR614542	ERR616153	ERR616148	ERR616152	ERR616150	ERR616151	ERR616149	ERR626651	ERR626653	ERR626654	ERR626652	ERR626655	ERR626650	ERR612289	ERR612288	ERR612287	ERR612290	ERR612292	ERR612291	ERR618739	ERR618738	ERR618735	ERR618740	ERR618736	ERR618737	ERR617256	ERR617257	ERR617255	ERR617253	ERR617254	ERR617258	ERR608087	ERR608088	ERR608091	ERR608092	ERR608089	ERR608090
ERR618587	0	0.258663	0.253975	0.25068	0.259375	0.250467	0.326633	0.308564	0.31332	0.312672	0.347494	0.30613	0.325175	0.342537	0.325701	0.324469	0.328164	0.324435	0.365302	0.35553	0.366754	0.354674	0.355077	0.365559	0.350279	0.402208	0.326352	0.330245	0.345023	0.352242	0.35793	0.370881	0.342833	0.357345	0.357404	0.347401	0.368712	0.383632	0.363542	0.364461	0.339545	0.339379	0.502597	0.468641	0.460522	0.481179	0.475751	0.46949	0.45515	0.459465	0.452285	0.497728	0.508901	0.498318	0.482891	0.444362	0.444508	0.479271	0.475192	0.451879	0.463244	0.4922	0.463653	0.506904	0.465085	0.482498	0.454886	0.457214	0.455601	0.477807	0.456141	0.444969	0.633628	0.631561	0.621419	0.538884	0.536308	0.535748	0.530491	0.532237	0.528929	0.527542	0.538133	0.536675	0.515556	0.514754	0.542172	0.548512	0.539342	0.550181	0.519657	0.516034	0.499028	0.497348	0.520971	0.499477
ERR618589	0.258663	0	0.253669	0.2595	0.252532	0.261255	0.332671	0.314141	0.322683	0.316635	0.351242	0.312682	0.340996	0.353737	0.337951	0.340344	0.342445	0.34029	0.375014	0.37295	0.375608	0.371671	0.372077	0.374512	0.346593	0.387407	0.327765	0.329366	0.342784	0.348414	0.367874	0.381012	0.356257	0.367605	0.368281	0.362144	0.368399	0.390793	0.363758	0.365386	0.349847	0.349849	0.504795	0.469294	0.462751	0.480844	0.48193	0.477156	0.463305	0.465918	0.460577	0.496496	0.507514	0.496916	0.477081	0.448874	0.449114	0.475264	0.471673	0.458087	0.457784	0.478636	0.457853	0.48987	0.458486	0.470387	0.461598	0.462215	0.460828	0.483459	0.461498	0.45294	0.609578	0.607624	0.598792	0.525195	0.524351	0.522316	0.520978	0.522726	0.520313	0.517731	0.529476	0.527634	0.506566	0.506093	0.529321	0.537282	0.527109	0.542238	0.509254	0.505566	0.489101	0.487645	0.509737	0.489836
ERR618588	0.253975	0.253669	0	0.255924	0.254179	0.253633	0.338029	0.317353	0.324848	0.321282	0.358706	0.315221	0.334632	0.352018	0.332873	0.333954	0.337581	0.333876	0.375548	0.367822	0.376749	0.366828	0.36727	0.375615	0.353966	0.40248	0.32706	0.331505	0.34932	0.356114	0.366235	0.380859	0.348529	0.365575	0.366347	0.356263	0.373493	0.394833	0.368107	0.369774	0.344364	0.343646	0.510396	0.47297	0.464919	0.4861	0.484471	0.478501	0.461396	0.46568	0.457263	0.503194	0.514937	0.50376	0.484942	0.448429	0.44864	0.48231	0.47818	0.458312	0.45958	0.487295	0.460348	0.499863	0.461478	0.477097	0.461797	0.463236	0.461487	0.486674	0.462029	0.450944	0.619528	0.617273	0.606016	0.527175	0.524978	0.524501	0.527606	0.529467	0.526597	0.524089	0.536354	0.534682	0.511587	0.510869	0.53774	0.546068	0.535578	0.55036	0.51912	0.515155	0.497341	0.495612	0.519451	0.497818
ERR618586	0.25068	0.2595	0.255924	0	0.260167	0.251425	0.320415	0.303686	0.307585	0.307488	0.339757	0.301362	0.323356	0.338761	0.323705	0.322695	0.325558	0.322874	0.359452	0.35096	0.360672	0.350249	0.35055	0.359586	0.344789	0.396036	0.323911	0.327067	0.340281	0.34667	0.354421	0.36596	0.343072	0.35391	0.354061	0.345588	0.363208	0.376929	0.358647	0.358905	0.337736	0.338118	0.496944	0.463729	0.455704	0.475566	0.47037	0.464381	0.45237	0.456348	0.450699	0.493088	0.504128	0.493754	0.478544	0.44269	0.442504	0.475142	0.471393	0.448765	0.463327	0.490452	0.463382	0.505564	0.464758	0.481546	0.450851	0.453329	0.451753	0.47192	0.452132	0.442346	0.633839	0.631847	0.622862	0.539636	0.537429	0.536407	0.528992	0.530889	0.527206	0.526477	0.536059	0.535033	0.515382	0.514495	0.540766	0.546366	0.53808	0.547491	0.516052	0.512606	0.496412	0.494787	0.517559	0.497011
ERR618590	0.259375	0.252532	0.254179	0.260167	0	0.261862	0.333453	0.31498	0.32376	0.317645	0.352052	0.313489	0.341681	0.354487	0.338592	0.340961	0.343174	0.341068	0.375774	0.373912	0.376598	0.37273	0.373054	0.37542	0.34635	0.386877	0.327852	0.32926	0.34247	0.348162	0.369197	0.382032	0.357273	0.368866	0.36945	0.363357	0.368708	0.391664	0.36422	0.365906	0.350566	0.350614	0.505438	0.469853	0.463169	0.481651	0.482687	0.478056	0.46391	0.466606	0.461369	0.497175	0.508191	0.497312	0.477913	0.449897	0.450085	0.476038	0.472456	0.459017	0.458787	0.479312	0.458632	0.490521	0.459507	0.471257	0.462905	0.463658	0.462028	0.484638	0.462635	0.454162	0.60918	0.607154	0.598389	0.525555	0.52477	0.522649	0.521082	0.522785	0.520364	0.517853	0.5293	0.527661	0.507047	0.506295	0.529261	0.537354	0.52729	0.542344	0.509529	0.505944	0.489537	0.487993	0.509821	0.490154
ERR618585	0.250467	0.261255	0.253633	0.251425	0.261862	0	0.334529	0.313952	0.318084	0.318784	0.356213	0.311261	0.323707	0.344146	0.324231	0.322862	0.327587	0.322947	0.368215	0.354974	0.370142	0.354066	0.354768	0.368991	0.356952	0.412592	0.32606	0.331949	0.351435	0.359194	0.358644	0.372952	0.338822	0.357891	0.358001	0.345375	0.373488	0.389444	0.367582	0.368704	0.336701	0.335884	0.508643	0.471395	0.462601	0.485777	0.479646	0.472955	0.455045	0.460305	0.4508	0.503507	0.515386	0.50436	0.488549	0.445187	0.445259	0.484791	0.480375	0.453974	0.464201	0.496679	0.465003	0.51168	0.466515	0.485583	0.455947	0.458708	0.45688	0.48189	0.457254	0.444377	0.636454	0.634205	0.622266	0.53651	0.53307	0.533704	0.534839	0.536613	0.532839	0.53144	0.542796	0.54161	0.518008	0.517313	0.546948	0.554046	0.544334	0.556321	0.526256	0.522404	0.504131	0.502441	0.5273	0.504794
ERR618509	0.326633	0.332671	0.338029	0.320415	0.333453	0.334529	0	0.255162	0.254014	0.254459	0.25745	0.256579	0.331029	0.314145	0.328682	0.332471	0.324213	0.332144	0.328645	0.34558	0.327596	0.344113	0.344004	0.327578	0.350564	0.378551	0.366884	0.360501	0.349602	0.350155	0.336165	0.330675	0.36691	0.337336	0.336974	0.352332	0.345306	0.33763	0.343866	0.344308	0.36487	0.369859	0.478715	0.46668	0.461795	0.470057	0.4622	0.459111	0.459897	0.458183	0.466722	0.473622	0.479991	0.474267	0.476157	0.461814	0.460691	0.472355	0.470767	0.457169	0.492712	0.504601	0.490303	0.521251	0.492836	0.50308	0.426395	0.427869	0.428329	0.425896	0.428288	0.43478	0.667997	0.666913	0.666208	0.586975	0.587563	0.582925	0.567108	0.568625	0.565262	0.567125	0.569327	0.569509	0.562111	0.561312	0.576441	0.574769	0.57208	0.571328	0.522329	0.520743	0.512533	0.512024	0.526302	0.513215
ERR618511	0.308564	0.314141	0.317353	0.303686	0.31498	0.313952	0.255162	0	0.250571	0.24799	0.268772	0.24736	0.31752	0.30566	0.314022	0.318647	0.312019	0.318317	0.327055	0.338503	0.326447	0.337206	0.337211	0.326336	0.348637	0.384547	0.35315	0.349491	0.346312	0.349165	0.327549	0.327179	0.350367	0.328689	0.328564	0.339886	0.342544	0.342055	0.339295	0.340646	0.349577	0.353451	0.487765	0.467137	0.460871	0.473959	0.466965	0.462609	0.454266	0.454259	0.458207	0.479266	0.487574	0.48017	0.478257	0.454707	0.453863	0.474601	0.472081	0.45429	0.482186	0.499995	0.480529	0.516476	0.483036	0.495887	0.422905	0.424249	0.424042	0.430396	0.424388	0.427039	0.659587	0.658211	0.654847	0.571904	0.571712	0.568302	0.562425	0.563901	0.560899	0.561339	0.566853	0.566413	0.555039	0.554157	0.57288	0.574015	0.568983	0.572697	0.524683	0.522195	0.510579	0.509989	0.527728	0.511383
ERR618507	0.31332	0.322683	0.324848	0.307585	0.32376	0.318084	0.254014	0.250571	0	0.252065	0.26624	0.250737	0.316001	0.304439	0.313812	0.317228	0.310391	0.31687	0.324894	0.334143	0.324894	0.333127	0.332984	0.324803	0.351216	0.38943	0.356422	0.352843	0.349101	0.351804	0.326598	0.324681	0.350371	0.327567	0.327236	0.33818	0.344297	0.339632	0.341515	0.342169	0.350158	0.354384	0.48485	0.466261	0.459784	0.47289	0.463693	0.459091	0.453109	0.453122	0.457509	0.47934	0.487414	0.480161	0.480145	0.455828	0.45495	0.476207	0.473656	0.453494	0.487973	0.506662	0.486357	0.524235	0.488872	0.502578	0.421793	0.424072	0.423946	0.428316	0.423787	0.426345	0.669717	0.668331	0.665109	0.580335	0.579745	0.576595	0.566972	0.568537	0.564618	0.566237	0.570291	0.570294	0.559812	0.558943	0.57814	0.577902	0.574076	0.575509	0.52816	0.525973	0.514949	0.514189	0.531633	0.515771
ERR618510	0.312672	0.316635	0.321282	0.307488	0.317645	0.318784	0.254459	0.24799	0.252065	0	0.266354	0.248927	0.321909	0.308304	0.318117	0.322985	0.315707	0.32269	0.328529	0.342217	0.327459	0.340724	0.340756	0.327496	0.348025	0.380517	0.356171	0.351456	0.346391	0.348354	0.329896	0.328494	0.355149	0.331029	0.331089	0.344078	0.342023	0.341585	0.339269	0.340251	0.353515	0.357629	0.486354	0.467124	0.461278	0.473209	0.467021	0.463084	0.456569	0.455807	0.460941	0.477842	0.485706	0.478645	0.476776	0.456625	0.45592	0.473449	0.471285	0.455747	0.483262	0.498456	0.481435	0.514546	0.483634	0.495114	0.42421	0.425568	0.425532	0.430011	0.425493	0.429566	0.657472	0.656181	0.653655	0.572843	0.573047	0.569199	0.562006	0.563687	0.560653	0.561236	0.566192	0.565784	0.555257	0.554521	0.571626	0.572485	0.567763	0.571374	0.522265	0.520117	0.50922	0.508672	0.525519	0.510032
ERR618508	0.347494	0.351242	0.358706	0.339757	0.352052	0.356213	0.25745	0.268772	0.26624	0.266354	0	0.271426	0.348829	0.327737	0.346528	0.350386	0.340919	0.350236	0.336319	0.358194	0.334256	0.357005	0.356712	0.334669	0.355243	0.373368	0.381318	0.372665	0.356089	0.354291	0.349645	0.340511	0.386174	0.351264	0.35064	0.369167	0.35048	0.339607	0.35111	0.350996	0.381724	0.38702	0.472172	0.467198	0.464492	0.467211	0.460803	0.459312	0.467795	0.464191	0.477167	0.469914	0.474253	0.47042	0.475572	0.471485	0.47017	0.472408	0.471817	0.463944	0.502397	0.507842	0.499277	0.523922	0.501764	0.508997	0.432405	0.433649	0.434519	0.42488	0.434257	0.44443	0.671294	0.670485	0.672457	0.59661	0.598189	0.592546	0.571347	0.572876	0.569407	0.572235	0.572158	0.573084	0.568916	0.567946	0.579662	0.575943	0.575056	0.571239	0.520205	0.519344	0.513904	0.514139	0.524604	0.514781
ERR618512	0.30613	0.312682	0.315221	0.301362	0.313489	0.311261	0.256579	0.24736	0.250737	0.248927	0.271426	0	0.315467	0.30555	0.312358	0.316444	0.310309	0.316189	0.327328	0.337191	0.327213	0.335642	0.335919	0.326862	0.348837	0.387218	0.351607	0.348287	0.34672	0.349388	0.326832	0.327031	0.347809	0.327628	0.327531	0.337888	0.343944	0.343693	0.340166	0.341269	0.347641	0.351423	0.488804	0.467702	0.461025	0.474793	0.467379	0.462701	0.453858	0.45426	0.457136	0.481167	0.489724	0.48204	0.47905	0.453843	0.453066	0.475394	0.472802	0.453631	0.481969	0.50117	0.48055	0.517767	0.483023	0.496602	0.423326	0.424899	0.424661	0.431956	0.424832	0.426729	0.660934	0.65961	0.655542	0.571741	0.571181	0.568045	0.562162	0.563647	0.560634	0.561024	0.566569	0.566263	0.55434	0.553583	0.572818	0.574326	0.569076	0.573175	0.52592	0.523428	0.51151	0.510659	0.528878	0.5122
ERR607662	0.325175	0.340996	0.334632	0.323356	0.341681	0.323707	0.331029	0.31752	0.316001	0.321909	0.348829	0.315467	0	0.248955	0.23911	0.236173	0.238158	0.236298	0.317539	0.305202	0.320246	0.304924	0.304915	0.319544	0.377492	0.431568	0.361736	0.365163	0.373095	0.379527	0.3097	0.318098	0.310783	0.309754	0.308988	0.305638	0.352615	0.350667	0.345944	0.347932	0.320962	0.322956	0.506828	0.479235	0.470476	0.491061	0.478385	0.470997	0.451988	0.456958	0.451219	0.50058	0.510867	0.501536	0.499391	0.456263	0.456212	0.494268	0.490218	0.460084	0.487874	0.520247	0.48811	0.537815	0.491175	0.511411	0.428169	0.432482	0.431008	0.450188	0.43133	0.42174	0.678889	0.677203	0.668264	0.579378	0.575556	0.576093	0.574991	0.576803	0.572948	0.5728	0.580505	0.579962	0.561112	0.560495	0.586911	0.590017	0.583135	0.588404	0.54746	0.544233	0.529017	0.527471	0.550285	0.529155
ERR607657	0.342537	0.353737	0.352018	0.338761	0.354487	0.344146	0.314145	0.30566	0.304439	0.308304	0.327737	0.30555	0.248955	0	0.24323	0.250074	0.241175	0.249958	0.302998	0.307994	0.30427	0.307165	0.306599	0.30372	0.379615	0.422057	0.377381	0.376698	0.377042	0.380998	0.299194	0.299599	0.324915	0.300365	0.300305	0.312756	0.337009	0.331545	0.331816	0.334404	0.329578	0.333453	0.506028	0.483769	0.476772	0.492648	0.482257	0.476395	0.457216	0.459424	0.459717	0.493286	0.502436	0.494398	0.495961	0.46364	0.463125	0.49142	0.4885	0.464685	0.490127	0.514821	0.489333	0.531837	0.492441	0.508636	0.411961	0.414798	0.414351	0.425956	0.414558	0.414359	0.679914	0.678527	0.673413	0.589018	0.587035	0.585547	0.589208	0.590824	0.587641	0.587906	0.593607	0.593261	0.577522	0.576857	0.597378	0.598896	0.59368	0.597814	0.547483	0.544699	0.53228	0.530917	0.550504	0.532492
ERR607658	0.325701	0.337951	0.332873	0.323705	0.338592	0.324231	0.328682	0.314022	0.313812	0.318117	0.346528	0.312358	0.23911	0.24323	0	0.239152	0.237119	0.239113	0.315654	0.308495	0.317937	0.307979	0.307716	0.317179	0.377715	0.428013	0.361504	0.364411	0.373644	0.379821	0.304904	0.312851	0.310445	0.305574	0.305298	0.305951	0.346166	0.348139	0.339245	0.341974	0.318301	0.320271	0.510047	0.480599	0.47218	0.492569	0.482662	0.475492	0.452602	0.457129	0.451499	0.499457	0.510093	0.500331	0.497262	0.456432	0.45626	0.492711	0.488889	0.461326	0.482271	0.512986	0.482479	0.529564	0.485289	0.5041	0.422151	0.425755	0.424376	0.444597	0.424669	0.417092	0.669422	0.667539	0.65875	0.572351	0.569094	0.569315	0.576443	0.577975	0.574348	0.573994	0.582177	0.581456	0.561543	0.561022	0.586033	0.590199	0.582715	0.590577	0.545733	0.542637	0.527024	0.525395	0.548194	0.527191
ERR607660	0.324469	0.340344	0.333954	0.322695	0.340961	0.322862	0.332471	0.318647	0.317228	0.322985	0.350386	0.316444	0.236173	0.250074	0.239152	0	0.238257	0.236418	0.318409	0.305543	0.321413	0.305474	0.30534	0.32041	0.378146	0.432505	0.361702	0.365255	0.373753	0.38028	0.3102	0.318971	0.310341	0.310126	0.309559	0.305542	0.353278	0.351904	0.346607	0.348727	0.320859	0.322618	0.507646	0.479602	0.470796	0.491606	0.478986	0.471569	0.451768	0.456931	0.450759	0.500951	0.51133	0.501899	0.499573	0.455978	0.456037	0.49447	0.490415	0.460041	0.487243	0.519993	0.487536	0.537514	0.490509	0.510922	0.428695	0.43304	0.431493	0.451194	0.431756	0.421947	0.678558	0.676801	0.667789	0.578892	0.575082	0.575684	0.57458	0.576224	0.572492	0.572241	0.580126	0.579547	0.560411	0.559852	0.586448	0.589796	0.5828	0.588359	0.547594	0.544251	0.528977	0.527288	0.550518	0.529115
ERR607659	0.328164	0.342445	0.337581	0.325558	0.343174	0.327587	0.324213	0.312019	0.310391	0.315707	0.340919	0.310309	0.238158	0.241175	0.237119	0.238257	0	0.238659	0.311522	0.304062	0.313875	0.303522	0.303225	0.31329	0.375856	0.426902	0.363716	0.365902	0.371817	0.377806	0.30392	0.310309	0.31268	0.304221	0.303695	0.304934	0.345276	0.343384	0.339285	0.341225	0.320847	0.323423	0.505334	0.478952	0.470636	0.489802	0.478045	0.471112	0.4517	0.455845	0.452018	0.496798	0.506965	0.497823	0.496899	0.456873	0.456676	0.491977	0.488253	0.459419	0.486629	0.516866	0.48638	0.534479	0.489382	0.508481	0.421423	0.425604	0.424332	0.441362	0.424627	0.417548	0.677321	0.67575	0.668006	0.580264	0.576966	0.576908	0.577794	0.579468	0.575812	0.57581	0.582914	0.582489	0.564626	0.563896	0.588492	0.591238	0.584898	0.589643	0.546033	0.542948	0.528529	0.52716	0.54883	0.528747
ERR607661	0.324435	0.34029	0.333876	0.322874	0.341068	0.322947	0.332144	0.318317	0.31687	0.32269	0.350236	0.316189	0.236298	0.249958	0.239113	0.236418	0.238659	0	0.31849	0.306099	0.321548	0.305671	0.305715	0.320531	0.377841	0.432166	0.361654	0.365046	0.373433	0.380124	0.310183	0.318902	0.310588	0.310268	0.309552	0.305979	0.353016	0.351877	0.346319	0.348398	0.320738	0.322429	0.507693	0.479544	0.470727	0.491522	0.479179	0.471691	0.451994	0.457089	0.450939	0.500892	0.511433	0.501771	0.499551	0.456169	0.456147	0.494419	0.490362	0.460293	0.486988	0.519546	0.487258	0.536962	0.490227	0.510509	0.428611	0.432819	0.431467	0.451085	0.431625	0.42191	0.677868	0.676126	0.667083	0.578169	0.574276	0.57494	0.574292	0.576154	0.572367	0.572031	0.580027	0.579369	0.560311	0.559687	0.586243	0.589659	0.582608	0.588288	0.547357	0.544148	0.528717	0.527048	0.550248	0.528905
ERR613458	0.365302	0.375014	0.375548	0.359452	0.375774	0.368215	0.328645	0.327055	0.324894	0.328529	0.336319	0.327328	0.317539	0.302998	0.315654	0.318409	0.311522	0.31849	0	0.259247	0.243836	0.258237	0.257729	0.243241	0.360877	0.398241	0.368594	0.365188	0.359377	0.361541	0.285612	0.279777	0.317549	0.286644	0.285436	0.301029	0.321116	0.311643	0.318601	0.319656	0.331531	0.336902	0.461041	0.445161	0.439336	0.450453	0.441688	0.437072	0.424278	0.423501	0.431104	0.44651	0.454362	0.447901	0.45985	0.44034	0.439725	0.455722	0.453988	0.436966	0.474306	0.491659	0.472331	0.509327	0.475629	0.488547	0.396869	0.398412	0.399078	0.399598	0.398549	0.404734	0.658485	0.657474	0.655851	0.567337	0.566921	0.563272	0.555469	0.557387	0.553749	0.556054	0.557561	0.558372	0.551718	0.550626	0.566966	0.565385	0.562856	0.562053	0.508547	0.506857	0.497993	0.497207	0.512816	0.498149
ERR613455	0.35553	0.37295	0.367822	0.35096	0.373912	0.354974	0.34558	0.338503	0.334143	0.342217	0.358194	0.337191	0.305202	0.307994	0.308495	0.305543	0.304062	0.306099	0.259247	0	0.262968	0.242741	0.242544	0.261611	0.369738	0.422844	0.362306	0.363475	0.366183	0.371412	0.287355	0.290563	0.296268	0.286975	0.285297	0.28377	0.341076	0.332044	0.336682	0.336446	0.320216	0.323805	0.466661	0.445194	0.43688	0.454146	0.439837	0.432991	0.418219	0.421154	0.421542	0.459899	0.469275	0.461229	0.469784	0.434085	0.433698	0.464231	0.461191	0.431964	0.477765	0.506201	0.476715	0.52569	0.480463	0.499523	0.406052	0.410663	0.409926	0.420026	0.409613	0.404291	0.671812	0.670493	0.664925	0.569544	0.566603	0.565727	0.550938	0.552845	0.548539	0.550471	0.553953	0.55468	0.544963	0.544129	0.567322	0.566862	0.56337	0.561703	0.517751	0.515537	0.503517	0.502278	0.522229	0.50352
ERR613460	0.366754	0.375608	0.376749	0.360672	0.376598	0.370142	0.327596	0.326447	0.324894	0.327459	0.334256	0.327213	0.320246	0.30427	0.317937	0.321413	0.313875	0.321548	0.243836	0.262968	0	0.261856	0.261236	0.24346	0.358881	0.394547	0.368399	0.364329	0.357849	0.359651	0.287001	0.280395	0.321088	0.288277	0.287122	0.304002	0.318439	0.309534	0.316332	0.317267	0.333266	0.338823	0.45962	0.444287	0.438952	0.449059	0.440818	0.43658	0.424827	0.423321	0.431952	0.444258	0.451893	0.44568	0.458034	0.440635	0.439943	0.454201	0.452715	0.436689	0.473272	0.489049	0.471019	0.506714	0.474383	0.486409	0.396327	0.397537	0.398398	0.397453	0.397881	0.405291	0.655612	0.654528	0.653453	0.565525	0.565413	0.56153	0.555027	0.556838	0.553394	0.555767	0.556946	0.557782	0.551266	0.550364	0.56582	0.563887	0.561672	0.560442	0.506403	0.504872	0.496438	0.495919	0.510693	0.496762
ERR613456	0.354674	0.371671	0.366828	0.350249	0.37273	0.354066	0.344113	0.337206	0.333127	0.340724	0.357005	0.335642	0.304924	0.307165	0.307979	0.305474	0.303522	0.305671	0.258237	0.242741	0.261856	0	0.242763	0.260527	0.368246	0.420828	0.361151	0.362098	0.364554	0.369846	0.286973	0.289881	0.296464	0.286758	0.284987	0.284268	0.339259	0.330874	0.335045	0.334848	0.319337	0.323125	0.466722	0.444851	0.436726	0.453975	0.439935	0.433044	0.417958	0.420797	0.42117	0.459254	0.468846	0.460661	0.469202	0.433803	0.433379	0.463607	0.460659	0.43175	0.47642	0.504884	0.475409	0.524332	0.479186	0.498067	0.405474	0.409897	0.409392	0.419418	0.408987	0.404046	0.669901	0.668601	0.663118	0.567758	0.564801	0.563985	0.550456	0.552304	0.547927	0.549945	0.553583	0.554221	0.544326	0.543431	0.56653	0.566091	0.562595	0.561232	0.517001	0.51471	0.502596	0.501468	0.521381	0.502718
ERR613457	0.355077	0.372077	0.36727	0.35055	0.373054	0.354768	0.344004	0.337211	0.332984	0.340756	0.356712	0.335919	0.304915	0.306599	0.307716	0.30534	0.303225	0.305715	0.257729	0.242544	0.261236	0.242763	0	0.260038	0.368437	0.420901	0.361632	0.362274	0.365115	0.370103	0.285868	0.28877	0.296119	0.285615	0.283859	0.283415	0.338917	0.330213	0.334538	0.334627	0.319756	0.323299	0.466564	0.445045	0.436896	0.454008	0.439955	0.433182	0.418096	0.420787	0.421404	0.459009	0.468449	0.460331	0.469054	0.433987	0.433366	0.46349	0.46049	0.431791	0.476656	0.50489	0.47556	0.524208	0.479293	0.49815	0.40482	0.409214	0.408567	0.418408	0.408395	0.403669	0.670349	0.669072	0.663725	0.568423	0.565596	0.564549	0.550788	0.552725	0.548404	0.550279	0.553955	0.554569	0.544821	0.543876	0.566789	0.56639	0.562918	0.561295	0.516888	0.514656	0.502711	0.501515	0.521326	0.502733
ERR613459	0.365559	0.374512	0.375615	0.359586	0.37542	0.368991	0.327578	0.326336	0.324803	0.327496	0.334669	0.326862	0.319544	0.30372	0.317179	0.32041	0.31329	0.320531	0.243241	0.261611	0.24346	0.260527	0.260038	0	0.358939	0.395038	0.367717	0.363908	0.357922	0.359471	0.286554	0.280267	0.320101	0.28786	0.286784	0.303146	0.318699	0.309955	0.316703	0.317298	0.332626	0.337713	0.459968	0.444533	0.439174	0.449392	0.441208	0.43676	0.424862	0.423496	0.431849	0.44508	0.45276	0.446454	0.458314	0.440387	0.439718	0.454589	0.452883	0.436805	0.473152	0.489412	0.471029	0.506983	0.474304	0.486629	0.396414	0.397809	0.398722	0.398168	0.398129	0.405174	0.65593	0.65484	0.653492	0.565562	0.565315	0.561517	0.554734	0.556517	0.553043	0.555243	0.556655	0.557492	0.55096	0.549977	0.56574	0.564127	0.561658	0.560707	0.50647	0.505002	0.496355	0.495646	0.510729	0.49655
ERR622581	0.350279	0.346593	0.353966	0.344789	0.34635	0.356952	0.350564	0.348637	0.351216	0.348025	0.355243	0.348837	0.377492	0.379615	0.377715	0.378146	0.375856	0.377841	0.360877	0.369738	0.358881	0.368246	0.368437	0.358939	0	0.289744	0.279259	0.269651	0.256702	0.256993	0.374625	0.377619	0.38389	0.374829	0.374136	0.376278	0.340877	0.35456	0.342757	0.341003	0.36141	0.364511	0.459141	0.439511	0.437669	0.442965	0.446603	0.445241	0.455955	0.45247	0.463099	0.457711	0.465196	0.457582	0.457691	0.457705	0.457018	0.45638	0.455357	0.452981	0.479339	0.481627	0.475742	0.494835	0.478037	0.481698	0.46546	0.466521	0.466822	0.469014	0.466458	0.466566	0.600923	0.600634	0.601804	0.531143	0.533666	0.527193	0.507888	0.510055	0.506514	0.508881	0.510507	0.511374	0.504956	0.503664	0.514763	0.514664	0.51251	0.512102	0.48108	0.479648	0.473178	0.472991	0.48348	0.473525
ERR622579	0.402208	0.387407	0.40248	0.396036	0.386877	0.412592	0.378551	0.384547	0.38943	0.380517	0.373368	0.387218	0.431568	0.422057	0.428013	0.432505	0.426902	0.432166	0.398241	0.422844	0.394547	0.420828	0.420901	0.395038	0.289744	0	0.335195	0.32004	0.294523	0.288075	0.417943	0.415105	0.439682	0.419014	0.418851	0.430647	0.366348	0.381679	0.371244	0.370653	0.415419	0.419342	0.466727	0.45743	0.460809	0.453982	0.468143	0.471251	0.49185	0.484373	0.502212	0.462463	0.466184	0.461256	0.460421	0.490485	0.489628	0.462177	0.463684	0.48425	0.501696	0.480706	0.496808	0.487992	0.498017	0.488792	0.493105	0.491357	0.492673	0.485279	0.492328	0.501183	0.579242	0.579801	0.590151	0.544033	0.550838	0.540146	0.513922	0.515549	0.513414	0.516396	0.514302	0.515399	0.516771	0.515742	0.512743	0.510806	0.51084	0.511632	0.472657	0.472431	0.472937	0.473812	0.474172	0.473329
ERR622577	0.326352	0.327765	0.32706	0.323911	0.327852	0.32606	0.366884	0.35315	0.356422	0.356171	0.381318	0.351607	0.361736	0.377381	0.361504	0.361702	0.363716	0.361654	0.368594	0.362306	0.368399	0.361151	0.361632	0.367717	0.279259	0.335195	0	0.252885	0.273921	0.281704	0.369086	0.381191	0.355985	0.368637	0.368242	0.358334	0.351207	0.375409	0.348945	0.34801	0.33433	0.334613	0.483476	0.44668	0.439915	0.45826	0.460233	0.455261	0.446675	0.448346	0.446565	0.478802	0.4904	0.478813	0.471961	0.447332	0.446907	0.470033	0.467028	0.450326	0.46685	0.486243	0.465551	0.500709	0.467617	0.479091	0.464879	0.466999	0.465886	0.483504	0.465746	0.456964	0.597676	0.596369	0.588521	0.505489	0.504778	0.50258	0.510211	0.512294	0.507834	0.508735	0.516133	0.516192	0.497773	0.49686	0.519203	0.524707	0.517774	0.526146	0.499007	0.495871	0.481681	0.480496	0.499603	0.482388
ERR622578	0.330245	0.329366	0.331505	0.327067	0.32926	0.331949	0.360501	0.349491	0.352843	0.351456	0.372665	0.348287	0.365163	0.376698	0.364411	0.365255	0.365902	0.365046	0.365188	0.363475	0.364329	0.362098	0.362274	0.363908	0.269651	0.32004	0.252885	0	0.26564	0.271866	0.368694	0.378574	0.362078	0.36831	0.367961	0.361639	0.345097	0.368623	0.343595	0.342691	0.339341	0.340472	0.47647	0.442772	0.437256	0.452545	0.455849	0.451931	0.447745	0.448178	0.4496	0.472174	0.482969	0.472101	0.466461	0.448542	0.448088	0.464831	0.462188	0.449809	0.46725	0.481751	0.465231	0.495833	0.467311	0.476221	0.463188	0.464982	0.464156	0.478027	0.46396	0.457772	0.593444	0.592403	0.586812	0.507452	0.507679	0.504165	0.508119	0.510265	0.505765	0.507176	0.513187	0.513537	0.497318	0.496272	0.515465	0.519877	0.514035	0.520983	0.492478	0.489649	0.477262	0.476362	0.493119	0.477939
ERR622582	0.345023	0.342784	0.34932	0.340281	0.34247	0.351435	0.349602	0.346312	0.349101	0.346391	0.356089	0.34672	0.373095	0.377042	0.373644	0.373753	0.371817	0.373433	0.359377	0.366183	0.357849	0.364554	0.365115	0.357922	0.256702	0.294523	0.273921	0.26564	0	0.257311	0.371866	0.376098	0.378447	0.371992	0.371074	0.371882	0.340688	0.354907	0.341982	0.340488	0.356371	0.359228	0.461771	0.440493	0.437826	0.444726	0.447677	0.445809	0.454187	0.451529	0.460691	0.460351	0.468256	0.460197	0.45968	0.455904	0.455124	0.457985	0.456891	0.451982	0.478285	0.483425	0.474904	0.497097	0.477217	0.482524	0.46465	0.465982	0.466062	0.470036	0.465745	0.46465	0.602957	0.602408	0.602457	0.5295	0.531346	0.525624	0.508925	0.51111	0.50749	0.509568	0.511849	0.512626	0.504445	0.503443	0.516064	0.51666	0.513857	0.514087	0.484084	0.482256	0.47495	0.47447	0.486353	0.475263
ERR622580	0.352242	0.348414	0.356114	0.34667	0.348162	0.359194	0.350155	0.349165	0.351804	0.348354	0.354291	0.349388	0.379527	0.380998	0.379821	0.38028	0.377806	0.380124	0.361541	0.371412	0.359651	0.369846	0.370103	0.359471	0.256993	0.288075	0.281704	0.271866	0.257311	0	0.376004	0.378419	0.386105	0.376136	0.375469	0.378318	0.341345	0.354541	0.343383	0.341876	0.363598	0.366822	0.459312	0.44072	0.439186	0.443638	0.447362	0.446377	0.457617	0.454062	0.465085	0.458117	0.465409	0.45787	0.458474	0.459675	0.458901	0.457064	0.456516	0.454775	0.481141	0.482832	0.477442	0.495958	0.479845	0.483257	0.466857	0.46786	0.468055	0.469582	0.467746	0.468274	0.601982	0.601643	0.603161	0.533157	0.5356	0.529055	0.509418	0.511429	0.507973	0.510447	0.51207	0.512686	0.506408	0.505378	0.515921	0.515576	0.513652	0.512627	0.481686	0.480469	0.474416	0.473791	0.48423	0.474632
ERR612618	0.35793	0.367874	0.366235	0.354421	0.369197	0.358644	0.336165	0.327549	0.326598	0.329896	0.349645	0.326832	0.3097	0.299194	0.304904	0.3102	0.30392	0.310183	0.285612	0.287355	0.287001	0.286973	0.285868	0.286554	0.374625	0.417943	0.369086	0.368694	0.371866	0.376004	0	0.240142	0.261315	0.236024	0.235392	0.248706	0.31203	0.310957	0.306512	0.308375	0.301474	0.305508	0.473999	0.451115	0.444211	0.459566	0.451024	0.445368	0.414273	0.415483	0.41736	0.448841	0.458648	0.449749	0.458585	0.42892	0.428422	0.453872	0.451338	0.429657	0.455681	0.478693	0.454405	0.496107	0.457391	0.473148	0.38077	0.383098	0.382863	0.394747	0.382749	0.3836	0.640431	0.638972	0.634764	0.548338	0.547236	0.544667	0.551942	0.553708	0.550406	0.551126	0.555974	0.5556	0.542999	0.542159	0.561019	0.562472	0.557399	0.561911	0.50892	0.506462	0.493939	0.493086	0.512155	0.494164
ERR612614	0.370881	0.381012	0.380859	0.36596	0.382032	0.372952	0.330675	0.327179	0.324681	0.328494	0.340511	0.327031	0.318098	0.299599	0.312851	0.318971	0.310309	0.318902	0.279777	0.290563	0.280395	0.289881	0.28877	0.280267	0.377619	0.415105	0.381191	0.378574	0.376098	0.378419	0.240142	0	0.278789	0.241721	0.240396	0.260677	0.309092	0.300659	0.304852	0.306508	0.313556	0.318828	0.470849	0.453706	0.448142	0.459836	0.450862	0.446131	0.419154	0.418646	0.425022	0.444951	0.453123	0.445997	0.458946	0.436633	0.435831	0.454228	0.452559	0.434413	0.464964	0.483176	0.462947	0.500988	0.466201	0.479756	0.378213	0.380011	0.380355	0.384542	0.380206	0.386619	0.650133	0.648747	0.6471	0.562216	0.56184	0.55818	0.561962	0.563811	0.560426	0.562081	0.564569	0.564743	0.555402	0.554468	0.570359	0.56962	0.566307	0.56764	0.511274	0.509532	0.499525	0.499068	0.515316	0.499887
ERR612613	0.342833	0.356257	0.348529	0.343072	0.357273	0.338822	0.36691	0.350367	0.350371	0.355149	0.386174	0.347809	0.310783	0.324915	0.310445	0.310341	0.31268	0.310588	0.317549	0.296268	0.321088	0.296464	0.296119	0.320101	0.38389	0.439682	0.355985	0.362078	0.378447	0.386105	0.261315	0.278789	0	0.259995	0.258837	0.241501	0.343927	0.351902	0.335957	0.337917	0.295606	0.295899	0.486049	0.451604	0.442118	0.465584	0.455981	0.447919	0.41233	0.418192	0.408569	0.467951	0.480042	0.46885	0.46888	0.421714	0.422076	0.463685	0.459341	0.429288	0.451001	0.486209	0.451626	0.50317	0.454347	0.475459	0.407006	0.410924	0.40908	0.435424	0.409343	0.396124	0.634766	0.632748	0.621427	0.529568	0.525634	0.526566	0.535168	0.536997	0.533179	0.532384	0.541722	0.540719	0.521389	0.520671	0.548698	0.554136	0.545574	0.554994	0.513837	0.510239	0.492554	0.491102	0.516262	0.492706
ERR612616	0.357345	0.367605	0.365575	0.35391	0.368866	0.357891	0.337336	0.328689	0.327567	0.331029	0.351264	0.327628	0.309754	0.300365	0.305574	0.310126	0.304221	0.310268	0.286644	0.286975	0.288277	0.286758	0.285615	0.28786	0.374829	0.419014	0.368637	0.36831	0.371992	0.376136	0.236024	0.241721	0.259995	0	0.235368	0.247628	0.313518	0.312405	0.307833	0.309537	0.300965	0.305031	0.474287	0.450952	0.444007	0.459593	0.450733	0.445084	0.414054	0.415304	0.416824	0.449461	0.459271	0.450459	0.458782	0.428432	0.427923	0.454081	0.451466	0.429117	0.45556	0.479095	0.454243	0.496744	0.457252	0.473409	0.38191	0.384286	0.383925	0.396388	0.383995	0.383882	0.640771	0.639277	0.634868	0.547892	0.546458	0.544096	0.550989	0.552836	0.549508	0.550222	0.555152	0.554877	0.542049	0.541108	0.560338	0.561943	0.556752	0.561042	0.509058	0.506618	0.493819	0.493013	0.512387	0.494133
ERR612617	0.357404	0.368281	0.366347	0.354061	0.36945	0.358001	0.336974	0.328564	0.327236	0.331089	0.35064	0.327531	0.308988	0.300305	0.305298	0.309559	0.303695	0.309552	0.285436	0.285297	0.287122	0.284987	0.283859	0.286784	0.374136	0.418851	0.368242	0.367961	0.371074	0.375469	0.235392	0.240396	0.258837	0.235368	0	0.245937	0.313221	0.311225	0.307847	0.309194	0.300628	0.304566	0.472424	0.449512	0.442751	0.458186	0.448912	0.443229	0.412835	0.414053	0.415834	0.448197	0.457921	0.449266	0.45824	0.428048	0.427361	0.453545	0.45081	0.42837	0.456283	0.480048	0.4549	0.497795	0.458055	0.474239	0.381703	0.38431	0.383869	0.395812	0.383986	0.383778	0.642009	0.640663	0.636272	0.54884	0.547485	0.545074	0.550621	0.552401	0.549018	0.549919	0.554502	0.554292	0.541899	0.541047	0.560315	0.561594	0.556597	0.560241	0.508552	0.506322	0.493778	0.49293	0.512209	0.494089
ERR612615	0.347401	0.362144	0.356263	0.345588	0.363357	0.345375	0.352332	0.339886	0.33818	0.344078	0.369167	0.337888	0.305638	0.312756	0.305951	0.305542	0.304934	0.305979	0.301029	0.28377	0.304002	0.284268	0.283415	0.303146	0.376278	0.430647	0.358334	0.361639	0.371882	0.378318	0.248706	0.260677	0.241501	0.247628	0.245937	0	0.330896	0.332549	0.324402	0.32531	0.295183	0.297285	0.474523	0.446057	0.437341	0.457518	0.446223	0.438909	0.408693	0.412675	0.408505	0.457165	0.46822	0.458216	0.462792	0.421707	0.421579	0.457413	0.453778	0.424213	0.455222	0.486585	0.454735	0.504993	0.458057	0.478059	0.395858	0.400149	0.399032	0.418124	0.399009	0.389897	0.64359	0.641949	0.634086	0.541811	0.538713	0.538349	0.539366	0.541326	0.537313	0.537751	0.54431	0.544003	0.52845	0.52751	0.55234	0.555199	0.54904	0.553298	0.510277	0.507385	0.492283	0.491024	0.513661	0.49251
ERR606035	0.368712	0.368399	0.373493	0.363208	0.368708	0.373488	0.345306	0.342544	0.344297	0.342023	0.35048	0.343944	0.352615	0.337009	0.346166	0.353278	0.345276	0.353016	0.321116	0.341076	0.318439	0.339259	0.338917	0.318699	0.340877	0.366348	0.351207	0.345097	0.340688	0.341345	0.31203	0.309092	0.343927	0.313518	0.313221	0.330896	0	0.268029	0.252098	0.250056	0.291267	0.296522	0.464306	0.444762	0.441388	0.448765	0.449447	0.447242	0.422723	0.419278	0.431371	0.429156	0.438102	0.4302	0.448406	0.44197	0.440418	0.446463	0.445652	0.437184	0.449904	0.456369	0.446856	0.4719	0.449279	0.455812	0.406946	0.406336	0.407079	0.406413	0.406731	0.416222	0.594005	0.592796	0.593998	0.519127	0.521451	0.514915	0.535419	0.537216	0.533934	0.536178	0.538105	0.538825	0.529302	0.528208	0.538819	0.538587	0.536164	0.537731	0.486884	0.485843	0.47793	0.477316	0.489448	0.478468
ERR606030	0.383632	0.390793	0.394833	0.376929	0.391664	0.389444	0.33763	0.342055	0.339632	0.341585	0.339607	0.343693	0.350667	0.331545	0.348139	0.351904	0.343384	0.351877	0.311643	0.332044	0.309534	0.330874	0.330213	0.309955	0.35456	0.381679	0.375409	0.368623	0.354907	0.354541	0.310957	0.300659	0.351902	0.312405	0.311225	0.332549	0.268029	0	0.270076	0.267855	0.306536	0.312743	0.458606	0.452274	0.449575	0.45336	0.445403	0.443545	0.428093	0.423822	0.439625	0.430299	0.43582	0.431652	0.458303	0.451724	0.449896	0.454394	0.45403	0.443517	0.47515	0.482936	0.471655	0.50101	0.474599	0.48373	0.404757	0.405355	0.406548	0.396813	0.406194	0.41774	0.640931	0.639987	0.642481	0.561194	0.56246	0.55667	0.556549	0.558213	0.55466	0.558356	0.556982	0.558157	0.553923	0.552869	0.563746	0.559043	0.559363	0.553721	0.501827	0.501514	0.496331	0.496235	0.506854	0.496883
ERR606033	0.363542	0.363758	0.368107	0.358647	0.36422	0.367582	0.343866	0.339295	0.341515	0.339269	0.35111	0.340166	0.345944	0.331816	0.339245	0.346607	0.339285	0.346319	0.318601	0.336682	0.316332	0.335045	0.334538	0.316703	0.342757	0.371244	0.348945	0.343595	0.341982	0.343383	0.306512	0.304852	0.335957	0.307833	0.307847	0.324402	0.252098	0.270076	0	0.251571	0.28457	0.289478	0.468084	0.445916	0.441926	0.451466	0.451714	0.448679	0.421149	0.418402	0.428236	0.432766	0.442177	0.433799	0.449626	0.439135	0.437666	0.447428	0.446107	0.43652	0.448124	0.456946	0.445496	0.472215	0.447894	0.455247	0.403865	0.403427	0.403811	0.407142	0.403749	0.41163	0.595369	0.594238	0.594069	0.518425	0.520362	0.514605	0.535424	0.53705	0.534045	0.535647	0.538902	0.539031	0.52794	0.527064	0.539183	0.54001	0.536483	0.540191	0.48915	0.487563	0.478373	0.477476	0.491366	0.478872
ERR606034	0.364461	0.365386	0.369774	0.358905	0.365906	0.368704	0.344308	0.340646	0.342169	0.340251	0.350996	0.341269	0.347932	0.334404	0.341974	0.348727	0.341225	0.348398	0.319656	0.336446	0.317267	0.334848	0.334627	0.317298	0.341003	0.370653	0.34801	0.342691	0.340488	0.341876	0.308375	0.306508	0.337917	0.309537	0.309194	0.32531	0.250056	0.267855	0.251571	0	0.284458	0.289352	0.464831	0.443753	0.4398	0.448685	0.448334	0.445588	0.419572	0.416515	0.427347	0.430335	0.43959	0.431494	0.4489	0.438735	0.437345	0.446572	0.445558	0.43444	0.447955	0.457327	0.445142	0.473384	0.447585	0.455604	0.404451	0.404065	0.40462	0.406012	0.404406	0.412389	0.596357	0.595165	0.595301	0.517734	0.519562	0.51373	0.534574	0.536371	0.532943	0.535085	0.537709	0.537996	0.527687	0.526543	0.538821	0.538893	0.536042	0.537739	0.488157	0.486958	0.478135	0.477539	0.490762	0.478691
ERR606031	0.339545	0.349847	0.344364	0.337736	0.350566	0.336701	0.36487	0.349577	0.350158	0.353515	0.381724	0.347641	0.320962	0.329578	0.318301	0.320859	0.320847	0.320738	0.331531	0.320216	0.333266	0.319337	0.319756	0.332626	0.36141	0.415419	0.33433	0.339341	0.356371	0.363598	0.301474	0.313556	0.295606	0.300965	0.300628	0.295183	0.291267	0.306536	0.28457	0.284458	0	0.245565	0.485897	0.451235	0.442899	0.464291	0.457693	0.451108	0.410952	0.41535	0.409546	0.460179	0.472882	0.461224	0.466306	0.426589	0.426077	0.462289	0.458594	0.431175	0.444768	0.476301	0.444747	0.493724	0.447377	0.466574	0.409205	0.412289	0.410641	0.432902	0.410622	0.402146	0.614949	0.612998	0.60309	0.511826	0.508707	0.508651	0.533012	0.534923	0.530819	0.531199	0.53912	0.538713	0.518717	0.517874	0.542982	0.548036	0.540624	0.549146	0.508512	0.50535	0.489042	0.48741	0.510325	0.489453
ERR606032	0.339379	0.349849	0.343646	0.338118	0.350614	0.335884	0.369859	0.353451	0.354384	0.357629	0.38702	0.351423	0.322956	0.333453	0.320271	0.322618	0.323423	0.322429	0.336902	0.323805	0.338823	0.323125	0.323299	0.337713	0.364511	0.419342	0.334613	0.340472	0.359228	0.366822	0.305508	0.318828	0.295899	0.305031	0.304566	0.297285	0.296522	0.312743	0.289478	0.289352	0.245565	0	0.48968	0.45339	0.445009	0.467297	0.460898	0.453865	0.413244	0.418222	0.411036	0.464464	0.477465	0.465592	0.469392	0.427726	0.427429	0.4654	0.461407	0.433468	0.445223	0.477834	0.445492	0.495092	0.44803	0.467455	0.413316	0.416264	0.414665	0.43857	0.414651	0.404941	0.614413	0.612291	0.601373	0.509991	0.506452	0.506873	0.533114	0.53503	0.530856	0.53101	0.539597	0.539118	0.518014	0.51717	0.543548	0.548916	0.540996	0.550473	0.511078	0.507863	0.490816	0.489072	0.512657	0.491202
ERR630057	0.502597	0.504795	0.510396	0.496944	0.505438	0.508643	0.478715	0.487765	0.48485	0.486354	0.472172	0.488804	0.506828	0.506028	0.510047	0.507646	0.505334	0.507693	0.461041	0.466661	0.45962	0.466722	0.466564	0.459968	0.459141	0.466727	0.483476	0.47647	0.461771	0.459312	0.473999	0.470849	0.486049	0.474287	0.472424	0.474523	0.464306	0.458606	0.468084	0.464831	0.485897	0.48968	0	0.292245	0.299591	0.276872	0.277015	0.283421	0.386133	0.375852	0.402696	0.346538	0.346614	0.346253	0.35847	0.393644	0.391944	0.356052	0.357939	0.374375	0.447042	0.432955	0.441747	0.44906	0.444187	0.441344	0.408799	0.410181	0.411684	0.394792	0.410883	0.417704	0.59038	0.590473	0.600002	0.530539	0.53548	0.525489	0.420323	0.421428	0.417827	0.426042	0.413412	0.417433	0.433095	0.432108	0.428781	0.414545	0.422941	0.399996	0.366513	0.368743	0.373997	0.375025	0.373719	0.374029
ERR630056	0.468641	0.469294	0.47297	0.463729	0.469853	0.471395	0.46668	0.467137	0.466261	0.467124	0.467198	0.467702	0.479235	0.483769	0.480599	0.479602	0.478952	0.479544	0.445161	0.445194	0.444287	0.444851	0.445045	0.444533	0.439511	0.45743	0.44668	0.442772	0.440493	0.44072	0.451115	0.453706	0.451604	0.450952	0.449512	0.446057	0.444762	0.452274	0.445916	0.443753	0.451235	0.45339	0.292245	0	0.259522	0.265519	0.272966	0.271383	0.347609	0.342812	0.356758	0.349467	0.358823	0.34909	0.34468	0.352851	0.352004	0.34286	0.341966	0.344604	0.40079	0.399816	0.396949	0.416282	0.399132	0.40074	0.384204	0.386181	0.385815	0.391373	0.385182	0.382404	0.54699	0.546179	0.548618	0.469388	0.473523	0.465196	0.389008	0.390812	0.385818	0.391763	0.388364	0.391103	0.389754	0.388824	0.398568	0.394526	0.394236	0.390864	0.356011	0.355344	0.34708	0.346963	0.359484	0.347354
ERR630054	0.460522	0.462751	0.464919	0.455704	0.463169	0.462601	0.461795	0.460871	0.459784	0.461278	0.464492	0.461025	0.470476	0.476772	0.47218	0.470796	0.470636	0.470727	0.439336	0.43688	0.438952	0.436726	0.436896	0.439174	0.437669	0.460809	0.439915	0.437256	0.437826	0.439186	0.444211	0.448142	0.442118	0.444007	0.442751	0.437341	0.441388	0.449575	0.441926	0.4398	0.442899	0.445009	0.299591	0.259522	0	0.269039	0.272739	0.268706	0.338888	0.335957	0.346316	0.354053	0.364707	0.35372	0.349367	0.345065	0.344217	0.346519	0.344639	0.33853	0.395507	0.401836	0.392222	0.419781	0.39481	0.399905	0.379235	0.381838	0.381187	0.390556	0.380768	0.374783	0.550227	0.54919	0.548945	0.463622	0.466569	0.459413	0.391774	0.393626	0.388255	0.393622	0.392638	0.395147	0.38869	0.388012	0.403065	0.40104	0.399208	0.397265	0.364406	0.362992	0.351774	0.351261	0.36758	0.352304
