	ERR626616	ERR626615	ERR626614	ERR626618	ERR626619	ERR626617	ERR629674	ERR629676	ERR629677	ERR629678	ERR629675	ERR629679	ERR618694	ERR618693	ERR618695	ERR618696	ERR618698	ERR618697	ERR636646	ERR636648	ERR636643	ERR636645	ERR636647	ERR636644	ERR636686	ERR636690	ERR636687	ERR636688	ERR636685	ERR636689	ERR612595	ERR612598	ERR612596	ERR612597	ERR612600	ERR612599	ERR637031	ERR637027	ERR637030	ERR637029	ERR637028	ERR637032	ERR636919	ERR636923	ERR636924	ERR636920	ERR636922	ERR636921	ERR607490	ERR607491	ERR607489	ERR607488	ERR607492	ERR607487	ERR635311	ERR635314	ERR635313	ERR635310	ERR635312	ERR635315	ERR617200	ERR617202	ERR617198	ERR617201	ERR617199	ERR617197	ERR605542	ERR605543	ERR605539	ERR605540	ERR605541	ERR605544	ERR612217	ERR612218	ERR612215	ERR612220	ERR612219	ERR612216	ERR614856	ERR614858	ERR614857	ERR614854	ERR614853	ERR614855	ERR614953	ERR614954	ERR614949	ERR614951	ERR614952	ERR614950	ERR616612	ERR616611	ERR616613	ERR616610	ERR616614	ERR616615
ERR626616	0	0.8437	0.831451	0.862719	0.866502	0.86486	1.0225	1.03816	1.01799	1.01784	1.03828	1.01674	1.08316	1.07721	1.08278	1.07979	1.07726	1.07887	1.05996	1.04714	1.04649	1.06742	1.0594	1.05436	0.968892	0.966078	0.969673	0.965999	0.982441	0.965619	1.09047	1.10882	1.11758	1.09605	1.11094	1.10897	1.07066	1.07902	1.08858	1.07737	1.09608	1.07225	1.107	1.09328	1.09409	1.09618	1.09289	1.09626	0.933519	0.933782	0.956965	0.954176	0.93336	0.956303	1.03113	1.04201	1.04212	1.03682	1.02443	1.04352	0.943615	0.943513	0.924388	0.937329	0.922923	0.928224	1.04422	1.04344	1.03651	1.04236	1.04908	1.0448	0.964918	0.962576	0.960384	0.967502	0.985762	0.964371	0.952202	0.952616	0.953214	0.9739	0.976649	0.977248	0.912692	0.911585	0.935357	0.936717	0.911846	0.932226	0.993888	0.983371	0.972549	0.986108	0.973078	0.971828
ERR626615	0.8437	0	0.807973	0.842178	0.846331	0.844441	1.00939	1.02617	1.00468	1.00511	1.0269	1.00393	1.07283	1.06603	1.07176	1.0682	1.06541	1.06769	1.04602	1.03295	1.0323	1.05586	1.04554	1.04093	0.952926	0.951195	0.955094	0.950456	0.967818	0.950619	1.07642	1.09629	1.1055	1.08334	1.09819	1.09641	1.05949	1.06712	1.0779	1.06573	1.08606	1.06116	1.09514	1.08155	1.08203	1.08362	1.08097	1.08452	0.915392	0.915116	0.941352	0.938271	0.915356	0.94068	1.01876	1.03228	1.03202	1.0267	1.01196	1.03377	0.925074	0.929794	0.9052	0.91877	0.903293	0.910937	1.03258	1.03205	1.02493	1.03155	1.0387	1.03348	0.949387	0.946547	0.943887	0.951774	0.971193	0.949233	0.937566	0.938122	0.938835	0.961043	0.964315	0.9645	0.895599	0.894867	0.921228	0.92208	0.89492	0.917223	0.979247	0.968442	0.957503	0.971332	0.957763	0.956535
ERR626614	0.831451	0.807973	0	0.828697	0.833275	0.831298	0.999594	1.0169	0.994177	0.9947	1.01777	0.99356	1.0635	1.05635	1.06224	1.05836	1.05549	1.05798	1.03589	1.02261	1.02207	1.04691	1.03544	1.03129	0.942351	0.940431	0.944341	0.940139	0.95819	0.939983	1.06624	1.08702	1.09676	1.07365	1.08896	1.08702	1.04928	1.05731	1.06844	1.05572	1.07723	1.05102	1.08615	1.07221	1.07265	1.07399	1.07182	1.07535	0.902976	0.903472	0.930962	0.927752	0.90291	0.930395	1.01005	1.0243	1.02392	1.018	1.0026	1.02547	0.913054	0.918573	0.892293	0.90655	0.890425	0.898539	1.02436	1.02368	1.01605	1.02253	1.03007	1.02464	0.937926	0.93516	0.931898	0.940008	0.960188	0.93767	0.926721	0.927071	0.928365	0.951271	0.955256	0.954658	0.883578	0.882506	0.911082	0.91179	0.882709	0.906572	0.969545	0.958014	0.947308	0.961679	0.947948	0.946556
ERR626618	0.862719	0.842178	0.828697	0	0.85807	0.856828	1.02098	1.03719	1.01642	1.01653	1.03807	1.01566	1.08267	1.07616	1.08185	1.07816	1.07514	1.07745	1.05622	1.04437	1.04369	1.06717	1.05609	1.05212	0.963814	0.962114	0.966281	0.961897	0.978287	0.961835	1.08496	1.10415	1.11338	1.0922	1.10574	1.10421	1.06984	1.07689	1.08742	1.07561	1.09597	1.07147	1.1037	1.09065	1.09097	1.09208	1.09017	1.09331	0.929931	0.930267	0.955112	0.95202	0.92961	0.954984	1.03023	1.04385	1.04351	1.03766	1.0232	1.04489	0.938391	0.94498	0.919884	0.932843	0.918534	0.926036	1.04389	1.04352	1.03661	1.04282	1.04986	1.04466	0.96321	0.960747	0.957782	0.965091	0.983788	0.963126	0.95232	0.952614	0.953856	0.974958	0.978134	0.977926	0.910894	0.909804	0.935405	0.935975	0.90999	0.931553	0.990669	0.980283	0.970289	0.983484	0.971284	0.969889
ERR626619	0.866502	0.846331	0.833275	0.85807	0	0.860529	1.02413	1.03964	1.01949	1.01966	1.04057	1.01873	1.08508	1.0787	1.08407	1.08038	1.07768	1.07985	1.05889	1.04674	1.04606	1.06913	1.05817	1.05444	0.967086	0.965492	0.969138	0.965078	0.981391	0.965298	1.08775	1.10673	1.11601	1.09482	1.10868	1.10725	1.07233	1.07965	1.08978	1.07842	1.09811	1.07373	1.1063	1.09322	1.09372	1.09482	1.09259	1.09624	0.933777	0.9335	0.95783	0.955625	0.933396	0.958396	1.03226	1.04637	1.04583	1.04008	1.02597	1.04714	0.941819	0.948309	0.923924	0.936969	0.921639	0.929395	1.04613	1.04536	1.0387	1.04489	1.05175	1.04656	0.966022	0.963087	0.960434	0.967707	0.985873	0.96578	0.955164	0.955385	0.956462	0.977393	0.980719	0.980338	0.913595	0.912661	0.938265	0.938418	0.913096	0.934088	0.993267	0.983098	0.973365	0.985956	0.974175	0.972641
ERR626617	0.86486	0.844441	0.831298	0.856828	0.860529	0	1.02297	1.03823	1.01805	1.01854	1.03962	1.01769	1.08429	1.07787	1.08315	1.07966	1.07687	1.0794	1.0582	1.04613	1.04543	1.06879	1.05776	1.05404	0.965669	0.964043	0.96757	0.963368	0.97961	0.963466	1.08677	1.10564	1.11498	1.09355	1.10749	1.10606	1.07125	1.07844	1.08914	1.07714	1.09714	1.0731	1.1051	1.09221	1.09289	1.09385	1.09172	1.09542	0.932435	0.932115	0.957243	0.954174	0.93168	0.95735	1.03164	1.04517	1.04513	1.03923	1.02509	1.04622	0.94063	0.946859	0.922215	0.93492	0.920525	0.92782	1.04498	1.04465	1.03764	1.04401	1.05073	1.04576	0.964925	0.962357	0.959508	0.966735	0.985198	0.96487	0.953906	0.954388	0.955176	0.976361	0.979456	0.979368	0.913054	0.911751	0.937613	0.937787	0.911796	0.933697	0.992641	0.982198	0.972361	0.985313	0.973258	0.97184
ERR629674	1.0225	1.00939	0.999594	1.02098	1.02413	1.02297	0	0.806583	0.776118	0.776374	0.805024	0.774001	1.04147	1.03412	1.04105	1.03774	1.03549	1.03711	1.0774	1.06274	1.06267	1.08616	1.07669	1.07202	0.985819	0.980528	0.985875	0.980281	0.999266	0.980708	1.05477	1.07564	1.08451	1.0605	1.07814	1.07551	1.01469	1.02076	1.03042	1.02027	1.03639	1.01607	1.04697	1.03364	1.03361	1.03524	1.03306	1.03547	0.982945	0.983693	1.00479	1.00178	0.983161	1.00415	0.982288	0.995095	0.993599	0.986872	0.974275	0.995796	0.97723	0.980505	0.960228	0.972763	0.959568	0.965217	1.08085	1.08013	1.07356	1.07891	1.08571	1.08116	1.01247	1.01101	1.0082	1.01524	1.03254	1.01298	1.00645	1.00644	1.00742	1.02584	1.02877	1.02942	0.997821	0.996367	1.01772	1.01926	0.996384	1.01509	1.04016	1.03047	1.02075	1.03371	1.02112	1.01905
ERR629676	1.03816	1.02617	1.0169	1.03719	1.03964	1.03823	0.806583	0	0.802248	0.80209	0.827971	0.800232	1.05669	1.04996	1.05633	1.05362	1.05107	1.05264	1.0921	1.0783	1.0782	1.10038	1.09161	1.08684	1.00255	0.997051	1.00202	0.996966	1.01461	0.997389	1.07034	1.09002	1.09852	1.07539	1.09253	1.08984	1.03132	1.03727	1.04591	1.03667	1.05133	1.03272	1.0625	1.04965	1.04963	1.05112	1.04926	1.05142	1.00058	1.00174	1.02101	1.01805	1.00095	1.02018	0.999214	1.01107	1.01005	1.00349	0.992129	1.01197	0.993576	0.997002	0.978465	0.989468	0.977793	0.982564	1.09387	1.09306	1.08749	1.09195	1.09864	1.09446	1.02902	1.02724	1.02491	1.03175	1.04795	1.02937	1.02274	1.02317	1.02366	1.0411	1.04395	1.04448	1.01553	1.01412	1.03375	1.03537	1.01414	1.03129	1.0551	1.046	1.03694	1.04896	1.03712	1.03545
ERR629677	1.01799	1.00468	0.994177	1.01642	1.01949	1.01805	0.776118	0.802248	0	0.765537	0.800164	0.765717	1.0363	1.02883	1.03599	1.0327	1.03007	1.03186	1.07319	1.05832	1.05801	1.08229	1.07236	1.06765	0.980758	0.975433	0.980662	0.974906	0.994313	0.975385	1.04981	1.07117	1.08032	1.05547	1.07356	1.07108	1.00907	1.01547	1.02536	1.01488	1.03139	1.01066	1.04217	1.02831	1.02856	1.03031	1.0278	1.03039	0.977879	0.978892	1.00014	0.997273	0.97803	0.999395	0.977298	0.99022	0.988754	0.982082	0.969532	0.991055	0.97231	0.975786	0.955429	0.967596	0.954321	0.960275	1.07666	1.07548	1.06956	1.07468	1.08156	1.07708	1.0071	1.00561	1.00266	1.01017	1.02762	1.00793	1.00155	1.00153	1.00224	1.02105	1.02459	1.0249	0.992521	0.991103	1.01274	1.01467	0.991533	1.01016	1.03593	1.0262	1.016	1.02923	1.01632	1.01444
ERR629678	1.01784	1.00511	0.9947	1.01653	1.01966	1.01854	0.776374	0.80209	0.765537	0	0.800421	0.765666	1.03686	1.02985	1.03647	1.03346	1.03075	1.03274	1.07327	1.05866	1.05821	1.0823	1.07272	1.06783	0.981712	0.975751	0.981417	0.97582	0.994929	0.976015	1.05096	1.07199	1.08126	1.05652	1.0746	1.07216	1.00983	1.01645	1.02609	1.0156	1.03205	1.01155	1.043	1.02898	1.02929	1.03101	1.02864	1.03109	0.977509	0.978634	1.00001	0.996947	0.978117	0.999249	0.977492	0.990107	0.988868	0.981941	0.969413	0.991072	0.9728	0.975864	0.955955	0.96799	0.954996	0.960364	1.07683	1.07581	1.06971	1.07485	1.08187	1.07732	1.00762	1.00586	1.00297	1.01048	1.02777	1.00777	1.00116	1.0017	1.00218	1.02137	1.02456	1.02497	0.992932	0.991028	1.01316	1.01461	0.991568	1.01014	1.03601	1.02581	1.01605	1.02915	1.01641	1.01425
ERR629675	1.03828	1.0269	1.01777	1.03807	1.04057	1.03962	0.805024	0.827971	0.800164	0.800421	0	0.798529	1.05589	1.0493	1.05551	1.0528	1.05062	1.05193	1.09206	1.0782	1.07811	1.09994	1.0915	1.08675	1.00211	0.996532	1.00123	0.996533	1.01366	0.996374	1.07069	1.09038	1.09869	1.07535	1.09276	1.09022	1.02968	1.03583	1.04443	1.03533	1.04947	1.03141	1.06097	1.04796	1.04809	1.05018	1.04765	1.04988	1.00112	1.00218	1.02146	1.01823	1.00154	1.02054	0.996926	1.00818	1.00667	1.00084	0.989662	1.00871	0.994909	0.996549	0.979573	0.990607	0.978467	0.983398	1.09417	1.09348	1.08752	1.09241	1.09887	1.09473	1.02921	1.0283	1.02584	1.03247	1.04835	1.02952	1.02331	1.02356	1.02442	1.04146	1.04417	1.04497	1.01575	1.01415	1.0338	1.0356	1.01459	1.0317	1.05609	1.04659	1.03723	1.04953	1.03743	1.03576
ERR629679	1.01674	1.00393	0.99356	1.01566	1.01873	1.01769	0.774001	0.800232	0.765717	0.765666	0.798529	0	1.03535	1.02772	1.03478	1.03171	1.02908	1.03062	1.07257	1.05771	1.05754	1.0817	1.07196	1.0671	0.980237	0.974627	0.979927	0.974433	0.993825	0.974798	1.04973	1.07098	1.08021	1.05546	1.07351	1.07094	1.00812	1.01427	1.02428	1.01424	1.03014	1.00949	1.04164	1.02783	1.02793	1.02972	1.02708	1.0298	0.97677	0.977886	0.999238	0.996166	0.97682	0.99845	0.976216	0.989266	0.988047	0.98106	0.968371	0.989893	0.971413	0.974611	0.954257	0.966782	0.95339	0.959004	1.07566	1.0748	1.06854	1.0737	1.08049	1.07617	1.00607	1.0047	1.00183	1.00922	1.0268	1.00662	0.999664	0.999655	1.00082	1.01982	1.02284	1.02314	0.991472	0.98967	1.01157	1.01343	0.989952	1.00892	1.03498	1.02509	1.01512	1.02841	1.01516	1.01312
ERR618694	1.08316	1.07283	1.0635	1.08267	1.08508	1.08429	1.04147	1.05669	1.0363	1.03686	1.05589	1.03535	0	0.803255	0.810086	0.808343	0.80489	0.806827	0.927316	0.909838	0.910416	0.936592	0.926574	0.920775	1.05541	1.05116	1.05473	1.05091	1.06666	1.05057	0.900625	0.923641	0.934174	0.904792	0.926523	0.922596	0.87713	0.884983	0.894726	0.884484	0.902375	0.879654	0.907844	0.892143	0.892345	0.896453	0.891927	0.895196	1.07209	1.07274	1.09019	1.08789	1.07202	1.08942	1.07957	1.08941	1.08874	1.08364	1.07396	1.09045	1.06196	1.06322	1.04768	1.05833	1.04714	1.05121	1.129	1.1285	1.12305	1.12751	1.13314	1.12958	1.07277	1.07088	1.06857	1.07473	1.09019	1.07259	1.07531	1.07581	1.0767	1.09213	1.09492	1.0953	1.06483	1.06357	1.08264	1.08331	1.06397	1.07951	1.10913	1.10034	1.09151	1.10268	1.09167	1.09019
ERR618693	1.07721	1.06603	1.05635	1.07616	1.0787	1.07787	1.03412	1.04996	1.02883	1.02985	1.0493	1.02772	0.803255	0	0.80237	0.799928	0.795384	0.798188	0.920135	0.902637	0.903208	0.931422	0.91992	0.914362	1.04869	1.04444	1.04815	1.04438	1.05996	1.04446	0.89137	0.916068	0.927247	0.89701	0.918717	0.914754	0.869955	0.878073	0.888531	0.877381	0.896791	0.872462	0.901377	0.884574	0.884969	0.888926	0.884626	0.888159	1.06486	1.06565	1.08327	1.0814	1.06469	1.08291	1.07331	1.08411	1.08312	1.07788	1.06766	1.08502	1.05512	1.05723	1.0402	1.05122	1.03956	1.04411	1.12325	1.12282	1.11717	1.12182	1.12777	1.124	1.06596	1.06415	1.06144	1.06788	1.0835	1.06581	1.06932	1.06959	1.07055	1.08663	1.08961	1.08972	1.05793	1.05662	1.07678	1.07697	1.05702	1.07317	1.10223	1.09385	1.08466	1.09615	1.08507	1.08356
ERR618695	1.08278	1.07176	1.06224	1.08185	1.08407	1.08315	1.04105	1.05633	1.03599	1.03647	1.05551	1.03478	0.810086	0.80237	0	0.807008	0.802967	0.805375	0.925064	0.907567	0.908526	0.935692	0.924826	0.919158	1.05498	1.05079	1.05445	1.05085	1.06624	1.05078	0.897534	0.920831	0.931787	0.902395	0.923004	0.919899	0.876293	0.88429	0.894237	0.884257	0.902702	0.879104	0.907133	0.891072	0.891226	0.895481	0.890687	0.894308	1.07069	1.07161	1.08876	1.08689	1.07075	1.08834	1.07934	1.09003	1.08906	1.08384	1.07392	1.09083	1.06092	1.06254	1.04646	1.05728	1.04554	1.05017	1.12864	1.12782	1.12242	1.12681	1.13244	1.12888	1.07171	1.06992	1.06737	1.07367	1.08905	1.07175	1.07499	1.07525	1.07656	1.09202	1.09484	1.09506	1.06394	1.06282	1.08223	1.08282	1.06312	1.07904	1.10782	1.09931	1.09045	1.10175	1.09072	1.08951
ERR618696	1.07979	1.0682	1.05836	1.07816	1.08038	1.07966	1.03774	1.05362	1.0327	1.03346	1.0528	1.03171	0.808343	0.799928	0.807008	0	0.792963	0.795867	0.919169	0.901777	0.902506	0.931132	0.918527	0.913866	1.05129	1.0476	1.0511	1.04765	1.06276	1.0471	0.891543	0.91586	0.92737	0.89743	0.918205	0.914666	0.871391	0.879476	0.889813	0.879106	0.898785	0.874402	0.901518	0.885062	0.885421	0.889466	0.884754	0.888556	1.06736	1.06768	1.08547	1.08357	1.06707	1.08528	1.0768	1.08758	1.08712	1.0818	1.07121	1.08855	1.05723	1.05984	1.04257	1.05349	1.04186	1.04683	1.12615	1.12564	1.12008	1.12462	1.13044	1.12651	1.06859	1.06661	1.06398	1.07016	1.08603	1.06861	1.07227	1.07241	1.07353	1.08958	1.09253	1.09257	1.0605	1.05911	1.07931	1.07962	1.0596	1.07586	1.10531	1.09677	1.08803	1.09905	1.08829	1.08696
ERR618698	1.07726	1.06541	1.05549	1.07514	1.07768	1.07687	1.03549	1.05107	1.03007	1.03075	1.05062	1.02908	0.80489	0.795384	0.802967	0.792963	0	0.791241	0.914651	0.897467	0.897946	0.927797	0.914618	0.909617	1.04862	1.0449	1.04859	1.04472	1.06006	1.04464	0.886219	0.911502	0.922839	0.89276	0.914028	0.910181	0.868212	0.876515	0.887166	0.875845	0.896824	0.871096	0.898289	0.881585	0.882238	0.885645	0.881344	0.885177	1.06393	1.06454	1.08261	1.08099	1.06381	1.08243	1.07482	1.08635	1.08532	1.08053	1.06918	1.0874	1.05378	1.05742	1.03899	1.05028	1.03811	1.04359	1.12365	1.12298	1.11772	1.12224	1.12821	1.12396	1.06548	1.06346	1.06094	1.06696	1.08283	1.06551	1.06921	1.0694	1.07044	1.08686	1.09004	1.09006	1.05769	1.05621	1.07665	1.07682	1.05659	1.07356	1.10217	1.0937	1.08493	1.09609	1.08519	1.08389
ERR618697	1.07887	1.06769	1.05798	1.07745	1.07985	1.0794	1.03711	1.05264	1.03186	1.03274	1.05193	1.03062	0.806827	0.798188	0.805375	0.795867	0.791241	0	0.917977	0.900693	0.901661	0.930091	0.917718	0.912668	1.05066	1.04677	1.05014	1.04665	1.06212	1.04629	0.890612	0.914924	0.92637	0.896616	0.91766	0.91434	0.871001	0.878673	0.889183	0.878344	0.898044	0.8733	0.900528	0.883823	0.88442	0.888106	0.883963	0.887723	1.06639	1.06738	1.08485	1.08321	1.06649	1.08444	1.07611	1.08705	1.08593	1.08107	1.07014	1.08761	1.05668	1.05931	1.04225	1.05301	1.04124	1.04642	1.12569	1.12495	1.11952	1.12407	1.12989	1.12611	1.068	1.06595	1.06337	1.06969	1.08547	1.06801	1.0715	1.0718	1.0729	1.08889	1.09197	1.09183	1.06016	1.05853	1.07904	1.07908	1.05906	1.07539	1.10449	1.09588	1.08729	1.0983	1.08757	1.08607
ERR636646	1.05996	1.04602	1.03589	1.05622	1.05889	1.0582	1.0774	1.0921	1.07319	1.07327	1.09206	1.07257	0.927316	0.920135	0.925064	0.919169	0.914651	0.917977	0	0.778022	0.778188	0.812537	0.789741	0.78976	1.09135	1.09018	1.09314	1.08958	1.10241	1.08968	0.922552	0.945364	0.957031	0.931381	0.946211	0.945106	0.913607	0.921578	0.93219	0.920076	0.943253	0.916034	0.914525	0.899848	0.900388	0.902867	0.899397	0.904761	1.04196	1.0418	1.0634	1.05999	1.04247	1.06316	1.11723	1.12815	1.12728	1.12326	1.11107	1.12867	1.0513	1.05784	1.03664	1.04721	1.03572	1.04208	1.12067	1.11978	1.11503	1.11964	1.12517	1.12077	1.05383	1.05092	1.04841	1.05476	1.07021	1.05338	1.05763	1.05782	1.05879	1.07659	1.0796	1.0783	1.04451	1.04265	1.06374	1.06416	1.04261	1.06037	1.08779	1.07898	1.07005	1.08173	1.07079	1.06964
ERR636648	1.04714	1.03295	1.02261	1.04437	1.04674	1.04613	1.06274	1.0783	1.05832	1.05866	1.0782	1.05771	0.909838	0.902637	0.907567	0.901777	0.897467	0.900693	0.778022	0	0.760943	0.798599	0.778238	0.774137	1.07824	1.07726	1.07961	1.07623	1.08979	1.07636	0.908759	0.932634	0.94499	0.917344	0.934195	0.932216	0.894326	0.90348	0.914883	0.902132	0.926886	0.897196	0.900635	0.883938	0.884237	0.88823	0.883573	0.889005	1.02863	1.02827	1.05021	1.04697	1.02876	1.04999	1.10433	1.11531	1.1142	1.11017	1.09813	1.11618	1.03749	1.043	1.02228	1.0335	1.02132	1.02708	1.10979	1.1088	1.10369	1.10844	1.11435	1.1098	1.04048	1.03799	1.03513	1.04183	1.05842	1.0402	1.04419	1.04443	1.04521	1.06365	1.06676	1.06572	1.03032	1.02847	1.05037	1.05108	1.0284	1.04685	1.07669	1.06729	1.05756	1.07014	1.05845	1.05703
ERR636643	1.04649	1.0323	1.02207	1.04369	1.04606	1.04543	1.06267	1.0782	1.05801	1.05821	1.07811	1.05754	0.910416	0.903208	0.908526	0.902506	0.897946	0.901661	0.778188	0.760943	0	0.796307	0.778861	0.771483	1.07786	1.07656	1.07909	1.07614	1.08967	1.07594	0.908581	0.933128	0.945491	0.917448	0.934442	0.932735	0.895455	0.90441	0.916007	0.903034	0.927836	0.898143	0.901281	0.884404	0.884574	0.888096	0.884094	0.889769	1.02792	1.02768	1.0498	1.04644	1.02843	1.04956	1.10394	1.11501	1.1143	1.10959	1.09771	1.1158	1.037	1.04301	1.02151	1.03312	1.02074	1.02677	1.10935	1.10861	1.10319	1.10789	1.11404	1.10937	1.04006	1.03735	1.03426	1.04165	1.05791	1.03971	1.04402	1.04424	1.04499	1.06375	1.06662	1.0657	1.02997	1.02816	1.05023	1.05089	1.0279	1.0463	1.07605	1.06635	1.05706	1.0695	1.05772	1.05684
ERR636645	1.06742	1.05586	1.04691	1.06717	1.06913	1.06879	1.08616	1.10038	1.08229	1.0823	1.09994	1.0817	0.936592	0.931422	0.935692	0.931132	0.927797	0.930091	0.812537	0.798599	0.796307	0	0.812902	0.805189	1.1025	1.10041	1.10267	1.09974	1.11246	1.09952	0.94229	0.961585	0.971529	0.946815	0.963005	0.960822	0.925528	0.934267	0.942735	0.933001	0.95186	0.927539	0.92901	0.914611	0.915009	0.919494	0.914547	0.918622	1.05346	1.05335	1.07275	1.06931	1.05401	1.07193	1.12449	1.13295	1.13217	1.12847	1.1188	1.13392	1.06301	1.06472	1.0491	1.059	1.04799	1.052	1.12671	1.12561	1.12053	1.12464	1.13009	1.12679	1.06274	1.06027	1.05796	1.06403	1.07901	1.06115	1.0646	1.06503	1.06546	1.08212	1.08453	1.08427	1.05284	1.05126	1.07037	1.072	1.05117	1.06763	1.09719	1.08811	1.07846	1.0906	1.07908	1.07814
ERR636647	1.0594	1.04554	1.03544	1.05609	1.05817	1.05776	1.07669	1.09161	1.07236	1.07272	1.0915	1.07196	0.926574	0.91992	0.924826	0.918527	0.914618	0.917718	0.789741	0.778238	0.778861	0.812902	0	0.790531	1.09095	1.09003	1.09249	1.08918	1.10189	1.08897	0.922079	0.944633	0.956301	0.930936	0.945811	0.944209	0.912888	0.920792	0.931612	0.919382	0.942667	0.915414	0.914132	0.899674	0.899882	0.902626	0.899586	0.904522	1.0413	1.04117	1.06241	1.05917	1.04155	1.06236	1.11645	1.12731	1.12673	1.12252	1.11032	1.128	1.0506	1.05716	1.03606	1.04657	1.03481	1.04087	1.12016	1.11944	1.11445	1.11916	1.12482	1.12038	1.05311	1.05039	1.04781	1.054	1.06956	1.05274	1.05713	1.05759	1.05838	1.07622	1.07916	1.07805	1.04396	1.04203	1.0634	1.06362	1.04194	1.05963	1.08756	1.07826	1.06961	1.08131	1.07034	1.0689
ERR636644	1.05436	1.04093	1.03129	1.05212	1.05444	1.05404	1.07202	1.08684	1.06765	1.06783	1.08675	1.0671	0.920775	0.914362	0.919158	0.913866	0.909617	0.912668	0.78976	0.774137	0.771483	0.805189	0.790531	0	1.08757	1.08618	1.08825	1.08524	1.09857	1.08534	0.92079	0.943137	0.954938	0.928327	0.944697	0.942605	0.907402	0.915983	0.926316	0.914554	0.937439	0.909825	0.911457	0.89565	0.89632	0.899818	0.895639	0.900701	1.03691	1.03692	1.05834	1.05446	1.03728	1.0577	1.11195	1.12229	1.12155	1.11717	1.10573	1.123	1.04649	1.05167	1.03169	1.04267	1.03099	1.03636	1.11586	1.1149	1.10997	1.11444	1.12017	1.1158	1.04858	1.04583	1.04331	1.05012	1.06566	1.04777	1.0514	1.05172	1.05275	1.07056	1.07314	1.07258	1.03852	1.03663	1.0575	1.05853	1.03633	1.05425	1.08361	1.07406	1.06489	1.07734	1.0656	1.06442
ERR636686	0.968892	0.952926	0.942351	0.963814	0.967086	0.965669	0.985819	1.00255	0.980758	0.981712	1.00211	0.980237	1.05541	1.04869	1.05498	1.05129	1.04862	1.05066	1.09135	1.07824	1.07786	1.1025	1.09095	1.08757	0	0.845705	0.848528	0.844155	0.864416	0.844299	1.06188	1.08266	1.09158	1.06895	1.08431	1.08276	1.0194	1.02362	1.03311	1.02296	1.0391	1.02047	1.05501	1.04341	1.04395	1.04354	1.04274	1.04493	0.978884	0.979865	1.00076	0.999282	0.979051	1.00144	0.981106	0.996729	0.995807	0.989263	0.974667	0.997241	0.963315	0.970502	0.946478	0.957851	0.944264	0.952641	1.06517	1.0647	1.05786	1.06403	1.0707	1.06556	0.992148	0.990148	0.987382	0.994221	1.01205	0.993173	0.986988	0.987075	0.9878	1.00694	1.01009	1.00953	0.958261	0.957405	0.981779	0.980782	0.957979	0.977405	1.0249	1.01601	1.00722	1.01856	1.00758	1.0059
ERR636690	0.966078	0.951195	0.940431	0.962114	0.965492	0.964043	0.980528	0.997051	0.975433	0.975751	0.996532	0.974627	1.05116	1.04444	1.05079	1.0476	1.0449	1.04677	1.09018	1.07726	1.07656	1.10041	1.09003	1.08618	0.845705	0	0.846334	0.836108	0.862739	0.835921	1.06107	1.08127	1.09016	1.067	1.08352	1.08129	1.01419	1.01926	1.02808	1.0185	1.03365	1.01536	1.05151	1.0393	1.03983	1.0404	1.03852	1.04113	0.977078	0.977785	0.998708	0.997092	0.976992	0.998789	0.975438	0.98969	0.988879	0.982272	0.969491	0.990617	0.961168	0.965566	0.94411	0.956197	0.942702	0.949128	1.06236	1.06175	1.05501	1.06082	1.06754	1.0629	0.989133	0.987132	0.984525	0.991431	1.00931	0.989667	0.982497	0.982832	0.984151	1.00261	1.00583	1.00602	0.954774	0.953998	0.978115	0.978036	0.954622	0.974204	1.02276	1.01326	1.00425	1.01593	1.00396	1.00271
ERR636687	0.969673	0.955094	0.944341	0.966281	0.969138	0.96757	0.985875	1.00202	0.980662	0.981417	1.00123	0.979927	1.05473	1.04815	1.05445	1.0511	1.04859	1.05014	1.09314	1.07961	1.07909	1.10267	1.09249	1.08825	0.848528	0.846334	0	0.845207	0.866007	0.846236	1.06418	1.08426	1.09315	1.06995	1.08627	1.08432	1.01872	1.02392	1.03256	1.02316	1.03829	1.01996	1.05583	1.04378	1.04444	1.04464	1.04346	1.04561	0.980788	0.981576	1.00203	1.00033	0.980847	1.00232	0.980854	0.994751	0.993968	0.987646	0.974231	0.995655	0.964811	0.968966	0.947974	0.959529	0.946181	0.95305	1.06465	1.06434	1.05753	1.06324	1.06993	1.06512	0.992419	0.990528	0.987991	0.994632	1.01222	0.99318	0.985862	0.986258	0.987498	1.00538	1.00906	1.00905	0.958789	0.957811	0.981183	0.980969	0.958329	0.977463	1.02599	1.01642	1.00743	1.01927	1.00768	1.00625
ERR636688	0.965999	0.950456	0.940139	0.961897	0.965078	0.963368	0.980281	0.996966	0.974906	0.97582	0.996533	0.974433	1.05091	1.04438	1.05085	1.04765	1.04472	1.04665	1.08958	1.07623	1.07614	1.09974	1.08918	1.08524	0.844155	0.836108	0.845207	0	0.86141	0.834505	1.06053	1.08102	1.08988	1.06673	1.08297	1.08109	1.01304	1.01859	1.02735	1.01763	1.03288	1.01457	1.05048	1.03807	1.0388	1.03944	1.03774	1.04032	0.976762	0.977543	0.99846	0.996872	0.976562	0.998705	0.974998	0.989693	0.988975	0.982206	0.96857	0.990196	0.960483	0.965344	0.943758	0.955613	0.942151	0.949137	1.06248	1.06206	1.05534	1.06086	1.06774	1.06311	0.989139	0.987018	0.984462	0.991034	1.00926	0.989862	0.98271	0.982788	0.983985	1.00283	1.00594	1.00626	0.954253	0.953717	0.97744	0.977143	0.954335	0.973563	1.02253	1.01316	1.0041	1.01594	1.00419	1.00277
ERR636685	0.982441	0.967818	0.95819	0.978287	0.981391	0.97961	0.999266	1.01461	0.994313	0.994929	1.01366	0.993825	1.06666	1.05996	1.06624	1.06276	1.06006	1.06212	1.10241	1.08979	1.08967	1.11246	1.10189	1.09857	0.864416	0.862739	0.866007	0.86141	0	0.861648	1.07379	1.09352	1.10186	1.08003	1.09522	1.0937	1.03131	1.03623	1.04457	1.03522	1.05015	1.03249	1.06608	1.05496	1.05522	1.05527	1.05432	1.05631	0.994043	0.994526	1.01417	1.01289	0.993865	1.01452	0.993723	1.00787	1.0069	1.00064	0.987613	1.00851	0.978632	0.98385	0.962637	0.973651	0.960993	0.96779	1.07623	1.07561	1.06925	1.07467	1.08118	1.07653	1.00618	1.0046	1.00148	1.00825	1.02513	1.00691	0.999941	1.00009	1.00111	1.01852	1.02191	1.02186	0.972486	0.971844	0.994485	0.993997	0.97208	0.990614	1.03687	1.02853	1.01998	1.0312	1.02011	1.0188
ERR636689	0.965619	0.950619	0.939983	0.961835	0.965298	0.963466	0.980708	0.997389	0.975385	0.976015	0.996374	0.974798	1.05057	1.04446	1.05078	1.0471	1.04464	1.04629	1.08968	1.07636	1.07594	1.09952	1.08897	1.08534	0.844299	0.835921	0.846236	0.834505	0.861648	0	1.06036	1.08057	1.08951	1.06659	1.08284	1.08096	1.01368	1.01864	1.02755	1.01762	1.03345	1.01474	1.05065	1.03864	1.03883	1.03953	1.03801	1.04034	0.976532	0.976737	0.997953	0.996173	0.976255	0.998134	0.974968	0.989615	0.988654	0.981934	0.969026	0.990402	0.960911	0.965463	0.943652	0.955358	0.942131	0.94892	1.06214	1.0616	1.055	1.06072	1.06751	1.06269	0.988855	0.986724	0.984417	0.991323	1.00925	0.989768	0.982725	0.982727	0.983605	1.00239	1.00555	1.00596	0.954717	0.953672	0.977537	0.978052	0.953991	0.973965	1.02262	1.01304	1.00377	1.01581	1.00428	1.00294
ERR612595	1.09047	1.07642	1.06624	1.08496	1.08775	1.08677	1.05477	1.07034	1.04981	1.05096	1.07069	1.04973	0.900625	0.89137	0.897534	0.891543	0.886219	0.890612	0.922552	0.908759	0.908581	0.94229	0.922079	0.92079	1.06188	1.06107	1.06418	1.06053	1.07379	1.06036	0	0.759024	0.768958	0.739211	0.760322	0.758129	0.890334	0.896034	0.909999	0.896016	0.920181	0.892625	0.88554	0.87161	0.872318	0.871459	0.871446	0.874942	1.07717	1.07759	1.09631	1.09524	1.07703	1.09729	1.09472	1.10848	1.10768	1.10269	1.08901	1.1088	1.06656	1.07648	1.0526	1.06273	1.05105	1.05932	1.06632	1.06657	1.06323	1.06652	1.07047	1.06671	1.02722	1.02555	1.02351	1.02788	1.03879	1.0287	1.08818	1.0881	1.08966	1.10583	1.1092	1.10777	1.07218	1.07078	1.09177	1.09075	1.0711	1.08841	1.05639	1.05131	1.04686	1.05335	1.04772	1.04627
ERR612598	1.10882	1.09629	1.08702	1.10415	1.10673	1.10564	1.07564	1.09002	1.07117	1.07199	1.09038	1.07098	0.923641	0.916068	0.920831	0.91586	0.911502	0.914924	0.945364	0.932634	0.933128	0.961585	0.944633	0.943137	1.08266	1.08127	1.08426	1.08102	1.09352	1.08057	0.759024	0	0.788756	0.766024	0.776146	0.774367	0.916957	0.922395	0.933764	0.922142	0.94315	0.918929	0.90825	0.896335	0.896702	0.896616	0.896479	0.899098	1.09781	1.09822	1.11506	1.11452	1.09771	1.11589	1.11318	1.1252	1.12466	1.12027	1.10763	1.12589	1.08678	1.0952	1.07392	1.08317	1.07259	1.07977	1.0786	1.07865	1.0759	1.07848	1.08233	1.07856	1.04163	1.04047	1.03877	1.04206	1.05079	1.04307	1.10682	1.10704	1.10818	1.12333	1.1264	1.12521	1.09225	1.09101	1.11021	1.10948	1.09143	1.1073	1.06723	1.06334	1.05946	1.06474	1.05993	1.0589
ERR612596	1.11758	1.1055	1.09676	1.11338	1.11601	1.11498	1.08451	1.09852	1.08032	1.08126	1.09869	1.08021	0.934174	0.927247	0.931787	0.92737	0.922839	0.92637	0.957031	0.94499	0.945491	0.971529	0.956301	0.954938	1.09158	1.09016	1.09315	1.08988	1.10186	1.08951	0.768958	0.788756	0	0.774433	0.789431	0.787727	0.929008	0.933829	0.944545	0.93392	0.952853	0.930852	0.919057	0.907967	0.908299	0.908552	0.907815	0.910866	1.10723	1.10765	1.12381	1.12307	1.10712	1.12448	1.12078	1.13229	1.13153	1.12736	1.11578	1.13292	1.09667	1.10415	1.08424	1.09321	1.08288	1.08936	1.08327	1.08331	1.08066	1.08297	1.08618	1.08323	1.04811	1.04713	1.04552	1.04869	1.05648	1.04941	1.1157	1.11574	1.11716	1.13152	1.1342	1.13341	1.10163	1.10056	1.11876	1.118	1.1007	1.11601	1.07182	1.06845	1.06519	1.06977	1.06532	1.06467
ERR612597	1.09605	1.08334	1.07365	1.0922	1.09482	1.09355	1.0605	1.07539	1.05547	1.05652	1.07535	1.05546	0.904792	0.89701	0.902395	0.89743	0.89276	0.896616	0.931381	0.917344	0.917448	0.946815	0.930936	0.928327	1.06895	1.067	1.06995	1.06673	1.08003	1.06659	0.739211	0.766024	0.774433	0	0.767537	0.765123	0.896793	0.903182	0.915253	0.902979	0.924552	0.899114	0.892476	0.879008	0.878873	0.879881	0.87846	0.881852	1.0846	1.0852	1.10241	1.10165	1.08459	1.103	1.099	1.11098	1.11004	1.10556	1.09322	1.11134	1.07359	1.08053	1.06021	1.07011	1.05873	1.06574	1.06855	1.06857	1.06533	1.06805	1.07196	1.06856	1.03119	1.03002	1.02795	1.03221	1.0421	1.03253	1.09351	1.09369	1.09486	1.11013	1.11321	1.1122	1.07839	1.07715	1.09669	1.09633	1.07744	1.0938	1.0595	1.05465	1.04965	1.05626	1.05018	1.04905
ERR612600	1.11094	1.09819	1.08896	1.10574	1.10868	1.10749	1.07814	1.09253	1.07356	1.0746	1.09276	1.07351	0.926523	0.918717	0.923004	0.918205	0.914028	0.91766	0.946211	0.934195	0.934442	0.963005	0.945811	0.944697	1.08431	1.08352	1.08627	1.08297	1.09522	1.08284	0.760322	0.776146	0.789431	0.767537	0	0.775017	0.919251	0.92442	0.936013	0.924645	0.945504	0.921311	0.909635	0.898069	0.898397	0.898128	0.897738	0.900521	1.0994	1.09967	1.11671	1.11581	1.09909	1.11738	1.11543	1.1275	1.1268	1.1225	1.10991	1.12818	1.08846	1.09742	1.07608	1.08536	1.07436	1.08186	1.07926	1.07958	1.07672	1.07954	1.08258	1.07952	1.04314	1.04185	1.04018	1.04348	1.05208	1.04447	1.10905	1.10907	1.11048	1.12553	1.12834	1.12711	1.09421	1.09302	1.11232	1.1114	1.09323	1.10912	1.06819	1.06422	1.06042	1.0659	1.06128	1.06016
ERR612599	1.10897	1.09641	1.08702	1.10421	1.10725	1.10606	1.07551	1.08984	1.07108	1.07216	1.09022	1.07094	0.922596	0.914754	0.919899	0.914666	0.910181	0.91434	0.945106	0.932216	0.932735	0.960822	0.944209	0.942605	1.08276	1.08129	1.08432	1.08109	1.0937	1.08096	0.758129	0.774367	0.787727	0.765123	0.775017	0	0.916642	0.921779	0.933619	0.921713	0.942527	0.918706	0.907514	0.895532	0.895752	0.896011	0.895321	0.898525	1.09793	1.09832	1.11518	1.11425	1.09778	1.11576	1.11313	1.12524	1.12413	1.11998	1.10767	1.12554	1.08672	1.09477	1.07419	1.08325	1.07247	1.07967	1.0784	1.07876	1.07583	1.07843	1.08185	1.07873	1.04171	1.04081	1.03881	1.04221	1.05115	1.04319	1.10698	1.10715	1.10859	1.12337	1.12647	1.12531	1.09218	1.09105	1.11037	1.10923	1.09113	1.10731	1.06731	1.06332	1.05926	1.06491	1.06007	1.05894
ERR637031	1.07066	1.05949	1.04928	1.06984	1.07233	1.07125	1.01469	1.03132	1.00907	1.00983	1.02968	1.00812	0.87713	0.869955	0.876293	0.871391	0.868212	0.871001	0.913607	0.894326	0.895455	0.925528	0.912888	0.907402	1.0194	1.01419	1.01872	1.01304	1.03131	1.01368	0.890334	0.916957	0.929008	0.896793	0.919251	0.916642	0	0.744029	0.755409	0.743134	0.76984	0.733635	0.852132	0.832707	0.833486	0.837414	0.832057	0.836447	1.05994	1.06092	1.07846	1.07648	1.05971	1.07779	1.05255	1.06334	1.06205	1.05627	1.04642	1.06393	1.05134	1.05293	1.03668	1.04733	1.03573	1.04041	1.12707	1.12626	1.12078	1.12507	1.13135	1.12745	1.06865	1.06691	1.06447	1.07049	1.08636	1.06874	1.07124	1.07145	1.07212	1.08836	1.09116	1.09133	1.0549	1.05337	1.07331	1.07441	1.05369	1.06991	1.102	1.09249	1.08331	1.09543	1.0839	1.08243
ERR637027	1.07902	1.06712	1.05731	1.07689	1.07965	1.07844	1.02076	1.03727	1.01547	1.01645	1.03583	1.01427	0.884983	0.878073	0.88429	0.879476	0.876515	0.878673	0.921578	0.90348	0.90441	0.934267	0.920792	0.915983	1.02362	1.01926	1.02392	1.01859	1.03623	1.01864	0.896034	0.922395	0.933829	0.903182	0.92442	0.921779	0.744029	0	0.767396	0.750458	0.776427	0.747916	0.858043	0.840123	0.840775	0.843503	0.839774	0.843384	1.06748	1.06809	1.08564	1.08394	1.06739	1.08549	1.05746	1.06884	1.06746	1.06167	1.05165	1.06931	1.059	1.0622	1.04489	1.05536	1.04405	1.04894	1.13383	1.13283	1.1277	1.13196	1.13769	1.13422	1.07679	1.07488	1.07184	1.07837	1.09387	1.07684	1.07958	1.0797	1.08079	1.0968	1.09933	1.09939	1.06334	1.06178	1.08176	1.08224	1.06235	1.0784	1.10854	1.09977	1.09113	1.10254	1.09163	1.08987
ERR637030	1.08858	1.0779	1.06844	1.08742	1.08978	1.08914	1.03042	1.04591	1.02536	1.02609	1.04443	1.02428	0.894726	0.888531	0.894237	0.889813	0.887166	0.889183	0.93219	0.914883	0.916007	0.942735	0.931612	0.926316	1.03311	1.02808	1.03256	1.02735	1.04457	1.02755	0.909999	0.933764	0.944545	0.915253	0.936013	0.933619	0.755409	0.767396	0	0.76695	0.789004	0.75874	0.867352	0.850863	0.851227	0.854541	0.849987	0.853567	1.07879	1.07945	1.09616	1.09432	1.07892	1.0958	1.06468	1.07521	1.07368	1.06832	1.05941	1.07562	1.07057	1.07214	1.05654	1.0669	1.05599	1.06051	1.14206	1.14158	1.13623	1.1403	1.14606	1.14253	1.08702	1.08524	1.08303	1.08867	1.10353	1.08729	1.08963	1.08969	1.09081	1.10595	1.10828	1.1089	1.07406	1.07264	1.09158	1.09222	1.0732	1.08826	1.11805	1.10969	1.10081	1.1121	1.10128	1.10003
ERR637029	1.07737	1.06573	1.05572	1.07561	1.07842	1.07714	1.02027	1.03667	1.01488	1.0156	1.03533	1.01424	0.884484	0.877381	0.884257	0.879106	0.875845	0.878344	0.920076	0.902132	0.903034	0.933001	0.919382	0.914554	1.02296	1.0185	1.02316	1.01763	1.03522	1.01762	0.896016	0.922142	0.93392	0.902979	0.924645	0.921713	0.743134	0.750458	0.76695	0	0.776224	0.746899	0.857654	0.839504	0.840243	0.84311	0.839124	0.843183	1.06616	1.06694	1.08475	1.08271	1.06611	1.08448	1.05704	1.06858	1.06698	1.06099	1.05131	1.06915	1.05756	1.06109	1.04318	1.05375	1.04237	1.04775	1.13273	1.13221	1.12659	1.13115	1.13716	1.13317	1.07535	1.07377	1.07086	1.07714	1.0926	1.07605	1.07836	1.07841	1.07949	1.09529	1.09821	1.0983	1.06183	1.06036	1.08055	1.08087	1.06087	1.0773	1.10748	1.09868	1.09001	1.10144	1.0903	1.08904
ERR637028	1.09608	1.08606	1.07723	1.09597	1.09811	1.09714	1.03639	1.05133	1.03139	1.03205	1.04947	1.03014	0.902375	0.896791	0.902702	0.898785	0.896824	0.898044	0.943253	0.926886	0.927836	0.95186	0.942667	0.937439	1.0391	1.03365	1.03829	1.03288	1.05015	1.03345	0.920181	0.94315	0.952853	0.924552	0.945504	0.942527	0.76984	0.776427	0.789004	0.776224	0	0.773401	0.875597	0.860196	0.860214	0.864512	0.859511	0.862356	1.0868	1.08742	1.10348	1.10172	1.08685	1.10278	1.06886	1.07877	1.07719	1.07204	1.06357	1.07926	1.07931	1.07945	1.06559	1.07527	1.06502	1.06907	1.14815	1.14764	1.14242	1.14624	1.15191	1.14848	1.09477	1.09319	1.0911	1.09663	1.11099	1.09455	1.09674	1.09697	1.09776	1.11223	1.11475	1.11531	1.08205	1.08064	1.09864	1.0997	1.08122	1.0958	1.12508	1.11669	1.10792	1.11892	1.10816	1.10699
ERR637032	1.07225	1.06116	1.05102	1.07147	1.07373	1.0731	1.01607	1.03272	1.01066	1.01155	1.03141	1.00949	0.879654	0.872462	0.879104	0.874402	0.871096	0.8733	0.916034	0.897196	0.898143	0.927539	0.915414	0.909825	1.02047	1.01536	1.01996	1.01457	1.03249	1.01474	0.892625	0.918929	0.930852	0.899114	0.921311	0.918706	0.733635	0.747916	0.75874	0.746899	0.773401	0	0.853833	0.835187	0.835602	0.839503	0.834218	0.838469	1.06186	1.06249	1.08016	1.07814	1.06172	1.07968	1.05343	1.06454	1.06321	1.05753	1.04781	1.0651	1.0531	1.0548	1.03835	1.04903	1.03741	1.04244	1.12862	1.12791	1.1225	1.12682	1.13273	1.12918	1.07049	1.06852	1.06607	1.07225	1.08792	1.07064	1.07344	1.07341	1.0745	1.09035	1.09311	1.09354	1.05676	1.05541	1.07532	1.07623	1.0558	1.07193	1.10326	1.09427	1.0849	1.09704	1.08556	1.08402
ERR636919	1.107	1.09514	1.08615	1.1037	1.1063	1.1051	1.04697	1.0625	1.04217	1.043	1.06097	1.04164	0.907844	0.901377	0.907133	0.901518	0.898289	0.900528	0.914525	0.900635	0.901281	0.92901	0.914132	0.911457	1.05501	1.05151	1.05583	1.05048	1.06608	1.05065	0.88554	0.90825	0.919057	0.892476	0.909635	0.907514	0.852132	0.858043	0.867352	0.857654	0.875597	0.853833	0	0.76143	0.762098	0.76247	0.761284	0.763947	1.09582	1.09643	1.11348	1.11158	1.09605	1.11329	1.07913	1.09098	1.08931	1.08416	1.07369	1.09136	1.08689	1.0923	1.07404	1.08324	1.07291	1.07887	1.15224	1.15172	1.14715	1.15142	1.15681	1.15275	1.09749	1.09554	1.09338	1.0989	1.11327	1.09839	1.10415	1.10412	1.10539	1.12002	1.123	1.12286	1.09202	1.09073	1.10959	1.1095	1.09109	1.10635	1.13285	1.12494	1.11743	1.12745	1.11826	1.11642
ERR636923	1.09328	1.08155	1.07221	1.09065	1.09322	1.09221	1.03364	1.04965	1.02831	1.02898	1.04796	1.02783	0.892143	0.884574	0.891072	0.885062	0.881585	0.883823	0.899848	0.883938	0.884404	0.914611	0.899674	0.89565	1.04341	1.0393	1.04378	1.03807	1.05496	1.03864	0.87161	0.896335	0.907967	0.879008	0.898069	0.895532	0.832707	0.840123	0.850863	0.839504	0.860196	0.835187	0.76143	0	0.738585	0.745475	0.738276	0.7465	1.08262	1.08299	1.10053	1.09872	1.08248	1.10056	1.06752	1.07914	1.07747	1.07219	1.06206	1.07958	1.07312	1.07794	1.05933	1.06925	1.05849	1.06435	1.14115	1.14052	1.13538	1.13999	1.14562	1.14152	1.08392	1.08186	1.07952	1.0853	1.10041	1.08464	1.09018	1.09018	1.09137	1.10666	1.10979	1.10989	1.07823	1.07651	1.09625	1.09638	1.07692	1.09259	1.12074	1.11239	1.10467	1.11504	1.10504	1.10362
ERR636924	1.09409	1.08203	1.07265	1.09097	1.09372	1.09289	1.03361	1.04963	1.02856	1.02929	1.04809	1.02793	0.892345	0.884969	0.891226	0.885421	0.882238	0.88442	0.900388	0.884237	0.884574	0.915009	0.899882	0.89632	1.04395	1.03983	1.04444	1.0388	1.05522	1.03883	0.872318	0.896702	0.908299	0.878873	0.898397	0.895752	0.833486	0.840775	0.851227	0.840243	0.860214	0.835602	0.762098	0.738585	0	0.746121	0.738693	0.747462	1.08263	1.08327	1.10076	1.09903	1.08282	1.10074	1.06793	1.07928	1.07796	1.07245	1.06229	1.07964	1.07355	1.07795	1.06027	1.06969	1.05907	1.06464	1.14112	1.14047	1.1357	1.13995	1.14552	1.14169	1.08421	1.08216	1.07988	1.08585	1.1007	1.08467	1.09028	1.09069	1.09167	1.1069	1.10973	1.10999	1.07852	1.07683	1.09613	1.09647	1.07716	1.09292	1.12107	1.11284	1.10481	1.11533	1.10542	1.10384
ERR636920	1.09618	1.08362	1.07399	1.09208	1.09482	1.09385	1.03524	1.05112	1.03031	1.03101	1.05018	1.02972	0.896453	0.888926	0.895481	0.889466	0.885645	0.888106	0.902867	0.88823	0.888096	0.919494	0.902626	0.899818	1.04354	1.0404	1.04464	1.03944	1.05527	1.03953	0.871459	0.896616	0.908552	0.879881	0.898128	0.896011	0.837414	0.843503	0.854541	0.84311	0.864512	0.839503	0.76247	0.745475	0.746121	0	0.745693	0.749238	1.08407	1.08437	1.10209	1.10049	1.08379	1.1025	1.06892	1.08159	1.08022	1.07462	1.06344	1.08201	1.07444	1.08114	1.06088	1.07088	1.05969	1.06629	1.1428	1.14247	1.13746	1.14208	1.14755	1.1434	1.08604	1.08375	1.08123	1.0875	1.10254	1.08712	1.09301	1.09302	1.0943	1.10972	1.11266	1.11244	1.0804	1.07891	1.09899	1.09844	1.07922	1.09533	1.12201	1.11403	1.10657	1.11674	1.10721	1.10583
ERR636922	1.09289	1.08097	1.07182	1.09017	1.09259	1.09172	1.03306	1.04926	1.0278	1.02864	1.04765	1.02708	0.891927	0.884626	0.890687	0.884754	0.881344	0.883963	0.899397	0.883573	0.884094	0.914547	0.899586	0.895639	1.04274	1.03852	1.04346	1.03774	1.05432	1.03801	0.871446	0.896479	0.907815	0.87846	0.897738	0.895321	0.832057	0.839774	0.849987	0.839124	0.859511	0.834218	0.761284	0.738276	0.738693	0.745693	0	0.746838	1.08172	1.08222	1.09993	1.09828	1.08169	1.09968	1.06724	1.07894	1.07766	1.07201	1.06178	1.07959	1.07243	1.07709	1.05905	1.06861	1.05808	1.06367	1.14052	1.13992	1.13501	1.13935	1.14506	1.14102	1.08329	1.08141	1.07919	1.08483	1.09996	1.08421	1.08971	1.08991	1.09105	1.1061	1.10949	1.10925	1.07743	1.07595	1.09553	1.09563	1.07625	1.09221	1.12019	1.11186	1.10379	1.11451	1.10462	1.10297
ERR636921	1.09626	1.08452	1.07535	1.09331	1.09624	1.09542	1.03547	1.05142	1.03039	1.03109	1.04988	1.0298	0.895196	0.888159	0.894308	0.888556	0.885177	0.887723	0.904761	0.889005	0.889769	0.918622	0.904522	0.900701	1.04493	1.04113	1.04561	1.04032	1.05631	1.04034	0.874942	0.899098	0.910866	0.881852	0.900521	0.898525	0.836447	0.843384	0.853567	0.843183	0.862356	0.838469	0.763947	0.7465	0.747462	0.749238	0.746838	0	1.08512	1.08569	1.1031	1.10121	1.08533	1.10306	1.06902	1.08061	1.07922	1.07369	1.06347	1.0811	1.07598	1.08027	1.06262	1.07241	1.06153	1.06704	1.14301	1.1424	1.13748	1.14186	1.1474	1.14357	1.08653	1.08467	1.0822	1.08796	1.10323	1.08728	1.09254	1.09282	1.09393	1.10917	1.11196	1.11193	1.08099	1.07943	1.09882	1.09879	1.07977	1.09536	1.12317	1.11491	1.10692	1.11738	1.10753	1.10593
ERR607490	0.933519	0.915392	0.902976	0.929931	0.933777	0.932435	0.982945	1.00058	0.977879	0.977509	1.00112	0.97677	1.07209	1.06486	1.07069	1.06736	1.06393	1.06639	1.04196	1.02863	1.02792	1.05346	1.0413	1.03691	0.978884	0.977078	0.980788	0.976762	0.994043	0.976532	1.07717	1.09781	1.10723	1.0846	1.0994	1.09793	1.05994	1.06748	1.07879	1.06616	1.0868	1.06186	1.09582	1.08262	1.08263	1.08407	1.08172	1.08512	0	0.764087	0.803861	0.798628	0.763973	0.803781	0.991348	1.00812	1.00766	1.00169	0.983592	1.00924	0.911678	0.917142	0.891898	0.905675	0.890608	0.897764	1.0199	1.01938	1.01242	1.0194	1.02632	1.02055	0.930497	0.927523	0.924386	0.933346	0.952727	0.929682	0.917297	0.918561	0.919062	0.941742	0.946655	0.945501	0.897548	0.894805	0.922768	0.924097	0.89526	0.919626	0.958016	0.945991	0.936009	0.950211	0.936103	0.934583
