	ERR636646	ERR636648	ERR636643	ERR636645	ERR636647	ERR636644	ERR608871	ERR608872	ERR608875	ERR608873	ERR608876	ERR608874	ERR612225	ERR612224	ERR612221	ERR612223	ERR612226	ERR612222	ERR613933	ERR613931	ERR613932	ERR613928	ERR613930	ERR613929	ERR607715	ERR607716	ERR607711	ERR607712	ERR607714	ERR607713	ERR629879	ERR629876	ERR629878	ERR629875	ERR629874	ERR629877	ERR636946	ERR636947	ERR636943	ERR636948	ERR636945	ERR636944	ERR626870	ERR626867	ERR626868	ERR626872	ERR626869	ERR626871	ERR618483	ERR618484	ERR618485	ERR618486	ERR618487	ERR618488	ERR616833	ERR616831	ERR616832	ERR616829	ERR616830	ERR616834	ERR616937	ERR616940	ERR616939	ERR616938	ERR616942	ERR616941	ERR626517	ERR626516	ERR626521	ERR626519	ERR626520	ERR626518	ERR608700	ERR608696	ERR608699	ERR608697	ERR608695	ERR608698	ERR630268	ERR630269	ERR630267	ERR630270	ERR630266	ERR630271	ERR626749	ERR626748	ERR626752	ERR626751	ERR626747	ERR626750	ERR617501	ERR617499	ERR617504	ERR617500	ERR617502	ERR617503
ERR636646	0	0.777011	0.777162	0.81076	0.788291	0.788456	1.04379	1.00486	1.02688	0.995178	1.02948	1.02524	1.02853	1.00719	0.983462	0.988356	1.00946	0.989742	0.911783	0.912292	0.911129	0.901508	0.937173	0.911057	0.936534	0.934609	0.954336	0.943129	0.937455	0.943533	1.11251	1.09993	1.11372	1.11157	1.09877	1.11233	0.940924	0.940871	0.955508	0.940449	0.947807	0.947054	0.955512	0.92948	0.937042	0.928243	0.935796	0.956614	1.0498	1.06253	1.05505	1.06314	1.05995	1.06334	1.06462	1.047	1.06561	1.05295	1.05329	1.06413	1.04903	1.05953	1.03971	1.04781	1.05919	1.06106	1.06903	1.05902	1.07029	1.07142	1.06974	1.08501	1.08481	1.08416	1.08489	1.07933	1.11982	1.08473	1.05015	1.05746	1.04612	1.05268	1.03833	1.06073	1.05192	1.05303	1.05524	1.05375	1.04916	1.05421	1.06137	1.06538	1.07966	1.06098	1.07301	1.0684
ERR636648	0.777011	0	0.760183	0.797258	0.777146	0.773156	1.02958	0.988757	1.01325	0.979005	1.016	1.0116	1.01634	0.993898	0.967732	0.972969	0.996078	0.974279	0.896447	0.896987	0.89644	0.884807	0.922864	0.895917	0.920322	0.918201	0.940376	0.928793	0.921505	0.927912	1.10106	1.08852	1.10185	1.10027	1.08715	1.10035	0.924518	0.924116	0.94042	0.923477	0.931291	0.931686	0.944013	0.913849	0.922293	0.913156	0.92144	0.945252	1.03515	1.04878	1.041	1.04997	1.04648	1.04994	1.0517	1.03339	1.05264	1.03943	1.04019	1.05119	1.03378	1.04495	1.02472	1.03322	1.0449	1.0464	1.05599	1.0454	1.05797	1.05884	1.05725	1.07264	1.07245	1.07204	1.07253	1.06696	1.10814	1.07199	1.03649	1.04416	1.03188	1.03909	1.02313	1.04743	1.03779	1.03867	1.04136	1.03978	1.03436	1.04016	1.04951	1.05296	1.06831	1.04882	1.0616	1.05675
ERR636643	0.777162	0.760183	0	0.794973	0.77785	0.770525	1.0304	0.989113	1.01324	0.979231	1.01639	1.01161	1.01599	0.993678	0.967252	0.972675	0.995749	0.974048	0.896313	0.897304	0.896676	0.885037	0.923446	0.895985	0.920853	0.918588	0.940724	0.928802	0.921974	0.928533	1.10052	1.08813	1.10172	1.09994	1.08657	1.10034	0.92481	0.924324	0.940923	0.923832	0.93193	0.931823	0.944054	0.913932	0.922761	0.913521	0.921681	0.945479	1.03502	1.04864	1.04065	1.04983	1.04617	1.04966	1.05149	1.0331	1.05266	1.03927	1.04002	1.05117	1.03409	1.04549	1.02464	1.0334	1.04515	1.04689	1.05579	1.04507	1.05731	1.05852	1.05692	1.07228	1.07219	1.07146	1.07229	1.06644	1.10837	1.07193	1.03611	1.04398	1.03162	1.03877	1.02284	1.04728	1.03726	1.03834	1.04097	1.03947	1.03431	1.04006	1.04902	1.05265	1.06814	1.04847	1.06125	1.05651
ERR636645	0.81076	0.797258	0.794973	0	0.811075	0.803409	1.04822	1.01428	1.03614	1.00607	1.03867	1.03459	1.03683	1.01735	0.995402	0.999035	1.01935	0.999568	0.925485	0.926114	0.925286	0.915976	0.945117	0.924369	0.946521	0.944993	0.964144	0.954856	0.947432	0.953414	1.12259	1.11344	1.12356	1.12336	1.11221	1.12252	0.951801	0.951243	0.965642	0.951294	0.957536	0.958933	0.97116	0.94438	0.9506	0.943763	0.950606	0.971936	1.05827	1.0699	1.06353	1.07258	1.06948	1.07291	1.06917	1.05474	1.06984	1.05925	1.06076	1.06894	1.05618	1.06566	1.04884	1.05701	1.06579	1.06676	1.0801	1.0709	1.08218	1.08324	1.08163	1.09325	1.09629	1.09555	1.09671	1.09225	1.12639	1.09657	1.05638	1.06284	1.05227	1.05875	1.04504	1.06507	1.06175	1.06204	1.06597	1.06414	1.05913	1.06455	1.07503	1.07666	1.09112	1.0747	1.08634	1.08186
ERR636647	0.788291	0.777146	0.77785	0.811075	0	0.789129	1.04284	1.00362	1.02553	0.994072	1.02847	1.02417	1.02751	1.00688	0.98288	0.987771	1.00855	0.989102	0.910834	0.911833	0.910955	0.901367	0.936823	0.911343	0.9364	0.934169	0.954023	0.943134	0.937244	0.943339	1.11219	1.09967	1.11312	1.11104	1.09821	1.11192	0.940652	0.940347	0.955108	0.940178	0.947117	0.946615	0.955389	0.929088	0.936973	0.928228	0.935875	0.957087	1.04914	1.0623	1.05471	1.0626	1.05948	1.06277	1.06435	1.04683	1.06548	1.05294	1.05289	1.06393	1.0483	1.05921	1.03919	1.04696	1.0591	1.06044	1.06861	1.05849	1.06974	1.07078	1.06939	1.0848	1.08414	1.08357	1.0842	1.07862	1.11904	1.08395	1.04979	1.05716	1.0457	1.05207	1.03781	1.06067	1.05116	1.05274	1.05446	1.05324	1.04849	1.05374	1.06055	1.0646	1.07888	1.06025	1.072	1.06787
ERR636644	0.788456	0.773156	0.770525	0.803409	0.789129	0	1.03788	0.998981	1.02228	0.989654	1.02468	1.02031	1.02421	1.00307	0.978574	0.98327	1.00521	0.984547	0.907943	0.908577	0.907726	0.897132	0.932627	0.907077	0.931242	0.928947	0.949796	0.938931	0.932145	0.938391	1.10927	1.09752	1.11027	1.10879	1.0962	1.10923	0.93562	0.934832	0.950289	0.93444	0.942061	0.941852	0.953554	0.92537	0.933094	0.924767	0.932064	0.954663	1.04353	1.05648	1.04928	1.05816	1.05474	1.05832	1.05816	1.04122	1.05943	1.04695	1.04779	1.05806	1.04211	1.05267	1.03316	1.04173	1.05278	1.05419	1.0652	1.05513	1.06689	1.06823	1.06643	1.08075	1.08124	1.08058	1.08145	1.07621	1.11544	1.08122	1.04379	1.05094	1.03956	1.0462	1.03111	1.05395	1.04656	1.04782	1.05049	1.04899	1.0438	1.04958	1.05816	1.06138	1.07621	1.05758	1.06998	1.06528
ERR608871	1.04379	1.02958	1.0304	1.04822	1.04284	1.03788	0	0.814688	0.83196	0.813233	0.834163	0.830222	1.00556	0.987012	0.970727	0.97202	0.989184	0.971397	0.997271	0.999033	0.998554	0.990532	1.00864	0.995881	0.960412	0.959757	0.97303	0.968788	0.960841	0.96609	1.15146	1.14646	1.15259	1.15446	1.1452	1.15171	0.932856	0.931946	0.945705	0.931639	0.938141	0.940793	1.01491	0.982053	0.989439	0.981487	0.989077	1.01502	1.12857	1.1376	1.13204	1.14125	1.13853	1.14031	1.14807	1.13586	1.14862	1.13987	1.14187	1.14763	1.1285	1.13596	1.12321	1.13025	1.13557	1.13567	1.09123	1.08632	1.09454	1.09552	1.0945	1.09903	1.13497	1.1342	1.13516	1.13138	1.15668	1.13518	1.13616	1.14287	1.13186	1.13969	1.12361	1.14403	1.12675	1.12703	1.13043	1.12909	1.12497	1.1298	1.14776	1.14815	1.15955	1.14779	1.15691	1.15404
ERR608872	1.00486	0.988757	0.989113	1.01428	1.00362	0.998981	0.814688	0	0.804886	0.772306	0.807307	0.802154	0.97211	0.948942	0.926473	0.930014	0.950882	0.929939	0.955004	0.956989	0.955821	0.946556	0.973203	0.9538	0.920562	0.918903	0.935849	0.927921	0.920591	0.926709	1.12126	1.11257	1.12223	1.12258	1.1108	1.12116	0.887443	0.886879	0.903749	0.885684	0.893367	0.895036	0.970312	0.932742	0.942755	0.932913	0.941892	0.970669	1.09557	1.10711	1.09999	1.10893	1.10579	1.10819	1.11996	1.10363	1.12048	1.10924	1.1102	1.11881	1.0969	1.10664	1.08971	1.09729	1.10597	1.10626	1.05455	1.04763	1.05745	1.05851	1.05747	1.06579	1.10187	1.10107	1.10181	1.09662	1.13082	1.10167	1.105	1.11292	1.10052	1.10865	1.09018	1.11553	1.09328	1.09415	1.09667	1.09578	1.09095	1.09623	1.1139	1.11598	1.12875	1.11412	1.12443	1.1211
ERR608875	1.02688	1.01325	1.01324	1.03614	1.02553	1.02228	0.83196	0.804886	0	0.799784	0.819477	0.81527	0.994816	0.974286	0.955286	0.958038	0.976425	0.958192	0.981176	0.983505	0.982129	0.97398	0.997702	0.980393	0.947484	0.946134	0.960445	0.953537	0.947569	0.952703	1.14042	1.13186	1.14151	1.14145	1.13036	1.14037	0.917757	0.917658	0.93169	0.916783	0.92341	0.924277	0.99383	0.961102	0.970239	0.961579	0.969441	0.994356	1.11809	1.12873	1.12179	1.13048	1.1273	1.12945	1.14045	1.12513	1.14112	1.13096	1.13151	1.13977	1.11924	1.12796	1.1121	1.11951	1.12758	1.12784	1.07854	1.07235	1.08089	1.08222	1.08086	1.08916	1.12208	1.1219	1.12223	1.11778	1.14977	1.12217	1.12724	1.13433	1.1231	1.13031	1.11355	1.13696	1.11536	1.11643	1.11844	1.11755	1.11338	1.118	1.13421	1.13615	1.14788	1.13431	1.14389	1.14092
ERR608873	0.995178	0.979005	0.979231	1.00607	0.994072	0.989654	0.813233	0.772306	0.799784	0	0.803116	0.797328	0.965044	0.940362	0.916841	0.920851	0.943093	0.921063	0.94461	0.946811	0.946175	0.936045	0.965477	0.944093	0.911529	0.910098	0.927653	0.918999	0.911759	0.917963	1.11382	1.104	1.11522	1.11519	1.10231	1.11387	0.876794	0.876356	0.893586	0.875161	0.883255	0.884351	0.959101	0.921051	0.931558	0.921145	0.930522	0.959601	1.08754	1.09977	1.0922	1.10153	1.09811	1.10036	1.11336	1.09552	1.11407	1.10209	1.10248	1.11231	1.08955	1.09989	1.08167	1.08932	1.09925	1.09958	1.04591	1.03869	1.04879	1.04992	1.04858	1.05861	1.09374	1.09314	1.09367	1.08843	1.12522	1.09357	1.09782	1.10592	1.09337	1.10151	1.08237	1.10896	1.08529	1.0863	1.08847	1.08763	1.0828	1.08811	1.10575	1.10809	1.12138	1.1059	1.11643	1.11321
ERR608876	1.02948	1.016	1.01639	1.03867	1.02847	1.02468	0.834163	0.807307	0.819477	0.803116	0	0.817738	0.997495	0.977315	0.958654	0.961502	0.979732	0.961717	0.985553	0.987122	0.98634	0.978014	1.0017	0.984909	0.952103	0.950807	0.964713	0.958378	0.952219	0.957234	1.14209	1.13355	1.14277	1.14313	1.13214	1.1419	0.922333	0.922148	0.935886	0.921508	0.92785	0.928992	0.997689	0.965356	0.974273	0.96535	0.973544	0.997934	1.11938	1.13012	1.12338	1.13144	1.12866	1.13064	1.1418	1.12647	1.14214	1.13207	1.13288	1.14076	1.12077	1.12965	1.11388	1.12073	1.12903	1.12943	1.08066	1.07465	1.08329	1.08421	1.08289	1.09085	1.1239	1.12342	1.12411	1.11917	1.15146	1.12384	1.12856	1.13527	1.12427	1.13161	1.11514	1.13807	1.11694	1.11772	1.11984	1.11902	1.11484	1.11913	1.13514	1.13724	1.14901	1.13527	1.14489	1.14203
ERR608874	1.02524	1.0116	1.01161	1.03459	1.02417	1.02031	0.830222	0.802154	0.81527	0.797328	0.817738	0	0.993426	0.973014	0.953354	0.956377	0.97491	0.957026	0.97958	0.981168	0.980696	0.972215	0.996463	0.978914	0.946274	0.945185	0.95957	0.952839	0.946284	0.951852	1.13892	1.13027	1.13991	1.14004	1.1287	1.13871	0.916366	0.915824	0.929873	0.91508	0.921742	0.922516	0.992573	0.959715	0.968582	0.959565	0.968073	0.993022	1.11616	1.12691	1.1201	1.12834	1.1254	1.12756	1.1388	1.12344	1.13941	1.12922	1.12956	1.13785	1.11787	1.12668	1.11087	1.11796	1.12599	1.12643	1.07671	1.07063	1.07924	1.0803	1.07925	1.08737	1.12087	1.12026	1.12086	1.11617	1.14843	1.12054	1.12552	1.13242	1.12117	1.12868	1.11212	1.13523	1.11387	1.11487	1.11681	1.11613	1.11168	1.11604	1.13239	1.13454	1.14619	1.13257	1.14216	1.13914
ERR612225	1.02853	1.01634	1.01599	1.03683	1.02751	1.02421	1.00556	0.97211	0.994816	0.965044	0.997495	0.993426	0	0.819893	0.804856	0.807266	0.822464	0.807504	0.966568	0.968563	0.967611	0.961151	0.981264	0.966037	0.943871	0.942228	0.954419	0.948595	0.9436	0.947522	1.09183	1.08317	1.09298	1.09312	1.08213	1.09184	0.927448	0.926473	0.938403	0.926791	0.931706	0.933036	0.982642	0.950959	0.959424	0.950732	0.958185	0.983876	1.07321	1.08402	1.07765	1.08514	1.08198	1.08476	1.09646	1.07909	1.09776	1.08546	1.08606	1.09536	1.07897	1.0879	1.07122	1.07867	1.08753	1.08755	1.01218	1.0066	1.01351	1.0148	1.01352	1.02159	1.07363	1.07264	1.07307	1.06839	1.10325	1.07262	1.08495	1.09248	1.08032	1.08741	1.07007	1.09545	1.07824	1.07903	1.08135	1.08012	1.07608	1.08071	1.0879	1.08998	1.10192	1.08733	1.0975	1.09371
ERR612224	1.00719	0.993898	0.993678	1.01735	1.00688	1.00307	0.987012	0.948942	0.974286	0.940362	0.977315	0.973014	0.819893	0	0.769953	0.773568	0.794566	0.774051	0.942893	0.945546	0.944826	0.93709	0.960666	0.94264	0.920411	0.918897	0.93392	0.926901	0.921031	0.92506	1.07356	1.06433	1.07508	1.07512	1.06266	1.07382	0.902951	0.902296	0.916066	0.901773	0.908397	0.909309	0.960782	0.924906	0.934524	0.924743	0.933307	0.961738	1.05118	1.06364	1.05626	1.0649	1.06081	1.06456	1.0765	1.05753	1.078	1.0644	1.06494	1.07551	1.05691	1.06696	1.04861	1.05702	1.06636	1.06696	0.989457	0.98316	0.991358	0.993061	0.9917	1.00083	1.05396	1.05283	1.05322	1.04807	1.08668	1.0532	1.0638	1.07213	1.05913	1.06689	1.04729	1.07553	1.05647	1.05731	1.05963	1.05845	1.05402	1.0589	1.0676	1.07007	1.08342	1.0669	1.07818	1.07428
ERR612221	0.983462	0.967732	0.967252	0.995402	0.98288	0.978574	0.970727	0.926473	0.955286	0.916841	0.958654	0.953354	0.804856	0.769953	0	0.738632	0.773715	0.73986	0.923817	0.926214	0.925514	0.915265	0.945916	0.923318	0.901666	0.89942	0.91775	0.908786	0.902078	0.907861	1.0535	1.04222	1.05522	1.05483	1.0405	1.0536	0.880553	0.879841	0.897583	0.879137	0.887538	0.888365	0.938497	0.898421	0.909994	0.898722	0.908408	0.939379	1.02405	1.03827	1.02992	1.0394	1.035	1.03892	1.05234	1.03075	1.05368	1.03863	1.03924	1.05114	1.03035	1.04209	1.02076	1.03019	1.04151	1.04195	0.968532	0.960144	0.970694	0.972574	0.9711	0.983255	1.03153	1.03053	1.03081	1.02509	1.06909	1.03054	1.03771	1.04669	1.03221	1.04089	1.01928	1.0508	1.0293	1.03061	1.0332	1.03178	1.02639	1.03238	1.04219	1.04514	1.06011	1.04153	1.05414	1.04991
ERR612223	0.988356	0.972969	0.972675	0.999035	0.987771	0.98327	0.97202	0.930014	0.958038	0.920851	0.961502	0.956377	0.807266	0.773568	0.738632	0	0.777222	0.744288	0.92738	0.929449	0.928902	0.91917	0.947701	0.926483	0.904324	0.902649	0.920433	0.912269	0.90507	0.910515	1.05774	1.04785	1.05937	1.05964	1.04607	1.05826	0.883786	0.88286	0.900407	0.882736	0.890618	0.892206	0.944012	0.904441	0.915136	0.90433	0.913445	0.944779	1.03002	1.04347	1.03557	1.04503	1.04106	1.04454	1.05707	1.03682	1.05843	1.04415	1.04488	1.05583	1.03585	1.04684	1.02704	1.03591	1.04618	1.04649	0.973573	0.965941	0.976162	0.977444	0.975823	0.987191	1.03676	1.03552	1.03608	1.03069	1.0719	1.03626	1.04302	1.0518	1.03734	1.04594	1.02498	1.05565	1.03499	1.0362	1.03918	1.03784	1.0326	1.03833	1.04824	1.05092	1.06577	1.04756	1.06019	1.05563
ERR612226	1.00946	0.996078	0.995749	1.01935	1.00855	1.00521	0.989184	0.950882	0.976425	0.943093	0.979732	0.97491	0.822464	0.794566	0.773715	0.777222	0	0.777756	0.945765	0.947995	0.947485	0.939587	0.963359	0.945481	0.923098	0.92148	0.936217	0.929487	0.923402	0.928124	1.0755	1.06638	1.07703	1.07717	1.06461	1.07549	0.904927	0.904327	0.91864	0.904214	0.910324	0.91143	0.962304	0.927142	0.936701	0.927245	0.935465	0.963273	1.05352	1.06581	1.05853	1.06705	1.06305	1.06638	1.07893	1.05998	1.08047	1.0671	1.06746	1.07793	1.0595	1.06951	1.05121	1.05948	1.06921	1.06934	0.991646	0.985801	0.993713	0.99528	0.993892	1.00321	1.05535	1.05453	1.05476	1.04974	1.08794	1.05493	1.06626	1.07435	1.06148	1.06928	1.05021	1.07779	1.05855	1.05935	1.06191	1.06068	1.05608	1.06104	1.06938	1.07218	1.08531	1.06873	1.08021	1.07635
ERR612222	0.989742	0.974279	0.974048	0.999568	0.989102	0.984547	0.971397	0.929939	0.958192	0.921063	0.961717	0.957026	0.807504	0.774051	0.73986	0.744288	0.777756	0	0.928415	0.930658	0.929789	0.920173	0.947848	0.927424	0.904429	0.902934	0.920608	0.912675	0.905255	0.910946	1.05808	1.04874	1.05984	1.06008	1.04697	1.05838	0.884202	0.883216	0.900631	0.882603	0.890647	0.892398	0.945424	0.904855	0.915755	0.905162	0.914655	0.945996	1.02897	1.04226	1.03472	1.04437	1.04027	1.04413	1.05588	1.03583	1.05698	1.0429	1.04394	1.05447	1.03436	1.04518	1.02579	1.03509	1.04505	1.04506	0.972982	0.965316	0.975772	0.977611	0.975969	0.985981	1.03658	1.03549	1.0361	1.03091	1.07139	1.03626	1.04188	1.0507	1.0365	1.04516	1.024	1.05406	1.03461	1.03516	1.03899	1.03717	1.03198	1.03783	1.04862	1.05101	1.06576	1.04818	1.0605	1.05604
ERR613933	0.911783	0.896447	0.896313	0.925485	0.910834	0.907943	0.997271	0.955004	0.981176	0.94461	0.985553	0.97958	0.966568	0.942893	0.923817	0.92738	0.945765	0.928415	0	0.768567	0.767978	0.760697	0.79712	0.769872	0.852476	0.851257	0.869676	0.860641	0.853154	0.858579	1.09851	1.088	1.09979	1.09918	1.08588	1.09865	0.87643	0.87587	0.889866	0.874653	0.881534	0.88191	0.900939	0.864448	0.874433	0.863749	0.873383	0.902215	1.08349	1.09546	1.08797	1.09602	1.09254	1.09528	1.11298	1.09424	1.11403	1.10114	1.10129	1.11197	1.09062	1.1012	1.08234	1.08992	1.10017	1.10104	1.01671	1.0104	1.01832	1.01983	1.01812	1.02923	1.07323	1.07236	1.07282	1.06706	1.10719	1.07278	1.09667	1.10471	1.09239	1.10008	1.08148	1.10848	1.0759	1.07693	1.07894	1.07836	1.07299	1.07846	1.09755	1.10047	1.11338	1.09746	1.10772	1.10426
ERR613931	0.912292	0.896987	0.897304	0.926114	0.911833	0.908577	0.999033	0.956989	0.983505	0.946811	0.987122	0.981168	0.968563	0.945546	0.926214	0.929449	0.947995	0.930658	0.768567	0	0.768217	0.760508	0.797388	0.77034	0.853758	0.852041	0.870831	0.861747	0.854094	0.859767	1.09933	1.08846	1.10059	1.09954	1.08652	1.09905	0.878886	0.877791	0.892411	0.877142	0.883683	0.883738	0.902473	0.866133	0.876097	0.865467	0.875354	0.903486	1.0842	1.09624	1.08861	1.09676	1.0929	1.09576	1.11376	1.09499	1.11482	1.10207	1.10182	1.11274	1.09155	1.10201	1.08283	1.09065	1.1009	1.10192	1.01768	1.01144	1.01919	1.02061	1.01915	1.03028	1.07377	1.07299	1.07349	1.06781	1.10802	1.07334	1.0977	1.10532	1.09312	1.10073	1.08235	1.1094	1.07655	1.07763	1.07965	1.07895	1.07403	1.07893	1.098	1.10075	1.11382	1.09802	1.10809	1.10447
ERR613932	0.911129	0.89644	0.896676	0.925286	0.910955	0.907726	0.998554	0.955821	0.982129	0.946175	0.98634	0.980696	0.967611	0.944826	0.925514	0.928902	0.947485	0.929789	0.767978	0.768217	0	0.760172	0.797015	0.769439	0.853065	0.85162	0.870404	0.861168	0.853876	0.858654	1.09872	1.08771	1.10003	1.09871	1.08591	1.09838	0.877689	0.877227	0.891669	0.876375	0.883004	0.88341	0.901974	0.864944	0.87542	0.864423	0.873824	0.903021	1.08379	1.09575	1.08809	1.09604	1.09248	1.09519	1.11323	1.09437	1.1141	1.10149	1.10128	1.11222	1.09092	1.10131	1.08225	1.08988	1.1002	1.10117	1.01702	1.01049	1.01874	1.02003	1.01852	1.02953	1.07362	1.07273	1.07319	1.06722	1.10766	1.0731	1.0967	1.1047	1.09245	1.10012	1.08153	1.10856	1.0759	1.07703	1.07901	1.07821	1.07315	1.07868	1.09766	1.10039	1.11324	1.09739	1.1076	1.10411
ERR613928	0.901508	0.884807	0.885037	0.915976	0.901367	0.897132	0.990532	0.946556	0.97398	0.936045	0.978014	0.972215	0.961151	0.93709	0.915265	0.91917	0.939587	0.920173	0.760697	0.760508	0.760172	0	0.78586	0.755824	0.844154	0.842533	0.863457	0.853296	0.844851	0.851138	1.09066	1.08001	1.09239	1.0915	1.07809	1.09084	0.868729	0.86787	0.883643	0.866804	0.874263	0.874976	0.894917	0.85544	0.866428	0.854963	0.864975	0.895815	1.07285	1.08538	1.07755	1.08593	1.08215	1.08512	1.10372	1.08386	1.10438	1.09114	1.09133	1.1023	1.07987	1.09083	1.07127	1.07911	1.08982	1.09079	1.00939	1.00211	1.01119	1.01275	1.01119	1.02317	1.06517	1.06421	1.06451	1.0587	1.10035	1.06449	1.08632	1.09446	1.08174	1.08978	1.07033	1.09863	1.06525	1.06644	1.06849	1.06772	1.06236	1.06789	1.08799	1.09085	1.10414	1.08793	1.09875	1.09489
ERR613930	0.937173	0.922864	0.923446	0.945117	0.936823	0.932627	1.00864	0.973203	0.997702	0.965477	1.0017	0.996463	0.981264	0.960666	0.945916	0.947701	0.963359	0.947848	0.79712	0.797388	0.797015	0.78586	0	0.792237	0.870157	0.868895	0.885005	0.878602	0.870766	0.875256	1.11577	1.10858	1.11722	1.11767	1.10684	1.11612	0.895863	0.895221	0.907464	0.894784	0.89992	0.90166	0.924228	0.889742	0.897457	0.889083	0.897505	0.924881	1.10262	1.11268	1.10644	1.11498	1.1116	1.11413	1.12813	1.11266	1.12887	1.11835	1.11926	1.12737	1.1081	1.11695	1.10154	1.10878	1.11617	1.1169	1.03527	1.03051	1.03735	1.03866	1.03754	1.04355	1.09234	1.09125	1.09216	1.08768	1.12085	1.09217	1.11418	1.12095	1.10962	1.11728	1.09988	1.12369	1.0965	1.09674	1.09976	1.09871	1.09371	1.09923	1.11876	1.12012	1.13233	1.11879	1.12825	1.12524
ERR613929	0.911057	0.895917	0.895985	0.924369	0.911343	0.907077	0.995881	0.9538	0.980393	0.944093	0.984909	0.978914	0.966037	0.94264	0.923318	0.926483	0.945481	0.927424	0.769872	0.77034	0.769439	0.755824	0.792237	0	0.850985	0.849484	0.868678	0.859581	0.851301	0.857146	1.09798	1.08767	1.09913	1.09853	1.08565	1.09802	0.876139	0.874893	0.889675	0.874249	0.88093	0.881534	0.901718	0.864215	0.874177	0.86369	0.873204	0.903004	1.08165	1.09347	1.08622	1.09456	1.09083	1.0937	1.11095	1.09252	1.11178	1.09925	1.09942	1.10989	1.08874	1.09887	1.08031	1.08805	1.09787	1.09845	1.01607	1.00977	1.01827	1.01959	1.01807	1.02825	1.07272	1.07156	1.07206	1.06673	1.10605	1.07192	1.09431	1.10246	1.09022	1.09789	1.07915	1.10602	1.07415	1.07526	1.07753	1.07691	1.07155	1.07694	1.09679	1.09952	1.11229	1.09646	1.10699	1.10352
ERR607715	0.936534	0.920322	0.920853	0.946521	0.9364	0.931242	0.960412	0.920562	0.947484	0.911529	0.952103	0.946274	0.943871	0.920411	0.901666	0.904324	0.923098	0.904429	0.852476	0.853758	0.853065	0.844154	0.870157	0.850985	0	0.767465	0.791825	0.782955	0.770096	0.780018	1.09831	1.08893	1.09999	1.09984	1.08694	1.09826	0.852766	0.852331	0.866653	0.851282	0.858242	0.859883	0.920873	0.882356	0.892737	0.882047	0.891704	0.921062	1.08063	1.0924	1.08499	1.09419	1.09049	1.09332	1.10443	1.08606	1.10536	1.09277	1.09335	1.10363	1.08467	1.09468	1.07675	1.08474	1.09382	1.09476	1.02068	1.01431	1.02323	1.02459	1.02298	1.03228	1.07378	1.07268	1.07327	1.06781	1.10579	1.07312	1.09155	1.09944	1.08717	1.09503	1.07632	1.10283	1.07467	1.0753	1.07818	1.07734	1.07224	1.07768	1.10041	1.10251	1.11595	1.10052	1.11074	1.10738
ERR607716	0.934609	0.918201	0.918588	0.944993	0.934169	0.928947	0.959757	0.918903	0.946134	0.910098	0.950807	0.945185	0.942228	0.918897	0.89942	0.902649	0.92148	0.902934	0.851257	0.852041	0.85162	0.842533	0.868895	0.849484	0.767465	0	0.790372	0.78102	0.768676	0.778203	1.09719	1.08712	1.09833	1.09838	1.08547	1.09679	0.851147	0.85083	0.865712	0.849958	0.856644	0.85826	0.918846	0.880778	0.890609	0.87995	0.889849	0.918897	1.07861	1.09113	1.08338	1.0927	1.08895	1.09164	1.10289	1.08432	1.10383	1.09116	1.09162	1.10173	1.08287	1.09267	1.07495	1.08279	1.09223	1.09299	1.01926	1.0126	1.0215	1.02293	1.02155	1.03063	1.07206	1.07084	1.07149	1.06572	1.1045	1.07138	1.09013	1.09785	1.08553	1.09344	1.0744	1.10158	1.07301	1.07375	1.07651	1.0756	1.0704	1.07596	1.0985	1.10069	1.11436	1.09884	1.10918	1.10586
ERR607711	0.954336	0.940376	0.940724	0.964144	0.954023	0.949796	0.97303	0.935849	0.960445	0.927653	0.964713	0.95957	0.954419	0.93392	0.91775	0.920433	0.936217	0.920608	0.869676	0.870831	0.870404	0.863457	0.885005	0.868678	0.791825	0.790372	0	0.797874	0.792102	0.796036	1.10948	1.10015	1.11117	1.11022	1.09825	1.10939	0.870344	0.870158	0.882167	0.869193	0.874738	0.875766	0.93312	0.898731	0.907977	0.89839	0.906792	0.933681	1.09524	1.10683	1.09971	1.10805	1.10466	1.10742	1.11777	1.10011	1.11844	1.10668	1.10687	1.11676	1.0992	1.10887	1.09179	1.09898	1.10797	1.10845	1.03288	1.0274	1.03507	1.03638	1.03512	1.04366	1.0856	1.08457	1.08466	1.07963	1.11638	1.08472	1.10603	1.1132	1.10162	1.10917	1.0912	1.1167	1.08922	1.09024	1.09259	1.09175	1.08673	1.0919	1.11325	1.1153	1.12784	1.11337	1.12306	1.12001
ERR607712	0.943129	0.928793	0.928802	0.954856	0.943134	0.938931	0.968788	0.927921	0.953537	0.918999	0.958378	0.952839	0.948595	0.926901	0.908786	0.912269	0.929487	0.912675	0.860641	0.861747	0.861168	0.853296	0.878602	0.859581	0.782955	0.78102	0.797874	0	0.783531	0.787482	1.10234	1.09171	1.1037	1.10275	1.08982	1.102	0.861409	0.861166	0.874329	0.860107	0.865918	0.866513	0.92402	0.888004	0.89777	0.887932	0.896668	0.924022	1.0867	1.09904	1.09146	1.09987	1.0961	1.09893	1.11073	1.09177	1.11159	1.09873	1.09881	1.10965	1.09082	1.10105	1.08267	1.09016	1.10037	1.10118	1.02524	1.01925	1.02715	1.02888	1.02737	1.03704	1.0777	1.07712	1.07714	1.0718	1.11093	1.07717	1.09808	1.10564	1.09365	1.10111	1.08263	1.10957	1.08014	1.08126	1.08338	1.08276	1.07757	1.08285	1.1046	1.10742	1.12037	1.10486	1.11476	1.11146
ERR607714	0.937455	0.921505	0.921974	0.947432	0.937244	0.932145	0.960841	0.920591	0.947569	0.911759	0.952219	0.946284	0.9436	0.921031	0.902078	0.90507	0.923402	0.905255	0.853154	0.854094	0.853876	0.844851	0.870766	0.851301	0.770096	0.768676	0.792102	0.783531	0	0.780337	1.09913	1.08964	1.10036	1.10052	1.08771	1.09896	0.852468	0.852376	0.866853	0.851561	0.85838	0.859731	0.920489	0.882576	0.89284	0.882342	0.89174	0.920759	1.08134	1.09359	1.08606	1.09545	1.09144	1.0944	1.10523	1.08698	1.10623	1.09378	1.09457	1.10432	1.08552	1.09538	1.07769	1.08564	1.09485	1.09554	1.02073	1.01472	1.02328	1.02469	1.02345	1.03255	1.07402	1.07305	1.07337	1.06799	1.10629	1.07324	1.09256	1.1004	1.08811	1.09585	1.07697	1.1037	1.07581	1.07659	1.07926	1.07837	1.0731	1.07865	1.10141	1.10326	1.11669	1.1014	1.11158	1.10839
ERR607713	0.943533	0.927912	0.928533	0.953414	0.943339	0.938391	0.96609	0.926709	0.952703	0.917963	0.957234	0.951852	0.947522	0.92506	0.907861	0.910515	0.928124	0.910946	0.858579	0.859767	0.858654	0.851138	0.875256	0.857146	0.780018	0.778203	0.796036	0.787482	0.780337	0	1.10297	1.09314	1.10418	1.10397	1.09112	1.10248	0.859568	0.859164	0.87266	0.858177	0.86444	0.865853	0.924765	0.887706	0.897641	0.887624	0.897088	0.924957	1.08643	1.09821	1.09123	1.10001	1.09628	1.09889	1.10955	1.09141	1.11038	1.09807	1.09886	1.10852	1.09031	1.1001	1.08219	1.09032	1.09922	1.10004	1.02471	1.01898	1.02714	1.02872	1.02744	1.03589	1.07814	1.07717	1.07748	1.07231	1.11006	1.07745	1.09741	1.10498	1.09292	1.1009	1.08214	1.10833	1.08062	1.08114	1.08393	1.08329	1.0778	1.08351	1.10554	1.10779	1.12113	1.10579	1.1159	1.11281
ERR629879	1.11251	1.10106	1.10052	1.12259	1.11219	1.10927	1.15146	1.12126	1.14042	1.11382	1.14209	1.13892	1.09183	1.07356	1.0535	1.05774	1.0755	1.05808	1.09851	1.09933	1.09872	1.09066	1.11577	1.09798	1.09831	1.09719	1.10948	1.10234	1.09913	1.10297	0	0.863462	0.878569	0.87854	0.861593	0.876908	1.10516	1.10454	1.11564	1.10397	1.10933	1.10943	1.11099	1.08786	1.09524	1.08812	1.09351	1.11203	0.948984	0.962221	0.953453	0.96027	0.956611	0.960481	0.987513	0.966146	0.988698	0.974395	0.972504	0.98595	0.959495	0.969479	0.949592	0.957032	0.968435	0.969312	0.940777	0.931884	0.943588	0.94443	0.942864	0.957667	0.960786	0.960439	0.960331	0.954963	0.995616	0.960486	0.976245	0.985005	0.970794	0.978597	0.958671	0.990243	0.954115	0.956315	0.956534	0.956363	0.952873	0.956845	0.9691	0.971961	0.985626	0.968295	0.980163	0.976414
ERR629876	1.09993	1.08852	1.08813	1.11344	1.09967	1.09752	1.14646	1.11257	1.13186	1.104	1.13355	1.13027	1.08317	1.06433	1.04222	1.04785	1.06638	1.04874	1.088	1.08846	1.08771	1.08001	1.10858	1.08767	1.08893	1.08712	1.10015	1.09171	1.08964	1.09314	0.863462	0	0.865721	0.857778	0.835314	0.862789	1.09614	1.09547	1.10671	1.09482	1.10021	1.09931	1.09806	1.07481	1.0834	1.07551	1.08108	1.09922	0.9352	0.951005	0.940767	0.946785	0.942232	0.946675	0.978437	0.952277	0.979753	0.962987	0.959203	0.976657	0.947787	0.960237	0.935007	0.942825	0.958732	0.959683	0.925541	0.91539	0.927637	0.928734	0.926675	0.947185	0.944442	0.944596	0.943927	0.936376	0.988157	0.943857	0.964163	0.973976	0.959748	0.967071	0.945609	0.981482	0.938487	0.941652	0.940155	0.940709	0.936951	0.94068	0.952059	0.957542	0.972295	0.95141	0.964715	0.960258
ERR629878	1.11372	1.10185	1.10172	1.12356	1.11312	1.11027	1.15259	1.12223	1.14151	1.11522	1.14277	1.13991	1.09298	1.07508	1.05522	1.05937	1.07703	1.05984	1.09979	1.10059	1.10003	1.09239	1.11722	1.09913	1.09999	1.09833	1.11117	1.1037	1.10036	1.10418	0.878569	0.865721	0	0.880459	0.863364	0.877911	1.10621	1.10561	1.11715	1.10539	1.11075	1.11087	1.11236	1.08886	1.09661	1.08933	1.09494	1.11348	0.950402	0.963388	0.955304	0.961996	0.957887	0.962005	0.988285	0.96687	0.98947	0.975626	0.973396	0.986742	0.96113	0.970872	0.951166	0.958646	0.969628	0.970878	0.942192	0.933326	0.944853	0.946024	0.944369	0.958939	0.961429	0.961305	0.96102	0.955289	0.996215	0.961498	0.9775	0.986134	0.972272	0.979684	0.960143	0.991183	0.955303	0.957093	0.957976	0.957223	0.95366	0.957721	0.970608	0.973426	0.986843	0.969843	0.982052	0.977899
ERR629875	1.11157	1.10027	1.09994	1.12336	1.11104	1.10879	1.15446	1.12258	1.14145	1.11519	1.14313	1.14004	1.09312	1.07512	1.05483	1.05964	1.07717	1.06008	1.09918	1.09954	1.09871	1.0915	1.11767	1.09853	1.09984	1.09838	1.11022	1.10275	1.10052	1.10397	0.87854	0.857778	0.880459	0	0.85516	0.877663	1.10676	1.10622	1.11685	1.10557	1.11055	1.11036	1.11005	1.08746	1.09536	1.08785	1.09342	1.11093	0.950287	0.964113	0.955327	0.961318	0.957306	0.960925	0.98984	0.966795	0.991423	0.976093	0.973354	0.98843	0.961595	0.972526	0.950929	0.958043	0.971199	0.972258	0.941165	0.932024	0.943627	0.94461	0.942902	0.959719	0.959528	0.958964	0.958881	0.95246	0.997538	0.958972	0.978011	0.986837	0.973076	0.980552	0.960507	0.993495	0.953856	0.956663	0.956252	0.95632	0.952471	0.956537	0.967507	0.971836	0.985421	0.966684	0.979163	0.97498
ERR629874	1.09877	1.08715	1.08657	1.11221	1.09821	1.0962	1.1452	1.1108	1.13036	1.10231	1.13214	1.1287	1.08213	1.06266	1.0405	1.04607	1.06461	1.04697	1.08588	1.08652	1.08591	1.07809	1.10684	1.08565	1.08694	1.08547	1.09825	1.08982	1.08771	1.09112	0.861593	0.835314	0.863364	0.85516	0	0.860882	1.09425	1.09358	1.10498	1.093	1.09833	1.09755	1.09644	1.07303	1.08158	1.07365	1.07948	1.09777	0.933619	0.949602	0.939431	0.945209	0.940963	0.945437	0.976931	0.950912	0.978472	0.961682	0.957578	0.975135	0.946599	0.959238	0.933799	0.941764	0.957477	0.958793	0.923307	0.913073	0.925365	0.92622	0.924218	0.944787	0.942485	0.942551	0.941897	0.934436	0.98631	0.942111	0.963138	0.973206	0.958344	0.966001	0.944243	0.980547	0.937098	0.940108	0.938922	0.939573	0.93493	0.9396	0.950856	0.956379	0.971133	0.950019	0.963856	0.959105
ERR629877	1.11233	1.10035	1.10034	1.12252	1.11192	1.10923	1.15171	1.12116	1.14037	1.11387	1.1419	1.13871	1.09184	1.07382	1.0536	1.05826	1.07549	1.05838	1.09865	1.09905	1.09838	1.09084	1.11612	1.09802	1.09826	1.09679	1.10939	1.102	1.09896	1.10248	0.876908	0.862789	0.877911	0.877663	0.860882	0	1.10511	1.1044	1.11575	1.104	1.10898	1.10945	1.11084	1.08746	1.09468	1.0878	1.09331	1.11196	0.94872	0.961728	0.953454	0.960422	0.956357	0.960082	0.986688	0.965224	0.988095	0.973887	0.971816	0.985368	0.959521	0.969983	0.949853	0.956702	0.968709	0.969174	0.940375	0.931676	0.943313	0.944111	0.942521	0.957395	0.959736	0.959388	0.959468	0.953727	0.994952	0.959353	0.976106	0.98423	0.970756	0.978166	0.958377	0.9897	0.952903	0.954932	0.955454	0.955465	0.951388	0.955713	0.968477	0.971596	0.985665	0.967747	0.979698	0.975883
ERR636946	0.940924	0.924518	0.92481	0.951801	0.940652	0.93562	0.932856	0.887443	0.917757	0.876794	0.922333	0.916366	0.927448	0.902951	0.880553	0.883786	0.904927	0.884202	0.87643	0.878886	0.877689	0.868729	0.895863	0.876139	0.852766	0.851147	0.870344	0.861409	0.852468	0.859568	1.10516	1.09614	1.10621	1.10676	1.09425	1.10511	0	0.739166	0.762941	0.738401	0.751138	0.753445	0.882672	0.842195	0.852077	0.841433	0.851619	0.883679	1.08235	1.09416	1.08701	1.09669	1.09286	1.09557	1.10787	1.09016	1.10902	1.09645	1.09769	1.10718	1.08624	1.09633	1.07842	1.08683	1.09556	1.0966	1.02484	1.01817	1.02736	1.02914	1.02776	1.03616	1.08169	1.08089	1.08148	1.07631	1.11319	1.0815	1.09278	1.1005	1.0878	1.09612	1.07707	1.1038	1.07893	1.07959	1.08248	1.08136	1.07615	1.08165	1.1026	1.10438	1.11796	1.10271	1.11315	1.10961
ERR636947	0.940871	0.924116	0.924324	0.951243	0.940347	0.934832	0.931946	0.886879	0.917658	0.876356	0.922148	0.915824	0.926473	0.902296	0.879841	0.88286	0.904327	0.883216	0.87587	0.877791	0.877227	0.86787	0.895221	0.874893	0.852331	0.85083	0.870158	0.861166	0.852376	0.859164	1.10454	1.09547	1.10561	1.10622	1.09358	1.1044	0.739166	0	0.762719	0.737752	0.750533	0.753186	0.882685	0.841507	0.851949	0.840986	0.851272	0.883536	1.08181	1.09353	1.08629	1.09598	1.09217	1.09498	1.10751	1.08974	1.10845	1.09585	1.09709	1.10648	1.08551	1.09572	1.07785	1.0861	1.09523	1.09595	1.02425	1.01772	1.02697	1.02857	1.02727	1.03558	1.08133	1.08039	1.0812	1.07573	1.11284	1.08105	1.0921	1.0999	1.0871	1.09558	1.07635	1.10323	1.07844	1.07901	1.08199	1.08069	1.07581	1.08099	1.10196	1.10382	1.1172	1.10209	1.11252	1.10914
ERR636943	0.955508	0.94042	0.940923	0.965642	0.955108	0.950289	0.945705	0.903749	0.93169	0.893586	0.935886	0.929873	0.938403	0.916066	0.897583	0.900407	0.91864	0.900631	0.889866	0.892411	0.891669	0.883643	0.907464	0.889675	0.866653	0.865712	0.882167	0.874329	0.866853	0.87266	1.11564	1.10671	1.11715	1.11685	1.10498	1.11575	0.762941	0.762719	0	0.762205	0.767753	0.769538	0.894774	0.857935	0.866703	0.857582	0.866331	0.895517	1.0969	1.10832	1.10127	1.11012	1.10663	1.10906	1.1215	1.10439	1.12235	1.11039	1.11133	1.1206	1.10085	1.11042	1.09336	1.10113	1.10994	1.11049	1.03763	1.03199	1.04004	1.04109	1.04012	1.04815	1.09379	1.09311	1.09358	1.08863	1.12425	1.09364	1.10705	1.11438	1.10232	1.11016	1.09217	1.11765	1.09334	1.09388	1.09635	1.09563	1.09083	1.09602	1.11552	1.11745	1.12997	1.11563	1.12539	1.12216
ERR636948	0.940449	0.923477	0.923832	0.951294	0.940178	0.93444	0.931639	0.885684	0.916783	0.875161	0.921508	0.91508	0.926791	0.901773	0.879137	0.882736	0.904214	0.882603	0.874653	0.877142	0.876375	0.866804	0.894784	0.874249	0.851282	0.849958	0.869193	0.860107	0.851561	0.858177	1.10397	1.09482	1.10539	1.10557	1.093	1.104	0.738401	0.737752	0.762205	0	0.749683	0.752296	0.881775	0.840809	0.850737	0.840274	0.850335	0.882407	1.08128	1.09344	1.08598	1.09573	1.09187	1.09464	1.10735	1.0892	1.10803	1.09556	1.09679	1.10639	1.08539	1.09559	1.07761	1.08571	1.09501	1.09557	1.02375	1.01695	1.02627	1.02786	1.02627	1.03528	1.08078	1.0799	1.08045	1.07511	1.11256	1.0805	1.09162	1.09945	1.08672	1.09505	1.07569	1.10278	1.0777	1.07849	1.08145	1.08024	1.07518	1.08071	1.10143	1.10347	1.11687	1.10138	1.11202	1.10845
ERR636945	0.947807	0.931291	0.93193	0.957536	0.947117	0.942061	0.938141	0.893367	0.92341	0.883255	0.92785	0.921742	0.931706	0.908397	0.887538	0.890618	0.910324	0.890647	0.881534	0.883683	0.883004	0.874263	0.89992	0.88093	0.858242	0.856644	0.874738	0.865918	0.85838	0.86444	1.10933	1.10021	1.11075	1.11055	1.09833	1.10898	0.751138	0.750533	0.767753	0.749683	0	0.759254	0.887508	0.84823	0.85789	0.84764	0.85732	0.888037	1.08822	1.09996	1.09284	1.10225	1.09864	1.10142	1.11343	1.09596	1.11457	1.10211	1.10342	1.11234	1.09226	1.1021	1.08448	1.09259	1.10132	1.1022	1.02933	1.02309	1.03179	1.03306	1.0321	1.04008	1.08627	1.0854	1.08586	1.08094	1.1174	1.08606	1.09831	1.10636	1.0937	1.10195	1.08301	1.10925	1.08483	1.08556	1.08839	1.08716	1.08213	1.08751	1.10786	1.1095	1.12292	1.10805	1.1184	1.11498
ERR636944	0.947054	0.931686	0.931823	0.958933	0.946615	0.941852	0.940793	0.895036	0.924277	0.884351	0.928992	0.922516	0.933036	0.909309	0.888365	0.892206	0.91143	0.892398	0.88191	0.883738	0.88341	0.874976	0.90166	0.881534	0.859883	0.85826	0.875766	0.866513	0.859731	0.865853	1.10943	1.09931	1.11087	1.11036	1.09755	1.10945	0.753445	0.753186	0.769538	0.752296	0.759254	0	0.88561	0.847513	0.857467	0.847317	0.857002	0.886875	1.08946	1.10142	1.09399	1.10301	1.09924	1.10195	1.11539	1.09686	1.11649	1.1036	1.10422	1.11436	1.09381	1.10423	1.0858	1.09355	1.10346	1.10411	1.03002	1.02366	1.03224	1.03357	1.03248	1.04138	1.0866	1.08599	1.08639	1.08085	1.11914	1.08612	1.09996	1.10768	1.09544	1.1033	1.08456	1.11146	1.08568	1.08609	1.08845	1.08765	1.08267	1.08784	1.10768	1.1102	1.12324	1.10769	1.11814	1.11451
ERR626870	0.955512	0.944013	0.944054	0.97116	0.955389	0.953554	1.01491	0.970312	0.99383	0.959101	0.997689	0.992573	0.982642	0.960782	0.938497	0.944012	0.962304	0.945424	0.900939	0.902473	0.901974	0.894917	0.924228	0.901718	0.920873	0.918846	0.93312	0.92402	0.920489	0.924765	1.11099	1.09806	1.11236	1.11005	1.09644	1.11084	0.882672	0.882685	0.894774	0.881775	0.887508	0.88561	0	0.797677	0.808732	0.797338	0.807095	0.831615	1.09221	1.1051	1.09716	1.10385	1.10018	1.10246	1.11917	1.09878	1.11998	1.10703	1.10606	1.11798	1.09842	1.10858	1.08869	1.09614	1.10766	1.10848	1.04406	1.03654	1.04513	1.04642	1.04483	1.05832	1.08676	1.08683	1.08634	1.0807	1.12324	1.08627	1.10419	1.11174	1.10007	1.1073	1.08877	1.11675	1.08518	1.08702	1.08727	1.08674	1.08268	1.08688	1.10372	1.10833	1.12005	1.10413	1.11406	1.11085
ERR626867	0.92948	0.913849	0.913932	0.94438	0.929088	0.92537	0.982053	0.932742	0.961102	0.921051	0.965356	0.959715	0.950959	0.924906	0.898421	0.904441	0.927142	0.904855	0.864448	0.866133	0.864944	0.85544	0.889742	0.864215	0.882356	0.880778	0.898731	0.888004	0.882576	0.887706	1.08786	1.07481	1.08886	1.08746	1.07303	1.08746	0.842195	0.841507	0.857935	0.840809	0.84823	0.847513	0.797677	0	0.761794	0.750853	0.760091	0.799627	1.06405	1.07768	1.06934	1.07774	1.07377	1.07663	1.09208	1.07121	1.09309	1.07884	1.07912	1.09086	1.06886	1.08034	1.05917	1.06763	1.07927	1.08016	1.01216	1.00394	1.01383	1.01531	1.01372	1.02678	1.06098	1.06042	1.06061	1.05448	1.09935	1.06044	1.07533	1.08394	1.07095	1.07927	1.05866	1.08894	1.05695	1.05814	1.0598	1.05918	1.05374	1.05915	1.07981	1.08366	1.09726	1.08016	1.09123	1.08755
ERR626868	0.937042	0.922293	0.922761	0.9506	0.936973	0.933094	0.989439	0.942755	0.970239	0.931558	0.974273	0.968582	0.959424	0.934524	0.909994	0.915136	0.936701	0.915755	0.874433	0.876097	0.87542	0.866428	0.897457	0.874177	0.892737	0.890609	0.907977	0.89777	0.89284	0.897641	1.09524	1.0834	1.09661	1.09536	1.08158	1.09468	0.852077	0.851949	0.866703	0.850737	0.85789	0.857467	0.808732	0.761794	0	0.764181	0.773058	0.810177	1.0722	1.0852	1.07737	1.08572	1.08181	1.08478	1.09947	1.07927	1.10019	1.08689	1.08732	1.0983	1.07702	1.0877	1.06787	1.07601	1.08695	1.08793	1.02168	1.01414	1.02337	1.02498	1.02338	1.03499	1.06922	1.06896	1.06898	1.06315	1.10569	1.06906	1.08325	1.0918	1.07884	1.08712	1.06698	1.09605	1.06551	1.06676	1.06879	1.06774	1.06259	1.0678	1.08785	1.09157	1.10446	1.08829	1.09897	1.09571
ERR626872	0.928243	0.913156	0.913521	0.943763	0.928228	0.924767	0.981487	0.932913	0.961579	0.921145	0.96535	0.959565	0.950732	0.924743	0.898722	0.90433	0.927245	0.905162	0.863749	0.865467	0.864423	0.854963	0.889083	0.86369	0.882047	0.87995	0.89839	0.887932	0.882342	0.887624	1.08812	1.07551	1.08933	1.08785	1.07365	1.0878	0.841433	0.840986	0.857582	0.840274	0.84764	0.847317	0.797338	0.750853	0.764181	0	0.762395	0.799395	1.06484	1.07852	1.07014	1.07849	1.07445	1.07742	1.09308	1.07224	1.09406	1.08021	1.08001	1.09197	1.06996	1.08119	1.06016	1.06844	1.08016	1.08122	1.01286	1.00452	1.01451	1.01612	1.01433	1.02766	1.06162	1.06126	1.06131	1.05508	1.09935	1.06093	1.07644	1.08488	1.07182	1.08011	1.05952	1.08983	1.05737	1.059	1.06031	1.05992	1.05447	1.06001	1.08022	1.08408	1.09785	1.08057	1.09166	1.08782
ERR626869	0.935796	0.92144	0.921681	0.950606	0.935875	0.932064	0.989077	0.941892	0.969441	0.930522	0.973544	0.968073	0.958185	0.933307	0.908408	0.913445	0.935465	0.914655	0.873383	0.875354	0.873824	0.864975	0.897505	0.873204	0.891704	0.889849	0.906792	0.896668	0.89174	0.897088	1.09351	1.08108	1.09494	1.09342	1.07948	1.09331	0.851619	0.851272	0.866331	0.850335	0.85732	0.857002	0.807095	0.760091	0.773058	0.762395	0	0.80876	1.0714	1.08432	1.07648	1.08461	1.08071	1.08355	1.09885	1.07838	1.09985	1.08641	1.08599	1.09772	1.07623	1.08708	1.06703	1.07501	1.08624	1.08693	1.02029	1.0125	1.02213	1.02348	1.02175	1.03428	1.06792	1.06735	1.0674	1.06167	1.10474	1.06742	1.08271	1.09101	1.07826	1.08621	1.0664	1.09559	1.06436	1.06595	1.06721	1.06651	1.06146	1.06668	1.0861	1.08995	1.10315	1.08656	1.0973	1.09369
ERR626871	0.956614	0.945252	0.945479	0.971936	0.957087	0.954663	1.01502	0.970669	0.994356	0.959601	0.997934	0.993022	0.983876	0.961738	0.939379	0.944779	0.963273	0.945996	0.902215	0.903486	0.903021	0.895815	0.924881	0.903004	0.921062	0.918897	0.933681	0.924022	0.920759	0.924957	1.11203	1.09922	1.11348	1.11093	1.09777	1.11196	0.883679	0.883536	0.895517	0.882407	0.888037	0.886875	0.831615	0.799627	0.810177	0.799395	0.80876	0	1.09372	1.10624	1.0984	1.10513	1.10156	1.10402	1.12025	1.10054	1.12148	1.10813	1.10735	1.11922	1.09952	1.10956	1.08989	1.09759	1.10865	1.10968	1.04488	1.03732	1.04575	1.0471	1.0457	1.05831	1.0879	1.08778	1.08762	1.08175	1.1238	1.08761	1.10514	1.11257	1.10122	1.10831	1.09024	1.11767	1.08643	1.08795	1.08851	1.08815	1.08385	1.08813	1.10515	1.10982	1.12126	1.10536	1.11545	1.11211
