	ERR635337	ERR635335	ERR635338	ERR635336	ERR635339	ERR635334	ERR608707	ERR608709	ERR608711	ERR608710	ERR608712	ERR608708	ERR626919	ERR626920	ERR626915	ERR626917	ERR626918	ERR626916	ERR629880	ERR629881	ERR629885	ERR629882	ERR629884	ERR629883	ERR636926	ERR636927	ERR636925	ERR636930	ERR636928	ERR636929	ERR622183	ERR622179	ERR622180	ERR622184	ERR622181	ERR622182	ERR613247	ERR613250	ERR613248	ERR613249	ERR613246	ERR613245	ERR608119	ERR608117	ERR608118	ERR608121	ERR608122	ERR608120	ERR616815	ERR616811	ERR616812	ERR616813	ERR616814	ERR616816	ERR618440	ERR618437	ERR618435	ERR618436	ERR618439	ERR618438	ERR618617	ERR618620	ERR618615	ERR618616	ERR618618	ERR618619	ERR618744	ERR618742	ERR618741	ERR618743	ERR618745	ERR618746	ERR617200	ERR617202	ERR617198	ERR617201	ERR617199	ERR617197	ERR630510	ERR630507	ERR630506	ERR630511	ERR630508	ERR630509	ERR632075	ERR632076	ERR632077	ERR632074	ERR632078	ERR632073	ERR622546	ERR622542	ERR622543	ERR622545	ERR622541	ERR622544
ERR635337	0	0.259345	0.243585	0.274272	0.246077	0.245535	0.377715	0.371443	0.374942	0.376761	0.368557	0.367656	0.413446	0.419153	0.420867	0.408115	0.414033	0.404234	0.359427	0.330816	0.325224	0.356329	0.323114	0.324172	0.35	0.339459	0.336405	0.351686	0.353557	0.354191	0.555615	0.503693	0.520575	0.554104	0.505951	0.554328	0.402537	0.394263	0.392227	0.393345	0.410056	0.431353	0.335812	0.316992	0.342269	0.316419	0.317628	0.305138	0.429545	0.429899	0.437148	0.440404	0.42927	0.429092	0.587644	0.579408	0.581065	0.576701	0.587776	0.586773	0.55138	0.570361	0.551353	0.548612	0.563357	0.571238	0.577842	0.573345	0.576227	0.576324	0.578145	0.581255	0.575838	0.553204	0.574108	0.573812	0.578227	0.565523	0.373976	0.351636	0.365315	0.375176	0.361347	0.3743	0.472199	0.434168	0.428389	0.45631	0.427026	0.436732	0.474396	0.49127	0.483401	0.472683	0.499928	0.471658
ERR635335	0.259345	0	0.270184	0.241027	0.27405	0.258452	0.383463	0.344375	0.350532	0.351341	0.350488	0.349315	0.381749	0.375126	0.376849	0.366891	0.38151	0.364064	0.322331	0.306921	0.30902	0.320705	0.308631	0.309112	0.314924	0.308374	0.312565	0.315227	0.316631	0.317031	0.541743	0.485119	0.496747	0.539653	0.48447	0.540837	0.365528	0.376903	0.380648	0.376629	0.370242	0.387346	0.294968	0.281271	0.298301	0.285847	0.285742	0.280432	0.429669	0.424299	0.423081	0.423432	0.428537	0.428361	0.561635	0.556391	0.555565	0.556943	0.561814	0.561434	0.533828	0.553176	0.531409	0.532842	0.54421	0.5539	0.553219	0.552678	0.552283	0.554728	0.553516	0.555016	0.551183	0.538186	0.545353	0.548318	0.549058	0.540162	0.34513	0.33638	0.340411	0.346455	0.337832	0.344675	0.445054	0.424081	0.422874	0.432543	0.422604	0.423051	0.457196	0.467582	0.475939	0.457094	0.473668	0.456427
ERR635338	0.243585	0.270184	0	0.288416	0.244022	0.248508	0.374065	0.378192	0.380182	0.382624	0.372314	0.371224	0.41855	0.432067	0.433617	0.419326	0.419403	0.415371	0.371942	0.341001	0.334643	0.368686	0.33219	0.33312	0.359509	0.349978	0.342215	0.363683	0.365659	0.366359	0.554649	0.507153	0.525289	0.553616	0.51058	0.553468	0.413534	0.39693	0.39294	0.396312	0.422289	0.444343	0.34965	0.32919	0.35584	0.32439	0.325909	0.312893	0.432663	0.434283	0.442863	0.447296	0.432867	0.432522	0.594475	0.585606	0.588155	0.581642	0.594349	0.592891	0.554659	0.572503	0.555389	0.551498	0.566451	0.573217	0.584093	0.57863	0.582141	0.581566	0.584491	0.588063	0.580933	0.557812	0.581556	0.579191	0.585688	0.572387	0.385334	0.360035	0.37545	0.386638	0.371201	0.38563	0.482576	0.441608	0.434384	0.465635	0.432407	0.444248	0.482075	0.500052	0.485071	0.479705	0.509237	0.478302
ERR635336	0.274272	0.241027	0.288416	0	0.293493	0.274869	0.39583	0.342481	0.350508	0.350689	0.353005	0.352569	0.373725	0.355184	0.356631	0.34996	0.372815	0.347463	0.312493	0.306303	0.311446	0.311817	0.311863	0.312316	0.309312	0.303815	0.314908	0.305934	0.307031	0.307256	0.542873	0.481802	0.490766	0.540289	0.478859	0.542055	0.353463	0.378843	0.385558	0.378341	0.356117	0.37025	0.282623	0.276171	0.286303	0.287613	0.287009	0.283942	0.434909	0.428737	0.424912	0.422497	0.433449	0.433823	0.549895	0.546051	0.543411	0.548627	0.5503	0.550663	0.529568	0.550292	0.525749	0.529285	0.539881	0.550975	0.542483	0.543973	0.541617	0.54594	0.542475	0.543351	0.542563	0.531658	0.533069	0.539029	0.536334	0.529136	0.338719	0.338311	0.336905	0.339442	0.335802	0.338023	0.43496	0.422981	0.425164	0.426212	0.425828	0.422047	0.453297	0.459685	0.479434	0.45413	0.463883	0.45364
ERR635339	0.246077	0.27405	0.244022	0.293493	0	0.250569	0.372334	0.380329	0.382125	0.384471	0.373618	0.372411	0.419644	0.435603	0.437524	0.422372	0.420564	0.418607	0.376729	0.345525	0.339151	0.373383	0.336614	0.337434	0.363609	0.353958	0.344997	0.368264	0.370594	0.371156	0.553662	0.507861	0.52622	0.552428	0.511597	0.552374	0.416671	0.396869	0.392047	0.396458	0.425849	0.448298	0.354699	0.333698	0.360616	0.327507	0.329397	0.316227	0.434334	0.435947	0.444783	0.450075	0.434576	0.434196	0.595588	0.586597	0.589644	0.582312	0.595279	0.593681	0.554581	0.571713	0.555702	0.551424	0.566122	0.572637	0.58491	0.579134	0.582862	0.582064	0.585459	0.588935	0.581375	0.558443	0.582847	0.579994	0.586988	0.573457	0.389482	0.364131	0.379585	0.390833	0.375107	0.389878	0.486307	0.445086	0.437312	0.469036	0.435119	0.447422	0.484264	0.502799	0.485211	0.481615	0.512404	0.480387
ERR635334	0.245535	0.258452	0.248508	0.274869	0.250569	0	0.378299	0.37136	0.374828	0.376788	0.369303	0.368001	0.417381	0.423152	0.424706	0.412068	0.417636	0.408592	0.35768	0.329	0.323638	0.354396	0.321266	0.322241	0.349587	0.340246	0.33611	0.352182	0.35402	0.354822	0.556332	0.505601	0.521907	0.554937	0.50784	0.555151	0.403992	0.395707	0.393306	0.394898	0.411437	0.432301	0.336009	0.316532	0.342049	0.31438	0.31589	0.304427	0.430823	0.428234	0.435827	0.439666	0.430771	0.430203	0.589534	0.581344	0.582764	0.578635	0.589564	0.588547	0.552337	0.571271	0.552241	0.549766	0.564532	0.572198	0.579798	0.575445	0.577891	0.578242	0.58029	0.583128	0.577109	0.556812	0.575751	0.575094	0.580111	0.567355	0.372238	0.349131	0.362615	0.373712	0.358104	0.372442	0.471764	0.435393	0.429593	0.455199	0.427895	0.435023	0.475048	0.491237	0.482918	0.473295	0.500027	0.472219
ERR608707	0.377715	0.383463	0.374065	0.39583	0.372334	0.378299	0	0.313905	0.30677	0.309098	0.293498	0.291961	0.409151	0.453191	0.454815	0.436151	0.410957	0.433253	0.399261	0.382694	0.382337	0.397312	0.382108	0.381984	0.37941	0.37427	0.353869	0.390797	0.392173	0.393045	0.486938	0.461986	0.483463	0.486259	0.471391	0.486499	0.390304	0.333506	0.324865	0.332942	0.403044	0.426092	0.409632	0.393957	0.411527	0.380913	0.382247	0.376248	0.444029	0.447438	0.452909	0.460454	0.444979	0.443348	0.547236	0.537429	0.546418	0.528437	0.546086	0.542573	0.496504	0.503163	0.501013	0.493162	0.503291	0.503829	0.535996	0.526429	0.534437	0.528156	0.537108	0.541825	0.522374	0.507092	0.538367	0.524138	0.542659	0.527125	0.419001	0.407395	0.413878	0.419891	0.411018	0.418566	0.500533	0.470586	0.462587	0.485833	0.459569	0.472387	0.482152	0.500509	0.460559	0.478943	0.509989	0.477352
ERR608709	0.371443	0.344375	0.378192	0.342481	0.380329	0.37136	0.313905	0	0.25476	0.255054	0.25965	0.25984	0.364099	0.370909	0.371598	0.360957	0.363336	0.359201	0.324996	0.331367	0.342642	0.325077	0.34455	0.34319	0.31357	0.31433	0.311831	0.322096	0.322209	0.322726	0.491268	0.441431	0.450571	0.489138	0.441066	0.49195	0.308652	0.315328	0.326012	0.316357	0.314624	0.330076	0.339611	0.333224	0.337442	0.329116	0.328611	0.33089	0.42843	0.424702	0.417058	0.417346	0.427788	0.427185	0.502103	0.499528	0.499785	0.500188	0.501736	0.50092	0.476921	0.490042	0.474184	0.477002	0.482432	0.490833	0.495755	0.496075	0.495243	0.497063	0.495995	0.497539	0.486926	0.48584	0.48586	0.48476	0.488471	0.481948	0.359984	0.369904	0.361753	0.360569	0.361638	0.358564	0.438973	0.432447	0.431579	0.431065	0.431086	0.432218	0.437721	0.444006	0.445291	0.437774	0.449051	0.436684
ERR608711	0.374942	0.350532	0.380182	0.350508	0.382125	0.374828	0.30677	0.25476	0	0.253111	0.256796	0.258183	0.361367	0.377288	0.378128	0.365579	0.360669	0.363825	0.334838	0.339406	0.350349	0.334726	0.35209	0.350732	0.318988	0.319859	0.313459	0.32965	0.329963	0.330455	0.483881	0.439337	0.449635	0.482121	0.440256	0.48444	0.315957	0.311837	0.321566	0.312707	0.322922	0.339243	0.347777	0.339513	0.344918	0.332065	0.331412	0.333682	0.431536	0.428871	0.421729	0.423211	0.431466	0.430285	0.504379	0.501631	0.503182	0.501048	0.503914	0.502528	0.475371	0.486453	0.473497	0.475376	0.479881	0.487192	0.497711	0.496861	0.497332	0.497733	0.497897	0.499879	0.486863	0.486791	0.48885	0.485346	0.491585	0.484634	0.368834	0.377408	0.370214	0.369477	0.369969	0.367306	0.448105	0.439897	0.437845	0.439364	0.436879	0.439938	0.443614	0.451056	0.44564	0.443291	0.456868	0.442235
ERR608710	0.376761	0.351341	0.382624	0.350689	0.384471	0.376788	0.309098	0.255054	0.253111	0	0.25737	0.258942	0.359875	0.374992	0.37574	0.363394	0.35893	0.361686	0.334882	0.340513	0.351704	0.33477	0.353603	0.352259	0.318769	0.320269	0.314165	0.329583	0.329947	0.330255	0.484105	0.43915	0.448682	0.482075	0.439641	0.484509	0.314471	0.312075	0.322451	0.313365	0.321278	0.336652	0.347235	0.339685	0.344178	0.332123	0.331481	0.334348	0.432176	0.429593	0.421922	0.423001	0.432085	0.4312	0.502455	0.500114	0.501402	0.499797	0.502033	0.500747	0.474581	0.485583	0.472344	0.474779	0.478987	0.486252	0.495635	0.495409	0.495378	0.496049	0.495925	0.497725	0.485156	0.485533	0.486378	0.483647	0.489131	0.482508	0.368819	0.378736	0.370722	0.369628	0.370566	0.367323	0.446907	0.439838	0.438152	0.438673	0.437406	0.439849	0.443401	0.450414	0.446351	0.443096	0.455633	0.442138
ERR608712	0.368557	0.350488	0.372314	0.353005	0.373618	0.369303	0.293498	0.25965	0.256796	0.25737	0	0.257023	0.366017	0.388196	0.389164	0.374929	0.365893	0.372805	0.342548	0.341902	0.350101	0.342045	0.351415	0.350504	0.325707	0.324784	0.315573	0.33637	0.336816	0.337316	0.482036	0.439592	0.452566	0.480332	0.441997	0.482325	0.32469	0.309127	0.315496	0.30973	0.333539	0.352185	0.354699	0.344898	0.353515	0.336602	0.336522	0.336111	0.427324	0.426821	0.422114	0.425039	0.427703	0.42646	0.509205	0.504843	0.507941	0.502469	0.508661	0.506847	0.475581	0.486185	0.474953	0.47449	0.480762	0.486751	0.501421	0.498757	0.500779	0.500049	0.501809	0.50443	0.490297	0.485194	0.494806	0.489325	0.497876	0.488611	0.372908	0.377113	0.373183	0.373524	0.372392	0.371844	0.453743	0.439792	0.436459	0.443698	0.435109	0.440816	0.446072	0.456419	0.444452	0.44505	0.46289	0.443906
ERR608708	0.367656	0.349315	0.371224	0.352569	0.372411	0.368001	0.291961	0.25984	0.258183	0.258942	0.257023	0	0.367906	0.390776	0.391736	0.377324	0.367878	0.37501	0.341435	0.339763	0.348246	0.340729	0.349502	0.348337	0.325923	0.325045	0.315336	0.336587	0.337335	0.338084	0.482133	0.440181	0.453598	0.480546	0.44313	0.4823	0.326435	0.309753	0.315628	0.310247	0.335521	0.35449	0.355331	0.345145	0.354109	0.336427	0.336498	0.336429	0.426814	0.425532	0.421029	0.424261	0.426938	0.425754	0.510612	0.505646	0.508961	0.503021	0.509908	0.50804	0.475852	0.486784	0.475727	0.475213	0.48175	0.487366	0.502648	0.499452	0.501659	0.50065	0.503085	0.505815	0.491364	0.486954	0.496503	0.49059	0.499715	0.490289	0.371844	0.375197	0.37143	0.37262	0.370468	0.370673	0.453331	0.439183	0.435691	0.442859	0.434358	0.439565	0.445942	0.456414	0.442915	0.444793	0.463164	0.443598
ERR626919	0.413446	0.381749	0.41855	0.373725	0.419644	0.417381	0.409151	0.364099	0.361367	0.359875	0.366017	0.367906	0	0.30116	0.301645	0.283788	0.256576	0.282314	0.414685	0.434214	0.449457	0.417168	0.451854	0.45075	0.363471	0.369311	0.360733	0.378673	0.378203	0.377624	0.476278	0.443064	0.449149	0.474023	0.44371	0.477348	0.365938	0.357819	0.370471	0.359596	0.372977	0.382523	0.375602	0.374603	0.36859	0.365617	0.364028	0.370299	0.494733	0.494388	0.482002	0.480342	0.494651	0.493574	0.504036	0.505085	0.506216	0.506416	0.502904	0.501659	0.484515	0.489466	0.481119	0.485288	0.483375	0.48979	0.493776	0.496146	0.494603	0.495909	0.493543	0.49526	0.481315	0.490061	0.484496	0.480029	0.485411	0.48182	0.441711	0.465701	0.449694	0.441608	0.452014	0.439775	0.499869	0.50678	0.507348	0.498302	0.507276	0.508792	0.501969	0.501177	0.500937	0.502334	0.503465	0.501474
ERR626920	0.419153	0.375126	0.432067	0.355184	0.435603	0.423152	0.453191	0.370909	0.377288	0.374992	0.388196	0.390776	0.30116	0	0.24695	0.251523	0.297365	0.253105	0.38615	0.418306	0.434301	0.390194	0.437502	0.436532	0.35144	0.35647	0.370655	0.351694	0.350449	0.34954	0.526161	0.466444	0.464433	0.523268	0.458646	0.527098	0.342806	0.392589	0.410054	0.393406	0.339771	0.337346	0.342515	0.356233	0.337592	0.366458	0.363388	0.372271	0.498106	0.492772	0.47727	0.469957	0.496437	0.496646	0.497141	0.502249	0.494468	0.512281	0.49787	0.499753	0.504914	0.521395	0.496508	0.507668	0.508344	0.521995	0.49329	0.503286	0.494458	0.50339	0.49239	0.490469	0.493332	0.500708	0.473811	0.487542	0.474042	0.477383	0.416228	0.449978	0.428237	0.414998	0.43306	0.414658	0.468412	0.490728	0.497558	0.473596	0.499607	0.491432	0.487569	0.479048	0.51663	0.490862	0.475992	0.49091
ERR626915	0.420867	0.376849	0.433617	0.356631	0.437524	0.424706	0.454815	0.371598	0.378128	0.37574	0.389164	0.391736	0.301645	0.24695	0	0.251827	0.298125	0.25316	0.386662	0.419197	0.43545	0.390737	0.438587	0.437543	0.352567	0.358169	0.37233	0.353439	0.352217	0.351162	0.526756	0.467432	0.465142	0.523891	0.459289	0.527774	0.343428	0.394069	0.411766	0.394879	0.340171	0.337586	0.344656	0.35821	0.339364	0.368318	0.365122	0.374186	0.498156	0.492852	0.477245	0.469582	0.496474	0.496951	0.49667	0.502087	0.493845	0.511862	0.497304	0.499373	0.505015	0.521451	0.496221	0.507681	0.508337	0.521896	0.49283	0.502847	0.493899	0.503177	0.491825	0.49016	0.493	0.501235	0.473611	0.487304	0.473637	0.477154	0.416999	0.450684	0.428793	0.415734	0.43346	0.415305	0.467642	0.490388	0.497192	0.473052	0.499362	0.49099	0.486368	0.477365	0.515361	0.489673	0.47413	0.489694
ERR626917	0.408115	0.366891	0.419326	0.34996	0.422372	0.412068	0.436151	0.360957	0.365579	0.363394	0.374929	0.377324	0.283788	0.251523	0.251827	0	0.280504	0.249654	0.385322	0.41385	0.429625	0.388781	0.432527	0.431571	0.345406	0.350503	0.359645	0.349755	0.348702	0.348078	0.511636	0.456098	0.45615	0.509047	0.450033	0.512717	0.340277	0.377335	0.393958	0.378318	0.340061	0.341827	0.341948	0.351758	0.336836	0.357657	0.354633	0.362787	0.490145	0.485967	0.471378	0.46559	0.488743	0.488711	0.495457	0.499194	0.493542	0.507175	0.49567	0.496862	0.495987	0.510751	0.488766	0.498456	0.499016	0.511271	0.489985	0.497927	0.490932	0.497935	0.489165	0.48824	0.486938	0.493865	0.472721	0.482254	0.473236	0.474504	0.414814	0.4458	0.425719	0.413907	0.429748	0.413081	0.470227	0.487671	0.492921	0.473181	0.494218	0.488724	0.485249	0.479111	0.507502	0.487741	0.477548	0.487539
ERR626918	0.414033	0.38151	0.419403	0.372815	0.420564	0.417636	0.410957	0.363336	0.360669	0.35893	0.365893	0.367878	0.256576	0.297365	0.298125	0.280504	0	0.279866	0.412794	0.433059	0.448714	0.41536	0.451076	0.449965	0.3617	0.367668	0.360078	0.376734	0.376057	0.375775	0.477588	0.443475	0.449035	0.47537	0.443536	0.478762	0.363917	0.35854	0.371635	0.360312	0.370159	0.379269	0.373521	0.373008	0.366131	0.364089	0.362495	0.369024	0.495079	0.494691	0.481598	0.479766	0.494898	0.493849	0.503346	0.504643	0.505501	0.506537	0.502424	0.501236	0.485276	0.490507	0.481494	0.486025	0.484133	0.490757	0.493764	0.496602	0.494467	0.496138	0.493499	0.49498	0.481205	0.490504	0.483575	0.47987	0.484359	0.481198	0.440329	0.465206	0.448836	0.440423	0.451079	0.438587	0.498618	0.506458	0.507204	0.497265	0.507201	0.508506	0.501548	0.500293	0.501902	0.501994	0.50227	0.501259
ERR626916	0.404234	0.364064	0.415371	0.347463	0.418607	0.408592	0.433253	0.359201	0.363825	0.361686	0.372805	0.37501	0.282314	0.253105	0.25316	0.249654	0.279866	0	0.383565	0.411108	0.42652	0.387065	0.429428	0.428492	0.344031	0.348962	0.357324	0.348388	0.347415	0.346658	0.510608	0.45483	0.455449	0.507794	0.449018	0.511625	0.340322	0.375733	0.392205	0.376661	0.340307	0.343424	0.341387	0.350756	0.336659	0.356366	0.353595	0.361253	0.487312	0.483623	0.469612	0.463757	0.48601	0.486101	0.495785	0.499093	0.493429	0.506211	0.495813	0.497062	0.495329	0.510177	0.488161	0.497283	0.498584	0.510923	0.489725	0.49699	0.490538	0.497499	0.489008	0.4887	0.487209	0.492794	0.473542	0.482491	0.47417	0.474772	0.413189	0.44299	0.423592	0.412049	0.427606	0.41153	0.46906	0.485245	0.490306	0.471872	0.491523	0.486504	0.483281	0.47782	0.505183	0.485658	0.476502	0.48556
ERR629880	0.359427	0.322331	0.371942	0.312493	0.376729	0.35768	0.399261	0.324996	0.334838	0.334882	0.342548	0.341435	0.414685	0.38615	0.386662	0.385322	0.412794	0.383565	0	0.241683	0.254627	0.228763	0.257848	0.256811	0.325806	0.323478	0.339278	0.319529	0.319482	0.320087	0.54672	0.483318	0.487928	0.544128	0.477793	0.546528	0.308827	0.353463	0.364748	0.35289	0.307967	0.318865	0.312285	0.314588	0.314867	0.328347	0.326662	0.328784	0.399127	0.390623	0.382524	0.379151	0.397613	0.398174	0.497674	0.495006	0.491987	0.498397	0.498301	0.499068	0.483422	0.504128	0.478326	0.483787	0.492766	0.504746	0.493018	0.495229	0.492205	0.49709	0.492934	0.493656	0.494115	0.489432	0.484238	0.490655	0.487441	0.481673	0.304148	0.314451	0.304237	0.304326	0.30492	0.303285	0.384384	0.383146	0.387691	0.378206	0.389263	0.379833	0.408992	0.412453	0.439524	0.411233	0.41554	0.410747
ERR629881	0.330816	0.306921	0.341001	0.306303	0.345525	0.329	0.382694	0.331367	0.339406	0.340513	0.341902	0.339763	0.434214	0.418306	0.419197	0.41385	0.433059	0.411108	0.241683	0	0.231175	0.239176	0.232333	0.2318	0.331495	0.32547	0.335169	0.327053	0.328112	0.328901	0.553623	0.494357	0.503809	0.551258	0.491838	0.553008	0.33429	0.35699	0.362198	0.355974	0.337604	0.354855	0.321144	0.31402	0.325737	0.322867	0.322609	0.319755	0.386823	0.380587	0.379298	0.379604	0.38572	0.386141	0.528406	0.522482	0.522407	0.521824	0.528629	0.528452	0.499528	0.519295	0.497257	0.498199	0.510507	0.519988	0.522025	0.520104	0.520747	0.522619	0.522325	0.524392	0.520556	0.508075	0.516458	0.51838	0.520217	0.510629	0.305567	0.295575	0.298922	0.306781	0.296033	0.305274	0.398634	0.377738	0.377783	0.385521	0.378051	0.375557	0.414291	0.425712	0.435131	0.41454	0.432572	0.413717
ERR629885	0.325224	0.30902	0.334643	0.311446	0.339151	0.323638	0.382337	0.342642	0.350349	0.351704	0.350101	0.348246	0.449457	0.434301	0.43545	0.429625	0.448714	0.42652	0.254627	0.231175	0	0.250914	0.228062	0.228247	0.341295	0.333216	0.341872	0.335121	0.336404	0.33729	0.562883	0.503166	0.514713	0.560684	0.501624	0.562025	0.349312	0.366047	0.368608	0.364768	0.353139	0.372034	0.329553	0.321361	0.336537	0.331051	0.331139	0.326187	0.388399	0.383024	0.385445	0.386859	0.387552	0.388022	0.542185	0.534717	0.535523	0.533109	0.542583	0.542138	0.510607	0.531256	0.509201	0.508589	0.522975	0.5323	0.535382	0.532182	0.533956	0.535007	0.535943	0.53845	0.534712	0.517631	0.531165	0.532742	0.535616	0.524383	0.311514	0.294834	0.302732	0.312316	0.299572	0.311521	0.408691	0.381383	0.380454	0.393975	0.38039	0.37919	0.421777	0.436427	0.44162	0.421508	0.443875	0.420626
ERR629882	0.356329	0.320705	0.368686	0.311817	0.373383	0.354396	0.397312	0.325077	0.334726	0.33477	0.342045	0.340729	0.417168	0.390194	0.390737	0.388781	0.41536	0.387065	0.228763	0.239176	0.250914	0	0.253791	0.253051	0.325754	0.323124	0.338154	0.319605	0.319709	0.320327	0.547161	0.484089	0.489198	0.544636	0.479015	0.547023	0.311458	0.353524	0.364029	0.352737	0.311025	0.322891	0.312648	0.31376	0.315577	0.327275	0.3258	0.327518	0.397181	0.388626	0.381342	0.378358	0.395635	0.396168	0.500781	0.497781	0.495042	0.500664	0.501377	0.501994	0.484675	0.505332	0.479871	0.484798	0.49426	0.506137	0.496082	0.497814	0.495147	0.49974	0.496076	0.496994	0.496565	0.491055	0.48743	0.493252	0.490756	0.484447	0.303052	0.311446	0.302689	0.30349	0.302706	0.30244	0.385339	0.382092	0.386225	0.378386	0.387556	0.378763	0.40901	0.413554	0.438496	0.411003	0.417076	0.41056
ERR629884	0.323114	0.308631	0.33219	0.311863	0.336614	0.321266	0.382108	0.34455	0.35209	0.353603	0.351415	0.349502	0.451854	0.437502	0.438587	0.432527	0.451076	0.429428	0.257848	0.232333	0.228062	0.253791	0	0.228178	0.342834	0.334497	0.342586	0.337006	0.338532	0.339202	0.564432	0.505398	0.517028	0.562231	0.503963	0.563407	0.3532	0.368072	0.370215	0.366655	0.357149	0.376311	0.331233	0.322239	0.338407	0.331606	0.331567	0.326203	0.388713	0.383503	0.386563	0.388267	0.387862	0.388328	0.545739	0.538062	0.539036	0.536113	0.546064	0.545705	0.51335	0.5341	0.512052	0.511128	0.52581	0.53485	0.538875	0.535282	0.537327	0.538329	0.539441	0.542106	0.538072	0.520634	0.534802	0.536033	0.539302	0.52786	0.313642	0.294915	0.304337	0.314653	0.300773	0.313785	0.410939	0.382189	0.380608	0.395572	0.380741	0.380145	0.423606	0.438689	0.442529	0.423116	0.446435	0.422215
ERR629883	0.324172	0.309112	0.33312	0.312316	0.337434	0.322241	0.381984	0.34319	0.350732	0.352259	0.350504	0.348337	0.45075	0.436532	0.437543	0.431571	0.449965	0.428492	0.256811	0.2318	0.228247	0.253051	0.228178	0	0.342389	0.33446	0.342524	0.336778	0.338248	0.339263	0.563437	0.504739	0.516144	0.561433	0.503194	0.562426	0.351788	0.366976	0.369588	0.365752	0.355732	0.374814	0.331539	0.322665	0.338383	0.331193	0.33133	0.326164	0.387792	0.38258	0.385641	0.387128	0.387105	0.387526	0.544334	0.536964	0.5377	0.535005	0.54469	0.54441	0.51201	0.532389	0.510732	0.509893	0.524313	0.533259	0.53765	0.534253	0.536162	0.537134	0.538228	0.540819	0.536499	0.519723	0.533438	0.534456	0.537798	0.526491	0.313316	0.295122	0.304048	0.314326	0.300373	0.31362	0.409773	0.381227	0.379769	0.39448	0.379672	0.379122	0.422323	0.437085	0.440767	0.421933	0.44506	0.420924
ERR636926	0.35	0.314924	0.359509	0.309312	0.363609	0.349587	0.37941	0.31357	0.318988	0.318769	0.325707	0.325923	0.363471	0.35144	0.352567	0.345406	0.3617	0.344031	0.325806	0.331495	0.341295	0.325754	0.342834	0.342389	0	0.245982	0.255047	0.249344	0.249331	0.249366	0.506373	0.44892	0.455122	0.504163	0.446106	0.506601	0.333358	0.359563	0.36998	0.360335	0.335808	0.346391	0.308046	0.302658	0.305843	0.305581	0.304245	0.30799	0.455627	0.449425	0.440224	0.438274	0.454222	0.454208	0.536414	0.536012	0.532521	0.540147	0.536981	0.537376	0.516338	0.53379	0.511757	0.51759	0.523401	0.534606	0.533478	0.537106	0.533428	0.53801	0.533236	0.533377	0.527769	0.527314	0.517919	0.524109	0.520068	0.517212	0.354384	0.364742	0.356253	0.355055	0.356508	0.352802	0.45247	0.450852	0.452712	0.44656	0.45336	0.449376	0.467181	0.47038	0.489002	0.468701	0.473007	0.468009
ERR636927	0.339459	0.308374	0.349978	0.303815	0.353958	0.340246	0.37427	0.31433	0.319859	0.320269	0.324784	0.325045	0.369311	0.35647	0.358169	0.350503	0.367668	0.348962	0.323478	0.32547	0.333216	0.323124	0.334497	0.33446	0.245982	0	0.253452	0.247631	0.248082	0.248426	0.509136	0.449566	0.457853	0.506756	0.447168	0.509005	0.335036	0.359051	0.367931	0.359267	0.337923	0.350801	0.306854	0.301234	0.307007	0.305838	0.304678	0.306464	0.449996	0.444248	0.437035	0.435327	0.448559	0.44877	0.538559	0.536866	0.53385	0.5403	0.5391	0.539343	0.516989	0.535614	0.51294	0.518074	0.525274	0.536418	0.534919	0.537767	0.534877	0.538951	0.534815	0.535248	0.530497	0.525984	0.520949	0.527064	0.523596	0.519238	0.349885	0.357166	0.351017	0.35032	0.351001	0.348409	0.450567	0.445462	0.446987	0.443853	0.447642	0.444129	0.464959	0.469861	0.487521	0.466539	0.473168	0.465707
ERR636925	0.336405	0.312565	0.342215	0.314908	0.344997	0.33611	0.353869	0.311831	0.313459	0.314165	0.315573	0.315336	0.360733	0.370655	0.37233	0.359645	0.360078	0.357324	0.339278	0.335169	0.341872	0.338154	0.342586	0.342524	0.255047	0.253452	0	0.265848	0.266295	0.266864	0.493743	0.443516	0.455151	0.491962	0.44476	0.493763	0.345226	0.346727	0.353265	0.347629	0.352098	0.368175	0.322999	0.310867	0.321818	0.305683	0.305253	0.30557	0.448566	0.445112	0.439429	0.440429	0.448099	0.447506	0.543547	0.540644	0.540407	0.541621	0.543529	0.542992	0.513024	0.52827	0.510766	0.51322	0.520269	0.529136	0.538337	0.538874	0.537942	0.53984	0.538483	0.539724	0.530139	0.525825	0.526739	0.527885	0.529677	0.523385	0.363738	0.366221	0.363054	0.364804	0.361946	0.362461	0.465041	0.453538	0.452113	0.455502	0.451628	0.452822	0.472021	0.479997	0.482532	0.472213	0.485045	0.471248
ERR636930	0.351686	0.315227	0.363683	0.305934	0.368264	0.352182	0.390797	0.322096	0.32965	0.329583	0.33637	0.336587	0.378673	0.351694	0.353439	0.349755	0.376734	0.348388	0.319529	0.327053	0.335121	0.319605	0.337006	0.336778	0.249344	0.247631	0.265848	0	0.242629	0.242295	0.519198	0.45505	0.461098	0.516824	0.450762	0.519372	0.333866	0.370458	0.380655	0.37053	0.334237	0.343374	0.301742	0.301967	0.30279	0.313443	0.311891	0.31498	0.456871	0.4498	0.441528	0.438477	0.455262	0.455729	0.536203	0.535573	0.531026	0.540776	0.537172	0.538126	0.520843	0.541355	0.515835	0.522345	0.529735	0.542118	0.534019	0.538277	0.534	0.539547	0.533627	0.533477	0.531966	0.528177	0.518427	0.527709	0.520796	0.517944	0.346591	0.358355	0.349377	0.34646	0.350344	0.345157	0.446049	0.446968	0.450747	0.44175	0.452184	0.44498	0.46575	0.468384	0.495328	0.467866	0.469818	0.467629
ERR636928	0.353557	0.316631	0.365659	0.307031	0.370594	0.35402	0.392173	0.322209	0.329963	0.329947	0.336816	0.337335	0.378203	0.350449	0.352217	0.348702	0.376057	0.347415	0.319482	0.328112	0.336404	0.319709	0.338532	0.338248	0.249331	0.248082	0.266295	0.242629	0	0.242365	0.51922	0.455146	0.460777	0.516866	0.450521	0.519355	0.333107	0.370935	0.381188	0.371091	0.333325	0.341843	0.30189	0.302468	0.302464	0.313882	0.3123	0.315589	0.457976	0.450859	0.442406	0.438972	0.456426	0.456945	0.535607	0.534948	0.530358	0.540416	0.536498	0.537534	0.520797	0.541205	0.515565	0.522455	0.529531	0.54203	0.533509	0.537989	0.533424	0.539243	0.533216	0.532867	0.531486	0.528158	0.517511	0.527018	0.520025	0.517376	0.347188	0.359867	0.350274	0.347104	0.351457	0.345804	0.446117	0.447917	0.45183	0.442055	0.4532	0.445771	0.466111	0.468411	0.496095	0.468564	0.469761	0.468144
ERR636929	0.354191	0.317031	0.366359	0.307256	0.371156	0.354822	0.393045	0.322726	0.330455	0.330255	0.337316	0.338084	0.377624	0.34954	0.351162	0.348078	0.375775	0.346658	0.320087	0.328901	0.33729	0.320327	0.339202	0.339263	0.249366	0.248426	0.266864	0.242295	0.242365	0	0.519527	0.455197	0.460846	0.516924	0.450592	0.519599	0.333167	0.371448	0.381802	0.371486	0.333289	0.341625	0.302038	0.302922	0.302781	0.314614	0.312915	0.316492	0.458606	0.451441	0.442828	0.439393	0.456951	0.457385	0.535457	0.534942	0.530328	0.540577	0.536291	0.537458	0.521001	0.541407	0.515655	0.522574	0.529496	0.542212	0.533193	0.537873	0.533336	0.539073	0.532884	0.532563	0.531491	0.528219	0.517445	0.527189	0.519862	0.517313	0.34779	0.360702	0.351104	0.347695	0.352421	0.346581	0.446189	0.448295	0.452175	0.442294	0.453628	0.446229	0.466201	0.468415	0.496542	0.468689	0.469777	0.468416
ERR622183	0.555615	0.541743	0.554649	0.542873	0.553662	0.556332	0.486938	0.491268	0.483881	0.484105	0.482036	0.482133	0.476278	0.526161	0.526756	0.511636	0.477588	0.510608	0.54672	0.553623	0.562883	0.547161	0.564432	0.563437	0.506373	0.509136	0.493743	0.519198	0.51922	0.519527	0	0.304404	0.311001	0.281771	0.31399	0.282304	0.51044	0.469787	0.471264	0.470629	0.518765	0.529862	0.537635	0.532663	0.53408	0.520367	0.520148	0.522342	0.582237	0.584007	0.578606	0.581833	0.583008	0.581363	0.587528	0.583792	0.592436	0.577528	0.586111	0.582437	0.549175	0.544649	0.552616	0.54895	0.546747	0.544619	0.578118	0.57268	0.578362	0.571719	0.578774	0.582065	0.558632	0.563789	0.579006	0.561928	0.581003	0.572271	0.559099	0.570726	0.562672	0.559631	0.563267	0.557899	0.607467	0.604273	0.600822	0.602669	0.599436	0.605305	0.601933	0.607818	0.581784	0.601025	0.612007	0.600017
ERR622179	0.503693	0.485119	0.507153	0.481802	0.507861	0.505601	0.461986	0.441431	0.439337	0.43915	0.439592	0.440181	0.443064	0.466444	0.467432	0.456098	0.443475	0.45483	0.483318	0.494357	0.503166	0.484089	0.505398	0.504739	0.44892	0.449566	0.443516	0.45505	0.455146	0.455197	0.304404	0	0.273515	0.302273	0.271974	0.304911	0.44945	0.433854	0.43926	0.434287	0.456101	0.466365	0.474834	0.474641	0.473826	0.471386	0.470774	0.472716	0.534792	0.534572	0.528405	0.529482	0.534894	0.533912	0.548319	0.544532	0.549269	0.542484	0.547589	0.545535	0.521408	0.527807	0.521525	0.521658	0.524058	0.528112	0.54101	0.538625	0.54083	0.538561	0.541117	0.543402	0.528872	0.528178	0.537103	0.529055	0.539462	0.531439	0.496495	0.511716	0.501334	0.496196	0.503301	0.495409	0.54893	0.548525	0.547838	0.545646	0.547414	0.549394	0.550744	0.555219	0.547546	0.550852	0.557887	0.550107
ERR622180	0.520575	0.496747	0.525289	0.490766	0.52622	0.521907	0.483463	0.450571	0.449635	0.448682	0.452566	0.453598	0.449149	0.464433	0.465142	0.45615	0.449035	0.455449	0.487928	0.503809	0.514713	0.489198	0.517028	0.516144	0.455122	0.457853	0.455151	0.461098	0.460777	0.460846	0.311001	0.273515	0	0.308559	0.269745	0.311895	0.45267	0.448249	0.456363	0.448972	0.456867	0.464329	0.479327	0.481566	0.476792	0.479773	0.478708	0.482805	0.546039	0.544442	0.536093	0.535763	0.545921	0.545083	0.548711	0.547135	0.549728	0.547126	0.548106	0.546608	0.528533	0.535181	0.526921	0.529628	0.530112	0.535486	0.542931	0.542923	0.542903	0.54255	0.543016	0.544441	0.531516	0.535723	0.536125	0.531116	0.537899	0.532554	0.502983	0.522303	0.509136	0.502579	0.511546	0.50172	0.550529	0.556092	0.556662	0.549191	0.556675	0.556315	0.555342	0.556776	0.556261	0.556266	0.558306	0.555535
ERR622184	0.554104	0.539653	0.553616	0.540289	0.552428	0.554937	0.486259	0.489138	0.482121	0.482075	0.480332	0.480546	0.474023	0.523268	0.523891	0.509047	0.47537	0.507794	0.544128	0.551258	0.560684	0.544636	0.562231	0.561433	0.504163	0.506756	0.491962	0.516824	0.516866	0.516924	0.281771	0.302273	0.308559	0	0.311648	0.282391	0.507785	0.46802	0.469739	0.468964	0.515972	0.526891	0.535195	0.530282	0.531662	0.518558	0.51817	0.520569	0.580263	0.582024	0.576441	0.579487	0.581191	0.579489	0.585279	0.581468	0.590007	0.575442	0.583655	0.580116	0.547554	0.543298	0.550832	0.547367	0.545374	0.543564	0.575712	0.570592	0.576156	0.569641	0.576354	0.579708	0.556458	0.561926	0.576656	0.559819	0.578534	0.569872	0.556784	0.568513	0.5603	0.557237	0.560984	0.555595	0.60487	0.601914	0.598513	0.600054	0.597364	0.602966	0.599554	0.605109	0.580155	0.598625	0.609197	0.597616
ERR622181	0.505951	0.48447	0.51058	0.478859	0.511597	0.50784	0.471391	0.441066	0.440256	0.439641	0.441997	0.44313	0.44371	0.458646	0.459289	0.450033	0.443536	0.449018	0.477793	0.491838	0.501624	0.479015	0.503963	0.503194	0.446106	0.447168	0.44476	0.450762	0.450521	0.450592	0.31399	0.271974	0.269745	0.311648	0	0.314783	0.443621	0.438259	0.445827	0.438535	0.448781	0.457482	0.46976	0.471856	0.468707	0.471147	0.470117	0.472754	0.5341	0.533288	0.526092	0.525892	0.533899	0.533125	0.543654	0.541026	0.544126	0.540602	0.543171	0.541668	0.521997	0.529992	0.520741	0.522841	0.524718	0.530228	0.537546	0.536542	0.537229	0.536635	0.537424	0.539318	0.526909	0.527018	0.53146	0.52618	0.533286	0.52693	0.491928	0.509784	0.49774	0.491454	0.500156	0.490751	0.541798	0.544459	0.544862	0.539861	0.544867	0.545284	0.545946	0.548617	0.547733	0.546812	0.550557	0.546121
ERR622182	0.554328	0.540837	0.553468	0.542055	0.552374	0.555151	0.486499	0.49195	0.48444	0.484509	0.482325	0.4823	0.477348	0.527098	0.527774	0.512717	0.478762	0.511625	0.546528	0.553008	0.562025	0.547023	0.563407	0.562426	0.506601	0.509005	0.493763	0.519372	0.519355	0.519599	0.282304	0.304911	0.311895	0.282391	0.314783	0	0.510797	0.469939	0.471145	0.47079	0.519422	0.530467	0.5376	0.532226	0.534254	0.520195	0.52015	0.522002	0.581315	0.583482	0.578192	0.581522	0.582411	0.58065	0.588587	0.584773	0.593466	0.578349	0.5871	0.583449	0.550247	0.545692	0.553651	0.550011	0.548168	0.54576	0.579215	0.57376	0.579566	0.572802	0.579869	0.583109	0.559825	0.564577	0.580309	0.563248	0.582368	0.573447	0.558954	0.569995	0.562207	0.559497	0.562806	0.55782	0.607505	0.60371	0.600161	0.602369	0.598757	0.60483	0.601914	0.607784	0.581916	0.600797	0.612168	0.599769
ERR613247	0.402537	0.365528	0.413534	0.353463	0.416671	0.403992	0.390304	0.308652	0.315957	0.314471	0.32469	0.326435	0.365938	0.342806	0.343428	0.340277	0.363917	0.340322	0.308827	0.33429	0.349312	0.311458	0.3532	0.351788	0.333358	0.335036	0.345226	0.333866	0.333107	0.333167	0.51044	0.44945	0.45267	0.507785	0.443621	0.510797	0	0.301286	0.318888	0.301057	0.250036	0.25854	0.336985	0.343126	0.335928	0.350381	0.348486	0.353491	0.418746	0.413473	0.400372	0.396295	0.417501	0.417544	0.455145	0.455513	0.452261	0.460531	0.455454	0.45604	0.447918	0.465576	0.442201	0.449881	0.453943	0.466163	0.451828	0.456447	0.452075	0.456918	0.451421	0.451421	0.44772	0.44872	0.437232	0.443545	0.438976	0.43603	0.35019	0.375719	0.358278	0.349619	0.361588	0.34878	0.405497	0.415227	0.419554	0.404378	0.420654	0.415141	0.412462	0.411862	0.436068	0.414749	0.412888	0.414144
ERR613250	0.394263	0.376903	0.39693	0.378843	0.396869	0.395707	0.333506	0.315328	0.311837	0.312075	0.309127	0.309753	0.357819	0.392589	0.394069	0.377335	0.35854	0.375733	0.353463	0.35699	0.366047	0.353524	0.368072	0.366976	0.359563	0.359051	0.346727	0.370458	0.370935	0.371448	0.469787	0.433854	0.448249	0.46802	0.438259	0.469939	0.301286	0	0.265683	0.261284	0.314055	0.335086	0.377262	0.370365	0.37693	0.361696	0.361728	0.361875	0.41493	0.416263	0.411969	0.415862	0.415691	0.414118	0.474681	0.468143	0.475606	0.462298	0.473352	0.470337	0.434389	0.441947	0.436667	0.433912	0.438895	0.442346	0.464444	0.459007	0.464019	0.459067	0.46544	0.468904	0.449236	0.443821	0.462599	0.450144	0.466272	0.453725	0.384753	0.392618	0.386344	0.385356	0.386484	0.38371	0.450357	0.437435	0.433718	0.440651	0.431873	0.43876	0.437474	0.449376	0.424278	0.436054	0.456403	0.434563
ERR613248	0.392227	0.380648	0.39294	0.385558	0.392047	0.393306	0.324865	0.326012	0.321566	0.322451	0.315496	0.315628	0.370471	0.410054	0.411766	0.393958	0.371635	0.392205	0.364748	0.362198	0.368608	0.364029	0.370215	0.369588	0.36998	0.367931	0.353265	0.380655	0.381188	0.381802	0.471264	0.43926	0.456363	0.469739	0.445827	0.471145	0.318888	0.265683	0	0.265102	0.33271	0.355347	0.387667	0.378364	0.388211	0.368704	0.369147	0.367263	0.415926	0.418206	0.417143	0.422519	0.417128	0.415279	0.485926	0.47758	0.486814	0.469981	0.484518	0.480747	0.440297	0.446752	0.444094	0.438723	0.445323	0.447268	0.47455	0.466855	0.473937	0.467249	0.475511	0.479781	0.459313	0.449778	0.475661	0.460837	0.479869	0.465348	0.393206	0.395565	0.393027	0.393659	0.392443	0.392495	0.460833	0.442668	0.437406	0.449375	0.434785	0.444119	0.445549	0.46035	0.427365	0.443402	0.468314	0.441822
ERR613249	0.393345	0.376629	0.396312	0.378341	0.396458	0.394898	0.332942	0.316357	0.312707	0.313365	0.30973	0.310247	0.359596	0.393406	0.394879	0.378318	0.360312	0.376661	0.35289	0.355974	0.364768	0.352737	0.366655	0.365752	0.360335	0.359267	0.347629	0.37053	0.371091	0.371486	0.470629	0.434287	0.448972	0.468964	0.438535	0.47079	0.301057	0.261284	0.265102	0	0.313778	0.335241	0.377233	0.370621	0.377584	0.362742	0.362689	0.362282	0.413012	0.414656	0.410886	0.414879	0.414011	0.412441	0.473929	0.467059	0.474692	0.460993	0.472711	0.469597	0.433971	0.441539	0.436061	0.432932	0.438712	0.442212	0.463674	0.457662	0.463275	0.458179	0.464445	0.468209	0.448796	0.442256	0.462278	0.449722	0.465991	0.45296	0.383971	0.391457	0.385433	0.384241	0.385495	0.383044	0.449151	0.435644	0.43204	0.439324	0.429964	0.437256	0.436667	0.44881	0.423972	0.43525	0.455873	0.43384
ERR613246	0.410056	0.370242	0.422289	0.356117	0.425849	0.411437	0.403044	0.314624	0.322922	0.321278	0.333539	0.335521	0.372977	0.339771	0.340171	0.340061	0.370159	0.340307	0.307967	0.337604	0.353139	0.311025	0.357149	0.355732	0.335808	0.337923	0.352098	0.334237	0.333325	0.333289	0.518765	0.456101	0.456867	0.515972	0.448781	0.519422	0.250036	0.314055	0.33271	0.313778	0	0.250844	0.335708	0.344525	0.334163	0.354054	0.352016	0.358357	0.425488	0.419071	0.404568	0.399283	0.423857	0.424282	0.454978	0.456677	0.451514	0.463459	0.455518	0.456718	0.453345	0.472415	0.446599	0.455965	0.45959	0.473059	0.453022	0.459423	0.453526	0.459915	0.452339	0.45162	0.450534	0.453862	0.436056	0.445503	0.43756	0.436862	0.350583	0.379306	0.35989	0.350098	0.363502	0.349266	0.403069	0.417759	0.423365	0.403839	0.425186	0.41693	0.413543	0.410557	0.442867	0.416908	0.410245	0.416475
ERR613245	0.431353	0.387346	0.444343	0.37025	0.448298	0.432301	0.426092	0.330076	0.339243	0.336652	0.352185	0.35449	0.382523	0.337346	0.337586	0.341827	0.379269	0.343424	0.318865	0.354855	0.372034	0.322891	0.376311	0.374814	0.346391	0.350801	0.368175	0.343374	0.341843	0.341625	0.529862	0.466365	0.464329	0.526891	0.457482	0.530467	0.25854	0.335086	0.355347	0.335241	0.250844	0	0.343345	0.355749	0.340361	0.367879	0.365345	0.373481	0.443752	0.435864	0.418873	0.411845	0.44195	0.442327	0.454791	0.459416	0.451885	0.469126	0.455844	0.457722	0.462653	0.481734	0.454301	0.466331	0.467707	0.482481	0.455121	0.46486	0.456286	0.464823	0.454352	0.452004	0.454172	0.462526	0.434346	0.448238	0.435227	0.438363	0.362262	0.396248	0.373602	0.361528	0.378076	0.360803	0.407298	0.430796	0.438425	0.411266	0.440776	0.429414	0.423296	0.415575	0.458629	0.427621	0.412935	0.427597
ERR608119	0.335812	0.294968	0.34965	0.282623	0.354699	0.336009	0.409632	0.339611	0.347777	0.347235	0.354699	0.355331	0.375602	0.342515	0.344656	0.341948	0.373521	0.341387	0.312285	0.321144	0.329553	0.312648	0.331233	0.331539	0.308046	0.306854	0.322999	0.301742	0.30189	0.302038	0.537635	0.474834	0.479327	0.535195	0.46976	0.5376	0.336985	0.377262	0.387667	0.377233	0.335708	0.343345	0	0.241044	0.237672	0.261106	0.259216	0.263229	0.453823	0.446097	0.437927	0.433923	0.45219	0.45244	0.535394	0.534694	0.530544	0.54074	0.536349	0.537436	0.519838	0.540182	0.514663	0.521547	0.528271	0.540871	0.53227	0.537099	0.532717	0.537997	0.531962	0.531439	0.529176	0.525709	0.51509	0.524896	0.517806	0.514881	0.337392	0.35046	0.341397	0.337906	0.342283	0.336445	0.439115	0.441001	0.44566	0.434994	0.447207	0.438716	0.461944	0.464466	0.493505	0.464297	0.465894	0.464085
ERR608117	0.316992	0.281271	0.32919	0.276171	0.333698	0.316532	0.393957	0.333224	0.339513	0.339685	0.344898	0.345145	0.374603	0.356233	0.35821	0.351758	0.373008	0.350756	0.314588	0.31402	0.321361	0.31376	0.322239	0.322665	0.302658	0.301234	0.310867	0.301967	0.302468	0.302922	0.532663	0.474641	0.481566	0.530282	0.471856	0.532226	0.343126	0.370365	0.378364	0.370621	0.344525	0.355749	0.241044	0	0.240668	0.244946	0.244064	0.246369	0.447041	0.440315	0.433304	0.431233	0.445876	0.445864	0.546713	0.545129	0.542486	0.549299	0.5474	0.547713	0.522984	0.541558	0.51903	0.524191	0.531117	0.54224	0.542643	0.54592	0.543034	0.54664	0.542686	0.5427	0.536663	0.532788	0.526663	0.533468	0.529804	0.525426	0.337981	0.343139	0.338847	0.339426	0.33805	0.337141	0.445507	0.439411	0.441471	0.437599	0.442194	0.437295	0.463004	0.468581	0.487704	0.464321	0.47201	0.463845
ERR608118	0.342269	0.298301	0.35584	0.286303	0.360616	0.342049	0.411527	0.337442	0.344918	0.344178	0.353515	0.354109	0.36859	0.337592	0.339364	0.336836	0.366131	0.336659	0.314867	0.325737	0.336537	0.315577	0.338407	0.338383	0.305843	0.307007	0.321818	0.30279	0.302464	0.302781	0.53408	0.473826	0.476792	0.531662	0.468707	0.534254	0.335928	0.37693	0.388211	0.377584	0.334163	0.340361	0.237672	0.240668	0	0.257058	0.2543	0.261421	0.458211	0.450165	0.440112	0.435967	0.456355	0.456663	0.535254	0.535862	0.531332	0.542264	0.536178	0.537146	0.519383	0.538232	0.513908	0.521545	0.526353	0.538851	0.532402	0.538212	0.533131	0.53857	0.532149	0.531273	0.527243	0.527848	0.513414	0.523093	0.515803	0.514216	0.342306	0.357107	0.346672	0.343223	0.347506	0.341064	0.441635	0.445882	0.450234	0.437621	0.451619	0.44335	0.463706	0.464717	0.493615	0.466126	0.46612	0.465857
