	ERR608936	ERR608932	ERR608935	ERR608934	ERR608931	ERR608933	ERR618509	ERR618511	ERR618507	ERR618510	ERR618508	ERR618512	ERR626425	ERR626424	ERR626428	ERR626427	ERR626426	ERR626423	ERR630233	ERR630231	ERR630235	ERR630232	ERR630230	ERR630234	ERR636646	ERR636648	ERR636643	ERR636645	ERR636647	ERR636644	ERR612548	ERR612552	ERR612547	ERR612549	ERR612551	ERR612550	ERR612254	ERR612251	ERR612252	ERR612253	ERR612255	ERR612256	ERR607656	ERR607654	ERR607655	ERR607652	ERR607653	ERR607651	ERR618349	ERR618347	ERR618345	ERR618346	ERR618348	ERR618350	ERR630009	ERR630006	ERR630008	ERR630007	ERR630011	ERR630010	ERR614984	ERR614980	ERR614979	ERR614982	ERR614983	ERR614981	ERR608706	ERR608703	ERR608704	ERR608702	ERR608705	ERR608701	ERR607851	ERR607852	ERR607853	ERR607854	ERR607849	ERR607850	ERR618293	ERR618292	ERR618295	ERR618296	ERR618291	ERR618294	ERR616857	ERR616858	ERR616854	ERR616855	ERR616853	ERR616856	ERR621926	ERR621925	ERR621927	ERR621930	ERR621928	ERR621929
ERR608936	0	0.783737	0.800881	0.799676	0.813634	0.777823	0.895644	0.88629	0.887468	0.88986	0.906947	0.884784	0.883989	0.885344	0.878044	0.916899	0.915315	0.876638	1.128	1.14565	1.1369	1.14739	1.13261	1.12959	0.956306	0.94164	0.942386	0.967009	0.955773	0.951653	0.878117	0.871708	0.851072	0.855344	0.868971	0.870715	0.848471	0.846515	0.849719	0.848337	0.870925	0.853618	0.846494	0.848904	0.847684	0.852448	0.852186	0.858467	1.12962	1.21612	1.22067	1.21811	1.13618	1.13109	0.955172	0.918717	0.924793	0.932904	0.931292	0.934523	0.907961	0.92757	0.929992	0.910281	0.911808	0.932401	1.09729	1.0915	1.09659	1.09565	1.09694	1.12232	1.12035	1.10955	1.10945	1.10835	1.11958	1.11753	1.10528	1.10814	1.10772	1.10961	1.10703	1.10593	1.10915	1.10935	1.09997	1.09391	1.09956	1.11035	1.14253	1.13557	1.14271	1.13209	1.13293	1.13366
ERR608932	0.783737	0	0.780664	0.778649	0.786197	0.743579	0.873682	0.86372	0.863674	0.867715	0.885237	0.861749	0.863767	0.865213	0.856623	0.90238	0.900386	0.854742	1.11003	1.12874	1.11915	1.13077	1.11462	1.11159	0.936499	0.919237	0.91997	0.94786	0.936226	0.930373	0.855394	0.848514	0.824304	0.829299	0.8453	0.847569	0.823202	0.820071	0.823377	0.82272	0.849028	0.828809	0.81754	0.820744	0.81943	0.826002	0.825368	0.833146	1.11234	1.20819	1.21335	1.21051	1.11939	1.1143	0.931733	0.892669	0.899056	0.908003	0.905577	0.908739	0.887373	0.909524	0.912311	0.890321	0.891884	0.91501	1.07808	1.07218	1.07778	1.07671	1.07795	1.10458	1.1027	1.0914	1.091	1.08978	1.10177	1.09999	1.08635	1.0892	1.08872	1.09085	1.08777	1.08708	1.09055	1.09064	1.0806	1.07436	1.07996	1.09182	1.12793	1.12087	1.12843	1.117	1.11785	1.11882
ERR608935	0.800881	0.780664	0	0.796658	0.810901	0.774797	0.893617	0.884209	0.885315	0.887861	0.905201	0.882542	0.882103	0.883576	0.875679	0.915378	0.913775	0.874432	1.12701	1.14454	1.13599	1.14636	1.13135	1.12859	0.954753	0.940298	0.940898	0.966187	0.954321	0.95001	0.876256	0.869315	0.848775	0.853356	0.866612	0.868354	0.846357	0.843587	0.847023	0.846225	0.868536	0.851131	0.844248	0.846269	0.845183	0.85035	0.850177	0.856411	1.12825	1.21537	1.22001	1.21737	1.13517	1.12999	0.953535	0.917262	0.92337	0.931361	0.929408	0.932712	0.906284	0.926135	0.928831	0.908695	0.910194	0.930686	1.0959	1.09016	1.09536	1.09443	1.09576	1.1212	1.11938	1.10826	1.10825	1.10717	1.11876	1.11659	1.10417	1.10697	1.10664	1.10864	1.10606	1.1049	1.10799	1.10811	1.09856	1.09258	1.09825	1.10928	1.14157	1.13447	1.14198	1.13137	1.13192	1.13271
ERR608934	0.799676	0.778649	0.796658	0	0.808941	0.772712	0.892642	0.883082	0.884172	0.886885	0.903978	0.881926	0.88122	0.88246	0.874959	0.914886	0.913455	0.87366	1.12597	1.14369	1.13507	1.14534	1.13049	1.12749	0.953231	0.938482	0.939021	0.96459	0.952634	0.948467	0.874781	0.86832	0.847478	0.851725	0.865376	0.867452	0.8447	0.842373	0.845195	0.84456	0.867305	0.849489	0.841761	0.844503	0.843476	0.848558	0.848224	0.85464	1.12759	1.21457	1.21936	1.2167	1.13418	1.12902	0.95241	0.915719	0.921813	0.929922	0.928168	0.93129	0.905132	0.924926	0.927583	0.907788	0.908982	0.929643	1.09506	1.08929	1.0946	1.09367	1.09469	1.12027	1.11824	1.10743	1.10719	1.10629	1.11779	1.11584	1.10296	1.1058	1.10545	1.10736	1.10468	1.10372	1.10701	1.10729	1.09753	1.09162	1.09718	1.1082	1.14064	1.13383	1.14136	1.13035	1.1313	1.13169
ERR608931	0.813634	0.786197	0.810901	0.808941	0	0.783542	0.898083	0.891991	0.89059	0.895602	0.907481	0.890463	0.891105	0.891931	0.885295	0.925763	0.924992	0.884505	1.12992	1.1469	1.13718	1.14938	1.13475	1.13175	0.967321	0.951797	0.952716	0.973099	0.967179	0.96051	0.8878	0.883856	0.864654	0.865027	0.880111	0.882639	0.857358	0.856644	0.856269	0.857078	0.878704	0.862706	0.850817	0.852618	0.851464	0.85954	0.856555	0.863086	1.1327	1.23591	1.23954	1.23778	1.1382	1.13465	0.950277	0.920713	0.926902	0.933212	0.92691	0.929643	0.911048	0.928882	0.930546	0.913471	0.91441	0.934863	1.10116	1.09668	1.10105	1.09955	1.10137	1.12159	1.12561	1.1156	1.11586	1.11452	1.12399	1.12256	1.10967	1.11187	1.11104	1.11257	1.10914	1.11029	1.11177	1.11191	1.10528	1.09941	1.10329	1.1128	1.15076	1.14517	1.15144	1.14171	1.14274	1.14321
ERR608933	0.777823	0.743579	0.774797	0.772712	0.783542	0	0.868087	0.857041	0.857526	0.861419	0.881028	0.855211	0.85791	0.859771	0.849784	0.897041	0.895336	0.848122	1.10472	1.1242	1.11464	1.1258	1.10955	1.10642	0.927846	0.910755	0.911426	0.941434	0.927564	0.922181	0.847431	0.84016	0.814285	0.820511	0.837129	0.838946	0.815069	0.811619	0.815845	0.815165	0.841832	0.821017	0.810202	0.813253	0.811875	0.81839	0.817957	0.826652	1.10724	1.20006	1.20552	1.20224	1.11441	1.1088	0.927965	0.885993	0.892982	0.902478	0.901183	0.904498	0.881998	0.905193	0.908574	0.884692	0.886519	0.910186	1.07217	1.06585	1.07189	1.07078	1.07222	1.10044	1.09671	1.08484	1.08464	1.08333	1.0962	1.09392	1.08036	1.08347	1.08306	1.08537	1.08255	1.08116	1.08509	1.08513	1.07397	1.06742	1.07379	1.08657	1.12178	1.11396	1.1222	1.11025	1.11101	1.1117
ERR618509	0.895644	0.873682	0.893617	0.892642	0.898083	0.868087	0	0.816856	0.813698	0.821166	0.835694	0.815238	0.877687	0.878804	0.870529	0.91625	0.914346	0.868596	1.11273	1.13133	1.12137	1.13301	1.11747	1.11448	0.95892	0.9433	0.943471	0.967583	0.958706	0.952648	0.923537	0.917406	0.89828	0.901553	0.916089	0.917147	0.897673	0.894977	0.89751	0.897009	0.918669	0.90244	0.885472	0.888112	0.886947	0.893394	0.892427	0.899881	1.1133	1.21453	1.2191	1.21655	1.11981	1.11519	0.934971	0.899554	0.906085	0.913987	0.910703	0.91361	0.931519	0.951066	0.954115	0.93406	0.935248	0.956258	1.08105	1.07548	1.08084	1.0792	1.08115	1.10561	1.10365	1.09249	1.0927	1.09156	1.10264	1.10129	1.08665	1.089	1.08822	1.09048	1.08692	1.08693	1.09254	1.09264	1.08364	1.07746	1.08262	1.0938	1.13004	1.12293	1.13026	1.1196	1.12067	1.12117
ERR618511	0.88629	0.86372	0.884209	0.883082	0.891991	0.857041	0.816856	0	0.806157	0.805712	0.830958	0.7998	0.867064	0.868764	0.859059	0.905923	0.903463	0.85718	1.10923	1.12804	1.11875	1.1296	1.1136	1.11081	0.948069	0.932739	0.932819	0.959543	0.948228	0.942497	0.913833	0.906954	0.886663	0.891324	0.905449	0.906225	0.887133	0.884165	0.887916	0.887197	0.908966	0.892154	0.876388	0.878833	0.877856	0.883727	0.883328	0.890981	1.10891	1.20374	1.20873	1.2058	1.116	1.11035	0.930581	0.891953	0.89839	0.906878	0.905502	0.908753	0.924127	0.944622	0.947619	0.92633	0.927853	0.949619	1.07597	1.06995	1.07546	1.0742	1.07585	1.10256	1.09852	1.08666	1.08666	1.08557	1.09755	1.09573	1.08103	1.08363	1.08323	1.08562	1.08259	1.08135	1.08832	1.08822	1.07798	1.07188	1.07781	1.08969	1.12379	1.11624	1.1241	1.11221	1.11328	1.11426
ERR618507	0.887468	0.863674	0.885315	0.884172	0.89059	0.857526	0.813698	0.806157	0	0.810635	0.826333	0.804	0.86707	0.868502	0.859611	0.907927	0.905457	0.857179	1.10713	1.12579	1.11614	1.12775	1.1116	1.10878	0.951303	0.935307	0.935446	0.961155	0.951473	0.944991	0.915088	0.909047	0.888677	0.892161	0.907384	0.908198	0.888821	0.885652	0.888613	0.888462	0.910622	0.893413	0.875647	0.878477	0.876941	0.883851	0.882795	0.89096	1.1076	1.21013	1.21495	1.21215	1.11425	1.1094	0.927813	0.889762	0.896151	0.904811	0.902096	0.905413	0.923194	0.943769	0.946467	0.925745	0.927705	0.948799	1.07488	1.06897	1.07421	1.07325	1.0748	1.10033	1.09749	1.08595	1.08577	1.08475	1.09634	1.09494	1.07992	1.08266	1.08201	1.08423	1.08081	1.08064	1.08641	1.08607	1.07684	1.07028	1.07573	1.08759	1.12432	1.1168	1.12466	1.11367	1.11437	1.11521
ERR618510	0.88986	0.867715	0.887861	0.886885	0.895602	0.861419	0.821166	0.805712	0.810635	0	0.834635	0.804145	0.870363	0.872687	0.863197	0.909192	0.906868	0.861197	1.11132	1.13011	1.12099	1.13182	1.11591	1.11288	0.951181	0.936129	0.936363	0.962533	0.951503	0.946067	0.917503	0.91077	0.890729	0.89512	0.908722	0.910125	0.891439	0.888024	0.891528	0.890855	0.912483	0.895758	0.880524	0.883066	0.881911	0.887629	0.887188	0.894449	1.11116	1.20538	1.21034	1.20764	1.11821	1.11293	0.934587	0.895926	0.90199	0.911076	0.909594	0.912827	0.927523	0.947931	0.951146	0.930077	0.931435	0.952506	1.07859	1.07246	1.07793	1.07686	1.07841	1.10469	1.10107	1.08923	1.08926	1.08852	1.10028	1.09832	1.08354	1.08664	1.08595	1.0883	1.08546	1.08424	1.09056	1.09062	1.0805	1.07449	1.08027	1.09164	1.12581	1.11816	1.12607	1.11463	1.11546	1.11656
ERR618508	0.906947	0.885237	0.905201	0.903978	0.907481	0.881028	0.835694	0.830958	0.826333	0.834635	0	0.829013	0.889618	0.890659	0.882304	0.927091	0.925479	0.880615	1.11895	1.13692	1.1275	1.13898	1.12376	1.12104	0.971012	0.955589	0.955759	0.977753	0.97107	0.96465	0.934758	0.929677	0.91108	0.913519	0.927778	0.929028	0.909823	0.906977	0.908846	0.909339	0.929949	0.914321	0.897419	0.899721	0.89901	0.905571	0.903877	0.911277	1.12028	1.22367	1.22796	1.22556	1.1263	1.12191	0.943181	0.910097	0.915981	0.923082	0.919532	0.922213	0.941261	0.959955	0.962246	0.943776	0.945163	0.965279	1.0891	1.08415	1.08886	1.08769	1.08936	1.11205	1.11089	1.1002	1.10009	1.09941	1.10958	1.10813	1.09414	1.09658	1.09579	1.09778	1.09418	1.09475	1.09948	1.09951	1.09149	1.0853	1.08984	1.10068	1.13689	1.13037	1.13732	1.12719	1.12829	1.12871
ERR618512	0.884784	0.861749	0.882542	0.881926	0.890463	0.855211	0.815238	0.7998	0.804	0.804145	0.829013	0	0.864524	0.866484	0.857051	0.904	0.901916	0.855045	1.10723	1.12628	1.11704	1.12801	1.11186	1.10879	0.945964	0.930122	0.930219	0.957436	0.946141	0.940372	0.912336	0.905569	0.884703	0.889478	0.903701	0.904558	0.885865	0.882637	0.886226	0.885531	0.907419	0.890666	0.874398	0.877171	0.876125	0.882087	0.881812	0.889082	1.10723	1.20337	1.20849	1.20572	1.11452	1.10898	0.928645	0.890066	0.896218	0.905322	0.903157	0.906473	0.922341	0.943395	0.946291	0.924657	0.926491	0.947815	1.0743	1.06823	1.07359	1.07258	1.07416	1.10114	1.0966	1.0849	1.08468	1.0838	1.09586	1.09402	1.07931	1.08192	1.08164	1.08397	1.08094	1.07999	1.08622	1.08644	1.07625	1.06983	1.07557	1.0877	1.12192	1.11459	1.12252	1.1108	1.11165	1.11269
ERR626425	0.883989	0.863767	0.882103	0.88122	0.891105	0.85791	0.877687	0.867064	0.86707	0.870363	0.889618	0.864524	0	0.793511	0.785849	0.833209	0.831163	0.780796	1.11392	1.1326	1.12365	1.13432	1.11812	1.11528	0.946421	0.931885	0.931796	0.958291	0.946125	0.941866	0.901231	0.894974	0.876864	0.880512	0.892963	0.894499	0.87472	0.872569	0.875888	0.874628	0.895245	0.878955	0.864283	0.866557	0.865661	0.869892	0.870416	0.877021	1.11237	1.20164	1.20682	1.20371	1.11955	1.11369	0.942661	0.903104	0.909285	0.917663	0.91808	0.920717	0.912269	0.930642	0.933913	0.914207	0.915709	0.934566	1.08255	1.07633	1.08207	1.08108	1.08257	1.11037	1.10289	1.09082	1.09096	1.08976	1.10224	1.10024	1.08327	1.08645	1.08635	1.08864	1.08541	1.08451	1.09097	1.09133	1.0806	1.07406	1.08069	1.09237	1.12257	1.1145	1.12321	1.11142	1.11222	1.11289
ERR626424	0.885344	0.865213	0.883576	0.88246	0.891931	0.859771	0.878804	0.868764	0.868502	0.872687	0.890659	0.866484	0.793511	0	0.787965	0.834978	0.833547	0.783441	1.11453	1.13314	1.12421	1.13478	1.11902	1.11613	0.949192	0.9343	0.934504	0.959797	0.949057	0.944099	0.903253	0.89706	0.879016	0.882277	0.895051	0.896484	0.877142	0.874446	0.877402	0.876861	0.897178	0.881238	0.866161	0.868842	0.867448	0.871988	0.872195	0.87868	1.11325	1.20481	1.20988	1.20722	1.12024	1.11467	0.943132	0.904465	0.910238	0.918554	0.918714	0.921595	0.914348	0.93218	0.934954	0.916133	0.91751	0.93614	1.08367	1.0777	1.08348	1.08233	1.08357	1.1111	1.10399	1.09216	1.09217	1.0912	1.10318	1.10127	1.08442	1.08757	1.08759	1.08988	1.08651	1.08569	1.09186	1.0921	1.08189	1.075	1.0816	1.09328	1.12358	1.11596	1.12473	1.11293	1.11389	1.11442
ERR626428	0.878044	0.856623	0.875679	0.874959	0.885295	0.849784	0.870529	0.859059	0.859611	0.863197	0.882304	0.857051	0.785849	0.787965	0	0.826529	0.824968	0.774539	1.10911	1.12793	1.119	1.12978	1.11352	1.1106	0.94059	0.925629	0.925945	0.952957	0.94052	0.936051	0.895444	0.889011	0.869715	0.87376	0.886499	0.888053	0.868099	0.865639	0.869087	0.868171	0.889407	0.872463	0.85655	0.85923	0.85807	0.862672	0.862938	0.869982	1.10767	1.19777	1.20327	1.2001	1.11474	1.10912	0.937027	0.895976	0.901902	0.911151	0.911718	0.914358	0.907253	0.926216	0.929444	0.909005	0.910769	0.930441	1.07735	1.07083	1.07669	1.07595	1.07698	1.10575	1.09824	1.08606	1.08581	1.08472	1.0975	1.09571	1.07834	1.0816	1.08131	1.08396	1.08063	1.07928	1.08602	1.08614	1.07576	1.06882	1.07537	1.08743	1.11806	1.11018	1.11867	1.10647	1.1074	1.10821
ERR626427	0.916899	0.90238	0.915378	0.914886	0.925763	0.897041	0.91625	0.905923	0.907927	0.909192	0.927091	0.904	0.833209	0.834978	0.826529	0	0.858196	0.825685	1.13962	1.15662	1.14882	1.15799	1.14374	1.14087	0.974372	0.963165	0.963167	0.986469	0.97431	0.971402	0.932141	0.926379	0.911892	0.915848	0.924592	0.925568	0.909183	0.907404	0.910982	0.90986	0.925211	0.912639	0.904936	0.906485	0.905518	0.90759	0.908952	0.913583	1.13738	1.21163	1.21668	1.21375	1.14386	1.1382	0.978862	0.942375	0.947696	0.955859	0.95749	0.959698	0.944198	0.958733	0.961369	0.945036	0.946647	0.961508	1.10973	1.10375	1.10924	1.10859	1.10972	1.13622	1.12812	1.11709	1.11694	1.11598	1.12774	1.12575	1.11082	1.11404	1.11382	1.11635	1.11342	1.11177	1.11859	1.11862	1.108	1.10224	1.10879	1.11971	1.14382	1.13649	1.14463	1.13352	1.13414	1.13487
ERR626426	0.915315	0.900386	0.913775	0.913455	0.924992	0.895336	0.914346	0.903463	0.905457	0.906868	0.925479	0.901916	0.831163	0.833547	0.824968	0.858196	0	0.823693	1.13851	1.15549	1.14821	1.15697	1.14239	1.13981	0.973393	0.962069	0.962046	0.986172	0.973134	0.970759	0.930762	0.924858	0.910171	0.9145	0.923131	0.924285	0.907918	0.905744	0.909094	0.908747	0.924203	0.911062	0.902948	0.904519	0.904095	0.90587	0.907182	0.911653	1.13627	1.20985	1.21526	1.212	1.14313	1.13726	0.977541	0.940962	0.945988	0.954157	0.956364	0.958536	0.94226	0.957341	0.959818	0.943853	0.945124	0.960395	1.10866	1.1026	1.10826	1.10773	1.10853	1.13553	1.12672	1.11588	1.11547	1.11466	1.12677	1.12457	1.10982	1.11277	1.11289	1.11517	1.11275	1.11072	1.11733	1.11751	1.10698	1.10086	1.10765	1.11877	1.14302	1.13531	1.1434	1.13251	1.13288	1.13389
ERR626423	0.876638	0.854742	0.874432	0.87366	0.884505	0.848122	0.868596	0.85718	0.857179	0.861197	0.880615	0.855045	0.780796	0.783441	0.774539	0.825685	0.823693	0	1.10695	1.126	1.11688	1.1276	1.11129	1.1082	0.939235	0.92392	0.924043	0.951392	0.939145	0.934391	0.89402	0.887106	0.867376	0.871684	0.885213	0.886089	0.866441	0.863402	0.867059	0.866942	0.888351	0.870924	0.854602	0.857094	0.856122	0.860432	0.860833	0.868332	1.10521	1.197	1.20257	1.19928	1.11295	1.1066	0.934953	0.893219	0.899149	0.908454	0.909005	0.911891	0.905638	0.925051	0.928115	0.90734	0.909065	0.928814	1.07488	1.06839	1.07434	1.07332	1.07488	1.10393	1.09556	1.08341	1.08346	1.08215	1.09517	1.0931	1.07564	1.07905	1.07902	1.08155	1.07802	1.07686	1.08367	1.08353	1.07264	1.06576	1.07255	1.08503	1.11565	1.10732	1.1165	1.10445	1.10518	1.10602
ERR630233	1.128	1.11003	1.12701	1.12597	1.12992	1.10472	1.11273	1.10923	1.10713	1.11132	1.11895	1.10723	1.11392	1.11453	1.10911	1.13962	1.13851	1.10695	0	0.740167	0.727894	0.750949	0.723605	0.718078	1.05432	1.04084	1.0407	1.06197	1.05371	1.04783	1.1316	1.12775	1.11303	1.11605	1.12689	1.12647	1.11876	1.11534	1.11751	1.11786	1.13388	1.12159	1.09799	1.1001	1.09929	1.1061	1.10479	1.11232	0.972719	1.15169	1.15697	1.15343	0.981848	0.97348	1.12155	1.09732	1.10076	1.10726	1.10471	1.10752	1.10738	1.12062	1.12277	1.10919	1.10927	1.124	0.949991	0.942622	0.950042	0.946845	0.949539	0.980938	0.956803	0.942996	0.942775	0.942634	0.956682	0.953846	0.942152	0.946232	0.945603	0.947905	0.941558	0.944988	0.90696	0.90474	0.897147	0.888401	0.896618	0.905734	0.989165	0.979674	0.989462	0.975709	0.977884	0.978066
ERR630231	1.14565	1.12874	1.14454	1.14369	1.1469	1.1242	1.13133	1.12804	1.12579	1.13011	1.13692	1.12628	1.1326	1.13314	1.12793	1.15662	1.15549	1.126	0.740167	0	0.745626	0.763423	0.74137	0.740481	1.07117	1.05879	1.05841	1.07756	1.07029	1.06465	1.14933	1.14572	1.13204	1.13488	1.14489	1.14446	1.13755	1.13414	1.136	1.13638	1.15121	1.14002	1.11764	1.11961	1.1186	1.12504	1.12379	1.13088	0.992534	1.16575	1.17015	1.16719	1.00069	0.992958	1.13869	1.11655	1.11995	1.12576	1.12317	1.12568	1.12625	1.13819	1.14003	1.12793	1.12824	1.14125	0.974782	0.968364	0.974987	0.971778	0.974287	1.00209	0.979561	0.967391	0.967371	0.967566	0.979521	0.976459	0.966371	0.970148	0.969775	0.971756	0.965378	0.96956	0.931466	0.928196	0.923495	0.91542	0.922789	0.929742	1.00988	1.00184	1.0102	0.998112	1.00028	1.0006
ERR630235	1.1369	1.11915	1.13599	1.13507	1.13718	1.11464	1.12137	1.11875	1.11614	1.12099	1.1275	1.11704	1.12365	1.12421	1.119	1.14882	1.14821	1.11688	0.727894	0.745626	0	0.7565	0.731618	0.728736	1.06343	1.05016	1.04982	1.06902	1.06238	1.05645	1.1409	1.13725	1.12319	1.12542	1.13635	1.13598	1.12822	1.12499	1.12671	1.1271	1.14283	1.13096	1.10748	1.10958	1.1085	1.11579	1.11412	1.1216	0.983032	1.16504	1.16968	1.16665	0.991259	0.983886	1.12857	1.10661	1.10996	1.11571	1.11265	1.11495	1.11678	1.12892	1.131	1.1183	1.11859	1.13244	0.963797	0.957068	0.963861	0.960445	0.963229	0.990787	0.970143	0.957295	0.957146	0.9572	0.969581	0.966653	0.955367	0.959216	0.958647	0.960467	0.953597	0.958533	0.919525	0.916824	0.912186	0.903227	0.910507	0.917987	1.00262	0.994645	1.00342	0.990411	0.992891	0.993002
ERR630232	1.14739	1.13077	1.14636	1.14534	1.14938	1.1258	1.13301	1.1296	1.12775	1.13182	1.13898	1.12801	1.13432	1.13478	1.12978	1.15799	1.15697	1.1276	0.750949	0.763423	0.7565	0	0.751311	0.75108	1.07316	1.061	1.06085	1.08015	1.07223	1.06704	1.15109	1.14723	1.13375	1.13663	1.14632	1.14595	1.13924	1.1358	1.13786	1.13821	1.15305	1.14169	1.11966	1.12188	1.12081	1.12686	1.12591	1.13286	0.995055	1.16361	1.16801	1.16532	1.00275	0.99521	1.14111	1.11843	1.12177	1.12766	1.12563	1.12854	1.12824	1.1402	1.14229	1.12965	1.13011	1.14316	0.977532	0.970524	0.977594	0.974675	0.976984	1.00558	0.981644	0.969583	0.969328	0.969281	0.981777	0.978902	0.969105	0.973339	0.972543	0.974374	0.968326	0.971998	0.934837	0.931696	0.925839	0.918341	0.92543	0.933364	1.01102	1.0025	1.0117	0.99894	1.00096	1.00147
ERR630230	1.13261	1.11462	1.13135	1.13049	1.13475	1.10955	1.11747	1.1136	1.1116	1.11591	1.12376	1.11186	1.11812	1.11902	1.11352	1.14374	1.14239	1.11129	0.723605	0.74137	0.731618	0.751311	0	0.724185	1.05767	1.04471	1.04444	1.06538	1.05697	1.05127	1.13605	1.13202	1.11752	1.12068	1.13127	1.13073	1.12379	1.12011	1.12213	1.12241	1.13841	1.12626	1.10314	1.10535	1.10426	1.11072	1.10938	1.11693	0.977365	1.15296	1.15785	1.15462	0.986402	0.977965	1.12632	1.1017	1.10531	1.11198	1.10988	1.11248	1.11249	1.12547	1.1274	1.11413	1.11462	1.12871	0.956116	0.949049	0.956095	0.953108	0.955602	0.987141	0.961805	0.948238	0.948192	0.947928	0.961906	0.959027	0.948045	0.95229	0.952204	0.954265	0.947642	0.950906	0.913484	0.910741	0.902981	0.894294	0.902913	0.91209	0.993498	0.983799	0.994215	0.980165	0.98208	0.982633
ERR630234	1.12959	1.11159	1.12859	1.12749	1.13175	1.10642	1.11448	1.11081	1.10878	1.11288	1.12104	1.10879	1.11528	1.11613	1.1106	1.14087	1.13981	1.1082	0.718078	0.740481	0.728736	0.75108	0.724185	0	1.05527	1.04235	1.04193	1.06314	1.0547	1.04904	1.13347	1.12913	1.11459	1.11786	1.12831	1.12797	1.12067	1.11703	1.11922	1.11932	1.13549	1.12302	1.09969	1.10194	1.10093	1.10759	1.10638	1.1138	0.973474	1.15023	1.15548	1.15197	0.982923	0.974368	1.12357	1.09919	1.10281	1.10929	1.10693	1.10962	1.1092	1.12224	1.12423	1.11087	1.1111	1.1256	0.951199	0.943586	0.950952	0.94797	0.951068	0.982071	0.95793	0.943934	0.943739	0.943753	0.957908	0.954669	0.943092	0.947418	0.947144	0.949023	0.9431	0.94622	0.908604	0.906044	0.898778	0.889451	0.898369	0.907265	0.989334	0.979798	0.990017	0.976105	0.978037	0.978526
ERR636646	0.956306	0.936499	0.954753	0.953231	0.967321	0.927846	0.95892	0.948069	0.951303	0.951181	0.971012	0.945964	0.946421	0.949192	0.94059	0.974372	0.973393	0.939235	1.05432	1.07117	1.06343	1.07316	1.05767	1.05527	0	0.777418	0.777521	0.813028	0.789473	0.789605	0.95795	0.951124	0.932919	0.941296	0.949619	0.950546	0.936902	0.934947	0.939992	0.937168	0.954602	0.940931	0.908537	0.912575	0.910807	0.916501	0.918025	0.925547	1.08257	1.16223	1.16896	1.16464	1.09128	1.0837	0.954641	0.91765	0.922779	0.932363	0.932484	0.935144	0.97746	0.995063	0.9989	0.979287	0.980627	0.998959	1.06548	1.05746	1.06452	1.06301	1.06503	1.09578	1.07659	1.06373	1.0629	1.06263	1.07725	1.07455	1.05857	1.06198	1.06176	1.06457	1.06134	1.05955	1.0616	1.06154	1.05034	1.04444	1.05107	1.06292	1.09179	1.08333	1.09202	1.07948	1.08013	1.08137
ERR636648	0.94164	0.919237	0.940298	0.938482	0.951797	0.910755	0.9433	0.932739	0.935307	0.936129	0.955589	0.930122	0.931885	0.9343	0.925629	0.963165	0.962069	0.92392	1.04084	1.05879	1.05016	1.061	1.04471	1.04235	0.777418	0	0.759837	0.798237	0.777467	0.773379	0.945027	0.937717	0.917648	0.925451	0.935715	0.936621	0.9224	0.919811	0.924916	0.922422	0.941761	0.926666	0.889957	0.894297	0.892542	0.899362	0.900545	0.909539	1.06989	1.15971	1.16635	1.16237	1.07876	1.07137	0.936736	0.8979	0.903624	0.913403	0.912683	0.915542	0.963147	0.98199	0.985479	0.96504	0.966462	0.986225	1.05158	1.04399	1.05062	1.04911	1.05094	1.082	1.06396	1.05019	1.04929	1.04883	1.06386	1.06134	1.0447	1.04812	1.04746	1.05038	1.04671	1.04542	1.04766	1.04789	1.03651	1.03021	1.03684	1.04905	1.08141	1.0732	1.08225	1.06916	1.06969	1.07099
ERR636643	0.942386	0.91997	0.940898	0.939021	0.952716	0.911426	0.943471	0.932819	0.935446	0.936363	0.955759	0.930219	0.931796	0.934504	0.925945	0.963167	0.962046	0.924043	1.0407	1.05841	1.04982	1.06085	1.04444	1.04193	0.777521	0.759837	0	0.796046	0.778133	0.77077	0.944844	0.937522	0.917751	0.925902	0.936184	0.936603	0.922481	0.920001	0.925481	0.922793	0.942008	0.926464	0.890305	0.894662	0.892845	0.899819	0.900792	0.909462	1.06989	1.15936	1.16619	1.16183	1.07898	1.07127	0.937487	0.898544	0.904128	0.91429	0.913693	0.916322	0.963626	0.98217	0.986104	0.965694	0.966981	0.986252	1.0511	1.04336	1.05051	1.04892	1.05092	1.08204	1.06362	1.04984	1.04903	1.04873	1.06377	1.06096	1.04444	1.04799	1.04772	1.05046	1.04666	1.0453	1.04778	1.04758	1.03645	1.02961	1.03652	1.0491	1.08135	1.0728	1.0818	1.06893	1.06948	1.07058
ERR636645	0.967009	0.94786	0.966187	0.96459	0.973099	0.941434	0.967583	0.959543	0.961155	0.962533	0.977753	0.957436	0.958291	0.959797	0.952957	0.986469	0.986172	0.951392	1.06197	1.07756	1.06902	1.08015	1.06538	1.06314	0.813028	0.798237	0.796046	0	0.813305	0.80529	0.969637	0.964579	0.9488	0.953165	0.962607	0.963589	0.950004	0.948421	0.951082	0.949746	0.966013	0.953824	0.920009	0.923281	0.922074	0.929166	0.928943	0.936706	1.08912	1.18826	1.19353	1.19045	1.09685	1.09065	0.956897	0.926115	0.931166	0.938333	0.936145	0.938324	0.986207	1.00157	1.0048	0.988181	0.988892	1.00568	1.07384	1.06712	1.07308	1.07114	1.07342	1.09954	1.08537	1.07394	1.07311	1.07265	1.08562	1.08303	1.06692	1.06985	1.06924	1.07182	1.06741	1.0679	1.06776	1.06774	1.05965	1.05326	1.05832	1.06882	1.10231	1.09528	1.1032	1.092	1.09276	1.09357
ERR636647	0.955773	0.936226	0.954321	0.952634	0.967179	0.927564	0.958706	0.948228	0.951473	0.951503	0.97107	0.946141	0.946125	0.949057	0.94052	0.97431	0.973134	0.939145	1.05371	1.07029	1.06238	1.07223	1.05697	1.0547	0.789473	0.777467	0.778133	0.813305	0	0.790207	0.957304	0.950531	0.931998	0.940195	0.948774	0.949447	0.936172	0.934315	0.939252	0.9368	0.953891	0.940232	0.907695	0.911717	0.910236	0.916142	0.917408	0.925033	1.08201	1.16202	1.16886	1.1645	1.09062	1.083	0.954329	0.917435	0.922663	0.931933	0.93213	0.934845	0.976842	0.994644	0.998491	0.979049	0.979708	0.998308	1.06489	1.05727	1.06395	1.06265	1.06442	1.09513	1.07612	1.06323	1.06228	1.06206	1.07691	1.07385	1.05792	1.06127	1.0613	1.06401	1.06064	1.05876	1.06113	1.06099	1.04989	1.04406	1.05046	1.06236	1.0911	1.0829	1.09172	1.07904	1.07962	1.08085
ERR636644	0.951653	0.930373	0.95001	0.948467	0.96051	0.922181	0.952648	0.942497	0.944991	0.946067	0.96465	0.940372	0.941866	0.944099	0.936051	0.971402	0.970759	0.934391	1.04783	1.06465	1.05645	1.06704	1.05127	1.04904	0.789605	0.773379	0.77077	0.80529	0.790207	0	0.953917	0.947478	0.929063	0.936262	0.945735	0.946771	0.933035	0.930697	0.935372	0.933074	0.951091	0.936924	0.902054	0.905972	0.904549	0.911045	0.911799	0.920152	1.07747	1.16821	1.1746	1.17074	1.0858	1.07856	0.946447	0.910393	0.91557	0.924341	0.923829	0.926195	0.97239	0.990104	0.993763	0.974742	0.97565	0.993952	1.05997	1.0525	1.05929	1.05754	1.05981	1.08926	1.07192	1.05906	1.0583	1.05787	1.07219	1.06965	1.05284	1.05619	1.05571	1.05843	1.05487	1.05366	1.05543	1.05522	1.045	1.03833	1.04472	1.05658	1.08949	1.08101	1.08965	1.07734	1.07804	1.07912
ERR612548	0.878117	0.855394	0.876256	0.874781	0.8878	0.847431	0.923537	0.913833	0.915088	0.917503	0.934758	0.912336	0.901231	0.903253	0.895444	0.932141	0.930762	0.89402	1.1316	1.14933	1.1409	1.15109	1.13605	1.13347	0.95795	0.945027	0.944844	0.969637	0.957304	0.953917	0	0.778319	0.750634	0.756902	0.775605	0.776791	0.793574	0.7902	0.794985	0.793786	0.817979	0.798372	0.864628	0.867684	0.866549	0.8712	0.871561	0.878607	1.13191	1.20936	1.214	1.21144	1.13858	1.13344	0.97528	0.938636	0.94408	0.952153	0.952348	0.955485	0.928397	0.947424	0.950535	0.930491	0.932385	0.950747	1.10249	1.09634	1.10187	1.10089	1.10223	1.12885	1.12292	1.11179	1.11156	1.11048	1.12263	1.12017	1.10713	1.1102	1.1097	1.11177	1.10912	1.10764	1.11337	1.11365	1.10336	1.09732	1.10361	1.1148	1.12026	1.1121	1.12051	1.10813	1.10939	1.11016
ERR612552	0.871708	0.848514	0.869315	0.86832	0.883856	0.84016	0.917406	0.906954	0.909047	0.91077	0.929677	0.905569	0.894974	0.89706	0.889011	0.926379	0.924858	0.887106	1.12775	1.14572	1.13725	1.14723	1.13202	1.12913	0.951124	0.937717	0.937522	0.964579	0.950531	0.947478	0.778319	0	0.741884	0.749915	0.762437	0.763876	0.784796	0.780572	0.78677	0.785517	0.809943	0.789357	0.858001	0.861121	0.859794	0.864419	0.865042	0.872681	1.1276	1.20172	1.20717	1.20396	1.13473	1.12918	0.9713	0.933282	0.938236	0.947064	0.947871	0.951126	0.92381	0.943602	0.94659	0.925976	0.927631	0.94693	1.09754	1.09122	1.09696	1.09617	1.09749	1.12532	1.1181	1.10642	1.10626	1.10519	1.11784	1.11554	1.10203	1.10517	1.10486	1.10729	1.10484	1.10308	1.10921	1.10918	1.0983	1.09241	1.0989	1.1105	1.11473	1.10634	1.11501	1.10245	1.10331	1.10413
ERR612547	0.851072	0.824304	0.848775	0.847478	0.864654	0.814285	0.89828	0.886663	0.888677	0.890729	0.91108	0.884703	0.876864	0.879016	0.869715	0.911892	0.910171	0.867376	1.11303	1.13204	1.12319	1.13375	1.11752	1.11459	0.932919	0.917648	0.917751	0.9488	0.931998	0.929063	0.750634	0.741884	0	0.716678	0.738874	0.740375	0.759128	0.754453	0.761683	0.759795	0.789147	0.765005	0.833855	0.837843	0.836764	0.841455	0.842687	0.851372	1.11328	1.19088	1.19675	1.19339	1.12116	1.11467	0.953985	0.911959	0.917918	0.927675	0.928671	0.931941	0.90656	0.928184	0.932009	0.908592	0.910737	0.932051	1.08144	1.07464	1.08114	1.08014	1.08154	1.11139	1.10301	1.09053	1.09012	1.08904	1.10247	1.10024	1.08632	1.08966	1.08959	1.09185	1.08918	1.08708	1.09372	1.0938	1.08179	1.07537	1.08247	1.09521	1.1	1.09106	1.10043	1.087	1.08779	1.08874
ERR612549	0.855344	0.829299	0.853356	0.851725	0.865027	0.820511	0.901553	0.891324	0.892161	0.89512	0.913519	0.889478	0.880512	0.882277	0.87376	0.915848	0.9145	0.871684	1.11605	1.13488	1.12542	1.13663	1.12068	1.11786	0.941296	0.925451	0.925902	0.953165	0.940195	0.936262	0.756902	0.749915	0.716678	0	0.746299	0.748094	0.765353	0.760966	0.766169	0.764884	0.793805	0.771062	0.838731	0.842267	0.840763	0.846885	0.846607	0.855679	1.11675	1.20201	1.20732	1.2043	1.124	1.11842	0.953908	0.915041	0.920724	0.92937	0.928962	0.932206	0.909089	0.929733	0.933629	0.911373	0.913399	0.933999	1.08564	1.07916	1.08504	1.08404	1.08535	1.11317	1.10733	1.09558	1.0953	1.09413	1.10673	1.10438	1.0904	1.09361	1.0933	1.09564	1.09242	1.09124	1.09668	1.09692	1.08658	1.07977	1.0863	1.09787	1.10533	1.0971	1.10591	1.09312	1.09404	1.09484
ERR612551	0.868971	0.8453	0.866612	0.865376	0.880111	0.837129	0.916089	0.905449	0.907384	0.908722	0.927778	0.903701	0.892963	0.895051	0.886499	0.924592	0.923131	0.885213	1.12689	1.14489	1.13635	1.14632	1.13127	1.12831	0.949619	0.935715	0.936184	0.962607	0.948774	0.945735	0.775605	0.762437	0.738874	0.746299	0	0.760835	0.78186	0.777692	0.7841	0.7824	0.808053	0.787182	0.854536	0.858049	0.856713	0.861542	0.861963	0.869969	1.12673	1.20304	1.20821	1.20529	1.13398	1.12833	0.968571	0.930408	0.93606	0.944795	0.945062	0.947881	0.921346	0.940913	0.944113	0.923302	0.925123	0.944758	1.09621	1.09006	1.09588	1.09481	1.09615	1.12362	1.11751	1.10593	1.10548	1.10483	1.11688	1.11476	1.10129	1.10434	1.10428	1.10653	1.10408	1.10226	1.10831	1.10828	1.09797	1.09152	1.0978	1.10949	1.11427	1.10591	1.11478	1.10218	1.10302	1.10377
ERR612550	0.870715	0.847569	0.868354	0.867452	0.882639	0.838946	0.917147	0.906225	0.908198	0.910125	0.929028	0.904558	0.894499	0.896484	0.888053	0.925568	0.924285	0.886089	1.12647	1.14446	1.13598	1.14595	1.13073	1.12797	0.950546	0.936621	0.936603	0.963589	0.949447	0.946771	0.776791	0.763876	0.740375	0.748094	0.760835	0	0.783473	0.779762	0.785432	0.784304	0.809297	0.788286	0.856746	0.859743	0.858502	0.863149	0.863845	0.871804	1.12628	1.20136	1.2066	1.20351	1.13347	1.12764	0.970522	0.932377	0.937712	0.946171	0.946988	0.950111	0.923007	0.942506	0.945866	0.924619	0.926705	0.946074	1.09614	1.08974	1.09541	1.0946	1.09584	1.12382	1.11677	1.10503	1.10485	1.10368	1.11619	1.11404	1.10076	1.10392	1.10376	1.10585	1.10337	1.10175	1.10773	1.10789	1.09697	1.09071	1.09728	1.10912	1.11327	1.10511	1.11371	1.10099	1.10213	1.10285
ERR612254	0.848471	0.823202	0.846357	0.8447	0.857358	0.815069	0.897673	0.887133	0.888821	0.891439	0.909823	0.885865	0.87472	0.877142	0.868099	0.909183	0.907918	0.866441	1.11876	1.13755	1.12822	1.13924	1.12379	1.12067	0.936902	0.9224	0.922481	0.950004	0.936172	0.933035	0.793574	0.784796	0.759128	0.765353	0.78186	0.783473	0	0.752284	0.757114	0.755578	0.780448	0.758376	0.834669	0.837948	0.836575	0.842381	0.842616	0.850309	1.11946	1.19807	1.20351	1.2004	1.12653	1.12096	0.950652	0.912586	0.918378	0.92696	0.925546	0.92918	0.90198	0.922411	0.926176	0.903541	0.905327	0.927455	1.08808	1.08178	1.08746	1.08649	1.08788	1.11564	1.10988	1.0977	1.09746	1.09649	1.109	1.10683	1.09311	1.09615	1.0957	1.09809	1.09525	1.0938	1.0999	1.09969	1.0892	1.08282	1.08911	1.10107	1.11611	1.1079	1.11639	1.10373	1.10474	1.1054
ERR612251	0.846515	0.820071	0.843587	0.842373	0.856644	0.811619	0.894977	0.884165	0.885652	0.888024	0.906977	0.882637	0.872569	0.874446	0.865639	0.907404	0.905744	0.863402	1.11534	1.13414	1.12499	1.1358	1.12011	1.11703	0.934947	0.919811	0.920001	0.948421	0.934315	0.930697	0.7902	0.780572	0.754453	0.760966	0.777692	0.779762	0.752284	0	0.751167	0.749995	0.781609	0.757953	0.831954	0.835455	0.83377	0.839231	0.839687	0.847643	1.11598	1.19577	1.20119	1.19798	1.12326	1.11735	0.948574	0.908648	0.914807	0.923672	0.922868	0.926861	0.900319	0.921769	0.92495	0.902532	0.904224	0.925757	1.08421	1.07759	1.08372	1.08273	1.08429	1.11283	1.1058	1.09372	1.09347	1.09245	1.10494	1.10301	1.08924	1.09248	1.09184	1.09429	1.09147	1.08995	1.09576	1.09595	1.08455	1.07843	1.0848	1.0971	1.11188	1.10371	1.11247	1.09949	1.1006	1.10153
ERR612252	0.849719	0.823377	0.847023	0.845195	0.856269	0.815845	0.89751	0.887916	0.888613	0.891528	0.908846	0.886226	0.875888	0.877402	0.869087	0.910982	0.909094	0.867059	1.11751	1.136	1.12671	1.13786	1.12213	1.11922	0.939992	0.924916	0.925481	0.951082	0.939252	0.935372	0.794985	0.78677	0.761683	0.766169	0.7841	0.785432	0.757114	0.751167	0	0.754372	0.785786	0.763535	0.835187	0.838399	0.836844	0.843182	0.842845	0.850704	1.11842	1.20396	1.20916	1.20617	1.12527	1.12014	0.948736	0.91173	0.917414	0.925941	0.9236	0.927439	0.902342	0.922836	0.925968	0.90451	0.906108	0.927125	1.08709	1.08092	1.08647	1.0856	1.08712	1.11379	1.10904	1.09736	1.09737	1.09623	1.10828	1.10631	1.09224	1.09537	1.0947	1.09706	1.09388	1.09302	1.09828	1.09828	1.08858	1.08196	1.08803	1.09949	1.11602	1.10829	1.11664	1.10453	1.10563	1.10612
ERR612253	0.848337	0.82272	0.846225	0.84456	0.857078	0.815165	0.897009	0.887197	0.888462	0.890855	0.909339	0.885531	0.874628	0.876861	0.868171	0.90986	0.908747	0.866942	1.11786	1.13638	1.1271	1.13821	1.12241	1.11932	0.937168	0.922422	0.922793	0.949746	0.9368	0.933074	0.793786	0.785517	0.759795	0.764884	0.7824	0.784304	0.755578	0.749995	0.754372	0	0.784139	0.761424	0.83469	0.838142	0.836582	0.842477	0.842411	0.850152	1.11834	1.19976	1.2052	1.20199	1.12549	1.11993	0.949548	0.912065	0.918115	0.926093	0.924552	0.928567	0.902029	0.922593	0.926014	0.904044	0.905773	0.927433	1.08749	1.08088	1.08674	1.08594	1.08724	1.11458	1.10858	1.09674	1.09668	1.09559	1.10787	1.10595	1.09178	1.09509	1.09457	1.0968	1.09417	1.09297	1.09814	1.09846	1.08804	1.0818	1.08802	1.09974	1.11555	1.10771	1.11578	1.10338	1.1044	1.10508
ERR612255	0.870925	0.849028	0.868536	0.867305	0.878704	0.841832	0.918669	0.908966	0.910622	0.912483	0.929949	0.907419	0.895245	0.897178	0.889407	0.925211	0.924203	0.888351	1.13388	1.15121	1.14283	1.15305	1.13841	1.13549	0.954602	0.941761	0.942008	0.966013	0.953891	0.951091	0.817979	0.809943	0.789147	0.793805	0.808053	0.809297	0.780448	0.781609	0.785786	0.784139	0	0.785734	0.860091	0.863168	0.861741	0.866982	0.866773	0.873296	1.13374	1.20713	1.21238	1.2092	1.14068	1.13543	0.969691	0.935513	0.940887	0.948541	0.947044	0.950424	0.921048	0.939759	0.942519	0.922831	0.924353	0.943846	1.10436	1.09852	1.10405	1.10321	1.10414	1.1303	1.12477	1.11361	1.11352	1.11224	1.12421	1.12218	1.10893	1.11179	1.11162	1.11361	1.11101	1.10974	1.11546	1.11579	1.10557	1.09973	1.1057	1.11665	1.12992	1.12244	1.13045	1.11866	1.11967	1.12021
ERR612256	0.853618	0.828809	0.851131	0.849489	0.862706	0.821017	0.90244	0.892154	0.893413	0.895758	0.914321	0.890666	0.878955	0.881238	0.872463	0.912639	0.911062	0.870924	1.12159	1.14002	1.13096	1.14169	1.12626	1.12302	0.940931	0.926666	0.926464	0.953824	0.940232	0.936924	0.798372	0.789357	0.765005	0.771062	0.787182	0.788286	0.758376	0.757953	0.763535	0.761424	0.785734	0	0.839988	0.843314	0.842194	0.848027	0.847976	0.855391	1.12206	1.19912	1.20441	1.20138	1.12928	1.12363	0.955131	0.918054	0.923593	0.93197	0.930825	0.934068	0.906025	0.926277	0.929178	0.907551	0.90968	0.930655	1.09128	1.08512	1.09083	1.08985	1.09121	1.11869	1.11263	1.10054	1.10042	1.09895	1.11166	1.10963	1.09589	1.09909	1.09864	1.10091	1.09809	1.09652	1.1025	1.1027	1.09222	1.0858	1.09202	1.10384	1.11851	1.11047	1.11873	1.10617	1.10704	1.1082
ERR607656	0.846494	0.81754	0.844248	0.841761	0.850817	0.810202	0.885472	0.876388	0.875647	0.880524	0.897419	0.874398	0.864283	0.866161	0.85655	0.904936	0.902948	0.854602	1.09799	1.11764	1.10748	1.11966	1.10314	1.09969	0.908537	0.889957	0.890305	0.920009	0.907695	0.902054	0.864628	0.858001	0.833855	0.838731	0.854536	0.856746	0.834669	0.831954	0.835187	0.83469	0.860091	0.839988	0	0.722064	0.720555	0.73208	0.73124	0.741614	1.09934	1.20411	1.20932	1.20634	1.10717	1.10128	0.894446	0.853249	0.8602	0.869583	0.866037	0.870521	0.872214	0.895333	0.898462	0.874728	0.876668	0.900347	1.06018	1.05386	1.0596	1.05852	1.06021	1.08872	1.08755	1.07484	1.07461	1.07349	1.08674	1.08439	1.07022	1.07342	1.07273	1.07486	1.07173	1.07112	1.07619	1.07636	1.06551	1.05867	1.06495	1.07734	1.11239	1.10462	1.11313	1.10118	1.1019	1.10276
ERR607654	0.848904	0.820744	0.846269	0.844503	0.852618	0.813253	0.888112	0.878833	0.878477	0.883066	0.899721	0.877171	0.866557	0.868842	0.85923	0.906485	0.904519	0.857094	1.1001	1.11961	1.10958	1.12188	1.10535	1.10194	0.912575	0.894297	0.894662	0.923281	0.911717	0.905972	0.867684	0.861121	0.837843	0.842267	0.858049	0.859743	0.837948	0.835455	0.838399	0.838142	0.863168	0.843314	0.722064	0	0.724685	0.736086	0.735048	0.745038	1.10177	1.20647	1.21174	1.20871	1.10942	1.10384	0.896935	0.856542	0.86357	0.872492	0.86932	0.873544	0.87403	0.896539	0.899765	0.876842	0.878328	0.901823	1.06314	1.0568	1.06263	1.06132	1.06306	1.09112	1.08998	1.07769	1.07748	1.07624	1.08906	1.08705	1.07281	1.07593	1.0755	1.07766	1.07431	1.07378	1.07832	1.07845	1.06804	1.0611	1.06748	1.07994	1.11468	1.10695	1.11564	1.10357	1.10442	1.10529
ERR607655	0.847684	0.81943	0.845183	0.843476	0.851464	0.811875	0.886947	0.877856	0.876941	0.881911	0.89901	0.876125	0.865661	0.867448	0.85807	0.905518	0.904095	0.856122	1.09929	1.1186	1.1085	1.12081	1.10426	1.10093	0.910807	0.892542	0.892845	0.922074	0.910236	0.904549	0.866549	0.859794	0.836764	0.840763	0.856713	0.858502	0.836575	0.83377	0.836844	0.836582	0.861741	0.842194	0.720555	0.724685	0	0.734468	0.733364	0.743352	1.10085	1.20584	1.21128	1.20821	1.10835	1.10264	0.895907	0.854895	0.862475	0.871181	0.867473	0.87166	0.873841	0.896067	0.899487	0.876205	0.878002	0.901548	1.06175	1.05533	1.06145	1.06017	1.06173	1.08978	1.08882	1.07641	1.07603	1.07494	1.08791	1.08566	1.0716	1.07498	1.07406	1.07642	1.07336	1.07247	1.07739	1.07742	1.06704	1.06024	1.06648	1.07889	1.11397	1.10636	1.11477	1.10271	1.10378	1.10419
ERR607652	0.852448	0.826002	0.85035	0.848558	0.85954	0.81839	0.893394	0.883727	0.883851	0.887629	0.905571	0.882087	0.869892	0.871988	0.862672	0.90759	0.90587	0.860432	1.1061	1.12504	1.11579	1.12686	1.11072	1.10759	0.916501	0.899362	0.899819	0.929166	0.916142	0.911045	0.8712	0.864419	0.841455	0.846885	0.861542	0.863149	0.842381	0.839231	0.843182	0.842477	0.866982	0.848027	0.73208	0.736086	0.734468	0	0.739471	0.748533	1.1069	1.20343	1.20904	1.20578	1.11495	1.10872	0.905116	0.862883	0.869886	0.87902	0.877533	0.881658	0.878857	0.900741	0.904718	0.881347	0.883145	0.905815	1.06821	1.06179	1.06781	1.06686	1.06851	1.09759	1.09471	1.08226	1.08197	1.08086	1.09422	1.0919	1.07848	1.08146	1.08109	1.08344	1.08065	1.0792	1.08434	1.08407	1.07277	1.06612	1.07282	1.0858	1.11758	1.10935	1.11824	1.10611	1.10689	1.10772
ERR607653	0.852186	0.825368	0.850177	0.848224	0.856555	0.817957	0.892427	0.883328	0.882795	0.887188	0.903877	0.881812	0.870416	0.872195	0.862938	0.908952	0.907182	0.860833	1.10479	1.12379	1.11412	1.12591	1.10938	1.10638	0.918025	0.900545	0.900792	0.928943	0.917408	0.911799	0.871561	0.865042	0.842687	0.846607	0.861963	0.863845	0.842616	0.839687	0.842845	0.842411	0.866773	0.847976	0.73124	0.735048	0.733364	0.739471	0	0.748198	1.10637	1.20822	1.21347	1.2105	1.11381	1.10805	0.902438	0.862015	0.868624	0.877691	0.87457	0.879145	0.878041	0.899736	0.903371	0.880464	0.882148	0.904976	1.06756	1.06124	1.06712	1.06592	1.06753	1.09551	1.09424	1.08232	1.08174	1.08079	1.09349	1.09146	1.07759	1.0808	1.08002	1.08227	1.07885	1.07832	1.08284	1.08289	1.07257	1.06593	1.0721	1.08435	1.11802	1.11062	1.11893	1.1073	1.10823	1.10909
ERR607651	0.858467	0.833146	0.856411	0.85464	0.863086	0.826652	0.899881	0.890981	0.89096	0.894449	0.911277	0.889082	0.877021	0.87868	0.869982	0.913583	0.911653	0.868332	1.11232	1.13088	1.1216	1.13286	1.11693	1.1138	0.925547	0.909539	0.909462	0.936706	0.925033	0.920152	0.878607	0.872681	0.851372	0.855679	0.869969	0.871804	0.850309	0.847643	0.850704	0.850152	0.873296	0.855391	0.741614	0.745038	0.743352	0.748533	0.748198	0	1.11347	1.2111	1.21618	1.2131	1.12097	1.11549	0.909821	0.870263	0.876739	0.885384	0.88311	0.886883	0.88431	0.90481	0.908548	0.88651	0.888087	0.910253	1.0755	1.06942	1.07505	1.07405	1.07552	1.10271	1.10203	1.08985	1.08974	1.08863	1.10106	1.09926	1.08562	1.08887	1.08814	1.09034	1.08733	1.08645	1.09077	1.09078	1.08039	1.07403	1.08017	1.09199	1.12492	1.11727	1.12552	1.11403	1.11479	1.11546
