	ERR617271	ERR617274	ERR617275	ERR617276	ERR617272	ERR617273	ERR626905	ERR626906	ERR626908	ERR626907	ERR626904	ERR626903	ERR626870	ERR626867	ERR626868	ERR626872	ERR626869	ERR626871	ERR636919	ERR636923	ERR636924	ERR636920	ERR636922	ERR636921	ERR608758	ERR608757	ERR608760	ERR608762	ERR608761	ERR608759	ERR637122	ERR637119	ERR637118	ERR637120	ERR637117	ERR637121	ERR613997	ERR613999	ERR613998	ERR613996	ERR614001	ERR614000	ERR631209	ERR631212	ERR631207	ERR631208	ERR631211	ERR631210	ERR609253	ERR609257	ERR609258	ERR609255	ERR609256	ERR609254	ERR626517	ERR626516	ERR626521	ERR626519	ERR626520	ERR626518	ERR630460	ERR630458	ERR630462	ERR630461	ERR630463	ERR630459	ERR613196	ERR613194	ERR613193	ERR613192	ERR613191	ERR613195	ERR613495	ERR613494	ERR613491	ERR613492	ERR613496	ERR613493	ERR614953	ERR614954	ERR614949	ERR614951	ERR614952	ERR614950	ERR614872	ERR614873	ERR614876	ERR614875	ERR614871	ERR614874	ERR630268	ERR630269	ERR630267	ERR630270	ERR630266	ERR630271
ERR617271	0	0.803253	0.804395	0.803484	0.818097	0.81625	0.935665	0.963173	0.924868	0.964225	0.93697	0.927739	0.94889	0.91564	0.924874	0.91613	0.923693	0.949939	0.916298	0.90062	0.900711	0.904736	0.900157	0.90426	0.910048	0.936802	0.896661	0.90754	0.894247	0.899301	0.950583	0.947014	0.94831	0.952974	0.956492	0.952428	0.944962	0.947008	0.966985	0.935635	0.946351	0.945931	1.05325	1.06582	1.06238	1.06602	1.06469	1.06515	1.07012	1.06845	1.06912	1.07285	1.08646	1.07064	1.03701	1.02867	1.03927	1.04039	1.03907	1.05009	0.913529	0.910086	0.908527	0.906895	0.906138	0.918749	1.08519	1.08923	1.06103	1.05658	1.05191	1.08459	1.09624	1.0945	1.08236	1.08268	1.09584	1.08259	1.07374	1.07252	1.09006	1.09055	1.07264	1.08726	1.07645	1.0811	1.06046	1.06093	1.07934	1.06055	1.0801	1.08791	1.0748	1.08349	1.06372	1.09147
ERR617274	0.803253	0	0.773507	0.772384	0.798155	0.796717	0.915562	0.943865	0.902911	0.945137	0.917334	0.906105	0.931758	0.897096	0.907917	0.897178	0.906405	0.933447	0.901294	0.883835	0.884538	0.886418	0.88351	0.888317	0.894868	0.928066	0.878128	0.892472	0.875455	0.882165	0.935205	0.932432	0.932283	0.93828	0.942594	0.93686	0.929004	0.930438	0.955626	0.918293	0.929494	0.929361	1.03621	1.04995	1.04656	1.04955	1.0491	1.04951	1.0533	1.05221	1.05353	1.05827	1.07024	1.05476	1.02231	1.01297	1.02414	1.02516	1.02376	1.03836	0.899834	0.896335	0.893723	0.891187	0.89127	0.907602	1.0744	1.07926	1.04845	1.04332	1.03713	1.07412	1.08394	1.08231	1.07077	1.07116	1.08405	1.07126	1.06038	1.05877	1.07877	1.07864	1.05922	1.07534	1.06581	1.07019	1.0477	1.0487	1.06928	1.04797	1.06839	1.07699	1.0636	1.072	1.05114	1.08181
ERR617275	0.804395	0.773507	0	0.773702	0.799024	0.79756	0.915963	0.944135	0.903435	0.945365	0.917981	0.906796	0.932133	0.897965	0.908774	0.897911	0.906793	0.933555	0.902218	0.885289	0.886294	0.887683	0.88514	0.88993	0.895105	0.928647	0.878717	0.892972	0.876157	0.882603	0.936129	0.933745	0.932921	0.938912	0.943355	0.938248	0.929821	0.931119	0.956336	0.919149	0.930099	0.930277	1.03615	1.04945	1.04648	1.04927	1.04902	1.04902	1.05317	1.05196	1.05349	1.05833	1.0701	1.0548	1.02222	1.01301	1.02397	1.02545	1.02365	1.03867	0.900647	0.897547	0.894666	0.892671	0.892754	0.908729	1.07474	1.07969	1.04884	1.04373	1.03749	1.07443	1.08448	1.08294	1.07165	1.07181	1.0845	1.07183	1.06071	1.05918	1.07909	1.07881	1.05938	1.0756	1.06547	1.06987	1.04762	1.04872	1.06942	1.04788	1.06851	1.07734	1.06389	1.07217	1.05123	1.08202
ERR617276	0.803484	0.772384	0.773702	0	0.797833	0.796952	0.914828	0.943249	0.902748	0.944278	0.917024	0.905317	0.931359	0.896853	0.907697	0.896702	0.905829	0.932405	0.901315	0.88421	0.884584	0.886129	0.883372	0.888336	0.893991	0.927772	0.877182	0.891558	0.874951	0.881879	0.934639	0.932184	0.931637	0.937855	0.941861	0.936489	0.928296	0.929637	0.955272	0.917765	0.928609	0.928737	1.03569	1.04936	1.04623	1.04917	1.04863	1.04891	1.05305	1.0519	1.05315	1.05802	1.06998	1.05437	1.02179	1.01251	1.02374	1.02473	1.02331	1.03827	0.900149	0.896628	0.89367	0.891388	0.891483	0.907812	1.07423	1.07938	1.04826	1.04366	1.03692	1.07389	1.08365	1.08211	1.07086	1.07081	1.0839	1.07108	1.06007	1.05871	1.07856	1.07855	1.05897	1.07504	1.06541	1.06981	1.04731	1.04853	1.06911	1.04734	1.06831	1.07684	1.06355	1.07187	1.05119	1.08183
ERR617272	0.818097	0.798155	0.799024	0.797833	0	0.812575	0.931028	0.957341	0.919712	0.958284	0.932441	0.922804	0.945095	0.913624	0.922627	0.913541	0.921529	0.946452	0.914539	0.899451	0.899887	0.901982	0.898919	0.903369	0.908539	0.938727	0.893938	0.906292	0.891422	0.897112	0.951871	0.949097	0.948965	0.954817	0.958333	0.953717	0.943127	0.944796	0.967554	0.933295	0.943795	0.944104	1.04955	1.06203	1.05889	1.06201	1.06155	1.06168	1.06639	1.06515	1.06634	1.07068	1.08246	1.06775	1.03498	1.02685	1.03696	1.03801	1.03668	1.04986	0.913354	0.910495	0.907879	0.906146	0.905962	0.920288	1.08533	1.08998	1.06087	1.05628	1.05034	1.08505	1.09495	1.0936	1.08261	1.08258	1.09512	1.08267	1.07286	1.07165	1.09012	1.0901	1.07202	1.08671	1.07673	1.08113	1.06014	1.06067	1.07991	1.05996	1.08058	1.08892	1.07591	1.08386	1.0643	1.0932
ERR617273	0.81625	0.796717	0.79756	0.796952	0.812575	0	0.92971	0.955955	0.918253	0.957244	0.931302	0.921086	0.943724	0.911469	0.921293	0.911916	0.919528	0.944973	0.913543	0.898293	0.898783	0.900934	0.897735	0.901996	0.907346	0.937822	0.892604	0.905151	0.890137	0.896204	0.950052	0.946896	0.947381	0.952752	0.956406	0.951812	0.941567	0.943331	0.965793	0.931826	0.942479	0.942207	1.04848	1.06106	1.05804	1.06111	1.0603	1.06062	1.06512	1.06389	1.06494	1.06941	1.08132	1.06625	1.03369	1.0251	1.03556	1.0368	1.03539	1.04858	0.911829	0.908828	0.906505	0.904795	0.904431	0.918669	1.08345	1.08824	1.05908	1.05429	1.0486	1.0832	1.09342	1.09168	1.08044	1.08081	1.0934	1.08049	1.07115	1.07002	1.08853	1.08834	1.07019	1.0853	1.0752	1.07952	1.05833	1.05923	1.0785	1.05843	1.07913	1.0873	1.07437	1.08209	1.06235	1.09121
ERR626905	0.935665	0.915562	0.915963	0.914828	0.931028	0.92971	0	0.815576	0.769018	0.817795	0.783658	0.770417	0.86799	0.834344	0.845414	0.832995	0.842946	0.870004	0.912402	0.899034	0.899558	0.899748	0.898279	0.902307	0.913283	0.944101	0.898644	0.910246	0.896925	0.901344	0.922215	0.921357	0.91937	0.925407	0.929689	0.923774	0.878216	0.879268	0.909008	0.868325	0.878166	0.878703	1.06655	1.07936	1.07616	1.07867	1.07933	1.07872	1.06387	1.06369	1.06501	1.07095	1.07979	1.06565	1.04701	1.03822	1.04825	1.04952	1.04793	1.06337	0.860779	0.858248	0.854105	0.851412	0.852578	0.870924	1.0981	1.10313	1.07344	1.06852	1.06136	1.09792	1.10705	1.10556	1.09564	1.09579	1.10707	1.09566	1.08241	1.08088	1.10061	1.0996	1.08141	1.09676	1.09189	1.09501	1.07479	1.07587	1.09544	1.07497	1.09165	1.09996	1.08756	1.09479	1.07542	1.10556
ERR626906	0.963173	0.943865	0.944135	0.943249	0.957341	0.955955	0.815576	0	0.804732	0.839804	0.818585	0.807951	0.891737	0.866397	0.875895	0.865385	0.873437	0.893547	0.937229	0.927039	0.927969	0.926227	0.926287	0.929905	0.937219	0.966031	0.923733	0.934676	0.923107	0.927189	0.954944	0.954861	0.952073	0.957589	0.961658	0.956292	0.907635	0.90678	0.935201	0.898486	0.906365	0.90671	1.08798	1.09978	1.09661	1.09851	1.09951	1.09937	1.08473	1.08502	1.08645	1.09231	1.09877	1.08709	1.07055	1.06242	1.07107	1.07199	1.07053	1.08581	0.891666	0.889814	0.885318	0.883042	0.884958	0.900935	1.11905	1.12422	1.0963	1.09172	1.0846	1.11915	1.12612	1.12491	1.11695	1.11687	1.12658	1.11677	1.1044	1.10309	1.12117	1.11953	1.1034	1.11766	1.11355	1.11621	1.09774	1.09909	1.11722	1.09812	1.11465	1.12239	1.11107	1.11741	1.0997	1.12798
ERR626908	0.924868	0.902911	0.903435	0.902748	0.919712	0.918253	0.769018	0.804732	0	0.806797	0.772348	0.758129	0.858164	0.82143	0.833652	0.820127	0.83138	0.86021	0.903254	0.888323	0.889044	0.889317	0.887804	0.891967	0.904872	0.937256	0.888731	0.901706	0.886979	0.891941	0.910379	0.909114	0.907259	0.913775	0.918514	0.911795	0.86755	0.868588	0.90005	0.85671	0.867363	0.868062	1.05753	1.07086	1.06736	1.06983	1.07055	1.07038	1.05462	1.0546	1.05592	1.06186	1.07139	1.0567	1.03787	1.02837	1.03879	1.0401	1.03834	1.05465	0.850173	0.847589	0.842948	0.839962	0.841414	0.861226	1.09017	1.09582	1.06448	1.05965	1.05209	1.09018	1.09909	1.0974	1.08719	1.08721	1.09926	1.08735	1.07358	1.07202	1.09245	1.09142	1.07253	1.08877	1.08386	1.08719	1.06614	1.06707	1.08743	1.06611	1.08277	1.09155	1.07861	1.08616	1.06601	1.09746
ERR626907	0.964225	0.945137	0.945365	0.944278	0.958284	0.957244	0.817795	0.839804	0.806797	0	0.820461	0.809857	0.892605	0.867117	0.876747	0.866634	0.874466	0.894726	0.93836	0.928671	0.929108	0.927407	0.927811	0.931302	0.937892	0.966164	0.925052	0.935513	0.923795	0.928339	0.955882	0.955917	0.952905	0.958648	0.96267	0.957016	0.908609	0.908262	0.936062	0.899732	0.907454	0.907985	1.08997	1.10111	1.09836	1.1002	1.1011	1.10085	1.08643	1.08682	1.08795	1.09379	1.10041	1.08832	1.07166	1.06426	1.07247	1.07337	1.07214	1.08739	0.89243	0.890998	0.886281	0.883927	0.885568	0.901762	1.11995	1.1251	1.09772	1.09315	1.08603	1.12024	1.12751	1.12631	1.11783	1.11793	1.12784	1.11814	1.10601	1.10489	1.12278	1.12127	1.10513	1.1194	1.11466	1.11734	1.09929	1.10014	1.11811	1.09969	1.1163	1.12383	1.11249	1.11891	1.10128	1.12961
ERR626904	0.93697	0.917334	0.917981	0.917024	0.932441	0.931302	0.783658	0.818585	0.772348	0.820461	0	0.773707	0.869763	0.835107	0.846228	0.834557	0.844511	0.871538	0.913173	0.899905	0.900419	0.900587	0.898891	0.903271	0.91405	0.944456	0.900013	0.911555	0.898493	0.902857	0.923373	0.922031	0.919906	0.926225	0.930449	0.924484	0.879274	0.880175	0.908631	0.869244	0.879365	0.880002	1.06799	1.08064	1.07728	1.08019	1.08028	1.08011	1.06525	1.06511	1.0662	1.07196	1.08127	1.06709	1.04781	1.03942	1.04916	1.05059	1.04893	1.06344	0.861709	0.858965	0.855462	0.852856	0.853889	0.871302	1.09867	1.10383	1.07408	1.06926	1.06235	1.09884	1.10768	1.10609	1.09577	1.09593	1.10786	1.0957	1.08303	1.08178	1.10074	1.09989	1.08208	1.09705	1.09226	1.09543	1.07549	1.07642	1.09583	1.07587	1.09213	1.10042	1.08802	1.09532	1.07586	1.10606
ERR626903	0.927739	0.906105	0.906796	0.905317	0.922804	0.921086	0.770417	0.807951	0.758129	0.809857	0.773707	0	0.860775	0.82436	0.83648	0.823561	0.834285	0.862738	0.905642	0.891413	0.891737	0.891567	0.890468	0.894679	0.906998	0.939526	0.891472	0.904038	0.889338	0.894435	0.913325	0.912156	0.910054	0.916723	0.921223	0.914661	0.870483	0.871085	0.90263	0.859631	0.870696	0.871012	1.05849	1.07197	1.06834	1.0711	1.07171	1.07162	1.0555	1.05539	1.05659	1.06284	1.07197	1.05771	1.03919	1.03001	1.0405	1.04159	1.03985	1.05613	0.853121	0.850409	0.846705	0.84391	0.844688	0.864109	1.09159	1.09697	1.06586	1.06078	1.05342	1.09168	1.10019	1.09853	1.08847	1.08857	1.10026	1.08852	1.07497	1.07363	1.09374	1.09256	1.07386	1.08997	1.08484	1.0882	1.0673	1.06798	1.08879	1.06758	1.08416	1.09302	1.07995	1.08759	1.06741	1.09872
ERR626870	0.94889	0.931758	0.932133	0.931359	0.945095	0.943724	0.86799	0.891737	0.858164	0.892605	0.869763	0.860775	0	0.808008	0.81882	0.807481	0.81723	0.841321	0.918973	0.906652	0.907702	0.907165	0.905814	0.909206	0.924832	0.952616	0.912449	0.922786	0.910462	0.914701	0.93117	0.930215	0.928489	0.933671	0.937067	0.931991	0.88155	0.882209	0.907392	0.872326	0.881171	0.881598	1.07696	1.08888	1.08571	1.08865	1.08896	1.08886	1.08427	1.08401	1.08545	1.0902	1.09919	1.0859	1.05729	1.04941	1.05841	1.05963	1.05811	1.07125	0.890896	0.888576	0.885861	0.884039	0.884271	0.898659	1.10379	1.10912	1.08042	1.0758	1.06975	1.10388	1.11919	1.11781	1.10823	1.10828	1.11939	1.10849	1.09693	1.09581	1.11361	1.11265	1.09574	1.11004	1.09649	1.10042	1.08085	1.08169	1.10013	1.08078	1.10511	1.11261	1.10095	1.10823	1.08963	1.11751
ERR626867	0.91564	0.897096	0.897965	0.896853	0.913624	0.911469	0.834344	0.866397	0.82143	0.867117	0.835107	0.82436	0.808008	0	0.772431	0.761471	0.770666	0.809936	0.886718	0.870237	0.870735	0.872764	0.869194	0.873805	0.894289	0.925297	0.879835	0.892412	0.877221	0.881863	0.887848	0.886135	0.885702	0.891359	0.895661	0.889757	0.843444	0.845545	0.872816	0.832197	0.844158	0.844459	1.04931	1.06322	1.05928	1.06333	1.06264	1.06242	1.05875	1.05804	1.05954	1.06443	1.07587	1.06003	1.0263	1.01761	1.02806	1.02951	1.02793	1.04088	0.852568	0.849881	0.847295	0.845376	0.844823	0.861621	1.07724	1.08261	1.05063	1.04555	1.03952	1.07681	1.09486	1.09323	1.08156	1.08178	1.0948	1.08167	1.06895	1.06728	1.08687	1.08673	1.06778	1.08338	1.06777	1.07255	1.05019	1.05103	1.07183	1.05071	1.0757	1.0843	1.07124	1.07967	1.05885	1.08925
ERR626868	0.924874	0.907917	0.908774	0.907697	0.922627	0.921293	0.845414	0.875895	0.833652	0.876747	0.846228	0.83648	0.81882	0.772431	0	0.774705	0.783536	0.820291	0.89595	0.880489	0.881249	0.883321	0.879767	0.884057	0.902864	0.931556	0.889802	0.900704	0.887333	0.891283	0.899872	0.898154	0.897497	0.902899	0.90685	0.901312	0.853491	0.855465	0.880976	0.843848	0.854928	0.85494	1.05859	1.07155	1.06815	1.07206	1.07114	1.07117	1.06826	1.06705	1.06873	1.07277	1.0845	1.06921	1.03565	1.02758	1.03743	1.03903	1.03737	1.04893	0.862066	0.859407	0.85757	0.855716	0.85512	0.870317	1.08478	1.0897	1.05936	1.05465	1.0489	1.08433	1.10185	1.10015	1.08861	1.08863	1.10199	1.08908	1.07677	1.07572	1.09403	1.09421	1.07552	1.09053	1.07591	1.08058	1.05909	1.05998	1.07978	1.05923	1.08358	1.0921	1.07911	1.08749	1.06717	1.0963
ERR626872	0.91613	0.897178	0.897911	0.896702	0.913541	0.911916	0.832995	0.865385	0.820127	0.866634	0.834557	0.823561	0.807481	0.761471	0.774705	0	0.772873	0.809494	0.886082	0.869507	0.87037	0.872481	0.868865	0.873483	0.894157	0.925026	0.879928	0.891842	0.877515	0.881971	0.887743	0.886827	0.88546	0.891083	0.895622	0.889567	0.842854	0.844526	0.872374	0.831845	0.843784	0.843871	1.05015	1.06364	1.06024	1.0638	1.0635	1.06334	1.05985	1.05873	1.06038	1.0651	1.07687	1.06119	1.02708	1.01824	1.02878	1.03038	1.02857	1.04176	0.851892	0.849287	0.846769	0.844066	0.843996	0.860883	1.07777	1.08318	1.05158	1.04677	1.04043	1.07762	1.09571	1.09395	1.08239	1.08255	1.0955	1.08254	1.06976	1.06842	1.08793	1.08791	1.06863	1.08453	1.06885	1.07366	1.05152	1.05231	1.07275	1.05151	1.07688	1.08534	1.07219	1.0806	1.05979	1.09021
ERR626869	0.923693	0.906405	0.906793	0.905829	0.921529	0.919528	0.842946	0.873437	0.83138	0.874466	0.844511	0.834285	0.81723	0.770666	0.783536	0.772873	0	0.818836	0.894885	0.878955	0.879747	0.881571	0.878262	0.882302	0.901962	0.931374	0.888722	0.899791	0.886254	0.890546	0.898713	0.897159	0.896241	0.901853	0.905993	0.900192	0.852583	0.854217	0.880734	0.842369	0.85338	0.85347	1.05665	1.06998	1.06645	1.07026	1.06952	1.06936	1.06641	1.06544	1.06666	1.07113	1.08268	1.06753	1.03423	1.02595	1.03612	1.03746	1.03573	1.04816	0.861199	0.858652	0.85634	0.854365	0.853773	0.869295	1.08361	1.08864	1.05808	1.05339	1.04749	1.08329	1.10103	1.09945	1.08814	1.08816	1.10107	1.0881	1.07604	1.07496	1.09354	1.09343	1.075	1.09008	1.07496	1.08004	1.05804	1.0588	1.07881	1.05814	1.08308	1.09139	1.07856	1.08661	1.06666	1.09589
ERR626871	0.949939	0.933447	0.933555	0.932405	0.946452	0.944973	0.870004	0.893547	0.86021	0.894726	0.871538	0.862738	0.841321	0.809936	0.820291	0.809494	0.818836	0	0.919873	0.907849	0.90825	0.908177	0.907022	0.910597	0.926808	0.954053	0.914116	0.924498	0.912492	0.916312	0.931622	0.931191	0.929293	0.934741	0.938704	0.933017	0.882486	0.882963	0.907905	0.873272	0.882395	0.882463	1.07814	1.09035	1.08674	1.08968	1.0899	1.0898	1.08569	1.08541	1.08678	1.09149	1.10033	1.08706	1.05803	1.05017	1.05899	1.0603	1.05894	1.07123	0.891752	0.889468	0.887034	0.885288	0.885396	0.89956	1.10499	1.10993	1.08159	1.07727	1.07104	1.1049	1.1203	1.11867	1.10914	1.10933	1.12017	1.1095	1.09801	1.09679	1.11457	1.11385	1.09703	1.11121	1.09714	1.10121	1.08162	1.08223	1.10077	1.0815	1.10587	1.11323	1.10191	1.10905	1.09095	1.11826
ERR636919	0.916298	0.901294	0.902218	0.901315	0.914539	0.913543	0.912402	0.937229	0.903254	0.93836	0.913173	0.905642	0.918973	0.886718	0.89595	0.886082	0.894885	0.919873	0	0.776958	0.777666	0.778256	0.77685	0.779737	0.919078	0.945892	0.906233	0.916659	0.904061	0.908545	0.85392	0.852212	0.851493	0.856279	0.860143	0.854595	0.896697	0.898748	0.920816	0.88873	0.897533	0.897613	1.07485	1.08635	1.08348	1.08688	1.08566	1.08611	1.08724	1.08621	1.08741	1.09141	1.10243	1.08852	1.0429	1.03606	1.04454	1.04578	1.04447	1.05513	0.893038	0.890602	0.887495	0.886136	0.886137	0.899325	1.09853	1.1029	1.07502	1.07041	1.06534	1.09843	1.11747	1.11577	1.10555	1.1056	1.1174	1.10516	1.09533	1.09406	1.11143	1.11154	1.09441	1.10841	1.08915	1.09346	1.07345	1.07388	1.09254	1.07358	1.10142	1.1092	1.09717	1.10484	1.08654	1.11313
ERR636923	0.90062	0.883835	0.885289	0.88421	0.899451	0.898293	0.899034	0.927039	0.888323	0.928671	0.899905	0.891413	0.906652	0.870237	0.880489	0.869507	0.878955	0.907849	0.776958	0	0.753793	0.76107	0.753565	0.762036	0.906087	0.934525	0.892052	0.903386	0.889253	0.894826	0.832321	0.83056	0.830695	0.834914	0.840298	0.834096	0.880781	0.883385	0.907108	0.871835	0.882262	0.882371	1.06309	1.0755	1.07227	1.07576	1.07485	1.07487	1.07613	1.07452	1.0756	1.07983	1.09214	1.07713	1.03039	1.02262	1.03214	1.03367	1.0322	1.04352	0.877538	0.874586	0.870886	0.869966	0.869711	0.883806	1.08699	1.09157	1.06213	1.05736	1.05222	1.08669	1.10589	1.10424	1.09295	1.09287	1.10573	1.09295	1.08236	1.08065	1.09901	1.09929	1.08107	1.09555	1.07733	1.08204	1.06067	1.06148	1.08063	1.06057	1.088	1.09583	1.08332	1.0914	1.07212	1.09963
ERR636924	0.900711	0.884538	0.886294	0.884584	0.899887	0.898783	0.899558	0.927969	0.889044	0.929108	0.900419	0.891737	0.907702	0.870735	0.881249	0.87037	0.879747	0.90825	0.777666	0.753793	0	0.761621	0.753876	0.762889	0.906236	0.934216	0.892603	0.903635	0.889724	0.89493	0.833091	0.830818	0.831033	0.835726	0.840692	0.834429	0.881492	0.884084	0.907573	0.872652	0.882878	0.882959	1.06342	1.07571	1.0728	1.07648	1.07508	1.07514	1.07669	1.0752	1.0762	1.08046	1.09295	1.0778	1.03074	1.02333	1.03266	1.0341	1.03261	1.04366	0.87757	0.874678	0.871107	0.870115	0.870058	0.883959	1.0873	1.09155	1.06236	1.05786	1.05272	1.08684	1.10593	1.10424	1.09289	1.09285	1.10609	1.09267	1.08261	1.08096	1.09888	1.09938	1.08127	1.09588	1.07752	1.08231	1.06096	1.06169	1.08096	1.06113	1.08787	1.09594	1.08313	1.0914	1.07198	1.09962
ERR636920	0.904736	0.886418	0.887683	0.886129	0.901982	0.900934	0.899748	0.926227	0.889317	0.927407	0.900587	0.891567	0.907165	0.872764	0.883321	0.872481	0.881571	0.908177	0.778256	0.76107	0.761621	0	0.761249	0.765045	0.908719	0.93846	0.894063	0.905965	0.891386	0.896781	0.838137	0.836979	0.836012	0.8412	0.846221	0.839663	0.884346	0.886301	0.91147	0.875131	0.885393	0.885665	1.06297	1.07532	1.07222	1.07557	1.07487	1.07489	1.07514	1.07433	1.07554	1.08028	1.09101	1.0766	1.03107	1.02367	1.03279	1.03423	1.03289	1.04521	0.881763	0.879166	0.875922	0.874594	0.874887	0.889302	1.08897	1.09348	1.06365	1.05881	1.05289	1.08852	1.10735	1.1059	1.09521	1.09529	1.10751	1.0953	1.08444	1.08297	1.10162	1.10124	1.08326	1.09814	1.0793	1.08326	1.06211	1.06281	1.08276	1.06236	1.09063	1.09876	1.08664	1.09392	1.07479	1.10316
ERR636922	0.900157	0.88351	0.88514	0.883372	0.898919	0.897735	0.898279	0.926287	0.887804	0.927811	0.898891	0.890468	0.905814	0.869194	0.879767	0.868865	0.878262	0.907022	0.77685	0.753565	0.753876	0.761249	0	0.762371	0.905205	0.933578	0.891368	0.902593	0.889071	0.893808	0.831875	0.829571	0.829891	0.834461	0.839501	0.833427	0.880197	0.882846	0.906448	0.871326	0.881544	0.881838	1.06226	1.07474	1.0717	1.07536	1.07407	1.07405	1.07495	1.0737	1.07479	1.07905	1.09141	1.07621	1.02985	1.02199	1.03148	1.033	1.03149	1.04259	0.877071	0.874344	0.871057	0.869661	0.869318	0.883766	1.08646	1.09073	1.06144	1.05676	1.05159	1.08586	1.10525	1.10364	1.09248	1.0924	1.10532	1.0925	1.08163	1.08019	1.09838	1.09865	1.08046	1.09527	1.077	1.08152	1.05993	1.06071	1.08029	1.06011	1.0873	1.09498	1.08273	1.09081	1.07133	1.09926
ERR636921	0.90426	0.888317	0.88993	0.888336	0.903369	0.901996	0.902307	0.929905	0.891967	0.931302	0.903271	0.894679	0.909206	0.873805	0.884057	0.873483	0.882302	0.910597	0.779737	0.762036	0.762889	0.765045	0.762371	0	0.908586	0.936809	0.895373	0.905906	0.892764	0.897567	0.83794	0.835865	0.835779	0.840455	0.844917	0.839321	0.884694	0.887002	0.910049	0.876191	0.88634	0.886368	1.06498	1.07745	1.07399	1.07797	1.07649	1.0769	1.07765	1.0762	1.07724	1.08155	1.09354	1.07874	1.03229	1.02481	1.03429	1.03554	1.03429	1.04508	0.881045	0.878401	0.875137	0.87405	0.873939	0.887693	1.08882	1.0929	1.06372	1.05918	1.05399	1.08821	1.1079	1.10611	1.0949	1.09487	1.10791	1.09479	1.08468	1.08317	1.10114	1.10127	1.08346	1.09785	1.07892	1.08342	1.06241	1.06325	1.08221	1.06258	1.09014	1.09826	1.0856	1.09372	1.07427	1.10188
ERR608758	0.910048	0.894868	0.895105	0.893991	0.908539	0.907346	0.913283	0.937219	0.904872	0.937892	0.91405	0.906998	0.924832	0.894289	0.902864	0.894157	0.901962	0.926808	0.919078	0.906087	0.906236	0.908719	0.905205	0.908586	0	0.873491	0.830139	0.841765	0.827351	0.830193	0.931663	0.928947	0.929473	0.934004	0.937149	0.932664	0.919801	0.920873	0.941525	0.91178	0.91991	0.920641	1.06707	1.07913	1.07591	1.07902	1.07857	1.07844	1.07905	1.07812	1.07932	1.08318	1.09447	1.08049	1.05	1.04255	1.05171	1.05298	1.05167	1.06268	0.90922	0.906676	0.905071	0.903302	0.903311	0.915248	1.09266	1.09708	1.06875	1.06428	1.05909	1.09251	1.10914	1.10737	1.09617	1.09685	1.10903	1.09694	1.08453	1.08313	1.10059	1.101	1.08368	1.09777	1.08422	1.08832	1.06799	1.06859	1.08725	1.06813	1.09731	1.10496	1.09291	1.10031	1.0818	1.10909
ERR608757	0.936802	0.928066	0.928647	0.927772	0.938727	0.937822	0.944101	0.966031	0.937256	0.966164	0.944456	0.939526	0.952616	0.925297	0.931556	0.925026	0.931374	0.954053	0.945892	0.934525	0.934216	0.93846	0.933578	0.936809	0.873491	0	0.86617	0.873172	0.863692	0.864463	0.959449	0.956322	0.958495	0.961709	0.964122	0.96043	0.947426	0.950042	0.963846	0.941927	0.948964	0.949809	1.0928	1.10329	1.10082	1.10464	1.10283	1.10256	1.10453	1.10288	1.10373	1.1061	1.11908	1.10495	1.07518	1.06924	1.07766	1.0787	1.07753	1.08475	0.934952	0.932738	0.931304	0.930974	0.930253	0.938214	1.11214	1.11544	1.09133	1.08766	1.08404	1.1118	1.12911	1.12748	1.11649	1.11692	1.1289	1.11694	1.10586	1.10517	1.11974	1.12073	1.10538	1.11723	1.10439	1.10897	1.09055	1.09082	1.10693	1.09067	1.11684	1.12376	1.1126	1.12012	1.103	1.12654
ERR608760	0.896661	0.878128	0.878717	0.877182	0.893938	0.892604	0.898644	0.923733	0.888731	0.925052	0.900013	0.891472	0.912449	0.879835	0.889802	0.879928	0.888722	0.914116	0.906233	0.892052	0.892603	0.894063	0.891368	0.895373	0.830139	0.86617	0	0.824971	0.807079	0.816839	0.917398	0.915474	0.914748	0.920387	0.92367	0.918988	0.906477	0.907435	0.93176	0.897194	0.906373	0.907161	1.05451	1.06756	1.06414	1.06727	1.06694	1.06686	1.0671	1.06655	1.06769	1.07249	1.0832	1.06889	1.03808	1.02977	1.03944	1.0407	1.03934	1.05267	0.89738	0.894977	0.89252	0.890692	0.890858	0.904895	1.08371	1.08855	1.05851	1.05365	1.04759	1.08345	1.09997	1.09847	1.08728	1.08747	1.1002	1.08771	1.07435	1.07301	1.09215	1.09133	1.07344	1.08855	1.07526	1.07905	1.05765	1.0586	1.07847	1.0581	1.08779	1.09605	1.08317	1.09106	1.07183	1.10062
ERR608762	0.90754	0.892472	0.892972	0.891558	0.906292	0.905151	0.910246	0.934676	0.901706	0.935513	0.911555	0.904038	0.922786	0.892412	0.900704	0.891842	0.899791	0.924498	0.916659	0.903386	0.903635	0.905965	0.902593	0.905906	0.841765	0.873172	0.824971	0	0.821952	0.830189	0.928943	0.926274	0.926724	0.931471	0.934572	0.929951	0.917892	0.919255	0.93967	0.909694	0.918085	0.919192	1.06665	1.07877	1.07579	1.07919	1.07825	1.07807	1.07875	1.07756	1.07874	1.08256	1.09421	1.07988	1.04938	1.04214	1.05085	1.05242	1.05088	1.06201	0.906832	0.904595	0.902475	0.901038	0.900615	0.912858	1.09248	1.09684	1.06867	1.06427	1.05896	1.09213	1.10894	1.10721	1.09636	1.09659	1.10901	1.09666	1.08436	1.08338	1.10067	1.10087	1.08358	1.09764	1.08367	1.08782	1.06765	1.06824	1.08705	1.06789	1.09701	1.10456	1.09249	1.10012	1.08155	1.10858
ERR608761	0.894247	0.875455	0.876157	0.874951	0.891422	0.890137	0.896925	0.923107	0.886979	0.923795	0.898493	0.889338	0.910462	0.877221	0.887333	0.877515	0.886254	0.912492	0.904061	0.889253	0.889724	0.891386	0.889071	0.892764	0.827351	0.863692	0.807079	0.821952	0	0.813835	0.914027	0.911615	0.911646	0.917113	0.920354	0.915461	0.903885	0.905044	0.929438	0.89468	0.904135	0.904491	1.05265	1.06579	1.06231	1.06562	1.0652	1.06524	1.06561	1.06476	1.06612	1.0708	1.0816	1.06695	1.03576	1.02744	1.03738	1.03845	1.03717	1.0505	0.895157	0.892682	0.890521	0.88851	0.888236	0.902387	1.08157	1.08658	1.05615	1.05118	1.04521	1.08123	1.09793	1.09611	1.08511	1.08531	1.09801	1.08555	1.07237	1.07104	1.09018	1.08979	1.07147	1.08667	1.0728	1.0773	1.05537	1.05625	1.07646	1.05552	1.08556	1.0936	1.0811	1.08894	1.06929	1.09835
ERR608759	0.899301	0.882165	0.882603	0.881879	0.897112	0.896204	0.901344	0.927189	0.891941	0.928339	0.902857	0.894435	0.914701	0.881863	0.891283	0.881971	0.890546	0.916312	0.908545	0.894826	0.89493	0.896781	0.893808	0.897567	0.830193	0.864463	0.816839	0.830189	0.813835	0	0.919062	0.916384	0.916508	0.92148	0.924825	0.919788	0.908536	0.909759	0.932002	0.899927	0.908867	0.909765	1.0572	1.06984	1.06696	1.07001	1.06971	1.06927	1.06953	1.06858	1.06992	1.07403	1.08551	1.07093	1.03959	1.03191	1.04167	1.04287	1.04158	1.05368	0.898733	0.896273	0.894591	0.892522	0.892506	0.905747	1.08433	1.08928	1.05949	1.05472	1.04905	1.08412	1.101	1.09958	1.08818	1.08831	1.10114	1.08846	1.07552	1.07449	1.09266	1.09256	1.07468	1.08962	1.07553	1.07998	1.05886	1.05937	1.07892	1.05869	1.08866	1.09654	1.08399	1.09185	1.07245	1.10088
ERR637122	0.950583	0.935205	0.936129	0.934639	0.951871	0.950052	0.922215	0.954944	0.910379	0.955882	0.923373	0.913325	0.93117	0.887848	0.899872	0.887743	0.898713	0.931622	0.85392	0.832321	0.833091	0.838137	0.831875	0.83794	0.931663	0.959449	0.917398	0.928943	0.914027	0.919062	0	0.740571	0.74146	0.741473	0.749378	0.740376	0.900388	0.904408	0.925339	0.891212	0.90312	0.903498	1.07207	1.08572	1.08227	1.08663	1.08512	1.08492	1.08117	1.07939	1.08067	1.08445	1.09851	1.08188	1.04085	1.03288	1.04371	1.04528	1.04342	1.05358	0.913232	0.91026	0.909144	0.907596	0.906973	0.920741	1.09215	1.09694	1.06571	1.06102	1.05644	1.0917	1.1133	1.11151	1.0983	1.09856	1.11333	1.09851	1.08931	1.08773	1.10639	1.10709	1.08824	1.10324	1.08229	1.08713	1.06493	1.06597	1.08584	1.06512	1.0928	1.10131	1.08807	1.09692	1.07659	1.10442
ERR637119	0.947014	0.932432	0.933745	0.932184	0.949097	0.946896	0.921357	0.954861	0.909114	0.955917	0.922031	0.912156	0.930215	0.886135	0.898154	0.886827	0.897159	0.931191	0.852212	0.83056	0.830818	0.836979	0.829571	0.835865	0.928947	0.956322	0.915474	0.926274	0.911615	0.916384	0.740571	0	0.737062	0.743199	0.745328	0.74204	0.898857	0.903303	0.923258	0.890023	0.901916	0.902436	1.07001	1.08336	1.08005	1.08458	1.08286	1.08276	1.07937	1.07706	1.07843	1.08194	1.09701	1.07988	1.03848	1.03058	1.04164	1.0433	1.04168	1.05093	0.910975	0.9075	0.906672	0.905572	0.90426	0.917509	1.08908	1.09385	1.06254	1.05796	1.05392	1.08866	1.11062	1.10871	1.09502	1.09548	1.11071	1.09526	1.08596	1.08461	1.10298	1.10415	1.0851	1.09996	1.07929	1.08458	1.0621	1.06305	1.08245	1.06216	1.08927	1.09757	1.08409	1.09295	1.07283	1.10058
ERR637118	0.94831	0.932283	0.932921	0.931637	0.948965	0.947381	0.91937	0.952073	0.907259	0.952905	0.919906	0.910054	0.928489	0.885702	0.897497	0.88546	0.896241	0.929293	0.851493	0.830695	0.831033	0.836012	0.829891	0.835779	0.929473	0.958495	0.914748	0.926724	0.911646	0.916508	0.74146	0.737062	0	0.743532	0.745612	0.742948	0.898207	0.902354	0.924016	0.889324	0.901086	0.901682	1.06954	1.08348	1.08001	1.08433	1.08297	1.08264	1.0784	1.07654	1.07798	1.0819	1.09587	1.0793	1.03834	1.03051	1.04146	1.04303	1.04149	1.05163	0.911438	0.908415	0.90777	0.905722	0.905296	0.919096	1.09044	1.09499	1.06353	1.059	1.05393	1.09009	1.11102	1.10923	1.09622	1.09648	1.11097	1.09617	1.08696	1.08535	1.10409	1.10481	1.08575	1.10118	1.08039	1.08556	1.06266	1.06397	1.08365	1.06309	1.0906	1.09907	1.08597	1.0946	1.07408	1.10243
ERR637120	0.952974	0.93828	0.938912	0.937855	0.954817	0.952752	0.925407	0.957589	0.913775	0.958648	0.926225	0.916723	0.933671	0.891359	0.902899	0.891083	0.901853	0.934741	0.856279	0.834914	0.835726	0.8412	0.834461	0.840455	0.934004	0.961709	0.920387	0.931471	0.917113	0.92148	0.741473	0.743199	0.743532	0	0.751541	0.743155	0.902749	0.907087	0.927372	0.894578	0.90574	0.906157	1.07451	1.08782	1.08441	1.08885	1.0875	1.08721	1.08371	1.08181	1.08298	1.0869	1.10084	1.08445	1.04291	1.03552	1.04578	1.04768	1.04566	1.0556	0.915635	0.913007	0.911676	0.910291	0.909569	0.922894	1.09385	1.09837	1.06772	1.06309	1.05862	1.09342	1.11559	1.11364	1.10078	1.10094	1.11563	1.10085	1.09183	1.0906	1.10856	1.10931	1.09089	1.10562	1.08379	1.08889	1.06675	1.06752	1.08723	1.06691	1.09513	1.10362	1.09053	1.099	1.07916	1.10672
ERR637117	0.956492	0.942594	0.943355	0.941861	0.958333	0.956406	0.929689	0.961658	0.918514	0.96267	0.930449	0.921223	0.937067	0.895661	0.90685	0.895622	0.905993	0.938704	0.860143	0.840298	0.840692	0.846221	0.839501	0.844917	0.937149	0.964122	0.92367	0.934572	0.920354	0.924825	0.749378	0.745328	0.745612	0.751541	0	0.751492	0.906734	0.910914	0.929939	0.898216	0.909353	0.909768	1.07771	1.09106	1.08755	1.09217	1.09065	1.09015	1.08698	1.08512	1.08643	1.08968	1.10411	1.08759	1.04616	1.03881	1.0492	1.0508	1.04914	1.05828	0.919244	0.916482	0.915782	0.914029	0.913319	0.926109	1.09651	1.10117	1.0707	1.06637	1.06209	1.09612	1.11835	1.1165	1.10344	1.10386	1.11825	1.10376	1.09468	1.09333	1.11108	1.11209	1.09392	1.10839	1.08631	1.09164	1.06941	1.07053	1.08969	1.06952	1.09804	1.10638	1.09309	1.10205	1.08229	1.10939
ERR637121	0.952428	0.93686	0.938248	0.936489	0.953717	0.951812	0.923774	0.956292	0.911795	0.957016	0.924484	0.914661	0.931991	0.889757	0.901312	0.889567	0.900192	0.933017	0.854595	0.834096	0.834429	0.839663	0.833427	0.839321	0.932664	0.96043	0.918988	0.929951	0.915461	0.919788	0.740376	0.74204	0.742948	0.743155	0.751492	0	0.901446	0.905554	0.926474	0.892913	0.904252	0.904954	1.07377	1.08749	1.08405	1.08825	1.08681	1.08665	1.0828	1.08086	1.08227	1.08617	1.10004	1.08364	1.04231	1.03493	1.04553	1.04707	1.04537	1.055	0.914674	0.911867	0.910622	0.908944	0.908253	0.922061	1.09363	1.09827	1.0673	1.06262	1.05815	1.0931	1.11496	1.11291	1.10018	1.10031	1.11491	1.10034	1.09131	1.08983	1.1083	1.10906	1.09023	1.10522	1.0837	1.08863	1.06629	1.06747	1.08725	1.06662	1.09474	1.10316	1.08993	1.09874	1.07862	1.10612
ERR613997	0.944962	0.929004	0.929821	0.928296	0.943127	0.941567	0.878216	0.907635	0.86755	0.908609	0.879274	0.870483	0.88155	0.843444	0.853491	0.842854	0.852583	0.882486	0.896697	0.880781	0.881492	0.884346	0.880197	0.884694	0.919801	0.947426	0.906477	0.917892	0.903885	0.908536	0.900388	0.898857	0.898207	0.902749	0.906734	0.901446	0	0.802524	0.826623	0.788415	0.802097	0.802269	1.07245	1.0843	1.08121	1.08468	1.08383	1.08366	1.0863	1.08499	1.0863	1.09035	1.10184	1.08738	1.04218	1.03555	1.04407	1.04522	1.04385	1.05418	0.877092	0.874945	0.873023	0.871204	0.87039	0.884677	1.09409	1.09843	1.0703	1.06575	1.06073	1.09385	1.11651	1.11522	1.10417	1.10437	1.1167	1.10454	1.09436	1.09315	1.11002	1.11026	1.0934	1.10688	1.08463	1.0891	1.06871	1.0692	1.08783	1.06897	1.10043	1.10815	1.09606	1.10358	1.08477	1.11198
ERR613999	0.947008	0.930438	0.931119	0.929637	0.944796	0.943331	0.879268	0.90678	0.868588	0.908262	0.880175	0.871085	0.882209	0.845545	0.855465	0.844526	0.854217	0.882963	0.898748	0.883385	0.884084	0.886301	0.882846	0.887002	0.920873	0.950042	0.907435	0.919255	0.905044	0.909759	0.904408	0.903303	0.902354	0.907087	0.910914	0.905554	0.802524	0	0.831812	0.79313	0.800467	0.80076	1.07302	1.085	1.08191	1.08519	1.08456	1.08454	1.08697	1.08636	1.08735	1.09187	1.10238	1.08857	1.04394	1.0369	1.04493	1.04638	1.04495	1.05625	0.879844	0.877907	0.875575	0.873876	0.873301	0.88836	1.09635	1.1009	1.07285	1.06786	1.06298	1.0961	1.11869	1.11708	1.10667	1.10657	1.11869	1.10685	1.09661	1.09512	1.1126	1.1124	1.0955	1.10928	1.08729	1.0914	1.07108	1.07164	1.09057	1.07117	1.10298	1.11077	1.09889	1.10647	1.08824	1.11491
ERR613998	0.966985	0.955626	0.956336	0.955272	0.967554	0.965793	0.909008	0.935201	0.90005	0.936062	0.908631	0.90263	0.907392	0.872816	0.880976	0.872374	0.880734	0.907905	0.920816	0.907108	0.907573	0.91147	0.906448	0.910049	0.941525	0.963846	0.93176	0.93967	0.929438	0.932002	0.925339	0.923258	0.924016	0.927372	0.929939	0.926474	0.826623	0.831812	0	0.819864	0.831029	0.831394	1.09176	1.10266	1.09964	1.10378	1.10198	1.10207	1.10575	1.1041	1.10528	1.10814	1.12035	1.10623	1.06105	1.05557	1.06294	1.06452	1.06322	1.06979	0.901142	0.898818	0.898007	0.896984	0.895332	0.906361	1.10867	1.11231	1.08706	1.08293	1.07958	1.10825	1.13254	1.13115	1.12013	1.12044	1.13277	1.12034	1.11184	1.11043	1.12549	1.12627	1.11074	1.12277	1.09914	1.10366	1.08461	1.08503	1.10174	1.08477	1.11693	1.12349	1.11227	1.11981	1.10237	1.1264
ERR613996	0.935635	0.918293	0.919149	0.917765	0.933295	0.931826	0.868325	0.898486	0.85671	0.899732	0.869244	0.859631	0.872326	0.832197	0.843848	0.831845	0.842369	0.873272	0.88873	0.871835	0.872652	0.875131	0.871326	0.876191	0.91178	0.941927	0.897194	0.909694	0.89468	0.899927	0.891212	0.890023	0.889324	0.894578	0.898216	0.892913	0.788415	0.79313	0.819864	0	0.792288	0.792214	1.06374	1.07613	1.07305	1.07669	1.07562	1.07573	1.07819	1.07726	1.07829	1.08274	1.09408	1.07956	1.03393	1.02672	1.03551	1.03716	1.03559	1.0469	0.86919	0.86614	0.864125	0.862256	0.861561	0.877329	1.08778	1.09233	1.06291	1.05799	1.05273	1.08739	1.10938	1.10806	1.09676	1.09699	1.10973	1.09729	1.0862	1.08478	1.10279	1.10275	1.08492	1.09967	1.07824	1.08291	1.0616	1.06229	1.08174	1.06163	1.09244	1.1002	1.08806	1.09578	1.07653	1.10439
ERR614001	0.946351	0.929494	0.930099	0.928609	0.943795	0.942479	0.878166	0.906365	0.867363	0.907454	0.879365	0.870696	0.881171	0.844158	0.854928	0.843784	0.85338	0.882395	0.897533	0.882262	0.882878	0.885393	0.881544	0.88634	0.91991	0.948964	0.906373	0.918085	0.904135	0.908867	0.90312	0.901916	0.901086	0.90574	0.909353	0.904252	0.802097	0.800467	0.831029	0.792288	0	0.799959	1.07285	1.08468	1.08192	1.08496	1.08437	1.08459	1.08676	1.086	1.08736	1.09141	1.1022	1.08835	1.04368	1.03676	1.04493	1.04626	1.04496	1.05595	0.878962	0.876555	0.874429	0.87268	0.872126	0.886956	1.09588	1.10039	1.07246	1.06786	1.06252	1.09582	1.11846	1.11698	1.10656	1.1066	1.11835	1.10678	1.09627	1.09483	1.11234	1.11221	1.09533	1.10925	1.08692	1.09118	1.07081	1.07145	1.09034	1.07092	1.10282	1.11054	1.09833	1.10596	1.08769	1.11446
ERR614000	0.945931	0.929361	0.930277	0.928737	0.944104	0.942207	0.878703	0.90671	0.868062	0.907985	0.880002	0.871012	0.881598	0.844459	0.85494	0.843871	0.85347	0.882463	0.897613	0.882371	0.882959	0.885665	0.881838	0.886368	0.920641	0.949809	0.907161	0.919192	0.904491	0.909765	0.903498	0.902436	0.901682	0.906157	0.909768	0.904954	0.802269	0.80076	0.831394	0.792214	0.799959	0	1.07246	1.08429	1.08114	1.08463	1.08405	1.08391	1.0867	1.08584	1.08712	1.09127	1.10184	1.08817	1.04327	1.03644	1.04458	1.04596	1.04438	1.05574	0.879365	0.877035	0.87463	0.872989	0.872428	0.887882	1.09587	1.10018	1.07207	1.06713	1.06231	1.09531	1.11776	1.11642	1.10579	1.10592	1.11791	1.1061	1.09573	1.09469	1.11196	1.11194	1.09502	1.10862	1.08671	1.09097	1.07073	1.07092	1.09001	1.0706	1.10223	1.10984	1.09805	1.10552	1.08734	1.11407
ERR631209	1.05325	1.03621	1.03615	1.03569	1.04955	1.04848	1.06655	1.08798	1.05753	1.08997	1.06799	1.05849	1.07696	1.04931	1.05859	1.05015	1.05665	1.07814	1.07485	1.06309	1.06342	1.06297	1.06226	1.06498	1.06707	1.0928	1.05451	1.06665	1.05265	1.0572	1.07207	1.07001	1.06954	1.07451	1.07771	1.07377	1.07245	1.07302	1.09176	1.06374	1.07285	1.07246	0	0.761877	0.758213	0.761444	0.762859	0.761411	0.897558	0.896495	0.898069	0.905584	0.919863	0.898974	0.905446	0.893405	0.90674	0.908335	0.906455	0.927917	1.06083	1.05901	1.05918	1.05744	1.05701	1.06801	0.92219	0.93099	0.887025	0.879014	0.86881	0.923614	0.959526	0.957292	0.942848	0.943035	0.959967	0.943384	0.884648	0.883163	0.909773	0.908455	0.883431	0.905876	0.918421	0.923104	0.892499	0.89486	0.923808	0.893214	0.937026	0.948949	0.930442	0.941166	0.913971	0.956403
ERR631212	1.06582	1.04995	1.04945	1.04936	1.06203	1.06106	1.07936	1.09978	1.07086	1.10111	1.08064	1.07197	1.08888	1.06322	1.07155	1.06364	1.06998	1.09035	1.08635	1.0755	1.07571	1.07532	1.07474	1.07745	1.07913	1.10329	1.06756	1.07877	1.06579	1.06984	1.08572	1.08336	1.08348	1.08782	1.09106	1.08749	1.0843	1.085	1.10266	1.07613	1.08468	1.08429	0.761877	0	0.77736	0.779731	0.778126	0.777062	0.916145	0.914916	0.91631	0.923228	0.936445	0.917253	0.922128	0.911069	0.923571	0.924776	0.922732	0.943099	1.07329	1.07173	1.07145	1.06997	1.06983	1.07994	0.936889	0.944855	0.90445	0.897046	0.887916	0.93778	0.973853	0.971736	0.958273	0.95885	0.97434	0.958918	0.900557	0.899241	0.923576	0.922064	0.899557	0.919946	0.933947	0.938254	0.910655	0.912438	0.938695	0.910864	0.953182	0.963973	0.946738	0.956478	0.931521	0.971229
ERR631207	1.06238	1.04656	1.04648	1.04623	1.05889	1.05804	1.07616	1.09661	1.06736	1.09836	1.07728	1.06834	1.08571	1.05928	1.06815	1.06024	1.06645	1.08674	1.08348	1.07227	1.0728	1.07222	1.0717	1.07399	1.07591	1.10082	1.06414	1.07579	1.06231	1.06696	1.08227	1.08005	1.08001	1.08441	1.08755	1.08405	1.08121	1.08191	1.09964	1.07305	1.08192	1.08114	0.758213	0.77736	0	0.776474	0.77764	0.776662	0.911952	0.910664	0.912211	0.91913	0.932477	0.912932	0.91857	0.907466	0.919989	0.921579	0.919427	0.939373	1.06974	1.06814	1.06802	1.06645	1.06601	1.07666	0.933571	0.941571	0.900453	0.893106	0.883888	0.934781	0.971097	0.968768	0.955308	0.955146	0.971459	0.955611	0.897605	0.896465	0.920998	0.919424	0.896486	0.917392	0.930858	0.934791	0.906882	0.908505	0.935598	0.907109	0.950168	0.96109	0.943623	0.953799	0.928302	0.96847
ERR631208	1.06602	1.04955	1.04927	1.04917	1.06201	1.06111	1.07867	1.09851	1.06983	1.1002	1.08019	1.0711	1.08865	1.06333	1.07206	1.0638	1.07026	1.08968	1.08688	1.07576	1.07648	1.07557	1.07536	1.07797	1.07902	1.10464	1.06727	1.07919	1.06562	1.07001	1.08663	1.08458	1.08433	1.08885	1.09217	1.08825	1.08468	1.08519	1.10378	1.07669	1.08496	1.08463	0.761444	0.779731	0.776474	0	0.780378	0.779814	0.913801	0.91291	0.914642	0.922101	0.934106	0.915215	0.923152	0.912012	0.924189	0.925417	0.923555	0.944491	1.07407	1.07267	1.07226	1.0707	1.07023	1.08129	0.938674	0.946591	0.905676	0.898537	0.888707	0.939808	0.974215	0.972472	0.959619	0.95978	0.974691	0.960017	0.901993	0.90086	0.925651	0.923621	0.901077	0.921859	0.935225	0.939137	0.911548	0.913501	0.940194	0.911646	0.955113	0.965874	0.948967	0.958807	0.933564	0.973609
ERR631211	1.06469	1.0491	1.04902	1.04863	1.06155	1.0603	1.07933	1.09951	1.07055	1.1011	1.08028	1.07171	1.08896	1.06264	1.07114	1.0635	1.06952	1.0899	1.08566	1.07485	1.07508	1.07487	1.07407	1.07649	1.07857	1.10283	1.06694	1.07825	1.0652	1.06971	1.08512	1.08286	1.08297	1.0875	1.09065	1.08681	1.08383	1.08456	1.10198	1.07562	1.08437	1.08405	0.762859	0.778126	0.77764	0.780378	0	0.777344	0.916892	0.915637	0.916986	0.923761	0.937265	0.917878	0.921706	0.910739	0.923098	0.924487	0.92277	0.941908	1.07258	1.07077	1.07046	1.06887	1.06877	1.07915	0.936423	0.944302	0.904093	0.896946	0.887943	0.937441	0.973663	0.971959	0.958182	0.958568	0.973903	0.958741	0.901097	0.899569	0.923729	0.92253	0.900106	0.920105	0.93263	0.937254	0.909441	0.911202	0.937726	0.910087	0.952938	0.963575	0.946226	0.956447	0.93145	0.970905
ERR631210	1.06515	1.04951	1.04902	1.04891	1.06168	1.06062	1.07872	1.09937	1.07038	1.10085	1.08011	1.07162	1.08886	1.06242	1.07117	1.06334	1.06936	1.0898	1.08611	1.07487	1.07514	1.07489	1.07405	1.0769	1.07844	1.10256	1.06686	1.07807	1.06524	1.06927	1.08492	1.08276	1.08264	1.08721	1.09015	1.08665	1.08366	1.08454	1.10207	1.07573	1.08459	1.08391	0.761411	0.777062	0.776662	0.779814	0.777344	0	0.915745	0.914084	0.915936	0.922487	0.936162	0.916355	0.921937	0.910884	0.923249	0.924234	0.922612	0.942327	1.07256	1.07076	1.07064	1.06922	1.0688	1.07928	0.936367	0.944586	0.903827	0.897023	0.887449	0.937651	0.973329	0.971152	0.95792	0.957857	0.973441	0.958219	0.900507	0.899132	0.922985	0.921928	0.899377	0.919813	0.932521	0.937095	0.908957	0.910879	0.937871	0.909461	0.952238	0.962713	0.945625	0.955752	0.93062	0.970041
