	ERR629982	ERR629983	ERR629986	ERR629984	ERR629985	ERR629987	ERR622030	ERR622028	ERR622027	ERR622032	ERR622029	ERR622031	ERR636707	ERR636704	ERR636705	ERR636706	ERR636703	ERR636708	ERR626432	ERR626431	ERR626433	ERR626430	ERR626429	ERR626434	ERR612618	ERR612614	ERR612613	ERR612616	ERR612617	ERR612615	ERR613123	ERR613121	ERR613124	ERR613122	ERR613120	ERR613119	ERR605618	ERR605622	ERR605617	ERR605619	ERR605621	ERR605620	ERR613638	ERR613635	ERR613637	ERR613639	ERR613640	ERR613636	ERR618472	ERR618474	ERR618476	ERR618471	ERR618475	ERR618473	ERR608168	ERR608171	ERR608172	ERR608169	ERR608170	ERR608167	ERR614539	ERR614541	ERR614540	ERR614537	ERR614538	ERR614542	ERR611343	ERR611344	ERR611346	ERR611341	ERR611345	ERR611342	ERR617486	ERR617484	ERR617485	ERR617481	ERR617482	ERR617483	ERR614898	ERR614900	ERR614897	ERR614895	ERR614899	ERR614896	ERR616770	ERR616773	ERR616771	ERR616774	ERR616772	ERR616769	ERR617338	ERR617337	ERR617340	ERR617341	ERR617342	ERR617339
ERR629982	0	0.821033	0.828194	0.800527	0.824866	0.826168	1.07918	1.09128	1.0819	1.07794	1.09132	1.07985	0.983557	0.978325	0.985599	0.983619	0.991347	0.984065	1.06496	1.07763	1.06609	1.076	1.06679	1.06433	1.06484	1.07236	1.04402	1.0633	1.06384	1.05031	1.11359	1.07857	1.11622	1.11891	1.07863	1.0723	1.08686	1.09384	1.07997	1.09004	1.09257	1.09249	1.08192	1.07114	1.0778	1.08179	1.10241	1.07313	0.922613	0.9226	0.921447	0.905541	0.917709	0.912072	0.952333	0.917526	0.91797	0.9571	0.915926	0.956985	0.93885	0.896357	0.897619	0.935177	0.931548	0.904699	0.893136	0.905104	0.900063	0.898722	0.896585	0.902299	0.939851	0.933535	0.932233	0.951773	0.950004	0.949597	0.931756	0.932548	0.958248	0.959491	0.932978	0.954109	0.899935	0.911152	0.892552	0.912954	0.910655	0.911672	0.891548	0.891605	0.875149	0.876316	0.87499	0.890288
ERR629983	0.821033	0	0.846282	0.822935	0.843038	0.844261	1.09092	1.10198	1.0934	1.08962	1.10232	1.09141	0.997797	0.992935	0.998903	0.997669	1.0047	0.998716	1.07764	1.08926	1.07864	1.08757	1.07947	1.07676	1.07602	1.08308	1.05628	1.0746	1.07503	1.06147	1.12491	1.09176	1.12692	1.13004	1.09145	1.08663	1.09855	1.10457	1.09213	1.1018	1.10315	1.10431	1.09366	1.08257	1.0885	1.09342	1.11236	1.08438	0.938641	0.939428	0.938541	0.923177	0.934791	0.92885	0.966272	0.93406	0.934317	0.971031	0.932381	0.969996	0.953346	0.913549	0.914707	0.949644	0.94641	0.920594	0.913196	0.920893	0.918448	0.918006	0.914997	0.921813	0.955764	0.950708	0.949423	0.966608	0.965816	0.965338	0.946498	0.94738	0.971091	0.971908	0.947402	0.967303	0.917863	0.92729	0.910736	0.928793	0.926733	0.928062	0.909346	0.908363	0.894501	0.895462	0.895015	0.907946
ERR629986	0.828194	0.846282	0	0.829704	0.842301	0.843575	1.09341	1.10413	1.09592	1.09194	1.10435	1.09372	0.999934	0.995352	1.00056	1.00007	1.00683	1.00086	1.08101	1.09208	1.08176	1.09045	1.08268	1.08012	1.07825	1.08496	1.05917	1.07698	1.07732	1.06373	1.12912	1.09671	1.13141	1.13432	1.09655	1.09221	1.10162	1.10656	1.09583	1.10494	1.1049	1.10788	1.09623	1.08483	1.09021	1.09622	1.11421	1.08595	0.940382	0.943087	0.942229	0.925993	0.938537	0.931372	0.96849	0.937089	0.937627	0.973296	0.935302	0.97213	0.955814	0.916257	0.917063	0.951732	0.948311	0.920996	0.918289	0.922721	0.921672	0.922556	0.918451	0.926395	0.959982	0.956078	0.955403	0.970283	0.971003	0.970735	0.947894	0.948614	0.972378	0.972317	0.949052	0.967881	0.919707	0.927467	0.913559	0.929333	0.927552	0.928209	0.91487	0.911928	0.900894	0.901763	0.901037	0.913611
ERR629984	0.800527	0.822935	0.829704	0	0.826937	0.828062	1.08034	1.09257	1.08326	1.0789	1.09265	1.08104	0.984581	0.979399	0.986755	0.984827	0.992522	0.985885	1.06623	1.0788	1.06742	1.07748	1.06823	1.06561	1.06578	1.0732	1.04493	1.06447	1.0648	1.05131	1.1146	1.08001	1.11716	1.11989	1.07967	1.07334	1.08816	1.09505	1.08125	1.09128	1.09403	1.09351	1.08353	1.07241	1.07907	1.08345	1.10368	1.0746	0.92435	0.924262	0.922985	0.907135	0.919043	0.913384	0.953737	0.918596	0.919062	0.958169	0.916936	0.958141	0.940031	0.897813	0.899096	0.936707	0.933233	0.906696	0.894806	0.906698	0.902217	0.900906	0.89874	0.904534	0.940974	0.934607	0.93324	0.952728	0.950909	0.950756	0.932722	0.93411	0.959302	0.960349	0.934297	0.955396	0.901738	0.913329	0.894527	0.915014	0.913084	0.91382	0.892698	0.892985	0.877019	0.877945	0.876553	0.891651
ERR629985	0.824866	0.843038	0.842301	0.826937	0	0.841045	1.09133	1.10205	1.09392	1.0899	1.10261	1.09172	0.997575	0.993089	0.99857	0.997511	1.00438	0.998577	1.07881	1.09018	1.07949	1.08825	1.08042	1.07763	1.07649	1.08299	1.05686	1.07492	1.0752	1.06121	1.12701	1.09441	1.12923	1.13208	1.09437	1.08969	1.09947	1.10469	1.09352	1.10276	1.10303	1.10574	1.09394	1.08277	1.08789	1.09391	1.11217	1.08362	0.93823	0.940613	0.939705	0.923444	0.93599	0.929027	0.966333	0.934618	0.935078	0.971456	0.933055	0.970372	0.953413	0.913794	0.914372	0.949282	0.946207	0.918669	0.915317	0.920278	0.919115	0.919594	0.916149	0.924123	0.957596	0.953628	0.952174	0.968016	0.968493	0.968127	0.945685	0.94698	0.970755	0.97103	0.947035	0.966239	0.917599	0.925403	0.911129	0.927449	0.925364	0.926244	0.912422	0.909547	0.897736	0.898892	0.897773	0.910874
ERR629987	0.826168	0.844261	0.843575	0.828062	0.841045	0	1.09246	1.10323	1.09531	1.0911	1.10365	1.09279	0.998765	0.993972	0.999677	0.998727	1.00564	0.999797	1.08007	1.09123	1.08085	1.08965	1.0817	1.07918	1.07765	1.08443	1.0584	1.07632	1.07637	1.0627	1.12798	1.09567	1.13054	1.13328	1.09585	1.09119	1.10126	1.10584	1.09541	1.10415	1.10451	1.10721	1.09516	1.08399	1.08919	1.09528	1.1134	1.08511	0.939304	0.941701	0.940935	0.924777	0.937363	0.930232	0.967095	0.935734	0.935807	0.972072	0.933848	0.970856	0.954077	0.914993	0.915557	0.950204	0.947155	0.919858	0.916928	0.921261	0.92051	0.921381	0.917356	0.925451	0.958308	0.954882	0.953848	0.969189	0.969654	0.969445	0.946341	0.947662	0.971631	0.971279	0.947298	0.966582	0.918653	0.926476	0.912064	0.928166	0.926245	0.927136	0.912419	0.9103	0.898498	0.899656	0.898816	0.911275
ERR622030	1.07918	1.09092	1.09341	1.08034	1.09133	1.09246	0	0.742435	0.732182	0.721055	0.740746	0.722136	1.09371	1.09107	1.09735	1.09385	1.10139	1.09543	0.915685	0.932479	0.916905	0.930207	0.920025	0.91547	0.885834	0.894433	0.864759	0.884906	0.883727	0.872539	0.957063	0.909779	0.960502	0.965235	0.910197	0.903015	0.842466	0.848456	0.835267	0.844031	0.847109	0.846898	0.861709	0.843792	0.851657	0.863599	0.89158	0.846888	1.08031	1.07998	1.07915	1.06818	1.0758	1.07342	1.0492	1.03269	1.03354	1.05187	1.03233	1.05137	1.10637	1.07892	1.07965	1.10408	1.10154	1.08505	1.07942	1.08897	1.08527	1.08399	1.08327	1.08634	1.09714	1.09095	1.09002	1.10543	1.10324	1.10303	1.10251	1.10302	1.12061	1.12184	1.10334	1.11904	1.08184	1.08984	1.07736	1.09082	1.08965	1.08979	1.05017	1.04994	1.03855	1.03896	1.03811	1.04822
ERR622028	1.09128	1.10198	1.10413	1.09257	1.10205	1.10323	0.742435	0	0.747341	0.742513	0.754192	0.743285	1.10547	1.10297	1.10859	1.10549	1.11255	1.10731	0.934745	0.9494	0.935717	0.947486	0.938066	0.934083	0.903035	0.910526	0.884745	0.902305	0.900925	0.890419	0.973942	0.930056	0.976876	0.982053	0.930481	0.924765	0.856408	0.861109	0.850435	0.85763	0.859344	0.860789	0.876703	0.85904	0.86573	0.878304	0.903724	0.861899	1.09141	1.09205	1.09116	1.08012	1.08807	1.08514	1.05402	1.0397	1.04059	1.05628	1.03968	1.05554	1.11662	1.0909	1.09157	1.11468	1.11253	1.0959	1.09241	1.09987	1.09728	1.09629	1.09517	1.09851	1.10898	1.1037	1.1026	1.11656	1.11515	1.11482	1.11328	1.11384	1.13024	1.1312	1.11418	1.12871	1.09352	1.10028	1.08898	1.10133	1.09996	1.10058	1.06342	1.06256	1.05252	1.05314	1.05226	1.06167
ERR622027	1.0819	1.0934	1.09592	1.08326	1.09392	1.09531	0.732182	0.747341	0	0.732188	0.745724	0.733175	1.09625	1.09383	1.09969	1.0965	1.10399	1.09835	0.921997	0.938286	0.923501	0.935818	0.925443	0.921626	0.891935	0.900066	0.872028	0.891069	0.890273	0.87896	0.964147	0.918054	0.967433	0.972235	0.918213	0.911649	0.84879	0.854456	0.842267	0.850494	0.853011	0.853549	0.867456	0.849168	0.856948	0.868983	0.896262	0.852258	1.08291	1.08284	1.08207	1.07071	1.07889	1.07611	1.05064	1.03479	1.03549	1.05263	1.03437	1.05239	1.10864	1.08168	1.08249	1.10661	1.10416	1.08742	1.08232	1.0913	1.08789	1.08658	1.08579	1.08885	1.10028	1.09453	1.09334	1.10813	1.10632	1.10599	1.10524	1.10582	1.12267	1.12404	1.10604	1.12142	1.08456	1.09179	1.07967	1.0932	1.09198	1.09196	1.05381	1.0531	1.04237	1.0429	1.04192	1.05187
ERR622032	1.07794	1.08962	1.09194	1.0789	1.0899	1.0911	0.721055	0.742513	0.732188	0	0.74106	0.721937	1.09258	1.08995	1.09605	1.09272	1.1001	1.09433	0.915181	0.931845	0.916987	0.930022	0.919743	0.914957	0.885496	0.8937	0.864484	0.88466	0.883207	0.871632	0.956943	0.910195	0.960546	0.965351	0.910301	0.903475	0.843189	0.848984	0.836185	0.844769	0.847294	0.847801	0.861053	0.842956	0.850554	0.862551	0.890647	0.846473	1.07877	1.07852	1.0781	1.06659	1.0747	1.07192	1.04847	1.03188	1.0326	1.05093	1.03165	1.05038	1.1053	1.07759	1.07845	1.10291	1.10056	1.08375	1.07863	1.08777	1.08429	1.08298	1.0822	1.08512	1.09606	1.0903	1.08907	1.10422	1.10236	1.10216	1.10116	1.10174	1.11952	1.12031	1.10182	1.11773	1.08048	1.08817	1.07578	1.08932	1.08813	1.08819	1.04922	1.04898	1.03772	1.03828	1.03735	1.04751
ERR622029	1.09132	1.10232	1.10435	1.09265	1.10261	1.10365	0.740746	0.754192	0.745724	0.74106	0	0.741917	1.1048	1.10248	1.10805	1.10519	1.11221	1.10685	0.932406	0.94728	0.933698	0.945794	0.936222	0.932092	0.900962	0.908493	0.882432	0.900442	0.898553	0.888733	0.970757	0.927488	0.974005	0.97872	0.927494	0.921842	0.855394	0.860044	0.849575	0.856622	0.858448	0.859448	0.875022	0.857645	0.864441	0.876364	0.902044	0.860733	1.09229	1.09233	1.0918	1.08082	1.08849	1.0859	1.05454	1.04017	1.04106	1.0569	1.03989	1.05633	1.11709	1.09126	1.0917	1.11514	1.1127	1.0964	1.09252	1.10041	1.0975	1.09657	1.09552	1.0986	1.10917	1.10368	1.10237	1.11669	1.1151	1.11483	1.11371	1.11422	1.13081	1.13173	1.11463	1.12933	1.09414	1.10083	1.08962	1.10201	1.10081	1.1008	1.06342	1.06271	1.05232	1.05287	1.05197	1.06142
ERR622031	1.07985	1.09141	1.09372	1.08104	1.09172	1.09279	0.722136	0.743285	0.733175	0.721937	0.741917	0	1.09437	1.09152	1.09744	1.09408	1.10163	1.09616	0.916607	0.93298	0.917712	0.931142	0.920836	0.916345	0.886245	0.895002	0.865876	0.8855	0.884299	0.87311	0.958181	0.911606	0.961592	0.966522	0.911926	0.905271	0.84368	0.849253	0.836553	0.845025	0.847189	0.847795	0.862221	0.843753	0.851715	0.863434	0.891328	0.847039	1.08065	1.08043	1.07978	1.06849	1.07649	1.07385	1.04989	1.03329	1.03428	1.05216	1.03316	1.05189	1.10686	1.07957	1.08016	1.10447	1.10213	1.08559	1.0807	1.08946	1.08614	1.08507	1.08397	1.08701	1.09792	1.09241	1.09102	1.10603	1.10433	1.10399	1.1032	1.10376	1.12106	1.12222	1.10383	1.11954	1.08248	1.08996	1.07798	1.09091	1.09007	1.09009	1.05096	1.0506	1.03956	1.03975	1.03871	1.04911
ERR636707	0.983557	0.997797	0.999934	0.984581	0.997575	0.998765	1.09371	1.10547	1.09625	1.09258	1.1048	1.09437	0	0.86543	0.874632	0.868814	0.881149	0.86913	1.07977	1.0919	1.08113	1.09052	1.08207	1.07942	1.07911	1.08611	1.06065	1.07782	1.07818	1.06693	1.12487	1.09372	1.127	1.12967	1.09356	1.0878	1.10291	1.1098	1.09683	1.10542	1.10866	1.1077	1.09724	1.08765	1.09399	1.09764	1.11701	1.08964	0.994878	0.994718	0.993345	0.980639	0.99062	0.98565	1.02761	0.999714	1.00037	1.03171	0.998244	1.03184	1.01921	0.98558	0.985468	1.01598	1.01333	0.991491	0.983199	0.991844	0.988634	0.987562	0.985874	0.990015	1.00795	1.00201	1.00076	1.01902	1.01692	1.0164	1.00738	1.00833	1.02868	1.0297	1.00843	1.02537	0.98707	0.995494	0.982064	0.996931	0.994989	0.995298	1.00033	1.00096	0.988235	0.988836	0.987842	0.999358
ERR636704	0.978325	0.992935	0.995352	0.979399	0.993089	0.993972	1.09107	1.10297	1.09383	1.08995	1.10248	1.09152	0.86543	0	0.866379	0.866834	0.872834	0.866816	1.07588	1.08754	1.07722	1.0864	1.0778	1.07515	1.07547	1.08234	1.05647	1.07448	1.07461	1.0628	1.12204	1.0901	1.12414	1.12692	1.08958	1.08395	1.10019	1.10737	1.09413	1.10301	1.10634	1.10468	1.09396	1.08437	1.09095	1.0943	1.11411	1.08666	0.990234	0.989592	0.988574	0.975192	0.985605	0.980443	1.02499	0.995972	0.996573	1.02908	0.994648	1.0289	1.01511	0.980237	0.980608	1.01194	1.0092	0.987098	0.977736	0.986922	0.983501	0.982438	0.980866	0.984708	1.00299	0.996903	0.995839	1.01408	1.01199	1.01176	1.00295	1.00349	1.02457	1.02531	1.00364	1.02119	0.981478	0.990978	0.976474	0.991856	0.99007	0.990564	0.995498	0.995829	0.982989	0.9836	0.982754	0.994273
ERR636705	0.985599	0.998903	1.00056	0.986755	0.99857	0.999677	1.09735	1.10859	1.09969	1.09605	1.10805	1.09744	0.874632	0.866379	0	0.876125	0.881186	0.876207	1.08322	1.09467	1.08446	1.09366	1.08542	1.08274	1.08208	1.08881	1.06364	1.08107	1.08101	1.06935	1.12858	1.09762	1.13085	1.13369	1.09747	1.09237	1.10628	1.11235	1.10009	1.10869	1.1114	1.11077	1.10038	1.0902	1.09646	1.1007	1.11911	1.09236	0.996594	0.997137	0.995566	0.982939	0.992878	0.987983	1.02962	1.00245	1.00282	1.03388	1.00081	1.03337	1.02079	0.987031	0.987034	1.01719	1.01501	0.99258	0.985452	0.992395	0.989968	0.989286	0.987308	0.991929	1.01052	1.00512	1.00386	1.02053	1.01963	1.01918	1.00831	1.00882	1.02936	1.0295	1.00901	1.02572	0.987913	0.99605	0.983026	0.997175	0.995162	0.995574	1.00385	1.00373	0.992012	0.993031	0.992045	1.00302
ERR636706	0.983619	0.997669	1.00007	0.984827	0.997511	0.998727	1.09385	1.10549	1.0965	1.09272	1.10519	1.09408	0.868814	0.866834	0.876125	0	0.882372	0.870623	1.07959	1.09122	1.08101	1.09028	1.0817	1.07904	1.07917	1.08606	1.06093	1.07823	1.07836	1.06688	1.12489	1.09366	1.1269	1.12979	1.09326	1.08736	1.10303	1.10989	1.0969	1.10571	1.10891	1.10775	1.09718	1.08743	1.09394	1.09733	1.11686	1.09005	0.995111	0.994695	0.993405	0.980643	0.990633	0.985584	1.02808	0.999784	1.0005	1.03226	0.998637	1.03247	1.01924	0.9857	0.985593	1.0163	1.01367	0.991619	0.983215	0.992062	0.988766	0.9877	0.986059	0.989992	1.00777	1.00182	1.00103	1.01866	1.01665	1.01616	1.00739	1.0084	1.02901	1.02987	1.00859	1.02539	0.98728	0.995619	0.981729	0.997019	0.995174	0.995666	1.00014	1.00076	0.987917	0.988951	0.987785	0.999531
ERR636703	0.991347	1.0047	1.00683	0.992522	1.00438	1.00564	1.10139	1.11255	1.10399	1.1001	1.11221	1.10163	0.881149	0.872834	0.881186	0.882372	0	0.882991	1.08671	1.09776	1.08778	1.09648	1.08847	1.08595	1.08563	1.092	1.06774	1.08468	1.08443	1.07324	1.1316	1.10117	1.13377	1.13657	1.1011	1.09578	1.11008	1.1163	1.10442	1.1129	1.1155	1.11488	1.10395	1.09416	1.10008	1.10391	1.12252	1.09622	1.00192	1.00238	1.00128	0.988379	0.998202	0.993003	1.03496	1.00796	1.00901	1.03959	1.00705	1.03929	1.02545	0.992619	0.99295	1.0224	1.01984	0.997958	0.991573	0.998666	0.996127	0.995608	0.993666	0.998146	1.01538	1.01032	1.00914	1.02553	1.02483	1.02365	1.01399	1.01483	1.03494	1.03515	1.01482	1.03123	0.994184	1.00202	0.989112	1.00335	1.00117	1.00181	1.0083	1.00791	0.996804	0.997756	0.996821	1.00746
ERR636708	0.984065	0.998716	1.00086	0.985885	0.998577	0.999797	1.09543	1.10731	1.09835	1.09433	1.10685	1.09616	0.86913	0.866816	0.876207	0.870623	0.882991	0	1.08141	1.09296	1.08273	1.09186	1.08328	1.08087	1.08083	1.08757	1.06222	1.07961	1.07961	1.06828	1.12624	1.09515	1.12861	1.13127	1.09477	1.0892	1.10488	1.11165	1.09853	1.10705	1.11071	1.10932	1.09886	1.08935	1.0956	1.09908	1.11847	1.09181	0.99649	0.996233	0.995062	0.982435	0.991965	0.987434	1.02897	1.00087	1.00198	1.03352	0.999954	1.03341	1.02049	0.986825	0.987027	1.01762	1.01463	0.993587	0.984504	0.993486	0.98964	0.988648	0.987428	0.991182	1.00917	1.00329	1.00185	1.01943	1.01831	1.01728	1.00899	1.00954	1.03029	1.03097	1.00991	1.02699	0.988513	0.99711	0.983502	0.998798	0.996529	0.997085	1.00113	1.00187	0.989292	0.989623	0.988811	1.00054
ERR626432	1.06496	1.07764	1.08101	1.06623	1.07881	1.08007	0.915685	0.934745	0.921997	0.915181	0.932406	0.916607	1.07977	1.07588	1.08322	1.07959	1.08671	1.08141	0	0.765182	0.742679	0.764649	0.750152	0.739848	0.892954	0.903219	0.871629	0.892004	0.891542	0.880281	0.954463	0.908616	0.959123	0.961993	0.906791	0.899185	0.927657	0.938144	0.917817	0.931059	0.936882	0.933518	0.900818	0.888394	0.898334	0.902495	0.931649	0.892473	1.06743	1.06573	1.06507	1.05433	1.0618	1.05948	1.10448	1.07976	1.08032	1.10728	1.0783	1.10704	1.09754	1.06928	1.07019	1.09554	1.09311	1.07628	1.06499	1.0769	1.07186	1.07006	1.06963	1.07185	1.08363	1.07726	1.07603	1.09228	1.08908	1.08891	1.09042	1.09069	1.10873	1.11029	1.09085	1.10694	1.0761	1.0849	1.07132	1.08592	1.08496	1.08548	1.04645	1.04709	1.0344	1.03448	1.03398	1.04492
ERR626431	1.07763	1.08926	1.09208	1.0788	1.09018	1.09123	0.932479	0.9494	0.938286	0.931845	0.94728	0.93298	1.0919	1.08754	1.09467	1.09122	1.09776	1.09296	0.765182	0	0.766511	0.780368	0.769061	0.764455	0.90831	0.917063	0.889198	0.906902	0.906528	0.895478	0.968543	0.926388	0.972416	0.975543	0.924884	0.919601	0.944558	0.953268	0.935355	0.947592	0.95255	0.950189	0.916557	0.904731	0.91317	0.917767	0.944184	0.907761	1.08019	1.07921	1.07859	1.06798	1.07533	1.07297	1.11489	1.0917	1.09233	1.11744	1.09062	1.11747	1.10862	1.08218	1.08272	1.10638	1.10429	1.08761	1.07931	1.08883	1.0849	1.08356	1.08269	1.08536	1.09595	1.0906	1.08937	1.10408	1.10179	1.10135	1.10186	1.10213	1.11918	1.12058	1.10219	1.11725	1.08873	1.09682	1.08431	1.09754	1.09642	1.0969	1.05999	1.05988	1.04905	1.0492	1.04843	1.05858
ERR626433	1.06609	1.07864	1.08176	1.06742	1.07949	1.08085	0.916905	0.935717	0.923501	0.916987	0.933698	0.917712	1.08113	1.07722	1.08446	1.08101	1.08778	1.08273	0.742679	0.766511	0	0.766214	0.752427	0.742092	0.893614	0.90392	0.872777	0.892916	0.892599	0.880679	0.956075	0.910257	0.960455	0.963566	0.908972	0.901904	0.929078	0.939101	0.919143	0.932342	0.937962	0.934815	0.902559	0.889959	0.899176	0.904166	0.932178	0.893666	1.06854	1.06715	1.06629	1.05563	1.06294	1.06084	1.10512	1.08083	1.08123	1.10814	1.07956	1.10806	1.09853	1.07043	1.07106	1.09613	1.09395	1.07693	1.06657	1.07776	1.07308	1.07117	1.07098	1.07329	1.08493	1.07886	1.07754	1.0935	1.09071	1.0901	1.09148	1.09153	1.10978	1.11122	1.09143	1.10779	1.07725	1.08591	1.07254	1.08682	1.08575	1.08635	1.04773	1.04821	1.03592	1.03635	1.0355	1.04613
ERR626430	1.076	1.08757	1.09045	1.07748	1.08825	1.08965	0.930207	0.947486	0.935818	0.930022	0.945794	0.931142	1.09052	1.0864	1.09366	1.09028	1.09648	1.09186	0.764649	0.780368	0.766214	0	0.767093	0.764067	0.906698	0.915859	0.887711	0.905738	0.905258	0.894395	0.96907	0.926576	0.973091	0.97687	0.925187	0.91964	0.942042	0.951253	0.933231	0.945408	0.949814	0.948388	0.914862	0.902652	0.911282	0.916385	0.942446	0.905849	1.07803	1.07774	1.07709	1.0663	1.07366	1.07139	1.11348	1.09061	1.09083	1.11606	1.089	1.11611	1.10685	1.08057	1.0809	1.10468	1.10262	1.08565	1.07741	1.08671	1.08306	1.08175	1.0809	1.08367	1.09504	1.08961	1.088	1.10281	1.10084	1.10011	1.1005	1.10079	1.11787	1.11909	1.1005	1.11578	1.08706	1.09471	1.08228	1.0954	1.09444	1.09498	1.0588	1.05843	1.04784	1.04821	1.04729	1.0572
ERR626429	1.06679	1.07947	1.08268	1.06823	1.08042	1.0817	0.920025	0.938066	0.925443	0.919743	0.936222	0.920836	1.08207	1.0778	1.08542	1.0817	1.08847	1.08328	0.750152	0.769061	0.752427	0.767093	0	0.749975	0.897273	0.907167	0.876723	0.89623	0.895932	0.884364	0.959974	0.914417	0.96398	0.967486	0.913219	0.906305	0.931568	0.941808	0.921561	0.93483	0.940721	0.937654	0.905023	0.892254	0.90229	0.906591	0.934538	0.896294	1.06935	1.068	1.0675	1.05644	1.06397	1.06165	1.10596	1.08183	1.08205	1.10879	1.08018	1.10859	1.09898	1.07143	1.07177	1.09695	1.09451	1.07743	1.06693	1.07822	1.07331	1.07152	1.0712	1.07347	1.08565	1.07983	1.07841	1.09423	1.09157	1.09089	1.0924	1.09224	1.11024	1.11199	1.09233	1.10835	1.07823	1.08649	1.07308	1.08748	1.08648	1.08674	1.04891	1.04941	1.03714	1.0375	1.03666	1.04735
ERR626434	1.06433	1.07676	1.08012	1.06561	1.07763	1.07918	0.91547	0.934083	0.921626	0.914957	0.932092	0.916345	1.07942	1.07515	1.08274	1.07904	1.08595	1.08087	0.739848	0.764455	0.742092	0.764067	0.749975	0	0.892227	0.902414	0.871028	0.891086	0.890748	0.879382	0.954319	0.908279	0.958919	0.962083	0.906705	0.899698	0.927673	0.937644	0.917401	0.930657	0.936335	0.933093	0.900595	0.888181	0.897915	0.902484	0.931113	0.891963	1.06693	1.06552	1.06495	1.0541	1.0613	1.05905	1.10385	1.07922	1.07961	1.10648	1.07765	1.10676	1.09709	1.06882	1.06949	1.09477	1.09241	1.07522	1.06481	1.07618	1.07128	1.06956	1.06897	1.07169	1.08342	1.07718	1.07574	1.092	1.08921	1.0886	1.08984	1.09	1.10812	1.10974	1.09	1.10623	1.07538	1.08416	1.0707	1.0851	1.08426	1.08464	1.04572	1.04632	1.03363	1.03436	1.03336	1.04396
ERR612618	1.06484	1.07602	1.07825	1.06578	1.07649	1.07765	0.885834	0.903035	0.891935	0.885496	0.900962	0.886245	1.07911	1.07547	1.08208	1.07917	1.08563	1.08083	0.892954	0.90831	0.893614	0.906698	0.897273	0.892227	0	0.787016	0.755185	0.772225	0.771618	0.762082	0.955307	0.913507	0.958754	0.962114	0.912044	0.907251	0.915448	0.923144	0.907046	0.918528	0.9215	0.922441	0.887438	0.873595	0.881131	0.88904	0.915363	0.876348	1.06363	1.0641	1.06351	1.05142	1.06031	1.05681	1.09405	1.07049	1.07074	1.09716	1.06932	1.09676	1.08675	1.0587	1.05881	1.08401	1.08204	1.06405	1.06362	1.07157	1.06871	1.06802	1.06637	1.0701	1.07847	1.07341	1.0716	1.087	1.0857	1.08525	1.08662	1.08712	1.10503	1.10562	1.08733	1.10302	1.06539	1.07319	1.06068	1.07398	1.0725	1.07285	1.03019	1.02948	1.01929	1.0201	1.01905	1.02868
ERR612614	1.07236	1.08308	1.08496	1.0732	1.08299	1.08443	0.894433	0.910526	0.900066	0.8937	0.908493	0.895002	1.08611	1.08234	1.08881	1.08606	1.092	1.08757	0.903219	0.917063	0.90392	0.915859	0.907167	0.902414	0.787016	0	0.765014	0.785851	0.784472	0.770288	0.965732	0.926076	0.968814	0.972192	0.924752	0.920859	0.924569	0.931197	0.916868	0.926844	0.929125	0.931475	0.89568	0.882428	0.888794	0.897493	0.922479	0.884046	1.07081	1.07177	1.07125	1.05892	1.06796	1.06431	1.09997	1.07759	1.07797	1.10332	1.07667	1.10255	1.09324	1.06625	1.06662	1.09058	1.08874	1.07099	1.07184	1.07821	1.07629	1.07573	1.07409	1.07809	1.0862	1.08165	1.08007	1.09418	1.09325	1.09304	1.093	1.09388	1.11087	1.11169	1.0939	1.10909	1.07286	1.07962	1.06828	1.08077	1.0794	1.07958	1.03835	1.03735	1.02803	1.02867	1.02782	1.037
ERR612613	1.04402	1.05628	1.05917	1.04493	1.05686	1.0584	0.864759	0.884745	0.872028	0.864484	0.882432	0.865876	1.06065	1.05647	1.06364	1.06093	1.06774	1.06222	0.871629	0.889198	0.872777	0.887711	0.876723	0.871028	0.755185	0.765014	0	0.753887	0.752884	0.733704	0.936764	0.889075	0.940682	0.94399	0.887802	0.881153	0.894688	0.904079	0.885201	0.897979	0.902205	0.901888	0.868674	0.853791	0.862965	0.870527	0.90013	0.856891	1.04295	1.04297	1.04265	1.02948	1.03902	1.03523	1.07616	1.05045	1.0507	1.0795	1.04923	1.07905	1.06877	1.03768	1.03836	1.06525	1.06342	1.04437	1.04203	1.05153	1.04795	1.04671	1.04559	1.04913	1.05877	1.05318	1.05099	1.0679	1.06604	1.06593	1.06814	1.06874	1.08801	1.08895	1.06868	1.08572	1.04469	1.0534	1.03965	1.05429	1.0529	1.05283	1.00997	1.00972	0.997844	0.998622	0.997653	1.00866
ERR612616	1.0633	1.0746	1.07698	1.06447	1.07492	1.07632	0.884906	0.902305	0.891069	0.88466	0.900442	0.8855	1.07782	1.07448	1.08107	1.07823	1.08468	1.07961	0.892004	0.906902	0.892916	0.905738	0.89623	0.891086	0.772225	0.785851	0.753887	0	0.770047	0.760343	0.955186	0.91316	0.958393	0.962072	0.911542	0.90698	0.915225	0.922983	0.906733	0.918308	0.921312	0.922134	0.886591	0.872838	0.88048	0.889007	0.914972	0.875363	1.06204	1.06279	1.06217	1.05	1.05885	1.05502	1.09357	1.06938	1.06997	1.09628	1.06831	1.09562	1.08558	1.05731	1.05767	1.08262	1.08074	1.06258	1.06217	1.06983	1.06715	1.06653	1.06502	1.06903	1.07681	1.07237	1.07042	1.08556	1.08418	1.08413	1.08506	1.08574	1.10368	1.10442	1.08581	1.10155	1.06377	1.07129	1.05884	1.0725	1.07092	1.07115	1.02897	1.02832	1.01808	1.01871	1.01788	1.02759
ERR612617	1.06384	1.07503	1.07732	1.0648	1.0752	1.07637	0.883727	0.900925	0.890273	0.883207	0.898553	0.884299	1.07818	1.07461	1.08101	1.07836	1.08443	1.07961	0.891542	0.906528	0.892599	0.905258	0.895932	0.890748	0.771618	0.784472	0.752884	0.770047	0	0.759356	0.95532	0.91321	0.95872	0.962052	0.911638	0.907275	0.914468	0.921755	0.905954	0.917457	0.919907	0.9216	0.885799	0.871658	0.878974	0.887607	0.913664	0.873884	1.06227	1.06309	1.06239	1.05024	1.05913	1.05553	1.09318	1.0695	1.06993	1.09622	1.06841	1.09564	1.08572	1.05747	1.05781	1.08272	1.08086	1.06277	1.06261	1.06978	1.06737	1.06688	1.06501	1.06936	1.07736	1.07275	1.07086	1.08604	1.08475	1.08439	1.08549	1.08605	1.10369	1.10458	1.08627	1.10187	1.06402	1.0715	1.05942	1.07237	1.07089	1.07116	1.02939	1.02854	1.01859	1.01936	1.01842	1.02791
ERR612615	1.05031	1.06147	1.06373	1.05131	1.06121	1.0627	0.872539	0.890419	0.87896	0.871632	0.888733	0.87311	1.06693	1.0628	1.06935	1.06688	1.07324	1.06828	0.880281	0.895478	0.880679	0.894395	0.884364	0.879382	0.762082	0.770288	0.733704	0.760343	0.759356	0	0.946931	0.901381	0.949974	0.953861	0.900058	0.895811	0.90193	0.908762	0.893247	0.90515	0.907088	0.910412	0.874445	0.859128	0.866623	0.876442	0.904079	0.860782	1.04759	1.04914	1.0488	1.03514	1.04522	1.04077	1.08121	1.05701	1.05721	1.08484	1.05557	1.08397	1.07352	1.04366	1.04413	1.07019	1.06839	1.04845	1.04903	1.05549	1.05336	1.05315	1.05133	1.05598	1.06517	1.06082	1.05889	1.07392	1.07319	1.07282	1.07281	1.07328	1.09216	1.09243	1.07355	1.0899	1.04939	1.05683	1.04496	1.05772	1.05637	1.05664	1.01736	1.01572	1.00584	1.00685	1.00593	1.01583
ERR613123	1.11359	1.12491	1.12912	1.1146	1.12701	1.12798	0.957063	0.973942	0.964147	0.956943	0.970757	0.958181	1.12487	1.12204	1.12858	1.12489	1.1316	1.12624	0.954463	0.968543	0.956075	0.96907	0.959974	0.954319	0.955307	0.965732	0.936764	0.955186	0.95532	0.946931	0	0.828039	0.872389	0.874553	0.828064	0.819663	0.944684	0.955902	0.936276	0.946095	0.956116	0.945179	0.946681	0.939393	0.948805	0.948186	0.975728	0.94488	1.11984	1.11609	1.11558	1.10807	1.11311	1.11222	1.12902	1.10961	1.11009	1.13124	1.1088	1.13185	1.13564	1.11173	1.11245	1.13455	1.13272	1.12032	1.11381	1.12744	1.1204	1.11835	1.11887	1.11986	1.12916	1.12208	1.12068	1.13774	1.13324	1.13258	1.1382	1.13849	1.15452	1.15608	1.13835	1.15314	1.12044	1.12973	1.11644	1.1308	1.12993	1.1303	1.09278	1.09594	1.08234	1.08305	1.08183	1.09232
ERR613121	1.07857	1.09176	1.09671	1.08001	1.09441	1.09567	0.909779	0.930056	0.918054	0.910195	0.927488	0.911606	1.09372	1.0901	1.09762	1.09366	1.10117	1.09515	0.908616	0.926388	0.910257	0.926576	0.914417	0.908279	0.913507	0.926076	0.889075	0.91316	0.91321	0.901381	0.828039	0	0.833066	0.835945	0.764608	0.752151	0.896062	0.909866	0.885637	0.898313	0.909832	0.897474	0.902902	0.891515	0.90348	0.904068	0.936412	0.898526	1.08459	1.08038	1.07975	1.07077	1.07642	1.07586	1.09654	1.07399	1.07409	1.09859	1.07286	1.09945	1.10472	1.07643	1.07718	1.1027	1.10051	1.08626	1.0764	1.09287	1.08451	1.0818	1.0826	1.08359	1.09565	1.08786	1.08615	1.10521	1.10017	1.09946	1.10704	1.10699	1.12482	1.12701	1.10711	1.12369	1.08501	1.09593	1.08049	1.09691	1.09609	1.0962	1.05675	1.06042	1.04454	1.0452	1.04398	1.05556
ERR613124	1.11622	1.12692	1.13141	1.11716	1.12923	1.13054	0.960502	0.976876	0.967433	0.960546	0.974005	0.961592	1.127	1.12414	1.13085	1.1269	1.13377	1.12861	0.959123	0.972416	0.960455	0.973091	0.96398	0.958919	0.958754	0.968814	0.940682	0.958393	0.95872	0.949974	0.872389	0.833066	0	0.878187	0.833021	0.825438	0.947995	0.958877	0.939561	0.949096	0.959367	0.948357	0.949954	0.942929	0.951881	0.951748	0.977888	0.948316	1.12219	1.11865	1.11823	1.11041	1.11541	1.11462	1.13089	1.11169	1.1121	1.13273	1.11108	1.13342	1.13813	1.11426	1.11494	1.13653	1.13466	1.1224	1.11624	1.12964	1.12323	1.12103	1.12128	1.12227	1.13171	1.12488	1.1234	1.14002	1.13572	1.13506	1.14045	1.14078	1.15634	1.15832	1.14072	1.15528	1.12253	1.13169	1.11886	1.13282	1.13212	1.13198	1.0958	1.09843	1.08537	1.08593	1.08499	1.09491
ERR613122	1.11891	1.13004	1.13432	1.11989	1.13208	1.13328	0.965235	0.982053	0.972235	0.965351	0.97872	0.966522	1.12967	1.12692	1.13369	1.12979	1.13657	1.13127	0.961993	0.975543	0.963566	0.97687	0.967486	0.962083	0.962114	0.972192	0.94399	0.962072	0.962052	0.953861	0.874553	0.835945	0.878187	0	0.835768	0.828093	0.952828	0.963917	0.94413	0.953587	0.964757	0.952851	0.954129	0.947273	0.955805	0.955394	0.9818	0.952834	1.12573	1.12181	1.12131	1.11403	1.11844	1.11805	1.13478	1.11538	1.11595	1.13691	1.11482	1.13743	1.1406	1.1171	1.11767	1.1393	1.13723	1.12551	1.11913	1.1331	1.12627	1.12405	1.12447	1.12542	1.13428	1.12718	1.1259	1.14284	1.1384	1.13758	1.14319	1.14362	1.15909	1.16058	1.14353	1.1578	1.12607	1.1358	1.12213	1.13626	1.1357	1.13597	1.09823	1.10166	1.08817	1.08839	1.08761	1.09759
ERR613120	1.07863	1.09145	1.09655	1.07967	1.09437	1.09585	0.910197	0.930481	0.918213	0.910301	0.927494	0.911926	1.09356	1.08958	1.09747	1.09326	1.1011	1.09477	0.906791	0.924884	0.908972	0.925187	0.913219	0.906705	0.912044	0.924752	0.887802	0.911542	0.911638	0.900058	0.828064	0.764608	0.833021	0.835768	0	0.751318	0.896784	0.911051	0.886143	0.898869	0.91078	0.898244	0.902655	0.892104	0.90384	0.903872	0.936765	0.898658	1.0842	1.07976	1.07943	1.07037	1.07601	1.07553	1.09835	1.0754	1.07557	1.10057	1.07441	1.1014	1.10461	1.07629	1.07731	1.10279	1.1003	1.08647	1.0764	1.09263	1.08461	1.08194	1.08266	1.08338	1.09546	1.08766	1.0858	1.10526	1.10007	1.09941	1.10666	1.10712	1.12507	1.12715	1.10719	1.12358	1.08496	1.09594	1.07989	1.09689	1.09605	1.09636	1.05644	1.0604	1.04436	1.04484	1.04361	1.05556
ERR613119	1.0723	1.08663	1.09221	1.07334	1.08969	1.09119	0.903015	0.924765	0.911649	0.903475	0.921842	0.905271	1.0878	1.08395	1.09237	1.08736	1.09578	1.0892	0.899185	0.919601	0.901904	0.91964	0.906305	0.899698	0.907251	0.920859	0.881153	0.90698	0.907275	0.895811	0.819663	0.752151	0.825438	0.828093	0.751318	0	0.890725	0.906252	0.87951	0.892773	0.906716	0.891714	0.89717	0.886466	0.899627	0.898713	0.933072	0.894115	1.07905	1.07393	1.07307	1.06441	1.06973	1.06957	1.09338	1.06907	1.06949	1.09541	1.06853	1.09638	1.09962	1.07044	1.0716	1.09805	1.09544	1.08184	1.06921	1.08835	1.07872	1.0752	1.07685	1.07644	1.08899	1.07976	1.07813	1.0994	1.09318	1.09248	1.10189	1.10171	1.12074	1.1235	1.10219	1.11943	1.07951	1.09199	1.07462	1.09282	1.09194	1.09207	1.04972	1.05444	1.03657	1.03723	1.03566	1.04853
ERR605618	1.08686	1.09855	1.10162	1.08816	1.09947	1.10126	0.842466	0.856408	0.84879	0.843189	0.855394	0.84368	1.10291	1.10019	1.10628	1.10303	1.11008	1.10488	0.927657	0.944558	0.929078	0.942042	0.931568	0.927673	0.915448	0.924569	0.894688	0.915225	0.914468	0.90193	0.944684	0.896062	0.947995	0.952828	0.896784	0.890725	0	0.752682	0.734909	0.746088	0.751731	0.751068	0.890359	0.872087	0.88145	0.892074	0.918752	0.875468	1.08729	1.0868	1.08635	1.07525	1.08312	1.08062	1.05385	1.03772	1.03895	1.05556	1.03786	1.05569	1.11384	1.08757	1.08818	1.11223	1.10977	1.09261	1.08167	1.09164	1.08745	1.08576	1.08535	1.0879	1.10658	1.10134	1.10006	1.11407	1.11241	1.11168	1.11376	1.11378	1.13016	1.13163	1.11425	1.12905	1.08778	1.09559	1.08289	1.09658	1.09547	1.09591	1.06457	1.06415	1.05315	1.05357	1.05299	1.0631
ERR605622	1.09384	1.10457	1.10656	1.09505	1.10469	1.10584	0.848456	0.861109	0.854456	0.848984	0.860044	0.849253	1.1098	1.10737	1.11235	1.10989	1.1163	1.11165	0.938144	0.953268	0.939101	0.951253	0.941808	0.937644	0.923144	0.931197	0.904079	0.922983	0.921755	0.908762	0.955902	0.909866	0.958877	0.963917	0.911051	0.906252	0.752682	0	0.746404	0.755342	0.75132	0.757608	0.897879	0.878843	0.886382	0.899653	0.92403	0.881202	1.09304	1.09381	1.09328	1.08173	1.09002	1.08689	1.05654	1.04212	1.04283	1.05844	1.04193	1.05774	1.11971	1.09399	1.09456	1.11755	1.11573	1.09766	1.09	1.09651	1.09427	1.09363	1.09184	1.09583	1.11322	1.10919	1.10782	1.12001	1.11949	1.11911	1.11934	1.11937	1.1351	1.13582	1.11945	1.13347	1.09381	1.09999	1.08902	1.101	1.09981	1.10067	1.07226	1.07031	1.0613	1.06197	1.06143	1.07048
ERR605617	1.07997	1.09213	1.09583	1.08125	1.09352	1.09541	0.835267	0.850435	0.842267	0.836185	0.849575	0.836553	1.09683	1.09413	1.10009	1.0969	1.10442	1.09853	0.917817	0.935355	0.919143	0.933231	0.921561	0.917401	0.907046	0.916868	0.885201	0.906733	0.905954	0.893247	0.936276	0.885637	0.939561	0.94413	0.886143	0.87951	0.734909	0.746404	0	0.73761	0.745356	0.742959	0.882959	0.86487	0.874868	0.884616	0.913213	0.869187	1.08079	1.08013	1.07948	1.06807	1.07593	1.07368	1.05126	1.03398	1.03507	1.05344	1.03381	1.05352	1.10768	1.08063	1.08131	1.10608	1.10373	1.08655	1.07397	1.08555	1.08067	1.07884	1.07833	1.08089	1.09973	1.09395	1.09279	1.10766	1.10546	1.10489	1.10774	1.10785	1.12462	1.12634	1.10797	1.12347	1.08125	1.08984	1.0762	1.09105	1.08964	1.09027	1.05712	1.05739	1.0451	1.04572	1.04481	1.0555
ERR605619	1.09004	1.1018	1.10494	1.09128	1.10276	1.10415	0.844031	0.85763	0.850494	0.844769	0.856622	0.845025	1.10542	1.10301	1.10869	1.10571	1.1129	1.10705	0.931059	0.947592	0.932342	0.945408	0.93483	0.930657	0.918528	0.926844	0.897979	0.918308	0.917457	0.90515	0.946095	0.898313	0.949096	0.953587	0.898869	0.892773	0.746088	0.755342	0.73761	0	0.75436	0.75296	0.893121	0.875987	0.884323	0.89477	0.921655	0.879646	1.09054	1.08989	1.08942	1.07872	1.08628	1.08382	1.05519	1.03953	1.04066	1.05673	1.03962	1.05689	1.11683	1.0908	1.09132	1.11496	1.11276	1.09612	1.08484	1.09506	1.09086	1.08944	1.08863	1.09107	1.10928	1.10389	1.10263	1.11689	1.11494	1.11424	1.11659	1.1165	1.13273	1.1342	1.11683	1.13158	1.09102	1.09916	1.08619	1.1003	1.0989	1.09953	1.06752	1.06747	1.05604	1.05685	1.05575	1.06608
ERR605621	1.09257	1.10315	1.1049	1.09403	1.10303	1.10451	0.847109	0.859344	0.853011	0.847294	0.858448	0.847189	1.10866	1.10634	1.1114	1.10891	1.1155	1.11071	0.936882	0.95255	0.937962	0.949814	0.940721	0.936335	0.9215	0.929125	0.902205	0.921312	0.919907	0.907088	0.956116	0.909832	0.959367	0.964757	0.91078	0.906716	0.751731	0.75132	0.745356	0.75436	0	0.756879	0.897275	0.877738	0.885282	0.898828	0.92293	0.879728	1.09152	1.09295	1.09195	1.08058	1.08902	1.08548	1.05565	1.04145	1.0422	1.05788	1.04124	1.05708	1.11843	1.09255	1.09308	1.11616	1.11416	1.09572	1.08918	1.09527	1.09317	1.09256	1.09107	1.09507	1.11249	1.10831	1.10701	1.11908	1.11869	1.11826	1.11809	1.11811	1.13395	1.13458	1.11835	1.13231	1.09241	1.09828	1.08772	1.09949	1.09829	1.09922	1.07119	1.06911	1.06026	1.06091	1.0602	1.06933
ERR605620	1.09249	1.10431	1.10788	1.09351	1.10574	1.10721	0.846898	0.860789	0.853549	0.847801	0.859448	0.847795	1.1077	1.10468	1.11077	1.10775	1.11488	1.10932	0.933518	0.950189	0.934815	0.948388	0.937654	0.933093	0.922441	0.931475	0.901888	0.922134	0.9216	0.910412	0.945179	0.897474	0.948357	0.952851	0.898244	0.891714	0.751068	0.757608	0.742959	0.75296	0.756879	0	0.895535	0.879255	0.888643	0.897587	0.925058	0.883709	1.09362	1.09227	1.0917	1.08148	1.08839	1.08675	1.05663	1.04078	1.04196	1.05844	1.04108	1.0584	1.11911	1.09301	1.09389	1.11773	1.11541	1.09924	1.08652	1.09833	1.09313	1.09118	1.09092	1.09276	1.11115	1.10523	1.10406	1.11893	1.11618	1.11584	1.11867	1.11905	1.13514	1.13695	1.11956	1.13411	1.09397	1.10237	1.08909	1.10358	1.10251	1.10286	1.07004	1.07075	1.05847	1.05896	1.05792	1.06849
ERR613638	1.08192	1.09366	1.09623	1.08353	1.09394	1.09516	0.861709	0.876703	0.867456	0.861053	0.875022	0.862221	1.09724	1.09396	1.10038	1.09718	1.10395	1.09886	0.900818	0.916557	0.902559	0.914862	0.905023	0.900595	0.887438	0.89568	0.868674	0.886591	0.885799	0.874445	0.946681	0.902902	0.949954	0.954129	0.902655	0.89717	0.890359	0.897879	0.882959	0.893121	0.897275	0.895535	0	0.804686	0.814778	0.821493	0.852176	0.809033	1.08328	1.0835	1.08269	1.0713	1.07931	1.07627	1.09011	1.07098	1.07151	1.09198	1.07029	1.09196	1.10918	1.08219	1.08289	1.10696	1.10481	1.08743	1.08042	1.08959	1.08599	1.08452	1.08384	1.08712	1.10147	1.09635	1.0949	1.10966	1.1079	1.10715	1.10599	1.10624	1.12337	1.12451	1.10648	1.12179	1.08497	1.09221	1.07967	1.09322	1.09214	1.09244	1.05883	1.05834	1.04756	1.04807	1.04712	1.05714
ERR613635	1.07114	1.08257	1.08483	1.07241	1.08277	1.08399	0.843792	0.85904	0.849168	0.842956	0.857645	0.843753	1.08765	1.08437	1.0902	1.08743	1.09416	1.08935	0.888394	0.904731	0.889959	0.902652	0.892254	0.888181	0.873595	0.882428	0.853791	0.872838	0.871658	0.859128	0.939393	0.891515	0.942929	0.947273	0.892104	0.886466	0.872087	0.878843	0.86487	0.875987	0.877738	0.879255	0.804686	0	0.791831	0.806504	0.838133	0.784274	1.07146	1.07253	1.0716	1.05928	1.06852	1.06464	1.07622	1.05723	1.05776	1.07817	1.05648	1.07794	1.09882	1.07106	1.07158	1.09635	1.0943	1.07536	1.06969	1.07778	1.07482	1.07396	1.07237	1.07648	1.09184	1.08727	1.08546	1.0996	1.09874	1.09821	1.09608	1.09624	1.11388	1.1146	1.09633	1.11193	1.07344	1.08013	1.06804	1.08119	1.08012	1.08032	1.04782	1.04641	1.03635	1.03697	1.03617	1.04604
ERR613637	1.0778	1.0885	1.09021	1.07907	1.08789	1.08919	0.851657	0.86573	0.856948	0.850554	0.864441	0.851715	1.09399	1.09095	1.09646	1.09394	1.10008	1.0956	0.898334	0.91317	0.899176	0.911282	0.90229	0.897915	0.881131	0.888794	0.862965	0.88048	0.878974	0.866623	0.948805	0.90348	0.951881	0.955805	0.90384	0.899627	0.88145	0.886382	0.874868	0.884323	0.885282	0.888643	0.814778	0.791831	0	0.816421	0.845239	0.794216	1.07707	1.07905	1.07819	1.06565	1.07506	1.07101	1.08075	1.06327	1.06359	1.08306	1.06224	1.08268	1.10432	1.0774	1.07788	1.102	1.09976	1.08115	1.07781	1.08366	1.08191	1.08142	1.07946	1.08408	1.09802	1.0939	1.09248	1.10545	1.10531	1.10456	1.10154	1.1018	1.11899	1.11939	1.10195	1.11697	1.07957	1.08565	1.07475	1.08687	1.0856	1.08616	1.05494	1.05272	1.04409	1.04454	1.04384	1.05321
ERR613639	1.08179	1.09342	1.09622	1.08345	1.09391	1.09528	0.863599	0.878304	0.868983	0.862551	0.876364	0.863434	1.09764	1.0943	1.1007	1.09733	1.10391	1.09908	0.902495	0.917767	0.904166	0.916385	0.906591	0.902484	0.88904	0.897493	0.870527	0.889007	0.887607	0.876442	0.948186	0.904068	0.951748	0.955394	0.903872	0.898713	0.892074	0.899653	0.884616	0.89477	0.898828	0.897587	0.821493	0.806504	0.816421	0	0.853503	0.810405	1.08376	1.08365	1.08316	1.0719	1.07977	1.07689	1.09086	1.0717	1.07207	1.09274	1.0709	1.09276	1.10925	1.08257	1.08305	1.10729	1.10492	1.08753	1.08068	1.08979	1.0862	1.08492	1.08409	1.08728	1.10207	1.09705	1.09533	1.1097	1.10838	1.10763	1.10614	1.10658	1.12365	1.12486	1.10673	1.12208	1.08497	1.09242	1.08037	1.09345	1.09258	1.09276	1.05925	1.05887	1.04823	1.04865	1.04798	1.05781
ERR613640	1.10241	1.11236	1.11421	1.10368	1.11217	1.1134	0.89158	0.903724	0.896262	0.890647	0.902044	0.891328	1.11701	1.11411	1.11911	1.11686	1.12252	1.11847	0.931649	0.944184	0.932178	0.942446	0.934538	0.931113	0.915363	0.922479	0.90013	0.914972	0.913664	0.904079	0.975728	0.936412	0.977888	0.9818	0.936765	0.933072	0.918752	0.92403	0.913213	0.921655	0.92293	0.925058	0.852176	0.838133	0.845239	0.853503	0	0.840476	1.1022	1.10356	1.10274	1.09161	1.0998	1.09616	1.10631	1.0896	1.09006	1.10821	1.08893	1.10799	1.12694	1.10209	1.10263	1.12473	1.12267	1.10556	1.10186	1.10787	1.10628	1.1053	1.10394	1.10779	1.12039	1.11663	1.11494	1.12744	1.1268	1.12621	1.12423	1.12427	1.1402	1.14078	1.12423	1.13861	1.10431	1.10984	1.09975	1.1112	1.10973	1.11025	1.08061	1.07929	1.07048	1.07116	1.07071	1.07921
ERR613636	1.07313	1.08438	1.08595	1.0746	1.08362	1.08511	0.846888	0.861899	0.852258	0.846473	0.860733	0.847039	1.08964	1.08666	1.09236	1.09005	1.09622	1.09181	0.892473	0.907761	0.893666	0.905849	0.896294	0.891963	0.876348	0.884046	0.856891	0.875363	0.873884	0.860782	0.94488	0.898526	0.948316	0.952834	0.898658	0.894115	0.875468	0.881202	0.869187	0.879646	0.879728	0.883709	0.809033	0.784274	0.794216	0.810405	0.840476	0	1.07279	1.07475	1.07387	1.06107	1.07045	1.06642	1.07767	1.05945	1.0599	1.07994	1.0587	1.07965	1.10055	1.07309	1.07353	1.0978	1.09601	1.07627	1.07287	1.07869	1.07692	1.07671	1.07433	1.07923	1.09427	1.09008	1.08869	1.1016	1.10141	1.10097	1.09755	1.09773	1.1152	1.11567	1.09815	1.11313	1.07505	1.08111	1.06986	1.08237	1.08097	1.08125	1.05053	1.04815	1.03921	1.04009	1.03948	1.049
