	ERR637122	ERR637119	ERR637118	ERR637120	ERR637117	ERR637121	ERR622232	ERR622231	ERR622228	ERR622227	ERR622230	ERR622229	ERR617111	ERR617107	ERR617108	ERR617109	ERR617112	ERR617110	ERR617140	ERR617142	ERR617137	ERR617139	ERR617141	ERR617138	ERR612782	ERR612777	ERR612778	ERR612781	ERR612780	ERR612779	ERR635337	ERR635335	ERR635338	ERR635336	ERR635339	ERR635334	ERR613356	ERR613354	ERR613355	ERR613353	ERR613358	ERR613357	ERR607735	ERR607736	ERR607740	ERR607739	ERR607737	ERR607738	ERR616156	ERR616158	ERR616159	ERR616157	ERR616154	ERR616155	ERR616477	ERR616479	ERR616476	ERR616474	ERR616478	ERR616475	ERR618493	ERR618491	ERR618492	ERR618494	ERR618490	ERR618489	ERR608855	ERR608856	ERR608857	ERR608853	ERR608854	ERR608858	ERR608755	ERR608752	ERR608753	ERR608754	ERR608751	ERR608756	ERR630174	ERR630175	ERR630173	ERR630172	ERR630170	ERR630171	ERR613155	ERR613160	ERR613157	ERR613158	ERR613159	ERR613156	ERR631724	ERR631719	ERR631721	ERR631722	ERR631723	ERR631720
ERR637122	0	0.239285	0.239059	0.236639	0.2398	0.236422	0.585324	0.587662	0.536051	0.537348	0.587489	0.530726	0.460987	0.435587	0.432654	0.432695	0.457128	0.457633	0.394345	0.39108	0.364998	0.36925	0.386144	0.365865	0.347568	0.324068	0.395737	0.344735	0.347842	0.335411	0.372054	0.334955	0.385449	0.319297	0.390929	0.372125	0.441333	0.425555	0.411355	0.402698	0.475705	0.434688	0.307575	0.299485	0.294094	0.294291	0.297974	0.293405	0.60941	0.56653	0.565799	0.569306	0.596392	0.58727	0.467659	0.466907	0.485752	0.487459	0.467953	0.57144	0.498098	0.49544	0.501232	0.497583	0.504148	0.491087	0.47039	0.47554	0.475973	0.526596	0.474647	0.474943	0.48508	0.465362	0.467607	0.488937	0.498135	0.491224	0.487526	0.489691	0.486577	0.502004	0.485399	0.496319	0.47166	0.558127	0.479352	0.563449	0.551443	0.478512	0.453934	0.453597	0.456247	0.453768	0.453755	0.457294
ERR637119	0.239285	0	0.23928	0.240129	0.241156	0.239753	0.587105	0.589424	0.536187	0.537379	0.589225	0.53044	0.460304	0.434995	0.432676	0.432434	0.456222	0.456871	0.397646	0.391737	0.366396	0.370748	0.388928	0.367329	0.352419	0.327287	0.400979	0.349314	0.352783	0.339223	0.376242	0.340121	0.390037	0.324173	0.395377	0.377172	0.444094	0.426953	0.412249	0.40367	0.477612	0.43724	0.312656	0.304324	0.295918	0.296084	0.301715	0.29544	0.612729	0.568355	0.567744	0.571218	0.599168	0.590125	0.468758	0.468023	0.488624	0.490267	0.469232	0.575349	0.498002	0.49502	0.501327	0.497386	0.503917	0.490446	0.472938	0.47812	0.478735	0.528518	0.477034	0.477559	0.487272	0.465928	0.468146	0.49122	0.499064	0.493523	0.48704	0.488615	0.485983	0.502491	0.484868	0.496009	0.471884	0.559697	0.479779	0.565256	0.553193	0.478888	0.456166	0.455992	0.458116	0.455743	0.45554	0.460602
ERR637118	0.239059	0.23928	0	0.240087	0.241163	0.23979	0.583931	0.586313	0.533512	0.535662	0.586137	0.528622	0.462457	0.435601	0.431458	0.431135	0.458677	0.458896	0.393514	0.392971	0.363889	0.36624	0.384876	0.36295	0.351585	0.325608	0.400905	0.348653	0.352062	0.339028	0.379105	0.34009	0.392759	0.323588	0.397921	0.379308	0.441599	0.426179	0.411484	0.40157	0.4778	0.434752	0.31072	0.301038	0.294841	0.295112	0.300344	0.294343	0.608086	0.56507	0.5641	0.56762	0.59532	0.585758	0.468676	0.467853	0.486966	0.488805	0.468708	0.57372	0.495943	0.494007	0.49934	0.495389	0.503482	0.489212	0.471323	0.47701	0.477643	0.53011	0.476159	0.476657	0.486413	0.465313	0.466655	0.490427	0.500778	0.492841	0.486635	0.4898	0.485797	0.502087	0.484375	0.496203	0.471442	0.560507	0.480051	0.56565	0.553772	0.479066	0.455264	0.454521	0.456104	0.454659	0.454491	0.458782
ERR637120	0.236639	0.240129	0.240087	0	0.238213	0.236396	0.585982	0.58839	0.537835	0.538617	0.588055	0.532369	0.460908	0.436484	0.434489	0.434636	0.457207	0.457821	0.396097	0.391182	0.367674	0.372805	0.388212	0.369397	0.343086	0.321774	0.390052	0.340462	0.343518	0.331697	0.366264	0.33067	0.379687	0.316226	0.384891	0.366434	0.441601	0.425346	0.412098	0.404475	0.474015	0.435044	0.304419	0.297715	0.294002	0.293931	0.296019	0.292607	0.61066	0.568546	0.568082	0.571312	0.597713	0.589054	0.466837	0.466164	0.483917	0.485535	0.467311	0.568496	0.499502	0.496289	0.50259	0.499039	0.504495	0.492512	0.468865	0.473539	0.474144	0.522757	0.472469	0.473154	0.483698	0.465219	0.468396	0.487498	0.495421	0.489496	0.488059	0.489408	0.486994	0.501706	0.486258	0.496145	0.471213	0.555389	0.478304	0.560746	0.548874	0.477366	0.452358	0.452227	0.455937	0.452681	0.452711	0.455127
ERR637117	0.2398	0.241156	0.241163	0.238213	0	0.23893	0.588363	0.59054	0.54192	0.541612	0.590214	0.536121	0.461313	0.438295	0.436817	0.437754	0.457431	0.458205	0.398984	0.391902	0.371946	0.378767	0.391582	0.374655	0.336834	0.319073	0.381387	0.33436	0.337356	0.326316	0.358311	0.324105	0.371164	0.311815	0.376433	0.358152	0.442757	0.425993	0.413897	0.407698	0.47205	0.43644	0.299316	0.295591	0.294271	0.293521	0.293297	0.292027	0.613599	0.572348	0.572207	0.575353	0.600451	0.592726	0.466601	0.466115	0.482022	0.483407	0.46736	0.564758	0.502424	0.498547	0.505289	0.501903	0.505975	0.495574	0.467578	0.471793	0.472369	0.517812	0.470292	0.471364	0.482956	0.465879	0.470264	0.486463	0.492179	0.488219	0.489918	0.490005	0.488698	0.502515	0.48851	0.496939	0.471708	0.552266	0.47749	0.557532	0.545935	0.476674	0.450771	0.450872	0.455888	0.45191	0.452129	0.45272
ERR637121	0.236422	0.239753	0.23979	0.236396	0.23893	0	0.586279	0.588595	0.5379	0.538748	0.588333	0.532358	0.461153	0.436538	0.434163	0.434266	0.457125	0.457825	0.395533	0.391062	0.366714	0.371832	0.387443	0.368351	0.344161	0.322549	0.39145	0.341659	0.34458	0.332804	0.36771	0.331511	0.38095	0.316936	0.386363	0.367803	0.441713	0.425729	0.412126	0.404506	0.474679	0.435223	0.305395	0.298237	0.294433	0.294212	0.29672	0.292906	0.610646	0.568259	0.56771	0.5711	0.59771	0.588875	0.467387	0.46671	0.484739	0.486438	0.467828	0.569749	0.499695	0.496808	0.502781	0.499222	0.504972	0.49268	0.469815	0.474514	0.475087	0.524326	0.473549	0.474017	0.484545	0.465882	0.468762	0.488349	0.496816	0.490387	0.488325	0.489732	0.487387	0.502176	0.486379	0.496527	0.471854	0.556631	0.479053	0.561917	0.549938	0.478212	0.453189	0.452848	0.456382	0.453371	0.45347	0.45611
ERR622232	0.585324	0.587105	0.583931	0.585982	0.588363	0.586279	0	0.268829	0.304481	0.294573	0.269026	0.307718	0.472401	0.459425	0.45497	0.453699	0.475346	0.470336	0.521019	0.537228	0.533069	0.534171	0.523184	0.535026	0.567035	0.557392	0.577518	0.566533	0.565717	0.565717	0.585571	0.566274	0.587496	0.562676	0.587008	0.586423	0.456672	0.466974	0.471104	0.475206	0.474867	0.457892	0.551027	0.546241	0.548714	0.549497	0.550046	0.55001	0.332165	0.34647	0.351287	0.34618	0.330332	0.336795	0.434878	0.434773	0.40002	0.400473	0.432651	0.393486	0.381218	0.380615	0.373799	0.383855	0.366091	0.397211	0.407165	0.403727	0.403193	0.423914	0.40617	0.404232	0.384644	0.426016	0.431415	0.380596	0.410785	0.380027	0.406742	0.405675	0.40935	0.374793	0.414549	0.387403	0.41508	0.387329	0.404609	0.385905	0.381945	0.405339	0.440428	0.438186	0.437543	0.439294	0.439409	0.438558
ERR622231	0.587662	0.589424	0.586313	0.58839	0.59054	0.588595	0.268829	0	0.306944	0.296837	0.268803	0.310564	0.472675	0.460054	0.455723	0.454664	0.475349	0.470445	0.522165	0.538388	0.53486	0.536252	0.524284	0.536787	0.56839	0.559168	0.578327	0.567906	0.567126	0.56726	0.586961	0.567984	0.588775	0.564487	0.587882	0.587596	0.457759	0.468229	0.472826	0.477341	0.474761	0.459062	0.552919	0.548393	0.550998	0.55172	0.552181	0.552162	0.33223	0.348423	0.353294	0.347977	0.330825	0.337957	0.437697	0.437689	0.401807	0.402263	0.435622	0.392204	0.383914	0.38319	0.376201	0.386672	0.368267	0.400037	0.409751	0.406072	0.405661	0.424035	0.408429	0.40679	0.386918	0.429308	0.434937	0.382396	0.412488	0.381897	0.409817	0.408463	0.412395	0.377179	0.417659	0.389959	0.417948	0.386329	0.407035	0.385111	0.381305	0.407907	0.443225	0.441044	0.440589	0.44222	0.442321	0.441113
ERR622228	0.536051	0.536187	0.533512	0.537835	0.54192	0.5379	0.304481	0.306944	0	0.264038	0.307944	0.261	0.478215	0.454754	0.447866	0.444898	0.478132	0.474678	0.507364	0.521225	0.504057	0.501379	0.505043	0.501511	0.537385	0.517309	0.561765	0.536085	0.536102	0.531087	0.560649	0.534749	0.566485	0.525093	0.567498	0.561818	0.451294	0.453428	0.446318	0.441997	0.486712	0.448984	0.515746	0.506398	0.502372	0.503758	0.509639	0.50472	0.367963	0.334148	0.333612	0.334836	0.356492	0.345222	0.380145	0.379208	0.373578	0.376481	0.37718	0.435306	0.330584	0.333874	0.328263	0.331984	0.335056	0.338849	0.370214	0.374231	0.374037	0.435449	0.377258	0.374422	0.355946	0.364402	0.362776	0.356394	0.395158	0.360664	0.349009	0.356216	0.351484	0.342499	0.352201	0.345852	0.355972	0.412642	0.359407	0.416188	0.404197	0.359955	0.390685	0.387806	0.378168	0.384956	0.383796	0.397188
ERR622227	0.537348	0.537379	0.535662	0.538617	0.541612	0.538748	0.294573	0.296837	0.264038	0	0.297612	0.263216	0.466373	0.446375	0.442079	0.439729	0.466339	0.462946	0.505743	0.515327	0.504282	0.504704	0.504556	0.504557	0.532381	0.51582	0.553198	0.53111	0.531179	0.526912	0.55185	0.529456	0.556941	0.521963	0.557509	0.553218	0.445511	0.447182	0.442613	0.441681	0.474054	0.443742	0.512761	0.50567	0.502766	0.503638	0.507956	0.504625	0.363373	0.335553	0.336957	0.336934	0.351057	0.344694	0.379601	0.378947	0.367334	0.368978	0.377784	0.416583	0.33383	0.333171	0.329913	0.33562	0.328881	0.342418	0.365819	0.36717	0.366464	0.415511	0.369117	0.366975	0.348251	0.365708	0.368832	0.347413	0.379666	0.3503	0.349837	0.35124	0.351608	0.335525	0.354563	0.340273	0.356174	0.391685	0.353382	0.394983	0.384085	0.354324	0.389294	0.387101	0.381798	0.385354	0.384513	0.394549
ERR622230	0.587489	0.589225	0.586137	0.588055	0.590214	0.588333	0.269026	0.268803	0.307944	0.297612	0	0.311457	0.472132	0.459748	0.455368	0.454279	0.475068	0.469917	0.522478	0.538509	0.535138	0.536501	0.524728	0.537287	0.568051	0.558829	0.577988	0.567572	0.566853	0.566944	0.586612	0.567614	0.588554	0.564147	0.587894	0.587531	0.458139	0.468643	0.473187	0.477568	0.474822	0.459437	0.552297	0.548	0.550567	0.551281	0.551613	0.551754	0.332814	0.34955	0.354259	0.348965	0.331322	0.338687	0.437768	0.437657	0.402069	0.4023	0.435584	0.39163	0.384448	0.383566	0.376722	0.38731	0.368656	0.400657	0.409542	0.405939	0.405447	0.423242	0.408168	0.406572	0.386899	0.429345	0.434975	0.38256	0.412117	0.381965	0.410093	0.408782	0.412593	0.377567	0.418217	0.390286	0.41808	0.386157	0.406967	0.384439	0.381032	0.407847	0.442838	0.440707	0.44035	0.441843	0.441987	0.440791
ERR622229	0.530726	0.53044	0.528622	0.532369	0.536121	0.532358	0.307718	0.310564	0.261	0.263216	0.311457	0	0.473905	0.451683	0.446032	0.44317	0.473475	0.470608	0.507038	0.517132	0.502092	0.500865	0.5046	0.500731	0.531367	0.511851	0.555781	0.52991	0.530159	0.524763	0.552323	0.528055	0.55854	0.518754	0.559459	0.553892	0.450104	0.450381	0.443081	0.439539	0.483645	0.447565	0.510211	0.501661	0.497033	0.498238	0.50389	0.49921	0.373611	0.336819	0.33664	0.338065	0.360444	0.349885	0.372927	0.372026	0.368643	0.371114	0.370677	0.432597	0.32807	0.329539	0.32578	0.329201	0.330255	0.334556	0.364927	0.368099	0.367657	0.427472	0.370769	0.368071	0.349461	0.357618	0.35786	0.350106	0.385723	0.354268	0.343092	0.348117	0.345064	0.336951	0.346131	0.339042	0.349527	0.406518	0.351538	0.410771	0.398409	0.352238	0.384212	0.381707	0.373496	0.378658	0.377568	0.391639
ERR617111	0.460987	0.460304	0.462457	0.460908	0.461313	0.461153	0.472401	0.472675	0.478215	0.466373	0.472132	0.473905	0	0.287095	0.297849	0.30025	0.278047	0.277657	0.391418	0.375127	0.398588	0.414244	0.394123	0.413555	0.457732	0.452695	0.465748	0.456407	0.456176	0.454421	0.450018	0.443268	0.451944	0.441914	0.4516	0.455854	0.368029	0.367492	0.377443	0.393161	0.362698	0.370134	0.430263	0.431094	0.431174	0.430925	0.429036	0.430552	0.493919	0.48519	0.49024	0.487469	0.484454	0.490996	0.512129	0.512207	0.496042	0.495354	0.513111	0.490886	0.481103	0.473573	0.476182	0.482696	0.460276	0.486346	0.491793	0.48583	0.484563	0.473475	0.484547	0.484782	0.477789	0.505366	0.515323	0.474659	0.473857	0.47267	0.491178	0.481975	0.491069	0.469102	0.496504	0.473791	0.498855	0.468594	0.485904	0.469579	0.466835	0.48652	0.515684	0.516179	0.520873	0.516521	0.516544	0.518046
ERR617107	0.435587	0.434995	0.435601	0.436484	0.438295	0.436538	0.459425	0.460054	0.454754	0.446375	0.459748	0.451683	0.287095	0	0.275026	0.276063	0.286817	0.28429	0.375614	0.372511	0.377367	0.388822	0.375698	0.388041	0.442408	0.429234	0.460429	0.441047	0.441349	0.436795	0.449112	0.429949	0.453418	0.424268	0.453844	0.452349	0.35157	0.350989	0.355562	0.365164	0.363943	0.351508	0.408512	0.405071	0.402403	0.402711	0.404349	0.402691	0.480535	0.466359	0.469953	0.468254	0.470783	0.473718	0.490614	0.490507	0.47801	0.477992	0.490967	0.489067	0.455606	0.450192	0.451578	0.456946	0.440673	0.460474	0.470719	0.467212	0.466124	0.472615	0.466092	0.466163	0.459388	0.480363	0.488034	0.457429	0.464142	0.456657	0.466977	0.461689	0.467411	0.449718	0.471181	0.454052	0.474904	0.468185	0.466061	0.469539	0.46488	0.466479	0.493019	0.492879	0.494843	0.492822	0.492556	0.496337
ERR617108	0.432654	0.432676	0.431458	0.434489	0.436817	0.434163	0.45497	0.455723	0.447866	0.442079	0.455368	0.446032	0.297849	0.275026	0	0.270429	0.298026	0.294202	0.369109	0.37643	0.371798	0.37805	0.368517	0.37781	0.444097	0.427166	0.466154	0.442682	0.442859	0.438202	0.459451	0.433248	0.464686	0.425783	0.465175	0.462405	0.347722	0.350553	0.352435	0.357904	0.370696	0.347419	0.4073	0.40106	0.397921	0.398772	0.402182	0.399045	0.473484	0.458773	0.461664	0.460386	0.464926	0.465756	0.489435	0.489319	0.477	0.477447	0.489114	0.493916	0.449197	0.446259	0.445731	0.450598	0.439602	0.455547	0.468719	0.467046	0.46619	0.482599	0.466626	0.466253	0.459658	0.477803	0.483099	0.457977	0.470967	0.458321	0.463865	0.462115	0.46476	0.449468	0.467756	0.453914	0.472613	0.4768	0.466793	0.477879	0.472608	0.467219	0.491559	0.490814	0.490455	0.490612	0.490213	0.494576
ERR617109	0.432695	0.432434	0.431135	0.434636	0.437754	0.434266	0.453699	0.454664	0.444898	0.439729	0.454279	0.44317	0.30025	0.276063	0.270429	0	0.300493	0.296386	0.369855	0.377877	0.370893	0.375838	0.368827	0.376432	0.446751	0.428171	0.47039	0.445174	0.445308	0.440038	0.462479	0.435781	0.468156	0.426821	0.469074	0.466157	0.348161	0.351736	0.352084	0.35665	0.374679	0.34755	0.408876	0.401386	0.397569	0.398686	0.402672	0.399053	0.471446	0.455213	0.457975	0.456742	0.462771	0.462694	0.487836	0.487603	0.476904	0.477645	0.487363	0.496566	0.446707	0.444401	0.443365	0.448111	0.438086	0.452841	0.468286	0.466917	0.466105	0.485916	0.466861	0.466223	0.459066	0.476094	0.480617	0.457674	0.472777	0.458144	0.46191	0.461047	0.462934	0.448592	0.465617	0.452737	0.471422	0.479225	0.466143	0.480428	0.474835	0.466732	0.49096	0.489888	0.488962	0.489447	0.489059	0.494292
ERR617112	0.457128	0.456222	0.458677	0.457207	0.457431	0.457125	0.475346	0.475349	0.478132	0.466339	0.475068	0.473475	0.278047	0.286817	0.298026	0.300493	0	0.277903	0.392847	0.374331	0.397779	0.413999	0.395064	0.412989	0.455197	0.449364	0.464393	0.453758	0.453738	0.4513	0.446529	0.440284	0.449075	0.438544	0.448743	0.45269	0.369213	0.367024	0.375837	0.391182	0.363647	0.370672	0.427321	0.428086	0.427303	0.426872	0.425615	0.426692	0.497562	0.486122	0.491038	0.488757	0.487175	0.493238	0.508737	0.508841	0.494464	0.493477	0.509837	0.492319	0.479502	0.47172	0.474743	0.480822	0.458704	0.484225	0.489867	0.483855	0.482647	0.471684	0.482415	0.482875	0.475825	0.501975	0.512198	0.472897	0.470592	0.470961	0.488487	0.478867	0.488161	0.467248	0.493707	0.471271	0.496053	0.468225	0.483131	0.46962	0.466558	0.483799	0.512502	0.513172	0.517934	0.513408	0.513203	0.515464
ERR617110	0.457633	0.456871	0.458896	0.457821	0.458205	0.457825	0.470336	0.470445	0.474678	0.462946	0.469917	0.470608	0.277657	0.28429	0.294202	0.296386	0.277903	0	0.389653	0.374267	0.395776	0.410983	0.392016	0.410478	0.45563	0.449398	0.465153	0.454278	0.454124	0.451915	0.449072	0.441075	0.451546	0.438867	0.451242	0.455134	0.365657	0.365051	0.374272	0.389056	0.362297	0.367283	0.427425	0.427745	0.427314	0.426971	0.425683	0.426831	0.491903	0.482143	0.486947	0.484381	0.482259	0.488138	0.508287	0.508341	0.492808	0.492099	0.509122	0.4893	0.477025	0.469829	0.472223	0.478614	0.456748	0.482357	0.488237	0.482472	0.481251	0.471851	0.481223	0.481427	0.474438	0.501188	0.511059	0.471517	0.471104	0.469565	0.487283	0.478586	0.487377	0.465908	0.492695	0.470352	0.49525	0.467454	0.482467	0.468448	0.465655	0.483266	0.511868	0.512188	0.516709	0.512657	0.512654	0.51439
ERR617140	0.394345	0.397646	0.393514	0.396097	0.398984	0.395533	0.521019	0.522165	0.507364	0.505743	0.522478	0.507038	0.391418	0.375614	0.369109	0.369855	0.392847	0.389653	0	0.290672	0.278442	0.284462	0.268104	0.28475	0.433283	0.421599	0.45369	0.433103	0.432628	0.431338	0.450139	0.423379	0.45368	0.41706	0.454685	0.452057	0.395269	0.400386	0.40151	0.404403	0.419095	0.394681	0.409622	0.404258	0.408255	0.408981	0.40828	0.407477	0.528986	0.512303	0.513986	0.513511	0.522164	0.519568	0.533807	0.533161	0.52312	0.524411	0.532589	0.548635	0.50314	0.502691	0.500945	0.5042	0.500391	0.508234	0.514339	0.514243	0.514097	0.539388	0.514788	0.514051	0.509771	0.52185	0.52463	0.508687	0.526398	0.509729	0.518471	0.520199	0.519571	0.510349	0.521058	0.513816	0.522939	0.542707	0.520795	0.543685	0.538101	0.521312	0.534745	0.533259	0.532303	0.533525	0.533554	0.535852
ERR617142	0.39108	0.391737	0.392971	0.391182	0.391902	0.391062	0.537228	0.538388	0.521225	0.515327	0.538509	0.517132	0.375127	0.372511	0.37643	0.377877	0.374331	0.374267	0.290672	0	0.289649	0.307701	0.290389	0.306484	0.424158	0.418479	0.439094	0.423254	0.422893	0.421097	0.420774	0.410093	0.424043	0.406729	0.42518	0.427027	0.403395	0.399717	0.402158	0.411173	0.410693	0.402514	0.405502	0.405342	0.406995	0.406605	0.404552	0.405272	0.551762	0.528604	0.531119	0.530796	0.541092	0.540296	0.529659	0.529207	0.523143	0.523155	0.529779	0.547687	0.511561	0.506601	0.509303	0.512327	0.501651	0.513483	0.515143	0.51206	0.511628	0.522406	0.511468	0.511308	0.507787	0.520764	0.528094	0.506958	0.51105	0.506458	0.519328	0.514572	0.519062	0.51015	0.522481	0.510926	0.522282	0.532048	0.515603	0.534373	0.528256	0.516229	0.532565	0.532533	0.53546	0.532675	0.532526	0.535433
ERR617137	0.364998	0.366396	0.363889	0.367674	0.371946	0.366714	0.533069	0.53486	0.504057	0.504282	0.535138	0.502092	0.398588	0.377367	0.371798	0.370893	0.397779	0.395776	0.278442	0.289649	0	0.269236	0.273046	0.2692	0.418941	0.400211	0.448543	0.417758	0.418199	0.412834	0.436988	0.407884	0.44392	0.397281	0.446047	0.440272	0.397136	0.395547	0.389902	0.388865	0.428704	0.394071	0.39156	0.38314	0.380954	0.381963	0.38553	0.381009	0.544437	0.515104	0.515891	0.516993	0.534739	0.528649	0.515621	0.514907	0.514776	0.51607	0.514643	0.560613	0.492085	0.491341	0.491588	0.492721	0.492974	0.493603	0.50284	0.504148	0.504083	0.539442	0.504646	0.503679	0.500958	0.503062	0.505094	0.501456	0.518292	0.50337	0.502709	0.505106	0.503225	0.502235	0.503823	0.502069	0.505881	0.54816	0.506702	0.550799	0.542555	0.50709	0.518058	0.516657	0.514628	0.51602	0.515612	0.521772
ERR617139	0.36925	0.370748	0.36624	0.372805	0.378767	0.371832	0.534171	0.536252	0.501379	0.504704	0.536501	0.500865	0.414244	0.388822	0.37805	0.375838	0.413999	0.410983	0.284462	0.307701	0.269236	0	0.276974	0.264069	0.429278	0.40542	0.463607	0.428063	0.428664	0.422304	0.455017	0.420164	0.462657	0.40649	0.465292	0.458199	0.402308	0.403596	0.39446	0.388959	0.443544	0.398858	0.398615	0.386526	0.382784	0.384641	0.390739	0.384107	0.542754	0.511781	0.511208	0.513005	0.533967	0.525325	0.517339	0.516451	0.51792	0.520076	0.515596	0.570605	0.48939	0.491622	0.489586	0.489961	0.496219	0.491732	0.505532	0.508651	0.508873	0.553782	0.510001	0.508501	0.505625	0.503691	0.502552	0.506714	0.529281	0.509449	0.503377	0.509515	0.504295	0.506691	0.503637	0.505991	0.507166	0.560606	0.511073	0.563103	0.554572	0.511696	0.52011	0.517992	0.513105	0.51697	0.516335	0.523923
ERR617141	0.386144	0.388928	0.384876	0.388212	0.391582	0.387443	0.523184	0.524284	0.505043	0.504556	0.524728	0.5046	0.394123	0.375698	0.368517	0.368827	0.395064	0.392016	0.268104	0.290389	0.273046	0.276974	0	0.277452	0.42976	0.415548	0.453386	0.429309	0.42913	0.426737	0.448174	0.419838	0.45282	0.411801	0.454149	0.450519	0.394448	0.398348	0.397372	0.398847	0.421794	0.392953	0.404441	0.397662	0.400006	0.400966	0.401777	0.39962	0.531794	0.511633	0.512747	0.512707	0.524432	0.52041	0.528787	0.528007	0.520492	0.5218	0.527382	0.552074	0.498846	0.498907	0.49726	0.499735	0.497988	0.503322	0.510905	0.511211	0.511211	0.540696	0.512061	0.511052	0.50713	0.516382	0.518508	0.506765	0.525027	0.508027	0.513925	0.516244	0.514838	0.508005	0.516027	0.510714	0.518201	0.5453	0.517188	0.54675	0.540265	0.517731	0.529887	0.528351	0.52661	0.528271	0.528079	0.531576
ERR617138	0.365865	0.367329	0.36295	0.369397	0.374655	0.368351	0.535026	0.536787	0.501511	0.504557	0.537287	0.500731	0.413555	0.388041	0.37781	0.376432	0.412989	0.410478	0.28475	0.306484	0.2692	0.264069	0.277452	0	0.425316	0.40154	0.459503	0.424047	0.424489	0.418096	0.450778	0.416249	0.45887	0.403158	0.461293	0.453776	0.402826	0.40278	0.393673	0.388188	0.442331	0.399102	0.394951	0.383535	0.379448	0.381372	0.387442	0.380548	0.544559	0.513288	0.512866	0.514643	0.535535	0.527174	0.515493	0.514655	0.51625	0.518065	0.51388	0.568893	0.488822	0.490508	0.489048	0.48947	0.495291	0.490932	0.503662	0.506513	0.506773	0.550517	0.507639	0.506312	0.503922	0.501571	0.501015	0.504852	0.525854	0.507597	0.501889	0.507391	0.502615	0.505046	0.502271	0.504453	0.505013	0.558368	0.508942	0.560942	0.552341	0.509339	0.517676	0.515833	0.511187	0.514736	0.514262	0.521535
ERR612782	0.347568	0.352419	0.351585	0.343086	0.336834	0.344161	0.567035	0.56839	0.537385	0.532381	0.568051	0.531367	0.457732	0.442408	0.444097	0.446751	0.455197	0.45563	0.433283	0.424158	0.418941	0.429278	0.42976	0.425316	0	0.256036	0.268015	0.239757	0.240148	0.24333	0.308776	0.287225	0.317568	0.28979	0.321312	0.307277	0.405026	0.389558	0.387374	0.390167	0.419596	0.401441	0.30458	0.314315	0.332025	0.329228	0.313956	0.326624	0.58554	0.553369	0.554716	0.556609	0.572743	0.569539	0.454287	0.454234	0.449292	0.449329	0.455559	0.50887	0.501758	0.49487	0.502104	0.50149	0.495571	0.497504	0.441383	0.44108	0.441331	0.468945	0.439402	0.44079	0.454978	0.458715	0.470134	0.456336	0.45726	0.45646	0.485455	0.480102	0.484022	0.486584	0.487167	0.484039	0.445516	0.490897	0.441014	0.495248	0.485073	0.44077	0.437795	0.438818	0.453082	0.443681	0.445318	0.431863
ERR612777	0.324068	0.327287	0.325608	0.321774	0.319073	0.322549	0.557392	0.559168	0.517309	0.51582	0.558829	0.511851	0.452695	0.429234	0.427166	0.428171	0.449364	0.449398	0.421599	0.418479	0.400211	0.40542	0.415548	0.40154	0.256036	0	0.307451	0.254084	0.256724	0.245201	0.334515	0.297499	0.347662	0.287985	0.352408	0.333729	0.401901	0.385992	0.376218	0.371362	0.431351	0.396319	0.30247	0.301816	0.308254	0.306859	0.302082	0.305434	0.576942	0.538329	0.538674	0.541512	0.563885	0.557142	0.442153	0.441751	0.448739	0.449827	0.442831	0.524866	0.481176	0.476528	0.482918	0.480668	0.481839	0.476157	0.436315	0.439446	0.439944	0.483833	0.438027	0.439142	0.451374	0.44206	0.448877	0.454064	0.460981	0.455642	0.468553	0.467653	0.467418	0.476657	0.46847	0.47263	0.431245	0.502502	0.433788	0.507372	0.49589	0.433216	0.427243	0.427359	0.435545	0.430098	0.43091	0.425697
ERR612778	0.395737	0.400979	0.400905	0.390052	0.381387	0.39145	0.577518	0.578327	0.561765	0.553198	0.577988	0.555781	0.465748	0.460429	0.466154	0.47039	0.464393	0.465153	0.45369	0.439094	0.448543	0.463607	0.453386	0.459503	0.268015	0.307451	0	0.270527	0.268614	0.281538	0.309736	0.311744	0.309612	0.326687	0.310342	0.307583	0.416558	0.402737	0.410347	0.421624	0.409024	0.415712	0.339197	0.356745	0.381085	0.377429	0.356332	0.37415	0.59409	0.571638	0.574171	0.575026	0.582616	0.583638	0.485156	0.485687	0.4653	0.463703	0.487128	0.493031	0.530061	0.521218	0.529267	0.530431	0.516208	0.527751	0.462944	0.458873	0.458581	0.459423	0.456041	0.458463	0.471593	0.491634	0.507044	0.470999	0.463869	0.468888	0.51368	0.503658	0.512166	0.505198	0.517516	0.505193	0.475209	0.479442	0.462217	0.482673	0.475854	0.462036	0.46832	0.469875	0.488488	0.476133	0.478479	0.458499
ERR612781	0.344735	0.349314	0.348653	0.340462	0.33436	0.341659	0.566533	0.567906	0.536085	0.53111	0.567572	0.52991	0.456407	0.441047	0.442682	0.445174	0.453758	0.454278	0.433103	0.423254	0.417758	0.428063	0.429309	0.424047	0.239757	0.254084	0.270527	0	0.240698	0.242163	0.309184	0.286831	0.318501	0.288614	0.322303	0.308017	0.4053	0.38928	0.3866	0.389072	0.42047	0.401499	0.303488	0.312637	0.329157	0.3265	0.312039	0.323859	0.585596	0.552691	0.554009	0.556041	0.572667	0.569162	0.452592	0.452536	0.448698	0.44881	0.453941	0.509768	0.500082	0.492947	0.500591	0.499682	0.493927	0.49555	0.440174	0.440139	0.44037	0.468776	0.438229	0.439819	0.454216	0.456665	0.468083	0.455491	0.45631	0.455808	0.483822	0.478409	0.482268	0.485388	0.485279	0.482529	0.443847	0.490896	0.439514	0.495417	0.485184	0.439212	0.435954	0.436952	0.451037	0.441708	0.443266	0.430499
ERR612780	0.347842	0.352783	0.352062	0.343518	0.337356	0.34458	0.565717	0.567126	0.536102	0.531179	0.566853	0.530159	0.456176	0.441349	0.442859	0.445308	0.453738	0.454124	0.432628	0.422893	0.418199	0.428664	0.42913	0.424489	0.240148	0.256724	0.268614	0.240698	0	0.243849	0.308486	0.287176	0.317456	0.289537	0.32098	0.307358	0.40385	0.388471	0.385911	0.388839	0.418441	0.400034	0.304992	0.314476	0.332242	0.329456	0.314186	0.326736	0.584104	0.551738	0.553228	0.555047	0.571132	0.567921	0.453823	0.453765	0.44866	0.448606	0.45511	0.508177	0.500663	0.493829	0.501272	0.500515	0.49452	0.496544	0.44073	0.440356	0.440567	0.467842	0.43857	0.440132	0.454201	0.458089	0.469536	0.455338	0.456371	0.455541	0.484667	0.479336	0.483158	0.485606	0.486406	0.483217	0.444945	0.489612	0.440172	0.493963	0.483919	0.439813	0.437681	0.438656	0.453018	0.44346	0.445211	0.431747
ERR612779	0.335411	0.339223	0.339028	0.331697	0.326316	0.332804	0.565717	0.56726	0.531087	0.526912	0.566944	0.524763	0.454421	0.436795	0.438202	0.440038	0.4513	0.451915	0.431338	0.421097	0.412834	0.422304	0.426737	0.418096	0.24333	0.245201	0.281538	0.242163	0.243849	0	0.314325	0.287833	0.32534	0.284934	0.329833	0.313489	0.405194	0.387913	0.382494	0.383092	0.42427	0.400805	0.301009	0.307449	0.319903	0.317517	0.306328	0.315386	0.585929	0.549884	0.550986	0.553343	0.57235	0.567826	0.447633	0.447302	0.448744	0.449178	0.448963	0.516283	0.493978	0.487313	0.495097	0.493656	0.4895	0.488817	0.438657	0.439416	0.439762	0.472633	0.437567	0.43902	0.452861	0.450433	0.460672	0.4547	0.455936	0.455308	0.477924	0.473276	0.476295	0.481924	0.478816	0.478349	0.438497	0.49432	0.436201	0.499206	0.488442	0.435775	0.431701	0.432636	0.445278	0.43664	0.437878	0.428011
ERR635337	0.372054	0.376242	0.379105	0.366264	0.358311	0.36771	0.585571	0.586961	0.560649	0.55185	0.586612	0.552323	0.450018	0.449112	0.459451	0.462479	0.446529	0.449072	0.450139	0.420774	0.436988	0.455017	0.448174	0.450778	0.308776	0.334515	0.309736	0.309184	0.308486	0.314325	0	0.259345	0.243585	0.274272	0.246077	0.245535	0.444948	0.427756	0.43014	0.440013	0.44147	0.442612	0.329096	0.345392	0.366112	0.362446	0.342324	0.359392	0.606911	0.575893	0.578427	0.579723	0.592833	0.592208	0.472512	0.472725	0.463162	0.462029	0.474946	0.509501	0.523373	0.513337	0.523356	0.523352	0.509129	0.518329	0.457666	0.453158	0.452692	0.457347	0.450065	0.452107	0.466415	0.47997	0.496026	0.467078	0.455797	0.465244	0.502504	0.491079	0.500369	0.497868	0.505368	0.495158	0.481193	0.503762	0.470438	0.508594	0.499893	0.470468	0.460374	0.462082	0.480924	0.467592	0.469739	0.453787
ERR635335	0.334955	0.340121	0.34009	0.33067	0.324105	0.331511	0.566274	0.567984	0.534749	0.529456	0.567614	0.528055	0.443268	0.429949	0.433248	0.435781	0.440284	0.441075	0.423379	0.410093	0.407884	0.420164	0.419838	0.416249	0.287225	0.297499	0.311744	0.286831	0.287176	0.287833	0.259345	0	0.270184	0.241027	0.27405	0.258452	0.422994	0.408434	0.404753	0.407949	0.438088	0.419351	0.296985	0.306767	0.325563	0.322961	0.306293	0.319812	0.586897	0.55331	0.554762	0.556697	0.57353	0.570035	0.450405	0.450522	0.44688	0.447158	0.451868	0.511138	0.496219	0.489011	0.496914	0.495989	0.489315	0.49156	0.436493	0.43623	0.436379	0.464176	0.433932	0.435455	0.450275	0.45355	0.46552	0.451673	0.451837	0.451681	0.478174	0.472757	0.476674	0.479371	0.479583	0.476681	0.456883	0.505967	0.452977	0.510541	0.500494	0.452633	0.435767	0.436642	0.451446	0.441481	0.443219	0.43037
ERR635338	0.385449	0.390037	0.392759	0.379687	0.371164	0.38095	0.587496	0.588775	0.566485	0.556941	0.588554	0.55854	0.451944	0.453418	0.464686	0.468156	0.449075	0.451546	0.45368	0.424043	0.44392	0.462657	0.45282	0.45887	0.317568	0.347662	0.309612	0.318501	0.317456	0.32534	0.243585	0.270184	0	0.288416	0.244022	0.248508	0.448784	0.432578	0.43746	0.448901	0.440215	0.447247	0.340215	0.35782	0.380119	0.37648	0.355088	0.373024	0.608135	0.580078	0.582802	0.5838	0.59446	0.594942	0.481921	0.48237	0.468548	0.466891	0.484484	0.505226	0.530754	0.52054	0.530465	0.530915	0.514713	0.526635	0.464545	0.459164	0.458368	0.456057	0.455937	0.457811	0.471787	0.490025	0.506632	0.471904	0.459268	0.469521	0.510692	0.49853	0.508821	0.503443	0.5144	0.501507	0.49039	0.501968	0.477959	0.506717	0.498884	0.47793	0.469477	0.471472	0.490978	0.477211	0.479434	0.462022
ERR635336	0.319297	0.324173	0.323588	0.316226	0.311815	0.316936	0.562676	0.564487	0.525093	0.521963	0.564147	0.518754	0.441914	0.424268	0.425783	0.426821	0.438544	0.438867	0.41706	0.406729	0.397281	0.40649	0.411801	0.403158	0.28979	0.287985	0.326687	0.288614	0.289537	0.284934	0.274272	0.241027	0.288416	0	0.293493	0.274869	0.420063	0.405236	0.397735	0.397424	0.44373	0.41531	0.293277	0.297281	0.3111	0.309123	0.297085	0.306363	0.583513	0.546363	0.547192	0.549464	0.56999	0.564419	0.443074	0.442734	0.446671	0.447827	0.444013	0.521027	0.486353	0.480432	0.487834	0.485973	0.48307	0.480873	0.434131	0.435694	0.435908	0.474448	0.434081	0.435021	0.448933	0.445036	0.454391	0.451255	0.455787	0.452118	0.469504	0.466688	0.468204	0.474874	0.46986	0.470986	0.449417	0.51306	0.449075	0.518012	0.506898	0.448563	0.429437	0.429554	0.441515	0.433512	0.434808	0.426357
ERR635339	0.390929	0.395377	0.397921	0.384891	0.376433	0.386363	0.587008	0.587882	0.567498	0.557509	0.587894	0.559459	0.4516	0.453844	0.465175	0.469074	0.448743	0.451242	0.454685	0.42518	0.446047	0.465292	0.454149	0.461293	0.321312	0.352408	0.310342	0.322303	0.32098	0.329833	0.246077	0.27405	0.244022	0.293493	0	0.250569	0.449077	0.433496	0.438895	0.451215	0.438518	0.447832	0.344493	0.362645	0.385092	0.3814	0.360036	0.378173	0.607158	0.580251	0.583117	0.584068	0.593912	0.594619	0.485302	0.485662	0.470314	0.468494	0.487688	0.503318	0.532604	0.522238	0.532031	0.532814	0.516021	0.52892	0.467118	0.461395	0.460585	0.455239	0.458111	0.460147	0.473617	0.493138	0.510023	0.473164	0.459907	0.470608	0.513251	0.500535	0.511212	0.504826	0.516892	0.5032	0.493174	0.5006	0.480052	0.505094	0.497833	0.480015	0.472874	0.474828	0.494304	0.480663	0.482817	0.465027
ERR635334	0.372125	0.377172	0.379308	0.366434	0.358152	0.367803	0.586423	0.587596	0.561818	0.553218	0.587531	0.553892	0.455854	0.452349	0.462405	0.466157	0.45269	0.455134	0.452057	0.427027	0.440272	0.458199	0.450519	0.453776	0.307277	0.333729	0.307583	0.308017	0.307358	0.313489	0.245535	0.258452	0.248508	0.274869	0.250569	0	0.447511	0.430319	0.43302	0.442144	0.443934	0.445117	0.327588	0.344221	0.366067	0.36253	0.34202	0.359285	0.607906	0.578146	0.580481	0.58184	0.594051	0.593678	0.473039	0.473531	0.462577	0.461371	0.475344	0.507989	0.523914	0.513783	0.523877	0.523694	0.509842	0.518658	0.45629	0.452302	0.451654	0.456943	0.44913	0.451036	0.465723	0.479586	0.495361	0.466351	0.455616	0.464492	0.502894	0.492026	0.500725	0.497958	0.505514	0.496035	0.48071	0.503786	0.470587	0.508348	0.499971	0.470372	0.45877	0.460615	0.479434	0.466173	0.468282	0.451704
ERR613356	0.441333	0.444094	0.441599	0.441601	0.442757	0.441713	0.456672	0.457759	0.451294	0.445511	0.458139	0.450104	0.368029	0.35157	0.347722	0.348161	0.369213	0.365657	0.395269	0.403395	0.397136	0.402308	0.394448	0.402826	0.405026	0.401901	0.416558	0.4053	0.40385	0.405194	0.444948	0.422994	0.448784	0.420063	0.449077	0.447511	0	0.265922	0.271939	0.283134	0.292971	0.259669	0.40209	0.400662	0.407111	0.407125	0.403194	0.406266	0.467638	0.452371	0.455201	0.454541	0.458089	0.458756	0.472797	0.472784	0.450833	0.451312	0.472451	0.468659	0.446607	0.444375	0.443063	0.448636	0.436792	0.452963	0.447728	0.445154	0.44413	0.463035	0.445185	0.444714	0.437318	0.4629	0.47081	0.43491	0.451689	0.434967	0.453999	0.452056	0.454978	0.437795	0.458394	0.442417	0.44181	0.439159	0.431844	0.440299	0.434369	0.432695	0.472726	0.471506	0.476226	0.473571	0.474261	0.470415
ERR613354	0.425555	0.426953	0.426179	0.425346	0.425993	0.425729	0.466974	0.468229	0.453428	0.447182	0.468643	0.450381	0.367492	0.350989	0.350553	0.351736	0.367024	0.365051	0.400386	0.399717	0.395547	0.403596	0.398348	0.40278	0.389558	0.385992	0.402737	0.38928	0.388471	0.387913	0.427756	0.408434	0.432578	0.405236	0.433496	0.430319	0.265922	0	0.262786	0.273938	0.294859	0.264406	0.388	0.38737	0.391188	0.391057	0.387985	0.390396	0.482806	0.460327	0.463117	0.463227	0.470748	0.470634	0.46032	0.460251	0.443224	0.443702	0.460603	0.470756	0.443192	0.438487	0.440602	0.444903	0.43146	0.446105	0.438476	0.435863	0.434889	0.453187	0.435123	0.43534	0.429359	0.450479	0.459747	0.427443	0.438357	0.427475	0.444977	0.44035	0.445315	0.431571	0.448923	0.433985	0.4292	0.434585	0.419124	0.437192	0.429927	0.419446	0.459958	0.459411	0.465228	0.461208	0.461732	0.459189
ERR613355	0.411355	0.412249	0.411484	0.412098	0.413897	0.412126	0.471104	0.472826	0.446318	0.442613	0.473187	0.443081	0.377443	0.355562	0.352435	0.352084	0.375837	0.374272	0.40151	0.402158	0.389902	0.39446	0.397372	0.393673	0.387374	0.376218	0.410347	0.3866	0.385911	0.382494	0.43014	0.404753	0.43746	0.397735	0.438895	0.43302	0.271939	0.262786	0	0.259048	0.315194	0.267829	0.380895	0.3771	0.37707	0.377426	0.377635	0.377067	0.487369	0.456772	0.458482	0.459775	0.474178	0.470688	0.447747	0.447686	0.438307	0.439317	0.447882	0.483919	0.432087	0.428861	0.430621	0.433581	0.426124	0.433481	0.43081	0.430325	0.429516	0.461705	0.430029	0.429734	0.424556	0.436561	0.444027	0.423754	0.438722	0.425094	0.432728	0.430949	0.433067	0.426086	0.435163	0.42617	0.416867	0.446156	0.410788	0.44995	0.440401	0.411598	0.448794	0.448052	0.451447	0.44881	0.449037	0.449959
ERR613353	0.402698	0.40367	0.40157	0.404475	0.407698	0.404506	0.475206	0.477341	0.441997	0.441681	0.477568	0.439539	0.393161	0.365164	0.357904	0.35665	0.391182	0.389056	0.404403	0.411173	0.388865	0.388959	0.398847	0.388188	0.390167	0.371362	0.421624	0.389072	0.388839	0.383092	0.440013	0.407949	0.448901	0.397424	0.451215	0.442144	0.283134	0.273938	0.259048	0	0.337717	0.277366	0.378879	0.371009	0.367841	0.368888	0.37276	0.368975	0.491623	0.456528	0.457114	0.459201	0.478365	0.472187	0.442517	0.442249	0.43883	0.440501	0.442107	0.49747	0.425656	0.424686	0.425447	0.42689	0.426135	0.426396	0.428695	0.430597	0.430048	0.474838	0.431026	0.430291	0.425912	0.429359	0.433687	0.426226	0.446059	0.428872	0.426649	0.428875	0.427067	0.426338	0.427815	0.425626	0.410331	0.460623	0.40975	0.464661	0.4542	0.410094	0.443584	0.442162	0.442551	0.442277	0.442223	0.445856
ERR613358	0.475705	0.477612	0.4778	0.474015	0.47205	0.474679	0.474867	0.474761	0.486712	0.474054	0.474822	0.483645	0.362698	0.363943	0.370696	0.374679	0.363647	0.362297	0.419095	0.410693	0.428704	0.443544	0.421794	0.442331	0.419596	0.431351	0.409024	0.42047	0.418441	0.42427	0.44147	0.438088	0.440215	0.44373	0.438518	0.443934	0.292971	0.294859	0.315194	0.337717	0	0.296914	0.428257	0.435147	0.444354	0.443276	0.434716	0.441937	0.488875	0.483997	0.489008	0.486806	0.479573	0.48723	0.503644	0.504081	0.474674	0.473025	0.504628	0.454799	0.484766	0.477323	0.479717	0.486888	0.462635	0.491297	0.476175	0.468635	0.467241	0.447256	0.466892	0.468207	0.460107	0.49748	0.510675	0.455922	0.453459	0.453053	0.489384	0.478911	0.48947	0.463003	0.495928	0.469384	0.475259	0.421117	0.456846	0.420879	0.420008	0.457662	0.502215	0.502743	0.512425	0.505769	0.506691	0.498558
ERR613357	0.434688	0.43724	0.434752	0.435044	0.43644	0.435223	0.457892	0.459062	0.448984	0.443742	0.459437	0.447565	0.370134	0.351508	0.347419	0.34755	0.370672	0.367283	0.394681	0.402514	0.394071	0.398858	0.392953	0.399102	0.401441	0.396319	0.415712	0.401499	0.400034	0.400805	0.442612	0.419351	0.447247	0.41531	0.447832	0.445117	0.259669	0.264406	0.267829	0.277366	0.296914	0	0.396964	0.394831	0.400103	0.400338	0.39723	0.399521	0.469436	0.451303	0.453961	0.453636	0.459443	0.459041	0.467539	0.46739	0.447562	0.448152	0.467173	0.471294	0.442463	0.440586	0.439474	0.444477	0.434016	0.448239	0.443527	0.441632	0.440588	0.463426	0.441607	0.441291	0.434217	0.457338	0.464771	0.432053	0.449833	0.432631	0.44937	0.447816	0.450371	0.435018	0.453404	0.438986	0.436495	0.440653	0.427524	0.442263	0.435657	0.428144	0.467406	0.466153	0.470462	0.468079	0.468709	0.465646
ERR607735	0.307575	0.312656	0.31072	0.304419	0.299316	0.305395	0.551027	0.552919	0.515746	0.512761	0.552297	0.510211	0.430263	0.408512	0.4073	0.408876	0.427321	0.427425	0.409622	0.405502	0.39156	0.398615	0.404441	0.394951	0.30458	0.30247	0.339197	0.303488	0.304992	0.301009	0.329096	0.296985	0.340215	0.293277	0.344493	0.327588	0.40209	0.388	0.380895	0.378879	0.428257	0.396964	0	0.239951	0.255475	0.253404	0.240193	0.251311	0.574741	0.540309	0.541222	0.543333	0.562686	0.557465	0.439171	0.438953	0.43984	0.440729	0.439948	0.510593	0.478052	0.473006	0.479431	0.477844	0.476604	0.473938	0.427022	0.429039	0.429268	0.467549	0.427103	0.428565	0.440663	0.437386	0.446016	0.442973	0.448399	0.443922	0.463567	0.461681	0.462572	0.468593	0.464478	0.465738	0.443105	0.505071	0.443544	0.509176	0.498575	0.442932	0.421602	0.421916	0.432825	0.425909	0.426936	0.417224
ERR607736	0.299485	0.304324	0.301038	0.297715	0.295591	0.298237	0.546241	0.548393	0.506398	0.50567	0.548	0.501661	0.431094	0.405071	0.40106	0.401386	0.428086	0.427745	0.404258	0.405342	0.38314	0.386526	0.397662	0.383535	0.314315	0.301816	0.356745	0.312637	0.314476	0.307449	0.345392	0.306767	0.35782	0.297281	0.362645	0.344221	0.400662	0.38737	0.3771	0.371009	0.435147	0.394831	0.239951	0	0.245006	0.24418	0.237446	0.242338	0.569319	0.532779	0.532947	0.5355	0.557577	0.55054	0.436895	0.436288	0.442123	0.443769	0.437026	0.519414	0.469933	0.46657	0.471832	0.469528	0.472374	0.465564	0.427047	0.430906	0.431382	0.478315	0.429791	0.430611	0.441481	0.432587	0.438155	0.444178	0.454695	0.446029	0.457729	0.458728	0.457124	0.46602	0.45765	0.462831	0.438905	0.512143	0.442785	0.51654	0.50526	0.441758	0.420059	0.419663	0.427157	0.422739	0.423449	0.417687
ERR607740	0.294094	0.295918	0.294841	0.294002	0.294271	0.294433	0.548714	0.550998	0.502372	0.502766	0.550567	0.497033	0.431174	0.402403	0.397921	0.397569	0.427303	0.427314	0.408255	0.406995	0.380954	0.382784	0.400006	0.379448	0.332025	0.308254	0.381085	0.329157	0.332242	0.319903	0.366112	0.325563	0.380119	0.3111	0.385092	0.366067	0.407111	0.391188	0.37707	0.367841	0.444354	0.400103	0.255475	0.245006	0	0.237945	0.243875	0.237865	0.574456	0.532906	0.532727	0.535733	0.561644	0.553227	0.436941	0.436221	0.450721	0.4523	0.437194	0.534263	0.465037	0.461983	0.467595	0.464495	0.469802	0.459256	0.433347	0.437932	0.438494	0.489135	0.43694	0.437594	0.446636	0.430039	0.433744	0.450267	0.459798	0.452398	0.453501	0.455292	0.452784	0.466245	0.452625	0.461182	0.437466	0.520577	0.444095	0.525623	0.513722	0.443011	0.422185	0.42189	0.425856	0.422981	0.423049	0.424032
