	ERR607419	ERR607416	ERR607415	ERR607417	ERR607418	ERR607420	ERR613232	ERR613231	ERR613229	ERR613228	ERR613230	ERR613227	ERR626533	ERR626529	ERR626531	ERR626532	ERR626530	ERR626528	ERR629698	ERR629702	ERR629700	ERR629703	ERR629701	ERR629699	ERR613247	ERR613250	ERR613248	ERR613249	ERR613246	ERR613245	ERR607762	ERR607759	ERR607761	ERR607760	ERR637124	ERR637123	ERR629867	ERR629863	ERR629866	ERR629865	ERR629862	ERR629864	ERR605689	ERR605691	ERR605693	ERR605692	ERR605690	ERR605694	ERR617119	ERR617122	ERR617124	ERR617120	ERR617123	ERR617121	ERR605600	ERR605599	ERR605602	ERR605603	ERR605604	ERR605601	ERR616937	ERR616940	ERR616939	ERR616938	ERR616942	ERR616941	ERR613204	ERR613208	ERR613203	ERR613207	ERR613206	ERR613205	ERR607591	ERR607593	ERR607596	ERR607594	ERR607592	ERR607595	ERR607851	ERR607852	ERR607853	ERR607854	ERR607849	ERR607850	ERR616502	ERR616501	ERR616499	ERR616500	ERR616498	ERR616503	ERR617567	ERR617565	ERR617570	ERR617568	ERR617566	ERR617569
ERR607419	5.63923e+08	3.18672e+08	3.0885e+08	3.11119e+08	4.08325e+08	4.04211e+08	1.55622e+08	1.5626e+08	2.09076e+08	2.24132e+08	1.47402e+08	2.42848e+08	2.44564e+08	2.59439e+08	2.41242e+08	2.46234e+08	2.13408e+08	2.97211e+08	2.89785e+08	3.00071e+08	2.36679e+08	3.02861e+08	3.03053e+08	2.3899e+08	2.40958e+08	1.6914e+08	1.57206e+08	1.69566e+08	2.55556e+08	2.7998e+08	1.73036e+08	2.53795e+08	1.7768e+08	1.74408e+08	2.55568e+08	2.40516e+08	1.94262e+08	1.93823e+08	1.90942e+08	1.95983e+08	2.28403e+08	2.24381e+08	2.30048e+08	2.04477e+08	1.46478e+08	1.84472e+08	2.12504e+08	1.5346e+08	2.43551e+08	2.89269e+08	2.34258e+08	2.63128e+08	2.94704e+08	2.59708e+08	2.93465e+08	3.1226e+08	2.85582e+08	2.90736e+08	2.84684e+08	2.74245e+08	3.19536e+08	2.73745e+08	3.59755e+08	3.19061e+08	2.73995e+08	2.6882e+08	2.61125e+08	1.80466e+08	2.83836e+08	1.80697e+08	1.69266e+08	2.42901e+08	3.6363e+08	3.11196e+08	3.64795e+08	3.63087e+08	3.09311e+08	3.62788e+08	2.12456e+08	2.47752e+08	2.47411e+08	2.50744e+08	2.11624e+08	2.18616e+08	3.08165e+08	2.95339e+08	1.41339e+08	2.33105e+08	2.31766e+08	3.00317e+08	2.17686e+08	3.21649e+08	3.19465e+08	3.22972e+08	1.26648e+08	3.21153e+08
ERR607416	3.18672e+08	3.7972e+08	2.46566e+08	2.48025e+08	3.22034e+08	3.18405e+08	1.22484e+08	1.23095e+08	1.64557e+08	1.76282e+08	1.16163e+08	1.90559e+08	1.92406e+08	2.04477e+08	1.89983e+08	1.93777e+08	1.68631e+08	2.3401e+08	2.28682e+08	2.37066e+08	1.8698e+08	2.39156e+08	2.39238e+08	1.89024e+08	1.89263e+08	1.33109e+08	1.23906e+08	1.33459e+08	2.00759e+08	2.19433e+08	1.35842e+08	1.99426e+08	1.39382e+08	1.36859e+08	2.00641e+08	1.89065e+08	1.52869e+08	1.52303e+08	1.50152e+08	1.54005e+08	1.7912e+08	1.76e+08	1.79842e+08	1.60047e+08	1.15113e+08	1.44219e+08	1.66394e+08	1.2051e+08	1.93217e+08	2.28549e+08	1.86462e+08	2.08141e+08	2.33061e+08	2.05538e+08	2.32525e+08	2.47344e+08	2.26228e+08	2.30196e+08	2.25482e+08	2.17312e+08	2.52835e+08	2.16981e+08	2.84186e+08	2.5212e+08	2.1715e+08	2.13078e+08	2.0594e+08	1.42544e+08	2.23431e+08	1.42734e+08	1.33776e+08	1.9145e+08	2.87617e+08	2.46166e+08	2.88191e+08	2.87009e+08	2.4493e+08	2.86611e+08	1.67947e+08	1.95495e+08	1.95183e+08	1.9781e+08	1.67509e+08	1.72668e+08	2.43538e+08	2.3353e+08	1.11944e+08	1.84145e+08	1.8314e+08	2.3743e+08	1.72006e+08	2.52903e+08	2.51896e+08	2.54711e+08	1.00631e+08	2.53436e+08
ERR607415	3.0885e+08	2.46566e+08	3.60869e+08	2.40709e+08	3.12081e+08	3.08742e+08	1.18357e+08	1.1895e+08	1.59072e+08	1.70213e+08	1.12384e+08	1.84034e+08	1.86312e+08	1.97875e+08	1.83857e+08	1.8759e+08	1.63463e+08	2.26586e+08	2.21769e+08	2.29835e+08	1.81334e+08	2.32121e+08	2.3197e+08	1.83373e+08	1.82957e+08	1.28619e+08	1.19821e+08	1.29001e+08	1.93777e+08	2.11815e+08	1.31394e+08	1.92766e+08	1.34831e+08	1.32289e+08	1.93986e+08	1.82787e+08	1.47981e+08	1.47183e+08	1.45212e+08	1.49124e+08	1.73102e+08	1.69898e+08	1.73736e+08	1.54619e+08	1.11296e+08	1.39266e+08	1.60787e+08	1.16618e+08	1.87369e+08	2.21464e+08	1.81063e+08	2.01757e+08	2.25786e+08	1.99134e+08	2.25587e+08	2.39899e+08	2.19382e+08	2.2324e+08	2.18652e+08	2.10809e+08	2.45636e+08	2.10889e+08	2.75843e+08	2.44766e+08	2.10981e+08	2.06975e+08	1.99525e+08	1.38267e+08	2.16351e+08	1.38561e+08	1.29847e+08	1.8564e+08	2.78734e+08	2.38741e+08	2.79298e+08	2.78145e+08	2.37793e+08	2.7794e+08	1.62717e+08	1.894e+08	1.89138e+08	1.9171e+08	1.62366e+08	1.67483e+08	2.36298e+08	2.2663e+08	1.0856e+08	1.78562e+08	1.77682e+08	2.30438e+08	1.66824e+08	2.45076e+08	2.44487e+08	2.47026e+08	9.78684e+07	2.45943e+08
ERR607417	3.11119e+08	2.48025e+08	2.40709e+08	3.64978e+08	3.14401e+08	3.11003e+08	1.19475e+08	1.19957e+08	1.60476e+08	1.71888e+08	1.13255e+08	1.85906e+08	1.87855e+08	1.99478e+08	1.8533e+08	1.8915e+08	1.64407e+08	2.28333e+08	2.23068e+08	2.31201e+08	1.82301e+08	2.33373e+08	2.33214e+08	1.84411e+08	1.84607e+08	1.29779e+08	1.20713e+08	1.30101e+08	1.95617e+08	2.14022e+08	1.3256e+08	1.94394e+08	1.36035e+08	1.33487e+08	1.95716e+08	1.84274e+08	1.48999e+08	1.48543e+08	1.46414e+08	1.50261e+08	1.74793e+08	1.71694e+08	1.75883e+08	1.5634e+08	1.1241e+08	1.40937e+08	1.62694e+08	1.17781e+08	1.88594e+08	2.22915e+08	1.8176e+08	2.03113e+08	2.27265e+08	2.00469e+08	2.26846e+08	2.41198e+08	2.20793e+08	2.24597e+08	2.19861e+08	2.12048e+08	2.4694e+08	2.11913e+08	2.7765e+08	2.46133e+08	2.12012e+08	2.07921e+08	2.00914e+08	1.39069e+08	2.18016e+08	1.39389e+08	1.30603e+08	1.86956e+08	2.80447e+08	2.40196e+08	2.81216e+08	2.80015e+08	2.39067e+08	2.79703e+08	1.63761e+08	1.90587e+08	1.90427e+08	1.92999e+08	1.63243e+08	1.68452e+08	2.37509e+08	2.27611e+08	1.091e+08	1.79535e+08	1.78567e+08	2.31589e+08	1.67804e+08	2.47027e+08	2.45687e+08	2.48519e+08	9.80254e+07	2.47297e+08
ERR607418	4.08325e+08	3.22034e+08	3.12081e+08	3.14401e+08	5.73647e+08	4.08328e+08	1.57172e+08	1.57684e+08	2.11033e+08	2.26267e+08	1.48791e+08	2.45048e+08	2.46897e+08	2.6218e+08	2.4363e+08	2.48487e+08	2.15682e+08	3.00311e+08	2.92778e+08	3.0336e+08	2.39126e+08	3.06054e+08	3.06074e+08	2.41529e+08	2.42956e+08	1.70649e+08	1.5866e+08	1.71085e+08	2.57879e+08	2.82457e+08	1.74645e+08	2.56158e+08	1.79278e+08	1.75885e+08	2.57932e+08	2.42765e+08	1.9611e+08	1.95588e+08	1.92594e+08	1.97769e+08	2.30439e+08	2.26306e+08	2.31918e+08	2.0602e+08	1.4771e+08	1.85931e+08	2.14287e+08	1.54713e+08	2.46103e+08	2.922e+08	2.36706e+08	2.65878e+08	2.97765e+08	2.62175e+08	2.96258e+08	3.15375e+08	2.88357e+08	2.93363e+08	2.87271e+08	2.76898e+08	3.23553e+08	2.77156e+08	3.64167e+08	3.2301e+08	2.77354e+08	2.72229e+08	2.63753e+08	1.82212e+08	2.86651e+08	1.82561e+08	1.70861e+08	2.45208e+08	3.67584e+08	3.1437e+08	3.68651e+08	3.66895e+08	3.12625e+08	3.66581e+08	2.14689e+08	2.50206e+08	2.5001e+08	2.53439e+08	2.13956e+08	2.20916e+08	3.11558e+08	2.98534e+08	1.42879e+08	2.35647e+08	2.34269e+08	3.03719e+08	2.20202e+08	3.25165e+08	3.22951e+08	3.2653e+08	1.28077e+08	3.24772e+08
ERR607420	4.04211e+08	3.18405e+08	3.08742e+08	3.11003e+08	4.08328e+08	5.63771e+08	1.55704e+08	1.56303e+08	2.09326e+08	2.24274e+08	1.47546e+08	2.43044e+08	2.44472e+08	2.59695e+08	2.41394e+08	2.4631e+08	2.13519e+08	2.97375e+08	2.89667e+08	3.0038e+08	2.36753e+08	3.03036e+08	3.02999e+08	2.38945e+08	2.40935e+08	1.69249e+08	1.57347e+08	1.69675e+08	2.55718e+08	2.80153e+08	1.73188e+08	2.54058e+08	1.77837e+08	1.74548e+08	2.55951e+08	2.40938e+08	1.94533e+08	1.94064e+08	1.91101e+08	1.96132e+08	2.28548e+08	2.24576e+08	2.30085e+08	2.04437e+08	1.46455e+08	1.84481e+08	2.12492e+08	1.53489e+08	2.43702e+08	2.89326e+08	2.34418e+08	2.63286e+08	2.94786e+08	2.59727e+08	2.93801e+08	3.12685e+08	2.86028e+08	2.90925e+08	2.84934e+08	2.74481e+08	3.19821e+08	2.73947e+08	3.60104e+08	3.19402e+08	2.74377e+08	2.69044e+08	2.61292e+08	1.80475e+08	2.84044e+08	1.8089e+08	1.69367e+08	2.4305e+08	3.63639e+08	3.11147e+08	3.64826e+08	3.63106e+08	3.09353e+08	3.62719e+08	2.12628e+08	2.48062e+08	2.47736e+08	2.5101e+08	2.11828e+08	2.18724e+08	3.0845e+08	2.95439e+08	1.41443e+08	2.3323e+08	2.31836e+08	3.00436e+08	2.17997e+08	3.21876e+08	3.19655e+08	3.23089e+08	1.26733e+08	3.21458e+08
ERR613232	1.55622e+08	1.22484e+08	1.18357e+08	1.19475e+08	1.57172e+08	1.55704e+08	2.68611e+08	1.73077e+08	2.2615e+08	2.40851e+08	1.64466e+08	2.57996e+08	1.09638e+08	1.16463e+08	1.08366e+08	1.10752e+08	9.56965e+07	1.33727e+08	1.34642e+08	1.39746e+08	1.10074e+08	1.41002e+08	1.40956e+08	1.10797e+08	2.27822e+08	1.64324e+08	1.54035e+08	1.64377e+08	2.40596e+08	2.60965e+08	1.536e+08	2.15931e+08	1.57337e+08	1.54551e+08	2.17003e+08	2.05982e+08	1.74806e+08	1.73952e+08	1.71853e+08	1.76078e+08	2.02074e+08	1.98569e+08	2.15589e+08	1.94313e+08	1.43005e+08	1.76183e+08	2.01007e+08	1.49085e+08	1.27527e+08	1.49219e+08	1.23371e+08	1.36829e+08	1.5181e+08	1.35308e+08	1.69343e+08	1.79157e+08	1.64895e+08	1.67764e+08	1.64429e+08	1.59232e+08	1.46763e+08	1.25389e+08	1.6599e+08	1.46711e+08	1.25802e+08	1.23732e+08	1.33275e+08	9.227e+07	1.43744e+08	9.2305e+07	8.6057e+07	1.23733e+08	1.66959e+08	1.42447e+08	1.67295e+08	1.66589e+08	1.41418e+08	1.66568e+08	1.00273e+08	1.17139e+08	1.16979e+08	1.18653e+08	1.00271e+08	1.03449e+08	1.45697e+08	1.39782e+08	6.67723e+07	1.10286e+08	1.09389e+08	1.42066e+08	1.0525e+08	1.55368e+08	1.54459e+08	1.57164e+08	6.11604e+07	1.56037e+08
ERR613231	1.5626e+08	1.23095e+08	1.1895e+08	1.19957e+08	1.57684e+08	1.56303e+08	1.73077e+08	2.69297e+08	2.26393e+08	2.41125e+08	1.64749e+08	2.583e+08	1.10086e+08	1.16887e+08	1.08727e+08	1.11063e+08	9.61404e+07	1.34155e+08	1.35275e+08	1.40335e+08	1.10428e+08	1.41678e+08	1.4166e+08	1.11327e+08	2.2854e+08	1.6486e+08	1.54522e+08	1.64963e+08	2.41271e+08	2.61702e+08	1.54138e+08	2.16519e+08	1.5773e+08	1.55046e+08	2.1775e+08	2.06541e+08	1.75386e+08	1.74422e+08	1.72393e+08	1.76597e+08	2.02559e+08	1.992e+08	2.15861e+08	1.94517e+08	1.43223e+08	1.76374e+08	2.01094e+08	1.49203e+08	1.27645e+08	1.49452e+08	1.23609e+08	1.37047e+08	1.52071e+08	1.3551e+08	1.6974e+08	1.79606e+08	1.65295e+08	1.68051e+08	1.64852e+08	1.59548e+08	1.47542e+08	1.26031e+08	1.66655e+08	1.47292e+08	1.26517e+08	1.24316e+08	1.33673e+08	9.24928e+07	1.44037e+08	9.25166e+07	8.62611e+07	1.24076e+08	1.67652e+08	1.43029e+08	1.67837e+08	1.67239e+08	1.42069e+08	1.67119e+08	1.00719e+08	1.17684e+08	1.17528e+08	1.19133e+08	1.00731e+08	1.03879e+08	1.46267e+08	1.40365e+08	6.70292e+07	1.10759e+08	1.09829e+08	1.42677e+08	1.05658e+08	1.55705e+08	1.55026e+08	1.57648e+08	6.13639e+07	1.56487e+08
ERR613229	2.09076e+08	1.64557e+08	1.59072e+08	1.60476e+08	2.11033e+08	2.09326e+08	2.2615e+08	2.26393e+08	4.27885e+08	3.18895e+08	2.14941e+08	3.42236e+08	1.47494e+08	1.56573e+08	1.45698e+08	1.48958e+08	1.28653e+08	1.79907e+08	1.81042e+08	1.87803e+08	1.47737e+08	1.89455e+08	1.89561e+08	1.48755e+08	3.01671e+08	2.16266e+08	2.02334e+08	2.16356e+08	3.18958e+08	3.46571e+08	2.04428e+08	2.88056e+08	2.093e+08	2.0556e+08	2.89671e+08	2.7469e+08	2.31697e+08	2.30642e+08	2.2747e+08	2.3324e+08	2.68583e+08	2.63764e+08	2.85914e+08	2.57197e+08	1.88408e+08	2.33072e+08	2.66247e+08	1.96547e+08	1.70252e+08	1.99559e+08	1.64521e+08	1.82891e+08	2.03082e+08	1.80888e+08	2.26182e+08	2.39315e+08	2.20274e+08	2.24016e+08	2.1968e+08	2.1248e+08	1.9728e+08	1.68593e+08	2.23218e+08	1.97339e+08	1.68959e+08	1.66225e+08	1.78605e+08	1.23334e+08	1.92768e+08	1.23478e+08	1.14954e+08	1.65849e+08	2.24374e+08	1.91409e+08	2.24614e+08	2.23822e+08	1.8994e+08	2.23564e+08	1.34813e+08	1.57517e+08	1.57258e+08	1.59588e+08	1.34686e+08	1.38987e+08	1.95378e+08	1.87511e+08	8.93057e+07	1.47923e+08	1.46734e+08	1.90481e+08	1.41132e+08	2.08375e+08	2.07155e+08	2.10647e+08	8.16162e+07	2.09129e+08
ERR613228	2.24132e+08	1.76282e+08	1.70213e+08	1.71888e+08	2.26267e+08	2.24274e+08	2.40851e+08	2.41125e+08	3.18895e+08	4.78186e+08	2.28744e+08	3.65205e+08	1.58183e+08	1.6792e+08	1.56302e+08	1.59687e+08	1.37745e+08	1.92892e+08	1.9369e+08	2.01048e+08	1.58174e+08	2.02882e+08	2.02966e+08	1.59297e+08	3.21463e+08	2.30119e+08	2.15093e+08	2.30029e+08	3.40067e+08	3.69567e+08	2.18078e+08	3.07571e+08	2.23221e+08	2.19332e+08	3.09464e+08	2.93146e+08	2.46918e+08	2.46013e+08	2.42615e+08	2.488e+08	2.86814e+08	2.81648e+08	3.05378e+08	2.74745e+08	2.01214e+08	2.48957e+08	2.84164e+08	2.09752e+08	1.82675e+08	2.14175e+08	1.76334e+08	1.96403e+08	2.17877e+08	1.94101e+08	2.42559e+08	2.56792e+08	2.36185e+08	2.40334e+08	2.35583e+08	2.27931e+08	2.11211e+08	1.80253e+08	2.39065e+08	2.11315e+08	1.80848e+08	1.77889e+08	1.91547e+08	1.32095e+08	2.06664e+08	1.32243e+08	1.23061e+08	1.7764e+08	2.40335e+08	2.04904e+08	2.40583e+08	2.39784e+08	2.03279e+08	2.39662e+08	1.44338e+08	1.68763e+08	1.68413e+08	1.70993e+08	1.44209e+08	1.48698e+08	2.09102e+08	2.00563e+08	9.56375e+07	1.58372e+08	1.57013e+08	2.03777e+08	1.51294e+08	2.23736e+08	2.22216e+08	2.2572e+08	8.7379e+07	2.24333e+08
ERR613230	1.47402e+08	1.16163e+08	1.12384e+08	1.13255e+08	1.48791e+08	1.47546e+08	1.64466e+08	1.64749e+08	2.14941e+08	2.28744e+08	2.47299e+08	2.44865e+08	1.03688e+08	1.10282e+08	1.02503e+08	1.04769e+08	9.0744e+07	1.26497e+08	1.27671e+08	1.32368e+08	1.04265e+08	1.33642e+08	1.33619e+08	1.0511e+08	2.16257e+08	1.56256e+08	1.46542e+08	1.56407e+08	2.2839e+08	2.47564e+08	1.46054e+08	2.05156e+08	1.49371e+08	1.46786e+08	2.06065e+08	1.95703e+08	1.66458e+08	1.654e+08	1.63608e+08	1.67554e+08	1.9207e+08	1.8855e+08	2.04322e+08	1.84466e+08	1.35976e+08	1.67185e+08	1.90611e+08	1.41783e+08	1.21155e+08	1.41616e+08	1.17423e+08	1.2997e+08	1.44042e+08	1.28398e+08	1.6098e+08	1.70199e+08	1.5671e+08	1.59511e+08	1.56301e+08	1.51374e+08	1.39394e+08	1.1923e+08	1.57361e+08	1.39141e+08	1.19537e+08	1.17499e+08	1.263e+08	8.74607e+07	1.3599e+08	8.75321e+07	8.169e+07	1.17248e+08	1.58264e+08	1.3506e+08	1.58499e+08	1.57853e+08	1.34214e+08	1.57803e+08	9.51025e+07	1.10967e+08	1.10727e+08	1.12387e+08	9.51349e+07	9.80088e+07	1.38113e+08	1.32685e+08	6.31964e+07	1.04447e+08	1.03696e+08	1.34737e+08	9.97968e+07	1.47117e+08	1.46543e+08	1.49064e+08	5.82348e+07	1.48104e+08
ERR613227	2.42848e+08	1.90559e+08	1.84034e+08	1.85906e+08	2.45048e+08	2.43044e+08	2.57996e+08	2.583e+08	3.42236e+08	3.65205e+08	2.44865e+08	5.42396e+08	1.71552e+08	1.81917e+08	1.6948e+08	1.7327e+08	1.48801e+08	2.08924e+08	2.09633e+08	2.17283e+08	1.71076e+08	2.19398e+08	2.19515e+08	1.72046e+08	3.46514e+08	2.47733e+08	2.31415e+08	2.47726e+08	3.66988e+08	3.99784e+08	2.34959e+08	3.31587e+08	2.406e+08	2.36411e+08	3.33985e+08	3.15968e+08	2.65673e+08	2.65086e+08	2.61018e+08	2.67691e+08	3.09708e+08	3.04224e+08	3.29082e+08	2.95465e+08	2.15486e+08	2.68181e+08	3.05971e+08	2.24848e+08	1.95606e+08	2.30244e+08	1.88382e+08	2.10678e+08	2.34117e+08	2.08381e+08	2.59516e+08	2.74935e+08	2.52782e+08	2.5708e+08	2.52096e+08	2.43758e+08	2.27935e+08	1.94115e+08	2.58141e+08	2.28404e+08	1.94855e+08	1.91551e+08	2.06678e+08	1.42394e+08	2.23288e+08	1.42359e+08	1.32577e+08	1.91578e+08	2.60081e+08	2.21897e+08	2.60527e+08	2.59603e+08	2.19903e+08	2.59571e+08	1.56105e+08	1.82646e+08	1.82338e+08	1.85085e+08	1.55816e+08	1.60804e+08	2.25629e+08	2.16443e+08	1.03363e+08	1.71281e+08	1.69701e+08	2.19929e+08	1.63222e+08	2.41978e+08	2.39429e+08	2.43339e+08	9.37229e+07	2.4179e+08
ERR626533	2.44564e+08	1.92406e+08	1.86312e+08	1.87855e+08	2.46897e+08	2.44472e+08	1.09638e+08	1.10086e+08	1.47494e+08	1.58183e+08	1.03688e+08	1.71552e+08	3.08852e+08	2.0623e+08	1.93259e+08	1.97341e+08	1.69475e+08	2.35633e+08	2.01616e+08	2.08797e+08	1.65306e+08	2.10558e+08	2.10696e+08	1.66343e+08	1.69971e+08	1.19451e+08	1.10964e+08	1.19711e+08	1.8065e+08	1.98289e+08	1.2703e+08	1.84033e+08	1.30477e+08	1.28091e+08	1.85688e+08	1.74602e+08	1.36612e+08	1.36583e+08	1.34173e+08	1.37638e+08	1.61206e+08	1.58349e+08	1.59686e+08	1.41627e+08	1.0099e+08	1.28078e+08	1.47202e+08	1.05748e+08	1.64454e+08	1.96367e+08	1.57652e+08	1.78027e+08	1.99782e+08	1.758e+08	2.00567e+08	2.13497e+08	1.95341e+08	1.98734e+08	1.94702e+08	1.87377e+08	2.20482e+08	1.88489e+08	2.48763e+08	2.2059e+08	1.88686e+08	1.85389e+08	1.81968e+08	1.25719e+08	1.98173e+08	1.26056e+08	1.17728e+08	1.69058e+08	2.48739e+08	2.1304e+08	2.49657e+08	2.48497e+08	2.11395e+08	2.48462e+08	1.47906e+08	1.72482e+08	1.72172e+08	1.74633e+08	1.47485e+08	1.52262e+08	2.13551e+08	2.04927e+08	9.87701e+07	1.62116e+08	1.6103e+08	2.07978e+08	1.56364e+08	2.2948e+08	2.26827e+08	2.2946e+08	9.02703e+07	2.28047e+08
ERR626529	2.59439e+08	2.04477e+08	1.97875e+08	1.99478e+08	2.6218e+08	2.59695e+08	1.16463e+08	1.16887e+08	1.56573e+08	1.6792e+08	1.10282e+08	1.81917e+08	2.0623e+08	3.39278e+08	2.03531e+08	2.07781e+08	1.80333e+08	2.50452e+08	2.14404e+08	2.22257e+08	1.75703e+08	2.24113e+08	2.2422e+08	1.77067e+08	1.80383e+08	1.26796e+08	1.17858e+08	1.27073e+08	1.91781e+08	2.10186e+08	1.34422e+08	1.94906e+08	1.37996e+08	1.35404e+08	1.96575e+08	1.84843e+08	1.45074e+08	1.45093e+08	1.42596e+08	1.46287e+08	1.71006e+08	1.68083e+08	1.6924e+08	1.50233e+08	1.07194e+08	1.35654e+08	1.56198e+08	1.12377e+08	1.74782e+08	2.08456e+08	1.67935e+08	1.89093e+08	2.1205e+08	1.86704e+08	2.13445e+08	2.27093e+08	2.07534e+08	2.11383e+08	2.068e+08	1.99305e+08	2.34823e+08	2.00903e+08	2.64822e+08	2.34775e+08	2.01314e+08	1.97616e+08	1.9319e+08	1.33514e+08	2.10074e+08	1.3399e+08	1.25096e+08	1.79653e+08	2.64211e+08	2.26232e+08	2.65127e+08	2.63717e+08	2.24566e+08	2.63729e+08	1.57279e+08	1.83311e+08	1.82945e+08	1.85534e+08	1.56794e+08	1.61799e+08	2.26986e+08	2.17977e+08	1.04637e+08	1.72118e+08	1.70962e+08	2.2124e+08	1.6547e+08	2.42994e+08	2.40633e+08	2.43493e+08	9.58327e+07	2.41821e+08
ERR626531	2.41242e+08	1.89983e+08	1.83857e+08	1.8533e+08	2.4363e+08	2.41394e+08	1.08366e+08	1.08727e+08	1.45698e+08	1.56302e+08	1.02503e+08	1.6948e+08	1.93259e+08	2.03531e+08	3.02291e+08	1.9469e+08	1.67269e+08	2.32548e+08	1.98989e+08	2.06237e+08	1.63338e+08	2.07951e+08	2.08133e+08	1.64502e+08	1.68024e+08	1.18087e+08	1.09641e+08	1.18299e+08	1.785e+08	1.95951e+08	1.25546e+08	1.81832e+08	1.28937e+08	1.26537e+08	1.83351e+08	1.72462e+08	1.35003e+08	1.35004e+08	1.32612e+08	1.3599e+08	1.59299e+08	1.56509e+08	1.57925e+08	1.40118e+08	9.98337e+07	1.26692e+08	1.45686e+08	1.04625e+08	1.62301e+08	1.93835e+08	1.55644e+08	1.75896e+08	1.97336e+08	1.73555e+08	1.98169e+08	2.10946e+08	1.92933e+08	1.96413e+08	1.92284e+08	1.85024e+08	2.17509e+08	1.86117e+08	2.4559e+08	2.17979e+08	1.86522e+08	1.83135e+08	1.7964e+08	1.24135e+08	1.95526e+08	1.24541e+08	1.16298e+08	1.66837e+08	2.45535e+08	2.1037e+08	2.46473e+08	2.45468e+08	2.08718e+08	2.45125e+08	1.46143e+08	1.70488e+08	1.70217e+08	1.72563e+08	1.45658e+08	1.504e+08	2.10748e+08	2.02188e+08	9.73551e+07	1.59891e+08	1.58737e+08	2.05247e+08	1.5434e+08	2.26754e+08	2.23895e+08	2.26546e+08	8.91477e+07	2.2516e+08
ERR626532	2.46234e+08	1.93777e+08	1.8759e+08	1.8915e+08	2.48487e+08	2.4631e+08	1.10752e+08	1.11063e+08	1.48958e+08	1.59687e+08	1.04769e+08	1.7327e+08	1.97341e+08	2.07781e+08	1.9469e+08	3.13089e+08	1.70894e+08	2.37591e+08	2.03409e+08	2.10644e+08	1.66801e+08	2.12431e+08	2.12617e+08	1.67807e+08	1.71641e+08	1.20652e+08	1.12047e+08	1.20824e+08	1.8241e+08	2.00249e+08	1.28221e+08	1.85614e+08	1.31768e+08	1.29245e+08	1.87323e+08	1.76195e+08	1.37884e+08	1.37844e+08	1.35521e+08	1.38934e+08	1.62729e+08	1.59881e+08	1.61405e+08	1.4301e+08	1.01966e+08	1.29496e+08	1.48774e+08	1.06879e+08	1.65736e+08	1.97999e+08	1.58905e+08	1.79505e+08	2.0142e+08	1.77247e+08	2.02218e+08	2.15342e+08	1.96917e+08	2.00383e+08	1.96158e+08	1.88939e+08	2.21992e+08	1.89783e+08	2.50651e+08	2.2221e+08	1.90158e+08	1.86867e+08	1.83656e+08	1.26848e+08	1.99903e+08	1.27218e+08	1.1881e+08	1.70659e+08	2.5066e+08	2.14798e+08	2.51651e+08	2.5033e+08	2.13063e+08	2.50322e+08	1.49356e+08	1.74018e+08	1.73757e+08	1.76288e+08	1.4878e+08	1.53562e+08	2.15264e+08	2.06446e+08	9.94629e+07	1.63344e+08	1.62346e+08	2.09758e+08	1.57581e+08	2.31331e+08	2.28656e+08	2.31244e+08	9.09177e+07	2.29682e+08
ERR626530	2.13408e+08	1.68631e+08	1.63463e+08	1.64407e+08	2.15682e+08	2.13519e+08	9.56965e+07	9.61404e+07	1.28653e+08	1.37745e+08	9.0744e+07	1.48801e+08	1.69475e+08	1.80333e+08	1.67269e+08	1.70894e+08	2.47785e+08	2.05923e+08	1.77061e+08	1.83545e+08	1.45246e+08	1.85239e+08	1.85224e+08	1.46509e+08	1.4785e+08	1.04115e+08	9.68455e+07	1.04287e+08	1.56957e+08	1.71636e+08	1.10581e+08	1.60354e+08	1.13485e+08	1.11319e+08	1.61443e+08	1.52174e+08	1.19367e+08	1.18861e+08	1.17263e+08	1.20247e+08	1.39852e+08	1.37367e+08	1.37722e+08	1.22451e+08	8.78286e+07	1.1029e+08	1.2729e+08	9.19077e+07	1.44182e+08	1.71342e+08	1.39142e+08	1.55493e+08	1.74422e+08	1.53645e+08	1.76249e+08	1.87373e+08	1.71305e+08	1.74482e+08	1.70649e+08	1.64614e+08	1.94266e+08	1.66676e+08	2.18704e+08	1.93754e+08	1.66866e+08	1.63951e+08	1.58893e+08	1.10112e+08	1.72322e+08	1.10497e+08	1.03279e+08	1.4774e+08	2.17749e+08	1.86693e+08	2.18404e+08	2.17491e+08	1.85635e+08	2.17386e+08	1.29675e+08	1.50861e+08	1.506e+08	1.52646e+08	1.29358e+08	1.33584e+08	1.87574e+08	1.80042e+08	8.63726e+07	1.41837e+08	1.41088e+08	1.82844e+08	1.36422e+08	1.99187e+08	1.98368e+08	2.00637e+08	7.98236e+07	1.99404e+08
ERR626528	2.97211e+08	2.3401e+08	2.26586e+08	2.28333e+08	3.00311e+08	2.97375e+08	1.33727e+08	1.34155e+08	1.79907e+08	1.92892e+08	1.26497e+08	2.08924e+08	2.35633e+08	2.50452e+08	2.32548e+08	2.37591e+08	2.05923e+08	4.25075e+08	2.45165e+08	2.53961e+08	2.00905e+08	2.56089e+08	2.56377e+08	2.02244e+08	2.07205e+08	1.45523e+08	1.35266e+08	1.45821e+08	2.20198e+08	2.41461e+08	1.53947e+08	2.23557e+08	1.58184e+08	1.55331e+08	2.25504e+08	2.12082e+08	1.66623e+08	1.66509e+08	1.63696e+08	1.67877e+08	1.96423e+08	1.92984e+08	1.94436e+08	1.72569e+08	1.23156e+08	1.56071e+08	1.79518e+08	1.29098e+08	1.99855e+08	2.38595e+08	1.91722e+08	2.16424e+08	2.42884e+08	2.13664e+08	2.43864e+08	2.59646e+08	2.37382e+08	2.41651e+08	2.36497e+08	2.27732e+08	2.68851e+08	2.29739e+08	3.0324e+08	2.6893e+08	2.30285e+08	2.26036e+08	2.20939e+08	1.5265e+08	2.40571e+08	1.52959e+08	1.42834e+08	2.05215e+08	3.02226e+08	2.58659e+08	3.03192e+08	3.0196e+08	2.56761e+08	3.01631e+08	1.79772e+08	2.09651e+08	2.09243e+08	2.12274e+08	1.79213e+08	1.84976e+08	2.59977e+08	2.4947e+08	1.19747e+08	1.97029e+08	1.9572e+08	2.53133e+08	1.89296e+08	2.78478e+08	2.75369e+08	2.78728e+08	1.09259e+08	2.76725e+08
ERR629698	2.89785e+08	2.28682e+08	2.21769e+08	2.23068e+08	2.92778e+08	2.89667e+08	1.34642e+08	1.35275e+08	1.81042e+08	1.9369e+08	1.27671e+08	2.09633e+08	2.01616e+08	2.14404e+08	1.98989e+08	2.03409e+08	1.77061e+08	2.45165e+08	4.24206e+08	2.97265e+08	2.35962e+08	2.99928e+08	2.99701e+08	2.38212e+08	2.10146e+08	1.47809e+08	1.37657e+08	1.48407e+08	2.22982e+08	2.43692e+08	1.51028e+08	2.21152e+08	1.54958e+08	1.52097e+08	2.22361e+08	2.09432e+08	1.67524e+08	1.66766e+08	1.64638e+08	1.68948e+08	1.96368e+08	1.92693e+08	1.94256e+08	1.7237e+08	1.23981e+08	1.5528e+08	1.79495e+08	1.29767e+08	2.04956e+08	2.43164e+08	1.97783e+08	2.20879e+08	2.47649e+08	2.18036e+08	2.41821e+08	2.57269e+08	2.34862e+08	2.39217e+08	2.34104e+08	2.2569e+08	2.74571e+08	2.35365e+08	3.08278e+08	2.73364e+08	2.35655e+08	2.31423e+08	2.25887e+08	1.56379e+08	2.44805e+08	1.56892e+08	1.46903e+08	2.10026e+08	3.01205e+08	2.57563e+08	3.01819e+08	3.00412e+08	2.56298e+08	3.00303e+08	1.839e+08	2.1415e+08	2.13579e+08	2.1647e+08	1.83552e+08	1.89384e+08	2.63396e+08	2.5295e+08	1.20331e+08	1.98752e+08	1.97557e+08	2.56906e+08	1.86102e+08	2.73282e+08	2.72518e+08	2.75653e+08	1.08987e+08	2.73936e+08
ERR629702	3.00071e+08	2.37066e+08	2.29835e+08	2.31201e+08	3.0336e+08	3.0038e+08	1.39746e+08	1.40335e+08	1.87803e+08	2.01048e+08	1.32368e+08	2.17283e+08	2.08797e+08	2.22257e+08	2.06237e+08	2.10644e+08	1.83545e+08	2.53961e+08	2.97265e+08	4.5127e+08	2.44068e+08	3.11249e+08	3.11943e+08	2.46377e+08	2.18022e+08	1.53299e+08	1.42706e+08	1.53888e+08	2.31227e+08	2.52603e+08	1.5647e+08	2.29272e+08	1.6064e+08	1.57522e+08	2.30462e+08	2.17188e+08	1.7385e+08	1.72805e+08	1.70762e+08	1.75162e+08	2.03451e+08	1.99706e+08	2.00902e+08	1.78452e+08	1.28415e+08	1.6067e+08	1.85724e+08	1.34344e+08	2.12582e+08	2.52192e+08	2.05545e+08	2.2903e+08	2.56881e+08	2.25935e+08	2.51134e+08	2.67221e+08	2.43764e+08	2.48194e+08	2.4304e+08	2.34359e+08	2.84666e+08	2.44149e+08	3.19635e+08	2.83289e+08	2.44359e+08	2.40037e+08	2.34223e+08	1.62214e+08	2.53877e+08	1.62745e+08	1.52451e+08	2.17915e+08	3.12651e+08	2.67281e+08	3.13279e+08	3.11761e+08	2.66082e+08	3.11482e+08	1.90745e+08	2.21913e+08	2.21541e+08	2.24457e+08	1.90414e+08	1.96523e+08	2.73567e+08	2.62823e+08	1.2494e+08	2.06316e+08	2.05104e+08	2.66875e+08	1.92756e+08	2.83008e+08	2.82544e+08	2.85718e+08	1.12923e+08	2.84183e+08
ERR629700	2.36679e+08	1.8698e+08	1.81334e+08	1.82301e+08	2.39126e+08	2.36753e+08	1.10074e+08	1.10428e+08	1.47737e+08	1.58174e+08	1.04265e+08	1.71076e+08	1.65306e+08	1.75703e+08	1.63338e+08	1.66801e+08	1.45246e+08	2.00905e+08	2.35962e+08	2.44068e+08	3.05957e+08	2.46069e+08	2.45886e+08	1.95733e+08	1.71749e+08	1.20919e+08	1.12722e+08	1.21406e+08	1.82373e+08	1.99004e+08	1.23528e+08	1.80898e+08	1.26782e+08	1.24392e+08	1.81771e+08	1.71232e+08	1.36801e+08	1.36099e+08	1.34327e+08	1.37997e+08	1.60205e+08	1.57279e+08	1.58214e+08	1.40486e+08	1.01112e+08	1.26559e+08	1.46237e+08	1.05816e+08	1.67924e+08	1.99125e+08	1.62223e+08	1.80996e+08	2.02788e+08	1.78455e+08	1.97989e+08	2.10418e+08	1.92132e+08	1.95759e+08	1.91532e+08	1.84696e+08	2.24816e+08	1.92753e+08	2.52327e+08	2.23713e+08	1.92898e+08	1.89648e+08	1.85199e+08	1.28396e+08	2.00743e+08	1.28704e+08	1.20608e+08	1.72241e+08	2.46982e+08	2.11272e+08	2.47206e+08	2.46163e+08	2.10332e+08	2.46074e+08	1.51056e+08	1.75644e+08	1.75207e+08	1.77581e+08	1.507e+08	1.55588e+08	2.15876e+08	2.07307e+08	9.88701e+07	1.62977e+08	1.62034e+08	2.10527e+08	1.52493e+08	2.23482e+08	2.22888e+08	2.25469e+08	8.95176e+07	2.24218e+08
ERR629703	3.02861e+08	2.39156e+08	2.32121e+08	2.33373e+08	3.06054e+08	3.03036e+08	1.41002e+08	1.41678e+08	1.89455e+08	2.02882e+08	1.33642e+08	2.19398e+08	2.10558e+08	2.24113e+08	2.07951e+08	2.12431e+08	1.85239e+08	2.56089e+08	2.99928e+08	3.11249e+08	2.46069e+08	4.58103e+08	3.1375e+08	2.48713e+08	2.20053e+08	1.54715e+08	1.44201e+08	1.55313e+08	2.33304e+08	2.5484e+08	1.57804e+08	2.31453e+08	1.61958e+08	1.58986e+08	2.32471e+08	2.19315e+08	1.7551e+08	1.74319e+08	1.72323e+08	1.76942e+08	2.05352e+08	2.01373e+08	2.02614e+08	1.79914e+08	1.29685e+08	1.61962e+08	1.87445e+08	1.35672e+08	2.14737e+08	2.54476e+08	2.07583e+08	2.31218e+08	2.59178e+08	2.28063e+08	2.53779e+08	2.69802e+08	2.46333e+08	2.50949e+08	2.45531e+08	2.36849e+08	2.87399e+08	2.46547e+08	3.22533e+08	2.86095e+08	2.46758e+08	2.42528e+08	2.36323e+08	1.63759e+08	2.55986e+08	1.64161e+08	1.53837e+08	2.19751e+08	3.15326e+08	2.69591e+08	3.15805e+08	3.1441e+08	2.68449e+08	3.14293e+08	1.92492e+08	2.24074e+08	2.23566e+08	2.26587e+08	1.92235e+08	1.98336e+08	2.76045e+08	2.65264e+08	1.25928e+08	2.08148e+08	2.0698e+08	2.69255e+08	1.94468e+08	2.85571e+08	2.85183e+08	2.88396e+08	1.141e+08	2.86829e+08
ERR629701	3.03053e+08	2.39238e+08	2.3197e+08	2.33214e+08	3.06074e+08	3.02999e+08	1.40956e+08	1.4166e+08	1.89561e+08	2.02966e+08	1.33619e+08	2.19515e+08	2.10696e+08	2.2422e+08	2.08133e+08	2.12617e+08	1.85224e+08	2.56377e+08	2.99701e+08	3.11943e+08	2.45886e+08	3.1375e+08	4.57453e+08	2.48272e+08	2.20137e+08	1.5475e+08	1.44155e+08	1.55339e+08	2.33402e+08	2.55094e+08	1.58029e+08	2.31371e+08	1.62036e+08	1.59133e+08	2.32634e+08	2.19252e+08	1.75282e+08	1.74481e+08	1.72325e+08	1.76798e+08	2.05414e+08	2.01578e+08	2.03036e+08	1.80257e+08	1.29642e+08	1.62399e+08	1.87613e+08	1.35747e+08	2.14453e+08	2.54525e+08	2.07113e+08	2.31089e+08	2.59138e+08	2.28039e+08	2.53292e+08	2.69376e+08	2.45896e+08	2.50491e+08	2.45023e+08	2.36322e+08	2.87152e+08	2.46212e+08	3.22462e+08	2.85768e+08	2.46523e+08	2.42242e+08	2.36317e+08	1.63684e+08	2.56229e+08	1.64125e+08	1.5375e+08	2.19825e+08	3.15256e+08	2.69576e+08	3.15906e+08	3.14436e+08	2.68451e+08	3.14402e+08	1.92364e+08	2.2396e+08	2.23504e+08	2.26483e+08	1.92067e+08	1.98117e+08	2.75834e+08	2.64991e+08	1.25923e+08	2.08011e+08	2.06935e+08	2.69068e+08	1.9442e+08	2.85758e+08	2.85098e+08	2.88306e+08	1.13935e+08	2.86614e+08
ERR629699	2.3899e+08	1.89024e+08	1.83373e+08	1.84411e+08	2.41529e+08	2.38945e+08	1.10797e+08	1.11327e+08	1.48755e+08	1.59297e+08	1.0511e+08	1.72046e+08	1.66343e+08	1.77067e+08	1.64502e+08	1.67807e+08	1.46509e+08	2.02244e+08	2.38212e+08	2.46377e+08	1.95733e+08	2.48713e+08	2.48272e+08	3.10574e+08	1.72915e+08	1.21825e+08	1.136e+08	1.22218e+08	1.83375e+08	2.00114e+08	1.2427e+08	1.82119e+08	1.27596e+08	1.25136e+08	1.82802e+08	1.72411e+08	1.37869e+08	1.36996e+08	1.35513e+08	1.38993e+08	1.61048e+08	1.58213e+08	1.58729e+08	1.41184e+08	1.01747e+08	1.26904e+08	1.46907e+08	1.06468e+08	1.69651e+08	2.00745e+08	1.64304e+08	1.82561e+08	2.04595e+08	1.80031e+08	1.9992e+08	2.12588e+08	1.94008e+08	1.97783e+08	1.93372e+08	1.86626e+08	2.2729e+08	1.95188e+08	2.54795e+08	2.26021e+08	1.95294e+08	1.92025e+08	1.86575e+08	1.29612e+08	2.02076e+08	1.29992e+08	1.21772e+08	1.73771e+08	2.49353e+08	2.13383e+08	2.49685e+08	2.48561e+08	2.12462e+08	2.48341e+08	1.52478e+08	1.77142e+08	1.76774e+08	1.79233e+08	1.52269e+08	1.57106e+08	2.18161e+08	2.0959e+08	9.97847e+07	1.64498e+08	1.63656e+08	2.12866e+08	1.53674e+08	2.25203e+08	2.24935e+08	2.27499e+08	9.05663e+07	2.26344e+08
ERR613247	2.40958e+08	1.89263e+08	1.82957e+08	1.84607e+08	2.42956e+08	2.40935e+08	2.27822e+08	2.2854e+08	3.01671e+08	3.21463e+08	2.16257e+08	3.46514e+08	1.69971e+08	1.80383e+08	1.68024e+08	1.71641e+08	1.4785e+08	2.07205e+08	2.10146e+08	2.18022e+08	1.71749e+08	2.20053e+08	2.20137e+08	1.72915e+08	5.00765e+08	2.51086e+08	2.34728e+08	2.51051e+08	3.71456e+08	4.03879e+08	2.29587e+08	3.23617e+08	2.35055e+08	2.31053e+08	3.25889e+08	3.0847e+08	2.57246e+08	2.56594e+08	2.52862e+08	2.58983e+08	2.99259e+08	2.94092e+08	3.00115e+08	2.67761e+08	1.94293e+08	2.43349e+08	2.78363e+08	2.03403e+08	1.7508e+08	2.09199e+08	1.6812e+08	1.8979e+08	2.13049e+08	1.87593e+08	2.31485e+08	2.46585e+08	2.24945e+08	2.29067e+08	2.24413e+08	2.16051e+08	2.28621e+08	1.95074e+08	2.5857e+08	2.2882e+08	1.95878e+08	1.92591e+08	1.9557e+08	1.34849e+08	2.12503e+08	1.35238e+08	1.26154e+08	1.81632e+08	2.58167e+08	2.20303e+08	2.58599e+08	2.57576e+08	2.18441e+08	2.57405e+08	1.56161e+08	1.82338e+08	1.82153e+08	1.84734e+08	1.55982e+08	1.60914e+08	2.26519e+08	2.17323e+08	1.03969e+08	1.71718e+08	1.70338e+08	2.20771e+08	1.54894e+08	2.29995e+08	2.2804e+08	2.3073e+08	8.90982e+07	2.29302e+08
ERR613250	1.6914e+08	1.33109e+08	1.28619e+08	1.29779e+08	1.70649e+08	1.69249e+08	1.64324e+08	1.6486e+08	2.16266e+08	2.30119e+08	1.56256e+08	2.47733e+08	1.19451e+08	1.26796e+08	1.18087e+08	1.20652e+08	1.04115e+08	1.45523e+08	1.47809e+08	1.53299e+08	1.20919e+08	1.54715e+08	1.5475e+08	1.21825e+08	2.51086e+08	2.84682e+08	1.70365e+08	1.81944e+08	2.65147e+08	2.8786e+08	1.63453e+08	2.29587e+08	1.673e+08	1.64428e+08	2.30978e+08	2.19063e+08	1.83693e+08	1.82919e+08	1.80478e+08	1.84772e+08	2.12987e+08	2.0922e+08	2.13402e+08	1.9093e+08	1.39113e+08	1.7358e+08	1.98153e+08	1.4549e+08	1.23543e+08	1.47282e+08	1.18726e+08	1.3379e+08	1.50083e+08	1.32142e+08	1.62983e+08	1.73479e+08	1.5829e+08	1.61393e+08	1.57964e+08	1.52238e+08	1.60806e+08	1.37303e+08	1.81811e+08	1.60815e+08	1.37988e+08	1.35568e+08	1.37884e+08	9.54432e+07	1.49717e+08	9.57008e+07	8.93224e+07	1.2812e+08	1.81402e+08	1.54812e+08	1.81711e+08	1.8085e+08	1.53557e+08	1.8079e+08	1.09858e+08	1.28334e+08	1.28136e+08	1.29965e+08	1.09785e+08	1.1323e+08	1.59385e+08	1.53069e+08	7.34799e+07	1.20937e+08	1.20048e+08	1.55473e+08	1.09281e+08	1.61768e+08	1.6043e+08	1.62427e+08	6.29802e+07	1.61311e+08
ERR613248	1.57206e+08	1.23906e+08	1.19821e+08	1.20713e+08	1.5866e+08	1.57347e+08	1.54035e+08	1.54522e+08	2.02334e+08	2.15093e+08	1.46542e+08	2.31415e+08	1.10964e+08	1.17858e+08	1.09641e+08	1.12047e+08	9.68455e+07	1.35266e+08	1.37657e+08	1.42706e+08	1.12722e+08	1.44201e+08	1.44155e+08	1.136e+08	2.34728e+08	1.70365e+08	2.5555e+08	1.70406e+08	2.47798e+08	2.68694e+08	1.52412e+08	2.13983e+08	1.55971e+08	1.53271e+08	2.1523e+08	2.04255e+08	1.71874e+08	1.70911e+08	1.68801e+08	1.72716e+08	1.98671e+08	1.95167e+08	1.98754e+08	1.77827e+08	1.29848e+08	1.61816e+08	1.8467e+08	1.3591e+08	1.15086e+08	1.37124e+08	1.10959e+08	1.24516e+08	1.39682e+08	1.22976e+08	1.52024e+08	1.61737e+08	1.47639e+08	1.50462e+08	1.47287e+08	1.41935e+08	1.49805e+08	1.28242e+08	1.69283e+08	1.49795e+08	1.28666e+08	1.26426e+08	1.28239e+08	8.89451e+07	1.39125e+08	8.92274e+07	8.34068e+07	1.19297e+08	1.68865e+08	1.44143e+08	1.69092e+08	1.68419e+08	1.4297e+08	1.68275e+08	1.02281e+08	1.19291e+08	1.19115e+08	1.20832e+08	1.02273e+08	1.05395e+08	1.4882e+08	1.42964e+08	6.86101e+07	1.12882e+08	1.1215e+08	1.45336e+08	1.01588e+08	1.50339e+08	1.49332e+08	1.5111e+08	5.89092e+07	1.50114e+08
ERR613249	1.69566e+08	1.33459e+08	1.29001e+08	1.30101e+08	1.71085e+08	1.69675e+08	1.64377e+08	1.64963e+08	2.16356e+08	2.30029e+08	1.56407e+08	2.47726e+08	1.19711e+08	1.27073e+08	1.18299e+08	1.20824e+08	1.04287e+08	1.45821e+08	1.48407e+08	1.53888e+08	1.21406e+08	1.55313e+08	1.55339e+08	1.22218e+08	2.51051e+08	1.81944e+08	1.70406e+08	2.8486e+08	2.65327e+08	2.87903e+08	1.63302e+08	2.29449e+08	1.67087e+08	1.64124e+08	2.3094e+08	2.18955e+08	1.83859e+08	1.82964e+08	1.8064e+08	1.84952e+08	2.13128e+08	2.09214e+08	2.1334e+08	1.90835e+08	1.39074e+08	1.73601e+08	1.98228e+08	1.45498e+08	1.23817e+08	1.47631e+08	1.19222e+08	1.34063e+08	1.50496e+08	1.32422e+08	1.63376e+08	1.73859e+08	1.58757e+08	1.61893e+08	1.58382e+08	1.52677e+08	1.61261e+08	1.37876e+08	1.82334e+08	1.61262e+08	1.38353e+08	1.36014e+08	1.38242e+08	9.5706e+07	1.49906e+08	9.59738e+07	8.97102e+07	1.28483e+08	1.81818e+08	1.553e+08	1.82224e+08	1.8138e+08	1.53984e+08	1.81345e+08	1.10218e+08	1.28673e+08	1.28421e+08	1.30298e+08	1.10106e+08	1.13559e+08	1.59938e+08	1.53591e+08	7.37019e+07	1.21354e+08	1.20466e+08	1.56183e+08	1.09514e+08	1.6212e+08	1.60902e+08	1.62765e+08	6.32258e+07	1.61797e+08
ERR613246	2.55556e+08	2.00759e+08	1.93777e+08	1.95617e+08	2.57879e+08	2.55718e+08	2.40596e+08	2.41271e+08	3.18958e+08	3.40067e+08	2.2839e+08	3.66988e+08	1.8065e+08	1.91781e+08	1.785e+08	1.8241e+08	1.56957e+08	2.20198e+08	2.22982e+08	2.31227e+08	1.82373e+08	2.33304e+08	2.33402e+08	1.83375e+08	3.71456e+08	2.65147e+08	2.47798e+08	2.65327e+08	5.51898e+08	4.2773e+08	2.43204e+08	3.42924e+08	2.48927e+08	2.44737e+08	3.45131e+08	3.26801e+08	2.72648e+08	2.71739e+08	2.6784e+08	2.74532e+08	3.17478e+08	3.11939e+08	3.17913e+08	2.83651e+08	2.05324e+08	2.57807e+08	2.94733e+08	2.14997e+08	1.85556e+08	2.21796e+08	1.77901e+08	2.01232e+08	2.2599e+08	1.9885e+08	2.45462e+08	2.61466e+08	2.38592e+08	2.4307e+08	2.38027e+08	2.29047e+08	2.42135e+08	2.0668e+08	2.7421e+08	2.42588e+08	2.07465e+08	2.03928e+08	2.07481e+08	1.42955e+08	2.25544e+08	1.43369e+08	1.33624e+08	1.92623e+08	2.73752e+08	2.33729e+08	2.74424e+08	2.73422e+08	2.31654e+08	2.73074e+08	1.65737e+08	1.93649e+08	1.93436e+08	1.96237e+08	1.65437e+08	1.70696e+08	2.39833e+08	2.30227e+08	1.10181e+08	1.81903e+08	1.80422e+08	2.33987e+08	1.64509e+08	2.44394e+08	2.41829e+08	2.44871e+08	9.42611e+07	2.43273e+08
ERR613245	2.7998e+08	2.19433e+08	2.11815e+08	2.14022e+08	2.82457e+08	2.80153e+08	2.60965e+08	2.61702e+08	3.46571e+08	3.69567e+08	2.47564e+08	3.99784e+08	1.98289e+08	2.10186e+08	1.95951e+08	2.00249e+08	1.71636e+08	2.41461e+08	2.43692e+08	2.52603e+08	1.99004e+08	2.5484e+08	2.55094e+08	2.00114e+08	4.03879e+08	2.8786e+08	2.68694e+08	2.87903e+08	4.2773e+08	6.40511e+08	2.64908e+08	3.73493e+08	2.71138e+08	2.66537e+08	3.76679e+08	3.56089e+08	2.96188e+08	2.95884e+08	2.90911e+08	2.9816e+08	3.4636e+08	3.40165e+08	3.48102e+08	3.1002e+08	2.23714e+08	2.82203e+08	3.2225e+08	2.34268e+08	2.02492e+08	2.4296e+08	1.9377e+08	2.20292e+08	2.47437e+08	2.17666e+08	2.67125e+08	2.84505e+08	2.59742e+08	2.64426e+08	2.58947e+08	2.49236e+08	2.64354e+08	2.25013e+08	2.99566e+08	2.65318e+08	2.26028e+08	2.22177e+08	2.2711e+08	1.5626e+08	2.47306e+08	1.56635e+08	1.45844e+08	2.10721e+08	2.99843e+08	2.55776e+08	3.0069e+08	2.99246e+08	2.53186e+08	2.99085e+08	1.81174e+08	2.11963e+08	2.11776e+08	2.14798e+08	1.80673e+08	1.86563e+08	2.61833e+08	2.51122e+08	1.20275e+08	1.98723e+08	1.97077e+08	2.55122e+08	1.80188e+08	2.68566e+08	2.64741e+08	2.67926e+08	1.02609e+08	2.66143e+08
ERR607762	1.73036e+08	1.35842e+08	1.31394e+08	1.3256e+08	1.74645e+08	1.73188e+08	1.536e+08	1.54138e+08	2.04428e+08	2.18078e+08	1.46054e+08	2.34959e+08	1.2703e+08	1.34422e+08	1.25546e+08	1.28221e+08	1.10581e+08	1.53947e+08	1.51028e+08	1.5647e+08	1.23528e+08	1.57804e+08	1.58029e+08	1.2427e+08	2.29587e+08	1.63453e+08	1.52412e+08	1.63302e+08	2.43204e+08	2.64908e+08	3.17885e+08	2.92177e+08	2.1716e+08	2.13589e+08	2.93815e+08	2.7934e+08	1.9478e+08	1.93561e+08	1.91434e+08	1.96098e+08	2.26185e+08	2.22215e+08	2.20927e+08	1.97137e+08	1.43583e+08	1.78991e+08	2.04989e+08	1.5026e+08	1.23407e+08	1.47541e+08	1.18694e+08	1.33949e+08	1.50388e+08	1.32304e+08	1.70913e+08	1.82055e+08	1.65884e+08	1.69077e+08	1.65554e+08	1.59693e+08	1.62978e+08	1.39291e+08	1.84258e+08	1.63033e+08	1.39825e+08	1.37271e+08	1.37027e+08	9.41736e+07	1.48914e+08	9.45632e+07	8.79762e+07	1.27174e+08	1.85878e+08	1.58812e+08	1.86287e+08	1.85574e+08	1.57386e+08	1.85335e+08	1.11877e+08	1.30742e+08	1.30571e+08	1.32419e+08	1.11721e+08	1.15319e+08	1.60909e+08	1.54605e+08	7.36564e+07	1.21962e+08	1.21016e+08	1.57052e+08	1.15495e+08	1.69781e+08	1.6805e+08	1.69967e+08	6.62393e+07	1.68821e+08
ERR607759	2.53795e+08	1.99426e+08	1.92766e+08	1.94394e+08	2.56158e+08	2.54058e+08	2.15931e+08	2.16519e+08	2.88056e+08	3.07571e+08	2.05156e+08	3.31587e+08	1.84033e+08	1.94906e+08	1.81832e+08	1.85614e+08	1.60354e+08	2.23557e+08	2.21152e+08	2.29272e+08	1.80898e+08	2.31453e+08	2.31371e+08	1.82119e+08	3.23617e+08	2.29587e+08	2.13983e+08	2.29449e+08	3.42924e+08	3.73493e+08	2.92177e+08	5.66894e+08	2.99019e+08	2.93908e+08	4.13348e+08	3.92305e+08	2.74381e+08	2.72517e+08	2.69685e+08	2.76138e+08	3.18711e+08	3.13127e+08	3.12105e+08	2.78339e+08	2.02217e+08	2.52015e+08	2.89513e+08	2.11519e+08	1.81438e+08	2.16542e+08	1.74816e+08	1.96466e+08	2.20593e+08	1.93883e+08	2.45344e+08	2.61154e+08	2.3801e+08	2.42655e+08	2.37294e+08	2.28905e+08	2.39852e+08	2.047e+08	2.7046e+08	2.39229e+08	2.05408e+08	2.01778e+08	2.00046e+08	1.37579e+08	2.17283e+08	1.38182e+08	1.28656e+08	1.85747e+08	2.72382e+08	2.32588e+08	2.72814e+08	2.71646e+08	2.30619e+08	2.71522e+08	1.63454e+08	1.91096e+08	1.90785e+08	1.93535e+08	1.63414e+08	1.6862e+08	2.36119e+08	2.26647e+08	1.07453e+08	1.78344e+08	1.77109e+08	2.30226e+08	1.67182e+08	2.46152e+08	2.44534e+08	2.47416e+08	9.61638e+07	2.45811e+08
ERR607761	1.7768e+08	1.39382e+08	1.34831e+08	1.36035e+08	1.79278e+08	1.77837e+08	1.57337e+08	1.5773e+08	2.093e+08	2.23221e+08	1.49371e+08	2.406e+08	1.30477e+08	1.37996e+08	1.28937e+08	1.31768e+08	1.13485e+08	1.58184e+08	1.54958e+08	1.6064e+08	1.26782e+08	1.61958e+08	1.62036e+08	1.27596e+08	2.35055e+08	1.673e+08	1.55971e+08	1.67087e+08	2.48927e+08	2.71138e+08	2.1716e+08	2.99019e+08	3.30322e+08	2.18384e+08	3.00817e+08	2.85898e+08	1.99279e+08	1.98008e+08	1.95969e+08	2.0062e+08	2.31294e+08	2.27463e+08	2.26401e+08	2.01885e+08	1.47002e+08	1.83312e+08	2.10037e+08	1.53792e+08	1.26802e+08	1.5155e+08	1.21875e+08	1.37574e+08	1.54472e+08	1.35897e+08	1.75259e+08	1.86716e+08	1.70088e+08	1.73338e+08	1.69688e+08	1.63653e+08	1.67528e+08	1.43054e+08	1.89198e+08	1.67422e+08	1.43491e+08	1.41056e+08	1.40734e+08	9.67089e+07	1.52904e+08	9.71431e+07	9.04676e+07	1.30657e+08	1.90905e+08	1.62958e+08	1.91276e+08	1.90472e+08	1.61528e+08	1.90248e+08	1.14751e+08	1.34121e+08	1.33857e+08	1.35798e+08	1.14668e+08	1.18354e+08	1.6534e+08	1.58641e+08	7.55936e+07	1.25114e+08	1.24201e+08	1.61321e+08	1.18616e+08	1.74316e+08	1.7253e+08	1.7451e+08	6.79888e+07	1.73313e+08
