	ERR608153	ERR608149	ERR608151	ERR608154	ERR608152	ERR608150	ERR635337	ERR635335	ERR635338	ERR635336	ERR635339	ERR635334	ERR613219	ERR613217	ERR613220	ERR613215	ERR613216	ERR613218	ERR613108	ERR613109	ERR613111	ERR613112	ERR613110	ERR613107	ERR612225	ERR612224	ERR612221	ERR612223	ERR612226	ERR612222	ERR636919	ERR636923	ERR636924	ERR636920	ERR636922	ERR636921	ERR608758	ERR608757	ERR608760	ERR608762	ERR608761	ERR608759	ERR608837	ERR608839	ERR608836	ERR608838	ERR608840	ERR608835	ERR621907	ERR621912	ERR621908	ERR621911	ERR621909	ERR621910	ERR626775	ERR626772	ERR626774	ERR626773	ERR626771	ERR626776	ERR613155	ERR613160	ERR613157	ERR613158	ERR613159	ERR613156	ERR631064	ERR631063	ERR631062	ERR631066	ERR631065	ERR631067	ERR617115	ERR617114	ERR617117	ERR617116	ERR617118	ERR617113	ERR606662	ERR606661	ERR606663	ERR606660	ERR606665	ERR606664	ERR611351	ERR611350	ERR611352	ERR611348	ERR611349	ERR611347	ERR629611	ERR629607	ERR629610	ERR629609	ERR629608	ERR629606
ERR608153	0	0.852909	0.797497	0.807633	0.792986	0.812301	0.94826	0.929572	0.95731	0.917419	0.959346	0.951881	1.03053	0.993058	1.02992	0.975803	0.985186	1.03896	0.917722	0.91905	0.981032	0.985932	0.98953	0.906927	0.975057	0.951234	0.927748	0.932598	0.953628	0.93398	0.885059	0.869241	0.870038	0.87177	0.868901	0.873153	0.888242	0.920716	0.872974	0.885755	0.87034	0.876426	0.861535	0.901398	0.860428	0.902085	0.899576	0.869001	1.09704	1.09293	1.10591	1.0949	1.10672	1.09329	1.07187	1.07739	1.07279	1.07604	1.0718	1.0699	1.04883	1.11123	1.05997	1.1149	1.10755	1.05949	1.05303	1.0602	1.05715	1.0626	1.06361	1.06736	1.06267	1.0628	1.05033	1.05111	1.07526	1.06862	1.08141	1.07702	1.08493	1.13413	1.07352	1.07282	1.04047	1.04838	1.04015	1.04597	1.04038	1.04446	1.0392	1.03434	1.03885	1.03453	1.03463	1.02202
ERR608149	0.852909	0	0.852715	0.862321	0.855049	0.862453	0.97962	0.967538	0.987919	0.957863	0.989048	0.983668	1.06113	1.03201	1.06103	1.02173	1.02692	1.06731	0.958652	0.95924	1.00981	1.01357	1.01763	0.952102	1.01019	0.991035	0.97364	0.975806	0.993048	0.97603	0.930679	0.917659	0.917878	0.921866	0.917058	0.920258	0.93197	0.952137	0.922672	0.92949	0.920577	0.9239	0.916958	0.9528	0.917834	0.952867	0.951494	0.921523	1.13013	1.12592	1.13659	1.1276	1.13745	1.12665	1.10676	1.11039	1.10753	1.10948	1.10619	1.10573	1.08266	1.13569	1.0911	1.13913	1.13251	1.0906	1.09479	1.10089	1.09664	1.10014	1.10121	1.10472	1.09983	1.0995	1.08943	1.09037	1.1051	1.10286	1.11217	1.10861	1.11467	1.15565	1.10449	1.10369	1.07636	1.08043	1.07628	1.08323	1.0788	1.08144	1.07629	1.07063	1.07584	1.07207	1.07207	1.06119
ERR608151	0.797497	0.852715	0	0.81432	0.799746	0.812983	0.94888	0.9312	0.958132	0.919419	0.960086	0.952859	1.03312	0.996026	1.03242	0.979616	0.98847	1.04105	0.919937	0.921019	0.982123	0.987001	0.990988	0.909613	0.976579	0.953368	0.930381	0.934682	0.955654	0.935934	0.888072	0.872299	0.872815	0.874664	0.871701	0.875755	0.891552	0.922279	0.877006	0.888904	0.874575	0.879829	0.865598	0.905593	0.864515	0.905788	0.90348	0.872123	1.09884	1.09475	1.10754	1.09701	1.10843	1.09549	1.07405	1.07897	1.07458	1.07769	1.07331	1.07203	1.04987	1.11175	1.06084	1.11541	1.10814	1.06016	1.05612	1.06349	1.05961	1.06529	1.06601	1.06995	1.06483	1.06483	1.05272	1.05362	1.07631	1.07039	1.08254	1.07817	1.08612	1.13476	1.0745	1.07391	1.04122	1.04843	1.04099	1.0467	1.04135	1.04547	1.04056	1.03518	1.04012	1.03583	1.0358	1.02344
ERR608154	0.807633	0.862321	0.81432	0	0.809924	0.826791	0.957191	0.940813	0.965982	0.929848	0.967703	0.961341	1.03886	1.00368	1.03832	0.988906	0.996655	1.04607	0.929547	0.930054	0.988625	0.993474	0.996821	0.919656	0.985786	0.963439	0.942572	0.946154	0.965583	0.946912	0.897942	0.882805	0.883382	0.88604	0.88279	0.88614	0.90158	0.929878	0.888602	0.899031	0.885905	0.89107	0.878559	0.916802	0.878375	0.91676	0.914957	0.884899	1.10811	1.10408	1.116	1.10578	1.11676	1.10452	1.08395	1.08881	1.08477	1.08752	1.08334	1.08231	1.05999	1.11909	1.06998	1.12268	1.1156	1.06961	1.06723	1.07387	1.07029	1.07509	1.07651	1.0799	1.07523	1.07526	1.06362	1.06441	1.08481	1.08018	1.0918	1.08782	1.09503	1.1416	1.08428	1.08337	1.0518	1.05826	1.05151	1.05743	1.05245	1.05592	1.05139	1.04594	1.0507	1.04657	1.04678	1.03485
ERR608152	0.792986	0.855049	0.799746	0.809924	0	0.814488	0.950876	0.932096	0.960108	0.920196	0.961711	0.954593	1.03124	0.994015	1.03053	0.97655	0.98595	1.03938	0.919484	0.920733	0.981982	0.987333	0.990805	0.908735	0.976789	0.953387	0.930418	0.934872	0.955613	0.936593	0.886597	0.871015	0.871887	0.873205	0.870374	0.874579	0.890092	0.922321	0.87477	0.887776	0.872067	0.878393	0.86442	0.903218	0.863221	0.903229	0.901401	0.871462	1.09891	1.09471	1.1077	1.09666	1.10834	1.09519	1.07408	1.07975	1.07501	1.07808	1.07403	1.07209	1.05121	1.11313	1.06233	1.11669	1.10982	1.06181	1.05487	1.06192	1.05892	1.06476	1.06566	1.06924	1.06445	1.06475	1.05237	1.05311	1.07736	1.07086	1.08368	1.07918	1.08727	1.13648	1.07607	1.07508	1.04282	1.05097	1.04243	1.04776	1.04236	1.04654	1.04134	1.03641	1.04085	1.03631	1.03681	1.02459
ERR608150	0.812301	0.862453	0.812983	0.826791	0.814488	0	0.958715	0.941885	0.967451	0.930903	0.969029	0.962384	1.0399	1.0051	1.03967	0.99009	0.998034	1.04743	0.931032	0.931828	0.990205	0.994285	0.998395	0.921058	0.98626	0.964132	0.942673	0.946551	0.966412	0.947606	0.900238	0.884861	0.885642	0.887931	0.884562	0.888233	0.902304	0.93065	0.888914	0.900379	0.886552	0.891743	0.879903	0.918104	0.879738	0.91832	0.916029	0.886277	1.1078	1.10389	1.116	1.1058	1.11686	1.10446	1.08387	1.08861	1.08454	1.08727	1.08362	1.08192	1.05993	1.11927	1.07044	1.12311	1.11579	1.06975	1.06707	1.07393	1.07031	1.07508	1.07619	1.07974	1.07497	1.07488	1.06333	1.06407	1.08496	1.08004	1.09177	1.08778	1.09515	1.1418	1.08407	1.08347	1.05232	1.059	1.05193	1.05788	1.05265	1.05634	1.05132	1.04611	1.05074	1.04679	1.04684	1.03515
ERR635337	0.94826	0.97962	0.94888	0.957191	0.950876	0.958715	0	0.866816	0.884674	0.854592	0.88772	0.882885	1.09534	1.06486	1.09576	1.05407	1.05954	1.10115	0.98982	0.990288	1.04423	1.0474	1.0524	0.982893	0.996254	0.974304	0.956473	0.958845	0.976684	0.957752	0.941838	0.926365	0.926297	0.931826	0.925728	0.928805	0.945942	0.966116	0.937108	0.943835	0.934273	0.936433	0.954844	0.997614	0.95722	0.997674	0.99547	0.960717	1.13249	1.129	1.13882	1.13066	1.13977	1.13003	1.11091	1.11324	1.11165	1.11281	1.10944	1.11	1.07422	1.12821	1.08146	1.13284	1.12549	1.0813	1.10098	1.10712	1.10155	1.1044	1.10597	1.10977	1.10599	1.10558	1.09624	1.09717	1.10784	1.10748	1.1118	1.10829	1.11362	1.15366	1.10337	1.10264	1.06674	1.06825	1.06688	1.07418	1.07012	1.07194	1.06626	1.05927	1.06516	1.06193	1.06174	1.05187
ERR635335	0.929572	0.967538	0.9312	0.940813	0.932096	0.941885	0.866816	0	0.877178	0.834088	0.879432	0.869065	1.07895	1.04605	1.07893	1.03218	1.0394	1.08499	0.973297	0.974464	1.03104	1.03458	1.03915	0.965113	0.980721	0.95743	0.937614	0.940729	0.959893	0.940736	0.922671	0.907234	0.907655	0.911233	0.906276	0.910072	0.928581	0.9532	0.917706	0.926231	0.914446	0.917549	0.936923	0.979159	0.93816	0.979164	0.976885	0.943216	1.12094	1.11685	1.12768	1.11892	1.12871	1.11781	1.0991	1.10203	1.09946	1.10116	1.09788	1.09762	1.06272	1.12008	1.07157	1.12416	1.11696	1.07121	1.08577	1.09247	1.08778	1.09164	1.09276	1.0963	1.09291	1.0926	1.08206	1.08322	1.09856	1.09586	1.10246	1.09844	1.10487	1.1481	1.09458	1.09386	1.05468	1.0585	1.05423	1.06077	1.05594	1.05909	1.0532	1.04694	1.05253	1.04877	1.04892	1.038
ERR635338	0.95731	0.987919	0.958132	0.965982	0.960108	0.967451	0.884674	0.877178	0	0.865754	0.897059	0.892745	1.10177	1.07221	1.10173	1.06137	1.0664	1.10719	0.99789	0.998294	1.05103	1.05419	1.05945	0.991179	1.00355	0.982589	0.965332	0.967166	0.984834	0.96639	0.950333	0.935651	0.935454	0.940725	0.934796	0.938127	0.954877	0.974785	0.946753	0.953022	0.943692	0.945726	0.964173	1.00563	0.966166	1.0055	1.00356	0.969875	1.13743	1.1344	1.14372	1.13576	1.1447	1.13518	1.11663	1.11897	1.11731	1.1184	1.11499	1.11596	1.08029	1.13332	1.08757	1.13775	1.13048	1.0874	1.10712	1.11351	1.10787	1.11084	1.11214	1.11583	1.11179	1.11153	1.10197	1.10316	1.11354	1.11305	1.11731	1.11413	1.1192	1.15838	1.10914	1.10845	1.0733	1.07477	1.07345	1.08008	1.07644	1.07867	1.07256	1.06591	1.07178	1.06873	1.06838	1.05866
ERR635336	0.917419	0.957863	0.919419	0.929848	0.920196	0.930903	0.854592	0.834088	0.865754	0	0.868417	0.857301	1.07113	1.03678	1.07107	1.02255	1.02981	1.07802	0.962608	0.963461	1.02268	1.02644	1.03135	0.95403	0.970917	0.946644	0.92556	0.929182	0.949284	0.928897	0.910867	0.894747	0.894896	0.898381	0.893833	0.897491	0.917232	0.943274	0.905337	0.914816	0.902535	0.905395	0.924903	0.968819	0.925823	0.968993	0.966496	0.931691	1.11217	1.1084	1.11969	1.11039	1.1204	1.10935	1.08995	1.09328	1.09061	1.09239	1.0888	1.08838	1.05444	1.11376	1.06375	1.11819	1.11067	1.06337	1.0764	1.08305	1.07808	1.08226	1.08354	1.08713	1.08328	1.08348	1.0725	1.07376	1.08961	1.08689	1.09325	1.08948	1.096	1.14103	1.08519	1.08423	1.0457	1.04963	1.04536	1.0521	1.04732	1.05012	1.04476	1.03859	1.04423	1.04046	1.03995	1.02894
ERR635339	0.959346	0.989048	0.960086	0.967703	0.961711	0.969029	0.88772	0.879432	0.897059	0.868417	0	0.895594	1.1029	1.07361	1.10294	1.0629	1.06791	1.10832	0.999905	1.00072	1.05266	1.05564	1.06066	0.99375	1.00594	0.985406	0.967577	0.969871	0.987541	0.969044	0.95295	0.9382	0.938406	0.943598	0.937848	0.94104	0.956988	0.976174	0.948621	0.954972	0.945821	0.948215	0.967191	1.00838	0.969143	1.00811	1.00593	0.972469	1.13943	1.13649	1.14585	1.13819	1.14669	1.13721	1.11882	1.12112	1.11974	1.12086	1.11763	1.11782	1.08234	1.13489	1.08941	1.13893	1.13202	1.08904	1.10931	1.11528	1.10978	1.11291	1.11431	1.11763	1.11412	1.11373	1.10429	1.1058	1.11576	1.11525	1.1197	1.1163	1.12156	1.16055	1.11183	1.11111	1.07513	1.07662	1.07551	1.08215	1.07827	1.08033	1.07426	1.06761	1.07361	1.07038	1.06998	1.06017
ERR635334	0.951881	0.983668	0.952859	0.961341	0.954593	0.962384	0.882885	0.869065	0.892745	0.857301	0.895594	0	1.09855	1.06851	1.09912	1.05718	1.06238	1.10449	0.992797	0.993597	1.04739	1.05004	1.05531	0.985979	0.99935	0.977995	0.959566	0.962319	0.980148	0.961604	0.945666	0.93061	0.930547	0.935815	0.929376	0.933183	0.950245	0.970453	0.941625	0.948177	0.938427	0.940747	0.958684	1.00104	0.960577	1.00095	0.99859	0.964326	1.13377	1.13049	1.14009	1.13209	1.14106	1.13115	1.11233	1.11453	1.11309	1.11428	1.11067	1.11124	1.07504	1.1294	1.08267	1.13369	1.12663	1.08246	1.10245	1.10868	1.10353	1.1064	1.10783	1.11123	1.10763	1.10729	1.09772	1.09856	1.11004	1.10897	1.11333	1.10996	1.1152	1.15467	1.10528	1.10443	1.06806	1.07005	1.0681	1.07499	1.07102	1.07304	1.0672	1.06033	1.06636	1.06312	1.06271	1.05268
ERR613219	1.03053	1.06113	1.03312	1.03886	1.03124	1.0399	1.09534	1.07895	1.10177	1.07113	1.1029	1.09855	0	0.779251	0.793184	0.776308	0.777328	0.796783	0.898066	0.897709	0.91811	0.922797	0.923542	0.892985	1.08377	1.06767	1.05091	1.05404	1.0695	1.05588	1.03918	1.03061	1.03077	1.03089	1.03026	1.03243	1.05235	1.0734	1.04288	1.05078	1.04195	1.04555	0.935764	0.943063	0.935647	0.942973	0.943035	0.937586	1.16007	1.15702	1.16689	1.1584	1.16655	1.15691	1.14523	1.14996	1.14559	1.14791	1.146	1.14307	1.03694	1.05389	1.04065	1.05492	1.05244	1.04127	1.13268	1.13748	1.13559	1.14033	1.14047	1.14336	1.13878	1.13934	1.13041	1.13081	1.14925	1.14483	1.15008	1.14639	1.15292	1.19121	1.14391	1.14421	1.12983	1.13874	1.12954	1.1332	1.12877	1.1322	1.12979	1.12689	1.12926	1.12615	1.12675	1.11799
ERR613217	0.993058	1.03201	0.996026	1.00368	0.994015	1.0051	1.06486	1.04605	1.07221	1.03678	1.07361	1.06851	0.779251	0	0.781018	0.737711	0.742845	0.787233	0.870597	0.870511	0.906167	0.911305	0.912726	0.862569	1.05372	1.03487	1.01431	1.01864	1.03703	1.02099	1.00347	0.993172	0.993427	0.992729	0.992695	0.995281	1.0185	1.04428	1.00648	1.01682	1.00545	1.01006	0.906084	0.920081	0.905373	0.920411	0.91964	0.909427	1.13427	1.13081	1.14247	1.13244	1.14188	1.13091	1.11749	1.1229	1.11796	1.12084	1.11816	1.11507	1.01855	1.04862	1.02486	1.05005	1.0465	1.02502	1.10175	1.10712	1.10532	1.11087	1.11139	1.11422	1.11048	1.11131	1.10096	1.10108	1.1236	1.11744	1.12291	1.11873	1.12629	1.17044	1.11651	1.1163	1.09952	1.1097	1.09903	1.10294	1.09779	1.10217	1.10046	1.09703	1.09967	1.09626	1.09684	1.08645
ERR613220	1.02992	1.06103	1.03242	1.03832	1.03053	1.03967	1.09576	1.07893	1.10173	1.07107	1.10294	1.09912	0.793184	0.781018	0	0.77708	0.778531	0.797889	0.8982	0.897952	0.918598	0.922281	0.923332	0.893205	1.08389	1.06768	1.0509	1.05406	1.06962	1.05615	1.03833	1.02983	1.0302	1.02983	1.02954	1.032	1.05199	1.07323	1.04241	1.05029	1.04149	1.04524	0.935856	0.94226	0.935601	0.94224	0.942017	0.937243	1.16003	1.15704	1.16729	1.15838	1.16649	1.15692	1.14538	1.15035	1.14582	1.14807	1.1466	1.14334	1.03787	1.055	1.04193	1.05569	1.05319	1.04211	1.1323	1.13669	1.13521	1.14	1.1404	1.14282	1.13884	1.13915	1.13032	1.13062	1.1493	1.1449	1.15039	1.14671	1.15323	1.19156	1.14438	1.14451	1.12961	1.13831	1.12939	1.13287	1.12851	1.13203	1.1299	1.12673	1.12953	1.12621	1.12668	1.118
ERR613215	0.975803	1.02173	0.979616	0.988906	0.97655	0.99009	1.05407	1.03218	1.06137	1.02255	1.0629	1.05718	0.776308	0.737711	0.77708	0	0.729118	0.785697	0.861386	0.861882	0.904595	0.909822	0.911965	0.85072	1.04031	1.01991	0.997115	1.00255	1.02206	1.00579	0.987538	0.976466	0.977308	0.975079	0.975918	0.97914	1.00279	1.03288	0.988773	1.00111	0.987463	0.993149	0.893575	0.909751	0.89204	0.909976	0.909443	0.898381	1.12096	1.11739	1.1302	1.11917	1.12953	1.11721	1.10391	1.11029	1.1042	1.10747	1.10497	1.1009	1.01147	1.04887	1.01972	1.05028	1.04623	1.01986	1.08443	1.09004	1.08898	1.09568	1.09579	1.09878	1.09609	1.0967	1.08529	1.08565	1.11255	1.10444	1.11122	1.10663	1.11517	1.16223	1.10482	1.10468	1.08592	1.09859	1.08531	1.08868	1.08271	1.08774	1.0861	1.08327	1.08562	1.08162	1.08243	1.07143
ERR613216	0.985186	1.02692	0.98847	0.996655	0.98595	0.998034	1.05954	1.0394	1.0664	1.02981	1.06791	1.06238	0.777328	0.742845	0.778531	0.729118	0	0.785699	0.86551	0.86551	0.904702	0.909996	0.911873	0.856174	1.04715	1.02727	1.00573	1.01062	1.02956	1.01304	0.996242	0.985106	0.985644	0.984445	0.984545	0.987553	1.01128	1.03843	0.998612	1.00906	0.997298	1.00202	0.900035	0.915607	0.898937	0.915861	0.915043	0.904145	1.12781	1.12449	1.13639	1.12614	1.13609	1.12431	1.11084	1.11679	1.11122	1.11425	1.11176	1.10846	1.01451	1.04811	1.02157	1.04963	1.04538	1.02174	1.09401	1.09972	1.09813	1.10404	1.10423	1.10747	1.10371	1.10427	1.09383	1.09394	1.11773	1.11102	1.11688	1.11242	1.12045	1.1656	1.11049	1.11032	1.093	1.10392	1.09259	1.09653	1.09109	1.0955	1.09357	1.09033	1.09301	1.08899	1.08976	1.07923
ERR613218	1.03896	1.06731	1.04105	1.04607	1.03938	1.04743	1.10115	1.08499	1.10719	1.07802	1.10832	1.10449	0.796783	0.787233	0.797889	0.785697	0.785699	0	0.904128	0.903096	0.920983	0.924924	0.925729	0.899727	1.08955	1.07453	1.05814	1.06107	1.07633	1.06315	1.0464	1.03861	1.03873	1.03877	1.038	1.04022	1.05977	1.07902	1.05092	1.05827	1.04991	1.05355	0.942681	0.948841	0.942593	0.948821	0.94868	0.943998	1.16544	1.16236	1.17202	1.16375	1.17156	1.16239	1.15086	1.15531	1.15126	1.15339	1.15176	1.14896	1.04017	1.05446	1.04348	1.055	1.05301	1.04402	1.13925	1.1439	1.14187	1.14629	1.14674	1.14936	1.1452	1.14538	1.13692	1.13718	1.15414	1.15044	1.15533	1.15158	1.15782	1.19452	1.14908	1.14932	1.13535	1.14366	1.1348	1.13901	1.13448	1.13799	1.1354	1.13211	1.13494	1.13186	1.13235	1.1239
ERR613108	0.917722	0.958652	0.919937	0.929547	0.919484	0.931032	0.98982	0.973297	0.99789	0.962608	0.999905	0.992797	0.898066	0.870597	0.8982	0.861386	0.86551	0.904128	0	0.761371	0.821369	0.825534	0.831042	0.751902	0.976112	0.952452	0.930159	0.934001	0.955312	0.934432	0.935161	0.920198	0.920306	0.923174	0.919954	0.923033	0.953013	0.979119	0.940924	0.951226	0.938568	0.943031	0.85589	0.882947	0.856549	0.883083	0.881844	0.859237	1.08691	1.08314	1.09549	1.08534	1.09593	1.08372	1.07143	1.07573	1.07239	1.07455	1.07115	1.07025	0.974325	1.013	0.980663	1.0162	1.0112	0.98008	1.06362	1.06993	1.06568	1.07017	1.07118	1.07513	1.06773	1.06752	1.05649	1.0571	1.07525	1.07121	1.06855	1.06408	1.07158	1.11731	1.05977	1.0594	1.03794	1.04343	1.03788	1.04415	1.03934	1.0428	1.03794	1.03205	1.03691	1.03289	1.03272	1.02158
ERR613109	0.91905	0.95924	0.921019	0.930054	0.920733	0.931828	0.990288	0.974464	0.998294	0.963461	1.00072	0.993597	0.897709	0.870511	0.897952	0.861882	0.86551	0.903096	0.761371	0	0.82145	0.826321	0.831097	0.753423	0.97684	0.953243	0.931441	0.934998	0.95639	0.93511	0.936039	0.921727	0.921918	0.92496	0.921134	0.924162	0.953593	0.979767	0.942283	0.952174	0.939582	0.944191	0.856521	0.88348	0.857256	0.883595	0.882681	0.859958	1.08683	1.08276	1.09514	1.08495	1.09569	1.08355	1.07142	1.07544	1.0719	1.07426	1.07071	1.0698	0.974952	1.01373	0.981034	1.0166	1.01171	0.980583	1.06339	1.06984	1.06543	1.07006	1.07095	1.07489	1.06743	1.06725	1.05615	1.05699	1.07455	1.07135	1.06795	1.0635	1.07085	1.11678	1.05899	1.05851	1.03849	1.04384	1.03817	1.04469	1.0402	1.04327	1.03874	1.03258	1.0379	1.03371	1.0338	1.02234
ERR613111	0.981032	1.00981	0.982123	0.988625	0.981982	0.990205	1.04423	1.03104	1.05103	1.02268	1.05266	1.04739	0.91811	0.906167	0.918598	0.904595	0.904702	0.920983	0.821369	0.82145	0	0.850017	0.852584	0.818159	1.02823	1.01064	0.994637	0.996454	1.01297	0.996731	0.993597	0.983593	0.983422	0.98607	0.983042	0.985286	1.00922	1.02881	1.00095	1.0082	0.999381	1.00275	0.908578	0.921483	0.909569	0.921615	0.92128	0.909375	1.12975	1.12617	1.13625	1.12772	1.13665	1.12646	1.11665	1.1203	1.11717	1.1189	1.11674	1.11567	1.01232	1.02929	1.01466	1.03107	1.02868	1.01442	1.11131	1.11684	1.11294	1.11656	1.11739	1.12061	1.11355	1.11322	1.10435	1.10504	1.11859	1.11639	1.11435	1.11069	1.11652	1.15434	1.10612	1.10615	1.08881	1.09289	1.08833	1.09422	1.09039	1.09314	1.08866	1.08337	1.08792	1.08427	1.08471	1.0755
ERR613112	0.985932	1.01357	0.987001	0.993474	0.987333	0.994285	1.0474	1.03458	1.05419	1.02644	1.05564	1.05004	0.922797	0.911305	0.922281	0.909822	0.909996	0.924924	0.825534	0.826321	0.850017	0	0.855256	0.823402	1.03232	1.01459	0.998924	1.00099	1.01685	1.00119	0.998397	0.987833	0.988074	0.99091	0.987802	0.989647	1.01266	1.03138	1.00506	1.01132	1.0032	1.00654	0.912885	0.92495	0.91373	0.9253	0.924845	0.913313	1.13276	1.12933	1.13944	1.13116	1.13941	1.1298	1.12012	1.12352	1.12078	1.12252	1.12008	1.11924	1.01475	1.03057	1.01718	1.03195	1.02981	1.01679	1.11533	1.1206	1.11669	1.12024	1.12074	1.12435	1.11712	1.11693	1.10799	1.10862	1.12186	1.11977	1.11735	1.1136	1.11948	1.15628	1.1093	1.10945	1.09222	1.0962	1.09186	1.09764	1.09376	1.09651	1.0917	1.08656	1.09097	1.0878	1.08763	1.07853
ERR613110	0.98953	1.01763	0.990988	0.996821	0.990805	0.998395	1.0524	1.03915	1.05945	1.03135	1.06066	1.05531	0.923542	0.912726	0.923332	0.911965	0.911873	0.925729	0.831042	0.831097	0.852584	0.855256	0	0.828801	1.03687	1.01961	1.00403	1.00611	1.02182	1.00675	1.00201	0.992031	0.992388	0.994923	0.991931	0.993754	1.01713	1.03575	1.00943	1.01633	1.00744	1.01102	0.916366	0.927079	0.9172	0.926939	0.926816	0.916713	1.13646	1.13254	1.14249	1.13407	1.14273	1.13275	1.1238	1.1274	1.12459	1.12601	1.12372	1.1225	1.0184	1.03257	1.02029	1.03358	1.03161	1.02023	1.1185	1.12379	1.12014	1.12351	1.12429	1.1274	1.12038	1.12023	1.11148	1.11199	1.12556	1.12328	1.12157	1.11805	1.12371	1.16032	1.1138	1.11379	1.09594	1.1001	1.0955	1.1011	1.09718	1.09989	1.0955	1.09024	1.09462	1.09138	1.09133	1.08252
ERR613107	0.906927	0.952102	0.909613	0.919656	0.908735	0.921058	0.982893	0.965113	0.991179	0.95403	0.99375	0.985979	0.892985	0.862569	0.893205	0.85072	0.856174	0.899727	0.751902	0.753423	0.818159	0.823402	0.828801	0	0.968263	0.943697	0.919799	0.924237	0.946545	0.924657	0.925383	0.910028	0.910342	0.912668	0.909614	0.913124	0.943145	0.97184	0.930124	0.941742	0.927453	0.932776	0.847267	0.875805	0.847121	0.87593	0.874665	0.851231	1.07787	1.07416	1.08686	1.07625	1.08737	1.07412	1.06201	1.06643	1.06255	1.06516	1.06177	1.06022	0.968237	1.01176	0.976092	1.01485	1.0093	0.975818	1.05197	1.05873	1.05469	1.05996	1.06039	1.06457	1.05725	1.05742	1.04583	1.04627	1.06709	1.06246	1.06026	1.05554	1.06336	1.11134	1.05119	1.05104	1.02925	1.03616	1.02884	1.03524	1.02994	1.03382	1.02902	1.02298	1.02789	1.02371	1.02405	1.01215
ERR612225	0.975057	1.01019	0.976579	0.985786	0.976789	0.98626	0.996254	0.980721	1.00355	0.970917	1.00594	0.99935	1.08377	1.05372	1.08389	1.04031	1.04715	1.08955	0.976112	0.97684	1.02823	1.03232	1.03687	0.968263	0	0.832238	0.813773	0.816807	0.83494	0.817231	0.94488	0.932998	0.933004	0.935421	0.932348	0.935311	0.99024	1.0141	0.980125	0.989105	0.977424	0.981618	0.973428	1.01033	0.974284	1.00998	1.00917	0.979229	1.09103	1.08698	1.09865	1.08825	1.0992	1.08747	1.08	1.08406	1.08046	1.08298	1.07946	1.07875	1.04369	1.10243	1.05342	1.10618	1.09888	1.05307	1.06556	1.07194	1.06795	1.07235	1.07322	1.07702	1.07623	1.07618	1.0653	1.06627	1.08382	1.08055	1.07858	1.07446	1.08129	1.12771	1.07042	1.06938	1.04642	1.05155	1.04624	1.05238	1.04798	1.05064	1.043	1.03709	1.04206	1.03853	1.03827	1.02783
ERR612224	0.951234	0.991035	0.953368	0.963439	0.953387	0.964132	0.974304	0.95743	0.982589	0.946644	0.985406	0.977995	1.06767	1.03487	1.06768	1.01991	1.02727	1.07453	0.952452	0.953243	1.01064	1.01459	1.01961	0.943697	0.832238	0	0.778441	0.782632	0.80594	0.783199	0.921962	0.90808	0.907745	0.910722	0.907476	0.910553	0.967355	0.993982	0.955978	0.966085	0.953641	0.958002	0.946814	0.98753	0.947585	0.986837	0.985721	0.953071	1.07164	1.06728	1.08018	1.06874	1.08092	1.06778	1.05877	1.06322	1.05962	1.06194	1.05831	1.05744	1.02169	1.08498	1.03226	1.08906	1.08154	1.03194	1.04313	1.05025	1.046	1.05056	1.05149	1.05576	1.05528	1.05472	1.0429	1.04394	1.06371	1.0597	1.05701	1.05253	1.05995	1.10983	1.04801	1.04705	1.02499	1.03068	1.02468	1.03133	1.02614	1.02935	1.02138	1.01531	1.02055	1.01666	1.01699	1.00467
ERR612221	0.927748	0.97364	0.930381	0.942572	0.930418	0.942673	0.956473	0.937614	0.965332	0.92556	0.967577	0.959566	1.05091	1.01431	1.0509	0.997115	1.00573	1.05814	0.930159	0.931441	0.994637	0.998924	1.00403	0.919799	0.813773	0.778441	0	0.74597	0.782263	0.747346	0.901421	0.884541	0.884651	0.887443	0.883651	0.888196	0.946342	0.975965	0.932764	0.9446	0.929921	0.934714	0.920739	0.965001	0.921265	0.964415	0.963065	0.928032	1.04812	1.04353	1.05754	1.04529	1.05833	1.04396	1.03338	1.03823	1.03406	1.037	1.03283	1.03162	0.999693	1.06897	1.01158	1.07326	1.06517	1.01135	1.01551	1.02299	1.01897	1.02422	1.02533	1.02987	1.02954	1.02935	1.01623	1.0173	1.04001	1.03519	1.03141	1.02645	1.03469	1.08954	1.02135	1.0203	1.00335	1.01058	1.00323	1.01046	1.00442	1.00823	1.0004	0.993758	0.999239	0.995009	0.994941	0.981275
ERR612223	0.932598	0.975806	0.934682	0.946154	0.934872	0.946551	0.958845	0.940729	0.967166	0.929182	0.969871	0.962319	1.05404	1.01864	1.05406	1.00255	1.01062	1.06107	0.934001	0.934998	0.996454	1.00099	1.00611	0.924237	0.816807	0.782632	0.74597	0	0.786373	0.752095	0.905163	0.88851	0.888549	0.892225	0.887784	0.892323	0.950494	0.978412	0.937954	0.949133	0.934902	0.939846	0.925548	0.969638	0.926558	0.969228	0.967927	0.932766	1.05375	1.04883	1.0625	1.05057	1.06345	1.04962	1.03903	1.04354	1.03974	1.0423	1.03854	1.03731	1.00381	1.0712	1.01475	1.07553	1.06749	1.01476	1.02228	1.02953	1.02527	1.02994	1.0311	1.03557	1.03535	1.03506	1.02233	1.02355	1.0439	1.04023	1.03632	1.03163	1.03957	1.0925	1.02646	1.02537	1.00753	1.01388	1.00722	1.01529	1.00943	1.01327	1.00514	0.99813	1.00411	0.999711	0.999714	0.986517
ERR612226	0.953628	0.993048	0.955654	0.965583	0.955613	0.966412	0.976684	0.959893	0.984834	0.949284	0.987541	0.980148	1.0695	1.03703	1.06962	1.02206	1.02956	1.07633	0.955312	0.95639	1.01297	1.01685	1.02182	0.946545	0.83494	0.80594	0.782263	0.786373	0	0.786986	0.924074	0.910354	0.910248	0.913312	0.909942	0.912865	0.970365	0.996093	0.958386	0.968677	0.95595	0.960422	0.949896	0.989835	0.950654	0.989728	0.98825	0.956312	1.07334	1.06922	1.08196	1.07065	1.08277	1.06977	1.06107	1.06559	1.06204	1.06434	1.06072	1.05961	1.02438	1.08741	1.03511	1.09152	1.08415	1.03456	1.04545	1.05211	1.04809	1.05288	1.05365	1.05783	1.05739	1.05693	1.04557	1.04631	1.06592	1.06186	1.05931	1.0552	1.06231	1.11221	1.05061	1.04952	1.02704	1.0327	1.02671	1.03321	1.02842	1.03148	1.02376	1.01752	1.0231	1.01912	1.01888	1.00721
ERR612222	0.93398	0.97603	0.935934	0.946912	0.936593	0.947606	0.957752	0.940736	0.96639	0.928897	0.969044	0.961604	1.05588	1.02099	1.05615	1.00579	1.01304	1.06315	0.934432	0.93511	0.996731	1.00119	1.00675	0.924657	0.817231	0.783199	0.747346	0.752095	0.786986	0	0.906211	0.88964	0.889696	0.893379	0.888908	0.892947	0.951276	0.978873	0.93889	0.949892	0.93631	0.940753	0.926456	0.971309	0.927528	0.971058	0.969477	0.933636	1.05305	1.04837	1.06195	1.05015	1.06282	1.04906	1.03872	1.0428	1.03927	1.0417	1.03773	1.03699	1.00338	1.07058	1.01434	1.07537	1.06695	1.01363	1.02313	1.03026	1.02584	1.03009	1.03142	1.03586	1.03533	1.03492	1.02248	1.02373	1.04294	1.03944	1.03456	1.03016	1.03782	1.09064	1.0249	1.02368	1.00714	1.01285	1.00699	1.01522	1.00942	1.01305	1.00457	0.997272	1.00373	0.999508	0.999474	0.986111
ERR636919	0.885059	0.930679	0.888072	0.897942	0.886597	0.900238	0.941838	0.922671	0.950333	0.910867	0.95295	0.945666	1.03918	1.00347	1.03833	0.987538	0.996242	1.0464	0.935161	0.936039	0.993597	0.998397	1.00201	0.925383	0.94488	0.921962	0.901421	0.905163	0.924074	0.906211	0	0.773689	0.774464	0.774963	0.773568	0.776579	0.912577	0.941246	0.898985	0.910141	0.896612	0.901278	0.894723	0.929682	0.893955	0.930113	0.928439	0.899963	1.11196	1.10793	1.12005	1.10972	1.12061	1.10843	1.09453	1.09915	1.09507	1.09745	1.09414	1.09266	1.06297	1.12171	1.07312	1.12514	1.1184	1.0725	1.07498	1.08135	1.07819	1.08354	1.08439	1.08784	1.08416	1.08446	1.07322	1.07403	1.09458	1.08957	1.09867	1.09451	1.10185	1.14764	1.09128	1.09003	1.05654	1.06339	1.05633	1.06157	1.05648	1.06036	1.05247	1.04775	1.05205	1.04831	1.04813	1.03718
ERR636923	0.869241	0.917659	0.872299	0.882805	0.871015	0.884861	0.926365	0.907234	0.935651	0.894747	0.9382	0.93061	1.03061	0.993172	1.02983	0.976466	0.985106	1.03861	0.920198	0.921727	0.983593	0.987833	0.992031	0.910028	0.932998	0.90808	0.884541	0.88851	0.910354	0.88964	0.773689	0	0.750079	0.757124	0.749752	0.758249	0.898717	0.928637	0.883993	0.895974	0.881097	0.886802	0.876081	0.91553	0.875946	0.916201	0.913892	0.882664	1.10048	1.09604	1.10889	1.09826	1.10944	1.09683	1.08114	1.08584	1.08211	1.08457	1.08071	1.07931	1.04981	1.11112	1.0607	1.11509	1.10792	1.05996	1.06229	1.06893	1.0653	1.07037	1.07143	1.07511	1.07144	1.07169	1.05995	1.06077	1.08176	1.07679	1.08519	1.08085	1.08833	1.13557	1.07709	1.07605	1.04364	1.05017	1.04326	1.04881	1.04373	1.04751	1.04005	1.03477	1.03972	1.0354	1.03534	1.02351
ERR636924	0.870038	0.917878	0.872815	0.883382	0.871887	0.885642	0.926297	0.907655	0.935454	0.894896	0.938406	0.930547	1.03077	0.993427	1.0302	0.977308	0.985644	1.03873	0.920306	0.921918	0.983422	0.988074	0.992388	0.910342	0.933004	0.907745	0.884651	0.888549	0.910248	0.889696	0.774464	0.750079	0	0.757841	0.750214	0.759284	0.898873	0.928334	0.884626	0.896265	0.88159	0.886954	0.876551	0.916065	0.876478	0.916456	0.91472	0.883064	1.10091	1.09621	1.10912	1.09849	1.10987	1.0973	1.08125	1.08585	1.08229	1.08457	1.081	1.0797	1.05006	1.11124	1.0608	1.1151	1.10802	1.05999	1.06264	1.06977	1.06573	1.07068	1.07178	1.07578	1.072	1.07183	1.06062	1.06119	1.08164	1.07713	1.08533	1.08087	1.08844	1.13528	1.07712	1.07595	1.04396	1.05027	1.04353	1.04933	1.0444	1.04801	1.04047	1.03512	1.03994	1.03598	1.03582	1.02403
ERR636920	0.87177	0.921866	0.874664	0.88604	0.873205	0.887931	0.931826	0.911233	0.940725	0.898381	0.943598	0.935815	1.03089	0.992729	1.02983	0.975079	0.984445	1.03877	0.923174	0.92496	0.98607	0.99091	0.994923	0.912668	0.935421	0.910722	0.887443	0.892225	0.913312	0.893379	0.774963	0.757124	0.757841	0	0.757342	0.761183	0.90122	0.932648	0.885863	0.898447	0.88303	0.888612	0.879521	0.916634	0.878518	0.917151	0.915055	0.886033	1.10176	1.09754	1.11046	1.09936	1.11095	1.09814	1.08313	1.08818	1.08373	1.08667	1.08286	1.08113	1.05198	1.11352	1.06347	1.11721	1.11012	1.06233	1.06234	1.06913	1.0658	1.07156	1.07265	1.07597	1.07247	1.07285	1.06138	1.06175	1.08466	1.07866	1.08811	1.08392	1.0917	1.13981	1.0807	1.07932	1.0448	1.05267	1.04465	1.04922	1.04404	1.04806	1.04126	1.03647	1.04086	1.03652	1.03677	1.025
ERR636922	0.868901	0.917058	0.871701	0.88279	0.870374	0.884562	0.925728	0.906276	0.934796	0.893833	0.937848	0.929376	1.03026	0.992695	1.02954	0.975918	0.984545	1.038	0.919954	0.921134	0.983042	0.987802	0.991931	0.909614	0.932348	0.907476	0.883651	0.887784	0.909942	0.888908	0.773568	0.749752	0.750214	0.757342	0	0.758625	0.897877	0.92774	0.883417	0.895223	0.880972	0.885905	0.875727	0.915174	0.875623	0.915998	0.913667	0.882208	1.10002	1.09566	1.10853	1.09768	1.10903	1.09637	1.08056	1.08531	1.08155	1.08372	1.08025	1.07885	1.04918	1.1109	1.06006	1.11453	1.10743	1.0595	1.06165	1.06825	1.06473	1.0697	1.07073	1.07439	1.07106	1.07101	1.05959	1.06019	1.08111	1.07617	1.08445	1.0802	1.08767	1.13512	1.07646	1.07513	1.04322	1.0497	1.04294	1.04861	1.04349	1.04733	1.03965	1.0342	1.03897	1.03492	1.03498	1.02299
ERR636921	0.873153	0.920258	0.875755	0.88614	0.874579	0.888233	0.928805	0.910072	0.938127	0.897491	0.94104	0.933183	1.03243	0.995281	1.032	0.97914	0.987553	1.04022	0.923033	0.924162	0.985286	0.989647	0.993754	0.913124	0.935311	0.910553	0.888196	0.892323	0.912865	0.892947	0.776579	0.758249	0.759284	0.761183	0.758625	0	0.901267	0.931106	0.887392	0.898579	0.884606	0.889596	0.880671	0.919004	0.880658	0.919794	0.91771	0.88677	1.10259	1.0982	1.11117	1.1004	1.11175	1.09928	1.0837	1.08826	1.08441	1.08688	1.08321	1.08214	1.05176	1.11263	1.06216	1.1163	1.10933	1.06158	1.06463	1.0714	1.06766	1.07281	1.07396	1.07773	1.07375	1.07395	1.06259	1.06327	1.08338	1.07892	1.08724	1.08306	1.09059	1.13768	1.07945	1.07852	1.04501	1.05167	1.04482	1.05045	1.04539	1.04917	1.04173	1.03643	1.04124	1.03726	1.0371	1.02533
ERR608758	0.888242	0.93197	0.891552	0.90158	0.890092	0.902304	0.945942	0.928581	0.954877	0.917232	0.956988	0.950245	1.05235	1.0185	1.05199	1.00279	1.01128	1.05977	0.953013	0.953593	1.00922	1.01266	1.01713	0.943145	0.99024	0.967355	0.946342	0.950494	0.970365	0.951276	0.912577	0.898717	0.898873	0.90122	0.897877	0.901267	0	0.874346	0.828391	0.840906	0.825327	0.828455	0.906254	0.944209	0.905846	0.944145	0.942114	0.912785	1.10707	1.10321	1.11512	1.10461	1.11572	1.10352	1.08874	1.09317	1.08922	1.09187	1.08816	1.08692	1.0605	1.11996	1.07066	1.12335	1.11626	1.07069	1.06828	1.07498	1.07165	1.07654	1.07769	1.08095	1.07897	1.07872	1.06734	1.06812	1.08927	1.08373	1.09249	1.08846	1.0958	1.14238	1.08477	1.08387	1.05407	1.06112	1.05406	1.05952	1.05435	1.05831	1.05263	1.04754	1.05215	1.04816	1.04821	1.03661
ERR608757	0.920716	0.952137	0.922279	0.929878	0.922321	0.93065	0.966116	0.9532	0.974785	0.943274	0.976174	0.970453	1.0734	1.04428	1.07323	1.03288	1.03843	1.07902	0.979119	0.979767	1.02881	1.03138	1.03575	0.97184	1.0141	0.993982	0.975965	0.978412	0.996093	0.978873	0.941246	0.928637	0.928334	0.932648	0.92774	0.931106	0.874346	0	0.865913	0.874005	0.863159	0.864396	0.93861	0.974743	0.939407	0.974904	0.973001	0.943881	1.12774	1.12386	1.13455	1.1252	1.13525	1.12444	1.1101	1.11362	1.11077	1.11283	1.10957	1.10908	1.08231	1.13594	1.09078	1.13911	1.13255	1.09075	1.09443	1.10076	1.09663	1.10009	1.1009	1.10421	1.1022	1.10187	1.09199	1.09281	1.10741	1.10532	1.11121	1.10759	1.11402	1.15504	1.10354	1.10268	1.07788	1.08195	1.07765	1.08425	1.07965	1.08294	1.07719	1.07121	1.07619	1.07282	1.07252	1.06196
ERR608760	0.872974	0.922672	0.877006	0.888602	0.87477	0.888914	0.937108	0.917706	0.946753	0.905337	0.948621	0.941625	1.04288	1.00648	1.04241	0.988773	0.998612	1.05092	0.940924	0.942283	1.00095	1.00506	1.00943	0.930124	0.980125	0.955978	0.932764	0.937954	0.958386	0.93889	0.898985	0.883993	0.884626	0.885863	0.883417	0.887392	0.828391	0.865913	0	0.823258	0.80444	0.814391	0.890504	0.928861	0.8894	0.929488	0.927147	0.898065	1.09689	1.09282	1.10599	1.09458	1.10656	1.09326	1.07814	1.08334	1.07864	1.08173	1.0778	1.07616	1.05061	1.11287	1.06183	1.11612	1.10925	1.06146	1.05545	1.06233	1.05946	1.06517	1.06623	1.06945	1.06768	1.06762	1.05552	1.05628	1.0802	1.07347	1.08334	1.07881	1.08686	1.13595	1.07568	1.07455	1.04319	1.05146	1.04308	1.04847	1.04269	1.04727	1.04158	1.03672	1.04109	1.03678	1.03715	1.02473
ERR608762	0.885755	0.92949	0.888904	0.899031	0.887776	0.900379	0.943835	0.926231	0.953022	0.914816	0.954972	0.948177	1.05078	1.01682	1.05029	1.00111	1.00906	1.05827	0.951226	0.952174	1.0082	1.01132	1.01633	0.941742	0.989105	0.966085	0.9446	0.949133	0.968677	0.949892	0.910141	0.895974	0.896265	0.898447	0.895223	0.898579	0.840906	0.874005	0.823258	0	0.820033	0.828506	0.904484	0.942613	0.904291	0.942763	0.940657	0.911352	1.10672	1.1025	1.11466	1.10434	1.11542	1.10289	1.08816	1.09293	1.08905	1.09161	1.08788	1.08677	1.06005	1.11943	1.07041	1.12294	1.11588	1.07002	1.06784	1.07453	1.0709	1.07618	1.07737	1.08067	1.07878	1.07859	1.06703	1.06789	1.08867	1.08373	1.09224	1.08803	1.09541	1.14209	1.08445	1.08348	1.05334	1.06074	1.05338	1.059	1.05407	1.05773	1.05231	1.04707	1.05133	1.04744	1.04769	1.03603
ERR608761	0.87034	0.920577	0.874575	0.885905	0.872067	0.886552	0.934273	0.914446	0.943692	0.902535	0.945821	0.938427	1.04195	1.00545	1.04149	0.987463	0.997298	1.04991	0.938568	0.939582	0.999381	1.0032	1.00744	0.927453	0.977424	0.953641	0.929921	0.934902	0.95595	0.93631	0.896612	0.881097	0.88159	0.88303	0.880972	0.884606	0.825327	0.863159	0.80444	0.820033	0	0.811224	0.888093	0.927608	0.886682	0.927711	0.925267	0.895321	1.09558	1.091	1.1041	1.09302	1.10471	1.09182	1.07623	1.08125	1.07677	1.07971	1.07586	1.07433	1.04803	1.11037	1.0591	1.11415	1.1071	1.05884	1.05379	1.06054	1.05766	1.06323	1.06436	1.06764	1.06595	1.06608	1.05379	1.05447	1.07855	1.07187	1.08134	1.07684	1.08494	1.13419	1.07334	1.07245	1.04091	1.04927	1.04088	1.0462	1.04057	1.04504	1.03937	1.03433	1.0387	1.03453	1.03456	1.02249
ERR608759	0.876426	0.9239	0.879829	0.89107	0.878393	0.891743	0.936433	0.917549	0.945726	0.905395	0.948215	0.940747	1.04555	1.01006	1.04524	0.993149	1.00202	1.05355	0.943031	0.944191	1.00275	1.00654	1.01102	0.932776	0.981618	0.958002	0.934714	0.939846	0.960422	0.940753	0.901278	0.886802	0.886954	0.888612	0.885905	0.889596	0.828455	0.864396	0.814391	0.828506	0.811224	0	0.893641	0.933661	0.892878	0.933469	0.931389	0.900908	1.0985	1.09446	1.10699	1.09672	1.10743	1.095	1.07944	1.08411	1.08015	1.08301	1.07892	1.07756	1.05129	1.11273	1.06221	1.11648	1.10941	1.06177	1.0583	1.06535	1.06179	1.06729	1.06831	1.0719	1.06959	1.06956	1.05758	1.05841	1.08095	1.07516	1.08354	1.07957	1.08708	1.13574	1.07592	1.0748	1.04458	1.05232	1.04427	1.04984	1.04432	1.04858	1.04289	1.03808	1.04263	1.0383	1.0386	1.02633
ERR608837	0.861535	0.916958	0.865598	0.878559	0.86442	0.879903	0.954844	0.936923	0.964173	0.924903	0.967191	0.958684	0.935764	0.906084	0.935856	0.893575	0.900035	0.942681	0.85589	0.856521	0.908578	0.912885	0.916366	0.847267	0.973428	0.946814	0.920739	0.925548	0.949896	0.926456	0.894723	0.876081	0.876551	0.879521	0.875727	0.880671	0.906254	0.93861	0.890504	0.904484	0.888093	0.893641	0	0.760781	0.717941	0.760982	0.759001	0.723873	1.07675	1.07255	1.08608	1.07479	1.08672	1.07304	1.04834	1.0535	1.04911	1.05176	1.04823	1.04635	0.973314	1.02151	0.982053	1.02453	1.01844	0.981587	1.03427	1.04141	1.03767	1.04321	1.04439	1.04855	1.04051	1.04055	1.02751	1.02845	1.05172	1.04617	1.05738	1.05233	1.06052	1.11092	1.04811	1.04759	1.02125	1.02874	1.02078	1.02746	1.02156	1.02581	1.0202	1.01403	1.0193	1.01462	1.01498	1.00186
ERR608839	0.901398	0.9528	0.905593	0.916802	0.903218	0.918104	0.997614	0.979159	1.00563	0.968819	1.00838	1.00104	0.943063	0.920081	0.94226	0.909751	0.915607	0.948841	0.882947	0.88348	0.921483	0.92495	0.927079	0.875805	1.01033	0.98753	0.965001	0.969638	0.989835	0.971309	0.929682	0.91553	0.916065	0.916634	0.915174	0.919004	0.944209	0.974743	0.928861	0.942613	0.927608	0.933661	0.760781	0	0.75941	0.780284	0.779288	0.764349	1.10692	1.10305	1.11557	1.10523	1.1161	1.10357	1.08269	1.08825	1.08324	1.08654	1.08324	1.08049	1.00248	1.0372	1.0094	1.0389	1.03514	1.00919	1.06677	1.07284	1.07076	1.07686	1.07729	1.0809	1.07336	1.07355	1.06188	1.06211	1.08682	1.07973	1.09342	1.08888	1.09673	1.14301	1.08564	1.08533	1.05874	1.06715	1.05812	1.06263	1.05715	1.06146	1.05582	1.05144	1.05521	1.05096	1.0518	1.04036
ERR608836	0.860428	0.917834	0.864515	0.878375	0.863221	0.879738	0.95722	0.93816	0.966166	0.925823	0.969143	0.960577	0.935647	0.905373	0.935601	0.89204	0.898937	0.942593	0.856549	0.857256	0.909569	0.91373	0.9172	0.847121	0.974284	0.947585	0.921265	0.926558	0.950654	0.927528	0.893955	0.875946	0.876478	0.878518	0.875623	0.880658	0.905846	0.939407	0.8894	0.904291	0.886682	0.892878	0.717941	0.75941	0	0.760032	0.757899	0.72433	1.07739	1.07297	1.08668	1.07513	1.08743	1.07354	1.04923	1.05462	1.04992	1.05246	1.0492	1.04698	0.974695	1.02314	0.983785	1.02602	1.02023	0.9833	1.03376	1.041	1.03795	1.04363	1.04486	1.04877	1.04051	1.04087	1.02766	1.02834	1.05352	1.04714	1.05923	1.05441	1.06275	1.11348	1.05028	1.0499	1.02167	1.03015	1.02137	1.0276	1.02144	1.02593	1.02041	1.01475	1.01957	1.01493	1.01512	1.00245
ERR608838	0.902085	0.952867	0.905788	0.91676	0.903229	0.91832	0.997674	0.979164	1.0055	0.968993	1.00811	1.00095	0.942973	0.920411	0.94224	0.909976	0.915861	0.948821	0.883083	0.883595	0.921615	0.9253	0.926939	0.87593	1.00998	0.986837	0.964415	0.969228	0.989728	0.971058	0.930113	0.916201	0.916456	0.917151	0.915998	0.919794	0.944145	0.974904	0.929488	0.942763	0.927711	0.933469	0.760982	0.780284	0.760032	0	0.779867	0.765123	1.10719	1.1032	1.11577	1.1052	1.11624	1.10345	1.08315	1.08858	1.08378	1.08672	1.08359	1.0808	1.00245	1.03738	1.00945	1.03879	1.03515	1.00922	1.06706	1.07328	1.07143	1.0772	1.07772	1.08113	1.07354	1.0738	1.06215	1.0623	1.08715	1.08023	1.09372	1.08938	1.09705	1.14313	1.08588	1.08577	1.05869	1.06707	1.05828	1.0626	1.05737	1.0616	1.05546	1.05137	1.05515	1.05098	1.05153	1.04032
ERR608840	0.899576	0.951494	0.90348	0.914957	0.901401	0.916029	0.99547	0.976885	1.00356	0.966496	1.00593	0.99859	0.943035	0.91964	0.942017	0.909443	0.915043	0.94868	0.881844	0.882681	0.92128	0.924845	0.926816	0.874665	1.00917	0.985721	0.963065	0.967927	0.98825	0.969477	0.928439	0.913892	0.91472	0.915055	0.913667	0.91771	0.942114	0.973001	0.927147	0.940657	0.925267	0.931389	0.759001	0.779288	0.757899	0.779867	0	0.763433	1.10536	1.10151	1.11381	1.10333	1.11425	1.10151	1.08099	1.08673	1.08149	1.08477	1.08141	1.07904	1.00066	1.03651	1.00792	1.03827	1.03414	1.00771	1.06489	1.07151	1.06937	1.07507	1.07574	1.07903	1.07115	1.07138	1.05988	1.06009	1.08485	1.0778	1.09167	1.08717	1.09522	1.14147	1.0839	1.08374	1.05579	1.06449	1.05559	1.05995	1.05435	1.05872	1.05348	1.04907	1.053	1.04881	1.04951	1.03809
ERR608835	0.869001	0.921523	0.872123	0.884899	0.871462	0.886277	0.960717	0.943216	0.969875	0.931691	0.972469	0.964326	0.937586	0.909427	0.937243	0.898381	0.904145	0.943998	0.859237	0.859958	0.909375	0.913313	0.916713	0.851231	0.979229	0.953071	0.928032	0.932766	0.956312	0.933636	0.899963	0.882664	0.883064	0.886033	0.882208	0.88677	0.912785	0.943881	0.898065	0.911352	0.895321	0.900908	0.723873	0.764349	0.72433	0.765123	0.763433	0	1.0833	1.07912	1.09213	1.08142	1.09295	1.07968	1.05532	1.06015	1.05595	1.05858	1.05512	1.05361	0.977845	1.023	0.986018	1.02586	1.02019	0.985658	1.04201	1.04898	1.04534	1.05065	1.05172	1.05582	1.0478	1.04771	1.03523	1.03589	1.05851	1.05313	1.06438	1.05956	1.0675	1.11632	1.05503	1.05469	1.02768	1.03484	1.02746	1.03406	1.02842	1.03234	1.02629	1.0203	1.02528	1.02095	1.02093	1.00848
