	ERR636946	ERR636947	ERR636943	ERR636948	ERR636945	ERR636944	ERR636720	ERR636718	ERR636716	ERR636719	ERR636717	ERR636715	ERR613681	ERR613679	ERR613677	ERR613678	ERR613682	ERR613680	ERR607308	ERR607310	ERR607305	ERR607307	ERR607309	ERR607306	ERR636951	ERR636949	ERR636954	ERR636950	ERR636953	ERR636952	ERR607785	ERR607781	ERR607783	ERR607784	ERR607786	ERR607782	ERR629858	ERR629860	ERR629856	ERR629861	ERR629859	ERR629857	ERR630691	ERR630689	ERR630693	ERR630690	ERR630692	ERR630688	ERR618526	ERR618525	ERR618528	ERR618527	ERR618530	ERR618529	ERR605475	ERR605476	ERR605478	ERR605477	ERR605473	ERR605474	ERR611301	ERR611302	ERR611300	ERR611299	ERR611297	ERR611298	ERR611336	ERR611337	ERR611340	ERR611338	ERR611339	ERR611335	ERR616987	ERR616986	ERR616989	ERR616988	ERR616990	ERR616985	ERR617915	ERR617918	ERR617917	ERR617919	ERR617920	ERR617916	ERR629823	ERR629821	ERR629818	ERR629820	ERR629819	ERR629822	ERR618173	ERR618174	ERR618172	ERR618170	ERR618171	ERR618169
ERR636946	0	0.74275	0.767058	0.741954	0.755005	0.757384	0.828526	0.829454	0.830848	0.829398	0.829466	0.838135	0.803377	0.795354	0.787464	0.789739	0.831684	0.801888	0.911534	0.909168	0.893887	0.880577	0.910888	0.883484	0.829114	0.83889	0.822759	0.828843	0.826064	0.82346	0.863531	0.863418	0.864247	0.885416	0.862951	0.881595	0.893026	0.90886	0.891074	0.907192	0.909303	0.905836	1.05074	1.04941	1.04963	1.03776	1.04798	1.04264	1.10167	1.09587	1.1026	1.10074	1.10895	1.10925	1.09677	1.09224	1.09215	1.09089	1.08742	1.0916	1.09066	1.09126	1.09045	1.07221	1.07367	1.07988	1.11821	1.11164	1.11881	1.1223	1.11569	1.11623	1.07752	1.07974	1.09125	1.08901	1.08971	1.08143	1.10204	1.09203	1.1323	1.09009	1.09121	1.15347	1.0772	1.07831	1.08334	1.09645	1.09624	1.07849	1.06847	1.07149	1.06589	1.06715	1.06233	1.06576
ERR636947	0.74275	0	0.76685	0.741284	0.754374	0.757104	0.827968	0.829215	0.830639	0.828671	0.829119	0.837757	0.803071	0.794535	0.787269	0.789339	0.831326	0.80205	0.911428	0.909119	0.893337	0.880415	0.910869	0.883211	0.828446	0.838681	0.822491	0.828269	0.825252	0.823151	0.862775	0.863353	0.863755	0.885364	0.862483	0.880852	0.893102	0.908561	0.890992	0.906671	0.908913	0.905638	1.0501	1.0489	1.04923	1.03724	1.0474	1.04194	1.10111	1.09534	1.10184	1.10022	1.10864	1.10872	1.09608	1.09152	1.09174	1.09022	1.08674	1.09078	1.08991	1.0905	1.08996	1.07144	1.07284	1.07909	1.11772	1.1108	1.11782	1.12174	1.11533	1.11578	1.07678	1.07886	1.09032	1.08803	1.08905	1.08049	1.10156	1.0914	1.13177	1.08953	1.09047	1.15306	1.0765	1.07746	1.08297	1.09611	1.09572	1.07795	1.06795	1.07099	1.06517	1.06659	1.06174	1.06523
ERR636943	0.767058	0.76685	0	0.766261	0.772252	0.774132	0.843915	0.84534	0.845898	0.844938	0.845531	0.851741	0.819961	0.813118	0.805993	0.808336	0.845197	0.818348	0.921542	0.919413	0.90521	0.893665	0.92079	0.895908	0.844939	0.853835	0.839496	0.844747	0.842437	0.840028	0.877836	0.877884	0.87833	0.896739	0.87763	0.893344	0.905219	0.919377	0.90284	0.917783	0.919626	0.916404	1.06148	1.06027	1.06063	1.04962	1.05916	1.05383	1.1144	1.10871	1.11505	1.11344	1.1213	1.1213	1.1102	1.10586	1.10592	1.10473	1.10139	1.10533	1.10358	1.10411	1.10342	1.08615	1.08745	1.09308	1.13007	1.12342	1.13028	1.13432	1.12791	1.12806	1.09169	1.09357	1.10497	1.10291	1.10366	1.09547	1.11451	1.10508	1.14337	1.10339	1.10421	1.1641	1.0921	1.09271	1.09785	1.11051	1.10983	1.0932	1.0813	1.08411	1.07868	1.07972	1.07494	1.07879
ERR636948	0.741954	0.741284	0.766261	0	0.753583	0.756185	0.826957	0.827866	0.829557	0.828075	0.828379	0.836633	0.801794	0.793711	0.786228	0.788687	0.831	0.801077	0.910522	0.908256	0.892921	0.879599	0.91015	0.882711	0.8276	0.838011	0.821487	0.827714	0.824716	0.822186	0.862181	0.862623	0.862946	0.884502	0.861714	0.880203	0.892325	0.907829	0.889814	0.905868	0.908252	0.905171	1.04978	1.0482	1.04842	1.03647	1.04688	1.04133	1.10111	1.09487	1.10176	1.10015	1.10828	1.10834	1.09565	1.09127	1.09136	1.09022	1.08641	1.09074	1.08953	1.09026	1.08946	1.07076	1.07235	1.07846	1.11711	1.1104	1.11773	1.1214	1.11479	1.11538	1.07641	1.07838	1.09013	1.08811	1.08891	1.08032	1.10087	1.09099	1.13134	1.08911	1.09017	1.15279	1.0762	1.07712	1.08248	1.09572	1.09562	1.07764	1.06737	1.0707	1.06458	1.066	1.06123	1.0646
ERR636945	0.755005	0.754374	0.772252	0.753583	0	0.763445	0.834326	0.835042	0.836416	0.835056	0.835605	0.84302	0.810107	0.802875	0.794898	0.797038	0.83728	0.80876	0.915144	0.913088	0.89833	0.885551	0.914371	0.888034	0.835237	0.845181	0.829875	0.835217	0.832838	0.830557	0.868725	0.868881	0.869412	0.889496	0.868235	0.88548	0.897366	0.91231	0.895169	0.910849	0.91277	0.909479	1.05447	1.05318	1.0537	1.04187	1.05184	1.04653	1.10693	1.1011	1.10764	1.106	1.11395	1.11404	1.10183	1.09751	1.09777	1.09621	1.09275	1.09693	1.09607	1.09684	1.09589	1.07808	1.07935	1.08524	1.12282	1.11611	1.123	1.12665	1.12047	1.12069	1.08311	1.0853	1.09658	1.09457	1.09529	1.0868	1.10729	1.09728	1.13662	1.09535	1.09644	1.1577	1.08295	1.08366	1.08881	1.10199	1.10169	1.08423	1.07359	1.07623	1.07059	1.07171	1.0668	1.07047
ERR636944	0.757384	0.757104	0.774132	0.756185	0.763445	0	0.83581	0.837059	0.837924	0.836821	0.837589	0.844887	0.810907	0.805423	0.797107	0.799952	0.839074	0.809611	0.915349	0.91215	0.898406	0.886117	0.914171	0.887766	0.836718	0.846163	0.831154	0.835588	0.834383	0.831628	0.869907	0.869213	0.869617	0.890492	0.869293	0.887003	0.897243	0.914127	0.894923	0.912485	0.914354	0.910333	1.05597	1.05362	1.05475	1.04229	1.05332	1.04742	1.10805	1.10184	1.10783	1.10677	1.11397	1.11419	1.10312	1.09854	1.09844	1.09741	1.09371	1.09783	1.09595	1.09661	1.09585	1.07725	1.07904	1.08449	1.123	1.11614	1.12404	1.12865	1.12131	1.12128	1.08408	1.08616	1.0989	1.09707	1.09764	1.08845	1.10637	1.09708	1.13675	1.09558	1.09653	1.15948	1.08423	1.08523	1.09039	1.10329	1.10324	1.08553	1.07472	1.07767	1.0715	1.07304	1.06797	1.07244
ERR636720	0.828526	0.827968	0.843915	0.826957	0.834326	0.83581	0	0.76945	0.774097	0.768589	0.774088	0.783066	0.844748	0.839113	0.830873	0.834476	0.872332	0.843741	0.906245	0.904319	0.889171	0.876886	0.905578	0.878455	0.830078	0.839805	0.825013	0.82941	0.828201	0.826159	0.851698	0.851311	0.851922	0.873073	0.851612	0.869412	0.898838	0.915657	0.896482	0.914275	0.916218	0.911663	1.0403	1.0377	1.03907	1.02639	1.03745	1.03102	1.09369	1.08726	1.0934	1.09242	1.09999	1.09974	1.09008	1.08573	1.08557	1.08437	1.08049	1.08504	1.0816	1.08219	1.08144	1.06223	1.06368	1.06984	1.10383	1.09745	1.10482	1.11005	1.10228	1.10225	1.06724	1.06939	1.08221	1.08038	1.08121	1.07198	1.08915	1.07946	1.12002	1.07758	1.0785	1.1439	1.06467	1.06519	1.07018	1.08415	1.0837	1.06571	1.05759	1.0606	1.05458	1.05542	1.05066	1.05469
ERR636718	0.829454	0.829215	0.84534	0.827866	0.835042	0.837059	0.76945	0	0.775841	0.770125	0.775001	0.784386	0.845425	0.839959	0.831761	0.834672	0.872905	0.844792	0.907759	0.905737	0.890292	0.877886	0.907328	0.879913	0.831027	0.841044	0.825957	0.830701	0.829331	0.826934	0.853047	0.853187	0.853852	0.874473	0.853129	0.870719	0.899099	0.91553	0.897258	0.91451	0.916392	0.911986	1.04053	1.03868	1.03908	1.0265	1.03773	1.03161	1.0934	1.08742	1.09372	1.09258	1.10038	1.10022	1.09012	1.08576	1.08579	1.08453	1.0807	1.08497	1.08216	1.08268	1.08199	1.06305	1.06441	1.07072	1.10451	1.09774	1.10545	1.11035	1.10276	1.10272	1.06753	1.06978	1.08247	1.08029	1.081	1.07195	1.08957	1.08007	1.1204	1.07801	1.0789	1.14391	1.06469	1.0653	1.07025	1.08428	1.08378	1.06585	1.05784	1.06066	1.05492	1.05612	1.05112	1.05498
ERR636716	0.830848	0.830639	0.845898	0.829557	0.836416	0.837924	0.774097	0.775841	0	0.774926	0.773991	0.782831	0.847006	0.841996	0.833912	0.837556	0.874336	0.8463	0.907099	0.904854	0.890073	0.877998	0.906074	0.879174	0.83211	0.841628	0.826785	0.830751	0.830303	0.82816	0.85435	0.853564	0.854085	0.875285	0.853859	0.87112	0.899853	0.917137	0.897692	0.915944	0.917884	0.912727	1.04129	1.03879	1.0402	1.02749	1.03892	1.03234	1.09495	1.08878	1.0948	1.09391	1.10121	1.10109	1.09179	1.08705	1.0872	1.08609	1.08228	1.08667	1.083	1.08381	1.08279	1.0635	1.06522	1.07127	1.10554	1.09904	1.10713	1.11254	1.10437	1.10428	1.06924	1.07139	1.08483	1.08275	1.08346	1.07418	1.09044	1.08109	1.12136	1.07954	1.0802	1.14523	1.06681	1.06703	1.07245	1.08597	1.08553	1.06777	1.05929	1.06224	1.05619	1.05759	1.05241	1.05708
ERR636719	0.829398	0.828671	0.844938	0.828075	0.835056	0.836821	0.768589	0.770125	0.774926	0	0.774578	0.783578	0.845595	0.839789	0.831695	0.834637	0.872863	0.844629	0.907346	0.905269	0.889871	0.877623	0.906966	0.879331	0.830925	0.840564	0.8258	0.830394	0.828816	0.827057	0.852548	0.852144	0.852797	0.874261	0.852423	0.870239	0.89911	0.91616	0.896552	0.914533	0.916482	0.911816	1.04027	1.03813	1.03878	1.02656	1.03776	1.03131	1.09372	1.08772	1.09387	1.09279	1.10043	1.1004	1.09017	1.08589	1.08581	1.08436	1.08084	1.08512	1.0824	1.08313	1.08216	1.06318	1.06454	1.07063	1.10446	1.09798	1.10537	1.11037	1.10269	1.10279	1.06784	1.07003	1.08289	1.08076	1.08155	1.07267	1.08983	1.08004	1.12033	1.07835	1.07913	1.14451	1.0648	1.06558	1.07079	1.08432	1.0841	1.06616	1.0575	1.06079	1.05442	1.05571	1.05073	1.05494
ERR636717	0.829466	0.829119	0.845531	0.828379	0.835605	0.837589	0.774088	0.775001	0.773991	0.774578	0	0.782124	0.846958	0.840153	0.832916	0.835664	0.873335	0.846526	0.909068	0.907298	0.891361	0.87877	0.908717	0.881266	0.83193	0.841817	0.826556	0.831969	0.829628	0.827548	0.85386	0.853955	0.85488	0.874853	0.853669	0.870087	0.900723	0.915858	0.898781	0.914649	0.916498	0.912928	1.04107	1.03955	1.03991	1.02828	1.03837	1.03247	1.09547	1.08961	1.0963	1.0946	1.10275	1.10251	1.09212	1.08779	1.08801	1.0867	1.0831	1.08704	1.08429	1.08504	1.08428	1.06607	1.0668	1.07326	1.10674	1.10051	1.10754	1.1115	1.10482	1.1051	1.0696	1.07178	1.08338	1.0813	1.08192	1.07359	1.09276	1.08274	1.12239	1.08078	1.08173	1.14507	1.0665	1.06712	1.07255	1.08587	1.08526	1.06765	1.05912	1.06197	1.05617	1.05735	1.05237	1.05609
ERR636715	0.838135	0.837757	0.851741	0.836633	0.84302	0.844887	0.783066	0.784386	0.782831	0.783578	0.782124	0	0.854466	0.848939	0.841559	0.845078	0.879853	0.853929	0.913685	0.911742	0.896452	0.88494	0.912872	0.887068	0.8403	0.849078	0.834949	0.83974	0.837853	0.836287	0.860579	0.861003	0.861508	0.879581	0.860814	0.875844	0.905978	0.920705	0.903924	0.919268	0.921562	0.917289	1.0466	1.04509	1.04531	1.03376	1.044	1.03819	1.10362	1.09788	1.10427	1.10286	1.11033	1.11034	1.10078	1.09663	1.09685	1.09539	1.09176	1.09626	1.09191	1.09249	1.09158	1.07367	1.07487	1.08089	1.11415	1.10786	1.1148	1.11959	1.11239	1.11258	1.07892	1.08089	1.09282	1.09082	1.09152	1.0833	1.10039	1.09096	1.12945	1.08926	1.08984	1.1518	1.0763	1.07709	1.08198	1.09499	1.09454	1.07716	1.06649	1.06943	1.06387	1.06507	1.06004	1.06377
ERR613681	0.803377	0.803071	0.819961	0.801794	0.810107	0.810907	0.844748	0.845425	0.847006	0.845595	0.846958	0.854466	0	0.776874	0.766506	0.770617	0.809809	0.777439	0.928003	0.925496	0.912747	0.90091	0.927007	0.902317	0.845342	0.854126	0.840382	0.844074	0.843346	0.841146	0.883663	0.882689	0.88325	0.90598	0.883086	0.902564	0.910336	0.926751	0.908052	0.925474	0.926818	0.922595	1.06665	1.0639	1.06524	1.05276	1.06404	1.05781	1.11124	1.10545	1.11103	1.11028	1.11732	1.11743	1.09491	1.09049	1.09021	1.08913	1.08537	1.08989	1.09688	1.09747	1.09687	1.07812	1.07975	1.08546	1.12408	1.11724	1.12483	1.12972	1.12196	1.12227	1.08577	1.0877	1.10014	1.09848	1.09922	1.09058	1.1086	1.09941	1.13899	1.0975	1.09848	1.16149	1.08667	1.0874	1.09245	1.10546	1.10546	1.08777	1.08079	1.08386	1.0778	1.07904	1.07418	1.07893
ERR613679	0.795354	0.794535	0.813118	0.793711	0.802875	0.805423	0.839113	0.839959	0.841996	0.839789	0.840153	0.848939	0.776874	0	0.75694	0.759319	0.80589	0.775369	0.927374	0.92547	0.910271	0.897773	0.92743	0.900801	0.84004	0.849948	0.834823	0.840459	0.837558	0.835138	0.878853	0.879348	0.880068	0.901815	0.878381	0.897303	0.907782	0.921717	0.905866	0.920571	0.922272	0.919522	1.06145	1.06051	1.06062	1.04887	1.05887	1.05331	1.10694	1.10178	1.10874	1.10643	1.11521	1.11536	1.09006	1.08597	1.08615	1.08458	1.08097	1.08523	1.09505	1.09567	1.09486	1.07688	1.07786	1.08442	1.12111	1.11485	1.12117	1.12442	1.11867	1.11929	1.08135	1.08355	1.09381	1.09194	1.09253	1.08472	1.10792	1.09741	1.13682	1.09555	1.09645	1.15726	1.08142	1.08229	1.08734	1.10022	1.09987	1.08253	1.07481	1.07751	1.07221	1.07317	1.06851	1.07169
ERR613677	0.787464	0.787269	0.805993	0.786228	0.794898	0.797107	0.830873	0.831761	0.833912	0.831695	0.832916	0.841559	0.766506	0.75694	0	0.74861	0.798608	0.764994	0.920709	0.91848	0.903288	0.890826	0.920549	0.892846	0.832359	0.842673	0.827341	0.832002	0.830431	0.827714	0.871586	0.870989	0.871617	0.895853	0.870918	0.891878	0.900312	0.916979	0.898155	0.915628	0.917509	0.913055	1.05654	1.05467	1.05522	1.04315	1.05392	1.0479	1.10135	1.09546	1.10216	1.10044	1.10876	1.10886	1.08428	1.07995	1.07984	1.07827	1.07444	1.07879	1.08913	1.08976	1.08886	1.07014	1.07132	1.07775	1.1147	1.10829	1.11534	1.11961	1.11259	1.11285	1.07498	1.07718	1.08868	1.08664	1.08728	1.07884	1.10057	1.09017	1.13097	1.0883	1.0892	1.15288	1.07514	1.07621	1.08122	1.09455	1.09454	1.07635	1.06905	1.07206	1.06613	1.06754	1.06206	1.06637
ERR613678	0.789739	0.789339	0.808336	0.788687	0.797038	0.799952	0.834476	0.834672	0.837556	0.834637	0.835664	0.845078	0.770617	0.759319	0.74861	0	0.800811	0.769399	0.925231	0.923716	0.907907	0.894874	0.925637	0.897612	0.835794	0.84608	0.830631	0.836083	0.833797	0.831004	0.874729	0.874618	0.875803	0.898424	0.873886	0.893763	0.904346	0.919222	0.901938	0.917431	0.919686	0.916074	1.05768	1.05655	1.05667	1.04527	1.05488	1.04956	1.10352	1.09815	1.105	1.10288	1.11186	1.11181	1.08651	1.08246	1.08223	1.08113	1.07694	1.08128	1.09249	1.09317	1.09236	1.07388	1.0748	1.08173	1.11757	1.11118	1.11767	1.12068	1.1147	1.11529	1.077	1.07944	1.08957	1.08749	1.08797	1.08049	1.10408	1.0933	1.13352	1.09119	1.09206	1.15411	1.07688	1.07816	1.08337	1.09636	1.09609	1.07852	1.07025	1.07325	1.06777	1.06889	1.06428	1.06733
ERR613682	0.831684	0.831326	0.845197	0.831	0.83728	0.839074	0.872332	0.872905	0.874336	0.872863	0.873335	0.879853	0.809809	0.80589	0.798608	0.800811	0	0.808999	0.950164	0.948104	0.93532	0.925094	0.94986	0.927156	0.872403	0.880441	0.867929	0.872369	0.869846	0.868327	0.90962	0.909777	0.910593	0.92859	0.909018	0.925485	0.934348	0.945943	0.932187	0.945172	0.946578	0.944169	1.08486	1.08347	1.0838	1.07324	1.08239	1.07746	1.12843	1.12342	1.12903	1.1278	1.13519	1.13534	1.11327	1.10937	1.10915	1.10784	1.10472	1.10852	1.11559	1.11614	1.11546	1.09902	1.10031	1.10595	1.14093	1.13505	1.14106	1.14468	1.13872	1.1395	1.10508	1.10724	1.11725	1.11522	1.11593	1.10871	1.12836	1.11868	1.15549	1.11721	1.1184	1.17485	1.10543	1.10613	1.11076	1.12266	1.12255	1.10634	1.09922	1.10179	1.09666	1.09757	1.09315	1.09669
ERR613680	0.801888	0.80205	0.818348	0.801077	0.80876	0.809611	0.843741	0.844792	0.8463	0.844629	0.846526	0.853929	0.777439	0.775369	0.764994	0.769399	0.808999	0	0.927468	0.924698	0.911805	0.900395	0.926413	0.901491	0.844791	0.853722	0.839764	0.843523	0.842557	0.840365	0.882997	0.881918	0.882883	0.905278	0.882359	0.901791	0.909962	0.92599	0.907583	0.924776	0.926568	0.922412	1.06602	1.06338	1.06461	1.05205	1.06357	1.05711	1.1107	1.10477	1.11039	1.10947	1.11692	1.11697	1.09425	1.08941	1.08969	1.08827	1.0847	1.0892	1.09637	1.09696	1.09609	1.0774	1.07893	1.08496	1.12334	1.11697	1.12446	1.12926	1.12147	1.12147	1.08521	1.08743	1.09993	1.09786	1.09863	1.0901	1.10818	1.09889	1.13859	1.09715	1.09792	1.16096	1.08593	1.08679	1.09175	1.10471	1.10481	1.08711	1.07989	1.08307	1.07688	1.07833	1.07306	1.07784
ERR607308	0.911534	0.911428	0.921542	0.910522	0.915144	0.915349	0.906245	0.907759	0.907099	0.907346	0.909068	0.913685	0.928003	0.927374	0.920709	0.925231	0.950164	0.927468	0	0.850037	0.841695	0.830643	0.851538	0.830672	0.923822	0.930049	0.920438	0.92191	0.922394	0.921082	0.899692	0.89902	0.899317	0.91721	0.899344	0.914612	0.929706	0.946289	0.928491	0.944531	0.946062	0.941234	1.06127	1.05667	1.05914	1.04661	1.05916	1.05194	1.10559	1.09883	1.10285	1.10373	1.10839	1.10836	1.10744	1.10229	1.10236	1.10119	1.09808	1.10227	1.09299	1.09394	1.09313	1.07583	1.07824	1.08185	1.11887	1.11242	1.12106	1.12746	1.11847	1.1179	1.08693	1.08885	1.10319	1.10141	1.10248	1.09297	1.08998	1.08269	1.12153	1.08164	1.08226	1.1489	1.08452	1.08503	1.08922	1.10244	1.10242	1.08518	1.07448	1.07761	1.07101	1.07279	1.06791	1.07326
ERR607310	0.909168	0.909119	0.919413	0.908256	0.913088	0.91215	0.904319	0.905737	0.904854	0.905269	0.907298	0.911742	0.925496	0.92547	0.91848	0.923716	0.948104	0.924698	0.850037	0	0.837019	0.826837	0.846182	0.825053	0.921768	0.927696	0.91782	0.918482	0.920158	0.918814	0.897959	0.896372	0.896672	0.915894	0.897799	0.913796	0.926318	0.944839	0.925653	0.943415	0.9442	0.939152	1.06	1.05463	1.05812	1.04434	1.05787	1.05015	1.10404	1.09687	1.1007	1.10189	1.10594	1.10585	1.10573	1.10047	1.10041	1.09959	1.09653	1.10065	1.09	1.09088	1.08972	1.07166	1.07462	1.07811	1.11683	1.11011	1.11943	1.12651	1.11677	1.11576	1.08556	1.08752	1.10329	1.10131	1.10294	1.09205	1.08609	1.07967	1.11927	1.07867	1.07951	1.14798	1.08291	1.08284	1.08767	1.10078	1.10122	1.08386	1.07299	1.07628	1.06928	1.0712	1.06609	1.0722
ERR607305	0.893887	0.893337	0.90521	0.892921	0.89833	0.898406	0.889171	0.890292	0.890073	0.889871	0.891361	0.896452	0.912747	0.910271	0.903288	0.907907	0.93532	0.911805	0.841695	0.837019	0	0.809131	0.838418	0.810026	0.907638	0.91458	0.903676	0.906038	0.905764	0.904419	0.882361	0.88175	0.88207	0.901698	0.881847	0.898468	0.913804	0.930586	0.912616	0.928526	0.930152	0.925888	1.04754	1.04352	1.04547	1.03283	1.04494	1.03806	1.09395	1.08715	1.09194	1.09153	1.09776	1.0975	1.09454	1.08962	1.08947	1.08864	1.08511	1.08937	1.08301	1.08386	1.08262	1.06418	1.06699	1.07094	1.10756	1.10101	1.10963	1.11539	1.10684	1.10641	1.07372	1.07586	1.09003	1.08807	1.08938	1.07935	1.07882	1.0712	1.11152	1.06989	1.07012	1.13882	1.07057	1.07087	1.07592	1.08919	1.08916	1.07139	1.06013	1.06324	1.05668	1.05822	1.05307	1.05836
ERR607307	0.880577	0.880415	0.893665	0.879599	0.885551	0.886117	0.876886	0.877886	0.877998	0.877623	0.87877	0.88494	0.90091	0.897773	0.890826	0.894874	0.925094	0.900395	0.830643	0.826837	0.809131	0	0.827902	0.796577	0.89642	0.903989	0.891619	0.894678	0.894324	0.892289	0.870352	0.870165	0.870151	0.890761	0.869623	0.887781	0.901617	0.919052	0.900814	0.917269	0.918727	0.914807	1.03872	1.03523	1.03724	1.02407	1.03637	1.02946	1.08529	1.07836	1.08354	1.08326	1.08952	1.08978	1.0855	1.08053	1.08082	1.07947	1.07596	1.08022	1.0758	1.0768	1.07582	1.05688	1.05903	1.06385	1.09939	1.09263	1.10133	1.10657	1.0982	1.09807	1.06414	1.06632	1.08022	1.07836	1.07951	1.06985	1.0711	1.06258	1.10494	1.06112	1.06203	1.13214	1.06061	1.06083	1.06611	1.08	1.08013	1.06144	1.05064	1.05359	1.04728	1.04861	1.04362	1.04827
ERR607309	0.910888	0.910869	0.92079	0.91015	0.914371	0.914171	0.905578	0.907328	0.906074	0.906966	0.908717	0.912872	0.927007	0.92743	0.920549	0.925637	0.94986	0.926413	0.851538	0.846182	0.838418	0.827902	0	0.826916	0.923155	0.929289	0.919621	0.920456	0.921663	0.920661	0.898961	0.897514	0.897867	0.916601	0.898551	0.914497	0.927803	0.945906	0.926577	0.944395	0.945593	0.940665	1.06076	1.05552	1.05888	1.04558	1.05879	1.05104	1.1042	1.09749	1.10085	1.10196	1.10627	1.10583	1.10622	1.10067	1.1009	1.0999	1.09664	1.10113	1.09041	1.09116	1.0902	1.07208	1.07518	1.07853	1.11738	1.11078	1.12029	1.12726	1.11757	1.11637	1.08557	1.08793	1.10323	1.10134	1.10301	1.09233	1.08665	1.08003	1.11947	1.07895	1.07972	1.14804	1.08316	1.08359	1.08814	1.10136	1.10134	1.08413	1.07394	1.07704	1.07021	1.07199	1.06701	1.07267
ERR607306	0.883484	0.883211	0.895908	0.882711	0.888034	0.887766	0.878455	0.879913	0.879174	0.879331	0.881266	0.887068	0.902317	0.900801	0.892846	0.897612	0.927156	0.901491	0.830672	0.825053	0.810026	0.796577	0.826916	0	0.897884	0.905322	0.893453	0.895499	0.896264	0.894331	0.87231	0.871389	0.87158	0.893507	0.872247	0.890318	0.902692	0.922161	0.901779	0.920196	0.921445	0.916573	1.0407	1.03608	1.03915	1.02502	1.03884	1.03096	1.08662	1.07943	1.08391	1.08458	1.09012	1.08995	1.08699	1.08187	1.08194	1.08075	1.07739	1.08187	1.07508	1.0757	1.07472	1.05512	1.05798	1.06224	1.09971	1.09276	1.10227	1.10903	1.09924	1.09856	1.06588	1.06825	1.08376	1.08166	1.08316	1.07248	1.06935	1.06171	1.10416	1.06042	1.06098	1.13305	1.06256	1.06309	1.06779	1.08213	1.08202	1.06363	1.05216	1.05537	1.04857	1.0503	1.04476	1.05076
ERR636951	0.829114	0.828446	0.844939	0.8276	0.835237	0.836718	0.830078	0.831027	0.83211	0.830925	0.83193	0.8403	0.845342	0.84004	0.832359	0.835794	0.872403	0.844791	0.923822	0.921768	0.907638	0.89642	0.923155	0.897884	0	0.803453	0.790191	0.792798	0.793227	0.790962	0.876289	0.876893	0.877392	0.899406	0.876484	0.894879	0.911271	0.926991	0.909176	0.925482	0.927847	0.923457	1.059	1.05655	1.05788	1.0456	1.05636	1.05042	1.10017	1.09419	1.10062	1.09881	1.10676	1.10727	1.09592	1.09168	1.09161	1.09039	1.08703	1.0909	1.08789	1.08873	1.0879	1.06967	1.07099	1.07715	1.11529	1.10857	1.11559	1.11999	1.11281	1.11321	1.07505	1.07712	1.08887	1.08701	1.08772	1.07911	1.09756	1.08779	1.12669	1.08598	1.08715	1.14825	1.0747	1.07531	1.08041	1.09352	1.09308	1.07553	1.07326	1.07624	1.07045	1.07193	1.06673	1.07081
ERR636949	0.83889	0.838681	0.853835	0.838011	0.845181	0.846163	0.839805	0.841044	0.841628	0.840564	0.841817	0.849078	0.854126	0.849948	0.842673	0.84608	0.880441	0.853722	0.930049	0.927696	0.91458	0.903989	0.929289	0.905322	0.803453	0	0.800918	0.802479	0.803862	0.802208	0.884915	0.885286	0.885353	0.906527	0.884946	0.902445	0.918991	0.934311	0.917149	0.933124	0.934902	0.930688	1.06538	1.06321	1.06408	1.05237	1.063	1.05694	1.10567	1.09982	1.10566	1.1044	1.11196	1.11172	1.10247	1.09807	1.09817	1.09718	1.09358	1.0976	1.09278	1.09355	1.09269	1.07488	1.0765	1.08235	1.12033	1.11374	1.12111	1.12589	1.1188	1.11857	1.08126	1.08341	1.0955	1.09358	1.09428	1.08578	1.10286	1.09331	1.13137	1.09174	1.09259	1.15271	1.08128	1.08207	1.0868	1.09962	1.09949	1.08248	1.08014	1.08308	1.0772	1.07853	1.07386	1.07802
ERR636954	0.822759	0.822491	0.839496	0.821487	0.829875	0.831154	0.825013	0.825957	0.826785	0.8258	0.826556	0.834949	0.840382	0.834823	0.827341	0.830631	0.867929	0.839764	0.920438	0.91782	0.903676	0.891619	0.919621	0.893453	0.790191	0.800918	0	0.790064	0.785507	0.783254	0.871948	0.872039	0.872419	0.894819	0.87174	0.890582	0.907087	0.923062	0.905133	0.921464	0.923725	0.919815	1.05535	1.05344	1.05432	1.04228	1.05287	1.04705	1.09775	1.09211	1.09823	1.09677	1.10468	1.10477	1.09456	1.09017	1.09027	1.08908	1.08564	1.08965	1.08532	1.0859	1.08519	1.06694	1.06799	1.07427	1.11333	1.10663	1.11371	1.11832	1.11114	1.11155	1.07288	1.07481	1.08698	1.08487	1.08545	1.07709	1.09519	1.08533	1.12485	1.08382	1.08471	1.14659	1.07217	1.07314	1.07812	1.09123	1.09102	1.07332	1.07036	1.07315	1.06749	1.06872	1.06393	1.06791
ERR636950	0.828843	0.828269	0.844747	0.827714	0.835217	0.835588	0.82941	0.830701	0.830751	0.830394	0.831969	0.83974	0.844074	0.840459	0.832002	0.836083	0.872369	0.843523	0.92191	0.918482	0.906038	0.894678	0.920456	0.895499	0.792798	0.802479	0.790064	0	0.793525	0.790786	0.876502	0.875302	0.875907	0.899154	0.876058	0.895238	0.90946	0.927275	0.907238	0.925551	0.92775	0.922178	1.05867	1.05572	1.05735	1.04447	1.05609	1.04978	1.09899	1.09303	1.09842	1.09759	1.10466	1.10482	1.09562	1.09107	1.09109	1.08991	1.08645	1.0905	1.08607	1.08686	1.08577	1.06705	1.06873	1.07463	1.11324	1.10629	1.11446	1.12	1.11172	1.11168	1.07385	1.07607	1.08957	1.08738	1.0884	1.07896	1.09451	1.08502	1.12452	1.08365	1.08465	1.14788	1.0738	1.07428	1.07944	1.09287	1.09247	1.07499	1.07285	1.07592	1.06969	1.07115	1.06633	1.07101
ERR636953	0.826064	0.825252	0.842437	0.824716	0.832838	0.834383	0.828201	0.829331	0.830303	0.828816	0.829628	0.837853	0.843346	0.837558	0.830431	0.833797	0.869846	0.842557	0.922394	0.920158	0.905764	0.894324	0.921663	0.896264	0.793227	0.803862	0.785507	0.793525	0	0.786261	0.875148	0.875554	0.876069	0.898021	0.87495	0.893393	0.909953	0.925454	0.907612	0.923871	0.926198	0.92211	1.0579	1.05576	1.0564	1.0444	1.05512	1.04938	1.09953	1.09379	1.09994	1.09838	1.10628	1.10661	1.09552	1.0914	1.0914	1.0902	1.08671	1.09076	1.08702	1.08785	1.08689	1.06882	1.07025	1.07641	1.1151	1.10813	1.11511	1.11929	1.11269	1.11323	1.07428	1.07648	1.08839	1.08644	1.08674	1.07855	1.09707	1.08721	1.12639	1.08559	1.08665	1.1476	1.07385	1.07462	1.07988	1.09286	1.09228	1.07506	1.07273	1.07566	1.06999	1.07127	1.06651	1.07024
ERR636952	0.82346	0.823151	0.840028	0.822186	0.830557	0.831628	0.826159	0.826934	0.82816	0.827057	0.827548	0.836287	0.841146	0.835138	0.827714	0.831004	0.868327	0.840365	0.921082	0.918814	0.904419	0.892289	0.920661	0.894331	0.790962	0.802208	0.783254	0.790786	0.786261	0	0.873334	0.874234	0.874323	0.896403	0.873189	0.891937	0.90752	0.92319	0.905652	0.921378	0.923859	0.91989	1.05682	1.05468	1.05548	1.04326	1.05372	1.04837	1.09811	1.09227	1.09873	1.09712	1.10476	1.1052	1.09452	1.09038	1.09043	1.08912	1.08563	1.08974	1.08616	1.08707	1.08579	1.06758	1.06887	1.07518	1.11342	1.10682	1.11378	1.11812	1.11124	1.11184	1.07277	1.07508	1.08696	1.08467	1.08543	1.07734	1.09577	1.08581	1.12499	1.08404	1.08502	1.14644	1.07248	1.07302	1.07823	1.09136	1.09104	1.07365	1.07069	1.07367	1.06811	1.06929	1.06445	1.06825
ERR607785	0.863531	0.862775	0.877836	0.862181	0.868725	0.869907	0.851698	0.853047	0.85435	0.852548	0.85386	0.860579	0.883663	0.878853	0.871586	0.874729	0.90962	0.882997	0.899692	0.897959	0.882361	0.870352	0.898961	0.87231	0.876289	0.884915	0.871948	0.876502	0.875148	0.873334	0	0.767588	0.767624	0.792999	0.764933	0.789805	0.895497	0.912832	0.89393	0.911546	0.913077	0.908866	1.03427	1.03171	1.03285	1.02012	1.03171	1.02485	1.09167	1.08518	1.09134	1.09036	1.0976	1.09779	1.08594	1.08131	1.0813	1.07986	1.07621	1.08058	1.08041	1.08108	1.07993	1.06128	1.06249	1.06849	1.10007	1.09311	1.10114	1.10631	1.09835	1.09821	1.0668	1.06886	1.08198	1.07988	1.08056	1.07196	1.0845	1.07464	1.11703	1.07302	1.07371	1.14183	1.06306	1.06379	1.06909	1.08304	1.08303	1.06433	1.04966	1.05268	1.04633	1.04809	1.0422	1.04688
ERR607781	0.863418	0.863353	0.877884	0.862623	0.868881	0.869213	0.851311	0.853187	0.853564	0.852144	0.853955	0.861003	0.882689	0.879348	0.870989	0.874618	0.909777	0.881918	0.89902	0.896372	0.88175	0.870165	0.897514	0.871389	0.876893	0.885286	0.872039	0.875302	0.875554	0.874234	0.767588	0	0.763537	0.795627	0.766915	0.788296	0.894573	0.914091	0.893162	0.912774	0.914321	0.909478	1.03431	1.03067	1.03279	1.01909	1.03157	1.02432	1.09103	1.08429	1.0899	1.08932	1.09662	1.09644	1.08493	1.08024	1.08034	1.07885	1.07495	1.07939	1.07906	1.08005	1.07897	1.05953	1.06132	1.06719	1.09863	1.09145	1.10061	1.10678	1.09765	1.0972	1.06599	1.06808	1.08258	1.08042	1.08158	1.07156	1.0827	1.07322	1.11567	1.07165	1.07248	1.14212	1.06304	1.0637	1.06857	1.08315	1.08302	1.06416	1.04933	1.05263	1.04562	1.04742	1.04208	1.04684
ERR607783	0.864247	0.863755	0.87833	0.862946	0.869412	0.869617	0.851922	0.853852	0.854085	0.852797	0.85488	0.861508	0.88325	0.880068	0.871617	0.875803	0.910593	0.882883	0.899317	0.896672	0.88207	0.870151	0.897867	0.87158	0.877392	0.885353	0.872419	0.875907	0.876069	0.874323	0.767624	0.763537	0	0.795511	0.766923	0.788324	0.894342	0.913726	0.893186	0.912554	0.913774	0.908938	1.0345	1.03079	1.03278	1.01882	1.03168	1.02437	1.09109	1.08415	1.0898	1.08944	1.09627	1.0962	1.08524	1.08014	1.08002	1.0787	1.07502	1.07949	1.07913	1.07991	1.0789	1.05947	1.06108	1.06646	1.09854	1.09129	1.10009	1.10668	1.09749	1.09689	1.06583	1.06789	1.08252	1.08005	1.08141	1.07158	1.08202	1.07289	1.11554	1.0713	1.07213	1.14168	1.06275	1.06327	1.06866	1.08259	1.08252	1.064	1.04935	1.05268	1.0455	1.04704	1.04175	1.04687
ERR607784	0.885416	0.885364	0.896739	0.884502	0.889496	0.890492	0.873073	0.874473	0.875285	0.874261	0.874853	0.879581	0.90598	0.901815	0.895853	0.898424	0.92859	0.905278	0.91721	0.915894	0.901698	0.890761	0.916601	0.893507	0.899406	0.906527	0.894819	0.899154	0.898021	0.896403	0.792999	0.795627	0.795511	0	0.792657	0.811034	0.915033	0.929397	0.913712	0.928419	0.929541	0.926648	1.04851	1.0461	1.04736	1.03586	1.0461	1.04018	1.11362	1.10749	1.11308	1.11197	1.119	1.11898	1.10871	1.10425	1.10432	1.10309	1.09959	1.10371	1.1013	1.10204	1.1011	1.08436	1.08555	1.09065	1.12111	1.11466	1.12226	1.12713	1.11966	1.11975	1.09074	1.09285	1.10493	1.10282	1.10405	1.09557	1.10701	1.09799	1.13652	1.09643	1.09699	1.15938	1.08781	1.08845	1.0934	1.10614	1.10576	1.08905	1.06987	1.07288	1.06706	1.06818	1.06337	1.06774
ERR607786	0.862951	0.862483	0.87763	0.861714	0.868235	0.869293	0.851612	0.853129	0.853859	0.852423	0.853669	0.860814	0.883086	0.878381	0.870918	0.873886	0.909018	0.882359	0.899344	0.897799	0.881847	0.869623	0.898551	0.872247	0.876484	0.884946	0.87174	0.876058	0.87495	0.873189	0.764933	0.766915	0.766923	0.792657	0	0.790106	0.894416	0.911542	0.892766	0.91033	0.911916	0.908197	1.03407	1.03118	1.03251	1.01949	1.03132	1.02453	1.09112	1.08438	1.0904	1.08954	1.09721	1.09703	1.08532	1.0805	1.08066	1.07919	1.07525	1.07993	1.07981	1.08049	1.07941	1.06052	1.06189	1.06769	1.09903	1.09224	1.10054	1.10557	1.09765	1.09754	1.06602	1.06822	1.08144	1.07926	1.0804	1.071	1.08363	1.07398	1.1163	1.07204	1.07289	1.14109	1.06256	1.0633	1.0685	1.08244	1.08233	1.06382	1.04933	1.05269	1.04601	1.0473	1.04199	1.04645
ERR607782	0.881595	0.880852	0.893344	0.880203	0.88548	0.887003	0.869412	0.870719	0.87112	0.870239	0.870087	0.875844	0.902564	0.897303	0.891878	0.893763	0.925485	0.901791	0.914612	0.913796	0.898468	0.887781	0.914497	0.890318	0.894879	0.902445	0.890582	0.895238	0.893393	0.891937	0.789805	0.788296	0.788324	0.811034	0.790106	0	0.911698	0.925453	0.910462	0.924478	0.926441	0.923114	1.04556	1.04348	1.04417	1.03277	1.04282	1.03724	1.10855	1.10279	1.10889	1.10736	1.11493	1.11492	1.10377	1.09983	1.09968	1.09847	1.09479	1.09893	1.09811	1.0987	1.09788	1.08081	1.08175	1.0874	1.11704	1.11044	1.11799	1.12186	1.11504	1.11549	1.08544	1.08745	1.09884	1.09709	1.09794	1.08984	1.10291	1.09375	1.13302	1.0921	1.09274	1.15486	1.08226	1.08308	1.08798	1.10104	1.10052	1.08348	1.06542	1.06853	1.06246	1.06369	1.05877	1.06246
ERR629858	0.893026	0.893102	0.905219	0.892325	0.897366	0.897243	0.898838	0.899099	0.899853	0.89911	0.900723	0.905978	0.910336	0.907782	0.900312	0.904346	0.934348	0.909962	0.929706	0.926318	0.913804	0.901617	0.927803	0.902692	0.911271	0.918991	0.907087	0.90946	0.909953	0.90752	0.895497	0.894573	0.894342	0.915033	0.894416	0.911698	0	0.816676	0.790219	0.814407	0.816767	0.808835	1.04599	1.04213	1.04476	1.03182	1.04343	1.03644	1.10076	1.09407	1.09918	1.09949	1.10555	1.10565	1.09457	1.08937	1.08962	1.08842	1.08467	1.08898	1.0843	1.08536	1.08484	1.06498	1.06684	1.0722	1.10718	1.10051	1.1089	1.11577	1.10615	1.10588	1.07207	1.07423	1.08895	1.08699	1.08834	1.07766	1.08943	1.08095	1.12116	1.07922	1.08029	1.14639	1.07754	1.07776	1.08266	1.09598	1.0959	1.07857	1.06124	1.06443	1.05725	1.05919	1.05383	1.05896
ERR629860	0.90886	0.908561	0.919377	0.907829	0.91231	0.914127	0.915657	0.91553	0.917137	0.91616	0.915858	0.920705	0.926751	0.921717	0.916979	0.919222	0.945943	0.92599	0.946289	0.944839	0.930586	0.919052	0.945906	0.922161	0.926991	0.934311	0.923062	0.927275	0.925454	0.92319	0.912832	0.914091	0.913726	0.929397	0.911542	0.925453	0.816676	0	0.815381	0.826069	0.829052	0.828835	1.05881	1.05753	1.05811	1.04761	1.05643	1.05151	1.11584	1.1105	1.116	1.11517	1.12228	1.12222	1.10996	1.10585	1.106	1.10457	1.10142	1.10491	1.10135	1.10205	1.10142	1.08417	1.08475	1.09082	1.1232	1.11725	1.12356	1.12769	1.12095	1.12161	1.08866	1.09073	1.10179	1.10005	1.10077	1.09248	1.10835	1.09881	1.13637	1.09741	1.09828	1.15661	1.09307	1.09359	1.09849	1.11072	1.11042	1.09414	1.07579	1.07852	1.07289	1.07418	1.0698	1.07305
ERR629856	0.891074	0.890992	0.90284	0.889814	0.895169	0.894923	0.896482	0.897258	0.897692	0.896552	0.898781	0.903924	0.908052	0.905866	0.898155	0.901938	0.932187	0.907583	0.928491	0.925653	0.912616	0.900814	0.926577	0.901779	0.909176	0.917149	0.905133	0.907238	0.907612	0.905652	0.89393	0.893162	0.893186	0.913712	0.892766	0.910462	0.790219	0.815381	0	0.812815	0.815059	0.807048	1.04479	1.04128	1.04367	1.03043	1.04224	1.03538	1.10011	1.09364	1.09843	1.09882	1.10481	1.10499	1.0939	1.08845	1.0888	1.08763	1.08386	1.08805	1.08355	1.08425	1.08363	1.06373	1.06596	1.07105	1.10583	1.09937	1.10805	1.11473	1.10529	1.10512	1.07125	1.07355	1.0883	1.08633	1.08757	1.07734	1.08855	1.07986	1.12037	1.07818	1.07928	1.14567	1.07691	1.07723	1.08216	1.09533	1.09558	1.07791	1.05982	1.06325	1.05615	1.05797	1.05266	1.0579
ERR629861	0.907192	0.906671	0.917783	0.905868	0.910849	0.912485	0.914275	0.91451	0.915944	0.914533	0.914649	0.919268	0.925474	0.920571	0.915628	0.917431	0.945172	0.924776	0.944531	0.943415	0.928526	0.917269	0.944395	0.920196	0.925482	0.933124	0.921464	0.925551	0.923871	0.921378	0.911546	0.912774	0.912554	0.928419	0.91033	0.924478	0.814407	0.826069	0.812815	0	0.826435	0.826555	1.05834	1.05691	1.05802	1.04671	1.05593	1.05094	1.11484	1.10941	1.11521	1.11419	1.12126	1.12128	1.10954	1.10518	1.10542	1.10417	1.10098	1.10434	1.10042	1.10131	1.10053	1.083	1.08396	1.09	1.12297	1.11667	1.12301	1.12721	1.12026	1.12138	1.08749	1.08967	1.1006	1.09873	1.0996	1.0916	1.10772	1.09844	1.13581	1.09636	1.09748	1.1557	1.09212	1.09257	1.09777	1.10972	1.10944	1.09337	1.07496	1.07794	1.07221	1.0733	1.06904	1.07249
ERR629859	0.909303	0.908913	0.919626	0.908252	0.91277	0.914354	0.916218	0.916392	0.917884	0.916482	0.916498	0.921562	0.926818	0.922272	0.917509	0.919686	0.946578	0.926568	0.946062	0.9442	0.930152	0.918727	0.945593	0.921445	0.927847	0.934902	0.923725	0.92775	0.926198	0.923859	0.913077	0.914321	0.913774	0.929541	0.911916	0.926441	0.816767	0.829052	0.815059	0.826435	0	0.828826	1.05933	1.05814	1.05865	1.04793	1.05722	1.05194	1.11617	1.1106	1.11604	1.11547	1.12237	1.12228	1.11033	1.10604	1.10637	1.10502	1.10169	1.10532	1.10143	1.10216	1.10153	1.08417	1.08539	1.09115	1.12327	1.11715	1.12392	1.12803	1.12077	1.12156	1.08896	1.09103	1.10198	1.10037	1.10119	1.09277	1.10824	1.09888	1.13641	1.09754	1.09845	1.15718	1.0937	1.09409	1.09905	1.11088	1.11084	1.09477	1.0762	1.079	1.07313	1.0745	1.06971	1.07332
ERR629857	0.905836	0.905638	0.916404	0.905171	0.909479	0.910333	0.911663	0.911986	0.912727	0.911816	0.912928	0.917289	0.922595	0.919522	0.913055	0.916074	0.944169	0.922412	0.941234	0.939152	0.925888	0.914807	0.940665	0.916573	0.923457	0.930688	0.919815	0.922178	0.92211	0.91989	0.908866	0.909478	0.908938	0.926648	0.908197	0.923114	0.808835	0.828835	0.807048	0.826555	0.828826	0	1.05529	1.05287	1.05463	1.04275	1.05311	1.04714	1.11132	1.10538	1.11061	1.11043	1.11659	1.11684	1.10599	1.10114	1.10135	1.10022	1.09669	1.10081	1.09582	1.09678	1.096	1.0776	1.07902	1.08463	1.11838	1.11201	1.11949	1.12483	1.11689	1.11704	1.08406	1.08623	1.09877	1.09701	1.09816	1.08894	1.10213	1.09306	1.13148	1.0915	1.09256	1.154	1.08898	1.08934	1.09402	1.10664	1.10639	1.09005	1.07238	1.07554	1.06911	1.07075	1.06576	1.07004
ERR630691	1.05074	1.0501	1.06148	1.04978	1.05447	1.05597	1.0403	1.04053	1.04129	1.04027	1.04107	1.0466	1.06665	1.06145	1.05654	1.05768	1.08486	1.06602	1.06127	1.06	1.04754	1.03872	1.06076	1.0407	1.059	1.06538	1.05535	1.05867	1.0579	1.05682	1.03427	1.03431	1.0345	1.04851	1.03407	1.04556	1.04599	1.05881	1.04479	1.05834	1.05933	1.05529	0	0.808618	0.80761	0.794919	0.805479	0.800147	0.995437	0.989411	0.995806	0.994503	1.00356	1.00365	0.996884	0.991974	0.991756	0.990318	0.986307	0.990617	1.0087	1.00985	1.00865	0.988776	0.990151	0.996155	1.00324	0.995523	1.00438	1.01078	1.00172	1.00159	0.957478	0.959118	0.973178	0.971391	0.97265	0.962542	0.971003	0.959537	1.00617	0.957416	0.958065	1.03235	0.946023	0.947231	0.953076	0.969782	0.96929	0.947704	0.95038	0.953401	0.946131	0.948221	0.94189	0.94716
ERR630689	1.04941	1.0489	1.06027	1.0482	1.05318	1.05362	1.0377	1.03868	1.03879	1.03813	1.03955	1.04509	1.0639	1.06051	1.05467	1.05655	1.08347	1.06338	1.05667	1.05463	1.04352	1.03523	1.05552	1.03608	1.05655	1.06321	1.05344	1.05572	1.05576	1.05468	1.03171	1.03067	1.03079	1.0461	1.03118	1.04348	1.04213	1.05753	1.04128	1.05691	1.05814	1.05287	0.808618	0	0.806212	0.787997	0.804935	0.795464	0.991756	0.984097	0.989658	0.989856	0.997208	0.997305	0.993002	0.987146	0.986796	0.985552	0.98159	0.986526	1.00149	1.00261	1.0017	0.980248	0.982804	0.987585	0.996987	0.988817	0.999652	1.00882	0.997351	0.995724	0.952489	0.95508	0.972026	0.970704	0.972259	0.959702	0.962405	0.952247	1.00021	0.950246	0.951028	1.03112	0.942246	0.943375	0.949568	0.966703	0.966677	0.944017	0.947293	0.950372	0.942164	0.944592	0.938209	0.944944
ERR630693	1.04963	1.04923	1.06063	1.04842	1.0537	1.05475	1.03907	1.03908	1.0402	1.03878	1.03991	1.04531	1.06524	1.06062	1.05522	1.05667	1.0838	1.06461	1.05914	1.05812	1.04547	1.03724	1.05888	1.03915	1.05788	1.06408	1.05432	1.05735	1.0564	1.05548	1.03285	1.03279	1.03278	1.04736	1.03251	1.04417	1.04476	1.05811	1.04367	1.05802	1.05865	1.05463	0.80761	0.806212	0	0.792507	0.804095	0.798294	0.994453	0.987578	0.994088	0.993567	1.00197	1.00198	0.996247	0.991423	0.990856	0.989397	0.985548	0.990275	1.00684	1.00811	1.00688	0.986794	0.988277	0.994066	1.00178	0.993807	1.00285	1.0101	1.00032	1.00019	0.955943	0.958221	0.972633	0.971501	0.972038	0.96186	0.969047	0.957876	1.00463	0.955737	0.956583	1.03194	0.944878	0.94647	0.952307	0.968922	0.968718	0.947064	0.949456	0.952516	0.9452	0.94707	0.941197	0.946365
ERR630690	1.03776	1.03724	1.04962	1.03647	1.04187	1.04229	1.02639	1.0265	1.02749	1.02656	1.02828	1.03376	1.05276	1.04887	1.04315	1.04527	1.07324	1.05205	1.04661	1.04434	1.03283	1.02407	1.04558	1.02502	1.0456	1.05237	1.04228	1.04447	1.0444	1.04326	1.02012	1.01909	1.01882	1.03586	1.01949	1.03277	1.03182	1.04761	1.03043	1.04671	1.04793	1.04275	0.794919	0.787997	0.792507	0	0.791129	0.780456	0.97863	0.970556	0.976743	0.977089	0.984748	0.985048	0.979498	0.973092	0.97317	0.9717	0.967455	0.972619	0.990287	0.991641	0.990423	0.967082	0.970118	0.975693	0.984554	0.976028	0.987375	0.996265	0.984935	0.983272	0.938716	0.941188	0.958977	0.957521	0.958788	0.94588	0.94856	0.937627	0.98874	0.93582	0.936208	1.02108	0.926604	0.927433	0.93412	0.952113	0.951874	0.928364	0.933108	0.936546	0.927986	0.930471	0.923557	0.930747
ERR630692	1.04798	1.0474	1.05916	1.04688	1.05184	1.05332	1.03745	1.03773	1.03892	1.03776	1.03837	1.044	1.06404	1.05887	1.05392	1.05488	1.08239	1.06357	1.05916	1.05787	1.04494	1.03637	1.05879	1.03884	1.05636	1.063	1.05287	1.05609	1.05512	1.05372	1.03171	1.03157	1.03168	1.0461	1.03132	1.04282	1.04343	1.05643	1.04224	1.05593	1.05722	1.05311	0.805479	0.804935	0.804095	0.791129	0	0.796148	0.992663	0.98636	0.992962	0.991801	1.00089	1.00106	0.993404	0.988462	0.987895	0.986665	0.982743	0.987522	1.00571	1.00706	1.00578	0.985886	0.987187	0.993234	1.00037	0.99251	1.00106	1.00744	0.998781	0.998434	0.953527	0.955778	0.969818	0.96852	0.969007	0.959091	0.967963	0.956492	1.00348	0.954188	0.955231	1.02988	0.942367	0.943625	0.949849	0.966575	0.966088	0.944075	0.946907	0.950241	0.942612	0.944638	0.938505	0.943618
ERR630688	1.04264	1.04194	1.05383	1.04133	1.04653	1.04742	1.03102	1.03161	1.03234	1.03131	1.03247	1.03819	1.05781	1.05331	1.0479	1.04956	1.07746	1.05711	1.05194	1.05015	1.03806	1.02946	1.05104	1.03096	1.05042	1.05694	1.04705	1.04978	1.04938	1.04837	1.02485	1.02432	1.02437	1.04018	1.02453	1.03724	1.03644	1.05151	1.03538	1.05094	1.05194	1.04714	0.800147	0.795464	0.798294	0.780456	0.796148	0	0.984965	0.977506	0.983877	0.983561	0.991828	0.99188	0.985828	0.980291	0.980235	0.978657	0.974264	0.979431	0.997143	0.998434	0.997266	0.975737	0.977667	0.983163	0.991056	0.982947	0.993244	1.00134	0.990315	0.989266	0.945612	0.947935	0.964299	0.962946	0.964062	0.951854	0.957254	0.946158	0.995826	0.944187	0.94477	1.02549	0.934157	0.935115	0.941314	0.959002	0.95866	0.935745	0.939523	0.942833	0.934556	0.93701	0.929985	0.936851
