	ERR614481	ERR614478	ERR614477	ERR614479	ERR614480	ERR614482	ERR638303	ERR638306	ERR638307	ERR638304	ERR638305	ERR638308	ERR631235	ERR631234	ERR631233	ERR631236	ERR631238	ERR631237	ERR607756	ERR607753	ERR607755	ERR607758	ERR607757	ERR607754	ERR613693	ERR613692	ERR613694	ERR613691	ERR613689	ERR613690	ERR636835	ERR636838	ERR636836	ERR636839	ERR636840	ERR636837	ERR607315	ERR607313	ERR607314	ERR607316	ERR607312	ERR607311	ERR609045	ERR609050	ERR609049	ERR609047	ERR609048	ERR609046	ERR617056	ERR617055	ERR617053	ERR617054	ERR617051	ERR617052	ERR616852	ERR616851	ERR616849	ERR616850	ERR616848	ERR616847	ERR608270	ERR608273	ERR608274	ERR608269	ERR608272	ERR608271	ERR618534	ERR618532	ERR618536	ERR618533	ERR618531	ERR618535	ERR616690	ERR616689	ERR616693	ERR616688	ERR616691	ERR616692	ERR613784	ERR613782	ERR613783	ERR613785	ERR613786	ERR613787	ERR617314	ERR617316	ERR617317	ERR617315	ERR617318	ERR617313	ERR626685	ERR626684	ERR626683	ERR626682	ERR626681	ERR626680
ERR614481	0	0.294515	0.299033	0.308065	0.276562	0.277548	0.509054	0.508712	0.508373	0.507002	0.506747	0.508958	0.449416	0.43063	0.430836	0.425574	0.425207	0.425552	0.410803	0.405055	0.401886	0.413387	0.413586	0.403493	0.403645	0.404742	0.405706	0.418283	0.419053	0.422242	0.399288	0.404145	0.403742	0.405101	0.405846	0.403104	0.326711	0.339876	0.326644	0.326975	0.340265	0.329855	0.404666	0.392884	0.392792	0.401373	0.392597	0.388931	0.548776	0.551818	0.542686	0.549611	0.542129	0.541666	0.541385	0.542277	0.528995	0.541994	0.529833	0.532606	0.524101	0.536279	0.539009	0.518701	0.536795	0.529817	0.561765	0.552164	0.561324	0.555164	0.556494	0.560938	0.519669	0.513729	0.51527	0.514346	0.515786	0.515466	0.514027	0.51243	0.516545	0.512561	0.512836	0.511708	0.574052	0.562026	0.562291	0.571701	0.562838	0.569813	0.501188	0.502091	0.501478	0.503548	0.507476	0.514924
ERR614478	0.294515	0	0.315145	0.272571	0.292986	0.298176	0.497066	0.497041	0.496468	0.505782	0.505433	0.497366	0.417801	0.415132	0.411108	0.408778	0.409279	0.40944	0.385185	0.375149	0.364508	0.388621	0.389351	0.365577	0.388325	0.386747	0.408216	0.39189	0.388525	0.392521	0.363562	0.361214	0.362774	0.361452	0.361006	0.361942	0.33953	0.320116	0.343441	0.335503	0.322227	0.322623	0.41784	0.362859	0.363331	0.363607	0.360855	0.361566	0.553895	0.558464	0.543086	0.555516	0.544535	0.54313	0.523024	0.524218	0.501834	0.52436	0.506109	0.508529	0.507468	0.509826	0.511279	0.51787	0.510079	0.508792	0.555909	0.54573	0.559285	0.547504	0.546377	0.558795	0.531806	0.520519	0.505589	0.522625	0.50668	0.505963	0.498773	0.50073	0.497796	0.499591	0.49947	0.499269	0.58684	0.568086	0.569101	0.584225	0.56907	0.582103	0.493387	0.49171	0.492552	0.492671	0.486597	0.487785
ERR614477	0.299033	0.315145	0	0.335385	0.298513	0.298981	0.521407	0.521889	0.521073	0.514188	0.516192	0.522429	0.477811	0.461971	0.459308	0.452473	0.452669	0.452302	0.418617	0.419001	0.417375	0.419871	0.420262	0.423779	0.41595	0.417651	0.406946	0.423392	0.430096	0.429361	0.412582	0.417929	0.422364	0.419007	0.421338	0.417548	0.351939	0.359148	0.346551	0.353187	0.367193	0.349012	0.379277	0.401789	0.400459	0.416879	0.404772	0.395517	0.557767	0.562503	0.565022	0.560966	0.5583	0.56235	0.537619	0.537913	0.537699	0.537429	0.536457	0.535537	0.540202	0.553979	0.556493	0.521347	0.554646	0.54848	0.591534	0.57766	0.591309	0.581195	0.583711	0.591109	0.537631	0.53117	0.533354	0.530533	0.534053	0.533397	0.523025	0.52144	0.529239	0.523895	0.523609	0.522791	0.594979	0.586859	0.587385	0.592965	0.587891	0.585546	0.516883	0.517903	0.517014	0.512152	0.522529	0.531439
ERR614479	0.308065	0.272571	0.335385	0	0.306499	0.312473	0.497136	0.496959	0.496383	0.510711	0.509738	0.497129	0.407792	0.410727	0.406076	0.405694	0.406214	0.406197	0.384123	0.371063	0.357369	0.388156	0.389028	0.35631	0.389895	0.38763	0.417746	0.392107	0.385456	0.390744	0.358439	0.353086	0.353343	0.352972	0.35148	0.354431	0.348355	0.321299	0.354759	0.342986	0.321131	0.327622	0.435464	0.361438	0.362597	0.357105	0.358228	0.362111	0.560023	0.564575	0.544241	0.561249	0.548259	0.545346	0.524682	0.526265	0.49733	0.526436	0.503245	0.506955	0.50446	0.502342	0.503466	0.523764	0.50254	0.503329	0.551953	0.543364	0.556759	0.544291	0.54189	0.556225	0.53775	0.525148	0.50526	0.527775	0.50647	0.505617	0.498841	0.501967	0.495355	0.499776	0.499622	0.499645	0.59153	0.570219	0.571228	0.588906	0.570968	0.588257	0.494422	0.491571	0.492999	0.494342	0.482997	0.481345
ERR614480	0.276562	0.292986	0.298513	0.306499	0	0.277663	0.509471	0.509086	0.508805	0.50804	0.507741	0.509256	0.448445	0.430357	0.430306	0.424822	0.424692	0.424774	0.410577	0.404376	0.400655	0.413105	0.413313	0.402087	0.404292	0.405236	0.407288	0.41824	0.418772	0.422028	0.398194	0.402666	0.40234	0.40337	0.404325	0.401727	0.327085	0.339177	0.3268	0.327363	0.339514	0.329439	0.405261	0.39239	0.391938	0.400198	0.391753	0.38857	0.548378	0.551537	0.542139	0.5491	0.541608	0.541265	0.541427	0.54251	0.528567	0.542202	0.529561	0.532396	0.524261	0.535912	0.538766	0.519496	0.536398	0.529731	0.561054	0.551609	0.56065	0.554457	0.55558	0.560271	0.52026	0.514303	0.51502	0.514711	0.515641	0.515402	0.514413	0.513202	0.516761	0.513121	0.51344	0.512303	0.574121	0.56185	0.561952	0.571867	0.562587	0.569779	0.501871	0.502554	0.502018	0.504092	0.507316	0.514593
ERR614482	0.277548	0.298176	0.298981	0.312473	0.277663	0	0.511346	0.510623	0.510174	0.508074	0.507958	0.511086	0.452956	0.433248	0.433628	0.427957	0.427622	0.428049	0.413018	0.407955	0.405182	0.415615	0.415732	0.407203	0.40591	0.406961	0.405986	0.42079	0.422129	0.425146	0.402531	0.407976	0.40763	0.408825	0.41004	0.406934	0.327771	0.343225	0.327013	0.32831	0.343669	0.332142	0.403468	0.395764	0.395128	0.404564	0.395604	0.391615	0.549256	0.552226	0.544005	0.549825	0.543013	0.542852	0.54272	0.543614	0.531518	0.543313	0.532023	0.534823	0.526279	0.539369	0.542182	0.519213	0.539687	0.532315	0.563962	0.554274	0.563213	0.557387	0.558936	0.562952	0.519625	0.514364	0.517113	0.514799	0.517727	0.517503	0.515895	0.514151	0.518967	0.514335	0.514778	0.51342	0.574211	0.562977	0.56327	0.572005	0.563841	0.569989	0.502745	0.504008	0.503183	0.505173	0.510065	0.517978
ERR638303	0.509054	0.497066	0.521407	0.497136	0.509471	0.511346	0	0.245827	0.245851	0.261468	0.25965	0.246258	0.383	0.376006	0.372617	0.371501	0.372716	0.37147	0.465289	0.460077	0.457085	0.466671	0.466532	0.457635	0.404349	0.404227	0.422004	0.409469	0.40737	0.409868	0.446211	0.44948	0.44782	0.450224	0.451657	0.447645	0.464182	0.448386	0.4677	0.460751	0.448324	0.451165	0.475501	0.420226	0.419455	0.4219	0.420073	0.420854	0.400557	0.403109	0.390683	0.400723	0.389231	0.391143	0.339997	0.341154	0.319313	0.341681	0.31934	0.323137	0.306647	0.326828	0.330312	0.320904	0.327323	0.314873	0.426493	0.411844	0.425865	0.416545	0.418045	0.425256	0.348318	0.334634	0.322134	0.33745	0.322759	0.322115	0.290386	0.289756	0.291067	0.289343	0.28906	0.289739	0.441702	0.424372	0.4269	0.439201	0.427362	0.436096	0.310812	0.309366	0.309853	0.311585	0.310637	0.320702
ERR638306	0.508712	0.497041	0.521889	0.496959	0.509086	0.510623	0.245827	0	0.243992	0.261716	0.260017	0.244353	0.38161	0.374121	0.371444	0.369853	0.371125	0.369757	0.46573	0.460225	0.457266	0.466955	0.466755	0.457564	0.404687	0.404562	0.422427	0.409923	0.40806	0.410464	0.446683	0.449947	0.448039	0.450648	0.452163	0.448048	0.463632	0.448205	0.467318	0.460249	0.447881	0.451098	0.477269	0.42117	0.420283	0.422691	0.420755	0.421887	0.399812	0.402114	0.389478	0.399794	0.388523	0.389741	0.341462	0.342875	0.320265	0.343233	0.320497	0.324931	0.305959	0.325884	0.329696	0.320745	0.326589	0.314197	0.424128	0.409906	0.423346	0.41469	0.416123	0.422818	0.347014	0.333326	0.320991	0.336419	0.321554	0.320687	0.290468	0.289622	0.290779	0.288589	0.288723	0.289109	0.439791	0.422258	0.42484	0.437307	0.425137	0.434577	0.309139	0.307824	0.308432	0.310526	0.309574	0.319525
ERR638307	0.508373	0.496468	0.521073	0.496383	0.508805	0.510174	0.245851	0.243992	0	0.261498	0.260336	0.244263	0.382051	0.374703	0.371828	0.370438	0.371663	0.370301	0.46289	0.457699	0.455061	0.464123	0.464117	0.455493	0.402632	0.402509	0.420694	0.407688	0.406059	0.408492	0.444368	0.447991	0.446119	0.448717	0.450249	0.445974	0.462936	0.447141	0.466556	0.459469	0.446941	0.450051	0.474938	0.418779	0.418093	0.420602	0.418479	0.419718	0.401839	0.404318	0.391919	0.401912	0.390977	0.392419	0.33847	0.339862	0.318581	0.340281	0.318341	0.322535	0.305544	0.325482	0.329452	0.320041	0.326225	0.31382	0.427398	0.413191	0.426719	0.418084	0.419311	0.426093	0.348401	0.335085	0.322657	0.33795	0.323468	0.322598	0.289125	0.288176	0.289437	0.287399	0.287291	0.28796	0.442475	0.425106	0.427579	0.439699	0.428067	0.436968	0.308614	0.307155	0.307834	0.309629	0.308689	0.319089
ERR638304	0.507002	0.505782	0.514188	0.510711	0.50804	0.508074	0.261468	0.261716	0.261498	0	0.252598	0.262471	0.40861	0.390028	0.389187	0.384319	0.385106	0.383796	0.476391	0.474493	0.474681	0.477194	0.476819	0.476808	0.40794	0.40979	0.410755	0.417225	0.420287	0.420664	0.462168	0.46864	0.467809	0.469668	0.472147	0.466165	0.460671	0.456099	0.461521	0.459153	0.457425	0.454018	0.457383	0.431437	0.430122	0.439433	0.4331	0.430114	0.393526	0.394889	0.398484	0.394003	0.390297	0.396935	0.343841	0.34437	0.346184	0.343945	0.340161	0.341248	0.326863	0.360552	0.365453	0.307558	0.361639	0.342721	0.445117	0.428337	0.440508	0.434859	0.439055	0.439972	0.33537	0.329061	0.337191	0.328947	0.337341	0.336894	0.302616	0.297105	0.311703	0.300028	0.300361	0.299637	0.433959	0.427371	0.429359	0.431761	0.430453	0.425615	0.313262	0.315948	0.314222	0.313186	0.330968	0.349928
ERR638305	0.506747	0.505433	0.516192	0.509738	0.507741	0.507958	0.25965	0.260017	0.260336	0.252598	0	0.260511	0.405744	0.387053	0.386687	0.381892	0.382647	0.381521	0.476563	0.473721	0.473901	0.47738	0.47703	0.47523	0.409799	0.411598	0.414312	0.419938	0.421862	0.423034	0.462118	0.468406	0.466688	0.469403	0.471733	0.465981	0.45941	0.4558	0.460851	0.457747	0.456011	0.453532	0.461674	0.432621	0.431416	0.439115	0.433333	0.431142	0.395717	0.39678	0.396331	0.395683	0.389482	0.394487	0.348209	0.348939	0.3457	0.348622	0.339799	0.342534	0.324606	0.357692	0.362235	0.309965	0.358555	0.339195	0.440584	0.425208	0.436088	0.431093	0.435145	0.435542	0.333615	0.327222	0.336121	0.327818	0.336334	0.335741	0.30291	0.297211	0.310345	0.298853	0.299725	0.298701	0.431066	0.423814	0.425825	0.429456	0.426742	0.424321	0.312396	0.314357	0.312865	0.315127	0.329891	0.347897
ERR638308	0.508958	0.497366	0.522429	0.497129	0.509256	0.511086	0.246258	0.244353	0.244263	0.262471	0.260511	0	0.381829	0.374407	0.371529	0.370441	0.371451	0.370164	0.465471	0.459988	0.457106	0.466815	0.466655	0.45735	0.40471	0.404323	0.422781	0.410053	0.408152	0.41067	0.446578	0.449828	0.447813	0.450419	0.451836	0.447807	0.463713	0.448322	0.467524	0.460199	0.447662	0.451187	0.477706	0.421489	0.420668	0.422785	0.420834	0.422188	0.400756	0.402906	0.389798	0.400548	0.388927	0.390352	0.341386	0.342976	0.320126	0.343268	0.320114	0.324629	0.305166	0.3253	0.329097	0.320942	0.326065	0.313262	0.424577	0.410447	0.423682	0.415092	0.416466	0.42304	0.347096	0.333808	0.321327	0.336643	0.321835	0.321292	0.290402	0.289816	0.290383	0.288534	0.288716	0.288958	0.440423	0.422798	0.425117	0.43774	0.425489	0.435348	0.309323	0.307772	0.308569	0.31124	0.309411	0.319446
ERR631235	0.449416	0.417801	0.477811	0.407792	0.448445	0.452956	0.383	0.38161	0.382051	0.40861	0.405744	0.381829	0	0.266325	0.260739	0.266897	0.267614	0.267623	0.430616	0.413353	0.398263	0.434503	0.434986	0.392884	0.396538	0.393263	0.437148	0.397618	0.384619	0.392485	0.401282	0.393978	0.390424	0.393513	0.391114	0.394672	0.419208	0.38712	0.428958	0.412413	0.38133	0.397884	0.484519	0.381518	0.382535	0.368204	0.375665	0.385349	0.459355	0.462996	0.432134	0.459117	0.441619	0.434698	0.438094	0.440523	0.391027	0.441244	0.402187	0.409695	0.379993	0.37258	0.373844	0.425264	0.372539	0.374308	0.428284	0.423075	0.43368	0.422451	0.418858	0.433371	0.426704	0.410059	0.379438	0.414589	0.380484	0.38024	0.393016	0.397445	0.38362	0.392433	0.392335	0.393165	0.483395	0.453982	0.455874	0.480351	0.455103	0.483835	0.383495	0.378443	0.381176	0.389375	0.364425	0.357523
ERR631234	0.43063	0.415132	0.461971	0.410727	0.430357	0.433248	0.376006	0.374121	0.374703	0.390028	0.387053	0.374407	0.266325	0	0.255419	0.257	0.256372	0.256782	0.436846	0.421192	0.410635	0.440217	0.440304	0.405857	0.390901	0.389484	0.420831	0.401809	0.391636	0.399217	0.411497	0.409756	0.404973	0.409713	0.408654	0.409194	0.395585	0.381594	0.404233	0.390687	0.374065	0.384813	0.467251	0.386718	0.386846	0.379615	0.381381	0.388267	0.437533	0.439348	0.414505	0.436036	0.421427	0.41583	0.440792	0.442959	0.403716	0.443169	0.410268	0.418142	0.378993	0.38666	0.389788	0.406786	0.387068	0.379735	0.419221	0.414215	0.419651	0.415358	0.414844	0.419305	0.39477	0.38333	0.370825	0.386615	0.371118	0.371424	0.390082	0.390171	0.385069	0.386376	0.387082	0.386586	0.452196	0.429385	0.430868	0.449417	0.430467	0.453573	0.369487	0.367248	0.368546	0.379781	0.367412	0.369905
ERR631233	0.430836	0.411108	0.459308	0.406076	0.430306	0.433628	0.372617	0.371444	0.371828	0.389187	0.386687	0.371529	0.260739	0.255419	0	0.25501	0.255113	0.255265	0.429419	0.414032	0.402427	0.432788	0.432851	0.398473	0.38539	0.383659	0.417445	0.393144	0.382947	0.39012	0.403403	0.400433	0.396703	0.400497	0.399425	0.400214	0.397911	0.377776	0.405873	0.392233	0.371986	0.383072	0.463467	0.378086	0.378403	0.37098	0.373682	0.380356	0.439309	0.441932	0.417556	0.438472	0.423947	0.419049	0.432573	0.434837	0.395467	0.435097	0.402755	0.409842	0.376488	0.381469	0.384263	0.405957	0.381764	0.376729	0.423702	0.416989	0.425116	0.418127	0.417116	0.424683	0.400473	0.387654	0.370122	0.391096	0.370691	0.370679	0.385717	0.386886	0.380459	0.383433	0.383561	0.383583	0.459756	0.435944	0.437527	0.456686	0.437121	0.459425	0.368756	0.365893	0.367427	0.37641	0.362431	0.363478
ERR631236	0.425574	0.408778	0.452473	0.405694	0.424822	0.427957	0.371501	0.369853	0.370438	0.384319	0.381892	0.370441	0.266897	0.257	0.25501	0	0.254094	0.254138	0.425961	0.411858	0.401542	0.429139	0.429147	0.398245	0.382443	0.381051	0.411389	0.39068	0.382053	0.388517	0.401983	0.400399	0.397149	0.400639	0.39999	0.400086	0.391831	0.374877	0.399458	0.386891	0.369666	0.378662	0.454092	0.375583	0.375529	0.370382	0.371175	0.376808	0.436348	0.438722	0.417486	0.435707	0.422495	0.418462	0.428436	0.430374	0.395522	0.430622	0.401223	0.408	0.375839	0.383943	0.387088	0.39966	0.384498	0.377983	0.426552	0.419098	0.42706	0.420487	0.420561	0.42678	0.395698	0.383639	0.369955	0.386675	0.370523	0.370676	0.383079	0.383526	0.37952	0.380643	0.381201	0.380803	0.456865	0.435109	0.436626	0.453854	0.436386	0.455909	0.365431	0.363154	0.364361	0.372726	0.362162	0.365232
ERR631238	0.425207	0.409279	0.452669	0.406214	0.424692	0.427622	0.372716	0.371125	0.371663	0.385106	0.382647	0.371451	0.267614	0.256372	0.255113	0.254094	0	0.2542	0.427975	0.413721	0.403687	0.431188	0.431327	0.400189	0.383922	0.382369	0.412544	0.392964	0.384119	0.390843	0.404009	0.402334	0.398825	0.402561	0.401846	0.401881	0.391563	0.375385	0.398856	0.386506	0.369843	0.378899	0.455009	0.377587	0.377701	0.372424	0.3731	0.37897	0.436196	0.438802	0.417389	0.435557	0.422052	0.418136	0.431053	0.433057	0.397973	0.433126	0.403733	0.410473	0.377128	0.385795	0.388949	0.400712	0.386311	0.379235	0.426032	0.418971	0.426226	0.42033	0.420373	0.426012	0.395021	0.383154	0.370667	0.386283	0.370956	0.371206	0.384746	0.385091	0.381424	0.382008	0.382631	0.382088	0.455134	0.433623	0.435106	0.452247	0.43516	0.454498	0.365873	0.36372	0.365129	0.374095	0.363863	0.36718
ERR631237	0.425552	0.40944	0.452302	0.406197	0.424774	0.428049	0.37147	0.369757	0.370301	0.383796	0.381521	0.370164	0.267623	0.256782	0.255265	0.254138	0.2542	0	0.427427	0.413587	0.403507	0.43069	0.430849	0.400238	0.383036	0.381667	0.411575	0.391839	0.383279	0.389874	0.403455	0.402037	0.398796	0.40213	0.401494	0.401487	0.391733	0.375197	0.398812	0.386866	0.36992	0.378679	0.454108	0.377061	0.377024	0.372151	0.372731	0.37823	0.435025	0.437375	0.416597	0.434381	0.421349	0.417582	0.429304	0.431194	0.396665	0.431506	0.402324	0.408793	0.376348	0.384896	0.388064	0.399064	0.385365	0.378451	0.425997	0.418263	0.426257	0.419908	0.419906	0.425785	0.394317	0.382412	0.369601	0.385309	0.370132	0.370148	0.383469	0.383649	0.380062	0.38055	0.381208	0.380914	0.45522	0.433654	0.435234	0.452078	0.435082	0.45411	0.365067	0.362939	0.364021	0.372486	0.362775	0.366112
ERR607756	0.410803	0.385185	0.418617	0.384123	0.410577	0.413018	0.465289	0.46573	0.46289	0.476391	0.476563	0.465471	0.430616	0.436846	0.429419	0.425961	0.427975	0.427427	0	0.23488	0.248252	0.229434	0.229317	0.254337	0.328414	0.325571	0.353023	0.320905	0.324569	0.323965	0.273208	0.289318	0.288331	0.291301	0.297661	0.285741	0.385401	0.351591	0.388845	0.380599	0.358744	0.359502	0.381282	0.304911	0.304963	0.307426	0.302699	0.304786	0.604928	0.609054	0.598428	0.606943	0.597674	0.598492	0.406393	0.406986	0.415479	0.407508	0.405178	0.406734	0.451486	0.455963	0.458655	0.464452	0.456657	0.45331	0.619553	0.608279	0.622451	0.610577	0.608807	0.622211	0.550305	0.537944	0.520241	0.539665	0.522122	0.520635	0.427556	0.431739	0.428043	0.430921	0.429819	0.431044	0.644882	0.629408	0.631502	0.641938	0.63195	0.638868	0.427488	0.42395	0.42536	0.417995	0.412119	0.417754
ERR607753	0.405055	0.375149	0.419001	0.371063	0.404376	0.407955	0.460077	0.460225	0.457699	0.474493	0.473721	0.459988	0.413353	0.421192	0.414032	0.411858	0.413721	0.413587	0.23488	0	0.238055	0.235791	0.23652	0.240998	0.327582	0.323601	0.359498	0.320846	0.320207	0.321953	0.267175	0.279739	0.276716	0.281151	0.286008	0.276677	0.379491	0.34323	0.384769	0.373526	0.347537	0.352578	0.391878	0.300476	0.30116	0.297716	0.29649	0.301445	0.594635	0.598425	0.584155	0.596155	0.585347	0.584733	0.412349	0.413554	0.411207	0.414191	0.404215	0.407187	0.445316	0.446484	0.448921	0.46522	0.446861	0.445245	0.601415	0.591837	0.604817	0.593519	0.591136	0.604598	0.542116	0.529206	0.509129	0.531343	0.510989	0.509657	0.426467	0.431234	0.424651	0.429739	0.428641	0.429895	0.631852	0.614375	0.616475	0.628931	0.616715	0.627066	0.42554	0.421245	0.423035	0.418333	0.40753	0.410277
ERR607755	0.401886	0.364508	0.417375	0.357369	0.400655	0.405182	0.457085	0.457266	0.455061	0.474681	0.473901	0.457106	0.398263	0.410635	0.402427	0.401542	0.403687	0.403507	0.248252	0.238055	0	0.250714	0.252045	0.235646	0.331153	0.32638	0.369195	0.321109	0.316506	0.319282	0.267362	0.270932	0.269541	0.271448	0.274491	0.269699	0.381261	0.337105	0.387492	0.374482	0.341471	0.350353	0.402872	0.297957	0.29894	0.290868	0.29368	0.300646	0.582176	0.586585	0.570112	0.583987	0.572317	0.57138	0.419983	0.421443	0.408607	0.422554	0.406414	0.408992	0.444542	0.440479	0.442021	0.470148	0.440793	0.442617	0.584423	0.574793	0.588997	0.57618	0.573157	0.588777	0.538159	0.524068	0.499209	0.526373	0.501018	0.49961	0.429747	0.435654	0.426071	0.433485	0.432336	0.433921	0.621276	0.601628	0.603698	0.618119	0.603776	0.616283	0.430439	0.425553	0.427791	0.423278	0.408201	0.406989
ERR607758	0.413387	0.388621	0.419871	0.388156	0.413105	0.415615	0.466671	0.466955	0.464123	0.477194	0.47738	0.466815	0.434503	0.440217	0.432788	0.429139	0.431188	0.43069	0.229434	0.235791	0.250714	0	0.228684	0.257341	0.329265	0.326415	0.352388	0.321618	0.326325	0.325154	0.27512	0.292369	0.291035	0.294073	0.300713	0.288207	0.387316	0.354135	0.390603	0.382742	0.361552	0.361852	0.379945	0.306675	0.306594	0.310087	0.304714	0.30621	0.607168	0.611189	0.601281	0.60915	0.600074	0.601243	0.405009	0.4055	0.416122	0.406098	0.405328	0.406401	0.452617	0.457889	0.460597	0.464018	0.458489	0.454841	0.623401	0.611778	0.626126	0.614271	0.612424	0.62588	0.55191	0.539699	0.522602	0.541328	0.524355	0.522801	0.427609	0.431892	0.428715	0.431096	0.430129	0.431445	0.647379	0.63234	0.634499	0.644445	0.634999	0.641063	0.427721	0.424577	0.425835	0.417737	0.413101	0.419463
ERR607757	0.413586	0.389351	0.420262	0.389028	0.413313	0.415732	0.466532	0.466755	0.464117	0.476819	0.47703	0.466655	0.434986	0.440304	0.432851	0.429147	0.431327	0.430849	0.229317	0.23652	0.252045	0.228684	0	0.258629	0.328781	0.326253	0.351396	0.321725	0.32654	0.325275	0.275768	0.293599	0.292072	0.295343	0.302126	0.289386	0.386978	0.354404	0.39007	0.382541	0.361939	0.361922	0.379224	0.30724	0.307047	0.310988	0.305412	0.306618	0.607607	0.611604	0.601781	0.60951	0.600575	0.60172	0.404937	0.405304	0.416756	0.405947	0.405811	0.406965	0.452389	0.458034	0.460878	0.463534	0.458616	0.454733	0.623857	0.612341	0.626514	0.614848	0.612976	0.626255	0.551679	0.539593	0.522859	0.541163	0.524627	0.523056	0.427272	0.431358	0.428488	0.43071	0.429654	0.430945	0.647554	0.632642	0.634844	0.644693	0.635137	0.641323	0.426991	0.423735	0.425081	0.417113	0.412735	0.419385
ERR607754	0.403493	0.365577	0.423779	0.35631	0.402087	0.407203	0.457635	0.457564	0.455493	0.476808	0.47523	0.45735	0.392884	0.405857	0.398473	0.398245	0.400189	0.400238	0.254337	0.240998	0.235646	0.257341	0.258629	0	0.334648	0.329981	0.375672	0.326897	0.320173	0.324277	0.27024	0.272889	0.268952	0.273052	0.275229	0.271738	0.381011	0.33854	0.388585	0.373762	0.340009	0.351513	0.412342	0.302411	0.303892	0.291823	0.29632	0.305798	0.582383	0.586372	0.566838	0.583673	0.570516	0.568313	0.427012	0.428647	0.41086	0.429678	0.409372	0.413422	0.443671	0.438227	0.439706	0.473439	0.438472	0.440265	0.578165	0.570196	0.582873	0.570985	0.567681	0.582596	0.536532	0.522493	0.497787	0.525168	0.499586	0.498335	0.431917	0.437704	0.426509	0.434681	0.433705	0.43512	0.617611	0.597023	0.599078	0.614556	0.599154	0.614215	0.430696	0.425597	0.427979	0.426135	0.408135	0.405655
ERR613693	0.403645	0.388325	0.41595	0.389895	0.404292	0.40591	0.404349	0.404687	0.402632	0.40794	0.409799	0.40471	0.396538	0.390901	0.38539	0.382443	0.383922	0.383036	0.328414	0.327582	0.331153	0.329265	0.328781	0.334648	0	0.249976	0.274669	0.258246	0.261612	0.262272	0.322106	0.333681	0.331735	0.334816	0.338903	0.329768	0.377264	0.35329	0.379551	0.372901	0.357667	0.357403	0.38101	0.315991	0.314621	0.323653	0.317043	0.316673	0.520482	0.52413	0.517894	0.521859	0.51471	0.51754	0.396615	0.396826	0.401195	0.39648	0.394407	0.395506	0.413837	0.429478	0.433165	0.41481	0.430189	0.420685	0.547756	0.534196	0.54857	0.538484	0.537944	0.548139	0.472642	0.463175	0.452479	0.464277	0.453913	0.452533	0.391895	0.391404	0.395989	0.39244	0.392379	0.392371	0.562343	0.549914	0.55151	0.55957	0.552235	0.555016	0.383817	0.383585	0.384148	0.378019	0.382858	0.39517
ERR613692	0.404742	0.386747	0.417651	0.38763	0.405236	0.406961	0.404227	0.404562	0.402509	0.40979	0.411598	0.404323	0.393263	0.389484	0.383659	0.381051	0.382369	0.381667	0.325571	0.323601	0.32638	0.326415	0.326253	0.329981	0.249976	0	0.278527	0.255346	0.257474	0.259151	0.31799	0.328593	0.326965	0.329838	0.333716	0.325106	0.378666	0.352183	0.381366	0.373749	0.356259	0.357115	0.38481	0.313436	0.312445	0.319696	0.314394	0.31481	0.521105	0.524698	0.517658	0.522482	0.514947	0.517407	0.395185	0.395441	0.3978	0.395402	0.391435	0.392803	0.412341	0.426034	0.429722	0.416265	0.426736	0.418471	0.546493	0.533025	0.547606	0.536941	0.536365	0.54715	0.47434	0.464255	0.451793	0.465552	0.452912	0.451641	0.39122	0.391473	0.394279	0.392183	0.391857	0.39213	0.56349	0.550255	0.551719	0.560668	0.55256	0.556274	0.384244	0.383377	0.384176	0.377906	0.380649	0.391745
ERR613694	0.405706	0.408216	0.406946	0.417746	0.407288	0.405986	0.422004	0.422427	0.420694	0.410755	0.414312	0.422781	0.437148	0.420831	0.417445	0.411389	0.412544	0.411575	0.353023	0.359498	0.369195	0.352388	0.351396	0.375672	0.274669	0.278527	0	0.289877	0.303457	0.300103	0.358926	0.375285	0.375018	0.377102	0.382357	0.370773	0.379872	0.374163	0.376912	0.378792	0.381074	0.37035	0.354632	0.345901	0.343255	0.363726	0.350262	0.343022	0.528541	0.531732	0.53593	0.530338	0.528137	0.534065	0.408776	0.408075	0.432314	0.407321	0.420816	0.419553	0.438272	0.464139	0.468661	0.413221	0.465233	0.450681	0.573035	0.557495	0.571667	0.56305	0.564479	0.571002	0.474943	0.469911	0.472502	0.469259	0.473618	0.472228	0.410752	0.406678	0.4213	0.410318	0.410206	0.409262	0.571032	0.565172	0.566397	0.568492	0.567666	0.561096	0.39805	0.400929	0.399583	0.390608	0.411521	0.430573
ERR613691	0.418283	0.39189	0.423392	0.392107	0.41824	0.42079	0.409469	0.409923	0.407688	0.417225	0.419938	0.410053	0.397618	0.401809	0.393144	0.39068	0.392964	0.391839	0.320905	0.320846	0.321109	0.321618	0.321725	0.326897	0.258246	0.255346	0.289877	0	0.25008	0.248788	0.313083	0.320214	0.322049	0.32127	0.325392	0.317321	0.395358	0.357181	0.39809	0.390121	0.365461	0.366761	0.387607	0.309864	0.308967	0.315916	0.311733	0.312205	0.52873	0.533724	0.528639	0.531458	0.524321	0.528444	0.386817	0.387098	0.390975	0.387246	0.385426	0.384152	0.416425	0.42501	0.42751	0.422097	0.425725	0.421521	0.557802	0.542157	0.560562	0.546292	0.545063	0.560016	0.489791	0.47718	0.458579	0.478734	0.4602	0.458368	0.391989	0.394623	0.394992	0.395516	0.394669	0.395541	0.578396	0.56395	0.56592	0.575325	0.566578	0.568898	0.392665	0.391111	0.392274	0.381057	0.381403	0.389205
ERR613689	0.419053	0.388525	0.430096	0.385456	0.418772	0.422129	0.40737	0.40806	0.406059	0.420287	0.421862	0.408152	0.384619	0.391636	0.382947	0.382053	0.384119	0.383279	0.324569	0.320207	0.316506	0.326325	0.32654	0.320173	0.261612	0.257474	0.303457	0.25008	0	0.246333	0.30995	0.313983	0.314378	0.314689	0.317492	0.311391	0.396737	0.355411	0.400584	0.390374	0.361339	0.366843	0.402225	0.308101	0.307588	0.309549	0.309289	0.312752	0.523897	0.528853	0.518909	0.526164	0.516945	0.51961	0.392799	0.393572	0.386862	0.393987	0.384476	0.384173	0.412831	0.416601	0.418634	0.428101	0.417305	0.41529	0.544634	0.530673	0.548019	0.534112	0.532075	0.547693	0.487472	0.474185	0.451411	0.476031	0.453017	0.451167	0.393015	0.396457	0.392935	0.396241	0.395401	0.396617	0.572043	0.555035	0.556975	0.56896	0.557449	0.563753	0.393746	0.390967	0.392668	0.384296	0.37836	0.382927
ERR613690	0.422242	0.392521	0.429361	0.390744	0.422028	0.425146	0.409868	0.410464	0.408492	0.420664	0.423034	0.41067	0.392485	0.399217	0.39012	0.388517	0.390843	0.389874	0.323965	0.321953	0.319282	0.325154	0.325275	0.324277	0.262272	0.259151	0.300103	0.248788	0.246333	0	0.312279	0.317087	0.318686	0.318029	0.321449	0.314396	0.400879	0.359064	0.403663	0.394967	0.366673	0.370375	0.397475	0.309146	0.30867	0.313595	0.312079	0.313904	0.526872	0.532077	0.525218	0.529688	0.521851	0.525713	0.389151	0.389481	0.388271	0.389791	0.385063	0.3832	0.416263	0.421407	0.423122	0.427353	0.421804	0.419928	0.552978	0.537813	0.556314	0.541753	0.53985	0.555955	0.491702	0.478691	0.456188	0.480233	0.458029	0.456077	0.393901	0.397244	0.395535	0.398004	0.396986	0.398427	0.577814	0.561769	0.563902	0.574583	0.564356	0.568483	0.396137	0.393654	0.39552	0.384475	0.381258	0.386664
ERR636835	0.399288	0.363562	0.412582	0.358439	0.398194	0.402531	0.446211	0.446683	0.444368	0.462168	0.462118	0.446578	0.401282	0.411497	0.403403	0.401983	0.404009	0.403455	0.273208	0.267175	0.267362	0.27512	0.275768	0.27024	0.322106	0.31799	0.358926	0.313083	0.30995	0.312279	0	0.243956	0.242061	0.245264	0.248244	0.241179	0.381348	0.339454	0.387039	0.375172	0.344741	0.351119	0.393457	0.293941	0.295065	0.289786	0.291231	0.295794	0.569083	0.573493	0.558509	0.570921	0.559688	0.559147	0.411968	0.412949	0.404452	0.41359	0.400494	0.403181	0.439298	0.438324	0.440252	0.460603	0.438758	0.438789	0.578647	0.567901	0.582855	0.569724	0.567142	0.582544	0.526504	0.512523	0.488821	0.514921	0.49068	0.489376	0.417166	0.422175	0.414439	0.420989	0.420103	0.421135	0.612201	0.593419	0.595503	0.609214	0.595633	0.606438	0.420902	0.416488	0.418511	0.413174	0.400537	0.401701
ERR636838	0.404145	0.361214	0.417929	0.353086	0.402666	0.407976	0.44948	0.449947	0.447991	0.46864	0.468406	0.449828	0.393978	0.409756	0.400433	0.400399	0.402334	0.402037	0.289318	0.279739	0.270932	0.292369	0.293599	0.272889	0.333681	0.328593	0.375285	0.320214	0.313983	0.317087	0.243956	0	0.240457	0.23802	0.239015	0.239031	0.391211	0.342321	0.397553	0.384422	0.347699	0.357514	0.409788	0.299669	0.301053	0.290657	0.295876	0.303293	0.563996	0.56901	0.551806	0.566138	0.553802	0.553101	0.423064	0.424572	0.405942	0.425544	0.406402	0.408715	0.444194	0.437639	0.438323	0.471107	0.437709	0.441733	0.568526	0.557962	0.574152	0.559253	0.555967	0.573833	0.529407	0.513976	0.485514	0.516595	0.487548	0.486124	0.425567	0.431993	0.420859	0.429887	0.428719	0.430435	0.608803	0.587955	0.590024	0.605805	0.589983	0.603079	0.431839	0.426705	0.429024	0.424005	0.406895	0.403396
ERR636836	0.403742	0.362774	0.422364	0.353343	0.40234	0.40763	0.44782	0.448039	0.446119	0.467809	0.466688	0.447813	0.390424	0.404973	0.396703	0.397149	0.398825	0.398796	0.288331	0.276716	0.269541	0.291035	0.292072	0.268952	0.331735	0.326965	0.375018	0.322049	0.314378	0.318686	0.242061	0.240457	0	0.240913	0.241688	0.239396	0.387546	0.341994	0.394752	0.380532	0.344575	0.356042	0.413614	0.300877	0.302353	0.290073	0.296151	0.304818	0.564853	0.569328	0.549654	0.566404	0.553152	0.551355	0.424711	0.426194	0.405845	0.427071	0.405685	0.409517	0.440498	0.434327	0.43531	0.470382	0.434565	0.437482	0.565129	0.555942	0.570456	0.557069	0.553628	0.570126	0.526288	0.511522	0.483952	0.514331	0.486018	0.484714	0.423475	0.429648	0.41783	0.426933	0.426174	0.427549	0.606066	0.584756	0.586833	0.603026	0.586796	0.601552	0.427318	0.422169	0.424784	0.421954	0.403419	0.400205
ERR636839	0.405101	0.361452	0.419007	0.352972	0.40337	0.408825	0.450224	0.450648	0.448717	0.469668	0.469403	0.450419	0.393513	0.409713	0.400497	0.400639	0.402561	0.40213	0.291301	0.281151	0.271448	0.294073	0.295343	0.273052	0.334816	0.329838	0.377102	0.32127	0.314689	0.318029	0.245264	0.23802	0.240913	0	0.238658	0.239691	0.39231	0.343127	0.398856	0.385307	0.348389	0.358513	0.411665	0.300775	0.302277	0.291385	0.296829	0.304541	0.564071	0.569095	0.551546	0.566188	0.553661	0.552794	0.424749	0.426122	0.406483	0.427167	0.407324	0.409682	0.444953	0.437816	0.438506	0.47237	0.437973	0.442332	0.567981	0.557453	0.573705	0.558765	0.555326	0.573414	0.529846	0.514395	0.485761	0.517105	0.487763	0.486237	0.42684	0.433429	0.421947	0.431101	0.429933	0.431671	0.608631	0.587451	0.589623	0.60552	0.589511	0.602985	0.433065	0.427747	0.430213	0.425495	0.407852	0.403958
ERR636840	0.405846	0.361006	0.421338	0.35148	0.404325	0.41004	0.451657	0.452163	0.450249	0.472147	0.471733	0.451836	0.391114	0.408654	0.399425	0.39999	0.401846	0.401494	0.297661	0.286008	0.274491	0.300713	0.302126	0.275229	0.338903	0.333716	0.382357	0.325392	0.317492	0.321449	0.248244	0.239015	0.241688	0.238658	0	0.240852	0.394199	0.3441	0.401141	0.387045	0.348806	0.360096	0.417529	0.303812	0.305462	0.29283	0.299641	0.307827	0.562895	0.567931	0.549233	0.564966	0.552057	0.550683	0.429897	0.43149	0.408658	0.432466	0.410617	0.413239	0.446438	0.438049	0.438371	0.47608	0.438009	0.443188	0.564024	0.554028	0.570132	0.554883	0.551352	0.569794	0.530279	0.514532	0.4848	0.517452	0.486998	0.48539	0.429969	0.436589	0.424348	0.434027	0.433038	0.43475	0.606961	0.585144	0.587249	0.604017	0.587161	0.601598	0.436161	0.430715	0.433325	0.429123	0.410031	0.404991
ERR636837	0.403104	0.361942	0.417548	0.354431	0.401727	0.406934	0.447645	0.448048	0.445974	0.466165	0.465981	0.447807	0.394672	0.409194	0.400214	0.400086	0.401881	0.401487	0.285741	0.276677	0.269699	0.288207	0.289386	0.271738	0.329768	0.325106	0.370773	0.317321	0.311391	0.314396	0.241179	0.239031	0.239396	0.239691	0.240852	0	0.388817	0.341229	0.395027	0.381987	0.346724	0.355815	0.406674	0.297526	0.299094	0.289757	0.294297	0.3015	0.563839	0.568637	0.552061	0.565893	0.553989	0.55342	0.419261	0.420721	0.404281	0.421558	0.403902	0.406055	0.441973	0.436437	0.437493	0.46821	0.436635	0.439956	0.569826	0.559128	0.575102	0.560696	0.557532	0.574792	0.527597	0.512692	0.484901	0.515132	0.486889	0.485255	0.422344	0.428578	0.418019	0.426553	0.425608	0.427131	0.608551	0.58811	0.590282	0.605532	0.590291	0.602882	0.428133	0.423023	0.42553	0.420163	0.403983	0.401532
ERR607315	0.326711	0.33953	0.351939	0.348355	0.327085	0.327771	0.464182	0.463632	0.462936	0.460671	0.45941	0.463713	0.419208	0.395585	0.397911	0.391831	0.391563	0.391733	0.385401	0.379491	0.381261	0.387316	0.386978	0.381011	0.377264	0.378666	0.379872	0.395358	0.396737	0.400879	0.381348	0.391211	0.387546	0.39231	0.394199	0.388817	0	0.29024	0.272533	0.269455	0.286292	0.277638	0.377411	0.357967	0.356851	0.364915	0.355078	0.352799	0.525584	0.527337	0.517287	0.525109	0.517097	0.516102	0.494079	0.494821	0.486929	0.494577	0.483732	0.488151	0.472038	0.490901	0.494767	0.465285	0.491357	0.478994	0.53823	0.530088	0.536173	0.533278	0.535081	0.535948	0.47633	0.471713	0.478609	0.472557	0.479224	0.479022	0.465715	0.462295	0.468884	0.46213	0.463038	0.461357	0.542103	0.532149	0.53262	0.540133	0.533085	0.540141	0.444217	0.446046	0.44473	0.449968	0.456295	0.468016
ERR607313	0.339876	0.320116	0.359148	0.321299	0.339177	0.343225	0.448386	0.448205	0.447141	0.456099	0.4558	0.448322	0.38712	0.381594	0.377776	0.374877	0.375385	0.375197	0.351591	0.34323	0.337105	0.354135	0.354404	0.33854	0.35329	0.352183	0.374163	0.357181	0.355411	0.359064	0.339454	0.342321	0.341994	0.343127	0.3441	0.341229	0.29024	0	0.296075	0.284864	0.263965	0.266597	0.382009	0.315823	0.315461	0.318157	0.313217	0.314535	0.526926	0.530825	0.518318	0.528152	0.518666	0.518194	0.464394	0.465577	0.451404	0.465713	0.452031	0.454506	0.452426	0.460017	0.462689	0.461355	0.460628	0.4557	0.535949	0.525371	0.538074	0.527823	0.527523	0.537708	0.490882	0.479539	0.466469	0.481487	0.46781	0.466681	0.444147	0.445475	0.444725	0.444616	0.444363	0.44409	0.558624	0.541835	0.543239	0.555818	0.543089	0.553984	0.434577	0.433243	0.433616	0.433052	0.430121	0.435188
ERR607314	0.326644	0.343441	0.346551	0.354759	0.3268	0.327013	0.4677	0.467318	0.466556	0.461521	0.460851	0.467524	0.428958	0.404233	0.405873	0.399458	0.398856	0.398812	0.388845	0.384769	0.387492	0.390603	0.39007	0.388585	0.379551	0.381366	0.376912	0.39809	0.400584	0.403663	0.387039	0.397553	0.394752	0.398856	0.401141	0.395027	0.272533	0.296075	0	0.2732	0.294405	0.281597	0.369338	0.361515	0.360147	0.371599	0.360679	0.356513	0.525968	0.52784	0.521648	0.525948	0.519936	0.520149	0.493858	0.494427	0.491346	0.494071	0.487527	0.490991	0.477493	0.497894	0.50199	0.465483	0.498523	0.485813	0.545409	0.536252	0.542864	0.539817	0.541916	0.542704	0.47803	0.474311	0.482325	0.474208	0.482757	0.482725	0.468797	0.465121	0.473833	0.465747	0.466469	0.464944	0.545583	0.537222	0.537748	0.543478	0.538362	0.542634	0.448117	0.450038	0.448533	0.452512	0.461936	0.474789
ERR607316	0.326975	0.335503	0.353187	0.342986	0.327363	0.32831	0.460751	0.460249	0.459469	0.459153	0.457747	0.460199	0.412413	0.390687	0.392233	0.386891	0.386506	0.386866	0.380599	0.373526	0.374482	0.382742	0.382541	0.373762	0.372901	0.373749	0.378792	0.390121	0.390374	0.394967	0.375172	0.384422	0.380532	0.385307	0.387045	0.381987	0.269455	0.284864	0.2732	0	0.280737	0.273688	0.379993	0.352083	0.351413	0.35787	0.348892	0.34758	0.524566	0.526525	0.515469	0.524467	0.515715	0.514365	0.490485	0.491454	0.481626	0.491279	0.478974	0.483623	0.467807	0.485071	0.488987	0.464308	0.485636	0.473905	0.535346	0.527247	0.53366	0.530232	0.53152	0.533477	0.476367	0.470806	0.475252	0.471613	0.475937	0.475495	0.461764	0.459095	0.464345	0.458593	0.459236	0.457758	0.542193	0.531004	0.531556	0.540179	0.53193	0.540399	0.441601	0.442642	0.441715	0.44699	0.451615	0.462347
ERR607312	0.340265	0.322227	0.367193	0.321131	0.339514	0.343669	0.448324	0.447881	0.446941	0.457425	0.456011	0.447662	0.38133	0.374065	0.371986	0.369666	0.369843	0.36992	0.358744	0.347537	0.341471	0.361552	0.361939	0.340009	0.357667	0.356259	0.381074	0.365461	0.361339	0.366673	0.344741	0.347699	0.344575	0.348389	0.348806	0.346724	0.286292	0.263965	0.294405	0.280737	0	0.267106	0.394856	0.323271	0.323197	0.322106	0.319095	0.322713	0.52546	0.528738	0.512147	0.525971	0.514714	0.51238	0.473314	0.474593	0.455259	0.474902	0.456481	0.460761	0.451099	0.45856	0.461426	0.464279	0.459185	0.453353	0.526762	0.518219	0.528423	0.520225	0.519513	0.528214	0.485997	0.475188	0.463626	0.477593	0.464782	0.464054	0.447021	0.447733	0.445867	0.446013	0.446106	0.445743	0.550751	0.533132	0.534262	0.548193	0.534211	0.548321	0.433651	0.432421	0.432983	0.436057	0.430499	0.435196
ERR607311	0.329855	0.322623	0.349012	0.327622	0.329439	0.332142	0.451165	0.451098	0.450051	0.454018	0.453532	0.451187	0.397884	0.384813	0.383072	0.378662	0.378899	0.378679	0.359502	0.352578	0.350353	0.361852	0.361922	0.351513	0.357403	0.357115	0.37035	0.366761	0.366843	0.370375	0.351119	0.357514	0.356042	0.358513	0.360096	0.355815	0.277638	0.266597	0.281597	0.273688	0.267106	0	0.372451	0.326463	0.325813	0.331903	0.324298	0.323275	0.52327	0.526504	0.515984	0.524011	0.515499	0.515149	0.471272	0.472118	0.461808	0.472129	0.460522	0.463549	0.457112	0.469892	0.473007	0.458371	0.470443	0.462252	0.53617	0.525967	0.536676	0.528802	0.529484	0.53636	0.48279	0.473815	0.468521	0.475045	0.469441	0.468774	0.448797	0.448251	0.450815	0.44821	0.447859	0.447294	0.550543	0.536521	0.537659	0.548118	0.537849	0.546635	0.434982	0.435006	0.434746	0.435595	0.437095	0.445352
ERR609045	0.404666	0.41784	0.379277	0.435464	0.405261	0.403468	0.475501	0.477269	0.474938	0.457383	0.461674	0.477706	0.484519	0.467251	0.463467	0.454092	0.455009	0.454108	0.381282	0.391878	0.402872	0.379945	0.379224	0.412342	0.38101	0.38481	0.354632	0.387607	0.402225	0.397475	0.393457	0.409788	0.413614	0.411665	0.417529	0.406674	0.377411	0.382009	0.369338	0.379993	0.394856	0.372451	0	0.347066	0.344174	0.372483	0.353896	0.336662	0.552805	0.557521	0.569322	0.556861	0.55796	0.565731	0.448744	0.447446	0.481761	0.44626	0.469348	0.465902	0.490359	0.516193	0.520026	0.448394	0.517382	0.504801	0.609549	0.592764	0.607882	0.597643	0.601072	0.607701	0.509945	0.505618	0.514419	0.503399	0.515475	0.514431	0.460374	0.456021	0.473173	0.461775	0.461339	0.460623	0.60097	0.597883	0.599128	0.599112	0.600386	0.588627	0.453715	0.456837	0.454368	0.443133	0.467613	0.48542
ERR609050	0.392884	0.362859	0.401789	0.361438	0.39239	0.395764	0.420226	0.42117	0.418779	0.431437	0.432621	0.421489	0.381518	0.386718	0.378086	0.375583	0.377587	0.377061	0.304911	0.300476	0.297957	0.306675	0.30724	0.302411	0.315991	0.313436	0.345901	0.309864	0.308101	0.309146	0.293941	0.299669	0.300877	0.300775	0.303812	0.297526	0.357967	0.315823	0.361515	0.352083	0.323271	0.326463	0.347066	0	0.245686	0.251066	0.247158	0.249067	0.528762	0.533837	0.524432	0.531353	0.522899	0.524504	0.399768	0.400365	0.397104	0.400706	0.393915	0.394305	0.421102	0.426458	0.428748	0.432913	0.427051	0.424664	0.549432	0.536166	0.552762	0.539065	0.537548	0.552507	0.492478	0.479073	0.457541	0.480752	0.459405	0.457878	0.400645	0.403685	0.401423	0.403842	0.402973	0.403782	0.576162	0.559188	0.561241	0.573042	0.561435	0.56848	0.40156	0.398722	0.399708	0.392407	0.387796	0.393157
ERR609049	0.392792	0.363331	0.400459	0.362597	0.391938	0.395128	0.419455	0.420283	0.418093	0.430122	0.431416	0.420668	0.382535	0.386846	0.378403	0.375529	0.377701	0.377024	0.304963	0.30116	0.29894	0.306594	0.307047	0.303892	0.314621	0.312445	0.343255	0.308967	0.307588	0.30867	0.295065	0.301053	0.302353	0.302277	0.305462	0.299094	0.356851	0.315461	0.360147	0.351413	0.323197	0.325813	0.344174	0.245686	0	0.252667	0.247754	0.248766	0.527902	0.532946	0.524326	0.53053	0.52239	0.524322	0.39847	0.398901	0.397331	0.399486	0.39395	0.393979	0.420619	0.427076	0.429475	0.430889	0.427693	0.424652	0.549992	0.536435	0.553061	0.539553	0.538172	0.552772	0.491101	0.477913	0.45713	0.479439	0.459019	0.457401	0.399627	0.402759	0.400841	0.403094	0.402044	0.403124	0.575517	0.55899	0.56109	0.572454	0.561353	0.567606	0.400402	0.398016	0.398811	0.39121	0.387597	0.39377
