	ERR618451	ERR618452	ERR618448	ERR618447	ERR618449	ERR618450	ERR612595	ERR612598	ERR612596	ERR612597	ERR612600	ERR612599	ERR613108	ERR613109	ERR613111	ERR613112	ERR613110	ERR613107	ERR636724	ERR636725	ERR636721	ERR636726	ERR636722	ERR636723	ERR608963	ERR608961	ERR608965	ERR608966	ERR608964	ERR608962	ERR636781	ERR636786	ERR636784	ERR636783	ERR636785	ERR636782	ERR613356	ERR613354	ERR613355	ERR613353	ERR613358	ERR613357	ERR605682	ERR605679	ERR605680	ERR605681	ERR605677	ERR605678	ERR614539	ERR614541	ERR614540	ERR614537	ERR614538	ERR614542	ERR611351	ERR611350	ERR611352	ERR611348	ERR611349	ERR611347	ERR616786	ERR616781	ERR616782	ERR616783	ERR616785	ERR616784	ERR614999	ERR614998	ERR614996	ERR614995	ERR614994	ERR614997	ERR612533	ERR612531	ERR612532	ERR612534	ERR612530	ERR612529	ERR612856	ERR612858	ERR612859	ERR612857	ERR612860	ERR612855	ERR612289	ERR612288	ERR612287	ERR612290	ERR612292	ERR612291	ERR613788	ERR613791	ERR613790	ERR613793	ERR613792	ERR613789
ERR618451	0	0.255484	0.273653	0.258378	0.261683	0.255742	0.383216	0.390433	0.397939	0.377659	0.392027	0.388292	0.357044	0.355899	0.405401	0.411809	0.416427	0.355	0.331627	0.331288	0.342445	0.330115	0.333592	0.334972	0.350669	0.404456	0.362162	0.364657	0.361082	0.355822	0.344777	0.342234	0.341131	0.340572	0.340708	0.336027	0.367129	0.363774	0.356099	0.352552	0.405061	0.363207	0.485211	0.486701	0.494547	0.481623	0.472977	0.485559	0.456655	0.437935	0.437769	0.454638	0.451917	0.441951	0.453797	0.463844	0.452749	0.455659	0.452694	0.454116	0.457208	0.453546	0.445337	0.445858	0.458597	0.458458	0.445431	0.445079	0.454881	0.451139	0.45431	0.445435	0.464684	0.463403	0.464137	0.464497	0.469746	0.46473	0.493164	0.480926	0.489974	0.464053	0.485707	0.461858	0.612803	0.611405	0.60748	0.534465	0.534911	0.531014	0.427664	0.424099	0.43702	0.424216	0.424483	0.424855
ERR618452	0.255484	0	0.27525	0.258625	0.262229	0.256429	0.383701	0.392092	0.399646	0.378479	0.393601	0.389936	0.35678	0.355649	0.406765	0.413192	0.417881	0.354514	0.331158	0.330793	0.342373	0.329545	0.333316	0.334724	0.350447	0.405608	0.363596	0.366047	0.362528	0.356034	0.345934	0.342295	0.341156	0.340729	0.340652	0.336601	0.368917	0.364931	0.357233	0.352647	0.407071	0.36468	0.487578	0.488786	0.497014	0.483917	0.475	0.487692	0.457636	0.437551	0.437204	0.455219	0.45245	0.441749	0.452816	0.462957	0.451667	0.454698	0.451664	0.453079	0.456607	0.452975	0.444722	0.44517	0.458194	0.458094	0.445216	0.44475	0.455448	0.45159	0.454699	0.445198	0.464148	0.46268	0.463937	0.464202	0.469353	0.463666	0.493759	0.481323	0.490421	0.463691	0.486068	0.46113	0.614007	0.61268	0.608522	0.535001	0.535176	0.531342	0.426897	0.423834	0.437435	0.424018	0.424439	0.424567
ERR618448	0.273653	0.27525	0	0.272014	0.264355	0.271344	0.408515	0.398867	0.397305	0.393712	0.399767	0.396371	0.360996	0.359743	0.378638	0.383248	0.387428	0.368377	0.341948	0.342057	0.342274	0.342439	0.341688	0.340946	0.359898	0.377122	0.349708	0.350719	0.34978	0.356107	0.337205	0.342903	0.342218	0.340329	0.341999	0.340251	0.363181	0.357048	0.358188	0.36373	0.380231	0.361535	0.471577	0.476468	0.486377	0.468152	0.469998	0.476488	0.447999	0.44797	0.4471	0.446092	0.445048	0.444219	0.458908	0.460421	0.458103	0.458478	0.45959	0.458239	0.450855	0.450041	0.447597	0.450839	0.451843	0.452249	0.454166	0.452114	0.452003	0.448871	0.449483	0.453195	0.467349	0.470959	0.46763	0.467296	0.467453	0.478878	0.479749	0.475254	0.480751	0.46535	0.478314	0.469091	0.624274	0.62343	0.625539	0.558341	0.5604	0.554295	0.439737	0.431282	0.427701	0.431628	0.431931	0.431668
ERR618447	0.258378	0.258625	0.272014	0	0.259828	0.26006	0.392547	0.402083	0.40896	0.386231	0.404053	0.399843	0.350193	0.349216	0.404993	0.410973	0.417175	0.348753	0.32249	0.322096	0.333638	0.320899	0.325282	0.325689	0.34379	0.399336	0.360072	0.362776	0.358406	0.348416	0.340449	0.334999	0.333851	0.33358	0.33321	0.331048	0.370828	0.363447	0.354656	0.350548	0.408012	0.366293	0.495115	0.497858	0.507215	0.491143	0.484558	0.496601	0.456793	0.434073	0.433829	0.453943	0.451012	0.436296	0.444762	0.452846	0.443898	0.447179	0.444754	0.445573	0.446368	0.442491	0.436213	0.436846	0.447753	0.447659	0.442254	0.441954	0.454219	0.449389	0.452707	0.442702	0.460799	0.457597	0.460866	0.461271	0.465985	0.460338	0.49279	0.48188	0.491092	0.46062	0.486773	0.458058	0.624092	0.622815	0.618506	0.54074	0.540575	0.537218	0.420869	0.418948	0.431481	0.419055	0.419514	0.418502
ERR618449	0.261683	0.262229	0.264355	0.259828	0	0.26119	0.395344	0.395762	0.398865	0.384886	0.397057	0.393243	0.354575	0.353346	0.392165	0.397743	0.402736	0.357125	0.331251	0.331184	0.337724	0.330591	0.332918	0.33289	0.350637	0.388519	0.354289	0.356175	0.353638	0.351356	0.337912	0.337836	0.33694	0.335952	0.336469	0.334506	0.36558	0.35914	0.354916	0.355343	0.393862	0.362445	0.481104	0.484534	0.494093	0.477613	0.474214	0.484079	0.45191	0.439655	0.438922	0.449212	0.447081	0.439193	0.452388	0.457979	0.451544	0.453841	0.452866	0.45272	0.449618	0.447245	0.442266	0.444108	0.450929	0.450934	0.44667	0.445539	0.45225	0.448328	0.450251	0.446529	0.463847	0.463819	0.463898	0.463953	0.466654	0.468666	0.486098	0.47777	0.485416	0.462165	0.481993	0.462389	0.622383	0.621408	0.620063	0.548433	0.549372	0.544628	0.429803	0.424891	0.429999	0.424979	0.425377	0.424895
ERR618450	0.255742	0.256429	0.271344	0.26006	0.26119	0	0.38445	0.388379	0.394394	0.37767	0.389709	0.386394	0.358276	0.357027	0.40033	0.406631	0.410885	0.357775	0.335134	0.334764	0.3435	0.333716	0.336088	0.337466	0.353284	0.401471	0.360373	0.362521	0.359667	0.357076	0.343612	0.343474	0.342329	0.341122	0.341656	0.337068	0.363913	0.361502	0.355918	0.353336	0.399651	0.360708	0.480306	0.481547	0.489651	0.476942	0.469219	0.480778	0.454381	0.439348	0.438865	0.452293	0.449808	0.442724	0.455822	0.465022	0.454607	0.456694	0.454422	0.455441	0.457732	0.454695	0.44683	0.447879	0.459109	0.459234	0.446792	0.446048	0.453813	0.450373	0.453255	0.44656	0.464601	0.464747	0.464169	0.464208	0.468664	0.466901	0.490106	0.478551	0.486886	0.463709	0.482915	0.462415	0.610207	0.60897	0.606167	0.535283	0.536197	0.531674	0.430015	0.425126	0.435876	0.425508	0.425642	0.426251
ERR612595	0.383216	0.383701	0.408515	0.392547	0.395344	0.38445	0	0.292254	0.310081	0.271518	0.29413	0.290455	0.429214	0.427892	0.470574	0.478113	0.479092	0.419043	0.45058	0.449411	0.475002	0.446325	0.457	0.45965	0.465684	0.524804	0.479267	0.481664	0.47894	0.477613	0.475454	0.473659	0.471409	0.470651	0.470045	0.462003	0.384067	0.392551	0.38309	0.374497	0.431295	0.381684	0.431867	0.429682	0.435351	0.428146	0.407192	0.4265	0.499135	0.487434	0.488008	0.499506	0.496591	0.498448	0.539749	0.561412	0.53846	0.547835	0.537946	0.543765	0.554027	0.548835	0.53433	0.530092	0.556309	0.554966	0.477555	0.477378	0.482475	0.483054	0.486056	0.476747	0.513236	0.513097	0.510944	0.51172	0.518278	0.505551	0.531697	0.513891	0.52247	0.510334	0.518689	0.50684	0.571977	0.570588	0.562388	0.511173	0.511376	0.509047	0.494052	0.490702	0.510513	0.491852	0.491315	0.495356
ERR612598	0.390433	0.392092	0.398867	0.402083	0.395762	0.388379	0.292254	0	0.280169	0.281489	0.274461	0.272798	0.438646	0.436766	0.443425	0.449999	0.448341	0.437278	0.466635	0.465993	0.481186	0.464016	0.469272	0.471387	0.479699	0.510004	0.47032	0.471532	0.471304	0.484667	0.470526	0.478838	0.476895	0.47406	0.475602	0.467295	0.36969	0.383091	0.384762	0.387436	0.398929	0.370633	0.38866	0.387767	0.392331	0.386636	0.372468	0.385015	0.488833	0.50223	0.502326	0.49093	0.490046	0.507398	0.553748	0.570017	0.552429	0.558077	0.552043	0.555517	0.559833	0.557413	0.545958	0.544177	0.561672	0.561112	0.491026	0.488596	0.479178	0.482563	0.483063	0.488554	0.517902	0.526088	0.515725	0.515875	0.517686	0.52479	0.515697	0.50316	0.507511	0.51449	0.506163	0.517546	0.560313	0.559972	0.561954	0.526527	0.530588	0.523811	0.513104	0.502029	0.507456	0.503813	0.502995	0.508167
ERR612596	0.397939	0.399646	0.397305	0.40896	0.398865	0.394394	0.310081	0.280169	0	0.293795	0.279493	0.278822	0.44299	0.441354	0.432388	0.437713	0.435397	0.445775	0.473476	0.47298	0.483511	0.47161	0.474749	0.476661	0.485541	0.502061	0.467137	0.467956	0.468753	0.487421	0.469068	0.481444	0.479897	0.476341	0.478637	0.470626	0.368214	0.381244	0.388294	0.395371	0.386796	0.370486	0.376525	0.37603	0.380868	0.374857	0.365577	0.374022	0.487308	0.510207	0.509878	0.489854	0.48987	0.512622	0.559506	0.572826	0.558341	0.562333	0.55805	0.560439	0.561898	0.560348	0.550654	0.550018	0.563655	0.563346	0.498498	0.495306	0.480601	0.48492	0.484213	0.49579	0.52163	0.53253	0.5197	0.519578	0.518532	0.533872	0.51067	0.501846	0.504211	0.517789	0.504024	0.523374	0.564002	0.563848	0.570121	0.539603	0.544828	0.536464	0.521852	0.508431	0.507315	0.51019	0.509563	0.514641
ERR612597	0.377659	0.378479	0.393712	0.386231	0.384886	0.37767	0.271518	0.281489	0.293795	0	0.283476	0.279372	0.421617	0.420137	0.450483	0.45767	0.458146	0.416369	0.446042	0.445017	0.467054	0.4426	0.452291	0.453423	0.461347	0.507095	0.466396	0.468221	0.466192	0.469519	0.464659	0.465858	0.463767	0.462271	0.462505	0.455775	0.37026	0.377841	0.371939	0.369234	0.409144	0.368964	0.411941	0.412622	0.419326	0.408163	0.393181	0.40921	0.488831	0.486285	0.48637	0.489336	0.487288	0.492377	0.536589	0.554391	0.535425	0.544474	0.536472	0.540794	0.545448	0.541821	0.529817	0.526602	0.547492	0.546342	0.474946	0.473755	0.473776	0.474756	0.476569	0.473617	0.508477	0.510462	0.506622	0.507103	0.51128	0.507313	0.519661	0.505161	0.512056	0.505105	0.509365	0.505041	0.574413	0.573718	0.570113	0.520367	0.521804	0.517762	0.494073	0.488064	0.49995	0.48929	0.48873	0.49235
ERR612600	0.392027	0.393601	0.399767	0.404053	0.397057	0.389709	0.29413	0.274461	0.279493	0.283476	0	0.273325	0.440589	0.438676	0.443354	0.449625	0.447972	0.43971	0.468684	0.467771	0.482432	0.466206	0.470938	0.473108	0.481116	0.510016	0.470783	0.47151	0.471455	0.485754	0.470882	0.479889	0.478057	0.47514	0.476841	0.468241	0.370128	0.384121	0.386534	0.389592	0.398439	0.371409	0.387776	0.386212	0.390666	0.385473	0.371578	0.383634	0.489723	0.504355	0.504372	0.491962	0.491265	0.509562	0.555848	0.572078	0.554709	0.559991	0.554057	0.557636	0.561912	0.559704	0.548225	0.546578	0.563731	0.563336	0.493264	0.490709	0.480754	0.484358	0.484766	0.490874	0.519517	0.528096	0.517235	0.517284	0.51874	0.526852	0.515994	0.503743	0.50779	0.515862	0.506673	0.519411	0.559506	0.559163	0.561815	0.528211	0.532592	0.525444	0.515411	0.503975	0.509026	0.505747	0.505094	0.510257
ERR612599	0.388292	0.389936	0.396371	0.399843	0.393243	0.386394	0.290455	0.272798	0.278822	0.279372	0.273325	0	0.435	0.433141	0.440169	0.446667	0.445258	0.434101	0.463207	0.462512	0.477782	0.460634	0.466126	0.46814	0.476534	0.506494	0.467429	0.468408	0.468229	0.481278	0.467539	0.475716	0.473764	0.47116	0.4726	0.464514	0.366787	0.379516	0.381336	0.38417	0.395867	0.367694	0.388898	0.388209	0.393153	0.386516	0.373163	0.385569	0.487922	0.500935	0.500799	0.489965	0.48913	0.505612	0.55148	0.567546	0.55024	0.556041	0.550057	0.553516	0.557551	0.555242	0.543965	0.542164	0.55938	0.558812	0.489965	0.487457	0.478372	0.481723	0.482093	0.487549	0.516441	0.524197	0.514082	0.514419	0.516067	0.523107	0.51454	0.50246	0.506792	0.512955	0.505463	0.515976	0.562277	0.562001	0.563966	0.527114	0.531178	0.524354	0.511509	0.500585	0.505798	0.502143	0.501597	0.506583
ERR613108	0.357044	0.35678	0.360996	0.350193	0.354575	0.358276	0.429214	0.438646	0.44299	0.421617	0.440589	0.435	0	0.246704	0.329247	0.336651	0.346961	0.25038	0.330889	0.331119	0.332198	0.331809	0.330713	0.329856	0.375664	0.422272	0.394365	0.396372	0.391898	0.377199	0.359304	0.351906	0.351589	0.3515	0.351053	0.352274	0.332281	0.315513	0.305132	0.301468	0.368775	0.32644	0.508847	0.51338	0.524503	0.504597	0.503062	0.513543	0.439351	0.417142	0.416353	0.435176	0.432719	0.415712	0.40044	0.400335	0.399789	0.398241	0.400625	0.398808	0.39456	0.392581	0.390453	0.393452	0.39537	0.395869	0.441572	0.441353	0.453333	0.447151	0.4496	0.442631	0.402905	0.40152	0.404153	0.404419	0.406435	0.409615	0.444151	0.437987	0.446931	0.410863	0.442522	0.4097	0.62616	0.624811	0.621917	0.5313	0.530575	0.527239	0.397568	0.39588	0.403479	0.395884	0.396332	0.393537
ERR613109	0.355899	0.355649	0.359743	0.349216	0.353346	0.357027	0.427892	0.436766	0.441354	0.420137	0.438676	0.433141	0.246704	0	0.327557	0.335283	0.345121	0.251239	0.331675	0.331823	0.33244	0.332624	0.331528	0.330649	0.375788	0.422092	0.393789	0.395852	0.391413	0.377422	0.359216	0.352473	0.35205	0.351894	0.351494	0.352624	0.329684	0.314124	0.302988	0.299949	0.366451	0.324403	0.506345	0.511163	0.522006	0.50217	0.50068	0.511113	0.437993	0.41623	0.415569	0.433723	0.431501	0.414468	0.400516	0.400507	0.399741	0.398384	0.400775	0.398798	0.39466	0.393019	0.390671	0.393646	0.395461	0.395931	0.440553	0.440297	0.451843	0.445869	0.448478	0.44157	0.401486	0.400329	0.403012	0.403011	0.405511	0.409031	0.442843	0.436049	0.445196	0.409775	0.440988	0.408886	0.623765	0.622529	0.619646	0.529226	0.528746	0.525287	0.397252	0.39533	0.40269	0.395116	0.395935	0.392989
ERR613111	0.405401	0.406765	0.378638	0.404993	0.392165	0.40033	0.470574	0.443425	0.432388	0.450483	0.443354	0.440169	0.329247	0.327557	0	0.264755	0.266968	0.353118	0.412523	0.413249	0.393528	0.415807	0.405486	0.404726	0.444738	0.415758	0.410992	0.409592	0.411934	0.432946	0.389054	0.409878	0.409955	0.405607	0.40966	0.408574	0.33205	0.326873	0.344216	0.363651	0.30841	0.334337	0.468469	0.475432	0.485706	0.466405	0.481256	0.478429	0.440106	0.473518	0.471846	0.440158	0.44248	0.462633	0.4686	0.457592	0.467996	0.458329	0.468173	0.462543	0.444104	0.449481	0.453803	0.462456	0.444064	0.446035	0.49271	0.489134	0.473379	0.473058	0.470175	0.491058	0.439502	0.460412	0.440672	0.439336	0.427686	0.478361	0.420517	0.430579	0.428084	0.442701	0.42979	0.457503	0.613824	0.61402	0.625854	0.567449	0.573311	0.562886	0.469321	0.450468	0.424159	0.451627	0.452182	0.452656
ERR613112	0.411809	0.413192	0.383248	0.410973	0.397743	0.406631	0.478113	0.449999	0.437713	0.45767	0.449625	0.446667	0.336651	0.335283	0.264755	0	0.267014	0.361213	0.418128	0.418969	0.398031	0.421658	0.4108	0.410029	0.449514	0.415468	0.413517	0.411925	0.414838	0.437001	0.392672	0.414498	0.414493	0.40991	0.414208	0.413416	0.339255	0.333784	0.35213	0.372177	0.310945	0.341613	0.472352	0.47964	0.489854	0.470219	0.486645	0.48272	0.444844	0.479847	0.478119	0.444914	0.44739	0.468437	0.474051	0.462061	0.47352	0.463382	0.473636	0.467873	0.448385	0.454014	0.459152	0.468067	0.448139	0.450128	0.498837	0.494997	0.478323	0.477913	0.474945	0.497002	0.445	0.466409	0.446248	0.444781	0.432535	0.484899	0.423615	0.434973	0.431988	0.448451	0.434098	0.463541	0.61831	0.61849	0.631202	0.573998	0.579896	0.569511	0.475417	0.456426	0.428222	0.457516	0.457901	0.458463
ERR613110	0.416427	0.417881	0.387428	0.417175	0.402736	0.410885	0.479092	0.448341	0.435397	0.458146	0.447972	0.445258	0.346961	0.345121	0.266968	0.267014	0	0.370977	0.427195	0.428114	0.407004	0.43063	0.41964	0.419164	0.456956	0.420169	0.418488	0.416801	0.419934	0.444256	0.398951	0.422303	0.422348	0.417742	0.422121	0.42053	0.341946	0.338823	0.358273	0.378852	0.311029	0.345088	0.468559	0.475109	0.484867	0.466867	0.482877	0.478461	0.4473	0.485508	0.483932	0.447789	0.450259	0.474705	0.48271	0.471503	0.481999	0.471655	0.481808	0.476204	0.457595	0.463235	0.467682	0.476567	0.457691	0.459569	0.504109	0.500071	0.481715	0.482183	0.479085	0.502139	0.450959	0.473451	0.451834	0.4505	0.437786	0.491498	0.425457	0.436972	0.432926	0.453764	0.435786	0.469382	0.615747	0.616058	0.629661	0.576219	0.58254	0.571551	0.483011	0.462988	0.434757	0.464521	0.464609	0.465736
ERR613107	0.355	0.354514	0.368377	0.348753	0.357125	0.357775	0.419043	0.437278	0.445775	0.416369	0.43971	0.434101	0.25038	0.251239	0.353118	0.361213	0.370977	0	0.328639	0.328709	0.336976	0.328468	0.330522	0.330801	0.373956	0.437396	0.403868	0.406403	0.400972	0.380586	0.369024	0.356184	0.355438	0.356825	0.35495	0.355223	0.342432	0.327346	0.311252	0.300546	0.388129	0.335669	0.51543	0.518415	0.528895	0.511153	0.504886	0.518134	0.445014	0.411973	0.411734	0.440509	0.43733	0.415392	0.398147	0.403711	0.397237	0.398065	0.397247	0.397556	0.400695	0.396141	0.390514	0.391295	0.401699	0.401689	0.436115	0.436943	0.454426	0.447747	0.451519	0.437895	0.405495	0.399191	0.406442	0.406987	0.412823	0.402325	0.455547	0.445012	0.455919	0.413335	0.450467	0.407911	0.623384	0.621794	0.615304	0.52197	0.519986	0.518307	0.391587	0.393932	0.411258	0.39378	0.394274	0.391442
ERR636724	0.331627	0.331158	0.341948	0.32249	0.331251	0.335134	0.45058	0.466635	0.473476	0.446042	0.468684	0.463207	0.330889	0.331675	0.412523	0.418128	0.427195	0.328639	0	0.235171	0.246192	0.235812	0.239018	0.237738	0.317017	0.388207	0.355098	0.358395	0.351884	0.3229	0.319922	0.297745	0.297338	0.300739	0.297527	0.302134	0.404875	0.389095	0.376117	0.368511	0.440642	0.398363	0.561279	0.565016	0.575057	0.5575	0.553222	0.564746	0.477025	0.43936	0.43907	0.471755	0.468114	0.440229	0.397223	0.398392	0.396421	0.396628	0.397306	0.39588	0.404007	0.397802	0.395573	0.397211	0.404593	0.404595	0.461228	0.462779	0.48303	0.47455	0.4791	0.463395	0.450439	0.440226	0.451887	0.452268	0.458208	0.444093	0.501092	0.493186	0.503639	0.457323	0.498373	0.451174	0.672652	0.671326	0.664875	0.573522	0.57096	0.569884	0.404578	0.411128	0.427511	0.409909	0.411148	0.406254
ERR636725	0.331288	0.330793	0.342057	0.322096	0.331184	0.334764	0.449411	0.465993	0.47298	0.445017	0.467771	0.462512	0.331119	0.331823	0.413249	0.418969	0.428114	0.328709	0.235171	0	0.246816	0.235619	0.239381	0.237947	0.316684	0.38865	0.355133	0.358496	0.352162	0.322722	0.320412	0.298041	0.29743	0.301055	0.297747	0.302258	0.404712	0.389085	0.375802	0.36781	0.440812	0.398303	0.560977	0.564561	0.574678	0.557118	0.552659	0.564272	0.477074	0.439107	0.438811	0.47184	0.468103	0.440268	0.397649	0.399008	0.396821	0.397123	0.397619	0.396366	0.404611	0.398233	0.395931	0.397484	0.40526	0.405272	0.460812	0.462384	0.482757	0.474366	0.478904	0.463073	0.450812	0.440459	0.452338	0.452793	0.45884	0.444303	0.501588	0.493518	0.504037	0.457672	0.498705	0.451377	0.672701	0.671339	0.664788	0.573315	0.570742	0.569706	0.404643	0.411384	0.428052	0.410087	0.411401	0.406535
ERR636721	0.342445	0.342373	0.342274	0.333638	0.337724	0.3435	0.475002	0.481186	0.483511	0.467054	0.482432	0.477782	0.332198	0.33244	0.393528	0.398031	0.407004	0.336976	0.246192	0.246816	0	0.249485	0.23846	0.23833	0.31881	0.368682	0.340427	0.343438	0.337865	0.317801	0.299937	0.288036	0.28778	0.288987	0.288281	0.291817	0.403975	0.38961	0.381764	0.379631	0.430965	0.399023	0.567072	0.570581	0.580329	0.563779	0.562524	0.570844	0.476204	0.449259	0.448548	0.471488	0.468997	0.447318	0.399561	0.394633	0.398852	0.392006	0.397929	0.394022	0.397189	0.393456	0.394111	0.399102	0.397348	0.398198	0.475964	0.476568	0.490831	0.483397	0.486829	0.477636	0.448512	0.443593	0.450206	0.450555	0.453418	0.451731	0.492652	0.487864	0.496515	0.456607	0.492257	0.453662	0.676307	0.675182	0.672191	0.584721	0.583775	0.580996	0.412719	0.414222	0.422308	0.413078	0.414419	0.409854
ERR636726	0.330115	0.329545	0.342439	0.320899	0.330591	0.333716	0.446325	0.464016	0.47161	0.4426	0.466206	0.460634	0.331809	0.332624	0.415807	0.421658	0.43063	0.328468	0.235812	0.235619	0.249485	0	0.240254	0.23907	0.317356	0.391717	0.357616	0.361268	0.35455	0.324356	0.323146	0.300039	0.299554	0.30312	0.299747	0.304081	0.404912	0.389356	0.375603	0.366984	0.442197	0.398377	0.56039	0.564019	0.57395	0.556361	0.551453	0.563483	0.477386	0.438301	0.438014	0.472123	0.468408	0.439824	0.398059	0.400403	0.397352	0.398359	0.398336	0.397289	0.406078	0.399513	0.396724	0.397932	0.406749	0.406614	0.459344	0.460932	0.482001	0.473457	0.478253	0.461543	0.451233	0.440369	0.452553	0.453159	0.459458	0.443565	0.502691	0.494083	0.504725	0.457787	0.499429	0.451093	0.671505	0.670042	0.663113	0.571203	0.568473	0.567647	0.403863	0.411136	0.428842	0.409924	0.41098	0.406285
ERR636722	0.333592	0.333316	0.341688	0.325282	0.332918	0.336088	0.457	0.469272	0.474749	0.452291	0.470938	0.466126	0.330713	0.331528	0.405486	0.4108	0.41964	0.330522	0.239018	0.239381	0.23846	0.240254	0	0.235587	0.316339	0.383801	0.348858	0.352134	0.345952	0.320878	0.309151	0.291994	0.291409	0.293626	0.291812	0.293533	0.401635	0.388338	0.377478	0.370958	0.437094	0.396004	0.561986	0.564572	0.573927	0.558638	0.553546	0.564257	0.474869	0.441489	0.441124	0.470307	0.466935	0.442804	0.39602	0.396718	0.395288	0.391106	0.393768	0.391727	0.401653	0.395945	0.393556	0.396322	0.401922	0.402377	0.466	0.467293	0.484755	0.477362	0.481732	0.467831	0.446911	0.439358	0.448225	0.448634	0.453813	0.443986	0.496134	0.488287	0.49822	0.455278	0.49336	0.4495	0.665932	0.664503	0.659042	0.570268	0.568638	0.56684	0.404977	0.409334	0.424656	0.408223	0.409361	0.405223
ERR636723	0.334972	0.334724	0.340946	0.325689	0.33289	0.337466	0.45965	0.471387	0.476661	0.453423	0.473108	0.46814	0.329856	0.330649	0.404726	0.410029	0.419164	0.330801	0.237738	0.237947	0.23833	0.23907	0.235587	0	0.316467	0.38052	0.348518	0.351862	0.345608	0.319672	0.310729	0.292241	0.291777	0.293915	0.292208	0.296102	0.403403	0.388168	0.377124	0.371632	0.43635	0.397572	0.562542	0.56652	0.576328	0.559028	0.555799	0.566196	0.47545	0.441966	0.441482	0.470401	0.467385	0.441295	0.395584	0.394219	0.394884	0.392292	0.39512	0.392613	0.39902	0.393795	0.392769	0.39553	0.399347	0.399794	0.465733	0.466982	0.484544	0.476686	0.480912	0.467691	0.448054	0.439712	0.449601	0.450058	0.454718	0.445579	0.496791	0.489958	0.499748	0.455775	0.494846	0.451073	0.672226	0.67083	0.665788	0.576144	0.574216	0.572454	0.405836	0.410675	0.423686	0.409295	0.41061	0.405855
ERR608963	0.350669	0.350447	0.359898	0.34379	0.350637	0.353284	0.465684	0.479699	0.485541	0.461347	0.481116	0.476534	0.375664	0.375788	0.444738	0.449514	0.456956	0.373956	0.317017	0.316684	0.31881	0.317356	0.316339	0.316467	0	0.32613	0.285335	0.289257	0.281828	0.252159	0.307043	0.290226	0.289488	0.291744	0.289287	0.292229	0.434786	0.422111	0.410521	0.403805	0.467207	0.429256	0.579742	0.582885	0.591812	0.575993	0.571919	0.582631	0.529237	0.491117	0.490481	0.524524	0.521232	0.493413	0.460279	0.463212	0.459614	0.46026	0.460024	0.459579	0.468242	0.463372	0.459887	0.461163	0.468825	0.468931	0.510148	0.511794	0.532589	0.524741	0.529087	0.512255	0.503418	0.493278	0.504372	0.505129	0.511648	0.49578	0.554775	0.545722	0.555901	0.511499	0.550702	0.504847	0.70412	0.702565	0.694299	0.605446	0.60211	0.60221	0.461455	0.46741	0.484545	0.466456	0.467494	0.463583
ERR608961	0.404456	0.405608	0.377122	0.399336	0.388519	0.401471	0.524804	0.510004	0.502061	0.507095	0.510016	0.506494	0.422272	0.422092	0.415758	0.415468	0.420169	0.437396	0.388207	0.38865	0.368682	0.391717	0.383801	0.38052	0.32613	0	0.284513	0.28245	0.284852	0.304604	0.33292	0.344178	0.345077	0.34318	0.345027	0.351811	0.454349	0.440489	0.446168	0.45665	0.441636	0.453312	0.571883	0.58124	0.591779	0.568676	0.58287	0.582805	0.535209	0.534335	0.532742	0.531351	0.53117	0.524072	0.506285	0.494046	0.505802	0.501878	0.50914	0.503788	0.491275	0.493542	0.499954	0.506954	0.491301	0.492378	0.550603	0.54906	0.550448	0.54444	0.544007	0.550572	0.532892	0.535429	0.534676	0.534478	0.530771	0.548928	0.547022	0.551899	0.55493	0.536185	0.553306	0.541681	0.731175	0.730478	0.733298	0.661212	0.661639	0.656931	0.515743	0.509137	0.492288	0.50832	0.509543	0.506148
ERR608965	0.362162	0.363596	0.349708	0.360072	0.354289	0.360373	0.479267	0.47032	0.467137	0.466396	0.470783	0.467429	0.394365	0.393789	0.410992	0.413517	0.418488	0.403868	0.355098	0.355133	0.340427	0.357616	0.348858	0.348518	0.285335	0.284513	0	0.257711	0.256945	0.272807	0.302153	0.312087	0.312217	0.30959	0.312123	0.312513	0.419129	0.411408	0.412758	0.41777	0.430096	0.41729	0.549979	0.55438	0.562643	0.54695	0.550685	0.555232	0.517089	0.507024	0.50611	0.514269	0.51292	0.503371	0.484209	0.480537	0.483485	0.479238	0.483736	0.480777	0.480019	0.480185	0.480283	0.484934	0.480237	0.481262	0.523758	0.523113	0.528334	0.52359	0.525058	0.523879	0.509412	0.510951	0.510108	0.510266	0.510615	0.519599	0.536127	0.532579	0.538397	0.51553	0.535602	0.51673	0.687717	0.686913	0.686305	0.613104	0.613519	0.609366	0.486341	0.480561	0.478131	0.480343	0.481082	0.479606
ERR608966	0.364657	0.366047	0.350719	0.362776	0.356175	0.362521	0.481664	0.471532	0.467956	0.468221	0.47151	0.468408	0.396372	0.395852	0.409592	0.411925	0.416801	0.406403	0.358395	0.358496	0.343438	0.361268	0.352134	0.351862	0.289257	0.28245	0.257711	0	0.258079	0.275408	0.303843	0.314891	0.314887	0.312321	0.314786	0.315334	0.420442	0.412706	0.414643	0.420392	0.429273	0.418907	0.549096	0.553852	0.562273	0.546033	0.550635	0.554805	0.516799	0.508685	0.507543	0.514065	0.512962	0.504433	0.48633	0.482031	0.485704	0.481359	0.486065	0.482788	0.481038	0.481527	0.48185	0.486914	0.48119	0.482207	0.52483	0.524093	0.528687	0.52398	0.525151	0.524998	0.510172	0.512256	0.51102	0.510939	0.511	0.521547	0.535371	0.532359	0.537836	0.516356	0.535103	0.518129	0.688688	0.687758	0.687807	0.615314	0.615876	0.611518	0.488458	0.482135	0.478357	0.481956	0.482966	0.481338
ERR608964	0.361082	0.362528	0.34978	0.358406	0.353638	0.359667	0.47894	0.471304	0.468753	0.466192	0.471455	0.468229	0.391898	0.391413	0.411934	0.414838	0.419934	0.400972	0.351884	0.352162	0.337865	0.35455	0.345952	0.345608	0.281828	0.284852	0.256945	0.258079	0	0.269507	0.300737	0.30954	0.309613	0.307132	0.309166	0.309869	0.419906	0.411756	0.412178	0.416824	0.432053	0.417826	0.551706	0.556509	0.564836	0.548764	0.552247	0.557113	0.517667	0.505761	0.504597	0.514571	0.51337	0.502013	0.482394	0.478858	0.481732	0.477721	0.48208	0.479075	0.478314	0.478348	0.478294	0.482903	0.478471	0.479422	0.522474	0.521841	0.52818	0.52315	0.524872	0.522612	0.508281	0.50908	0.509059	0.50902	0.509935	0.517702	0.536949	0.532982	0.539173	0.514497	0.535999	0.515664	0.689256	0.68822	0.687276	0.612848	0.613162	0.609049	0.484031	0.478931	0.477371	0.478564	0.479459	0.477601
ERR608962	0.355822	0.356034	0.356107	0.348416	0.351356	0.357076	0.477613	0.484667	0.487421	0.469519	0.485754	0.481278	0.377199	0.377422	0.432946	0.437001	0.444256	0.380586	0.3229	0.322722	0.317801	0.324356	0.320878	0.319672	0.252159	0.304604	0.272807	0.275408	0.269507	0	0.299728	0.289587	0.289214	0.290632	0.28934	0.29398	0.433238	0.419262	0.411418	0.409101	0.457276	0.428389	0.577694	0.582448	0.591734	0.573937	0.573977	0.582462	0.527109	0.495676	0.49472	0.522368	0.519801	0.494478	0.463337	0.461985	0.46274	0.462058	0.464071	0.462033	0.465011	0.462155	0.461494	0.464302	0.465454	0.466003	0.514862	0.515915	0.532931	0.525288	0.528545	0.516643	0.504057	0.496538	0.50544	0.505839	0.510315	0.502347	0.549717	0.543399	0.552421	0.511616	0.547704	0.507539	0.708904	0.707498	0.701809	0.615487	0.612886	0.611755	0.467153	0.470125	0.479877	0.469162	0.470404	0.46637
ERR636781	0.344777	0.345934	0.337205	0.340449	0.337912	0.343612	0.475454	0.470526	0.469068	0.464659	0.470882	0.467539	0.359304	0.359216	0.389054	0.392672	0.398951	0.369024	0.319922	0.320412	0.299937	0.323146	0.309151	0.310729	0.307043	0.33292	0.302153	0.303843	0.300737	0.299728	0	0.251834	0.251924	0.248396	0.251968	0.249973	0.4046	0.394872	0.393621	0.396809	0.422534	0.401256	0.559585	0.562414	0.570773	0.556816	0.557574	0.563341	0.499977	0.48474	0.483586	0.496717	0.495393	0.482342	0.453709	0.449332	0.452786	0.444751	0.451402	0.44761	0.447324	0.446971	0.44682	0.452767	0.447607	0.449017	0.508692	0.508385	0.517127	0.511907	0.5141	0.509281	0.481207	0.482661	0.482341	0.482351	0.483702	0.491502	0.515201	0.510871	0.51758	0.489445	0.514274	0.489061	0.674485	0.673418	0.672334	0.596523	0.596849	0.592768	0.456802	0.452207	0.455306	0.452057	0.452994	0.450911
ERR636786	0.342234	0.342295	0.342903	0.334999	0.337836	0.343474	0.473659	0.478838	0.481444	0.465858	0.479889	0.475716	0.351906	0.352473	0.409878	0.414498	0.422303	0.356184	0.297745	0.298041	0.288036	0.300039	0.291994	0.292241	0.290226	0.344178	0.312087	0.314891	0.30954	0.289587	0.251834	0	0.237028	0.239942	0.237065	0.242571	0.418153	0.404168	0.396932	0.394373	0.443923	0.41328	0.575544	0.579053	0.588427	0.572101	0.571377	0.579678	0.508832	0.479456	0.478479	0.504182	0.501791	0.478514	0.4414	0.43885	0.440687	0.436403	0.4404	0.437691	0.440457	0.437458	0.436863	0.440928	0.440768	0.441766	0.503318	0.504213	0.520361	0.513109	0.51662	0.504928	0.482833	0.476921	0.484113	0.484429	0.488602	0.482984	0.528097	0.522021	0.530745	0.491088	0.526444	0.486915	0.692958	0.691549	0.686989	0.602897	0.600982	0.599247	0.446903	0.449457	0.46029	0.448628	0.449616	0.445838
ERR636784	0.341131	0.341156	0.342218	0.333851	0.33694	0.342329	0.471409	0.476895	0.479897	0.463767	0.478057	0.473764	0.351589	0.35205	0.409955	0.414493	0.422348	0.355438	0.297338	0.29743	0.28778	0.299554	0.291409	0.291777	0.289488	0.345077	0.312217	0.314887	0.309613	0.289214	0.251924	0.237028	0	0.239728	0.237103	0.242261	0.41743	0.403469	0.396028	0.39323	0.443699	0.412481	0.574463	0.577836	0.587161	0.571159	0.569978	0.578375	0.50814	0.478432	0.477528	0.503527	0.501044	0.477861	0.440957	0.438825	0.440183	0.435902	0.439978	0.437228	0.440391	0.437321	0.436378	0.440482	0.440611	0.441577	0.502299	0.503069	0.519526	0.512278	0.515797	0.503906	0.48211	0.476207	0.483316	0.483803	0.488187	0.482037	0.527733	0.521294	0.530295	0.490415	0.525785	0.486096	0.691295	0.689927	0.685203	0.601264	0.599246	0.597515	0.445967	0.44855	0.459946	0.447788	0.448809	0.445072
ERR636783	0.340572	0.340729	0.340329	0.33358	0.335952	0.341122	0.470651	0.47406	0.476341	0.462271	0.47514	0.47116	0.3515	0.351894	0.405607	0.40991	0.417742	0.356825	0.300739	0.301055	0.288987	0.30312	0.293626	0.293915	0.291744	0.34318	0.30959	0.312321	0.307132	0.290632	0.248396	0.239942	0.239728	0	0.239927	0.241567	0.413162	0.400475	0.39369	0.392274	0.43882	0.408311	0.570038	0.573619	0.582616	0.566849	0.565955	0.573937	0.505107	0.477885	0.476896	0.500855	0.498613	0.476612	0.4417	0.439176	0.440959	0.4362	0.440565	0.437845	0.440044	0.437893	0.437057	0.441276	0.440385	0.441429	0.501803	0.502464	0.517272	0.510548	0.513819	0.503351	0.480002	0.475251	0.481141	0.481572	0.485433	0.481987	0.524219	0.517743	0.526417	0.488463	0.522143	0.485025	0.685621	0.68436	0.680218	0.597247	0.595695	0.593607	0.446043	0.447236	0.456998	0.446526	0.447632	0.444126
ERR636785	0.340708	0.340652	0.341999	0.33321	0.336469	0.341656	0.470045	0.475602	0.478637	0.462505	0.476841	0.4726	0.351053	0.351494	0.40966	0.414208	0.422121	0.35495	0.297527	0.297747	0.288281	0.299747	0.291812	0.292208	0.289287	0.345027	0.312123	0.314786	0.309166	0.28934	0.251968	0.237065	0.237103	0.239927	0	0.241878	0.4168	0.402997	0.395524	0.392627	0.443126	0.411689	0.573736	0.577113	0.586227	0.570214	0.569108	0.57752	0.507716	0.477931	0.476965	0.503157	0.500572	0.477303	0.441048	0.439081	0.440333	0.436228	0.440014	0.437447	0.44064	0.43766	0.436672	0.440689	0.441021	0.441908	0.501726	0.502495	0.518958	0.511739	0.515099	0.503378	0.481486	0.475564	0.482729	0.483117	0.487549	0.48133	0.527413	0.5208	0.529721	0.489946	0.525235	0.485504	0.690346	0.688958	0.684113	0.600045	0.598111	0.596385	0.44593	0.448465	0.459775	0.447562	0.448671	0.444902
ERR636782	0.336027	0.336601	0.340251	0.331048	0.334506	0.337068	0.462003	0.467295	0.470626	0.455775	0.468241	0.464514	0.352274	0.352624	0.408574	0.413416	0.42053	0.355223	0.302134	0.302258	0.291817	0.304081	0.293533	0.296102	0.292229	0.351811	0.312513	0.315334	0.309869	0.29398	0.249973	0.242571	0.242261	0.241567	0.241878	0	0.409485	0.399087	0.39194	0.388551	0.439699	0.404795	0.5667	0.568508	0.57685	0.563667	0.559831	0.568895	0.503789	0.475781	0.474989	0.500077	0.497515	0.477149	0.442731	0.443196	0.441937	0.436316	0.439916	0.437934	0.444697	0.441515	0.438545	0.442302	0.445081	0.446138	0.499809	0.500634	0.515746	0.509558	0.513414	0.501094	0.478674	0.474541	0.479473	0.479828	0.484537	0.47908	0.52398	0.515871	0.524993	0.487802	0.520293	0.483141	0.675076	0.673486	0.66853	0.586913	0.58544	0.583497	0.444161	0.445333	0.458627	0.444715	0.445544	0.442842
ERR613356	0.367129	0.368917	0.363181	0.370828	0.36558	0.363913	0.384067	0.36969	0.368214	0.37026	0.370128	0.366787	0.332281	0.329684	0.33205	0.339255	0.341946	0.342432	0.404875	0.404712	0.403975	0.404912	0.401635	0.403403	0.434786	0.454349	0.419129	0.420442	0.419906	0.433238	0.4046	0.418153	0.41743	0.413162	0.4168	0.409485	0	0.265922	0.271939	0.283134	0.292971	0.259669	0.412135	0.415376	0.424117	0.409183	0.40671	0.414856	0.429951	0.446086	0.445313	0.430947	0.430858	0.443871	0.465304	0.4707	0.464494	0.461956	0.463441	0.462935	0.459004	0.460499	0.454638	0.457099	0.460179	0.460767	0.452004	0.449017	0.43934	0.440847	0.440705	0.449805	0.434673	0.448945	0.434216	0.433958	0.431013	0.457263	0.438489	0.431348	0.435327	0.437572	0.433976	0.444754	0.555342	0.555363	0.559938	0.496282	0.501912	0.492745	0.445113	0.429249	0.423939	0.43091	0.430687	0.434226
ERR613354	0.363774	0.364931	0.357048	0.363447	0.35914	0.361502	0.392551	0.383091	0.381244	0.377841	0.384121	0.379516	0.315513	0.314124	0.326873	0.333784	0.338823	0.327346	0.389095	0.389085	0.38961	0.389356	0.388338	0.388168	0.422111	0.440489	0.411408	0.412706	0.411756	0.419262	0.394872	0.404168	0.403469	0.400475	0.402997	0.399087	0.265922	0	0.262786	0.273938	0.294859	0.264406	0.42746	0.433935	0.444933	0.423484	0.426128	0.433487	0.429568	0.439036	0.437932	0.428853	0.428347	0.434257	0.451905	0.45382	0.451261	0.450306	0.452115	0.45099	0.441966	0.443285	0.440419	0.443361	0.443073	0.443557	0.445949	0.44339	0.437872	0.436883	0.436617	0.444667	0.428887	0.439456	0.42891	0.428979	0.42561	0.449457	0.437168	0.433139	0.43782	0.430985	0.435954	0.437889	0.579811	0.57937	0.582735	0.509938	0.513761	0.505917	0.434911	0.422109	0.414962	0.42346	0.423369	0.425037
ERR613355	0.356099	0.357233	0.358188	0.354656	0.354916	0.355918	0.38309	0.384762	0.388294	0.371939	0.386534	0.381336	0.305132	0.302988	0.344216	0.35213	0.358273	0.311252	0.376117	0.375802	0.381764	0.375603	0.377478	0.377124	0.410521	0.446168	0.412758	0.414643	0.412178	0.411418	0.393621	0.396932	0.396028	0.39369	0.395524	0.39194	0.271939	0.262786	0	0.259048	0.315194	0.267829	0.441782	0.447859	0.458622	0.437265	0.435389	0.446571	0.431899	0.427435	0.426572	0.430365	0.429075	0.424842	0.439646	0.444649	0.438966	0.440932	0.440369	0.440324	0.434176	0.434076	0.429238	0.430558	0.435531	0.435481	0.435342	0.433639	0.435444	0.433182	0.434312	0.434619	0.42262	0.427924	0.422551	0.42314	0.423585	0.435498	0.445025	0.436934	0.443909	0.425704	0.440718	0.428986	0.583677	0.583191	0.582307	0.500244	0.502299	0.496484	0.42054	0.411861	0.413256	0.412771	0.412817	0.4137
ERR613353	0.352552	0.352647	0.36373	0.350548	0.355343	0.353336	0.374497	0.387436	0.395371	0.369234	0.389592	0.38417	0.301468	0.299949	0.363651	0.372177	0.378852	0.300546	0.368511	0.36781	0.379631	0.366984	0.370958	0.371632	0.403805	0.45665	0.41777	0.420392	0.416824	0.409101	0.396809	0.394373	0.39323	0.392274	0.392627	0.388551	0.283134	0.273938	0.259048	0	0.337717	0.277366	0.455655	0.459594	0.469791	0.451106	0.443589	0.457875	0.438438	0.421332	0.420813	0.436205	0.433605	0.423443	0.434066	0.443518	0.433235	0.436497	0.433679	0.435224	0.435468	0.432857	0.42524	0.425002	0.437131	0.436664	0.43024	0.429689	0.438385	0.435008	0.437572	0.430098	0.422247	0.423372	0.422299	0.422991	0.426814	0.426653	0.455694	0.443886	0.453165	0.426473	0.448722	0.425384	0.585429	0.584304	0.579446	0.492325	0.492867	0.488924	0.412022	0.407562	0.419051	0.408322	0.408608	0.409082
ERR613358	0.405061	0.407071	0.380231	0.408012	0.393862	0.399651	0.431295	0.398929	0.386796	0.409144	0.398439	0.395867	0.368775	0.366451	0.30841	0.310945	0.311029	0.388129	0.440642	0.440812	0.430965	0.442197	0.437094	0.43635	0.467207	0.441636	0.430096	0.429273	0.432053	0.457276	0.422534	0.443923	0.443699	0.43882	0.443126	0.439699	0.292971	0.294859	0.315194	0.337717	0	0.296914	0.408091	0.417199	0.427733	0.405666	0.421667	0.418824	0.442378	0.481691	0.48027	0.443612	0.446237	0.471582	0.49688	0.492275	0.496367	0.491934	0.497622	0.494227	0.477716	0.482495	0.483773	0.489449	0.478066	0.479239	0.48654	0.481952	0.461134	0.462928	0.459414	0.48354	0.462314	0.482172	0.462405	0.461616	0.451517	0.497026	0.436769	0.442694	0.440277	0.461198	0.442131	0.476104	0.586147	0.586948	0.599621	0.547902	0.554762	0.543483	0.485068	0.464788	0.438874	0.466613	0.466521	0.469115
ERR613357	0.363207	0.36468	0.361535	0.366293	0.362445	0.360708	0.381684	0.370633	0.370486	0.368964	0.371409	0.367694	0.32644	0.324403	0.334337	0.341613	0.345088	0.335669	0.398363	0.398303	0.399023	0.398377	0.396004	0.397572	0.429256	0.453312	0.41729	0.418907	0.417826	0.428389	0.401256	0.41328	0.412481	0.408311	0.411689	0.404795	0.259669	0.264406	0.267829	0.277366	0.296914	0	0.417127	0.42057	0.429481	0.414117	0.410541	0.419851	0.429716	0.441614	0.440634	0.43042	0.429949	0.440061	0.459746	0.465653	0.459008	0.457067	0.457868	0.457751	0.454487	0.455503	0.449437	0.451589	0.455727	0.456279	0.447972	0.445303	0.43799	0.438825	0.439184	0.44608	0.431133	0.443963	0.430529	0.430688	0.428715	0.451815	0.439068	0.431321	0.435769	0.434369	0.433994	0.440498	0.557757	0.557616	0.560959	0.493905	0.498866	0.490194	0.439527	0.424856	0.421844	0.426601	0.426305	0.429573
ERR605682	0.485211	0.487578	0.471577	0.495115	0.481104	0.480306	0.431867	0.38866	0.376525	0.411941	0.387776	0.388898	0.508847	0.506345	0.468469	0.472352	0.468559	0.51543	0.561279	0.560977	0.567072	0.56039	0.561986	0.562542	0.579742	0.571883	0.549979	0.549096	0.551706	0.577694	0.559585	0.575544	0.574463	0.570038	0.573736	0.5667	0.412135	0.42746	0.441782	0.455655	0.408091	0.417127	0	0.296015	0.299376	0.288016	0.299917	0.29443	0.492638	0.543867	0.543441	0.497487	0.499631	0.538443	0.595653	0.604104	0.594917	0.598027	0.596009	0.596841	0.590475	0.592494	0.586698	0.587342	0.59163	0.591681	0.524654	0.519435	0.487774	0.49582	0.491501	0.519977	0.555958	0.572899	0.554597	0.553637	0.547544	0.579262	0.516656	0.515283	0.512117	0.547647	0.514851	0.559985	0.56068	0.56202	0.579251	0.566957	0.575498	0.563724	0.564218	0.544922	0.52699	0.546986	0.546151	0.552001
ERR605679	0.486701	0.488786	0.476468	0.497858	0.484534	0.481547	0.429682	0.387767	0.37603	0.412622	0.386212	0.388209	0.51338	0.511163	0.475432	0.47964	0.475109	0.518415	0.565016	0.564561	0.570581	0.564019	0.564572	0.56652	0.582885	0.58124	0.55438	0.553852	0.556509	0.582448	0.562414	0.579053	0.577836	0.573619	0.577113	0.568508	0.415376	0.433935	0.447859	0.459594	0.417199	0.42057	0.296015	0	0.292852	0.297867	0.293035	0.290482	0.495878	0.546417	0.546333	0.501382	0.503328	0.545392	0.600372	0.611528	0.599267	0.600713	0.598339	0.599896	0.598678	0.599341	0.59127	0.591708	0.600162	0.600349	0.528379	0.523489	0.492284	0.501446	0.497689	0.524099	0.558469	0.576204	0.556693	0.555934	0.55039	0.580544	0.520071	0.516499	0.513648	0.550641	0.5162	0.561571	0.551321	0.552392	0.569587	0.561815	0.570897	0.55897	0.567253	0.54774	0.53423	0.550108	0.54909	0.55574
ERR605680	0.494547	0.497014	0.486377	0.507215	0.494093	0.489651	0.435351	0.392331	0.380868	0.419326	0.390666	0.393153	0.524503	0.522006	0.485706	0.489854	0.484867	0.528895	0.575057	0.574678	0.580329	0.57395	0.573927	0.576328	0.591812	0.591779	0.562643	0.562273	0.564836	0.591734	0.570773	0.588427	0.587161	0.582616	0.586227	0.57685	0.424117	0.444933	0.458622	0.469791	0.427733	0.429481	0.299376	0.292852	0	0.302131	0.295319	0.292544	0.505741	0.556032	0.556165	0.511565	0.513512	0.556091	0.610587	0.623028	0.60958	0.610513	0.607725	0.60982	0.611017	0.611761	0.602403	0.602614	0.612537	0.612619	0.538632	0.53383	0.502581	0.512164	0.508832	0.534168	0.56732	0.585615	0.565427	0.564593	0.559467	0.589192	0.529113	0.52426	0.521431	0.559866	0.523994	0.570801	0.547064	0.548369	0.566292	0.563462	0.573041	0.5608	0.577256	0.557605	0.545796	0.559877	0.55886	0.565933
