	ERR612940	ERR612944	ERR612939	ERR612943	ERR612941	ERR612942	ERR637122	ERR637119	ERR637118	ERR637120	ERR637117	ERR637121	ERR636983	ERR636982	ERR636980	ERR636979	ERR636984	ERR636981	ERR617367	ERR617369	ERR617371	ERR617368	ERR617372	ERR617370	ERR612595	ERR612598	ERR612596	ERR612597	ERR612600	ERR612599	ERR636774	ERR636771	ERR636770	ERR636772	ERR636769	ERR636773	ERR636926	ERR636927	ERR636925	ERR636930	ERR636928	ERR636929	ERR622146	ERR622144	ERR622143	ERR622148	ERR622147	ERR622145	ERR626545	ERR626540	ERR626544	ERR626543	ERR626542	ERR626541	ERR616452	ERR616455	ERR616453	ERR616451	ERR616450	ERR616454	ERR613257	ERR613258	ERR613261	ERR613260	ERR613259	ERR613262	ERR626607	ERR626603	ERR626606	ERR626602	ERR626605	ERR626604	ERR616189	ERR616185	ERR616190	ERR616186	ERR616187	ERR616188	ERR638212	ERR638208	ERR638211	ERR638209	ERR638210	ERR638207	ERR616459	ERR616456	ERR616457	ERR616461	ERR616460	ERR616458	ERR605542	ERR605543	ERR605539	ERR605540	ERR605541	ERR605544
ERR612940	6.19045e+09	5.42523e+09	6.0788e+09	5.6572e+09	5.95268e+09	5.26599e+09	6.27843e+09	6.31755e+09	6.35359e+09	6.19944e+09	6.07705e+09	6.21739e+09	6.4756e+09	5.75344e+09	5.52513e+09	6.26877e+09	6.394e+09	6.28057e+09	5.76463e+09	5.84769e+09	6.4594e+09	5.84228e+09	6.49712e+09	6.4849e+09	6.17518e+09	5.38097e+09	5.05528e+09	5.85061e+09	5.335e+09	5.39014e+09	6.19559e+09	6.12607e+09	6.15675e+09	6.17718e+09	5.88406e+09	6.19006e+09	5.88218e+09	5.81622e+09	5.41585e+09	6.07699e+09	6.09952e+09	6.11558e+09	4.95125e+09	5.62085e+09	4.60671e+09	4.82464e+09	4.90238e+09	5.91283e+09	5.84681e+09	5.57892e+09	5.87397e+09	5.84944e+09	5.7313e+09	5.95281e+09	5.37615e+09	6.11463e+09	6.07454e+09	3.80409e+09	5.33341e+09	6.18847e+09	6.25452e+09	6.19573e+09	6.03133e+09	5.57081e+09	6.13701e+09	6.04562e+09	4.8471e+09	5.00348e+09	4.86886e+09	5.42123e+09	4.80165e+09	4.37702e+09	4.84579e+09	4.78435e+09	5.02947e+09	5.08714e+09	4.64e+09	4.80851e+09	5.06946e+09	4.86681e+09	5.64971e+09	4.80652e+09	5.61826e+09	4.77942e+09	5.98932e+09	5.19032e+09	3.69869e+09	6.03002e+09	6.0295e+09	5.24346e+09	5.43841e+09	5.46849e+09	5.67617e+09	5.46324e+09	5.26673e+09	5.42059e+09
ERR612944	5.42523e+09	5.12045e+09	5.49442e+09	5.14829e+09	5.38789e+09	4.81071e+09	5.6588e+09	5.69158e+09	5.72101e+09	5.5901e+09	5.4819e+09	5.60546e+09	5.83504e+09	5.21078e+09	5.01146e+09	5.65492e+09	5.76475e+09	5.66401e+09	5.22665e+09	5.29886e+09	5.82346e+09	5.29262e+09	5.85655e+09	5.84587e+09	5.58595e+09	4.90199e+09	4.61589e+09	5.30958e+09	4.8617e+09	4.90983e+09	5.59282e+09	5.53185e+09	5.55692e+09	5.57647e+09	5.32142e+09	5.58789e+09	5.32105e+09	5.26569e+09	4.91745e+09	5.49099e+09	5.51041e+09	5.52427e+09	4.51322e+09	5.09524e+09	4.20684e+09	4.40111e+09	4.4697e+09	5.34801e+09	5.27896e+09	5.04671e+09	5.30271e+09	5.28104e+09	5.18013e+09	5.37071e+09	4.87645e+09	5.51994e+09	5.48489e+09	3.48706e+09	4.83884e+09	5.58317e+09	5.6261e+09	5.57614e+09	5.44411e+09	5.04799e+09	5.52682e+09	5.46024e+09	4.41405e+09	4.55087e+09	4.43397e+09	4.9141e+09	4.37527e+09	4.00106e+09	4.41765e+09	4.35976e+09	4.57781e+09	4.62536e+09	4.23032e+09	4.384e+09	4.60138e+09	4.42227e+09	5.10776e+09	4.3694e+09	5.08055e+09	4.34573e+09	5.41121e+09	4.71364e+09	3.39345e+09	5.44709e+09	5.44553e+09	4.7603e+09	4.92801e+09	4.95497e+09	5.13432e+09	4.94921e+09	4.77751e+09	4.91308e+09
ERR612939	6.0788e+09	5.49442e+09	6.36128e+09	5.73242e+09	6.03385e+09	5.33284e+09	6.35229e+09	6.39154e+09	6.42929e+09	6.27168e+09	6.14593e+09	6.28964e+09	6.55509e+09	5.81981e+09	5.58647e+09	6.34687e+09	6.47289e+09	6.35854e+09	5.83106e+09	5.91944e+09	6.54325e+09	5.91368e+09	6.58236e+09	6.56882e+09	6.25932e+09	5.44862e+09	5.11622e+09	5.92564e+09	5.4024e+09	5.45755e+09	6.2685e+09	6.19583e+09	6.22911e+09	6.249e+09	5.95011e+09	6.26241e+09	5.9519e+09	5.88281e+09	5.47638e+09	6.14749e+09	6.17127e+09	6.18732e+09	5.00281e+09	5.68292e+09	4.64986e+09	4.87453e+09	4.9534e+09	5.98108e+09	5.91451e+09	5.6412e+09	5.94207e+09	5.91772e+09	5.79612e+09	6.02351e+09	5.44102e+09	6.18963e+09	6.14898e+09	3.84562e+09	5.39742e+09	6.26562e+09	6.34556e+09	6.2838e+09	6.11764e+09	5.64657e+09	6.22431e+09	6.13111e+09	4.9025e+09	5.06027e+09	4.92512e+09	5.48602e+09	4.85717e+09	4.42269e+09	4.90609e+09	4.84534e+09	5.09317e+09	5.15397e+09	4.70091e+09	4.86837e+09	5.11897e+09	4.91597e+09	5.71269e+09	4.85566e+09	5.68059e+09	4.82727e+09	6.05971e+09	5.24958e+09	3.73769e+09	6.10134e+09	6.10126e+09	5.30462e+09	5.49744e+09	5.52836e+09	5.73958e+09	5.52325e+09	5.32353e+09	5.47992e+09
ERR612943	5.6572e+09	5.14829e+09	5.73242e+09	5.53601e+09	5.61724e+09	4.99975e+09	5.89048e+09	5.92496e+09	5.95813e+09	5.81808e+09	5.70387e+09	5.83402e+09	6.07663e+09	5.41628e+09	5.2042e+09	5.88739e+09	6.00261e+09	5.8971e+09	5.43093e+09	5.51119e+09	6.06905e+09	5.50435e+09	6.10392e+09	6.09271e+09	5.81698e+09	5.09002e+09	4.78831e+09	5.52013e+09	5.0483e+09	5.09834e+09	5.81897e+09	5.75427e+09	5.78256e+09	5.80178e+09	5.53248e+09	5.81359e+09	5.5354e+09	5.47465e+09	5.10671e+09	5.71288e+09	5.73353e+09	5.74847e+09	4.67877e+09	5.2925e+09	4.35458e+09	4.56152e+09	4.63327e+09	5.56129e+09	5.49095e+09	5.24457e+09	5.51628e+09	5.49374e+09	5.38549e+09	5.5884e+09	5.06713e+09	5.74508e+09	5.70766e+09	3.60827e+09	5.02713e+09	5.81241e+09	5.87672e+09	5.82228e+09	5.68144e+09	5.25943e+09	5.77023e+09	5.69524e+09	4.57896e+09	4.72309e+09	4.6002e+09	5.107e+09	4.53861e+09	4.14234e+09	4.58602e+09	4.52692e+09	4.75551e+09	4.80767e+09	4.393e+09	4.55147e+09	4.77195e+09	4.5864e+09	5.30908e+09	4.53089e+09	5.28046e+09	4.50557e+09	5.62852e+09	4.89449e+09	3.50973e+09	5.66698e+09	5.66583e+09	4.9439e+09	5.11788e+09	5.14566e+09	5.33533e+09	5.13942e+09	4.95874e+09	5.10146e+09
ERR612941	5.95268e+09	5.38789e+09	6.03385e+09	5.61724e+09	6.09977e+09	5.23062e+09	6.22406e+09	6.26223e+09	6.29744e+09	6.14615e+09	6.02476e+09	6.16372e+09	6.42022e+09	5.70772e+09	5.48215e+09	6.21711e+09	6.3405e+09	6.22883e+09	5.71861e+09	5.80142e+09	6.40476e+09	5.79604e+09	6.44214e+09	6.43018e+09	6.12581e+09	5.34144e+09	5.01966e+09	5.80613e+09	5.29617e+09	5.35057e+09	6.14409e+09	6.075e+09	6.10572e+09	6.12563e+09	5.83625e+09	6.13813e+09	5.83528e+09	5.76982e+09	5.37479e+09	6.02645e+09	6.04893e+09	6.0647e+09	4.91363e+09	5.57622e+09	4.57208e+09	4.78867e+09	4.86561e+09	5.86514e+09	5.79967e+09	5.53551e+09	5.82658e+09	5.80271e+09	5.6858e+09	5.90483e+09	5.33429e+09	6.06334e+09	6.02357e+09	3.7778e+09	5.29205e+09	6.13666e+09	6.20525e+09	6.14733e+09	5.98529e+09	5.52979e+09	6.08989e+09	5.99918e+09	4.81205e+09	4.96654e+09	4.8341e+09	5.38024e+09	4.76745e+09	4.34672e+09	4.81077e+09	4.74978e+09	4.99247e+09	5.04948e+09	4.60666e+09	4.77326e+09	5.03037e+09	4.83068e+09	5.60383e+09	4.77219e+09	5.57326e+09	4.74495e+09	5.93914e+09	5.14956e+09	3.67366e+09	5.97953e+09	5.9793e+09	5.20326e+09	5.39653e+09	5.42613e+09	5.63143e+09	5.42177e+09	5.2275e+09	5.37915e+09
ERR612942	5.26599e+09	4.81071e+09	5.33284e+09	4.99975e+09	5.23062e+09	4.83651e+09	5.47952e+09	5.51131e+09	5.54042e+09	5.41405e+09	5.31128e+09	5.4285e+09	5.64861e+09	5.05221e+09	4.86076e+09	5.47736e+09	5.58162e+09	5.48651e+09	5.06839e+09	5.14022e+09	5.64176e+09	5.13418e+09	5.67302e+09	5.66301e+09	5.41125e+09	4.75669e+09	4.48347e+09	5.14557e+09	4.71883e+09	4.76461e+09	5.41863e+09	5.36079e+09	5.38608e+09	5.40282e+09	5.15983e+09	5.41385e+09	5.16197e+09	5.10744e+09	4.77414e+09	5.32272e+09	5.34119e+09	5.35487e+09	4.38522e+09	4.94262e+09	4.08734e+09	4.27853e+09	4.34359e+09	5.18581e+09	5.11784e+09	4.89432e+09	5.14039e+09	5.11963e+09	5.02234e+09	5.20541e+09	4.73349e+09	5.34728e+09	5.31377e+09	3.39515e+09	4.69755e+09	5.40803e+09	5.45857e+09	5.41053e+09	5.28254e+09	4.90381e+09	5.36307e+09	5.29589e+09	4.28999e+09	4.42055e+09	4.30903e+09	4.76935e+09	4.25268e+09	3.89186e+09	4.2931e+09	4.23882e+09	4.44765e+09	4.4941e+09	4.11502e+09	4.26131e+09	4.4621e+09	4.29431e+09	4.95261e+09	4.24387e+09	4.92597e+09	4.22068e+09	5.24115e+09	4.57593e+09	3.30492e+09	5.27594e+09	5.27546e+09	4.62098e+09	4.78003e+09	4.80525e+09	4.97683e+09	4.79949e+09	4.63555e+09	4.7655e+09
ERR637122	6.27843e+09	5.6588e+09	6.35229e+09	5.89048e+09	6.22406e+09	5.47952e+09	8.9606e+09	8.78628e+09	8.79524e+09	8.61975e+09	8.47337e+09	8.64021e+09	8.57752e+09	7.52026e+09	7.22987e+09	8.23264e+09	8.45195e+09	8.26047e+09	7.21016e+09	7.22024e+09	8.0256e+09	7.21087e+09	8.07996e+09	8.06617e+09	7.29861e+09	6.29353e+09	5.91761e+09	6.94514e+09	6.23561e+09	6.31698e+09	8.2632e+09	8.2096e+09	8.2078e+09	8.24783e+09	7.88448e+09	8.25589e+09	7.73582e+09	7.70171e+09	7.07763e+09	8.10462e+09	8.12988e+09	8.1481e+09	6.40486e+09	7.42892e+09	6.09223e+09	6.22688e+09	6.32977e+09	7.81728e+09	7.61243e+09	7.25391e+09	7.65922e+09	7.61858e+09	7.48676e+09	7.77092e+09	6.47753e+09	7.56995e+09	7.51532e+09	4.43984e+09	6.42743e+09	7.6561e+09	6.76756e+09	6.7242e+09	6.48655e+09	5.96239e+09	6.63433e+09	6.52412e+09	5.83163e+09	6.07283e+09	5.85933e+09	6.62979e+09	5.77273e+09	5.29084e+09	5.41892e+09	5.30871e+09	5.63035e+09	5.6612e+09	5.0882e+09	5.35423e+09	6.80535e+09	6.41151e+09	7.48415e+09	6.29925e+09	7.44973e+09	6.29737e+09	7.46543e+09	6.28311e+09	4.32873e+09	7.51475e+09	7.49643e+09	6.3395e+09	6.80027e+09	6.85724e+09	7.14555e+09	6.8595e+09	6.59953e+09	6.77529e+09
ERR637119	6.31755e+09	5.69158e+09	6.39154e+09	5.92496e+09	6.26223e+09	5.51131e+09	8.78628e+09	9.13066e+09	8.87783e+09	8.69372e+09	8.55053e+09	8.7147e+09	8.65538e+09	7.5832e+09	7.28999e+09	8.30242e+09	8.52749e+09	8.33131e+09	7.27829e+09	7.28634e+09	8.10108e+09	7.27574e+09	8.15608e+09	8.14185e+09	7.36918e+09	6.3499e+09	5.97073e+09	7.01337e+09	6.29129e+09	6.37453e+09	8.33063e+09	8.27976e+09	8.27493e+09	8.31551e+09	7.94783e+09	8.32344e+09	7.79407e+09	7.76122e+09	7.12884e+09	8.17132e+09	8.19623e+09	8.21455e+09	6.45656e+09	7.49411e+09	6.14641e+09	6.27721e+09	6.38072e+09	7.88564e+09	7.67218e+09	7.30939e+09	7.71958e+09	7.67773e+09	7.54551e+09	7.83239e+09	6.53599e+09	7.64542e+09	7.59008e+09	4.47595e+09	6.48664e+09	7.73253e+09	6.81217e+09	6.7698e+09	6.52797e+09	5.99953e+09	6.67849e+09	6.5668e+09	5.87331e+09	6.1185e+09	5.90146e+09	6.6808e+09	5.81421e+09	5.3314e+09	5.45876e+09	5.34644e+09	5.67254e+09	5.70177e+09	5.12206e+09	5.39408e+09	6.85793e+09	6.45708e+09	7.54124e+09	6.34274e+09	7.50669e+09	6.34206e+09	7.53853e+09	6.33886e+09	4.36302e+09	7.58849e+09	7.56897e+09	6.39508e+09	6.85783e+09	6.91567e+09	7.20686e+09	6.91824e+09	6.6559e+09	6.83307e+09
ERR637118	6.35359e+09	5.72101e+09	6.42929e+09	5.95813e+09	6.29744e+09	5.54042e+09	8.79524e+09	8.87783e+09	9.14828e+09	8.70219e+09	8.55876e+09	8.72302e+09	8.66838e+09	7.59432e+09	7.29887e+09	8.3199e+09	8.54104e+09	8.348e+09	7.28746e+09	7.30125e+09	8.12039e+09	7.29141e+09	8.17572e+09	8.16094e+09	7.39377e+09	6.36875e+09	5.98668e+09	7.03024e+09	6.31038e+09	6.39265e+09	8.34248e+09	8.28874e+09	8.29025e+09	8.32691e+09	7.95811e+09	8.33529e+09	7.81303e+09	7.77494e+09	7.14336e+09	8.18478e+09	8.21036e+09	8.22905e+09	6.46473e+09	7.50188e+09	6.14478e+09	6.28501e+09	6.38878e+09	7.89768e+09	7.68572e+09	7.32047e+09	7.73311e+09	7.69146e+09	7.55688e+09	7.84739e+09	6.54978e+09	7.65482e+09	7.59916e+09	4.4859e+09	6.49951e+09	7.74312e+09	6.85079e+09	6.80588e+09	6.56363e+09	6.03103e+09	6.71507e+09	6.60075e+09	5.88902e+09	6.13304e+09	5.91729e+09	6.69768e+09	5.8296e+09	5.33881e+09	5.47907e+09	5.36941e+09	5.69437e+09	5.72712e+09	5.14722e+09	5.41479e+09	6.85677e+09	6.46249e+09	7.55076e+09	6.34884e+09	7.51523e+09	6.3462e+09	7.54594e+09	6.35068e+09	4.37234e+09	7.59613e+09	7.57812e+09	6.40805e+09	6.86566e+09	6.92307e+09	7.2143e+09	6.92419e+09	6.66181e+09	6.84049e+09
ERR637120	6.19944e+09	5.5901e+09	6.27168e+09	5.81808e+09	6.14615e+09	5.41405e+09	8.61975e+09	8.69372e+09	8.70219e+09	8.77646e+09	8.38913e+09	8.55102e+09	8.48341e+09	7.44381e+09	7.15837e+09	8.14382e+09	8.36005e+09	8.17136e+09	7.13187e+09	7.13962e+09	7.9313e+09	7.13015e+09	7.98488e+09	7.97062e+09	7.20348e+09	6.2172e+09	5.84849e+09	6.85763e+09	6.15989e+09	6.24042e+09	8.18133e+09	8.1286e+09	8.12728e+09	8.16637e+09	7.81137e+09	8.17381e+09	7.65956e+09	7.62656e+09	7.01141e+09	8.02328e+09	8.048e+09	8.06583e+09	6.3444e+09	7.35627e+09	6.03933e+09	6.169e+09	6.27033e+09	7.73801e+09	7.54104e+09	7.18838e+09	7.58732e+09	7.54658e+09	7.4177e+09	7.69678e+09	6.40822e+09	7.48555e+09	7.43157e+09	4.39746e+09	6.35907e+09	7.56996e+09	6.68568e+09	6.64398e+09	6.40831e+09	5.89352e+09	6.55504e+09	6.44638e+09	5.77574e+09	6.01466e+09	5.80319e+09	6.56354e+09	5.71736e+09	5.24359e+09	5.35801e+09	5.24878e+09	5.56612e+09	5.59535e+09	5.03016e+09	5.29453e+09	6.75164e+09	6.36179e+09	7.41822e+09	6.24995e+09	7.38402e+09	6.2486e+09	7.38488e+09	6.21786e+09	4.28789e+09	7.43269e+09	7.41447e+09	6.27319e+09	6.73454e+09	6.79103e+09	7.07521e+09	6.79387e+09	6.53773e+09	6.7102e+09
ERR637117	6.07705e+09	5.4819e+09	6.14593e+09	5.70387e+09	6.02476e+09	5.31128e+09	8.47337e+09	8.55053e+09	8.55876e+09	8.38913e+09	8.49406e+09	8.40712e+09	8.3356e+09	7.3235e+09	7.04673e+09	8.00387e+09	8.2158e+09	8.03127e+09	7.01073e+09	7.01619e+09	7.78668e+09	7.00709e+09	7.83919e+09	7.825e+09	7.0593e+09	6.0997e+09	5.74209e+09	6.72478e+09	6.04394e+09	6.12303e+09	8.0515e+09	8.00385e+09	8.00178e+09	8.03744e+09	7.69739e+09	8.04418e+09	7.5396e+09	7.5093e+09	6.90857e+09	7.89642e+09	7.91993e+09	7.93661e+09	6.25087e+09	7.24309e+09	5.9568e+09	6.07837e+09	6.17779e+09	7.61472e+09	7.42503e+09	7.08188e+09	7.47012e+09	7.43032e+09	7.30611e+09	7.57697e+09	6.29728e+09	7.35033e+09	7.29746e+09	4.32804e+09	6.24953e+09	7.43268e+09	6.55382e+09	6.51422e+09	6.28343e+09	5.78177e+09	6.42704e+09	6.31992e+09	5.68502e+09	5.92027e+09	5.71222e+09	6.45741e+09	5.62846e+09	5.16589e+09	5.25942e+09	5.15119e+09	5.46183e+09	5.48922e+09	4.93648e+09	5.19696e+09	6.66264e+09	6.27992e+09	7.31121e+09	6.16955e+09	7.27801e+09	6.16945e+09	7.25469e+09	6.11332e+09	4.22148e+09	7.30159e+09	7.28311e+09	6.16654e+09	6.62785e+09	6.68308e+09	6.96024e+09	6.68467e+09	6.43597e+09	6.60398e+09
ERR637121	6.21739e+09	5.60546e+09	6.28964e+09	5.83402e+09	6.16372e+09	5.4285e+09	8.64021e+09	8.7147e+09	8.72302e+09	8.55102e+09	8.40712e+09	8.81723e+09	8.50383e+09	7.46023e+09	7.17364e+09	8.16329e+09	8.38008e+09	8.19117e+09	7.14892e+09	7.15789e+09	7.95289e+09	7.14822e+09	8.0067e+09	7.99183e+09	7.22412e+09	6.23359e+09	5.86296e+09	6.87651e+09	6.17592e+09	6.25653e+09	8.19936e+09	8.14618e+09	8.14499e+09	8.18416e+09	7.8272e+09	8.1919e+09	7.67599e+09	7.64329e+09	7.02578e+09	8.0415e+09	8.06587e+09	8.08386e+09	6.35794e+09	7.37181e+09	6.05082e+09	6.18142e+09	6.28347e+09	7.75533e+09	7.55533e+09	7.20095e+09	7.6017e+09	7.56108e+09	7.43147e+09	7.71134e+09	6.4219e+09	7.50291e+09	7.44858e+09	4.40527e+09	6.3725e+09	7.5877e+09	6.7022e+09	6.66014e+09	6.42464e+09	5.90706e+09	6.57128e+09	6.46237e+09	5.78672e+09	6.02605e+09	5.81411e+09	6.57664e+09	5.72842e+09	5.25273e+09	5.3702e+09	5.26058e+09	5.57844e+09	5.60886e+09	5.04168e+09	5.30634e+09	6.76251e+09	6.37135e+09	7.43108e+09	6.25961e+09	7.39738e+09	6.25838e+09	7.40091e+09	6.23068e+09	4.29499e+09	7.44944e+09	7.43151e+09	6.28652e+09	6.74775e+09	6.80375e+09	7.08913e+09	6.80658e+09	6.54958e+09	6.72309e+09
ERR636983	6.4756e+09	5.83504e+09	6.55509e+09	6.07663e+09	6.42022e+09	5.64861e+09	8.57752e+09	8.65538e+09	8.66838e+09	8.48341e+09	8.3356e+09	8.50383e+09	9.05063e+09	7.68641e+09	7.37782e+09	8.42465e+09	8.65045e+09	8.45064e+09	7.36732e+09	7.39293e+09	8.22297e+09	7.38073e+09	8.27784e+09	8.26532e+09	7.55225e+09	6.50318e+09	6.105e+09	7.17533e+09	6.44105e+09	6.5236e+09	8.33274e+09	8.2715e+09	8.27443e+09	8.31554e+09	7.93567e+09	8.32586e+09	7.77188e+09	7.73063e+09	7.10605e+09	8.13259e+09	8.15871e+09	8.17798e+09	6.43887e+09	7.46331e+09	6.10368e+09	6.26068e+09	6.3638e+09	7.85772e+09	7.73573e+09	7.37147e+09	7.78154e+09	7.74211e+09	7.60526e+09	7.89381e+09	6.69484e+09	7.80091e+09	7.74528e+09	4.60784e+09	6.64396e+09	7.88991e+09	7.03527e+09	6.98735e+09	6.75119e+09	6.20942e+09	6.89879e+09	6.78886e+09	6.02609e+09	6.27013e+09	6.05363e+09	6.83939e+09	5.96579e+09	5.46337e+09	5.66243e+09	5.55188e+09	5.88324e+09	5.91918e+09	5.32932e+09	5.59844e+09	6.87831e+09	6.4942e+09	7.57624e+09	6.3861e+09	7.54124e+09	6.37893e+09	7.67073e+09	6.48018e+09	4.48588e+09	7.72334e+09	7.70638e+09	6.53835e+09	6.96167e+09	7.0169e+09	7.3101e+09	7.01981e+09	6.75324e+09	6.93713e+09
ERR636982	5.75344e+09	5.21078e+09	5.81981e+09	5.41628e+09	5.70772e+09	5.05221e+09	7.52026e+09	7.5832e+09	7.59432e+09	7.44381e+09	7.3235e+09	7.46023e+09	7.68641e+09	7.022e+09	6.53944e+09	7.39921e+09	7.58236e+09	7.42016e+09	6.5102e+09	6.53113e+09	7.21655e+09	6.52053e+09	7.26245e+09	7.2515e+09	6.64094e+09	5.77191e+09	5.43858e+09	6.33113e+09	5.72002e+09	5.7894e+09	7.31644e+09	7.26634e+09	7.2695e+09	7.30183e+09	6.99215e+09	7.31076e+09	6.86247e+09	6.8281e+09	6.31032e+09	7.15745e+09	7.17883e+09	7.19405e+09	5.73939e+09	6.60384e+09	5.44911e+09	5.588e+09	5.67692e+09	6.93063e+09	6.81181e+09	6.51098e+09	6.8496e+09	6.8173e+09	6.70364e+09	6.94148e+09	5.92737e+09	6.85277e+09	6.80661e+09	4.13149e+09	5.88429e+09	6.92678e+09	6.21591e+09	6.17662e+09	5.97658e+09	5.51905e+09	6.10202e+09	6.00907e+09	5.36983e+09	5.57787e+09	5.39402e+09	6.06073e+09	5.31807e+09	4.88694e+09	5.04555e+09	4.95023e+09	5.23348e+09	5.26322e+09	4.75664e+09	4.99021e+09	6.08779e+09	5.76919e+09	6.67578e+09	5.67805e+09	6.64648e+09	5.67115e+09	6.74582e+09	5.74505e+09	4.0255e+09	6.78932e+09	6.77499e+09	5.79453e+09	6.15854e+09	6.20466e+09	6.45073e+09	6.20626e+09	5.98226e+09	6.13743e+09
ERR636980	5.52513e+09	5.01146e+09	5.58647e+09	5.2042e+09	5.48215e+09	4.86076e+09	7.22987e+09	7.28999e+09	7.29887e+09	7.15837e+09	7.04673e+09	7.17364e+09	7.37782e+09	6.53944e+09	6.51344e+09	7.10825e+09	7.27995e+09	7.12924e+09	6.26618e+09	6.28288e+09	6.92773e+09	6.27211e+09	6.97062e+09	6.96036e+09	6.37357e+09	5.55447e+09	5.24084e+09	6.08524e+09	5.50512e+09	5.57169e+09	7.03734e+09	6.99159e+09	6.99302e+09	7.02401e+09	6.7342e+09	7.0321e+09	6.60272e+09	6.57312e+09	6.08297e+09	6.88399e+09	6.90366e+09	6.91759e+09	5.54104e+09	6.36329e+09	5.26988e+09	5.3963e+09	5.48112e+09	6.66951e+09	6.55896e+09	6.27531e+09	6.59482e+09	6.56356e+09	6.45811e+09	6.68138e+09	5.70966e+09	6.58939e+09	6.54562e+09	3.99501e+09	5.66894e+09	6.65895e+09	5.96616e+09	5.93092e+09	5.73977e+09	5.30776e+09	5.85983e+09	5.7717e+09	5.18175e+09	5.3809e+09	5.20439e+09	5.83877e+09	5.13272e+09	4.72571e+09	4.86255e+09	4.76918e+09	5.0403e+09	5.06672e+09	4.58232e+09	4.80902e+09	5.88038e+09	5.57396e+09	6.43325e+09	5.48693e+09	6.40538e+09	5.48174e+09	6.49124e+09	5.53908e+09	3.89431e+09	6.53167e+09	6.51726e+09	5.58571e+09	5.93642e+09	5.98062e+09	6.21375e+09	5.98306e+09	5.77059e+09	5.91735e+09
ERR636979	6.26877e+09	5.65492e+09	6.34687e+09	5.88739e+09	6.21711e+09	5.47736e+09	8.23264e+09	8.30242e+09	8.3199e+09	8.14382e+09	8.00387e+09	8.16329e+09	8.42465e+09	7.39921e+09	7.10825e+09	8.35724e+09	8.30466e+09	8.1265e+09	7.09077e+09	7.12117e+09	7.90583e+09	7.10948e+09	7.9582e+09	7.94504e+09	7.27385e+09	6.27923e+09	5.90043e+09	6.9137e+09	6.22078e+09	6.29794e+09	8.0055e+09	7.94446e+09	7.95274e+09	7.98888e+09	7.63065e+09	7.99911e+09	7.48477e+09	7.44086e+09	6.85331e+09	7.81738e+09	7.84314e+09	7.86028e+09	6.21395e+09	7.18533e+09	5.88407e+09	6.04408e+09	6.14268e+09	7.56033e+09	7.44412e+09	7.09931e+09	7.48711e+09	7.45038e+09	7.31831e+09	7.59368e+09	6.45747e+09	7.49806e+09	7.44607e+09	4.46199e+09	6.40825e+09	7.58364e+09	6.80308e+09	6.75609e+09	6.53033e+09	6.01281e+09	6.67223e+09	6.56529e+09	5.82657e+09	6.05843e+09	5.85337e+09	6.6015e+09	5.76891e+09	5.28331e+09	5.47936e+09	5.37761e+09	5.69103e+09	5.72881e+09	5.1663e+09	5.41903e+09	6.6158e+09	6.26018e+09	7.28759e+09	6.1591e+09	7.25356e+09	6.14978e+09	7.3733e+09	6.25007e+09	4.34352e+09	7.42217e+09	7.40717e+09	6.30625e+09	6.70865e+09	6.76017e+09	7.03992e+09	6.76269e+09	6.50862e+09	6.68463e+09
ERR636984	6.394e+09	5.76475e+09	6.47289e+09	6.00261e+09	6.3405e+09	5.58162e+09	8.45195e+09	8.52749e+09	8.54104e+09	8.36005e+09	8.2158e+09	8.38008e+09	8.65045e+09	7.58236e+09	7.27995e+09	8.30466e+09	8.79616e+09	8.32992e+09	7.26653e+09	7.29339e+09	8.10553e+09	7.28049e+09	8.15941e+09	8.14713e+09	7.44441e+09	6.41716e+09	6.02627e+09	7.07515e+09	6.35673e+09	6.43712e+09	8.21459e+09	8.15423e+09	8.15857e+09	8.19749e+09	7.82678e+09	8.20778e+09	7.66777e+09	7.627e+09	7.01504e+09	8.01963e+09	8.04589e+09	8.06408e+09	6.3575e+09	7.36282e+09	6.02685e+09	6.18239e+09	6.28415e+09	7.74957e+09	7.63061e+09	7.27392e+09	7.67488e+09	7.63674e+09	7.50273e+09	7.78441e+09	6.60566e+09	7.68998e+09	7.63574e+09	4.55339e+09	6.55639e+09	7.77714e+09	6.9432e+09	6.89647e+09	6.66377e+09	6.13172e+09	6.80922e+09	6.70083e+09	5.95153e+09	6.19092e+09	5.9791e+09	6.7506e+09	5.89215e+09	5.39795e+09	5.59201e+09	5.48337e+09	5.80902e+09	5.84464e+09	5.26495e+09	5.52942e+09	6.7881e+09	6.41232e+09	7.47317e+09	6.30637e+09	7.43888e+09	6.29943e+09	7.56231e+09	6.39537e+09	4.43332e+09	7.61352e+09	7.59716e+09	6.45208e+09	6.86868e+09	6.9229e+09	7.21061e+09	6.92534e+09	6.66364e+09	6.84476e+09
ERR636981	6.28057e+09	5.66401e+09	6.35854e+09	5.8971e+09	6.22883e+09	5.48651e+09	8.26047e+09	8.33131e+09	8.348e+09	8.17136e+09	8.03127e+09	8.19117e+09	8.45064e+09	7.42016e+09	7.12924e+09	8.1265e+09	8.32992e+09	8.40901e+09	7.11061e+09	7.14025e+09	7.92851e+09	7.12891e+09	7.98098e+09	7.96832e+09	7.29025e+09	6.29191e+09	5.91225e+09	6.92827e+09	6.23388e+09	6.31101e+09	8.03146e+09	7.97057e+09	7.97853e+09	8.01414e+09	7.65553e+09	8.02499e+09	7.50901e+09	7.46397e+09	6.87437e+09	7.84359e+09	7.86905e+09	7.88661e+09	6.23107e+09	7.20719e+09	5.90154e+09	6.06096e+09	6.1602e+09	7.58422e+09	7.4657e+09	7.11954e+09	7.50882e+09	7.47143e+09	7.33936e+09	7.61523e+09	6.47247e+09	7.51831e+09	7.46538e+09	4.4709e+09	6.4236e+09	7.60359e+09	6.81566e+09	6.76897e+09	6.54172e+09	6.02243e+09	6.68468e+09	6.57629e+09	5.83939e+09	6.07151e+09	5.86612e+09	6.6164e+09	5.78103e+09	5.29471e+09	5.48894e+09	5.38614e+09	5.70134e+09	5.73867e+09	5.17517e+09	5.42786e+09	6.6357e+09	6.2785e+09	7.30949e+09	6.17693e+09	7.27528e+09	6.16787e+09	7.39243e+09	6.26537e+09	4.35288e+09	7.44154e+09	7.42718e+09	6.32203e+09	6.72458e+09	6.77687e+09	7.05693e+09	6.77893e+09	6.52463e+09	6.70131e+09
ERR617367	5.76463e+09	5.22665e+09	5.83106e+09	5.43093e+09	5.71861e+09	5.06839e+09	7.21016e+09	7.27829e+09	7.28746e+09	7.13187e+09	7.01073e+09	7.14892e+09	7.36732e+09	6.5102e+09	6.26618e+09	7.09077e+09	7.26653e+09	7.11061e+09	6.74213e+09	6.53368e+09	7.21185e+09	6.52282e+09	7.25547e+09	7.24568e+09	6.6554e+09	5.78927e+09	5.45433e+09	6.34382e+09	5.73775e+09	5.80597e+09	7.1301e+09	7.07893e+09	7.08058e+09	7.11629e+09	6.79613e+09	7.12452e+09	6.6316e+09	6.59585e+09	6.09953e+09	6.91822e+09	6.9394e+09	6.95459e+09	5.57753e+09	6.40165e+09	5.29009e+09	5.43401e+09	5.51929e+09	6.7196e+09	6.63924e+09	6.3423e+09	6.6758e+09	6.64428e+09	6.53121e+09	6.76705e+09	5.91507e+09	6.81075e+09	6.76579e+09	4.14954e+09	5.87404e+09	6.88351e+09	6.20788e+09	6.16776e+09	5.97381e+09	5.52297e+09	6.09551e+09	6.00508e+09	5.31381e+09	5.51398e+09	5.33803e+09	5.97994e+09	5.2657e+09	4.84007e+09	5.08107e+09	4.98925e+09	5.26882e+09	5.30017e+09	4.80082e+09	5.02878e+09	5.89358e+09	5.58979e+09	6.48534e+09	5.50377e+09	6.4559e+09	5.49529e+09	6.69645e+09	5.73076e+09	4.039e+09	6.7386e+09	6.72559e+09	5.77813e+09	6.03087e+09	6.07437e+09	6.31064e+09	6.07458e+09	5.85764e+09	6.01136e+09
ERR617369	5.84769e+09	5.29886e+09	5.91944e+09	5.51119e+09	5.80142e+09	5.14022e+09	7.22024e+09	7.28634e+09	7.30125e+09	7.13962e+09	7.01619e+09	7.15789e+09	7.39293e+09	6.53113e+09	6.28288e+09	7.12117e+09	7.29339e+09	7.14025e+09	6.53368e+09	6.81212e+09	7.26165e+09	6.5643e+09	7.30579e+09	7.29482e+09	6.72197e+09	5.84278e+09	5.50047e+09	6.39805e+09	5.79118e+09	5.85857e+09	7.14313e+09	7.08826e+09	7.09601e+09	7.12825e+09	6.80414e+09	7.13732e+09	6.65786e+09	6.61456e+09	6.11921e+09	6.93688e+09	6.95963e+09	6.97533e+09	5.59273e+09	6.41444e+09	5.28688e+09	5.44822e+09	5.5337e+09	6.73853e+09	6.65643e+09	6.35542e+09	6.6929e+09	6.66214e+09	6.54409e+09	6.78639e+09	5.95509e+09	6.8476e+09	6.80112e+09	4.17698e+09	5.91252e+09	6.92186e+09	6.29393e+09	6.25013e+09	6.05712e+09	5.59763e+09	6.17862e+09	6.0862e+09	5.34682e+09	5.54568e+09	5.37233e+09	6.01644e+09	5.29941e+09	4.8604e+09	5.1355e+09	5.04713e+09	5.32734e+09	5.36346e+09	4.86231e+09	5.0844e+09	5.88302e+09	5.58973e+09	6.49363e+09	5.50556e+09	6.46187e+09	5.49335e+09	6.72524e+09	5.76401e+09	4.0633e+09	6.76912e+09	6.75763e+09	5.8135e+09	6.04785e+09	6.09057e+09	6.32683e+09	6.08828e+09	5.87055e+09	6.02824e+09
ERR617371	6.4594e+09	5.82346e+09	6.54325e+09	6.06905e+09	6.40476e+09	5.64176e+09	8.0256e+09	8.10108e+09	8.12039e+09	7.9313e+09	7.78668e+09	7.95289e+09	8.22297e+09	7.21655e+09	6.92773e+09	7.90583e+09	8.10553e+09	7.92851e+09	7.21185e+09	7.26165e+09	8.3525e+09	7.25143e+09	8.12795e+09	8.11495e+09	7.45071e+09	6.42386e+09	6.02843e+09	7.06682e+09	6.36504e+09	6.44179e+09	7.92502e+09	7.85823e+09	7.87004e+09	7.90641e+09	7.52817e+09	7.91762e+09	7.36419e+09	7.31176e+09	6.74054e+09	7.68729e+09	7.71404e+09	7.73172e+09	6.1362e+09	7.07898e+09	5.79039e+09	5.97202e+09	6.06884e+09	7.45659e+09	7.37262e+09	7.02382e+09	7.41432e+09	7.37924e+09	7.24102e+09	7.52299e+09	6.56352e+09	7.59477e+09	7.54081e+09	4.55331e+09	6.51504e+09	7.68179e+09	6.98332e+09	6.93006e+09	6.70719e+09	6.17541e+09	6.84704e+09	6.73871e+09	5.86892e+09	6.09373e+09	5.897e+09	6.63481e+09	5.81347e+09	5.31269e+09	5.63565e+09	5.53731e+09	5.85463e+09	5.89927e+09	5.33286e+09	5.57847e+09	6.48522e+09	6.14997e+09	7.18541e+09	6.05365e+09	7.14891e+09	6.04015e+09	7.45335e+09	6.34493e+09	4.42652e+09	7.50342e+09	7.4908e+09	6.40199e+09	6.67199e+09	6.72059e+09	6.99332e+09	6.71847e+09	6.46822e+09	6.64922e+09
ERR617368	5.84228e+09	5.29262e+09	5.91368e+09	5.50435e+09	5.79604e+09	5.13418e+09	7.21087e+09	7.27574e+09	7.29141e+09	7.13015e+09	7.00709e+09	7.14822e+09	7.38073e+09	6.52053e+09	6.27211e+09	7.10948e+09	7.28049e+09	7.12891e+09	6.52282e+09	6.5643e+09	7.25143e+09	6.79115e+09	7.2953e+09	7.2841e+09	6.71242e+09	5.83434e+09	5.49251e+09	6.38728e+09	5.78294e+09	5.84996e+09	7.13345e+09	7.07802e+09	7.08721e+09	7.11794e+09	6.79521e+09	7.12737e+09	6.64835e+09	6.60463e+09	6.10979e+09	6.92753e+09	6.9505e+09	6.96578e+09	5.58408e+09	6.40489e+09	5.27886e+09	5.44047e+09	5.52543e+09	6.7291e+09	6.64789e+09	6.34607e+09	6.6841e+09	6.65332e+09	6.53476e+09	6.77732e+09	5.94767e+09	6.83571e+09	6.79008e+09	4.17219e+09	5.90562e+09	6.91055e+09	6.28878e+09	6.24445e+09	6.05126e+09	5.59209e+09	6.17322e+09	6.0792e+09	5.34092e+09	5.53824e+09	5.36622e+09	6.00871e+09	5.29274e+09	4.85312e+09	5.13008e+09	5.04261e+09	5.32188e+09	5.35868e+09	4.85901e+09	5.0797e+09	5.87266e+09	5.5816e+09	6.48508e+09	5.49679e+09	6.45341e+09	5.48451e+09	6.71481e+09	5.75751e+09	4.05965e+09	6.75786e+09	6.74686e+09	5.80639e+09	6.0386e+09	6.08066e+09	6.31661e+09	6.07799e+09	5.86142e+09	6.01909e+09
ERR617372	6.49712e+09	5.85655e+09	6.58236e+09	6.10392e+09	6.44214e+09	5.67302e+09	8.07996e+09	8.15608e+09	8.17572e+09	7.98488e+09	7.83919e+09	8.0067e+09	8.27784e+09	7.26245e+09	6.97062e+09	7.9582e+09	8.15941e+09	7.98098e+09	7.25547e+09	7.30579e+09	8.12795e+09	7.2953e+09	8.45818e+09	8.16688e+09	7.49505e+09	6.45971e+09	6.06064e+09	7.1076e+09	6.39981e+09	6.47689e+09	7.9761e+09	7.90965e+09	7.92149e+09	7.95799e+09	7.57685e+09	7.96933e+09	7.4121e+09	7.35912e+09	6.78305e+09	7.73823e+09	7.76531e+09	7.78348e+09	6.17249e+09	7.12348e+09	5.82456e+09	6.00647e+09	6.10401e+09	7.50358e+09	7.42113e+09	7.06888e+09	7.46336e+09	7.42795e+09	7.28818e+09	7.57254e+09	6.60241e+09	7.64328e+09	7.58891e+09	4.5767e+09	6.55382e+09	7.73054e+09	7.02776e+09	6.97384e+09	6.74923e+09	6.21271e+09	6.89042e+09	6.78018e+09	5.9021e+09	6.12928e+09	5.93066e+09	6.67506e+09	5.84637e+09	5.34152e+09	5.66518e+09	5.56702e+09	5.88649e+09	5.93149e+09	5.36067e+09	5.60857e+09	6.52724e+09	6.18965e+09	7.23331e+09	6.09229e+09	7.19614e+09	6.07785e+09	7.49945e+09	6.38122e+09	4.44831e+09	7.55022e+09	7.53764e+09	6.43853e+09	6.71417e+09	6.76337e+09	7.03864e+09	6.76059e+09	6.50869e+09	6.69156e+09
ERR617370	6.4849e+09	5.84587e+09	6.56882e+09	6.09271e+09	6.43018e+09	5.66301e+09	8.06617e+09	8.14185e+09	8.16094e+09	7.97062e+09	7.825e+09	7.99183e+09	8.26532e+09	7.2515e+09	6.96036e+09	7.94504e+09	8.14713e+09	7.96832e+09	7.24568e+09	7.29482e+09	8.11495e+09	7.2841e+09	8.16688e+09	8.43185e+09	7.48332e+09	6.45057e+09	6.05207e+09	7.09766e+09	6.3904e+09	6.46813e+09	7.96324e+09	7.89703e+09	7.9081e+09	7.94488e+09	7.5645e+09	7.95627e+09	7.3988e+09	7.34666e+09	6.77136e+09	7.72413e+09	7.75144e+09	7.76955e+09	6.1628e+09	7.11217e+09	5.81645e+09	5.99751e+09	6.0953e+09	7.49158e+09	7.40758e+09	7.05653e+09	7.44975e+09	7.41423e+09	7.27525e+09	7.55882e+09	6.59172e+09	7.63044e+09	7.57681e+09	4.57033e+09	6.54306e+09	7.71832e+09	7.01283e+09	6.95877e+09	6.73508e+09	6.19983e+09	6.87598e+09	6.76683e+09	5.89217e+09	6.11853e+09	5.92045e+09	6.66343e+09	5.83668e+09	5.33374e+09	5.65686e+09	5.55798e+09	5.8776e+09	5.92193e+09	5.35179e+09	5.60028e+09	6.51655e+09	6.17821e+09	7.21908e+09	6.08092e+09	7.18328e+09	6.06754e+09	7.48775e+09	6.37133e+09	4.4423e+09	7.538e+09	7.52477e+09	6.42847e+09	6.7029e+09	6.75239e+09	7.02676e+09	6.74989e+09	6.4984e+09	6.68042e+09
ERR612595	6.17518e+09	5.58595e+09	6.25932e+09	5.81698e+09	6.12581e+09	5.41125e+09	7.29861e+09	7.36918e+09	7.39377e+09	7.20348e+09	7.0593e+09	7.22412e+09	7.55225e+09	6.64094e+09	6.37357e+09	7.27385e+09	7.44441e+09	7.29025e+09	6.6554e+09	6.72197e+09	7.45071e+09	6.71242e+09	7.49505e+09	7.48332e+09	7.56692e+09	6.30908e+09	5.92322e+09	6.92188e+09	6.25353e+09	6.32392e+09	7.18419e+09	7.11444e+09	7.132e+09	7.16466e+09	6.79633e+09	7.17742e+09	6.73123e+09	6.67233e+09	6.16565e+09	7.01121e+09	7.03886e+09	7.0554e+09	5.66517e+09	6.48899e+09	5.31355e+09	5.51843e+09	5.60592e+09	6.83739e+09	6.68201e+09	6.35793e+09	6.71847e+09	6.68776e+09	6.55563e+09	6.82178e+09	6.1455e+09	7.05445e+09	7.00559e+09	4.30158e+09	6.0991e+09	7.13583e+09	6.59099e+09	6.53513e+09	6.34179e+09	5.84644e+09	6.46685e+09	6.37057e+09	5.45879e+09	5.65764e+09	5.48531e+09	6.1406e+09	5.41143e+09	4.9388e+09	5.35128e+09	5.26804e+09	5.55873e+09	5.60679e+09	5.08541e+09	5.3015e+09	5.79997e+09	5.5177e+09	6.47454e+09	5.43865e+09	6.43901e+09	5.4191e+09	6.89868e+09	5.92546e+09	4.17233e+09	6.94638e+09	6.93658e+09	5.9799e+09	6.22135e+09	6.26288e+09	6.51059e+09	6.25771e+09	6.02732e+09	6.20312e+09
ERR612598	5.38097e+09	4.90199e+09	5.44862e+09	5.09002e+09	5.34144e+09	4.75669e+09	6.29353e+09	6.3499e+09	6.36875e+09	6.2172e+09	6.0997e+09	6.23359e+09	6.50318e+09	5.77191e+09	5.55447e+09	6.27923e+09	6.41716e+09	6.29191e+09	5.78927e+09	5.84278e+09	6.42386e+09	5.83434e+09	6.45971e+09	6.45057e+09	6.30908e+09	5.74013e+09	5.20677e+09	6.01147e+09	5.47845e+09	5.53652e+09	6.21151e+09	6.1557e+09	6.16874e+09	6.19592e+09	5.89746e+09	6.20614e+09	5.84475e+09	5.79807e+09	5.3838e+09	6.07175e+09	6.09364e+09	6.10731e+09	4.97394e+09	5.64792e+09	4.67355e+09	4.85133e+09	4.92384e+09	5.9301e+09	5.78832e+09	5.52363e+09	5.81767e+09	5.79295e+09	5.686e+09	5.90165e+09	5.35846e+09	6.09528e+09	6.05561e+09	3.81183e+09	5.32006e+09	6.16019e+09	5.7042e+09	5.65969e+09	5.50327e+09	5.09938e+09	5.60442e+09	5.52831e+09	4.7901e+09	4.95509e+09	4.8119e+09	5.35041e+09	4.75143e+09	4.35683e+09	4.70185e+09	4.62984e+09	4.87373e+09	4.91138e+09	4.47478e+09	4.66031e+09	5.05638e+09	4.82355e+09	5.61608e+09	4.75835e+09	5.58669e+09	4.74126e+09	5.96839e+09	5.17633e+09	3.70164e+09	6.00713e+09	5.99937e+09	5.2205e+09	5.41576e+09	5.45036e+09	5.65218e+09	5.44491e+09	5.25488e+09	5.40066e+09
ERR612596	5.05528e+09	4.61589e+09	5.11622e+09	4.78831e+09	5.01966e+09	4.48347e+09	5.91761e+09	5.97073e+09	5.98668e+09	5.84849e+09	5.74209e+09	5.86296e+09	6.105e+09	5.43858e+09	5.24084e+09	5.90043e+09	6.02627e+09	5.91225e+09	5.45433e+09	5.50047e+09	6.02843e+09	5.49251e+09	6.06064e+09	6.05207e+09	5.92322e+09	5.20677e+09	5.11672e+09	5.65473e+09	5.16491e+09	5.21821e+09	5.84476e+09	5.79574e+09	5.80619e+09	5.83099e+09	5.55963e+09	5.84004e+09	5.50686e+09	5.46517e+09	5.08535e+09	5.71587e+09	5.73541e+09	5.74819e+09	4.70809e+09	5.33024e+09	4.43342e+09	4.59494e+09	4.66207e+09	5.58683e+09	5.45074e+09	5.209e+09	5.47837e+09	5.45555e+09	5.35801e+09	5.55503e+09	5.05131e+09	5.72633e+09	5.69037e+09	3.61692e+09	5.01603e+09	5.78573e+09	5.34901e+09	5.30969e+09	5.16435e+09	4.79562e+09	5.25832e+09	5.18797e+09	4.52686e+09	4.68064e+09	4.5474e+09	5.04346e+09	4.49148e+09	4.12875e+09	4.43714e+09	4.36956e+09	4.59505e+09	4.62827e+09	4.22444e+09	4.39867e+09	4.779e+09	4.56329e+09	5.29381e+09	4.50252e+09	5.26707e+09	4.48723e+09	5.61108e+09	4.88406e+09	3.51496e+09	5.6471e+09	5.6394e+09	4.92463e+09	5.10942e+09	5.14073e+09	5.32624e+09	5.1362e+09	4.96177e+09	5.09484e+09
ERR612597	5.85061e+09	5.30958e+09	5.92564e+09	5.52013e+09	5.80613e+09	5.14557e+09	6.94514e+09	7.01337e+09	7.03024e+09	6.85763e+09	6.72478e+09	6.87651e+09	7.17533e+09	6.33113e+09	6.08524e+09	6.9137e+09	7.07515e+09	6.92827e+09	6.34382e+09	6.39805e+09	7.06682e+09	6.38728e+09	7.1076e+09	7.09766e+09	6.92188e+09	6.01147e+09	5.65473e+09	6.82576e+09	5.95848e+09	6.02603e+09	6.84097e+09	6.77958e+09	6.7898e+09	6.82346e+09	6.48271e+09	6.8349e+09	6.41056e+09	6.36118e+09	5.88643e+09	6.67619e+09	6.70061e+09	6.71678e+09	5.42225e+09	6.195e+09	5.09943e+09	5.2841e+09	5.36613e+09	6.51519e+09	6.36246e+09	6.0636e+09	6.39707e+09	6.36819e+09	6.24837e+09	6.49202e+09	5.85382e+09	6.70612e+09	6.66049e+09	4.11919e+09	5.81085e+09	6.78001e+09	6.2293e+09	6.18138e+09	6.00074e+09	5.54427e+09	6.11762e+09	6.03112e+09	5.21008e+09	5.39854e+09	5.23424e+09	5.84733e+09	5.16629e+09	4.73012e+09	5.09695e+09	5.01485e+09	5.28944e+09	5.32954e+09	4.83781e+09	5.04927e+09	5.55281e+09	5.28048e+09	6.17353e+09	5.20494e+09	6.14169e+09	5.18848e+09	6.56388e+09	5.65086e+09	3.99791e+09	6.60822e+09	6.59724e+09	5.69986e+09	5.93677e+09	5.97717e+09	6.20773e+09	5.97298e+09	5.75732e+09	5.92022e+09
ERR612600	5.335e+09	4.8617e+09	5.4024e+09	5.0483e+09	5.29617e+09	4.71883e+09	6.23561e+09	6.29129e+09	6.31038e+09	6.15989e+09	6.04394e+09	6.17592e+09	6.44105e+09	5.72002e+09	5.50512e+09	6.22078e+09	6.35673e+09	6.23388e+09	5.73775e+09	5.79118e+09	6.36504e+09	5.78294e+09	6.39981e+09	6.3904e+09	6.25353e+09	5.47845e+09	5.16491e+09	5.95848e+09	5.64599e+09	5.49011e+09	6.15356e+09	6.09795e+09	6.11104e+09	6.13766e+09	5.84329e+09	6.14796e+09	5.79362e+09	5.7469e+09	5.33861e+09	6.01678e+09	6.03894e+09	6.05226e+09	4.93273e+09	5.59919e+09	4.63489e+09	4.81197e+09	4.88379e+09	5.87809e+09	5.73409e+09	5.47221e+09	5.76303e+09	5.73868e+09	5.63235e+09	5.84584e+09	5.31123e+09	6.03713e+09	5.99807e+09	3.78165e+09	5.27304e+09	6.10157e+09	5.65248e+09	5.6087e+09	5.454e+09	5.05572e+09	5.55426e+09	5.47909e+09	4.74921e+09	4.91219e+09	4.77104e+09	5.30293e+09	4.7113e+09	4.32008e+09	4.66286e+09	4.592e+09	4.8328e+09	4.87004e+09	4.43887e+09	4.62145e+09	5.00941e+09	4.77981e+09	5.56301e+09	4.71506e+09	5.53432e+09	4.69844e+09	5.91149e+09	5.13018e+09	3.67216e+09	5.95038e+09	5.94246e+09	5.17426e+09	5.36569e+09	5.39972e+09	5.59869e+09	5.39371e+09	5.20677e+09	5.35049e+09
ERR612599	5.39014e+09	4.90983e+09	5.45755e+09	5.09834e+09	5.35057e+09	4.76461e+09	6.31698e+09	6.37453e+09	6.39265e+09	6.24042e+09	6.12303e+09	6.25653e+09	6.5236e+09	5.7894e+09	5.57169e+09	6.29794e+09	6.43712e+09	6.31101e+09	5.80597e+09	5.85857e+09	6.44179e+09	5.84996e+09	6.47689e+09	6.46813e+09	6.32392e+09	5.53652e+09	5.21821e+09	6.02603e+09	5.49011e+09	5.76087e+09	6.23319e+09	6.1778e+09	6.18984e+09	6.21728e+09	5.91879e+09	6.22802e+09	5.8635e+09	5.81715e+09	5.40146e+09	6.09226e+09	6.11409e+09	6.12807e+09	4.98948e+09	5.6675e+09	4.69093e+09	4.86655e+09	4.93949e+09	5.95082e+09	5.80577e+09	5.54082e+09	5.83585e+09	5.81034e+09	5.70313e+09	5.91939e+09	5.36919e+09	6.10983e+09	6.07002e+09	3.81847e+09	5.33091e+09	6.1755e+09	5.7134e+09	5.66984e+09	5.51167e+09	5.10725e+09	5.6135e+09	5.53715e+09	4.79924e+09	4.96536e+09	4.82138e+09	5.36189e+09	4.76096e+09	4.36659e+09	4.70748e+09	4.63545e+09	4.87982e+09	4.91717e+09	4.47872e+09	4.66598e+09	5.07433e+09	4.83903e+09	5.63382e+09	4.77317e+09	5.60469e+09	4.7567e+09	5.98387e+09	5.18798e+09	3.70853e+09	6.02263e+09	6.0149e+09	5.23198e+09	5.43081e+09	5.465e+09	5.66768e+09	5.45981e+09	5.26948e+09	5.41485e+09
ERR636774	6.19559e+09	5.59282e+09	6.2685e+09	5.81897e+09	6.14409e+09	5.41863e+09	8.2632e+09	8.33063e+09	8.34248e+09	8.18133e+09	8.0515e+09	8.19936e+09	8.33274e+09	7.31644e+09	7.03734e+09	8.0055e+09	8.21459e+09	8.03146e+09	7.1301e+09	7.14313e+09	7.92502e+09	7.13345e+09	7.9761e+09	7.96324e+09	7.18419e+09	6.21151e+09	5.84476e+09	6.84097e+09	6.15356e+09	6.23319e+09	8.44738e+09	8.15794e+09	8.16144e+09	8.20173e+09	7.84553e+09	8.20953e+09	7.52003e+09	7.486e+09	6.88975e+09	7.8672e+09	7.89074e+09	7.90756e+09	6.23455e+09	7.21864e+09	5.93037e+09	6.06427e+09	6.16274e+09	7.58938e+09	7.6159e+09	7.2694e+09	7.66144e+09	7.62249e+09	7.49523e+09	7.76853e+09	6.50817e+09	7.56089e+09	7.50832e+09	4.50745e+09	6.45871e+09	7.64343e+09	6.7809e+09	6.74033e+09	6.51031e+09	6.00312e+09	6.65348e+09	6.54638e+09	5.90174e+09	6.13934e+09	5.92885e+09	6.68533e+09	5.84425e+09	5.3652e+09	5.48555e+09	5.3777e+09	5.69171e+09	5.72312e+09	5.16268e+09	5.42292e+09	6.81941e+09	6.43994e+09	7.48402e+09	6.3311e+09	7.45132e+09	6.32724e+09	7.454e+09	6.3131e+09	4.39319e+09	7.50123e+09	7.4846e+09	6.36836e+09	6.81393e+09	6.86748e+09	7.14767e+09	6.87071e+09	6.61696e+09	6.78921e+09
ERR636771	6.12607e+09	5.53185e+09	6.19583e+09	5.75427e+09	6.075e+09	5.36079e+09	8.2096e+09	8.27976e+09	8.28874e+09	8.1286e+09	8.00385e+09	8.14618e+09	8.2715e+09	7.26634e+09	6.99159e+09	7.94446e+09	8.15423e+09	7.97057e+09	7.07893e+09	7.08826e+09	7.85823e+09	7.07802e+09	7.90965e+09	7.89703e+09	7.11444e+09	6.1557e+09	5.79574e+09	6.77958e+09	6.09795e+09	6.1778e+09	8.15794e+09	8.33774e+09	8.10914e+09	8.14463e+09	7.79974e+09	8.15148e+09	7.46763e+09	7.43704e+09	6.84596e+09	7.81526e+09	7.83789e+09	7.85436e+09	6.19709e+09	7.17511e+09	5.9026e+09	6.02851e+09	6.12596e+09	7.54041e+09	7.56181e+09	7.22016e+09	7.60686e+09	7.56828e+09	7.44424e+09	7.71269e+09	6.4542e+09	7.49989e+09	7.44786e+09	4.47384e+09	6.40648e+09	7.58116e+09	6.70421e+09	6.66588e+09	6.43732e+09	5.93778e+09	6.5792e+09	6.47328e+09	5.85547e+09	6.09148e+09	5.88199e+09	6.63115e+09	5.79772e+09	5.32798e+09	5.43091e+09	5.3222e+09	5.63409e+09	5.66235e+09	5.10727e+09	5.36835e+09	6.78337e+09	6.40447e+09	7.4368e+09	6.29592e+09	7.40347e+09	6.2932e+09	7.3966e+09	6.26456e+09	4.36185e+09	7.44288e+09	7.42624e+09	6.31768e+09	6.76587e+09	6.81967e+09	7.09539e+09	6.82179e+09	6.57299e+09	6.7417e+09
ERR636770	6.15675e+09	5.55692e+09	6.22911e+09	5.78256e+09	6.10572e+09	5.38608e+09	8.2078e+09	8.27493e+09	8.29025e+09	8.12728e+09	8.00178e+09	8.14499e+09	8.27443e+09	7.2695e+09	6.99302e+09	7.95274e+09	8.15857e+09	7.97853e+09	7.08058e+09	7.09601e+09	7.87004e+09	7.08721e+09	7.92149e+09	7.9081e+09	7.132e+09	6.16874e+09	5.80619e+09	6.7898e+09	6.11104e+09	6.18984e+09	8.16144e+09	8.10914e+09	8.3422e+09	8.14707e+09	7.80214e+09	8.15516e+09	7.47901e+09	7.44314e+09	6.85315e+09	7.82088e+09	7.84413e+09	7.86075e+09	6.19915e+09	7.17552e+09	5.89508e+09	6.03029e+09	6.12802e+09	7.54435e+09	7.57159e+09	7.22768e+09	7.61655e+09	7.5782e+09	7.45088e+09	7.72281e+09	6.46492e+09	7.5044e+09	7.45217e+09	4.48151e+09	6.41618e+09	7.58698e+09	6.73836e+09	6.69791e+09	6.46922e+09	5.96646e+09	6.61175e+09	6.5036e+09	5.86941e+09	6.10448e+09	5.89608e+09	6.64615e+09	5.81179e+09	5.33414e+09	5.44955e+09	5.34383e+09	5.65405e+09	5.68585e+09	5.13183e+09	5.38758e+09	6.77803e+09	6.40606e+09	7.44114e+09	6.29818e+09	7.40739e+09	6.29403e+09	7.39968e+09	6.27303e+09	4.36912e+09	7.44602e+09	7.43058e+09	6.32743e+09	6.77032e+09	6.82327e+09	7.09944e+09	6.8244e+09	6.57534e+09	6.74661e+09
