	ERR636646	ERR636648	ERR636643	ERR636645	ERR636647	ERR636644	ERR608871	ERR608872	ERR608875	ERR608873	ERR608876	ERR608874	ERR612225	ERR612224	ERR612221	ERR612223	ERR612226	ERR612222	ERR613933	ERR613931	ERR613932	ERR613928	ERR613930	ERR613929	ERR607715	ERR607716	ERR607711	ERR607712	ERR607714	ERR607713	ERR629879	ERR629876	ERR629878	ERR629875	ERR629874	ERR629877	ERR636946	ERR636947	ERR636943	ERR636948	ERR636945	ERR636944	ERR626870	ERR626867	ERR626868	ERR626872	ERR626869	ERR626871	ERR618483	ERR618484	ERR618485	ERR618486	ERR618487	ERR618488	ERR616833	ERR616831	ERR616832	ERR616829	ERR616830	ERR616834	ERR616937	ERR616940	ERR616939	ERR616938	ERR616942	ERR616941	ERR626517	ERR626516	ERR626521	ERR626519	ERR626520	ERR626518	ERR608700	ERR608696	ERR608699	ERR608697	ERR608695	ERR608698	ERR630268	ERR630269	ERR630267	ERR630270	ERR630266	ERR630271	ERR626749	ERR626748	ERR626752	ERR626751	ERR626747	ERR626750	ERR617501	ERR617499	ERR617504	ERR617500	ERR617502	ERR617503
ERR636646	0	0.245312	0.245345	0.249685	0.233099	0.236246	0.441669	0.384036	0.417502	0.376502	0.421288	0.414229	0.365243	0.342169	0.358623	0.351976	0.343782	0.354333	0.283037	0.282574	0.28289	0.295839	0.295003	0.285049	0.302236	0.302331	0.302114	0.295867	0.3014	0.29946	0.5763	0.563741	0.579301	0.578596	0.561643	0.576674	0.330103	0.331037	0.318736	0.331988	0.322524	0.31991	0.366493	0.344418	0.339583	0.34332	0.340432	0.366662	0.496916	0.504878	0.499998	0.511182	0.506868	0.509098	0.406809	0.409876	0.406742	0.405118	0.400956	0.405257	0.478259	0.491628	0.477245	0.480837	0.491439	0.492096	0.402621	0.42045	0.401342	0.399598	0.401326	0.39573	0.566294	0.562274	0.565132	0.562722	0.603323	0.565476	0.405529	0.404177	0.410817	0.402985	0.425417	0.409386	0.521344	0.518656	0.525803	0.523026	0.518335	0.523253	0.530277	0.528226	0.55413	0.529526	0.54535	0.539748
ERR636648	0.245312	0	0.235671	0.271804	0.245154	0.240808	0.450194	0.382229	0.424163	0.371437	0.428716	0.420414	0.387644	0.352653	0.346639	0.344161	0.355859	0.346287	0.283687	0.284012	0.28404	0.284593	0.313777	0.283735	0.304458	0.302514	0.319448	0.306332	0.304553	0.307622	0.573408	0.557548	0.576469	0.5755	0.554795	0.573452	0.321922	0.322366	0.325553	0.322816	0.32046	0.319504	0.375827	0.334863	0.337272	0.334599	0.337289	0.376775	0.481582	0.49499	0.487191	0.502484	0.496491	0.50013	0.411882	0.402163	0.41242	0.40199	0.39933	0.410151	0.464997	0.482965	0.460714	0.467933	0.482578	0.483974	0.397863	0.408045	0.398498	0.397924	0.398531	0.402663	0.553808	0.549965	0.552729	0.54848	0.598958	0.553062	0.404038	0.409772	0.40574	0.404844	0.412188	0.416359	0.506215	0.503852	0.512333	0.50889	0.501934	0.509323	0.521626	0.520577	0.551048	0.521038	0.540961	0.534349
ERR636643	0.245345	0.235671	0	0.271997	0.245553	0.240221	0.451411	0.382897	0.424724	0.371781	0.429403	0.421059	0.388433	0.353289	0.34682	0.344833	0.356596	0.346791	0.284214	0.284528	0.28446	0.28497	0.314946	0.284268	0.305391	0.303523	0.320249	0.306597	0.305498	0.308723	0.573414	0.557065	0.576541	0.575379	0.554318	0.573505	0.322653	0.323178	0.326545	0.323589	0.321384	0.319762	0.376145	0.335373	0.337924	0.335171	0.337799	0.377187	0.481352	0.494837	0.486882	0.502158	0.496063	0.49983	0.412481	0.401946	0.413072	0.402242	0.399155	0.41075	0.465356	0.483702	0.460673	0.46782	0.483158	0.484474	0.397403	0.407353	0.397831	0.397344	0.397976	0.402667	0.553352	0.549439	0.552265	0.547765	0.599149	0.552665	0.404084	0.409892	0.405727	0.4048	0.411962	0.416556	0.505818	0.503535	0.511916	0.508635	0.501594	0.508984	0.520903	0.520134	0.550829	0.520476	0.540274	0.533619
ERR636645	0.249685	0.271804	0.271997	0	0.249374	0.249818	0.429066	0.392325	0.419309	0.391587	0.422	0.416224	0.344749	0.335389	0.374919	0.362371	0.335493	0.362522	0.296636	0.295769	0.296478	0.31762	0.277756	0.297434	0.30308	0.305285	0.290872	0.295498	0.301949	0.295588	0.583961	0.581139	0.586451	0.589867	0.579812	0.584848	0.342672	0.343301	0.320341	0.345686	0.329783	0.330873	0.381183	0.369972	0.35841	0.368735	0.361319	0.380341	0.515529	0.516541	0.516221	0.526854	0.524158	0.524969	0.39661	0.418675	0.395612	0.406242	0.40491	0.395812	0.491008	0.498029	0.496059	0.497812	0.498651	0.498243	0.415232	0.440187	0.414302	0.411827	0.414832	0.392068	0.588806	0.584106	0.587871	0.588203	0.609925	0.588415	0.40295	0.393738	0.410624	0.397494	0.434986	0.393878	0.542085	0.537955	0.54705	0.543953	0.540211	0.543898	0.552021	0.545734	0.567795	0.551453	0.563056	0.558819
ERR636647	0.233099	0.245154	0.245553	0.249374	0	0.236316	0.441013	0.383412	0.417041	0.376053	0.420783	0.413673	0.364276	0.340931	0.357794	0.35106	0.342572	0.353329	0.282632	0.282323	0.282533	0.29563	0.294587	0.284893	0.301897	0.301775	0.301782	0.295707	0.301127	0.29925	0.57599	0.563536	0.578825	0.578204	0.561421	0.57634	0.329892	0.330637	0.318608	0.33183	0.322164	0.319717	0.366559	0.344174	0.339442	0.343187	0.340156	0.366803	0.496565	0.50454	0.499637	0.510975	0.506509	0.508894	0.406469	0.409513	0.406423	0.40485	0.400593	0.404937	0.477943	0.491406	0.47693	0.480434	0.491255	0.491721	0.402278	0.420219	0.401127	0.399381	0.401066	0.395415	0.565979	0.561924	0.564873	0.56233	0.602746	0.565187	0.405067	0.403637	0.410376	0.402348	0.424962	0.408719	0.521113	0.518482	0.525491	0.522787	0.518122	0.522965	0.529985	0.527842	0.55375	0.529377	0.545098	0.539531
ERR636644	0.236246	0.240808	0.240221	0.249818	0.236316	0	0.441478	0.382795	0.419519	0.375222	0.423317	0.416014	0.36814	0.341249	0.35328	0.346691	0.343628	0.348346	0.280886	0.280723	0.280715	0.290821	0.294515	0.281336	0.297516	0.297062	0.302226	0.294471	0.296981	0.29643	0.57641	0.564435	0.579356	0.579457	0.562212	0.576785	0.324829	0.325314	0.317667	0.326419	0.318535	0.317322	0.373166	0.344282	0.341204	0.343805	0.342213	0.373529	0.493169	0.501986	0.496901	0.510033	0.505239	0.507935	0.403292	0.404685	0.403311	0.400116	0.397167	0.401929	0.473877	0.488151	0.472829	0.477681	0.488118	0.488823	0.39974	0.416433	0.399596	0.398245	0.399726	0.394517	0.565686	0.561568	0.564652	0.562008	0.6027	0.565093	0.399669	0.399787	0.404061	0.397931	0.41777	0.404634	0.5188	0.515917	0.524283	0.521064	0.515471	0.521413	0.531101	0.528409	0.555715	0.530354	0.547104	0.541433
ERR608871	0.441669	0.450194	0.451411	0.429066	0.441013	0.441478	0	0.315112	0.296753	0.335852	0.295738	0.296487	0.42684	0.434104	0.458005	0.447963	0.433427	0.448064	0.432236	0.43291	0.433042	0.442584	0.418207	0.431873	0.418379	0.419767	0.410634	0.417007	0.417986	0.415709	0.536729	0.549305	0.539148	0.547493	0.55017	0.53877	0.418456	0.41893	0.400293	0.420113	0.410619	0.413337	0.405208	0.442572	0.422432	0.438326	0.424107	0.402921	0.539595	0.522299	0.530146	0.529193	0.531883	0.52804	0.517906	0.534986	0.516655	0.527132	0.527386	0.517527	0.525925	0.51354	0.542202	0.530705	0.514371	0.512503	0.519975	0.53538	0.521175	0.519231	0.521206	0.503432	0.568597	0.564338	0.568714	0.574186	0.561416	0.569235	0.523861	0.519042	0.526438	0.521442	0.539347	0.518139	0.5446	0.541686	0.545056	0.544832	0.548811	0.5438	0.553983	0.543277	0.550232	0.553076	0.553028	0.552013
ERR608872	0.384036	0.382229	0.382897	0.392325	0.383412	0.382795	0.315112	0	0.286731	0.264952	0.29017	0.283605	0.409165	0.391519	0.388299	0.384841	0.392797	0.386132	0.367385	0.368306	0.36808	0.369458	0.382444	0.367063	0.363148	0.362005	0.369383	0.363371	0.362794	0.364885	0.537169	0.529399	0.540282	0.541237	0.528162	0.53775	0.348001	0.348715	0.343423	0.348632	0.345147	0.344843	0.355772	0.362138	0.350747	0.359025	0.3513	0.355601	0.494732	0.494672	0.493182	0.499762	0.497888	0.49805	0.488072	0.484168	0.487808	0.483988	0.481928	0.486432	0.485202	0.489848	0.490002	0.486907	0.489224	0.48917	0.464881	0.4733	0.466234	0.465385	0.466085	0.464719	0.535121	0.531448	0.534794	0.534144	0.565147	0.535043	0.484383	0.488489	0.484166	0.485229	0.486767	0.49335	0.505153	0.502749	0.507732	0.506398	0.504563	0.505897	0.522353	0.518434	0.53873	0.521736	0.533651	0.52931
ERR608875	0.417502	0.424163	0.424724	0.419309	0.417041	0.419519	0.296753	0.286731	0	0.300472	0.272351	0.271399	0.423655	0.421825	0.433058	0.427586	0.421528	0.428831	0.407763	0.408368	0.408314	0.415014	0.411033	0.408669	0.403676	0.403581	0.399954	0.39921	0.402843	0.401525	0.521376	0.521338	0.524072	0.525578	0.521442	0.522325	0.396486	0.397408	0.381814	0.397824	0.390069	0.388816	0.363122	0.403813	0.385288	0.400105	0.386108	0.361478	0.514652	0.502492	0.50724	0.504242	0.505928	0.502924	0.513111	0.517483	0.512725	0.514985	0.512205	0.51189	0.505729	0.499513	0.516891	0.506264	0.499287	0.498157	0.498686	0.510581	0.498723	0.497397	0.498476	0.491536	0.537954	0.535032	0.537795	0.54098	0.55172	0.538025	0.514766	0.514403	0.516535	0.51368	0.523433	0.51824	0.517306	0.515336	0.516447	0.516419	0.520011	0.515381	0.523249	0.517461	0.52689	0.522676	0.525859	0.523801
ERR608873	0.376502	0.371437	0.371781	0.391587	0.376053	0.375222	0.335852	0.264952	0.300472	0	0.304862	0.296472	0.413278	0.389194	0.376755	0.375944	0.391147	0.377804	0.358091	0.359144	0.358973	0.356971	0.382545	0.35821	0.357536	0.355802	0.368306	0.358169	0.357484	0.360865	0.54507	0.531668	0.548421	0.547689	0.529937	0.545327	0.336899	0.337554	0.337451	0.336989	0.336297	0.334694	0.354449	0.347905	0.341093	0.345512	0.340921	0.354685	0.489741	0.49552	0.49102	0.499898	0.496669	0.49813	0.486664	0.476515	0.486891	0.47878	0.475829	0.485018	0.481937	0.49166	0.482331	0.482395	0.4909	0.491382	0.45594	0.46179	0.4572	0.456752	0.45702	0.461413	0.533457	0.530013	0.532847	0.530356	0.573112	0.532972	0.480253	0.486896	0.47934	0.482081	0.478368	0.493363	0.501629	0.499646	0.505016	0.503331	0.499677	0.502996	0.520928	0.519083	0.542879	0.520514	0.535697	0.530386
ERR608876	0.421288	0.428716	0.429403	0.422	0.420783	0.423317	0.295738	0.29017	0.272351	0.304862	0	0.272132	0.425124	0.425115	0.438145	0.432632	0.424934	0.433769	0.412313	0.412795	0.413101	0.420218	0.414132	0.413423	0.408099	0.408135	0.403335	0.403274	0.407298	0.405709	0.521409	0.52238	0.523827	0.525713	0.522496	0.522338	0.401982	0.402648	0.386307	0.403197	0.394991	0.394007	0.365848	0.408994	0.389918	0.405446	0.390854	0.363883	0.51748	0.504618	0.509921	0.506136	0.508286	0.50492	0.515915	0.521276	0.515365	0.51842	0.515672	0.514565	0.508798	0.501575	0.520515	0.509291	0.501374	0.499983	0.502637	0.51505	0.502615	0.501149	0.502412	0.494438	0.539932	0.536939	0.539755	0.543248	0.551803	0.539795	0.518014	0.516929	0.51984	0.516497	0.527458	0.520554	0.520049	0.517835	0.518709	0.518847	0.52275	0.517773	0.524973	0.519103	0.527617	0.524512	0.526928	0.525216
ERR608874	0.414229	0.420414	0.421059	0.416224	0.413673	0.416014	0.296487	0.283605	0.271399	0.296472	0.272132	0	0.422044	0.418992	0.42921	0.42394	0.418737	0.425156	0.403992	0.404585	0.404709	0.411147	0.40823	0.404971	0.399794	0.399847	0.396847	0.395888	0.399188	0.398234	0.522752	0.522003	0.525394	0.527132	0.521914	0.523643	0.392145	0.392944	0.377952	0.393134	0.385836	0.384691	0.361886	0.400424	0.382263	0.396691	0.382984	0.360701	0.51307	0.501911	0.506332	0.504107	0.505361	0.502684	0.510691	0.514705	0.51025	0.512338	0.509491	0.50931	0.504272	0.498702	0.514842	0.504878	0.498479	0.497263	0.4957	0.507622	0.495984	0.494548	0.495831	0.489052	0.537746	0.534517	0.537538	0.540473	0.552945	0.53775	0.512119	0.511984	0.513634	0.510994	0.520401	0.51592	0.516318	0.514323	0.515771	0.515592	0.518672	0.514573	0.523385	0.517758	0.528089	0.522885	0.526716	0.524706
ERR612225	0.365243	0.387644	0.388433	0.344749	0.364276	0.36814	0.42684	0.409165	0.423655	0.413278	0.425124	0.422044	0	0.265164	0.33547	0.318238	0.261292	0.317204	0.357823	0.357031	0.358144	0.380309	0.327855	0.359953	0.349691	0.353003	0.329005	0.339098	0.348532	0.340128	0.561645	0.567324	0.56367	0.569681	0.567043	0.563175	0.390847	0.391679	0.361861	0.394215	0.37615	0.376916	0.404759	0.410231	0.395371	0.40862	0.397707	0.404	0.521914	0.512876	0.518283	0.521911	0.522542	0.520682	0.402026	0.438012	0.400455	0.421832	0.42025	0.402239	0.501143	0.499607	0.512191	0.507966	0.500637	0.499095	0.418513	0.449093	0.416116	0.412953	0.416608	0.38263	0.580647	0.575985	0.579518	0.582945	0.585405	0.580196	0.416228	0.399134	0.426263	0.407384	0.456363	0.396797	0.544148	0.539599	0.546983	0.54462	0.544718	0.544363	0.548741	0.539876	0.552233	0.548406	0.551257	0.549702
ERR612224	0.342169	0.352653	0.353289	0.335389	0.340931	0.341249	0.434104	0.391519	0.421825	0.389194	0.425115	0.418992	0.265164	0	0.279743	0.266094	0.241148	0.265444	0.325357	0.325523	0.326156	0.340541	0.317496	0.326738	0.320821	0.322591	0.315885	0.316422	0.320449	0.316667	0.557456	0.554869	0.56006	0.563928	0.553352	0.558554	0.354645	0.355298	0.339418	0.357099	0.345101	0.346094	0.397262	0.376167	0.369369	0.375484	0.370991	0.397398	0.49429	0.494194	0.494455	0.503883	0.501731	0.502497	0.386192	0.404854	0.38539	0.393876	0.392523	0.385603	0.475033	0.481728	0.480578	0.481565	0.482273	0.481918	0.383958	0.408715	0.382882	0.380978	0.383488	0.36223	0.55903	0.554198	0.557818	0.558469	0.579615	0.558529	0.390816	0.382854	0.397308	0.385612	0.419692	0.384148	0.51853	0.51456	0.523379	0.520231	0.517457	0.520258	0.530641	0.523882	0.544953	0.529963	0.540195	0.536813
ERR612221	0.358623	0.346639	0.34682	0.374919	0.357794	0.35328	0.458005	0.388299	0.433058	0.376755	0.438145	0.42921	0.33547	0.279743	0	0.245904	0.28562	0.246653	0.331468	0.33255	0.332616	0.327615	0.361173	0.33108	0.335444	0.33366	0.354104	0.34049	0.336255	0.341035	0.552677	0.53687	0.555664	0.55573	0.533643	0.552768	0.344616	0.345015	0.354165	0.345094	0.346183	0.346184	0.402475	0.353167	0.359489	0.353674	0.359113	0.40392	0.461069	0.474684	0.467084	0.483016	0.477149	0.481141	0.407179	0.392989	0.408008	0.394717	0.393385	0.405727	0.449617	0.467564	0.445629	0.453296	0.467276	0.468365	0.373705	0.381109	0.375062	0.375472	0.375502	0.381656	0.526408	0.522225	0.524908	0.521034	0.572973	0.52561	0.398339	0.406667	0.397249	0.400299	0.399608	0.413972	0.483752	0.48125	0.490881	0.487009	0.479742	0.487653	0.50603	0.504116	0.535315	0.505415	0.525608	0.519572
ERR612223	0.351976	0.344161	0.344833	0.362371	0.35106	0.346691	0.447963	0.384841	0.427586	0.375944	0.432632	0.42394	0.318238	0.266094	0.245904	0	0.271467	0.243292	0.32628	0.327186	0.327506	0.326738	0.347265	0.325729	0.3264	0.325454	0.341377	0.331076	0.327089	0.33061	0.552375	0.540841	0.555433	0.557114	0.537997	0.552919	0.341776	0.342067	0.346552	0.342743	0.341133	0.342345	0.401746	0.357973	0.360587	0.357461	0.360582	0.40282	0.46725	0.477443	0.471447	0.48683	0.481791	0.485007	0.399136	0.393204	0.399627	0.391364	0.390596	0.397906	0.453351	0.468418	0.452444	0.458497	0.468472	0.469175	0.373978	0.385765	0.375435	0.374934	0.375728	0.374772	0.533682	0.529178	0.532349	0.529863	0.572429	0.533205	0.393214	0.397956	0.393417	0.393532	0.401039	0.403487	0.490796	0.488007	0.497866	0.494242	0.487972	0.494701	0.511673	0.50808	0.537501	0.511009	0.529285	0.52351
ERR612226	0.343782	0.355859	0.356596	0.335493	0.342572	0.343628	0.433427	0.392797	0.421528	0.391147	0.424934	0.418737	0.261292	0.241148	0.28562	0.271467	0	0.271055	0.328412	0.328303	0.329155	0.344487	0.318178	0.329881	0.323713	0.325639	0.316678	0.318311	0.323263	0.319024	0.558008	0.556151	0.560582	0.564426	0.55473	0.558997	0.35841	0.359219	0.341319	0.361133	0.348108	0.349151	0.396808	0.37898	0.371344	0.378262	0.372978	0.396804	0.497296	0.496192	0.496899	0.505501	0.503637	0.503922	0.387721	0.408313	0.386836	0.396864	0.395381	0.387136	0.477783	0.483573	0.483788	0.484217	0.48418	0.483637	0.387621	0.413318	0.386383	0.384272	0.38699	0.364408	0.560932	0.556213	0.559656	0.560802	0.58004	0.560369	0.394035	0.384871	0.400855	0.388268	0.424352	0.385742	0.521077	0.517017	0.525663	0.522552	0.520122	0.522543	0.531992	0.525227	0.545278	0.531502	0.540782	0.537621
ERR612222	0.354333	0.346287	0.346791	0.362522	0.353329	0.348346	0.448064	0.386132	0.428831	0.377804	0.433769	0.425156	0.317204	0.265444	0.246653	0.243292	0.271055	0	0.327739	0.328747	0.328723	0.328152	0.346643	0.32692	0.327138	0.326323	0.342074	0.331904	0.327952	0.331271	0.552674	0.542049	0.555652	0.557818	0.539347	0.553094	0.34286	0.343139	0.347755	0.343833	0.342121	0.343651	0.403735	0.359245	0.361834	0.359439	0.362413	0.404708	0.466969	0.476463	0.471325	0.486839	0.481971	0.485106	0.396915	0.391931	0.397175	0.389644	0.389481	0.395707	0.452205	0.466716	0.451783	0.458126	0.467074	0.467529	0.373703	0.385862	0.375275	0.37513	0.375883	0.373132	0.53462	0.529982	0.533381	0.531181	0.572328	0.534272	0.390928	0.395514	0.391152	0.391464	0.399214	0.400537	0.49093	0.487534	0.498225	0.494256	0.487912	0.494777	0.512914	0.508795	0.538	0.512443	0.530149	0.524753
ERR613933	0.283037	0.283687	0.284214	0.296636	0.282632	0.280886	0.432236	0.367385	0.407763	0.358091	0.412313	0.403992	0.357823	0.325357	0.331468	0.32628	0.328412	0.327739	0	0.23061	0.230746	0.238955	0.257696	0.232318	0.272716	0.272195	0.282431	0.271757	0.272406	0.273564	0.571212	0.558384	0.574199	0.574247	0.555788	0.571529	0.303505	0.304063	0.30035	0.304686	0.298665	0.29749	0.356851	0.319301	0.319196	0.318984	0.319833	0.357339	0.497245	0.506355	0.501052	0.513855	0.509069	0.511638	0.415078	0.412675	0.415116	0.409813	0.406939	0.413428	0.478606	0.493197	0.477049	0.481866	0.492983	0.493623	0.385231	0.400864	0.384992	0.384243	0.385195	0.382647	0.557815	0.553626	0.556625	0.553639	0.596791	0.55722	0.410196	0.412057	0.41361	0.409146	0.424411	0.41745	0.517865	0.515021	0.523212	0.520279	0.514457	0.520442	0.537269	0.534601	0.561588	0.536654	0.553522	0.547999
ERR613931	0.282574	0.284012	0.284528	0.295769	0.282323	0.280723	0.43291	0.368306	0.408368	0.359144	0.412795	0.404585	0.357031	0.325523	0.33255	0.327186	0.328303	0.328747	0.23061	0	0.230677	0.23954	0.256697	0.232392	0.272988	0.272517	0.281889	0.271578	0.272588	0.273266	0.571446	0.5584	0.574306	0.574294	0.555917	0.571624	0.304782	0.305231	0.30103	0.306072	0.299518	0.298167	0.35717	0.320468	0.319946	0.320331	0.320852	0.357413	0.497893	0.506777	0.501648	0.514213	0.509492	0.511882	0.414521	0.4126	0.414583	0.409508	0.406459	0.412982	0.478974	0.493513	0.477662	0.482251	0.49329	0.493823	0.385074	0.401226	0.384816	0.384059	0.385173	0.381972	0.55855	0.554313	0.557289	0.554408	0.597323	0.55788	0.409796	0.411312	0.413538	0.408733	0.424765	0.416842	0.518529	0.515654	0.523821	0.520814	0.515137	0.520965	0.537517	0.534767	0.561596	0.53688	0.553509	0.547989
ERR613932	0.28289	0.28404	0.28446	0.296478	0.282533	0.280715	0.433042	0.36808	0.408314	0.358973	0.413101	0.404709	0.358144	0.326156	0.332616	0.327506	0.329155	0.328723	0.230746	0.230677	0	0.239312	0.257681	0.232345	0.272986	0.272404	0.282563	0.271856	0.272472	0.273518	0.571254	0.558062	0.574208	0.574125	0.555487	0.571435	0.304449	0.304956	0.30119	0.305786	0.29957	0.298145	0.357243	0.319952	0.319881	0.319838	0.32036	0.357668	0.497283	0.506445	0.501168	0.513974	0.509098	0.511652	0.414924	0.412387	0.414952	0.409548	0.406573	0.413396	0.47865	0.493241	0.477001	0.481664	0.492971	0.493604	0.384911	0.400701	0.384844	0.383977	0.384907	0.382249	0.557941	0.553709	0.556724	0.553685	0.597034	0.557304	0.409953	0.411865	0.413589	0.408988	0.424496	0.417312	0.517954	0.51501	0.523261	0.520219	0.51442	0.52046	0.537218	0.534566	0.56146	0.536525	0.553283	0.547746
ERR613928	0.295839	0.284593	0.28497	0.31762	0.29563	0.290821	0.442584	0.369458	0.415014	0.356971	0.420218	0.411147	0.380309	0.340541	0.327615	0.326738	0.344487	0.328152	0.238955	0.23954	0.239312	0	0.280693	0.237292	0.283206	0.281146	0.303651	0.28736	0.283483	0.28851	0.570096	0.553578	0.573157	0.572386	0.550555	0.57002	0.304081	0.304321	0.312402	0.304375	0.304347	0.30337	0.363775	0.313124	0.318929	0.313508	0.318708	0.364774	0.487086	0.500572	0.492833	0.508237	0.502242	0.505849	0.424504	0.411502	0.424993	0.412791	0.410506	0.422575	0.470931	0.48925	0.466294	0.473556	0.488701	0.489892	0.385745	0.394494	0.386949	0.38702	0.387058	0.393236	0.548237	0.54424	0.546957	0.542306	0.59488	0.547548	0.414958	0.422295	0.415705	0.41674	0.419509	0.42932	0.506943	0.504533	0.513236	0.510052	0.502619	0.510304	0.530602	0.529157	0.559279	0.530103	0.549854	0.543535
ERR613930	0.295003	0.313777	0.314946	0.277756	0.294587	0.294515	0.418207	0.382444	0.411033	0.382545	0.414132	0.40823	0.327855	0.317496	0.361173	0.347265	0.318178	0.346643	0.257696	0.256697	0.257681	0.280693	0	0.257565	0.278678	0.281981	0.266135	0.2719	0.277741	0.270595	0.583965	0.583407	0.586528	0.591189	0.582082	0.585198	0.327392	0.327932	0.30463	0.330348	0.313822	0.315953	0.374266	0.357791	0.34701	0.357039	0.35018	0.373047	0.527251	0.526693	0.527457	0.538026	0.53555	0.536007	0.405647	0.429368	0.404587	0.416356	0.415832	0.405038	0.501621	0.50739	0.507673	0.509026	0.507975	0.507439	0.405474	0.432157	0.404803	0.402542	0.405377	0.378955	0.591116	0.586144	0.590028	0.590705	0.609278	0.590809	0.411881	0.401923	0.4195	0.406327	0.44421	0.401163	0.550429	0.545778	0.555558	0.552273	0.548574	0.552441	0.566238	0.55899	0.580066	0.565704	0.576365	0.572795
ERR613929	0.285049	0.283735	0.284268	0.297434	0.284893	0.281336	0.431873	0.367063	0.408669	0.35821	0.413423	0.404971	0.359953	0.326738	0.33108	0.325729	0.329881	0.32692	0.232318	0.232392	0.232345	0.237292	0.257565	0	0.271607	0.270966	0.283157	0.272117	0.271204	0.272971	0.571848	0.559181	0.574691	0.57506	0.556532	0.57205	0.302226	0.302568	0.300694	0.303513	0.29776	0.297553	0.360288	0.320703	0.320772	0.320769	0.321628	0.360765	0.496633	0.505937	0.500654	0.514243	0.509395	0.512065	0.414837	0.41194	0.41488	0.408995	0.406756	0.41323	0.477699	0.492452	0.476106	0.481505	0.492144	0.49287	0.385818	0.401008	0.386439	0.385753	0.386685	0.383746	0.558589	0.554134	0.55726	0.5544	0.597237	0.557973	0.409073	0.411543	0.412168	0.408583	0.422608	0.41678	0.517604	0.514722	0.523447	0.520359	0.514165	0.520618	0.538715	0.535671	0.563019	0.538106	0.555174	0.549524
ERR607715	0.302236	0.304458	0.305391	0.30308	0.301897	0.297516	0.418379	0.363148	0.403676	0.357536	0.408099	0.399794	0.349691	0.320821	0.335444	0.3264	0.323713	0.327138	0.272716	0.272988	0.272986	0.283206	0.278678	0.271607	0	0.235675	0.247531	0.240064	0.235483	0.238257	0.57923	0.571888	0.582056	0.585186	0.569758	0.579729	0.297758	0.297916	0.292558	0.299497	0.292032	0.294108	0.381905	0.348118	0.344971	0.347086	0.346429	0.381546	0.509042	0.515653	0.511796	0.526066	0.521913	0.523946	0.414197	0.419348	0.414149	0.412769	0.412036	0.41329	0.487379	0.499748	0.488905	0.493336	0.499993	0.500146	0.397882	0.41584	0.399162	0.397706	0.399305	0.388883	0.57475	0.569923	0.573669	0.571689	0.604726	0.574401	0.408978	0.408481	0.413047	0.407444	0.427896	0.41106	0.532046	0.528327	0.538044	0.534766	0.529317	0.534932	0.55602	0.550964	0.576971	0.555369	0.570416	0.565467
ERR607716	0.302331	0.302514	0.303523	0.305285	0.301775	0.297062	0.419767	0.362005	0.403581	0.355802	0.408135	0.399847	0.353003	0.322591	0.33366	0.325454	0.325639	0.326323	0.272195	0.272517	0.272404	0.281146	0.281981	0.270966	0.235675	0	0.250059	0.240941	0.235908	0.239456	0.577443	0.568985	0.580213	0.583001	0.56682	0.577881	0.296142	0.296351	0.292838	0.297805	0.291214	0.293345	0.380787	0.345342	0.342925	0.344192	0.344265	0.380589	0.50576	0.513434	0.508792	0.523385	0.519033	0.5213	0.414988	0.417841	0.414922	0.412252	0.411169	0.413884	0.484744	0.497726	0.485517	0.490396	0.498004	0.498251	0.396288	0.413105	0.397575	0.396272	0.397689	0.389262	0.571383	0.566531	0.570253	0.567953	0.603033	0.570956	0.408852	0.409355	0.412421	0.407715	0.425767	0.412441	0.528632	0.525144	0.534687	0.531521	0.52572	0.531627	0.553012	0.548349	0.57488	0.552437	0.568023	0.562848
ERR607711	0.302114	0.319448	0.320249	0.290872	0.301782	0.302226	0.410634	0.369383	0.399954	0.368306	0.403335	0.396847	0.329005	0.315885	0.354104	0.341377	0.316678	0.342074	0.282431	0.281889	0.282563	0.303651	0.266135	0.283157	0.247531	0.250059	0	0.239692	0.246254	0.239838	0.583192	0.579433	0.585874	0.589232	0.577991	0.584035	0.31527	0.316049	0.292979	0.318153	0.302443	0.303422	0.377711	0.361979	0.352232	0.360631	0.354604	0.376611	0.525111	0.526828	0.525933	0.536367	0.533726	0.53444	0.4122	0.430678	0.411274	0.419544	0.417752	0.411472	0.501392	0.509304	0.505894	0.50725	0.509868	0.509349	0.408166	0.433108	0.407694	0.405258	0.408006	0.387098	0.588665	0.583721	0.587393	0.587173	0.610417	0.588095	0.414528	0.406652	0.421817	0.409748	0.443983	0.407661	0.548074	0.544331	0.552764	0.55002	0.546307	0.549939	0.565822	0.559786	0.581546	0.56522	0.576499	0.572487
ERR607712	0.295867	0.306332	0.306597	0.295498	0.295707	0.294471	0.417007	0.363371	0.39921	0.358169	0.403274	0.395888	0.339098	0.316422	0.34049	0.331076	0.318311	0.331904	0.271757	0.271578	0.271856	0.28736	0.2719	0.272117	0.240064	0.240941	0.239692	0	0.239317	0.236374	0.578911	0.570783	0.581562	0.58358	0.568865	0.57934	0.303078	0.303728	0.289282	0.305233	0.293428	0.293033	0.371627	0.346504	0.340806	0.345855	0.342457	0.371114	0.513581	0.518804	0.515745	0.527557	0.523899	0.525423	0.413256	0.421849	0.412934	0.414315	0.412083	0.412131	0.491701	0.503079	0.493614	0.49662	0.503345	0.503395	0.398594	0.419494	0.398456	0.39683	0.398751	0.385962	0.576995	0.572437	0.575858	0.574218	0.606577	0.576411	0.410757	0.407577	0.416702	0.407954	0.433785	0.410663	0.535968	0.532399	0.540895	0.537949	0.533313	0.537978	0.555819	0.551255	0.575526	0.5553	0.568867	0.56417
ERR607714	0.3014	0.304553	0.305498	0.301949	0.301127	0.296981	0.417986	0.362794	0.402843	0.357484	0.407298	0.399188	0.348532	0.320449	0.336255	0.327089	0.323263	0.327952	0.272406	0.272588	0.272472	0.283483	0.277741	0.271204	0.235483	0.235908	0.246254	0.239317	0	0.237595	0.579333	0.57193	0.582222	0.585292	0.569885	0.579966	0.297608	0.29774	0.291492	0.299544	0.291569	0.293491	0.380356	0.347608	0.344281	0.346689	0.345659	0.38005	0.509511	0.516092	0.512283	0.526355	0.522199	0.524235	0.414003	0.419596	0.413917	0.412983	0.412194	0.412931	0.48792	0.500086	0.489368	0.493772	0.500509	0.500624	0.397937	0.416352	0.399201	0.397635	0.399293	0.388729	0.575065	0.570261	0.573892	0.571997	0.605069	0.574581	0.409174	0.408467	0.413505	0.407568	0.428531	0.411051	0.532517	0.528852	0.538398	0.535241	0.529784	0.535303	0.556248	0.551078	0.577068	0.555567	0.570525	0.565567
ERR607713	0.29946	0.307622	0.308723	0.295588	0.29925	0.29643	0.415709	0.364885	0.401525	0.360865	0.405709	0.398234	0.340128	0.316667	0.341035	0.33061	0.319024	0.331271	0.273564	0.273266	0.273518	0.28851	0.270595	0.272971	0.238257	0.239456	0.239838	0.236374	0.237595	0	0.580072	0.573772	0.582595	0.585692	0.571811	0.580384	0.302884	0.303424	0.290679	0.305192	0.293698	0.295568	0.377791	0.350738	0.344854	0.349877	0.346942	0.377292	0.514211	0.519013	0.516387	0.529137	0.525618	0.526994	0.410642	0.421255	0.410225	0.412781	0.411808	0.409713	0.491336	0.501738	0.493936	0.497342	0.502036	0.502084	0.399234	0.420432	0.399861	0.398167	0.400244	0.385331	0.579235	0.574395	0.578041	0.576921	0.606656	0.578793	0.408847	0.405546	0.414445	0.406242	0.432258	0.407548	0.537398	0.533499	0.542908	0.539835	0.534802	0.539836	0.558658	0.553279	0.5778	0.558192	0.571942	0.567287
ERR629879	0.5763	0.573408	0.573414	0.583961	0.57599	0.57641	0.536729	0.537169	0.521376	0.54507	0.521409	0.522752	0.561645	0.557456	0.552677	0.552375	0.558008	0.552674	0.571212	0.571446	0.571254	0.570096	0.583965	0.571848	0.57923	0.577443	0.583192	0.578911	0.579333	0.580072	0	0.29082	0.277284	0.278826	0.293252	0.276466	0.610472	0.610841	0.605911	0.611283	0.60814	0.607591	0.527634	0.567536	0.555309	0.565312	0.553962	0.526461	0.408562	0.369324	0.38685	0.362173	0.371263	0.362695	0.492052	0.491816	0.49248	0.492058	0.488336	0.490823	0.410826	0.380462	0.437466	0.406212	0.380013	0.377707	0.48109	0.489738	0.481137	0.479698	0.480801	0.478564	0.374339	0.372624	0.374941	0.390566	0.345815	0.375729	0.493487	0.496252	0.492764	0.493597	0.494698	0.504199	0.39269	0.392199	0.382944	0.387052	0.404542	0.385037	0.374371	0.363012	0.347561	0.373196	0.353854	0.359045
ERR629876	0.563741	0.557548	0.557065	0.581139	0.563536	0.564435	0.549305	0.529399	0.521338	0.531668	0.52238	0.522003	0.567324	0.554869	0.53687	0.540841	0.556151	0.542049	0.558384	0.5584	0.558062	0.553578	0.583407	0.559181	0.571888	0.568985	0.579433	0.570783	0.57193	0.573772	0.29082	0	0.292932	0.28026	0.267368	0.289179	0.596912	0.597362	0.595853	0.597182	0.596214	0.593547	0.514989	0.546588	0.538644	0.545068	0.536274	0.514392	0.379625	0.354154	0.363472	0.341362	0.346929	0.341859	0.488916	0.471177	0.490096	0.478215	0.471611	0.4871	0.389442	0.372496	0.406947	0.379056	0.37097	0.370352	0.457193	0.460156	0.457089	0.456568	0.456556	0.469835	0.344353	0.343876	0.344564	0.354068	0.363753	0.344876	0.482728	0.492907	0.480576	0.485726	0.473104	0.50617	0.363705	0.365214	0.353932	0.358733	0.37272	0.356519	0.34827	0.344918	0.344371	0.346894	0.340445	0.341308
ERR629878	0.579301	0.576469	0.576541	0.586451	0.578825	0.579356	0.539148	0.540282	0.524072	0.548421	0.523827	0.525394	0.56367	0.56006	0.555664	0.555433	0.560582	0.555652	0.574199	0.574306	0.574208	0.573157	0.586528	0.574691	0.582056	0.580213	0.585874	0.581562	0.582222	0.582595	0.277284	0.292932	0	0.280048	0.295757	0.277282	0.613598	0.613993	0.608961	0.614426	0.61125	0.610756	0.530974	0.570953	0.558704	0.568819	0.557628	0.529631	0.411356	0.371373	0.389727	0.364539	0.373806	0.365032	0.493899	0.494427	0.494242	0.494299	0.490549	0.492786	0.413405	0.382597	0.440416	0.40892	0.382166	0.379749	0.48382	0.492775	0.48376	0.482419	0.483446	0.480899	0.376686	0.374977	0.377247	0.393076	0.346197	0.378052	0.495362	0.497691	0.494738	0.495284	0.49717	0.505442	0.395536	0.394956	0.385825	0.390098	0.407318	0.387892	0.377174	0.365573	0.349279	0.376085	0.355883	0.361276
ERR629875	0.578596	0.5755	0.575379	0.589867	0.578204	0.579457	0.547493	0.541237	0.525578	0.547689	0.525713	0.527132	0.569681	0.563928	0.55573	0.557114	0.564426	0.557818	0.574247	0.574294	0.574125	0.572386	0.591189	0.57506	0.585186	0.583001	0.589232	0.58358	0.585292	0.585692	0.278826	0.28026	0.280048	0	0.281872	0.278468	0.614847	0.615402	0.610524	0.615643	0.612658	0.610963	0.526628	0.567403	0.555987	0.565508	0.554439	0.525398	0.407302	0.370826	0.386973	0.359745	0.368855	0.360355	0.49947	0.494029	0.500222	0.496561	0.491265	0.498151	0.412374	0.38507	0.436567	0.405259	0.384031	0.382365	0.481972	0.489539	0.481632	0.480445	0.481102	0.483782	0.366362	0.365257	0.366637	0.381498	0.350173	0.36736	0.499387	0.503833	0.498618	0.500094	0.49809	0.51421	0.389256	0.389595	0.378251	0.383081	0.400383	0.380833	0.367373	0.359347	0.344064	0.366154	0.347782	0.352759
ERR629874	0.561643	0.554795	0.554318	0.579812	0.561421	0.562212	0.55017	0.528162	0.521442	0.529937	0.522496	0.521914	0.567043	0.553352	0.533643	0.537997	0.55473	0.539347	0.555788	0.555917	0.555487	0.550555	0.582082	0.556532	0.569758	0.56682	0.577991	0.568865	0.569885	0.571811	0.293252	0.267368	0.295757	0.281872	0	0.291551	0.59398	0.59438	0.593438	0.594291	0.593501	0.590903	0.513492	0.543091	0.535702	0.541689	0.533485	0.512922	0.375702	0.352396	0.360723	0.339172	0.34465	0.340119	0.487168	0.467479	0.488473	0.475408	0.468397	0.485216	0.386505	0.371291	0.402745	0.376073	0.369459	0.369225	0.453419	0.455446	0.453198	0.452884	0.452563	0.467714	0.34183	0.341356	0.341995	0.350892	0.366343	0.342499	0.480526	0.491334	0.477881	0.483762	0.469412	0.505359	0.360396	0.361751	0.350976	0.355439	0.36865	0.353471	0.346381	0.344187	0.345477	0.345335	0.34104	0.341106
ERR629877	0.576674	0.573452	0.573505	0.584848	0.57634	0.576785	0.53877	0.53775	0.522325	0.545327	0.522338	0.523643	0.563175	0.558554	0.552768	0.552919	0.558997	0.553094	0.571529	0.571624	0.571435	0.57002	0.585198	0.57205	0.579729	0.577881	0.584035	0.57934	0.579966	0.580384	0.276466	0.289179	0.277282	0.278468	0.291551	0	0.610771	0.611141	0.606486	0.611585	0.608454	0.607847	0.528065	0.567314	0.555256	0.565135	0.55406	0.526781	0.407535	0.368348	0.385989	0.361099	0.370178	0.361723	0.492306	0.491136	0.492907	0.491581	0.487712	0.491135	0.409855	0.380144	0.436314	0.405072	0.379765	0.377526	0.480303	0.488768	0.480357	0.479062	0.480121	0.478837	0.372212	0.370485	0.372782	0.387944	0.346588	0.373312	0.493259	0.496275	0.492473	0.493558	0.493947	0.504733	0.39105	0.390619	0.381455	0.385525	0.402605	0.383332	0.37303	0.362322	0.347525	0.371989	0.353086	0.358159
ERR636946	0.330103	0.321922	0.322653	0.342672	0.329892	0.324829	0.418456	0.348001	0.396486	0.336899	0.401982	0.392145	0.390847	0.354645	0.344616	0.341776	0.35841	0.34286	0.303505	0.304782	0.304449	0.304081	0.327392	0.302226	0.297758	0.296142	0.31527	0.303078	0.297608	0.302884	0.610472	0.596912	0.613598	0.614847	0.59398	0.610771	0	0.238894	0.252849	0.239171	0.242505	0.243903	0.371753	0.323872	0.326805	0.323164	0.327354	0.372578	0.526836	0.541565	0.533271	0.550923	0.545002	0.548883	0.467449	0.457468	0.467967	0.457787	0.456964	0.466051	0.512057	0.530512	0.506815	0.51632	0.530079	0.531299	0.43605	0.443418	0.438137	0.438093	0.438466	0.441189	0.592405	0.5882	0.591455	0.586501	0.636394	0.592057	0.457057	0.46372	0.456939	0.458763	0.45974	0.468523	0.549464	0.546737	0.556557	0.553079	0.544745	0.553311	0.577705	0.575647	0.606018	0.577399	0.597673	0.591235
ERR636947	0.331037	0.322366	0.323178	0.343301	0.330637	0.325314	0.41893	0.348715	0.397408	0.337554	0.402648	0.392944	0.391679	0.355298	0.345015	0.342067	0.359219	0.343139	0.304063	0.305231	0.304956	0.304321	0.327932	0.302568	0.297916	0.296351	0.316049	0.303728	0.29774	0.303424	0.610841	0.597362	0.613993	0.615402	0.59438	0.611141	0.238894	0	0.253349	0.239154	0.242729	0.244424	0.373133	0.324861	0.328	0.324147	0.328577	0.373915	0.527104	0.541935	0.533593	0.551419	0.545357	0.549396	0.467889	0.457789	0.468521	0.458087	0.457403	0.466465	0.512296	0.530836	0.507139	0.516656	0.530405	0.53159	0.436379	0.443598	0.438524	0.43846	0.438746	0.441558	0.592968	0.588606	0.591972	0.586939	0.636768	0.592504	0.457021	0.463823	0.456889	0.458774	0.459574	0.468615	0.549817	0.547103	0.557035	0.553574	0.545169	0.553767	0.578375	0.576244	0.606734	0.578041	0.598341	0.591865
ERR636943	0.318736	0.325553	0.326545	0.320341	0.318608	0.317667	0.400293	0.343423	0.381814	0.337451	0.386307	0.377952	0.361861	0.339418	0.354165	0.346552	0.341319	0.347755	0.30035	0.30103	0.30119	0.312402	0.30463	0.300694	0.292558	0.292838	0.292979	0.289282	0.291492	0.290679	0.605911	0.595853	0.608961	0.610524	0.593438	0.606486	0.252849	0.253349	0	0.254612	0.243857	0.244043	0.35596	0.330227	0.324209	0.328573	0.325776	0.356114	0.534322	0.543244	0.538157	0.551876	0.547538	0.54997	0.45735	0.460163	0.457139	0.455702	0.453938	0.456248	0.517157	0.530801	0.516041	0.521579	0.530718	0.531218	0.43729	0.452285	0.438022	0.436636	0.437999	0.430667	0.597516	0.593231	0.596485	0.593567	0.633427	0.59708	0.45373	0.453784	0.456823	0.452506	0.467491	0.45729	0.557049	0.553866	0.562561	0.559623	0.553522	0.559675	0.579271	0.575988	0.602255	0.578874	0.595376	0.589852
ERR636948	0.331988	0.322816	0.323589	0.345686	0.33183	0.326419	0.420113	0.348632	0.397824	0.336989	0.403197	0.393134	0.394215	0.357099	0.345094	0.342743	0.361133	0.343833	0.304686	0.306072	0.305786	0.304375	0.330348	0.303513	0.299497	0.297805	0.318153	0.305233	0.299544	0.305192	0.611283	0.597182	0.614426	0.615643	0.594291	0.611585	0.239171	0.239154	0.254612	0	0.243548	0.244757	0.37291	0.323955	0.327567	0.323141	0.327879	0.373893	0.526887	0.542247	0.533644	0.55156	0.545377	0.549469	0.46968	0.458429	0.470156	0.459216	0.458414	0.468152	0.512419	0.531389	0.506851	0.516507	0.530917	0.53215	0.437088	0.443512	0.439162	0.43915	0.439278	0.443224	0.59234	0.588189	0.591317	0.586104	0.63725	0.591883	0.458421	0.465611	0.458051	0.460302	0.460041	0.470715	0.549289	0.546662	0.556546	0.553029	0.544632	0.553291	0.578031	0.576149	0.606913	0.57773	0.598283	0.59173
ERR636945	0.322524	0.32046	0.321384	0.329783	0.322164	0.318535	0.410619	0.345147	0.390069	0.336297	0.394991	0.385836	0.37615	0.345101	0.346183	0.341133	0.348108	0.342121	0.298665	0.299518	0.29957	0.304347	0.313822	0.29776	0.292032	0.291214	0.302443	0.293428	0.291569	0.293698	0.60814	0.596214	0.61125	0.612658	0.593501	0.608454	0.242505	0.242729	0.243857	0.243548	0	0.240058	0.363977	0.324484	0.323515	0.323589	0.324653	0.364555	0.529216	0.541412	0.534806	0.550871	0.545503	0.548899	0.459673	0.455731	0.460016	0.453802	0.452757	0.458286	0.512855	0.529182	0.50943	0.517482	0.528804	0.529749	0.433658	0.444557	0.435049	0.434468	0.435353	0.433221	0.594461	0.590156	0.593474	0.589411	0.635078	0.594028	0.452623	0.456386	0.454055	0.453127	0.460535	0.460648	0.552211	0.549137	0.558831	0.555405	0.547889	0.555527	0.578019	0.575288	0.604276	0.577834	0.59657	0.590611
ERR636944	0.31991	0.319504	0.319762	0.330873	0.319717	0.317322	0.413337	0.344843	0.388816	0.334694	0.394007	0.384691	0.376916	0.346094	0.346184	0.342345	0.349151	0.343651	0.29749	0.298167	0.298145	0.30337	0.315953	0.297553	0.294108	0.293345	0.303422	0.293033	0.293491	0.295568	0.607591	0.593547	0.610756	0.610963	0.590903	0.607847	0.243903	0.244424	0.244043	0.244757	0.240058	0	0.358061	0.320171	0.319758	0.319717	0.320811	0.358792	0.528862	0.541669	0.534456	0.549649	0.544303	0.547651	0.46285	0.456493	0.463269	0.455689	0.453523	0.4614	0.513733	0.531092	0.509378	0.517027	0.530489	0.531522	0.433173	0.443901	0.434012	0.433566	0.434205	0.434388	0.592345	0.588301	0.591398	0.586749	0.635464	0.591792	0.454682	0.458801	0.456552	0.455132	0.462221	0.463981	0.551028	0.548113	0.557004	0.553758	0.546445	0.553982	0.575519	0.573793	0.602446	0.57521	0.593959	0.587658
ERR626870	0.366493	0.375827	0.376145	0.381183	0.366559	0.373166	0.405208	0.355772	0.363122	0.354449	0.365848	0.361886	0.404759	0.397262	0.402475	0.401746	0.396808	0.403735	0.356851	0.35717	0.357243	0.363775	0.374266	0.360288	0.381905	0.380787	0.377711	0.371627	0.380356	0.377791	0.527634	0.514989	0.530974	0.526628	0.513492	0.528065	0.371753	0.373133	0.35596	0.37291	0.363977	0.358061	0	0.298742	0.280455	0.295895	0.280772	0.25841	0.495422	0.492938	0.493451	0.491457	0.490702	0.489673	0.487438	0.483447	0.487504	0.485011	0.478979	0.485489	0.486852	0.490061	0.490267	0.484272	0.488781	0.488863	0.461465	0.472573	0.459683	0.458786	0.459576	0.459828	0.522272	0.520452	0.521668	0.521759	0.559406	0.521601	0.491347	0.492844	0.493217	0.490394	0.496939	0.500982	0.500604	0.498559	0.49918	0.498571	0.499464	0.498072	0.503942	0.503556	0.517722	0.50438	0.512919	0.509298
ERR626867	0.344418	0.334863	0.335373	0.369972	0.344174	0.344282	0.442572	0.362138	0.403813	0.347905	0.408994	0.400424	0.410231	0.376167	0.353167	0.357973	0.37898	0.359245	0.319301	0.320468	0.319952	0.313124	0.357791	0.320703	0.348118	0.345342	0.361979	0.346504	0.347608	0.350738	0.567536	0.546588	0.570953	0.567403	0.543091	0.567314	0.323872	0.324861	0.330227	0.323955	0.324484	0.320171	0.298742	0	0.252316	0.246321	0.251502	0.301431	0.485468	0.501094	0.492641	0.505257	0.499431	0.503043	0.467218	0.448383	0.468047	0.454371	0.450244	0.464814	0.475563	0.4946	0.467604	0.475245	0.49292	0.494835	0.426683	0.429338	0.426877	0.427588	0.426917	0.438265	0.536356	0.533768	0.535469	0.529801	0.593598	0.535757	0.462382	0.471756	0.460785	0.46515	0.455921	0.480925	0.500014	0.498015	0.504695	0.501976	0.494216	0.502077	0.521864	0.523345	0.552526	0.522182	0.543271	0.536422
ERR626868	0.339583	0.337272	0.337924	0.35841	0.339442	0.341204	0.422432	0.350747	0.385288	0.341093	0.389918	0.382263	0.395371	0.369369	0.359489	0.360587	0.371344	0.361834	0.319196	0.319946	0.319881	0.318929	0.34701	0.320772	0.344971	0.342925	0.352232	0.340806	0.344281	0.344854	0.555309	0.538644	0.558704	0.555987	0.535702	0.555256	0.326805	0.328	0.324209	0.327567	0.323515	0.319758	0.280455	0.252316	0	0.252016	0.248873	0.282401	0.485945	0.495386	0.490065	0.499655	0.495211	0.497709	0.462435	0.451677	0.462787	0.454656	0.450634	0.460096	0.47444	0.488345	0.47077	0.474626	0.486896	0.488271	0.430134	0.437243	0.429934	0.429926	0.429982	0.434373	0.533369	0.530797	0.532699	0.529338	0.582376	0.533015	0.461407	0.46726	0.461122	0.46254	0.460823	0.475066	0.499465	0.496746	0.502926	0.500602	0.494831	0.500405	0.516996	0.51704	0.542457	0.51741	0.535002	0.52926
