	ERR612618	ERR612614	ERR612613	ERR612616	ERR612617	ERR612615	ERR626766	ERR626765	ERR626769	ERR626770	ERR626768	ERR626767	ERR608119	ERR608117	ERR608118	ERR608121	ERR608122	ERR608120	ERR637031	ERR637027	ERR637030	ERR637029	ERR637028	ERR637032	ERR626884	ERR626883	ERR626881	ERR626880	ERR626882	ERR626879	ERR636741	ERR636740	ERR636742	ERR636743	ERR636739	ERR636744	ERR607762	ERR607759	ERR607761	ERR607760	ERR637124	ERR637123	ERR609044	ERR609041	ERR609043	ERR609040	ERR609039	ERR609042	ERR631676	ERR631677	ERR631678	ERR631675	ERR631674	ERR631673	ERR608461	ERR608457	ERR608462	ERR608458	ERR608459	ERR608460	ERR638212	ERR638208	ERR638211	ERR638209	ERR638210	ERR638207	ERR630183	ERR630186	ERR630182	ERR630184	ERR630187	ERR630185	ERR617457	ERR617460	ERR617459	ERR617462	ERR617458	ERR617461	ERR630443	ERR630444	ERR630442	ERR630445	ERR630440	ERR630441	ERR613300	ERR613304	ERR613301	ERR613303	ERR613302	ERR613299	ERR605600	ERR605599	ERR605602	ERR605603	ERR605604	ERR605601
ERR612618	8.06705e+09	7.53688e+09	8.61063e+09	7.88103e+09	7.88546e+09	8.34891e+09	7.97783e+09	8.26131e+09	7.83321e+09	7.76741e+09	7.78861e+09	8.01611e+09	7.81901e+09	7.43772e+09	7.81033e+09	6.96317e+09	7.00785e+09	6.86739e+09	8.27133e+09	8.00267e+09	7.56639e+09	8.03186e+09	7.27366e+09	8.17047e+09	7.8309e+09	6.34948e+09	7.51037e+09	7.45363e+09	6.42173e+09	7.96696e+09	7.79324e+09	7.7989e+09	7.59146e+09	7.62254e+09	7.52517e+09	7.66958e+09	7.12227e+09	8.25272e+09	7.21155e+09	7.15144e+09	8.29659e+09	8.0957e+09	6.35764e+09	7.88057e+09	6.29053e+09	7.87488e+09	7.5254e+09	6.26873e+09	7.32244e+09	7.36262e+09	7.25424e+09	7.56447e+09	6.94433e+09	7.25783e+09	7.57559e+09	5.82135e+09	7.54413e+09	7.04819e+09	7.3994e+09	7.79743e+09	6.6699e+09	6.31232e+09	7.31693e+09	6.20705e+09	7.2842e+09	6.20117e+09	7.41575e+09	6.88223e+09	7.91839e+09	7.10237e+09	6.37205e+09	6.56968e+09	6.47293e+09	7.06325e+09	6.58365e+09	6.77632e+09	6.54994e+09	7.13799e+09	6.90708e+09	6.83537e+09	6.88073e+09	7.02736e+09	7.00813e+09	6.56208e+09	7.75977e+09	6.09701e+09	7.45959e+09	6.10836e+09	5.84301e+09	8.09122e+09	7.28021e+09	7.55692e+09	7.13831e+09	7.21697e+09	7.12801e+09	6.97715e+09
ERR612614	7.53688e+09	7.4659e+09	8.24312e+09	7.57108e+09	7.57667e+09	8.00654e+09	7.64567e+09	7.91007e+09	7.50554e+09	7.4428e+09	7.46415e+09	7.67994e+09	7.51289e+09	7.15853e+09	7.50167e+09	6.70934e+09	6.75129e+09	6.62015e+09	7.93167e+09	7.68345e+09	7.28214e+09	7.70984e+09	7.01211e+09	7.8385e+09	7.49654e+09	6.09548e+09	7.19681e+09	7.14483e+09	6.16295e+09	7.62499e+09	7.49598e+09	7.4991e+09	7.3087e+09	7.33659e+09	7.24848e+09	7.38046e+09	6.87132e+09	7.91471e+09	6.95385e+09	6.89762e+09	7.95341e+09	7.77043e+09	6.10705e+09	7.55215e+09	6.04306e+09	7.54489e+09	7.22002e+09	6.02281e+09	7.05216e+09	7.09017e+09	6.98952e+09	7.27523e+09	6.69534e+09	6.99099e+09	7.25876e+09	5.60834e+09	7.23056e+09	6.76273e+09	7.09135e+09	7.46797e+09	6.44727e+09	6.10609e+09	7.05034e+09	6.0045e+09	7.0197e+09	6.00105e+09	7.14546e+09	6.64122e+09	7.60965e+09	6.85057e+09	6.16171e+09	6.34637e+09	6.19868e+09	6.75006e+09	6.2979e+09	6.4832e+09	6.2668e+09	6.82043e+09	6.61691e+09	6.54993e+09	6.59565e+09	6.73196e+09	6.71672e+09	6.29802e+09	7.44627e+09	5.87491e+09	7.1644e+09	5.88637e+09	5.63568e+09	7.75217e+09	6.99069e+09	7.25168e+09	6.85535e+09	6.92995e+09	6.846e+09	6.70565e+09
ERR612613	8.61063e+09	8.24312e+09	9.8521e+09	8.65617e+09	8.66241e+09	9.24331e+09	8.84777e+09	9.18395e+09	8.68575e+09	8.6089e+09	8.63269e+09	8.89494e+09	8.5956e+09	8.13785e+09	8.58921e+09	7.59189e+09	7.64532e+09	7.47993e+09	9.15471e+09	8.82322e+09	8.28933e+09	8.85848e+09	7.93867e+09	9.02942e+09	8.68535e+09	6.98122e+09	8.30738e+09	8.23956e+09	7.06531e+09	8.84457e+09	8.56431e+09	8.57214e+09	8.31533e+09	8.35214e+09	8.23462e+09	8.41081e+09	7.74591e+09	9.12983e+09	7.85195e+09	7.78073e+09	9.18624e+09	8.93361e+09	6.98119e+09	8.72015e+09	6.90592e+09	8.71958e+09	8.30467e+09	6.87999e+09	8.00736e+09	8.05547e+09	7.9274e+09	8.30125e+09	7.57158e+09	7.9338e+09	8.39467e+09	6.37395e+09	8.35649e+09	7.78515e+09	8.19467e+09	8.65243e+09	7.23617e+09	6.8338e+09	7.99786e+09	6.71718e+09	7.95803e+09	6.70869e+09	8.11326e+09	7.49861e+09	8.72056e+09	7.75076e+09	6.91361e+09	7.1416e+09	7.1926e+09	7.888e+09	7.32964e+09	7.54764e+09	7.29041e+09	7.9751e+09	7.66713e+09	7.58285e+09	7.63378e+09	7.80332e+09	7.77813e+09	7.25949e+09	8.57898e+09	6.67128e+09	8.22972e+09	6.68329e+09	6.38148e+09	8.97815e+09	8.04387e+09	8.36383e+09	7.88117e+09	7.97233e+09	7.86961e+09	7.69328e+09
ERR612616	7.88103e+09	7.57108e+09	8.65617e+09	8.14681e+09	7.92439e+09	8.3924e+09	8.01834e+09	8.3045e+09	7.87326e+09	7.80743e+09	7.82826e+09	8.0573e+09	7.85663e+09	7.47163e+09	7.84778e+09	6.99336e+09	7.03862e+09	6.89709e+09	8.31334e+09	8.04193e+09	7.60163e+09	8.07067e+09	7.30618e+09	8.2114e+09	7.87032e+09	6.37891e+09	7.54766e+09	7.49012e+09	6.45115e+09	8.00709e+09	7.83083e+09	7.83572e+09	7.62613e+09	7.65727e+09	7.55966e+09	7.70512e+09	7.15277e+09	8.29395e+09	7.24283e+09	7.18237e+09	8.33842e+09	8.13537e+09	6.38576e+09	7.91946e+09	6.31863e+09	7.91392e+09	7.56191e+09	6.29686e+09	7.35565e+09	7.39641e+09	7.28736e+09	7.59993e+09	6.97486e+09	7.29081e+09	7.61407e+09	5.84883e+09	7.58211e+09	7.083e+09	7.43597e+09	7.83739e+09	6.69888e+09	6.33811e+09	7.35071e+09	6.23172e+09	7.31724e+09	6.22687e+09	7.45071e+09	6.91322e+09	7.95808e+09	7.13482e+09	6.39976e+09	6.59865e+09	6.50728e+09	7.10243e+09	6.61926e+09	6.81339e+09	6.5853e+09	7.17775e+09	6.94221e+09	6.86965e+09	6.91557e+09	7.06302e+09	7.0434e+09	6.59453e+09	7.7984e+09	6.12517e+09	7.49644e+09	6.13645e+09	5.86983e+09	8.13262e+09	7.3165e+09	7.59566e+09	7.17416e+09	7.25339e+09	7.1637e+09	7.01178e+09
ERR612617	7.88546e+09	7.57667e+09	8.66241e+09	7.92439e+09	8.15348e+09	8.39945e+09	8.02329e+09	8.30889e+09	7.87669e+09	7.81041e+09	7.83216e+09	8.06152e+09	7.85952e+09	7.47386e+09	7.84954e+09	6.99421e+09	7.03939e+09	6.8986e+09	8.32014e+09	8.04692e+09	7.60632e+09	8.07562e+09	7.31186e+09	8.21727e+09	7.87261e+09	6.37887e+09	7.54914e+09	7.49264e+09	6.4517e+09	8.00946e+09	7.83629e+09	7.84105e+09	7.63135e+09	7.66251e+09	7.56461e+09	7.71043e+09	7.15608e+09	8.29972e+09	7.24615e+09	7.18535e+09	8.34261e+09	8.14091e+09	6.38664e+09	7.92259e+09	6.31938e+09	7.91633e+09	7.56563e+09	6.29751e+09	7.36139e+09	7.40196e+09	7.29305e+09	7.6046e+09	6.97955e+09	7.29592e+09	7.61721e+09	5.85332e+09	7.58595e+09	7.08642e+09	7.43881e+09	7.84112e+09	6.70607e+09	6.34402e+09	7.35678e+09	6.23721e+09	7.32366e+09	6.23221e+09	7.45637e+09	6.91724e+09	7.96374e+09	7.13972e+09	6.40424e+09	6.60291e+09	6.5118e+09	7.10509e+09	6.62258e+09	6.81749e+09	6.58821e+09	7.18084e+09	6.94695e+09	6.87503e+09	6.92101e+09	7.06908e+09	7.0494e+09	6.60091e+09	7.80454e+09	6.12997e+09	7.50288e+09	6.14169e+09	5.87536e+09	8.13798e+09	7.32335e+09	7.60212e+09	7.1797e+09	7.25942e+09	7.16945e+09	7.01844e+09
ERR612615	8.34891e+09	8.00654e+09	9.24331e+09	8.3924e+09	8.39945e+09	9.20094e+09	8.55376e+09	8.86952e+09	8.39324e+09	8.31923e+09	8.34322e+09	8.59586e+09	8.33102e+09	7.89772e+09	8.31675e+09	7.36974e+09	7.42026e+09	7.26785e+09	8.86016e+09	8.54644e+09	8.0503e+09	8.57948e+09	7.72244e+09	8.74253e+09	8.38145e+09	6.75274e+09	8.02494e+09	7.96302e+09	6.83203e+09	8.53296e+09	8.3131e+09	8.3154e+09	8.0786e+09	8.1128e+09	8.00357e+09	8.16716e+09	7.53504e+09	8.83307e+09	7.63532e+09	7.56733e+09	8.88064e+09	8.65014e+09	6.75609e+09	8.42829e+09	6.68351e+09	8.42162e+09	8.03476e+09	6.65892e+09	7.77984e+09	7.82595e+09	7.7047e+09	8.05149e+09	7.35973e+09	7.7079e+09	8.1072e+09	6.19121e+09	8.07273e+09	7.52739e+09	7.91221e+09	8.35155e+09	7.0615e+09	6.66612e+09	7.77465e+09	6.55252e+09	7.73844e+09	6.54641e+09	7.89061e+09	7.29955e+09	8.4599e+09	7.54166e+09	6.74414e+09	6.95828e+09	6.94601e+09	7.59728e+09	7.06829e+09	7.28088e+09	7.03109e+09	7.68024e+09	7.40871e+09	7.32922e+09	7.38011e+09	7.54177e+09	7.51957e+09	7.02924e+09	8.3024e+09	6.481e+09	7.97085e+09	6.49314e+09	6.20515e+09	8.67277e+09	7.7925e+09	8.09693e+09	7.63503e+09	7.72322e+09	7.62385e+09	7.45835e+09
ERR626766	7.97783e+09	7.64567e+09	8.84777e+09	8.01834e+09	8.02329e+09	8.55376e+09	8.9161e+09	8.95542e+09	8.47919e+09	8.40343e+09	8.42849e+09	8.68098e+09	8.23059e+09	7.79622e+09	8.21879e+09	7.27772e+09	7.32856e+09	7.17605e+09	8.70121e+09	8.37792e+09	7.88366e+09	8.41114e+09	7.55432e+09	8.57994e+09	8.41151e+09	6.79301e+09	8.05331e+09	7.99276e+09	6.87418e+09	8.55932e+09	8.18522e+09	8.18352e+09	7.93629e+09	7.97114e+09	7.85896e+09	8.02835e+09	7.30376e+09	8.61712e+09	7.4027e+09	7.33511e+09	8.66241e+09	8.42887e+09	6.69848e+09	8.33746e+09	6.627e+09	8.33219e+09	7.95113e+09	6.60315e+09	7.4515e+09	7.49648e+09	7.37873e+09	7.71767e+09	7.05029e+09	7.38334e+09	7.84711e+09	5.98126e+09	7.81182e+09	7.28415e+09	7.65733e+09	8.08482e+09	6.75478e+09	6.37937e+09	7.44865e+09	6.27281e+09	7.4134e+09	6.26606e+09	7.69546e+09	7.12385e+09	8.25915e+09	7.35619e+09	6.57842e+09	6.7904e+09	6.77084e+09	7.4127e+09	6.89114e+09	7.1015e+09	6.85586e+09	7.49372e+09	7.23705e+09	7.16047e+09	7.20596e+09	7.37048e+09	7.3424e+09	6.85998e+09	8.0074e+09	6.24339e+09	7.68734e+09	6.25504e+09	5.97397e+09	8.37002e+09	7.56141e+09	7.85713e+09	7.41081e+09	7.49529e+09	7.39778e+09	7.2359e+09
ERR626765	8.26131e+09	7.91007e+09	9.18395e+09	8.3045e+09	8.30889e+09	8.86952e+09	8.95542e+09	9.58713e+09	8.78646e+09	8.7073e+09	8.73214e+09	8.99807e+09	8.52423e+09	8.06589e+09	8.514e+09	7.52157e+09	7.57625e+09	7.41435e+09	9.02482e+09	8.68376e+09	8.15762e+09	8.71964e+09	7.81065e+09	8.89557e+09	8.72035e+09	7.01862e+09	8.34187e+09	8.27638e+09	7.10336e+09	8.87895e+09	8.47335e+09	8.47376e+09	8.21148e+09	8.24832e+09	8.12945e+09	8.30945e+09	7.55129e+09	8.9367e+09	7.65611e+09	7.5849e+09	8.98703e+09	8.73679e+09	6.91892e+09	8.63839e+09	6.84425e+09	8.63472e+09	8.2295e+09	6.8197e+09	7.71271e+09	7.75945e+09	7.63553e+09	7.99421e+09	7.29104e+09	7.64134e+09	8.13455e+09	6.17323e+09	8.09767e+09	7.54172e+09	7.93573e+09	8.38529e+09	6.97814e+09	6.58509e+09	7.7094e+09	6.47435e+09	7.67213e+09	6.46636e+09	7.95929e+09	7.35837e+09	8.55653e+09	7.60238e+09	6.78621e+09	7.00898e+09	7.00737e+09	7.68418e+09	7.13603e+09	7.35523e+09	7.09852e+09	7.76961e+09	7.49451e+09	7.41318e+09	7.46218e+09	7.63335e+09	7.60454e+09	7.09615e+09	8.30132e+09	6.44816e+09	7.9631e+09	6.4597e+09	6.16656e+09	8.68577e+09	7.83015e+09	8.1416e+09	7.67064e+09	7.75978e+09	7.65719e+09	7.48683e+09
ERR626769	7.83321e+09	7.50554e+09	8.68575e+09	7.87326e+09	7.87669e+09	8.39324e+09	8.47919e+09	8.78646e+09	8.59676e+09	8.26029e+09	8.28363e+09	8.52034e+09	8.08123e+09	7.65747e+09	8.07364e+09	7.15743e+09	7.20635e+09	7.05495e+09	8.5355e+09	8.22099e+09	7.73639e+09	8.25435e+09	7.41206e+09	8.41699e+09	8.27172e+09	6.69637e+09	7.92303e+09	7.86078e+09	6.77676e+09	8.4148e+09	8.02594e+09	8.0278e+09	7.78354e+09	7.81893e+09	7.70823e+09	7.87507e+09	7.17167e+09	8.45541e+09	7.26878e+09	7.20368e+09	8.5024e+09	8.27127e+09	6.6013e+09	8.19166e+09	6.5316e+09	8.18923e+09	7.81483e+09	6.50852e+09	7.3138e+09	7.35685e+09	7.24238e+09	7.57698e+09	6.92539e+09	7.24843e+09	7.7176e+09	5.88577e+09	7.68182e+09	7.1679e+09	7.53449e+09	7.94922e+09	6.62383e+09	6.26204e+09	7.30868e+09	6.16015e+09	7.27366e+09	6.15124e+09	7.5465e+09	6.99148e+09	8.09835e+09	7.21645e+09	6.45417e+09	6.6658e+09	6.66404e+09	7.29672e+09	6.78741e+09	6.98929e+09	6.75264e+09	7.37638e+09	7.12086e+09	7.04488e+09	7.08705e+09	7.24851e+09	7.21924e+09	6.74568e+09	7.8636e+09	6.14109e+09	7.55259e+09	6.15262e+09	5.87581e+09	8.22015e+09	7.42532e+09	7.7146e+09	7.28035e+09	7.36244e+09	7.26772e+09	7.10722e+09
ERR626770	7.76741e+09	7.4428e+09	8.6089e+09	7.80743e+09	7.81041e+09	8.31923e+09	8.40343e+09	8.7073e+09	8.26029e+09	8.45143e+09	8.21191e+09	8.44546e+09	8.01322e+09	7.59516e+09	8.00728e+09	7.10171e+09	7.15063e+09	7.00019e+09	8.45856e+09	8.14982e+09	7.66982e+09	8.18237e+09	7.3494e+09	8.34168e+09	8.20134e+09	6.64605e+09	7.8577e+09	7.79436e+09	6.72548e+09	8.34233e+09	7.95592e+09	7.95933e+09	7.71717e+09	7.75219e+09	7.64298e+09	7.8079e+09	7.11354e+09	8.37971e+09	7.20973e+09	7.14541e+09	8.42748e+09	8.19903e+09	6.55277e+09	8.12203e+09	6.48407e+09	8.12062e+09	7.75062e+09	6.46095e+09	7.25153e+09	7.29439e+09	7.18135e+09	7.51316e+09	6.86932e+09	7.18798e+09	7.65272e+09	5.83966e+09	7.61757e+09	7.10979e+09	7.47232e+09	7.88169e+09	6.56621e+09	6.21109e+09	7.24627e+09	6.10997e+09	7.21164e+09	6.10068e+09	7.48056e+09	6.9329e+09	8.02571e+09	7.15475e+09	6.40016e+09	6.61081e+09	6.61008e+09	7.23683e+09	6.73279e+09	6.93164e+09	6.6985e+09	7.31536e+09	7.06115e+09	6.98643e+09	7.02763e+09	7.18711e+09	7.15828e+09	6.68959e+09	7.79423e+09	6.09276e+09	7.48732e+09	6.10425e+09	5.83063e+09	8.14826e+09	7.35871e+09	7.64475e+09	7.216e+09	7.29683e+09	7.20388e+09	7.04457e+09
ERR626768	7.78861e+09	7.46415e+09	8.63269e+09	7.82826e+09	7.83216e+09	8.34322e+09	8.42849e+09	8.73214e+09	8.28363e+09	8.21191e+09	8.4959e+09	8.46903e+09	8.03472e+09	7.61466e+09	8.02727e+09	7.11778e+09	7.16737e+09	7.01707e+09	8.48451e+09	8.17339e+09	7.69271e+09	8.20612e+09	7.37197e+09	8.36738e+09	8.21986e+09	6.65968e+09	7.87478e+09	7.81349e+09	6.7386e+09	8.36171e+09	7.98195e+09	7.98428e+09	7.74136e+09	7.7765e+09	7.66699e+09	7.83259e+09	7.13249e+09	8.4042e+09	7.22977e+09	7.16444e+09	8.45085e+09	8.22253e+09	6.56596e+09	8.14302e+09	6.49666e+09	8.14062e+09	7.7701e+09	6.47387e+09	7.27208e+09	7.31465e+09	7.20156e+09	7.53293e+09	6.88669e+09	7.20729e+09	7.66953e+09	5.85349e+09	7.63516e+09	7.12528e+09	7.48858e+09	7.89971e+09	6.5866e+09	6.22837e+09	7.26706e+09	6.12707e+09	7.23212e+09	6.11843e+09	7.50481e+09	6.95485e+09	8.05201e+09	7.17768e+09	6.42085e+09	6.63044e+09	6.62462e+09	7.25164e+09	6.74613e+09	6.94677e+09	6.71201e+09	7.32952e+09	7.07783e+09	7.00315e+09	7.04497e+09	7.20478e+09	7.17613e+09	6.70718e+09	7.81504e+09	6.10746e+09	7.50739e+09	6.11893e+09	5.84476e+09	8.1688e+09	7.38144e+09	7.6678e+09	7.23783e+09	7.3188e+09	7.22495e+09	7.06589e+09
ERR626767	8.01611e+09	7.67994e+09	8.89494e+09	8.0573e+09	8.06152e+09	8.59586e+09	8.68098e+09	8.99807e+09	8.52034e+09	8.44546e+09	8.46903e+09	8.99941e+09	8.2709e+09	7.8329e+09	8.25994e+09	7.31193e+09	7.36332e+09	7.20879e+09	8.74237e+09	8.41716e+09	7.91769e+09	8.45125e+09	7.58469e+09	8.62022e+09	8.45355e+09	6.8239e+09	8.09281e+09	8.02919e+09	6.90542e+09	8.60123e+09	8.2212e+09	8.22117e+09	7.97067e+09	8.0065e+09	7.89339e+09	8.06385e+09	7.33548e+09	8.65908e+09	7.43555e+09	7.36779e+09	8.70612e+09	8.46959e+09	6.73145e+09	8.37894e+09	6.65947e+09	8.37407e+09	7.98969e+09	6.63536e+09	7.48352e+09	7.52841e+09	7.41079e+09	7.75348e+09	7.08071e+09	7.41566e+09	7.88594e+09	6.00578e+09	7.85034e+09	7.31879e+09	7.69564e+09	8.1252e+09	6.77959e+09	6.40297e+09	7.48058e+09	6.29587e+09	7.44503e+09	6.28882e+09	7.72552e+09	7.15105e+09	8.29421e+09	7.38343e+09	6.60085e+09	6.81559e+09	6.80267e+09	7.45149e+09	6.92563e+09	7.13638e+09	6.89029e+09	7.53312e+09	7.27175e+09	7.19329e+09	7.23901e+09	7.40485e+09	7.37593e+09	6.88998e+09	8.04378e+09	6.26958e+09	7.72208e+09	6.28116e+09	5.99831e+09	8.41054e+09	7.5917e+09	7.89044e+09	7.44139e+09	7.52618e+09	7.42805e+09	7.26436e+09
ERR608119	7.81901e+09	7.51289e+09	8.5956e+09	7.85663e+09	7.85952e+09	8.33102e+09	8.23059e+09	8.52423e+09	8.08123e+09	8.01322e+09	8.03472e+09	8.2709e+09	8.35486e+09	7.71643e+09	8.11259e+09	7.21167e+09	7.25904e+09	7.11232e+09	8.42516e+09	8.14277e+09	7.69687e+09	8.17482e+09	7.39381e+09	8.31964e+09	8.05922e+09	6.52704e+09	7.72727e+09	7.66704e+09	6.60076e+09	8.19745e+09	7.96788e+09	7.97105e+09	7.75424e+09	7.78576e+09	7.68689e+09	7.83647e+09	7.2223e+09	8.39018e+09	7.31486e+09	7.25265e+09	8.43431e+09	8.2275e+09	6.48801e+09	8.05672e+09	6.41867e+09	8.051e+09	7.69168e+09	6.39641e+09	7.3483e+09	7.39046e+09	7.27944e+09	7.59607e+09	6.95962e+09	7.28087e+09	7.61025e+09	5.81921e+09	7.57837e+09	7.07134e+09	7.43144e+09	7.83974e+09	6.68366e+09	6.3162e+09	7.34188e+09	6.20835e+09	7.30791e+09	6.20477e+09	7.52551e+09	6.97895e+09	8.0435e+09	7.2028e+09	6.45921e+09	6.6595e+09	6.49577e+09	7.1057e+09	6.61049e+09	6.81038e+09	6.57758e+09	7.18243e+09	6.94329e+09	6.8713e+09	6.91291e+09	7.06785e+09	7.04302e+09	6.59049e+09	7.76538e+09	6.07426e+09	7.45763e+09	6.0855e+09	5.81783e+09	8.10389e+09	7.28574e+09	7.56801e+09	7.14325e+09	7.22254e+09	7.1314e+09	6.97931e+09
ERR608117	7.43772e+09	7.15853e+09	8.13785e+09	7.47163e+09	7.47386e+09	7.89772e+09	7.79622e+09	8.06589e+09	7.65747e+09	7.59516e+09	7.61466e+09	7.8329e+09	7.71643e+09	7.55963e+09	7.71117e+09	6.88892e+09	6.93219e+09	6.79548e+09	7.97942e+09	7.72848e+09	7.32406e+09	7.75699e+09	7.04921e+09	7.88533e+09	7.63995e+09	6.21648e+09	7.33408e+09	7.27692e+09	6.2852e+09	7.76601e+09	7.57031e+09	7.57611e+09	7.37903e+09	7.40783e+09	7.31877e+09	7.45349e+09	6.89953e+09	7.95173e+09	6.98373e+09	6.9269e+09	7.99334e+09	7.80639e+09	6.18405e+09	7.64126e+09	6.11922e+09	7.63708e+09	7.30578e+09	6.0981e+09	6.99999e+09	7.03779e+09	6.93667e+09	7.22735e+09	6.64251e+09	6.93799e+09	7.22078e+09	5.54765e+09	7.19125e+09	6.71949e+09	7.05543e+09	7.43367e+09	6.38454e+09	6.04478e+09	6.9941e+09	5.94336e+09	6.9629e+09	5.94004e+09	7.16353e+09	6.65972e+09	7.63433e+09	6.86778e+09	6.17308e+09	6.36204e+09	6.15385e+09	6.72068e+09	6.2605e+09	6.44656e+09	6.23003e+09	6.79174e+09	6.57699e+09	6.50982e+09	6.54946e+09	6.69235e+09	6.67058e+09	6.24955e+09	7.36537e+09	5.78839e+09	7.08097e+09	5.7991e+09	5.54828e+09	7.6777e+09	6.9111e+09	7.17391e+09	6.77864e+09	6.85217e+09	6.76811e+09	6.62673e+09
ERR608118	7.81033e+09	7.50167e+09	8.58921e+09	7.84778e+09	7.84954e+09	8.31675e+09	8.21879e+09	8.514e+09	8.07364e+09	8.00728e+09	8.02727e+09	8.25994e+09	8.11259e+09	7.71117e+09	8.34191e+09	7.2139e+09	7.26289e+09	7.1103e+09	8.40813e+09	8.13159e+09	7.68154e+09	8.16367e+09	7.37693e+09	8.30393e+09	8.0671e+09	6.53945e+09	7.73438e+09	7.67281e+09	6.61452e+09	8.20599e+09	7.94596e+09	7.95548e+09	7.73489e+09	7.76743e+09	7.66737e+09	7.81853e+09	7.21543e+09	8.37805e+09	7.30777e+09	7.24645e+09	8.42809e+09	8.21671e+09	6.49721e+09	8.05364e+09	6.42739e+09	8.05419e+09	7.68954e+09	6.40484e+09	7.33469e+09	7.37572e+09	7.26579e+09	7.58715e+09	6.9523e+09	7.2695e+09	7.61228e+09	5.81105e+09	7.57909e+09	7.07258e+09	7.43671e+09	7.84145e+09	6.6579e+09	6.30015e+09	7.32561e+09	6.1946e+09	7.29061e+09	6.1883e+09	7.50204e+09	6.96066e+09	8.02136e+09	7.18345e+09	6.43621e+09	6.6409e+09	6.49146e+09	7.10779e+09	6.61243e+09	6.80694e+09	6.57948e+09	7.18515e+09	6.93389e+09	6.86049e+09	6.90244e+09	7.05575e+09	7.03093e+09	6.57457e+09	7.75604e+09	6.06432e+09	7.44821e+09	6.07486e+09	5.80606e+09	8.0986e+09	7.27043e+09	7.55298e+09	7.12985e+09	7.20876e+09	7.11821e+09	6.96399e+09
ERR608121	6.96317e+09	6.70934e+09	7.59189e+09	6.99336e+09	6.99421e+09	7.36974e+09	7.27772e+09	7.52157e+09	7.15743e+09	7.10171e+09	7.11778e+09	7.31193e+09	7.21167e+09	6.88892e+09	7.2139e+09	6.67203e+09	6.52309e+09	6.39413e+09	7.43738e+09	7.2176e+09	6.85151e+09	7.24281e+09	6.60144e+09	7.35372e+09	7.15289e+09	5.86129e+09	6.87667e+09	6.82294e+09	5.92521e+09	7.26774e+09	7.06707e+09	7.07769e+09	6.89745e+09	6.9246e+09	6.84308e+09	6.96593e+09	6.47784e+09	7.418e+09	6.55322e+09	6.50397e+09	7.45941e+09	7.28844e+09	5.83129e+09	7.14939e+09	5.77091e+09	7.15073e+09	6.84604e+09	5.75303e+09	6.56057e+09	6.59442e+09	6.50339e+09	6.77005e+09	6.24398e+09	6.50804e+09	6.77168e+09	5.22477e+09	6.74405e+09	6.31416e+09	6.62394e+09	6.96513e+09	5.98774e+09	5.68911e+09	6.55221e+09	5.59807e+09	6.52254e+09	5.59225e+09	6.70085e+09	6.2494e+09	7.1249e+09	6.43641e+09	5.79851e+09	5.9763e+09	5.77507e+09	6.29936e+09	5.8789e+09	6.04474e+09	5.85073e+09	6.36539e+09	6.16331e+09	6.10156e+09	6.13717e+09	6.26696e+09	6.2476e+09	5.85794e+09	6.89174e+09	5.44727e+09	6.63369e+09	5.45698e+09	5.22325e+09	7.17779e+09	6.47071e+09	6.71101e+09	6.3519e+09	6.41833e+09	6.34246e+09	6.21049e+09
ERR608122	7.00785e+09	6.75129e+09	7.64532e+09	7.03862e+09	7.03939e+09	7.42026e+09	7.32856e+09	7.57625e+09	7.20635e+09	7.15063e+09	7.16737e+09	7.36332e+09	7.25904e+09	6.93219e+09	7.26289e+09	6.52309e+09	6.75309e+09	6.43242e+09	7.48942e+09	7.26648e+09	6.89539e+09	7.29199e+09	6.64231e+09	7.40513e+09	7.20407e+09	5.9001e+09	6.92468e+09	6.87059e+09	5.96465e+09	7.32004e+09	7.11358e+09	7.12426e+09	6.94176e+09	6.96928e+09	6.88653e+09	7.01082e+09	6.51637e+09	7.46919e+09	6.59324e+09	6.54272e+09	7.51196e+09	7.33787e+09	5.86865e+09	7.19796e+09	5.8078e+09	7.19996e+09	6.89167e+09	5.78913e+09	6.60107e+09	6.63588e+09	6.5432e+09	6.81335e+09	6.28094e+09	6.54793e+09	6.81643e+09	5.25594e+09	6.78864e+09	6.35455e+09	6.66749e+09	7.01228e+09	6.02151e+09	5.72098e+09	6.59249e+09	5.6292e+09	6.5631e+09	5.62333e+09	6.74194e+09	6.28682e+09	7.17179e+09	6.47493e+09	5.83084e+09	6.01077e+09	5.81459e+09	6.34443e+09	5.91898e+09	6.08675e+09	5.89115e+09	6.40993e+09	6.20566e+09	6.14283e+09	6.17893e+09	6.30989e+09	6.29011e+09	5.89661e+09	6.93813e+09	5.48023e+09	6.67719e+09	5.48995e+09	5.2545e+09	7.22721e+09	6.51423e+09	6.75617e+09	6.39386e+09	6.46121e+09	6.3846e+09	6.25118e+09
ERR608120	6.86739e+09	6.62015e+09	7.47993e+09	6.89709e+09	6.8986e+09	7.26785e+09	7.17605e+09	7.41435e+09	7.05495e+09	7.00019e+09	7.01707e+09	7.20879e+09	7.11232e+09	6.79548e+09	7.1103e+09	6.39413e+09	6.43242e+09	6.49694e+09	7.33631e+09	7.11859e+09	6.7636e+09	7.14281e+09	6.52142e+09	7.25453e+09	7.04553e+09	5.77516e+09	6.7755e+09	6.72365e+09	5.8379e+09	7.15797e+09	6.97573e+09	6.98277e+09	6.80934e+09	6.83518e+09	6.75603e+09	6.87588e+09	6.39521e+09	7.31316e+09	6.46953e+09	6.42005e+09	7.35152e+09	7.18666e+09	5.74526e+09	7.04668e+09	5.68654e+09	7.04475e+09	6.74825e+09	5.66869e+09	6.47653e+09	6.50978e+09	6.42078e+09	6.67755e+09	6.16261e+09	6.42334e+09	6.67058e+09	5.15895e+09	6.64364e+09	6.22074e+09	6.5225e+09	6.86014e+09	5.9269e+09	5.62523e+09	6.47029e+09	5.53547e+09	6.44208e+09	5.53148e+09	6.61978e+09	6.17496e+09	7.03276e+09	6.35881e+09	5.73567e+09	5.90742e+09	5.69207e+09	6.20143e+09	5.78891e+09	5.9555e+09	5.76138e+09	6.26497e+09	6.07785e+09	6.01701e+09	6.05213e+09	6.18017e+09	6.16082e+09	5.78145e+09	6.79482e+09	5.37843e+09	6.54245e+09	5.38849e+09	5.15976e+09	7.07227e+09	6.38498e+09	6.62068e+09	6.26765e+09	6.33333e+09	6.25797e+09	6.12958e+09
ERR637031	8.27133e+09	7.93167e+09	9.15471e+09	8.31334e+09	8.32014e+09	8.86016e+09	8.70121e+09	9.02482e+09	8.5355e+09	8.45856e+09	8.48451e+09	8.74237e+09	8.42516e+09	7.97942e+09	8.40813e+09	7.43738e+09	7.48942e+09	7.33631e+09	9.387e+09	8.77784e+09	8.26161e+09	8.81337e+09	7.91398e+09	8.99153e+09	8.51814e+09	6.85209e+09	8.15254e+09	8.09044e+09	6.93406e+09	8.67305e+09	8.47214e+09	8.46926e+09	8.22417e+09	8.25985e+09	8.14521e+09	8.31722e+09	7.62248e+09	8.96571e+09	7.72602e+09	7.65543e+09	9.0112e+09	8.77474e+09	6.83956e+09	8.55005e+09	6.76571e+09	8.54025e+09	8.14634e+09	6.74e+09	7.75756e+09	7.80386e+09	7.68141e+09	8.02767e+09	7.3306e+09	7.68241e+09	8.08903e+09	6.16226e+09	8.05641e+09	7.50327e+09	7.88966e+09	8.33728e+09	7.05002e+09	6.64628e+09	7.76397e+09	6.5327e+09	7.72867e+09	6.528e+09	7.94474e+09	7.34462e+09	8.52459e+09	7.59084e+09	6.78488e+09	6.99922e+09	6.92578e+09	7.58179e+09	7.04559e+09	7.26346e+09	7.00926e+09	7.66371e+09	7.44079e+09	7.36114e+09	7.41059e+09	7.5784e+09	7.55286e+09	7.05643e+09	8.26882e+09	6.43732e+09	7.93271e+09	6.45042e+09	6.16084e+09	8.64051e+09	7.78486e+09	8.09193e+09	7.62598e+09	7.7148e+09	7.61307e+09	7.44788e+09
ERR637027	8.00267e+09	7.68345e+09	8.82322e+09	8.04193e+09	8.04692e+09	8.54644e+09	8.37792e+09	8.68376e+09	8.22099e+09	8.14982e+09	8.17339e+09	8.41716e+09	8.14277e+09	7.72848e+09	8.13159e+09	7.2176e+09	7.26648e+09	7.11859e+09	8.77784e+09	8.72037e+09	7.98668e+09	8.50729e+09	7.66366e+09	8.66156e+09	8.21197e+09	6.62986e+09	7.86677e+09	7.8073e+09	6.70822e+09	8.35883e+09	8.18136e+09	8.18372e+09	7.95456e+09	7.98824e+09	7.88073e+09	8.04135e+09	7.39823e+09	8.6432e+09	7.49545e+09	7.4298e+09	8.68876e+09	8.46872e+09	6.62134e+09	8.24317e+09	6.54961e+09	8.23712e+09	7.86281e+09	6.52551e+09	7.51574e+09	7.55825e+09	7.44305e+09	7.77153e+09	7.1124e+09	7.44526e+09	7.80745e+09	5.96401e+09	7.77656e+09	7.2508e+09	7.62055e+09	8.0432e+09	6.83956e+09	6.45843e+09	7.52238e+09	6.34996e+09	7.48802e+09	6.34446e+09	7.68611e+09	7.11912e+09	8.23079e+09	7.35339e+09	6.58113e+09	6.78841e+09	6.67045e+09	7.29525e+09	6.78637e+09	6.99133e+09	6.75176e+09	7.37316e+09	7.16799e+09	7.09226e+09	7.14061e+09	7.29727e+09	7.2763e+09	6.80145e+09	7.97998e+09	6.23159e+09	7.66087e+09	6.24355e+09	5.96612e+09	8.33245e+09	7.50936e+09	7.80237e+09	7.35805e+09	7.44211e+09	7.3461e+09	7.1888e+09
ERR637030	7.56639e+09	7.28214e+09	8.28933e+09	7.60163e+09	7.60632e+09	8.0503e+09	7.88366e+09	8.15762e+09	7.73639e+09	7.66982e+09	7.69271e+09	7.91769e+09	7.69687e+09	7.32406e+09	7.68154e+09	6.85151e+09	6.89539e+09	6.7636e+09	8.26161e+09	7.98668e+09	7.78565e+09	8.01572e+09	7.27277e+09	8.15998e+09	7.71876e+09	6.25997e+09	7.40561e+09	7.35164e+09	6.33143e+09	7.84961e+09	7.73748e+09	7.73517e+09	7.53421e+09	7.56364e+09	7.47001e+09	7.61034e+09	7.03052e+09	8.13591e+09	7.11774e+09	7.05804e+09	8.17243e+09	7.98163e+09	6.26037e+09	7.76365e+09	6.19348e+09	7.75263e+09	7.41707e+09	6.17196e+09	7.12339e+09	7.1618e+09	7.05795e+09	7.34991e+09	6.75078e+09	7.05726e+09	7.34571e+09	5.65406e+09	7.31829e+09	6.83407e+09	7.17031e+09	7.56182e+09	6.51747e+09	6.15765e+09	7.13115e+09	6.05443e+09	7.10115e+09	6.05239e+09	7.2878e+09	6.76502e+09	7.77146e+09	6.98111e+09	6.27309e+09	6.46033e+09	6.26864e+09	6.83575e+09	6.36855e+09	6.56278e+09	6.3368e+09	6.90716e+09	6.74006e+09	6.67143e+09	6.71528e+09	6.86104e+09	6.84123e+09	6.41051e+09	7.51487e+09	5.90421e+09	7.22427e+09	5.91703e+09	5.66061e+09	7.83056e+09	7.07833e+09	7.34652e+09	6.93843e+09	7.01603e+09	6.9272e+09	6.7843e+09
ERR637029	8.03186e+09	7.70984e+09	8.85848e+09	8.07067e+09	8.07562e+09	8.57948e+09	8.41114e+09	8.71964e+09	8.25435e+09	8.18237e+09	8.20612e+09	8.45125e+09	8.17482e+09	7.75699e+09	8.16367e+09	7.24281e+09	7.29199e+09	7.14281e+09	8.81337e+09	8.50729e+09	8.01572e+09	8.79081e+09	7.68942e+09	8.69689e+09	8.24298e+09	6.65157e+09	7.89553e+09	7.83516e+09	6.72999e+09	8.38971e+09	8.2139e+09	8.21602e+09	7.98459e+09	8.01827e+09	7.91063e+09	8.07211e+09	7.42225e+09	8.67802e+09	7.5204e+09	7.45433e+09	8.72408e+09	8.5018e+09	6.64485e+09	8.27575e+09	6.57274e+09	8.2698e+09	7.89318e+09	6.54851e+09	7.54395e+09	7.58681e+09	7.47083e+09	7.80215e+09	7.1379e+09	7.47265e+09	7.83849e+09	5.98596e+09	7.8075e+09	7.27901e+09	7.65069e+09	8.07559e+09	6.86287e+09	6.48006e+09	7.55027e+09	6.37096e+09	7.51539e+09	6.36569e+09	7.71378e+09	7.14332e+09	8.26265e+09	7.37861e+09	6.60281e+09	6.81093e+09	6.69835e+09	7.32699e+09	6.81459e+09	7.02139e+09	6.78007e+09	7.40534e+09	7.19715e+09	7.12089e+09	7.1692e+09	7.32664e+09	7.30532e+09	6.82804e+09	8.01053e+09	6.25349e+09	7.6895e+09	6.26567e+09	5.9869e+09	8.36581e+09	7.53804e+09	7.83217e+09	7.38643e+09	7.47103e+09	7.37423e+09	7.21572e+09
ERR637028	7.27366e+09	7.01211e+09	7.93867e+09	7.30618e+09	7.31186e+09	7.72244e+09	7.55432e+09	7.81065e+09	7.41206e+09	7.3494e+09	7.37197e+09	7.58469e+09	7.39381e+09	7.04921e+09	7.37693e+09	6.60144e+09	6.64231e+09	6.52142e+09	7.91398e+09	7.66366e+09	7.27277e+09	7.68942e+09	7.21119e+09	7.82025e+09	7.38931e+09	6.00873e+09	7.09586e+09	7.04579e+09	6.07563e+09	7.51223e+09	7.4368e+09	7.43341e+09	7.24984e+09	7.27618e+09	7.19184e+09	7.31881e+09	6.78052e+09	7.79999e+09	6.86135e+09	6.80497e+09	7.83203e+09	7.65869e+09	6.01348e+09	7.44004e+09	5.95048e+09	7.42809e+09	7.1166e+09	5.93039e+09	6.86139e+09	6.8978e+09	6.80055e+09	7.07001e+09	6.5095e+09	6.7988e+09	7.04244e+09	5.44869e+09	7.01691e+09	6.55967e+09	6.87556e+09	7.24631e+09	6.30261e+09	5.95694e+09	6.8713e+09	5.85809e+09	6.84376e+09	5.85781e+09	7.02125e+09	6.52825e+09	7.46795e+09	6.73241e+09	6.06544e+09	6.24015e+09	6.00805e+09	6.53817e+09	6.09785e+09	6.28404e+09	6.06795e+09	6.60524e+09	6.45705e+09	6.39322e+09	6.43705e+09	6.57327e+09	6.55702e+09	6.15269e+09	7.21273e+09	5.68897e+09	6.94009e+09	5.70161e+09	5.45965e+09	7.50541e+09	6.79767e+09	7.05021e+09	6.66407e+09	6.73747e+09	6.65399e+09	6.52051e+09
ERR637032	8.17047e+09	7.8385e+09	9.02942e+09	8.2114e+09	8.21727e+09	8.74253e+09	8.57994e+09	8.89557e+09	8.41699e+09	8.34168e+09	8.36738e+09	8.62022e+09	8.31964e+09	7.88533e+09	8.30393e+09	7.35372e+09	7.40513e+09	7.25453e+09	8.99153e+09	8.66156e+09	8.15998e+09	8.69689e+09	7.82025e+09	9.13608e+09	8.40067e+09	6.76587e+09	8.04235e+09	7.98137e+09	6.84605e+09	8.55149e+09	8.3652e+09	8.36256e+09	8.12449e+09	8.15889e+09	8.04755e+09	8.21436e+09	7.53773e+09	8.84457e+09	7.63916e+09	7.57039e+09	8.88901e+09	8.65951e+09	6.75639e+09	8.43403e+09	6.68285e+09	8.4251e+09	8.03976e+09	6.65752e+09	7.66642e+09	7.71132e+09	7.59158e+09	7.93042e+09	7.24711e+09	7.5919e+09	7.98084e+09	6.0879e+09	7.94878e+09	7.40662e+09	7.78554e+09	8.22415e+09	6.97225e+09	6.57561e+09	7.67312e+09	6.46374e+09	7.63792e+09	6.45918e+09	7.84935e+09	7.26117e+09	8.41476e+09	7.50216e+09	6.7105e+09	6.92108e+09	6.82867e+09	7.47217e+09	6.946e+09	7.16011e+09	6.91007e+09	7.55205e+09	7.33699e+09	7.25897e+09	7.30731e+09	7.47196e+09	7.44702e+09	6.96061e+09	8.15719e+09	6.3589e+09	7.82862e+09	6.37168e+09	6.08741e+09	8.52112e+09	7.68027e+09	7.98128e+09	7.52428e+09	7.61105e+09	7.5116e+09	7.34995e+09
ERR626884	7.8309e+09	7.49654e+09	8.68535e+09	7.87032e+09	7.87261e+09	8.38145e+09	8.41151e+09	8.72035e+09	8.27172e+09	8.20134e+09	8.21986e+09	8.45355e+09	8.05922e+09	7.63995e+09	8.0671e+09	7.15289e+09	7.20407e+09	7.04553e+09	8.51814e+09	8.21197e+09	7.71876e+09	8.24298e+09	7.38931e+09	8.40067e+09	8.66972e+09	6.81202e+09	8.05335e+09	7.98722e+09	6.89484e+09	8.55737e+09	7.95631e+09	7.96724e+09	7.71945e+09	7.75733e+09	7.641e+09	7.81504e+09	7.16521e+09	8.44363e+09	7.26235e+09	7.19929e+09	8.4982e+09	8.25738e+09	6.61267e+09	8.18916e+09	6.54264e+09	8.19384e+09	7.80967e+09	6.5189e+09	7.32821e+09	7.37011e+09	7.25578e+09	7.59733e+09	6.95073e+09	7.26719e+09	7.78264e+09	5.91985e+09	7.74483e+09	7.22846e+09	7.60036e+09	8.01391e+09	6.62371e+09	6.2744e+09	7.32162e+09	6.17722e+09	7.28609e+09	6.16252e+09	7.49294e+09	6.94752e+09	8.04547e+09	7.1691e+09	6.40367e+09	6.62147e+09	6.71142e+09	7.35494e+09	6.84588e+09	7.03908e+09	6.80999e+09	7.43518e+09	7.15885e+09	7.08107e+09	7.12306e+09	7.28465e+09	7.25352e+09	6.77044e+09	7.90116e+09	6.17356e+09	7.58962e+09	6.18348e+09	5.90161e+09	8.26669e+09	7.46641e+09	7.75876e+09	7.32218e+09	7.4039e+09	7.30904e+09	7.14425e+09
ERR626883	6.34948e+09	6.09548e+09	6.98122e+09	6.37891e+09	6.37887e+09	6.75274e+09	6.79301e+09	7.01862e+09	6.69637e+09	6.64605e+09	6.65968e+09	6.8239e+09	6.52704e+09	6.21648e+09	6.53945e+09	5.86129e+09	5.9001e+09	5.77516e+09	6.85209e+09	6.62986e+09	6.25997e+09	6.65157e+09	6.00873e+09	6.76587e+09	6.81202e+09	5.84285e+09	6.5545e+09	6.50577e+09	5.71446e+09	6.91975e+09	6.43043e+09	6.44294e+09	6.25427e+09	6.28524e+09	6.19501e+09	6.32815e+09	5.84608e+09	6.79943e+09	5.91918e+09	5.87293e+09	6.84307e+09	6.66262e+09	5.47811e+09	6.62933e+09	5.4262e+09	6.63767e+09	6.35237e+09	5.40717e+09	5.95321e+09	5.98552e+09	5.89878e+09	6.16137e+09	5.67559e+09	5.91085e+09	6.32395e+09	4.9075e+09	6.29453e+09	5.91446e+09	6.1925e+09	6.49441e+09	5.39694e+09	5.14458e+09	5.94462e+09	5.07424e+09	5.91646e+09	5.05814e+09	6.07747e+09	5.67386e+09	6.49191e+09	5.83735e+09	5.24815e+09	5.42433e+09	5.52106e+09	6.00899e+09	5.62961e+09	5.76869e+09	5.60211e+09	6.06852e+09	5.86079e+09	5.80151e+09	5.83086e+09	5.9524e+09	5.92783e+09	5.56006e+09	6.3972e+09	5.098e+09	6.16705e+09	5.10588e+09	4.88434e+09	6.6706e+09	6.07576e+09	6.29285e+09	5.97211e+09	6.03154e+09	5.96156e+09	5.83421e+09
ERR626881	7.51037e+09	7.19681e+09	8.30738e+09	7.54766e+09	7.54914e+09	8.02494e+09	8.05331e+09	8.34187e+09	7.92303e+09	7.8577e+09	7.87478e+09	8.09281e+09	7.72727e+09	7.33408e+09	7.73438e+09	6.87667e+09	6.92468e+09	6.7755e+09	8.15254e+09	7.86677e+09	7.40561e+09	7.89553e+09	7.09586e+09	8.04235e+09	8.05335e+09	6.5545e+09	7.96653e+09	7.66128e+09	6.6324e+09	8.19315e+09	7.6257e+09	7.63537e+09	7.40353e+09	7.4393e+09	7.32974e+09	7.49339e+09	6.88582e+09	8.08387e+09	6.97637e+09	6.9179e+09	8.13425e+09	7.9101e+09	6.36217e+09	7.84595e+09	6.29622e+09	7.84987e+09	7.49064e+09	6.27388e+09	7.03503e+09	7.07532e+09	6.96687e+09	7.2886e+09	6.67937e+09	6.9778e+09	7.46027e+09	5.70131e+09	7.4247e+09	6.94074e+09	7.2894e+09	7.67823e+09	6.3689e+09	6.03922e+09	7.02779e+09	5.94767e+09	6.99449e+09	5.9333e+09	7.19297e+09	6.679e+09	7.71033e+09	6.8877e+09	6.1633e+09	6.3704e+09	6.4456e+09	7.05161e+09	6.57215e+09	6.75438e+09	6.53804e+09	7.12699e+09	6.86988e+09	6.79627e+09	6.83594e+09	6.98758e+09	6.95924e+09	6.50447e+09	7.57224e+09	5.94234e+09	7.27974e+09	5.95175e+09	5.68266e+09	7.91383e+09	7.16386e+09	7.43813e+09	7.02838e+09	7.1046e+09	7.01639e+09	6.86031e+09
ERR626880	7.45363e+09	7.14483e+09	8.23956e+09	7.49012e+09	7.49264e+09	7.96302e+09	7.99276e+09	8.27638e+09	7.86078e+09	7.79436e+09	7.81349e+09	8.02919e+09	7.66704e+09	7.27692e+09	7.67281e+09	6.82294e+09	6.87059e+09	6.72365e+09	8.09044e+09	7.8073e+09	7.35164e+09	7.83516e+09	7.04579e+09	7.98137e+09	7.98722e+09	6.50577e+09	7.66128e+09	7.84284e+09	6.5823e+09	8.12621e+09	7.57159e+09	7.57976e+09	7.35083e+09	7.38602e+09	7.27753e+09	7.43921e+09	6.83502e+09	8.02096e+09	6.92474e+09	6.86624e+09	8.06994e+09	7.84895e+09	6.31418e+09	7.78314e+09	6.24952e+09	7.78701e+09	7.43182e+09	6.22651e+09	6.98481e+09	7.02482e+09	6.91734e+09	7.23408e+09	6.63273e+09	6.92783e+09	7.40205e+09	5.66368e+09	7.36732e+09	6.88835e+09	7.23202e+09	7.61691e+09	6.32801e+09	6.00005e+09	6.97877e+09	5.9101e+09	6.94631e+09	5.89618e+09	7.14305e+09	6.63293e+09	7.65397e+09	6.83986e+09	6.12349e+09	6.32792e+09	6.39896e+09	6.99622e+09	6.52295e+09	6.70352e+09	6.48911e+09	7.0705e+09	6.81901e+09	6.74727e+09	6.78816e+09	6.93791e+09	6.90988e+09	6.46028e+09	7.51669e+09	5.90296e+09	7.22774e+09	5.9126e+09	5.64621e+09	7.85293e+09	7.11602e+09	7.38719e+09	6.981e+09	7.05688e+09	6.9684e+09	6.8152e+09
ERR626882	6.42173e+09	6.16295e+09	7.06531e+09	6.45115e+09	6.4517e+09	6.83203e+09	6.87418e+09	7.10336e+09	6.77676e+09	6.72548e+09	6.7386e+09	6.90542e+09	6.60076e+09	6.2852e+09	6.61452e+09	5.92521e+09	5.96465e+09	5.8379e+09	6.93406e+09	6.70822e+09	6.33143e+09	6.72999e+09	6.07563e+09	6.84605e+09	6.89484e+09	5.71446e+09	6.6324e+09	6.5823e+09	5.97252e+09	7.00388e+09	6.50384e+09	6.51664e+09	6.32435e+09	6.35615e+09	6.26435e+09	6.39971e+09	5.90933e+09	6.88026e+09	5.9837e+09	5.93683e+09	6.9252e+09	6.74119e+09	5.53817e+09	6.70851e+09	5.48598e+09	6.71683e+09	6.42729e+09	5.46624e+09	6.01861e+09	6.05134e+09	5.96293e+09	6.23024e+09	5.73682e+09	5.97473e+09	6.39803e+09	4.95852e+09	6.36819e+09	5.98165e+09	6.26437e+09	6.57119e+09	5.45321e+09	5.19761e+09	6.01004e+09	5.12627e+09	5.98091e+09	5.10978e+09	6.14534e+09	5.73529e+09	6.56689e+09	5.90087e+09	5.30289e+09	5.48208e+09	5.58261e+09	6.0787e+09	5.69328e+09	5.83406e+09	5.66469e+09	6.13994e+09	5.9275e+09	5.8668e+09	5.89675e+09	6.02001e+09	5.99421e+09	5.62139e+09	6.47113e+09	5.15193e+09	6.23722e+09	5.16022e+09	4.93523e+09	6.74947e+09	6.14378e+09	6.36401e+09	6.03835e+09	6.09946e+09	6.02817e+09	5.89811e+09
ERR626879	7.96696e+09	7.62499e+09	8.84457e+09	8.00709e+09	8.00946e+09	8.53296e+09	8.55932e+09	8.87895e+09	8.4148e+09	8.34233e+09	8.36171e+09	8.60123e+09	8.19745e+09	7.76601e+09	8.20599e+09	7.26774e+09	7.32004e+09	7.15797e+09	8.67305e+09	8.35883e+09	7.84961e+09	8.38971e+09	7.51223e+09	8.55149e+09	8.55737e+09	6.91975e+09	8.19315e+09	8.12621e+09	7.00388e+09	8.98219e+09	8.09397e+09	8.10437e+09	7.85136e+09	7.88992e+09	7.76957e+09	7.94903e+09	7.28507e+09	8.59662e+09	7.3839e+09	7.3201e+09	8.65315e+09	8.4055e+09	6.71559e+09	8.33184e+09	6.64371e+09	8.33729e+09	7.94112e+09	6.61963e+09	7.45628e+09	7.49995e+09	7.38148e+09	7.73202e+09	7.06866e+09	7.39354e+09	7.92128e+09	6.01225e+09	7.88312e+09	7.35311e+09	7.73467e+09	8.15974e+09	6.73565e+09	6.37715e+09	7.45021e+09	6.27828e+09	7.41409e+09	6.26327e+09	7.622e+09	7.06255e+09	8.1903e+09	7.29038e+09	6.50695e+09	6.72877e+09	6.82597e+09	7.4846e+09	6.9636e+09	7.16028e+09	6.92586e+09	7.56637e+09	7.28239e+09	7.20234e+09	7.2477e+09	7.41116e+09	7.3811e+09	6.88533e+09	8.04618e+09	6.27313e+09	7.72505e+09	6.28255e+09	5.99406e+09	8.42097e+09	7.6013e+09	7.90105e+09	7.45183e+09	7.53527e+09	7.4385e+09	7.26993e+09
ERR636741	7.79324e+09	7.49598e+09	8.56431e+09	7.83083e+09	7.83629e+09	8.3131e+09	8.18522e+09	8.47335e+09	8.02594e+09	7.95592e+09	7.98195e+09	8.2212e+09	7.96788e+09	7.57031e+09	7.94596e+09	7.06707e+09	7.11358e+09	6.97573e+09	8.47214e+09	8.18136e+09	7.73748e+09	8.2139e+09	7.4368e+09	8.3652e+09	7.95631e+09	6.43043e+09	7.6257e+09	7.57159e+09	6.50384e+09	8.09397e+09	8.35236e+09	8.113e+09	7.89565e+09	7.92459e+09	7.82892e+09	7.97602e+09	7.21476e+09	8.39151e+09	7.30804e+09	7.24259e+09	8.42866e+09	8.22811e+09	6.47093e+09	8.05608e+09	6.40031e+09	8.04292e+09	7.69062e+09	6.3779e+09	7.30334e+09	7.34558e+09	7.23502e+09	7.5429e+09	6.90699e+09	7.23195e+09	7.52376e+09	5.7654e+09	7.49554e+09	6.98845e+09	7.3415e+09	7.75134e+09	6.67163e+09	6.29303e+09	7.31617e+09	6.18302e+09	7.28337e+09	6.18354e+09	7.52567e+09	6.97448e+09	8.03958e+09	7.20142e+09	6.46247e+09	6.65704e+09	6.41721e+09	7.00926e+09	6.51867e+09	6.72394e+09	6.48635e+09	7.08416e+09	6.91174e+09	6.84057e+09	6.88702e+09	7.03942e+09	7.01875e+09	6.57013e+09	7.71709e+09	6.03059e+09	7.41004e+09	6.04375e+09	5.77933e+09	8.04794e+09	7.26022e+09	7.54099e+09	7.11406e+09	7.19461e+09	7.10257e+09	6.95445e+09
ERR636740	7.7989e+09	7.4991e+09	8.57214e+09	7.83572e+09	7.84105e+09	8.3154e+09	8.18352e+09	8.47376e+09	8.0278e+09	7.95933e+09	7.98428e+09	8.22117e+09	7.97105e+09	7.57611e+09	7.95548e+09	7.07769e+09	7.12426e+09	6.98277e+09	8.46926e+09	8.18372e+09	7.73517e+09	8.21602e+09	7.43341e+09	8.36256e+09	7.96724e+09	6.44294e+09	7.63537e+09	7.57976e+09	6.51664e+09	8.10437e+09	8.113e+09	8.34531e+09	7.89283e+09	7.9228e+09	7.82606e+09	7.97424e+09	7.21957e+09	8.39219e+09	7.313e+09	7.24835e+09	8.43439e+09	8.23075e+09	6.4821e+09	8.06006e+09	6.41179e+09	8.05128e+09	7.69481e+09	6.38989e+09	7.30268e+09	7.34534e+09	7.23471e+09	7.54648e+09	6.91045e+09	7.23299e+09	7.52911e+09	5.7621e+09	7.49986e+09	6.99347e+09	7.34992e+09	7.75665e+09	6.66149e+09	6.29024e+09	7.31481e+09	6.18103e+09	7.28139e+09	6.17982e+09	7.51833e+09	6.97049e+09	8.03475e+09	7.19615e+09	6.45397e+09	6.65205e+09	6.41631e+09	7.01343e+09	6.52286e+09	6.72455e+09	6.4897e+09	7.08895e+09	6.90959e+09	6.83809e+09	6.88418e+09	7.03511e+09	7.01462e+09	6.56292e+09	7.71783e+09	6.02916e+09	7.41033e+09	6.04149e+09	5.77635e+09	8.05295e+09	7.25467e+09	7.53606e+09	7.10975e+09	7.1898e+09	7.09856e+09	6.9486e+09
ERR636742	7.59146e+09	7.3087e+09	8.31533e+09	7.62613e+09	7.63135e+09	8.0786e+09	7.93629e+09	8.21148e+09	7.78354e+09	7.71717e+09	7.74136e+09	7.97067e+09	7.75424e+09	7.37903e+09	7.73489e+09	6.89745e+09	6.94176e+09	6.80934e+09	8.22417e+09	7.95456e+09	7.53421e+09	7.98459e+09	7.24984e+09	8.12449e+09	7.71945e+09	6.25427e+09	7.40353e+09	7.35083e+09	6.32435e+09	7.85136e+09	7.89565e+09	7.89283e+09	7.90821e+09	7.72137e+09	7.62642e+09	7.76941e+09	7.04814e+09	8.15221e+09	7.13684e+09	7.07495e+09	8.18841e+09	8.00014e+09	6.2981e+09	7.82021e+09	6.23003e+09	7.80788e+09	7.47109e+09	6.20928e+09	7.12073e+09	7.16086e+09	7.05544e+09	7.34885e+09	6.74057e+09	7.05178e+09	7.30486e+09	5.61064e+09	7.27863e+09	6.79006e+09	7.12979e+09	7.52327e+09	6.51563e+09	6.1514e+09	7.13374e+09	6.04445e+09	7.10251e+09	6.04505e+09	7.329e+09	6.80159e+09	7.81703e+09	7.01988e+09	6.30829e+09	6.4959e+09	6.21696e+09	6.78472e+09	6.31425e+09	6.51142e+09	6.28337e+09	6.85633e+09	6.69981e+09	6.63138e+09	6.67727e+09	6.82155e+09	6.80299e+09	6.37095e+09	7.49435e+09	5.87118e+09	7.19989e+09	5.88327e+09	5.6287e+09	7.81077e+09	7.04778e+09	7.31726e+09	6.90609e+09	6.98419e+09	6.89548e+09	6.75324e+09
