	ERR618627	ERR618632	ERR618630	ERR618629	ERR618631	ERR618628	ERR635348	ERR635350	ERR635349	ERR635351	ERR635346	ERR635347	ERR608679	ERR608678	ERR608677	ERR608682	ERR608681	ERR608680	ERR607614	ERR607610	ERR607612	ERR607609	ERR607613	ERR607611	ERR607698	ERR607696	ERR607697	ERR607695	ERR607693	ERR607694	ERR613356	ERR613354	ERR613355	ERR613353	ERR613358	ERR613357	ERR605534	ERR605535	ERR605538	ERR605536	ERR605533	ERR605537	ERR607266	ERR607264	ERR607265	ERR607268	ERR607263	ERR607267	ERR617001	ERR617002	ERR616998	ERR616999	ERR617000	ERR616997	ERR617407	ERR617406	ERR617404	ERR617403	ERR617405	ERR617408	ERR638212	ERR638208	ERR638211	ERR638209	ERR638210	ERR638207	ERR617863	ERR617861	ERR617864	ERR617866	ERR617862	ERR617865	ERR608213	ERR608210	ERR608214	ERR608209	ERR608211	ERR608212	ERR617217	ERR617218	ERR617215	ERR617219	ERR617216	ERR617220	ERR613804	ERR613801	ERR613803	ERR613800	ERR613802	ERR613805	ERR617661	ERR617666	ERR617664	ERR617665	ERR617662	ERR617663
ERR618627	5.20294e+08	3.18017e+08	3.43912e+08	3.48517e+08	3.17786e+08	3.38567e+08	1.81235e+08	2.19796e+08	2.18884e+08	2.20313e+08	2.14414e+08	1.81801e+08	3.1144e+08	2.79913e+08	2.24554e+08	2.85266e+08	2.98663e+08	3.01167e+08	2.85985e+08	3.09655e+08	3.05628e+08	3.61279e+08	2.88373e+08	3.1222e+08	2.96612e+08	2.98439e+08	2.99293e+08	3.00907e+08	2.87606e+08	3.21347e+08	2.38919e+08	2.50682e+08	2.77651e+08	3.06112e+08	1.93621e+08	2.46036e+08	2.29288e+08	2.16089e+08	2.29155e+08	2.29367e+08	2.45224e+08	2.33545e+08	2.82323e+08	3.51897e+08	3.54873e+08	2.9114e+08	3.19235e+08	2.88718e+08	1.50929e+08	1.5448e+08	1.81209e+08	1.8455e+08	1.54087e+08	1.70906e+08	2.57244e+08	2.43739e+08	2.14712e+08	1.7881e+08	2.26976e+08	2.61928e+08	1.55428e+08	1.39196e+08	1.85446e+08	1.34984e+08	1.83562e+08	1.35015e+08	1.39896e+08	2.07192e+08	2.37195e+08	2.38977e+08	1.06421e+08	2.40421e+08	1.68861e+08	1.73575e+08	1.60429e+08	1.3532e+08	1.95015e+08	1.72435e+08	2.50077e+08	2.01435e+08	2.32774e+08	2.11043e+08	2.50448e+08	1.95705e+08	2.23532e+08	2.32577e+08	2.18373e+08	2.64772e+08	1.91871e+08	2.20825e+08	2.3386e+08	2.325e+08	2.3846e+08	2.35826e+08	9.74819e+07	1.57893e+08
ERR618632	3.18017e+08	4.09481e+08	3.00596e+08	3.01995e+08	2.78234e+08	2.93157e+08	1.55375e+08	1.88518e+08	1.87869e+08	1.89095e+08	1.83655e+08	1.55668e+08	2.70606e+08	2.43299e+08	1.94758e+08	2.481e+08	2.59951e+08	2.62152e+08	2.4812e+08	2.68188e+08	2.65125e+08	3.13011e+08	2.50097e+08	2.70646e+08	2.57399e+08	2.58997e+08	2.59638e+08	2.6071e+08	2.49304e+08	2.78686e+08	2.07953e+08	2.17453e+08	2.40572e+08	2.65388e+08	1.68124e+08	2.14058e+08	2.00207e+08	1.88754e+08	2.00353e+08	2.00513e+08	2.13947e+08	2.04005e+08	2.45417e+08	3.05434e+08	3.0735e+08	2.53485e+08	2.76751e+08	2.5106e+08	1.28852e+08	1.3179e+08	1.5543e+08	1.58537e+08	1.31524e+08	1.4619e+08	2.21013e+08	2.08875e+08	1.92045e+08	1.59765e+08	2.02894e+08	2.2502e+08	1.32489e+08	1.18985e+08	1.58693e+08	1.15378e+08	1.57128e+08	1.15434e+08	1.205e+08	1.78855e+08	2.0435e+08	2.05926e+08	9.10097e+07	2.06999e+08	1.45428e+08	1.50089e+08	1.38233e+08	1.1665e+08	1.68696e+08	1.48686e+08	2.15262e+08	1.73249e+08	1.99629e+08	1.81659e+08	2.155e+08	1.67338e+08	1.92675e+08	2.00061e+08	1.88464e+08	2.28114e+08	1.64718e+08	1.90466e+08	2.01705e+08	1.99592e+08	2.04772e+08	2.02366e+08	8.31668e+07	1.35784e+08
ERR618630	3.43912e+08	3.00596e+08	4.67448e+08	3.26379e+08	3.00423e+08	3.16792e+08	1.69023e+08	2.05055e+08	2.04262e+08	2.05489e+08	1.99719e+08	1.69403e+08	2.9263e+08	2.62998e+08	2.1048e+08	2.68077e+08	2.81004e+08	2.83282e+08	2.68508e+08	2.90334e+08	2.86814e+08	3.39052e+08	2.70676e+08	2.92846e+08	2.78534e+08	2.80347e+08	2.81044e+08	2.82138e+08	2.69876e+08	3.01526e+08	2.24813e+08	2.35204e+08	2.60523e+08	2.87299e+08	1.81707e+08	2.31458e+08	2.1611e+08	2.03783e+08	2.16163e+08	2.16404e+08	2.31023e+08	2.20105e+08	2.65582e+08	3.30756e+08	3.3299e+08	2.74207e+08	2.9968e+08	2.71741e+08	1.40255e+08	1.43408e+08	1.69128e+08	1.72399e+08	1.43181e+08	1.59111e+08	2.4032e+08	2.27343e+08	2.07765e+08	1.72713e+08	2.19484e+08	2.44691e+08	1.4421e+08	1.2946e+08	1.72732e+08	1.25499e+08	1.70923e+08	1.25567e+08	1.30962e+08	1.94329e+08	2.2207e+08	2.23776e+08	9.90676e+07	2.25151e+08	1.58122e+08	1.63055e+08	1.502e+08	1.26764e+08	1.83333e+08	1.61642e+08	2.33863e+08	1.88334e+08	2.17122e+08	1.97294e+08	2.34223e+08	1.81988e+08	2.09441e+08	2.17617e+08	2.04699e+08	2.48061e+08	1.79165e+08	2.07042e+08	2.19414e+08	2.1716e+08	2.22659e+08	2.20099e+08	9.05382e+07	1.47639e+08
ERR618629	3.48517e+08	3.01995e+08	3.26379e+08	4.75365e+08	3.01874e+08	3.21347e+08	1.71439e+08	2.07752e+08	2.07121e+08	2.08313e+08	2.02746e+08	1.72013e+08	2.95498e+08	2.65932e+08	2.13469e+08	2.70994e+08	2.83731e+08	2.859e+08	2.71535e+08	2.94031e+08	2.90118e+08	3.43037e+08	2.73877e+08	2.96325e+08	2.81598e+08	2.83463e+08	2.84169e+08	2.85718e+08	2.73267e+08	3.04992e+08	2.2646e+08	2.37823e+08	2.63229e+08	2.90214e+08	1.83843e+08	2.33445e+08	2.17574e+08	2.05157e+08	2.17498e+08	2.17836e+08	2.3254e+08	2.21623e+08	2.67725e+08	3.33574e+08	3.36557e+08	2.76175e+08	3.02726e+08	2.73639e+08	1.42916e+08	1.46291e+08	1.71428e+08	1.74741e+08	1.45924e+08	1.61817e+08	2.43391e+08	2.30333e+08	2.02753e+08	1.68963e+08	2.14299e+08	2.47632e+08	1.4714e+08	1.31665e+08	1.75418e+08	1.27685e+08	1.73541e+08	1.27811e+08	1.32361e+08	1.9597e+08	2.24375e+08	2.26185e+08	1.00882e+08	2.27414e+08	1.59662e+08	1.64044e+08	1.51648e+08	1.28144e+08	1.84303e+08	1.63135e+08	2.366e+08	1.90515e+08	2.20097e+08	1.99675e+08	2.36973e+08	1.85304e+08	2.1142e+08	2.1986e+08	2.06614e+08	2.50436e+08	1.81655e+08	2.09018e+08	2.21077e+08	2.19866e+08	2.25646e+08	2.22994e+08	9.23273e+07	1.49311e+08
ERR618631	3.17786e+08	2.78234e+08	3.00423e+08	3.01874e+08	4.09032e+08	2.92874e+08	1.55387e+08	1.88528e+08	1.87934e+08	1.89049e+08	1.83817e+08	1.55799e+08	2.70353e+08	2.42961e+08	1.94491e+08	2.4778e+08	2.59653e+08	2.61858e+08	2.4806e+08	2.68021e+08	2.64866e+08	3.12693e+08	2.5001e+08	2.70406e+08	2.57273e+08	2.5893e+08	2.5948e+08	2.60534e+08	2.49136e+08	2.78503e+08	2.079e+08	2.17372e+08	2.40434e+08	2.65292e+08	1.68061e+08	2.13941e+08	1.99939e+08	1.88519e+08	2.00135e+08	2.00318e+08	2.13722e+08	2.03816e+08	2.45191e+08	3.0515e+08	3.0719e+08	2.53231e+08	2.76696e+08	2.50812e+08	1.28815e+08	1.31678e+08	1.55524e+08	1.58429e+08	1.31447e+08	1.46194e+08	2.21054e+08	2.09081e+08	1.92384e+08	1.59965e+08	2.03236e+08	2.25225e+08	1.32499e+08	1.18887e+08	1.58755e+08	1.15416e+08	1.5711e+08	1.15443e+08	1.20516e+08	1.78806e+08	2.04313e+08	2.05723e+08	9.09387e+07	2.06953e+08	1.45465e+08	1.49948e+08	1.38168e+08	1.16585e+08	1.68671e+08	1.48614e+08	2.15111e+08	1.73284e+08	1.99575e+08	1.81464e+08	2.15452e+08	1.67415e+08	1.92824e+08	2.00152e+08	1.88416e+08	2.28123e+08	1.64772e+08	1.90493e+08	2.01697e+08	1.99533e+08	2.04788e+08	2.02407e+08	8.31339e+07	1.35729e+08
ERR618628	3.38567e+08	2.93157e+08	3.16792e+08	3.21347e+08	2.92874e+08	4.52913e+08	1.66334e+08	2.01685e+08	2.01089e+08	2.02079e+08	1.96675e+08	1.67073e+08	2.87313e+08	2.5845e+08	2.07886e+08	2.63458e+08	2.75475e+08	2.77833e+08	2.63813e+08	2.85794e+08	2.81897e+08	3.33046e+08	2.66072e+08	2.87916e+08	2.7365e+08	2.75544e+08	2.76218e+08	2.77667e+08	2.6568e+08	2.96442e+08	2.20081e+08	2.31036e+08	2.55837e+08	2.81913e+08	1.78784e+08	2.26503e+08	2.1161e+08	1.99382e+08	2.11408e+08	2.11414e+08	2.25923e+08	2.15434e+08	2.59825e+08	3.23806e+08	3.26939e+08	2.67731e+08	2.93968e+08	2.65438e+08	1.38914e+08	1.42298e+08	1.66391e+08	1.69679e+08	1.41913e+08	1.57117e+08	2.36047e+08	2.23635e+08	1.93823e+08	1.61412e+08	2.04628e+08	2.40148e+08	1.43079e+08	1.27881e+08	1.70317e+08	1.24005e+08	1.68612e+08	1.242e+08	1.28514e+08	1.89957e+08	2.17746e+08	2.19427e+08	9.81756e+07	2.20734e+08	1.55e+08	1.59091e+08	1.4721e+08	1.24412e+08	1.78545e+08	1.58253e+08	2.29316e+08	1.84651e+08	2.13661e+08	1.93528e+08	2.29934e+08	1.80187e+08	2.04707e+08	2.13234e+08	2.00257e+08	2.42809e+08	1.7626e+08	2.02482e+08	2.14267e+08	2.13467e+08	2.18833e+08	2.16565e+08	8.97463e+07	1.44969e+08
ERR635348	1.81235e+08	1.55375e+08	1.69023e+08	1.71439e+08	1.55387e+08	1.66334e+08	3.54145e+08	2.8225e+08	2.81606e+08	2.8318e+08	2.76706e+08	2.37297e+08	1.63287e+08	1.45836e+08	1.1516e+08	1.48141e+08	1.55872e+08	1.57218e+08	1.53933e+08	1.68004e+08	1.65155e+08	1.98214e+08	1.55394e+08	1.69102e+08	1.57519e+08	1.58794e+08	1.59342e+08	1.61312e+08	1.53073e+08	1.72888e+08	1.38e+08	1.45219e+08	1.61945e+08	1.78973e+08	1.10844e+08	1.42236e+08	1.19836e+08	1.12486e+08	1.19005e+08	1.19382e+08	1.28213e+08	1.21339e+08	1.62792e+08	2.05276e+08	2.07557e+08	1.68296e+08	1.85368e+08	1.66531e+08	1.67078e+08	1.70517e+08	1.99144e+08	2.03054e+08	1.7043e+08	1.88515e+08	2.80837e+08	2.66818e+08	2.21912e+08	1.86266e+08	2.34608e+08	2.85768e+08	1.85626e+08	1.67622e+08	2.19278e+08	1.62269e+08	2.17852e+08	1.63194e+08	1.40646e+08	2.05831e+08	2.35067e+08	2.36607e+08	1.08064e+08	2.38108e+08	1.68978e+08	1.74393e+08	1.60942e+08	1.37036e+08	1.94503e+08	1.72507e+08	2.78558e+08	2.25949e+08	2.60086e+08	2.3626e+08	2.78642e+08	2.2067e+08	2.58269e+08	2.68205e+08	2.53353e+08	3.02813e+08	2.24634e+08	2.56244e+08	2.50183e+08	2.50003e+08	2.561e+08	2.53619e+08	1.0787e+08	1.71379e+08
ERR635350	2.19796e+08	1.88518e+08	2.05055e+08	2.07752e+08	1.88528e+08	2.01685e+08	2.8225e+08	4.82063e+08	3.39065e+08	3.41008e+08	3.31027e+08	2.83456e+08	1.98069e+08	1.76794e+08	1.39514e+08	1.79678e+08	1.88885e+08	1.90638e+08	1.86476e+08	2.03413e+08	2.00207e+08	2.4002e+08	1.88294e+08	2.04639e+08	1.9076e+08	1.92391e+08	1.93029e+08	1.95352e+08	1.85309e+08	2.09365e+08	1.67244e+08	1.75896e+08	1.96155e+08	2.16838e+08	1.34072e+08	1.72632e+08	1.45447e+08	1.36485e+08	1.44433e+08	1.44884e+08	1.55648e+08	1.47259e+08	1.97554e+08	2.49098e+08	2.51607e+08	2.04208e+08	2.24819e+08	2.02031e+08	2.00955e+08	2.04914e+08	2.39589e+08	2.44522e+08	2.04792e+08	2.26744e+08	3.38625e+08	3.21738e+08	2.69633e+08	2.26111e+08	2.85059e+08	3.44633e+08	2.21857e+08	2.00081e+08	2.62425e+08	1.93704e+08	2.60571e+08	1.94674e+08	1.69621e+08	2.48676e+08	2.84311e+08	2.86038e+08	1.2993e+08	2.88028e+08	2.03982e+08	2.10513e+08	1.94162e+08	1.65164e+08	2.35085e+08	2.08183e+08	3.356e+08	2.71833e+08	3.13186e+08	2.84367e+08	3.35468e+08	2.65075e+08	3.1008e+08	3.22037e+08	3.04108e+08	3.64007e+08	2.69029e+08	3.07612e+08	3.02015e+08	3.01367e+08	3.08806e+08	3.05833e+08	1.29548e+08	2.0637e+08
ERR635349	2.18884e+08	1.87869e+08	2.04262e+08	2.07121e+08	1.87934e+08	2.01089e+08	2.81606e+08	3.39065e+08	4.8021e+08	3.4039e+08	3.30255e+08	2.82823e+08	1.97238e+08	1.76175e+08	1.38794e+08	1.79019e+08	1.88293e+08	1.89896e+08	1.85885e+08	2.0263e+08	1.99457e+08	2.39194e+08	1.87612e+08	2.03845e+08	1.90227e+08	1.9161e+08	1.92429e+08	1.94453e+08	1.84703e+08	2.08457e+08	1.6672e+08	1.7532e+08	1.95562e+08	2.16212e+08	1.33687e+08	1.71983e+08	1.44932e+08	1.36058e+08	1.43942e+08	1.44259e+08	1.54995e+08	1.46617e+08	1.9677e+08	2.47958e+08	2.50589e+08	2.03459e+08	2.2385e+08	2.01339e+08	2.0028e+08	2.04333e+08	2.38925e+08	2.43819e+08	2.04233e+08	2.25943e+08	3.37653e+08	3.20649e+08	2.69402e+08	2.26038e+08	2.84924e+08	3.43706e+08	2.21227e+08	1.99608e+08	2.61774e+08	1.93235e+08	2.59911e+08	1.94183e+08	1.69216e+08	2.48141e+08	2.83596e+08	2.85447e+08	1.29614e+08	2.87483e+08	2.03382e+08	2.0999e+08	1.9362e+08	1.64839e+08	2.34474e+08	2.07579e+08	3.34666e+08	2.71246e+08	3.12406e+08	2.83636e+08	3.3479e+08	2.64462e+08	3.09569e+08	3.21363e+08	3.03669e+08	3.63348e+08	2.68706e+08	3.072e+08	3.01226e+08	3.00716e+08	3.07986e+08	3.05057e+08	1.28997e+08	2.05904e+08
ERR635351	2.20313e+08	1.89095e+08	2.05489e+08	2.08313e+08	1.89049e+08	2.02079e+08	2.8318e+08	3.41008e+08	3.4039e+08	4.84996e+08	3.32217e+08	2.84517e+08	1.98387e+08	1.77255e+08	1.39569e+08	1.80132e+08	1.89412e+08	1.91046e+08	1.86896e+08	2.0379e+08	2.0058e+08	2.40489e+08	1.88688e+08	2.05066e+08	1.91105e+08	1.9271e+08	1.93385e+08	1.95542e+08	1.85651e+08	2.0982e+08	1.67672e+08	1.7633e+08	1.96652e+08	2.17311e+08	1.34423e+08	1.72913e+08	1.45784e+08	1.36797e+08	1.44732e+08	1.45272e+08	1.55969e+08	1.475e+08	1.9793e+08	2.49751e+08	2.52184e+08	2.04822e+08	2.25345e+08	2.02659e+08	2.01312e+08	2.05446e+08	2.4031e+08	2.45331e+08	2.05215e+08	2.27278e+08	3.3973e+08	3.22613e+08	2.71998e+08	2.27999e+08	2.8758e+08	3.45771e+08	2.22397e+08	2.00578e+08	2.63326e+08	1.94205e+08	2.61304e+08	1.95105e+08	1.70367e+08	2.49848e+08	2.85601e+08	2.87369e+08	1.30295e+08	2.89355e+08	2.04824e+08	2.11579e+08	1.95121e+08	1.65955e+08	2.36288e+08	2.09082e+08	3.36871e+08	2.72906e+08	3.14314e+08	2.85451e+08	3.36759e+08	2.65953e+08	3.1134e+08	3.23211e+08	3.05411e+08	3.65475e+08	2.70153e+08	3.08883e+08	3.03171e+08	3.02503e+08	3.09719e+08	3.06837e+08	1.29795e+08	2.06913e+08
ERR635346	2.14414e+08	1.83655e+08	1.99719e+08	2.02746e+08	1.83817e+08	1.96675e+08	2.76706e+08	3.31027e+08	3.30255e+08	3.32217e+08	4.63767e+08	2.78014e+08	1.93079e+08	1.72458e+08	1.36095e+08	1.75236e+08	1.84246e+08	1.85811e+08	1.81957e+08	1.98588e+08	1.95429e+08	2.34278e+08	1.83774e+08	1.99743e+08	1.86166e+08	1.87511e+08	1.88353e+08	1.90521e+08	1.80875e+08	2.04325e+08	1.63219e+08	1.7187e+08	1.916e+08	2.1173e+08	1.31e+08	1.68394e+08	1.41837e+08	1.33115e+08	1.40767e+08	1.41222e+08	1.5187e+08	1.43476e+08	1.92528e+08	2.42717e+08	2.45345e+08	1.98901e+08	2.19151e+08	1.96831e+08	1.96392e+08	2.00337e+08	2.3403e+08	2.38786e+08	2.00167e+08	2.21631e+08	3.30795e+08	3.14247e+08	2.61501e+08	2.19402e+08	2.7653e+08	3.36715e+08	2.17198e+08	1.95906e+08	2.56705e+08	1.89588e+08	2.55115e+08	1.90608e+08	1.65428e+08	2.42381e+08	2.7713e+08	2.78952e+08	1.26884e+08	2.8061e+08	1.98811e+08	2.0519e+08	1.89312e+08	1.61106e+08	2.29077e+08	2.02883e+08	3.2748e+08	2.65521e+08	3.05874e+08	2.77609e+08	3.27465e+08	2.5913e+08	3.02875e+08	3.14581e+08	2.9706e+08	3.55548e+08	2.63139e+08	3.00555e+08	2.94573e+08	2.94224e+08	3.0145e+08	2.98477e+08	1.26542e+08	2.01336e+08
ERR635347	1.81801e+08	1.55668e+08	1.69403e+08	1.72013e+08	1.55799e+08	1.67073e+08	2.37297e+08	2.83456e+08	2.82823e+08	2.84517e+08	2.78014e+08	3.56903e+08	1.63902e+08	1.46499e+08	1.1583e+08	1.48841e+08	1.56323e+08	1.57652e+08	1.5443e+08	1.68719e+08	1.65758e+08	1.98879e+08	1.55865e+08	1.69468e+08	1.5803e+08	1.59374e+08	1.60047e+08	1.62115e+08	1.53781e+08	1.73549e+08	1.38525e+08	1.46e+08	1.62806e+08	1.79786e+08	1.11421e+08	1.42738e+08	1.20183e+08	1.12823e+08	1.19221e+08	1.19671e+08	1.28493e+08	1.21528e+08	1.63312e+08	2.0575e+08	2.08419e+08	1.6872e+08	1.86048e+08	1.66837e+08	1.68636e+08	1.72116e+08	2.00255e+08	2.04294e+08	1.71743e+08	1.89724e+08	2.822e+08	2.68399e+08	2.19242e+08	1.84144e+08	2.31667e+08	2.87076e+08	1.87201e+08	1.68736e+08	2.2052e+08	1.63318e+08	2.19093e+08	1.64253e+08	1.40953e+08	2.06065e+08	2.35571e+08	2.37151e+08	1.08653e+08	2.38643e+08	1.6945e+08	1.74628e+08	1.61294e+08	1.3749e+08	1.94517e+08	1.72883e+08	2.79658e+08	2.26744e+08	2.61569e+08	2.37151e+08	2.79883e+08	2.22223e+08	2.58947e+08	2.69054e+08	2.5396e+08	3.03754e+08	2.25659e+08	2.57031e+08	2.50786e+08	2.51124e+08	2.57261e+08	2.54714e+08	1.08623e+08	1.71879e+08
ERR608679	3.1144e+08	2.70606e+08	2.9263e+08	2.95498e+08	2.70353e+08	2.87313e+08	1.63287e+08	1.98069e+08	1.97238e+08	1.98387e+08	1.93079e+08	1.63902e+08	4.49081e+08	2.79822e+08	2.24332e+08	2.84527e+08	2.97653e+08	3.00298e+08	2.68116e+08	2.89436e+08	2.8608e+08	3.36308e+08	2.70254e+08	2.91789e+08	2.74934e+08	2.7696e+08	2.77731e+08	2.78901e+08	2.6688e+08	2.97369e+08	2.19611e+08	2.30362e+08	2.5498e+08	2.81261e+08	1.78021e+08	2.2612e+08	2.11708e+08	1.99361e+08	2.11348e+08	2.11586e+08	2.26221e+08	2.15508e+08	2.64104e+08	3.29083e+08	3.3183e+08	2.72263e+08	2.98679e+08	2.70008e+08	1.35132e+08	1.38179e+08	1.6244e+08	1.65631e+08	1.37993e+08	1.53049e+08	2.31593e+08	2.19245e+08	1.94476e+08	1.61904e+08	2.05425e+08	2.35665e+08	1.39919e+08	1.25244e+08	1.66965e+08	1.21332e+08	1.65213e+08	1.21573e+08	1.27477e+08	1.88865e+08	2.1638e+08	2.18129e+08	9.69549e+07	2.19357e+08	1.56505e+08	1.60757e+08	1.48761e+08	1.25557e+08	1.80834e+08	1.59977e+08	2.23651e+08	1.80226e+08	2.08065e+08	1.88793e+08	2.24145e+08	1.74767e+08	2.00858e+08	2.08924e+08	1.96356e+08	2.37967e+08	1.72451e+08	1.98655e+08	2.09189e+08	2.077e+08	2.13037e+08	2.10625e+08	8.66879e+07	1.4103e+08
ERR608678	2.79913e+08	2.43299e+08	2.62998e+08	2.65932e+08	2.42961e+08	2.5845e+08	1.45836e+08	1.76794e+08	1.76175e+08	1.77255e+08	1.72458e+08	1.46499e+08	2.79822e+08	3.74282e+08	2.02523e+08	2.56047e+08	2.67742e+08	2.69986e+08	2.41406e+08	2.60734e+08	2.57491e+08	3.02237e+08	2.43349e+08	2.62629e+08	2.47261e+08	2.48925e+08	2.4974e+08	2.50998e+08	2.40141e+08	2.67343e+08	1.97297e+08	2.07083e+08	2.29125e+08	2.52565e+08	1.60313e+08	2.03021e+08	1.90169e+08	1.7919e+08	1.89854e+08	1.9003e+08	2.03153e+08	1.93679e+08	2.37194e+08	2.95202e+08	2.97946e+08	2.44507e+08	2.6829e+08	2.4258e+08	1.20909e+08	1.23635e+08	1.45184e+08	1.48058e+08	1.23436e+08	1.36882e+08	2.06593e+08	1.95598e+08	1.72105e+08	1.43224e+08	1.81729e+08	2.10304e+08	1.25252e+08	1.12058e+08	1.49268e+08	1.08589e+08	1.47731e+08	1.08719e+08	1.14112e+08	1.68764e+08	1.93336e+08	1.95008e+08	8.70249e+07	1.96138e+08	1.40046e+08	1.43745e+08	1.33081e+08	1.12398e+08	1.61647e+08	1.43086e+08	1.99601e+08	1.60816e+08	1.85719e+08	1.68509e+08	2.00037e+08	1.56232e+08	1.79188e+08	1.86451e+08	1.75137e+08	2.12361e+08	1.5401e+08	1.7727e+08	1.86605e+08	1.85425e+08	1.90124e+08	1.88157e+08	7.76429e+07	1.25965e+08
ERR608677	2.24554e+08	1.94758e+08	2.1048e+08	2.13469e+08	1.94491e+08	2.07886e+08	1.1516e+08	1.39514e+08	1.38794e+08	1.39569e+08	1.36095e+08	1.1583e+08	2.24332e+08	2.02523e+08	2.60214e+08	2.05876e+08	2.14461e+08	2.16367e+08	1.93919e+08	2.09784e+08	2.06557e+08	2.42328e+08	1.9551e+08	2.10868e+08	1.98779e+08	2.00135e+08	2.00804e+08	2.0229e+08	1.93687e+08	2.14685e+08	1.57759e+08	1.66331e+08	1.83758e+08	2.01889e+08	1.29399e+08	1.62307e+08	1.52451e+08	1.43787e+08	1.52013e+08	1.52154e+08	1.62464e+08	1.55027e+08	1.88882e+08	2.34746e+08	2.37587e+08	1.94108e+08	2.13913e+08	1.92671e+08	9.62705e+07	9.85608e+07	1.14429e+08	1.16664e+08	9.82171e+07	1.08413e+08	1.62666e+08	1.54301e+08	1.2829e+08	1.07024e+08	1.35399e+08	1.65357e+08	9.9802e+07	8.8793e+07	1.18052e+08	8.59652e+07	1.17015e+08	8.63035e+07	8.99986e+07	1.32566e+08	1.52413e+08	1.53783e+08	6.9511e+07	1.54598e+08	1.10329e+08	1.12747e+08	1.04744e+08	8.88681e+07	1.26549e+08	1.12648e+08	1.56845e+08	1.2637e+08	1.46625e+08	1.3242e+08	1.57398e+08	1.24081e+08	1.40349e+08	1.46458e+08	1.37165e+08	1.66601e+08	1.21539e+08	1.38797e+08	1.46122e+08	1.4636e+08	1.50057e+08	1.4846e+08	6.20009e+07	9.91887e+07
ERR608682	2.85266e+08	2.481e+08	2.68077e+08	2.70994e+08	2.4778e+08	2.63458e+08	1.48141e+08	1.79678e+08	1.79019e+08	1.80132e+08	1.75236e+08	1.48841e+08	2.84527e+08	2.56047e+08	2.05876e+08	3.85257e+08	2.7357e+08	2.76036e+08	2.4589e+08	2.65579e+08	2.62305e+08	3.07979e+08	2.47827e+08	2.67367e+08	2.52149e+08	2.5383e+08	2.54608e+08	2.55956e+08	2.44935e+08	2.72735e+08	2.01125e+08	2.11087e+08	2.33507e+08	2.57415e+08	1.63487e+08	2.07022e+08	1.94035e+08	1.82951e+08	1.93996e+08	1.93994e+08	2.07356e+08	1.97639e+08	2.41523e+08	3.0047e+08	3.03281e+08	2.48744e+08	2.73203e+08	2.46722e+08	1.22992e+08	1.25755e+08	1.47458e+08	1.50437e+08	1.25591e+08	1.39173e+08	2.10075e+08	1.98913e+08	1.75024e+08	1.45752e+08	1.84845e+08	2.13761e+08	1.2731e+08	1.13896e+08	1.51645e+08	1.10272e+08	1.50056e+08	1.10501e+08	1.15955e+08	1.71587e+08	1.96582e+08	1.98249e+08	8.84633e+07	1.99362e+08	1.42498e+08	1.46142e+08	1.3539e+08	1.14435e+08	1.64356e+08	1.45502e+08	2.02793e+08	1.63363e+08	1.88749e+08	1.71271e+08	2.03174e+08	1.58937e+08	1.82214e+08	1.89603e+08	1.77958e+08	2.1591e+08	1.5664e+08	1.80123e+08	1.89533e+08	1.88581e+08	1.93421e+08	1.91274e+08	7.89766e+07	1.28022e+08
ERR608681	2.98663e+08	2.59951e+08	2.81004e+08	2.83731e+08	2.59653e+08	2.75475e+08	1.55872e+08	1.88885e+08	1.88293e+08	1.89412e+08	1.84246e+08	1.56323e+08	2.97653e+08	2.67742e+08	2.14461e+08	2.7357e+08	4.16436e+08	2.88879e+08	2.57268e+08	2.77723e+08	2.74564e+08	3.22496e+08	2.59297e+08	2.79812e+08	2.6383e+08	2.65627e+08	2.66367e+08	2.67394e+08	2.56024e+08	2.85201e+08	2.10681e+08	2.20842e+08	2.44442e+08	2.69599e+08	1.70734e+08	2.16861e+08	2.0281e+08	1.91229e+08	2.02763e+08	2.02933e+08	2.16996e+08	2.06787e+08	2.53545e+08	3.15748e+08	3.18061e+08	2.61528e+08	2.8651e+08	2.59367e+08	1.28776e+08	1.31524e+08	1.55016e+08	1.58024e+08	1.31467e+08	1.45996e+08	2.20844e+08	2.08993e+08	1.87542e+08	1.56078e+08	1.98323e+08	2.2491e+08	1.33219e+08	1.19419e+08	1.59273e+08	1.15775e+08	1.57502e+08	1.15817e+08	1.2195e+08	1.80808e+08	2.07003e+08	2.08553e+08	9.25094e+07	2.09681e+08	1.49795e+08	1.53884e+08	1.42268e+08	1.20171e+08	1.73168e+08	1.52986e+08	2.13745e+08	1.72202e+08	1.98527e+08	1.80318e+08	2.14018e+08	1.66507e+08	1.92042e+08	1.99727e+08	1.87659e+08	2.27433e+08	1.64582e+08	1.89855e+08	2.0002e+08	1.98272e+08	2.03283e+08	2.01218e+08	8.26662e+07	1.34736e+08
ERR608680	3.01167e+08	2.62152e+08	2.83282e+08	2.859e+08	2.61858e+08	2.77833e+08	1.57218e+08	1.90638e+08	1.89896e+08	1.91046e+08	1.85811e+08	1.57652e+08	3.00298e+08	2.69986e+08	2.16367e+08	2.76036e+08	2.88879e+08	4.22724e+08	2.59309e+08	2.79664e+08	2.76597e+08	3.24902e+08	2.614e+08	2.82001e+08	2.65895e+08	2.67716e+08	2.68531e+08	2.69659e+08	2.58047e+08	2.8762e+08	2.12532e+08	2.22631e+08	2.46288e+08	2.71702e+08	1.72092e+08	2.18721e+08	2.04841e+08	1.93058e+08	2.04768e+08	2.04878e+08	2.18962e+08	2.08634e+08	2.55803e+08	3.18586e+08	3.20936e+08	2.63863e+08	2.89006e+08	2.6176e+08	1.29729e+08	1.32647e+08	1.56408e+08	1.5945e+08	1.32521e+08	1.47171e+08	2.22999e+08	2.1111e+08	1.90122e+08	1.58291e+08	2.00923e+08	2.26992e+08	1.34419e+08	1.20484e+08	1.60725e+08	1.16694e+08	1.58888e+08	1.16882e+08	1.2308e+08	1.82524e+08	2.08838e+08	2.10477e+08	9.33167e+07	2.11647e+08	1.51311e+08	1.55638e+08	1.43843e+08	1.21276e+08	1.75094e+08	1.54604e+08	2.15585e+08	1.73693e+08	2.00186e+08	1.81911e+08	2.15926e+08	1.67951e+08	1.93922e+08	2.01558e+08	1.89525e+08	2.2965e+08	1.66157e+08	1.91673e+08	2.01975e+08	2.00163e+08	2.05279e+08	2.02909e+08	8.34731e+07	1.36092e+08
ERR607614	2.85985e+08	2.4812e+08	2.68508e+08	2.71535e+08	2.4806e+08	2.63813e+08	1.53933e+08	1.86476e+08	1.85885e+08	1.86896e+08	1.81957e+08	1.5443e+08	2.68116e+08	2.41406e+08	1.93919e+08	2.4589e+08	2.57268e+08	2.59309e+08	3.97077e+08	2.9195e+08	2.89238e+08	3.38766e+08	2.73414e+08	2.94289e+08	2.60381e+08	2.62369e+08	2.63132e+08	2.64456e+08	2.53259e+08	2.81644e+08	2.07642e+08	2.18093e+08	2.41132e+08	2.65774e+08	1.68988e+08	2.13739e+08	1.9689e+08	1.8563e+08	1.9658e+08	1.96807e+08	2.10261e+08	2.00381e+08	2.5145e+08	3.13123e+08	3.16032e+08	2.59365e+08	2.84321e+08	2.5711e+08	1.26672e+08	1.29686e+08	1.52241e+08	1.55075e+08	1.29389e+08	1.43512e+08	2.15763e+08	2.04266e+08	1.79617e+08	1.49642e+08	1.89613e+08	2.1967e+08	1.32135e+08	1.18178e+08	1.57401e+08	1.14507e+08	1.55904e+08	1.14778e+08	1.18906e+08	1.76026e+08	2.01601e+08	2.03412e+08	9.06465e+07	2.04487e+08	1.47588e+08	1.51602e+08	1.40218e+08	1.18467e+08	1.70428e+08	1.50825e+08	2.07609e+08	1.67258e+08	1.93287e+08	1.75294e+08	2.08162e+08	1.62427e+08	1.88258e+08	1.95958e+08	1.84007e+08	2.23031e+08	1.61903e+08	1.86134e+08	1.94173e+08	1.92775e+08	1.97807e+08	1.95676e+08	8.07961e+07	1.30952e+08
ERR607610	3.09655e+08	2.68188e+08	2.90334e+08	2.94031e+08	2.68021e+08	2.85794e+08	1.68004e+08	2.03413e+08	2.0263e+08	2.0379e+08	1.98588e+08	1.68719e+08	2.89436e+08	2.60734e+08	2.09784e+08	2.65579e+08	2.77723e+08	2.79664e+08	2.9195e+08	4.55918e+08	3.11763e+08	3.67686e+08	2.94639e+08	3.18958e+08	2.81209e+08	2.83269e+08	2.8414e+08	2.85777e+08	2.73518e+08	3.04338e+08	2.24331e+08	2.36126e+08	2.61205e+08	2.87568e+08	1.83009e+08	2.31076e+08	2.12762e+08	2.00689e+08	2.1244e+08	2.12759e+08	2.27448e+08	2.16659e+08	2.71961e+08	3.38306e+08	3.42136e+08	2.7992e+08	3.07785e+08	2.77715e+08	1.38913e+08	1.42148e+08	1.66088e+08	1.69244e+08	1.41759e+08	1.56924e+08	2.35143e+08	2.22813e+08	1.90935e+08	1.5927e+08	2.01674e+08	2.39276e+08	1.44945e+08	1.29355e+08	1.72101e+08	1.25313e+08	1.70404e+08	1.25622e+08	1.29167e+08	1.9082e+08	2.18823e+08	2.20816e+08	9.89483e+07	2.21947e+08	1.59865e+08	1.63931e+08	1.51928e+08	1.28441e+08	1.84015e+08	1.63265e+08	2.26213e+08	1.82176e+08	2.1094e+08	1.91069e+08	2.26763e+08	1.77912e+08	2.04742e+08	2.13498e+08	2.00291e+08	2.42789e+08	1.76567e+08	2.02473e+08	2.11291e+08	2.10408e+08	2.15816e+08	2.13472e+08	8.8612e+07	1.42846e+08
ERR607612	3.05628e+08	2.65125e+08	2.86814e+08	2.90118e+08	2.64866e+08	2.81897e+08	1.65155e+08	2.00207e+08	1.99457e+08	2.0058e+08	1.95429e+08	1.65758e+08	2.8608e+08	2.57491e+08	2.06557e+08	2.62305e+08	2.74564e+08	2.76597e+08	2.89238e+08	3.11763e+08	4.44446e+08	3.61993e+08	2.91716e+08	3.14055e+08	2.77716e+08	2.79853e+08	2.80419e+08	2.82103e+08	2.69778e+08	3.00558e+08	2.21896e+08	2.33089e+08	2.57925e+08	2.84008e+08	1.80459e+08	2.28469e+08	2.10528e+08	1.98534e+08	2.10153e+08	2.1047e+08	2.25009e+08	2.14308e+08	2.68787e+08	3.34696e+08	3.37778e+08	2.77027e+08	3.04058e+08	2.74771e+08	1.36189e+08	1.39233e+08	1.63557e+08	1.66678e+08	1.38918e+08	1.54176e+08	2.31747e+08	2.19402e+08	1.92704e+08	1.60541e+08	2.03548e+08	2.35782e+08	1.41906e+08	1.26914e+08	1.69159e+08	1.23026e+08	1.67413e+08	1.23256e+08	1.2747e+08	1.88622e+08	2.16229e+08	2.17978e+08	9.71484e+07	2.19234e+08	1.57937e+08	1.62308e+08	1.50213e+08	1.26914e+08	1.82355e+08	1.61511e+08	2.23015e+08	1.79685e+08	2.07525e+08	1.88223e+08	2.23482e+08	1.74441e+08	2.0221e+08	2.10419e+08	1.97563e+08	2.39624e+08	1.73725e+08	1.99866e+08	2.08568e+08	2.07117e+08	2.12576e+08	2.10228e+08	8.67565e+07	1.40713e+08
ERR607609	3.61279e+08	3.13011e+08	3.39052e+08	3.43037e+08	3.12693e+08	3.33046e+08	1.98214e+08	2.4002e+08	2.39194e+08	2.40489e+08	2.34278e+08	1.98879e+08	3.36308e+08	3.02237e+08	2.42328e+08	3.07979e+08	3.22496e+08	3.24902e+08	3.38766e+08	3.67686e+08	3.61993e+08	5.93751e+08	3.41691e+08	3.70278e+08	3.26273e+08	3.28566e+08	3.29628e+08	3.31574e+08	3.17128e+08	3.53533e+08	2.61347e+08	2.74721e+08	3.04065e+08	3.35262e+08	2.12362e+08	2.69186e+08	2.48775e+08	2.34335e+08	2.48136e+08	2.48546e+08	2.65901e+08	2.5304e+08	3.16843e+08	3.94983e+08	3.98785e+08	3.26751e+08	3.58771e+08	3.2387e+08	1.63595e+08	1.67397e+08	1.96078e+08	1.99886e+08	1.66984e+08	1.85043e+08	2.78078e+08	2.63243e+08	2.29225e+08	1.90969e+08	2.41992e+08	2.8318e+08	1.70337e+08	1.52183e+08	2.02799e+08	1.47589e+08	2.00791e+08	1.47838e+08	1.5207e+08	2.24869e+08	2.57692e+08	2.5984e+08	1.15991e+08	2.61465e+08	1.87558e+08	1.92513e+08	1.78212e+08	1.50532e+08	2.16388e+08	1.91629e+08	2.67734e+08	2.15651e+08	2.49216e+08	2.25954e+08	2.68303e+08	2.09702e+08	2.42193e+08	2.52235e+08	2.36841e+08	2.8717e+08	2.08418e+08	2.39425e+08	2.49875e+08	2.48727e+08	2.5508e+08	2.52279e+08	1.04258e+08	1.68947e+08
ERR607613	2.88373e+08	2.50097e+08	2.70676e+08	2.73877e+08	2.5001e+08	2.66072e+08	1.55394e+08	1.88294e+08	1.87612e+08	1.88688e+08	1.83774e+08	1.55865e+08	2.70254e+08	2.43349e+08	1.9551e+08	2.47827e+08	2.59297e+08	2.614e+08	2.73414e+08	2.94639e+08	2.91716e+08	3.41691e+08	4.03232e+08	2.96858e+08	2.62618e+08	2.64461e+08	2.65204e+08	2.66564e+08	2.55303e+08	2.84038e+08	2.09123e+08	2.2004e+08	2.43263e+08	2.67945e+08	1.70399e+08	2.15519e+08	1.98328e+08	1.87057e+08	1.98062e+08	1.98151e+08	2.11964e+08	2.01858e+08	2.53748e+08	3.15538e+08	3.18564e+08	2.61392e+08	2.86843e+08	2.59248e+08	1.28075e+08	1.3102e+08	1.53629e+08	1.56529e+08	1.30788e+08	1.44994e+08	2.17816e+08	2.06075e+08	1.8035e+08	1.50127e+08	1.90348e+08	2.21649e+08	1.33642e+08	1.19481e+08	1.59094e+08	1.15832e+08	1.57516e+08	1.15905e+08	1.19968e+08	1.77433e+08	2.03366e+08	2.05003e+08	9.14184e+07	2.06219e+08	1.4889e+08	1.52761e+08	1.41503e+08	1.19567e+08	1.71633e+08	1.52055e+08	2.09546e+08	1.68788e+08	1.95096e+08	1.76854e+08	2.09947e+08	1.63951e+08	1.90001e+08	1.9788e+08	1.85718e+08	2.25139e+08	1.63327e+08	1.87777e+08	1.95861e+08	1.9454e+08	1.9973e+08	1.9749e+08	8.16043e+07	1.32198e+08
ERR607611	3.1222e+08	2.70646e+08	2.92846e+08	2.96325e+08	2.70406e+08	2.87916e+08	1.69102e+08	2.04639e+08	2.03845e+08	2.05066e+08	1.99743e+08	1.69468e+08	2.91789e+08	2.62629e+08	2.10868e+08	2.67367e+08	2.79812e+08	2.82001e+08	2.94289e+08	3.18958e+08	3.14055e+08	3.70278e+08	2.96858e+08	4.63895e+08	2.83584e+08	2.85467e+08	2.86338e+08	2.8807e+08	2.75585e+08	3.06935e+08	2.26075e+08	2.37763e+08	2.62904e+08	2.89827e+08	1.84083e+08	2.32838e+08	2.14892e+08	2.02523e+08	2.14511e+08	2.14717e+08	2.29602e+08	2.18721e+08	2.74191e+08	3.41466e+08	3.44848e+08	2.82687e+08	3.10334e+08	2.80439e+08	1.39211e+08	1.4241e+08	1.67077e+08	1.70107e+08	1.42134e+08	1.57618e+08	2.36721e+08	2.23985e+08	1.95158e+08	1.62676e+08	2.0627e+08	2.40879e+08	1.45265e+08	1.2996e+08	1.72941e+08	1.25933e+08	1.71342e+08	1.26167e+08	1.2996e+08	1.92212e+08	2.2032e+08	2.22197e+08	9.91364e+07	2.23622e+08	1.60777e+08	1.65082e+08	1.52792e+08	1.29218e+08	1.85453e+08	1.64385e+08	2.27772e+08	1.83564e+08	2.12141e+08	1.92339e+08	2.28158e+08	1.7838e+08	2.06486e+08	2.14937e+08	2.01803e+08	2.44566e+08	1.77679e+08	2.04103e+08	2.12799e+08	2.11655e+08	2.16989e+08	2.14737e+08	8.88621e+07	1.43798e+08
ERR607698	2.96612e+08	2.57399e+08	2.78534e+08	2.81598e+08	2.57273e+08	2.7365e+08	1.57519e+08	1.9076e+08	1.90227e+08	1.91105e+08	1.86166e+08	1.5803e+08	2.74934e+08	2.47261e+08	1.98779e+08	2.52149e+08	2.6383e+08	2.65895e+08	2.60381e+08	2.81209e+08	2.77716e+08	3.26273e+08	2.62618e+08	2.83584e+08	4.39331e+08	3.09878e+08	3.10708e+08	3.10993e+08	2.98155e+08	3.31641e+08	2.15634e+08	2.26393e+08	2.50497e+08	2.75964e+08	1.75328e+08	2.22059e+08	2.06244e+08	1.94684e+08	2.06114e+08	2.06285e+08	2.20412e+08	2.10208e+08	2.58664e+08	3.21667e+08	3.24699e+08	2.66395e+08	2.92304e+08	2.64357e+08	1.28894e+08	1.3195e+08	1.54819e+08	1.57733e+08	1.31649e+08	1.45949e+08	2.20437e+08	2.088e+08	1.81177e+08	1.50805e+08	1.91334e+08	2.24374e+08	1.36109e+08	1.21684e+08	1.62007e+08	1.17858e+08	1.60408e+08	1.18109e+08	1.19934e+08	1.77294e+08	2.03409e+08	2.05029e+08	9.14619e+07	2.06184e+08	1.48785e+08	1.52639e+08	1.41363e+08	1.19317e+08	1.71649e+08	1.51885e+08	2.11278e+08	1.70254e+08	1.96697e+08	1.78447e+08	2.11776e+08	1.65443e+08	1.9194e+08	1.99846e+08	1.87542e+08	2.2753e+08	1.65048e+08	1.89829e+08	1.97687e+08	1.96531e+08	2.01519e+08	1.9936e+08	8.2336e+07	1.33412e+08
ERR607696	2.98439e+08	2.58997e+08	2.80347e+08	2.83463e+08	2.5893e+08	2.75544e+08	1.58794e+08	1.92391e+08	1.9161e+08	1.9271e+08	1.87511e+08	1.59374e+08	2.7696e+08	2.48925e+08	2.00135e+08	2.5383e+08	2.65627e+08	2.67716e+08	2.62369e+08	2.83269e+08	2.79853e+08	3.28566e+08	2.64461e+08	2.85467e+08	3.09878e+08	4.44581e+08	3.12886e+08	3.13214e+08	3.00202e+08	3.33942e+08	2.17213e+08	2.28201e+08	2.52343e+08	2.77994e+08	1.76589e+08	2.23672e+08	2.07564e+08	1.95874e+08	2.07457e+08	2.07631e+08	2.21774e+08	2.11579e+08	2.60285e+08	3.23752e+08	3.26894e+08	2.68271e+08	2.94385e+08	2.6608e+08	1.29934e+08	1.32904e+08	1.56076e+08	1.58985e+08	1.32703e+08	1.47156e+08	2.22085e+08	2.10412e+08	1.82174e+08	1.51775e+08	1.92498e+08	2.25924e+08	1.37183e+08	1.22682e+08	1.63367e+08	1.18851e+08	1.61687e+08	1.19109e+08	1.20844e+08	1.78646e+08	2.04966e+08	2.06549e+08	9.21391e+07	2.07723e+08	1.49911e+08	1.53735e+08	1.42485e+08	1.20232e+08	1.72898e+08	1.53128e+08	2.13004e+08	1.7153e+08	1.98304e+08	1.79739e+08	2.13373e+08	1.66649e+08	1.93425e+08	2.01366e+08	1.89017e+08	2.29105e+08	1.66291e+08	1.91108e+08	1.99109e+08	1.98007e+08	2.02916e+08	2.00855e+08	8.29736e+07	1.34376e+08
ERR607697	2.99293e+08	2.59638e+08	2.81044e+08	2.84169e+08	2.5948e+08	2.76218e+08	1.59342e+08	1.93029e+08	1.92429e+08	1.93385e+08	1.88353e+08	1.60047e+08	2.77731e+08	2.4974e+08	2.00804e+08	2.54608e+08	2.66367e+08	2.68531e+08	2.63132e+08	2.8414e+08	2.80419e+08	3.29628e+08	2.65204e+08	2.86338e+08	3.10708e+08	3.12886e+08	4.46997e+08	3.14178e+08	3.01098e+08	3.34943e+08	2.17902e+08	2.28916e+08	2.53156e+08	2.78944e+08	1.7722e+08	2.24321e+08	2.08122e+08	1.9628e+08	2.07787e+08	2.08111e+08	2.22269e+08	2.11952e+08	2.61163e+08	3.2489e+08	3.28083e+08	2.68991e+08	2.95187e+08	2.66887e+08	1.30462e+08	1.33629e+08	1.56536e+08	1.59632e+08	1.33243e+08	1.47804e+08	2.2306e+08	2.11312e+08	1.823e+08	1.51859e+08	1.92604e+08	2.26995e+08	1.37789e+08	1.23135e+08	1.63907e+08	1.19212e+08	1.62281e+08	1.19494e+08	1.21395e+08	1.79294e+08	2.05672e+08	2.07508e+08	9.25696e+07	2.08667e+08	1.50634e+08	1.54311e+08	1.43124e+08	1.20748e+08	1.73577e+08	1.53691e+08	2.13847e+08	1.72381e+08	1.99079e+08	1.80504e+08	2.14173e+08	1.675e+08	1.94079e+08	2.0208e+08	1.89691e+08	2.30061e+08	1.66936e+08	1.9181e+08	1.99786e+08	1.99013e+08	2.03906e+08	2.01652e+08	8.33351e+07	1.34858e+08
ERR607695	3.00907e+08	2.6071e+08	2.82138e+08	2.85718e+08	2.60534e+08	2.77667e+08	1.61312e+08	1.95352e+08	1.94453e+08	1.95542e+08	1.90521e+08	1.62115e+08	2.78901e+08	2.50998e+08	2.0229e+08	2.55956e+08	2.67394e+08	2.69659e+08	2.64456e+08	2.85777e+08	2.82103e+08	3.31574e+08	2.66564e+08	2.8807e+08	3.10993e+08	3.13214e+08	3.14178e+08	4.51578e+08	3.03464e+08	3.37226e+08	2.18815e+08	2.30266e+08	2.54776e+08	2.80279e+08	1.78217e+08	2.25262e+08	2.08826e+08	1.96996e+08	2.08432e+08	2.08631e+08	2.22887e+08	2.12706e+08	2.62241e+08	3.26195e+08	3.29711e+08	2.69913e+08	2.96888e+08	2.67749e+08	1.32662e+08	1.35674e+08	1.58444e+08	1.61606e+08	1.35385e+08	1.49839e+08	2.2541e+08	2.1348e+08	1.80672e+08	1.50486e+08	1.90764e+08	2.29213e+08	1.39956e+08	1.24887e+08	1.66058e+08	1.20939e+08	1.64506e+08	1.21266e+08	1.22443e+08	1.80846e+08	2.07564e+08	2.09223e+08	9.38983e+07	2.10501e+08	1.51623e+08	1.55206e+08	1.44119e+08	1.21745e+08	1.74404e+08	1.547e+08	2.15933e+08	1.74044e+08	2.01404e+08	1.82404e+08	2.16522e+08	1.69882e+08	1.959e+08	2.04062e+08	1.91413e+08	2.3227e+08	1.69001e+08	1.93672e+08	2.01416e+08	2.01028e+08	2.06106e+08	2.03899e+08	8.46779e+07	1.36307e+08
ERR607693	2.87606e+08	2.49304e+08	2.69876e+08	2.73267e+08	2.49136e+08	2.6568e+08	1.53073e+08	1.85309e+08	1.84703e+08	1.85651e+08	1.80875e+08	1.53781e+08	2.6688e+08	2.40141e+08	1.93687e+08	2.44935e+08	2.56024e+08	2.58047e+08	2.53259e+08	2.73518e+08	2.69778e+08	3.17128e+08	2.55303e+08	2.75585e+08	2.98155e+08	3.00202e+08	3.01098e+08	3.03464e+08	4.18911e+08	3.23101e+08	2.09205e+08	2.20138e+08	2.4363e+08	2.67968e+08	1.70445e+08	2.15446e+08	2.00098e+08	1.88827e+08	1.99794e+08	1.99989e+08	2.13614e+08	2.03797e+08	2.50843e+08	3.11767e+08	3.15216e+08	2.58187e+08	2.83787e+08	2.56257e+08	1.2567e+08	1.28616e+08	1.50302e+08	1.53256e+08	1.28342e+08	1.41963e+08	2.13873e+08	2.02657e+08	1.72084e+08	1.43307e+08	1.81801e+08	2.17429e+08	1.32741e+08	1.18485e+08	1.57502e+08	1.14661e+08	1.55933e+08	1.15063e+08	1.16449e+08	1.71883e+08	1.97402e+08	1.99122e+08	8.91774e+07	2.00213e+08	1.4442e+08	1.47936e+08	1.37159e+08	1.1599e+08	1.66163e+08	1.47467e+08	2.05038e+08	1.65229e+08	1.9113e+08	1.73093e+08	2.05487e+08	1.61142e+08	1.85895e+08	1.93799e+08	1.81654e+08	2.20455e+08	1.60288e+08	1.83891e+08	1.91397e+08	1.90762e+08	1.95805e+08	1.93535e+08	8.03039e+07	1.29418e+08
ERR607694	3.21347e+08	2.78686e+08	3.01526e+08	3.04992e+08	2.78503e+08	2.96442e+08	1.72888e+08	2.09365e+08	2.08457e+08	2.0982e+08	2.04325e+08	1.73549e+08	2.97369e+08	2.67343e+08	2.14685e+08	2.72735e+08	2.85201e+08	2.8762e+08	2.81644e+08	3.04338e+08	3.00558e+08	3.53533e+08	2.84038e+08	3.06935e+08	3.31641e+08	3.33942e+08	3.34943e+08	3.37226e+08	3.23101e+08	5.05557e+08	2.33523e+08	2.45544e+08	2.71631e+08	2.99378e+08	1.89659e+08	2.40602e+08	2.23398e+08	2.10506e+08	2.23099e+08	2.23366e+08	2.38673e+08	2.2758e+08	2.80324e+08	3.48942e+08	3.52293e+08	2.8881e+08	3.17023e+08	2.86555e+08	1.41626e+08	1.44918e+08	1.69978e+08	1.73184e+08	1.44593e+08	1.60334e+08	2.42046e+08	2.29149e+08	1.98096e+08	1.6484e+08	2.09314e+08	2.46322e+08	1.49419e+08	1.33615e+08	1.77858e+08	1.2949e+08	1.76131e+08	1.29646e+08	1.31227e+08	1.94067e+08	2.22466e+08	2.24369e+08	1.001e+08	2.25617e+08	1.62597e+08	1.66667e+08	1.54464e+08	1.30445e+08	1.875e+08	1.65977e+08	2.31904e+08	1.86893e+08	2.16051e+08	1.95903e+08	2.32507e+08	1.81626e+08	2.10509e+08	2.19188e+08	2.05711e+08	2.49613e+08	1.811e+08	2.08323e+08	2.16862e+08	2.15715e+08	2.21164e+08	2.18788e+08	9.0429e+07	1.4638e+08
ERR613356	2.38919e+08	2.07953e+08	2.24813e+08	2.2646e+08	2.079e+08	2.20081e+08	1.38e+08	1.67244e+08	1.6672e+08	1.67672e+08	1.63219e+08	1.38525e+08	2.19611e+08	1.97297e+08	1.57759e+08	2.01125e+08	2.10681e+08	2.12532e+08	2.07642e+08	2.24331e+08	2.21896e+08	2.61347e+08	2.09123e+08	2.26075e+08	2.15634e+08	2.17213e+08	2.17902e+08	2.18815e+08	2.09205e+08	2.33523e+08	3.49435e+08	2.46887e+08	2.70922e+08	2.96136e+08	1.97031e+08	2.44304e+08	2.00339e+08	1.90095e+08	2.00381e+08	2.00646e+08	2.1249e+08	2.03976e+08	2.05321e+08	2.55426e+08	2.56989e+08	2.11952e+08	2.3163e+08	2.09837e+08	1.17115e+08	1.19762e+08	1.40699e+08	1.43674e+08	1.19443e+08	1.32507e+08	1.98554e+08	1.88009e+08	1.66632e+08	1.38943e+08	1.75706e+08	2.02236e+08	1.17692e+08	1.05772e+08	1.40874e+08	1.02465e+08	1.3918e+08	1.02631e+08	1.07862e+08	1.59652e+08	1.82436e+08	1.83941e+08	8.21192e+07	1.85071e+08	1.28347e+08	1.32204e+08	1.21981e+08	1.0317e+08	1.4849e+08	1.31097e+08	1.93279e+08	1.55735e+08	1.79576e+08	1.63011e+08	1.93224e+08	1.50948e+08	1.70401e+08	1.77052e+08	1.66411e+08	2.01538e+08	1.46208e+08	1.68277e+08	1.771e+08	1.75808e+08	1.80274e+08	1.78183e+08	7.34107e+07	1.19522e+08
ERR613354	2.50682e+08	2.17453e+08	2.35204e+08	2.37823e+08	2.17372e+08	2.31036e+08	1.45219e+08	1.75896e+08	1.7532e+08	1.7633e+08	1.7187e+08	1.46e+08	2.30362e+08	2.07083e+08	1.66331e+08	2.11087e+08	2.20842e+08	2.22631e+08	2.18093e+08	2.36126e+08	2.33089e+08	2.74721e+08	2.2004e+08	2.37763e+08	2.26393e+08	2.28201e+08	2.28916e+08	2.30266e+08	2.20138e+08	2.45544e+08	2.46887e+08	3.76348e+08	2.84248e+08	3.10512e+08	2.05106e+08	2.53619e+08	2.08669e+08	1.97873e+08	2.08316e+08	2.08599e+08	2.21142e+08	2.12145e+08	2.15087e+08	2.6768e+08	2.70011e+08	2.21575e+08	2.43089e+08	2.19519e+08	1.23913e+08	1.26745e+08	1.47984e+08	1.5104e+08	1.26441e+08	1.39861e+08	2.08098e+08	1.9746e+08	1.66904e+08	1.39308e+08	1.75902e+08	2.11877e+08	1.24758e+08	1.11684e+08	1.48439e+08	1.08239e+08	1.46839e+08	1.08495e+08	1.13221e+08	1.66945e+08	1.91377e+08	1.9302e+08	8.69908e+07	1.94197e+08	1.34276e+08	1.37894e+08	1.27741e+08	1.08154e+08	1.54711e+08	1.37293e+08	2.02479e+08	1.63283e+08	1.88929e+08	1.71062e+08	2.02626e+08	1.59382e+08	1.78145e+08	1.85593e+08	1.74096e+08	2.11131e+08	1.53767e+08	1.76204e+08	1.85107e+08	1.84649e+08	1.89483e+08	1.87334e+08	7.78252e+07	1.25511e+08
ERR613355	2.77651e+08	2.40572e+08	2.60523e+08	2.63229e+08	2.40434e+08	2.55837e+08	1.61945e+08	1.96155e+08	1.95562e+08	1.96652e+08	1.916e+08	1.62806e+08	2.5498e+08	2.29125e+08	1.83758e+08	2.33507e+08	2.44442e+08	2.46288e+08	2.41132e+08	2.61205e+08	2.57925e+08	3.04065e+08	2.43263e+08	2.62904e+08	2.50497e+08	2.52343e+08	2.53156e+08	2.54776e+08	2.4363e+08	2.71631e+08	2.70922e+08	2.84248e+08	4.43473e+08	3.4186e+08	2.24578e+08	2.78575e+08	2.28964e+08	2.16991e+08	2.2853e+08	2.28805e+08	2.42754e+08	2.32765e+08	2.38719e+08	2.97493e+08	3.00083e+08	2.45896e+08	2.70062e+08	2.43709e+08	1.38162e+08	1.41408e+08	1.64972e+08	1.68415e+08	1.40896e+08	1.55839e+08	2.32225e+08	2.20186e+08	1.86534e+08	1.55707e+08	1.96577e+08	2.36373e+08	1.39183e+08	1.24547e+08	1.65502e+08	1.20655e+08	1.63668e+08	1.20964e+08	1.26042e+08	1.85926e+08	2.13224e+08	2.1495e+08	9.68541e+07	2.16351e+08	1.4982e+08	1.5375e+08	1.42258e+08	1.20602e+08	1.72486e+08	1.53027e+08	2.25763e+08	1.81954e+08	2.10702e+08	1.90521e+08	2.25902e+08	1.77775e+08	1.98675e+08	2.06875e+08	1.94188e+08	2.35291e+08	1.71421e+08	1.96355e+08	2.0652e+08	2.06198e+08	2.1125e+08	2.08956e+08	8.68195e+07	1.39879e+08
