	ERR608360	ERR608361	ERR608359	ERR608363	ERR608364	ERR608362	ERR622146	ERR622144	ERR622143	ERR622148	ERR622147	ERR622145	ERR626952	ERR626951	ERR626956	ERR626955	ERR626953	ERR626954	ERR629879	ERR629876	ERR629878	ERR629875	ERR629874	ERR629877	ERR608919	ERR608924	ERR608921	ERR608923	ERR608920	ERR608922	ERR626425	ERR626424	ERR626428	ERR626427	ERR626426	ERR626423	ERR607987	ERR607986	ERR607988	ERR607984	ERR607983	ERR607985	ERR612359	ERR612363	ERR612364	ERR612361	ERR612362	ERR612360	ERR616827	ERR616828	ERR616826	ERR616824	ERR616823	ERR616825	ERR626939	ERR626942	ERR626940	ERR626943	ERR626941	ERR626944	ERR613341	ERR613345	ERR613346	ERR613343	ERR613342	ERR613344	ERR617267	ERR617269	ERR617265	ERR617270	ERR617266	ERR617268	ERR617033	ERR617037	ERR617038	ERR617036	ERR617034	ERR617035	ERR608355	ERR608356	ERR608358	ERR608357	ERR608354	ERR608353	ERR607780	ERR607779	ERR607776	ERR607775	ERR607778	ERR607777	ERR626775	ERR626772	ERR626774	ERR626773	ERR626771	ERR626776
ERR608360	5.06594e+08	3.92246e+08	2.59723e+08	3.69762e+08	3.73066e+08	3.71207e+08	2.45169e+08	2.97326e+08	2.31604e+08	2.37121e+08	2.4168e+08	3.19346e+08	2.40555e+08	2.89205e+08	3.00945e+08	3.06546e+08	2.92739e+08	2.52351e+08	1.42092e+08	1.64512e+08	1.40453e+08	1.42413e+08	1.67648e+08	1.42877e+08	2.39447e+08	2.59189e+08	3.55963e+08	2.63631e+08	3.28455e+08	2.68508e+08	2.78008e+08	2.74119e+08	2.97133e+08	2.07523e+08	2.10156e+08	3.0381e+08	2.24234e+08	2.20669e+08	2.18948e+08	3.14526e+08	2.99647e+08	3.16469e+08	2.27713e+08	2.53628e+08	2.51402e+08	2.19277e+08	2.52954e+08	2.18608e+08	2.66895e+08	2.69382e+08	2.64858e+08	3.06095e+08	3.05797e+08	3.33282e+08	3.27537e+08	2.94948e+08	2.7228e+08	3.57982e+08	3.30853e+08	3.50105e+08	2.17721e+08	1.74246e+08	1.35132e+08	1.95098e+08	1.74843e+08	1.69411e+08	2.14969e+08	2.51522e+08	2.09052e+08	2.53725e+08	2.13237e+08	2.53139e+08	1.75937e+08	1.53724e+08	1.55704e+08	1.56829e+08	1.84677e+08	1.9127e+08	1.96424e+08	2.206e+08	2.26521e+08	2.2045e+08	1.80372e+08	1.337e+08	2.29873e+08	2.37095e+08	1.84539e+08	2.26364e+08	1.88765e+08	2.28256e+08	1.9263e+08	1.82953e+08	1.90305e+08	1.85209e+08	1.95175e+08	1.97157e+08
ERR608361	3.92246e+08	6.03078e+08	2.84948e+08	4.0855e+08	4.12109e+08	4.10475e+08	2.70088e+08	3.28078e+08	2.54138e+08	2.61254e+08	2.66237e+08	3.52809e+08	2.65008e+08	3.19579e+08	3.322e+08	3.38399e+08	3.23548e+08	2.78314e+08	1.58059e+08	1.83871e+08	1.56327e+08	1.5884e+08	1.8751e+08	1.59102e+08	2.63818e+08	2.87263e+08	3.9535e+08	2.92071e+08	3.64158e+08	2.97464e+08	3.07115e+08	3.02874e+08	3.28395e+08	2.29117e+08	2.32315e+08	3.36131e+08	2.47041e+08	2.43127e+08	2.41135e+08	3.47294e+08	3.30453e+08	3.4921e+08	2.53403e+08	2.8201e+08	2.79453e+08	2.43913e+08	2.81212e+08	2.4316e+08	2.936e+08	2.9623e+08	2.91253e+08	3.37807e+08	3.3709e+08	3.67864e+08	3.61968e+08	3.25432e+08	3.00022e+08	3.95635e+08	3.65754e+08	3.86569e+08	2.41856e+08	1.93798e+08	1.49734e+08	2.16417e+08	1.94064e+08	1.88381e+08	2.39656e+08	2.8071e+08	2.32572e+08	2.83234e+08	2.37727e+08	2.82608e+08	1.96087e+08	1.70936e+08	1.73058e+08	1.74308e+08	2.06089e+08	2.13707e+08	2.19201e+08	2.45976e+08	2.52581e+08	2.45882e+08	2.01038e+08	1.48371e+08	2.55754e+08	2.63704e+08	2.0508e+08	2.52115e+08	2.09923e+08	2.54327e+08	2.14447e+08	2.03378e+08	2.12013e+08	2.05954e+08	2.17274e+08	2.19619e+08
ERR608359	2.59723e+08	2.84948e+08	3.00543e+08	2.69814e+08	2.71964e+08	2.70713e+08	1.8093e+08	2.18852e+08	1.72718e+08	1.75276e+08	1.78343e+08	2.33973e+08	1.77772e+08	2.11977e+08	2.209e+08	2.24985e+08	2.14541e+08	1.86204e+08	1.01013e+08	1.15914e+08	9.97602e+07	1.00737e+08	1.18105e+08	1.01416e+08	1.75883e+08	1.87878e+08	2.5609e+08	1.90909e+08	2.37397e+08	1.94586e+08	2.03443e+08	2.00878e+08	2.17096e+08	1.52417e+08	1.54178e+08	2.21748e+08	1.65361e+08	1.62754e+08	1.61528e+08	2.30034e+08	2.19725e+08	2.31851e+08	1.62019e+08	1.80877e+08	1.79142e+08	1.56159e+08	1.80254e+08	1.55621e+08	1.97398e+08	1.99118e+08	1.95886e+08	2.24187e+08	2.24766e+08	2.43792e+08	2.39306e+08	2.16769e+08	2.00748e+08	2.61943e+08	2.41826e+08	2.55923e+08	1.56162e+08	1.24647e+08	9.74865e+07	1.40149e+08	1.25743e+08	1.21174e+08	1.52382e+08	1.77713e+08	1.49077e+08	1.79187e+08	1.51014e+08	1.78871e+08	1.24798e+08	1.09837e+08	1.11424e+08	1.11843e+08	1.30299e+08	1.34866e+08	1.38726e+08	1.56074e+08	1.60239e+08	1.55892e+08	1.27827e+08	9.58363e+07	1.63447e+08	1.6866e+08	1.31555e+08	1.60445e+08	1.34229e+08	1.61735e+08	1.37157e+08	1.30529e+08	1.35476e+08	1.32077e+08	1.39153e+08	1.40263e+08
ERR608363	3.69762e+08	4.0855e+08	2.69814e+08	5.4595e+08	3.9103e+08	3.8924e+08	2.55937e+08	3.10576e+08	2.4146e+08	2.4757e+08	2.5219e+08	3.33681e+08	2.51252e+08	3.02547e+08	3.14548e+08	3.20536e+08	3.06115e+08	2.63743e+08	1.48676e+08	1.7238e+08	1.47016e+08	1.49133e+08	1.75768e+08	1.49545e+08	2.49567e+08	2.70865e+08	3.72549e+08	2.75438e+08	3.43383e+08	2.80594e+08	2.90782e+08	2.86973e+08	3.10968e+08	2.16977e+08	2.19941e+08	3.17994e+08	2.33854e+08	2.30193e+08	2.28428e+08	3.28278e+08	3.12753e+08	3.30293e+08	2.3827e+08	2.65487e+08	2.63023e+08	2.29628e+08	2.64713e+08	2.28788e+08	2.78939e+08	2.81488e+08	2.76748e+08	3.19779e+08	3.19713e+08	3.48469e+08	3.4248e+08	3.08347e+08	2.84486e+08	3.74542e+08	3.4597e+08	3.66082e+08	2.2772e+08	1.82474e+08	1.41224e+08	2.04078e+08	1.82836e+08	1.77297e+08	2.25147e+08	2.63488e+08	2.18853e+08	2.65626e+08	2.23047e+08	2.65169e+08	1.84338e+08	1.61114e+08	1.6315e+08	1.64221e+08	1.93421e+08	2.0057e+08	2.05549e+08	2.31061e+08	2.37256e+08	2.30744e+08	1.88735e+08	1.39718e+08	2.40708e+08	2.4832e+08	1.93202e+08	2.37036e+08	1.97658e+08	2.39115e+08	2.0161e+08	1.91562e+08	1.99393e+08	1.93898e+08	2.04343e+08	2.06557e+08
ERR608364	3.73066e+08	4.12109e+08	2.71964e+08	3.9103e+08	5.54052e+08	3.92568e+08	2.58036e+08	3.13312e+08	2.43372e+08	2.49653e+08	2.54301e+08	3.36653e+08	2.53176e+08	3.04895e+08	3.1706e+08	3.23045e+08	3.08543e+08	2.65884e+08	1.50159e+08	1.74046e+08	1.48371e+08	1.50603e+08	1.77468e+08	1.50932e+08	2.51958e+08	2.73427e+08	3.76038e+08	2.7818e+08	3.46766e+08	2.83366e+08	2.92871e+08	2.88962e+08	3.13265e+08	2.1854e+08	2.21511e+08	3.20437e+08	2.35949e+08	2.32271e+08	2.30336e+08	3.31288e+08	3.15451e+08	3.33376e+08	2.40206e+08	2.67798e+08	2.65464e+08	2.31484e+08	2.67178e+08	2.30721e+08	2.81042e+08	2.83722e+08	2.78809e+08	3.22408e+08	3.22174e+08	3.51285e+08	3.45464e+08	3.10911e+08	2.86716e+08	3.77781e+08	3.4897e+08	3.69167e+08	2.29862e+08	1.84046e+08	1.4246e+08	2.05854e+08	1.84483e+08	1.78989e+08	2.27122e+08	2.6582e+08	2.20919e+08	2.68209e+08	2.25093e+08	2.67599e+08	1.85991e+08	1.62626e+08	1.64485e+08	1.657e+08	1.95256e+08	2.02427e+08	2.07436e+08	2.33218e+08	2.39366e+08	2.32944e+08	1.90543e+08	1.41057e+08	2.429e+08	2.50556e+08	1.94937e+08	2.39194e+08	1.99478e+08	2.41233e+08	2.03454e+08	1.93077e+08	2.01075e+08	1.95599e+08	2.06242e+08	2.08284e+08
ERR608362	3.71207e+08	4.10475e+08	2.70713e+08	3.8924e+08	3.92568e+08	5.50091e+08	2.56949e+08	3.11808e+08	2.42182e+08	2.488e+08	2.5332e+08	3.35122e+08	2.52067e+08	3.03565e+08	3.15695e+08	3.2156e+08	3.07306e+08	2.6464e+08	1.49299e+08	1.73192e+08	1.47572e+08	1.49818e+08	1.76595e+08	1.50076e+08	2.50519e+08	2.72089e+08	3.74097e+08	2.76756e+08	3.44891e+08	2.81839e+08	2.91709e+08	2.87736e+08	3.12051e+08	2.17873e+08	2.20681e+08	3.19005e+08	2.3496e+08	2.31405e+08	2.29358e+08	3.30167e+08	3.14224e+08	3.32049e+08	2.39942e+08	2.67225e+08	2.6476e+08	2.31114e+08	2.66538e+08	2.30222e+08	2.79279e+08	2.81945e+08	2.77191e+08	3.20812e+08	3.20323e+08	3.4951e+08	3.4357e+08	3.09436e+08	2.85467e+08	3.75941e+08	3.47287e+08	3.6732e+08	2.28708e+08	1.83035e+08	1.41615e+08	2.04544e+08	1.83302e+08	1.77969e+08	2.25912e+08	2.64627e+08	2.19651e+08	2.66888e+08	2.24087e+08	2.66373e+08	1.8484e+08	1.61392e+08	1.63338e+08	1.64447e+08	1.9416e+08	2.01234e+08	2.06686e+08	2.32017e+08	2.38343e+08	2.31946e+08	1.89785e+08	1.40191e+08	2.41313e+08	2.48881e+08	1.93606e+08	2.37772e+08	1.98316e+08	2.39896e+08	2.02294e+08	1.92013e+08	2.00073e+08	1.94421e+08	2.05083e+08	2.0726e+08
ERR622146	2.45169e+08	2.70088e+08	1.8093e+08	2.55937e+08	2.58036e+08	2.56949e+08	2.97727e+08	2.29185e+08	1.79133e+08	1.84889e+08	1.88067e+08	2.45922e+08	1.76669e+08	2.11878e+08	2.20068e+08	2.24142e+08	2.14297e+08	1.85498e+08	1.02708e+08	1.1905e+08	1.0137e+08	1.0294e+08	1.2132e+08	1.03163e+08	1.69305e+08	1.81775e+08	2.47928e+08	1.84937e+08	2.29572e+08	1.88226e+08	2.0464e+08	2.01844e+08	2.18393e+08	1.53762e+08	1.55807e+08	2.23215e+08	1.66243e+08	1.63769e+08	1.62412e+08	2.31358e+08	2.20555e+08	2.32719e+08	1.66145e+08	1.84919e+08	1.83342e+08	1.60171e+08	1.84518e+08	1.59442e+08	1.97742e+08	1.99661e+08	1.96068e+08	2.26199e+08	2.25844e+08	2.46021e+08	2.39177e+08	2.15854e+08	1.99568e+08	2.60918e+08	2.41462e+08	2.55213e+08	1.57518e+08	1.26417e+08	9.77951e+07	1.41087e+08	1.26416e+08	1.22785e+08	1.54287e+08	1.80618e+08	1.49898e+08	1.82068e+08	1.52887e+08	1.8165e+08	1.27057e+08	1.10981e+08	1.1234e+08	1.13175e+08	1.33432e+08	1.38281e+08	1.41274e+08	1.58695e+08	1.62939e+08	1.58617e+08	1.29717e+08	9.59966e+07	1.65024e+08	1.70252e+08	1.3245e+08	1.62545e+08	1.35616e+08	1.63884e+08	1.38877e+08	1.31872e+08	1.37385e+08	1.33502e+08	1.40761e+08	1.4226e+08
ERR622144	2.97326e+08	3.28078e+08	2.18852e+08	3.10576e+08	3.13312e+08	3.11808e+08	2.29185e+08	4.11926e+08	2.1756e+08	2.22017e+08	2.26031e+08	2.99491e+08	2.13796e+08	2.56525e+08	2.66712e+08	2.71684e+08	2.59663e+08	2.24335e+08	1.26068e+08	1.46036e+08	1.2451e+08	1.26359e+08	1.48869e+08	1.26624e+08	2.058e+08	2.2069e+08	3.02174e+08	2.24658e+08	2.7981e+08	2.28569e+08	2.47335e+08	2.44236e+08	2.64404e+08	1.85047e+08	1.87491e+08	2.70382e+08	2.00187e+08	1.97103e+08	1.95454e+08	2.8026e+08	2.6713e+08	2.82181e+08	2.00644e+08	2.23611e+08	2.21536e+08	1.93279e+08	2.23008e+08	1.92642e+08	2.39822e+08	2.41966e+08	2.37908e+08	2.74401e+08	2.74356e+08	2.98594e+08	2.90542e+08	2.62008e+08	2.41922e+08	3.1732e+08	2.93288e+08	3.10262e+08	1.93847e+08	1.55216e+08	1.20266e+08	1.73642e+08	1.55638e+08	1.50791e+08	1.89316e+08	2.21631e+08	1.84327e+08	2.23664e+08	1.87805e+08	2.23143e+08	1.56101e+08	1.36357e+08	1.3808e+08	1.3911e+08	1.63778e+08	1.69694e+08	1.73646e+08	1.95182e+08	2.00377e+08	1.94993e+08	1.59557e+08	1.18115e+08	2.03129e+08	2.09512e+08	1.63009e+08	2.00006e+08	1.6691e+08	2.01729e+08	1.70739e+08	1.62127e+08	1.68889e+08	1.64188e+08	1.73176e+08	1.7472e+08
ERR622143	2.31604e+08	2.54138e+08	1.72718e+08	2.4146e+08	2.43372e+08	2.42182e+08	1.79133e+08	2.1756e+08	2.72002e+08	1.73603e+08	1.76634e+08	2.32497e+08	1.67508e+08	1.99562e+08	2.07947e+08	2.11744e+08	2.02027e+08	1.75522e+08	9.58586e+07	1.10101e+08	9.45931e+07	9.54967e+07	1.12183e+08	9.61998e+07	1.61724e+08	1.71752e+08	2.33652e+08	1.74709e+08	2.17138e+08	1.77731e+08	1.92364e+08	1.89947e+08	2.05172e+08	1.44061e+08	1.45843e+08	2.09656e+08	1.56402e+08	1.53947e+08	1.52843e+08	2.17732e+08	2.08015e+08	2.19626e+08	1.52559e+08	1.7042e+08	1.68838e+08	1.47097e+08	1.69803e+08	1.4652e+08	1.8819e+08	1.89912e+08	1.86755e+08	2.13756e+08	2.14091e+08	2.32225e+08	2.26007e+08	2.04649e+08	1.89642e+08	2.47029e+08	2.283e+08	2.41526e+08	1.48193e+08	1.18412e+08	9.23753e+07	1.33208e+08	1.19333e+08	1.15084e+08	1.43704e+08	1.67648e+08	1.40566e+08	1.69122e+08	1.42347e+08	1.68798e+08	1.18426e+08	1.04075e+08	1.05595e+08	1.05994e+08	1.23645e+08	1.28062e+08	1.3133e+08	1.47674e+08	1.51751e+08	1.47556e+08	1.20919e+08	9.05581e+07	1.54598e+08	1.59631e+08	1.24453e+08	1.51902e+08	1.27089e+08	1.53114e+08	1.29978e+08	1.23789e+08	1.2849e+08	1.25259e+08	1.3193e+08	1.32882e+08
ERR622148	2.37121e+08	2.61254e+08	1.75276e+08	2.4757e+08	2.49653e+08	2.488e+08	1.84889e+08	2.22017e+08	1.73603e+08	2.82616e+08	1.82268e+08	2.37997e+08	1.71147e+08	2.05005e+08	2.13079e+08	2.17036e+08	2.07578e+08	1.79658e+08	9.91348e+07	1.14931e+08	9.7923e+07	9.93938e+07	1.17249e+08	9.96295e+07	1.63747e+08	1.75911e+08	2.39663e+08	1.78892e+08	2.21852e+08	1.82022e+08	1.98244e+08	1.95664e+08	2.1158e+08	1.49105e+08	1.51128e+08	2.16236e+08	1.61043e+08	1.5863e+08	1.57305e+08	2.23924e+08	2.13405e+08	2.25229e+08	1.60786e+08	1.78991e+08	1.77391e+08	1.54866e+08	1.78487e+08	1.54373e+08	1.91412e+08	1.92977e+08	1.89686e+08	2.18949e+08	2.18487e+08	2.37867e+08	2.31414e+08	2.08992e+08	1.93293e+08	2.52518e+08	2.33653e+08	2.46929e+08	1.5251e+08	1.22254e+08	9.46486e+07	1.36485e+08	1.22359e+08	1.18812e+08	1.49172e+08	1.74542e+08	1.4491e+08	1.76092e+08	1.47885e+08	1.7562e+08	1.22782e+08	1.07225e+08	1.08536e+08	1.09369e+08	1.28898e+08	1.33602e+08	1.36524e+08	1.53433e+08	1.57502e+08	1.5337e+08	1.25397e+08	9.28272e+07	1.59432e+08	1.64418e+08	1.28028e+08	1.57107e+08	1.3104e+08	1.58257e+08	1.34283e+08	1.2748e+08	1.32868e+08	1.29148e+08	1.36181e+08	1.3743e+08
ERR622147	2.4168e+08	2.66237e+08	1.78343e+08	2.5219e+08	2.54301e+08	2.5332e+08	1.88067e+08	2.26031e+08	1.76634e+08	1.82268e+08	2.90615e+08	2.42185e+08	1.74167e+08	2.0885e+08	2.16955e+08	2.20891e+08	2.11298e+08	1.82829e+08	1.01034e+08	1.17153e+08	9.98023e+07	1.01346e+08	1.19446e+08	1.01503e+08	1.666e+08	1.79002e+08	2.44067e+08	1.82095e+08	2.25968e+08	1.85194e+08	2.01557e+08	1.98909e+08	2.15123e+08	1.51697e+08	1.5362e+08	2.20003e+08	1.63972e+08	1.61411e+08	1.60134e+08	2.27889e+08	2.17228e+08	2.29442e+08	1.63696e+08	1.8217e+08	1.80682e+08	1.57789e+08	1.81841e+08	1.57188e+08	1.94883e+08	1.96638e+08	1.93226e+08	2.22912e+08	2.22632e+08	2.42314e+08	2.35709e+08	2.12821e+08	1.96666e+08	2.57166e+08	2.37989e+08	2.5135e+08	1.55106e+08	1.24464e+08	9.63073e+07	1.3883e+08	1.24531e+08	1.20877e+08	1.51857e+08	1.7775e+08	1.47618e+08	1.79128e+08	1.50552e+08	1.78903e+08	1.24996e+08	1.09145e+08	1.10421e+08	1.11272e+08	1.31276e+08	1.3609e+08	1.39062e+08	1.56293e+08	1.60439e+08	1.56084e+08	1.27824e+08	9.44788e+07	1.62398e+08	1.67386e+08	1.30248e+08	1.60007e+08	1.33382e+08	1.61351e+08	1.36734e+08	1.29783e+08	1.35276e+08	1.31433e+08	1.38575e+08	1.4007e+08
ERR622145	3.19346e+08	3.52809e+08	2.33973e+08	3.33681e+08	3.36653e+08	3.35122e+08	2.45922e+08	2.99491e+08	2.32497e+08	2.37997e+08	2.42185e+08	4.65951e+08	2.28931e+08	2.75379e+08	2.86142e+08	2.91435e+08	2.78787e+08	2.40348e+08	1.36016e+08	1.58e+08	1.34422e+08	1.36513e+08	1.61105e+08	1.36811e+08	2.20312e+08	2.37115e+08	3.24938e+08	2.41249e+08	3.0056e+08	2.45494e+08	2.65813e+08	2.62174e+08	2.84057e+08	1.98653e+08	2.01391e+08	2.90446e+08	2.14619e+08	2.11274e+08	2.09605e+08	3.01145e+08	2.8665e+08	3.02897e+08	2.16977e+08	2.4162e+08	2.39522e+08	2.08927e+08	2.41081e+08	2.08152e+08	2.56756e+08	2.58983e+08	2.54686e+08	2.94746e+08	2.94223e+08	3.20702e+08	3.12237e+08	2.81133e+08	2.59506e+08	3.41072e+08	3.152e+08	3.33262e+08	2.09193e+08	1.67452e+08	1.29437e+08	1.87123e+08	1.67741e+08	1.62823e+08	2.048e+08	2.39913e+08	1.99056e+08	2.41979e+08	2.03192e+08	2.41581e+08	1.68755e+08	1.47175e+08	1.48964e+08	1.49999e+08	1.77266e+08	1.83809e+08	1.88094e+08	2.1121e+08	2.1691e+08	2.1105e+08	1.72575e+08	1.27413e+08	2.19363e+08	2.26263e+08	1.75887e+08	2.16286e+08	1.80109e+08	2.18103e+08	1.8443e+08	1.75035e+08	1.82425e+08	1.77302e+08	1.86992e+08	1.88953e+08
ERR626952	2.40555e+08	2.65008e+08	1.77772e+08	2.51252e+08	2.53176e+08	2.52067e+08	1.76669e+08	2.13796e+08	1.67508e+08	1.71147e+08	1.74167e+08	2.28931e+08	2.89134e+08	2.23768e+08	2.31444e+08	2.35488e+08	2.26273e+08	1.95974e+08	9.70078e+07	1.12181e+08	9.57334e+07	9.70859e+07	1.14504e+08	9.7385e+07	1.69868e+08	1.81791e+08	2.48279e+08	1.85023e+08	2.30055e+08	1.88322e+08	2.01227e+08	1.98779e+08	2.14896e+08	1.50834e+08	1.53025e+08	2.19593e+08	1.63024e+08	1.60321e+08	1.59143e+08	2.26548e+08	2.16154e+08	2.27963e+08	1.59247e+08	1.77279e+08	1.75683e+08	1.53428e+08	1.76752e+08	1.52759e+08	1.94694e+08	1.96575e+08	1.93341e+08	2.21795e+08	2.2175e+08	2.40654e+08	2.40739e+08	2.17577e+08	2.01412e+08	2.62201e+08	2.43219e+08	2.56687e+08	1.45528e+08	1.16559e+08	9.02553e+07	1.3032e+08	1.16882e+08	1.13198e+08	1.42996e+08	1.67429e+08	1.39282e+08	1.68866e+08	1.41772e+08	1.6856e+08	1.16871e+08	1.02226e+08	1.03499e+08	1.04193e+08	1.22565e+08	1.2699e+08	1.30365e+08	1.46611e+08	1.50542e+08	1.46543e+08	1.19796e+08	8.87425e+07	1.53555e+08	1.58551e+08	1.23338e+08	1.51365e+08	1.26232e+08	1.52675e+08	1.28013e+08	1.21528e+08	1.26557e+08	1.23095e+08	1.29725e+08	1.30963e+08
ERR626951	2.89205e+08	3.19579e+08	2.11977e+08	3.02547e+08	3.04895e+08	3.03565e+08	2.11878e+08	2.56525e+08	1.99562e+08	2.05005e+08	2.0885e+08	2.75379e+08	2.23768e+08	3.92796e+08	2.77503e+08	2.82364e+08	2.71517e+08	2.33946e+08	1.18218e+08	1.37472e+08	1.16625e+08	1.18707e+08	1.40315e+08	1.18701e+08	2.02935e+08	2.18733e+08	2.99424e+08	2.22452e+08	2.77052e+08	2.26531e+08	2.42118e+08	2.39002e+08	2.58861e+08	1.81421e+08	1.83929e+08	2.64784e+08	1.94911e+08	1.91708e+08	1.90246e+08	2.72119e+08	2.5917e+08	2.73647e+08	1.93672e+08	2.15536e+08	2.13694e+08	1.86651e+08	2.14937e+08	1.85724e+08	2.32119e+08	2.34375e+08	2.30359e+08	2.65921e+08	2.65545e+08	2.89116e+08	2.89766e+08	2.61187e+08	2.4102e+08	3.15883e+08	2.92564e+08	3.08827e+08	1.77695e+08	1.42569e+08	1.0988e+08	1.58962e+08	1.42478e+08	1.38529e+08	1.75838e+08	2.06227e+08	1.70742e+08	2.08103e+08	1.74495e+08	2.07729e+08	1.43556e+08	1.25086e+08	1.26657e+08	1.27647e+08	1.51036e+08	1.56583e+08	1.60518e+08	1.80414e+08	1.85215e+08	1.80357e+08	1.47134e+08	1.08453e+08	1.88439e+08	1.94363e+08	1.50871e+08	1.85894e+08	1.54716e+08	1.87573e+08	1.56973e+08	1.48823e+08	1.55103e+08	1.50747e+08	1.59062e+08	1.60724e+08
ERR626956	3.00945e+08	3.322e+08	2.209e+08	3.14548e+08	3.1706e+08	3.15695e+08	2.20068e+08	2.66712e+08	2.07947e+08	2.13079e+08	2.16955e+08	2.86142e+08	2.31444e+08	2.77503e+08	4.19021e+08	2.9423e+08	2.80828e+08	2.43502e+08	1.2284e+08	1.42514e+08	1.21355e+08	1.23163e+08	1.45415e+08	1.23524e+08	2.11431e+08	2.27534e+08	3.11248e+08	2.31353e+08	2.88177e+08	2.35614e+08	2.51562e+08	2.48348e+08	2.68702e+08	1.88263e+08	1.90739e+08	2.74867e+08	2.02358e+08	1.98994e+08	1.97428e+08	2.82717e+08	2.69534e+08	2.84538e+08	2.00513e+08	2.23298e+08	2.21363e+08	1.93076e+08	2.22786e+08	1.92309e+08	2.41766e+08	2.43909e+08	2.3992e+08	2.76416e+08	2.76214e+08	3.00534e+08	3.01294e+08	2.71748e+08	2.50835e+08	3.28655e+08	3.0425e+08	3.21626e+08	1.85392e+08	1.48452e+08	1.14825e+08	1.65918e+08	1.48756e+08	1.44288e+08	1.83162e+08	2.14539e+08	1.78012e+08	2.16427e+08	1.81688e+08	2.15992e+08	1.4948e+08	1.30605e+08	1.3216e+08	1.33173e+08	1.57103e+08	1.6291e+08	1.669e+08	1.87828e+08	1.92804e+08	1.87741e+08	1.53184e+08	1.13076e+08	1.96596e+08	2.02779e+08	1.5744e+08	1.93601e+08	1.61379e+08	1.95304e+08	1.63683e+08	1.55342e+08	1.6165e+08	1.57037e+08	1.65826e+08	1.67565e+08
ERR626955	3.06546e+08	3.38399e+08	2.24985e+08	3.20536e+08	3.23045e+08	3.2156e+08	2.24142e+08	2.71684e+08	2.11744e+08	2.17036e+08	2.20891e+08	2.91435e+08	2.35488e+08	2.82364e+08	2.9423e+08	4.31709e+08	2.85736e+08	2.47846e+08	1.25143e+08	1.45034e+08	1.23494e+08	1.25441e+08	1.48009e+08	1.25707e+08	2.15586e+08	2.31649e+08	3.17208e+08	2.35656e+08	2.93745e+08	2.40038e+08	2.56102e+08	2.52745e+08	2.73631e+08	1.9151e+08	1.94085e+08	2.79792e+08	2.05694e+08	2.02374e+08	2.00711e+08	2.87625e+08	2.74175e+08	2.89509e+08	2.0358e+08	2.2708e+08	2.25051e+08	1.96352e+08	2.26437e+08	1.9539e+08	2.46269e+08	2.4862e+08	2.44381e+08	2.81574e+08	2.8133e+08	3.06203e+08	3.07039e+08	2.76838e+08	2.55488e+08	3.3508e+08	3.10009e+08	3.27664e+08	1.89162e+08	1.51404e+08	1.17136e+08	1.6941e+08	1.51697e+08	1.47176e+08	1.86524e+08	2.18573e+08	1.81404e+08	2.20433e+08	1.84944e+08	2.20062e+08	1.5243e+08	1.33275e+08	1.34881e+08	1.35771e+08	1.60013e+08	1.6598e+08	1.7003e+08	1.91434e+08	1.96572e+08	1.91135e+08	1.56084e+08	1.15229e+08	2.00556e+08	2.06856e+08	1.60625e+08	1.974e+08	1.64673e+08	1.99205e+08	1.66836e+08	1.58411e+08	1.65055e+08	1.60244e+08	1.69147e+08	1.7088e+08
ERR626953	2.92739e+08	3.23548e+08	2.14541e+08	3.06115e+08	3.08543e+08	3.07306e+08	2.14297e+08	2.59663e+08	2.02027e+08	2.07578e+08	2.11298e+08	2.78787e+08	2.26273e+08	2.71517e+08	2.80828e+08	2.85736e+08	4.01139e+08	2.36678e+08	1.1963e+08	1.39171e+08	1.18166e+08	1.20096e+08	1.42009e+08	1.20193e+08	2.05237e+08	2.212e+08	3.02913e+08	2.24945e+08	2.80235e+08	2.29077e+08	2.45048e+08	2.41959e+08	2.61821e+08	1.83578e+08	1.86207e+08	2.67943e+08	1.96969e+08	1.93762e+08	1.92272e+08	2.75294e+08	2.62218e+08	2.76876e+08	1.95843e+08	2.17945e+08	2.16e+08	1.88681e+08	2.17436e+08	1.87977e+08	2.34821e+08	2.3702e+08	2.33012e+08	2.69163e+08	2.68723e+08	2.92493e+08	2.93272e+08	2.64429e+08	2.43938e+08	3.19709e+08	2.9625e+08	3.12674e+08	1.80086e+08	1.44364e+08	1.11323e+08	1.61085e+08	1.44435e+08	1.40339e+08	1.77974e+08	2.08695e+08	1.72726e+08	2.10735e+08	1.76566e+08	2.10033e+08	1.45398e+08	1.26675e+08	1.28144e+08	1.2915e+08	1.52924e+08	1.58543e+08	1.6252e+08	1.82665e+08	1.87609e+08	1.82644e+08	1.49053e+08	1.09668e+08	1.91039e+08	1.96833e+08	1.5284e+08	1.8832e+08	1.56696e+08	1.90055e+08	1.58996e+08	1.50683e+08	1.57229e+08	1.52726e+08	1.61156e+08	1.62851e+08
ERR626954	2.52351e+08	2.78314e+08	1.86204e+08	2.63743e+08	2.65884e+08	2.6464e+08	1.85498e+08	2.24335e+08	1.75522e+08	1.79658e+08	1.82829e+08	2.40348e+08	1.95974e+08	2.33946e+08	2.43502e+08	2.47846e+08	2.36678e+08	3.12429e+08	1.01787e+08	1.17937e+08	1.00506e+08	1.01961e+08	1.20341e+08	1.02194e+08	1.77883e+08	1.90996e+08	2.60568e+08	1.94181e+08	2.41493e+08	1.97781e+08	2.11311e+08	2.08537e+08	2.25616e+08	1.58594e+08	1.60792e+08	2.30667e+08	1.71223e+08	1.68372e+08	1.66927e+08	2.3789e+08	2.26923e+08	2.39337e+08	1.67884e+08	1.8696e+08	1.85301e+08	1.61808e+08	1.86474e+08	1.60996e+08	2.03883e+08	2.05759e+08	2.02412e+08	2.3258e+08	2.32323e+08	2.52399e+08	2.52923e+08	2.28542e+08	2.11188e+08	2.7549e+08	2.55418e+08	2.69501e+08	1.52603e+08	1.22387e+08	9.45778e+07	1.366e+08	1.22541e+08	1.18918e+08	1.50427e+08	1.76266e+08	1.4626e+08	1.77737e+08	1.49221e+08	1.77466e+08	1.2273e+08	1.07228e+08	1.08516e+08	1.09327e+08	1.28995e+08	1.33737e+08	1.3725e+08	1.54242e+08	1.58482e+08	1.54215e+08	1.25976e+08	9.3091e+07	1.61477e+08	1.66451e+08	1.29309e+08	1.59059e+08	1.32525e+08	1.60464e+08	1.34373e+08	1.27477e+08	1.32864e+08	1.29089e+08	1.36256e+08	1.37581e+08
ERR629879	1.42092e+08	1.58059e+08	1.01013e+08	1.48676e+08	1.50159e+08	1.49299e+08	1.02708e+08	1.26068e+08	9.58586e+07	9.91348e+07	1.01034e+08	1.36016e+08	9.70078e+07	1.18218e+08	1.2284e+08	1.25143e+08	1.1963e+08	1.01787e+08	2.45031e+08	1.77828e+08	1.52728e+08	1.55031e+08	1.80876e+08	1.55182e+08	9.6447e+07	1.05198e+08	1.46726e+08	1.06821e+08	1.3492e+08	1.08705e+08	1.24298e+08	1.22396e+08	1.33252e+08	9.15568e+07	9.30015e+07	1.36721e+08	9.74488e+07	9.55948e+07	9.49148e+07	1.40091e+08	1.32603e+08	1.4076e+08	1.13111e+08	1.25877e+08	1.2456e+08	1.08872e+08	1.25456e+08	1.08695e+08	1.20392e+08	1.21324e+08	1.19328e+08	1.39801e+08	1.39299e+08	1.53273e+08	1.37435e+08	1.22551e+08	1.12738e+08	1.50473e+08	1.38862e+08	1.47256e+08	1.9592e+08	1.59625e+08	1.24835e+08	1.76094e+08	1.58861e+08	1.55807e+08	2.01265e+08	2.34303e+08	1.95131e+08	2.36244e+08	1.99833e+08	2.3575e+08	1.69345e+08	1.48505e+08	1.50027e+08	1.5137e+08	1.77935e+08	1.8414e+08	1.82032e+08	2.03043e+08	2.07852e+08	2.027e+08	1.67462e+08	1.25336e+08	2.09814e+08	2.15739e+08	1.70187e+08	2.07087e+08	1.74376e+08	2.08373e+08	1.79988e+08	1.71073e+08	1.78377e+08	1.73198e+08	1.81862e+08	1.84393e+08
ERR629876	1.64512e+08	1.83871e+08	1.15914e+08	1.7238e+08	1.74046e+08	1.73192e+08	1.1905e+08	1.46036e+08	1.10101e+08	1.14931e+08	1.17153e+08	1.58e+08	1.12181e+08	1.37472e+08	1.42514e+08	1.45034e+08	1.39171e+08	1.17937e+08	1.77828e+08	3.1404e+08	1.75884e+08	1.80397e+08	2.11737e+08	1.79003e+08	1.11021e+08	1.22153e+08	1.70916e+08	1.24211e+08	1.56673e+08	1.26328e+08	1.44847e+08	1.42483e+08	1.55361e+08	1.06893e+08	1.0866e+08	1.59351e+08	1.13345e+08	1.11232e+08	1.10396e+08	1.63117e+08	1.54067e+08	1.63384e+08	1.33472e+08	1.48104e+08	1.467e+08	1.28447e+08	1.47789e+08	1.28232e+08	1.3856e+08	1.39735e+08	1.3734e+08	1.62079e+08	1.60946e+08	1.77567e+08	1.59479e+08	1.41782e+08	1.30109e+08	1.74285e+08	1.61138e+08	1.70452e+08	2.26398e+08	1.8462e+08	1.43306e+08	2.02976e+08	1.83006e+08	1.8027e+08	2.34249e+08	2.73737e+08	2.26036e+08	2.75956e+08	2.32738e+08	2.75305e+08	1.96976e+08	1.71504e+08	1.73135e+08	1.74917e+08	2.07706e+08	2.15074e+08	2.12366e+08	2.3689e+08	2.42371e+08	2.36334e+08	1.94942e+08	1.44199e+08	2.43316e+08	2.50205e+08	1.96868e+08	2.40981e+08	2.02105e+08	2.42596e+08	2.0836e+08	1.97449e+08	2.06429e+08	2.00259e+08	2.1042e+08	2.13638e+08
ERR629878	1.40453e+08	1.56327e+08	9.97602e+07	1.47016e+08	1.48371e+08	1.47572e+08	1.0137e+08	1.2451e+08	9.45931e+07	9.7923e+07	9.98023e+07	1.34422e+08	9.57334e+07	1.16625e+08	1.21355e+08	1.23494e+08	1.18166e+08	1.00506e+08	1.52728e+08	1.75884e+08	2.41082e+08	1.53394e+08	1.79015e+08	1.53731e+08	9.52118e+07	1.03829e+08	1.45001e+08	1.056e+08	1.33296e+08	1.07402e+08	1.23011e+08	1.20973e+08	1.31808e+08	9.05184e+07	9.19329e+07	1.35092e+08	9.6194e+07	9.43808e+07	9.37708e+07	1.38457e+08	1.31006e+08	1.3908e+08	1.11776e+08	1.24391e+08	1.232e+08	1.07651e+08	1.24068e+08	1.07446e+08	1.189e+08	1.19849e+08	1.17871e+08	1.3822e+08	1.37676e+08	1.51472e+08	1.35839e+08	1.21155e+08	1.1133e+08	1.48662e+08	1.3725e+08	1.45558e+08	1.93977e+08	1.57961e+08	1.23573e+08	1.74423e+08	1.57398e+08	1.54163e+08	1.99162e+08	2.31956e+08	1.93081e+08	2.33839e+08	1.97838e+08	2.3339e+08	1.67682e+08	1.47022e+08	1.48566e+08	1.49812e+08	1.76203e+08	1.82269e+08	1.80144e+08	2.01053e+08	2.05751e+08	2.00667e+08	1.6586e+08	1.24085e+08	2.07577e+08	2.13294e+08	1.6824e+08	2.04761e+08	1.72493e+08	2.06049e+08	1.78293e+08	1.69538e+08	1.76681e+08	1.71517e+08	1.80117e+08	1.82653e+08
ERR629875	1.42413e+08	1.5884e+08	1.00737e+08	1.49133e+08	1.50603e+08	1.49818e+08	1.0294e+08	1.26359e+08	9.54967e+07	9.93938e+07	1.01346e+08	1.36513e+08	9.70859e+07	1.18707e+08	1.23163e+08	1.25441e+08	1.20096e+08	1.01961e+08	1.55031e+08	1.80397e+08	1.53394e+08	2.4838e+08	1.83686e+08	1.56096e+08	9.61322e+07	1.05371e+08	1.47246e+08	1.0714e+08	1.35156e+08	1.08999e+08	1.25e+08	1.23077e+08	1.34053e+08	9.22151e+07	9.37439e+07	1.37504e+08	9.79802e+07	9.61492e+07	9.54704e+07	1.40779e+08	1.33149e+08	1.41287e+08	1.14835e+08	1.27471e+08	1.26237e+08	1.10536e+08	1.27208e+08	1.10389e+08	1.20334e+08	1.21302e+08	1.19177e+08	1.40314e+08	1.39371e+08	1.53835e+08	1.37813e+08	1.22629e+08	1.12787e+08	1.50632e+08	1.39197e+08	1.47374e+08	1.96634e+08	1.60494e+08	1.24934e+08	1.76671e+08	1.59248e+08	1.56689e+08	2.03052e+08	2.36654e+08	1.96172e+08	2.38468e+08	2.01539e+08	2.37944e+08	1.70873e+08	1.49452e+08	1.50909e+08	1.52336e+08	1.79987e+08	1.86317e+08	1.8391e+08	2.05055e+08	2.09788e+08	2.04663e+08	1.69043e+08	1.25774e+08	2.11113e+08	2.16993e+08	1.71104e+08	2.08592e+08	1.75393e+08	2.09968e+08	1.81028e+08	1.71846e+08	1.79508e+08	1.74136e+08	1.82815e+08	1.8553e+08
ERR629874	1.67648e+08	1.8751e+08	1.18105e+08	1.75768e+08	1.77468e+08	1.76595e+08	1.2132e+08	1.48869e+08	1.12183e+08	1.17249e+08	1.19446e+08	1.61105e+08	1.14504e+08	1.40315e+08	1.45415e+08	1.48009e+08	1.42009e+08	1.20341e+08	1.80876e+08	2.11737e+08	1.79015e+08	1.83686e+08	3.23354e+08	1.82103e+08	1.13141e+08	1.246e+08	1.74226e+08	1.26664e+08	1.59695e+08	1.28921e+08	1.47706e+08	1.45257e+08	1.58445e+08	1.09064e+08	1.10801e+08	1.62572e+08	1.15607e+08	1.1349e+08	1.12716e+08	1.66322e+08	1.57029e+08	1.66734e+08	1.36119e+08	1.51017e+08	1.49592e+08	1.3096e+08	1.50722e+08	1.30824e+08	1.41259e+08	1.42439e+08	1.40018e+08	1.65402e+08	1.6408e+08	1.8112e+08	1.62729e+08	1.44607e+08	1.32673e+08	1.77732e+08	1.64368e+08	1.73762e+08	2.30342e+08	1.87864e+08	1.45524e+08	2.06436e+08	1.86098e+08	1.83399e+08	2.38397e+08	2.78568e+08	2.29867e+08	2.8077e+08	2.36815e+08	2.8e+08	2.00105e+08	1.74364e+08	1.75932e+08	1.77762e+08	2.11095e+08	2.18595e+08	2.15901e+08	2.4074e+08	2.46417e+08	2.40421e+08	1.98141e+08	1.46521e+08	2.47631e+08	2.54522e+08	2.002e+08	2.45126e+08	2.05599e+08	2.46775e+08	2.11987e+08	2.00811e+08	2.10061e+08	2.03694e+08	2.14048e+08	2.17376e+08
ERR629877	1.42877e+08	1.59102e+08	1.01416e+08	1.49545e+08	1.50932e+08	1.50076e+08	1.03163e+08	1.26624e+08	9.61998e+07	9.96295e+07	1.01503e+08	1.36811e+08	9.7385e+07	1.18701e+08	1.23524e+08	1.25707e+08	1.20193e+08	1.02194e+08	1.55182e+08	1.79003e+08	1.53731e+08	1.56096e+08	1.82103e+08	2.47775e+08	9.68247e+07	1.05703e+08	1.47464e+08	1.0739e+08	1.35593e+08	1.0932e+08	1.25102e+08	1.2308e+08	1.34093e+08	9.21724e+07	9.3547e+07	1.37569e+08	9.7937e+07	9.60695e+07	9.54257e+07	1.40929e+08	1.33304e+08	1.41558e+08	1.13836e+08	1.2667e+08	1.25519e+08	1.09644e+08	1.26457e+08	1.09509e+08	1.20839e+08	1.21834e+08	1.1974e+08	1.40569e+08	1.39924e+08	1.54096e+08	1.38215e+08	1.233e+08	1.13268e+08	1.51382e+08	1.39638e+08	1.47985e+08	1.97263e+08	1.60799e+08	1.25666e+08	1.77376e+08	1.60051e+08	1.56917e+08	2.02655e+08	2.36048e+08	1.96417e+08	2.37828e+08	2.01301e+08	2.37351e+08	1.70752e+08	1.49618e+08	1.5117e+08	1.5256e+08	1.79388e+08	1.85719e+08	1.83278e+08	2.04629e+08	2.09456e+08	2.04196e+08	1.6878e+08	1.2619e+08	2.11084e+08	2.16918e+08	1.71095e+08	2.08249e+08	1.75512e+08	2.09637e+08	1.81147e+08	1.72224e+08	1.79622e+08	1.74406e+08	1.83101e+08	1.8565e+08
ERR608919	2.39447e+08	2.63818e+08	1.75883e+08	2.49567e+08	2.51958e+08	2.50519e+08	1.69305e+08	2.058e+08	1.61724e+08	1.63747e+08	1.666e+08	2.20312e+08	1.69868e+08	2.02935e+08	2.11431e+08	2.15586e+08	2.05237e+08	1.77883e+08	9.6447e+07	1.11021e+08	9.52118e+07	9.61322e+07	1.13141e+08	9.68247e+07	3.63208e+08	2.78349e+08	3.75667e+08	2.82853e+08	3.453e+08	2.88063e+08	1.94594e+08	1.92126e+08	2.08321e+08	1.44233e+08	1.46176e+08	2.12806e+08	1.5889e+08	1.56413e+08	1.55024e+08	2.23146e+08	2.13028e+08	2.25141e+08	1.504e+08	1.6862e+08	1.67134e+08	1.44736e+08	1.68063e+08	1.43971e+08	1.92487e+08	1.94153e+08	1.91037e+08	2.18343e+08	2.19268e+08	2.37831e+08	2.33413e+08	2.11093e+08	1.95325e+08	2.5557e+08	2.35801e+08	2.49818e+08	1.46846e+08	1.16893e+08	9.1212e+07	1.31841e+08	1.17986e+08	1.13427e+08	1.4483e+08	1.69389e+08	1.41627e+08	1.70804e+08	1.43408e+08	1.7049e+08	1.18833e+08	1.04548e+08	1.06037e+08	1.06546e+08	1.24349e+08	1.28759e+08	1.31296e+08	1.47984e+08	1.52094e+08	1.47875e+08	1.20716e+08	8.99871e+07	1.55999e+08	1.60962e+08	1.25207e+08	1.5308e+08	1.279e+08	1.54452e+08	1.29767e+08	1.23474e+08	1.28163e+08	1.24876e+08	1.31666e+08	1.32743e+08
ERR608924	2.59189e+08	2.87263e+08	1.87878e+08	2.70865e+08	2.73427e+08	2.72089e+08	1.81775e+08	2.2069e+08	1.71752e+08	1.75911e+08	1.79002e+08	2.37115e+08	1.81791e+08	2.18733e+08	2.27534e+08	2.31649e+08	2.212e+08	1.90996e+08	1.05198e+08	1.22153e+08	1.03829e+08	1.05371e+08	1.246e+08	1.05703e+08	2.78349e+08	4.36624e+08	4.24326e+08	3.19613e+08	3.87783e+08	3.25547e+08	2.10452e+08	2.07689e+08	2.253e+08	1.56548e+08	1.58777e+08	2.3041e+08	1.70936e+08	1.68396e+08	1.66985e+08	2.40324e+08	2.28841e+08	2.41933e+08	1.66733e+08	1.86028e+08	1.84491e+08	1.60286e+08	1.85723e+08	1.59596e+08	2.05084e+08	2.07103e+08	2.03571e+08	2.34473e+08	2.34566e+08	2.55462e+08	2.51098e+08	2.26289e+08	2.08847e+08	2.74478e+08	2.53834e+08	2.68407e+08	1.58926e+08	1.27101e+08	9.81076e+07	1.42185e+08	1.27313e+08	1.23406e+08	1.58562e+08	1.85916e+08	1.54027e+08	1.87562e+08	1.57157e+08	1.87095e+08	1.29832e+08	1.13449e+08	1.14872e+08	1.15674e+08	1.36622e+08	1.41633e+08	1.44214e+08	1.62346e+08	1.66716e+08	1.62262e+08	1.32183e+08	9.72808e+07	1.69703e+08	1.74905e+08	1.35701e+08	1.67049e+08	1.39096e+08	1.68589e+08	1.41394e+08	1.34205e+08	1.39705e+08	1.35775e+08	1.43293e+08	1.44657e+08
ERR608921	3.55963e+08	3.9535e+08	2.5609e+08	3.72549e+08	3.76038e+08	3.74097e+08	2.47928e+08	3.02174e+08	2.33652e+08	2.39663e+08	2.44067e+08	3.24938e+08	2.48279e+08	2.99424e+08	3.11248e+08	3.17208e+08	3.02913e+08	2.60568e+08	1.46726e+08	1.70916e+08	1.45001e+08	1.47246e+08	1.74226e+08	1.47464e+08	3.75667e+08	4.24326e+08	7.54493e+08	4.31612e+08	5.30329e+08	4.39853e+08	2.88274e+08	2.84318e+08	3.09006e+08	2.13314e+08	2.16511e+08	3.16081e+08	2.32637e+08	2.29075e+08	2.26955e+08	3.29697e+08	3.13185e+08	3.31508e+08	2.30431e+08	2.57186e+08	2.54975e+08	2.21487e+08	2.56638e+08	2.20579e+08	2.80275e+08	2.82908e+08	2.78007e+08	3.21627e+08	3.21529e+08	3.50776e+08	3.4428e+08	3.09394e+08	2.849e+08	3.76434e+08	3.47793e+08	3.68065e+08	2.22481e+08	1.77826e+08	1.37156e+08	1.99152e+08	1.78305e+08	1.72819e+08	2.21866e+08	2.60557e+08	2.15387e+08	2.62778e+08	2.2012e+08	2.62044e+08	1.81876e+08	1.58585e+08	1.60623e+08	1.61736e+08	1.91516e+08	1.98621e+08	2.0238e+08	2.27617e+08	2.33757e+08	2.27443e+08	1.853e+08	1.36043e+08	2.37733e+08	2.45189e+08	1.90138e+08	2.34193e+08	1.94967e+08	2.36273e+08	1.98114e+08	1.87838e+08	1.95811e+08	1.90263e+08	2.00873e+08	2.02922e+08
ERR608923	2.63631e+08	2.92071e+08	1.90909e+08	2.75438e+08	2.7818e+08	2.76756e+08	1.84937e+08	2.24658e+08	1.74709e+08	1.78892e+08	1.82095e+08	2.41249e+08	1.85023e+08	2.22452e+08	2.31353e+08	2.35656e+08	2.24945e+08	1.94181e+08	1.06821e+08	1.24211e+08	1.056e+08	1.0714e+08	1.26664e+08	1.0739e+08	2.82853e+08	3.19613e+08	4.31612e+08	4.49197e+08	3.9427e+08	3.30887e+08	2.14212e+08	2.11298e+08	2.29266e+08	1.59108e+08	1.61541e+08	2.34446e+08	1.73713e+08	1.71234e+08	1.69641e+08	2.44385e+08	2.32623e+08	2.45947e+08	1.69594e+08	1.89431e+08	1.87876e+08	1.63117e+08	1.88873e+08	1.62451e+08	2.08686e+08	2.10753e+08	2.07115e+08	2.38613e+08	2.38666e+08	2.59858e+08	2.55526e+08	2.30252e+08	2.12469e+08	2.79143e+08	2.58043e+08	2.72884e+08	1.61507e+08	1.29082e+08	9.97406e+07	1.44603e+08	1.29438e+08	1.25445e+08	1.61229e+08	1.8896e+08	1.5661e+08	1.90645e+08	1.59716e+08	1.9029e+08	1.32014e+08	1.15343e+08	1.16843e+08	1.17593e+08	1.38854e+08	1.43976e+08	1.46539e+08	1.65004e+08	1.69445e+08	1.6492e+08	1.34345e+08	9.88847e+07	1.72664e+08	1.77888e+08	1.38125e+08	1.69938e+08	1.41543e+08	1.7148e+08	1.43716e+08	1.36334e+08	1.42e+08	1.38093e+08	1.45704e+08	1.47207e+08
ERR608920	3.28455e+08	3.64158e+08	2.37397e+08	3.43383e+08	3.46766e+08	3.44891e+08	2.29572e+08	2.7981e+08	2.17138e+08	2.21852e+08	2.25968e+08	3.0056e+08	2.30055e+08	2.77052e+08	2.88177e+08	2.93745e+08	2.80235e+08	2.41493e+08	1.3492e+08	1.56673e+08	1.33296e+08	1.35156e+08	1.59695e+08	1.35593e+08	3.453e+08	3.87783e+08	5.30329e+08	3.9427e+08	6.4099e+08	4.01751e+08	2.66585e+08	2.62968e+08	2.85459e+08	1.97318e+08	2.0019e+08	2.92204e+08	2.15524e+08	2.12212e+08	2.10455e+08	3.047e+08	2.90008e+08	3.06759e+08	2.11564e+08	2.36329e+08	2.34261e+08	2.03403e+08	2.35623e+08	2.02485e+08	2.59967e+08	2.6246e+08	2.58137e+08	2.97652e+08	2.97934e+08	3.24555e+08	3.18403e+08	2.86681e+08	2.64226e+08	3.4848e+08	3.21808e+08	3.40469e+08	2.04699e+08	1.63523e+08	1.26417e+08	1.83335e+08	1.64224e+08	1.58742e+08	2.03533e+08	2.38689e+08	1.9796e+08	2.4089e+08	2.01867e+08	2.40378e+08	1.66955e+08	1.45897e+08	1.47754e+08	1.48785e+08	1.75371e+08	1.8192e+08	1.85285e+08	2.08596e+08	2.14281e+08	2.08529e+08	1.69841e+08	1.25162e+08	2.18441e+08	2.25253e+08	1.74906e+08	2.14916e+08	1.79127e+08	2.16863e+08	1.81826e+08	1.72638e+08	1.79742e+08	1.7474e+08	1.8442e+08	1.86335e+08
ERR608922	2.68508e+08	2.97464e+08	1.94586e+08	2.80594e+08	2.83366e+08	2.81839e+08	1.88226e+08	2.28569e+08	1.77731e+08	1.82022e+08	1.85194e+08	2.45494e+08	1.88322e+08	2.26531e+08	2.35614e+08	2.40038e+08	2.29077e+08	1.97781e+08	1.08705e+08	1.26328e+08	1.07402e+08	1.08999e+08	1.28921e+08	1.0932e+08	2.88063e+08	3.25547e+08	4.39853e+08	3.30887e+08	4.01751e+08	4.63297e+08	2.17861e+08	2.1494e+08	2.33203e+08	1.61962e+08	1.64265e+08	2.38602e+08	1.77007e+08	1.74366e+08	1.72787e+08	2.48872e+08	2.37e+08	2.50593e+08	1.72397e+08	1.92615e+08	1.90903e+08	1.65793e+08	1.92109e+08	1.65065e+08	2.12513e+08	2.14593e+08	2.1086e+08	2.42964e+08	2.43033e+08	2.64627e+08	2.60038e+08	2.34472e+08	2.16245e+08	2.84308e+08	2.62908e+08	2.77864e+08	1.64372e+08	1.31591e+08	1.01618e+08	1.47264e+08	1.31828e+08	1.27739e+08	1.63965e+08	1.92318e+08	1.59262e+08	1.93988e+08	1.62468e+08	1.93455e+08	1.34364e+08	1.17372e+08	1.18928e+08	1.19675e+08	1.41274e+08	1.46575e+08	1.49191e+08	1.68097e+08	1.72547e+08	1.67914e+08	1.36748e+08	1.0066e+08	1.75718e+08	1.81182e+08	1.40496e+08	1.72861e+08	1.44064e+08	1.74496e+08	1.46263e+08	1.38795e+08	1.44517e+08	1.40543e+08	1.4827e+08	1.49763e+08
ERR626425	2.78008e+08	3.07115e+08	2.03443e+08	2.90782e+08	2.92871e+08	2.91709e+08	2.0464e+08	2.47335e+08	1.92364e+08	1.98244e+08	2.01557e+08	2.65813e+08	2.01227e+08	2.42118e+08	2.51562e+08	2.56102e+08	2.45048e+08	2.11311e+08	1.24298e+08	1.44847e+08	1.23011e+08	1.25e+08	1.47706e+08	1.25102e+08	1.94594e+08	2.10452e+08	2.88274e+08	2.14212e+08	2.66585e+08	2.17861e+08	4.02032e+08	2.69912e+08	2.91718e+08	2.04923e+08	2.0777e+08	2.99296e+08	1.96389e+08	1.93234e+08	1.91908e+08	2.74482e+08	2.6114e+08	2.75968e+08	2.00154e+08	2.22823e+08	2.20669e+08	1.92843e+08	2.22067e+08	1.91987e+08	2.33384e+08	2.35512e+08	2.31494e+08	2.67883e+08	2.67211e+08	2.91547e+08	2.78939e+08	2.5167e+08	2.32379e+08	3.04003e+08	2.81713e+08	2.97643e+08	1.92714e+08	1.54822e+08	1.1929e+08	1.72491e+08	1.54467e+08	1.50523e+08	1.89613e+08	2.22307e+08	1.83948e+08	2.24221e+08	1.88188e+08	2.23799e+08	1.56321e+08	1.3624e+08	1.37829e+08	1.38907e+08	1.64343e+08	1.70621e+08	1.73528e+08	1.9502e+08	2.00144e+08	1.94874e+08	1.59264e+08	1.17091e+08	2.02491e+08	2.08764e+08	1.62124e+08	1.99567e+08	1.66287e+08	2.01293e+08	1.69947e+08	1.61213e+08	1.68087e+08	1.63317e+08	1.72204e+08	1.74023e+08
ERR626424	2.74119e+08	3.02874e+08	2.00878e+08	2.86973e+08	2.88962e+08	2.87736e+08	2.01844e+08	2.44236e+08	1.89947e+08	1.95664e+08	1.98909e+08	2.62174e+08	1.98779e+08	2.39002e+08	2.48348e+08	2.52745e+08	2.41959e+08	2.08537e+08	1.22396e+08	1.42483e+08	1.20973e+08	1.23077e+08	1.45257e+08	1.2308e+08	1.92126e+08	2.07689e+08	2.84318e+08	2.11298e+08	2.62968e+08	2.1494e+08	2.69912e+08	3.93071e+08	2.87735e+08	2.02145e+08	2.04805e+08	2.95037e+08	1.93733e+08	1.90551e+08	1.8924e+08	2.70784e+08	2.57534e+08	2.72175e+08	1.96949e+08	2.19363e+08	2.17371e+08	1.8979e+08	2.18699e+08	1.88995e+08	2.30521e+08	2.32719e+08	2.28774e+08	2.64352e+08	2.63832e+08	2.87837e+08	2.75352e+08	2.48385e+08	2.29376e+08	3.00071e+08	2.77991e+08	2.93737e+08	1.90111e+08	1.52728e+08	1.17742e+08	1.70285e+08	1.52497e+08	1.4847e+08	1.86803e+08	2.18914e+08	1.81345e+08	2.2085e+08	1.85216e+08	2.20261e+08	1.53863e+08	1.34334e+08	1.35837e+08	1.36967e+08	1.61806e+08	1.67947e+08	1.70955e+08	1.92154e+08	1.97236e+08	1.91891e+08	1.56897e+08	1.15493e+08	1.99736e+08	2.06066e+08	1.60044e+08	1.96814e+08	1.63968e+08	1.98424e+08	1.67458e+08	1.58948e+08	1.65604e+08	1.60881e+08	1.69733e+08	1.71513e+08
ERR626428	2.97133e+08	3.28395e+08	2.17096e+08	3.10968e+08	3.13265e+08	3.12051e+08	2.18393e+08	2.64404e+08	2.05172e+08	2.1158e+08	2.15123e+08	2.84057e+08	2.14896e+08	2.58861e+08	2.68702e+08	2.73631e+08	2.61821e+08	2.25616e+08	1.33252e+08	1.55361e+08	1.31808e+08	1.34053e+08	1.58445e+08	1.34093e+08	2.08321e+08	2.253e+08	3.09006e+08	2.29266e+08	2.85459e+08	2.33203e+08	2.91718e+08	2.87735e+08	4.50986e+08	2.18918e+08	2.21816e+08	3.19243e+08	2.09811e+08	2.06391e+08	2.04818e+08	2.93655e+08	2.79146e+08	2.95119e+08	2.14199e+08	2.38524e+08	2.36319e+08	2.06412e+08	2.3788e+08	2.05515e+08	2.49401e+08	2.51869e+08	2.4747e+08	2.86529e+08	2.85754e+08	3.1182e+08	2.98386e+08	2.69036e+08	2.48356e+08	3.25367e+08	3.01298e+08	3.18421e+08	2.06704e+08	1.65969e+08	1.2794e+08	1.84941e+08	1.65643e+08	1.61337e+08	2.03468e+08	2.38711e+08	1.97306e+08	2.40716e+08	2.01814e+08	2.40119e+08	1.676e+08	1.46006e+08	1.47609e+08	1.49054e+08	1.76313e+08	1.82989e+08	1.86262e+08	2.09364e+08	2.14781e+08	2.09213e+08	1.70882e+08	1.25634e+08	2.17256e+08	2.23989e+08	1.7395e+08	2.14068e+08	1.78371e+08	2.16048e+08	1.82416e+08	1.72852e+08	1.80281e+08	1.75144e+08	1.84737e+08	1.86804e+08
