	ERR636720	ERR636718	ERR636716	ERR636719	ERR636717	ERR636715	ERR621924	ERR621920	ERR621922	ERR621923	ERR621919	ERR621921	ERR626848	ERR626846	ERR626843	ERR626847	ERR626844	ERR626845	ERR636796	ERR636797	ERR636795	ERR636794	ERR636793	ERR636798	ERR613960	ERR613965	ERR613961	ERR613962	ERR613963	ERR613964	ERR607674	ERR607670	ERR607672	ERR607673	ERR607671	ERR607669	ERR608027	ERR608025	ERR608026	ERR608028	ERR608029	ERR608030	ERR622183	ERR622179	ERR622180	ERR622184	ERR622181	ERR622182	ERR617344	ERR617348	ERR617343	ERR617346	ERR617347	ERR617345	ERR608432	ERR608431	ERR608430	ERR608427	ERR608429	ERR608428	ERR612289	ERR612288	ERR612287	ERR612290	ERR612292	ERR612291	ERR629898	ERR629903	ERR629900	ERR629902	ERR629901	ERR629899	ERR626763	ERR626760	ERR626764	ERR626762	ERR626761	ERR626759	ERR608755	ERR608752	ERR608753	ERR608754	ERR608751	ERR608756	ERR612074	ERR612071	ERR612073	ERR612075	ERR612072	ERR612076	ERR607446	ERR607445	ERR607448	ERR607447	ERR607449	ERR607450
ERR636720	8.61855e+09	8.37486e+09	8.3027e+09	8.37742e+09	8.27905e+09	7.96547e+09	6.48209e+09	6.97153e+09	6.92551e+09	6.56924e+09	7.42515e+09	6.93849e+09	7.57537e+09	5.87532e+09	7.49382e+09	5.80948e+09	6.97596e+09	7.02426e+09	7.72994e+09	7.74365e+09	7.88692e+09	7.89775e+09	7.59504e+09	7.80041e+09	8.8219e+09	8.84262e+09	8.40896e+09	7.71883e+09	8.28803e+09	8.29217e+09	8.50711e+09	8.64161e+09	8.42894e+09	8.45407e+09	8.63859e+09	8.35173e+09	7.48671e+09	5.26742e+09	6.92617e+09	7.18863e+09	7.15335e+09	7.2113e+09	5.30365e+09	6.4142e+09	6.74579e+09	5.36323e+09	6.72908e+09	5.28174e+09	6.74096e+09	7.47776e+09	6.68575e+09	7.45698e+09	7.42391e+09	6.79248e+09	7.98835e+09	7.83919e+09	7.83624e+09	5.53988e+09	7.33799e+09	6.95573e+09	5.07251e+09	5.12935e+09	5.72386e+09	7.2144e+09	7.49771e+09	7.18546e+09	7.89492e+09	7.10796e+09	7.81399e+09	7.0372e+09	7.12244e+09	7.16378e+09	7.59337e+09	7.34983e+09	7.71991e+09	7.54947e+09	7.3611e+09	7.6808e+09	6.99778e+09	8.15964e+09	8.46446e+09	6.87044e+09	6.46161e+09	6.73332e+09	6.67175e+09	7.48128e+09	7.18708e+09	7.43843e+09	7.14818e+09	6.00503e+09	6.16083e+09	6.01499e+09	7.29506e+09	6.02607e+09	7.25985e+09	7.26983e+09
ERR636718	8.37486e+09	8.61114e+09	8.29774e+09	8.37326e+09	8.2752e+09	7.96162e+09	6.47855e+09	6.96694e+09	6.92121e+09	6.56511e+09	7.42057e+09	6.9346e+09	7.57029e+09	5.87056e+09	7.48827e+09	5.80534e+09	6.97151e+09	7.01948e+09	7.72731e+09	7.74095e+09	7.8842e+09	7.89445e+09	7.59272e+09	7.79773e+09	8.81492e+09	8.83588e+09	8.40343e+09	7.71428e+09	8.28172e+09	8.286e+09	8.50273e+09	8.63687e+09	8.42483e+09	8.44985e+09	8.63399e+09	8.34761e+09	7.4836e+09	5.26695e+09	6.92393e+09	7.18566e+09	7.15041e+09	7.20813e+09	5.29913e+09	6.40914e+09	6.74025e+09	5.35849e+09	6.72435e+09	5.27711e+09	6.73468e+09	7.47197e+09	6.68096e+09	7.45078e+09	7.41832e+09	6.78647e+09	7.98285e+09	7.83366e+09	7.83059e+09	5.53695e+09	7.33248e+09	6.95079e+09	5.0644e+09	5.12078e+09	5.71438e+09	7.20535e+09	7.48851e+09	7.17714e+09	7.8917e+09	7.106e+09	7.81078e+09	7.03513e+09	7.12018e+09	7.16134e+09	7.58974e+09	7.34684e+09	7.7161e+09	7.54615e+09	7.3582e+09	7.67747e+09	6.99456e+09	8.1564e+09	8.46098e+09	6.86749e+09	6.46029e+09	6.73034e+09	6.66838e+09	7.4776e+09	7.184e+09	7.43496e+09	7.14594e+09	6.00243e+09	6.15764e+09	6.01225e+09	7.29077e+09	6.02297e+09	7.25549e+09	7.26616e+09
ERR636716	8.3027e+09	8.29774e+09	8.46813e+09	8.3002e+09	8.20904e+09	7.90287e+09	6.43053e+09	6.9131e+09	6.8685e+09	6.51644e+09	7.3611e+09	6.8811e+09	7.50804e+09	5.8285e+09	7.4264e+09	5.76333e+09	6.91603e+09	6.9639e+09	7.66887e+09	7.68249e+09	7.82371e+09	7.83656e+09	7.53857e+09	7.73864e+09	8.74261e+09	8.76145e+09	8.33788e+09	7.65702e+09	8.21962e+09	8.22384e+09	8.4295e+09	8.56462e+09	8.35329e+09	8.37791e+09	8.55916e+09	8.27945e+09	7.42426e+09	5.22704e+09	6.86903e+09	7.12899e+09	7.0914e+09	7.1488e+09	5.26185e+09	6.35806e+09	6.68625e+09	5.31999e+09	6.66818e+09	5.24008e+09	6.67161e+09	7.39911e+09	6.61504e+09	7.37847e+09	7.34617e+09	6.72174e+09	7.90549e+09	7.75836e+09	7.75568e+09	5.48811e+09	7.26642e+09	6.8875e+09	5.02261e+09	5.07887e+09	5.66613e+09	7.14004e+09	7.41906e+09	7.11159e+09	7.82224e+09	7.04433e+09	7.74264e+09	6.97408e+09	7.05831e+09	7.09977e+09	7.51462e+09	7.27336e+09	7.64035e+09	7.47175e+09	7.28478e+09	7.59983e+09	6.93531e+09	8.08307e+09	8.38512e+09	6.80937e+09	6.4051e+09	6.67366e+09	6.61238e+09	7.41176e+09	7.12228e+09	7.37026e+09	7.08399e+09	5.95302e+09	6.11208e+09	5.96724e+09	7.23352e+09	5.97881e+09	7.1993e+09	7.20969e+09
ERR636719	8.37742e+09	8.37326e+09	8.3002e+09	8.61558e+09	8.27746e+09	7.96375e+09	6.48066e+09	6.97033e+09	6.92398e+09	6.56795e+09	7.42383e+09	6.93716e+09	7.57269e+09	5.87232e+09	7.49041e+09	5.80715e+09	6.97353e+09	7.02177e+09	7.72944e+09	7.74256e+09	7.88618e+09	7.89597e+09	7.59436e+09	7.79978e+09	8.81827e+09	8.83871e+09	8.40603e+09	7.7167e+09	8.2848e+09	8.28854e+09	8.50465e+09	8.63925e+09	8.42681e+09	8.45207e+09	8.63622e+09	8.34946e+09	7.48601e+09	5.26835e+09	6.92576e+09	7.18771e+09	7.1528e+09	7.21041e+09	5.30164e+09	6.41167e+09	6.74317e+09	5.36071e+09	6.72712e+09	5.27939e+09	6.73631e+09	7.4731e+09	6.68205e+09	7.45173e+09	7.41901e+09	6.78753e+09	7.98482e+09	7.83556e+09	7.83247e+09	5.53791e+09	7.33412e+09	6.95288e+09	5.06815e+09	5.12462e+09	5.71817e+09	7.20877e+09	7.49221e+09	7.17983e+09	7.89237e+09	7.10612e+09	7.81117e+09	7.03526e+09	7.1205e+09	7.16122e+09	7.59015e+09	7.34677e+09	7.71638e+09	7.54623e+09	7.35781e+09	7.6776e+09	6.99529e+09	8.15689e+09	8.46129e+09	6.86827e+09	6.4603e+09	6.73145e+09	6.66995e+09	7.4789e+09	7.18502e+09	7.43672e+09	7.14654e+09	6.00321e+09	6.15924e+09	6.01391e+09	7.293e+09	6.02465e+09	7.25769e+09	7.26802e+09
ERR636717	8.27905e+09	8.2752e+09	8.20904e+09	8.27746e+09	8.42557e+09	7.88348e+09	6.40908e+09	6.89165e+09	6.84387e+09	6.49459e+09	7.33402e+09	6.85924e+09	7.47298e+09	5.79926e+09	7.39187e+09	5.7348e+09	6.88661e+09	6.93319e+09	7.6554e+09	7.66822e+09	7.81232e+09	7.81866e+09	7.52633e+09	7.72412e+09	8.70453e+09	8.72408e+09	8.30366e+09	7.6357e+09	8.18166e+09	8.18643e+09	8.40694e+09	8.5382e+09	8.33194e+09	8.35575e+09	8.53942e+09	8.25881e+09	7.40717e+09	5.22837e+09	6.85949e+09	7.11536e+09	7.07993e+09	7.13682e+09	5.23664e+09	6.33619e+09	6.6576e+09	5.29497e+09	6.64538e+09	5.21536e+09	6.63778e+09	7.35871e+09	6.58893e+09	7.33874e+09	7.30668e+09	6.68846e+09	7.86879e+09	7.72297e+09	7.71933e+09	5.47517e+09	7.22957e+09	6.85725e+09	4.96962e+09	5.02474e+09	5.60226e+09	7.07632e+09	7.35425e+09	7.04995e+09	7.80083e+09	7.03648e+09	7.72211e+09	6.96654e+09	7.04979e+09	7.08528e+09	7.49265e+09	7.25594e+09	7.61519e+09	7.44906e+09	7.26546e+09	7.57844e+09	6.91689e+09	8.06301e+09	8.35725e+09	6.79149e+09	6.40042e+09	6.65698e+09	6.59376e+09	7.38761e+09	7.10096e+09	7.34912e+09	7.06372e+09	5.93764e+09	6.09668e+09	5.9536e+09	7.21123e+09	5.96266e+09	7.17583e+09	7.18645e+09
ERR636715	7.96547e+09	7.96162e+09	7.90287e+09	7.96375e+09	7.88348e+09	7.81589e+09	6.19e+09	6.64778e+09	6.60291e+09	6.27146e+09	7.06565e+09	6.61738e+09	7.18803e+09	5.59975e+09	7.11039e+09	5.53822e+09	6.63368e+09	6.67765e+09	7.39177e+09	7.40327e+09	7.53438e+09	7.54322e+09	7.27284e+09	7.4546e+09	8.35645e+09	8.374e+09	7.98971e+09	7.37018e+09	7.87817e+09	7.8821e+09	8.08008e+09	8.20184e+09	8.01134e+09	8.03358e+09	8.19979e+09	7.94628e+09	7.13893e+09	5.05984e+09	6.61836e+09	6.86169e+09	6.82726e+09	6.88121e+09	5.05215e+09	6.09777e+09	6.40139e+09	5.10784e+09	6.3887e+09	5.03224e+09	6.35367e+09	7.03291e+09	6.3078e+09	7.01377e+09	6.98273e+09	6.40108e+09	7.53287e+09	7.3942e+09	7.39115e+09	5.2684e+09	6.92935e+09	6.57804e+09	4.7797e+09	4.83162e+09	5.37844e+09	6.7853e+09	7.04695e+09	6.76068e+09	7.50371e+09	6.78064e+09	7.42917e+09	6.71361e+09	6.79182e+09	6.82694e+09	7.17163e+09	6.94875e+09	7.2878e+09	7.13131e+09	6.95745e+09	7.25213e+09	6.6646e+09	7.74824e+09	8.0232e+09	6.54564e+09	6.17379e+09	6.41727e+09	6.35878e+09	7.11117e+09	6.84041e+09	7.07507e+09	6.805e+09	5.7332e+09	5.8879e+09	5.75197e+09	6.94807e+09	5.76139e+09	6.91463e+09	6.92535e+09
ERR621924	6.48209e+09	6.47855e+09	6.43053e+09	6.48066e+09	6.40908e+09	6.19e+09	5.62598e+09	5.79951e+09	5.76984e+09	5.50064e+09	6.1374e+09	5.77757e+09	6.04224e+09	4.79553e+09	5.98223e+09	4.74679e+09	5.60539e+09	5.64092e+09	6.04779e+09	6.05751e+09	6.16073e+09	6.17228e+09	5.94747e+09	6.10013e+09	6.84232e+09	6.85623e+09	6.5446e+09	6.05263e+09	6.46626e+09	6.46925e+09	6.59024e+09	6.68876e+09	6.53235e+09	6.55104e+09	6.68365e+09	6.47761e+09	5.91528e+09	4.25209e+09	5.5042e+09	5.69958e+09	5.67288e+09	5.71523e+09	4.31875e+09	5.1398e+09	5.38467e+09	4.36238e+09	5.36843e+09	4.30062e+09	5.30515e+09	5.85136e+09	5.26082e+09	5.83422e+09	5.81073e+09	5.34352e+09	6.21466e+09	6.10983e+09	6.10753e+09	4.39899e+09	5.74205e+09	5.45979e+09	4.17766e+09	4.22291e+09	4.68756e+09	5.80894e+09	6.02087e+09	5.78666e+09	6.09871e+09	5.52556e+09	6.04148e+09	5.47349e+09	5.53766e+09	5.57333e+09	5.91116e+09	5.73013e+09	6.00485e+09	5.87896e+09	5.73662e+09	5.97253e+09	5.45462e+09	6.28216e+09	6.50301e+09	5.36537e+09	5.04465e+09	5.26084e+09	5.32829e+09	5.91421e+09	5.70275e+09	5.88449e+09	5.67477e+09	4.83325e+09	4.94357e+09	4.83616e+09	5.77323e+09	4.84787e+09	5.74969e+09	5.75557e+09
ERR621920	6.97153e+09	6.96694e+09	6.9131e+09	6.97033e+09	6.89165e+09	6.64778e+09	5.79951e+09	6.42732e+09	6.17327e+09	5.87509e+09	6.58755e+09	6.18541e+09	6.48552e+09	5.11272e+09	6.4204e+09	5.05886e+09	6.00456e+09	6.04234e+09	6.49124e+09	6.50225e+09	6.6176e+09	6.62821e+09	6.38049e+09	6.54869e+09	7.37144e+09	7.38649e+09	7.04119e+09	6.49808e+09	6.95268e+09	6.95593e+09	7.09237e+09	7.20089e+09	7.02796e+09	7.04851e+09	7.19687e+09	6.96726e+09	6.34679e+09	4.52986e+09	5.89462e+09	6.10995e+09	6.08115e+09	6.12733e+09	4.59337e+09	5.49247e+09	5.76114e+09	4.64087e+09	5.74457e+09	4.57356e+09	5.68578e+09	6.28667e+09	5.63898e+09	6.26812e+09	6.24202e+09	5.72918e+09	6.68727e+09	6.57146e+09	6.56827e+09	4.69334e+09	6.16537e+09	5.85454e+09	4.4465e+09	4.49546e+09	5.00199e+09	6.23776e+09	6.47223e+09	6.21272e+09	6.56124e+09	5.93134e+09	6.49795e+09	5.87364e+09	5.94497e+09	5.98236e+09	6.35542e+09	6.15715e+09	6.45787e+09	6.31961e+09	6.16376e+09	6.42432e+09	5.84757e+09	6.76148e+09	7.00488e+09	5.74996e+09	5.40027e+09	5.63537e+09	5.70554e+09	6.35541e+09	6.12008e+09	6.3213e+09	6.09047e+09	5.16163e+09	5.2782e+09	5.16112e+09	6.18878e+09	5.17262e+09	6.16262e+09	6.16909e+09
ERR621922	6.92551e+09	6.92121e+09	6.8685e+09	6.92398e+09	6.84387e+09	6.60291e+09	5.76984e+09	6.17327e+09	6.3533e+09	5.84498e+09	6.54728e+09	6.14982e+09	6.45032e+09	5.08979e+09	6.38464e+09	5.03643e+09	5.97138e+09	6.01077e+09	6.44592e+09	6.45685e+09	6.56988e+09	6.58348e+09	6.33567e+09	6.50372e+09	7.3277e+09	7.34332e+09	6.9985e+09	6.45453e+09	6.91271e+09	6.91587e+09	7.04537e+09	7.15426e+09	6.9808e+09	7.00182e+09	7.14785e+09	6.92024e+09	6.30453e+09	4.49832e+09	5.85501e+09	6.06894e+09	6.03883e+09	6.08509e+09	4.57517e+09	5.46415e+09	5.73252e+09	4.62256e+09	5.71387e+09	4.55574e+09	5.66009e+09	6.25725e+09	5.60968e+09	6.23928e+09	6.21336e+09	5.7023e+09	6.64776e+09	6.53407e+09	6.53134e+09	4.66606e+09	6.13241e+09	5.82267e+09	4.4372e+09	4.48602e+09	4.99176e+09	6.21084e+09	6.44345e+09	6.18599e+09	6.51309e+09	5.88488e+09	6.44997e+09	5.82737e+09	5.89805e+09	5.93754e+09	6.31434e+09	6.11523e+09	6.41772e+09	6.27942e+09	6.12354e+09	6.38203e+09	5.80778e+09	6.71388e+09	6.95763e+09	5.71121e+09	5.36055e+09	5.59726e+09	5.66722e+09	6.31058e+09	6.07757e+09	6.27714e+09	6.04662e+09	5.12732e+09	5.24585e+09	5.12929e+09	6.15119e+09	5.14187e+09	6.12526e+09	6.13143e+09
ERR621923	6.56924e+09	6.56511e+09	6.51644e+09	6.56795e+09	6.49459e+09	6.27146e+09	5.50064e+09	5.87509e+09	5.84498e+09	5.76763e+09	6.22003e+09	5.85251e+09	6.12428e+09	4.85592e+09	6.0635e+09	4.80592e+09	5.67996e+09	5.71597e+09	6.12619e+09	6.13598e+09	6.24133e+09	6.25325e+09	6.02363e+09	6.17953e+09	6.93764e+09	6.95252e+09	6.63457e+09	6.13256e+09	6.55485e+09	6.55735e+09	6.67993e+09	6.78052e+09	6.62081e+09	6.64012e+09	6.77538e+09	6.56499e+09	5.9931e+09	4.30164e+09	5.57399e+09	5.77345e+09	5.74616e+09	5.78892e+09	4.37084e+09	5.20475e+09	5.45541e+09	4.4153e+09	5.43797e+09	4.35219e+09	5.37806e+09	5.93425e+09	5.33236e+09	5.91705e+09	5.89284e+09	5.41719e+09	6.30294e+09	6.19619e+09	6.19374e+09	4.45434e+09	5.82198e+09	5.53457e+09	4.23152e+09	4.27713e+09	4.75035e+09	5.89214e+09	6.10842e+09	5.86956e+09	6.18418e+09	5.6005e+09	6.12562e+09	5.54713e+09	5.61234e+09	5.64859e+09	5.99386e+09	5.80965e+09	6.09014e+09	5.96151e+09	5.81619e+09	6.05752e+09	5.52723e+09	6.37046e+09	6.59557e+09	5.4366e+09	5.11041e+09	5.33018e+09	5.39852e+09	5.99577e+09	5.78001e+09	5.96546e+09	5.75197e+09	4.89457e+09	5.00468e+09	4.8958e+09	5.84871e+09	4.90731e+09	5.82512e+09	5.83064e+09
ERR621919	7.42515e+09	7.42057e+09	7.3611e+09	7.42383e+09	7.33402e+09	7.06565e+09	6.1374e+09	6.58755e+09	6.54728e+09	6.22003e+09	7.24302e+09	6.55901e+09	6.9022e+09	5.4103e+09	6.83207e+09	5.35196e+09	6.3757e+09	6.41826e+09	6.89183e+09	6.90438e+09	7.02974e+09	7.04297e+09	6.76913e+09	6.95575e+09	7.87262e+09	7.88935e+09	7.50562e+09	6.90243e+09	7.41018e+09	7.41335e+09	7.55866e+09	7.67926e+09	7.48736e+09	7.51071e+09	7.67303e+09	7.41885e+09	6.74081e+09	4.77275e+09	6.24632e+09	6.48068e+09	6.44968e+09	6.50042e+09	4.85441e+09	5.8222e+09	6.11818e+09	4.90615e+09	6.09808e+09	4.83352e+09	6.0555e+09	6.71117e+09	6.00033e+09	6.69121e+09	6.66294e+09	6.10187e+09	7.13414e+09	7.00776e+09	7.00553e+09	4.96182e+09	6.566e+09	6.22493e+09	4.71928e+09	4.77232e+09	5.32412e+09	6.65338e+09	6.90988e+09	6.62527e+09	6.98057e+09	6.28881e+09	6.91167e+09	6.226e+09	6.30408e+09	6.34691e+09	6.7704e+09	6.55237e+09	6.88248e+09	6.73149e+09	6.56083e+09	6.84541e+09	6.20362e+09	7.20045e+09	7.46999e+09	6.09708e+09	5.71452e+09	5.97274e+09	6.04338e+09	6.75393e+09	6.49476e+09	6.71552e+09	6.4622e+09	5.4533e+09	5.58132e+09	5.45397e+09	6.57198e+09	5.46765e+09	6.54369e+09	6.55076e+09
ERR621921	6.93849e+09	6.9346e+09	6.8811e+09	6.93716e+09	6.85924e+09	6.61738e+09	5.77757e+09	6.18541e+09	6.14982e+09	5.85251e+09	6.55901e+09	6.37621e+09	6.45733e+09	5.09165e+09	6.3911e+09	5.03823e+09	5.97816e+09	6.01669e+09	6.4615e+09	6.47225e+09	6.58673e+09	6.59856e+09	6.35198e+09	6.51867e+09	7.3382e+09	7.35381e+09	7.00949e+09	6.46816e+09	6.92239e+09	6.92507e+09	7.05945e+09	7.16826e+09	6.99549e+09	7.01615e+09	7.16399e+09	6.93581e+09	6.31835e+09	4.51337e+09	5.87018e+09	6.08258e+09	6.05363e+09	6.09992e+09	4.57757e+09	5.47261e+09	5.73989e+09	4.6252e+09	5.72232e+09	4.55823e+09	5.66565e+09	6.26322e+09	5.61818e+09	6.24454e+09	6.21885e+09	5.70781e+09	6.65594e+09	6.54181e+09	6.53881e+09	4.67568e+09	6.13785e+09	5.82922e+09	4.42615e+09	4.47469e+09	4.97864e+09	6.20494e+09	6.43838e+09	6.18052e+09	6.52816e+09	5.90242e+09	6.46509e+09	5.84419e+09	5.91429e+09	5.95239e+09	6.3266e+09	6.12881e+09	6.42929e+09	6.29144e+09	6.13643e+09	6.39466e+09	5.82069e+09	6.7304e+09	6.97203e+09	5.72312e+09	5.37849e+09	5.60967e+09	5.67852e+09	6.32196e+09	6.08995e+09	6.29e+09	6.05908e+09	5.13774e+09	5.25678e+09	5.13991e+09	6.16256e+09	5.15139e+09	6.13626e+09	6.14331e+09
ERR626848	7.57537e+09	7.57029e+09	7.50804e+09	7.57269e+09	7.47298e+09	7.18803e+09	6.04224e+09	6.48552e+09	6.45032e+09	6.12428e+09	6.9022e+09	6.45733e+09	7.55727e+09	5.72243e+09	7.24404e+09	5.6586e+09	6.75013e+09	6.79808e+09	6.96726e+09	6.98285e+09	7.11229e+09	7.13013e+09	6.83562e+09	7.0368e+09	8.14156e+09	8.16069e+09	7.74549e+09	7.09276e+09	7.65104e+09	7.6554e+09	7.72913e+09	7.85961e+09	7.64987e+09	7.67685e+09	7.84795e+09	7.57858e+09	6.93862e+09	4.88135e+09	6.42108e+09	6.66767e+09	6.63442e+09	6.68725e+09	5.02688e+09	6.02593e+09	6.34334e+09	5.08191e+09	6.31637e+09	5.00446e+09	6.45905e+09	7.15049e+09	6.38975e+09	7.12972e+09	7.10083e+09	6.50865e+09	7.53751e+09	7.40934e+09	7.40718e+09	5.24862e+09	6.95315e+09	6.59296e+09	5.00529e+09	5.06106e+09	5.64199e+09	6.98606e+09	7.24928e+09	6.95662e+09	7.33066e+09	6.58967e+09	7.25586e+09	6.52474e+09	6.60772e+09	6.66346e+09	7.17139e+09	6.93599e+09	7.29146e+09	7.13098e+09	6.95061e+09	7.24725e+09	6.53011e+09	7.56556e+09	7.85543e+09	6.41882e+09	5.99734e+09	6.28649e+09	6.27881e+09	7.01889e+09	6.7466e+09	6.97231e+09	6.7108e+09	5.66621e+09	5.74536e+09	5.61149e+09	6.77636e+09	5.62899e+09	6.74999e+09	6.75588e+09
ERR626846	5.87532e+09	5.87056e+09	5.8285e+09	5.87232e+09	5.79926e+09	5.59975e+09	4.79553e+09	5.11272e+09	5.08979e+09	4.85592e+09	5.4103e+09	5.09165e+09	5.72243e+09	4.77377e+09	5.67134e+09	4.55995e+09	5.32553e+09	5.35969e+09	5.43209e+09	5.44353e+09	5.53409e+09	5.55134e+09	5.33626e+09	5.48313e+09	6.28094e+09	6.29358e+09	6.00228e+09	5.53793e+09	5.94076e+09	5.94396e+09	5.97965e+09	6.07298e+09	5.92306e+09	5.94245e+09	6.06056e+09	5.87217e+09	5.43086e+09	3.91203e+09	5.05784e+09	5.23584e+09	5.21139e+09	5.24909e+09	4.0832e+09	4.80172e+09	5.03239e+09	4.12502e+09	5.00895e+09	4.06548e+09	5.10926e+09	5.60064e+09	5.05232e+09	5.58528e+09	5.56489e+09	5.14448e+09	5.86781e+09	5.7796e+09	5.77828e+09	4.22003e+09	5.46152e+09	5.20434e+09	4.08473e+09	4.12652e+09	4.55626e+09	5.51287e+09	5.69771e+09	5.49075e+09	5.69228e+09	5.1551e+09	5.63897e+09	5.10853e+09	5.16899e+09	5.21801e+09	5.59665e+09	5.42622e+09	5.68286e+09	5.5692e+09	5.43709e+09	5.6479e+09	5.13232e+09	5.8569e+09	6.06488e+09	5.05413e+09	4.73061e+09	4.95848e+09	4.95411e+09	5.47914e+09	5.28614e+09	5.44519e+09	5.2597e+09	4.51427e+09	4.5866e+09	4.48867e+09	5.32496e+09	4.50508e+09	5.30707e+09	5.31049e+09
ERR626843	7.49382e+09	7.48827e+09	7.4264e+09	7.49041e+09	7.39187e+09	7.11039e+09	5.98223e+09	6.4204e+09	6.38464e+09	6.0635e+09	6.83207e+09	6.3911e+09	7.24404e+09	5.67134e+09	7.40578e+09	5.60759e+09	6.68561e+09	6.7319e+09	6.89195e+09	6.90727e+09	7.0344e+09	7.05235e+09	6.76171e+09	6.96036e+09	8.05019e+09	8.06828e+09	7.66009e+09	7.01728e+09	7.56745e+09	7.57156e+09	7.64414e+09	7.77277e+09	7.56595e+09	7.59219e+09	7.76086e+09	7.4944e+09	6.86589e+09	4.83154e+09	6.35472e+09	6.59796e+09	6.56675e+09	6.61818e+09	4.98069e+09	5.96536e+09	6.27981e+09	5.03501e+09	6.25242e+09	4.95884e+09	6.39609e+09	7.07713e+09	6.32741e+09	7.05659e+09	7.02789e+09	6.4447e+09	7.46153e+09	7.33418e+09	7.3322e+09	5.19929e+09	6.88546e+09	6.52906e+09	4.97078e+09	5.02605e+09	5.60094e+09	6.92681e+09	7.18574e+09	6.89661e+09	7.25794e+09	6.52456e+09	7.18388e+09	6.46059e+09	6.54291e+09	6.59943e+09	7.09916e+09	6.86719e+09	7.2164e+09	7.05914e+09	6.88046e+09	7.17484e+09	6.4667e+09	7.48521e+09	7.77135e+09	6.357e+09	5.93545e+09	6.22657e+09	6.21927e+09	6.95137e+09	6.68079e+09	6.90382e+09	6.64683e+09	5.61543e+09	5.6908e+09	5.55803e+09	6.70719e+09	5.57592e+09	6.68108e+09	6.687e+09
ERR626847	5.80948e+09	5.80534e+09	5.76333e+09	5.80715e+09	5.7348e+09	5.53822e+09	4.74679e+09	5.05886e+09	5.03643e+09	4.80592e+09	5.35196e+09	5.03823e+09	5.6586e+09	4.55995e+09	5.60759e+09	4.67841e+09	5.26736e+09	5.30132e+09	5.37314e+09	5.3841e+09	5.47357e+09	5.49037e+09	5.27864e+09	5.4232e+09	6.20793e+09	6.22078e+09	5.93307e+09	5.47599e+09	5.87222e+09	5.87508e+09	5.91268e+09	6.00408e+09	5.85647e+09	5.87615e+09	5.99275e+09	5.80681e+09	5.37176e+09	3.8751e+09	5.00453e+09	5.18023e+09	5.15548e+09	5.19302e+09	4.04374e+09	4.75298e+09	4.97962e+09	4.08493e+09	4.95659e+09	4.02625e+09	5.05329e+09	5.53737e+09	4.99797e+09	5.52225e+09	5.50252e+09	5.08784e+09	5.80004e+09	5.71208e+09	5.71089e+09	4.17889e+09	5.39924e+09	5.1462e+09	4.03971e+09	4.08099e+09	4.50419e+09	5.44602e+09	5.62813e+09	5.42441e+09	5.62642e+09	5.09845e+09	5.57404e+09	5.05243e+09	5.11165e+09	5.16008e+09	5.53442e+09	5.36674e+09	5.61897e+09	5.50678e+09	5.3772e+09	5.58459e+09	5.07487e+09	5.78883e+09	5.99361e+09	4.99863e+09	4.68121e+09	4.90411e+09	4.89885e+09	5.41601e+09	5.22589e+09	5.38259e+09	5.19963e+09	4.46555e+09	4.54065e+09	4.4429e+09	5.26685e+09	4.45906e+09	5.24881e+09	5.25234e+09
ERR626844	6.97596e+09	6.97151e+09	6.91603e+09	6.97353e+09	6.88661e+09	6.63368e+09	5.60539e+09	6.00456e+09	5.97138e+09	5.67996e+09	6.3757e+09	5.97816e+09	6.75013e+09	5.32553e+09	6.68561e+09	5.26736e+09	6.45843e+09	6.29049e+09	6.43509e+09	6.44881e+09	6.56464e+09	6.58e+09	6.31753e+09	6.49671e+09	7.47035e+09	7.48667e+09	7.12212e+09	6.54863e+09	7.03765e+09	7.04141e+09	7.11002e+09	7.2245e+09	7.04068e+09	7.0639e+09	7.21553e+09	6.97697e+09	6.41364e+09	4.55303e+09	5.95074e+09	6.17119e+09	6.14275e+09	6.18976e+09	4.68737e+09	5.59197e+09	5.87559e+09	4.73782e+09	5.85212e+09	4.66743e+09	5.96692e+09	6.58174e+09	5.90721e+09	6.56365e+09	6.53699e+09	6.01165e+09	6.93325e+09	6.81937e+09	6.81711e+09	4.88583e+09	6.41272e+09	6.09317e+09	4.65854e+09	4.70873e+09	5.23012e+09	6.43985e+09	6.67331e+09	6.41388e+09	6.756e+09	6.09603e+09	6.68959e+09	6.03813e+09	6.11256e+09	6.16278e+09	6.6096e+09	6.40139e+09	6.71525e+09	6.57341e+09	6.41275e+09	6.67772e+09	6.04217e+09	6.96263e+09	7.21879e+09	5.94301e+09	5.56178e+09	5.82396e+09	5.81813e+09	6.47934e+09	6.23666e+09	6.43816e+09	6.2058e+09	5.26836e+09	5.34384e+09	5.22254e+09	6.2667e+09	5.2386e+09	6.24274e+09	6.24836e+09
ERR626845	7.02426e+09	7.01948e+09	6.9639e+09	7.02177e+09	6.93319e+09	6.67765e+09	5.64092e+09	6.04234e+09	6.01077e+09	5.71597e+09	6.41826e+09	6.01669e+09	6.79808e+09	5.35969e+09	6.7319e+09	5.30132e+09	6.29049e+09	6.54484e+09	6.47703e+09	6.49066e+09	6.60772e+09	6.62393e+09	6.3581e+09	6.53928e+09	7.52766e+09	7.54432e+09	7.17463e+09	6.59234e+09	7.09039e+09	7.09408e+09	7.15987e+09	7.2764e+09	7.08925e+09	7.11343e+09	7.26604e+09	7.02562e+09	6.45632e+09	4.57905e+09	5.98853e+09	6.21108e+09	6.18157e+09	6.22921e+09	4.71851e+09	5.62999e+09	5.91689e+09	4.76927e+09	5.89254e+09	4.69811e+09	6.01239e+09	6.63444e+09	5.95087e+09	6.6157e+09	6.58944e+09	6.05696e+09	6.9855e+09	6.87076e+09	6.86876e+09	4.91774e+09	6.46099e+09	6.13797e+09	4.69062e+09	4.74121e+09	5.26854e+09	6.48601e+09	6.72255e+09	6.45926e+09	6.80064e+09	6.13326e+09	6.73375e+09	6.07462e+09	6.14932e+09	6.20098e+09	6.65689e+09	6.44555e+09	6.76465e+09	6.62042e+09	6.45809e+09	6.7254e+09	6.08143e+09	7.01099e+09	7.2698e+09	5.98126e+09	5.59672e+09	5.86141e+09	5.85285e+09	6.52014e+09	6.27532e+09	6.47861e+09	6.24296e+09	5.29739e+09	5.37651e+09	5.25375e+09	6.30893e+09	5.27022e+09	6.28496e+09	6.28991e+09
ERR636796	7.72994e+09	7.72731e+09	7.66887e+09	7.72944e+09	7.6554e+09	7.39177e+09	6.04779e+09	6.49124e+09	6.44592e+09	6.12619e+09	6.89183e+09	6.4615e+09	6.96726e+09	5.43209e+09	6.89195e+09	5.37314e+09	6.43509e+09	6.47703e+09	7.51088e+09	7.31555e+09	7.43941e+09	7.44395e+09	7.18846e+09	7.36461e+09	8.13336e+09	8.15064e+09	7.78605e+09	7.19989e+09	7.67398e+09	7.67749e+09	7.88546e+09	7.99762e+09	7.82294e+09	7.8423e+09	8.00025e+09	7.75879e+09	6.96618e+09	4.96525e+09	6.46784e+09	6.70109e+09	6.66891e+09	6.72031e+09	4.90032e+09	5.9172e+09	6.20314e+09	4.95368e+09	6.19557e+09	4.88197e+09	6.0963e+09	6.749e+09	6.06024e+09	6.73077e+09	6.70111e+09	6.14183e+09	7.25089e+09	7.1139e+09	7.1101e+09	5.07512e+09	6.66235e+09	6.32648e+09	4.54705e+09	4.597e+09	5.11633e+09	6.48642e+09	6.73955e+09	6.46431e+09	7.27671e+09	6.58838e+09	7.20517e+09	6.52435e+09	6.59913e+09	6.62474e+09	6.91498e+09	6.70372e+09	7.02634e+09	6.87638e+09	6.71097e+09	6.9954e+09	6.45465e+09	7.50572e+09	7.76699e+09	6.33893e+09	5.99305e+09	6.21648e+09	6.15423e+09	6.87987e+09	6.62e+09	6.84758e+09	6.58589e+09	5.54883e+09	5.76031e+09	5.62998e+09	6.78374e+09	5.63648e+09	6.75117e+09	6.76318e+09
ERR636797	7.74365e+09	7.74095e+09	7.68249e+09	7.74256e+09	7.66822e+09	7.40327e+09	6.05751e+09	6.50225e+09	6.45685e+09	6.13598e+09	6.90438e+09	6.47225e+09	6.98285e+09	5.44353e+09	6.90727e+09	5.3841e+09	6.44881e+09	6.49066e+09	7.31555e+09	7.5315e+09	7.45029e+09	7.45464e+09	7.19834e+09	7.37508e+09	8.14849e+09	8.16632e+09	7.80033e+09	7.21204e+09	7.68865e+09	7.69189e+09	7.89904e+09	8.01112e+09	7.83532e+09	7.85481e+09	8.01299e+09	7.77113e+09	6.97739e+09	4.97179e+09	6.47798e+09	6.71176e+09	6.67958e+09	6.73124e+09	4.91039e+09	5.9291e+09	6.21586e+09	4.96377e+09	6.20812e+09	4.8914e+09	6.11076e+09	6.76554e+09	6.07481e+09	6.74701e+09	6.71723e+09	6.15625e+09	7.26734e+09	7.1304e+09	7.12611e+09	5.08596e+09	6.67782e+09	6.3412e+09	4.56232e+09	4.61229e+09	5.13408e+09	6.50551e+09	6.75975e+09	6.48339e+09	7.29012e+09	6.59948e+09	7.21851e+09	6.53548e+09	6.61043e+09	6.637e+09	6.92938e+09	6.71737e+09	7.0415e+09	6.89087e+09	6.72474e+09	7.01007e+09	6.46667e+09	7.51977e+09	7.78177e+09	6.3508e+09	6.00348e+09	6.22796e+09	6.16636e+09	6.89352e+09	6.63301e+09	6.86085e+09	6.59867e+09	5.55964e+09	5.77019e+09	5.63901e+09	6.79558e+09	5.64577e+09	6.76303e+09	6.77511e+09
ERR636795	7.88692e+09	7.8842e+09	7.82371e+09	7.88618e+09	7.81232e+09	7.53438e+09	6.16073e+09	6.6176e+09	6.56988e+09	6.24133e+09	7.02974e+09	6.58673e+09	7.11229e+09	5.53409e+09	7.0344e+09	5.47357e+09	6.56464e+09	6.60772e+09	7.43941e+09	7.45029e+09	7.80661e+09	7.58925e+09	7.32229e+09	7.50146e+09	8.30856e+09	8.32662e+09	7.94451e+09	7.33667e+09	7.82697e+09	7.83096e+09	8.05033e+09	8.16916e+09	7.98462e+09	8.00483e+09	8.17416e+09	7.91922e+09	7.10647e+09	5.05636e+09	6.59531e+09	6.83459e+09	6.80088e+09	6.85382e+09	4.99558e+09	6.04226e+09	6.33546e+09	5.05042e+09	6.3287e+09	4.97676e+09	6.24138e+09	6.9143e+09	6.20455e+09	6.89538e+09	6.86458e+09	6.28858e+09	7.41995e+09	7.27987e+09	7.27648e+09	5.18437e+09	6.8146e+09	6.46879e+09	4.63585e+09	4.68685e+09	5.22013e+09	6.62608e+09	6.88758e+09	6.60373e+09	7.42764e+09	6.71978e+09	7.35393e+09	6.65417e+09	6.73078e+09	6.75739e+09	7.08127e+09	6.86306e+09	7.19629e+09	7.04143e+09	6.87115e+09	7.16424e+09	6.58284e+09	7.6665e+09	7.93558e+09	6.46379e+09	6.11188e+09	6.33774e+09	6.27277e+09	7.0185e+09	6.7512e+09	6.98562e+09	6.7168e+09	5.65314e+09	5.87022e+09	5.73621e+09	6.92076e+09	5.74212e+09	6.88722e+09	6.89938e+09
ERR636794	7.89775e+09	7.89445e+09	7.83656e+09	7.89597e+09	7.81866e+09	7.54322e+09	6.17228e+09	6.62821e+09	6.58348e+09	6.25325e+09	7.04297e+09	6.59856e+09	7.13013e+09	5.55134e+09	7.05235e+09	5.49037e+09	6.58e+09	6.62393e+09	7.44395e+09	7.45464e+09	7.58925e+09	7.81379e+09	7.32645e+09	7.50665e+09	8.32746e+09	8.34485e+09	7.96193e+09	7.3467e+09	7.84785e+09	7.85115e+09	8.05927e+09	8.18021e+09	7.99268e+09	8.01316e+09	8.17962e+09	7.92709e+09	7.11264e+09	5.0504e+09	6.59698e+09	6.83794e+09	6.80233e+09	6.85611e+09	5.01041e+09	6.05169e+09	6.34998e+09	5.06494e+09	6.33894e+09	4.99111e+09	6.25864e+09	6.93441e+09	6.21567e+09	6.91524e+09	6.88469e+09	6.30471e+09	7.43765e+09	7.2977e+09	7.29386e+09	5.18856e+09	6.83406e+09	6.48505e+09	4.6702e+09	4.722e+09	5.26089e+09	6.6633e+09	6.92518e+09	6.63964e+09	7.43494e+09	6.71852e+09	7.36146e+09	6.65234e+09	6.72969e+09	6.7606e+09	7.08798e+09	6.86712e+09	7.20469e+09	7.04849e+09	6.87597e+09	7.16987e+09	6.59015e+09	7.67394e+09	7.94744e+09	6.47098e+09	6.10926e+09	6.3442e+09	6.28093e+09	7.02959e+09	6.76075e+09	6.9946e+09	6.72508e+09	5.65908e+09	5.87614e+09	5.74126e+09	6.93117e+09	5.74894e+09	6.89812e+09	6.90996e+09
ERR636793	7.59504e+09	7.59272e+09	7.53857e+09	7.59436e+09	7.52633e+09	7.27284e+09	5.94747e+09	6.38049e+09	6.33567e+09	6.02363e+09	6.76913e+09	6.35198e+09	6.83562e+09	5.33626e+09	6.76171e+09	5.27864e+09	6.31753e+09	6.3581e+09	7.18846e+09	7.19834e+09	7.32229e+09	7.32645e+09	7.28048e+09	7.24586e+09	7.9794e+09	7.99638e+09	7.64692e+09	7.08314e+09	7.53776e+09	7.54074e+09	7.7437e+09	7.8531e+09	7.68396e+09	7.70218e+09	7.85513e+09	7.62491e+09	6.849e+09	4.89602e+09	6.36432e+09	6.59086e+09	6.55801e+09	6.60816e+09	4.81364e+09	5.80989e+09	6.08552e+09	4.86597e+09	6.07949e+09	4.79593e+09	5.9671e+09	6.60194e+09	5.93391e+09	6.584e+09	6.55488e+09	6.01116e+09	7.10039e+09	6.96716e+09	6.9635e+09	4.98507e+09	6.52669e+09	6.20096e+09	4.44431e+09	4.49261e+09	4.99669e+09	6.34202e+09	6.58877e+09	6.32095e+09	7.14779e+09	6.48077e+09	7.07889e+09	6.41792e+09	6.49005e+09	6.5139e+09	6.77646e+09	6.5713e+09	6.88516e+09	6.73908e+09	6.57779e+09	6.85445e+09	6.34397e+09	7.37154e+09	7.62267e+09	6.23091e+09	5.89952e+09	6.11156e+09	6.04952e+09	6.75669e+09	6.50455e+09	6.72664e+09	6.4717e+09	5.45771e+09	5.66814e+09	5.54061e+09	6.66663e+09	5.5458e+09	6.63424e+09	6.64635e+09
ERR636798	7.80041e+09	7.79773e+09	7.73864e+09	7.79978e+09	7.72412e+09	7.4546e+09	6.10013e+09	6.54869e+09	6.50372e+09	6.17953e+09	6.95575e+09	6.51867e+09	7.0368e+09	5.48313e+09	6.96036e+09	5.4232e+09	6.49671e+09	6.53928e+09	7.36461e+09	7.37508e+09	7.50146e+09	7.50665e+09	7.24586e+09	7.63492e+09	8.21365e+09	8.23195e+09	7.85949e+09	7.26169e+09	7.74661e+09	7.75005e+09	7.95925e+09	8.07351e+09	7.89454e+09	7.91497e+09	8.07537e+09	7.82916e+09	7.02748e+09	5.00149e+09	6.52231e+09	6.75912e+09	6.72615e+09	6.77856e+09	4.94702e+09	5.97448e+09	6.26472e+09	5.00089e+09	6.25627e+09	4.92773e+09	6.16423e+09	6.82653e+09	6.12629e+09	6.80804e+09	6.77811e+09	6.21023e+09	7.32964e+09	7.19117e+09	7.1874e+09	5.12355e+09	6.73356e+09	6.39295e+09	4.60018e+09	4.65041e+09	5.1777e+09	6.56157e+09	6.81893e+09	6.53891e+09	7.34296e+09	6.64362e+09	7.2705e+09	6.57868e+09	6.65468e+09	6.6821e+09	6.98724e+09	6.77232e+09	7.10078e+09	6.94853e+09	6.77992e+09	7.06847e+09	6.51165e+09	7.57565e+09	7.84161e+09	6.39477e+09	6.0425e+09	6.27051e+09	6.20812e+09	6.94325e+09	6.67972e+09	6.90993e+09	6.64469e+09	5.59612e+09	5.80942e+09	5.67723e+09	6.84594e+09	5.68424e+09	6.81285e+09	6.82482e+09
ERR613960	8.8219e+09	8.81492e+09	8.74261e+09	8.81827e+09	8.70453e+09	8.35645e+09	6.84232e+09	7.37144e+09	7.3277e+09	6.93764e+09	7.87262e+09	7.3382e+09	8.14156e+09	6.28094e+09	8.05019e+09	6.20793e+09	7.47035e+09	7.52766e+09	8.13336e+09	8.14849e+09	8.30856e+09	8.32746e+09	7.9794e+09	8.21365e+09	9.93903e+09	9.68114e+09	9.15747e+09	8.32427e+09	9.02847e+09	9.03375e+09	9.05062e+09	9.21174e+09	8.95643e+09	8.98768e+09	9.19834e+09	8.86822e+09	7.95347e+09	5.5317e+09	7.33291e+09	7.62388e+09	7.58122e+09	7.64535e+09	5.65877e+09	6.8447e+09	7.22333e+09	5.72223e+09	7.19382e+09	5.63442e+09	7.37178e+09	8.20901e+09	7.28348e+09	8.1826e+09	8.14765e+09	7.42757e+09	8.73247e+09	8.57089e+09	8.56848e+09	5.96891e+09	8.01496e+09	7.57418e+09	5.59022e+09	5.65503e+09	6.3407e+09	7.93155e+09	8.25057e+09	7.8943e+09	8.4694e+09	7.57483e+09	8.3779e+09	7.49813e+09	7.59428e+09	7.65285e+09	8.22805e+09	7.94541e+09	8.37501e+09	8.17984e+09	7.96522e+09	8.32192e+09	7.49863e+09	8.78148e+09	9.14045e+09	7.35991e+09	6.88012e+09	7.2048e+09	7.13816e+09	8.03591e+09	7.70717e+09	7.98357e+09	7.66089e+09	6.40955e+09	6.57913e+09	6.41821e+09	7.83298e+09	6.4341e+09	7.79552e+09	7.80507e+09
ERR613965	8.84262e+09	8.83588e+09	8.76145e+09	8.83871e+09	8.72408e+09	8.374e+09	6.85623e+09	7.38649e+09	7.34332e+09	6.95252e+09	7.88935e+09	7.35381e+09	8.16069e+09	6.29358e+09	8.06828e+09	6.22078e+09	7.48667e+09	7.54432e+09	8.15064e+09	8.16632e+09	8.32662e+09	8.34485e+09	7.99638e+09	8.23195e+09	9.68114e+09	9.98396e+09	9.17464e+09	8.34e+09	9.04697e+09	9.05239e+09	9.0721e+09	9.23266e+09	8.97738e+09	9.00896e+09	9.21995e+09	8.88791e+09	7.97102e+09	5.54413e+09	7.34981e+09	7.64058e+09	7.59879e+09	7.66353e+09	5.66951e+09	6.85924e+09	7.239e+09	5.73336e+09	7.21002e+09	5.6446e+09	7.38943e+09	8.22902e+09	7.30122e+09	8.20385e+09	8.16813e+09	7.44533e+09	8.75387e+09	8.59122e+09	8.58953e+09	5.98218e+09	8.03261e+09	7.59105e+09	5.60376e+09	5.66838e+09	6.35563e+09	7.95207e+09	8.27271e+09	7.9147e+09	8.48892e+09	7.59209e+09	8.39671e+09	7.51518e+09	7.61187e+09	7.66975e+09	8.24901e+09	7.9654e+09	8.39602e+09	8.20008e+09	7.98525e+09	8.34353e+09	7.51485e+09	8.80218e+09	9.16209e+09	7.3758e+09	6.89505e+09	7.21999e+09	7.1535e+09	8.05403e+09	7.724e+09	8.00073e+09	7.67755e+09	6.4228e+09	6.5924e+09	6.43104e+09	7.84931e+09	6.44698e+09	7.81207e+09	7.82111e+09
ERR613961	8.40896e+09	8.40343e+09	8.33788e+09	8.40603e+09	8.30366e+09	7.98971e+09	6.5446e+09	7.04119e+09	6.9985e+09	6.63457e+09	7.50562e+09	7.00949e+09	7.74549e+09	6.00228e+09	7.66009e+09	5.93307e+09	7.12212e+09	7.17463e+09	7.78605e+09	7.80033e+09	7.94451e+09	7.96193e+09	7.64692e+09	7.85949e+09	9.15747e+09	9.17464e+09	8.95616e+09	7.95574e+09	8.59035e+09	8.59462e+09	8.61444e+09	8.75844e+09	8.53055e+09	8.55846e+09	8.74718e+09	8.45156e+09	7.59583e+09	5.31592e+09	7.01618e+09	7.28842e+09	7.2482e+09	7.30845e+09	5.40299e+09	6.52314e+09	6.87313e+09	5.46346e+09	6.84836e+09	5.38017e+09	6.96868e+09	7.73957e+09	6.89242e+09	7.716e+09	7.68322e+09	7.02089e+09	8.25168e+09	8.1012e+09	8.09847e+09	5.68824e+09	7.58483e+09	7.17981e+09	5.29764e+09	5.35714e+09	5.98988e+09	7.49025e+09	7.78521e+09	7.45765e+09	8.06513e+09	7.23788e+09	7.98087e+09	7.16554e+09	7.2549e+09	7.30681e+09	7.78894e+09	7.52953e+09	7.92365e+09	7.74441e+09	7.54579e+09	7.87636e+09	7.15698e+09	8.35196e+09	8.67703e+09	7.02692e+09	6.58252e+09	6.88206e+09	6.82003e+09	7.65675e+09	7.35211e+09	7.60941e+09	7.30998e+09	6.13427e+09	6.29725e+09	6.14648e+09	7.4735e+09	6.16118e+09	7.43782e+09	7.44788e+09
ERR613962	7.71883e+09	7.71428e+09	7.65702e+09	7.7167e+09	7.6357e+09	7.37018e+09	6.05263e+09	6.49808e+09	6.45453e+09	6.13256e+09	6.90243e+09	6.46816e+09	7.09276e+09	5.53793e+09	7.01728e+09	5.47599e+09	6.54863e+09	6.59234e+09	7.19989e+09	7.21204e+09	7.33667e+09	7.3467e+09	7.08314e+09	7.26169e+09	8.32427e+09	8.34e+09	7.95574e+09	7.54613e+09	7.85084e+09	7.85388e+09	7.89094e+09	8.00835e+09	7.82276e+09	7.84499e+09	8.00492e+09	7.75756e+09	7.00619e+09	4.96599e+09	6.49619e+09	6.73646e+09	6.70246e+09	6.75558e+09	4.98075e+09	5.99989e+09	6.29949e+09	5.03574e+09	6.28595e+09	4.96185e+09	6.32003e+09	6.98918e+09	6.26826e+09	6.97047e+09	6.93996e+09	6.36787e+09	7.4823e+09	7.34883e+09	7.34541e+09	5.23909e+09	6.88993e+09	6.54252e+09	4.80592e+09	4.85809e+09	5.40586e+09	6.77544e+09	7.03433e+09	6.75059e+09	7.40168e+09	6.68953e+09	7.32852e+09	6.62421e+09	6.7029e+09	6.74064e+09	7.09136e+09	6.87068e+09	7.20637e+09	7.0519e+09	6.88008e+09	7.17014e+09	6.59422e+09	7.64834e+09	7.91904e+09	6.4781e+09	6.09951e+09	6.35003e+09	6.29618e+09	7.03429e+09	6.76757e+09	6.99697e+09	6.73353e+09	5.68172e+09	5.83523e+09	5.70134e+09	6.87998e+09	5.71062e+09	6.84787e+09	6.85782e+09
ERR613963	8.28803e+09	8.28172e+09	8.21962e+09	8.2848e+09	8.18166e+09	7.87817e+09	6.46626e+09	6.95268e+09	6.91271e+09	6.55485e+09	7.41018e+09	6.92239e+09	7.65104e+09	5.94076e+09	7.56745e+09	5.87222e+09	7.03765e+09	7.09039e+09	7.67398e+09	7.68865e+09	7.82697e+09	7.84785e+09	7.53776e+09	7.74661e+09	9.02847e+09	9.04697e+09	8.59035e+09	7.85084e+09	8.72334e+09	8.48789e+09	8.48699e+09	8.62827e+09	8.40414e+09	8.43235e+09	8.61342e+09	8.32736e+09	7.49225e+09	5.24308e+09	6.92046e+09	7.18913e+09	7.14863e+09	7.20849e+09	5.34691e+09	6.4431e+09	6.78945e+09	5.40655e+09	6.76266e+09	5.32475e+09	6.87987e+09	7.63804e+09	6.79898e+09	7.61488e+09	7.5821e+09	6.93069e+09	8.14031e+09	7.99309e+09	7.99073e+09	5.61502e+09	7.48802e+09	7.08821e+09	5.26247e+09	5.32144e+09	5.94931e+09	7.42175e+09	7.71163e+09	7.38895e+09	7.94924e+09	7.13334e+09	7.86627e+09	7.06135e+09	7.15015e+09	7.20485e+09	7.6726e+09	7.41568e+09	7.80631e+09	7.62915e+09	7.43178e+09	7.75632e+09	7.06078e+09	8.22882e+09	8.55059e+09	6.93377e+09	6.48902e+09	6.79011e+09	6.73249e+09	7.55328e+09	7.25425e+09	7.50628e+09	7.21223e+09	6.05828e+09	6.21962e+09	6.07074e+09	7.377e+09	6.0865e+09	7.34299e+09	7.35277e+09
ERR613964	8.29217e+09	8.286e+09	8.22384e+09	8.28854e+09	8.18643e+09	7.8821e+09	6.46925e+09	6.95593e+09	6.91587e+09	6.55735e+09	7.41335e+09	6.92507e+09	7.6554e+09	5.94396e+09	7.57156e+09	5.87508e+09	7.04141e+09	7.09408e+09	7.67749e+09	7.69189e+09	7.83096e+09	7.85115e+09	7.54074e+09	7.75005e+09	9.03375e+09	9.05239e+09	8.59462e+09	7.85388e+09	8.48789e+09	8.73277e+09	8.49142e+09	8.63289e+09	8.40813e+09	8.43621e+09	8.61792e+09	8.33148e+09	7.4963e+09	5.24613e+09	6.92424e+09	7.19348e+09	7.15282e+09	7.21192e+09	5.34974e+09	6.44662e+09	6.79322e+09	5.40954e+09	6.76638e+09	5.32738e+09	6.88418e+09	7.64347e+09	6.80368e+09	7.61999e+09	7.58756e+09	6.93476e+09	8.14523e+09	7.9983e+09	7.9957e+09	5.61801e+09	7.49226e+09	7.09221e+09	5.26469e+09	5.32425e+09	5.95282e+09	7.42473e+09	7.71499e+09	7.39241e+09	7.95353e+09	7.13698e+09	7.87038e+09	7.06515e+09	7.15403e+09	7.20815e+09	7.67744e+09	7.42033e+09	7.81086e+09	7.63387e+09	7.43698e+09	7.76129e+09	7.06479e+09	8.23379e+09	8.55594e+09	6.93743e+09	6.4926e+09	6.7941e+09	6.73559e+09	7.55647e+09	7.25777e+09	7.50957e+09	7.21456e+09	6.0606e+09	6.22286e+09	6.07399e+09	7.38143e+09	6.08967e+09	7.34748e+09	7.35669e+09
ERR607674	8.50711e+09	8.50273e+09	8.4295e+09	8.50465e+09	8.40694e+09	8.08008e+09	6.59024e+09	7.09237e+09	7.04537e+09	6.67993e+09	7.55866e+09	7.05945e+09	7.72913e+09	5.97965e+09	7.64414e+09	5.91268e+09	7.11002e+09	7.15987e+09	7.88546e+09	7.89904e+09	8.05033e+09	8.05927e+09	7.7437e+09	7.95925e+09	9.05062e+09	9.0721e+09	8.61444e+09	7.89094e+09	8.48699e+09	8.49142e+09	9.01506e+09	8.90576e+09	8.68318e+09	8.70967e+09	8.90487e+09	8.59689e+09	7.64087e+09	5.36383e+09	7.06416e+09	7.33341e+09	7.29734e+09	7.35725e+09	5.42842e+09	6.57402e+09	6.9187e+09	5.48939e+09	6.90094e+09	5.40505e+09	6.94127e+09	7.70504e+09	6.88275e+09	7.68252e+09	7.64929e+09	6.99315e+09	8.22148e+09	8.06794e+09	8.06446e+09	5.69064e+09	7.54961e+09	7.15331e+09	5.19956e+09	5.2576e+09	5.87107e+09	7.40828e+09	7.70168e+09	7.37858e+09	8.09739e+09	7.2843e+09	8.01324e+09	7.21195e+09	7.29994e+09	7.34126e+09	7.81857e+09	7.56543e+09	7.95048e+09	7.77322e+09	7.57853e+09	7.90929e+09	7.17216e+09	8.37284e+09	8.69016e+09	7.0416e+09	6.62053e+09	6.8994e+09	6.83329e+09	7.66883e+09	7.36479e+09	7.6241e+09	7.32466e+09	6.1475e+09	6.30044e+09	6.15013e+09	7.4703e+09	6.16153e+09	7.43476e+09	7.44436e+09
ERR607670	8.64161e+09	8.63687e+09	8.56462e+09	8.63925e+09	8.5382e+09	8.20184e+09	6.68876e+09	7.20089e+09	7.15426e+09	6.78052e+09	7.67926e+09	7.16826e+09	7.85961e+09	6.07298e+09	7.77277e+09	6.00408e+09	7.2245e+09	7.2764e+09	7.99762e+09	8.01112e+09	8.16916e+09	8.18021e+09	7.8531e+09	8.07351e+09	9.21174e+09	9.23266e+09	8.75844e+09	8.00835e+09	8.62827e+09	8.63289e+09	8.90576e+09	9.31966e+09	8.8192e+09	8.84716e+09	9.05481e+09	8.73631e+09	7.7574e+09	5.43185e+09	7.16694e+09	7.44204e+09	7.40332e+09	7.46451e+09	5.51392e+09	6.67933e+09	7.03451e+09	5.57593e+09	7.01363e+09	5.48985e+09	7.07293e+09	7.85832e+09	7.00752e+09	7.83463e+09	7.801e+09	7.12533e+09	8.37559e+09	8.21868e+09	8.2159e+09	5.78031e+09	7.69041e+09	7.28122e+09	5.29427e+09	5.35462e+09	5.98494e+09	7.55044e+09	7.85108e+09	7.51855e+09	8.22694e+09	7.38998e+09	8.14049e+09	7.31553e+09	7.40619e+09	7.45081e+09	7.96091e+09	7.69953e+09	8.09746e+09	7.91456e+09	7.71376e+09	8.05308e+09	7.28138e+09	8.51098e+09	8.84055e+09	7.14792e+09	6.71405e+09	7.00217e+09	6.93445e+09	7.78954e+09	7.47815e+09	7.74316e+09	7.43676e+09	6.23514e+09	6.3911e+09	6.2373e+09	7.5868e+09	6.25004e+09	7.55075e+09	7.5599e+09
ERR607672	8.42894e+09	8.42483e+09	8.35329e+09	8.42681e+09	8.33194e+09	8.01134e+09	6.53235e+09	7.02796e+09	6.9808e+09	6.62081e+09	7.48736e+09	6.99549e+09	7.64987e+09	5.92306e+09	7.56595e+09	5.85647e+09	7.04068e+09	7.08925e+09	7.82294e+09	7.83532e+09	7.98462e+09	7.99268e+09	7.68396e+09	7.89454e+09	8.95643e+09	8.97738e+09	8.53055e+09	7.82276e+09	8.40414e+09	8.40813e+09	8.68318e+09	8.8192e+09	8.84643e+09	8.62819e+09	8.81962e+09	8.51834e+09	7.57407e+09	5.3252e+09	7.00557e+09	7.27063e+09	7.235e+09	7.29458e+09	5.37707e+09	6.51039e+09	6.84915e+09	5.43711e+09	6.83286e+09	5.35436e+09	6.86098e+09	7.61254e+09	6.80516e+09	7.59034e+09	7.55703e+09	6.91225e+09	8.12855e+09	7.97568e+09	7.97336e+09	5.63601e+09	7.46535e+09	7.0753e+09	5.13513e+09	5.19266e+09	5.79542e+09	7.31538e+09	7.60425e+09	7.2863e+09	8.02006e+09	7.22083e+09	7.9364e+09	7.14902e+09	7.23608e+09	7.2748e+09	7.73356e+09	7.48541e+09	7.86269e+09	7.68866e+09	7.49719e+09	7.82377e+09	7.10664e+09	8.29124e+09	8.60232e+09	6.97728e+09	6.56511e+09	6.83746e+09	6.77088e+09	7.59438e+09	7.29575e+09	7.55162e+09	7.25651e+09	6.09349e+09	6.24717e+09	6.09928e+09	7.40224e+09	6.10978e+09	7.36659e+09	7.37633e+09
