	ERR635317	ERR635320	ERR635318	ERR635319	ERR635316	ERR635321	ERR608597	ERR608601	ERR608599	ERR608598	ERR608600	ERR608602	ERR607656	ERR607654	ERR607655	ERR607652	ERR607653	ERR607651	ERR608852	ERR608851	ERR608848	ERR608849	ERR608847	ERR608850	ERR636919	ERR636923	ERR636924	ERR636920	ERR636922	ERR636921	ERR636724	ERR636725	ERR636721	ERR636726	ERR636722	ERR636723	ERR618509	ERR618511	ERR618507	ERR618510	ERR618508	ERR618512	ERR630295	ERR630292	ERR630293	ERR630290	ERR630291	ERR630294	ERR616882	ERR616880	ERR616877	ERR616878	ERR616879	ERR616881	ERR616416	ERR616415	ERR616412	ERR616413	ERR616414	ERR616411	ERR608855	ERR608856	ERR608857	ERR608853	ERR608854	ERR608858	ERR618293	ERR618292	ERR618295	ERR618296	ERR618291	ERR618294	ERR626545	ERR626540	ERR626544	ERR626543	ERR626542	ERR626541	ERR608246	ERR608247	ERR608245	ERR608248	ERR608250	ERR608249	ERR608822	ERR608821	ERR608817	ERR608819	ERR608820	ERR608818	ERR632075	ERR632076	ERR632077	ERR632074	ERR632078	ERR632073
ERR635317	4.80782e+08	3.12112e+08	3.59531e+08	3.12941e+08	3.24327e+08	3.1074e+08	5.50821e+07	8.03234e+07	8.50722e+07	7.65675e+07	8.06088e+07	8.10099e+07	2.40514e+08	2.31261e+08	2.34855e+08	2.18952e+08	2.19542e+08	2.00408e+08	1.91258e+08	1.89308e+08	1.81854e+08	2.01499e+08	1.30402e+08	1.90118e+08	1.798e+08	2.13265e+08	2.12082e+08	2.07304e+08	2.13445e+08	2.04254e+08	2.15208e+08	2.16249e+08	1.82306e+08	2.20351e+08	1.99389e+08	2.01579e+08	1.68163e+08	1.83153e+08	1.85268e+08	1.76925e+08	1.52546e+08	1.8747e+08	2.58936e+08	2.22164e+08	2.77633e+08	2.11558e+08	2.57647e+08	2.59956e+08	2.86094e+08	2.78676e+08	3.26824e+08	3.22427e+08	3.58501e+08	2.84812e+08	3.42844e+08	3.42708e+08	2.58001e+08	3.35231e+08	3.11591e+08	2.38593e+08	2.7663e+08	2.63337e+08	2.62068e+08	1.82721e+08	2.59352e+08	2.61864e+08	2.8245e+08	2.68865e+08	2.68183e+08	2.61712e+08	2.75294e+08	2.75612e+08	2.55719e+08	2.33845e+08	2.58464e+08	2.55965e+08	2.47484e+08	2.64458e+08	2.25489e+08	2.54903e+08	1.67143e+08	2.11507e+08	1.97771e+08	2.09648e+08	2.00155e+08	2.11653e+08	1.92263e+08	2.9447e+08	2.06762e+08	2.74651e+08	3.35196e+08	2.68465e+08	2.4815e+08	3.04508e+08	2.42836e+08	2.71164e+08
ERR635320	3.12112e+08	4.17899e+08	3.30879e+08	2.91359e+08	2.99665e+08	2.89229e+08	5.05362e+07	7.33086e+07	7.75407e+07	6.98732e+07	7.357e+07	7.39562e+07	2.1965e+08	2.11254e+08	2.1463e+08	1.99415e+08	2.00572e+08	1.82971e+08	1.74762e+08	1.7309e+08	1.66052e+08	1.83674e+08	1.19786e+08	1.73555e+08	1.63747e+08	1.94488e+08	1.93556e+08	1.88478e+08	1.94617e+08	1.86301e+08	1.96663e+08	1.97715e+08	1.66513e+08	2.01378e+08	1.81768e+08	1.8416e+08	1.53933e+08	1.67285e+08	1.69457e+08	1.615e+08	1.39837e+08	1.71157e+08	2.37154e+08	2.0193e+08	2.5432e+08	1.92804e+08	2.34445e+08	2.37823e+08	2.65148e+08	2.58218e+08	3.0179e+08	2.96697e+08	3.30381e+08	2.64062e+08	3.14577e+08	3.14169e+08	2.36317e+08	3.06312e+08	2.85589e+08	2.18713e+08	2.54644e+08	2.42692e+08	2.41602e+08	1.69512e+08	2.39184e+08	2.41586e+08	2.60022e+08	2.47531e+08	2.47253e+08	2.41401e+08	2.54203e+08	2.5371e+08	2.34446e+08	2.14637e+08	2.37113e+08	2.34608e+08	2.27309e+08	2.42477e+08	2.07196e+08	2.33809e+08	1.54327e+08	1.9488e+08	1.82323e+08	1.93124e+08	1.84728e+08	1.95206e+08	1.78242e+08	2.70917e+08	1.90611e+08	2.53253e+08	3.08713e+08	2.4912e+08	2.3011e+08	2.80509e+08	2.25137e+08	2.51054e+08
ERR635318	3.59531e+08	3.30879e+08	5.31769e+08	3.31782e+08	3.43753e+08	3.29237e+08	5.85698e+07	8.53759e+07	9.04801e+07	8.13245e+07	8.57301e+07	8.61918e+07	2.55607e+08	2.45687e+08	2.49713e+08	2.32663e+08	2.33447e+08	2.13037e+08	2.03256e+08	2.01351e+08	1.93157e+08	2.14381e+08	1.38465e+08	2.02138e+08	1.91096e+08	2.26664e+08	2.25406e+08	2.20332e+08	2.26911e+08	2.17196e+08	2.28788e+08	2.29944e+08	1.93814e+08	2.34359e+08	2.12055e+08	2.14252e+08	1.78549e+08	1.94637e+08	1.96787e+08	1.87992e+08	1.61954e+08	1.99237e+08	2.7514e+08	2.35916e+08	2.94933e+08	2.2464e+08	2.73818e+08	2.76241e+08	3.0385e+08	2.95956e+08	3.4725e+08	3.4258e+08	3.81217e+08	3.02507e+08	3.64028e+08	3.63523e+08	2.73682e+08	3.55922e+08	3.30508e+08	2.52992e+08	2.93464e+08	2.79156e+08	2.77987e+08	1.93378e+08	2.7508e+08	2.77822e+08	2.99837e+08	2.85337e+08	2.84693e+08	2.77852e+08	2.92348e+08	2.92543e+08	2.71713e+08	2.48387e+08	2.747e+08	2.71971e+08	2.62889e+08	2.81074e+08	2.3937e+08	2.71008e+08	1.77149e+08	2.24601e+08	2.09955e+08	2.22491e+08	2.12143e+08	2.24464e+08	2.03733e+08	3.12767e+08	2.19119e+08	2.91359e+08	3.55504e+08	2.84545e+08	2.62947e+08	3.22895e+08	2.573e+08	2.87257e+08
ERR635319	3.12941e+08	2.91359e+08	3.31782e+08	4.20052e+08	3.00364e+08	2.89922e+08	5.09197e+07	7.37545e+07	7.79627e+07	7.02415e+07	7.39924e+07	7.43574e+07	2.20616e+08	2.12146e+08	2.1548e+08	2.00113e+08	2.01413e+08	1.83812e+08	1.75569e+08	1.73817e+08	1.6687e+08	1.84624e+08	1.20316e+08	1.74405e+08	1.64526e+08	1.95316e+08	1.94328e+08	1.89412e+08	1.95542e+08	1.87236e+08	1.97457e+08	1.9848e+08	1.67198e+08	2.02302e+08	1.8256e+08	1.84998e+08	1.54597e+08	1.67944e+08	1.70195e+08	1.62279e+08	1.40369e+08	1.71783e+08	2.38084e+08	2.02652e+08	2.55051e+08	1.93475e+08	2.35233e+08	2.3872e+08	2.65774e+08	2.5893e+08	3.02784e+08	2.97621e+08	3.31367e+08	2.6465e+08	3.15533e+08	3.15108e+08	2.36996e+08	3.0733e+08	2.86583e+08	2.19275e+08	2.55226e+08	2.43325e+08	2.4235e+08	1.69858e+08	2.39778e+08	2.42154e+08	2.60674e+08	2.47944e+08	2.47731e+08	2.41846e+08	2.54722e+08	2.54288e+08	2.35355e+08	2.15458e+08	2.3769e+08	2.35482e+08	2.27946e+08	2.43275e+08	2.07927e+08	2.34699e+08	1.54917e+08	1.95489e+08	1.82826e+08	1.93668e+08	1.85151e+08	1.95723e+08	1.78805e+08	2.71682e+08	1.91113e+08	2.53778e+08	3.09826e+08	2.49863e+08	2.3094e+08	2.8138e+08	2.25744e+08	2.51641e+08
ERR635316	3.24327e+08	2.99665e+08	3.43753e+08	3.00364e+08	4.45386e+08	2.98251e+08	5.2749e+07	7.64603e+07	8.09351e+07	7.29065e+07	7.67611e+07	7.71292e+07	2.28916e+08	2.20242e+08	2.23818e+08	2.07924e+08	2.08957e+08	1.90653e+08	1.82312e+08	1.80496e+08	1.73279e+08	1.91697e+08	1.24928e+08	1.81023e+08	1.70749e+08	2.02664e+08	2.01704e+08	1.96585e+08	2.02886e+08	1.94227e+08	2.04979e+08	2.05974e+08	1.73517e+08	2.09868e+08	1.89567e+08	1.91913e+08	1.60488e+08	1.74426e+08	1.76757e+08	1.68582e+08	1.45658e+08	1.78328e+08	2.45677e+08	2.09211e+08	2.63369e+08	1.99741e+08	2.42931e+08	2.46433e+08	2.74515e+08	2.67414e+08	3.13108e+08	3.07722e+08	3.42603e+08	2.73191e+08	3.26286e+08	3.25968e+08	2.452e+08	3.18156e+08	2.96557e+08	2.26944e+08	2.64166e+08	2.51847e+08	2.5072e+08	1.75758e+08	2.4826e+08	2.50578e+08	2.69765e+08	2.56802e+08	2.56466e+08	2.5051e+08	2.63915e+08	2.63302e+08	2.43858e+08	2.23316e+08	2.46576e+08	2.44107e+08	2.36395e+08	2.52285e+08	2.14742e+08	2.42382e+08	1.59699e+08	2.01922e+08	1.88793e+08	2.00125e+08	1.91503e+08	2.02559e+08	1.84849e+08	2.81297e+08	1.97843e+08	2.62824e+08	3.20313e+08	2.57678e+08	2.38135e+08	2.91123e+08	2.32894e+08	2.60256e+08
ERR635321	3.1074e+08	2.89229e+08	3.29237e+08	2.89922e+08	2.98251e+08	4.14845e+08	5.04044e+07	7.30423e+07	7.73289e+07	6.96758e+07	7.33703e+07	7.36792e+07	2.18754e+08	2.10289e+08	2.13708e+08	1.98708e+08	1.99876e+08	1.82194e+08	1.74102e+08	1.72445e+08	1.65533e+08	1.83157e+08	1.19486e+08	1.72935e+08	1.63108e+08	1.93831e+08	1.92871e+08	1.87804e+08	1.93973e+08	1.85652e+08	1.95878e+08	1.97011e+08	1.65798e+08	2.0062e+08	1.81078e+08	1.83507e+08	1.53395e+08	1.66654e+08	1.68845e+08	1.60989e+08	1.39376e+08	1.70498e+08	2.36676e+08	2.01439e+08	2.53526e+08	1.92361e+08	2.33867e+08	2.3719e+08	2.63969e+08	2.57182e+08	3.00549e+08	2.954e+08	3.28981e+08	2.62879e+08	3.13294e+08	3.13e+08	2.35381e+08	3.05354e+08	2.84732e+08	2.17762e+08	2.53598e+08	2.41663e+08	2.40756e+08	1.68748e+08	2.3817e+08	2.40691e+08	2.59021e+08	2.46526e+08	2.46129e+08	2.40372e+08	2.53112e+08	2.52592e+08	2.33747e+08	2.13989e+08	2.36366e+08	2.33932e+08	2.26624e+08	2.41733e+08	2.06451e+08	2.33188e+08	1.5382e+08	1.94207e+08	1.81719e+08	1.92423e+08	1.83817e+08	1.94383e+08	1.77481e+08	2.69969e+08	1.89855e+08	2.52043e+08	3.07652e+08	2.48142e+08	2.29243e+08	2.79634e+08	2.24233e+08	2.49938e+08
ERR608597	5.50821e+07	5.05362e+07	5.85698e+07	5.09197e+07	5.2749e+07	5.04044e+07	6.51496e+08	7.95352e+08	8.27128e+08	7.68954e+08	8.00581e+08	8.02219e+08	1.13648e+08	1.09989e+08	1.11557e+08	1.04661e+08	1.05322e+08	9.78319e+07	1.00522e+08	9.95708e+07	9.64913e+07	1.04722e+08	7.43905e+07	1.00069e+08	9.27395e+07	1.07189e+08	1.06726e+08	1.04005e+08	1.07195e+08	1.03112e+08	9.61107e+07	9.66291e+07	8.32862e+07	9.82248e+07	8.97275e+07	9.07169e+07	7.65417e+07	8.26137e+07	8.34354e+07	8.01188e+07	7.01267e+07	8.42557e+07	4.70941e+07	3.97366e+07	5.03733e+07	3.78854e+07	4.65032e+07	4.71562e+07	5.24923e+07	5.12474e+07	6.01967e+07	5.90315e+07	6.60132e+07	5.23896e+07	6.18325e+07	6.18356e+07	4.58086e+07	5.99572e+07	5.60416e+07	4.21468e+07	5.15588e+07	4.88412e+07	4.85858e+07	3.39359e+07	4.83549e+07	4.87299e+07	5.33622e+07	5.09142e+07	5.08183e+07	4.95224e+07	5.22391e+07	5.21859e+07	5.93822e+07	5.45023e+07	6.02217e+07	5.95345e+07	5.78287e+07	6.16734e+07	4.10815e+07	4.664e+07	3.02964e+07	3.86355e+07	3.60447e+07	3.83911e+07	3.74475e+07	3.95659e+07	3.66359e+07	5.57077e+07	3.8681e+07	5.20168e+07	6.17012e+07	4.91828e+07	4.53361e+07	5.59894e+07	4.42853e+07	4.9792e+07
ERR608601	8.03234e+07	7.33086e+07	8.53759e+07	7.37545e+07	7.64603e+07	7.30423e+07	7.95352e+08	1.18541e+09	1.14937e+09	1.05939e+09	1.10957e+09	1.11195e+09	1.62116e+08	1.56643e+08	1.58811e+08	1.495e+08	1.49886e+08	1.3919e+08	1.42653e+08	1.41095e+08	1.36545e+08	1.48952e+08	1.03618e+08	1.41847e+08	1.32167e+08	1.52923e+08	1.52162e+08	1.48867e+08	1.52865e+08	1.47122e+08	1.37179e+08	1.37909e+08	1.18705e+08	1.40105e+08	1.28269e+08	1.29361e+08	1.08417e+08	1.17726e+08	1.18568e+08	1.13926e+08	9.90583e+07	1.20051e+08	7.00041e+07	5.99066e+07	7.50191e+07	5.68502e+07	6.99453e+07	7.02899e+07	7.61785e+07	7.42942e+07	8.77756e+07	8.64176e+07	9.65913e+07	7.5957e+07	9.0874e+07	9.08035e+07	6.74318e+07	8.86246e+07	8.22359e+07	6.19827e+07	7.5233e+07	7.12566e+07	7.0821e+07	4.88341e+07	7.03818e+07	7.10766e+07	7.78139e+07	7.40228e+07	7.39219e+07	7.19748e+07	7.57794e+07	7.61051e+07	8.62784e+07	7.89772e+07	8.73726e+07	8.64512e+07	8.36487e+07	8.95041e+07	6.05128e+07	6.8868e+07	4.42119e+07	5.67098e+07	5.29283e+07	5.62376e+07	5.45383e+07	5.76617e+07	5.26893e+07	8.1257e+07	5.63959e+07	7.57172e+07	8.99019e+07	7.11907e+07	6.56651e+07	8.1493e+07	6.4097e+07	7.21568e+07
ERR608599	8.50722e+07	7.75407e+07	9.04801e+07	7.79627e+07	8.09351e+07	7.73289e+07	8.27128e+08	1.14937e+09	1.29183e+09	1.10665e+09	1.15887e+09	1.16062e+09	1.7084e+08	1.65149e+08	1.67449e+08	1.57677e+08	1.58139e+08	1.46675e+08	1.50296e+08	1.48786e+08	1.43977e+08	1.57244e+08	1.08925e+08	1.49652e+08	1.39334e+08	1.61172e+08	1.60339e+08	1.57067e+08	1.61232e+08	1.55012e+08	1.44771e+08	1.45453e+08	1.25237e+08	1.47923e+08	1.35511e+08	1.36482e+08	1.1441e+08	1.24277e+08	1.2499e+08	1.20246e+08	1.04413e+08	1.26667e+08	7.45038e+07	6.40384e+07	7.97787e+07	6.06729e+07	7.4697e+07	7.46874e+07	8.04269e+07	7.84418e+07	9.28304e+07	9.14907e+07	1.02263e+08	8.02216e+07	9.64453e+07	9.63776e+07	7.16651e+07	9.42956e+07	8.73287e+07	6.58266e+07	7.98594e+07	7.5517e+07	7.51221e+07	5.17086e+07	7.45522e+07	7.53293e+07	8.23954e+07	7.837e+07	7.82418e+07	7.60578e+07	8.01321e+07	8.0558e+07	9.10841e+07	8.33037e+07	9.21906e+07	9.13354e+07	8.83865e+07	9.45373e+07	6.41178e+07	7.30768e+07	4.67668e+07	5.99831e+07	5.59949e+07	5.95492e+07	5.77549e+07	6.10994e+07	5.57069e+07	8.62072e+07	5.97037e+07	8.02525e+07	9.52403e+07	7.53466e+07	6.94018e+07	8.62692e+07	6.7772e+07	7.63731e+07
ERR608598	7.65675e+07	6.98732e+07	8.13245e+07	7.02415e+07	7.29065e+07	6.96758e+07	7.68954e+08	1.05939e+09	1.10665e+09	1.10146e+09	1.06749e+09	1.06949e+09	1.55327e+08	1.50192e+08	1.52159e+08	1.43191e+08	1.4373e+08	1.33466e+08	1.36882e+08	1.35415e+08	1.31177e+08	1.42793e+08	9.98193e+07	1.36055e+08	1.26762e+08	1.46506e+08	1.45838e+08	1.42527e+08	1.4653e+08	1.41021e+08	1.31423e+08	1.32076e+08	1.13786e+08	1.34234e+08	1.22888e+08	1.2392e+08	1.039e+08	1.12612e+08	1.13383e+08	1.0906e+08	9.49398e+07	1.14795e+08	6.65902e+07	5.7044e+07	7.12405e+07	5.40563e+07	6.64919e+07	6.67592e+07	7.25215e+07	7.0801e+07	8.35278e+07	8.22399e+07	9.18883e+07	7.23546e+07	8.66436e+07	8.65672e+07	6.42916e+07	8.44495e+07	7.84334e+07	5.90858e+07	7.17125e+07	6.78771e+07	6.74816e+07	4.66458e+07	6.70576e+07	6.76945e+07	7.41134e+07	7.05072e+07	7.03725e+07	6.85691e+07	7.21292e+07	7.2397e+07	8.21311e+07	7.50449e+07	8.30967e+07	8.23495e+07	7.96858e+07	8.51336e+07	5.75266e+07	6.54359e+07	4.20976e+07	5.39596e+07	5.02634e+07	5.34212e+07	5.19654e+07	5.49343e+07	5.03085e+07	7.75144e+07	5.36941e+07	7.22076e+07	8.56759e+07	6.79325e+07	6.25503e+07	7.76218e+07	6.10802e+07	6.88048e+07
ERR608600	8.06088e+07	7.357e+07	8.57301e+07	7.39924e+07	7.67611e+07	7.33703e+07	8.00581e+08	1.10957e+09	1.15887e+09	1.06749e+09	1.20326e+09	1.12028e+09	1.63454e+08	1.57908e+08	1.60115e+08	1.50839e+08	1.51173e+08	1.40353e+08	1.44247e+08	1.42806e+08	1.38197e+08	1.50685e+08	1.04856e+08	1.43606e+08	1.33554e+08	1.54527e+08	1.53784e+08	1.50415e+08	1.54521e+08	1.48562e+08	1.38315e+08	1.39012e+08	1.19685e+08	1.41288e+08	1.29407e+08	1.30387e+08	1.09336e+08	1.1876e+08	1.19378e+08	1.14951e+08	9.9855e+07	1.21089e+08	7.06072e+07	6.0623e+07	7.56572e+07	5.74172e+07	7.07097e+07	7.08533e+07	7.63083e+07	7.43886e+07	8.79582e+07	8.66797e+07	9.67803e+07	7.60828e+07	9.1536e+07	9.14206e+07	6.79921e+07	8.93461e+07	8.2866e+07	6.24699e+07	7.57202e+07	7.16102e+07	7.11808e+07	4.90687e+07	7.07183e+07	7.14956e+07	7.81198e+07	7.43762e+07	7.4229e+07	7.22655e+07	7.60079e+07	7.63978e+07	8.65642e+07	7.90808e+07	8.75526e+07	8.66954e+07	8.39815e+07	8.97615e+07	6.08104e+07	6.92782e+07	4.43693e+07	5.69786e+07	5.30776e+07	5.65078e+07	5.4721e+07	5.79232e+07	5.28236e+07	8.17723e+07	5.66257e+07	7.61378e+07	9.02597e+07	7.14625e+07	6.58552e+07	8.1813e+07	6.42534e+07	7.2351e+07
ERR608602	8.10099e+07	7.39562e+07	8.61918e+07	7.43574e+07	7.71292e+07	7.36792e+07	8.02219e+08	1.11195e+09	1.16062e+09	1.06949e+09	1.12028e+09	1.20719e+09	1.63716e+08	1.58258e+08	1.60517e+08	1.51012e+08	1.51533e+08	1.40545e+08	1.44152e+08	1.42704e+08	1.37951e+08	1.50425e+08	1.04646e+08	1.43419e+08	1.33526e+08	1.545e+08	1.53726e+08	1.504e+08	1.54486e+08	1.48688e+08	1.3873e+08	1.39324e+08	1.19996e+08	1.41686e+08	1.29728e+08	1.30781e+08	1.09421e+08	1.18794e+08	1.1965e+08	1.15058e+08	1.00025e+08	1.21114e+08	7.07265e+07	6.05797e+07	7.57113e+07	5.74213e+07	7.06926e+07	7.09151e+07	7.66775e+07	7.48473e+07	8.84392e+07	8.703e+07	9.73129e+07	7.65293e+07	9.17032e+07	9.16006e+07	6.81178e+07	8.9449e+07	8.30799e+07	6.25813e+07	7.59054e+07	7.17662e+07	7.14604e+07	4.92588e+07	7.09365e+07	7.15932e+07	7.83494e+07	7.46276e+07	7.45351e+07	7.24369e+07	7.62877e+07	7.66147e+07	8.69379e+07	7.95483e+07	8.80057e+07	8.7161e+07	8.43799e+07	9.0257e+07	6.10097e+07	6.95128e+07	4.4537e+07	5.72588e+07	5.33211e+07	5.67267e+07	5.49517e+07	5.81489e+07	5.31541e+07	8.2023e+07	5.68876e+07	7.63851e+07	9.05993e+07	7.18407e+07	6.61231e+07	8.20366e+07	6.4574e+07	7.2772e+07
ERR607656	2.40514e+08	2.1965e+08	2.55607e+08	2.20616e+08	2.28916e+08	2.18754e+08	1.13648e+08	1.62116e+08	1.7084e+08	1.55327e+08	1.63454e+08	1.63716e+08	6.72436e+08	4.81618e+08	4.88537e+08	4.57279e+08	4.58687e+08	4.23585e+08	3.73909e+08	3.69681e+08	3.56314e+08	3.91679e+08	2.62441e+08	3.71555e+08	3.60861e+08	4.22736e+08	4.20451e+08	4.10478e+08	4.22413e+08	4.05351e+08	3.84228e+08	3.86651e+08	3.30488e+08	3.93063e+08	3.59007e+08	3.61939e+08	2.99399e+08	3.25647e+08	3.28727e+08	3.14835e+08	2.72553e+08	3.32333e+08	2.08217e+08	1.7791e+08	2.23334e+08	1.68879e+08	2.07884e+08	2.08937e+08	2.28362e+08	2.22753e+08	2.63446e+08	2.59546e+08	2.89922e+08	2.27841e+08	2.71051e+08	2.71006e+08	2.01223e+08	2.64514e+08	2.45267e+08	1.84869e+08	2.28162e+08	2.15709e+08	2.14816e+08	1.47805e+08	2.13232e+08	2.15317e+08	2.36022e+08	2.24432e+08	2.24245e+08	2.18476e+08	2.29827e+08	2.3076e+08	2.68234e+08	2.45293e+08	2.71829e+08	2.68859e+08	2.60578e+08	2.78509e+08	1.84601e+08	2.1007e+08	1.34839e+08	1.7306e+08	1.61505e+08	1.71619e+08	1.64757e+08	1.74462e+08	1.58676e+08	2.45323e+08	1.70144e+08	2.2852e+08	2.73391e+08	2.16742e+08	1.9982e+08	2.47711e+08	1.95132e+08	2.1953e+08
ERR607654	2.31261e+08	2.11254e+08	2.45687e+08	2.12146e+08	2.20242e+08	2.10289e+08	1.09989e+08	1.56643e+08	1.65149e+08	1.50192e+08	1.57908e+08	1.58258e+08	4.81618e+08	6.30756e+08	4.71247e+08	4.41115e+08	4.42571e+08	4.08833e+08	3.60723e+08	3.56741e+08	3.44088e+08	3.78019e+08	2.53678e+08	3.58637e+08	3.48343e+08	4.07803e+08	4.05646e+08	3.96028e+08	4.07583e+08	3.9092e+08	3.70578e+08	3.72691e+08	3.18766e+08	3.79018e+08	3.45993e+08	3.49038e+08	2.88852e+08	3.14295e+08	3.17077e+08	3.03815e+08	2.63075e+08	3.20622e+08	2.00234e+08	1.70903e+08	2.14452e+08	1.62362e+08	1.99769e+08	2.00768e+08	2.19733e+08	2.14441e+08	2.53469e+08	2.49681e+08	2.78987e+08	2.1931e+08	2.60614e+08	2.60635e+08	1.93485e+08	2.54225e+08	2.35764e+08	1.77754e+08	2.19388e+08	2.07444e+08	2.06605e+08	1.42227e+08	2.05181e+08	2.0707e+08	2.27123e+08	2.15993e+08	2.15665e+08	2.10118e+08	2.21158e+08	2.22025e+08	2.587e+08	2.36481e+08	2.6209e+08	2.59298e+08	2.51214e+08	2.68485e+08	1.77634e+08	2.02048e+08	1.29675e+08	1.6655e+08	1.55228e+08	1.65145e+08	1.58458e+08	1.67715e+08	1.52627e+08	2.35897e+08	1.63754e+08	2.19744e+08	2.63079e+08	2.08503e+08	1.92375e+08	2.38166e+08	1.87729e+08	2.11331e+08
ERR607655	2.34855e+08	2.1463e+08	2.49713e+08	2.1548e+08	2.23818e+08	2.13708e+08	1.11557e+08	1.58811e+08	1.67449e+08	1.52159e+08	1.60115e+08	1.60517e+08	4.88537e+08	4.71247e+08	6.47073e+08	4.47501e+08	4.4902e+08	4.14802e+08	3.65956e+08	3.62059e+08	3.48935e+08	3.83396e+08	2.5732e+08	3.63799e+08	3.53141e+08	4.13538e+08	4.11604e+08	4.0181e+08	4.13404e+08	3.96551e+08	3.75933e+08	3.78205e+08	3.23395e+08	3.84608e+08	3.51241e+08	3.54185e+08	2.9305e+08	3.18767e+08	3.21838e+08	3.08196e+08	2.66719e+08	3.25183e+08	2.0312e+08	1.7351e+08	2.17797e+08	1.64717e+08	2.02678e+08	2.03852e+08	2.23273e+08	2.177e+08	2.57418e+08	2.53494e+08	2.83142e+08	2.22634e+08	2.6455e+08	2.64502e+08	1.96497e+08	2.58235e+08	2.39441e+08	1.80585e+08	2.22924e+08	2.10877e+08	2.09965e+08	1.44553e+08	2.0837e+08	2.10532e+08	2.3068e+08	2.1923e+08	2.19193e+08	2.13428e+08	2.24453e+08	2.25549e+08	2.62655e+08	2.40095e+08	2.65942e+08	2.63089e+08	2.55103e+08	2.7247e+08	1.80241e+08	2.05135e+08	1.31734e+08	1.69054e+08	1.57633e+08	1.67646e+08	1.60893e+08	1.70357e+08	1.55015e+08	2.39655e+08	1.66211e+08	2.23192e+08	2.66944e+08	2.1184e+08	1.95319e+08	2.41778e+08	1.90638e+08	2.14475e+08
ERR607652	2.18952e+08	1.99415e+08	2.32663e+08	2.00113e+08	2.07924e+08	1.98708e+08	1.04661e+08	1.495e+08	1.57677e+08	1.43191e+08	1.50839e+08	1.51012e+08	4.57279e+08	4.41115e+08	4.47501e+08	5.79567e+08	4.22481e+08	3.90616e+08	3.43475e+08	3.3967e+08	3.27363e+08	3.60233e+08	2.41e+08	3.41437e+08	3.3261e+08	3.88798e+08	3.86785e+08	3.78478e+08	3.88558e+08	3.73218e+08	3.5278e+08	3.54884e+08	3.03996e+08	3.6083e+08	3.30199e+08	3.32534e+08	2.74873e+08	2.99298e+08	3.01759e+08	2.89431e+08	2.50062e+08	3.05292e+08	1.9087e+08	1.63884e+08	2.04472e+08	1.55399e+08	1.91295e+08	1.91496e+08	2.07612e+08	2.02571e+08	2.39824e+08	2.36538e+08	2.64154e+08	2.07144e+08	2.47332e+08	2.474e+08	1.83903e+08	2.41941e+08	2.23766e+08	1.68831e+08	2.07738e+08	1.96193e+08	1.95485e+08	1.33981e+08	1.93981e+08	1.9601e+08	2.14591e+08	2.04138e+08	2.03811e+08	1.98431e+08	2.08578e+08	2.09916e+08	2.4631e+08	2.25013e+08	2.49597e+08	2.46888e+08	2.39115e+08	2.55723e+08	1.68638e+08	1.9212e+08	1.2276e+08	1.57972e+08	1.47249e+08	1.56685e+08	1.49679e+08	1.58629e+08	1.43664e+08	2.23332e+08	1.54858e+08	2.0774e+08	2.48796e+08	1.96756e+08	1.81469e+08	2.25261e+08	1.77116e+08	1.99359e+08
ERR607653	2.19542e+08	2.00572e+08	2.33447e+08	2.01413e+08	2.08957e+08	1.99876e+08	1.05322e+08	1.49886e+08	1.58139e+08	1.4373e+08	1.51173e+08	1.51533e+08	4.58687e+08	4.42571e+08	4.4902e+08	4.22481e+08	5.8242e+08	3.91615e+08	3.44734e+08	3.40885e+08	3.28568e+08	3.61135e+08	2.4256e+08	3.42564e+08	3.33147e+08	3.89805e+08	3.87766e+08	3.78594e+08	3.89395e+08	3.73939e+08	3.53969e+08	3.55934e+08	3.04744e+08	3.61873e+08	3.30703e+08	3.33528e+08	2.75851e+08	3.00104e+08	3.02843e+08	2.9024e+08	2.51226e+08	3.06084e+08	1.90227e+08	1.62609e+08	2.03898e+08	1.5441e+08	1.8999e+08	1.90895e+08	2.0871e+08	2.03514e+08	2.40564e+08	2.37012e+08	2.64912e+08	2.08343e+08	2.4747e+08	2.47501e+08	1.8386e+08	2.41493e+08	2.2396e+08	1.68825e+08	2.08223e+08	1.96909e+08	1.96114e+08	1.34917e+08	1.94648e+08	1.96603e+08	2.15558e+08	2.04923e+08	2.04802e+08	1.99455e+08	2.10012e+08	2.10829e+08	2.46742e+08	2.25842e+08	2.50083e+08	2.47444e+08	2.39786e+08	2.5632e+08	1.68747e+08	1.92102e+08	1.23331e+08	1.5819e+08	1.47574e+08	1.56854e+08	1.50355e+08	1.59165e+08	1.44816e+08	2.23852e+08	1.55382e+08	2.0852e+08	2.49676e+08	1.97913e+08	1.82664e+08	2.26087e+08	1.7821e+08	2.00574e+08
ERR607651	2.00408e+08	1.82971e+08	2.13037e+08	1.83812e+08	1.90653e+08	1.82194e+08	9.78319e+07	1.3919e+08	1.46675e+08	1.33466e+08	1.40353e+08	1.40545e+08	4.23585e+08	4.08833e+08	4.14802e+08	3.90616e+08	3.91615e+08	5.07133e+08	3.18558e+08	3.14997e+08	3.0383e+08	3.33611e+08	2.24476e+08	3.16576e+08	3.08608e+08	3.60326e+08	3.58491e+08	3.50453e+08	3.60034e+08	3.45793e+08	3.26876e+08	3.28756e+08	2.82017e+08	3.34394e+08	3.0582e+08	3.08215e+08	2.54598e+08	2.76959e+08	2.79301e+08	2.67984e+08	2.31832e+08	2.82649e+08	1.74235e+08	1.4914e+08	1.86636e+08	1.41511e+08	1.74313e+08	1.74827e+08	1.90487e+08	1.85813e+08	2.19725e+08	2.1658e+08	2.41926e+08	1.90058e+08	2.2626e+08	2.26381e+08	1.68251e+08	2.21048e+08	2.04828e+08	1.54426e+08	1.90382e+08	1.7993e+08	1.79305e+08	1.23118e+08	1.77843e+08	1.79647e+08	1.96847e+08	1.87082e+08	1.86929e+08	1.82042e+08	1.91522e+08	1.9246e+08	2.27207e+08	2.07829e+08	2.30261e+08	2.2769e+08	2.20706e+08	2.35979e+08	1.54303e+08	1.75541e+08	1.12689e+08	1.44513e+08	1.34722e+08	1.433e+08	1.37303e+08	1.45386e+08	1.32012e+08	2.04608e+08	1.41866e+08	1.90416e+08	2.2812e+08	1.80636e+08	1.66591e+08	2.06559e+08	1.6267e+08	1.82989e+08
ERR608852	1.91258e+08	1.74762e+08	2.03256e+08	1.75569e+08	1.82312e+08	1.74102e+08	1.00522e+08	1.42653e+08	1.50296e+08	1.36882e+08	1.44247e+08	1.44152e+08	3.73909e+08	3.60723e+08	3.65956e+08	3.43475e+08	3.44734e+08	3.18558e+08	4.79388e+08	3.34982e+08	3.21744e+08	3.52845e+08	2.39065e+08	3.36444e+08	2.99566e+08	3.4991e+08	3.4801e+08	3.39836e+08	3.49773e+08	3.35682e+08	3.18861e+08	3.20396e+08	2.74354e+08	3.26196e+08	2.97635e+08	3.00041e+08	2.5192e+08	2.74106e+08	2.76234e+08	2.64984e+08	2.29449e+08	2.79609e+08	1.65889e+08	1.41504e+08	1.77831e+08	1.34353e+08	1.65422e+08	1.66371e+08	1.80643e+08	1.76251e+08	2.08279e+08	2.0506e+08	2.29083e+08	1.8026e+08	2.14606e+08	2.14389e+08	1.59227e+08	2.0924e+08	1.94209e+08	1.46188e+08	1.78629e+08	1.69053e+08	1.68233e+08	1.15666e+08	1.66967e+08	1.68801e+08	1.85245e+08	1.76201e+08	1.76041e+08	1.71446e+08	1.80552e+08	1.81132e+08	2.08336e+08	1.90636e+08	2.10997e+08	2.08868e+08	2.02257e+08	2.16298e+08	1.43569e+08	1.63339e+08	1.04878e+08	1.34724e+08	1.25701e+08	1.33637e+08	1.29436e+08	1.36887e+08	1.24801e+08	1.92944e+08	1.33694e+08	1.7985e+08	2.14199e+08	1.69766e+08	1.56473e+08	1.93889e+08	1.52852e+08	1.71932e+08
ERR608851	1.89308e+08	1.7309e+08	2.01351e+08	1.73817e+08	1.80496e+08	1.72445e+08	9.95708e+07	1.41095e+08	1.48786e+08	1.35415e+08	1.42806e+08	1.42704e+08	3.69681e+08	3.56741e+08	3.62059e+08	3.3967e+08	3.40885e+08	3.14997e+08	3.34982e+08	4.70887e+08	3.18503e+08	3.49243e+08	2.36608e+08	3.33016e+08	2.96279e+08	3.45931e+08	3.44186e+08	3.35901e+08	3.45881e+08	3.32081e+08	3.1543e+08	3.16823e+08	2.71169e+08	3.2237e+08	2.94318e+08	2.96759e+08	2.49132e+08	2.7094e+08	2.73353e+08	2.62256e+08	2.27035e+08	2.76608e+08	1.6434e+08	1.40046e+08	1.76063e+08	1.3311e+08	1.63738e+08	1.64759e+08	1.78943e+08	1.746e+08	2.06186e+08	2.03035e+08	2.27042e+08	1.78647e+08	2.12481e+08	2.12472e+08	1.57614e+08	2.07246e+08	1.92453e+08	1.44865e+08	1.7691e+08	1.67352e+08	1.66611e+08	1.14602e+08	1.65379e+08	1.67237e+08	1.83411e+08	1.74426e+08	1.74383e+08	1.69747e+08	1.78805e+08	1.79313e+08	2.05885e+08	1.88369e+08	2.08611e+08	2.06423e+08	1.99957e+08	2.13785e+08	1.42132e+08	1.61793e+08	1.03842e+08	1.33389e+08	1.24528e+08	1.32251e+08	1.28115e+08	1.35618e+08	1.23627e+08	1.9111e+08	1.32397e+08	1.78122e+08	2.12217e+08	1.68187e+08	1.549e+08	1.92046e+08	1.51393e+08	1.70355e+08
ERR608848	1.81854e+08	1.66052e+08	1.93157e+08	1.6687e+08	1.73279e+08	1.65533e+08	9.64913e+07	1.36545e+08	1.43977e+08	1.31177e+08	1.38197e+08	1.37951e+08	3.56314e+08	3.44088e+08	3.48935e+08	3.27363e+08	3.28568e+08	3.0383e+08	3.21744e+08	3.18503e+08	4.42421e+08	3.3775e+08	2.29636e+08	3.19975e+08	2.85739e+08	3.33718e+08	3.31772e+08	3.23929e+08	3.33548e+08	3.20016e+08	3.03706e+08	3.05311e+08	2.61362e+08	3.10505e+08	2.83341e+08	2.85964e+08	2.40317e+08	2.61295e+08	2.63413e+08	2.52669e+08	2.18851e+08	2.66512e+08	1.57354e+08	1.34091e+08	1.68581e+08	1.27437e+08	1.56799e+08	1.57831e+08	1.71852e+08	1.67549e+08	1.97937e+08	1.94923e+08	2.1767e+08	1.71364e+08	2.03909e+08	2.04006e+08	1.514e+08	1.98797e+08	1.84705e+08	1.39019e+08	1.69775e+08	1.60755e+08	1.60017e+08	1.10295e+08	1.5894e+08	1.60509e+08	1.76111e+08	1.67535e+08	1.67351e+08	1.62966e+08	1.71634e+08	1.72276e+08	1.97741e+08	1.81086e+08	2.00271e+08	1.98249e+08	1.92102e+08	2.05336e+08	1.36349e+08	1.55072e+08	9.9735e+07	1.27833e+08	1.19168e+08	1.26724e+08	1.23142e+08	1.30166e+08	1.18948e+08	1.83443e+08	1.27231e+08	1.70997e+08	2.0359e+08	1.61385e+08	1.48792e+08	1.84508e+08	1.45261e+08	1.636e+08
ERR608849	2.01499e+08	1.83674e+08	2.14381e+08	1.84624e+08	1.91697e+08	1.83157e+08	1.04722e+08	1.48952e+08	1.57244e+08	1.42793e+08	1.50685e+08	1.50425e+08	3.91679e+08	3.78019e+08	3.83396e+08	3.60233e+08	3.61135e+08	3.33611e+08	3.52845e+08	3.49243e+08	3.3775e+08	5.19733e+08	2.49951e+08	3.51037e+08	3.13909e+08	3.6678e+08	3.64638e+08	3.56291e+08	3.66607e+08	3.51712e+08	3.34008e+08	3.35816e+08	2.87165e+08	3.41524e+08	3.11946e+08	3.14399e+08	2.63743e+08	2.87297e+08	2.89412e+08	2.77806e+08	2.40148e+08	2.93051e+08	1.75568e+08	1.50274e+08	1.88024e+08	1.42536e+08	1.75629e+08	1.76095e+08	1.89792e+08	1.85235e+08	2.19193e+08	2.1593e+08	2.41419e+08	1.89558e+08	2.26699e+08	2.26546e+08	1.68285e+08	2.21419e+08	2.05178e+08	1.54679e+08	1.8842e+08	1.78151e+08	1.77411e+08	1.21611e+08	1.76104e+08	1.77897e+08	1.95196e+08	1.85538e+08	1.85385e+08	1.80401e+08	1.89843e+08	1.90946e+08	2.19008e+08	2.00175e+08	2.21752e+08	2.19615e+08	2.12608e+08	2.27549e+08	1.51394e+08	1.72502e+08	1.10371e+08	1.41906e+08	1.32326e+08	1.40629e+08	1.36387e+08	1.44324e+08	1.31132e+08	2.03605e+08	1.40831e+08	1.89496e+08	2.2555e+08	1.78415e+08	1.64369e+08	2.04266e+08	1.60607e+08	1.80798e+08
ERR608847	1.30402e+08	1.19786e+08	1.38465e+08	1.20316e+08	1.24928e+08	1.19486e+08	7.43905e+07	1.03618e+08	1.08925e+08	9.98193e+07	1.04856e+08	1.04646e+08	2.62441e+08	2.53678e+08	2.5732e+08	2.41e+08	2.4256e+08	2.24476e+08	2.39065e+08	2.36608e+08	2.29636e+08	2.49951e+08	2.70404e+08	2.37605e+08	2.11599e+08	2.4654e+08	2.4536e+08	2.38561e+08	2.46401e+08	2.36656e+08	2.24306e+08	2.25393e+08	1.93275e+08	2.29283e+08	2.08844e+08	2.11294e+08	1.78056e+08	1.92701e+08	1.94732e+08	1.86458e+08	1.62833e+08	1.96505e+08	1.10629e+08	9.30101e+07	1.18509e+08	8.87327e+07	1.08893e+08	1.10776e+08	1.24001e+08	1.2103e+08	1.42278e+08	1.39427e+08	1.55891e+08	1.23845e+08	1.45153e+08	1.45117e+08	1.07242e+08	1.40437e+08	1.31509e+08	9.87167e+07	1.21622e+08	1.15293e+08	1.14799e+08	8.02229e+07	1.14253e+08	1.15168e+08	1.26519e+08	1.20405e+08	1.20569e+08	1.1738e+08	1.23907e+08	1.23673e+08	1.42524e+08	1.30794e+08	1.44434e+08	1.42957e+08	1.38822e+08	1.47966e+08	9.70333e+07	1.10116e+08	7.15968e+07	9.13968e+07	8.52107e+07	9.0656e+07	8.84617e+07	9.34716e+07	8.64203e+07	1.3152e+08	9.12849e+07	1.22864e+08	1.46196e+08	1.16662e+08	1.07622e+08	1.32588e+08	1.05067e+08	1.18158e+08
ERR608850	1.90118e+08	1.73555e+08	2.02138e+08	1.74405e+08	1.81023e+08	1.72935e+08	1.00069e+08	1.41847e+08	1.49652e+08	1.36055e+08	1.43606e+08	1.43419e+08	3.71555e+08	3.58637e+08	3.63799e+08	3.41437e+08	3.42564e+08	3.16576e+08	3.36444e+08	3.33016e+08	3.19975e+08	3.51037e+08	2.37605e+08	4.7506e+08	2.98005e+08	3.48242e+08	3.4631e+08	3.38075e+08	3.48085e+08	3.33833e+08	3.16943e+08	3.18293e+08	2.72396e+08	3.24038e+08	2.95797e+08	2.98316e+08	2.50361e+08	2.72434e+08	2.7465e+08	2.63646e+08	2.28145e+08	2.78036e+08	1.65406e+08	1.41491e+08	1.7734e+08	1.34185e+08	1.65258e+08	1.65875e+08	1.79163e+08	1.7488e+08	2.06767e+08	2.03739e+08	2.27696e+08	1.78878e+08	2.13498e+08	2.13549e+08	1.585e+08	2.08463e+08	1.93345e+08	1.45614e+08	1.77682e+08	1.6806e+08	1.67293e+08	1.1497e+08	1.66088e+08	1.67885e+08	1.84064e+08	1.74968e+08	1.74984e+08	1.7029e+08	1.79253e+08	1.80078e+08	2.07047e+08	1.89277e+08	2.09572e+08	2.07473e+08	2.00839e+08	2.15037e+08	1.42824e+08	1.62466e+08	1.04184e+08	1.33912e+08	1.24741e+08	1.32636e+08	1.28539e+08	1.36055e+08	1.24002e+08	1.9188e+08	1.32964e+08	1.78775e+08	2.12773e+08	1.68538e+08	1.55254e+08	1.927e+08	1.51683e+08	1.70742e+08
ERR636919	1.798e+08	1.63747e+08	1.91096e+08	1.64526e+08	1.70749e+08	1.63108e+08	9.27395e+07	1.32167e+08	1.39334e+08	1.26762e+08	1.33554e+08	1.33526e+08	3.60861e+08	3.48343e+08	3.53141e+08	3.3261e+08	3.33147e+08	3.08608e+08	2.99566e+08	2.96279e+08	2.85739e+08	3.13909e+08	2.11599e+08	2.98005e+08	4.32718e+08	3.50894e+08	3.49064e+08	3.42404e+08	3.50747e+08	3.37498e+08	2.99634e+08	3.01157e+08	2.58712e+08	3.06303e+08	2.80469e+08	2.8238e+08	2.32614e+08	2.5357e+08	2.55091e+08	2.45233e+08	2.11738e+08	2.58587e+08	1.59741e+08	1.37801e+08	1.7109e+08	1.30498e+08	1.60707e+08	1.60384e+08	1.70042e+08	1.65924e+08	1.96295e+08	1.93802e+08	2.1636e+08	1.69609e+08	2.04459e+08	2.04417e+08	1.52284e+08	2.00232e+08	1.85221e+08	1.39903e+08	1.68999e+08	1.59631e+08	1.58895e+08	1.08921e+08	1.57661e+08	1.59349e+08	1.74832e+08	1.66242e+08	1.65903e+08	1.61519e+08	1.69761e+08	1.70953e+08	1.99177e+08	1.82077e+08	2.01677e+08	1.99558e+08	1.93255e+08	2.06816e+08	1.37137e+08	1.56077e+08	9.97792e+07	1.28186e+08	1.19527e+08	1.27128e+08	1.22755e+08	1.30006e+08	1.17627e+08	1.82863e+08	1.26975e+08	1.70032e+08	2.01964e+08	1.59659e+08	1.47381e+08	1.83e+08	1.43875e+08	1.6184e+08
ERR636923	2.13265e+08	1.94488e+08	2.26664e+08	1.95316e+08	2.02664e+08	1.93831e+08	1.07189e+08	1.52923e+08	1.61172e+08	1.46506e+08	1.54527e+08	1.545e+08	4.22736e+08	4.07803e+08	4.13538e+08	3.88798e+08	3.89805e+08	3.60326e+08	3.4991e+08	3.45931e+08	3.33718e+08	3.6678e+08	2.4654e+08	3.48242e+08	3.50894e+08	5.66189e+08	4.09322e+08	3.98831e+08	4.11043e+08	3.9333e+08	3.51077e+08	3.52849e+08	3.02236e+08	3.59157e+08	3.28097e+08	3.3064e+08	2.72219e+08	2.96648e+08	2.98628e+08	2.86735e+08	2.4769e+08	3.02467e+08	1.889e+08	1.62424e+08	2.02333e+08	1.53923e+08	1.89609e+08	1.89651e+08	2.01619e+08	1.96724e+08	2.32703e+08	2.29574e+08	2.563e+08	2.01184e+08	2.41876e+08	2.4188e+08	1.79993e+08	2.36593e+08	2.19078e+08	1.65306e+08	2.00394e+08	1.89405e+08	1.88665e+08	1.29578e+08	1.87162e+08	1.89216e+08	2.07608e+08	1.9729e+08	1.97181e+08	1.91976e+08	2.01754e+08	2.03027e+08	2.34376e+08	2.14255e+08	2.3748e+08	2.34999e+08	2.27442e+08	2.43344e+08	1.62208e+08	1.84671e+08	1.18299e+08	1.51818e+08	1.41665e+08	1.50562e+08	1.45669e+08	1.54144e+08	1.39954e+08	2.16901e+08	1.50563e+08	2.01902e+08	2.39611e+08	1.89712e+08	1.74986e+08	2.17138e+08	1.70867e+08	1.92253e+08
ERR636924	2.12082e+08	1.93556e+08	2.25406e+08	1.94328e+08	2.01704e+08	1.92871e+08	1.06726e+08	1.52162e+08	1.60339e+08	1.45838e+08	1.53784e+08	1.53726e+08	4.20451e+08	4.05646e+08	4.11604e+08	3.86785e+08	3.87766e+08	3.58491e+08	3.4801e+08	3.44186e+08	3.31772e+08	3.64638e+08	2.4536e+08	3.4631e+08	3.49064e+08	4.09322e+08	5.60982e+08	3.96768e+08	4.09023e+08	3.91179e+08	3.49359e+08	3.51124e+08	3.00759e+08	3.57256e+08	3.26471e+08	3.29058e+08	2.70993e+08	2.95048e+08	2.97295e+08	2.8529e+08	2.46569e+08	3.01012e+08	1.87579e+08	1.61143e+08	2.00781e+08	1.52771e+08	1.88006e+08	1.88258e+08	2.00661e+08	1.95759e+08	2.31496e+08	2.28401e+08	2.55145e+08	2.00316e+08	2.40398e+08	2.40479e+08	1.78921e+08	2.351e+08	2.17767e+08	1.64433e+08	1.99329e+08	1.88485e+08	1.87708e+08	1.28921e+08	1.86169e+08	1.88187e+08	2.06469e+08	1.96401e+08	1.96165e+08	1.91008e+08	2.00821e+08	2.02048e+08	2.33168e+08	2.13132e+08	2.3618e+08	2.33699e+08	2.26253e+08	2.42159e+08	1.61298e+08	1.83696e+08	1.17722e+08	1.5106e+08	1.40888e+08	1.49751e+08	1.45024e+08	1.53476e+08	1.39272e+08	2.15686e+08	1.49835e+08	2.00827e+08	2.38553e+08	1.88807e+08	1.74146e+08	2.1606e+08	1.70211e+08	1.91373e+08
ERR636920	2.07304e+08	1.88478e+08	2.20332e+08	1.89412e+08	1.96585e+08	1.87804e+08	1.04005e+08	1.48867e+08	1.57067e+08	1.42527e+08	1.50415e+08	1.504e+08	4.10478e+08	3.96028e+08	4.0181e+08	3.78478e+08	3.78594e+08	3.50453e+08	3.39836e+08	3.35901e+08	3.23929e+08	3.56291e+08	2.38561e+08	3.38075e+08	3.42404e+08	3.98831e+08	3.96768e+08	5.40367e+08	3.98508e+08	3.83143e+08	3.41015e+08	3.42804e+08	2.939e+08	3.48793e+08	3.19397e+08	3.2133e+08	2.64321e+08	2.88469e+08	2.90153e+08	2.79002e+08	2.40338e+08	2.94293e+08	1.84973e+08	1.60122e+08	1.98168e+08	1.51397e+08	1.86547e+08	1.85718e+08	1.95717e+08	1.90919e+08	2.26245e+08	2.23489e+08	2.49611e+08	1.95301e+08	2.35973e+08	2.35906e+08	1.75829e+08	2.31437e+08	2.13666e+08	1.61538e+08	1.94814e+08	1.84e+08	1.8323e+08	1.25155e+08	1.81773e+08	1.83727e+08	2.01574e+08	1.91564e+08	1.9118e+08	1.86152e+08	1.95463e+08	1.97151e+08	2.28583e+08	2.08781e+08	2.31507e+08	2.2903e+08	2.21579e+08	2.37309e+08	1.584e+08	1.80451e+08	1.15047e+08	1.47921e+08	1.38132e+08	1.46733e+08	1.41535e+08	1.49757e+08	1.3523e+08	2.1083e+08	1.46232e+08	1.95995e+08	2.32964e+08	1.83935e+08	1.69575e+08	2.11e+08	1.65616e+08	1.86289e+08
ERR636922	2.13445e+08	1.94617e+08	2.26911e+08	1.95542e+08	2.02886e+08	1.93973e+08	1.07195e+08	1.52865e+08	1.61232e+08	1.4653e+08	1.54521e+08	1.54486e+08	4.22413e+08	4.07583e+08	4.13404e+08	3.88558e+08	3.89395e+08	3.60034e+08	3.49773e+08	3.45881e+08	3.33548e+08	3.66607e+08	2.46401e+08	3.48085e+08	3.50747e+08	4.11043e+08	4.09023e+08	3.98508e+08	5.65442e+08	3.92958e+08	3.51308e+08	3.53071e+08	3.02316e+08	3.59197e+08	3.28103e+08	3.30762e+08	2.72433e+08	2.96748e+08	2.9881e+08	2.86935e+08	2.47755e+08	3.02626e+08	1.89016e+08	1.62616e+08	2.02464e+08	1.53946e+08	1.89581e+08	1.89717e+08	2.01869e+08	1.97029e+08	2.32948e+08	2.29818e+08	2.56661e+08	2.01384e+08	2.42073e+08	2.42079e+08	1.80175e+08	2.37012e+08	2.19354e+08	1.65537e+08	2.00657e+08	1.89701e+08	1.88933e+08	1.29657e+08	1.87381e+08	1.89446e+08	2.07801e+08	1.97603e+08	1.97262e+08	1.92196e+08	2.01961e+08	2.03257e+08	2.34615e+08	2.14398e+08	2.37544e+08	2.35207e+08	2.2776e+08	2.4358e+08	1.62261e+08	1.84749e+08	1.18352e+08	1.52053e+08	1.41867e+08	1.50782e+08	1.45803e+08	1.54494e+08	1.39978e+08	2.17192e+08	1.50714e+08	2.02138e+08	2.39882e+08	1.90013e+08	1.75285e+08	2.17399e+08	1.7116e+08	1.92509e+08
ERR636921	2.04254e+08	1.86301e+08	2.17196e+08	1.87236e+08	1.94227e+08	1.85652e+08	1.03112e+08	1.47122e+08	1.55012e+08	1.41021e+08	1.48562e+08	1.48688e+08	4.05351e+08	3.9092e+08	3.96551e+08	3.73218e+08	3.73939e+08	3.45793e+08	3.35682e+08	3.32081e+08	3.20016e+08	3.51712e+08	2.36656e+08	3.33833e+08	3.37498e+08	3.9333e+08	3.91179e+08	3.83143e+08	3.92958e+08	5.26654e+08	3.37114e+08	3.38733e+08	2.90466e+08	3.44702e+08	3.15017e+08	3.17522e+08	2.61274e+08	2.8467e+08	2.86842e+08	2.75181e+08	2.37757e+08	2.90321e+08	1.80903e+08	1.55721e+08	1.93824e+08	1.47451e+08	1.8143e+08	1.81511e+08	1.93488e+08	1.88827e+08	2.23235e+08	2.20225e+08	2.45936e+08	1.93008e+08	2.31843e+08	2.31705e+08	1.72522e+08	2.266e+08	2.09957e+08	1.58435e+08	1.92001e+08	1.815e+08	1.80731e+08	1.24079e+08	1.79286e+08	1.81222e+08	1.98952e+08	1.89004e+08	1.88764e+08	1.83911e+08	1.93309e+08	1.94379e+08	2.25325e+08	2.05994e+08	2.28119e+08	2.25722e+08	2.18679e+08	2.33797e+08	1.55673e+08	1.77182e+08	1.13498e+08	1.45694e+08	1.35812e+08	1.44393e+08	1.39647e+08	1.47808e+08	1.34113e+08	2.0788e+08	1.44257e+08	1.93475e+08	2.29886e+08	1.8182e+08	1.6788e+08	2.08065e+08	1.63911e+08	1.84171e+08
ERR636724	2.15208e+08	1.96663e+08	2.28788e+08	1.97457e+08	2.04979e+08	1.95878e+08	9.61107e+07	1.37179e+08	1.44771e+08	1.31423e+08	1.38315e+08	1.3873e+08	3.84228e+08	3.70578e+08	3.75933e+08	3.5278e+08	3.53969e+08	3.26876e+08	3.18861e+08	3.1543e+08	3.03706e+08	3.34008e+08	2.24306e+08	3.16943e+08	2.99634e+08	3.51077e+08	3.49359e+08	3.41015e+08	3.51308e+08	3.37114e+08	5.25822e+08	3.76269e+08	3.21304e+08	3.8283e+08	3.48266e+08	3.51549e+08	2.66909e+08	2.8998e+08	2.92879e+08	2.80507e+08	2.43168e+08	2.96007e+08	1.86922e+08	1.5957e+08	2.00459e+08	1.51572e+08	1.8659e+08	1.87563e+08	2.05191e+08	2.00038e+08	2.36502e+08	2.32888e+08	2.60153e+08	2.04686e+08	2.41352e+08	2.41486e+08	1.79302e+08	2.35304e+08	2.1839e+08	1.64638e+08	2.0161e+08	1.90704e+08	1.90014e+08	1.30681e+08	1.88644e+08	1.90434e+08	2.10291e+08	1.9992e+08	1.99815e+08	1.94554e+08	2.04898e+08	2.05576e+08	2.36872e+08	2.16921e+08	2.40175e+08	2.37661e+08	2.30474e+08	2.46286e+08	1.63116e+08	1.8554e+08	1.19128e+08	1.52947e+08	1.42656e+08	1.51679e+08	1.45827e+08	1.54516e+08	1.40418e+08	2.17491e+08	1.50712e+08	2.02563e+08	2.43082e+08	1.92639e+08	1.77718e+08	2.20215e+08	1.73587e+08	1.95243e+08
ERR636725	2.16249e+08	1.97715e+08	2.29944e+08	1.9848e+08	2.05974e+08	1.97011e+08	9.66291e+07	1.37909e+08	1.45453e+08	1.32076e+08	1.39012e+08	1.39324e+08	3.86651e+08	3.72691e+08	3.78205e+08	3.54884e+08	3.55934e+08	3.28756e+08	3.20396e+08	3.16823e+08	3.05311e+08	3.35816e+08	2.25393e+08	3.18293e+08	3.01157e+08	3.52849e+08	3.51124e+08	3.42804e+08	3.53071e+08	3.38733e+08	3.76269e+08	5.30627e+08	3.22923e+08	3.8483e+08	3.5011e+08	3.532e+08	2.68043e+08	2.91281e+08	2.94079e+08	2.81816e+08	2.44325e+08	2.97476e+08	1.87916e+08	1.60292e+08	2.0121e+08	1.52366e+08	1.87419e+08	1.88483e+08	2.06117e+08	2.01028e+08	2.37708e+08	2.33981e+08	2.61475e+08	2.05707e+08	2.42644e+08	2.42706e+08	1.80166e+08	2.36641e+08	2.19718e+08	1.65555e+08	2.02659e+08	1.91701e+08	1.91064e+08	1.31398e+08	1.8965e+08	1.9153e+08	2.1134e+08	2.00969e+08	2.00818e+08	1.95581e+08	2.05994e+08	2.06706e+08	2.37931e+08	2.17726e+08	2.41028e+08	2.38601e+08	2.31451e+08	2.47091e+08	1.63968e+08	1.86536e+08	1.19725e+08	1.53625e+08	1.43324e+08	1.5238e+08	1.46681e+08	1.55293e+08	1.41271e+08	2.18635e+08	1.51589e+08	2.03622e+08	2.4425e+08	1.9382e+08	1.78636e+08	2.21375e+08	1.74584e+08	1.96366e+08
ERR636721	1.82306e+08	1.66513e+08	1.93814e+08	1.67198e+08	1.73517e+08	1.65798e+08	8.32862e+07	1.18705e+08	1.25237e+08	1.13786e+08	1.19685e+08	1.19996e+08	3.30488e+08	3.18766e+08	3.23395e+08	3.03996e+08	3.04744e+08	2.82017e+08	2.74354e+08	2.71169e+08	2.61362e+08	2.87165e+08	1.93275e+08	2.72396e+08	2.58712e+08	3.02236e+08	3.00759e+08	2.939e+08	3.02316e+08	2.90466e+08	3.21304e+08	3.22923e+08	4.06715e+08	3.28449e+08	3.01074e+08	3.03719e+08	2.29759e+08	2.49666e+08	2.52034e+08	2.41589e+08	2.09537e+08	2.54748e+08	1.58926e+08	1.35964e+08	1.7031e+08	1.29034e+08	1.58774e+08	1.59401e+08	1.73892e+08	1.69661e+08	2.00443e+08	1.97693e+08	2.2074e+08	1.73569e+08	2.0475e+08	2.04794e+08	1.5209e+08	1.99864e+08	1.85308e+08	1.3978e+08	1.70758e+08	1.61583e+08	1.611e+08	1.10609e+08	1.59749e+08	1.61281e+08	1.78134e+08	1.69406e+08	1.69077e+08	1.64699e+08	1.73436e+08	1.74078e+08	2.03508e+08	1.86328e+08	2.06262e+08	2.0402e+08	1.9807e+08	2.11494e+08	1.38528e+08	1.57507e+08	1.01073e+08	1.29703e+08	1.20967e+08	1.28531e+08	1.23498e+08	1.30837e+08	1.18913e+08	1.84117e+08	1.27656e+08	1.71453e+08	2.05988e+08	1.63205e+08	1.50535e+08	1.86633e+08	1.4705e+08	1.65409e+08
