	ERR629880	ERR629881	ERR629885	ERR629882	ERR629884	ERR629883	ERR630233	ERR630231	ERR630235	ERR630232	ERR630230	ERR630234	ERR613232	ERR613231	ERR613229	ERR613228	ERR613230	ERR613227	ERR606000	ERR606004	ERR606003	ERR606005	ERR606001	ERR606002	ERR608869	ERR608870	ERR608865	ERR608866	ERR608868	ERR608867	ERR626952	ERR626951	ERR626956	ERR626955	ERR626953	ERR626954	ERR622084	ERR622088	ERR622086	ERR622087	ERR622085	ERR622083	ERR607756	ERR607753	ERR607755	ERR607758	ERR607757	ERR607754	ERR608270	ERR608273	ERR608274	ERR608269	ERR608272	ERR608271	ERR630224	ERR630226	ERR630225	ERR630227	ERR630229	ERR630228	ERR609253	ERR609257	ERR609258	ERR609255	ERR609256	ERR609254	ERR617320	ERR617323	ERR617319	ERR617324	ERR617321	ERR617322	ERR638217	ERR638218	ERR638216	ERR638214	ERR638215	ERR638213	ERR629898	ERR629903	ERR629900	ERR629902	ERR629901	ERR629899	ERR608108	ERR608106	ERR608110	ERR608109	ERR608107	ERR608105	ERR607484	ERR607483	ERR607481	ERR607482	ERR607486	ERR607485
ERR629880	4.37257e+08	2.64269e+08	2.58452e+08	2.9998e+08	2.5477e+08	2.54787e+08	1.86483e+08	1.50092e+08	1.69289e+08	1.43178e+08	1.78278e+08	1.83911e+08	1.96786e+08	1.97416e+08	2.61771e+08	2.78827e+08	1.87097e+08	3.00434e+08	1.99481e+08	2.14674e+08	2.21174e+08	2.11429e+08	2.8454e+08	2.90367e+08	2.85192e+08	2.87609e+08	2.0696e+08	2.79728e+08	2.87044e+08	3.0683e+08	1.98651e+08	2.38742e+08	2.47669e+08	2.52061e+08	2.41519e+08	2.08161e+08	2.34828e+08	2.73492e+08	2.75671e+08	2.77336e+08	2.34627e+08	2.43805e+08	2.22898e+08	2.36589e+08	2.61681e+08	2.19389e+08	2.17426e+08	2.65529e+08	1.77695e+08	2.16408e+08	2.22481e+08	1.33407e+08	2.17257e+08	1.92818e+08	2.21826e+08	1.78636e+08	1.89492e+08	2.19639e+08	2.04492e+08	2.18879e+08	2.32873e+08	2.42335e+08	2.3806e+08	2.16189e+08	1.85181e+08	2.29465e+08	1.43144e+08	1.64581e+08	1.42769e+08	1.6597e+08	1.44963e+08	1.65578e+08	2.13308e+08	1.91448e+08	2.13362e+08	1.6084e+08	1.5272e+08	1.56518e+08	2.22355e+08	1.86916e+08	2.17953e+08	1.84655e+08	1.88499e+08	1.88604e+08	1.82598e+08	1.80379e+08	1.70916e+08	1.79054e+08	2.02896e+08	1.39275e+08	1.79275e+08	1.54461e+08	1.55031e+08	1.59582e+08	1.81509e+08	1.79234e+08
ERR629881	2.64269e+08	3.4234e+08	2.25176e+08	2.59923e+08	2.21974e+08	2.21929e+08	1.59291e+08	1.2834e+08	1.44746e+08	1.2233e+08	1.52144e+08	1.56981e+08	1.69957e+08	1.70497e+08	2.25376e+08	2.40227e+08	1.61657e+08	2.58091e+08	1.72587e+08	1.8505e+08	1.90562e+08	1.82168e+08	2.44566e+08	2.49681e+08	2.46795e+08	2.48827e+08	1.80262e+08	2.42328e+08	2.48345e+08	2.65117e+08	1.72962e+08	2.07061e+08	2.14738e+08	2.18525e+08	2.09158e+08	1.81042e+08	2.01144e+08	2.34278e+08	2.36064e+08	2.37632e+08	2.00926e+08	2.0875e+08	1.93744e+08	2.05206e+08	2.26514e+08	1.90657e+08	1.88924e+08	2.2967e+08	1.51201e+08	1.8391e+08	1.89258e+08	1.13908e+08	1.84631e+08	1.63869e+08	1.89214e+08	1.52581e+08	1.61878e+08	1.87488e+08	1.74865e+08	1.86676e+08	1.98392e+08	2.06747e+08	2.03093e+08	1.84791e+08	1.5777e+08	1.95649e+08	1.21944e+08	1.39981e+08	1.21792e+08	1.41356e+08	1.23291e+08	1.40901e+08	1.81893e+08	1.63846e+08	1.81945e+08	1.37382e+08	1.30463e+08	1.33613e+08	1.89526e+08	1.59768e+08	1.85699e+08	1.5793e+08	1.61178e+08	1.60932e+08	1.55494e+08	1.53376e+08	1.45375e+08	1.52457e+08	1.72214e+08	1.18878e+08	1.52775e+08	1.31704e+08	1.32255e+08	1.36052e+08	1.54541e+08	1.52686e+08
ERR629885	2.58452e+08	2.25176e+08	3.32327e+08	2.54319e+08	2.19322e+08	2.19124e+08	1.55654e+08	1.25624e+08	1.4188e+08	1.19577e+08	1.4871e+08	1.53527e+08	1.66586e+08	1.67164e+08	2.20462e+08	2.34862e+08	1.5869e+08	2.52166e+08	1.69423e+08	1.80624e+08	1.85999e+08	1.77848e+08	2.38507e+08	2.43416e+08	2.41926e+08	2.44127e+08	1.77849e+08	2.3781e+08	2.43478e+08	2.59566e+08	1.69865e+08	2.02677e+08	2.10506e+08	2.14279e+08	2.04812e+08	1.77565e+08	1.95137e+08	2.27646e+08	2.29335e+08	2.30762e+08	1.94957e+08	2.02382e+08	1.90279e+08	2.01199e+08	2.22194e+08	1.872e+08	1.85497e+08	2.24729e+08	1.47017e+08	1.78915e+08	1.84015e+08	1.11427e+08	1.79555e+08	1.59324e+08	1.84908e+08	1.49055e+08	1.58411e+08	1.83444e+08	1.7148e+08	1.82576e+08	1.9233e+08	2.00548e+08	1.97114e+08	1.7966e+08	1.52783e+08	1.89839e+08	1.18771e+08	1.36282e+08	1.1885e+08	1.3739e+08	1.20083e+08	1.37069e+08	1.77502e+08	1.60166e+08	1.77679e+08	1.3413e+08	1.27207e+08	1.30455e+08	1.84763e+08	1.5647e+08	1.81054e+08	1.54759e+08	1.57808e+08	1.57254e+08	1.51145e+08	1.48797e+08	1.41456e+08	1.48221e+08	1.66833e+08	1.1575e+08	1.48674e+08	1.28372e+08	1.29013e+08	1.32585e+08	1.5043e+08	1.48613e+08
ERR629882	2.9998e+08	2.59923e+08	2.54319e+08	4.25034e+08	2.50733e+08	2.50455e+08	1.83464e+08	1.47657e+08	1.66484e+08	1.40884e+08	1.75356e+08	1.80853e+08	1.93381e+08	1.94027e+08	2.57013e+08	2.74026e+08	1.83814e+08	2.95071e+08	1.961e+08	2.10884e+08	2.17247e+08	2.07709e+08	2.79344e+08	2.85134e+08	2.80356e+08	2.82726e+08	2.03841e+08	2.75047e+08	2.82211e+08	3.01697e+08	1.95371e+08	2.34848e+08	2.4347e+08	2.47721e+08	2.37367e+08	2.04602e+08	2.30634e+08	2.68542e+08	2.70688e+08	2.7237e+08	2.30293e+08	2.39509e+08	2.1932e+08	2.32715e+08	2.57295e+08	2.15847e+08	2.13878e+08	2.60983e+08	1.74794e+08	2.12816e+08	2.19014e+08	1.31252e+08	2.13683e+08	1.89679e+08	2.18098e+08	1.75797e+08	1.86405e+08	2.16123e+08	2.012e+08	2.1531e+08	2.2857e+08	2.37772e+08	2.33761e+08	2.12325e+08	1.8185e+08	2.25144e+08	1.40847e+08	1.62001e+08	1.40449e+08	1.63373e+08	1.42453e+08	1.62843e+08	2.09834e+08	1.88309e+08	2.09709e+08	1.58293e+08	1.50216e+08	1.53848e+08	2.18673e+08	1.83865e+08	2.14191e+08	1.81567e+08	1.85386e+08	1.85442e+08	1.79707e+08	1.77609e+08	1.67936e+08	1.76171e+08	1.99557e+08	1.37113e+08	1.76351e+08	1.51939e+08	1.52436e+08	1.56948e+08	1.7857e+08	1.76329e+08
ERR629884	2.5477e+08	2.21974e+08	2.19322e+08	2.50733e+08	3.24417e+08	2.16046e+08	1.53584e+08	1.23867e+08	1.3996e+08	1.17883e+08	1.46602e+08	1.51416e+08	1.64071e+08	1.6462e+08	2.17087e+08	2.31297e+08	1.56186e+08	2.48224e+08	1.66902e+08	1.77965e+08	1.83162e+08	1.75337e+08	2.35055e+08	2.39758e+08	2.38653e+08	2.40638e+08	1.75283e+08	2.34471e+08	2.40171e+08	2.55962e+08	1.67557e+08	1.99919e+08	2.07634e+08	2.1131e+08	2.0203e+08	1.75248e+08	1.91891e+08	2.23811e+08	2.25569e+08	2.27005e+08	1.91747e+08	1.99116e+08	1.87453e+08	1.98238e+08	2.18965e+08	1.84461e+08	1.82854e+08	2.215e+08	1.45006e+08	1.76362e+08	1.81342e+08	1.09796e+08	1.769e+08	1.56877e+08	1.82291e+08	1.47114e+08	1.56132e+08	1.80879e+08	1.6905e+08	1.80022e+08	1.89558e+08	1.97764e+08	1.94301e+08	1.77105e+08	1.50567e+08	1.8711e+08	1.17087e+08	1.34285e+08	1.17195e+08	1.35577e+08	1.18457e+08	1.35199e+08	1.7509e+08	1.5814e+08	1.75117e+08	1.32423e+08	1.25454e+08	1.28698e+08	1.82246e+08	1.54415e+08	1.7869e+08	1.52602e+08	1.55589e+08	1.55081e+08	1.48941e+08	1.4668e+08	1.39336e+08	1.46065e+08	1.64421e+08	1.14128e+08	1.46603e+08	1.2649e+08	1.27178e+08	1.30873e+08	1.48364e+08	1.46482e+08
ERR629883	2.54787e+08	2.21929e+08	2.19124e+08	2.50455e+08	2.16046e+08	3.24107e+08	1.53718e+08	1.23969e+08	1.40056e+08	1.18063e+08	1.4675e+08	1.51538e+08	1.64141e+08	1.6472e+08	2.17383e+08	2.31514e+08	1.56316e+08	2.48449e+08	1.66892e+08	1.77983e+08	1.83333e+08	1.7541e+08	2.35196e+08	2.39738e+08	2.38366e+08	2.40392e+08	1.74938e+08	2.34074e+08	2.39953e+08	2.55704e+08	1.67411e+08	1.99759e+08	2.07409e+08	2.11085e+08	2.01929e+08	1.75066e+08	1.92307e+08	2.24288e+08	2.25899e+08	2.274e+08	1.92091e+08	1.99438e+08	1.87456e+08	1.98158e+08	2.1895e+08	1.84452e+08	1.82783e+08	2.21578e+08	1.45093e+08	1.76638e+08	1.81656e+08	1.09833e+08	1.77212e+08	1.57168e+08	1.82466e+08	1.47056e+08	1.56182e+08	1.80938e+08	1.69062e+08	1.80083e+08	1.89641e+08	1.9787e+08	1.94455e+08	1.77159e+08	1.50647e+08	1.87208e+08	1.17112e+08	1.34274e+08	1.17162e+08	1.35545e+08	1.1848e+08	1.35279e+08	1.75188e+08	1.58004e+08	1.75242e+08	1.32292e+08	1.25525e+08	1.28753e+08	1.82313e+08	1.54346e+08	1.7876e+08	1.52575e+08	1.55635e+08	1.55151e+08	1.49207e+08	1.46854e+08	1.39571e+08	1.46323e+08	1.6464e+08	1.14174e+08	1.46713e+08	1.26753e+08	1.2725e+08	1.30854e+08	1.48524e+08	1.46669e+08
ERR630233	1.86483e+08	1.59291e+08	1.55654e+08	1.83464e+08	1.53584e+08	1.53718e+08	5.00252e+08	3.05427e+08	3.39604e+08	2.89466e+08	3.53532e+08	3.63602e+08	1.31245e+08	1.31883e+08	1.76044e+08	1.88617e+08	1.24513e+08	2.03507e+08	1.39627e+08	1.50192e+08	1.54786e+08	1.4797e+08	2.01577e+08	2.0566e+08	1.98224e+08	2.00222e+08	1.42214e+08	1.94357e+08	1.99667e+08	2.1456e+08	1.28569e+08	1.57233e+08	1.64198e+08	1.67593e+08	1.59348e+08	1.34692e+08	1.64091e+08	1.93077e+08	1.94509e+08	1.95963e+08	1.6456e+08	1.70842e+08	1.44257e+08	1.54068e+08	1.73094e+08	1.41583e+08	1.40153e+08	1.75202e+08	2.50552e+08	3.04246e+08	3.11769e+08	1.90859e+08	3.0483e+08	2.71249e+08	3.04815e+08	2.459e+08	2.60704e+08	3.01498e+08	2.81695e+08	3.00433e+08	2.66151e+08	2.76732e+08	2.72792e+08	2.47952e+08	2.12999e+08	2.62965e+08	2.10637e+08	2.40554e+08	2.11165e+08	2.43429e+08	2.14046e+08	2.4175e+08	2.8512e+08	2.57498e+08	2.85177e+08	2.17073e+08	2.06877e+08	2.11151e+08	3.04379e+08	2.58769e+08	2.98919e+08	2.55476e+08	2.60142e+08	2.59562e+08	2.24091e+08	2.20821e+08	2.09668e+08	2.19734e+08	2.48021e+08	1.72306e+08	2.42115e+08	2.08298e+08	2.10124e+08	2.16432e+08	2.44614e+08	2.41011e+08
ERR630231	1.50092e+08	1.2834e+08	1.25624e+08	1.47657e+08	1.23867e+08	1.23969e+08	3.05427e+08	3.62407e+08	2.83766e+08	2.43036e+08	2.95452e+08	3.02462e+08	1.05502e+08	1.05991e+08	1.41476e+08	1.51557e+08	1.0009e+08	1.63433e+08	1.12154e+08	1.20524e+08	1.24139e+08	1.18655e+08	1.61617e+08	1.64896e+08	1.59274e+08	1.60911e+08	1.1434e+08	1.56288e+08	1.60448e+08	1.72348e+08	1.03226e+08	1.26177e+08	1.31809e+08	1.34526e+08	1.27742e+08	1.08204e+08	1.31484e+08	1.54717e+08	1.55828e+08	1.56976e+08	1.31842e+08	1.36951e+08	1.15902e+08	1.23788e+08	1.39095e+08	1.13743e+08	1.12508e+08	1.40735e+08	2.0565e+08	2.49372e+08	2.55605e+08	1.57117e+08	2.49802e+08	2.22382e+08	2.48556e+08	2.00608e+08	2.12683e+08	2.45515e+08	2.29909e+08	2.44654e+08	2.14363e+08	2.22812e+08	2.19622e+08	1.99756e+08	1.7157e+08	2.11946e+08	1.73787e+08	1.98075e+08	1.74304e+08	2.00508e+08	1.76479e+08	1.98966e+08	2.32805e+08	2.10752e+08	2.32819e+08	1.777e+08	1.69448e+08	1.72744e+08	2.48751e+08	2.1165e+08	2.44113e+08	2.08955e+08	2.12684e+08	2.12201e+08	1.81211e+08	1.78474e+08	1.69645e+08	1.77652e+08	2.00338e+08	1.39601e+08	1.97547e+08	1.69978e+08	1.71668e+08	1.76754e+08	1.99517e+08	1.96655e+08
ERR630235	1.69289e+08	1.44746e+08	1.4188e+08	1.66484e+08	1.3996e+08	1.40056e+08	3.39604e+08	2.83766e+08	4.3672e+08	2.68857e+08	3.27667e+08	3.36137e+08	1.18944e+08	1.19489e+08	1.5942e+08	1.70705e+08	1.12995e+08	1.83886e+08	1.26681e+08	1.35663e+08	1.39611e+08	1.33707e+08	1.81856e+08	1.85663e+08	1.80212e+08	1.8204e+08	1.29746e+08	1.76775e+08	1.8145e+08	1.94907e+08	1.1681e+08	1.42578e+08	1.49016e+08	1.52066e+08	1.44326e+08	1.22279e+08	1.47543e+08	1.73588e+08	1.74814e+08	1.76298e+08	1.47955e+08	1.53523e+08	1.30875e+08	1.39554e+08	1.56974e+08	1.28443e+08	1.27073e+08	1.58671e+08	2.2913e+08	2.7796e+08	2.84945e+08	1.75403e+08	2.78486e+08	2.47837e+08	2.78553e+08	2.24994e+08	2.38469e+08	2.75448e+08	2.58105e+08	2.74379e+08	2.39985e+08	2.49854e+08	2.46234e+08	2.24199e+08	1.91998e+08	2.37448e+08	1.93375e+08	2.20565e+08	1.94264e+08	2.23116e+08	1.9654e+08	2.21462e+08	2.60677e+08	2.3605e+08	2.60646e+08	1.98714e+08	1.89339e+08	1.93366e+08	2.78348e+08	2.37334e+08	2.73073e+08	2.3435e+08	2.3847e+08	2.37476e+08	2.0318e+08	1.99826e+08	1.90107e+08	1.99197e+08	2.24123e+08	1.56547e+08	2.20788e+08	1.90085e+08	1.91993e+08	1.976e+08	2.23105e+08	2.19718e+08
ERR630232	1.43178e+08	1.2233e+08	1.19577e+08	1.40884e+08	1.17883e+08	1.18063e+08	2.89466e+08	2.43036e+08	2.68857e+08	3.33039e+08	2.8025e+08	2.86723e+08	1.00586e+08	1.01132e+08	1.3498e+08	1.44581e+08	9.5408e+07	1.5607e+08	1.06913e+08	1.14982e+08	1.18505e+08	1.13228e+08	1.54178e+08	1.57512e+08	1.51673e+08	1.53155e+08	1.08648e+08	1.48744e+08	1.52933e+08	1.64256e+08	9.83e+07	1.20239e+08	1.25627e+08	1.28098e+08	1.2187e+08	1.03084e+08	1.25832e+08	1.47874e+08	1.4908e+08	1.50195e+08	1.26183e+08	1.3103e+08	1.10413e+08	1.18063e+08	1.32523e+08	1.0841e+08	1.07204e+08	1.34217e+08	1.96421e+08	2.38098e+08	2.44087e+08	1.49833e+08	2.38475e+08	2.12435e+08	2.36974e+08	1.91558e+08	2.02697e+08	2.34129e+08	2.18975e+08	2.33295e+08	2.0503e+08	2.13056e+08	2.10025e+08	1.90848e+08	1.64319e+08	2.02546e+08	1.65778e+08	1.88919e+08	1.66041e+08	1.9119e+08	1.6831e+08	1.8981e+08	2.22151e+08	2.0063e+08	2.22214e+08	1.69515e+08	1.6161e+08	1.64882e+08	2.37383e+08	2.01694e+08	2.32927e+08	1.99245e+08	2.02821e+08	2.02304e+08	1.73447e+08	1.70871e+08	1.62329e+08	1.70082e+08	1.91797e+08	1.33479e+08	1.8855e+08	1.62339e+08	1.63705e+08	1.68702e+08	1.90474e+08	1.87627e+08
ERR630230	1.78278e+08	1.52144e+08	1.4871e+08	1.75356e+08	1.46602e+08	1.4675e+08	3.53532e+08	2.95452e+08	3.27667e+08	2.8025e+08	4.69294e+08	3.49999e+08	1.25315e+08	1.25993e+08	1.68203e+08	1.80216e+08	1.18903e+08	1.94663e+08	1.3331e+08	1.43591e+08	1.47935e+08	1.41493e+08	1.92643e+08	1.96639e+08	1.893e+08	1.91123e+08	1.35424e+08	1.85483e+08	1.9067e+08	2.04967e+08	1.22713e+08	1.50129e+08	1.56661e+08	1.59805e+08	1.52077e+08	1.28555e+08	1.56918e+08	1.84601e+08	1.86038e+08	1.87476e+08	1.57451e+08	1.63537e+08	1.3781e+08	1.4722e+08	1.65304e+08	1.35246e+08	1.33828e+08	1.67563e+08	2.40978e+08	2.92499e+08	2.99846e+08	1.83529e+08	2.93063e+08	2.6084e+08	2.92211e+08	2.35901e+08	2.49897e+08	2.88846e+08	2.6987e+08	2.87851e+08	2.5504e+08	2.65041e+08	2.61316e+08	2.3739e+08	2.04072e+08	2.52036e+08	2.02824e+08	2.315e+08	2.03258e+08	2.34315e+08	2.06063e+08	2.32657e+08	2.73399e+08	2.46985e+08	2.73551e+08	2.08262e+08	1.98544e+08	2.02547e+08	2.92381e+08	2.48063e+08	2.86929e+08	2.45069e+08	2.49458e+08	2.48998e+08	2.14679e+08	2.11696e+08	2.00797e+08	2.10347e+08	2.37652e+08	1.65006e+08	2.32259e+08	1.99918e+08	2.01675e+08	2.0767e+08	2.34619e+08	2.31141e+08
ERR630234	1.83911e+08	1.56981e+08	1.53527e+08	1.80853e+08	1.51416e+08	1.51538e+08	3.63602e+08	3.02462e+08	3.36137e+08	2.86723e+08	3.49999e+08	4.90994e+08	1.29352e+08	1.29958e+08	1.73581e+08	1.85871e+08	1.22755e+08	2.00764e+08	1.37649e+08	1.48202e+08	1.52751e+08	1.45912e+08	1.98802e+08	2.03038e+08	1.95387e+08	1.97397e+08	1.39896e+08	1.91599e+08	1.96876e+08	2.11599e+08	1.26649e+08	1.55067e+08	1.61767e+08	1.65179e+08	1.57079e+08	1.32827e+08	1.62178e+08	1.90823e+08	1.92246e+08	1.9365e+08	1.62715e+08	1.68909e+08	1.42254e+08	1.51962e+08	1.70708e+08	1.39579e+08	1.38121e+08	1.72948e+08	2.48148e+08	3.01312e+08	3.08819e+08	1.88841e+08	3.01902e+08	2.68608e+08	3.01281e+08	2.43352e+08	2.57648e+08	2.97914e+08	2.78416e+08	2.96782e+08	2.63499e+08	2.73719e+08	2.69766e+08	2.45137e+08	2.10768e+08	2.60142e+08	2.0863e+08	2.38323e+08	2.09096e+08	2.41111e+08	2.11995e+08	2.39361e+08	2.82022e+08	2.54455e+08	2.82165e+08	2.14665e+08	2.0465e+08	2.08646e+08	3.01188e+08	2.55849e+08	2.95559e+08	2.52633e+08	2.57307e+08	2.56633e+08	2.21659e+08	2.1838e+08	2.07406e+08	2.17198e+08	2.45495e+08	1.70469e+08	2.39587e+08	2.06087e+08	2.07855e+08	2.1418e+08	2.4203e+08	2.38383e+08
ERR613232	1.96786e+08	1.69957e+08	1.66586e+08	1.93381e+08	1.64071e+08	1.64141e+08	1.31245e+08	1.05502e+08	1.18944e+08	1.00586e+08	1.25315e+08	1.29352e+08	2.73555e+08	1.76718e+08	2.30264e+08	2.45125e+08	1.67989e+08	2.62549e+08	1.67224e+08	1.79217e+08	1.8412e+08	1.76947e+08	2.31746e+08	2.36038e+08	2.16727e+08	2.18768e+08	1.59871e+08	2.12755e+08	2.18462e+08	2.32653e+08	1.50738e+08	1.80586e+08	1.87584e+08	1.90879e+08	1.82811e+08	1.5824e+08	1.99784e+08	2.29692e+08	2.31313e+08	2.32633e+08	1.99628e+08	2.06697e+08	1.73027e+08	1.83555e+08	2.02079e+08	1.70467e+08	1.68869e+08	2.05272e+08	1.2489e+08	1.52423e+08	1.56744e+08	9.35031e+07	1.53076e+08	1.35645e+08	1.56626e+08	1.25989e+08	1.33794e+08	1.5518e+08	1.44268e+08	1.54682e+08	1.64277e+08	1.70895e+08	1.67786e+08	1.52354e+08	1.3067e+08	1.6192e+08	1.02315e+08	1.17629e+08	1.01653e+08	1.18755e+08	1.03408e+08	1.18284e+08	1.49786e+08	1.34315e+08	1.49848e+08	1.12808e+08	1.07146e+08	1.09694e+08	1.55668e+08	1.30601e+08	1.52667e+08	1.29012e+08	1.31796e+08	1.31898e+08	1.30568e+08	1.2929e+08	1.22109e+08	1.28005e+08	1.45228e+08	9.97888e+07	1.26747e+08	1.09138e+08	1.09444e+08	1.12641e+08	1.28247e+08	1.26614e+08
ERR613231	1.97416e+08	1.70497e+08	1.67164e+08	1.94027e+08	1.6462e+08	1.6472e+08	1.31883e+08	1.05991e+08	1.19489e+08	1.01132e+08	1.25993e+08	1.29958e+08	1.76718e+08	2.74275e+08	2.3054e+08	2.45426e+08	1.68318e+08	2.629e+08	1.67256e+08	1.79239e+08	1.8416e+08	1.77024e+08	2.31838e+08	2.36136e+08	2.17419e+08	2.19508e+08	1.60393e+08	2.13631e+08	2.19139e+08	2.33514e+08	1.51165e+08	1.81123e+08	1.88077e+08	1.91476e+08	1.83233e+08	1.58664e+08	1.99666e+08	2.29686e+08	2.31343e+08	2.32741e+08	1.99607e+08	2.06715e+08	1.73465e+08	1.8402e+08	2.0257e+08	1.70766e+08	1.69172e+08	2.05672e+08	1.25343e+08	1.52869e+08	1.57238e+08	9.3852e+07	1.53531e+08	1.3604e+08	1.57394e+08	1.26551e+08	1.344e+08	1.55974e+08	1.45059e+08	1.55312e+08	1.64858e+08	1.71479e+08	1.68533e+08	1.52878e+08	1.31109e+08	1.62446e+08	1.02661e+08	1.18105e+08	1.02053e+08	1.19206e+08	1.03789e+08	1.18721e+08	1.50376e+08	1.34903e+08	1.50452e+08	1.13329e+08	1.07579e+08	1.10265e+08	1.56389e+08	1.31288e+08	1.53245e+08	1.29657e+08	1.32399e+08	1.32486e+08	1.31009e+08	1.29808e+08	1.22518e+08	1.28604e+08	1.45766e+08	1.0024e+08	1.2716e+08	1.09519e+08	1.0989e+08	1.1314e+08	1.28671e+08	1.27138e+08
ERR613229	2.61771e+08	2.25376e+08	2.20462e+08	2.57013e+08	2.17087e+08	2.17383e+08	1.76044e+08	1.41476e+08	1.5942e+08	1.3498e+08	1.68203e+08	1.73581e+08	2.30264e+08	2.3054e+08	4.34469e+08	3.23911e+08	2.18937e+08	3.47614e+08	2.20116e+08	2.36457e+08	2.4324e+08	2.3353e+08	3.07048e+08	3.12989e+08	2.86813e+08	2.89512e+08	2.09773e+08	2.81376e+08	2.88859e+08	3.08483e+08	1.98322e+08	2.38521e+08	2.47671e+08	2.52099e+08	2.41377e+08	2.08317e+08	2.63268e+08	3.03266e+08	3.05449e+08	3.07275e+08	2.63077e+08	2.72628e+08	2.27129e+08	2.41417e+08	2.66229e+08	2.23577e+08	2.21548e+08	2.70605e+08	1.6781e+08	2.04672e+08	2.10536e+08	1.25326e+08	2.0564e+08	1.82298e+08	2.10223e+08	1.69034e+08	1.79457e+08	2.08154e+08	1.93463e+08	2.07358e+08	2.20886e+08	2.29658e+08	2.25645e+08	2.04504e+08	1.75525e+08	2.17542e+08	1.36947e+08	1.57651e+08	1.36036e+08	1.58962e+08	1.38405e+08	1.58441e+08	2.00799e+08	1.79887e+08	2.0065e+08	1.5113e+08	1.436e+08	1.47019e+08	2.08954e+08	1.74982e+08	2.04775e+08	1.72724e+08	1.766e+08	1.76918e+08	1.74718e+08	1.73158e+08	1.63466e+08	1.71283e+08	1.9472e+08	1.33369e+08	1.6978e+08	1.46215e+08	1.46621e+08	1.50907e+08	1.71894e+08	1.69822e+08
ERR613228	2.78827e+08	2.40227e+08	2.34862e+08	2.74026e+08	2.31297e+08	2.31514e+08	1.88617e+08	1.51557e+08	1.70705e+08	1.44581e+08	1.80216e+08	1.85871e+08	2.45125e+08	2.45426e+08	3.23911e+08	4.853e+08	2.32885e+08	3.70832e+08	2.34974e+08	2.52754e+08	2.59674e+08	2.49385e+08	3.28168e+08	3.34563e+08	3.05734e+08	3.08653e+08	2.23184e+08	2.99751e+08	3.08127e+08	3.28862e+08	2.11376e+08	2.54363e+08	2.64103e+08	2.68765e+08	2.57451e+08	2.21865e+08	2.81305e+08	3.24008e+08	3.26318e+08	3.28279e+08	2.81124e+08	2.91311e+08	2.42128e+08	2.57529e+08	2.83939e+08	2.38382e+08	2.36237e+08	2.88722e+08	1.79936e+08	2.19477e+08	2.25722e+08	1.34079e+08	2.20445e+08	1.95492e+08	2.25269e+08	1.81049e+08	1.92171e+08	2.2304e+08	2.07161e+08	2.2216e+08	2.36529e+08	2.4575e+08	2.414e+08	2.18773e+08	1.8798e+08	2.32716e+08	1.46774e+08	1.69066e+08	1.45806e+08	1.70503e+08	1.48386e+08	1.70027e+08	2.15016e+08	1.92426e+08	2.14914e+08	1.61945e+08	1.53754e+08	1.57373e+08	2.23973e+08	1.8746e+08	2.19424e+08	1.84975e+08	1.89085e+08	1.89422e+08	1.87261e+08	1.85632e+08	1.7514e+08	1.8364e+08	2.08871e+08	1.42761e+08	1.81989e+08	1.56719e+08	1.57005e+08	1.61718e+08	1.84305e+08	1.81876e+08
ERR613230	1.87097e+08	1.61657e+08	1.5869e+08	1.83814e+08	1.56186e+08	1.56316e+08	1.24513e+08	1.0009e+08	1.12995e+08	9.5408e+07	1.18903e+08	1.22755e+08	1.67989e+08	1.68318e+08	2.18937e+08	2.32885e+08	2.52016e+08	2.49268e+08	1.59423e+08	1.70299e+08	1.75035e+08	1.68196e+08	2.20047e+08	2.24133e+08	2.06738e+08	2.08483e+08	1.52821e+08	2.02951e+08	2.08077e+08	2.21655e+08	1.4387e+08	1.71983e+08	1.78713e+08	1.81915e+08	1.74071e+08	1.50926e+08	1.8963e+08	2.17958e+08	2.19472e+08	2.20813e+08	1.89581e+08	1.9627e+08	1.64899e+08	1.7488e+08	1.92485e+08	1.62448e+08	1.60945e+08	1.95263e+08	1.18224e+08	1.44106e+08	1.48221e+08	8.87742e+07	1.44787e+08	1.28375e+08	1.48688e+08	1.19514e+08	1.26999e+08	1.4731e+08	1.3718e+08	1.46732e+08	1.55562e+08	1.61908e+08	1.59058e+08	1.44476e+08	1.23567e+08	1.53268e+08	9.68388e+07	1.11318e+08	9.6288e+07	1.12337e+08	9.78912e+07	1.11959e+08	1.42059e+08	1.275e+08	1.42018e+08	1.07009e+08	1.01568e+08	1.04129e+08	1.47651e+08	1.24046e+08	1.44665e+08	1.2253e+08	1.25196e+08	1.25151e+08	1.23416e+08	1.22098e+08	1.15343e+08	1.21058e+08	1.37124e+08	9.4504e+07	1.19994e+08	1.03373e+08	1.03766e+08	1.06825e+08	1.21441e+08	1.19904e+08
ERR613227	3.00434e+08	2.58091e+08	2.52166e+08	2.95071e+08	2.48224e+08	2.48449e+08	2.03507e+08	1.63433e+08	1.83886e+08	1.5607e+08	1.94663e+08	2.00764e+08	2.62549e+08	2.629e+08	3.47614e+08	3.70832e+08	2.49268e+08	5.50505e+08	2.50801e+08	2.70682e+08	2.78649e+08	2.67227e+08	3.52923e+08	3.59667e+08	3.28454e+08	3.31646e+08	2.38562e+08	3.2227e+08	3.31225e+08	3.53855e+08	2.26501e+08	2.73296e+08	2.83577e+08	2.88672e+08	2.76725e+08	2.38008e+08	3.03462e+08	3.49725e+08	3.52299e+08	3.54402e+08	3.03238e+08	3.14581e+08	2.59796e+08	2.76493e+08	3.04958e+08	2.55633e+08	2.53276e+08	3.10753e+08	1.94904e+08	2.37933e+08	2.44737e+08	1.44787e+08	2.39101e+08	2.12168e+08	2.43e+08	1.95407e+08	2.07241e+08	2.40515e+08	2.23038e+08	2.39833e+08	2.56481e+08	2.66221e+08	2.61516e+08	2.36723e+08	2.03965e+08	2.52226e+08	1.58977e+08	1.83202e+08	1.5757e+08	1.8477e+08	1.60731e+08	1.84238e+08	2.32231e+08	2.07266e+08	2.32052e+08	1.74725e+08	1.65931e+08	1.69824e+08	2.41837e+08	2.01793e+08	2.37014e+08	1.99223e+08	2.03645e+08	2.04248e+08	2.02656e+08	2.01286e+08	1.89479e+08	1.98774e+08	2.26741e+08	1.54262e+08	1.97096e+08	1.69386e+08	1.69587e+08	1.74793e+08	1.99495e+08	1.9692e+08
ERR606000	1.99481e+08	1.72587e+08	1.69423e+08	1.961e+08	1.66902e+08	1.66892e+08	1.39627e+08	1.12154e+08	1.26681e+08	1.06913e+08	1.3331e+08	1.37649e+08	1.67224e+08	1.67256e+08	2.20116e+08	2.34974e+08	1.59423e+08	2.50801e+08	3.23048e+08	2.31854e+08	2.37609e+08	2.28982e+08	2.97727e+08	3.03157e+08	2.35236e+08	2.37346e+08	1.73797e+08	2.30888e+08	2.37e+08	2.52288e+08	1.63519e+08	1.95587e+08	2.03102e+08	2.06753e+08	1.97696e+08	1.71437e+08	2.30012e+08	2.64246e+08	2.65913e+08	2.67387e+08	2.30121e+08	2.38003e+08	1.88104e+08	1.99072e+08	2.1976e+08	1.85166e+08	1.83656e+08	2.22654e+08	1.3118e+08	1.60299e+08	1.64764e+08	9.81878e+07	1.60875e+08	1.42523e+08	1.64415e+08	1.32113e+08	1.40412e+08	1.62805e+08	1.51702e+08	1.62203e+08	1.72609e+08	1.79816e+08	1.76693e+08	1.60254e+08	1.37125e+08	1.70293e+08	1.07431e+08	1.23751e+08	1.07186e+08	1.24796e+08	1.08705e+08	1.24443e+08	1.55962e+08	1.39948e+08	1.5582e+08	1.17236e+08	1.11391e+08	1.13875e+08	1.63502e+08	1.37714e+08	1.60543e+08	1.36013e+08	1.38993e+08	1.38769e+08	1.38433e+08	1.36663e+08	1.29417e+08	1.3562e+08	1.5367e+08	1.05323e+08	1.32767e+08	1.14217e+08	1.14731e+08	1.18046e+08	1.34434e+08	1.32537e+08
ERR606004	2.14674e+08	1.8505e+08	1.80624e+08	2.10884e+08	1.77965e+08	1.77983e+08	1.50192e+08	1.20524e+08	1.35663e+08	1.14982e+08	1.43591e+08	1.48202e+08	1.79217e+08	1.79239e+08	2.36457e+08	2.52754e+08	1.70299e+08	2.70682e+08	2.31854e+08	3.63334e+08	2.57296e+08	2.47618e+08	3.20859e+08	3.26865e+08	2.51619e+08	2.54022e+08	1.8354e+08	2.46618e+08	2.53297e+08	2.70413e+08	1.74575e+08	2.09948e+08	2.17609e+08	2.21437e+08	2.12228e+08	1.83386e+08	2.50033e+08	2.87053e+08	2.88964e+08	2.904e+08	2.50027e+08	2.58678e+08	2.0104e+08	2.13525e+08	2.35501e+08	1.97756e+08	1.96202e+08	2.39662e+08	1.42836e+08	1.74696e+08	1.79676e+08	1.05855e+08	1.75377e+08	1.55469e+08	1.7714e+08	1.42206e+08	1.50902e+08	1.75195e+08	1.62456e+08	1.74663e+08	1.8951e+08	1.96943e+08	1.9344e+08	1.74755e+08	1.50748e+08	1.86562e+08	1.16768e+08	1.34761e+08	1.15936e+08	1.35876e+08	1.18158e+08	1.35473e+08	1.68473e+08	1.50588e+08	1.68368e+08	1.26433e+08	1.20261e+08	1.22865e+08	1.76816e+08	1.47811e+08	1.73395e+08	1.45667e+08	1.49122e+08	1.49493e+08	1.51238e+08	1.49911e+08	1.41334e+08	1.48137e+08	1.68997e+08	1.1458e+08	1.44077e+08	1.23944e+08	1.24078e+08	1.27792e+08	1.45921e+08	1.43909e+08
ERR606003	2.21174e+08	1.90562e+08	1.85999e+08	2.17247e+08	1.83162e+08	1.83333e+08	1.54786e+08	1.24139e+08	1.39611e+08	1.18505e+08	1.47935e+08	1.52751e+08	1.8412e+08	1.8416e+08	2.4324e+08	2.59674e+08	1.75035e+08	2.78649e+08	2.37609e+08	2.57296e+08	3.81064e+08	2.54107e+08	3.29856e+08	3.36066e+08	2.58661e+08	2.61083e+08	1.8846e+08	2.5361e+08	2.60577e+08	2.78193e+08	1.79391e+08	2.16041e+08	2.23846e+08	2.2772e+08	2.18436e+08	1.88511e+08	2.57388e+08	2.95542e+08	2.97692e+08	2.99052e+08	2.57362e+08	2.66526e+08	2.07074e+08	2.20085e+08	2.42594e+08	2.03716e+08	2.01983e+08	2.47074e+08	1.4755e+08	1.80649e+08	1.85651e+08	1.0918e+08	1.81306e+08	1.60785e+08	1.82473e+08	1.46502e+08	1.55363e+08	1.80533e+08	1.67297e+08	1.80004e+08	1.95816e+08	2.03282e+08	1.9968e+08	1.80381e+08	1.55642e+08	1.92598e+08	1.20591e+08	1.39229e+08	1.19559e+08	1.40459e+08	1.22015e+08	1.4001e+08	1.7387e+08	1.55043e+08	1.73536e+08	1.30382e+08	1.23953e+08	1.26675e+08	1.82381e+08	1.52235e+08	1.78963e+08	1.50146e+08	1.53712e+08	1.54155e+08	1.5615e+08	1.54825e+08	1.45952e+08	1.52853e+08	1.74797e+08	1.18239e+08	1.48802e+08	1.27808e+08	1.28096e+08	1.31852e+08	1.5083e+08	1.48676e+08
ERR606005	2.11429e+08	1.82168e+08	1.77848e+08	2.07709e+08	1.75337e+08	1.7541e+08	1.4797e+08	1.18655e+08	1.33707e+08	1.13228e+08	1.41493e+08	1.45912e+08	1.76947e+08	1.77024e+08	2.3353e+08	2.49385e+08	1.68196e+08	2.67227e+08	2.28982e+08	2.47618e+08	2.54107e+08	3.5574e+08	3.16946e+08	3.22684e+08	2.47697e+08	2.50087e+08	1.80717e+08	2.42687e+08	2.49513e+08	2.66345e+08	1.71943e+08	2.06846e+08	2.14382e+08	2.18137e+08	2.0903e+08	1.80597e+08	2.46995e+08	2.83428e+08	2.85435e+08	2.86857e+08	2.47097e+08	2.55563e+08	1.98304e+08	2.10591e+08	2.32206e+08	1.95095e+08	1.9339e+08	2.36341e+08	1.40849e+08	1.72326e+08	1.77172e+08	1.04432e+08	1.72975e+08	1.53373e+08	1.74496e+08	1.40021e+08	1.48688e+08	1.72516e+08	1.60078e+08	1.72081e+08	1.86898e+08	1.94371e+08	1.90824e+08	1.72422e+08	1.4862e+08	1.84092e+08	1.15144e+08	1.32853e+08	1.14252e+08	1.33982e+08	1.16481e+08	1.33614e+08	1.66133e+08	1.48301e+08	1.65725e+08	1.246e+08	1.18482e+08	1.21072e+08	1.74356e+08	1.4562e+08	1.70963e+08	1.43618e+08	1.47007e+08	1.47513e+08	1.49106e+08	1.47805e+08	1.39341e+08	1.46067e+08	1.66691e+08	1.13044e+08	1.42146e+08	1.22171e+08	1.22376e+08	1.26008e+08	1.43914e+08	1.41909e+08
ERR606001	2.8454e+08	2.44566e+08	2.38507e+08	2.79344e+08	2.35055e+08	2.35196e+08	2.01577e+08	1.61617e+08	1.81856e+08	1.54178e+08	1.92643e+08	1.98802e+08	2.31746e+08	2.31838e+08	3.07048e+08	3.28168e+08	2.20047e+08	3.52923e+08	2.97727e+08	3.20859e+08	3.29856e+08	3.16946e+08	5.70084e+08	4.26023e+08	3.30761e+08	3.33941e+08	2.3961e+08	3.24044e+08	3.33358e+08	3.56285e+08	2.27964e+08	2.75388e+08	2.85386e+08	2.9046e+08	2.78347e+08	2.39481e+08	3.23499e+08	3.72751e+08	3.75529e+08	3.7762e+08	3.23627e+08	3.35334e+08	2.63236e+08	2.80218e+08	3.093e+08	2.58899e+08	2.56668e+08	3.15018e+08	1.92269e+08	2.35172e+08	2.41715e+08	1.42158e+08	2.36042e+08	2.09489e+08	2.37693e+08	1.90918e+08	2.02423e+08	2.35052e+08	2.17945e+08	2.34486e+08	2.54201e+08	2.63935e+08	2.59334e+08	2.33997e+08	2.02207e+08	2.50145e+08	1.56777e+08	1.811e+08	1.55403e+08	1.82609e+08	1.58695e+08	1.82111e+08	2.26157e+08	2.01483e+08	2.25731e+08	1.69608e+08	1.61292e+08	1.6467e+08	2.37231e+08	1.98012e+08	2.32723e+08	1.95291e+08	1.99844e+08	2.00537e+08	2.02616e+08	2.01066e+08	1.89402e+08	1.98464e+08	2.26948e+08	1.53459e+08	1.93729e+08	1.66343e+08	1.66532e+08	1.71577e+08	1.96103e+08	1.93458e+08
ERR606002	2.90367e+08	2.49681e+08	2.43416e+08	2.85134e+08	2.39758e+08	2.39738e+08	2.0566e+08	1.64896e+08	1.85663e+08	1.57512e+08	1.96639e+08	2.03038e+08	2.36038e+08	2.36136e+08	3.12989e+08	3.34563e+08	2.24133e+08	3.59667e+08	3.03157e+08	3.26865e+08	3.36066e+08	3.22684e+08	4.26023e+08	5.89704e+08	3.37187e+08	3.40471e+08	2.43991e+08	3.30403e+08	3.39965e+08	3.63554e+08	2.32317e+08	2.80715e+08	2.9105e+08	2.96236e+08	2.83899e+08	2.44173e+08	3.29759e+08	3.80007e+08	3.82849e+08	3.84873e+08	3.29729e+08	3.41721e+08	2.68594e+08	2.85717e+08	3.15531e+08	2.64129e+08	2.61734e+08	3.21612e+08	1.96319e+08	2.4042e+08	2.46968e+08	1.45147e+08	2.41172e+08	2.14201e+08	2.42696e+08	1.94806e+08	2.06496e+08	2.39848e+08	2.22481e+08	2.39172e+08	2.59809e+08	2.69662e+08	2.65015e+08	2.39143e+08	2.06741e+08	2.55652e+08	1.6012e+08	1.84913e+08	1.58608e+08	1.86596e+08	1.62092e+08	1.8601e+08	2.3085e+08	2.05619e+08	2.30583e+08	1.73298e+08	1.64668e+08	1.68262e+08	2.4248e+08	2.02068e+08	2.37789e+08	1.99379e+08	2.03961e+08	2.04746e+08	2.06919e+08	2.05348e+08	1.93351e+08	2.0261e+08	2.31946e+08	1.56632e+08	1.97997e+08	1.69986e+08	1.70119e+08	1.7533e+08	2.00431e+08	1.97611e+08
ERR608869	2.85192e+08	2.46795e+08	2.41926e+08	2.80356e+08	2.38653e+08	2.38366e+08	1.98224e+08	1.59274e+08	1.80212e+08	1.51673e+08	1.893e+08	1.95387e+08	2.16727e+08	2.17419e+08	2.86813e+08	3.05734e+08	2.06738e+08	3.28454e+08	2.35236e+08	2.51619e+08	2.58661e+08	2.47697e+08	3.30761e+08	3.37187e+08	5.70563e+08	4.20773e+08	3.09584e+08	4.08892e+08	4.19958e+08	4.45434e+08	2.67032e+08	3.1948e+08	3.3248e+08	3.38312e+08	3.23368e+08	2.79875e+08	2.86682e+08	3.34565e+08	3.37166e+08	3.38859e+08	2.86509e+08	2.97732e+08	2.83146e+08	2.99442e+08	3.30763e+08	2.78541e+08	2.76025e+08	3.34949e+08	1.85436e+08	2.26571e+08	2.32937e+08	1.3936e+08	2.27227e+08	2.01115e+08	2.35703e+08	1.8927e+08	2.01031e+08	2.3348e+08	2.1769e+08	2.3238e+08	2.43086e+08	2.53245e+08	2.49064e+08	2.26259e+08	1.92563e+08	2.39789e+08	1.51454e+08	1.74436e+08	1.51411e+08	1.75812e+08	1.53385e+08	1.75506e+08	2.21774e+08	1.99414e+08	2.21494e+08	1.66745e+08	1.58087e+08	1.62004e+08	2.32426e+08	1.96283e+08	2.28359e+08	1.93757e+08	1.97873e+08	1.97417e+08	1.92711e+08	1.89875e+08	1.80276e+08	1.88844e+08	2.13605e+08	1.46888e+08	1.87128e+08	1.60846e+08	1.61581e+08	1.66437e+08	1.89463e+08	1.86949e+08
ERR608870	2.87609e+08	2.48827e+08	2.44127e+08	2.82726e+08	2.40638e+08	2.40392e+08	2.00222e+08	1.60911e+08	1.8204e+08	1.53155e+08	1.91123e+08	1.97397e+08	2.18768e+08	2.19508e+08	2.89512e+08	3.08653e+08	2.08483e+08	3.31646e+08	2.37346e+08	2.54022e+08	2.61083e+08	2.50087e+08	3.33941e+08	3.40471e+08	4.20773e+08	5.79615e+08	3.12197e+08	4.12451e+08	4.23792e+08	4.49492e+08	2.69208e+08	3.22176e+08	3.35084e+08	3.41149e+08	3.25991e+08	2.82222e+08	2.89458e+08	3.37922e+08	3.40563e+08	3.4226e+08	2.89312e+08	3.00659e+08	2.85422e+08	3.01746e+08	3.3351e+08	2.80726e+08	2.78286e+08	3.37887e+08	1.87358e+08	2.29061e+08	2.35611e+08	1.40758e+08	2.29708e+08	2.03359e+08	2.38089e+08	1.9114e+08	2.03167e+08	2.35897e+08	2.19821e+08	2.34758e+08	2.45488e+08	2.55996e+08	2.51388e+08	2.28513e+08	1.9458e+08	2.42119e+08	1.53033e+08	1.7619e+08	1.5303e+08	1.77758e+08	1.54935e+08	1.77324e+08	2.23956e+08	2.0139e+08	2.23874e+08	1.68519e+08	1.59592e+08	1.63638e+08	2.34761e+08	1.98229e+08	2.30622e+08	1.956e+08	1.99789e+08	1.99328e+08	1.94851e+08	1.91976e+08	1.82227e+08	1.90901e+08	2.15976e+08	1.48399e+08	1.89029e+08	1.62522e+08	1.63187e+08	1.68083e+08	1.91305e+08	1.88785e+08
ERR608865	2.0696e+08	1.80262e+08	1.77849e+08	2.03841e+08	1.75283e+08	1.74938e+08	1.42214e+08	1.1434e+08	1.29746e+08	1.08648e+08	1.35424e+08	1.39896e+08	1.59871e+08	1.60393e+08	2.09773e+08	2.23184e+08	1.52821e+08	2.38562e+08	1.73797e+08	1.8354e+08	1.8846e+08	1.80717e+08	2.3961e+08	2.43991e+08	3.09584e+08	3.12197e+08	3.45398e+08	3.05948e+08	3.11663e+08	3.31135e+08	2.00242e+08	2.37147e+08	2.47209e+08	2.51673e+08	2.40099e+08	2.0935e+08	2.07441e+08	2.42244e+08	2.43952e+08	2.45166e+08	2.07361e+08	2.15243e+08	2.10504e+08	2.21835e+08	2.4444e+08	2.07348e+08	2.05643e+08	2.46669e+08	1.31215e+08	1.60198e+08	1.64726e+08	9.98037e+07	1.60689e+08	1.41979e+08	1.68575e+08	1.35391e+08	1.44227e+08	1.67385e+08	1.56707e+08	1.66336e+08	1.71764e+08	1.79498e+08	1.76578e+08	1.61198e+08	1.35769e+08	1.69739e+08	1.07559e+08	1.23669e+08	1.082e+08	1.24647e+08	1.0898e+08	1.2441e+08	1.58423e+08	1.43397e+08	1.58509e+08	1.19342e+08	1.13037e+08	1.16033e+08	1.65645e+08	1.41228e+08	1.62745e+08	1.39331e+08	1.42188e+08	1.41172e+08	1.36562e+08	1.33953e+08	1.27665e+08	1.33848e+08	1.50129e+08	1.04595e+08	1.3277e+08	1.14392e+08	1.15092e+08	1.18366e+08	1.34334e+08	1.32466e+08
ERR608866	2.79728e+08	2.42328e+08	2.3781e+08	2.75047e+08	2.34471e+08	2.34074e+08	1.94357e+08	1.56288e+08	1.76775e+08	1.48744e+08	1.85483e+08	1.91599e+08	2.12755e+08	2.13631e+08	2.81376e+08	2.99751e+08	2.02951e+08	3.2227e+08	2.30888e+08	2.46618e+08	2.5361e+08	2.42687e+08	3.24044e+08	3.30403e+08	4.08892e+08	4.12451e+08	3.05948e+08	5.53668e+08	4.11954e+08	4.39109e+08	2.62615e+08	3.13511e+08	3.26423e+08	3.32351e+08	3.17509e+08	2.75167e+08	2.80895e+08	3.27907e+08	3.30352e+08	3.32061e+08	2.80866e+08	2.91788e+08	2.78183e+08	2.94237e+08	3.24908e+08	2.73798e+08	2.71378e+08	3.29241e+08	1.81636e+08	2.22007e+08	2.28331e+08	1.36676e+08	2.22598e+08	1.97106e+08	2.30891e+08	1.85465e+08	1.97338e+08	2.29059e+08	2.13477e+08	2.27838e+08	2.38032e+08	2.4813e+08	2.43815e+08	2.21783e+08	1.88573e+08	2.3482e+08	1.4848e+08	1.71034e+08	1.48478e+08	1.72429e+08	1.50394e+08	1.72016e+08	2.1733e+08	1.95476e+08	2.17214e+08	1.63431e+08	1.54907e+08	1.5883e+08	2.27726e+08	1.92457e+08	2.23735e+08	1.89972e+08	1.93986e+08	1.93472e+08	1.88708e+08	1.86054e+08	1.76523e+08	1.84911e+08	2.09037e+08	1.43813e+08	1.83358e+08	1.57616e+08	1.58368e+08	1.63035e+08	1.85554e+08	1.83099e+08
ERR608868	2.87044e+08	2.48345e+08	2.43478e+08	2.82211e+08	2.40171e+08	2.39953e+08	1.99667e+08	1.60448e+08	1.8145e+08	1.52933e+08	1.9067e+08	1.96876e+08	2.18462e+08	2.19139e+08	2.88859e+08	3.08127e+08	2.08077e+08	3.31225e+08	2.37e+08	2.53297e+08	2.60577e+08	2.49513e+08	3.33358e+08	3.39965e+08	4.19958e+08	4.23792e+08	3.11663e+08	4.11954e+08	5.78302e+08	4.49184e+08	2.68579e+08	3.21529e+08	3.34445e+08	3.40535e+08	3.25479e+08	2.81661e+08	2.89966e+08	3.38228e+08	3.40995e+08	3.42588e+08	2.89801e+08	3.01212e+08	2.85284e+08	3.01788e+08	3.33165e+08	2.80541e+08	2.78139e+08	3.37742e+08	1.87006e+08	2.28712e+08	2.35061e+08	1.40417e+08	2.29246e+08	2.03156e+08	2.37343e+08	1.90554e+08	2.02421e+08	2.35118e+08	2.19185e+08	2.34073e+08	2.45051e+08	2.55283e+08	2.50785e+08	2.27869e+08	1.94171e+08	2.41561e+08	1.52841e+08	1.7611e+08	1.52701e+08	1.77619e+08	1.54795e+08	1.77146e+08	2.2354e+08	2.00617e+08	2.23321e+08	1.68112e+08	1.59259e+08	1.63273e+08	2.34267e+08	1.9777e+08	2.3003e+08	1.95209e+08	1.99307e+08	1.98852e+08	1.94463e+08	1.91858e+08	1.819e+08	1.90533e+08	2.15863e+08	1.48093e+08	1.88744e+08	1.62236e+08	1.6296e+08	1.67769e+08	1.91163e+08	1.88503e+08
ERR608867	3.0683e+08	2.65117e+08	2.59566e+08	3.01697e+08	2.55962e+08	2.55704e+08	2.1456e+08	1.72348e+08	1.94907e+08	1.64256e+08	2.04967e+08	2.11599e+08	2.32653e+08	2.33514e+08	3.08483e+08	3.28862e+08	2.21655e+08	3.53855e+08	2.52288e+08	2.70413e+08	2.78193e+08	2.66345e+08	3.56285e+08	3.63554e+08	4.45434e+08	4.49492e+08	3.31135e+08	4.39109e+08	4.49184e+08	6.46199e+08	2.8544e+08	3.42136e+08	3.55746e+08	3.6233e+08	3.46458e+08	2.9925e+08	3.09567e+08	3.60991e+08	3.64057e+08	3.65731e+08	3.094e+08	3.21562e+08	3.03371e+08	3.21373e+08	3.55138e+08	2.98499e+08	2.95762e+08	3.60286e+08	2.01338e+08	2.4617e+08	2.53185e+08	1.50887e+08	2.46842e+08	2.18863e+08	2.55285e+08	2.04858e+08	2.17594e+08	2.52798e+08	2.35304e+08	2.5159e+08	2.64001e+08	2.74821e+08	2.70073e+08	2.44969e+08	2.09224e+08	2.60104e+08	1.64604e+08	1.89668e+08	1.64123e+08	1.91305e+08	1.66733e+08	1.90852e+08	2.40193e+08	2.15611e+08	2.40067e+08	1.80674e+08	1.71296e+08	1.75544e+08	2.51898e+08	2.12195e+08	2.47463e+08	2.09458e+08	2.13998e+08	2.13727e+08	2.09247e+08	2.06537e+08	1.95677e+08	2.0499e+08	2.32628e+08	1.59137e+08	2.0321e+08	1.74593e+08	1.75126e+08	1.80435e+08	2.05626e+08	2.02902e+08
ERR626952	1.98651e+08	1.72962e+08	1.69865e+08	1.95371e+08	1.67557e+08	1.67411e+08	1.28569e+08	1.03226e+08	1.1681e+08	9.83e+07	1.22713e+08	1.26649e+08	1.50738e+08	1.51165e+08	1.98322e+08	2.11376e+08	1.4387e+08	2.26501e+08	1.63519e+08	1.74575e+08	1.79391e+08	1.71943e+08	2.27964e+08	2.32317e+08	2.67032e+08	2.69208e+08	2.00242e+08	2.62615e+08	2.68579e+08	2.8544e+08	2.95283e+08	2.31981e+08	2.39938e+08	2.43999e+08	2.34683e+08	2.04184e+08	1.9661e+08	2.28176e+08	2.30062e+08	2.31087e+08	1.964e+08	2.03871e+08	1.99248e+08	2.10062e+08	2.30815e+08	1.96248e+08	1.9479e+08	2.33565e+08	1.19629e+08	1.46346e+08	1.50352e+08	9.00105e+07	1.46776e+08	1.29929e+08	1.52121e+08	1.22168e+08	1.29891e+08	1.5084e+08	1.40636e+08	1.50058e+08	1.6099e+08	1.67847e+08	1.64764e+08	1.49943e+08	1.27477e+08	1.5874e+08	9.82141e+07	1.1309e+08	9.81576e+07	1.14025e+08	9.93469e+07	1.13777e+08	1.43535e+08	1.28823e+08	1.43322e+08	1.07809e+08	1.02263e+08	1.04742e+08	1.50103e+08	1.26651e+08	1.47419e+08	1.24963e+08	1.27641e+08	1.27404e+08	1.25111e+08	1.23355e+08	1.16895e+08	1.22553e+08	1.38779e+08	9.53363e+07	1.20444e+08	1.03616e+08	1.04014e+08	1.07035e+08	1.21883e+08	1.20319e+08
ERR626951	2.38742e+08	2.07061e+08	2.02677e+08	2.34848e+08	1.99919e+08	1.99759e+08	1.57233e+08	1.26177e+08	1.42578e+08	1.20239e+08	1.50129e+08	1.55067e+08	1.80586e+08	1.81123e+08	2.38521e+08	2.54363e+08	1.71983e+08	2.73296e+08	1.95587e+08	2.09948e+08	2.16041e+08	2.06846e+08	2.75388e+08	2.80715e+08	3.1948e+08	3.22176e+08	2.37147e+08	3.13511e+08	3.21529e+08	3.42136e+08	2.31981e+08	3.9893e+08	2.86257e+08	2.91129e+08	2.80157e+08	2.42386e+08	2.3802e+08	2.76396e+08	2.78671e+08	2.80062e+08	2.37579e+08	2.46963e+08	2.36985e+08	2.50535e+08	2.75609e+08	2.33246e+08	2.31374e+08	2.7963e+08	1.47426e+08	1.80457e+08	1.85511e+08	1.10211e+08	1.80998e+08	1.60303e+08	1.86578e+08	1.49663e+08	1.58946e+08	1.84703e+08	1.71704e+08	1.83846e+08	1.97364e+08	2.05594e+08	2.01727e+08	1.83066e+08	1.56484e+08	1.9449e+08	1.2076e+08	1.39286e+08	1.20419e+08	1.40423e+08	1.22242e+08	1.40142e+08	1.76062e+08	1.57557e+08	1.75744e+08	1.32254e+08	1.25437e+08	1.28272e+08	1.84345e+08	1.54869e+08	1.81027e+08	1.52851e+08	1.56254e+08	1.56193e+08	1.54157e+08	1.522e+08	1.44093e+08	1.51019e+08	1.71524e+08	1.1701e+08	1.48194e+08	1.2736e+08	1.27696e+08	1.31484e+08	1.50014e+08	1.48011e+08
ERR626956	2.47669e+08	2.14738e+08	2.10506e+08	2.4347e+08	2.07634e+08	2.07409e+08	1.64198e+08	1.31809e+08	1.49016e+08	1.25627e+08	1.56661e+08	1.61767e+08	1.87584e+08	1.88077e+08	2.47671e+08	2.64103e+08	1.78713e+08	2.83577e+08	2.03102e+08	2.17609e+08	2.23846e+08	2.14382e+08	2.85386e+08	2.9105e+08	3.3248e+08	3.35084e+08	2.47209e+08	3.26423e+08	3.34445e+08	3.55746e+08	2.39938e+08	2.86257e+08	4.25769e+08	3.0334e+08	2.89836e+08	2.52209e+08	2.46381e+08	2.86531e+08	2.88975e+08	2.90349e+08	2.46071e+08	2.55689e+08	2.45974e+08	2.59842e+08	2.86231e+08	2.41997e+08	2.40138e+08	2.90175e+08	1.53604e+08	1.8784e+08	1.9308e+08	1.15095e+08	1.88482e+08	1.66928e+08	1.94615e+08	1.56236e+08	1.66136e+08	1.92915e+08	1.79635e+08	1.92114e+08	2.04986e+08	2.13567e+08	2.09615e+08	1.90258e+08	1.62333e+08	2.01908e+08	1.25846e+08	1.44945e+08	1.25541e+08	1.46315e+08	1.27388e+08	1.45878e+08	1.83558e+08	1.64769e+08	1.83418e+08	1.37999e+08	1.30832e+08	1.33976e+08	1.92157e+08	1.61998e+08	1.88804e+08	1.5981e+08	1.63364e+08	1.63036e+08	1.6065e+08	1.58431e+08	1.50006e+08	1.57286e+08	1.78276e+08	1.22076e+08	1.545e+08	1.3275e+08	1.33261e+08	1.37181e+08	1.5619e+08	1.54315e+08
