	ERR637059	ERR637060	ERR637062	ERR637057	ERR637061	ERR637058	ERR622146	ERR622144	ERR622143	ERR622148	ERR622147	ERR622145	ERR630295	ERR630292	ERR630293	ERR630290	ERR630291	ERR630294	ERR636746	ERR636747	ERR636745	ERR636749	ERR636750	ERR636748	ERR607762	ERR607759	ERR607761	ERR607760	ERR637124	ERR637123	ERR608374	ERR608375	ERR608373	ERR608376	ERR608372	ERR608371	ERR607785	ERR607781	ERR607783	ERR607784	ERR607786	ERR607782	ERR631830	ERR631828	ERR631827	ERR631825	ERR631826	ERR631829	ERR626593	ERR626592	ERR626590	ERR626594	ERR626591	ERR626595	ERR618690	ERR618687	ERR618689	ERR618688	ERR618692	ERR618691	ERR607428	ERR607432	ERR607427	ERR607429	ERR607430	ERR607431	ERR616280	ERR616279	ERR616278	ERR616281	ERR616277	ERR616282	ERR607580	ERR607583	ERR607584	ERR607582	ERR607581	ERR607579	ERR608246	ERR608247	ERR608245	ERR608248	ERR608250	ERR608249	ERR626676	ERR626679	ERR626675	ERR626677	ERR626678	ERR626674	ERR618429	ERR618431	ERR618430	ERR618433	ERR618432	ERR618434
ERR637059	9.1584e+09	8.67498e+09	8.76799e+09	8.58247e+09	8.6983e+09	8.90848e+09	6.46824e+09	7.50609e+09	6.15495e+09	6.29029e+09	6.39329e+09	7.89808e+09	6.80044e+09	6.07056e+09	7.09864e+09	5.90534e+09	6.71026e+09	6.81478e+09	7.55178e+09	7.47285e+09	7.14228e+09	7.67324e+09	7.73445e+09	7.64992e+09	7.56086e+09	8.87888e+09	7.66221e+09	7.59156e+09	8.92079e+09	8.69321e+09	7.72447e+09	7.81536e+09	8.54269e+09	7.85363e+09	8.58612e+09	8.21551e+09	8.28285e+09	8.36061e+09	8.36245e+09	7.48258e+09	8.32308e+09	7.645e+09	7.90512e+09	7.799e+09	8.27244e+09	7.97286e+09	7.71481e+09	7.89888e+09	6.47232e+09	6.49655e+09	8.00582e+09	6.56672e+09	7.36611e+09	6.40901e+09	6.3389e+09	6.49413e+09	6.24076e+09	6.1954e+09	6.47696e+09	6.38881e+09	7.52419e+09	8.5096e+09	7.39657e+09	7.3418e+09	8.53286e+09	8.49465e+09	7.18896e+09	7.4366e+09	6.24163e+09	7.65168e+09	5.91223e+09	7.64188e+09	6.88575e+09	7.88185e+09	7.8819e+09	7.91882e+09	6.72875e+09	6.75063e+09	5.87237e+09	6.38646e+09	4.67761e+09	5.59596e+09	5.32368e+09	5.56445e+09	6.03247e+09	6.97307e+09	7.04968e+09	6.94535e+09	6.96561e+09	7.52295e+09	6.88039e+09	6.50149e+09	6.06911e+09	6.61558e+09	6.47029e+09	6.65342e+09
ERR637060	8.67498e+09	8.69984e+09	8.55333e+09	8.37255e+09	8.48696e+09	8.68098e+09	6.32441e+09	7.33014e+09	6.01931e+09	6.15163e+09	6.25168e+09	7.70808e+09	6.65024e+09	5.94228e+09	6.93919e+09	5.78225e+09	6.56232e+09	6.66469e+09	7.39601e+09	7.3188e+09	7.00092e+09	7.51096e+09	7.56994e+09	7.48873e+09	7.40673e+09	8.65485e+09	7.50396e+09	7.43707e+09	8.69702e+09	8.48042e+09	7.55891e+09	7.64637e+09	8.33723e+09	7.68297e+09	8.3814e+09	8.02784e+09	8.09111e+09	8.16685e+09	8.16875e+09	7.33138e+09	8.12955e+09	7.48448e+09	7.73069e+09	7.63017e+09	8.08079e+09	7.79632e+09	7.5508e+09	7.72556e+09	6.32546e+09	6.34741e+09	7.80731e+09	6.41658e+09	7.19013e+09	6.26401e+09	6.16815e+09	6.31745e+09	6.07312e+09	6.02868e+09	6.30135e+09	6.21572e+09	7.35014e+09	8.29895e+09	7.22693e+09	7.17361e+09	8.32035e+09	8.28414e+09	7.02129e+09	7.26275e+09	6.10426e+09	7.46936e+09	5.78404e+09	7.45933e+09	6.74335e+09	7.70561e+09	7.7061e+09	7.74104e+09	6.5912e+09	6.61246e+09	5.72733e+09	6.22478e+09	4.56754e+09	5.46122e+09	5.19691e+09	5.43012e+09	5.89888e+09	6.81159e+09	6.88577e+09	6.78501e+09	6.80461e+09	7.34386e+09	6.69739e+09	6.33118e+09	5.91359e+09	6.44174e+09	6.3019e+09	6.47848e+09
ERR637062	8.76799e+09	8.55333e+09	8.88484e+09	8.45863e+09	8.57678e+09	8.77571e+09	6.38528e+09	7.40352e+09	6.07268e+09	6.20985e+09	6.31121e+09	7.78892e+09	6.72505e+09	6.01037e+09	7.01891e+09	5.8466e+09	6.64005e+09	6.73982e+09	7.46358e+09	7.38372e+09	7.06095e+09	7.57866e+09	7.63899e+09	7.55627e+09	7.47377e+09	8.74975e+09	7.57282e+09	7.50456e+09	8.79376e+09	8.5708e+09	7.63153e+09	7.7208e+09	8.42419e+09	7.75924e+09	8.4712e+09	8.10815e+09	8.17209e+09	8.25031e+09	8.25197e+09	7.39446e+09	8.21071e+09	7.55027e+09	7.80545e+09	7.70316e+09	8.16417e+09	7.87237e+09	7.6227e+09	7.79967e+09	6.39282e+09	6.41289e+09	7.89683e+09	6.48547e+09	7.26962e+09	6.33045e+09	6.2413e+09	6.39315e+09	6.14448e+09	6.09901e+09	6.37725e+09	6.28936e+09	7.42437e+09	8.39044e+09	7.29934e+09	7.24617e+09	8.41224e+09	8.37566e+09	7.09622e+09	7.34317e+09	6.16736e+09	7.55115e+09	5.84235e+09	7.54124e+09	6.8055e+09	7.7837e+09	7.78413e+09	7.81946e+09	6.65171e+09	6.67228e+09	5.79701e+09	6.30332e+09	4.61793e+09	5.52489e+09	5.2566e+09	5.4932e+09	5.95611e+09	6.88529e+09	6.95927e+09	6.85776e+09	6.87784e+09	7.42453e+09	6.77554e+09	6.40312e+09	5.97902e+09	6.51776e+09	6.3753e+09	6.55519e+09
ERR637057	8.58247e+09	8.37255e+09	8.45863e+09	8.51849e+09	8.39443e+09	8.58823e+09	6.26618e+09	7.25968e+09	5.96855e+09	6.09548e+09	6.19417e+09	7.63173e+09	6.57718e+09	5.87681e+09	6.86207e+09	5.72018e+09	6.48801e+09	6.5918e+09	7.33139e+09	7.25591e+09	6.94357e+09	7.44472e+09	7.50258e+09	7.42272e+09	7.33986e+09	8.55948e+09	7.43548e+09	7.36901e+09	8.60024e+09	8.38994e+09	7.48732e+09	7.57362e+09	8.2513e+09	7.60964e+09	8.29377e+09	7.94945e+09	8.01133e+09	8.08479e+09	8.08624e+09	7.2685e+09	8.04821e+09	7.41984e+09	7.65517e+09	7.55633e+09	7.9972e+09	7.71864e+09	7.47873e+09	7.64932e+09	6.25949e+09	6.28316e+09	7.71961e+09	6.34874e+09	7.11225e+09	6.19827e+09	6.09653e+09	6.2432e+09	6.0034e+09	5.95991e+09	6.22769e+09	6.14334e+09	7.27495e+09	8.20744e+09	7.15429e+09	7.10071e+09	8.22863e+09	8.19312e+09	6.94716e+09	7.18267e+09	6.04108e+09	7.38844e+09	5.72542e+09	7.37875e+09	6.68023e+09	7.62704e+09	7.62786e+09	7.66157e+09	6.52967e+09	6.55058e+09	5.65845e+09	6.14672e+09	4.51794e+09	5.39543e+09	5.13573e+09	5.36497e+09	5.84164e+09	6.73948e+09	6.81377e+09	6.71267e+09	6.73288e+09	7.26484e+09	6.6192e+09	6.25967e+09	5.84882e+09	6.36755e+09	6.22973e+09	6.40395e+09
ERR637061	8.6983e+09	8.48696e+09	8.57678e+09	8.39443e+09	8.74554e+09	8.70514e+09	6.33985e+09	7.34838e+09	6.03237e+09	6.16608e+09	6.26663e+09	7.72865e+09	6.67123e+09	5.96177e+09	6.96172e+09	5.80056e+09	6.58449e+09	6.68583e+09	7.41418e+09	7.33572e+09	7.0167e+09	7.52859e+09	7.58754e+09	7.50633e+09	7.42421e+09	8.67812e+09	7.52181e+09	7.45467e+09	8.72055e+09	8.50296e+09	7.57827e+09	7.66583e+09	8.35948e+09	7.70296e+09	8.40502e+09	8.04847e+09	8.11158e+09	8.18839e+09	8.18999e+09	7.34713e+09	8.1498e+09	7.50123e+09	7.75129e+09	7.65106e+09	8.10351e+09	7.81671e+09	7.57089e+09	7.74603e+09	6.34416e+09	6.36569e+09	7.83144e+09	6.43555e+09	7.21194e+09	6.28236e+09	6.18837e+09	6.33798e+09	6.09266e+09	6.04786e+09	6.32171e+09	6.23575e+09	7.36976e+09	8.32327e+09	7.24605e+09	7.19302e+09	8.3446e+09	8.30861e+09	7.04219e+09	7.28498e+09	6.12191e+09	7.49163e+09	5.80034e+09	7.48239e+09	6.76033e+09	7.72677e+09	7.72729e+09	7.76206e+09	6.60759e+09	6.62864e+09	5.74751e+09	6.24736e+09	4.58188e+09	5.47939e+09	5.21428e+09	5.44837e+09	5.91455e+09	6.83212e+09	6.90616e+09	6.80479e+09	6.82474e+09	7.36593e+09	6.71825e+09	6.35073e+09	5.93132e+09	6.4625e+09	6.32182e+09	6.49917e+09
ERR637058	8.90848e+09	8.68098e+09	8.77571e+09	8.58823e+09	8.70514e+09	9.16929e+09	6.47437e+09	7.51139e+09	6.15193e+09	6.29595e+09	6.39887e+09	7.9069e+09	6.82434e+09	6.1015e+09	7.12425e+09	5.9322e+09	6.74312e+09	6.83958e+09	7.56324e+09	7.47896e+09	7.14921e+09	7.67914e+09	7.7415e+09	7.65576e+09	7.57186e+09	8.88924e+09	7.67372e+09	7.60352e+09	8.9368e+09	8.70502e+09	7.73965e+09	7.83355e+09	8.55435e+09	7.87229e+09	8.60513e+09	8.22893e+09	8.29083e+09	8.37349e+09	8.37562e+09	7.48941e+09	8.33118e+09	7.65031e+09	7.91653e+09	7.80999e+09	8.28879e+09	7.98538e+09	7.72946e+09	7.91009e+09	6.48756e+09	6.50472e+09	8.0235e+09	6.58227e+09	7.38229e+09	6.42361e+09	6.34579e+09	6.50051e+09	6.24625e+09	6.19944e+09	6.4851e+09	6.39504e+09	7.53146e+09	8.52303e+09	7.40292e+09	7.34958e+09	8.54543e+09	8.50721e+09	7.20396e+09	7.45848e+09	6.25736e+09	7.66822e+09	5.92556e+09	7.65821e+09	6.89525e+09	7.8973e+09	7.89735e+09	7.93365e+09	6.73892e+09	6.7591e+09	5.88862e+09	6.40714e+09	4.6841e+09	5.60778e+09	5.33456e+09	5.57546e+09	6.03684e+09	6.98739e+09	7.06252e+09	6.95921e+09	6.98025e+09	7.5378e+09	6.88752e+09	6.5065e+09	6.07261e+09	6.62529e+09	6.47997e+09	6.66283e+09
ERR622146	6.46824e+09	6.32441e+09	6.38528e+09	6.26618e+09	6.33985e+09	6.47437e+09	5.19927e+09	5.72277e+09	4.78126e+09	4.89773e+09	4.9704e+09	5.98528e+09	5.12534e+09	4.62845e+09	5.32584e+09	4.51326e+09	5.06807e+09	5.13513e+09	5.69127e+09	5.63293e+09	5.41368e+09	5.76523e+09	5.80826e+09	5.75096e+09	5.64902e+09	6.50259e+09	5.71514e+09	5.67033e+09	6.53309e+09	6.38386e+09	5.76596e+09	5.82613e+09	6.27924e+09	5.85067e+09	6.31357e+09	6.07501e+09	6.14967e+09	6.20197e+09	6.20368e+09	5.61581e+09	6.17674e+09	5.72218e+09	5.79474e+09	5.724e+09	6.04075e+09	5.84174e+09	5.67236e+09	5.79102e+09	4.88355e+09	4.89524e+09	5.90722e+09	4.94739e+09	5.48396e+09	4.83829e+09	4.77664e+09	4.88222e+09	4.70689e+09	4.67431e+09	4.87277e+09	4.81167e+09	5.57511e+09	6.21849e+09	5.49018e+09	5.45552e+09	6.23251e+09	6.20873e+09	5.36224e+09	5.52945e+09	4.72178e+09	5.66996e+09	4.49218e+09	5.66493e+09	5.14431e+09	5.80495e+09	5.80402e+09	5.82746e+09	5.03874e+09	5.05215e+09	4.46015e+09	4.819e+09	3.5967e+09	4.26191e+09	4.06693e+09	4.23776e+09	4.56308e+09	5.21363e+09	5.26305e+09	5.19449e+09	5.20876e+09	5.57935e+09	5.13735e+09	4.8806e+09	4.57974e+09	4.96411e+09	4.86398e+09	4.98919e+09
ERR622144	7.50609e+09	7.33014e+09	7.40352e+09	7.25968e+09	7.34838e+09	7.51139e+09	5.72277e+09	6.80411e+09	5.45081e+09	5.57331e+09	5.66083e+09	6.90755e+09	5.86353e+09	5.26038e+09	6.10675e+09	5.12389e+09	5.78934e+09	5.87602e+09	6.55658e+09	6.48941e+09	6.22417e+09	6.64972e+09	6.70148e+09	6.63238e+09	6.50811e+09	7.54701e+09	6.58837e+09	6.53365e+09	7.58208e+09	7.40197e+09	6.6436e+09	6.71526e+09	7.2733e+09	6.74575e+09	7.31277e+09	7.02375e+09	7.11475e+09	7.17741e+09	7.17966e+09	6.46953e+09	7.14696e+09	6.59896e+09	6.70047e+09	6.61567e+09	6.99599e+09	6.75563e+09	6.5511e+09	6.69586e+09	5.56897e+09	5.58803e+09	6.81787e+09	5.64737e+09	6.30011e+09	5.51629e+09	5.44197e+09	5.56943e+09	5.36066e+09	5.32224e+09	5.55634e+09	5.48372e+09	6.42347e+09	7.2082e+09	6.32054e+09	6.2771e+09	7.22547e+09	7.1954e+09	6.15542e+09	6.35726e+09	5.37876e+09	6.53106e+09	5.10394e+09	6.52362e+09	5.90848e+09	6.70762e+09	6.70671e+09	6.73574e+09	5.78064e+09	5.79806e+09	5.05586e+09	5.48245e+09	4.04966e+09	4.82371e+09	4.59485e+09	4.79655e+09	5.19495e+09	5.97308e+09	6.03456e+09	5.94982e+09	5.96708e+09	6.42044e+09	5.87939e+09	5.57047e+09	5.2117e+09	5.66628e+09	5.54539e+09	5.6966e+09
ERR622143	6.15495e+09	6.01931e+09	6.07268e+09	5.96855e+09	6.03237e+09	6.15193e+09	4.78126e+09	5.45081e+09	4.76358e+09	4.66671e+09	4.73407e+09	5.68755e+09	4.82576e+09	4.3369e+09	5.0132e+09	4.23835e+09	4.74758e+09	4.83437e+09	5.42593e+09	5.38298e+09	5.17764e+09	5.50757e+09	5.54531e+09	5.49444e+09	5.38447e+09	6.1718e+09	5.44564e+09	5.40226e+09	6.19248e+09	6.06206e+09	5.48036e+09	5.52977e+09	5.96554e+09	5.55248e+09	5.9855e+09	5.77463e+09	5.85554e+09	5.89518e+09	5.89668e+09	5.37081e+09	5.87835e+09	5.47263e+09	5.52207e+09	5.457e+09	5.73937e+09	5.56108e+09	5.40169e+09	5.51838e+09	4.62163e+09	4.65078e+09	5.58556e+09	4.68146e+09	5.18898e+09	4.58003e+09	4.51709e+09	4.61787e+09	4.45623e+09	4.42862e+09	4.60512e+09	4.54992e+09	5.30441e+09	5.89947e+09	5.22682e+09	5.18799e+09	5.91367e+09	5.89049e+09	5.07848e+09	5.22096e+09	4.47013e+09	5.36593e+09	4.25884e+09	5.36049e+09	4.90347e+09	5.51374e+09	5.51385e+09	5.53632e+09	4.80101e+09	4.82052e+09	4.19559e+09	4.52245e+09	3.40788e+09	4.02055e+09	3.83827e+09	3.9986e+09	4.35197e+09	4.9374e+09	4.98955e+09	4.91872e+09	4.93212e+09	5.28384e+09	4.86418e+09	4.62802e+09	4.34941e+09	4.69325e+09	4.59918e+09	4.71745e+09
ERR622148	6.29029e+09	6.15163e+09	6.20985e+09	6.09548e+09	6.16608e+09	6.29595e+09	4.89773e+09	5.57331e+09	4.66671e+09	4.95138e+09	4.84905e+09	5.82582e+09	4.99504e+09	4.51623e+09	5.18845e+09	4.40475e+09	4.94004e+09	5.00512e+09	5.53973e+09	5.48385e+09	5.27227e+09	5.61138e+09	5.65276e+09	5.59785e+09	5.50047e+09	6.32361e+09	5.56386e+09	5.52057e+09	6.35276e+09	6.20877e+09	5.61283e+09	5.67006e+09	6.1071e+09	5.69426e+09	6.14024e+09	5.9102e+09	5.98255e+09	6.03304e+09	6.03519e+09	5.46774e+09	6.00885e+09	5.57059e+09	5.64024e+09	5.57236e+09	5.87751e+09	5.68544e+09	5.52249e+09	5.63671e+09	4.76397e+09	4.77576e+09	5.75012e+09	4.8265e+09	5.34247e+09	4.72083e+09	4.66137e+09	4.76419e+09	4.5944e+09	4.56319e+09	4.75438e+09	4.69546e+09	5.43086e+09	6.0503e+09	5.34835e+09	5.31549e+09	6.06362e+09	6.04033e+09	5.22467e+09	5.38643e+09	4.60737e+09	5.52126e+09	4.38616e+09	5.51603e+09	5.01429e+09	5.651e+09	5.64993e+09	5.67283e+09	4.91321e+09	4.92569e+09	4.35543e+09	4.70202e+09	3.51832e+09	4.16358e+09	3.97516e+09	4.14035e+09	4.45592e+09	5.08267e+09	5.12988e+09	5.06371e+09	5.07746e+09	5.43485e+09	5.01021e+09	4.76241e+09	4.47168e+09	4.84277e+09	4.74581e+09	4.86682e+09
ERR622147	6.39329e+09	6.25168e+09	6.31121e+09	6.19417e+09	6.26663e+09	6.39887e+09	4.9704e+09	5.66083e+09	4.73407e+09	4.84905e+09	5.09581e+09	5.9192e+09	5.07163e+09	4.58313e+09	5.26912e+09	4.46955e+09	5.01619e+09	5.08207e+09	5.6271e+09	5.56994e+09	5.35353e+09	5.69999e+09	5.74237e+09	5.68608e+09	5.58587e+09	6.42731e+09	5.65098e+09	5.60654e+09	6.45695e+09	6.30949e+09	5.70202e+09	5.7605e+09	6.20632e+09	5.78505e+09	6.24025e+09	6.0052e+09	6.07947e+09	6.13098e+09	6.1331e+09	5.55298e+09	6.10607e+09	5.65804e+09	5.72897e+09	5.65952e+09	5.97118e+09	5.77491e+09	5.60885e+09	5.725e+09	4.8346e+09	4.84577e+09	5.84203e+09	4.8977e+09	5.42571e+09	4.79004e+09	4.73003e+09	4.83429e+09	4.66136e+09	4.62934e+09	4.82494e+09	4.76441e+09	5.51443e+09	6.14681e+09	5.43108e+09	5.39737e+09	6.16058e+09	6.13745e+09	5.30511e+09	5.47046e+09	4.67475e+09	5.60797e+09	4.44879e+09	5.60254e+09	5.09018e+09	5.73909e+09	5.73813e+09	5.76104e+09	4.98645e+09	4.99962e+09	4.41821e+09	4.77256e+09	3.56588e+09	4.22259e+09	4.03108e+09	4.19901e+09	4.51941e+09	5.16019e+09	5.20762e+09	5.1407e+09	5.15511e+09	5.51977e+09	5.08547e+09	4.83238e+09	4.53595e+09	4.9153e+09	4.81593e+09	4.93984e+09
ERR622145	7.89808e+09	7.70808e+09	7.78892e+09	7.63173e+09	7.72865e+09	7.9069e+09	5.98528e+09	6.90755e+09	5.68755e+09	5.82582e+09	5.9192e+09	7.48871e+09	6.15565e+09	5.52107e+09	6.4159e+09	5.37194e+09	6.08461e+09	6.1695e+09	6.87649e+09	6.80095e+09	6.51685e+09	6.97296e+09	7.02909e+09	6.95434e+09	6.82468e+09	7.94787e+09	6.91134e+09	6.85272e+09	7.98861e+09	7.79079e+09	6.97244e+09	7.05218e+09	7.65041e+09	7.08559e+09	7.69736e+09	7.38077e+09	7.47441e+09	7.54541e+09	7.54811e+09	6.77709e+09	7.50972e+09	6.91533e+09	7.03517e+09	6.9439e+09	7.3564e+09	7.09547e+09	6.87675e+09	7.02971e+09	5.83544e+09	5.84895e+09	7.17008e+09	5.91828e+09	6.61427e+09	5.77834e+09	5.70566e+09	5.84054e+09	5.61697e+09	5.57541e+09	5.82858e+09	5.74931e+09	6.73791e+09	7.58468e+09	6.6269e+09	6.58193e+09	7.60279e+09	7.57104e+09	6.46014e+09	6.68051e+09	5.63325e+09	6.86252e+09	5.34082e+09	6.85478e+09	6.18757e+09	7.0468e+09	7.04555e+09	7.0766e+09	6.05201e+09	6.06895e+09	5.29879e+09	5.75624e+09	4.2277e+09	5.04896e+09	4.80643e+09	5.02003e+09	5.42844e+09	6.26439e+09	6.3279e+09	6.23873e+09	6.25757e+09	6.74168e+09	6.16851e+09	5.83787e+09	5.4543e+09	5.94313e+09	5.81445e+09	5.97602e+09
ERR630295	6.80044e+09	6.65024e+09	6.72505e+09	6.57718e+09	6.67123e+09	6.82434e+09	5.12534e+09	5.86353e+09	4.82576e+09	4.99504e+09	5.07163e+09	6.15565e+09	6.65678e+09	5.90162e+09	6.72071e+09	5.7206e+09	6.46294e+09	6.48071e+09	5.84893e+09	5.76946e+09	5.547e+09	5.89629e+09	5.94638e+09	5.88307e+09	5.97146e+09	6.91604e+09	6.0398e+09	5.99734e+09	6.96587e+09	6.77823e+09	6.16388e+09	6.24706e+09	6.71499e+09	6.27622e+09	6.79004e+09	6.49254e+09	6.39568e+09	6.47016e+09	6.47034e+09	5.80313e+09	6.42659e+09	5.91367e+09	6.7682e+09	6.67909e+09	7.09361e+09	6.8344e+09	6.63835e+09	6.76306e+09	5.7619e+09	5.74039e+09	6.98355e+09	5.84323e+09	6.47162e+09	5.71106e+09	5.57813e+09	5.70189e+09	5.48847e+09	5.44631e+09	5.69681e+09	5.62007e+09	6.48408e+09	7.25187e+09	6.38144e+09	6.35353e+09	7.26663e+09	7.24232e+09	6.41205e+09	6.66006e+09	5.65206e+09	6.78659e+09	5.36283e+09	6.78083e+09	5.97901e+09	6.77808e+09	6.77506e+09	6.80341e+09	5.86804e+09	5.86594e+09	5.44024e+09	5.8926e+09	4.34837e+09	5.17302e+09	4.9341e+09	5.1406e+09	5.29432e+09	6.11858e+09	6.1554e+09	6.09405e+09	6.11171e+09	6.53833e+09	6.0592e+09	5.74911e+09	5.38402e+09	5.87374e+09	5.75742e+09	5.89993e+09
ERR630292	6.07056e+09	5.94228e+09	6.01037e+09	5.87681e+09	5.96177e+09	6.1015e+09	4.62845e+09	5.26038e+09	4.3369e+09	4.51623e+09	4.58313e+09	5.52107e+09	5.90162e+09	5.63866e+09	6.12537e+09	5.29212e+09	5.95137e+09	5.92133e+09	5.2324e+09	5.15172e+09	4.95978e+09	5.26278e+09	5.30954e+09	5.25138e+09	5.3566e+09	6.19256e+09	5.41701e+09	5.38148e+09	6.24515e+09	6.07153e+09	5.54551e+09	5.62581e+09	6.01971e+09	5.65311e+09	6.09959e+09	5.82713e+09	5.71301e+09	5.78844e+09	5.78911e+09	5.18261e+09	5.74184e+09	5.27915e+09	6.07357e+09	5.99508e+09	6.37238e+09	6.13627e+09	5.96919e+09	6.06892e+09	5.25222e+09	5.21056e+09	6.29836e+09	5.32246e+09	5.85761e+09	5.20693e+09	5.0882e+09	5.19422e+09	5.00573e+09	4.96528e+09	5.19574e+09	5.12486e+09	5.82825e+09	6.49784e+09	5.73704e+09	5.72073e+09	6.5093e+09	6.48936e+09	5.81751e+09	6.05286e+09	5.16875e+09	6.1403e+09	4.91187e+09	6.13603e+09	5.38901e+09	6.0884e+09	6.08544e+09	6.1089e+09	5.29797e+09	5.28809e+09	5.00094e+09	5.40504e+09	4.00995e+09	4.75146e+09	4.5406e+09	4.72176e+09	4.81221e+09	5.55213e+09	5.57607e+09	5.53096e+09	5.547e+09	5.9082e+09	5.49842e+09	5.2263e+09	4.90266e+09	5.34893e+09	5.24767e+09	5.37052e+09
ERR630293	7.09864e+09	6.93919e+09	7.01891e+09	6.86207e+09	6.96172e+09	7.12425e+09	5.32584e+09	6.10675e+09	5.0132e+09	5.18845e+09	5.26912e+09	6.4159e+09	6.72071e+09	6.12537e+09	7.20367e+09	5.93285e+09	6.72259e+09	6.74099e+09	6.09426e+09	6.01094e+09	5.77527e+09	6.14539e+09	6.19817e+09	6.13118e+09	6.21818e+09	7.22003e+09	6.29056e+09	6.24522e+09	7.2729e+09	7.074e+09	6.42105e+09	6.50804e+09	7.00626e+09	6.53901e+09	7.08585e+09	6.76988e+09	6.6708e+09	6.74972e+09	6.74981e+09	6.04365e+09	6.70352e+09	6.16064e+09	7.05408e+09	6.95978e+09	7.40161e+09	7.12499e+09	6.91486e+09	7.04887e+09	5.98299e+09	5.9609e+09	7.28196e+09	6.06932e+09	6.7367e+09	5.92905e+09	5.79658e+09	5.92706e+09	5.70172e+09	5.65685e+09	5.92208e+09	5.84036e+09	6.75042e+09	7.56991e+09	6.64043e+09	6.61072e+09	7.58641e+09	7.56057e+09	6.67312e+09	6.93688e+09	5.86665e+09	7.07255e+09	5.56066e+09	7.06682e+09	6.21277e+09	7.06446e+09	7.06178e+09	7.09126e+09	6.09552e+09	6.09367e+09	5.64553e+09	6.12435e+09	4.49758e+09	5.36312e+09	5.11139e+09	5.32934e+09	5.49045e+09	6.36188e+09	6.40137e+09	6.33586e+09	6.35457e+09	6.80869e+09	6.3057e+09	5.97576e+09	5.5899e+09	6.10746e+09	5.98443e+09	6.13565e+09
ERR630290	5.90534e+09	5.78225e+09	5.8466e+09	5.72018e+09	5.80056e+09	5.9322e+09	4.51326e+09	5.12389e+09	4.23835e+09	4.40475e+09	4.46955e+09	5.37194e+09	5.7206e+09	5.29212e+09	5.93285e+09	5.29307e+09	5.75268e+09	5.73841e+09	5.09899e+09	5.02336e+09	4.83843e+09	5.12989e+09	5.17432e+09	5.11905e+09	5.22001e+09	6.01695e+09	5.2779e+09	5.24336e+09	6.06475e+09	5.90167e+09	5.39639e+09	5.47099e+09	5.85083e+09	5.4963e+09	5.92304e+09	5.66623e+09	5.5627e+09	5.63249e+09	5.6327e+09	5.05705e+09	5.58964e+09	5.14975e+09	5.91029e+09	5.83571e+09	6.18983e+09	5.96917e+09	5.80903e+09	5.90598e+09	5.1113e+09	5.07713e+09	6.11267e+09	5.179e+09	5.69255e+09	5.06823e+09	4.9474e+09	5.05022e+09	4.86957e+09	4.83185e+09	5.04919e+09	4.9825e+09	5.67489e+09	6.31085e+09	5.58814e+09	5.57086e+09	6.32196e+09	6.30278e+09	5.65008e+09	5.86913e+09	5.02799e+09	5.95911e+09	4.78322e+09	5.95396e+09	5.25536e+09	5.92233e+09	5.91938e+09	5.94179e+09	5.16743e+09	5.1591e+09	4.86007e+09	5.24413e+09	3.91201e+09	4.62432e+09	4.42171e+09	4.59652e+09	4.69625e+09	5.40011e+09	5.42587e+09	5.37993e+09	5.39494e+09	5.7423e+09	5.34559e+09	5.08591e+09	4.77661e+09	5.19976e+09	5.10305e+09	5.22071e+09
ERR630291	6.71026e+09	6.56232e+09	6.64005e+09	6.48801e+09	6.58449e+09	6.74312e+09	5.06807e+09	5.78934e+09	4.74758e+09	4.94004e+09	5.01619e+09	6.08461e+09	6.46294e+09	5.95137e+09	6.72259e+09	5.75268e+09	6.7063e+09	6.4845e+09	5.76429e+09	5.676e+09	5.4574e+09	5.80192e+09	5.85419e+09	5.78896e+09	5.8903e+09	6.84243e+09	5.95917e+09	5.91851e+09	6.90032e+09	6.70349e+09	6.09928e+09	6.18843e+09	6.6429e+09	6.21924e+09	6.73071e+09	6.42179e+09	6.30664e+09	6.38956e+09	6.39062e+09	5.7062e+09	6.33911e+09	5.81568e+09	6.68752e+09	6.59803e+09	7.02903e+09	6.75918e+09	6.5649e+09	6.68247e+09	5.73459e+09	5.69398e+09	6.94315e+09	5.81605e+09	6.4335e+09	5.6842e+09	5.55795e+09	5.67881e+09	5.46552e+09	5.41986e+09	5.67951e+09	5.59963e+09	6.40956e+09	7.18161e+09	6.30564e+09	6.28523e+09	7.19516e+09	7.17167e+09	6.38125e+09	6.64738e+09	5.63334e+09	6.75429e+09	5.34267e+09	6.74839e+09	5.90562e+09	6.70747e+09	6.70371e+09	6.73112e+09	5.80014e+09	5.79141e+09	5.4463e+09	5.90716e+09	4.33719e+09	5.16714e+09	4.92903e+09	5.13398e+09	5.24378e+09	6.08342e+09	6.11311e+09	6.05884e+09	6.07694e+09	6.49568e+09	6.02715e+09	5.71563e+09	5.34823e+09	5.85255e+09	5.73714e+09	5.87758e+09
ERR630294	6.81478e+09	6.66469e+09	6.73982e+09	6.5918e+09	6.68583e+09	6.83958e+09	5.13513e+09	5.87602e+09	4.83437e+09	5.00512e+09	5.08207e+09	6.1695e+09	6.48071e+09	5.92133e+09	6.74099e+09	5.73841e+09	6.4845e+09	6.69576e+09	5.86163e+09	5.78131e+09	5.55863e+09	5.90891e+09	5.95937e+09	5.89558e+09	5.98465e+09	6.93282e+09	6.05365e+09	6.01107e+09	6.98338e+09	6.79482e+09	6.1797e+09	6.26329e+09	6.73185e+09	6.2928e+09	6.80787e+09	6.50898e+09	6.40872e+09	6.48414e+09	6.48424e+09	5.81452e+09	6.43947e+09	5.92566e+09	6.78435e+09	6.69506e+09	7.11177e+09	6.85094e+09	6.65424e+09	6.77908e+09	5.77532e+09	5.75314e+09	7.00142e+09	5.85687e+09	6.48766e+09	5.72457e+09	5.59092e+09	5.71422e+09	5.50043e+09	5.45791e+09	5.70951e+09	5.63238e+09	6.49791e+09	7.26846e+09	6.39446e+09	6.36695e+09	7.2829e+09	7.25867e+09	6.42918e+09	6.6797e+09	5.66675e+09	6.80504e+09	5.37614e+09	6.80014e+09	5.99045e+09	6.79317e+09	6.79045e+09	6.81837e+09	5.87977e+09	5.87738e+09	5.4531e+09	5.90696e+09	4.35674e+09	5.18385e+09	4.94433e+09	5.15147e+09	5.30487e+09	6.13288e+09	6.16999e+09	6.10786e+09	6.12521e+09	6.55439e+09	6.0732e+09	5.76191e+09	5.3952e+09	5.88762e+09	5.77119e+09	5.91417e+09
ERR636746	7.55178e+09	7.39601e+09	7.46358e+09	7.33139e+09	7.41418e+09	7.56324e+09	5.69127e+09	6.55658e+09	5.42593e+09	5.53973e+09	5.6271e+09	6.87649e+09	5.84893e+09	5.2324e+09	6.09426e+09	5.09899e+09	5.76429e+09	5.86163e+09	6.90358e+09	6.65436e+09	6.3911e+09	6.80947e+09	6.85694e+09	6.792e+09	6.63325e+09	7.58066e+09	6.71104e+09	6.6587e+09	7.61734e+09	7.45146e+09	6.72847e+09	6.80037e+09	7.33589e+09	6.82858e+09	7.37632e+09	7.10021e+09	7.18609e+09	7.24809e+09	7.25093e+09	6.6018e+09	7.21605e+09	6.71742e+09	6.8066e+09	6.72849e+09	7.08068e+09	6.85769e+09	6.66897e+09	6.80186e+09	5.54308e+09	5.56298e+09	6.8017e+09	5.61981e+09	6.27944e+09	5.48942e+09	5.30858e+09	5.43203e+09	5.22789e+09	5.19014e+09	5.42086e+09	5.34838e+09	6.44568e+09	7.23059e+09	6.34224e+09	6.29525e+09	7.24898e+09	7.21955e+09	6.14737e+09	6.35128e+09	5.3625e+09	6.5285e+09	5.08636e+09	6.52019e+09	5.97719e+09	6.7804e+09	6.78068e+09	6.80844e+09	5.84594e+09	5.86544e+09	4.95446e+09	5.37496e+09	3.96493e+09	4.73011e+09	4.50521e+09	4.70322e+09	5.18329e+09	5.96102e+09	6.02682e+09	5.93801e+09	5.95519e+09	6.41684e+09	5.76367e+09	5.45794e+09	5.10621e+09	5.55022e+09	5.43245e+09	5.58185e+09
ERR636747	7.47285e+09	7.3188e+09	7.38372e+09	7.25591e+09	7.33572e+09	7.47896e+09	5.63293e+09	6.48941e+09	5.38298e+09	5.48385e+09	5.56994e+09	6.80095e+09	5.76946e+09	5.15172e+09	6.01094e+09	5.02336e+09	5.676e+09	5.78131e+09	6.65436e+09	6.77461e+09	6.33448e+09	6.74787e+09	6.79339e+09	6.72988e+09	6.56666e+09	7.49439e+09	6.64227e+09	6.59062e+09	7.52571e+09	7.36719e+09	6.65549e+09	6.72267e+09	7.25554e+09	6.75008e+09	7.28883e+09	7.0234e+09	7.11259e+09	7.16885e+09	7.17068e+09	6.54262e+09	7.14138e+09	6.65738e+09	6.73643e+09	6.66021e+09	7.00094e+09	6.78587e+09	6.59848e+09	6.73224e+09	5.474e+09	5.50122e+09	6.71671e+09	5.54986e+09	6.20247e+09	5.42144e+09	5.24045e+09	5.36324e+09	5.16303e+09	5.12628e+09	5.3507e+09	5.28056e+09	6.37813e+09	7.14746e+09	6.27717e+09	6.22886e+09	7.16554e+09	7.13669e+09	6.07212e+09	6.26732e+09	5.29526e+09	6.44774e+09	5.02382e+09	6.44034e+09	5.91735e+09	6.70507e+09	6.70545e+09	6.73319e+09	5.78682e+09	5.80877e+09	4.88274e+09	5.29382e+09	3.91564e+09	4.66606e+09	4.44414e+09	4.64014e+09	5.13102e+09	5.88843e+09	5.95606e+09	5.86563e+09	5.88251e+09	6.33891e+09	5.69247e+09	5.39258e+09	5.04744e+09	5.479e+09	5.36282e+09	5.51071e+09
ERR636745	7.14228e+09	7.00092e+09	7.06095e+09	6.94357e+09	7.0167e+09	7.14921e+09	5.41368e+09	6.22417e+09	5.17764e+09	5.27227e+09	5.35353e+09	6.51685e+09	5.547e+09	4.95978e+09	5.77527e+09	4.83843e+09	5.4574e+09	5.55863e+09	6.3911e+09	6.33448e+09	6.26131e+09	6.47603e+09	6.51838e+09	6.45942e+09	6.30904e+09	7.16342e+09	6.37919e+09	6.3312e+09	7.19388e+09	7.04729e+09	6.38894e+09	6.4527e+09	6.94372e+09	6.47809e+09	6.97634e+09	6.73048e+09	6.81118e+09	6.86393e+09	6.86615e+09	6.28505e+09	6.83774e+09	6.39137e+09	6.4622e+09	6.39092e+09	6.70819e+09	6.50815e+09	6.33574e+09	6.45818e+09	5.25821e+09	5.284e+09	6.43329e+09	5.33011e+09	5.9474e+09	5.2077e+09	5.01442e+09	5.13018e+09	4.94063e+09	4.90595e+09	5.11834e+09	5.05196e+09	6.11967e+09	6.84033e+09	6.02424e+09	5.97797e+09	6.85733e+09	6.83012e+09	5.82881e+09	6.0132e+09	5.09247e+09	6.18405e+09	4.83424e+09	6.17648e+09	5.69237e+09	6.43219e+09	6.43252e+09	6.4577e+09	5.56963e+09	5.58969e+09	4.68308e+09	5.07158e+09	3.76267e+09	4.47701e+09	4.2657e+09	4.45146e+09	4.93464e+09	5.65296e+09	5.7164e+09	5.63074e+09	5.64694e+09	6.07891e+09	5.44756e+09	5.16433e+09	4.83761e+09	5.24631e+09	5.13661e+09	5.27618e+09
ERR636749	7.67324e+09	7.51096e+09	7.57866e+09	7.44472e+09	7.52859e+09	7.67914e+09	5.76523e+09	6.64972e+09	5.50757e+09	5.61138e+09	5.69999e+09	6.97296e+09	5.89629e+09	5.26278e+09	6.14539e+09	5.12989e+09	5.80192e+09	5.90891e+09	6.80947e+09	6.74787e+09	6.47603e+09	7.09946e+09	6.95951e+09	6.89273e+09	6.71813e+09	7.69425e+09	6.79806e+09	6.74327e+09	7.72693e+09	7.56079e+09	6.81281e+09	6.88357e+09	7.44389e+09	6.91243e+09	7.47721e+09	7.19867e+09	7.29287e+09	7.35125e+09	7.35395e+09	6.69514e+09	7.32311e+09	6.81513e+09	6.89998e+09	6.81913e+09	7.17657e+09	6.95097e+09	6.75439e+09	6.8951e+09	5.60099e+09	5.6278e+09	6.88346e+09	5.67931e+09	6.35208e+09	5.54651e+09	5.37722e+09	5.50328e+09	5.29643e+09	5.25866e+09	5.49087e+09	5.41802e+09	6.52912e+09	7.32919e+09	6.42413e+09	6.37382e+09	7.34827e+09	7.31745e+09	6.21839e+09	6.41934e+09	5.41617e+09	6.60584e+09	5.1374e+09	6.59678e+09	6.04681e+09	6.86544e+09	6.86566e+09	6.89442e+09	5.91183e+09	5.9347e+09	4.99805e+09	5.42149e+09	4.00306e+09	4.77405e+09	4.54627e+09	4.74738e+09	5.24472e+09	6.02713e+09	6.09659e+09	6.0036e+09	6.02102e+09	6.49217e+09	5.83958e+09	5.52974e+09	5.17295e+09	5.61936e+09	5.49952e+09	5.65233e+09
ERR636750	7.73445e+09	7.56994e+09	7.63899e+09	7.50258e+09	7.58754e+09	7.7415e+09	5.80826e+09	6.70148e+09	5.54531e+09	5.65276e+09	5.74237e+09	7.02909e+09	5.94638e+09	5.30954e+09	6.19817e+09	5.17432e+09	5.85419e+09	5.95937e+09	6.85694e+09	6.79339e+09	6.51838e+09	6.95951e+09	7.19911e+09	6.94084e+09	6.76519e+09	7.75704e+09	6.84651e+09	6.79065e+09	7.79134e+09	7.6216e+09	6.86516e+09	6.93744e+09	7.50373e+09	6.96683e+09	7.5387e+09	7.25518e+09	7.34849e+09	7.40808e+09	7.4111e+09	6.74015e+09	7.37907e+09	6.86177e+09	6.95166e+09	6.86986e+09	7.23361e+09	7.00346e+09	6.80397e+09	6.94651e+09	5.64711e+09	5.67204e+09	6.94191e+09	5.72623e+09	6.40533e+09	5.59233e+09	5.42656e+09	5.55364e+09	5.34469e+09	5.30567e+09	5.54197e+09	5.46822e+09	6.57963e+09	7.3903e+09	6.47345e+09	6.42345e+09	7.40907e+09	7.37806e+09	6.27039e+09	6.47437e+09	5.46078e+09	6.66133e+09	5.17869e+09	6.65256e+09	6.08979e+09	6.91799e+09	6.91873e+09	6.94776e+09	5.95437e+09	5.97667e+09	5.04483e+09	5.47385e+09	4.03795e+09	4.8175e+09	4.58727e+09	4.79014e+09	5.28407e+09	6.07653e+09	6.14621e+09	6.05278e+09	6.0703e+09	6.5456e+09	5.8919e+09	5.57886e+09	5.21776e+09	5.6712e+09	5.54946e+09	5.70391e+09
ERR636748	7.64992e+09	7.48873e+09	7.55627e+09	7.42272e+09	7.50633e+09	7.65576e+09	5.75096e+09	6.63238e+09	5.49444e+09	5.59785e+09	5.68608e+09	6.95434e+09	5.88307e+09	5.25138e+09	6.13118e+09	5.11905e+09	5.78896e+09	5.89558e+09	6.792e+09	6.72988e+09	6.45942e+09	6.89273e+09	6.94084e+09	7.06102e+09	6.70077e+09	7.67048e+09	6.77966e+09	6.7253e+09	7.70361e+09	7.53826e+09	6.79537e+09	6.86576e+09	7.42257e+09	6.89454e+09	7.45597e+09	7.17886e+09	7.2721e+09	7.33017e+09	7.33282e+09	6.67807e+09	7.30216e+09	6.79744e+09	6.88087e+09	6.8009e+09	7.15621e+09	6.9312e+09	6.73615e+09	6.87575e+09	5.58653e+09	5.61309e+09	6.86388e+09	5.66418e+09	6.33478e+09	5.53221e+09	5.362e+09	5.48732e+09	5.28144e+09	5.24377e+09	5.47537e+09	5.40269e+09	6.51181e+09	7.30883e+09	6.40759e+09	6.35795e+09	7.32767e+09	7.29748e+09	6.20199e+09	6.40202e+09	5.4024e+09	6.58768e+09	5.12429e+09	6.57938e+09	6.0318e+09	6.84642e+09	6.84714e+09	6.87593e+09	5.89792e+09	5.9202e+09	4.98538e+09	5.4078e+09	3.99306e+09	4.76227e+09	4.53501e+09	4.7354e+09	5.23228e+09	6.01173e+09	6.08065e+09	5.98831e+09	6.00532e+09	6.4749e+09	5.82324e+09	5.5144e+09	5.15901e+09	5.60357e+09	5.48438e+09	5.63621e+09
ERR607762	7.56086e+09	7.40673e+09	7.47377e+09	7.33986e+09	7.42421e+09	7.57186e+09	5.64902e+09	6.50811e+09	5.38447e+09	5.50047e+09	5.58587e+09	6.82468e+09	5.97146e+09	5.3566e+09	6.21818e+09	5.22001e+09	5.8903e+09	5.98465e+09	6.63325e+09	6.56666e+09	6.30904e+09	6.71813e+09	6.76519e+09	6.70077e+09	6.90561e+09	7.68381e+09	6.80421e+09	6.75178e+09	7.7212e+09	7.55219e+09	6.75586e+09	6.82792e+09	7.36077e+09	6.85593e+09	7.40241e+09	7.12588e+09	7.19204e+09	7.25435e+09	7.25537e+09	6.60905e+09	7.22195e+09	6.72393e+09	6.90866e+09	6.82961e+09	7.18263e+09	6.96038e+09	6.77328e+09	6.90424e+09	5.62011e+09	5.63763e+09	6.87274e+09	5.69719e+09	6.35272e+09	5.56663e+09	5.3635e+09	5.48504e+09	5.28292e+09	5.24484e+09	5.47531e+09	5.40342e+09	6.52743e+09	7.31197e+09	6.4243e+09	6.37778e+09	7.33008e+09	7.30034e+09	6.24413e+09	6.44981e+09	5.45905e+09	6.62552e+09	5.18166e+09	6.61828e+09	6.07346e+09	6.88184e+09	6.88194e+09	6.90953e+09	5.94283e+09	5.96025e+09	5.04575e+09	5.4656e+09	4.05252e+09	4.8197e+09	4.59428e+09	4.7923e+09	5.25729e+09	6.03612e+09	6.10046e+09	6.01326e+09	6.03029e+09	6.48947e+09	5.83447e+09	5.53086e+09	5.18045e+09	5.62365e+09	5.50649e+09	5.65493e+09
ERR607759	8.87888e+09	8.65485e+09	8.74975e+09	8.55948e+09	8.67812e+09	8.88924e+09	6.50259e+09	7.54701e+09	6.1718e+09	6.32361e+09	6.42731e+09	7.94787e+09	6.91604e+09	6.19256e+09	7.22003e+09	6.01695e+09	6.84243e+09	6.93282e+09	7.58066e+09	7.49439e+09	7.16342e+09	7.69425e+09	7.75704e+09	7.67048e+09	7.68381e+09	9.29754e+09	7.78806e+09	7.71779e+09	9.0917e+09	8.8505e+09	7.76711e+09	7.86281e+09	8.58297e+09	7.9011e+09	8.63897e+09	8.25549e+09	8.34547e+09	8.4301e+09	8.43278e+09	7.53163e+09	8.38741e+09	7.69287e+09	7.97027e+09	7.86209e+09	8.35053e+09	8.0408e+09	7.78261e+09	7.96407e+09	6.51761e+09	6.53018e+09	8.05988e+09	6.61339e+09	7.41472e+09	6.45336e+09	6.36142e+09	6.51472e+09	6.26019e+09	6.2122e+09	6.50231e+09	6.41107e+09	7.56942e+09	8.56971e+09	7.43927e+09	7.38655e+09	8.59283e+09	8.55393e+09	7.26535e+09	7.52565e+09	6.3106e+09	7.73405e+09	5.97539e+09	7.7248e+09	6.94411e+09	7.9596e+09	7.95927e+09	7.99574e+09	6.78665e+09	6.80492e+09	5.93575e+09	6.46041e+09	4.71821e+09	5.64985e+09	5.37424e+09	5.61779e+09	6.055e+09	7.01586e+09	7.08937e+09	6.98776e+09	7.00889e+09	7.56901e+09	6.90985e+09	6.52831e+09	6.09137e+09	6.64993e+09	6.5038e+09	6.68771e+09
ERR607761	7.66221e+09	7.50396e+09	7.57282e+09	7.43548e+09	7.52181e+09	7.67372e+09	5.71514e+09	6.58837e+09	5.44564e+09	5.56386e+09	5.65098e+09	6.91134e+09	6.0398e+09	5.41701e+09	6.29056e+09	5.2779e+09	5.95917e+09	6.05365e+09	6.71104e+09	6.64227e+09	6.37919e+09	6.79806e+09	6.84651e+09	6.77966e+09	6.80421e+09	7.78806e+09	7.06712e+09	6.83029e+09	7.82706e+09	7.65299e+09	6.83608e+09	6.91001e+09	7.45611e+09	6.93884e+09	7.49849e+09	7.21497e+09	7.28351e+09	7.34735e+09	7.34885e+09	6.68465e+09	7.31462e+09	6.80309e+09	6.99136e+09	6.91066e+09	7.2731e+09	7.04496e+09	6.85252e+09	6.98689e+09	5.68624e+09	5.7035e+09	6.96024e+09	5.76479e+09	6.4317e+09	5.63198e+09	5.43426e+09	5.55735e+09	5.35221e+09	5.31308e+09	5.54808e+09	5.4748e+09	6.60607e+09	7.40659e+09	6.50041e+09	6.45377e+09	7.42501e+09	7.39428e+09	6.32041e+09	6.53021e+09	5.52236e+09	6.70857e+09	5.24109e+09	6.70052e+09	6.14039e+09	6.96445e+09	6.96454e+09	6.99264e+09	6.00748e+09	6.02579e+09	5.1093e+09	5.53646e+09	4.10007e+09	4.87934e+09	4.64973e+09	4.85142e+09	5.31649e+09	6.10857e+09	6.17444e+09	6.08586e+09	6.10297e+09	6.56972e+09	5.9115e+09	5.6023e+09	5.24559e+09	5.69727e+09	5.5785e+09	5.7294e+09
ERR607760	7.59156e+09	7.43707e+09	7.50456e+09	7.36901e+09	7.45467e+09	7.60352e+09	5.67033e+09	6.53365e+09	5.40226e+09	5.52057e+09	5.60654e+09	6.85272e+09	5.99734e+09	5.38148e+09	6.24522e+09	5.24336e+09	5.91851e+09	6.01107e+09	6.6587e+09	6.59062e+09	6.3312e+09	6.74327e+09	6.79065e+09	6.7253e+09	6.75178e+09	7.71779e+09	6.83029e+09	6.95668e+09	7.75619e+09	7.58463e+09	6.78231e+09	6.85627e+09	7.39116e+09	6.88443e+09	7.43448e+09	7.15487e+09	7.22028e+09	7.28365e+09	7.28533e+09	6.63175e+09	7.25113e+09	6.74762e+09	6.93402e+09	6.85453e+09	7.21189e+09	6.98678e+09	6.79826e+09	6.92996e+09	5.64226e+09	5.65865e+09	6.90154e+09	5.71996e+09	6.37901e+09	5.58809e+09	5.38551e+09	5.50731e+09	5.3045e+09	5.26603e+09	5.49827e+09	5.4259e+09	6.55166e+09	7.34199e+09	6.44716e+09	6.40125e+09	7.35996e+09	7.32975e+09	6.26923e+09	6.47725e+09	5.48042e+09	6.65284e+09	5.20136e+09	6.64508e+09	6.0948e+09	6.90854e+09	6.90872e+09	6.93619e+09	5.96326e+09	5.98127e+09	5.06864e+09	5.49129e+09	4.06826e+09	4.84082e+09	4.61384e+09	4.81269e+09	5.27561e+09	6.06045e+09	6.12497e+09	6.03749e+09	6.05498e+09	6.51656e+09	5.85902e+09	5.55345e+09	5.20044e+09	5.64756e+09	5.52958e+09	5.67934e+09
ERR637124	8.92079e+09	8.69702e+09	8.79376e+09	8.60024e+09	8.72055e+09	8.9368e+09	6.53309e+09	7.58208e+09	6.19248e+09	6.35276e+09	6.45695e+09	7.98861e+09	6.96587e+09	6.24515e+09	7.2729e+09	6.06475e+09	6.90032e+09	6.98338e+09	7.61734e+09	7.52571e+09	7.19388e+09	7.72693e+09	7.79134e+09	7.70361e+09	7.7212e+09	9.0917e+09	7.82706e+09	7.75619e+09	9.40487e+09	8.89891e+09	7.80796e+09	7.90732e+09	8.62837e+09	7.94709e+09	8.69102e+09	8.29948e+09	8.38526e+09	8.47444e+09	8.4777e+09	7.56322e+09	8.42808e+09	7.72449e+09	8.01049e+09	7.90104e+09	8.39821e+09	8.08335e+09	7.82422e+09	8.00419e+09	6.55743e+09	6.56422e+09	8.11238e+09	6.65422e+09	7.46068e+09	6.49309e+09	6.39911e+09	6.55306e+09	6.29584e+09	6.24677e+09	6.54184e+09	6.44898e+09	7.60678e+09	8.61902e+09	7.47526e+09	7.42453e+09	8.64185e+09	8.60253e+09	7.31065e+09	7.57852e+09	6.35069e+09	7.78332e+09	6.01207e+09	7.77375e+09	6.97764e+09	8.00452e+09	8.00387e+09	8.0407e+09	6.8204e+09	6.83724e+09	5.97786e+09	6.50978e+09	4.7448e+09	5.68616e+09	5.40842e+09	5.65294e+09	6.08266e+09	7.05694e+09	7.12956e+09	7.02905e+09	7.05005e+09	7.61375e+09	6.95022e+09	6.56419e+09	6.12276e+09	6.69039e+09	6.54271e+09	6.72879e+09
ERR637123	8.69321e+09	8.48042e+09	8.5708e+09	8.38994e+09	8.50296e+09	8.70502e+09	6.38386e+09	7.40197e+09	6.06206e+09	6.20877e+09	6.30949e+09	7.79079e+09	6.77823e+09	6.07153e+09	7.074e+09	5.90167e+09	6.70349e+09	6.79482e+09	7.45146e+09	7.36719e+09	7.04729e+09	7.56079e+09	7.6216e+09	7.53826e+09	7.55219e+09	8.8505e+09	7.65299e+09	7.58463e+09	8.89891e+09	8.91016e+09	7.62677e+09	7.7198e+09	8.41256e+09	7.75669e+09	8.46608e+09	8.09938e+09	8.18619e+09	8.26765e+09	8.27054e+09	7.40712e+09	8.22635e+09	7.56141e+09	7.82261e+09	7.71854e+09	8.18723e+09	7.89093e+09	7.6432e+09	7.81682e+09	6.39073e+09	6.40341e+09	7.89e+09	6.48348e+09	7.26382e+09	6.32775e+09	6.21829e+09	6.36656e+09	6.12013e+09	6.07364e+09	6.35449e+09	6.26619e+09	7.42107e+09	8.39034e+09	7.29481e+09	7.24361e+09	8.41249e+09	8.37479e+09	7.12024e+09	7.37243e+09	6.19047e+09	7.5759e+09	5.86382e+09	7.56696e+09	6.8222e+09	7.80829e+09	7.8075e+09	7.84338e+09	6.66804e+09	6.68666e+09	5.80645e+09	6.3151e+09	4.62174e+09	5.52932e+09	5.26067e+09	5.49752e+09	5.94162e+09	6.87636e+09	6.94857e+09	6.84906e+09	6.86968e+09	7.41489e+09	6.75558e+09	6.38553e+09	5.96059e+09	6.50274e+09	6.3611e+09	6.54008e+09
ERR608374	7.72447e+09	7.55891e+09	7.63153e+09	7.48732e+09	7.57827e+09	7.73965e+09	5.76596e+09	6.6436e+09	5.48036e+09	5.61283e+09	5.70202e+09	6.97244e+09	6.16388e+09	5.54551e+09	6.42105e+09	5.39639e+09	6.09928e+09	6.1797e+09	6.72847e+09	6.65549e+09	6.38894e+09	6.81281e+09	6.86516e+09	6.79537e+09	6.75586e+09	7.76711e+09	6.83608e+09	6.78231e+09	7.80796e+09	7.62677e+09	7.20042e+09	7.08425e+09	7.64703e+09	7.11653e+09	7.69832e+09	7.39537e+09	7.31249e+09	7.38158e+09	7.38253e+09	6.68402e+09	7.34556e+09	6.80794e+09	7.05266e+09	6.96782e+09	7.35346e+09	7.11091e+09	6.91007e+09	7.04836e+09	5.80137e+09	5.81226e+09	7.1009e+09	5.88287e+09	6.56125e+09	5.74634e+09	5.57402e+09	5.70075e+09	5.48871e+09	5.44789e+09	5.69235e+09	5.61597e+09	6.69157e+09	7.50714e+09	6.58471e+09	6.53925e+09	7.52451e+09	7.49553e+09	6.43957e+09	6.65743e+09	5.62912e+09	6.83278e+09	5.34031e+09	6.82417e+09	6.18764e+09	7.02433e+09	7.02435e+09	7.05311e+09	6.05586e+09	6.07154e+09	5.2493e+09	5.69142e+09	4.2023e+09	5.00537e+09	4.7684e+09	4.97556e+09	5.40153e+09	6.22039e+09	6.28239e+09	6.1965e+09	6.21355e+09	6.68571e+09	6.05256e+09	5.73554e+09	5.3663e+09	5.83851e+09	5.71608e+09	5.86989e+09
ERR608375	7.81536e+09	7.64637e+09	7.7208e+09	7.57362e+09	7.66583e+09	7.83355e+09	5.82613e+09	6.71526e+09	5.52977e+09	5.67006e+09	5.7605e+09	7.05218e+09	6.24706e+09	5.62581e+09	6.50804e+09	5.47099e+09	6.18843e+09	6.26329e+09	6.80037e+09	6.72267e+09	6.4527e+09	6.88357e+09	6.93744e+09	6.86576e+09	6.82792e+09	7.86281e+09	6.91001e+09	6.85627e+09	7.90732e+09	7.7198e+09	7.08425e+09	7.36904e+09	7.7403e+09	7.20339e+09	7.79743e+09	7.48339e+09	7.39409e+09	7.4675e+09	7.4693e+09	6.75217e+09	7.42805e+09	6.8774e+09	7.13524e+09	7.0478e+09	7.44587e+09	7.19488e+09	6.99195e+09	7.13005e+09	5.87292e+09	5.87824e+09	7.19293e+09	5.95543e+09	6.64353e+09	5.81674e+09	5.64348e+09	5.77131e+09	5.55561e+09	5.51334e+09	5.76398e+09	5.68596e+09	6.76772e+09	7.60157e+09	6.65787e+09	6.61321e+09	7.61876e+09	7.58938e+09	6.52174e+09	6.74915e+09	5.70053e+09	6.92106e+09	5.40615e+09	6.91265e+09	6.25504e+09	7.10868e+09	7.10886e+09	7.13798e+09	6.12146e+09	6.13552e+09	5.31703e+09	5.76942e+09	4.24921e+09	5.06593e+09	4.82549e+09	5.03572e+09	5.45845e+09	6.29586e+09	6.35708e+09	6.27154e+09	6.28902e+09	6.76889e+09	6.12784e+09	5.80422e+09	5.42888e+09	5.91221e+09	5.78755e+09	5.94451e+09
ERR608373	8.54269e+09	8.33723e+09	8.42419e+09	8.2513e+09	8.35948e+09	8.55435e+09	6.27924e+09	7.2733e+09	5.96554e+09	6.1071e+09	6.20632e+09	7.65041e+09	6.71499e+09	6.01971e+09	7.00626e+09	5.85083e+09	6.6429e+09	6.73185e+09	7.33589e+09	7.25554e+09	6.94372e+09	7.44389e+09	7.50373e+09	7.42257e+09	7.36077e+09	8.58297e+09	7.45611e+09	7.39116e+09	8.62837e+09	8.41256e+09	7.64703e+09	7.7403e+09	8.66816e+09	7.7784e+09	8.48521e+09	8.1211e+09	8.03654e+09	8.11399e+09	8.11631e+09	7.28776e+09	8.07532e+09	7.43614e+09	7.7346e+09	7.63327e+09	8.0901e+09	7.80093e+09	7.56003e+09	7.72903e+09	6.33399e+09	6.34778e+09	7.81253e+09	6.42556e+09	7.19555e+09	6.27211e+09	6.14605e+09	6.29147e+09	6.05014e+09	6.00395e+09	6.28025e+09	6.19345e+09	7.33218e+09	8.28002e+09	7.20877e+09	7.15656e+09	8.30112e+09	8.26613e+09	7.05236e+09	7.29817e+09	6.13442e+09	7.49892e+09	5.8115e+09	7.48888e+09	6.73423e+09	7.69806e+09	7.69873e+09	7.73273e+09	6.58368e+09	6.60257e+09	5.74739e+09	6.24762e+09	4.57832e+09	5.47246e+09	5.20743e+09	5.44062e+09	5.88536e+09	6.80516e+09	6.87649e+09	6.77845e+09	6.79788e+09	7.33425e+09	6.67627e+09	6.31416e+09	5.89531e+09	6.429e+09	6.2895e+09	6.46528e+09
