	ERR636926	ERR636927	ERR636925	ERR636930	ERR636928	ERR636929	ERR608374	ERR608375	ERR608373	ERR608376	ERR608372	ERR608371	ERR612170	ERR612171	ERR612169	ERR612172	ERR612168	ERR612167	ERR630047	ERR630042	ERR630044	ERR630046	ERR630045	ERR630043	ERR629940	ERR629944	ERR629945	ERR629943	ERR629942	ERR629941	ERR608027	ERR608025	ERR608026	ERR608028	ERR608029	ERR608030	ERR622183	ERR622179	ERR622180	ERR622184	ERR622181	ERR622182	ERR605656	ERR605653	ERR605658	ERR605654	ERR605657	ERR605655	ERR609283	ERR609287	ERR609286	ERR609284	ERR609288	ERR609285	ERR618578	ERR618573	ERR618576	ERR618574	ERR618575	ERR618577	ERR613697	ERR613698	ERR613699	ERR613696	ERR613695	ERR613700	ERR605600	ERR605599	ERR605602	ERR605603	ERR605604	ERR605601	ERR626557	ERR626552	ERR626555	ERR626553	ERR626556	ERR626554	ERR617497	ERR617495	ERR617496	ERR617493	ERR617494	ERR617498	ERR618397	ERR618394	ERR618395	ERR618393	ERR618398	ERR618396	ERR632075	ERR632076	ERR632077	ERR632074	ERR632078	ERR632073
ERR636926	4.47626e+08	3.08706e+08	2.74837e+08	3.35598e+08	3.37467e+08	3.39138e+08	2.37201e+08	2.42291e+08	2.8631e+08	2.44554e+08	2.88526e+08	2.63872e+08	2.1855e+08	1.78677e+08	2.17418e+08	2.09578e+08	2.16558e+08	2.31952e+08	2.46118e+08	2.47641e+08	2.34115e+08	2.31607e+08	1.98823e+08	2.14016e+08	2.22974e+08	1.78366e+08	1.83018e+08	1.83833e+08	2.19062e+08	1.8928e+08	2.60119e+08	1.6584e+08	2.34168e+08	2.46971e+08	2.44095e+08	2.47236e+08	2.05084e+08	2.55493e+08	2.74714e+08	2.07493e+08	2.73283e+08	2.04149e+08	2.11853e+08	2.45894e+08	2.13602e+08	2.25085e+08	2.16612e+08	2.20667e+08	2.28276e+08	2.30477e+08	1.78094e+08	2.24746e+08	2.26385e+08	2.1014e+08	1.69312e+08	1.9253e+08	1.83169e+08	1.78558e+08	1.83797e+08	1.69511e+08	1.99495e+08	1.9125e+08	1.89299e+08	2.09854e+08	2.16536e+08	1.48894e+08	2.09338e+08	2.22947e+08	2.03832e+08	2.07596e+08	2.03018e+08	1.95646e+08	1.315e+08	1.43686e+08	1.3363e+08	1.62199e+08	1.30255e+08	1.40522e+08	1.70117e+08	1.88466e+08	1.61172e+08	1.82578e+08	1.866e+08	1.72394e+08	1.68968e+08	1.45546e+08	1.61031e+08	1.77034e+08	1.70798e+08	1.63507e+08	2.12999e+08	1.68458e+08	1.55636e+08	1.93114e+08	1.52031e+08	1.70621e+08
ERR636927	3.08706e+08	4.40015e+08	2.7234e+08	3.32894e+08	3.34578e+08	3.36292e+08	2.34651e+08	2.39245e+08	2.83612e+08	2.41536e+08	2.85185e+08	2.61129e+08	2.16111e+08	1.76873e+08	2.15375e+08	2.07337e+08	2.14662e+08	2.29357e+08	2.45757e+08	2.46686e+08	2.33163e+08	2.31501e+08	1.98787e+08	2.13334e+08	2.20161e+08	1.76689e+08	1.81323e+08	1.82292e+08	2.16244e+08	1.87089e+08	2.58243e+08	1.65492e+08	2.32803e+08	2.45436e+08	2.42649e+08	2.4568e+08	2.0273e+08	2.53424e+08	2.71767e+08	2.05065e+08	2.71049e+08	2.01739e+08	2.09502e+08	2.43413e+08	2.11945e+08	2.22873e+08	2.1502e+08	2.1837e+08	2.25973e+08	2.28271e+08	1.76126e+08	2.22585e+08	2.24278e+08	2.08573e+08	1.67285e+08	1.90494e+08	1.80991e+08	1.76963e+08	1.81882e+08	1.67384e+08	1.98257e+08	1.89629e+08	1.87673e+08	2.08606e+08	2.15087e+08	1.47988e+08	2.08121e+08	2.21606e+08	2.02568e+08	2.0639e+08	2.01785e+08	1.94605e+08	1.30476e+08	1.42644e+08	1.32515e+08	1.60748e+08	1.29166e+08	1.39664e+08	1.67762e+08	1.86029e+08	1.5913e+08	1.80552e+08	1.84093e+08	1.70319e+08	1.67421e+08	1.4455e+08	1.59746e+08	1.75709e+08	1.69153e+08	1.61899e+08	2.10987e+08	1.67406e+08	1.54705e+08	1.91355e+08	1.51082e+08	1.69464e+08
ERR636925	2.74837e+08	2.7234e+08	3.59844e+08	2.95662e+08	2.97438e+08	2.98888e+08	2.08467e+08	2.12788e+08	2.51259e+08	2.14633e+08	2.5289e+08	2.3177e+08	1.92776e+08	1.58001e+08	1.91798e+08	1.84855e+08	1.91088e+08	2.04288e+08	2.16879e+08	2.17965e+08	2.06104e+08	2.04372e+08	1.75679e+08	1.88701e+08	1.93856e+08	1.55408e+08	1.59525e+08	1.60248e+08	1.90468e+08	1.64753e+08	2.28972e+08	1.46833e+08	2.06541e+08	2.17723e+08	2.15102e+08	2.1779e+08	1.81485e+08	2.25706e+08	2.41983e+08	1.8356e+08	2.41138e+08	1.80767e+08	1.8612e+08	2.15819e+08	1.8779e+08	1.97688e+08	1.90402e+08	1.93744e+08	1.99086e+08	2.01094e+08	1.55513e+08	1.96153e+08	1.97531e+08	1.83588e+08	1.47815e+08	1.67982e+08	1.59771e+08	1.55904e+08	1.60377e+08	1.47923e+08	1.74323e+08	1.6701e+08	1.6545e+08	1.83497e+08	1.89266e+08	1.30318e+08	1.82725e+08	1.94612e+08	1.77846e+08	1.81216e+08	1.77268e+08	1.70894e+08	1.14833e+08	1.25483e+08	1.167e+08	1.41441e+08	1.13783e+08	1.22621e+08	1.48468e+08	1.64369e+08	1.40768e+08	1.59398e+08	1.62702e+08	1.50498e+08	1.47597e+08	1.27407e+08	1.40858e+08	1.54863e+08	1.49236e+08	1.42874e+08	1.85363e+08	1.46941e+08	1.35845e+08	1.68133e+08	1.32632e+08	1.48757e+08
ERR636930	3.35598e+08	3.32894e+08	2.95662e+08	5.11858e+08	3.65993e+08	3.68015e+08	2.56123e+08	2.61282e+08	3.10046e+08	2.63727e+08	3.11577e+08	2.85404e+08	2.35657e+08	1.92475e+08	2.34625e+08	2.25791e+08	2.33921e+08	2.49894e+08	2.68872e+08	2.69389e+08	2.54676e+08	2.53095e+08	2.17077e+08	2.32813e+08	2.4161e+08	1.93958e+08	1.99172e+08	2.00066e+08	2.37337e+08	2.05256e+08	2.81918e+08	1.80469e+08	2.53984e+08	2.67861e+08	2.64799e+08	2.6814e+08	2.20397e+08	2.76125e+08	2.96355e+08	2.22891e+08	2.95427e+08	2.19306e+08	2.28396e+08	2.65462e+08	2.31349e+08	2.43103e+08	2.34717e+08	2.3845e+08	2.47429e+08	2.49937e+08	1.92748e+08	2.43848e+08	2.45643e+08	2.28434e+08	1.83273e+08	2.0881e+08	1.98342e+08	1.93941e+08	1.99453e+08	1.83324e+08	2.17269e+08	2.07617e+08	2.05567e+08	2.28654e+08	2.35711e+08	1.6201e+08	2.2812e+08	2.42988e+08	2.2209e+08	2.26248e+08	2.2125e+08	2.13357e+08	1.43095e+08	1.56475e+08	1.45301e+08	1.76384e+08	1.417e+08	1.53146e+08	1.83983e+08	2.03901e+08	1.7443e+08	1.98116e+08	2.01907e+08	1.86897e+08	1.8349e+08	1.58404e+08	1.75318e+08	1.92707e+08	1.85451e+08	1.7745e+08	2.31399e+08	1.83686e+08	1.69817e+08	2.0997e+08	1.65611e+08	1.85992e+08
ERR636928	3.37467e+08	3.34578e+08	2.97438e+08	3.65993e+08	5.16706e+08	3.69911e+08	2.57739e+08	2.63152e+08	3.12021e+08	2.65295e+08	3.13687e+08	2.87252e+08	2.37252e+08	1.93679e+08	2.36229e+08	2.27275e+08	2.35391e+08	2.51621e+08	2.69907e+08	2.70777e+08	2.55868e+08	2.54003e+08	2.18066e+08	2.3394e+08	2.43191e+08	1.94957e+08	2.00114e+08	2.01158e+08	2.38824e+08	2.06595e+08	2.83575e+08	1.81327e+08	2.55351e+08	2.69381e+08	2.66369e+08	2.69832e+08	2.21679e+08	2.77701e+08	2.97976e+08	2.24139e+08	2.9719e+08	2.20558e+08	2.2987e+08	2.67185e+08	2.32747e+08	2.44633e+08	2.36178e+08	2.39791e+08	2.49019e+08	2.51567e+08	1.9412e+08	2.45374e+08	2.4714e+08	2.29863e+08	1.8444e+08	2.10049e+08	1.99688e+08	1.95213e+08	2.00655e+08	1.84607e+08	2.1849e+08	2.08932e+08	2.06776e+08	2.29891e+08	2.37101e+08	1.62841e+08	2.29173e+08	2.44018e+08	2.23109e+08	2.27391e+08	2.22311e+08	2.14371e+08	1.43809e+08	1.57346e+08	1.46094e+08	1.77355e+08	1.42497e+08	1.53971e+08	1.85133e+08	2.05157e+08	1.75394e+08	1.99118e+08	2.03071e+08	1.87883e+08	1.84446e+08	1.59243e+08	1.76215e+08	1.93815e+08	1.86462e+08	1.78599e+08	2.32761e+08	1.84675e+08	1.70598e+08	2.11133e+08	1.66653e+08	1.86995e+08
ERR636929	3.39138e+08	3.36292e+08	2.98888e+08	3.68015e+08	3.69911e+08	5.21441e+08	2.59056e+08	2.64342e+08	3.13409e+08	2.6671e+08	3.15227e+08	2.88642e+08	2.38255e+08	1.94628e+08	2.37313e+08	2.2839e+08	2.36431e+08	2.52712e+08	2.7139e+08	2.7214e+08	2.57135e+08	2.55421e+08	2.19075e+08	2.35174e+08	2.44453e+08	1.96234e+08	2.01396e+08	2.02514e+08	2.40101e+08	2.07765e+08	2.84946e+08	1.8238e+08	2.56735e+08	2.70647e+08	2.67617e+08	2.71064e+08	2.2269e+08	2.79131e+08	2.99566e+08	2.25425e+08	2.98727e+08	2.2164e+08	2.30867e+08	2.68356e+08	2.33828e+08	2.45694e+08	2.37192e+08	2.40992e+08	2.50415e+08	2.53092e+08	1.95123e+08	2.46617e+08	2.48667e+08	2.31162e+08	1.85565e+08	2.11427e+08	2.0083e+08	1.9624e+08	2.01927e+08	1.85776e+08	2.19635e+08	2.09916e+08	2.07976e+08	2.3125e+08	2.38296e+08	1.63929e+08	2.30511e+08	2.4567e+08	2.24303e+08	2.28556e+08	2.2368e+08	2.1574e+08	1.44682e+08	1.58235e+08	1.46917e+08	1.78372e+08	1.43338e+08	1.54881e+08	1.86089e+08	2.06251e+08	1.76343e+08	2.00294e+08	2.04196e+08	1.88987e+08	1.85488e+08	1.60229e+08	1.77226e+08	1.949e+08	1.87604e+08	1.79541e+08	2.34248e+08	1.85678e+08	1.71597e+08	2.12359e+08	1.67502e+08	1.87978e+08
ERR608374	2.37201e+08	2.34651e+08	2.08467e+08	2.56123e+08	2.57739e+08	2.59056e+08	3.71966e+08	2.57545e+08	3.02186e+08	2.59977e+08	3.04849e+08	2.79268e+08	2.01882e+08	1.65264e+08	2.01033e+08	1.93592e+08	2.00111e+08	2.14054e+08	1.93382e+08	1.94755e+08	1.83833e+08	1.81869e+08	1.54872e+08	1.67063e+08	2.04107e+08	1.63261e+08	1.67611e+08	1.68275e+08	2.00358e+08	1.73362e+08	2.27206e+08	1.44077e+08	2.04445e+08	2.15721e+08	2.12817e+08	2.15667e+08	1.72588e+08	2.16171e+08	2.33158e+08	1.74616e+08	2.31921e+08	1.71988e+08	1.98919e+08	2.3101e+08	2.00838e+08	2.11344e+08	2.03741e+08	2.07122e+08	2.11537e+08	2.13841e+08	1.65216e+08	2.08434e+08	2.10155e+08	1.9524e+08	1.5755e+08	1.78621e+08	1.70165e+08	1.65672e+08	1.70595e+08	1.57642e+08	1.87174e+08	1.79541e+08	1.77798e+08	1.96944e+08	2.03237e+08	1.39997e+08	1.93851e+08	2.06378e+08	1.88483e+08	1.92162e+08	1.88005e+08	1.81158e+08	1.21449e+08	1.32716e+08	1.23488e+08	1.4956e+08	1.20313e+08	1.29618e+08	1.56246e+08	1.73133e+08	1.47896e+08	1.67358e+08	1.71535e+08	1.58149e+08	1.5458e+08	1.32942e+08	1.47141e+08	1.62078e+08	1.56192e+08	1.49469e+08	1.9621e+08	1.55158e+08	1.43478e+08	1.77841e+08	1.40232e+08	1.57093e+08
ERR608375	2.42291e+08	2.39245e+08	2.12788e+08	2.61282e+08	2.63152e+08	2.64342e+08	2.57545e+08	3.85944e+08	3.08642e+08	2.66064e+08	3.11812e+08	2.85178e+08	2.05967e+08	1.68391e+08	2.04991e+08	1.97462e+08	2.03794e+08	2.18499e+08	1.96468e+08	1.98352e+08	1.8729e+08	1.84757e+08	1.57274e+08	1.70032e+08	2.08834e+08	1.66668e+08	1.71177e+08	1.71879e+08	2.05082e+08	1.7716e+08	2.31372e+08	1.46072e+08	2.08033e+08	2.19526e+08	2.16339e+08	2.19362e+08	1.7666e+08	2.20936e+08	2.38398e+08	1.78908e+08	2.36912e+08	1.76047e+08	2.02719e+08	2.35325e+08	2.04279e+08	2.15211e+08	2.07251e+08	2.10864e+08	2.16289e+08	2.18393e+08	1.68853e+08	2.12981e+08	2.14545e+08	1.99191e+08	1.61346e+08	1.82646e+08	1.74251e+08	1.69226e+08	1.74465e+08	1.61361e+08	1.9078e+08	1.83247e+08	1.81332e+08	2.00651e+08	2.07317e+08	1.42752e+08	1.97558e+08	2.10402e+08	1.92115e+08	1.95803e+08	1.91775e+08	1.84701e+08	1.24146e+08	1.35314e+08	1.25955e+08	1.52853e+08	1.22831e+08	1.32085e+08	1.60381e+08	1.77542e+08	1.51888e+08	1.71289e+08	1.75958e+08	1.61939e+08	1.57948e+08	1.35767e+08	1.50309e+08	1.65427e+08	1.59486e+08	1.52771e+08	2.0033e+08	1.58133e+08	1.46211e+08	1.81586e+08	1.42987e+08	1.60209e+08
ERR608373	2.8631e+08	2.83612e+08	2.51259e+08	3.10046e+08	3.12021e+08	3.13409e+08	3.02186e+08	3.08642e+08	5.16246e+08	3.11522e+08	3.69196e+08	3.37853e+08	2.42499e+08	1.97875e+08	2.41721e+08	2.32344e+08	2.40812e+08	2.57362e+08	2.38043e+08	2.3873e+08	2.25363e+08	2.23653e+08	1.90432e+08	2.05021e+08	2.51713e+08	2.01769e+08	2.07021e+08	2.08008e+08	2.46824e+08	2.1374e+08	2.76278e+08	1.75615e+08	2.48712e+08	2.62135e+08	2.59078e+08	2.62536e+08	2.07222e+08	2.61759e+08	2.81944e+08	2.09871e+08	2.80898e+08	2.06528e+08	2.41015e+08	2.80603e+08	2.44613e+08	2.56862e+08	2.48356e+08	2.51456e+08	2.58613e+08	2.61618e+08	2.01505e+08	2.55123e+08	2.57091e+08	2.39238e+08	1.9311e+08	2.19668e+08	2.08698e+08	2.03897e+08	2.09985e+08	1.93212e+08	2.29434e+08	2.19133e+08	2.16887e+08	2.41402e+08	2.4875e+08	1.71038e+08	2.38662e+08	2.53993e+08	2.31862e+08	2.36391e+08	2.31388e+08	2.23052e+08	1.49813e+08	1.63928e+08	1.52305e+08	1.8479e+08	1.4852e+08	1.60444e+08	1.91293e+08	2.11976e+08	1.81103e+08	2.0542e+08	2.10022e+08	1.9392e+08	1.89524e+08	1.63486e+08	1.8084e+08	1.9897e+08	1.91542e+08	1.83266e+08	2.42555e+08	1.92339e+08	1.77673e+08	2.19831e+08	1.73669e+08	1.94816e+08
ERR608376	2.44554e+08	2.41536e+08	2.14633e+08	2.63727e+08	2.65295e+08	2.6671e+08	2.59977e+08	2.66064e+08	3.11522e+08	3.92389e+08	3.1471e+08	2.87888e+08	2.07755e+08	1.70025e+08	2.06905e+08	1.9933e+08	2.05774e+08	2.20452e+08	1.98006e+08	1.99899e+08	1.88779e+08	1.86269e+08	1.58469e+08	1.71334e+08	2.11145e+08	1.68358e+08	1.72909e+08	1.73667e+08	2.07308e+08	1.78978e+08	2.335e+08	1.4755e+08	2.10021e+08	2.21622e+08	2.18497e+08	2.21529e+08	1.78284e+08	2.22815e+08	2.40614e+08	1.80341e+08	2.39049e+08	1.77623e+08	2.04838e+08	2.37789e+08	2.06312e+08	2.17462e+08	2.09237e+08	2.13019e+08	2.18227e+08	2.2027e+08	1.70402e+08	2.14729e+08	2.16489e+08	2.00858e+08	1.63052e+08	1.84536e+08	1.76102e+08	1.71005e+08	1.76206e+08	1.63103e+08	1.92517e+08	1.84885e+08	1.83041e+08	2.0262e+08	2.09107e+08	1.43919e+08	1.99418e+08	2.12404e+08	1.94008e+08	1.97648e+08	1.93583e+08	1.86396e+08	1.25312e+08	1.36728e+08	1.27337e+08	1.5435e+08	1.24137e+08	1.33497e+08	1.61971e+08	1.7939e+08	1.53478e+08	1.7305e+08	1.77719e+08	1.63573e+08	1.59426e+08	1.36915e+08	1.51722e+08	1.6694e+08	1.61152e+08	1.54191e+08	2.02331e+08	1.59655e+08	1.47551e+08	1.83408e+08	1.44243e+08	1.61786e+08
ERR608372	2.88526e+08	2.85185e+08	2.5289e+08	3.11577e+08	3.13687e+08	3.15227e+08	3.04849e+08	3.11812e+08	3.69196e+08	3.1471e+08	5.21958e+08	3.40263e+08	2.44443e+08	1.99356e+08	2.43437e+08	2.34174e+08	2.42435e+08	2.59319e+08	2.3698e+08	2.38705e+08	2.25331e+08	2.22708e+08	1.89357e+08	2.04701e+08	2.53158e+08	2.02077e+08	2.07506e+08	2.08465e+08	2.48495e+08	2.1467e+08	2.76576e+08	1.75033e+08	2.48733e+08	2.62472e+08	2.59095e+08	2.62598e+08	2.09414e+08	2.63302e+08	2.84224e+08	2.12061e+08	2.82651e+08	2.08572e+08	2.4262e+08	2.82445e+08	2.45471e+08	2.58255e+08	2.4895e+08	2.52802e+08	2.60093e+08	2.62774e+08	2.02805e+08	2.56187e+08	2.58185e+08	2.39876e+08	1.94426e+08	2.20689e+08	2.10196e+08	2.04502e+08	2.10769e+08	1.94424e+08	2.29478e+08	2.19898e+08	2.1776e+08	2.41435e+08	2.49233e+08	1.71236e+08	2.38626e+08	2.54032e+08	2.31963e+08	2.36312e+08	2.31304e+08	2.22965e+08	1.50296e+08	1.6412e+08	1.52673e+08	1.85305e+08	1.48768e+08	1.60305e+08	1.92935e+08	2.1382e+08	1.82702e+08	2.06558e+08	2.11816e+08	1.95306e+08	1.90023e+08	1.6351e+08	1.81067e+08	1.99275e+08	1.92107e+08	1.83845e+08	2.43007e+08	1.92117e+08	1.77459e+08	2.20254e+08	1.73427e+08	1.94609e+08
ERR608371	2.63872e+08	2.61129e+08	2.3177e+08	2.85404e+08	2.87252e+08	2.88642e+08	2.79268e+08	2.85178e+08	3.37853e+08	2.87888e+08	3.40263e+08	4.4702e+08	2.24026e+08	1.83083e+08	2.23268e+08	2.1463e+08	2.22314e+08	2.37621e+08	2.17718e+08	2.18622e+08	2.0645e+08	2.04608e+08	1.74111e+08	1.87581e+08	2.29549e+08	1.83874e+08	1.88687e+08	1.89621e+08	2.2524e+08	1.94976e+08	2.53644e+08	1.61223e+08	2.28396e+08	2.40699e+08	2.3773e+08	2.40841e+08	1.91438e+08	2.40883e+08	2.5961e+08	1.9367e+08	2.58492e+08	1.90683e+08	2.21827e+08	2.57856e+08	2.24535e+08	2.35908e+08	2.27931e+08	2.31188e+08	2.37061e+08	2.39719e+08	1.84946e+08	2.33757e+08	2.35509e+08	2.19158e+08	1.76555e+08	2.00728e+08	1.90864e+08	1.86315e+08	1.91682e+08	1.76699e+08	2.10318e+08	2.01175e+08	1.99186e+08	2.21325e+08	2.28131e+08	1.56984e+08	2.1809e+08	2.32178e+08	2.11934e+08	2.15956e+08	2.11393e+08	2.03861e+08	1.3658e+08	1.4933e+08	1.38793e+08	1.68355e+08	1.35383e+08	1.46116e+08	1.74942e+08	1.93927e+08	1.65777e+08	1.87734e+08	1.92171e+08	1.77243e+08	1.73486e+08	1.49654e+08	1.65518e+08	1.82054e+08	1.75391e+08	1.67709e+08	2.20984e+08	1.75104e+08	1.6185e+08	2.00359e+08	1.58124e+08	1.77411e+08
ERR612170	2.1855e+08	2.16111e+08	1.92776e+08	2.35657e+08	2.37252e+08	2.38255e+08	2.01882e+08	2.05967e+08	2.42499e+08	2.07755e+08	2.44443e+08	2.24026e+08	3.13657e+08	1.70681e+08	2.06319e+08	1.9904e+08	2.05221e+08	2.19229e+08	1.78669e+08	1.80276e+08	1.70287e+08	1.68176e+08	1.44062e+08	1.55156e+08	1.80646e+08	1.44435e+08	1.4827e+08	1.49055e+08	1.77311e+08	1.53413e+08	2.06689e+08	1.32507e+08	1.8657e+08	1.96719e+08	1.94069e+08	1.96651e+08	1.56964e+08	1.9529e+08	2.10072e+08	1.58659e+08	2.08938e+08	1.56404e+08	1.92657e+08	2.21525e+08	1.93914e+08	2.03729e+08	1.96573e+08	1.99712e+08	1.85953e+08	1.87839e+08	1.4546e+08	1.83043e+08	1.84469e+08	1.71313e+08	1.38022e+08	1.56324e+08	1.49063e+08	1.45072e+08	1.49337e+08	1.38072e+08	1.71003e+08	1.64676e+08	1.63105e+08	1.79536e+08	1.85108e+08	1.30454e+08	1.80669e+08	1.91845e+08	1.76311e+08	1.79424e+08	1.75678e+08	1.6962e+08	1.06695e+08	1.16416e+08	1.08454e+08	1.31349e+08	1.05605e+08	1.13793e+08	1.34976e+08	1.49572e+08	1.27892e+08	1.44846e+08	1.48145e+08	1.36768e+08	1.35128e+08	1.16223e+08	1.28701e+08	1.41396e+08	1.36542e+08	1.30717e+08	1.72676e+08	1.36732e+08	1.26384e+08	1.56632e+08	1.23587e+08	1.38296e+08
ERR612171	1.78677e+08	1.76873e+08	1.58001e+08	1.92475e+08	1.93679e+08	1.94628e+08	1.65264e+08	1.68391e+08	1.97875e+08	1.70025e+08	1.99356e+08	1.83083e+08	1.70681e+08	2.25903e+08	1.69565e+08	1.63731e+08	1.68478e+08	1.79764e+08	1.44562e+08	1.45775e+08	1.37736e+08	1.36127e+08	1.16639e+08	1.25664e+08	1.45582e+08	1.16558e+08	1.19636e+08	1.20217e+08	1.42976e+08	1.23791e+08	1.68688e+08	1.08565e+08	1.52453e+08	1.60722e+08	1.58446e+08	1.60664e+08	1.29257e+08	1.60169e+08	1.72045e+08	1.30746e+08	1.71149e+08	1.28865e+08	1.57669e+08	1.81002e+08	1.58624e+08	1.66578e+08	1.60704e+08	1.63367e+08	1.50103e+08	1.51629e+08	1.17732e+08	1.47755e+08	1.49104e+08	1.38303e+08	1.11895e+08	1.26479e+08	1.20785e+08	1.17561e+08	1.21008e+08	1.11907e+08	1.38453e+08	1.33473e+08	1.3219e+08	1.45301e+08	1.49849e+08	1.05942e+08	1.46182e+08	1.55187e+08	1.42703e+08	1.45139e+08	1.42238e+08	1.37259e+08	8.62017e+07	9.39706e+07	8.76058e+07	1.05971e+08	8.53195e+07	9.18652e+07	1.09388e+08	1.2112e+08	1.037e+08	1.17269e+08	1.1983e+08	1.10763e+08	1.09078e+08	9.39448e+07	1.0391e+08	1.14223e+08	1.1028e+08	1.05617e+08	1.39358e+08	1.10319e+08	1.02039e+08	1.2646e+08	9.97819e+07	1.11552e+08
ERR612169	2.17418e+08	2.15375e+08	1.91798e+08	2.34625e+08	2.36229e+08	2.37313e+08	2.01033e+08	2.04991e+08	2.41721e+08	2.06905e+08	2.43437e+08	2.23268e+08	2.06319e+08	1.69565e+08	3.12248e+08	1.97663e+08	2.05406e+08	2.19302e+08	1.78462e+08	1.79763e+08	1.69942e+08	1.67993e+08	1.43851e+08	1.54906e+08	1.80172e+08	1.44181e+08	1.48032e+08	1.48694e+08	1.76871e+08	1.53066e+08	2.06154e+08	1.32548e+08	1.86166e+08	1.96199e+08	1.93674e+08	1.9624e+08	1.5601e+08	1.94506e+08	2.09099e+08	1.57742e+08	2.08203e+08	1.55452e+08	1.92744e+08	2.21706e+08	1.94374e+08	2.03845e+08	1.96992e+08	1.99937e+08	1.85548e+08	1.8754e+08	1.45196e+08	1.82679e+08	1.84223e+08	1.71197e+08	1.37615e+08	1.55975e+08	1.48569e+08	1.44817e+08	1.48973e+08	1.37586e+08	1.71753e+08	1.65429e+08	1.63693e+08	1.80258e+08	1.85835e+08	1.31179e+08	1.81488e+08	1.92607e+08	1.76957e+08	1.79984e+08	1.76431e+08	1.70326e+08	1.06517e+08	1.1633e+08	1.08218e+08	1.31079e+08	1.05401e+08	1.13666e+08	1.34495e+08	1.49059e+08	1.2747e+08	1.44531e+08	1.47581e+08	1.3635e+08	1.34837e+08	1.1609e+08	1.28479e+08	1.41183e+08	1.36221e+08	1.30422e+08	1.7235e+08	1.36618e+08	1.26276e+08	1.56361e+08	1.23397e+08	1.38187e+08
ERR612172	2.09578e+08	2.07337e+08	1.84855e+08	2.25791e+08	2.27275e+08	2.2839e+08	1.93592e+08	1.97462e+08	2.32344e+08	1.9933e+08	2.34174e+08	2.1463e+08	1.9904e+08	1.63731e+08	1.97663e+08	2.91966e+08	1.96492e+08	2.09958e+08	1.70796e+08	1.7237e+08	1.62939e+08	1.60779e+08	1.37784e+08	1.48433e+08	1.7262e+08	1.38149e+08	1.41762e+08	1.42495e+08	1.69663e+08	1.46748e+08	1.98104e+08	1.27151e+08	1.78678e+08	1.88654e+08	1.86007e+08	1.88474e+08	1.50631e+08	1.87232e+08	2.01392e+08	1.52275e+08	2.00307e+08	1.5013e+08	1.83845e+08	2.11535e+08	1.85188e+08	1.94468e+08	1.8765e+08	1.90697e+08	1.77921e+08	1.79734e+08	1.39181e+08	1.75024e+08	1.76452e+08	1.63893e+08	1.32012e+08	1.49556e+08	1.42681e+08	1.38812e+08	1.42889e+08	1.32196e+08	1.62942e+08	1.57005e+08	1.55528e+08	1.71116e+08	1.76515e+08	1.24234e+08	1.72189e+08	1.82835e+08	1.67991e+08	1.70998e+08	1.67454e+08	1.6151e+08	1.02036e+08	1.11306e+08	1.03627e+08	1.256e+08	1.00972e+08	1.08691e+08	1.29216e+08	1.43128e+08	1.22451e+08	1.38567e+08	1.41721e+08	1.30824e+08	1.29172e+08	1.11038e+08	1.22915e+08	1.35123e+08	1.30463e+08	1.24945e+08	1.64999e+08	1.30716e+08	1.20756e+08	1.49743e+08	1.18056e+08	1.32153e+08
ERR612168	2.16558e+08	2.14662e+08	1.91088e+08	2.33921e+08	2.35391e+08	2.36431e+08	2.00111e+08	2.03794e+08	2.40812e+08	2.05774e+08	2.42435e+08	2.22314e+08	2.05221e+08	1.68478e+08	2.05406e+08	1.96492e+08	3.10533e+08	2.18145e+08	1.78876e+08	1.80016e+08	1.70109e+08	1.6835e+08	1.44098e+08	1.55078e+08	1.79919e+08	1.44329e+08	1.48057e+08	1.48919e+08	1.76675e+08	1.52979e+08	2.06031e+08	1.32569e+08	1.86078e+08	1.96087e+08	1.9371e+08	1.96329e+08	1.55302e+08	1.93994e+08	2.08346e+08	1.56979e+08	2.07572e+08	1.54642e+08	1.91735e+08	2.20774e+08	1.93663e+08	2.03155e+08	1.96353e+08	1.9915e+08	1.85672e+08	1.87703e+08	1.45249e+08	1.83027e+08	1.84491e+08	1.71573e+08	1.37173e+08	1.56013e+08	1.48333e+08	1.4497e+08	1.48992e+08	1.37461e+08	1.71314e+08	1.64735e+08	1.63174e+08	1.80058e+08	1.85352e+08	1.30698e+08	1.81251e+08	1.9228e+08	1.76507e+08	1.79779e+08	1.76126e+08	1.70044e+08	1.06585e+08	1.16418e+08	1.08289e+08	1.31298e+08	1.05534e+08	1.13832e+08	1.34059e+08	1.48547e+08	1.27077e+08	1.44143e+08	1.47087e+08	1.36056e+08	1.34795e+08	1.16336e+08	1.2872e+08	1.4144e+08	1.36236e+08	1.30465e+08	1.72609e+08	1.37031e+08	1.26622e+08	1.56501e+08	1.23718e+08	1.38491e+08
ERR612167	2.31952e+08	2.29357e+08	2.04288e+08	2.49894e+08	2.51621e+08	2.52712e+08	2.14054e+08	2.18499e+08	2.57362e+08	2.20452e+08	2.59319e+08	2.37621e+08	2.19229e+08	1.79764e+08	2.19302e+08	2.09958e+08	2.18145e+08	3.46657e+08	1.89781e+08	1.91829e+08	1.8126e+08	1.78607e+08	1.52778e+08	1.6494e+08	1.93035e+08	1.5407e+08	1.5815e+08	1.58942e+08	1.89478e+08	1.63816e+08	2.19198e+08	1.40179e+08	1.97638e+08	2.08381e+08	2.05882e+08	2.0847e+08	1.66259e+08	2.07093e+08	2.22824e+08	1.68103e+08	2.21785e+08	1.65521e+08	2.04399e+08	2.35451e+08	2.05941e+08	2.1631e+08	2.08786e+08	2.12104e+08	1.98974e+08	2.00829e+08	1.55564e+08	1.9581e+08	1.973e+08	1.83079e+08	1.47106e+08	1.66621e+08	1.58869e+08	1.54688e+08	1.591e+08	1.47186e+08	1.8244e+08	1.76044e+08	1.7418e+08	1.91661e+08	1.97788e+08	1.39169e+08	1.92932e+08	2.05029e+08	1.88156e+08	1.91474e+08	1.87644e+08	1.80976e+08	1.13753e+08	1.24182e+08	1.1559e+08	1.40181e+08	1.12629e+08	1.2122e+08	1.44016e+08	1.59519e+08	1.3636e+08	1.5435e+08	1.5794e+08	1.45782e+08	1.4417e+08	1.23979e+08	1.37359e+08	1.51027e+08	1.45726e+08	1.39572e+08	1.84407e+08	1.45872e+08	1.34693e+08	1.6713e+08	1.31701e+08	1.47483e+08
ERR630047	2.46118e+08	2.45757e+08	2.16879e+08	2.68872e+08	2.69907e+08	2.7139e+08	1.93382e+08	1.96468e+08	2.38043e+08	1.98006e+08	2.3698e+08	2.17718e+08	1.78669e+08	1.44562e+08	1.78462e+08	1.70796e+08	1.78876e+08	1.89781e+08	3.78683e+08	2.59259e+08	2.45603e+08	2.47519e+08	2.13168e+08	2.26335e+08	1.87084e+08	1.52087e+08	1.55893e+08	1.56701e+08	1.8363e+08	1.59663e+08	2.27829e+08	1.49488e+08	2.06456e+08	2.16644e+08	2.15753e+08	2.17907e+08	1.65896e+08	2.12892e+08	2.27389e+08	1.67752e+08	2.28085e+08	1.65002e+08	1.78435e+08	2.08925e+08	1.84734e+08	1.91763e+08	1.87749e+08	1.87719e+08	1.92641e+08	1.95572e+08	1.4877e+08	1.90591e+08	1.92161e+08	1.79817e+08	1.37816e+08	1.59593e+08	1.49774e+08	1.48578e+08	1.52261e+08	1.37899e+08	1.71551e+08	1.6183e+08	1.5999e+08	1.80593e+08	1.85092e+08	1.26637e+08	1.80087e+08	1.9128e+08	1.74432e+08	1.77981e+08	1.73956e+08	1.68303e+08	1.11951e+08	1.2367e+08	1.13824e+08	1.38568e+08	1.11183e+08	1.21538e+08	1.35632e+08	1.50935e+08	1.28379e+08	1.48283e+08	1.49287e+08	1.3906e+08	1.4341e+08	1.25141e+08	1.38114e+08	1.52109e+08	1.44915e+08	1.38643e+08	1.80822e+08	1.45058e+08	1.3379e+08	1.6393e+08	1.30665e+08	1.46933e+08
ERR630042	2.47641e+08	2.46686e+08	2.17965e+08	2.69389e+08	2.70777e+08	2.7214e+08	1.94755e+08	1.98352e+08	2.3873e+08	1.99899e+08	2.38705e+08	2.18622e+08	1.80276e+08	1.45775e+08	1.79763e+08	1.7237e+08	1.80016e+08	1.91829e+08	2.59259e+08	3.77613e+08	2.46601e+08	2.4475e+08	2.10621e+08	2.26545e+08	1.88963e+08	1.52148e+08	1.56191e+08	1.56929e+08	1.85402e+08	1.60689e+08	2.27839e+08	1.4751e+08	2.05848e+08	2.16177e+08	2.15204e+08	2.17378e+08	1.67673e+08	2.13517e+08	2.28833e+08	1.69555e+08	2.29008e+08	1.66717e+08	1.80702e+08	2.11362e+08	1.85495e+08	1.93739e+08	1.88572e+08	1.89413e+08	1.94344e+08	1.96929e+08	1.50572e+08	1.92035e+08	1.93547e+08	1.80507e+08	1.3907e+08	1.6039e+08	1.50939e+08	1.48945e+08	1.52654e+08	1.39191e+08	1.71321e+08	1.62484e+08	1.60689e+08	1.80574e+08	1.85448e+08	1.26573e+08	1.79965e+08	1.91407e+08	1.74459e+08	1.77966e+08	1.73904e+08	1.68005e+08	1.12184e+08	1.23533e+08	1.14075e+08	1.39004e+08	1.11383e+08	1.21104e+08	1.37001e+08	1.52553e+08	1.29545e+08	1.49164e+08	1.50768e+08	1.39874e+08	1.4392e+08	1.25071e+08	1.38103e+08	1.521e+08	1.45484e+08	1.39217e+08	1.8169e+08	1.44774e+08	1.33592e+08	1.64531e+08	1.3041e+08	1.46639e+08
ERR630044	2.34115e+08	2.33163e+08	2.06104e+08	2.54676e+08	2.55868e+08	2.57135e+08	1.83833e+08	1.8729e+08	2.25363e+08	1.88779e+08	2.25331e+08	2.0645e+08	1.70287e+08	1.37736e+08	1.69942e+08	1.62939e+08	1.70109e+08	1.8126e+08	2.45603e+08	2.46601e+08	3.45296e+08	2.31991e+08	1.99746e+08	2.14887e+08	1.78562e+08	1.43898e+08	1.47589e+08	1.48429e+08	1.75268e+08	1.51829e+08	2.15082e+08	1.39435e+08	1.94376e+08	2.04214e+08	2.03159e+08	2.05376e+08	1.58656e+08	2.0208e+08	2.16478e+08	1.60539e+08	2.16405e+08	1.57814e+08	1.7064e+08	1.99612e+08	1.75334e+08	1.83026e+08	1.78125e+08	1.79042e+08	1.83467e+08	1.85928e+08	1.42075e+08	1.81234e+08	1.82625e+08	1.70366e+08	1.31271e+08	1.51542e+08	1.42671e+08	1.40724e+08	1.44237e+08	1.31452e+08	1.61794e+08	1.53393e+08	1.51845e+08	1.70569e+08	1.75215e+08	1.19614e+08	1.70206e+08	1.80992e+08	1.64965e+08	1.68323e+08	1.64503e+08	1.58924e+08	1.06123e+08	1.16814e+08	1.0781e+08	1.31318e+08	1.05228e+08	1.14528e+08	1.29576e+08	1.44108e+08	1.22575e+08	1.4103e+08	1.42521e+08	1.32279e+08	1.35993e+08	1.18117e+08	1.30561e+08	1.43853e+08	1.37462e+08	1.31602e+08	1.71616e+08	1.36839e+08	1.262e+08	1.55545e+08	1.23255e+08	1.38671e+08
ERR630046	2.31607e+08	2.31501e+08	2.04372e+08	2.53095e+08	2.54003e+08	2.55421e+08	1.81869e+08	1.84757e+08	2.23653e+08	1.86269e+08	2.22708e+08	2.04608e+08	1.68176e+08	1.36127e+08	1.67993e+08	1.60779e+08	1.6835e+08	1.78607e+08	2.47519e+08	2.4475e+08	2.31991e+08	3.43097e+08	2.01438e+08	2.13916e+08	1.75059e+08	1.42243e+08	1.46044e+08	1.46679e+08	1.71821e+08	1.49435e+08	2.14203e+08	1.40833e+08	1.94349e+08	2.03773e+08	2.02949e+08	2.04991e+08	1.56425e+08	2.00613e+08	2.14097e+08	1.58166e+08	2.14628e+08	1.55543e+08	1.6799e+08	1.96578e+08	1.73888e+08	1.80547e+08	1.76851e+08	1.76605e+08	1.80204e+08	1.83137e+08	1.39378e+08	1.78534e+08	1.79961e+08	1.68491e+08	1.29052e+08	1.49561e+08	1.40281e+08	1.39216e+08	1.42578e+08	1.29166e+08	1.60777e+08	1.51657e+08	1.5005e+08	1.6936e+08	1.73432e+08	1.1877e+08	1.68811e+08	1.79388e+08	1.63469e+08	1.66945e+08	1.63123e+08	1.57811e+08	1.0483e+08	1.15829e+08	1.06596e+08	1.29757e+08	1.04064e+08	1.13856e+08	1.27065e+08	1.41507e+08	1.20241e+08	1.39024e+08	1.39974e+08	1.30197e+08	1.34439e+08	1.17249e+08	1.29451e+08	1.42476e+08	1.35791e+08	1.29949e+08	1.69283e+08	1.35885e+08	1.25306e+08	1.53619e+08	1.2246e+08	1.37608e+08
ERR630045	1.98823e+08	1.98787e+08	1.75679e+08	2.17077e+08	2.18066e+08	2.19075e+08	1.54872e+08	1.57274e+08	1.90432e+08	1.58469e+08	1.89357e+08	1.74111e+08	1.44062e+08	1.16639e+08	1.43851e+08	1.37784e+08	1.44098e+08	1.52778e+08	2.13168e+08	2.10621e+08	1.99746e+08	2.01438e+08	2.6678e+08	1.84495e+08	1.47841e+08	1.20276e+08	1.23376e+08	1.2403e+08	1.45118e+08	1.26288e+08	1.83074e+08	1.20959e+08	1.66313e+08	1.74247e+08	1.73653e+08	1.75418e+08	1.34617e+08	1.71972e+08	1.83464e+08	1.36047e+08	1.84121e+08	1.3377e+08	1.43501e+08	1.6792e+08	1.48544e+08	1.54222e+08	1.51143e+08	1.50922e+08	1.52546e+08	1.55087e+08	1.17953e+08	1.51085e+08	1.52451e+08	1.42687e+08	1.09052e+08	1.26424e+08	1.1844e+08	1.17783e+08	1.20518e+08	1.09186e+08	1.363e+08	1.28372e+08	1.2708e+08	1.43488e+08	1.46964e+08	1.00716e+08	1.42913e+08	1.51747e+08	1.38339e+08	1.41159e+08	1.3801e+08	1.33533e+08	8.85445e+07	9.79294e+07	9.01099e+07	1.09659e+08	8.79918e+07	9.61984e+07	1.07341e+08	1.19516e+08	1.01571e+08	1.17473e+08	1.18181e+08	1.09966e+08	1.13801e+08	9.95125e+07	1.0962e+08	1.20633e+08	1.15041e+08	1.09977e+08	1.43022e+08	1.15054e+08	1.05967e+08	1.29813e+08	1.03538e+08	1.16329e+08
ERR630043	2.14016e+08	2.13334e+08	1.88701e+08	2.32813e+08	2.3394e+08	2.35174e+08	1.67063e+08	1.70032e+08	2.05021e+08	1.71334e+08	2.04701e+08	1.87581e+08	1.55156e+08	1.25664e+08	1.54906e+08	1.48433e+08	1.55078e+08	1.6494e+08	2.26335e+08	2.26545e+08	2.14887e+08	2.13916e+08	1.84495e+08	2.98381e+08	1.61554e+08	1.30437e+08	1.33807e+08	1.34502e+08	1.58495e+08	1.37553e+08	1.96564e+08	1.28061e+08	1.77919e+08	1.86685e+08	1.85825e+08	1.87895e+08	1.45067e+08	1.84779e+08	1.97628e+08	1.46825e+08	1.97948e+08	1.44322e+08	1.55404e+08	1.81789e+08	1.59933e+08	1.66622e+08	1.625e+08	1.63056e+08	1.65881e+08	1.68277e+08	1.28426e+08	1.64138e+08	1.65329e+08	1.54356e+08	1.18904e+08	1.37275e+08	1.29154e+08	1.27612e+08	1.30851e+08	1.19015e+08	1.46804e+08	1.38913e+08	1.3749e+08	1.54629e+08	1.58732e+08	1.08546e+08	1.54269e+08	1.64069e+08	1.49623e+08	1.52551e+08	1.49168e+08	1.44192e+08	9.61191e+07	1.06045e+08	9.77954e+07	1.19046e+08	9.54258e+07	1.04024e+08	1.17129e+08	1.3046e+08	1.10884e+08	1.27768e+08	1.28983e+08	1.19768e+08	1.23339e+08	1.07201e+08	1.18383e+08	1.30301e+08	1.24541e+08	1.19231e+08	1.55574e+08	1.24297e+08	1.14595e+08	1.40889e+08	1.11997e+08	1.25736e+08
ERR629940	2.22974e+08	2.20161e+08	1.93856e+08	2.4161e+08	2.43191e+08	2.44453e+08	2.04107e+08	2.08834e+08	2.51713e+08	2.11145e+08	2.53158e+08	2.29549e+08	1.80646e+08	1.45582e+08	1.80172e+08	1.7262e+08	1.79919e+08	1.93035e+08	1.87084e+08	1.88963e+08	1.78562e+08	1.75059e+08	1.47841e+08	1.61554e+08	6.22347e+08	3.72098e+08	3.82213e+08	3.83388e+08	4.5254e+08	3.94449e+08	2.21267e+08	1.37619e+08	1.97801e+08	2.0888e+08	2.07258e+08	2.09759e+08	1.59214e+08	2.04422e+08	2.2121e+08	1.61749e+08	2.2009e+08	1.58683e+08	1.89289e+08	2.21554e+08	1.91363e+08	2.02285e+08	1.93631e+08	1.97758e+08	3.56784e+08	3.60842e+08	2.79357e+08	3.52034e+08	3.5487e+08	3.28808e+08	2.9732e+08	3.37922e+08	3.2079e+08	3.14307e+08	3.22575e+08	2.96725e+08	2.99371e+08	2.87761e+08	2.8528e+08	3.16523e+08	3.2656e+08	2.24474e+08	3.30576e+08	3.51443e+08	3.21468e+08	3.2722e+08	3.2053e+08	3.08731e+08	2.38571e+08	2.60262e+08	2.42294e+08	2.9223e+08	2.36377e+08	2.54628e+08	2.97094e+08	3.31342e+08	2.82273e+08	3.20235e+08	3.2736e+08	3.02613e+08	2.70926e+08	2.34169e+08	2.58381e+08	2.8324e+08	2.74014e+08	2.62404e+08	3.89026e+08	3.10898e+08	2.87385e+08	3.53368e+08	2.81196e+08	3.14181e+08
ERR629944	1.78366e+08	1.76689e+08	1.55408e+08	1.93958e+08	1.94957e+08	1.96234e+08	1.63261e+08	1.66668e+08	2.01769e+08	1.68358e+08	2.02077e+08	1.83874e+08	1.44435e+08	1.16558e+08	1.44181e+08	1.38149e+08	1.44329e+08	1.5407e+08	1.52087e+08	1.52148e+08	1.43898e+08	1.42243e+08	1.20276e+08	1.30437e+08	3.72098e+08	4.34737e+08	3.13319e+08	3.14309e+08	3.65905e+08	3.2061e+08	1.7825e+08	1.12364e+08	1.59935e+08	1.68695e+08	1.67545e+08	1.69383e+08	1.2694e+08	1.63902e+08	1.76794e+08	1.28886e+08	1.76376e+08	1.26499e+08	1.51174e+08	1.77082e+08	1.53901e+08	1.62038e+08	1.55832e+08	1.58288e+08	2.86768e+08	2.90608e+08	2.24681e+08	2.83359e+08	2.86016e+08	2.65787e+08	2.40458e+08	2.73833e+08	2.59675e+08	2.55449e+08	2.61885e+08	2.39965e+08	2.42695e+08	2.32174e+08	2.3016e+08	2.56349e+08	2.63601e+08	1.82189e+08	2.67757e+08	2.84388e+08	2.60407e+08	2.65139e+08	2.59445e+08	2.50582e+08	1.95219e+08	2.13224e+08	1.98259e+08	2.3875e+08	1.93645e+08	2.08937e+08	2.40628e+08	2.68048e+08	2.28793e+08	2.60062e+08	2.64919e+08	2.45718e+08	2.19753e+08	1.91096e+08	2.10214e+08	2.30028e+08	2.22053e+08	2.12851e+08	3.16382e+08	2.55007e+08	2.35523e+08	2.87966e+08	2.30785e+08	2.57418e+08
ERR629945	1.83018e+08	1.81323e+08	1.59525e+08	1.99172e+08	2.00114e+08	2.01396e+08	1.67611e+08	1.71177e+08	2.07021e+08	1.72909e+08	2.07506e+08	1.88687e+08	1.4827e+08	1.19636e+08	1.48032e+08	1.41762e+08	1.48057e+08	1.5815e+08	1.55893e+08	1.56191e+08	1.47589e+08	1.46044e+08	1.23376e+08	1.33807e+08	3.82213e+08	3.13319e+08	4.54374e+08	3.2248e+08	3.75813e+08	3.29056e+08	1.82815e+08	1.15187e+08	1.63974e+08	1.73046e+08	1.71877e+08	1.73795e+08	1.30341e+08	1.6814e+08	1.81522e+08	1.3235e+08	1.80991e+08	1.2989e+08	1.551e+08	1.81624e+08	1.57756e+08	1.66067e+08	1.59847e+08	1.62458e+08	2.9495e+08	2.99144e+08	2.31184e+08	2.91691e+08	2.94264e+08	2.73618e+08	2.46639e+08	2.80965e+08	2.66218e+08	2.62008e+08	2.6859e+08	2.46152e+08	2.4901e+08	2.383e+08	2.36037e+08	2.62984e+08	2.7068e+08	1.86922e+08	2.74682e+08	2.91856e+08	2.67101e+08	2.72071e+08	2.66313e+08	2.57125e+08	2.00119e+08	2.1848e+08	2.03241e+08	2.44524e+08	1.98419e+08	2.14086e+08	2.46936e+08	2.75181e+08	2.34732e+08	2.66994e+08	2.72039e+08	2.52255e+08	2.25685e+08	1.96041e+08	2.16021e+08	2.36156e+08	2.28265e+08	2.1848e+08	3.24695e+08	2.61473e+08	2.41801e+08	2.95483e+08	2.36659e+08	2.63933e+08
ERR629943	1.83833e+08	1.82292e+08	1.60248e+08	2.00066e+08	2.01158e+08	2.02514e+08	1.68275e+08	1.71879e+08	2.08008e+08	1.73667e+08	2.08465e+08	1.89621e+08	1.49055e+08	1.20217e+08	1.48694e+08	1.42495e+08	1.48919e+08	1.58942e+08	1.56701e+08	1.56929e+08	1.48429e+08	1.46679e+08	1.2403e+08	1.34502e+08	3.83388e+08	3.14309e+08	3.2248e+08	4.57169e+08	3.76941e+08	3.30192e+08	1.83756e+08	1.15712e+08	1.6483e+08	1.74036e+08	1.72604e+08	1.74656e+08	1.31005e+08	1.68856e+08	1.8227e+08	1.33035e+08	1.81921e+08	1.30544e+08	1.5579e+08	1.82503e+08	1.586e+08	1.66999e+08	1.60552e+08	1.63214e+08	2.95825e+08	2.99749e+08	2.31873e+08	2.92281e+08	2.95074e+08	2.74129e+08	2.47664e+08	2.82098e+08	2.67481e+08	2.63148e+08	2.69717e+08	2.47153e+08	2.49943e+08	2.39228e+08	2.36956e+08	2.63941e+08	2.71588e+08	1.87583e+08	2.76027e+08	2.9326e+08	2.68257e+08	2.73355e+08	2.67525e+08	2.58266e+08	2.00951e+08	2.19359e+08	2.04049e+08	2.45595e+08	1.9922e+08	2.14948e+08	2.47908e+08	2.76087e+08	2.35768e+08	2.68072e+08	2.73058e+08	2.53189e+08	2.26448e+08	1.96705e+08	2.16617e+08	2.36868e+08	2.28976e+08	2.19197e+08	3.25952e+08	2.62516e+08	2.42576e+08	2.96586e+08	2.37481e+08	2.64942e+08
ERR629942	2.19062e+08	2.16244e+08	1.90468e+08	2.37337e+08	2.38824e+08	2.40101e+08	2.00358e+08	2.05082e+08	2.46824e+08	2.07308e+08	2.48495e+08	2.2524e+08	1.77311e+08	1.42976e+08	1.76871e+08	1.69663e+08	1.76675e+08	1.89478e+08	1.8363e+08	1.85402e+08	1.75268e+08	1.71821e+08	1.45118e+08	1.58495e+08	4.5254e+08	3.65905e+08	3.75813e+08	3.76941e+08	6.03691e+08	3.87673e+08	2.17177e+08	1.35197e+08	1.94229e+08	2.05191e+08	2.03581e+08	2.05854e+08	1.56426e+08	2.0048e+08	2.17142e+08	1.58781e+08	2.16076e+08	1.55732e+08	1.85812e+08	2.17487e+08	1.87825e+08	1.98554e+08	1.90221e+08	1.94255e+08	3.50585e+08	3.5457e+08	2.74474e+08	3.45884e+08	3.48781e+08	3.23036e+08	2.9228e+08	3.32062e+08	3.15361e+08	3.08799e+08	3.17156e+08	2.91555e+08	2.93928e+08	2.82515e+08	2.80057e+08	3.1072e+08	3.20599e+08	2.20451e+08	3.24651e+08	3.45289e+08	3.15635e+08	3.2145e+08	3.1468e+08	3.03303e+08	2.34486e+08	2.55677e+08	2.38063e+08	2.87291e+08	2.32386e+08	2.50083e+08	2.92173e+08	3.25559e+08	2.7751e+08	3.14981e+08	3.21767e+08	2.97607e+08	2.66449e+08	2.3021e+08	2.53974e+08	2.78506e+08	2.69402e+08	2.57858e+08	3.82137e+08	3.0546e+08	2.82352e+08	3.4723e+08	2.76182e+08	3.08646e+08
ERR629941	1.8928e+08	1.87089e+08	1.64753e+08	2.05256e+08	2.06595e+08	2.07765e+08	1.73362e+08	1.7716e+08	2.1374e+08	1.78978e+08	2.1467e+08	1.94976e+08	1.53413e+08	1.23791e+08	1.53066e+08	1.46748e+08	1.52979e+08	1.63816e+08	1.59663e+08	1.60689e+08	1.51829e+08	1.49435e+08	1.26288e+08	1.37553e+08	3.94449e+08	3.2061e+08	3.29056e+08	3.30192e+08	3.87673e+08	4.76212e+08	1.88425e+08	1.1786e+08	1.68673e+08	1.78088e+08	1.76775e+08	1.78806e+08	1.35008e+08	1.73471e+08	1.87487e+08	1.36991e+08	1.86929e+08	1.34525e+08	1.60667e+08	1.88036e+08	1.6278e+08	1.71907e+08	1.64895e+08	1.67868e+08	3.04065e+08	3.07778e+08	2.3829e+08	3.00256e+08	3.0278e+08	2.80981e+08	2.54299e+08	2.89077e+08	2.74345e+08	2.69262e+08	2.76321e+08	2.53894e+08	2.55885e+08	2.45594e+08	2.433e+08	2.70412e+08	2.78656e+08	1.92175e+08	2.82354e+08	3.00075e+08	2.74575e+08	2.79646e+08	2.73663e+08	2.63986e+08	2.05403e+08	2.24219e+08	2.08631e+08	2.51393e+08	2.03759e+08	2.19548e+08	2.54296e+08	2.83285e+08	2.41834e+08	2.74562e+08	2.80143e+08	2.59408e+08	2.31965e+08	2.01015e+08	2.21613e+08	2.42371e+08	2.34569e+08	2.24684e+08	3.33809e+08	2.68028e+08	2.47717e+08	3.03611e+08	2.42591e+08	2.70568e+08
ERR608027	2.60119e+08	2.58243e+08	2.28972e+08	2.81918e+08	2.83575e+08	2.84946e+08	2.27206e+08	2.31372e+08	2.76278e+08	2.335e+08	2.76576e+08	2.53644e+08	2.06689e+08	1.68688e+08	2.06154e+08	1.98104e+08	2.06031e+08	2.19198e+08	2.27829e+08	2.27839e+08	2.15082e+08	2.14203e+08	1.83074e+08	1.96564e+08	2.21267e+08	1.7825e+08	1.82815e+08	1.83756e+08	2.17177e+08	1.88425e+08	5.26654e+08	2.39147e+08	3.47737e+08	3.66217e+08	3.60197e+08	3.65771e+08	3.19888e+08	3.76474e+08	4.07928e+08	3.2322e+08	4.00311e+08	3.19026e+08	2.04522e+08	2.37888e+08	2.0802e+08	2.18246e+08	2.11047e+08	2.13596e+08	2.25599e+08	2.28135e+08	1.75565e+08	2.22436e+08	2.24204e+08	2.09051e+08	1.65812e+08	1.8983e+08	1.79451e+08	1.76527e+08	1.81272e+08	1.65995e+08	1.9799e+08	1.88685e+08	1.86753e+08	2.08434e+08	2.14482e+08	1.47633e+08	2.07732e+08	2.21063e+08	2.01744e+08	2.0566e+08	2.01229e+08	1.94403e+08	1.32692e+08	1.45348e+08	1.34787e+08	1.63472e+08	1.31462e+08	1.42361e+08	1.63014e+08	1.80815e+08	1.54499e+08	1.76269e+08	1.78915e+08	1.65915e+08	1.67821e+08	1.45563e+08	1.60754e+08	1.76843e+08	1.69586e+08	1.62359e+08	2.11725e+08	1.68467e+08	1.55622e+08	1.9211e+08	1.52144e+08	1.70862e+08
ERR608025	1.6584e+08	1.65492e+08	1.46833e+08	1.80469e+08	1.81327e+08	1.8238e+08	1.44077e+08	1.46072e+08	1.75615e+08	1.4755e+08	1.75033e+08	1.61223e+08	1.32507e+08	1.08565e+08	1.32548e+08	1.27151e+08	1.32569e+08	1.40179e+08	1.49488e+08	1.4751e+08	1.39435e+08	1.40833e+08	1.20959e+08	1.28061e+08	1.37619e+08	1.12364e+08	1.15187e+08	1.15712e+08	1.35197e+08	1.1786e+08	2.39147e+08	2.39863e+08	2.16485e+08	2.26669e+08	2.23773e+08	2.2684e+08	1.82929e+08	2.18487e+08	2.35e+08	1.84819e+08	2.32212e+08	1.82421e+08	1.30934e+08	1.51969e+08	1.34424e+08	1.40117e+08	1.36594e+08	1.37119e+08	1.4121e+08	1.43391e+08	1.09804e+08	1.39825e+08	1.40948e+08	1.32234e+08	1.03426e+08	1.19012e+08	1.11966e+08	1.11028e+08	1.13807e+08	1.03468e+08	1.25947e+08	1.19046e+08	1.17776e+08	1.32526e+08	1.35793e+08	9.39028e+07	1.31613e+08	1.39794e+08	1.27571e+08	1.30139e+08	1.27316e+08	1.23263e+08	8.36108e+07	9.21007e+07	8.49129e+07	1.02921e+08	8.29896e+07	9.04663e+07	1.01369e+08	1.12377e+08	9.61004e+07	1.10422e+08	1.11348e+08	1.03684e+08	1.05664e+08	9.25338e+07	1.01735e+08	1.11702e+08	1.06764e+08	1.02193e+08	1.32989e+08	1.0695e+08	9.87682e+07	1.20868e+08	9.65574e+07	1.08397e+08
ERR608026	2.34168e+08	2.32803e+08	2.06541e+08	2.53984e+08	2.55351e+08	2.56735e+08	2.04445e+08	2.08033e+08	2.48712e+08	2.10021e+08	2.48733e+08	2.28396e+08	1.8657e+08	1.52453e+08	1.86166e+08	1.78678e+08	1.86078e+08	1.97638e+08	2.06456e+08	2.05848e+08	1.94376e+08	1.94349e+08	1.66313e+08	1.77919e+08	1.97801e+08	1.59935e+08	1.63974e+08	1.6483e+08	1.94229e+08	1.68673e+08	3.47737e+08	2.16485e+08	4.35479e+08	3.28157e+08	3.23236e+08	3.28111e+08	2.80921e+08	3.31889e+08	3.58861e+08	2.83936e+08	3.52778e+08	2.80441e+08	1.84383e+08	2.14363e+08	1.88027e+08	1.96888e+08	1.90843e+08	1.92782e+08	2.0218e+08	2.04867e+08	1.57435e+08	1.99696e+08	2.01364e+08	1.88042e+08	1.48382e+08	1.70132e+08	1.6064e+08	1.58381e+08	1.62445e+08	1.48457e+08	1.7826e+08	1.69431e+08	1.67711e+08	1.87584e+08	1.92853e+08	1.32974e+08	1.86769e+08	1.98585e+08	1.81312e+08	1.84821e+08	1.80802e+08	1.74779e+08	1.18872e+08	1.30594e+08	1.20913e+08	1.46604e+08	1.17952e+08	1.28029e+08	1.45706e+08	1.61673e+08	1.38159e+08	1.57939e+08	1.60153e+08	1.48559e+08	1.50698e+08	1.31049e+08	1.44531e+08	1.58824e+08	1.52191e+08	1.45701e+08	1.89781e+08	1.51533e+08	1.39953e+08	1.72344e+08	1.36831e+08	1.53537e+08
