	ERR607649	ERR607646	ERR607645	ERR607648	ERR607650	ERR607647	ERR617232	ERR617231	ERR617230	ERR617229	ERR617228	ERR617227	ERR617515	ERR617512	ERR617514	ERR617511	ERR617516	ERR617513	ERR607785	ERR607781	ERR607783	ERR607784	ERR607786	ERR607782	ERR637031	ERR637027	ERR637030	ERR637029	ERR637028	ERR637032	ERR626425	ERR626424	ERR626428	ERR626427	ERR626426	ERR626423	ERR617127	ERR617130	ERR617125	ERR617129	ERR617128	ERR617126	ERR630257	ERR630259	ERR630255	ERR630258	ERR630254	ERR630256	ERR611384	ERR611380	ERR611382	ERR611381	ERR611383	ERR611379	ERR618579	ERR618583	ERR618582	ERR618581	ERR618580	ERR618584	ERR616153	ERR616148	ERR616152	ERR616150	ERR616151	ERR616149	ERR622045	ERR622047	ERR622046	ERR622049	ERR622050	ERR622048	ERR607599	ERR607601	ERR607598	ERR607597	ERR607600	ERR607602	ERR616857	ERR616858	ERR616854	ERR616855	ERR616853	ERR616856	ERR609235	ERR609240	ERR609238	ERR609237	ERR609239	ERR609236	ERR618596	ERR618593	ERR618594	ERR618595	ERR618592	ERR618591
ERR607649	0	0.755089	0.766718	0.755932	0.758032	0.761829	0.933707	0.923234	0.929369	0.904277	0.905696	0.914772	0.888537	0.905464	0.891048	0.907331	0.895927	0.906618	0.831166	0.83112	0.831201	0.853035	0.830337	0.849509	0.842283	0.849021	0.85915	0.848478	0.868373	0.844304	0.867566	0.869474	0.860243	0.902257	0.900659	0.859121	0.902899	0.915152	0.908312	0.886672	0.887849	0.901979	1.10604	1.10977	1.09212	1.0998	1.08261	1.09853	1.11813	1.11565	1.12587	1.11035	1.11737	1.11507	1.07781	1.089	1.08329	1.08251	1.08401	1.08962	1.08485	1.1051	1.08676	1.11092	1.08645	1.09803	1.11667	1.12648	1.12579	1.10963	1.10736	1.1089	1.04796	1.03508	1.04919	1.0354	1.03586	1.03485	1.10156	1.10158	1.08921	1.08302	1.09001	1.10276	1.04366	1.04301	1.06429	1.05017	1.04217	1.04565	1.08569	1.08001	1.08057	1.0856	1.0824	1.0769
ERR607646	0.755089	0	0.760651	0.755102	0.756973	0.756086	0.930537	0.919504	0.925755	0.900326	0.90187	0.911701	0.884602	0.902307	0.887163	0.904039	0.892236	0.903381	0.828115	0.82774	0.827407	0.85075	0.827126	0.847102	0.838156	0.845139	0.85605	0.844432	0.86573	0.840518	0.864035	0.866626	0.856985	0.899954	0.89833	0.855812	0.898805	0.911698	0.904736	0.881752	0.883357	0.897828	1.1018	1.1052	1.0872	1.095	1.07774	1.0936	1.11358	1.11105	1.12186	1.10591	1.11329	1.11036	1.07283	1.08404	1.07832	1.07748	1.07896	1.08466	1.08007	1.10068	1.08186	1.10658	1.08188	1.09352	1.11237	1.12228	1.12158	1.10515	1.10302	1.10445	1.04441	1.03129	1.04573	1.0316	1.03223	1.03132	1.09671	1.09666	1.08427	1.07771	1.08518	1.09812	1.04006	1.03948	1.06047	1.04651	1.03842	1.0421	1.08088	1.07484	1.07567	1.08068	1.07769	1.07193
ERR607645	0.766718	0.760651	0	0.766733	0.768514	0.766413	0.936969	0.928609	0.934815	0.910522	0.912028	0.920155	0.895335	0.911859	0.897748	0.912388	0.902347	0.912809	0.836212	0.836419	0.836245	0.85597	0.835579	0.85255	0.848124	0.854596	0.864083	0.853806	0.871833	0.850105	0.873241	0.874829	0.866403	0.907565	0.90572	0.86492	0.910287	0.920397	0.915103	0.894469	0.896274	0.90911	1.11106	1.11429	1.09692	1.10462	1.08787	1.10341	1.12246	1.12073	1.13	1.11562	1.12233	1.12003	1.08371	1.09515	1.08938	1.08813	1.08945	1.09573	1.0914	1.11142	1.09322	1.11765	1.09335	1.10479	1.12194	1.13129	1.1307	1.11526	1.11305	1.11467	1.05168	1.03931	1.05265	1.0398	1.04011	1.03901	1.10576	1.1058	1.09472	1.08815	1.09483	1.10705	1.04802	1.04741	1.06813	1.05376	1.0461	1.04964	1.09186	1.08587	1.087	1.09212	1.08817	1.08275
ERR607648	0.755932	0.755102	0.766733	0	0.757398	0.761601	0.933694	0.922669	0.92899	0.904214	0.90579	0.914806	0.887876	0.905499	0.890279	0.907036	0.895448	0.906476	0.830911	0.830809	0.830723	0.852207	0.829822	0.84912	0.841454	0.848398	0.858623	0.847805	0.867845	0.843766	0.867631	0.869688	0.860268	0.902435	0.900384	0.858947	0.902388	0.915194	0.908191	0.885849	0.887439	0.901589	1.10621	1.11001	1.09206	1.10002	1.08268	1.09877	1.1179	1.11533	1.12624	1.11038	1.11757	1.11481	1.07793	1.08895	1.08325	1.08231	1.08401	1.08944	1.08431	1.10466	1.08635	1.11051	1.08629	1.09784	1.11635	1.12638	1.12554	1.10946	1.10726	1.10888	1.04793	1.03508	1.04929	1.03538	1.03579	1.03486	1.1014	1.10132	1.08928	1.08252	1.09007	1.10273	1.04384	1.04311	1.06405	1.05023	1.04226	1.04593	1.08549	1.07992	1.08063	1.08532	1.08251	1.0771
ERR607650	0.758032	0.756973	0.768514	0.757398	0	0.763496	0.934847	0.924104	0.930194	0.905568	0.906745	0.915947	0.88961	0.907058	0.891966	0.908696	0.89747	0.908317	0.832483	0.832146	0.832047	0.853329	0.831791	0.850481	0.843969	0.850564	0.860538	0.849826	0.870184	0.846022	0.868458	0.870502	0.861713	0.903084	0.901199	0.860379	0.905026	0.917656	0.91073	0.888655	0.890124	0.904592	1.10771	1.11158	1.09367	1.1014	1.08425	1.10024	1.11954	1.11674	1.12766	1.11173	1.11904	1.11617	1.07967	1.09057	1.0849	1.08407	1.08592	1.09122	1.08613	1.10627	1.0882	1.11199	1.08798	1.09951	1.11766	1.12766	1.1268	1.11084	1.1086	1.11031	1.04888	1.03606	1.05029	1.03656	1.03699	1.03564	1.10289	1.10305	1.09088	1.08444	1.09166	1.10427	1.04483	1.04428	1.06538	1.05136	1.04332	1.04708	1.08746	1.08172	1.08229	1.08716	1.0841	1.0785
ERR607647	0.761829	0.756086	0.766413	0.761601	0.763496	0	0.933424	0.92504	0.93086	0.906449	0.907974	0.916211	0.891888	0.908657	0.893961	0.909143	0.898091	0.909551	0.832487	0.833103	0.832588	0.853527	0.832133	0.849851	0.843081	0.850149	0.85998	0.849943	0.868738	0.845667	0.868978	0.870853	0.862366	0.904501	0.902575	0.860841	0.905917	0.916484	0.910509	0.889982	0.89162	0.905091	1.10706	1.11017	1.0929	1.1007	1.08359	1.09958	1.1188	1.11744	1.126	1.11212	1.1186	1.11644	1.07963	1.09107	1.0854	1.08401	1.08552	1.0915	1.08773	1.10796	1.08943	1.11456	1.0896	1.10129	1.11822	1.12796	1.12738	1.11163	1.10928	1.11084	1.04904	1.03654	1.05006	1.03678	1.03722	1.0362	1.10188	1.10185	1.0908	1.08427	1.09087	1.10322	1.04463	1.04378	1.0653	1.05059	1.04271	1.04635	1.08798	1.08169	1.083	1.08792	1.08385	1.07891
ERR617232	0.933707	0.930537	0.936969	0.933694	0.934847	0.933424	0	0.860034	0.865449	0.844134	0.844713	0.849224	0.945876	0.958747	0.947475	0.955948	0.948648	0.958327	0.945629	0.947386	0.947869	0.967887	0.944985	0.961745	0.916703	0.925264	0.932163	0.924576	0.938383	0.91924	0.902732	0.903604	0.896205	0.936218	0.934971	0.894992	0.96515	0.967336	0.967558	0.952041	0.954326	0.96484	1.11914	1.12084	1.10485	1.11372	1.09727	1.11243	1.12904	1.13122	1.13375	1.12646	1.12876	1.12924	1.09546	1.10848	1.10272	1.09955	1.09984	1.10885	1.10565	1.12541	1.10666	1.13369	1.10736	1.11975	1.13077	1.1394	1.13823	1.12438	1.12258	1.12438	1.08486	1.07383	1.08448	1.07386	1.07405	1.07346	1.1114	1.11157	1.1047	1.09781	1.10292	1.11239	1.07583	1.07428	1.09446	1.07904	1.07354	1.07659	1.10607	1.09805	1.10099	1.10616	1.09932	1.09556
ERR617231	0.923234	0.919504	0.928609	0.922669	0.924104	0.92504	0.860034	0	0.851916	0.82876	0.830008	0.840342	0.932161	0.946602	0.934075	0.948172	0.938556	0.946741	0.937896	0.936501	0.936754	0.960491	0.936769	0.956223	0.910705	0.917393	0.92735	0.91673	0.935249	0.913266	0.892751	0.894639	0.886013	0.925207	0.92366	0.884567	0.950197	0.964199	0.957216	0.936658	0.938753	0.950842	1.11361	1.11725	1.09965	1.10796	1.09076	1.10594	1.1241	1.12214	1.13184	1.11724	1.12345	1.12108	1.0864	1.09763	1.09177	1.09071	1.09233	1.0979	1.09153	1.111	1.09318	1.11681	1.09308	1.10406	1.12099	1.13033	1.12991	1.11456	1.11214	1.11368	1.0769	1.06527	1.07836	1.06576	1.06567	1.06476	1.10727	1.10734	1.09595	1.08971	1.09654	1.10855	1.06998	1.06932	1.08818	1.0759	1.06825	1.07126	1.09463	1.08887	1.08963	1.09442	1.09116	1.08596
ERR617230	0.929369	0.925755	0.934815	0.92899	0.930194	0.93086	0.865449	0.851916	0	0.835169	0.836289	0.846427	0.938364	0.952564	0.940001	0.953695	0.944326	0.952714	0.943707	0.943003	0.943031	0.966357	0.943447	0.961783	0.917961	0.92447	0.933907	0.923531	0.941712	0.920322	0.89811	0.900005	0.891571	0.92909	0.928153	0.890532	0.956204	0.970086	0.963063	0.943291	0.944879	0.957146	1.11789	1.12142	1.10411	1.11207	1.09535	1.11073	1.12814	1.12624	1.13601	1.12127	1.12769	1.12539	1.09139	1.10205	1.0965	1.09572	1.09688	1.10255	1.09613	1.11507	1.09785	1.12108	1.09769	1.10883	1.12523	1.13439	1.1337	1.11871	1.11671	1.11812	1.0823	1.07114	1.08367	1.07135	1.07123	1.07021	1.11184	1.11162	1.10069	1.09456	1.10076	1.11281	1.07511	1.07467	1.09365	1.08136	1.07393	1.07659	1.09936	1.09369	1.09448	1.09901	1.09582	1.09088
ERR617229	0.904277	0.900326	0.910522	0.904214	0.905568	0.906449	0.844134	0.82876	0.835169	0	0.805687	0.818292	0.91502	0.93091	0.916703	0.93259	0.921802	0.930866	0.919504	0.918625	0.918709	0.94452	0.918976	0.940061	0.891043	0.897971	0.908854	0.897411	0.917445	0.893472	0.873149	0.875311	0.865173	0.908523	0.90717	0.86383	0.933381	0.94849	0.941269	0.918978	0.920571	0.933892	1.10163	1.10591	1.08708	1.09547	1.07758	1.09402	1.11268	1.11041	1.12115	1.10525	1.11236	1.10968	1.07298	1.08439	1.07845	1.07757	1.07918	1.08499	1.07779	1.09892	1.08011	1.10489	1.07968	1.09175	1.10915	1.11941	1.11834	1.10239	1.10035	1.1019	1.06381	1.05106	1.06514	1.05178	1.05154	1.05043	1.09493	1.09489	1.08305	1.07641	1.08362	1.0962	1.05628	1.05565	1.07546	1.06299	1.05482	1.05801	1.08149	1.07577	1.07631	1.08117	1.07801	1.0725
ERR617228	0.905696	0.90187	0.912028	0.90579	0.906745	0.907974	0.844713	0.830008	0.836289	0.805687	0	0.819534	0.916042	0.931866	0.917909	0.933351	0.922571	0.932319	0.920899	0.919735	0.919667	0.945758	0.919792	0.941049	0.891652	0.898998	0.909492	0.898266	0.91847	0.89437	0.874528	0.877017	0.866718	0.910142	0.908491	0.865451	0.934693	0.949171	0.941956	0.91962	0.921685	0.934759	1.10171	1.10541	1.08725	1.09579	1.07793	1.09411	1.11321	1.111	1.12113	1.10569	1.11264	1.11018	1.07341	1.08524	1.07911	1.07809	1.07951	1.08546	1.07914	1.10005	1.08115	1.10634	1.08106	1.09291	1.11007	1.11992	1.11919	1.10308	1.10095	1.10248	1.06449	1.05217	1.06583	1.05265	1.05232	1.05138	1.09512	1.09525	1.08369	1.07713	1.0841	1.0965	1.05671	1.05614	1.07614	1.06318	1.05523	1.05835	1.08224	1.07609	1.07702	1.08189	1.07857	1.07303
ERR617227	0.914772	0.911701	0.920155	0.914806	0.915947	0.916211	0.849224	0.840342	0.846427	0.818292	0.819534	0	0.926924	0.94158	0.928737	0.941438	0.931916	0.941831	0.928695	0.928801	0.929108	0.952965	0.928476	0.947493	0.899766	0.907481	0.916732	0.906751	0.924174	0.902134	0.88337	0.884623	0.876474	0.918596	0.917121	0.87448	0.945787	0.955633	0.950414	0.931515	0.933649	0.945611	1.10676	1.10975	1.09235	1.10094	1.08356	1.09916	1.11802	1.11748	1.12451	1.11249	1.11751	1.11627	1.08025	1.09282	1.08699	1.08479	1.08605	1.09352	1.08888	1.10916	1.09027	1.11628	1.09063	1.10247	1.11694	1.12638	1.12545	1.11036	1.10823	1.10987	1.07107	1.05908	1.07196	1.05936	1.05938	1.05863	1.10011	1.10014	1.09041	1.08366	1.08978	1.10117	1.06223	1.06122	1.08173	1.06772	1.06042	1.06359	1.09016	1.08317	1.08518	1.08997	1.08509	1.08028
ERR617515	0.888537	0.884602	0.895335	0.887876	0.88961	0.891888	0.945876	0.932161	0.938364	0.91502	0.916042	0.926924	0	0.83372	0.812445	0.837442	0.820161	0.833823	0.892574	0.89196	0.890997	0.918533	0.891348	0.913463	0.878131	0.884715	0.895467	0.88411	0.905229	0.880368	0.923069	0.925319	0.916641	0.954198	0.952827	0.91512	0.901685	0.91943	0.909579	0.885676	0.887281	0.901245	1.10002	1.10426	1.0851	1.09376	1.07606	1.092	1.11052	1.10786	1.11944	1.10236	1.11028	1.10736	1.06719	1.07783	1.07195	1.07203	1.07404	1.07847	1.06623	1.08785	1.06856	1.0925	1.06825	1.08018	1.10897	1.11881	1.11824	1.1016	1.09945	1.10082	1.0622	1.04927	1.06354	1.05018	1.04975	1.04875	1.09353	1.09322	1.08045	1.0739	1.08136	1.09472	1.05485	1.05453	1.07427	1.06173	1.05357	1.05648	1.07361	1.06829	1.06847	1.07358	1.07159	1.06519
ERR617512	0.905464	0.902307	0.911859	0.905499	0.907058	0.908657	0.958747	0.946602	0.952564	0.93091	0.931866	0.94158	0.83372	0	0.836095	0.852119	0.84216	0.84848	0.909012	0.908719	0.908136	0.932295	0.907658	0.927273	0.89695	0.902848	0.912123	0.902538	0.920869	0.898733	0.937684	0.939858	0.932163	0.966162	0.965271	0.931076	0.918545	0.934057	0.925718	0.904835	0.906562	0.918264	1.11238	1.11582	1.09793	1.10606	1.08921	1.10477	1.12207	1.11965	1.1304	1.11484	1.12174	1.11889	1.08111	1.09175	1.08595	1.08562	1.08759	1.09218	1.08092	1.10152	1.08286	1.10654	1.08282	1.09412	1.12085	1.13043	1.12957	1.11397	1.11185	1.11344	1.07632	1.064	1.07742	1.06473	1.06431	1.06356	1.10552	1.10563	1.09385	1.08725	1.09434	1.10643	1.06898	1.06801	1.08719	1.07516	1.06727	1.07052	1.08784	1.08256	1.08288	1.08785	1.08526	1.07967
ERR617514	0.891048	0.887163	0.897748	0.890279	0.891966	0.893961	0.947475	0.934075	0.940001	0.916703	0.917909	0.928737	0.812445	0.836095	0	0.84024	0.822623	0.836567	0.894716	0.894138	0.893381	0.919828	0.893594	0.915154	0.881045	0.887404	0.897667	0.886596	0.907518	0.883088	0.924922	0.926866	0.918492	0.95573	0.954587	0.917084	0.903422	0.920774	0.911205	0.887851	0.889727	0.903147	1.10089	1.10496	1.08621	1.09461	1.07676	1.09329	1.11197	1.10925	1.12065	1.10404	1.11178	1.10874	1.06856	1.07934	1.07338	1.07333	1.07571	1.08008	1.06803	1.08966	1.07052	1.0945	1.06983	1.0819	1.11006	1.12006	1.11933	1.1029	1.10076	1.10212	1.06448	1.05159	1.06582	1.05232	1.05156	1.05087	1.09462	1.09449	1.08169	1.07516	1.08272	1.09583	1.05662	1.05604	1.07599	1.06373	1.05526	1.05862	1.07525	1.06981	1.07009	1.07545	1.07307	1.0671
ERR617511	0.907331	0.904039	0.912388	0.907036	0.908696	0.909143	0.955948	0.948172	0.953695	0.93259	0.933351	0.941438	0.837442	0.852119	0.84024	0	0.845052	0.85233	0.909514	0.910202	0.909767	0.932786	0.908819	0.92742	0.89573	0.902275	0.910898	0.90151	0.918642	0.897595	0.938634	0.940762	0.933616	0.968565	0.967343	0.931955	0.9219	0.932856	0.926627	0.907826	0.909793	0.921207	1.11139	1.11447	1.0972	1.10578	1.08867	1.10399	1.12204	1.12064	1.12864	1.11593	1.12159	1.11983	1.08265	1.09408	1.088	1.08715	1.08818	1.09455	1.08552	1.10632	1.0869	1.11197	1.08735	1.09914	1.12273	1.13207	1.13132	1.11613	1.11361	1.11564	1.07658	1.06457	1.07714	1.0649	1.06473	1.06399	1.10494	1.10483	1.09452	1.08789	1.09421	1.10596	1.06785	1.06691	1.08685	1.07342	1.06595	1.06927	1.09037	1.08373	1.08493	1.09023	1.08604	1.08101
ERR617516	0.895927	0.892236	0.902347	0.895448	0.89747	0.898091	0.948648	0.938556	0.944326	0.921802	0.922571	0.931916	0.820161	0.84216	0.822623	0.845052	0	0.842179	0.898463	0.898616	0.897881	0.923334	0.897482	0.91775	0.884509	0.890684	0.900726	0.890757	0.90941	0.886271	0.928985	0.930472	0.92273	0.959468	0.958624	0.920976	0.909062	0.923029	0.915287	0.894647	0.896305	0.909004	1.10437	1.10763	1.08962	1.09792	1.08068	1.09673	1.11505	1.11344	1.12234	1.10834	1.11463	1.11226	1.07361	1.08509	1.07909	1.07825	1.07992	1.08561	1.07551	1.09652	1.07762	1.10247	1.07745	1.08953	1.1152	1.12494	1.12404	1.10798	1.10607	1.10745	1.06809	1.0555	1.06896	1.05641	1.05573	1.05507	1.09764	1.09751	1.08617	1.0795	1.08654	1.09869	1.06005	1.05913	1.07928	1.06583	1.0581	1.06137	1.08102	1.07486	1.07597	1.081	1.07764	1.07188
ERR617513	0.906618	0.903381	0.912809	0.906476	0.908317	0.909551	0.958327	0.946741	0.952714	0.930866	0.932319	0.941831	0.833823	0.84848	0.836567	0.85233	0.842179	0	0.910086	0.909932	0.909149	0.933144	0.90855	0.928784	0.897603	0.903574	0.91284	0.903417	0.922033	0.89934	0.93837	0.940461	0.932928	0.966829	0.965729	0.931138	0.918685	0.934113	0.925463	0.904815	0.906618	0.91845	1.11182	1.1155	1.09755	1.10547	1.08878	1.10453	1.12137	1.11922	1.12934	1.11407	1.12126	1.11845	1.08093	1.09141	1.08575	1.08558	1.08734	1.09209	1.08075	1.10119	1.08283	1.10618	1.08209	1.09406	1.12076	1.13045	1.12974	1.11394	1.11175	1.11336	1.07709	1.0645	1.07795	1.065	1.0647	1.06391	1.10472	1.10473	1.09309	1.08657	1.09388	1.10644	1.06919	1.06841	1.08754	1.07582	1.0678	1.07037	1.08729	1.08225	1.08234	1.08739	1.08479	1.07892
ERR607785	0.831166	0.828115	0.836212	0.830911	0.832483	0.832487	0.945629	0.937896	0.943707	0.919504	0.920899	0.928695	0.892574	0.909012	0.894716	0.909514	0.898463	0.910086	0	0.764507	0.764408	0.789244	0.76166	0.786102	0.840676	0.847826	0.859082	0.847715	0.868019	0.842953	0.884575	0.886325	0.877631	0.919524	0.917734	0.875807	0.905477	0.915804	0.910193	0.890874	0.892353	0.905036	1.10187	1.10509	1.08689	1.09565	1.07736	1.09387	1.11241	1.11158	1.11972	1.10632	1.11215	1.11	1.06914	1.08164	1.07571	1.07389	1.07522	1.08222	1.08268	1.10439	1.08446	1.11119	1.08448	1.09713	1.11405	1.12392	1.12306	1.10727	1.10501	1.10675	1.03928	1.0261	1.03995	1.02631	1.02724	1.02616	1.09509	1.09505	1.08424	1.0774	1.08398	1.09637	1.03169	1.03045	1.05323	1.0376	1.02974	1.03322	1.08332	1.07619	1.07773	1.0829	1.07829	1.07298
ERR607781	0.83112	0.82774	0.836419	0.830809	0.832146	0.833103	0.947386	0.936501	0.943003	0.918625	0.919735	0.928801	0.89196	0.908719	0.894138	0.910202	0.898616	0.909932	0.764507	0	0.76046	0.791946	0.763822	0.784727	0.840823	0.846945	0.859481	0.846665	0.8686	0.843143	0.884027	0.886269	0.877605	0.91882	0.916933	0.875031	0.904792	0.917962	0.909995	0.889228	0.891231	0.904418	1.10121	1.10528	1.08654	1.09476	1.07686	1.09349	1.11184	1.10973	1.1202	1.10467	1.1116	1.10898	1.068	1.07988	1.07428	1.07313	1.07447	1.08063	1.08063	1.1018	1.08244	1.10807	1.08243	1.09447	1.11211	1.12229	1.12159	1.10549	1.10318	1.10476	1.03825	1.02504	1.03969	1.025	1.02596	1.02499	1.09479	1.09463	1.0827	1.07587	1.08301	1.09612	1.03119	1.0305	1.05266	1.03781	1.02964	1.03313	1.08135	1.0753	1.07614	1.08096	1.07753	1.0717
ERR607783	0.831201	0.827407	0.836245	0.830723	0.832047	0.832588	0.947869	0.936754	0.943031	0.918709	0.919667	0.929108	0.890997	0.908136	0.893381	0.909767	0.897881	0.909149	0.764408	0.76046	0	0.791797	0.763755	0.784692	0.841307	0.847372	0.859907	0.84721	0.869241	0.843588	0.884622	0.886653	0.877524	0.919002	0.916975	0.875307	0.904409	0.917835	0.910289	0.889226	0.890841	0.903821	1.10107	1.10496	1.08645	1.09473	1.07675	1.09305	1.11204	1.10977	1.12024	1.10466	1.11151	1.10885	1.06774	1.07952	1.07357	1.07262	1.0742	1.08017	1.08025	1.10127	1.08202	1.10737	1.08203	1.09403	1.11231	1.12261	1.1216	1.10526	1.10306	1.10476	1.03827	1.02516	1.03967	1.02507	1.02572	1.02471	1.09498	1.09492	1.0825	1.07598	1.08327	1.09616	1.03114	1.03048	1.05253	1.0378	1.02929	1.03311	1.08099	1.07456	1.07544	1.08059	1.07718	1.07132
ERR607784	0.853035	0.85075	0.85597	0.852207	0.853329	0.853527	0.967887	0.960491	0.966357	0.94452	0.945758	0.952965	0.918533	0.932295	0.919828	0.932786	0.923334	0.933144	0.789244	0.791946	0.791797	0	0.788937	0.806555	0.868837	0.873791	0.883053	0.874392	0.889914	0.870508	0.906086	0.907862	0.900258	0.937381	0.935351	0.899215	0.930274	0.939535	0.934613	0.917837	0.918913	0.92988	1.12355	1.12663	1.11006	1.11795	1.10151	1.11655	1.13339	1.13217	1.14033	1.1277	1.13292	1.13133	1.09441	1.10531	1.10008	1.09854	1.09976	1.1056	1.10598	1.12533	1.10744	1.13149	1.10737	1.11891	1.13466	1.14364	1.14259	1.12831	1.12635	1.12775	1.05607	1.04354	1.05637	1.04357	1.04458	1.04354	1.11725	1.11752	1.10715	1.10114	1.10737	1.11853	1.05185	1.05055	1.0722	1.05684	1.04977	1.05321	1.10678	1.10024	1.10164	1.10629	1.10237	1.09713
ERR607786	0.830337	0.827126	0.835579	0.829822	0.831791	0.832133	0.944985	0.936769	0.943447	0.918976	0.919792	0.928476	0.891348	0.907658	0.893594	0.908819	0.897482	0.90855	0.76166	0.763822	0.763755	0.788937	0	0.786406	0.839922	0.846924	0.858644	0.847204	0.867486	0.842342	0.88406	0.885951	0.877365	0.919135	0.917436	0.875144	0.904803	0.915312	0.909518	0.889503	0.89087	0.904075	1.10081	1.10423	1.08614	1.09463	1.07675	1.09327	1.11184	1.11058	1.1193	1.10552	1.11152	1.10932	1.06827	1.08052	1.07447	1.07321	1.07427	1.08099	1.08167	1.10318	1.08346	1.11004	1.08335	1.09615	1.1135	1.12307	1.12243	1.10622	1.10424	1.10589	1.03888	1.02541	1.03906	1.0256	1.02627	1.02522	1.09435	1.09441	1.08297	1.07634	1.08321	1.09569	1.0315	1.03015	1.05268	1.03735	1.02922	1.03288	1.08242	1.07542	1.07673	1.08186	1.07755	1.07217
ERR607782	0.849509	0.847102	0.85255	0.84912	0.850481	0.849851	0.961745	0.956223	0.961783	0.940061	0.941049	0.947493	0.913463	0.927273	0.915154	0.92742	0.91775	0.928784	0.786102	0.784727	0.784692	0.806555	0.786406	0	0.862672	0.868536	0.87797	0.86872	0.884423	0.864789	0.902629	0.904298	0.897036	0.935143	0.933167	0.89526	0.92621	0.93418	0.929377	0.912888	0.914164	0.925472	1.11873	1.12169	1.10507	1.11288	1.09619	1.11174	1.12871	1.12844	1.13517	1.12364	1.12848	1.12698	1.08894	1.1007	1.09527	1.09338	1.09434	1.10141	1.10246	1.12255	1.10398	1.12895	1.10406	1.11598	1.13094	1.14017	1.1393	1.1246	1.12245	1.12428	1.05254	1.04017	1.05287	1.04037	1.0412	1.04004	1.11199	1.11237	1.10225	1.09611	1.10221	1.11333	1.04732	1.04581	1.06794	1.05185	1.04538	1.0485	1.10222	1.09546	1.09724	1.10192	1.09729	1.0926
ERR637031	0.842283	0.838156	0.848124	0.841454	0.843969	0.843081	0.916703	0.910705	0.917961	0.891043	0.891652	0.899766	0.878131	0.89695	0.881045	0.89573	0.884509	0.897603	0.840676	0.840823	0.841307	0.868837	0.839922	0.862672	0	0.747244	0.758544	0.746243	0.773035	0.736627	0.880118	0.881544	0.872388	0.92161	0.920253	0.86933	0.908139	0.916403	0.912931	0.891104	0.893075	0.90722	1.08289	1.08564	1.06701	1.07629	1.05744	1.07488	1.09371	1.09357	1.10031	1.08792	1.0931	1.09182	1.05001	1.06375	1.05725	1.05503	1.056	1.06452	1.06416	1.08708	1.06594	1.09532	1.06632	1.07986	1.09915	1.10962	1.10826	1.09158	1.08949	1.09146	1.03043	1.01681	1.03094	1.01694	1.01751	1.01673	1.07546	1.0754	1.06486	1.05767	1.06378	1.07709	1.01704	1.01567	1.03966	1.02248	1.0149	1.01839	1.06409	1.05572	1.05821	1.06379	1.05787	1.05245
ERR637027	0.849021	0.845139	0.854596	0.848398	0.850564	0.850149	0.925264	0.917393	0.92447	0.897971	0.898998	0.907481	0.884715	0.902848	0.887404	0.902275	0.890684	0.903574	0.847826	0.846945	0.847372	0.873791	0.846924	0.868536	0.747244	0	0.770852	0.753812	0.779847	0.751119	0.886923	0.888446	0.87936	0.926531	0.924894	0.876321	0.915692	0.926199	0.921257	0.898924	0.901057	0.915236	1.09085	1.09408	1.07548	1.0844	1.06586	1.08283	1.10089	1.09979	1.10815	1.09429	1.10068	1.09844	1.05819	1.07137	1.0651	1.06324	1.06433	1.072	1.07095	1.09286	1.07281	1.10035	1.07313	1.08564	1.10531	1.11557	1.1145	1.09811	1.09581	1.09777	1.03607	1.02247	1.03672	1.02263	1.02335	1.0224	1.08353	1.08359	1.07191	1.06517	1.07185	1.085	1.02385	1.02282	1.04584	1.02973	1.02191	1.02512	1.07144	1.0638	1.06568	1.07093	1.06618	1.06042
ERR637030	0.85915	0.85605	0.864083	0.858623	0.860538	0.85998	0.932163	0.92735	0.933907	0.908854	0.909492	0.916732	0.895467	0.912123	0.897667	0.910898	0.900726	0.91284	0.859082	0.859481	0.859907	0.883053	0.858644	0.87797	0.758544	0.770852	0	0.770336	0.792546	0.761908	0.896714	0.898076	0.889887	0.935537	0.934033	0.887072	0.927913	0.935526	0.932502	0.912154	0.913836	0.926881	1.10049	1.1032	1.08563	1.09397	1.07668	1.09292	1.11044	1.10986	1.1164	1.10501	1.10977	1.10851	1.06963	1.08247	1.07637	1.07395	1.07487	1.08295	1.08254	1.10375	1.08413	1.11157	1.08444	1.09718	1.11535	1.1249	1.12393	1.10843	1.10626	1.1078	1.04522	1.03231	1.04525	1.03218	1.03295	1.03217	1.09323	1.09347	1.08333	1.07628	1.0824	1.09463	1.0338	1.03212	1.055	1.03858	1.03157	1.03479	1.08282	1.07447	1.07703	1.08217	1.07641	1.07183
ERR637029	0.848478	0.844432	0.853806	0.847805	0.849826	0.849943	0.924576	0.91673	0.923531	0.897411	0.898266	0.906751	0.88411	0.902538	0.886596	0.90151	0.890757	0.903417	0.847715	0.846665	0.84721	0.874392	0.847204	0.86872	0.746243	0.753812	0.770336	0	0.779608	0.749984	0.886827	0.888335	0.879081	0.926615	0.924791	0.875792	0.914948	0.925599	0.920478	0.898168	0.900232	0.913989	1.08975	1.09254	1.07419	1.08317	1.06468	1.08171	1.10017	1.09878	1.10729	1.09346	1.09966	1.09772	1.05656	1.06981	1.06359	1.06179	1.06288	1.07074	1.06983	1.09198	1.07181	1.09935	1.07217	1.08466	1.10439	1.11488	1.11353	1.09718	1.09496	1.09675	1.03549	1.02194	1.03622	1.02223	1.02271	1.02179	1.08258	1.08268	1.07124	1.06398	1.07088	1.08381	1.02274	1.02194	1.04485	1.02874	1.02093	1.02428	1.07027	1.06257	1.06433	1.06995	1.06481	1.05905
ERR637028	0.868373	0.86573	0.871833	0.867845	0.870184	0.868738	0.938383	0.935249	0.941712	0.917445	0.91847	0.924174	0.905229	0.920869	0.907518	0.918642	0.90941	0.922033	0.868019	0.8686	0.869241	0.889914	0.867486	0.884423	0.773035	0.779847	0.792546	0.779608	0	0.776545	0.905257	0.905986	0.898118	0.942589	0.94173	0.895698	0.937702	0.94333	0.941162	0.922557	0.924454	0.936885	1.10691	1.10934	1.09196	1.10111	1.08358	1.09947	1.1168	1.11691	1.1222	1.11196	1.11606	1.11539	1.07727	1.09034	1.08451	1.0815	1.08248	1.09111	1.09138	1.1124	1.09289	1.12002	1.09338	1.10579	1.12246	1.13185	1.13058	1.11574	1.1136	1.1156	1.05092	1.03837	1.05039	1.0384	1.03895	1.03826	1.09959	1.0995	1.09048	1.08376	1.08921	1.10087	1.03967	1.03812	1.06058	1.04349	1.03718	1.04027	1.091	1.08266	1.08531	1.09062	1.08444	1.07967
ERR637032	0.844304	0.840518	0.850105	0.843766	0.846022	0.845667	0.91924	0.913266	0.920322	0.893472	0.89437	0.902134	0.880368	0.898733	0.883088	0.897595	0.886271	0.89934	0.842953	0.843143	0.843588	0.870508	0.842342	0.864789	0.736627	0.751119	0.761908	0.749984	0.776545	0	0.882325	0.88418	0.874775	0.923568	0.921724	0.8717	0.910586	0.919436	0.915718	0.893942	0.895907	0.909814	1.08512	1.08795	1.06913	1.07829	1.05956	1.07672	1.09555	1.09517	1.10225	1.08948	1.09509	1.09369	1.0521	1.06554	1.05925	1.05712	1.05782	1.06633	1.06587	1.08851	1.06759	1.09642	1.06795	1.08141	1.10084	1.11116	1.10991	1.0934	1.09103	1.09311	1.03211	1.01858	1.03229	1.01842	1.01913	1.01807	1.07729	1.07734	1.06664	1.05908	1.06581	1.07873	1.01903	1.01741	1.04141	1.02425	1.01657	1.01999	1.06597	1.05774	1.0599	1.06535	1.05985	1.05425
ERR626425	0.867566	0.864035	0.873241	0.867631	0.868458	0.868978	0.902732	0.892751	0.89811	0.873149	0.874528	0.88337	0.923069	0.937684	0.924922	0.938634	0.928985	0.93837	0.884575	0.884027	0.884622	0.906086	0.88406	0.902629	0.880118	0.886923	0.896714	0.886827	0.905257	0.882325	0	0.79357	0.785966	0.832691	0.830753	0.78099	0.932127	0.944077	0.938355	0.918177	0.919477	0.932362	1.10648	1.11011	1.0922	1.10069	1.08296	1.09884	1.11658	1.11501	1.12404	1.11004	1.11609	1.1139	1.08036	1.0922	1.08622	1.08476	1.08639	1.09254	1.08699	1.10826	1.08886	1.11499	1.08909	1.10113	1.11552	1.1253	1.12471	1.10832	1.10642	1.10798	1.06095	1.04803	1.06167	1.04887	1.04841	1.04767	1.09887	1.09924	1.0878	1.08123	1.08822	1.10024	1.05353	1.05247	1.07331	1.05949	1.05147	1.05464	1.08868	1.08206	1.08305	1.08859	1.08437	1.07892
ERR626424	0.869474	0.866626	0.874829	0.869688	0.870502	0.870853	0.903604	0.894639	0.900005	0.875311	0.877017	0.884623	0.925319	0.939858	0.926866	0.940762	0.930472	0.940461	0.886325	0.886269	0.886653	0.907862	0.885951	0.904298	0.881544	0.888446	0.898076	0.888335	0.905986	0.88418	0.79357	0	0.788063	0.83456	0.833129	0.783612	0.934907	0.945523	0.939896	0.920651	0.922381	0.934886	1.10715	1.11066	1.09265	1.10138	1.08383	1.09985	1.11755	1.11634	1.12446	1.11094	1.11664	1.11529	1.08117	1.09372	1.0878	1.08617	1.08724	1.09399	1.08914	1.11011	1.0905	1.11724	1.0912	1.10309	1.11677	1.12699	1.12568	1.10988	1.10769	1.10947	1.06195	1.04905	1.06263	1.04998	1.04995	1.04903	1.0995	1.09979	1.08887	1.08192	1.08888	1.10096	1.05365	1.05285	1.07404	1.05958	1.05204	1.05516	1.09042	1.08328	1.08456	1.08997	1.08519	1.0799
ERR626428	0.860243	0.856985	0.866403	0.860268	0.861713	0.862366	0.896205	0.886013	0.891571	0.865173	0.866718	0.876474	0.916641	0.932163	0.918492	0.933616	0.92273	0.932928	0.877631	0.877605	0.877524	0.900258	0.877365	0.897036	0.872388	0.87936	0.889887	0.879081	0.898118	0.874775	0.785966	0.788063	0	0.82618	0.824678	0.774775	0.925719	0.937704	0.931829	0.910936	0.91221	0.925788	1.1013	1.10524	1.08669	1.0956	1.07766	1.09375	1.11187	1.11024	1.11961	1.10508	1.11147	1.10874	1.07483	1.08694	1.08088	1.07973	1.08101	1.08758	1.08169	1.10303	1.08323	1.11001	1.08374	1.09587	1.111	1.12092	1.1199	1.10367	1.10132	1.10312	1.05491	1.04188	1.05623	1.04253	1.04257	1.04175	1.09381	1.09396	1.08288	1.07589	1.08278	1.09521	1.04749	1.04648	1.06771	1.05365	1.04572	1.049	1.08331	1.07627	1.07764	1.08286	1.07882	1.07331
ERR626427	0.902257	0.899954	0.907565	0.902435	0.903084	0.904501	0.936218	0.925207	0.92909	0.908523	0.910142	0.918596	0.954198	0.966162	0.95573	0.968565	0.959468	0.966829	0.919524	0.91882	0.919002	0.937381	0.919135	0.935143	0.92161	0.926531	0.935537	0.926615	0.942589	0.923568	0.832691	0.83456	0.82618	0	0.857123	0.825401	0.964082	0.977083	0.970283	0.952112	0.953682	0.964273	1.13265	1.13684	1.11987	1.12751	1.11169	1.12616	1.14108	1.13865	1.14896	1.13425	1.14066	1.13783	1.10815	1.11798	1.11271	1.11247	1.11392	1.11835	1.11176	1.13062	1.11341	1.13606	1.11352	1.12416	1.13843	1.14805	1.1475	1.13242	1.13047	1.13171	1.09068	1.07897	1.09181	1.08012	1.0795	1.07852	1.12589	1.12589	1.11467	1.10883	1.11575	1.12698	1.0845	1.08403	1.10169	1.09076	1.08273	1.08623	1.11446	1.10945	1.10953	1.11436	1.11165	1.10656
ERR626426	0.900659	0.89833	0.90572	0.900384	0.901199	0.902575	0.934971	0.92366	0.928153	0.90717	0.908491	0.917121	0.952827	0.965271	0.954587	0.967343	0.958624	0.965729	0.917734	0.916933	0.916975	0.935351	0.917436	0.933167	0.920253	0.924894	0.934033	0.924791	0.94173	0.921724	0.830753	0.833129	0.824678	0.857123	0	0.823519	0.962233	0.975495	0.968791	0.950295	0.951959	0.962969	1.13201	1.13577	1.11904	1.12638	1.11034	1.12502	1.13969	1.13727	1.14795	1.13265	1.13927	1.13651	1.10692	1.11675	1.1114	1.11117	1.11254	1.11699	1.1105	1.12948	1.1122	1.13468	1.11214	1.12253	1.1379	1.14699	1.14631	1.13126	1.12963	1.13063	1.08874	1.07682	1.08989	1.07771	1.07728	1.07638	1.12463	1.12487	1.11369	1.10753	1.11464	1.12609	1.08273	1.08208	1.10037	1.08937	1.08128	1.08436	1.1133	1.10842	1.10843	1.11308	1.11061	1.10543
ERR626423	0.859121	0.855812	0.86492	0.858947	0.860379	0.860841	0.894992	0.884567	0.890532	0.86383	0.865451	0.87448	0.91512	0.931076	0.917084	0.931955	0.920976	0.931138	0.875807	0.875031	0.875307	0.899215	0.875144	0.89526	0.86933	0.876321	0.887072	0.875792	0.895698	0.8717	0.78099	0.783612	0.774775	0.825401	0.823519	0	0.923921	0.936363	0.930043	0.908559	0.91056	0.924228	1.09901	1.10274	1.08396	1.09272	1.07471	1.09106	1.1094	1.10788	1.11732	1.10237	1.10898	1.10652	1.0721	1.08456	1.07881	1.07711	1.0782	1.08513	1.07961	1.10105	1.08143	1.10804	1.08163	1.09356	1.10823	1.11895	1.11774	1.10133	1.0992	1.1008	1.05266	1.03931	1.05367	1.04007	1.04007	1.03905	1.09141	1.09131	1.0797	1.07277	1.07992	1.09277	1.04434	1.04345	1.06484	1.05099	1.04231	1.04569	1.0807	1.0739	1.07502	1.08051	1.07622	1.07062
ERR617127	0.902899	0.898805	0.910287	0.902388	0.905026	0.905917	0.96515	0.950197	0.956204	0.933381	0.934693	0.945787	0.901685	0.918545	0.903422	0.9219	0.909062	0.918685	0.905477	0.904792	0.904409	0.930274	0.904803	0.92621	0.908139	0.915692	0.927913	0.914948	0.937702	0.910586	0.932127	0.934907	0.925719	0.964082	0.962233	0.923921	0	0.847568	0.834166	0.810597	0.811967	0.825912	1.09464	1.09889	1.07948	1.08809	1.06978	1.08682	1.10497	1.102	1.11416	1.09695	1.10482	1.10147	1.06375	1.0748	1.06872	1.06888	1.07047	1.07563	1.06875	1.09062	1.07068	1.09616	1.07059	1.08298	1.10502	1.11522	1.11429	1.09772	1.09549	1.09719	1.06017	1.0469	1.06175	1.04775	1.04711	1.04634	1.08782	1.08772	1.07517	1.06802	1.0759	1.08921	1.05616	1.0554	1.07552	1.06376	1.05491	1.05803	1.07269	1.06738	1.067	1.0726	1.07014	1.06383
ERR617130	0.915152	0.911698	0.920397	0.915194	0.917656	0.916484	0.967336	0.964199	0.970086	0.94849	0.949171	0.955633	0.91943	0.934057	0.920774	0.932856	0.923029	0.934113	0.915804	0.917962	0.917835	0.939535	0.915312	0.93418	0.916403	0.926199	0.935526	0.925599	0.94333	0.919436	0.944077	0.945523	0.937704	0.977083	0.975495	0.936363	0.847568	0	0.849978	0.828476	0.830471	0.846315	1.10129	1.1035	1.0861	1.09535	1.07793	1.09375	1.11224	1.11311	1.11742	1.10829	1.11127	1.11135	1.07466	1.08767	1.08161	1.07893	1.07965	1.08814	1.08575	1.10724	1.08707	1.11553	1.08774	1.10095	1.11678	1.12566	1.12488	1.10974	1.10767	1.10935	1.06995	1.05784	1.07006	1.05795	1.05814	1.05744	1.09359	1.09345	1.08548	1.07821	1.08401	1.09475	1.06408	1.06198	1.08387	1.06843	1.06142	1.06467	1.08631	1.07823	1.08084	1.08625	1.07981	1.07533
ERR617125	0.908312	0.904736	0.915103	0.908191	0.91073	0.910509	0.967558	0.957216	0.963063	0.941269	0.941956	0.950414	0.909579	0.925718	0.911205	0.926627	0.915287	0.925463	0.910193	0.909995	0.910289	0.934613	0.909518	0.929377	0.912931	0.921257	0.932502	0.920478	0.941162	0.915718	0.938355	0.939896	0.931829	0.970283	0.968791	0.930043	0.834166	0.849978	0	0.819835	0.821693	0.833983	1.09688	1.10068	1.08218	1.09103	1.07279	1.08934	1.10818	1.10638	1.11557	1.10142	1.10754	1.10546	1.06804	1.0802	1.07399	1.07294	1.07427	1.08071	1.07634	1.09769	1.07815	1.10463	1.07822	1.09077	1.10983	1.11954	1.11852	1.10266	1.10078	1.10213	1.064	1.05151	1.06534	1.05217	1.05179	1.0508	1.0905	1.09022	1.07927	1.07221	1.079	1.09165	1.05964	1.05854	1.07904	1.06565	1.05791	1.06089	1.07865	1.07211	1.0731	1.07844	1.07419	1.06875
ERR617129	0.886672	0.881752	0.894469	0.885849	0.888655	0.889982	0.952041	0.936658	0.943291	0.918978	0.91962	0.931515	0.885676	0.904835	0.887851	0.907826	0.894647	0.904815	0.890874	0.889228	0.889226	0.917837	0.889503	0.912888	0.891104	0.898924	0.912154	0.898168	0.922557	0.893942	0.918177	0.920651	0.910936	0.952112	0.950295	0.908559	0.810597	0.828476	0.819835	0	0.78959	0.809999	1.08278	1.08695	1.06718	1.07583	1.05673	1.07424	1.09446	1.09132	1.10356	1.08572	1.09378	1.09051	1.05065	1.0625	1.05621	1.05583	1.05789	1.06303	1.05656	1.07918	1.05876	1.08557	1.05845	1.07113	1.09401	1.10496	1.10418	1.08669	1.08438	1.08612	1.04791	1.03433	1.04993	1.03489	1.03453	1.03365	1.0762	1.07619	1.06253	1.0557	1.06391	1.07755	1.04371	1.04319	1.06379	1.05143	1.04223	1.04581	1.06016	1.05445	1.05441	1.05985	1.05745	1.05105
ERR617128	0.887849	0.883357	0.896274	0.887439	0.890124	0.89162	0.954326	0.938753	0.944879	0.920571	0.921685	0.933649	0.887281	0.906562	0.889727	0.909793	0.896305	0.906618	0.892353	0.891231	0.890841	0.918913	0.89087	0.914164	0.893075	0.901057	0.913836	0.900232	0.924454	0.895907	0.919477	0.922381	0.91221	0.953682	0.951959	0.91056	0.811967	0.830471	0.821693	0.78959	0	0.81187	1.084	1.0886	1.06863	1.07716	1.0584	1.07593	1.09571	1.09224	1.10491	1.08695	1.09495	1.09146	1.05223	1.06357	1.0572	1.05764	1.05927	1.0642	1.05743	1.07988	1.05972	1.0858	1.05968	1.07216	1.09515	1.10581	1.10501	1.08761	1.08552	1.08712	1.04891	1.03513	1.05077	1.03592	1.03555	1.03448	1.07776	1.0777	1.06401	1.05701	1.06503	1.0791	1.04507	1.0444	1.06538	1.05274	1.04351	1.04705	1.06136	1.05578	1.05547	1.06122	1.05872	1.05246
ERR617126	0.901979	0.897828	0.90911	0.901589	0.904592	0.905091	0.96484	0.950842	0.957146	0.933892	0.934759	0.945611	0.901245	0.918264	0.903147	0.921207	0.909004	0.91845	0.905036	0.904418	0.903821	0.92988	0.904075	0.925472	0.90722	0.915236	0.926881	0.913989	0.936885	0.909814	0.932362	0.934886	0.925788	0.964273	0.962969	0.924228	0.825912	0.846315	0.833983	0.809999	0.81187	0	1.0936	1.09768	1.0786	1.08697	1.06914	1.08567	1.10492	1.10194	1.11349	1.09699	1.10434	1.10138	1.06302	1.07442	1.06837	1.06804	1.06967	1.07499	1.06893	1.09072	1.0711	1.09646	1.07103	1.08321	1.10484	1.11514	1.11409	1.09753	1.09538	1.09688	1.05886	1.04601	1.06043	1.04654	1.04606	1.04528	1.08715	1.08712	1.07457	1.06762	1.07519	1.08855	1.05547	1.05496	1.07464	1.06265	1.05386	1.05702	1.07233	1.06639	1.06668	1.07206	1.06955	1.06341
ERR630257	1.10604	1.1018	1.11106	1.10621	1.10771	1.10706	1.11914	1.11361	1.11789	1.10163	1.10171	1.10676	1.10002	1.11238	1.10089	1.11139	1.10437	1.11182	1.10187	1.10121	1.10107	1.12355	1.10081	1.11873	1.08289	1.09085	1.10049	1.08975	1.10691	1.08512	1.10648	1.10715	1.1013	1.13265	1.13201	1.09901	1.09464	1.10129	1.09688	1.08278	1.084	1.0936	0	0.88036	0.851812	0.864174	0.836755	0.862671	0.989735	0.99134	0.99774	0.9835	0.989264	0.98872	0.939655	0.95787	0.949584	0.945699	0.946664	0.958175	0.979748	1.00554	0.980989	1.01581	0.98248	0.997479	0.991371	1.0036	1.00188	0.980621	0.97747	0.981094	1.01144	0.997356	1.01268	0.997766	0.996907	0.99639	0.927057	0.925953	0.914811	0.905958	0.913619	0.927916	0.988596	0.986943	1.01045	0.994717	0.986624	0.989633	0.962538	0.95204	0.954483	0.962921	0.953373	0.947792
ERR630259	1.10977	1.1052	1.11429	1.11001	1.11158	1.11017	1.12084	1.11725	1.12142	1.10591	1.10541	1.10975	1.10426	1.11582	1.10496	1.11447	1.10763	1.1155	1.10509	1.10528	1.10496	1.12663	1.10423	1.12169	1.08564	1.09408	1.1032	1.09254	1.10934	1.08795	1.11011	1.11066	1.10524	1.13684	1.13577	1.10274	1.09889	1.1035	1.10068	1.08695	1.0886	1.09768	0.88036	0	0.857316	0.871433	0.843586	0.868612	0.994574	0.997649	1.00099	0.990147	0.994086	0.994657	0.945574	0.964702	0.956315	0.951166	0.95143	0.964985	0.987004	1.013	0.988622	1.02352	0.989922	1.00502	0.99826	1.00949	1.00803	0.987254	0.984636	0.987945	1.01691	1.00316	1.01761	1.00377	1.00328	1.00272	0.932279	0.930934	0.92182	0.913131	0.919381	0.932925	0.993954	0.991321	1.01553	0.998889	0.991412	0.993871	0.96987	0.957645	0.961503	0.97013	0.958829	0.95364
ERR630255	1.09212	1.0872	1.09692	1.09206	1.09367	1.0929	1.10485	1.09965	1.10411	1.08708	1.08725	1.09235	1.0851	1.09793	1.08621	1.0972	1.08962	1.09755	1.08689	1.08654	1.08645	1.11006	1.08614	1.10507	1.06701	1.07548	1.08563	1.07419	1.09196	1.06913	1.0922	1.09265	1.08669	1.11987	1.11904	1.08396	1.07948	1.0861	1.08218	1.06718	1.06863	1.0786	0.851812	0.857316	0	0.842311	0.808839	0.836828	0.971987	0.973683	0.979862	0.965554	0.971429	0.970745	0.918415	0.938325	0.929447	0.924545	0.925544	0.938657	0.961282	0.989522	0.963103	1.00036	0.964707	0.980454	0.975165	0.988253	0.98615	0.963881	0.960512	0.964348	0.994396	0.979133	0.995356	0.979521	0.978603	0.978523	0.906203	0.905122	0.893742	0.884125	0.891899	0.906968	0.969639	0.967472	0.993038	0.976138	0.967216	0.970293	0.943583	0.931403	0.934608	0.943621	0.933067	0.927301
ERR630258	1.0998	1.095	1.10462	1.10002	1.1014	1.1007	1.11372	1.10796	1.11207	1.09547	1.09579	1.10094	1.09376	1.10606	1.09461	1.10578	1.09792	1.10547	1.09565	1.09476	1.09473	1.11795	1.09463	1.11288	1.07629	1.0844	1.09397	1.08317	1.10111	1.07829	1.10069	1.10138	1.0956	1.12751	1.12638	1.09272	1.08809	1.09535	1.09103	1.07583	1.07716	1.08697	0.864174	0.871433	0.842311	0	0.826484	0.852949	0.983339	0.984558	0.991976	0.976531	0.982511	0.981988	0.931403	0.949798	0.941093	0.937692	0.93875	0.949603	0.971333	0.997613	0.972591	1.00749	0.974171	0.989127	0.985032	0.99765	0.995572	0.97395	0.970736	0.973966	1.00444	0.989758	1.0057	0.990224	0.989391	0.988923	0.919391	0.918285	0.906497	0.897378	0.905755	0.920397	0.980553	0.978705	1.00258	0.987594	0.978384	0.981385	0.95463	0.944095	0.946191	0.955098	0.945626	0.939807
ERR630254	1.08261	1.07774	1.08787	1.08268	1.08425	1.08359	1.09727	1.09076	1.09535	1.07758	1.07793	1.08356	1.07606	1.08921	1.07676	1.08867	1.08068	1.08878	1.07736	1.07686	1.07675	1.10151	1.07675	1.09619	1.05744	1.06586	1.07668	1.06468	1.08358	1.05956	1.08296	1.08383	1.07766	1.11169	1.11034	1.07471	1.06978	1.07793	1.07279	1.05673	1.0584	1.06914	0.836755	0.843586	0.808839	0.826484	0	0.821036	0.960102	0.961263	0.969717	0.952898	0.959999	0.958414	0.903353	0.923922	0.914641	0.910455	0.911779	0.924013	0.947811	0.976987	0.949585	0.987872	0.951033	0.967461	0.963189	0.977344	0.97485	0.951353	0.94821	0.951699	0.983188	0.967359	0.984384	0.967779	0.966888	0.966233	0.892817	0.891303	0.877978	0.867974	0.876818	0.893533	0.958045	0.955741	0.981926	0.965248	0.955549	0.958386	0.92929	0.917195	0.920106	0.929582	0.919498	0.912433
ERR630256	1.09853	1.0936	1.10341	1.09877	1.10024	1.09958	1.11243	1.10594	1.11073	1.09402	1.09411	1.09916	1.092	1.10477	1.09329	1.10399	1.09673	1.10453	1.09387	1.09349	1.09305	1.11655	1.09327	1.11174	1.07488	1.08283	1.09292	1.08171	1.09947	1.07672	1.09884	1.09985	1.09375	1.12616	1.12502	1.09106	1.08682	1.09375	1.08934	1.07424	1.07593	1.08567	0.862671	0.868612	0.836828	0.852949	0.821036	0	0.980836	0.98211	0.989599	0.974371	0.980855	0.97995	0.928366	0.947539	0.938398	0.934321	0.936017	0.947365	0.96947	0.996098	0.970948	1.00614	0.971957	0.987513	0.982965	0.995836	0.993936	0.972003	0.968684	0.972389	1.00322	0.98788	1.00436	0.988768	0.987841	0.987284	0.916116	0.915256	0.903356	0.893973	0.90188	0.917459	0.979087	0.977152	1.00141	0.985701	0.977129	0.979863	0.951852	0.940856	0.94412	0.952468	0.942639	0.936776
