	ERR636646	ERR636648	ERR636643	ERR636645	ERR636647	ERR636644	ERR608871	ERR608872	ERR608875	ERR608873	ERR608876	ERR608874	ERR612225	ERR612224	ERR612221	ERR612223	ERR612226	ERR612222	ERR613933	ERR613931	ERR613932	ERR613928	ERR613930	ERR613929	ERR607715	ERR607716	ERR607711	ERR607712	ERR607714	ERR607713	ERR629879	ERR629876	ERR629878	ERR629875	ERR629874	ERR629877	ERR636946	ERR636947	ERR636943	ERR636948	ERR636945	ERR636944	ERR626870	ERR626867	ERR626868	ERR626872	ERR626869	ERR626871	ERR618483	ERR618484	ERR618485	ERR618486	ERR618487	ERR618488	ERR616833	ERR616831	ERR616832	ERR616829	ERR616830	ERR616834	ERR616937	ERR616940	ERR616939	ERR616938	ERR616942	ERR616941	ERR626517	ERR626516	ERR626521	ERR626519	ERR626520	ERR626518	ERR608700	ERR608696	ERR608699	ERR608697	ERR608695	ERR608698	ERR630268	ERR630269	ERR630267	ERR630270	ERR630266	ERR630271	ERR626749	ERR626748	ERR626752	ERR626751	ERR626747	ERR626750	ERR617501	ERR617499	ERR617504	ERR617500	ERR617502	ERR617503
ERR636646	3.98746e+08	3.13062e+08	3.13533e+08	2.40705e+08	2.74721e+08	2.82862e+08	1.45599e+08	1.99001e+08	1.61999e+08	2.1613e+08	1.58666e+08	1.64765e+08	1.54876e+08	1.94195e+08	2.57659e+08	2.44028e+08	1.89561e+08	2.42289e+08	2.44873e+08	2.43688e+08	2.45234e+08	2.7245e+08	2.00209e+08	2.47918e+08	2.3729e+08	2.41335e+08	2.02386e+08	2.20446e+08	2.35463e+08	2.22506e+08	1.16146e+08	1.36231e+08	1.14774e+08	1.17219e+08	1.38657e+08	1.16835e+08	2.62617e+08	2.63712e+08	2.23076e+08	2.65472e+08	2.4429e+08	2.42703e+08	1.91392e+08	2.65432e+08	2.38977e+08	2.63937e+08	2.42076e+08	1.88682e+08	2.13148e+08	1.76705e+08	1.95263e+08	1.72379e+08	1.81165e+08	1.72775e+08	1.64454e+08	2.07624e+08	1.62225e+08	1.9097e+08	1.88943e+08	1.65336e+08	2.07644e+08	1.77789e+08	2.34201e+08	2.07639e+08	1.78169e+08	1.74566e+08	1.97013e+08	2.25999e+08	1.9354e+08	1.90677e+08	1.94319e+08	1.61284e+08	1.69849e+08	1.70512e+08	1.70019e+08	1.83372e+08	1.12985e+08	1.70207e+08	1.87793e+08	1.66681e+08	1.99254e+08	1.78094e+08	2.30592e+08	1.61142e+08	2.02661e+08	2.00384e+08	1.92384e+08	1.95652e+08	2.11237e+08	1.94345e+08	1.76896e+08	1.68777e+08	1.39249e+08	1.76429e+08	1.50156e+08	1.58494e+08
ERR636648	3.13062e+08	5.04308e+08	3.59194e+08	2.75075e+08	3.12862e+08	3.23623e+08	1.6904e+08	2.31054e+08	1.87542e+08	2.50747e+08	1.83668e+08	1.90724e+08	1.78781e+08	2.24286e+08	2.98376e+08	2.8253e+08	2.19015e+08	2.8059e+08	2.8192e+08	2.80551e+08	2.82051e+08	3.14098e+08	2.30498e+08	2.85329e+08	2.74011e+08	2.7873e+08	2.33131e+08	2.53906e+08	2.71806e+08	2.56823e+08	1.34959e+08	1.58046e+08	1.33545e+08	1.36137e+08	1.6093e+08	1.35957e+08	3.03449e+08	3.04886e+08	2.57474e+08	3.07017e+08	2.82469e+08	2.80089e+08	2.19565e+08	3.06077e+08	2.75325e+08	3.04069e+08	2.78696e+08	2.16419e+08	2.47863e+08	2.05343e+08	2.26886e+08	2.00059e+08	2.10334e+08	2.00634e+08	1.90783e+08	2.4081e+08	1.88236e+08	2.21586e+08	2.19029e+08	1.91803e+08	2.41764e+08	2.06932e+08	2.72253e+08	2.41374e+08	2.07231e+08	2.03256e+08	2.28724e+08	2.62451e+08	2.24334e+08	2.21179e+08	2.25318e+08	1.87265e+08	1.97201e+08	1.97834e+08	1.97398e+08	2.12779e+08	1.31493e+08	1.97801e+08	2.17901e+08	1.93394e+08	2.31401e+08	2.06668e+08	2.68141e+08	1.87028e+08	2.35445e+08	2.32948e+08	2.23457e+08	2.27266e+08	2.45705e+08	2.25797e+08	2.04642e+08	1.95582e+08	1.61177e+08	2.04234e+08	1.73712e+08	1.83384e+08
ERR636643	3.13533e+08	3.59194e+08	5.05996e+08	2.7627e+08	3.1314e+08	3.25103e+08	1.69019e+08	2.31281e+08	1.87861e+08	2.5106e+08	1.83826e+08	1.91037e+08	1.7921e+08	2.24758e+08	2.99136e+08	2.83156e+08	2.19524e+08	2.81179e+08	2.82448e+08	2.80887e+08	2.82423e+08	3.14518e+08	2.30667e+08	2.85777e+08	2.74237e+08	2.79025e+08	2.33384e+08	2.54327e+08	2.72055e+08	2.56992e+08	1.35389e+08	1.58477e+08	1.33816e+08	1.3649e+08	1.61448e+08	1.3619e+08	3.03813e+08	3.05293e+08	2.57686e+08	3.07354e+08	2.82644e+08	2.80494e+08	2.19917e+08	3.06549e+08	2.75578e+08	3.04403e+08	2.79055e+08	2.16697e+08	2.48352e+08	2.05755e+08	2.27443e+08	2.00459e+08	2.10835e+08	2.01102e+08	1.91194e+08	2.41368e+08	1.88542e+08	2.22038e+08	2.19476e+08	1.92136e+08	2.42e+08	2.07022e+08	2.72757e+08	2.41677e+08	2.0746e+08	2.03368e+08	2.29215e+08	2.63088e+08	2.25065e+08	2.21721e+08	2.25871e+08	1.87749e+08	1.97657e+08	1.98452e+08	1.97848e+08	2.13407e+08	1.31628e+08	1.98166e+08	2.18454e+08	1.93797e+08	2.31922e+08	2.07167e+08	2.68757e+08	1.87407e+08	2.3612e+08	2.33515e+08	2.24031e+08	2.27808e+08	2.46142e+08	2.26223e+08	2.0522e+08	1.9605e+08	1.61514e+08	2.04742e+08	1.74151e+08	1.83798e+08
ERR636645	2.40705e+08	2.75075e+08	2.7627e+08	3.22401e+08	2.40496e+08	2.49954e+08	1.29588e+08	1.75504e+08	1.42724e+08	1.90144e+08	1.39786e+08	1.45149e+08	1.36727e+08	1.70974e+08	2.26383e+08	2.14876e+08	1.66967e+08	2.1369e+08	2.15444e+08	2.14353e+08	2.15611e+08	2.39558e+08	1.77625e+08	2.18269e+08	2.09795e+08	2.13245e+08	1.78839e+08	1.94249e+08	2.08174e+08	1.96695e+08	1.0135e+08	1.17863e+08	1.00213e+08	1.01768e+08	1.20004e+08	1.01917e+08	2.3178e+08	2.32953e+08	1.96994e+08	2.34319e+08	2.15966e+08	2.13756e+08	1.67324e+08	2.32807e+08	2.09984e+08	2.31272e+08	2.12263e+08	1.65039e+08	1.87851e+08	1.56022e+08	1.72023e+08	1.51405e+08	1.59129e+08	1.51704e+08	1.46219e+08	1.83333e+08	1.44346e+08	1.69157e+08	1.66882e+08	1.46911e+08	1.83586e+08	1.5749e+08	2.06221e+08	1.82699e+08	1.5765e+08	1.5479e+08	1.72233e+08	1.97359e+08	1.68815e+08	1.66326e+08	1.69507e+08	1.4186e+08	1.48079e+08	1.48706e+08	1.48088e+08	1.59345e+08	9.95842e+07	1.48249e+08	1.66392e+08	1.47937e+08	1.76613e+08	1.57838e+08	2.04204e+08	1.43369e+08	1.77991e+08	1.76332e+08	1.68545e+08	1.71577e+08	1.85503e+08	1.70442e+08	1.5375e+08	1.47525e+08	1.21478e+08	1.53326e+08	1.30437e+08	1.37713e+08
ERR636647	2.74721e+08	3.12862e+08	3.1314e+08	2.40496e+08	3.98357e+08	2.82507e+08	1.45843e+08	1.99407e+08	1.62394e+08	2.16495e+08	1.58938e+08	1.65067e+08	1.55142e+08	1.94223e+08	2.57819e+08	2.44185e+08	1.89823e+08	2.42472e+08	2.45116e+08	2.43744e+08	2.45181e+08	2.72376e+08	2.00228e+08	2.47687e+08	2.37227e+08	2.41393e+08	2.02398e+08	2.20337e+08	2.35431e+08	2.22471e+08	1.16197e+08	1.36264e+08	1.14918e+08	1.17343e+08	1.38803e+08	1.16916e+08	2.62609e+08	2.63817e+08	2.23124e+08	2.65464e+08	2.4446e+08	2.42768e+08	1.9134e+08	2.65473e+08	2.38889e+08	2.63815e+08	2.41926e+08	1.88432e+08	2.13377e+08	1.76716e+08	1.95326e+08	1.72522e+08	1.81283e+08	1.72933e+08	1.64485e+08	2.07604e+08	1.62199e+08	1.90883e+08	1.89026e+08	1.65334e+08	2.07896e+08	1.77837e+08	2.34364e+08	2.07946e+08	1.78123e+08	1.74743e+08	1.97125e+08	2.26177e+08	1.93713e+08	1.9089e+08	1.94393e+08	1.61295e+08	1.70065e+08	1.70693e+08	1.70245e+08	1.83618e+08	1.13194e+08	1.70475e+08	1.87863e+08	1.66718e+08	1.99347e+08	1.78264e+08	2.30751e+08	1.61085e+08	2.02922e+08	2.00424e+08	1.92646e+08	1.95796e+08	2.11462e+08	1.94464e+08	1.77161e+08	1.69017e+08	1.39461e+08	1.76652e+08	1.50466e+08	1.58627e+08
ERR636644	2.82862e+08	3.23623e+08	3.25103e+08	2.49954e+08	2.82507e+08	4.22477e+08	1.51892e+08	2.07275e+08	1.68413e+08	2.24884e+08	1.6503e+08	1.71402e+08	1.60917e+08	2.01571e+08	2.67679e+08	2.53647e+08	1.96823e+08	2.51902e+08	2.53562e+08	2.52288e+08	2.53761e+08	2.823e+08	2.07642e+08	2.56767e+08	2.46399e+08	2.50739e+08	2.09975e+08	2.28526e+08	2.44514e+08	2.31028e+08	1.20682e+08	1.41167e+08	1.19331e+08	1.21632e+08	1.43739e+08	1.21346e+08	2.72732e+08	2.74205e+08	2.31719e+08	2.76017e+08	2.53933e+08	2.52046e+08	1.97682e+08	2.7505e+08	2.47605e+08	2.73215e+08	2.5072e+08	1.94883e+08	2.22605e+08	1.84564e+08	2.03739e+08	1.79588e+08	1.88822e+08	1.80021e+08	1.71958e+08	2.16566e+08	1.69521e+08	1.99352e+08	1.97006e+08	1.72712e+08	2.17172e+08	1.86025e+08	2.44634e+08	2.16739e+08	1.86223e+08	1.82675e+08	2.04724e+08	2.34804e+08	2.00908e+08	1.97839e+08	2.01672e+08	1.67874e+08	1.76474e+08	1.77162e+08	1.76589e+08	1.90271e+08	1.17823e+08	1.76817e+08	1.96173e+08	1.74242e+08	2.08194e+08	1.86113e+08	2.412e+08	1.68584e+08	2.11228e+08	2.08795e+08	2.00259e+08	2.0366e+08	2.20145e+08	2.02233e+08	1.83505e+08	1.75433e+08	1.4461e+08	1.83097e+08	1.5574e+08	1.64409e+08
ERR608871	1.45599e+08	1.6904e+08	1.69019e+08	1.29588e+08	1.45843e+08	1.51892e+08	2.56518e+08	2.15387e+08	1.79726e+08	2.29844e+08	1.7653e+08	1.8255e+08	1.30379e+08	1.62116e+08	2.1164e+08	2.01853e+08	1.58322e+08	2.01184e+08	1.68977e+08	1.67704e+08	1.68623e+08	1.87522e+08	1.40674e+08	1.71355e+08	1.82645e+08	1.85381e+08	1.56958e+08	1.69002e+08	1.81379e+08	1.71537e+08	8.23793e+07	9.48131e+07	8.13789e+07	8.20626e+07	9.65943e+07	8.27538e+07	2.13493e+08	2.14686e+08	1.81989e+08	2.16074e+08	1.99179e+08	1.9675e+08	1.36981e+08	1.94062e+08	1.74431e+08	1.92786e+08	1.7645e+08	1.35272e+08	1.3829e+08	1.14852e+08	1.2688e+08	1.10888e+08	1.16668e+08	1.11538e+08	1.03798e+08	1.30791e+08	1.02451e+08	1.20416e+08	1.18456e+08	1.04382e+08	1.34503e+08	1.15325e+08	1.50932e+08	1.33393e+08	1.15624e+08	1.13764e+08	1.49177e+08	1.69178e+08	1.45694e+08	1.43561e+08	1.46097e+08	1.24548e+08	1.17803e+08	1.1835e+08	1.17876e+08	1.26808e+08	8.04264e+07	1.17949e+08	1.19054e+08	1.05197e+08	1.26859e+08	1.12292e+08	1.47961e+08	1.02114e+08	1.32888e+08	1.31627e+08	1.25698e+08	1.27916e+08	1.38372e+08	1.26916e+08	1.10883e+08	1.06698e+08	8.77415e+07	1.10472e+08	9.38842e+07	9.89421e+07
ERR608872	1.99001e+08	2.31054e+08	2.31281e+08	1.75504e+08	1.99407e+08	2.07275e+08	2.15387e+08	4.05121e+08	2.33516e+08	3.02849e+08	2.29345e+08	2.37431e+08	1.7481e+08	2.1837e+08	2.87081e+08	2.72878e+08	2.13438e+08	2.71694e+08	2.29782e+08	2.28053e+08	2.29556e+08	2.55364e+08	1.8942e+08	2.32867e+08	2.45497e+08	2.49542e+08	2.10542e+08	2.27895e+08	2.43971e+08	2.30636e+08	1.14069e+08	1.32457e+08	1.1279e+08	1.14351e+08	1.35073e+08	1.1472e+08	2.87929e+08	2.89343e+08	2.44758e+08	2.91574e+08	2.68638e+08	2.65887e+08	1.87857e+08	2.66115e+08	2.38575e+08	2.64008e+08	2.41519e+08	1.85436e+08	1.91351e+08	1.58331e+08	1.75324e+08	1.53879e+08	1.61926e+08	1.54642e+08	1.42639e+08	1.81076e+08	1.4083e+08	1.66207e+08	1.64116e+08	1.43724e+08	1.85395e+08	1.58359e+08	2.08717e+08	1.84666e+08	1.58874e+08	1.56239e+08	2.05707e+08	2.34018e+08	2.0132e+08	1.98393e+08	2.01842e+08	1.70739e+08	1.63441e+08	1.64166e+08	1.63669e+08	1.76505e+08	1.10102e+08	1.63845e+08	1.64351e+08	1.45074e+08	1.74942e+08	1.55166e+08	2.04602e+08	1.40281e+08	1.83989e+08	1.81967e+08	1.74411e+08	1.77184e+08	1.91743e+08	1.7597e+08	1.54981e+08	1.4841e+08	1.2212e+08	1.54324e+08	1.312e+08	1.38286e+08
ERR608875	1.61999e+08	1.87542e+08	1.87861e+08	1.42724e+08	1.62394e+08	1.68413e+08	1.79726e+08	2.33516e+08	2.94477e+08	2.50255e+08	1.92663e+08	1.99263e+08	1.4273e+08	1.77924e+08	2.33134e+08	2.21804e+08	1.73797e+08	2.20755e+08	1.86782e+08	1.85205e+08	1.8653e+08	2.07331e+08	1.54089e+08	1.89171e+08	2.00172e+08	2.03404e+08	1.72056e+08	1.86076e+08	1.98908e+08	1.88218e+08	9.15801e+07	1.06514e+08	9.04952e+07	9.18621e+07	1.08571e+08	9.20881e+07	2.34402e+08	2.35396e+08	1.99631e+08	2.37126e+08	2.18634e+08	2.1663e+08	1.53173e+08	2.16099e+08	1.93779e+08	2.14266e+08	1.96171e+08	1.51142e+08	1.52974e+08	1.26564e+08	1.40315e+08	1.22977e+08	1.29521e+08	1.23719e+08	1.14056e+08	1.4492e+08	1.12538e+08	1.32746e+08	1.31212e+08	1.14786e+08	1.48241e+08	1.26719e+08	1.67152e+08	1.47701e+08	1.27038e+08	1.24933e+08	1.6527e+08	1.87931e+08	1.61885e+08	1.59387e+08	1.62326e+08	1.37082e+08	1.31379e+08	1.31736e+08	1.31478e+08	1.4164e+08	8.82476e+07	1.3159e+08	1.31192e+08	1.1587e+08	1.39659e+08	1.23967e+08	1.63368e+08	1.11961e+08	1.47359e+08	1.45622e+08	1.39708e+08	1.41955e+08	1.53494e+08	1.40971e+08	1.24185e+08	1.18916e+08	9.78711e+07	1.23698e+08	1.05146e+08	1.10786e+08
ERR608873	2.1613e+08	2.50747e+08	2.5106e+08	1.90144e+08	2.16495e+08	2.24884e+08	2.29844e+08	3.02849e+08	2.50255e+08	4.59701e+08	2.45529e+08	2.54359e+08	1.8863e+08	2.36045e+08	3.10565e+08	2.95022e+08	2.30422e+08	2.93607e+08	2.49214e+08	2.47272e+08	2.48661e+08	2.76898e+08	2.04647e+08	2.5225e+08	2.65267e+08	2.69526e+08	2.27324e+08	2.46274e+08	2.63535e+08	2.49155e+08	1.24229e+08	1.44611e+08	1.22691e+08	1.24535e+08	1.47416e+08	1.24884e+08	3.11464e+08	3.12931e+08	2.6475e+08	3.15329e+08	2.9044e+08	2.87723e+08	2.04202e+08	2.88912e+08	2.58938e+08	2.86662e+08	2.62197e+08	2.01522e+08	2.08301e+08	1.7219e+08	1.908e+08	1.67402e+08	1.76245e+08	1.68419e+08	1.54946e+08	1.97288e+08	1.52901e+08	1.80689e+08	1.78716e+08	1.56069e+08	2.0147e+08	1.7193e+08	2.27114e+08	2.01022e+08	1.72469e+08	1.6959e+08	2.23603e+08	2.54435e+08	2.18889e+08	2.15689e+08	2.19573e+08	1.85087e+08	1.78059e+08	1.78737e+08	1.78307e+08	1.92238e+08	1.1934e+08	1.78481e+08	1.78624e+08	1.5769e+08	1.90062e+08	1.68672e+08	2.22508e+08	1.52324e+08	2.00228e+08	1.9797e+08	1.89967e+08	1.92944e+08	2.08719e+08	1.91616e+08	1.69026e+08	1.61771e+08	1.3306e+08	1.68346e+08	1.43164e+08	1.50802e+08
ERR608876	1.58666e+08	1.83668e+08	1.83826e+08	1.39786e+08	1.58938e+08	1.6503e+08	1.7653e+08	2.29345e+08	1.92663e+08	2.45529e+08	2.85699e+08	1.95678e+08	1.39844e+08	1.74266e+08	2.28272e+08	2.17131e+08	1.70129e+08	2.1608e+08	1.8245e+08	1.81165e+08	1.82258e+08	2.02688e+08	1.50567e+08	1.84738e+08	1.95597e+08	1.98742e+08	1.6818e+08	1.81727e+08	1.9435e+08	1.83922e+08	8.97116e+07	1.04357e+08	8.87662e+07	8.99858e+07	1.06346e+08	9.02518e+07	2.29203e+08	2.30207e+08	1.95272e+08	2.31815e+08	2.13807e+08	2.11749e+08	1.49728e+08	2.11234e+08	1.89455e+08	2.09622e+08	1.91772e+08	1.47822e+08	1.50094e+08	1.24122e+08	1.3754e+08	1.20764e+08	1.27037e+08	1.21408e+08	1.11848e+08	1.4216e+08	1.10478e+08	1.30296e+08	1.28682e+08	1.12695e+08	1.45346e+08	1.24161e+08	1.63785e+08	1.4495e+08	1.24569e+08	1.22451e+08	1.61902e+08	1.84034e+08	1.58455e+08	1.56176e+08	1.59041e+08	1.34412e+08	1.2869e+08	1.2916e+08	1.28765e+08	1.38937e+08	8.64228e+07	1.28959e+08	1.28691e+08	1.1379e+08	1.37071e+08	1.21611e+08	1.60168e+08	1.09886e+08	1.44469e+08	1.4289e+08	1.37032e+08	1.39211e+08	1.50544e+08	1.38384e+08	1.2196e+08	1.16719e+08	9.60321e+07	1.21472e+08	1.03225e+08	1.08726e+08
ERR608874	1.64765e+08	1.90724e+08	1.91037e+08	1.45149e+08	1.65067e+08	1.71402e+08	1.8255e+08	2.37431e+08	1.99263e+08	2.54359e+08	1.95678e+08	3.02468e+08	1.45049e+08	1.80747e+08	2.37078e+08	2.25454e+08	1.76637e+08	2.24193e+08	1.8987e+08	1.88536e+08	1.89557e+08	2.10811e+08	1.56549e+08	1.92255e+08	2.03292e+08	2.0648e+08	1.74646e+08	1.88814e+08	2.02033e+08	1.91037e+08	9.32657e+07	1.0849e+08	9.21947e+07	9.35297e+07	1.10607e+08	9.38341e+07	2.38084e+08	2.39261e+08	2.02926e+08	2.40968e+08	2.22175e+08	2.20173e+08	1.5562e+08	2.19554e+08	1.96987e+08	2.17935e+08	1.99312e+08	1.5358e+08	1.55924e+08	1.28994e+08	1.42932e+08	1.25467e+08	1.32038e+08	1.26124e+08	1.16215e+08	1.47636e+08	1.14694e+08	1.35269e+08	1.33795e+08	1.17056e+08	1.50857e+08	1.28934e+08	1.70012e+08	1.50384e+08	1.29381e+08	1.27169e+08	1.6829e+08	1.91294e+08	1.64768e+08	1.62343e+08	1.65201e+08	1.39594e+08	1.33636e+08	1.34175e+08	1.33801e+08	1.44237e+08	8.98419e+07	1.34021e+08	1.33665e+08	1.18143e+08	1.4237e+08	1.2628e+08	1.66264e+08	1.14101e+08	1.49998e+08	1.48268e+08	1.42278e+08	1.44477e+08	1.56336e+08	1.43703e+08	1.26589e+08	1.2114e+08	9.97542e+07	1.2606e+08	1.07172e+08	1.1293e+08
ERR612225	1.54876e+08	1.78781e+08	1.7921e+08	1.36727e+08	1.55142e+08	1.60917e+08	1.30379e+08	1.7481e+08	1.4273e+08	1.8863e+08	1.39844e+08	1.45049e+08	2.71083e+08	2.15714e+08	2.78147e+08	2.65153e+08	2.10878e+08	2.63896e+08	1.84125e+08	1.82716e+08	1.8386e+08	2.03622e+08	1.52629e+08	1.86383e+08	1.93247e+08	1.9646e+08	1.66848e+08	1.80071e+08	1.92143e+08	1.82214e+08	1.0149e+08	1.17526e+08	1.00335e+08	1.01792e+08	1.1956e+08	1.02035e+08	2.21425e+08	2.22682e+08	1.89413e+08	2.23892e+08	2.06956e+08	2.04896e+08	1.50173e+08	2.11074e+08	1.89588e+08	2.09545e+08	1.92069e+08	1.47987e+08	1.66018e+08	1.3798e+08	1.52251e+08	1.34404e+08	1.41333e+08	1.34919e+08	1.24828e+08	1.58269e+08	1.22996e+08	1.45179e+08	1.43522e+08	1.25727e+08	1.59082e+08	1.36413e+08	1.79128e+08	1.58749e+08	1.36728e+08	1.34564e+08	1.84863e+08	2.0931e+08	1.81673e+08	1.79009e+08	1.82151e+08	1.54576e+08	1.4415e+08	1.44827e+08	1.44528e+08	1.55451e+08	9.77588e+07	1.44793e+08	1.42019e+08	1.25697e+08	1.51094e+08	1.34606e+08	1.76327e+08	1.21496e+08	1.56614e+08	1.54945e+08	1.48644e+08	1.51118e+08	1.63088e+08	1.5004e+08	1.36335e+08	1.30632e+08	1.0813e+08	1.36049e+08	1.16054e+08	1.22354e+08
ERR612224	1.94195e+08	2.24286e+08	2.24758e+08	1.70974e+08	1.94223e+08	2.01571e+08	1.62116e+08	2.1837e+08	1.77924e+08	2.36045e+08	1.74266e+08	1.80747e+08	2.15714e+08	3.89462e+08	3.46945e+08	3.30374e+08	2.61378e+08	3.28726e+08	2.30057e+08	2.28093e+08	2.29406e+08	2.54424e+08	1.9e+08	2.32755e+08	2.40764e+08	2.44675e+08	2.07095e+08	2.23819e+08	2.39041e+08	2.2674e+08	1.27606e+08	1.47765e+08	1.26059e+08	1.27927e+08	1.50524e+08	1.28211e+08	2.75845e+08	2.77248e+08	2.35435e+08	2.7912e+08	2.57461e+08	2.55097e+08	1.87393e+08	2.64282e+08	2.37171e+08	2.62333e+08	2.40231e+08	1.84783e+08	2.09976e+08	1.7416e+08	1.92422e+08	1.69624e+08	1.78671e+08	1.70244e+08	1.57759e+08	2.00164e+08	1.55401e+08	1.83603e+08	1.81553e+08	1.58813e+08	2.01427e+08	1.7254e+08	2.26781e+08	2.00796e+08	1.7303e+08	1.70045e+08	2.31913e+08	2.62739e+08	2.277e+08	2.2422e+08	2.28151e+08	1.93415e+08	1.81316e+08	1.82195e+08	1.81854e+08	1.9566e+08	1.22606e+08	1.81985e+08	1.79625e+08	1.58892e+08	1.90964e+08	1.70067e+08	2.23275e+08	1.53497e+08	1.98134e+08	1.96029e+08	1.88138e+08	1.91203e+08	2.0639e+08	1.89923e+08	1.72172e+08	1.64869e+08	1.36276e+08	1.71849e+08	1.46454e+08	1.5434e+08
ERR612221	2.57659e+08	2.98376e+08	2.99136e+08	2.26383e+08	2.57819e+08	2.67679e+08	2.1164e+08	2.87081e+08	2.33134e+08	3.10565e+08	2.28272e+08	2.37078e+08	2.78147e+08	3.46945e+08	6.24339e+08	4.34063e+08	3.38844e+08	4.31588e+08	3.00618e+08	2.98243e+08	2.99931e+08	3.33741e+08	2.46844e+08	3.04256e+08	3.13869e+08	3.19283e+08	2.6917e+08	2.91643e+08	3.11737e+08	2.94991e+08	1.697e+08	1.97134e+08	1.67606e+08	1.70261e+08	2.00786e+08	1.70578e+08	3.61031e+08	3.62876e+08	3.06699e+08	3.65406e+08	3.36373e+08	3.33352e+08	2.46589e+08	3.48734e+08	3.12348e+08	3.45913e+08	3.16519e+08	2.43209e+08	2.82576e+08	2.34049e+08	2.58766e+08	2.28077e+08	2.4021e+08	2.28964e+08	2.11955e+08	2.6951e+08	2.08931e+08	2.46995e+08	2.44226e+08	2.13438e+08	2.71046e+08	2.31758e+08	3.05509e+08	2.70363e+08	2.32375e+08	2.28482e+08	3.05414e+08	3.4706e+08	2.99788e+08	2.95167e+08	3.00358e+08	2.53439e+08	2.41643e+08	2.42704e+08	2.42321e+08	2.60816e+08	1.6242e+08	2.42631e+08	2.41789e+08	2.1393e+08	2.57283e+08	2.29018e+08	3.0081e+08	2.06471e+08	2.6695e+08	2.63885e+08	2.53229e+08	2.57429e+08	2.78215e+08	2.55646e+08	2.31576e+08	2.21622e+08	1.82978e+08	2.31089e+08	1.96775e+08	2.07371e+08
ERR612223	2.44028e+08	2.8253e+08	2.83156e+08	2.14876e+08	2.44185e+08	2.53647e+08	2.01853e+08	2.72878e+08	2.21804e+08	2.95022e+08	2.17131e+08	2.25454e+08	2.65153e+08	3.30374e+08	4.34063e+08	5.70641e+08	3.22688e+08	4.10745e+08	2.85747e+08	2.83631e+08	2.85168e+08	3.171e+08	2.35269e+08	2.89394e+08	2.98855e+08	3.03753e+08	2.56238e+08	2.77313e+08	2.96671e+08	2.80863e+08	1.60607e+08	1.86043e+08	1.58648e+08	1.60913e+08	1.89524e+08	1.61274e+08	3.43549e+08	3.45415e+08	2.91967e+08	3.47533e+08	3.20129e+08	3.16894e+08	2.3356e+08	3.30366e+08	2.96223e+08	3.27898e+08	3.00238e+08	2.30399e+08	2.6667e+08	2.21128e+08	2.44315e+08	2.15262e+08	2.26536e+08	2.16113e+08	2.0037e+08	2.54206e+08	1.97489e+08	2.33189e+08	2.30505e+08	2.01798e+08	2.55988e+08	2.19162e+08	2.88157e+08	2.55223e+08	2.19789e+08	2.1617e+08	2.89293e+08	3.28363e+08	2.83722e+08	2.79646e+08	2.84653e+08	2.40477e+08	2.28351e+08	2.2948e+08	2.28973e+08	2.46323e+08	1.54187e+08	2.29039e+08	2.28389e+08	2.02096e+08	2.43179e+08	2.16429e+08	2.84095e+08	1.9514e+08	2.52024e+08	2.49177e+08	2.38876e+08	2.42814e+08	2.62384e+08	2.41181e+08	2.1833e+08	2.0905e+08	1.72533e+08	2.17889e+08	1.85417e+08	1.95594e+08
ERR612226	1.89561e+08	2.19015e+08	2.19524e+08	1.66967e+08	1.89823e+08	1.96823e+08	1.58322e+08	2.13438e+08	1.73797e+08	2.30422e+08	1.70129e+08	1.76637e+08	2.10878e+08	2.61378e+08	3.38844e+08	3.22688e+08	3.74574e+08	3.21058e+08	2.24516e+08	2.22753e+08	2.23956e+08	2.48471e+08	1.85437e+08	2.27161e+08	2.35103e+08	2.38966e+08	2.02325e+08	2.18575e+08	2.33537e+08	2.21261e+08	1.24528e+08	1.44183e+08	1.23012e+08	1.24802e+08	1.46918e+08	1.25205e+08	2.69705e+08	2.71055e+08	2.29952e+08	2.72716e+08	2.51739e+08	2.49351e+08	1.83277e+08	2.58244e+08	2.31753e+08	2.56229e+08	2.34754e+08	1.80719e+08	2.04789e+08	1.69894e+08	1.87684e+08	1.65471e+08	1.7427e+08	1.66211e+08	1.53748e+08	1.95144e+08	1.51432e+08	1.78862e+08	1.76947e+08	1.54785e+08	1.96311e+08	1.68141e+08	2.21052e+08	1.95759e+08	1.68494e+08	1.65778e+08	2.26471e+08	2.56372e+08	2.22279e+08	2.18935e+08	2.2279e+08	1.88774e+08	1.77229e+08	1.77962e+08	1.77693e+08	1.91136e+08	1.19838e+08	1.77741e+08	1.75096e+08	1.54953e+08	1.86217e+08	1.65795e+08	2.1748e+08	1.49668e+08	1.93347e+08	1.91309e+08	1.83491e+08	1.86506e+08	2.01418e+08	1.85297e+08	1.68103e+08	1.60833e+08	1.32983e+08	1.6777e+08	1.42873e+08	1.50567e+08
ERR612222	2.42289e+08	2.8059e+08	2.81179e+08	2.1369e+08	2.42472e+08	2.51902e+08	2.01184e+08	2.71694e+08	2.20755e+08	2.93607e+08	2.1608e+08	2.24193e+08	2.63896e+08	3.28726e+08	4.31588e+08	4.10745e+08	3.21058e+08	5.65565e+08	2.83994e+08	2.81808e+08	2.83485e+08	3.15182e+08	2.34161e+08	2.87664e+08	2.97475e+08	3.02267e+08	2.55025e+08	2.75901e+08	2.95265e+08	2.79423e+08	1.59762e+08	1.84829e+08	1.57763e+08	1.60022e+08	1.88288e+08	1.60509e+08	3.41811e+08	3.43697e+08	2.90567e+08	3.46051e+08	3.18689e+08	3.15391e+08	2.31959e+08	3.28685e+08	2.94615e+08	3.26021e+08	2.98332e+08	2.28895e+08	2.66089e+08	2.20752e+08	2.43687e+08	2.14632e+08	2.25932e+08	2.15352e+08	2.00047e+08	2.53637e+08	1.97296e+08	2.32811e+08	2.29975e+08	2.01549e+08	2.55695e+08	2.19025e+08	2.8765e+08	2.54549e+08	2.19382e+08	2.15916e+08	2.88319e+08	3.27269e+08	2.82662e+08	2.78313e+08	2.83307e+08	2.39962e+08	2.2742e+08	2.28475e+08	2.27942e+08	2.45111e+08	1.53699e+08	2.28015e+08	2.27965e+08	2.01717e+08	2.42552e+08	2.15851e+08	2.8343e+08	1.95007e+08	2.51112e+08	2.48641e+08	2.37916e+08	2.42093e+08	2.61576e+08	2.4038e+08	2.17163e+08	2.08073e+08	1.71765e+08	2.16602e+08	1.84453e+08	1.94534e+08
ERR613933	2.44873e+08	2.8192e+08	2.82448e+08	2.15444e+08	2.45116e+08	2.53562e+08	1.68977e+08	2.29782e+08	1.86782e+08	2.49214e+08	1.8245e+08	1.8987e+08	1.84125e+08	2.30057e+08	3.00618e+08	2.85747e+08	2.24516e+08	2.83994e+08	4.40429e+08	3.09093e+08	3.10689e+08	3.42784e+08	2.55976e+08	3.13406e+08	2.82782e+08	2.8715e+08	2.42856e+08	2.62723e+08	2.80782e+08	2.66108e+08	1.27023e+08	1.47904e+08	1.25518e+08	1.27609e+08	1.50902e+08	1.27657e+08	3.05024e+08	3.06513e+08	2.60572e+08	3.08871e+08	2.84995e+08	2.82625e+08	2.19894e+08	3.07608e+08	2.76547e+08	3.05552e+08	2.79966e+08	2.16781e+08	2.06081e+08	1.70559e+08	1.88889e+08	1.66374e+08	1.75161e+08	1.67181e+08	1.51831e+08	1.93786e+08	1.49677e+08	1.77329e+08	1.75511e+08	1.52912e+08	1.96636e+08	1.67676e+08	2.21912e+08	1.96444e+08	1.68382e+08	1.65322e+08	2.33416e+08	2.64721e+08	2.29244e+08	2.25768e+08	2.29948e+08	1.93802e+08	1.83925e+08	1.8473e+08	1.84339e+08	1.98796e+08	1.23218e+08	1.84481e+08	1.75396e+08	1.54881e+08	1.86531e+08	1.65757e+08	2.18302e+08	1.49303e+08	2.00827e+08	1.98568e+08	1.90651e+08	1.93499e+08	2.09521e+08	1.92361e+08	1.69287e+08	1.61792e+08	1.33375e+08	1.68721e+08	1.43734e+08	1.51455e+08
ERR613931	2.43688e+08	2.80551e+08	2.80887e+08	2.14353e+08	2.43744e+08	2.52288e+08	1.67704e+08	2.28053e+08	1.85205e+08	2.47272e+08	1.81165e+08	1.88536e+08	1.82716e+08	2.28093e+08	2.98243e+08	2.83631e+08	2.22753e+08	2.81808e+08	3.09093e+08	4.3687e+08	3.09351e+08	3.41465e+08	2.5486e+08	3.11977e+08	2.81153e+08	2.85688e+08	2.41482e+08	2.61264e+08	2.79292e+08	2.64602e+08	1.2622e+08	1.47124e+08	1.24731e+08	1.26966e+08	1.50035e+08	1.27e+08	3.02726e+08	3.04438e+08	2.58543e+08	3.06535e+08	2.82961e+08	2.80737e+08	2.18494e+08	3.05649e+08	2.74778e+08	3.03594e+08	2.78056e+08	2.15486e+08	2.04865e+08	1.69505e+08	1.87803e+08	1.65364e+08	1.74281e+08	1.66285e+08	1.50874e+08	1.92607e+08	1.48726e+08	1.76153e+08	1.74544e+08	1.51953e+08	1.9535e+08	1.66617e+08	2.20728e+08	1.95265e+08	1.67357e+08	1.6425e+08	2.31993e+08	2.63081e+08	2.27892e+08	2.24482e+08	2.28518e+08	1.92575e+08	1.82929e+08	1.83691e+08	1.83282e+08	1.97626e+08	1.22427e+08	1.83477e+08	1.74191e+08	1.53985e+08	1.85406e+08	1.64785e+08	2.16923e+08	1.48305e+08	1.9968e+08	1.9741e+08	1.89532e+08	1.92419e+08	2.08121e+08	1.91349e+08	1.68392e+08	1.61011e+08	1.32662e+08	1.67777e+08	1.43e+08	1.50754e+08
ERR613932	2.45234e+08	2.82051e+08	2.82423e+08	2.15611e+08	2.45181e+08	2.53761e+08	1.68623e+08	2.29556e+08	1.8653e+08	2.48661e+08	1.82258e+08	1.89557e+08	1.8386e+08	2.29406e+08	2.99931e+08	2.85168e+08	2.23956e+08	2.83485e+08	3.10689e+08	3.09351e+08	4.40828e+08	3.43132e+08	2.56123e+08	3.13696e+08	2.82687e+08	2.87141e+08	2.42718e+08	2.62653e+08	2.80637e+08	2.66201e+08	1.27006e+08	1.48084e+08	1.25491e+08	1.27834e+08	1.50958e+08	1.2781e+08	3.04615e+08	3.0606e+08	2.59997e+08	3.08256e+08	2.84519e+08	2.8214e+08	2.19648e+08	3.07536e+08	2.76285e+08	3.05406e+08	2.79919e+08	2.16614e+08	2.06017e+08	1.705e+08	1.88918e+08	1.66443e+08	1.75268e+08	1.67298e+08	1.51791e+08	1.93807e+08	1.49715e+08	1.77235e+08	1.75598e+08	1.52873e+08	1.96567e+08	1.677e+08	2.22062e+08	1.96557e+08	1.68445e+08	1.65336e+08	2.3337e+08	2.6479e+08	2.29144e+08	2.25774e+08	2.29855e+08	1.93764e+08	1.83827e+08	1.84644e+08	1.84249e+08	1.98809e+08	1.23108e+08	1.84417e+08	1.75459e+08	1.54955e+08	1.86581e+08	1.65816e+08	2.18371e+08	1.49338e+08	2.00918e+08	1.98605e+08	1.90703e+08	1.93661e+08	2.09528e+08	1.92337e+08	1.69316e+08	1.61905e+08	1.33492e+08	1.68829e+08	1.43849e+08	1.51589e+08
ERR613928	2.7245e+08	3.14098e+08	3.14518e+08	2.39558e+08	2.72376e+08	2.823e+08	1.87522e+08	2.55364e+08	2.07331e+08	2.76898e+08	2.02688e+08	2.10811e+08	2.03622e+08	2.54424e+08	3.33741e+08	3.171e+08	2.48471e+08	3.15182e+08	3.42784e+08	3.41465e+08	3.43132e+08	5.28238e+08	2.83996e+08	3.48456e+08	3.13125e+08	3.18119e+08	2.68271e+08	2.906e+08	3.10908e+08	2.94366e+08	1.42122e+08	1.65417e+08	1.40283e+08	1.42719e+08	1.68654e+08	1.42822e+08	3.37694e+08	3.39479e+08	2.87975e+08	3.42007e+08	3.15373e+08	3.12603e+08	2.43011e+08	3.41045e+08	3.06279e+08	3.38658e+08	3.1023e+08	2.39714e+08	2.31963e+08	1.91924e+08	2.12581e+08	1.8723e+08	1.97201e+08	1.88157e+08	1.70762e+08	2.18205e+08	1.68545e+08	1.9961e+08	1.97545e+08	1.72159e+08	2.2155e+08	1.8893e+08	2.50018e+08	2.21349e+08	1.897e+08	1.86219e+08	2.5955e+08	2.9485e+08	2.54829e+08	2.50958e+08	2.55504e+08	2.15051e+08	2.05517e+08	2.06454e+08	2.06101e+08	2.22205e+08	1.37579e+08	2.06253e+08	1.9753e+08	1.74525e+08	2.1014e+08	1.86717e+08	2.45978e+08	1.68119e+08	2.25887e+08	2.2328e+08	2.14401e+08	2.17693e+08	2.35593e+08	2.16375e+08	1.90269e+08	1.81926e+08	1.50003e+08	1.89614e+08	1.61442e+08	1.70246e+08
ERR613930	2.00209e+08	2.30498e+08	2.30667e+08	1.77625e+08	2.00228e+08	2.07642e+08	1.40674e+08	1.8942e+08	1.54089e+08	2.04647e+08	1.50567e+08	1.56549e+08	1.52629e+08	1.9e+08	2.46844e+08	2.35269e+08	1.85437e+08	2.34161e+08	2.55976e+08	2.5486e+08	2.56123e+08	2.83996e+08	3.19574e+08	2.60338e+08	2.35117e+08	2.38782e+08	2.02395e+08	2.18242e+08	2.33467e+08	2.21485e+08	1.02987e+08	1.19011e+08	1.01694e+08	1.03074e+08	1.21343e+08	1.03437e+08	2.52561e+08	2.53836e+08	2.16149e+08	2.55514e+08	2.36262e+08	2.33806e+08	1.8061e+08	2.52745e+08	2.27789e+08	2.51058e+08	2.30247e+08	1.78211e+08	1.66661e+08	1.3838e+08	1.52914e+08	1.34283e+08	1.41432e+08	1.34999e+08	1.23567e+08	1.5671e+08	1.21906e+08	1.43728e+08	1.41928e+08	1.24371e+08	1.59557e+08	1.36491e+08	1.7946e+08	1.58794e+08	1.36989e+08	1.34538e+08	1.90989e+08	2.16044e+08	1.8734e+08	1.84549e+08	1.87759e+08	1.59876e+08	1.49027e+08	1.4979e+08	1.49279e+08	1.60604e+08	1.00834e+08	1.49378e+08	1.42151e+08	1.25813e+08	1.51418e+08	1.34375e+08	1.76963e+08	1.2158e+08	1.6198e+08	1.60476e+08	1.53587e+08	1.56104e+08	1.69033e+08	1.55001e+08	1.35682e+08	1.30197e+08	1.07252e+08	1.35182e+08	1.15164e+08	1.21284e+08
ERR613929	2.47918e+08	2.85329e+08	2.85777e+08	2.18269e+08	2.47687e+08	2.56767e+08	1.71355e+08	2.32867e+08	1.89171e+08	2.5225e+08	1.84738e+08	1.92255e+08	1.86383e+08	2.32755e+08	3.04256e+08	2.89394e+08	2.27161e+08	2.87664e+08	3.13406e+08	3.11977e+08	3.13696e+08	3.48456e+08	2.60338e+08	4.50429e+08	2.86545e+08	2.91079e+08	2.4594e+08	2.66074e+08	2.84656e+08	2.69635e+08	1.28643e+08	1.49706e+08	1.27168e+08	1.29281e+08	1.52698e+08	1.29325e+08	3.08595e+08	3.10404e+08	2.63588e+08	3.12537e+08	2.88463e+08	2.8597e+08	2.22114e+08	3.1118e+08	2.7977e+08	3.09027e+08	2.83199e+08	2.18966e+08	2.09415e+08	1.73425e+08	1.91912e+08	1.68929e+08	1.77956e+08	1.698e+08	1.54458e+08	1.96892e+08	1.52368e+08	1.80279e+08	1.7842e+08	1.55574e+08	1.99862e+08	1.70672e+08	2.25605e+08	1.99659e+08	1.71375e+08	1.684e+08	2.36365e+08	2.68058e+08	2.31857e+08	2.28431e+08	2.32568e+08	1.9641e+08	1.86241e+08	1.87192e+08	1.86779e+08	2.01203e+08	1.25016e+08	1.86973e+08	1.78528e+08	1.57627e+08	1.89743e+08	1.68648e+08	2.22099e+08	1.52055e+08	2.03997e+08	2.01671e+08	1.93504e+08	1.96411e+08	2.12656e+08	1.95294e+08	1.71557e+08	1.64052e+08	1.35312e+08	1.71097e+08	1.4566e+08	1.53489e+08
ERR607715	2.3729e+08	2.74011e+08	2.74237e+08	2.09795e+08	2.37227e+08	2.46399e+08	1.82645e+08	2.45497e+08	2.00172e+08	2.65267e+08	1.95597e+08	2.03292e+08	1.93247e+08	2.40764e+08	3.13869e+08	2.98855e+08	2.35103e+08	2.97475e+08	2.82782e+08	2.81153e+08	2.82687e+08	3.13125e+08	2.35117e+08	2.86545e+08	4.47957e+08	3.20393e+08	2.70396e+08	2.91825e+08	3.13182e+08	2.95729e+08	1.28175e+08	1.48793e+08	1.26518e+08	1.28457e+08	1.51756e+08	1.28884e+08	3.17838e+08	3.19322e+08	2.71658e+08	3.21674e+08	2.96945e+08	2.93977e+08	2.14989e+08	3.02479e+08	2.71598e+08	3.00302e+08	2.74969e+08	2.12292e+08	2.09396e+08	1.73453e+08	1.92011e+08	1.68632e+08	1.7763e+08	1.69508e+08	1.56939e+08	1.99777e+08	1.54782e+08	1.83012e+08	1.80926e+08	1.57949e+08	2.01476e+08	1.72177e+08	2.27057e+08	2.00864e+08	1.7281e+08	1.69649e+08	2.33429e+08	2.64816e+08	2.28787e+08	2.25383e+08	2.29519e+08	1.94145e+08	1.85232e+08	1.86151e+08	1.85697e+08	2.00114e+08	1.24766e+08	1.85893e+08	1.79374e+08	1.58524e+08	1.90772e+08	1.69514e+08	2.23109e+08	1.53012e+08	2.0317e+08	2.01094e+08	1.92652e+08	1.95655e+08	2.11705e+08	1.94386e+08	1.6938e+08	1.62241e+08	1.33495e+08	1.6872e+08	1.43698e+08	1.51397e+08
ERR607716	2.41335e+08	2.7873e+08	2.79025e+08	2.13245e+08	2.41393e+08	2.50739e+08	1.85381e+08	2.49542e+08	2.03404e+08	2.69526e+08	1.98742e+08	2.0648e+08	1.9646e+08	2.44675e+08	3.19283e+08	3.03753e+08	2.38966e+08	3.02267e+08	2.8715e+08	2.85688e+08	2.87141e+08	3.18119e+08	2.38782e+08	2.91079e+08	3.20393e+08	4.60401e+08	2.74585e+08	2.96496e+08	3.17995e+08	3.00418e+08	1.30346e+08	1.51574e+08	1.28856e+08	1.30758e+08	1.54451e+08	1.31194e+08	3.22921e+08	3.24376e+08	2.75765e+08	3.26687e+08	3.01693e+08	2.98691e+08	2.1866e+08	3.0735e+08	2.76213e+08	3.05365e+08	2.79527e+08	2.15965e+08	2.13398e+08	1.76448e+08	1.95485e+08	1.71652e+08	1.80827e+08	1.72629e+08	1.59797e+08	2.03463e+08	1.57597e+08	1.86342e+08	1.84281e+08	1.60982e+08	2.05227e+08	1.75511e+08	2.31251e+08	2.04684e+08	1.75951e+08	1.72821e+08	2.37364e+08	2.69423e+08	2.32802e+08	2.29308e+08	2.33394e+08	1.9754e+08	1.88603e+08	1.89598e+08	1.89104e+08	2.03929e+08	1.26952e+08	1.89284e+08	1.82547e+08	1.61421e+08	1.94244e+08	1.72598e+08	2.27295e+08	1.55671e+08	2.0684e+08	2.0467e+08	1.96149e+08	1.99239e+08	2.15617e+08	1.97939e+08	1.72628e+08	1.65319e+08	1.35973e+08	1.71846e+08	1.46342e+08	1.5415e+08
ERR607711	2.02386e+08	2.33131e+08	2.33384e+08	1.78839e+08	2.02398e+08	2.09975e+08	1.56958e+08	2.10542e+08	1.72056e+08	2.27324e+08	1.6818e+08	1.74646e+08	1.66848e+08	2.07095e+08	2.6917e+08	2.56238e+08	2.02325e+08	2.55025e+08	2.42856e+08	2.41482e+08	2.42718e+08	2.68271e+08	2.02395e+08	2.4594e+08	2.70396e+08	2.74585e+08	3.46318e+08	2.52228e+08	2.68642e+08	2.55307e+08	1.09198e+08	1.26883e+08	1.07762e+08	1.09671e+08	1.29406e+08	1.09817e+08	2.72813e+08	2.73998e+08	2.33671e+08	2.76002e+08	2.55185e+08	2.52831e+08	1.85306e+08	2.59608e+08	2.33359e+08	2.57757e+08	2.36325e+08	1.82867e+08	1.77082e+08	1.46508e+08	1.62229e+08	1.42635e+08	1.50192e+08	1.43294e+08	1.32749e+08	1.69082e+08	1.31005e+08	1.54805e+08	1.532e+08	1.33701e+08	1.70325e+08	1.45483e+08	1.91901e+08	1.69946e+08	1.46054e+08	1.43553e+08	1.99882e+08	2.26433e+08	1.96019e+08	1.93102e+08	1.9652e+08	1.66387e+08	1.57959e+08	1.58736e+08	1.58546e+08	1.70762e+08	1.0638e+08	1.58626e+08	1.5151e+08	1.34024e+08	1.61252e+08	1.43246e+08	1.88654e+08	1.29254e+08	1.71983e+08	1.70033e+08	1.63063e+08	1.65628e+08	1.79294e+08	1.64632e+08	1.43565e+08	1.37496e+08	1.13231e+08	1.42998e+08	1.21812e+08	1.28278e+08
ERR607712	2.20446e+08	2.53906e+08	2.54327e+08	1.94249e+08	2.20337e+08	2.28526e+08	1.69002e+08	2.27895e+08	1.86076e+08	2.46274e+08	1.81727e+08	1.88814e+08	1.80071e+08	2.23819e+08	2.91643e+08	2.77313e+08	2.18575e+08	2.75901e+08	2.62723e+08	2.61264e+08	2.62653e+08	2.906e+08	2.18242e+08	2.66074e+08	2.91825e+08	2.96496e+08	2.52228e+08	3.95299e+08	2.89835e+08	2.75468e+08	1.19059e+08	1.38735e+08	1.17619e+08	1.19694e+08	1.41467e+08	1.19816e+08	2.95098e+08	2.96401e+08	2.52462e+08	2.98598e+08	2.76024e+08	2.7365e+08	2.0094e+08	2.81818e+08	2.53224e+08	2.79695e+08	2.56399e+08	1.98479e+08	1.93592e+08	1.59997e+08	1.77286e+08	1.55951e+08	1.64342e+08	1.56801e+08	1.44791e+08	1.84823e+08	1.42818e+08	1.69131e+08	1.67427e+08	1.45845e+08	1.86189e+08	1.58918e+08	2.10052e+08	1.85989e+08	1.59434e+08	1.56563e+08	2.17147e+08	2.46189e+08	2.13107e+08	2.09756e+08	2.13569e+08	1.80455e+08	1.72271e+08	1.72906e+08	1.72728e+08	1.86118e+08	1.15485e+08	1.72832e+08	1.65521e+08	1.46345e+08	1.76109e+08	1.56583e+08	2.0619e+08	1.41005e+08	1.88192e+08	1.86026e+08	1.78545e+08	1.81235e+08	1.9619e+08	1.80173e+08	1.5725e+08	1.50299e+08	1.23764e+08	1.56571e+08	1.33413e+08	1.40556e+08
ERR607714	2.35463e+08	2.71806e+08	2.72055e+08	2.08174e+08	2.35431e+08	2.44514e+08	1.81379e+08	2.43971e+08	1.98908e+08	2.63535e+08	1.9435e+08	2.02033e+08	1.92143e+08	2.39041e+08	3.11737e+08	2.96671e+08	2.33537e+08	2.95265e+08	2.80782e+08	2.79292e+08	2.80637e+08	3.10908e+08	2.33467e+08	2.84656e+08	3.13182e+08	3.17995e+08	2.68642e+08	2.89835e+08	4.42445e+08	2.93799e+08	1.27094e+08	1.47593e+08	1.25606e+08	1.27426e+08	1.50514e+08	1.2784e+08	3.16003e+08	3.17332e+08	2.69907e+08	3.1957e+08	2.95056e+08	2.92223e+08	2.13793e+08	3.00516e+08	2.6988e+08	2.98322e+08	2.73257e+08	2.11084e+08	2.07717e+08	1.71824e+08	1.90286e+08	1.67018e+08	1.76081e+08	1.67969e+08	1.55618e+08	1.9806e+08	1.53446e+08	1.8138e+08	1.79212e+08	1.56667e+08	1.99788e+08	1.70785e+08	2.25113e+08	1.99154e+08	1.71262e+08	1.68242e+08	2.31965e+08	2.62955e+08	2.27349e+08	2.23942e+08	2.27872e+08	1.92831e+08	1.83978e+08	1.84832e+08	1.84503e+08	1.98794e+08	1.23821e+08	1.84689e+08	1.77783e+08	1.57125e+08	1.89118e+08	1.68089e+08	2.21364e+08	1.51696e+08	2.01328e+08	1.99194e+08	1.90929e+08	1.93935e+08	2.0994e+08	1.92708e+08	1.67866e+08	1.609e+08	1.32383e+08	1.67264e+08	1.42465e+08	1.50024e+08
ERR607713	2.22506e+08	2.56823e+08	2.56992e+08	1.96695e+08	2.22471e+08	2.31028e+08	1.71537e+08	2.30636e+08	1.88218e+08	2.49155e+08	1.83922e+08	1.91037e+08	1.82214e+08	2.2674e+08	2.94991e+08	2.80863e+08	2.21261e+08	2.79423e+08	2.66108e+08	2.64602e+08	2.66201e+08	2.94366e+08	2.21485e+08	2.69635e+08	2.95729e+08	3.00418e+08	2.55307e+08	2.75468e+08	2.93799e+08	4.03274e+08	1.2004e+08	1.39586e+08	1.18638e+08	1.20481e+08	1.42388e+08	1.20855e+08	2.9881e+08	3.00195e+08	2.55598e+08	3.02389e+08	2.79364e+08	2.7665e+08	2.02712e+08	2.84771e+08	2.55815e+08	2.8263e+08	2.58809e+08	2.00168e+08	1.95675e+08	1.61974e+08	1.79176e+08	1.57456e+08	1.65906e+08	1.58389e+08	1.46744e+08	1.8686e+08	1.4476e+08	1.71142e+08	1.69084e+08	1.4779e+08	1.88318e+08	1.60942e+08	2.12428e+08	1.87776e+08	1.6155e+08	1.58636e+08	2.19577e+08	2.48804e+08	2.15251e+08	2.11937e+08	2.15682e+08	1.82734e+08	1.73802e+08	1.74619e+08	1.74311e+08	1.87744e+08	1.16939e+08	1.74441e+08	1.67495e+08	1.48092e+08	1.78232e+08	1.58248e+08	2.08529e+08	1.4293e+08	1.89844e+08	1.8795e+08	1.80079e+08	1.82797e+08	1.98041e+08	1.81666e+08	1.58404e+08	1.51645e+08	1.2472e+08	1.57724e+08	1.34299e+08	1.41408e+08
ERR629879	1.16146e+08	1.34959e+08	1.35389e+08	1.0135e+08	1.16197e+08	1.20682e+08	8.23793e+07	1.14069e+08	9.15801e+07	1.24229e+08	8.97116e+07	9.32657e+07	1.0149e+08	1.27606e+08	1.697e+08	1.60607e+08	1.24528e+08	1.59762e+08	1.27023e+08	1.2622e+08	1.27006e+08	1.42122e+08	1.02987e+08	1.28643e+08	1.28175e+08	1.30346e+08	1.09198e+08	1.19059e+08	1.27094e+08	1.2004e+08	2.32859e+08	1.65276e+08	1.418e+08	1.43922e+08	1.68109e+08	1.44102e+08	1.40187e+08	1.41004e+08	1.18459e+08	1.42075e+08	1.30375e+08	1.29327e+08	1.03029e+08	1.45794e+08	1.30293e+08	1.44578e+08	1.32331e+08	1.01458e+08	1.9944e+08	1.66521e+08	1.8355e+08	1.63254e+08	1.71358e+08	1.6365e+08	1.48621e+08	1.87239e+08	1.46628e+08	1.72015e+08	1.70919e+08	1.49687e+08	1.904e+08	1.64156e+08	2.13887e+08	1.90687e+08	1.64688e+08	1.6183e+08	1.95828e+08	2.22465e+08	1.92065e+08	1.89488e+08	1.92812e+08	1.62219e+08	1.69798e+08	1.70273e+08	1.70143e+08	1.82586e+08	1.1675e+08	1.70211e+08	1.67464e+08	1.48752e+08	1.7781e+08	1.59061e+08	2.06623e+08	1.43491e+08	1.88878e+08	1.86526e+08	1.79949e+08	1.82417e+08	1.96028e+08	1.81238e+08	1.64176e+08	1.57357e+08	1.31181e+08	1.63826e+08	1.40522e+08	1.47656e+08
ERR629876	1.36231e+08	1.58046e+08	1.58477e+08	1.17863e+08	1.36264e+08	1.41167e+08	9.48131e+07	1.32457e+08	1.06514e+08	1.44611e+08	1.04357e+08	1.0849e+08	1.17526e+08	1.47765e+08	1.97134e+08	1.86043e+08	1.44183e+08	1.84829e+08	1.47904e+08	1.47124e+08	1.48084e+08	1.65417e+08	1.19011e+08	1.49706e+08	1.48793e+08	1.51574e+08	1.26883e+08	1.38735e+08	1.47593e+08	1.39586e+08	1.65276e+08	2.9819e+08	1.63392e+08	1.67645e+08	1.9698e+08	1.66322e+08	1.6268e+08	1.63645e+08	1.3757e+08	1.64912e+08	1.51399e+08	1.50598e+08	1.20936e+08	1.70686e+08	1.52191e+08	1.69079e+08	1.5478e+08	1.19071e+08	2.31021e+08	1.92203e+08	2.12284e+08	1.89149e+08	1.98792e+08	1.89715e+08	1.7111e+08	2.17168e+08	1.68784e+08	1.9875e+08	1.98128e+08	1.72394e+08	2.19917e+08	1.88886e+08	2.48096e+08	2.21157e+08	1.89645e+08	1.86337e+08	2.27254e+08	2.58524e+08	2.23191e+08	2.20118e+08	2.24133e+08	1.86954e+08	1.97702e+08	1.98081e+08	1.98117e+08	2.13293e+08	1.34054e+08	1.98275e+08	1.93749e+08	1.71862e+08	2.0527e+08	1.83869e+08	2.39198e+08	1.65128e+08	2.19539e+08	2.16487e+08	2.09463e+08	2.12074e+08	2.27941e+08	2.10892e+08	1.91518e+08	1.82762e+08	1.52214e+08	1.91045e+08	1.63614e+08	1.72085e+08
ERR629878	1.14774e+08	1.33545e+08	1.33816e+08	1.00213e+08	1.14918e+08	1.19331e+08	8.13789e+07	1.1279e+08	9.04952e+07	1.22691e+08	8.87662e+07	9.21947e+07	1.00335e+08	1.26059e+08	1.67606e+08	1.58648e+08	1.23012e+08	1.57763e+08	1.25518e+08	1.24731e+08	1.25491e+08	1.40283e+08	1.01694e+08	1.27168e+08	1.26518e+08	1.28856e+08	1.07762e+08	1.17619e+08	1.25606e+08	1.18638e+08	1.418e+08	1.63392e+08	2.29003e+08	1.42333e+08	1.66306e+08	1.427e+08	1.38605e+08	1.39408e+08	1.1695e+08	1.40326e+08	1.28761e+08	1.27717e+08	1.01764e+08	1.44194e+08	1.28722e+08	1.42914e+08	1.3072e+08	1.0019e+08	1.97298e+08	1.64791e+08	1.81434e+08	1.61398e+08	1.69551e+08	1.61848e+08	1.47166e+08	1.85439e+08	1.45192e+08	1.70195e+08	1.69219e+08	1.48217e+08	1.88268e+08	1.62375e+08	2.11531e+08	1.88563e+08	1.62963e+08	1.60025e+08	1.93736e+08	2.20091e+08	1.90059e+08	1.87402e+08	1.9072e+08	1.60508e+08	1.68193e+08	1.68597e+08	1.68521e+08	1.80965e+08	1.15642e+08	1.68492e+08	1.65683e+08	1.47196e+08	1.75853e+08	1.57416e+08	2.0437e+08	1.42038e+08	1.86917e+08	1.84721e+08	1.77999e+08	1.80626e+08	1.94131e+08	1.79453e+08	1.62363e+08	1.55627e+08	1.29787e+08	1.62006e+08	1.38857e+08	1.46022e+08
