	ERR636885	ERR636883	ERR636886	ERR636884	ERR636887	ERR636888	ERR621924	ERR621920	ERR621922	ERR621923	ERR621919	ERR621921	ERR612903	ERR612904	ERR612906	ERR612907	ERR612908	ERR612905	ERR630040	ERR630041	ERR630039	ERR630036	ERR630038	ERR630037	ERR637122	ERR637119	ERR637118	ERR637120	ERR637117	ERR637121	ERR613997	ERR613999	ERR613998	ERR613996	ERR614001	ERR614000	ERR613681	ERR613679	ERR613677	ERR613678	ERR613682	ERR613680	ERR607730	ERR607731	ERR607733	ERR607734	ERR607732	ERR607729	ERR630510	ERR630507	ERR630506	ERR630511	ERR630508	ERR630509	ERR629692	ERR629693	ERR629696	ERR629694	ERR629697	ERR629695	ERR610968	ERR610965	ERR610966	ERR610969	ERR610970	ERR610967	ERR617096	ERR617095	ERR617100	ERR617099	ERR617098	ERR617097	ERR618499	ERR618495	ERR618500	ERR618496	ERR618497	ERR618498	ERR638157	ERR638156	ERR638158	ERR638155	ERR638154	ERR638153	ERR608700	ERR608696	ERR608699	ERR608697	ERR608695	ERR608698	ERR617256	ERR617257	ERR617255	ERR617253	ERR617254	ERR617258
ERR636885	0	0.771778	0.814358	0.767359	0.811198	0.814879	0.876298	0.86728	0.866198	0.87422	0.859193	0.867773	0.901814	0.945526	0.924624	0.928994	0.927468	0.912487	1.11574	1.11183	1.1295	1.10097	1.10565	1.11316	0.848199	0.846252	0.846211	0.850624	0.854829	0.849723	0.880928	0.882756	0.906749	0.872289	0.881823	0.881497	0.850676	0.848138	0.840517	0.84533	0.879821	0.849762	0.843765	0.843872	0.847017	0.845925	0.847453	0.852686	0.975642	0.990509	0.980543	0.974244	0.98279	0.974712	1.06224	1.0756	1.05864	1.07521	1.05808	1.05801	1.0429	1.04122	1.05322	1.04201	1.04973	1.05729	1.09265	1.09614	1.10275	1.10324	1.10184	1.09072	1.08362	1.07691	1.08661	1.08775	1.08066	1.0869	1.01188	1.01209	1.01155	1.03521	1.02715	1.02949	1.07022	1.06955	1.07	1.06424	1.10315	1.06982	1.07606	1.07682	1.09019	1.09593	1.0901	1.0972
ERR636883	0.771778	0	0.817746	0.773424	0.814808	0.818316	0.881402	0.872477	0.871328	0.879166	0.864204	0.872773	0.907116	0.949849	0.92938	0.933475	0.932017	0.918037	1.12049	1.11646	1.13424	1.10602	1.1104	1.11773	0.85488	0.853791	0.852862	0.857545	0.861491	0.856456	0.886735	0.888661	0.912046	0.878506	0.888097	0.88731	0.856435	0.853872	0.846825	0.851386	0.884232	0.855321	0.847667	0.84842	0.850997	0.849934	0.851942	0.856233	0.981422	0.995998	0.986444	0.980355	0.988562	0.980428	1.06714	1.08047	1.06405	1.07988	1.06326	1.06295	1.04813	1.04659	1.05829	1.04763	1.05461	1.06232	1.09702	1.10081	1.10737	1.10785	1.10643	1.09546	1.08851	1.08219	1.09119	1.09284	1.08553	1.09148	1.01683	1.01699	1.01641	1.03926	1.03106	1.03385	1.07462	1.074	1.07449	1.06869	1.10704	1.074	1.08045	1.08139	1.09444	1.09984	1.09418	1.10138
ERR636886	0.814358	0.817746	0	0.814387	0.83815	0.840348	0.912452	0.906454	0.904705	0.910447	0.900214	0.90639	0.942265	0.977725	0.958633	0.96249	0.961035	0.951024	1.14873	1.14527	1.16109	1.13454	1.13834	1.14514	0.899668	0.900081	0.898296	0.901696	0.905289	0.900973	0.921615	0.922256	0.943952	0.91505	0.92183	0.921024	0.891422	0.89271	0.886394	0.891904	0.915534	0.890795	0.881212	0.882932	0.883806	0.882541	0.884311	0.887761	1.01552	1.02888	1.01998	1.01458	1.02143	1.01428	1.09566	1.10739	1.09246	1.10663	1.09263	1.0919	1.08211	1.08054	1.09127	1.08108	1.08852	1.09466	1.12299	1.12684	1.13349	1.13371	1.13253	1.12122	1.11536	1.11066	1.11782	1.1205	1.11409	1.11787	1.04655	1.04649	1.0459	1.06409	1.05771	1.06035	1.10025	1.09955	1.09973	1.09475	1.13039	1.09947	1.1066	1.10712	1.11803	1.12382	1.11797	1.12595
ERR636884	0.767359	0.773424	0.814387	0	0.811712	0.814932	0.878234	0.869505	0.868133	0.875723	0.860791	0.869565	0.903745	0.947493	0.926958	0.930742	0.929177	0.915312	1.11775	1.114	1.13187	1.10273	1.10711	1.11469	0.851815	0.850572	0.849258	0.854414	0.858764	0.853299	0.882979	0.884416	0.909588	0.874124	0.883713	0.883485	0.853283	0.851683	0.843267	0.848833	0.882572	0.852132	0.84622	0.847502	0.850088	0.849076	0.850814	0.856286	0.978297	0.993473	0.983284	0.97719	0.985186	0.977081	1.06345	1.07695	1.0595	1.07618	1.05952	1.05893	1.04539	1.0438	1.05583	1.04456	1.05251	1.05951	1.09344	1.09739	1.10463	1.10502	1.10361	1.0914	1.08417	1.07805	1.08715	1.08918	1.08175	1.08748	1.0131	1.01341	1.01261	1.03586	1.02772	1.03057	1.07063	1.0701	1.07033	1.06417	1.10477	1.06975	1.07597	1.07663	1.09018	1.09642	1.09024	1.09864
ERR636887	0.811198	0.814808	0.83815	0.811712	0	0.838075	0.909664	0.903399	0.901576	0.907758	0.897159	0.903185	0.939391	0.975283	0.956694	0.960095	0.95885	0.948501	1.14676	1.14347	1.159	1.13269	1.13643	1.14334	0.896346	0.896232	0.894755	0.898096	0.901857	0.897604	0.918627	0.919675	0.941279	0.912221	0.918958	0.918475	0.888421	0.889419	0.883364	0.888305	0.912337	0.888032	0.877885	0.87923	0.880437	0.879542	0.881343	0.884813	1.01351	1.02677	1.0181	1.01237	1.01962	1.01202	1.09435	1.1056	1.09097	1.10528	1.09082	1.09026	1.08009	1.07851	1.089	1.07923	1.08672	1.09274	1.12152	1.12546	1.13165	1.13206	1.13039	1.11954	1.11342	1.10907	1.11609	1.11873	1.11211	1.11626	1.04455	1.0448	1.04412	1.06277	1.05607	1.05859	1.0989	1.09845	1.09865	1.09346	1.12857	1.0981	1.10517	1.10594	1.11688	1.12241	1.11689	1.12445
ERR636888	0.814879	0.818316	0.840348	0.814932	0.838075	0	0.911884	0.905767	0.90418	0.91026	0.899905	0.905626	0.942252	0.977556	0.959441	0.962221	0.961382	0.951405	1.14901	1.1453	1.16127	1.13489	1.13907	1.14572	0.900006	0.899117	0.898277	0.901394	0.904741	0.900993	0.922378	0.922915	0.944427	0.915859	0.922478	0.922301	0.891085	0.891954	0.886043	0.891358	0.914829	0.890623	0.880663	0.881751	0.883044	0.882154	0.88348	0.88665	1.0163	1.02954	1.02081	1.01548	1.0225	1.01492	1.09625	1.10774	1.09297	1.10751	1.09325	1.09288	1.0824	1.08081	1.09118	1.08155	1.08886	1.09483	1.12394	1.1278	1.13378	1.13393	1.13289	1.12216	1.11551	1.11064	1.11811	1.12048	1.11405	1.11841	1.04755	1.04743	1.04699	1.06513	1.05839	1.06101	1.101	1.10069	1.10098	1.09576	1.13073	1.09992	1.10757	1.10801	1.11891	1.12448	1.11902	1.12629
ERR621924	0.876298	0.881402	0.912452	0.878234	0.909664	0.911884	0	0.790533	0.787461	0.79682	0.782645	0.790452	0.926629	0.96834	0.94975	0.953242	0.951548	0.93648	1.139	1.13517	1.15163	1.12568	1.12966	1.13672	0.880163	0.879132	0.878756	0.882358	0.886902	0.881793	0.898684	0.900473	0.919854	0.891488	0.899895	0.899741	0.844333	0.841374	0.833214	0.837352	0.870698	0.843888	0.914438	0.914374	0.916637	0.915519	0.916988	0.921862	1.00567	1.02059	1.01115	1.00441	1.01322	1.0052	1.09139	1.10356	1.08861	1.10276	1.08771	1.08776	1.07319	1.07154	1.08272	1.07244	1.07907	1.08606	1.11709	1.12035	1.12557	1.12657	1.12525	1.11504	1.09661	1.08989	1.09852	1.09922	1.09238	1.09904	1.05108	1.05109	1.05049	1.07198	1.0646	1.06669	1.10237	1.10229	1.10227	1.09734	1.13211	1.10202	1.10729	1.1077	1.1202	1.12454	1.1203	1.12597
ERR621920	0.86728	0.872477	0.906454	0.869505	0.903399	0.905767	0.790533	0	0.779294	0.788852	0.767788	0.777528	0.916889	0.960689	0.941066	0.945012	0.943038	0.926943	1.13198	1.128	1.14478	1.11844	1.12277	1.12972	0.869406	0.867761	0.867798	0.871918	0.876283	0.870847	0.890087	0.892309	0.91205	0.882192	0.891436	0.891936	0.833833	0.83011	0.821333	0.824981	0.861714	0.832811	0.906821	0.906357	0.908851	0.907656	0.909402	0.914284	0.998023	1.01325	1.00355	0.996941	1.00535	0.997697	1.08458	1.09711	1.08146	1.09664	1.08068	1.08082	1.06528	1.06352	1.07475	1.06488	1.07115	1.07852	1.11134	1.11389	1.11923	1.12002	1.11869	1.10883	1.08955	1.0827	1.09185	1.09212	1.08521	1.09255	1.04275	1.04334	1.04252	1.06526	1.05755	1.0597	1.09602	1.0958	1.09614	1.09108	1.12649	1.0959	1.10094	1.10121	1.11436	1.11878	1.11436	1.11954
ERR621922	0.866198	0.871328	0.904705	0.868133	0.901576	0.90418	0.787461	0.779294	0	0.786164	0.769509	0.778498	0.918085	0.961935	0.941495	0.945721	0.943836	0.928269	1.13331	1.12924	1.1461	1.11915	1.12324	1.13067	0.869059	0.868123	0.867398	0.872159	0.876634	0.870664	0.889651	0.891027	0.91261	0.881754	0.890268	0.890619	0.832736	0.830252	0.821112	0.825247	0.861474	0.831822	0.90707	0.907424	0.909294	0.908224	0.909955	0.914976	0.998105	1.01392	1.00396	0.997362	1.00604	0.997496	1.08399	1.09693	1.08124	1.09595	1.08028	1.08025	1.06651	1.06479	1.07618	1.0658	1.07276	1.07976	1.11093	1.1139	1.11981	1.12062	1.11917	1.10881	1.08974	1.08309	1.09168	1.0927	1.08529	1.09237	1.04352	1.04393	1.04299	1.06535	1.05796	1.06025	1.09564	1.09541	1.09578	1.09054	1.12686	1.09521	1.10026	1.10082	1.11382	1.11867	1.11397	1.12012
ERR621923	0.87422	0.879166	0.910447	0.875723	0.907758	0.91026	0.79682	0.788852	0.786164	0	0.780466	0.788969	0.924873	0.967287	0.948003	0.95164	0.949772	0.934498	1.13688	1.13302	1.14949	1.12324	1.12738	1.13454	0.878155	0.877064	0.876577	0.880587	0.884784	0.879323	0.897469	0.899114	0.919484	0.890277	0.898697	0.898705	0.841983	0.839457	0.830951	0.834575	0.869274	0.841559	0.912946	0.912989	0.914889	0.913872	0.915611	0.919835	1.00466	1.01956	1.00999	1.00343	1.01225	1.00388	1.08928	1.1015	1.08623	1.10073	1.08533	1.08551	1.07153	1.07008	1.08132	1.07133	1.07767	1.08463	1.11528	1.11812	1.12387	1.12459	1.12328	1.11342	1.09502	1.08845	1.09702	1.09793	1.09084	1.09799	1.04888	1.0493	1.04862	1.07003	1.06271	1.06494	1.10036	1.10035	1.10074	1.09555	1.13055	1.1001	1.10485	1.10537	1.11798	1.12235	1.11803	1.12371
ERR621919	0.859193	0.864204	0.900214	0.860791	0.897159	0.899905	0.782645	0.767788	0.769509	0.780466	0	0.76854	0.909076	0.954948	0.934134	0.938656	0.936476	0.919607	1.12635	1.12245	1.13962	1.11198	1.11643	1.12387	0.859633	0.858299	0.857777	0.862297	0.867439	0.861456	0.882816	0.884712	0.907036	0.874222	0.884087	0.883882	0.82415	0.82057	0.810459	0.815337	0.854406	0.823168	0.901096	0.9009	0.903354	0.902028	0.904007	0.909578	0.991036	1.00704	0.996468	0.989739	0.998824	0.99011	1.0774	1.09075	1.07436	1.08971	1.0734	1.07352	1.05848	1.05671	1.06849	1.05797	1.06507	1.07224	1.10483	1.10761	1.1136	1.11431	1.11292	1.10246	1.08327	1.0762	1.08554	1.08647	1.07892	1.0864	1.03706	1.03753	1.03651	1.06029	1.05236	1.05484	1.08926	1.08923	1.08953	1.084	1.1217	1.08908	1.09381	1.09453	1.10775	1.11259	1.10798	1.11406
ERR621921	0.867773	0.872773	0.90639	0.869565	0.903185	0.905626	0.790452	0.777528	0.778498	0.788969	0.76854	0	0.917209	0.961151	0.941186	0.945422	0.943675	0.927357	1.13232	1.1284	1.14504	1.11873	1.12313	1.13008	0.870671	0.86859	0.868562	0.872821	0.877219	0.871907	0.891553	0.893379	0.914065	0.883489	0.89214	0.892874	0.834628	0.831425	0.822627	0.82628	0.862968	0.833653	0.907817	0.907755	0.909795	0.909001	0.910631	0.915378	0.998125	1.01334	1.00398	0.997181	1.006	0.997782	1.08464	1.09711	1.08155	1.09656	1.08074	1.0808	1.06596	1.06433	1.07577	1.06558	1.07187	1.07949	1.11097	1.11349	1.119	1.11978	1.11873	1.10884	1.08915	1.08233	1.0913	1.09215	1.08465	1.09197	1.04333	1.04369	1.04282	1.06544	1.05781	1.0601	1.09599	1.09569	1.09623	1.09108	1.12619	1.0957	1.10077	1.10121	1.11402	1.11847	1.11404	1.11938
ERR612903	0.901814	0.907116	0.942265	0.903745	0.939391	0.942252	0.926629	0.916889	0.918085	0.924873	0.909076	0.917209	0	0.842059	0.817988	0.824042	0.822909	0.797483	1.08955	1.08547	1.10495	1.07613	1.08072	1.08812	0.924978	0.921249	0.922125	0.92721	0.92997	0.926088	0.909119	0.912125	0.931551	0.900418	0.9111	0.910968	0.905953	0.900604	0.893201	0.896602	0.932258	0.904908	0.917038	0.917588	0.920993	0.920638	0.921987	0.926172	0.953946	0.967221	0.958285	0.952564	0.960516	0.953561	1.04437	1.05812	1.04053	1.05814	1.03991	1.03999	1.01913	1.01766	1.02968	1.01898	1.02539	1.03498	1.07142	1.0737	1.07977	1.08121	1.07963	1.06916	1.06128	1.05247	1.06409	1.06373	1.05662	1.06463	0.99484	0.995065	0.993852	1.0215	1.01198	1.0149	1.05003	1.04864	1.04958	1.04365	1.08417	1.04956	1.05407	1.05454	1.06951	1.07391	1.06878	1.07396
ERR612904	0.945526	0.949849	0.977725	0.947493	0.975283	0.977556	0.96834	0.960689	0.961935	0.967287	0.954948	0.961151	0.842059	0	0.866502	0.871323	0.871165	0.850337	1.12096	1.11709	1.13424	1.10989	1.11401	1.11997	0.973098	0.969634	0.971468	0.975168	0.977304	0.97438	0.953011	0.955765	0.969918	0.946831	0.955065	0.954485	0.950363	0.944902	0.93988	0.942323	0.971328	0.949493	0.955913	0.955427	0.958808	0.958717	0.959433	0.962498	0.995169	1.00476	0.997775	0.993583	1.00001	0.99447	1.08025	1.09184	1.07712	1.09197	1.0764	1.07691	1.05656	1.05528	1.06533	1.05644	1.06114	1.06992	1.10513	1.10636	1.11085	1.11223	1.11096	1.10314	1.09618	1.08836	1.09858	1.09739	1.09178	1.09902	1.03427	1.03456	1.03377	1.05661	1.04856	1.05084	1.08452	1.08319	1.08399	1.07962	1.1121	1.08395	1.09	1.09015	1.10278	1.10579	1.10214	1.1048
ERR612906	0.924624	0.92938	0.958633	0.926958	0.956694	0.959441	0.94975	0.941066	0.941495	0.948003	0.934134	0.941186	0.817988	0.866502	0	0.846883	0.845895	0.829003	1.11007	1.10606	1.12373	1.09666	1.10122	1.10809	0.95285	0.949702	0.950819	0.954961	0.957754	0.953766	0.932861	0.935127	0.952788	0.925638	0.934607	0.934094	0.930494	0.925903	0.91984	0.922934	0.953944	0.929226	0.938599	0.938546	0.941774	0.941613	0.942566	0.94587	0.977038	0.988526	0.980592	0.975688	0.983153	0.976409	1.06551	1.0779	1.06171	1.078	1.06111	1.06142	1.0417	1.0401	1.05144	1.04134	1.0475	1.05589	1.09108	1.0932	1.09845	1.09994	1.09856	1.08879	1.08154	1.07415	1.08445	1.08447	1.07817	1.08487	1.01698	1.01744	1.01648	1.041	1.03277	1.03531	1.06884	1.06781	1.06824	1.06293	1.10041	1.06786	1.07387	1.07432	1.08762	1.09176	1.08725	1.09178
ERR612907	0.928994	0.933475	0.96249	0.930742	0.960095	0.962221	0.953242	0.945012	0.945721	0.95164	0.938656	0.945422	0.824042	0.871323	0.846883	0	0.851036	0.834358	1.11312	1.10931	1.12691	1.10028	1.10466	1.11148	0.957317	0.954134	0.954998	0.958978	0.961688	0.958512	0.937005	0.939246	0.956443	0.930263	0.938735	0.938642	0.933979	0.929791	0.923662	0.926548	0.957003	0.933346	0.942898	0.942386	0.945291	0.94515	0.946327	0.949828	0.982246	0.99384	0.986123	0.980876	0.988251	0.981713	1.06909	1.08159	1.0657	1.08138	1.06519	1.06512	1.04569	1.04421	1.0551	1.04539	1.05136	1.05987	1.09464	1.09638	1.10203	1.10281	1.10157	1.09224	1.0851	1.07784	1.08806	1.08795	1.08134	1.0884	1.02124	1.02147	1.02058	1.04468	1.0367	1.03883	1.07262	1.07145	1.07202	1.0669	1.10344	1.07184	1.07786	1.07815	1.0911	1.09512	1.09074	1.09496
ERR612908	0.927468	0.932017	0.961035	0.929177	0.95885	0.961382	0.951548	0.943038	0.943836	0.949772	0.936476	0.943675	0.822909	0.871165	0.845895	0.851036	0	0.833417	1.11132	1.10763	1.12497	1.09803	1.10255	1.10949	0.955654	0.952877	0.953887	0.957844	0.960442	0.957225	0.935512	0.937895	0.955132	0.928162	0.937199	0.936661	0.933095	0.928614	0.922715	0.925599	0.95615	0.932043	0.941992	0.942409	0.945111	0.944577	0.946363	0.949439	0.980585	0.992344	0.984717	0.979534	0.986607	0.980142	1.06718	1.07965	1.06339	1.07947	1.06316	1.06315	1.04403	1.04259	1.05336	1.0437	1.04979	1.05829	1.0923	1.09441	1.10002	1.10095	1.09979	1.0897	1.08292	1.07532	1.08556	1.08548	1.07915	1.08607	1.0192	1.01911	1.01848	1.0427	1.03437	1.03671	1.07031	1.06906	1.06969	1.06463	1.10172	1.06975	1.07538	1.07594	1.08897	1.09325	1.0884	1.09309
ERR612905	0.912487	0.918037	0.951024	0.915312	0.948501	0.951405	0.93648	0.926943	0.928269	0.934498	0.919607	0.927357	0.797483	0.850337	0.829003	0.834358	0.833417	0	1.09632	1.09199	1.1105	1.08351	1.08828	1.09524	0.935129	0.931321	0.933209	0.937221	0.939994	0.936421	0.919741	0.922894	0.939635	0.911733	0.922094	0.921799	0.915716	0.909052	0.902861	0.905404	0.939953	0.914392	0.925966	0.925034	0.928893	0.928623	0.930044	0.93388	0.963785	0.975124	0.967385	0.96198	0.969981	0.963296	1.05349	1.06666	1.04965	1.06631	1.04876	1.0493	1.02685	1.02539	1.03701	1.02694	1.03231	1.04234	1.08001	1.08167	1.0866	1.08829	1.08669	1.07752	1.07032	1.06145	1.07319	1.07169	1.0653	1.07345	1.00448	1.00493	1.00376	1.03059	1.02178	1.02411	1.05875	1.0573	1.05831	1.0531	1.09022	1.05823	1.06402	1.06415	1.07852	1.08219	1.07778	1.08076
ERR630040	1.11574	1.12049	1.14873	1.11775	1.14676	1.14901	1.139	1.13198	1.13331	1.13688	1.12635	1.13232	1.08955	1.12096	1.11007	1.11312	1.11132	1.09632	0	0.843532	0.877033	0.838392	0.845813	0.855612	1.11193	1.10776	1.11025	1.11409	1.11663	1.11374	1.12178	1.12482	1.13467	1.11465	1.12416	1.12416	1.12252	1.11555	1.11143	1.11187	1.13737	1.12197	1.12924	1.12712	1.13195	1.13079	1.13188	1.13565	1.05941	1.07059	1.06259	1.05682	1.06641	1.0594	0.964788	0.979972	0.960391	0.980278	0.95824	0.960584	0.977248	0.975391	0.985314	0.978601	0.98048	0.991277	0.908958	0.907622	0.912404	0.915559	0.913037	0.90596	0.900302	0.885266	0.90523	0.899263	0.890922	0.906055	0.956909	0.957487	0.956659	0.988138	0.978149	0.980477	0.96692	0.966088	0.967434	0.963589	0.999956	0.967919	0.915191	0.913787	0.935082	0.937246	0.933783	0.929616
ERR630041	1.11183	1.11646	1.14527	1.114	1.14347	1.1453	1.13517	1.128	1.12924	1.13302	1.12245	1.1284	1.08547	1.11709	1.10606	1.10931	1.10763	1.09199	0.843532	0	0.870759	0.8308	0.838994	0.848173	1.10799	1.10373	1.10618	1.10997	1.11268	1.1098	1.11758	1.12073	1.13085	1.11042	1.12028	1.12016	1.11884	1.11162	1.10722	1.10791	1.13392	1.11772	1.12535	1.12382	1.12836	1.12706	1.12837	1.13223	1.0548	1.06612	1.05824	1.05224	1.06197	1.05472	0.95911	0.974583	0.954541	0.975061	0.952412	0.955034	0.97212	0.970205	0.980794	0.973034	0.975512	0.986277	0.902566	0.901358	0.905928	0.90927	0.906851	0.899149	0.893265	0.878033	0.89839	0.89256	0.884492	0.899419	0.950615	0.951909	0.950971	0.983085	0.972519	0.974997	0.961484	0.960043	0.961309	0.957262	0.995269	0.961798	0.909009	0.907152	0.929584	0.931299	0.928041	0.923831
ERR630039	1.1295	1.13424	1.16109	1.13187	1.159	1.16127	1.15163	1.14478	1.1461	1.14949	1.13962	1.14504	1.10495	1.13424	1.12373	1.12691	1.12497	1.1105	0.877033	0.870759	0	0.86779	0.874535	0.882532	1.12574	1.12194	1.12451	1.12795	1.13016	1.12759	1.13514	1.13838	1.14749	1.12845	1.13762	1.13767	1.13605	1.12907	1.12512	1.12548	1.14978	1.13533	1.14223	1.14035	1.14504	1.14381	1.14468	1.14846	1.07588	1.08636	1.07883	1.07362	1.08258	1.076	0.985406	0.998986	0.98137	0.999812	0.979079	0.981744	0.997935	0.996576	1.00517	0.999193	1.00074	1.01098	0.934099	0.932723	0.936345	0.939404	0.937193	0.931274	0.926004	0.911866	0.930651	0.924885	0.917492	0.931331	0.979388	0.980495	0.979417	1.00855	0.99924	1.00123	0.988789	0.987772	0.989243	0.985409	1.01874	0.989628	0.941245	0.939433	0.958945	0.960363	0.957847	0.9528
ERR630036	1.10097	1.10602	1.13454	1.10273	1.13269	1.13489	1.12568	1.11844	1.11915	1.12324	1.11198	1.11873	1.07613	1.10989	1.09666	1.10028	1.09803	1.08351	0.838392	0.8308	0.86779	0	0.821026	0.834117	1.09878	1.09528	1.09679	1.10109	1.10421	1.10078	1.10764	1.11025	1.12313	1.09983	1.10975	1.10963	1.1089	1.10376	1.09803	1.09945	1.12594	1.10803	1.116	1.11559	1.11959	1.11832	1.11997	1.12411	1.04471	1.05789	1.04843	1.04246	1.05211	1.04451	0.946337	0.964025	0.942626	0.963831	0.940245	0.942221	0.962776	0.959948	0.971986	0.963306	0.968617	0.976923	0.887491	0.888923	0.896873	0.898872	0.896246	0.883089	0.876982	0.862213	0.882039	0.879094	0.869883	0.882892	0.938696	0.939361	0.938091	0.970571	0.960524	0.962985	0.943461	0.942416	0.943107	0.93758	0.98511	0.943456	0.891197	0.889432	0.9124	0.917705	0.912364	0.914081
ERR630038	1.10565	1.1104	1.13834	1.10711	1.13643	1.13907	1.12966	1.12277	1.12324	1.12738	1.11643	1.12313	1.08072	1.11401	1.10122	1.10466	1.10255	1.08828	0.845813	0.838994	0.874535	0.821026	0	0.841944	1.10352	1.10004	1.10132	1.10586	1.109	1.1056	1.11194	1.11463	1.12716	1.10394	1.1139	1.11369	1.1132	1.1084	1.10274	1.10408	1.13009	1.11284	1.12032	1.1198	1.12387	1.12257	1.12399	1.12782	1.05021	1.06275	1.05353	1.04786	1.05725	1.0496	0.953225	0.970066	0.949444	0.969921	0.947406	0.949429	0.96792	0.965264	0.976986	0.968693	0.97382	0.981872	0.893399	0.894588	0.903203	0.905281	0.902229	0.889475	0.883677	0.869476	0.889103	0.886231	0.876713	0.889682	0.943875	0.944914	0.944056	0.975182	0.965578	0.967941	0.949953	0.949531	0.950279	0.944489	0.990437	0.950415	0.897699	0.895792	0.918084	0.923357	0.917829	0.920095
ERR630037	1.11316	1.11773	1.14514	1.11469	1.14334	1.14572	1.13672	1.12972	1.13067	1.13454	1.12387	1.13008	1.08812	1.11997	1.10809	1.11148	1.10949	1.09524	0.855612	0.848173	0.882532	0.834117	0.841944	0	1.11068	1.10727	1.10871	1.11313	1.11564	1.11267	1.11927	1.12199	1.13363	1.11182	1.12161	1.12144	1.12066	1.11478	1.11003	1.111	1.13643	1.11964	1.12698	1.12601	1.13026	1.1291	1.13038	1.13427	1.05846	1.07003	1.06149	1.05597	1.06513	1.05801	0.963145	0.97886	0.95915	0.97919	0.95708	0.959189	0.977442	0.975041	0.985616	0.978234	0.981991	0.990732	0.90575	0.906096	0.912286	0.914994	0.912276	0.901974	0.896549	0.882453	0.901679	0.897374	0.889115	0.902014	0.95447	0.955393	0.954297	0.985166	0.9756	0.978089	0.962086	0.961005	0.96218	0.957324	0.998814	0.962068	0.910959	0.90898	0.930609	0.933895	0.929797	0.929081
ERR637122	0.848199	0.85488	0.899668	0.851815	0.896346	0.900006	0.880163	0.869406	0.869059	0.878155	0.859633	0.870671	0.924978	0.973098	0.95285	0.957317	0.955654	0.935129	1.11193	1.10799	1.12574	1.09878	1.10352	1.11068	0	0.729681	0.730384	0.730319	0.738159	0.729306	0.886224	0.890456	0.911034	0.877371	0.889081	0.889397	0.849756	0.841775	0.833209	0.835078	0.877276	0.84817	0.877607	0.875342	0.879679	0.87851	0.880055	0.886487	0.977046	0.991827	0.982025	0.975596	0.984354	0.975935	1.07488	1.08893	1.07132	1.08829	1.07016	1.07084	1.03678	1.03494	1.0471	1.03621	1.04279	1.05175	1.10406	1.10613	1.11099	1.11297	1.11148	1.10202	1.0916	1.08248	1.09463	1.09354	1.08703	1.09497	1.03189	1.03252	1.03134	1.05924	1.05013	1.05245	1.07978	1.07932	1.07992	1.07421	1.11321	1.07987	1.09307	1.09319	1.10881	1.11279	1.10867	1.11231
ERR637119	0.846252	0.853791	0.900081	0.850572	0.896232	0.899117	0.879132	0.867761	0.868123	0.877064	0.858299	0.86859	0.921249	0.969634	0.949702	0.954134	0.952877	0.931321	1.10776	1.10373	1.12194	1.09528	1.10004	1.10727	0.729681	0	0.726282	0.732202	0.734291	0.731152	0.885118	0.889772	0.909285	0.876644	0.888273	0.888727	0.847422	0.83889	0.830931	0.832974	0.875137	0.846382	0.876165	0.87339	0.878272	0.877509	0.878933	0.884768	0.973989	0.988279	0.978841	0.97218	0.981586	0.97324	1.0716	1.08569	1.06808	1.08503	1.06664	1.06744	1.03321	1.0316	1.04355	1.033	1.03903	1.04833	1.1012	1.10283	1.10762	1.10942	1.10815	1.09914	1.08876	1.07942	1.09209	1.09006	1.08372	1.09212	1.02883	1.02977	1.02845	1.05693	1.04736	1.05012	1.07768	1.07713	1.07787	1.07226	1.11048	1.07776	1.09049	1.09092	1.10651	1.10996	1.10606	1.10909
ERR637118	0.846211	0.852862	0.898296	0.849258	0.894755	0.898277	0.878756	0.867798	0.867398	0.876577	0.857777	0.868562	0.922125	0.971468	0.950819	0.954998	0.953887	0.933209	1.11025	1.10618	1.12451	1.09679	1.10132	1.10871	0.730384	0.726282	0	0.732352	0.734418	0.731839	0.884043	0.888357	0.909729	0.875506	0.886986	0.887536	0.847278	0.840573	0.83192	0.834206	0.87645	0.846401	0.876237	0.874329	0.87897	0.877588	0.879633	0.885727	0.974862	0.989949	0.979682	0.973173	0.982156	0.973981	1.07239	1.08677	1.06916	1.08572	1.06779	1.06814	1.03444	1.03281	1.04507	1.03401	1.041	1.04976	1.10161	1.10397	1.10936	1.11108	1.10953	1.09947	1.08889	1.08	1.09219	1.09115	1.08461	1.09253	1.02974	1.03046	1.02911	1.05689	1.04771	1.0502	1.07731	1.07686	1.07736	1.07148	1.11158	1.07747	1.09037	1.09062	1.10619	1.11051	1.10614	1.11074
ERR637120	0.850624	0.857545	0.901696	0.854414	0.898096	0.901394	0.882358	0.871918	0.872159	0.880587	0.862297	0.872821	0.92721	0.975168	0.954961	0.958978	0.957844	0.937221	1.11409	1.10997	1.12795	1.10109	1.10586	1.11313	0.730319	0.732202	0.732352	0	0.740121	0.73192	0.888607	0.893132	0.912993	0.880785	0.891677	0.89206	0.851901	0.844532	0.835797	0.837965	0.879334	0.8507	0.879115	0.876788	0.880892	0.879218	0.881453	0.887854	0.979675	0.99384	0.98412	0.977965	0.986749	0.978655	1.07723	1.09162	1.0742	1.09075	1.07267	1.07334	1.0389	1.03688	1.04891	1.03836	1.04489	1.05373	1.10645	1.10847	1.11359	1.11524	1.11385	1.10427	1.09419	1.08488	1.09706	1.09596	1.08946	1.09739	1.03399	1.03483	1.03357	1.06097	1.05208	1.0545	1.08205	1.08174	1.08236	1.07679	1.11509	1.08229	1.09579	1.09606	1.11115	1.11529	1.1111	1.11474
ERR637117	0.854829	0.861491	0.905289	0.858764	0.901857	0.904741	0.886902	0.876283	0.876634	0.884784	0.867439	0.877219	0.92997	0.977304	0.957754	0.961688	0.960442	0.939994	1.11663	1.11268	1.13016	1.10421	1.109	1.11564	0.738159	0.734291	0.734418	0.740121	0	0.740197	0.892361	0.896753	0.915331	0.884299	0.895093	0.895479	0.8568	0.849232	0.841592	0.843249	0.883473	0.855903	0.882651	0.880157	0.884711	0.883659	0.885161	0.890705	0.981837	0.995377	0.986314	0.980249	0.988942	0.981032	1.08058	1.09446	1.07718	1.09372	1.07588	1.07679	1.04163	1.03985	1.05166	1.04107	1.04722	1.0563	1.10957	1.11145	1.11636	1.11806	1.11629	1.10749	1.0974	1.08851	1.10046	1.09895	1.0927	1.10062	1.03679	1.03761	1.03618	1.06337	1.05415	1.05648	1.08505	1.08454	1.0853	1.07989	1.11707	1.08504	1.09865	1.09928	1.11439	1.11803	1.11411	1.11735
ERR637121	0.849723	0.856456	0.900973	0.853299	0.897604	0.900993	0.881793	0.870847	0.870664	0.879323	0.861456	0.871907	0.926088	0.97438	0.953766	0.958512	0.957225	0.936421	1.11374	1.1098	1.12759	1.10078	1.1056	1.11267	0.729306	0.731152	0.731839	0.73192	0.740197	0	0.887339	0.891587	0.912169	0.879161	0.890226	0.890915	0.851156	0.843432	0.834936	0.836932	0.878249	0.84982	0.878463	0.876234	0.880829	0.879478	0.881326	0.887331	0.97836	0.993085	0.983128	0.977042	0.985877	0.977558	1.07691	1.09075	1.0734	1.09026	1.07229	1.07272	1.03847	1.03674	1.04876	1.03806	1.04473	1.05352	1.10586	1.10798	1.11309	1.11473	1.11333	1.10406	1.09374	1.08471	1.0967	1.0955	1.08893	1.09712	1.03325	1.03402	1.03281	1.06042	1.05127	1.05366	1.08147	1.08103	1.08175	1.07608	1.11475	1.08158	1.0952	1.09526	1.11057	1.11457	1.11031	1.11423
ERR613997	0.880928	0.886735	0.921615	0.882979	0.918627	0.922378	0.898684	0.890087	0.889651	0.897469	0.882816	0.891553	0.909119	0.953011	0.932861	0.937005	0.935512	0.919741	1.12178	1.11758	1.13514	1.10764	1.11194	1.11927	0.886224	0.885118	0.884043	0.888607	0.892361	0.887339	0	0.787079	0.811251	0.773388	0.786561	0.786693	0.873432	0.869384	0.862172	0.865391	0.899346	0.872593	0.910932	0.911133	0.914028	0.912968	0.914314	0.919183	0.976525	0.9903	0.980882	0.975379	0.982894	0.975625	1.07279	1.08599	1.0698	1.08503	1.06888	1.06869	1.04642	1.04482	1.05642	1.04556	1.05264	1.06045	1.10246	1.10535	1.1117	1.11261	1.11107	1.10057	1.09325	1.08636	1.09555	1.09675	1.09024	1.09634	1.02085	1.02109	1.02065	1.04401	1.03582	1.03816	1.07848	1.0783	1.07825	1.07282	1.11034	1.07805	1.08913	1.08944	1.10264	1.10768	1.10258	1.10897
ERR613999	0.882756	0.888661	0.922256	0.884416	0.919675	0.922915	0.900473	0.892309	0.891027	0.899114	0.884712	0.893379	0.912125	0.955765	0.935127	0.939246	0.937895	0.922894	1.12482	1.12073	1.13838	1.11025	1.11463	1.12199	0.890456	0.889772	0.888357	0.893132	0.896753	0.891587	0.787079	0	0.816372	0.777993	0.784856	0.785117	0.876085	0.873029	0.865724	0.869757	0.902312	0.875001	0.914214	0.915133	0.917487	0.916811	0.917925	0.92289	0.979407	0.993713	0.98456	0.978628	0.986467	0.978758	1.07398	1.08713	1.07084	1.08629	1.07057	1.07044	1.04949	1.04802	1.05961	1.04884	1.05649	1.06365	1.10379	1.10759	1.11385	1.11465	1.11322	1.10194	1.0945	1.08829	1.09695	1.09916	1.09214	1.09765	1.02264	1.02288	1.02235	1.04473	1.03695	1.03948	1.07932	1.07901	1.07898	1.07325	1.1121	1.0787	1.09007	1.09022	1.10326	1.10859	1.103	1.11067
ERR613998	0.906749	0.912046	0.943952	0.909588	0.941279	0.944427	0.919854	0.91205	0.91261	0.919484	0.907036	0.914065	0.931551	0.969918	0.952788	0.956443	0.955132	0.939635	1.13467	1.13085	1.14749	1.12313	1.12716	1.13363	0.911034	0.909285	0.909729	0.912993	0.915331	0.912169	0.811251	0.816372	0	0.805124	0.815544	0.815939	0.897183	0.891569	0.886609	0.888208	0.918045	0.896437	0.930186	0.929403	0.932722	0.931695	0.932516	0.936744	0.996301	1.00723	0.999561	0.994944	1.00165	0.995776	1.09141	1.10279	1.08838	1.10257	1.08747	1.08816	1.06249	1.06125	1.07144	1.0621	1.06746	1.07585	1.11971	1.1217	1.12591	1.1271	1.12585	1.11805	1.11133	1.10428	1.11346	1.11309	1.10762	1.11402	1.03908	1.03973	1.03891	1.06087	1.05327	1.0552	1.09654	1.09605	1.09652	1.09199	1.12358	1.09609	1.10895	1.10885	1.12079	1.12448	1.12073	1.12407
ERR613996	0.872289	0.878506	0.91505	0.874124	0.912221	0.915859	0.891488	0.882192	0.881754	0.890277	0.874222	0.883489	0.900418	0.946831	0.925638	0.930263	0.928162	0.911733	1.11465	1.11042	1.12845	1.09983	1.10394	1.11182	0.877371	0.876644	0.875506	0.880785	0.884299	0.879161	0.773388	0.777993	0.805124	0	0.777168	0.777016	0.865414	0.861133	0.85309	0.85697	0.8928	0.864405	0.905045	0.905904	0.909044	0.90782	0.909171	0.914601	0.969167	0.984481	0.974159	0.967849	0.976385	0.968435	1.06361	1.07734	1.06026	1.0767	1.0596	1.05981	1.03914	1.03776	1.04961	1.03882	1.04619	1.05386	1.09439	1.09786	1.10431	1.10553	1.10404	1.09234	1.08478	1.0778	1.08751	1.08904	1.08216	1.08803	1.0128	1.01326	1.01257	1.03649	1.02823	1.03091	1.07081	1.0703	1.07059	1.06464	1.10463	1.0702	1.08018	1.08056	1.09413	1.09984	1.09406	1.10144
ERR614001	0.881823	0.888097	0.92183	0.883713	0.918958	0.922478	0.899895	0.891436	0.890268	0.898697	0.884087	0.89214	0.9111	0.955065	0.934607	0.938735	0.937199	0.922094	1.12416	1.12028	1.13762	1.10975	1.1139	1.12161	0.889081	0.888273	0.886986	0.891677	0.895093	0.890226	0.786561	0.784856	0.815544	0.777168	0	0.784308	0.875391	0.8722	0.864742	0.8687	0.901339	0.874037	0.913238	0.913735	0.916842	0.915792	0.916824	0.921803	0.978863	0.993354	0.983407	0.977814	0.985867	0.977976	1.07369	1.08717	1.07067	1.08625	1.07019	1.07003	1.04891	1.04749	1.05895	1.04818	1.05572	1.06307	1.10355	1.10687	1.11358	1.11424	1.11297	1.10173	1.09437	1.08794	1.09693	1.09876	1.09182	1.09735	1.02188	1.02235	1.02172	1.04446	1.0366	1.03918	1.07898	1.07891	1.0789	1.07317	1.11178	1.07832	1.08987	1.09021	1.10329	1.10869	1.10299	1.11034
ERR614000	0.881497	0.88731	0.921024	0.883485	0.918475	0.922301	0.899741	0.891936	0.890619	0.898705	0.883882	0.892874	0.910968	0.954485	0.934094	0.938642	0.936661	0.921799	1.12416	1.12016	1.13767	1.10963	1.11369	1.12144	0.889397	0.888727	0.887536	0.89206	0.895479	0.890915	0.786693	0.785117	0.815939	0.777016	0.784308	0	0.875457	0.872767	0.865208	0.868907	0.901958	0.874688	0.913391	0.914151	0.916896	0.916198	0.917511	0.922142	0.978723	0.993103	0.983364	0.977398	0.985156	0.977815	1.07326	1.0866	1.0703	1.08579	1.06984	1.06965	1.04882	1.04722	1.05898	1.04805	1.05564	1.06296	1.10332	1.10679	1.11335	1.11414	1.11273	1.10148	1.09389	1.0875	1.09661	1.09849	1.09133	1.09704	1.02169	1.02179	1.02152	1.04423	1.036	1.03864	1.07886	1.07826	1.07845	1.07289	1.1114	1.0782	1.08931	1.08951	1.1026	1.10802	1.1025	1.10999
ERR613681	0.850676	0.856435	0.891422	0.853283	0.888421	0.891085	0.844333	0.833833	0.832736	0.841983	0.82415	0.834628	0.905953	0.950363	0.930494	0.933979	0.933095	0.915716	1.12252	1.11884	1.13605	1.1089	1.1132	1.12066	0.849756	0.847422	0.847278	0.851901	0.8568	0.851156	0.873432	0.876085	0.897183	0.865414	0.875391	0.875457	0	0.773668	0.763828	0.768262	0.805473	0.77377	0.886354	0.886217	0.889075	0.888348	0.889764	0.894535	0.989853	1.00506	0.994874	0.988361	0.997462	0.98904	1.07669	1.09021	1.07372	1.08958	1.07276	1.07311	1.0575	1.05593	1.06733	1.05711	1.06386	1.07187	1.10874	1.11142	1.11688	1.11817	1.11641	1.10695	1.0998	1.09215	1.10271	1.10284	1.09618	1.10295	1.03918	1.03968	1.03888	1.06317	1.05507	1.05726	1.09255	1.0921	1.09253	1.08726	1.12355	1.09212	1.09707	1.09741	1.11114	1.11559	1.11136	1.11599
ERR613679	0.848138	0.853872	0.89271	0.851683	0.889419	0.891954	0.841374	0.83011	0.830252	0.839457	0.82057	0.831425	0.900604	0.944902	0.925903	0.929791	0.928614	0.909052	1.11555	1.11162	1.12907	1.10376	1.1084	1.11478	0.841775	0.83889	0.840573	0.844532	0.849232	0.843432	0.869384	0.873029	0.891569	0.861133	0.8722	0.872767	0.773668	0	0.754756	0.757329	0.80218	0.772316	0.882041	0.87978	0.884266	0.882951	0.884357	0.889455	0.984967	0.99848	0.989137	0.982913	0.992032	0.984072	1.07283	1.0859	1.06909	1.0854	1.06819	1.06889	1.05059	1.04916	1.06018	1.05047	1.05548	1.06519	1.10545	1.10726	1.11141	1.11316	1.11146	1.10373	1.09622	1.08774	1.09896	1.09747	1.09148	1.0995	1.03439	1.03505	1.03412	1.06005	1.05184	1.05352	1.09025	1.08975	1.09033	1.08566	1.11943	1.09006	1.0952	1.09526	1.10955	1.11247	1.10941	1.11135
ERR613677	0.840517	0.846825	0.886394	0.843267	0.883364	0.886043	0.833214	0.821333	0.821112	0.830951	0.810459	0.822627	0.893201	0.93988	0.91984	0.923662	0.922715	0.902861	1.11143	1.10722	1.12512	1.09803	1.10274	1.11003	0.833209	0.830931	0.83192	0.835797	0.841592	0.834936	0.862172	0.865724	0.886609	0.85309	0.864742	0.865208	0.763828	0.754756	0	0.746866	0.795579	0.762491	0.877336	0.875401	0.879185	0.877756	0.879616	0.884899	0.977657	0.992895	0.982459	0.975838	0.985142	0.9768	1.06644	1.0801	1.06325	1.07963	1.06163	1.06244	1.04514	1.04321	1.05515	1.04456	1.05084	1.05953	1.09957	1.10129	1.1064	1.10779	1.10641	1.09747	1.09026	1.08153	1.09307	1.0922	1.0859	1.09336	1.02801	1.02871	1.02769	1.05423	1.04565	1.04792	1.08338	1.08311	1.08348	1.07858	1.11474	1.08339	1.08769	1.08809	1.10262	1.10659	1.10269	1.10606
ERR613678	0.84533	0.851386	0.891904	0.848833	0.888305	0.891358	0.837352	0.824981	0.825247	0.834575	0.815337	0.82628	0.896602	0.942323	0.922934	0.926548	0.925599	0.905404	1.11187	1.10791	1.12548	1.09945	1.10408	1.111	0.835078	0.832974	0.834206	0.837965	0.843249	0.836932	0.865391	0.869757	0.888208	0.85697	0.8687	0.868907	0.768262	0.757329	0.746866	0	0.797929	0.767141	0.879272	0.876617	0.88096	0.879966	0.881291	0.886854	0.979729	0.99382	0.984027	0.977741	0.986826	0.979071	1.0691	1.08219	1.06579	1.08196	1.06409	1.06503	1.04626	1.04454	1.05575	1.04603	1.05137	1.06051	1.10203	1.10323	1.10754	1.10939	1.10783	1.10034	1.09312	1.08377	1.09596	1.09398	1.08826	1.09633	1.03007	1.03096	1.02985	1.05671	1.04815	1.05021	1.08639	1.08595	1.08665	1.08168	1.11599	1.08622	1.09141	1.09155	1.10585	1.10895	1.10582	1.10754
ERR613682	0.879821	0.884232	0.915534	0.882572	0.912337	0.914829	0.870698	0.861714	0.861474	0.869274	0.854406	0.862968	0.932258	0.971328	0.953944	0.957003	0.95615	0.939953	1.13737	1.13392	1.14978	1.12594	1.13009	1.13643	0.877276	0.875137	0.87645	0.879334	0.883473	0.878249	0.899346	0.902312	0.918045	0.8928	0.901339	0.901958	0.805473	0.80218	0.795579	0.797929	0	0.804798	0.908564	0.907387	0.910706	0.909621	0.910607	0.914356	1.01261	1.02543	1.01677	1.01087	1.01923	1.01178	1.09652	1.10795	1.09358	1.10796	1.0922	1.09292	1.07678	1.07541	1.08556	1.07651	1.08178	1.08976	1.127	1.12862	1.13263	1.13405	1.13273	1.1253	1.11902	1.11106	1.12136	1.12026	1.1148	1.12151	1.05947	1.06007	1.05913	1.08176	1.07425	1.07629	1.11177	1.11137	1.11196	1.10749	1.13887	1.11166	1.11714	1.11735	1.12999	1.13303	1.12992	1.13226
ERR613680	0.849762	0.855321	0.890795	0.852132	0.888032	0.890623	0.843888	0.832811	0.831822	0.841559	0.823168	0.833653	0.904908	0.949493	0.929226	0.933346	0.932043	0.914392	1.12197	1.11772	1.13533	1.10803	1.11284	1.11964	0.84817	0.846382	0.846401	0.8507	0.855903	0.84982	0.872593	0.875001	0.896437	0.864405	0.874037	0.874688	0.77377	0.772316	0.762491	0.767141	0.804798	0	0.886005	0.885465	0.888528	0.887735	0.889012	0.893933	0.989191	1.00424	0.993733	0.987471	0.99662	0.988206	1.07623	1.08929	1.07286	1.08892	1.072	1.07223	1.05648	1.05484	1.06628	1.05608	1.06269	1.07055	1.10817	1.11086	1.11632	1.11734	1.11586	1.10637	1.09915	1.09146	1.10183	1.10196	1.09549	1.10229	1.03822	1.03882	1.03804	1.06273	1.05461	1.05663	1.09195	1.0916	1.09207	1.08658	1.12309	1.09145	1.09636	1.09648	1.1102	1.11492	1.11052	1.11512
ERR607730	0.843765	0.847667	0.881212	0.84622	0.877885	0.880663	0.914438	0.906821	0.90707	0.912946	0.901096	0.907817	0.917038	0.955913	0.938599	0.942898	0.941992	0.925966	1.12924	1.12535	1.14223	1.116	1.12032	1.12698	0.877607	0.876165	0.876237	0.879115	0.882651	0.878463	0.910932	0.914214	0.930186	0.905045	0.913238	0.913391	0.886354	0.882041	0.877336	0.879272	0.908564	0.886005	0	0.803023	0.808699	0.808191	0.809935	0.81198	0.978538	0.989755	0.982151	0.977685	0.983827	0.977974	1.09086	1.10286	1.08818	1.10219	1.0871	1.08753	1.05472	1.05343	1.06429	1.05422	1.06023	1.06834	1.1127	1.11497	1.1205	1.12143	1.11999	1.11126	1.10589	1.09856	1.10836	1.10811	1.10239	1.10861	1.03766	1.03837	1.0375	1.05987	1.05226	1.0541	1.09027	1.08985	1.09002	1.08542	1.11835	1.09015	1.10495	1.1052	1.11766	1.12148	1.11763	1.12149
ERR607731	0.843872	0.84842	0.882932	0.847502	0.87923	0.881751	0.914374	0.906357	0.907424	0.912989	0.9009	0.907755	0.917588	0.955427	0.938546	0.942386	0.942409	0.925034	1.12712	1.12382	1.14035	1.11559	1.1198	1.12601	0.875342	0.87339	0.874329	0.876788	0.880157	0.876234	0.911133	0.915133	0.929403	0.905904	0.913735	0.914151	0.886217	0.87978	0.875401	0.876617	0.907387	0.885465	0.803023	0	0.806952	0.806638	0.808019	0.810432	0.978433	0.988611	0.981915	0.977125	0.983725	0.978058	1.09123	1.10269	1.08814	1.10266	1.08706	1.08756	1.05368	1.05268	1.06302	1.05338	1.05845	1.06761	1.11301	1.11488	1.11936	1.12037	1.11909	1.11141	1.1065	1.09847	1.10894	1.10751	1.10205	1.10905	1.03746	1.03827	1.03736	1.06084	1.05257	1.05454	1.09157	1.09054	1.09106	1.08696	1.11789	1.09117	1.10581	1.10609	1.11839	1.12146	1.11856	1.12054
ERR607733	0.847017	0.850997	0.883806	0.850088	0.880437	0.883044	0.916637	0.908851	0.909294	0.914889	0.903354	0.909795	0.920993	0.958808	0.941774	0.945291	0.945111	0.928893	1.13195	1.12836	1.14504	1.11959	1.12387	1.13026	0.879679	0.878272	0.87897	0.880892	0.884711	0.880829	0.914028	0.917487	0.932722	0.909044	0.916842	0.916896	0.889075	0.884266	0.879185	0.88096	0.910706	0.888528	0.808699	0.806952	0	0.805969	0.80721	0.816257	0.981817	0.992298	0.985275	0.980545	0.987361	0.981077	1.09435	1.10642	1.09185	1.10599	1.09069	1.09119	1.05811	1.05666	1.06767	1.05774	1.06348	1.07163	1.11669	1.11869	1.12359	1.12453	1.12326	1.1153	1.10975	1.10233	1.11213	1.11154	1.10588	1.11241	1.0408	1.04149	1.0407	1.06331	1.05561	1.05727	1.09432	1.09375	1.09414	1.0898	1.12156	1.09389	1.10852	1.10861	1.12126	1.12481	1.12123	1.12441
ERR607734	0.845925	0.849934	0.882541	0.849076	0.879542	0.882154	0.915519	0.907656	0.908224	0.913872	0.902028	0.909001	0.920638	0.958717	0.941613	0.94515	0.944577	0.928623	1.13079	1.12706	1.14381	1.11832	1.12257	1.1291	0.87851	0.877509	0.877588	0.879218	0.883659	0.879478	0.912968	0.916811	0.931695	0.90782	0.915792	0.916198	0.888348	0.882951	0.877756	0.879966	0.909621	0.887735	0.808191	0.806638	0.805969	0	0.806768	0.815292	0.9809	0.991664	0.984682	0.97996	0.986393	0.980086	1.09362	1.10554	1.09073	1.10479	1.08948	1.09033	1.05728	1.05605	1.06679	1.05675	1.06276	1.07081	1.11573	1.11738	1.12253	1.1234	1.12206	1.11413	1.10856	1.10115	1.11131	1.11041	1.1048	1.1113	1.03986	1.04049	1.03976	1.06239	1.05464	1.05661	1.09288	1.09252	1.0928	1.08822	1.12038	1.09247	1.10757	1.10769	1.12026	1.12354	1.12005	1.12325
ERR607732	0.847453	0.851942	0.884311	0.850814	0.881343	0.88348	0.916988	0.909402	0.909955	0.915611	0.904007	0.910631	0.921987	0.959433	0.942566	0.946327	0.946363	0.930044	1.13188	1.12837	1.14468	1.11997	1.12399	1.13038	0.880055	0.878933	0.879633	0.881453	0.885161	0.881326	0.914314	0.917925	0.932516	0.909171	0.916824	0.917511	0.889764	0.884357	0.879616	0.881291	0.910607	0.889012	0.809935	0.808019	0.80721	0.806768	0	0.816983	0.982907	0.993289	0.986093	0.981668	0.98839	0.982493	1.09445	1.1063	1.09186	1.10609	1.09062	1.09123	1.05807	1.05679	1.06746	1.0579	1.06331	1.07165	1.11692	1.11887	1.12337	1.12477	1.12317	1.11553	1.10986	1.10242	1.11236	1.11146	1.10617	1.11251	1.04103	1.04186	1.04074	1.06341	1.05573	1.05743	1.09451	1.09389	1.09412	1.08982	1.12123	1.09409	1.10884	1.10921	1.12164	1.12489	1.1218	1.12438
ERR607729	0.852686	0.856233	0.887761	0.856286	0.884813	0.88665	0.921862	0.914284	0.914976	0.919835	0.909578	0.915378	0.926172	0.962498	0.94587	0.949828	0.949439	0.93388	1.13565	1.13223	1.14846	1.12411	1.12782	1.13427	0.886487	0.884768	0.885727	0.887854	0.890705	0.887331	0.919183	0.92289	0.936744	0.914601	0.921803	0.922142	0.894535	0.889455	0.884899	0.886854	0.914356	0.893933	0.81198	0.810432	0.816257	0.815292	0.816983	0	0.987368	0.997234	0.990741	0.986186	0.992433	0.98664	1.09924	1.11068	1.09655	1.11046	1.09566	1.09594	1.06204	1.06074	1.07121	1.06153	1.06724	1.07552	1.12113	1.12277	1.12738	1.12845	1.12714	1.11947	1.11416	1.10708	1.11675	1.11576	1.11049	1.11671	1.04503	1.04561	1.0448	1.0667	1.05901	1.06082	1.0983	1.09757	1.09795	1.09358	1.12396	1.09786	1.1135	1.11343	1.12571	1.12852	1.12542	1.12805
