	ERR608806	ERR608810	ERR608807	ERR608808	ERR608809	ERR608805	ERR607785	ERR607781	ERR607783	ERR607784	ERR607786	ERR607782	ERR605534	ERR605535	ERR605538	ERR605536	ERR605533	ERR605537	ERR622146	ERR622144	ERR622143	ERR622148	ERR622147	ERR622145	ERR617660	ERR617657	ERR617656	ERR617659	ERR617658	ERR617655	ERR636774	ERR636771	ERR636770	ERR636772	ERR636769	ERR636773	ERR636646	ERR636648	ERR636643	ERR636645	ERR636647	ERR636644	ERR613356	ERR613354	ERR613355	ERR613353	ERR613358	ERR613357	ERR612283	ERR612284	ERR612281	ERR612282	ERR612286	ERR612285	ERR626749	ERR626748	ERR626752	ERR626751	ERR626747	ERR626750	ERR616770	ERR616773	ERR616771	ERR616774	ERR616772	ERR616769	ERR626488	ERR626491	ERR626489	ERR626486	ERR626487	ERR626490	ERR616833	ERR616831	ERR616832	ERR616829	ERR616830	ERR616834	ERR616623	ERR616624	ERR616622	ERR616627	ERR616625	ERR616626	ERR611351	ERR611350	ERR611352	ERR611348	ERR611349	ERR611347	ERR612966	ERR612964	ERR612967	ERR612968	ERR612963	ERR612965
ERR608806	0	0.801303	0.750548	0.800472	0.797309	0.756977	0.860194	0.859097	0.858613	0.885423	0.859628	0.880372	0.989699	0.997439	0.993325	0.993469	0.982114	0.99065	0.911258	0.889991	0.925963	0.916435	0.913452	0.879948	0.831792	0.875559	0.946263	0.829642	0.828727	0.829752	0.837083	0.838665	0.837948	0.837914	0.847814	0.837598	0.915848	0.8996	0.899506	0.934064	0.915272	0.912478	0.942626	0.937065	0.924171	0.910535	0.976117	0.938824	1.10644	1.07515	1.09712	1.10537	1.07237	1.07594	1.04454	1.04622	1.04768	1.04718	1.04147	1.0471	1.05335	1.06289	1.04832	1.06399	1.06243	1.06257	1.05579	1.05612	1.07953	1.05641	1.0756	1.05802	1.07844	1.05532	1.07939	1.0639	1.06342	1.07716	1.02294	1.03256	1.02652	1.00675	1.00616	1.00673	1.01718	1.02526	1.0167	1.02226	1.01646	1.02112	1.07081	1.08478	1.07401	1.07194	1.05078	1.05952
ERR608810	0.801303	0	0.801764	0.830856	0.828666	0.805871	0.896713	0.895801	0.895216	0.914502	0.895886	0.911476	1.01656	1.02277	1.01909	1.01917	1.00941	1.01659	0.942337	0.92503	0.955981	0.946939	0.944258	0.916949	0.875918	0.909801	0.972075	0.873942	0.872792	0.872823	0.876261	0.877879	0.877128	0.876784	0.883669	0.877051	0.952399	0.939622	0.939991	0.968021	0.951974	0.950484	0.972043	0.967836	0.957084	0.9452	1.0016	0.968827	1.13193	1.10628	1.12377	1.13116	1.10415	1.10732	1.08112	1.08286	1.08366	1.0832	1.07859	1.08321	1.08875	1.09723	1.08409	1.09795	1.09684	1.09723	1.09054	1.09046	1.1111	1.09066	1.10743	1.09223	1.11124	1.0909	1.11231	1.09874	1.09805	1.1102	1.05109	1.05941	1.05413	1.0366	1.03596	1.03635	1.0478	1.05493	1.04791	1.05166	1.04705	1.05074	1.10378	1.11623	1.10655	1.10445	1.08643	1.09387
ERR608807	0.750548	0.801764	0	0.800672	0.797582	0.756624	0.85944	0.858415	0.857952	0.88456	0.858485	0.87961	0.989835	0.996862	0.993433	0.993573	0.982248	0.990732	0.910278	0.888174	0.922792	0.914689	0.912094	0.878596	0.830175	0.874636	0.944358	0.827938	0.826998	0.829806	0.835917	0.837428	0.837105	0.83636	0.846469	0.836484	0.915873	0.899287	0.899331	0.932696	0.915431	0.912103	0.942212	0.935635	0.923222	0.9096	0.974638	0.93873	1.10942	1.07618	1.10067	1.10841	1.07355	1.077	1.04331	1.04458	1.04642	1.04589	1.04012	1.04605	1.05143	1.05998	1.0463	1.06132	1.06002	1.0601	1.05489	1.05447	1.07799	1.0554	1.07395	1.05668	1.07612	1.0536	1.07681	1.06185	1.0618	1.07456	1.02232	1.03177	1.02553	1.00535	1.00482	1.00521	1.01607	1.02322	1.01578	1.02147	1.01607	1.02041	1.0698	1.08336	1.07298	1.07096	1.04963	1.05803
ERR608808	0.800472	0.830856	0.800672	0	0.827322	0.804487	0.896257	0.894883	0.894439	0.913523	0.89516	0.910386	1.01647	1.02232	1.01901	1.0192	1.00932	1.01666	0.94139	0.924098	0.955385	0.945773	0.943229	0.915867	0.875463	0.909318	0.972415	0.873621	0.872322	0.872609	0.875345	0.877174	0.876179	0.876486	0.882683	0.876339	0.95195	0.939482	0.939541	0.968382	0.951805	0.950307	0.971463	0.967686	0.956878	0.944616	1.00163	0.968536	1.13084	1.10567	1.12252	1.13013	1.10362	1.10676	1.0809	1.08272	1.08312	1.08288	1.07853	1.08292	1.0887	1.09715	1.084	1.09783	1.09678	1.09714	1.09002	1.09036	1.11097	1.09035	1.10772	1.09191	1.11136	1.09062	1.1121	1.09876	1.09805	1.11011	1.05066	1.05873	1.05353	1.03578	1.03515	1.03586	1.04745	1.05442	1.04724	1.05074	1.04653	1.05001	1.10332	1.11602	1.10642	1.10435	1.08592	1.09395
ERR608809	0.797309	0.828666	0.797582	0.827322	0	0.801863	0.893675	0.892375	0.892501	0.91132	0.893151	0.908494	1.015	1.02094	1.01754	1.01787	1.00778	1.01481	0.939955	0.922468	0.953847	0.944564	0.94189	0.914092	0.872524	0.907624	0.970373	0.870605	0.86954	0.870359	0.872811	0.87469	0.873397	0.873794	0.880846	0.873399	0.950358	0.937531	0.937842	0.966787	0.949686	0.948495	0.970009	0.966086	0.954895	0.943018	0.999798	0.966897	1.13024	1.10441	1.12215	1.12957	1.10231	1.10549	1.07883	1.08081	1.08136	1.08088	1.07655	1.08102	1.08665	1.09507	1.08191	1.096	1.09498	1.09509	1.08801	1.08824	1.10927	1.08867	1.10561	1.09003	1.10935	1.08905	1.11035	1.0968	1.09607	1.10815	1.04908	1.05706	1.0519	1.03418	1.03311	1.03393	1.04541	1.05252	1.04552	1.04894	1.04465	1.04825	1.10141	1.11439	1.10469	1.10253	1.08408	1.09183
ERR608805	0.756977	0.805871	0.756624	0.804487	0.801863	0	0.86431	0.863223	0.862412	0.887724	0.863512	0.882723	0.993201	1.00054	0.997036	0.997156	0.985712	0.994343	0.914282	0.89286	0.927327	0.919173	0.916721	0.883961	0.835764	0.878656	0.94633	0.83376	0.832663	0.835046	0.840994	0.841827	0.841945	0.841278	0.850679	0.840906	0.921111	0.904768	0.904769	0.937129	0.920919	0.917429	0.945794	0.939879	0.92731	0.913956	0.978062	0.942406	1.11386	1.08137	1.10553	1.11299	1.07883	1.08244	1.04911	1.05027	1.05216	1.05172	1.0463	1.05186	1.0572	1.06575	1.05236	1.06721	1.06577	1.06585	1.06051	1.06024	1.08346	1.06112	1.07925	1.0623	1.08131	1.05961	1.08226	1.06773	1.06749	1.08019	1.02665	1.03607	1.02993	1.01032	1.00945	1.01005	1.02049	1.02757	1.02042	1.02587	1.02049	1.02466	1.07513	1.08852	1.07844	1.07651	1.05538	1.06357
ERR607785	0.860194	0.896713	0.85944	0.896257	0.893675	0.86431	0	0.770746	0.770702	0.796172	0.76804	0.792917	0.986298	0.993046	0.990451	0.990303	0.980221	0.987524	0.887621	0.864984	0.897694	0.892295	0.889485	0.858312	0.874029	0.914299	0.972553	0.872239	0.871247	0.876848	0.847985	0.84968	0.850255	0.848938	0.858097	0.848943	0.931128	0.914205	0.914495	0.943193	0.930445	0.925848	0.952727	0.945182	0.932041	0.9213	0.981829	0.948666	1.13617	1.10095	1.1293	1.13541	1.09848	1.10185	1.06383	1.06467	1.06724	1.06635	1.06085	1.0664	1.07114	1.07801	1.0662	1.07909	1.07791	1.07812	1.07523	1.07462	1.09672	1.07585	1.09233	1.07608	1.09273	1.07304	1.09355	1.08018	1.08124	1.09192	1.04597	1.05549	1.0491	1.02939	1.02889	1.0294	1.03087	1.03632	1.03077	1.03696	1.03225	1.03517	1.09313	1.10456	1.09604	1.09434	1.07463	1.08109
ERR607781	0.859097	0.895801	0.858415	0.894883	0.892375	0.863223	0.770746	0	0.766696	0.798827	0.770098	0.791374	0.985145	0.992333	0.989246	0.989086	0.978544	0.986553	0.888466	0.866093	0.900557	0.893001	0.890015	0.858593	0.875106	0.914706	0.976238	0.873243	0.872065	0.875845	0.847698	0.849732	0.849205	0.849083	0.858287	0.848751	0.930618	0.914022	0.913726	0.944244	0.929679	0.925663	0.951661	0.945406	0.93239	0.920653	0.982633	0.947709	1.13057	1.09677	1.12286	1.12947	1.0948	1.09803	1.06287	1.06393	1.06609	1.06539	1.0594	1.06544	1.07054	1.07864	1.06573	1.07972	1.07842	1.07843	1.07401	1.07364	1.096	1.07425	1.0919	1.07551	1.09296	1.07227	1.09402	1.07988	1.08044	1.09237	1.04541	1.05446	1.04857	1.02905	1.02847	1.02912	1.03021	1.03676	1.03013	1.03544	1.03027	1.03385	1.09234	1.10423	1.09538	1.09342	1.07368	1.0806
ERR607783	0.858613	0.895216	0.857952	0.894439	0.892501	0.862412	0.770702	0.766696	0	0.798677	0.770041	0.7914	0.985607	0.992473	0.989457	0.989236	0.979498	0.986783	0.888948	0.866536	0.901102	0.89351	0.890728	0.85917	0.87449	0.914051	0.975432	0.872812	0.871383	0.875257	0.847743	0.849715	0.849505	0.849056	0.858331	0.848866	0.929561	0.913291	0.913245	0.94371	0.928829	0.924842	0.951825	0.945988	0.932576	0.920957	0.982634	0.947881	1.13022	1.09666	1.12256	1.12921	1.09442	1.09768	1.0625	1.06377	1.06591	1.06518	1.05932	1.06518	1.0705	1.07838	1.06555	1.07939	1.07849	1.07824	1.07363	1.07357	1.09562	1.07437	1.09176	1.07531	1.09333	1.07231	1.09401	1.07985	1.08032	1.09217	1.04554	1.05462	1.04856	1.02886	1.02882	1.02925	1.03044	1.03691	1.03036	1.03571	1.03059	1.03416	1.09194	1.1038	1.09471	1.09299	1.07307	1.08034
ERR607784	0.885423	0.914502	0.88456	0.913523	0.91132	0.887724	0.796172	0.798827	0.798677	0	0.795872	0.814325	1.00417	1.00979	1.00761	1.00759	0.998508	1.00481	0.9076	0.88761	0.916428	0.911815	0.909212	0.882201	0.903297	0.937954	0.990962	0.901377	0.900503	0.905407	0.872711	0.874256	0.874477	0.874232	0.880614	0.873955	0.958983	0.945066	0.945144	0.970188	0.958656	0.954874	0.972903	0.965741	0.95409	0.944354	0.999508	0.969267	1.15436	1.12225	1.14799	1.15345	1.1201	1.12312	1.08838	1.08903	1.09153	1.09057	1.0852	1.0906	1.09485	1.10115	1.09027	1.10227	1.10117	1.10152	1.09836	1.09772	1.1179	1.09876	1.11386	1.09907	1.11457	1.09682	1.11558	1.10337	1.10369	1.11396	1.06305	1.07143	1.06573	1.04722	1.04688	1.04744	1.04784	1.05206	1.0479	1.05282	1.04865	1.05126	1.11498	1.12532	1.11737	1.11602	1.09734	1.10377
ERR607786	0.859628	0.895886	0.858485	0.89516	0.893151	0.863512	0.76804	0.770098	0.770041	0.795872	0	0.793211	0.985495	0.992186	0.989134	0.989343	0.978865	0.986073	0.88722	0.865376	0.898283	0.892323	0.889295	0.858222	0.872683	0.913118	0.972018	0.870693	0.869717	0.875144	0.847126	0.848554	0.849064	0.847823	0.856961	0.848002	0.929636	0.913267	0.913187	0.9423	0.929316	0.924608	0.951748	0.944527	0.931372	0.920401	0.980922	0.947613	1.13464	1.09989	1.12749	1.13366	1.09731	1.10068	1.06307	1.06397	1.06636	1.0657	1.05979	1.06557	1.07025	1.0773	1.06526	1.07855	1.07742	1.07751	1.07449	1.07354	1.09584	1.07494	1.09165	1.07552	1.09223	1.07252	1.09323	1.07979	1.08058	1.09126	1.04614	1.05502	1.04877	1.02899	1.02861	1.02911	1.03015	1.03594	1.02999	1.03656	1.03128	1.03466	1.09236	1.10409	1.09491	1.09284	1.07366	1.08027
ERR607782	0.880372	0.911476	0.87961	0.910386	0.908494	0.882723	0.792917	0.791374	0.7914	0.814325	0.793211	0	1.00208	1.008	1.00564	1.00565	0.996314	1.00284	0.903891	0.883296	0.911593	0.908039	0.905474	0.87728	0.896318	0.933363	0.984986	0.894888	0.893599	0.900189	0.867485	0.868358	0.869168	0.868433	0.875081	0.868272	0.955016	0.939859	0.939757	0.964885	0.95403	0.949927	0.969517	0.961935	0.949839	0.940155	0.995855	0.965876	1.15461	1.12056	1.14838	1.15383	1.11825	1.12118	1.08285	1.08375	1.08642	1.08529	1.07992	1.08558	1.08965	1.09562	1.08503	1.09652	1.09555	1.09577	1.09389	1.09326	1.11348	1.09435	1.10923	1.09471	1.10955	1.09143	1.1098	1.09801	1.09872	1.10854	1.05938	1.06819	1.06188	1.04302	1.0428	1.04319	1.04438	1.04813	1.04417	1.04955	1.04559	1.04837	1.11085	1.12126	1.11353	1.1119	1.09316	1.09935
ERR605534	0.989699	1.01656	0.989835	1.01647	1.015	0.993201	0.986298	0.985145	0.985607	1.00417	0.985495	1.00208	0	0.765227	0.759513	0.759491	0.75258	0.757733	1.01033	0.998081	1.0209	1.01342	1.01141	0.99246	0.992516	1.01915	1.06466	0.991337	0.990666	0.992009	0.996196	0.998667	0.997796	0.996742	1.00433	0.996575	1.03684	1.02513	1.02594	1.04748	1.03617	1.03421	0.944546	0.942612	0.936491	0.931875	0.958884	0.942096	1.1849	1.15738	1.17902	1.18424	1.15538	1.158	1.14419	1.1457	1.14636	1.14617	1.1424	1.14627	1.15339	1.16013	1.14939	1.16097	1.16018	1.16018	1.15377	1.15403	1.17058	1.15388	1.16796	1.15532	1.16998	1.1534	1.17056	1.16005	1.15915	1.16911	1.1469	1.15219	1.14882	1.13549	1.1352	1.13574	1.13637	1.14364	1.1362	1.14029	1.13608	1.13896	1.14337	1.15631	1.14579	1.14467	1.12755	1.13524
ERR605535	0.997439	1.02277	0.996862	1.02232	1.02094	1.00054	0.993046	0.992333	0.992473	1.00979	0.992186	1.008	0.765227	0	0.765046	0.764489	0.759781	0.76336	1.01561	1.00396	1.02541	1.01844	1.01694	0.998628	0.999952	1.02575	1.0693	0.999008	0.998134	0.999839	1.00397	1.00539	1.005	1.00451	1.01107	1.0042	1.04222	1.03169	1.03208	1.05317	1.04207	1.03985	0.947843	0.946323	0.940643	0.93614	0.960457	0.945493	1.19074	1.16328	1.18461	1.18994	1.16158	1.16406	1.14956	1.15106	1.15182	1.15136	1.14767	1.15154	1.15835	1.1648	1.15483	1.16579	1.16472	1.16509	1.15923	1.15954	1.17548	1.15955	1.17305	1.16101	1.17471	1.15893	1.17556	1.16514	1.16457	1.17405	1.15193	1.15742	1.15403	1.14097	1.14075	1.14126	1.14204	1.14909	1.14198	1.14604	1.14174	1.14497	1.14794	1.16055	1.15044	1.14931	1.13229	1.13996
ERR605538	0.993325	1.01909	0.993433	1.01901	1.01754	0.997036	0.990451	0.989246	0.989457	1.00761	0.989134	1.00564	0.759513	0.765046	0	0.753145	0.752266	0.752009	1.01345	1.002	1.02516	1.01667	1.01483	0.996323	0.996243	1.02244	1.06803	0.995298	0.99435	0.995521	1.00112	1.00296	1.00208	1.00167	1.00871	1.00131	1.03861	1.02779	1.02827	1.05041	1.03809	1.03671	0.947853	0.946987	0.941068	0.935679	0.962438	0.945852	1.18583	1.15994	1.17961	1.18492	1.1582	1.16054	1.14788	1.14968	1.14964	1.14973	1.14606	1.14984	1.15707	1.16422	1.15348	1.16496	1.16412	1.16435	1.15742	1.15796	1.17423	1.15761	1.17147	1.15921	1.17405	1.15757	1.17485	1.16413	1.16316	1.17308	1.15065	1.156	1.1527	1.13965	1.13958	1.13993	1.14067	1.1483	1.14036	1.14448	1.13993	1.14325	1.14571	1.15922	1.14842	1.14725	1.1303	1.13843
ERR605536	0.993469	1.01917	0.993573	1.0192	1.01787	0.997156	0.990303	0.989086	0.989236	1.00759	0.989343	1.00565	0.759491	0.764489	0.753145	0	0.752036	0.751515	1.01397	1.00246	1.02543	1.01713	1.01531	0.996528	0.997107	1.02311	1.06911	0.996131	0.995069	0.995916	1.00113	1.00317	1.00231	1.00174	1.00884	1.00151	1.03889	1.02805	1.02827	1.05081	1.03839	1.03645	0.948106	0.947169	0.941384	0.935512	0.962936	0.945753	1.18519	1.15929	1.17888	1.18439	1.15733	1.1602	1.14756	1.14927	1.14963	1.14942	1.14585	1.14953	1.15671	1.16383	1.15324	1.16464	1.16387	1.16434	1.15723	1.15784	1.17381	1.15754	1.17134	1.15895	1.17359	1.15707	1.17434	1.16381	1.16269	1.17274	1.15032	1.15576	1.15244	1.13933	1.13936	1.13992	1.14031	1.14798	1.1399	1.14385	1.13942	1.14256	1.14548	1.15868	1.14776	1.14657	1.12993	1.13796
ERR605533	0.982114	1.00941	0.982248	1.00932	1.00778	0.985712	0.980221	0.978544	0.979498	0.998508	0.978865	0.996314	0.75258	0.759781	0.752266	0.752036	0	0.750649	1.00498	0.992575	1.01629	1.00811	1.00596	0.986047	0.98497	1.01303	1.06056	0.984063	0.983029	0.98423	0.989646	0.991803	0.990976	0.990367	0.99785	0.989913	1.03009	1.01862	1.01894	1.04197	1.02955	1.02756	0.941497	0.939969	0.93352	0.927184	0.957527	0.938852	1.1795	1.15234	1.17332	1.17867	1.15036	1.15296	1.13984	1.14142	1.14189	1.14172	1.13773	1.14188	1.14889	1.15623	1.1451	1.15706	1.15628	1.15654	1.14924	1.14986	1.16661	1.14982	1.16408	1.15123	1.16648	1.14955	1.16698	1.15619	1.1554	1.16542	1.14231	1.14792	1.14451	1.13095	1.13076	1.13126	1.13188	1.13979	1.13168	1.13567	1.13115	1.13465	1.13901	1.1523	1.14166	1.14018	1.12309	1.13106
ERR605537	0.99065	1.01659	0.990732	1.01666	1.01481	0.994343	0.987524	0.986553	0.986783	1.00481	0.986073	1.00284	0.757733	0.76336	0.752009	0.751515	0.750649	0	1.01133	0.999353	1.02247	1.01463	1.01263	0.993752	0.993455	1.01996	1.06598	0.992662	0.991638	0.992716	0.997747	0.999547	0.998959	0.998686	1.00554	0.998406	1.03654	1.02541	1.02604	1.0481	1.03602	1.0343	0.945641	0.944498	0.938422	0.932991	0.960502	0.943363	1.18538	1.15897	1.17924	1.18468	1.15713	1.1599	1.14656	1.14815	1.1485	1.14823	1.14475	1.14859	1.15578	1.1627	1.1519	1.16336	1.1627	1.16289	1.15634	1.15679	1.17296	1.15667	1.17015	1.1579	1.17258	1.156	1.17326	1.16283	1.16174	1.17163	1.14875	1.15436	1.15093	1.13767	1.13752	1.13819	1.13878	1.14625	1.13853	1.14251	1.13811	1.14157	1.14464	1.15761	1.14699	1.14573	1.12912	1.13698
ERR622146	0.911258	0.942337	0.910278	0.94139	0.939955	0.914282	0.887621	0.888466	0.888948	0.9076	0.88722	0.903891	1.01033	1.01561	1.01345	1.01397	1.00498	1.01133	0	0.830173	0.859834	0.851197	0.848844	0.822931	0.912471	0.948689	0.998238	0.911042	0.910513	0.915999	0.91588	0.916822	0.917993	0.917242	0.924266	0.917063	0.954173	0.939528	0.940242	0.963831	0.95356	0.94925	0.989858	0.983337	0.972598	0.963209	1.01468	0.987207	1.16408	1.12706	1.15807	1.16343	1.12466	1.12768	1.08802	1.08874	1.09182	1.09071	1.08531	1.0909	1.09612	1.10179	1.09154	1.10294	1.10166	1.10169	1.10076	1.10018	1.11988	1.10107	1.11579	1.10134	1.11247	1.09448	1.113	1.10073	1.10182	1.11143	1.07807	1.0863	1.0806	1.06338	1.06305	1.06318	1.07005	1.07482	1.07	1.07616	1.07158	1.07484	1.11509	1.12519	1.1178	1.11605	1.09718	1.10349
ERR622144	0.889991	0.92503	0.888174	0.924098	0.922468	0.89286	0.864984	0.866093	0.866536	0.88761	0.865376	0.883296	0.998081	1.00396	1.002	1.00246	0.992575	0.999353	0.830173	0	0.835162	0.834752	0.831658	0.793759	0.890865	0.931562	0.984611	0.889481	0.888605	0.895509	0.894382	0.894595	0.896154	0.895333	0.903513	0.895357	0.938297	0.922266	0.922515	0.9485	0.938218	0.93252	0.975133	0.966527	0.955013	0.944594	1.00106	0.971562	1.15434	1.11388	1.14805	1.15352	1.11135	1.11447	1.07054	1.0712	1.07459	1.07361	1.06764	1.07371	1.07866	1.08465	1.0741	1.08558	1.08463	1.08445	1.08467	1.08401	1.10465	1.08516	1.10014	1.08507	1.0959	1.07693	1.09661	1.0835	1.08493	1.09503	1.05984	1.0691	1.06257	1.04404	1.04372	1.04418	1.05039	1.05507	1.05045	1.05706	1.05221	1.05584	1.09938	1.10974	1.10208	1.1006	1.08028	1.08661
ERR622143	0.925963	0.955981	0.922792	0.955385	0.953847	0.927327	0.897694	0.900557	0.901102	0.916428	0.898283	0.911593	1.0209	1.02541	1.02516	1.02543	1.01629	1.02247	0.859834	0.835162	0	0.863771	0.861349	0.831201	0.922115	0.958529	0.998286	0.920392	0.919998	0.929909	0.92484	0.923664	0.927102	0.925778	0.931976	0.925919	0.968151	0.952651	0.953742	0.972664	0.967712	0.961543	1.00282	0.992951	0.982719	0.97507	1.02225	1.00003	1.18425	1.14316	1.17977	1.18369	1.1404	1.14316	1.09569	1.0955	1.10009	1.0989	1.09323	1.09878	1.1016	1.10578	1.09776	1.10665	1.10538	1.10564	1.10933	1.10783	1.1266	1.10963	1.12203	1.10889	1.11602	1.10087	1.1164	1.10563	1.10828	1.1153	1.08392	1.09266	1.08642	1.06911	1.06871	1.06891	1.07592	1.07745	1.07533	1.08321	1.07907	1.08151	1.12292	1.13105	1.12546	1.12412	1.105	1.10986
ERR622148	0.916435	0.946939	0.914689	0.945773	0.944564	0.919173	0.892295	0.893001	0.89351	0.911815	0.892323	0.908039	1.01342	1.01844	1.01667	1.01713	1.00811	1.01463	0.851197	0.834752	0.863771	0	0.852874	0.828287	0.917261	0.952626	1.0012	0.916147	0.91551	0.920922	0.920858	0.9213	0.922415	0.921781	0.929126	0.921745	0.957251	0.943489	0.943736	0.966878	0.956749	0.952887	0.993822	0.986993	0.976863	0.967456	1.01798	0.990642	1.16668	1.1299	1.16055	1.16583	1.12781	1.13056	1.09142	1.09197	1.09499	1.09428	1.08895	1.09426	1.09948	1.10528	1.09508	1.10599	1.10523	1.10512	1.10371	1.10307	1.1226	1.10454	1.11863	1.10447	1.11544	1.09775	1.11619	1.10403	1.10517	1.11449	1.08184	1.09006	1.08447	1.06718	1.06707	1.06719	1.07421	1.07842	1.07416	1.07986	1.07546	1.07853	1.11818	1.12788	1.12079	1.11907	1.10047	1.10659
ERR622147	0.913452	0.944258	0.912094	0.943229	0.94189	0.916721	0.889485	0.890015	0.890728	0.909212	0.889295	0.905474	1.01141	1.01694	1.01483	1.01531	1.00596	1.01263	0.848844	0.831658	0.861349	0.852874	0	0.825524	0.91473	0.950229	0.999369	0.913398	0.91274	0.918081	0.918181	0.918608	0.91947	0.919514	0.926247	0.919226	0.955836	0.941444	0.941956	0.965318	0.955317	0.950824	0.992083	0.985366	0.974739	0.965438	1.01668	0.988905	1.16509	1.12806	1.15885	1.16432	1.12578	1.12875	1.08979	1.09045	1.09333	1.09243	1.08709	1.09253	1.09785	1.10376	1.09359	1.10467	1.10377	1.10395	1.10246	1.10145	1.12111	1.10236	1.11737	1.10294	1.11421	1.09638	1.11496	1.10267	1.10351	1.11313	1.08003	1.08798	1.08228	1.06508	1.06469	1.06531	1.07197	1.07626	1.07171	1.07785	1.07315	1.07619	1.11626	1.12654	1.11924	1.11757	1.09877	1.1049
ERR622145	0.879948	0.916949	0.878596	0.915867	0.914092	0.883961	0.858312	0.858593	0.85917	0.882201	0.858222	0.87728	0.99246	0.998628	0.996323	0.996528	0.986047	0.993752	0.822931	0.793759	0.831201	0.828287	0.825524	0	0.882199	0.924475	0.980989	0.880519	0.880282	0.886049	0.886121	0.886887	0.887747	0.887541	0.895859	0.887151	0.92957	0.91293	0.913166	0.941384	0.929071	0.924109	0.968022	0.960261	0.947685	0.936765	0.99591	0.964253	1.14585	1.10571	1.13881	1.14482	1.10326	1.10648	1.06412	1.06523	1.06811	1.06712	1.0612	1.06718	1.0724	1.07941	1.06797	1.08073	1.07932	1.07917	1.07813	1.07772	1.09928	1.07852	1.09507	1.07927	1.09097	1.07085	1.09193	1.07792	1.07902	1.08998	1.05413	1.06309	1.05677	1.03809	1.03767	1.03788	1.04497	1.05007	1.0449	1.05132	1.04587	1.04943	1.09347	1.10447	1.09657	1.09449	1.07389	1.08047
ERR617660	0.831792	0.875918	0.830175	0.875463	0.872524	0.835764	0.874029	0.875106	0.87449	0.903297	0.872683	0.896318	0.992516	0.999952	0.996243	0.997107	0.98497	0.993455	0.912471	0.890865	0.922115	0.917261	0.91473	0.882199	0	0.823063	0.893423	0.766443	0.765392	0.77629	0.838539	0.839131	0.841443	0.839152	0.850272	0.838903	0.907833	0.889015	0.889673	0.920569	0.907626	0.902769	0.949049	0.941514	0.928132	0.916389	0.978106	0.94553	1.12971	1.09109	1.12298	1.12883	1.08821	1.09149	1.04636	1.04688	1.0506	1.04958	1.04341	1.04944	1.05657	1.0633	1.05171	1.06461	1.06325	1.06336	1.06085	1.05963	1.08271	1.06147	1.07792	1.06168	1.0769	1.05703	1.07796	1.06433	1.06528	1.07591	1.0438	1.05331	1.04653	1.02722	1.02707	1.02743	1.04265	1.04858	1.04216	1.05044	1.04513	1.04887	1.07682	1.08903	1.08012	1.0783	1.05673	1.06397
ERR617657	0.875559	0.909801	0.874636	0.909318	0.907624	0.878656	0.914299	0.914706	0.914051	0.937954	0.913118	0.933363	1.01915	1.02575	1.02244	1.02311	1.01303	1.01996	0.948689	0.931562	0.958529	0.952626	0.950229	0.924475	0.823063	0	0.921549	0.821656	0.820827	0.823134	0.882954	0.883841	0.886009	0.883548	0.892491	0.883792	0.940576	0.925721	0.926361	0.952396	0.940377	0.936507	0.980509	0.974693	0.964243	0.953775	1.00659	0.977519	1.15159	1.11865	1.14498	1.15089	1.11597	1.11879	1.0807	1.08166	1.08429	1.08346	1.07789	1.08346	1.09052	1.09735	1.08631	1.09848	1.09748	1.09734	1.09276	1.09221	1.11251	1.0934	1.10823	1.09374	1.10986	1.09097	1.1103	1.09766	1.09841	1.10865	1.07658	1.08505	1.07919	1.0625	1.06226	1.06278	1.07803	1.08368	1.07774	1.08418	1.07932	1.0827	1.10701	1.11814	1.10971	1.1079	1.08964	1.09615
ERR617656	0.946263	0.972075	0.944358	0.972415	0.970373	0.94633	0.972553	0.976238	0.975432	0.990962	0.972018	0.984986	1.06466	1.0693	1.06803	1.06911	1.06056	1.06598	0.998238	0.984611	0.998286	1.0012	0.999369	0.980989	0.893423	0.921549	0	0.892004	0.892184	0.900829	0.94348	0.942097	0.946567	0.943355	0.949392	0.944002	0.999109	0.98593	0.987469	1.00126	0.998647	0.993964	1.03393	1.02543	1.01712	1.01081	1.0487	1.03144	1.20552	1.17036	1.20202	1.20521	1.1677	1.17001	1.12482	1.12492	1.12899	1.12783	1.12292	1.12786	1.13221	1.13534	1.12893	1.13614	1.13542	1.13533	1.13695	1.13515	1.15184	1.13705	1.14688	1.13621	1.14556	1.13306	1.1461	1.1371	1.13922	1.14496	1.12168	1.12947	1.12329	1.10863	1.10821	1.1086	1.12187	1.12321	1.12143	1.12911	1.12549	1.12782	1.14917	1.15644	1.15102	1.15	1.13358	1.13765
ERR617659	0.829642	0.873942	0.827938	0.873621	0.870605	0.83376	0.872239	0.873243	0.872812	0.901377	0.870693	0.894888	0.991337	0.999008	0.995298	0.996131	0.984063	0.992662	0.911042	0.889481	0.920392	0.916147	0.913398	0.880519	0.766443	0.821656	0.892004	0	0.763369	0.773702	0.836391	0.836596	0.839204	0.836734	0.84827	0.836724	0.906361	0.887083	0.888104	0.919277	0.906321	0.900902	0.94758	0.939727	0.926483	0.914162	0.976772	0.943811	1.12891	1.08978	1.1221	1.12817	1.08692	1.09019	1.04485	1.0454	1.0489	1.04807	1.0417	1.04787	1.05523	1.06199	1.05009	1.0631	1.06184	1.06199	1.06005	1.05868	1.08173	1.06056	1.07713	1.0605	1.0757	1.05548	1.0766	1.06259	1.06388	1.07446	1.04226	1.05188	1.04509	1.02553	1.02574	1.02582	1.04125	1.04721	1.04097	1.04908	1.04361	1.04733	1.07542	1.08747	1.07857	1.07653	1.05508	1.06249
ERR617658	0.828727	0.872792	0.826998	0.872322	0.86954	0.832663	0.871247	0.872065	0.871383	0.900503	0.869717	0.893599	0.990666	0.998134	0.99435	0.995069	0.983029	0.991638	0.910513	0.888605	0.919998	0.91551	0.91274	0.880282	0.765392	0.820827	0.892184	0.763369	0	0.773133	0.83511	0.835636	0.838458	0.835768	0.847582	0.835568	0.905996	0.886968	0.887811	0.919007	0.905921	0.9009	0.946344	0.938785	0.925846	0.913254	0.975743	0.942888	1.12772	1.08899	1.12079	1.12724	1.08593	1.08922	1.04404	1.04512	1.04838	1.0472	1.04116	1.04743	1.0547	1.06127	1.04957	1.06289	1.06132	1.06153	1.05943	1.05823	1.08123	1.05985	1.07656	1.05988	1.07526	1.0549	1.07618	1.0622	1.06369	1.07458	1.04155	1.05119	1.04434	1.02488	1.02446	1.02503	1.04014	1.04607	1.03999	1.04792	1.04255	1.04611	1.07486	1.08727	1.07806	1.07633	1.05484	1.0621
ERR617655	0.829752	0.872823	0.829806	0.872609	0.870359	0.835046	0.876848	0.875845	0.875257	0.905407	0.875144	0.900189	0.992009	0.999839	0.995521	0.995916	0.98423	0.992716	0.915999	0.895509	0.929909	0.920922	0.918081	0.886049	0.77629	0.823134	0.900829	0.773702	0.773133	0	0.841829	0.843386	0.844123	0.842867	0.854275	0.84232	0.905844	0.889105	0.888795	0.923031	0.905584	0.90237	0.948786	0.943905	0.931085	0.917528	0.980664	0.945168	1.11836	1.08511	1.10961	1.11734	1.08247	1.08594	1.04758	1.04907	1.05107	1.05045	1.04495	1.05037	1.05924	1.068	1.05454	1.06915	1.06792	1.06814	1.06148	1.06139	1.08391	1.06233	1.07961	1.06326	1.08159	1.05946	1.08253	1.06747	1.0675	1.08026	1.04494	1.05398	1.04823	1.02926	1.02911	1.02957	1.04534	1.05328	1.04505	1.0513	1.04565	1.05021	1.07666	1.08993	1.07998	1.07786	1.05664	1.06509
ERR636774	0.837083	0.876261	0.835917	0.875345	0.872811	0.840994	0.847985	0.847698	0.847743	0.872711	0.847126	0.867485	0.996196	1.00397	1.00112	1.00113	0.989646	0.997747	0.91588	0.894382	0.92484	0.920858	0.918181	0.886121	0.838539	0.882954	0.94348	0.836391	0.83511	0.841829	0	0.783775	0.784923	0.779872	0.794411	0.779506	0.925658	0.906792	0.907631	0.937746	0.925336	0.92001	0.951488	0.943917	0.931147	0.919255	0.980921	0.947908	1.13787	1.09703	1.13098	1.1371	1.0947	1.09764	1.05557	1.05637	1.05933	1.05879	1.05253	1.05862	1.06464	1.07178	1.05977	1.07328	1.07205	1.07196	1.07023	1.06988	1.09206	1.07064	1.0876	1.0715	1.08606	1.06615	1.08706	1.07338	1.07412	1.08542	1.04087	1.0502	1.044	1.02359	1.02297	1.02349	1.02933	1.03465	1.02948	1.03556	1.03081	1.03381	1.08906	1.10075	1.09208	1.09035	1.06985	1.0767
ERR636771	0.838665	0.877879	0.837428	0.877174	0.87469	0.841827	0.84968	0.849732	0.849715	0.874256	0.848554	0.868358	0.998667	1.00539	1.00296	1.00317	0.991803	0.999547	0.916822	0.894595	0.923664	0.9213	0.918608	0.886887	0.839131	0.883841	0.942097	0.836596	0.835636	0.843386	0.783775	0	0.783474	0.783858	0.792358	0.784503	0.927753	0.909123	0.909381	0.938679	0.927553	0.921608	0.95353	0.94433	0.931908	0.920847	0.981422	0.949882	1.14336	1.10148	1.13707	1.14266	1.09878	1.10181	1.05685	1.05746	1.06097	1.05977	1.05406	1.05964	1.06546	1.07196	1.06046	1.07334	1.07186	1.07207	1.07212	1.07125	1.09324	1.0726	1.08863	1.07268	1.08622	1.06683	1.08712	1.07349	1.07485	1.08528	1.04136	1.05096	1.04439	1.02422	1.02372	1.02397	1.03027	1.03474	1.03037	1.03698	1.03234	1.03549	1.09011	1.10119	1.09301	1.09141	1.07056	1.07736
ERR636770	0.837948	0.877128	0.837105	0.876179	0.873397	0.841945	0.850255	0.849205	0.849505	0.874477	0.849064	0.869168	0.997796	1.005	1.00208	1.00231	0.990976	0.998959	0.917993	0.896154	0.927102	0.922415	0.91947	0.887747	0.841443	0.886009	0.946567	0.839204	0.838458	0.844123	0.784923	0.783474	0	0.78573	0.7933	0.78573	0.928177	0.910231	0.910682	0.940776	0.92787	0.922933	0.952928	0.945282	0.932988	0.920928	0.982489	0.949758	1.13821	1.09814	1.13101	1.13736	1.09583	1.09892	1.05753	1.05817	1.06117	1.06021	1.05411	1.06023	1.06643	1.07396	1.06153	1.07539	1.07404	1.0739	1.07208	1.07169	1.09388	1.07231	1.08948	1.07356	1.08856	1.06815	1.0894	1.07529	1.07584	1.08739	1.04155	1.05074	1.04459	1.02475	1.02405	1.02424	1.03055	1.0364	1.03049	1.03639	1.03155	1.03494	1.09063	1.10198	1.09341	1.09137	1.07106	1.07826
ERR636772	0.837914	0.876784	0.83636	0.876486	0.873794	0.841278	0.848938	0.849083	0.849056	0.874232	0.847823	0.868433	0.996742	1.00451	1.00167	1.00174	0.990367	0.998686	0.917242	0.895333	0.925778	0.921781	0.919514	0.887541	0.839152	0.883548	0.943355	0.836734	0.835768	0.842867	0.779872	0.783858	0.78573	0	0.795106	0.780345	0.926701	0.908086	0.90858	0.938811	0.926663	0.921154	0.952313	0.944081	0.931438	0.919916	0.980867	0.948829	1.13957	1.09855	1.13287	1.13904	1.09632	1.09927	1.05672	1.05717	1.06062	1.0597	1.05344	1.0594	1.06528	1.07228	1.06032	1.07346	1.07222	1.07204	1.071	1.07065	1.09279	1.07194	1.08835	1.07195	1.08678	1.06678	1.08777	1.07371	1.07482	1.08603	1.04131	1.05036	1.04417	1.02377	1.02303	1.02378	1.03023	1.03546	1.03004	1.03618	1.03159	1.03444	1.08948	1.10128	1.09248	1.09061	1.07044	1.07719
ERR636769	0.847814	0.883669	0.846469	0.882683	0.880846	0.850679	0.858097	0.858287	0.858331	0.880614	0.856961	0.875081	1.00433	1.01107	1.00871	1.00884	0.99785	1.00554	0.924266	0.903513	0.931976	0.929126	0.926247	0.895859	0.850272	0.892491	0.949392	0.84827	0.847582	0.854275	0.794411	0.792358	0.7933	0.795106	0	0.794759	0.938215	0.920388	0.921008	0.948895	0.937783	0.93253	0.959681	0.951518	0.939385	0.928716	0.986824	0.956442	1.14795	1.10792	1.1416	1.14732	1.10563	1.10837	1.06575	1.06647	1.0694	1.06851	1.0627	1.06863	1.07416	1.08074	1.06981	1.08218	1.08078	1.08094	1.08007	1.07926	1.10091	1.08065	1.09629	1.08109	1.09508	1.07579	1.09588	1.08256	1.08343	1.09416	1.04703	1.05624	1.05007	1.03044	1.02995	1.03026	1.03655	1.04106	1.03658	1.04245	1.03797	1.04105	1.098	1.10884	1.10096	1.09901	1.07913	1.08549
ERR636773	0.837598	0.877051	0.836484	0.876339	0.873399	0.840906	0.848943	0.848751	0.848866	0.873955	0.848002	0.868272	0.996575	1.0042	1.00131	1.00151	0.989913	0.998406	0.917063	0.895357	0.925919	0.921745	0.919226	0.887151	0.838903	0.883792	0.944002	0.836724	0.835568	0.84232	0.779506	0.784503	0.78573	0.780345	0.794759	0	0.92705	0.908081	0.908764	0.93881	0.926649	0.921292	0.951991	0.943566	0.93096	0.919078	0.980699	0.948045	1.1389	1.09826	1.132	1.138	1.09582	1.09876	1.05661	1.05732	1.06036	1.05945	1.05354	1.05963	1.06539	1.07258	1.06063	1.07373	1.07246	1.07267	1.07107	1.07058	1.09275	1.07144	1.08837	1.07208	1.08698	1.06709	1.08781	1.07398	1.07492	1.0859	1.04104	1.05015	1.0443	1.02383	1.02325	1.02326	1.02997	1.03528	1.02996	1.0362	1.03144	1.03462	1.09002	1.1014	1.0929	1.0914	1.07062	1.07739
ERR636646	0.915848	0.952399	0.915873	0.95195	0.950358	0.921111	0.931128	0.930618	0.929561	0.958983	0.929636	0.955016	1.03684	1.04222	1.03861	1.03889	1.03009	1.03654	0.954173	0.938297	0.968151	0.957251	0.955836	0.92957	0.907833	0.940576	0.999109	0.906361	0.905996	0.905844	0.925658	0.927753	0.928177	0.926701	0.938215	0.92705	0	0.782598	0.78268	0.817678	0.79485	0.794636	0.995291	0.992632	0.981872	0.971082	1.02371	0.992179	1.11127	1.07496	1.10318	1.11137	1.07256	1.07623	1.04565	1.04668	1.04934	1.04778	1.04264	1.04816	1.03721	1.04432	1.03265	1.04605	1.04445	1.04501	1.07145	1.07103	1.0928	1.07142	1.08919	1.07245	1.05411	1.03583	1.05506	1.04185	1.04247	1.05385	1.0927	1.10104	1.09578	1.08008	1.08014	1.08044	1.07342	1.08222	1.0728	1.08022	1.07421	1.07802	1.06701	1.08061	1.07061	1.06906	1.04732	1.05524
ERR636648	0.8996	0.939622	0.899287	0.939482	0.937531	0.904768	0.914205	0.914022	0.913291	0.945066	0.913267	0.939859	1.02513	1.03169	1.02779	1.02805	1.01862	1.02541	0.939528	0.922266	0.952651	0.943489	0.941444	0.91293	0.889015	0.925721	0.98593	0.887083	0.886968	0.889105	0.906792	0.909123	0.910231	0.908086	0.920388	0.908081	0.782598	0	0.765016	0.802979	0.782797	0.778442	0.982745	0.978645	0.967362	0.956266	1.01193	0.979191	1.10526	1.06528	1.09722	1.10539	1.06269	1.06641	1.03157	1.03237	1.03552	1.03384	1.02785	1.03417	1.02366	1.03081	1.01894	1.0327	1.03084	1.03127	1.05816	1.05807	1.08084	1.05836	1.07653	1.05909	1.04132	1.02232	1.04224	1.02844	1.02949	1.04105	1.0803	1.08926	1.08344	1.06629	1.0667	1.06701	1.05938	1.06786	1.05894	1.0676	1.06091	1.06476	1.05516	1.06877	1.05901	1.05725	1.03449	1.04206
ERR636643	0.899506	0.939991	0.899331	0.939541	0.937842	0.904769	0.914495	0.913726	0.913245	0.945144	0.913187	0.939757	1.02594	1.03208	1.02827	1.02827	1.01894	1.02604	0.940242	0.922515	0.953742	0.943736	0.941956	0.913166	0.889673	0.926361	0.987469	0.888104	0.887811	0.888795	0.907631	0.909381	0.910682	0.90858	0.921008	0.908764	0.78268	0.765016	0	0.800635	0.783388	0.775738	0.982694	0.978872	0.967485	0.956376	1.01246	0.979434	1.10457	1.06476	1.09618	1.10458	1.06205	1.06591	1.03091	1.03192	1.03501	1.03343	1.0277	1.03395	1.0234	1.03064	1.01853	1.0326	1.03081	1.03121	1.05783	1.0576	1.08036	1.05821	1.07606	1.05894	1.04104	1.02199	1.0422	1.02822	1.02927	1.04093	1.08	1.0886	1.08287	1.0662	1.0663	1.06639	1.05954	1.06781	1.05886	1.06707	1.06088	1.0644	1.05456	1.06823	1.05852	1.05666	1.03379	1.04189
ERR636645	0.934064	0.968021	0.932696	0.968382	0.966787	0.937129	0.943193	0.944244	0.94371	0.970188	0.9423	0.964885	1.04748	1.05317	1.05041	1.05081	1.04197	1.0481	0.963831	0.9485	0.972664	0.966878	0.965318	0.941384	0.920569	0.952396	1.00126	0.919277	0.919007	0.923031	0.937746	0.938679	0.940776	0.938811	0.948895	0.93881	0.817678	0.802979	0.800635	0	0.81802	0.809891	1.00838	1.00301	0.993021	0.98433	1.03211	1.00493	1.13446	1.09188	1.12862	1.13463	1.08925	1.09273	1.05483	1.055	1.05945	1.05751	1.05194	1.05792	1.04384	1.04852	1.0397	1.04997	1.04865	1.0492	1.08105	1.07994	1.10081	1.08096	1.09642	1.08111	1.05785	1.04281	1.05846	1.04738	1.04921	1.05786	1.10204	1.11008	1.10447	1.08882	1.08897	1.08914	1.08246	1.08842	1.08228	1.09072	1.08544	1.08829	1.07599	1.08747	1.07964	1.07806	1.05643	1.06287
ERR636647	0.915272	0.951974	0.915431	0.951805	0.949686	0.920919	0.930445	0.929679	0.928829	0.958656	0.929316	0.95403	1.03617	1.04207	1.03809	1.03839	1.02955	1.03602	0.95356	0.938218	0.967712	0.956749	0.955317	0.929071	0.907626	0.940377	0.998647	0.906321	0.905921	0.905584	0.925336	0.927553	0.92787	0.926663	0.937783	0.926649	0.79485	0.782797	0.783388	0.81802	0	0.795407	0.995467	0.992662	0.982125	0.971225	1.02353	0.992143	1.11098	1.07453	1.10296	1.11114	1.07204	1.07571	1.0449	1.04639	1.04859	1.04727	1.04193	1.04772	1.03659	1.04405	1.03227	1.04578	1.04422	1.04457	1.07095	1.07081	1.0925	1.07083	1.08858	1.07209	1.05382	1.03566	1.05491	1.04185	1.04208	1.05366	1.09176	1.10009	1.09501	1.07909	1.07946	1.0795	1.0728	1.08126	1.07232	1.07976	1.07349	1.07721	1.06644	1.08006	1.07033	1.0685	1.04677	1.05461
ERR636644	0.912478	0.950484	0.912103	0.950307	0.948495	0.917429	0.925848	0.925663	0.924842	0.954874	0.924608	0.949927	1.03421	1.03985	1.03671	1.03645	1.02756	1.0343	0.94925	0.93252	0.961543	0.952887	0.950824	0.924109	0.902769	0.936507	0.993964	0.900902	0.9009	0.90237	0.92001	0.921608	0.922933	0.921154	0.93253	0.921292	0.794636	0.778442	0.775738	0.809891	0.795407	0	0.9924	0.988793	0.977812	0.967403	1.02026	0.989248	1.11399	1.07442	1.10657	1.11406	1.07181	1.07525	1.03999	1.04119	1.0443	1.04272	1.03695	1.0433	1.03112	1.03754	1.02628	1.03945	1.03776	1.03815	1.0664	1.0662	1.08837	1.06661	1.08415	1.0676	1.04737	1.02977	1.04859	1.03556	1.03671	1.04751	1.08884	1.09734	1.09196	1.07539	1.07561	1.07583	1.06829	1.07603	1.06765	1.07599	1.06973	1.07332	1.06274	1.0756	1.0663	1.06495	1.04229	1.04994
ERR613356	0.942626	0.972043	0.942212	0.971463	0.970009	0.945794	0.952727	0.951661	0.951825	0.972903	0.951748	0.969517	0.944546	0.947843	0.947853	0.948106	0.941497	0.945641	0.989858	0.975133	1.00282	0.993822	0.992083	0.968022	0.949049	0.980509	1.03393	0.94758	0.946344	0.948786	0.951488	0.95353	0.952928	0.952313	0.959681	0.951991	0.995291	0.982745	0.982694	1.00838	0.995467	0.9924	0	0.79696	0.788133	0.779508	0.821134	0.793873	1.12985	1.09272	1.12363	1.12911	1.09021	1.09336	1.08843	1.08946	1.09053	1.08997	1.08555	1.09025	1.09212	1.09964	1.08783	1.10042	1.0993	1.10001	1.09381	1.09353	1.11317	1.09417	1.1097	1.09494	1.10719	1.08802	1.108	1.09534	1.09501	1.10608	1.07985	1.08745	1.0826	1.0662	1.06607	1.06612	1.06831	1.07575	1.06798	1.07346	1.0688	1.07222	1.09011	1.10251	1.09314	1.09172	1.07294	1.07966
ERR613354	0.937065	0.967836	0.935635	0.967686	0.966086	0.939879	0.945182	0.945406	0.945988	0.965741	0.944527	0.961935	0.942612	0.946323	0.946987	0.947169	0.939969	0.944498	0.983337	0.966527	0.992951	0.986993	0.985366	0.960261	0.941514	0.974693	1.02543	0.939727	0.938785	0.943905	0.943917	0.94433	0.945282	0.944081	0.951518	0.943566	0.992632	0.978645	0.978872	1.00301	0.992662	0.988793	0.79696	0	0.778782	0.770485	0.819075	0.793902	1.13661	1.09454	1.1313	1.136	1.09202	1.09495	1.08333	1.08384	1.08633	1.08552	1.08061	1.0858	1.08657	1.09278	1.0819	1.09344	1.09244	1.09285	1.08996	1.08926	1.10869	1.09042	1.10519	1.09039	1.10055	1.08272	1.10154	1.08931	1.09005	1.09947	1.07382	1.08202	1.07643	1.05935	1.05948	1.05909	1.06187	1.06766	1.0618	1.06791	1.06335	1.06657	1.08629	1.09783	1.08922	1.0883	1.06853	1.07452
ERR613355	0.924171	0.957084	0.923222	0.956878	0.954895	0.92731	0.932041	0.93239	0.932576	0.95409	0.931372	0.949839	0.936491	0.940643	0.941068	0.941384	0.93352	0.938422	0.972598	0.955013	0.982719	0.976863	0.974739	0.947685	0.928132	0.964243	1.01712	0.926483	0.925846	0.931085	0.931147	0.931908	0.932988	0.931438	0.939385	0.93096	0.981872	0.967362	0.967485	0.993021	0.982125	0.977812	0.788133	0.778782	0	0.757735	0.812793	0.784142	1.12757	1.08422	1.12218	1.12703	1.08146	1.08467	1.07259	1.07322	1.07578	1.07501	1.06957	1.07491	1.07598	1.08276	1.07151	1.08329	1.08229	1.08307	1.07985	1.079	1.09959	1.08015	1.09574	1.08056	1.09061	1.07186	1.09163	1.07924	1.07989	1.08973	1.064	1.07248	1.06678	1.0488	1.04854	1.04858	1.05118	1.0571	1.05121	1.058	1.05279	1.05635	1.07698	1.089	1.07985	1.07887	1.05826	1.06438
ERR613353	0.910535	0.9452	0.9096	0.944616	0.943018	0.913956	0.9213	0.920653	0.920957	0.944354	0.920401	0.940155	0.931875	0.93614	0.935679	0.935512	0.927184	0.932991	0.963209	0.944594	0.97507	0.967456	0.965438	0.936765	0.916389	0.953775	1.01081	0.914162	0.913254	0.917528	0.919255	0.920847	0.920928	0.919916	0.928716	0.919078	0.971082	0.956266	0.956376	0.98433	0.971225	0.967403	0.779508	0.770485	0.757735	0	0.808628	0.775358	1.11681	1.07355	1.11039	1.11599	1.07072	1.07409	1.06362	1.0646	1.06657	1.06582	1.06045	1.06588	1.06738	1.07525	1.06235	1.07591	1.07473	1.07507	1.07094	1.07051	1.09182	1.07141	1.08821	1.072	1.08371	1.06327	1.08474	1.07105	1.07118	1.08253	1.05445	1.0627	1.05714	1.03907	1.03875	1.03885	1.04198	1.04886	1.04151	1.04785	1.04263	1.04644	1.06826	1.08107	1.07153	1.07024	1.04913	1.05616
ERR613358	0.976117	1.0016	0.974638	1.00163	0.999798	0.978062	0.981829	0.982633	0.982634	0.999508	0.980922	0.995855	0.958884	0.960457	0.962438	0.962936	0.957527	0.960502	1.01468	1.00106	1.02225	1.01798	1.01668	0.99591	0.978106	1.00659	1.0487	0.976772	0.975743	0.980664	0.980921	0.981422	0.982489	0.980867	0.986824	0.980699	1.02371	1.01193	1.01246	1.03211	1.02353	1.02026	0.821134	0.819075	0.812793	0.808628	0	0.818891	1.16161	1.12327	1.15737	1.16116	1.12073	1.12354	1.11177	1.11225	1.11456	1.11364	1.1095	1.11384	1.11459	1.12	1.11075	1.12059	1.11962	1.1202	1.11723	1.11621	1.1336	1.1174	1.1304	1.1174	1.12631	1.11096	1.12738	1.1166	1.11777	1.12587	1.10271	1.11007	1.1049	1.08964	1.08945	1.08934	1.09207	1.097	1.0923	1.09807	1.09394	1.09663	1.11182	1.12212	1.11473	1.11362	1.09556	1.10088
ERR613357	0.938824	0.968827	0.93873	0.968536	0.966897	0.942406	0.948666	0.947709	0.947881	0.969267	0.947613	0.965876	0.942096	0.945493	0.945852	0.945753	0.938852	0.943363	0.987207	0.971562	1.00003	0.990642	0.988905	0.964253	0.94553	0.977519	1.03144	0.943811	0.942888	0.945168	0.947908	0.949882	0.949758	0.948829	0.956442	0.948045	0.992179	0.979191	0.979434	1.00493	0.992143	0.989248	0.793873	0.793902	0.784142	0.775358	0.818891	0	1.12817	1.0901	1.1219	1.12734	1.08769	1.09084	1.08499	1.08598	1.08735	1.08672	1.08215	1.08676	1.08897	1.09644	1.08443	1.09695	1.09612	1.09668	1.09067	1.09021	1.11005	1.09117	1.10678	1.0919	1.1041	1.0848	1.10511	1.09223	1.09233	1.103	1.07716	1.08473	1.07952	1.06282	1.06291	1.06294	1.06537	1.07291	1.06497	1.0706	1.06554	1.06923	1.08751	1.0999	1.09051	1.08933	1.07007	1.07687
