	ERR618548	ERR618543	ERR618545	ERR618544	ERR618546	ERR618547	ERR607756	ERR607753	ERR607755	ERR607758	ERR607757	ERR607754	ERR605479	ERR605480	ERR605481	ERR605482	ERR605483	ERR605484	ERR612225	ERR612224	ERR612221	ERR612223	ERR612226	ERR612222	ERR626866	ERR626861	ERR626865	ERR626864	ERR626862	ERR626863	ERR637038	ERR637037	ERR637036	ERR637033	ERR637034	ERR637035	ERR608582	ERR608584	ERR608580	ERR608583	ERR608579	ERR608581	ERR606035	ERR606030	ERR606033	ERR606034	ERR606031	ERR606032	ERR617567	ERR617565	ERR617570	ERR617568	ERR617566	ERR617569	ERR607580	ERR607583	ERR607584	ERR607582	ERR607581	ERR607579	ERR613784	ERR613782	ERR613783	ERR613785	ERR613786	ERR613787	ERR630080	ERR630081	ERR630078	ERR630082	ERR630079	ERR630083	ERR613769	ERR613766	ERR613767	ERR613765	ERR613768	ERR626740	ERR612182	ERR612183	ERR612181	ERR612180	ERR612179	ERR612184	ERR630009	ERR630006	ERR630008	ERR630007	ERR630011	ERR630010	ERR612610	ERR612607	ERR612608	ERR612612	ERR612611	ERR612609
ERR618548	0	0.264499	0.268256	0.268886	0.257466	0.257633	0.51289	0.492419	0.480231	0.517327	0.516464	0.471067	0.485341	0.491042	0.501007	0.489285	0.489308	0.490308	0.532685	0.512451	0.483353	0.491819	0.51332	0.49604	0.394924	0.396266	0.39613	0.393425	0.398074	0.392978	0.508614	0.512344	0.514934	0.523933	0.506713	0.514935	0.528018	0.529154	0.529807	0.528316	0.566555	0.525246	0.440246	0.480887	0.438715	0.439696	0.437409	0.435864	0.525148	0.495765	0.505776	0.505389	0.628224	0.506406	0.559283	0.547725	0.548726	0.548897	0.558562	0.562642	0.55294	0.552566	0.546548	0.548032	0.54889	0.547593	0.51651	0.556266	0.515604	0.547423	0.522353	0.546655	0.532315	0.549678	0.533361	0.535118	0.530997	0.531302	0.544494	0.558469	0.545685	0.549456	0.54048	0.545895	0.505453	0.454513	0.456174	0.463392	0.48792	0.488573	0.540813	0.53791	0.550445	0.541377	0.542941	0.545782
ERR618543	0.264499	0	0.260737	0.26128	0.264874	0.265405	0.52104	0.501004	0.491175	0.525113	0.524224	0.481555	0.500238	0.504996	0.513791	0.503027	0.503425	0.503916	0.53762	0.521305	0.496357	0.504362	0.521684	0.5085	0.408292	0.409161	0.394471	0.392334	0.407336	0.402703	0.519847	0.523165	0.525712	0.533977	0.517686	0.526487	0.536406	0.537941	0.537145	0.536694	0.568612	0.533436	0.44653	0.488806	0.445351	0.446885	0.451629	0.450365	0.520058	0.49831	0.510218	0.510278	0.622757	0.511185	0.562748	0.554426	0.555415	0.555638	0.561118	0.5658	0.557633	0.555792	0.55175	0.551403	0.552455	0.550781	0.525645	0.562051	0.525809	0.556575	0.530762	0.556349	0.538832	0.555457	0.539795	0.542815	0.537723	0.540419	0.546414	0.556224	0.547468	0.551656	0.542662	0.546937	0.509132	0.464393	0.464559	0.4703	0.496899	0.496705	0.544514	0.545265	0.552552	0.544886	0.546867	0.552975
ERR618545	0.268256	0.260737	0	0.261071	0.269029	0.269054	0.518813	0.499404	0.490374	0.522693	0.521785	0.481253	0.50086	0.505026	0.512974	0.502817	0.503518	0.503786	0.534023	0.519557	0.497399	0.504529	0.519893	0.508636	0.408823	0.409384	0.388455	0.386498	0.405653	0.401214	0.518709	0.521868	0.524379	0.532206	0.516667	0.525211	0.536661	0.538174	0.536819	0.536813	0.564428	0.534036	0.44362	0.485352	0.442918	0.44443	0.453087	0.452166	0.516066	0.498812	0.509887	0.509995	0.616758	0.510867	0.560589	0.554196	0.555189	0.555573	0.558745	0.563243	0.555741	0.553536	0.550705	0.549423	0.550605	0.548716	0.524778	0.558199	0.525614	0.554446	0.529054	0.554336	0.539128	0.554332	0.540066	0.543315	0.538165	0.541979	0.544063	0.55195	0.545134	0.549211	0.54073	0.544311	0.503129	0.463003	0.461941	0.466533	0.493478	0.492891	0.543108	0.545954	0.550181	0.543349	0.545485	0.552854
ERR618544	0.268886	0.26128	0.261071	0	0.269765	0.269676	0.520351	0.501056	0.492053	0.52421	0.523316	0.482736	0.503275	0.507386	0.515377	0.50519	0.505904	0.506124	0.535043	0.521003	0.498983	0.506244	0.521207	0.510265	0.41109	0.411922	0.390501	0.388386	0.408057	0.403603	0.52075	0.523988	0.526308	0.534149	0.518643	0.52733	0.538291	0.539916	0.538432	0.538358	0.565715	0.535583	0.445348	0.487078	0.444614	0.446127	0.455105	0.454336	0.516876	0.499831	0.511335	0.511518	0.617396	0.512276	0.561868	0.555752	0.556699	0.557081	0.559995	0.564691	0.557199	0.554853	0.552129	0.55083	0.551992	0.550181	0.526647	0.559721	0.52743	0.556264	0.530853	0.556229	0.540442	0.555694	0.541348	0.544814	0.539432	0.543437	0.544572	0.552208	0.545612	0.549846	0.541239	0.544644	0.504631	0.465001	0.464036	0.468436	0.495406	0.494686	0.544084	0.547126	0.551003	0.544124	0.546444	0.554125
ERR618546	0.257466	0.264874	0.269029	0.269765	0	0.25735	0.515957	0.495204	0.4829	0.520357	0.519533	0.47348	0.487545	0.493565	0.503635	0.491748	0.491627	0.492641	0.535637	0.515358	0.485506	0.49408	0.51623	0.49851	0.397504	0.398739	0.399376	0.396947	0.40107	0.396075	0.511354	0.515063	0.517722	0.526766	0.509418	0.517727	0.530149	0.531532	0.532163	0.530602	0.569486	0.527444	0.443209	0.484065	0.441435	0.442374	0.439366	0.437789	0.527242	0.496765	0.507152	0.50681	0.630935	0.508052	0.561921	0.549924	0.550987	0.551131	0.5612	0.565372	0.555613	0.555266	0.549122	0.550644	0.551394	0.550216	0.519183	0.559681	0.518213	0.550354	0.525189	0.549694	0.534372	0.552242	0.535361	0.537211	0.533184	0.533085	0.546815	0.560968	0.547833	0.551791	0.542846	0.548181	0.509259	0.457459	0.459437	0.466792	0.491307	0.492012	0.542907	0.539645	0.552527	0.54361	0.544778	0.547814
ERR618547	0.257633	0.265405	0.269054	0.269676	0.25735	0	0.513557	0.492998	0.480774	0.518059	0.517148	0.471439	0.485101	0.491066	0.501009	0.489308	0.489364	0.490162	0.533168	0.51279	0.483152	0.491655	0.513741	0.495792	0.394916	0.396125	0.397427	0.39488	0.398261	0.393234	0.508888	0.512581	0.515259	0.524377	0.507029	0.515092	0.527684	0.528888	0.529587	0.528077	0.566897	0.525032	0.440485	0.481016	0.439035	0.439716	0.43691	0.435365	0.525963	0.495533	0.505352	0.505047	0.629212	0.506145	0.55957	0.547869	0.548831	0.549065	0.558951	0.563015	0.55328	0.55291	0.546805	0.548357	0.549158	0.54805	0.516221	0.556216	0.515409	0.5473	0.522347	0.546546	0.532401	0.549771	0.533297	0.535095	0.531062	0.531074	0.544825	0.55933	0.545875	0.549743	0.540752	0.546257	0.505899	0.454071	0.4561	0.463455	0.487688	0.488536	0.541006	0.537691	0.550654	0.541735	0.542922	0.545668
ERR607756	0.51289	0.52104	0.518813	0.520351	0.515957	0.513557	0	0.23488	0.248252	0.229434	0.229317	0.254337	0.354497	0.342161	0.329633	0.338044	0.341614	0.338071	0.328196	0.31319	0.351123	0.338824	0.313905	0.339487	0.363813	0.364537	0.390359	0.388624	0.358749	0.360934	0.289964	0.288684	0.287995	0.282856	0.291442	0.292423	0.445484	0.445589	0.44462	0.446721	0.467447	0.447396	0.34229	0.325824	0.338807	0.341348	0.355971	0.361675	0.562872	0.546342	0.533574	0.53249	0.627627	0.532634	0.413499	0.412553	0.412454	0.413223	0.419062	0.4156	0.427556	0.431739	0.428043	0.430921	0.429819	0.431044	0.372346	0.376828	0.376853	0.364804	0.366779	0.36558	0.418618	0.410523	0.417688	0.420864	0.419173	0.437247	0.4728	0.497464	0.471256	0.46923	0.470848	0.476478	0.388794	0.363753	0.363405	0.365178	0.36332	0.365427	0.469471	0.46781	0.473859	0.471075	0.468128	0.461288
ERR607753	0.492419	0.501004	0.499404	0.501056	0.495204	0.492998	0.23488	0	0.238055	0.235791	0.23652	0.240998	0.344074	0.334234	0.325482	0.330376	0.333313	0.330485	0.337786	0.314861	0.33952	0.330353	0.316503	0.331976	0.347877	0.348755	0.381649	0.379326	0.346579	0.347569	0.28645	0.286182	0.28616	0.283808	0.28671	0.289774	0.436719	0.436919	0.436925	0.43792	0.467933	0.437792	0.336545	0.327568	0.331824	0.334718	0.340454	0.345484	0.553218	0.530807	0.519803	0.518673	0.625283	0.519126	0.415347	0.407864	0.408147	0.408549	0.420913	0.418279	0.426467	0.431234	0.424651	0.429739	0.428641	0.429895	0.366678	0.384065	0.36975	0.367345	0.364358	0.367161	0.412247	0.409573	0.41152	0.413552	0.412443	0.426554	0.470402	0.497497	0.469037	0.467665	0.467287	0.474607	0.391942	0.353747	0.35482	0.359893	0.361577	0.364131	0.464673	0.458955	0.470922	0.466368	0.463555	0.455228
ERR607755	0.480231	0.491175	0.490374	0.492053	0.4829	0.480774	0.248252	0.238055	0	0.250714	0.252045	0.235646	0.32958	0.322938	0.318903	0.32055	0.322289	0.320752	0.353721	0.321661	0.328419	0.322572	0.324506	0.323967	0.336336	0.337127	0.383128	0.380827	0.339904	0.340562	0.283752	0.284559	0.285196	0.28711	0.283823	0.286174	0.428627	0.428444	0.430052	0.429883	0.468675	0.429447	0.338052	0.33214	0.332558	0.334824	0.327774	0.331686	0.547088	0.517973	0.5069	0.505437	0.624102	0.506081	0.421957	0.407778	0.40806	0.40812	0.428311	0.425678	0.429747	0.435654	0.426071	0.433485	0.432336	0.433921	0.362272	0.391126	0.362968	0.36819	0.36331	0.366822	0.411079	0.412615	0.410645	0.410403	0.410822	0.418491	0.472216	0.5025	0.471176	0.469599	0.468161	0.477296	0.392403	0.341762	0.345246	0.353628	0.354586	0.358585	0.463524	0.452573	0.471645	0.465333	0.46228	0.450847
ERR607758	0.517327	0.525113	0.522693	0.52421	0.520357	0.518059	0.229434	0.235791	0.250714	0	0.228684	0.257341	0.357476	0.344735	0.331323	0.340457	0.344188	0.340505	0.327141	0.313801	0.354148	0.341365	0.314332	0.341955	0.367622	0.368242	0.392631	0.390997	0.361986	0.364167	0.291727	0.290401	0.289531	0.283623	0.293336	0.293986	0.447394	0.447312	0.446313	0.448628	0.467267	0.449476	0.344004	0.326302	0.340886	0.343118	0.359658	0.365503	0.564981	0.549633	0.536414	0.53541	0.628018	0.535516	0.413199	0.413395	0.41323	0.41402	0.418697	0.414935	0.427609	0.431892	0.428715	0.431096	0.430129	0.431445	0.373722	0.375598	0.378843	0.364723	0.367525	0.365574	0.420017	0.410715	0.419094	0.422448	0.420693	0.439238	0.473292	0.497441	0.471772	0.469623	0.471612	0.476936	0.389229	0.366893	0.366142	0.367214	0.365024	0.366741	0.470434	0.469509	0.474423	0.47189	0.469177	0.462589
ERR607757	0.516464	0.524224	0.521785	0.523316	0.519533	0.517148	0.229317	0.23652	0.252045	0.228684	0	0.258629	0.358564	0.345578	0.332081	0.341384	0.345178	0.341469	0.325559	0.31292	0.354872	0.341892	0.313574	0.342617	0.367559	0.367975	0.391363	0.389812	0.361506	0.363783	0.293193	0.291771	0.290801	0.284709	0.294905	0.295647	0.448044	0.448075	0.446798	0.449114	0.467379	0.450155	0.342804	0.32521	0.339643	0.341778	0.359651	0.36556	0.564712	0.549829	0.536746	0.535701	0.627668	0.53592	0.412323	0.413291	0.413159	0.41405	0.417736	0.414093	0.427272	0.431358	0.428488	0.43071	0.429654	0.430945	0.373879	0.375334	0.379225	0.365092	0.367619	0.365821	0.419851	0.41044	0.418966	0.422517	0.420537	0.439862	0.472411	0.496259	0.47077	0.468786	0.470698	0.475931	0.389433	0.367586	0.366906	0.367594	0.365646	0.36753	0.469938	0.46955	0.473767	0.471361	0.468606	0.462504
ERR607754	0.471067	0.481555	0.481253	0.482736	0.47348	0.471439	0.254337	0.240998	0.235646	0.257341	0.258629	0	0.330632	0.325432	0.322731	0.322661	0.324391	0.323164	0.359906	0.326122	0.327348	0.323842	0.329038	0.325735	0.33251	0.333171	0.381452	0.378764	0.338155	0.338109	0.288431	0.289546	0.290518	0.293756	0.287331	0.292132	0.428297	0.42827	0.4303	0.429643	0.473272	0.428033	0.339092	0.337847	0.332622	0.335601	0.324005	0.327441	0.544801	0.512372	0.503792	0.502229	0.626325	0.503051	0.424661	0.407723	0.408062	0.408096	0.430508	0.428777	0.431917	0.437704	0.426509	0.434681	0.433705	0.43512	0.363714	0.398801	0.363683	0.374983	0.366783	0.373365	0.409711	0.415019	0.409431	0.409296	0.40932	0.41589	0.472877	0.503771	0.471977	0.470744	0.46812	0.477962	0.400119	0.343266	0.347219	0.357845	0.361472	0.365791	0.463414	0.45045	0.47227	0.465074	0.462263	0.450799
ERR605479	0.485341	0.500238	0.50086	0.503275	0.487545	0.485101	0.354497	0.344074	0.32958	0.357476	0.358564	0.330632	0	0.244572	0.252064	0.246592	0.245491	0.246793	0.398993	0.355988	0.332851	0.334126	0.360668	0.333346	0.327071	0.326335	0.397002	0.394869	0.338666	0.339502	0.334068	0.336196	0.337297	0.34472	0.334085	0.334654	0.43986	0.438927	0.443493	0.440869	0.492462	0.44044	0.35584	0.355356	0.35032	0.350569	0.320881	0.322641	0.554156	0.514133	0.501159	0.499268	0.635985	0.499937	0.457293	0.434946	0.434893	0.434652	0.464287	0.461643	0.458848	0.466051	0.452801	0.463758	0.462113	0.464439	0.37612	0.422036	0.372447	0.390553	0.382396	0.387392	0.439289	0.445141	0.43956	0.435186	0.438744	0.434867	0.478697	0.515142	0.477793	0.475291	0.472627	0.485325	0.413282	0.344096	0.35262	0.366408	0.366109	0.371958	0.461859	0.441699	0.472312	0.463856	0.460081	0.442015
ERR605480	0.491042	0.504996	0.505026	0.507386	0.493565	0.491066	0.342161	0.334234	0.322938	0.344735	0.345578	0.325432	0.244572	0	0.245476	0.243792	0.243612	0.243749	0.384783	0.345455	0.332445	0.331259	0.349646	0.329802	0.328237	0.327472	0.391749	0.390209	0.336105	0.337805	0.326824	0.32838	0.329312	0.335146	0.327378	0.3273	0.438787	0.437877	0.441485	0.439778	0.485458	0.439963	0.348205	0.344294	0.343484	0.343603	0.322651	0.325168	0.553615	0.518224	0.504264	0.502383	0.631879	0.503004	0.448357	0.429864	0.429849	0.429838	0.455226	0.452046	0.451536	0.458367	0.446808	0.456588	0.454999	0.457236	0.371076	0.409794	0.368617	0.380926	0.37507	0.378485	0.435009	0.437642	0.435202	0.431681	0.43468	0.43412	0.472645	0.507554	0.471369	0.468624	0.467089	0.47898	0.40414	0.342327	0.349377	0.360862	0.359672	0.365014	0.457291	0.440499	0.466465	0.459178	0.455365	0.438906
ERR605481	0.501007	0.513791	0.512974	0.515377	0.503635	0.501009	0.329633	0.325482	0.318903	0.331323	0.332081	0.322731	0.252064	0.245476	0	0.24474	0.246081	0.244829	0.36897	0.334544	0.335119	0.330199	0.338174	0.328625	0.334861	0.334158	0.38996	0.388579	0.338408	0.340716	0.32182	0.322695	0.32322	0.326179	0.322566	0.321876	0.439521	0.43871	0.440778	0.440531	0.477794	0.441055	0.343366	0.333238	0.339821	0.339545	0.328373	0.331982	0.554894	0.525059	0.509926	0.508247	0.627898	0.508625	0.439041	0.425667	0.425547	0.426019	0.446029	0.442293	0.444747	0.450998	0.441894	0.449685	0.448139	0.450057	0.369169	0.397385	0.368635	0.372559	0.369874	0.370794	0.432168	0.4305	0.432245	0.429995	0.432124	0.435955	0.466293	0.499359	0.465036	0.461816	0.461974	0.472146	0.395447	0.344514	0.349543	0.357959	0.355082	0.35955	0.453454	0.440677	0.460645	0.455106	0.451346	0.436789
ERR605482	0.489285	0.503027	0.502817	0.50519	0.491748	0.489308	0.338044	0.330376	0.32055	0.340457	0.341384	0.322661	0.246592	0.243792	0.24474	0	0.242281	0.242052	0.380532	0.34183	0.331781	0.32965	0.346044	0.328687	0.327131	0.32685	0.388698	0.386741	0.334438	0.33583	0.325223	0.326768	0.32777	0.332519	0.325447	0.32574	0.43873	0.437875	0.441141	0.439662	0.484306	0.439624	0.345691	0.341265	0.34105	0.341117	0.321734	0.32457	0.553116	0.518159	0.504541	0.502718	0.631012	0.503411	0.446255	0.428414	0.428388	0.428526	0.453129	0.450088	0.450012	0.456768	0.445538	0.454726	0.453197	0.455258	0.371408	0.408743	0.369564	0.380787	0.374902	0.37844	0.433557	0.435882	0.433651	0.430528	0.433153	0.433701	0.470466	0.505183	0.469352	0.466739	0.465588	0.476812	0.403285	0.343086	0.349872	0.360661	0.359972	0.365035	0.455924	0.439782	0.465008	0.457698	0.45399	0.438234
ERR605483	0.489308	0.503425	0.503518	0.505904	0.491627	0.489364	0.341614	0.333313	0.322289	0.344188	0.345178	0.324391	0.245491	0.243612	0.246081	0.242281	0	0.242352	0.385026	0.345078	0.331748	0.330226	0.3495	0.329356	0.327552	0.327218	0.391403	0.389554	0.33611	0.337153	0.32656	0.328128	0.328958	0.33434	0.32653	0.326665	0.43932	0.438415	0.442002	0.440324	0.486214	0.440252	0.349204	0.345044	0.344253	0.344476	0.322318	0.324885	0.554203	0.518067	0.504526	0.502545	0.632644	0.503196	0.449548	0.430491	0.430488	0.430378	0.456465	0.453372	0.452578	0.459523	0.447795	0.45744	0.45597	0.458038	0.372684	0.411468	0.370235	0.382688	0.376646	0.380074	0.435468	0.43855	0.435646	0.432194	0.435121	0.434559	0.473187	0.508239	0.472125	0.469575	0.468	0.479587	0.405383	0.343693	0.350777	0.362155	0.361071	0.366305	0.457844	0.440826	0.46726	0.45976	0.456049	0.439502
ERR605484	0.490308	0.503916	0.503786	0.506124	0.492641	0.490162	0.338071	0.330485	0.320752	0.340505	0.341469	0.323164	0.246793	0.243749	0.244829	0.242052	0.242352	0	0.380904	0.342307	0.332239	0.330178	0.346322	0.329303	0.327415	0.327234	0.38886	0.386949	0.33482	0.336095	0.324744	0.326337	0.32713	0.331756	0.324813	0.325107	0.438949	0.438077	0.44121	0.439817	0.484071	0.439801	0.346487	0.341751	0.341667	0.341842	0.322685	0.325454	0.553694	0.518753	0.505075	0.503317	0.631492	0.503993	0.446527	0.428858	0.428789	0.428874	0.453602	0.450331	0.450106	0.456712	0.445617	0.45487	0.453378	0.455506	0.371682	0.408453	0.369818	0.380729	0.374867	0.378257	0.433946	0.436263	0.434012	0.431043	0.433674	0.434374	0.471093	0.50563	0.469837	0.467331	0.465954	0.477253	0.403262	0.343625	0.350244	0.361004	0.359922	0.365042	0.456375	0.440318	0.465341	0.458167	0.454485	0.438564
ERR612225	0.532685	0.53762	0.534023	0.535043	0.535637	0.533168	0.328196	0.337786	0.353721	0.327141	0.325559	0.359906	0.398993	0.384783	0.36897	0.380532	0.385026	0.380904	0	0.265164	0.33547	0.318238	0.261292	0.317204	0.406094	0.406238	0.406564	0.40588	0.392623	0.395744	0.372745	0.371218	0.370442	0.363103	0.375061	0.374503	0.436703	0.437253	0.431452	0.437193	0.423774	0.440777	0.348153	0.330464	0.349656	0.349285	0.393731	0.400614	0.521174	0.527384	0.511782	0.511916	0.568381	0.511411	0.383508	0.407058	0.406946	0.408775	0.3854	0.382018	0.403199	0.401829	0.411449	0.404675	0.404048	0.403816	0.393727	0.369361	0.402254	0.376455	0.381018	0.379355	0.415459	0.393107	0.414295	0.422183	0.416822	0.446458	0.414185	0.425086	0.412233	0.410296	0.416703	0.414735	0.408283	0.4094	0.405756	0.400845	0.399328	0.399211	0.422746	0.443609	0.419192	0.423456	0.421429	0.428792
ERR612224	0.512451	0.521305	0.519557	0.521003	0.515358	0.51279	0.31319	0.314861	0.321661	0.313801	0.31292	0.326122	0.355988	0.345455	0.334544	0.34183	0.345078	0.342307	0.265164	0	0.279743	0.266094	0.241148	0.265444	0.375299	0.375323	0.405471	0.403988	0.371659	0.373636	0.343341	0.342906	0.342688	0.339609	0.344814	0.344923	0.407205	0.407409	0.405474	0.408158	0.424265	0.410141	0.34018	0.326666	0.337715	0.337572	0.352423	0.357954	0.513744	0.50118	0.485874	0.485517	0.579142	0.485365	0.379872	0.382491	0.382244	0.383525	0.384966	0.381573	0.392432	0.395582	0.394425	0.395839	0.394893	0.395629	0.365679	0.372514	0.370022	0.35937	0.360234	0.359882	0.389724	0.378417	0.389194	0.392741	0.390668	0.410049	0.414881	0.440575	0.413311	0.411393	0.41363	0.41883	0.411191	0.383558	0.384455	0.386814	0.384879	0.387245	0.413896	0.417002	0.417497	0.415056	0.412108	0.407503
ERR612221	0.483353	0.496357	0.497399	0.498983	0.485506	0.483152	0.351123	0.33952	0.328419	0.354148	0.354872	0.327348	0.332851	0.332445	0.335119	0.331781	0.331748	0.332239	0.33547	0.279743	0	0.245904	0.28562	0.246653	0.357288	0.357513	0.417782	0.415382	0.368098	0.3681	0.351253	0.353377	0.354586	0.359921	0.350966	0.352777	0.39242	0.392204	0.395661	0.393769	0.446962	0.392682	0.361022	0.361851	0.354991	0.355501	0.329024	0.330915	0.506015	0.466644	0.454917	0.453695	0.595145	0.454317	0.411982	0.388586	0.38866	0.388731	0.418593	0.416764	0.412658	0.419199	0.40591	0.416498	0.415312	0.417138	0.367637	0.414173	0.36445	0.383008	0.374233	0.379942	0.391144	0.398792	0.391389	0.388362	0.390597	0.389929	0.435137	0.472543	0.434443	0.432879	0.429358	0.442055	0.435604	0.373335	0.380153	0.392355	0.393271	0.398843	0.422645	0.404459	0.434077	0.424309	0.420928	0.405027
ERR612223	0.491819	0.504362	0.504529	0.506244	0.49408	0.491655	0.338824	0.330353	0.322572	0.341365	0.341892	0.323842	0.334126	0.331259	0.330199	0.32965	0.330226	0.330178	0.318238	0.266094	0.245904	0	0.271467	0.243292	0.360092	0.361022	0.41538	0.413114	0.367835	0.367962	0.344657	0.346147	0.34686	0.350178	0.34485	0.345474	0.3934	0.393128	0.395141	0.39464	0.438091	0.394647	0.355483	0.350796	0.350041	0.350315	0.332845	0.335995	0.507555	0.474767	0.460907	0.460097	0.589542	0.460369	0.404326	0.386182	0.386141	0.386508	0.410992	0.408271	0.406531	0.412789	0.402171	0.410994	0.409824	0.411366	0.364747	0.400901	0.363028	0.37288	0.367934	0.370411	0.390298	0.392878	0.390182	0.388265	0.389932	0.393532	0.430334	0.465751	0.429318	0.427862	0.426103	0.436891	0.425629	0.372643	0.378014	0.38753	0.385895	0.390854	0.420605	0.406871	0.43023	0.422093	0.418794	0.404638
ERR612226	0.51332	0.521684	0.519893	0.521207	0.51623	0.513741	0.313905	0.316503	0.324506	0.314332	0.313574	0.329038	0.360668	0.349646	0.338174	0.346044	0.3495	0.346322	0.261292	0.241148	0.28562	0.271467	0	0.271055	0.377752	0.377724	0.404233	0.402768	0.373106	0.375037	0.346301	0.345911	0.345645	0.342028	0.348019	0.348169	0.410115	0.410392	0.408009	0.410899	0.42407	0.412959	0.338948	0.325678	0.337045	0.336853	0.355729	0.361632	0.513969	0.503348	0.488194	0.487911	0.577758	0.487697	0.379777	0.384805	0.384654	0.386139	0.384254	0.381096	0.393008	0.395624	0.395683	0.396185	0.395353	0.396029	0.3682	0.37188	0.373053	0.361233	0.362069	0.361718	0.392211	0.379676	0.391349	0.395693	0.393078	0.413989	0.413408	0.437711	0.411929	0.410055	0.412744	0.417015	0.410969	0.386326	0.386548	0.38832	0.38673	0.389024	0.413905	0.41902	0.416684	0.414867	0.412294	0.40905
ERR612222	0.49604	0.5085	0.508636	0.510265	0.49851	0.495792	0.339487	0.331976	0.323967	0.341955	0.342617	0.325735	0.333346	0.329802	0.328625	0.328687	0.329356	0.329303	0.317204	0.265444	0.246653	0.243292	0.271055	0	0.362	0.362261	0.417154	0.415148	0.368825	0.369813	0.345227	0.346686	0.347522	0.350875	0.345679	0.345755	0.3931	0.392892	0.394745	0.394189	0.436724	0.394758	0.355507	0.349576	0.350879	0.350379	0.333523	0.336688	0.507899	0.476417	0.461371	0.460407	0.588853	0.460694	0.402352	0.385288	0.385253	0.385466	0.409012	0.406324	0.405197	0.411482	0.401298	0.409861	0.408679	0.410291	0.362986	0.398584	0.361341	0.370416	0.365986	0.368008	0.390073	0.391041	0.390145	0.387922	0.389843	0.393439	0.42947	0.46474	0.42842	0.42604	0.425038	0.435864	0.423954	0.371693	0.377165	0.38649	0.384225	0.389327	0.419734	0.406555	0.428815	0.421316	0.417665	0.403445
ERR626866	0.394924	0.408292	0.408823	0.41109	0.397504	0.394916	0.363813	0.347877	0.336336	0.367622	0.367559	0.33251	0.327071	0.328237	0.334861	0.327131	0.327552	0.327415	0.406094	0.375299	0.357288	0.360092	0.377752	0.362	0	0.245168	0.305029	0.301835	0.253327	0.251769	0.349895	0.352803	0.355116	0.362451	0.348555	0.353806	0.429866	0.429622	0.432019	0.430322	0.47924	0.429083	0.340291	0.359305	0.33623	0.336831	0.326363	0.327802	0.514924	0.47797	0.471457	0.470159	0.608703	0.471064	0.451027	0.436308	0.436722	0.43689	0.454804	0.454913	0.446936	0.450958	0.440917	0.447773	0.447352	0.448255	0.378292	0.42293	0.377941	0.401734	0.383485	0.400268	0.431934	0.44031	0.432178	0.431968	0.431019	0.434036	0.475062	0.503974	0.474597	0.474309	0.469736	0.479621	0.398451	0.326776	0.33305	0.344677	0.358641	0.362041	0.465399	0.454543	0.475656	0.46686	0.465204	0.456635
ERR626861	0.396266	0.409161	0.409384	0.411922	0.398739	0.396125	0.364537	0.348755	0.337127	0.368242	0.367975	0.333171	0.326335	0.327472	0.334158	0.32685	0.327218	0.327234	0.406238	0.375323	0.357513	0.361022	0.377724	0.362261	0.245168	0	0.304715	0.302034	0.252497	0.251623	0.350835	0.353548	0.356024	0.363535	0.349624	0.35485	0.429652	0.42924	0.431817	0.429849	0.479565	0.428667	0.338783	0.359165	0.335079	0.335151	0.325248	0.326673	0.514008	0.47758	0.4712	0.469736	0.608674	0.470724	0.449522	0.43488	0.435396	0.435434	0.452963	0.453236	0.44575	0.449936	0.439734	0.446426	0.446104	0.447095	0.376901	0.422785	0.376412	0.401429	0.382249	0.399901	0.430766	0.438952	0.431168	0.430807	0.42991	0.432854	0.473504	0.502279	0.473202	0.472377	0.467939	0.478015	0.399159	0.325856	0.332269	0.344433	0.359377	0.362859	0.463802	0.45331	0.473958	0.46515	0.463609	0.455374
ERR626865	0.39613	0.394471	0.388455	0.390501	0.399376	0.397427	0.390359	0.381649	0.383128	0.392631	0.391363	0.381452	0.397002	0.391749	0.38996	0.388698	0.391403	0.38886	0.406564	0.405471	0.417782	0.41538	0.404233	0.417154	0.305029	0.304715	0	0.257478	0.283394	0.28347	0.39652	0.397613	0.399031	0.400784	0.395799	0.401087	0.466513	0.467094	0.462327	0.466056	0.468419	0.466729	0.348666	0.372961	0.350405	0.351141	0.388929	0.392578	0.486344	0.489527	0.48571	0.485782	0.567159	0.485812	0.457374	0.466997	0.467481	0.468571	0.456195	0.458082	0.459253	0.455944	0.460968	0.455392	0.455944	0.454534	0.41901	0.42578	0.425194	0.432026	0.414314	0.433632	0.463397	0.46065	0.463169	0.468917	0.463413	0.480289	0.471108	0.476663	0.470378	0.471419	0.469823	0.470343	0.376966	0.361178	0.355647	0.351501	0.375063	0.372094	0.473002	0.486838	0.473616	0.473016	0.474185	0.483364
ERR626864	0.393425	0.392334	0.386498	0.388386	0.396947	0.39488	0.388624	0.379326	0.380827	0.390997	0.389812	0.378764	0.394869	0.390209	0.388579	0.386741	0.389554	0.386949	0.40588	0.403988	0.415382	0.413114	0.402768	0.415148	0.301835	0.302034	0.257478	0	0.280929	0.280755	0.394485	0.395635	0.397203	0.399101	0.393808	0.399301	0.464577	0.465287	0.46085	0.464367	0.4688	0.464827	0.346961	0.371635	0.348484	0.349346	0.386265	0.390102	0.486441	0.487801	0.484304	0.48427	0.5687	0.484445	0.456747	0.465646	0.466413	0.467444	0.455748	0.457683	0.458147	0.455134	0.459636	0.45426	0.454826	0.453663	0.417775	0.425961	0.423722	0.431437	0.413185	0.4333	0.461711	0.459379	0.461427	0.466922	0.46148	0.478415	0.470166	0.476627	0.469251	0.470526	0.468613	0.46961	0.377745	0.359388	0.354018	0.350544	0.374238	0.371775	0.471676	0.485014	0.472786	0.471678	0.472977	0.481711
ERR626862	0.398074	0.407336	0.405653	0.408057	0.40107	0.398261	0.358749	0.346579	0.339904	0.361986	0.361506	0.338155	0.338666	0.336105	0.338408	0.334438	0.33611	0.33482	0.392623	0.371659	0.368098	0.367835	0.373106	0.368825	0.253327	0.252497	0.283394	0.280929	0	0.248262	0.352225	0.354398	0.356363	0.361269	0.351717	0.355888	0.43352	0.433367	0.433215	0.433578	0.467393	0.433786	0.330305	0.348426	0.328806	0.328585	0.338344	0.341029	0.504928	0.480774	0.472977	0.472022	0.593521	0.472648	0.441759	0.436733	0.43738	0.437907	0.444126	0.44439	0.440282	0.442202	0.437629	0.440277	0.439957	0.440106	0.378938	0.408408	0.381417	0.396077	0.379209	0.395891	0.433569	0.435398	0.433727	0.435441	0.433035	0.442186	0.465736	0.488662	0.464989	0.464103	0.461718	0.468982	0.379328	0.32493	0.327258	0.333096	0.348954	0.350502	0.45955	0.457725	0.466659	0.460922	0.45977	0.456339
ERR626863	0.392978	0.402703	0.401214	0.403603	0.396075	0.393234	0.360934	0.347569	0.340562	0.364167	0.363783	0.338109	0.339502	0.337805	0.340716	0.33583	0.337153	0.336095	0.395744	0.373636	0.3681	0.367962	0.375037	0.369813	0.251769	0.251623	0.28347	0.280755	0.248262	0	0.35345	0.355946	0.357879	0.363024	0.352709	0.357471	0.433797	0.433884	0.433534	0.433915	0.468431	0.433845	0.331919	0.351076	0.32989	0.330197	0.337563	0.340166	0.504161	0.478586	0.471687	0.470597	0.59363	0.47143	0.444202	0.438154	0.438569	0.439163	0.44691	0.447091	0.441907	0.444196	0.438688	0.441838	0.441578	0.441851	0.381077	0.411826	0.383402	0.399122	0.38209	0.399027	0.434204	0.437506	0.434398	0.435962	0.433572	0.441993	0.467099	0.490359	0.466339	0.466181	0.463128	0.470257	0.381827	0.326215	0.328498	0.335203	0.351005	0.352563	0.460797	0.458188	0.468425	0.462161	0.461122	0.457663
ERR637038	0.508614	0.519847	0.518709	0.52075	0.511354	0.508888	0.289964	0.28645	0.283752	0.291727	0.293193	0.288431	0.334068	0.326824	0.32182	0.325223	0.32656	0.324744	0.372745	0.343341	0.351253	0.344657	0.346301	0.345227	0.349895	0.350835	0.39652	0.394485	0.352225	0.35345	0	0.232772	0.232822	0.23695	0.23499	0.235128	0.45726	0.456692	0.458569	0.458378	0.495508	0.458602	0.366737	0.3565	0.362201	0.364122	0.359239	0.362907	0.57896	0.549091	0.53582	0.53455	0.652348	0.535057	0.453499	0.440312	0.440404	0.440382	0.46035	0.456733	0.457874	0.464203	0.454837	0.462634	0.461167	0.46293	0.378583	0.400499	0.379374	0.379336	0.378591	0.378184	0.444896	0.444224	0.444515	0.443341	0.444591	0.450877	0.504844	0.534907	0.503238	0.501021	0.500675	0.509937	0.395518	0.351631	0.355026	0.361733	0.359227	0.362749	0.495342	0.48367	0.503034	0.497215	0.493801	0.480868
ERR637037	0.512344	0.523165	0.521868	0.523988	0.515063	0.512581	0.288684	0.286182	0.284559	0.290401	0.291771	0.289546	0.336196	0.32838	0.322695	0.326768	0.328128	0.326337	0.371218	0.342906	0.353377	0.346147	0.345911	0.346686	0.352803	0.353548	0.397613	0.395635	0.354398	0.355946	0.232772	0	0.232508	0.235475	0.23484	0.235017	0.458742	0.45811	0.459777	0.459855	0.495527	0.460179	0.367772	0.35657	0.363369	0.365363	0.361983	0.366081	0.580659	0.551664	0.538353	0.536999	0.652997	0.537485	0.453204	0.440926	0.440916	0.441033	0.460055	0.456247	0.457939	0.464222	0.455233	0.462694	0.461337	0.462953	0.37957	0.399522	0.380543	0.378965	0.378891	0.377844	0.445799	0.444433	0.445425	0.444405	0.445606	0.452475	0.505339	0.534996	0.503649	0.501351	0.501164	0.510288	0.395274	0.353805	0.356885	0.362853	0.360129	0.363479	0.496212	0.485101	0.503589	0.498052	0.494538	0.482036
ERR637036	0.514934	0.525712	0.524379	0.526308	0.517722	0.515259	0.287995	0.28616	0.285196	0.289531	0.290801	0.290518	0.337297	0.329312	0.32322	0.32777	0.328958	0.32713	0.370442	0.342688	0.354586	0.34686	0.345645	0.347522	0.355116	0.356024	0.399031	0.397203	0.356363	0.357879	0.232822	0.232508	0	0.234971	0.234977	0.234722	0.459676	0.459083	0.460766	0.460847	0.495236	0.461267	0.368772	0.356237	0.36426	0.366298	0.363649	0.367795	0.581866	0.553572	0.539924	0.538675	0.653399	0.539134	0.453231	0.441618	0.441669	0.441805	0.460189	0.456277	0.45802	0.46439	0.45558	0.462927	0.461566	0.46316	0.380055	0.398457	0.381271	0.378512	0.379081	0.377678	0.446622	0.444587	0.446161	0.44528	0.446374	0.4536	0.505829	0.535359	0.504161	0.501741	0.501932	0.510798	0.394526	0.354703	0.357609	0.363326	0.359705	0.363015	0.496965	0.486346	0.504127	0.498815	0.495363	0.482898
ERR637033	0.523933	0.533977	0.532206	0.534149	0.526766	0.524377	0.282856	0.283808	0.28711	0.283623	0.284709	0.293756	0.34472	0.335146	0.326179	0.332519	0.33434	0.331756	0.363103	0.339609	0.359921	0.350178	0.342028	0.350875	0.362451	0.363535	0.400784	0.399101	0.361269	0.363024	0.23695	0.235475	0.234971	0	0.236857	0.236239	0.463148	0.462812	0.463335	0.464473	0.49339	0.464961	0.370342	0.354509	0.36636	0.368245	0.371076	0.375638	0.585455	0.560442	0.546214	0.545018	0.65281	0.545365	0.449996	0.44178	0.441706	0.442	0.456731	0.452712	0.456554	0.46238	0.455472	0.461613	0.460154	0.461773	0.382089	0.393576	0.384496	0.37646	0.379129	0.376252	0.447728	0.442899	0.447112	0.447052	0.447656	0.45767	0.505397	0.533377	0.503436	0.50108	0.50213	0.509867	0.392941	0.361045	0.362894	0.366138	0.362078	0.364695	0.498051	0.489695	0.504275	0.499844	0.496356	0.485049
ERR637034	0.506713	0.517686	0.516667	0.518643	0.509418	0.507029	0.291442	0.28671	0.283823	0.293336	0.294905	0.287331	0.334085	0.327378	0.322566	0.325447	0.32653	0.324813	0.375061	0.344814	0.350966	0.34485	0.348019	0.345679	0.348555	0.349624	0.395799	0.393808	0.351717	0.352709	0.23499	0.23484	0.234977	0.236857	0	0.234963	0.45693	0.456506	0.4582	0.458084	0.496592	0.457717	0.368702	0.359094	0.36378	0.366062	0.358746	0.362356	0.578675	0.547399	0.535028	0.53354	0.65341	0.534253	0.454665	0.440381	0.44039	0.44046	0.461441	0.458131	0.458445	0.464885	0.454766	0.463013	0.461623	0.463313	0.379207	0.403349	0.379695	0.381599	0.379739	0.380293	0.444479	0.44509	0.444152	0.44276	0.444112	0.449744	0.505547	0.535864	0.504118	0.501841	0.501236	0.510692	0.398258	0.352329	0.35599	0.36347	0.361819	0.365318	0.495856	0.483229	0.503706	0.497636	0.494378	0.481264
ERR637035	0.514935	0.526487	0.525211	0.52733	0.517727	0.515092	0.292423	0.289774	0.286174	0.293986	0.295647	0.292132	0.334654	0.3273	0.321876	0.32574	0.326665	0.325107	0.374503	0.344923	0.352777	0.345474	0.348169	0.345755	0.353806	0.35485	0.401087	0.399301	0.355888	0.357471	0.235128	0.235017	0.234722	0.236239	0.234963	0	0.458004	0.457461	0.459092	0.45925	0.494837	0.459682	0.370949	0.357843	0.366649	0.368262	0.362235	0.366273	0.581336	0.551641	0.537333	0.536018	0.652592	0.536446	0.45546	0.442588	0.442618	0.442614	0.462616	0.458579	0.45926	0.465807	0.456753	0.464608	0.463068	0.464915	0.379768	0.399671	0.380393	0.378193	0.378979	0.376767	0.447413	0.445632	0.447091	0.445441	0.44714	0.452644	0.507036	0.537189	0.505339	0.502838	0.503266	0.51221	0.393552	0.3521	0.355525	0.361359	0.35679	0.360462	0.497628	0.485787	0.505014	0.499531	0.495895	0.482335
ERR608582	0.528018	0.536406	0.536661	0.538291	0.530149	0.527684	0.445484	0.436719	0.428627	0.447394	0.448044	0.428297	0.43986	0.438787	0.439521	0.43873	0.43932	0.438949	0.436703	0.407205	0.39242	0.3934	0.410115	0.3931	0.429866	0.429652	0.466513	0.464577	0.43352	0.433797	0.45726	0.458742	0.459676	0.463148	0.45693	0.458004	0	0.241293	0.244523	0.241692	0.32332	0.243084	0.423958	0.428609	0.420724	0.420492	0.409714	0.411861	0.393828	0.345516	0.331909	0.330906	0.511585	0.330905	0.328909	0.300627	0.300654	0.30007	0.334488	0.335366	0.304843	0.312267	0.2959	0.307916	0.307176	0.309172	0.391844	0.429052	0.391023	0.406471	0.396113	0.404478	0.295963	0.308171	0.296018	0.292944	0.295066	0.295666	0.351189	0.394885	0.351632	0.350563	0.34481	0.359791	0.47463	0.427375	0.430815	0.440023	0.44282	0.446563	0.331456	0.313874	0.345474	0.333069	0.329627	0.315199
ERR608584	0.529154	0.537941	0.538174	0.539916	0.531532	0.528888	0.445589	0.436919	0.428444	0.447312	0.448075	0.42827	0.438927	0.437877	0.43871	0.437875	0.438415	0.438077	0.437253	0.407409	0.392204	0.393128	0.410392	0.392892	0.429622	0.42924	0.467094	0.465287	0.433367	0.433884	0.456692	0.45811	0.459083	0.462812	0.456506	0.457461	0.241293	0	0.244699	0.241215	0.324223	0.243393	0.424348	0.42876	0.421089	0.420685	0.409383	0.411624	0.395438	0.346929	0.33248	0.33158	0.512877	0.331421	0.329787	0.301002	0.301105	0.300432	0.335693	0.335875	0.305773	0.312986	0.29658	0.308986	0.30818	0.310346	0.391011	0.428429	0.390056	0.405535	0.395378	0.403476	0.296611	0.308404	0.296759	0.293401	0.295511	0.295614	0.352352	0.396498	0.352679	0.351588	0.345646	0.360803	0.474312	0.426511	0.430162	0.439236	0.441949	0.445713	0.332629	0.314409	0.346761	0.334293	0.330507	0.315641
ERR608580	0.529807	0.537145	0.536819	0.538432	0.532163	0.529587	0.44462	0.436925	0.430052	0.446313	0.446798	0.4303	0.443493	0.441485	0.440778	0.441141	0.442002	0.44121	0.431452	0.405474	0.395661	0.395141	0.408009	0.394745	0.432019	0.431817	0.462327	0.46085	0.433215	0.433534	0.458569	0.459777	0.460766	0.463335	0.4582	0.459092	0.244523	0.244699	0	0.244255	0.309149	0.245168	0.422484	0.425219	0.419533	0.41938	0.413676	0.416338	0.385476	0.347009	0.332214	0.331611	0.498933	0.331203	0.322233	0.300636	0.300786	0.300258	0.32746	0.327862	0.299092	0.304597	0.292596	0.301469	0.300978	0.302701	0.392401	0.422479	0.392554	0.403738	0.394706	0.4022	0.297122	0.304177	0.29682	0.295433	0.296484	0.301598	0.345186	0.38521	0.345012	0.34415	0.33978	0.352553	0.466993	0.42629	0.428544	0.435705	0.438216	0.441533	0.327812	0.31675	0.339066	0.329374	0.326003	0.315325
ERR608583	0.528316	0.536694	0.536813	0.538358	0.530602	0.528077	0.446721	0.43792	0.429883	0.448628	0.449114	0.429643	0.440869	0.439778	0.440531	0.439662	0.440324	0.439817	0.437193	0.408158	0.393769	0.39464	0.410899	0.394189	0.430322	0.429849	0.466056	0.464367	0.433578	0.433915	0.458378	0.459855	0.460847	0.464473	0.458084	0.45925	0.241692	0.241215	0.244255	0	0.322183	0.243214	0.424318	0.429219	0.421129	0.420922	0.410721	0.412999	0.392601	0.345568	0.331728	0.330714	0.51028	0.330618	0.328732	0.301165	0.301296	0.300629	0.334235	0.334714	0.304608	0.311437	0.29567	0.307108	0.306724	0.308842	0.392412	0.42885	0.391459	0.406858	0.396294	0.404787	0.296328	0.307837	0.296432	0.2938	0.295663	0.296502	0.350908	0.394345	0.351103	0.350087	0.344327	0.35918	0.474129	0.427071	0.430494	0.439395	0.442404	0.446312	0.331319	0.314536	0.34528	0.332974	0.329615	0.315558
ERR608579	0.566555	0.568612	0.564428	0.565715	0.569486	0.566897	0.467447	0.467933	0.468675	0.467267	0.467379	0.473272	0.492462	0.485458	0.477794	0.484306	0.486214	0.484071	0.423774	0.424265	0.446962	0.438091	0.42407	0.436724	0.47924	0.479565	0.468419	0.4688	0.467393	0.468431	0.495508	0.495527	0.495236	0.49339	0.496592	0.494837	0.32332	0.324223	0.309149	0.322183	0	0.329574	0.44082	0.431514	0.443004	0.441719	0.467905	0.472943	0.36882	0.403968	0.383008	0.384623	0.420154	0.382608	0.329766	0.354196	0.353927	0.354848	0.33047	0.328312	0.321211	0.316136	0.334371	0.321294	0.321644	0.320554	0.430845	0.408784	0.437023	0.418292	0.421117	0.420246	0.359378	0.334976	0.357682	0.363952	0.360242	0.385786	0.347885	0.349941	0.345694	0.345491	0.353264	0.347105	0.441757	0.456114	0.450717	0.444484	0.442874	0.442197	0.353896	0.382359	0.344072	0.353543	0.35212	0.365399
ERR608581	0.525246	0.533436	0.534036	0.535583	0.527444	0.525032	0.447396	0.437792	0.429447	0.449476	0.450155	0.428033	0.44044	0.439963	0.441055	0.439624	0.440252	0.439801	0.440777	0.410141	0.392682	0.394647	0.412959	0.394758	0.429083	0.428667	0.466729	0.464827	0.433786	0.433845	0.458602	0.460179	0.461267	0.464961	0.457717	0.459682	0.243084	0.243393	0.245168	0.243214	0.329574	0	0.4265	0.432489	0.422631	0.423027	0.409386	0.411259	0.39465	0.342108	0.33109	0.33008	0.516028	0.33	0.332846	0.301894	0.301893	0.301191	0.338477	0.339551	0.308383	0.315818	0.297592	0.31052	0.310074	0.311993	0.393219	0.434279	0.391942	0.410994	0.398748	0.408614	0.29589	0.31123	0.295811	0.292638	0.294719	0.293474	0.354577	0.398842	0.355309	0.354348	0.347176	0.363107	0.478717	0.428307	0.431911	0.441998	0.446133	0.450161	0.333796	0.313515	0.348441	0.3352	0.332047	0.317198
ERR606035	0.440246	0.44653	0.44362	0.445348	0.443209	0.440485	0.34229	0.336545	0.338052	0.344004	0.342804	0.339092	0.35584	0.348205	0.343366	0.345691	0.349204	0.346487	0.348153	0.34018	0.361022	0.355483	0.338948	0.355507	0.340291	0.338783	0.348666	0.346961	0.330305	0.331919	0.366737	0.367772	0.368772	0.370342	0.368702	0.370949	0.423958	0.424348	0.422484	0.424318	0.44082	0.4265	0	0.268029	0.252098	0.250056	0.291267	0.296522	0.49088	0.481402	0.470321	0.470232	0.568267	0.47026	0.410187	0.415757	0.415801	0.416897	0.411908	0.411508	0.414029	0.41458	0.415409	0.4141	0.413997	0.413684	0.374636	0.387809	0.378923	0.381333	0.370423	0.382063	0.412663	0.406065	0.412458	0.417109	0.41302	0.430879	0.413355	0.432887	0.411999	0.411376	0.411798	0.415268	0.371404	0.337224	0.336718	0.337941	0.348941	0.350134	0.417608	0.42771	0.421133	0.418693	0.417562	0.419898
ERR606030	0.480887	0.488806	0.485352	0.487078	0.484065	0.481016	0.325824	0.327568	0.33214	0.326302	0.32521	0.337847	0.355356	0.344294	0.333238	0.341265	0.345044	0.341751	0.330464	0.326666	0.361851	0.350796	0.325678	0.349576	0.359305	0.359165	0.372961	0.371635	0.348426	0.351076	0.3565	0.35657	0.356237	0.354509	0.359094	0.357843	0.428609	0.42876	0.425219	0.429219	0.431514	0.432489	0.268029	0	0.270076	0.267855	0.306536	0.312743	0.510075	0.505206	0.489011	0.488822	0.570454	0.488631	0.406919	0.416856	0.416646	0.417744	0.410252	0.406894	0.412244	0.413361	0.416709	0.414635	0.413832	0.413992	0.374122	0.369237	0.379523	0.365209	0.366049	0.366671	0.417342	0.403021	0.41687	0.420982	0.41807	0.437604	0.418844	0.437872	0.41641	0.414627	0.419188	0.421075	0.357959	0.343252	0.341343	0.339009	0.337816	0.33908	0.425375	0.43603	0.426013	0.426623	0.424274	0.424577
ERR606033	0.438715	0.445351	0.442918	0.444614	0.441435	0.439035	0.338807	0.331824	0.332558	0.340886	0.339643	0.332622	0.35032	0.343484	0.339821	0.34105	0.344253	0.341667	0.349656	0.337715	0.354991	0.350041	0.337045	0.350879	0.33623	0.335079	0.350405	0.348484	0.328806	0.32989	0.362201	0.363369	0.36426	0.36636	0.36378	0.366649	0.420724	0.421089	0.419533	0.421129	0.443004	0.422631	0.252098	0.270076	0	0.251571	0.28457	0.289478	0.492393	0.478826	0.468845	0.46858	0.573141	0.468789	0.410633	0.412966	0.413092	0.413987	0.412996	0.412478	0.413454	0.414421	0.413547	0.41349	0.413169	0.413224	0.371721	0.390178	0.375293	0.380686	0.36898	0.381292	0.409364	0.405434	0.40902	0.413201	0.409527	0.426053	0.415599	0.437402	0.414256	0.414	0.413043	0.418287	0.375644	0.335359	0.335388	0.339142	0.349957	0.351821	0.418168	0.424836	0.423065	0.419321	0.417965	0.418934
