	ERR629940	ERR629944	ERR629945	ERR629943	ERR629942	ERR629941	ERR618509	ERR618511	ERR618507	ERR618510	ERR618508	ERR618512	ERR636741	ERR636740	ERR636742	ERR636743	ERR636739	ERR636744	ERR612548	ERR612552	ERR612547	ERR612549	ERR612551	ERR612550	ERR636777	ERR636779	ERR636780	ERR636778	ERR636775	ERR636776	ERR612782	ERR612777	ERR612778	ERR612781	ERR612780	ERR612779	ERR629674	ERR629676	ERR629677	ERR629678	ERR629675	ERR629679	ERR636729	ERR636728	ERR636730	ERR636732	ERR636727	ERR636731	ERR616650	ERR616647	ERR616646	ERR616648	ERR616649	ERR616651	ERR637072	ERR637073	ERR637071	ERR637074	ERR637069	ERR637070	ERR618702	ERR618699	ERR618701	ERR618703	ERR618700	ERR618704	ERR612951	ERR612954	ERR612952	ERR612955	ERR612953	ERR612956	ERR621964	ERR621963	ERR621962	ERR621965	ERR621961	ERR621966	ERR605542	ERR605543	ERR605539	ERR605540	ERR605541	ERR605544	ERR630443	ERR630444	ERR630442	ERR630445	ERR630440	ERR630441	ERR613316	ERR613311	ERR613314	ERR613312	ERR613313	ERR613315
ERR629940	0	0.759957	0.755392	0.755278	0.728289	0.747423	1.08331	1.07664	1.07631	1.07945	1.09151	1.07467	1.08545	1.08624	1.09247	1.09175	1.09498	1.09022	1.09912	1.09326	1.07575	1.08206	1.09268	1.09173	1.09157	1.09063	1.08851	1.08827	1.09958	1.09126	1.11473	1.09496	1.13977	1.11264	1.11449	1.10728	0.970468	0.988452	0.965974	0.965626	0.989831	0.964443	1.10244	1.10288	1.10864	1.10628	1.11065	1.10756	0.859894	0.882363	0.885554	0.894567	0.859391	0.859308	1.01825	1.01297	0.99605	1.0073	1.00419	0.995281	0.884462	0.870799	0.874983	0.883065	0.877451	0.884664	0.883333	0.907016	0.926341	0.911882	0.892324	0.909533	0.938394	0.959913	0.958453	0.939526	0.947091	0.936403	0.960436	0.959591	0.950861	0.958781	0.967111	0.960797	0.931642	0.933352	0.931875	0.928658	0.928283	0.939745	0.969942	0.900481	0.9282	0.92941	0.913417	0.924174
ERR629944	0.759957	0	0.774946	0.77479	0.761625	0.775114	1.09726	1.09214	1.09106	1.09499	1.10437	1.09041	1.09914	1.10112	1.10677	1.10605	1.10887	1.1044	1.1139	1.10901	1.09301	1.0975	1.10812	1.1078	1.10529	1.10409	1.10215	1.10208	1.11332	1.10607	1.12694	1.10897	1.15033	1.12505	1.1267	1.11963	0.989703	1.00581	0.985431	0.985231	1.00664	0.983766	1.11569	1.11731	1.12234	1.12021	1.1239	1.1213	0.879419	0.900492	0.903317	0.91286	0.878608	0.879104	1.03542	1.03079	1.01422	1.02544	1.0222	1.01488	0.903898	0.890762	0.894405	0.902616	0.895831	0.904724	0.907465	0.929232	0.944449	0.933301	0.913944	0.931617	0.960511	0.979071	0.977962	0.961006	0.968795	0.95822	0.975315	0.974377	0.966724	0.973616	0.981072	0.975966	0.950994	0.952299	0.950676	0.946941	0.946943	0.955932	0.980761	0.917151	0.944774	0.942537	0.928048	0.940093
ERR629945	0.755392	0.774946	0	0.771353	0.75715	0.771385	1.09588	1.09058	1.08942	1.0932	1.10295	1.08891	1.09782	1.09947	1.10532	1.10438	1.10728	1.10296	1.11268	1.10752	1.09155	1.09581	1.10672	1.106	1.10381	1.10282	1.1006	1.10079	1.11193	1.10478	1.12584	1.10745	1.14936	1.12385	1.12567	1.11817	0.987189	1.00337	0.982549	0.982369	1.00362	0.980968	1.11429	1.11579	1.1208	1.11887	1.1227	1.11994	0.876343	0.898552	0.900697	0.910831	0.875759	0.876222	1.03343	1.0287	1.01166	1.0234	1.01967	1.01237	0.901312	0.888393	0.891891	0.900226	0.893194	0.902082	0.905161	0.926977	0.942477	0.931092	0.911881	0.929196	0.958515	0.977132	0.975813	0.958709	0.966629	0.956002	0.973629	0.972521	0.964924	0.971791	0.979217	0.974047	0.949217	0.950268	0.948953	0.945042	0.944921	0.954358	0.979512	0.915324	0.943274	0.941327	0.926311	0.938518
ERR629943	0.755278	0.77479	0.771353	0	0.757153	0.770959	1.0956	1.08992	1.08894	1.09257	1.1026	1.08818	1.09684	1.09871	1.10435	1.10365	1.10662	1.10223	1.11207	1.10703	1.09104	1.09531	1.10607	1.10544	1.10331	1.10208	1.1001	1.10006	1.1112	1.10403	1.12535	1.10689	1.14879	1.12335	1.12499	1.11771	0.986946	1.00327	0.982438	0.982184	1.00361	0.980961	1.1136	1.11529	1.12019	1.1181	1.12194	1.11939	0.875804	0.897206	0.899944	0.91004	0.875179	0.875659	1.03296	1.02839	1.01149	1.02292	1.01976	1.01195	0.900927	0.887496	0.891588	0.899814	0.892892	0.901437	0.90458	0.926436	0.941892	0.930342	0.910935	0.928757	0.957935	0.976619	0.975244	0.9586	0.966295	0.955538	0.973103	0.971939	0.964162	0.970982	0.978693	0.973566	0.948233	0.949565	0.947805	0.944379	0.944035	0.953628	0.97892	0.91407	0.942102	0.940308	0.925554	0.937826
ERR629942	0.728289	0.761625	0.75715	0.757153	0	0.749646	1.08431	1.0775	1.07722	1.08028	1.09269	1.07575	1.08642	1.08718	1.09342	1.09276	1.09599	1.09108	1.09987	1.09395	1.07663	1.08255	1.09309	1.09259	1.09272	1.09186	1.08929	1.08951	1.10046	1.09235	1.11537	1.09565	1.14044	1.11348	1.11524	1.1079	0.972204	0.990214	0.967646	0.967594	0.991527	0.966456	1.10313	1.1039	1.10951	1.1072	1.11167	1.10841	0.861635	0.883714	0.886667	0.895598	0.861086	0.86114	1.02003	1.01437	0.997375	1.00856	1.00554	0.996818	0.886484	0.872934	0.877246	0.885169	0.879456	0.88699	0.884236	0.908328	0.927509	0.912862	0.893558	0.910778	0.940103	0.961283	0.960308	0.941126	0.948753	0.938024	0.961794	0.960952	0.952677	0.960248	0.968426	0.962079	0.933045	0.934975	0.933311	0.929735	0.929556	0.94087	0.971345	0.902008	0.92942	0.93044	0.915108	0.925333
ERR629941	0.747423	0.775114	0.771385	0.770959	0.749646	0	1.09383	1.08773	1.08692	1.09037	1.10163	1.08595	1.09588	1.09713	1.10317	1.10218	1.10543	1.1008	1.10976	1.1044	1.08808	1.09312	1.10352	1.10317	1.10188	1.10107	1.09892	1.09866	1.10969	1.10191	1.1242	1.10535	1.14766	1.12203	1.12389	1.11655	0.984439	1.00123	0.980152	0.979966	1.00191	0.978589	1.11238	1.11358	1.11886	1.1166	1.12058	1.11769	0.874348	0.895881	0.898381	0.907638	0.873911	0.873954	1.0307	1.02559	1.00915	1.01997	1.01701	1.00901	0.898859	0.885984	0.889587	0.897336	0.891623	0.899303	0.899208	0.921451	0.938599	0.925623	0.906679	0.923854	0.953789	0.973455	0.972182	0.954435	0.962077	0.951707	0.971192	0.970082	0.962476	0.969528	0.977421	0.971383	0.945649	0.947034	0.945714	0.942123	0.941752	0.951792	0.979001	0.913206	0.939946	0.93953	0.924613	0.93586
ERR618509	1.08331	1.09726	1.09588	1.0956	1.08431	1.09383	0	0.822199	0.819395	0.826547	0.841611	0.820625	0.902811	0.903979	0.909383	0.908764	0.911666	0.906823	0.92708	0.920825	0.901843	0.905436	0.919405	0.920452	0.908671	0.90646	0.904208	0.903129	0.917697	0.90874	0.907227	0.884842	0.940299	0.905048	0.906847	0.89704	1.05136	1.06495	1.04654	1.04722	1.06362	1.04598	0.914126	0.914779	0.919745	0.917812	0.922816	0.919254	1.09517	1.10803	1.1105	1.11642	1.09438	1.09493	1.00317	0.998867	0.982545	0.993092	0.990345	0.983451	1.10089	1.0931	1.09514	1.10044	1.09568	1.10206	1.09337	1.10931	1.11877	1.1118	1.09874	1.11097	1.04884	1.06393	1.06269	1.04949	1.05588	1.04662	1.14256	1.142	1.13712	1.14128	1.14634	1.14292	1.0547	1.05554	1.05534	1.053	1.05303	1.05953	1.14007	1.09915	1.11963	1.11585	1.10688	1.11753
ERR618511	1.07664	1.09214	1.09058	1.08992	1.0775	1.08773	0.822199	0	0.811534	0.810711	0.836567	0.804807	0.894935	0.895305	0.900809	0.900073	0.903955	0.898027	0.917347	0.910359	0.89017	0.895152	0.908753	0.909494	0.900408	0.898437	0.895992	0.895147	0.909658	0.899697	0.898956	0.875295	0.933781	0.896607	0.898547	0.888836	1.04571	1.0599	1.04069	1.04137	1.05883	1.04041	0.905804	0.905938	0.911576	0.909024	0.914888	0.910857	1.0898	1.10251	1.10526	1.11083	1.0891	1.08956	0.995899	0.991513	0.975143	0.985501	0.983119	0.97542	1.09594	1.08866	1.09034	1.09559	1.09155	1.09697	1.08589	1.10174	1.11269	1.10492	1.09183	1.10358	1.04124	1.05728	1.056	1.04224	1.04855	1.0393	1.1377	1.13726	1.13252	1.13659	1.14191	1.13799	1.04754	1.04885	1.04906	1.04647	1.04669	1.05394	1.13634	1.09394	1.11386	1.11124	1.10214	1.11217
ERR618507	1.07631	1.09106	1.08942	1.08894	1.07722	1.08692	0.819395	0.811534	0	0.816027	0.83221	0.809399	0.893621	0.894965	0.899677	0.89928	0.903043	0.897666	0.918856	0.912746	0.892388	0.896274	0.910956	0.911738	0.900181	0.898118	0.895493	0.894771	0.909393	0.900131	0.899911	0.876517	0.934379	0.897469	0.899264	0.889383	1.04344	1.0578	1.0386	1.03941	1.05668	1.03801	0.905418	0.906043	0.911385	0.909022	0.914539	0.910786	1.08851	1.10151	1.10429	1.11024	1.08775	1.08841	0.99411	0.989811	0.972747	0.98411	0.981448	0.974001	1.09473	1.08687	1.08904	1.09433	1.08977	1.09609	1.08689	1.10295	1.11301	1.10587	1.09262	1.10497	1.04091	1.05633	1.05503	1.04169	1.04776	1.03841	1.13712	1.13664	1.13156	1.13558	1.14111	1.13744	1.04787	1.04868	1.04865	1.04607	1.04587	1.05303	1.13553	1.09332	1.11374	1.10992	1.10077	1.11169
ERR618510	1.07945	1.09499	1.0932	1.09257	1.08028	1.09037	0.826547	0.810711	0.816027	0	0.840267	0.809142	0.899161	0.89946	0.904722	0.904104	0.907551	0.901948	0.920959	0.914159	0.894173	0.898921	0.912009	0.913339	0.903795	0.902255	0.899857	0.89894	0.913408	0.903477	0.902849	0.879705	0.937143	0.900442	0.902014	0.892821	1.04824	1.06237	1.04341	1.04403	1.06153	1.04272	0.909689	0.909314	0.914618	0.912148	0.91775	0.914504	1.0923	1.10499	1.10797	1.11338	1.09168	1.09251	0.999119	0.995118	0.97879	0.989221	0.986632	0.978735	1.09822	1.09131	1.09308	1.09802	1.09397	1.09933	1.08849	1.1042	1.1149	1.10727	1.09456	1.10621	1.04412	1.05983	1.05901	1.04507	1.05139	1.0423	1.14055	1.13988	1.1354	1.1392	1.14443	1.14067	1.0508	1.05186	1.05207	1.04943	1.04979	1.05709	1.13901	1.09707	1.11679	1.11429	1.10536	1.11484
ERR618508	1.09151	1.10437	1.10295	1.1026	1.09269	1.10163	0.841611	0.836567	0.83221	0.840267	0	0.834678	0.913316	0.915419	0.919373	0.91907	0.921963	0.917334	0.938559	0.933369	0.914923	0.917659	0.931407	0.93259	0.919023	0.917037	0.915192	0.914243	0.928493	0.920108	0.91734	0.896463	0.948901	0.915127	0.916799	0.907313	1.05919	1.07254	1.05452	1.05529	1.07129	1.05385	0.924219	0.925151	0.929985	0.927902	0.932821	0.929337	1.1023	1.11515	1.11739	1.1234	1.10161	1.10227	1.01119	1.00733	0.99103	1.002	0.999275	0.992318	1.10818	1.10034	1.10245	1.10787	1.103	1.10945	1.10209	1.1175	1.12606	1.12032	1.10716	1.11918	1.05707	1.0714	1.07027	1.05777	1.06377	1.05487	1.14859	1.148	1.14321	1.14706	1.15198	1.14889	1.06404	1.06502	1.06442	1.06225	1.06201	1.06835	1.1459	1.10624	1.12606	1.12183	1.11321	1.12427
ERR618512	1.07467	1.09041	1.08891	1.08818	1.07575	1.08595	0.820625	0.804807	0.809399	0.809142	0.834678	0	0.893266	0.893602	0.898948	0.898452	0.902209	0.896286	0.91585	0.908966	0.888231	0.893374	0.907082	0.907845	0.898664	0.896746	0.894028	0.893278	0.907948	0.897916	0.897644	0.874171	0.933038	0.895251	0.897299	0.888008	1.04341	1.05794	1.03852	1.03941	1.05684	1.03815	0.904571	0.904373	0.91052	0.907208	0.913369	0.909252	1.08814	1.10132	1.10373	1.10956	1.08758	1.08812	0.993575	0.98913	0.972796	0.983411	0.980676	0.97292	1.09414	1.08687	1.08867	1.09367	1.08991	1.09524	1.08418	1.10037	1.1111	1.10326	1.09012	1.10207	1.03989	1.05564	1.05447	1.04087	1.04707	1.03779	1.1366	1.13622	1.1312	1.13557	1.14069	1.1369	1.04588	1.04721	1.04722	1.04464	1.04487	1.05228	1.13525	1.0931	1.11299	1.11002	1.10105	1.11084
ERR636741	1.08545	1.09914	1.09782	1.09684	1.08642	1.09588	0.902811	0.894935	0.893621	0.899161	0.913316	0.893266	0	0.760883	0.767368	0.766919	0.76824	0.765418	0.870308	0.864992	0.84332	0.845826	0.861379	0.863611	0.827052	0.824544	0.822044	0.82022	0.838289	0.828749	0.92449	0.902674	0.957924	0.922198	0.924556	0.914383	1.04625	1.061	1.04128	1.04193	1.05935	1.04049	0.827649	0.830068	0.833989	0.831815	0.838528	0.834232	1.09539	1.1086	1.11117	1.11758	1.09505	1.09565	0.990384	0.985675	0.968062	0.979905	0.976557	0.969394	1.1017	1.0937	1.09583	1.1015	1.0965	1.10313	1.094	1.11045	1.12018	1.11326	1.09949	1.11204	1.03904	1.05444	1.05285	1.03994	1.04597	1.03704	1.14338	1.14256	1.13761	1.14166	1.14726	1.14364	1.05489	1.05557	1.05489	1.05277	1.05259	1.05923	1.14518	1.10194	1.12365	1.11918	1.10964	1.12135
ERR636740	1.08624	1.10112	1.09947	1.09871	1.08718	1.09713	0.903979	0.895305	0.894965	0.89946	0.915419	0.893602	0.760883	0	0.768632	0.768022	0.769871	0.766469	0.870606	0.864547	0.842438	0.846537	0.861114	0.863138	0.828928	0.82656	0.823924	0.822395	0.83981	0.829367	0.925692	0.903114	0.959061	0.923237	0.925509	0.915887	1.04749	1.06253	1.04268	1.04344	1.06099	1.04186	0.82889	0.830383	0.834715	0.832087	0.83905	0.835206	1.09745	1.10992	1.11252	1.11857	1.09669	1.09741	0.991584	0.986941	0.969846	0.980986	0.977865	0.969992	1.10376	1.09576	1.09782	1.10328	1.09867	1.10475	1.09389	1.11005	1.1201	1.11287	1.09985	1.11196	1.0391	1.05459	1.05306	1.03966	1.04596	1.03713	1.14436	1.14406	1.13913	1.14318	1.1485	1.14463	1.05577	1.05706	1.05643	1.05429	1.05424	1.06118	1.14707	1.1036	1.1246	1.12115	1.11177	1.12257
ERR636742	1.09247	1.10677	1.10532	1.10435	1.09342	1.10317	0.909383	0.900809	0.899677	0.904722	0.919373	0.898948	0.767368	0.768632	0	0.768085	0.775467	0.766587	0.875362	0.869625	0.848795	0.852219	0.866485	0.868694	0.832869	0.830596	0.827831	0.826524	0.843557	0.834607	0.928668	0.90706	0.961028	0.926021	0.928302	0.918533	1.05187	1.06647	1.04699	1.04785	1.06482	1.04639	0.831902	0.833664	0.837099	0.834624	0.84195	0.837369	1.10319	1.11577	1.11849	1.12435	1.10257	1.10331	0.995594	0.991006	0.974004	0.984835	0.982183	0.97487	1.10907	1.10133	1.10346	1.10897	1.10417	1.11046	1.10053	1.1162	1.12592	1.11902	1.106	1.11788	1.04405	1.05933	1.05752	1.04483	1.05058	1.04218	1.14943	1.14884	1.14404	1.14797	1.15314	1.14967	1.06226	1.06331	1.0625	1.06062	1.06039	1.0673	1.15162	1.1091	1.1299	1.12642	1.11709	1.12817
ERR636743	1.09175	1.10605	1.10438	1.10365	1.09276	1.10218	0.908764	0.900073	0.89928	0.904104	0.91907	0.898452	0.766919	0.768022	0.768085	0	0.775242	0.76646	0.875474	0.869586	0.848661	0.851935	0.866473	0.8685	0.832768	0.830032	0.827321	0.826011	0.843112	0.833528	0.927776	0.90665	0.960894	0.925607	0.928088	0.918225	1.05151	1.06628	1.04652	1.04747	1.06463	1.04588	0.831776	0.833501	0.836921	0.834377	0.842263	0.837159	1.10252	1.11497	1.11782	1.12364	1.10183	1.10255	0.995008	0.990186	0.97368	0.984265	0.981416	0.974256	1.1084	1.10055	1.10293	1.10819	1.10356	1.1098	1.09956	1.11533	1.125	1.11792	1.10544	1.11719	1.04359	1.05885	1.05724	1.04411	1.05051	1.04158	1.14867	1.14817	1.14321	1.14735	1.15264	1.14919	1.06113	1.06232	1.06183	1.05963	1.05987	1.06666	1.15142	1.10885	1.12928	1.12593	1.11658	1.12757
ERR636739	1.09498	1.10887	1.10728	1.10662	1.09599	1.10543	0.911666	0.903955	0.903043	0.907551	0.921963	0.902209	0.76824	0.769871	0.775467	0.775242	0	0.774062	0.878863	0.873371	0.85313	0.85613	0.870144	0.872362	0.835526	0.833247	0.830886	0.829508	0.846013	0.836747	0.930457	0.909386	0.962522	0.928162	0.930454	0.920896	1.0539	1.06849	1.0493	1.04983	1.06661	1.04847	0.834419	0.836199	0.840004	0.837365	0.844041	0.839914	1.10534	1.11771	1.12028	1.12625	1.10488	1.10541	0.997638	0.993227	0.976108	0.987301	0.984161	0.977401	1.11147	1.10332	1.10569	1.11097	1.10638	1.11262	1.10318	1.11909	1.1284	1.12152	1.10861	1.12056	1.04671	1.06136	1.05997	1.04745	1.05341	1.04461	1.15129	1.1506	1.14588	1.14979	1.15505	1.15159	1.06512	1.06625	1.06555	1.06345	1.06345	1.06983	1.1531	1.11142	1.13207	1.12817	1.11918	1.13011
ERR636744	1.09022	1.1044	1.10296	1.10223	1.09108	1.1008	0.906823	0.898027	0.897666	0.901948	0.917334	0.896286	0.765418	0.766469	0.766587	0.76646	0.774062	0	0.873629	0.86775	0.846355	0.850082	0.864394	0.866468	0.831126	0.828404	0.826014	0.824455	0.841788	0.832204	0.926634	0.90488	0.959587	0.924054	0.92653	0.916729	1.05036	1.06475	1.04527	1.04603	1.06316	1.04477	0.830915	0.83233	0.836172	0.833385	0.840955	0.836091	1.10094	1.11374	1.11637	1.12222	1.10033	1.10104	0.99359	0.988844	0.972005	0.982819	0.980283	0.972764	1.10697	1.09925	1.10137	1.10677	1.10219	1.1082	1.09802	1.11404	1.1241	1.11656	1.10379	1.1156	1.04192	1.05701	1.05578	1.04253	1.04868	1.03986	1.14751	1.14683	1.14212	1.14622	1.15159	1.1479	1.0596	1.06068	1.06007	1.05767	1.05795	1.06485	1.14995	1.10744	1.12824	1.1245	1.11541	1.12601
ERR612548	1.09912	1.1139	1.11268	1.11207	1.09987	1.10976	0.92708	0.917347	0.918856	0.920959	0.938559	0.91585	0.870308	0.870606	0.875362	0.875474	0.878863	0.873629	0	0.781427	0.754038	0.760342	0.778707	0.780027	0.872638	0.871525	0.868987	0.867997	0.881411	0.871392	0.926863	0.906948	0.95808	0.925305	0.9272	0.919197	1.07229	1.08585	1.06699	1.06797	1.08554	1.06662	0.875367	0.874945	0.880578	0.878018	0.884151	0.880518	1.11556	1.12736	1.13017	1.13539	1.11478	1.1155	1.02911	1.02483	1.01	1.01903	1.01767	1.00971	1.12122	1.1144	1.11628	1.12094	1.11738	1.12266	1.07933	1.09627	1.10768	1.09924	1.08599	1.09828	1.02348	1.0399	1.03878	1.02415	1.03062	1.02129	1.13648	1.13589	1.13145	1.13545	1.14064	1.13699	1.07304	1.07407	1.07423	1.07163	1.07203	1.07894	1.13634	1.09631	1.11522	1.1128	1.10416	1.11344
ERR612552	1.09326	1.10901	1.10752	1.10703	1.09395	1.1044	0.920825	0.910359	0.912746	0.914159	0.933369	0.908966	0.864992	0.864547	0.869625	0.869586	0.873371	0.86775	0.781427	0	0.745397	0.753404	0.765674	0.767099	0.867459	0.866273	0.863389	0.862179	0.875931	0.865591	0.922108	0.901343	0.954554	0.920557	0.922365	0.914311	1.06713	1.08145	1.06226	1.06297	1.08093	1.06169	0.87007	0.869209	0.875063	0.872042	0.87892	0.874873	1.11088	1.12265	1.12563	1.13078	1.10991	1.11063	1.02352	1.01908	1.00416	1.01331	1.01199	1.00347	1.1167	1.11006	1.11198	1.11642	1.11287	1.11808	1.07268	1.08962	1.10232	1.09291	1.07997	1.09195	1.01684	1.03388	1.03272	1.01757	1.02425	1.01487	1.13187	1.13174	1.12696	1.1311	1.13658	1.13227	1.06658	1.06784	1.06838	1.06564	1.0664	1.07355	1.13239	1.09149	1.11022	1.10826	1.0994	1.10827
ERR612547	1.07575	1.09301	1.09155	1.09104	1.07663	1.08808	0.901843	0.89017	0.892388	0.894173	0.914923	0.888231	0.84332	0.842438	0.848795	0.848661	0.85313	0.846355	0.754038	0.745397	0	0.72027	0.742231	0.74392	0.847205	0.845486	0.842982	0.841541	0.857416	0.845018	0.90602	0.882092	0.941902	0.904146	0.906449	0.897102	1.05072	1.06581	1.04537	1.04603	1.06534	1.04491	0.850523	0.849989	0.856623	0.853036	0.86122	0.85596	1.09503	1.10725	1.11043	1.11583	1.09387	1.09477	1.00585	1.00092	0.984971	0.994588	0.992872	0.983949	1.10173	1.09439	1.09667	1.10146	1.098	1.10284	1.05443	1.07284	1.08675	1.0767	1.06243	1.07545	0.996449	1.01514	1.01414	0.997346	1.00452	0.994311	1.11787	1.11752	1.11257	1.11692	1.12272	1.11825	1.04927	1.05068	1.05092	1.0482	1.04899	1.05697	1.11912	1.07491	1.09509	1.09337	1.08378	1.09318
ERR612549	1.08206	1.0975	1.09581	1.09531	1.08255	1.09312	0.905436	0.895152	0.896274	0.898921	0.917659	0.893374	0.845826	0.846537	0.852219	0.851935	0.85613	0.850082	0.760342	0.753404	0.72027	0	0.749707	0.751565	0.849989	0.848593	0.845622	0.844286	0.860442	0.849191	0.90659	0.884237	0.941176	0.904909	0.906873	0.89756	1.05417	1.06895	1.04917	1.04984	1.06821	1.04819	0.85311	0.853527	0.859479	0.856451	0.863554	0.8589	1.09879	1.11195	1.11476	1.12051	1.09822	1.09888	1.00952	1.0046	0.988769	0.998637	0.996779	0.988891	1.10575	1.09805	1.10021	1.10531	1.10115	1.10706	1.06185	1.08004	1.09215	1.08351	1.06874	1.08225	1.00229	1.02029	1.01893	1.00305	1.01038	1.0003	1.12053	1.12007	1.11514	1.11958	1.12502	1.12091	1.05506	1.05619	1.05618	1.05336	1.0539	1.06108	1.1199	1.07772	1.09788	1.09512	1.08562	1.09597
ERR612551	1.09268	1.10812	1.10672	1.10607	1.09309	1.10352	0.919405	0.908753	0.910956	0.912009	0.931407	0.907082	0.861379	0.861114	0.866485	0.866473	0.870144	0.864394	0.778707	0.765674	0.742231	0.749707	0	0.764126	0.863929	0.863075	0.859946	0.859051	0.873019	0.862608	0.920343	0.899672	0.953261	0.918752	0.920872	0.912381	1.06719	1.08085	1.06204	1.0626	1.08041	1.06122	0.867108	0.866802	0.87249	0.869435	0.876478	0.871875	1.10997	1.12195	1.12479	1.13017	1.10907	1.10992	1.02225	1.01777	1.0029	1.01174	1.01051	1.0023	1.11623	1.10896	1.11088	1.11585	1.1122	1.11722	1.07261	1.08965	1.10201	1.093	1.07937	1.09192	1.01562	1.03265	1.03148	1.01624	1.02318	1.01335	1.13168	1.13138	1.12676	1.1309	1.13628	1.1321	1.06658	1.06757	1.06803	1.06532	1.06592	1.07311	1.13231	1.09113	1.11031	1.10795	1.09907	1.10835
ERR612550	1.09173	1.1078	1.106	1.10544	1.09259	1.10317	0.920452	0.909494	0.911738	0.913339	0.93259	0.907845	0.863611	0.863138	0.868694	0.8685	0.872362	0.866468	0.780027	0.767099	0.74392	0.751565	0.764126	0	0.866083	0.865048	0.862162	0.860927	0.874884	0.864527	0.922343	0.901483	0.955144	0.921109	0.922848	0.914693	1.06616	1.08021	1.06122	1.062	1.07994	1.06044	0.869143	0.868199	0.874232	0.871492	0.878262	0.874048	1.10936	1.12132	1.12406	1.12937	1.10836	1.10948	1.0225	1.01853	1.00344	1.01248	1.01095	1.00287	1.11541	1.10833	1.11064	1.115	1.1116	1.11632	1.07155	1.08862	1.10096	1.0919	1.07843	1.09058	1.01482	1.03237	1.03096	1.01586	1.02265	1.01305	1.13149	1.13127	1.12662	1.1306	1.13621	1.13191	1.06561	1.06685	1.06718	1.06417	1.06533	1.07229	1.13225	1.09089	1.10984	1.10806	1.09919	1.10809
ERR636777	1.09157	1.10529	1.10381	1.10331	1.09272	1.10188	0.908671	0.900408	0.900181	0.903795	0.919023	0.898664	0.827052	0.828928	0.832869	0.832768	0.835526	0.831126	0.872638	0.867459	0.847205	0.849989	0.863929	0.866083	0	0.795175	0.792445	0.79138	0.806473	0.796256	0.928778	0.907964	0.961462	0.926504	0.928298	0.919089	1.05451	1.06861	1.04975	1.05043	1.06746	1.04872	0.844197	0.845857	0.849919	0.847788	0.854212	0.850223	1.10113	1.11402	1.11657	1.12261	1.10051	1.10112	0.99817	0.993718	0.977769	0.987966	0.985602	0.978626	1.10463	1.09646	1.09879	1.10421	1.09945	1.106	1.09957	1.11526	1.12494	1.11813	1.10486	1.11722	1.05349	1.06842	1.0671	1.0542	1.05982	1.05121	1.14751	1.14676	1.14158	1.14575	1.15114	1.14762	1.06057	1.0615	1.06072	1.05889	1.05875	1.0653	1.14994	1.10778	1.129	1.12437	1.11534	1.12663
ERR636779	1.09063	1.10409	1.10282	1.10208	1.09186	1.10107	0.90646	0.898437	0.898118	0.902255	0.917037	0.896746	0.824544	0.82656	0.830596	0.830032	0.833247	0.828404	0.871525	0.866273	0.845486	0.848593	0.863075	0.865048	0.795175	0	0.787308	0.78652	0.806911	0.796497	0.926636	0.905892	0.959266	0.92426	0.926747	0.916823	1.05302	1.06752	1.04821	1.04883	1.06591	1.04732	0.841955	0.843968	0.848135	0.845734	0.851798	0.848161	1.10001	1.11262	1.1157	1.12152	1.09934	1.10019	0.996014	0.991326	0.975517	0.985704	0.983621	0.976426	1.1036	1.09558	1.09778	1.10322	1.09812	1.10504	1.09867	1.11462	1.12416	1.11754	1.1043	1.11651	1.05256	1.06743	1.06638	1.05326	1.05939	1.05016	1.14638	1.14582	1.14108	1.14497	1.15035	1.14684	1.05888	1.05984	1.0593	1.05699	1.05714	1.06367	1.14901	1.10664	1.12803	1.12349	1.11427	1.1259
ERR636780	1.08851	1.10215	1.1006	1.1001	1.08929	1.09892	0.904208	0.895992	0.895493	0.899857	0.915192	0.894028	0.822044	0.823924	0.827831	0.827321	0.830886	0.826014	0.868987	0.863389	0.842982	0.845622	0.859946	0.862162	0.792445	0.787308	0	0.783423	0.804147	0.79395	0.924668	0.903262	0.958049	0.922353	0.924534	0.914588	1.05069	1.06516	1.0458	1.0465	1.06362	1.0451	0.840167	0.841905	0.84598	0.843741	0.849957	0.845902	1.09793	1.11072	1.11364	1.1194	1.09738	1.09787	0.994373	0.989693	0.972915	0.983547	0.981326	0.974297	1.10151	1.09344	1.09567	1.10131	1.09608	1.10301	1.0963	1.11247	1.12185	1.11527	1.10173	1.11434	1.05014	1.06511	1.06418	1.05099	1.05701	1.04814	1.14485	1.14396	1.13888	1.14318	1.1486	1.14499	1.05661	1.0576	1.0571	1.05469	1.05476	1.06156	1.14729	1.10446	1.12593	1.1217	1.112	1.1238
ERR636778	1.08827	1.10208	1.10079	1.10006	1.08951	1.09866	0.903129	0.895147	0.894771	0.89894	0.914243	0.893278	0.82022	0.822395	0.826524	0.826011	0.829508	0.824455	0.867997	0.862179	0.841541	0.844286	0.859051	0.860927	0.79138	0.78652	0.783423	0	0.802957	0.792947	0.924162	0.902359	0.957034	0.921515	0.923766	0.9137	1.05059	1.06501	1.04572	1.04624	1.06332	1.04496	0.83842	0.840527	0.844628	0.841974	0.848636	0.844736	1.09844	1.11145	1.114	1.11983	1.09748	1.09839	0.993903	0.989264	0.973082	0.983635	0.981522	0.973912	1.10186	1.09356	1.09556	1.10148	1.09641	1.10285	1.09664	1.11291	1.12246	1.11563	1.102	1.11449	1.05008	1.06514	1.06381	1.0509	1.05692	1.04774	1.14495	1.14418	1.13936	1.14321	1.14873	1.14523	1.05644	1.05738	1.05697	1.0547	1.05462	1.06121	1.14722	1.10444	1.12577	1.12165	1.112	1.12368
ERR636775	1.09958	1.11332	1.11193	1.1112	1.10046	1.10969	0.917697	0.909658	0.909393	0.913408	0.928493	0.907948	0.838289	0.83981	0.843557	0.843112	0.846013	0.841788	0.881411	0.875931	0.857416	0.860442	0.873019	0.874884	0.806473	0.806911	0.804147	0.802957	0	0.807471	0.936009	0.916437	0.967105	0.934126	0.936012	0.927245	1.06246	1.07667	1.05794	1.05866	1.07511	1.05724	0.854122	0.855592	0.859479	0.857129	0.862946	0.859495	1.10916	1.12156	1.12423	1.12981	1.10842	1.10927	1.00652	1.00169	0.986746	0.996283	0.994024	0.987363	1.11209	1.1045	1.10652	1.11195	1.10721	1.11323	1.10667	1.12211	1.13163	1.12479	1.11224	1.12376	1.06177	1.07632	1.0752	1.0624	1.06806	1.05931	1.15419	1.15365	1.14888	1.15266	1.15797	1.15433	1.06877	1.06988	1.06902	1.06706	1.06691	1.07389	1.15653	1.11545	1.1357	1.13193	1.12274	1.13363
ERR636776	1.09126	1.10607	1.10478	1.10403	1.09235	1.10191	0.90874	0.899697	0.900131	0.903477	0.920108	0.897916	0.828749	0.829367	0.834607	0.833528	0.836747	0.832204	0.871392	0.865591	0.845018	0.849191	0.862608	0.864527	0.796256	0.796497	0.79395	0.792947	0.807471	0	0.928928	0.907771	0.96172	0.926372	0.928623	0.919605	1.05498	1.06936	1.05021	1.0509	1.06813	1.04934	0.845284	0.846358	0.850809	0.848239	0.854806	0.850962	1.10195	1.11444	1.11698	1.12242	1.10122	1.10209	0.998325	0.994082	0.978219	0.987972	0.986118	0.978439	1.10541	1.09745	1.09968	1.10498	1.10042	1.1066	1.09843	1.11416	1.12416	1.11687	1.10419	1.11572	1.05297	1.0683	1.06706	1.05372	1.05953	1.05091	1.14766	1.14712	1.14223	1.14631	1.15187	1.1481	1.06022	1.06123	1.06087	1.05881	1.05889	1.06575	1.15072	1.1083	1.1289	1.12522	1.11603	1.12687
ERR612782	1.11473	1.12694	1.12584	1.12535	1.11537	1.1242	0.907227	0.898956	0.899911	0.902849	0.91734	0.897644	0.92449	0.925692	0.928668	0.927776	0.930457	0.926634	0.926863	0.922108	0.90602	0.90659	0.920343	0.922343	0.928778	0.926636	0.924668	0.924162	0.936009	0.928928	0	0.763177	0.800458	0.772416	0.773463	0.769497	1.07936	1.09167	1.07495	1.07558	1.0902	1.07444	0.933148	0.93355	0.936817	0.93525	0.940114	0.937357	1.12587	1.13742	1.13938	1.14479	1.12551	1.12609	1.03342	1.02909	1.01498	1.02408	1.02199	1.01609	1.13111	1.12438	1.12598	1.13057	1.12643	1.13217	1.11244	1.12727	1.13652	1.12951	1.11767	1.12863	1.06813	1.08224	1.08101	1.06888	1.07419	1.0662	1.0496	1.04951	1.04794	1.04923	1.05087	1.0498	1.09042	1.09103	1.09103	1.08885	1.08889	1.09455	1.07138	1.05024	1.06137	1.05838	1.0546	1.06098
ERR612777	1.09496	1.10897	1.10745	1.10689	1.09565	1.10535	0.884842	0.875295	0.876517	0.879705	0.896463	0.874171	0.902674	0.903114	0.90706	0.90665	0.909386	0.90488	0.906948	0.901343	0.882092	0.884237	0.899672	0.901483	0.907964	0.905892	0.903262	0.902359	0.916437	0.907771	0.763177	0	0.791918	0.762321	0.763734	0.75139	1.06189	1.07531	1.05695	1.05765	1.07425	1.05655	0.913393	0.913703	0.918108	0.915858	0.921716	0.918099	1.10768	1.11976	1.1221	1.12773	1.10698	1.10781	1.0142	1.00983	0.994261	1.00453	1.00215	0.995167	1.11378	1.10654	1.1084	1.11328	1.10904	1.11499	1.09335	1.10922	1.11927	1.11219	1.09932	1.11103	1.05007	1.06508	1.06392	1.05056	1.05649	1.04802	1.03691	1.03696	1.03472	1.03665	1.03886	1.03729	1.07028	1.07097	1.07081	1.06843	1.06855	1.07502	1.06508	1.03837	1.05197	1.04885	1.0438	1.05112
ERR612778	1.13977	1.15033	1.14936	1.14879	1.14044	1.14766	0.940299	0.933781	0.934379	0.937143	0.948901	0.933038	0.957924	0.959061	0.961028	0.960894	0.962522	0.959587	0.95808	0.954554	0.941902	0.941176	0.953261	0.955144	0.961462	0.959266	0.958049	0.957034	0.967105	0.96172	0.800458	0.791918	0	0.800624	0.800917	0.793892	1.10429	1.11528	1.1003	1.10089	1.11394	1.09993	0.964063	0.96479	0.967382	0.965854	0.970095	0.967883	1.14904	1.15944	1.16149	1.16607	1.14865	1.14934	1.06115	1.05781	1.04507	1.05345	1.05137	1.04632	1.15329	1.14713	1.14837	1.15245	1.14905	1.15394	1.13718	1.15039	1.15787	1.15259	1.14176	1.15161	1.09505	1.1072	1.10598	1.09546	1.10039	1.09318	1.06628	1.06645	1.06537	1.066	1.06706	1.06618	1.11676	1.11739	1.11702	1.11515	1.11519	1.12026	1.07806	1.06498	1.07262	1.06952	1.06782	1.07242
ERR612781	1.11264	1.12505	1.12385	1.12335	1.11348	1.12203	0.905048	0.896607	0.897469	0.900442	0.915127	0.895251	0.922198	0.923237	0.926021	0.925607	0.928162	0.924054	0.925305	0.920557	0.904146	0.904909	0.918752	0.921109	0.926504	0.92426	0.922353	0.921515	0.934126	0.926372	0.772416	0.762321	0.800624	0	0.773033	0.76859	1.07753	1.09018	1.07326	1.07371	1.08869	1.0727	0.930827	0.931087	0.935072	0.932992	0.937788	0.934836	1.12372	1.13533	1.13756	1.14262	1.12331	1.12396	1.03122	1.02722	1.01295	1.02231	1.02034	1.01391	1.12901	1.12222	1.12404	1.12864	1.12466	1.13015	1.11062	1.12563	1.13473	1.12796	1.11603	1.127	1.06694	1.08074	1.07934	1.06744	1.07287	1.06489	1.04917	1.04893	1.04714	1.04867	1.05029	1.04917	1.08841	1.08937	1.08903	1.0866	1.08695	1.09283	1.07081	1.04924	1.06065	1.05746	1.05398	1.0599
ERR612780	1.11449	1.1267	1.12567	1.12499	1.11524	1.12389	0.906847	0.898547	0.899264	0.902014	0.916799	0.897299	0.924556	0.925509	0.928302	0.928088	0.930454	0.92653	0.9272	0.922365	0.906449	0.906873	0.920872	0.922848	0.928298	0.926747	0.924534	0.923766	0.936012	0.928623	0.773463	0.763734	0.800917	0.773033	0	0.770099	1.07866	1.09128	1.07452	1.07501	1.08994	1.07376	0.93287	0.933389	0.936757	0.934985	0.939544	0.9369	1.12575	1.1375	1.13956	1.14446	1.12529	1.1261	1.03264	1.02843	1.01404	1.02323	1.02132	1.01543	1.13126	1.12432	1.12614	1.13056	1.12651	1.13223	1.11248	1.12706	1.13634	1.12938	1.11763	1.1285	1.06819	1.08193	1.08089	1.06878	1.07419	1.06621	1.05031	1.05051	1.04874	1.04982	1.0516	1.05036	1.0903	1.09117	1.09099	1.08892	1.08893	1.09483	1.07152	1.05058	1.06134	1.05859	1.05467	1.06091
ERR612779	1.10728	1.11963	1.11817	1.11771	1.1079	1.11655	0.89704	0.888836	0.889383	0.892821	0.907313	0.888008	0.914383	0.915887	0.918533	0.918225	0.920896	0.916729	0.919197	0.914311	0.897102	0.89756	0.912381	0.914693	0.919089	0.916823	0.914588	0.9137	0.927245	0.919605	0.769497	0.75139	0.793892	0.76859	0.770099	0	1.0718	1.08467	1.06727	1.06769	1.08303	1.06645	0.923835	0.924692	0.928291	0.926578	0.931625	0.928866	1.11814	1.13008	1.13233	1.13745	1.11755	1.11833	1.02418	1.02071	1.00551	1.01522	1.01318	1.00667	1.12384	1.11654	1.11818	1.12325	1.11884	1.12502	1.10551	1.12102	1.12997	1.12328	1.11074	1.12254	1.06098	1.07521	1.07389	1.0614	1.06721	1.05869	1.04312	1.04313	1.04107	1.0423	1.04415	1.04314	1.08216	1.08313	1.08264	1.08039	1.08039	1.08618	1.06802	1.04458	1.05724	1.05362	1.0494	1.0566
ERR629674	0.970468	0.989703	0.987189	0.986946	0.972204	0.984439	1.05136	1.04571	1.04344	1.04824	1.05919	1.04341	1.04625	1.04749	1.05187	1.05151	1.0539	1.05036	1.07229	1.06713	1.05072	1.05417	1.06719	1.06616	1.05451	1.05302	1.05069	1.05059	1.06246	1.05498	1.07936	1.06189	1.10429	1.07753	1.07866	1.0718	0	0.792169	0.762135	0.762395	0.790713	0.759909	1.06064	1.06191	1.06701	1.06476	1.06825	1.06579	0.986249	1.0032	1.00562	1.01307	0.985851	0.986469	0.991336	0.9859	0.967226	0.980871	0.97567	0.968229	0.992125	0.982284	0.985074	0.991415	0.986043	0.993153	0.987689	1.00659	1.02157	1.01107	0.994804	1.00958	0.983819	1.00179	1.00002	0.984894	0.991334	0.981318	1.06007	1.05934	1.05262	1.05806	1.06495	1.06028	0.921254	0.923248	0.924627	0.919404	0.921359	0.929805	1.05967	1.00706	1.03027	1.02833	1.01609	1.0275
ERR629676	0.988452	1.00581	1.00337	1.00327	0.990214	1.00123	1.06495	1.0599	1.0578	1.06237	1.07254	1.05794	1.061	1.06253	1.06647	1.06628	1.06849	1.06475	1.08585	1.08145	1.06581	1.06895	1.08085	1.08021	1.06861	1.06752	1.06516	1.06501	1.07667	1.06936	1.09167	1.07531	1.11528	1.09018	1.09128	1.08467	0.792169	0	0.788024	0.787823	0.813194	0.785897	1.07469	1.07607	1.08054	1.07862	1.08162	1.07946	1.0028	1.01838	1.02073	1.02774	1.00243	1.00288	1.00828	1.0029	0.985492	0.997956	0.993315	0.986499	1.00795	0.998527	1.0011	1.00729	1.00256	1.00899	1.00534	1.0228	1.03592	1.02643	1.01112	1.02506	0.999603	1.01654	1.01499	1.00102	1.00714	0.997529	1.07313	1.07232	1.06665	1.07117	1.07788	1.07362	0.940808	0.942577	0.943783	0.939183	0.941007	0.948841	1.07207	1.0228	1.04458	1.04252	1.03095	1.04214
ERR629677	0.965974	0.985431	0.982549	0.982438	0.967646	0.980152	1.04654	1.04069	1.0386	1.04341	1.05452	1.03852	1.04128	1.04268	1.04699	1.04652	1.0493	1.04527	1.06699	1.06226	1.04537	1.04917	1.06204	1.06122	1.04975	1.04821	1.0458	1.04572	1.05794	1.05021	1.07495	1.05695	1.1003	1.07326	1.07452	1.06727	0.762135	0.788024	0	0.751749	0.786112	0.751811	1.05623	1.05722	1.06251	1.06023	1.06352	1.06121	0.981513	0.998554	1.00162	1.00913	0.981172	0.98193	0.986827	0.981297	0.961874	0.975731	0.970703	0.963113	0.987576	0.977254	0.979964	0.986805	0.981689	0.988626	0.982694	1.00222	1.01704	1.0064	0.989891	1.00504	0.978098	0.996641	0.994801	0.979479	0.985921	0.975992	1.05592	1.05472	1.0487	1.05387	1.0608	1.05622	0.915515	0.917266	0.918562	0.913864	0.915346	0.924264	1.05645	1.00243	1.02619	1.02434	1.0115	1.02339
ERR629678	0.965626	0.985231	0.982369	0.982184	0.967594	0.979966	1.04722	1.04137	1.03941	1.04403	1.05529	1.03941	1.04193	1.04344	1.04785	1.04747	1.04983	1.04603	1.06797	1.06297	1.04603	1.04984	1.0626	1.062	1.05043	1.04883	1.0465	1.04624	1.05866	1.0509	1.07558	1.05765	1.10089	1.07371	1.07501	1.06769	0.762395	0.787823	0.751749	0	0.786315	0.751755	1.0569	1.05795	1.06289	1.06078	1.06439	1.06188	0.981119	0.998257	1.00115	1.00896	0.98051	0.98126	0.987342	0.981687	0.96231	0.976289	0.971468	0.963621	0.98806	0.977659	0.980103	0.986851	0.981591	0.989094	0.982959	1.00256	1.01745	1.00659	0.990194	1.00527	0.97897	0.997196	0.995528	0.980421	0.986993	0.97651	1.05607	1.05506	1.04885	1.05407	1.06117	1.05649	0.915717	0.917889	0.919226	0.914038	0.915999	0.924811	1.05599	1.00261	1.02641	1.02435	1.01143	1.02336
ERR629675	0.989831	1.00664	1.00362	1.00361	0.991527	1.00191	1.06362	1.05883	1.05668	1.06153	1.07129	1.05684	1.05935	1.06099	1.06482	1.06463	1.06661	1.06316	1.08554	1.08093	1.06534	1.06821	1.08041	1.07994	1.06746	1.06591	1.06362	1.06332	1.07511	1.06813	1.0902	1.07425	1.11394	1.08869	1.08994	1.08303	0.790713	0.813194	0.786112	0.786315	0	0.784425	1.07311	1.07464	1.07889	1.07706	1.07986	1.07779	1.00259	1.01897	1.02094	1.02794	1.00229	1.00287	1.00622	1.00089	0.983102	0.996151	0.991208	0.984664	1.00846	0.999063	1.00131	1.0078	1.00264	1.00936	1.00635	1.02391	1.03698	1.02778	1.01189	1.0265	1.0002	1.01671	1.015	1.0013	1.00745	0.997728	1.0734	1.07272	1.06669	1.07161	1.07808	1.07388	0.940614	0.942206	0.943426	0.938863	0.940422	0.947729	1.07225	1.02317	1.04529	1.04277	1.03065	1.04217
ERR629679	0.964443	0.983766	0.980968	0.980961	0.966456	0.978589	1.04598	1.04041	1.03801	1.04272	1.05385	1.03815	1.04049	1.04186	1.04639	1.04588	1.04847	1.04477	1.06662	1.06169	1.04491	1.04819	1.06122	1.06044	1.04872	1.04732	1.0451	1.04496	1.05724	1.04934	1.07444	1.05655	1.09993	1.0727	1.07376	1.06645	0.759909	0.785897	0.751811	0.751755	0.784425	0	1.05562	1.05669	1.06156	1.05951	1.063	1.06026	0.980327	0.997481	1.00002	1.00795	0.979736	0.980232	0.986123	0.980142	0.960828	0.974813	0.969553	0.96194	0.986387	0.976114	0.978669	0.98558	0.979923	0.987814	0.981929	1.00154	1.01622	1.00558	0.989019	1.00452	0.977331	0.99585	0.993667	0.978562	0.985213	0.974892	1.05479	1.05387	1.04752	1.05275	1.05965	1.05521	0.913767	0.915461	0.916727	0.911853	0.91375	0.922579	1.05475	1.00111	1.02519	1.02284	1.0101	1.02198
ERR636729	1.10244	1.11569	1.11429	1.1136	1.10313	1.11238	0.914126	0.905804	0.905418	0.909689	0.924219	0.904571	0.827649	0.82889	0.831902	0.831776	0.834419	0.830915	0.875367	0.87007	0.850523	0.85311	0.867108	0.869143	0.844197	0.841955	0.840167	0.83842	0.854122	0.845284	0.933148	0.913393	0.964063	0.930827	0.93287	0.923835	1.06064	1.07469	1.05623	1.0569	1.07311	1.05562	0	0.793137	0.799597	0.79707	0.801614	0.799169	1.1146	1.12657	1.12938	1.13463	1.11417	1.11466	1.00812	1.00347	0.987105	0.998035	0.995219	0.988242	1.11951	1.11199	1.11399	1.11936	1.11482	1.12106	1.10821	1.12386	1.13304	1.12665	1.11364	1.12551	1.04632	1.06113	1.05916	1.04675	1.0528	1.04413	1.15681	1.15633	1.15173	1.15573	1.16052	1.15727	1.07453	1.07534	1.07465	1.07279	1.07245	1.07881	1.1589	1.11789	1.13835	1.13429	1.12549	1.13609
ERR636728	1.10288	1.11731	1.11579	1.11529	1.1039	1.11358	0.914779	0.905938	0.906043	0.909314	0.925151	0.904373	0.830068	0.830383	0.833664	0.833501	0.836199	0.83233	0.874945	0.869209	0.849989	0.853527	0.866802	0.868199	0.845857	0.843968	0.841905	0.840527	0.855592	0.846358	0.93355	0.913703	0.96479	0.931087	0.933389	0.924692	1.06191	1.07607	1.05722	1.05795	1.07464	1.05669	0.793137	0	0.800676	0.798548	0.802851	0.800985	1.11592	1.12756	1.13024	1.13564	1.11525	1.1161	1.0088	1.00433	0.988471	0.999227	0.996408	0.988759	1.1205	1.11348	1.11571	1.12043	1.11647	1.12214	1.10791	1.12336	1.13319	1.12621	1.11389	1.12503	1.04609	1.06149	1.06009	1.04715	1.05281	1.04454	1.15765	1.15722	1.15286	1.1569	1.16179	1.15824	1.07507	1.07621	1.0756	1.07355	1.07351	1.08034	1.1604	1.11917	1.13916	1.13588	1.12693	1.13694
ERR636730	1.10864	1.12234	1.1208	1.12019	1.10951	1.11886	0.919745	0.911576	0.911385	0.914618	0.929985	0.91052	0.833989	0.834715	0.837099	0.836921	0.840004	0.836172	0.880578	0.875063	0.856623	0.859479	0.87249	0.874232	0.849919	0.848135	0.84598	0.844628	0.859479	0.850809	0.936817	0.918108	0.967382	0.935072	0.936757	0.928291	1.06701	1.08054	1.06251	1.06289	1.07889	1.06156	0.799597	0.800676	0	0.798412	0.808369	0.80098	1.12109	1.13262	1.13548	1.14055	1.12069	1.1211	1.01295	1.00841	0.992944	1.00329	1.00065	0.993487	1.12566	1.11821	1.12036	1.12524	1.12124	1.12688	1.11391	1.12874	1.13827	1.13128	1.11926	1.13062	1.05119	1.06571	1.06448	1.05204	1.05747	1.04935	1.16213	1.16162	1.15694	1.16099	1.16601	1.16254	1.08125	1.08222	1.08171	1.07975	1.07966	1.08602	1.16436	1.12402	1.14402	1.14015	1.13164	1.1416
ERR636732	1.10628	1.12021	1.11887	1.1181	1.1072	1.1166	0.917812	0.909024	0.909022	0.912148	0.927902	0.907208	0.831815	0.832087	0.834624	0.834377	0.837365	0.833385	0.878018	0.872042	0.853036	0.856451	0.869435	0.871492	0.847788	0.845734	0.843741	0.841974	0.857129	0.848239	0.93525	0.915858	0.965854	0.932992	0.934985	0.926578	1.06476	1.07862	1.06023	1.06078	1.07706	1.05951	0.79707	0.798548	0.798412	0	0.806432	0.798889	1.11912	1.13091	1.13353	1.13864	1.11853	1.11928	1.0106	1.00621	0.990625	1.00077	0.998419	0.991314	1.12364	1.11659	1.11887	1.12356	1.11938	1.12499	1.11133	1.12652	1.13641	1.12925	1.11727	1.12823	1.04909	1.064	1.06281	1.04968	1.05566	1.04721	1.16047	1.15988	1.15539	1.15946	1.16428	1.16082	1.0787	1.07977	1.07926	1.07703	1.0771	1.08405	1.16268	1.12226	1.14182	1.13858	1.12989	1.13983
ERR636727	1.11065	1.1239	1.1227	1.12194	1.11167	1.12058	0.922816	0.914888	0.914539	0.91775	0.932821	0.913369	0.838528	0.83905	0.84195	0.842263	0.844041	0.840955	0.884151	0.87892	0.86122	0.863554	0.876478	0.878262	0.854212	0.851798	0.849957	0.848636	0.862946	0.854806	0.940114	0.921716	0.970095	0.937788	0.939544	0.931625	1.06825	1.08162	1.06352	1.06439	1.07986	1.063	0.801614	0.802851	0.808369	0.806432	0	0.808891	1.12283	1.13447	1.13694	1.14229	1.12211	1.12279	1.01588	1.01137	0.995771	1.00648	1.00312	0.996733	1.12733	1.1202	1.12204	1.12734	1.12289	1.12839	1.1159	1.13074	1.14	1.13332	1.12129	1.13257	1.05372	1.06802	1.06646	1.05425	1.05993	1.05149	1.16375	1.16302	1.15887	1.16247	1.16753	1.16416	1.08324	1.08424	1.08382	1.08184	1.08167	1.08808	1.16591	1.12574	1.14559	1.14191	1.13331	1.1435
ERR636731	1.10756	1.1213	1.11994	1.11939	1.10841	1.11769	0.919254	0.910857	0.910786	0.914504	0.929337	0.909252	0.834232	0.835206	0.837369	0.837159	0.839914	0.836091	0.880518	0.874873	0.85596	0.8589	0.871875	0.874048	0.850223	0.848161	0.845902	0.844736	0.859495	0.850962	0.937357	0.918099	0.967883	0.934836	0.9369	0.928866	1.06579	1.07946	1.06121	1.06188	1.07779	1.06026	0.799169	0.800985	0.80098	0.798889	0.808891	0	1.12021	1.13172	1.13437	1.1395	1.1194	1.12004	1.01211	1.00779	0.992526	1.00266	0.999906	0.992962	1.12511	1.11749	1.11972	1.12481	1.12041	1.12614	1.11279	1.12756	1.13754	1.13051	1.11823	1.12925	1.05031	1.06506	1.06375	1.05106	1.05679	1.0485	1.16125	1.16063	1.1561	1.16005	1.16517	1.16166	1.07996	1.08097	1.08043	1.07846	1.07842	1.08485	1.16371	1.12313	1.14283	1.13964	1.13083	1.14094
