	ERR636852	ERR636847	ERR636848	ERR636849	ERR636851	ERR636850	ERR629940	ERR629944	ERR629945	ERR629943	ERR629942	ERR629941	ERR636926	ERR636927	ERR636925	ERR636930	ERR636928	ERR636929	ERR605645	ERR605646	ERR605641	ERR605643	ERR605644	ERR605642	ERR607308	ERR607310	ERR607305	ERR607307	ERR607309	ERR607306	ERR629858	ERR629860	ERR629856	ERR629861	ERR629859	ERR629857	ERR608742	ERR608741	ERR608743	ERR608739	ERR608744	ERR608740	ERR607656	ERR607654	ERR607655	ERR607652	ERR607653	ERR607651	ERR612681	ERR612686	ERR612685	ERR612683	ERR612684	ERR612682	ERR638269	ERR638267	ERR638268	ERR638272	ERR638271	ERR638270	ERR611515	ERR611511	ERR611512	ERR611516	ERR611513	ERR611514	ERR617001	ERR617002	ERR616998	ERR616999	ERR617000	ERR616997	ERR616477	ERR616479	ERR616476	ERR616474	ERR616478	ERR616475	ERR622045	ERR622047	ERR622046	ERR622049	ERR622050	ERR622048	ERR629887	ERR629891	ERR629889	ERR629886	ERR629890	ERR629888	ERR629758	ERR629759	ERR629763	ERR629761	ERR629760	ERR629762
ERR636852	0	0.7744	0.760347	0.760236	0.751136	0.750842	1.06415	1.08142	1.07978	1.07896	1.0653	1.0767	0.816031	0.815109	0.831792	0.804788	0.804002	0.803539	0.985932	0.986593	0.970321	0.98348	0.989265	0.980304	0.888918	0.886249	0.870493	0.857487	0.887537	0.859284	0.886675	0.905282	0.884487	0.903607	0.905377	0.901057	0.847974	0.844005	0.850367	0.89852	0.848726	0.855931	0.800867	0.804167	0.803277	0.809988	0.809933	0.81847	1.07006	1.08784	1.08704	1.0783	1.08649	1.09898	1.09761	1.09527	1.09339	1.07821	1.07062	1.0711	1.0674	1.07385	1.07515	1.06763	1.0733	1.06362	1.09645	1.09388	1.08367	1.08189	1.09446	1.08705	1.07835	1.07727	1.09584	1.09636	1.07733	1.13808	1.10238	1.1126	1.11173	1.09506	1.09244	1.09423	0.897835	0.896369	0.895955	0.880591	0.897881	0.882678	0.893147	0.910887	0.886674	0.888056	0.913248	0.888139
ERR636847	0.7744	0	0.776605	0.777485	0.773941	0.774184	1.0787	1.09594	1.09435	1.09333	1.0799	1.09065	0.830478	0.830515	0.844527	0.821487	0.820797	0.819939	0.997366	0.998094	0.981335	0.994075	0.998938	0.991099	0.899893	0.896898	0.883083	0.871732	0.89813	0.872102	0.899815	0.918205	0.897445	0.916686	0.918108	0.913299	0.862212	0.857938	0.864162	0.910338	0.862313	0.869721	0.820395	0.823147	0.822076	0.826814	0.827503	0.83443	1.08402	1.10065	1.10012	1.09217	1.09965	1.11219	1.11026	1.10829	1.10655	1.09265	1.08483	1.08509	1.07765	1.08367	1.08482	1.07785	1.08285	1.07456	1.1104	1.10807	1.0971	1.09564	1.10839	1.10118	1.09255	1.09148	1.1083	1.10925	1.09168	1.14851	1.11446	1.12457	1.12364	1.10726	1.10517	1.10691	0.911096	0.910409	0.910012	0.895207	0.912323	0.896977	0.906537	0.922649	0.901392	0.901933	0.924642	0.902233
ERR636848	0.760347	0.776605	0	0.76311	0.759432	0.759362	1.06616	1.08504	1.08321	1.08215	1.06717	1.07916	0.818151	0.819006	0.833774	0.809083	0.808209	0.807704	0.989451	0.989698	0.971779	0.985184	0.990218	0.98216	0.890996	0.886864	0.873245	0.861064	0.88879	0.860892	0.889608	0.910748	0.887624	0.909045	0.911088	0.905221	0.853856	0.849319	0.856186	0.906167	0.854226	0.862041	0.806804	0.81012	0.80872	0.813613	0.814769	0.823028	1.07216	1.08993	1.08949	1.0815	1.08877	1.10165	1.10018	1.09804	1.09585	1.08215	1.07321	1.07352	1.06954	1.07527	1.07638	1.06957	1.0741	1.06691	1.10102	1.09859	1.08628	1.0844	1.09876	1.09037	1.08161	1.08051	1.09804	1.09888	1.08054	1.13958	1.10371	1.11412	1.11316	1.09624	1.09382	1.09525	0.903066	0.902805	0.902104	0.884655	0.90453	0.886827	0.8963	0.914443	0.890704	0.891596	0.916197	0.891669
ERR636849	0.760236	0.777485	0.76311	0	0.759714	0.759396	1.06715	1.08447	1.0829	1.08208	1.06855	1.07949	0.819265	0.819223	0.834751	0.809102	0.808581	0.807802	0.988405	0.989027	0.972389	0.985909	0.991308	0.982334	0.892312	0.889256	0.874161	0.861628	0.891052	0.862948	0.890171	0.90944	0.888005	0.907939	0.90959	0.904615	0.853064	0.84873	0.855099	0.902538	0.853718	0.860617	0.806495	0.809799	0.808694	0.814915	0.814517	0.82293	1.0729	1.09061	1.08987	1.08114	1.08919	1.10196	1.1003	1.09801	1.09612	1.08109	1.07365	1.07393	1.06962	1.07617	1.07745	1.06974	1.07535	1.06619	1.09924	1.09692	1.08646	1.08463	1.09708	1.08978	1.08126	1.08018	1.09864	1.09901	1.08031	1.14025	1.105	1.11517	1.1142	1.09759	1.09513	1.09697	0.901848	0.900802	0.900087	0.884605	0.902212	0.886675	0.896648	0.913748	0.890426	0.891635	0.916353	0.891447
ERR636851	0.751136	0.773941	0.759432	0.759714	0	0.750533	1.06332	1.08078	1.07889	1.07839	1.06455	1.07591	0.814845	0.814405	0.830564	0.803909	0.802898	0.802471	0.985632	0.986211	0.969477	0.982762	0.98831	0.979739	0.888261	0.885496	0.869962	0.856965	0.886726	0.858616	0.886497	0.905802	0.884329	0.904014	0.905635	0.900843	0.847747	0.843921	0.850393	0.898993	0.848699	0.856024	0.8008	0.804055	0.802298	0.809109	0.80897	0.818005	1.06913	1.08668	1.08616	1.07739	1.08576	1.09827	1.0968	1.09462	1.09273	1.0777	1.06992	1.0702	1.06684	1.07348	1.07464	1.06697	1.07256	1.0634	1.09589	1.09349	1.08291	1.08121	1.09374	1.08657	1.07763	1.0765	1.09495	1.09569	1.07661	1.13727	1.10161	1.112	1.11094	1.09401	1.09149	1.09344	0.898005	0.896594	0.896131	0.880483	0.898406	0.88256	0.892481	0.910656	0.886403	0.887435	0.91279	0.887375
ERR636850	0.750842	0.774184	0.759362	0.759396	0.750533	0	1.06403	1.08136	1.07976	1.07893	1.06538	1.07662	0.814856	0.813815	0.829975	0.80345	0.80267	0.802176	0.985607	0.986476	0.969785	0.982796	0.988323	0.979434	0.888537	0.884955	0.870139	0.856879	0.88671	0.858456	0.886038	0.90526	0.8839	0.90348	0.905614	0.901008	0.847954	0.843806	0.850246	0.898527	0.848624	0.855895	0.800009	0.803629	0.801944	0.808882	0.808983	0.817307	1.0696	1.08749	1.08687	1.07805	1.08648	1.0991	1.09765	1.09523	1.09337	1.0783	1.07054	1.07097	1.06744	1.07406	1.07532	1.06764	1.07304	1.06391	1.09678	1.09401	1.0837	1.08222	1.09479	1.08715	1.07835	1.07724	1.09563	1.09632	1.07742	1.13775	1.10215	1.11244	1.11144	1.09477	1.09238	1.09408	0.898332	0.896206	0.896003	0.880666	0.898134	0.882428	0.893139	0.910915	0.886736	0.887481	0.913089	0.887679
ERR629940	1.06415	1.0787	1.06616	1.06715	1.06332	1.06403	0	0.761302	0.756898	0.756877	0.730197	0.749095	1.08323	1.0848	1.09503	1.07771	1.07692	1.07663	1.10822	1.10906	1.09464	1.1041	1.10897	1.10268	1.09042	1.08772	1.07761	1.06841	1.08801	1.06869	1.07642	1.09434	1.07548	1.09371	1.0947	1.08922	1.10245	1.098	1.10215	1.13432	1.10164	1.10739	1.06539	1.06822	1.06702	1.07229	1.07305	1.08097	0.865734	0.89209	0.890349	0.877255	0.890438	0.911458	0.896846	0.895554	0.892534	0.870345	0.856628	0.857739	0.97398	0.98079	0.983435	0.974888	0.98037	0.974093	0.931954	0.930071	0.911356	0.908326	0.929228	0.916652	0.856811	0.856572	0.883771	0.885619	0.855604	0.95469	0.914057	0.930556	0.927813	0.901639	0.898231	0.902123	1.0903	1.0907	1.08929	1.07412	1.09217	1.07612	1.0462	1.06333	1.04075	1.04201	1.06365	1.04208
ERR629944	1.08142	1.09594	1.08504	1.08447	1.08078	1.08136	0.761302	0	0.775813	0.775683	0.762935	0.776163	1.10042	1.10075	1.111	1.09384	1.09352	1.09274	1.12136	1.12251	1.11072	1.11866	1.12451	1.11788	1.10728	1.10585	1.09447	1.08515	1.10629	1.08712	1.09391	1.10827	1.09303	1.10766	1.10853	1.10492	1.1163	1.11295	1.11602	1.14352	1.11539	1.12071	1.0818	1.08425	1.08314	1.08972	1.08905	1.0969	0.88833	0.9113	0.909946	0.89637	0.909915	0.928802	0.914055	0.91228	0.909316	0.886898	0.878087	0.878509	0.993207	1.00111	1.00367	0.993686	1.00156	0.989591	0.946021	0.943902	0.931401	0.92883	0.943583	0.934228	0.875474	0.874653	0.902361	0.903604	0.874398	0.968501	0.933056	0.94732	0.944755	0.921337	0.918307	0.921896	1.10422	1.10292	1.10164	1.08982	1.10398	1.09172	1.06235	1.07694	1.05646	1.05771	1.07786	1.05798
ERR629945	1.07978	1.09435	1.08321	1.0829	1.07889	1.07976	0.756898	0.775813	0	0.772446	0.758608	0.772596	1.09909	1.09935	1.10963	1.09223	1.09209	1.09133	1.12036	1.12135	1.10997	1.118	1.12371	1.11667	1.10597	1.10423	1.09287	1.08358	1.10474	1.08554	1.09214	1.10691	1.09177	1.10628	1.10722	1.10333	1.11467	1.1114	1.11463	1.14246	1.11408	1.11918	1.08037	1.08289	1.0819	1.08816	1.08768	1.09556	0.886331	0.90988	0.908334	0.894584	0.908306	0.927045	0.911763	0.910165	0.907207	0.884353	0.875218	0.876169	0.990936	0.998831	1.00155	0.991279	0.999339	0.987624	0.943691	0.941711	0.929043	0.926163	0.941165	0.931996	0.871766	0.8711	0.898553	0.900001	0.87067	0.965626	0.930695	0.944908	0.942209	0.918681	0.915305	0.919238	1.10248	1.10164	1.1002	1.08835	1.1027	1.09017	1.06083	1.07565	1.05514	1.05661	1.07689	1.05667
ERR629943	1.07896	1.09333	1.08215	1.08208	1.07839	1.07893	0.756877	0.775683	0.772446	0	0.758661	0.77219	1.09845	1.09837	1.10891	1.09149	1.09109	1.09023	1.1196	1.12044	1.1091	1.11728	1.12309	1.11616	1.10484	1.10345	1.09216	1.08303	1.10395	1.0846	1.09149	1.10622	1.0908	1.10576	1.10657	1.10295	1.11406	1.11065	1.11388	1.14196	1.11312	1.11857	1.07925	1.08213	1.08104	1.08735	1.08659	1.09483	0.885688	0.908724	0.907524	0.893646	0.907738	0.926415	0.911386	0.909592	0.906753	0.883782	0.874862	0.875299	0.990387	0.998648	1.00081	0.991008	0.998939	0.987171	0.943566	0.94148	0.928469	0.925695	0.94102	0.931445	0.87159	0.871551	0.898955	0.900074	0.870823	0.966162	0.930644	0.944703	0.942508	0.918723	0.915499	0.91928	1.102	1.10102	1.09951	1.08741	1.10232	1.08925	1.06006	1.07513	1.0542	1.05577	1.07588	1.05575
ERR629942	1.0653	1.0799	1.06717	1.06855	1.06455	1.06538	0.730197	0.762935	0.758608	0.758661	0	0.7513	1.08425	1.08589	1.096	1.07882	1.07811	1.07773	1.10913	1.11003	1.09551	1.10491	1.10991	1.10391	1.09154	1.08889	1.07863	1.06935	1.08925	1.06991	1.07744	1.09558	1.07651	1.09462	1.09559	1.09023	1.10335	1.09918	1.10292	1.13489	1.10257	1.10814	1.06651	1.06934	1.06842	1.07368	1.07424	1.08223	0.866732	0.893058	0.891882	0.878655	0.891541	0.912295	0.898382	0.897148	0.893975	0.872316	0.858262	0.859358	0.975347	0.982194	0.98439	0.976237	0.981539	0.97506	0.933253	0.931667	0.913042	0.909847	0.930571	0.918739	0.858566	0.857954	0.885329	0.887024	0.856853	0.955691	0.915557	0.931393	0.9291	0.903457	0.899683	0.903136	1.09149	1.09171	1.09023	1.07514	1.09296	1.07713	1.04728	1.06405	1.04192	1.04311	1.06472	1.04326
ERR629941	1.0767	1.09065	1.07916	1.07949	1.07591	1.07662	0.749095	0.776163	0.772596	0.77219	0.7513	0	1.09528	1.09641	1.10639	1.08967	1.08888	1.08838	1.11756	1.11883	1.10565	1.11458	1.11946	1.11301	1.10201	1.10012	1.08913	1.08028	1.10033	1.08125	1.08855	1.10467	1.08795	1.10441	1.10524	1.10023	1.11289	1.10896	1.11251	1.14213	1.11201	1.1174	1.07741	1.08021	1.07926	1.08493	1.08494	1.09239	0.881928	0.90602	0.904587	0.891299	0.904527	0.924108	0.908747	0.907655	0.904338	0.882684	0.871979	0.872629	0.987643	0.994761	0.9971	0.988001	0.994809	0.985802	0.942747	0.940616	0.925421	0.922753	0.940137	0.929541	0.869717	0.86948	0.89614	0.897717	0.868991	0.963846	0.926979	0.941822	0.939312	0.914816	0.912059	0.915487	1.10049	1.10034	1.099	1.0855	1.10177	1.08728	1.05804	1.07365	1.05268	1.05374	1.07439	1.05394
ERR636926	0.816031	0.830478	0.818151	0.819265	0.814845	0.814856	1.08323	1.10042	1.09909	1.09845	1.08425	1.09528	0	0.793064	0.807792	0.785451	0.784741	0.784289	1.00086	1.00142	0.984123	0.997314	1.0016	0.99439	0.904516	0.900759	0.88844	0.877564	0.902531	0.877516	0.918301	0.937813	0.916178	0.936382	0.938134	0.932497	0.868993	0.864773	0.871081	0.917917	0.869451	0.876423	0.815788	0.818657	0.81751	0.821618	0.823323	0.829962	1.08855	1.10512	1.10462	1.09706	1.10398	1.11603	1.11545	1.11352	1.11167	1.09857	1.09014	1.09092	1.08373	1.08916	1.09014	1.08354	1.08807	1.0812	1.1152	1.11313	1.10097	1.09936	1.11332	1.10531	1.0988	1.0978	1.11391	1.11458	1.09789	1.15239	1.11807	1.12791	1.12718	1.11114	1.10896	1.11072	0.9183	0.917801	0.917061	0.900874	0.919001	0.902811	0.911626	0.928331	0.906422	0.907028	0.930102	0.907097
ERR636927	0.815109	0.830515	0.819006	0.819223	0.814405	0.813815	1.0848	1.10075	1.09935	1.09837	1.08589	1.09641	0.793064	0	0.808134	0.784891	0.784673	0.784022	1.00038	1.00097	0.985214	0.997639	1.00275	0.994464	0.906173	0.90309	0.889196	0.877971	0.904509	0.879051	0.918828	0.936349	0.91696	0.934923	0.936426	0.932081	0.867484	0.864054	0.869604	0.913987	0.867969	0.874596	0.815378	0.817915	0.816874	0.822357	0.822432	0.829775	1.08979	1.10582	1.10552	1.09755	1.10482	1.11682	1.11577	1.11363	1.1119	1.09793	1.09097	1.09133	1.0831	1.08918	1.09017	1.08319	1.08843	1.07939	1.11409	1.11191	1.10154	1.09988	1.11228	1.10511	1.09863	1.09802	1.11455	1.1153	1.09819	1.15345	1.11958	1.12915	1.12857	1.11278	1.11069	1.11208	0.916781	0.915503	0.915229	0.900402	0.916691	0.902647	0.911271	0.926708	0.90576	0.906483	0.928945	0.906717
ERR636925	0.831792	0.844527	0.833774	0.834751	0.830564	0.829975	1.09503	1.111	1.10963	1.10891	1.096	1.10639	0.807792	0.808134	0	0.801795	0.800709	0.800272	1.0107	1.01119	0.995423	1.00745	1.01162	1.00457	0.915639	0.91227	0.899854	0.889701	0.913693	0.890634	0.930422	0.947608	0.928709	0.946358	0.947845	0.943574	0.879422	0.876346	0.881837	0.924506	0.880333	0.886247	0.832048	0.83403	0.833147	0.837708	0.837978	0.84418	1.09947	1.1152	1.11484	1.10756	1.11435	1.12578	1.12531	1.12321	1.12166	1.10883	1.10123	1.10168	1.09371	1.09943	1.10015	1.0935	1.09855	1.09081	1.12434	1.12212	1.11117	1.10985	1.12237	1.11498	1.10899	1.10792	1.12347	1.12424	1.10795	1.16069	1.12817	1.1374	1.13659	1.12146	1.11933	1.12103	0.928758	0.928362	0.928004	0.913132	0.929311	0.915482	0.924314	0.939247	0.919396	0.919929	0.941223	0.91984
ERR636930	0.804788	0.821487	0.809083	0.809102	0.803909	0.80345	1.07771	1.09384	1.09223	1.09149	1.07882	1.08967	0.785451	0.784891	0.801795	0	0.771111	0.770097	0.99431	0.995073	0.978979	0.9918	0.997091	0.98865	0.899773	0.896816	0.881766	0.869937	0.898455	0.871543	0.911487	0.929378	0.909684	0.927952	0.929524	0.925542	0.859626	0.855534	0.861677	0.906698	0.859738	0.866675	0.803849	0.806887	0.805531	0.811921	0.812165	0.819918	1.08294	1.0997	1.0993	1.09086	1.09874	1.11036	1.10987	1.10755	1.10584	1.09139	1.08431	1.08477	1.07706	1.08355	1.08452	1.07715	1.08299	1.07324	1.10801	1.10562	1.0951	1.09386	1.10576	1.09867	1.0919	1.09127	1.10839	1.10883	1.09141	1.14784	1.11388	1.1233	1.12243	1.10663	1.10438	1.10619	0.908669	0.907611	0.906765	0.892275	0.908569	0.894163	0.902874	0.919018	0.897049	0.897615	0.921408	0.897994
ERR636928	0.804002	0.820797	0.808209	0.808581	0.802898	0.80267	1.07692	1.09352	1.09209	1.09109	1.07811	1.08888	0.784741	0.784673	0.800709	0.771111	0	0.769755	0.993194	0.994279	0.977797	0.991008	0.996078	0.988061	0.898934	0.895269	0.881032	0.868852	0.896995	0.870388	0.910264	0.928881	0.908607	0.927191	0.928876	0.924561	0.858905	0.854919	0.860936	0.907572	0.8595	0.866526	0.803016	0.806107	0.804693	0.810917	0.811396	0.819289	1.08252	1.09885	1.09854	1.09025	1.09796	1.11013	1.10946	1.10707	1.1054	1.09121	1.08344	1.08392	1.07689	1.0831	1.08437	1.0769	1.08239	1.07318	1.10766	1.10538	1.09479	1.09323	1.1057	1.09814	1.09158	1.09038	1.10768	1.10825	1.09073	1.14735	1.11309	1.12285	1.12202	1.10592	1.10381	1.10519	0.908586	0.907392	0.906533	0.891386	0.908588	0.893861	0.901599	0.918198	0.895329	0.896105	0.92024	0.896344
ERR636929	0.803539	0.819939	0.807704	0.807802	0.802471	0.802176	1.07663	1.09274	1.09133	1.09023	1.07773	1.08838	0.784289	0.784022	0.800272	0.770097	0.769755	0	0.993045	0.994044	0.977885	0.990644	0.99614	0.987804	0.898135	0.895116	0.880453	0.868391	0.896245	0.869839	0.91031	0.92912	0.908544	0.92763	0.929119	0.924749	0.85875	0.855392	0.860964	0.907106	0.859318	0.866395	0.802704	0.805447	0.80423	0.810856	0.810964	0.819369	1.08184	1.09864	1.09803	1.08977	1.09762	1.10951	1.10877	1.10641	1.10475	1.09066	1.08306	1.08351	1.07628	1.08276	1.08377	1.07628	1.08199	1.07276	1.10704	1.10456	1.09427	1.09256	1.10497	1.09769	1.09079	1.08982	1.10716	1.10763	1.09006	1.14685	1.11254	1.12237	1.12169	1.10542	1.10346	1.10491	0.907859	0.906604	0.905751	0.890977	0.907537	0.893201	0.901424	0.917898	0.8952	0.895706	0.920051	0.896297
ERR605645	0.985932	0.997366	0.989451	0.988405	0.985632	0.985607	1.10822	1.12136	1.12036	1.1196	1.10913	1.11756	1.00086	1.00038	1.0107	0.99431	0.993194	0.993045	0	0.774184	0.770204	0.778502	0.782123	0.77691	1.02423	1.02241	1.00987	1.00035	1.02333	1.00193	0.983452	0.99597	0.982527	0.995341	0.996376	0.993505	1.01394	1.01154	1.01356	1.04554	1.01289	1.01905	0.970194	0.972294	0.971493	0.976057	0.975707	0.981465	1.05705	1.06586	1.06482	1.06046	1.06526	1.07124	1.13475	1.133	1.1318	1.1186	1.1143	1.11432	1.1114	1.11688	1.11864	1.1118	1.11747	1.10789	1.13031	1.12803	1.12119	1.11918	1.12864	1.12356	1.12114	1.12031	1.13564	1.13653	1.12053	1.17	1.06652	1.07012	1.06982	1.06274	1.06107	1.06234	1.00609	1.00534	1.00425	0.992462	1.00608	0.994235	0.95255	0.965749	0.946678	0.947592	0.967709	0.947754
ERR605646	0.986593	0.998094	0.989698	0.989027	0.986211	0.986476	1.10906	1.12251	1.12135	1.12044	1.11003	1.11883	1.00142	1.00097	1.01119	0.995073	0.994279	0.994044	0.774184	0	0.771843	0.779967	0.783242	0.778172	1.02467	1.023	1.01066	1.00143	1.02374	1.0026	0.984324	0.997193	0.983337	0.996152	0.997426	0.994433	1.01462	1.01236	1.01481	1.04674	1.01394	1.01995	0.971631	0.973709	0.973238	0.977191	0.977481	0.982807	1.05734	1.06592	1.06493	1.06056	1.06548	1.07151	1.13577	1.13398	1.133	1.11985	1.11535	1.11541	1.11216	1.11753	1.11907	1.11229	1.11779	1.10897	1.13163	1.12945	1.12216	1.11988	1.12994	1.12482	1.12203	1.12131	1.13628	1.13717	1.12153	1.17064	1.06626	1.06994	1.06985	1.06299	1.0612	1.06243	1.00746	1.00678	1.00533	0.993123	1.00789	0.995535	0.954098	0.967276	0.948378	0.949266	0.969301	0.949574
ERR605641	0.970321	0.981335	0.971779	0.972389	0.969477	0.969785	1.09464	1.11072	1.10997	1.1091	1.09551	1.10565	0.984123	0.985214	0.995423	0.978979	0.977797	0.977885	0.770204	0.771843	0	0.765785	0.773198	0.764632	1.00852	1.00574	0.9945	0.985169	1.0069	0.98507	0.967405	0.984013	0.965854	0.983302	0.984296	0.979386	1.00134	0.997855	1.00151	1.038	1.00041	1.00692	0.954874	0.957546	0.956754	0.959723	0.961169	0.966568	1.04795	1.05821	1.05764	1.05318	1.0576	1.06493	1.12381	1.12237	1.12145	1.10894	1.10189	1.10265	1.09969	1.10425	1.10551	1.09995	1.10398	1.09847	1.12257	1.12056	1.10963	1.10728	1.12096	1.11388	1.11088	1.10979	1.12416	1.12551	1.1101	1.15969	1.05794	1.0634	1.06323	1.05425	1.05253	1.0534	0.994114	0.994905	0.993791	0.977651	0.995858	0.98012	0.935463	0.951504	0.929862	0.930451	0.952546	0.93104
ERR605643	0.98348	0.994075	0.985184	0.985909	0.982762	0.982796	1.1041	1.11866	1.118	1.11728	1.10491	1.11458	0.997314	0.997639	1.00745	0.9918	0.991008	0.990644	0.778502	0.779967	0.765785	0	0.781783	0.773867	1.01958	1.01695	1.00591	0.997002	1.01811	0.99725	0.979847	0.995117	0.978684	0.994072	0.995372	0.991352	1.01266	1.00962	1.01323	1.04703	1.0122	1.01796	0.968585	0.971063	0.970095	0.97341	0.973962	0.97957	1.05374	1.0627	1.0623	1.05837	1.06259	1.06917	1.13177	1.13039	1.12911	1.11731	1.11095	1.11135	1.10853	1.11312	1.11458	1.10885	1.11285	1.10684	1.1303	1.12806	1.11829	1.11627	1.1286	1.12226	1.11892	1.11815	1.13188	1.13314	1.11816	1.16612	1.06234	1.0668	1.06669	1.05897	1.05729	1.05783	1.00603	1.00651	1.00527	0.990909	1.00739	0.992866	0.949401	0.963943	0.943842	0.94467	0.96482	0.945105
ERR605644	0.989265	0.998938	0.990218	0.991308	0.98831	0.988323	1.10897	1.12451	1.12371	1.12309	1.10991	1.11946	1.0016	1.00275	1.01162	0.997091	0.996078	0.99614	0.782123	0.783242	0.773198	0.781783	0	0.781002	1.02339	1.02053	1.01077	1.00218	1.02112	1.0016	0.985453	1.00108	0.98428	1.00021	1.00153	0.996679	1.01825	1.01478	1.01869	1.05305	1.01782	1.02383	0.974408	0.976626	0.97588	0.978655	0.980042	0.985011	1.05751	1.0663	1.06547	1.06216	1.06564	1.07212	1.13665	1.13501	1.13409	1.12315	1.11614	1.11659	1.11345	1.11774	1.11882	1.11381	1.11723	1.11299	1.13621	1.13468	1.1232	1.12137	1.13439	1.12761	1.12451	1.12373	1.13686	1.13791	1.12364	1.16982	1.0646	1.06875	1.06891	1.06139	1.05972	1.06034	1.01193	1.01312	1.01197	0.996793	1.01408	0.998856	0.954836	0.969825	0.950197	0.950519	0.970273	0.950817
ERR605642	0.980304	0.991099	0.98216	0.982334	0.979739	0.979434	1.10268	1.11788	1.11667	1.11616	1.10391	1.11301	0.99439	0.994464	1.00457	0.98865	0.988061	0.987804	0.77691	0.778172	0.764632	0.773867	0.781002	0	1.01707	1.01469	1.00333	0.994095	1.01572	0.9945	0.976842	0.992199	0.975608	0.991356	0.992397	0.988205	1.0095	1.00661	1.00993	1.0444	1.00874	1.0156	0.964529	0.966912	0.966227	0.969328	0.970087	0.975981	1.05324	1.06274	1.0619	1.05787	1.06222	1.06865	1.13085	1.12938	1.12794	1.1159	1.1097	1.11012	1.10688	1.11175	1.11315	1.10732	1.11154	1.10528	1.12848	1.1267	1.11717	1.11472	1.12704	1.12064	1.1174	1.11685	1.13099	1.13208	1.11689	1.1655	1.06238	1.06691	1.06656	1.05897	1.05726	1.05789	1.00227	1.00274	1.00156	0.986874	1.00377	0.989035	0.945705	0.960537	0.940206	0.941229	0.961642	0.94149
ERR607308	0.888918	0.899893	0.890996	0.892312	0.888261	0.888537	1.09042	1.10728	1.10597	1.10484	1.09154	1.10201	0.904516	0.906173	0.915639	0.899773	0.898934	0.898135	1.02423	1.02467	1.00852	1.01958	1.02339	1.01707	0	0.857515	0.848793	0.837226	0.859079	0.837276	0.934906	0.951671	0.933672	0.949921	0.951417	0.946587	0.929361	0.926063	0.931591	0.971397	0.930394	0.935035	0.887057	0.889329	0.888734	0.891726	0.892497	0.897476	1.09522	1.11082	1.1105	1.10368	1.10981	1.1219	1.1197	1.11825	1.11654	1.10404	1.09581	1.09623	1.09169	1.09703	1.09794	1.09188	1.09602	1.08948	1.12338	1.12125	1.10917	1.10769	1.12124	1.11361	1.09939	1.09883	1.11357	1.11432	1.0984	1.15038	1.12361	1.13301	1.13249	1.117	1.11485	1.11629	0.934014	0.936017	0.934584	0.919728	0.936499	0.922134	0.936802	0.952052	0.932929	0.932552	0.952846	0.93316
ERR607310	0.886249	0.896898	0.886864	0.889256	0.885496	0.884955	1.08772	1.10585	1.10423	1.10345	1.08889	1.10012	0.900759	0.90309	0.91227	0.896816	0.895269	0.895116	1.02241	1.023	1.00574	1.01695	1.02053	1.01469	0.857515	0	0.844039	0.833397	0.85359	0.831648	0.931559	0.950276	0.930902	0.948909	0.949605	0.944575	0.927468	0.923503	0.929358	0.971275	0.928692	0.933915	0.884513	0.886973	0.885894	0.888031	0.890232	0.894804	1.09285	1.10895	1.1088	1.10223	1.10792	1.11996	1.11808	1.11668	1.11489	1.10331	1.09321	1.09412	1.09034	1.09519	1.09583	1.09047	1.0939	1.08916	1.12334	1.12157	1.10787	1.10602	1.12109	1.11286	1.09788	1.09732	1.11173	1.11221	1.09696	1.14847	1.12126	1.13081	1.1304	1.11455	1.1124	1.11386	0.933288	0.93537	0.934438	0.917655	0.936241	0.919856	0.934207	0.949685	0.92999	0.929857	0.951066	0.930645
ERR607305	0.870493	0.883083	0.873245	0.874161	0.869962	0.870139	1.07761	1.09447	1.09287	1.09216	1.07863	1.08913	0.88844	0.889196	0.899854	0.881766	0.881032	0.880453	1.00987	1.01066	0.9945	1.00591	1.01077	1.00333	0.848793	0.844039	0	0.815352	0.845449	0.816326	0.919049	0.936009	0.917837	0.933937	0.935502	0.931241	0.913371	0.909655	0.915062	0.956043	0.913825	0.919794	0.867561	0.869863	0.868918	0.872916	0.873919	0.879244	1.08323	1.09968	1.09909	1.09137	1.09832	1.11067	1.10833	1.10698	1.10514	1.09174	1.08325	1.08391	1.07882	1.08465	1.08567	1.07898	1.08378	1.07562	1.1113	1.10916	1.09747	1.09592	1.10928	1.10166	1.08733	1.08661	1.10249	1.1031	1.08626	1.14134	1.11358	1.12297	1.12234	1.10631	1.10396	1.10573	0.91739	0.918486	0.916792	0.9022	0.918831	0.904332	0.918673	0.934238	0.914127	0.91451	0.935973	0.914277
ERR607307	0.857487	0.871732	0.861064	0.861628	0.856965	0.856879	1.06841	1.08515	1.08358	1.08303	1.06935	1.08028	0.877564	0.877971	0.889701	0.869937	0.868852	0.868391	1.00035	1.00143	0.985169	0.997002	1.00218	0.994095	0.837226	0.833397	0.815352	0	0.834422	0.802516	0.906892	0.92444	0.906	0.922613	0.92402	0.920166	0.902971	0.899322	0.904356	0.946386	0.903508	0.909068	0.854061	0.856962	0.855788	0.859968	0.860638	0.866799	1.0742	1.09109	1.09046	1.08252	1.08984	1.10237	1.1006	1.09852	1.09697	1.08252	1.07451	1.07496	1.07007	1.07644	1.0773	1.06993	1.07541	1.06626	1.10255	1.10056	1.08912	1.08733	1.10056	1.09309	1.07877	1.0778	1.09485	1.09527	1.07772	1.13534	1.10546	1.11527	1.11449	1.09808	1.0959	1.09772	0.906553	0.907264	0.905315	0.89045	0.907484	0.892654	0.907277	0.923403	0.901915	0.902503	0.925068	0.902718
ERR607309	0.887537	0.89813	0.88879	0.891052	0.886726	0.88671	1.08801	1.10629	1.10474	1.10395	1.08925	1.10033	0.902531	0.904509	0.913693	0.898455	0.896995	0.896245	1.02333	1.02374	1.0069	1.01811	1.02112	1.01572	0.859079	0.85359	0.845449	0.834422	0	0.833458	0.933028	0.951315	0.931735	0.949797	0.95093	0.946088	0.928799	0.925153	0.93116	0.972166	0.929862	0.935258	0.886127	0.888068	0.887227	0.889773	0.891312	0.896041	1.09338	1.10932	1.1092	1.10239	1.10816	1.12009	1.11865	1.11704	1.1157	1.10395	1.09392	1.095	1.09099	1.09617	1.09637	1.09143	1.09452	1.09007	1.12355	1.12165	1.10794	1.10648	1.12147	1.1134	1.09842	1.09736	1.1121	1.11269	1.09707	1.14874	1.1219	1.13146	1.13091	1.11501	1.11314	1.11439	0.933977	0.936392	0.934869	0.918436	0.936827	0.92096	0.935041	0.950771	0.930956	0.931232	0.951476	0.931283
ERR607306	0.859284	0.872102	0.860892	0.862948	0.858616	0.858456	1.06869	1.08712	1.08554	1.0846	1.06991	1.08125	0.877516	0.879051	0.890634	0.871543	0.870388	0.869839	1.00193	1.0026	0.98507	0.99725	1.0016	0.9945	0.837276	0.831648	0.816326	0.802516	0.833458	0	0.907958	0.927543	0.906982	0.925587	0.926741	0.921917	0.905152	0.90131	0.906812	0.951175	0.905525	0.911838	0.856474	0.859316	0.858226	0.861299	0.863078	0.868754	1.07525	1.09208	1.09171	1.08397	1.09085	1.10348	1.10176	1.10027	1.09828	1.08494	1.07567	1.07617	1.07146	1.07704	1.07788	1.07155	1.07601	1.06949	1.10578	1.1035	1.0901	1.08879	1.10337	1.09499	1.08013	1.07962	1.09537	1.0959	1.07905	1.13517	1.10565	1.11565	1.11508	1.09839	1.09624	1.09788	0.910112	0.911319	0.910057	0.892858	0.912092	0.895126	0.908998	0.925861	0.903874	0.90432	0.926945	0.904947
ERR629858	0.886675	0.899815	0.889608	0.890171	0.886497	0.886038	1.07642	1.09391	1.09214	1.09149	1.07744	1.08855	0.918301	0.918828	0.930422	0.911487	0.910264	0.91031	0.983452	0.984324	0.967405	0.979847	0.985453	0.976842	0.934906	0.931559	0.919049	0.906892	0.933028	0.907958	0	0.82078	0.79393	0.818455	0.820713	0.812857	0.922396	0.918892	0.924061	0.966756	0.921963	0.928626	0.885967	0.888582	0.887271	0.891196	0.891992	0.897774	1.08345	1.10001	1.09953	1.09211	1.09887	1.1107	1.10592	1.104	1.10281	1.08919	1.08136	1.08201	1.0748	1.08	1.08147	1.07485	1.07976	1.07225	1.10784	1.10545	1.09415	1.09191	1.10581	1.09801	1.09133	1.09065	1.10657	1.10749	1.09045	1.14626	1.11347	1.12378	1.12322	1.10705	1.10428	1.1062	0.932901	0.933036	0.931967	0.916082	0.934051	0.917772	0.908602	0.924762	0.902579	0.903847	0.925639	0.904257
ERR629860	0.905282	0.918205	0.910748	0.90944	0.905802	0.90526	1.09434	1.10827	1.10691	1.10622	1.09558	1.10467	0.937813	0.936349	0.947608	0.929378	0.928881	0.92912	0.99597	0.997193	0.984013	0.995117	1.00108	0.992199	0.951671	0.950276	0.936009	0.92444	0.951315	0.927543	0.82078	0	0.819345	0.830401	0.833238	0.833097	0.935485	0.933223	0.936875	0.972356	0.935389	0.940614	0.905356	0.907346	0.906397	0.911403	0.910381	0.915952	1.10029	1.1154	1.1148	1.10701	1.1144	1.12498	1.12043	1.11798	1.11687	1.10267	1.09733	1.09757	1.0881	1.09459	1.096	1.08823	1.0947	1.08315	1.11945	1.11678	1.10925	1.10722	1.11763	1.11172	1.10606	1.10542	1.12156	1.1223	1.10551	1.15933	1.12982	1.13876	1.13815	1.12324	1.12092	1.12247	0.946888	0.944992	0.943875	0.933188	0.945845	0.934537	0.926576	0.93933	0.920752	0.922103	0.94118	0.922341
ERR629856	0.884487	0.897445	0.887624	0.888005	0.884329	0.8839	1.07548	1.09303	1.09177	1.0908	1.07651	1.08795	0.916178	0.91696	0.928709	0.909684	0.908607	0.908544	0.982527	0.983337	0.965854	0.978684	0.98428	0.975608	0.933672	0.930902	0.917837	0.906	0.931735	0.906982	0.79393	0.819345	0	0.81675	0.818901	0.810998	0.920627	0.916721	0.921905	0.96461	0.92016	0.9271	0.884489	0.88719	0.886245	0.889649	0.890691	0.896523	1.08252	1.09905	1.09878	1.09128	1.09797	1.1102	1.10528	1.10316	1.10197	1.08853	1.08037	1.08097	1.07337	1.07872	1.08003	1.07353	1.07813	1.07069	1.10733	1.1048	1.09355	1.09122	1.10502	1.09734	1.09058	1.08984	1.10568	1.10663	1.08973	1.14557	1.11287	1.12298	1.12221	1.1063	1.1039	1.10527	0.932033	0.932714	0.931396	0.915518	0.933076	0.916939	0.907064	0.922996	0.900718	0.901761	0.923981	0.902514
ERR629861	0.903607	0.916686	0.909045	0.907939	0.904014	0.90348	1.09371	1.10766	1.10628	1.10576	1.09462	1.10441	0.936382	0.934923	0.946358	0.927952	0.927191	0.92763	0.995341	0.996152	0.983302	0.994072	1.00021	0.991356	0.949921	0.948909	0.933937	0.922613	0.949797	0.925587	0.818455	0.830401	0.81675	0	0.830578	0.830802	0.933808	0.931811	0.935548	0.971154	0.933708	0.939291	0.903807	0.905704	0.904827	0.909963	0.909127	0.914328	1.09957	1.11479	1.1141	1.10627	1.11367	1.12438	1.1195	1.11744	1.11622	1.10187	1.09683	1.09696	1.0879	1.09421	1.09584	1.08795	1.09458	1.08305	1.11869	1.1161	1.10848	1.10641	1.1166	1.1111	1.10541	1.10447	1.12106	1.12162	1.10468	1.15865	1.12902	1.13798	1.1374	1.12231	1.12022	1.12199	0.945178	0.94357	0.94225	0.932141	0.944259	0.93349	0.925232	0.937967	0.919299	0.920561	0.940032	0.920786
ERR629859	0.905377	0.918108	0.911088	0.90959	0.905635	0.905614	1.0947	1.10853	1.10722	1.10657	1.09559	1.10524	0.938134	0.936426	0.947845	0.929524	0.928876	0.929119	0.996376	0.997426	0.984296	0.995372	1.00153	0.992397	0.951417	0.949605	0.935502	0.92402	0.95093	0.926741	0.820713	0.833238	0.818901	0.830578	0	0.832968	0.936203	0.933584	0.937547	0.973628	0.935975	0.941377	0.904937	0.907039	0.906063	0.910829	0.910435	0.915342	1.10051	1.11574	1.11509	1.10729	1.1146	1.12535	1.12068	1.11848	1.11722	1.10334	1.09809	1.0983	1.08875	1.09508	1.09647	1.08869	1.09525	1.08392	1.11984	1.1175	1.1097	1.10783	1.1179	1.11195	1.10667	1.1056	1.1221	1.12295	1.10572	1.1596	1.12992	1.13911	1.13848	1.12374	1.12137	1.12278	0.946845	0.945463	0.944303	0.933215	0.945625	0.934701	0.926711	0.939345	0.920782	0.922102	0.941039	0.922516
ERR629857	0.901057	0.913299	0.905221	0.904615	0.900843	0.901008	1.08922	1.10492	1.10333	1.10295	1.09023	1.10023	0.932497	0.932081	0.943574	0.925542	0.924561	0.924749	0.993505	0.994433	0.979386	0.991352	0.996679	0.988205	0.946587	0.944575	0.931241	0.920166	0.946088	0.921917	0.812857	0.833097	0.810998	0.830802	0.832968	0	0.933452	0.93032	0.934742	0.97342	0.933378	0.939119	0.901345	0.903501	0.902709	0.906779	0.906707	0.91239	1.09528	1.11094	1.11052	1.10283	1.10977	1.12128	1.11621	1.11421	1.11287	1.09932	1.09307	1.0935	1.08442	1.09036	1.0917	1.08449	1.09042	1.08093	1.11674	1.11427	1.10496	1.10279	1.11465	1.10801	1.10234	1.10143	1.11736	1.1183	1.10137	1.15554	1.12485	1.13411	1.13387	1.11848	1.11618	1.1174	0.944293	0.944253	0.943019	0.929722	0.944665	0.931356	0.921979	0.935917	0.916275	0.91776	0.937643	0.91799
ERR608742	0.847974	0.862212	0.853856	0.853064	0.847747	0.847954	1.10245	1.1163	1.11467	1.11406	1.10335	1.11289	0.868993	0.867484	0.879422	0.859626	0.858905	0.85875	1.01394	1.01462	1.00134	1.01266	1.01825	1.0095	0.929361	0.927468	0.913371	0.902971	0.928799	0.905152	0.922396	0.935485	0.920627	0.933808	0.936203	0.933452	0	0.818466	0.820324	0.869776	0.818619	0.828592	0.853204	0.855213	0.854245	0.859945	0.858854	0.865376	1.10601	1.12177	1.12102	1.11271	1.12057	1.13125	1.13089	1.12875	1.12691	1.11309	1.10736	1.10759	1.09374	1.10014	1.10136	1.09383	1.09977	1.08881	1.12866	1.12615	1.11817	1.1172	1.12705	1.12102	1.11367	1.11295	1.1296	1.13029	1.1132	1.16687	1.13352	1.14243	1.14161	1.12699	1.1247	1.1265	0.923436	0.921034	0.921077	0.910199	0.922295	0.911525	0.930431	0.943845	0.925871	0.926601	0.94609	0.92615
ERR608741	0.844005	0.857938	0.849319	0.84873	0.843921	0.843806	1.098	1.11295	1.1114	1.11065	1.09918	1.10896	0.864773	0.864054	0.876346	0.855534	0.854919	0.855392	1.01154	1.01236	0.997855	1.00962	1.01478	1.00661	0.926063	0.923503	0.909655	0.899322	0.925153	0.90131	0.918892	0.933223	0.916721	0.931811	0.933584	0.93032	0.818466	0	0.820775	0.865777	0.819004	0.823129	0.849053	0.851439	0.850359	0.855813	0.854956	0.861291	1.10242	1.11802	1.11733	1.10932	1.11701	1.12804	1.12734	1.1253	1.12345	1.10969	1.10346	1.1039	1.09038	1.09637	1.09772	1.09039	1.09599	1.08569	1.12603	1.12343	1.11465	1.1135	1.12408	1.118	1.11005	1.10957	1.12612	1.12698	1.10982	1.1643	1.12989	1.13897	1.1381	1.12315	1.1211	1.12259	0.920799	0.91916	0.918665	0.906817	0.920344	0.908087	0.926434	0.941126	0.922132	0.922573	0.942423	0.922471
ERR608743	0.850367	0.864162	0.856186	0.855099	0.850393	0.850246	1.10215	1.11602	1.11463	1.11388	1.10292	1.11251	0.871081	0.869604	0.881837	0.861677	0.860936	0.860964	1.01356	1.01481	1.00151	1.01323	1.01869	1.00993	0.931591	0.929358	0.915062	0.904356	0.93116	0.906812	0.924061	0.936875	0.921905	0.935548	0.937547	0.934742	0.820324	0.820775	0	0.870498	0.820011	0.830135	0.854903	0.856953	0.855995	0.861858	0.860718	0.866949	1.10647	1.12162	1.12105	1.11283	1.12094	1.13125	1.13057	1.12856	1.12649	1.11231	1.10742	1.1073	1.09322	1.1	1.10134	1.09338	1.0997	1.088	1.12783	1.12537	1.11791	1.11638	1.12608	1.12043	1.11359	1.11293	1.12968	1.13049	1.11294	1.16733	1.1335	1.14267	1.14152	1.12706	1.12508	1.12686	0.92485	0.922733	0.922468	0.911978	0.924047	0.91355	0.931691	0.94482	0.926883	0.927642	0.947093	0.927348
ERR608739	0.89852	0.910338	0.906167	0.902538	0.898993	0.898527	1.13432	1.14352	1.14246	1.14196	1.13489	1.14213	0.917917	0.913987	0.924506	0.906698	0.907572	0.907106	1.04554	1.04674	1.038	1.04703	1.05305	1.0444	0.971397	0.971275	0.956043	0.946386	0.972166	0.951175	0.966756	0.972356	0.96461	0.971154	0.973628	0.97342	0.869776	0.865777	0.870498	0	0.869131	0.870578	0.902453	0.903586	0.902658	0.909625	0.906704	0.911599	1.13667	1.15059	1.14913	1.14074	1.14918	1.15804	1.15796	1.15499	1.15376	1.13947	1.13769	1.13759	1.12144	1.12886	1.12997	1.12145	1.12928	1.1139	1.15209	1.1494	1.14673	1.14566	1.15097	1.14719	1.14154	1.14107	1.15772	1.15788	1.14176	1.1916	1.16288	1.16997	1.16923	1.15686	1.15495	1.15659	0.959433	0.955111	0.954929	0.950723	0.956075	0.95202	0.973554	0.982816	0.96889	0.970233	0.985683	0.969904
ERR608744	0.848726	0.862313	0.854226	0.853718	0.848699	0.848624	1.10164	1.11539	1.11408	1.11312	1.10257	1.11201	0.869451	0.867969	0.880333	0.859738	0.8595	0.859318	1.01289	1.01394	1.00041	1.0122	1.01782	1.00874	0.930394	0.928692	0.913825	0.903508	0.929862	0.905525	0.921963	0.935389	0.92016	0.933708	0.935975	0.933378	0.818619	0.819004	0.820011	0.869131	0	0.828364	0.852862	0.854695	0.854191	0.859528	0.858377	0.865069	1.10573	1.12119	1.12036	1.11203	1.12009	1.13095	1.13023	1.12824	1.12638	1.11215	1.10712	1.1071	1.09185	1.09865	1.09978	1.09199	1.09826	1.08662	1.12784	1.12496	1.11756	1.11602	1.12581	1.12012	1.11311	1.11232	1.12951	1.1302	1.11277	1.16723	1.13286	1.14182	1.14099	1.12639	1.1243	1.12619	0.922724	0.919916	0.919557	0.909009	0.921451	0.910673	0.929491	0.943181	0.924813	0.925566	0.94514	0.925584
ERR608740	0.855931	0.869721	0.862041	0.860617	0.856024	0.855895	1.10739	1.12071	1.11918	1.11857	1.10814	1.1174	0.876423	0.874596	0.886247	0.866675	0.866526	0.866395	1.01905	1.01995	1.00692	1.01796	1.02383	1.0156	0.935035	0.933915	0.919794	0.909068	0.935258	0.911838	0.928626	0.940614	0.9271	0.939291	0.941377	0.939119	0.828592	0.823129	0.830135	0.870578	0.828364	0	0.860827	0.863021	0.861924	0.867838	0.866005	0.872339	1.11122	1.12629	1.12538	1.11722	1.12496	1.13572	1.13503	1.13265	1.13122	1.11689	1.11205	1.11238	1.09764	1.10452	1.10544	1.09784	1.10418	1.09221	1.13229	1.12973	1.12265	1.12148	1.1308	1.12511	1.118	1.11713	1.13383	1.13462	1.11751	1.17105	1.1383	1.14667	1.14586	1.13169	1.12967	1.13139	0.928833	0.925983	0.925784	0.916288	0.927499	0.917798	0.936661	0.949065	0.931921	0.932768	0.95132	0.932744
ERR607656	0.800867	0.820395	0.806804	0.806495	0.8008	0.800009	1.06539	1.0818	1.08037	1.07925	1.06651	1.07741	0.815788	0.815378	0.832048	0.803849	0.803016	0.802704	0.970194	0.971631	0.954874	0.968585	0.974408	0.964529	0.887057	0.884513	0.867561	0.854061	0.886127	0.856474	0.885967	0.905356	0.884489	0.903807	0.904937	0.901345	0.853204	0.849053	0.854903	0.902453	0.852862	0.860827	0	0.733142	0.731555	0.742909	0.742423	0.752937	1.07147	1.08922	1.08803	1.07942	1.08759	1.10007	1.10017	1.09757	1.09569	1.08024	1.07368	1.07407	1.06349	1.07018	1.07167	1.06351	1.0696	1.05922	1.09568	1.09277	1.08322	1.08151	1.09347	1.08654	1.08172	1.08078	1.0996	1.10003	1.08112	1.14148	1.10482	1.11506	1.11395	1.09755	1.09529	1.0969	0.879534	0.877403	0.875963	0.860719	0.878222	0.862908	0.877207	0.895178	0.869341	0.870912	0.897804	0.871006
ERR607654	0.804167	0.823147	0.81012	0.809799	0.804055	0.803629	1.06822	1.08425	1.08289	1.08213	1.06934	1.08021	0.818657	0.817915	0.83403	0.806887	0.806107	0.805447	0.972294	0.973709	0.957546	0.971063	0.976626	0.966912	0.889329	0.886973	0.869863	0.856962	0.888068	0.859316	0.888582	0.907346	0.88719	0.905704	0.907039	0.903501	0.855213	0.851439	0.856953	0.903586	0.854695	0.863021	0.733142	0	0.735815	0.747105	0.746375	0.756535	1.07425	1.09164	1.09074	1.08187	1.09021	1.10234	1.10239	1.09986	1.09827	1.08279	1.07639	1.07658	1.06482	1.07176	1.07309	1.06503	1.07109	1.06023	1.09795	1.09537	1.08597	1.08407	1.09583	1.08888	1.08451	1.08356	1.10162	1.10266	1.08368	1.14363	1.10727	1.11737	1.11636	1.10024	1.09789	1.0997	0.88109	0.879854	0.878085	0.863106	0.880688	0.865601	0.879803	0.896768	0.872568	0.873598	0.900002	0.873627
ERR607655	0.803277	0.822076	0.80872	0.808694	0.802298	0.801944	1.06702	1.08314	1.0819	1.08104	1.06842	1.07926	0.81751	0.816874	0.833147	0.805531	0.804693	0.80423	0.971493	0.973238	0.956754	0.970095	0.97588	0.966227	0.888734	0.885894	0.868918	0.855788	0.887227	0.858226	0.887271	0.906397	0.886245	0.904827	0.906063	0.902709	0.854245	0.850359	0.855995	0.902658	0.854191	0.861924	0.731555	0.735815	0	0.745445	0.744617	0.754793	1.07347	1.09054	1.09006	1.08097	1.08944	1.10156	1.10142	1.09896	1.09689	1.08157	1.0752	1.07543	1.06442	1.0714	1.0726	1.0646	1.07048	1.05977	1.09714	1.09429	1.08477	1.08316	1.09492	1.08776	1.08329	1.08233	1.10079	1.1014	1.08271	1.14247	1.10635	1.11637	1.11563	1.0993	1.09676	1.09873	0.880516	0.878444	0.876865	0.862246	0.879503	0.864291	0.878725	0.895904	0.871014	0.872538	0.899079	0.872483
ERR607652	0.809988	0.826814	0.813613	0.814915	0.809109	0.808882	1.07229	1.08972	1.08816	1.08735	1.07368	1.08493	0.821618	0.822357	0.837708	0.811921	0.810917	0.810856	0.976057	0.977191	0.959723	0.97341	0.978655	0.969328	0.891726	0.888031	0.872916	0.859968	0.889773	0.861299	0.891196	0.911403	0.889649	0.909963	0.910829	0.906779	0.859945	0.855813	0.861858	0.909625	0.859528	0.867838	0.742909	0.747105	0.745445	0	0.750594	0.759863	1.07898	1.09589	1.09512	1.08703	1.09464	1.10723	1.10686	1.10464	1.10274	1.08844	1.08102	1.08164	1.06813	1.07413	1.07522	1.0684	1.0732	1.06448	1.10417	1.10169	1.09045	1.08869	1.10197	1.09406	1.08955	1.0886	1.10611	1.1069	1.08887	1.14703	1.11067	1.12078	1.11986	1.10353	1.10122	1.10297	0.885434	0.885109	0.883612	0.86751	0.885723	0.869203	0.883988	0.901476	0.877303	0.878503	0.903621	0.878853
ERR607653	0.809933	0.827503	0.814769	0.814517	0.80897	0.808983	1.07305	1.08905	1.08768	1.08659	1.07424	1.08494	0.823323	0.822432	0.837978	0.812165	0.811396	0.810964	0.975707	0.977481	0.961169	0.973962	0.980042	0.970087	0.892497	0.890232	0.873919	0.860638	0.891312	0.863078	0.891992	0.910381	0.890691	0.909127	0.910435	0.906707	0.858854	0.854956	0.860718	0.906704	0.858377	0.866005	0.742423	0.746375	0.744617	0.750594	0	0.759847	1.07889	1.09586	1.09511	1.08635	1.09464	1.10692	1.10662	1.10409	1.10262	1.0874	1.08103	1.08137	1.06787	1.07479	1.07616	1.06827	1.07413	1.0634	1.10244	1.09961	1.09023	1.08853	1.10034	1.09332	1.08895	1.08801	1.10578	1.10687	1.08821	1.14702	1.11124	1.12113	1.12	1.10458	1.10201	1.1039	0.884508	0.882736	0.881585	0.866759	0.884103	0.869135	0.883849	0.900753	0.876937	0.8781	0.90337	0.878041
ERR607651	0.81847	0.83443	0.823028	0.82293	0.818005	0.817307	1.08097	1.0969	1.09556	1.09483	1.08223	1.09239	0.829962	0.829775	0.84418	0.819918	0.819289	0.819369	0.981465	0.982807	0.966568	0.97957	0.985011	0.975981	0.897476	0.894804	0.879244	0.866799	0.896041	0.868754	0.897774	0.915952	0.896523	0.914328	0.915342	0.91239	0.865376	0.861291	0.866949	0.911599	0.865069	0.872339	0.752937	0.756535	0.754793	0.759863	0.759847	0	1.08664	1.10319	1.10248	1.09429	1.10189	1.11404	1.11377	1.11171	1.10973	1.09527	1.08872	1.0892	1.0737	1.08008	1.08142	1.07382	1.07941	1.06937	1.11017	1.10756	1.09779	1.0962	1.10788	1.10119	1.09678	1.09585	1.11328	1.11379	1.09604	1.15305	1.11802	1.12762	1.12694	1.11141	1.10893	1.11066	0.890267	0.888948	0.887806	0.87358	0.889837	0.875358	0.890961	0.90674	0.884497	0.885905	0.909706	0.885766
