	ERR629704	ERR629705	ERR629708	ERR629706	ERR629707	ERR629709	ERR605656	ERR605653	ERR605658	ERR605654	ERR605657	ERR605655	ERR608884	ERR608887	ERR608886	ERR608888	ERR608883	ERR608885	ERR613552	ERR613556	ERR613554	ERR613551	ERR613553	ERR613555	ERR631209	ERR631212	ERR631207	ERR631208	ERR631211	ERR631210	ERR613356	ERR613354	ERR613355	ERR613353	ERR613358	ERR613357	ERR636976	ERR636978	ERR636974	ERR636975	ERR636973	ERR636977	ERR608367	ERR608369	ERR608366	ERR608370	ERR608365	ERR608368	ERR607484	ERR607483	ERR607481	ERR607482	ERR607486	ERR607485	ERR614872	ERR614873	ERR614876	ERR614875	ERR614871	ERR614874	ERR616957	ERR616960	ERR616958	ERR616956	ERR616955	ERR616959	ERR616477	ERR616479	ERR616476	ERR616474	ERR616478	ERR616475	ERR616857	ERR616858	ERR616854	ERR616855	ERR616853	ERR616856	ERR630009	ERR630006	ERR630008	ERR630007	ERR630011	ERR630010	ERR608173	ERR608177	ERR608175	ERR608174	ERR608178	ERR608176	ERR605718	ERR605714	ERR605715	ERR605713	ERR605717	ERR605716
ERR629704	4.63642e+08	2.72037e+08	3.3998e+08	2.71271e+08	3.41097e+08	3.48251e+08	2.27824e+08	2.65452e+08	2.32575e+08	2.43168e+08	2.36389e+08	2.37873e+08	3.56511e+08	2.57402e+08	2.51779e+08	2.50547e+08	3.40357e+08	3.59073e+08	3.21205e+08	2.68947e+08	2.74618e+08	3.23486e+08	3.20125e+08	2.70317e+08	2.3171e+08	1.93506e+08	2.01022e+08	1.94462e+08	1.93727e+08	1.94723e+08	2.19963e+08	2.31131e+08	2.55772e+08	2.81684e+08	1.78891e+08	2.26699e+08	2.45218e+08	2.95109e+08	2.30256e+08	2.83972e+08	2.8112e+08	3.02521e+08	2.91273e+08	2.98636e+08	2.61012e+08	2.60939e+08	2.0114e+08	2.93091e+08	1.69117e+08	1.45137e+08	1.45651e+08	1.50025e+08	1.71217e+08	1.68745e+08	1.55226e+08	1.48276e+08	1.93115e+08	1.90611e+08	1.49586e+08	1.92917e+08	1.86187e+08	1.50697e+08	1.51085e+08	1.7936e+08	1.69972e+08	1.4776e+08	2.0564e+08	2.07012e+08	1.61665e+08	1.59735e+08	2.07021e+08	9.66784e+07	1.59433e+08	1.60999e+08	1.84379e+08	2.04471e+08	1.85771e+08	1.57483e+08	2.11988e+08	2.96069e+08	2.80417e+08	2.56837e+08	2.65543e+08	2.57428e+08	1.55649e+08	1.95184e+08	2.23605e+08	1.99112e+08	1.86782e+08	1.9948e+08	1.60859e+08	1.68356e+08	1.64662e+08	1.84085e+08	1.6306e+08	1.57363e+08
ERR629705	2.72037e+08	3.44325e+08	2.84873e+08	2.2822e+08	2.85856e+08	2.9184e+08	1.90928e+08	2.22161e+08	1.95284e+08	2.03844e+08	1.98533e+08	1.99354e+08	2.98017e+08	2.16009e+08	2.11192e+08	2.10226e+08	2.84696e+08	3.00192e+08	2.68382e+08	2.24807e+08	2.2951e+08	2.70409e+08	2.67575e+08	2.2596e+08	1.92147e+08	1.60451e+08	1.66587e+08	1.60982e+08	1.60667e+08	1.61539e+08	1.83929e+08	1.93328e+08	2.13812e+08	2.35086e+08	1.50192e+08	1.89367e+08	2.05458e+08	2.46995e+08	1.93235e+08	2.37472e+08	2.3512e+08	2.53167e+08	2.43678e+08	2.49595e+08	2.18633e+08	2.18688e+08	1.69252e+08	2.45093e+08	1.39719e+08	1.20047e+08	1.20678e+08	1.24088e+08	1.41496e+08	1.39631e+08	1.29382e+08	1.23598e+08	1.60953e+08	1.5884e+08	1.24813e+08	1.60741e+08	1.54381e+08	1.25567e+08	1.25776e+08	1.48729e+08	1.41275e+08	1.23098e+08	1.70273e+08	1.71552e+08	1.33584e+08	1.32054e+08	1.71479e+08	7.99371e+07	1.32227e+08	1.33475e+08	1.52539e+08	1.69016e+08	1.53741e+08	1.30664e+08	1.78632e+08	2.48159e+08	2.34916e+08	2.157e+08	2.23153e+08	2.16409e+08	1.28647e+08	1.61026e+08	1.84146e+08	1.64247e+08	1.54116e+08	1.64684e+08	1.33493e+08	1.39432e+08	1.36357e+08	1.524e+08	1.35251e+08	1.3024e+08
ERR629708	3.3998e+08	2.84873e+08	5.05523e+08	2.83853e+08	3.59735e+08	3.66092e+08	2.3924e+08	2.78794e+08	2.44389e+08	2.55568e+08	2.4846e+08	2.49859e+08	3.74876e+08	2.70305e+08	2.64246e+08	2.62983e+08	3.57736e+08	3.77335e+08	3.37989e+08	2.82442e+08	2.88489e+08	3.40355e+08	3.36826e+08	2.84031e+08	2.44406e+08	2.04146e+08	2.11965e+08	2.05008e+08	2.04352e+08	2.05513e+08	2.30993e+08	2.42644e+08	2.68588e+08	2.95945e+08	1.87832e+08	2.37876e+08	2.57916e+08	3.10741e+08	2.42274e+08	2.98857e+08	2.95743e+08	3.18536e+08	3.05923e+08	3.13964e+08	2.74201e+08	2.74126e+08	2.11384e+08	3.07954e+08	1.78673e+08	1.53524e+08	1.54039e+08	1.5871e+08	1.80921e+08	1.78449e+08	1.63651e+08	1.56208e+08	2.03633e+08	2.0091e+08	1.57748e+08	2.03333e+08	1.96278e+08	1.59174e+08	1.59519e+08	1.89115e+08	1.79359e+08	1.56154e+08	2.17594e+08	2.19208e+08	1.70876e+08	1.68813e+08	2.1918e+08	1.02194e+08	1.68829e+08	1.70348e+08	1.94957e+08	2.16238e+08	1.96481e+08	1.66787e+08	2.22936e+08	3.11223e+08	2.94547e+08	2.70186e+08	2.79436e+08	2.70775e+08	1.6446e+08	2.06088e+08	2.36015e+08	2.10314e+08	1.97265e+08	2.10732e+08	1.69971e+08	1.77857e+08	1.74024e+08	1.94401e+08	1.72397e+08	1.6607e+08
ERR629706	2.71271e+08	2.2822e+08	2.83853e+08	3.42511e+08	2.84983e+08	2.90881e+08	1.90341e+08	2.21413e+08	1.94304e+08	2.03188e+08	1.97625e+08	1.98812e+08	2.97362e+08	2.1563e+08	2.10794e+08	2.09793e+08	2.84158e+08	2.99314e+08	2.6745e+08	2.24277e+08	2.28953e+08	2.69401e+08	2.66705e+08	2.25506e+08	1.91642e+08	1.59936e+08	1.66047e+08	1.60543e+08	1.60203e+08	1.61093e+08	1.83581e+08	1.92802e+08	2.13205e+08	2.34661e+08	1.49788e+08	1.88949e+08	2.04556e+08	2.4597e+08	1.92311e+08	2.36572e+08	2.3427e+08	2.51881e+08	2.42603e+08	2.4883e+08	2.17782e+08	2.17767e+08	1.68444e+08	2.44121e+08	1.39237e+08	1.19468e+08	1.20016e+08	1.23576e+08	1.40999e+08	1.38963e+08	1.28776e+08	1.22966e+08	1.60328e+08	1.58266e+08	1.24247e+08	1.60097e+08	1.53986e+08	1.2501e+08	1.25143e+08	1.48498e+08	1.40842e+08	1.22641e+08	1.69443e+08	1.70511e+08	1.33004e+08	1.31404e+08	1.70557e+08	7.95331e+07	1.31433e+08	1.32638e+08	1.51879e+08	1.68223e+08	1.53146e+08	1.29869e+08	1.77616e+08	2.47144e+08	2.34107e+08	2.14715e+08	2.22214e+08	2.1537e+08	1.28e+08	1.60437e+08	1.8366e+08	1.63652e+08	1.53519e+08	1.6397e+08	1.32662e+08	1.38806e+08	1.35859e+08	1.51759e+08	1.34458e+08	1.29618e+08
ERR629707	3.41097e+08	2.85856e+08	3.59735e+08	2.84983e+08	5.08184e+08	3.67404e+08	2.40104e+08	2.79775e+08	2.45139e+08	2.56393e+08	2.49259e+08	2.50791e+08	3.76221e+08	2.71238e+08	2.6518e+08	2.63736e+08	3.59084e+08	3.78462e+08	3.39187e+08	2.8358e+08	2.89505e+08	3.41646e+08	3.38063e+08	2.84977e+08	2.45251e+08	2.04812e+08	2.12578e+08	2.05621e+08	2.05011e+08	2.06129e+08	2.31812e+08	2.43451e+08	2.69661e+08	2.96991e+08	1.88583e+08	2.38817e+08	2.5875e+08	3.11658e+08	2.42878e+08	2.99616e+08	2.96628e+08	3.19417e+08	3.06781e+08	3.14565e+08	2.74938e+08	2.74941e+08	2.11873e+08	3.08809e+08	1.79424e+08	1.53998e+08	1.54621e+08	1.5928e+08	1.81528e+08	1.79142e+08	1.64155e+08	1.56689e+08	2.0416e+08	2.01497e+08	1.58109e+08	2.04071e+08	1.96963e+08	1.59629e+08	1.59964e+08	1.89684e+08	1.79932e+08	1.56528e+08	2.18354e+08	2.19877e+08	1.7156e+08	1.694e+08	2.19814e+08	1.02575e+08	1.69254e+08	1.70845e+08	1.95592e+08	2.16721e+08	1.97072e+08	1.67295e+08	2.2356e+08	3.12324e+08	2.95473e+08	2.70851e+08	2.80095e+08	2.71495e+08	1.65046e+08	2.06853e+08	2.36983e+08	2.11159e+08	1.98007e+08	2.11595e+08	1.7057e+08	1.78428e+08	1.74554e+08	1.94974e+08	1.72873e+08	1.66822e+08
ERR629709	3.48251e+08	2.9184e+08	3.66092e+08	2.90881e+08	3.67404e+08	5.26879e+08	2.4492e+08	2.85527e+08	2.50168e+08	2.61599e+08	2.54371e+08	2.55887e+08	3.83788e+08	2.76387e+08	2.70241e+08	2.68922e+08	3.66123e+08	3.8618e+08	3.46259e+08	2.89109e+08	2.95538e+08	3.48666e+08	3.45187e+08	2.90747e+08	2.50207e+08	2.08893e+08	2.16871e+08	2.09876e+08	2.0918e+08	2.10311e+08	2.36258e+08	2.48397e+08	2.75002e+08	3.02907e+08	1.92173e+08	2.43374e+08	2.64252e+08	3.18268e+08	2.48106e+08	3.06177e+08	3.02889e+08	3.26323e+08	3.13256e+08	3.21092e+08	2.80741e+08	2.80482e+08	2.16354e+08	3.1508e+08	1.83101e+08	1.57302e+08	1.57938e+08	1.62578e+08	1.85423e+08	1.82969e+08	1.67636e+08	1.60089e+08	2.08554e+08	2.05913e+08	1.61593e+08	2.084e+08	2.00824e+08	1.62965e+08	1.63164e+08	1.93391e+08	1.83507e+08	1.59636e+08	2.23206e+08	2.24546e+08	1.75114e+08	1.73029e+08	2.24697e+08	1.04753e+08	1.73162e+08	1.74696e+08	1.99873e+08	2.2162e+08	2.01519e+08	1.70953e+08	2.28355e+08	3.19063e+08	3.01971e+08	2.76641e+08	2.86242e+08	2.77637e+08	1.68508e+08	2.11397e+08	2.41734e+08	2.15435e+08	2.0215e+08	2.15971e+08	1.74447e+08	1.82295e+08	1.78391e+08	1.99334e+08	1.76802e+08	1.70312e+08
ERR605656	2.27824e+08	1.90928e+08	2.3924e+08	1.90341e+08	2.40104e+08	2.4492e+08	3.29263e+08	2.49967e+08	2.21275e+08	2.30739e+08	2.24285e+08	2.25928e+08	2.68336e+08	1.93817e+08	1.89698e+08	1.88766e+08	2.55687e+08	2.69823e+08	2.73802e+08	2.33203e+08	2.37564e+08	2.75397e+08	2.73118e+08	2.34251e+08	1.76104e+08	1.46849e+08	1.52428e+08	1.47886e+08	1.46862e+08	1.47836e+08	1.98238e+08	2.05764e+08	2.25462e+08	2.46153e+08	1.64851e+08	2.03576e+08	1.82847e+08	2.20035e+08	1.71411e+08	2.12035e+08	2.10007e+08	2.25412e+08	2.19212e+08	2.25078e+08	1.9636e+08	1.96443e+08	1.50871e+08	2.21052e+08	1.32721e+08	1.14017e+08	1.14218e+08	1.17629e+08	1.34368e+08	1.32516e+08	1.16105e+08	1.11158e+08	1.4473e+08	1.4265e+08	1.11831e+08	1.44501e+08	1.51801e+08	1.22167e+08	1.22557e+08	1.46252e+08	1.38557e+08	1.20003e+08	1.58467e+08	1.59478e+08	1.24736e+08	1.22942e+08	1.59477e+08	7.43606e+07	1.25155e+08	1.26406e+08	1.45528e+08	1.61179e+08	1.46018e+08	1.23722e+08	1.58747e+08	2.22936e+08	2.11223e+08	1.93222e+08	1.98591e+08	1.92343e+08	1.22416e+08	1.53643e+08	1.77009e+08	1.57429e+08	1.47224e+08	1.57141e+08	1.27559e+08	1.34882e+08	1.31627e+08	1.47516e+08	1.29085e+08	1.25813e+08
ERR605653	2.65452e+08	2.22161e+08	2.78794e+08	2.21413e+08	2.79775e+08	2.85527e+08	2.49967e+08	4.2026e+08	2.53433e+08	2.66016e+08	2.56995e+08	2.60118e+08	3.12854e+08	2.2521e+08	2.20373e+08	2.19234e+08	2.97908e+08	3.1452e+08	3.16623e+08	2.68583e+08	2.73941e+08	3.18437e+08	3.15787e+08	2.69844e+08	2.06637e+08	1.7244e+08	1.78995e+08	1.73503e+08	1.72366e+08	1.73445e+08	2.27484e+08	2.36421e+08	2.59595e+08	2.83764e+08	1.88389e+08	2.3359e+08	2.13464e+08	2.57168e+08	2.00188e+08	2.47925e+08	2.45597e+08	2.63619e+08	2.55361e+08	2.61958e+08	2.28404e+08	2.28459e+08	1.75377e+08	2.57223e+08	1.55834e+08	1.33931e+08	1.3419e+08	1.38313e+08	1.57717e+08	1.55662e+08	1.36807e+08	1.30976e+08	1.70386e+08	1.67955e+08	1.31603e+08	1.70036e+08	1.76799e+08	1.42601e+08	1.42912e+08	1.703e+08	1.61467e+08	1.39936e+08	1.86299e+08	1.87557e+08	1.46514e+08	1.44595e+08	1.87526e+08	8.72084e+07	1.47404e+08	1.48879e+08	1.71129e+08	1.89591e+08	1.71842e+08	1.45579e+08	1.84983e+08	2.60261e+08	2.4647e+08	2.25334e+08	2.3175e+08	2.24408e+08	1.43767e+08	1.80466e+08	2.07473e+08	1.84616e+08	1.72781e+08	1.84429e+08	1.50171e+08	1.58406e+08	1.54528e+08	1.73321e+08	1.51939e+08	1.47731e+08
ERR605658	2.32575e+08	1.95284e+08	2.44389e+08	1.94304e+08	2.45139e+08	2.50168e+08	2.21275e+08	2.53433e+08	3.38514e+08	2.3434e+08	2.29323e+08	2.29205e+08	2.7235e+08	1.96187e+08	1.91944e+08	1.91124e+08	2.59839e+08	2.74265e+08	2.79932e+08	2.37259e+08	2.42065e+08	2.81428e+08	2.79205e+08	2.38456e+08	1.7883e+08	1.49155e+08	1.54786e+08	1.49751e+08	1.49285e+08	1.50066e+08	2.00928e+08	2.09637e+08	2.29719e+08	2.50211e+08	1.67929e+08	2.06356e+08	1.87561e+08	2.25715e+08	1.76044e+08	2.17049e+08	2.15175e+08	2.31232e+08	2.22619e+08	2.27977e+08	1.99354e+08	1.99563e+08	1.54302e+08	2.23752e+08	1.34807e+08	1.16058e+08	1.16457e+08	1.19835e+08	1.36507e+08	1.34672e+08	1.19191e+08	1.13915e+08	1.48252e+08	1.46178e+08	1.1492e+08	1.48053e+08	1.52641e+08	1.24524e+08	1.24617e+08	1.46997e+08	1.40158e+08	1.22103e+08	1.62149e+08	1.63375e+08	1.27111e+08	1.25421e+08	1.63203e+08	7.55269e+07	1.28677e+08	1.29909e+08	1.48383e+08	1.64407e+08	1.49496e+08	1.27058e+08	1.63765e+08	2.28356e+08	2.16377e+08	1.98367e+08	2.04851e+08	1.98503e+08	1.24371e+08	1.55853e+08	1.78177e+08	1.58854e+08	1.49251e+08	1.59301e+08	1.30869e+08	1.3748e+08	1.34077e+08	1.50099e+08	1.32576e+08	1.27677e+08
ERR605654	2.43168e+08	2.03844e+08	2.55568e+08	2.03188e+08	2.56393e+08	2.61599e+08	2.30739e+08	2.66016e+08	2.3434e+08	3.65303e+08	2.37654e+08	2.40142e+08	2.85834e+08	2.06096e+08	2.0147e+08	2.00557e+08	2.72382e+08	2.87535e+08	2.91392e+08	2.47314e+08	2.52166e+08	2.93076e+08	2.90732e+08	2.48512e+08	1.88649e+08	1.57341e+08	1.6345e+08	1.58162e+08	1.57443e+08	1.58312e+08	2.09664e+08	2.18165e+08	2.39403e+08	2.6122e+08	1.74437e+08	2.1561e+08	1.95736e+08	2.35775e+08	1.83668e+08	2.27125e+08	2.25011e+08	2.41511e+08	2.34012e+08	2.39803e+08	2.0939e+08	2.09379e+08	1.61298e+08	2.35402e+08	1.42053e+08	1.22169e+08	1.22562e+08	1.26196e+08	1.43902e+08	1.41929e+08	1.24905e+08	1.19509e+08	1.55491e+08	1.53263e+08	1.20432e+08	1.55381e+08	1.61302e+08	1.30577e+08	1.30855e+08	1.55425e+08	1.47617e+08	1.2815e+08	1.70235e+08	1.71252e+08	1.33801e+08	1.31984e+08	1.71416e+08	7.96974e+07	1.34784e+08	1.36166e+08	1.56298e+08	1.7305e+08	1.56967e+08	1.33152e+08	1.70099e+08	2.38492e+08	2.25998e+08	2.06793e+08	2.12863e+08	2.06221e+08	1.31196e+08	1.64518e+08	1.88943e+08	1.68195e+08	1.57581e+08	1.68321e+08	1.37184e+08	1.44782e+08	1.41241e+08	1.58257e+08	1.38962e+08	1.34866e+08
ERR605657	2.36389e+08	1.98533e+08	2.4846e+08	1.97625e+08	2.49259e+08	2.54371e+08	2.24285e+08	2.56995e+08	2.29323e+08	2.37654e+08	3.4675e+08	2.32418e+08	2.7651e+08	1.99159e+08	1.94814e+08	1.93854e+08	2.63833e+08	2.78453e+08	2.83887e+08	2.40547e+08	2.45274e+08	2.85497e+08	2.83101e+08	2.41638e+08	1.81351e+08	1.51311e+08	1.57188e+08	1.52026e+08	1.51482e+08	1.52384e+08	2.03505e+08	2.12446e+08	2.32931e+08	2.53671e+08	1.70283e+08	2.09127e+08	1.90627e+08	2.29321e+08	1.79002e+08	2.20404e+08	2.18503e+08	2.35146e+08	2.25805e+08	2.31344e+08	2.02296e+08	2.0242e+08	1.56714e+08	2.27107e+08	1.36665e+08	1.17603e+08	1.18122e+08	1.21464e+08	1.38262e+08	1.36484e+08	1.21128e+08	1.15694e+08	1.50667e+08	1.48515e+08	1.167e+08	1.5033e+08	1.54433e+08	1.26157e+08	1.26195e+08	1.48789e+08	1.41894e+08	1.23686e+08	1.6453e+08	1.65522e+08	1.28848e+08	1.27056e+08	1.65534e+08	7.66468e+07	1.30442e+08	1.31766e+08	1.50386e+08	1.6675e+08	1.51669e+08	1.28888e+08	1.66646e+08	2.32058e+08	2.19913e+08	2.01499e+08	2.0838e+08	2.01789e+08	1.26117e+08	1.58023e+08	1.80474e+08	1.60988e+08	1.51259e+08	1.61525e+08	1.32817e+08	1.39304e+08	1.36003e+08	1.52201e+08	1.34672e+08	1.29482e+08
ERR605655	2.37873e+08	1.99354e+08	2.49859e+08	1.98812e+08	2.50791e+08	2.55887e+08	2.25928e+08	2.60118e+08	2.29205e+08	2.40142e+08	2.32418e+08	3.52106e+08	2.79861e+08	2.0175e+08	1.97337e+08	1.96439e+08	2.66589e+08	2.81428e+08	2.8548e+08	2.42381e+08	2.47216e+08	2.87144e+08	2.84705e+08	2.43668e+08	1.84348e+08	1.53632e+08	1.59546e+08	1.54515e+08	1.53707e+08	1.54553e+08	2.05807e+08	2.14216e+08	2.34696e+08	2.56062e+08	1.71311e+08	2.11328e+08	1.91549e+08	2.30483e+08	1.79717e+08	2.22089e+08	2.20076e+08	2.36142e+08	2.28787e+08	2.34723e+08	2.04903e+08	2.04881e+08	1.57701e+08	2.3052e+08	1.38934e+08	1.19314e+08	1.19719e+08	1.2327e+08	1.4064e+08	1.38752e+08	1.21949e+08	1.16685e+08	1.51818e+08	1.49671e+08	1.17497e+08	1.5157e+08	1.5796e+08	1.2765e+08	1.27921e+08	1.52097e+08	1.44495e+08	1.25268e+08	1.66224e+08	1.67352e+08	1.30739e+08	1.29029e+08	1.67316e+08	7.78972e+07	1.31507e+08	1.32738e+08	1.52579e+08	1.68949e+08	1.53143e+08	1.29901e+08	1.66277e+08	2.33072e+08	2.2083e+08	2.02071e+08	2.08032e+08	2.01676e+08	1.28083e+08	1.60622e+08	1.84549e+08	1.64255e+08	1.53802e+08	1.64214e+08	1.33866e+08	1.41314e+08	1.37912e+08	1.54468e+08	1.35659e+08	1.31602e+08
ERR608884	3.56511e+08	2.98017e+08	3.74876e+08	2.97362e+08	3.76221e+08	3.83788e+08	2.68336e+08	3.12854e+08	2.7235e+08	2.85834e+08	2.7651e+08	2.79861e+08	6.38835e+08	3.34925e+08	3.27917e+08	3.25829e+08	4.44267e+08	4.68583e+08	3.91264e+08	3.28117e+08	3.35265e+08	3.94031e+08	3.90303e+08	3.29845e+08	2.84509e+08	2.37517e+08	2.46113e+08	2.39001e+08	2.37448e+08	2.38693e+08	2.67494e+08	2.79739e+08	3.09725e+08	3.42144e+08	2.16176e+08	2.75376e+08	2.89191e+08	3.48457e+08	2.707e+08	3.35939e+08	3.32355e+08	3.57116e+08	3.59531e+08	3.69924e+08	3.21566e+08	3.21515e+08	2.46106e+08	3.63234e+08	2.08539e+08	1.78683e+08	1.78856e+08	1.84541e+08	2.11142e+08	2.08311e+08	1.85262e+08	1.77315e+08	2.31174e+08	2.27911e+08	1.78265e+08	2.30818e+08	2.26682e+08	1.81336e+08	1.81858e+08	2.18388e+08	2.05608e+08	1.78021e+08	2.517e+08	2.53336e+08	1.98907e+08	1.96458e+08	2.53659e+08	1.19693e+08	1.91781e+08	1.9376e+08	2.23307e+08	2.47092e+08	2.23883e+08	1.8934e+08	2.51613e+08	3.53637e+08	3.3482e+08	3.06226e+08	3.15809e+08	3.05709e+08	1.90558e+08	2.39357e+08	2.76792e+08	2.45917e+08	2.29465e+08	2.44977e+08	1.94095e+08	2.03843e+08	1.99613e+08	2.23348e+08	1.96632e+08	1.91346e+08
ERR608887	2.57402e+08	2.16009e+08	2.70305e+08	2.1563e+08	2.71238e+08	2.76387e+08	1.93817e+08	2.2521e+08	1.96187e+08	2.06096e+08	1.99159e+08	2.0175e+08	3.34925e+08	3.63557e+08	2.3904e+08	2.37527e+08	3.19071e+08	3.36075e+08	2.80033e+08	2.35822e+08	2.40884e+08	2.81632e+08	2.79199e+08	2.37107e+08	2.00931e+08	1.68008e+08	1.74108e+08	1.68976e+08	1.67879e+08	1.68788e+08	1.92929e+08	2.01287e+08	2.22532e+08	2.45359e+08	1.56279e+08	1.98563e+08	2.06914e+08	2.48681e+08	1.93892e+08	2.39846e+08	2.37406e+08	2.54612e+08	2.58948e+08	2.66437e+08	2.32083e+08	2.32059e+08	1.78185e+08	2.6158e+08	1.45545e+08	1.24772e+08	1.24851e+08	1.28734e+08	1.47366e+08	1.45424e+08	1.30725e+08	1.25112e+08	1.63182e+08	1.60927e+08	1.25805e+08	1.62879e+08	1.60799e+08	1.28385e+08	1.28922e+08	1.55013e+08	1.45745e+08	1.26161e+08	1.76288e+08	1.77527e+08	1.39424e+08	1.37703e+08	1.77837e+08	8.4149e+07	1.33755e+08	1.35051e+08	1.55793e+08	1.72368e+08	1.56026e+08	1.32029e+08	1.81438e+08	2.53951e+08	2.40575e+08	2.2033e+08	2.26978e+08	2.19909e+08	1.3363e+08	1.6782e+08	1.94275e+08	1.72688e+08	1.60855e+08	1.71812e+08	1.35548e+08	1.42535e+08	1.39583e+08	1.5611e+08	1.37192e+08	1.33828e+08
ERR608886	2.51779e+08	2.11192e+08	2.64246e+08	2.10794e+08	2.6518e+08	2.70241e+08	1.89698e+08	2.20373e+08	1.91944e+08	2.0147e+08	1.94814e+08	1.97337e+08	3.27917e+08	2.3904e+08	3.51353e+08	2.32789e+08	3.12469e+08	3.29122e+08	2.7392e+08	2.30845e+08	2.35674e+08	2.75697e+08	2.7309e+08	2.31925e+08	1.97175e+08	1.64693e+08	1.70893e+08	1.65855e+08	1.64735e+08	1.656e+08	1.88928e+08	1.96855e+08	2.17628e+08	2.4006e+08	1.52976e+08	1.94305e+08	2.02325e+08	2.43309e+08	1.89597e+08	2.34705e+08	2.32419e+08	2.49079e+08	2.53519e+08	2.60871e+08	2.27247e+08	2.27278e+08	1.74326e+08	2.56227e+08	1.42781e+08	1.22349e+08	1.22317e+08	1.26229e+08	1.44606e+08	1.42554e+08	1.27937e+08	1.22474e+08	1.59652e+08	1.57467e+08	1.23143e+08	1.59428e+08	1.5768e+08	1.25782e+08	1.26245e+08	1.52023e+08	1.4284e+08	1.23609e+08	1.72699e+08	1.73929e+08	1.36664e+08	1.35136e+08	1.74262e+08	8.26287e+07	1.30986e+08	1.32255e+08	1.52656e+08	1.6892e+08	1.52884e+08	1.29287e+08	1.77381e+08	2.48503e+08	2.35372e+08	2.15457e+08	2.21754e+08	2.14963e+08	1.31175e+08	1.64681e+08	1.90714e+08	1.69523e+08	1.57733e+08	1.6859e+08	1.32843e+08	1.39671e+08	1.36814e+08	1.53111e+08	1.34483e+08	1.31262e+08
ERR608888	2.50547e+08	2.10226e+08	2.62983e+08	2.09793e+08	2.63736e+08	2.68922e+08	1.88766e+08	2.19234e+08	1.91124e+08	2.00557e+08	1.93854e+08	1.96439e+08	3.25829e+08	2.37527e+08	2.32789e+08	3.47636e+08	3.10591e+08	3.27087e+08	2.72461e+08	2.29395e+08	2.34248e+08	2.74107e+08	2.71677e+08	2.30696e+08	1.95516e+08	1.63308e+08	1.69411e+08	1.64461e+08	1.63458e+08	1.64267e+08	1.87778e+08	1.9586e+08	2.16743e+08	2.38864e+08	1.52214e+08	1.9336e+08	2.0118e+08	2.41832e+08	1.88569e+08	2.33237e+08	2.30819e+08	2.47563e+08	2.51932e+08	2.59099e+08	2.25793e+08	2.25833e+08	1.73304e+08	2.54463e+08	1.41674e+08	1.21398e+08	1.21498e+08	1.25262e+08	1.43378e+08	1.41518e+08	1.26989e+08	1.21531e+08	1.58514e+08	1.5623e+08	1.22168e+08	1.58243e+08	1.5666e+08	1.24973e+08	1.25536e+08	1.50945e+08	1.41844e+08	1.22831e+08	1.71675e+08	1.72798e+08	1.35655e+08	1.34173e+08	1.73097e+08	8.2022e+07	1.30252e+08	1.31439e+08	1.51623e+08	1.67834e+08	1.51911e+08	1.28539e+08	1.76575e+08	2.47244e+08	2.34161e+08	2.14431e+08	2.20795e+08	2.13935e+08	1.30172e+08	1.6346e+08	1.89227e+08	1.6822e+08	1.56577e+08	1.6726e+08	1.31931e+08	1.38712e+08	1.35838e+08	1.52094e+08	1.33511e+08	1.30327e+08
ERR608883	3.40357e+08	2.84696e+08	3.57736e+08	2.84158e+08	3.59084e+08	3.66123e+08	2.55687e+08	2.97908e+08	2.59839e+08	2.72382e+08	2.63833e+08	2.66589e+08	4.44267e+08	3.19071e+08	3.12469e+08	3.10591e+08	5.8583e+08	4.46466e+08	3.73135e+08	3.12732e+08	3.19605e+08	3.75803e+08	3.72071e+08	3.14365e+08	2.69937e+08	2.25424e+08	2.33735e+08	2.26702e+08	2.25402e+08	2.2675e+08	2.54494e+08	2.66562e+08	2.94935e+08	3.25509e+08	2.06184e+08	2.62253e+08	2.75734e+08	3.32225e+08	2.58516e+08	3.20119e+08	3.16867e+08	3.40377e+08	3.42505e+08	3.52201e+08	3.06576e+08	3.06551e+08	2.35113e+08	3.45703e+08	1.97767e+08	1.69439e+08	1.69792e+08	1.75081e+08	2.00245e+08	1.97417e+08	1.7651e+08	1.68716e+08	2.20132e+08	2.17038e+08	1.69918e+08	2.19683e+08	2.15064e+08	1.72517e+08	1.72934e+08	2.07246e+08	1.95399e+08	1.69366e+08	2.39004e+08	2.4069e+08	1.88736e+08	1.8641e+08	2.40987e+08	1.13429e+08	1.82416e+08	1.84169e+08	2.11992e+08	2.34637e+08	2.12875e+08	1.80127e+08	2.40753e+08	3.37422e+08	3.19467e+08	2.92364e+08	3.01869e+08	2.92304e+08	1.80628e+08	2.26741e+08	2.61553e+08	2.32758e+08	2.17286e+08	2.32075e+08	1.84401e+08	1.93411e+08	1.89461e+08	2.1177e+08	1.86762e+08	1.813e+08
ERR608885	3.59073e+08	3.00192e+08	3.77335e+08	2.99314e+08	3.78462e+08	3.8618e+08	2.69823e+08	3.1452e+08	2.74265e+08	2.87535e+08	2.78453e+08	2.81428e+08	4.68583e+08	3.36075e+08	3.29122e+08	3.27087e+08	4.46466e+08	6.43477e+08	3.94158e+08	3.29972e+08	3.37127e+08	3.96732e+08	3.9297e+08	3.31526e+08	2.8532e+08	2.38141e+08	2.4701e+08	2.39715e+08	2.38286e+08	2.397e+08	2.68698e+08	2.81223e+08	3.11393e+08	3.43655e+08	2.17438e+08	2.7651e+08	2.91129e+08	3.50859e+08	2.72652e+08	3.37866e+08	3.34514e+08	3.59596e+08	3.61018e+08	3.71323e+08	3.22985e+08	3.23078e+08	2.47547e+08	3.64404e+08	2.0951e+08	1.79596e+08	1.79811e+08	1.85518e+08	2.12067e+08	2.09197e+08	1.86413e+08	1.78278e+08	2.32486e+08	2.29146e+08	1.79513e+08	2.32122e+08	2.27439e+08	1.82582e+08	1.83058e+08	2.191e+08	2.0666e+08	1.79233e+08	2.53383e+08	2.55209e+08	1.99845e+08	1.97357e+08	2.55261e+08	1.20133e+08	1.93321e+08	1.95173e+08	2.2468e+08	2.48733e+08	2.25602e+08	1.90984e+08	2.53993e+08	3.56409e+08	3.37246e+08	3.08725e+08	3.18668e+08	3.0857e+08	1.91356e+08	2.40384e+08	2.77071e+08	2.46432e+08	2.30085e+08	2.45734e+08	1.95311e+08	2.05049e+08	2.00773e+08	2.24392e+08	1.9794e+08	1.92109e+08
ERR613552	3.21205e+08	2.68382e+08	3.37989e+08	2.6745e+08	3.39187e+08	3.46259e+08	2.73802e+08	3.16623e+08	2.79932e+08	2.91392e+08	2.83887e+08	2.8548e+08	3.91264e+08	2.80033e+08	2.7392e+08	2.72461e+08	3.73135e+08	3.94158e+08	6.49017e+08	4.03058e+08	4.11663e+08	4.82885e+08	4.7883e+08	4.05124e+08	2.77092e+08	2.31395e+08	2.40192e+08	2.32237e+08	2.31799e+08	2.32958e+08	3.09327e+08	3.24173e+08	3.56409e+08	3.89689e+08	2.56884e+08	3.18047e+08	2.63712e+08	3.18432e+08	2.47321e+08	3.06251e+08	3.03041e+08	3.26618e+08	3.2197e+08	3.3039e+08	2.8783e+08	2.87964e+08	2.21261e+08	3.24118e+08	2.0928e+08	1.80152e+08	1.80794e+08	1.8629e+08	2.12024e+08	2.09183e+08	1.85601e+08	1.77678e+08	2.31187e+08	2.28096e+08	1.79184e+08	2.31006e+08	2.27166e+08	1.84753e+08	1.8496e+08	2.19061e+08	2.08113e+08	1.81194e+08	2.50493e+08	2.5215e+08	1.96773e+08	1.94066e+08	2.52272e+08	1.17556e+08	1.94518e+08	1.96221e+08	2.24355e+08	2.48621e+08	2.26203e+08	1.92049e+08	2.30029e+08	3.227e+08	3.05236e+08	2.79619e+08	2.89616e+08	2.80235e+08	1.86692e+08	2.3383e+08	2.6737e+08	2.38348e+08	2.23933e+08	2.3894e+08	1.9839e+08	2.08244e+08	2.0346e+08	2.27367e+08	2.01197e+08	1.94122e+08
ERR613556	2.68947e+08	2.24807e+08	2.82442e+08	2.24277e+08	2.8358e+08	2.89109e+08	2.33203e+08	2.68583e+08	2.37259e+08	2.47314e+08	2.40547e+08	2.42381e+08	3.28117e+08	2.35822e+08	2.30845e+08	2.29395e+08	3.12732e+08	3.29972e+08	4.03058e+08	4.7822e+08	3.49079e+08	4.05493e+08	4.01944e+08	3.43797e+08	2.29817e+08	1.92052e+08	1.99253e+08	1.92902e+08	1.92315e+08	1.93348e+08	2.63375e+08	2.75057e+08	3.01811e+08	3.29681e+08	2.19304e+08	2.70662e+08	2.19504e+08	2.64524e+08	2.05827e+08	2.54748e+08	2.5212e+08	2.71393e+08	2.69341e+08	2.76636e+08	2.41097e+08	2.41036e+08	1.84983e+08	2.71646e+08	1.72533e+08	1.48394e+08	1.48793e+08	1.53365e+08	1.74773e+08	1.72468e+08	1.5386e+08	1.47221e+08	1.91864e+08	1.89282e+08	1.4854e+08	1.91568e+08	1.89143e+08	1.53079e+08	1.53367e+08	1.82421e+08	1.7305e+08	1.50183e+08	2.06036e+08	2.07363e+08	1.62181e+08	1.59995e+08	2.07378e+08	9.7282e+07	1.59396e+08	1.60898e+08	1.84431e+08	2.04201e+08	1.85404e+08	1.57369e+08	1.91488e+08	2.68662e+08	2.54218e+08	2.32827e+08	2.4075e+08	2.3281e+08	1.53997e+08	1.92943e+08	2.21343e+08	1.97341e+08	1.84959e+08	1.97253e+08	1.63072e+08	1.71566e+08	1.67778e+08	1.8757e+08	1.6524e+08	1.60056e+08
ERR613554	2.74618e+08	2.2951e+08	2.88489e+08	2.28953e+08	2.89505e+08	2.95538e+08	2.37564e+08	2.73941e+08	2.42065e+08	2.52166e+08	2.45274e+08	2.47216e+08	3.35265e+08	2.40884e+08	2.35674e+08	2.34248e+08	3.19605e+08	3.37127e+08	4.11663e+08	3.49079e+08	4.9599e+08	4.1394e+08	4.10524e+08	3.50879e+08	2.3525e+08	1.96614e+08	2.0392e+08	1.97464e+08	1.96784e+08	1.97837e+08	2.68873e+08	2.80661e+08	3.08002e+08	3.36745e+08	2.23521e+08	2.76126e+08	2.24335e+08	2.70396e+08	2.10475e+08	2.60451e+08	2.57778e+08	2.77316e+08	2.75401e+08	2.8289e+08	2.46351e+08	2.46452e+08	1.89112e+08	2.77591e+08	1.76866e+08	1.52011e+08	1.52526e+08	1.57103e+08	1.79037e+08	1.76724e+08	1.57304e+08	1.50588e+08	1.96098e+08	1.93455e+08	1.51829e+08	1.95979e+08	1.93565e+08	1.56756e+08	1.56768e+08	1.86623e+08	1.77066e+08	1.53679e+08	2.11041e+08	2.12467e+08	1.66105e+08	1.63919e+08	2.12555e+08	9.95443e+07	1.63299e+08	1.64751e+08	1.89058e+08	2.09334e+08	1.90055e+08	1.61147e+08	1.9572e+08	2.74745e+08	2.59829e+08	2.38057e+08	2.46023e+08	2.37972e+08	1.57702e+08	1.97687e+08	2.26795e+08	2.01985e+08	1.8941e+08	2.02108e+08	1.66964e+08	1.75705e+08	1.71793e+08	1.92011e+08	1.69165e+08	1.63975e+08
ERR613551	3.23486e+08	2.70409e+08	3.40355e+08	2.69401e+08	3.41646e+08	3.48666e+08	2.75397e+08	3.18437e+08	2.81428e+08	2.93076e+08	2.85497e+08	2.87144e+08	3.94031e+08	2.81632e+08	2.75697e+08	2.74107e+08	3.75803e+08	3.96732e+08	4.82885e+08	4.05493e+08	4.1394e+08	6.55824e+08	4.81649e+08	4.07436e+08	2.78811e+08	2.32818e+08	2.41613e+08	2.33551e+08	2.33277e+08	2.34485e+08	3.11026e+08	3.25794e+08	3.58256e+08	3.91852e+08	2.58226e+08	3.19806e+08	2.65691e+08	3.2089e+08	2.49335e+08	3.08531e+08	3.05391e+08	3.2921e+08	3.24024e+08	3.32498e+08	2.89629e+08	2.89642e+08	2.22803e+08	3.26181e+08	2.10766e+08	1.81442e+08	1.82033e+08	1.87448e+08	2.13424e+08	2.10566e+08	1.87004e+08	1.78812e+08	2.32818e+08	2.29678e+08	1.80403e+08	2.32663e+08	2.28265e+08	1.85896e+08	1.8592e+08	2.20153e+08	2.09281e+08	1.82311e+08	2.52238e+08	2.53796e+08	1.9791e+08	1.95398e+08	2.53717e+08	1.1839e+08	1.95866e+08	1.97659e+08	2.2583e+08	2.50234e+08	2.2767e+08	1.93316e+08	2.31669e+08	3.24748e+08	3.07127e+08	2.81432e+08	2.91532e+08	2.8194e+08	1.87859e+08	2.35341e+08	2.6895e+08	2.39778e+08	2.25335e+08	2.40516e+08	1.99646e+08	2.09459e+08	2.04863e+08	2.28715e+08	2.02412e+08	1.95211e+08
ERR613553	3.20125e+08	2.67575e+08	3.36826e+08	2.66705e+08	3.38063e+08	3.45187e+08	2.73118e+08	3.15787e+08	2.79205e+08	2.90732e+08	2.83101e+08	2.84705e+08	3.90303e+08	2.79199e+08	2.7309e+08	2.71677e+08	3.72071e+08	3.9297e+08	4.7883e+08	4.01944e+08	4.10524e+08	4.81649e+08	6.45925e+08	4.04081e+08	2.76255e+08	2.30726e+08	2.39347e+08	2.31476e+08	2.31032e+08	2.32254e+08	3.08494e+08	3.23229e+08	3.55149e+08	3.88445e+08	2.56145e+08	3.17063e+08	2.62939e+08	3.17687e+08	2.46773e+08	3.05376e+08	3.02552e+08	3.25867e+08	3.20908e+08	3.29288e+08	2.86822e+08	2.86961e+08	2.20561e+08	3.23071e+08	2.08896e+08	1.79735e+08	1.80437e+08	1.85855e+08	2.11415e+08	2.08651e+08	1.85117e+08	1.77132e+08	2.3051e+08	2.2736e+08	1.78753e+08	2.3051e+08	2.26429e+08	1.84346e+08	1.84399e+08	2.18321e+08	2.07608e+08	1.80682e+08	2.50021e+08	2.51662e+08	1.96269e+08	1.93637e+08	2.51666e+08	1.17271e+08	1.94112e+08	1.95889e+08	2.23806e+08	2.48082e+08	2.25647e+08	1.91592e+08	2.2949e+08	3.21632e+08	3.0423e+08	2.78796e+08	2.8877e+08	2.79199e+08	1.86243e+08	2.33462e+08	2.66692e+08	2.3787e+08	2.23484e+08	2.38546e+08	1.97884e+08	2.07729e+08	2.03083e+08	2.26977e+08	2.00749e+08	1.93568e+08
ERR613555	2.70317e+08	2.2596e+08	2.84031e+08	2.25506e+08	2.84977e+08	2.90747e+08	2.34251e+08	2.69844e+08	2.38456e+08	2.48512e+08	2.41638e+08	2.43668e+08	3.29845e+08	2.37107e+08	2.31925e+08	2.30696e+08	3.14365e+08	3.31526e+08	4.05124e+08	3.43797e+08	3.50879e+08	4.07436e+08	4.04081e+08	4.82674e+08	2.31309e+08	1.93121e+08	2.0039e+08	1.94031e+08	1.93372e+08	1.94457e+08	2.64918e+08	2.76693e+08	3.03451e+08	3.31523e+08	2.20512e+08	2.72236e+08	2.20521e+08	2.65948e+08	2.06902e+08	2.56231e+08	2.5355e+08	2.72611e+08	2.70886e+08	2.78133e+08	2.42319e+08	2.42272e+08	1.85988e+08	2.73096e+08	1.73624e+08	1.49284e+08	1.49697e+08	1.54188e+08	1.75815e+08	1.73501e+08	1.54756e+08	1.48049e+08	1.92906e+08	1.90385e+08	1.49363e+08	1.92671e+08	1.90302e+08	1.53946e+08	1.54217e+08	1.83543e+08	1.74141e+08	1.51059e+08	2.07018e+08	2.08431e+08	1.63137e+08	1.60878e+08	2.08554e+08	9.77445e+07	1.60168e+08	1.61804e+08	1.85488e+08	2.05393e+08	1.86561e+08	1.58101e+08	1.92576e+08	2.70278e+08	2.55712e+08	2.34192e+08	2.42125e+08	2.34175e+08	1.54725e+08	1.93944e+08	2.22661e+08	1.98377e+08	1.85936e+08	1.98336e+08	1.63963e+08	1.72559e+08	1.687e+08	1.88677e+08	1.6606e+08	1.60983e+08
ERR631209	2.3171e+08	1.92147e+08	2.44406e+08	1.91642e+08	2.45251e+08	2.50207e+08	1.76104e+08	2.06637e+08	1.7883e+08	1.88649e+08	1.81351e+08	1.84348e+08	2.84509e+08	2.00931e+08	1.97175e+08	1.95516e+08	2.69937e+08	2.8532e+08	2.77092e+08	2.29817e+08	2.3525e+08	2.78811e+08	2.76255e+08	2.31309e+08	5.58249e+08	3.39436e+08	3.50573e+08	3.41974e+08	3.38572e+08	3.41081e+08	1.86101e+08	1.94535e+08	2.16716e+08	2.40552e+08	1.48424e+08	1.92089e+08	1.95768e+08	2.37613e+08	1.82834e+08	2.28978e+08	2.26679e+08	2.43429e+08	2.43152e+08	2.50437e+08	2.16165e+08	2.15919e+08	1.62665e+08	2.45798e+08	2.63671e+08	2.27267e+08	2.27494e+08	2.34268e+08	2.66994e+08	2.6333e+08	2.2068e+08	2.11686e+08	2.74404e+08	2.70212e+08	2.12438e+08	2.73799e+08	2.51362e+08	2.00478e+08	2.01069e+08	2.42157e+08	2.2706e+08	1.9684e+08	3.21921e+08	3.24251e+08	2.56831e+08	2.5378e+08	3.24984e+08	1.57794e+08	2.34389e+08	2.36672e+08	2.72043e+08	3.0029e+08	2.72239e+08	2.31451e+08	1.56923e+08	2.24891e+08	2.12771e+08	1.93312e+08	1.98642e+08	1.91902e+08	2.34418e+08	2.92348e+08	3.37829e+08	3.01511e+08	2.80192e+08	2.99142e+08	2.43294e+08	2.56156e+08	2.50464e+08	2.79872e+08	2.46411e+08	2.40882e+08
ERR631212	1.93506e+08	1.60451e+08	2.04146e+08	1.59936e+08	2.04812e+08	2.08893e+08	1.46849e+08	1.7244e+08	1.49155e+08	1.57341e+08	1.51311e+08	1.53632e+08	2.37517e+08	1.68008e+08	1.64693e+08	1.63308e+08	2.25424e+08	2.38141e+08	2.31395e+08	1.92052e+08	1.96614e+08	2.32818e+08	2.30726e+08	1.93121e+08	3.39436e+08	4.14839e+08	2.95607e+08	2.88547e+08	2.86658e+08	2.88679e+08	1.55407e+08	1.625e+08	1.80946e+08	2.00853e+08	1.24011e+08	1.60341e+08	1.63302e+08	1.98352e+08	1.52683e+08	1.90855e+08	1.88898e+08	2.03271e+08	2.03079e+08	2.08998e+08	1.80288e+08	1.80268e+08	1.35909e+08	2.05075e+08	2.22072e+08	1.91534e+08	1.91733e+08	1.97577e+08	2.2474e+08	2.21711e+08	1.8522e+08	1.77736e+08	2.29885e+08	2.26543e+08	1.78431e+08	2.29597e+08	2.10559e+08	1.68245e+08	1.68793e+08	2.02749e+08	1.90371e+08	1.65047e+08	2.71323e+08	2.73195e+08	2.16595e+08	2.14174e+08	2.73794e+08	1.33745e+08	1.96873e+08	1.98734e+08	2.28014e+08	2.51573e+08	2.28359e+08	1.94428e+08	1.30934e+08	1.87407e+08	1.77374e+08	1.61164e+08	1.6567e+08	1.60086e+08	1.96772e+08	2.45092e+08	2.82819e+08	2.52532e+08	2.34942e+08	2.50757e+08	2.04896e+08	2.15573e+08	2.10864e+08	2.35376e+08	2.07296e+08	2.02763e+08
ERR631207	2.01022e+08	1.66587e+08	2.11965e+08	1.66047e+08	2.12578e+08	2.16871e+08	1.52428e+08	1.78995e+08	1.54786e+08	1.6345e+08	1.57188e+08	1.59546e+08	2.46113e+08	1.74108e+08	1.70893e+08	1.69411e+08	2.33735e+08	2.4701e+08	2.40192e+08	1.99253e+08	2.0392e+08	2.41613e+08	2.39347e+08	2.0039e+08	3.50573e+08	2.95607e+08	4.38941e+08	2.97952e+08	2.95087e+08	2.9711e+08	1.61384e+08	1.68651e+08	1.87921e+08	2.08447e+08	1.28698e+08	1.66461e+08	1.69548e+08	2.05845e+08	1.58488e+08	1.98266e+08	1.96192e+08	2.10886e+08	2.10693e+08	2.16874e+08	1.87123e+08	1.87051e+08	1.40983e+08	2.12779e+08	2.29239e+08	1.97731e+08	1.97957e+08	2.04004e+08	2.32033e+08	2.2904e+08	1.91603e+08	1.83993e+08	2.37968e+08	2.34581e+08	1.84606e+08	2.37642e+08	2.17882e+08	1.73965e+08	1.74486e+08	2.0951e+08	1.96844e+08	1.70573e+08	2.80024e+08	2.81979e+08	2.23479e+08	2.20748e+08	2.82484e+08	1.3775e+08	2.03708e+08	2.05794e+08	2.36076e+08	2.60487e+08	2.36394e+08	2.01282e+08	1.35899e+08	1.94583e+08	1.84205e+08	1.67503e+08	1.72003e+08	1.66182e+08	2.0338e+08	2.53389e+08	2.92518e+08	2.61193e+08	2.42823e+08	2.59189e+08	2.11771e+08	2.23074e+08	2.17972e+08	2.43536e+08	2.14548e+08	2.09581e+08
ERR631208	1.94462e+08	1.60982e+08	2.05008e+08	1.60543e+08	2.05621e+08	2.09876e+08	1.47886e+08	1.73503e+08	1.49751e+08	1.58162e+08	1.52026e+08	1.54515e+08	2.39001e+08	1.68976e+08	1.65855e+08	1.64461e+08	2.26702e+08	2.39715e+08	2.32237e+08	1.92902e+08	1.97464e+08	2.33551e+08	2.31476e+08	1.94031e+08	3.41974e+08	2.88547e+08	2.97952e+08	4.20651e+08	2.87909e+08	2.89794e+08	1.565e+08	1.63318e+08	1.81803e+08	2.01932e+08	1.24537e+08	1.61467e+08	1.63815e+08	1.98852e+08	1.53058e+08	1.9163e+08	1.89672e+08	2.03779e+08	2.04202e+08	2.10484e+08	1.815e+08	1.81374e+08	1.3633e+08	2.06486e+08	2.23277e+08	1.92364e+08	1.92551e+08	1.98467e+08	2.2594e+08	2.22973e+08	1.86004e+08	1.78603e+08	2.31041e+08	2.27603e+08	1.7911e+08	2.30763e+08	2.12238e+08	1.68897e+08	1.69509e+08	2.04242e+08	1.91434e+08	1.65855e+08	2.72244e+08	2.74021e+08	2.17634e+08	2.15081e+08	2.7468e+08	1.34499e+08	1.97409e+08	1.99612e+08	2.29389e+08	2.53143e+08	2.2947e+08	1.95114e+08	1.31056e+08	1.8811e+08	1.78032e+08	1.61625e+08	1.6595e+08	1.60366e+08	1.98243e+08	2.47104e+08	2.85946e+08	2.55162e+08	2.36963e+08	2.52821e+08	2.05536e+08	2.16669e+08	2.11939e+08	2.36628e+08	2.08019e+08	2.04001e+08
ERR631211	1.93727e+08	1.60667e+08	2.04352e+08	1.60203e+08	2.05011e+08	2.0918e+08	1.46862e+08	1.72366e+08	1.49285e+08	1.57443e+08	1.51482e+08	1.53707e+08	2.37448e+08	1.67879e+08	1.64735e+08	1.63458e+08	2.25402e+08	2.38286e+08	2.31799e+08	1.92315e+08	1.96784e+08	2.33277e+08	2.31032e+08	1.93372e+08	3.38572e+08	2.86658e+08	2.95087e+08	2.87909e+08	4.13756e+08	2.88193e+08	1.55512e+08	1.62653e+08	1.81191e+08	2.01023e+08	1.2419e+08	1.60461e+08	1.63639e+08	1.98573e+08	1.52933e+08	1.91336e+08	1.89309e+08	2.03571e+08	2.03061e+08	2.09141e+08	1.80597e+08	1.8041e+08	1.36077e+08	2.05061e+08	2.21579e+08	1.91151e+08	1.91384e+08	1.97278e+08	2.24221e+08	2.21311e+08	1.85467e+08	1.77865e+08	2.30131e+08	2.26753e+08	1.78567e+08	2.2964e+08	2.10245e+08	1.68201e+08	1.68483e+08	2.02472e+08	1.90141e+08	1.65062e+08	2.70689e+08	2.72637e+08	2.16115e+08	2.13594e+08	2.73181e+08	1.33474e+08	1.96639e+08	1.98718e+08	2.27899e+08	2.51472e+08	2.28174e+08	1.94372e+08	1.31096e+08	1.87504e+08	1.77497e+08	1.6139e+08	1.66054e+08	1.60293e+08	1.96325e+08	2.44583e+08	2.8219e+08	2.51935e+08	2.34397e+08	2.50145e+08	2.04545e+08	2.15238e+08	2.10598e+08	2.34967e+08	2.07147e+08	2.02348e+08
ERR631210	1.94723e+08	1.61539e+08	2.05513e+08	1.61093e+08	2.06129e+08	2.10311e+08	1.47836e+08	1.73445e+08	1.50066e+08	1.58312e+08	1.52384e+08	1.54553e+08	2.38693e+08	1.68788e+08	1.656e+08	1.64267e+08	2.2675e+08	2.397e+08	2.32958e+08	1.93348e+08	1.97837e+08	2.34485e+08	2.32254e+08	1.94457e+08	3.41081e+08	2.88679e+08	2.9711e+08	2.89794e+08	2.88193e+08	4.18623e+08	1.56269e+08	1.63546e+08	1.8217e+08	2.0214e+08	1.2484e+08	1.61291e+08	1.64466e+08	1.99625e+08	1.53762e+08	1.92401e+08	1.90272e+08	2.04677e+08	2.043e+08	2.10379e+08	1.81559e+08	1.81382e+08	1.36777e+08	2.06176e+08	2.22891e+08	1.92225e+08	1.92584e+08	1.98413e+08	2.2568e+08	2.22635e+08	1.86535e+08	1.78903e+08	2.31572e+08	2.28127e+08	1.79504e+08	2.31138e+08	2.11491e+08	1.69142e+08	1.69677e+08	2.03666e+08	1.91219e+08	1.6595e+08	2.72405e+08	2.74358e+08	2.17294e+08	2.1472e+08	2.74897e+08	1.34156e+08	1.97936e+08	2.00078e+08	2.29406e+08	2.53118e+08	2.29754e+08	1.95611e+08	1.31905e+08	1.88784e+08	1.78649e+08	1.62403e+08	1.66955e+08	1.61301e+08	1.97633e+08	2.46183e+08	2.84011e+08	2.53559e+08	2.35904e+08	2.5186e+08	2.05947e+08	2.16586e+08	2.11784e+08	2.36401e+08	2.08444e+08	2.03636e+08
ERR613356	2.19963e+08	1.83929e+08	2.30993e+08	1.83581e+08	2.31812e+08	2.36258e+08	1.98238e+08	2.27484e+08	2.00928e+08	2.09664e+08	2.03505e+08	2.05807e+08	2.67494e+08	1.92929e+08	1.88928e+08	1.87778e+08	2.54494e+08	2.68698e+08	3.09327e+08	2.63375e+08	2.68873e+08	3.11026e+08	3.08494e+08	2.64918e+08	1.86101e+08	1.55407e+08	1.61384e+08	1.565e+08	1.55512e+08	1.56269e+08	3.48718e+08	2.46436e+08	2.69897e+08	2.94571e+08	1.97939e+08	2.44319e+08	1.78152e+08	2.14452e+08	1.6683e+08	2.06749e+08	2.04732e+08	2.19758e+08	2.20432e+08	2.26649e+08	1.97299e+08	1.97309e+08	1.50898e+08	2.22706e+08	1.41397e+08	1.21597e+08	1.21853e+08	1.25563e+08	1.43091e+08	1.41348e+08	1.21028e+08	1.1596e+08	1.50749e+08	1.48751e+08	1.16587e+08	1.50742e+08	1.58181e+08	1.27404e+08	1.27735e+08	1.52519e+08	1.44478e+08	1.25164e+08	1.67784e+08	1.68741e+08	1.32272e+08	1.3068e+08	1.68959e+08	7.93242e+07	1.2998e+08	1.31219e+08	1.50715e+08	1.66907e+08	1.51292e+08	1.28323e+08	1.54435e+08	2.17463e+08	2.06015e+08	1.88409e+08	1.93901e+08	1.87578e+08	1.26968e+08	1.59054e+08	1.83172e+08	1.63124e+08	1.52508e+08	1.62625e+08	1.33225e+08	1.40931e+08	1.37434e+08	1.53829e+08	1.34923e+08	1.31374e+08
ERR613354	2.31131e+08	1.93328e+08	2.42644e+08	1.92802e+08	2.43451e+08	2.48397e+08	2.05764e+08	2.36421e+08	2.09637e+08	2.18165e+08	2.12446e+08	2.14216e+08	2.79739e+08	2.01287e+08	1.96855e+08	1.9586e+08	2.66562e+08	2.81223e+08	3.24173e+08	2.75057e+08	2.80661e+08	3.25794e+08	3.23229e+08	2.76693e+08	1.94535e+08	1.625e+08	1.68651e+08	1.63318e+08	1.62653e+08	1.63546e+08	2.46436e+08	3.74524e+08	2.82613e+08	3.08281e+08	2.05599e+08	2.53129e+08	1.87631e+08	2.25863e+08	1.75835e+08	2.17402e+08	2.15336e+08	2.31501e+08	2.30379e+08	2.36478e+08	2.0632e+08	2.0644e+08	1.58625e+08	2.32326e+08	1.4794e+08	1.27374e+08	1.27802e+08	1.31541e+08	1.49744e+08	1.47923e+08	1.2766e+08	1.22157e+08	1.58912e+08	1.56756e+08	1.23067e+08	1.58802e+08	1.64141e+08	1.33356e+08	1.33582e+08	1.58309e+08	1.50503e+08	1.30864e+08	1.76111e+08	1.77366e+08	1.38733e+08	1.36746e+08	1.77395e+08	8.29679e+07	1.36926e+08	1.38284e+08	1.58286e+08	1.75336e+08	1.59262e+08	1.35189e+08	1.63331e+08	2.28795e+08	2.16633e+08	1.98293e+08	2.04966e+08	1.98306e+08	1.32745e+08	1.65927e+08	1.90205e+08	1.69562e+08	1.59107e+08	1.69573e+08	1.40209e+08	1.4765e+08	1.44184e+08	1.61104e+08	1.42166e+08	1.3738e+08
ERR613355	2.55772e+08	2.13812e+08	2.68588e+08	2.13205e+08	2.69661e+08	2.75002e+08	2.25462e+08	2.59595e+08	2.29719e+08	2.39403e+08	2.32931e+08	2.34696e+08	3.09725e+08	2.22532e+08	2.17628e+08	2.16743e+08	2.94935e+08	3.11393e+08	3.56409e+08	3.01811e+08	3.08002e+08	3.58256e+08	3.55149e+08	3.03451e+08	2.16716e+08	1.80946e+08	1.87921e+08	1.81803e+08	1.81191e+08	1.8217e+08	2.69897e+08	2.82613e+08	4.40191e+08	3.38869e+08	2.24592e+08	2.77512e+08	2.08279e+08	2.50873e+08	1.95106e+08	2.41301e+08	2.39323e+08	2.57192e+08	2.55264e+08	2.61992e+08	2.28296e+08	2.28357e+08	1.75418e+08	2.57116e+08	1.64742e+08	1.41916e+08	1.42339e+08	1.46577e+08	1.66776e+08	1.64743e+08	1.42202e+08	1.36126e+08	1.76958e+08	1.74549e+08	1.37132e+08	1.76992e+08	1.82061e+08	1.47899e+08	1.48077e+08	1.75695e+08	1.66859e+08	1.45089e+08	1.96366e+08	1.97647e+08	1.54396e+08	1.52296e+08	1.97702e+08	9.22872e+07	1.5282e+08	1.54302e+08	1.76614e+08	1.9547e+08	1.77662e+08	1.50803e+08	1.80668e+08	2.53522e+08	2.39884e+08	2.19633e+08	2.26853e+08	2.19543e+08	1.47939e+08	1.85094e+08	2.12002e+08	1.8906e+08	1.77143e+08	1.88989e+08	1.56297e+08	1.64514e+08	1.60531e+08	1.79477e+08	1.58398e+08	1.53125e+08
