	ERR608869	ERR608870	ERR608865	ERR608866	ERR608868	ERR608867	ERR613360	ERR613364	ERR613363	ERR613362	ERR613361	ERR613359	ERR626766	ERR626765	ERR626769	ERR626770	ERR626768	ERR626767	ERR608758	ERR608757	ERR608760	ERR608762	ERR608761	ERR608759	ERR637122	ERR637119	ERR637118	ERR637120	ERR637117	ERR637121	ERR621924	ERR621920	ERR621922	ERR621923	ERR621919	ERR621921	ERR608389	ERR608391	ERR608390	ERR608393	ERR608392	ERR608394	ERR626952	ERR626951	ERR626956	ERR626955	ERR626953	ERR626954	ERR606039	ERR606037	ERR606036	ERR606038	ERR606040	ERR606041	ERR618308	ERR618307	ERR618305	ERR618306	ERR618303	ERR618304	ERR609006	ERR609007	ERR609008	ERR609004	ERR609003	ERR609005	ERR636931	ERR636935	ERR636934	ERR636936	ERR636933	ERR636932	ERR618690	ERR618687	ERR618689	ERR618688	ERR618692	ERR618691	ERR617314	ERR617316	ERR617317	ERR617315	ERR617318	ERR617313	ERR612217	ERR612218	ERR612215	ERR612220	ERR612219	ERR612216	ERR638286	ERR638290	ERR638285	ERR638287	ERR638288	ERR638289
ERR608869	8.66013e+09	8.45329e+09	6.7877e+09	8.31921e+09	8.4329e+09	8.74518e+09	7.36354e+09	6.02795e+09	7.25429e+09	7.12697e+09	7.83997e+09	8.19791e+09	8.36867e+09	8.6676e+09	8.21026e+09	8.13915e+09	8.16349e+09	8.40685e+09	6.70043e+09	5.60346e+09	7.31844e+09	6.76395e+09	7.46178e+09	7.24542e+09	8.4477e+09	8.52446e+09	8.53238e+09	8.35892e+09	8.22204e+09	8.37952e+09	6.52622e+09	7.01991e+09	6.97328e+09	6.61371e+09	7.47775e+09	6.98941e+09	5.78156e+09	7.35919e+09	6.82354e+09	7.43124e+09	7.31096e+09	6.85562e+09	6.97195e+09	7.68305e+09	7.78115e+09	7.85578e+09	7.71891e+09	7.14148e+09	6.07654e+09	7.22759e+09	5.7483e+09	7.30232e+09	5.97777e+09	5.92664e+09	6.42591e+09	6.51556e+09	6.77537e+09	6.74581e+09	6.58653e+09	6.52994e+09	8.06994e+09	8.04013e+09	8.08034e+09	7.76475e+09	5.8077e+09	8.12899e+09	6.66784e+09	7.37982e+09	7.36205e+09	7.35743e+09	7.28421e+09	7.31997e+09	5.98839e+09	6.1346e+09	5.89284e+09	5.84738e+09	6.12219e+09	6.0362e+09	4.80507e+09	5.44955e+09	5.41967e+09	4.8509e+09	5.44503e+09	4.76094e+09	7.69206e+09	7.75437e+09	7.89315e+09	7.60166e+09	6.88127e+09	7.69708e+09	6.11877e+09	6.75379e+09	6.01255e+09	5.90998e+09	7.28593e+09	7.25055e+09
ERR608870	8.45329e+09	8.74601e+09	6.81604e+09	8.36005e+09	8.47565e+09	8.79056e+09	7.39701e+09	6.05323e+09	7.28856e+09	7.16007e+09	7.87762e+09	8.23851e+09	8.4105e+09	8.71271e+09	8.25196e+09	8.18004e+09	8.20414e+09	8.44993e+09	6.73067e+09	5.62646e+09	7.353e+09	6.79423e+09	7.49729e+09	7.27922e+09	8.48786e+09	8.56581e+09	8.57476e+09	8.39877e+09	8.26038e+09	8.41964e+09	6.55671e+09	7.05345e+09	7.00741e+09	6.64507e+09	7.5152e+09	7.02332e+09	5.80641e+09	7.39549e+09	6.85633e+09	7.46851e+09	7.34765e+09	6.88785e+09	6.99989e+09	7.71694e+09	7.81532e+09	7.89086e+09	7.75291e+09	7.17064e+09	6.10605e+09	7.26651e+09	5.7747e+09	7.34159e+09	6.00714e+09	5.9553e+09	6.45612e+09	6.54711e+09	6.80897e+09	6.7794e+09	6.61746e+09	6.56185e+09	8.10876e+09	8.07841e+09	8.11855e+09	7.80142e+09	5.83132e+09	8.16831e+09	6.6964e+09	7.41261e+09	7.39472e+09	7.38992e+09	7.31663e+09	7.35265e+09	6.01717e+09	6.16459e+09	5.92081e+09	5.87483e+09	6.15209e+09	6.06501e+09	4.82802e+09	5.47662e+09	5.44625e+09	4.87328e+09	5.47186e+09	4.78279e+09	7.72673e+09	7.78986e+09	7.9306e+09	7.63652e+09	6.91087e+09	7.73211e+09	6.14413e+09	6.78226e+09	6.03728e+09	5.93464e+09	7.31841e+09	7.28285e+09
ERR608865	6.7877e+09	6.81604e+09	5.82635e+09	6.73177e+09	6.80209e+09	7.01942e+09	5.98831e+09	4.99078e+09	5.88366e+09	5.78861e+09	6.33785e+09	6.59011e+09	6.72451e+09	6.93557e+09	6.5976e+09	6.54426e+09	6.56349e+09	6.7504e+09	5.48584e+09	4.67396e+09	5.9348e+09	5.53327e+09	6.04233e+09	5.88667e+09	6.80203e+09	6.86344e+09	6.85971e+09	6.74241e+09	6.65078e+09	6.75531e+09	5.34303e+09	5.71774e+09	5.67695e+09	5.40957e+09	6.05014e+09	5.69654e+09	4.79176e+09	5.94089e+09	5.55029e+09	5.99155e+09	5.89899e+09	5.57307e+09	5.76037e+09	6.26159e+09	6.33912e+09	6.39291e+09	6.28777e+09	5.8803e+09	4.90288e+09	5.7597e+09	4.69224e+09	5.81119e+09	4.83143e+09	4.79111e+09	5.21051e+09	5.27396e+09	5.45862e+09	5.44012e+09	5.33482e+09	5.27991e+09	6.48253e+09	6.46055e+09	6.49104e+09	6.26429e+09	4.81608e+09	6.5203e+09	5.47556e+09	6.02103e+09	6.00879e+09	6.0059e+09	5.94432e+09	5.95668e+09	4.86558e+09	4.97864e+09	4.79796e+09	4.76544e+09	4.96478e+09	4.90201e+09	3.90068e+09	4.39495e+09	4.37086e+09	3.93544e+09	4.38935e+09	3.8794e+09	6.22521e+09	6.26611e+09	6.35994e+09	6.1538e+09	5.61933e+09	6.22994e+09	5.03127e+09	5.53047e+09	4.94926e+09	4.86349e+09	5.9155e+09	5.88743e+09
ERR608866	8.31921e+09	8.36005e+09	6.73177e+09	8.47947e+09	8.34266e+09	8.65087e+09	7.28222e+09	5.96941e+09	7.17201e+09	7.04668e+09	7.75048e+09	8.10184e+09	8.27182e+09	8.56363e+09	8.1161e+09	8.04639e+09	8.06969e+09	8.31098e+09	6.63121e+09	5.55236e+09	7.23846e+09	6.69327e+09	7.37908e+09	7.16603e+09	8.35319e+09	8.43039e+09	8.43845e+09	8.26719e+09	8.13618e+09	8.28667e+09	6.45935e+09	6.94457e+09	6.89912e+09	6.54573e+09	7.39357e+09	6.91641e+09	5.72472e+09	7.27353e+09	6.74892e+09	7.34448e+09	7.22638e+09	6.77906e+09	6.91018e+09	7.60568e+09	7.702e+09	7.77499e+09	7.64102e+09	7.07586e+09	5.99515e+09	7.12754e+09	5.67819e+09	7.20058e+09	5.89742e+09	5.84674e+09	6.34946e+09	6.43717e+09	6.69148e+09	6.66403e+09	6.50636e+09	6.45123e+09	7.973e+09	7.94283e+09	7.98233e+09	7.67464e+09	5.75022e+09	8.03153e+09	6.60192e+09	7.30471e+09	7.28738e+09	7.28274e+09	7.20978e+09	7.24293e+09	5.91658e+09	6.06025e+09	5.82323e+09	5.77837e+09	6.04903e+09	5.9638e+09	4.74436e+09	5.37891e+09	5.34893e+09	4.78824e+09	5.37414e+09	4.70087e+09	7.60728e+09	7.66717e+09	7.80254e+09	7.51715e+09	6.80833e+09	7.61142e+09	6.05411e+09	6.67974e+09	5.94938e+09	5.84752e+09	7.20532e+09	7.17048e+09
ERR608868	8.4329e+09	8.47565e+09	6.80209e+09	8.34266e+09	8.70886e+09	8.77272e+09	7.37774e+09	6.03795e+09	7.26891e+09	7.14112e+09	7.85514e+09	8.21696e+09	8.39021e+09	8.69097e+09	8.23285e+09	8.16175e+09	8.18569e+09	8.4298e+09	6.71613e+09	5.61431e+09	7.33852e+09	6.77993e+09	7.48213e+09	7.26275e+09	8.46709e+09	8.5453e+09	8.55515e+09	8.37817e+09	8.242e+09	8.3985e+09	6.54276e+09	7.03714e+09	6.99166e+09	6.63048e+09	7.49704e+09	7.00782e+09	5.79296e+09	7.37879e+09	6.84121e+09	7.45247e+09	7.33243e+09	6.87306e+09	6.985e+09	7.69996e+09	7.79786e+09	7.87233e+09	7.73672e+09	7.1563e+09	6.08536e+09	7.24229e+09	5.75683e+09	7.31779e+09	5.98514e+09	5.93364e+09	6.43925e+09	6.52942e+09	6.79e+09	6.76159e+09	6.59777e+09	6.54363e+09	8.08674e+09	8.05643e+09	8.09622e+09	7.78092e+09	5.81615e+09	8.14839e+09	6.68279e+09	7.39734e+09	7.37959e+09	7.37459e+09	7.30055e+09	7.33805e+09	6.00171e+09	6.1478e+09	5.90534e+09	5.85936e+09	6.13659e+09	6.04977e+09	4.81559e+09	5.46267e+09	5.43248e+09	4.86035e+09	5.45848e+09	4.76874e+09	7.70916e+09	7.77204e+09	7.91133e+09	7.6188e+09	6.89528e+09	7.71325e+09	6.13012e+09	6.76294e+09	6.02358e+09	5.92092e+09	7.30138e+09	7.26622e+09
ERR608867	8.74518e+09	8.79056e+09	7.01942e+09	8.65087e+09	8.77272e+09	9.38498e+09	7.63731e+09	6.231e+09	7.52788e+09	7.39392e+09	8.1432e+09	8.52991e+09	8.71377e+09	9.03484e+09	8.55098e+09	8.47631e+09	8.50045e+09	8.75749e+09	6.94208e+09	5.78588e+09	7.59899e+09	7.00873e+09	7.74985e+09	7.51781e+09	8.78902e+09	8.87113e+09	8.8847e+09	8.6924e+09	8.54557e+09	8.71472e+09	6.76599e+09	7.28468e+09	7.23804e+09	6.85822e+09	7.77148e+09	7.25346e+09	5.98078e+09	7.65344e+09	7.08572e+09	7.73217e+09	7.60601e+09	7.11832e+09	7.2045e+09	7.96666e+09	8.06881e+09	8.14855e+09	8.00559e+09	7.3854e+09	6.3178e+09	7.53822e+09	5.96318e+09	7.61869e+09	6.21148e+09	6.15731e+09	6.68377e+09	6.78006e+09	7.05693e+09	7.02681e+09	6.8507e+09	6.79611e+09	8.39861e+09	8.36692e+09	8.40887e+09	8.07472e+09	6.00768e+09	8.4665e+09	6.90116e+09	7.64876e+09	7.6296e+09	7.62414e+09	7.54816e+09	7.59125e+09	6.22772e+09	6.38023e+09	6.12518e+09	6.07599e+09	6.36985e+09	6.27738e+09	4.99917e+09	5.67753e+09	5.64698e+09	5.04563e+09	5.67398e+09	4.94736e+09	7.988e+09	8.05643e+09	8.20598e+09	7.89312e+09	7.13037e+09	7.99227e+09	6.33416e+09	6.99242e+09	6.22229e+09	6.11647e+09	7.56076e+09	7.52442e+09
ERR613360	7.36354e+09	7.39701e+09	5.98831e+09	7.28222e+09	7.37774e+09	7.63731e+09	7.3021e+09	5.82839e+09	6.97224e+09	6.85767e+09	7.5e+09	7.81495e+09	7.48732e+09	7.74531e+09	7.35359e+09	7.28869e+09	7.31207e+09	7.51859e+09	6.16177e+09	5.17508e+09	6.70777e+09	6.21622e+09	6.83252e+09	6.64337e+09	7.47957e+09	7.54486e+09	7.5524e+09	7.40556e+09	7.28623e+09	7.42005e+09	5.93315e+09	6.37243e+09	6.32633e+09	6.01276e+09	6.76541e+09	6.34158e+09	5.35794e+09	6.77136e+09	6.2925e+09	6.83343e+09	6.72403e+09	6.32102e+09	6.21363e+09	6.82223e+09	6.90135e+09	6.96464e+09	6.85118e+09	6.35643e+09	5.90569e+09	6.94376e+09	5.60945e+09	7.01163e+09	5.82058e+09	5.7744e+09	6.11456e+09	6.19536e+09	6.42942e+09	6.39932e+09	6.2587e+09	6.21054e+09	7.5703e+09	7.54624e+09	7.58077e+09	7.30544e+09	5.55675e+09	7.62161e+09	6.0486e+09	6.6616e+09	6.64356e+09	6.64224e+09	6.58222e+09	6.61552e+09	5.72545e+09	5.85951e+09	5.63916e+09	5.60178e+09	5.84261e+09	5.76928e+09	4.66554e+09	5.25408e+09	5.22754e+09	4.70656e+09	5.24872e+09	4.624e+09	7.32223e+09	7.3781e+09	7.5017e+09	7.2458e+09	6.61252e+09	7.33063e+09	5.85013e+09	6.41511e+09	5.75389e+09	5.66366e+09	6.88334e+09	6.85396e+09
ERR613364	6.02795e+09	6.05323e+09	4.99078e+09	5.96941e+09	6.03795e+09	6.231e+09	5.82839e+09	5.0778e+09	5.75515e+09	5.67045e+09	6.14726e+09	6.37861e+09	6.12152e+09	6.31351e+09	6.02021e+09	5.97197e+09	5.98906e+09	6.14564e+09	5.12838e+09	4.36786e+09	5.53924e+09	5.16979e+09	5.63393e+09	5.49095e+09	6.10751e+09	6.15739e+09	6.16168e+09	6.05253e+09	5.96428e+09	6.06354e+09	4.94579e+09	5.28101e+09	5.24616e+09	5.00736e+09	5.57558e+09	5.26057e+09	4.50481e+09	5.58167e+09	5.21953e+09	5.62877e+09	5.54525e+09	5.24215e+09	5.15273e+09	5.6148e+09	5.67592e+09	5.72378e+09	5.63713e+09	5.26175e+09	4.90697e+09	5.69629e+09	4.68796e+09	5.7466e+09	4.84259e+09	4.80656e+09	5.06035e+09	5.12145e+09	5.29884e+09	5.27615e+09	5.17081e+09	5.13202e+09	6.1803e+09	6.16142e+09	6.18769e+09	5.98201e+09	4.65088e+09	6.21677e+09	5.02943e+09	5.49908e+09	5.48485e+09	5.48436e+09	5.43811e+09	5.46114e+09	4.75395e+09	4.85748e+09	4.68751e+09	4.65843e+09	4.84502e+09	4.7885e+09	3.89699e+09	4.36204e+09	4.34158e+09	3.92905e+09	4.35735e+09	3.86673e+09	6.00559e+09	6.04625e+09	6.13506e+09	5.94721e+09	5.47334e+09	6.00968e+09	4.8752e+09	5.31194e+09	4.80068e+09	4.72862e+09	5.66412e+09	5.64191e+09
ERR613363	7.25429e+09	7.28856e+09	5.88366e+09	7.17201e+09	7.26891e+09	7.52788e+09	6.97224e+09	5.75515e+09	7.12102e+09	6.78448e+09	7.39286e+09	7.70686e+09	7.38774e+09	7.64319e+09	7.26462e+09	7.20289e+09	7.22332e+09	7.42103e+09	6.09522e+09	5.11132e+09	6.63733e+09	6.14901e+09	6.75851e+09	6.57069e+09	7.36346e+09	7.42324e+09	7.43681e+09	7.28875e+09	7.169e+09	7.30419e+09	5.86884e+09	6.29873e+09	6.25769e+09	5.94794e+09	6.68829e+09	6.26963e+09	5.29631e+09	6.70529e+09	6.23158e+09	6.7682e+09	6.66199e+09	6.25989e+09	6.10489e+09	6.71594e+09	6.79057e+09	6.8528e+09	6.74465e+09	6.2491e+09	5.87663e+09	6.89968e+09	5.56263e+09	6.96896e+09	5.78961e+09	5.74516e+09	6.05564e+09	6.13654e+09	6.37312e+09	6.34109e+09	6.19413e+09	6.1544e+09	7.4748e+09	7.45023e+09	7.48371e+09	7.21155e+09	5.47817e+09	7.52771e+09	5.97381e+09	6.56799e+09	6.54994e+09	6.54776e+09	6.49339e+09	6.53321e+09	5.6741e+09	5.80413e+09	5.58546e+09	5.54671e+09	5.79146e+09	5.71716e+09	4.64129e+09	5.22714e+09	5.20149e+09	4.68166e+09	5.22257e+09	4.59201e+09	7.21942e+09	7.27619e+09	7.3999e+09	7.14668e+09	6.52703e+09	7.22428e+09	5.78003e+09	6.32774e+09	5.68548e+09	5.5997e+09	6.79443e+09	6.76643e+09
ERR613362	7.12697e+09	7.16007e+09	5.78861e+09	7.04668e+09	7.14112e+09	7.39392e+09	6.85767e+09	5.67045e+09	6.78448e+09	6.89493e+09	7.26737e+09	7.5723e+09	7.25796e+09	7.50655e+09	7.13899e+09	7.07846e+09	7.09878e+09	7.29026e+09	6.00057e+09	5.0366e+09	6.53004e+09	6.05334e+09	6.64841e+09	6.46516e+09	7.23223e+09	7.28991e+09	7.30399e+09	7.1591e+09	7.04251e+09	7.17422e+09	5.77821e+09	6.19795e+09	6.15787e+09	5.8552e+09	6.57815e+09	6.16928e+09	5.21783e+09	6.59611e+09	6.13252e+09	6.65733e+09	6.55373e+09	6.161e+09	6.00402e+09	6.60195e+09	6.67438e+09	6.73514e+09	6.62969e+09	6.14546e+09	5.78809e+09	6.78709e+09	5.4807e+09	6.85445e+09	5.70352e+09	5.65969e+09	5.96023e+09	6.03951e+09	6.27097e+09	6.23916e+09	6.09549e+09	6.05757e+09	7.347e+09	7.32241e+09	7.35499e+09	7.08953e+09	5.39557e+09	7.39792e+09	5.87927e+09	6.45916e+09	6.44161e+09	6.43946e+09	6.38653e+09	6.42615e+09	5.58686e+09	5.71426e+09	5.50036e+09	5.46197e+09	5.7024e+09	5.6292e+09	4.57432e+09	5.14868e+09	5.12349e+09	4.61359e+09	5.14387e+09	4.52566e+09	7.09837e+09	7.15367e+09	7.27441e+09	7.02759e+09	6.42403e+09	7.10293e+09	5.69206e+09	6.22678e+09	5.59968e+09	5.51614e+09	6.68283e+09	6.65543e+09
ERR613361	7.83997e+09	7.87762e+09	6.33785e+09	7.75048e+09	7.85514e+09	8.1432e+09	7.5e+09	6.14726e+09	7.39286e+09	7.26737e+09	8.23079e+09	8.32663e+09	7.97811e+09	8.26239e+09	7.832e+09	7.76092e+09	7.78615e+09	8.01306e+09	6.51736e+09	5.45257e+09	7.11141e+09	6.5761e+09	7.24726e+09	7.0404e+09	7.96855e+09	8.04038e+09	8.04859e+09	7.88618e+09	7.75465e+09	7.90265e+09	6.27062e+09	6.74671e+09	6.6982e+09	6.35672e+09	7.17808e+09	6.71404e+09	5.65567e+09	7.19064e+09	6.66932e+09	7.25911e+09	7.14025e+09	6.70031e+09	6.57492e+09	7.23935e+09	7.32732e+09	7.39777e+09	7.2719e+09	6.73023e+09	6.26102e+09	7.39278e+09	5.93397e+09	7.4673e+09	6.16863e+09	6.11839e+09	6.49595e+09	6.58445e+09	6.84013e+09	6.8075e+09	6.65343e+09	6.60107e+09	8.07062e+09	8.04358e+09	8.0819e+09	7.77887e+09	5.87718e+09	8.12583e+09	6.39612e+09	7.06191e+09	7.04276e+09	7.04087e+09	6.97681e+09	7.01289e+09	6.07787e+09	6.22263e+09	5.98378e+09	5.94223e+09	6.2055e+09	6.12531e+09	4.94247e+09	5.57852e+09	5.54937e+09	4.98701e+09	5.5729e+09	4.89717e+09	7.78673e+09	7.84813e+09	7.98515e+09	7.7012e+09	7.00458e+09	7.79444e+09	6.18544e+09	6.79948e+09	6.0822e+09	5.98505e+09	7.30957e+09	7.27676e+09
ERR613359	8.19791e+09	8.23851e+09	6.59011e+09	8.10184e+09	8.21696e+09	8.52991e+09	7.81495e+09	6.37861e+09	7.70686e+09	7.5723e+09	8.32663e+09	8.98769e+09	8.35187e+09	8.65818e+09	8.19895e+09	8.12427e+09	8.14903e+09	8.39067e+09	6.78559e+09	5.65659e+09	7.42133e+09	6.8483e+09	7.56555e+09	7.34334e+09	8.33699e+09	8.41287e+09	8.42455e+09	8.24725e+09	8.10418e+09	8.26515e+09	6.52864e+09	7.03102e+09	6.98289e+09	6.61982e+09	7.49335e+09	6.99747e+09	5.87801e+09	7.51552e+09	6.95839e+09	7.58953e+09	7.46403e+09	6.99104e+09	6.83487e+09	7.55093e+09	7.64312e+09	7.71855e+09	7.58592e+09	7.00258e+09	6.53512e+09	7.744e+09	6.17806e+09	7.82397e+09	6.43443e+09	6.38135e+09	6.78996e+09	6.88481e+09	7.15921e+09	7.12528e+09	6.9549e+09	6.90308e+09	8.45022e+09	8.42125e+09	8.46173e+09	8.13705e+09	6.10992e+09	8.51312e+09	6.65669e+09	7.3615e+09	7.34072e+09	7.33902e+09	7.27074e+09	7.3134e+09	6.34958e+09	6.50271e+09	6.24886e+09	6.20314e+09	6.48674e+09	6.39933e+09	5.16139e+09	5.83668e+09	5.80615e+09	5.20755e+09	5.83113e+09	5.10876e+09	8.13204e+09	8.19903e+09	8.34878e+09	8.04117e+09	7.29564e+09	8.13971e+09	6.4361e+09	7.07998e+09	6.32652e+09	6.22518e+09	7.63066e+09	7.59577e+09
ERR626766	8.36867e+09	8.4105e+09	6.72451e+09	8.27182e+09	8.39021e+09	8.71377e+09	7.48732e+09	6.12152e+09	7.38774e+09	7.25796e+09	7.97811e+09	8.35187e+09	8.9161e+09	8.95542e+09	8.47919e+09	8.40343e+09	8.42849e+09	8.68098e+09	6.81391e+09	5.68328e+09	7.45158e+09	6.87896e+09	7.59692e+09	7.37293e+09	8.45296e+09	8.53567e+09	8.54657e+09	8.35879e+09	8.21291e+09	8.37998e+09	6.55876e+09	7.05875e+09	7.01358e+09	6.64952e+09	7.52573e+09	7.02801e+09	5.89996e+09	7.54006e+09	6.98426e+09	7.61632e+09	7.49244e+09	7.01967e+09	6.89789e+09	7.64208e+09	7.74233e+09	7.82196e+09	7.67926e+09	7.0736e+09	6.33765e+09	7.53184e+09	5.9807e+09	7.60951e+09	6.23538e+09	6.18264e+09	6.66344e+09	6.75753e+09	7.02884e+09	6.99797e+09	6.82647e+09	6.775e+09	8.2976e+09	8.26792e+09	8.31021e+09	7.98449e+09	5.9683e+09	8.36074e+09	6.7123e+09	7.42489e+09	7.40575e+09	7.40074e+09	7.33275e+09	7.37725e+09	6.226e+09	6.37914e+09	6.12607e+09	6.07934e+09	6.36488e+09	6.27596e+09	5.0336e+09	5.70653e+09	5.67658e+09	5.07896e+09	5.70367e+09	4.98195e+09	7.84627e+09	7.9122e+09	8.06027e+09	7.75534e+09	7.01993e+09	7.85192e+09	6.26574e+09	6.90289e+09	6.15852e+09	6.05708e+09	7.44958e+09	7.41578e+09
ERR626765	8.6676e+09	8.71271e+09	6.93557e+09	8.56363e+09	8.69097e+09	9.03484e+09	7.74531e+09	6.31351e+09	7.64319e+09	7.50655e+09	8.26239e+09	8.65818e+09	8.95542e+09	9.58713e+09	8.78646e+09	8.7073e+09	8.73214e+09	8.99807e+09	7.03647e+09	5.85408e+09	7.70801e+09	7.10411e+09	7.86004e+09	7.62359e+09	8.76085e+09	8.84633e+09	8.8595e+09	8.66023e+09	8.50517e+09	8.68276e+09	6.77372e+09	7.29633e+09	7.25027e+09	6.86843e+09	7.78908e+09	7.26376e+09	6.08161e+09	7.8041e+09	7.21841e+09	7.88399e+09	7.75453e+09	7.25548e+09	7.12323e+09	7.90556e+09	8.00917e+09	8.0925e+09	7.94473e+09	7.30723e+09	6.55689e+09	7.81247e+09	6.17745e+09	7.89432e+09	6.44901e+09	6.39338e+09	6.89458e+09	6.99443e+09	7.28057e+09	7.24756e+09	7.06598e+09	7.01291e+09	8.60784e+09	8.57614e+09	8.62025e+09	8.27544e+09	6.1592e+09	8.67502e+09	6.93011e+09	7.67716e+09	7.65632e+09	7.65159e+09	7.58039e+09	7.6285e+09	6.43877e+09	6.5991e+09	6.33423e+09	6.28429e+09	6.58535e+09	6.49095e+09	5.20217e+09	5.90414e+09	5.8735e+09	5.2494e+09	5.90142e+09	5.1468e+09	8.13052e+09	8.20021e+09	8.3588e+09	8.03495e+09	7.26211e+09	8.13636e+09	6.47079e+09	7.13605e+09	6.3588e+09	6.25364e+09	7.71167e+09	7.67603e+09
ERR626769	8.21026e+09	8.25196e+09	6.5976e+09	8.1161e+09	8.23285e+09	8.55098e+09	7.35359e+09	6.02021e+09	7.26462e+09	7.13899e+09	7.832e+09	8.19895e+09	8.47919e+09	8.78646e+09	8.59676e+09	8.26029e+09	8.28363e+09	8.52034e+09	6.7041e+09	5.59133e+09	7.33084e+09	6.7686e+09	7.47117e+09	7.25169e+09	8.28932e+09	8.36818e+09	8.38258e+09	8.19673e+09	8.05375e+09	8.21777e+09	6.45333e+09	6.94098e+09	6.89922e+09	6.54305e+09	7.39879e+09	6.91158e+09	5.80674e+09	7.41961e+09	6.87512e+09	7.49567e+09	7.37582e+09	6.91083e+09	6.76473e+09	7.49866e+09	7.59511e+09	7.67183e+09	7.53527e+09	6.93839e+09	6.25236e+09	7.42124e+09	5.89341e+09	7.49759e+09	6.15069e+09	6.09924e+09	6.55979e+09	6.65294e+09	6.92128e+09	6.88981e+09	6.71708e+09	6.67121e+09	8.15038e+09	8.1209e+09	8.16197e+09	7.84321e+09	5.86727e+09	8.21368e+09	6.59893e+09	7.29173e+09	7.2732e+09	7.26757e+09	7.2026e+09	7.24999e+09	6.13301e+09	6.28124e+09	6.0326e+09	5.98562e+09	6.27084e+09	6.18247e+09	4.96896e+09	5.63203e+09	5.60316e+09	5.01384e+09	5.62961e+09	4.91422e+09	7.70407e+09	7.7697e+09	7.91469e+09	7.6172e+09	6.90031e+09	7.70851e+09	6.16328e+09	6.78189e+09	6.0581e+09	5.96007e+09	7.31984e+09	7.28763e+09
ERR626770	8.13915e+09	8.18004e+09	6.54426e+09	8.04639e+09	8.16175e+09	8.47631e+09	7.28869e+09	5.97197e+09	7.20289e+09	7.07846e+09	7.76092e+09	8.12427e+09	8.40343e+09	8.7073e+09	8.26029e+09	8.45143e+09	8.21191e+09	8.44546e+09	6.65287e+09	5.55016e+09	7.27299e+09	6.71631e+09	7.41185e+09	7.19434e+09	8.21518e+09	8.29164e+09	8.30668e+09	8.12327e+09	7.98248e+09	8.14408e+09	6.40311e+09	6.88443e+09	6.84419e+09	6.49075e+09	7.33737e+09	6.85606e+09	5.76422e+09	7.35947e+09	6.82186e+09	7.43526e+09	7.3167e+09	6.8565e+09	6.70809e+09	7.43496e+09	7.52984e+09	7.60554e+09	7.47152e+09	6.88053e+09	6.202e+09	7.35596e+09	5.84452e+09	7.43114e+09	6.10019e+09	6.04903e+09	6.50761e+09	6.60009e+09	6.86471e+09	6.83454e+09	6.66174e+09	6.61801e+09	8.07849e+09	8.04934e+09	8.08962e+09	7.77493e+09	5.82114e+09	8.14151e+09	6.54753e+09	7.23196e+09	7.21286e+09	7.20814e+09	7.14399e+09	7.19178e+09	6.08405e+09	6.23044e+09	5.98512e+09	5.93779e+09	6.22156e+09	6.13287e+09	4.93277e+09	5.58939e+09	5.56099e+09	4.97659e+09	5.58755e+09	4.87657e+09	7.63819e+09	7.70307e+09	7.84616e+09	7.55227e+09	6.84374e+09	7.64064e+09	6.11497e+09	6.72556e+09	6.01102e+09	5.91407e+09	7.25874e+09	7.22692e+09
ERR626768	8.16349e+09	8.20414e+09	6.56349e+09	8.06969e+09	8.18569e+09	8.50045e+09	7.31207e+09	5.98906e+09	7.22332e+09	7.09878e+09	7.78615e+09	8.14903e+09	8.42849e+09	8.73214e+09	8.28363e+09	8.21191e+09	8.4959e+09	8.46903e+09	6.66871e+09	5.56376e+09	7.29049e+09	6.73252e+09	7.42977e+09	7.21163e+09	8.2417e+09	8.31962e+09	8.33344e+09	8.14974e+09	8.0085e+09	8.17059e+09	6.41919e+09	6.90279e+09	6.86191e+09	6.50818e+09	7.35698e+09	6.87434e+09	5.77769e+09	7.37735e+09	6.83765e+09	7.45208e+09	7.33327e+09	6.87243e+09	6.72989e+09	7.45772e+09	7.55366e+09	7.62961e+09	7.49412e+09	6.90226e+09	6.21559e+09	7.37445e+09	5.86038e+09	7.44993e+09	6.11438e+09	6.06332e+09	6.52106e+09	6.61344e+09	6.87893e+09	6.84819e+09	6.67681e+09	6.63176e+09	8.09861e+09	8.07001e+09	8.11005e+09	7.79515e+09	5.83536e+09	8.16149e+09	6.56474e+09	7.25165e+09	7.23268e+09	7.22822e+09	7.16337e+09	7.2097e+09	6.09785e+09	6.24446e+09	5.99833e+09	5.95175e+09	6.23489e+09	6.14684e+09	4.94097e+09	5.59859e+09	5.57006e+09	4.98499e+09	5.59642e+09	4.88632e+09	7.65742e+09	7.72267e+09	7.8661e+09	7.57136e+09	6.86112e+09	7.66123e+09	6.12995e+09	6.7433e+09	6.02531e+09	5.92793e+09	7.27721e+09	7.24533e+09
ERR626767	8.40685e+09	8.44993e+09	6.7504e+09	8.31098e+09	8.4298e+09	8.75749e+09	7.51859e+09	6.14564e+09	7.42103e+09	7.29026e+09	8.01306e+09	8.39067e+09	8.68098e+09	8.99807e+09	8.52034e+09	8.44546e+09	8.46903e+09	8.99941e+09	6.8432e+09	5.7042e+09	7.48654e+09	6.90883e+09	7.63211e+09	7.40633e+09	8.49144e+09	8.57401e+09	8.58674e+09	8.39671e+09	8.24969e+09	8.41767e+09	6.58747e+09	7.08942e+09	7.04532e+09	6.67867e+09	7.56077e+09	7.05984e+09	5.92365e+09	7.57665e+09	7.01686e+09	7.65398e+09	7.53008e+09	7.0524e+09	6.92455e+09	7.67527e+09	7.77562e+09	7.85527e+09	7.71297e+09	7.1017e+09	6.36623e+09	7.56869e+09	6.00426e+09	7.64715e+09	6.2624e+09	6.20926e+09	6.69498e+09	6.79048e+09	7.06394e+09	7.03308e+09	6.85804e+09	6.80737e+09	8.33791e+09	8.30687e+09	8.35001e+09	8.02193e+09	5.99178e+09	8.40205e+09	6.74015e+09	7.45736e+09	7.43789e+09	7.43256e+09	7.36462e+09	7.41013e+09	6.25363e+09	6.40784e+09	6.15329e+09	6.10539e+09	6.39519e+09	6.3046e+09	5.05817e+09	5.73543e+09	5.70582e+09	5.10329e+09	5.73293e+09	5.00403e+09	7.88404e+09	7.95007e+09	8.09954e+09	7.79241e+09	7.05182e+09	7.88763e+09	6.29083e+09	6.93048e+09	6.18308e+09	6.08121e+09	7.48292e+09	7.44936e+09
ERR608758	6.70043e+09	6.73067e+09	5.48584e+09	6.63121e+09	6.71613e+09	6.94208e+09	6.16177e+09	5.12838e+09	6.09522e+09	6.00057e+09	6.51736e+09	6.78559e+09	6.81391e+09	7.03647e+09	6.7041e+09	6.65287e+09	6.66871e+09	6.8432e+09	5.88724e+09	4.8081e+09	6.18478e+09	5.74837e+09	6.29168e+09	6.12517e+09	6.77332e+09	6.82478e+09	6.8388e+09	6.70792e+09	6.60577e+09	6.72212e+09	5.38745e+09	5.76261e+09	5.72894e+09	5.45564e+09	6.10496e+09	5.73814e+09	4.92144e+09	6.17085e+09	5.75538e+09	6.22634e+09	6.13409e+09	5.78041e+09	5.67275e+09	6.21883e+09	6.28452e+09	6.33796e+09	6.24473e+09	5.80425e+09	5.28152e+09	6.16966e+09	5.00762e+09	6.22787e+09	5.20336e+09	5.16411e+09	5.49082e+09	5.56236e+09	5.76813e+09	5.74151e+09	5.61037e+09	5.57709e+09	6.74804e+09	6.72552e+09	6.75552e+09	6.51878e+09	4.99355e+09	6.79575e+09	5.5539e+09	6.08559e+09	6.07034e+09	6.06715e+09	6.01747e+09	6.054e+09	5.13858e+09	5.2531e+09	5.06224e+09	5.02535e+09	5.24362e+09	5.17572e+09	4.2182e+09	4.74081e+09	4.71767e+09	4.2541e+09	4.73806e+09	4.17238e+09	6.45997e+09	6.50818e+09	6.61414e+09	6.3959e+09	5.85528e+09	6.46103e+09	5.25975e+09	5.74097e+09	5.176e+09	5.09915e+09	6.15444e+09	6.12933e+09
ERR608757	5.60346e+09	5.62646e+09	4.67396e+09	5.55236e+09	5.61431e+09	5.78588e+09	5.17508e+09	4.36786e+09	5.11132e+09	5.0366e+09	5.45257e+09	5.65659e+09	5.68328e+09	5.85408e+09	5.59133e+09	5.55016e+09	5.56376e+09	5.7042e+09	4.8081e+09	4.26853e+09	5.1796e+09	4.84568e+09	5.26396e+09	5.13653e+09	5.65715e+09	5.70128e+09	5.70563e+09	5.6081e+09	5.53099e+09	5.61862e+09	4.55505e+09	4.8528e+09	4.82239e+09	4.60939e+09	5.11774e+09	4.83409e+09	4.20182e+09	5.16259e+09	4.84107e+09	5.20376e+09	5.13021e+09	4.8611e+09	4.81074e+09	5.22815e+09	5.2832e+09	5.32519e+09	5.24805e+09	4.91089e+09	4.43537e+09	5.13075e+09	4.2385e+09	5.17469e+09	4.37664e+09	4.34474e+09	4.61994e+09	4.6738e+09	4.83109e+09	4.81153e+09	4.71732e+09	4.68396e+09	5.61931e+09	5.60288e+09	5.62638e+09	5.44336e+09	4.25984e+09	5.653e+09	4.69107e+09	5.1149e+09	5.10361e+09	5.10143e+09	5.05876e+09	5.0805e+09	4.33426e+09	4.42716e+09	4.2761e+09	4.24821e+09	4.41661e+09	4.36501e+09	3.5623e+09	3.98243e+09	3.96393e+09	3.59153e+09	3.979e+09	3.53316e+09	5.40182e+09	5.43717e+09	5.51665e+09	5.34907e+09	4.92562e+09	5.40419e+09	4.45371e+09	4.84197e+09	4.38794e+09	4.32379e+09	5.15694e+09	5.13654e+09
ERR608760	7.31844e+09	7.353e+09	5.9348e+09	7.23846e+09	7.33852e+09	7.59899e+09	6.70777e+09	5.53924e+09	6.63733e+09	6.53004e+09	7.11141e+09	7.42133e+09	7.45158e+09	7.70801e+09	7.33084e+09	7.27299e+09	7.29049e+09	7.48654e+09	6.18478e+09	5.1796e+09	6.95506e+09	6.24138e+09	6.86407e+09	6.66915e+09	7.40449e+09	7.46122e+09	7.48049e+09	7.32851e+09	7.21067e+09	7.34538e+09	5.84259e+09	6.26432e+09	6.22795e+09	5.91969e+09	6.65361e+09	6.23699e+09	5.31006e+09	6.72914e+09	6.25528e+09	6.79418e+09	6.69001e+09	6.28421e+09	6.14816e+09	6.76895e+09	6.84201e+09	6.90272e+09	6.79893e+09	6.29727e+09	5.74508e+09	6.75016e+09	5.42706e+09	6.81808e+09	5.65468e+09	5.61181e+09	5.97415e+09	6.0554e+09	6.29021e+09	6.26038e+09	6.10703e+09	6.07336e+09	7.38558e+09	7.36066e+09	7.39399e+09	7.12283e+09	5.39873e+09	7.44264e+09	6.02424e+09	6.62253e+09	6.60502e+09	6.60136e+09	6.54582e+09	6.59124e+09	5.58204e+09	5.71032e+09	5.49517e+09	5.4532e+09	5.70124e+09	5.62393e+09	4.5757e+09	5.15854e+09	5.13268e+09	4.61539e+09	5.15567e+09	4.52075e+09	7.05444e+09	7.1106e+09	7.23359e+09	6.98333e+09	6.36996e+09	7.0551e+09	5.70077e+09	6.23698e+09	5.60647e+09	5.52272e+09	6.71072e+09	6.68198e+09
ERR608762	6.76395e+09	6.79423e+09	5.53327e+09	6.69327e+09	6.77993e+09	7.00873e+09	6.21622e+09	5.16979e+09	6.14901e+09	6.05334e+09	6.5761e+09	6.8483e+09	6.87896e+09	7.10411e+09	6.7686e+09	6.71631e+09	6.73252e+09	6.90883e+09	5.74837e+09	4.84568e+09	6.24138e+09	5.98992e+09	6.34961e+09	6.17817e+09	6.83668e+09	6.88936e+09	6.90281e+09	6.77089e+09	6.66642e+09	6.78547e+09	5.43397e+09	5.81438e+09	5.77977e+09	5.5036e+09	6.16076e+09	5.78978e+09	4.96167e+09	6.22593e+09	5.80561e+09	6.28296e+09	6.18946e+09	5.83245e+09	5.71933e+09	6.27237e+09	6.3409e+09	6.39507e+09	6.29923e+09	5.85346e+09	5.33109e+09	6.22989e+09	5.05227e+09	6.28894e+09	5.25196e+09	5.21243e+09	5.53912e+09	5.61162e+09	5.8201e+09	5.79252e+09	5.66037e+09	5.62604e+09	6.81155e+09	6.78941e+09	6.81899e+09	6.57821e+09	5.03493e+09	6.85945e+09	5.60055e+09	6.13911e+09	6.12351e+09	6.1205e+09	6.06999e+09	6.10724e+09	5.18322e+09	5.29922e+09	5.1049e+09	5.06856e+09	5.2899e+09	5.22078e+09	4.25443e+09	4.78304e+09	4.76008e+09	4.29094e+09	4.77983e+09	4.20803e+09	6.51733e+09	6.56689e+09	6.67361e+09	6.45297e+09	5.90526e+09	6.51854e+09	5.30168e+09	5.78967e+09	5.2174e+09	5.13941e+09	6.20765e+09	6.18244e+09
ERR608761	7.46178e+09	7.49729e+09	6.04233e+09	7.37908e+09	7.48213e+09	7.74985e+09	6.83252e+09	5.63393e+09	6.75851e+09	6.64841e+09	7.24726e+09	7.56555e+09	7.59692e+09	7.86004e+09	7.47117e+09	7.41185e+09	7.42977e+09	7.63211e+09	6.29168e+09	5.26396e+09	6.86407e+09	6.34961e+09	7.20727e+09	6.78926e+09	7.5525e+09	7.61113e+09	7.63021e+09	7.47431e+09	7.35331e+09	7.49165e+09	5.94495e+09	6.37776e+09	6.33989e+09	6.02396e+09	6.77749e+09	6.34916e+09	5.39717e+09	6.85063e+09	6.36426e+09	6.91748e+09	6.81009e+09	6.3937e+09	6.26335e+09	6.89824e+09	6.97396e+09	7.03597e+09	6.92908e+09	6.41564e+09	5.84099e+09	6.87281e+09	5.51724e+09	6.9421e+09	5.74883e+09	5.70453e+09	6.07802e+09	6.16111e+09	6.40139e+09	6.37109e+09	6.21516e+09	6.17948e+09	7.52775e+09	7.50196e+09	7.5367e+09	7.25843e+09	5.49089e+09	7.58611e+09	6.1307e+09	6.74579e+09	6.72772e+09	6.72422e+09	6.66675e+09	6.71335e+09	5.67708e+09	5.80797e+09	5.58744e+09	5.545e+09	5.79849e+09	5.71959e+09	4.64723e+09	5.24248e+09	5.2161e+09	4.6873e+09	5.23944e+09	4.59201e+09	7.18933e+09	7.24651e+09	7.37334e+09	7.11583e+09	6.48517e+09	7.18977e+09	5.79828e+09	6.34938e+09	5.70286e+09	5.61556e+09	6.83432e+09	6.80553e+09
ERR608759	7.24542e+09	7.27922e+09	5.88667e+09	7.16603e+09	7.26275e+09	7.51781e+09	6.64337e+09	5.49095e+09	6.57069e+09	6.46516e+09	7.0404e+09	7.34334e+09	7.37293e+09	7.62359e+09	7.25169e+09	7.19434e+09	7.21163e+09	7.40633e+09	6.12517e+09	5.13653e+09	6.66915e+09	6.17817e+09	6.78926e+09	6.80987e+09	7.33124e+09	7.38734e+09	7.40468e+09	7.25802e+09	7.14237e+09	7.27398e+09	5.78622e+09	6.2026e+09	6.16533e+09	5.8619e+09	6.58562e+09	6.17448e+09	5.26242e+09	6.65617e+09	6.19006e+09	6.71879e+09	6.61529e+09	6.21792e+09	6.10042e+09	6.70872e+09	6.7806e+09	6.84058e+09	6.73776e+09	6.24636e+09	5.68223e+09	6.67079e+09	5.37313e+09	6.7367e+09	5.59434e+09	5.55121e+09	5.90937e+09	5.98935e+09	6.21935e+09	6.18964e+09	6.04279e+09	6.00652e+09	7.30657e+09	7.28186e+09	7.3149e+09	7.04909e+09	5.35119e+09	7.36107e+09	5.96923e+09	6.56009e+09	6.54324e+09	6.53919e+09	6.48451e+09	6.52746e+09	5.52247e+09	5.64953e+09	5.43703e+09	5.39653e+09	5.6387e+09	5.56387e+09	4.52303e+09	5.09724e+09	5.07154e+09	4.56202e+09	5.09364e+09	4.47134e+09	6.98333e+09	7.0374e+09	7.15848e+09	6.91211e+09	6.30808e+09	6.9849e+09	5.64689e+09	6.17975e+09	5.55488e+09	5.47105e+09	6.64318e+09	6.61474e+09
ERR637122	8.4477e+09	8.48786e+09	6.80203e+09	8.35319e+09	8.46709e+09	8.78902e+09	7.47957e+09	6.10751e+09	7.36346e+09	7.23223e+09	7.96855e+09	8.33699e+09	8.45296e+09	8.76085e+09	8.28932e+09	8.21518e+09	8.2417e+09	8.49144e+09	6.77332e+09	5.65715e+09	7.40449e+09	6.83668e+09	7.5525e+09	7.33124e+09	8.9606e+09	8.78628e+09	8.79524e+09	8.61975e+09	8.47337e+09	8.64021e+09	6.59061e+09	7.09495e+09	7.04603e+09	6.67998e+09	7.56285e+09	7.06079e+09	5.83066e+09	7.43872e+09	6.89101e+09	7.5108e+09	7.38756e+09	6.92225e+09	7.0908e+09	7.82258e+09	7.92094e+09	7.9984e+09	7.85896e+09	7.26363e+09	6.14414e+09	7.31627e+09	5.8109e+09	7.39404e+09	6.04507e+09	5.99259e+09	6.50013e+09	6.59173e+09	6.85671e+09	6.82587e+09	6.6673e+09	6.60633e+09	8.17165e+09	8.1423e+09	8.18201e+09	7.86018e+09	5.87115e+09	8.2325e+09	6.78644e+09	7.51679e+09	7.49938e+09	7.49448e+09	7.41902e+09	7.45721e+09	6.04485e+09	6.19434e+09	5.94794e+09	5.90335e+09	6.17921e+09	6.09279e+09	4.84605e+09	5.49934e+09	5.46786e+09	4.89215e+09	5.49382e+09	4.80387e+09	7.81456e+09	7.87976e+09	8.02466e+09	7.72206e+09	6.9825e+09	7.82286e+09	6.20656e+09	6.85703e+09	6.09813e+09	5.99499e+09	7.40037e+09	7.36453e+09
ERR637119	8.52446e+09	8.56581e+09	6.86344e+09	8.43039e+09	8.5453e+09	8.87113e+09	7.54486e+09	6.15739e+09	7.42324e+09	7.28991e+09	8.04038e+09	8.41287e+09	8.53567e+09	8.84633e+09	8.36818e+09	8.29164e+09	8.31962e+09	8.57401e+09	6.82478e+09	5.70128e+09	7.46122e+09	6.88936e+09	7.61113e+09	7.38734e+09	8.78628e+09	9.13066e+09	8.87783e+09	8.69372e+09	8.55053e+09	8.7147e+09	6.64078e+09	7.15146e+09	7.10108e+09	6.73128e+09	7.62386e+09	7.11789e+09	5.88072e+09	7.50172e+09	6.94942e+09	7.57517e+09	7.45005e+09	6.9811e+09	7.14098e+09	7.87948e+09	7.98245e+09	8.06165e+09	7.91693e+09	7.31481e+09	6.19438e+09	7.38328e+09	5.86321e+09	7.46124e+09	6.09534e+09	6.04177e+09	6.56404e+09	6.65668e+09	6.92372e+09	6.89334e+09	6.73403e+09	6.67059e+09	8.24905e+09	8.21948e+09	8.25984e+09	7.93525e+09	5.92568e+09	8.31094e+09	6.83551e+09	7.57517e+09	7.55712e+09	7.55337e+09	7.47536e+09	7.51201e+09	6.10493e+09	6.2569e+09	6.00717e+09	5.96306e+09	6.24081e+09	6.15347e+09	4.8908e+09	5.55076e+09	5.51878e+09	4.93733e+09	5.54513e+09	4.85029e+09	7.88165e+09	7.94702e+09	8.09275e+09	7.78664e+09	7.03697e+09	7.89095e+09	6.25523e+09	6.91476e+09	6.14618e+09	6.04123e+09	7.4617e+09	7.42576e+09
ERR637118	8.53238e+09	8.57476e+09	6.85971e+09	8.43845e+09	8.55515e+09	8.8847e+09	7.5524e+09	6.16168e+09	7.43681e+09	7.30399e+09	8.04859e+09	8.42455e+09	8.54657e+09	8.8595e+09	8.38258e+09	8.30668e+09	8.33344e+09	8.58674e+09	6.8388e+09	5.70563e+09	7.48049e+09	6.90281e+09	7.63021e+09	7.40468e+09	8.79524e+09	8.87783e+09	9.14828e+09	8.70219e+09	8.55876e+09	8.72302e+09	6.65332e+09	7.16428e+09	7.11544e+09	6.7445e+09	7.63987e+09	7.13039e+09	5.88537e+09	7.51985e+09	6.96394e+09	7.59434e+09	7.46967e+09	6.99512e+09	7.14643e+09	7.89194e+09	7.99074e+09	8.0696e+09	7.92969e+09	7.32179e+09	6.213e+09	7.40579e+09	5.87266e+09	7.48486e+09	6.1112e+09	6.05808e+09	6.57351e+09	6.66687e+09	6.93706e+09	6.90585e+09	6.74125e+09	6.68225e+09	8.26059e+09	8.23149e+09	8.27134e+09	7.94491e+09	5.92468e+09	8.32562e+09	6.8479e+09	7.58627e+09	7.56832e+09	7.56429e+09	7.48703e+09	7.52897e+09	6.11425e+09	6.26549e+09	6.01513e+09	5.96962e+09	6.25103e+09	6.16241e+09	4.9038e+09	5.56629e+09	5.53478e+09	4.94922e+09	5.5607e+09	4.8578e+09	7.89334e+09	7.95962e+09	8.10795e+09	7.79969e+09	7.04871e+09	7.90146e+09	6.26575e+09	6.92033e+09	6.1563e+09	6.05202e+09	7.47462e+09	7.43886e+09
ERR637120	8.35892e+09	8.39877e+09	6.74241e+09	8.26719e+09	8.37817e+09	8.6924e+09	7.40556e+09	6.05253e+09	7.28875e+09	7.1591e+09	7.88618e+09	8.24725e+09	8.35879e+09	8.66023e+09	8.19673e+09	8.12327e+09	8.14974e+09	8.39671e+09	6.70792e+09	5.6081e+09	7.32851e+09	6.77089e+09	7.47431e+09	7.25802e+09	8.61975e+09	8.69372e+09	8.70219e+09	8.77646e+09	8.38913e+09	8.55102e+09	6.52495e+09	7.02235e+09	6.97341e+09	6.61351e+09	7.48219e+09	6.98906e+09	5.77562e+09	7.35704e+09	6.81878e+09	7.42806e+09	7.30626e+09	6.84872e+09	7.03345e+09	7.74959e+09	7.84664e+09	7.92252e+09	7.78607e+09	7.20283e+09	6.07402e+09	7.22691e+09	5.74957e+09	7.30329e+09	5.97624e+09	5.92467e+09	6.42718e+09	6.51689e+09	6.77677e+09	6.74717e+09	6.59199e+09	6.53122e+09	8.08201e+09	8.05332e+09	8.09231e+09	7.77596e+09	5.81692e+09	8.14163e+09	6.7255e+09	7.44672e+09	7.42949e+09	7.42541e+09	7.34966e+09	7.38629e+09	5.97671e+09	6.1241e+09	5.88168e+09	5.83807e+09	6.10897e+09	6.02333e+09	4.78991e+09	5.43338e+09	5.40187e+09	4.83542e+09	5.42753e+09	4.74905e+09	7.73751e+09	7.80085e+09	7.94276e+09	7.64602e+09	6.91743e+09	7.7458e+09	6.14914e+09	6.79281e+09	6.04206e+09	5.93979e+09	7.32764e+09	7.29206e+09
ERR637117	8.22204e+09	8.26038e+09	6.65078e+09	8.13618e+09	8.242e+09	8.54557e+09	7.28623e+09	5.96428e+09	7.169e+09	7.04251e+09	7.75465e+09	8.10418e+09	8.21291e+09	8.50517e+09	8.05375e+09	7.98248e+09	8.0085e+09	8.24969e+09	6.60577e+09	5.53099e+09	7.21067e+09	6.66642e+09	7.35331e+09	7.14237e+09	8.47337e+09	8.55053e+09	8.55876e+09	8.38913e+09	8.49406e+09	8.40712e+09	6.42361e+09	6.91009e+09	6.86154e+09	6.51008e+09	7.357e+09	6.87828e+09	5.68876e+09	7.22904e+09	6.70551e+09	7.29812e+09	7.17855e+09	6.73406e+09	6.94388e+09	7.63583e+09	7.73068e+09	7.80338e+09	7.67128e+09	7.10772e+09	5.95808e+09	7.0823e+09	5.64735e+09	7.15668e+09	5.86259e+09	5.81199e+09	6.31125e+09	6.39801e+09	6.65072e+09	6.62236e+09	6.47196e+09	6.41204e+09	7.93906e+09	7.91128e+09	7.94948e+09	7.64251e+09	5.72975e+09	7.99771e+09	6.62967e+09	7.33678e+09	7.31955e+09	7.31565e+09	7.24017e+09	7.27414e+09	5.86898e+09	6.01224e+09	5.77639e+09	5.73398e+09	5.99804e+09	5.91446e+09	4.69882e+09	5.3265e+09	5.29557e+09	4.74309e+09	5.32053e+09	4.65987e+09	7.61409e+09	7.67468e+09	7.81184e+09	7.52409e+09	6.81231e+09	7.62211e+09	6.05679e+09	6.68818e+09	5.9522e+09	5.85068e+09	7.21131e+09	7.17601e+09
ERR637121	8.37952e+09	8.41964e+09	6.75531e+09	8.28667e+09	8.3985e+09	8.71472e+09	7.42005e+09	6.06354e+09	7.30419e+09	7.17422e+09	7.90265e+09	8.26515e+09	8.37998e+09	8.68276e+09	8.21777e+09	8.14408e+09	8.17059e+09	8.41767e+09	6.72212e+09	5.61862e+09	7.34538e+09	6.78547e+09	7.49165e+09	7.27398e+09	8.64021e+09	8.7147e+09	8.72302e+09	8.55102e+09	8.40712e+09	8.81723e+09	6.53952e+09	7.03879e+09	6.98944e+09	6.62818e+09	7.50019e+09	7.00483e+09	5.7868e+09	7.37456e+09	6.83405e+09	7.44598e+09	7.32336e+09	6.86448e+09	7.04661e+09	7.76625e+09	7.86395e+09	7.94002e+09	7.80267e+09	7.21696e+09	6.08757e+09	7.24498e+09	5.76096e+09	7.32135e+09	5.99027e+09	5.93808e+09	6.44128e+09	6.53172e+09	6.7924e+09	6.76275e+09	6.60702e+09	6.546e+09	8.10003e+09	8.07149e+09	8.11061e+09	7.79281e+09	5.82683e+09	8.16007e+09	6.73906e+09	7.46214e+09	7.44452e+09	7.44047e+09	7.3649e+09	7.40202e+09	5.99022e+09	6.13777e+09	5.89464e+09	5.8504e+09	6.12276e+09	6.03713e+09	4.80096e+09	5.44642e+09	5.41515e+09	4.84646e+09	5.44076e+09	4.75942e+09	7.7524e+09	7.81617e+09	7.95905e+09	7.66127e+09	6.9299e+09	7.76103e+09	6.16035e+09	6.80579e+09	6.0527e+09	5.95093e+09	7.34218e+09	7.3067e+09
ERR621924	6.52622e+09	6.55671e+09	5.34303e+09	6.45935e+09	6.54276e+09	6.76599e+09	5.93315e+09	4.94579e+09	5.86884e+09	5.77821e+09	6.27062e+09	6.52864e+09	6.55876e+09	6.77372e+09	6.45333e+09	6.40311e+09	6.41919e+09	6.58747e+09	5.38745e+09	4.55505e+09	5.84259e+09	5.43397e+09	5.94495e+09	5.78622e+09	6.59061e+09	6.64078e+09	6.65332e+09	6.52495e+09	6.42361e+09	6.53952e+09	5.62598e+09	5.79951e+09	5.76984e+09	5.50064e+09	6.1374e+09	5.77757e+09	4.67531e+09	5.85321e+09	5.45932e+09	5.90471e+09	5.81892e+09	5.48294e+09	5.52324e+09	6.05471e+09	6.12048e+09	6.17492e+09	6.08033e+09	5.65301e+09	4.97075e+09	5.82821e+09	4.71141e+09	5.88523e+09	4.89682e+09	4.85977e+09	5.12383e+09	5.19169e+09	5.38934e+09	5.36369e+09	5.23945e+09	5.20598e+09	6.31628e+09	6.29609e+09	6.3234e+09	6.09424e+09	4.64517e+09	6.36132e+09	5.33414e+09	5.8429e+09	5.82916e+09	5.82599e+09	5.77635e+09	5.81084e+09	4.79546e+09	4.90569e+09	4.7225e+09	4.6884e+09	4.89648e+09	4.83319e+09	3.89282e+09	4.38856e+09	4.36767e+09	3.9276e+09	4.38624e+09	3.85245e+09	6.11895e+09	6.16669e+09	6.26766e+09	6.05905e+09	5.54515e+09	6.12165e+09	4.90135e+09	5.35957e+09	4.82239e+09	4.75066e+09	5.75135e+09	5.72868e+09
ERR621920	7.01991e+09	7.05345e+09	5.71774e+09	6.94457e+09	7.03714e+09	7.28468e+09	6.37243e+09	5.28101e+09	6.29873e+09	6.19795e+09	6.74671e+09	7.03102e+09	7.05875e+09	7.29633e+09	6.94098e+09	6.88443e+09	6.90279e+09	7.08942e+09	5.76261e+09	4.8528e+09	6.26432e+09	5.81438e+09	6.37776e+09	6.2026e+09	7.09495e+09	7.15146e+09	7.16428e+09	7.02235e+09	6.91009e+09	7.03879e+09	5.79951e+09	6.42732e+09	6.17327e+09	5.87509e+09	6.58755e+09	6.18541e+09	4.9857e+09	6.27927e+09	5.84448e+09	6.33626e+09	6.2398e+09	5.87058e+09	5.91584e+09	6.49869e+09	6.57179e+09	6.63218e+09	6.52716e+09	6.0574e+09	5.31675e+09	6.26261e+09	5.03345e+09	6.32578e+09	5.23685e+09	5.1961e+09	5.48856e+09	5.56198e+09	5.77954e+09	5.75045e+09	5.61683e+09	5.57799e+09	6.80054e+09	6.77803e+09	6.80826e+09	6.55531e+09	4.96348e+09	6.84906e+09	5.70654e+09	6.26708e+09	6.25164e+09	6.24836e+09	6.19361e+09	6.23056e+09	5.12935e+09	5.24995e+09	5.04925e+09	5.01306e+09	5.23853e+09	5.17031e+09	4.15414e+09	4.6916e+09	4.66859e+09	4.19222e+09	4.6885e+09	4.11172e+09	6.58062e+09	6.63362e+09	6.74509e+09	6.51382e+09	5.94527e+09	6.58564e+09	5.24244e+09	5.74757e+09	5.1559e+09	5.07735e+09	6.17731e+09	6.15193e+09
ERR621922	6.97328e+09	7.00741e+09	5.67695e+09	6.89912e+09	6.99166e+09	7.23804e+09	6.32633e+09	5.24616e+09	6.25769e+09	6.15787e+09	6.6982e+09	6.98289e+09	7.01358e+09	7.25027e+09	6.89922e+09	6.84419e+09	6.86191e+09	7.04532e+09	5.72894e+09	4.82239e+09	6.22795e+09	5.77977e+09	6.33989e+09	6.16533e+09	7.04603e+09	7.10108e+09	7.11544e+09	6.97341e+09	6.86154e+09	6.98944e+09	5.76984e+09	6.17327e+09	6.3533e+09	5.84498e+09	6.54728e+09	6.14982e+09	4.95685e+09	6.24419e+09	5.81233e+09	6.30044e+09	6.20633e+09	5.83812e+09	5.87133e+09	6.45436e+09	6.52626e+09	6.58531e+09	6.4831e+09	6.01325e+09	5.29012e+09	6.22841e+09	5.00421e+09	6.29091e+09	5.20954e+09	5.16883e+09	5.45809e+09	5.53159e+09	5.74809e+09	5.7198e+09	5.58294e+09	5.54711e+09	6.75409e+09	6.73146e+09	6.76166e+09	6.51034e+09	4.92993e+09	6.80432e+09	5.67108e+09	6.22561e+09	6.21065e+09	6.20645e+09	6.15313e+09	6.19148e+09	5.10174e+09	5.22016e+09	5.02155e+09	4.98437e+09	5.21125e+09	5.14209e+09	4.13618e+09	4.67171e+09	4.64838e+09	4.17358e+09	4.66886e+09	4.09185e+09	6.53485e+09	6.5873e+09	6.69934e+09	6.4692e+09	5.90541e+09	6.53768e+09	5.20672e+09	5.70471e+09	5.12143e+09	5.04421e+09	6.13464e+09	6.10912e+09
