	ERR618451	ERR618452	ERR618448	ERR618447	ERR618449	ERR618450	ERR612595	ERR612598	ERR612596	ERR612597	ERR612600	ERR612599	ERR613108	ERR613109	ERR613111	ERR613112	ERR613110	ERR613107	ERR636724	ERR636725	ERR636721	ERR636726	ERR636722	ERR636723	ERR608963	ERR608961	ERR608965	ERR608966	ERR608964	ERR608962	ERR636781	ERR636786	ERR636784	ERR636783	ERR636785	ERR636782	ERR613356	ERR613354	ERR613355	ERR613353	ERR613358	ERR613357	ERR605682	ERR605679	ERR605680	ERR605681	ERR605677	ERR605678	ERR614539	ERR614541	ERR614540	ERR614537	ERR614538	ERR614542	ERR611351	ERR611350	ERR611352	ERR611348	ERR611349	ERR611347	ERR616786	ERR616781	ERR616782	ERR616783	ERR616785	ERR616784	ERR614999	ERR614998	ERR614996	ERR614995	ERR614994	ERR614997	ERR612533	ERR612531	ERR612532	ERR612534	ERR612530	ERR612529	ERR612856	ERR612858	ERR612859	ERR612857	ERR612860	ERR612855	ERR612289	ERR612288	ERR612287	ERR612290	ERR612292	ERR612291	ERR613788	ERR613791	ERR613790	ERR613793	ERR613792	ERR613789
ERR618451	4.63517e+08	3.26034e+08	2.7781e+08	3.28885e+08	3.04984e+08	3.12829e+08	3.10656e+08	2.49916e+08	2.27345e+08	2.86899e+08	2.46934e+08	2.50056e+08	2.6631e+08	2.64918e+08	1.68895e+08	1.64102e+08	1.58643e+08	2.92405e+08	3.01879e+08	3.03526e+08	2.5859e+08	3.09114e+08	2.8127e+08	2.83638e+08	2.99829e+08	2.00098e+08	2.25651e+08	2.22023e+08	2.29372e+08	2.76268e+08	2.32795e+08	2.70499e+08	2.70263e+08	2.62024e+08	2.71043e+08	2.6376e+08	2.16071e+08	2.26185e+08	2.50185e+08	2.75541e+08	1.75387e+08	2.22404e+08	1.62175e+08	1.62225e+08	1.59181e+08	1.65368e+08	1.808e+08	1.64838e+08	1.53555e+08	2.21024e+08	2.19983e+08	1.58609e+08	1.63327e+08	2.07154e+08	2.20529e+08	2.01328e+08	2.2073e+08	1.99861e+08	2.15599e+08	2.0719e+08	1.92313e+08	2.0158e+08	2.10069e+08	2.21298e+08	1.90577e+08	1.93207e+08	2.28685e+08	2.22465e+08	1.81649e+08	1.89466e+08	1.8329e+08	2.24234e+08	1.86094e+08	2.15414e+08	1.86436e+08	1.84599e+08	1.68988e+08	2.3537e+08	1.285e+08	1.416e+08	1.3196e+08	1.78672e+08	1.3708e+08	1.96912e+08	1.45442e+08	1.4759e+08	1.78518e+08	2.27308e+08	2.43271e+08	2.24472e+08	2.37023e+08	2.08956e+08	1.69099e+08	2.10796e+08	2.10696e+08	2.14528e+08
ERR618452	3.26034e+08	4.72857e+08	2.80724e+08	3.32358e+08	3.08382e+08	3.16271e+08	3.14102e+08	2.52609e+08	2.29997e+08	2.90152e+08	2.49678e+08	2.52877e+08	2.69252e+08	2.67821e+08	1.70826e+08	1.65868e+08	1.60328e+08	2.95489e+08	3.05085e+08	3.06657e+08	2.61198e+08	3.12388e+08	2.84213e+08	2.8653e+08	3.03265e+08	2.02489e+08	2.28195e+08	2.24557e+08	2.31958e+08	2.79267e+08	2.35364e+08	2.73549e+08	2.73423e+08	2.65059e+08	2.74186e+08	2.66583e+08	2.18421e+08	2.28605e+08	2.52978e+08	2.78713e+08	1.77186e+08	2.24775e+08	1.63965e+08	1.6411e+08	1.60897e+08	1.67376e+08	1.82986e+08	1.66679e+08	1.55475e+08	2.23898e+08	2.2284e+08	1.60663e+08	1.65381e+08	2.09862e+08	2.23089e+08	2.03739e+08	2.23348e+08	2.02147e+08	2.18183e+08	2.09738e+08	1.94688e+08	2.03935e+08	2.12371e+08	2.23914e+08	1.92848e+08	1.95422e+08	2.31567e+08	2.25207e+08	1.83932e+08	1.91876e+08	1.85606e+08	2.27072e+08	1.88449e+08	2.18111e+08	1.88834e+08	1.86666e+08	1.71089e+08	2.38186e+08	1.30034e+08	1.43432e+08	1.33547e+08	1.80982e+08	1.38847e+08	1.99425e+08	1.47105e+08	1.49254e+08	1.80537e+08	2.29863e+08	2.46067e+08	2.27068e+08	2.39825e+08	2.11413e+08	1.71152e+08	2.13305e+08	2.13115e+08	2.171e+08
ERR618448	2.7781e+08	2.80724e+08	3.64238e+08	2.86092e+08	2.65836e+08	2.69522e+08	2.65966e+08	2.14348e+08	1.95718e+08	2.46625e+08	2.11892e+08	2.147e+08	2.30291e+08	2.292e+08	1.46649e+08	1.42629e+08	1.37762e+08	2.52278e+08	2.62032e+08	2.6333e+08	2.24547e+08	2.68033e+08	2.43709e+08	2.46268e+08	2.59723e+08	1.75032e+08	1.95928e+08	1.92825e+08	1.99199e+08	2.39801e+08	2.01963e+08	2.34648e+08	2.34457e+08	2.27429e+08	2.35273e+08	2.28341e+08	1.86382e+08	1.9584e+08	2.16467e+08	2.37829e+08	1.52241e+08	1.91697e+08	1.39144e+08	1.38705e+08	1.3572e+08	1.42059e+08	1.54397e+08	1.40897e+08	1.32138e+08	1.89968e+08	1.89103e+08	1.36546e+08	1.40482e+08	1.78934e+08	1.90219e+08	1.74549e+08	1.90383e+08	1.71864e+08	1.85281e+08	1.78259e+08	1.67101e+08	1.74939e+08	1.81495e+08	1.91174e+08	1.65626e+08	1.67898e+08	1.97287e+08	1.91957e+08	1.56864e+08	1.63793e+08	1.58529e+08	1.93494e+08	1.59668e+08	1.85286e+08	1.59879e+08	1.58085e+08	1.45015e+08	2.01391e+08	1.1048e+08	1.2134e+08	1.13096e+08	1.53694e+08	1.17569e+08	1.68863e+08	1.20885e+08	1.22522e+08	1.47896e+08	1.9191e+08	2.05507e+08	1.8958e+08	2.04201e+08	1.79828e+08	1.46521e+08	1.81364e+08	1.81339e+08	1.8498e+08
ERR618447	3.28885e+08	3.32358e+08	2.86092e+08	4.84716e+08	3.13899e+08	3.1892e+08	3.16911e+08	2.54816e+08	2.32318e+08	2.93129e+08	2.51793e+08	2.55051e+08	2.73576e+08	2.72226e+08	1.73371e+08	1.68616e+08	1.62774e+08	3.00189e+08	3.10005e+08	3.11722e+08	2.65433e+08	3.17432e+08	2.88553e+08	2.91285e+08	3.08239e+08	2.06337e+08	2.31921e+08	2.28051e+08	2.35632e+08	2.84278e+08	2.38534e+08	2.77358e+08	2.77295e+08	2.68915e+08	2.78257e+08	2.70147e+08	2.21424e+08	2.32349e+08	2.57101e+08	2.82801e+08	1.79996e+08	2.27879e+08	1.66206e+08	1.659e+08	1.62581e+08	1.69675e+08	1.84993e+08	1.6876e+08	1.58282e+08	2.27735e+08	2.26581e+08	1.63565e+08	1.68381e+08	2.14122e+08	2.27645e+08	2.0841e+08	2.2791e+08	2.0606e+08	2.22301e+08	2.13698e+08	1.99425e+08	2.08939e+08	2.17156e+08	2.28858e+08	1.97654e+08	2.00304e+08	2.36279e+08	2.29751e+08	1.87764e+08	1.95844e+08	1.89582e+08	2.31741e+08	1.91561e+08	2.22309e+08	1.91971e+08	1.89811e+08	1.7426e+08	2.42195e+08	1.32428e+08	1.45679e+08	1.35732e+08	1.84227e+08	1.41075e+08	2.02735e+08	1.47082e+08	1.49059e+08	1.8024e+08	2.32118e+08	2.48584e+08	2.29333e+08	2.44758e+08	2.15706e+08	1.75103e+08	2.17421e+08	2.17307e+08	2.21664e+08
ERR618449	3.04984e+08	3.08382e+08	2.65836e+08	3.13899e+08	4.2574e+08	2.96016e+08	2.93685e+08	2.36285e+08	2.15452e+08	2.71834e+08	2.33586e+08	2.36637e+08	2.53347e+08	2.52151e+08	1.6102e+08	1.56466e+08	1.51139e+08	2.77724e+08	2.87519e+08	2.88918e+08	2.46199e+08	2.94214e+08	2.67584e+08	2.70067e+08	2.85431e+08	1.91616e+08	2.14978e+08	2.1159e+08	2.18453e+08	2.63382e+08	2.21631e+08	2.57584e+08	2.57502e+08	2.49625e+08	2.58228e+08	2.50886e+08	2.04976e+08	2.15173e+08	2.37939e+08	2.61721e+08	1.6708e+08	2.11036e+08	1.53627e+08	1.53344e+08	1.50282e+08	1.56818e+08	1.70898e+08	1.55875e+08	1.4594e+08	2.0988e+08	2.08833e+08	1.50781e+08	1.55194e+08	1.9742e+08	2.09655e+08	1.91906e+08	2.0966e+08	1.89556e+08	2.04447e+08	1.96654e+08	1.83765e+08	1.92446e+08	1.99945e+08	2.10785e+08	1.82157e+08	1.84664e+08	2.17637e+08	2.11787e+08	1.72971e+08	1.80448e+08	1.74595e+08	2.13416e+08	1.76367e+08	2.04595e+08	1.76777e+08	1.74878e+08	1.60373e+08	2.22896e+08	1.22107e+08	1.34232e+08	1.25152e+08	1.69912e+08	1.29888e+08	1.86876e+08	1.35034e+08	1.36874e+08	1.65344e+08	2.12905e+08	2.28019e+08	2.10571e+08	2.25208e+08	1.98288e+08	1.61233e+08	2.00066e+08	1.99981e+08	2.03919e+08
ERR618450	3.12829e+08	3.16271e+08	2.69522e+08	3.1892e+08	2.96016e+08	4.4055e+08	3.01639e+08	2.42445e+08	2.20839e+08	2.7845e+08	2.3956e+08	2.42581e+08	2.58343e+08	2.5709e+08	1.64126e+08	1.5946e+08	1.54109e+08	2.83541e+08	2.92871e+08	2.9432e+08	2.50848e+08	2.99728e+08	2.72735e+08	2.75107e+08	2.90645e+08	1.94233e+08	2.189e+08	2.15359e+08	2.22383e+08	2.67874e+08	2.2621e+08	2.62495e+08	2.62253e+08	2.54459e+08	2.63305e+08	2.56086e+08	2.09685e+08	2.1944e+08	2.42751e+08	2.67244e+08	1.70245e+08	2.15718e+08	1.57246e+08	1.57414e+08	1.54417e+08	1.60531e+08	1.7546e+08	1.59868e+08	1.48757e+08	2.1429e+08	2.13219e+08	1.53709e+08	1.58176e+08	2.00846e+08	2.13623e+08	1.9517e+08	2.14021e+08	1.93753e+08	2.08994e+08	2.00865e+08	1.86536e+08	1.95409e+08	2.03543e+08	2.14333e+08	1.84801e+08	1.8728e+08	2.21587e+08	2.15512e+08	1.75976e+08	1.83617e+08	1.77575e+08	2.17227e+08	1.80263e+08	2.08838e+08	1.80714e+08	1.78773e+08	1.63783e+08	2.28133e+08	1.24409e+08	1.37171e+08	1.27733e+08	1.73227e+08	1.32871e+08	1.9077e+08	1.4124e+08	1.43141e+08	1.73143e+08	2.20294e+08	2.35854e+08	2.17675e+08	2.29919e+08	2.02594e+08	1.63997e+08	2.04268e+08	2.04083e+08	2.07953e+08
ERR612595	3.10656e+08	3.14102e+08	2.65966e+08	3.16911e+08	2.93685e+08	3.01639e+08	6.0698e+08	3.59546e+08	3.30305e+08	4.09859e+08	3.55743e+08	3.59959e+08	3.3656e+08	3.34845e+08	2.21905e+08	2.15869e+08	2.09831e+08	3.68185e+08	3.30605e+08	3.32472e+08	2.83452e+08	3.38478e+08	3.08926e+08	3.10568e+08	3.23947e+08	2.12449e+08	2.4266e+08	2.38605e+08	2.4666e+08	2.97239e+08	2.55407e+08	2.95133e+08	2.95541e+08	2.86927e+08	2.96364e+08	2.90095e+08	2.85123e+08	2.95498e+08	3.24565e+08	3.56167e+08	2.34655e+08	2.92913e+08	2.24568e+08	2.25743e+08	2.22622e+08	2.2902e+08	2.49511e+08	2.29293e+08	1.73899e+08	2.50112e+08	2.4839e+08	1.79241e+08	1.84682e+08	2.32402e+08	2.47088e+08	2.2328e+08	2.47522e+08	2.24798e+08	2.42971e+08	2.32933e+08	2.12609e+08	2.22861e+08	2.3422e+08	2.46841e+08	2.10623e+08	2.13554e+08	2.57378e+08	2.50046e+08	2.04478e+08	2.12686e+08	2.05425e+08	2.52375e+08	2.38645e+08	2.72248e+08	2.39574e+08	2.37353e+08	2.18609e+08	2.97252e+08	1.76359e+08	1.92813e+08	1.81371e+08	2.3533e+08	1.87745e+08	2.57321e+08	1.86487e+08	1.8912e+08	2.28817e+08	2.85131e+08	3.052e+08	2.81363e+08	2.65873e+08	2.34722e+08	1.88029e+08	2.36556e+08	2.36473e+08	2.40202e+08
ERR612598	2.49916e+08	2.52609e+08	2.14348e+08	2.54816e+08	2.36285e+08	2.42445e+08	3.59546e+08	4.23993e+08	2.69841e+08	3.32873e+08	2.92099e+08	2.95443e+08	2.74598e+08	2.73346e+08	1.83594e+08	1.78737e+08	1.73931e+08	2.99637e+08	2.65116e+08	2.66516e+08	2.27637e+08	2.71459e+08	2.47785e+08	2.49442e+08	2.59813e+08	1.71406e+08	1.9532e+08	1.92182e+08	1.9856e+08	2.38468e+08	2.06685e+08	2.38386e+08	2.3873e+08	2.3178e+08	2.39242e+08	2.34069e+08	2.33506e+08	2.4194e+08	2.65146e+08	2.89803e+08	1.93463e+08	2.39804e+08	1.8417e+08	1.84795e+08	1.8226e+08	1.87588e+08	2.03731e+08	1.87659e+08	1.38402e+08	1.98727e+08	1.97535e+08	1.42714e+08	1.46995e+08	1.8502e+08	1.96286e+08	1.77688e+08	1.96719e+08	1.78549e+08	1.9293e+08	1.85028e+08	1.69414e+08	1.77324e+08	1.86154e+08	1.96362e+08	1.67779e+08	1.70027e+08	2.0433e+08	1.98646e+08	1.62422e+08	1.68944e+08	1.63281e+08	2.00362e+08	1.94315e+08	2.2081e+08	1.94944e+08	1.93137e+08	1.78146e+08	2.40403e+08	1.44908e+08	1.57846e+08	1.4901e+08	1.91766e+08	1.54014e+08	2.08987e+08	1.49704e+08	1.51598e+08	1.83168e+08	2.2972e+08	2.45912e+08	2.26557e+08	2.11277e+08	1.86486e+08	1.49657e+08	1.88041e+08	1.87934e+08	1.90885e+08
ERR612596	2.27345e+08	2.29997e+08	1.95718e+08	2.32318e+08	2.15452e+08	2.20839e+08	3.30305e+08	2.69841e+08	3.65651e+08	3.06233e+08	2.67163e+08	2.70202e+08	2.52368e+08	2.51131e+08	1.69672e+08	1.65378e+08	1.60836e+08	2.74824e+08	2.41736e+08	2.42968e+08	2.0755e+08	2.47494e+08	2.25873e+08	2.27308e+08	2.36566e+08	1.56866e+08	1.78185e+08	1.75324e+08	1.81049e+08	2.17446e+08	1.88939e+08	2.17671e+08	2.17832e+08	2.11651e+08	2.18504e+08	2.13708e+08	2.1471e+08	2.22627e+08	2.43713e+08	2.66e+08	1.7866e+08	2.20346e+08	1.69124e+08	1.69676e+08	1.67188e+08	1.72263e+08	1.8672e+08	1.72284e+08	1.25615e+08	1.80057e+08	1.79065e+08	1.29445e+08	1.33146e+08	1.67866e+08	1.78032e+08	1.61309e+08	1.78358e+08	1.61786e+08	1.7464e+08	1.67622e+08	1.53772e+08	1.61021e+08	1.68848e+08	1.78061e+08	1.52417e+08	1.54419e+08	1.85273e+08	1.80172e+08	1.47396e+08	1.53338e+08	1.48324e+08	1.81656e+08	1.78124e+08	2.02294e+08	1.78671e+08	1.77031e+08	1.63601e+08	2.19887e+08	1.33683e+08	1.4524e+08	1.37094e+08	1.75944e+08	1.41623e+08	1.91552e+08	1.35258e+08	1.3699e+08	1.65204e+08	2.08389e+08	2.23253e+08	2.05707e+08	1.91364e+08	1.689e+08	1.35821e+08	1.70378e+08	1.70205e+08	1.73026e+08
ERR612597	2.86899e+08	2.90152e+08	2.46625e+08	2.93129e+08	2.71834e+08	2.7845e+08	4.09859e+08	3.32873e+08	3.06233e+08	5.28222e+08	3.29245e+08	3.33206e+08	3.12602e+08	3.11112e+08	2.07326e+08	2.01739e+08	1.96099e+08	3.41237e+08	3.05448e+08	3.06989e+08	2.61837e+08	3.12594e+08	2.8492e+08	2.87055e+08	2.99324e+08	1.97795e+08	2.24612e+08	2.21011e+08	2.28398e+08	2.75182e+08	2.36406e+08	2.73142e+08	2.73588e+08	2.65657e+08	2.74158e+08	2.6802e+08	2.64827e+08	2.75041e+08	3.01862e+08	3.30186e+08	2.19139e+08	2.71878e+08	2.08378e+08	2.08825e+08	2.05531e+08	2.12438e+08	2.3038e+08	2.12099e+08	1.60167e+08	2.29784e+08	2.28465e+08	1.65074e+08	1.69931e+08	2.14664e+08	2.27505e+08	2.06446e+08	2.27701e+08	2.06304e+08	2.22848e+08	2.13891e+08	1.96973e+08	2.06105e+08	2.15868e+08	2.27726e+08	1.95177e+08	1.97787e+08	2.37044e+08	2.30493e+08	1.8849e+08	1.96264e+08	1.89621e+08	2.32403e+08	2.2125e+08	2.52352e+08	2.21749e+08	2.19609e+08	2.02697e+08	2.74444e+08	1.64211e+08	1.78917e+08	1.6852e+08	2.18482e+08	1.74252e+08	2.38161e+08	1.68838e+08	1.70917e+08	2.06527e+08	2.60913e+08	2.79464e+08	2.57515e+08	2.4439e+08	2.15685e+08	1.73685e+08	2.17527e+08	2.17297e+08	2.21098e+08
ERR612600	2.46934e+08	2.49678e+08	2.11892e+08	2.51793e+08	2.33586e+08	2.3956e+08	3.55743e+08	2.92099e+08	2.67163e+08	3.29245e+08	4.16266e+08	2.9251e+08	2.71638e+08	2.70299e+08	1.81694e+08	1.76936e+08	1.72069e+08	2.96301e+08	2.61934e+08	2.6339e+08	2.24813e+08	2.68067e+08	2.44833e+08	2.4621e+08	2.56676e+08	1.69488e+08	1.93013e+08	1.89966e+08	1.96245e+08	2.35593e+08	2.04448e+08	2.35711e+08	2.35898e+08	2.29114e+08	2.36446e+08	2.3144e+08	2.3125e+08	2.39314e+08	2.62355e+08	2.86773e+08	1.91545e+08	2.37296e+08	1.82154e+08	1.82897e+08	1.80427e+08	1.85541e+08	2.01586e+08	1.85747e+08	1.36567e+08	1.95971e+08	1.94676e+08	1.40654e+08	1.4492e+08	1.82375e+08	1.93473e+08	1.74941e+08	1.93712e+08	1.75922e+08	1.89985e+08	1.82179e+08	1.66935e+08	1.74706e+08	1.83474e+08	1.93474e+08	1.65455e+08	1.67483e+08	2.01398e+08	1.95786e+08	1.60103e+08	1.66574e+08	1.61015e+08	1.97481e+08	1.91924e+08	2.18114e+08	1.92574e+08	1.90671e+08	1.76125e+08	2.37479e+08	1.43355e+08	1.5617e+08	1.4732e+08	1.89417e+08	1.52282e+08	2.06501e+08	1.48027e+08	1.49942e+08	1.8109e+08	2.26838e+08	2.42764e+08	2.23765e+08	2.08262e+08	1.83865e+08	1.47412e+08	1.85319e+08	1.85213e+08	1.88143e+08
ERR612599	2.50056e+08	2.52877e+08	2.147e+08	2.55051e+08	2.36637e+08	2.42581e+08	3.59959e+08	2.95443e+08	2.70202e+08	3.33206e+08	2.9251e+08	4.24131e+08	2.75095e+08	2.73838e+08	1.84016e+08	1.79077e+08	1.742e+08	3.00048e+08	2.65643e+08	2.66919e+08	2.2788e+08	2.7193e+08	2.48128e+08	2.49733e+08	2.59978e+08	1.71843e+08	1.95657e+08	1.92468e+08	1.98806e+08	2.38964e+08	2.07055e+08	2.38663e+08	2.39013e+08	2.31995e+08	2.39645e+08	2.34368e+08	2.33853e+08	2.42277e+08	2.6554e+08	2.90247e+08	1.93822e+08	2.39958e+08	1.84232e+08	1.8482e+08	1.82282e+08	1.87583e+08	2.03582e+08	1.87676e+08	1.38435e+08	1.9855e+08	1.97498e+08	1.4268e+08	1.46943e+08	1.84994e+08	1.96467e+08	1.77818e+08	1.96785e+08	1.78487e+08	1.92766e+08	1.84961e+08	1.69519e+08	1.77434e+08	1.86175e+08	1.96241e+08	1.67984e+08	1.70122e+08	2.04193e+08	1.98541e+08	1.62482e+08	1.69048e+08	1.6341e+08	2.00367e+08	1.94157e+08	2.20758e+08	1.94836e+08	1.92873e+08	1.78085e+08	2.40221e+08	1.45076e+08	1.5796e+08	1.48853e+08	1.9182e+08	1.53915e+08	2.09023e+08	1.4938e+08	1.51228e+08	1.82722e+08	2.2925e+08	2.45448e+08	2.26196e+08	2.1117e+08	1.86394e+08	1.49709e+08	1.88019e+08	1.87867e+08	1.90996e+08
ERR613108	2.6631e+08	2.69252e+08	2.30291e+08	2.73576e+08	2.53347e+08	2.58343e+08	3.3656e+08	2.74598e+08	2.52368e+08	3.12602e+08	2.71638e+08	2.75095e+08	4.95063e+08	3.52098e+08	2.33277e+08	2.27308e+08	2.20333e+08	3.8541e+08	2.8295e+08	2.84421e+08	2.42713e+08	2.8946e+08	2.63608e+08	2.66222e+08	2.7303e+08	1.79595e+08	2.03345e+08	2.00006e+08	2.0686e+08	2.51071e+08	2.15503e+08	2.50474e+08	2.50521e+08	2.43015e+08	2.50856e+08	2.44502e+08	2.76719e+08	2.89077e+08	3.16886e+08	3.45892e+08	2.30781e+08	2.8432e+08	2.08821e+08	2.08344e+08	2.0479e+08	2.12899e+08	2.29243e+08	2.1147e+08	1.61562e+08	2.30767e+08	2.29737e+08	1.66879e+08	1.71667e+08	2.16834e+08	2.36152e+08	2.16519e+08	2.36274e+08	2.14357e+08	2.30572e+08	2.21989e+08	2.05547e+08	2.14782e+08	2.23308e+08	2.35465e+08	2.03901e+08	2.0648e+08	2.34362e+08	2.28045e+08	1.8696e+08	1.94802e+08	1.88536e+08	2.29938e+08	2.2286e+08	2.54252e+08	2.23074e+08	2.20859e+08	2.04446e+08	2.75184e+08	1.66346e+08	1.80261e+08	1.69795e+08	2.2058e+08	1.75531e+08	2.39862e+08	1.65045e+08	1.66972e+08	2.00792e+08	2.62048e+08	2.80565e+08	2.58938e+08	2.47599e+08	2.18323e+08	1.77726e+08	2.20471e+08	2.20147e+08	2.24335e+08
ERR613109	2.64918e+08	2.67821e+08	2.292e+08	2.72226e+08	2.52151e+08	2.5709e+08	3.34845e+08	2.73346e+08	2.51131e+08	3.11112e+08	2.70299e+08	2.73838e+08	3.52098e+08	4.90883e+08	2.32278e+08	2.26147e+08	2.19406e+08	3.83214e+08	2.81278e+08	2.82785e+08	2.41321e+08	2.87723e+08	2.61967e+08	2.64667e+08	2.71697e+08	1.78686e+08	2.02332e+08	1.99061e+08	2.05799e+08	2.49685e+08	2.14203e+08	2.49119e+08	2.49177e+08	2.41644e+08	2.49448e+08	2.43065e+08	2.75585e+08	2.87594e+08	3.1565e+08	3.44297e+08	2.29862e+08	2.83014e+08	2.08118e+08	2.07479e+08	2.04025e+08	2.12147e+08	2.28359e+08	2.10666e+08	1.60989e+08	2.30141e+08	2.28908e+08	1.66312e+08	1.71008e+08	2.16259e+08	2.3508e+08	2.15605e+08	2.35325e+08	2.13384e+08	2.2938e+08	2.21009e+08	2.0461e+08	2.13802e+08	2.22333e+08	2.3443e+08	2.02908e+08	2.05488e+08	2.33656e+08	2.27433e+08	1.86444e+08	1.94112e+08	1.87983e+08	2.29205e+08	2.22159e+08	2.53658e+08	2.22227e+08	2.20266e+08	2.0372e+08	2.74323e+08	1.66024e+08	1.79918e+08	1.69484e+08	2.20094e+08	1.75132e+08	2.39361e+08	1.64361e+08	1.66278e+08	1.99911e+08	2.61208e+08	2.79562e+08	2.5806e+08	2.46447e+08	2.17188e+08	1.76794e+08	2.19397e+08	2.18864e+08	2.23192e+08
ERR613111	1.68895e+08	1.70826e+08	1.46649e+08	1.73371e+08	1.6102e+08	1.64126e+08	2.21905e+08	1.83594e+08	1.69672e+08	2.07326e+08	1.81694e+08	1.84016e+08	2.33277e+08	2.32278e+08	2.46707e+08	1.55831e+08	1.51578e+08	2.52726e+08	1.7863e+08	1.79574e+08	1.53804e+08	1.82639e+08	1.66451e+08	1.6825e+08	1.70369e+08	1.12831e+08	1.27391e+08	1.2542e+08	1.2949e+08	1.56888e+08	1.37354e+08	1.59071e+08	1.59073e+08	1.54432e+08	1.59246e+08	1.55263e+08	1.85862e+08	1.93545e+08	2.11021e+08	2.28916e+08	1.57377e+08	1.90514e+08	1.41221e+08	1.40991e+08	1.38722e+08	1.43953e+08	1.53996e+08	1.42917e+08	1.01349e+08	1.44326e+08	1.43578e+08	1.04691e+08	1.07606e+08	1.3574e+08	1.47362e+08	1.35316e+08	1.476e+08	1.33709e+08	1.43732e+08	1.38447e+08	1.2811e+08	1.33743e+08	1.39069e+08	1.46515e+08	1.27088e+08	1.28715e+08	1.45775e+08	1.41951e+08	1.16367e+08	1.21295e+08	1.17403e+08	1.43079e+08	1.47755e+08	1.67274e+08	1.47817e+08	1.46497e+08	1.36077e+08	1.80266e+08	1.13129e+08	1.21732e+08	1.15245e+08	1.46827e+08	1.18815e+08	1.58701e+08	1.06436e+08	1.07523e+08	1.28839e+08	1.69497e+08	1.81586e+08	1.67451e+08	1.5407e+08	1.3593e+08	1.10872e+08	1.37235e+08	1.37104e+08	1.39696e+08
ERR613112	1.64102e+08	1.65868e+08	1.42629e+08	1.68616e+08	1.56466e+08	1.5946e+08	2.15869e+08	1.78737e+08	1.65378e+08	2.01739e+08	1.76936e+08	1.79077e+08	2.27308e+08	2.26147e+08	1.55831e+08	2.36611e+08	1.47961e+08	2.45925e+08	1.73712e+08	1.74498e+08	1.49556e+08	1.77508e+08	1.61879e+08	1.63617e+08	1.65746e+08	1.09781e+08	1.23808e+08	1.21881e+08	1.25861e+08	1.52414e+08	1.33517e+08	1.54562e+08	1.54646e+08	1.50128e+08	1.54916e+08	1.50853e+08	1.8099e+08	1.88449e+08	2.05427e+08	2.22775e+08	1.53515e+08	1.85539e+08	1.37689e+08	1.37387e+08	1.35166e+08	1.40289e+08	1.49868e+08	1.39236e+08	9.82443e+07	1.39975e+08	1.39294e+08	1.01521e+08	1.04417e+08	1.31684e+08	1.43014e+08	1.31362e+08	1.43203e+08	1.2976e+08	1.39515e+08	1.3437e+08	1.24548e+08	1.29959e+08	1.34996e+08	1.42232e+08	1.23447e+08	1.25081e+08	1.41331e+08	1.37675e+08	1.12891e+08	1.17617e+08	1.13979e+08	1.38715e+08	1.43783e+08	1.62882e+08	1.43883e+08	1.4265e+08	1.3266e+08	1.75442e+08	1.10382e+08	1.18695e+08	1.1241e+08	1.42889e+08	1.15825e+08	1.54436e+08	1.03335e+08	1.04371e+08	1.24956e+08	1.6484e+08	1.76511e+08	1.62758e+08	1.49526e+08	1.31914e+08	1.07689e+08	1.33272e+08	1.33078e+08	1.35636e+08
ERR613110	1.58643e+08	1.60328e+08	1.37762e+08	1.62774e+08	1.51139e+08	1.54109e+08	2.09831e+08	1.73931e+08	1.60836e+08	1.96099e+08	1.72069e+08	1.742e+08	2.20333e+08	2.19406e+08	1.51578e+08	1.47961e+08	2.2546e+08	2.38426e+08	1.67817e+08	1.68548e+08	1.44487e+08	1.71575e+08	1.5635e+08	1.5799e+08	1.59782e+08	1.05815e+08	1.19366e+08	1.17428e+08	1.2138e+08	1.47088e+08	1.29032e+08	1.49412e+08	1.49434e+08	1.45036e+08	1.49665e+08	1.45769e+08	1.75817e+08	1.82966e+08	1.99383e+08	2.15975e+08	1.49202e+08	1.80252e+08	1.34159e+08	1.33841e+08	1.31774e+08	1.36598e+08	1.46072e+08	1.35738e+08	9.49817e+07	1.35103e+08	1.3454e+08	9.80287e+07	1.00883e+08	1.27046e+08	1.38177e+08	1.26837e+08	1.38395e+08	1.25417e+08	1.34886e+08	1.2992e+08	1.20175e+08	1.25414e+08	1.30357e+08	1.37389e+08	1.19111e+08	1.20613e+08	1.36366e+08	1.32783e+08	1.08874e+08	1.13439e+08	1.0985e+08	1.33841e+08	1.39827e+08	1.58079e+08	1.39859e+08	1.38654e+08	1.28891e+08	1.70214e+08	1.07344e+08	1.15415e+08	1.09343e+08	1.3881e+08	1.12638e+08	1.49895e+08	1.00592e+08	1.01687e+08	1.21753e+08	1.60024e+08	1.71445e+08	1.58077e+08	1.44388e+08	1.27437e+08	1.03837e+08	1.2869e+08	1.28508e+08	1.30962e+08
ERR613107	2.92405e+08	2.95489e+08	2.52278e+08	3.00189e+08	2.77724e+08	2.83541e+08	3.68185e+08	2.99637e+08	2.74824e+08	3.41237e+08	2.96301e+08	3.00048e+08	3.8541e+08	3.83214e+08	2.52726e+08	2.45925e+08	2.38426e+08	5.77112e+08	3.10378e+08	3.121e+08	2.66121e+08	3.17605e+08	2.89148e+08	2.91762e+08	3.00207e+08	1.96435e+08	2.23226e+08	2.19712e+08	2.27136e+08	2.75496e+08	2.36025e+08	2.74353e+08	2.74428e+08	2.66156e+08	2.7493e+08	2.68274e+08	3.01076e+08	3.14108e+08	3.45013e+08	3.77136e+08	2.50012e+08	3.09324e+08	2.27405e+08	2.27281e+08	2.23516e+08	2.31917e+08	2.50393e+08	2.30742e+08	1.78317e+08	2.55065e+08	2.53738e+08	1.84091e+08	1.89364e+08	2.3902e+08	2.59941e+08	2.37673e+08	2.60287e+08	2.36145e+08	2.54226e+08	2.44579e+08	2.255e+08	2.35866e+08	2.45711e+08	2.59026e+08	2.23755e+08	2.26617e+08	2.5896e+08	2.51937e+08	2.06266e+08	2.14954e+08	2.07976e+08	2.53906e+08	2.43951e+08	2.78632e+08	2.44288e+08	2.41901e+08	2.23465e+08	3.02116e+08	1.8122e+08	1.96771e+08	1.85231e+08	2.41092e+08	1.91566e+08	2.62966e+08	1.83218e+08	1.85378e+08	2.23405e+08	2.89284e+08	3.09612e+08	2.85763e+08	2.72972e+08	2.4072e+08	1.95188e+08	2.43042e+08	2.42658e+08	2.4714e+08
ERR636724	3.01879e+08	3.05085e+08	2.62032e+08	3.10005e+08	2.87519e+08	2.92871e+08	3.30605e+08	2.65116e+08	2.41736e+08	3.05448e+08	2.61934e+08	2.65643e+08	2.8295e+08	2.81278e+08	1.7863e+08	1.73712e+08	1.67817e+08	3.10378e+08	5.06623e+08	3.58151e+08	3.04623e+08	3.6459e+08	3.30719e+08	3.33986e+08	3.1656e+08	2.10179e+08	2.36917e+08	2.33202e+08	2.40986e+08	2.91499e+08	2.45359e+08	2.85941e+08	2.85861e+08	2.77138e+08	2.8657e+08	2.78664e+08	2.2878e+08	2.40499e+08	2.66111e+08	2.93216e+08	1.85838e+08	2.35693e+08	1.7127e+08	1.70827e+08	1.67617e+08	1.74748e+08	1.90599e+08	1.73723e+08	1.62031e+08	2.33311e+08	2.32061e+08	1.67419e+08	1.72429e+08	2.19286e+08	2.42325e+08	2.21983e+08	2.42483e+08	2.19728e+08	2.36544e+08	2.27655e+08	2.13405e+08	2.23539e+08	2.32142e+08	2.4447e+08	2.11549e+08	2.14356e+08	2.43801e+08	2.3695e+08	1.93718e+08	2.02133e+08	1.95526e+08	2.39295e+08	1.97449e+08	2.28468e+08	1.97611e+08	1.95539e+08	1.79201e+08	2.49459e+08	1.35777e+08	1.49334e+08	1.39254e+08	1.88986e+08	1.4474e+08	2.07919e+08	1.52967e+08	1.54837e+08	1.87694e+08	2.4305e+08	2.60024e+08	2.40105e+08	2.59458e+08	2.28407e+08	1.85634e+08	2.30459e+08	2.29996e+08	2.34779e+08
ERR636725	3.03526e+08	3.06657e+08	2.6333e+08	3.11722e+08	2.88918e+08	2.9432e+08	3.32472e+08	2.66516e+08	2.42968e+08	3.06989e+08	2.6339e+08	2.66919e+08	2.84421e+08	2.82785e+08	1.79574e+08	1.74498e+08	1.68548e+08	3.121e+08	3.58151e+08	5.11309e+08	3.06178e+08	3.66522e+08	3.32521e+08	3.35568e+08	3.18388e+08	2.11437e+08	2.38384e+08	2.34572e+08	2.42259e+08	2.93248e+08	2.46774e+08	2.87629e+08	2.87592e+08	2.78577e+08	2.88134e+08	2.80173e+08	2.30008e+08	2.41762e+08	2.67604e+08	2.94892e+08	1.86901e+08	2.36875e+08	1.72151e+08	1.71665e+08	1.68458e+08	1.75797e+08	1.91539e+08	1.74588e+08	1.62834e+08	2.34459e+08	2.33264e+08	1.68205e+08	1.73229e+08	2.20304e+08	2.43396e+08	2.2302e+08	2.43544e+08	2.20759e+08	2.37772e+08	2.2876e+08	2.1431e+08	2.24485e+08	2.33017e+08	2.45488e+08	2.12438e+08	2.15304e+08	2.4503e+08	2.3831e+08	1.94734e+08	2.03258e+08	1.96484e+08	2.40324e+08	1.98394e+08	2.29761e+08	1.98662e+08	1.96425e+08	1.80127e+08	2.50673e+08	1.36506e+08	1.50177e+08	1.39994e+08	1.90016e+08	1.45627e+08	2.09121e+08	1.53522e+08	1.55517e+08	1.88358e+08	2.43947e+08	2.60935e+08	2.40922e+08	2.60445e+08	2.29267e+08	1.86283e+08	2.31343e+08	2.31019e+08	2.35757e+08
ERR636721	2.5859e+08	2.61198e+08	2.24547e+08	2.65433e+08	2.46199e+08	2.50848e+08	2.83452e+08	2.27637e+08	2.0755e+08	2.61837e+08	2.24813e+08	2.2788e+08	2.42713e+08	2.41321e+08	1.53804e+08	1.49556e+08	1.44487e+08	2.66121e+08	3.04623e+08	3.06178e+08	3.90218e+08	3.116e+08	2.84831e+08	2.8742e+08	2.70813e+08	1.79978e+08	2.03057e+08	1.99707e+08	2.06326e+08	2.49501e+08	2.11346e+08	2.45611e+08	2.45565e+08	2.3815e+08	2.46133e+08	2.39613e+08	1.96672e+08	2.06384e+08	2.28418e+08	2.51448e+08	1.59932e+08	2.02486e+08	1.46557e+08	1.46289e+08	1.4358e+08	1.49542e+08	1.63159e+08	1.48791e+08	1.37311e+08	1.97681e+08	1.96571e+08	1.41875e+08	1.46042e+08	1.85644e+08	2.06814e+08	1.89503e+08	2.06993e+08	1.87906e+08	2.02125e+08	1.94587e+08	1.82414e+08	1.91081e+08	1.98329e+08	2.09085e+08	1.80838e+08	1.83262e+08	2.06228e+08	2.0057e+08	1.63979e+08	1.71034e+08	1.6552e+08	2.023e+08	1.67288e+08	1.93629e+08	1.67467e+08	1.65697e+08	1.51915e+08	2.11421e+08	1.15124e+08	1.26711e+08	1.18103e+08	1.60192e+08	1.22843e+08	1.76273e+08	1.30799e+08	1.32536e+08	1.60532e+08	2.07518e+08	2.21911e+08	2.04744e+08	2.21391e+08	1.94996e+08	1.5843e+08	1.96847e+08	1.96425e+08	2.00459e+08
ERR636726	3.09114e+08	3.12388e+08	2.68033e+08	3.17432e+08	2.94214e+08	2.99728e+08	3.38478e+08	2.71459e+08	2.47494e+08	3.12594e+08	2.68067e+08	2.7193e+08	2.8946e+08	2.87723e+08	1.82639e+08	1.77508e+08	1.71575e+08	3.17605e+08	3.6459e+08	3.66522e+08	3.116e+08	5.27045e+08	3.3874e+08	3.41718e+08	3.24123e+08	2.15118e+08	2.42615e+08	2.38552e+08	2.46567e+08	2.98388e+08	2.50956e+08	2.9258e+08	2.92469e+08	2.83482e+08	2.93145e+08	2.85108e+08	2.34155e+08	2.4598e+08	2.72252e+08	3.00052e+08	1.90216e+08	2.41062e+08	1.7535e+08	1.74912e+08	1.71607e+08	1.79e+08	1.95207e+08	1.77824e+08	1.65937e+08	2.39004e+08	2.37732e+08	1.71529e+08	1.76639e+08	2.24514e+08	2.47988e+08	2.2712e+08	2.48125e+08	2.24767e+08	2.42104e+08	2.33026e+08	2.18206e+08	2.28514e+08	2.37448e+08	2.50113e+08	2.16278e+08	2.19222e+08	2.49796e+08	2.42827e+08	1.98354e+08	2.07113e+08	2.00323e+08	2.44888e+08	2.02182e+08	2.34175e+08	2.02608e+08	2.00243e+08	1.8362e+08	2.55629e+08	1.39047e+08	1.5301e+08	1.42687e+08	1.93655e+08	1.48238e+08	2.13121e+08	1.56691e+08	1.5885e+08	1.92365e+08	2.48921e+08	2.66139e+08	2.4581e+08	2.65301e+08	2.33559e+08	1.89821e+08	2.35558e+08	2.35318e+08	2.40089e+08
ERR636722	2.8127e+08	2.84213e+08	2.43709e+08	2.88553e+08	2.67584e+08	2.72735e+08	3.08926e+08	2.47785e+08	2.25873e+08	2.8492e+08	2.44833e+08	2.48128e+08	2.63608e+08	2.61967e+08	1.66451e+08	1.61879e+08	1.5635e+08	2.89148e+08	3.30719e+08	3.32521e+08	2.84831e+08	3.3874e+08	4.49577e+08	3.12046e+08	2.94688e+08	1.94881e+08	2.20594e+08	2.16979e+08	2.24239e+08	2.71177e+08	2.29302e+08	2.6663e+08	2.66508e+08	2.58413e+08	2.67188e+08	2.60369e+08	2.13945e+08	2.2427e+08	2.48102e+08	2.73501e+08	1.73263e+08	2.20217e+08	1.59777e+08	1.59743e+08	1.56862e+08	1.62983e+08	1.78336e+08	1.62396e+08	1.50101e+08	2.16129e+08	2.14936e+08	1.54919e+08	1.59693e+08	2.0267e+08	2.2534e+08	2.06003e+08	2.25571e+08	2.04772e+08	2.20584e+08	2.12081e+08	1.97838e+08	2.07415e+08	2.15711e+08	2.27312e+08	1.96172e+08	1.98886e+08	2.25534e+08	2.19304e+08	1.79221e+08	1.86846e+08	1.80584e+08	2.21241e+08	1.8296e+08	2.1173e+08	1.83303e+08	1.81349e+08	1.66134e+08	2.31479e+08	1.25752e+08	1.38518e+08	1.29111e+08	1.7503e+08	1.34353e+08	1.92824e+08	1.44312e+08	1.46396e+08	1.77445e+08	2.28196e+08	2.43952e+08	2.252e+08	2.41285e+08	2.12496e+08	1.72268e+08	2.14351e+08	2.14062e+08	2.18343e+08
ERR636723	2.83638e+08	2.8653e+08	2.46268e+08	2.91285e+08	2.70067e+08	2.75107e+08	3.10568e+08	2.49442e+08	2.27308e+08	2.87055e+08	2.4621e+08	2.49733e+08	2.66222e+08	2.64667e+08	1.6825e+08	1.63617e+08	1.5799e+08	2.91762e+08	3.33986e+08	3.35568e+08	2.8742e+08	3.41718e+08	3.12046e+08	4.56218e+08	2.97479e+08	1.97498e+08	2.2292e+08	2.19018e+08	2.26446e+08	2.73887e+08	2.31186e+08	2.6903e+08	2.69038e+08	2.60885e+08	2.69584e+08	2.62193e+08	2.15371e+08	2.26395e+08	2.50411e+08	2.75749e+08	1.74914e+08	2.2171e+08	1.61052e+08	1.60532e+08	1.57505e+08	1.64181e+08	1.7924e+08	1.63252e+08	1.51839e+08	2.18672e+08	2.17345e+08	1.5684e+08	1.61429e+08	2.05465e+08	2.27749e+08	2.08813e+08	2.27941e+08	2.06646e+08	2.22406e+08	2.1415e+08	2.00684e+08	2.1025e+08	2.18174e+08	2.29978e+08	1.99056e+08	2.01713e+08	2.28375e+08	2.22069e+08	1.81491e+08	1.89373e+08	1.82961e+08	2.23892e+08	1.84902e+08	2.1423e+08	1.8524e+08	1.83172e+08	1.67997e+08	2.3368e+08	1.27202e+08	1.40042e+08	1.30472e+08	1.77156e+08	1.35668e+08	1.94733e+08	1.43754e+08	1.4573e+08	1.76515e+08	2.2849e+08	2.44394e+08	2.25692e+08	2.43699e+08	2.14589e+08	1.7449e+08	2.16587e+08	2.1619e+08	2.20639e+08
ERR608963	2.99829e+08	3.03265e+08	2.59723e+08	3.08239e+08	2.85431e+08	2.90645e+08	3.23947e+08	2.59813e+08	2.36566e+08	2.99324e+08	2.56676e+08	2.59978e+08	2.7303e+08	2.71697e+08	1.70369e+08	1.65746e+08	1.59782e+08	3.00207e+08	3.1656e+08	3.18388e+08	2.70813e+08	3.24123e+08	2.94688e+08	2.97479e+08	5.44178e+08	2.67372e+08	2.98696e+08	2.94267e+08	3.03267e+08	3.62064e+08	2.60727e+08	3.03843e+08	3.03671e+08	2.94313e+08	3.04549e+08	2.95687e+08	2.20007e+08	2.3117e+08	2.56681e+08	2.82915e+08	1.78164e+08	2.26736e+08	1.67425e+08	1.66696e+08	1.63053e+08	1.70964e+08	1.86042e+08	1.6937e+08	1.53843e+08	2.22274e+08	2.21109e+08	1.58999e+08	1.63667e+08	2.08886e+08	2.30809e+08	2.11274e+08	2.30954e+08	2.09125e+08	2.25579e+08	2.16899e+08	2.00581e+08	2.10229e+08	2.18278e+08	2.30261e+08	1.98831e+08	2.01584e+08	2.32722e+08	2.26461e+08	1.84608e+08	1.92783e+08	1.86534e+08	2.28242e+08	1.88453e+08	2.18827e+08	1.88674e+08	1.86768e+08	1.71301e+08	2.38528e+08	1.28983e+08	1.41998e+08	1.32273e+08	1.80116e+08	1.37619e+08	1.98183e+08	1.44974e+08	1.46969e+08	1.78467e+08	2.30719e+08	2.46961e+08	2.28029e+08	2.45927e+08	2.16357e+08	1.75657e+08	2.1833e+08	2.17978e+08	2.22648e+08
ERR608961	2.00098e+08	2.02489e+08	1.75032e+08	2.06337e+08	1.91616e+08	1.94233e+08	2.12449e+08	1.71406e+08	1.56866e+08	1.97795e+08	1.69488e+08	1.71843e+08	1.79595e+08	1.78686e+08	1.12831e+08	1.09781e+08	1.05815e+08	1.96435e+08	2.10179e+08	2.11437e+08	1.79978e+08	2.15118e+08	1.94881e+08	1.97498e+08	2.67372e+08	2.85659e+08	2.07344e+08	2.04519e+08	2.1038e+08	2.49126e+08	1.75508e+08	2.04388e+08	2.04064e+08	1.97735e+08	2.04727e+08	1.9763e+08	1.43754e+08	1.5203e+08	1.68679e+08	1.84959e+08	1.18029e+08	1.4814e+08	1.08222e+08	1.06994e+08	1.04235e+08	1.10612e+08	1.19044e+08	1.0884e+08	9.92278e+07	1.43172e+08	1.42532e+08	1.02725e+08	1.0586e+08	1.35516e+08	1.49467e+08	1.37855e+08	1.49568e+08	1.34776e+08	1.45163e+08	1.39887e+08	1.3127e+08	1.37374e+08	1.41842e+08	1.49331e+08	1.30005e+08	1.3182e+08	1.50572e+08	1.46579e+08	1.19436e+08	1.25003e+08	1.21084e+08	1.47773e+08	1.21201e+08	1.41224e+08	1.21326e+08	1.19933e+08	1.10324e+08	1.52984e+08	8.33898e+07	9.13378e+07	8.50766e+07	1.16449e+08	8.85245e+07	1.2757e+08	8.86485e+07	8.97541e+07	1.08444e+08	1.44017e+08	1.54374e+08	1.42526e+08	1.58865e+08	1.39541e+08	1.14562e+08	1.41006e+08	1.40695e+08	1.44089e+08
ERR608965	2.25651e+08	2.28195e+08	1.95928e+08	2.31921e+08	2.14978e+08	2.189e+08	2.4266e+08	1.9532e+08	1.78185e+08	2.24612e+08	1.93013e+08	1.95657e+08	2.03345e+08	2.02332e+08	1.27391e+08	1.23808e+08	1.19366e+08	2.23226e+08	2.36917e+08	2.38384e+08	2.03057e+08	2.42615e+08	2.20594e+08	2.2292e+08	2.98696e+08	2.07344e+08	3.42507e+08	2.2906e+08	2.35766e+08	2.77357e+08	1.97281e+08	2.29447e+08	2.29257e+08	2.22112e+08	2.29773e+08	2.22987e+08	1.64266e+08	1.72521e+08	1.91275e+08	2.10707e+08	1.33366e+08	1.69172e+08	1.23986e+08	1.23326e+08	1.20631e+08	1.2644e+08	1.37507e+08	1.25377e+08	1.12912e+08	1.63097e+08	1.62274e+08	1.16834e+08	1.20289e+08	1.53554e+08	1.6995e+08	1.55846e+08	1.70086e+08	1.53997e+08	1.66007e+08	1.59631e+08	1.47749e+08	1.54536e+08	1.60544e+08	1.69266e+08	1.46546e+08	1.48453e+08	1.70791e+08	1.66055e+08	1.35418e+08	1.41495e+08	1.36905e+08	1.67482e+08	1.3846e+08	1.60695e+08	1.38652e+08	1.37153e+08	1.25868e+08	1.75159e+08	9.47679e+07	1.04373e+08	9.72346e+07	1.3232e+08	1.01187e+08	1.45532e+08	1.0667e+08	1.08056e+08	1.31064e+08	1.6975e+08	1.81744e+08	1.67805e+08	1.80833e+08	1.59114e+08	1.29247e+08	1.60619e+08	1.60397e+08	1.63636e+08
ERR608966	2.22023e+08	2.24557e+08	1.92825e+08	2.28051e+08	2.1159e+08	2.15359e+08	2.38605e+08	1.92182e+08	1.75324e+08	2.21011e+08	1.89966e+08	1.92468e+08	2.00006e+08	1.99061e+08	1.2542e+08	1.21881e+08	1.17428e+08	2.19712e+08	2.33202e+08	2.34572e+08	1.99707e+08	2.38552e+08	2.16979e+08	2.19018e+08	2.94267e+08	2.04519e+08	2.2906e+08	3.34344e+08	2.32372e+08	2.73293e+08	1.94432e+08	2.26078e+08	2.25793e+08	2.18849e+08	2.26365e+08	2.19649e+08	1.61522e+08	1.69777e+08	1.88408e+08	2.073e+08	1.31308e+08	1.6645e+08	1.22022e+08	1.21377e+08	1.18827e+08	1.24526e+08	1.3533e+08	1.23387e+08	1.11111e+08	1.60331e+08	1.595e+08	1.14851e+08	1.18257e+08	1.50902e+08	1.6704e+08	1.53225e+08	1.67131e+08	1.51206e+08	1.63141e+08	1.56979e+08	1.45357e+08	1.52121e+08	1.5798e+08	1.66403e+08	1.442e+08	1.45984e+08	1.68027e+08	1.63418e+08	1.33268e+08	1.39128e+08	1.34671e+08	1.64696e+08	1.36263e+08	1.58116e+08	1.36421e+08	1.34969e+08	1.23821e+08	1.72262e+08	9.32131e+07	1.02663e+08	9.56161e+07	1.3014e+08	9.95545e+07	1.43157e+08	1.04864e+08	1.06225e+08	1.28772e+08	1.66935e+08	1.78873e+08	1.64962e+08	1.77907e+08	1.56498e+08	1.27168e+08	1.58091e+08	1.57497e+08	1.61095e+08
ERR608964	2.29372e+08	2.31958e+08	1.99199e+08	2.35632e+08	2.18453e+08	2.22383e+08	2.4666e+08	1.9856e+08	1.81049e+08	2.28398e+08	1.96245e+08	1.98806e+08	2.0686e+08	2.05799e+08	1.2949e+08	1.25861e+08	1.2138e+08	2.27136e+08	2.40986e+08	2.42259e+08	2.06326e+08	2.46567e+08	2.24239e+08	2.26446e+08	3.03267e+08	2.1038e+08	2.35766e+08	2.32372e+08	3.516e+08	2.81555e+08	2.00609e+08	2.33258e+08	2.32998e+08	2.25838e+08	2.33706e+08	2.268e+08	1.67106e+08	1.75413e+08	1.94674e+08	2.14291e+08	1.35665e+08	1.72134e+08	1.26254e+08	1.25561e+08	1.22926e+08	1.28806e+08	1.39982e+08	1.27654e+08	1.15066e+08	1.66092e+08	1.6531e+08	1.18904e+08	1.22485e+08	1.56279e+08	1.73041e+08	1.58716e+08	1.73267e+08	1.56738e+08	1.69039e+08	1.62606e+08	1.50565e+08	1.57653e+08	1.63646e+08	1.72497e+08	1.49263e+08	1.51224e+08	1.74018e+08	1.69302e+08	1.38012e+08	1.44062e+08	1.39487e+08	1.7064e+08	1.41094e+08	1.63747e+08	1.41367e+08	1.39894e+08	1.28308e+08	1.78358e+08	9.66032e+07	1.06374e+08	9.91177e+07	1.34944e+08	1.03057e+08	1.48246e+08	1.08576e+08	1.10057e+08	1.33464e+08	1.72874e+08	1.85123e+08	1.70882e+08	1.84314e+08	1.62083e+08	1.31854e+08	1.63698e+08	1.63309e+08	1.66861e+08
ERR608962	2.76268e+08	2.79267e+08	2.39801e+08	2.84278e+08	2.63382e+08	2.67874e+08	2.97239e+08	2.38468e+08	2.17446e+08	2.75182e+08	2.35593e+08	2.38964e+08	2.51071e+08	2.49685e+08	1.56888e+08	1.52414e+08	1.47088e+08	2.75496e+08	2.91499e+08	2.93248e+08	2.49501e+08	2.98388e+08	2.71177e+08	2.73887e+08	3.62064e+08	2.49126e+08	2.77357e+08	2.73293e+08	2.81555e+08	4.75641e+08	2.40249e+08	2.80106e+08	2.79948e+08	2.71214e+08	2.80609e+08	2.72058e+08	2.01694e+08	2.12485e+08	2.35759e+08	2.59447e+08	1.63894e+08	2.07983e+08	1.53144e+08	1.5215e+08	1.48783e+08	1.56328e+08	1.6965e+08	1.54761e+08	1.41017e+08	2.03696e+08	2.02604e+08	1.45851e+08	1.50193e+08	1.91753e+08	2.11804e+08	1.94437e+08	2.1203e+08	1.91644e+08	2.06693e+08	1.98828e+08	1.84647e+08	1.93375e+08	2.00408e+08	2.11394e+08	1.83028e+08	1.85526e+08	2.13529e+08	2.07742e+08	1.69328e+08	1.76964e+08	1.71253e+08	2.09375e+08	1.72731e+08	2.00497e+08	1.72802e+08	1.70936e+08	1.5701e+08	2.18402e+08	1.18287e+08	1.30099e+08	1.21166e+08	1.65146e+08	1.26078e+08	1.81618e+08	1.31112e+08	1.32978e+08	1.61085e+08	2.09823e+08	2.24692e+08	2.07411e+08	2.25433e+08	1.98286e+08	1.61516e+08	2.00292e+08	1.99801e+08	2.04143e+08
ERR636781	2.32795e+08	2.35364e+08	2.01963e+08	2.38534e+08	2.21631e+08	2.2621e+08	2.55407e+08	2.06685e+08	1.88939e+08	2.36406e+08	2.04448e+08	2.07055e+08	2.15503e+08	2.14203e+08	1.37354e+08	1.33517e+08	1.29032e+08	2.36025e+08	2.45359e+08	2.46774e+08	2.11346e+08	2.50956e+08	2.29302e+08	2.31186e+08	2.60727e+08	1.75508e+08	1.97281e+08	1.94432e+08	2.00609e+08	2.40249e+08	3.315e+08	2.53895e+08	2.53805e+08	2.46886e+08	2.54343e+08	2.48189e+08	1.7475e+08	1.83139e+08	2.02512e+08	2.22585e+08	1.4222e+08	1.79957e+08	1.29388e+08	1.2931e+08	1.26925e+08	1.31989e+08	1.44175e+08	1.31472e+08	1.16533e+08	1.678e+08	1.66933e+08	1.20437e+08	1.24008e+08	1.57122e+08	1.7527e+08	1.60488e+08	1.75459e+08	1.59376e+08	1.71347e+08	1.64984e+08	1.5257e+08	1.598e+08	1.66113e+08	1.75152e+08	1.51213e+08	1.5331e+08	1.75261e+08	1.70572e+08	1.3925e+08	1.4519e+08	1.40478e+08	1.72004e+08	1.42408e+08	1.64899e+08	1.42699e+08	1.41126e+08	1.29338e+08	1.80017e+08	9.74884e+07	1.07382e+08	1.00151e+08	1.35746e+08	1.04142e+08	1.49568e+08	1.13618e+08	1.15178e+08	1.39377e+08	1.76643e+08	1.8899e+08	1.74445e+08	1.8778e+08	1.65398e+08	1.34095e+08	1.66899e+08	1.66644e+08	1.69974e+08
ERR636786	2.70499e+08	2.73549e+08	2.34648e+08	2.77358e+08	2.57584e+08	2.62495e+08	2.95133e+08	2.38386e+08	2.17671e+08	2.73142e+08	2.35711e+08	2.38663e+08	2.50474e+08	2.49119e+08	1.59071e+08	1.54562e+08	1.49412e+08	2.74353e+08	2.85941e+08	2.87629e+08	2.45611e+08	2.9258e+08	2.6663e+08	2.6903e+08	3.03843e+08	2.04388e+08	2.29447e+08	2.26078e+08	2.33258e+08	2.80106e+08	2.53895e+08	4.25441e+08	2.95539e+08	2.85414e+08	2.96171e+08	2.86686e+08	2.024e+08	2.12493e+08	2.35042e+08	2.58595e+08	1.64674e+08	2.08381e+08	1.5043e+08	1.50001e+08	1.4698e+08	1.53514e+08	1.67126e+08	1.52455e+08	1.36567e+08	1.96659e+08	1.95738e+08	1.41094e+08	1.4522e+08	1.84717e+08	2.0545e+08	1.88328e+08	2.05528e+08	1.86359e+08	2.00659e+08	1.93183e+08	1.79242e+08	1.87737e+08	1.94878e+08	2.05352e+08	1.77755e+08	1.80015e+08	2.05942e+08	2.00456e+08	1.63516e+08	1.70704e+08	1.65152e+08	2.02147e+08	1.66884e+08	1.93357e+08	1.67137e+08	1.65407e+08	1.51574e+08	2.11015e+08	1.14309e+08	1.25944e+08	1.17399e+08	1.5934e+08	1.22044e+08	1.75374e+08	1.31015e+08	1.32814e+08	1.60555e+08	2.04984e+08	2.19385e+08	2.02512e+08	2.19837e+08	1.93629e+08	1.57194e+08	1.95357e+08	1.95053e+08	1.9912e+08
ERR636784	2.70263e+08	2.73423e+08	2.34457e+08	2.77295e+08	2.57502e+08	2.62253e+08	2.95541e+08	2.3873e+08	2.17832e+08	2.73588e+08	2.35898e+08	2.39013e+08	2.50521e+08	2.49177e+08	1.59073e+08	1.54646e+08	1.49434e+08	2.74428e+08	2.85861e+08	2.87592e+08	2.45565e+08	2.92469e+08	2.66508e+08	2.69038e+08	3.03671e+08	2.04064e+08	2.29257e+08	2.25793e+08	2.32998e+08	2.79948e+08	2.53805e+08	2.95539e+08	4.25442e+08	2.85266e+08	2.96059e+08	2.86612e+08	2.0244e+08	2.12647e+08	2.35235e+08	2.58786e+08	1.64716e+08	2.08442e+08	1.50655e+08	1.50251e+08	1.47282e+08	1.53682e+08	1.67448e+08	1.52761e+08	1.36757e+08	1.9708e+08	1.9599e+08	1.41305e+08	1.4547e+08	1.84897e+08	2.05487e+08	1.88516e+08	2.05693e+08	1.86632e+08	2.00751e+08	1.93287e+08	1.79236e+08	1.87809e+08	1.95027e+08	2.05332e+08	1.77707e+08	1.80075e+08	2.062e+08	2.0073e+08	1.63646e+08	1.70955e+08	1.65408e+08	2.02508e+08	1.67267e+08	1.93601e+08	1.67523e+08	1.6573e+08	1.51805e+08	2.11383e+08	1.14436e+08	1.2607e+08	1.17555e+08	1.59435e+08	1.22225e+08	1.75605e+08	1.31303e+08	1.33124e+08	1.60994e+08	2.05533e+08	2.19898e+08	2.03016e+08	2.20213e+08	1.93842e+08	1.57416e+08	1.95504e+08	1.95285e+08	1.99315e+08
