	ERR607419	ERR607416	ERR607415	ERR607417	ERR607418	ERR607420	ERR613232	ERR613231	ERR613229	ERR613228	ERR613230	ERR613227	ERR626533	ERR626529	ERR626531	ERR626532	ERR626530	ERR626528	ERR629698	ERR629702	ERR629700	ERR629703	ERR629701	ERR629699	ERR613247	ERR613250	ERR613248	ERR613249	ERR613246	ERR613245	ERR607762	ERR607759	ERR607761	ERR607760	ERR637124	ERR637123	ERR629867	ERR629863	ERR629866	ERR629865	ERR629862	ERR629864	ERR605689	ERR605691	ERR605693	ERR605692	ERR605690	ERR605694	ERR617119	ERR617122	ERR617124	ERR617120	ERR617123	ERR617121	ERR605600	ERR605599	ERR605602	ERR605603	ERR605604	ERR605601	ERR616937	ERR616940	ERR616939	ERR616938	ERR616942	ERR616941	ERR613204	ERR613208	ERR613203	ERR613207	ERR613206	ERR613205	ERR607591	ERR607593	ERR607596	ERR607594	ERR607592	ERR607595	ERR607851	ERR607852	ERR607853	ERR607854	ERR607849	ERR607850	ERR616502	ERR616501	ERR616499	ERR616500	ERR616498	ERR616503	ERR617567	ERR617565	ERR617570	ERR617568	ERR617566	ERR617569
ERR607419	9.15362e+09	7.64901e+09	7.49404e+09	7.54505e+09	8.93217e+09	8.88797e+09	5.78131e+09	5.79493e+09	7.11815e+09	7.43014e+09	5.5611e+09	7.78633e+09	7.33179e+09	7.63989e+09	7.26462e+09	7.37e+09	6.70598e+09	8.27762e+09	8.27735e+09	8.42965e+09	7.28396e+09	8.47465e+09	8.47253e+09	7.32598e+09	7.90852e+09	6.21706e+09	5.91014e+09	6.22009e+09	8.1857e+09	8.57857e+09	7.11357e+09	8.39042e+09	7.20713e+09	7.14451e+09	8.44351e+09	8.20591e+09	7.06754e+09	7.09099e+09	6.98309e+09	7.09519e+09	7.82432e+09	7.73454e+09	7.42102e+09	6.897e+09	5.50605e+09	6.43146e+09	7.07673e+09	5.6924e+09	6.28522e+09	7.09185e+09	6.04024e+09	6.63502e+09	7.1613e+09	6.59321e+09	8.07476e+09	8.38854e+09	7.91856e+09	8.00811e+09	7.90538e+09	7.72742e+09	7.92357e+09	7.13647e+09	8.56315e+09	7.92824e+09	7.15936e+09	7.07752e+09	7.48073e+09	5.81233e+09	7.86522e+09	5.80984e+09	5.5378e+09	7.13873e+09	9.09412e+09	8.35226e+09	9.09485e+09	9.07144e+09	8.31163e+09	9.06814e+09	5.83879e+09	6.50058e+09	6.49533e+09	6.54839e+09	5.80872e+09	5.94677e+09	8.4605e+09	8.26554e+09	4.93768e+09	7.1405e+09	7.10175e+09	8.33005e+09	6.11434e+09	7.91912e+09	7.8938e+09	7.95617e+09	3.88244e+09	7.92081e+09
ERR607416	7.64901e+09	6.87969e+09	6.54563e+09	6.58473e+09	7.68176e+09	7.64586e+09	5.09144e+09	5.10312e+09	6.19507e+09	6.4496e+09	4.90636e+09	6.73407e+09	6.40076e+09	6.65193e+09	6.34641e+09	6.43208e+09	5.89612e+09	7.16104e+09	7.16644e+09	7.28887e+09	6.36934e+09	7.32497e+09	7.32221e+09	6.405e+09	6.84029e+09	5.45829e+09	5.20167e+09	5.46083e+09	7.06249e+09	7.37353e+09	6.17388e+09	7.21855e+09	6.25049e+09	6.19858e+09	7.25887e+09	7.06908e+09	6.15531e+09	6.17392e+09	6.08613e+09	6.17714e+09	6.76538e+09	6.69236e+09	6.43259e+09	6.01033e+09	4.8643e+09	5.62505e+09	6.15605e+09	5.01905e+09	5.53769e+09	6.19557e+09	5.33389e+09	5.82286e+09	6.25259e+09	5.7881e+09	7.00861e+09	7.258e+09	6.88305e+09	6.95418e+09	6.87196e+09	6.73113e+09	6.87999e+09	6.24735e+09	7.38651e+09	6.87941e+09	6.26551e+09	6.19906e+09	6.52296e+09	5.1544e+09	6.82758e+09	5.15201e+09	4.92272e+09	6.2465e+09	7.81186e+09	7.2259e+09	7.81124e+09	7.79291e+09	7.19568e+09	7.79116e+09	5.15866e+09	5.70903e+09	5.70309e+09	5.74833e+09	5.13436e+09	5.24991e+09	7.31459e+09	7.16021e+09	4.40462e+09	6.25026e+09	6.21943e+09	7.21203e+09	5.39721e+09	6.85892e+09	6.84832e+09	6.89836e+09	3.47678e+09	6.8708e+09
ERR607415	7.49404e+09	6.54563e+09	6.62961e+09	6.46264e+09	7.52599e+09	7.49164e+09	5.0066e+09	5.01824e+09	6.08149e+09	6.32836e+09	4.82622e+09	6.60375e+09	6.28072e+09	6.52601e+09	6.228e+09	6.3115e+09	5.79273e+09	7.01988e+09	7.02882e+09	7.14726e+09	6.25447e+09	7.18322e+09	7.18013e+09	6.28937e+09	6.70794e+09	5.36329e+09	5.11336e+09	5.3664e+09	6.92279e+09	7.22461e+09	6.05838e+09	7.07511e+09	6.13284e+09	6.08209e+09	7.11334e+09	6.92979e+09	6.04397e+09	6.06071e+09	5.9765e+09	6.06584e+09	6.63525e+09	6.56356e+09	6.31121e+09	5.90077e+09	4.78556e+09	5.52411e+09	6.04213e+09	4.93651e+09	5.44232e+09	6.08088e+09	5.24593e+09	5.71847e+09	6.13632e+09	5.68459e+09	6.87598e+09	7.1175e+09	6.75337e+09	6.82306e+09	6.74353e+09	6.60689e+09	6.75129e+09	6.1383e+09	7.24085e+09	6.74779e+09	6.15531e+09	6.09057e+09	6.40309e+09	5.07198e+09	6.69734e+09	5.06942e+09	4.84539e+09	6.13548e+09	7.65372e+09	7.08526e+09	7.65306e+09	7.63535e+09	7.0575e+09	7.63392e+09	5.07144e+09	5.60747e+09	5.60182e+09	5.64554e+09	5.04859e+09	5.16103e+09	7.17371e+09	7.02445e+09	4.33717e+09	6.13789e+09	6.10868e+09	7.07443e+09	5.30506e+09	6.72425e+09	6.71737e+09	6.76524e+09	3.42638e+09	6.73887e+09
ERR607417	7.54505e+09	6.58473e+09	6.46264e+09	6.70905e+09	7.57688e+09	7.54239e+09	5.03208e+09	5.04317e+09	6.11855e+09	6.36743e+09	4.84913e+09	6.64835e+09	6.32227e+09	6.56826e+09	6.26949e+09	6.35387e+09	5.82347e+09	7.06665e+09	7.06951e+09	7.18812e+09	6.28674e+09	7.22347e+09	7.2204e+09	6.32161e+09	6.75012e+09	5.39223e+09	5.13806e+09	5.39445e+09	6.96767e+09	7.27415e+09	6.08804e+09	7.11415e+09	6.16289e+09	6.11271e+09	7.15476e+09	6.96728e+09	6.07316e+09	6.09504e+09	6.00553e+09	6.09579e+09	6.67718e+09	6.60524e+09	6.35971e+09	5.94323e+09	4.81326e+09	5.56617e+09	6.08739e+09	4.96653e+09	5.47493e+09	6.12303e+09	5.27077e+09	5.75711e+09	6.17882e+09	5.72349e+09	6.9159e+09	7.16016e+09	6.79276e+09	6.86309e+09	6.78236e+09	6.64329e+09	6.79063e+09	6.169e+09	7.28927e+09	6.79136e+09	6.18756e+09	6.12201e+09	6.44516e+09	5.0988e+09	6.74457e+09	5.09576e+09	4.86925e+09	6.17369e+09	7.70131e+09	7.12699e+09	7.70076e+09	7.68358e+09	7.09715e+09	7.68136e+09	5.10438e+09	5.64637e+09	5.64099e+09	5.68555e+09	5.07921e+09	5.19332e+09	7.21151e+09	7.05915e+09	4.3569e+09	6.17091e+09	6.13961e+09	7.11008e+09	5.33883e+09	6.77655e+09	6.76212e+09	6.81068e+09	3.43852e+09	6.7838e+09
ERR607418	8.93217e+09	7.68176e+09	7.52599e+09	7.57688e+09	9.23761e+09	8.92919e+09	5.80414e+09	5.81739e+09	7.14854e+09	7.46229e+09	5.5824e+09	7.82067e+09	7.36116e+09	7.6727e+09	7.29384e+09	7.40062e+09	6.73303e+09	8.31465e+09	8.31357e+09	8.46815e+09	7.31395e+09	8.51326e+09	8.51101e+09	7.35659e+09	7.94311e+09	6.24148e+09	5.93362e+09	6.24436e+09	8.22241e+09	8.61891e+09	7.14611e+09	8.43034e+09	7.24013e+09	7.17716e+09	8.48344e+09	8.24505e+09	7.09774e+09	7.12095e+09	7.01264e+09	7.12543e+09	7.85878e+09	7.76794e+09	7.4503e+09	6.92266e+09	5.52454e+09	6.45388e+09	7.10368e+09	5.71133e+09	6.30876e+09	7.11929e+09	6.06321e+09	6.66073e+09	7.18941e+09	6.6178e+09	8.1111e+09	8.42736e+09	7.95415e+09	8.04343e+09	7.94031e+09	7.76203e+09	7.9586e+09	7.16587e+09	8.6014e+09	7.96242e+09	7.18905e+09	7.10632e+09	7.51186e+09	5.83435e+09	7.89823e+09	5.83181e+09	5.55826e+09	7.16791e+09	9.1385e+09	8.39067e+09	9.13948e+09	9.1152e+09	8.34963e+09	9.11219e+09	5.85997e+09	6.5247e+09	6.51908e+09	6.5724e+09	5.82917e+09	5.9687e+09	8.49924e+09	8.30294e+09	4.9554e+09	7.17098e+09	7.13175e+09	8.36868e+09	6.13697e+09	7.95197e+09	7.92754e+09	7.99023e+09	3.89648e+09	7.95416e+09
ERR607420	8.88797e+09	7.64586e+09	7.49164e+09	7.54239e+09	8.92919e+09	9.14698e+09	5.78e+09	5.79334e+09	7.1167e+09	7.42837e+09	5.55948e+09	7.78503e+09	7.32927e+09	7.63898e+09	7.26294e+09	7.36896e+09	6.70471e+09	8.27586e+09	8.27428e+09	8.42745e+09	7.28152e+09	8.47259e+09	8.46986e+09	7.32342e+09	7.90617e+09	6.21539e+09	5.90883e+09	6.21803e+09	8.18381e+09	8.57734e+09	7.11324e+09	8.39102e+09	7.20719e+09	7.14434e+09	8.44425e+09	8.20647e+09	7.06458e+09	7.08823e+09	6.98103e+09	7.09276e+09	7.82207e+09	7.73219e+09	7.41832e+09	6.8939e+09	5.503e+09	6.42827e+09	7.07351e+09	5.68916e+09	6.28193e+09	7.0877e+09	6.03687e+09	6.63176e+09	7.15744e+09	6.58944e+09	8.07268e+09	8.38682e+09	7.91724e+09	8.00539e+09	7.90331e+09	7.72618e+09	7.91945e+09	7.13261e+09	8.55865e+09	7.92481e+09	7.1564e+09	7.07369e+09	7.47906e+09	5.81148e+09	7.86306e+09	5.80878e+09	5.53693e+09	7.13715e+09	9.09216e+09	8.35077e+09	9.09356e+09	9.06972e+09	8.3095e+09	9.06684e+09	5.83631e+09	6.49798e+09	6.49206e+09	6.54511e+09	5.80562e+09	5.94432e+09	8.45813e+09	8.26356e+09	4.93705e+09	7.13913e+09	7.1e+09	8.32792e+09	6.11207e+09	7.91588e+09	7.89057e+09	7.95309e+09	3.88138e+09	7.91774e+09
ERR613232	5.78131e+09	5.09144e+09	5.0066e+09	5.03208e+09	5.80414e+09	5.78e+09	4.66319e+09	4.50542e+09	5.37298e+09	5.56955e+09	4.34549e+09	5.79166e+09	4.9714e+09	5.15323e+09	4.93313e+09	4.99679e+09	4.6164e+09	5.51279e+09	5.52007e+09	5.60676e+09	4.95083e+09	5.63107e+09	5.62935e+09	4.97646e+09	5.76913e+09	4.7031e+09	4.49883e+09	4.7043e+09	5.93674e+09	6.17415e+09	5.19322e+09	6.00348e+09	5.25432e+09	5.21306e+09	6.03224e+09	5.8898e+09	5.21817e+09	5.23028e+09	5.16446e+09	5.23489e+09	5.68014e+09	5.62381e+09	5.45506e+09	5.12952e+09	4.22832e+09	4.82882e+09	5.24173e+09	4.35299e+09	4.32081e+09	4.80146e+09	4.17218e+09	4.52949e+09	4.84386e+09	4.50397e+09	5.47971e+09	5.65866e+09	5.38853e+09	5.44029e+09	5.38089e+09	5.27797e+09	5.30712e+09	4.85094e+09	5.67275e+09	5.3046e+09	4.8634e+09	4.81844e+09	5.12581e+09	4.13371e+09	5.34367e+09	4.13136e+09	3.96228e+09	4.92443e+09	5.99531e+09	5.57831e+09	5.99561e+09	5.98181e+09	5.55898e+09	5.98016e+09	4.02345e+09	4.43321e+09	4.42839e+09	4.46311e+09	4.00849e+09	4.0941e+09	5.64258e+09	5.53302e+09	3.53687e+09	4.88198e+09	4.85775e+09	5.57061e+09	4.23998e+09	5.29563e+09	5.29144e+09	5.32961e+09	2.78725e+09	5.3072e+09
ERR613231	5.79493e+09	5.10312e+09	5.01824e+09	5.04317e+09	5.81739e+09	5.79334e+09	4.50542e+09	4.68151e+09	5.38478e+09	5.58137e+09	4.35479e+09	5.80394e+09	4.98089e+09	5.16339e+09	4.94226e+09	5.00594e+09	4.6261e+09	5.52376e+09	5.533e+09	5.6203e+09	4.96147e+09	5.6448e+09	5.64318e+09	4.98778e+09	5.7828e+09	4.71234e+09	4.50831e+09	4.71462e+09	5.95058e+09	6.18827e+09	5.20617e+09	6.01888e+09	5.26701e+09	5.22561e+09	6.04784e+09	5.90493e+09	5.23115e+09	5.24283e+09	5.17719e+09	5.24786e+09	5.69324e+09	5.63731e+09	5.466e+09	5.13909e+09	4.23702e+09	4.8373e+09	5.25135e+09	4.3613e+09	4.3282e+09	4.81055e+09	4.18128e+09	4.53768e+09	4.8529e+09	4.51247e+09	5.49348e+09	5.67329e+09	5.40167e+09	5.45375e+09	5.39425e+09	5.2911e+09	5.32034e+09	4.86285e+09	5.68642e+09	5.31667e+09	4.87509e+09	4.82998e+09	5.13736e+09	4.14213e+09	5.35511e+09	4.13921e+09	3.97068e+09	4.93513e+09	6.00962e+09	5.59116e+09	6.00943e+09	5.99581e+09	5.57224e+09	5.99434e+09	4.03048e+09	4.44093e+09	4.43643e+09	4.47069e+09	4.01575e+09	4.10131e+09	5.65688e+09	5.54712e+09	3.54272e+09	4.89245e+09	4.86791e+09	5.58499e+09	4.2468e+09	5.3047e+09	5.30258e+09	5.34053e+09	2.79308e+09	5.31811e+09
ERR613229	7.11815e+09	6.19507e+09	6.08149e+09	6.11855e+09	7.14854e+09	7.1167e+09	5.37298e+09	5.38478e+09	6.76941e+09	6.81435e+09	5.17612e+09	7.11643e+09	6.04113e+09	6.28204e+09	5.99041e+09	6.07465e+09	5.56765e+09	6.76014e+09	6.76794e+09	6.8829e+09	6.00895e+09	6.91555e+09	6.91314e+09	6.04155e+09	7.08382e+09	5.65243e+09	5.38388e+09	5.65385e+09	7.31077e+09	7.63336e+09	6.32319e+09	7.40312e+09	6.40392e+09	6.3499e+09	7.44449e+09	7.25058e+09	6.34242e+09	6.36341e+09	6.2707e+09	6.36604e+09	6.97061e+09	6.8948e+09	6.67469e+09	6.23545e+09	5.04339e+09	5.83911e+09	6.38757e+09	5.20671e+09	5.19782e+09	5.82126e+09	5.00793e+09	5.46929e+09	5.87696e+09	5.43741e+09	6.70916e+09	6.95029e+09	6.58726e+09	6.65581e+09	6.57698e+09	6.43816e+09	6.48057e+09	5.8746e+09	6.97125e+09	6.4803e+09	5.89299e+09	5.83173e+09	6.23695e+09	4.92457e+09	6.52982e+09	4.92098e+09	4.70378e+09	5.96788e+09	7.40295e+09	6.84346e+09	7.40305e+09	7.38514e+09	6.81595e+09	7.38231e+09	4.82741e+09	5.34902e+09	5.34371e+09	5.38766e+09	4.80571e+09	4.91557e+09	6.92375e+09	6.77605e+09	4.1773e+09	5.91473e+09	5.88167e+09	6.82735e+09	5.08171e+09	6.47079e+09	6.4611e+09	6.51148e+09	3.27923e+09	6.48116e+09
ERR613228	7.43014e+09	6.4496e+09	6.32836e+09	6.36743e+09	7.46229e+09	7.42837e+09	5.56955e+09	5.58137e+09	6.81435e+09	7.33287e+09	5.36146e+09	7.42148e+09	6.28716e+09	6.54135e+09	6.23254e+09	6.32101e+09	5.78472e+09	7.04967e+09	7.05575e+09	7.17853e+09	6.25175e+09	7.21329e+09	7.21126e+09	6.2857e+09	7.38543e+09	5.86586e+09	5.58288e+09	5.8671e+09	7.63042e+09	7.97429e+09	6.58183e+09	7.73137e+09	6.66721e+09	6.61052e+09	7.77619e+09	7.56738e+09	6.59893e+09	6.62126e+09	6.52299e+09	6.62409e+09	7.26875e+09	7.18761e+09	6.95571e+09	6.48919e+09	5.22595e+09	6.0681e+09	6.64969e+09	5.39776e+09	5.40002e+09	6.05855e+09	5.20006e+09	5.68639e+09	6.11696e+09	5.65298e+09	6.99291e+09	7.24942e+09	6.86332e+09	6.93637e+09	6.8526e+09	6.7058e+09	6.75245e+09	6.10932e+09	7.27369e+09	6.75293e+09	6.12954e+09	6.06431e+09	6.49086e+09	5.10316e+09	6.80169e+09	5.0994e+09	4.87091e+09	6.20362e+09	7.7322e+09	7.13699e+09	7.73255e+09	7.71401e+09	7.10657e+09	7.7116e+09	5.01173e+09	5.56028e+09	5.5551e+09	5.60075e+09	4.98901e+09	5.10379e+09	7.22163e+09	7.06393e+09	4.32381e+09	6.15185e+09	6.11657e+09	7.11842e+09	5.27495e+09	6.7449e+09	6.7327e+09	6.78537e+09	3.39203e+09	6.75374e+09
ERR613230	5.5611e+09	4.90636e+09	4.82622e+09	4.84913e+09	5.5824e+09	5.55948e+09	4.34549e+09	4.35479e+09	5.17612e+09	5.36146e+09	4.36242e+09	5.5706e+09	4.78953e+09	4.9631e+09	4.75334e+09	4.81318e+09	4.45491e+09	5.30397e+09	5.31599e+09	5.39837e+09	4.77501e+09	5.42224e+09	5.41989e+09	4.80038e+09	5.552e+09	4.54071e+09	4.3502e+09	4.54314e+09	5.71012e+09	5.93393e+09	5.01032e+09	5.77781e+09	5.06775e+09	5.0284e+09	5.80408e+09	5.67064e+09	5.03417e+09	5.04208e+09	4.98245e+09	5.04912e+09	5.46766e+09	5.41415e+09	5.24533e+09	4.9379e+09	4.08503e+09	4.65141e+09	5.04335e+09	4.20268e+09	4.16881e+09	4.62566e+09	4.03031e+09	4.36704e+09	4.66623e+09	4.34136e+09	5.2781e+09	5.44809e+09	5.19124e+09	5.24076e+09	5.18456e+09	5.08733e+09	5.11271e+09	4.6801e+09	5.45795e+09	5.10841e+09	4.6911e+09	4.64844e+09	4.93799e+09	3.99661e+09	5.14316e+09	3.99473e+09	3.83542e+09	4.74763e+09	5.76711e+09	5.37138e+09	5.76643e+09	5.75362e+09	5.35402e+09	5.75285e+09	3.88119e+09	4.27263e+09	4.26762e+09	4.30119e+09	3.86836e+09	3.9496e+09	5.43419e+09	5.33121e+09	3.42631e+09	4.70883e+09	4.68702e+09	5.36682e+09	4.09088e+09	5.09344e+09	5.09339e+09	5.12976e+09	2.70356e+09	5.10797e+09
ERR613227	7.78633e+09	6.73407e+09	6.60375e+09	6.64835e+09	7.82067e+09	7.78503e+09	5.79166e+09	5.80394e+09	7.11643e+09	7.42148e+09	5.5706e+09	8.02647e+09	6.56402e+09	6.83238e+09	6.50648e+09	6.60095e+09	6.02243e+09	7.37677e+09	7.37793e+09	7.50734e+09	6.51881e+09	7.54378e+09	7.54319e+09	6.55218e+09	7.73146e+09	6.10879e+09	5.80775e+09	6.10999e+09	7.99653e+09	8.37383e+09	6.86699e+09	8.09952e+09	6.95861e+09	6.89812e+09	8.15136e+09	7.92336e+09	6.88109e+09	6.91016e+09	6.80031e+09	6.90799e+09	7.60864e+09	7.52178e+09	7.28913e+09	6.78497e+09	5.43406e+09	6.34052e+09	6.95828e+09	5.61705e+09	5.6285e+09	6.33321e+09	5.41157e+09	5.93644e+09	6.39487e+09	5.90159e+09	7.30368e+09	7.57947e+09	7.16691e+09	7.24462e+09	7.15535e+09	6.99735e+09	7.05702e+09	6.36866e+09	7.61793e+09	7.06334e+09	6.39105e+09	6.32123e+09	6.77626e+09	5.3018e+09	7.11317e+09	5.29747e+09	5.05597e+09	6.47019e+09	8.10655e+09	7.46689e+09	8.10775e+09	8.08674e+09	7.43049e+09	8.08367e+09	5.22329e+09	5.80447e+09	5.7994e+09	5.84809e+09	5.19675e+09	5.31923e+09	7.54942e+09	7.38029e+09	4.48453e+09	6.41366e+09	6.37526e+09	7.43855e+09	5.498e+09	7.06786e+09	7.04502e+09	7.10224e+09	3.51525e+09	7.06793e+09
ERR626533	7.33179e+09	6.40076e+09	6.28072e+09	6.32227e+09	7.36116e+09	7.32927e+09	4.9714e+09	4.98089e+09	6.04113e+09	6.28716e+09	4.78953e+09	6.56402e+09	6.52281e+09	6.57112e+09	6.27761e+09	6.36274e+09	5.82611e+09	7.06316e+09	6.97902e+09	7.09348e+09	6.21785e+09	7.12488e+09	7.12519e+09	6.24659e+09	6.68303e+09	5.3433e+09	5.09237e+09	5.34354e+09	6.89834e+09	7.19808e+09	6.11359e+09	7.06176e+09	6.18448e+09	6.1372e+09	7.10529e+09	6.92744e+09	6.02051e+09	6.04431e+09	5.95378e+09	6.04254e+09	6.61638e+09	6.54707e+09	6.22075e+09	5.81489e+09	4.70859e+09	5.44952e+09	5.95355e+09	4.85902e+09	5.31259e+09	5.94424e+09	5.10693e+09	5.58981e+09	5.99626e+09	5.55873e+09	6.77941e+09	7.01897e+09	6.66218e+09	6.72894e+09	6.65231e+09	6.51554e+09	6.63221e+09	6.02156e+09	7.11988e+09	6.63742e+09	6.0401e+09	5.9768e+09	6.32246e+09	5.00835e+09	6.61785e+09	5.00533e+09	4.78388e+09	6.05573e+09	7.57652e+09	7.02919e+09	7.57805e+09	7.56063e+09	6.99589e+09	7.55897e+09	4.97043e+09	5.49435e+09	5.48949e+09	5.53193e+09	4.94364e+09	5.05503e+09	7.11657e+09	6.96851e+09	4.32e+09	6.10694e+09	6.07582e+09	7.01675e+09	5.24215e+09	6.64364e+09	6.61954e+09	6.66796e+09	3.37404e+09	6.64158e+09
ERR626529	7.63989e+09	6.65193e+09	6.52601e+09	6.56826e+09	7.6727e+09	7.63898e+09	5.15323e+09	5.16339e+09	6.28204e+09	6.54135e+09	4.9631e+09	6.83238e+09	6.57112e+09	7.03319e+09	6.5143e+09	6.60474e+09	6.04399e+09	7.35474e+09	7.27185e+09	7.39472e+09	6.46292e+09	7.42959e+09	7.42858e+09	6.49537e+09	6.96228e+09	5.54347e+09	5.28068e+09	5.54368e+09	7.18956e+09	7.50516e+09	6.36931e+09	7.36953e+09	6.4445e+09	6.39428e+09	7.41415e+09	7.22816e+09	6.26518e+09	6.28648e+09	6.19424e+09	6.2878e+09	6.89091e+09	6.81734e+09	6.46468e+09	6.03611e+09	4.87461e+09	5.64978e+09	6.18362e+09	5.03198e+09	5.50347e+09	6.16619e+09	5.29331e+09	5.79241e+09	6.2212e+09	5.7598e+09	7.06182e+09	7.31597e+09	6.93433e+09	7.00615e+09	6.9246e+09	6.78002e+09	6.90329e+09	6.25833e+09	7.41935e+09	6.90545e+09	6.27775e+09	6.21056e+09	6.56825e+09	5.18119e+09	6.87957e+09	5.17842e+09	4.94715e+09	6.28698e+09	7.90759e+09	7.32387e+09	7.90767e+09	7.88942e+09	7.29023e+09	7.88752e+09	5.14172e+09	5.6914e+09	5.68659e+09	5.73068e+09	5.1143e+09	5.23141e+09	7.41998e+09	7.26375e+09	4.45988e+09	6.34205e+09	6.30976e+09	7.31489e+09	5.42168e+09	6.90167e+09	6.88181e+09	6.93307e+09	3.48248e+09	6.90466e+09
ERR626531	7.26462e+09	6.34641e+09	6.228e+09	6.26949e+09	7.29384e+09	7.26294e+09	4.93313e+09	4.94226e+09	5.99041e+09	6.23254e+09	4.75334e+09	6.50648e+09	6.27761e+09	6.5143e+09	6.4127e+09	6.30851e+09	5.77703e+09	6.99818e+09	6.91601e+09	7.02854e+09	6.16627e+09	7.05988e+09	7.06059e+09	6.19388e+09	6.62446e+09	5.30194e+09	5.05305e+09	5.30162e+09	6.83654e+09	7.1323e+09	6.05714e+09	6.99528e+09	6.12729e+09	6.08026e+09	7.0383e+09	6.86276e+09	5.96846e+09	5.99249e+09	5.9032e+09	5.99e+09	6.55761e+09	6.48927e+09	6.17204e+09	5.7709e+09	4.67551e+09	5.41042e+09	5.90794e+09	4.82412e+09	5.27361e+09	5.89932e+09	5.06978e+09	5.5485e+09	5.95067e+09	5.51789e+09	6.71895e+09	6.95481e+09	6.60363e+09	6.66953e+09	6.59426e+09	6.45812e+09	6.57546e+09	5.97317e+09	7.05801e+09	6.58154e+09	5.9919e+09	5.92947e+09	6.2706e+09	4.97262e+09	6.56205e+09	4.96912e+09	4.75071e+09	6.00728e+09	7.50582e+09	6.96593e+09	7.5073e+09	7.49041e+09	6.93288e+09	7.4883e+09	4.93472e+09	5.45353e+09	5.44886e+09	5.49115e+09	4.90787e+09	5.01861e+09	7.05095e+09	6.90517e+09	4.28909e+09	6.05534e+09	6.02444e+09	6.95224e+09	5.20485e+09	6.59018e+09	6.56503e+09	6.61253e+09	3.35241e+09	6.58585e+09
ERR626532	7.37e+09	6.43208e+09	6.3115e+09	6.35387e+09	7.40062e+09	7.36896e+09	4.99679e+09	5.00594e+09	6.07465e+09	6.32101e+09	4.81318e+09	6.60095e+09	6.36274e+09	6.60474e+09	6.30851e+09	6.58728e+09	5.85291e+09	7.10048e+09	7.01621e+09	7.13165e+09	6.24983e+09	7.16327e+09	7.16369e+09	6.27777e+09	6.72061e+09	5.37108e+09	5.11782e+09	5.37095e+09	6.93687e+09	7.23935e+09	6.14577e+09	7.10052e+09	6.21756e+09	6.16955e+09	7.14457e+09	6.96614e+09	6.0518e+09	6.07603e+09	5.98518e+09	6.07385e+09	6.6529e+09	6.58261e+09	6.25541e+09	5.84621e+09	4.73237e+09	5.4796e+09	5.98671e+09	4.88313e+09	5.33839e+09	5.97483e+09	5.13067e+09	5.61721e+09	6.02669e+09	5.58649e+09	6.81382e+09	7.0555e+09	6.69605e+09	6.76312e+09	6.68602e+09	6.54763e+09	6.66577e+09	6.0509e+09	7.15794e+09	6.67223e+09	6.07013e+09	6.00636e+09	6.35545e+09	5.03164e+09	6.65324e+09	5.02849e+09	4.80569e+09	6.08714e+09	7.61869e+09	7.06705e+09	7.62005e+09	7.60285e+09	7.03354e+09	7.60062e+09	4.99319e+09	5.52034e+09	5.51575e+09	5.55821e+09	4.96529e+09	5.07808e+09	7.15432e+09	7.00519e+09	4.33793e+09	6.13671e+09	6.10504e+09	7.05389e+09	5.26678e+09	6.67946e+09	6.65503e+09	6.7033e+09	3.38798e+09	6.67628e+09
ERR626530	6.70598e+09	5.89612e+09	5.79273e+09	5.82347e+09	6.73303e+09	6.70471e+09	4.6164e+09	4.6261e+09	5.56765e+09	5.78472e+09	4.45491e+09	6.02243e+09	5.82611e+09	6.04399e+09	5.77703e+09	5.85291e+09	5.56626e+09	6.47283e+09	6.41319e+09	6.51675e+09	5.74587e+09	6.546e+09	6.54384e+09	5.77574e+09	6.13804e+09	4.94972e+09	4.72761e+09	4.95061e+09	6.32572e+09	6.58202e+09	5.6433e+09	6.47906e+09	5.70547e+09	5.6627e+09	6.51233e+09	6.36127e+09	5.56338e+09	5.57568e+09	5.50351e+09	5.58117e+09	6.07476e+09	6.01385e+09	5.70028e+09	5.34535e+09	4.36955e+09	5.01429e+09	5.46757e+09	4.50216e+09	4.91359e+09	5.4636e+09	4.74246e+09	5.15123e+09	5.5106e+09	5.1226e+09	6.24048e+09	6.44845e+09	6.13384e+09	6.19338e+09	6.12511e+09	6.00877e+09	6.1017e+09	5.56985e+09	6.52373e+09	6.09572e+09	5.58457e+09	5.5297e+09	5.81917e+09	4.66095e+09	6.07106e+09	4.65891e+09	4.46254e+09	5.58663e+09	6.93243e+09	6.45439e+09	6.93157e+09	6.91714e+09	6.43081e+09	6.91594e+09	4.59878e+09	5.06251e+09	5.05773e+09	5.09598e+09	4.57829e+09	4.67672e+09	6.54161e+09	6.41458e+09	4.0384e+09	5.64304e+09	5.61764e+09	6.45656e+09	4.84805e+09	6.07462e+09	6.07084e+09	6.11298e+09	3.16442e+09	6.09063e+09
ERR626528	8.27762e+09	7.16104e+09	7.01988e+09	7.06665e+09	8.31465e+09	8.27586e+09	5.51279e+09	5.52376e+09	6.76014e+09	7.04967e+09	5.30397e+09	7.37677e+09	7.06316e+09	7.35474e+09	6.99818e+09	7.10048e+09	6.47283e+09	8.17675e+09	7.85297e+09	7.99233e+09	6.94126e+09	8.03129e+09	8.03121e+09	6.97712e+09	7.51617e+09	5.9379e+09	5.65039e+09	5.93928e+09	7.77322e+09	8.13132e+09	6.85918e+09	7.98189e+09	6.94347e+09	6.88769e+09	8.03218e+09	7.82227e+09	6.73854e+09	6.76112e+09	6.66005e+09	6.76366e+09	7.43899e+09	7.35658e+09	6.97466e+09	6.49622e+09	5.21074e+09	6.0677e+09	6.65976e+09	5.384e+09	5.89964e+09	6.63818e+09	5.66932e+09	6.22191e+09	6.70022e+09	6.18489e+09	7.62073e+09	7.9074e+09	7.4778e+09	7.55861e+09	7.4666e+09	7.30404e+09	7.45205e+09	6.72843e+09	8.03407e+09	7.45603e+09	6.75021e+09	6.67534e+09	7.06997e+09	5.52741e+09	7.42147e+09	5.52491e+09	5.2711e+09	6.7538e+09	8.57741e+09	7.91308e+09	8.57842e+09	8.55763e+09	7.87472e+09	8.5553e+09	5.50305e+09	6.11051e+09	6.10574e+09	6.15431e+09	5.47353e+09	5.60168e+09	8.02327e+09	7.8454e+09	4.74025e+09	6.80991e+09	6.77271e+09	7.90334e+09	5.80192e+09	7.4575e+09	7.43204e+09	7.48922e+09	3.69904e+09	7.45712e+09
ERR629698	8.27735e+09	7.16644e+09	7.02882e+09	7.06951e+09	8.31357e+09	8.27428e+09	5.52007e+09	5.533e+09	6.76794e+09	7.05575e+09	5.31599e+09	7.37793e+09	6.97902e+09	7.27185e+09	6.91601e+09	7.01621e+09	6.41319e+09	7.85297e+09	8.20733e+09	8.12419e+09	7.05024e+09	8.1667e+09	8.16287e+09	7.09123e+09	7.5252e+09	5.94557e+09	5.66287e+09	5.94911e+09	7.78045e+09	8.13165e+09	6.85234e+09	7.99279e+09	6.93692e+09	6.87925e+09	8.03608e+09	7.82989e+09	6.75985e+09	6.77069e+09	6.68036e+09	6.78379e+09	7.44524e+09	7.36197e+09	6.97219e+09	6.49569e+09	5.2199e+09	6.05877e+09	6.65954e+09	5.39167e+09	5.94111e+09	6.67276e+09	5.7248e+09	6.25507e+09	6.73684e+09	6.21466e+09	7.65275e+09	7.93862e+09	7.50465e+09	7.58747e+09	7.49345e+09	7.33413e+09	7.5101e+09	6.78637e+09	8.08496e+09	7.50178e+09	6.8058e+09	6.73164e+09	7.09539e+09	5.55113e+09	7.43892e+09	5.55026e+09	5.29824e+09	6.7799e+09	8.6007e+09	7.93267e+09	8.59564e+09	8.57548e+09	7.89964e+09	8.57425e+09	5.53131e+09	6.14089e+09	6.13457e+09	6.18368e+09	5.50628e+09	5.63359e+09	8.0639e+09	7.88791e+09	4.74985e+09	6.83107e+09	6.79681e+09	7.94675e+09	5.80054e+09	7.44626e+09	7.44183e+09	7.49962e+09	3.71827e+09	7.46761e+09
ERR629702	8.42965e+09	7.28887e+09	7.14726e+09	7.18812e+09	8.46815e+09	8.42745e+09	5.60676e+09	5.6203e+09	6.8829e+09	7.17853e+09	5.39837e+09	7.50734e+09	7.09348e+09	7.39472e+09	7.02854e+09	7.13165e+09	6.51675e+09	7.99233e+09	8.12419e+09	8.51184e+09	7.16738e+09	8.32027e+09	8.3179e+09	7.21134e+09	7.66008e+09	6.04074e+09	5.75289e+09	6.04479e+09	7.92231e+09	8.28158e+09	6.97814e+09	8.1477e+09	7.06529e+09	7.00576e+09	8.19045e+09	7.9802e+09	6.87728e+09	6.88503e+09	6.7953e+09	6.90103e+09	7.57539e+09	7.49019e+09	7.0867e+09	6.59982e+09	5.29723e+09	6.15186e+09	6.76611e+09	5.47199e+09	6.0335e+09	6.78053e+09	5.81742e+09	6.35354e+09	6.84705e+09	6.31226e+09	7.79066e+09	8.08399e+09	7.63856e+09	7.72374e+09	7.6269e+09	7.46387e+09	7.6439e+09	6.90398e+09	8.23385e+09	7.63309e+09	6.92304e+09	6.84671e+09	7.21414e+09	5.63427e+09	7.56618e+09	5.63343e+09	5.37718e+09	6.8911e+09	8.76695e+09	8.077e+09	8.76154e+09	8.74084e+09	8.04497e+09	8.73929e+09	5.61443e+09	6.2366e+09	6.23032e+09	6.28042e+09	5.58966e+09	5.7195e+09	8.21749e+09	8.03592e+09	4.81802e+09	6.94472e+09	6.91022e+09	8.09705e+09	5.8874e+09	7.57199e+09	7.57202e+09	7.63084e+09	3.77117e+09	7.59878e+09
ERR629700	7.28396e+09	6.36934e+09	6.25447e+09	6.28674e+09	7.31395e+09	7.28152e+09	4.95083e+09	4.96147e+09	6.00895e+09	6.25175e+09	4.77501e+09	6.51881e+09	6.21785e+09	6.46292e+09	6.16627e+09	6.24983e+09	5.74587e+09	6.94126e+09	7.05024e+09	7.16738e+09	6.47532e+09	7.20221e+09	7.19881e+09	6.31872e+09	6.64942e+09	5.32047e+09	5.07842e+09	5.32378e+09	6.86069e+09	7.14905e+09	6.07858e+09	7.03124e+09	6.15009e+09	6.10134e+09	7.0669e+09	6.89655e+09	6.00888e+09	6.01699e+09	5.94198e+09	6.02872e+09	6.57931e+09	6.5101e+09	6.16739e+09	5.7692e+09	4.68644e+09	5.39806e+09	5.90599e+09	4.83279e+09	5.31776e+09	5.93313e+09	5.13181e+09	5.58137e+09	5.98626e+09	5.54705e+09	6.77217e+09	7.00613e+09	6.6487e+09	6.71812e+09	6.63944e+09	6.50879e+09	6.6458e+09	6.04343e+09	7.11947e+09	6.63634e+09	6.05877e+09	5.99747e+09	6.30507e+09	5.00528e+09	6.58868e+09	5.00364e+09	4.78679e+09	6.04209e+09	7.5534e+09	7.00838e+09	7.54887e+09	7.53208e+09	6.98157e+09	7.53111e+09	4.96405e+09	5.4829e+09	5.47712e+09	5.51936e+09	4.94292e+09	5.05181e+09	7.11704e+09	6.97306e+09	4.31051e+09	6.09595e+09	6.06806e+09	7.02093e+09	5.20717e+09	6.58366e+09	6.58318e+09	6.63155e+09	3.37856e+09	6.60519e+09
ERR629703	8.47465e+09	7.32497e+09	7.18322e+09	7.22347e+09	8.51326e+09	8.47259e+09	5.63107e+09	5.6448e+09	6.91555e+09	7.21329e+09	5.42224e+09	7.54378e+09	7.12488e+09	7.42959e+09	7.05988e+09	7.16327e+09	6.546e+09	8.03129e+09	8.1667e+09	8.32027e+09	7.20221e+09	8.6026e+09	8.36048e+09	7.24618e+09	7.69743e+09	6.06734e+09	5.77827e+09	6.07174e+09	7.96128e+09	8.32374e+09	7.01152e+09	8.19129e+09	7.09951e+09	7.03939e+09	8.23406e+09	8.0226e+09	6.9099e+09	6.91624e+09	6.82806e+09	6.93479e+09	7.61265e+09	7.52598e+09	7.12059e+09	6.63003e+09	5.32098e+09	6.17752e+09	6.79819e+09	5.49683e+09	6.06241e+09	6.81314e+09	5.84568e+09	6.38331e+09	6.8803e+09	6.34042e+09	7.83329e+09	8.12825e+09	7.67869e+09	7.76545e+09	7.66657e+09	7.50388e+09	7.68591e+09	6.93911e+09	8.2785e+09	7.67347e+09	6.95816e+09	6.88202e+09	7.24849e+09	5.65819e+09	7.60202e+09	5.65751e+09	5.39991e+09	6.92314e+09	8.81466e+09	8.1184e+09	8.80955e+09	8.78774e+09	8.08649e+09	8.78712e+09	5.63889e+09	6.2649e+09	6.25871e+09	6.3092e+09	5.61496e+09	5.74535e+09	8.26074e+09	8.07842e+09	4.837e+09	6.97773e+09	6.94297e+09	8.13942e+09	5.91256e+09	7.60802e+09	7.60911e+09	7.66882e+09	3.78753e+09	7.6364e+09
ERR629701	8.47253e+09	7.32221e+09	7.18013e+09	7.2204e+09	8.51101e+09	8.46986e+09	5.62935e+09	5.64318e+09	6.91314e+09	7.21126e+09	5.41989e+09	7.54319e+09	7.12519e+09	7.42858e+09	7.06059e+09	7.16369e+09	6.54384e+09	8.03121e+09	8.16287e+09	8.3179e+09	7.19881e+09	8.36048e+09	8.59373e+09	7.24271e+09	7.69611e+09	6.06657e+09	5.7767e+09	6.07067e+09	7.95986e+09	8.3237e+09	7.00717e+09	8.18585e+09	7.09505e+09	7.03544e+09	8.22958e+09	8.01767e+09	6.90664e+09	6.91645e+09	6.82515e+09	6.93201e+09	7.61239e+09	7.52604e+09	7.12265e+09	6.63144e+09	5.3201e+09	6.18146e+09	6.79942e+09	5.4961e+09	6.06152e+09	6.81507e+09	5.84331e+09	6.38437e+09	6.8811e+09	6.3426e+09	7.82585e+09	8.12179e+09	7.67309e+09	7.7596e+09	7.66082e+09	7.49681e+09	7.68133e+09	6.93529e+09	8.27608e+09	7.67108e+09	6.95486e+09	6.87817e+09	7.24778e+09	5.65723e+09	7.60262e+09	5.65626e+09	5.39783e+09	6.92221e+09	8.8103e+09	8.11529e+09	8.80573e+09	8.78418e+09	8.08223e+09	8.78342e+09	5.64029e+09	6.26665e+09	6.26073e+09	6.31096e+09	5.61529e+09	5.7456e+09	8.25621e+09	8.07344e+09	4.83588e+09	6.97527e+09	6.94045e+09	8.13471e+09	5.91374e+09	7.61203e+09	7.61e+09	7.66987e+09	3.78581e+09	7.63689e+09
ERR629699	7.32598e+09	6.405e+09	6.28937e+09	6.32161e+09	7.35659e+09	7.32342e+09	4.97646e+09	4.98778e+09	6.04155e+09	6.2857e+09	4.80038e+09	6.55218e+09	6.24659e+09	6.49537e+09	6.19388e+09	6.27777e+09	5.77574e+09	6.97712e+09	7.09123e+09	7.21134e+09	6.31872e+09	7.24618e+09	7.24271e+09	6.54817e+09	6.68692e+09	5.34761e+09	5.10503e+09	5.35166e+09	6.89884e+09	7.18773e+09	6.11439e+09	7.07487e+09	6.18559e+09	6.13622e+09	7.10769e+09	6.93832e+09	6.04484e+09	6.05042e+09	5.97791e+09	6.0648e+09	6.61339e+09	6.54381e+09	6.19361e+09	5.7943e+09	4.70837e+09	5.41912e+09	5.9317e+09	4.85501e+09	5.34488e+09	5.96031e+09	5.16461e+09	5.60812e+09	6.01513e+09	5.5733e+09	6.81347e+09	7.04963e+09	6.68939e+09	6.75978e+09	6.67992e+09	6.54909e+09	6.68643e+09	6.08274e+09	7.16203e+09	6.67287e+09	6.09794e+09	6.03555e+09	6.33737e+09	5.02942e+09	6.62012e+09	5.02843e+09	4.81029e+09	6.07363e+09	7.59858e+09	7.0485e+09	7.59414e+09	7.57683e+09	7.02499e+09	7.57628e+09	4.98633e+09	5.50726e+09	5.50188e+09	5.54464e+09	4.96672e+09	5.07546e+09	7.16398e+09	7.01957e+09	4.33009e+09	6.12937e+09	6.10173e+09	7.06836e+09	5.22811e+09	6.61367e+09	6.61792e+09	6.66651e+09	3.3961e+09	6.64109e+09
ERR613247	7.90852e+09	6.84029e+09	6.70794e+09	6.75012e+09	7.94311e+09	7.90617e+09	5.76913e+09	5.7828e+09	7.08382e+09	7.38543e+09	5.552e+09	7.73146e+09	6.68303e+09	6.96228e+09	6.62446e+09	6.72061e+09	6.13804e+09	7.51617e+09	7.5252e+09	7.66008e+09	6.64942e+09	7.69743e+09	7.69611e+09	6.68692e+09	8.09029e+09	6.18627e+09	5.88566e+09	6.18809e+09	8.10463e+09	8.48109e+09	7.00121e+09	8.20979e+09	7.09283e+09	7.03228e+09	8.25904e+09	8.03809e+09	6.9562e+09	6.97655e+09	6.8738e+09	6.98082e+09	7.67763e+09	7.59028e+09	7.27765e+09	6.7756e+09	5.42857e+09	6.32937e+09	6.94779e+09	5.61133e+09	5.66514e+09	6.37211e+09	5.45342e+09	5.97247e+09	6.43376e+09	5.93627e+09	7.37959e+09	7.65973e+09	7.24006e+09	7.31967e+09	7.23005e+09	7.07095e+09	7.16064e+09	6.466e+09	7.72483e+09	7.16201e+09	6.48702e+09	6.41642e+09	6.82778e+09	5.34487e+09	7.16506e+09	5.34224e+09	5.10127e+09	6.52208e+09	8.24136e+09	7.59647e+09	8.24094e+09	8.21959e+09	7.56282e+09	8.21712e+09	5.27142e+09	5.85533e+09	5.85106e+09	5.8989e+09	5.24627e+09	5.36899e+09	7.7029e+09	7.5328e+09	4.56095e+09	6.53461e+09	6.49937e+09	7.59053e+09	5.54819e+09	7.12717e+09	7.11466e+09	7.17114e+09	3.55776e+09	7.13792e+09
ERR613250	6.21706e+09	5.45829e+09	5.36329e+09	5.39223e+09	6.24148e+09	6.21539e+09	4.7031e+09	4.71234e+09	5.65243e+09	5.86586e+09	4.54071e+09	6.10879e+09	5.3433e+09	5.54347e+09	5.30194e+09	5.37108e+09	4.94972e+09	5.9379e+09	5.94557e+09	6.04074e+09	5.32047e+09	6.06734e+09	6.06657e+09	5.34761e+09	6.18627e+09	5.19084e+09	4.7917e+09	5.01477e+09	6.37088e+09	6.63374e+09	5.57634e+09	6.43919e+09	5.64179e+09	5.59753e+09	6.47215e+09	6.31866e+09	5.55873e+09	5.57199e+09	5.49934e+09	5.57485e+09	6.06529e+09	6.00388e+09	5.77511e+09	5.42035e+09	4.43997e+09	5.09705e+09	5.54123e+09	4.57485e+09	4.58435e+09	5.10852e+09	4.42251e+09	4.8129e+09	5.15363e+09	4.78515e+09	5.84387e+09	6.04242e+09	5.74549e+09	5.80256e+09	5.73881e+09	5.62472e+09	5.68668e+09	5.18538e+09	6.08763e+09	5.68603e+09	5.19977e+09	5.14956e+09	5.45291e+09	4.37277e+09	5.69289e+09	4.36985e+09	4.18823e+09	5.23289e+09	6.45266e+09	5.99758e+09	6.45228e+09	6.4369e+09	5.97494e+09	6.43555e+09	4.27851e+09	4.72104e+09	4.71685e+09	4.75419e+09	4.26143e+09	4.35409e+09	6.0743e+09	5.95432e+09	3.76607e+09	5.23784e+09	5.21391e+09	5.99523e+09	4.50942e+09	5.66099e+09	5.65401e+09	5.69444e+09	2.95132e+09	5.67034e+09
ERR613248	5.91014e+09	5.20167e+09	5.11336e+09	5.13806e+09	5.93362e+09	5.90883e+09	4.49883e+09	4.50831e+09	5.38388e+09	5.58288e+09	4.3502e+09	5.80775e+09	5.09237e+09	5.28068e+09	5.05305e+09	5.11782e+09	4.72761e+09	5.65039e+09	5.66287e+09	5.75289e+09	5.07842e+09	5.77827e+09	5.7767e+09	5.10503e+09	5.88566e+09	4.7917e+09	4.75282e+09	4.79353e+09	6.05747e+09	6.30064e+09	5.32358e+09	6.12594e+09	5.38483e+09	5.34278e+09	6.15562e+09	6.01426e+09	5.30383e+09	5.31062e+09	5.24765e+09	5.31723e+09	5.77049e+09	5.71308e+09	5.48634e+09	5.15696e+09	4.24329e+09	4.85262e+09	5.26854e+09	4.36933e+09	4.3751e+09	4.86522e+09	4.22714e+09	4.58751e+09	4.90742e+09	4.56043e+09	5.56519e+09	5.7498e+09	5.47239e+09	5.52631e+09	5.46576e+09	5.36011e+09	5.41551e+09	4.94851e+09	5.78821e+09	5.41236e+09	4.96077e+09	4.91411e+09	5.19331e+09	4.18595e+09	5.41495e+09	4.18386e+09	4.01492e+09	4.98882e+09	6.13526e+09	5.71014e+09	6.13397e+09	6.12019e+09	5.69016e+09	6.11888e+09	4.08354e+09	4.49994e+09	4.49563e+09	4.53073e+09	4.06875e+09	4.15597e+09	5.78762e+09	5.67644e+09	3.61709e+09	5.00131e+09	4.97961e+09	5.71403e+09	4.3059e+09	5.38073e+09	5.38012e+09	5.41777e+09	2.83745e+09	5.39538e+09
ERR613249	6.22009e+09	5.46083e+09	5.3664e+09	5.39445e+09	6.24436e+09	6.21803e+09	4.7043e+09	4.71462e+09	5.65385e+09	5.8671e+09	4.54314e+09	6.10999e+09	5.34354e+09	5.54368e+09	5.30162e+09	5.37095e+09	4.95061e+09	5.93928e+09	5.94911e+09	6.04479e+09	5.32378e+09	6.07174e+09	6.07067e+09	5.35166e+09	6.18809e+09	5.01477e+09	4.79353e+09	5.19315e+09	6.37288e+09	6.63485e+09	5.57702e+09	6.4411e+09	5.64297e+09	5.59832e+09	6.47405e+09	6.32108e+09	5.56173e+09	5.57328e+09	5.50216e+09	5.57768e+09	6.06709e+09	6.00549e+09	5.77469e+09	5.41982e+09	4.44124e+09	5.09616e+09	5.5407e+09	4.57605e+09	4.58787e+09	5.11141e+09	4.42785e+09	4.81562e+09	5.15558e+09	4.78727e+09	5.84771e+09	6.04591e+09	5.74917e+09	5.80623e+09	5.74231e+09	5.62803e+09	5.69118e+09	5.19085e+09	6.0912e+09	5.68944e+09	5.20396e+09	5.1543e+09	5.45551e+09	4.37573e+09	5.69414e+09	4.37322e+09	4.19186e+09	5.23562e+09	6.45599e+09	6.00126e+09	6.45607e+09	6.43997e+09	5.97822e+09	6.43897e+09	4.28172e+09	4.72379e+09	4.71945e+09	4.75693e+09	4.26475e+09	4.35767e+09	6.07933e+09	5.95957e+09	3.76845e+09	5.24102e+09	5.21713e+09	6.00048e+09	4.51044e+09	5.66112e+09	5.65644e+09	5.69653e+09	2.95442e+09	5.67235e+09
ERR613246	8.1857e+09	7.06249e+09	6.92279e+09	6.96767e+09	8.22241e+09	8.18381e+09	5.93674e+09	5.95058e+09	7.31077e+09	7.63042e+09	5.71012e+09	7.99653e+09	6.89834e+09	7.18956e+09	6.83654e+09	6.93687e+09	6.32572e+09	7.77322e+09	7.78045e+09	7.92231e+09	6.86069e+09	7.96128e+09	7.95986e+09	6.89884e+09	8.10463e+09	6.37088e+09	6.05747e+09	6.37288e+09	8.65142e+09	8.78806e+09	7.22918e+09	8.50138e+09	7.32475e+09	7.26167e+09	8.55397e+09	8.31975e+09	7.17765e+09	7.19927e+09	7.09183e+09	7.20369e+09	7.93962e+09	7.84774e+09	7.52391e+09	6.99564e+09	5.58465e+09	6.52825e+09	7.1756e+09	5.77493e+09	5.83908e+09	6.57881e+09	5.61727e+09	6.16074e+09	6.64321e+09	6.12281e+09	7.62673e+09	7.92065e+09	7.48016e+09	7.56309e+09	7.46903e+09	7.30259e+09	7.3997e+09	6.67037e+09	7.99277e+09	7.40268e+09	6.69287e+09	6.61882e+09	7.04794e+09	5.49703e+09	7.4024e+09	5.4947e+09	5.24334e+09	6.72592e+09	8.53654e+09	7.85626e+09	8.5367e+09	8.51467e+09	7.81872e+09	8.51169e+09	5.43185e+09	6.04065e+09	6.03612e+09	6.08627e+09	5.40532e+09	5.53285e+09	7.96584e+09	7.78557e+09	4.68598e+09	6.73985e+09	6.70308e+09	7.84669e+09	5.71618e+09	7.37036e+09	7.35302e+09	7.41233e+09	3.65274e+09	7.37707e+09
ERR613245	8.57857e+09	7.37353e+09	7.22461e+09	7.27415e+09	8.61891e+09	8.57734e+09	6.17415e+09	6.18827e+09	7.63336e+09	7.97429e+09	5.93393e+09	8.37383e+09	7.19808e+09	7.50516e+09	7.1323e+09	7.23935e+09	6.58202e+09	8.13132e+09	8.13165e+09	8.28158e+09	7.14905e+09	8.32374e+09	8.3237e+09	7.18773e+09	8.48109e+09	6.63374e+09	6.30064e+09	6.63485e+09	8.78806e+09	9.51622e+09	7.5348e+09	8.90382e+09	7.63748e+09	7.57021e+09	8.9653e+09	8.70765e+09	7.48295e+09	7.51095e+09	7.39135e+09	7.51104e+09	8.30941e+09	8.20925e+09	7.89625e+09	7.32376e+09	5.81416e+09	6.82831e+09	7.51811e+09	6.01699e+09	6.09199e+09	6.88489e+09	5.8521e+09	6.43908e+09	6.95317e+09	6.39899e+09	7.96659e+09	8.28283e+09	7.81164e+09	7.89962e+09	7.79951e+09	7.62058e+09	7.73862e+09	6.95843e+09	8.37756e+09	7.74778e+09	6.98318e+09	6.90379e+09	7.36133e+09	5.71358e+09	7.74507e+09	5.71101e+09	5.44498e+09	7.01737e+09	8.95025e+09	8.21486e+09	8.95194e+09	8.9264e+09	8.17229e+09	8.92317e+09	5.66746e+09	6.31406e+09	6.30948e+09	6.36246e+09	5.6378e+09	5.77368e+09	8.32641e+09	8.13205e+09	4.85816e+09	7.0235e+09	6.98286e+09	8.19726e+09	5.96107e+09	7.73105e+09	7.70139e+09	7.76461e+09	3.78774e+09	7.72615e+09
ERR607762	7.11357e+09	6.17388e+09	6.05838e+09	6.08804e+09	7.14611e+09	7.11324e+09	5.19322e+09	5.20617e+09	6.32319e+09	6.58183e+09	5.01032e+09	6.86699e+09	6.11359e+09	6.36931e+09	6.05714e+09	6.14577e+09	5.6433e+09	6.85918e+09	6.85234e+09	6.97814e+09	6.07858e+09	7.01152e+09	7.00717e+09	6.11439e+09	7.00121e+09	5.57634e+09	5.32358e+09	5.57702e+09	7.22918e+09	7.5348e+09	6.90561e+09	7.68381e+09	6.80421e+09	6.75178e+09	7.7212e+09	7.55219e+09	6.37008e+09	6.36661e+09	6.29743e+09	6.38831e+09	6.96613e+09	6.89322e+09	6.34603e+09	5.93362e+09	4.81674e+09	5.55078e+09	6.07391e+09	4.97002e+09	4.97462e+09	5.57309e+09	4.80532e+09	5.2318e+09	5.62567e+09	5.19646e+09	6.62885e+09	6.87313e+09	6.50297e+09	6.57216e+09	6.49402e+09	6.36345e+09	6.36505e+09	5.76281e+09	6.84121e+09	6.34698e+09	5.77745e+09	5.71895e+09	6.06982e+09	4.78621e+09	6.35213e+09	4.78621e+09	4.58095e+09	5.80219e+09	7.46342e+09	6.9082e+09	7.45783e+09	7.43922e+09	6.88295e+09	7.43967e+09	4.61756e+09	5.11575e+09	5.11179e+09	5.15287e+09	4.60005e+09	4.7037e+09	7.0239e+09	6.87644e+09	4.1916e+09	5.96839e+09	5.94073e+09	6.92699e+09	4.93533e+09	6.28401e+09	6.29316e+09	6.34287e+09	3.20309e+09	6.31462e+09
ERR607759	8.39042e+09	7.21855e+09	7.07511e+09	7.11415e+09	8.43034e+09	8.39102e+09	6.00348e+09	6.01888e+09	7.40312e+09	7.73137e+09	5.77781e+09	8.09952e+09	7.06176e+09	7.36953e+09	6.99528e+09	7.10052e+09	6.47906e+09	7.98189e+09	7.99279e+09	8.1477e+09	7.03124e+09	8.19129e+09	8.18585e+09	7.07487e+09	8.20979e+09	6.43919e+09	6.12594e+09	6.4411e+09	8.50138e+09	8.90382e+09	7.68381e+09	9.29754e+09	7.78806e+09	7.71779e+09	9.0917e+09	8.8505e+09	7.40432e+09	7.40921e+09	7.3147e+09	7.42933e+09	8.17669e+09	8.08277e+09	7.59618e+09	7.06183e+09	5.64163e+09	6.57815e+09	7.24442e+09	5.83293e+09	5.89105e+09	6.64097e+09	5.67963e+09	6.21394e+09	6.70755e+09	6.17102e+09	7.78128e+09	8.08485e+09	7.62512e+09	7.71181e+09	7.61234e+09	7.44736e+09	7.53484e+09	6.78232e+09	8.13712e+09	7.52087e+09	6.80346e+09	6.72836e+09	7.13023e+09	5.54672e+09	7.48826e+09	5.54635e+09	5.29403e+09	6.79781e+09	8.79377e+09	8.07585e+09	8.78766e+09	8.76531e+09	8.0407e+09	8.76412e+09	5.46102e+09	6.07933e+09	6.07366e+09	6.12477e+09	5.43849e+09	5.56726e+09	8.20034e+09	8.01266e+09	4.77347e+09	6.89938e+09	6.86391e+09	8.07607e+09	5.78008e+09	7.469e+09	7.46749e+09	7.52938e+09	3.70091e+09	7.49362e+09
ERR607761	7.20713e+09	6.25049e+09	6.13284e+09	6.16289e+09	7.24013e+09	7.20719e+09	5.25432e+09	5.26701e+09	6.40392e+09	6.66721e+09	5.06775e+09	6.95861e+09	6.18448e+09	6.4445e+09	6.12729e+09	6.21756e+09	5.70547e+09	6.94347e+09	6.93692e+09	7.06529e+09	6.15009e+09	7.09951e+09	7.09505e+09	6.18559e+09	7.09283e+09	5.64179e+09	5.38483e+09	5.64297e+09	7.32475e+09	7.63748e+09	6.80421e+09	7.78806e+09	7.06712e+09	6.83029e+09	7.82706e+09	7.65299e+09	6.4481e+09	6.44548e+09	6.37531e+09	6.46705e+09	7.05698e+09	6.98311e+09	6.43801e+09	6.01718e+09	4.87869e+09	5.62769e+09	6.16095e+09	5.03452e+09	5.03978e+09	5.649e+09	4.8671e+09	5.30126e+09	5.70233e+09	5.26576e+09	6.71351e+09	6.96233e+09	6.58532e+09	6.6558e+09	6.5764e+09	6.4428e+09	6.44999e+09	5.83686e+09	6.93491e+09	6.43228e+09	5.85149e+09	5.79243e+09	6.14713e+09	4.84205e+09	6.43485e+09	4.842e+09	4.633e+09	5.87498e+09	7.56267e+09	6.99506e+09	7.55705e+09	7.53745e+09	6.96935e+09	7.53822e+09	4.6774e+09	5.18421e+09	5.17999e+09	5.22173e+09	4.65918e+09	4.76518e+09	7.11143e+09	6.96114e+09	4.23493e+09	6.03741e+09	6.0092e+09	7.01244e+09	4.997e+09	6.36961e+09	6.37778e+09	6.42863e+09	3.23915e+09	6.39993e+09
