	ERR618587	ERR618589	ERR618588	ERR618586	ERR618590	ERR618585	ERR607715	ERR607716	ERR607711	ERR607712	ERR607714	ERR607713	ERR614481	ERR614478	ERR614477	ERR614479	ERR614480	ERR614482	ERR631209	ERR631212	ERR631207	ERR631208	ERR631211	ERR631210	ERR629867	ERR629863	ERR629866	ERR629865	ERR629862	ERR629864	ERR608806	ERR608810	ERR608807	ERR608808	ERR608809	ERR608805	ERR626813	ERR626814	ERR626815	ERR626817	ERR626818	ERR626816	ERR614003	ERR614005	ERR614004	ERR614006	ERR614007	ERR614002	ERR626939	ERR626942	ERR626940	ERR626943	ERR626941	ERR626944	ERR614530	ERR614526	ERR614529	ERR614527	ERR614525	ERR614528	ERR626651	ERR626653	ERR626654	ERR626652	ERR626655	ERR626650	ERR618472	ERR618474	ERR618476	ERR618471	ERR618475	ERR618473	ERR630080	ERR630081	ERR630078	ERR630082	ERR630079	ERR630083	ERR616623	ERR616624	ERR616622	ERR616627	ERR616625	ERR616626	ERR616054	ERR616055	ERR616057	ERR616056	ERR616058	ERR616059	ERR612719	ERR612717	ERR612720	ERR612718	ERR612721	ERR612722
ERR618587	0	0.766762	0.756962	0.757178	0.766445	0.747529	0.89117	0.888674	0.909642	0.898151	0.891665	0.898161	0.900277	0.876555	0.914381	0.867083	0.899938	0.902804	1.04675	1.06009	1.05742	1.06096	1.05971	1.05992	0.93232	0.932427	0.934285	0.931366	0.916144	0.9178	0.88345	0.924897	0.882297	0.923349	0.921227	0.88867	0.818751	0.830932	0.828727	0.864381	0.814779	0.86229	0.896267	0.889199	0.896428	0.887887	0.886307	0.908046	0.854922	0.866505	0.877243	0.845835	0.853974	0.848743	1.04493	1.06615	1.04028	1.07164	1.06906	1.04052	1.06584	1.06963	1.06825	1.08255	1.06813	1.05548	1.05622	1.05637	1.05551	1.04351	1.05233	1.04828	1.00518	1.03832	1.00032	1.01815	1.01267	1.01551	1.06167	1.07083	1.06481	1.04648	1.04656	1.04688	1.06906	1.062	1.05333	1.07633	1.05226	1.05082	1.071	1.06229	1.07892	1.09872	1.0774	1.07911
ERR618589	0.766762	0	0.762892	0.771869	0.771761	0.761465	0.902482	0.900048	0.919648	0.908228	0.902722	0.908696	0.91016	0.888882	0.927037	0.878664	0.909417	0.912638	1.05267	1.06558	1.0629	1.06561	1.06552	1.06554	0.94221	0.940341	0.944395	0.941212	0.923656	0.925158	0.891278	0.930054	0.891006	0.928521	0.926349	0.896983	0.827789	0.839602	0.837301	0.869323	0.823979	0.867253	0.905388	0.89936	0.90643	0.898884	0.897148	0.917089	0.865977	0.878193	0.888634	0.858279	0.865177	0.86077	1.05601	1.07554	1.0502	1.0801	1.07817	1.05035	1.07307	1.07601	1.0746	1.09054	1.0746	1.06253	1.06542	1.06378	1.06335	1.05229	1.06011	1.05717	1.01625	1.05132	1.0114	1.03138	1.02414	1.02905	1.0694	1.07778	1.07226	1.05511	1.05499	1.05535	1.07213	1.06465	1.05684	1.07756	1.05576	1.05388	1.0795	1.07047	1.08677	1.10619	1.08516	1.08711
ERR618588	0.756962	0.762892	0	0.761689	0.762787	0.751383	0.894135	0.891913	0.911873	0.900207	0.894392	0.900984	0.903334	0.881268	0.920318	0.870975	0.902846	0.905947	1.04675	1.06019	1.0572	1.06035	1.06001	1.06003	0.935203	0.933604	0.937317	0.934141	0.916553	0.917831	0.883597	0.924028	0.883414	0.922575	0.920858	0.88943	0.819172	0.832161	0.829208	0.862873	0.815086	0.86074	0.898798	0.892916	0.90011	0.89175	0.890081	0.910619	0.858364	0.87044	0.881839	0.849902	0.857164	0.852531	1.04941	1.06934	1.0436	1.07449	1.07229	1.04391	1.06689	1.06991	1.06842	1.0848	1.06821	1.05618	1.05903	1.05775	1.05701	1.04554	1.05371	1.05082	1.00872	1.04376	1.00362	1.02378	1.01656	1.02152	1.06318	1.07198	1.06653	1.0489	1.04877	1.04922	1.0667	1.05928	1.05105	1.0726	1.05002	1.04839	1.07362	1.06393	1.08072	1.10077	1.07927	1.08105
ERR618586	0.757178	0.771869	0.761689	0	0.771395	0.751321	0.892733	0.890408	0.911184	0.900322	0.89303	0.899455	0.901533	0.877986	0.914657	0.869323	0.901115	0.904213	1.04998	1.0632	1.06011	1.06402	1.06306	1.06282	0.934777	0.934997	0.937048	0.933996	0.919724	0.92082	0.887368	0.928517	0.886325	0.927179	0.924709	0.892345	0.821171	0.832705	0.83132	0.866516	0.817506	0.864777	0.898014	0.890746	0.898034	0.889397	0.888134	0.908921	0.8566	0.868361	0.877913	0.847689	0.85576	0.850205	1.04634	1.06757	1.04244	1.073	1.07041	1.04251	1.06833	1.07246	1.07058	1.08428	1.07058	1.05796	1.05752	1.0585	1.0576	1.04522	1.05444	1.04996	1.00678	1.03939	1.00219	1.01942	1.0142	1.01684	1.06388	1.07313	1.0671	1.04909	1.04895	1.04914	1.07247	1.06548	1.05679	1.08009	1.05542	1.05446	1.07288	1.0643	1.08061	1.10008	1.07895	1.08118
ERR618590	0.766445	0.771761	0.762787	0.771395	0	0.761277	0.902537	0.899625	0.91907	0.907942	0.902434	0.908499	0.909487	0.888306	0.926473	0.878151	0.908841	0.912294	1.05313	1.0663	1.0635	1.06629	1.06604	1.06616	0.941955	0.940143	0.944188	0.941062	0.923839	0.925101	0.89115	0.929895	0.891318	0.928603	0.92674	0.897117	0.826728	0.839066	0.837154	0.868838	0.823082	0.866845	0.904489	0.898835	0.905546	0.897809	0.896514	0.916318	0.86515	0.877317	0.887839	0.857977	0.86456	0.860333	1.05649	1.07561	1.0503	1.08047	1.07885	1.05094	1.07301	1.07623	1.07462	1.09054	1.07438	1.06261	1.06589	1.06427	1.06387	1.05281	1.06049	1.05793	1.01599	1.05113	1.0112	1.03141	1.02422	1.02924	1.06944	1.0778	1.07256	1.0554	1.0553	1.05584	1.07232	1.06508	1.05703	1.07783	1.05611	1.05444	1.08018	1.07077	1.08711	1.10672	1.08559	1.08759
ERR618585	0.747529	0.761465	0.751383	0.751321	0.761277	0	0.886485	0.883977	0.905189	0.893546	0.886598	0.893016	0.89682	0.872431	0.911588	0.862756	0.896185	0.899784	1.04303	1.05653	1.05365	1.05717	1.05638	1.05654	0.927776	0.927532	0.92994	0.927168	0.910919	0.912192	0.878349	0.920712	0.877374	0.919618	0.917292	0.883594	0.812596	0.825597	0.823646	0.85958	0.8087	0.857467	0.892759	0.885658	0.893072	0.884598	0.882883	0.904962	0.850491	0.863322	0.873681	0.841458	0.849595	0.844396	1.0413	1.06271	1.03635	1.06776	1.06546	1.03664	1.06204	1.06585	1.06469	1.07933	1.06448	1.05168	1.05198	1.05216	1.05145	1.0389	1.04804	1.04424	1.00073	1.03507	0.995772	1.01486	1.00861	1.01183	1.05819	1.06731	1.06134	1.04276	1.04282	1.04296	1.06519	1.05825	1.04934	1.0724	1.04821	1.0466	1.06767	1.05858	1.07538	1.09584	1.07417	1.0758
ERR607715	0.89117	0.902482	0.894135	0.892733	0.902537	0.886485	0	0.785511	0.811763	0.801949	0.788516	0.799239	0.913394	0.892884	0.921685	0.885553	0.911889	0.916271	1.06831	1.08148	1.07823	1.08266	1.08092	1.08066	0.914496	0.916326	0.916537	0.913582	0.902585	0.903833	0.878166	0.91473	0.875606	0.914453	0.912264	0.880414	0.895747	0.905417	0.90413	0.935637	0.892486	0.933597	0.909294	0.901639	0.907944	0.900454	0.899115	0.920573	0.884966	0.895214	0.904364	0.87518	0.883514	0.878973	1.05682	1.07862	1.05363	1.08427	1.08138	1.05381	1.08257	1.08674	1.08552	1.09761	1.08507	1.0731	1.07448	1.07601	1.07536	1.06253	1.07206	1.06761	1.00192	1.02918	0.997261	1.0108	1.00744	1.00821	1.07766	1.08664	1.08045	1.06234	1.06229	1.0625	1.09224	1.08545	1.07652	1.10027	1.07494	1.07368	1.09298	1.08487	1.10106	1.12044	1.09969	1.10155
ERR607716	0.888674	0.900048	0.891913	0.890408	0.899625	0.883977	0.785511	0	0.809973	0.799711	0.786787	0.797178	0.911658	0.891023	0.920679	0.883324	0.910535	0.914555	1.06596	1.07909	1.07604	1.08017	1.07872	1.07832	0.912025	0.914207	0.914288	0.911556	0.900001	0.901742	0.875272	0.912325	0.873556	0.91212	0.909502	0.877985	0.892924	0.90313	0.902055	0.933003	0.889781	0.931479	0.90766	0.900319	0.906482	0.899072	0.89783	0.918986	0.883206	0.893589	0.903364	0.873228	0.8818	0.876715	1.05518	1.0769	1.05198	1.08258	1.07983	1.05206	1.08109	1.0852	1.08364	1.09621	1.0836	1.07129	1.07268	1.07397	1.07315	1.0604	1.0703	1.06551	1.00025	1.02782	0.995561	1.00962	1.00605	1.00679	1.07572	1.08476	1.07869	1.06015	1.05998	1.0601	1.08982	1.08321	1.07459	1.09806	1.07269	1.07152	1.09151	1.08331	1.0996	1.11916	1.0981	1.10001
ERR607711	0.909642	0.919648	0.911873	0.911184	0.91907	0.905189	0.811763	0.809973	0	0.818561	0.812153	0.816977	0.928417	0.910162	0.9368	0.903145	0.926987	0.930619	1.08016	1.09303	1.08974	1.09401	1.0925	1.09229	0.93169	0.932681	0.933461	0.930962	0.920189	0.920962	0.896283	0.929184	0.894822	0.92866	0.926484	0.899002	0.912121	0.920949	0.919921	0.947828	0.909336	0.945977	0.922511	0.916453	0.921817	0.91524	0.914902	0.932973	0.902911	0.912542	0.920593	0.894607	0.901887	0.897852	1.07018	1.09082	1.06702	1.09594	1.09321	1.06715	1.09457	1.09841	1.0968	1.10902	1.09689	1.08542	1.08849	1.08953	1.0889	1.07682	1.08592	1.08196	1.01638	1.04294	1.0121	1.02587	1.0219	1.02337	1.08936	1.09772	1.09207	1.07463	1.07427	1.07475	1.10248	1.09609	1.08795	1.11019	1.08632	1.08523	1.10557	1.09782	1.11329	1.13166	1.11171	1.11362
ERR607712	0.898151	0.908228	0.900207	0.900322	0.907942	0.893546	0.801949	0.799711	0.818561	0	0.802597	0.807388	0.920527	0.90179	0.931453	0.893857	0.919844	0.923639	1.07179	1.08484	1.08169	1.08538	1.08443	1.08429	0.922533	0.923097	0.924705	0.921685	0.908876	0.910166	0.884566	0.91946	0.883513	0.91895	0.917	0.887991	0.901163	0.910811	0.909475	0.938461	0.898472	0.936801	0.914836	0.908783	0.914342	0.907689	0.906516	0.926405	0.893012	0.903728	0.912579	0.885072	0.891874	0.8882	1.06322	1.08404	1.05945	1.08934	1.08658	1.05969	1.0866	1.09057	1.08886	1.10183	1.08907	1.07722	1.08055	1.08101	1.08037	1.06837	1.07735	1.07353	1.00868	1.03768	1.0043	1.01988	1.01502	1.01699	1.08191	1.09034	1.08476	1.06708	1.06695	1.06705	1.09407	1.08704	1.07903	1.10127	1.07737	1.07632	1.09874	1.09017	1.10609	1.12525	1.10486	1.10643
ERR607714	0.891665	0.902722	0.894392	0.89303	0.902434	0.886598	0.788516	0.786787	0.812153	0.802597	0	0.799656	0.913441	0.893036	0.921769	0.885829	0.912401	0.916238	1.06854	1.08163	1.07867	1.08279	1.08103	1.08097	0.91529	0.917577	0.917569	0.914841	0.903772	0.905133	0.878313	0.914723	0.876852	0.914314	0.912016	0.881261	0.895952	0.905681	0.904741	0.935592	0.893249	0.933934	0.909204	0.901622	0.907761	0.900656	0.899639	0.920817	0.884987	0.895229	0.904606	0.875509	0.883616	0.879156	1.05719	1.07913	1.05434	1.08463	1.08166	1.05446	1.08348	1.08755	1.08589	1.09825	1.08574	1.07402	1.07524	1.07692	1.07598	1.06326	1.07299	1.06835	1.003	1.03033	0.998566	1.01209	1.0085	1.00936	1.07805	1.08676	1.08092	1.06261	1.06248	1.06274	1.09216	1.08575	1.07681	1.1004	1.07503	1.07415	1.09374	1.08557	1.10158	1.12133	1.10022	1.10222
ERR607713	0.898161	0.908696	0.900984	0.899455	0.908499	0.893016	0.799239	0.797178	0.816977	0.807388	0.799656	0	0.919143	0.90007	0.928063	0.892631	0.917617	0.922087	1.07273	1.0854	1.08234	1.08675	1.08506	1.08496	0.92015	0.922068	0.922723	0.919562	0.908634	0.90987	0.884256	0.91934	0.882272	0.918663	0.91686	0.886631	0.901513	0.911127	0.910029	0.939712	0.89887	0.937959	0.914251	0.907327	0.913144	0.906423	0.905308	0.925156	0.89153	0.902016	0.910979	0.882702	0.890366	0.886543	1.06123	1.08287	1.05849	1.08835	1.08552	1.05838	1.08708	1.09098	1.08946	1.10154	1.08944	1.07768	1.07981	1.08129	1.08048	1.06782	1.07736	1.07303	1.00707	1.03436	1.00262	1.01647	1.01255	1.01377	1.08176	1.0903	1.08433	1.06627	1.06618	1.06637	1.09575	1.08907	1.08057	1.10372	1.07902	1.07783	1.09806	1.08993	1.10578	1.12483	1.10434	1.1062
ERR614481	0.900277	0.91016	0.903334	0.901533	0.909487	0.89682	0.913394	0.911658	0.928417	0.920527	0.913441	0.919143	0	0.828122	0.857809	0.821073	0.842798	0.847003	1.11334	1.12439	1.12211	1.12536	1.12427	1.1239	0.980792	0.982705	0.982409	0.980395	0.971456	0.972599	0.943685	0.97442	0.942285	0.973637	0.972119	0.946727	0.913954	0.921845	0.921021	0.94702	0.911118	0.946063	0.877319	0.869022	0.876065	0.867739	0.866655	0.886048	0.853156	0.861922	0.871071	0.843902	0.852179	0.846499	1.10284	1.12204	1.10025	1.12661	1.12432	1.10023	1.12283	1.12633	1.1252	1.13555	1.12504	1.1138	1.11326	1.11497	1.11437	1.1031	1.11181	1.10728	1.05192	1.07849	1.04765	1.06102	1.05735	1.05861	1.12159	1.12916	1.124	1.10809	1.10806	1.10836	1.13237	1.1265	1.11893	1.13927	1.11735	1.11652	1.12764	1.12073	1.13472	1.15133	1.13319	1.13535
ERR614478	0.876555	0.888882	0.881268	0.877986	0.888306	0.872431	0.892884	0.891023	0.910162	0.90179	0.893036	0.90007	0.828122	0	0.834363	0.791168	0.826444	0.831509	1.09549	1.10764	1.10513	1.10919	1.10719	1.10712	0.960474	0.963297	0.962124	0.960203	0.950796	0.951772	0.922333	0.958492	0.920844	0.957223	0.955604	0.925947	0.8912	0.900155	0.899208	0.93007	0.887553	0.928678	0.859096	0.849321	0.857406	0.848155	0.846468	0.869652	0.828003	0.838129	0.848629	0.816726	0.826535	0.819647	1.08269	1.10338	1.0803	1.10897	1.10594	1.08043	1.10573	1.10976	1.10836	1.11932	1.10842	1.09638	1.09453	1.09672	1.09595	1.08343	1.09326	1.08802	1.03127	1.05843	1.02656	1.04024	1.03682	1.03777	1.10403	1.11271	1.10682	1.08948	1.08964	1.08953	1.11726	1.1113	1.10273	1.12501	1.10109	1.10007	1.11049	1.10326	1.11845	1.13596	1.11679	1.11883
ERR614477	0.914381	0.927037	0.920318	0.914657	0.926473	0.911588	0.921685	0.920679	0.9368	0.931453	0.921769	0.928063	0.857809	0.834363	0	0.830565	0.855966	0.860481	1.12519	1.13608	1.13378	1.13812	1.13573	1.13529	0.991438	0.996109	0.993007	0.991633	0.987681	0.988272	0.959936	0.98885	0.957456	0.988738	0.986897	0.961497	0.930881	0.937051	0.936631	0.963913	0.927455	0.962591	0.88792	0.877511	0.884673	0.87591	0.875469	0.89432	0.864681	0.870367	0.877764	0.854097	0.863646	0.85633	1.10847	1.1287	1.10816	1.13372	1.13075	1.10796	1.13278	1.1371	1.136	1.14317	1.13589	1.1248	1.12119	1.12508	1.12424	1.11228	1.12199	1.11589	1.06144	1.08226	1.05722	1.06567	1.06522	1.06346	1.1306	1.13821	1.13256	1.1167	1.11681	1.11675	1.14699	1.14219	1.13367	1.15523	1.13176	1.13125	1.13553	1.13002	1.14352	1.159	1.14196	1.14385
ERR614479	0.867083	0.878664	0.870975	0.869323	0.878151	0.862756	0.885553	0.883324	0.903145	0.893857	0.885829	0.892631	0.821073	0.791168	0.830565	0	0.819916	0.824775	1.08805	1.10056	1.09822	1.10182	1.10029	1.10003	0.952857	0.954479	0.954386	0.952241	0.940969	0.941941	0.912851	0.950207	0.911578	0.949098	0.947166	0.916669	0.881571	0.891358	0.890574	0.921965	0.877914	0.920585	0.85257	0.842655	0.850722	0.841534	0.839577	0.863501	0.818769	0.830661	0.84194	0.807612	0.817606	0.810618	1.07671	1.09762	1.07344	1.10267	1.10034	1.0738	1.09911	1.10303	1.10168	1.1135	1.10176	1.08946	1.08795	1.08973	1.08899	1.07666	1.08617	1.0812	1.0242	1.05336	1.01947	1.0346	1.03042	1.03253	1.09802	1.10629	1.10053	1.08304	1.08315	1.08354	1.10972	1.10342	1.09494	1.11728	1.09355	1.09252	1.10472	1.09696	1.11257	1.13112	1.11119	1.11303
ERR614480	0.899938	0.909417	0.902846	0.901115	0.908841	0.896185	0.911889	0.910535	0.926987	0.919844	0.912401	0.917617	0.842798	0.826444	0.855966	0.819916	0	0.845608	1.11241	1.12374	1.1217	1.12502	1.12335	1.12336	0.980141	0.9825	0.982125	0.980138	0.971122	0.971774	0.942916	0.973305	0.941466	0.972826	0.971607	0.945998	0.913899	0.922058	0.92073	0.946881	0.910765	0.945961	0.876263	0.867562	0.875243	0.867036	0.865896	0.885583	0.852272	0.860276	0.869862	0.842937	0.851182	0.844957	1.10237	1.1213	1.09961	1.12601	1.12366	1.09993	1.12257	1.12622	1.12481	1.13547	1.12484	1.11358	1.11319	1.1147	1.11392	1.10268	1.11136	1.10689	1.05138	1.0779	1.04704	1.06028	1.0567	1.05827	1.12101	1.12852	1.12335	1.10727	1.10754	1.10766	1.13177	1.1262	1.1184	1.13891	1.11685	1.11589	1.12733	1.12026	1.13467	1.15117	1.13322	1.1352
ERR614482	0.902804	0.912638	0.905947	0.904213	0.912294	0.899784	0.916271	0.914555	0.930619	0.923639	0.916238	0.922087	0.847003	0.831509	0.860481	0.824775	0.845608	0	1.11472	1.12592	1.12373	1.12717	1.12586	1.12535	0.982528	0.984599	0.984507	0.982499	0.973945	0.974274	0.946316	0.975899	0.944858	0.975746	0.974281	0.949241	0.917309	0.925067	0.924435	0.949891	0.914482	0.948837	0.87972	0.871633	0.878535	0.870694	0.869049	0.888709	0.856381	0.864309	0.87383	0.847143	0.855595	0.849496	1.10441	1.12347	1.10185	1.1281	1.1258	1.10223	1.12429	1.12798	1.12684	1.1371	1.12659	1.1157	1.11479	1.11677	1.11614	1.10486	1.11339	1.10907	1.05362	1.07996	1.04928	1.06265	1.05869	1.06046	1.12341	1.13048	1.12529	1.10955	1.10966	1.10961	1.13386	1.12811	1.12062	1.14073	1.11907	1.11815	1.12888	1.12202	1.13604	1.15263	1.13465	1.13652
ERR631209	1.04675	1.05267	1.04675	1.04998	1.05313	1.04303	1.06831	1.06596	1.08016	1.07179	1.06854	1.07273	1.11334	1.09549	1.12519	1.08805	1.11241	1.11472	0	0.738531	0.734772	0.737922	0.7396	0.738114	1.05337	1.05096	1.05482	1.05241	1.03702	1.03771	1.0221	1.05537	1.02162	1.05385	1.05286	1.02683	1.04629	1.05511	1.05399	1.07716	1.04373	1.07557	1.11195	1.10811	1.11224	1.10808	1.10632	1.12093	1.08204	1.09257	1.0996	1.07624	1.08079	1.07752	0.891794	0.916767	0.880795	0.923408	0.920153	0.880968	0.888177	0.891277	0.888461	0.913488	0.889243	0.873732	0.887379	0.882674	0.88298	0.869336	0.877651	0.876119	1.04182	1.07323	1.03752	1.05491	1.04964	1.05339	0.881132	0.892458	0.884823	0.863019	0.862249	0.86309	0.866814	0.858103	0.848178	0.874463	0.847428	0.84524	0.931325	0.917618	0.94003	0.971154	0.938821	0.940877
ERR631212	1.06009	1.06558	1.06019	1.0632	1.0663	1.05653	1.08148	1.07909	1.09303	1.08484	1.08163	1.0854	1.12439	1.10764	1.13608	1.10056	1.12374	1.12592	0.738531	0	0.753407	0.755624	0.754487	0.753362	1.06636	1.06425	1.06774	1.06554	1.05109	1.05178	1.0359	1.06726	1.03565	1.06613	1.06504	1.04064	1.06025	1.06864	1.06748	1.0895	1.05808	1.08801	1.12342	1.11976	1.12342	1.11942	1.11788	1.13193	1.09438	1.1043	1.11108	1.08878	1.09332	1.08997	0.907692	0.931466	0.898106	0.937295	0.934713	0.898249	0.902973	0.905818	0.903475	0.92631	0.903936	0.890017	0.904027	0.899035	0.899156	0.887637	0.894939	0.893556	1.05561	1.08554	1.05201	1.06827	1.06325	1.06719	0.894221	0.904684	0.897786	0.878188	0.877235	0.878175	0.881281	0.873979	0.864752	0.888531	0.864241	0.862264	0.945316	0.932972	0.953557	0.982451	0.952614	0.954262
ERR631207	1.05742	1.0629	1.0572	1.06011	1.0635	1.05365	1.07823	1.07604	1.08974	1.08169	1.07867	1.08234	1.12211	1.10513	1.13378	1.09822	1.1217	1.12373	0.734772	0.753407	0	0.752351	0.753763	0.75285	1.06313	1.06107	1.06469	1.06239	1.0477	1.04844	1.0331	1.06444	1.03278	1.06358	1.06211	1.03769	1.05663	1.06536	1.06407	1.08651	1.05451	1.08518	1.12056	1.1171	1.1207	1.11659	1.11518	1.1292	1.09138	1.10172	1.10844	1.08587	1.09059	1.08722	0.904295	0.928161	0.894428	0.933925	0.931356	0.894946	0.899894	0.902813	0.899797	0.923083	0.900843	0.88647	0.900892	0.896798	0.896382	0.884222	0.891772	0.890584	1.05267	1.08319	1.0488	1.06555	1.06064	1.06404	0.891807	0.902072	0.895289	0.875013	0.873766	0.874944	0.879214	0.871299	0.861983	0.886303	0.861129	0.859122	0.942274	0.929774	0.950672	0.980295	0.949634	0.951259
ERR631208	1.06096	1.06561	1.06035	1.06402	1.06629	1.05717	1.08266	1.08017	1.09401	1.08538	1.08279	1.08675	1.12536	1.10919	1.13812	1.10182	1.12502	1.12717	0.737922	0.755624	0.752351	0	0.756408	0.755863	1.06665	1.06443	1.06816	1.066	1.05048	1.05127	1.03611	1.06703	1.03606	1.06588	1.06488	1.04078	1.06054	1.06901	1.06795	1.08907	1.05815	1.08801	1.12436	1.12099	1.12456	1.1207	1.11905	1.13279	1.09542	1.10573	1.11267	1.09041	1.09491	1.09154	0.910266	0.932789	0.899594	0.938224	0.936053	0.899943	0.903328	0.905762	0.903023	0.927366	0.903664	0.890199	0.905729	0.900165	0.900644	0.888707	0.895543	0.895156	1.05761	1.08833	1.05362	1.07124	1.06539	1.06988	0.895197	0.905161	0.898352	0.879167	0.878299	0.879235	0.878644	0.870643	0.862302	0.884723	0.861571	0.859374	0.946918	0.933728	0.954571	0.983968	0.954075	0.955456
ERR631211	1.05971	1.06552	1.06001	1.06306	1.06604	1.05638	1.08092	1.07872	1.0925	1.08443	1.08103	1.08506	1.12427	1.10719	1.13573	1.10029	1.12335	1.12586	0.7396	0.754487	0.753763	0.756408	0	0.75377	1.06547	1.06386	1.0667	1.06458	1.05028	1.05115	1.03587	1.06679	1.03535	1.06596	1.06442	1.04035	1.05989	1.06812	1.06728	1.08939	1.05777	1.08811	1.12298	1.11954	1.12304	1.11893	1.11727	1.13156	1.09362	1.10379	1.11038	1.08843	1.09319	1.08953	0.906795	0.930465	0.896926	0.936743	0.933321	0.897407	0.902803	0.905646	0.902639	0.92528	0.903801	0.889758	0.903649	0.899024	0.899255	0.88701	0.894651	0.893192	1.05531	1.08473	1.05134	1.06748	1.06285	1.06627	0.894361	0.904812	0.89735	0.87771	0.876936	0.877992	0.882328	0.874962	0.865834	0.889591	0.865061	0.863128	0.945087	0.932929	0.953162	0.982509	0.952352	0.954133
ERR631210	1.05992	1.06554	1.06003	1.06282	1.06616	1.05654	1.08066	1.07832	1.09229	1.08429	1.08097	1.08496	1.1239	1.10712	1.13529	1.10003	1.12336	1.12535	0.738114	0.753362	0.75285	0.755863	0.75377	0	1.06532	1.06378	1.06693	1.0649	1.05041	1.05122	1.03587	1.06685	1.03535	1.0661	1.06466	1.04008	1.05964	1.06811	1.06714	1.08928	1.05754	1.08799	1.1229	1.1193	1.12288	1.11891	1.11722	1.13132	1.09368	1.10343	1.1103	1.08802	1.09273	1.08918	0.906878	0.930164	0.896886	0.936251	0.933179	0.897219	0.902676	0.905951	0.903053	0.925504	0.903724	0.889959	0.90296	0.898463	0.898875	0.886693	0.894088	0.892828	1.05554	1.08493	1.0513	1.06764	1.06256	1.06625	0.894197	0.904346	0.897377	0.877616	0.876855	0.877634	0.882374	0.875226	0.865823	0.890065	0.86512	0.863011	0.944901	0.932508	0.953375	0.982693	0.952395	0.954014
ERR629867	0.93232	0.94221	0.935203	0.934777	0.941955	0.927776	0.914496	0.912025	0.93169	0.922533	0.91529	0.92015	0.980792	0.960474	0.991438	0.952857	0.980141	0.982528	1.05337	1.06636	1.06313	1.06665	1.06547	1.06532	0	0.826672	0.824397	0.821758	0.809343	0.812023	0.879152	0.917072	0.878483	0.916678	0.914197	0.882686	0.929438	0.939588	0.938435	0.969408	0.926182	0.967812	0.978931	0.973014	0.978961	0.972488	0.971075	0.989984	0.954655	0.966471	0.975789	0.946376	0.954127	0.948788	1.04921	1.07046	1.04564	1.07608	1.07342	1.04573	1.07221	1.07579	1.07413	1.08715	1.07402	1.06232	1.0639	1.06461	1.06391	1.05222	1.06102	1.05712	1.00191	1.02986	0.99823	1.01216	1.00798	1.00969	1.06369	1.07225	1.06629	1.04884	1.04867	1.04889	1.07609	1.06944	1.0607	1.08394	1.05894	1.05814	1.08432	1.07597	1.09172	1.11165	1.09056	1.09233
ERR629863	0.932427	0.940341	0.933604	0.934997	0.940143	0.927532	0.916326	0.914207	0.932681	0.923097	0.917577	0.922068	0.982705	0.963297	0.996109	0.954479	0.9825	0.984599	1.05096	1.06425	1.06107	1.06443	1.06386	1.06378	0.826672	0	0.828893	0.825894	0.805521	0.808339	0.878116	0.915407	0.877858	0.91493	0.912666	0.882335	0.927368	0.93831	0.936934	0.967412	0.924746	0.965136	0.980446	0.975559	0.981087	0.975114	0.973564	0.992074	0.956556	0.969478	0.979033	0.948842	0.956065	0.95165	1.05109	1.07176	1.04622	1.07643	1.07409	1.04657	1.07114	1.07445	1.07285	1.08733	1.07277	1.06108	1.06407	1.06334	1.06306	1.05184	1.05971	1.05681	1.00329	1.03387	0.999201	1.0159	1.00972	1.01357	1.06304	1.07092	1.06567	1.04832	1.04826	1.04854	1.07235	1.06497	1.05697	1.07939	1.0558	1.05431	1.08387	1.07514	1.09105	1.11117	1.08987	1.09162
ERR629866	0.934285	0.944395	0.937317	0.937048	0.944188	0.92994	0.916537	0.914288	0.933461	0.924705	0.917569	0.922723	0.982409	0.962124	0.993007	0.954386	0.982125	0.984507	1.05482	1.06774	1.06469	1.06816	1.0667	1.06693	0.824397	0.828893	0	0.823638	0.811939	0.814166	0.881167	0.918796	0.880125	0.918215	0.915985	0.884753	0.931916	0.942298	0.941036	0.972291	0.928906	0.970306	0.981216	0.975133	0.981012	0.974525	0.973031	0.991681	0.956868	0.968467	0.977477	0.948082	0.956001	0.951018	1.05066	1.0717	1.0469	1.07687	1.07467	1.04715	1.07319	1.07684	1.07515	1.08821	1.07517	1.06344	1.06545	1.06606	1.06558	1.05378	1.06238	1.05839	1.00378	1.0317	1.00014	1.01391	1.00988	1.01169	1.06498	1.07316	1.06776	1.05011	1.05	1.05025	1.07741	1.07054	1.06218	1.08492	1.06054	1.05929	1.0854	1.07756	1.09277	1.11264	1.09165	1.09357
ERR629865	0.931366	0.941212	0.934141	0.933996	0.941062	0.927168	0.913582	0.911556	0.930962	0.921685	0.914841	0.919562	0.980395	0.960203	0.991633	0.952241	0.980138	0.982499	1.05241	1.06554	1.06239	1.066	1.06458	1.0649	0.821758	0.825894	0.823638	0	0.80872	0.810498	0.87793	0.916612	0.877221	0.916149	0.913489	0.882156	0.928446	0.939064	0.937741	0.969068	0.925019	0.967021	0.979186	0.973318	0.978791	0.972539	0.97084	0.99004	0.953969	0.965976	0.97536	0.945727	0.953469	0.947896	1.04902	1.07006	1.04552	1.07549	1.07301	1.04513	1.07158	1.07497	1.0737	1.08674	1.07368	1.06157	1.06329	1.0638	1.06326	1.05119	1.0601	1.05605	1.00075	1.02877	0.996689	1.0108	1.00658	1.00848	1.06309	1.07157	1.06586	1.04829	1.04805	1.04836	1.07517	1.06826	1.05982	1.08293	1.05812	1.05706	1.08334	1.0754	1.09091	1.11115	1.08978	1.0917
ERR629862	0.916144	0.923656	0.916553	0.919724	0.923839	0.910919	0.902585	0.900001	0.920189	0.908876	0.903772	0.908634	0.971456	0.950796	0.987681	0.940969	0.971122	0.973945	1.03702	1.05109	1.0477	1.05048	1.05028	1.05041	0.809343	0.805521	0.811939	0.80872	0	0.78638	0.859719	0.900837	0.860363	0.899782	0.897644	0.865421	0.910406	0.92261	0.920755	0.952135	0.907535	0.950043	0.9684	0.964164	0.969991	0.963521	0.961854	0.981416	0.942569	0.956941	0.967159	0.934954	0.941915	0.937754	1.03939	1.05958	1.0333	1.06479	1.06249	1.03349	1.05855	1.06178	1.05993	1.07651	1.06002	1.04814	1.05182	1.05028	1.04982	1.03842	1.0463	1.04414	0.991345	1.02479	0.986664	1.00621	0.998633	1.00375	1.0504	1.0585	1.05362	1.03562	1.03545	1.03598	1.05793	1.05032	1.0424	1.06469	1.0411	1.03972	1.07278	1.06305	1.0801	1.1015	1.07871	1.08051
ERR629864	0.9178	0.925158	0.917831	0.92082	0.925101	0.912192	0.903833	0.901742	0.920962	0.910166	0.905133	0.90987	0.972599	0.951772	0.988272	0.941941	0.971774	0.974274	1.03771	1.05178	1.04844	1.05127	1.05115	1.05122	0.812023	0.808339	0.814166	0.810498	0.78638	0	0.861123	0.902461	0.862219	0.901277	0.89934	0.866878	0.912042	0.923909	0.922292	0.953091	0.908564	0.951354	0.969379	0.96499	0.970392	0.964269	0.962549	0.981883	0.943547	0.958145	0.968146	0.936266	0.942768	0.938615	1.03961	1.06039	1.0341	1.06532	1.06324	1.0341	1.05899	1.06219	1.06076	1.07707	1.06069	1.04852	1.05234	1.05127	1.05079	1.03909	1.04724	1.04469	0.992416	1.02613	0.988157	1.00721	0.999793	1.00479	1.05108	1.0593	1.0543	1.03636	1.03622	1.03675	1.05862	1.0509	1.04317	1.06517	1.04193	1.04021	1.07339	1.06375	1.08071	1.10183	1.07945	1.08098
ERR608806	0.88345	0.891278	0.883597	0.887368	0.89115	0.878349	0.878166	0.875272	0.896283	0.884566	0.878313	0.884256	0.943685	0.922333	0.959936	0.912851	0.942916	0.946316	1.0221	1.0359	1.0331	1.03611	1.03587	1.03587	0.879152	0.878116	0.881167	0.87793	0.859719	0.861123	0	0.808429	0.756672	0.80764	0.804463	0.763454	0.88744	0.899589	0.897341	0.929847	0.884379	0.9277	0.939272	0.934189	0.940167	0.933334	0.931294	0.952114	0.914385	0.928352	0.939084	0.906417	0.913536	0.909015	1.0259	1.04738	1.01976	1.05316	1.05087	1.0203	1.04573	1.0492	1.0473	1.06487	1.0473	1.03482	1.04291	1.04164	1.04104	1.02909	1.03745	1.03448	0.979075	1.0131	0.97431	0.99306	0.986709	0.990743	1.03543	1.04429	1.03898	1.02061	1.02043	1.02085	1.04095	1.03275	1.02481	1.04698	1.02366	1.02181	1.06023	1.04988	1.0677	1.08989	1.0667	1.06842
ERR608810	0.924897	0.930054	0.924028	0.928517	0.929895	0.920712	0.91473	0.912325	0.929184	0.91946	0.914723	0.91934	0.97442	0.958492	0.98885	0.950207	0.973305	0.975899	1.05537	1.06726	1.06444	1.06703	1.06679	1.06685	0.917072	0.915407	0.918796	0.916612	0.900837	0.902461	0.808429	0	0.808884	0.840059	0.837843	0.813628	0.928648	0.9381	0.936256	0.962992	0.925847	0.960553	0.968178	0.96407	0.968855	0.963648	0.961915	0.978374	0.951637	0.962773	0.972022	0.945587	0.950933	0.947675	1.05994	1.07905	1.05451	1.0839	1.08213	1.05488	1.07582	1.07852	1.07683	1.09291	1.07724	1.06655	1.0782	1.07664	1.07608	1.06611	1.07279	1.07112	1.01503	1.04499	1.01104	1.02803	1.02126	1.02549	1.06537	1.07291	1.06832	1.0523	1.05215	1.05236	1.07153	1.06409	1.0567	1.0762	1.05594	1.05433	1.09206	1.08307	1.09859	1.11799	1.09757	1.09886
ERR608807	0.882297	0.891006	0.883414	0.886325	0.891318	0.877374	0.875606	0.873556	0.894822	0.883513	0.876852	0.882272	0.942285	0.920844	0.957456	0.911578	0.941466	0.944858	1.02162	1.03565	1.03278	1.03606	1.03535	1.03535	0.878483	0.877858	0.880125	0.877221	0.860363	0.862219	0.756672	0.808884	0	0.807906	0.8048	0.763106	0.887048	0.898586	0.897077	0.929944	0.883782	0.927813	0.938422	0.932474	0.938755	0.931837	0.930019	0.950449	0.912995	0.926457	0.93677	0.904291	0.91186	0.907086	1.02376	1.04577	1.01814	1.05164	1.0492	1.01865	1.04528	1.04886	1.04696	1.06385	1.04706	1.03426	1.04129	1.04066	1.03993	1.02763	1.03624	1.03308	0.977605	1.0103	0.97274	0.990578	0.984496	0.987756	1.03485	1.04363	1.03806	1.01931	1.01913	1.01938	1.0422	1.03419	1.02567	1.04856	1.02464	1.02271	1.0588	1.04894	1.06644	1.0888	1.06532	1.06711
ERR608808	0.923349	0.928521	0.922575	0.927179	0.928603	0.919618	0.914453	0.91212	0.92866	0.91895	0.914314	0.918663	0.973637	0.957223	0.988738	0.949098	0.972826	0.975746	1.05385	1.06613	1.06358	1.06588	1.06596	1.0661	0.916678	0.91493	0.918215	0.916149	0.899782	0.901277	0.80764	0.840059	0.807906	0	0.83657	0.812325	0.927941	0.937098	0.935739	0.961841	0.924803	0.959798	0.966961	0.962955	0.967889	0.962696	0.960687	0.977647	0.950313	0.961662	0.971003	0.944559	0.95002	0.946666	1.05952	1.07842	1.0536	1.08328	1.08171	1.05425	1.07554	1.07819	1.07645	1.0927	1.07645	1.06628	1.07812	1.0761	1.0755	1.06586	1.07259	1.07033	1.01559	1.04613	1.01173	1.02845	1.02186	1.02649	1.06482	1.07213	1.06758	1.05142	1.0513	1.05177	1.07013	1.063	1.05573	1.07511	1.05487	1.05349	1.09174	1.08278	1.09809	1.11774	1.09712	1.09841
ERR608809	0.921227	0.926349	0.920858	0.924709	0.92674	0.917292	0.912264	0.909502	0.926484	0.917	0.912016	0.91686	0.972119	0.955604	0.986897	0.947166	0.971607	0.974281	1.05286	1.06504	1.06211	1.06488	1.06442	1.06466	0.914197	0.912666	0.915985	0.913489	0.897644	0.89934	0.804463	0.837843	0.8048	0.83657	0	0.809692	0.925579	0.935455	0.933752	0.960535	0.923025	0.958082	0.965777	0.961502	0.966476	0.961142	0.95951	0.976333	0.949029	0.960189	0.969534	0.942367	0.948428	0.944673	1.05724	1.07652	1.0516	1.08137	1.07952	1.05212	1.07364	1.07648	1.07489	1.09109	1.07534	1.06425	1.07598	1.07432	1.07383	1.06392	1.07059	1.06879	1.01291	1.04333	1.00904	1.02593	1.01935	1.02392	1.06345	1.07067	1.06621	1.05001	1.04951	1.05009	1.06943	1.06205	1.05488	1.07452	1.05355	1.05197	1.08995	1.08084	1.09649	1.11592	1.09542	1.09692
ERR608805	0.88867	0.896983	0.88943	0.892345	0.897117	0.883594	0.880414	0.877985	0.899002	0.887991	0.881261	0.886631	0.946727	0.925947	0.961497	0.916669	0.945998	0.949241	1.02683	1.04064	1.03769	1.04078	1.04035	1.04008	0.882686	0.882335	0.884753	0.882156	0.865421	0.866878	0.763454	0.813628	0.763106	0.812325	0.809692	0	0.893191	0.904489	0.902821	0.93533	0.889702	0.932924	0.942311	0.936723	0.943043	0.936323	0.934394	0.954291	0.91823	0.931697	0.94158	0.910102	0.917538	0.912957	1.02882	1.05063	1.02341	1.05629	1.05398	1.02388	1.0499	1.05327	1.05148	1.06796	1.05178	1.03917	1.04672	1.04566	1.04518	1.03343	1.04165	1.03868	0.982756	1.01488	0.978035	0.99579	0.9895	0.992717	1.03956	1.04824	1.04281	1.02458	1.02416	1.02464	1.04726	1.0393	1.03106	1.0536	1.02975	1.02824	1.064	1.05412	1.07162	1.09329	1.07028	1.07203
ERR626813	0.818751	0.827789	0.819172	0.821171	0.826728	0.812596	0.895747	0.892924	0.912121	0.901163	0.895952	0.901513	0.913954	0.8912	0.930881	0.881571	0.913899	0.917309	1.04629	1.06025	1.05663	1.06054	1.05989	1.05964	0.929438	0.927368	0.931916	0.928446	0.910406	0.912042	0.88744	0.928648	0.887048	0.927941	0.925579	0.893191	0	0.772535	0.770415	0.811877	0.75646	0.809411	0.907375	0.902117	0.90836	0.90163	0.900167	0.920043	0.866009	0.879239	0.889424	0.858598	0.865426	0.86104	1.04195	1.06327	1.03686	1.06849	1.06622	1.03733	1.06453	1.06861	1.06691	1.082	1.06657	1.05443	1.05639	1.05564	1.05526	1.04315	1.0516	1.0483	0.997914	1.03454	0.993297	1.01376	1.00652	1.01117	1.0619	1.07073	1.06503	1.04606	1.04618	1.04663	1.06804	1.06087	1.05228	1.07554	1.05095	1.0493	1.07365	1.06416	1.08127	1.10224	1.07988	1.08191
ERR626814	0.830932	0.839602	0.832161	0.832705	0.839066	0.825597	0.905417	0.90313	0.920949	0.910811	0.905681	0.911127	0.921845	0.900155	0.937051	0.891358	0.922058	0.925067	1.05511	1.06864	1.06536	1.06901	1.06812	1.06811	0.939588	0.93831	0.942298	0.939064	0.92261	0.923909	0.899589	0.9381	0.898586	0.937098	0.935455	0.904489	0.772535	0	0.783364	0.822629	0.771061	0.820716	0.915895	0.910237	0.916055	0.909631	0.908374	0.927452	0.875358	0.887641	0.897219	0.868295	0.875124	0.870616	1.04995	1.07104	1.04561	1.0757	1.07396	1.04599	1.07304	1.07657	1.07534	1.08893	1.07479	1.0627	1.06485	1.06436	1.06403	1.05225	1.06069	1.05703	1.0079	1.04245	1.00303	1.02251	1.01555	1.01984	1.06962	1.07828	1.07273	1.05433	1.05444	1.05483	1.07689	1.06982	1.06122	1.0841	1.06003	1.05865	1.08127	1.07275	1.08907	1.10908	1.08767	1.08949
ERR626815	0.828727	0.837301	0.829208	0.83132	0.837154	0.823646	0.90413	0.902055	0.919921	0.909475	0.904741	0.910029	0.921021	0.899208	0.936631	0.890574	0.92073	0.924435	1.05399	1.06748	1.06407	1.06795	1.06728	1.06714	0.938435	0.936934	0.941036	0.937741	0.920755	0.922292	0.897341	0.936256	0.897077	0.935739	0.933752	0.902821	0.770415	0.783364	0	0.820666	0.768305	0.818709	0.915185	0.909477	0.915167	0.909077	0.907577	0.926807	0.874587	0.886982	0.896743	0.867481	0.874273	0.87005	1.04973	1.07061	1.0449	1.0755	1.0736	1.04549	1.0721	1.0756	1.07406	1.08845	1.07385	1.06171	1.06419	1.06382	1.06305	1.05157	1.05961	1.05636	1.00744	1.04241	1.00265	1.02217	1.01515	1.0194	1.069	1.07757	1.07209	1.05356	1.05398	1.05404	1.07534	1.0681	1.05955	1.08241	1.05842	1.05704	1.08065	1.0717	1.0884	1.10841	1.0867	1.0885
ERR626817	0.864381	0.869323	0.862873	0.866516	0.868838	0.85958	0.935637	0.933003	0.947828	0.938461	0.935592	0.939712	0.94702	0.93007	0.963913	0.921965	0.946881	0.949891	1.07716	1.0895	1.08651	1.08907	1.08939	1.08928	0.969408	0.967412	0.972291	0.969068	0.952135	0.953091	0.929847	0.962992	0.929944	0.961841	0.960535	0.93533	0.811877	0.822629	0.820666	0	0.80853	0.845229	0.941434	0.937856	0.942481	0.937496	0.936152	0.952403	0.905753	0.916318	0.924736	0.900737	0.905162	0.902372	1.07661	1.09488	1.07152	1.099	1.0974	1.07218	1.09436	1.09723	1.09573	1.11026	1.09562	1.08501	1.08951	1.08768	1.08731	1.07735	1.08391	1.08211	1.03569	1.06919	1.03087	1.05107	1.04285	1.04849	1.09171	1.09947	1.09449	1.07837	1.0784	1.07898	1.09523	1.08854	1.08103	1.10104	1.08002	1.07869	1.10329	1.09475	1.10975	1.1281	1.10852	1.11013
ERR626818	0.814779	0.823979	0.815086	0.817506	0.823082	0.8087	0.892486	0.889781	0.909336	0.898472	0.893249	0.89887	0.911118	0.887553	0.927455	0.877914	0.910765	0.914482	1.04373	1.05808	1.05451	1.05815	1.05777	1.05754	0.926182	0.924746	0.928906	0.925019	0.907535	0.908564	0.884379	0.925847	0.883782	0.924803	0.923025	0.889702	0.75646	0.771061	0.768305	0.80853	0	0.805819	0.905371	0.899268	0.905285	0.898255	0.896808	0.917654	0.862581	0.875674	0.886314	0.854942	0.861904	0.857421	1.03993	1.06163	1.03472	1.06672	1.06454	1.03546	1.06303	1.06665	1.06507	1.08046	1.06519	1.05221	1.05445	1.05365	1.05352	1.04138	1.04985	1.04655	0.996713	1.03267	0.991488	1.01201	1.00523	1.00949	1.05979	1.0687	1.06305	1.04411	1.04424	1.04446	1.06614	1.0588	1.0498	1.07339	1.0486	1.04685	1.07178	1.06265	1.07956	1.10056	1.07817	1.08007
ERR626816	0.86229	0.867253	0.86074	0.864777	0.866845	0.857467	0.933597	0.931479	0.945977	0.936801	0.933934	0.937959	0.946063	0.928678	0.962591	0.920585	0.945961	0.948837	1.07557	1.08801	1.08518	1.08801	1.08811	1.08799	0.967812	0.965136	0.970306	0.967021	0.950043	0.951354	0.9277	0.960553	0.927813	0.959798	0.958082	0.932924	0.809411	0.820716	0.818709	0.845229	0.805819	0	0.9398	0.936049	0.941153	0.936131	0.934535	0.950287	0.904388	0.914906	0.923539	0.899532	0.904424	0.900893	1.07577	1.09396	1.07003	1.09821	1.09655	1.07109	1.09307	1.09579	1.09447	1.10896	1.09449	1.08365	1.08814	1.0864	1.08601	1.07647	1.08304	1.08105	1.03458	1.06844	1.02959	1.05017	1.04205	1.04772	1.09062	1.098	1.09315	1.07718	1.07732	1.07776	1.09352	1.08702	1.07971	1.09924	1.07839	1.07697	1.10235	1.0936	1.1087	1.12735	1.10733	1.10931
ERR614003	0.896267	0.905388	0.898798	0.898014	0.904489	0.892759	0.909294	0.90766	0.922511	0.914836	0.909204	0.914251	0.877319	0.859096	0.88792	0.85257	0.876263	0.87972	1.11195	1.12342	1.12056	1.12436	1.12298	1.1229	0.978931	0.980446	0.981216	0.979186	0.9684	0.969379	0.939272	0.968178	0.938422	0.966961	0.965777	0.942311	0.907375	0.915895	0.915185	0.941434	0.905371	0.9398	0	0.834039	0.838247	0.833094	0.832174	0.848553	0.84208	0.851299	0.86006	0.834602	0.841005	0.837143	1.09955	1.11809	1.09639	1.12287	1.12066	1.09623	1.11954	1.12269	1.12145	1.13307	1.1216	1.11123	1.11925	1.12032	1.11976	1.10891	1.11688	1.11316	1.0501	1.07794	1.04621	1.0607	1.05583	1.05845	1.11859	1.12617	1.12118	1.10511	1.10533	1.10547	1.13187	1.12578	1.1183	1.13822	1.1169	1.11594	1.13136	1.12418	1.13821	1.15455	1.13678	1.13853
ERR614005	0.889199	0.89936	0.892916	0.890746	0.898835	0.885658	0.901639	0.900319	0.916453	0.908783	0.901622	0.907327	0.869022	0.849321	0.877511	0.842655	0.867562	0.871633	1.10811	1.11976	1.1171	1.12099	1.11954	1.1193	0.973014	0.975559	0.975133	0.973318	0.964164	0.96499	0.934189	0.96407	0.932474	0.962955	0.961502	0.936723	0.902117	0.910237	0.909477	0.937856	0.899268	0.936049	0.834039	0	0.832633	0.821476	0.820472	0.844141	0.832691	0.841514	0.850775	0.824256	0.83197	0.826683	1.0936	1.11316	1.09098	1.11861	1.11572	1.09111	1.11558	1.11908	1.11819	1.12865	1.11809	1.10707	1.1144	1.11583	1.11515	1.104	1.11243	1.10807	1.04519	1.07154	1.04121	1.05401	1.05066	1.05163	1.1143	1.12229	1.11708	1.10042	1.10037	1.10054	1.12981	1.12387	1.11588	1.13688	1.11435	1.1136	1.12675	1.11968	1.13379	1.15028	1.13231	1.1341
ERR614004	0.896428	0.90643	0.90011	0.898034	0.905546	0.893072	0.907944	0.906482	0.921817	0.914342	0.907761	0.913144	0.876065	0.857406	0.884673	0.850722	0.875243	0.878535	1.11224	1.12342	1.1207	1.12456	1.12304	1.12288	0.978961	0.981087	0.981012	0.978791	0.969991	0.970392	0.940167	0.968855	0.938755	0.967889	0.966476	0.943043	0.90836	0.916055	0.915167	0.942481	0.905285	0.941153	0.838247	0.832633	0	0.831594	0.830989	0.848106	0.840897	0.84935	0.857877	0.833127	0.840136	0.835651	1.09719	1.11666	1.09483	1.12158	1.11917	1.09475	1.11926	1.12279	1.12184	1.13215	1.12178	1.11083	1.11853	1.12002	1.11924	1.10824	1.11686	1.11228	1.04909	1.07551	1.04515	1.05821	1.05448	1.05594	1.1179	1.12547	1.12053	1.10387	1.10396	1.10411	1.13336	1.12722	1.11946	1.14011	1.11793	1.11714	1.13052	1.12381	1.13757	1.15394	1.13626	1.1379
ERR614006	0.887887	0.898884	0.89175	0.889397	0.897809	0.884598	0.900454	0.899072	0.91524	0.907689	0.900656	0.906423	0.867739	0.848155	0.87591	0.841534	0.867036	0.870694	1.10808	1.11942	1.11659	1.1207	1.11893	1.11891	0.972488	0.975114	0.974525	0.972539	0.963521	0.964269	0.933334	0.963648	0.931837	0.962696	0.961142	0.936323	0.90163	0.909631	0.909077	0.937496	0.898255	0.936131	0.833094	0.821476	0.831594	0	0.819534	0.843269	0.831779	0.840304	0.849481	0.822986	0.830947	0.825646	1.0928	1.11258	1.09021	1.11783	1.11487	1.0902	1.1151	1.11876	1.11761	1.12818	1.11725	1.10661	1.11362	1.11486	1.11427	1.10313	1.11171	1.10726	1.04437	1.07107	1.04053	1.05377	1.0501	1.05118	1.11368	1.12146	1.11617	1.0994	1.0995	1.09972	1.12966	1.12364	1.11559	1.13669	1.11411	1.11326	1.12595	1.11912	1.13298	1.14955	1.13151	1.13328
ERR614007	0.886307	0.897148	0.890081	0.888134	0.896514	0.882883	0.899115	0.89783	0.914902	0.906516	0.899639	0.905308	0.866655	0.846468	0.875469	0.839577	0.865896	0.869049	1.10632	1.11788	1.11518	1.11905	1.11727	1.11722	0.971075	0.973564	0.973031	0.97084	0.961854	0.962549	0.931294	0.961915	0.930019	0.960687	0.95951	0.934394	0.900167	0.908374	0.907577	0.936152	0.896808	0.934535	0.832174	0.820472	0.830989	0.819534	0	0.842607	0.830172	0.839213	0.848598	0.821608	0.829293	0.824195	1.09166	1.1116	1.08898	1.11679	1.11415	1.08898	1.1136	1.11721	1.1158	1.12685	1.11598	1.10507	1.11226	1.11347	1.11267	1.10161	1.11022	1.10584	1.04321	1.06988	1.03903	1.05222	1.0487	1.05004	1.11241	1.12041	1.11511	1.09836	1.09841	1.09865	1.12801	1.1216	1.11359	1.13506	1.11222	1.11131	1.12477	1.11761	1.13181	1.14866	1.13055	1.13229
ERR614002	0.908046	0.917089	0.910619	0.908921	0.916318	0.904962	0.920573	0.918986	0.932973	0.926405	0.920817	0.925156	0.886048	0.869652	0.89432	0.863501	0.885583	0.888709	1.12093	1.13193	1.1292	1.13279	1.13156	1.13132	0.989984	0.992074	0.991681	0.99004	0.981416	0.981883	0.952114	0.978374	0.950449	0.977647	0.976333	0.954291	0.920043	0.927452	0.926807	0.952403	0.917654	0.950287	0.848553	0.844141	0.848106	0.843269	0.842607	0	0.853968	0.861861	0.869484	0.846986	0.853501	0.849521	1.10718	1.12572	1.1046	1.13059	1.12812	1.10486	1.12754	1.13087	1.12988	1.13999	1.12984	1.11953	1.12741	1.12835	1.12807	1.11742	1.12546	1.1213	1.05982	1.08522	1.05606	1.06879	1.0648	1.06637	1.12655	1.13393	1.12913	1.11338	1.11311	1.11336	1.14099	1.13515	1.12749	1.14742	1.12604	1.12507	1.13859	1.13187	1.14515	1.16091	1.14409	1.14567
