	ERR605689	ERR605691	ERR605693	ERR605692	ERR605690	ERR605694	ERR608871	ERR608872	ERR608875	ERR608873	ERR608876	ERR608874	ERR617026	ERR617023	ERR617022	ERR617024	ERR617025	ERR617021	ERR636667	ERR636669	ERR636668	ERR636672	ERR636670	ERR636671	ERR612254	ERR612251	ERR612252	ERR612253	ERR612255	ERR612256	ERR605270	ERR605267	ERR605269	ERR605268	ERR605266	ERR605265	ERR636729	ERR636728	ERR636730	ERR636732	ERR636727	ERR636731	ERR608837	ERR608839	ERR608836	ERR608838	ERR608840	ERR608835	ERR638175	ERR638174	ERR638173	ERR638176	ERR638172	ERR638171	ERR618521	ERR618524	ERR618523	ERR618520	ERR618519	ERR618522	ERR617330	ERR617329	ERR617326	ERR617327	ERR617325	ERR617328	ERR612191	ERR612192	ERR612195	ERR612194	ERR612193	ERR612196	ERR626676	ERR626679	ERR626675	ERR626677	ERR626678	ERR626674	ERR608823	ERR608825	ERR608828	ERR608826	ERR608827	ERR608824	ERR629896	ERR629893	ERR629897	ERR629895	ERR629892	ERR629894	ERR612992	ERR612991	ERR612988	ERR612989	ERR612987	ERR612990
ERR605689	0	0.765708	0.815697	0.777723	0.760008	0.808001	1.04338	0.999096	1.02239	0.988365	1.02558	1.021	0.943735	0.923113	0.926054	0.942244	0.944614	0.933601	0.914886	0.904794	0.900503	0.925188	0.922514	0.925932	0.942286	0.937504	0.943499	0.941205	0.963476	0.945113	0.931528	0.954952	0.934535	0.936382	0.919121	0.912677	0.9664	0.964244	0.970597	0.966899	0.974432	0.968976	0.859264	0.884919	0.857287	0.8851	0.883317	0.865771	1.07645	1.07635	1.10238	1.08583	1.09894	1.10141	1.05911	1.06227	1.06254	1.06171	1.0557	1.05781	1.06824	1.06906	1.08011	1.07967	1.08278	1.06868	1.02998	1.03594	1.04749	1.03476	1.03477	1.03687	1.08743	1.06647	1.0659	1.06689	1.06561	1.05836	1.105	1.05892	1.06484	1.0645	1.06461	1.06551	1.09172	1.10153	1.09181	1.08677	1.11177	1.11428	1.07785	1.07844	1.0854	1.08645	1.08596	1.07796
ERR605691	0.765708	0	0.823422	0.789663	0.773712	0.816968	1.05071	1.00885	1.03118	0.998652	1.03393	1.02963	0.949936	0.931308	0.933904	0.948325	0.950972	0.94104	0.925996	0.916939	0.913155	0.935013	0.933146	0.936009	0.95231	0.948368	0.953377	0.951446	0.972271	0.955353	0.935871	0.957278	0.938774	0.940381	0.925201	0.919307	0.975837	0.973915	0.980046	0.976672	0.983765	0.978624	0.868468	0.891786	0.86705	0.892312	0.890456	0.874231	1.08413	1.08402	1.10897	1.09283	1.10553	1.10847	1.0628	1.0659	1.06628	1.06518	1.05998	1.06195	1.07784	1.07841	1.08906	1.08863	1.09132	1.07809	1.03471	1.03959	1.05028	1.03874	1.03882	1.04073	1.09448	1.07496	1.07452	1.07548	1.07413	1.06709	1.11139	1.06763	1.07349	1.07282	1.07326	1.07388	1.10091	1.11109	1.10114	1.09629	1.1209	1.12303	1.08438	1.08535	1.09115	1.09189	1.09201	1.08461
ERR605693	0.815697	0.823422	0	0.831079	0.820105	0.84514	1.06812	1.03343	1.05362	1.02537	1.0561	1.05221	0.972347	0.961247	0.963716	0.971784	0.973722	0.967463	0.95868	0.950014	0.948445	0.965505	0.96401	0.96651	0.982328	0.979556	0.982092	0.98138	1.00017	0.984841	0.959169	0.978511	0.961161	0.962991	0.951505	0.946809	1.00298	1.00275	1.00717	1.00431	1.01023	1.00584	0.906483	0.927173	0.905698	0.927877	0.926268	0.910347	1.10654	1.10647	1.12909	1.11206	1.12546	1.12806	1.08399	1.08775	1.08817	1.08551	1.08177	1.08441	1.10522	1.10555	1.11452	1.11391	1.11436	1.10534	1.05782	1.06152	1.07126	1.06128	1.06079	1.06306	1.11523	1.10035	1.09904	1.10089	1.09969	1.09309	1.13026	1.09375	1.09793	1.09765	1.09759	1.09804	1.12719	1.13904	1.1273	1.1228	1.14711	1.15031	1.11003	1.11133	1.11562	1.11631	1.1171	1.1108
ERR605692	0.777723	0.789663	0.831079	0	0.785453	0.823986	1.05801	1.01666	1.03767	1.00604	1.04023	1.03603	0.961224	0.941279	0.944109	0.959571	0.961602	0.951829	0.934726	0.926142	0.921758	0.944416	0.942312	0.94513	0.960976	0.957017	0.962736	0.960336	0.980346	0.963673	0.948584	0.969166	0.951429	0.953157	0.937576	0.931722	0.984561	0.982342	0.987917	0.984922	0.99158	0.98654	0.882766	0.903166	0.880829	0.903451	0.902103	0.888456	1.09236	1.09245	1.11653	1.10184	1.11317	1.11617	1.07329	1.07568	1.07571	1.07612	1.07055	1.07195	1.08377	1.08461	1.09502	1.09439	1.09796	1.08425	1.04651	1.05209	1.06205	1.05068	1.05082	1.05241	1.1027	1.08243	1.08216	1.08291	1.08164	1.07497	1.12014	1.07624	1.08173	1.08162	1.08161	1.0826	1.10599	1.11444	1.1063	1.10159	1.12441	1.12609	1.09012	1.09043	1.09696	1.09765	1.09744	1.09006
ERR605690	0.760008	0.773712	0.820105	0.785453	0	0.812963	1.0465	1.00408	1.02695	0.993399	1.02968	1.02518	0.947061	0.927957	0.930957	0.945458	0.947785	0.937521	0.920977	0.911158	0.907761	0.930814	0.928508	0.93162	0.947494	0.943425	0.94893	0.946911	0.967967	0.950707	0.934521	0.957348	0.937814	0.939578	0.923253	0.916932	0.971344	0.969772	0.975552	0.972042	0.979303	0.973797	0.866873	0.891337	0.865101	0.891729	0.889913	0.872353	1.08123	1.08091	1.1064	1.08963	1.10275	1.10571	1.06226	1.06591	1.06605	1.0648	1.05923	1.06159	1.07478	1.07544	1.08637	1.08548	1.08801	1.07508	1.03362	1.03913	1.05078	1.03846	1.03797	1.04007	1.09178	1.07238	1.07146	1.07286	1.07141	1.06411	1.10875	1.06447	1.07032	1.06993	1.06993	1.07058	1.09781	1.10826	1.09785	1.09283	1.11803	1.12072	1.08287	1.08351	1.09009	1.0908	1.09107	1.08289
ERR605694	0.808001	0.816968	0.84514	0.823986	0.812963	0	1.06388	1.02777	1.04839	1.01947	1.05095	1.04709	0.968976	0.956553	0.958623	0.968325	0.969769	0.963327	0.951474	0.942449	0.940909	0.959159	0.956979	0.959756	0.976733	0.973499	0.976934	0.97538	0.994568	0.979273	0.956426	0.976384	0.958534	0.960138	0.947877	0.942961	0.996694	0.996333	1.00103	0.998275	1.00418	0.999411	0.899805	0.921605	0.899472	0.922334	0.920964	0.904123	1.10253	1.10231	1.12535	1.10848	1.12183	1.12441	1.08177	1.08593	1.08582	1.0835	1.07945	1.08191	1.10057	1.10082	1.1101	1.10954	1.1106	1.10033	1.05484	1.0586	1.06889	1.05844	1.05804	1.06017	1.11094	1.09537	1.09448	1.09589	1.09469	1.08794	1.12658	1.08872	1.09357	1.09321	1.09314	1.09363	1.12254	1.1338	1.12264	1.11798	1.14206	1.14536	1.10646	1.10789	1.11217	1.11281	1.11342	1.10694
ERR608871	1.04338	1.05071	1.06812	1.05801	1.0465	1.06388	0	0.819541	0.837725	0.817767	0.839921	0.835774	0.967203	0.961308	0.963188	0.967845	0.969219	0.962797	0.983819	0.975199	0.977891	0.986771	0.98478	0.98723	0.958389	0.957841	0.958158	0.957815	0.976658	0.962529	1.03019	1.06493	1.03421	1.03627	1.0251	1.01869	0.960907	0.963978	0.966556	0.964367	0.96965	0.966389	1.01795	1.05388	1.01961	1.05441	1.05245	1.02248	1.13321	1.13324	1.15489	1.13508	1.15122	1.15285	1.15285	1.16244	1.16273	1.15401	1.14941	1.15647	1.13612	1.13613	1.14393	1.14342	1.1409	1.13557	1.11699	1.11948	1.13711	1.12101	1.11958	1.1236	1.13283	1.12382	1.12063	1.1243	1.12306	1.11507	1.13674	1.10987	1.11325	1.11321	1.11319	1.11185	1.15175	1.16778	1.15175	1.14746	1.1741	1.17885	1.17921	1.17947	1.18549	1.18751	1.18695	1.17856
ERR608872	0.999096	1.00885	1.03343	1.01666	1.00408	1.02777	0.819541	0	0.810128	0.776794	0.812506	0.807154	0.929173	0.915281	0.91798	0.92916	0.930624	0.920492	0.940357	0.930632	0.931116	0.945556	0.943166	0.946038	0.912146	0.91014	0.913151	0.911711	0.934229	0.91694	0.995371	1.03272	0.999862	1.00186	0.986401	0.979092	0.92037	0.922511	0.926731	0.923851	0.930305	0.925816	0.973107	1.01263	0.974165	1.01304	1.0109	0.979857	1.10293	1.10303	1.12746	1.10721	1.12386	1.12632	1.12419	1.13361	1.13383	1.12613	1.12023	1.12658	1.10086	1.10125	1.1109	1.11022	1.1089	1.10049	1.08457	1.0887	1.10777	1.08909	1.08845	1.0927	1.10307	1.08964	1.08706	1.09016	1.089	1.08019	1.1111	1.07532	1.07982	1.07991	1.08017	1.07877	1.11745	1.1328	1.11732	1.11258	1.14079	1.14532	1.14708	1.14723	1.15481	1.157	1.15607	1.14638
ERR608875	1.02239	1.03118	1.05362	1.03767	1.02695	1.04839	0.837725	0.810128	0	0.804702	0.825445	0.821034	0.956659	0.943721	0.946311	0.956451	0.957915	0.948755	0.967781	0.959379	0.959455	0.972325	0.97067	0.973273	0.940695	0.939263	0.941694	0.940503	0.960471	0.945087	1.02007	1.05406	1.02458	1.02586	1.0117	1.00514	0.948347	0.949615	0.953384	0.950761	0.95677	0.952498	1.00219	1.03723	1.00282	1.03746	1.03553	1.00818	1.1244	1.12452	1.1471	1.12887	1.14372	1.14593	1.14351	1.15198	1.15224	1.14553	1.13988	1.1456	1.12176	1.12188	1.13066	1.13001	1.12917	1.1211	1.10742	1.11126	1.12855	1.11155	1.11097	1.11482	1.12476	1.11168	1.10954	1.11232	1.11075	1.10301	1.13183	1.09824	1.10235	1.10259	1.1025	1.10171	1.13618	1.15002	1.13614	1.13196	1.15754	1.1614	1.16285	1.16286	1.17012	1.17213	1.17119	1.1622
ERR608873	0.988365	0.998652	1.02537	1.00604	0.993399	1.01947	0.817767	0.776794	0.804702	0	0.808042	0.802039	0.92096	0.90451	0.907305	0.920752	0.922579	0.910518	0.93022	0.920631	0.920079	0.936126	0.933472	0.93656	0.901965	0.898963	0.902501	0.90141	0.92492	0.906561	0.987272	1.02519	0.99206	0.993877	0.977328	0.969597	0.910675	0.912255	0.917368	0.914288	0.921277	0.916535	0.962453	1.0025	0.962842	1.00295	1.00054	0.96935	1.09573	1.09626	1.12165	1.10107	1.11765	1.11991	1.11748	1.12682	1.12707	1.11972	1.11341	1.11962	1.09238	1.09271	1.10289	1.10221	1.1013	1.09188	1.0773	1.08157	1.10106	1.08214	1.08144	1.08582	1.09695	1.08197	1.07957	1.0824	1.08095	1.07206	1.1054	1.06689	1.07181	1.07166	1.072	1.07126	1.10919	1.12414	1.10902	1.10426	1.13282	1.13665	1.13918	1.13916	1.14732	1.1495	1.1483	1.13859
ERR608876	1.02558	1.03393	1.0561	1.04023	1.02968	1.05095	0.839921	0.812506	0.825445	0.808042	0	0.823456	0.960081	0.947455	0.949639	0.959788	0.961438	0.952251	0.971433	0.962857	0.963079	0.975793	0.974024	0.976111	0.94475	0.943292	0.945624	0.944835	0.963953	0.949061	1.02334	1.05701	1.02758	1.02894	1.01516	1.00828	0.951934	0.953604	0.957312	0.954431	0.960434	0.956649	1.00533	1.03989	1.00567	1.03983	1.03813	1.01101	1.12601	1.12629	1.14866	1.1305	1.1452	1.1476	1.14494	1.15324	1.15336	1.14682	1.14127	1.14689	1.12322	1.1232	1.13239	1.13178	1.13079	1.1226	1.10967	1.1134	1.13016	1.11381	1.11306	1.11676	1.12649	1.11357	1.11141	1.1141	1.11286	1.10506	1.13349	1.10021	1.10451	1.10451	1.10478	1.1039	1.1378	1.15156	1.1378	1.13353	1.159	1.16277	1.16393	1.16394	1.17119	1.17324	1.17231	1.16352
ERR608874	1.021	1.02963	1.05221	1.03603	1.02518	1.04709	0.835774	0.807154	0.821034	0.802039	0.823456	0	0.954753	0.941882	0.944299	0.954497	0.955806	0.946442	0.96607	0.957691	0.95803	0.971219	0.969226	0.971768	0.93913	0.937772	0.940339	0.939051	0.958486	0.943402	1.01861	1.05297	1.02301	1.02438	1.01021	1.00364	0.946311	0.947814	0.951798	0.948959	0.955218	0.951002	1.00061	1.03565	1.00112	1.03578	1.03408	1.00632	1.12269	1.12297	1.14572	1.12715	1.14226	1.14442	1.14246	1.15072	1.15103	1.14416	1.13858	1.14449	1.11984	1.11985	1.12912	1.12845	1.1277	1.11939	1.10629	1.10997	1.1275	1.11036	1.10981	1.11348	1.12299	1.10985	1.10779	1.11055	1.1093	1.10113	1.13087	1.09708	1.10101	1.10091	1.10123	1.10072	1.13492	1.14894	1.13491	1.13045	1.15651	1.16038	1.16144	1.16153	1.16869	1.17107	1.16991	1.16095
ERR617026	0.943735	0.949936	0.972347	0.961224	0.947061	0.968976	0.967203	0.929173	0.956659	0.92096	0.960081	0.954753	0	0.772507	0.774861	0.777009	0.77972	0.775249	0.915095	0.904934	0.907429	0.919004	0.917739	0.920202	0.849093	0.84848	0.848035	0.847812	0.872106	0.853366	0.914816	0.944435	0.918226	0.919371	0.909538	0.904307	0.884734	0.88762	0.89083	0.887818	0.894643	0.891037	0.896329	0.929555	0.898868	0.929861	0.928426	0.900414	1.09084	1.0908	1.11679	1.09303	1.11216	1.11474	1.06636	1.07472	1.07512	1.0674	1.06427	1.0698	1.09386	1.09392	1.10379	1.10228	1.10001	1.09325	1.0346	1.0363	1.05079	1.03731	1.03633	1.0399	1.09527	1.08307	1.08007	1.08378	1.08274	1.07329	1.09823	1.06392	1.06735	1.06775	1.06782	1.0669	1.10853	1.12694	1.10839	1.10331	1.13437	1.13999	1.10569	1.10765	1.11147	1.11296	1.11371	1.10603
ERR617023	0.923113	0.931308	0.961247	0.941279	0.927957	0.956553	0.961308	0.915281	0.943721	0.90451	0.947455	0.941882	0.772507	0	0.753375	0.771613	0.774262	0.758762	0.897429	0.887065	0.886706	0.903637	0.901563	0.904481	0.830005	0.827783	0.830764	0.829438	0.854748	0.834585	0.910191	0.939968	0.913778	0.91547	0.901027	0.895026	0.871506	0.872032	0.87757	0.874136	0.881898	0.877217	0.880221	0.912601	0.880836	0.912684	0.911406	0.885379	1.07915	1.07931	1.10662	1.08518	1.10193	1.10521	1.05865	1.0656	1.06591	1.06052	1.0558	1.06017	1.07513	1.07483	1.0863	1.08536	1.08546	1.07454	1.02645	1.03018	1.04531	1.03027	1.02997	1.03288	1.08516	1.06829	1.06634	1.06915	1.0679	1.05838	1.09107	1.04881	1.05408	1.05388	1.05414	1.05372	1.08983	1.1054	1.08985	1.08476	1.11421	1.11837	1.08926	1.09044	1.09589	1.09727	1.0976	1.08913
ERR617022	0.926054	0.933904	0.963716	0.944109	0.930957	0.958623	0.963188	0.91798	0.946311	0.907305	0.949639	0.944299	0.774861	0.753375	0	0.773831	0.776975	0.761521	0.899958	0.889805	0.889406	0.905777	0.903836	0.907026	0.833009	0.830796	0.833713	0.832283	0.857473	0.836918	0.911207	0.940703	0.914881	0.916637	0.902556	0.896715	0.873591	0.874071	0.879467	0.875992	0.883618	0.879072	0.882438	0.91416	0.883018	0.914409	0.913045	0.887308	1.0813	1.08115	1.10834	1.08696	1.1041	1.10707	1.05978	1.06677	1.06748	1.06169	1.05724	1.06156	1.07746	1.07764	1.08862	1.08785	1.08776	1.07719	1.02826	1.03193	1.04657	1.03178	1.03133	1.03474	1.08757	1.07062	1.06887	1.07164	1.07001	1.0612	1.09308	1.05166	1.05663	1.0566	1.05693	1.0563	1.09236	1.10791	1.09219	1.08729	1.11678	1.12085	1.09144	1.09259	1.0976	1.0992	1.09923	1.09128
ERR617024	0.942244	0.948325	0.971784	0.959571	0.945458	0.968325	0.967845	0.92916	0.956451	0.920752	0.959788	0.954497	0.777009	0.771613	0.773831	0	0.779764	0.774882	0.913991	0.903657	0.905747	0.918003	0.916552	0.919152	0.847923	0.846835	0.847094	0.846451	0.870014	0.851677	0.915932	0.945508	0.919326	0.920523	0.9101	0.904845	0.883692	0.886324	0.889307	0.886713	0.893543	0.889895	0.895737	0.928169	0.897801	0.928592	0.927176	0.899833	1.09126	1.09112	1.11679	1.09392	1.11233	1.11507	1.06761	1.07542	1.07552	1.06847	1.06509	1.07028	1.09282	1.09292	1.1026	1.10153	1.09971	1.09218	1.03583	1.038	1.05257	1.03868	1.0379	1.04128	1.09583	1.08283	1.08038	1.08391	1.08257	1.07331	1.09936	1.06384	1.06737	1.06746	1.06775	1.06698	1.10747	1.12508	1.10716	1.10202	1.13271	1.13787	1.10447	1.10653	1.11036	1.11177	1.11268	1.10475
ERR617025	0.944614	0.950972	0.973722	0.961602	0.947785	0.969769	0.969219	0.930624	0.957915	0.922579	0.961438	0.955806	0.77972	0.774262	0.776975	0.779764	0	0.777926	0.916365	0.905983	0.908081	0.920344	0.918731	0.921334	0.850599	0.849932	0.849561	0.848964	0.872943	0.854599	0.917948	0.947164	0.920974	0.922265	0.912221	0.907197	0.886621	0.88868	0.89225	0.889534	0.896237	0.892358	0.897671	0.930413	0.900071	0.930852	0.929263	0.902411	1.0923	1.09233	1.11778	1.09475	1.11348	1.1162	1.06843	1.07634	1.07687	1.06935	1.06609	1.07122	1.09424	1.09412	1.10422	1.10306	1.10084	1.09359	1.03713	1.03914	1.05393	1.04011	1.03927	1.0428	1.09687	1.08409	1.0815	1.08499	1.084	1.07475	1.10042	1.06498	1.06877	1.06894	1.06905	1.0683	1.10898	1.12668	1.10852	1.10376	1.13433	1.13935	1.10596	1.10811	1.11179	1.11332	1.11398	1.10625
ERR617021	0.933601	0.94104	0.967463	0.951829	0.937521	0.963327	0.962797	0.920492	0.948755	0.910518	0.952251	0.946442	0.775249	0.758762	0.761521	0.774882	0.777926	0	0.904336	0.893713	0.894714	0.909251	0.907346	0.910444	0.837581	0.835807	0.837453	0.83663	0.861514	0.841966	0.912128	0.941979	0.915574	0.91699	0.904734	0.899257	0.874902	0.876524	0.880555	0.877754	0.884996	0.880687	0.887158	0.920589	0.888731	0.920839	0.919396	0.891929	1.08388	1.08405	1.11061	1.08827	1.10599	1.10925	1.06307	1.07092	1.07098	1.06428	1.06039	1.06567	1.08362	1.08345	1.09409	1.09285	1.09145	1.0827	1.03027	1.03332	1.04842	1.03384	1.03301	1.03648	1.08919	1.07437	1.07202	1.07546	1.07408	1.06478	1.09359	1.05507	1.05949	1.05936	1.05968	1.059	1.09865	1.1154	1.09833	1.09328	1.12393	1.12856	1.09824	1.09983	1.10428	1.10583	1.10604	1.09834
ERR636667	0.914886	0.925996	0.95868	0.934726	0.920977	0.951474	0.983819	0.940357	0.967781	0.93022	0.971433	0.96607	0.915095	0.897429	0.899958	0.913991	0.916365	0.904336	0	0.774659	0.774069	0.795767	0.793044	0.797244	0.885736	0.882508	0.886584	0.885335	0.906135	0.89007	0.955719	0.994222	0.960054	0.962372	0.943933	0.935859	0.894063	0.893931	0.899471	0.896111	0.902241	0.898386	0.882727	0.922377	0.881988	0.922284	0.920256	0.889137	1.07705	1.077	1.104	1.08372	1.09969	1.10267	1.10046	1.10871	1.10908	1.10318	1.09588	1.10155	1.07289	1.07327	1.08451	1.08377	1.08452	1.07297	1.0497	1.05519	1.07567	1.05554	1.05465	1.0592	1.0744	1.05702	1.05498	1.05743	1.05616	1.0468	1.08505	1.04117	1.0468	1.04635	1.04665	1.04634	1.07912	1.09366	1.07929	1.07406	1.10264	1.10674	1.11305	1.11269	1.12165	1.12366	1.12271	1.11241
ERR636669	0.904794	0.916939	0.950014	0.926142	0.911158	0.942449	0.975199	0.930632	0.959379	0.920631	0.962857	0.957691	0.904934	0.887065	0.889805	0.903657	0.905983	0.893713	0.774659	0	0.761641	0.785038	0.782664	0.786891	0.875927	0.87237	0.876197	0.875583	0.897629	0.880211	0.94536	0.986418	0.950129	0.952593	0.933704	0.925435	0.88524	0.885696	0.891747	0.888402	0.894664	0.890605	0.871159	0.914302	0.871066	0.914108	0.911764	0.87843	1.06615	1.06642	1.09456	1.07283	1.09006	1.09313	1.09099	1.10004	1.10031	1.09361	1.08646	1.09254	1.06359	1.06398	1.07525	1.07436	1.07471	1.06357	1.04148	1.04687	1.06805	1.04734	1.04621	1.05091	1.06631	1.04874	1.04666	1.04944	1.04817	1.03831	1.07642	1.03222	1.03807	1.03745	1.03774	1.03738	1.07212	1.08779	1.07215	1.06694	1.09716	1.10161	1.10595	1.10562	1.11503	1.11704	1.11617	1.10518
ERR636668	0.900503	0.913155	0.948445	0.921758	0.907761	0.940909	0.977891	0.931116	0.959455	0.920079	0.963079	0.95803	0.907429	0.886706	0.889406	0.905747	0.908081	0.894714	0.774069	0.761641	0	0.785205	0.782198	0.786373	0.875672	0.87216	0.87688	0.875569	0.897732	0.879901	0.946877	0.986773	0.952181	0.954153	0.934649	0.925796	0.886498	0.885966	0.892135	0.889047	0.895182	0.891176	0.870638	0.912161	0.869734	0.911837	0.909985	0.878332	1.06664	1.06686	1.09491	1.0745	1.09094	1.09394	1.09112	1.09929	1.09967	1.09409	1.08607	1.09193	1.0612	1.06167	1.07358	1.07299	1.07382	1.06134	1.04161	1.04753	1.06858	1.04783	1.04681	1.05144	1.067	1.04827	1.0463	1.0484	1.04717	1.03743	1.07793	1.03179	1.03781	1.03742	1.03775	1.03732	1.06959	1.08369	1.06969	1.06427	1.09344	1.09731	1.10267	1.10208	1.11143	1.11372	1.11247	1.10174
ERR636672	0.925188	0.935013	0.965505	0.944416	0.930814	0.959159	0.986771	0.945556	0.972325	0.936126	0.975793	0.971219	0.919004	0.903637	0.905777	0.918003	0.920344	0.909251	0.795767	0.785038	0.785205	0	0.797716	0.801529	0.891693	0.888579	0.89179	0.891131	0.911207	0.895399	0.9592	0.997827	0.963731	0.965737	0.948724	0.941006	0.897929	0.898224	0.903071	0.900531	0.90553	0.902196	0.889947	0.930015	0.88983	0.929769	0.927727	0.896158	1.08127	1.08125	1.10781	1.0871	1.10356	1.1065	1.10471	1.11359	1.1136	1.10703	1.10031	1.10631	1.07965	1.07997	1.09045	1.0898	1.08997	1.07964	1.05373	1.0586	1.0789	1.05887	1.05813	1.0626	1.0776	1.06196	1.05969	1.06243	1.06099	1.05175	1.08783	1.04654	1.05174	1.05128	1.05146	1.05097	1.08597	1.10168	1.08603	1.08093	1.11026	1.11462	1.12058	1.12033	1.12855	1.13069	1.12968	1.11969
ERR636670	0.922514	0.933146	0.96401	0.942312	0.928508	0.956979	0.98478	0.943166	0.97067	0.933472	0.974024	0.969226	0.917739	0.901563	0.903836	0.916552	0.918731	0.907346	0.793044	0.782664	0.782198	0.797716	0	0.799049	0.889544	0.88665	0.88983	0.889279	0.909505	0.893516	0.957423	0.996477	0.962262	0.964209	0.947153	0.938932	0.895296	0.895757	0.901245	0.898087	0.903897	0.900374	0.887838	0.927814	0.887162	0.927471	0.925467	0.893961	1.08012	1.08032	1.10669	1.08617	1.10262	1.10521	1.10364	1.11259	1.11245	1.10607	1.09921	1.10507	1.07824	1.0787	1.08915	1.08861	1.08865	1.07817	1.05181	1.05679	1.07717	1.0572	1.05649	1.06095	1.07622	1.06026	1.05778	1.06072	1.05937	1.04988	1.08658	1.04481	1.05014	1.04995	1.04996	1.04922	1.0844	1.09981	1.08469	1.07936	1.10847	1.11303	1.11927	1.11878	1.12728	1.12944	1.1285	1.11812
ERR636671	0.925932	0.936009	0.96651	0.94513	0.93162	0.959756	0.98723	0.946038	0.973273	0.93656	0.976111	0.971768	0.920202	0.904481	0.907026	0.919152	0.921334	0.910444	0.797244	0.786891	0.786373	0.801529	0.799049	0	0.892402	0.889763	0.89318	0.892295	0.911841	0.89656	0.959892	0.998156	0.964511	0.96614	0.94926	0.941558	0.898645	0.898769	0.904223	0.901426	0.906435	0.903401	0.890962	0.930599	0.890725	0.93074	0.928557	0.89723	1.08189	1.08178	1.10815	1.08781	1.1041	1.10695	1.10523	1.11379	1.11401	1.10748	1.10077	1.10667	1.0801	1.08046	1.0908	1.09048	1.0904	1.08009	1.05347	1.05848	1.07893	1.05889	1.05824	1.0626	1.07778	1.06194	1.05977	1.06204	1.06092	1.05162	1.08817	1.04678	1.05184	1.05167	1.05183	1.05129	1.08626	1.10169	1.08633	1.08112	1.11026	1.11475	1.12071	1.12054	1.1289	1.13092	1.13011	1.11996
ERR612254	0.942286	0.95231	0.982328	0.960976	0.947494	0.976733	0.958389	0.912146	0.940695	0.901965	0.94475	0.93913	0.849093	0.830005	0.833009	0.847923	0.850599	0.837581	0.885736	0.875927	0.875672	0.891693	0.889544	0.892402	0	0.763328	0.768253	0.766622	0.791674	0.769486	0.919603	0.95959	0.924734	0.926659	0.908725	0.901267	0.85337	0.853555	0.858905	0.855758	0.863521	0.858355	0.908912	0.946303	0.908745	0.946118	0.944847	0.91556	1.09269	1.09269	1.11864	1.09865	1.11477	1.11735	1.10254	1.11039	1.11077	1.10538	1.09897	1.10424	1.088	1.08837	1.09891	1.09831	1.09842	1.08795	1.04191	1.04656	1.06565	1.04674	1.04632	1.04989	1.08844	1.07198	1.07022	1.07278	1.07098	1.06235	1.10019	1.05973	1.06449	1.06447	1.06432	1.06399	1.09076	1.10545	1.09063	1.08592	1.11437	1.11863	1.10141	1.10138	1.10943	1.11179	1.11082	1.10063
ERR612251	0.937504	0.948368	0.979556	0.957017	0.943425	0.973499	0.957841	0.91014	0.939263	0.898963	0.943292	0.937772	0.84848	0.827783	0.830796	0.846835	0.849932	0.835807	0.882508	0.87237	0.87216	0.888579	0.88665	0.889763	0.763328	0	0.762127	0.760876	0.792732	0.768997	0.917483	0.957257	0.922217	0.924484	0.905345	0.897413	0.851422	0.851441	0.856966	0.853861	0.861422	0.856636	0.90598	0.943825	0.905757	0.94414	0.942506	0.912931	1.08877	1.08877	1.11512	1.09522	1.11111	1.1136	1.09975	1.10769	1.10796	1.10228	1.09586	1.10097	1.08344	1.08402	1.09496	1.09415	1.09455	1.08346	1.03812	1.04283	1.06229	1.04328	1.04274	1.04671	1.08401	1.06751	1.06548	1.06822	1.06674	1.0576	1.09683	1.05517	1.05995	1.06006	1.06049	1.0599	1.08699	1.10197	1.08697	1.08226	1.11097	1.1151	1.09811	1.09832	1.10645	1.10903	1.10787	1.09756
ERR612252	0.943499	0.953377	0.982092	0.962736	0.94893	0.976934	0.958158	0.913151	0.941694	0.902501	0.945624	0.940339	0.848035	0.830764	0.833713	0.847094	0.849561	0.837453	0.886584	0.876197	0.87688	0.89179	0.88983	0.89318	0.768253	0.762127	0	0.765338	0.796972	0.774641	0.917799	0.957481	0.92279	0.924322	0.906872	0.899701	0.853411	0.854344	0.859295	0.856558	0.863299	0.859261	0.909277	0.94743	0.909539	0.947639	0.945992	0.915362	1.09159	1.09163	1.11733	1.09655	1.11333	1.11587	1.10117	1.10945	1.10978	1.10311	1.09736	1.103	1.08894	1.089	1.09971	1.09891	1.0987	1.08876	1.03951	1.04335	1.06298	1.04426	1.04368	1.04742	1.08651	1.07118	1.06919	1.07224	1.07062	1.0616	1.09788	1.05889	1.0634	1.06327	1.06324	1.06278	1.09229	1.1082	1.09236	1.08745	1.11677	1.12143	1.10321	1.10344	1.11107	1.11316	1.11251	1.10282
ERR612253	0.941205	0.951446	0.98138	0.960336	0.946911	0.97538	0.957815	0.911711	0.940503	0.90141	0.944835	0.939051	0.847812	0.829438	0.832283	0.846451	0.848964	0.83663	0.885335	0.875583	0.875569	0.891131	0.889279	0.892295	0.766622	0.760876	0.765338	0	0.795297	0.77248	0.918818	0.957997	0.923261	0.925178	0.907311	0.899808	0.853311	0.853905	0.859109	0.856255	0.863395	0.858601	0.908238	0.945481	0.908303	0.94565	0.944221	0.914359	1.09168	1.09156	1.11772	1.09731	1.11346	1.11633	1.1008	1.10882	1.10939	1.10353	1.09734	1.10277	1.08786	1.08794	1.09888	1.0981	1.0979	1.08767	1.0406	1.04489	1.06407	1.04545	1.04477	1.04863	1.08737	1.07154	1.06956	1.07231	1.07077	1.06167	1.09891	1.05909	1.06379	1.06365	1.06361	1.06328	1.09123	1.10661	1.09115	1.08651	1.11501	1.11948	1.10141	1.10147	1.10944	1.11174	1.11076	1.10088
ERR612255	0.963476	0.972271	1.00017	0.980346	0.967967	0.994568	0.976658	0.934229	0.960471	0.92492	0.963953	0.958486	0.872106	0.854748	0.857473	0.870014	0.872943	0.861514	0.906135	0.897629	0.897732	0.911207	0.909505	0.911841	0.791674	0.792732	0.796972	0.795297	0	0.797013	0.941057	0.97764	0.945453	0.947493	0.931214	0.924278	0.874621	0.875335	0.879136	0.876588	0.883286	0.879005	0.931664	0.965167	0.931391	0.964814	0.96376	0.937374	1.10838	1.10846	1.13281	1.11415	1.12904	1.13165	1.11774	1.12484	1.12526	1.12033	1.11427	1.11912	1.10415	1.10441	1.11442	1.11364	1.1143	1.10399	1.06075	1.06512	1.08235	1.06519	1.06484	1.06825	1.10345	1.08847	1.08672	1.08926	1.08762	1.07951	1.11395	1.07661	1.08088	1.08094	1.08089	1.08047	1.10575	1.11979	1.10587	1.10137	1.12781	1.13151	1.11558	1.11571	1.12316	1.12543	1.12441	1.11504
ERR612256	0.945113	0.955353	0.984841	0.963673	0.950707	0.979273	0.962529	0.91694	0.945087	0.906561	0.949061	0.943402	0.853366	0.834585	0.836918	0.851677	0.854599	0.841966	0.89007	0.880211	0.879901	0.895399	0.893516	0.89656	0.769486	0.768997	0.774641	0.77248	0.797013	0	0.92434	0.962557	0.928754	0.930864	0.913162	0.905434	0.85817	0.858641	0.86362	0.860263	0.867824	0.863024	0.913266	0.949314	0.913196	0.949769	0.948051	0.919589	1.09554	1.09573	1.12148	1.10153	1.11735	1.12008	1.10503	1.11264	1.11309	1.1076	1.10125	1.10635	1.09072	1.09118	1.1017	1.10097	1.10127	1.09063	1.04538	1.04997	1.06837	1.05009	1.04968	1.05318	1.09126	1.07533	1.07347	1.07619	1.07434	1.06552	1.1031	1.06295	1.06799	1.06776	1.0677	1.06765	1.09354	1.10807	1.09345	1.08873	1.11666	1.12089	1.10323	1.10319	1.11114	1.11343	1.11275	1.1025
ERR605270	0.931528	0.935871	0.959169	0.948584	0.934521	0.956426	1.03019	0.995371	1.02007	0.987272	1.02334	1.01861	0.914816	0.910191	0.911207	0.915932	0.917948	0.912128	0.955719	0.94536	0.946877	0.9592	0.957423	0.959892	0.919603	0.917483	0.917799	0.918818	0.941057	0.92434	0	0.81084	0.773283	0.774273	0.767698	0.761776	0.954459	0.955745	0.959184	0.957048	0.962407	0.959183	0.889982	0.921117	0.89194	0.920676	0.919333	0.89406	1.10203	1.10184	1.12601	1.10475	1.12145	1.1242	1.06228	1.06909	1.07034	1.06295	1.06051	1.06532	1.10583	1.10611	1.11463	1.11435	1.11215	1.10565	1.00678	1.00773	1.02127	1.00886	1.00822	1.01128	1.09698	1.08557	1.083	1.08582	1.08495	1.07607	1.10848	1.07532	1.07909	1.07885	1.07918	1.07803	1.11789	1.13444	1.11744	1.11281	1.1417	1.14709	1.09469	1.09621	1.09915	1.10008	1.10178	1.09388
ERR605267	0.954952	0.957278	0.978511	0.969166	0.957348	0.976384	1.06493	1.03272	1.05406	1.02519	1.05701	1.05297	0.944435	0.939968	0.940703	0.945508	0.947164	0.941979	0.994222	0.986418	0.986773	0.997827	0.996477	0.998156	0.95959	0.957257	0.957481	0.957997	0.97764	0.962557	0.81084	0	0.813349	0.814357	0.805943	0.80277	0.995254	0.995729	0.999004	0.997009	1.00201	0.998846	0.921479	0.942027	0.922463	0.941887	0.940445	0.924271	1.12847	1.12821	1.14984	1.13187	1.14594	1.1487	1.07353	1.07803	1.07917	1.07449	1.07289	1.07571	1.13081	1.13111	1.13876	1.13844	1.13714	1.13073	1.02622	1.02703	1.03541	1.02745	1.02671	1.02905	1.12408	1.11297	1.11046	1.11294	1.11214	1.1042	1.13462	1.10361	1.10736	1.10741	1.10739	1.10656	1.14082	1.15477	1.14017	1.13643	1.16146	1.16601	1.1055	1.10708	1.1085	1.10894	1.11082	1.1046
ERR605269	0.934535	0.938774	0.961161	0.951429	0.937814	0.958534	1.03421	0.999862	1.02458	0.99206	1.02758	1.02301	0.918226	0.913778	0.914881	0.919326	0.920974	0.915574	0.960054	0.950129	0.952181	0.963731	0.962262	0.964511	0.924734	0.922217	0.92279	0.923261	0.945453	0.928754	0.773283	0.813349	0	0.777887	0.772103	0.766968	0.959148	0.960777	0.964108	0.962179	0.967367	0.96396	0.894446	0.924565	0.896215	0.924305	0.922791	0.898152	1.10601	1.10566	1.12947	1.10884	1.125	1.12772	1.06418	1.07093	1.07207	1.06493	1.06305	1.06738	1.10988	1.1103	1.1187	1.11842	1.11616	1.10978	1.00972	1.01047	1.02349	1.01183	1.01084	1.01395	1.10063	1.0894	1.08672	1.08986	1.08876	1.07999	1.11188	1.07933	1.08291	1.08282	1.08311	1.0821	1.12143	1.13796	1.12083	1.11653	1.1449	1.15043	1.09675	1.09844	1.10116	1.10212	1.10367	1.09595
ERR605268	0.936382	0.940381	0.962991	0.953157	0.939578	0.960138	1.03627	1.00186	1.02586	0.993877	1.02894	1.02438	0.919371	0.91547	0.916637	0.920523	0.922265	0.91699	0.962372	0.952593	0.954153	0.965737	0.964209	0.96614	0.926659	0.924484	0.924322	0.925178	0.947493	0.930864	0.774273	0.814357	0.777887	0	0.773409	0.768826	0.961192	0.962948	0.966508	0.964364	0.969479	0.96638	0.896035	0.925925	0.898042	0.925642	0.924389	0.900029	1.10634	1.10589	1.13004	1.10886	1.12511	1.12804	1.06456	1.07092	1.07226	1.06501	1.06302	1.06727	1.11023	1.11067	1.11899	1.11852	1.11627	1.1101	1.01052	1.01122	1.02402	1.01236	1.01172	1.01461	1.1014	1.09032	1.08793	1.09052	1.08985	1.0811	1.11295	1.08057	1.08394	1.08413	1.08408	1.0831	1.12261	1.13894	1.12199	1.11767	1.14587	1.15124	1.09742	1.09898	1.10151	1.10224	1.10397	1.09646
ERR605266	0.919121	0.925201	0.951505	0.937576	0.923253	0.947877	1.0251	0.986401	1.0117	0.977328	1.01516	1.01021	0.909538	0.901027	0.902556	0.9101	0.912221	0.904734	0.943933	0.933704	0.934649	0.948724	0.947153	0.94926	0.908725	0.905345	0.906872	0.907311	0.931214	0.913162	0.767698	0.805943	0.772103	0.773409	0	0.7516	0.944868	0.946001	0.950049	0.947604	0.953528	0.949778	0.882282	0.914372	0.883274	0.914274	0.912232	0.886844	1.09408	1.09363	1.11864	1.09773	1.11423	1.11715	1.05771	1.06446	1.06535	1.05892	1.05563	1.0603	1.09577	1.09608	1.10538	1.10468	1.10335	1.09556	1.00125	1.00315	1.01745	1.00416	1.00363	1.00633	1.08915	1.07615	1.07385	1.07644	1.07534	1.06625	1.10245	1.06576	1.07001	1.07019	1.07019	1.06951	1.10745	1.12324	1.10682	1.10234	1.13111	1.13614	1.0859	1.08774	1.09138	1.09229	1.09366	1.08524
ERR605265	0.912677	0.919307	0.946809	0.931722	0.916932	0.942961	1.01869	0.979092	1.00514	0.969597	1.00828	1.00364	0.904307	0.895026	0.896715	0.904845	0.907197	0.899257	0.935859	0.925435	0.925796	0.941006	0.938932	0.941558	0.901267	0.897413	0.899701	0.899808	0.924278	0.905434	0.761776	0.80277	0.766968	0.768826	0.7516	0	0.937514	0.938454	0.942751	0.940477	0.946611	0.94258	0.875331	0.908684	0.876307	0.908839	0.906966	0.88044	1.08762	1.08733	1.11301	1.09176	1.10856	1.11155	1.05466	1.06164	1.06242	1.05577	1.05204	1.05689	1.08916	1.08969	1.09932	1.09866	1.09722	1.08907	0.997031	0.999374	1.01448	1.00056	0.999795	1.00284	1.08372	1.07005	1.06759	1.07027	1.06914	1.05989	1.09714	1.05967	1.06362	1.06381	1.0638	1.06281	1.1018	1.11801	1.10135	1.09657	1.12598	1.13124	1.0825	1.08367	1.08796	1.089	1.0903	1.08153
ERR636729	0.9664	0.975837	1.00298	0.984561	0.971344	0.996694	0.960907	0.92037	0.948347	0.910675	0.951934	0.946311	0.884734	0.871506	0.873591	0.883692	0.886621	0.874902	0.894063	0.88524	0.886498	0.897929	0.895296	0.898645	0.85337	0.851422	0.853411	0.853311	0.874621	0.85817	0.954459	0.995254	0.959148	0.961192	0.944868	0.937514	0	0.802612	0.809541	0.806845	0.811398	0.808982	0.925229	0.965528	0.925655	0.96587	0.963871	0.931142	1.10308	1.10298	1.12723	1.10726	1.12318	1.12597	1.1259	1.13474	1.13517	1.1281	1.12189	1.12803	1.10618	1.10647	1.11594	1.115	1.11419	1.106	1.07035	1.07408	1.09381	1.07518	1.07428	1.0785	1.0932	1.08033	1.07767	1.08081	1.07947	1.0706	1.10135	1.06475	1.06932	1.06921	1.06962	1.06832	1.11226	1.12763	1.11204	1.1076	1.13534	1.14014	1.14596	1.14595	1.15323	1.15493	1.15423	1.14533
ERR636728	0.964244	0.973915	1.00275	0.982342	0.969772	0.996333	0.963978	0.922511	0.949615	0.912255	0.953604	0.947814	0.88762	0.872032	0.874071	0.886324	0.88868	0.876524	0.893931	0.885696	0.885966	0.898224	0.895757	0.898769	0.853555	0.851441	0.854344	0.853905	0.875335	0.858641	0.955745	0.995729	0.960777	0.962948	0.946001	0.938454	0.802612	0	0.810713	0.808398	0.812664	0.810922	0.925815	0.964458	0.925765	0.964932	0.962767	0.931303	1.10456	1.10441	1.12836	1.10977	1.12468	1.12748	1.12677	1.13499	1.13549	1.12901	1.12279	1.12879	1.10557	1.10612	1.11558	1.11512	1.1146	1.1053	1.07146	1.07577	1.09497	1.07637	1.07559	1.07979	1.09436	1.08018	1.07806	1.08077	1.07962	1.0708	1.10323	1.06529	1.07002	1.06968	1.07044	1.06927	1.11083	1.12529	1.111	1.1064	1.13345	1.13768	1.14393	1.14404	1.15098	1.15294	1.15221	1.14351
ERR636730	0.970597	0.980046	1.00717	0.987917	0.975552	1.00103	0.966556	0.926731	0.953384	0.917368	0.957312	0.951798	0.89083	0.87757	0.879467	0.889307	0.89225	0.880555	0.899471	0.891747	0.892135	0.903071	0.901245	0.904223	0.858905	0.856966	0.859295	0.859109	0.879136	0.86362	0.959184	0.999004	0.964108	0.966508	0.950049	0.942751	0.809541	0.810713	0	0.808699	0.818747	0.811279	0.931964	0.970136	0.932026	0.970443	0.968385	0.93717	1.10958	1.10948	1.13297	1.11412	1.1291	1.13173	1.13136	1.13977	1.13999	1.13328	1.12728	1.13325	1.11153	1.11175	1.12129	1.12047	1.12013	1.11136	1.0755	1.07935	1.09857	1.08032	1.07952	1.08367	1.09851	1.08531	1.08271	1.08572	1.08458	1.07565	1.10711	1.07073	1.07519	1.07488	1.07544	1.07423	1.1161	1.13072	1.11607	1.11158	1.13857	1.14305	1.14944	1.14945	1.15657	1.15849	1.1577	1.14878
ERR636732	0.966899	0.976672	1.00431	0.984922	0.972042	0.998275	0.964367	0.923851	0.950761	0.914288	0.954431	0.948959	0.887818	0.874136	0.875992	0.886713	0.889534	0.877754	0.896111	0.888402	0.889047	0.900531	0.898087	0.901426	0.855758	0.853861	0.856558	0.856255	0.876588	0.860263	0.957048	0.997009	0.962179	0.964364	0.947604	0.940477	0.806845	0.808398	0.808699	0	0.816641	0.809052	0.928787	0.967616	0.928853	0.96818	0.965609	0.934409	1.10742	1.1075	1.13131	1.11244	1.12752	1.13012	1.12968	1.13806	1.13843	1.13207	1.12559	1.13155	1.10914	1.10952	1.11894	1.11824	1.11756	1.10892	1.07398	1.07826	1.09707	1.07894	1.07796	1.08217	1.09716	1.08359	1.08129	1.08386	1.08287	1.07399	1.10582	1.06863	1.07324	1.07301	1.07369	1.07251	1.11364	1.12847	1.11385	1.10928	1.13614	1.14065	1.14681	1.14689	1.154	1.15613	1.15517	1.14629
ERR636727	0.974432	0.983765	1.01023	0.99158	0.979303	1.00418	0.96965	0.930305	0.95677	0.921277	0.960434	0.955218	0.894643	0.881898	0.883618	0.893543	0.896237	0.884996	0.902241	0.894664	0.895182	0.90553	0.903897	0.906435	0.863521	0.861422	0.863299	0.863395	0.883286	0.867824	0.962407	1.00201	0.967367	0.969479	0.953528	0.946611	0.811398	0.812664	0.818747	0.816641	0	0.819141	0.934558	0.973242	0.935405	0.973116	0.971095	0.94007	1.11111	1.11096	1.13424	1.11543	1.13062	1.13276	1.1331	1.14148	1.14175	1.13511	1.12904	1.13495	1.1135	1.11376	1.12303	1.12224	1.12148	1.1131	1.07739	1.08101	1.10013	1.08218	1.08119	1.08503	1.09992	1.08695	1.08446	1.08738	1.08625	1.07742	1.10795	1.07234	1.07663	1.0767	1.07701	1.07571	1.11776	1.13278	1.11833	1.11352	1.14048	1.14497	1.15134	1.15135	1.15803	1.16003	1.15934	1.15069
ERR636731	0.968976	0.978624	1.00584	0.98654	0.973797	0.999411	0.966389	0.925816	0.952498	0.916535	0.956649	0.951002	0.891037	0.877217	0.879072	0.889895	0.892358	0.880687	0.898386	0.890605	0.891176	0.902196	0.900374	0.903401	0.858355	0.856636	0.859261	0.858601	0.879005	0.863024	0.959183	0.998846	0.96396	0.96638	0.949778	0.94258	0.808982	0.810922	0.811279	0.809052	0.819141	0	0.930961	0.969402	0.931195	0.969772	0.967673	0.936442	1.10867	1.10831	1.13231	1.11341	1.12847	1.13099	1.13065	1.13901	1.13929	1.13299	1.12661	1.13274	1.11022	1.11063	1.12005	1.11937	1.11848	1.11014	1.07489	1.07873	1.09807	1.07951	1.07869	1.08271	1.09788	1.08452	1.08181	1.08494	1.08371	1.0746	1.10679	1.06996	1.07418	1.07413	1.07477	1.07339	1.11531	1.12978	1.11514	1.11042	1.13744	1.14189	1.14823	1.14809	1.15534	1.1573	1.15645	1.14741
ERR608837	0.859264	0.868468	0.906483	0.882766	0.866873	0.899805	1.01795	0.973107	1.00219	0.962453	1.00533	1.00061	0.896329	0.880221	0.882438	0.895737	0.897671	0.887158	0.882727	0.871159	0.870638	0.889947	0.887838	0.890962	0.908912	0.90598	0.909277	0.908238	0.931664	0.913266	0.889982	0.921479	0.894446	0.896035	0.882282	0.875331	0.925229	0.925815	0.931964	0.928787	0.934558	0.930961	0	0.759389	0.716468	0.759552	0.757539	0.722164	1.04595	1.04577	1.07549	1.05279	1.06976	1.07385	1.02041	1.02774	1.02838	1.02312	1.01747	1.02206	1.04213	1.04242	1.05415	1.05356	1.05376	1.04204	0.980331	0.984122	1.00077	0.984071	0.983622	0.987359	1.05286	1.03431	1.03256	1.03505	1.03413	1.0242	1.05749	1.01127	1.01718	1.01657	1.01693	1.01632	1.05273	1.06833	1.05274	1.04751	1.0778	1.08167	1.04628	1.04687	1.05323	1.05461	1.05509	1.04566
ERR608839	0.884919	0.891786	0.927173	0.903166	0.891337	0.921605	1.05388	1.01263	1.03723	1.0025	1.03989	1.03565	0.929555	0.912601	0.91416	0.928169	0.930413	0.920589	0.922377	0.914302	0.912161	0.930015	0.927814	0.930599	0.946303	0.943825	0.94743	0.945481	0.965167	0.949314	0.921117	0.942027	0.924565	0.925925	0.914372	0.908684	0.965528	0.964458	0.970136	0.967616	0.973242	0.969402	0.759389	0	0.758316	0.778825	0.777828	0.762905	1.07982	1.07997	1.10626	1.08845	1.10158	1.10519	1.04058	1.04407	1.04486	1.0433	1.03879	1.04037	1.07318	1.07334	1.08427	1.08399	1.08573	1.07316	1.00797	1.01155	1.02305	1.01078	1.01064	1.01321	1.08633	1.06725	1.06644	1.06773	1.06698	1.0588	1.09093	1.0468	1.05283	1.05241	1.05255	1.05272	1.07923	1.08991	1.0793	1.07492	1.09834	1.10095	1.05958	1.06016	1.06465	1.06544	1.06597	1.0586
ERR608836	0.857287	0.86705	0.905698	0.880829	0.865101	0.899472	1.01961	0.974165	1.00282	0.962842	1.00567	1.00112	0.898868	0.880836	0.883018	0.897801	0.900071	0.888731	0.881988	0.871066	0.869734	0.88983	0.887162	0.890725	0.908745	0.905757	0.909539	0.908303	0.931391	0.913196	0.89194	0.922463	0.896215	0.898042	0.883274	0.876307	0.925655	0.925765	0.932026	0.928853	0.935405	0.931195	0.716468	0.758316	0	0.758825	0.756689	0.722795	1.04691	1.04704	1.07689	1.05506	1.07122	1.07545	1.02168	1.02839	1.02893	1.02467	1.01862	1.02272	1.04159	1.04204	1.05401	1.05327	1.05417	1.04149	0.980883	0.985409	1.00163	0.984886	0.984625	0.988425	1.05408	1.03451	1.03286	1.03503	1.03413	1.02411	1.05966	1.01169	1.01809	1.01748	1.01784	1.01767	1.05107	1.06545	1.05129	1.04624	1.07502	1.07868	1.04461	1.04491	1.05121	1.05259	1.053	1.04345
ERR608838	0.8851	0.892312	0.927877	0.903451	0.891729	0.922334	1.05441	1.01304	1.03746	1.00295	1.03983	1.03578	0.929861	0.912684	0.914409	0.928592	0.930852	0.920839	0.922284	0.914108	0.911837	0.929769	0.927471	0.93074	0.946118	0.94414	0.947639	0.94565	0.964814	0.949769	0.920676	0.941887	0.924305	0.925642	0.914274	0.908839	0.96587	0.964932	0.970443	0.96818	0.973116	0.969772	0.759552	0.778825	0.758825	0	0.778323	0.763554	1.08029	1.0804	1.10667	1.08888	1.10156	1.10538	1.04085	1.04445	1.04485	1.04371	1.039	1.04062	1.07323	1.07365	1.0846	1.08419	1.08594	1.07328	1.00772	1.01142	1.02264	1.01069	1.01052	1.01272	1.08615	1.06739	1.0667	1.068	1.06716	1.05904	1.09129	1.04696	1.05276	1.05261	1.0528	1.05282	1.07884	1.08974	1.07928	1.07477	1.09843	1.10085	1.05982	1.06033	1.06489	1.06565	1.06595	1.05884
ERR608840	0.883317	0.890456	0.926268	0.902103	0.889913	0.920964	1.05245	1.0109	1.03553	1.00054	1.03813	1.03408	0.928426	0.911406	0.913045	0.927176	0.929263	0.919396	0.920256	0.911764	0.909985	0.927727	0.925467	0.928557	0.944847	0.942506	0.945992	0.944221	0.96376	0.948051	0.919333	0.940445	0.922791	0.924389	0.912232	0.906966	0.963871	0.962767	0.968385	0.965609	0.971095	0.967673	0.757539	0.777828	0.756689	0.778323	0	0.761903	1.07827	1.0783	1.1047	1.08691	1.10012	1.1037	1.03977	1.04322	1.04375	1.04227	1.03784	1.03936	1.07102	1.07147	1.08237	1.08209	1.08391	1.07125	1.00595	1.00979	1.0214	1.00904	1.0089	1.01131	1.08415	1.06492	1.06439	1.06569	1.06485	1.05663	1.08905	1.04453	1.05056	1.04993	1.05036	1.05052	1.077	1.08775	1.07706	1.07254	1.09662	1.09899	1.0586	1.05915	1.06379	1.06451	1.06485	1.0577
ERR608835	0.865771	0.874231	0.910347	0.888456	0.872353	0.904123	1.02248	0.979857	1.00818	0.96935	1.01101	1.00632	0.900414	0.885379	0.887308	0.899833	0.902411	0.891929	0.889137	0.87843	0.878332	0.896158	0.893961	0.89723	0.91556	0.912931	0.915362	0.914359	0.937374	0.919589	0.89406	0.924271	0.898152	0.900029	0.886844	0.88044	0.931142	0.931303	0.93717	0.934409	0.94007	0.936442	0.722164	0.762905	0.722795	0.763554	0.761903	0	1.05235	1.05219	1.08114	1.0593	1.0759	1.07965	1.02483	1.03153	1.03214	1.02713	1.02225	1.02631	1.04928	1.0499	1.06113	1.06046	1.06059	1.04942	0.984439	0.988041	1.00405	0.987998	0.987574	0.991267	1.05832	1.04047	1.03848	1.04114	1.04051	1.03059	1.06271	1.0178	1.02374	1.02312	1.02355	1.02287	1.05942	1.07496	1.05951	1.05429	1.08366	1.08788	1.05138	1.05213	1.05772	1.05885	1.05949	1.05061
