	ERR606035	ERR606030	ERR606033	ERR606034	ERR606031	ERR606032	ERR608806	ERR608810	ERR608807	ERR608808	ERR608809	ERR608805	ERR605534	ERR605535	ERR605538	ERR605536	ERR605533	ERR605537	ERR626866	ERR626861	ERR626865	ERR626864	ERR626862	ERR626863	ERR607419	ERR607416	ERR607415	ERR607417	ERR607418	ERR607420	ERR608582	ERR608584	ERR608580	ERR608583	ERR608579	ERR608581	ERR621996	ERR621991	ERR621992	ERR621994	ERR621995	ERR621993	ERR636821	ERR636819	ERR636818	ERR636817	ERR636820	ERR636822	ERR638212	ERR638208	ERR638211	ERR638209	ERR638210	ERR638207	ERR616703	ERR616700	ERR616702	ERR616701	ERR616704	ERR616705	ERR616711	ERR616707	ERR616706	ERR616708	ERR616709	ERR616710	ERR630174	ERR630175	ERR630173	ERR630172	ERR630170	ERR630171	ERR618466	ERR618467	ERR618465	ERR618469	ERR618470	ERR618468	ERR616675	ERR616674	ERR616671	ERR616672	ERR616673	ERR616670	ERR608496	ERR608497	ERR608498	ERR608499	ERR608495	ERR608500	ERR616762	ERR616761	ERR616760	ERR616764	ERR616763	ERR638122
ERR606035	3.55015e+08	2.31219e+08	2.45366e+08	2.44419e+08	3.23442e+08	3.30157e+08	2.85281e+08	2.02372e+08	2.85946e+08	2.03773e+08	2.07361e+08	2.71006e+08	1.84207e+08	1.73527e+08	1.83925e+08	1.83969e+08	1.96548e+08	1.87392e+08	2.48488e+08	2.4713e+08	1.71443e+08	1.73946e+08	2.20326e+08	2.22474e+08	1.92316e+08	1.51209e+08	1.46197e+08	1.4752e+08	1.94186e+08	1.92448e+08	1.85098e+08	1.86085e+08	1.75182e+08	1.83997e+08	1.19783e+08	1.87979e+08	2.31915e+08	2.79824e+08	2.54151e+08	2.53369e+08	2.35483e+08	2.52411e+08	2.3718e+08	2.87233e+08	2.92591e+08	2.60231e+08	2.43159e+08	2.39614e+08	1.18275e+08	1.05909e+08	1.41253e+08	1.02711e+08	1.39751e+08	1.02753e+08	1.52916e+08	1.23453e+08	1.1495e+08	1.26747e+08	1.52863e+08	1.52594e+08	1.47167e+08	1.21285e+08	1.1763e+08	1.09379e+08	1.47062e+08	1.47037e+08	1.97817e+08	1.84763e+08	1.98512e+08	1.64517e+08	2.05298e+08	1.74084e+08	1.64583e+08	1.82292e+08	1.97267e+08	1.70105e+08	1.62413e+08	1.61616e+08	1.6162e+08	1.61108e+08	1.3415e+08	1.21009e+08	1.61399e+08	1.29989e+08	1.71591e+08	1.86913e+08	2.02841e+08	1.92616e+08	1.25429e+08	1.91633e+08	1.45532e+08	1.60793e+08	1.56557e+08	1.92931e+08	1.93118e+08	1.9296e+08
ERR606030	2.31219e+08	3.46816e+08	2.39098e+08	2.38415e+08	3.17234e+08	3.24121e+08	2.79589e+08	1.98138e+08	2.80695e+08	1.99545e+08	2.03119e+08	2.66368e+08	1.80051e+08	1.69957e+08	1.7974e+08	1.79722e+08	1.91735e+08	1.83101e+08	2.43269e+08	2.41906e+08	1.67107e+08	1.69492e+08	2.15913e+08	2.17862e+08	1.87145e+08	1.47567e+08	1.42847e+08	1.43747e+08	1.88918e+08	1.87304e+08	1.81528e+08	1.82513e+08	1.72176e+08	1.80527e+08	1.18861e+08	1.84071e+08	2.27853e+08	2.74365e+08	2.49644e+08	2.48662e+08	2.31353e+08	2.48007e+08	2.34465e+08	2.83043e+08	2.87384e+08	2.56244e+08	2.40258e+08	2.3673e+08	1.16288e+08	1.03747e+08	1.38082e+08	1.00513e+08	1.36872e+08	1.00738e+08	1.50103e+08	1.21085e+08	1.12542e+08	1.24369e+08	1.49937e+08	1.49588e+08	1.43419e+08	1.18247e+08	1.14795e+08	1.06392e+08	1.43458e+08	1.43295e+08	1.94408e+08	1.82541e+08	1.95394e+08	1.61959e+08	2.01755e+08	1.71429e+08	1.60998e+08	1.77976e+08	1.92384e+08	1.65431e+08	1.58109e+08	1.57157e+08	1.59002e+08	1.58435e+08	1.31809e+08	1.18873e+08	1.58878e+08	1.27862e+08	1.66483e+08	1.81014e+08	1.96684e+08	1.86845e+08	1.23014e+08	1.86108e+08	1.42552e+08	1.57789e+08	1.53792e+08	1.89587e+08	1.89657e+08	1.89515e+08
ERR606033	2.45366e+08	2.39098e+08	3.76744e+08	2.52716e+08	3.34678e+08	3.41808e+08	2.95771e+08	2.09792e+08	2.96434e+08	2.11323e+08	2.15072e+08	2.81035e+08	1.90811e+08	1.79744e+08	1.90578e+08	1.90873e+08	2.03629e+08	1.94063e+08	2.57437e+08	2.56057e+08	1.77596e+08	1.80267e+08	2.28224e+08	2.30547e+08	1.99345e+08	1.56571e+08	1.51256e+08	1.52662e+08	2.00955e+08	1.99348e+08	1.91672e+08	1.92689e+08	1.8162e+08	1.90759e+08	1.24003e+08	1.94904e+08	2.40341e+08	2.90133e+08	2.63144e+08	2.62792e+08	2.44051e+08	2.61566e+08	2.45939e+08	2.97864e+08	3.03618e+08	2.6984e+08	2.52187e+08	2.48369e+08	1.22096e+08	1.09414e+08	1.46105e+08	1.06101e+08	1.44645e+08	1.06094e+08	1.58458e+08	1.27917e+08	1.19121e+08	1.31482e+08	1.58355e+08	1.57986e+08	1.52201e+08	1.25586e+08	1.21812e+08	1.13273e+08	1.52106e+08	1.52094e+08	2.04927e+08	1.91279e+08	2.05616e+08	1.70495e+08	2.12774e+08	1.80369e+08	1.70073e+08	1.88689e+08	2.04102e+08	1.76109e+08	1.68181e+08	1.67401e+08	1.67553e+08	1.66926e+08	1.39144e+08	1.25698e+08	1.67376e+08	1.34986e+08	1.77654e+08	1.93696e+08	2.1016e+08	1.99554e+08	1.29754e+08	1.98599e+08	1.50632e+08	1.66537e+08	1.62086e+08	1.99558e+08	1.9998e+08	1.9965e+08
ERR606034	2.44419e+08	2.38415e+08	2.52716e+08	3.73477e+08	3.33236e+08	3.40585e+08	2.94e+08	2.08364e+08	2.94811e+08	2.09966e+08	2.136e+08	2.79571e+08	1.89934e+08	1.78941e+08	1.89579e+08	1.89655e+08	2.02581e+08	1.93129e+08	2.56229e+08	2.54966e+08	1.76787e+08	1.79263e+08	2.27233e+08	2.29318e+08	1.98599e+08	1.56179e+08	1.50949e+08	1.52242e+08	2.00386e+08	1.98717e+08	1.91043e+08	1.9202e+08	1.81003e+08	1.89945e+08	1.23601e+08	1.94037e+08	2.39224e+08	2.88867e+08	2.62248e+08	2.61429e+08	2.4298e+08	2.60463e+08	2.4453e+08	2.96364e+08	3.01671e+08	2.68384e+08	2.5076e+08	2.47004e+08	1.22064e+08	1.09198e+08	1.45777e+08	1.05972e+08	1.44291e+08	1.06041e+08	1.5801e+08	1.27485e+08	1.18629e+08	1.30958e+08	1.57755e+08	1.57486e+08	1.51878e+08	1.252e+08	1.21481e+08	1.12881e+08	1.51762e+08	1.51669e+08	2.04305e+08	1.90781e+08	2.05059e+08	1.6991e+08	2.12165e+08	1.79857e+08	1.69755e+08	1.88093e+08	2.03477e+08	1.755e+08	1.67681e+08	1.66863e+08	1.66955e+08	1.66312e+08	1.3857e+08	1.24954e+08	1.66749e+08	1.34265e+08	1.77e+08	1.92754e+08	2.09257e+08	1.98788e+08	1.29396e+08	1.97825e+08	1.4999e+08	1.65738e+08	1.61379e+08	1.9896e+08	1.9925e+08	1.98969e+08
ERR606031	3.23442e+08	3.17234e+08	3.34678e+08	3.33236e+08	6.15221e+08	4.56513e+08	3.93492e+08	2.77106e+08	3.94414e+08	2.79333e+08	2.84202e+08	3.73458e+08	2.5258e+08	2.37902e+08	2.52282e+08	2.52545e+08	2.69787e+08	2.57033e+08	3.42574e+08	3.40878e+08	2.3518e+08	2.38703e+08	3.0322e+08	3.06395e+08	2.70106e+08	2.12078e+08	2.0504e+08	2.0685e+08	2.72614e+08	2.70153e+08	2.58949e+08	2.60419e+08	2.45406e+08	2.57511e+08	1.67512e+08	2.6333e+08	3.19746e+08	3.86966e+08	3.50634e+08	3.49936e+08	3.24801e+08	3.48248e+08	3.2599e+08	3.96152e+08	4.03843e+08	3.58238e+08	3.34284e+08	3.29262e+08	1.65348e+08	1.48284e+08	1.98011e+08	1.43975e+08	1.95887e+08	1.43864e+08	2.14097e+08	1.72928e+08	1.61125e+08	1.77724e+08	2.13834e+08	2.13577e+08	2.06429e+08	1.70471e+08	1.65396e+08	1.53804e+08	2.06326e+08	2.06306e+08	2.76605e+08	2.58117e+08	2.77416e+08	2.30143e+08	2.87176e+08	2.43322e+08	2.30975e+08	2.56099e+08	2.76925e+08	2.38955e+08	2.28118e+08	2.27051e+08	2.25681e+08	2.25042e+08	1.8771e+08	1.69285e+08	2.25681e+08	1.81863e+08	2.40636e+08	2.62338e+08	2.84534e+08	2.70239e+08	1.75669e+08	2.6885e+08	2.02618e+08	2.24084e+08	2.18103e+08	2.68543e+08	2.68809e+08	2.68496e+08
ERR606032	3.30157e+08	3.24121e+08	3.41808e+08	3.40585e+08	4.56513e+08	6.38974e+08	4.02298e+08	2.83222e+08	4.03063e+08	2.85383e+08	2.90471e+08	3.81905e+08	2.58319e+08	2.43209e+08	2.57963e+08	2.58152e+08	2.75962e+08	2.62814e+08	3.50065e+08	3.48214e+08	2.4031e+08	2.43811e+08	3.09823e+08	3.12894e+08	2.76544e+08	2.17177e+08	2.09761e+08	2.11666e+08	2.79133e+08	2.76667e+08	2.6493e+08	2.6612e+08	2.50957e+08	2.63413e+08	1.71012e+08	2.69352e+08	3.26878e+08	3.9562e+08	3.58242e+08	3.57943e+08	3.31958e+08	3.55978e+08	3.32874e+08	4.04597e+08	4.12662e+08	3.6599e+08	3.41554e+08	3.36405e+08	1.69029e+08	1.51881e+08	2.02687e+08	1.472e+08	2.00529e+08	1.47268e+08	2.18918e+08	1.76869e+08	1.64725e+08	1.8183e+08	2.18681e+08	2.18273e+08	2.11222e+08	1.74554e+08	1.69305e+08	1.57353e+08	2.11326e+08	2.11092e+08	2.82864e+08	2.63972e+08	2.83675e+08	2.35425e+08	2.93599e+08	2.48781e+08	2.362e+08	2.62048e+08	2.83558e+08	2.44756e+08	2.3365e+08	2.32414e+08	2.30953e+08	2.30151e+08	1.9193e+08	1.73164e+08	2.30754e+08	1.86088e+08	2.46319e+08	2.68601e+08	2.91444e+08	2.76611e+08	1.79532e+08	2.7522e+08	2.07155e+08	2.29149e+08	2.22925e+08	2.74509e+08	2.74836e+08	2.74444e+08
ERR608806	2.85281e+08	2.79589e+08	2.95771e+08	2.94e+08	3.93492e+08	4.02298e+08	5.66075e+08	2.87337e+08	4.0877e+08	2.8962e+08	2.94757e+08	3.87312e+08	2.38126e+08	2.24247e+08	2.38066e+08	2.3825e+08	2.54471e+08	2.42443e+08	3.28256e+08	3.26383e+08	2.2555e+08	2.2905e+08	2.90287e+08	2.93332e+08	2.56185e+08	2.00885e+08	1.93978e+08	1.9586e+08	2.58509e+08	2.56448e+08	2.51219e+08	2.52646e+08	2.37981e+08	2.50011e+08	1.62226e+08	2.5585e+08	2.9886e+08	3.61201e+08	3.27373e+08	3.27045e+08	3.03718e+08	3.25586e+08	3.1492e+08	3.82012e+08	3.89867e+08	3.45985e+08	3.22939e+08	3.17925e+08	1.58408e+08	1.42665e+08	1.9071e+08	1.38274e+08	1.88387e+08	1.38362e+08	2.08307e+08	1.68372e+08	1.56949e+08	1.73086e+08	2.07903e+08	2.07665e+08	1.97355e+08	1.63173e+08	1.58246e+08	1.47307e+08	1.972e+08	1.97038e+08	2.66286e+08	2.48364e+08	2.6714e+08	2.21518e+08	2.76532e+08	2.34199e+08	2.20561e+08	2.44773e+08	2.64679e+08	2.28738e+08	2.1853e+08	2.17291e+08	2.18549e+08	2.17716e+08	1.81837e+08	1.64049e+08	2.18298e+08	1.76179e+08	2.30602e+08	2.51851e+08	2.72624e+08	2.58837e+08	1.67734e+08	2.57674e+08	1.97365e+08	2.18125e+08	2.12214e+08	2.60895e+08	2.6109e+08	2.61045e+08
ERR608810	2.02372e+08	1.98138e+08	2.09792e+08	2.08364e+08	2.77106e+08	2.83222e+08	2.87337e+08	3.13369e+08	2.8766e+08	2.08068e+08	2.1155e+08	2.73132e+08	1.68647e+08	1.59213e+08	1.68918e+08	1.69055e+08	1.80223e+08	1.72013e+08	2.31055e+08	2.29752e+08	1.60152e+08	1.62638e+08	2.0486e+08	2.07108e+08	1.74086e+08	1.36557e+08	1.3185e+08	1.33145e+08	1.75757e+08	1.74274e+08	1.72417e+08	1.73321e+08	1.63293e+08	1.71652e+08	1.11383e+08	1.75636e+08	2.11013e+08	2.53956e+08	2.30746e+08	2.30621e+08	2.14294e+08	2.29653e+08	2.23657e+08	2.69385e+08	2.7487e+08	2.45129e+08	2.2927e+08	2.25768e+08	1.07495e+08	9.69422e+07	1.29492e+08	9.40152e+07	1.28023e+08	9.38782e+07	1.43566e+08	1.16033e+08	1.08141e+08	1.19263e+08	1.43256e+08	1.4296e+08	1.33989e+08	1.1084e+08	1.07426e+08	1.00066e+08	1.33966e+08	1.33852e+08	1.83438e+08	1.71045e+08	1.84028e+08	1.52574e+08	1.90453e+08	1.61361e+08	1.49438e+08	1.65877e+08	1.79509e+08	1.55209e+08	1.48202e+08	1.475e+08	1.51106e+08	1.5042e+08	1.25595e+08	1.1346e+08	1.50978e+08	1.2172e+08	1.5696e+08	1.71459e+08	1.85523e+08	1.76201e+08	1.14e+08	1.75322e+08	1.36376e+08	1.50595e+08	1.46599e+08	1.80178e+08	1.80393e+08	1.80256e+08
ERR608807	2.85946e+08	2.80695e+08	2.96434e+08	2.94811e+08	3.94414e+08	4.03063e+08	4.0877e+08	2.8766e+08	5.68001e+08	2.90023e+08	2.95157e+08	3.88125e+08	2.38483e+08	2.24903e+08	2.3843e+08	2.38634e+08	2.5487e+08	2.42822e+08	3.28642e+08	3.26859e+08	2.25778e+08	2.29287e+08	2.90897e+08	2.94075e+08	2.57312e+08	2.02014e+08	1.95202e+08	1.96906e+08	2.59662e+08	2.57647e+08	2.52433e+08	2.53924e+08	2.39128e+08	2.51178e+08	1.63386e+08	2.56987e+08	2.99653e+08	3.62147e+08	3.28501e+08	3.28031e+08	3.04441e+08	3.26487e+08	3.15725e+08	3.83073e+08	3.90721e+08	3.46995e+08	3.23895e+08	3.18977e+08	1.59708e+08	1.43585e+08	1.91635e+08	1.39058e+08	1.89569e+08	1.39126e+08	2.09177e+08	1.69141e+08	1.57394e+08	1.73778e+08	2.08822e+08	2.08587e+08	1.98345e+08	1.63952e+08	1.59087e+08	1.47967e+08	1.98263e+08	1.9816e+08	2.67487e+08	2.49763e+08	2.68226e+08	2.22513e+08	2.7778e+08	2.35292e+08	2.21862e+08	2.45917e+08	2.65977e+08	2.29602e+08	2.19396e+08	2.18135e+08	2.19685e+08	2.18902e+08	1.82617e+08	1.64671e+08	2.19446e+08	1.76917e+08	2.31481e+08	2.52724e+08	2.73747e+08	2.59797e+08	1.68876e+08	2.58736e+08	1.97874e+08	2.18717e+08	2.12829e+08	2.6183e+08	2.62101e+08	2.61937e+08
ERR608808	2.03773e+08	1.99545e+08	2.11323e+08	2.09966e+08	2.79333e+08	2.85383e+08	2.8962e+08	2.08068e+08	2.90023e+08	3.17691e+08	2.13364e+08	2.7547e+08	1.69807e+08	1.60434e+08	1.70095e+08	1.70205e+08	1.81484e+08	1.73161e+08	2.33259e+08	2.31901e+08	1.61648e+08	1.64107e+08	2.06632e+08	2.08921e+08	1.75552e+08	1.3753e+08	1.32783e+08	1.3411e+08	1.7725e+08	1.75713e+08	1.73887e+08	1.74779e+08	1.64768e+08	1.7299e+08	1.12255e+08	1.77094e+08	2.12825e+08	2.56085e+08	2.32727e+08	2.32493e+08	2.16342e+08	2.31518e+08	2.25289e+08	2.71465e+08	2.76977e+08	2.47122e+08	2.30952e+08	2.27581e+08	1.08238e+08	9.76012e+07	1.30427e+08	9.46259e+07	1.28955e+08	9.44623e+07	1.44669e+08	1.17007e+08	1.08942e+08	1.20154e+08	1.44483e+08	1.44099e+08	1.34981e+08	1.1169e+08	1.08306e+08	1.00867e+08	1.34947e+08	1.34861e+08	1.84967e+08	1.72314e+08	1.85464e+08	1.53768e+08	1.91943e+08	1.62598e+08	1.50475e+08	1.6712e+08	1.80707e+08	1.56388e+08	1.49338e+08	1.48554e+08	1.52262e+08	1.51482e+08	1.26608e+08	1.14293e+08	1.52122e+08	1.22522e+08	1.58106e+08	1.72758e+08	1.86996e+08	1.7754e+08	1.14788e+08	1.76563e+08	1.37679e+08	1.51982e+08	1.48021e+08	1.81822e+08	1.81941e+08	1.81863e+08
ERR608809	2.07361e+08	2.03119e+08	2.15072e+08	2.136e+08	2.84202e+08	2.90471e+08	2.94757e+08	2.1155e+08	2.95157e+08	2.13364e+08	3.26722e+08	2.80188e+08	1.72699e+08	1.63141e+08	1.72977e+08	1.73033e+08	1.84576e+08	1.76226e+08	2.37208e+08	2.35971e+08	1.64344e+08	1.66906e+08	2.10269e+08	2.12575e+08	1.78842e+08	1.40203e+08	1.354e+08	1.36776e+08	1.80497e+08	1.79048e+08	1.77141e+08	1.78142e+08	1.67863e+08	1.76306e+08	1.14402e+08	1.80387e+08	2.16393e+08	2.60636e+08	2.36699e+08	2.36495e+08	2.19875e+08	2.35478e+08	2.29127e+08	2.76215e+08	2.81733e+08	2.51294e+08	2.34908e+08	2.31281e+08	1.10388e+08	9.96627e+07	1.32998e+08	9.64809e+07	1.31526e+08	9.64557e+07	1.47374e+08	1.1919e+08	1.11038e+08	1.225e+08	1.4718e+08	1.46918e+08	1.37703e+08	1.13856e+08	1.10484e+08	1.02824e+08	1.37712e+08	1.37597e+08	1.88237e+08	1.75573e+08	1.88908e+08	1.56627e+08	1.95487e+08	1.65617e+08	1.53459e+08	1.70458e+08	1.84362e+08	1.59496e+08	1.52259e+08	1.51519e+08	1.5512e+08	1.54229e+08	1.2893e+08	1.16373e+08	1.54943e+08	1.24886e+08	1.61163e+08	1.76058e+08	1.90518e+08	1.80916e+08	1.17074e+08	1.79946e+08	1.40161e+08	1.54719e+08	1.50579e+08	1.8519e+08	1.85351e+08	1.85192e+08
ERR608805	2.71006e+08	2.66368e+08	2.81035e+08	2.79571e+08	3.73458e+08	3.81905e+08	3.87312e+08	2.73132e+08	3.88125e+08	2.7547e+08	2.80188e+08	5.16766e+08	2.26162e+08	2.13123e+08	2.25982e+08	2.26172e+08	2.41681e+08	2.30158e+08	3.11355e+08	3.09526e+08	2.14054e+08	2.17297e+08	2.75568e+08	2.78333e+08	2.4211e+08	1.89964e+08	1.83637e+08	1.85197e+08	2.44394e+08	2.42352e+08	2.3809e+08	2.39247e+08	2.25477e+08	2.36806e+08	1.54083e+08	2.42116e+08	2.83731e+08	3.42801e+08	3.10813e+08	3.10469e+08	2.88292e+08	3.09113e+08	2.99709e+08	3.62958e+08	3.7016e+08	3.29155e+08	3.07321e+08	3.0274e+08	1.50115e+08	1.35029e+08	1.80309e+08	1.30887e+08	1.78289e+08	1.30895e+08	1.97206e+08	1.59506e+08	1.4851e+08	1.64007e+08	1.96956e+08	1.96711e+08	1.86654e+08	1.54234e+08	1.4955e+08	1.39084e+08	1.86497e+08	1.86288e+08	2.52309e+08	2.35609e+08	2.53189e+08	2.09992e+08	2.62043e+08	2.22108e+08	2.08446e+08	2.31305e+08	2.50092e+08	2.15909e+08	2.06214e+08	2.05119e+08	2.07222e+08	2.06529e+08	1.72347e+08	1.55542e+08	2.07134e+08	1.66952e+08	2.17821e+08	2.3756e+08	2.57381e+08	2.44296e+08	1.58806e+08	2.43218e+08	1.86786e+08	2.06513e+08	2.01073e+08	2.4721e+08	2.47204e+08	2.47351e+08
ERR605534	1.84207e+08	1.80051e+08	1.90811e+08	1.89934e+08	2.5258e+08	2.58319e+08	2.38126e+08	1.68647e+08	2.38483e+08	1.69807e+08	1.72699e+08	2.26162e+08	3.63861e+08	2.46009e+08	2.60036e+08	2.60423e+08	2.74479e+08	2.64021e+08	2.14522e+08	2.13325e+08	1.4846e+08	1.50775e+08	1.90159e+08	1.92175e+08	1.5586e+08	1.22124e+08	1.18077e+08	1.19399e+08	1.57319e+08	1.56024e+08	1.50325e+08	1.51178e+08	1.42374e+08	1.49659e+08	9.65711e+07	1.53106e+08	1.99958e+08	2.41518e+08	2.18935e+08	2.18856e+08	2.03295e+08	2.1777e+08	2.13938e+08	2.58434e+08	2.63637e+08	2.34792e+08	2.1937e+08	2.15973e+08	9.6554e+07	8.70252e+07	1.16268e+08	8.45797e+07	1.15126e+08	8.43961e+07	1.23715e+08	1.00036e+08	9.32242e+07	1.02803e+08	1.23664e+08	1.23477e+08	1.2102e+08	9.97789e+07	9.6924e+07	9.02786e+07	1.20947e+08	1.20837e+08	1.60637e+08	1.49159e+08	1.60879e+08	1.33556e+08	1.66754e+08	1.40874e+08	1.3704e+08	1.52112e+08	1.64503e+08	1.42463e+08	1.35809e+08	1.35261e+08	1.29458e+08	1.29129e+08	1.07662e+08	9.73142e+07	1.294e+08	1.04462e+08	1.38805e+08	1.51508e+08	1.6433e+08	1.55769e+08	1.00788e+08	1.5511e+08	1.1759e+08	1.29928e+08	1.26596e+08	1.55501e+08	1.55836e+08	1.55807e+08
ERR605535	1.73527e+08	1.69957e+08	1.79744e+08	1.78941e+08	2.37902e+08	2.43209e+08	2.24247e+08	1.59213e+08	2.24903e+08	1.60434e+08	1.63141e+08	2.13123e+08	2.46009e+08	3.32537e+08	2.47196e+08	2.47698e+08	2.60494e+08	2.50951e+08	2.01992e+08	2.00736e+08	1.40187e+08	1.42255e+08	1.79174e+08	1.81186e+08	1.4623e+08	1.14526e+08	1.10731e+08	1.1194e+08	1.47477e+08	1.46346e+08	1.40843e+08	1.4169e+08	1.33513e+08	1.40261e+08	9.06471e+07	1.43487e+08	1.88657e+08	2.2767e+08	2.06215e+08	2.06379e+08	1.91656e+08	2.05336e+08	2.02452e+08	2.44019e+08	2.48884e+08	2.21774e+08	2.0743e+08	2.04203e+08	9.0599e+07	8.16704e+07	1.09044e+08	7.92589e+07	1.07883e+08	7.91391e+07	1.15987e+08	9.38847e+07	8.75299e+07	9.6478e+07	1.15974e+08	1.15792e+08	1.13321e+08	9.35972e+07	9.08879e+07	8.46683e+07	1.13311e+08	1.13203e+08	1.50728e+08	1.39918e+08	1.50977e+08	1.25213e+08	1.56225e+08	1.32277e+08	1.28663e+08	1.4277e+08	1.54543e+08	1.33729e+08	1.27527e+08	1.26902e+08	1.21469e+08	1.21043e+08	1.00962e+08	9.13415e+07	1.21335e+08	9.79939e+07	1.30176e+08	1.42071e+08	1.54025e+08	1.45976e+08	9.45185e+07	1.45294e+08	1.10277e+08	1.21873e+08	1.18599e+08	1.45815e+08	1.46086e+08	1.45973e+08
ERR605538	1.83925e+08	1.7974e+08	1.90578e+08	1.89579e+08	2.52282e+08	2.57963e+08	2.38066e+08	1.68918e+08	2.3843e+08	1.70095e+08	1.72977e+08	2.25982e+08	2.60036e+08	2.47196e+08	3.67457e+08	2.63361e+08	2.75851e+08	2.66836e+08	2.14408e+08	2.12964e+08	1.48587e+08	1.5088e+08	1.89971e+08	1.92074e+08	1.54909e+08	1.21226e+08	1.17138e+08	1.18433e+08	1.56215e+08	1.55022e+08	1.49157e+08	1.50007e+08	1.41245e+08	1.48487e+08	9.56899e+07	1.52008e+08	1.99508e+08	2.40813e+08	2.18149e+08	2.1838e+08	2.02709e+08	2.17134e+08	2.14282e+08	2.58431e+08	2.63922e+08	2.35126e+08	2.19526e+08	2.16189e+08	9.56327e+07	8.64065e+07	1.15406e+08	8.38012e+07	1.14149e+08	8.37601e+07	1.22852e+08	9.94014e+07	9.26753e+07	1.0216e+08	1.22774e+08	1.2265e+08	1.20125e+08	9.92371e+07	9.63159e+07	8.98536e+07	1.20163e+08	1.20013e+08	1.59557e+08	1.48093e+08	1.59779e+08	1.32599e+08	1.65574e+08	1.39956e+08	1.35945e+08	1.51103e+08	1.63482e+08	1.41649e+08	1.35107e+08	1.34518e+08	1.28439e+08	1.28121e+08	1.0686e+08	9.67177e+07	1.28398e+08	1.03661e+08	1.37985e+08	1.50713e+08	1.63408e+08	1.54802e+08	9.98999e+07	1.54162e+08	1.17023e+08	1.29103e+08	1.25658e+08	1.54332e+08	1.54808e+08	1.54708e+08
ERR605536	1.83969e+08	1.79722e+08	1.90873e+08	1.89655e+08	2.52545e+08	2.58152e+08	2.3825e+08	1.69055e+08	2.38634e+08	1.70205e+08	1.73033e+08	2.26172e+08	2.60423e+08	2.47698e+08	2.63361e+08	3.68612e+08	2.76316e+08	2.67347e+08	2.14518e+08	2.13275e+08	1.48849e+08	1.51094e+08	1.90197e+08	1.92263e+08	1.55259e+08	1.2153e+08	1.17424e+08	1.18776e+08	1.56791e+08	1.5564e+08	1.49627e+08	1.50445e+08	1.41663e+08	1.48764e+08	9.59511e+07	1.52434e+08	1.99835e+08	2.41254e+08	2.18539e+08	2.18792e+08	2.03047e+08	2.17638e+08	2.14395e+08	2.58788e+08	2.64191e+08	2.35285e+08	2.19728e+08	2.16313e+08	9.58274e+07	8.65444e+07	1.15659e+08	8.40404e+07	1.14414e+08	8.38753e+07	1.23159e+08	9.9692e+07	9.3045e+07	1.02514e+08	1.23192e+08	1.23016e+08	1.20516e+08	9.94394e+07	9.66019e+07	8.99824e+07	1.20394e+08	1.20182e+08	1.59942e+08	1.48341e+08	1.60143e+08	1.32905e+08	1.65866e+08	1.40238e+08	1.36399e+08	1.51543e+08	1.63927e+08	1.41984e+08	1.35442e+08	1.34922e+08	1.2881e+08	1.28439e+08	1.07155e+08	9.69105e+07	1.2874e+08	1.03887e+08	1.3841e+08	1.51227e+08	1.6394e+08	1.5531e+08	1.00184e+08	1.54574e+08	1.17205e+08	1.29393e+08	1.25996e+08	1.54637e+08	1.55027e+08	1.54967e+08
ERR605533	1.96548e+08	1.91735e+08	2.03629e+08	2.02581e+08	2.69787e+08	2.75962e+08	2.54471e+08	1.80223e+08	2.5487e+08	1.81484e+08	1.84576e+08	2.41681e+08	2.74479e+08	2.60494e+08	2.75851e+08	2.76316e+08	4.03603e+08	2.80015e+08	2.29121e+08	2.27822e+08	1.58608e+08	1.6106e+08	2.02977e+08	2.05148e+08	1.66758e+08	1.30623e+08	1.26306e+08	1.27769e+08	1.68351e+08	1.66966e+08	1.60795e+08	1.61837e+08	1.52225e+08	1.60067e+08	1.03184e+08	1.63913e+08	2.13105e+08	2.5753e+08	2.33159e+08	2.33333e+08	2.16507e+08	2.32145e+08	2.28367e+08	2.76002e+08	2.81728e+08	2.5078e+08	2.34119e+08	2.30452e+08	1.03136e+08	9.30329e+07	1.24296e+08	9.03234e+07	1.23039e+08	9.02469e+07	1.32279e+08	1.07013e+08	9.98772e+07	1.09976e+08	1.32269e+08	1.32078e+08	1.29348e+08	1.06822e+08	1.03646e+08	9.6587e+07	1.29301e+08	1.29234e+08	1.7182e+08	1.59356e+08	1.72048e+08	1.42836e+08	1.78211e+08	1.50699e+08	1.46241e+08	1.62596e+08	1.75849e+08	1.52266e+08	1.45177e+08	1.44626e+08	1.38462e+08	1.37934e+08	1.15102e+08	1.04144e+08	1.38319e+08	1.11672e+08	1.48667e+08	1.62252e+08	1.76e+08	1.66828e+08	1.0767e+08	1.6605e+08	1.25864e+08	1.39035e+08	1.35351e+08	1.662e+08	1.66601e+08	1.66446e+08
ERR605537	1.87392e+08	1.83101e+08	1.94063e+08	1.93129e+08	2.57033e+08	2.62814e+08	2.42443e+08	1.72013e+08	2.42822e+08	1.73161e+08	1.76226e+08	2.30158e+08	2.64021e+08	2.50951e+08	2.66836e+08	2.67347e+08	2.80015e+08	3.77421e+08	2.18305e+08	2.16993e+08	1.5143e+08	1.53735e+08	1.93553e+08	1.95653e+08	1.57713e+08	1.23497e+08	1.19297e+08	1.20665e+08	1.59171e+08	1.57862e+08	1.51965e+08	1.52796e+08	1.43989e+08	1.51303e+08	9.75546e+07	1.54923e+08	2.03109e+08	2.4525e+08	2.22162e+08	2.22205e+08	2.06384e+08	2.21176e+08	2.18126e+08	2.63291e+08	2.68759e+08	2.39397e+08	2.23582e+08	2.2012e+08	9.75033e+07	8.80026e+07	1.17526e+08	8.5433e+07	1.16217e+08	8.53627e+07	1.25193e+08	1.01325e+08	9.44496e+07	1.04121e+08	1.25084e+08	1.24956e+08	1.22329e+08	1.00998e+08	9.80317e+07	9.13436e+07	1.22269e+08	1.2214e+08	1.62708e+08	1.50876e+08	1.62821e+08	1.35088e+08	1.6868e+08	1.42621e+08	1.38456e+08	1.53819e+08	1.66392e+08	1.44051e+08	1.37438e+08	1.36883e+08	1.31002e+08	1.30585e+08	1.08945e+08	9.85064e+07	1.3099e+08	1.05677e+08	1.40464e+08	1.53419e+08	1.66294e+08	1.57662e+08	1.0187e+08	1.56873e+08	1.19208e+08	1.31643e+08	1.28184e+08	1.57496e+08	1.57787e+08	1.57723e+08
ERR626866	2.48488e+08	2.43269e+08	2.57437e+08	2.56229e+08	3.42574e+08	3.50065e+08	3.28256e+08	2.31055e+08	3.28642e+08	2.33259e+08	2.37208e+08	3.11355e+08	2.14522e+08	2.01992e+08	2.14408e+08	2.14518e+08	2.29121e+08	2.18305e+08	4.9333e+08	3.46922e+08	2.40985e+08	2.44498e+08	3.09631e+08	3.12848e+08	2.29902e+08	1.80445e+08	1.7441e+08	1.7596e+08	2.3197e+08	2.30144e+08	2.25434e+08	2.26688e+08	2.13444e+08	2.2427e+08	1.45666e+08	2.2943e+08	2.72631e+08	3.30072e+08	2.98691e+08	2.98274e+08	2.76809e+08	2.97224e+08	2.83967e+08	3.45478e+08	3.52594e+08	3.1243e+08	2.91306e+08	2.87112e+08	1.44433e+08	1.29502e+08	1.72898e+08	1.25573e+08	1.71042e+08	1.25517e+08	1.83727e+08	1.48297e+08	1.38014e+08	1.5246e+08	1.83524e+08	1.8325e+08	1.77806e+08	1.46679e+08	1.42277e+08	1.32303e+08	1.77784e+08	1.77636e+08	2.39076e+08	2.23099e+08	2.39853e+08	1.98669e+08	2.48235e+08	2.103e+08	1.99593e+08	2.21412e+08	2.39557e+08	2.06671e+08	1.97428e+08	1.96198e+08	1.93038e+08	1.9243e+08	1.60245e+08	1.44608e+08	1.92933e+08	1.55345e+08	2.05222e+08	2.23656e+08	2.42945e+08	2.30599e+08	1.49902e+08	2.29455e+08	1.73936e+08	1.92316e+08	1.87069e+08	2.30324e+08	2.30663e+08	2.30499e+08
ERR626861	2.4713e+08	2.41906e+08	2.56057e+08	2.54966e+08	3.40878e+08	3.48214e+08	3.26383e+08	2.29752e+08	3.26859e+08	2.31901e+08	2.35971e+08	3.09526e+08	2.13325e+08	2.00736e+08	2.12964e+08	2.13275e+08	2.27822e+08	2.16993e+08	3.46922e+08	4.88404e+08	2.39422e+08	2.4286e+08	3.08514e+08	3.11622e+08	2.28742e+08	1.79537e+08	1.7354e+08	1.75203e+08	2.30765e+08	2.29034e+08	2.24381e+08	2.25669e+08	2.12504e+08	2.232e+08	1.44867e+08	2.2845e+08	2.71226e+08	3.28229e+08	2.97256e+08	2.96611e+08	2.75289e+08	2.9561e+08	2.82442e+08	3.43281e+08	3.50418e+08	3.1046e+08	2.8964e+08	2.85481e+08	1.43703e+08	1.28917e+08	1.72012e+08	1.25087e+08	1.70095e+08	1.24922e+08	1.82921e+08	1.4767e+08	1.374e+08	1.51688e+08	1.82749e+08	1.82524e+08	1.77034e+08	1.45971e+08	1.41626e+08	1.31745e+08	1.76994e+08	1.76853e+08	2.37952e+08	2.22117e+08	2.38703e+08	1.97829e+08	2.47274e+08	2.09366e+08	1.98671e+08	2.20323e+08	2.38439e+08	2.0564e+08	1.96565e+08	1.95295e+08	1.9222e+08	1.91561e+08	1.59565e+08	1.43917e+08	1.91978e+08	1.54702e+08	2.04253e+08	2.22644e+08	2.41691e+08	2.29213e+08	1.48969e+08	2.28403e+08	1.73072e+08	1.91213e+08	1.86162e+08	2.29285e+08	2.29451e+08	2.29325e+08
ERR626865	1.71443e+08	1.67107e+08	1.77596e+08	1.76787e+08	2.3518e+08	2.4031e+08	2.2555e+08	1.60152e+08	2.25778e+08	1.61648e+08	1.64344e+08	2.14054e+08	1.4846e+08	1.40187e+08	1.48587e+08	1.48849e+08	1.58608e+08	1.5143e+08	2.40985e+08	2.39422e+08	2.65079e+08	1.70938e+08	2.14004e+08	2.16187e+08	1.54939e+08	1.21388e+08	1.17301e+08	1.18583e+08	1.56477e+08	1.5515e+08	1.51602e+08	1.52432e+08	1.43569e+08	1.50871e+08	9.75109e+07	1.5439e+08	1.87386e+08	2.2646e+08	2.05099e+08	2.05077e+08	1.90216e+08	2.04094e+08	1.95526e+08	2.37092e+08	2.42186e+08	2.14778e+08	2.00405e+08	1.97409e+08	9.66132e+07	8.7054e+07	1.16225e+08	8.44041e+07	1.14848e+08	8.42866e+07	1.23557e+08	9.977e+07	9.29087e+07	1.02595e+08	1.23387e+08	1.23236e+08	1.1954e+08	9.86984e+07	9.57705e+07	8.91271e+07	1.19567e+08	1.19413e+08	1.60773e+08	1.49666e+08	1.61211e+08	1.33692e+08	1.66966e+08	1.41377e+08	1.34039e+08	1.48769e+08	1.61142e+08	1.39226e+08	1.32988e+08	1.32293e+08	1.29774e+08	1.29259e+08	1.07812e+08	9.73056e+07	1.29626e+08	1.04537e+08	1.3845e+08	1.51032e+08	1.63829e+08	1.55477e+08	1.00646e+08	1.54792e+08	1.17369e+08	1.29601e+08	1.26034e+08	1.55104e+08	1.55274e+08	1.55284e+08
ERR626864	1.73946e+08	1.69492e+08	1.80267e+08	1.79263e+08	2.38703e+08	2.43811e+08	2.2905e+08	1.62638e+08	2.29287e+08	1.64107e+08	1.66906e+08	2.17297e+08	1.50775e+08	1.42255e+08	1.5088e+08	1.51094e+08	1.6106e+08	1.53735e+08	2.44498e+08	2.4286e+08	1.70938e+08	2.71406e+08	2.17053e+08	2.19381e+08	1.57413e+08	1.23258e+08	1.19208e+08	1.20405e+08	1.58874e+08	1.57491e+08	1.54048e+08	1.54948e+08	1.4577e+08	1.5324e+08	9.90398e+07	1.56909e+08	1.90366e+08	2.29812e+08	2.08281e+08	2.08131e+08	1.93155e+08	2.07236e+08	1.98482e+08	2.40691e+08	2.45718e+08	2.18264e+08	2.0336e+08	2.00431e+08	9.81762e+07	8.83464e+07	1.18059e+08	8.56143e+07	1.167e+08	8.55451e+07	1.25468e+08	1.01398e+08	9.45135e+07	1.04251e+08	1.25358e+08	1.25291e+08	1.21568e+08	1.00398e+08	9.72293e+07	9.05301e+07	1.21457e+08	1.21364e+08	1.6334e+08	1.52048e+08	1.63635e+08	1.35647e+08	1.69419e+08	1.43565e+08	1.36229e+08	1.5128e+08	1.63625e+08	1.41466e+08	1.35221e+08	1.34375e+08	1.3176e+08	1.3136e+08	1.09578e+08	9.87446e+07	1.31719e+08	1.06135e+08	1.40654e+08	1.53566e+08	1.66529e+08	1.57908e+08	1.02148e+08	1.57263e+08	1.19113e+08	1.31596e+08	1.27997e+08	1.57316e+08	1.57616e+08	1.5757e+08
ERR626862	2.20326e+08	2.15913e+08	2.28224e+08	2.27233e+08	3.0322e+08	3.09823e+08	2.90287e+08	2.0486e+08	2.90897e+08	2.06632e+08	2.10269e+08	2.75568e+08	1.90159e+08	1.79174e+08	1.89971e+08	1.90197e+08	2.02977e+08	1.93553e+08	3.09631e+08	3.08514e+08	2.14004e+08	2.17053e+08	4.01901e+08	2.78127e+08	2.02544e+08	1.58996e+08	1.53839e+08	1.55211e+08	2.0433e+08	2.02639e+08	1.98701e+08	2.00049e+08	1.88369e+08	1.97869e+08	1.2864e+08	2.02262e+08	2.41722e+08	2.92294e+08	2.64913e+08	2.64265e+08	2.45284e+08	2.6327e+08	2.51986e+08	3.05965e+08	3.11859e+08	2.76822e+08	2.58214e+08	2.54557e+08	1.27502e+08	1.14359e+08	1.52408e+08	1.10804e+08	1.50781e+08	1.10832e+08	1.62162e+08	1.30885e+08	1.21791e+08	1.34492e+08	1.62034e+08	1.61787e+08	1.56709e+08	1.29243e+08	1.2532e+08	1.16598e+08	1.56686e+08	1.56598e+08	2.11052e+08	1.97104e+08	2.11607e+08	1.75408e+08	2.19377e+08	1.85799e+08	1.76067e+08	1.95181e+08	2.11029e+08	1.82017e+08	1.73867e+08	1.7279e+08	1.70393e+08	1.69768e+08	1.4144e+08	1.27489e+08	1.70231e+08	1.37045e+08	1.80696e+08	1.96881e+08	2.1384e+08	2.0288e+08	1.32188e+08	2.02083e+08	1.53424e+08	1.69569e+08	1.65191e+08	2.03452e+08	2.03574e+08	2.03633e+08
ERR626863	2.22474e+08	2.17862e+08	2.30547e+08	2.29318e+08	3.06395e+08	3.12894e+08	2.93332e+08	2.07108e+08	2.94075e+08	2.08921e+08	2.12575e+08	2.78333e+08	1.92175e+08	1.81186e+08	1.92074e+08	1.92263e+08	2.05148e+08	1.95653e+08	3.12848e+08	3.11622e+08	2.16187e+08	2.19381e+08	2.78127e+08	4.08378e+08	2.04487e+08	1.60469e+08	1.55162e+08	1.56485e+08	2.06318e+08	2.04578e+08	2.00553e+08	2.01744e+08	1.90001e+08	1.99573e+08	1.29736e+08	2.04103e+08	2.44113e+08	2.95152e+08	2.67272e+08	2.66918e+08	2.4764e+08	2.65904e+08	2.54318e+08	3.08888e+08	3.15077e+08	2.79388e+08	2.60731e+08	2.56885e+08	1.28519e+08	1.15276e+08	1.53809e+08	1.11748e+08	1.52107e+08	1.11738e+08	1.63439e+08	1.31921e+08	1.22785e+08	1.356e+08	1.63236e+08	1.63014e+08	1.58271e+08	1.30494e+08	1.26612e+08	1.17745e+08	1.58158e+08	1.58069e+08	2.12848e+08	1.9851e+08	2.1342e+08	1.7679e+08	2.20895e+08	1.87173e+08	1.77574e+08	1.97024e+08	2.13186e+08	1.83857e+08	1.7574e+08	1.74612e+08	1.71828e+08	1.71162e+08	1.42585e+08	1.2858e+08	1.71729e+08	1.38234e+08	1.82526e+08	1.98947e+08	2.16027e+08	2.04936e+08	1.33348e+08	2.04192e+08	1.54549e+08	1.70985e+08	1.66357e+08	2.04849e+08	2.0514e+08	2.04984e+08
ERR607419	1.92316e+08	1.87145e+08	1.99345e+08	1.98599e+08	2.70106e+08	2.76544e+08	2.56185e+08	1.74086e+08	2.57312e+08	1.75552e+08	1.78842e+08	2.4211e+08	1.5586e+08	1.4623e+08	1.54909e+08	1.55259e+08	1.66758e+08	1.57713e+08	2.29902e+08	2.28742e+08	1.54939e+08	1.57413e+08	2.02544e+08	2.04487e+08	5.74396e+08	3.2818e+08	3.18223e+08	3.2045e+08	4.19916e+08	4.15732e+08	3.19188e+08	3.20322e+08	3.02288e+08	3.17053e+08	2.08499e+08	3.23722e+08	2.28215e+08	2.79177e+08	2.51322e+08	2.50811e+08	2.31794e+08	2.49406e+08	2.12344e+08	2.6335e+08	2.6945e+08	2.35615e+08	2.18277e+08	2.14553e+08	2.32534e+08	2.10849e+08	2.77115e+08	2.04373e+08	2.7483e+08	2.04673e+08	2.62308e+08	2.14077e+08	2.00088e+08	2.1983e+08	2.62191e+08	2.62483e+08	2.69079e+08	2.2327e+08	2.16649e+08	2.01945e+08	2.69289e+08	2.69164e+08	3.31048e+08	3.08743e+08	3.32055e+08	2.75334e+08	3.43232e+08	2.91505e+08	3.01753e+08	3.33663e+08	3.5959e+08	3.11581e+08	2.981e+08	2.96055e+08	2.71991e+08	2.7218e+08	2.28041e+08	2.06048e+08	2.71585e+08	2.21139e+08	3.13765e+08	3.42268e+08	3.70331e+08	3.51708e+08	2.31733e+08	3.50068e+08	2.1165e+08	2.3406e+08	2.27837e+08	2.79017e+08	2.7968e+08	2.79176e+08
ERR607416	1.51209e+08	1.47567e+08	1.56571e+08	1.56179e+08	2.12078e+08	2.17177e+08	2.00885e+08	1.36557e+08	2.02014e+08	1.3753e+08	1.40203e+08	1.89964e+08	1.22124e+08	1.14526e+08	1.21226e+08	1.2153e+08	1.30623e+08	1.23497e+08	1.80445e+08	1.79537e+08	1.21388e+08	1.23258e+08	1.58996e+08	1.60469e+08	3.2818e+08	3.87075e+08	2.54509e+08	2.55943e+08	3.3174e+08	3.28056e+08	2.52892e+08	2.53881e+08	2.39552e+08	2.51315e+08	1.66436e+08	2.56362e+08	1.7974e+08	2.19747e+08	1.98167e+08	1.97338e+08	1.82617e+08	1.96581e+08	1.66803e+08	2.06941e+08	2.11359e+08	1.84894e+08	1.71542e+08	1.68631e+08	1.85375e+08	1.67954e+08	2.20143e+08	1.62773e+08	2.18457e+08	1.63139e+08	2.08255e+08	1.6995e+08	1.58838e+08	1.74394e+08	2.0789e+08	2.08269e+08	2.13009e+08	1.76778e+08	1.71633e+08	1.59943e+08	2.1315e+08	2.13081e+08	2.61727e+08	2.44615e+08	2.6249e+08	2.17892e+08	2.71341e+08	2.30688e+08	2.39297e+08	2.64137e+08	2.84455e+08	2.46213e+08	2.3572e+08	2.34191e+08	2.15848e+08	2.15827e+08	1.80929e+08	1.63468e+08	2.1535e+08	1.75562e+08	2.48001e+08	2.69854e+08	2.92098e+08	2.77527e+08	1.84316e+08	2.76408e+08	1.66955e+08	1.84771e+08	1.79898e+08	2.20235e+08	2.20677e+08	2.20267e+08
ERR607415	1.46197e+08	1.42847e+08	1.51256e+08	1.50949e+08	2.0504e+08	2.09761e+08	1.93978e+08	1.3185e+08	1.95202e+08	1.32783e+08	1.354e+08	1.83637e+08	1.18077e+08	1.10731e+08	1.17138e+08	1.17424e+08	1.26306e+08	1.19297e+08	1.7441e+08	1.7354e+08	1.17301e+08	1.19208e+08	1.53839e+08	1.55162e+08	3.18223e+08	2.54509e+08	3.68086e+08	2.48529e+08	3.21662e+08	3.18264e+08	2.45315e+08	2.46332e+08	2.32406e+08	2.43724e+08	1.61606e+08	2.48546e+08	1.73886e+08	2.12555e+08	1.91744e+08	1.90927e+08	1.76703e+08	1.90096e+08	1.61081e+08	1.99959e+08	2.04201e+08	1.78656e+08	1.65626e+08	1.6292e+08	1.8037e+08	1.63284e+08	2.139e+08	1.58288e+08	2.12296e+08	1.58653e+08	2.02038e+08	1.64952e+08	1.54188e+08	1.69324e+08	2.01979e+08	2.02157e+08	2.06826e+08	1.71672e+08	1.66594e+08	1.5528e+08	2.06939e+08	2.06933e+08	2.54086e+08	2.37789e+08	2.55215e+08	2.11747e+08	2.63434e+08	2.24237e+08	2.32083e+08	2.56295e+08	2.75853e+08	2.38839e+08	2.2861e+08	2.27015e+08	2.09364e+08	2.09581e+08	1.75439e+08	1.58609e+08	2.08902e+08	1.70306e+08	2.4041e+08	2.61592e+08	2.8311e+08	2.6905e+08	1.78924e+08	2.68e+08	1.61487e+08	1.78772e+08	1.74056e+08	2.13223e+08	2.13636e+08	2.13295e+08
ERR607417	1.4752e+08	1.43747e+08	1.52662e+08	1.52242e+08	2.0685e+08	2.11666e+08	1.9586e+08	1.33145e+08	1.96906e+08	1.3411e+08	1.36776e+08	1.85197e+08	1.19399e+08	1.1194e+08	1.18433e+08	1.18776e+08	1.27769e+08	1.20665e+08	1.7596e+08	1.75203e+08	1.18583e+08	1.20405e+08	1.55211e+08	1.56485e+08	3.2045e+08	2.55943e+08	2.48529e+08	3.72096e+08	3.23943e+08	3.20487e+08	2.46789e+08	2.47742e+08	2.33742e+08	2.45188e+08	1.62208e+08	2.50104e+08	1.75348e+08	2.14393e+08	1.9328e+08	1.92456e+08	1.78187e+08	1.91767e+08	1.62428e+08	2.01579e+08	2.06082e+08	1.80331e+08	1.67073e+08	1.64236e+08	1.80752e+08	1.63769e+08	2.14712e+08	1.58899e+08	2.13162e+08	1.59151e+08	2.03357e+08	1.66124e+08	1.55353e+08	1.70452e+08	2.0312e+08	2.03568e+08	2.07798e+08	1.72472e+08	1.67466e+08	1.56113e+08	2.07879e+08	2.07825e+08	2.55847e+08	2.39055e+08	2.56678e+08	2.13058e+08	2.6531e+08	2.25558e+08	2.33489e+08	2.57914e+08	2.77621e+08	2.40441e+08	2.30044e+08	2.2861e+08	2.10684e+08	2.10692e+08	1.76471e+08	1.59596e+08	2.10195e+08	1.7136e+08	2.42099e+08	2.63543e+08	2.85201e+08	2.70991e+08	1.79754e+08	2.69782e+08	1.62871e+08	1.8e+08	1.75329e+08	2.14763e+08	2.15071e+08	2.14672e+08
ERR607418	1.94186e+08	1.88918e+08	2.00955e+08	2.00386e+08	2.72614e+08	2.79133e+08	2.58509e+08	1.75757e+08	2.59662e+08	1.7725e+08	1.80497e+08	2.44394e+08	1.57319e+08	1.47477e+08	1.56215e+08	1.56791e+08	1.68351e+08	1.59171e+08	2.3197e+08	2.30765e+08	1.56477e+08	1.58874e+08	2.0433e+08	2.06318e+08	4.19916e+08	3.3174e+08	3.21662e+08	3.23943e+08	5.84672e+08	4.20092e+08	3.2285e+08	3.24062e+08	3.05586e+08	3.20591e+08	2.10953e+08	3.27288e+08	2.30201e+08	2.81684e+08	2.53644e+08	2.53125e+08	2.34003e+08	2.51693e+08	2.1415e+08	2.65641e+08	2.71914e+08	2.37775e+08	2.20224e+08	2.1643e+08	2.35342e+08	2.1325e+08	2.80305e+08	2.06683e+08	2.7814e+08	2.07104e+08	2.65037e+08	2.16027e+08	2.02048e+08	2.21917e+08	2.6474e+08	2.65102e+08	2.72447e+08	2.25963e+08	2.19061e+08	2.0433e+08	2.72352e+08	2.72336e+08	3.3476e+08	3.12339e+08	3.35868e+08	2.78561e+08	3.46904e+08	2.94664e+08	3.05429e+08	3.37798e+08	3.63941e+08	3.15192e+08	3.01404e+08	2.99518e+08	2.74897e+08	2.7497e+08	2.3022e+08	2.08023e+08	2.74298e+08	2.23597e+08	3.16925e+08	3.45498e+08	3.73933e+08	3.55154e+08	2.34117e+08	3.53619e+08	2.13692e+08	2.36504e+08	2.29977e+08	2.81762e+08	2.82367e+08	2.81916e+08
ERR607420	1.92448e+08	1.87304e+08	1.99348e+08	1.98717e+08	2.70153e+08	2.76667e+08	2.56448e+08	1.74274e+08	2.57647e+08	1.75713e+08	1.79048e+08	2.42352e+08	1.56024e+08	1.46346e+08	1.55022e+08	1.5564e+08	1.66966e+08	1.57862e+08	2.30144e+08	2.29034e+08	1.5515e+08	1.57491e+08	2.02639e+08	2.04578e+08	4.15732e+08	3.28056e+08	3.18264e+08	3.20487e+08	4.20092e+08	5.74635e+08	3.19573e+08	3.20813e+08	3.02671e+08	3.17489e+08	2.08842e+08	3.24306e+08	2.28493e+08	2.79442e+08	2.5164e+08	2.51122e+08	2.322e+08	2.49705e+08	2.12442e+08	2.63568e+08	2.69709e+08	2.35919e+08	2.18398e+08	2.14739e+08	2.32708e+08	2.11022e+08	2.77141e+08	2.04471e+08	2.75148e+08	2.04765e+08	2.62817e+08	2.14307e+08	2.00324e+08	2.20045e+08	2.62532e+08	2.6292e+08	2.69658e+08	2.23783e+08	2.1701e+08	2.02408e+08	2.69735e+08	2.69663e+08	3.3154e+08	3.09534e+08	3.32678e+08	2.75839e+08	3.43787e+08	2.91898e+08	3.02168e+08	3.3408e+08	3.60025e+08	3.1186e+08	2.98304e+08	2.96292e+08	2.72573e+08	2.72722e+08	2.28339e+08	2.06412e+08	2.72031e+08	2.21558e+08	3.14053e+08	3.42289e+08	3.70379e+08	3.51883e+08	2.31925e+08	3.50466e+08	2.11964e+08	2.3447e+08	2.28095e+08	2.79332e+08	2.79863e+08	2.79577e+08
ERR608582	1.85098e+08	1.81528e+08	1.91672e+08	1.91043e+08	2.58949e+08	2.6493e+08	2.51219e+08	1.72417e+08	2.52433e+08	1.73887e+08	1.77141e+08	2.3809e+08	1.50325e+08	1.40843e+08	1.49157e+08	1.49627e+08	1.60795e+08	1.51965e+08	2.25434e+08	2.24381e+08	1.51602e+08	1.54048e+08	1.98701e+08	2.00553e+08	3.19188e+08	2.52892e+08	2.45315e+08	2.46789e+08	3.2285e+08	3.19573e+08	4.82514e+08	3.32992e+08	3.13683e+08	3.29787e+08	2.19248e+08	3.35093e+08	2.24367e+08	2.7325e+08	2.46959e+08	2.46155e+08	2.2806e+08	2.45179e+08	2.08049e+08	2.5626e+08	2.61435e+08	2.29871e+08	2.13797e+08	2.10368e+08	1.99243e+08	1.79799e+08	2.36923e+08	1.74116e+08	2.35015e+08	1.74476e+08	2.5629e+08	2.09658e+08	1.96102e+08	2.15248e+08	2.56177e+08	2.56021e+08	2.44344e+08	2.03767e+08	1.98022e+08	1.84573e+08	2.44408e+08	2.4423e+08	3.14536e+08	2.94585e+08	3.15785e+08	2.62176e+08	3.26128e+08	2.77281e+08	2.7751e+08	3.06214e+08	3.29614e+08	2.85903e+08	2.73702e+08	2.71984e+08	2.61237e+08	2.60741e+08	2.18725e+08	1.97415e+08	2.60808e+08	2.12214e+08	2.90487e+08	3.15215e+08	3.40796e+08	3.24427e+08	2.1711e+08	3.2303e+08	2.14175e+08	2.36593e+08	2.30465e+08	2.81531e+08	2.81528e+08	2.81459e+08
ERR608584	1.86085e+08	1.82513e+08	1.92689e+08	1.9202e+08	2.60419e+08	2.6612e+08	2.52646e+08	1.73321e+08	2.53924e+08	1.74779e+08	1.78142e+08	2.39247e+08	1.51178e+08	1.4169e+08	1.50007e+08	1.50445e+08	1.61837e+08	1.52796e+08	2.26688e+08	2.25669e+08	1.52432e+08	1.54948e+08	2.00049e+08	2.01744e+08	3.20322e+08	2.53881e+08	2.46332e+08	2.47742e+08	3.24062e+08	3.20813e+08	3.32992e+08	4.86085e+08	3.14868e+08	3.31177e+08	2.20141e+08	3.36353e+08	2.25369e+08	2.7459e+08	2.48317e+08	2.47388e+08	2.29103e+08	2.46393e+08	2.09269e+08	2.57513e+08	2.62886e+08	2.31086e+08	2.15028e+08	2.11578e+08	2.00121e+08	1.80647e+08	2.38037e+08	1.74829e+08	2.36079e+08	1.75231e+08	2.57456e+08	2.10427e+08	1.96773e+08	2.16013e+08	2.57113e+08	2.56958e+08	2.45377e+08	2.04604e+08	1.98822e+08	1.8524e+08	2.453e+08	2.45381e+08	3.16028e+08	2.96106e+08	3.17315e+08	2.63399e+08	3.27694e+08	2.78769e+08	2.78778e+08	3.07422e+08	3.30879e+08	2.8707e+08	2.74636e+08	2.73167e+08	2.62395e+08	2.61883e+08	2.19712e+08	1.98381e+08	2.61997e+08	2.13028e+08	2.91401e+08	3.16022e+08	3.41865e+08	3.25514e+08	2.17957e+08	3.24365e+08	2.15218e+08	2.37537e+08	2.3136e+08	2.82763e+08	2.83057e+08	2.8271e+08
ERR608580	1.75182e+08	1.72176e+08	1.8162e+08	1.81003e+08	2.45406e+08	2.50957e+08	2.37981e+08	1.63293e+08	2.39128e+08	1.64768e+08	1.67863e+08	2.25477e+08	1.42374e+08	1.33513e+08	1.41245e+08	1.41663e+08	1.52225e+08	1.43989e+08	2.13444e+08	2.12504e+08	1.43569e+08	1.4577e+08	1.88369e+08	1.90001e+08	3.02288e+08	2.39552e+08	2.32406e+08	2.33742e+08	3.05586e+08	3.02671e+08	3.13683e+08	3.14868e+08	4.40727e+08	3.12028e+08	2.09307e+08	3.19197e+08	2.12737e+08	2.5882e+08	2.34147e+08	2.33323e+08	2.16081e+08	2.32584e+08	1.97217e+08	2.42872e+08	2.47722e+08	2.17922e+08	2.0274e+08	1.9947e+08	1.88901e+08	1.70559e+08	2.24639e+08	1.65183e+08	2.2276e+08	1.65548e+08	2.43314e+08	1.99196e+08	1.86157e+08	2.04396e+08	2.43095e+08	2.42871e+08	2.31711e+08	1.93527e+08	1.87938e+08	1.75267e+08	2.31984e+08	2.31722e+08	2.98202e+08	2.79338e+08	2.99453e+08	2.48591e+08	3.08991e+08	2.6312e+08	2.63344e+08	2.90406e+08	3.12438e+08	2.70942e+08	2.59548e+08	2.57992e+08	2.47985e+08	2.47526e+08	2.07765e+08	1.87694e+08	2.47638e+08	2.01638e+08	2.7563e+08	2.98898e+08	3.23149e+08	3.07551e+08	2.06261e+08	3.06281e+08	2.03336e+08	2.24607e+08	2.18823e+08	2.67188e+08	2.67321e+08	2.6699e+08
