	ERR606035	ERR606030	ERR606033	ERR606034	ERR606031	ERR606032	ERR608806	ERR608810	ERR608807	ERR608808	ERR608809	ERR608805	ERR605534	ERR605535	ERR605538	ERR605536	ERR605533	ERR605537	ERR626866	ERR626861	ERR626865	ERR626864	ERR626862	ERR626863	ERR607419	ERR607416	ERR607415	ERR607417	ERR607418	ERR607420	ERR608582	ERR608584	ERR608580	ERR608583	ERR608579	ERR608581	ERR621996	ERR621991	ERR621992	ERR621994	ERR621995	ERR621993	ERR636821	ERR636819	ERR636818	ERR636817	ERR636820	ERR636822	ERR638212	ERR638208	ERR638211	ERR638209	ERR638210	ERR638207	ERR616703	ERR616700	ERR616702	ERR616701	ERR616704	ERR616705	ERR616711	ERR616707	ERR616706	ERR616708	ERR616709	ERR616710	ERR630174	ERR630175	ERR630173	ERR630172	ERR630170	ERR630171	ERR618466	ERR618467	ERR618465	ERR618469	ERR618470	ERR618468	ERR616675	ERR616674	ERR616671	ERR616672	ERR616673	ERR616670	ERR608496	ERR608497	ERR608498	ERR608499	ERR608495	ERR608500	ERR616762	ERR616761	ERR616760	ERR616764	ERR616763	ERR638122
ERR606035	6.41159e+09	6.10919e+09	6.3295e+09	6.32938e+09	7.3644e+09	7.43615e+09	7.34735e+09	6.26778e+09	7.34527e+09	6.29387e+09	6.35327e+09	7.19039e+09	5.21006e+09	4.99237e+09	5.16455e+09	5.17673e+09	5.42098e+09	5.23443e+09	6.80753e+09	6.80571e+09	5.36126e+09	5.42141e+09	6.36242e+09	6.38326e+09	6.9031e+09	6.01355e+09	5.90316e+09	5.93746e+09	6.93172e+09	6.90035e+09	6.74888e+09	6.77064e+09	6.5439e+09	6.72218e+09	5.14888e+09	6.79473e+09	6.59415e+09	7.24778e+09	6.92756e+09	6.90561e+09	6.65606e+09	6.89761e+09	6.68714e+09	7.27747e+09	7.36103e+09	6.99479e+09	6.7594e+09	6.71591e+09	5.88226e+09	5.58417e+09	6.42624e+09	5.50049e+09	6.39943e+09	5.49076e+09	5.7224e+09	5.01009e+09	4.79298e+09	5.09082e+09	5.72532e+09	5.72262e+09	5.63634e+09	5.00223e+09	4.9146e+09	4.69959e+09	5.63813e+09	5.63545e+09	6.71856e+09	6.45445e+09	6.7261e+09	6.04593e+09	6.86795e+09	6.24967e+09	5.76729e+09	6.10609e+09	6.41836e+09	5.86789e+09	5.70394e+09	5.6919e+09	6.1521e+09	6.14591e+09	5.49282e+09	5.15624e+09	6.15066e+09	5.39271e+09	6.333e+09	6.62844e+09	6.94019e+09	6.74372e+09	5.23201e+09	6.73092e+09	5.42485e+09	5.78343e+09	5.67504e+09	6.44567e+09	6.45277e+09	6.44726e+09
ERR606030	6.10919e+09	6.26291e+09	6.22535e+09	6.2258e+09	7.24382e+09	7.31144e+09	7.2382e+09	6.1934e+09	7.24136e+09	6.2182e+09	6.2778e+09	7.09526e+09	5.0976e+09	4.89176e+09	5.05153e+09	5.06321e+09	5.29929e+09	5.12049e+09	6.68063e+09	6.67559e+09	5.24928e+09	5.30764e+09	6.24732e+09	6.26514e+09	6.78162e+09	5.91371e+09	5.80803e+09	5.8326e+09	6.81152e+09	6.78e+09	6.65564e+09	6.67784e+09	6.45935e+09	6.62851e+09	5.11171e+09	6.69648e+09	6.50754e+09	7.13394e+09	6.83193e+09	6.80616e+09	6.56743e+09	6.80398e+09	6.62834e+09	7.18449e+09	7.25419e+09	6.91293e+09	6.69682e+09	6.65545e+09	5.8615e+09	5.55728e+09	6.37501e+09	5.4687e+09	6.35108e+09	5.46653e+09	5.62443e+09	4.92613e+09	4.70744e+09	5.00476e+09	5.62873e+09	5.62448e+09	5.53116e+09	4.91027e+09	4.82578e+09	4.60876e+09	5.53293e+09	5.53043e+09	6.61724e+09	6.37474e+09	6.6282e+09	5.95434e+09	6.76215e+09	6.15961e+09	5.66274e+09	5.98859e+09	6.29077e+09	5.7432e+09	5.58331e+09	5.57039e+09	6.06441e+09	6.05852e+09	5.41369e+09	5.07674e+09	6.0629e+09	5.31644e+09	6.21767e+09	6.4999e+09	6.80977e+09	6.61617e+09	5.16542e+09	6.60722e+09	5.33373e+09	5.69208e+09	5.58506e+09	6.34599e+09	6.35183e+09	6.34697e+09
ERR606033	6.3295e+09	6.22535e+09	6.66533e+09	6.45088e+09	7.52383e+09	7.59824e+09	7.51301e+09	6.39803e+09	7.50943e+09	6.42573e+09	6.48685e+09	7.35011e+09	5.30672e+09	5.08353e+09	5.2612e+09	5.27435e+09	5.52463e+09	5.33243e+09	6.95105e+09	6.94827e+09	5.46278e+09	5.52453e+09	6.49049e+09	6.51297e+09	7.05058e+09	6.13302e+09	6.01794e+09	6.05436e+09	7.07996e+09	7.04794e+09	6.89145e+09	6.91377e+09	6.68124e+09	6.86406e+09	5.24417e+09	6.9404e+09	6.72994e+09	7.40496e+09	7.07299e+09	7.05245e+09	6.79375e+09	7.04304e+09	6.83019e+09	7.43873e+09	7.52693e+09	7.1487e+09	6.90524e+09	6.85958e+09	5.99363e+09	5.69017e+09	6.55889e+09	5.604e+09	6.53102e+09	5.59409e+09	5.83391e+09	5.10405e+09	4.88206e+09	5.18795e+09	5.83637e+09	5.8341e+09	5.74452e+09	5.09568e+09	5.00524e+09	4.78436e+09	5.7462e+09	5.74342e+09	6.85978e+09	6.58584e+09	6.86727e+09	6.16621e+09	7.01403e+09	6.37454e+09	5.88119e+09	6.23169e+09	6.5525e+09	5.98761e+09	5.81849e+09	5.80612e+09	6.27571e+09	6.26873e+09	5.59953e+09	5.25396e+09	6.27384e+09	5.49679e+09	6.46445e+09	6.76989e+09	7.0903e+09	6.88669e+09	5.32898e+09	6.87425e+09	5.52933e+09	5.8986e+09	5.78665e+09	6.57646e+09	6.5844e+09	6.57797e+09
ERR606034	6.32938e+09	6.2258e+09	6.45088e+09	6.65803e+09	7.51996e+09	7.59436e+09	7.50188e+09	6.38915e+09	7.49997e+09	6.41591e+09	6.47705e+09	7.34086e+09	5.30361e+09	5.08034e+09	5.25717e+09	5.26969e+09	5.52017e+09	5.32869e+09	6.94575e+09	6.94428e+09	5.45829e+09	5.51974e+09	6.48743e+09	6.50871e+09	7.04751e+09	6.13228e+09	6.01898e+09	6.05395e+09	7.07667e+09	7.04478e+09	6.88841e+09	6.91127e+09	6.67805e+09	6.86096e+09	5.24459e+09	6.93532e+09	6.72507e+09	7.40014e+09	7.06969e+09	7.04661e+09	6.7892e+09	7.03854e+09	6.82099e+09	7.4298e+09	7.51501e+09	7.13828e+09	6.89567e+09	6.85006e+09	5.99795e+09	5.68968e+09	6.55576e+09	5.60361e+09	6.52868e+09	5.59408e+09	5.83425e+09	5.10214e+09	4.87957e+09	5.18527e+09	5.8366e+09	5.83398e+09	5.74542e+09	5.0942e+09	5.00453e+09	4.78324e+09	5.74694e+09	5.74453e+09	6.85929e+09	6.58791e+09	6.86697e+09	6.16664e+09	7.01312e+09	6.37665e+09	5.88108e+09	6.22981e+09	6.55023e+09	5.985e+09	5.81618e+09	5.80372e+09	6.27617e+09	6.26884e+09	5.59759e+09	5.25219e+09	6.27438e+09	5.49555e+09	6.46063e+09	6.76422e+09	7.08657e+09	6.88272e+09	5.33045e+09	6.87018e+09	5.52611e+09	5.89508e+09	5.78401e+09	6.5755e+09	6.58362e+09	6.57743e+09
ERR606031	7.3644e+09	7.24382e+09	7.52383e+09	7.51996e+09	9.22482e+09	9.04843e+09	8.93788e+09	7.46583e+09	8.93342e+09	7.50139e+09	7.57995e+09	8.71907e+09	6.17331e+09	5.89777e+09	6.1191e+09	6.13566e+09	6.44813e+09	6.20799e+09	8.20579e+09	8.2023e+09	6.3291e+09	6.40322e+09	7.60996e+09	7.64134e+09	8.36394e+09	7.1983e+09	7.05513e+09	7.09974e+09	8.40333e+09	8.36244e+09	8.14801e+09	8.17698e+09	7.88107e+09	8.11348e+09	6.09184e+09	8.21433e+09	7.89884e+09	8.79394e+09	8.35264e+09	8.32351e+09	7.9828e+09	8.31151e+09	8.03647e+09	8.84274e+09	8.96024e+09	8.45618e+09	8.13523e+09	8.07436e+09	6.98382e+09	6.60202e+09	7.7041e+09	6.49505e+09	7.6675e+09	6.48301e+09	6.83741e+09	5.93591e+09	5.66335e+09	6.03937e+09	6.83993e+09	6.8379e+09	6.73348e+09	5.93134e+09	5.81968e+09	5.55053e+09	6.7361e+09	6.7335e+09	8.12328e+09	7.7723e+09	8.13131e+09	7.24614e+09	8.32053e+09	7.50725e+09	6.91818e+09	7.36177e+09	7.76514e+09	7.0554e+09	6.84364e+09	6.82639e+09	7.37166e+09	7.364e+09	6.53402e+09	6.10614e+09	7.3704e+09	6.40681e+09	7.62214e+09	8.01387e+09	8.42088e+09	8.15868e+09	6.2038e+09	8.14252e+09	6.44721e+09	6.90655e+09	6.76929e+09	7.75207e+09	7.76383e+09	7.7558e+09
ERR606032	7.43615e+09	7.31144e+09	7.59824e+09	7.59436e+09	9.04843e+09	9.43585e+09	9.03717e+09	7.53646e+09	9.03188e+09	7.57168e+09	7.65187e+09	8.81339e+09	6.23797e+09	5.95822e+09	6.1831e+09	6.19971e+09	6.51734e+09	6.27347e+09	8.29499e+09	8.29152e+09	6.39121e+09	6.46562e+09	7.68906e+09	7.72102e+09	8.45659e+09	7.27129e+09	7.12578e+09	7.17177e+09	8.49611e+09	8.45495e+09	8.23275e+09	8.26168e+09	7.96108e+09	8.19736e+09	6.14473e+09	8.30079e+09	7.97676e+09	8.88991e+09	8.4382e+09	8.40956e+09	8.06191e+09	8.39708e+09	8.11583e+09	8.93918e+09	9.06084e+09	8.54472e+09	8.21695e+09	8.15535e+09	7.04232e+09	6.65721e+09	7.77566e+09	6.54859e+09	7.73836e+09	6.53656e+09	6.90572e+09	5.99233e+09	5.71725e+09	6.09792e+09	6.90866e+09	6.90628e+09	6.80261e+09	5.98999e+09	5.87626e+09	5.60373e+09	6.805e+09	6.80276e+09	8.21044e+09	7.85262e+09	8.2183e+09	7.32023e+09	8.41139e+09	7.58417e+09	6.99095e+09	7.44157e+09	7.85217e+09	7.13244e+09	6.91713e+09	6.89977e+09	7.44587e+09	7.43761e+09	6.59742e+09	6.16372e+09	7.44405e+09	6.46858e+09	7.70402e+09	8.10314e+09	8.51608e+09	8.24862e+09	6.26166e+09	8.23219e+09	6.51046e+09	6.97574e+09	6.83645e+09	7.8321e+09	7.84457e+09	7.836e+09
ERR608806	7.34735e+09	7.2382e+09	7.51301e+09	7.50188e+09	8.93788e+09	9.03717e+09	9.4564e+09	7.66161e+09	9.1916e+09	7.69994e+09	7.78226e+09	8.97157e+09	6.19708e+09	5.92198e+09	6.14524e+09	6.16125e+09	6.47479e+09	6.23433e+09	8.32027e+09	8.31184e+09	6.4058e+09	6.48097e+09	7.70748e+09	7.742e+09	8.4976e+09	7.30109e+09	7.1531e+09	7.19839e+09	8.53803e+09	8.49737e+09	8.30076e+09	8.32882e+09	8.02835e+09	8.26426e+09	6.19503e+09	8.37227e+09	7.93749e+09	8.83868e+09	8.39284e+09	8.36557e+09	8.0209e+09	8.35449e+09	8.19958e+09	9.02102e+09	9.14424e+09	8.63071e+09	8.30103e+09	8.23799e+09	7.12162e+09	6.73262e+09	7.87167e+09	6.61939e+09	7.83196e+09	6.60985e+09	6.94793e+09	6.02854e+09	5.75188e+09	6.13712e+09	6.94924e+09	6.94777e+09	6.83159e+09	6.01666e+09	5.90203e+09	5.62697e+09	6.83271e+09	6.83042e+09	8.24219e+09	7.88237e+09	8.24914e+09	7.34469e+09	8.44262e+09	7.60939e+09	7.0172e+09	7.47442e+09	7.88458e+09	7.16286e+09	6.94542e+09	6.92851e+09	7.49865e+09	7.49095e+09	6.64594e+09	6.20668e+09	7.49691e+09	6.51451e+09	7.75018e+09	8.15554e+09	8.56723e+09	8.29653e+09	6.29599e+09	8.28148e+09	6.55825e+09	7.03041e+09	6.8875e+09	7.89059e+09	7.90267e+09	7.89492e+09
ERR608810	6.26778e+09	6.1934e+09	6.39803e+09	6.38915e+09	7.46583e+09	7.53646e+09	7.66161e+09	6.75246e+09	7.65602e+09	6.60061e+09	6.6631e+09	7.50521e+09	5.23226e+09	5.01688e+09	5.19093e+09	5.20335e+09	5.44739e+09	5.26081e+09	6.98767e+09	6.98049e+09	5.48351e+09	5.5466e+09	6.52245e+09	6.54578e+09	7.08537e+09	6.15378e+09	6.03745e+09	6.07197e+09	7.11648e+09	7.08379e+09	6.96392e+09	6.98576e+09	6.75237e+09	6.93522e+09	5.29846e+09	7.01561e+09	6.72276e+09	7.38579e+09	7.06318e+09	7.04275e+09	6.78616e+09	7.0352e+09	6.95743e+09	7.53457e+09	7.6204e+09	7.26417e+09	7.02914e+09	6.98392e+09	6.12422e+09	5.81777e+09	6.6937e+09	5.7261e+09	6.66431e+09	5.71962e+09	5.85716e+09	5.12153e+09	4.8975e+09	5.20733e+09	5.85916e+09	5.85758e+09	5.74627e+09	5.09775e+09	5.00634e+09	4.78343e+09	5.74768e+09	5.74419e+09	6.88215e+09	6.60868e+09	6.88992e+09	6.17822e+09	7.03466e+09	6.38913e+09	5.87255e+09	6.22498e+09	6.54545e+09	5.97943e+09	5.80898e+09	5.79717e+09	6.3257e+09	6.31918e+09	5.64253e+09	5.2884e+09	6.32428e+09	5.53764e+09	6.4948e+09	6.80426e+09	7.12654e+09	6.91799e+09	5.35187e+09	6.90674e+09	5.56383e+09	5.93944e+09	5.82526e+09	6.62557e+09	6.63204e+09	6.62656e+09
ERR608807	7.34527e+09	7.24136e+09	7.50943e+09	7.49997e+09	8.93342e+09	9.03188e+09	9.1916e+09	7.65602e+09	9.44487e+09	7.69452e+09	7.77714e+09	8.96719e+09	6.19491e+09	5.92034e+09	6.14271e+09	6.15839e+09	6.47141e+09	6.23201e+09	8.3132e+09	8.30454e+09	6.3987e+09	6.47413e+09	7.7027e+09	7.73661e+09	8.4949e+09	7.30104e+09	7.1541e+09	7.19734e+09	8.53515e+09	8.49458e+09	8.30155e+09	8.33042e+09	8.03005e+09	8.26496e+09	6.20189e+09	8.37156e+09	7.93469e+09	8.83412e+09	8.39013e+09	8.36175e+09	8.018e+09	8.35217e+09	8.19871e+09	9.01914e+09	9.13766e+09	8.62733e+09	8.30055e+09	8.23715e+09	7.12981e+09	6.73605e+09	7.87336e+09	6.62149e+09	7.83508e+09	6.61345e+09	6.94958e+09	6.02851e+09	5.75024e+09	6.13633e+09	6.95142e+09	6.94943e+09	6.83179e+09	6.01513e+09	5.90142e+09	5.6249e+09	6.83342e+09	6.83126e+09	8.24394e+09	7.88851e+09	8.2523e+09	7.3462e+09	8.44402e+09	7.61292e+09	7.01868e+09	7.47512e+09	7.88406e+09	7.16042e+09	6.94308e+09	6.92589e+09	7.50104e+09	7.49368e+09	6.64605e+09	6.20602e+09	7.49927e+09	6.51481e+09	7.74742e+09	8.14961e+09	8.56351e+09	8.29293e+09	6.3003e+09	8.2785e+09	6.5557e+09	7.02879e+09	6.8862e+09	7.89216e+09	7.90379e+09	7.89653e+09
ERR608808	6.29387e+09	6.2182e+09	6.42573e+09	6.41591e+09	7.50139e+09	7.57168e+09	7.69994e+09	6.60061e+09	7.69452e+09	6.81336e+09	6.69358e+09	7.54277e+09	5.25443e+09	5.03739e+09	5.21336e+09	5.22536e+09	5.47112e+09	5.28352e+09	7.0198e+09	7.01205e+09	5.50625e+09	5.56928e+09	6.54985e+09	6.57452e+09	7.11965e+09	6.18224e+09	6.06435e+09	6.09964e+09	7.15133e+09	7.11806e+09	6.99696e+09	7.01958e+09	6.78492e+09	6.96857e+09	5.32108e+09	7.05007e+09	6.75367e+09	7.42066e+09	7.09597e+09	7.0755e+09	6.81743e+09	7.06777e+09	6.9889e+09	7.57074e+09	7.65791e+09	7.29817e+09	7.06132e+09	7.0159e+09	6.15015e+09	5.84316e+09	6.72571e+09	5.75118e+09	6.69556e+09	5.74377e+09	5.88425e+09	5.14521e+09	4.92021e+09	5.23177e+09	5.88683e+09	5.88475e+09	5.77286e+09	5.12123e+09	5.02924e+09	4.80556e+09	5.77454e+09	5.7709e+09	6.91496e+09	6.639e+09	6.92296e+09	6.20708e+09	7.06851e+09	6.41871e+09	5.89988e+09	6.25493e+09	6.57697e+09	6.00853e+09	5.83692e+09	5.82447e+09	6.35444e+09	6.34805e+09	5.66791e+09	5.31167e+09	6.3532e+09	5.56217e+09	6.5268e+09	6.83848e+09	7.16191e+09	6.95265e+09	5.37562e+09	6.94073e+09	5.58985e+09	5.96765e+09	5.85231e+09	6.65667e+09	6.66357e+09	6.65812e+09
ERR608809	6.35327e+09	6.2778e+09	6.48685e+09	6.47705e+09	7.57995e+09	7.65187e+09	7.78226e+09	6.6631e+09	7.77714e+09	6.69358e+09	6.94251e+09	7.62157e+09	5.30337e+09	5.08376e+09	5.26133e+09	5.274e+09	5.52286e+09	5.33295e+09	7.09056e+09	7.08322e+09	5.55543e+09	5.61917e+09	6.61415e+09	6.63839e+09	7.19213e+09	6.2412e+09	6.12258e+09	6.15756e+09	7.22442e+09	7.19105e+09	7.06831e+09	7.0906e+09	6.85215e+09	7.03866e+09	5.36929e+09	7.12103e+09	6.82015e+09	7.49859e+09	7.16804e+09	7.14682e+09	6.88409e+09	7.13943e+09	7.05984e+09	7.65214e+09	7.7396e+09	7.37422e+09	7.13369e+09	7.08735e+09	6.20906e+09	5.89561e+09	6.79105e+09	5.8014e+09	6.76135e+09	5.79501e+09	5.93972e+09	5.18986e+09	4.96179e+09	5.2773e+09	5.94187e+09	5.94015e+09	5.82793e+09	5.16594e+09	5.07308e+09	4.84638e+09	5.8293e+09	5.82566e+09	6.986e+09	6.70687e+09	6.9941e+09	6.26738e+09	7.14197e+09	6.48224e+09	5.95683e+09	6.31727e+09	6.64403e+09	6.06642e+09	5.89317e+09	5.88036e+09	6.4154e+09	6.40869e+09	5.71887e+09	5.35749e+09	6.41445e+09	5.61128e+09	6.59004e+09	6.90578e+09	7.23499e+09	7.02232e+09	5.42439e+09	7.01062e+09	5.63946e+09	6.02253e+09	5.90592e+09	6.7227e+09	6.72909e+09	6.72378e+09
ERR608805	7.19039e+09	7.09526e+09	7.35011e+09	7.34086e+09	8.71907e+09	8.81339e+09	8.97157e+09	7.50521e+09	8.96719e+09	7.54277e+09	7.62157e+09	9.00188e+09	6.05234e+09	5.78668e+09	6.0009e+09	6.01629e+09	6.31941e+09	6.08723e+09	8.11797e+09	8.10903e+09	6.26364e+09	6.33738e+09	7.52966e+09	7.56171e+09	8.28537e+09	7.13228e+09	6.99036e+09	7.03138e+09	8.32482e+09	8.28479e+09	8.10672e+09	8.13461e+09	7.84501e+09	8.07145e+09	6.07467e+09	8.17333e+09	7.7616e+09	8.62305e+09	8.1994e+09	8.17193e+09	7.84214e+09	8.16328e+09	8.02773e+09	8.80674e+09	8.91956e+09	8.43593e+09	8.12458e+09	8.0647e+09	6.99385e+09	6.61192e+09	7.71158e+09	6.50052e+09	7.67436e+09	6.49313e+09	6.78674e+09	5.89493e+09	5.62436e+09	5.99937e+09	6.78903e+09	6.78707e+09	6.66991e+09	5.87916e+09	5.76862e+09	5.49993e+09	6.67122e+09	6.66888e+09	8.04334e+09	7.70147e+09	8.05172e+09	7.17533e+09	8.23598e+09	7.43387e+09	6.84638e+09	7.28603e+09	7.68114e+09	6.98168e+09	6.77115e+09	6.75517e+09	7.32902e+09	7.32158e+09	6.50012e+09	6.07225e+09	7.32749e+09	6.37269e+09	7.56137e+09	7.94848e+09	8.34794e+09	8.08724e+09	6.16252e+09	8.0732e+09	6.41032e+09	6.86929e+09	6.73041e+09	7.70457e+09	7.71505e+09	7.70879e+09
ERR605534	5.21006e+09	5.0976e+09	5.30672e+09	5.30361e+09	6.17331e+09	6.23797e+09	6.19708e+09	5.23226e+09	6.19491e+09	5.25443e+09	5.30337e+09	6.05234e+09	5.1154e+09	4.72582e+09	4.89142e+09	4.90168e+09	5.11789e+09	4.95122e+09	5.83165e+09	5.82898e+09	4.67134e+09	4.72075e+09	5.46326e+09	5.48615e+09	5.85263e+09	5.13839e+09	5.05175e+09	5.08211e+09	5.87406e+09	5.84926e+09	5.69121e+09	5.70758e+09	5.52712e+09	5.67065e+09	4.39488e+09	5.73409e+09	5.53932e+09	6.11624e+09	5.82807e+09	5.81195e+09	5.59204e+09	5.80263e+09	5.64638e+09	6.19733e+09	6.27525e+09	5.93439e+09	5.71322e+09	5.67131e+09	4.8322e+09	4.601e+09	5.31721e+09	4.53959e+09	5.29367e+09	4.52741e+09	4.93595e+09	4.36242e+09	4.18629e+09	4.42866e+09	4.93579e+09	4.9371e+09	4.89246e+09	4.37463e+09	4.30246e+09	4.12442e+09	4.8933e+09	4.89176e+09	5.73114e+09	5.50356e+09	5.73307e+09	5.19389e+09	5.85338e+09	5.35188e+09	5.02672e+09	5.3113e+09	5.56143e+09	5.12324e+09	4.98939e+09	4.98064e+09	5.23118e+09	5.22539e+09	4.71094e+09	4.44734e+09	5.22741e+09	4.63114e+09	5.40939e+09	5.65333e+09	5.89722e+09	5.73948e+09	4.50714e+09	5.72848e+09	4.67714e+09	4.96477e+09	4.87937e+09	5.48222e+09	5.48891e+09	5.48463e+09
ERR605535	4.99237e+09	4.89176e+09	5.08353e+09	5.08034e+09	5.89777e+09	5.95822e+09	5.92198e+09	5.01688e+09	5.92034e+09	5.03739e+09	5.08376e+09	5.78668e+09	4.72582e+09	4.72372e+09	4.6972e+09	4.70752e+09	4.90799e+09	4.75397e+09	5.57651e+09	5.57276e+09	4.48572e+09	4.53208e+09	5.23119e+09	5.25309e+09	5.59417e+09	4.9236e+09	4.84195e+09	4.86957e+09	5.61417e+09	5.5913e+09	5.44316e+09	5.45905e+09	5.29048e+09	5.4238e+09	4.22509e+09	5.48384e+09	5.30422e+09	5.84384e+09	5.5742e+09	5.55961e+09	5.35317e+09	5.55106e+09	5.40951e+09	5.92468e+09	5.99692e+09	5.67799e+09	5.47171e+09	5.43258e+09	4.63544e+09	4.41796e+09	5.09265e+09	4.35956e+09	5.06982e+09	4.34827e+09	4.73362e+09	4.19332e+09	4.02638e+09	4.2562e+09	4.7337e+09	4.73474e+09	4.69163e+09	4.20436e+09	4.13612e+09	3.96742e+09	4.69279e+09	4.69133e+09	5.48187e+09	5.26888e+09	5.48368e+09	4.97526e+09	5.5951e+09	5.12576e+09	4.81854e+09	5.0861e+09	5.3208e+09	4.90834e+09	4.78216e+09	4.77398e+09	5.01103e+09	5.0056e+09	4.52265e+09	4.27294e+09	5.0079e+09	4.44667e+09	5.17817e+09	5.40703e+09	5.63598e+09	5.48715e+09	4.33086e+09	5.47704e+09	4.49054e+09	4.76228e+09	4.68161e+09	5.2483e+09	5.2549e+09	5.25057e+09
ERR605538	5.16455e+09	5.05153e+09	5.2612e+09	5.25717e+09	6.1191e+09	6.1831e+09	6.14524e+09	5.19093e+09	6.14271e+09	5.21336e+09	5.26133e+09	6.0009e+09	4.89142e+09	4.6972e+09	5.05779e+09	4.87642e+09	5.085e+09	4.92451e+09	5.78418e+09	5.77991e+09	4.63943e+09	4.68832e+09	5.41827e+09	5.44271e+09	5.80059e+09	5.09389e+09	5.00766e+09	5.03783e+09	5.82167e+09	5.79757e+09	5.63908e+09	5.65625e+09	5.47803e+09	5.61921e+09	4.35787e+09	5.68367e+09	5.49107e+09	6.06035e+09	5.77535e+09	5.76115e+09	5.5424e+09	5.75157e+09	5.60078e+09	6.14623e+09	6.22473e+09	5.887e+09	5.66662e+09	5.62506e+09	4.78154e+09	4.55663e+09	5.26551e+09	4.49586e+09	5.24172e+09	4.48386e+09	4.89623e+09	4.32939e+09	4.15594e+09	4.3956e+09	4.8956e+09	4.89697e+09	4.85309e+09	4.34218e+09	4.26982e+09	4.09431e+09	4.85343e+09	4.85219e+09	5.68054e+09	5.45354e+09	5.68192e+09	5.14786e+09	5.7993e+09	5.30462e+09	4.98522e+09	5.26868e+09	5.51468e+09	5.08384e+09	4.9508e+09	4.94259e+09	5.184e+09	5.17885e+09	4.67233e+09	4.41158e+09	5.18151e+09	4.59253e+09	5.36496e+09	5.60688e+09	5.84661e+09	5.69031e+09	4.47007e+09	5.67914e+09	4.64031e+09	4.92389e+09	4.83939e+09	5.43402e+09	5.44137e+09	5.43702e+09
ERR605536	5.17673e+09	5.06321e+09	5.27435e+09	5.26969e+09	6.13566e+09	6.19971e+09	6.16125e+09	5.20335e+09	6.15839e+09	5.22536e+09	5.274e+09	6.01629e+09	4.90168e+09	4.70752e+09	4.87642e+09	5.0789e+09	5.09646e+09	4.93493e+09	5.79952e+09	5.79555e+09	4.65001e+09	4.69942e+09	5.43265e+09	5.45652e+09	5.81599e+09	5.10663e+09	5.01942e+09	5.05069e+09	5.83761e+09	5.8135e+09	5.65398e+09	5.67071e+09	5.49231e+09	5.63346e+09	4.3673e+09	5.69877e+09	5.50577e+09	6.07774e+09	5.79114e+09	5.77699e+09	5.55769e+09	5.76699e+09	5.61465e+09	6.16239e+09	6.24129e+09	5.90174e+09	5.68083e+09	5.63883e+09	4.793e+09	4.56768e+09	5.27885e+09	4.50615e+09	5.25477e+09	4.49422e+09	4.9076e+09	4.33945e+09	4.16559e+09	4.40626e+09	4.90729e+09	4.90896e+09	4.86491e+09	4.35235e+09	4.28015e+09	4.10376e+09	4.8656e+09	4.86387e+09	5.69524e+09	5.46699e+09	5.69623e+09	5.16035e+09	5.8142e+09	5.31799e+09	4.99706e+09	5.28147e+09	5.52855e+09	5.09658e+09	4.96373e+09	4.95482e+09	5.19673e+09	5.191e+09	4.68314e+09	4.42172e+09	5.19358e+09	4.60304e+09	5.37804e+09	5.62096e+09	5.86233e+09	5.70537e+09	4.48032e+09	5.69358e+09	4.65172e+09	4.93645e+09	4.85187e+09	5.44777e+09	5.45514e+09	5.45043e+09
ERR605533	5.42098e+09	5.29929e+09	5.52463e+09	5.52017e+09	6.44813e+09	6.51734e+09	6.47479e+09	5.44739e+09	6.47141e+09	5.47112e+09	5.52286e+09	6.31941e+09	5.11789e+09	4.90799e+09	5.085e+09	5.09646e+09	5.53089e+09	5.14848e+09	6.0868e+09	6.08382e+09	4.85751e+09	4.90906e+09	5.69405e+09	5.71885e+09	6.11081e+09	5.35199e+09	5.25949e+09	5.29293e+09	6.13359e+09	6.10776e+09	5.93788e+09	5.95599e+09	5.76374e+09	5.91602e+09	4.56486e+09	5.98491e+09	5.7725e+09	6.38632e+09	6.07818e+09	6.06233e+09	5.82779e+09	6.05165e+09	5.88493e+09	6.47319e+09	6.55773e+09	6.19333e+09	5.95619e+09	5.91104e+09	5.02177e+09	4.77951e+09	5.53777e+09	4.71473e+09	5.51228e+09	4.70202e+09	5.13839e+09	4.53312e+09	4.34846e+09	4.60378e+09	5.1385e+09	5.14006e+09	5.09313e+09	4.54641e+09	4.46998e+09	4.28314e+09	5.09353e+09	5.09193e+09	5.98092e+09	5.73641e+09	5.98243e+09	5.40993e+09	6.10965e+09	5.57756e+09	5.23501e+09	5.53864e+09	5.80388e+09	5.34057e+09	5.19813e+09	5.18901e+09	5.44841e+09	5.44215e+09	4.89959e+09	4.62147e+09	5.44516e+09	4.8146e+09	5.64164e+09	5.90156e+09	6.15981e+09	5.99164e+09	4.68363e+09	5.97971e+09	4.86415e+09	5.16776e+09	5.07737e+09	5.71458e+09	5.72215e+09	5.71714e+09
ERR605537	5.23443e+09	5.12049e+09	5.33243e+09	5.32869e+09	6.20799e+09	6.27347e+09	6.23433e+09	5.26081e+09	6.23201e+09	5.28352e+09	5.33295e+09	6.08723e+09	4.95122e+09	4.75397e+09	4.92451e+09	4.93493e+09	5.14848e+09	5.18005e+09	5.86554e+09	5.86145e+09	4.69767e+09	4.74726e+09	5.49304e+09	5.5172e+09	5.88324e+09	5.16293e+09	5.07488e+09	5.10588e+09	5.90482e+09	5.88009e+09	5.71972e+09	5.73661e+09	5.55514e+09	5.69924e+09	4.41426e+09	5.76432e+09	5.56772e+09	6.14865e+09	5.8578e+09	5.84264e+09	5.62044e+09	5.83321e+09	5.67903e+09	6.23579e+09	6.31529e+09	5.97057e+09	5.74646e+09	5.70423e+09	4.84926e+09	4.61856e+09	5.34064e+09	4.55664e+09	5.31593e+09	4.54448e+09	4.96033e+09	4.38376e+09	4.20648e+09	4.4509e+09	4.96039e+09	4.9618e+09	4.91668e+09	4.39586e+09	4.32233e+09	4.14369e+09	4.91748e+09	4.91555e+09	5.76107e+09	5.52949e+09	5.76211e+09	5.21722e+09	5.88218e+09	5.37779e+09	5.05154e+09	5.33997e+09	5.59083e+09	5.15103e+09	5.01579e+09	5.00748e+09	5.25538e+09	5.2496e+09	4.73306e+09	4.46759e+09	5.25224e+09	4.65204e+09	5.43685e+09	5.68387e+09	5.92906e+09	5.76951e+09	4.52761e+09	5.7578e+09	4.70028e+09	4.98912e+09	4.90358e+09	5.51011e+09	5.51714e+09	5.51256e+09
ERR626866	6.80753e+09	6.68063e+09	6.95105e+09	6.94575e+09	8.20579e+09	8.29499e+09	8.32027e+09	6.98767e+09	8.3132e+09	7.0198e+09	7.09056e+09	8.11797e+09	5.83165e+09	5.57651e+09	5.78418e+09	5.79952e+09	6.0868e+09	5.86554e+09	8.14363e+09	7.8925e+09	6.13393e+09	6.20514e+09	7.34086e+09	7.37206e+09	7.79052e+09	6.72317e+09	6.58966e+09	6.63269e+09	7.82479e+09	7.78821e+09	7.58495e+09	7.61167e+09	7.34203e+09	7.55458e+09	5.68922e+09	7.6484e+09	7.31822e+09	8.12826e+09	7.72482e+09	7.7026e+09	7.3925e+09	7.69012e+09	7.53975e+09	8.28799e+09	8.40208e+09	7.93329e+09	7.6303e+09	7.5741e+09	6.47583e+09	6.13852e+09	7.14277e+09	6.04404e+09	7.10886e+09	6.03053e+09	6.38827e+09	5.56089e+09	5.30863e+09	5.65558e+09	6.3904e+09	6.38996e+09	6.29595e+09	5.55741e+09	5.45381e+09	5.20491e+09	6.29823e+09	6.2954e+09	7.57039e+09	7.24099e+09	7.57608e+09	6.76454e+09	7.75025e+09	7.00298e+09	6.47766e+09	6.89158e+09	7.26268e+09	6.61235e+09	6.4167e+09	6.40125e+09	6.86741e+09	6.85964e+09	6.09972e+09	5.70782e+09	6.86627e+09	5.9822e+09	7.10715e+09	7.46736e+09	7.83589e+09	7.59747e+09	5.79358e+09	7.58232e+09	6.03102e+09	6.45313e+09	6.32608e+09	7.22735e+09	7.2361e+09	7.23029e+09
ERR626861	6.80571e+09	6.67559e+09	6.94827e+09	6.94428e+09	8.2023e+09	8.29152e+09	8.31184e+09	6.98049e+09	8.30454e+09	7.01205e+09	7.08322e+09	8.10903e+09	5.82898e+09	5.57276e+09	5.77991e+09	5.79555e+09	6.08382e+09	5.86145e+09	7.8925e+09	8.13046e+09	6.12958e+09	6.19972e+09	7.33651e+09	7.36638e+09	7.78765e+09	6.72158e+09	6.58857e+09	6.63239e+09	7.82117e+09	7.78543e+09	7.57958e+09	7.60689e+09	7.33679e+09	7.55016e+09	5.68362e+09	7.64371e+09	7.31402e+09	8.12521e+09	7.72171e+09	7.69803e+09	7.38876e+09	7.68498e+09	7.53103e+09	8.27825e+09	8.3923e+09	7.92303e+09	7.6214e+09	7.56543e+09	6.47457e+09	6.13668e+09	7.1407e+09	6.04356e+09	7.10635e+09	6.02946e+09	6.38554e+09	5.55845e+09	5.30711e+09	5.6532e+09	6.38796e+09	6.38761e+09	6.29458e+09	5.55599e+09	5.45235e+09	5.2041e+09	6.29597e+09	6.29408e+09	7.56695e+09	7.23751e+09	7.57256e+09	6.76359e+09	7.74842e+09	7.0013e+09	6.47622e+09	6.88814e+09	7.25931e+09	6.60971e+09	6.41454e+09	6.39935e+09	6.86475e+09	6.85719e+09	6.09764e+09	5.70638e+09	6.86304e+09	5.97996e+09	7.10417e+09	7.46393e+09	7.83186e+09	7.59373e+09	5.78906e+09	7.57934e+09	6.02907e+09	6.45007e+09	6.32331e+09	7.22375e+09	7.2323e+09	7.22591e+09
ERR626865	5.36126e+09	5.24928e+09	5.46278e+09	5.45829e+09	6.3291e+09	6.39121e+09	6.4058e+09	5.48351e+09	6.3987e+09	5.50625e+09	5.55543e+09	6.26364e+09	4.67134e+09	4.48572e+09	4.63943e+09	4.65001e+09	4.85751e+09	4.69767e+09	6.13393e+09	6.12958e+09	5.08203e+09	4.96557e+09	5.7507e+09	5.77267e+09	6.03514e+09	5.28752e+09	5.19163e+09	5.22729e+09	6.05791e+09	6.03326e+09	5.88343e+09	5.90169e+09	5.71328e+09	5.86255e+09	4.52034e+09	5.92978e+09	5.7074e+09	6.27307e+09	5.99122e+09	5.97792e+09	5.75986e+09	5.96659e+09	5.85707e+09	6.37872e+09	6.46056e+09	6.1343e+09	5.9207e+09	5.8806e+09	5.06574e+09	4.83739e+09	5.55787e+09	4.77224e+09	5.53265e+09	4.75817e+09	5.04716e+09	4.45273e+09	4.27014e+09	4.52181e+09	5.04871e+09	5.04917e+09	4.98389e+09	4.45172e+09	4.37561e+09	4.19328e+09	4.98594e+09	4.98243e+09	5.87638e+09	5.63915e+09	5.87887e+09	5.31315e+09	6.00172e+09	5.47883e+09	5.10922e+09	5.40523e+09	5.66796e+09	5.21418e+09	5.0736e+09	5.06451e+09	5.38377e+09	5.37739e+09	4.83947e+09	4.56004e+09	5.38247e+09	4.75387e+09	5.56209e+09	5.81693e+09	6.06996e+09	5.90524e+09	4.61143e+09	5.89389e+09	4.79566e+09	5.09522e+09	5.00363e+09	5.63922e+09	5.64456e+09	5.64058e+09
ERR626864	5.42141e+09	5.30764e+09	5.52453e+09	5.51974e+09	6.40322e+09	6.46562e+09	6.48097e+09	5.5466e+09	6.47413e+09	5.56928e+09	5.61917e+09	6.33738e+09	4.72075e+09	4.53208e+09	4.68832e+09	4.69942e+09	4.90906e+09	4.74726e+09	6.20514e+09	6.19972e+09	4.96557e+09	5.19015e+09	5.81576e+09	5.83841e+09	6.10569e+09	5.3465e+09	5.24903e+09	5.28474e+09	6.12833e+09	6.10343e+09	5.9517e+09	5.96977e+09	5.77813e+09	5.9298e+09	4.56725e+09	5.99848e+09	5.77357e+09	6.34649e+09	6.06106e+09	6.04742e+09	5.82602e+09	6.03635e+09	5.92491e+09	6.45351e+09	6.53683e+09	6.20665e+09	5.98867e+09	5.94846e+09	5.12106e+09	4.88972e+09	5.6206e+09	4.82344e+09	5.59465e+09	4.81003e+09	5.10217e+09	4.49877e+09	4.31429e+09	4.56914e+09	5.10354e+09	5.10435e+09	5.03824e+09	4.49864e+09	4.42049e+09	4.23632e+09	5.03999e+09	5.03693e+09	5.94395e+09	5.70203e+09	5.94599e+09	5.3714e+09	6.0705e+09	5.54015e+09	5.16548e+09	5.46608e+09	5.73197e+09	5.27129e+09	5.1295e+09	5.11989e+09	5.44346e+09	5.43793e+09	4.89142e+09	4.6073e+09	5.44262e+09	4.80426e+09	5.62621e+09	5.8852e+09	6.14154e+09	5.97459e+09	4.66002e+09	5.96217e+09	4.8478e+09	5.15183e+09	5.05881e+09	5.70362e+09	5.7092e+09	5.70529e+09
ERR626862	6.36242e+09	6.24732e+09	6.49049e+09	6.48743e+09	7.60996e+09	7.68906e+09	7.70748e+09	6.52245e+09	7.7027e+09	6.54985e+09	6.61415e+09	7.52966e+09	5.46326e+09	5.23119e+09	5.41827e+09	5.43265e+09	5.69405e+09	5.49304e+09	7.34086e+09	7.33651e+09	5.7507e+09	5.81576e+09	7.06322e+09	6.87186e+09	7.23407e+09	6.27569e+09	6.15498e+09	6.19346e+09	7.26499e+09	7.232e+09	7.05163e+09	7.07618e+09	6.83378e+09	7.02472e+09	5.33197e+09	7.10708e+09	6.81738e+09	7.54052e+09	7.18249e+09	7.16047e+09	6.88327e+09	7.14965e+09	7.01749e+09	7.68114e+09	7.77949e+09	7.36587e+09	7.09808e+09	7.04792e+09	6.05559e+09	5.74988e+09	6.65636e+09	5.66454e+09	6.6261e+09	5.65187e+09	5.96775e+09	5.21291e+09	4.98141e+09	5.29858e+09	5.97072e+09	5.97003e+09	5.88273e+09	5.20816e+09	5.11392e+09	4.88462e+09	5.88448e+09	5.88251e+09	7.03921e+09	6.745e+09	7.04423e+09	6.3129e+09	7.20154e+09	6.53038e+09	6.04541e+09	6.41783e+09	6.75275e+09	6.16356e+09	5.9864e+09	5.97299e+09	6.40748e+09	6.40001e+09	5.70809e+09	5.35082e+09	6.40553e+09	5.60085e+09	6.6188e+09	6.94129e+09	7.27293e+09	7.05909e+09	5.42736e+09	7.04628e+09	5.6437e+09	6.02802e+09	5.91263e+09	6.73147e+09	6.73814e+09	6.73304e+09
ERR626863	6.38326e+09	6.26514e+09	6.51297e+09	6.50871e+09	7.64134e+09	7.72102e+09	7.742e+09	6.54578e+09	7.73661e+09	6.57452e+09	6.63839e+09	7.56171e+09	5.48615e+09	5.25309e+09	5.44271e+09	5.45652e+09	5.71885e+09	5.5172e+09	7.37206e+09	7.36638e+09	5.77267e+09	5.83841e+09	6.87186e+09	7.11761e+09	7.2632e+09	6.29825e+09	6.17607e+09	6.21552e+09	7.2937e+09	7.2601e+09	7.07779e+09	7.10161e+09	6.85899e+09	7.05058e+09	5.34954e+09	7.13419e+09	6.84169e+09	7.57015e+09	7.20844e+09	7.1881e+09	6.90832e+09	7.17703e+09	7.04306e+09	7.71367e+09	7.81467e+09	7.39589e+09	7.12444e+09	7.07356e+09	6.06952e+09	5.76361e+09	6.67666e+09	5.67732e+09	6.64568e+09	5.6643e+09	5.98983e+09	5.23201e+09	4.99953e+09	5.31838e+09	5.99212e+09	5.99185e+09	5.90601e+09	5.22807e+09	5.13249e+09	4.90303e+09	5.9071e+09	5.9045e+09	7.06487e+09	6.76719e+09	7.07041e+09	6.33478e+09	7.22619e+09	6.55181e+09	6.06832e+09	6.44504e+09	6.78151e+09	6.19082e+09	6.01276e+09	5.99914e+09	6.4292e+09	6.42211e+09	5.7279e+09	5.36871e+09	6.42794e+09	5.61961e+09	6.64557e+09	6.97037e+09	7.3034e+09	7.08881e+09	5.44648e+09	7.0754e+09	5.66375e+09	6.05011e+09	5.93381e+09	6.75541e+09	6.76277e+09	6.75749e+09
ERR607419	6.9031e+09	6.78162e+09	7.05058e+09	7.04751e+09	8.36394e+09	8.45659e+09	8.4976e+09	7.08537e+09	8.4949e+09	7.11965e+09	7.19213e+09	8.28537e+09	5.85263e+09	5.59417e+09	5.80059e+09	5.81599e+09	6.11081e+09	5.88324e+09	7.79052e+09	7.78765e+09	6.03514e+09	6.10569e+09	7.23407e+09	7.2632e+09	9.15362e+09	7.64901e+09	7.49404e+09	7.54505e+09	8.93217e+09	8.88797e+09	8.47937e+09	8.50794e+09	8.2034e+09	8.44648e+09	6.32364e+09	8.55224e+09	7.52574e+09	8.38697e+09	7.95869e+09	7.93177e+09	7.604e+09	7.91827e+09	7.56169e+09	8.33083e+09	8.44242e+09	7.95941e+09	7.65361e+09	7.59724e+09	7.18268e+09	6.79295e+09	7.96009e+09	6.68367e+09	7.92105e+09	6.66781e+09	7.16703e+09	6.22576e+09	5.94119e+09	6.33574e+09	7.16892e+09	7.17038e+09	7.11004e+09	6.263e+09	6.14222e+09	5.85923e+09	7.11335e+09	7.10844e+09	8.47776e+09	8.10617e+09	8.48247e+09	7.56829e+09	8.67905e+09	7.83863e+09	7.31711e+09	7.79128e+09	8.21171e+09	7.47149e+09	7.24936e+09	7.23066e+09	7.6898e+09	7.68378e+09	6.82579e+09	6.38047e+09	7.68833e+09	6.69066e+09	8.04033e+09	8.45577e+09	8.87079e+09	8.59991e+09	6.5334e+09	8.58176e+09	6.63829e+09	7.10673e+09	6.96605e+09	7.96748e+09	7.97877e+09	7.96939e+09
ERR607416	6.01355e+09	5.91371e+09	6.13302e+09	6.13228e+09	7.1983e+09	7.27129e+09	7.30109e+09	6.15378e+09	7.30104e+09	6.18224e+09	6.2412e+09	7.13228e+09	5.13839e+09	4.9236e+09	5.09389e+09	5.10663e+09	5.35199e+09	5.16293e+09	6.72317e+09	6.72158e+09	5.28752e+09	5.3465e+09	6.27569e+09	6.29825e+09	7.64901e+09	6.87969e+09	6.54563e+09	6.58473e+09	7.68176e+09	7.64586e+09	7.32818e+09	7.3519e+09	7.11056e+09	7.3029e+09	5.57942e+09	7.38366e+09	6.52294e+09	7.22106e+09	6.87617e+09	6.85258e+09	6.58706e+09	6.84294e+09	6.52772e+09	7.15096e+09	7.23707e+09	6.84872e+09	6.60223e+09	6.55684e+09	6.27855e+09	5.95669e+09	6.91338e+09	5.86599e+09	6.88252e+09	5.85261e+09	6.27232e+09	5.49753e+09	5.25948e+09	5.58793e+09	6.27409e+09	6.27517e+09	6.22409e+09	5.52708e+09	5.42791e+09	5.18926e+09	6.22713e+09	6.22253e+09	7.32477e+09	7.03335e+09	7.32915e+09	6.59826e+09	7.48379e+09	6.81648e+09	6.39119e+09	6.77e+09	7.10534e+09	6.50962e+09	6.33029e+09	6.31572e+09	6.69982e+09	6.69491e+09	5.99563e+09	5.62834e+09	6.69815e+09	5.88452e+09	6.9711e+09	7.2977e+09	7.62818e+09	7.41489e+09	5.75584e+09	7.4007e+09	5.83362e+09	6.21859e+09	6.1037e+09	6.91677e+09	6.92576e+09	6.91856e+09
ERR607415	5.90316e+09	5.80803e+09	6.01794e+09	6.01898e+09	7.05513e+09	7.12578e+09	7.1531e+09	6.03745e+09	7.1541e+09	6.06435e+09	6.12258e+09	6.99036e+09	5.05175e+09	4.84195e+09	5.00766e+09	5.01942e+09	5.25949e+09	5.07488e+09	6.58966e+09	6.58857e+09	5.19163e+09	5.24903e+09	6.15498e+09	6.17607e+09	7.49404e+09	6.54563e+09	6.62961e+09	6.46264e+09	7.52599e+09	7.49164e+09	7.18474e+09	7.20787e+09	6.9725e+09	7.15968e+09	5.48681e+09	7.2373e+09	6.39893e+09	7.0784e+09	6.74377e+09	6.72023e+09	6.46201e+09	6.711e+09	6.40048e+09	7.00638e+09	7.08882e+09	6.71257e+09	6.47284e+09	6.42887e+09	6.16964e+09	5.85386e+09	6.78496e+09	5.76565e+09	6.7549e+09	5.75298e+09	6.15858e+09	5.4044e+09	5.17169e+09	5.49182e+09	6.16072e+09	6.16176e+09	6.11193e+09	5.43293e+09	5.33688e+09	5.10321e+09	6.11467e+09	6.11062e+09	7.18134e+09	6.90091e+09	7.18711e+09	6.47717e+09	7.33616e+09	6.68986e+09	6.27423e+09	6.64155e+09	6.96633e+09	6.38616e+09	6.21244e+09	6.19804e+09	6.57524e+09	6.57077e+09	5.88966e+09	5.53246e+09	6.57375e+09	5.78269e+09	6.83603e+09	7.15154e+09	7.47305e+09	7.26616e+09	5.65823e+09	7.2528e+09	5.7298e+09	6.10475e+09	5.99294e+09	6.78402e+09	6.79195e+09	6.78569e+09
ERR607417	5.93746e+09	5.8326e+09	6.05436e+09	6.05395e+09	7.09974e+09	7.17177e+09	7.19839e+09	6.07197e+09	7.19734e+09	6.09964e+09	6.15756e+09	7.03138e+09	5.08211e+09	4.86957e+09	5.03783e+09	5.05069e+09	5.29293e+09	5.10588e+09	6.63269e+09	6.63239e+09	5.22729e+09	5.28474e+09	6.19346e+09	6.21552e+09	7.54505e+09	6.58473e+09	6.46264e+09	6.70905e+09	7.57688e+09	7.54239e+09	7.22738e+09	7.24977e+09	7.01202e+09	7.20188e+09	5.5065e+09	7.28259e+09	6.43536e+09	7.12223e+09	6.78297e+09	6.76027e+09	6.4988e+09	6.74981e+09	6.43222e+09	7.04601e+09	7.13242e+09	6.75023e+09	6.50561e+09	6.46096e+09	6.18941e+09	5.87648e+09	6.81678e+09	5.7888e+09	6.78644e+09	5.77396e+09	6.19523e+09	5.43511e+09	5.20243e+09	5.52406e+09	6.19647e+09	6.19846e+09	6.14818e+09	5.46478e+09	5.36745e+09	5.1336e+09	6.15125e+09	6.14719e+09	7.22548e+09	6.93697e+09	7.2292e+09	6.51483e+09	7.38206e+09	6.72768e+09	6.31192e+09	6.6842e+09	7.01385e+09	6.43019e+09	6.25478e+09	6.24042e+09	6.61361e+09	6.60757e+09	5.92317e+09	5.5642e+09	6.61162e+09	5.81423e+09	6.88157e+09	7.20344e+09	7.52566e+09	7.31578e+09	5.68417e+09	7.30242e+09	5.76499e+09	6.14112e+09	6.02852e+09	6.82491e+09	6.83314e+09	6.82591e+09
ERR607418	6.93172e+09	6.81152e+09	7.07996e+09	7.07667e+09	8.40333e+09	8.49611e+09	8.53803e+09	7.11648e+09	8.53515e+09	7.15133e+09	7.22442e+09	8.32482e+09	5.87406e+09	5.61417e+09	5.82167e+09	5.83761e+09	6.13359e+09	5.90482e+09	7.82479e+09	7.82117e+09	6.05791e+09	6.12833e+09	7.26499e+09	7.2937e+09	8.93217e+09	7.68176e+09	7.52599e+09	7.57688e+09	9.23761e+09	8.92919e+09	8.51928e+09	8.5489e+09	8.24147e+09	8.48645e+09	6.35092e+09	8.59276e+09	7.55898e+09	8.42639e+09	7.99493e+09	7.96871e+09	7.63829e+09	7.95517e+09	7.59735e+09	8.37122e+09	8.48353e+09	7.9978e+09	7.69015e+09	7.63314e+09	7.21655e+09	6.82313e+09	7.99819e+09	6.71257e+09	7.9587e+09	6.69746e+09	7.19641e+09	6.24935e+09	5.96357e+09	6.35999e+09	7.19768e+09	7.19941e+09	7.13963e+09	6.28725e+09	6.16587e+09	5.88071e+09	7.1418e+09	7.13693e+09	8.51654e+09	8.14267e+09	8.52166e+09	7.60128e+09	8.719e+09	7.87303e+09	7.34793e+09	7.82543e+09	8.24776e+09	7.50264e+09	7.2788e+09	7.25982e+09	7.7238e+09	7.7178e+09	6.85374e+09	6.40621e+09	7.72157e+09	6.71847e+09	8.07402e+09	8.49261e+09	8.91058e+09	8.63878e+09	6.55965e+09	8.62014e+09	6.66404e+09	7.13585e+09	6.99325e+09	8.0015e+09	8.01354e+09	8.00383e+09
ERR607420	6.90035e+09	6.78e+09	7.04794e+09	7.04478e+09	8.36244e+09	8.45495e+09	8.49737e+09	7.08379e+09	8.49458e+09	7.11806e+09	7.19105e+09	8.28479e+09	5.84926e+09	5.5913e+09	5.79757e+09	5.8135e+09	6.10776e+09	5.88009e+09	7.78821e+09	7.78543e+09	6.03326e+09	6.10343e+09	7.232e+09	7.2601e+09	8.88797e+09	7.64586e+09	7.49164e+09	7.54239e+09	8.92919e+09	9.14698e+09	8.47754e+09	8.50629e+09	8.20159e+09	8.44433e+09	6.32301e+09	8.5512e+09	7.52457e+09	8.38563e+09	7.95762e+09	7.93093e+09	7.60315e+09	7.91698e+09	7.56168e+09	8.33144e+09	8.44289e+09	7.95987e+09	7.65378e+09	7.59744e+09	7.18244e+09	6.79285e+09	7.95992e+09	6.68294e+09	7.92191e+09	6.66724e+09	7.16473e+09	6.22435e+09	5.94003e+09	6.33383e+09	7.16592e+09	7.16753e+09	7.10749e+09	6.26116e+09	6.14074e+09	5.8574e+09	7.11121e+09	7.10603e+09	8.47539e+09	8.10423e+09	8.48053e+09	7.5667e+09	8.67652e+09	7.83601e+09	7.31458e+09	7.78875e+09	8.20852e+09	7.46851e+09	7.24644e+09	7.22736e+09	7.6884e+09	7.68267e+09	6.82452e+09	6.3796e+09	7.68601e+09	6.68982e+09	8.03711e+09	8.45251e+09	8.86677e+09	8.59617e+09	6.53109e+09	8.5782e+09	6.6353e+09	7.10441e+09	6.96284e+09	7.96306e+09	7.97485e+09	7.96549e+09
ERR608582	6.74888e+09	6.65564e+09	6.89145e+09	6.88841e+09	8.14801e+09	8.23275e+09	8.30076e+09	6.96392e+09	8.30155e+09	6.99696e+09	7.06831e+09	8.10672e+09	5.69121e+09	5.44316e+09	5.63908e+09	5.65398e+09	5.93788e+09	5.71972e+09	7.58495e+09	7.57958e+09	5.88343e+09	5.9517e+09	7.05163e+09	7.07779e+09	8.47937e+09	7.32818e+09	7.18474e+09	7.22738e+09	8.51928e+09	8.47754e+09	8.57612e+09	8.35483e+09	8.06152e+09	8.29409e+09	6.25102e+09	8.38925e+09	7.3623e+09	8.17747e+09	7.77674e+09	7.74841e+09	7.43784e+09	7.74048e+09	7.42022e+09	8.14065e+09	8.23761e+09	7.79104e+09	7.50707e+09	7.45419e+09	7.03279e+09	6.64843e+09	7.7567e+09	6.53964e+09	7.72163e+09	6.52907e+09	7.00059e+09	6.0888e+09	5.81056e+09	6.19529e+09	7.00302e+09	7.00324e+09	6.89682e+09	6.08438e+09	5.97122e+09	5.69457e+09	6.89914e+09	6.89399e+09	8.25665e+09	7.91435e+09	8.26422e+09	7.38468e+09	8.44829e+09	7.6474e+09	7.09128e+09	7.53896e+09	7.9346e+09	7.22672e+09	7.01597e+09	6.99812e+09	7.50611e+09	7.49911e+09	6.66827e+09	6.23501e+09	7.50436e+09	6.53932e+09	7.80528e+09	8.19145e+09	8.58968e+09	8.33437e+09	6.3843e+09	8.31919e+09	6.4977e+09	6.9544e+09	6.81802e+09	7.79091e+09	7.79937e+09	7.7925e+09
ERR608584	6.77064e+09	6.67784e+09	6.91377e+09	6.91127e+09	8.17698e+09	8.26168e+09	8.32882e+09	6.98576e+09	8.33042e+09	7.01958e+09	7.0906e+09	8.13461e+09	5.70758e+09	5.45905e+09	5.65625e+09	5.67071e+09	5.95599e+09	5.73661e+09	7.61167e+09	7.60689e+09	5.90169e+09	5.96977e+09	7.07618e+09	7.10161e+09	8.50794e+09	7.3519e+09	7.20787e+09	7.24977e+09	8.5489e+09	8.50629e+09	8.35483e+09	8.63466e+09	8.08863e+09	8.32334e+09	6.27038e+09	8.41718e+09	7.38646e+09	8.20594e+09	7.80315e+09	7.77465e+09	7.46227e+09	7.76638e+09	7.4464e+09	8.16982e+09	8.26668e+09	7.81788e+09	7.53364e+09	7.48019e+09	7.05734e+09	6.67021e+09	7.78298e+09	6.55992e+09	7.74805e+09	6.5499e+09	7.02193e+09	6.1058e+09	5.82629e+09	6.21227e+09	7.02424e+09	7.02533e+09	6.91774e+09	6.10126e+09	5.98761e+09	5.70986e+09	6.91967e+09	6.91546e+09	8.28592e+09	7.94198e+09	8.29372e+09	7.40972e+09	8.47812e+09	7.67376e+09	7.11451e+09	7.56351e+09	7.96151e+09	7.24918e+09	7.0372e+09	7.01969e+09	7.53136e+09	7.52477e+09	6.68941e+09	6.25386e+09	7.53009e+09	6.55887e+09	7.82933e+09	8.21744e+09	8.61897e+09	8.36169e+09	6.40382e+09	8.34678e+09	6.51646e+09	6.97516e+09	6.83863e+09	7.81602e+09	7.82584e+09	7.81884e+09
ERR608580	6.5439e+09	6.45935e+09	6.68124e+09	6.67805e+09	7.88107e+09	7.96108e+09	8.02835e+09	6.75237e+09	8.03005e+09	6.78492e+09	6.85215e+09	7.84501e+09	5.52712e+09	5.29048e+09	5.47803e+09	5.49231e+09	5.76374e+09	5.55514e+09	7.34203e+09	7.33679e+09	5.71328e+09	5.77813e+09	6.83378e+09	6.85899e+09	8.2034e+09	7.11056e+09	6.9725e+09	7.01202e+09	8.24147e+09	8.20159e+09	8.06152e+09	8.08863e+09	8.05205e+09	8.03152e+09	6.08565e+09	8.12462e+09	7.13369e+09	7.90919e+09	7.52951e+09	7.50208e+09	7.20548e+09	7.49485e+09	7.18722e+09	7.87345e+09	7.96438e+09	7.54003e+09	7.2701e+09	7.21932e+09	6.82963e+09	6.46276e+09	7.52168e+09	6.35738e+09	7.48792e+09	6.34788e+09	6.79589e+09	5.92392e+09	5.6556e+09	6.02505e+09	6.7983e+09	6.79824e+09	6.69596e+09	5.91895e+09	5.8104e+09	5.54341e+09	6.6981e+09	6.69323e+09	7.99537e+09	7.67213e+09	8.00325e+09	7.16546e+09	8.17652e+09	7.41672e+09	6.88289e+09	7.30943e+09	7.68473e+09	7.00925e+09	6.80876e+09	6.792e+09	7.28136e+09	7.2748e+09	6.48189e+09	6.0652e+09	7.2798e+09	6.3576e+09	7.56384e+09	7.92986e+09	8.30816e+09	8.06498e+09	6.21026e+09	8.05097e+09	6.31478e+09	6.75351e+09	6.62299e+09	7.55144e+09	7.55968e+09	7.55278e+09
