	ERR636746	ERR636747	ERR636745	ERR636749	ERR636750	ERR636748	ERR636787	ERR636789	ERR636788	ERR636790	ERR636792	ERR636791	ERR607730	ERR607731	ERR607733	ERR607734	ERR607732	ERR607729	ERR607606	ERR607603	ERR607607	ERR607608	ERR607605	ERR607604	ERR612580	ERR612579	ERR612577	ERR612582	ERR612581	ERR612578	ERR622581	ERR622579	ERR622577	ERR622578	ERR622582	ERR622580	ERR636741	ERR636740	ERR636742	ERR636743	ERR636739	ERR636744	ERR613505	ERR613504	ERR613503	ERR613507	ERR613506	ERR613508	ERR614539	ERR614541	ERR614540	ERR614537	ERR614538	ERR614542	ERR630204	ERR630201	ERR630205	ERR630200	ERR630202	ERR630203	ERR630219	ERR630222	ERR630223	ERR630218	ERR630221	ERR630220	ERR617759	ERR617762	ERR617758	ERR617761	ERR617760	ERR617757	ERR614872	ERR614873	ERR614876	ERR614875	ERR614871	ERR614874	ERR617501	ERR617499	ERR617504	ERR617500	ERR617502	ERR617503	ERR617256	ERR617257	ERR617255	ERR617253	ERR617254	ERR617258	ERR616153	ERR616148	ERR616152	ERR616150	ERR616151	ERR616149
ERR636746	0	0.232245	0.236271	0.233815	0.233906	0.233209	0.266913	0.277992	0.2769	0.28737	0.293141	0.289401	0.260476	0.263761	0.262323	0.26178	0.262732	0.265738	0.454414	0.457506	0.45657	0.457902	0.453075	0.452905	0.331345	0.317085	0.320779	0.332081	0.329595	0.341491	0.392115	0.422862	0.401569	0.397503	0.391066	0.392798	0.27542	0.271663	0.262334	0.26231	0.260656	0.264791	0.358465	0.357475	0.358959	0.358396	0.356664	0.358694	0.502241	0.48022	0.479387	0.498105	0.496141	0.477478	0.355393	0.342895	0.349718	0.367472	0.337848	0.354835	0.303439	0.303357	0.309831	0.306225	0.304824	0.304767	0.831585	0.599583	0.831725	0.603188	0.597093	0.826374	0.429106	0.43676	0.415899	0.416459	0.432747	0.417435	0.575454	0.570894	0.593276	0.575035	0.587623	0.583167	0.602656	0.601861	0.617637	0.617008	0.613749	0.615194	0.507838	0.524903	0.5059	0.541943	0.509263	0.52191
ERR636747	0.232245	0	0.234074	0.232386	0.233412	0.232202	0.268931	0.280308	0.282207	0.290634	0.29667	0.29262	0.260464	0.260795	0.26002	0.259789	0.26028	0.262315	0.457732	0.461246	0.459626	0.460935	0.456095	0.454873	0.334142	0.319134	0.326629	0.334745	0.331785	0.342841	0.395878	0.426992	0.409107	0.404664	0.395108	0.396196	0.277039	0.275684	0.263995	0.264255	0.26167	0.267221	0.360384	0.359389	0.36079	0.361096	0.359085	0.360934	0.505968	0.485021	0.484017	0.501415	0.499775	0.479627	0.358205	0.344029	0.349422	0.371181	0.339544	0.357461	0.298942	0.301293	0.304026	0.305057	0.302132	0.300958	0.843665	0.606231	0.843655	0.609424	0.603014	0.83834	0.431024	0.439362	0.419385	0.419682	0.433946	0.420797	0.582731	0.576933	0.599191	0.582382	0.594561	0.5903	0.609784	0.60891	0.624232	0.622214	0.620048	0.618139	0.51546	0.532774	0.513366	0.550717	0.516971	0.530248
ERR636745	0.236271	0.234074	0	0.239485	0.241306	0.238893	0.277442	0.293291	0.294276	0.305105	0.311954	0.307494	0.263521	0.264858	0.261982	0.262135	0.261546	0.260751	0.462197	0.469427	0.462844	0.463706	0.460476	0.460001	0.332799	0.323379	0.332872	0.333167	0.330796	0.339071	0.403415	0.427732	0.421603	0.415709	0.403501	0.403609	0.292259	0.289835	0.276475	0.277161	0.272833	0.280632	0.370671	0.369821	0.371474	0.365218	0.363628	0.364924	0.508352	0.492915	0.491681	0.504245	0.503076	0.486888	0.371728	0.354872	0.361585	0.386017	0.347857	0.370892	0.30297	0.310651	0.310928	0.316012	0.31145	0.302233	0.848951	0.613923	0.848846	0.615927	0.610654	0.842381	0.431005	0.438444	0.423868	0.423829	0.433004	0.425226	0.58818	0.582034	0.601956	0.587582	0.597994	0.594159	0.618075	0.617164	0.630315	0.627786	0.625994	0.624127	0.520325	0.533533	0.51788	0.550696	0.521351	0.532372
ERR636749	0.233815	0.232386	0.239485	0	0.230308	0.23013	0.264628	0.273582	0.275151	0.281685	0.287319	0.28375	0.260665	0.260742	0.261675	0.261138	0.262232	0.265613	0.457122	0.4579	0.459594	0.461059	0.455003	0.453992	0.336218	0.31828	0.323554	0.336876	0.333881	0.346302	0.393766	0.428704	0.404157	0.40063	0.392341	0.394423	0.268087	0.2667	0.256764	0.257275	0.255089	0.259699	0.356666	0.355546	0.356718	0.360755	0.358436	0.360839	0.505877	0.481326	0.48054	0.501087	0.498921	0.477136	0.351695	0.34	0.344006	0.363857	0.336845	0.350749	0.298689	0.296865	0.30147	0.300142	0.297858	0.302115	0.841877	0.602532	0.842039	0.60631	0.599366	0.837327	0.433593	0.44239	0.419091	0.419749	0.436833	0.420464	0.5803	0.574832	0.598288	0.579687	0.593021	0.588564	0.605741	0.604785	0.621718	0.620088	0.617417	0.616067	0.514814	0.534327	0.512933	0.552424	0.516595	0.531105
ERR636750	0.233906	0.233412	0.241306	0.230308	0	0.230186	0.263937	0.272184	0.273331	0.27964	0.284879	0.281579	0.261246	0.26171	0.26279	0.261906	0.263326	0.267427	0.455326	0.455604	0.457968	0.459366	0.453222	0.452222	0.336068	0.317526	0.321842	0.336971	0.333817	0.346873	0.391058	0.427132	0.400121	0.396918	0.389641	0.391727	0.265995	0.264426	0.255638	0.255603	0.253993	0.257802	0.354774	0.35367	0.35484	0.359513	0.357004	0.359559	0.503803	0.478254	0.47755	0.498977	0.496724	0.474811	0.348775	0.337845	0.341953	0.360368	0.334703	0.347984	0.299567	0.296684	0.302651	0.299307	0.297988	0.303036	0.837319	0.598726	0.837527	0.602783	0.595661	0.832744	0.432461	0.441383	0.417413	0.418055	0.43611	0.418718	0.576944	0.571591	0.595392	0.576156	0.589857	0.585197	0.601499	0.600622	0.618003	0.616777	0.613744	0.613155	0.511435	0.531354	0.509562	0.549298	0.513183	0.527817
ERR636748	0.233209	0.232202	0.238893	0.23013	0.230186	0	0.265048	0.274562	0.275858	0.282869	0.288555	0.2849	0.260366	0.260403	0.261451	0.26033	0.261556	0.264839	0.457052	0.458237	0.459571	0.460941	0.454957	0.453989	0.334995	0.317834	0.323292	0.336019	0.332841	0.345165	0.393578	0.428123	0.4045	0.400968	0.392362	0.394244	0.268921	0.267757	0.257333	0.257792	0.255611	0.260312	0.356694	0.355384	0.356692	0.360091	0.357846	0.360397	0.505651	0.481738	0.48086	0.501046	0.498914	0.477508	0.352269	0.340211	0.344505	0.364474	0.336643	0.351249	0.298328	0.297323	0.301626	0.300523	0.298253	0.301699	0.841943	0.602921	0.842145	0.606634	0.599632	0.837246	0.432992	0.44183	0.418928	0.419541	0.43632	0.420396	0.580416	0.574879	0.598087	0.579732	0.592985	0.588434	0.605983	0.605048	0.621787	0.620228	0.617545	0.616249	0.51462	0.53394	0.51282	0.551939	0.516363	0.53072
ERR636787	0.266913	0.268931	0.277442	0.264628	0.263937	0.265048	0	0.237852	0.23825	0.244547	0.248597	0.245674	0.272646	0.274602	0.276863	0.275583	0.27775	0.282541	0.475401	0.471306	0.479442	0.481062	0.47341	0.472153	0.327455	0.306491	0.306806	0.328902	0.325688	0.340891	0.39334	0.432222	0.396618	0.395004	0.391029	0.394216	0.267623	0.265497	0.260904	0.260412	0.259484	0.261781	0.367569	0.366126	0.367032	0.375074	0.372685	0.375395	0.523405	0.492032	0.491351	0.518678	0.515931	0.491039	0.351772	0.344593	0.348099	0.36113	0.343057	0.351242	0.290714	0.282834	0.293272	0.283887	0.284378	0.295902	0.837421	0.607965	0.838247	0.614187	0.60603	0.835494	0.460354	0.469209	0.441105	0.442117	0.464478	0.442525	0.588366	0.584761	0.611256	0.587837	0.604097	0.598785	0.608897	0.608091	0.628701	0.629236	0.624668	0.62645	0.52371	0.548077	0.52276	0.565689	0.526158	0.542774
ERR636789	0.277992	0.280308	0.293291	0.273582	0.272184	0.274562	0.237852	0	0.23628	0.237756	0.239878	0.238555	0.285074	0.285868	0.290267	0.288505	0.291336	0.298669	0.474892	0.467195	0.479891	0.481651	0.472936	0.471152	0.335129	0.309753	0.307195	0.336913	0.333483	0.350707	0.387545	0.432699	0.384392	0.384356	0.384455	0.388701	0.263132	0.261882	0.261392	0.26049	0.261786	0.260493	0.363737	0.362289	0.362831	0.376655	0.373942	0.377321	0.52286	0.486508	0.485942	0.517792	0.514632	0.486368	0.344608	0.341084	0.343354	0.351404	0.342136	0.344063	0.297734	0.284391	0.297674	0.283111	0.285673	0.30512	0.829458	0.599668	0.830519	0.607195	0.597713	0.8289	0.465041	0.474051	0.442436	0.443761	0.469641	0.443859	0.582869	0.579978	0.608527	0.582583	0.60079	0.595046	0.599259	0.598463	0.621625	0.622916	0.617943	0.619974	0.520561	0.548567	0.51987	0.566402	0.523324	0.54178
ERR636788	0.2769	0.282207	0.294276	0.275151	0.273331	0.275858	0.23825	0.23628	0	0.238497	0.240395	0.239276	0.285603	0.288891	0.292019	0.290261	0.293294	0.300802	0.474341	0.466768	0.479614	0.481307	0.472742	0.471828	0.334709	0.310361	0.305185	0.336583	0.333537	0.35108	0.3884	0.432499	0.38233	0.382849	0.385238	0.389729	0.265598	0.261714	0.263139	0.26181	0.263455	0.261495	0.36565	0.364182	0.364871	0.377643	0.375155	0.378325	0.522356	0.485602	0.485161	0.517767	0.51436	0.487559	0.345741	0.343424	0.346853	0.352213	0.343841	0.345699	0.302356	0.287762	0.303665	0.286255	0.289959	0.308716	0.82148	0.597625	0.822648	0.605575	0.596435	0.821311	0.465319	0.473999	0.44192	0.443321	0.470389	0.443273	0.579951	0.577985	0.606586	0.579602	0.598014	0.592091	0.597079	0.596288	0.619779	0.622117	0.616125	0.621004	0.516426	0.544328	0.516051	0.561421	0.519213	0.537225
ERR636790	0.28737	0.290634	0.305105	0.281685	0.27964	0.282869	0.244547	0.237756	0.238497	0	0.236279	0.235978	0.294689	0.295837	0.300847	0.298966	0.302173	0.310579	0.476321	0.46654	0.481774	0.483768	0.474187	0.472535	0.341977	0.314485	0.309458	0.343976	0.340559	0.358694	0.386913	0.435433	0.379988	0.381123	0.383222	0.388608	0.263146	0.26234	0.264724	0.263461	0.265845	0.262932	0.36389	0.362309	0.362954	0.379789	0.37686	0.380554	0.523861	0.484236	0.483925	0.518564	0.514975	0.485442	0.342684	0.341963	0.343057	0.348105	0.344288	0.341957	0.304688	0.287564	0.30261	0.285107	0.289059	0.312962	0.824823	0.595328	0.82613	0.603654	0.593465	0.825248	0.469802	0.479059	0.445284	0.446742	0.474693	0.446574	0.579917	0.577447	0.607027	0.579522	0.598788	0.592673	0.594177	0.593334	0.618231	0.620172	0.614561	0.617245	0.519614	0.549571	0.519223	0.567353	0.522599	0.542072
ERR636792	0.293141	0.29667	0.311954	0.287319	0.284879	0.288555	0.248597	0.239878	0.240395	0.236279	0	0.236283	0.301015	0.301995	0.307426	0.305309	0.308859	0.317464	0.477715	0.466816	0.483672	0.485485	0.475699	0.473958	0.345348	0.317041	0.310288	0.347254	0.343816	0.362601	0.387255	0.437282	0.377962	0.379728	0.383323	0.388826	0.264796	0.263867	0.267631	0.266273	0.269165	0.265351	0.365078	0.36353	0.3639	0.382104	0.379122	0.382961	0.525099	0.483854	0.483567	0.519783	0.51614	0.485838	0.342974	0.343821	0.344438	0.347352	0.346722	0.342335	0.30933	0.290813	0.307262	0.287962	0.292531	0.317998	0.82179	0.593255	0.823251	0.602134	0.59181	0.822767	0.473094	0.482326	0.447565	0.449183	0.478312	0.448836	0.578697	0.576644	0.607007	0.578404	0.598366	0.592045	0.59188	0.591028	0.616957	0.619228	0.613228	0.616582	0.519168	0.550384	0.519049	0.568151	0.522313	0.542228
ERR636791	0.289401	0.29262	0.307494	0.28375	0.281579	0.2849	0.245674	0.238555	0.239276	0.235978	0.236283	0	0.297056	0.297999	0.303153	0.301211	0.304521	0.313102	0.477682	0.467385	0.483296	0.485084	0.475551	0.47386	0.343097	0.315415	0.309721	0.344995	0.341687	0.36013	0.387668	0.436716	0.380223	0.381652	0.383801	0.389232	0.264124	0.26295	0.26572	0.264599	0.267316	0.263983	0.364989	0.363417	0.363818	0.381094	0.378224	0.381692	0.525143	0.484998	0.484691	0.519896	0.516232	0.486501	0.343702	0.343549	0.344319	0.348844	0.345963	0.343071	0.306375	0.288704	0.30433	0.286411	0.290334	0.314902	0.824567	0.595357	0.825856	0.603854	0.593716	0.825147	0.471939	0.481098	0.447034	0.4485	0.476934	0.448328	0.580329	0.57801	0.607933	0.579994	0.599542	0.5934	0.594319	0.593417	0.618772	0.620713	0.614911	0.617877	0.520327	0.550666	0.520085	0.56854	0.523389	0.543064
ERR607730	0.260476	0.260464	0.263521	0.260665	0.261246	0.260366	0.272646	0.285074	0.285603	0.294689	0.301015	0.297056	0	0.230417	0.231088	0.231026	0.231534	0.232727	0.457904	0.460462	0.459654	0.461272	0.45577	0.455023	0.342365	0.327779	0.334	0.342766	0.340239	0.349712	0.405593	0.435466	0.41824	0.414154	0.404546	0.405938	0.282569	0.280372	0.26858	0.269547	0.265614	0.272568	0.359136	0.358009	0.359621	0.360592	0.358437	0.360673	0.507332	0.486231	0.485266	0.502745	0.501026	0.482069	0.353714	0.340138	0.344418	0.366645	0.335091	0.352781	0.298731	0.300155	0.302732	0.304131	0.301309	0.300523	0.846966	0.609126	0.847113	0.612181	0.605637	0.841553	0.432012	0.440822	0.419717	0.420265	0.435012	0.421184	0.58586	0.579945	0.602416	0.585183	0.596746	0.592746	0.612733	0.611957	0.627062	0.624907	0.622772	0.621921	0.519914	0.536422	0.517814	0.553968	0.521339	0.534254
ERR607731	0.263761	0.260795	0.264858	0.260742	0.26171	0.260403	0.274602	0.285868	0.288891	0.295837	0.301995	0.297999	0.230417	0	0.230995	0.231318	0.231347	0.232622	0.459524	0.461958	0.461198	0.463072	0.457172	0.455501	0.345517	0.329801	0.338199	0.345938	0.343134	0.352282	0.406237	0.43775	0.421235	0.416695	0.405441	0.406541	0.281806	0.281725	0.26867	0.269807	0.265681	0.273133	0.358635	0.35753	0.358812	0.361596	0.35929	0.36159	0.509267	0.488305	0.487194	0.504169	0.502654	0.482067	0.353971	0.33942	0.342396	0.367039	0.335301	0.352614	0.295636	0.298247	0.297817	0.302207	0.29863	0.29861	0.854936	0.61189	0.855067	0.614711	0.607749	0.849707	0.433613	0.442866	0.421869	0.422453	0.436277	0.423452	0.589627	0.582749	0.605445	0.58908	0.600689	0.596647	0.615571	0.614754	0.629941	0.626686	0.625503	0.621659	0.525108	0.54237	0.522989	0.560548	0.526659	0.540389
ERR607733	0.262323	0.26002	0.261982	0.261675	0.26279	0.261451	0.276863	0.290267	0.292019	0.300847	0.307426	0.303153	0.231088	0.230995	0	0.228882	0.228913	0.231653	0.460011	0.463907	0.461287	0.462696	0.457768	0.456908	0.343026	0.330009	0.33855	0.343536	0.340882	0.349763	0.408406	0.436399	0.423619	0.4188	0.407748	0.408412	0.288118	0.286849	0.272746	0.273545	0.270113	0.27718	0.362814	0.361903	0.363353	0.362874	0.360731	0.362861	0.509242	0.490185	0.489033	0.5047	0.503095	0.484301	0.358764	0.343575	0.348015	0.37245	0.338015	0.357651	0.298404	0.302629	0.302602	0.307064	0.303198	0.299747	0.852124	0.613581	0.852109	0.616077	0.609829	0.846248	0.432216	0.440934	0.421796	0.4221	0.434857	0.423128	0.589855	0.583244	0.604862	0.589229	0.60018	0.596233	0.617458	0.616553	0.63091	0.627894	0.626533	0.623821	0.523669	0.538994	0.521393	0.556765	0.524929	0.537378
ERR607734	0.26178	0.259789	0.262135	0.261138	0.261906	0.26033	0.275583	0.288505	0.290261	0.298966	0.305309	0.301211	0.231026	0.231318	0.228882	0	0.229059	0.232407	0.458678	0.462452	0.460127	0.461603	0.45668	0.45584	0.342342	0.328965	0.336715	0.342848	0.340095	0.349345	0.405978	0.434752	0.420385	0.415683	0.405185	0.405989	0.286	0.284668	0.271102	0.271965	0.268857	0.275425	0.360715	0.359653	0.361073	0.361197	0.359071	0.361084	0.507809	0.488324	0.487186	0.503334	0.501724	0.482598	0.356755	0.34182	0.346451	0.370064	0.336372	0.355591	0.298064	0.301687	0.302337	0.305696	0.302429	0.299611	0.849599	0.611319	0.849682	0.613931	0.607526	0.843821	0.431412	0.440235	0.420675	0.42102	0.434278	0.421923	0.587791	0.581298	0.60308	0.58727	0.598244	0.594284	0.614968	0.614095	0.628747	0.625837	0.624263	0.62201	0.521561	0.537263	0.519342	0.555052	0.522892	0.535548
ERR607732	0.262732	0.26028	0.261546	0.262232	0.263326	0.261556	0.27775	0.291336	0.293294	0.302173	0.308859	0.304521	0.231534	0.231347	0.228913	0.229059	0	0.231339	0.460764	0.465077	0.461889	0.46346	0.458519	0.457571	0.343872	0.331011	0.33974	0.34425	0.341551	0.350184	0.409961	0.4377	0.425777	0.420946	0.409346	0.410009	0.289091	0.288138	0.273794	0.274745	0.271052	0.278558	0.363685	0.362796	0.364114	0.363579	0.361448	0.363381	0.510098	0.491429	0.490332	0.505388	0.503963	0.48525	0.360249	0.344661	0.348931	0.37411	0.338793	0.359062	0.297994	0.302769	0.30191	0.307498	0.303475	0.299195	0.854867	0.615221	0.85485	0.617562	0.611249	0.848864	0.432696	0.441572	0.42284	0.423076	0.435197	0.424135	0.59168	0.584735	0.606283	0.590995	0.601687	0.597846	0.619218	0.61835	0.632577	0.629181	0.628153	0.625064	0.525622	0.540764	0.52328	0.5585	0.526939	0.539223
ERR607729	0.265738	0.262315	0.260751	0.265613	0.267427	0.264839	0.282541	0.298669	0.300802	0.310579	0.317464	0.313102	0.232727	0.232622	0.231653	0.232407	0.231339	0	0.465429	0.471419	0.466059	0.467501	0.463137	0.462034	0.344969	0.334369	0.344869	0.34521	0.342667	0.349407	0.417343	0.441741	0.436233	0.430721	0.417077	0.416997	0.297418	0.296293	0.281071	0.282429	0.276352	0.286393	0.370371	0.369345	0.37088	0.367329	0.36545	0.367321	0.513838	0.498048	0.496911	0.509379	0.508238	0.491293	0.368562	0.351215	0.355737	0.383354	0.344704	0.367354	0.299382	0.307627	0.304452	0.31323	0.307901	0.299461	0.862701	0.622869	0.862627	0.624541	0.6188	0.856281	0.434319	0.443103	0.426954	0.427139	0.436351	0.42844	0.598128	0.590797	0.611257	0.597352	0.60702	0.603509	0.627388	0.626469	0.639572	0.635621	0.634828	0.631137	0.531951	0.54534	0.529446	0.563077	0.533117	0.544764
ERR607606	0.454414	0.457732	0.462197	0.457122	0.455326	0.457052	0.475401	0.474892	0.474341	0.476321	0.477715	0.477682	0.457904	0.459524	0.460011	0.458678	0.460764	0.465429	0	0.251749	0.240749	0.242166	0.241211	0.241249	0.493564	0.484831	0.483384	0.493756	0.492365	0.500099	0.4565	0.483725	0.455085	0.453545	0.455873	0.457868	0.458339	0.457716	0.459205	0.458071	0.460912	0.45826	0.400748	0.401257	0.40201	0.401977	0.401349	0.40251	0.332726	0.309516	0.308605	0.327967	0.325111	0.307296	0.414638	0.41014	0.41607	0.418656	0.406444	0.4156	0.481667	0.480318	0.487551	0.47877	0.48225	0.482948	0.695075	0.408545	0.694434	0.413579	0.406015	0.686438	0.315341	0.319601	0.302059	0.301746	0.319946	0.302102	0.370386	0.365998	0.401169	0.370461	0.389933	0.38353	0.400042	0.39903	0.41724	0.417548	0.412918	0.417606	0.345211	0.363096	0.342591	0.384133	0.345379	0.357485
ERR607603	0.457506	0.461246	0.469427	0.4579	0.455604	0.458237	0.471306	0.467195	0.466768	0.46654	0.466816	0.467385	0.460462	0.461958	0.463907	0.462452	0.465077	0.471419	0.251749	0	0.262388	0.265048	0.250569	0.247802	0.502854	0.487113	0.482525	0.503466	0.501714	0.512849	0.468327	0.50693	0.455075	0.457032	0.46584	0.470231	0.450437	0.449954	0.454029	0.452747	0.456412	0.452186	0.400779	0.400899	0.401117	0.415327	0.413201	0.416075	0.361904	0.307211	0.307024	0.354981	0.350031	0.311622	0.405161	0.40667	0.409808	0.405713	0.407119	0.406162	0.48255	0.475207	0.484948	0.471922	0.477067	0.486973	0.699092	0.418448	0.69971	0.430359	0.417294	0.696633	0.345091	0.352221	0.312076	0.313558	0.351441	0.312161	0.387962	0.386652	0.431734	0.387801	0.417084	0.408242	0.406327	0.405342	0.437855	0.441703	0.433375	0.440778	0.353539	0.391933	0.353186	0.414887	0.356699	0.37983
ERR607607	0.45657	0.459626	0.462844	0.459594	0.457968	0.459571	0.479442	0.479891	0.479614	0.481774	0.483672	0.483296	0.459654	0.461198	0.461287	0.460127	0.461889	0.466059	0.240749	0.262388	0	0.240352	0.243935	0.244789	0.493367	0.486779	0.486783	0.4935	0.492039	0.498371	0.455227	0.477896	0.458505	0.455861	0.455363	0.456777	0.463296	0.462647	0.463274	0.462255	0.464759	0.462571	0.403706	0.404229	0.40494	0.400788	0.400466	0.401288	0.325117	0.314474	0.313248	0.3212	0.319044	0.309801	0.420486	0.414236	0.420632	0.425413	0.409546	0.421258	0.483536	0.484169	0.490451	0.483163	0.486119	0.483955	0.696651	0.407692	0.695365	0.409785	0.404089	0.68561	0.308861	0.311682	0.303738	0.302919	0.311997	0.303518	0.367419	0.361531	0.392179	0.367657	0.382653	0.377491	0.400914	0.399794	0.412814	0.411304	0.408348	0.41099	0.348632	0.358002	0.345277	0.378099	0.347812	0.355646
ERR607608	0.457902	0.460935	0.463706	0.461059	0.459366	0.460941	0.481062	0.481651	0.481307	0.483768	0.485485	0.485084	0.461272	0.463072	0.462696	0.461603	0.46346	0.467501	0.242166	0.265048	0.240352	0	0.245324	0.246477	0.493454	0.487573	0.487453	0.493423	0.492261	0.498256	0.455181	0.476512	0.458759	0.455949	0.455294	0.456592	0.465295	0.464546	0.465133	0.463953	0.466533	0.464375	0.405313	0.405839	0.406583	0.401128	0.401004	0.401564	0.323836	0.315893	0.314691	0.320184	0.31842	0.311041	0.422407	0.415975	0.422737	0.427299	0.41097	0.423148	0.485161	0.486032	0.49224	0.485124	0.487889	0.485121	0.694163	0.406758	0.692884	0.408304	0.403325	0.682626	0.307862	0.310379	0.304342	0.303515	0.310794	0.304296	0.365468	0.359691	0.389509	0.365667	0.380104	0.374906	0.399933	0.398775	0.410773	0.408957	0.406288	0.40948	0.347556	0.354686	0.343903	0.374612	0.346671	0.352819
ERR607605	0.453075	0.456095	0.460476	0.455003	0.453222	0.454957	0.47341	0.472936	0.472742	0.474187	0.475699	0.475551	0.45577	0.457172	0.457768	0.45668	0.458519	0.463137	0.241211	0.250569	0.243935	0.245324	0	0.240716	0.493872	0.484372	0.48328	0.494159	0.492533	0.500367	0.458657	0.486644	0.457458	0.455951	0.457884	0.460012	0.455893	0.455486	0.456756	0.455797	0.458223	0.455833	0.400046	0.400517	0.401127	0.402642	0.401838	0.403186	0.335728	0.310399	0.309398	0.330235	0.327328	0.30821	0.412796	0.408395	0.413709	0.416967	0.405027	0.413635	0.478925	0.477426	0.484322	0.475998	0.479303	0.480375	0.702127	0.412534	0.701435	0.417526	0.409521	0.69355	0.31738	0.322038	0.302953	0.302489	0.3215	0.302589	0.375184	0.370018	0.405755	0.375002	0.394564	0.388126	0.404226	0.403264	0.42245	0.421965	0.417534	0.421375	0.350393	0.369291	0.348044	0.390438	0.351066	0.363856
ERR607604	0.452905	0.454873	0.460001	0.453992	0.452222	0.453989	0.472153	0.471152	0.471828	0.472535	0.473958	0.47386	0.455023	0.455501	0.456908	0.45584	0.457571	0.462034	0.241249	0.247802	0.244789	0.246477	0.240716	0	0.494502	0.483545	0.483292	0.494953	0.493099	0.501316	0.459259	0.490004	0.45813	0.456917	0.458515	0.460891	0.453938	0.454336	0.455408	0.454573	0.456803	0.454675	0.397902	0.398465	0.398901	0.403186	0.401895	0.403487	0.339432	0.310759	0.309636	0.333342	0.330596	0.305605	0.411128	0.406402	0.410919	0.415284	0.404264	0.411757	0.476355	0.475117	0.481073	0.473764	0.476746	0.479051	0.709749	0.417109	0.709254	0.422483	0.413382	0.702037	0.319521	0.325236	0.303504	0.303361	0.323339	0.303228	0.380929	0.375295	0.412331	0.381148	0.401852	0.395394	0.408089	0.407097	0.427485	0.426382	0.422481	0.422792	0.354548	0.377295	0.352346	0.39975	0.355436	0.371034
ERR612580	0.331345	0.334142	0.332799	0.336218	0.336068	0.334995	0.327455	0.335129	0.334709	0.341977	0.345348	0.343097	0.342365	0.345517	0.343026	0.342342	0.343872	0.344969	0.493564	0.502854	0.493367	0.493454	0.493872	0.494502	0	0.262246	0.272026	0.254399	0.253406	0.260813	0.387173	0.40012	0.40721	0.400186	0.388052	0.386712	0.351392	0.348284	0.343524	0.343316	0.342565	0.344373	0.387363	0.386513	0.388103	0.371105	0.371396	0.371081	0.51794	0.510193	0.50856	0.515618	0.51461	0.507177	0.411768	0.401155	0.40856	0.421987	0.394249	0.411681	0.352154	0.355854	0.361998	0.358932	0.357868	0.349015	0.816193	0.601148	0.81594	0.603419	0.5989	0.809919	0.464999	0.468736	0.463218	0.463374	0.467184	0.464435	0.577429	0.573514	0.590413	0.577428	0.58609	0.583045	0.603555	0.602633	0.614803	0.614462	0.611057	0.613681	0.52653	0.533509	0.524338	0.547176	0.526462	0.533468
ERR612579	0.317085	0.319134	0.323379	0.31828	0.317526	0.317834	0.306491	0.309753	0.310361	0.314485	0.317041	0.315415	0.327779	0.329801	0.330009	0.328965	0.331011	0.334369	0.484831	0.487113	0.486779	0.487573	0.484372	0.483545	0.262246	0	0.251546	0.263557	0.260278	0.274838	0.381041	0.410821	0.390839	0.386885	0.380311	0.381333	0.324622	0.322575	0.319999	0.319599	0.319802	0.320106	0.367136	0.365842	0.367046	0.363941	0.362722	0.364263	0.519316	0.498339	0.496902	0.515626	0.51372	0.496033	0.38709	0.379494	0.384541	0.395716	0.375969	0.387024	0.335353	0.333342	0.341321	0.334508	0.335205	0.337013	0.820985	0.598906	0.821358	0.603607	0.596651	0.817655	0.463827	0.469948	0.452566	0.453274	0.467008	0.453656	0.578221	0.574622	0.596809	0.578011	0.59131	0.587141	0.599684	0.598657	0.615978	0.616205	0.612441	0.613807	0.521813	0.539324	0.520234	0.555279	0.522974	0.535826
ERR612577	0.320779	0.326629	0.332872	0.323554	0.321842	0.323292	0.306806	0.307195	0.305185	0.309458	0.310288	0.309721	0.334	0.338199	0.33855	0.336715	0.33974	0.344869	0.483384	0.482525	0.486783	0.487453	0.48328	0.483292	0.272026	0.251546	0	0.273483	0.270567	0.289456	0.381393	0.415519	0.381187	0.379517	0.379418	0.382152	0.322379	0.318196	0.319955	0.318681	0.320746	0.318538	0.366422	0.364936	0.365945	0.366715	0.365341	0.367227	0.519704	0.492268	0.491266	0.516121	0.513526	0.494503	0.382424	0.378875	0.384419	0.389019	0.376018	0.38268	0.344633	0.336914	0.350248	0.336407	0.339535	0.346995	0.804459	0.591745	0.805254	0.598074	0.590934	0.802793	0.468379	0.474264	0.451912	0.452897	0.472833	0.452918	0.571061	0.569816	0.594126	0.570864	0.586334	0.581247	0.590936	0.590053	0.610146	0.613009	0.606888	0.613237	0.513272	0.534409	0.51254	0.549421	0.514913	0.529045
ERR612582	0.332081	0.334745	0.333167	0.336876	0.336971	0.336019	0.328902	0.336913	0.336583	0.343976	0.347254	0.344995	0.342766	0.345938	0.343536	0.342848	0.34425	0.34521	0.493756	0.503466	0.4935	0.493423	0.494159	0.494953	0.254399	0.263557	0.273483	0	0.2531	0.259878	0.388429	0.400119	0.409167	0.402272	0.38957	0.388056	0.353114	0.349827	0.344819	0.344681	0.343904	0.345785	0.388999	0.38808	0.389626	0.37179	0.372366	0.372085	0.517681	0.51067	0.509318	0.515391	0.514651	0.507776	0.413581	0.402654	0.410214	0.424036	0.395471	0.413445	0.353079	0.357401	0.363259	0.360621	0.359283	0.349882	0.816418	0.601744	0.816142	0.60365	0.599388	0.809998	0.464988	0.468538	0.463769	0.463739	0.466999	0.464715	0.577488	0.57356	0.589899	0.577526	0.585901	0.58268	0.604143	0.603288	0.614944	0.614615	0.611418	0.613868	0.527166	0.533429	0.524634	0.546702	0.526891	0.5335
ERR612581	0.329595	0.331785	0.330796	0.333881	0.333817	0.332841	0.325688	0.333483	0.333537	0.340559	0.343816	0.341687	0.340239	0.343134	0.340882	0.340095	0.341551	0.342667	0.492365	0.501714	0.492039	0.492261	0.492533	0.493099	0.253406	0.260278	0.270567	0.2531	0	0.259903	0.386478	0.400006	0.406787	0.399816	0.387264	0.385898	0.349592	0.346694	0.3417	0.341597	0.340785	0.342638	0.385547	0.384667	0.386	0.3695	0.370007	0.36954	0.517576	0.509427	0.507922	0.515062	0.514239	0.506231	0.410294	0.399359	0.406461	0.420571	0.392567	0.410046	0.349533	0.3537	0.359221	0.356958	0.355602	0.346895	0.818053	0.601403	0.817823	0.603583	0.59897	0.811842	0.464142	0.46785	0.462265	0.46228	0.466321	0.463271	0.577726	0.573601	0.590508	0.577686	0.586635	0.583286	0.603915	0.602884	0.615128	0.614651	0.611493	0.613366	0.526599	0.533987	0.524176	0.547756	0.526508	0.533862
ERR612578	0.341491	0.342841	0.339071	0.346302	0.346873	0.345165	0.340891	0.350707	0.35108	0.358694	0.362601	0.36013	0.349712	0.352282	0.349763	0.349345	0.350184	0.349407	0.500099	0.512849	0.498371	0.498256	0.500367	0.501316	0.260813	0.274838	0.289456	0.259878	0.259903	0	0.395584	0.398994	0.423102	0.414579	0.397776	0.394662	0.36574	0.363361	0.356476	0.356967	0.3548	0.358371	0.399277	0.398494	0.40009	0.377814	0.378968	0.377322	0.518933	0.519427	0.517938	0.516679	0.516553	0.514618	0.425817	0.413125	0.420179	0.437107	0.404593	0.42573	0.359075	0.367277	0.369822	0.371428	0.368834	0.353994	0.825782	0.60732	0.825225	0.607555	0.604071	0.818004	0.466388	0.469394	0.471082	0.47065	0.467511	0.472259	0.582426	0.576871	0.590617	0.582383	0.588006	0.585499	0.610414	0.609553	0.618494	0.616498	0.614501	0.615024	0.536657	0.537966	0.533753	0.550767	0.536074	0.54035
ERR622581	0.392115	0.395878	0.403415	0.393766	0.391058	0.393578	0.39334	0.387545	0.3884	0.386913	0.387255	0.387668	0.405593	0.406237	0.408406	0.405978	0.409961	0.417343	0.4565	0.468327	0.455227	0.455181	0.458657	0.459259	0.387173	0.381041	0.381393	0.388429	0.386478	0.395584	0	0.289744	0.279259	0.269651	0.256702	0.256993	0.386757	0.386693	0.391143	0.389273	0.394095	0.38844	0.369609	0.369295	0.370372	0.356985	0.358402	0.356866	0.457691	0.457705	0.457018	0.45638	0.455357	0.452981	0.387901	0.382647	0.389218	0.39222	0.378903	0.38767	0.409231	0.404977	0.41662	0.40249	0.407133	0.410183	0.750124	0.505245	0.749655	0.507423	0.502148	0.743229	0.439485	0.440143	0.441679	0.441167	0.440918	0.442125	0.497805	0.49344	0.511299	0.497859	0.508515	0.505433	0.504956	0.503664	0.514763	0.514664	0.51251	0.512102	0.479339	0.481627	0.475742	0.494835	0.478037	0.481698
ERR622579	0.422862	0.426992	0.427732	0.428704	0.427132	0.428123	0.432222	0.432699	0.432499	0.435433	0.437282	0.436716	0.435466	0.43775	0.436399	0.434752	0.4377	0.441741	0.483725	0.50693	0.477896	0.476512	0.486644	0.490004	0.40012	0.410821	0.415519	0.400119	0.400006	0.398994	0.289744	0	0.335195	0.32004	0.294523	0.288075	0.435303	0.433531	0.434292	0.432874	0.435887	0.433157	0.416329	0.41626	0.417833	0.384612	0.388514	0.384324	0.460421	0.490485	0.489628	0.462177	0.463684	0.48425	0.440855	0.430208	0.440073	0.447748	0.421373	0.440944	0.441738	0.445907	0.453952	0.44581	0.448002	0.436294	0.744637	0.513348	0.742758	0.509085	0.509695	0.73098	0.452126	0.448429	0.471961	0.470612	0.451423	0.472335	0.501049	0.494988	0.499352	0.501002	0.500453	0.500057	0.516771	0.515742	0.512743	0.510806	0.51084	0.511632	0.501696	0.480706	0.496808	0.487992	0.498017	0.488792
ERR622577	0.401569	0.409107	0.421603	0.404157	0.400121	0.4045	0.396618	0.384392	0.38233	0.379988	0.377962	0.380223	0.41824	0.421235	0.423619	0.420385	0.425777	0.436233	0.455085	0.455075	0.458505	0.458759	0.457458	0.45813	0.40721	0.390839	0.381187	0.409167	0.406787	0.423102	0.279259	0.335195	0	0.252885	0.273921	0.281704	0.383712	0.381456	0.392434	0.389496	0.397964	0.387156	0.36699	0.366294	0.367191	0.37022	0.370029	0.370652	0.471961	0.447332	0.446907	0.470033	0.467028	0.450326	0.374122	0.378578	0.385443	0.372219	0.378974	0.375169	0.425145	0.410731	0.430617	0.404638	0.413823	0.429236	0.728254	0.502832	0.729188	0.5119	0.502727	0.727878	0.454189	0.456262	0.439511	0.439852	0.458669	0.43987	0.4986	0.499143	0.525559	0.499032	0.518089	0.512627	0.497773	0.49686	0.519203	0.524707	0.517774	0.526146	0.46685	0.486243	0.465551	0.500709	0.467617	0.479091
ERR622578	0.397503	0.404664	0.415709	0.40063	0.396918	0.400968	0.395004	0.384356	0.382849	0.381123	0.379728	0.381652	0.414154	0.416695	0.4188	0.415683	0.420946	0.430721	0.453545	0.457032	0.455861	0.455949	0.455951	0.456917	0.400186	0.386885	0.379517	0.402272	0.399816	0.414579	0.269651	0.32004	0.252885	0	0.26564	0.271866	0.384274	0.382165	0.391454	0.388696	0.396622	0.386751	0.366575	0.366158	0.366948	0.365004	0.365222	0.364991	0.466461	0.448542	0.448088	0.464831	0.462188	0.449809	0.376674	0.378267	0.385814	0.376268	0.377392	0.377337	0.420769	0.409114	0.427257	0.403742	0.412031	0.423658	0.730587	0.50151	0.731197	0.508818	0.50079	0.728364	0.44831	0.449702	0.437842	0.438165	0.452047	0.438353	0.496262	0.495458	0.519713	0.496521	0.513474	0.508571	0.497318	0.496272	0.515465	0.519877	0.514035	0.520983	0.46725	0.481751	0.465231	0.495833	0.467311	0.476221
ERR622582	0.391066	0.395108	0.403501	0.392341	0.389641	0.392362	0.391029	0.384455	0.385238	0.383222	0.383323	0.383801	0.404546	0.405441	0.407748	0.405185	0.409346	0.417077	0.455873	0.46584	0.455363	0.455294	0.457884	0.458515	0.388052	0.380311	0.379418	0.38957	0.387264	0.397776	0.256702	0.294523	0.273921	0.26564	0	0.257311	0.383544	0.383475	0.388638	0.386547	0.391891	0.385736	0.367325	0.366951	0.368124	0.357358	0.358507	0.357055	0.45968	0.455904	0.455124	0.457985	0.456891	0.451982	0.383572	0.379302	0.385989	0.387351	0.376575	0.383433	0.408629	0.402724	0.415315	0.400121	0.404983	0.410033	0.749248	0.50542	0.749024	0.508455	0.50247	0.743206	0.440783	0.441873	0.440421	0.43996	0.442793	0.440964	0.498631	0.49469	0.513963	0.498693	0.51056	0.507071	0.504445	0.503443	0.516064	0.51666	0.513857	0.514087	0.478285	0.483425	0.474904	0.497097	0.477217	0.482524
ERR622580	0.392798	0.396196	0.403609	0.394423	0.391727	0.394244	0.394216	0.388701	0.389729	0.388608	0.388826	0.389232	0.405938	0.406541	0.408412	0.405989	0.410009	0.416997	0.457868	0.470231	0.456777	0.456592	0.460012	0.460891	0.386712	0.381333	0.382152	0.388056	0.385898	0.394662	0.256993	0.288075	0.281704	0.271866	0.257311	0	0.388229	0.388133	0.392308	0.390449	0.395282	0.389794	0.371064	0.37096	0.37191	0.357723	0.359327	0.357307	0.458474	0.459675	0.458901	0.457064	0.456516	0.454775	0.389803	0.384003	0.390987	0.394457	0.380186	0.389612	0.408976	0.405344	0.41661	0.403136	0.407454	0.409826	0.751472	0.506717	0.751049	0.508544	0.503454	0.744442	0.440143	0.441031	0.44317	0.442577	0.441721	0.443619	0.49908	0.494489	0.511846	0.499063	0.509308	0.50629	0.506408	0.505378	0.515921	0.515576	0.513652	0.512627	0.481141	0.482832	0.477442	0.495958	0.479845	0.483257
ERR636741	0.27542	0.277039	0.292259	0.268087	0.265995	0.268921	0.267623	0.263132	0.265598	0.263146	0.264796	0.264124	0.282569	0.281806	0.288118	0.286	0.289091	0.297418	0.458339	0.450437	0.463296	0.465295	0.455893	0.453938	0.351392	0.324622	0.322379	0.353114	0.349592	0.36574	0.386757	0.435303	0.383712	0.384274	0.383544	0.388229	0	0.23769	0.238735	0.238478	0.239348	0.237933	0.350242	0.348758	0.349317	0.36628	0.363412	0.367024	0.506632	0.470201	0.469697	0.50112	0.497753	0.468952	0.335015	0.332182	0.332027	0.341244	0.334097	0.333883	0.305843	0.291552	0.303094	0.290227	0.292749	0.314305	0.827477	0.584582	0.828491	0.591589	0.5817	0.826278	0.450699	0.460265	0.42841	0.429624	0.455141	0.429638	0.568184	0.56405	0.593066	0.567786	0.585669	0.579896	0.58489	0.584154	0.607379	0.607366	0.603185	0.602993	0.510205	0.538014	0.509371	0.556672	0.51301	0.531721
ERR636740	0.271663	0.275684	0.289835	0.2667	0.264426	0.267757	0.265497	0.261882	0.261714	0.26234	0.263867	0.26295	0.280372	0.281725	0.286849	0.284668	0.288138	0.296293	0.457716	0.449954	0.462647	0.464546	0.455486	0.454336	0.348284	0.322575	0.318196	0.349827	0.346694	0.363361	0.386693	0.433531	0.381456	0.382165	0.383475	0.388133	0.23769	0	0.238468	0.237678	0.239123	0.23712	0.350928	0.349555	0.350207	0.365405	0.362628	0.366051	0.505712	0.469144	0.468919	0.500656	0.497127	0.470135	0.335308	0.333572	0.334785	0.341718	0.334721	0.334933	0.308373	0.293489	0.307248	0.291718	0.295032	0.315976	0.820066	0.582993	0.821077	0.590366	0.580879	0.818937	0.449721	0.458866	0.426723	0.428167	0.45456	0.428084	0.565523	0.56251	0.591296	0.565092	0.582975	0.577185	0.583433	0.582803	0.605976	0.607054	0.601814	0.604705	0.506156	0.53351	0.505502	0.551333	0.508917	0.527058
ERR636742	0.262334	0.263995	0.276475	0.256764	0.255638	0.257333	0.260904	0.261392	0.263139	0.264724	0.267631	0.26572	0.26858	0.26867	0.272746	0.271102	0.273794	0.281071	0.459205	0.454029	0.463274	0.465133	0.456756	0.455408	0.343524	0.319999	0.319955	0.344819	0.3417	0.356476	0.391143	0.434292	0.392434	0.391454	0.388638	0.392308	0.238735	0.238468	0	0.232938	0.234776	0.233496	0.35305	0.351845	0.352747	0.364831	0.361964	0.365129	0.508288	0.475868	0.475217	0.503188	0.500015	0.473969	0.340191	0.334568	0.335818	0.348604	0.334182	0.339234	0.299091	0.288882	0.298149	0.288606	0.289728	0.305508	0.832906	0.593035	0.833653	0.598872	0.590111	0.830558	0.446916	0.456228	0.427003	0.42804	0.451066	0.428279	0.574325	0.569697	0.596888	0.573756	0.589884	0.584589	0.594484	0.593733	0.61475	0.614198	0.610508	0.610642	0.51337	0.538002	0.512109	0.556171	0.515673	0.532637
ERR636743	0.26231	0.264255	0.277161	0.257275	0.255603	0.257792	0.260412	0.26049	0.26181	0.263461	0.266273	0.264599	0.269547	0.269807	0.273545	0.271965	0.274745	0.282429	0.458071	0.452747	0.462255	0.463953	0.455797	0.454573	0.343316	0.319599	0.318681	0.344681	0.341597	0.356967	0.389273	0.432874	0.389496	0.388696	0.386547	0.390449	0.238478	0.237678	0.232938	0	0.23511	0.233183	0.352264	0.350954	0.351828	0.364214	0.36158	0.3647	0.507061	0.474167	0.473601	0.50191	0.498885	0.472792	0.338921	0.333625	0.335362	0.347	0.333446	0.338072	0.300231	0.289027	0.299721	0.28869	0.290256	0.306637	0.829597	0.590708	0.830281	0.596785	0.587942	0.827267	0.44623	0.455477	0.425778	0.426859	0.450465	0.427201	0.572138	0.567845	0.595178	0.571713	0.588053	0.58265	0.592085	0.591338	0.612572	0.612393	0.608359	0.609022	0.511043	0.536024	0.509894	0.554087	0.513369	0.530508
ERR636739	0.260656	0.26167	0.272833	0.255089	0.253993	0.255611	0.259484	0.261786	0.263455	0.265845	0.269165	0.267316	0.265614	0.265681	0.270113	0.268857	0.271052	0.276352	0.460912	0.456412	0.464759	0.466533	0.458223	0.456803	0.342565	0.319802	0.320746	0.343904	0.340785	0.3548	0.394095	0.435887	0.397964	0.396622	0.391891	0.395282	0.239348	0.239123	0.234776	0.23511	0	0.236203	0.354942	0.353579	0.354391	0.365524	0.362794	0.365749	0.509604	0.478424	0.477915	0.504437	0.501585	0.476404	0.342669	0.335644	0.336949	0.351686	0.335112	0.341487	0.296709	0.287858	0.295906	0.288321	0.288601	0.302764	0.838503	0.597093	0.839149	0.602636	0.594112	0.835781	0.446931	0.45635	0.427884	0.4289	0.450819	0.429326	0.577595	0.572851	0.599465	0.576955	0.592624	0.58749	0.598789	0.598138	0.618386	0.617543	0.613931	0.613473	0.516848	0.540586	0.515427	0.558819	0.519064	0.535847
ERR636744	0.264791	0.267221	0.280632	0.259699	0.257802	0.260312	0.261781	0.260493	0.261495	0.262932	0.265351	0.263983	0.272568	0.273133	0.27718	0.275425	0.278558	0.286393	0.45826	0.452186	0.462571	0.464375	0.455833	0.454675	0.344373	0.320106	0.318538	0.345785	0.342638	0.358371	0.38844	0.433157	0.387156	0.386751	0.385736	0.389794	0.237933	0.23712	0.233496	0.233183	0.236203	0	0.352054	0.350634	0.351464	0.364709	0.36189	0.365255	0.507033	0.473093	0.47254	0.502025	0.498702	0.472175	0.33816	0.333984	0.335475	0.345657	0.334125	0.337427	0.302505	0.290661	0.301774	0.289631	0.291745	0.309292	0.826832	0.588747	0.827619	0.595227	0.586147	0.824822	0.44742	0.456602	0.426152	0.427406	0.451819	0.427524	0.570408	0.566377	0.5942	0.569998	0.586812	0.581316	0.589815	0.589139	0.610933	0.610985	0.606724	0.60786	0.509554	0.535346	0.50858	0.553359	0.511996	0.529471
ERR613505	0.358465	0.360384	0.370671	0.356666	0.354774	0.356694	0.367569	0.363737	0.36565	0.36389	0.365078	0.364989	0.359136	0.358635	0.362814	0.360715	0.363685	0.370371	0.400748	0.400779	0.403706	0.405313	0.400046	0.397902	0.387363	0.367136	0.366422	0.388999	0.385547	0.399277	0.369609	0.416329	0.36699	0.366575	0.367325	0.371064	0.350242	0.350928	0.35305	0.352264	0.354942	0.352054	0	0.248389	0.248539	0.267285	0.263771	0.26772	0.440898	0.414287	0.413271	0.435915	0.433559	0.409962	0.341866	0.337956	0.340147	0.346958	0.33825	0.34158	0.380991	0.373901	0.382716	0.371458	0.375517	0.38695	0.78077	0.517703	0.781233	0.523021	0.514101	0.776985	0.39684	0.404121	0.380732	0.38149	0.400546	0.382053	0.502475	0.497231	0.524802	0.502404	0.51842	0.513478	0.518895	0.517987	0.537446	0.536198	0.533605	0.531303	0.456454	0.478914	0.454793	0.498101	0.458315	0.47401
ERR613504	0.357475	0.359389	0.369821	0.355546	0.35367	0.355384	0.366126	0.362289	0.364182	0.362309	0.36353	0.363417	0.358009	0.35753	0.361903	0.359653	0.362796	0.369345	0.401257	0.400899	0.404229	0.405839	0.400517	0.398465	0.386513	0.365842	0.364936	0.38808	0.384667	0.398494	0.369295	0.41626	0.366294	0.366158	0.366951	0.37096	0.348758	0.349555	0.351845	0.350954	0.353579	0.350634	0.248389	0	0.248356	0.267299	0.263574	0.268144	0.441587	0.414446	0.413781	0.436657	0.434179	0.410686	0.341128	0.337325	0.339651	0.346381	0.337881	0.341073	0.379977	0.372481	0.381598	0.370262	0.374515	0.386062	0.781266	0.518397	0.781716	0.523656	0.514739	0.777595	0.397348	0.404719	0.381094	0.381854	0.401219	0.382368	0.503277	0.498136	0.525707	0.503204	0.519165	0.514256	0.519499	0.518813	0.538303	0.537109	0.534401	0.532416	0.456851	0.479491	0.455396	0.4988	0.458811	0.474516
ERR613503	0.358959	0.36079	0.371474	0.356718	0.35484	0.356692	0.367032	0.362831	0.364871	0.362954	0.3639	0.363818	0.359621	0.358812	0.363353	0.361073	0.364114	0.37088	0.40201	0.401117	0.40494	0.406583	0.401127	0.398901	0.388103	0.367046	0.365945	0.389626	0.386	0.40009	0.370372	0.417833	0.367191	0.366948	0.368124	0.37191	0.349317	0.350207	0.352747	0.351828	0.354391	0.351464	0.248539	0.248356	0	0.268357	0.26474	0.268862	0.442359	0.414779	0.413984	0.437418	0.434896	0.410803	0.341517	0.338021	0.340044	0.346323	0.338685	0.341279	0.381047	0.373364	0.382337	0.370822	0.375241	0.3873	0.781866	0.518817	0.782308	0.524117	0.515134	0.77827	0.398751	0.406103	0.382003	0.382933	0.402575	0.38338	0.503782	0.498602	0.526562	0.503765	0.520063	0.514968	0.519579	0.518843	0.538583	0.537351	0.53467	0.532449	0.457822	0.480703	0.456179	0.500041	0.459704	0.475741
