	ERR608936	ERR608932	ERR608935	ERR608934	ERR608931	ERR608933	ERR608389	ERR608391	ERR608390	ERR608393	ERR608392	ERR608394	ERR609030	ERR609032	ERR609031	ERR609027	ERR609028	ERR609029	ERR606000	ERR606004	ERR606003	ERR606005	ERR606001	ERR606002	ERR607606	ERR607603	ERR607607	ERR607608	ERR607605	ERR607604	ERR617061	ERR617062	ERR617059	ERR617058	ERR617057	ERR617060	ERR617522	ERR617518	ERR617517	ERR617521	ERR617519	ERR617520	ERR613543	ERR613542	ERR613541	ERR613540	ERR613539	ERR613544	ERR613171	ERR613169	ERR613168	ERR613172	ERR613170	ERR613167	ERR617468	ERR617466	ERR617467	ERR617464	ERR617465	ERR617463	ERR626673	ERR626671	ERR626669	ERR626672	ERR626670	ERR626668	ERR617477	ERR617475	ERR617480	ERR617479	ERR617476	ERR617478	ERR615626	ERR615625	ERR615624	ERR615623	ERR615622	ERR615621	ERR606715	ERR606714	ERR606710	ERR606711	ERR606713	ERR606712	ERR618335	ERR618337	ERR618334	ERR618336	ERR618338	ERR618333	ERR616860	ERR616859	ERR616864	ERR616863	ERR616862	ERR616861
ERR608936	3.67398e+08	3.10377e+08	2.54253e+08	2.57637e+08	2.40083e+08	3.33418e+08	1.75246e+08	2.42959e+08	2.18725e+08	2.48025e+08	2.42719e+08	2.20774e+08	2.21107e+08	2.13326e+08	2.16535e+08	2.08021e+08	2.66629e+08	2.85916e+08	1.85151e+08	1.98796e+08	2.04621e+08	1.95837e+08	2.61728e+08	2.66917e+08	1.54584e+08	1.85145e+08	1.45489e+08	1.43901e+08	1.56574e+08	1.59565e+08	2.53493e+08	2.60758e+08	2.95877e+08	2.89065e+08	2.81723e+08	2.58596e+08	2.07664e+08	2.23082e+08	2.17033e+08	2.0061e+08	2.23616e+08	1.90241e+08	2.18719e+08	2.18846e+08	2.8467e+08	2.85115e+08	2.85701e+08	2.16774e+08	1.29977e+08	1.75772e+08	1.89317e+08	1.29218e+08	1.22642e+08	2.0521e+08	1.89896e+08	2.0166e+08	2.05319e+08	1.7291e+08	1.73387e+08	1.7014e+08	1.36337e+08	1.3519e+08	1.37955e+08	1.36256e+08	1.09643e+08	1.52508e+08	1.49845e+08	1.43651e+08	1.61413e+08	1.75363e+08	1.4813e+08	1.73023e+08	1.91267e+08	1.94449e+08	1.74078e+08	1.83183e+08	1.40694e+08	1.29367e+08	1.50238e+08	1.5503e+08	7.55273e+07	1.49698e+08	1.24524e+08	1.4156e+08	1.31688e+08	1.2554e+08	1.25493e+08	1.11843e+08	1.25833e+08	1.04188e+08	1.43629e+08	1.42763e+08	1.27136e+08	1.26679e+08	1.25118e+08	1.57497e+08
ERR608932	3.10377e+08	5.42487e+08	3.16129e+08	3.2061e+08	3.01201e+08	4.20179e+08	2.20218e+08	3.0578e+08	2.75066e+08	3.1191e+08	3.05307e+08	2.77516e+08	2.75484e+08	2.6572e+08	2.69871e+08	2.59856e+08	3.33917e+08	3.58268e+08	2.3262e+08	2.49567e+08	2.5687e+08	2.45827e+08	3.29565e+08	3.36272e+08	1.97843e+08	2.36989e+08	1.86113e+08	1.84075e+08	2.00325e+08	2.04356e+08	3.18791e+08	3.28267e+08	3.72511e+08	3.63915e+08	3.54673e+08	3.25248e+08	2.60229e+08	2.79813e+08	2.72441e+08	2.51463e+08	2.80424e+08	2.38134e+08	2.74496e+08	2.74597e+08	3.58788e+08	3.59227e+08	3.60209e+08	2.72166e+08	1.66232e+08	2.24984e+08	2.42308e+08	1.6546e+08	1.57063e+08	2.62396e+08	2.42617e+08	2.57581e+08	2.62053e+08	2.20823e+08	2.21353e+08	2.17385e+08	1.74382e+08	1.72675e+08	1.76431e+08	1.74011e+08	1.40267e+08	1.95075e+08	1.90908e+08	1.83158e+08	2.05904e+08	2.23443e+08	1.88783e+08	2.20644e+08	2.43288e+08	2.47259e+08	2.21374e+08	2.32578e+08	1.78694e+08	1.64171e+08	1.92532e+08	1.98698e+08	9.69365e+07	1.91791e+08	1.59587e+08	1.81342e+08	1.66061e+08	1.60918e+08	1.58212e+08	1.43389e+08	1.61152e+08	1.31267e+08	1.84122e+08	1.83204e+08	1.63097e+08	1.6242e+08	1.60459e+08	2.01914e+08
ERR608935	2.54253e+08	3.16129e+08	3.78592e+08	2.62432e+08	2.44477e+08	3.3955e+08	1.78343e+08	2.47331e+08	2.22553e+08	2.52361e+08	2.47269e+08	2.24824e+08	2.24782e+08	2.16945e+08	2.20265e+08	2.11588e+08	2.71555e+08	2.90967e+08	1.88332e+08	2.02486e+08	2.08444e+08	1.99453e+08	2.66546e+08	2.71944e+08	1.57456e+08	1.88551e+08	1.48167e+08	1.4654e+08	1.59417e+08	1.62557e+08	2.58041e+08	2.65514e+08	3.01223e+08	2.9446e+08	2.8675e+08	2.63379e+08	2.11294e+08	2.2706e+08	2.20958e+08	2.04189e+08	2.27638e+08	1.93559e+08	2.22834e+08	2.22854e+08	2.8987e+08	2.90273e+08	2.90909e+08	2.20816e+08	1.32282e+08	1.79057e+08	1.92691e+08	1.3161e+08	1.24919e+08	2.09017e+08	1.93502e+08	2.05366e+08	2.08965e+08	1.7616e+08	1.7669e+08	1.73316e+08	1.38951e+08	1.37659e+08	1.40629e+08	1.3872e+08	1.11677e+08	1.55365e+08	1.52683e+08	1.46371e+08	1.64538e+08	1.78679e+08	1.51067e+08	1.76409e+08	1.94959e+08	1.98222e+08	1.77342e+08	1.86572e+08	1.43361e+08	1.31792e+08	1.52957e+08	1.57865e+08	7.68229e+07	1.5239e+08	1.26785e+08	1.44229e+08	1.34252e+08	1.27871e+08	1.27882e+08	1.13941e+08	1.28088e+08	1.06127e+08	1.46475e+08	1.45551e+08	1.29525e+08	1.28968e+08	1.27414e+08	1.60394e+08
ERR608934	2.57637e+08	3.2061e+08	2.62432e+08	3.87569e+08	2.47996e+08	3.44396e+08	1.80848e+08	2.50725e+08	2.25614e+08	2.55919e+08	2.50537e+08	2.27752e+08	2.27838e+08	2.19814e+08	2.23172e+08	2.14463e+08	2.75159e+08	2.95033e+08	1.91034e+08	2.05292e+08	2.11255e+08	2.02084e+08	2.70293e+08	2.75788e+08	1.59851e+08	1.91372e+08	1.5023e+08	1.48642e+08	1.61953e+08	1.6498e+08	2.61536e+08	2.69183e+08	3.05598e+08	2.98531e+08	2.90783e+08	2.66982e+08	2.14168e+08	2.3018e+08	2.23939e+08	2.07087e+08	2.30764e+08	1.96286e+08	2.25717e+08	2.25809e+08	2.93948e+08	2.94307e+08	2.94943e+08	2.23719e+08	1.34214e+08	1.81725e+08	1.95679e+08	1.33589e+08	1.26806e+08	2.12074e+08	1.96163e+08	2.08372e+08	2.12069e+08	1.78676e+08	1.79249e+08	1.75817e+08	1.40991e+08	1.39689e+08	1.42693e+08	1.40815e+08	1.13259e+08	1.57691e+08	1.54841e+08	1.4849e+08	1.66835e+08	1.81263e+08	1.53146e+08	1.78863e+08	1.97738e+08	2.01e+08	1.7995e+08	1.89275e+08	1.45442e+08	1.33695e+08	1.55164e+08	1.60257e+08	7.80148e+07	1.54694e+08	1.28644e+08	1.4631e+08	1.36246e+08	1.29703e+08	1.299e+08	1.15627e+08	1.30029e+08	1.07768e+08	1.4845e+08	1.47588e+08	1.3155e+08	1.31007e+08	1.29385e+08	1.62853e+08
ERR608931	2.40083e+08	3.01201e+08	2.44477e+08	2.47996e+08	3.47833e+08	3.224e+08	1.70144e+08	2.32862e+08	2.10134e+08	2.37514e+08	2.32119e+08	2.12075e+08	2.13522e+08	2.06193e+08	2.09207e+08	2.03605e+08	2.58215e+08	2.76087e+08	1.78837e+08	1.90029e+08	1.95208e+08	1.87005e+08	2.49389e+08	2.54175e+08	1.48413e+08	1.77998e+08	1.397e+08	1.38097e+08	1.50405e+08	1.53932e+08	2.46017e+08	2.53602e+08	2.8437e+08	2.78048e+08	2.72194e+08	2.50809e+08	1.99232e+08	2.13353e+08	2.08644e+08	1.9179e+08	2.13765e+08	1.81908e+08	2.10765e+08	2.11077e+08	2.752e+08	2.75633e+08	2.76378e+08	2.09122e+08	1.24839e+08	1.68621e+08	1.8129e+08	1.24219e+08	1.18243e+08	1.95762e+08	1.81657e+08	1.92121e+08	1.95411e+08	1.64985e+08	1.65265e+08	1.63065e+08	1.29728e+08	1.2845e+08	1.31615e+08	1.29482e+08	1.0522e+08	1.45214e+08	1.43701e+08	1.38478e+08	1.5551e+08	1.67944e+08	1.42235e+08	1.65962e+08	1.82955e+08	1.85844e+08	1.66635e+08	1.741e+08	1.34174e+08	1.23472e+08	1.45454e+08	1.50193e+08	7.40128e+07	1.44531e+08	1.2056e+08	1.36837e+08	1.16379e+08	1.20614e+08	1.10795e+08	1.07853e+08	1.20644e+08	9.21797e+07	1.38209e+08	1.38101e+08	1.23428e+08	1.22914e+08	1.21535e+08	1.51646e+08
ERR608933	3.33418e+08	4.20179e+08	3.3955e+08	3.44396e+08	3.224e+08	6.17949e+08	2.36787e+08	3.30211e+08	2.96776e+08	3.37069e+08	3.29844e+08	2.99266e+08	2.9583e+08	2.85409e+08	2.90013e+08	2.78298e+08	3.59041e+08	3.85711e+08	2.50326e+08	2.69273e+08	2.77321e+08	2.65123e+08	3.56132e+08	3.63463e+08	2.14606e+08	2.57014e+08	2.01805e+08	1.99681e+08	2.17154e+08	2.21333e+08	3.42857e+08	3.52865e+08	4.02309e+08	3.92762e+08	3.82287e+08	3.49943e+08	2.80733e+08	3.02171e+08	2.93687e+08	2.71325e+08	3.02796e+08	2.5706e+08	2.95692e+08	2.95787e+08	3.86479e+08	3.86963e+08	3.87959e+08	2.93051e+08	1.8026e+08	2.44199e+08	2.63066e+08	1.79335e+08	1.70194e+08	2.85299e+08	2.63584e+08	2.8004e+08	2.85082e+08	2.39937e+08	2.40461e+08	2.35825e+08	1.89621e+08	1.87847e+08	1.91671e+08	1.89271e+08	1.5206e+08	2.12153e+08	2.066e+08	1.97987e+08	2.22635e+08	2.42231e+08	2.04428e+08	2.39022e+08	2.63565e+08	2.67885e+08	2.39828e+08	2.52421e+08	1.93597e+08	1.77934e+08	2.08484e+08	2.15174e+08	1.0468e+08	2.07874e+08	1.72779e+08	1.96601e+08	1.83819e+08	1.74524e+08	1.74983e+08	1.55383e+08	1.74867e+08	1.45146e+08	1.99576e+08	1.98458e+08	1.76472e+08	1.75793e+08	1.73706e+08	2.19037e+08
ERR608389	1.75246e+08	2.20218e+08	1.78343e+08	1.80848e+08	1.70144e+08	2.36787e+08	2.7681e+08	2.41484e+08	2.18095e+08	2.45946e+08	2.4092e+08	2.19869e+08	1.64028e+08	1.58382e+08	1.60985e+08	1.55407e+08	1.99324e+08	2.13807e+08	1.58029e+08	1.68833e+08	1.73861e+08	1.66328e+08	2.22307e+08	2.26747e+08	1.36736e+08	1.63436e+08	1.28703e+08	1.27235e+08	1.3842e+08	1.41281e+08	2.06651e+08	2.12682e+08	2.40384e+08	2.34982e+08	2.29351e+08	2.10745e+08	1.8264e+08	1.9557e+08	1.90897e+08	1.76013e+08	1.9615e+08	1.66896e+08	1.92735e+08	1.92753e+08	2.49913e+08	2.50051e+08	2.50809e+08	1.90922e+08	1.14432e+08	1.54668e+08	1.66474e+08	1.13906e+08	1.08278e+08	1.79877e+08	1.68961e+08	1.78971e+08	1.81996e+08	1.5392e+08	1.54368e+08	1.51759e+08	1.2129e+08	1.20248e+08	1.22858e+08	1.21234e+08	9.81005e+07	1.35585e+08	1.30664e+08	1.255e+08	1.40784e+08	1.52437e+08	1.2915e+08	1.50573e+08	1.64832e+08	1.67475e+08	1.50104e+08	1.57558e+08	1.21483e+08	1.11832e+08	1.33633e+08	1.37946e+08	6.79627e+07	1.33e+08	1.10945e+08	1.25957e+08	1.1423e+08	1.11452e+08	1.08941e+08	9.95933e+07	1.11547e+08	9.08719e+07	1.25999e+08	1.25565e+08	1.12219e+08	1.11694e+08	1.10515e+08	1.38142e+08
ERR608391	2.42959e+08	3.0578e+08	2.47331e+08	2.50725e+08	2.32862e+08	3.30211e+08	2.41484e+08	4.79163e+08	3.02029e+08	3.42385e+08	3.35637e+08	3.04581e+08	2.26811e+08	2.18942e+08	2.22616e+08	2.126e+08	2.76079e+08	2.97188e+08	2.18634e+08	2.36135e+08	2.43555e+08	2.32642e+08	3.12714e+08	3.19294e+08	1.93651e+08	2.31495e+08	1.822e+08	1.80247e+08	1.95693e+08	1.99356e+08	2.8586e+08	2.93853e+08	3.36464e+08	3.28596e+08	3.19243e+08	2.91647e+08	2.53223e+08	2.72505e+08	2.64529e+08	2.44814e+08	2.73299e+08	2.32078e+08	2.66029e+08	2.65913e+08	3.45838e+08	3.45954e+08	3.46732e+08	2.63482e+08	1.62014e+08	2.19692e+08	2.36604e+08	1.61423e+08	1.53092e+08	2.56717e+08	2.39666e+08	2.54898e+08	2.59456e+08	2.18919e+08	2.19617e+08	2.14824e+08	1.73598e+08	1.7205e+08	1.75278e+08	1.7332e+08	1.39077e+08	1.93931e+08	1.84837e+08	1.76823e+08	1.9858e+08	2.16219e+08	1.82841e+08	2.13424e+08	2.33905e+08	2.3755e+08	2.12739e+08	2.24604e+08	1.72458e+08	1.58696e+08	1.87967e+08	1.94147e+08	9.44379e+07	1.8757e+08	1.56014e+08	1.7761e+08	1.72991e+08	1.57795e+08	1.64994e+08	1.40726e+08	1.58179e+08	1.3719e+08	1.78564e+08	1.77243e+08	1.5779e+08	1.57002e+08	1.55172e+08	1.95795e+08
ERR608390	2.18725e+08	2.75066e+08	2.22553e+08	2.25614e+08	2.10134e+08	2.96776e+08	2.18095e+08	3.02029e+08	3.99397e+08	3.07838e+08	3.01722e+08	2.74217e+08	2.04452e+08	1.97144e+08	2.00494e+08	1.9171e+08	2.48493e+08	2.67289e+08	1.9682e+08	2.12193e+08	2.18835e+08	2.09029e+08	2.80625e+08	2.86333e+08	1.73021e+08	2.06931e+08	1.62729e+08	1.60926e+08	1.75095e+08	1.78416e+08	2.57146e+08	2.64524e+08	3.02217e+08	2.95179e+08	2.86902e+08	2.62562e+08	2.27941e+08	2.44951e+08	2.37999e+08	2.20302e+08	2.45857e+08	2.08796e+08	2.39751e+08	2.39676e+08	3.11105e+08	3.11402e+08	3.12126e+08	2.37404e+08	1.44931e+08	1.96205e+08	2.11321e+08	1.44329e+08	1.36788e+08	2.29174e+08	2.14229e+08	2.27887e+08	2.3179e+08	1.95644e+08	1.96157e+08	1.92e+08	1.54811e+08	1.5342e+08	1.56397e+08	1.54612e+08	1.24195e+08	1.72999e+08	1.65432e+08	1.58327e+08	1.77693e+08	1.93404e+08	1.63584e+08	1.90919e+08	2.09089e+08	2.12537e+08	1.90385e+08	2.00849e+08	1.54393e+08	1.41988e+08	1.68138e+08	1.73732e+08	8.47151e+07	1.67783e+08	1.39545e+08	1.58842e+08	1.53481e+08	1.41036e+08	1.46326e+08	1.25794e+08	1.41319e+08	1.21593e+08	1.59487e+08	1.58517e+08	1.41119e+08	1.40563e+08	1.38831e+08	1.74912e+08
ERR608393	2.48025e+08	3.1191e+08	2.52361e+08	2.55919e+08	2.37514e+08	3.37069e+08	2.45946e+08	3.42385e+08	3.07838e+08	4.96487e+08	3.44132e+08	3.12122e+08	2.31459e+08	2.23443e+08	2.2738e+08	2.16648e+08	2.81808e+08	3.03437e+08	2.23236e+08	2.4104e+08	2.4894e+08	2.37586e+08	3.19474e+08	3.2631e+08	1.97265e+08	2.35753e+08	1.85637e+08	1.83526e+08	1.99441e+08	2.03041e+08	2.91537e+08	2.99748e+08	3.43646e+08	3.35595e+08	3.2569e+08	2.97713e+08	2.58828e+08	2.78673e+08	2.70252e+08	2.50425e+08	2.79545e+08	2.37256e+08	2.71831e+08	2.71848e+08	3.5314e+08	3.53316e+08	3.54194e+08	2.69259e+08	1.65096e+08	2.23724e+08	2.41279e+08	1.64497e+08	1.55863e+08	2.61783e+08	2.44429e+08	2.60265e+08	2.64825e+08	2.23354e+08	2.24085e+08	2.18972e+08	1.76918e+08	1.75448e+08	1.78706e+08	1.76901e+08	1.4167e+08	1.9772e+08	1.88729e+08	1.80438e+08	2.02682e+08	2.20939e+08	1.86657e+08	2.17987e+08	2.39065e+08	2.429e+08	2.17526e+08	2.29923e+08	1.76459e+08	1.62159e+08	1.91479e+08	1.97671e+08	9.61424e+07	1.91122e+08	1.58911e+08	1.80878e+08	1.78755e+08	1.60856e+08	1.70458e+08	1.43358e+08	1.61265e+08	1.41582e+08	1.81845e+08	1.80367e+08	1.6039e+08	1.59706e+08	1.57839e+08	1.99273e+08
ERR608392	2.42719e+08	3.05307e+08	2.47269e+08	2.50537e+08	2.32119e+08	3.29844e+08	2.4092e+08	3.35637e+08	3.01722e+08	3.44132e+08	4.79536e+08	3.05996e+08	2.26699e+08	2.18687e+08	2.22471e+08	2.11793e+08	2.75684e+08	2.97086e+08	2.18406e+08	2.35981e+08	2.43683e+08	2.32661e+08	3.12808e+08	3.19502e+08	1.93137e+08	2.30682e+08	1.8164e+08	1.79706e+08	1.95114e+08	1.98656e+08	2.85086e+08	2.93091e+08	3.36305e+08	3.28461e+08	3.18682e+08	2.91111e+08	2.53511e+08	2.72853e+08	2.64642e+08	2.45318e+08	2.73724e+08	2.3244e+08	2.66229e+08	2.66213e+08	3.45757e+08	3.458e+08	3.46701e+08	2.63658e+08	1.61575e+08	2.18988e+08	2.36083e+08	1.61008e+08	1.52596e+08	2.5626e+08	2.39271e+08	2.5484e+08	2.59411e+08	2.18744e+08	2.19443e+08	2.14468e+08	1.73399e+08	1.71887e+08	1.75033e+08	1.73223e+08	1.38585e+08	1.93673e+08	1.84611e+08	1.76567e+08	1.98224e+08	2.1619e+08	1.82698e+08	2.13289e+08	2.33782e+08	2.37717e+08	2.12807e+08	2.25033e+08	1.7281e+08	1.58705e+08	1.87044e+08	1.93167e+08	9.38048e+07	1.86723e+08	1.55262e+08	1.76729e+08	1.75582e+08	1.57418e+08	1.67553e+08	1.4028e+08	1.57877e+08	1.39061e+08	1.77795e+08	1.76449e+08	1.56845e+08	1.56108e+08	1.54287e+08	1.94873e+08
ERR608394	2.20774e+08	2.77516e+08	2.24824e+08	2.27752e+08	2.12075e+08	2.99266e+08	2.19869e+08	3.04581e+08	2.74217e+08	3.12122e+08	3.05996e+08	4.06295e+08	2.06358e+08	1.99098e+08	2.02584e+08	1.93665e+08	2.5069e+08	2.69796e+08	1.98776e+08	2.14304e+08	2.20843e+08	2.11131e+08	2.83364e+08	2.89189e+08	1.74632e+08	2.08508e+08	1.6426e+08	1.62436e+08	1.76466e+08	1.79871e+08	2.59962e+08	2.67323e+08	3.05233e+08	2.98098e+08	2.89738e+08	2.65372e+08	2.30445e+08	2.47574e+08	2.40563e+08	2.227e+08	2.48491e+08	2.10967e+08	2.42281e+08	2.42218e+08	3.14426e+08	3.14524e+08	3.15268e+08	2.3996e+08	1.46066e+08	1.97894e+08	2.13219e+08	1.45476e+08	1.37946e+08	2.30998e+08	2.16096e+08	2.2963e+08	2.336e+08	1.97318e+08	1.97953e+08	1.9363e+08	1.56035e+08	1.54705e+08	1.57684e+08	1.55937e+08	1.25238e+08	1.74397e+08	1.66673e+08	1.59463e+08	1.79201e+08	1.94814e+08	1.64966e+08	1.92309e+08	2.10686e+08	2.14145e+08	1.91785e+08	2.02203e+08	1.55534e+08	1.42943e+08	1.69624e+08	1.75141e+08	8.54564e+07	1.69183e+08	1.40866e+08	1.60179e+08	1.5472e+08	1.42227e+08	1.47567e+08	1.26938e+08	1.42535e+08	1.2275e+08	1.60808e+08	1.59739e+08	1.42314e+08	1.41641e+08	1.40034e+08	1.76447e+08
ERR609030	2.21107e+08	2.75484e+08	2.24782e+08	2.27838e+08	2.13522e+08	2.9583e+08	1.64028e+08	2.26811e+08	2.04452e+08	2.31459e+08	2.26699e+08	2.06358e+08	3.30932e+08	2.1266e+08	2.16169e+08	2.07112e+08	2.64449e+08	2.83237e+08	1.72518e+08	1.84675e+08	1.9022e+08	1.82003e+08	2.43243e+08	2.48041e+08	1.45603e+08	1.74399e+08	1.3702e+08	1.35461e+08	1.47457e+08	1.50279e+08	2.37943e+08	2.44797e+08	2.77169e+08	2.70895e+08	2.63921e+08	2.42513e+08	1.94033e+08	2.08282e+08	2.02897e+08	1.87404e+08	2.0873e+08	1.77951e+08	2.02681e+08	2.02654e+08	2.63836e+08	2.64097e+08	2.64654e+08	2.00807e+08	1.21569e+08	1.64547e+08	1.77176e+08	1.20998e+08	1.14837e+08	1.91956e+08	1.77989e+08	1.89095e+08	1.92438e+08	1.62085e+08	1.62463e+08	1.59537e+08	1.28246e+08	1.27197e+08	1.29779e+08	1.28113e+08	1.0317e+08	1.43474e+08	1.39608e+08	1.33922e+08	1.50427e+08	1.63329e+08	1.38035e+08	1.61244e+08	1.77363e+08	1.80362e+08	1.61388e+08	1.69815e+08	1.30462e+08	1.19966e+08	1.41289e+08	1.45822e+08	7.1139e+07	1.4072e+08	1.17152e+08	1.33098e+08	1.21774e+08	1.17812e+08	1.15974e+08	1.04958e+08	1.17993e+08	9.62381e+07	1.34475e+08	1.33778e+08	1.19179e+08	1.18672e+08	1.17294e+08	1.47504e+08
ERR609032	2.13326e+08	2.6572e+08	2.16945e+08	2.19814e+08	2.06193e+08	2.85409e+08	1.58382e+08	2.18942e+08	1.97144e+08	2.23443e+08	2.18687e+08	1.99098e+08	2.1266e+08	3.11761e+08	2.08513e+08	1.99864e+08	2.54978e+08	2.73101e+08	1.66404e+08	1.78267e+08	1.83461e+08	1.75622e+08	2.3448e+08	2.39101e+08	1.40323e+08	1.68033e+08	1.32189e+08	1.30558e+08	1.42077e+08	1.44873e+08	2.29502e+08	2.36125e+08	2.67507e+08	2.61283e+08	2.54729e+08	2.33955e+08	1.8736e+08	2.0118e+08	1.95951e+08	1.81013e+08	2.01681e+08	1.71846e+08	1.95501e+08	1.95411e+08	2.54419e+08	2.54686e+08	2.55278e+08	1.93792e+08	1.17233e+08	1.58445e+08	1.70662e+08	1.16622e+08	1.10639e+08	1.85012e+08	1.71723e+08	1.82282e+08	1.85441e+08	1.56347e+08	1.56802e+08	1.53947e+08	1.2352e+08	1.22422e+08	1.24952e+08	1.23311e+08	9.93618e+07	1.38239e+08	1.34566e+08	1.29197e+08	1.4513e+08	1.57428e+08	1.33181e+08	1.5544e+08	1.71078e+08	1.73903e+08	1.55785e+08	1.63766e+08	1.25924e+08	1.15774e+08	1.3609e+08	1.40515e+08	6.85629e+07	1.3547e+08	1.12881e+08	1.28226e+08	1.1743e+08	1.13527e+08	1.11834e+08	1.01269e+08	1.13758e+08	9.28573e+07	1.29419e+08	1.28909e+08	1.1478e+08	1.14323e+08	1.13016e+08	1.41987e+08
ERR609031	2.16535e+08	2.69871e+08	2.20265e+08	2.23172e+08	2.09207e+08	2.90013e+08	1.60985e+08	2.22616e+08	2.00494e+08	2.2738e+08	2.22471e+08	2.02584e+08	2.16169e+08	2.08513e+08	3.20496e+08	2.03136e+08	2.59332e+08	2.77694e+08	1.69325e+08	1.81427e+08	1.86702e+08	1.78694e+08	2.38651e+08	2.43319e+08	1.43039e+08	1.71166e+08	1.34594e+08	1.33028e+08	1.44702e+08	1.47598e+08	2.33308e+08	2.39898e+08	2.71838e+08	2.65686e+08	2.58892e+08	2.37763e+08	1.90421e+08	2.04396e+08	1.99097e+08	1.83904e+08	2.04843e+08	1.74546e+08	1.98886e+08	1.98746e+08	2.5879e+08	2.59097e+08	2.59684e+08	1.97026e+08	1.19389e+08	1.61533e+08	1.73936e+08	1.18811e+08	1.12692e+08	1.88385e+08	1.74781e+08	1.85578e+08	1.88868e+08	1.59147e+08	1.59515e+08	1.56703e+08	1.25848e+08	1.24765e+08	1.27419e+08	1.25637e+08	1.01221e+08	1.40916e+08	1.37127e+08	1.31625e+08	1.47798e+08	1.60544e+08	1.35614e+08	1.58367e+08	1.74377e+08	1.77278e+08	1.58599e+08	1.66937e+08	1.28266e+08	1.1795e+08	1.38623e+08	1.43259e+08	6.98559e+07	1.38173e+08	1.15048e+08	1.30652e+08	1.19699e+08	1.15758e+08	1.14056e+08	1.03114e+08	1.15859e+08	9.46223e+07	1.32027e+08	1.3138e+08	1.16993e+08	1.16453e+08	1.15045e+08	1.4483e+08
ERR609027	2.08021e+08	2.59856e+08	2.11588e+08	2.14463e+08	2.03605e+08	2.78298e+08	1.55407e+08	2.126e+08	1.9171e+08	2.16648e+08	2.11793e+08	1.93665e+08	2.07112e+08	1.99864e+08	2.03136e+08	3.02535e+08	2.50957e+08	2.67969e+08	1.62906e+08	1.72662e+08	1.77409e+08	1.6999e+08	2.2649e+08	2.30959e+08	1.3703e+08	1.64423e+08	1.2898e+08	1.2749e+08	1.38967e+08	1.42109e+08	2.25717e+08	2.32541e+08	2.6036e+08	2.54799e+08	2.49506e+08	2.30089e+08	1.81865e+08	1.94672e+08	1.90536e+08	1.7495e+08	1.94863e+08	1.66016e+08	1.9061e+08	1.90537e+08	2.48905e+08	2.49275e+08	2.50018e+08	1.88827e+08	1.14825e+08	1.55049e+08	1.66733e+08	1.14267e+08	1.08735e+08	1.7986e+08	1.67233e+08	1.76549e+08	1.79715e+08	1.51713e+08	1.52035e+08	1.50081e+08	1.19728e+08	1.18622e+08	1.21558e+08	1.1959e+08	9.72066e+07	1.34137e+08	1.31158e+08	1.26454e+08	1.42008e+08	1.53379e+08	1.29867e+08	1.51473e+08	1.66165e+08	1.68886e+08	1.51322e+08	1.58213e+08	1.21856e+08	1.12121e+08	1.34217e+08	1.3856e+08	6.84775e+07	1.33395e+08	1.1138e+08	1.26245e+08	1.05716e+08	1.11126e+08	1.00633e+08	9.93376e+07	1.11127e+08	8.37119e+07	1.27006e+08	1.27119e+08	1.13566e+08	1.13129e+08	1.11757e+08	1.39492e+08
ERR609028	2.66629e+08	3.33917e+08	2.71555e+08	2.75159e+08	2.58215e+08	3.59041e+08	1.99324e+08	2.76079e+08	2.48493e+08	2.81808e+08	2.75684e+08	2.5069e+08	2.64449e+08	2.54978e+08	2.59332e+08	2.50957e+08	4.59227e+08	3.44347e+08	2.09263e+08	2.23849e+08	2.3046e+08	2.20414e+08	2.95424e+08	3.01362e+08	1.79699e+08	2.15404e+08	1.69157e+08	1.67149e+08	1.82041e+08	1.85771e+08	2.89648e+08	2.98225e+08	3.37707e+08	3.30016e+08	3.21821e+08	2.95434e+08	2.35177e+08	2.52556e+08	2.46046e+08	2.27076e+08	2.53099e+08	2.15271e+08	2.46071e+08	2.4588e+08	3.21438e+08	3.21702e+08	3.22493e+08	2.43724e+08	1.50495e+08	2.03498e+08	2.19058e+08	1.49638e+08	1.4213e+08	2.37152e+08	2.19682e+08	2.33027e+08	2.37194e+08	1.99975e+08	2.00257e+08	1.96896e+08	1.58422e+08	1.56912e+08	1.60327e+08	1.58119e+08	1.2753e+08	1.77219e+08	1.7183e+08	1.65025e+08	1.85378e+08	2.01292e+08	1.70074e+08	1.98616e+08	2.1836e+08	2.21905e+08	1.98548e+08	2.08724e+08	1.60342e+08	1.4738e+08	1.74932e+08	1.80538e+08	8.83262e+07	1.7409e+08	1.44993e+08	1.64761e+08	1.48086e+08	1.4592e+08	1.40995e+08	1.29989e+08	1.45997e+08	1.16996e+08	1.66251e+08	1.65724e+08	1.47501e+08	1.46942e+08	1.45185e+08	1.82469e+08
ERR609029	2.85916e+08	3.58268e+08	2.90967e+08	2.95033e+08	2.76087e+08	3.85711e+08	2.13807e+08	2.97188e+08	2.67289e+08	3.03437e+08	2.97086e+08	2.69796e+08	2.83237e+08	2.73101e+08	2.77694e+08	2.67969e+08	3.44347e+08	5.19133e+08	2.24504e+08	2.40899e+08	2.48e+08	2.37055e+08	3.1829e+08	3.24662e+08	1.93903e+08	2.32408e+08	1.8252e+08	1.80372e+08	1.96324e+08	2.00205e+08	3.10209e+08	3.19199e+08	3.62798e+08	3.54467e+08	3.45264e+08	3.16487e+08	2.52653e+08	2.71704e+08	2.64354e+08	2.44081e+08	2.72303e+08	2.31321e+08	2.64308e+08	2.6425e+08	3.45202e+08	3.45552e+08	3.46388e+08	2.61855e+08	1.62117e+08	2.1952e+08	2.36424e+08	1.61377e+08	1.53156e+08	2.56239e+08	2.37103e+08	2.51889e+08	2.5632e+08	2.15726e+08	2.16514e+08	2.12396e+08	1.71129e+08	1.69648e+08	1.7331e+08	1.71e+08	1.37627e+08	1.91626e+08	1.85574e+08	1.77985e+08	1.99958e+08	2.17415e+08	1.83532e+08	2.14557e+08	2.35737e+08	2.39799e+08	2.14462e+08	2.25779e+08	1.73248e+08	1.59196e+08	1.88344e+08	1.94455e+08	9.47952e+07	1.87488e+08	1.56073e+08	1.77472e+08	1.62512e+08	1.57332e+08	1.54938e+08	1.40068e+08	1.57556e+08	1.28447e+08	1.79372e+08	1.78476e+08	1.58846e+08	1.58174e+08	1.56236e+08	1.96696e+08
ERR606000	1.85151e+08	2.3262e+08	1.88332e+08	1.91034e+08	1.78837e+08	2.50326e+08	1.58029e+08	2.18634e+08	1.9682e+08	2.23236e+08	2.18406e+08	1.98776e+08	1.72518e+08	1.66404e+08	1.69325e+08	1.62906e+08	2.09263e+08	2.24504e+08	3.30505e+08	2.38268e+08	2.44165e+08	2.35232e+08	3.05759e+08	3.11305e+08	1.42802e+08	1.7075e+08	1.34301e+08	1.32729e+08	1.44122e+08	1.47246e+08	2.30064e+08	2.36021e+08	2.65199e+08	2.59664e+08	2.53556e+08	2.34186e+08	1.7732e+08	1.90495e+08	1.85495e+08	1.71128e+08	1.91121e+08	1.61893e+08	2.17126e+08	2.16841e+08	2.76162e+08	2.76132e+08	2.77061e+08	2.15085e+08	1.24461e+08	1.68804e+08	1.81338e+08	1.24022e+08	1.1777e+08	1.96661e+08	1.7562e+08	1.8653e+08	1.89573e+08	1.60041e+08	1.60479e+08	1.57555e+08	1.25304e+08	1.24206e+08	1.26702e+08	1.25064e+08	1.0082e+08	1.40194e+08	1.36738e+08	1.31139e+08	1.47429e+08	1.59829e+08	1.35277e+08	1.57931e+08	1.74124e+08	1.77157e+08	1.58366e+08	1.66734e+08	1.28045e+08	1.17768e+08	1.74742e+08	1.79505e+08	1.01089e+08	1.74343e+08	1.49466e+08	1.66281e+08	1.22921e+08	1.21809e+08	1.17071e+08	1.09154e+08	1.223e+08	9.73154e+07	1.3193e+08	1.31448e+08	1.17113e+08	1.16711e+08	1.1528e+08	1.44887e+08
ERR606004	1.98796e+08	2.49567e+08	2.02486e+08	2.05292e+08	1.90029e+08	2.69273e+08	1.68833e+08	2.36135e+08	2.12193e+08	2.4104e+08	2.35981e+08	2.14304e+08	1.84675e+08	1.78267e+08	1.81427e+08	1.72662e+08	2.23849e+08	2.40899e+08	2.38268e+08	3.71268e+08	2.64107e+08	2.5408e+08	3.29188e+08	3.35283e+08	1.5432e+08	1.84377e+08	1.45054e+08	1.43564e+08	1.5559e+08	1.58595e+08	2.45093e+08	2.51212e+08	2.84963e+08	2.78381e+08	2.71031e+08	2.49692e+08	1.91395e+08	2.06272e+08	2.00097e+08	1.85225e+08	2.07043e+08	1.75303e+08	2.31493e+08	2.31123e+08	2.94321e+08	2.94314e+08	2.95171e+08	2.29252e+08	1.34277e+08	1.82467e+08	1.96252e+08	1.3376e+08	1.26817e+08	2.13423e+08	1.90079e+08	2.02362e+08	2.05807e+08	1.73639e+08	1.74094e+08	1.70248e+08	1.36408e+08	1.35197e+08	1.37545e+08	1.36128e+08	1.08883e+08	1.52367e+08	1.47886e+08	1.41296e+08	1.58909e+08	1.72863e+08	1.4618e+08	1.70755e+08	1.88872e+08	1.92176e+08	1.71636e+08	1.81502e+08	1.39123e+08	1.27791e+08	1.84952e+08	1.90065e+08	1.04851e+08	1.84673e+08	1.57768e+08	1.75961e+08	1.421e+08	1.3099e+08	1.3539e+08	1.16987e+08	1.31503e+08	1.12331e+08	1.42407e+08	1.41386e+08	1.25794e+08	1.25283e+08	1.2376e+08	1.56347e+08
ERR606003	2.04621e+08	2.5687e+08	2.08444e+08	2.11255e+08	1.95208e+08	2.77321e+08	1.73861e+08	2.43555e+08	2.18835e+08	2.4894e+08	2.43683e+08	2.20843e+08	1.9022e+08	1.83461e+08	1.86702e+08	1.77409e+08	2.3046e+08	2.48e+08	2.44165e+08	2.64107e+08	3.89423e+08	2.60737e+08	3.38446e+08	3.44758e+08	1.5914e+08	1.90198e+08	1.49486e+08	1.4802e+08	1.60503e+08	1.63432e+08	2.51449e+08	2.57617e+08	2.92912e+08	2.86231e+08	2.78315e+08	2.55982e+08	1.97604e+08	2.13024e+08	2.06433e+08	1.9137e+08	2.1382e+08	1.8099e+08	2.3781e+08	2.37359e+08	3.02421e+08	3.02493e+08	3.03226e+08	2.35651e+08	1.38341e+08	1.87996e+08	2.02317e+08	1.37935e+08	1.30525e+08	2.20055e+08	1.96213e+08	2.0927e+08	2.12841e+08	1.79411e+08	1.79868e+08	1.75689e+08	1.40894e+08	1.39732e+08	1.42199e+08	1.40657e+08	1.12355e+08	1.57497e+08	1.52493e+08	1.45554e+08	1.63583e+08	1.7832e+08	1.50678e+08	1.76135e+08	1.94826e+08	1.98302e+08	1.77187e+08	1.87411e+08	1.43614e+08	1.31783e+08	1.89979e+08	1.95178e+08	1.07128e+08	1.89693e+08	1.61908e+08	1.80751e+08	1.48567e+08	1.3495e+08	1.41534e+08	1.20467e+08	1.35558e+08	1.17371e+08	1.46757e+08	1.45565e+08	1.29397e+08	1.28904e+08	1.27357e+08	1.61184e+08
ERR606005	1.95837e+08	2.45827e+08	1.99453e+08	2.02084e+08	1.87005e+08	2.65123e+08	1.66328e+08	2.32642e+08	2.09029e+08	2.37586e+08	2.32661e+08	2.11131e+08	1.82003e+08	1.75622e+08	1.78694e+08	1.6999e+08	2.20414e+08	2.37055e+08	2.35232e+08	2.5408e+08	2.60737e+08	3.63309e+08	3.25061e+08	3.30881e+08	1.51905e+08	1.81567e+08	1.42818e+08	1.41354e+08	1.5332e+08	1.56216e+08	2.41603e+08	2.47573e+08	2.80705e+08	2.7431e+08	2.66907e+08	2.46017e+08	1.88704e+08	2.03363e+08	1.97171e+08	1.82507e+08	2.04018e+08	1.72729e+08	2.28428e+08	2.27997e+08	2.90171e+08	2.90231e+08	2.91135e+08	2.26283e+08	1.3233e+08	1.79922e+08	1.93304e+08	1.3193e+08	1.24826e+08	2.10279e+08	1.87146e+08	1.99345e+08	2.02727e+08	1.71098e+08	1.71629e+08	1.67668e+08	1.34381e+08	1.33284e+08	1.35645e+08	1.34165e+08	1.07389e+08	1.50177e+08	1.45704e+08	1.39186e+08	1.5634e+08	1.70203e+08	1.43964e+08	1.6816e+08	1.85983e+08	1.89259e+08	1.68987e+08	1.78696e+08	1.36919e+08	1.25791e+08	1.82321e+08	1.87403e+08	1.03472e+08	1.82162e+08	1.55541e+08	1.73569e+08	1.40304e+08	1.29019e+08	1.33706e+08	1.15295e+08	1.29632e+08	1.10963e+08	1.40189e+08	1.39135e+08	1.23806e+08	1.23326e+08	1.2182e+08	1.54037e+08
ERR606001	2.61728e+08	3.29565e+08	2.66546e+08	2.70293e+08	2.49389e+08	3.56132e+08	2.22307e+08	3.12714e+08	2.80625e+08	3.19474e+08	3.12808e+08	2.83364e+08	2.43243e+08	2.3448e+08	2.38651e+08	2.2649e+08	2.95424e+08	3.1829e+08	3.05759e+08	3.29188e+08	3.38446e+08	3.25061e+08	5.82577e+08	4.36862e+08	2.06787e+08	2.47166e+08	1.94253e+08	1.9234e+08	2.08583e+08	2.12426e+08	3.1772e+08	3.25584e+08	3.71861e+08	3.62968e+08	3.52675e+08	3.2385e+08	2.53921e+08	2.74016e+08	2.65298e+08	2.46021e+08	2.74989e+08	2.32647e+08	2.98499e+08	2.98115e+08	3.82232e+08	3.82216e+08	3.83222e+08	2.95578e+08	1.79919e+08	2.44442e+08	2.63083e+08	1.79242e+08	1.69585e+08	2.86149e+08	2.54884e+08	2.71831e+08	2.76584e+08	2.32939e+08	2.33685e+08	2.28088e+08	1.83261e+08	1.81761e+08	1.84956e+08	1.83056e+08	1.46113e+08	2.04844e+08	1.97996e+08	1.88847e+08	2.12365e+08	2.3157e+08	1.95588e+08	2.28585e+08	2.52779e+08	2.57205e+08	2.29696e+08	2.43232e+08	1.8613e+08	1.70893e+08	2.3976e+08	2.46628e+08	1.32334e+08	2.39632e+08	2.03409e+08	2.28113e+08	1.92324e+08	1.73543e+08	1.8331e+08	1.54773e+08	1.74275e+08	1.51861e+08	1.90936e+08	1.89271e+08	1.68187e+08	1.67518e+08	1.65387e+08	2.09668e+08
ERR606002	2.66917e+08	3.36272e+08	2.71944e+08	2.75788e+08	2.54175e+08	3.63463e+08	2.26747e+08	3.19294e+08	2.86333e+08	3.2631e+08	3.19502e+08	2.89189e+08	2.48041e+08	2.39101e+08	2.43319e+08	2.30959e+08	3.01362e+08	3.24662e+08	3.11305e+08	3.35283e+08	3.44758e+08	3.30881e+08	4.36862e+08	6.02528e+08	2.11244e+08	2.52389e+08	1.98543e+08	1.96391e+08	2.13017e+08	2.16908e+08	3.23516e+08	3.31675e+08	3.79141e+08	3.70246e+08	3.5952e+08	3.29681e+08	2.59235e+08	2.7977e+08	2.7074e+08	2.51214e+08	2.80834e+08	2.37501e+08	3.04275e+08	3.03738e+08	3.89623e+08	3.89439e+08	3.90599e+08	3.011e+08	1.83622e+08	2.49686e+08	2.68704e+08	1.83057e+08	1.7315e+08	2.92445e+08	2.60374e+08	2.77809e+08	2.82672e+08	2.38076e+08	2.38771e+08	2.32984e+08	1.87403e+08	1.85821e+08	1.88933e+08	1.87124e+08	1.49386e+08	2.09475e+08	2.02039e+08	1.92748e+08	2.167e+08	2.36523e+08	1.99747e+08	2.33525e+08	2.58046e+08	2.62628e+08	2.34371e+08	2.4837e+08	1.90138e+08	1.74435e+08	2.44014e+08	2.51019e+08	1.34378e+08	2.44049e+08	2.06892e+08	2.32296e+08	1.97312e+08	1.77151e+08	1.8792e+08	1.57979e+08	1.77927e+08	1.5568e+08	1.95055e+08	1.93236e+08	1.71665e+08	1.7106e+08	1.68865e+08	2.14175e+08
ERR607606	1.54584e+08	1.97843e+08	1.57456e+08	1.59851e+08	1.48413e+08	2.14606e+08	1.36736e+08	1.93651e+08	1.73021e+08	1.97265e+08	1.93137e+08	1.74632e+08	1.45603e+08	1.40323e+08	1.43039e+08	1.3703e+08	1.79699e+08	1.93903e+08	1.42802e+08	1.5432e+08	1.5914e+08	1.51905e+08	2.06787e+08	2.11244e+08	4.18954e+08	3.42828e+08	2.72455e+08	2.69433e+08	2.91901e+08	2.97232e+08	1.91888e+08	1.97531e+08	2.26592e+08	2.21104e+08	2.1487e+08	1.95836e+08	1.6934e+08	1.82644e+08	1.77335e+08	1.63739e+08	1.83079e+08	1.54729e+08	1.72035e+08	1.71834e+08	2.2849e+08	2.28226e+08	2.29035e+08	1.70297e+08	2.05733e+08	2.76461e+08	2.96638e+08	2.04833e+08	1.94825e+08	3.20626e+08	3.05585e+08	3.24169e+08	3.29167e+08	2.79277e+08	2.7995e+08	2.7458e+08	2.25378e+08	2.23467e+08	2.27648e+08	2.24793e+08	1.82659e+08	2.50585e+08	2.19583e+08	2.10225e+08	2.3548e+08	2.56028e+08	2.16885e+08	2.52664e+08	2.6757e+08	2.72105e+08	2.43624e+08	2.57079e+08	1.99094e+08	1.83344e+08	2.39321e+08	2.46459e+08	1.22458e+08	2.38587e+08	1.99189e+08	2.25957e+08	2.04162e+08	1.99806e+08	1.9434e+08	1.78641e+08	1.99929e+08	1.62419e+08	2.44368e+08	2.43302e+08	2.17837e+08	2.16955e+08	2.14256e+08	2.66755e+08
ERR607603	1.85145e+08	2.36989e+08	1.88551e+08	1.91372e+08	1.77998e+08	2.57014e+08	1.63436e+08	2.31495e+08	2.06931e+08	2.35753e+08	2.30682e+08	2.08508e+08	1.74399e+08	1.68033e+08	1.71166e+08	1.64423e+08	2.15404e+08	2.32408e+08	1.7075e+08	1.84377e+08	1.90198e+08	1.81567e+08	2.47166e+08	2.52389e+08	3.42828e+08	5.6602e+08	3.22513e+08	3.18824e+08	3.47633e+08	3.54188e+08	2.29977e+08	2.367e+08	2.71443e+08	2.64726e+08	2.57406e+08	2.3463e+08	2.02229e+08	2.18054e+08	2.11927e+08	1.95377e+08	2.18606e+08	1.84653e+08	2.058e+08	2.05447e+08	2.73408e+08	2.73083e+08	2.74262e+08	2.03621e+08	2.44783e+08	3.28988e+08	3.53231e+08	2.43549e+08	2.31754e+08	3.81881e+08	3.63087e+08	3.85256e+08	3.91153e+08	3.3176e+08	3.3239e+08	3.26195e+08	2.67549e+08	2.65048e+08	2.7034e+08	2.67009e+08	2.1657e+08	2.97667e+08	2.61024e+08	2.49884e+08	2.80101e+08	3.04531e+08	2.57944e+08	3.00677e+08	3.17919e+08	3.23616e+08	2.8946e+08	3.05219e+08	2.36207e+08	2.17204e+08	2.85117e+08	2.93683e+08	1.45726e+08	2.84258e+08	2.37191e+08	2.69176e+08	2.40603e+08	2.37496e+08	2.29045e+08	2.12394e+08	2.37669e+08	1.91492e+08	2.90762e+08	2.89573e+08	2.59053e+08	2.57924e+08	2.55083e+08	3.17369e+08
ERR607607	1.45489e+08	1.86113e+08	1.48167e+08	1.5023e+08	1.397e+08	2.01805e+08	1.28703e+08	1.822e+08	1.62729e+08	1.85637e+08	1.8164e+08	1.6426e+08	1.3702e+08	1.32189e+08	1.34594e+08	1.2898e+08	1.69157e+08	1.8252e+08	1.34301e+08	1.45054e+08	1.49486e+08	1.42818e+08	1.94253e+08	1.98543e+08	2.72455e+08	3.22513e+08	3.77913e+08	2.53573e+08	2.74764e+08	2.79797e+08	1.80399e+08	1.85806e+08	2.13056e+08	2.07793e+08	2.02124e+08	1.84186e+08	1.59273e+08	1.71887e+08	1.66918e+08	1.53923e+08	1.72321e+08	1.45592e+08	1.62052e+08	1.61769e+08	2.15023e+08	2.14755e+08	2.15432e+08	1.60268e+08	1.93757e+08	2.60023e+08	2.7904e+08	1.92771e+08	1.83447e+08	3.01481e+08	2.87369e+08	3.04579e+08	3.093e+08	2.62696e+08	2.63392e+08	2.58364e+08	2.12158e+08	2.1028e+08	2.14348e+08	2.116e+08	1.71976e+08	2.35947e+08	2.06559e+08	1.97781e+08	2.21526e+08	2.40689e+08	2.0397e+08	2.3769e+08	2.51643e+08	2.56164e+08	2.29336e+08	2.41754e+08	1.87408e+08	1.72563e+08	2.2533e+08	2.31955e+08	1.15487e+08	2.24792e+08	1.8764e+08	2.12728e+08	1.91288e+08	1.87832e+08	1.82174e+08	1.68123e+08	1.87909e+08	1.52364e+08	2.3008e+08	2.29144e+08	2.05248e+08	2.0431e+08	2.02033e+08	2.51081e+08
ERR607608	1.43901e+08	1.84075e+08	1.4654e+08	1.48642e+08	1.38097e+08	1.99681e+08	1.27235e+08	1.80247e+08	1.60926e+08	1.83526e+08	1.79706e+08	1.62436e+08	1.35461e+08	1.30558e+08	1.33028e+08	1.2749e+08	1.67149e+08	1.80372e+08	1.32729e+08	1.43564e+08	1.4802e+08	1.41354e+08	1.9234e+08	1.96391e+08	2.69433e+08	3.18824e+08	2.53573e+08	3.70717e+08	2.71589e+08	2.76677e+08	1.78475e+08	1.83544e+08	2.10687e+08	2.05489e+08	1.99792e+08	1.82096e+08	1.57696e+08	1.69947e+08	1.65048e+08	1.52319e+08	1.70516e+08	1.43968e+08	1.60091e+08	1.5988e+08	2.12505e+08	2.12384e+08	2.12969e+08	1.58428e+08	1.91593e+08	2.57284e+08	2.75992e+08	1.90676e+08	1.81532e+08	2.98324e+08	2.84227e+08	3.01623e+08	3.06199e+08	2.59898e+08	2.60643e+08	2.55521e+08	2.10009e+08	2.08138e+08	2.12148e+08	2.09519e+08	1.70133e+08	2.33465e+08	2.04345e+08	1.95547e+08	2.19073e+08	2.38154e+08	2.01682e+08	2.3509e+08	2.49045e+08	2.53199e+08	2.26766e+08	2.39223e+08	1.85432e+08	1.70659e+08	2.22579e+08	2.29142e+08	1.13995e+08	2.21859e+08	1.85275e+08	2.10161e+08	1.9024e+08	1.85902e+08	1.81091e+08	1.66236e+08	1.85936e+08	1.51541e+08	2.27373e+08	2.26378e+08	2.02889e+08	2.0193e+08	1.99571e+08	2.48102e+08
ERR607605	1.56574e+08	2.00325e+08	1.59417e+08	1.61953e+08	1.50405e+08	2.17154e+08	1.3842e+08	1.95693e+08	1.75095e+08	1.99441e+08	1.95114e+08	1.76466e+08	1.47457e+08	1.42077e+08	1.44702e+08	1.38967e+08	1.82041e+08	1.96324e+08	1.44122e+08	1.5559e+08	1.60503e+08	1.5332e+08	2.08583e+08	2.13017e+08	2.91901e+08	3.47633e+08	2.74764e+08	2.71589e+08	4.29706e+08	3.0156e+08	1.94123e+08	1.99878e+08	2.29143e+08	2.23661e+08	2.17509e+08	1.9824e+08	1.71114e+08	1.84516e+08	1.79273e+08	1.65442e+08	1.84915e+08	1.56356e+08	1.74069e+08	1.73751e+08	2.31101e+08	2.30894e+08	2.31691e+08	1.72043e+08	2.08141e+08	2.79576e+08	2.99931e+08	2.0705e+08	1.97169e+08	3.24177e+08	3.0907e+08	3.27743e+08	3.32752e+08	2.82368e+08	2.83004e+08	2.77799e+08	2.27854e+08	2.2578e+08	2.30229e+08	2.27432e+08	1.84825e+08	2.53517e+08	2.21926e+08	2.12679e+08	2.38363e+08	2.58972e+08	2.19313e+08	2.55691e+08	2.70575e+08	2.7542e+08	2.46571e+08	2.59983e+08	2.01403e+08	1.85389e+08	2.42236e+08	2.49483e+08	1.24254e+08	2.41524e+08	2.01569e+08	2.28645e+08	2.04793e+08	2.02353e+08	1.95066e+08	1.81104e+08	2.02424e+08	1.63112e+08	2.47594e+08	2.46517e+08	2.20757e+08	2.1978e+08	2.17261e+08	2.70166e+08
ERR607604	1.59565e+08	2.04356e+08	1.62557e+08	1.6498e+08	1.53932e+08	2.21333e+08	1.41281e+08	1.99356e+08	1.78416e+08	2.03041e+08	1.98656e+08	1.79871e+08	1.50279e+08	1.44873e+08	1.47598e+08	1.42109e+08	1.85771e+08	2.00205e+08	1.47246e+08	1.58595e+08	1.63432e+08	1.56216e+08	2.12426e+08	2.16908e+08	2.97232e+08	3.54188e+08	2.79797e+08	2.76677e+08	3.0156e+08	4.41564e+08	1.98586e+08	2.04546e+08	2.33476e+08	2.27925e+08	2.21978e+08	2.02647e+08	1.74435e+08	1.88052e+08	1.8294e+08	1.68404e+08	1.88534e+08	1.59316e+08	1.7749e+08	1.77273e+08	2.35967e+08	2.357e+08	2.36698e+08	1.75657e+08	2.12365e+08	2.85028e+08	3.05802e+08	2.11254e+08	2.01183e+08	3.30242e+08	3.14513e+08	3.33223e+08	3.38374e+08	2.87094e+08	2.879e+08	2.82824e+08	2.31769e+08	2.29743e+08	2.34332e+08	2.31327e+08	1.8836e+08	2.5798e+08	2.25739e+08	2.1645e+08	2.42504e+08	2.63367e+08	2.23008e+08	2.59784e+08	2.74972e+08	2.79678e+08	2.5054e+08	2.63718e+08	2.04345e+08	1.88165e+08	2.47444e+08	2.54846e+08	1.27114e+08	2.46506e+08	2.05913e+08	2.33524e+08	2.0536e+08	2.05909e+08	1.95707e+08	1.84429e+08	2.05933e+08	1.63663e+08	2.52139e+08	2.51335e+08	2.25427e+08	2.24367e+08	2.21887e+08	2.75342e+08
ERR617061	2.53493e+08	3.18791e+08	2.58041e+08	2.61536e+08	2.46017e+08	3.42857e+08	2.06651e+08	2.8586e+08	2.57146e+08	2.91537e+08	2.85086e+08	2.59962e+08	2.37943e+08	2.29502e+08	2.33308e+08	2.25717e+08	2.89648e+08	3.10209e+08	2.30064e+08	2.45093e+08	2.51449e+08	2.41603e+08	3.1772e+08	3.23516e+08	1.91888e+08	2.29977e+08	1.80399e+08	1.78475e+08	1.94123e+08	1.98586e+08	5.00898e+08	3.68083e+08	4.10618e+08	4.01884e+08	3.92897e+08	3.64675e+08	2.40503e+08	2.57932e+08	2.51976e+08	2.3142e+08	2.58703e+08	2.19377e+08	2.71442e+08	2.71236e+08	3.49667e+08	3.49914e+08	3.51138e+08	2.68987e+08	1.60927e+08	2.18247e+08	2.34449e+08	1.60314e+08	1.5239e+08	2.53611e+08	2.33984e+08	2.4757e+08	2.5202e+08	2.12626e+08	2.13252e+08	2.09982e+08	1.68545e+08	1.6706e+08	1.70822e+08	1.68193e+08	1.36262e+08	1.88836e+08	1.8143e+08	1.7453e+08	1.96105e+08	2.12079e+08	1.79469e+08	2.09552e+08	2.29785e+08	2.33452e+08	2.089e+08	2.18927e+08	1.68208e+08	1.54717e+08	2.14019e+08	2.20233e+08	1.19741e+08	2.12758e+08	1.81328e+08	2.02751e+08	1.55706e+08	1.62243e+08	1.48415e+08	1.45312e+08	1.62528e+08	1.23343e+08	1.78874e+08	1.78771e+08	1.59886e+08	1.59255e+08	1.5743e+08	1.96607e+08
ERR617062	2.60758e+08	3.28267e+08	2.65514e+08	2.69183e+08	2.53602e+08	3.52865e+08	2.12682e+08	2.93853e+08	2.64524e+08	2.99748e+08	2.93091e+08	2.67323e+08	2.44797e+08	2.36125e+08	2.39898e+08	2.32541e+08	2.98225e+08	3.19199e+08	2.36021e+08	2.51212e+08	2.57617e+08	2.47573e+08	3.25584e+08	3.31675e+08	1.97531e+08	2.367e+08	1.85806e+08	1.83544e+08	1.99878e+08	2.04546e+08	3.68083e+08	5.25082e+08	4.21476e+08	4.1263e+08	4.0366e+08	3.74837e+08	2.47197e+08	2.65094e+08	2.59133e+08	2.37728e+08	2.65778e+08	2.25424e+08	2.78356e+08	2.78225e+08	3.591e+08	3.5927e+08	3.60569e+08	2.75925e+08	1.65913e+08	2.2485e+08	2.41497e+08	1.65241e+08	1.57068e+08	2.61062e+08	2.40895e+08	2.54726e+08	2.5911e+08	2.1874e+08	2.19288e+08	2.16229e+08	1.73208e+08	1.71783e+08	1.75709e+08	1.73058e+08	1.40412e+08	1.9408e+08	1.86719e+08	1.79796e+08	2.02013e+08	2.18213e+08	1.84673e+08	2.15646e+08	2.36401e+08	2.40204e+08	2.15019e+08	2.24984e+08	1.72987e+08	1.59208e+08	2.19796e+08	2.26168e+08	1.22698e+08	2.18444e+08	1.86126e+08	2.08173e+08	1.58647e+08	1.66858e+08	1.51237e+08	1.49461e+08	1.67262e+08	1.25637e+08	1.84471e+08	1.84268e+08	1.64853e+08	1.64202e+08	1.62419e+08	2.02649e+08
ERR617059	2.95877e+08	3.72511e+08	3.01223e+08	3.05598e+08	2.8437e+08	4.02309e+08	2.40384e+08	3.36464e+08	3.02217e+08	3.43646e+08	3.36305e+08	3.05233e+08	2.77169e+08	2.67507e+08	2.71838e+08	2.6036e+08	3.37707e+08	3.62798e+08	2.65199e+08	2.84963e+08	2.92912e+08	2.80705e+08	3.71861e+08	3.79141e+08	2.26592e+08	2.71443e+08	2.13056e+08	2.10687e+08	2.29143e+08	2.33476e+08	4.10618e+08	4.21476e+08	6.48258e+08	4.68103e+08	4.55556e+08	4.18047e+08	2.82258e+08	3.03734e+08	2.95342e+08	2.72754e+08	3.04638e+08	2.58227e+08	3.14168e+08	3.13889e+08	4.05016e+08	4.05349e+08	4.06553e+08	3.11177e+08	1.89929e+08	2.5782e+08	2.77416e+08	1.89164e+08	1.79484e+08	3.0129e+08	2.77215e+08	2.9439e+08	2.99615e+08	2.52429e+08	2.532e+08	2.48092e+08	2.00737e+08	1.99024e+08	2.02966e+08	2.00549e+08	1.60923e+08	2.24705e+08	2.14671e+08	2.055e+08	2.31071e+08	2.51355e+08	2.12392e+08	2.4809e+08	2.72488e+08	2.77138e+08	2.47869e+08	2.61303e+08	2.002e+08	1.83925e+08	2.46467e+08	2.53868e+08	1.35269e+08	2.45799e+08	2.08326e+08	2.33889e+08	1.96287e+08	1.90462e+08	1.87093e+08	1.70032e+08	1.91042e+08	1.55035e+08	2.10945e+08	2.09761e+08	1.86709e+08	1.8596e+08	1.83671e+08	2.31536e+08
