	ERR608806	ERR608810	ERR608807	ERR608808	ERR608809	ERR608805	ERR607785	ERR607781	ERR607783	ERR607784	ERR607786	ERR607782	ERR605534	ERR605535	ERR605538	ERR605536	ERR605533	ERR605537	ERR622146	ERR622144	ERR622143	ERR622148	ERR622147	ERR622145	ERR617660	ERR617657	ERR617656	ERR617659	ERR617658	ERR617655	ERR636774	ERR636771	ERR636770	ERR636772	ERR636769	ERR636773	ERR636646	ERR636648	ERR636643	ERR636645	ERR636647	ERR636644	ERR613356	ERR613354	ERR613355	ERR613353	ERR613358	ERR613357	ERR612283	ERR612284	ERR612281	ERR612282	ERR612286	ERR612285	ERR626749	ERR626748	ERR626752	ERR626751	ERR626747	ERR626750	ERR616770	ERR616773	ERR616771	ERR616774	ERR616772	ERR616769	ERR626488	ERR626491	ERR626489	ERR626486	ERR626487	ERR626490	ERR616833	ERR616831	ERR616832	ERR616829	ERR616830	ERR616834	ERR616623	ERR616624	ERR616622	ERR616627	ERR616625	ERR616626	ERR611351	ERR611350	ERR611352	ERR611348	ERR611349	ERR611347	ERR612966	ERR612964	ERR612967	ERR612968	ERR612963	ERR612965
ERR608806	9.4564e+09	7.66161e+09	9.1916e+09	7.69994e+09	7.78226e+09	8.97157e+09	8.38468e+09	8.47797e+09	8.48093e+09	7.56384e+09	8.42718e+09	7.72408e+09	6.19708e+09	5.92198e+09	6.14524e+09	6.16125e+09	6.47479e+09	6.23433e+09	6.53818e+09	7.58311e+09	6.18615e+09	6.35662e+09	6.46144e+09	7.99235e+09	7.81518e+09	5.96364e+09	4.02231e+09	7.90984e+09	7.93193e+09	7.7782e+09	8.58714e+09	8.5206e+09	8.5353e+09	8.56993e+09	8.17941e+09	8.58004e+09	8.04459e+09	8.61844e+09	8.62151e+09	7.46936e+09	8.04509e+09	8.19005e+09	6.72529e+09	6.92944e+09	7.45961e+09	7.93646e+09	5.69608e+09	6.87279e+09	5.91135e+09	7.73657e+09	6.66432e+09	5.96611e+09	7.91759e+09	7.62383e+09	7.28013e+09	7.26329e+09	7.05296e+09	7.13748e+09	7.50484e+09	7.10277e+09	8.43585e+09	8.01495e+09	8.67601e+09	7.94473e+09	8.01775e+09	8.07328e+09	6.71549e+09	6.71033e+09	5.61926e+09	6.69217e+09	5.8e+09	6.64414e+09	7.6133e+09	8.575e+09	7.56888e+09	8.23017e+09	8.22604e+09	7.64485e+09	7.10379e+09	6.65111e+09	6.95778e+09	7.9782e+09	7.98451e+09	7.97709e+09	8.47485e+09	8.08115e+09	8.48098e+09	8.15001e+09	8.43173e+09	8.28734e+09	7.31694e+09	6.56661e+09	7.11004e+09	7.22043e+09	8.59004e+09	8.09295e+09
ERR608810	7.66161e+09	6.75246e+09	7.65602e+09	6.60061e+09	6.6631e+09	7.50521e+09	7.08742e+09	7.15389e+09	7.15643e+09	6.49743e+09	7.11752e+09	6.61246e+09	5.23226e+09	5.01688e+09	5.19093e+09	5.20335e+09	5.44739e+09	5.26081e+09	5.60232e+09	6.44132e+09	5.3216e+09	5.45479e+09	5.5406e+09	6.75632e+09	6.51416e+09	5.06358e+09	3.46032e+09	6.58737e+09	6.60324e+09	6.47561e+09	7.23193e+09	7.18351e+09	7.19556e+09	7.21912e+09	6.94399e+09	7.22611e+09	6.84618e+09	7.25261e+09	7.25383e+09	6.41895e+09	6.84635e+09	6.9497e+09	5.70794e+09	5.87293e+09	6.28541e+09	6.64864e+09	4.88873e+09	5.82434e+09	4.93408e+09	6.40634e+09	5.51789e+09	4.97681e+09	6.54481e+09	6.32013e+09	6.03044e+09	6.02192e+09	5.85279e+09	5.92086e+09	6.20561e+09	5.89326e+09	7.09202e+09	6.78421e+09	7.26366e+09	6.73195e+09	6.78587e+09	6.82639e+09	5.63546e+09	5.63452e+09	4.7679e+09	5.6156e+09	4.91543e+09	5.58361e+09	6.48685e+09	7.19119e+09	6.45329e+09	6.94198e+09	6.94323e+09	6.51153e+09	6.04333e+09	5.67757e+09	5.92617e+09	6.73827e+09	6.7424e+09	6.73813e+09	7.12541e+09	6.83888e+09	7.13015e+09	6.89518e+09	7.09598e+09	6.99382e+09	6.15868e+09	5.56679e+09	5.99418e+09	6.08143e+09	7.15246e+09	6.7733e+09
ERR608807	9.1916e+09	7.65602e+09	9.44487e+09	7.69452e+09	7.77714e+09	8.96719e+09	8.38674e+09	8.47675e+09	8.48004e+09	7.56565e+09	8.4292e+09	7.72666e+09	6.19491e+09	5.92034e+09	6.14271e+09	6.15839e+09	6.47141e+09	6.23201e+09	6.53907e+09	7.58607e+09	6.19337e+09	6.35781e+09	6.46253e+09	7.99313e+09	7.81608e+09	5.96256e+09	4.0274e+09	7.9112e+09	7.93355e+09	7.77335e+09	8.58847e+09	8.52411e+09	8.53473e+09	8.57176e+09	8.18123e+09	8.58141e+09	8.03967e+09	8.61481e+09	8.61767e+09	7.47069e+09	8.04002e+09	8.18715e+09	6.72334e+09	6.93133e+09	7.46138e+09	7.93617e+09	5.69897e+09	6.87052e+09	5.88336e+09	7.71169e+09	6.62999e+09	5.93723e+09	7.89307e+09	7.60021e+09	7.27903e+09	7.2635e+09	7.05063e+09	7.13585e+09	7.50363e+09	7.10079e+09	8.43694e+09	8.02236e+09	8.67799e+09	7.95114e+09	8.02466e+09	8.07887e+09	6.71138e+09	6.70865e+09	5.61812e+09	6.68746e+09	5.79987e+09	6.64263e+09	7.62005e+09	8.57608e+09	7.57601e+09	8.23444e+09	8.2271e+09	7.65168e+09	7.10159e+09	6.64842e+09	6.95661e+09	7.97861e+09	7.98491e+09	7.97775e+09	8.47698e+09	8.08809e+09	8.48221e+09	8.1478e+09	8.42791e+09	8.28572e+09	7.31505e+09	6.56767e+09	7.10886e+09	7.21887e+09	8.58804e+09	8.09381e+09
ERR608808	7.69994e+09	6.60061e+09	7.69452e+09	6.81336e+09	6.69358e+09	7.54277e+09	7.11903e+09	7.18718e+09	7.18956e+09	6.5252e+09	7.15051e+09	6.64067e+09	5.25443e+09	5.03739e+09	5.21336e+09	5.22536e+09	5.47112e+09	5.28352e+09	5.6249e+09	6.46939e+09	5.34119e+09	5.47659e+09	5.56303e+09	6.78618e+09	6.54536e+09	5.08586e+09	3.47278e+09	6.61855e+09	6.63476e+09	6.50729e+09	7.26573e+09	7.2167e+09	7.22939e+09	7.25261e+09	6.9754e+09	7.26001e+09	6.87794e+09	7.2871e+09	7.28893e+09	6.44565e+09	6.87793e+09	6.98172e+09	5.73282e+09	5.89694e+09	6.31235e+09	6.67885e+09	4.90736e+09	5.84908e+09	4.95919e+09	6.43806e+09	5.54718e+09	5.00222e+09	6.57683e+09	6.35117e+09	6.06001e+09	6.05124e+09	5.88221e+09	5.94981e+09	6.23606e+09	5.92192e+09	7.12608e+09	6.815e+09	7.29881e+09	6.76269e+09	6.81631e+09	6.85888e+09	5.66254e+09	5.66159e+09	4.7896e+09	5.64255e+09	4.93778e+09	5.60936e+09	6.51565e+09	7.22602e+09	6.48227e+09	6.97492e+09	6.97653e+09	6.54004e+09	6.07181e+09	5.70356e+09	5.95307e+09	6.77052e+09	6.77402e+09	6.76973e+09	7.15923e+09	6.87045e+09	7.16456e+09	6.92884e+09	7.1304e+09	7.0276e+09	6.18799e+09	5.59206e+09	6.0225e+09	6.10953e+09	7.1877e+09	6.80559e+09
ERR608809	7.78226e+09	6.6631e+09	7.77714e+09	6.69358e+09	6.94251e+09	7.62157e+09	7.19348e+09	7.26188e+09	7.2639e+09	6.58955e+09	7.22456e+09	6.70751e+09	5.30337e+09	5.08376e+09	5.26133e+09	5.274e+09	5.52286e+09	5.33295e+09	5.67772e+09	6.53255e+09	5.39204e+09	5.52689e+09	5.61424e+09	6.85468e+09	6.61148e+09	5.13123e+09	3.50352e+09	6.68601e+09	6.70243e+09	6.57133e+09	7.34181e+09	7.29199e+09	7.30414e+09	7.32846e+09	7.04593e+09	7.33584e+09	6.9453e+09	7.36232e+09	7.36372e+09	6.5071e+09	6.9457e+09	7.05171e+09	5.78437e+09	5.95272e+09	6.37356e+09	6.74514e+09	4.95037e+09	5.90293e+09	5.00033e+09	6.49928e+09	5.59467e+09	5.04377e+09	6.64103e+09	6.41124e+09	6.12076e+09	6.11188e+09	5.94016e+09	6.00909e+09	6.29963e+09	5.98081e+09	7.19913e+09	6.88357e+09	7.37507e+09	6.83059e+09	6.88493e+09	6.9278e+09	5.71487e+09	5.71407e+09	4.83071e+09	5.69431e+09	4.98088e+09	5.66186e+09	6.58047e+09	7.30161e+09	6.54627e+09	7.04686e+09	7.04745e+09	6.6055e+09	6.12692e+09	5.75357e+09	6.00699e+09	6.83601e+09	6.84111e+09	6.83625e+09	7.23402e+09	6.94117e+09	7.2393e+09	6.99846e+09	7.2038e+09	7.09931e+09	6.24699e+09	5.64334e+09	6.07927e+09	6.16766e+09	7.26203e+09	6.87468e+09
ERR608805	8.97157e+09	7.50521e+09	8.96719e+09	7.54277e+09	7.62157e+09	9.00188e+09	8.20653e+09	8.29251e+09	8.29593e+09	7.42368e+09	8.24615e+09	7.57784e+09	6.05234e+09	5.78668e+09	6.0009e+09	6.01629e+09	6.31941e+09	6.08723e+09	6.40574e+09	7.42313e+09	6.07117e+09	6.22897e+09	6.33096e+09	7.81647e+09	7.62173e+09	5.82971e+09	3.94556e+09	7.71315e+09	7.73398e+09	7.57768e+09	8.39926e+09	8.33854e+09	8.34867e+09	8.38364e+09	8.01215e+09	8.39254e+09	7.87355e+09	8.4225e+09	8.425e+09	7.32723e+09	7.8739e+09	8.01526e+09	6.57401e+09	6.777e+09	7.28891e+09	7.74683e+09	5.58146e+09	6.71701e+09	5.72829e+09	7.5053e+09	6.44723e+09	5.78059e+09	7.67934e+09	7.39759e+09	7.0881e+09	7.07405e+09	6.86738e+09	6.94999e+09	7.30425e+09	6.9161e+09	8.24653e+09	7.84771e+09	8.47559e+09	7.77948e+09	7.84999e+09	7.90368e+09	6.54953e+09	6.54708e+09	5.49092e+09	6.52619e+09	5.66837e+09	6.48344e+09	7.46358e+09	8.3796e+09	7.42109e+09	8.05301e+09	8.04768e+09	7.49371e+09	6.94962e+09	6.50864e+09	6.80854e+09	7.79939e+09	7.80529e+09	7.79872e+09	8.28607e+09	7.91538e+09	8.29157e+09	7.97379e+09	8.24059e+09	8.10518e+09	7.14508e+09	6.42226e+09	6.94521e+09	7.05118e+09	8.37621e+09	7.90039e+09
ERR607785	8.38468e+09	7.08742e+09	8.38674e+09	7.11903e+09	7.19348e+09	8.20653e+09	8.16882e+09	8.00946e+09	8.01211e+09	7.21976e+09	7.97651e+09	7.36238e+09	5.7452e+09	5.50144e+09	5.6951e+09	5.70884e+09	5.98901e+09	5.77642e+09	6.14967e+09	7.11475e+09	5.85554e+09	5.98255e+09	6.07947e+09	7.47441e+09	7.15187e+09	5.4979e+09	3.75377e+09	7.23743e+09	7.25428e+09	7.08832e+09	7.996e+09	7.94583e+09	7.94742e+09	7.98216e+09	7.64925e+09	7.98846e+09	7.49623e+09	7.99596e+09	7.99672e+09	7.01947e+09	7.49718e+09	7.63463e+09	6.21813e+09	6.42187e+09	6.89381e+09	7.30784e+09	5.31248e+09	6.35221e+09	5.26039e+09	6.93017e+09	5.90779e+09	5.30832e+09	7.09052e+09	6.83426e+09	6.59844e+09	6.59209e+09	6.38987e+09	6.46958e+09	6.80007e+09	6.43826e+09	7.79355e+09	7.44291e+09	8.00019e+09	7.37888e+09	7.44422e+09	7.49484e+09	6.11464e+09	6.11889e+09	5.14384e+09	6.09299e+09	5.3107e+09	6.06237e+09	7.09637e+09	7.91909e+09	7.05779e+09	7.63257e+09	7.61684e+09	7.12298e+09	6.53313e+09	6.1184e+09	6.40289e+09	7.32956e+09	7.33466e+09	7.33162e+09	7.85533e+09	7.53271e+09	7.85956e+09	7.56356e+09	7.80314e+09	7.68541e+09	6.68675e+09	6.03017e+09	6.50283e+09	6.59995e+09	7.83241e+09	7.40102e+09
ERR607781	8.47797e+09	7.15389e+09	8.47675e+09	7.18718e+09	7.26188e+09	8.29251e+09	8.00946e+09	8.31933e+09	8.09156e+09	7.27328e+09	8.04655e+09	7.42055e+09	5.80539e+09	5.55662e+09	5.75555e+09	5.76913e+09	6.05461e+09	5.83718e+09	6.20197e+09	7.17741e+09	5.89518e+09	6.03304e+09	6.13098e+09	7.54541e+09	7.22659e+09	5.55169e+09	3.77824e+09	7.31286e+09	7.33042e+09	7.17081e+09	8.07198e+09	8.01768e+09	8.02427e+09	8.05682e+09	7.71683e+09	8.06472e+09	7.56791e+09	8.07569e+09	8.07794e+09	7.07456e+09	7.56888e+09	7.70645e+09	6.28187e+09	6.48247e+09	6.9614e+09	7.38557e+09	5.35602e+09	6.41763e+09	5.35127e+09	7.03636e+09	6.01437e+09	5.40083e+09	7.19799e+09	6.93726e+09	6.67691e+09	6.66931e+09	6.46739e+09	6.54786e+09	6.88247e+09	6.51606e+09	7.87014e+09	7.50519e+09	8.08107e+09	7.44066e+09	7.50691e+09	7.56045e+09	6.18645e+09	6.18646e+09	5.19736e+09	6.16483e+09	5.36583e+09	6.12847e+09	7.15296e+09	7.99814e+09	7.11357e+09	7.70251e+09	7.69051e+09	7.18068e+09	6.59725e+09	6.17923e+09	6.46486e+09	7.40154e+09	7.40642e+09	7.40266e+09	7.93031e+09	7.59431e+09	7.93436e+09	7.63812e+09	7.88409e+09	7.76111e+09	6.75818e+09	6.08924e+09	6.57113e+09	6.67004e+09	7.91868e+09	7.47768e+09
ERR607783	8.48093e+09	7.15643e+09	8.48004e+09	7.18956e+09	7.2639e+09	8.29593e+09	8.01211e+09	8.09156e+09	8.32805e+09	7.27554e+09	8.04942e+09	7.42235e+09	5.80694e+09	5.55845e+09	5.75721e+09	5.77118e+09	6.05554e+09	5.83916e+09	6.20368e+09	7.17966e+09	5.89668e+09	6.03519e+09	6.1331e+09	7.54811e+09	7.22869e+09	5.55346e+09	3.77941e+09	7.31484e+09	7.33243e+09	7.17418e+09	8.07368e+09	8.01929e+09	8.026e+09	8.05838e+09	7.71818e+09	8.06604e+09	7.57102e+09	8.07876e+09	8.08058e+09	7.07646e+09	7.57167e+09	7.70927e+09	6.28282e+09	6.4827e+09	6.96224e+09	7.38678e+09	5.35698e+09	6.41841e+09	5.35263e+09	7.03844e+09	6.01662e+09	5.40238e+09	7.2008e+09	6.93939e+09	6.6784e+09	6.6699e+09	6.46874e+09	6.54886e+09	6.88383e+09	6.51701e+09	7.87066e+09	7.5049e+09	8.08125e+09	7.44059e+09	7.50662e+09	7.56014e+09	6.18702e+09	6.18718e+09	5.19737e+09	6.16513e+09	5.36555e+09	6.12892e+09	7.15174e+09	7.99821e+09	7.11287e+09	7.70261e+09	7.69089e+09	7.18007e+09	6.59864e+09	6.17976e+09	6.46568e+09	7.40248e+09	7.4065e+09	7.40364e+09	7.93063e+09	7.59406e+09	7.93483e+09	7.63885e+09	7.88448e+09	7.76155e+09	6.75911e+09	6.08981e+09	6.57223e+09	6.67135e+09	7.92101e+09	7.47924e+09
ERR607784	7.56384e+09	6.49743e+09	7.56565e+09	6.5252e+09	6.58955e+09	7.42368e+09	7.21976e+09	7.27328e+09	7.27554e+09	6.82992e+09	7.2479e+09	6.76318e+09	5.16764e+09	4.95951e+09	5.12323e+09	5.13456e+09	5.37434e+09	5.19333e+09	5.61581e+09	6.46953e+09	5.37081e+09	5.46774e+09	5.55298e+09	6.77709e+09	6.39715e+09	4.96464e+09	3.42467e+09	6.47079e+09	6.48449e+09	6.33212e+09	7.25733e+09	7.21853e+09	7.21976e+09	7.2459e+09	6.98054e+09	7.25051e+09	6.84406e+09	7.2507e+09	7.25149e+09	6.45251e+09	6.84454e+09	6.96162e+09	5.61906e+09	5.80589e+09	6.21259e+09	6.56625e+09	4.8387e+09	5.73566e+09	4.67128e+09	6.15659e+09	5.22506e+09	4.71283e+09	6.29442e+09	6.07484e+09	5.87163e+09	5.87007e+09	5.68861e+09	5.75957e+09	6.04598e+09	5.73249e+09	7.07055e+09	6.78069e+09	7.23745e+09	6.72524e+09	6.78035e+09	6.82685e+09	5.48865e+09	5.49504e+09	4.64477e+09	5.46873e+09	4.7941e+09	5.44696e+09	6.49516e+09	7.17633e+09	6.46267e+09	6.94529e+09	6.93171e+09	6.5174e+09	5.94795e+09	5.57649e+09	5.83183e+09	6.65047e+09	6.65478e+09	6.65387e+09	7.13411e+09	6.87524e+09	7.13743e+09	6.89804e+09	7.09196e+09	6.99747e+09	6.03603e+09	5.46869e+09	5.87523e+09	5.95943e+09	7.04285e+09	6.67116e+09
ERR607786	8.42718e+09	7.11752e+09	8.4292e+09	7.15051e+09	7.22456e+09	8.24615e+09	7.97651e+09	8.04655e+09	8.04942e+09	7.2479e+09	8.24942e+09	7.39176e+09	5.77411e+09	5.52812e+09	5.72479e+09	5.73792e+09	6.01986e+09	5.80635e+09	6.17674e+09	7.14696e+09	5.87835e+09	6.00885e+09	6.10607e+09	7.50972e+09	7.19036e+09	5.52458e+09	3.76917e+09	7.27651e+09	7.29349e+09	7.12796e+09	8.03323e+09	7.98204e+09	7.98415e+09	8.01905e+09	7.68263e+09	8.02577e+09	7.53085e+09	8.03497e+09	8.03621e+09	7.04806e+09	7.53142e+09	7.66993e+09	6.24829e+09	6.45142e+09	6.92725e+09	7.3451e+09	5.33526e+09	6.38324e+09	5.29238e+09	6.97068e+09	5.9449e+09	5.34091e+09	7.13272e+09	6.87391e+09	6.6336e+09	6.62671e+09	6.42404e+09	6.5044e+09	6.83671e+09	6.4731e+09	7.82785e+09	7.4729e+09	8.03686e+09	7.40841e+09	7.47427e+09	7.52502e+09	6.14432e+09	6.14856e+09	5.16692e+09	6.12291e+09	5.3345e+09	6.09123e+09	7.12413e+09	7.95495e+09	7.08464e+09	7.66469e+09	7.65005e+09	7.1511e+09	6.56071e+09	6.14392e+09	6.42988e+09	7.36164e+09	7.36674e+09	7.36381e+09	7.88991e+09	7.56252e+09	7.89398e+09	7.59567e+09	7.83801e+09	7.71837e+09	6.718e+09	6.0562e+09	6.53295e+09	6.63145e+09	7.87132e+09	7.43614e+09
ERR607782	7.72408e+09	6.61246e+09	7.72666e+09	6.64067e+09	6.70751e+09	7.57784e+09	7.36238e+09	7.42055e+09	7.42235e+09	6.76318e+09	7.39176e+09	7.07681e+09	5.28066e+09	5.06606e+09	5.23504e+09	5.24623e+09	5.4939e+09	5.30777e+09	5.72218e+09	6.59896e+09	5.47263e+09	5.57059e+09	5.65804e+09	6.91533e+09	6.54577e+09	5.06961e+09	3.49528e+09	6.62166e+09	6.63601e+09	6.47745e+09	7.40508e+09	7.36579e+09	7.36568e+09	7.39422e+09	7.117e+09	7.39911e+09	6.97019e+09	7.39583e+09	7.39688e+09	6.56668e+09	6.97106e+09	7.09403e+09	5.73673e+09	5.92964e+09	6.34886e+09	6.71228e+09	4.93597e+09	5.85678e+09	4.76893e+09	6.29374e+09	5.33763e+09	4.8112e+09	6.43566e+09	6.20958e+09	6.01777e+09	6.01554e+09	5.82835e+09	5.9019e+09	6.19665e+09	5.87396e+09	7.21921e+09	6.9194e+09	7.39293e+09	6.86223e+09	6.91955e+09	6.96694e+09	5.61287e+09	5.61894e+09	4.74519e+09	5.59246e+09	4.8997e+09	5.56956e+09	6.62261e+09	7.32898e+09	6.5897e+09	7.08896e+09	7.0731e+09	6.64596e+09	6.06718e+09	5.68626e+09	5.94831e+09	6.78831e+09	6.79281e+09	6.79226e+09	7.28181e+09	7.01379e+09	7.28509e+09	7.03276e+09	7.23561e+09	7.13697e+09	6.1661e+09	5.58357e+09	6.00094e+09	6.08763e+09	7.20063e+09	6.81859e+09
ERR605534	6.19708e+09	5.23226e+09	6.19491e+09	5.25443e+09	5.30337e+09	6.05234e+09	5.7452e+09	5.80539e+09	5.80694e+09	5.16764e+09	5.77411e+09	5.28066e+09	5.1154e+09	4.72582e+09	4.89142e+09	4.90168e+09	5.11789e+09	4.95122e+09	4.71651e+09	5.34715e+09	4.46115e+09	4.60251e+09	4.66995e+09	5.59851e+09	5.58668e+09	4.42576e+09	3.03783e+09	5.64568e+09	5.66016e+09	5.57002e+09	5.87518e+09	5.8277e+09	5.83336e+09	5.86199e+09	5.60092e+09	5.87027e+09	5.50994e+09	5.88473e+09	5.88326e+09	5.13887e+09	5.51031e+09	5.60197e+09	5.00176e+09	5.11631e+09	5.45114e+09	5.7427e+09	4.31235e+09	5.09194e+09	4.39502e+09	5.55222e+09	4.88667e+09	4.43147e+09	5.66589e+09	5.48267e+09	5.24948e+09	5.23878e+09	5.1083e+09	5.15987e+09	5.39165e+09	5.1384e+09	5.71693e+09	5.44767e+09	5.87595e+09	5.40542e+09	5.45293e+09	5.47914e+09	4.86328e+09	4.86076e+09	4.15191e+09	4.85076e+09	4.26965e+09	4.8173e+09	5.17531e+09	5.80241e+09	5.14815e+09	5.57391e+09	5.5701e+09	5.19739e+09	4.93229e+09	4.66727e+09	4.84901e+09	5.45683e+09	5.45798e+09	5.45323e+09	5.71647e+09	5.45095e+09	5.72067e+09	5.49543e+09	5.68062e+09	5.58698e+09	5.17479e+09	4.69941e+09	5.04765e+09	5.11786e+09	5.92898e+09	5.62963e+09
ERR605535	5.92198e+09	5.01688e+09	5.92034e+09	5.03739e+09	5.08376e+09	5.78668e+09	5.50144e+09	5.55662e+09	5.55845e+09	4.95951e+09	5.52812e+09	5.06606e+09	4.72582e+09	4.72372e+09	4.6972e+09	4.70752e+09	4.90799e+09	4.75397e+09	4.53485e+09	5.12943e+09	4.29462e+09	4.42747e+09	4.49049e+09	5.36392e+09	5.34988e+09	4.25645e+09	2.93307e+09	5.40503e+09	5.41938e+09	5.33264e+09	5.62111e+09	5.57883e+09	5.58358e+09	5.60854e+09	5.36572e+09	5.61697e+09	5.27911e+09	5.63015e+09	5.62971e+09	4.93034e+09	5.2789e+09	5.36602e+09	4.80049e+09	4.90994e+09	5.22365e+09	5.4972e+09	4.15262e+09	4.88546e+09	4.20251e+09	5.29864e+09	4.66612e+09	4.23703e+09	5.40542e+09	5.23287e+09	5.02571e+09	5.01614e+09	4.89302e+09	4.94185e+09	5.15933e+09	4.9217e+09	5.46719e+09	5.21472e+09	5.61583e+09	5.17504e+09	5.21993e+09	5.24325e+09	4.66144e+09	4.66018e+09	3.99151e+09	4.64972e+09	4.10321e+09	4.61918e+09	4.95832e+09	5.54747e+09	4.93243e+09	5.33289e+09	5.3294e+09	4.97922e+09	4.73016e+09	4.47983e+09	4.65279e+09	5.22315e+09	5.22427e+09	5.22013e+09	5.46694e+09	5.2193e+09	5.47117e+09	5.2586e+09	5.43293e+09	5.34452e+09	4.95791e+09	4.51199e+09	4.8383e+09	4.90433e+09	5.66737e+09	5.38638e+09
ERR605538	6.14524e+09	5.19093e+09	6.14271e+09	5.21336e+09	5.26133e+09	6.0009e+09	5.6951e+09	5.75555e+09	5.75721e+09	5.12323e+09	5.72479e+09	5.23504e+09	4.89142e+09	4.6972e+09	5.05779e+09	4.87642e+09	5.085e+09	4.92451e+09	4.68344e+09	5.3053e+09	4.42644e+09	4.5704e+09	4.63638e+09	5.55364e+09	5.54449e+09	4.3972e+09	3.01842e+09	5.60237e+09	5.61737e+09	5.53073e+09	5.82252e+09	5.77682e+09	5.78343e+09	5.80938e+09	5.55261e+09	5.81796e+09	5.46696e+09	5.83616e+09	5.83589e+09	5.09472e+09	5.46704e+09	5.55602e+09	4.96491e+09	5.07569e+09	5.40665e+09	5.69649e+09	4.28122e+09	5.05405e+09	4.3652e+09	5.50745e+09	4.85354e+09	4.40138e+09	5.61938e+09	5.43805e+09	5.20862e+09	5.19683e+09	5.07089e+09	5.12107e+09	5.3483e+09	5.10004e+09	5.66118e+09	5.3923e+09	5.81852e+09	5.35074e+09	5.3978e+09	5.42222e+09	4.82448e+09	4.82173e+09	4.12073e+09	4.81208e+09	4.23747e+09	4.7785e+09	5.12262e+09	5.74647e+09	5.09577e+09	5.51765e+09	5.51658e+09	5.14541e+09	4.88985e+09	4.62843e+09	4.80808e+09	5.40703e+09	5.40832e+09	5.40355e+09	5.66075e+09	5.39547e+09	5.66557e+09	5.44233e+09	5.62692e+09	5.53308e+09	5.13278e+09	4.66122e+09	5.00682e+09	5.07605e+09	5.8779e+09	5.58114e+09
ERR605536	6.16125e+09	5.20335e+09	6.15839e+09	5.22536e+09	5.274e+09	6.01629e+09	5.70884e+09	5.76913e+09	5.77118e+09	5.13456e+09	5.73792e+09	5.24623e+09	4.90168e+09	4.70752e+09	4.87642e+09	5.0789e+09	5.09646e+09	4.93493e+09	4.69314e+09	5.31662e+09	4.43512e+09	4.57947e+09	4.64614e+09	5.5672e+09	5.55771e+09	4.40613e+09	3.02272e+09	5.61589e+09	5.63145e+09	5.54447e+09	5.83702e+09	5.7907e+09	5.79789e+09	5.82344e+09	5.56577e+09	5.8324e+09	5.48035e+09	5.85115e+09	5.85063e+09	5.10644e+09	5.48034e+09	5.57004e+09	4.97659e+09	5.08752e+09	5.41955e+09	5.71083e+09	4.29002e+09	5.06629e+09	4.37788e+09	5.52525e+09	4.86767e+09	4.41466e+09	5.63767e+09	5.45514e+09	5.22182e+09	5.21032e+09	5.08333e+09	5.13433e+09	5.36225e+09	5.11292e+09	5.6764e+09	5.40573e+09	5.83396e+09	5.36435e+09	5.41149e+09	5.43547e+09	4.83624e+09	4.83329e+09	4.13015e+09	4.82378e+09	4.24669e+09	4.79001e+09	5.13521e+09	5.7616e+09	5.10807e+09	5.53198e+09	5.5311e+09	5.15817e+09	4.90235e+09	4.64009e+09	4.81938e+09	5.42117e+09	5.42201e+09	5.41744e+09	5.67506e+09	5.40874e+09	5.67991e+09	5.45711e+09	5.64177e+09	5.54779e+09	5.14662e+09	4.67364e+09	5.02017e+09	5.09044e+09	5.8939e+09	5.59622e+09
ERR605533	6.47479e+09	5.44739e+09	6.47141e+09	5.47112e+09	5.52286e+09	6.31941e+09	5.98901e+09	6.05461e+09	6.05554e+09	5.37434e+09	6.01986e+09	5.4939e+09	5.11789e+09	4.90799e+09	5.085e+09	5.09646e+09	5.53089e+09	5.14848e+09	4.90043e+09	5.56725e+09	4.62875e+09	4.77989e+09	4.85111e+09	5.83553e+09	5.82771e+09	4.5976e+09	3.14365e+09	5.88963e+09	5.90612e+09	5.81275e+09	6.12791e+09	6.07735e+09	6.08458e+09	6.11341e+09	5.83598e+09	6.12338e+09	5.74256e+09	6.14088e+09	6.14034e+09	5.34462e+09	5.74304e+09	5.83942e+09	5.20201e+09	5.32104e+09	5.67684e+09	5.98921e+09	4.47153e+09	5.29808e+09	4.58342e+09	5.80299e+09	5.10581e+09	4.62264e+09	5.92273e+09	5.72818e+09	5.47498e+09	5.46256e+09	5.32685e+09	5.3812e+09	5.62601e+09	5.35816e+09	5.96305e+09	5.67415e+09	6.13228e+09	5.62963e+09	5.67983e+09	5.70768e+09	5.06408e+09	5.06015e+09	4.31213e+09	5.05075e+09	4.43523e+09	5.01427e+09	5.38547e+09	6.05375e+09	5.35689e+09	5.8095e+09	5.80721e+09	5.40973e+09	5.13366e+09	4.85429e+09	5.04555e+09	5.68822e+09	5.6898e+09	5.68431e+09	5.96239e+09	5.67768e+09	5.96715e+09	5.72896e+09	5.92653e+09	5.8257e+09	5.39187e+09	4.88796e+09	5.25667e+09	5.33179e+09	6.19131e+09	5.87314e+09
ERR605537	6.23433e+09	5.26081e+09	6.23201e+09	5.28352e+09	5.33295e+09	6.08723e+09	5.77642e+09	5.83718e+09	5.83916e+09	5.19333e+09	5.80635e+09	5.30777e+09	4.95122e+09	4.75397e+09	4.92451e+09	4.93493e+09	5.14848e+09	5.18005e+09	4.74247e+09	5.37724e+09	4.48318e+09	4.6274e+09	4.6952e+09	5.63093e+09	5.62072e+09	4.45102e+09	3.05296e+09	5.68e+09	5.69592e+09	5.60553e+09	5.90644e+09	5.86003e+09	5.86595e+09	5.8928e+09	5.63083e+09	5.90174e+09	5.542e+09	5.91927e+09	5.91856e+09	5.16449e+09	5.542e+09	5.63361e+09	5.02895e+09	5.14279e+09	5.48009e+09	5.7758e+09	4.33368e+09	5.11932e+09	4.41906e+09	5.58166e+09	4.9149e+09	4.45524e+09	5.69588e+09	5.51039e+09	5.27733e+09	5.26638e+09	5.13695e+09	5.18823e+09	5.42041e+09	5.16693e+09	5.74349e+09	5.47042e+09	5.90348e+09	5.42817e+09	5.4758e+09	5.50069e+09	4.88634e+09	4.88427e+09	4.17103e+09	4.87398e+09	4.28938e+09	4.83999e+09	5.19592e+09	5.82953e+09	5.16855e+09	5.59734e+09	5.59534e+09	5.21874e+09	4.95552e+09	4.68912e+09	4.87212e+09	5.48355e+09	5.48467e+09	5.47988e+09	5.74267e+09	5.47363e+09	5.74726e+09	5.52004e+09	5.70773e+09	5.6121e+09	5.20194e+09	4.7224e+09	5.07382e+09	5.14443e+09	5.96168e+09	5.65919e+09
ERR622146	6.53818e+09	5.60232e+09	6.53907e+09	5.6249e+09	5.67772e+09	6.40574e+09	6.14967e+09	6.20197e+09	6.20368e+09	5.61581e+09	6.17674e+09	5.72218e+09	4.71651e+09	4.53485e+09	4.68344e+09	4.69314e+09	4.90043e+09	4.74247e+09	5.19927e+09	5.72277e+09	4.78126e+09	4.89773e+09	4.9704e+09	5.98528e+09	5.74484e+09	4.52122e+09	3.12431e+09	5.80723e+09	5.8204e+09	5.70418e+09	6.23455e+09	6.19709e+09	6.19915e+09	6.22273e+09	5.98222e+09	6.22933e+09	5.90675e+09	6.26787e+09	6.26794e+09	5.55281e+09	5.90775e+09	6.00152e+09	5.04994e+09	5.19141e+09	5.53618e+09	5.83623e+09	4.36452e+09	5.14629e+09	4.29526e+09	5.55929e+09	4.78874e+09	4.33213e+09	5.67799e+09	5.4878e+09	5.31454e+09	5.30799e+09	5.16161e+09	5.21951e+09	5.46294e+09	5.19622e+09	6.0696e+09	5.80981e+09	6.22038e+09	5.76563e+09	5.8121e+09	5.84397e+09	4.93948e+09	4.94172e+09	4.20567e+09	4.92357e+09	4.33208e+09	4.89872e+09	5.55266e+09	6.16033e+09	5.5244e+09	5.94447e+09	5.93859e+09	5.57393e+09	5.2015e+09	4.90106e+09	5.10772e+09	5.77273e+09	5.77533e+09	5.77235e+09	6.0898e+09	5.84614e+09	6.09377e+09	5.87578e+09	6.05237e+09	5.96374e+09	5.33984e+09	4.85037e+09	5.20423e+09	5.27613e+09	6.16194e+09	5.84958e+09
ERR622144	7.58311e+09	6.44132e+09	7.58607e+09	6.46939e+09	6.53255e+09	7.42313e+09	7.11475e+09	7.17741e+09	7.17966e+09	6.46953e+09	7.14696e+09	6.59896e+09	5.34715e+09	5.12943e+09	5.3053e+09	5.31662e+09	5.56725e+09	5.37724e+09	5.72277e+09	6.80411e+09	5.45081e+09	5.57331e+09	5.66083e+09	6.90755e+09	6.60208e+09	5.11906e+09	3.51073e+09	6.67891e+09	6.69439e+09	6.54771e+09	7.21864e+09	7.17511e+09	7.17552e+09	7.20569e+09	6.91253e+09	7.21297e+09	6.81284e+09	7.25403e+09	7.25441e+09	6.38778e+09	6.81354e+09	6.93119e+09	5.75021e+09	5.92846e+09	6.34828e+09	6.71542e+09	4.93422e+09	5.86814e+09	4.85352e+09	6.36948e+09	5.43962e+09	4.89693e+09	6.51327e+09	6.28402e+09	6.08838e+09	6.08185e+09	5.90134e+09	5.97179e+09	6.26872e+09	5.94485e+09	7.03262e+09	6.7206e+09	7.21473e+09	6.66629e+09	6.72279e+09	6.76414e+09	5.63301e+09	5.63685e+09	4.75762e+09	5.61336e+09	4.90891e+09	5.5855e+09	6.4125e+09	7.14275e+09	6.37841e+09	6.88484e+09	6.8745e+09	6.43758e+09	5.966e+09	5.59947e+09	5.85136e+09	6.66309e+09	6.66642e+09	6.66297e+09	7.05898e+09	6.76897e+09	7.06334e+09	6.79847e+09	7.01177e+09	6.90485e+09	6.12671e+09	5.53814e+09	5.9623e+09	6.04893e+09	7.1346e+09	6.75366e+09
ERR622143	6.18615e+09	5.3216e+09	6.19337e+09	5.34119e+09	5.39204e+09	6.07117e+09	5.85554e+09	5.89518e+09	5.89668e+09	5.37081e+09	5.87835e+09	5.47263e+09	4.46115e+09	4.29462e+09	4.42644e+09	4.43512e+09	4.62875e+09	4.48318e+09	4.78126e+09	5.45081e+09	4.76358e+09	4.66671e+09	4.73407e+09	5.68755e+09	5.43701e+09	4.28754e+09	3.00741e+09	5.49591e+09	5.50689e+09	5.37792e+09	5.93037e+09	5.9026e+09	5.89508e+09	5.92159e+09	5.70325e+09	5.92573e+09	5.60942e+09	5.9473e+09	5.94575e+09	5.30361e+09	5.61025e+09	5.70543e+09	4.77247e+09	4.92391e+09	5.24456e+09	5.51798e+09	4.16014e+09	4.86354e+09	3.95603e+09	5.16412e+09	4.40458e+09	3.98933e+09	5.27601e+09	5.10047e+09	5.01345e+09	5.01104e+09	4.86363e+09	4.91959e+09	5.14982e+09	4.89826e+09	5.77339e+09	5.54746e+09	5.90971e+09	5.50525e+09	5.54881e+09	5.57931e+09	4.66164e+09	4.67056e+09	3.9843e+09	4.64556e+09	4.10785e+09	4.63216e+09	5.31511e+09	5.85786e+09	5.29009e+09	5.66935e+09	5.65395e+09	5.3335e+09	4.94312e+09	4.6553e+09	4.85571e+09	5.48457e+09	5.48777e+09	5.48616e+09	5.79518e+09	5.58865e+09	5.79886e+09	5.5884e+09	5.74893e+09	5.67178e+09	5.05493e+09	4.6112e+09	4.92982e+09	4.99622e+09	5.83518e+09	5.54784e+09
ERR622148	6.35662e+09	5.45479e+09	6.35781e+09	5.47659e+09	5.52689e+09	6.22897e+09	5.98255e+09	6.03304e+09	6.03519e+09	5.46774e+09	6.00885e+09	5.57059e+09	4.60251e+09	4.42747e+09	4.5704e+09	4.57947e+09	4.77989e+09	4.6274e+09	4.89773e+09	5.57331e+09	4.66671e+09	4.95138e+09	4.84905e+09	5.82582e+09	5.5953e+09	4.41566e+09	3.05675e+09	5.65534e+09	5.66784e+09	5.55671e+09	6.06427e+09	6.02851e+09	6.03029e+09	6.05358e+09	5.82096e+09	6.05933e+09	5.74907e+09	6.09689e+09	6.09717e+09	5.40779e+09	5.75009e+09	5.84022e+09	4.92337e+09	5.06024e+09	5.39214e+09	5.68178e+09	4.2626e+09	5.01658e+09	4.19069e+09	5.41436e+09	4.66806e+09	4.22619e+09	5.52835e+09	5.34545e+09	5.17999e+09	5.17413e+09	5.03245e+09	5.08811e+09	5.32351e+09	5.06584e+09	5.90482e+09	5.65527e+09	6.05031e+09	5.61259e+09	5.65762e+09	5.68801e+09	4.81906e+09	4.8213e+09	4.1099e+09	4.80343e+09	4.23277e+09	4.77944e+09	5.40795e+09	5.99359e+09	5.38013e+09	5.78551e+09	5.77954e+09	5.42854e+09	5.07098e+09	4.78155e+09	4.98018e+09	5.62071e+09	5.62308e+09	5.62049e+09	5.92466e+09	5.69025e+09	5.92817e+09	5.71821e+09	5.88835e+09	5.80297e+09	5.20435e+09	4.73296e+09	5.07367e+09	5.14321e+09	5.99545e+09	5.69495e+09
ERR622147	6.46144e+09	5.5406e+09	6.46253e+09	5.56303e+09	5.61424e+09	6.33096e+09	6.07947e+09	6.13098e+09	6.1331e+09	5.55298e+09	6.10607e+09	5.65804e+09	4.66995e+09	4.49049e+09	4.63638e+09	4.64614e+09	4.85111e+09	4.6952e+09	4.9704e+09	5.66083e+09	4.73407e+09	4.84905e+09	5.09581e+09	5.9192e+09	5.68368e+09	4.47901e+09	3.0972e+09	5.74555e+09	5.7581e+09	5.64407e+09	6.16274e+09	6.12596e+09	6.12802e+09	6.1514e+09	5.91379e+09	6.15757e+09	5.83987e+09	6.19558e+09	6.19585e+09	5.49139e+09	5.8407e+09	5.93357e+09	4.99897e+09	5.13857e+09	5.47832e+09	5.77383e+09	4.32369e+09	5.09454e+09	4.25469e+09	5.50186e+09	4.74289e+09	4.29179e+09	5.61867e+09	5.43201e+09	5.26008e+09	5.25386e+09	5.10893e+09	5.16618e+09	5.4065e+09	5.14319e+09	5.99948e+09	5.74478e+09	6.14806e+09	5.7008e+09	5.74667e+09	5.77768e+09	4.89058e+09	4.89315e+09	4.16757e+09	4.87472e+09	4.29233e+09	4.85024e+09	5.4909e+09	6.08923e+09	5.46304e+09	5.87626e+09	5.87073e+09	5.51216e+09	5.14762e+09	4.85234e+09	5.05555e+09	5.70959e+09	5.7119e+09	5.7083e+09	6.01944e+09	5.7798e+09	6.02352e+09	5.80875e+09	5.98279e+09	5.89522e+09	5.28412e+09	4.80241e+09	5.15024e+09	5.22154e+09	6.09279e+09	5.78559e+09
ERR622145	7.99235e+09	6.75632e+09	7.99313e+09	6.78618e+09	6.85468e+09	7.81647e+09	7.47441e+09	7.54541e+09	7.54811e+09	6.77709e+09	7.50972e+09	6.91533e+09	5.59851e+09	5.36392e+09	5.55364e+09	5.5672e+09	5.83553e+09	5.63093e+09	5.98528e+09	6.90755e+09	5.68755e+09	5.82582e+09	5.9192e+09	7.48871e+09	6.93861e+09	5.35352e+09	3.6515e+09	7.02128e+09	7.03725e+09	6.88755e+09	7.58938e+09	7.54041e+09	7.54435e+09	7.57465e+09	7.25674e+09	7.58323e+09	7.15666e+09	7.6332e+09	7.63456e+09	6.69196e+09	7.15737e+09	7.28243e+09	6.02513e+09	6.21069e+09	6.66176e+09	7.05888e+09	5.14842e+09	6.15208e+09	5.11062e+09	6.72207e+09	5.73977e+09	5.1581e+09	6.87519e+09	6.62881e+09	6.39801e+09	6.38938e+09	6.19997e+09	6.27497e+09	6.59156e+09	6.2457e+09	7.39197e+09	7.05025e+09	7.58938e+09	6.99189e+09	7.05272e+09	7.09785e+09	5.9081e+09	5.9096e+09	4.97369e+09	5.88776e+09	5.13226e+09	5.85362e+09	6.71985e+09	7.51193e+09	6.68295e+09	7.2307e+09	7.22246e+09	6.74661e+09	6.25203e+09	5.86344e+09	6.12912e+09	6.99524e+09	6.99893e+09	6.99519e+09	7.41887e+09	7.10177e+09	7.4237e+09	7.14137e+09	7.37301e+09	7.25602e+09	6.43047e+09	5.79904e+09	6.25465e+09	6.34695e+09	7.50981e+09	7.09838e+09
ERR617660	7.81518e+09	6.51416e+09	7.81608e+09	6.54536e+09	6.61148e+09	7.62173e+09	7.15187e+09	7.22659e+09	7.22869e+09	6.39715e+09	7.19036e+09	6.54577e+09	5.58668e+09	5.34988e+09	5.54449e+09	5.55771e+09	5.82771e+09	5.62072e+09	5.74484e+09	6.60208e+09	5.43701e+09	5.5953e+09	5.68368e+09	6.93861e+09	7.2668e+09	5.42133e+09	3.68442e+09	7.09759e+09	7.116e+09	6.97662e+09	7.36185e+09	7.30588e+09	7.30777e+09	7.34684e+09	6.99964e+09	7.35665e+09	6.88272e+09	7.38669e+09	7.3865e+09	6.394e+09	6.88356e+09	7.0068e+09	5.98778e+09	6.15345e+09	6.60093e+09	6.99503e+09	5.10859e+09	6.11047e+09	5.28562e+09	6.82269e+09	5.926e+09	5.33227e+09	6.97699e+09	6.73036e+09	6.51246e+09	6.49738e+09	6.31995e+09	6.39e+09	6.70095e+09	6.36158e+09	7.21021e+09	6.85895e+09	7.41923e+09	6.80124e+09	6.86395e+09	6.89937e+09	5.98587e+09	5.98607e+09	5.05522e+09	5.96692e+09	5.20953e+09	5.92812e+09	6.50685e+09	7.32576e+09	6.46949e+09	7.0255e+09	7.01988e+09	6.53503e+09	6.16881e+09	5.80303e+09	6.05308e+09	6.8821e+09	6.88488e+09	6.87677e+09	7.20263e+09	6.86239e+09	7.2088e+09	6.90595e+09	7.14986e+09	7.02565e+09	6.41534e+09	5.78642e+09	6.24457e+09	6.33651e+09	7.44604e+09	7.04266e+09
ERR617657	5.96364e+09	5.06358e+09	5.96256e+09	5.08586e+09	5.13123e+09	5.82971e+09	5.4979e+09	5.55169e+09	5.55346e+09	4.96464e+09	5.52458e+09	5.06961e+09	4.42576e+09	4.25645e+09	4.3972e+09	4.40613e+09	4.5976e+09	4.45102e+09	4.52122e+09	5.11906e+09	4.28754e+09	4.41566e+09	4.47901e+09	5.35352e+09	5.42133e+09	4.49552e+09	2.98314e+09	5.477e+09	5.4898e+09	5.40278e+09	5.64663e+09	5.60523e+09	5.60939e+09	5.63548e+09	5.39489e+09	5.64247e+09	5.3193e+09	5.66676e+09	5.66684e+09	4.96965e+09	5.31982e+09	5.4033e+09	4.70963e+09	4.82015e+09	5.12914e+09	5.4024e+09	4.07608e+09	4.79435e+09	4.18174e+09	5.27597e+09	4.64289e+09	4.21558e+09	5.38295e+09	5.21107e+09	5.05888e+09	5.04678e+09	4.92612e+09	4.97444e+09	5.18894e+09	4.95451e+09	5.51799e+09	5.26697e+09	5.66344e+09	5.22701e+09	5.27064e+09	5.29677e+09	4.69294e+09	4.69104e+09	4.02719e+09	4.67944e+09	4.13912e+09	4.64997e+09	5.01475e+09	5.598e+09	4.98936e+09	5.38644e+09	5.38465e+09	5.0361e+09	4.8044e+09	4.54858e+09	4.72315e+09	5.29804e+09	5.29994e+09	5.29437e+09	5.50973e+09	5.2664e+09	5.5148e+09	5.30492e+09	5.47605e+09	5.38867e+09	4.98291e+09	4.53893e+09	4.8635e+09	4.92851e+09	5.69249e+09	5.41196e+09
ERR617656	4.02231e+09	3.46032e+09	4.0274e+09	3.47278e+09	3.50352e+09	3.94556e+09	3.75377e+09	3.77824e+09	3.77941e+09	3.42467e+09	3.76917e+09	3.49528e+09	3.03783e+09	2.93307e+09	3.01842e+09	3.02272e+09	3.14365e+09	3.05296e+09	3.12431e+09	3.51073e+09	3.00741e+09	3.05675e+09	3.0972e+09	3.6515e+09	3.68442e+09	2.98314e+09	2.28346e+09	3.72042e+09	3.72755e+09	3.65298e+09	3.84649e+09	3.82741e+09	3.82089e+09	3.84113e+09	3.69443e+09	3.8439e+09	3.62461e+09	3.84644e+09	3.84459e+09	3.42649e+09	3.62551e+09	3.68416e+09	3.21708e+09	3.30271e+09	3.49739e+09	3.66304e+09	2.84092e+09	3.27114e+09	2.75045e+09	3.4824e+09	3.03494e+09	2.77155e+09	3.55219e+09	3.44381e+09	3.42599e+09	3.42081e+09	3.33656e+09	3.36894e+09	3.50558e+09	3.35582e+09	3.74903e+09	3.60507e+09	3.83759e+09	3.57931e+09	3.60692e+09	3.62232e+09	3.18718e+09	3.19312e+09	2.77493e+09	3.17853e+09	2.85078e+09	3.16882e+09	3.45312e+09	3.80015e+09	3.4379e+09	3.67668e+09	3.66732e+09	3.46529e+09	3.28262e+09	3.11383e+09	3.23196e+09	3.60268e+09	3.60451e+09	3.60181e+09	3.74597e+09	3.60983e+09	3.74899e+09	3.60739e+09	3.71251e+09	3.66187e+09	3.38633e+09	3.11666e+09	3.31207e+09	3.35212e+09	3.84398e+09	3.67135e+09
ERR617659	7.90984e+09	6.58737e+09	7.9112e+09	6.61855e+09	6.68601e+09	7.71315e+09	7.23743e+09	7.31286e+09	7.31484e+09	6.47079e+09	7.27651e+09	6.62166e+09	5.64568e+09	5.40503e+09	5.60237e+09	5.61589e+09	5.88963e+09	5.68e+09	5.80723e+09	6.67891e+09	5.49591e+09	5.65534e+09	5.74555e+09	7.02128e+09	7.09759e+09	5.477e+09	3.72042e+09	7.43751e+09	7.19987e+09	7.05741e+09	7.45014e+09	7.39373e+09	7.39545e+09	7.43472e+09	7.08163e+09	7.44473e+09	6.96288e+09	7.4753e+09	7.47471e+09	6.4673e+09	6.96363e+09	7.08875e+09	6.05371e+09	6.22262e+09	6.67739e+09	7.07859e+09	5.1616e+09	6.17842e+09	5.33898e+09	6.90349e+09	5.98925e+09	5.38651e+09	7.0605e+09	6.80999e+09	6.58491e+09	6.56957e+09	6.38873e+09	6.46006e+09	6.77658e+09	6.43148e+09	7.29547e+09	6.93872e+09	7.50842e+09	6.88033e+09	6.94385e+09	6.97958e+09	6.04842e+09	6.04887e+09	5.10457e+09	6.02958e+09	5.26078e+09	5.99012e+09	6.58041e+09	7.41355e+09	6.54354e+09	7.10881e+09	7.10185e+09	6.6098e+09	6.23632e+09	5.86489e+09	6.11965e+09	6.96127e+09	6.96376e+09	6.95661e+09	7.28909e+09	6.94404e+09	7.29491e+09	6.98694e+09	7.23499e+09	7.10885e+09	6.48721e+09	5.84846e+09	6.31339e+09	6.40665e+09	7.53619e+09	7.12474e+09
ERR617658	7.93193e+09	6.60324e+09	7.93355e+09	6.63476e+09	6.70243e+09	7.73398e+09	7.25428e+09	7.33042e+09	7.33243e+09	6.48449e+09	7.29349e+09	6.63601e+09	5.66016e+09	5.41938e+09	5.61737e+09	5.63145e+09	5.90612e+09	5.69592e+09	5.8204e+09	6.69439e+09	5.50689e+09	5.66784e+09	5.7581e+09	7.03725e+09	7.116e+09	5.4898e+09	3.72755e+09	7.19987e+09	7.47538e+09	7.07628e+09	7.46913e+09	7.41182e+09	7.41427e+09	7.45389e+09	7.09855e+09	7.46375e+09	6.9787e+09	7.49361e+09	7.49311e+09	6.48038e+09	6.9798e+09	7.10485e+09	6.06993e+09	6.23866e+09	6.69455e+09	7.09745e+09	5.17395e+09	6.19467e+09	5.36025e+09	6.92827e+09	6.01374e+09	5.40751e+09	7.08626e+09	6.83447e+09	6.6079e+09	6.59163e+09	6.4107e+09	6.48282e+09	6.79995e+09	6.45357e+09	7.31687e+09	6.95849e+09	7.53094e+09	6.8992e+09	6.96413e+09	6.9994e+09	6.06832e+09	6.06867e+09	5.12114e+09	6.0496e+09	5.27776e+09	6.00985e+09	6.59848e+09	7.43552e+09	6.56084e+09	7.12856e+09	7.12209e+09	6.62714e+09	6.25617e+09	5.88317e+09	6.13835e+09	6.98239e+09	6.98607e+09	6.97829e+09	7.31054e+09	6.96287e+09	7.31635e+09	7.00791e+09	7.25667e+09	7.13032e+09	6.50774e+09	5.86566e+09	6.33349e+09	6.4273e+09	7.5596e+09	7.14701e+09
ERR617655	7.7782e+09	6.47561e+09	7.77335e+09	6.50729e+09	6.57133e+09	7.57768e+09	7.08832e+09	7.17081e+09	7.17418e+09	6.33212e+09	7.12796e+09	6.47745e+09	5.57002e+09	5.33264e+09	5.53073e+09	5.54447e+09	5.81275e+09	5.60553e+09	5.70418e+09	6.54771e+09	5.37792e+09	5.55671e+09	5.64407e+09	6.88755e+09	6.97662e+09	5.40278e+09	3.65298e+09	7.05741e+09	7.07628e+09	7.21282e+09	7.30049e+09	7.23911e+09	7.25021e+09	7.28342e+09	6.93561e+09	7.29457e+09	6.8412e+09	7.33937e+09	7.34181e+09	6.33323e+09	6.84109e+09	6.95722e+09	5.96634e+09	6.11708e+09	6.56037e+09	6.9583e+09	5.07708e+09	6.08723e+09	5.3453e+09	6.85791e+09	5.99732e+09	5.39288e+09	7.01028e+09	6.76329e+09	6.49223e+09	6.47277e+09	6.30604e+09	6.37336e+09	6.67957e+09	6.34512e+09	7.14688e+09	6.7834e+09	7.3572e+09	6.72699e+09	6.7887e+09	6.82473e+09	5.97107e+09	5.96426e+09	5.03817e+09	5.95227e+09	5.1885e+09	5.90591e+09	6.4295e+09	7.26219e+09	6.39196e+09	6.95476e+09	6.95675e+09	6.45896e+09	6.13103e+09	5.77215e+09	6.01517e+09	6.83192e+09	6.83458e+09	6.8254e+09	7.13726e+09	6.78299e+09	7.14381e+09	6.85034e+09	7.0965e+09	6.96809e+09	6.38621e+09	5.7519e+09	6.21529e+09	6.30753e+09	7.40408e+09	6.99684e+09
ERR636774	8.58714e+09	7.23193e+09	8.58847e+09	7.26573e+09	7.34181e+09	8.39926e+09	7.996e+09	8.07198e+09	8.07368e+09	7.25733e+09	8.03323e+09	7.40508e+09	5.87518e+09	5.62111e+09	5.82252e+09	5.83702e+09	6.12791e+09	5.90644e+09	6.23455e+09	7.21864e+09	5.93037e+09	6.06427e+09	6.16274e+09	7.58938e+09	7.36185e+09	5.64663e+09	3.84649e+09	7.45014e+09	7.46913e+09	7.30049e+09	8.44738e+09	8.15794e+09	8.16144e+09	8.20173e+09	7.84553e+09	8.20953e+09	7.63204e+09	8.15452e+09	8.15413e+09	7.1356e+09	7.63327e+09	7.77473e+09	6.36804e+09	6.57385e+09	7.06315e+09	7.49295e+09	5.42895e+09	6.50564e+09	5.42188e+09	7.15112e+09	6.08948e+09	5.47067e+09	7.31613e+09	7.05195e+09	6.82304e+09	6.81429e+09	6.60769e+09	6.68954e+09	7.03066e+09	6.65718e+09	7.98913e+09	7.62253e+09	8.20344e+09	7.55572e+09	7.62377e+09	7.67724e+09	6.31341e+09	6.31473e+09	5.30679e+09	6.29098e+09	5.4794e+09	6.25609e+09	7.26341e+09	8.11841e+09	7.22295e+09	7.82014e+09	7.80595e+09	7.29125e+09	6.71142e+09	6.28648e+09	6.57693e+09	7.52872e+09	7.53367e+09	7.52966e+09	8.03007e+09	7.69301e+09	8.03473e+09	7.73038e+09	7.97816e+09	7.85537e+09	6.88559e+09	6.20657e+09	6.69605e+09	6.79654e+09	8.06416e+09	7.61728e+09
ERR636771	8.5206e+09	7.18351e+09	8.52411e+09	7.2167e+09	7.29199e+09	8.33854e+09	7.94583e+09	8.01768e+09	8.01929e+09	7.21853e+09	7.98204e+09	7.36579e+09	5.8277e+09	5.57883e+09	5.77682e+09	5.7907e+09	6.07735e+09	5.86003e+09	6.19709e+09	7.17511e+09	5.9026e+09	6.02851e+09	6.12596e+09	7.54041e+09	7.30588e+09	5.60523e+09	3.82741e+09	7.39373e+09	7.41182e+09	7.23911e+09	8.15794e+09	8.33774e+09	8.10914e+09	8.14463e+09	7.79974e+09	8.15148e+09	7.58067e+09	8.09664e+09	8.09726e+09	7.09634e+09	7.58155e+09	7.72408e+09	6.31872e+09	6.52838e+09	7.01173e+09	7.4347e+09	5.39539e+09	6.45555e+09	5.3451e+09	7.06214e+09	6.00001e+09	5.39291e+09	7.22555e+09	6.96522e+09	6.76248e+09	6.7556e+09	6.54779e+09	6.62992e+09	6.96705e+09	6.59814e+09	7.93224e+09	7.57484e+09	8.14339e+09	7.50832e+09	7.57599e+09	7.62703e+09	6.25594e+09	6.26065e+09	5.26373e+09	6.23389e+09	5.43585e+09	6.20257e+09	7.22064e+09	8.06144e+09	7.18142e+09	7.76895e+09	7.75283e+09	7.2482e+09	6.66347e+09	6.24084e+09	6.53085e+09	7.47411e+09	7.47889e+09	7.47559e+09	7.97366e+09	7.64734e+09	7.97854e+09	7.6752e+09	7.91921e+09	7.79912e+09	6.8321e+09	6.16351e+09	6.64486e+09	6.74358e+09	8.0014e+09	7.56076e+09
ERR636770	8.5353e+09	7.19556e+09	8.53473e+09	7.22939e+09	7.30414e+09	8.34867e+09	7.94742e+09	8.02427e+09	8.026e+09	7.21976e+09	7.98415e+09	7.36568e+09	5.83336e+09	5.58358e+09	5.78343e+09	5.79789e+09	6.08458e+09	5.86595e+09	6.19915e+09	7.17552e+09	5.89508e+09	6.03029e+09	6.12802e+09	7.54435e+09	7.30777e+09	5.60939e+09	3.82089e+09	7.39545e+09	7.41427e+09	7.25021e+09	8.16144e+09	8.10914e+09	8.3422e+09	8.14707e+09	7.80214e+09	8.15516e+09	7.59087e+09	8.10417e+09	8.10618e+09	7.09676e+09	7.59209e+09	7.73083e+09	6.32724e+09	6.53088e+09	7.01407e+09	7.44167e+09	5.39508e+09	6.46353e+09	5.38443e+09	7.10058e+09	6.04695e+09	5.43312e+09	7.26367e+09	7.00161e+09	6.77174e+09	6.763e+09	6.55938e+09	6.64022e+09	6.9772e+09	6.60824e+09	7.93825e+09	7.57223e+09	8.1494e+09	7.50634e+09	7.57361e+09	7.62623e+09	6.26971e+09	6.27023e+09	5.2715e+09	6.24701e+09	5.44265e+09	6.21127e+09	7.21726e+09	8.06639e+09	7.17751e+09	7.76929e+09	7.75874e+09	7.24497e+09	6.67345e+09	6.25155e+09	6.53951e+09	7.4814e+09	7.48601e+09	7.48277e+09	7.97827e+09	7.64263e+09	7.98312e+09	7.68518e+09	7.93042e+09	7.80795e+09	6.84251e+09	6.1694e+09	6.65417e+09	6.75353e+09	8.01143e+09	7.56727e+09
