	ERR608871	ERR608872	ERR608875	ERR608873	ERR608876	ERR608874	ERR629916	ERR629917	ERR629921	ERR629920	ERR629919	ERR629918	ERR622034	ERR622035	ERR622036	ERR622037	ERR622033	ERR622038	ERR617032	ERR617029	ERR617028	ERR617030	ERR617031	ERR617027	ERR613145	ERR613147	ERR613144	ERR613148	ERR613146	ERR613143	ERR637092	ERR637091	ERR637089	ERR637088	ERR637090	ERR637087	ERR636821	ERR636819	ERR636818	ERR636817	ERR636820	ERR636822	ERR626616	ERR626615	ERR626614	ERR626618	ERR626619	ERR626617	ERR626673	ERR626671	ERR626669	ERR626672	ERR626670	ERR626668	ERR629898	ERR629903	ERR629900	ERR629902	ERR629901	ERR629899	ERR613784	ERR613782	ERR613783	ERR613785	ERR613786	ERR613787	ERR629613	ERR629612	ERR629616	ERR629617	ERR629614	ERR629615	ERR618349	ERR618347	ERR618345	ERR618346	ERR618348	ERR618350	ERR618319	ERR618317	ERR618316	ERR618320	ERR618318	ERR618315	ERR618351	ERR618352	ERR618355	ERR618356	ERR618354	ERR618353	ERR617096	ERR617095	ERR617100	ERR617099	ERR617098	ERR617097
ERR608871	2.7413e+08	2.32635e+08	1.93421e+08	2.48368e+08	1.8992e+08	1.96528e+08	1.29896e+08	1.10882e+08	1.097e+08	1.07679e+08	1.10578e+08	1.27302e+08	1.4564e+08	1.44809e+08	1.4299e+08	1.32244e+08	1.57275e+08	1.29291e+08	1.75273e+08	2.01539e+08	1.96517e+08	1.74104e+08	1.7058e+08	1.89831e+08	1.723e+08	1.12201e+08	1.7216e+08	1.09161e+08	1.06363e+08	1.91273e+08	1.70795e+08	1.71686e+08	1.63901e+08	1.65164e+08	1.71769e+08	1.45933e+08	2.02851e+08	2.44561e+08	2.47837e+08	2.21416e+08	2.08045e+08	2.05109e+08	1.07773e+08	1.24653e+08	1.42296e+08	1.08806e+08	1.05462e+08	1.06696e+08	1.12271e+08	1.11234e+08	1.14007e+08	1.12063e+08	9.13946e+07	1.25704e+08	1.50438e+08	1.28386e+08	1.47852e+08	1.26598e+08	1.29199e+08	1.2829e+08	1.12435e+08	1.0615e+08	1.20223e+08	1.08937e+08	1.09609e+08	1.08113e+08	1.21067e+08	1.43501e+08	1.44165e+08	1.44564e+08	1.22363e+08	1.43761e+08	1.01598e+08	9.24457e+07	7.38011e+07	8.78747e+07	8.99887e+07	1.00374e+08	1.17903e+08	1.29584e+08	1.22527e+08	1.09544e+08	1.21233e+08	1.24679e+08	1.12929e+08	1.08612e+08	1.26824e+08	1.25519e+08	1.2645e+08	1.0911e+08	1.16166e+08	1.12739e+08	1.04838e+08	1.02993e+08	1.04995e+08	1.1956e+08
ERR608872	2.32635e+08	4.33604e+08	2.51528e+08	3.27232e+08	2.46949e+08	2.55805e+08	1.78383e+08	1.51663e+08	1.49297e+08	1.46594e+08	1.50524e+08	1.7477e+08	1.98159e+08	1.96756e+08	1.94645e+08	1.79981e+08	2.1439e+08	1.75905e+08	2.35163e+08	2.73831e+08	2.66568e+08	2.33872e+08	2.29111e+08	2.56366e+08	2.3635e+08	1.5324e+08	2.36347e+08	1.48806e+08	1.45073e+08	2.63627e+08	2.31284e+08	2.32753e+08	2.2213e+08	2.24699e+08	2.3289e+08	1.97553e+08	2.72945e+08	3.30581e+08	3.3615e+08	2.99093e+08	2.80018e+08	2.75864e+08	1.47906e+08	1.71919e+08	1.96668e+08	1.50521e+08	1.45602e+08	1.47411e+08	1.55598e+08	1.54143e+08	1.57609e+08	1.55403e+08	1.25683e+08	1.74188e+08	2.07227e+08	1.75455e+08	2.03844e+08	1.73082e+08	1.76776e+08	1.76179e+08	1.54777e+08	1.46204e+08	1.66008e+08	1.50257e+08	1.51265e+08	1.49254e+08	1.65976e+08	1.97254e+08	1.98351e+08	1.9898e+08	1.67935e+08	1.97895e+08	1.3948e+08	1.35657e+08	1.07957e+08	1.29051e+08	1.23207e+08	1.37696e+08	1.62122e+08	1.78645e+08	1.68511e+08	1.50496e+08	1.67057e+08	1.70951e+08	1.57278e+08	1.51075e+08	1.76214e+08	1.74337e+08	1.75713e+08	1.51684e+08	1.60089e+08	1.54903e+08	1.43367e+08	1.40896e+08	1.43665e+08	1.65084e+08
ERR608875	1.93421e+08	2.51528e+08	3.13562e+08	2.69683e+08	2.06738e+08	2.1395e+08	1.42811e+08	1.21411e+08	1.19434e+08	1.17292e+08	1.2048e+08	1.39874e+08	1.60646e+08	1.59498e+08	1.57749e+08	1.45929e+08	1.73707e+08	1.42674e+08	1.90012e+08	2.2147e+08	2.15671e+08	1.89106e+08	1.85231e+08	2.07202e+08	1.9123e+08	1.24306e+08	1.91149e+08	1.2076e+08	1.17759e+08	2.13276e+08	1.87456e+08	1.88791e+08	1.8023e+08	1.82373e+08	1.88811e+08	1.6061e+08	2.22149e+08	2.68484e+08	2.7314e+08	2.43349e+08	2.27886e+08	2.24527e+08	1.18387e+08	1.37684e+08	1.57444e+08	1.20537e+08	1.16707e+08	1.18219e+08	1.24826e+08	1.23674e+08	1.26348e+08	1.2459e+08	1.00746e+08	1.39605e+08	1.65736e+08	1.40079e+08	1.62897e+08	1.38224e+08	1.41145e+08	1.40831e+08	1.24025e+08	1.17076e+08	1.32889e+08	1.20437e+08	1.21118e+08	1.19559e+08	1.3301e+08	1.58024e+08	1.58922e+08	1.59494e+08	1.34688e+08	1.58587e+08	1.11587e+08	1.10134e+08	8.76304e+07	1.04799e+08	9.84468e+07	1.10258e+08	1.29664e+08	1.42921e+08	1.3476e+08	1.20392e+08	1.3365e+08	1.36567e+08	1.27642e+08	1.22668e+08	1.4293e+08	1.41316e+08	1.42503e+08	1.23192e+08	1.28125e+08	1.23826e+08	1.14473e+08	1.12684e+08	1.14845e+08	1.32058e+08
ERR608873	2.48368e+08	3.27232e+08	2.69683e+08	4.92306e+08	2.64494e+08	2.74178e+08	1.93608e+08	1.64476e+08	1.61703e+08	1.58665e+08	1.63225e+08	1.89628e+08	2.14818e+08	2.13251e+08	2.11059e+08	1.94944e+08	2.32448e+08	1.90682e+08	2.53815e+08	2.96515e+08	2.88775e+08	2.52628e+08	2.47536e+08	2.77173e+08	2.56949e+08	1.66432e+08	2.56911e+08	1.61509e+08	1.57476e+08	2.86833e+08	2.50371e+08	2.51925e+08	2.40387e+08	2.43405e+08	2.52051e+08	2.13875e+08	2.94918e+08	3.57693e+08	3.64193e+08	3.23513e+08	3.02546e+08	2.98033e+08	1.60449e+08	1.86749e+08	2.1377e+08	1.63495e+08	1.58295e+08	1.60337e+08	1.69234e+08	1.6774e+08	1.71415e+08	1.68974e+08	1.36323e+08	1.89423e+08	2.25043e+08	1.90013e+08	2.21334e+08	1.87615e+08	1.91562e+08	1.91175e+08	1.68217e+08	1.5879e+08	1.80429e+08	1.63381e+08	1.64343e+08	1.62291e+08	1.79873e+08	2.14073e+08	2.15218e+08	2.15991e+08	1.82355e+08	2.1479e+08	1.5141e+08	1.49992e+08	1.19184e+08	1.42636e+08	1.33646e+08	1.49658e+08	1.76139e+08	1.94193e+08	1.83142e+08	1.63525e+08	1.81612e+08	1.85603e+08	1.71186e+08	1.64534e+08	1.91784e+08	1.89671e+08	1.91334e+08	1.65206e+08	1.74022e+08	1.68027e+08	1.55314e+08	1.52711e+08	1.55726e+08	1.7945e+08
ERR608876	1.8992e+08	2.46949e+08	2.06738e+08	2.64494e+08	3.04013e+08	2.10036e+08	1.39784e+08	1.18948e+08	1.17005e+08	1.14868e+08	1.18018e+08	1.37029e+08	1.56945e+08	1.55877e+08	1.54332e+08	1.42681e+08	1.69815e+08	1.39404e+08	1.85923e+08	2.16569e+08	2.10925e+08	1.85146e+08	1.81305e+08	2.02783e+08	1.87313e+08	1.21838e+08	1.87252e+08	1.18223e+08	1.15378e+08	2.08783e+08	1.83553e+08	1.84722e+08	1.76381e+08	1.78475e+08	1.84828e+08	1.5713e+08	2.17248e+08	2.62593e+08	2.67161e+08	2.37961e+08	2.22894e+08	2.19696e+08	1.16069e+08	1.34898e+08	1.54246e+08	1.18259e+08	1.14291e+08	1.15855e+08	1.22264e+08	1.21136e+08	1.23695e+08	1.22078e+08	9.86182e+07	1.36792e+08	1.62601e+08	1.373e+08	1.59644e+08	1.35487e+08	1.38365e+08	1.38073e+08	1.21497e+08	1.14752e+08	1.30292e+08	1.18033e+08	1.18727e+08	1.1712e+08	1.30238e+08	1.54858e+08	1.55553e+08	1.56117e+08	1.31778e+08	1.55242e+08	1.09372e+08	1.07999e+08	8.5949e+07	1.02735e+08	9.66169e+07	1.08054e+08	1.2706e+08	1.40054e+08	1.32189e+08	1.17966e+08	1.30939e+08	1.3393e+08	1.24989e+08	1.2019e+08	1.39945e+08	1.38491e+08	1.39677e+08	1.20672e+08	1.25642e+08	1.21316e+08	1.1224e+08	1.10364e+08	1.12562e+08	1.29473e+08
ERR608874	1.96528e+08	2.55805e+08	2.1395e+08	2.74178e+08	2.10036e+08	3.22181e+08	1.45305e+08	1.23589e+08	1.21551e+08	1.19332e+08	1.22617e+08	1.42425e+08	1.63102e+08	1.61947e+08	1.60265e+08	1.48171e+08	1.76503e+08	1.44902e+08	1.93345e+08	2.25255e+08	2.19329e+08	1.92438e+08	1.88407e+08	2.10849e+08	1.94586e+08	1.26431e+08	1.94504e+08	1.22756e+08	1.19797e+08	2.16948e+08	1.90896e+08	1.9203e+08	1.83353e+08	1.8568e+08	1.92145e+08	1.63444e+08	2.25803e+08	2.73038e+08	2.77682e+08	2.47405e+08	2.31526e+08	2.28268e+08	1.20581e+08	1.40219e+08	1.60415e+08	1.22834e+08	1.18849e+08	1.20393e+08	1.2717e+08	1.25955e+08	1.28638e+08	1.26807e+08	1.02533e+08	1.421e+08	1.68762e+08	1.42659e+08	1.66006e+08	1.40844e+08	1.43711e+08	1.43428e+08	1.26308e+08	1.19345e+08	1.35434e+08	1.22745e+08	1.23402e+08	1.21861e+08	1.35335e+08	1.60856e+08	1.61669e+08	1.62337e+08	1.36995e+08	1.61454e+08	1.13672e+08	1.12199e+08	8.93216e+07	1.06763e+08	1.00329e+08	1.12322e+08	1.32037e+08	1.45571e+08	1.3733e+08	1.22632e+08	1.36209e+08	1.39249e+08	1.29872e+08	1.24885e+08	1.45379e+08	1.43823e+08	1.45072e+08	1.25457e+08	1.30622e+08	1.26086e+08	1.1668e+08	1.14656e+08	1.16986e+08	1.34545e+08
ERR629916	1.29896e+08	1.78383e+08	1.42811e+08	1.93608e+08	1.39784e+08	1.45305e+08	4.01626e+08	2.35282e+08	2.30366e+08	2.26318e+08	2.32302e+08	2.69825e+08	1.60536e+08	1.59225e+08	1.57535e+08	1.45416e+08	1.74018e+08	1.42375e+08	1.84728e+08	2.16352e+08	2.10138e+08	1.83831e+08	1.80189e+08	2.02119e+08	1.90364e+08	1.23115e+08	1.9069e+08	1.19555e+08	1.16533e+08	2.12811e+08	1.86097e+08	1.86862e+08	1.78935e+08	1.81166e+08	1.86955e+08	1.58295e+08	1.96346e+08	2.40224e+08	2.44663e+08	2.16081e+08	2.01824e+08	1.9864e+08	1.94479e+08	2.2541e+08	2.56415e+08	1.98878e+08	1.92408e+08	1.95129e+08	2.05384e+08	2.03657e+08	2.07452e+08	2.04877e+08	1.66689e+08	2.28339e+08	2.74513e+08	2.3235e+08	2.69358e+08	2.29378e+08	2.3389e+08	2.3398e+08	2.04261e+08	1.93437e+08	2.18619e+08	1.99052e+08	2.00082e+08	1.97836e+08	2.13284e+08	2.523e+08	2.53998e+08	2.54552e+08	2.16119e+08	2.5361e+08	1.81901e+08	1.82163e+08	1.46472e+08	1.73533e+08	1.61137e+08	1.80121e+08	2.12826e+08	2.3406e+08	2.21615e+08	1.98409e+08	2.19057e+08	2.23677e+08	1.97707e+08	1.90002e+08	2.20336e+08	2.17889e+08	2.19645e+08	1.90688e+08	2.13807e+08	2.0635e+08	1.9094e+08	1.88253e+08	1.91542e+08	2.20196e+08
ERR629917	1.10882e+08	1.51663e+08	1.21411e+08	1.64476e+08	1.18948e+08	1.23589e+08	2.35282e+08	3.09184e+08	1.98134e+08	1.94626e+08	1.99779e+08	2.31094e+08	1.3646e+08	1.35345e+08	1.33734e+08	1.23572e+08	1.47773e+08	1.21103e+08	1.57681e+08	1.83927e+08	1.78775e+08	1.56858e+08	1.5385e+08	1.7217e+08	1.61425e+08	1.04697e+08	1.61598e+08	1.01589e+08	9.90114e+07	1.80166e+08	1.57964e+08	1.58815e+08	1.52033e+08	1.53624e+08	1.58838e+08	1.34349e+08	1.6682e+08	2.04038e+08	2.07572e+08	1.83512e+08	1.7153e+08	1.68814e+08	1.66474e+08	1.92468e+08	2.18546e+08	1.69695e+08	1.64349e+08	1.66658e+08	1.75137e+08	1.7372e+08	1.76928e+08	1.74728e+08	1.42683e+08	1.9457e+08	2.34027e+08	1.98914e+08	2.29755e+08	1.96335e+08	2.00058e+08	1.99951e+08	1.74675e+08	1.65567e+08	1.86733e+08	1.70164e+08	1.71039e+08	1.69015e+08	1.82571e+08	2.15406e+08	2.16818e+08	2.17264e+08	1.84736e+08	2.16243e+08	1.55738e+08	1.52793e+08	1.2314e+08	1.45705e+08	1.38167e+08	1.54202e+08	1.81789e+08	1.99649e+08	1.891e+08	1.69452e+08	1.86923e+08	1.91215e+08	1.67841e+08	1.61443e+08	1.87238e+08	1.85094e+08	1.86579e+08	1.61966e+08	1.82511e+08	1.76527e+08	1.63728e+08	1.61453e+08	1.64204e+08	1.87977e+08
ERR629921	1.097e+08	1.49297e+08	1.19434e+08	1.61703e+08	1.17005e+08	1.21551e+08	2.30366e+08	1.98134e+08	3.00977e+08	1.9243e+08	1.97419e+08	2.26239e+08	1.33744e+08	1.32756e+08	1.31103e+08	1.21181e+08	1.44823e+08	1.18692e+08	1.55662e+08	1.80717e+08	1.75764e+08	1.5462e+08	1.51621e+08	1.69626e+08	1.57908e+08	1.024e+08	1.58136e+08	9.93798e+07	9.68928e+07	1.76022e+08	1.55201e+08	1.55889e+08	1.49189e+08	1.50546e+08	1.56045e+08	1.31813e+08	1.63782e+08	2.00218e+08	2.0324e+08	1.79859e+08	1.68291e+08	1.65776e+08	1.64013e+08	1.89107e+08	2.1468e+08	1.66722e+08	1.61676e+08	1.63912e+08	1.71646e+08	1.70246e+08	1.73617e+08	1.71188e+08	1.40445e+08	1.90746e+08	2.29945e+08	1.96193e+08	2.25805e+08	1.93679e+08	1.9728e+08	1.96613e+08	1.71741e+08	1.62775e+08	1.83363e+08	1.67181e+08	1.68138e+08	1.66073e+08	1.79585e+08	2.11593e+08	2.13092e+08	2.1346e+08	1.81571e+08	2.12611e+08	1.53372e+08	1.46305e+08	1.18106e+08	1.39534e+08	1.36164e+08	1.51818e+08	1.7871e+08	1.96051e+08	1.86065e+08	1.66753e+08	1.83744e+08	1.88144e+08	1.63781e+08	1.5746e+08	1.82777e+08	1.80791e+08	1.82119e+08	1.58137e+08	1.79511e+08	1.73927e+08	1.61591e+08	1.59172e+08	1.61902e+08	1.84743e+08
ERR629920	1.07679e+08	1.46594e+08	1.17292e+08	1.58665e+08	1.14868e+08	1.19332e+08	2.26318e+08	1.94626e+08	1.9243e+08	2.9252e+08	1.94029e+08	2.22394e+08	1.31713e+08	1.30639e+08	1.29125e+08	1.19287e+08	1.42494e+08	1.16854e+08	1.52977e+08	1.77673e+08	1.72648e+08	1.51905e+08	1.49041e+08	1.66646e+08	1.55135e+08	1.00571e+08	1.55292e+08	9.77564e+07	9.52119e+07	1.72936e+08	1.52434e+08	1.53051e+08	1.46544e+08	1.47903e+08	1.53065e+08	1.29366e+08	1.61108e+08	1.96727e+08	1.9972e+08	1.76787e+08	1.65477e+08	1.62904e+08	1.61098e+08	1.85869e+08	2.10886e+08	1.63883e+08	1.58698e+08	1.60878e+08	1.68538e+08	1.67229e+08	1.70361e+08	1.6812e+08	1.37811e+08	1.87239e+08	2.25842e+08	1.92671e+08	2.2169e+08	1.90279e+08	1.93857e+08	1.93196e+08	1.68845e+08	1.59741e+08	1.80205e+08	1.64283e+08	1.65149e+08	1.63185e+08	1.76505e+08	2.08069e+08	2.09308e+08	2.09773e+08	1.78526e+08	2.08952e+08	1.50677e+08	1.43635e+08	1.15969e+08	1.3694e+08	1.33855e+08	1.48994e+08	1.75678e+08	1.92547e+08	1.82757e+08	1.63828e+08	1.80474e+08	1.8485e+08	1.60792e+08	1.54594e+08	1.79508e+08	1.77533e+08	1.788e+08	1.55243e+08	1.76364e+08	1.70911e+08	1.58676e+08	1.56451e+08	1.58911e+08	1.81447e+08
ERR629919	1.10578e+08	1.50524e+08	1.2048e+08	1.63225e+08	1.18018e+08	1.22617e+08	2.32302e+08	1.99779e+08	1.97419e+08	1.94029e+08	3.05369e+08	2.28148e+08	1.35083e+08	1.34063e+08	1.32429e+08	1.22314e+08	1.46158e+08	1.19773e+08	1.56943e+08	1.82422e+08	1.77223e+08	1.56047e+08	1.52936e+08	1.71096e+08	1.59334e+08	1.03316e+08	1.59571e+08	1.00267e+08	9.77443e+07	1.7756e+08	1.56655e+08	1.57379e+08	1.50543e+08	1.51949e+08	1.57411e+08	1.3306e+08	1.65294e+08	2.02111e+08	2.0533e+08	1.81735e+08	1.70064e+08	1.67186e+08	1.65377e+08	1.90752e+08	2.16604e+08	1.68198e+08	1.6292e+08	1.65259e+08	1.73227e+08	1.71692e+08	1.75075e+08	1.72762e+08	1.41525e+08	1.92537e+08	2.32121e+08	1.97798e+08	2.27862e+08	1.95475e+08	1.99123e+08	1.98513e+08	1.7327e+08	1.63995e+08	1.84929e+08	1.68547e+08	1.69608e+08	1.67523e+08	1.81109e+08	2.13392e+08	2.14858e+08	2.15241e+08	1.83165e+08	2.14286e+08	1.54748e+08	1.48014e+08	1.19465e+08	1.4116e+08	1.37412e+08	1.53107e+08	1.80347e+08	1.97883e+08	1.87714e+08	1.68174e+08	1.85436e+08	1.89831e+08	1.6526e+08	1.59055e+08	1.84516e+08	1.82427e+08	1.83839e+08	1.5953e+08	1.812e+08	1.75442e+08	1.62911e+08	1.60518e+08	1.63227e+08	1.86359e+08
ERR629918	1.27302e+08	1.7477e+08	1.39874e+08	1.89628e+08	1.37029e+08	1.42425e+08	2.69825e+08	2.31094e+08	2.26239e+08	2.22394e+08	2.28148e+08	3.89055e+08	1.57244e+08	1.559e+08	1.5421e+08	1.42423e+08	1.70453e+08	1.39433e+08	1.80954e+08	2.11835e+08	2.05696e+08	1.79996e+08	1.76372e+08	1.98045e+08	1.86415e+08	1.20699e+08	1.86722e+08	1.17171e+08	1.14221e+08	2.08493e+08	1.8214e+08	1.83015e+08	1.75082e+08	1.77269e+08	1.83093e+08	1.54894e+08	1.92121e+08	2.35184e+08	2.39646e+08	2.1165e+08	1.97455e+08	1.94369e+08	1.91033e+08	2.21481e+08	2.51658e+08	1.95315e+08	1.89032e+08	1.91586e+08	2.01866e+08	2.00295e+08	2.0386e+08	2.01328e+08	1.6382e+08	2.24299e+08	2.69521e+08	2.28239e+08	2.64616e+08	2.25331e+08	2.29712e+08	2.29856e+08	2.00654e+08	1.90012e+08	2.1475e+08	1.95704e+08	1.96603e+08	1.94308e+08	2.09352e+08	2.47751e+08	2.49242e+08	2.49883e+08	2.12186e+08	2.48752e+08	1.78685e+08	1.78751e+08	1.43712e+08	1.70389e+08	1.58375e+08	1.77086e+08	2.09064e+08	2.2986e+08	2.17614e+08	1.94782e+08	2.15166e+08	2.19756e+08	1.941e+08	1.86555e+08	2.16286e+08	2.13776e+08	2.15562e+08	1.87185e+08	2.10041e+08	2.02734e+08	1.87489e+08	1.85037e+08	1.88115e+08	2.16282e+08
ERR622034	1.4564e+08	1.98159e+08	1.60646e+08	2.14818e+08	1.56945e+08	1.63102e+08	1.60536e+08	1.3646e+08	1.33744e+08	1.31713e+08	1.35083e+08	1.57244e+08	3.36073e+08	2.22382e+08	2.1985e+08	2.03578e+08	2.41692e+08	1.99327e+08	2.1425e+08	2.50038e+08	2.43339e+08	2.13421e+08	2.09222e+08	2.33875e+08	2.35862e+08	1.55519e+08	2.35703e+08	1.50875e+08	1.47455e+08	2.62051e+08	2.20511e+08	2.21966e+08	2.11774e+08	2.1512e+08	2.21866e+08	1.8943e+08	2.38553e+08	2.87688e+08	2.92667e+08	2.61098e+08	2.44724e+08	2.41026e+08	1.31254e+08	1.52708e+08	1.74762e+08	1.34115e+08	1.29933e+08	1.31516e+08	1.3671e+08	1.35417e+08	1.38128e+08	1.36481e+08	1.09984e+08	1.52604e+08	1.82015e+08	1.5311e+08	1.78736e+08	1.51154e+08	1.54493e+08	1.54446e+08	1.35321e+08	1.27967e+08	1.45409e+08	1.31714e+08	1.32482e+08	1.30853e+08	1.50274e+08	1.7866e+08	1.79746e+08	1.80256e+08	1.52232e+08	1.79315e+08	1.22154e+08	1.26775e+08	1.01282e+08	1.20615e+08	1.07871e+08	1.20876e+08	1.40717e+08	1.55364e+08	1.46433e+08	1.30693e+08	1.45267e+08	1.48154e+08	1.38686e+08	1.33394e+08	1.54783e+08	1.53124e+08	1.54512e+08	1.33827e+08	1.40945e+08	1.35971e+08	1.25487e+08	1.23617e+08	1.26049e+08	1.45571e+08
ERR622035	1.44809e+08	1.96756e+08	1.59498e+08	2.13251e+08	1.55877e+08	1.61947e+08	1.59225e+08	1.35345e+08	1.32756e+08	1.30639e+08	1.34063e+08	1.559e+08	2.22382e+08	3.31931e+08	2.18273e+08	2.02249e+08	2.39894e+08	1.98051e+08	2.12744e+08	2.48473e+08	2.42045e+08	2.11919e+08	2.07755e+08	2.3237e+08	2.34801e+08	1.54899e+08	2.34575e+08	1.50315e+08	1.46973e+08	2.60727e+08	2.18934e+08	2.20459e+08	2.10386e+08	2.13731e+08	2.20522e+08	1.88209e+08	2.3728e+08	2.85954e+08	2.91041e+08	2.59623e+08	2.43304e+08	2.39755e+08	1.30175e+08	1.51508e+08	1.73353e+08	1.33051e+08	1.28864e+08	1.30455e+08	1.35719e+08	1.34493e+08	1.37118e+08	1.35592e+08	1.09101e+08	1.51514e+08	1.8048e+08	1.51929e+08	1.77243e+08	1.49833e+08	1.5328e+08	1.5327e+08	1.34214e+08	1.2707e+08	1.44272e+08	1.30749e+08	1.31528e+08	1.29821e+08	1.49206e+08	1.77378e+08	1.78414e+08	1.79022e+08	1.51115e+08	1.77975e+08	1.21286e+08	1.26605e+08	1.01113e+08	1.20402e+08	1.07059e+08	1.19992e+08	1.39655e+08	1.54265e+08	1.45428e+08	1.29708e+08	1.44213e+08	1.47015e+08	1.37681e+08	1.32355e+08	1.53716e+08	1.52051e+08	1.53437e+08	1.32835e+08	1.40073e+08	1.34905e+08	1.24495e+08	1.22604e+08	1.25046e+08	1.44454e+08
ERR622036	1.4299e+08	1.94645e+08	1.57749e+08	2.11059e+08	1.54332e+08	1.60265e+08	1.57535e+08	1.33734e+08	1.31103e+08	1.29125e+08	1.32429e+08	1.5421e+08	2.1985e+08	2.18273e+08	3.2651e+08	2.01187e+08	2.37331e+08	1.96919e+08	2.10344e+08	2.46056e+08	2.3953e+08	2.0952e+08	2.0534e+08	2.29913e+08	2.32389e+08	1.53422e+08	2.32317e+08	1.48888e+08	1.456e+08	2.58481e+08	2.17133e+08	2.1857e+08	2.08616e+08	2.12006e+08	2.18615e+08	1.86708e+08	2.3477e+08	2.83162e+08	2.88225e+08	2.57091e+08	2.40922e+08	2.37326e+08	1.28701e+08	1.4996e+08	1.7159e+08	1.31906e+08	1.27613e+08	1.29188e+08	1.34358e+08	1.33132e+08	1.35729e+08	1.34254e+08	1.07921e+08	1.50006e+08	1.78513e+08	1.50137e+08	1.75233e+08	1.48103e+08	1.51446e+08	1.5138e+08	1.32813e+08	1.25596e+08	1.42715e+08	1.29262e+08	1.30081e+08	1.28501e+08	1.47537e+08	1.75504e+08	1.76573e+08	1.77229e+08	1.4948e+08	1.76155e+08	1.19805e+08	1.26442e+08	1.00953e+08	1.2037e+08	1.05767e+08	1.18547e+08	1.38109e+08	1.52669e+08	1.43768e+08	1.28159e+08	1.42667e+08	1.45425e+08	1.3692e+08	1.31575e+08	1.52691e+08	1.51018e+08	1.52476e+08	1.32046e+08	1.38459e+08	1.33347e+08	1.22852e+08	1.21099e+08	1.23469e+08	1.429e+08
ERR622037	1.32244e+08	1.79981e+08	1.45929e+08	1.94944e+08	1.42681e+08	1.48171e+08	1.45416e+08	1.23572e+08	1.21181e+08	1.19287e+08	1.22314e+08	1.42423e+08	2.03578e+08	2.02249e+08	2.01187e+08	2.86939e+08	2.19665e+08	1.82604e+08	1.94497e+08	2.27199e+08	2.21208e+08	1.93832e+08	1.89951e+08	2.12525e+08	2.14462e+08	1.41682e+08	2.14402e+08	1.37525e+08	1.34492e+08	2.38369e+08	2.00996e+08	2.02408e+08	1.93025e+08	1.9622e+08	2.02296e+08	1.7277e+08	2.17556e+08	2.61828e+08	2.66533e+08	2.37854e+08	2.23016e+08	2.19846e+08	1.18728e+08	1.38159e+08	1.58133e+08	1.21443e+08	1.17591e+08	1.19055e+08	1.23783e+08	1.22691e+08	1.25047e+08	1.23675e+08	9.95185e+07	1.38287e+08	1.64589e+08	1.38344e+08	1.61574e+08	1.36565e+08	1.39655e+08	1.39538e+08	1.22449e+08	1.15898e+08	1.31476e+08	1.1929e+08	1.20024e+08	1.18467e+08	1.36243e+08	1.62002e+08	1.63133e+08	1.63521e+08	1.38095e+08	1.62598e+08	1.10571e+08	1.15993e+08	9.26278e+07	1.10243e+08	9.76617e+07	1.09424e+08	1.2735e+08	1.40579e+08	1.32535e+08	1.18284e+08	1.31531e+08	1.34114e+08	1.26285e+08	1.21363e+08	1.40872e+08	1.3931e+08	1.4055e+08	1.21907e+08	1.277e+08	1.22882e+08	1.13347e+08	1.11768e+08	1.13852e+08	1.31679e+08
ERR622033	1.57275e+08	2.1439e+08	1.73707e+08	2.32448e+08	1.69815e+08	1.76503e+08	1.74018e+08	1.47773e+08	1.44823e+08	1.42494e+08	1.46158e+08	1.70453e+08	2.41692e+08	2.39894e+08	2.37331e+08	2.19665e+08	3.8418e+08	2.15113e+08	2.31213e+08	2.70514e+08	2.63232e+08	2.30391e+08	2.2585e+08	2.52727e+08	2.55298e+08	1.68036e+08	2.553e+08	1.6309e+08	1.59346e+08	2.84069e+08	2.3801e+08	2.39677e+08	2.28627e+08	2.32346e+08	2.3965e+08	2.04344e+08	2.57501e+08	3.1084e+08	3.16659e+08	2.81968e+08	2.64114e+08	2.60132e+08	1.42576e+08	1.65947e+08	1.89867e+08	1.45825e+08	1.41157e+08	1.4284e+08	1.486e+08	1.4734e+08	1.50293e+08	1.48595e+08	1.19468e+08	1.6603e+08	1.97764e+08	1.66143e+08	1.9419e+08	1.6395e+08	1.67577e+08	1.67573e+08	1.46876e+08	1.39049e+08	1.57936e+08	1.4321e+08	1.43943e+08	1.42091e+08	1.62632e+08	1.93572e+08	1.94912e+08	1.95434e+08	1.64824e+08	1.94357e+08	1.32566e+08	1.39058e+08	1.11083e+08	1.32488e+08	1.1713e+08	1.31363e+08	1.52898e+08	1.68987e+08	1.5921e+08	1.41914e+08	1.57905e+08	1.60976e+08	1.5096e+08	1.45079e+08	1.6853e+08	1.66535e+08	1.6823e+08	1.45687e+08	1.533e+08	1.47699e+08	1.36233e+08	1.3413e+08	1.36754e+08	1.5816e+08
ERR622038	1.29291e+08	1.75905e+08	1.42674e+08	1.90682e+08	1.39404e+08	1.44902e+08	1.42375e+08	1.21103e+08	1.18692e+08	1.16854e+08	1.19773e+08	1.39433e+08	1.99327e+08	1.98051e+08	1.96919e+08	1.82604e+08	2.15113e+08	2.76907e+08	1.90339e+08	2.22334e+08	2.1654e+08	1.89654e+08	1.85946e+08	2.07978e+08	2.09942e+08	1.38691e+08	2.09751e+08	1.34666e+08	1.31758e+08	2.33292e+08	1.96792e+08	1.98072e+08	1.89088e+08	1.9207e+08	1.98072e+08	1.69209e+08	2.12928e+08	2.56146e+08	2.60733e+08	2.32703e+08	2.18311e+08	2.15127e+08	1.16018e+08	1.35093e+08	1.54539e+08	1.18662e+08	1.14935e+08	1.16347e+08	1.21058e+08	1.19903e+08	1.22179e+08	1.20873e+08	9.72344e+07	1.351e+08	1.60808e+08	1.35234e+08	1.57895e+08	1.33455e+08	1.36464e+08	1.36496e+08	1.19703e+08	1.13315e+08	1.28582e+08	1.1663e+08	1.17253e+08	1.15743e+08	1.33435e+08	1.58596e+08	1.59687e+08	1.60141e+08	1.35137e+08	1.59107e+08	1.08078e+08	1.13188e+08	9.04548e+07	1.07723e+08	9.54494e+07	1.06946e+08	1.24426e+08	1.37488e+08	1.29566e+08	1.15512e+08	1.28433e+08	1.31041e+08	1.23195e+08	1.18441e+08	1.37442e+08	1.35835e+08	1.3712e+08	1.18866e+08	1.24796e+08	1.20142e+08	1.10783e+08	1.09194e+08	1.11205e+08	1.288e+08
ERR617032	1.75273e+08	2.35163e+08	1.90012e+08	2.53815e+08	1.85923e+08	1.93345e+08	1.84728e+08	1.57681e+08	1.55662e+08	1.52977e+08	1.56943e+08	1.80954e+08	2.1425e+08	2.12744e+08	2.10344e+08	1.94497e+08	2.31213e+08	1.90339e+08	4.33963e+08	3.43445e+08	3.3485e+08	2.99566e+08	2.94425e+08	3.24634e+08	2.74749e+08	1.86706e+08	2.74549e+08	1.81953e+08	1.77742e+08	3.02178e+08	2.44838e+08	2.46303e+08	2.35093e+08	2.37131e+08	2.45937e+08	2.09017e+08	2.68873e+08	3.26399e+08	3.30052e+08	2.94099e+08	2.75662e+08	2.71701e+08	1.5291e+08	1.76443e+08	2.0162e+08	1.54339e+08	1.49365e+08	1.51211e+08	1.58941e+08	1.57413e+08	1.61347e+08	1.5866e+08	1.29671e+08	1.77951e+08	2.14715e+08	1.83101e+08	2.10864e+08	1.8077e+08	1.84339e+08	1.83232e+08	1.59572e+08	1.50593e+08	1.70395e+08	1.54534e+08	1.55602e+08	1.53445e+08	1.73069e+08	2.04776e+08	2.0579e+08	2.06282e+08	1.7458e+08	2.05095e+08	1.44751e+08	1.32903e+08	1.06581e+08	1.26534e+08	1.28345e+08	1.43068e+08	1.66586e+08	1.83514e+08	1.73291e+08	1.54979e+08	1.71289e+08	1.76333e+08	1.55771e+08	1.49577e+08	1.74612e+08	1.72461e+08	1.73781e+08	1.5038e+08	1.66895e+08	1.62291e+08	1.51403e+08	1.48819e+08	1.51592e+08	1.72268e+08
ERR617029	2.01539e+08	2.73831e+08	2.2147e+08	2.96515e+08	2.16569e+08	2.25255e+08	2.16352e+08	1.83927e+08	1.80717e+08	1.77673e+08	1.82422e+08	2.11835e+08	2.50038e+08	2.48473e+08	2.46056e+08	2.27199e+08	2.70514e+08	2.22334e+08	3.43445e+08	5.5351e+08	3.87829e+08	3.40681e+08	3.34611e+08	3.73791e+08	3.21117e+08	2.16833e+08	3.21074e+08	2.11013e+08	2.06327e+08	3.55211e+08	2.8567e+08	2.87468e+08	2.74355e+08	2.77956e+08	2.87205e+08	2.44414e+08	3.13785e+08	3.81328e+08	3.87554e+08	3.44432e+08	3.21891e+08	3.17128e+08	1.79023e+08	2.08004e+08	2.38012e+08	1.8243e+08	1.76592e+08	1.78729e+08	1.88563e+08	1.86688e+08	1.90672e+08	1.88195e+08	1.52232e+08	2.10755e+08	2.52442e+08	2.13199e+08	2.47866e+08	2.10435e+08	2.14956e+08	2.1449e+08	1.87627e+08	1.77313e+08	2.01215e+08	1.82443e+08	1.83423e+08	1.81007e+08	2.01985e+08	2.39933e+08	2.41455e+08	2.42075e+08	2.04664e+08	2.40834e+08	1.69584e+08	1.68463e+08	1.34584e+08	1.6023e+08	1.50082e+08	1.6776e+08	1.95383e+08	2.15687e+08	2.03364e+08	1.81509e+08	2.01378e+08	2.06081e+08	1.86891e+08	1.79493e+08	2.08819e+08	2.0641e+08	2.08108e+08	1.80181e+08	1.96138e+08	1.8977e+08	1.75524e+08	1.72932e+08	1.76191e+08	2.02607e+08
ERR617028	1.96517e+08	2.66568e+08	2.15671e+08	2.88775e+08	2.10925e+08	2.19329e+08	2.10138e+08	1.78775e+08	1.75764e+08	1.72648e+08	1.77223e+08	2.05696e+08	2.43339e+08	2.42045e+08	2.3953e+08	2.21208e+08	2.63232e+08	2.1654e+08	3.3485e+08	3.87829e+08	5.28221e+08	3.3194e+08	3.26058e+08	3.64236e+08	3.12533e+08	2.11318e+08	3.12464e+08	2.05642e+08	2.01177e+08	3.45574e+08	2.78518e+08	2.803e+08	2.67336e+08	2.70931e+08	2.80008e+08	2.38289e+08	3.05946e+08	3.7132e+08	3.77409e+08	3.35376e+08	3.13628e+08	3.09069e+08	1.73711e+08	2.01784e+08	2.30871e+08	1.76908e+08	1.71257e+08	1.73369e+08	1.82768e+08	1.81144e+08	1.8502e+08	1.82511e+08	1.47671e+08	2.04518e+08	2.44915e+08	2.069e+08	2.40464e+08	2.04274e+08	2.08597e+08	2.08232e+08	1.82021e+08	1.72006e+08	1.95263e+08	1.77053e+08	1.77903e+08	1.75686e+08	1.96508e+08	2.33304e+08	2.34637e+08	2.35345e+08	1.98868e+08	2.33975e+08	1.64546e+08	1.62924e+08	1.30067e+08	1.55004e+08	1.45625e+08	1.62779e+08	1.89654e+08	2.0926e+08	1.97462e+08	1.76258e+08	1.95482e+08	1.99945e+08	1.81453e+08	1.74382e+08	2.0276e+08	2.00378e+08	2.02006e+08	1.74997e+08	1.90398e+08	1.84042e+08	1.70327e+08	1.67625e+08	1.70878e+08	1.96429e+08
ERR617030	1.74104e+08	2.33872e+08	1.89106e+08	2.52628e+08	1.85146e+08	1.92438e+08	1.83831e+08	1.56858e+08	1.5462e+08	1.51905e+08	1.56047e+08	1.79996e+08	2.13421e+08	2.11919e+08	2.0952e+08	1.93832e+08	2.30391e+08	1.89654e+08	2.99566e+08	3.40681e+08	3.3194e+08	4.27156e+08	2.91288e+08	3.21589e+08	2.72455e+08	1.84622e+08	2.72142e+08	1.79797e+08	1.75737e+08	2.99723e+08	2.43979e+08	2.45339e+08	2.34088e+08	2.36424e+08	2.45011e+08	2.08449e+08	2.67814e+08	3.2483e+08	3.28851e+08	2.93015e+08	2.74622e+08	2.70651e+08	1.52059e+08	1.75724e+08	2.00767e+08	1.53758e+08	1.48885e+08	1.50653e+08	1.58482e+08	1.56954e+08	1.60686e+08	1.58102e+08	1.29007e+08	1.77326e+08	2.13795e+08	1.81913e+08	2.09827e+08	1.79622e+08	1.83273e+08	1.82271e+08	1.58913e+08	1.50076e+08	1.69881e+08	1.53986e+08	1.55049e+08	1.52891e+08	1.72182e+08	2.03837e+08	2.04828e+08	2.05216e+08	1.73639e+08	2.04262e+08	1.44006e+08	1.34019e+08	1.07336e+08	1.27524e+08	1.2763e+08	1.42296e+08	1.65844e+08	1.82629e+08	1.7246e+08	1.53953e+08	1.70454e+08	1.75254e+08	1.55444e+08	1.49353e+08	1.74193e+08	1.72102e+08	1.73502e+08	1.49997e+08	1.65949e+08	1.6136e+08	1.50364e+08	1.47742e+08	1.50549e+08	1.71407e+08
ERR617031	1.7058e+08	2.29111e+08	1.85231e+08	2.47536e+08	1.81305e+08	1.88407e+08	1.80189e+08	1.5385e+08	1.51621e+08	1.49041e+08	1.52936e+08	1.76372e+08	2.09222e+08	2.07755e+08	2.0534e+08	1.89951e+08	2.2585e+08	1.85946e+08	2.94425e+08	3.34611e+08	3.26058e+08	2.91288e+08	4.14323e+08	3.1581e+08	2.67856e+08	1.81787e+08	2.67604e+08	1.77038e+08	1.7312e+08	2.94578e+08	2.39066e+08	2.40374e+08	2.29464e+08	2.31613e+08	2.40096e+08	2.04312e+08	2.62348e+08	3.18334e+08	3.22195e+08	2.87025e+08	2.69081e+08	2.65116e+08	1.49051e+08	1.72148e+08	1.96661e+08	1.50546e+08	1.45939e+08	1.47568e+08	1.55068e+08	1.53695e+08	1.57379e+08	1.54898e+08	1.26427e+08	1.73637e+08	2.0947e+08	1.78302e+08	2.05641e+08	1.76115e+08	1.79611e+08	1.78684e+08	1.55632e+08	1.47068e+08	1.66378e+08	1.50901e+08	1.51747e+08	1.49714e+08	1.68681e+08	1.99735e+08	2.00669e+08	2.01156e+08	1.7026e+08	2.00052e+08	1.41044e+08	1.30985e+08	1.04929e+08	1.24618e+08	1.25016e+08	1.39458e+08	1.62442e+08	1.78718e+08	1.68862e+08	1.50967e+08	1.67027e+08	1.71781e+08	1.52235e+08	1.46292e+08	1.70746e+08	1.68654e+08	1.70035e+08	1.46937e+08	1.62655e+08	1.58149e+08	1.47412e+08	1.44951e+08	1.4752e+08	1.68037e+08
ERR617027	1.89831e+08	2.56366e+08	2.07202e+08	2.77173e+08	2.02783e+08	2.10849e+08	2.02119e+08	1.7217e+08	1.69626e+08	1.66646e+08	1.71096e+08	1.98045e+08	2.33875e+08	2.3237e+08	2.29913e+08	2.12525e+08	2.52727e+08	2.07978e+08	3.24634e+08	3.73791e+08	3.64236e+08	3.21589e+08	3.1581e+08	4.96455e+08	2.99163e+08	2.02572e+08	2.993e+08	1.97319e+08	1.92878e+08	3.30243e+08	2.67391e+08	2.69027e+08	2.56649e+08	2.59753e+08	2.68746e+08	2.28631e+08	2.93444e+08	3.56141e+08	3.6128e+08	3.21376e+08	3.00975e+08	2.96618e+08	1.67185e+08	1.93724e+08	2.21442e+08	1.69703e+08	1.64221e+08	1.66187e+08	1.74962e+08	1.73227e+08	1.77229e+08	1.74657e+08	1.42032e+08	1.95926e+08	2.35279e+08	1.99704e+08	2.31165e+08	1.97214e+08	2.01246e+08	2.00415e+08	1.749e+08	1.6516e+08	1.87143e+08	1.69792e+08	1.70808e+08	1.68511e+08	1.89047e+08	2.24306e+08	2.25429e+08	2.25894e+08	1.91236e+08	2.24704e+08	1.58322e+08	1.5128e+08	1.20981e+08	1.43915e+08	1.40267e+08	1.56571e+08	1.82336e+08	2.01041e+08	1.89636e+08	1.69367e+08	1.87726e+08	1.92705e+08	1.72514e+08	1.65643e+08	1.92905e+08	1.90685e+08	1.92143e+08	1.66382e+08	1.82782e+08	1.7725e+08	1.64546e+08	1.61847e+08	1.64923e+08	1.88612e+08
ERR613145	1.723e+08	2.3635e+08	1.9123e+08	2.56949e+08	1.87313e+08	1.94586e+08	1.90364e+08	1.61425e+08	1.57908e+08	1.55135e+08	1.59334e+08	1.86415e+08	2.35862e+08	2.34801e+08	2.32389e+08	2.14462e+08	2.55298e+08	2.09942e+08	2.74749e+08	3.21117e+08	3.12533e+08	2.72455e+08	2.67856e+08	2.99163e+08	5.06918e+08	2.49248e+08	3.67143e+08	2.42343e+08	2.37682e+08	4.06005e+08	2.5929e+08	2.60963e+08	2.49196e+08	2.53475e+08	2.60755e+08	2.22461e+08	2.82994e+08	3.44886e+08	3.51775e+08	3.1216e+08	2.90681e+08	2.85819e+08	1.60509e+08	1.8745e+08	2.14526e+08	1.64911e+08	1.59369e+08	1.61456e+08	1.6796e+08	1.66355e+08	1.69606e+08	1.6783e+08	1.34443e+08	1.8745e+08	2.21935e+08	1.85665e+08	2.17837e+08	1.83065e+08	1.87235e+08	1.87917e+08	1.66527e+08	1.57549e+08	1.79258e+08	1.62279e+08	1.63108e+08	1.61228e+08	1.76163e+08	2.09837e+08	2.11223e+08	2.12105e+08	1.78847e+08	2.10841e+08	1.49162e+08	1.60941e+08	1.28483e+08	1.53206e+08	1.31461e+08	1.47723e+08	1.7212e+08	1.90497e+08	1.79432e+08	1.59816e+08	1.78048e+08	1.80771e+08	1.63732e+08	1.57162e+08	1.82772e+08	1.80416e+08	1.82325e+08	1.57566e+08	1.75977e+08	1.6922e+08	1.55764e+08	1.5375e+08	1.5662e+08	1.81887e+08
ERR613147	1.12201e+08	1.5324e+08	1.24306e+08	1.66432e+08	1.21838e+08	1.26431e+08	1.23115e+08	1.04697e+08	1.024e+08	1.00571e+08	1.03316e+08	1.20699e+08	1.55519e+08	1.54899e+08	1.53422e+08	1.41682e+08	1.68036e+08	1.38691e+08	1.86706e+08	2.16833e+08	2.11318e+08	1.84622e+08	1.81787e+08	2.02572e+08	2.49248e+08	2.64064e+08	2.48997e+08	1.70036e+08	1.66944e+08	2.73943e+08	1.70772e+08	1.71915e+08	1.64201e+08	1.66916e+08	1.71584e+08	1.47118e+08	1.861e+08	2.2582e+08	2.30305e+08	2.04761e+08	1.91085e+08	1.87922e+08	1.0398e+08	1.21209e+08	1.38682e+08	1.06782e+08	1.03267e+08	1.04621e+08	1.08447e+08	1.07422e+08	1.09529e+08	1.08293e+08	8.70006e+07	1.20928e+08	1.43106e+08	1.20027e+08	1.40503e+08	1.18359e+08	1.20993e+08	1.2135e+08	1.07627e+08	1.0193e+08	1.15831e+08	1.05015e+08	1.05524e+08	1.0428e+08	1.14249e+08	1.3593e+08	1.36673e+08	1.37339e+08	1.15914e+08	1.3643e+08	9.65215e+07	1.04132e+08	8.33159e+07	9.9215e+07	8.52004e+07	9.5627e+07	1.1123e+08	1.22845e+08	1.15798e+08	1.03149e+08	1.1487e+08	1.16778e+08	1.06123e+08	1.01814e+08	1.18302e+08	1.16828e+08	1.18127e+08	1.02052e+08	1.1424e+08	1.09819e+08	1.01239e+08	9.99767e+07	1.01815e+08	1.18111e+08
ERR613144	1.7216e+08	2.36347e+08	1.91149e+08	2.56911e+08	1.87252e+08	1.94504e+08	1.9069e+08	1.61598e+08	1.58136e+08	1.55292e+08	1.59571e+08	1.86722e+08	2.35703e+08	2.34575e+08	2.32317e+08	2.14402e+08	2.553e+08	2.09751e+08	2.74549e+08	3.21074e+08	3.12464e+08	2.72142e+08	2.67604e+08	2.993e+08	3.67143e+08	2.48997e+08	5.0642e+08	2.42119e+08	2.37409e+08	4.0591e+08	2.59067e+08	2.60811e+08	2.48972e+08	2.53351e+08	2.60483e+08	2.22358e+08	2.8281e+08	3.44522e+08	3.51568e+08	3.11811e+08	2.90269e+08	2.85663e+08	1.60534e+08	1.87526e+08	2.14647e+08	1.64969e+08	1.59479e+08	1.61554e+08	1.68102e+08	1.66636e+08	1.69723e+08	1.6786e+08	1.34543e+08	1.87609e+08	2.22023e+08	1.8582e+08	2.18138e+08	1.83245e+08	1.87411e+08	1.88104e+08	1.66604e+08	1.57631e+08	1.79376e+08	1.62482e+08	1.6334e+08	1.61368e+08	1.7634e+08	2.10061e+08	2.11351e+08	2.12155e+08	1.78964e+08	2.10958e+08	1.49155e+08	1.61005e+08	1.287e+08	1.53334e+08	1.31375e+08	1.47801e+08	1.72235e+08	1.906e+08	1.79371e+08	1.59881e+08	1.78052e+08	1.80813e+08	1.63891e+08	1.57234e+08	1.82778e+08	1.80602e+08	1.82364e+08	1.57676e+08	1.76064e+08	1.69279e+08	1.5567e+08	1.536e+08	1.56582e+08	1.81962e+08
ERR613148	1.09161e+08	1.48806e+08	1.2076e+08	1.61509e+08	1.18223e+08	1.22756e+08	1.19555e+08	1.01589e+08	9.93798e+07	9.77564e+07	1.00267e+08	1.17171e+08	1.50875e+08	1.50315e+08	1.48888e+08	1.37525e+08	1.6309e+08	1.34666e+08	1.81953e+08	2.11013e+08	2.05642e+08	1.79797e+08	1.77038e+08	1.97319e+08	2.42343e+08	1.70036e+08	2.42119e+08	2.52384e+08	1.62603e+08	2.6616e+08	1.65697e+08	1.66813e+08	1.59436e+08	1.61909e+08	1.66658e+08	1.42739e+08	1.80621e+08	2.19025e+08	2.23314e+08	1.98774e+08	1.85417e+08	1.82408e+08	1.00817e+08	1.17565e+08	1.34499e+08	1.03401e+08	1.00068e+08	1.01388e+08	1.05124e+08	1.04194e+08	1.0612e+08	1.05062e+08	8.44542e+07	1.17167e+08	1.38936e+08	1.1648e+08	1.36409e+08	1.14953e+08	1.17471e+08	1.17743e+08	1.04433e+08	9.88107e+07	1.12345e+08	1.01793e+08	1.02354e+08	1.01132e+08	1.10885e+08	1.31735e+08	1.32458e+08	1.33095e+08	1.12368e+08	1.32353e+08	9.36606e+07	1.00554e+08	8.05276e+07	9.57638e+07	8.26111e+07	9.27377e+07	1.07878e+08	1.19195e+08	1.12329e+08	1.00057e+08	1.11434e+08	1.13147e+08	1.02829e+08	9.86924e+07	1.14649e+08	1.13293e+08	1.14382e+08	9.89414e+07	1.10783e+08	1.06589e+08	9.82882e+07	9.69696e+07	9.88288e+07	1.14428e+08
ERR613146	1.06363e+08	1.45073e+08	1.17759e+08	1.57476e+08	1.15378e+08	1.19797e+08	1.16533e+08	9.90114e+07	9.68928e+07	9.52119e+07	9.77443e+07	1.14221e+08	1.47455e+08	1.46973e+08	1.456e+08	1.34492e+08	1.59346e+08	1.31758e+08	1.77742e+08	2.06327e+08	2.01177e+08	1.75737e+08	1.7312e+08	1.92878e+08	2.37682e+08	1.66944e+08	2.37409e+08	1.62603e+08	2.44409e+08	2.61125e+08	1.61946e+08	1.62915e+08	1.55773e+08	1.58233e+08	1.62865e+08	1.3951e+08	1.766e+08	2.13939e+08	2.18173e+08	1.94302e+08	1.81095e+08	1.78228e+08	9.81355e+07	1.14546e+08	1.30983e+08	1.00819e+08	9.74852e+07	9.88452e+07	1.02338e+08	1.01543e+08	1.03373e+08	1.02344e+08	8.20722e+07	1.14089e+08	1.3517e+08	1.13152e+08	1.32646e+08	1.1171e+08	1.1411e+08	1.1455e+08	1.01595e+08	9.62529e+07	1.09391e+08	9.91899e+07	9.96798e+07	9.84287e+07	1.08086e+08	1.28672e+08	1.29433e+08	1.30029e+08	1.09797e+08	1.29137e+08	9.11499e+07	9.89207e+07	7.92422e+07	9.4262e+07	8.03595e+07	9.03425e+07	1.04912e+08	1.15904e+08	1.09274e+08	9.73805e+07	1.08398e+08	1.10021e+08	1.00495e+08	9.65713e+07	1.12019e+08	1.1069e+08	1.11735e+08	9.68136e+07	1.07909e+08	1.03721e+08	9.5584e+07	9.43848e+07	9.60719e+07	1.11584e+08
ERR613143	1.91273e+08	2.63627e+08	2.13276e+08	2.86833e+08	2.08783e+08	2.16948e+08	2.12811e+08	1.80166e+08	1.76022e+08	1.72936e+08	1.7756e+08	2.08493e+08	2.62051e+08	2.60727e+08	2.58481e+08	2.38369e+08	2.84069e+08	2.33292e+08	3.02178e+08	3.55211e+08	3.45574e+08	2.99723e+08	2.94578e+08	3.30243e+08	4.06005e+08	2.73943e+08	4.0591e+08	2.6616e+08	2.61125e+08	6.07446e+08	2.88172e+08	2.90137e+08	2.76846e+08	2.82117e+08	2.89837e+08	2.47216e+08	3.1415e+08	3.83493e+08	3.91928e+08	3.46998e+08	3.2263e+08	3.17457e+08	1.79322e+08	2.1003e+08	2.40552e+08	1.84903e+08	1.78693e+08	1.81129e+08	1.8856e+08	1.86996e+08	1.90341e+08	1.88522e+08	1.5052e+08	2.10436e+08	2.4855e+08	2.07306e+08	2.44003e+08	2.04567e+08	2.09117e+08	2.10039e+08	1.86518e+08	1.7645e+08	2.01036e+08	1.82075e+08	1.83035e+08	1.80849e+08	1.96754e+08	2.34532e+08	2.35909e+08	2.37115e+08	1.99731e+08	2.35677e+08	1.66811e+08	1.84511e+08	1.46964e+08	1.75546e+08	1.46852e+08	1.6521e+08	1.928e+08	2.13494e+08	2.00953e+08	1.78829e+08	1.99434e+08	2.02116e+08	1.84761e+08	1.77375e+08	2.05953e+08	2.03509e+08	2.05699e+08	1.7779e+08	1.97107e+08	1.89026e+08	1.73488e+08	1.71319e+08	1.74668e+08	2.03523e+08
ERR637092	1.70795e+08	2.31284e+08	1.87456e+08	2.50371e+08	1.83553e+08	1.90896e+08	1.86097e+08	1.57964e+08	1.55201e+08	1.52434e+08	1.56655e+08	1.8214e+08	2.20511e+08	2.18934e+08	2.17133e+08	2.00996e+08	2.3801e+08	1.96792e+08	2.44838e+08	2.8567e+08	2.78518e+08	2.43979e+08	2.39066e+08	2.67391e+08	2.5929e+08	1.70772e+08	2.59067e+08	1.65697e+08	1.61946e+08	2.88172e+08	4.06694e+08	2.82957e+08	2.69122e+08	2.73153e+08	2.82769e+08	2.40603e+08	2.74457e+08	3.3049e+08	3.36324e+08	3.00295e+08	2.81468e+08	2.77321e+08	1.50922e+08	1.75908e+08	2.01195e+08	1.54421e+08	1.49465e+08	1.51288e+08	1.58471e+08	1.57081e+08	1.60347e+08	1.58375e+08	1.27603e+08	1.7712e+08	2.11763e+08	1.78219e+08	2.07728e+08	1.75989e+08	1.79666e+08	1.79554e+08	1.56483e+08	1.47967e+08	1.68201e+08	1.52447e+08	1.53237e+08	1.51302e+08	1.73744e+08	2.06508e+08	2.07807e+08	2.08424e+08	1.76093e+08	2.07365e+08	1.40982e+08	1.46274e+08	1.16894e+08	1.39168e+08	1.24453e+08	1.39435e+08	1.63284e+08	1.80319e+08	1.7008e+08	1.51768e+08	1.68546e+08	1.71891e+08	1.61944e+08	1.55799e+08	1.80614e+08	1.78707e+08	1.80596e+08	1.56403e+08	1.63385e+08	1.57498e+08	1.45351e+08	1.43102e+08	1.45925e+08	1.6849e+08
ERR637091	1.71686e+08	2.32753e+08	1.88791e+08	2.51925e+08	1.84722e+08	1.9203e+08	1.86862e+08	1.58815e+08	1.55889e+08	1.53051e+08	1.57379e+08	1.83015e+08	2.21966e+08	2.20459e+08	2.1857e+08	2.02408e+08	2.39677e+08	1.98072e+08	2.46303e+08	2.87468e+08	2.803e+08	2.45339e+08	2.40374e+08	2.69027e+08	2.60963e+08	1.71915e+08	2.60811e+08	1.66813e+08	1.62915e+08	2.90137e+08	2.82957e+08	4.11267e+08	2.70812e+08	2.75057e+08	2.8477e+08	2.42132e+08	2.76128e+08	3.32497e+08	3.38275e+08	3.02196e+08	2.83271e+08	2.78983e+08	1.51784e+08	1.76863e+08	2.02469e+08	1.553e+08	1.50378e+08	1.52276e+08	1.59484e+08	1.58027e+08	1.61464e+08	1.59306e+08	1.28334e+08	1.78226e+08	2.12953e+08	1.79189e+08	2.09013e+08	1.76796e+08	1.80617e+08	1.80656e+08	1.57462e+08	1.48875e+08	1.69285e+08	1.5345e+08	1.54196e+08	1.52176e+08	1.74697e+08	2.07576e+08	2.09052e+08	2.09678e+08	1.77e+08	2.08503e+08	1.41759e+08	1.47859e+08	1.18069e+08	1.40639e+08	1.25116e+08	1.40226e+08	1.64044e+08	1.8116e+08	1.70806e+08	1.52512e+08	1.69423e+08	1.72675e+08	1.63179e+08	1.56832e+08	1.81969e+08	1.80076e+08	1.8185e+08	1.57534e+08	1.64399e+08	1.58107e+08	1.46097e+08	1.43902e+08	1.4659e+08	1.69429e+08
ERR637089	1.63901e+08	2.2213e+08	1.8023e+08	2.40387e+08	1.76381e+08	1.83353e+08	1.78935e+08	1.52033e+08	1.49189e+08	1.46544e+08	1.50543e+08	1.75082e+08	2.11774e+08	2.10386e+08	2.08616e+08	1.93025e+08	2.28627e+08	1.89088e+08	2.35093e+08	2.74355e+08	2.67336e+08	2.34088e+08	2.29464e+08	2.56649e+08	2.49196e+08	1.64201e+08	2.48972e+08	1.59436e+08	1.55773e+08	2.76846e+08	2.69122e+08	2.70812e+08	3.80327e+08	2.63143e+08	2.70609e+08	2.31846e+08	2.63442e+08	3.1709e+08	3.22635e+08	2.88096e+08	2.70067e+08	2.66134e+08	1.45167e+08	1.68987e+08	1.93577e+08	1.48314e+08	1.43687e+08	1.45513e+08	1.52375e+08	1.51136e+08	1.54235e+08	1.52282e+08	1.22747e+08	1.70406e+08	2.0366e+08	1.71335e+08	1.99724e+08	1.6915e+08	1.72562e+08	1.72635e+08	1.50556e+08	1.42313e+08	1.61802e+08	1.46675e+08	1.47374e+08	1.45487e+08	1.67183e+08	1.98476e+08	1.99861e+08	2.00423e+08	1.69266e+08	1.99507e+08	1.35529e+08	1.40985e+08	1.12765e+08	1.34226e+08	1.19654e+08	1.3411e+08	1.56775e+08	1.73229e+08	1.63198e+08	1.45699e+08	1.6194e+08	1.64987e+08	1.55784e+08	1.4977e+08	1.7369e+08	1.71852e+08	1.73675e+08	1.50294e+08	1.57247e+08	1.51325e+08	1.39841e+08	1.37769e+08	1.40315e+08	1.62025e+08
