	ERR607762	ERR607759	ERR607761	ERR607760	ERR637124	ERR637123	ERR605564	ERR605568	ERR605563	ERR605566	ERR605567	ERR605565	ERR637100	ERR637099	ERR637104	ERR637101	ERR637103	ERR637102	ERR626766	ERR626765	ERR626769	ERR626770	ERR626768	ERR626767	ERR635317	ERR635320	ERR635318	ERR635319	ERR635316	ERR635321	ERR608936	ERR608932	ERR608935	ERR608934	ERR608931	ERR608933	ERR613612	ERR613613	ERR613611	ERR613614	ERR613615	ERR613616	ERR613543	ERR613542	ERR613541	ERR613540	ERR613539	ERR613544	ERR630510	ERR630507	ERR630506	ERR630511	ERR630508	ERR630509	ERR607629	ERR607630	ERR607632	ERR607627	ERR607631	ERR607628	ERR630169	ERR630164	ERR630168	ERR630167	ERR630165	ERR630166	ERR617049	ERR617048	ERR617047	ERR617045	ERR617046	ERR617050	ERR612105	ERR612101	ERR612103	ERR612104	ERR612102	ERR612106	ERR618198	ERR618196	ERR618194	ERR618195	ERR618193	ERR618197	ERR638277	ERR638273	ERR638275	ERR638278	ERR638274	ERR638276	ERR636658	ERR636656	ERR636659	ERR636657	ERR636660	ERR636655
ERR607762	0	0.286565	0.228074	0.22747	0.289507	0.27282	0.343647	0.342191	0.354194	0.342251	0.344765	0.335011	0.3152	0.303103	0.276487	0.312938	0.276498	0.276775	0.37201	0.379315	0.372049	0.37108	0.370989	0.372805	0.392291	0.388773	0.400341	0.389311	0.391193	0.38776	0.312076	0.322542	0.310737	0.310468	0.315418	0.3382	0.339657	0.326011	0.33593	0.317944	0.314764	0.312395	0.31594	0.315367	0.340388	0.339748	0.34082	0.316787	0.326111	0.316508	0.320217	0.328235	0.316572	0.325277	0.38343	0.399172	0.400391	0.396247	0.399423	0.384455	0.45944	0.462862	0.460645	0.459804	0.460536	0.463134	0.583146	0.58271	0.584263	0.579129	0.583415	0.582003	0.392467	0.392217	0.393232	0.40485	0.39411	0.425949	0.5408	0.541855	0.540395	0.542378	0.538629	0.540481	0.437942	0.439811	0.445313	0.432049	0.438354	0.438331	0.298214	0.305874	0.298627	0.27628	0.335995	0.33467
ERR607759	0.286565	0	0.280071	0.284117	0.235518	0.234983	0.326131	0.325135	0.324362	0.32543	0.324822	0.329984	0.289132	0.291541	0.338467	0.289007	0.334054	0.337789	0.327308	0.326921	0.329347	0.330691	0.329848	0.326709	0.400745	0.410965	0.398873	0.410835	0.407687	0.410583	0.334614	0.305551	0.331463	0.329197	0.351217	0.304021	0.304026	0.302586	0.301125	0.30271	0.30482	0.338937	0.335561	0.336058	0.310726	0.310463	0.311228	0.337736	0.332207	0.354167	0.338174	0.331052	0.341481	0.33083	0.403056	0.391852	0.392159	0.392063	0.391557	0.403633	0.432124	0.42555	0.427232	0.426477	0.435582	0.441276	0.534518	0.532839	0.52381	0.522759	0.524688	0.531939	0.4241	0.422724	0.431067	0.450837	0.432313	0.478452	0.493775	0.490662	0.490539	0.487698	0.487724	0.491989	0.429719	0.454331	0.459455	0.433372	0.451176	0.430533	0.277865	0.274451	0.27772	0.288438	0.279242	0.279073
ERR607761	0.228074	0.280071	0	0.227466	0.282609	0.266751	0.340502	0.33888	0.350089	0.339079	0.341256	0.332679	0.310192	0.298861	0.277211	0.308169	0.27718	0.277658	0.367234	0.373823	0.367284	0.366347	0.365962	0.367797	0.390839	0.388601	0.398421	0.389022	0.390473	0.38755	0.311274	0.318391	0.309669	0.309212	0.315803	0.333229	0.335179	0.322384	0.331401	0.314706	0.311761	0.312402	0.315392	0.31478	0.336128	0.335545	0.336707	0.316208	0.323652	0.316603	0.318637	0.32538	0.315419	0.322422	0.383388	0.397019	0.398312	0.394395	0.397273	0.384475	0.457204	0.459978	0.457937	0.457039	0.458465	0.461425	0.580069	0.579546	0.580312	0.575387	0.579557	0.578903	0.393376	0.393032	0.394749	0.407216	0.395646	0.429145	0.537391	0.538256	0.536824	0.538521	0.535022	0.537026	0.436371	0.44029	0.445807	0.431212	0.438555	0.436689	0.293413	0.30047	0.293656	0.273725	0.329497	0.328145
ERR607760	0.22747	0.284117	0.227466	0	0.286722	0.270684	0.343183	0.341527	0.353124	0.341684	0.343952	0.335062	0.313303	0.301752	0.27663	0.31108	0.276557	0.276986	0.370509	0.37746	0.370117	0.369102	0.36901	0.371024	0.392588	0.389853	0.400217	0.390386	0.391847	0.388901	0.311664	0.321112	0.310024	0.309928	0.316362	0.336267	0.338576	0.325449	0.334738	0.316723	0.313727	0.31298	0.31584	0.315139	0.339273	0.338705	0.33988	0.316432	0.325844	0.317554	0.320434	0.327809	0.317046	0.324672	0.383521	0.398586	0.399696	0.395716	0.398755	0.384779	0.459166	0.462154	0.459916	0.459184	0.460289	0.462852	0.582321	0.581807	0.582658	0.57783	0.581982	0.581355	0.392972	0.392559	0.393949	0.405811	0.394948	0.427334	0.539444	0.54039	0.53913	0.540954	0.537492	0.539195	0.437551	0.440291	0.44578	0.432223	0.438658	0.437938	0.295997	0.303681	0.296442	0.275531	0.333314	0.331976
ERR637124	0.289507	0.235518	0.282609	0.286722	0	0.236156	0.328579	0.32718	0.325845	0.327513	0.326858	0.332942	0.289055	0.2932	0.341236	0.290721	0.336785	0.340322	0.32874	0.327276	0.329912	0.330847	0.330431	0.327635	0.40282	0.415264	0.400611	0.415132	0.411341	0.414793	0.336766	0.307084	0.333651	0.331281	0.356874	0.303735	0.307442	0.306218	0.30336	0.304562	0.306822	0.343392	0.337672	0.33838	0.31268	0.312187	0.313302	0.340087	0.335127	0.359067	0.341745	0.334212	0.344725	0.333725	0.405068	0.392558	0.392712	0.393088	0.392262	0.406272	0.434824	0.426339	0.428534	0.427979	0.43765	0.442837	0.535602	0.533733	0.522205	0.522392	0.523325	0.533244	0.426715	0.424874	0.433663	0.453667	0.435097	0.481606	0.493862	0.489711	0.489946	0.486595	0.488045	0.491904	0.42992	0.455863	0.460659	0.435744	0.452564	0.430618	0.276672	0.274084	0.276575	0.292187	0.277579	0.277166
ERR637123	0.27282	0.234983	0.266751	0.270684	0.236156	0	0.323563	0.322397	0.323615	0.32273	0.322572	0.325428	0.286267	0.286141	0.3248	0.28613	0.320668	0.324093	0.329639	0.330789	0.331462	0.33217	0.331489	0.329152	0.395194	0.40406	0.394851	0.40391	0.401355	0.403529	0.326716	0.302499	0.323914	0.32178	0.341755	0.30372	0.304248	0.300506	0.301041	0.299552	0.300909	0.330616	0.327342	0.327702	0.309415	0.30905	0.309929	0.329478	0.325531	0.343693	0.329725	0.32484	0.331999	0.324113	0.396457	0.388846	0.389352	0.388494	0.388573	0.397212	0.432894	0.427863	0.428987	0.428262	0.436159	0.441283	0.539882	0.538384	0.530923	0.529148	0.531464	0.53755	0.416518	0.415134	0.422852	0.441706	0.423969	0.468866	0.498241	0.495601	0.495464	0.493538	0.493041	0.496746	0.427615	0.449329	0.454596	0.430319	0.446269	0.428363	0.274547	0.272723	0.274492	0.280806	0.28229	0.282014
ERR605564	0.343647	0.326131	0.340502	0.343183	0.328579	0.323563	0	0.244861	0.2456	0.244874	0.244846	0.245971	0.330597	0.328248	0.357247	0.327501	0.354434	0.357168	0.344613	0.346866	0.347805	0.349452	0.347876	0.346055	0.403058	0.40907	0.402485	0.408989	0.406767	0.408822	0.353102	0.336246	0.350758	0.348766	0.361676	0.340844	0.299853	0.297223	0.298793	0.297986	0.299044	0.322634	0.291913	0.291759	0.273273	0.273699	0.273666	0.293517	0.333656	0.348854	0.336835	0.33246	0.339141	0.333108	0.40158	0.397145	0.397942	0.395829	0.396944	0.401114	0.422345	0.419758	0.420649	0.419944	0.425482	0.430807	0.529189	0.527938	0.524802	0.520552	0.525058	0.525945	0.399634	0.398617	0.406078	0.423708	0.405995	0.450364	0.494448	0.493449	0.492159	0.491174	0.487845	0.493352	0.432319	0.449047	0.454182	0.429152	0.446816	0.432139	0.321275	0.318718	0.321293	0.317404	0.328642	0.329066
ERR605568	0.342191	0.325135	0.33888	0.341527	0.32718	0.322397	0.244861	0	0.246613	0.243179	0.243104	0.246428	0.327922	0.326016	0.354616	0.325547	0.351758	0.354653	0.343071	0.345379	0.345265	0.346431	0.34523	0.343992	0.404139	0.411054	0.403551	0.410999	0.409122	0.41078	0.3503	0.334056	0.347794	0.346072	0.360768	0.338625	0.301723	0.297714	0.299666	0.296564	0.297497	0.322187	0.289074	0.289178	0.272239	0.272738	0.272535	0.291123	0.333242	0.349425	0.337421	0.332266	0.339723	0.332523	0.402392	0.397862	0.398473	0.396757	0.397577	0.402148	0.423642	0.420731	0.42124	0.42084	0.426366	0.43187	0.529662	0.528346	0.52434	0.520792	0.524586	0.526589	0.40054	0.399764	0.406666	0.424479	0.407032	0.450779	0.494329	0.493037	0.492017	0.490897	0.488492	0.493204	0.432487	0.44919	0.454265	0.430406	0.446774	0.432362	0.318362	0.316499	0.318215	0.315986	0.326411	0.326852
ERR605563	0.354194	0.324362	0.350089	0.353124	0.325845	0.323615	0.2456	0.246613	0	0.246584	0.245407	0.252001	0.329408	0.329492	0.36781	0.327298	0.364233	0.367478	0.341506	0.341376	0.344527	0.346283	0.344957	0.342121	0.408032	0.417294	0.405844	0.417005	0.414121	0.417133	0.360378	0.336799	0.357677	0.355559	0.372354	0.337946	0.299431	0.299217	0.297783	0.300313	0.302378	0.33395	0.30081	0.301223	0.271833	0.272329	0.272247	0.302786	0.338546	0.359288	0.344123	0.337112	0.347337	0.337787	0.409111	0.399259	0.399831	0.398818	0.399119	0.408844	0.42375	0.417875	0.419837	0.419204	0.42692	0.432887	0.52613	0.524654	0.518013	0.515389	0.518667	0.522793	0.409945	0.408713	0.417421	0.43665	0.417634	0.46437	0.491448	0.489031	0.488132	0.485812	0.484214	0.489859	0.434514	0.455927	0.46081	0.434025	0.453158	0.434152	0.321103	0.317128	0.320902	0.323877	0.32246	0.323318
ERR605566	0.342251	0.32543	0.339079	0.341684	0.327513	0.32273	0.244874	0.243179	0.246584	0	0.243477	0.246627	0.32835	0.3262	0.354925	0.325635	0.352156	0.355059	0.343267	0.345717	0.345416	0.346871	0.345451	0.344195	0.403876	0.410838	0.4032	0.41068	0.40889	0.410502	0.350644	0.334464	0.34825	0.346458	0.361188	0.338859	0.301999	0.297852	0.299886	0.296868	0.297767	0.322173	0.289108	0.289043	0.27214	0.272638	0.272562	0.290993	0.333541	0.349645	0.337582	0.332519	0.339909	0.332768	0.40216	0.397587	0.398359	0.396635	0.397412	0.401856	0.423305	0.420447	0.420897	0.420392	0.425983	0.431503	0.529215	0.527891	0.523892	0.520379	0.524152	0.5262	0.400249	0.399443	0.406444	0.424155	0.406657	0.450576	0.494067	0.492758	0.491744	0.490535	0.488171	0.493037	0.432298	0.449069	0.45401	0.430157	0.446623	0.432071	0.31879	0.316909	0.318795	0.316376	0.326843	0.32704
ERR605567	0.344765	0.324822	0.341256	0.343952	0.326858	0.322572	0.244846	0.243104	0.245407	0.243477	0	0.247486	0.328154	0.326588	0.357557	0.32564	0.354605	0.357556	0.342254	0.344194	0.34482	0.346411	0.34492	0.3432	0.404934	0.412092	0.403959	0.411992	0.409885	0.411933	0.352477	0.334336	0.350075	0.348221	0.362952	0.338127	0.300707	0.297502	0.298924	0.297346	0.298809	0.324922	0.292294	0.292388	0.271666	0.271805	0.271926	0.294003	0.334371	0.351386	0.338909	0.333187	0.341388	0.333533	0.404038	0.398066	0.398902	0.397255	0.397943	0.403611	0.423465	0.420076	0.420927	0.420263	0.426519	0.432314	0.528999	0.527626	0.523336	0.519905	0.523567	0.525866	0.402814	0.402193	0.409521	0.42763	0.409589	0.454268	0.493772	0.492479	0.491435	0.489934	0.487608	0.492588	0.433034	0.451138	0.456231	0.43119	0.448714	0.432765	0.318911	0.31652	0.31881	0.317443	0.325356	0.325753
ERR605565	0.335011	0.329984	0.332679	0.335062	0.332942	0.325428	0.245971	0.246428	0.252001	0.246627	0.247486	0	0.33185	0.326892	0.346738	0.328129	0.344495	0.347048	0.348493	0.352924	0.351044	0.35235	0.350658	0.350115	0.400705	0.404391	0.40194	0.404335	0.403338	0.404162	0.34601	0.336149	0.343869	0.342653	0.352115	0.344151	0.305397	0.298409	0.304078	0.297934	0.298	0.313457	0.283404	0.283031	0.277058	0.277163	0.277272	0.284863	0.330886	0.340597	0.332275	0.330038	0.333742	0.330409	0.397131	0.397452	0.398615	0.395865	0.397396	0.396377	0.422788	0.423446	0.4232	0.422491	0.425895	0.430746	0.533766	0.532726	0.532395	0.526836	0.531862	0.530775	0.392434	0.392084	0.397621	0.413374	0.397266	0.438445	0.498554	0.498641	0.497225	0.497236	0.493256	0.497974	0.432188	0.443998	0.449186	0.4273	0.441935	0.432025	0.322234	0.321131	0.322031	0.312603	0.335359	0.335274
ERR637100	0.3152	0.289132	0.310192	0.313303	0.289055	0.286267	0.330597	0.327922	0.329408	0.32835	0.328154	0.33185	0	0.239194	0.288253	0.238445	0.282794	0.286774	0.324384	0.32556	0.325474	0.325661	0.324955	0.323402	0.428276	0.438567	0.427924	0.43819	0.435371	0.438043	0.309342	0.282985	0.306246	0.303987	0.32675	0.282829	0.312374	0.30743	0.308702	0.304954	0.30603	0.335717	0.329633	0.329826	0.312151	0.31182	0.312873	0.331724	0.343244	0.362222	0.348197	0.342898	0.350412	0.342011	0.429682	0.420864	0.421035	0.420861	0.420374	0.431024	0.467001	0.460041	0.461704	0.461065	0.47073	0.476172	0.572008	0.5703	0.559341	0.559217	0.560066	0.569442	0.450088	0.448918	0.45637	0.474658	0.457632	0.500829	0.528813	0.525206	0.525297	0.522482	0.523408	0.527064	0.459664	0.484644	0.489746	0.464922	0.481258	0.460475	0.281088	0.280114	0.281171	0.289652	0.289217	0.288853
ERR637099	0.303103	0.291541	0.298861	0.301752	0.2932	0.286141	0.328248	0.326016	0.329492	0.3262	0.326588	0.326892	0.239194	0	0.272531	0.237907	0.267706	0.271365	0.328506	0.331774	0.330136	0.330239	0.329218	0.327936	0.422012	0.429118	0.42345	0.428824	0.426969	0.428511	0.301726	0.281391	0.298853	0.296587	0.313669	0.286127	0.31185	0.304594	0.309008	0.302733	0.303022	0.325497	0.322074	0.321986	0.311739	0.311395	0.312475	0.324128	0.336037	0.349009	0.338775	0.335879	0.340102	0.334772	0.422372	0.417915	0.418279	0.417032	0.417474	0.423333	0.465754	0.461775	0.462542	0.461633	0.469812	0.475316	0.576442	0.574921	0.567531	0.565616	0.567779	0.573847	0.441304	0.440676	0.446818	0.464206	0.447989	0.489701	0.533391	0.531155	0.530903	0.529156	0.528455	0.531986	0.457911	0.479237	0.484879	0.460522	0.476186	0.458721	0.281815	0.281827	0.282133	0.281349	0.296178	0.295809
ERR637104	0.276487	0.338467	0.277211	0.27663	0.341236	0.3248	0.357247	0.354616	0.36781	0.354925	0.357557	0.346738	0.288253	0.272531	0	0.285019	0.228765	0.228415	0.380048	0.388223	0.380114	0.378653	0.378112	0.38051	0.426275	0.422469	0.43467	0.422741	0.424777	0.421443	0.298976	0.313756	0.297908	0.297475	0.298657	0.332305	0.354994	0.339505	0.35151	0.331039	0.32758	0.320514	0.323481	0.322346	0.351377	0.350847	0.352045	0.323845	0.346379	0.334458	0.340174	0.34869	0.336053	0.345346	0.41863	0.433853	0.434822	0.430931	0.43394	0.41992	0.496695	0.499709	0.497821	0.496748	0.49901	0.502594	0.623121	0.622493	0.622262	0.617546	0.621489	0.621691	0.427566	0.427971	0.428715	0.439605	0.429347	0.460077	0.579529	0.580202	0.578906	0.580222	0.577011	0.579016	0.473898	0.479223	0.485057	0.469732	0.477479	0.474609	0.314521	0.322593	0.315046	0.289251	0.354474	0.353079
ERR637101	0.312938	0.289007	0.308169	0.31108	0.290721	0.28613	0.327501	0.325547	0.327298	0.325635	0.32564	0.328129	0.238445	0.237907	0.285019	0	0.279995	0.283804	0.32407	0.326282	0.325988	0.326452	0.325587	0.323357	0.425725	0.434203	0.425774	0.433872	0.431578	0.433697	0.307346	0.281961	0.304391	0.301849	0.32122	0.283919	0.309102	0.303711	0.306431	0.302807	0.303827	0.331009	0.326904	0.327055	0.310119	0.309958	0.310826	0.329021	0.339831	0.356803	0.344203	0.339412	0.346376	0.338742	0.427287	0.419571	0.419766	0.419203	0.419116	0.428005	0.463913	0.458663	0.460012	0.459168	0.468276	0.474184	0.5709	0.569299	0.560604	0.559285	0.56112	0.568257	0.44708	0.446295	0.453264	0.471213	0.454393	0.497305	0.528524	0.525603	0.525656	0.52313	0.522914	0.526843	0.45884	0.482556	0.487927	0.462229	0.479428	0.459643	0.282878	0.281295	0.282878	0.286806	0.29151	0.291315
ERR637103	0.276498	0.334054	0.27718	0.276557	0.336785	0.320668	0.354434	0.351758	0.364233	0.352156	0.354605	0.344495	0.282794	0.267706	0.228765	0.279995	0	0.228927	0.375563	0.383585	0.375474	0.374169	0.373922	0.375958	0.425031	0.422287	0.433058	0.422469	0.424167	0.421191	0.297826	0.309812	0.296486	0.295914	0.298272	0.327504	0.351034	0.335832	0.347583	0.328306	0.324724	0.320057	0.322541	0.321446	0.347819	0.347144	0.34847	0.323092	0.344629	0.334671	0.338991	0.346726	0.335293	0.343654	0.418479	0.43207	0.433001	0.429148	0.431999	0.41968	0.494526	0.496915	0.495236	0.494213	0.497017	0.500665	0.619772	0.619111	0.618435	0.614046	0.617614	0.618169	0.428053	0.428331	0.429551	0.441119	0.430368	0.46217	0.576093	0.57657	0.575405	0.576529	0.57342	0.575589	0.472499	0.479044	0.48499	0.468701	0.477189	0.473135	0.310715	0.318319	0.311261	0.286839	0.349444	0.348203
ERR637102	0.276775	0.337789	0.277658	0.276986	0.340322	0.324093	0.357168	0.354653	0.367478	0.355059	0.357556	0.347048	0.286774	0.271365	0.228415	0.283804	0.228927	0	0.379468	0.387668	0.379241	0.377842	0.37762	0.379938	0.426565	0.4235	0.434911	0.423693	0.425572	0.422505	0.299145	0.312947	0.297763	0.297559	0.299399	0.330927	0.354844	0.33933	0.351172	0.330931	0.32736	0.321355	0.32384	0.322557	0.350934	0.350208	0.351737	0.324332	0.34642	0.335253	0.340362	0.348793	0.336359	0.345445	0.419113	0.434	0.434959	0.430941	0.434015	0.420616	0.496999	0.499518	0.497772	0.496702	0.499369	0.502754	0.623116	0.622519	0.621779	0.617302	0.621023	0.621726	0.428358	0.428659	0.429644	0.44088	0.430397	0.461402	0.579157	0.57965	0.578456	0.579742	0.576745	0.578673	0.47407	0.480003	0.485696	0.470362	0.478084	0.474582	0.313844	0.321895	0.314207	0.289484	0.353407	0.352018
ERR626766	0.37201	0.327308	0.367234	0.370509	0.32874	0.329639	0.344613	0.343071	0.341506	0.343267	0.342254	0.348493	0.324384	0.328506	0.380048	0.32407	0.375563	0.379468	0	0.250509	0.250997	0.252729	0.251372	0.248545	0.46001	0.472709	0.455965	0.472144	0.468587	0.472502	0.330616	0.306823	0.328553	0.326381	0.351254	0.304848	0.323101	0.322848	0.320735	0.321779	0.323585	0.353557	0.352599	0.353973	0.332681	0.332879	0.333366	0.354375	0.37638	0.402409	0.385019	0.374685	0.389612	0.375351	0.452535	0.440566	0.440887	0.441153	0.440049	0.452566	0.45156	0.443848	0.445555	0.44523	0.454605	0.460537	0.531651	0.529694	0.519199	0.519078	0.520318	0.528409	0.470704	0.469577	0.476549	0.493492	0.477607	0.518276	0.49716	0.493474	0.493801	0.489989	0.490486	0.495382	0.464616	0.486732	0.491446	0.466837	0.484172	0.464881	0.315272	0.310546	0.314818	0.325398	0.309572	0.310728
ERR626765	0.379315	0.326921	0.373823	0.37746	0.327276	0.330789	0.346866	0.345379	0.341376	0.345717	0.344194	0.352924	0.32556	0.331774	0.388223	0.326282	0.383585	0.387668	0.250509	0	0.253623	0.255622	0.254768	0.250119	0.462471	0.476953	0.45752	0.476433	0.472095	0.476735	0.341315	0.31037	0.338721	0.336055	0.363588	0.304598	0.323674	0.325723	0.321084	0.325164	0.327878	0.364388	0.360967	0.362228	0.333492	0.333623	0.334298	0.362897	0.379797	0.408821	0.389429	0.377891	0.394409	0.378664	0.457066	0.441647	0.441818	0.442761	0.441076	0.457368	0.455258	0.444418	0.447499	0.447214	0.458592	0.464966	0.535156	0.532886	0.519002	0.520445	0.520719	0.531557	0.476426	0.474771	0.483133	0.501905	0.484582	0.528104	0.499937	0.494941	0.495548	0.490593	0.492242	0.497682	0.466423	0.493761	0.498461	0.471101	0.490624	0.466718	0.315994	0.310324	0.315265	0.331288	0.305538	0.306941
ERR626769	0.372049	0.329347	0.367284	0.370117	0.329912	0.331462	0.347805	0.345265	0.344527	0.345416	0.34482	0.351044	0.325474	0.330136	0.380114	0.325988	0.375474	0.379241	0.250997	0.253623	0	0.248649	0.247874	0.250259	0.461956	0.475894	0.457808	0.475268	0.471526	0.475513	0.327624	0.308011	0.32566	0.323966	0.352829	0.305632	0.328011	0.327181	0.324505	0.322565	0.324399	0.352852	0.350706	0.351899	0.335214	0.335196	0.33599	0.35229	0.37853	0.40602	0.388028	0.377213	0.392329	0.377429	0.453157	0.441583	0.44187	0.442507	0.441116	0.453506	0.452737	0.444603	0.445692	0.44574	0.454355	0.459154	0.52822	0.526148	0.514695	0.51555	0.515919	0.525426	0.470799	0.469665	0.476145	0.49218	0.477602	0.516014	0.493531	0.489593	0.490033	0.486341	0.487933	0.491712	0.464028	0.483988	0.488257	0.467019	0.481466	0.464349	0.314626	0.311154	0.314099	0.327195	0.310711	0.311714
ERR626770	0.37108	0.330691	0.366347	0.369102	0.330847	0.33217	0.349452	0.346431	0.346283	0.346871	0.346411	0.35235	0.325661	0.330239	0.378653	0.326452	0.374169	0.377842	0.252729	0.255622	0.248649	0	0.248546	0.251429	0.462503	0.476829	0.458588	0.476187	0.472316	0.476449	0.326436	0.308226	0.324673	0.322681	0.352179	0.306187	0.330306	0.329254	0.326337	0.323517	0.324862	0.352517	0.349914	0.351459	0.336528	0.336544	0.337398	0.351539	0.378944	0.406377	0.388514	0.377981	0.392571	0.377581	0.452889	0.442101	0.442302	0.442856	0.441639	0.453536	0.453757	0.445701	0.446521	0.446826	0.454975	0.459348	0.528305	0.526407	0.515027	0.515744	0.515889	0.525825	0.470935	0.469611	0.475929	0.491709	0.477926	0.515054	0.493195	0.489049	0.489502	0.48613	0.487944	0.491259	0.464059	0.483323	0.487396	0.467394	0.480844	0.464688	0.314355	0.311661	0.313568	0.327299	0.31188	0.31271
ERR626768	0.370989	0.329848	0.365962	0.36901	0.330431	0.331489	0.347876	0.34523	0.344957	0.345451	0.34492	0.350658	0.324955	0.329218	0.378112	0.325587	0.373922	0.37762	0.251372	0.254768	0.247874	0.248546	0	0.2508	0.461706	0.475444	0.457754	0.474782	0.471225	0.475158	0.326066	0.307536	0.324325	0.322397	0.351079	0.305585	0.328493	0.327127	0.324796	0.322425	0.323904	0.351437	0.349534	0.35077	0.335451	0.335551	0.336241	0.35099	0.377906	0.404742	0.387096	0.376531	0.391394	0.376647	0.452722	0.441694	0.442111	0.442576	0.441354	0.453094	0.452762	0.445019	0.445964	0.445983	0.454253	0.458893	0.528314	0.526464	0.515389	0.515939	0.516448	0.525663	0.470257	0.469076	0.475405	0.491281	0.476933	0.514727	0.4936	0.490008	0.490237	0.486813	0.488323	0.492016	0.464133	0.483604	0.487648	0.467021	0.48099	0.464633	0.314283	0.311294	0.313632	0.326305	0.311458	0.312454
ERR626767	0.372805	0.326709	0.367797	0.371024	0.327635	0.329152	0.346055	0.343992	0.342121	0.344195	0.3432	0.350115	0.323402	0.327936	0.38051	0.323357	0.375958	0.379938	0.248545	0.250119	0.250259	0.251429	0.2508	0	0.460807	0.474397	0.456573	0.473874	0.469881	0.474017	0.331545	0.306421	0.329115	0.326934	0.352974	0.303453	0.324342	0.324456	0.321727	0.322232	0.324684	0.355822	0.353603	0.354936	0.332789	0.332901	0.333458	0.35541	0.376891	0.404103	0.38624	0.375381	0.390739	0.375785	0.453476	0.440829	0.441132	0.441554	0.44037	0.453621	0.452856	0.444371	0.446237	0.446071	0.455832	0.461569	0.532384	0.530362	0.518771	0.519259	0.519903	0.529145	0.471814	0.470703	0.477731	0.495114	0.479162	0.519954	0.496861	0.492881	0.493237	0.48931	0.490433	0.495052	0.464556	0.487793	0.492539	0.467929	0.485181	0.46501	0.313792	0.309306	0.313316	0.326198	0.307558	0.308777
ERR635317	0.392291	0.400745	0.390839	0.392588	0.40282	0.395194	0.403058	0.404139	0.408032	0.403876	0.404934	0.400705	0.428276	0.422012	0.426275	0.425725	0.425031	0.426565	0.46001	0.462471	0.461956	0.462503	0.461706	0.460807	0	0.241456	0.235948	0.240959	0.237404	0.240961	0.449065	0.444325	0.44749	0.447209	0.449821	0.452103	0.411744	0.406405	0.410401	0.406482	0.406096	0.41525	0.406379	0.405847	0.405138	0.40519	0.405233	0.406939	0.355582	0.358541	0.353534	0.356076	0.354109	0.355685	0.281062	0.28259	0.283653	0.279825	0.282825	0.280252	0.352022	0.355836	0.354123	0.352756	0.353574	0.358667	0.482903	0.482278	0.485729	0.477251	0.483844	0.481371	0.319644	0.318039	0.326724	0.347273	0.327291	0.379776	0.430819	0.431874	0.43	0.432734	0.426455	0.43	0.333797	0.346771	0.352448	0.326576	0.343364	0.332936	0.411374	0.411015	0.411317	0.401121	0.426226	0.425498
ERR635320	0.388773	0.410965	0.388601	0.389853	0.415264	0.40406	0.40907	0.411054	0.417294	0.410838	0.412092	0.404391	0.438567	0.429118	0.422469	0.434203	0.422287	0.4235	0.472709	0.476953	0.475894	0.476829	0.475444	0.474397	0.241456	0	0.249383	0.229547	0.234227	0.229727	0.452333	0.452602	0.451085	0.451116	0.445363	0.464305	0.418827	0.41168	0.419338	0.414503	0.413096	0.412702	0.410216	0.409044	0.414906	0.414948	0.414674	0.410152	0.358573	0.350105	0.353001	0.359041	0.352069	0.359156	0.283942	0.296678	0.298353	0.292799	0.297037	0.280418	0.364398	0.376381	0.373045	0.370918	0.367358	0.372697	0.500885	0.500972	0.513297	0.501591	0.511288	0.499095	0.316224	0.316791	0.321793	0.338048	0.320646	0.36702	0.453163	0.45748	0.454823	0.458998	0.448821	0.45348	0.348785	0.350068	0.356618	0.331739	0.347821	0.347516	0.422358	0.422053	0.422151	0.402604	0.441063	0.440514
ERR635318	0.400341	0.398873	0.398421	0.400217	0.400611	0.394851	0.402485	0.403551	0.405844	0.4032	0.403959	0.40194	0.427924	0.42345	0.43467	0.425774	0.433058	0.434911	0.455965	0.45752	0.457808	0.458588	0.457754	0.456573	0.235948	0.249383	0	0.248872	0.24402	0.249432	0.452276	0.444045	0.450487	0.449941	0.456197	0.449895	0.409719	0.406218	0.408191	0.406263	0.406362	0.419983	0.409943	0.409602	0.403151	0.403413	0.403355	0.4107	0.359288	0.367922	0.359591	0.359471	0.361072	0.359297	0.286407	0.27967	0.280331	0.278204	0.279736	0.285528	0.345566	0.345559	0.34491	0.344064	0.347124	0.353185	0.470921	0.469939	0.469887	0.462994	0.468709	0.469227	0.326373	0.324292	0.335116	0.357573	0.335857	0.391403	0.419395	0.418822	0.41721	0.418216	0.413758	0.41806	0.330065	0.350242	0.355484	0.325876	0.346336	0.329304	0.411081	0.409947	0.410889	0.404837	0.422094	0.421419
ERR635319	0.389311	0.410835	0.389022	0.390386	0.415132	0.40391	0.408989	0.410999	0.417005	0.41068	0.411992	0.404335	0.43819	0.428824	0.422741	0.433872	0.422469	0.423693	0.472144	0.476433	0.475268	0.476187	0.474782	0.473874	0.240959	0.229547	0.248872	0	0.234245	0.229921	0.452433	0.452591	0.451094	0.451117	0.445489	0.464049	0.418468	0.411365	0.419065	0.414236	0.412843	0.41267	0.410202	0.409066	0.414787	0.414806	0.414426	0.410227	0.358472	0.350525	0.353173	0.359023	0.352337	0.359274	0.28406	0.296266	0.297818	0.292489	0.296371	0.280494	0.363571	0.375436	0.372188	0.370101	0.366678	0.372161	0.499539	0.499611	0.512102	0.500209	0.50993	0.497728	0.31622	0.316625	0.321633	0.338128	0.320933	0.36745	0.452166	0.456372	0.453662	0.45786	0.447593	0.452385	0.34826	0.349934	0.35667	0.331294	0.347785	0.347069	0.422085	0.421883	0.422033	0.402664	0.440622	0.440016
ERR635316	0.391193	0.407687	0.390473	0.391847	0.411341	0.401355	0.406767	0.409122	0.414121	0.40889	0.409885	0.403338	0.435371	0.426969	0.424777	0.431578	0.424167	0.425572	0.468587	0.472095	0.471526	0.472316	0.471225	0.469881	0.237404	0.234227	0.24402	0.234245	0	0.23389	0.452135	0.450193	0.450844	0.450704	0.446658	0.460594	0.415799	0.40985	0.416027	0.412399	0.411416	0.413857	0.409637	0.408513	0.411765	0.411842	0.41157	0.409714	0.357404	0.352561	0.352388	0.357699	0.351843	0.357885	0.282583	0.292096	0.293615	0.288194	0.292312	0.280667	0.3583	0.368114	0.365613	0.363739	0.361666	0.366426	0.494715	0.494615	0.504114	0.492603	0.501872	0.492672	0.317615	0.317053	0.323699	0.341449	0.323152	0.371794	0.445032	0.448459	0.446155	0.450261	0.440207	0.445217	0.343922	0.349336	0.355717	0.329942	0.346701	0.342667	0.419593	0.418838	0.419473	0.402496	0.436423	0.43592
ERR635321	0.38776	0.410583	0.38755	0.388901	0.414793	0.403529	0.408822	0.41078	0.417133	0.410502	0.411933	0.404162	0.438043	0.428511	0.421443	0.433697	0.421191	0.422505	0.472502	0.476735	0.475513	0.476449	0.475158	0.474017	0.240961	0.229727	0.249432	0.229921	0.23389	0	0.451669	0.452191	0.450505	0.450437	0.444728	0.463709	0.418638	0.41126	0.419011	0.413986	0.412592	0.412163	0.409497	0.408456	0.414533	0.414687	0.414416	0.409515	0.358111	0.349661	0.352432	0.358609	0.351435	0.358677	0.283831	0.296763	0.298428	0.292811	0.296859	0.280142	0.365003	0.376837	0.373616	0.371498	0.368056	0.373181	0.501263	0.501557	0.513783	0.502082	0.511648	0.499605	0.31587	0.316092	0.320945	0.33723	0.320013	0.366233	0.453548	0.457697	0.455066	0.459335	0.44921	0.453749	0.34852	0.349856	0.356411	0.331703	0.347408	0.347293	0.421592	0.42157	0.42154	0.401861	0.440554	0.439924
ERR608936	0.312076	0.334614	0.311274	0.311664	0.336766	0.326716	0.353102	0.3503	0.360378	0.350644	0.352477	0.34601	0.309342	0.301726	0.298976	0.307346	0.297826	0.299145	0.330616	0.341315	0.327624	0.326436	0.326066	0.331545	0.449065	0.452333	0.452276	0.452433	0.452135	0.451669	0	0.266414	0.245584	0.245878	0.263699	0.282163	0.341351	0.32962	0.337638	0.319001	0.316257	0.311682	0.319359	0.319266	0.344871	0.344376	0.345534	0.319323	0.362513	0.366145	0.362679	0.363348	0.36195	0.361639	0.435299	0.443807	0.444848	0.442291	0.443969	0.436139	0.475204	0.47636	0.474302	0.473665	0.475478	0.477785	0.574594	0.573778	0.572211	0.568581	0.571835	0.573031	0.447866	0.447474	0.448227	0.458139	0.449567	0.476433	0.536125	0.536449	0.535435	0.53615	0.53375	0.535633	0.473588	0.475756	0.480179	0.469037	0.474568	0.474251	0.315517	0.320599	0.31583	0.301387	0.342448	0.341493
ERR608932	0.322542	0.305551	0.318391	0.321112	0.307084	0.302499	0.336246	0.334056	0.336799	0.334464	0.334336	0.336149	0.282985	0.281391	0.313756	0.281961	0.309812	0.312947	0.306823	0.31037	0.308011	0.308226	0.307536	0.306421	0.444325	0.452602	0.444045	0.452591	0.450193	0.452191	0.266414	0	0.262772	0.260129	0.283147	0.243777	0.314863	0.309208	0.312012	0.306185	0.307044	0.330912	0.331283	0.331565	0.320927	0.320532	0.321287	0.332719	0.352964	0.368762	0.357353	0.352614	0.359306	0.35185	0.440617	0.434742	0.435402	0.434407	0.434324	0.441264	0.470513	0.464504	0.465983	0.465289	0.474363	0.480057	0.573512	0.571981	0.563061	0.562132	0.56388	0.570665	0.45909	0.458556	0.464518	0.481992	0.465753	0.507393	0.533379	0.530578	0.530308	0.527747	0.527542	0.531813	0.470074	0.492212	0.497765	0.472324	0.489508	0.470634	0.29467	0.294503	0.29476	0.295124	0.305947	0.305449
ERR608935	0.310737	0.331463	0.309669	0.310024	0.333651	0.323914	0.350758	0.347794	0.357677	0.34825	0.350075	0.343869	0.306246	0.298853	0.297908	0.304391	0.296486	0.297763	0.328553	0.338721	0.32566	0.324673	0.324325	0.329115	0.44749	0.451085	0.450487	0.451094	0.450844	0.450505	0.245584	0.262772	0	0.244545	0.264144	0.27794	0.338718	0.327172	0.33481	0.316601	0.314067	0.311692	0.318274	0.318319	0.342027	0.341512	0.342737	0.318571	0.360278	0.3648	0.360682	0.361147	0.360194	0.359387	0.434385	0.441972	0.443106	0.44062	0.442049	0.43525	0.474813	0.475144	0.473519	0.472867	0.475428	0.47794	0.575059	0.574176	0.571906	0.568633	0.571624	0.573463	0.447187	0.446924	0.448278	0.458866	0.449272	0.477986	0.536442	0.53661	0.535502	0.535931	0.533925	0.535934	0.472497	0.476682	0.481335	0.468744	0.475299	0.473166	0.312565	0.317336	0.312698	0.299253	0.339107	0.337939
ERR608934	0.310468	0.329197	0.309212	0.309928	0.331281	0.32178	0.348766	0.346072	0.355559	0.346458	0.348221	0.342653	0.303987	0.296587	0.297475	0.301849	0.295914	0.297559	0.326381	0.336055	0.323966	0.322681	0.322397	0.326934	0.447209	0.451116	0.449941	0.451117	0.450704	0.450437	0.245878	0.260129	0.244545	0	0.263844	0.274731	0.336453	0.325346	0.332397	0.314843	0.312663	0.312472	0.318682	0.318816	0.339899	0.339525	0.340654	0.318868	0.359178	0.364503	0.359813	0.359937	0.359434	0.358084	0.434653	0.441204	0.442297	0.439941	0.441214	0.435313	0.474268	0.474296	0.472688	0.472286	0.47531	0.478181	0.575412	0.57445	0.571749	0.568688	0.57153	0.573721	0.447683	0.447315	0.448895	0.460308	0.450268	0.480064	0.536607	0.536407	0.535373	0.535532	0.533769	0.535964	0.472146	0.47791	0.482507	0.468688	0.476277	0.472727	0.310323	0.315159	0.310467	0.297836	0.33615	0.335274
ERR608931	0.315418	0.351217	0.315803	0.316362	0.356874	0.341755	0.361676	0.360768	0.372354	0.361188	0.362952	0.352115	0.32675	0.313669	0.298657	0.32122	0.298272	0.299399	0.351254	0.363588	0.352829	0.352179	0.351079	0.352974	0.449821	0.445363	0.456197	0.445489	0.446658	0.444728	0.263699	0.283147	0.264144	0.263844	0	0.305179	0.349725	0.336115	0.350284	0.334241	0.331236	0.314352	0.331745	0.330173	0.357019	0.356949	0.35725	0.330817	0.364823	0.35518	0.36024	0.365023	0.358557	0.364422	0.437967	0.452036	0.453451	0.449164	0.451815	0.436969	0.479609	0.487897	0.484978	0.483499	0.483943	0.487319	0.59244	0.592005	0.598438	0.590529	0.596975	0.589678	0.447114	0.448957	0.447317	0.455779	0.447462	0.47229	0.555088	0.558273	0.556643	0.559275	0.551945	0.555735	0.483927	0.482339	0.488939	0.47278	0.481625	0.483971	0.337758	0.340639	0.338115	0.307847	0.366041	0.365509
ERR608933	0.3382	0.304021	0.333229	0.336267	0.303735	0.30372	0.340844	0.338625	0.337946	0.338859	0.338127	0.344151	0.282829	0.286127	0.332305	0.283919	0.327504	0.330927	0.304848	0.304598	0.305632	0.306187	0.305585	0.303453	0.452103	0.464305	0.449895	0.464049	0.460594	0.463709	0.282163	0.243777	0.27794	0.274731	0.305179	0	0.316858	0.314645	0.313269	0.311342	0.313767	0.347266	0.343464	0.34428	0.322135	0.321975	0.322818	0.345511	0.361847	0.384456	0.368542	0.361055	0.371801	0.360602	0.45108	0.439192	0.439645	0.439758	0.438665	0.452244	0.474725	0.464629	0.467345	0.467064	0.478369	0.484379	0.57171	0.569868	0.556176	0.557458	0.557487	0.568784	0.471794	0.470685	0.478335	0.497559	0.479846	0.523916	0.531445	0.526813	0.527085	0.522811	0.524949	0.529435	0.474429	0.502152	0.507088	0.480434	0.498847	0.475061	0.29538	0.293766	0.295012	0.306772	0.298318	0.297896
ERR613612	0.339657	0.304026	0.335179	0.338576	0.307442	0.304248	0.299853	0.301723	0.299431	0.301999	0.300707	0.305397	0.312374	0.31185	0.354994	0.309102	0.351034	0.354844	0.323101	0.323674	0.328011	0.330306	0.328493	0.324342	0.411744	0.418827	0.409719	0.418468	0.415799	0.418638	0.341351	0.314863	0.338718	0.336453	0.349725	0.316858	0	0.242317	0.239932	0.249149	0.252285	0.289352	0.327263	0.327372	0.299871	0.300103	0.30002	0.328631	0.332334	0.351841	0.337369	0.330096	0.340945	0.331593	0.412002	0.402214	0.40286	0.40157	0.401653	0.410867	0.423772	0.418903	0.421317	0.420394	0.428321	0.434921	0.523956	0.522424	0.518017	0.51466	0.518786	0.519953	0.423331	0.422289	0.430881	0.449916	0.430884	0.477223	0.489876	0.487983	0.487113	0.484675	0.481263	0.488281	0.437591	0.459006	0.464508	0.434512	0.456494	0.43731	0.305798	0.300335	0.305587	0.306156	0.304804	0.30638
ERR613613	0.326011	0.302586	0.322384	0.325449	0.306218	0.300506	0.297223	0.297714	0.299217	0.297852	0.297502	0.298409	0.30743	0.304594	0.339505	0.303711	0.335832	0.33933	0.322848	0.325723	0.327181	0.329254	0.327127	0.324456	0.406405	0.41168	0.406218	0.411365	0.40985	0.41126	0.32962	0.309208	0.327172	0.325346	0.336115	0.314645	0.242317	0	0.242585	0.244857	0.246537	0.276636	0.315762	0.31538	0.297392	0.2973	0.297573	0.31705	0.325227	0.340045	0.328589	0.323449	0.331695	0.324695	0.404849	0.399699	0.400414	0.398474	0.399147	0.403731	0.422815	0.420819	0.422023	0.421011	0.42755	0.433664	0.529129	0.527777	0.525449	0.521034	0.525552	0.525446	0.414582	0.414069	0.421037	0.439092	0.421021	0.465598	0.493697	0.492881	0.491742	0.490464	0.486506	0.492559	0.435008	0.452695	0.458557	0.431132	0.450387	0.434854	0.301199	0.297513	0.301409	0.296245	0.307026	0.307646
ERR613611	0.33593	0.301125	0.331401	0.334738	0.30336	0.301041	0.298793	0.299666	0.297783	0.299886	0.298924	0.304078	0.308702	0.309008	0.35151	0.306431	0.347583	0.351172	0.320735	0.321084	0.324505	0.326337	0.324796	0.321727	0.410401	0.419338	0.408191	0.419065	0.416027	0.419011	0.337638	0.312012	0.33481	0.332397	0.350284	0.313269	0.239932	0.242585	0	0.245175	0.248286	0.287894	0.323033	0.323265	0.297659	0.297918	0.298035	0.324549	0.330804	0.352134	0.336452	0.328943	0.340046	0.329897	0.409749	0.400003	0.400496	0.399436	0.399404	0.40931	0.424061	0.417704	0.419939	0.419435	0.427508	0.433476	0.523311	0.521754	0.515094	0.512861	0.516066	0.519741	0.421368	0.419668	0.42862	0.447853	0.428909	0.475458	0.487956	0.485261	0.484511	0.481878	0.47987	0.48613	0.434595	0.456454	0.461664	0.433295	0.453876	0.434411	0.300056	0.295981	0.300183	0.303877	0.300475	0.301766
ERR613614	0.317944	0.30271	0.314706	0.316723	0.304562	0.299552	0.297986	0.296564	0.300313	0.296868	0.297346	0.297934	0.304954	0.302733	0.331039	0.302807	0.328306	0.330931	0.321779	0.325164	0.322565	0.323517	0.322425	0.322232	0.406482	0.414503	0.406263	0.414236	0.412399	0.413986	0.319001	0.306185	0.316601	0.314843	0.334241	0.311342	0.249149	0.244857	0.245175	0	0.238092	0.267964	0.305081	0.305001	0.297746	0.297901	0.298483	0.305986	0.325511	0.342072	0.329665	0.324771	0.33194	0.324399	0.401111	0.39821	0.398781	0.397212	0.397854	0.400937	0.425211	0.421247	0.421813	0.421486	0.427025	0.431469	0.526869	0.525504	0.520552	0.51811	0.520985	0.524258	0.409679	0.408159	0.414758	0.431822	0.415273	0.457751	0.490067	0.4885	0.487566	0.486214	0.484595	0.488758	0.431305	0.44624	0.451201	0.429216	0.443965	0.431281	0.294021	0.293574	0.294138	0.293342	0.305329	0.305521
ERR613615	0.314764	0.30482	0.311761	0.313727	0.306822	0.300909	0.299044	0.297497	0.302378	0.297767	0.298809	0.298	0.30603	0.303022	0.32758	0.303827	0.324724	0.32736	0.323585	0.327878	0.324399	0.324862	0.323904	0.324684	0.406096	0.413096	0.406362	0.412843	0.411416	0.412592	0.316257	0.307044	0.314067	0.312663	0.331236	0.313767	0.252285	0.246537	0.248286	0.238092	0	0.264409	0.302094	0.302296	0.299803	0.299798	0.300582	0.302996	0.324904	0.33952	0.328353	0.324391	0.330187	0.323879	0.399351	0.398523	0.399147	0.397295	0.398356	0.399505	0.425883	0.42293	0.422864	0.422577	0.42714	0.431316	0.528076	0.526863	0.522888	0.519988	0.523042	0.525618	0.407112	0.40575	0.411831	0.427955	0.412354	0.453071	0.491189	0.490058	0.4892	0.488054	0.486169	0.4901	0.431217	0.444026	0.448908	0.428469	0.441974	0.431259	0.295043	0.295437	0.295055	0.292367	0.308723	0.308855
ERR613616	0.312395	0.338937	0.312402	0.31298	0.343392	0.330616	0.322634	0.322187	0.33395	0.322173	0.324922	0.313457	0.335717	0.325497	0.320514	0.331009	0.320057	0.321355	0.353557	0.364388	0.352852	0.352517	0.351437	0.355822	0.41525	0.412702	0.419983	0.41267	0.413857	0.412163	0.311682	0.330912	0.311692	0.312472	0.314352	0.347266	0.289352	0.276636	0.287894	0.267964	0.264409	0	0.300817	0.299504	0.331354	0.33124	0.331598	0.299744	0.338906	0.335356	0.335666	0.338745	0.334938	0.338363	0.401206	0.41596	0.417184	0.412925	0.41593	0.400574	0.434653	0.442681	0.439164	0.438434	0.434814	0.435938	0.537567	0.537302	0.544666	0.536877	0.543329	0.535664	0.40138	0.400995	0.400729	0.407362	0.400347	0.423476	0.504404	0.507707	0.505564	0.508636	0.501865	0.504872	0.445055	0.43575	0.440393	0.432076	0.435805	0.444889	0.326235	0.329485	0.326754	0.303836	0.352402	0.352274
ERR613543	0.31594	0.335561	0.315392	0.31584	0.337672	0.327342	0.291913	0.289074	0.30081	0.289108	0.292294	0.283404	0.329633	0.322074	0.323481	0.326904	0.322541	0.32384	0.352599	0.360967	0.350706	0.349914	0.349534	0.353603	0.406379	0.410216	0.409943	0.410202	0.409637	0.409497	0.319359	0.331283	0.318274	0.318682	0.331745	0.343464	0.327263	0.315762	0.323033	0.305081	0.302094	0.300817	0	0.246377	0.276506	0.276431	0.277388	0.246611	0.334788	0.338878	0.334077	0.335576	0.33359	0.334089	0.394089	0.404489	0.405439	0.402078	0.404676	0.394719	0.432526	0.435513	0.432471	0.43211	0.431774	0.433094	0.536599	0.535901	0.53685	0.531486	0.535564	0.535238	0.390472	0.389462	0.390623	0.400523	0.3912	0.419515	0.498591	0.499805	0.498268	0.50009	0.497015	0.498391	0.433933	0.432181	0.43632	0.427829	0.431135	0.43401	0.319513	0.323668	0.319772	0.306866	0.344307	0.343573
ERR613542	0.315367	0.336058	0.31478	0.315139	0.33838	0.327702	0.291759	0.289178	0.301223	0.289043	0.292388	0.283031	0.329826	0.321986	0.322346	0.327055	0.321446	0.322557	0.353973	0.362228	0.351899	0.351459	0.35077	0.354936	0.405847	0.409044	0.409602	0.409066	0.408513	0.408456	0.319266	0.331565	0.318319	0.318816	0.330173	0.34428	0.327372	0.31538	0.323265	0.305001	0.302296	0.299504	0.246377	0	0.27717	0.277379	0.277868	0.246786	0.334033	0.336892	0.332756	0.334755	0.332321	0.333398	0.393623	0.404494	0.405747	0.401975	0.404626	0.394335	0.431994	0.435722	0.432465	0.432301	0.431727	0.433138	0.537924	0.537275	0.538629	0.533097	0.537386	0.53646	0.389586	0.388698	0.389775	0.399661	0.390348	0.418429	0.499733	0.501213	0.499702	0.501724	0.498206	0.499657	0.434247	0.432168	0.436374	0.427674	0.431009	0.434471	0.320311	0.324359	0.320705	0.306551	0.34551	0.344806
ERR613541	0.340388	0.310726	0.336128	0.339273	0.31268	0.309415	0.273273	0.272239	0.271833	0.27214	0.271666	0.277058	0.312151	0.311739	0.351377	0.310119	0.347819	0.350934	0.332681	0.333492	0.335214	0.336528	0.335451	0.332789	0.405138	0.414906	0.403151	0.414787	0.411765	0.414533	0.344871	0.320927	0.342027	0.339899	0.357019	0.322135	0.299871	0.297392	0.297659	0.297746	0.299803	0.331354	0.276506	0.27717	0	0.24462	0.244926	0.27893	0.33064	0.351758	0.336621	0.329829	0.340026	0.329957	0.406065	0.396648	0.397096	0.39604	0.396187	0.405788	0.423986	0.418757	0.419855	0.419246	0.427841	0.434066	0.528034	0.526462	0.519673	0.517283	0.519949	0.524839	0.41216	0.411534	0.419223	0.438567	0.419822	0.465703	0.489628	0.487378	0.486794	0.484369	0.483304	0.488156	0.431213	0.453534	0.4589	0.431967	0.450571	0.431371	0.307868	0.304553	0.307943	0.311461	0.310972	0.311317
