	ERR608869	ERR608870	ERR608865	ERR608866	ERR608868	ERR608867	ERR613360	ERR613364	ERR613363	ERR613362	ERR613361	ERR613359	ERR626766	ERR626765	ERR626769	ERR626770	ERR626768	ERR626767	ERR608758	ERR608757	ERR608760	ERR608762	ERR608761	ERR608759	ERR637122	ERR637119	ERR637118	ERR637120	ERR637117	ERR637121	ERR621924	ERR621920	ERR621922	ERR621923	ERR621919	ERR621921	ERR608389	ERR608391	ERR608390	ERR608393	ERR608392	ERR608394	ERR626952	ERR626951	ERR626956	ERR626955	ERR626953	ERR626954	ERR606039	ERR606037	ERR606036	ERR606038	ERR606040	ERR606041	ERR618308	ERR618307	ERR618305	ERR618306	ERR618303	ERR618304	ERR609006	ERR609007	ERR609008	ERR609004	ERR609003	ERR609005	ERR636931	ERR636935	ERR636934	ERR636936	ERR636933	ERR636932	ERR618690	ERR618687	ERR618689	ERR618688	ERR618692	ERR618691	ERR617314	ERR617316	ERR617317	ERR617315	ERR617318	ERR617313	ERR612217	ERR612218	ERR612215	ERR612220	ERR612219	ERR612216	ERR638286	ERR638290	ERR638285	ERR638287	ERR638288	ERR638289
ERR608869	0	0.239534	0.298093	0.24161	0.240694	0.244784	0.384767	0.426585	0.390475	0.394179	0.377871	0.376255	0.308633	0.312265	0.311317	0.311848	0.310743	0.308937	0.351021	0.395913	0.337675	0.348901	0.333213	0.336219	0.286439	0.287625	0.287742	0.287054	0.287579	0.286571	0.36062	0.343736	0.346114	0.358322	0.334166	0.344725	0.40574	0.361177	0.371007	0.361861	0.364704	0.371577	0.329706	0.289372	0.285543	0.281868	0.288497	0.318369	0.576551	0.554239	0.572588	0.554305	0.580471	0.582638	0.528788	0.527956	0.525339	0.524609	0.52357	0.529716	0.475143	0.475432	0.475432	0.475452	0.519887	0.476175	0.339467	0.315142	0.315532	0.315954	0.318197	0.32095	0.553395	0.550538	0.55606	0.557101	0.550823	0.552296	0.63683	0.613892	0.615818	0.633402	0.615433	0.631204	0.468859	0.469473	0.470339	0.470902	0.484094	0.468793	0.505423	0.484961	0.509197	0.514382	0.475895	0.476384
ERR608870	0.239534	0	0.300544	0.241757	0.240199	0.243821	0.385723	0.428179	0.390996	0.394878	0.378225	0.376237	0.308474	0.311482	0.310913	0.311613	0.31064	0.308389	0.35217	0.397857	0.338297	0.350156	0.333741	0.337001	0.287076	0.287941	0.287675	0.287645	0.288517	0.287097	0.361329	0.34419	0.346253	0.358853	0.333991	0.344977	0.407196	0.36121	0.371358	0.361682	0.364519	0.372187	0.332373	0.291132	0.287392	0.283491	0.290281	0.320917	0.57668	0.553572	0.573099	0.553647	0.580518	0.582795	0.529182	0.528124	0.525317	0.524555	0.52398	0.529811	0.475394	0.475774	0.475835	0.475866	0.521339	0.476378	0.341292	0.316646	0.317051	0.317535	0.319667	0.322364	0.553606	0.550629	0.556361	0.557481	0.550917	0.552559	0.637042	0.613864	0.615872	0.63382	0.615459	0.631654	0.469686	0.470168	0.470717	0.471578	0.48526	0.469537	0.506796	0.486281	0.510612	0.515678	0.476801	0.477294
ERR608865	0.298093	0.300544	0	0.290731	0.300293	0.31855	0.404763	0.406064	0.416085	0.416423	0.411788	0.422636	0.366099	0.379519	0.368173	0.367142	0.366351	0.368149	0.35588	0.354309	0.367958	0.355977	0.367589	0.361801	0.34236	0.343495	0.347595	0.337989	0.330449	0.33912	0.36542	0.362344	0.365853	0.365568	0.370571	0.361627	0.381378	0.399973	0.39134	0.403443	0.404254	0.393275	0.308048	0.309819	0.307451	0.307479	0.310493	0.306629	0.599672	0.59609	0.579572	0.598055	0.601061	0.602839	0.547056	0.548983	0.553727	0.551549	0.543817	0.552308	0.512247	0.511994	0.51247	0.50516	0.501244	0.515684	0.33621	0.330759	0.330051	0.330036	0.33304	0.343483	0.567631	0.566582	0.567123	0.566744	0.567982	0.567299	0.649593	0.635671	0.637497	0.647028	0.63769	0.639489	0.493503	0.496769	0.502604	0.494914	0.492072	0.493249	0.501118	0.487971	0.503067	0.508804	0.494442	0.494712
ERR608866	0.24161	0.241757	0.290731	0	0.24157	0.245978	0.386122	0.424915	0.392516	0.39602	0.380174	0.379319	0.312009	0.316882	0.314339	0.314649	0.313836	0.311787	0.350604	0.392686	0.338925	0.348803	0.334921	0.337556	0.288806	0.289474	0.289499	0.288698	0.287436	0.288577	0.359997	0.344415	0.346525	0.357775	0.336361	0.344611	0.404243	0.364186	0.372149	0.364953	0.367495	0.3733	0.32496	0.287983	0.284478	0.281173	0.287169	0.314435	0.580786	0.559399	0.575105	0.559597	0.584735	0.586938	0.531104	0.530498	0.528474	0.527323	0.52637	0.532284	0.478016	0.478469	0.478521	0.477558	0.518895	0.478999	0.337783	0.314203	0.314486	0.314937	0.317392	0.32107	0.555718	0.55308	0.558095	0.559114	0.553098	0.55463	0.639542	0.617193	0.619221	0.636496	0.618797	0.633932	0.469886	0.470926	0.472236	0.472107	0.484305	0.470027	0.505564	0.485841	0.509232	0.514523	0.476986	0.477432
ERR608868	0.240694	0.240199	0.300293	0.24157	0	0.243437	0.386876	0.429024	0.392342	0.396095	0.380009	0.377448	0.309357	0.312609	0.311495	0.311951	0.311019	0.309181	0.352261	0.397937	0.33786	0.3501	0.333447	0.337384	0.288151	0.288837	0.288213	0.288736	0.288846	0.288382	0.361332	0.344701	0.346583	0.359037	0.334813	0.345201	0.407624	0.361556	0.371559	0.36174	0.364379	0.37224	0.332377	0.291378	0.287756	0.284245	0.290153	0.320544	0.578507	0.555419	0.574514	0.555355	0.582719	0.584948	0.529977	0.529066	0.526403	0.52538	0.525379	0.530871	0.476496	0.476886	0.477001	0.476802	0.522127	0.476961	0.341035	0.316448	0.316813	0.31738	0.319878	0.321951	0.554287	0.55155	0.557104	0.558251	0.551525	0.553155	0.637603	0.614423	0.616403	0.634486	0.615879	0.632682	0.469967	0.470475	0.471292	0.471946	0.485499	0.470132	0.507063	0.487593	0.510855	0.515993	0.477176	0.477586
ERR608867	0.244784	0.243821	0.31855	0.245978	0.243437	0	0.393522	0.441323	0.397891	0.402085	0.383336	0.377465	0.307957	0.308261	0.309875	0.31063	0.309955	0.306858	0.363497	0.41439	0.344776	0.361148	0.339694	0.3453	0.288378	0.288717	0.286836	0.290603	0.292848	0.289789	0.371104	0.352285	0.35396	0.368314	0.338822	0.353088	0.419734	0.363717	0.377191	0.363133	0.366303	0.377995	0.350162	0.30212	0.298299	0.293856	0.300591	0.337428	0.578362	0.551342	0.577651	0.550896	0.583097	0.58549	0.530162	0.528606	0.524476	0.523588	0.524995	0.530102	0.475648	0.476085	0.476062	0.477398	0.53029	0.475263	0.355152	0.328103	0.328757	0.329413	0.331596	0.331971	0.554925	0.551971	0.558365	0.55988	0.551645	0.553846	0.637569	0.612843	0.614636	0.634451	0.614117	0.633457	0.473459	0.473201	0.472831	0.475717	0.492446	0.473616	0.51496	0.494782	0.519156	0.524126	0.481746	0.482136
ERR613360	0.384767	0.385723	0.404763	0.386122	0.386876	0.393522	0	0.292695	0.25733	0.258966	0.255253	0.265824	0.379659	0.385486	0.379135	0.379966	0.378549	0.380836	0.347049	0.382246	0.342791	0.346637	0.341095	0.340306	0.388164	0.389848	0.389767	0.387119	0.386861	0.387983	0.385529	0.373688	0.377327	0.383375	0.373436	0.375824	0.384293	0.355864	0.360125	0.358179	0.360589	0.361147	0.405409	0.383347	0.38337	0.381744	0.383726	0.399531	0.484781	0.478407	0.472203	0.479519	0.486328	0.487946	0.466086	0.466499	0.467294	0.467058	0.462629	0.4681	0.43294	0.432179	0.433066	0.427088	0.444619	0.435214	0.371575	0.362697	0.363806	0.363063	0.362612	0.36461	0.486258	0.484658	0.487794	0.487058	0.486559	0.48555	0.56038	0.543843	0.545446	0.557379	0.545968	0.553174	0.393136	0.394988	0.398661	0.392549	0.390197	0.391893	0.428431	0.417672	0.431121	0.434583	0.418699	0.417984
ERR613364	0.426585	0.428179	0.406064	0.424915	0.429024	0.441323	0.292695	0	0.292991	0.288686	0.31345	0.334062	0.424793	0.436174	0.421463	0.420424	0.419916	0.426326	0.352235	0.351594	0.368515	0.353838	0.37068	0.363949	0.434888	0.437516	0.438068	0.43209	0.428579	0.433137	0.386432	0.388823	0.390787	0.38658	0.40156	0.388547	0.363884	0.384954	0.37362	0.388792	0.388169	0.375092	0.417809	0.413691	0.415264	0.4154	0.414625	0.416081	0.491309	0.507599	0.468067	0.510225	0.490492	0.491199	0.480335	0.482803	0.489064	0.488115	0.480167	0.485036	0.474869	0.473959	0.47533	0.463917	0.437073	0.478514	0.378702	0.387808	0.388544	0.387595	0.385724	0.389533	0.493985	0.495261	0.493515	0.492026	0.496545	0.493974	0.557902	0.550716	0.551736	0.555735	0.552886	0.54888	0.430006	0.433458	0.440934	0.427943	0.407357	0.429872	0.429829	0.432765	0.430017	0.432061	0.446581	0.445214
ERR613363	0.390475	0.390996	0.416085	0.392516	0.392342	0.397891	0.25733	0.292991	0	0.252056	0.2621	0.270757	0.381689	0.387203	0.378195	0.378219	0.377707	0.382065	0.342421	0.381861	0.337252	0.342034	0.336461	0.335971	0.395445	0.398497	0.396499	0.395014	0.395514	0.395483	0.381529	0.371383	0.373248	0.379197	0.370708	0.372983	0.381905	0.348538	0.352693	0.350338	0.351954	0.353716	0.416767	0.390869	0.392018	0.390452	0.391164	0.409684	0.470647	0.466778	0.464269	0.467419	0.473007	0.474199	0.460549	0.460694	0.460056	0.460487	0.458388	0.461429	0.433232	0.432701	0.433757	0.427894	0.448024	0.434883	0.371288	0.366783	0.36798	0.367586	0.365263	0.364519	0.479774	0.479046	0.482362	0.482185	0.479679	0.479173	0.549179	0.532056	0.533472	0.546239	0.534006	0.544488	0.396838	0.398131	0.401208	0.395402	0.391281	0.396707	0.427369	0.420192	0.429865	0.432076	0.419668	0.418633
ERR613362	0.394179	0.394878	0.416423	0.39602	0.396095	0.402085	0.258966	0.288686	0.252056	0	0.265713	0.275972	0.38553	0.391727	0.381403	0.381377	0.380789	0.386034	0.341093	0.378429	0.337709	0.340787	0.33728	0.336136	0.39973	0.403065	0.40086	0.399225	0.39938	0.399703	0.38014	0.371378	0.373117	0.378176	0.371891	0.372988	0.378971	0.349302	0.352405	0.351366	0.352622	0.353162	0.417923	0.393192	0.394662	0.393247	0.393656	0.411002	0.468844	0.467387	0.461774	0.46825	0.47084	0.47205	0.460061	0.460314	0.460104	0.460629	0.458232	0.4609	0.435551	0.435149	0.436291	0.429869	0.44613	0.437497	0.370834	0.368244	0.369358	0.36897	0.366438	0.365518	0.478595	0.478071	0.480932	0.480832	0.478507	0.478012	0.5467	0.530425	0.531823	0.543918	0.53248	0.542011	0.398635	0.400089	0.403426	0.396965	0.390746	0.398577	0.425673	0.420086	0.427905	0.429764	0.4206	0.41952
ERR613361	0.377871	0.378225	0.411788	0.380174	0.380009	0.383336	0.255253	0.31345	0.2621	0.265713	0	0.252548	0.370661	0.373833	0.371281	0.372765	0.371206	0.371363	0.357054	0.400246	0.346679	0.356193	0.343648	0.345285	0.379798	0.38084	0.380702	0.37982	0.380956	0.380383	0.396258	0.380551	0.384005	0.393445	0.375054	0.382643	0.397943	0.355289	0.364509	0.356685	0.360069	0.365227	0.412896	0.38459	0.383288	0.380594	0.384361	0.405731	0.48738	0.473187	0.478952	0.473746	0.489549	0.491529	0.464846	0.464488	0.463342	0.463275	0.460112	0.465956	0.42417	0.423762	0.424271	0.420792	0.452233	0.426369	0.381432	0.366549	0.367652	0.367095	0.366812	0.3685	0.486487	0.484171	0.488773	0.488611	0.485836	0.48551	0.563672	0.543753	0.545629	0.56037	0.545856	0.556929	0.389251	0.390524	0.392617	0.389966	0.395506	0.388366	0.43707	0.421301	0.440198	0.444174	0.418217	0.417983
ERR613359	0.376255	0.376237	0.422636	0.379319	0.377448	0.377465	0.265824	0.334062	0.270757	0.275972	0.252548	0	0.366115	0.366784	0.366735	0.368321	0.367258	0.366154	0.366494	0.416525	0.350265	0.365081	0.346391	0.350307	0.376823	0.377659	0.376618	0.377908	0.380713	0.378275	0.404672	0.387092	0.389657	0.401399	0.377529	0.388978	0.410274	0.354752	0.368472	0.3553	0.359132	0.369068	0.424257	0.389008	0.387591	0.384324	0.388458	0.415362	0.489436	0.468602	0.48569	0.468707	0.492773	0.494926	0.46431	0.463296	0.460236	0.460106	0.459477	0.46452	0.419908	0.419666	0.420085	0.418555	0.462319	0.420837	0.39115	0.372697	0.374055	0.373418	0.373655	0.373591	0.486947	0.4841	0.489928	0.490438	0.485225	0.485913	0.564638	0.541786	0.54368	0.561441	0.543812	0.559482	0.390663	0.391107	0.391333	0.39183	0.403055	0.389894	0.445786	0.428924	0.449522	0.45349	0.420387	0.420338
ERR626766	0.308633	0.308474	0.366099	0.312009	0.309357	0.307957	0.379659	0.424793	0.381689	0.38553	0.370661	0.366115	0	0.250509	0.250997	0.252729	0.251372	0.248545	0.345	0.396891	0.327843	0.342658	0.32346	0.328022	0.329549	0.328581	0.32768	0.331895	0.335441	0.331284	0.384574	0.36756	0.369148	0.381405	0.356408	0.368502	0.392578	0.334957	0.348343	0.3348	0.338128	0.347967	0.394781	0.34859	0.34454	0.339656	0.347344	0.382879	0.534697	0.511301	0.534233	0.511417	0.53885	0.541099	0.491748	0.490538	0.487179	0.486429	0.486945	0.491799	0.44954	0.449614	0.449387	0.449695	0.498148	0.450067	0.360701	0.33964	0.340472	0.340992	0.34093	0.340304	0.514297	0.510846	0.517395	0.518396	0.511521	0.513016	0.594869	0.569998	0.571793	0.591808	0.571231	0.590171	0.458689	0.458734	0.458062	0.460467	0.474142	0.458488	0.489262	0.471493	0.492748	0.497102	0.461368	0.461256
ERR626765	0.312265	0.311482	0.379519	0.316882	0.312609	0.308261	0.385486	0.436174	0.387203	0.391727	0.373833	0.366784	0.250509	0	0.253623	0.255622	0.254768	0.250119	0.356089	0.412034	0.334824	0.353654	0.329928	0.336128	0.330994	0.33011	0.328606	0.334316	0.339119	0.333523	0.394145	0.375523	0.37686	0.390731	0.361328	0.376714	0.406303	0.340158	0.35713	0.339667	0.343375	0.356593	0.404307	0.354952	0.351015	0.345915	0.353494	0.391921	0.538325	0.510789	0.540467	0.51063	0.542947	0.545436	0.495631	0.493796	0.489155	0.488665	0.490187	0.494946	0.448687	0.448974	0.448691	0.450674	0.506492	0.448828	0.371774	0.347499	0.34868	0.349029	0.349293	0.347936	0.518789	0.51488	0.522166	0.52358	0.515291	0.517391	0.599467	0.573275	0.574969	0.596344	0.574438	0.595355	0.460041	0.459764	0.457892	0.462137	0.478544	0.459847	0.496536	0.477221	0.500302	0.50469	0.464654	0.464705
ERR626769	0.311317	0.310913	0.368173	0.314339	0.311495	0.309875	0.379135	0.421463	0.378195	0.381403	0.371281	0.366735	0.250997	0.253623	0	0.248649	0.247874	0.250259	0.339525	0.392391	0.322302	0.336938	0.318895	0.323204	0.33329	0.333098	0.330949	0.335691	0.339168	0.334996	0.379645	0.363958	0.364582	0.376271	0.353174	0.364605	0.387105	0.328885	0.341564	0.328334	0.330934	0.340838	0.397702	0.350495	0.347152	0.342813	0.34921	0.385443	0.527113	0.505402	0.528523	0.505561	0.53155	0.533688	0.487147	0.485778	0.482051	0.481577	0.483157	0.486764	0.448868	0.449023	0.448913	0.448929	0.496094	0.449086	0.357569	0.339253	0.339984	0.340778	0.340025	0.337985	0.508882	0.506103	0.512577	0.51386	0.505785	0.507515	0.587455	0.562443	0.564087	0.584308	0.563591	0.583758	0.458792	0.458614	0.458042	0.459953	0.472174	0.458871	0.486102	0.470451	0.489531	0.493399	0.460074	0.459692
ERR626770	0.311848	0.311613	0.367142	0.314649	0.311951	0.31063	0.379966	0.420424	0.378219	0.381377	0.372765	0.368321	0.252729	0.255622	0.248649	0	0.248546	0.251429	0.337149	0.389716	0.320526	0.334774	0.317247	0.321486	0.334592	0.334976	0.332575	0.337033	0.340181	0.336356	0.377901	0.363077	0.363257	0.375036	0.352673	0.363427	0.384283	0.327772	0.339495	0.327083	0.329569	0.339085	0.397435	0.350513	0.34744	0.343235	0.349135	0.385082	0.526398	0.505939	0.528208	0.506213	0.531096	0.533272	0.486173	0.484781	0.48147	0.480712	0.482699	0.485824	0.449539	0.449677	0.449672	0.449367	0.494979	0.449688	0.355717	0.338434	0.339447	0.33991	0.339041	0.33669	0.508008	0.505407	0.51152	0.513014	0.504688	0.506708	0.58574	0.561058	0.562638	0.582789	0.562056	0.58257	0.458916	0.458785	0.458376	0.460025	0.471623	0.459493	0.484913	0.470102	0.488232	0.492012	0.459796	0.459383
ERR626768	0.310743	0.31064	0.366351	0.313836	0.311019	0.309955	0.378549	0.419916	0.377707	0.380789	0.371206	0.367258	0.251372	0.254768	0.247874	0.248546	0	0.2508	0.337837	0.390131	0.321179	0.335375	0.317873	0.322143	0.332895	0.332868	0.330886	0.335263	0.338427	0.334594	0.378182	0.362974	0.363354	0.374889	0.352553	0.36333	0.384982	0.328342	0.340357	0.328137	0.330604	0.339925	0.395992	0.349352	0.345991	0.341763	0.348067	0.383805	0.527108	0.506134	0.528067	0.506383	0.531581	0.533698	0.487185	0.485877	0.482486	0.481868	0.483363	0.48682	0.449813	0.449795	0.449873	0.44942	0.495305	0.450032	0.355714	0.338171	0.33911	0.339472	0.338804	0.337067	0.50862	0.506055	0.512231	0.513478	0.505522	0.507306	0.587098	0.562524	0.564123	0.584121	0.563608	0.583464	0.459128	0.458945	0.458543	0.460217	0.471787	0.459363	0.485235	0.470082	0.48868	0.492517	0.459956	0.459538
ERR626767	0.308937	0.308389	0.368149	0.311787	0.309181	0.306858	0.380836	0.426326	0.382065	0.386034	0.371363	0.366154	0.248545	0.250119	0.250259	0.251429	0.2508	0	0.345981	0.399147	0.327751	0.343527	0.323543	0.328398	0.329858	0.329064	0.327569	0.332248	0.335953	0.331747	0.385252	0.368357	0.36949	0.382075	0.356421	0.368835	0.394089	0.334417	0.348323	0.334001	0.337118	0.347961	0.396628	0.349441	0.345519	0.340768	0.348074	0.384533	0.534939	0.510908	0.535386	0.510934	0.539368	0.541658	0.491622	0.490152	0.486581	0.485784	0.48701	0.491592	0.449147	0.449513	0.449131	0.44964	0.499416	0.44951	0.362017	0.340434	0.341355	0.341985	0.341795	0.340868	0.514671	0.51112	0.517758	0.519021	0.51135	0.513181	0.594565	0.569408	0.571078	0.591627	0.570545	0.590491	0.458392	0.458492	0.45765	0.460236	0.474364	0.458709	0.490438	0.472737	0.493942	0.498289	0.461725	0.461512
ERR608758	0.351021	0.35217	0.35588	0.350604	0.352261	0.363497	0.347049	0.352235	0.342421	0.341093	0.357054	0.366494	0.345	0.356089	0.339525	0.337149	0.337837	0.345981	0	0.285895	0.258705	0.252961	0.261211	0.255457	0.367257	0.371876	0.369141	0.365527	0.362946	0.366045	0.357453	0.355519	0.355699	0.357076	0.360822	0.356214	0.324248	0.314112	0.307953	0.317289	0.31643	0.309733	0.365514	0.344667	0.347469	0.347443	0.34531	0.358364	0.492022	0.497388	0.482974	0.499037	0.49424	0.495126	0.465907	0.466675	0.468909	0.468547	0.465836	0.467897	0.447893	0.447485	0.448566	0.440133	0.442953	0.449495	0.309778	0.314701	0.315391	0.315503	0.312387	0.311691	0.487089	0.487489	0.488229	0.488689	0.487425	0.487149	0.549879	0.536108	0.537471	0.547233	0.537572	0.545583	0.432153	0.434155	0.438399	0.430526	0.42169	0.433105	0.42565	0.4249	0.42722	0.428931	0.427827	0.426725
ERR608757	0.395913	0.397857	0.354309	0.392686	0.397937	0.41439	0.382246	0.351594	0.381861	0.378429	0.400246	0.416525	0.396891	0.412034	0.392391	0.389716	0.390131	0.399147	0.285895	0	0.314267	0.288765	0.319224	0.307537	0.412982	0.416575	0.417013	0.409252	0.403592	0.410244	0.375467	0.383445	0.384638	0.376886	0.398985	0.383134	0.316323	0.363194	0.343528	0.368459	0.365978	0.345681	0.37573	0.377699	0.380306	0.381629	0.379155	0.374598	0.515999	0.536963	0.493779	0.539822	0.515435	0.515844	0.488087	0.491238	0.499038	0.4977	0.489243	0.49323	0.490166	0.489055	0.490498	0.478182	0.439178	0.493504	0.333599	0.351575	0.35138	0.351223	0.348936	0.353043	0.503847	0.505674	0.502414	0.501514	0.506613	0.504135	0.562407	0.557202	0.558136	0.560299	0.559014	0.554124	0.468334	0.471869	0.478744	0.466561	0.446989	0.468672	0.437394	0.444779	0.436488	0.437677	0.460438	0.459191
ERR608760	0.337675	0.338297	0.367958	0.338925	0.33786	0.344776	0.342791	0.368515	0.337252	0.337709	0.346679	0.350265	0.327843	0.334824	0.322302	0.320526	0.321179	0.327751	0.258705	0.314267	0	0.256964	0.247001	0.248755	0.352301	0.356972	0.352707	0.352118	0.35174	0.352166	0.363264	0.355155	0.355233	0.361519	0.353701	0.356155	0.344948	0.304037	0.308109	0.305251	0.305998	0.309044	0.37274	0.340756	0.34297	0.341938	0.340681	0.363068	0.490608	0.485613	0.488249	0.486188	0.494528	0.49548	0.463947	0.46363	0.462582	0.462459	0.462989	0.464254	0.433685	0.433338	0.43432	0.429141	0.453636	0.433996	0.31601	0.311016	0.312131	0.312337	0.309881	0.306512	0.488105	0.487279	0.490529	0.49162	0.486826	0.487669	0.552937	0.534339	0.535919	0.55006	0.535772	0.550464	0.422175	0.423168	0.425415	0.420853	0.419721	0.423303	0.431631	0.425908	0.434488	0.436354	0.420984	0.420304
ERR608762	0.348901	0.350156	0.355977	0.348803	0.3501	0.361148	0.346637	0.353838	0.342034	0.340787	0.356193	0.365081	0.342658	0.353654	0.336938	0.334774	0.335375	0.343527	0.252961	0.288765	0.256964	0	0.259283	0.255573	0.365565	0.369938	0.367443	0.363742	0.361671	0.364166	0.357582	0.354732	0.355204	0.356797	0.359643	0.355387	0.325713	0.313379	0.307814	0.316066	0.315405	0.30876	0.366705	0.344866	0.346693	0.346564	0.345187	0.358892	0.490777	0.495498	0.482548	0.497078	0.493082	0.49394	0.465693	0.466347	0.468292	0.468166	0.465402	0.467717	0.446441	0.445854	0.447146	0.43925	0.443751	0.448123	0.31064	0.314368	0.315164	0.315172	0.312251	0.311351	0.487079	0.487316	0.488682	0.488837	0.487169	0.487108	0.550023	0.535753	0.536984	0.547268	0.537363	0.545796	0.431747	0.433455	0.437767	0.430022	0.422005	0.432652	0.427153	0.425324	0.42866	0.43058	0.427905	0.426763
ERR608761	0.333213	0.333741	0.367589	0.334921	0.333447	0.339694	0.341095	0.37068	0.336461	0.33728	0.343648	0.346391	0.32346	0.329928	0.318895	0.317247	0.317873	0.323543	0.261211	0.319224	0.247001	0.259283	0	0.248602	0.346978	0.351463	0.347324	0.347044	0.346959	0.347044	0.364402	0.354793	0.355225	0.362424	0.35201	0.356115	0.349118	0.303776	0.309768	0.304706	0.306062	0.310695	0.370856	0.337673	0.339407	0.338312	0.33748	0.360972	0.49285	0.485256	0.490638	0.485797	0.496823	0.497992	0.465046	0.464598	0.46314	0.463003	0.463487	0.465191	0.431053	0.430811	0.431587	0.426916	0.455378	0.431308	0.316888	0.309079	0.310313	0.310412	0.308353	0.304805	0.489777	0.488822	0.4926	0.493611	0.488447	0.489372	0.556445	0.537008	0.538607	0.553672	0.538469	0.553796	0.419727	0.420746	0.422571	0.418711	0.419473	0.420933	0.433412	0.425801	0.436078	0.438711	0.420029	0.419194
ERR608759	0.336219	0.337001	0.361801	0.337556	0.337384	0.3453	0.340306	0.363949	0.335971	0.336136	0.345285	0.350307	0.328022	0.336128	0.323204	0.321486	0.322143	0.328398	0.255457	0.307537	0.248755	0.255573	0.248602	0	0.350679	0.355403	0.351743	0.349758	0.348976	0.350081	0.361061	0.353442	0.354065	0.359604	0.352966	0.3549	0.340734	0.305145	0.307901	0.307151	0.308115	0.309215	0.365793	0.336272	0.338736	0.337765	0.336476	0.356751	0.491419	0.487931	0.487232	0.488825	0.494846	0.496026	0.464624	0.464437	0.464087	0.46403	0.463037	0.465249	0.434119	0.433787	0.434752	0.428839	0.450248	0.434979	0.311846	0.307707	0.308606	0.309007	0.306361	0.303932	0.488432	0.487559	0.490687	0.491436	0.487698	0.488009	0.554513	0.536588	0.538205	0.551728	0.538252	0.551144	0.421271	0.422737	0.425178	0.420208	0.418007	0.422122	0.429414	0.423059	0.43176	0.433965	0.420044	0.41936
ERR637122	0.286439	0.287076	0.34236	0.288806	0.288151	0.288378	0.388164	0.434888	0.395445	0.39973	0.379798	0.376823	0.329549	0.330994	0.33329	0.334592	0.332895	0.329858	0.367257	0.412982	0.352301	0.365565	0.346978	0.350679	0	0.239285	0.239059	0.236639	0.2398	0.236422	0.378852	0.36083	0.363736	0.376304	0.349956	0.362982	0.42466	0.377092	0.388629	0.37799	0.381243	0.389565	0.33014	0.28623	0.283006	0.278653	0.285398	0.318647	0.585124	0.561593	0.581574	0.561224	0.58878	0.591086	0.537746	0.536714	0.533652	0.533157	0.531509	0.538422	0.483505	0.483601	0.483826	0.484372	0.530049	0.484283	0.337864	0.311082	0.311195	0.311702	0.314343	0.316419	0.564965	0.56173	0.567671	0.56836	0.562635	0.563977	0.647414	0.624284	0.626473	0.644101	0.626011	0.641326	0.471231	0.471388	0.471337	0.473423	0.488534	0.470392	0.510237	0.488371	0.514158	0.519031	0.478622	0.479082
ERR637119	0.287625	0.287941	0.343495	0.289474	0.288837	0.288717	0.389848	0.437516	0.398497	0.403065	0.38084	0.377659	0.328581	0.33011	0.333098	0.334976	0.332868	0.329064	0.371876	0.416575	0.356972	0.369938	0.351463	0.355403	0.239285	0	0.23928	0.240129	0.241156	0.239753	0.383274	0.364609	0.367863	0.380598	0.353599	0.366427	0.42648	0.379465	0.390905	0.380112	0.383615	0.391779	0.33679	0.293347	0.288595	0.283856	0.292204	0.325649	0.5869	0.562018	0.582199	0.561754	0.590347	0.592796	0.537137	0.536069	0.53313	0.532455	0.530606	0.537978	0.483457	0.483539	0.483705	0.48418	0.530302	0.484134	0.343931	0.316126	0.316441	0.316465	0.31984	0.322593	0.564236	0.560759	0.566918	0.567381	0.561857	0.563216	0.647668	0.624405	0.626641	0.644357	0.626146	0.64106	0.472836	0.473082	0.473129	0.475427	0.491462	0.471778	0.512938	0.490201	0.516767	0.521882	0.480739	0.481147
ERR637118	0.287742	0.287675	0.347595	0.289499	0.288213	0.286836	0.389767	0.438068	0.396499	0.40086	0.380702	0.376618	0.32768	0.328606	0.330949	0.332575	0.330886	0.327569	0.369141	0.417013	0.352707	0.367443	0.347324	0.351743	0.239059	0.23928	0	0.240087	0.241163	0.23979	0.381036	0.362483	0.365176	0.378158	0.350576	0.36441	0.426848	0.375899	0.388242	0.376272	0.379564	0.389314	0.337354	0.29133	0.288347	0.283783	0.290079	0.32568	0.584017	0.558888	0.581277	0.558447	0.588055	0.59038	0.536376	0.535164	0.531581	0.531085	0.530431	0.536733	0.482665	0.482632	0.482924	0.483719	0.532132	0.48267	0.341604	0.314621	0.314885	0.315019	0.318063	0.318773	0.563398	0.560144	0.566386	0.567179	0.560849	0.562485	0.645601	0.622039	0.624158	0.642581	0.623776	0.640335	0.471861	0.471917	0.471411	0.474099	0.490201	0.471087	0.511724	0.490485	0.515625	0.520522	0.479328	0.479679
ERR637120	0.287054	0.287645	0.337989	0.288698	0.288736	0.290603	0.387119	0.43209	0.395014	0.399225	0.37982	0.377908	0.331895	0.334316	0.335691	0.337033	0.335263	0.332248	0.365527	0.409252	0.352118	0.363742	0.347044	0.349758	0.236639	0.240129	0.240087	0	0.238213	0.236396	0.377946	0.360577	0.36368	0.375363	0.35087	0.362541	0.42273	0.378713	0.389001	0.379691	0.382905	0.390272	0.323589	0.282833	0.279737	0.275703	0.281798	0.312702	0.586675	0.564443	0.581899	0.564168	0.590279	0.592502	0.539182	0.538363	0.535809	0.535106	0.533086	0.54009	0.484688	0.484707	0.484995	0.485083	0.528257	0.485587	0.334037	0.307957	0.308063	0.308257	0.311335	0.313927	0.566384	0.56326	0.568883	0.569447	0.564204	0.565589	0.648961	0.626452	0.628727	0.645676	0.628263	0.642681	0.470336	0.470789	0.471106	0.47251	0.486693	0.46948	0.508379	0.486614	0.51222	0.517141	0.477687	0.478171
ERR637117	0.287579	0.288517	0.330449	0.287436	0.288846	0.292848	0.386861	0.428579	0.395514	0.39938	0.380956	0.380713	0.335441	0.339119	0.339168	0.340181	0.338427	0.335953	0.362946	0.403592	0.35174	0.361671	0.346959	0.348976	0.2398	0.241156	0.241163	0.238213	0	0.23893	0.376221	0.359963	0.363217	0.373897	0.352256	0.361571	0.420139	0.381637	0.389943	0.382841	0.38599	0.391525	0.313046	0.277466	0.274658	0.271479	0.276633	0.303236	0.590774	0.570153	0.584157	0.569977	0.594243	0.596448	0.542103	0.541617	0.539663	0.538801	0.536329	0.543342	0.487397	0.487325	0.487635	0.486822	0.526211	0.488273	0.328325	0.303344	0.303562	0.303706	0.307198	0.31072	0.569097	0.566358	0.571395	0.571848	0.567133	0.568382	0.65241	0.630936	0.633197	0.649248	0.632784	0.645885	0.469821	0.470701	0.471609	0.471988	0.484805	0.468996	0.506285	0.485108	0.509893	0.515061	0.477038	0.477596
ERR637121	0.286571	0.287097	0.33912	0.288577	0.288382	0.289789	0.387983	0.433137	0.395483	0.399703	0.380383	0.378275	0.331284	0.333523	0.334996	0.336356	0.334594	0.331747	0.366045	0.410244	0.352166	0.364166	0.347044	0.350081	0.236422	0.239753	0.23979	0.236396	0.23893	0	0.37816	0.360523	0.363734	0.375613	0.350641	0.362706	0.423555	0.378561	0.389191	0.379468	0.382855	0.390314	0.324901	0.28341	0.280129	0.276089	0.282433	0.313785	0.5868	0.564175	0.582382	0.56394	0.59024	0.592581	0.539382	0.538435	0.53583	0.535123	0.53315	0.540181	0.484853	0.484822	0.485102	0.485361	0.529257	0.485689	0.334896	0.308726	0.308981	0.309154	0.312083	0.314501	0.566471	0.563392	0.569053	0.569751	0.564297	0.565632	0.648977	0.626349	0.62855	0.64572	0.628114	0.64285	0.471082	0.471459	0.471612	0.473118	0.487628	0.470148	0.509229	0.487354	0.513165	0.517882	0.478306	0.478749
ERR621924	0.36062	0.361329	0.36542	0.359997	0.361332	0.371104	0.385529	0.386432	0.381529	0.38014	0.396258	0.404672	0.384574	0.394145	0.379645	0.377901	0.378182	0.385252	0.357453	0.375467	0.363264	0.357582	0.364402	0.361061	0.378852	0.383274	0.381036	0.377946	0.376221	0.37816	0	0.266664	0.264259	0.262146	0.27768	0.265935	0.398219	0.393871	0.389042	0.396782	0.395439	0.390463	0.375603	0.355521	0.357454	0.35641	0.355966	0.367896	0.554566	0.55352	0.547368	0.554424	0.556575	0.557369	0.545933	0.546226	0.546439	0.546366	0.544663	0.547062	0.526379	0.525815	0.526897	0.5221	0.532475	0.527587	0.359614	0.36462	0.364809	0.364951	0.363172	0.362839	0.563201	0.562508	0.564683	0.564962	0.562564	0.562299	0.630359	0.615035	0.615997	0.627645	0.616176	0.626186	0.493001	0.494105	0.497563	0.491384	0.484482	0.493317	0.515951	0.51227	0.517504	0.518896	0.512895	0.51178
ERR621920	0.343736	0.34419	0.362344	0.344415	0.344701	0.352285	0.373688	0.388823	0.371383	0.371378	0.380551	0.387092	0.36756	0.375523	0.363958	0.363077	0.362974	0.368357	0.355519	0.383445	0.355155	0.354732	0.354793	0.353442	0.36083	0.364609	0.362483	0.360577	0.359963	0.360523	0.266664	0	0.26057	0.264799	0.262706	0.259955	0.403501	0.385136	0.385236	0.387466	0.387771	0.386346	0.370394	0.3443	0.345265	0.343384	0.344355	0.361471	0.553479	0.54532	0.548085	0.545776	0.555736	0.556858	0.542517	0.542605	0.541236	0.541598	0.539993	0.543252	0.514265	0.513876	0.514785	0.511454	0.532963	0.515505	0.357256	0.355528	0.356016	0.356113	0.354926	0.354596	0.562113	0.560647	0.564208	0.564408	0.561153	0.561035	0.632401	0.614782	0.615937	0.629404	0.616096	0.628043	0.481872	0.482549	0.485344	0.480879	0.478808	0.481604	0.51478	0.506613	0.517019	0.519021	0.504567	0.50372
ERR621922	0.346114	0.346253	0.365853	0.346525	0.346583	0.35396	0.377327	0.390787	0.373248	0.373117	0.384005	0.389657	0.369148	0.37686	0.364582	0.363257	0.363354	0.36949	0.355699	0.384638	0.355233	0.355204	0.355225	0.354065	0.363736	0.367863	0.365176	0.36368	0.363217	0.363734	0.264259	0.26057	0	0.262402	0.263951	0.259874	0.403529	0.384678	0.384572	0.387173	0.386785	0.38575	0.37479	0.347162	0.34841	0.346925	0.347024	0.365385	0.552298	0.544825	0.548137	0.545363	0.554878	0.556053	0.542163	0.542115	0.540707	0.540893	0.540407	0.542875	0.516053	0.515734	0.516594	0.513304	0.534554	0.516784	0.358409	0.357751	0.358076	0.358569	0.356939	0.355917	0.56152	0.560495	0.563774	0.56433	0.560294	0.560556	0.630549	0.612743	0.614022	0.6277	0.613995	0.626828	0.484043	0.484768	0.487183	0.482864	0.480533	0.484381	0.516539	0.509515	0.518549	0.520283	0.506531	0.505778
ERR621923	0.358322	0.358853	0.365568	0.357775	0.359037	0.368314	0.383375	0.38658	0.379197	0.378176	0.393445	0.401399	0.381405	0.390731	0.376271	0.375036	0.374889	0.382075	0.357076	0.376886	0.361519	0.356797	0.362424	0.359604	0.376304	0.380598	0.378158	0.375363	0.373897	0.375613	0.262146	0.264799	0.262402	0	0.274401	0.26428	0.398708	0.391464	0.387866	0.394558	0.393424	0.389233	0.375613	0.354142	0.356049	0.355167	0.354468	0.367623	0.553052	0.550804	0.546372	0.551558	0.555022	0.556131	0.544402	0.544734	0.544497	0.544596	0.542985	0.545665	0.52357	0.523143	0.52418	0.519501	0.532079	0.524819	0.359404	0.363289	0.363679	0.363747	0.361913	0.361657	0.562484	0.561686	0.564143	0.564331	0.561747	0.561388	0.629844	0.613986	0.614944	0.626974	0.61511	0.625621	0.490778	0.491733	0.494827	0.489221	0.482951	0.490896	0.515486	0.511146	0.517063	0.518598	0.510798	0.510063
ERR621919	0.334166	0.333991	0.370571	0.336361	0.334813	0.338822	0.373436	0.40156	0.370708	0.371891	0.375054	0.377529	0.356408	0.361328	0.353174	0.352673	0.352553	0.356421	0.360822	0.398985	0.353701	0.359643	0.35201	0.352966	0.349956	0.353599	0.350576	0.35087	0.352256	0.350641	0.27768	0.262706	0.263951	0.274401	0	0.263986	0.414291	0.380793	0.386017	0.382588	0.38324	0.386864	0.377265	0.342461	0.342654	0.340052	0.34206	0.366638	0.553823	0.539287	0.552512	0.53922	0.55679	0.558312	0.541274	0.540544	0.537461	0.537969	0.537856	0.541032	0.507426	0.507246	0.50794	0.506647	0.539409	0.508152	0.363378	0.355709	0.356408	0.356759	0.355531	0.354002	0.562279	0.560099	0.5649	0.565499	0.560514	0.560956	0.633674	0.613597	0.614872	0.630774	0.614803	0.630087	0.478552	0.478451	0.479729	0.477905	0.481403	0.478564	0.520136	0.508877	0.522825	0.525073	0.503254	0.50263
ERR621921	0.344725	0.344977	0.361627	0.344611	0.345201	0.353088	0.375824	0.388547	0.372983	0.372988	0.382643	0.388978	0.368502	0.376714	0.364605	0.363427	0.36333	0.368835	0.356214	0.383134	0.356155	0.355387	0.356115	0.3549	0.362982	0.366427	0.36441	0.362541	0.361571	0.362706	0.265935	0.259955	0.259874	0.26428	0.263986	0	0.40258	0.38576	0.385258	0.388335	0.387938	0.386462	0.372209	0.346538	0.347181	0.345551	0.346502	0.363652	0.554307	0.546634	0.548737	0.547176	0.556648	0.557933	0.54205	0.54206	0.541143	0.541101	0.539953	0.543079	0.515534	0.515228	0.516061	0.512544	0.532706	0.516854	0.358278	0.356805	0.357406	0.3574	0.356093	0.356104	0.561888	0.560748	0.563838	0.564335	0.560792	0.560951	0.631918	0.614322	0.615509	0.629054	0.615663	0.627619	0.483042	0.484015	0.486748	0.481956	0.479638	0.483417	0.516294	0.508246	0.518122	0.520406	0.506139	0.505418
ERR608389	0.40574	0.407196	0.381378	0.404243	0.407624	0.419734	0.384293	0.363884	0.381905	0.378971	0.397943	0.410274	0.392578	0.406303	0.387105	0.384283	0.384982	0.394089	0.324248	0.316323	0.344948	0.325713	0.349118	0.340734	0.42466	0.42648	0.426848	0.42273	0.420139	0.423555	0.398219	0.403501	0.403529	0.398708	0.414291	0.40258	0	0.31471	0.293023	0.319359	0.315922	0.29516	0.422747	0.407817	0.407926	0.407417	0.408413	0.417688	0.494254	0.514139	0.47653	0.517027	0.494197	0.49452	0.462724	0.465727	0.473176	0.47189	0.464381	0.46784	0.480888	0.479886	0.481182	0.469779	0.435937	0.483958	0.355287	0.369646	0.369762	0.36937	0.36631	0.368339	0.468906	0.470523	0.467765	0.467048	0.471126	0.469259	0.527294	0.520031	0.520723	0.525169	0.521923	0.519522	0.476271	0.478762	0.483684	0.474928	0.461076	0.476538	0.445841	0.453448	0.444709	0.445637	0.465891	0.46456
ERR608391	0.361177	0.36121	0.399973	0.364186	0.361556	0.363717	0.355864	0.384954	0.348538	0.349302	0.355289	0.354752	0.334957	0.340158	0.328885	0.327772	0.328342	0.334417	0.314112	0.363194	0.304037	0.313379	0.303776	0.305145	0.377092	0.379465	0.375899	0.378713	0.381637	0.378561	0.393871	0.385136	0.384678	0.391464	0.380793	0.38576	0.31471	0	0.265281	0.258149	0.258799	0.265589	0.425491	0.383693	0.383521	0.38069	0.383203	0.414116	0.474412	0.467561	0.476247	0.468269	0.478397	0.479487	0.445577	0.445014	0.443219	0.443385	0.444349	0.445523	0.430387	0.430271	0.430881	0.426612	0.454481	0.430778	0.348556	0.343308	0.344415	0.34472	0.340979	0.336379	0.462001	0.460582	0.464878	0.46605	0.460061	0.461284	0.528556	0.507532	0.508973	0.525814	0.508876	0.526414	0.437885	0.43832	0.4383	0.437281	0.440257	0.43894	0.444264	0.439441	0.446341	0.447839	0.433784	0.432642
ERR608390	0.371007	0.371358	0.39134	0.372149	0.371559	0.377191	0.360125	0.37362	0.352693	0.352405	0.364509	0.368472	0.348343	0.35713	0.341564	0.339495	0.340357	0.348323	0.307953	0.343528	0.308109	0.307814	0.309768	0.307901	0.388629	0.390905	0.388242	0.389001	0.389943	0.389191	0.389042	0.385236	0.384572	0.387866	0.386017	0.385258	0.293023	0.265281	0	0.267698	0.266186	0.262252	0.422886	0.387155	0.387192	0.385375	0.386951	0.412636	0.473209	0.476481	0.47006	0.478095	0.476208	0.476875	0.443659	0.444199	0.445464	0.445083	0.443853	0.445189	0.442369	0.441952	0.442795	0.435805	0.444401	0.443585	0.343819	0.345812	0.346704	0.346885	0.342852	0.339918	0.456442	0.456072	0.458289	0.459229	0.455593	0.456091	0.519842	0.502943	0.504228	0.517247	0.504528	0.516735	0.446371	0.44707	0.448944	0.445146	0.442135	0.44731	0.438965	0.439203	0.440211	0.441176	0.438992	0.437509
ERR608393	0.361861	0.361682	0.403443	0.364953	0.36174	0.363133	0.358179	0.388792	0.350338	0.351366	0.356685	0.3553	0.3348	0.339667	0.328334	0.327083	0.328137	0.334001	0.317289	0.368459	0.305251	0.316066	0.304706	0.307151	0.37799	0.380112	0.376272	0.379691	0.382841	0.379468	0.396782	0.387466	0.387173	0.394558	0.382588	0.388335	0.319359	0.258149	0.267698	0	0.257269	0.266035	0.429059	0.386326	0.385636	0.382904	0.385551	0.417257	0.475798	0.467298	0.478454	0.467868	0.480076	0.481233	0.446394	0.445561	0.443197	0.443366	0.445152	0.446014	0.430299	0.430193	0.431033	0.427067	0.457742	0.430338	0.351637	0.345357	0.346516	0.346824	0.343557	0.338369	0.462919	0.461761	0.466283	0.467681	0.460712	0.462252	0.529541	0.507725	0.509125	0.526588	0.509076	0.527751	0.438915	0.438675	0.438837	0.438174	0.441878	0.439982	0.446158	0.441261	0.448686	0.450263	0.434385	0.433158
ERR608392	0.364704	0.364519	0.404254	0.367495	0.364379	0.366303	0.360589	0.388169	0.351954	0.352622	0.360069	0.359132	0.338128	0.343375	0.330934	0.329569	0.330604	0.337118	0.31643	0.365978	0.305998	0.315405	0.306062	0.308115	0.381243	0.383615	0.379564	0.382905	0.38599	0.382855	0.395439	0.387771	0.386785	0.393424	0.38324	0.387938	0.315922	0.258799	0.266186	0.257269	0	0.264762	0.431052	0.388372	0.388013	0.385464	0.387701	0.419215	0.474288	0.468047	0.477227	0.468681	0.478654	0.479546	0.445981	0.445235	0.443173	0.443389	0.445355	0.445651	0.433762	0.43346	0.434202	0.429944	0.457412	0.433617	0.351672	0.34743	0.348484	0.348706	0.345226	0.339649	0.461197	0.460273	0.464288	0.465838	0.459081	0.46057	0.526035	0.505083	0.506291	0.523455	0.506331	0.524806	0.441871	0.441925	0.44202	0.441161	0.443739	0.443226	0.446471	0.443317	0.448666	0.449827	0.43669	0.435527
ERR608394	0.371577	0.372187	0.393275	0.3733	0.37224	0.377995	0.361147	0.375092	0.353716	0.353162	0.365227	0.369068	0.347967	0.356593	0.340838	0.339085	0.339925	0.347961	0.309733	0.345681	0.309044	0.30876	0.310695	0.309215	0.389565	0.391779	0.389314	0.390272	0.391525	0.390314	0.390463	0.386346	0.38575	0.389233	0.386864	0.386462	0.29516	0.265589	0.262252	0.266035	0.264762	0	0.425976	0.389804	0.389183	0.38713	0.38952	0.415375	0.472452	0.475211	0.469997	0.4768	0.475311	0.47612	0.444043	0.444532	0.445539	0.445668	0.444362	0.445478	0.442773	0.442344	0.443225	0.436508	0.446147	0.444079	0.345789	0.347544	0.348326	0.348385	0.344491	0.341431	0.456965	0.456816	0.458956	0.459866	0.456228	0.456438	0.520141	0.503	0.504074	0.51745	0.50452	0.517039	0.447776	0.448611	0.450401	0.446896	0.444152	0.448858	0.440813	0.440533	0.442147	0.443312	0.44048	0.439147
ERR626952	0.329706	0.332373	0.308048	0.32496	0.332377	0.350162	0.405409	0.417809	0.416767	0.417923	0.412896	0.424257	0.394781	0.404307	0.397702	0.397435	0.395992	0.396628	0.365514	0.37573	0.37274	0.366705	0.370856	0.365793	0.33014	0.33679	0.337354	0.323589	0.313046	0.324901	0.375603	0.370394	0.37479	0.375613	0.377265	0.372209	0.422747	0.425491	0.422886	0.429059	0.431052	0.425976	0	0.253106	0.259307	0.262851	0.255549	0.232724	0.628139	0.621407	0.611934	0.621981	0.629605	0.631324	0.588097	0.589074	0.59136	0.590397	0.583834	0.591437	0.526197	0.526033	0.526599	0.521116	0.532346	0.528486	0.324356	0.315063	0.314926	0.314486	0.318658	0.328323	0.615721	0.614504	0.616147	0.6155	0.616	0.615458	0.69665	0.682369	0.684605	0.693652	0.684906	0.688267	0.485225	0.488399	0.493515	0.485751	0.484645	0.484298	0.508259	0.491665	0.510819	0.515857	0.494025	0.494541
ERR626951	0.289372	0.291132	0.309819	0.287983	0.291378	0.30212	0.383347	0.413691	0.390869	0.393192	0.38459	0.389008	0.34859	0.354952	0.350495	0.350513	0.349352	0.349441	0.344667	0.377699	0.340756	0.344866	0.337673	0.336272	0.28623	0.293347	0.29133	0.282833	0.277466	0.28341	0.355521	0.3443	0.347162	0.354142	0.342461	0.346538	0.407817	0.383693	0.387155	0.386326	0.388372	0.389804	0.253106	0	0.236473	0.23655	0.232423	0.245412	0.596321	0.582867	0.5881	0.582868	0.599316	0.601228	0.555667	0.555635	0.555135	0.554322	0.550988	0.557521	0.496045	0.496049	0.496408	0.493621	0.524013	0.497086	0.315641	0.298354	0.298713	0.298805	0.301549	0.30621	0.583695	0.581543	0.585254	0.585583	0.58249	0.583064	0.6639	0.645248	0.647439	0.660852	0.647483	0.657697	0.467826	0.469521	0.471646	0.468806	0.475258	0.467154	0.49977	0.481809	0.502783	0.507619	0.477008	0.477193
ERR626956	0.285543	0.287392	0.307451	0.284478	0.287756	0.298299	0.38337	0.415264	0.392018	0.394662	0.383288	0.387591	0.34454	0.351015	0.347152	0.34744	0.345991	0.345519	0.347469	0.380306	0.34297	0.346693	0.339407	0.338736	0.283006	0.288595	0.288347	0.279737	0.274658	0.280129	0.357454	0.345265	0.34841	0.356049	0.342654	0.347181	0.407926	0.383521	0.387192	0.385636	0.388013	0.389183	0.259307	0.236473	0	0.235467	0.236732	0.249621	0.596463	0.581651	0.587671	0.581858	0.599163	0.601115	0.553827	0.553669	0.553362	0.552584	0.548873	0.555825	0.494539	0.494429	0.494896	0.492325	0.52311	0.495955	0.320037	0.30079	0.300864	0.301023	0.304185	0.309913	0.58135	0.579259	0.583093	0.583215	0.580198	0.580698	0.663047	0.644028	0.646224	0.659773	0.646148	0.656309	0.468549	0.470031	0.472528	0.469671	0.477317	0.467722	0.501862	0.482607	0.505125	0.510118	0.478071	0.478493
