	ERR626870	ERR626867	ERR626868	ERR626872	ERR626869	ERR626871	ERR629867	ERR629863	ERR629866	ERR629865	ERR629862	ERR629864	ERR609045	ERR609050	ERR609049	ERR609047	ERR609048	ERR609046	ERR622146	ERR622144	ERR622143	ERR622148	ERR622147	ERR622145	ERR629879	ERR629876	ERR629878	ERR629875	ERR629874	ERR629877	ERR608707	ERR608709	ERR608711	ERR608710	ERR608712	ERR608708	ERR636946	ERR636947	ERR636943	ERR636948	ERR636945	ERR636944	ERR636774	ERR636771	ERR636770	ERR636772	ERR636769	ERR636773	ERR611301	ERR611302	ERR611300	ERR611299	ERR611297	ERR611298	ERR613664	ERR613662	ERR613659	ERR613661	ERR613663	ERR613660	ERR608535	ERR608532	ERR608533	ERR608536	ERR608531	ERR608534	ERR629955	ERR629953	ERR629952	ERR629957	ERR629956	ERR629954	ERR626676	ERR626679	ERR626675	ERR626677	ERR626678	ERR626674	ERR617357	ERR617359	ERR617355	ERR617356	ERR617358	ERR617360	ERR622132	ERR622133	ERR622135	ERR622131	ERR622136	ERR622134	ERR613568	ERR613565	ERR613567	ERR613564	ERR613563	ERR613566
ERR626870	0	0.802587	0.814065	0.802216	0.812381	0.837947	0.943694	0.94089	0.945878	0.942567	0.926772	0.928426	1.01343	0.950099	0.950686	0.939001	0.945411	0.953667	0.934636	0.91856	0.950649	0.938166	0.936429	0.909607	1.11082	1.09754	1.11223	1.11008	1.09594	1.11063	1.01379	0.9644	0.968732	0.967471	0.975543	0.977017	0.884986	0.885087	0.897867	0.884226	0.89019	0.888532	0.918096	0.920417	0.919478	0.919574	0.928094	0.919368	1.0927	1.09317	1.09242	1.07229	1.07511	1.07969	1.12459	1.10034	1.09551	1.10192	1.10164	1.09734	1.08251	1.09401	1.08909	1.08187	1.11685	1.08227	1.06612	1.0595	1.04783	1.06567	1.06671	1.04905	1.09643	1.07713	1.0757	1.07754	1.07598	1.06755	1.10592	1.0952	1.10822	1.10759	1.095	1.09402	1.07468	1.07399	1.07062	1.06802	1.09949	1.08608	1.13454	1.12162	1.13347	1.12154	1.1215	1.13282
ERR626867	0.802587	0	0.766277	0.755093	0.764504	0.804554	0.908917	0.907619	0.910861	0.908198	0.891312	0.893105	0.981054	0.911235	0.911909	0.899843	0.90717	0.916035	0.901201	0.880209	0.915561	0.905845	0.903649	0.870603	1.08645	1.07315	1.08744	1.08622	1.07147	1.08603	0.986609	0.931796	0.937912	0.936181	0.944891	0.94661	0.843669	0.843065	0.860047	0.842416	0.850051	0.849498	0.878135	0.880651	0.880966	0.879946	0.890561	0.879569	1.06766	1.06857	1.06749	1.04579	1.0482	1.05385	1.09845	1.07261	1.06632	1.07274	1.07419	1.06725	1.0587	1.07186	1.06659	1.05771	1.09605	1.05836	1.03275	1.02674	1.01431	1.03197	1.03345	1.01535	1.06722	1.0478	1.04576	1.04823	1.04713	1.03693	1.08064	1.06902	1.08243	1.08279	1.06864	1.06798	1.04421	1.04424	1.04029	1.03725	1.07231	1.05733	1.11476	1.09973	1.11352	1.09962	1.09925	1.1127
ERR626868	0.814065	0.766277	0	0.768653	0.777775	0.81556	0.918585	0.917611	0.920335	0.917537	0.902956	0.904236	0.988075	0.921075	0.921913	0.910695	0.917444	0.925686	0.910126	0.890194	0.922908	0.91448	0.912165	0.881229	1.09411	1.082	1.09553	1.09445	1.08031	1.09355	0.9929	0.941338	0.94707	0.945842	0.953671	0.955632	0.85387	0.853729	0.869209	0.852642	0.860047	0.859814	0.889489	0.8911	0.891545	0.890578	0.900459	0.890598	1.07581	1.07641	1.07546	1.05472	1.05675	1.06267	1.10509	1.08048	1.0742	1.08029	1.08183	1.07482	1.06608	1.07867	1.07431	1.06559	1.10135	1.06603	1.04227	1.03664	1.02485	1.04146	1.04268	1.02587	1.07524	1.05705	1.05472	1.05748	1.05607	1.04636	1.0892	1.07797	1.0902	1.09102	1.07741	1.07691	1.05335	1.05338	1.04962	1.04692	1.08023	1.06591	1.12187	1.10725	1.12093	1.10714	1.10673	1.11993
ERR626872	0.802216	0.755093	0.768653	0	0.766788	0.80424	0.908845	0.907786	0.911113	0.907939	0.891852	0.89366	0.980568	0.911428	0.912604	0.900306	0.907323	0.915906	0.900739	0.880201	0.914426	0.905277	0.903319	0.870279	1.08674	1.07388	1.08795	1.08664	1.07213	1.08641	0.985919	0.93193	0.937622	0.936224	0.944336	0.946534	0.842809	0.842422	0.859589	0.841775	0.849352	0.849244	0.878998	0.88128	0.881107	0.880577	0.891064	0.88017	1.0679	1.06836	1.06746	1.046	1.04837	1.05407	1.09968	1.07344	1.06757	1.07391	1.07473	1.06881	1.05952	1.0722	1.06733	1.05855	1.09626	1.05914	1.03392	1.02773	1.01546	1.03301	1.03439	1.01645	1.06841	1.04901	1.047	1.04961	1.04815	1.03828	1.08186	1.07009	1.08308	1.08349	1.06945	1.0689	1.04568	1.0452	1.04133	1.03869	1.07329	1.05825	1.11501	1.09998	1.11372	1.10011	1.0998	1.11301
ERR626869	0.812381	0.764504	0.777775	0.766788	0	0.814028	0.917569	0.91639	0.919443	0.916675	0.901329	0.90288	0.987279	0.920357	0.921593	0.909354	0.916262	0.924606	0.909391	0.889438	0.922673	0.913322	0.911678	0.880437	1.0924	1.07967	1.0938	1.09245	1.07821	1.09219	0.992357	0.940106	0.945407	0.944412	0.952191	0.954058	0.853206	0.852927	0.868579	0.852038	0.859313	0.859146	0.888721	0.890658	0.890615	0.889933	0.89978	0.889853	1.07426	1.07472	1.07386	1.05282	1.05538	1.06074	1.10479	1.07978	1.0737	1.08009	1.08088	1.07469	1.06483	1.0775	1.07242	1.06424	1.10082	1.06453	1.04115	1.03503	1.02321	1.0404	1.04156	1.02419	1.07471	1.05571	1.05371	1.05613	1.05468	1.04507	1.0879	1.07633	1.08907	1.08952	1.07587	1.07528	1.05247	1.0525	1.04848	1.04578	1.07941	1.06466	1.12019	1.10555	1.11909	1.10554	1.10512	1.118
ERR626871	0.837947	0.804554	0.81556	0.80424	0.814028	0	0.944605	0.942375	0.946495	0.943491	0.928347	0.929764	1.01299	0.950287	0.950778	0.939455	0.94525	0.953989	0.935329	0.918899	0.950906	0.939026	0.937179	0.910307	1.11195	1.09876	1.11346	1.11107	1.0974	1.11185	1.01426	0.965474	0.969459	0.968336	0.976024	0.977905	0.886038	0.885947	0.898627	0.884835	0.890768	0.889792	0.919547	0.921866	0.920563	0.921172	0.929443	0.920393	1.09323	1.09363	1.0927	1.07318	1.07571	1.08019	1.12567	1.10159	1.09677	1.10332	1.10259	1.09831	1.08338	1.09488	1.09013	1.08304	1.11755	1.08324	1.06692	1.06061	1.04912	1.06663	1.06767	1.05033	1.09737	1.0781	1.07668	1.07842	1.07709	1.06863	1.10774	1.09671	1.10946	1.1093	1.09615	1.09567	1.07619	1.07556	1.07221	1.06942	1.10113	1.08733	1.13597	1.12303	1.13505	1.12327	1.12312	1.13462
ERR629867	0.943694	0.908917	0.918585	0.908845	0.917569	0.944605	0	0.820022	0.817618	0.814951	0.802995	0.805664	0.972899	0.910163	0.911551	0.900727	0.906994	0.913194	0.946119	0.925661	0.956835	0.95069	0.948247	0.917708	1.08577	1.07589	1.08703	1.08702	1.07411	1.08567	0.998941	0.950893	0.957094	0.956234	0.962169	0.964464	0.922454	0.921786	0.937171	0.921273	0.928095	0.929386	0.873958	0.875283	0.876802	0.874261	0.883974	0.874585	1.08495	1.08545	1.08418	1.06465	1.06699	1.07212	1.10588	1.08193	1.07547	1.08164	1.08316	1.07561	1.0661	1.07802	1.07367	1.06547	1.09895	1.06605	1.03777	1.03283	1.02234	1.03657	1.03816	1.0233	1.07381	1.05705	1.0552	1.05772	1.05662	1.04739	1.0903	1.0798	1.09086	1.09198	1.07917	1.07857	1.05406	1.05444	1.05057	1.04835	1.08114	1.06679	1.11537	1.10034	1.1147	1.10039	1.09943	1.11357
ERR629863	0.94089	0.907619	0.917611	0.907786	0.91639	0.942375	0.820022	0	0.822376	0.819357	0.799591	0.802383	0.977821	0.912636	0.91391	0.901816	0.908752	0.91566	0.947939	0.928118	0.96183	0.952814	0.95015	0.919493	1.0852	1.07312	1.08647	1.08503	1.07118	1.08484	1.00114	0.950625	0.956217	0.95511	0.962442	0.964704	0.925093	0.924507	0.938992	0.92371	0.929905	0.930487	0.876162	0.878179	0.878314	0.876888	0.886357	0.876691	1.08321	1.08378	1.08285	1.0624	1.06482	1.06992	1.10689	1.08183	1.07609	1.0827	1.08307	1.07701	1.06456	1.07663	1.07143	1.06367	1.09954	1.06436	1.0388	1.0327	1.02155	1.03803	1.03909	1.02275	1.07495	1.05661	1.05488	1.05703	1.05626	1.04663	1.0887	1.07791	1.09009	1.09023	1.07757	1.07688	1.05367	1.05359	1.05045	1.04728	1.08083	1.06638	1.11254	1.09782	1.11177	1.09774	1.09717	1.11054
ERR629866	0.945878	0.910861	0.920335	0.911113	0.919443	0.946495	0.817618	0.822376	0	0.816906	0.805678	0.807908	0.975015	0.912716	0.913848	0.90381	0.909785	0.915953	0.94834	0.928026	0.958755	0.953101	0.950291	0.920161	1.08724	1.07692	1.08843	1.08825	1.07531	1.08702	1.00086	0.953007	0.959034	0.958296	0.964172	0.966672	0.92476	0.92407	0.939511	0.923463	0.930226	0.931424	0.876215	0.877645	0.878905	0.876718	0.886234	0.877016	1.08634	1.08692	1.08586	1.06648	1.06837	1.07378	1.10709	1.08301	1.07661	1.08259	1.0844	1.07672	1.06766	1.0794	1.07527	1.067	1.10038	1.06771	1.03908	1.03452	1.02362	1.03831	1.03927	1.02481	1.0753	1.05867	1.05666	1.05891	1.05782	1.04861	1.09163	1.08128	1.09217	1.09341	1.0807	1.0802	1.05581	1.05601	1.0525	1.05003	1.08249	1.06857	1.11652	1.10149	1.11571	1.1014	1.10082	1.11461
ERR629865	0.942567	0.908198	0.917537	0.907939	0.916675	0.943491	0.814951	0.819357	0.816906	0	0.802446	0.804227	0.973355	0.910333	0.911424	0.900768	0.907221	0.913423	0.946164	0.925772	0.957133	0.950574	0.948125	0.917427	1.08541	1.07492	1.08657	1.08636	1.07323	1.0851	0.99879	0.950482	0.956415	0.955066	0.961788	0.964038	0.922132	0.921926	0.937158	0.920941	0.928071	0.928868	0.873806	0.874578	0.876381	0.873906	0.883786	0.874388	1.08383	1.08456	1.08354	1.06382	1.06585	1.07135	1.10545	1.08116	1.07482	1.08097	1.08258	1.07509	1.06546	1.07747	1.07295	1.0647	1.09896	1.06534	1.03692	1.03184	1.02124	1.03605	1.03742	1.02241	1.07325	1.0566	1.05442	1.05705	1.0558	1.04641	1.08954	1.07879	1.0903	1.09107	1.07831	1.07779	1.05331	1.05322	1.04992	1.04744	1.08015	1.06597	1.11475	1.09918	1.11387	1.09937	1.0988	1.11285
ERR629862	0.926772	0.891312	0.902956	0.891852	0.901329	0.928347	0.802995	0.799591	0.805678	0.802446	0	0.780753	0.970119	0.899036	0.901057	0.886796	0.895353	0.903186	0.936763	0.915297	0.952501	0.94141	0.938298	0.905256	1.07319	1.05917	1.07455	1.07224	1.05719	1.07279	0.9926	0.937299	0.943243	0.941819	0.950798	0.95276	0.911134	0.910907	0.926798	0.909834	0.917168	0.916749	0.860453	0.863399	0.862358	0.861442	0.872283	0.860786	1.0712	1.07178	1.0707	1.04877	1.05201	1.05684	1.09714	1.07051	1.06496	1.0721	1.0717	1.06622	1.0528	1.06611	1.06042	1.05233	1.09152	1.05284	1.02608	1.01933	1.00643	1.02572	1.0268	1.00776	1.06449	1.04388	1.04249	1.04445	1.04328	1.03404	1.07587	1.06419	1.07799	1.07738	1.06408	1.06292	1.04124	1.04054	1.03747	1.034	1.06917	1.05417	1.09938	1.08459	1.09865	1.08462	1.08386	1.09727
ERR629864	0.928426	0.893105	0.904236	0.89366	0.90288	0.929764	0.805664	0.802383	0.807908	0.804227	0.780753	0	0.971027	0.901106	0.902234	0.888747	0.896386	0.904696	0.936868	0.915933	0.952812	0.941827	0.938655	0.906046	1.07406	1.0599	1.07548	1.07335	1.05822	1.0734	0.993827	0.939068	0.944719	0.943198	0.952097	0.954021	0.912161	0.911954	0.927217	0.910754	0.917943	0.917659	0.862402	0.865238	0.864378	0.863324	0.874329	0.863189	1.072	1.07267	1.07151	1.04995	1.05253	1.05768	1.0977	1.07096	1.06541	1.07272	1.07223	1.06684	1.05352	1.06672	1.061	1.05282	1.09225	1.05359	1.02676	1.01991	1.0076	1.0261	1.02746	1.0085	1.06502	1.04417	1.04278	1.04485	1.04355	1.03405	1.07683	1.06531	1.07925	1.07824	1.06468	1.06375	1.04191	1.04139	1.03811	1.03463	1.06976	1.05482	1.10036	1.08556	1.09915	1.08556	1.08492	1.09824
ERR609045	1.01343	0.981054	0.988075	0.980568	0.987279	1.01299	0.972899	0.977821	0.975015	0.973355	0.970119	0.971027	0	0.873929	0.874887	0.868439	0.873672	0.873247	0.975419	0.957824	0.974968	0.978872	0.976778	0.955157	1.13754	1.13302	1.13863	1.14086	1.13148	1.13783	0.989713	0.965512	0.970642	0.970631	0.971504	0.973261	0.954728	0.954268	0.966199	0.953851	0.959148	0.962826	0.963468	0.962249	0.966015	0.96332	0.96919	0.963398	1.13348	1.13426	1.13341	1.11898	1.11898	1.12513	1.12864	1.11253	1.10592	1.10864	1.11374	1.10427	1.11193	1.12151	1.11945	1.11147	1.13334	1.11221	1.08888	1.08741	1.08022	1.08737	1.08834	1.08105	1.11587	1.10662	1.10341	1.10722	1.10615	1.09728	1.13957	1.13181	1.1376	1.14091	1.13085	1.13046	1.09156	1.09232	1.0896	1.08887	1.11207	1.10203	1.15144	1.13829	1.15098	1.13805	1.13708	1.15003
ERR609050	0.950099	0.911235	0.921075	0.911428	0.920357	0.950287	0.910163	0.912636	0.912716	0.910333	0.899036	0.901106	0.873929	0	0.80373	0.796796	0.800469	0.810417	0.924212	0.901757	0.931387	0.928491	0.926145	0.895329	1.09295	1.08398	1.09409	1.09465	1.08184	1.0927	0.955247	0.913337	0.91967	0.919389	0.92355	0.925856	0.895368	0.895003	0.911059	0.893908	0.901129	0.903501	0.89676	0.897493	0.899485	0.897163	0.906219	0.89713	1.08765	1.08831	1.08737	1.06829	1.06927	1.07574	1.08796	1.06673	1.05946	1.06438	1.06819	1.05893	1.06416	1.07661	1.07258	1.063	1.09584	1.06381	1.0371	1.03299	1.02291	1.03591	1.03697	1.02429	1.07037	1.05558	1.0526	1.05615	1.0548	1.04491	1.09213	1.082	1.09138	1.09366	1.08122	1.08079	1.03968	1.03994	1.03694	1.0347	1.06523	1.0521	1.10848	1.09372	1.10802	1.09363	1.09269	1.10688
ERR609049	0.950686	0.911909	0.921913	0.912604	0.921593	0.950778	0.911551	0.91391	0.913848	0.911424	0.901057	0.902234	0.874887	0.80373	0	0.797826	0.801795	0.811566	0.924425	0.90233	0.931546	0.928845	0.926538	0.895918	1.094	1.08498	1.09503	1.09533	1.08324	1.09368	0.954525	0.913185	0.919987	0.91976	0.923815	0.926084	0.896116	0.895556	0.911613	0.894824	0.90191	0.904468	0.898234	0.898618	0.900725	0.898847	0.907382	0.898398	1.08827	1.08903	1.08806	1.06942	1.0705	1.07687	1.08722	1.06609	1.05907	1.06374	1.06765	1.05815	1.06503	1.07731	1.07325	1.0638	1.09628	1.06492	1.03814	1.03415	1.02412	1.03689	1.03815	1.02523	1.07111	1.05675	1.05363	1.05713	1.05581	1.04583	1.09333	1.08348	1.09259	1.09515	1.08268	1.0821	1.03935	1.04004	1.03661	1.03465	1.06468	1.05176	1.10854	1.09381	1.10794	1.09354	1.09294	1.10698
ERR609047	0.939001	0.899843	0.910695	0.900306	0.909354	0.939455	0.900727	0.901816	0.90381	0.900768	0.886796	0.888747	0.868439	0.796796	0.797826	0	0.792317	0.797556	0.916361	0.893091	0.926151	0.92103	0.918067	0.885676	1.08521	1.07448	1.08636	1.086	1.07277	1.085	0.949351	0.903259	0.909719	0.909549	0.915211	0.917367	0.886384	0.885979	0.902821	0.885141	0.892581	0.894319	0.88696	0.888098	0.888922	0.887481	0.896919	0.887128	1.0789	1.07997	1.07845	1.05847	1.06035	1.06634	1.08103	1.05881	1.05208	1.0573	1.06003	1.05218	1.05498	1.06795	1.06331	1.05431	1.09004	1.05536	1.02995	1.0252	1.01372	1.02885	1.03006	1.01501	1.06433	1.04758	1.04482	1.04808	1.04708	1.03676	1.0843	1.07325	1.08414	1.08567	1.07272	1.07226	1.03134	1.03162	1.02836	1.02596	1.0575	1.04369	1.09887	1.08415	1.0982	1.08395	1.08344	1.0973
ERR609048	0.945411	0.90717	0.917444	0.907323	0.916262	0.94525	0.906994	0.908752	0.909785	0.907221	0.895353	0.896386	0.873672	0.800469	0.801795	0.792317	0	0.807593	0.920529	0.898595	0.929807	0.925603	0.922876	0.891548	1.09102	1.08161	1.09252	1.09249	1.07952	1.09135	0.951932	0.908647	0.914457	0.914254	0.919474	0.921752	0.89235	0.891732	0.908038	0.890812	0.89816	0.900006	0.894966	0.895535	0.896742	0.895496	0.90417	0.89493	1.08443	1.08547	1.08419	1.06496	1.06657	1.07247	1.08631	1.06473	1.05812	1.06293	1.0663	1.05803	1.06134	1.07365	1.06961	1.06053	1.09451	1.0614	1.03613	1.03181	1.02128	1.03509	1.03629	1.02246	1.06971	1.05388	1.05117	1.05439	1.05328	1.04311	1.09053	1.07981	1.09022	1.09166	1.07917	1.07872	1.03772	1.03814	1.03507	1.03263	1.06312	1.05	1.10537	1.09109	1.10471	1.09075	1.09009	1.10383
ERR609046	0.953667	0.916035	0.925686	0.915906	0.924606	0.953989	0.913194	0.91566	0.915953	0.913423	0.903186	0.904696	0.873247	0.810417	0.811566	0.797556	0.807593	0	0.926326	0.904245	0.933027	0.931134	0.928539	0.898199	1.09593	1.08743	1.09713	1.09772	1.08552	1.09593	0.956082	0.915385	0.92154	0.921484	0.925701	0.92759	0.89874	0.89834	0.914123	0.897668	0.90471	0.906955	0.901113	0.901432	0.903362	0.901685	0.909704	0.901428	1.09051	1.09135	1.0903	1.07198	1.07269	1.07883	1.0906	1.06971	1.06292	1.06755	1.07102	1.06243	1.06682	1.07884	1.07518	1.06631	1.09748	1.06706	1.04132	1.03725	1.02732	1.03998	1.04111	1.02865	1.0742	1.0597	1.05677	1.0604	1.05908	1.04888	1.0958	1.0857	1.0951	1.09743	1.085	1.08456	1.04366	1.04413	1.04105	1.03903	1.06886	1.05575	1.11091	1.09595	1.11037	1.09604	1.0955	1.10914
ERR622146	0.934636	0.901201	0.910126	0.900739	0.909391	0.935329	0.946119	0.947939	0.94834	0.946164	0.936763	0.936868	0.975419	0.924212	0.924425	0.916361	0.920529	0.926326	0	0.828057	0.856656	0.847848	0.845633	0.821132	1.1184	1.10955	1.11998	1.11992	1.10816	1.11858	0.981272	0.940657	0.945628	0.945203	0.949394	0.951635	0.862759	0.862511	0.875371	0.86176	0.867823	0.86904	0.91416	0.915222	0.916475	0.915608	0.922555	0.915376	1.10071	1.1014	1.10108	1.08352	1.08468	1.09027	1.12964	1.10779	1.10147	1.10636	1.10911	1.1014	1.09544	1.10586	1.1024	1.09504	1.12388	1.09549	1.06906	1.06516	1.05544	1.06792	1.06947	1.05662	1.10175	1.08739	1.08475	1.08757	1.08629	1.07754	1.11981	1.11011	1.1196	1.12117	1.10953	1.10909	1.08663	1.08688	1.08357	1.0812	1.11121	1.09834	1.14847	1.1346	1.14774	1.13457	1.13396	1.14684
ERR622144	0.91856	0.880209	0.890194	0.880201	0.889438	0.918899	0.925661	0.928118	0.928026	0.925772	0.915297	0.915933	0.957824	0.901757	0.90233	0.893091	0.898595	0.904245	0.828057	0	0.833203	0.832524	0.829491	0.79264	1.10243	1.0934	1.10386	1.10402	1.09178	1.10264	0.968535	0.923891	0.930046	0.929116	0.934343	0.936461	0.838587	0.838148	0.854336	0.837553	0.844261	0.846314	0.893224	0.893565	0.895217	0.89426	0.902463	0.894252	1.08603	1.08668	1.08571	1.067	1.06843	1.07461	1.11322	1.08968	1.08274	1.0875	1.09112	1.08253	1.08042	1.09182	1.08799	1.07944	1.11071	1.08022	1.04839	1.04472	1.03453	1.0474	1.0485	1.03566	1.08373	1.06903	1.06608	1.06955	1.06793	1.0583	1.10415	1.09384	1.10344	1.10551	1.09323	1.093	1.06781	1.06842	1.06485	1.06227	1.09391	1.08052	1.13524	1.1205	1.13443	1.12017	1.11969	1.13377
ERR622143	0.950649	0.915561	0.922908	0.914426	0.922673	0.950906	0.956835	0.96183	0.958755	0.957133	0.952501	0.952812	0.974968	0.931387	0.931546	0.926151	0.929807	0.933027	0.856656	0.833203	0	0.860422	0.85809	0.829468	1.12618	1.12062	1.12772	1.1296	1.11935	1.12664	0.985182	0.95112	0.956445	0.956314	0.95858	0.960935	0.870739	0.870332	0.883495	0.869794	0.875806	0.879557	0.923502	0.92243	0.925889	0.924506	0.930646	0.924583	1.11027	1.11122	1.1104	1.09445	1.09488	1.10149	1.13361	1.11377	1.10621	1.10972	1.11504	1.10472	1.10551	1.11525	1.11281	1.10454	1.12904	1.10531	1.07426	1.07222	1.06411	1.07303	1.07397	1.06512	1.10588	1.09515	1.09187	1.09568	1.09451	1.08547	1.1289	1.12025	1.12698	1.13035	1.11992	1.11957	1.09407	1.09507	1.0914	1.08974	1.1182	1.10602	1.15957	1.14504	1.15928	1.14478	1.1442	1.15802
ERR622148	0.938166	0.905845	0.91448	0.905277	0.913322	0.939026	0.95069	0.952814	0.953101	0.950574	0.94141	0.941827	0.978872	0.928491	0.928845	0.92103	0.925603	0.931134	0.847848	0.832524	0.860422	0	0.849512	0.826405	1.12177	1.11296	1.12308	1.12318	1.11121	1.12177	0.9844	0.94446	0.949477	0.948803	0.953196	0.955415	0.867245	0.866585	0.879696	0.865954	0.871806	0.87322	0.918862	0.919444	0.920623	0.919905	0.927102	0.919861	1.10386	1.10483	1.10373	1.08683	1.0881	1.09349	1.13226	1.11069	1.10439	1.10902	1.112	1.10454	1.09804	1.10852	1.10501	1.09762	1.12608	1.09806	1.07283	1.06891	1.05937	1.07182	1.07322	1.06021	1.10455	1.09045	1.08826	1.09098	1.09002	1.08115	1.12249	1.11333	1.12253	1.12401	1.11261	1.11217	1.08987	1.0902	1.08695	1.08485	1.11415	1.10152	1.151	1.13719	1.15043	1.13729	1.13666	1.14933
ERR622147	0.936429	0.903649	0.912165	0.903319	0.911678	0.937179	0.948247	0.95015	0.950291	0.948125	0.938298	0.938655	0.976778	0.926145	0.926538	0.918067	0.922876	0.928539	0.845633	0.829491	0.85809	0.849512	0	0.823681	1.12001	1.11108	1.1213	1.12123	1.10952	1.12013	0.98264	0.942447	0.946897	0.946312	0.951044	0.953431	0.864511	0.864321	0.877648	0.863526	0.869405	0.871244	0.916289	0.916806	0.917769	0.917683	0.924339	0.917362	1.1024	1.10332	1.10233	1.08466	1.08635	1.09188	1.13067	1.1089	1.10265	1.10761	1.1104	1.1028	1.09689	1.10708	1.1039	1.09657	1.12513	1.09699	1.07076	1.06716	1.05719	1.07013	1.07119	1.05816	1.10285	1.08868	1.08631	1.08883	1.08788	1.07911	1.12161	1.11171	1.12101	1.12274	1.1112	1.11088	1.08805	1.08857	1.08506	1.08267	1.11252	1.09962	1.14985	1.13589	1.14906	1.13578	1.13538	1.14811
ERR622145	0.909607	0.870603	0.881229	0.870279	0.880437	0.910307	0.917708	0.919493	0.920161	0.917427	0.905256	0.906046	0.955157	0.895329	0.895918	0.885676	0.891548	0.898199	0.821132	0.79264	0.829468	0.826405	0.823681	0	1.09688	1.08665	1.09811	1.09797	1.0849	1.09655	0.965562	0.917775	0.923558	0.922722	0.928915	0.930987	0.830324	0.829878	0.84694	0.829291	0.836607	0.838382	0.885027	0.885942	0.886877	0.886571	0.894972	0.88608	1.0793	1.08024	1.07953	1.05969	1.06138	1.06765	1.10848	1.08468	1.07759	1.08295	1.08608	1.07777	1.07448	1.08608	1.08216	1.07343	1.10662	1.07433	1.04231	1.03806	1.02701	1.04149	1.04264	1.02819	1.07864	1.06243	1.05991	1.06315	1.06174	1.05168	1.09752	1.08698	1.09766	1.09901	1.08635	1.086	1.06134	1.06171	1.05836	1.05546	1.08827	1.07424	1.12911	1.11389	1.12801	1.11381	1.11312	1.12695
ERR629879	1.11082	1.08645	1.09411	1.08674	1.0924	1.11195	1.08577	1.0852	1.08724	1.08541	1.07319	1.07406	1.13754	1.09295	1.094	1.08521	1.09102	1.09593	1.1184	1.10243	1.12618	1.12177	1.12001	1.09688	0	0.868475	0.883842	0.884028	0.866542	0.882084	1.14064	1.10433	1.1088	1.10753	1.11357	1.11415	1.10237	1.10169	1.11337	1.10116	1.1067	1.10696	1.08519	1.08659	1.08612	1.08594	1.0931	1.08629	1.01572	1.01699	1.01563	0.994274	0.996225	1.00165	1.00524	0.974952	0.969473	0.978104	0.975986	0.9718	0.973822	0.990272	0.983097	0.971816	1.01889	0.973902	0.957462	0.95209	0.94114	0.956584	0.95778	0.943061	0.984217	0.962286	0.961586	0.962984	0.962156	0.954341	0.973345	0.962022	0.974666	0.974077	0.961884	0.962144	0.965446	0.964456	0.961204	0.959119	0.992184	0.976892	0.997305	0.981593	0.997399	0.981401	0.980599	0.99539
ERR629876	1.09754	1.07315	1.082	1.07388	1.07967	1.09876	1.07589	1.07312	1.07692	1.07492	1.05917	1.0599	1.13302	1.08398	1.08498	1.07448	1.08161	1.08743	1.10955	1.0934	1.12062	1.11296	1.11108	1.08665	0.868475	0	0.870692	0.862947	0.840198	0.8677	1.13475	1.09404	1.09838	1.0965	1.10422	1.1048	1.09313	1.09241	1.10418	1.09181	1.09734	1.09655	1.07407	1.07652	1.07484	1.07494	1.08286	1.07492	1.00175	1.00296	1.00161	0.977002	0.980373	0.985035	0.995564	0.961607	0.956577	0.967716	0.962639	0.961355	0.958017	0.976307	0.967232	0.955925	1.01047	0.957998	0.946176	0.937759	0.923778	0.945479	0.946917	0.925655	0.97491	0.947316	0.947679	0.947778	0.946931	0.938811	0.957856	0.944555	0.961308	0.958681	0.944744	0.944467	0.950909	0.949101	0.946189	0.942584	0.979351	0.962946	0.980011	0.964299	0.979096	0.96423	0.9636	0.977512
ERR629878	1.11223	1.08744	1.09553	1.08795	1.0938	1.11346	1.08703	1.08647	1.08843	1.08657	1.07455	1.07548	1.13863	1.09409	1.09503	1.08636	1.09252	1.09713	1.11998	1.10386	1.12772	1.12308	1.1213	1.09811	0.883842	0.870692	0	0.885884	0.868298	0.883043	1.14214	1.106	1.11026	1.10889	1.1151	1.11553	1.10341	1.10279	1.11488	1.10258	1.10817	1.1084	1.08648	1.08787	1.08755	1.08716	1.09454	1.08721	1.01703	1.01783	1.01669	0.995388	0.997352	1.00248	1.00603	0.976425	0.970524	0.979339	0.976937	0.973478	0.975006	0.991341	0.983725	0.97316	1.01959	0.975091	0.958391	0.953406	0.942509	0.958017	0.959471	0.944198	0.984659	0.962878	0.962765	0.963796	0.962923	0.955282	0.975037	0.964011	0.976362	0.975627	0.963989	0.964125	0.966385	0.965707	0.962397	0.960229	0.993214	0.97804	0.998106	0.982418	0.997935	0.982366	0.981399	0.995908
ERR629875	1.11008	1.08622	1.09445	1.08664	1.09245	1.11107	1.08702	1.08503	1.08825	1.08636	1.07224	1.07335	1.14086	1.09465	1.09533	1.086	1.09249	1.09772	1.11992	1.10402	1.1296	1.12318	1.12123	1.09797	0.884028	0.862947	0.885884	0	0.860326	0.883065	1.14239	1.10461	1.10889	1.10743	1.11415	1.11475	1.10414	1.10355	1.11473	1.10293	1.1081	1.10807	1.08588	1.08793	1.0869	1.08688	1.09419	1.08686	1.0147	1.01611	1.01494	0.992362	0.995299	0.999787	1.0067	0.975198	0.970408	0.980267	0.976161	0.974291	0.9734	0.990493	0.982372	0.971601	1.02112	0.973125	0.960284	0.953014	0.940995	0.959648	0.960852	0.94289	0.986213	0.96197	0.96158	0.962572	0.961951	0.95413	0.972345	0.961291	0.975123	0.973436	0.960809	0.960738	0.965368	0.963923	0.961298	0.958235	0.992045	0.97694	0.994182	0.979221	0.99393	0.978999	0.978518	0.992332
ERR629874	1.09594	1.07147	1.08031	1.07213	1.07821	1.0974	1.07411	1.07118	1.07531	1.07323	1.05719	1.05822	1.13148	1.08184	1.08324	1.07277	1.07952	1.08552	1.10816	1.09178	1.11935	1.11121	1.10952	1.0849	0.866542	0.840198	0.868298	0.860326	0	0.865724	1.13368	1.09219	1.09679	1.09502	1.10268	1.10326	1.09129	1.09058	1.1025	1.09003	1.09551	1.09489	1.0725	1.07481	1.0731	1.07314	1.08113	1.07354	0.999928	1.00098	0.999786	0.97504	0.978214	0.982966	0.993751	0.958834	0.954208	0.965307	0.959727	0.958998	0.956281	0.974546	0.965309	0.954338	1.00933	0.956083	0.944289	0.935762	0.921858	0.943908	0.945262	0.923815	0.973599	0.945773	0.945932	0.94634	0.94544	0.936974	0.956782	0.944091	0.960694	0.957722	0.943779	0.943735	0.94876	0.947287	0.944256	0.940429	0.977998	0.961323	0.978748	0.96317	0.977987	0.963033	0.962261	0.976911
ERR629877	1.11063	1.08603	1.09355	1.08641	1.09219	1.11185	1.08567	1.08484	1.08702	1.0851	1.07279	1.0734	1.13783	1.0927	1.09368	1.085	1.09135	1.09593	1.11858	1.10264	1.12664	1.12177	1.12013	1.09655	0.882084	0.8677	0.883043	0.883065	0.865724	0	1.14123	1.10465	1.10904	1.10757	1.11385	1.11447	1.10231	1.10156	1.11349	1.10118	1.10635	1.10698	1.08497	1.08617	1.08571	1.08562	1.09274	1.08551	1.01523	1.01615	1.01514	0.993538	0.99582	1.00082	1.00432	0.974164	0.968526	0.977659	0.975136	0.971656	0.972843	0.989542	0.982321	0.970917	1.01837	0.973224	0.956498	0.95075	0.940407	0.955985	0.95742	0.94191	0.983858	0.961286	0.961097	0.962212	0.961315	0.953119	0.972898	0.962257	0.97437	0.973992	0.961545	0.961832	0.964127	0.963308	0.959982	0.95781	0.990993	0.975665	0.996438	0.980207	0.995723	0.979985	0.979293	0.993709
ERR608707	1.01379	0.986609	0.9929	0.985919	0.992357	1.01426	0.998941	1.00114	1.00086	0.99879	0.9926	0.993827	0.989713	0.955247	0.954525	0.949351	0.951932	0.956082	0.981272	0.968535	0.985182	0.9844	0.98264	0.965562	1.14064	1.13475	1.14214	1.14239	1.13368	1.14123	0	0.812945	0.815687	0.81629	0.81555	0.815928	0.966388	0.966263	0.974769	0.965515	0.969448	0.971885	0.973816	0.974232	0.975604	0.974544	0.979286	0.974361	1.12848	1.12912	1.12848	1.11394	1.11444	1.11964	1.06327	1.05813	1.05665	1.05673	1.05894	1.05533	1.12105	1.13051	1.12764	1.12013	1.14503	1.12142	1.10026	1.09718	1.0905	1.0995	1.10042	1.09158	1.12786	1.11652	1.11433	1.11709	1.11596	1.10831	1.1416	1.13386	1.14134	1.14295	1.13333	1.1334	1.05398	1.05407	1.05267	1.05297	1.06173	1.05802	1.10115	1.09424	1.10067	1.09442	1.09405	1.09945
ERR608709	0.9644	0.931796	0.941338	0.93193	0.940106	0.965474	0.950893	0.950625	0.953007	0.950482	0.937299	0.939068	0.965512	0.913337	0.913185	0.903259	0.908647	0.915385	0.940657	0.923891	0.95112	0.94446	0.942447	0.917775	1.10433	1.09404	1.106	1.10461	1.09219	1.10465	0.812945	0	0.779363	0.778848	0.784037	0.78472	0.91862	0.918248	0.929963	0.917069	0.922516	0.923476	0.922037	0.924356	0.923697	0.923393	0.930602	0.922756	1.08884	1.08982	1.08898	1.06996	1.07174	1.07716	1.04685	1.03375	1.03198	1.03451	1.03479	1.03206	1.08182	1.09382	1.08926	1.08083	1.1158	1.08193	1.06028	1.05501	1.04517	1.05975	1.06091	1.04657	1.09273	1.07542	1.07399	1.07618	1.07475	1.06639	1.10382	1.09356	1.10533	1.10528	1.09296	1.09297	1.02429	1.02381	1.02205	1.02083	1.03872	1.03116	1.07841	1.06906	1.07781	1.06935	1.0691	1.07662
ERR608711	0.968732	0.937912	0.94707	0.937622	0.945407	0.969459	0.957094	0.956217	0.959034	0.956415	0.943243	0.944719	0.970642	0.91967	0.919987	0.909719	0.914457	0.92154	0.945628	0.930046	0.956445	0.949477	0.946897	0.923558	1.1088	1.09838	1.11026	1.10889	1.09679	1.10904	0.815687	0.779363	0	0.778295	0.783308	0.788464	0.924346	0.92422	0.935404	0.923285	0.928329	0.928992	0.928733	0.930951	0.929684	0.929483	0.936723	0.929097	1.09328	1.09407	1.09338	1.07469	1.07685	1.08129	1.04963	1.0377	1.03606	1.03829	1.03823	1.03611	1.08628	1.0981	1.09301	1.08512	1.12002	1.08631	1.06624	1.06105	1.05123	1.06543	1.06657	1.05249	1.09811	1.08075	1.07938	1.08142	1.08014	1.07171	1.10864	1.09856	1.10981	1.10977	1.09779	1.09757	1.02847	1.02822	1.0262	1.0254	1.04212	1.03489	1.07998	1.07124	1.0789	1.07158	1.07132	1.07803
ERR608710	0.967471	0.936181	0.945842	0.936224	0.944412	0.968336	0.956234	0.95511	0.958296	0.955066	0.941819	0.943198	0.970631	0.919389	0.91976	0.909549	0.914254	0.921484	0.945203	0.929116	0.956314	0.948803	0.946312	0.922722	1.10753	1.0965	1.10889	1.10743	1.09502	1.10757	0.81629	0.778848	0.778295	0	0.782774	0.787726	0.923616	0.923505	0.934764	0.922278	0.928109	0.928279	0.92755	0.929974	0.929028	0.928731	0.936125	0.927654	1.09125	1.09216	1.09119	1.07255	1.07431	1.07941	1.04905	1.03662	1.03516	1.03784	1.0372	1.03563	1.08435	1.09611	1.09118	1.08339	1.11857	1.08438	1.06458	1.05948	1.04965	1.06421	1.0652	1.051	1.09715	1.07947	1.07792	1.0799	1.07851	1.07028	1.10661	1.09643	1.10841	1.10775	1.0962	1.09575	1.02734	1.02702	1.02532	1.02396	1.04098	1.03381	1.07824	1.07009	1.07779	1.07032	1.07001	1.07685
ERR608712	0.975543	0.944891	0.953671	0.944336	0.952191	0.976024	0.962169	0.962442	0.964172	0.961788	0.950798	0.952097	0.971504	0.92355	0.923815	0.915211	0.919474	0.925701	0.949394	0.934343	0.95858	0.953196	0.951044	0.928915	1.11357	1.10422	1.1151	1.11415	1.10268	1.11385	0.81555	0.784037	0.783308	0.782774	0	0.791918	0.929682	0.929681	0.940265	0.928671	0.933939	0.934867	0.934598	0.936302	0.936602	0.935709	0.942206	0.934854	1.0986	1.0996	1.09893	1.08118	1.08259	1.0876	1.05075	1.04014	1.0384	1.04049	1.04068	1.03825	1.0916	1.10283	1.09856	1.09055	1.12322	1.09168	1.0708	1.06606	1.05706	1.06983	1.07128	1.05826	1.10201	1.086	1.08437	1.08686	1.0856	1.07744	1.11358	1.10389	1.11442	1.1148	1.10327	1.10301	1.03189	1.03185	1.02987	1.02916	1.04464	1.03805	1.08359	1.07473	1.08285	1.07521	1.07481	1.08185
ERR608708	0.977017	0.94661	0.955632	0.946534	0.954058	0.977905	0.964464	0.964704	0.966672	0.964038	0.95276	0.954021	0.973261	0.925856	0.926084	0.917367	0.921752	0.92759	0.951635	0.936461	0.960935	0.955415	0.953431	0.930987	1.11415	1.1048	1.11553	1.11475	1.10326	1.11447	0.815928	0.78472	0.788464	0.787726	0.791918	0	0.932211	0.931771	0.942728	0.93097	0.935762	0.937013	0.936702	0.938498	0.938424	0.937504	0.944393	0.93709	1.1002	1.10093	1.10027	1.08238	1.0842	1.08902	1.05132	1.04064	1.03897	1.04087	1.04117	1.03841	1.09244	1.10388	1.09943	1.09135	1.12393	1.09258	1.07148	1.06679	1.05755	1.07091	1.07169	1.05897	1.10266	1.08701	1.08517	1.08741	1.08652	1.07808	1.11409	1.10448	1.11521	1.11546	1.10415	1.10377	1.0322	1.03206	1.03024	1.02935	1.04478	1.03819	1.08372	1.07525	1.08298	1.07565	1.07547	1.08205
ERR636946	0.884986	0.843669	0.85387	0.842809	0.853206	0.886038	0.922454	0.925093	0.92476	0.922132	0.911134	0.912161	0.954728	0.895368	0.896116	0.886384	0.89235	0.89874	0.862759	0.838587	0.870739	0.867245	0.864511	0.830324	1.10237	1.09313	1.10341	1.10414	1.09129	1.10231	0.966388	0.91862	0.924346	0.923616	0.929682	0.932211	0	0.742819	0.76721	0.742027	0.755198	0.757633	0.885642	0.885554	0.888071	0.886656	0.895525	0.886605	1.08408	1.08467	1.08391	1.06473	1.06639	1.07263	1.10999	1.08659	1.07927	1.08396	1.08789	1.07894	1.07916	1.09123	1.08718	1.07865	1.11083	1.07918	1.05135	1.04751	1.03707	1.05021	1.05145	1.03813	1.08169	1.06669	1.06395	1.06747	1.0661	1.05582	1.10351	1.09303	1.10298	1.10521	1.09246	1.09206	1.06426	1.0649	1.06129	1.05865	1.09136	1.07731	1.13444	1.11907	1.13355	1.11899	1.11844	1.1325
ERR636947	0.885087	0.843065	0.853729	0.842422	0.852927	0.885947	0.921786	0.924507	0.92407	0.921926	0.910907	0.911954	0.954268	0.895003	0.895556	0.885979	0.891732	0.89834	0.862511	0.838148	0.870332	0.866585	0.864321	0.829878	1.10169	1.09241	1.10279	1.10355	1.09058	1.10156	0.966263	0.918248	0.92422	0.923505	0.929681	0.931771	0.742819	0	0.767052	0.741378	0.754525	0.757376	0.884881	0.885102	0.887517	0.886128	0.895009	0.886441	1.08337	1.08396	1.08346	1.06395	1.06558	1.07186	1.10902	1.08565	1.07853	1.0833	1.08724	1.07797	1.07869	1.09082	1.08681	1.07814	1.11043	1.07875	1.05063	1.04678	1.03645	1.04958	1.05047	1.03745	1.08113	1.06626	1.06321	1.06683	1.06557	1.05541	1.10309	1.09252	1.10243	1.10447	1.09182	1.09144	1.06366	1.06429	1.06059	1.05794	1.09062	1.07661	1.13387	1.11848	1.13322	1.1184	1.11778	1.1322
ERR636943	0.897867	0.860047	0.869209	0.859589	0.868579	0.898627	0.937171	0.938992	0.939511	0.937158	0.926798	0.927217	0.966199	0.911059	0.911613	0.902821	0.908038	0.914123	0.875371	0.854336	0.883495	0.879696	0.877648	0.84694	1.11337	1.10418	1.11488	1.11473	1.1025	1.11349	0.974769	0.929963	0.935404	0.934764	0.940265	0.942728	0.76721	0.767052	0	0.766461	0.772495	0.774423	0.900318	0.900852	0.902609	0.901624	0.909271	0.901832	1.09732	1.09782	1.09715	1.07895	1.08048	1.08613	1.12106	1.0984	1.09185	1.09642	1.09969	1.09127	1.09255	1.10387	1.10017	1.09193	1.12228	1.09257	1.06487	1.0606	1.05075	1.06361	1.06474	1.05187	1.09334	1.0787	1.07602	1.07921	1.07787	1.06829	1.11611	1.10605	1.1157	1.11758	1.10535	1.10525	1.07691	1.07713	1.07389	1.07134	1.10276	1.08923	1.1447	1.1305	1.14398	1.13015	1.12967	1.14303
ERR636948	0.884226	0.842416	0.852642	0.841775	0.852038	0.884835	0.921273	0.92371	0.923463	0.920941	0.909834	0.910754	0.953851	0.893908	0.894824	0.885141	0.890812	0.897668	0.86176	0.837553	0.869794	0.865954	0.863526	0.829291	1.10116	1.09181	1.10258	1.10293	1.09003	1.10118	0.965515	0.917069	0.923285	0.922278	0.928671	0.93097	0.742027	0.741378	0.766461	0	0.753698	0.756432	0.884033	0.884183	0.886417	0.885327	0.89409	0.885356	1.08282	1.08356	1.08279	1.06313	1.06495	1.07109	1.10915	1.08532	1.07822	1.08332	1.08678	1.07782	1.0786	1.09074	1.08655	1.07791	1.11048	1.07895	1.05034	1.04651	1.03582	1.04903	1.05009	1.0368	1.08067	1.06547	1.0628	1.06592	1.0651	1.05467	1.10253	1.09219	1.10195	1.10422	1.09136	1.09112	1.06313	1.06369	1.06012	1.05724	1.09043	1.07635	1.13346	1.1178	1.13248	1.11795	1.11737	1.1314
ERR636945	0.89019	0.850051	0.860047	0.849352	0.859313	0.890768	0.928095	0.929905	0.930226	0.928071	0.917168	0.917943	0.959148	0.901129	0.90191	0.892581	0.89816	0.90471	0.867823	0.844261	0.875806	0.871806	0.869405	0.836607	1.1067	1.09734	1.10817	1.1081	1.09551	1.10635	0.969448	0.922516	0.928329	0.928109	0.933939	0.935762	0.755198	0.754525	0.772495	0.753698	0	0.763779	0.890576	0.890789	0.893137	0.891967	0.900361	0.892305	1.08963	1.09041	1.08948	1.07074	1.07222	1.07814	1.11403	1.09087	1.08357	1.08868	1.09213	1.08331	1.08466	1.09625	1.09223	1.0838	1.11545	1.0846	1.05625	1.05214	1.04221	1.05504	1.05623	1.04317	1.08558	1.07109	1.06836	1.07154	1.07023	1.06036	1.10854	1.09842	1.10807	1.11022	1.09768	1.09739	1.06883	1.06914	1.06552	1.063	1.09538	1.08131	1.13871	1.12371	1.13787	1.12347	1.12301	1.13685
ERR636944	0.888532	0.849498	0.859814	0.849244	0.859146	0.889792	0.929386	0.930487	0.931424	0.928868	0.916749	0.917659	0.962826	0.903501	0.904468	0.894319	0.900006	0.906955	0.86904	0.846314	0.879557	0.87322	0.871244	0.838382	1.10696	1.09655	1.1084	1.10807	1.09489	1.10698	0.971885	0.923476	0.928992	0.928279	0.934867	0.937013	0.757633	0.757376	0.774423	0.756432	0.763779	0	0.891909	0.8929	0.894075	0.893312	0.902065	0.893311	1.0896	1.09028	1.0895	1.07003	1.072	1.07748	1.11559	1.09193	1.0851	1.09056	1.09312	1.08536	1.08506	1.09661	1.09247	1.08433	1.11705	1.0848	1.05797	1.05347	1.04256	1.05706	1.05805	1.04392	1.08747	1.07152	1.06906	1.07209	1.07083	1.06085	1.10867	1.09818	1.10889	1.11026	1.0975	1.09726	1.06976	1.06983	1.06616	1.06359	1.09615	1.08212	1.13763	1.12308	1.13661	1.12296	1.12233	1.13578
ERR636774	0.918096	0.878135	0.889489	0.878998	0.888721	0.919547	0.873958	0.876162	0.876215	0.873806	0.860453	0.862402	0.963468	0.89676	0.898234	0.88696	0.894966	0.901113	0.91416	0.893224	0.923502	0.918862	0.916289	0.885027	1.08519	1.07407	1.08648	1.08588	1.0725	1.08497	0.973816	0.922037	0.928733	0.92755	0.934598	0.936702	0.885642	0.884881	0.900318	0.884033	0.890576	0.891909	0	0.782747	0.783819	0.778794	0.793412	0.778388	1.08058	1.08131	1.08035	1.06008	1.06193	1.06801	1.09615	1.07127	1.06408	1.07003	1.07275	1.06397	1.05945	1.07272	1.06787	1.05844	1.09456	1.05976	1.02725	1.02213	1.0108	1.02603	1.02722	1.01217	1.06285	1.04604	1.04343	1.0464	1.04539	1.03505	1.08618	1.07536	1.08644	1.08784	1.07484	1.07418	1.04141	1.04191	1.03816	1.03531	1.06998	1.05509	1.11501	1.09946	1.11429	1.09928	1.09899	1.11318
ERR636771	0.920417	0.880651	0.8911	0.88128	0.890658	0.921866	0.875283	0.878179	0.877645	0.874578	0.863399	0.865238	0.962249	0.897493	0.898618	0.888098	0.895535	0.901432	0.915222	0.893565	0.92243	0.919444	0.916806	0.885942	1.08659	1.07652	1.08787	1.08793	1.07481	1.08617	0.974232	0.924356	0.930951	0.929974	0.936302	0.938498	0.885554	0.885102	0.900852	0.884183	0.890789	0.8929	0.782747	0	0.782539	0.782872	0.791455	0.783486	1.08237	1.0834	1.08231	1.06258	1.06395	1.07016	1.09664	1.0722	1.06481	1.07035	1.07343	1.06473	1.06119	1.07405	1.06985	1.06059	1.09501	1.06143	1.02782	1.02316	1.01236	1.02671	1.02772	1.01381	1.06346	1.04772	1.04486	1.04787	1.04699	1.03663	1.08761	1.07734	1.0871	1.08935	1.07648	1.07634	1.04278	1.04328	1.0396	1.03692	1.0714	1.05645	1.11772	1.10167	1.117	1.10141	1.10118	1.11576
ERR636770	0.919478	0.880966	0.891545	0.881107	0.890615	0.920563	0.876802	0.878314	0.878905	0.876381	0.862358	0.864378	0.966015	0.899485	0.900725	0.888922	0.896742	0.903362	0.916475	0.895217	0.925889	0.920623	0.917769	0.886877	1.08612	1.07484	1.08755	1.0869	1.0731	1.08571	0.975604	0.923697	0.929684	0.929028	0.936602	0.938424	0.888071	0.887517	0.902609	0.886417	0.893137	0.894075	0.783819	0.782539	0	0.784669	0.792336	0.784672	1.08226	1.08299	1.08194	1.06168	1.06362	1.06928	1.09742	1.07255	1.06576	1.07179	1.07376	1.06569	1.06116	1.07419	1.06958	1.06025	1.09636	1.06161	1.02854	1.02303	1.01207	1.02735	1.02851	1.01314	1.06433	1.04695	1.04448	1.04741	1.04627	1.03624	1.08755	1.07681	1.08788	1.08909	1.07622	1.07569	1.04284	1.04313	1.03944	1.03636	1.07137	1.05634	1.11588	1.10057	1.11516	1.10042	1.10017	1.11404
ERR636772	0.919574	0.879946	0.890578	0.880577	0.889933	0.921172	0.874261	0.876888	0.876718	0.873906	0.861442	0.863324	0.96332	0.897163	0.898847	0.887481	0.895496	0.901685	0.915608	0.89426	0.924506	0.919905	0.917683	0.886571	1.08594	1.07494	1.08716	1.08688	1.07314	1.08562	0.974544	0.923393	0.929483	0.928731	0.935709	0.937504	0.886656	0.886128	0.901624	0.885327	0.891967	0.893312	0.778794	0.782872	0.784669	0	0.794112	0.779265	1.08187	1.08277	1.08162	1.06146	1.06318	1.06927	1.09652	1.07167	1.06448	1.07048	1.07331	1.06451	1.06069	1.07414	1.06919	1.05973	1.0954	1.06082	1.02765	1.02263	1.01162	1.02677	1.02801	1.0128	1.06356	1.04703	1.04409	1.04712	1.04604	1.03589	1.0872	1.07629	1.08685	1.0885	1.07562	1.07529	1.04232	1.04271	1.0392	1.03619	1.07087	1.05602	1.1162	1.10036	1.11534	1.10032	1.09987	1.1142
ERR636769	0.928094	0.890561	0.900459	0.891064	0.89978	0.929443	0.883974	0.886357	0.886234	0.883786	0.872283	0.874329	0.96919	0.906219	0.907382	0.896919	0.90417	0.909704	0.922555	0.902463	0.930646	0.927102	0.924339	0.894972	1.0931	1.08286	1.09454	1.09419	1.08113	1.09274	0.979286	0.930602	0.936723	0.936125	0.942206	0.944393	0.895525	0.895009	0.909271	0.89409	0.900361	0.902065	0.793412	0.791455	0.792336	0.794112	0	0.793776	1.09014	1.09099	1.08984	1.07077	1.07229	1.07828	1.10285	1.07885	1.07201	1.07728	1.08059	1.07177	1.06937	1.08172	1.0772	1.06848	1.10185	1.06923	1.03537	1.03058	1.02008	1.03405	1.03531	1.02126	1.07	1.05406	1.05152	1.05457	1.05391	1.04363	1.09594	1.08532	1.0957	1.09713	1.08443	1.08421	1.05019	1.05035	1.04698	1.04445	1.07803	1.06327	1.12379	1.10859	1.12283	1.10845	1.10795	1.12176
ERR636773	0.919368	0.879569	0.890598	0.88017	0.889853	0.920393	0.874585	0.876691	0.877016	0.874388	0.860786	0.863189	0.963398	0.89713	0.898398	0.887128	0.89493	0.901428	0.915376	0.894252	0.924583	0.919861	0.917362	0.88608	1.08629	1.07492	1.08721	1.08686	1.07354	1.08551	0.974361	0.922756	0.929097	0.927654	0.934854	0.93709	0.886605	0.886441	0.901832	0.885356	0.892305	0.893311	0.778388	0.783486	0.784672	0.779265	0.793776	0	1.08196	1.08266	1.08158	1.06136	1.06342	1.06908	1.097	1.07206	1.06483	1.07083	1.07331	1.06479	1.06095	1.07388	1.06925	1.06001	1.09583	1.06101	1.02777	1.02287	1.0116	1.02685	1.02802	1.01278	1.06376	1.04698	1.04431	1.04722	1.04627	1.03589	1.08727	1.07621	1.08675	1.08892	1.07555	1.07539	1.04214	1.04251	1.03901	1.03608	1.07082	1.05596	1.11606	1.1006	1.11566	1.10048	1.09993	1.11416
