	ERR636911	ERR636912	ERR636910	ERR636907	ERR636908	ERR636909	ERR621933	ERR621932	ERR621935	ERR621931	ERR621934	ERR621936	ERR613620	ERR613621	ERR613618	ERR613622	ERR613619	ERR613617	ERR622232	ERR622231	ERR622228	ERR622227	ERR622230	ERR622229	ERR605564	ERR605568	ERR605563	ERR605566	ERR605567	ERR605565	ERR613497	ERR613501	ERR613500	ERR613499	ERR613498	ERR613502	ERR607762	ERR607759	ERR607761	ERR607760	ERR637124	ERR637123	ERR622213	ERR622211	ERR622214	ERR622212	ERR622210	ERR622209	ERR617217	ERR617218	ERR617215	ERR617219	ERR617216	ERR617220	ERR607591	ERR607593	ERR607596	ERR607594	ERR607592	ERR607595	ERR617531	ERR617534	ERR617532	ERR617533	ERR617529	ERR617530	ERR621958	ERR621957	ERR621955	ERR621960	ERR621956	ERR621959	ERR618421	ERR618417	ERR618420	ERR618422	ERR618419	ERR618418	ERR629692	ERR629693	ERR629696	ERR629694	ERR629697	ERR629695	ERR626644	ERR626648	ERR626647	ERR626649	ERR626646	ERR626645	ERR605521	ERR605522	ERR605523	ERR605526	ERR605524	ERR605525
ERR636911	7.20394e+09	7.09764e+09	6.96126e+09	6.39559e+09	6.79943e+09	6.79457e+09	6.41306e+09	6.45128e+09	6.94402e+09	6.87074e+09	6.99277e+09	7.00909e+09	6.20719e+09	6.17388e+09	6.46393e+09	5.1929e+09	6.31147e+09	6.65726e+09	5.01366e+09	4.96741e+09	6.21425e+09	5.96115e+09	4.94947e+09	6.24618e+09	7.4138e+09	7.4101e+09	7.62783e+09	7.40843e+09	7.47178e+09	7.20066e+09	6.87999e+09	6.06742e+09	6.14649e+09	6.83001e+09	6.8447e+09	6.03607e+09	6.66706e+09	7.71436e+09	6.74955e+09	6.69272e+09	7.74859e+09	7.56798e+09	5.74454e+09	7.24937e+09	5.80266e+09	5.72357e+09	7.22737e+09	6.94514e+09	6.54725e+09	5.73123e+09	6.2863e+09	5.89987e+09	6.55032e+09	5.62858e+09	7.49962e+09	6.9189e+09	7.49265e+09	7.47402e+09	6.89363e+09	7.47451e+09	5.37841e+09	5.0337e+09	4.74326e+09	4.93624e+09	5.18552e+09	5.40013e+09	6.22297e+09	5.63165e+09	6.0479e+09	6.27666e+09	5.64923e+09	6.18265e+09	6.39874e+09	6.68312e+09	6.26264e+09	6.4341e+09	6.28969e+09	5.91583e+09	6.63436e+09	5.87471e+09	6.83464e+09	5.88955e+09	6.88374e+09	6.8476e+09	6.85478e+09	6.16904e+09	6.09875e+09	6.14253e+09	5.66903e+09	6.40591e+09	6.48917e+09	6.2435e+09	5.96261e+09	6.17144e+09	6.17959e+09	6.26415e+09
ERR636912	7.09764e+09	7.42221e+09	7.06651e+09	6.48819e+09	6.90095e+09	6.89621e+09	6.51152e+09	6.5508e+09	7.05485e+09	6.9804e+09	7.10526e+09	7.12165e+09	6.29657e+09	6.26235e+09	6.55846e+09	5.26256e+09	6.40288e+09	6.75699e+09	5.08591e+09	5.03888e+09	6.30944e+09	6.05064e+09	5.02049e+09	6.34143e+09	7.53158e+09	7.5282e+09	7.75137e+09	7.52612e+09	7.59121e+09	7.31294e+09	6.98389e+09	6.15394e+09	6.23459e+09	6.93322e+09	6.94833e+09	6.12199e+09	6.768e+09	7.84104e+09	6.85249e+09	6.79464e+09	7.87683e+09	7.69108e+09	5.82779e+09	7.36345e+09	5.8868e+09	5.80634e+09	7.34191e+09	7.05294e+09	6.65036e+09	5.8169e+09	6.38318e+09	5.98918e+09	6.65392e+09	5.71142e+09	7.61887e+09	7.02423e+09	7.6126e+09	7.5931e+09	6.99836e+09	7.59341e+09	5.45793e+09	5.10692e+09	4.81167e+09	5.00848e+09	5.26136e+09	5.48084e+09	6.31483e+09	5.7115e+09	6.1362e+09	6.36961e+09	5.72898e+09	6.2739e+09	6.49808e+09	6.78853e+09	6.35987e+09	6.53474e+09	6.38694e+09	6.00475e+09	6.73296e+09	5.95812e+09	6.9375e+09	5.9724e+09	6.98695e+09	6.95018e+09	6.95849e+09	6.25709e+09	6.18588e+09	6.2306e+09	5.74773e+09	6.49949e+09	6.5869e+09	6.33452e+09	6.04818e+09	6.26187e+09	6.27049e+09	6.35611e+09
ERR636910	6.96126e+09	7.06651e+09	7.14129e+09	6.36977e+09	6.77095e+09	6.76562e+09	6.38787e+09	6.42563e+09	6.91532e+09	6.84336e+09	6.96401e+09	6.98038e+09	6.18142e+09	6.14821e+09	6.43578e+09	5.17254e+09	6.28491e+09	6.62854e+09	4.99659e+09	4.95101e+09	6.19078e+09	5.93895e+09	4.93306e+09	6.22161e+09	7.37954e+09	7.37614e+09	7.59249e+09	7.37439e+09	7.4374e+09	7.16861e+09	6.84925e+09	6.04219e+09	6.121e+09	6.79992e+09	6.81471e+09	6.01108e+09	6.63772e+09	7.67879e+09	6.71977e+09	6.66352e+09	7.71328e+09	7.53334e+09	5.72362e+09	7.21847e+09	5.7811e+09	5.70237e+09	7.19625e+09	6.91598e+09	6.52249e+09	5.71103e+09	6.26271e+09	5.87855e+09	6.52573e+09	5.60868e+09	7.46477e+09	6.88829e+09	7.45845e+09	7.4394e+09	6.86297e+09	7.43961e+09	5.35939e+09	5.01607e+09	4.7275e+09	4.91963e+09	5.16731e+09	5.38113e+09	6.1981e+09	5.61049e+09	6.02421e+09	6.25146e+09	5.62708e+09	6.1581e+09	6.37369e+09	6.65626e+09	6.23919e+09	6.40936e+09	6.26541e+09	5.89379e+09	6.6061e+09	5.85173e+09	6.80542e+09	5.86575e+09	6.85377e+09	6.81784e+09	6.82391e+09	6.14288e+09	6.07344e+09	6.11679e+09	5.64594e+09	6.37801e+09	6.46382e+09	6.21803e+09	5.93917e+09	6.14662e+09	6.15471e+09	6.23894e+09
ERR636907	6.39559e+09	6.48819e+09	6.36977e+09	6.06699e+09	6.23506e+09	6.22823e+09	5.88994e+09	5.92337e+09	6.35798e+09	6.29411e+09	6.40169e+09	6.41565e+09	5.70193e+09	5.67219e+09	5.92103e+09	4.79465e+09	5.78806e+09	6.09475e+09	4.6401e+09	4.59926e+09	5.70982e+09	5.48468e+09	4.58183e+09	5.73601e+09	6.76008e+09	6.75831e+09	6.94813e+09	6.75665e+09	6.81163e+09	6.57404e+09	6.29051e+09	5.5789e+09	5.64816e+09	6.24682e+09	6.26068e+09	5.5511e+09	6.10664e+09	7.02403e+09	6.17924e+09	6.12973e+09	7.05589e+09	6.89658e+09	5.29991e+09	6.62156e+09	5.35149e+09	5.28126e+09	6.60484e+09	6.35636e+09	6.00813e+09	5.28315e+09	5.77479e+09	5.43289e+09	6.01043e+09	5.18648e+09	6.83545e+09	6.32719e+09	6.8304e+09	6.81364e+09	6.30435e+09	6.81327e+09	4.96182e+09	4.65062e+09	4.38872e+09	4.5634e+09	4.78652e+09	4.98224e+09	5.71938e+09	5.19381e+09	5.564e+09	5.76561e+09	5.20853e+09	5.6832e+09	5.87072e+09	6.11982e+09	5.75073e+09	5.90211e+09	5.77159e+09	5.43938e+09	6.07848e+09	5.40517e+09	6.25263e+09	5.41771e+09	6.29516e+09	6.26387e+09	6.26812e+09	5.66627e+09	5.60413e+09	5.643e+09	5.21938e+09	5.87395e+09	5.95541e+09	5.73696e+09	5.4868e+09	5.67381e+09	5.68097e+09	5.75596e+09
ERR636908	6.79943e+09	6.90095e+09	6.77095e+09	6.23506e+09	6.83323e+09	6.61575e+09	6.26634e+09	6.30495e+09	6.78034e+09	6.71314e+09	6.82964e+09	6.84364e+09	6.04583e+09	6.01368e+09	6.28254e+09	5.06175e+09	6.13658e+09	6.4748e+09	4.92081e+09	4.87646e+09	6.08054e+09	5.83079e+09	4.85798e+09	6.10649e+09	7.20652e+09	7.20454e+09	7.41475e+09	7.20311e+09	7.26326e+09	7.00064e+09	6.68897e+09	5.9146e+09	5.98996e+09	6.64141e+09	6.65602e+09	5.88428e+09	6.48778e+09	7.50031e+09	6.56782e+09	6.51382e+09	7.53831e+09	7.35859e+09	5.62142e+09	7.06099e+09	5.67804e+09	5.60065e+09	7.04593e+09	6.76848e+09	6.40667e+09	5.61569e+09	6.14787e+09	5.77926e+09	6.40733e+09	5.501e+09	7.29703e+09	6.7387e+09	7.29225e+09	7.27411e+09	6.71167e+09	7.27384e+09	5.27382e+09	4.93433e+09	4.6554e+09	4.84388e+09	5.08049e+09	5.29475e+09	6.07823e+09	5.50501e+09	5.90983e+09	6.12791e+09	5.52261e+09	6.03836e+09	6.25446e+09	6.5255e+09	6.12423e+09	6.28876e+09	6.14339e+09	5.78151e+09	6.46334e+09	5.72855e+09	6.65348e+09	5.7441e+09	6.69947e+09	6.66633e+09	6.67278e+09	6.01464e+09	5.94669e+09	5.98948e+09	5.52512e+09	6.24037e+09	6.33642e+09	6.09667e+09	5.82398e+09	6.02886e+09	6.03634e+09	6.1176e+09
ERR636909	6.79457e+09	6.89621e+09	6.76562e+09	6.22823e+09	6.61575e+09	6.81605e+09	6.24425e+09	6.28212e+09	6.75456e+09	6.68545e+09	6.80171e+09	6.81731e+09	6.043e+09	6.01097e+09	6.28724e+09	5.06349e+09	6.14086e+09	6.47482e+09	4.89431e+09	4.84986e+09	6.05252e+09	5.80784e+09	4.83269e+09	6.08296e+09	7.19975e+09	7.19588e+09	7.40478e+09	7.19419e+09	7.25478e+09	6.99488e+09	6.6861e+09	5.90699e+09	5.98339e+09	6.6386e+09	6.65299e+09	5.87735e+09	6.48254e+09	7.48678e+09	6.5616e+09	6.50775e+09	7.52044e+09	7.34646e+09	5.60138e+09	7.04552e+09	5.65656e+09	5.58076e+09	7.02529e+09	6.75416e+09	6.37635e+09	5.58913e+09	6.12458e+09	5.75176e+09	6.379e+09	5.4898e+09	7.2819e+09	6.72583e+09	7.27608e+09	7.25748e+09	6.70233e+09	7.25813e+09	5.24549e+09	4.91127e+09	4.6299e+09	4.8171e+09	5.05792e+09	5.26632e+09	6.06165e+09	5.49152e+09	5.89374e+09	6.11207e+09	5.50872e+09	6.02267e+09	6.22932e+09	6.5014e+09	6.09841e+09	6.26253e+09	6.12246e+09	5.76336e+09	6.45372e+09	5.72316e+09	6.64453e+09	5.73621e+09	6.69129e+09	6.657e+09	6.66306e+09	6.00624e+09	5.93812e+09	5.98089e+09	5.52426e+09	6.23324e+09	6.32132e+09	6.08335e+09	5.81233e+09	6.0136e+09	6.02197e+09	6.10333e+09
ERR621933	6.41306e+09	6.51152e+09	6.38787e+09	5.88994e+09	6.26634e+09	6.24425e+09	6.66288e+09	6.47853e+09	6.95925e+09	6.89698e+09	7.01204e+09	7.02428e+09	5.83237e+09	5.80361e+09	6.03107e+09	4.88024e+09	5.89354e+09	6.22843e+09	4.82678e+09	4.78483e+09	5.94045e+09	5.68669e+09	4.76494e+09	5.95393e+09	6.93147e+09	6.93405e+09	7.14117e+09	6.93111e+09	6.98906e+09	6.72319e+09	6.442e+09	5.72338e+09	5.79335e+09	6.40077e+09	6.41159e+09	5.69315e+09	6.17397e+09	7.19844e+09	6.25314e+09	6.20238e+09	7.24194e+09	7.05098e+09	5.46792e+09	6.82611e+09	5.52234e+09	5.44939e+09	6.81935e+09	6.54274e+09	6.26187e+09	5.48842e+09	5.99419e+09	5.64869e+09	6.2562e+09	5.35364e+09	7.03369e+09	6.49212e+09	7.03661e+09	7.01839e+09	6.46302e+09	7.01544e+09	5.19131e+09	4.84648e+09	4.58235e+09	4.76701e+09	4.98614e+09	5.20938e+09	5.94731e+09	5.39029e+09	5.78552e+09	5.99052e+09	5.40597e+09	5.90812e+09	6.12672e+09	6.37366e+09	5.99986e+09	6.15913e+09	5.9998e+09	5.6463e+09	6.17699e+09	5.47662e+09	6.35324e+09	5.49139e+09	6.39743e+09	6.3677e+09	6.36083e+09	5.73466e+09	5.66882e+09	5.71012e+09	5.25648e+09	5.94283e+09	6.16283e+09	5.92919e+09	5.66122e+09	5.86578e+09	5.87431e+09	5.94798e+09
ERR621932	6.45128e+09	6.5508e+09	6.42563e+09	5.92337e+09	6.30495e+09	6.28212e+09	6.47853e+09	6.74067e+09	7.00096e+09	6.94073e+09	7.05419e+09	7.06679e+09	5.86673e+09	5.83778e+09	6.06827e+09	4.90766e+09	5.92892e+09	6.26716e+09	4.85666e+09	4.81412e+09	5.97862e+09	5.72266e+09	4.79455e+09	5.99247e+09	6.97729e+09	6.97929e+09	7.18894e+09	6.97699e+09	7.03471e+09	6.76706e+09	6.48262e+09	5.75785e+09	5.82828e+09	6.44075e+09	6.45188e+09	5.72681e+09	6.21005e+09	7.24468e+09	6.28965e+09	6.23846e+09	7.28887e+09	7.09605e+09	5.50021e+09	6.86999e+09	5.55577e+09	5.48078e+09	6.86394e+09	6.58303e+09	6.30431e+09	5.52416e+09	6.03432e+09	5.68565e+09	6.29735e+09	5.38736e+09	7.08034e+09	6.53432e+09	7.08373e+09	7.06541e+09	6.50498e+09	7.0623e+09	5.22351e+09	4.87534e+09	4.60981e+09	4.79534e+09	5.01601e+09	5.24049e+09	5.98472e+09	5.42279e+09	5.82333e+09	6.02874e+09	5.44118e+09	5.94599e+09	6.16575e+09	6.41573e+09	6.03708e+09	6.1983e+09	6.03766e+09	5.68198e+09	6.21672e+09	5.51051e+09	6.39431e+09	5.52547e+09	6.43852e+09	6.40922e+09	6.40171e+09	5.77102e+09	5.70496e+09	5.7464e+09	5.28954e+09	5.98054e+09	6.20605e+09	5.97069e+09	5.69982e+09	5.90552e+09	5.91501e+09	5.98968e+09
ERR621935	6.94402e+09	7.05485e+09	6.91532e+09	6.35798e+09	6.78034e+09	6.75456e+09	6.95925e+09	7.00096e+09	7.80106e+09	7.47878e+09	7.61461e+09	7.62719e+09	6.28259e+09	6.25058e+09	6.50686e+09	5.23038e+09	6.35273e+09	6.72772e+09	5.20035e+09	5.15355e+09	6.43589e+09	6.15151e+09	5.13249e+09	6.45056e+09	7.52356e+09	7.52673e+09	7.76299e+09	7.52433e+09	7.5898e+09	7.28794e+09	6.96988e+09	6.16653e+09	6.24348e+09	6.92389e+09	6.93548e+09	6.13293e+09	6.67206e+09	7.83129e+09	6.76101e+09	6.70358e+09	7.88165e+09	7.66365e+09	5.89473e+09	7.41066e+09	5.95511e+09	5.87389e+09	7.40484e+09	7.09121e+09	6.79821e+09	5.93475e+09	6.4965e+09	6.11305e+09	6.79188e+09	5.78027e+09	7.64722e+09	7.03625e+09	7.65191e+09	7.63109e+09	7.00239e+09	7.62734e+09	5.61055e+09	5.22702e+09	4.93859e+09	5.14206e+09	5.38117e+09	5.6297e+09	6.42223e+09	5.80032e+09	6.24131e+09	6.47053e+09	5.81879e+09	6.37834e+09	6.64748e+09	6.92349e+09	6.50528e+09	6.68405e+09	6.5044e+09	6.10872e+09	6.6868e+09	5.90579e+09	6.88327e+09	5.9231e+09	6.93255e+09	6.89957e+09	6.8882e+09	6.18773e+09	6.1147e+09	6.16034e+09	5.65557e+09	6.41915e+09	6.66837e+09	6.40693e+09	6.1078e+09	6.33546e+09	6.3454e+09	6.4278e+09
ERR621931	6.87074e+09	6.9804e+09	6.84336e+09	6.29411e+09	6.71314e+09	6.68545e+09	6.89698e+09	6.94073e+09	7.47878e+09	7.66081e+09	7.53915e+09	7.55263e+09	6.22629e+09	6.19429e+09	6.44731e+09	5.1854e+09	6.29363e+09	6.66646e+09	5.16018e+09	5.11376e+09	6.38094e+09	6.09864e+09	5.09303e+09	6.39469e+09	7.45235e+09	7.453e+09	7.68708e+09	7.45099e+09	7.51499e+09	7.21773e+09	6.90105e+09	6.10932e+09	6.18562e+09	6.85601e+09	6.86764e+09	6.07603e+09	6.6064e+09	7.75001e+09	6.69412e+09	6.63797e+09	7.80047e+09	7.58449e+09	5.84228e+09	7.3374e+09	5.90213e+09	5.82158e+09	7.33238e+09	7.02157e+09	6.73989e+09	5.88629e+09	6.44084e+09	6.06288e+09	6.73148e+09	5.73114e+09	7.57544e+09	6.97166e+09	7.57906e+09	7.55912e+09	6.93765e+09	7.55544e+09	5.56364e+09	5.18411e+09	4.89928e+09	5.09972e+09	5.33618e+09	5.58181e+09	6.36826e+09	5.75421e+09	6.19207e+09	6.41556e+09	5.77369e+09	6.3247e+09	6.58742e+09	6.86093e+09	6.4471e+09	6.6231e+09	6.4457e+09	6.05571e+09	6.62474e+09	5.85298e+09	6.81817e+09	5.8702e+09	6.86643e+09	6.83386e+09	6.82609e+09	6.13381e+09	6.06138e+09	6.10739e+09	5.60788e+09	6.36234e+09	6.6154e+09	6.35762e+09	6.06052e+09	6.28531e+09	6.2959e+09	6.37718e+09
ERR621934	6.99277e+09	7.10526e+09	6.96401e+09	6.40169e+09	6.82964e+09	6.80171e+09	7.01204e+09	7.05419e+09	7.61461e+09	7.53915e+09	7.92764e+09	7.68933e+09	6.32411e+09	6.29229e+09	6.54978e+09	5.26175e+09	6.39363e+09	6.77351e+09	5.23944e+09	5.19217e+09	6.48713e+09	6.19801e+09	5.17121e+09	6.50082e+09	7.57979e+09	7.58352e+09	7.8224e+09	7.58048e+09	7.64623e+09	7.3413e+09	7.01873e+09	6.20857e+09	6.28598e+09	6.97238e+09	6.98385e+09	6.17439e+09	6.7197e+09	7.89317e+09	6.8096e+09	6.75196e+09	7.9451e+09	7.72308e+09	5.93823e+09	7.46824e+09	5.99895e+09	5.91699e+09	7.46307e+09	7.14477e+09	6.85418e+09	5.98118e+09	6.54704e+09	6.16071e+09	6.84718e+09	5.82182e+09	7.70768e+09	7.08872e+09	7.71204e+09	7.69133e+09	7.05348e+09	7.68737e+09	5.65424e+09	5.26639e+09	4.97573e+09	5.1812e+09	5.42152e+09	5.67388e+09	6.4682e+09	5.83939e+09	6.28441e+09	6.51655e+09	5.85766e+09	6.4236e+09	6.70042e+09	6.97866e+09	6.55683e+09	6.73753e+09	6.55514e+09	6.15432e+09	6.73422e+09	5.94474e+09	6.93293e+09	5.96287e+09	6.98256e+09	6.94898e+09	6.93789e+09	6.22945e+09	6.15563e+09	6.20172e+09	5.69064e+09	6.46275e+09	6.71725e+09	6.45232e+09	6.1504e+09	6.38112e+09	6.39143e+09	6.47427e+09
ERR621936	7.00909e+09	7.12165e+09	6.98038e+09	6.41565e+09	6.84364e+09	6.81731e+09	7.02428e+09	7.06679e+09	7.62719e+09	7.55263e+09	7.68933e+09	7.95558e+09	6.33909e+09	6.30652e+09	6.56519e+09	5.27322e+09	6.40945e+09	6.7897e+09	5.24782e+09	5.20046e+09	6.49915e+09	6.20995e+09	5.1793e+09	6.51332e+09	7.59819e+09	7.6014e+09	7.84093e+09	7.59878e+09	7.66514e+09	7.35943e+09	7.03649e+09	6.22244e+09	6.30102e+09	6.98963e+09	7.00198e+09	6.18854e+09	6.73442e+09	7.91155e+09	6.82555e+09	6.7671e+09	7.96336e+09	7.74138e+09	5.94875e+09	7.48431e+09	6.01008e+09	5.92744e+09	7.47889e+09	7.16032e+09	6.86708e+09	5.992e+09	6.56052e+09	6.17247e+09	6.86033e+09	5.83473e+09	7.72493e+09	7.10467e+09	7.72988e+09	7.70829e+09	7.06981e+09	7.70435e+09	5.66412e+09	5.27569e+09	4.98417e+09	5.18996e+09	5.43133e+09	5.68373e+09	6.48128e+09	5.85136e+09	6.29785e+09	6.53013e+09	5.87003e+09	6.4364e+09	6.71394e+09	6.99377e+09	6.57033e+09	6.75167e+09	6.56918e+09	6.16791e+09	6.75022e+09	5.95924e+09	6.94955e+09	5.97667e+09	6.99974e+09	6.96587e+09	6.95425e+09	6.24372e+09	6.1697e+09	6.21615e+09	5.70467e+09	6.47795e+09	6.73111e+09	6.46629e+09	6.16403e+09	6.39478e+09	6.40481e+09	6.48831e+09
ERR613620	6.20719e+09	6.29657e+09	6.18142e+09	5.70193e+09	6.04583e+09	6.043e+09	5.83237e+09	5.86673e+09	6.28259e+09	6.22629e+09	6.32411e+09	6.33909e+09	6.06357e+09	5.85454e+09	6.1125e+09	4.95435e+09	5.97528e+09	6.28369e+09	4.73497e+09	4.6947e+09	5.79465e+09	5.57451e+09	4.67749e+09	5.82431e+09	6.84977e+09	6.84365e+09	7.02778e+09	6.84222e+09	6.89494e+09	6.66659e+09	6.4058e+09	5.6871e+09	5.75948e+09	6.36394e+09	6.37636e+09	5.65915e+09	6.1541e+09	7.02555e+09	6.22325e+09	6.17539e+09	7.05497e+09	6.90493e+09	5.31521e+09	6.64437e+09	5.36667e+09	5.29702e+09	6.6229e+09	6.38021e+09	6.07476e+09	5.36286e+09	5.85128e+09	5.50994e+09	6.07772e+09	5.27691e+09	6.9661e+09	6.46768e+09	6.96026e+09	6.94413e+09	6.44801e+09	6.94424e+09	5.03964e+09	4.73655e+09	4.47595e+09	4.6475e+09	4.87181e+09	5.05933e+09	5.91064e+09	5.38711e+09	5.75986e+09	5.95868e+09	5.40315e+09	5.87659e+09	5.9425e+09	6.19096e+09	5.82268e+09	5.9711e+09	5.84696e+09	5.52386e+09	6.19287e+09	5.52413e+09	6.36818e+09	5.53543e+09	6.41109e+09	6.37944e+09	6.42649e+09	5.8275e+09	5.76523e+09	5.80676e+09	5.38744e+09	6.03801e+09	6.14293e+09	5.92761e+09	5.67681e+09	5.86147e+09	5.86761e+09	5.94335e+09
ERR613621	6.17388e+09	6.26235e+09	6.14821e+09	5.67219e+09	6.01368e+09	6.01097e+09	5.80361e+09	5.83778e+09	6.25058e+09	6.19429e+09	6.29229e+09	6.30652e+09	5.85454e+09	6.002e+09	6.07957e+09	4.93087e+09	5.94394e+09	6.24939e+09	4.71212e+09	4.67223e+09	5.76367e+09	5.54551e+09	4.65534e+09	5.79238e+09	6.81072e+09	6.80548e+09	6.9884e+09	6.80404e+09	6.85613e+09	6.62965e+09	6.37126e+09	5.65896e+09	5.73039e+09	6.33033e+09	6.34254e+09	5.63165e+09	6.12175e+09	6.98629e+09	6.19031e+09	6.14279e+09	7.01633e+09	6.86712e+09	5.289e+09	6.60804e+09	5.34028e+09	5.27032e+09	6.58686e+09	6.34573e+09	6.04155e+09	5.3351e+09	5.81905e+09	5.48104e+09	6.04486e+09	5.24967e+09	6.92667e+09	6.43176e+09	6.92061e+09	6.90448e+09	6.41203e+09	6.90492e+09	5.01446e+09	4.71283e+09	4.45432e+09	4.62462e+09	4.8477e+09	5.0339e+09	5.87961e+09	5.35996e+09	5.72884e+09	5.9271e+09	5.37541e+09	5.84546e+09	5.91031e+09	6.15621e+09	5.7917e+09	5.9392e+09	5.81521e+09	5.49455e+09	6.15813e+09	5.49498e+09	6.33243e+09	5.50629e+09	6.37502e+09	6.344e+09	6.39024e+09	5.79544e+09	5.734e+09	5.77518e+09	5.35874e+09	6.00446e+09	6.10903e+09	5.89508e+09	5.64741e+09	5.8297e+09	5.83645e+09	5.91171e+09
ERR613618	6.46393e+09	6.55846e+09	6.43578e+09	5.92103e+09	6.28254e+09	6.28724e+09	6.03107e+09	6.06827e+09	6.50686e+09	6.44731e+09	6.54978e+09	6.56519e+09	6.1125e+09	6.07957e+09	6.56994e+09	5.13996e+09	6.22616e+09	6.55368e+09	4.88088e+09	4.83788e+09	6.00201e+09	5.77537e+09	4.82098e+09	6.03838e+09	7.1492e+09	7.13645e+09	7.33544e+09	7.1355e+09	7.1925e+09	6.95277e+09	6.67319e+09	5.89917e+09	5.97582e+09	6.62723e+09	6.64131e+09	5.87105e+09	6.40351e+09	7.32967e+09	6.47613e+09	6.4249e+09	7.3561e+09	7.20103e+09	5.4913e+09	6.91144e+09	5.54467e+09	5.47047e+09	6.88307e+09	6.6311e+09	6.29729e+09	5.54813e+09	6.07099e+09	5.70297e+09	6.30226e+09	5.47782e+09	7.26271e+09	6.73018e+09	7.25274e+09	7.23609e+09	6.71297e+09	7.23739e+09	5.20302e+09	4.89112e+09	4.614e+09	4.7927e+09	5.03666e+09	5.22344e+09	6.12604e+09	5.57513e+09	5.9669e+09	6.1789e+09	5.59276e+09	6.09121e+09	6.16107e+09	6.43072e+09	6.03334e+09	6.19122e+09	6.06843e+09	5.73069e+09	6.4453e+09	5.74139e+09	6.63294e+09	5.75209e+09	6.68071e+09	6.64409e+09	6.69305e+09	6.052e+09	5.98657e+09	6.03149e+09	5.60003e+09	6.27987e+09	6.38243e+09	6.15778e+09	5.89296e+09	6.08143e+09	6.08873e+09	6.16976e+09
ERR613622	5.1929e+09	5.26256e+09	5.17254e+09	4.79465e+09	5.06175e+09	5.06349e+09	4.88024e+09	4.90766e+09	5.23038e+09	5.1854e+09	5.26175e+09	5.27322e+09	4.95435e+09	4.93087e+09	5.13996e+09	4.37467e+09	5.0331e+09	5.26755e+09	3.98156e+09	3.94937e+09	4.82853e+09	4.65938e+09	3.93498e+09	4.85569e+09	5.69772e+09	5.69107e+09	5.83303e+09	5.6905e+09	5.73125e+09	5.55748e+09	5.35575e+09	4.79153e+09	4.8488e+09	5.32337e+09	5.33269e+09	4.7704e+09	5.15461e+09	5.82426e+09	5.20811e+09	5.17054e+09	5.84466e+09	5.73204e+09	4.47438e+09	5.52525e+09	4.51515e+09	4.45909e+09	5.50433e+09	5.32048e+09	5.0451e+09	4.48204e+09	4.87449e+09	4.59969e+09	5.04843e+09	4.42832e+09	5.76994e+09	5.38318e+09	5.76385e+09	5.75139e+09	5.36974e+09	5.75247e+09	4.21127e+09	3.97124e+09	3.75657e+09	3.89486e+09	4.08249e+09	4.22795e+09	4.95023e+09	4.54154e+09	4.83234e+09	4.98983e+09	4.55499e+09	4.92483e+09	4.94169e+09	5.14115e+09	4.846e+09	4.96395e+09	4.87102e+09	4.61828e+09	5.17196e+09	4.65142e+09	5.31095e+09	4.65728e+09	5.34508e+09	5.31946e+09	5.35787e+09	4.89073e+09	4.842e+09	4.87453e+09	4.55354e+09	5.05632e+09	5.13116e+09	4.96494e+09	4.76975e+09	4.91147e+09	4.91632e+09	4.9761e+09
ERR613619	6.31147e+09	6.40288e+09	6.28491e+09	5.78806e+09	6.13658e+09	6.14086e+09	5.89354e+09	5.92892e+09	6.35273e+09	6.29363e+09	6.39363e+09	6.40945e+09	5.97528e+09	5.94394e+09	6.22616e+09	5.0331e+09	6.26678e+09	6.39398e+09	4.76844e+09	4.72758e+09	5.85336e+09	5.63455e+09	4.71088e+09	5.88829e+09	6.96904e+09	6.95947e+09	7.14787e+09	6.95841e+09	7.01297e+09	6.78353e+09	6.51618e+09	5.77137e+09	5.8461e+09	6.47325e+09	6.48555e+09	5.7436e+09	6.25596e+09	7.14361e+09	6.32623e+09	6.27642e+09	7.16971e+09	7.0213e+09	5.37106e+09	6.74227e+09	5.4228e+09	5.35115e+09	6.71509e+09	6.47188e+09	6.13405e+09	5.41107e+09	5.91518e+09	5.56078e+09	6.13971e+09	5.3403e+09	7.07543e+09	6.56415e+09	7.06716e+09	7.05138e+09	6.54713e+09	7.05217e+09	5.07704e+09	4.77452e+09	4.50683e+09	4.67967e+09	4.91515e+09	5.09707e+09	5.9824e+09	5.44962e+09	5.82858e+09	6.03444e+09	5.46691e+09	5.9485e+09	6.00476e+09	6.26466e+09	5.88212e+09	6.03395e+09	5.91504e+09	5.58861e+09	6.28827e+09	5.60874e+09	6.47037e+09	5.6185e+09	6.5151e+09	6.48083e+09	6.53044e+09	5.91365e+09	5.85054e+09	5.89374e+09	5.47528e+09	6.13322e+09	6.2223e+09	6.00451e+09	5.75185e+09	5.93409e+09	5.94083e+09	6.01915e+09
ERR613617	6.65726e+09	6.75699e+09	6.62854e+09	6.09475e+09	6.4748e+09	6.47482e+09	6.22843e+09	6.26716e+09	6.72772e+09	6.66646e+09	6.77351e+09	6.7897e+09	6.28369e+09	6.24939e+09	6.55368e+09	5.26755e+09	6.39398e+09	6.9395e+09	5.04997e+09	5.00556e+09	6.2152e+09	5.97373e+09	4.98745e+09	6.24923e+09	7.37575e+09	7.36451e+09	7.57448e+09	7.36298e+09	7.42354e+09	7.16826e+09	6.87357e+09	6.07041e+09	6.15031e+09	6.82668e+09	6.8401e+09	6.04141e+09	6.59123e+09	7.57148e+09	6.66824e+09	6.61456e+09	7.60268e+09	7.43503e+09	5.66626e+09	7.13993e+09	5.72247e+09	5.64486e+09	7.11381e+09	6.84524e+09	6.52666e+09	5.74376e+09	6.28345e+09	5.9056e+09	6.52987e+09	5.65601e+09	7.50726e+09	6.9479e+09	7.49883e+09	7.48138e+09	6.92716e+09	7.48158e+09	5.3921e+09	5.06248e+09	4.77757e+09	4.96389e+09	5.21245e+09	5.41286e+09	6.32038e+09	5.74463e+09	6.15426e+09	6.37451e+09	5.76291e+09	6.2831e+09	6.38283e+09	6.66074e+09	6.25051e+09	6.41464e+09	6.28063e+09	5.92608e+09	6.64808e+09	5.91156e+09	6.84269e+09	5.9242e+09	6.89102e+09	6.8542e+09	6.90233e+09	6.23272e+09	6.16484e+09	6.21067e+09	5.75374e+09	6.46865e+09	6.58949e+09	6.35258e+09	6.07508e+09	6.2749e+09	6.28323e+09	6.36684e+09
ERR622232	5.01366e+09	5.08591e+09	4.99659e+09	4.6401e+09	4.92081e+09	4.89431e+09	4.82678e+09	4.85666e+09	5.20035e+09	5.16018e+09	5.23944e+09	5.24782e+09	4.73497e+09	4.71212e+09	4.88088e+09	3.98156e+09	4.76844e+09	5.04997e+09	5.00832e+09	4.78987e+09	5.77267e+09	5.54592e+09	4.77158e+09	5.77513e+09	5.6758e+09	5.67521e+09	5.85187e+09	5.67583e+09	5.72056e+09	5.5027e+09	5.31449e+09	4.76109e+09	4.81217e+09	5.28211e+09	5.29264e+09	4.73767e+09	5.0104e+09	5.88618e+09	5.07306e+09	5.03228e+09	5.92769e+09	5.76066e+09	4.62338e+09	5.6498e+09	4.6681e+09	4.60825e+09	5.65591e+09	5.42809e+09	6.01457e+09	5.37025e+09	5.77459e+09	5.5038e+09	6.00379e+09	5.21371e+09	6.38107e+09	5.92983e+09	6.38673e+09	6.37172e+09	5.8969e+09	6.36873e+09	5.13519e+09	4.8177e+09	4.59259e+09	4.75753e+09	4.93743e+09	5.14887e+09	5.44789e+09	4.98495e+09	5.30967e+09	5.47986e+09	4.99793e+09	5.4113e+09	5.84084e+09	6.02939e+09	5.73521e+09	5.86499e+09	5.72528e+09	5.42331e+09	5.6239e+09	5.04303e+09	5.75834e+09	5.0587e+09	5.79035e+09	5.76975e+09	5.7928e+09	5.25397e+09	5.19867e+09	5.23259e+09	4.8207e+09	5.4233e+09	5.72113e+09	5.52404e+09	5.29963e+09	5.47924e+09	5.48574e+09	5.53998e+09
ERR622231	4.96741e+09	5.03888e+09	4.95101e+09	4.59926e+09	4.87646e+09	4.84986e+09	4.78483e+09	4.81412e+09	5.15355e+09	5.11376e+09	5.19217e+09	5.20046e+09	4.6947e+09	4.67223e+09	4.83788e+09	3.94937e+09	4.72758e+09	5.00556e+09	4.78987e+09	4.93086e+09	5.72334e+09	5.49902e+09	4.73483e+09	5.72501e+09	5.62415e+09	5.62304e+09	5.79708e+09	5.62342e+09	5.66794e+09	5.45269e+09	5.26748e+09	4.72165e+09	4.77143e+09	5.23618e+09	5.24563e+09	4.69824e+09	4.96643e+09	5.83216e+09	5.0285e+09	4.98763e+09	5.87327e+09	5.70835e+09	4.58608e+09	5.5992e+09	4.63006e+09	4.57024e+09	5.6049e+09	5.37986e+09	5.96184e+09	5.32594e+09	5.72485e+09	5.45752e+09	5.95123e+09	5.17076e+09	6.32229e+09	5.87727e+09	6.32763e+09	6.31281e+09	5.84451e+09	6.30995e+09	5.09409e+09	4.77977e+09	4.55717e+09	4.72056e+09	4.89839e+09	5.10725e+09	5.40174e+09	4.9452e+09	5.26579e+09	5.4336e+09	4.95744e+09	5.36618e+09	5.79077e+09	5.97643e+09	5.68723e+09	5.81479e+09	5.67629e+09	5.37857e+09	5.57462e+09	5.00161e+09	5.70728e+09	5.01682e+09	5.7387e+09	5.71802e+09	5.7413e+09	5.20895e+09	5.15505e+09	5.18799e+09	4.78086e+09	5.37627e+09	5.67021e+09	5.47516e+09	5.25388e+09	5.43118e+09	5.43752e+09	5.49105e+09
ERR622228	6.21425e+09	6.30944e+09	6.19078e+09	5.70982e+09	6.08054e+09	6.05252e+09	5.94045e+09	5.97862e+09	6.43589e+09	6.38094e+09	6.48713e+09	6.49915e+09	5.79465e+09	5.76367e+09	6.00201e+09	4.82853e+09	5.85336e+09	6.2152e+09	5.77267e+09	5.72334e+09	7.31624e+09	6.7628e+09	5.69996e+09	7.07741e+09	7.03814e+09	7.03359e+09	7.27018e+09	7.03445e+09	7.09584e+09	6.80808e+09	6.54945e+09	5.80738e+09	5.87545e+09	6.50687e+09	6.51977e+09	5.7771e+09	6.15754e+09	7.31435e+09	6.24003e+09	6.18559e+09	7.36504e+09	7.14648e+09	5.60219e+09	6.98528e+09	5.66017e+09	5.58179e+09	6.98791e+09	6.68821e+09	7.40372e+09	6.51917e+09	7.08257e+09	6.70197e+09	7.39161e+09	6.33124e+09	7.93516e+09	7.3129e+09	7.94024e+09	7.92027e+09	7.2712e+09	7.91639e+09	6.19421e+09	5.77854e+09	5.47832e+09	5.69391e+09	5.94007e+09	6.21344e+09	6.64681e+09	6.02717e+09	6.46168e+09	6.69218e+09	6.04465e+09	6.5985e+09	7.17029e+09	7.43842e+09	7.02531e+09	7.20495e+09	7.02044e+09	6.61035e+09	6.90813e+09	6.12849e+09	7.09416e+09	6.14627e+09	7.14011e+09	7.10872e+09	7.13367e+09	6.40239e+09	6.32853e+09	6.37471e+09	5.84431e+09	6.63393e+09	7.02999e+09	6.76204e+09	6.45757e+09	6.69634e+09	6.70479e+09	6.78109e+09
ERR622227	5.96115e+09	6.05064e+09	5.93895e+09	5.48468e+09	5.83079e+09	5.80784e+09	5.68669e+09	5.72266e+09	6.15151e+09	6.09864e+09	6.19801e+09	6.20995e+09	5.57451e+09	5.54551e+09	5.77537e+09	4.65938e+09	5.63455e+09	5.97373e+09	5.54592e+09	5.49902e+09	6.7628e+09	6.71093e+09	5.477e+09	6.77424e+09	6.74574e+09	6.74057e+09	6.96163e+09	6.74105e+09	6.79894e+09	6.53088e+09	6.29112e+09	5.5866e+09	5.65204e+09	6.25084e+09	6.26316e+09	5.55828e+09	5.9132e+09	6.99813e+09	5.99105e+09	5.93855e+09	7.04258e+09	6.84158e+09	5.37945e+09	6.68752e+09	5.43446e+09	5.36006e+09	6.68598e+09	6.40972e+09	7.07129e+09	6.24964e+09	6.77993e+09	6.42021e+09	7.06224e+09	6.0865e+09	7.58385e+09	7.00577e+09	7.58727e+09	7.56897e+09	6.97034e+09	7.56592e+09	5.93845e+09	5.553e+09	5.26498e+09	5.46816e+09	5.70587e+09	5.95678e+09	6.37854e+09	5.79873e+09	6.20439e+09	6.42238e+09	5.81393e+09	6.33403e+09	6.85901e+09	7.11189e+09	6.72393e+09	6.89064e+09	6.72442e+09	6.34337e+09	6.63018e+09	5.90032e+09	6.80577e+09	5.91568e+09	6.84877e+09	6.81831e+09	6.84065e+09	6.15401e+09	6.08449e+09	6.12791e+09	5.63254e+09	6.37355e+09	6.73771e+09	6.48863e+09	6.20523e+09	6.42691e+09	6.4348e+09	6.50616e+09
ERR622230	4.94947e+09	5.02049e+09	4.93306e+09	4.58183e+09	4.85798e+09	4.83269e+09	4.76494e+09	4.79455e+09	5.13249e+09	5.09303e+09	5.17121e+09	5.1793e+09	4.67749e+09	4.65534e+09	4.82098e+09	3.93498e+09	4.71088e+09	4.98745e+09	4.77158e+09	4.73483e+09	5.69996e+09	5.477e+09	4.89382e+09	5.7018e+09	5.6036e+09	5.6028e+09	5.77594e+09	5.60329e+09	5.64759e+09	5.43305e+09	5.2483e+09	4.70372e+09	4.75349e+09	5.21671e+09	5.22664e+09	4.68085e+09	4.94966e+09	5.81075e+09	5.0113e+09	4.9709e+09	5.85152e+09	5.68766e+09	4.56848e+09	5.57715e+09	4.61252e+09	4.55272e+09	5.58281e+09	5.35924e+09	5.93659e+09	5.30437e+09	5.70109e+09	5.43593e+09	5.92657e+09	5.1501e+09	6.29763e+09	5.8541e+09	6.3025e+09	6.28832e+09	5.82126e+09	6.28526e+09	5.07459e+09	4.76234e+09	4.54048e+09	4.70278e+09	4.87989e+09	5.08786e+09	5.3799e+09	4.92475e+09	5.24367e+09	5.41146e+09	4.93715e+09	5.34435e+09	5.76737e+09	5.95175e+09	5.66357e+09	5.79124e+09	5.65343e+09	5.35641e+09	5.55385e+09	4.9824e+09	5.68568e+09	4.99796e+09	5.71679e+09	5.69642e+09	5.72026e+09	5.18959e+09	5.1359e+09	5.16869e+09	4.76332e+09	5.35626e+09	5.64715e+09	5.45238e+09	5.23259e+09	5.40957e+09	5.41577e+09	5.46924e+09
ERR622229	6.24618e+09	6.34143e+09	6.22161e+09	5.73601e+09	6.10649e+09	6.08296e+09	5.95393e+09	5.99247e+09	6.45056e+09	6.39469e+09	6.50082e+09	6.51332e+09	5.82431e+09	5.79238e+09	6.03838e+09	4.85569e+09	5.88829e+09	6.24923e+09	5.77513e+09	5.72501e+09	7.07741e+09	6.77424e+09	5.7018e+09	7.33772e+09	7.07181e+09	7.066e+09	7.30295e+09	7.06669e+09	7.12873e+09	6.84175e+09	6.58355e+09	5.83222e+09	5.90259e+09	6.53994e+09	6.55293e+09	5.80249e+09	6.18613e+09	7.34418e+09	6.26908e+09	6.21364e+09	7.39116e+09	7.17609e+09	5.61427e+09	7.0109e+09	5.67236e+09	5.59342e+09	7.00922e+09	6.71273e+09	7.41365e+09	6.52727e+09	7.09826e+09	6.71109e+09	7.40259e+09	6.35306e+09	7.96196e+09	7.33845e+09	7.96511e+09	7.94507e+09	7.30001e+09	7.94233e+09	6.19674e+09	5.78459e+09	5.47979e+09	5.69469e+09	5.94762e+09	6.21542e+09	6.66578e+09	6.04619e+09	6.47993e+09	6.71335e+09	6.06301e+09	6.61865e+09	7.18283e+09	7.45618e+09	7.03735e+09	7.21746e+09	7.03733e+09	6.62808e+09	6.9368e+09	6.15602e+09	7.12505e+09	6.17194e+09	7.17146e+09	7.13865e+09	7.16128e+09	6.42658e+09	6.352e+09	6.39804e+09	5.87213e+09	6.66059e+09	7.05191e+09	6.78535e+09	6.48007e+09	6.71786e+09	6.72584e+09	6.80313e+09
ERR605564	7.4138e+09	7.53158e+09	7.37954e+09	6.76008e+09	7.20652e+09	7.19975e+09	6.93147e+09	6.97729e+09	7.52356e+09	7.45235e+09	7.57979e+09	7.59819e+09	6.84977e+09	6.81072e+09	7.1492e+09	5.69772e+09	6.96904e+09	7.37575e+09	5.6758e+09	5.62415e+09	7.03814e+09	6.74574e+09	5.6036e+09	7.07181e+09	8.66578e+09	8.39642e+09	8.66619e+09	8.39573e+09	8.47034e+09	8.14645e+09	7.73442e+09	6.78963e+09	6.8797e+09	7.67728e+09	7.69431e+09	6.75406e+09	7.27902e+09	8.49875e+09	7.37207e+09	7.30712e+09	8.54042e+09	8.32714e+09	6.27909e+09	7.98607e+09	6.34557e+09	6.25516e+09	7.9618e+09	7.63599e+09	7.43042e+09	6.50056e+09	7.13227e+09	6.6924e+09	7.43072e+09	6.38031e+09	8.46675e+09	7.79119e+09	8.45865e+09	8.43807e+09	7.76292e+09	8.43832e+09	6.10267e+09	5.70977e+09	5.38467e+09	5.60046e+09	5.88314e+09	6.12555e+09	7.0505e+09	6.37863e+09	6.85622e+09	7.11191e+09	6.40099e+09	7.00606e+09	7.25869e+09	7.5836e+09	7.10201e+09	7.2973e+09	7.13118e+09	6.70923e+09	7.4341e+09	6.57226e+09	7.65883e+09	6.58817e+09	7.716e+09	7.67333e+09	7.70912e+09	6.91298e+09	6.83443e+09	6.887e+09	6.34703e+09	7.18617e+09	7.40555e+09	7.12141e+09	6.79546e+09	7.03456e+09	7.04423e+09	7.13962e+09
ERR605568	7.4101e+09	7.5282e+09	7.37614e+09	6.75831e+09	7.20454e+09	7.19588e+09	6.93405e+09	6.97929e+09	7.52673e+09	7.453e+09	7.58352e+09	7.6014e+09	6.84365e+09	6.80548e+09	7.13645e+09	5.69107e+09	6.95947e+09	7.36451e+09	5.67521e+09	5.62304e+09	7.03359e+09	6.74057e+09	5.6028e+09	7.066e+09	8.39642e+09	8.64606e+09	8.65411e+09	8.38975e+09	8.46441e+09	8.13623e+09	7.72721e+09	6.78638e+09	6.87596e+09	7.66977e+09	7.68716e+09	6.75004e+09	7.27459e+09	8.49198e+09	7.36799e+09	7.3032e+09	8.53484e+09	8.32097e+09	6.28083e+09	7.98192e+09	6.34704e+09	6.25771e+09	7.96039e+09	7.63321e+09	7.42427e+09	6.49501e+09	7.12312e+09	6.68654e+09	7.42459e+09	6.37088e+09	8.4566e+09	7.78259e+09	8.44963e+09	8.42871e+09	7.75416e+09	8.42865e+09	6.10125e+09	5.7065e+09	5.38303e+09	5.59935e+09	5.87909e+09	6.12406e+09	7.0447e+09	6.37283e+09	6.84888e+09	7.1055e+09	6.39412e+09	7.00011e+09	7.25425e+09	7.57503e+09	7.0981e+09	7.29298e+09	7.12465e+09	6.70167e+09	7.42538e+09	6.56325e+09	7.64991e+09	6.57954e+09	7.70582e+09	7.66442e+09	7.69921e+09	6.90564e+09	6.82662e+09	6.8789e+09	6.33739e+09	7.17753e+09	7.39205e+09	7.10724e+09	6.78409e+09	7.02435e+09	7.03432e+09	7.12886e+09
ERR605563	7.62783e+09	7.75137e+09	7.59249e+09	6.94813e+09	7.41475e+09	7.40478e+09	7.14117e+09	7.18894e+09	7.76299e+09	7.68708e+09	7.8224e+09	7.84093e+09	7.02778e+09	6.9884e+09	7.33544e+09	5.83303e+09	7.14787e+09	7.57448e+09	5.85187e+09	5.79708e+09	7.27018e+09	6.96163e+09	5.77594e+09	7.30295e+09	8.66619e+09	8.65411e+09	9.21402e+09	8.65349e+09	8.73293e+09	8.38718e+09	7.95652e+09	6.97476e+09	7.06782e+09	7.89693e+09	7.91489e+09	6.93733e+09	7.47639e+09	8.76879e+09	7.57498e+09	7.50701e+09	8.81476e+09	8.58636e+09	6.4609e+09	8.23571e+09	6.52985e+09	6.43684e+09	8.2128e+09	7.86911e+09	7.68652e+09	6.71242e+09	7.36952e+09	6.91331e+09	7.68577e+09	6.57985e+09	8.74071e+09	8.02861e+09	8.73333e+09	8.71075e+09	7.99803e+09	8.71085e+09	6.30308e+09	5.89062e+09	5.554e+09	5.77929e+09	6.07012e+09	6.32643e+09	7.2547e+09	6.55396e+09	7.05101e+09	7.31776e+09	6.57735e+09	7.20804e+09	7.50617e+09	7.843e+09	7.34282e+09	7.5471e+09	7.3695e+09	6.92609e+09	7.65533e+09	6.75489e+09	7.88856e+09	6.7722e+09	7.94728e+09	7.90389e+09	7.93302e+09	7.1005e+09	7.01811e+09	7.07272e+09	6.50843e+09	7.38424e+09	7.62871e+09	7.33096e+09	6.99047e+09	7.24252e+09	7.25255e+09	7.35106e+09
ERR605566	7.40843e+09	7.52612e+09	7.37439e+09	6.75665e+09	7.20311e+09	7.19419e+09	6.93111e+09	6.97699e+09	7.52433e+09	7.45099e+09	7.58048e+09	7.59878e+09	6.84222e+09	6.80404e+09	7.1355e+09	5.6905e+09	6.95841e+09	7.36298e+09	5.67583e+09	5.62342e+09	7.03445e+09	6.74105e+09	5.60329e+09	7.06669e+09	8.39573e+09	8.38975e+09	8.65349e+09	8.6447e+09	8.46295e+09	8.13518e+09	7.72656e+09	6.78586e+09	6.8759e+09	7.66917e+09	7.68677e+09	6.74956e+09	7.27386e+09	8.49045e+09	7.36688e+09	7.30221e+09	8.53318e+09	8.31937e+09	6.28078e+09	7.98166e+09	6.34686e+09	6.25728e+09	7.95944e+09	7.6323e+09	7.42596e+09	6.49631e+09	7.12419e+09	6.68789e+09	7.42614e+09	6.37126e+09	8.45588e+09	7.78251e+09	8.45003e+09	8.42857e+09	7.75366e+09	8.42867e+09	6.10185e+09	5.70793e+09	5.3837e+09	5.60017e+09	5.87984e+09	6.12497e+09	7.04467e+09	6.37238e+09	6.84939e+09	7.10587e+09	6.39491e+09	7.00056e+09	7.25481e+09	7.57584e+09	7.09862e+09	7.29326e+09	7.1254e+09	6.70214e+09	7.42442e+09	6.56336e+09	7.64944e+09	6.57944e+09	7.70525e+09	7.66461e+09	7.70007e+09	6.90646e+09	6.82707e+09	6.87994e+09	6.33807e+09	7.1783e+09	7.39316e+09	7.10857e+09	6.78496e+09	7.02568e+09	7.03557e+09	7.12985e+09
ERR605567	7.47178e+09	7.59121e+09	7.4374e+09	6.81163e+09	7.26326e+09	7.25478e+09	6.98906e+09	7.03471e+09	7.5898e+09	7.51499e+09	7.64623e+09	7.66514e+09	6.89494e+09	6.85613e+09	7.1925e+09	5.73125e+09	7.01297e+09	7.42354e+09	5.72056e+09	5.66794e+09	7.09584e+09	6.79894e+09	5.64759e+09	7.12873e+09	8.47034e+09	8.46441e+09	8.73293e+09	8.46295e+09	8.7989e+09	8.20561e+09	7.79106e+09	6.83798e+09	6.92909e+09	7.73292e+09	7.75044e+09	6.80171e+09	7.33172e+09	8.56763e+09	7.42645e+09	7.36097e+09	8.6109e+09	8.39369e+09	6.32918e+09	8.05114e+09	6.39635e+09	6.30539e+09	8.02856e+09	7.69704e+09	7.4922e+09	6.55188e+09	7.18752e+09	6.7457e+09	7.49265e+09	6.42641e+09	8.53215e+09	7.84813e+09	8.52566e+09	8.5045e+09	7.81992e+09	8.50462e+09	6.15358e+09	5.75496e+09	5.42773e+09	5.64634e+09	5.92875e+09	6.17697e+09	7.10038e+09	6.42068e+09	6.90274e+09	7.16251e+09	6.44307e+09	7.05548e+09	7.32034e+09	7.64554e+09	7.16144e+09	7.3595e+09	7.18942e+09	6.76072e+09	7.48709e+09	6.61563e+09	7.71443e+09	6.63199e+09	7.77133e+09	7.7296e+09	7.7632e+09	6.95906e+09	6.87924e+09	6.93183e+09	6.38484e+09	7.2343e+09	7.45499e+09	7.16657e+09	6.83906e+09	7.08252e+09	7.09246e+09	7.18823e+09
ERR605565	7.20066e+09	7.31294e+09	7.16861e+09	6.57404e+09	7.00064e+09	6.99488e+09	6.72319e+09	6.76706e+09	7.28794e+09	7.21773e+09	7.3413e+09	7.35943e+09	6.66659e+09	6.62965e+09	6.95277e+09	5.55748e+09	6.78353e+09	7.16826e+09	5.5027e+09	5.45269e+09	6.80808e+09	6.53088e+09	5.43305e+09	6.84175e+09	8.14645e+09	8.13623e+09	8.38718e+09	8.13518e+09	8.20561e+09	8.14348e+09	7.51075e+09	6.6049e+09	6.69265e+09	7.45649e+09	7.47266e+09	6.57088e+09	7.07823e+09	8.22765e+09	7.16643e+09	7.10423e+09	8.26643e+09	8.06715e+09	6.10086e+09	7.73708e+09	6.16419e+09	6.07796e+09	7.7131e+09	7.40438e+09	7.17606e+09	6.29007e+09	6.89385e+09	6.47287e+09	7.17797e+09	6.17766e+09	8.19142e+09	7.55057e+09	8.18379e+09	8.16391e+09	7.52503e+09	8.16456e+09	5.90412e+09	5.52929e+09	5.21656e+09	5.42369e+09	5.69579e+09	5.92693e+09	6.84321e+09	6.19864e+09	6.65684e+09	6.90236e+09	6.22039e+09	6.8013e+09	7.01466e+09	7.32469e+09	6.8646e+09	7.05079e+09	6.89467e+09	6.49234e+09	7.21051e+09	6.38567e+09	7.42719e+09	6.39987e+09	7.48112e+09	7.44075e+09	7.48006e+09	6.72124e+09	6.64543e+09	6.69596e+09	6.17957e+09	6.98312e+09	7.17418e+09	6.90262e+09	6.59377e+09	6.82147e+09	6.83078e+09	6.92232e+09
ERR613497	6.87999e+09	6.98389e+09	6.84925e+09	6.29051e+09	6.68897e+09	6.6861e+09	6.442e+09	6.48262e+09	6.96988e+09	6.90105e+09	7.01873e+09	7.03649e+09	6.4058e+09	6.37126e+09	6.67319e+09	5.35575e+09	6.51618e+09	6.87357e+09	5.31449e+09	5.26748e+09	6.54945e+09	6.29112e+09	5.2483e+09	6.58355e+09	7.73442e+09	7.72721e+09	7.95652e+09	7.72656e+09	7.79106e+09	7.51075e+09	7.50179e+09	6.40614e+09	6.49057e+09	7.22052e+09	7.23545e+09	6.3741e+09	6.78873e+09	7.86525e+09	6.87077e+09	6.81352e+09	7.89875e+09	7.71523e+09	5.86266e+09	7.40693e+09	5.92281e+09	5.8413e+09	7.38241e+09	7.09533e+09	6.8965e+09	6.06034e+09	6.63295e+09	6.23332e+09	6.89926e+09	5.96275e+09	7.85776e+09	7.26068e+09	7.84953e+09	7.83051e+09	7.23846e+09	7.83156e+09	5.69295e+09	5.33978e+09	5.03934e+09	5.2373e+09	5.49822e+09	5.71436e+09	6.60067e+09	5.99244e+09	6.42245e+09	6.65735e+09	6.01235e+09	6.56212e+09	6.74621e+09	7.03823e+09	6.60429e+09	6.78099e+09	6.63637e+09	6.25591e+09	6.93621e+09	6.1607e+09	7.14193e+09	6.17326e+09	7.19187e+09	7.15403e+09	7.19118e+09	6.47828e+09	6.40711e+09	6.45377e+09	5.96838e+09	6.72615e+09	6.89896e+09	6.64405e+09	6.35365e+09	6.56848e+09	6.57698e+09	6.6638e+09
ERR613501	6.06742e+09	6.15394e+09	6.04219e+09	5.5789e+09	5.9146e+09	5.90699e+09	5.72338e+09	5.75785e+09	6.16653e+09	6.10932e+09	6.20857e+09	6.22244e+09	5.6871e+09	5.65896e+09	5.89917e+09	4.79153e+09	5.77137e+09	6.07041e+09	4.76109e+09	4.72165e+09	5.80738e+09	5.5866e+09	4.70372e+09	5.83222e+09	6.78963e+09	6.78638e+09	6.97476e+09	6.78586e+09	6.83798e+09	6.6049e+09	6.40614e+09	5.88944e+09	5.7692e+09	6.3648e+09	6.37749e+09	5.67048e+09	5.9986e+09	6.89384e+09	6.06744e+09	6.01988e+09	6.92487e+09	6.76976e+09	5.23671e+09	6.5227e+09	5.28829e+09	5.21918e+09	6.50666e+09	6.26457e+09	6.09891e+09	5.39365e+09	5.87261e+09	5.53942e+09	6.10102e+09	5.29757e+09	6.88932e+09	6.39599e+09	6.8845e+09	6.86905e+09	6.37417e+09	6.86892e+09	5.07646e+09	4.77084e+09	4.5142e+09	4.6855e+09	4.90477e+09	5.09538e+09	5.86028e+09	5.34663e+09	5.70984e+09	5.90691e+09	5.36335e+09	5.82628e+09	5.96744e+09	6.20863e+09	5.84803e+09	5.99601e+09	5.86957e+09	5.54793e+09	6.12462e+09	5.47055e+09	6.29388e+09	5.48354e+09	6.33442e+09	6.30487e+09	6.33493e+09	5.74389e+09	5.68379e+09	5.72331e+09	5.3061e+09	5.94836e+09	6.1041e+09	5.8897e+09	5.64503e+09	5.82798e+09	5.83504e+09	5.90707e+09
ERR613500	6.14649e+09	6.23459e+09	6.121e+09	5.64816e+09	5.98996e+09	5.98339e+09	5.79335e+09	5.82828e+09	6.24348e+09	6.18562e+09	6.28598e+09	6.30102e+09	5.75948e+09	5.73039e+09	5.97582e+09	4.8488e+09	5.8461e+09	6.15031e+09	4.81217e+09	4.77143e+09	5.87545e+09	5.65204e+09	4.75349e+09	5.90259e+09	6.8797e+09	6.87596e+09	7.06782e+09	6.8759e+09	6.92909e+09	6.69265e+09	6.49057e+09	5.7692e+09	6.03379e+09	6.44918e+09	6.46128e+09	5.74101e+09	6.07621e+09	6.98628e+09	6.14623e+09	6.09793e+09	7.01742e+09	6.86031e+09	5.29608e+09	6.60784e+09	5.34892e+09	5.27838e+09	6.59058e+09	6.34468e+09	6.17168e+09	5.45395e+09	5.9417e+09	5.60312e+09	6.1738e+09	5.35926e+09	6.98206e+09	6.47995e+09	6.97695e+09	6.96131e+09	6.45823e+09	6.96125e+09	5.13248e+09	4.82324e+09	4.56211e+09	4.73609e+09	4.95939e+09	5.15219e+09	5.93249e+09	5.40986e+09	5.77924e+09	5.97963e+09	5.42603e+09	5.89801e+09	6.03861e+09	6.28512e+09	5.91773e+09	6.06836e+09	5.93996e+09	5.61362e+09	6.20304e+09	5.53755e+09	6.3752e+09	5.55003e+09	6.41798e+09	6.38725e+09	6.41847e+09	5.81658e+09	5.75584e+09	5.79615e+09	5.37279e+09	6.02567e+09	6.18017e+09	5.96153e+09	5.71273e+09	5.89887e+09	5.90576e+09	5.97942e+09
