	ERR618587	ERR618589	ERR618588	ERR618586	ERR618590	ERR618585	ERR607715	ERR607716	ERR607711	ERR607712	ERR607714	ERR607713	ERR614481	ERR614478	ERR614477	ERR614479	ERR614480	ERR614482	ERR631209	ERR631212	ERR631207	ERR631208	ERR631211	ERR631210	ERR629867	ERR629863	ERR629866	ERR629865	ERR629862	ERR629864	ERR608806	ERR608810	ERR608807	ERR608808	ERR608809	ERR608805	ERR626813	ERR626814	ERR626815	ERR626817	ERR626818	ERR626816	ERR614003	ERR614005	ERR614004	ERR614006	ERR614007	ERR614002	ERR626939	ERR626942	ERR626940	ERR626943	ERR626941	ERR626944	ERR614530	ERR614526	ERR614529	ERR614527	ERR614525	ERR614528	ERR626651	ERR626653	ERR626654	ERR626652	ERR626655	ERR626650	ERR618472	ERR618474	ERR618476	ERR618471	ERR618475	ERR618473	ERR630080	ERR630081	ERR630078	ERR630082	ERR630079	ERR630083	ERR616623	ERR616624	ERR616622	ERR616627	ERR616625	ERR616626	ERR616054	ERR616055	ERR616057	ERR616056	ERR616058	ERR616059	ERR612719	ERR612717	ERR612720	ERR612718	ERR612721	ERR612722
ERR618587	8.72022e+09	8.00459e+09	8.39867e+09	8.33368e+09	7.99452e+09	8.72086e+09	7.72094e+09	7.79881e+09	7.13662e+09	7.48675e+09	7.69583e+09	7.50397e+09	5.89398e+09	6.92779e+09	5.50583e+09	7.36044e+09	5.93418e+09	5.79746e+09	7.615e+09	6.7986e+09	6.97417e+09	6.83266e+09	6.80061e+09	6.83418e+09	7.10833e+09	7.12864e+09	7.02134e+09	7.13364e+09	7.86646e+09	7.77409e+09	8.59185e+09	7.15597e+09	8.58791e+09	7.18984e+09	7.26531e+09	8.37453e+09	8.321e+09	7.79489e+09	7.86015e+09	6.5023e+09	8.45731e+09	6.57211e+09	6.91077e+09	7.10879e+09	6.90847e+09	7.14043e+09	7.1985e+09	6.52951e+09	8.00541e+09	7.50185e+09	7.16143e+09	8.32783e+09	8.03183e+09	8.22885e+09	7.22221e+09	6.06965e+09	7.47856e+09	5.8103e+09	5.94701e+09	7.47832e+09	7.31278e+09	7.19026e+09	7.26198e+09	6.51988e+09	7.25356e+09	7.82961e+09	7.08113e+09	7.0201e+09	7.05294e+09	7.98757e+09	7.2548e+09	7.54463e+09	7.66809e+09	6.19769e+09	7.89508e+09	7.13642e+09	7.30804e+09	7.2516e+09	6.67963e+09	6.26175e+09	6.54613e+09	7.4918e+09	7.49647e+09	7.48778e+09	6.39667e+09	6.81842e+09	7.23708e+09	6.19911e+09	7.26561e+09	7.40337e+09	7.22167e+09	7.66717e+09	6.82057e+09	5.82072e+09	6.85936e+09	6.78726e+09
ERR618589	8.00459e+09	7.86511e+09	7.9769e+09	7.89615e+09	7.60619e+09	8.25864e+09	7.2914e+09	7.36491e+09	6.74907e+09	7.08063e+09	7.2692e+09	7.0906e+09	5.62336e+09	6.58099e+09	5.23789e+09	6.98774e+09	5.66113e+09	5.53294e+09	7.24232e+09	6.48312e+09	6.64807e+09	6.52072e+09	6.48339e+09	6.51529e+09	6.74028e+09	6.77183e+09	6.65948e+09	6.76497e+09	7.461e+09	7.3754e+09	8.12774e+09	6.78983e+09	8.11881e+09	6.82159e+09	6.89073e+09	7.9206e+09	7.88819e+09	7.39952e+09	7.46176e+09	6.21027e+09	8.01348e+09	6.27541e+09	6.54108e+09	6.71836e+09	6.53229e+09	6.74788e+09	6.80355e+09	6.18144e+09	7.56474e+09	7.0898e+09	6.76893e+09	7.85962e+09	7.58896e+09	7.76802e+09	6.81956e+09	5.75936e+09	7.06694e+09	5.52108e+09	5.64472e+09	7.06638e+09	6.92116e+09	6.81109e+09	6.8783e+09	6.17298e+09	6.86984e+09	7.40628e+09	6.72548e+09	6.68143e+09	6.71124e+09	7.56935e+09	6.89942e+09	7.15767e+09	7.24888e+09	5.86227e+09	7.45889e+09	6.7336e+09	6.91013e+09	6.84064e+09	6.34364e+09	5.95945e+09	6.21915e+09	7.0929e+09	7.09702e+09	7.08769e+09	6.12915e+09	6.52664e+09	6.91228e+09	5.94981e+09	6.93685e+09	7.06843e+09	6.83085e+09	7.24975e+09	6.46205e+09	5.52775e+09	6.4974e+09	6.43024e+09
ERR618588	8.39867e+09	7.9769e+09	8.63711e+09	8.28249e+09	7.96731e+09	8.67205e+09	7.64631e+09	7.72421e+09	7.06774e+09	7.41925e+09	7.62269e+09	7.43163e+09	5.86119e+09	6.88026e+09	5.45967e+09	7.31385e+09	5.90078e+09	5.7655e+09	7.58619e+09	6.77412e+09	6.95048e+09	6.81397e+09	6.77505e+09	6.80871e+09	7.05196e+09	7.08215e+09	6.96593e+09	7.07809e+09	7.81931e+09	7.72736e+09	8.5366e+09	7.10378e+09	8.52747e+09	7.13799e+09	7.21145e+09	8.31408e+09	8.27519e+09	7.74963e+09	7.81597e+09	6.47791e+09	8.40986e+09	6.54754e+09	6.8465e+09	7.03682e+09	6.83875e+09	7.06845e+09	7.12682e+09	6.46542e+09	7.93606e+09	7.42988e+09	7.08904e+09	8.254e+09	7.96182e+09	8.15572e+09	7.14801e+09	6.01645e+09	7.40978e+09	5.76259e+09	5.89552e+09	7.40964e+09	7.25214e+09	7.13376e+09	7.20552e+09	6.45742e+09	7.19713e+09	7.76906e+09	7.03734e+09	6.98814e+09	7.01974e+09	7.93976e+09	7.22056e+09	7.49851e+09	7.60144e+09	6.12962e+09	7.82721e+09	7.05772e+09	7.2404e+09	7.17124e+09	6.63269e+09	6.22303e+09	6.5006e+09	7.43346e+09	7.43784e+09	7.42797e+09	6.39526e+09	6.81873e+09	7.23086e+09	6.20425e+09	7.2575e+09	7.39696e+09	7.15726e+09	7.60454e+09	6.76321e+09	5.77097e+09	6.80056e+09	6.72948e+09
ERR618586	8.33368e+09	7.89615e+09	8.28249e+09	8.48937e+09	7.88631e+09	8.60251e+09	7.63268e+09	7.70847e+09	7.05908e+09	7.40262e+09	7.60889e+09	7.4203e+09	5.82719e+09	6.84471e+09	5.44665e+09	7.26836e+09	5.86649e+09	5.7328e+09	7.51391e+09	6.71233e+09	6.88582e+09	6.74569e+09	6.71423e+09	6.74817e+09	7.0262e+09	7.04594e+09	6.94129e+09	7.05166e+09	7.76684e+09	7.67703e+09	8.47742e+09	7.07363e+09	8.47342e+09	7.10603e+09	7.18037e+09	8.26621e+09	8.21567e+09	7.70168e+09	7.7631e+09	6.42815e+09	8.34817e+09	6.4964e+09	6.83684e+09	7.03157e+09	6.83498e+09	7.06296e+09	7.11958e+09	6.46183e+09	7.9107e+09	7.4171e+09	7.08428e+09	8.22623e+09	7.93634e+09	8.12959e+09	7.14316e+09	6.00665e+09	7.39184e+09	5.75119e+09	5.88633e+09	7.39278e+09	7.23004e+09	7.10845e+09	7.17916e+09	6.4533e+09	7.17144e+09	7.73525e+09	6.99605e+09	6.93248e+09	6.96473e+09	7.88396e+09	7.16269e+09	7.44896e+09	7.58328e+09	6.13753e+09	7.80545e+09	7.06237e+09	7.22976e+09	7.17549e+09	6.60435e+09	6.1932e+09	6.47369e+09	7.40348e+09	7.40814e+09	7.40052e+09	6.31244e+09	6.72593e+09	7.13784e+09	6.11655e+09	7.16552e+09	7.30046e+09	7.13955e+09	7.57511e+09	6.74408e+09	5.76044e+09	6.78277e+09	6.7112e+09
ERR618590	7.99452e+09	7.60619e+09	7.96731e+09	7.88631e+09	7.84832e+09	8.24847e+09	7.27996e+09	7.35348e+09	6.73883e+09	7.06933e+09	7.25814e+09	7.07969e+09	5.61741e+09	6.57303e+09	5.23188e+09	6.97945e+09	5.65518e+09	5.52717e+09	7.23224e+09	6.47444e+09	6.63922e+09	6.51194e+09	6.47441e+09	6.50619e+09	6.73164e+09	6.76331e+09	6.65078e+09	6.75681e+09	7.45146e+09	7.36584e+09	8.11621e+09	6.78e+09	8.10709e+09	6.81136e+09	6.88052e+09	7.90889e+09	7.87896e+09	7.39048e+09	7.45181e+09	6.20345e+09	8.00346e+09	6.26867e+09	6.5313e+09	6.70831e+09	6.52266e+09	6.73748e+09	6.79326e+09	6.1717e+09	7.55377e+09	7.07971e+09	6.75842e+09	7.84883e+09	7.57818e+09	7.7576e+09	6.8078e+09	5.75009e+09	7.05499e+09	5.51205e+09	5.63571e+09	7.05485e+09	6.90909e+09	6.79873e+09	6.8667e+09	6.1624e+09	6.85847e+09	7.39381e+09	6.71577e+09	6.67231e+09	6.70132e+09	7.55798e+09	6.8894e+09	7.14761e+09	7.238e+09	5.85296e+09	7.44784e+09	6.72279e+09	6.89874e+09	6.82948e+09	6.33373e+09	5.95014e+09	6.2095e+09	7.08149e+09	7.08536e+09	7.07557e+09	6.12168e+09	6.51776e+09	6.90362e+09	5.94247e+09	6.92719e+09	7.05825e+09	6.82007e+09	7.23841e+09	6.45217e+09	5.51989e+09	6.48684e+09	6.42011e+09
ERR618585	8.72086e+09	8.25864e+09	8.67205e+09	8.60251e+09	8.24847e+09	9.29549e+09	7.96635e+09	8.04698e+09	7.35651e+09	7.72287e+09	7.94042e+09	7.73989e+09	6.05686e+09	7.13257e+09	5.65349e+09	7.58477e+09	6.0988e+09	5.95728e+09	7.86001e+09	7.00631e+09	7.19081e+09	7.04346e+09	7.00816e+09	7.0431e+09	7.32333e+09	7.34671e+09	7.23291e+09	7.35094e+09	8.12057e+09	8.02405e+09	8.88056e+09	7.37545e+09	8.87453e+09	7.41016e+09	7.48901e+09	8.6507e+09	8.59574e+09	8.04174e+09	8.10867e+09	6.69198e+09	8.73769e+09	6.76498e+09	7.12199e+09	7.32727e+09	7.11893e+09	7.36041e+09	7.42089e+09	6.72387e+09	8.26344e+09	7.73444e+09	7.38001e+09	8.60059e+09	8.29135e+09	8.49665e+09	7.44827e+09	6.24712e+09	7.71692e+09	5.979e+09	6.12011e+09	7.71664e+09	7.54607e+09	7.41797e+09	7.4928e+09	6.71662e+09	7.48474e+09	8.0861e+09	7.30044e+09	7.23795e+09	7.27184e+09	8.25041e+09	7.48265e+09	7.78396e+09	7.91719e+09	6.37834e+09	8.156e+09	7.3577e+09	7.53844e+09	7.47813e+09	6.88236e+09	6.44798e+09	6.74348e+09	7.73048e+09	7.73572e+09	7.72609e+09	6.59082e+09	7.03208e+09	7.46762e+09	6.38662e+09	7.49726e+09	7.64213e+09	7.44817e+09	7.91447e+09	7.02965e+09	5.98871e+09	7.06988e+09	6.99487e+09
ERR607715	7.72094e+09	7.2914e+09	7.64631e+09	7.63268e+09	7.27996e+09	7.96635e+09	7.81996e+09	7.66755e+09	7.06396e+09	7.37518e+09	7.57918e+09	7.40345e+09	5.54057e+09	6.50285e+09	5.22508e+09	6.88769e+09	5.57746e+09	5.4533e+09	7.0509e+09	6.31171e+09	6.46905e+09	6.32608e+09	6.31646e+09	6.34865e+09	6.81641e+09	6.80634e+09	6.7372e+09	6.83705e+09	7.46689e+09	7.3871e+09	8.18917e+09	6.94653e+09	8.19242e+09	6.97763e+09	7.04934e+09	8.02207e+09	7.73086e+09	7.26858e+09	7.32026e+09	6.05617e+09	7.85499e+09	6.12213e+09	6.77214e+09	6.97334e+09	6.78587e+09	7.0029e+09	7.05345e+09	6.41872e+09	7.67882e+09	7.24962e+09	6.9519e+09	7.95379e+09	7.7039e+09	7.87097e+09	6.97304e+09	5.85967e+09	7.19198e+09	5.60402e+09	5.74373e+09	7.19215e+09	7.09412e+09	6.97269e+09	7.036e+09	6.37511e+09	7.02952e+09	7.54149e+09	6.61134e+09	6.52599e+09	6.55891e+09	7.42907e+09	6.73815e+09	7.02204e+09	7.37834e+09	6.04953e+09	7.58295e+09	6.9429e+09	7.05866e+09	7.04883e+09	6.3898e+09	5.98396e+09	6.26279e+09	7.1609e+09	7.16567e+09	7.16379e+09	5.87019e+09	6.2467e+09	6.63414e+09	5.67941e+09	6.6621e+09	6.78218e+09	6.95396e+09	7.35083e+09	6.57055e+09	5.63226e+09	6.6101e+09	6.542e+09
ERR607716	7.79881e+09	7.36491e+09	7.72421e+09	7.70847e+09	7.35348e+09	8.04698e+09	7.66755e+09	7.95375e+09	7.11951e+09	7.43638e+09	7.64295e+09	7.46431e+09	5.58923e+09	6.5628e+09	5.26832e+09	6.95396e+09	5.62648e+09	5.50079e+09	7.12502e+09	6.37618e+09	6.535e+09	6.39086e+09	6.38061e+09	6.41287e+09	6.87667e+09	6.86782e+09	6.79655e+09	6.8974e+09	7.53914e+09	7.45761e+09	8.26795e+09	7.00374e+09	8.2709e+09	7.03518e+09	7.10814e+09	8.09732e+09	7.80562e+09	7.33577e+09	7.38901e+09	6.11009e+09	7.93124e+09	6.17658e+09	6.82396e+09	7.02654e+09	6.83637e+09	7.0566e+09	7.10787e+09	6.46558e+09	7.74633e+09	7.309e+09	7.00641e+09	8.02617e+09	7.77133e+09	7.94191e+09	7.03288e+09	5.90844e+09	7.25568e+09	5.65025e+09	5.79099e+09	7.25621e+09	7.15397e+09	7.03139e+09	7.09639e+09	6.4246e+09	7.08928e+09	7.60958e+09	6.67709e+09	6.59255e+09	6.62594e+09	7.50651e+09	6.80725e+09	7.09428e+09	7.44269e+09	6.09473e+09	7.64974e+09	6.99842e+09	7.11735e+09	7.10564e+09	6.44602e+09	6.03592e+09	6.31694e+09	7.22592e+09	7.231e+09	7.22853e+09	5.93127e+09	6.31249e+09	6.70418e+09	5.73854e+09	6.73267e+09	6.85459e+09	7.01501e+09	7.41843e+09	6.62717e+09	5.67833e+09	6.66712e+09	6.59841e+09
ERR607711	7.13662e+09	6.74907e+09	7.06774e+09	7.05908e+09	6.73883e+09	7.35651e+09	7.06396e+09	7.11951e+09	6.79076e+09	6.87336e+09	7.04399e+09	6.89639e+09	5.16315e+09	6.03227e+09	4.87466e+09	6.37971e+09	5.19569e+09	5.0842e+09	6.52082e+09	5.85305e+09	5.99515e+09	5.86524e+09	5.85718e+09	5.88653e+09	6.3398e+09	6.3302e+09	6.26813e+09	6.35715e+09	6.91919e+09	6.84877e+09	7.57284e+09	6.49622e+09	7.57421e+09	6.5241e+09	6.58766e+09	7.42863e+09	7.16588e+09	6.75527e+09	6.80197e+09	5.65861e+09	7.27639e+09	5.71858e+09	6.34552e+09	6.52096e+09	6.35657e+09	6.54618e+09	6.59028e+09	6.02997e+09	7.13018e+09	6.75555e+09	6.49542e+09	7.36414e+09	7.1511e+09	7.29329e+09	6.4888e+09	5.4746e+09	6.68527e+09	5.24059e+09	5.36852e+09	6.68548e+09	6.61865e+09	6.51127e+09	6.56818e+09	5.97548e+09	6.56218e+09	7.00928e+09	6.11631e+09	6.03689e+09	6.06689e+09	6.85385e+09	6.22922e+09	6.48592e+09	6.85999e+09	5.66497e+09	7.03951e+09	6.47275e+09	6.57612e+09	6.56614e+09	5.96013e+09	5.58948e+09	5.84377e+09	6.65967e+09	6.66426e+09	6.66233e+09	5.4486e+09	5.79027e+09	6.13979e+09	5.2744e+09	6.16595e+09	6.27388e+09	6.4721e+09	6.82586e+09	6.12639e+09	5.27134e+09	6.16205e+09	6.10108e+09
ERR607712	7.48675e+09	7.08063e+09	7.41925e+09	7.40262e+09	7.06933e+09	7.72287e+09	7.37518e+09	7.43638e+09	6.87336e+09	7.37457e+09	7.35329e+09	7.19283e+09	5.38622e+09	6.30737e+09	5.07206e+09	6.67993e+09	5.42099e+09	5.3024e+09	6.84343e+09	6.13252e+09	6.28427e+09	6.14833e+09	6.1364e+09	6.16747e+09	6.61745e+09	6.61318e+09	6.54134e+09	6.63778e+09	7.24804e+09	7.1719e+09	7.94308e+09	6.77058e+09	7.94181e+09	6.80086e+09	6.86864e+09	7.78271e+09	7.51098e+09	7.06817e+09	7.11835e+09	5.90684e+09	7.62801e+09	5.97035e+09	6.60076e+09	6.78565e+09	6.60888e+09	6.81327e+09	6.86164e+09	6.25959e+09	7.45465e+09	7.04433e+09	6.76139e+09	7.70831e+09	7.47737e+09	7.63065e+09	6.76659e+09	5.69882e+09	6.98091e+09	5.45372e+09	5.58669e+09	6.98091e+09	6.90489e+09	6.79074e+09	6.85231e+09	6.21258e+09	6.84523e+09	7.32927e+09	6.40778e+09	6.33005e+09	6.36167e+09	7.19419e+09	6.53374e+09	6.80222e+09	7.1674e+09	5.88342e+09	7.36116e+09	6.74047e+09	6.85928e+09	6.8415e+09	6.21744e+09	5.82766e+09	6.09418e+09	6.95729e+09	6.96173e+09	6.95978e+09	5.71623e+09	6.08028e+09	6.44942e+09	5.53521e+09	6.47606e+09	6.59227e+09	6.75434e+09	7.13601e+09	6.38845e+09	5.4842e+09	6.42608e+09	6.36137e+09
ERR607714	7.69583e+09	7.2692e+09	7.62269e+09	7.60889e+09	7.25814e+09	7.94042e+09	7.57918e+09	7.64295e+09	7.04399e+09	7.35329e+09	7.77074e+09	7.38131e+09	5.52444e+09	6.48275e+09	5.20984e+09	6.86622e+09	5.56103e+09	5.43802e+09	7.02833e+09	6.2923e+09	6.44874e+09	6.30644e+09	6.29662e+09	6.32882e+09	6.79501e+09	6.78498e+09	6.71571e+09	6.81508e+09	7.44288e+09	7.36359e+09	8.16261e+09	6.92841e+09	8.16562e+09	6.95938e+09	7.03064e+09	7.99645e+09	7.70702e+09	7.24699e+09	7.29859e+09	6.04027e+09	7.83058e+09	6.10632e+09	6.75453e+09	6.95433e+09	6.76785e+09	6.98348e+09	7.03338e+09	6.40247e+09	7.65537e+09	7.22833e+09	6.93214e+09	7.92803e+09	7.68001e+09	7.8455e+09	6.95022e+09	5.84108e+09	7.16817e+09	5.58661e+09	5.72613e+09	7.16839e+09	7.07257e+09	6.95189e+09	7.01554e+09	6.3567e+09	7.00932e+09	7.5178e+09	6.58843e+09	6.50378e+09	6.53679e+09	7.40292e+09	6.71509e+09	6.99763e+09	7.35508e+09	6.03146e+09	7.5581e+09	6.92091e+09	7.03684e+09	7.02663e+09	6.37079e+09	5.96655e+09	6.24407e+09	7.13961e+09	7.14444e+09	7.14161e+09	5.85264e+09	6.22764e+09	6.61319e+09	5.66266e+09	6.64115e+09	6.76046e+09	6.93273e+09	7.32809e+09	6.55119e+09	5.61591e+09	6.59012e+09	6.52256e+09
ERR607713	7.50397e+09	7.0906e+09	7.43163e+09	7.4203e+09	7.07969e+09	7.73989e+09	7.40345e+09	7.46431e+09	6.89639e+09	7.19283e+09	7.38131e+09	7.42461e+09	5.39945e+09	6.32606e+09	5.09262e+09	6.69714e+09	5.43519e+09	5.31539e+09	6.85652e+09	6.14432e+09	6.29628e+09	6.15762e+09	6.14882e+09	6.17963e+09	6.64127e+09	6.6315e+09	6.56422e+09	6.66061e+09	7.26534e+09	7.18876e+09	7.96223e+09	6.78458e+09	7.96472e+09	6.81498e+09	6.88323e+09	7.8043e+09	7.52508e+09	7.08188e+09	7.1316e+09	5.9122e+09	7.64328e+09	5.97631e+09	6.6178e+09	6.80819e+09	6.63039e+09	6.83595e+09	6.88401e+09	6.27747e+09	7.47784e+09	7.06913e+09	6.78536e+09	7.7365e+09	7.50083e+09	7.65789e+09	6.79763e+09	5.71955e+09	7.0064e+09	5.47206e+09	5.60743e+09	7.00736e+09	6.92382e+09	6.80738e+09	6.86857e+09	6.23292e+09	6.86234e+09	7.34997e+09	6.42853e+09	6.34484e+09	6.37687e+09	7.21589e+09	6.54991e+09	6.82332e+09	7.19032e+09	5.90893e+09	7.38508e+09	6.77129e+09	6.88392e+09	6.87287e+09	6.23366e+09	5.84152e+09	6.11068e+09	6.98018e+09	6.9851e+09	6.98286e+09	5.71702e+09	6.08152e+09	6.45396e+09	5.53287e+09	6.48148e+09	6.59698e+09	6.77812e+09	7.15881e+09	6.40914e+09	5.5016e+09	6.44735e+09	6.38192e+09
ERR614481	5.89398e+09	5.62336e+09	5.86119e+09	5.82719e+09	5.61741e+09	6.05686e+09	5.54057e+09	5.58923e+09	5.16315e+09	5.38622e+09	5.52444e+09	5.39945e+09	4.65342e+09	5.14483e+09	4.20658e+09	5.41801e+09	4.50294e+09	4.41024e+09	5.3565e+09	4.84884e+09	4.9579e+09	4.86762e+09	4.85034e+09	4.87141e+09	5.13198e+09	5.14225e+09	5.07876e+09	5.14706e+09	5.59461e+09	5.53869e+09	6.02341e+09	5.13045e+09	6.02415e+09	5.15048e+09	5.19915e+09	5.89247e+09	5.83794e+09	5.51972e+09	5.55798e+09	4.71692e+09	5.92119e+09	4.75979e+09	5.05773e+09	5.19236e+09	5.05841e+09	5.214e+09	5.25211e+09	4.80649e+09	5.7603e+09	5.44268e+09	5.22263e+09	5.96784e+09	5.77826e+09	5.90656e+09	5.11497e+09	4.38337e+09	5.27597e+09	4.21325e+09	4.30285e+09	5.27687e+09	5.1522e+09	5.07358e+09	5.11834e+09	4.64947e+09	5.11303e+09	5.47857e+09	5.0431e+09	5.00202e+09	5.02063e+09	5.60224e+09	5.14712e+09	5.32898e+09	5.43698e+09	4.49997e+09	5.57882e+09	5.10392e+09	5.21146e+09	5.17699e+09	4.7634e+09	4.49818e+09	4.6806e+09	5.2761e+09	5.27797e+09	5.27374e+09	4.57761e+09	4.84205e+09	5.10941e+09	4.44606e+09	5.12655e+09	5.21199e+09	5.10843e+09	5.38664e+09	4.85343e+09	4.20984e+09	4.87814e+09	4.83134e+09
ERR614478	6.92779e+09	6.58099e+09	6.88026e+09	6.84471e+09	6.57303e+09	7.13257e+09	6.50285e+09	6.5628e+09	6.03227e+09	6.30737e+09	6.48275e+09	6.32606e+09	5.14483e+09	6.21557e+09	4.83646e+09	6.32946e+09	5.17885e+09	5.06554e+09	6.26061e+09	5.62739e+09	5.76273e+09	5.64772e+09	5.62955e+09	5.65573e+09	5.98613e+09	5.99293e+09	5.91851e+09	6.00409e+09	6.55813e+09	6.48864e+09	7.09913e+09	5.98346e+09	7.10111e+09	6.00884e+09	6.0693e+09	6.93726e+09	6.85888e+09	6.46056e+09	6.50809e+09	5.45278e+09	6.96386e+09	5.50634e+09	5.89754e+09	6.06728e+09	5.90104e+09	6.09367e+09	6.1402e+09	5.59027e+09	6.77123e+09	6.37563e+09	6.10429e+09	7.03239e+09	6.79385e+09	6.95537e+09	5.99122e+09	5.07984e+09	6.18713e+09	4.86981e+09	4.98193e+09	6.18867e+09	6.02892e+09	5.93049e+09	5.9853e+09	5.41266e+09	5.97899e+09	6.43189e+09	5.87782e+09	5.82091e+09	5.84509e+09	6.57732e+09	6.00203e+09	6.23517e+09	6.38595e+09	5.23801e+09	6.56353e+09	5.98308e+09	6.10819e+09	6.07353e+09	5.54018e+09	5.20899e+09	5.43665e+09	6.17848e+09	6.18071e+09	6.17599e+09	5.28257e+09	5.60836e+09	5.9409e+09	5.11956e+09	5.96304e+09	6.06933e+09	5.97629e+09	6.32039e+09	5.65814e+09	4.86819e+09	5.68868e+09	5.63066e+09
ERR614477	5.50583e+09	5.23789e+09	5.45967e+09	5.44665e+09	5.23188e+09	5.65349e+09	5.22508e+09	5.26832e+09	4.87466e+09	5.07206e+09	5.20984e+09	5.09262e+09	4.20658e+09	4.83646e+09	4.16692e+09	5.07966e+09	4.2331e+09	4.14652e+09	4.98783e+09	4.51989e+09	4.61886e+09	4.52833e+09	4.52334e+09	4.54274e+09	4.8291e+09	4.81991e+09	4.77882e+09	4.83974e+09	5.22881e+09	5.17825e+09	5.63128e+09	4.81297e+09	5.63767e+09	4.83016e+09	4.8767e+09	5.51872e+09	5.44635e+09	5.1559e+09	5.19035e+09	4.39868e+09	5.52629e+09	4.43861e+09	4.77013e+09	4.90713e+09	4.78119e+09	4.92768e+09	4.96099e+09	4.54655e+09	5.41572e+09	5.13439e+09	4.93878e+09	5.61277e+09	5.43345e+09	5.55612e+09	4.83507e+09	4.14214e+09	4.96947e+09	3.97905e+09	4.06782e+09	4.97171e+09	4.84079e+09	4.76276e+09	4.80312e+09	4.38955e+09	4.7986e+09	5.13659e+09	4.72465e+09	4.67115e+09	4.68935e+09	5.236e+09	4.80497e+09	4.98661e+09	5.11165e+09	4.27393e+09	5.24211e+09	4.83506e+09	4.9102e+09	4.90205e+09	4.47348e+09	4.22131e+09	4.39706e+09	4.95456e+09	4.95639e+09	4.95362e+09	4.23541e+09	4.47543e+09	4.73069e+09	4.10641e+09	4.74846e+09	4.82539e+09	4.80833e+09	5.05777e+09	4.5665e+09	3.97259e+09	4.59022e+09	4.54605e+09
ERR614479	7.36044e+09	6.98774e+09	7.31385e+09	7.26836e+09	6.97945e+09	7.58477e+09	6.88769e+09	6.95396e+09	6.37971e+09	6.67993e+09	6.86622e+09	6.69714e+09	5.41801e+09	6.32946e+09	5.07966e+09	6.95237e+09	5.45403e+09	5.3329e+09	6.64643e+09	5.95709e+09	6.1048e+09	5.98224e+09	5.95881e+09	5.98753e+09	6.32802e+09	6.34126e+09	6.25571e+09	6.34894e+09	6.96153e+09	6.8848e+09	7.55019e+09	6.33542e+09	7.54941e+09	6.36252e+09	6.42823e+09	7.37076e+09	7.28847e+09	6.85215e+09	6.90408e+09	5.76144e+09	7.4021e+09	5.82104e+09	6.23601e+09	6.41561e+09	6.23724e+09	6.44362e+09	6.49481e+09	5.90287e+09	7.1823e+09	6.74816e+09	6.45242e+09	7.46505e+09	7.20675e+09	7.38059e+09	6.3389e+09	5.35741e+09	6.55522e+09	5.13303e+09	5.2518e+09	6.55621e+09	6.38874e+09	6.2843e+09	6.34392e+09	5.71907e+09	6.33679e+09	6.82712e+09	6.2212e+09	6.16454e+09	6.19068e+09	6.98454e+09	6.36148e+09	6.61055e+09	6.76951e+09	5.52132e+09	6.96256e+09	6.32455e+09	6.46537e+09	6.42237e+09	5.85801e+09	5.5017e+09	5.74597e+09	6.54744e+09	6.55024e+09	6.54418e+09	5.59401e+09	5.94897e+09	6.30751e+09	5.42098e+09	6.33022e+09	6.44574e+09	6.3279e+09	6.7035e+09	5.9852e+09	5.13324e+09	6.01804e+09	5.95575e+09
ERR614480	5.93418e+09	5.66113e+09	5.90078e+09	5.86649e+09	5.65518e+09	6.0988e+09	5.57746e+09	5.62648e+09	5.19569e+09	5.42099e+09	5.56103e+09	5.43519e+09	4.50294e+09	5.17885e+09	4.2331e+09	5.45403e+09	4.71075e+09	4.43717e+09	5.39069e+09	4.87871e+09	4.98867e+09	4.8973e+09	4.88045e+09	4.90109e+09	5.16425e+09	5.17377e+09	5.10956e+09	5.17925e+09	5.63081e+09	5.57463e+09	6.06455e+09	5.16183e+09	6.065e+09	5.18259e+09	5.23107e+09	5.93229e+09	5.87713e+09	5.55516e+09	5.59434e+09	4.74575e+09	5.9612e+09	4.7893e+09	5.08918e+09	5.22542e+09	5.08955e+09	5.24688e+09	5.28542e+09	4.83502e+09	5.79858e+09	5.47785e+09	5.25586e+09	6.00893e+09	5.81677e+09	5.94671e+09	5.14697e+09	4.40897e+09	5.30896e+09	4.23736e+09	4.32795e+09	5.30977e+09	5.18332e+09	5.10391e+09	5.14899e+09	4.67544e+09	5.14374e+09	5.5133e+09	5.07502e+09	5.03411e+09	5.05345e+09	5.63928e+09	5.18027e+09	5.3637e+09	5.47227e+09	4.5265e+09	5.6156e+09	5.13645e+09	5.24444e+09	5.20964e+09	4.79136e+09	4.52298e+09	4.70706e+09	5.309e+09	5.31059e+09	5.30614e+09	4.60507e+09	4.87161e+09	5.14117e+09	4.47277e+09	5.15858e+09	5.24496e+09	5.13932e+09	5.42011e+09	4.88166e+09	4.23248e+09	4.90646e+09	4.8595e+09
ERR614482	5.79746e+09	5.53294e+09	5.7655e+09	5.7328e+09	5.52717e+09	5.95728e+09	5.4533e+09	5.50079e+09	5.0842e+09	5.3024e+09	5.43802e+09	5.31539e+09	4.41024e+09	5.06554e+09	4.14652e+09	5.3329e+09	4.43717e+09	4.52135e+09	5.27084e+09	4.77392e+09	4.88097e+09	4.79226e+09	4.77525e+09	4.79611e+09	5.05422e+09	5.06352e+09	5.00101e+09	5.06862e+09	5.50613e+09	5.45156e+09	5.92536e+09	5.05198e+09	5.92596e+09	5.07083e+09	5.11864e+09	5.79755e+09	5.74268e+09	5.43102e+09	5.46845e+09	4.6458e+09	5.82411e+09	4.68832e+09	4.98126e+09	5.11349e+09	4.98199e+09	5.13445e+09	5.17159e+09	4.73519e+09	5.6684e+09	5.3578e+09	5.14275e+09	5.87208e+09	5.68599e+09	5.81137e+09	5.03508e+09	4.31832e+09	5.19233e+09	4.15181e+09	4.23935e+09	5.19296e+09	5.07146e+09	4.9942e+09	5.03787e+09	4.57884e+09	5.03259e+09	5.39059e+09	4.96388e+09	4.92386e+09	4.94222e+09	5.51108e+09	5.06554e+09	5.24352e+09	5.35075e+09	4.43355e+09	5.49017e+09	5.02563e+09	5.13111e+09	5.09666e+09	4.69025e+09	4.4308e+09	4.60921e+09	5.19282e+09	5.19471e+09	5.19076e+09	4.50798e+09	4.7672e+09	5.02823e+09	4.37917e+09	5.04526e+09	5.12883e+09	5.02745e+09	5.29966e+09	4.77791e+09	4.14678e+09	4.80125e+09	4.75581e+09
ERR631209	7.615e+09	7.24232e+09	7.58619e+09	7.51391e+09	7.23224e+09	7.86001e+09	7.0509e+09	7.12502e+09	6.52082e+09	6.84343e+09	7.02833e+09	6.85652e+09	5.3565e+09	6.26061e+09	4.98783e+09	6.64643e+09	5.39069e+09	5.27084e+09	8.31817e+09	7.21967e+09	7.40731e+09	7.26888e+09	7.21777e+09	7.25373e+09	6.68609e+09	6.72407e+09	6.60741e+09	6.71245e+09	7.40995e+09	7.32455e+09	7.99655e+09	6.64221e+09	7.98936e+09	6.67581e+09	6.7419e+09	7.78464e+09	7.56806e+09	7.09437e+09	7.15079e+09	5.9583e+09	7.68361e+09	6.02221e+09	6.19336e+09	6.35817e+09	6.18515e+09	6.38311e+09	6.43743e+09	5.85448e+09	7.16697e+09	6.71247e+09	6.41189e+09	7.44788e+09	7.18758e+09	7.35976e+09	7.2994e+09	6.16976e+09	7.56962e+09	5.91719e+09	6.04481e+09	7.56979e+09	7.38806e+09	7.26915e+09	7.34359e+09	6.56678e+09	7.33576e+09	7.93161e+09	7.31597e+09	7.27413e+09	7.30415e+09	8.21649e+09	7.50728e+09	7.7787e+09	7.281e+09	5.86981e+09	7.49653e+09	6.74804e+09	6.9336e+09	6.85595e+09	6.85148e+09	6.44116e+09	6.7189e+09	7.65579e+09	7.66066e+09	7.64697e+09	6.7789e+09	7.21065e+09	7.62504e+09	6.58497e+09	7.64652e+09	7.79424e+09	7.33083e+09	7.78896e+09	6.93846e+09	5.92414e+09	6.97193e+09	6.90079e+09
ERR631212	6.7986e+09	6.48312e+09	6.77412e+09	6.71233e+09	6.47444e+09	7.00631e+09	6.31171e+09	6.37618e+09	5.85305e+09	6.13252e+09	6.2923e+09	6.14432e+09	4.84884e+09	5.62739e+09	4.51989e+09	5.95709e+09	4.87871e+09	4.77392e+09	7.21967e+09	6.73236e+09	6.67505e+09	6.55773e+09	6.51633e+09	6.54676e+09	6.01792e+09	6.05347e+09	5.95065e+09	6.04083e+09	6.63935e+09	6.56599e+09	7.13426e+09	5.97362e+09	7.12879e+09	6.00311e+09	6.05903e+09	6.95388e+09	6.75788e+09	6.35394e+09	6.40284e+09	5.38228e+09	6.85514e+09	5.43645e+09	5.55431e+09	5.69574e+09	5.54697e+09	5.71838e+09	5.76585e+09	5.26034e+09	6.39577e+09	6.00594e+09	5.74589e+09	6.63674e+09	6.41396e+09	6.56112e+09	6.56646e+09	5.59754e+09	6.79911e+09	5.37933e+09	5.48848e+09	6.79907e+09	6.6461e+09	6.54512e+09	6.60804e+09	5.93698e+09	6.60129e+09	7.10823e+09	6.58955e+09	6.55625e+09	6.58165e+09	7.34694e+09	6.75201e+09	6.98054e+09	6.52414e+09	5.30187e+09	6.70728e+09	6.06216e+09	6.22535e+09	6.15527e+09	6.19442e+09	5.84324e+09	6.08103e+09	6.87903e+09	6.88331e+09	6.87159e+09	6.13695e+09	6.50216e+09	6.85269e+09	5.97007e+09	6.87104e+09	6.99472e+09	6.59593e+09	6.98502e+09	6.26132e+09	5.38362e+09	6.28922e+09	6.22883e+09
ERR631207	6.97417e+09	6.64807e+09	6.95048e+09	6.88582e+09	6.63922e+09	7.19081e+09	6.46905e+09	6.535e+09	5.99515e+09	6.28427e+09	6.44874e+09	6.29628e+09	4.9579e+09	5.76273e+09	4.61886e+09	6.1048e+09	4.98867e+09	4.88097e+09	7.40731e+09	6.67505e+09	7.06563e+09	6.71885e+09	6.67336e+09	6.70449e+09	6.16391e+09	6.2012e+09	6.0941e+09	6.18774e+09	6.80869e+09	6.73258e+09	7.31948e+09	6.11746e+09	7.31373e+09	6.14768e+09	6.20556e+09	7.13234e+09	6.93497e+09	6.51612e+09	6.56634e+09	5.51046e+09	7.03555e+09	5.56675e+09	5.68959e+09	5.83483e+09	5.68175e+09	5.85786e+09	5.90698e+09	5.38565e+09	6.56017e+09	6.15502e+09	5.88674e+09	6.80892e+09	6.57809e+09	6.73084e+09	6.72771e+09	5.72392e+09	6.96749e+09	5.49804e+09	5.61112e+09	6.96764e+09	6.80801e+09	6.70333e+09	6.76941e+09	6.07524e+09	6.76208e+09	7.28865e+09	6.7516e+09	6.71658e+09	6.74232e+09	7.54018e+09	6.92057e+09	7.15765e+09	6.6896e+09	5.42473e+09	6.88051e+09	6.21049e+09	6.38056e+09	6.30681e+09	6.33933e+09	5.976e+09	6.22189e+09	7.05034e+09	7.05549e+09	7.04331e+09	6.28429e+09	6.6646e+09	7.02863e+09	6.1109e+09	7.04723e+09	7.17703e+09	6.75639e+09	7.16086e+09	6.41001e+09	5.50193e+09	6.43855e+09	6.37576e+09
ERR631208	6.83266e+09	6.52072e+09	6.81397e+09	6.74569e+09	6.51194e+09	7.04346e+09	6.32608e+09	6.39086e+09	5.86524e+09	6.14833e+09	6.30644e+09	6.15762e+09	4.86762e+09	5.64772e+09	4.52833e+09	5.98224e+09	4.8973e+09	4.79226e+09	7.26888e+09	6.55773e+09	6.71885e+09	6.82242e+09	6.55541e+09	6.58577e+09	6.03835e+09	6.07862e+09	5.97043e+09	6.06178e+09	6.67182e+09	6.59781e+09	7.16658e+09	5.99387e+09	7.15896e+09	6.02371e+09	6.07956e+09	6.98208e+09	6.79278e+09	6.38448e+09	6.43378e+09	5.4107e+09	6.89002e+09	5.46573e+09	5.56703e+09	5.70495e+09	5.55615e+09	5.72764e+09	5.77566e+09	5.26922e+09	6.41562e+09	6.01874e+09	5.75599e+09	6.6561e+09	6.43282e+09	6.58002e+09	6.58404e+09	5.61428e+09	6.82202e+09	5.39634e+09	5.50461e+09	6.82197e+09	6.67048e+09	6.57025e+09	6.63511e+09	5.9536e+09	6.62821e+09	7.13891e+09	6.62328e+09	6.5939e+09	6.61932e+09	7.38958e+09	6.7921e+09	7.01837e+09	6.54633e+09	5.30896e+09	6.73172e+09	6.07231e+09	6.24381e+09	6.16628e+09	6.21993e+09	5.86845e+09	6.10624e+09	6.90726e+09	6.91153e+09	6.8993e+09	6.18819e+09	6.55877e+09	6.90938e+09	6.02187e+09	6.92736e+09	7.05362e+09	6.61813e+09	7.01319e+09	6.2837e+09	5.39932e+09	6.31048e+09	6.25051e+09
ERR631211	6.80061e+09	6.48339e+09	6.77505e+09	6.71423e+09	6.47441e+09	7.00816e+09	6.31646e+09	6.38061e+09	5.85718e+09	6.1364e+09	6.29662e+09	6.14882e+09	4.85034e+09	5.62955e+09	4.52334e+09	5.95881e+09	4.88045e+09	4.77525e+09	7.21777e+09	6.51633e+09	6.67336e+09	6.55541e+09	6.72976e+09	6.54566e+09	6.02273e+09	6.05669e+09	5.95585e+09	6.04552e+09	6.64209e+09	6.56894e+09	7.13521e+09	5.9749e+09	7.13054e+09	6.00426e+09	6.06059e+09	6.95612e+09	6.75931e+09	6.35558e+09	6.40403e+09	5.38238e+09	6.85695e+09	5.43627e+09	5.55793e+09	5.70011e+09	5.55107e+09	5.72255e+09	5.76988e+09	5.26393e+09	6.40056e+09	6.01038e+09	5.75139e+09	6.64108e+09	6.41804e+09	6.56558e+09	6.57202e+09	5.60087e+09	6.80281e+09	5.38176e+09	5.49191e+09	6.80317e+09	6.64752e+09	6.54563e+09	6.60956e+09	5.94053e+09	6.6026e+09	7.10946e+09	6.59105e+09	6.55537e+09	6.58079e+09	7.34792e+09	6.75159e+09	6.98142e+09	6.52838e+09	5.30772e+09	6.71208e+09	6.06847e+09	6.23055e+09	6.16226e+09	6.19547e+09	5.84276e+09	6.08147e+09	6.88072e+09	6.8856e+09	6.87299e+09	6.13164e+09	6.49629e+09	6.84778e+09	5.96375e+09	6.86637e+09	6.98997e+09	6.59922e+09	6.98798e+09	6.26436e+09	5.38578e+09	6.29201e+09	6.23155e+09
ERR631210	6.83418e+09	6.51529e+09	6.80871e+09	6.74817e+09	6.50619e+09	7.0431e+09	6.34865e+09	6.41287e+09	5.88653e+09	6.16747e+09	6.32882e+09	6.17963e+09	4.87141e+09	5.65573e+09	4.54274e+09	5.98753e+09	4.90109e+09	4.79611e+09	7.25373e+09	6.54676e+09	6.70449e+09	6.58577e+09	6.54566e+09	6.79176e+09	6.05123e+09	6.08529e+09	5.98347e+09	6.07427e+09	6.67509e+09	6.60099e+09	7.17246e+09	6.0049e+09	7.16776e+09	6.0347e+09	6.09101e+09	6.99237e+09	6.79417e+09	6.38793e+09	6.43657e+09	5.4075e+09	6.89236e+09	5.46158e+09	5.58651e+09	5.72953e+09	5.57994e+09	5.75232e+09	5.79992e+09	5.29078e+09	6.4333e+09	6.04121e+09	5.78018e+09	6.67554e+09	6.45138e+09	6.60001e+09	6.60386e+09	5.62664e+09	6.83617e+09	5.40603e+09	5.51675e+09	6.83669e+09	6.68151e+09	6.57895e+09	6.64338e+09	5.9697e+09	6.63595e+09	7.14618e+09	6.62287e+09	6.5864e+09	6.61203e+09	7.38532e+09	6.78403e+09	7.01587e+09	6.56174e+09	5.3339e+09	6.74711e+09	6.0991e+09	6.26268e+09	6.19333e+09	6.2245e+09	5.86982e+09	6.11044e+09	6.91538e+09	6.91981e+09	6.90769e+09	6.15924e+09	6.52638e+09	6.88059e+09	5.98995e+09	6.89886e+09	7.02376e+09	6.63098e+09	7.022e+09	6.29319e+09	5.40899e+09	6.32144e+09	6.26034e+09
ERR629867	7.10833e+09	6.74028e+09	7.05196e+09	7.0262e+09	6.73164e+09	7.32333e+09	6.81641e+09	6.87667e+09	6.3398e+09	6.61745e+09	6.79501e+09	6.64127e+09	5.13198e+09	5.98613e+09	4.8291e+09	6.32802e+09	5.16425e+09	5.05422e+09	6.68609e+09	6.01792e+09	6.16391e+09	6.03835e+09	6.02273e+09	6.05123e+09	6.6386e+09	6.43227e+09	6.35952e+09	6.45239e+09	7.03187e+09	6.95721e+09	7.48606e+09	6.34416e+09	7.48967e+09	6.37237e+09	6.43383e+09	7.32605e+09	7.09761e+09	6.6854e+09	6.7328e+09	5.62145e+09	7.20528e+09	5.67887e+09	6.07044e+09	6.23916e+09	6.07718e+09	6.26474e+09	6.31101e+09	5.76067e+09	6.91679e+09	6.52918e+09	6.26276e+09	7.16763e+09	6.9374e+09	7.09341e+09	6.46305e+09	5.4817e+09	6.66134e+09	5.25714e+09	5.37755e+09	6.66282e+09	6.53468e+09	6.42977e+09	6.48661e+09	5.89148e+09	6.48198e+09	6.94456e+09	6.25896e+09	6.19073e+09	6.21798e+09	6.99026e+09	6.38266e+09	6.62876e+09	6.77933e+09	5.57478e+09	6.96087e+09	6.36783e+09	6.49195e+09	6.46079e+09	5.98241e+09	5.62734e+09	5.87264e+09	6.66442e+09	6.66789e+09	6.66334e+09	5.64345e+09	5.98778e+09	6.33732e+09	5.46851e+09	6.36202e+09	6.47467e+09	6.44276e+09	6.79812e+09	6.10736e+09	5.26385e+09	6.1384e+09	6.07918e+09
ERR629863	7.12864e+09	6.77183e+09	7.08215e+09	7.04594e+09	6.76331e+09	7.34671e+09	6.80634e+09	6.86782e+09	6.3302e+09	6.61318e+09	6.78498e+09	6.6315e+09	5.14225e+09	5.99293e+09	4.81991e+09	6.34126e+09	5.17377e+09	5.06352e+09	6.72407e+09	6.05347e+09	6.2012e+09	6.07862e+09	6.05669e+09	6.08529e+09	6.43227e+09	6.65142e+09	6.35935e+09	6.45281e+09	7.05401e+09	6.97814e+09	7.50319e+09	6.35219e+09	7.50254e+09	6.38127e+09	6.44201e+09	7.33694e+09	7.12123e+09	6.70547e+09	6.75433e+09	5.64765e+09	7.2272e+09	5.70584e+09	6.06179e+09	6.22413e+09	6.06322e+09	6.24977e+09	6.29736e+09	5.74846e+09	6.91409e+09	6.51727e+09	6.2469e+09	7.16312e+09	6.9345e+09	7.08698e+09	6.45382e+09	5.48046e+09	6.66121e+09	5.25935e+09	5.37609e+09	6.66258e+09	6.54163e+09	6.43863e+09	6.49598e+09	5.88726e+09	6.49108e+09	6.95621e+09	6.28053e+09	6.22218e+09	6.24858e+09	7.01668e+09	6.41373e+09	6.65322e+09	6.78123e+09	5.55579e+09	6.9647e+09	6.34904e+09	6.48966e+09	6.44284e+09	5.99525e+09	5.64355e+09	5.88537e+09	6.67427e+09	6.67774e+09	6.67268e+09	5.69557e+09	6.04372e+09	6.38894e+09	5.52434e+09	6.41218e+09	6.52714e+09	6.44633e+09	6.80755e+09	6.1139e+09	5.26746e+09	6.14399e+09	6.08502e+09
ERR629866	7.02134e+09	6.65948e+09	6.96593e+09	6.94129e+09	6.65078e+09	7.23291e+09	6.7372e+09	6.79655e+09	6.26813e+09	6.54134e+09	6.71571e+09	6.56422e+09	5.07876e+09	5.91851e+09	4.77882e+09	6.25571e+09	5.10956e+09	5.00101e+09	6.60741e+09	5.95065e+09	6.0941e+09	5.97043e+09	5.95585e+09	5.98347e+09	6.35952e+09	6.35935e+09	6.49151e+09	6.37868e+09	6.94757e+09	6.87441e+09	7.39578e+09	6.27305e+09	7.39911e+09	6.30067e+09	6.36103e+09	7.23826e+09	7.01055e+09	6.60542e+09	6.65234e+09	5.55786e+09	7.11582e+09	5.6151e+09	6.00144e+09	6.1677e+09	6.00858e+09	6.19314e+09	6.23864e+09	5.69707e+09	6.83437e+09	6.45349e+09	6.19129e+09	7.0812e+09	6.85483e+09	7.00701e+09	6.38858e+09	5.42283e+09	6.58401e+09	5.20181e+09	5.32024e+09	6.58562e+09	6.46032e+09	6.35674e+09	6.41286e+09	5.82714e+09	6.40837e+09	6.8633e+09	6.18843e+09	6.12065e+09	6.14794e+09	6.9071e+09	6.30958e+09	6.55121e+09	6.6997e+09	5.51402e+09	6.87859e+09	6.29523e+09	6.41717e+09	6.38662e+09	5.91694e+09	5.56708e+09	5.80818e+09	6.58668e+09	6.59047e+09	6.586e+09	5.58154e+09	5.92009e+09	6.26353e+09	5.40939e+09	6.2876e+09	6.39879e+09	6.37072e+09	6.72013e+09	6.04105e+09	5.21041e+09	6.07166e+09	6.01303e+09
ERR629865	7.13364e+09	6.76497e+09	7.07809e+09	7.05166e+09	6.75681e+09	7.35094e+09	6.83705e+09	6.8974e+09	6.35715e+09	6.63778e+09	6.81508e+09	6.66061e+09	5.14706e+09	6.00409e+09	4.83974e+09	6.34894e+09	5.17925e+09	5.06862e+09	6.71245e+09	6.04083e+09	6.18774e+09	6.06178e+09	6.04552e+09	6.07427e+09	6.45239e+09	6.45281e+09	6.37868e+09	6.68027e+09	7.05617e+09	6.98193e+09	7.51355e+09	6.3633e+09	7.51679e+09	6.392e+09	6.45351e+09	7.35143e+09	7.12413e+09	6.70874e+09	6.75654e+09	5.63935e+09	7.23167e+09	5.69734e+09	6.08694e+09	6.25563e+09	6.09327e+09	6.28149e+09	6.32816e+09	5.77513e+09	6.93892e+09	6.54844e+09	6.27967e+09	7.19123e+09	6.95994e+09	7.11639e+09	6.4827e+09	5.49765e+09	6.68287e+09	5.27289e+09	5.39306e+09	6.68466e+09	6.55677e+09	6.45153e+09	6.50915e+09	5.90917e+09	6.50428e+09	6.96969e+09	6.28205e+09	6.21464e+09	6.24188e+09	7.01816e+09	6.40752e+09	6.65422e+09	6.80357e+09	5.58951e+09	6.98656e+09	6.3869e+09	6.51407e+09	6.48072e+09	6.00222e+09	5.64552e+09	5.89188e+09	6.68674e+09	6.69015e+09	6.6857e+09	5.66681e+09	6.01291e+09	6.36322e+09	5.49179e+09	6.38785e+09	6.50175e+09	6.46598e+09	6.82295e+09	6.12906e+09	5.28106e+09	6.16009e+09	6.10042e+09
ERR629862	7.86646e+09	7.461e+09	7.81931e+09	7.76684e+09	7.45146e+09	8.12057e+09	7.46689e+09	7.53914e+09	6.91919e+09	7.24804e+09	7.44288e+09	7.26534e+09	5.59461e+09	6.55813e+09	5.22881e+09	6.96153e+09	5.63081e+09	5.50613e+09	7.40995e+09	6.63935e+09	6.80869e+09	6.67182e+09	6.64209e+09	6.67509e+09	7.03187e+09	7.05401e+09	6.94757e+09	7.05617e+09	8.00427e+09	7.67841e+09	8.29329e+09	6.95025e+09	8.28934e+09	6.98431e+09	7.05383e+09	8.09389e+09	7.8555e+09	7.36895e+09	7.42665e+09	6.16349e+09	7.9775e+09	6.22986e+09	6.62474e+09	6.80663e+09	6.62235e+09	6.83536e+09	6.89047e+09	6.26593e+09	7.60575e+09	7.14026e+09	6.82844e+09	7.89272e+09	7.62918e+09	7.8041e+09	7.07136e+09	5.97102e+09	7.31626e+09	5.7226e+09	5.85299e+09	7.31694e+09	7.17683e+09	7.0603e+09	7.12698e+09	6.42117e+09	7.12131e+09	7.65851e+09	6.89467e+09	6.83517e+09	6.86633e+09	7.74628e+09	7.05557e+09	7.32536e+09	7.44874e+09	6.04051e+09	7.66256e+09	6.94044e+09	7.1076e+09	7.04816e+09	6.55742e+09	6.15909e+09	6.43072e+09	7.33035e+09	7.33404e+09	7.32705e+09	6.24793e+09	6.64722e+09	7.03897e+09	6.05833e+09	7.06483e+09	7.19756e+09	7.07052e+09	7.48966e+09	6.69062e+09	5.73116e+09	6.72514e+09	6.65779e+09
ERR629864	7.77409e+09	7.3754e+09	7.72736e+09	7.67703e+09	7.36584e+09	8.02405e+09	7.3871e+09	7.45761e+09	6.84877e+09	7.1719e+09	7.36359e+09	7.18876e+09	5.53869e+09	6.48864e+09	5.17825e+09	6.8848e+09	5.57463e+09	5.45156e+09	7.32455e+09	6.56599e+09	6.73258e+09	6.59781e+09	6.56894e+09	6.60099e+09	6.95721e+09	6.97814e+09	6.87441e+09	6.98193e+09	7.67841e+09	7.8246e+09	8.19575e+09	6.87665e+09	8.19211e+09	6.91024e+09	6.97867e+09	8.0006e+09	7.76365e+09	7.28611e+09	7.34258e+09	6.09934e+09	7.88394e+09	6.1645e+09	6.55774e+09	6.7369e+09	6.55553e+09	6.76542e+09	6.81919e+09	6.2039e+09	7.5218e+09	7.06428e+09	6.75765e+09	7.80289e+09	7.54504e+09	7.7161e+09	6.99538e+09	5.91067e+09	7.23573e+09	5.66577e+09	5.79438e+09	7.23688e+09	7.10035e+09	6.98594e+09	7.05157e+09	6.35722e+09	7.04594e+09	7.574e+09	6.81881e+09	6.75867e+09	6.78957e+09	7.65517e+09	6.97556e+09	7.24144e+09	7.3669e+09	5.98042e+09	7.5758e+09	6.86702e+09	7.03077e+09	6.97316e+09	6.4883e+09	6.0958e+09	6.36377e+09	7.24906e+09	7.25306e+09	7.24575e+09	6.17922e+09	6.57205e+09	6.9579e+09	5.99298e+09	6.98275e+09	7.11381e+09	6.99445e+09	7.40723e+09	6.62112e+09	5.67521e+09	6.65471e+09	6.58886e+09
ERR608806	8.59185e+09	8.12774e+09	8.5366e+09	8.47742e+09	8.11621e+09	8.88056e+09	8.18917e+09	8.26795e+09	7.57284e+09	7.94308e+09	8.16261e+09	7.96223e+09	6.02341e+09	7.09913e+09	5.63128e+09	7.55019e+09	6.06455e+09	5.92536e+09	7.99655e+09	7.13426e+09	7.31948e+09	7.16658e+09	7.13521e+09	7.17246e+09	7.48606e+09	7.50319e+09	7.39578e+09	7.51355e+09	8.29329e+09	8.19575e+09	9.4564e+09	7.66161e+09	9.1916e+09	7.69994e+09	7.78226e+09	8.97157e+09	8.57398e+09	8.02256e+09	8.0891e+09	6.6593e+09	8.71596e+09	6.73482e+09	7.27725e+09	7.49008e+09	7.27944e+09	7.52333e+09	7.58359e+09	6.87151e+09	8.35159e+09	7.82931e+09	7.47963e+09	8.67269e+09	8.37899e+09	8.57331e+09	7.68905e+09	6.44655e+09	7.96293e+09	6.16528e+09	6.31462e+09	7.96197e+09	7.83688e+09	7.70316e+09	7.78031e+09	6.98047e+09	7.77219e+09	8.38189e+09	7.41379e+09	7.34549e+09	7.38162e+09	8.37048e+09	7.59107e+09	7.89838e+09	8.11957e+09	6.55201e+09	8.36188e+09	7.56389e+09	7.73495e+09	7.68715e+09	7.10379e+09	6.65111e+09	6.95778e+09	7.9782e+09	7.98451e+09	7.97709e+09	6.70072e+09	7.1467e+09	7.5859e+09	6.49581e+09	7.61435e+09	7.76112e+09	7.69299e+09	8.16903e+09	7.26165e+09	6.18887e+09	7.3035e+09	7.22622e+09
ERR608810	7.15597e+09	6.78983e+09	7.10378e+09	7.07363e+09	6.78e+09	7.37545e+09	6.94653e+09	7.00374e+09	6.49622e+09	6.77058e+09	6.92841e+09	6.78458e+09	5.13045e+09	5.98346e+09	4.81297e+09	6.33542e+09	5.16183e+09	5.05198e+09	6.64221e+09	5.97362e+09	6.11746e+09	5.99387e+09	5.9749e+09	6.0049e+09	6.34416e+09	6.35219e+09	6.27305e+09	6.3633e+09	6.95025e+09	6.87665e+09	7.66161e+09	6.75246e+09	7.65602e+09	6.60061e+09	6.6631e+09	7.50521e+09	7.1804e+09	6.76792e+09	6.81794e+09	5.68811e+09	7.2895e+09	5.74928e+09	6.26955e+09	6.43047e+09	6.27092e+09	6.45399e+09	6.50059e+09	5.95344e+09	7.05211e+09	6.67209e+09	6.40856e+09	7.27788e+09	7.07129e+09	7.20831e+09	6.51402e+09	5.51354e+09	6.72215e+09	5.28435e+09	5.40738e+09	6.722e+09	6.67415e+09	6.57374e+09	6.63195e+09	6.01634e+09	6.62471e+09	7.07035e+09	6.18836e+09	6.12633e+09	6.15447e+09	6.92873e+09	6.3185e+09	6.56158e+09	6.86042e+09	5.6438e+09	7.03923e+09	6.44609e+09	6.57259e+09	6.53928e+09	6.04333e+09	5.67757e+09	5.92617e+09	6.73827e+09	6.7424e+09	6.73813e+09	5.61281e+09	5.96229e+09	6.30811e+09	5.44716e+09	6.33129e+09	6.44337e+09	6.5156e+09	6.87617e+09	6.1784e+09	5.31778e+09	6.21163e+09	6.15193e+09
ERR608807	8.58791e+09	8.11881e+09	8.52747e+09	8.47342e+09	8.10709e+09	8.87453e+09	8.19242e+09	8.2709e+09	7.57421e+09	7.94181e+09	8.16562e+09	7.96472e+09	6.02415e+09	7.10111e+09	5.63767e+09	7.54941e+09	6.065e+09	5.92596e+09	7.98936e+09	7.12879e+09	7.31373e+09	7.15896e+09	7.13054e+09	7.16776e+09	7.48967e+09	7.50254e+09	7.39911e+09	7.51679e+09	8.28934e+09	8.19211e+09	9.1916e+09	7.65602e+09	9.44487e+09	7.69452e+09	7.77714e+09	8.96719e+09	8.5666e+09	8.01731e+09	8.08282e+09	6.65231e+09	8.7089e+09	6.72708e+09	7.27546e+09	7.49161e+09	7.28046e+09	7.52491e+09	7.58484e+09	6.87205e+09	8.35092e+09	7.83172e+09	7.48308e+09	8.67519e+09	8.37904e+09	8.57534e+09	7.69628e+09	6.44924e+09	7.9654e+09	6.16721e+09	6.3177e+09	7.96496e+09	7.83352e+09	7.69855e+09	7.77559e+09	6.98171e+09	7.76742e+09	8.37765e+09	7.41531e+09	7.34289e+09	7.37895e+09	8.37008e+09	7.58824e+09	7.89899e+09	8.12057e+09	6.55952e+09	8.36295e+09	7.57256e+09	7.73908e+09	7.69579e+09	7.10159e+09	6.64842e+09	6.95661e+09	7.97861e+09	7.98491e+09	7.97775e+09	6.68714e+09	7.13139e+09	7.57315e+09	6.47995e+09	7.60133e+09	7.74777e+09	7.69561e+09	8.16874e+09	7.26306e+09	6.19081e+09	7.30503e+09	7.22775e+09
