	ERR617184	ERR617183	ERR617182	ERR617181	ERR617179	ERR617180	ERR613347	ERR613351	ERR613350	ERR613352	ERR613349	ERR613348	ERR613620	ERR613621	ERR613618	ERR613622	ERR613619	ERR613617	ERR636976	ERR636978	ERR636974	ERR636975	ERR636973	ERR636977	ERR636863	ERR636864	ERR636860	ERR636862	ERR636861	ERR636859	ERR630005	ERR630004	ERR630001	ERR630002	ERR630000	ERR630003	ERR636951	ERR636949	ERR636954	ERR636950	ERR636953	ERR636952	ERR618509	ERR618511	ERR618507	ERR618510	ERR618508	ERR618512	ERR611356	ERR611355	ERR611358	ERR611353	ERR611354	ERR611357	ERR638312	ERR638314	ERR638313	ERR638311	ERR638309	ERR638310	ERR618412	ERR618414	ERR618416	ERR618415	ERR618413	ERR618411	ERR612283	ERR612284	ERR612281	ERR612282	ERR612286	ERR612285	ERR617488	ERR617489	ERR617492	ERR617490	ERR617487	ERR617491	ERR616852	ERR616851	ERR616849	ERR616850	ERR616848	ERR616847	ERR606652	ERR606653	ERR606651	ERR606648	ERR606649	ERR606650	ERR616507	ERR616505	ERR616506	ERR616509	ERR616508	ERR616504
ERR617184	0	0.867485	0.869232	0.888462	0.893427	0.88788	0.973423	0.990595	0.993312	1.00619	0.97712	0.985944	0.97662	0.977133	0.968257	1.00911	0.972894	0.962933	0.99092	0.971102	0.997977	0.976549	0.977113	0.968092	0.944523	0.943592	0.929818	0.941783	0.927992	0.938984	0.923549	0.925103	0.926046	0.915412	0.913477	0.923355	0.954121	0.961958	0.951246	0.955978	0.953164	0.951621	0.965661	0.9599	0.95916	0.962838	0.97548	0.958123	1.11858	1.11594	1.11424	1.11895	1.12189	1.11383	0.942077	0.942165	0.941738	0.95912	0.943539	0.958434	1.10428	1.09952	1.09687	1.09781	1.09814	1.09338	1.16555	1.13121	1.1615	1.16534	1.12884	1.13131	1.09451	1.094	1.08677	1.0854	1.09333	1.08485	1.1237	1.12386	1.10631	1.12504	1.11407	1.11301	1.07737	1.0804	1.09105	1.1262	1.07798	1.0813	1.08997	1.14492	1.10629	1.0909	1.09016	1.10663
ERR617183	0.867485	0	0.828071	0.851088	0.863448	0.851024	0.934935	0.95283	0.956007	0.977597	0.942911	0.952957	0.954102	0.953927	0.95021	0.992287	0.953037	0.940994	0.967001	0.945062	0.97619	0.948875	0.949242	0.942211	0.914418	0.913455	0.893455	0.910802	0.895226	0.905944	0.898345	0.89991	0.897516	0.881847	0.879625	0.897908	0.92614	0.93404	0.922505	0.924191	0.925182	0.923568	0.939101	0.929829	0.931039	0.932607	0.952555	0.927925	1.10218	1.09172	1.09284	1.09597	1.09871	1.09285	0.912293	0.911986	0.911819	0.932334	0.914667	0.933986	1.08485	1.07644	1.07358	1.07476	1.07704	1.07115	1.12848	1.09969	1.12146	1.12772	1.09714	1.10023	1.06816	1.06758	1.06131	1.05709	1.06943	1.05622	1.10872	1.10948	1.08639	1.11063	1.09374	1.09516	1.05899	1.06172	1.07343	1.11482	1.05779	1.06195	1.06966	1.1247	1.08366	1.0705	1.06908	1.08446
ERR617182	0.869232	0.828071	0	0.851523	0.86463	0.852037	0.934506	0.952569	0.955609	0.977262	0.94279	0.952828	0.954961	0.955256	0.952436	0.993724	0.954581	0.942638	0.969445	0.947353	0.978301	0.951113	0.951898	0.945132	0.915845	0.915213	0.894673	0.912851	0.896473	0.907345	0.899894	0.901529	0.89852	0.883417	0.880835	0.899267	0.928334	0.936153	0.924682	0.926297	0.927532	0.926004	0.941419	0.931544	0.933538	0.934572	0.954033	0.929507	1.10353	1.09302	1.09429	1.09779	1.09981	1.09431	0.913795	0.913096	0.913169	0.93389	0.916244	0.93566	1.08665	1.07793	1.07524	1.07626	1.07895	1.07298	1.12878	1.10073	1.12134	1.12794	1.09822	1.10108	1.06965	1.06929	1.06295	1.05822	1.07119	1.05749	1.11036	1.11093	1.08779	1.11235	1.09511	1.09687	1.06063	1.06327	1.07485	1.11608	1.05941	1.06326	1.07148	1.1256	1.08505	1.07213	1.07071	1.08594
ERR617181	0.888462	0.851088	0.851523	0	0.879573	0.868471	0.951969	0.968358	0.971007	0.991668	0.958959	0.968778	0.969895	0.970603	0.967551	1.00686	0.970316	0.958939	0.986005	0.965306	0.994376	0.96883	0.969233	0.962915	0.933067	0.931978	0.913292	0.929703	0.915093	0.924832	0.918496	0.920094	0.916554	0.903123	0.900901	0.917601	0.944993	0.951912	0.942243	0.943616	0.944671	0.94315	0.9579	0.949015	0.950535	0.951724	0.970098	0.947012	1.11464	1.10484	1.1059	1.10885	1.11131	1.10592	0.93068	0.930234	0.930272	0.948904	0.932947	0.95053	1.09865	1.09043	1.08742	1.08839	1.09128	1.08553	1.13908	1.11196	1.13245	1.13837	1.10955	1.11253	1.08187	1.0815	1.07557	1.07155	1.08323	1.07081	1.12088	1.12147	1.09928	1.12282	1.10697	1.10814	1.07351	1.07611	1.08704	1.12679	1.07235	1.07592	1.0829	1.13545	1.09625	1.08375	1.08248	1.09722
ERR617179	0.893427	0.863448	0.86463	0.879573	0	0.879538	0.964548	0.981246	0.984252	1.00114	0.970302	0.979501	0.976408	0.976694	0.971019	1.01058	0.974249	0.963512	0.990368	0.970113	0.997816	0.974103	0.974523	0.967452	0.940228	0.939395	0.923343	0.937453	0.923478	0.933574	0.92333	0.925134	0.923772	0.911153	0.909253	0.922933	0.950831	0.958447	0.947748	0.950383	0.950134	0.948594	0.962925	0.955419	0.955504	0.958353	0.973594	0.953638	1.11813	1.11139	1.11126	1.11506	1.11779	1.11109	0.938414	0.93811	0.938231	0.955896	0.940222	0.956397	1.10296	1.09643	1.09366	1.09496	1.09592	1.09068	1.1536	1.12264	1.1478	1.15301	1.12018	1.12265	1.08996	1.0892	1.08259	1.07976	1.08978	1.07919	1.12422	1.12462	1.10433	1.12551	1.11171	1.11204	1.07754	1.07989	1.09086	1.12813	1.07692	1.08038	1.08847	1.14136	1.10279	1.08923	1.08829	1.10348
ERR617180	0.88788	0.851024	0.852037	0.868471	0.879538	0	0.952458	0.969246	0.971742	0.991846	0.959525	0.969114	0.969475	0.969501	0.966992	1.00551	0.969567	0.958103	0.984576	0.964092	0.993006	0.967979	0.968578	0.961815	0.932414	0.931539	0.913272	0.929278	0.914686	0.924905	0.917578	0.919257	0.916194	0.902617	0.900573	0.91671	0.943731	0.951137	0.940465	0.942153	0.942882	0.941757	0.956705	0.9476	0.949016	0.950816	0.968693	0.946379	1.11414	1.10495	1.1062	1.10889	1.11164	1.10586	0.929912	0.929652	0.929858	0.949036	0.932176	0.950032	1.0981	1.09014	1.08746	1.08817	1.09065	1.08517	1.1411	1.11327	1.1344	1.14017	1.11096	1.1137	1.08215	1.08141	1.07568	1.07149	1.08353	1.07096	1.12063	1.12135	1.09933	1.12249	1.10664	1.10797	1.07273	1.0757	1.08666	1.12594	1.07154	1.07558	1.08268	1.13504	1.09623	1.08334	1.08228	1.09662
ERR613347	0.973423	0.934935	0.934506	0.951969	0.964548	0.952458	0	0.775251	0.779101	0.814861	0.76201	0.776503	0.977331	0.977637	0.979085	1.01539	0.981658	0.967897	0.981197	0.9608	0.991114	0.96216	0.963287	0.958627	0.935238	0.934516	0.912046	0.931983	0.916631	0.925299	0.925992	0.926893	0.921853	0.905185	0.902377	0.924238	0.944195	0.950339	0.940425	0.939628	0.943376	0.941868	0.961293	0.949371	0.952821	0.952544	0.975162	0.947255	1.07826	1.06109	1.06456	1.06696	1.06877	1.06438	0.938356	0.937898	0.937395	0.957751	0.940906	0.96139	1.0579	1.04434	1.0412	1.04252	1.04803	1.04117	1.08626	1.05567	1.07743	1.08507	1.05371	1.05692	1.03974	1.03925	1.03425	1.0281	1.04429	1.02652	1.09022	1.09082	1.06326	1.09271	1.07052	1.07482	1.03521	1.03817	1.04971	1.09863	1.03256	1.03642	1.04613	1.10002	1.05862	1.04663	1.04504	1.0595
ERR613351	0.990595	0.95283	0.952569	0.968358	0.981246	0.969246	0.775251	0	0.794476	0.82932	0.787136	0.799725	0.995578	0.995723	0.99886	1.03212	1.00064	0.987221	0.999992	0.981368	1.00945	0.982156	0.983199	0.979421	0.953448	0.952537	0.931421	0.950278	0.936091	0.943313	0.94402	0.944967	0.939392	0.923694	0.920834	0.942755	0.963012	0.967848	0.959696	0.957692	0.962498	0.961048	0.980663	0.968422	0.973138	0.971415	0.994001	0.966681	1.09396	1.07622	1.08013	1.08184	1.08316	1.07997	0.95463	0.953779	0.953618	0.972864	0.957199	0.97634	1.07529	1.06123	1.05839	1.05934	1.06562	1.05929	1.0934	1.06788	1.08482	1.09237	1.06583	1.06902	1.05606	1.05539	1.05125	1.04499	1.06079	1.04362	1.10583	1.10689	1.07974	1.10815	1.08645	1.09153	1.05446	1.05745	1.06813	1.11576	1.0515	1.05495	1.06346	1.11276	1.07445	1.06381	1.06206	1.07533
ERR613350	0.993312	0.956007	0.955609	0.971007	0.984252	0.971742	0.779101	0.794476	0	0.832036	0.790961	0.803536	0.999636	0.999781	1.0034	1.03626	1.00506	0.991757	1.00377	0.985697	1.01316	0.986189	0.987396	0.983605	0.95659	0.955952	0.934947	0.953731	0.939862	0.947018	0.947597	0.94828	0.94235	0.927141	0.924659	0.945966	0.966052	0.971188	0.962965	0.960892	0.965776	0.96423	0.984059	0.971738	0.97617	0.974352	0.997164	0.969991	1.09652	1.07848	1.08249	1.08402	1.08547	1.0825	0.957776	0.956989	0.957239	0.975697	0.960104	0.979197	1.07796	1.06386	1.06094	1.06206	1.06841	1.06207	1.09443	1.06968	1.08587	1.09327	1.06789	1.07098	1.05863	1.05788	1.05376	1.04801	1.0635	1.04649	1.10864	1.10939	1.08221	1.11074	1.08912	1.0941	1.05845	1.06135	1.07177	1.11893	1.05541	1.05892	1.06641	1.11474	1.07701	1.06657	1.06504	1.07791
ERR613352	1.00619	0.977597	0.977262	0.991668	1.00114	0.991846	0.814861	0.82932	0.832036	0	0.822216	0.832751	1.01403	1.01402	1.01475	1.04593	1.01643	1.00553	1.01937	1.00297	1.02689	1.00485	1.00577	1.00075	0.975778	0.975091	0.958865	0.973041	0.960975	0.968201	0.961139	0.961485	0.9592	0.947207	0.94488	0.959836	0.984553	0.989629	0.981665	0.981712	0.984048	0.982553	1.00189	0.992562	0.995327	0.995216	1.013	0.990929	1.10998	1.09799	1.09957	1.10234	1.10378	1.09933	0.974394	0.973489	0.973914	0.990217	0.976644	0.99272	1.09318	1.08279	1.07971	1.08087	1.0848	1.07949	1.12576	1.09695	1.11975	1.12515	1.09489	1.09776	1.07923	1.07903	1.07433	1.06997	1.08207	1.06908	1.12128	1.12153	1.09928	1.12276	1.10563	1.10866	1.0725	1.07502	1.08467	1.1261	1.07078	1.07371	1.08203	1.12906	1.09394	1.08252	1.08169	1.09439
ERR613349	0.97712	0.942911	0.94279	0.958959	0.970302	0.959525	0.76201	0.787136	0.790961	0.822216	0	0.786435	0.983392	0.983552	0.983625	1.0201	0.986501	0.97339	0.986467	0.96678	0.995591	0.968634	0.969959	0.964541	0.941815	0.940729	0.920457	0.938812	0.923739	0.932633	0.930816	0.931634	0.927508	0.912251	0.909584	0.929191	0.950212	0.95637	0.947089	0.947042	0.94996	0.948476	0.967992	0.956942	0.959523	0.959744	0.980591	0.954766	1.08236	1.06772	1.06996	1.07286	1.07489	1.06993	0.943708	0.943251	0.942826	0.962687	0.945973	0.965436	1.0629	1.0509	1.04774	1.04881	1.05371	1.04707	1.09705	1.06449	1.08962	1.09615	1.0624	1.06569	1.04712	1.04632	1.04143	1.03626	1.05041	1.03495	1.09409	1.09463	1.06868	1.09584	1.0762	1.07954	1.03989	1.04313	1.05417	1.10147	1.03772	1.04138	1.05113	1.10496	1.06422	1.05163	1.0504	1.06543
ERR613348	0.985944	0.952957	0.952828	0.968778	0.979501	0.969114	0.776503	0.799725	0.803536	0.832751	0.786435	0	0.9927	0.992703	0.99313	1.02817	0.995594	0.983112	0.996537	0.978285	1.00554	0.979692	0.981052	0.975768	0.951526	0.950628	0.931553	0.948697	0.93472	0.942969	0.939739	0.940195	0.9369	0.922173	0.919726	0.938477	0.960805	0.966421	0.95714	0.957014	0.959925	0.958392	0.977951	0.967738	0.970624	0.970665	0.990139	0.965897	1.0904	1.07635	1.07872	1.08123	1.08313	1.07863	0.953124	0.952618	0.952368	0.970935	0.955596	0.973376	1.07199	1.06012	1.05722	1.05847	1.06291	1.05689	1.1053	1.07384	1.09809	1.10418	1.07163	1.07492	1.05661	1.05626	1.05086	1.04607	1.05989	1.04484	1.10227	1.10304	1.07783	1.10449	1.08486	1.08815	1.05006	1.05279	1.06357	1.10876	1.04756	1.05115	1.06095	1.11239	1.07324	1.06109	1.06006	1.07404
ERR613620	0.97662	0.954102	0.954961	0.969895	0.976408	0.969475	0.977331	0.995578	0.999636	1.01403	0.983392	0.9927	0	0.814967	0.812395	0.842926	0.815003	0.807358	0.967913	0.948477	0.974476	0.952306	0.953017	0.94607	0.941127	0.940181	0.928197	0.938605	0.927263	0.936863	0.947236	0.947959	0.946787	0.93458	0.932944	0.947155	0.953408	0.961456	0.951338	0.954426	0.952829	0.951909	0.973	0.965732	0.965545	0.969404	0.981509	0.965335	1.12598	1.11887	1.11899	1.12242	1.12479	1.11899	0.943094	0.942482	0.942589	0.959788	0.944192	0.959993	1.10829	1.10193	1.09932	1.0998	1.10192	1.09592	1.15663	1.12076	1.15106	1.15619	1.11859	1.1212	1.10161	1.1012	1.0945	1.09175	1.10202	1.09132	1.13094	1.1318	1.11157	1.13271	1.11889	1.11945	1.01811	1.02033	1.03043	1.06476	1.01775	1.02157	1.10188	1.15495	1.11634	1.10298	1.10206	1.11724
ERR613621	0.977133	0.953927	0.955256	0.970603	0.976694	0.969501	0.977637	0.995723	0.999781	1.01402	0.983552	0.992703	0.814967	0	0.813228	0.84302	0.815789	0.808246	0.969048	0.949493	0.975772	0.95355	0.954165	0.946881	0.941096	0.939782	0.927935	0.938527	0.927423	0.936517	0.947648	0.9488	0.947075	0.935146	0.933467	0.947339	0.954338	0.962338	0.952092	0.955299	0.953701	0.952582	0.974314	0.966865	0.966822	0.970823	0.983339	0.966161	1.12731	1.12007	1.11991	1.12351	1.12582	1.11999	0.943674	0.942952	0.943062	0.960424	0.944572	0.960008	1.1096	1.10342	1.10044	1.10137	1.10343	1.09741	1.1575	1.12209	1.15175	1.15676	1.11965	1.12222	1.10287	1.10256	1.09583	1.09326	1.10345	1.09265	1.13256	1.13331	1.11325	1.13429	1.12031	1.12086	1.01928	1.0217	1.03193	1.06644	1.01908	1.0231	1.1032	1.15562	1.11758	1.10398	1.10316	1.11854
ERR613618	0.968257	0.95021	0.952436	0.967551	0.971019	0.966992	0.979085	0.99886	1.0034	1.01475	0.983625	0.99313	0.812395	0.813228	0	0.839533	0.8045	0.796375	0.957896	0.937066	0.964158	0.942138	0.942981	0.934367	0.934681	0.932917	0.922455	0.931888	0.919793	0.930875	0.938562	0.939631	0.94	0.92859	0.926315	0.938497	0.94718	0.956179	0.944625	0.949613	0.946484	0.945521	0.964207	0.958474	0.956211	0.962683	0.972344	0.958038	1.11849	1.11487	1.11352	1.11784	1.12094	1.11311	0.936451	0.936283	0.935636	0.953709	0.937313	0.952712	1.10105	1.09693	1.09385	1.09466	1.09542	1.08936	1.16253	1.12163	1.15815	1.16202	1.11881	1.12138	1.09781	1.09769	1.08985	1.08851	1.0968	1.08804	1.12345	1.12383	1.1055	1.12502	1.11301	1.11216	1.00931	1.01205	1.02276	1.05648	1.01022	1.01388	1.09495	1.15123	1.11155	1.09593	1.09549	1.11231
ERR613622	1.00911	0.992287	0.993724	1.00686	1.01058	1.00551	1.01539	1.03212	1.03626	1.04593	1.0201	1.02817	0.842926	0.84302	0.839533	0	0.841662	0.837623	1.00042	0.983147	1.00568	0.987131	0.987974	0.980805	0.977701	0.976107	0.968182	0.975318	0.966212	0.974819	0.984613	0.984911	0.984988	0.975914	0.973829	0.984354	0.988208	0.995175	0.986609	0.990018	0.987725	0.986679	1.00766	1.00202	1.00142	1.00579	1.01463	1.00159	1.1494	1.14492	1.14431	1.14778	1.14997	1.14412	0.982141	0.981664	0.981236	0.996672	0.982997	0.995607	1.13319	1.12868	1.1261	1.1265	1.12782	1.12247	1.18491	1.1496	1.1803	1.1842	1.14739	1.14963	1.12946	1.12912	1.12281	1.12095	1.12907	1.12011	1.15383	1.15436	1.13756	1.15534	1.14424	1.1438	1.03882	1.04119	1.04969	1.07821	1.03928	1.0429	1.12811	1.17712	1.14206	1.12915	1.12864	1.14316
ERR613619	0.972894	0.953037	0.954581	0.970316	0.974249	0.969567	0.981658	1.00064	1.00506	1.01643	0.986501	0.995594	0.815003	0.815789	0.8045	0.841662	0	0.801265	0.962962	0.943307	0.96912	0.947749	0.948617	0.940292	0.937705	0.936398	0.925931	0.935368	0.92394	0.934243	0.942136	0.942635	0.943425	0.932503	0.930174	0.941989	0.951297	0.959597	0.948546	0.952776	0.950048	0.948951	0.968833	0.962913	0.961202	0.967123	0.976731	0.962309	1.12291	1.11873	1.11767	1.12187	1.12466	1.11759	0.940041	0.939522	0.939082	0.956664	0.940531	0.9562	1.10547	1.10095	1.0978	1.09864	1.09946	1.09381	1.16517	1.1251	1.16021	1.16443	1.12258	1.12511	1.10174	1.10163	1.09409	1.0923	1.10107	1.09183	1.12814	1.12846	1.1098	1.12964	1.11731	1.11684	1.01421	1.01689	1.02712	1.05958	1.01466	1.01865	1.09929	1.15386	1.11492	1.10012	1.09964	1.11588
ERR613617	0.962933	0.940994	0.942638	0.958939	0.963512	0.958103	0.967897	0.987221	0.991757	1.00553	0.97339	0.983112	0.807358	0.808246	0.796375	0.837623	0.801265	0	0.951849	0.930269	0.958445	0.93486	0.93554	0.927526	0.926945	0.925361	0.913187	0.92394	0.911466	0.92233	0.93128	0.931977	0.931531	0.919369	0.917073	0.931019	0.939882	0.948584	0.937219	0.941407	0.939043	0.93789	0.957673	0.950977	0.949207	0.955112	0.966088	0.950152	1.1141	1.10833	1.10771	1.11155	1.11443	1.10764	0.927926	0.927699	0.927523	0.94627	0.929122	0.94605	1.09608	1.09064	1.08737	1.08828	1.08981	1.08353	1.15218	1.11261	1.1469	1.15149	1.10989	1.11287	1.09084	1.09059	1.08313	1.08112	1.09059	1.08036	1.11928	1.11981	1.09954	1.12093	1.10749	1.10719	1.00591	1.00874	1.01941	1.05553	1.00638	1.01062	1.08943	1.14596	1.1055	1.09065	1.08985	1.10674
ERR636976	0.99092	0.967001	0.969445	0.986005	0.990368	0.984576	0.981197	0.999992	1.00377	1.01937	0.986467	0.996537	0.967913	0.969048	0.957896	1.00042	0.962962	0.951849	0	0.779681	0.805739	0.786181	0.786816	0.77696	0.896289	0.895359	0.882284	0.89394	0.880698	0.891217	0.931099	0.931574	0.931872	0.920032	0.917441	0.930483	0.894355	0.903463	0.89001	0.895593	0.892904	0.891471	0.939575	0.932184	0.931807	0.936467	0.949541	0.930692	1.11419	1.10926	1.10826	1.11265	1.11519	1.10811	0.925057	0.924342	0.923709	0.942387	0.926373	0.942792	1.09778	1.09219	1.08953	1.0902	1.09095	1.08576	1.16283	1.12778	1.15798	1.16236	1.1252	1.1279	1.09187	1.09207	1.08428	1.08217	1.09127	1.08123	1.11877	1.11915	1.09937	1.12041	1.10731	1.10663	1.06243	1.06483	1.07588	1.11275	1.0624	1.06552	1.09028	1.14571	1.10619	1.0912	1.09072	1.10696
ERR636978	0.971102	0.945062	0.947353	0.965306	0.970113	0.964092	0.9608	0.981368	0.985697	1.00297	0.96678	0.978285	0.948477	0.949493	0.937066	0.983147	0.943307	0.930269	0.779681	0	0.790156	0.765376	0.766885	0.754214	0.874381	0.873609	0.857655	0.872054	0.856183	0.868735	0.910015	0.910707	0.910708	0.89703	0.894573	0.90898	0.872626	0.883026	0.867839	0.87341	0.871076	0.868923	0.918794	0.91084	0.909663	0.915714	0.929291	0.909498	1.09799	1.09282	1.09168	1.09613	1.09906	1.09132	0.903866	0.903223	0.902536	0.923581	0.905193	0.923638	1.08057	1.07473	1.0719	1.0725	1.07353	1.06788	1.14946	1.11224	1.1442	1.14927	1.10923	1.11245	1.07453	1.07439	1.06625	1.0639	1.07373	1.06296	1.10271	1.10306	1.08197	1.10468	1.0906	1.08998	1.04342	1.04624	1.05811	1.09753	1.04334	1.0468	1.07284	1.13193	1.08978	1.07375	1.07302	1.09054
ERR636974	0.997977	0.97619	0.978301	0.994376	0.997816	0.993006	0.991114	1.00945	1.01316	1.02689	0.995591	1.00554	0.974476	0.975772	0.964158	1.00568	0.96912	0.958445	0.805739	0.790156	0	0.792003	0.793376	0.788195	0.905478	0.904384	0.893122	0.903185	0.890575	0.901043	0.938451	0.939073	0.939697	0.928743	0.926609	0.938326	0.903554	0.912186	0.899214	0.904916	0.902452	0.900621	0.946736	0.940808	0.939228	0.944804	0.95628	0.939185	1.11999	1.11603	1.11511	1.11907	1.12227	1.11464	0.932836	0.93243	0.931744	0.949284	0.933974	0.949491	1.10348	1.09906	1.09637	1.09718	1.0975	1.09261	1.17158	1.13596	1.16713	1.17128	1.13348	1.13616	1.09946	1.09943	1.0921	1.08982	1.09848	1.08928	1.12387	1.12437	1.10578	1.12547	1.11352	1.1122	1.06788	1.07035	1.08141	1.11697	1.06828	1.07151	1.09621	1.15071	1.11226	1.09733	1.09672	1.11288
ERR636975	0.976549	0.948875	0.951113	0.96883	0.974103	0.967979	0.96216	0.982156	0.986189	1.00485	0.968634	0.979692	0.952306	0.95355	0.942138	0.987131	0.947749	0.93486	0.786181	0.765376	0.792003	0	0.767714	0.762286	0.878328	0.877503	0.861404	0.87582	0.860451	0.872306	0.914876	0.91565	0.914592	0.90055	0.898033	0.914005	0.876958	0.886779	0.872681	0.876926	0.875399	0.873604	0.922593	0.914245	0.913521	0.918713	0.932991	0.912883	1.10175	1.09496	1.09511	1.09861	1.1017	1.09462	0.907346	0.906678	0.90623	0.926477	0.908801	0.927583	1.08419	1.07794	1.075	1.07569	1.07684	1.07102	1.14863	1.11288	1.14268	1.14793	1.11014	1.11326	1.07684	1.07673	1.06941	1.06613	1.07682	1.06551	1.10673	1.10731	1.08531	1.10853	1.09357	1.09338	1.04715	1.04995	1.0618	1.1014	1.04692	1.05012	1.07646	1.13403	1.09266	1.07765	1.07679	1.09357
ERR636973	0.977113	0.949242	0.951898	0.969233	0.974523	0.968578	0.963287	0.983199	0.987396	1.00577	0.969959	0.981052	0.953017	0.954165	0.942981	0.987974	0.948617	0.93554	0.786816	0.766885	0.793376	0.767714	0	0.763643	0.879668	0.87941	0.863305	0.877307	0.862304	0.874157	0.916708	0.917237	0.916096	0.902381	0.899402	0.915455	0.877767	0.887971	0.873461	0.878444	0.876893	0.875078	0.923692	0.915892	0.914922	0.920167	0.934528	0.914553	1.10207	1.0952	1.09509	1.09882	1.10193	1.09481	0.908848	0.908335	0.907915	0.927881	0.910351	0.929023	1.08443	1.07828	1.07526	1.07594	1.07755	1.07152	1.14863	1.11281	1.14298	1.14804	1.11023	1.11333	1.07762	1.07746	1.07008	1.06706	1.07742	1.06628	1.10716	1.1077	1.08597	1.1089	1.09392	1.09394	1.04791	1.05061	1.06265	1.10198	1.04761	1.05127	1.07703	1.13459	1.09335	1.07818	1.07733	1.09424
ERR636977	0.968092	0.942211	0.945132	0.962915	0.967452	0.961815	0.958627	0.979421	0.983605	1.00075	0.964541	0.975768	0.94607	0.946881	0.934367	0.980805	0.940292	0.927526	0.77696	0.754214	0.788195	0.762286	0.763643	0	0.871521	0.870601	0.854757	0.869087	0.85299	0.865968	0.907441	0.908054	0.907982	0.894529	0.891836	0.906421	0.869359	0.880024	0.865441	0.870884	0.868094	0.865919	0.915327	0.907829	0.906884	0.912382	0.926134	0.906244	1.09579	1.09102	1.09021	1.09434	1.09769	1.08976	0.901139	0.900462	0.899713	0.920828	0.902168	0.921175	1.07828	1.07275	1.06973	1.07064	1.07149	1.06575	1.14882	1.11088	1.14355	1.14827	1.10822	1.11104	1.0727	1.07254	1.06445	1.0618	1.07174	1.06138	1.10063	1.10117	1.07996	1.1025	1.08863	1.08767	1.04091	1.04373	1.056	1.09549	1.04114	1.04462	1.07069	1.13031	1.08798	1.07158	1.07076	1.08876
ERR636863	0.944523	0.914418	0.915845	0.933067	0.940228	0.932414	0.935238	0.953448	0.95659	0.975778	0.941815	0.951526	0.941127	0.941096	0.934681	0.977701	0.937705	0.926945	0.896289	0.874381	0.905478	0.878328	0.879668	0.871521	0	0.771687	0.75555	0.769533	0.755874	0.76683	0.887284	0.888084	0.887544	0.874957	0.872639	0.88731	0.846702	0.8559	0.841533	0.846095	0.844337	0.842551	0.897204	0.887584	0.888223	0.891142	0.908874	0.885908	1.11479	1.10644	1.10723	1.11087	1.11333	1.10709	0.889501	0.888602	0.888184	0.906938	0.891698	0.908569	1.09733	1.08964	1.08663	1.08752	1.08981	1.08396	1.15	1.11839	1.14366	1.14942	1.11597	1.11895	1.08665	1.08674	1.07984	1.07597	1.08763	1.07538	1.11904	1.12001	1.09788	1.12126	1.10558	1.10629	1.05936	1.06188	1.07373	1.11229	1.05869	1.06207	1.0812	1.13708	1.09609	1.08212	1.08071	1.09683
ERR636864	0.943592	0.913455	0.915213	0.931978	0.939395	0.931539	0.934516	0.952537	0.955952	0.975091	0.940729	0.950628	0.940181	0.939782	0.932917	0.976107	0.936398	0.925361	0.895359	0.873609	0.904384	0.877503	0.87941	0.870601	0.771687	0	0.753998	0.768247	0.754348	0.765823	0.885453	0.886318	0.886147	0.873341	0.871299	0.885325	0.84639	0.855059	0.841033	0.845529	0.84372	0.841972	0.89657	0.8872	0.887292	0.890689	0.908074	0.885009	1.11426	1.10614	1.10679	1.11037	1.11286	1.10663	0.887986	0.8873	0.886571	0.905459	0.890271	0.907628	1.09636	1.08919	1.08619	1.08692	1.08902	1.08322	1.15056	1.11836	1.14388	1.15009	1.11606	1.11907	1.08645	1.08627	1.07979	1.07582	1.08723	1.07499	1.11861	1.11913	1.09723	1.12044	1.10501	1.10538	1.0584	1.06105	1.07272	1.11163	1.05779	1.06139	1.08063	1.13682	1.09548	1.08131	1.08034	1.09655
ERR636860	0.929818	0.893455	0.894673	0.913292	0.923343	0.913272	0.912046	0.931421	0.934947	0.958865	0.920457	0.931553	0.928197	0.927935	0.922455	0.968182	0.925931	0.913187	0.882284	0.857655	0.893122	0.861404	0.863305	0.854757	0.75555	0.753998	0	0.751177	0.728991	0.742062	0.873227	0.874384	0.871944	0.856192	0.85401	0.873183	0.830613	0.840508	0.825262	0.828125	0.828667	0.826356	0.881317	0.869417	0.871035	0.873727	0.894343	0.867594	1.1013	1.09016	1.0919	1.09494	1.09746	1.09186	0.87378	0.873063	0.872577	0.89401	0.875992	0.896937	1.08241	1.07323	1.07017	1.07092	1.07405	1.06751	1.12989	1.09878	1.12181	1.12867	1.09689	1.10013	1.06965	1.06909	1.06274	1.05753	1.07131	1.05695	1.10629	1.10721	1.08255	1.10856	1.09081	1.09213	1.04566	1.04849	1.06073	1.10324	1.0445	1.04824	1.06605	1.12398	1.08087	1.06686	1.06552	1.08187
ERR636862	0.941783	0.910802	0.912851	0.929703	0.937453	0.929278	0.931983	0.950278	0.953731	0.973041	0.938812	0.948697	0.938605	0.938527	0.931888	0.975318	0.935368	0.92394	0.89394	0.872054	0.903185	0.87582	0.877307	0.869087	0.769533	0.768247	0.751177	0	0.751626	0.76329	0.884532	0.885192	0.884801	0.871935	0.869876	0.884664	0.844358	0.853329	0.839403	0.843458	0.841749	0.84005	0.894602	0.884962	0.885045	0.888595	0.90633	0.882841	1.11294	1.10457	1.10542	1.10881	1.11119	1.10532	0.886542	0.885991	0.885511	0.904385	0.888794	0.906187	1.09503	1.0876	1.08447	1.08532	1.08753	1.08178	1.14864	1.11663	1.14199	1.14779	1.1144	1.1175	1.08471	1.08466	1.07798	1.07393	1.08556	1.07343	1.11737	1.11828	1.09619	1.11966	1.10377	1.10456	1.05702	1.05973	1.07139	1.11025	1.05621	1.05991	1.07932	1.13536	1.09453	1.08004	1.07888	1.09496
ERR636861	0.927992	0.895226	0.896473	0.915093	0.923478	0.914686	0.916631	0.936091	0.939862	0.960975	0.923739	0.93472	0.927263	0.927423	0.919793	0.966212	0.92394	0.911466	0.880698	0.856183	0.890575	0.860451	0.862304	0.85299	0.755874	0.754348	0.728991	0.751626	0	0.743453	0.871553	0.872661	0.871799	0.856845	0.854576	0.871506	0.829972	0.840393	0.825189	0.829443	0.82818	0.826191	0.881344	0.870737	0.871306	0.874933	0.89378	0.868535	1.1002	1.09155	1.09211	1.09597	1.09837	1.09219	0.873654	0.873438	0.872855	0.893727	0.876199	0.89612	1.08183	1.07358	1.0704	1.07121	1.07364	1.06744	1.13651	1.10324	1.12949	1.13576	1.10091	1.10408	1.07082	1.07055	1.06354	1.05947	1.07183	1.05872	1.10472	1.10573	1.08239	1.10702	1.09062	1.09143	1.04434	1.04731	1.05945	1.10089	1.04353	1.04707	1.06525	1.12465	1.08107	1.0662	1.06487	1.08191
ERR636859	0.938984	0.905944	0.907345	0.924832	0.933574	0.924905	0.925299	0.943313	0.947018	0.968201	0.932633	0.942969	0.936863	0.936517	0.930875	0.974819	0.934243	0.92233	0.891217	0.868735	0.901043	0.872306	0.874157	0.865968	0.76683	0.765823	0.742062	0.76329	0.743453	0	0.88236	0.883314	0.882003	0.867763	0.865673	0.88236	0.840587	0.849615	0.835767	0.839338	0.838726	0.836886	0.891649	0.881227	0.882416	0.884797	0.904198	0.879602	1.11017	1.10039	1.10157	1.10469	1.10703	1.10145	0.883754	0.883075	0.88225	0.902173	0.885914	0.904759	1.09211	1.08348	1.08055	1.08112	1.08396	1.07788	1.1413	1.11044	1.13389	1.14042	1.10833	1.1114	1.07988	1.08001	1.07331	1.06892	1.08133	1.06853	1.11454	1.11544	1.09228	1.11672	1.10055	1.10135	1.05535	1.05798	1.06963	1.11026	1.05413	1.05785	1.07566	1.13205	1.09026	1.07645	1.07515	1.09109
ERR630005	0.923549	0.898345	0.899894	0.918496	0.92333	0.917578	0.925992	0.94402	0.947597	0.961139	0.930816	0.939739	0.947236	0.947648	0.938562	0.984613	0.942136	0.93128	0.931099	0.910015	0.938451	0.914876	0.916708	0.907441	0.887284	0.885453	0.873227	0.884532	0.871553	0.88236	0	0.804681	0.808208	0.79439	0.792261	0.803014	0.904162	0.912309	0.899678	0.904445	0.902051	0.900465	0.911264	0.904183	0.903265	0.907309	0.921814	0.901846	1.10616	1.1005	1.09974	1.10421	1.10681	1.0997	0.868826	0.868721	0.868469	0.887242	0.871343	0.887627	1.08976	1.08387	1.081	1.08171	1.0829	1.07761	1.15941	1.12241	1.15373	1.1585	1.11994	1.12264	1.08148	1.08115	1.07371	1.07107	1.08084	1.07021	1.11028	1.11049	1.09033	1.11183	1.09804	1.09787	1.04922	1.05205	1.06354	1.10162	1.04907	1.05241	1.07886	1.13591	1.09483	1.07987	1.07919	1.09586
ERR630004	0.925103	0.89991	0.901529	0.920094	0.925134	0.919257	0.926893	0.944967	0.94828	0.961485	0.931634	0.940195	0.947959	0.9488	0.939631	0.984911	0.942635	0.931977	0.931574	0.910707	0.939073	0.91565	0.917237	0.908054	0.888084	0.886318	0.874384	0.885192	0.872661	0.883314	0.804681	0	0.80948	0.795586	0.792883	0.803696	0.905053	0.91347	0.900413	0.90574	0.903081	0.901539	0.912377	0.905522	0.904515	0.90895	0.922933	0.903411	1.10722	1.10161	1.10111	1.1053	1.10805	1.10096	0.869948	0.869427	0.86942	0.888369	0.872469	0.888682	1.09118	1.08514	1.08234	1.08296	1.0843	1.07897	1.16064	1.12342	1.15501	1.15985	1.12076	1.1237	1.08252	1.0824	1.0749	1.07221	1.08212	1.07175	1.11139	1.11199	1.09119	1.113	1.09925	1.09888	1.04983	1.05278	1.06415	1.1022	1.04978	1.05314	1.08033	1.13712	1.09655	1.08132	1.08057	1.09738
ERR630001	0.926046	0.897516	0.89852	0.916554	0.923772	0.916194	0.921853	0.939392	0.94235	0.9592	0.927508	0.9369	0.946787	0.947075	0.94	0.984988	0.943425	0.931531	0.931872	0.910708	0.939697	0.914592	0.916096	0.907982	0.887544	0.886147	0.871944	0.884801	0.871799	0.882003	0.808208	0.80948	0	0.791503	0.788987	0.807224	0.9041	0.911815	0.899977	0.90377	0.902662	0.901051	0.911667	0.903134	0.903391	0.906886	0.922757	0.901162	1.10575	1.09818	1.09829	1.10185	1.10435	1.09821	0.869123	0.86893	0.868915	0.888375	0.87182	0.888844	1.08935	1.0822	1.07934	1.07986	1.08213	1.07658	1.15123	1.11668	1.1451	1.15043	1.11408	1.1169	1.07892	1.07895	1.07191	1.0685	1.07965	1.06756	1.11059	1.11086	1.08912	1.11204	1.09678	1.09735	1.04919	1.05167	1.06315	1.10332	1.04823	1.05171	1.07903	1.13549	1.09435	1.07983	1.07885	1.09535
ERR630002	0.915412	0.881847	0.883417	0.903123	0.911153	0.902617	0.905185	0.923694	0.927141	0.947207	0.912251	0.922173	0.93458	0.935146	0.92859	0.975914	0.932503	0.919369	0.920032	0.89703	0.928743	0.90055	0.902381	0.894529	0.874957	0.873341	0.856192	0.871935	0.856845	0.867763	0.79439	0.795586	0.791503	0	0.771267	0.793665	0.891382	0.899515	0.886852	0.890059	0.89014	0.888025	0.89927	0.889608	0.889926	0.89355	0.911453	0.887794	1.09555	1.08566	1.08664	1.09002	1.09255	1.08638	0.856218	0.855227	0.855806	0.877131	0.859212	0.878449	1.07839	1.0698	1.06677	1.06771	1.07041	1.06417	1.13753	1.10283	1.13018	1.13641	1.10066	1.10359	1.06594	1.06571	1.05869	1.05473	1.06687	1.05378	1.10094	1.1018	1.07781	1.1029	1.08564	1.08663	1.03783	1.04054	1.05241	1.09521	1.03658	1.04032	1.06749	1.12526	1.08286	1.06846	1.06718	1.08391
ERR630000	0.913477	0.879625	0.880835	0.900901	0.909253	0.900573	0.902377	0.920834	0.924659	0.94488	0.909584	0.919726	0.932944	0.933467	0.926315	0.973829	0.930174	0.917073	0.917441	0.894573	0.926609	0.898033	0.899402	0.891836	0.872639	0.871299	0.85401	0.869876	0.854576	0.865673	0.792261	0.792883	0.788987	0.771267	0	0.791323	0.889355	0.89752	0.884803	0.887657	0.887632	0.885527	0.897375	0.887812	0.887689	0.891383	0.90963	0.885806	1.09375	1.08378	1.08492	1.08812	1.09082	1.08475	0.854263	0.853414	0.853847	0.875325	0.856996	0.876955	1.07654	1.068	1.06511	1.06591	1.06851	1.06235	1.13567	1.10107	1.12846	1.13486	1.09842	1.10152	1.06395	1.06392	1.05687	1.05283	1.06518	1.05189	1.09925	1.0996	1.07553	1.10072	1.08388	1.08493	1.03578	1.03873	1.05057	1.09355	1.03446	1.03784	1.06601	1.12387	1.0811	1.06681	1.06569	1.08233
ERR630003	0.923355	0.897908	0.899267	0.917601	0.922933	0.91671	0.924238	0.942755	0.945966	0.959836	0.929191	0.938477	0.947155	0.947339	0.938497	0.984354	0.941989	0.931019	0.930483	0.90898	0.938326	0.914005	0.915455	0.906421	0.88731	0.885325	0.873183	0.884664	0.871506	0.88236	0.803014	0.803696	0.807224	0.793665	0.791323	0	0.904002	0.91247	0.899357	0.904464	0.901902	0.900119	0.911297	0.903817	0.902363	0.907107	0.921421	0.901688	1.10502	1.09927	1.09875	1.10281	1.1054	1.09823	0.869184	0.868893	0.868798	0.887696	0.871934	0.888172	1.08874	1.08272	1.0797	1.08033	1.0815	1.07634	1.15795	1.12084	1.15211	1.15704	1.11822	1.12096	1.07991	1.08009	1.07235	1.0699	1.07979	1.06917	1.10907	1.10969	1.08864	1.11078	1.09667	1.09633	1.04871	1.05132	1.06291	1.10139	1.04828	1.05145	1.07805	1.13514	1.09413	1.07883	1.07809	1.09486
ERR636951	0.954121	0.92614	0.928334	0.944993	0.950831	0.943731	0.944195	0.963012	0.966052	0.984553	0.950212	0.960805	0.953408	0.954338	0.94718	0.988208	0.951297	0.939882	0.894355	0.872626	0.903554	0.876958	0.877767	0.869359	0.846702	0.84639	0.830613	0.844358	0.829972	0.840587	0.904162	0.905053	0.9041	0.891382	0.889355	0.904002	0	0.801907	0.788683	0.791382	0.791739	0.789535	0.909658	0.900613	0.900943	0.904748	0.920969	0.898629	1.10357	1.09631	1.0965	1.10024	1.10314	1.0963	0.916106	0.916111	0.91556	0.933302	0.917592	0.933898	1.08844	1.08156	1.07846	1.07917	1.08121	1.07529	1.1507	1.11402	1.14487	1.15002	1.11162	1.11454	1.07785	1.07771	1.07036	1.06736	1.07787	1.06669	1.10836	1.10929	1.08725	1.11059	1.09555	1.09562	1.05662	1.05921	1.0707	1.10977	1.05613	1.05973	1.07752	1.13423	1.09345	1.07822	1.07753	1.09409
ERR636949	0.961958	0.93404	0.936153	0.951912	0.958447	0.951137	0.950339	0.967848	0.971188	0.989629	0.95637	0.966421	0.961456	0.962338	0.956179	0.995175	0.959597	0.948584	0.903463	0.883026	0.912186	0.886779	0.887971	0.880024	0.8559	0.855059	0.840508	0.853329	0.840393	0.849615	0.912309	0.91347	0.911815	0.899515	0.89752	0.91247	0.801907	0	0.799264	0.800907	0.802274	0.80058	0.918302	0.909668	0.910217	0.913515	0.929527	0.907815	1.10994	1.10207	1.10256	1.10597	1.10884	1.10215	0.924327	0.923992	0.923461	0.940068	0.925525	0.941238	1.09474	1.08761	1.08506	1.08541	1.0874	1.08192	1.15419	1.119	1.14805	1.15349	1.11634	1.1195	1.08321	1.0836	1.07647	1.07338	1.08402	1.07255	1.11462	1.11526	1.09369	1.11665	1.10149	1.10188	1.06491	1.06722	1.0785	1.11679	1.06429	1.06778	1.08398	1.13916	1.09892	1.0846	1.08397	1.09989
ERR636954	0.951246	0.922505	0.924682	0.942243	0.947748	0.940465	0.940425	0.959696	0.962965	0.981665	0.947089	0.95714	0.951338	0.952092	0.944625	0.986609	0.948546	0.937219	0.89001	0.867839	0.899214	0.872681	0.873461	0.865441	0.841533	0.841033	0.825262	0.839403	0.825189	0.835767	0.899678	0.900413	0.899977	0.886852	0.884803	0.899357	0.788683	0.799264	0	0.788486	0.783945	0.781727	0.90501	0.89603	0.896033	0.900485	0.916578	0.894387	1.10146	1.09397	1.09407	1.09816	1.10082	1.09415	0.912296	0.911978	0.911429	0.929277	0.913499	0.930514	1.08579	1.0791	1.076	1.0766	1.07856	1.07285	1.14951	1.11252	1.1433	1.14889	1.1102	1.11314	1.07526	1.0752	1.06763	1.06442	1.07528	1.06393	1.1065	1.10752	1.08521	1.10851	1.09345	1.09342	1.05394	1.05654	1.06797	1.10728	1.05349	1.05702	1.0749	1.13207	1.09091	1.07556	1.07486	1.09161
ERR636950	0.955978	0.924191	0.926297	0.943616	0.950383	0.942153	0.939628	0.957692	0.960892	0.981712	0.947042	0.957014	0.954426	0.955299	0.949613	0.990018	0.952776	0.941407	0.895593	0.87341	0.904916	0.876926	0.878444	0.870884	0.846095	0.845529	0.828125	0.843458	0.829443	0.839338	0.904445	0.90574	0.90377	0.890059	0.887657	0.904464	0.791382	0.800907	0.788486	0	0.792033	0.789353	0.909737	0.899996	0.900352	0.903936	0.921462	0.898277	1.10348	1.09397	1.09526	1.09843	1.10095	1.09511	0.915856	0.915133	0.914637	0.932797	0.917286	0.934495	1.088	1.08005	1.07714	1.0776	1.08024	1.07437	1.14384	1.10933	1.13741	1.1433	1.10698	1.11	1.07525	1.07523	1.06828	1.06455	1.07627	1.06397	1.10872	1.10953	1.08635	1.11093	1.09441	1.09526	1.05701	1.05992	1.07146	1.11186	1.05636	1.0599	1.07707	1.13307	1.09191	1.07793	1.07683	1.09315
ERR636953	0.953164	0.925182	0.927532	0.944671	0.950134	0.942882	0.943376	0.962498	0.965776	0.984048	0.94996	0.959925	0.952829	0.953701	0.946484	0.987725	0.950048	0.939043	0.892904	0.871076	0.902452	0.875399	0.876893	0.868094	0.844337	0.84372	0.828667	0.841749	0.82818	0.838726	0.902051	0.903081	0.902662	0.89014	0.887632	0.901902	0.791739	0.802274	0.783945	0.792033	0	0.784768	0.907808	0.898978	0.899113	0.90303	0.919107	0.897054	1.10295	1.09601	1.09599	1.09992	1.10278	1.09583	0.915073	0.914738	0.914061	0.932128	0.916238	0.932844	1.08737	1.08086	1.07787	1.07837	1.08027	1.07442	1.15189	1.11475	1.14565	1.15102	1.1122	1.11509	1.07711	1.07728	1.06975	1.06667	1.07733	1.06617	1.10795	1.10862	1.08655	1.10975	1.09493	1.09478	1.05642	1.05886	1.07043	1.10914	1.05581	1.05974	1.07673	1.13352	1.09261	1.07748	1.07661	1.0932
ERR636952	0.951621	0.923568	0.926004	0.94315	0.948594	0.941757	0.941868	0.961048	0.96423	0.982553	0.948476	0.958392	0.951909	0.952582	0.945521	0.986679	0.948951	0.93789	0.891471	0.868923	0.900621	0.873604	0.875078	0.865919	0.842551	0.841972	0.826356	0.84005	0.826191	0.836886	0.900465	0.901539	0.901051	0.888025	0.885527	0.900119	0.789535	0.80058	0.781727	0.789353	0.784768	0	0.905684	0.897021	0.896569	0.900825	0.917151	0.895073	1.10158	1.09426	1.09442	1.09858	1.10112	1.09442	0.913328	0.912926	0.912482	0.930214	0.914798	0.931719	1.08579	1.07934	1.07638	1.07698	1.0789	1.07308	1.15056	1.11313	1.14433	1.14981	1.11052	1.11362	1.07542	1.07593	1.06837	1.06493	1.07555	1.06406	1.1063	1.10736	1.08514	1.10824	1.09352	1.09348	1.05417	1.05678	1.06856	1.10753	1.05383	1.05749	1.07486	1.1325	1.09105	1.07591	1.07481	1.09175
ERR618509	0.965661	0.939101	0.941419	0.9579	0.962925	0.956705	0.961293	0.980663	0.984059	1.00189	0.967992	0.977951	0.973	0.974314	0.964207	1.00766	0.968833	0.957673	0.939575	0.918794	0.946736	0.922593	0.923692	0.915327	0.897204	0.89657	0.881317	0.894602	0.881344	0.891649	0.911264	0.912377	0.911667	0.89927	0.897375	0.911297	0.909658	0.918302	0.90501	0.909737	0.907808	0.905684	0	0.82437	0.821339	0.828724	0.843522	0.82273	1.10659	1.10068	1.10047	1.10427	1.10713	1.10017	0.920976	0.921033	0.921028	0.937607	0.921956	0.938611	1.08987	1.08387	1.08112	1.0819	1.08278	1.07738	1.15427	1.11818	1.14893	1.15365	1.11577	1.11846	1.08159	1.08125	1.07379	1.07151	1.08139	1.07075	1.11065	1.11146	1.09043	1.11225	1.09783	1.09803	1.04948	1.05209	1.06338	1.10125	1.04915	1.05288	1.07838	1.13327	1.09363	1.07905	1.07813	1.09456
ERR618511	0.9599	0.929829	0.931544	0.949015	0.955419	0.9476	0.949371	0.968422	0.971738	0.992562	0.956942	0.967738	0.965732	0.966865	0.958474	1.00202	0.962913	0.950977	0.932184	0.91084	0.940808	0.914245	0.915892	0.907829	0.887584	0.8872	0.869417	0.884962	0.870737	0.881227	0.904183	0.905522	0.903134	0.889608	0.887812	0.903817	0.900613	0.909668	0.89603	0.899996	0.898978	0.897021	0.82437	0	0.813615	0.813058	0.838533	0.807088	1.10247	1.0941	1.09469	1.09825	1.1006	1.09452	0.913163	0.912579	0.912702	0.93056	0.914531	0.931912	1.08472	1.07732	1.07447	1.0754	1.07723	1.07171	1.14245	1.10831	1.13608	1.1415	1.10568	1.10851	1.07382	1.07366	1.06727	1.06328	1.07475	1.06276	1.10656	1.10731	1.08482	1.10874	1.09282	1.0936	1.04393	1.04689	1.05861	1.09827	1.04359	1.04707	1.07287	1.12812	1.08785	1.07398	1.07265	1.08847
ERR618507	0.95916	0.931039	0.933538	0.950535	0.955504	0.949016	0.952821	0.973138	0.97617	0.995327	0.959523	0.970624	0.965545	0.966822	0.956211	1.00142	0.961202	0.949207	0.931807	0.909663	0.939228	0.913521	0.914922	0.906884	0.888223	0.887292	0.871035	0.885045	0.871306	0.882416	0.903265	0.904515	0.903391	0.889926	0.887689	0.902363	0.900943	0.910217	0.896033	0.900352	0.899113	0.896569	0.821339	0.813615	0	0.818158	0.834043	0.81144	1.10103	1.09394	1.094	1.09784	1.10056	1.09375	0.913377	0.913028	0.912874	0.930406	0.913994	0.931969	1.08327	1.07684	1.074	1.07487	1.07597	1.07028	1.14802	1.11066	1.14226	1.14735	1.10851	1.11113	1.07461	1.07451	1.06703	1.06392	1.07461	1.06378	1.10461	1.10531	1.08364	1.10651	1.09154	1.09145	1.04185	1.04466	1.0563	1.09553	1.0413	1.04516	1.072	1.12839	1.0877	1.07271	1.072	1.08842
ERR618510	0.962838	0.932607	0.934572	0.951724	0.958353	0.950816	0.952544	0.971415	0.974352	0.995216	0.959744	0.970665	0.969404	0.970823	0.962683	1.00579	0.967123	0.955112	0.936467	0.915714	0.944804	0.918713	0.920167	0.912382	0.891142	0.890689	0.873727	0.888595	0.874933	0.884797	0.907309	0.90895	0.906886	0.89355	0.891383	0.907107	0.904748	0.913515	0.900485	0.903936	0.90303	0.900825	0.828724	0.813058	0.818158	0	0.842273	0.811474	1.10493	1.09681	1.0973	1.1006	1.10314	1.09714	0.91612	0.915989	0.915847	0.933484	0.91739	0.934885	1.08768	1.08008	1.07745	1.07842	1.08047	1.07475	1.14492	1.11099	1.13862	1.14413	1.10851	1.11147	1.0769	1.07661	1.06985	1.06636	1.0774	1.06557	1.10903	1.10983	1.08748	1.11097	1.09514	1.09589	1.04735	1.05021	1.06148	1.10119	1.04677	1.05049	1.07551	1.12994	1.09022	1.07629	1.07547	1.09085
ERR618508	0.97548	0.952555	0.954033	0.970098	0.973594	0.968693	0.975162	0.994001	0.997164	1.013	0.980591	0.990139	0.981509	0.983339	0.972344	1.01463	0.976731	0.966088	0.949541	0.929291	0.95628	0.932991	0.934528	0.926134	0.908874	0.908074	0.894343	0.90633	0.89378	0.904198	0.921814	0.922933	0.922757	0.911453	0.90963	0.921421	0.920969	0.929527	0.916578	0.921462	0.919107	0.917151	0.843522	0.838533	0.834043	0.842273	0	0.836617	1.11364	1.10888	1.10828	1.11217	1.11493	1.1079	0.931846	0.931621	0.9316	0.94726	0.932535	0.948061	1.09713	1.09205	1.08953	1.09027	1.09089	1.08562	1.16444	1.127	1.15999	1.16411	1.12467	1.12718	1.09069	1.09038	1.08314	1.08097	1.08984	1.08059	1.11699	1.11744	1.09777	1.11863	1.10535	1.10494	1.05616	1.05861	1.06976	1.10594	1.05626	1.05957	1.08655	1.14077	1.10215	1.08726	1.08639	1.10276
ERR618512	0.958123	0.927925	0.929507	0.947012	0.953638	0.946379	0.947255	0.966681	0.969991	0.990929	0.954766	0.965897	0.965335	0.966161	0.958038	1.00159	0.962309	0.950152	0.930692	0.909498	0.939185	0.912883	0.914553	0.906244	0.885908	0.885009	0.867594	0.882841	0.868535	0.879602	0.901846	0.903411	0.901162	0.887794	0.885806	0.901688	0.898629	0.907815	0.894387	0.898277	0.897054	0.895073	0.82273	0.807088	0.81144	0.811474	0.836617	0	1.10075	1.09248	1.09299	1.0966	1.09917	1.09279	0.911597	0.911459	0.91068	0.928717	0.912427	0.930453	1.08318	1.07538	1.07286	1.07372	1.07572	1.06999	1.14183	1.10682	1.13536	1.14107	1.1046	1.1073	1.07242	1.07224	1.06518	1.06155	1.07302	1.06095	1.10482	1.10564	1.08338	1.10689	1.09101	1.09192	1.0434	1.04599	1.05775	1.098	1.04244	1.04623	1.07135	1.12675	1.08613	1.07213	1.07101	1.08708
