	ERR636707	ERR636704	ERR636705	ERR636706	ERR636703	ERR636708	ERR630397	ERR630396	ERR630394	ERR630393	ERR630395	ERR630392	ERR608119	ERR608117	ERR608118	ERR608121	ERR608122	ERR608120	ERR613447	ERR613446	ERR613443	ERR613448	ERR613445	ERR613444	ERR608582	ERR608584	ERR608580	ERR608583	ERR608579	ERR608581	ERR614481	ERR614478	ERR614477	ERR614479	ERR614480	ERR614482	ERR635348	ERR635350	ERR635349	ERR635351	ERR635346	ERR635347	ERR637065	ERR637067	ERR637068	ERR637066	ERR637063	ERR637064	ERR613811	ERR613807	ERR613808	ERR613810	ERR613809	ERR613806	ERR614936	ERR614933	ERR614931	ERR614932	ERR614934	ERR614935	ERR618729	ERR618733	ERR618731	ERR618734	ERR618730	ERR618732	ERR616153	ERR616148	ERR616152	ERR616150	ERR616151	ERR616149	ERR617415	ERR617416	ERR617418	ERR617420	ERR617417	ERR617419	ERR618173	ERR618174	ERR618172	ERR618170	ERR618171	ERR618169	ERR617217	ERR617218	ERR617215	ERR617219	ERR617216	ERR617220	ERR612762	ERR612759	ERR612760	ERR612763	ERR612761	ERR612764
ERR636707	0	0.857895	0.866922	0.861109	0.873306	0.861197	1.01851	1.02587	1.00066	1.00674	1.02275	0.999062	1.08515	1.09504	1.08599	1.10386	1.10299	1.10553	1.10354	1.1064	1.08401	1.128	1.09329	1.10266	0.973303	0.973142	0.977845	0.974188	1.01591	0.972098	1.11351	1.09671	1.12475	1.08984	1.11306	1.11513	0.982738	0.96804	0.968036	0.96744	0.969706	0.982969	1.09735	1.09963	1.09843	1.10093	1.10574	1.09691	1.01452	0.997969	1.0061	1.01515	1.01302	1.00736	0.969629	0.991687	0.991432	0.98831	0.969448	0.969877	0.991783	0.992206	0.995069	0.990262	0.996642	0.992658	0.975237	0.999179	0.97696	1.00772	0.977807	0.991051	0.984748	0.982997	0.971676	0.977352	0.982643	0.972128	1.01235	1.01527	1.00776	1.01032	1.00485	1.01091	0.963809	0.978452	0.96919	0.975024	0.963969	0.983372	0.996011	0.978634	1.02436	0.995221	0.988348	0.997508
ERR636704	0.857895	0	0.858869	0.859237	0.86526	0.859128	1.01428	1.02209	0.995555	1.0019	1.01832	0.994404	1.08115	1.09164	1.082	1.10017	1.09919	1.1021	1.10119	1.10422	1.08093	1.12602	1.09061	1.10008	0.968229	0.968251	0.972986	0.969244	1.01219	0.966853	1.11034	1.09296	1.12145	1.08597	1.10986	1.1119	0.978256	0.962687	0.962779	0.962608	0.96449	0.978411	1.09343	1.09569	1.09455	1.09708	1.10201	1.0933	1.01027	0.992724	1.00177	1.01099	1.00885	1.00273	0.964651	0.987113	0.986918	0.983723	0.964579	0.965432	0.987892	0.988615	0.99149	0.986493	0.993369	0.989016	0.97015	0.994734	0.971865	1.00326	0.973065	0.986377	0.980817	0.979238	0.967482	0.973059	0.978607	0.967267	1.0081	1.01093	1.00321	1.00562	1.00019	1.00632	0.958243	0.97352	0.96436	0.969938	0.958825	0.978966	0.99303	0.974649	1.02185	0.991836	0.985133	0.994309
ERR636705	0.866922	0.858869	0	0.86835	0.873375	0.868357	1.01937	1.02716	1.00166	1.00719	1.02392	1.0004	1.08783	1.09833	1.08912	1.10692	1.10614	1.10849	1.10606	1.10923	1.0868	1.12976	1.09571	1.10482	0.975396	0.975444	0.979798	0.976337	1.01655	0.97448	1.11579	1.09865	1.12569	1.0923	1.11527	1.11733	0.98387	0.9692	0.969339	0.969074	0.97102	0.983605	1.09925	1.10185	1.10083	1.10276	1.10757	1.09962	1.01617	0.99915	1.00737	1.01676	1.01425	1.00854	0.971099	0.992635	0.992183	0.98898	0.971032	0.971646	0.994572	0.995181	0.997779	0.993252	0.999379	0.995396	0.978832	1.00307	0.980548	1.01151	0.981482	0.995082	0.987135	0.985843	0.974994	0.979979	0.985437	0.974888	1.01465	1.01733	1.01013	1.01266	1.00743	1.01292	0.966488	0.980885	0.971456	0.977579	0.966543	0.984225	0.998332	0.980751	1.02633	0.997764	0.990239	0.999498
ERR636706	0.861109	0.859237	0.86835	0	0.874499	0.862759	1.01828	1.02579	1.00039	1.00647	1.02229	0.998568	1.08493	1.09516	1.08573	1.10364	1.10284	1.10554	1.10348	1.10662	1.08406	1.12812	1.09342	1.10269	0.973486	0.973262	0.977982	0.974378	1.01608	0.97191	1.11361	1.09665	1.12481	1.08973	1.11349	1.11524	0.982969	0.9679	0.967992	0.967473	0.969889	0.98317	1.09714	1.09937	1.09855	1.10068	1.1057	1.09692	1.01373	0.997926	1.00648	1.01504	1.01316	1.00711	0.96997	0.992022	0.99164	0.988192	0.969694	0.970297	0.992366	0.992475	0.99544	0.990531	0.997138	0.992734	0.975267	0.999862	0.977261	1.00799	0.978192	0.991371	0.985312	0.983494	0.972285	0.977863	0.983058	0.97208	1.01266	1.01487	1.00758	1.00966	1.00429	1.01074	0.963529	0.97843	0.969147	0.974886	0.964023	0.983543	0.996782	0.978709	1.02487	0.995941	0.989004	0.998149
ERR636703	0.873306	0.86526	0.873375	0.874499	0	0.874928	1.02455	1.03227	1.0069	1.0124	1.0289	1.00525	1.09131	1.10132	1.09244	1.11002	1.10931	1.11162	1.11029	1.11356	1.09129	1.1341	1.10017	1.10914	0.981235	0.981059	0.985492	0.982063	1.02116	0.980151	1.11902	1.10246	1.12888	1.09598	1.11864	1.12049	0.989766	0.975685	0.975782	0.975404	0.976903	0.989936	1.10246	1.10529	1.10399	1.10641	1.1107	1.10284	1.02059	1.00439	1.01248	1.02145	1.01941	1.01307	0.977639	0.998823	0.997927	0.994958	0.977429	0.978034	1.00075	1.00117	1.00388	0.999272	1.00527	1.00131	0.984214	1.00768	0.985504	1.016	0.986907	0.999932	0.99294	0.991278	0.981367	0.985559	0.991065	0.980661	1.01966	1.02216	1.01536	1.01745	1.01238	1.01761	0.972372	0.986555	0.977314	0.983389	0.972407	0.990026	1.00393	0.986388	1.03182	1.00304	0.995863	1.00512
ERR636708	0.861197	0.859128	0.868357	0.862759	0.874928	0	1.01978	1.02743	1.00151	1.0079	1.02375	1.00012	1.08698	1.09689	1.08745	1.10541	1.1046	1.10727	1.10525	1.10861	1.08602	1.12979	1.09546	1.10446	0.974592	0.974321	0.978979	0.975287	1.01712	0.973002	1.11542	1.09855	1.1263	1.09168	1.11481	1.11667	0.983762	0.969091	0.968899	0.968767	0.970597	0.984108	1.09886	1.10131	1.10024	1.10278	1.10731	1.09898	1.01539	0.998806	1.00762	1.0162	1.01367	1.00819	0.971023	0.992638	0.992317	0.988787	0.970532	0.971258	0.993318	0.993813	0.996808	0.991843	0.998512	0.993973	0.976545	1.00086	0.978399	1.00857	0.979587	0.99231	0.98644	0.984558	0.973664	0.978957	0.984425	0.973466	1.0137	1.01636	1.00892	1.01144	1.00596	1.01203	0.964836	0.979358	0.970447	0.97605	0.965023	0.984673	0.998204	0.980557	1.02658	0.997109	0.990955	0.999391
ERR630397	1.01851	1.01428	1.01937	1.01828	1.02455	1.01978	0	0.866843	0.836617	0.842752	0.862704	0.83393	1.10871	1.11868	1.11055	1.12809	1.1275	1.1288	1.11941	1.1228	1.09896	1.14268	1.1077	1.11709	0.93246	0.932061	0.93694	0.933062	0.974172	0.932384	1.13566	1.11802	1.14366	1.11217	1.13529	1.13682	0.946067	0.927357	0.927807	0.928123	0.929677	0.944006	1.11179	1.11443	1.11346	1.11546	1.12007	1.11249	0.979227	0.960829	0.970238	0.979236	0.977256	0.971248	0.918562	0.94263	0.941906	0.93849	0.918401	0.918669	0.94108	0.94234	0.945738	0.940198	0.946563	0.942685	0.956372	0.979043	0.957658	0.987412	0.958927	0.971356	0.951692	0.951263	0.940182	0.944347	0.950847	0.940288	0.959886	0.963214	0.955989	0.95794	0.952342	0.95724	0.916901	0.934711	0.922114	0.929996	0.917821	0.93565	0.996374	0.978913	1.024	0.995798	0.988011	0.997715
ERR630396	1.02587	1.02209	1.02716	1.02579	1.03227	1.02743	0.866843	0	0.847748	0.853749	0.872036	0.844723	1.11549	1.12473	1.11691	1.13417	1.13331	1.13474	1.12599	1.12894	1.10627	1.14864	1.11472	1.12405	0.942794	0.941995	0.946808	0.943154	0.982824	0.942166	1.14179	1.12478	1.1498	1.119	1.14125	1.14326	0.955517	0.93826	0.938265	0.938399	0.93991	0.9541	1.11862	1.12117	1.1203	1.12244	1.12685	1.11927	0.986388	0.968997	0.978219	0.98649	0.984639	0.979241	0.929186	0.952002	0.951638	0.948218	0.928854	0.929432	0.951107	0.952042	0.955514	0.95028	0.956375	0.952467	0.964004	0.984893	0.964882	0.993065	0.966305	0.978201	0.961454	0.960458	0.949845	0.953768	0.960101	0.949985	0.968961	0.971645	0.964878	0.966809	0.961536	0.966253	0.927662	0.944144	0.933025	0.940186	0.928612	0.946144	1.00414	0.987418	1.03113	1.00415	0.99635	1.00596
ERR630394	1.00066	0.995555	1.00166	1.00039	1.0069	1.00151	0.836617	0.847748	0	0.816747	0.843196	0.805481	1.09298	1.10384	1.09508	1.1136	1.11306	1.1147	1.10451	1.10794	1.08257	1.12917	1.09189	1.102	0.909446	0.908615	0.914298	0.910014	0.956096	0.908546	1.12097	1.10217	1.12944	1.09596	1.12031	1.1227	0.923796	0.903861	0.90434	0.904156	0.905761	0.922164	1.09586	1.09878	1.09759	1.09962	1.10472	1.09633	0.960666	0.940927	0.951114	0.960883	0.958833	0.951944	0.893977	0.920287	0.919958	0.916487	0.894127	0.894238	0.917872	0.919555	0.92293	0.917192	0.924037	0.919679	0.937165	0.96214	0.938695	0.971177	0.939791	0.953707	0.930953	0.930074	0.918077	0.922477	0.929761	0.918122	0.938984	0.942403	0.934465	0.936729	0.93086	0.935869	0.892342	0.911667	0.898339	0.906755	0.893123	0.913475	0.977384	0.958354	1.00781	0.977314	0.968614	0.979417
ERR630393	1.00674	1.0019	1.00719	1.00647	1.0124	1.0079	0.842752	0.853749	0.816747	0	0.849409	0.813425	1.09773	1.10813	1.10025	1.11896	1.11825	1.11947	1.10967	1.11285	1.08786	1.13263	1.09628	1.10668	0.916502	0.915672	0.920844	0.916464	0.959031	0.916329	1.12483	1.10629	1.1319	1.10036	1.12419	1.12629	0.930019	0.91116	0.911017	0.911382	0.912872	0.92769	1.09934	1.10272	1.10194	1.10413	1.10852	1.10103	0.966344	0.94708	0.956625	0.966396	0.964874	0.95761	0.901573	0.926803	0.925738	0.922521	0.901296	0.901584	0.925069	0.926706	0.930069	0.924884	0.930422	0.926856	0.945576	0.970428	0.947063	0.979634	0.948503	0.96265	0.936727	0.937029	0.925404	0.928742	0.936706	0.925442	0.945037	0.948117	0.941023	0.942997	0.937042	0.941622	0.900566	0.919457	0.90541	0.914494	0.901474	0.918459	0.983123	0.964961	1.0125	0.982762	0.974414	0.985183
ERR630395	1.02275	1.01832	1.02392	1.02229	1.0289	1.02375	0.862704	0.872036	0.843196	0.849409	0	0.840428	1.11221	1.12197	1.11383	1.1311	1.13044	1.13177	1.1229	1.12626	1.10328	1.14617	1.11187	1.12113	0.937559	0.937358	0.942138	0.938304	0.979211	0.937166	1.139	1.12223	1.14728	1.11591	1.13865	1.14058	0.951558	0.933636	0.933834	0.933926	0.93557	0.949768	1.11537	1.11843	1.11738	1.11922	1.12386	1.11622	0.982809	0.9649	0.974476	0.982655	0.981004	0.975552	0.924594	0.948085	0.947678	0.944476	0.92454	0.92497	0.946875	0.948019	0.951283	0.945928	0.952317	0.94809	0.959699	0.981273	0.961188	0.989546	0.962188	0.974179	0.957094	0.956281	0.945634	0.949394	0.955834	0.945344	0.964064	0.966775	0.959994	0.961916	0.956359	0.961509	0.922058	0.939311	0.927403	0.934802	0.923192	0.941443	1.00139	0.983999	1.02857	1.00037	0.993046	1.00268
ERR630392	0.999062	0.994404	1.0004	0.998568	1.00525	1.00012	0.83393	0.844723	0.805481	0.813425	0.840428	0	1.0911	1.10172	1.09324	1.11219	1.11156	1.11295	1.10284	1.10613	1.08076	1.12718	1.08993	1.10017	0.90697	0.906092	0.911915	0.907649	0.953663	0.906568	1.11896	1.10018	1.12687	1.09406	1.11838	1.12066	0.921546	0.901819	0.901905	0.901906	0.90362	0.920134	1.09341	1.09666	1.09558	1.09762	1.10244	1.09446	0.959432	0.939391	0.949456	0.959168	0.95755	0.950894	0.891711	0.918372	0.917521	0.913935	0.891664	0.891868	0.91505	0.917232	0.920254	0.914699	0.921321	0.917414	0.935716	0.961152	0.937253	0.97024	0.938552	0.952596	0.927864	0.927431	0.915169	0.919403	0.926689	0.915172	0.936868	0.940296	0.932314	0.934475	0.928169	0.933367	0.889835	0.909357	0.895705	0.904368	0.890836	0.911081	0.976137	0.957027	1.00637	0.975727	0.966824	0.978125
ERR608119	1.08515	1.08115	1.08783	1.08493	1.09131	1.08698	1.10871	1.11549	1.09298	1.09773	1.11221	1.0911	0	0.769598	0.759066	0.787798	0.786933	0.790105	0.929488	0.932981	0.900409	0.964383	0.912171	0.924584	1.0385	1.0373	1.04182	1.0383	1.07521	1.03596	0.914187	0.890437	0.925477	0.881934	0.913386	0.916353	1.08828	1.07351	1.07434	1.07389	1.07568	1.08865	0.883015	0.885275	0.883585	0.885439	0.892817	0.882765	1.10615	1.09146	1.09853	1.10574	1.10506	1.09927	1.07499	1.096	1.09535	1.09228	1.07446	1.07574	1.06625	1.06698	1.07058	1.06512	1.07117	1.0673	1.07631	1.09824	1.07821	1.10422	1.0781	1.09094	1.07461	1.07219	1.06268	1.06757	1.07189	1.06203	1.05136	1.05434	1.04802	1.04944	1.04434	1.04865	1.06958	1.08272	1.07449	1.07988	1.06898	1.08629	1.09762	1.08204	1.11984	1.0957	1.09015	1.09858
ERR608117	1.09504	1.09164	1.09833	1.09516	1.10132	1.09689	1.11868	1.12473	1.10384	1.10813	1.12197	1.10172	0.769598	0	0.769848	0.795913	0.794733	0.798229	0.939319	0.942463	0.911456	0.972812	0.923373	0.934802	1.04839	1.04756	1.05188	1.04832	1.0844	1.04612	0.923627	0.901377	0.934904	0.893106	0.922683	0.925883	1.09835	1.08413	1.08487	1.08445	1.08644	1.09866	0.891429	0.893652	0.891829	0.893543	0.900507	0.89087	1.11537	1.10121	1.10847	1.11538	1.11475	1.10891	1.08594	1.10609	1.10553	1.10246	1.08561	1.08669	1.07693	1.07746	1.08099	1.07579	1.08203	1.07777	1.08614	1.10708	1.08826	1.11267	1.08806	1.09992	1.08514	1.08283	1.07357	1.07821	1.08205	1.07295	1.06104	1.06384	1.05751	1.05886	1.05418	1.05864	1.08017	1.09254	1.08525	1.08987	1.07963	1.09693	1.10738	1.09225	1.12895	1.10564	1.10059	1.10817
ERR608118	1.08599	1.082	1.08912	1.08573	1.09244	1.08745	1.11055	1.11691	1.09508	1.10025	1.11383	1.09324	0.759066	0.769848	0	0.786107	0.784563	0.789547	0.929589	0.933253	0.9018	0.966444	0.914532	0.926363	1.04017	1.03948	1.04365	1.04003	1.07867	1.03719	0.91614	0.89332	0.930226	0.883901	0.915485	0.918328	1.08922	1.07457	1.07523	1.07452	1.07693	1.09018	0.886066	0.888219	0.886301	0.888327	0.896141	0.884866	1.10651	1.0921	1.10015	1.10669	1.10594	1.10056	1.0764	1.09746	1.09736	1.0942	1.07614	1.07723	1.06831	1.06875	1.0727	1.06681	1.07378	1.06894	1.07482	1.09629	1.07667	1.1013	1.07649	1.08855	1.0761	1.07292	1.06315	1.06877	1.07228	1.06244	1.05347	1.05682	1.04997	1.05148	1.04636	1.05171	1.06989	1.08289	1.07586	1.07998	1.06945	1.08887	1.09884	1.08309	1.12139	1.09724	1.09209	1.09976
ERR608121	1.10386	1.10017	1.10692	1.10364	1.11002	1.10541	1.12809	1.13417	1.1136	1.11896	1.1311	1.11219	0.787798	0.795913	0.786107	0	0.802762	0.807743	0.95133	0.954492	0.926588	0.985787	0.938512	0.949205	1.06	1.05912	1.06324	1.05969	1.09641	1.05709	0.93578	0.916591	0.949832	0.907787	0.93538	0.93811	1.10775	1.09392	1.09436	1.0939	1.09639	1.10883	0.907679	0.908556	0.906513	0.908561	0.915359	0.90588	1.12377	1.11046	1.11789	1.1238	1.12343	1.11841	1.09646	1.11561	1.11578	1.11264	1.09593	1.09706	1.088	1.08827	1.0922	1.08627	1.09329	1.08869	1.09251	1.11228	1.09458	1.11648	1.09412	1.10502	1.09555	1.09187	1.08288	1.08854	1.09166	1.08228	1.07273	1.07561	1.06926	1.07079	1.0658	1.07123	1.08922	1.1014	1.0955	1.0987	1.08901	1.10791	1.11667	1.10163	1.13748	1.11506	1.11054	1.11731
ERR608122	1.10299	1.09919	1.10614	1.10284	1.10931	1.1046	1.1275	1.13331	1.11306	1.11825	1.13044	1.11156	0.786933	0.794733	0.784563	0.802762	0	0.806516	0.949451	0.952424	0.924432	0.984145	0.936315	0.947126	1.05852	1.05788	1.0624	1.05849	1.0953	1.05582	0.934922	0.915315	0.949005	0.906248	0.934085	0.936976	1.10703	1.09314	1.09353	1.09325	1.09562	1.1081	0.906617	0.907213	0.905913	0.907737	0.914516	0.904708	1.12312	1.10965	1.11714	1.1231	1.1222	1.11766	1.09548	1.11477	1.11508	1.11191	1.09496	1.09595	1.08685	1.08726	1.09104	1.08513	1.09221	1.08746	1.09161	1.11175	1.09401	1.11563	1.09344	1.10433	1.09455	1.09126	1.08204	1.08745	1.0907	1.0812	1.07158	1.07418	1.06761	1.06953	1.06449	1.07005	1.08842	1.10086	1.09475	1.09796	1.08828	1.10758	1.11533	1.10061	1.13662	1.11394	1.10932	1.11615
ERR608120	1.10553	1.1021	1.10849	1.10554	1.11162	1.10727	1.1288	1.13474	1.1147	1.11947	1.13177	1.11295	0.790105	0.798229	0.789547	0.807743	0.806516	0	0.951234	0.954376	0.926649	0.984622	0.937973	0.948523	1.06099	1.06014	1.06438	1.06052	1.09627	1.05846	0.937298	0.918091	0.949552	0.909728	0.937009	0.939176	1.10912	1.09571	1.09643	1.09578	1.09817	1.11017	0.907026	0.908465	0.907404	0.908732	0.915504	0.906122	1.12527	1.11193	1.11897	1.12524	1.12441	1.11951	1.09764	1.11701	1.11662	1.11367	1.09737	1.09844	1.08863	1.08906	1.09257	1.08701	1.0935	1.08931	1.09574	1.11544	1.09755	1.12028	1.09737	1.10842	1.09676	1.09355	1.0848	1.08987	1.09319	1.0842	1.0734	1.07628	1.06975	1.07138	1.06671	1.07177	1.09111	1.10332	1.09664	1.10063	1.09089	1.10836	1.1172	1.10277	1.1378	1.11543	1.11079	1.11781
ERR613447	1.10354	1.10119	1.10606	1.10348	1.11029	1.10525	1.11941	1.12599	1.10451	1.10967	1.1229	1.10284	0.929488	0.939319	0.929589	0.95133	0.949451	0.951234	0	0.782619	0.763407	0.80894	0.771611	0.780725	1.06039	1.05949	1.06392	1.06003	1.0964	1.05843	0.978114	0.95875	0.989405	0.950552	0.977667	0.979567	1.10515	1.09083	1.09173	1.09118	1.0931	1.10538	0.933716	0.9359	0.934073	0.936247	0.941748	0.932923	1.12219	1.10859	1.11533	1.12225	1.12134	1.11582	1.09077	1.11014	1.10995	1.10726	1.09049	1.09133	1.02624	1.02543	1.02844	1.02443	1.02929	1.0262	1.09655	1.11697	1.09805	1.12277	1.09811	1.1098	1.068	1.06452	1.05833	1.06046	1.06623	1.0556	1.07002	1.07323	1.06694	1.06776	1.06297	1.06789	1.08451	1.09717	1.08927	1.09406	1.08422	1.10054	1.02147	1.01286	1.03376	1.02034	1.01727	1.02241
ERR613446	1.1064	1.10422	1.10923	1.10662	1.11356	1.10861	1.1228	1.12894	1.10794	1.11285	1.12626	1.10613	0.932981	0.942463	0.933253	0.954492	0.952424	0.954376	0.782619	0	0.767759	0.811054	0.77557	0.783795	1.06372	1.06282	1.06721	1.06354	1.09961	1.06182	0.98144	0.962453	0.992927	0.954556	0.980808	0.98308	1.10838	1.09418	1.09492	1.09454	1.09659	1.10841	0.937406	0.939415	0.937477	0.939748	0.945197	0.936775	1.12498	1.11153	1.11813	1.12499	1.12451	1.11901	1.09404	1.11342	1.11312	1.11048	1.09361	1.09469	1.02867	1.02792	1.03108	1.02678	1.0317	1.02864	1.09948	1.11945	1.10131	1.12563	1.10132	1.11261	1.07104	1.06742	1.06118	1.06355	1.06904	1.05821	1.07321	1.07656	1.07001	1.07101	1.06603	1.07101	1.08788	1.10033	1.09263	1.09734	1.08757	1.10376	1.02369	1.01553	1.03562	1.02282	1.01967	1.02465
ERR613443	1.08401	1.08093	1.0868	1.08406	1.09129	1.08602	1.09896	1.10627	1.08257	1.08786	1.10328	1.08076	0.900409	0.911456	0.9018	0.926588	0.924432	0.926649	0.763407	0.767759	0	0.797846	0.744548	0.755933	1.03655	1.03533	1.04005	1.03633	1.07426	1.03428	0.954032	0.930688	0.964433	0.922352	0.953115	0.955658	1.08403	1.06883	1.06976	1.06911	1.07104	1.08394	0.904813	0.907907	0.906091	0.908598	0.914587	0.905148	1.10285	1.08782	1.09488	1.10261	1.10199	1.09583	1.06812	1.08949	1.08857	1.08606	1.06802	1.06882	1.00945	1.0094	1.01253	1.00802	1.01306	1.01012	1.07702	1.09903	1.07859	1.10629	1.079	1.0918	1.04988	1.04704	1.03973	1.042	1.04858	1.0372	1.04712	1.05026	1.04362	1.0446	1.03976	1.04382	1.06247	1.07622	1.06693	1.07271	1.06207	1.07895	1.00851	0.997308	1.02456	1.00721	1.00257	1.0095
ERR613448	1.128	1.12602	1.12976	1.12812	1.1341	1.12979	1.14268	1.14864	1.12917	1.13263	1.14617	1.12718	0.964383	0.972812	0.966444	0.985787	0.984145	0.984622	0.80894	0.811054	0.797846	0	0.801562	0.807559	1.08832	1.08732	1.09106	1.08798	1.1179	1.08735	1.0064	0.98893	1.01282	0.983243	1.00627	1.00778	1.12981	1.1169	1.11761	1.11749	1.11911	1.12902	0.96528	0.96792	0.966649	0.968085	0.972336	0.965782	1.14599	1.13359	1.1388	1.14577	1.14527	1.13959	1.11734	1.13448	1.13348	1.13159	1.11677	1.1177	1.04533	1.04467	1.04659	1.04385	1.04681	1.0451	1.12548	1.14423	1.12668	1.15101	1.12745	1.13847	1.08845	1.08623	1.08144	1.08178	1.08874	1.07828	1.09639	1.09891	1.09376	1.0943	1.09054	1.09343	1.11262	1.1238	1.11528	1.12101	1.1118	1.1237	1.03619	1.03117	1.04366	1.03541	1.03273	1.03682
ERR613445	1.09329	1.09061	1.09571	1.09342	1.10017	1.09546	1.1077	1.11472	1.09189	1.09628	1.11187	1.08993	0.912171	0.923373	0.914532	0.938512	0.936315	0.937973	0.771611	0.77557	0.744548	0.801562	0	0.763962	1.04651	1.04497	1.04962	1.04597	1.08173	1.04457	0.963845	0.941941	0.972527	0.934002	0.963135	0.965312	1.09354	1.07877	1.07965	1.07913	1.08084	1.09302	0.915651	0.919239	0.917215	0.918845	0.924819	0.916137	1.11161	1.09757	1.10384	1.1113	1.11102	1.10475	1.07835	1.09854	1.09748	1.09498	1.0778	1.07903	1.01615	1.01591	1.01901	1.01496	1.01937	1.01683	1.08767	1.1092	1.08917	1.11674	1.08991	1.10246	1.05766	1.05527	1.04873	1.0504	1.05691	1.04621	1.05591	1.05873	1.05295	1.05383	1.04895	1.05245	1.07295	1.08608	1.07632	1.08268	1.07238	1.08678	1.01438	1.00448	1.02867	1.01325	1.00873	1.01526
ERR613444	1.10266	1.10008	1.10482	1.10269	1.10914	1.10446	1.11709	1.12405	1.102	1.10668	1.12113	1.10017	0.924584	0.934802	0.926363	0.949205	0.947126	0.948523	0.780725	0.783795	0.755933	0.807559	0.763962	0	1.05697	1.05598	1.06014	1.05667	1.09093	1.05554	0.974031	0.953595	0.982663	0.94593	0.973567	0.975695	1.10349	1.08905	1.09003	1.08963	1.09123	1.10251	0.926965	0.929744	0.927892	0.929818	0.935194	0.927094	1.12071	1.1072	1.11312	1.12067	1.12031	1.11403	1.08875	1.1084	1.10723	1.10476	1.08852	1.08934	1.02368	1.02346	1.02619	1.02266	1.02645	1.02399	1.09761	1.11831	1.09903	1.1254	1.09967	1.11183	1.06609	1.06374	1.05734	1.05896	1.06564	1.05501	1.06596	1.06874	1.06302	1.06421	1.05933	1.063	1.08373	1.09623	1.08709	1.09329	1.08322	1.09701	1.02035	1.01197	1.03258	1.01952	1.01545	1.02107
ERR608582	0.973303	0.968229	0.975396	0.973486	0.981235	0.974592	0.93246	0.942794	0.909446	0.916502	0.937559	0.90697	1.0385	1.04839	1.04017	1.06	1.05852	1.06099	1.06039	1.06372	1.03655	1.08832	1.04651	1.05697	0	0.779043	0.788054	0.779739	0.841033	0.780552	1.0774	1.05651	1.08674	1.04949	1.07718	1.0792	0.909447	0.888057	0.888982	0.887989	0.891142	0.90956	1.04063	1.04393	1.04273	1.04497	1.05022	1.04125	0.946119	0.925073	0.935031	0.945701	0.944079	0.936068	0.87476	0.900786	0.900858	0.897071	0.874	0.874939	0.867742	0.86792	0.873053	0.865759	0.87452	0.868725	0.903096	0.930711	0.905114	0.93979	0.905786	0.921508	0.893418	0.891666	0.878083	0.884166	0.89147	0.877935	0.873201	0.876876	0.867545	0.870941	0.863502	0.870434	0.861986	0.882576	0.868784	0.877406	0.861975	0.885886	0.964863	0.944961	0.997559	0.964006	0.956148	0.966726
ERR608584	0.973142	0.968251	0.975444	0.973262	0.981059	0.974321	0.932061	0.941995	0.908615	0.915672	0.937358	0.906092	1.0373	1.04756	1.03948	1.05912	1.05788	1.06014	1.05949	1.06282	1.03533	1.08732	1.04497	1.05598	0.779043	0	0.787988	0.77935	0.840818	0.780593	1.07666	1.05545	1.08557	1.04847	1.07626	1.07819	0.909225	0.887693	0.888496	0.887848	0.890596	0.908772	1.03961	1.0428	1.04158	1.04374	1.04893	1.03985	0.94577	0.924958	0.935223	0.945539	0.944253	0.935724	0.874649	0.900623	0.900265	0.896787	0.874227	0.874841	0.867409	0.867805	0.872513	0.865437	0.874256	0.868908	0.903628	0.931585	0.905584	0.940513	0.906797	0.922395	0.893192	0.89198	0.877898	0.883596	0.891306	0.877591	0.872473	0.876464	0.867414	0.870313	0.862831	0.869413	0.862028	0.882475	0.86811	0.877569	0.862022	0.885058	0.964779	0.945309	0.997083	0.963587	0.955855	0.96636
ERR608580	0.977845	0.972986	0.979798	0.977982	0.985492	0.978979	0.93694	0.946808	0.914298	0.920844	0.942138	0.911915	1.04182	1.05188	1.04365	1.06324	1.0624	1.06438	1.06392	1.06721	1.04005	1.09106	1.04962	1.06014	0.788054	0.787988	0	0.788183	0.841539	0.783231	1.08005	1.05956	1.08902	1.05262	1.07999	1.08185	0.914468	0.893965	0.894515	0.893489	0.896307	0.914168	1.04394	1.04736	1.04589	1.04844	1.05332	1.04433	0.95028	0.930024	0.940196	0.950536	0.949225	0.94042	0.879991	0.905809	0.905223	0.901433	0.88	0.880692	0.873605	0.873272	0.87828	0.871785	0.879788	0.874772	0.908795	0.93538	0.910515	0.944777	0.911571	0.927171	0.898235	0.896483	0.883317	0.888724	0.896295	0.883106	0.877648	0.88122	0.872481	0.875521	0.868729	0.87469	0.868149	0.8884	0.874217	0.88326	0.86825	0.890915	0.969103	0.94959	1.00055	0.967958	0.960206	0.970622
ERR608583	0.974188	0.969244	0.976337	0.974378	0.982063	0.975287	0.933062	0.943154	0.910014	0.916464	0.938304	0.907649	1.0383	1.04832	1.04003	1.05969	1.05849	1.06052	1.06003	1.06354	1.03633	1.08798	1.04597	1.05667	0.779739	0.77935	0.788183	0	0.841355	0.780937	1.07747	1.05644	1.08672	1.04936	1.07697	1.07908	0.910391	0.889597	0.889884	0.889444	0.891811	0.910447	1.04049	1.04381	1.0425	1.04461	1.0502	1.04091	0.94638	0.925747	0.936244	0.946529	0.945271	0.936756	0.875643	0.90172	0.901462	0.8978	0.875271	0.875985	0.868353	0.868326	0.873079	0.865972	0.874762	0.869252	0.903519	0.931318	0.905726	0.940233	0.906666	0.92213	0.894252	0.892573	0.878782	0.88487	0.892347	0.878604	0.873185	0.877171	0.867792	0.871437	0.863541	0.87002	0.862906	0.883152	0.869051	0.877886	0.862861	0.886328	0.96574	0.946082	0.998099	0.964496	0.956752	0.96744
ERR608579	1.01591	1.01219	1.01655	1.01608	1.02116	1.01712	0.974172	0.982824	0.956096	0.959031	0.979211	0.953663	1.07521	1.0844	1.07867	1.09641	1.0953	1.09627	1.0964	1.09961	1.07426	1.1179	1.08173	1.09093	0.841033	0.840818	0.841539	0.841355	0	0.839176	1.11017	1.09067	1.11376	1.0859	1.10959	1.11142	0.957074	0.941251	0.941916	0.941328	0.942583	0.955533	1.07474	1.0788	1.07785	1.07935	1.08346	1.07669	0.989822	0.973231	0.979987	0.989499	0.988315	0.980181	0.926469	0.946268	0.944186	0.941744	0.925922	0.926478	0.921073	0.921313	0.924341	0.920523	0.925003	0.922129	0.959095	0.980972	0.959717	0.990884	0.961216	0.975096	0.94223	0.943057	0.933069	0.935252	0.943629	0.933207	0.920042	0.922193	0.916935	0.9187	0.914369	0.916265	0.921897	0.937139	0.923687	0.93302	0.920493	0.932396	1.00558	0.990409	1.03159	1.0047	0.99729	1.00687
ERR608581	0.972098	0.966853	0.97448	0.97191	0.980151	0.973002	0.932384	0.942166	0.908546	0.916329	0.937166	0.906568	1.03596	1.04612	1.03719	1.05709	1.05582	1.05846	1.05843	1.06182	1.03428	1.08735	1.04457	1.05554	0.780552	0.780593	0.783231	0.780937	0.839176	0	1.07554	1.05481	1.08588	1.04715	1.07501	1.0773	0.908801	0.886984	0.887363	0.886903	0.889988	0.90901	1.03911	1.04224	1.04067	1.04324	1.04881	1.03928	0.944792	0.923617	0.934678	0.944957	0.943496	0.9354	0.873829	0.900691	0.900666	0.896837	0.873649	0.874211	0.867034	0.86702	0.872209	0.864477	0.873802	0.867805	0.899962	0.927529	0.902346	0.935948	0.903203	0.918348	0.892292	0.889442	0.875561	0.882224	0.88947	0.875371	0.87153	0.875718	0.865694	0.869091	0.86158	0.869173	0.860237	0.881249	0.868132	0.87596	0.86019	0.886213	0.963821	0.943435	0.99627	0.962706	0.955213	0.96544
ERR614481	1.11351	1.11034	1.11579	1.11361	1.11902	1.11542	1.13566	1.14179	1.12097	1.12483	1.139	1.11896	0.914187	0.923627	0.91614	0.93578	0.934922	0.937298	0.978114	0.98144	0.954032	1.0064	0.963845	0.974031	1.0774	1.07666	1.08005	1.07747	1.11017	1.07554	0	0.811309	0.840032	0.804649	0.825299	0.82927	1.115	1.10123	1.10204	1.10175	1.10345	1.11444	0.932954	0.935919	0.934813	0.936973	0.942122	0.93406	1.13174	1.11829	1.12417	1.1315	1.13092	1.12554	1.10322	1.12289	1.12174	1.11902	1.10307	1.10399	1.09894	1.10003	1.10304	1.09859	1.10342	1.10023	1.11318	1.13319	1.11483	1.14	1.11519	1.12711	1.1053	1.10416	1.0959	1.09888	1.10402	1.09521	1.09273	1.09586	1.08995	1.09143	1.08672	1.09046	1.09977	1.11209	1.10308	1.10892	1.09913	1.11294	1.12428	1.10993	1.14484	1.12289	1.11749	1.12532
ERR614478	1.09671	1.09296	1.09865	1.09665	1.10246	1.09855	1.11802	1.12478	1.10217	1.10629	1.12223	1.10018	0.890437	0.901377	0.89332	0.916591	0.915315	0.918091	0.95875	0.962453	0.930688	0.98893	0.941941	0.953595	1.05651	1.05545	1.05956	1.05644	1.09067	1.05481	0.811309	0	0.817449	0.775005	0.809655	0.814516	1.09718	1.08288	1.08364	1.08313	1.08455	1.09679	0.91157	0.91518	0.913557	0.91681	0.922154	0.913295	1.11527	1.10074	1.10713	1.11504	1.11436	1.10833	1.0836	1.10481	1.10336	1.10044	1.08331	1.08464	1.0792	1.08026	1.08349	1.079	1.08413	1.08061	1.09702	1.11824	1.0984	1.12607	1.09919	1.11189	1.08691	1.08593	1.07691	1.08016	1.08623	1.07642	1.07203	1.07506	1.06909	1.07093	1.06587	1.06921	1.08193	1.09461	1.08463	1.09145	1.08094	1.0949	1.10754	1.09245	1.12972	1.1063	1.0999	1.1088
ERR614477	1.12475	1.12145	1.12569	1.12481	1.12888	1.1263	1.14366	1.1498	1.12944	1.1319	1.14728	1.12687	0.925477	0.934904	0.930226	0.949832	0.949005	0.949552	0.989405	0.992927	0.964433	1.01282	0.972527	0.982663	1.08674	1.08557	1.08902	1.08672	1.11376	1.08588	0.840032	0.817449	0	0.814139	0.838243	0.842537	1.1244	1.11147	1.11256	1.11225	1.1131	1.12283	0.938334	0.942598	0.941574	0.943523	0.947448	0.941204	1.1412	1.12803	1.13304	1.1409	1.14062	1.13396	1.11359	1.13223	1.13039	1.1281	1.11349	1.11392	1.1076	1.10903	1.11136	1.10817	1.11159	1.10957	1.12818	1.14773	1.12919	1.15588	1.13016	1.14232	1.11421	1.11454	1.10694	1.10859	1.11483	1.10658	1.10046	1.10291	1.09846	1.09945	1.09543	1.09718	1.11184	1.12315	1.11281	1.12032	1.1111	1.11964	1.13333	1.1197	1.15268	1.13182	1.12554	1.13416
ERR614479	1.08984	1.08597	1.0923	1.08973	1.09598	1.09168	1.11217	1.119	1.09596	1.10036	1.11591	1.09406	0.881934	0.893106	0.883901	0.907787	0.906248	0.909728	0.950552	0.954556	0.922352	0.983243	0.934002	0.94593	1.04949	1.04847	1.05262	1.04936	1.0859	1.04715	0.804649	0.775005	0.814139	0	0.803526	0.808197	1.09077	1.07543	1.07667	1.0761	1.07789	1.09042	0.904942	0.908326	0.906673	0.909731	0.915974	0.906065	1.1086	1.09411	1.10077	1.10876	1.10799	1.10184	1.07648	1.09823	1.09723	1.09398	1.07625	1.07744	1.07205	1.07331	1.07667	1.07202	1.0774	1.07386	1.0889	1.11041	1.09057	1.11798	1.09108	1.10356	1.08023	1.07893	1.06959	1.07321	1.07917	1.06881	1.06553	1.06888	1.0623	1.06418	1.05908	1.06289	1.07428	1.08782	1.0779	1.08442	1.07368	1.08945	1.10171	1.08529	1.12421	1.09984	1.09369	1.10274
ERR614480	1.11306	1.10986	1.11527	1.11349	1.11864	1.11481	1.13529	1.14125	1.12031	1.12419	1.13865	1.11838	0.913386	0.922683	0.915485	0.93538	0.934085	0.937009	0.977667	0.980808	0.953115	1.00627	0.963135	0.973567	1.07718	1.07626	1.07999	1.07697	1.10959	1.07501	0.825299	0.809655	0.838243	0.803526	0	0.827963	1.11444	1.1009	1.10169	1.1012	1.10298	1.11415	0.932227	0.935085	0.93363	0.936596	0.941328	0.933218	1.13111	1.11782	1.12374	1.13113	1.13057	1.12493	1.10268	1.12225	1.12134	1.11846	1.10234	1.10323	1.09861	1.09948	1.10247	1.09828	1.10322	1.10013	1.11288	1.13306	1.11431	1.13965	1.11488	1.12684	1.10501	1.10383	1.09569	1.09859	1.10382	1.09494	1.09216	1.09527	1.08938	1.09088	1.08628	1.09009	1.09961	1.11179	1.10283	1.10886	1.09897	1.11264	1.12389	1.10935	1.14442	1.12247	1.11683	1.12509
ERR614482	1.11513	1.1119	1.11733	1.11524	1.12049	1.11667	1.13682	1.14326	1.1227	1.12629	1.14058	1.12066	0.916353	0.925883	0.918328	0.93811	0.936976	0.939176	0.979567	0.98308	0.955658	1.00778	0.965312	0.975695	1.0792	1.07819	1.08185	1.07908	1.11142	1.0773	0.82927	0.814516	0.842537	0.808197	0.827963	0	1.11647	1.10278	1.10371	1.10336	1.10489	1.116	0.935034	0.93731	0.936145	0.938795	0.943875	0.935939	1.13325	1.11984	1.12565	1.13282	1.13241	1.1264	1.10472	1.12431	1.12323	1.12053	1.10465	1.10563	1.10057	1.10163	1.10454	1.10018	1.10495	1.10214	1.1154	1.13518	1.11678	1.14175	1.11726	1.12879	1.10685	1.10596	1.09754	1.10064	1.1058	1.09725	1.09446	1.09732	1.09168	1.09297	1.08839	1.09191	1.10165	1.11381	1.1049	1.11088	1.101	1.11448	1.12612	1.11175	1.14641	1.12475	1.11887	1.12691
ERR635348	0.982738	0.978256	0.98387	0.982969	0.989766	0.983762	0.946067	0.955517	0.923796	0.930019	0.951558	0.921546	1.08828	1.09835	1.08922	1.10775	1.10703	1.10912	1.10515	1.10838	1.08403	1.12981	1.09354	1.10349	0.909447	0.909225	0.914468	0.910391	0.957074	0.908801	1.115	1.09718	1.1244	1.09077	1.11444	1.11647	0	0.804492	0.80472	0.80406	0.805077	0.823641	1.09291	1.09559	1.0946	1.09661	1.10179	1.09341	0.93949	0.918932	0.928843	0.940015	0.937772	0.930165	0.886993	0.913164	0.912584	0.908667	0.886924	0.887448	0.936934	0.937831	0.941225	0.935249	0.942579	0.938448	0.939235	0.966066	0.94086	0.974943	0.94216	0.956894	0.932288	0.930726	0.917852	0.922864	0.930572	0.917689	0.96093	0.964437	0.956032	0.959107	0.952093	0.958603	0.888098	0.904635	0.893874	0.900627	0.888383	0.908233	0.981809	0.962846	1.01202	0.980956	0.972992	0.983274
ERR635350	0.96804	0.962687	0.9692	0.9679	0.975685	0.969091	0.927357	0.93826	0.903861	0.91116	0.933636	0.901819	1.07351	1.08413	1.07457	1.09392	1.09314	1.09571	1.09083	1.09418	1.06883	1.1169	1.07877	1.08905	0.888057	0.887693	0.893965	0.889597	0.941251	0.886984	1.10123	1.08288	1.11147	1.07543	1.1009	1.10278	0.804492	0	0.776744	0.775897	0.782972	0.804068	1.07809	1.08088	1.07948	1.08217	1.08769	1.07852	0.923366	0.901328	0.912525	0.923575	0.921711	0.913208	0.865497	0.894315	0.893783	0.889627	0.8651	0.865745	0.914724	0.915682	0.919963	0.9128	0.921019	0.9164	0.919353	0.949054	0.921366	0.958598	0.92277	0.938724	0.912059	0.910003	0.895882	0.902017	0.909479	0.895907	0.941232	0.945037	0.935527	0.939043	0.931813	0.938465	0.865722	0.884602	0.87227	0.879999	0.866532	0.889322	0.965999	0.944936	0.998559	0.964991	0.956572	0.967802
ERR635349	0.968036	0.962779	0.969339	0.967992	0.975782	0.968899	0.927807	0.938265	0.90434	0.911017	0.933834	0.901905	1.07434	1.08487	1.07523	1.09436	1.09353	1.09643	1.09173	1.09492	1.06976	1.11761	1.07965	1.09003	0.888982	0.888496	0.894515	0.889884	0.941916	0.887363	1.10204	1.08364	1.11256	1.07667	1.10169	1.10371	0.80472	0.776744	0	0.775717	0.783244	0.80427	1.0789	1.08159	1.0805	1.0831	1.08832	1.07911	0.923944	0.901708	0.912769	0.924425	0.9226	0.914205	0.865324	0.894095	0.893459	0.889329	0.864501	0.865857	0.91574	0.916353	0.920481	0.913874	0.922071	0.91697	0.919395	0.948639	0.921353	0.958267	0.92274	0.938749	0.912718	0.91013	0.896241	0.902716	0.910006	0.896243	0.942052	0.945812	0.9365	0.939522	0.93257	0.939478	0.866208	0.884578	0.872518	0.880298	0.86646	0.889475	0.966478	0.945848	0.998638	0.965552	0.956963	0.968236
ERR635351	0.96744	0.962608	0.969074	0.967473	0.975404	0.968767	0.928123	0.938399	0.904156	0.911382	0.933926	0.901906	1.07389	1.08445	1.07452	1.0939	1.09325	1.09578	1.09118	1.09454	1.06911	1.11749	1.07913	1.08963	0.887989	0.887848	0.893489	0.889444	0.941328	0.886903	1.10175	1.08313	1.11225	1.0761	1.1012	1.10336	0.80406	0.775897	0.775717	0	0.782231	0.803261	1.0787	1.08121	1.08025	1.08258	1.08802	1.0789	0.922635	0.900572	0.911687	0.922928	0.921382	0.913052	0.865085	0.894072	0.893603	0.889152	0.864589	0.865343	0.91448	0.915794	0.919514	0.912712	0.920943	0.915827	0.918452	0.948056	0.92014	0.956986	0.921457	0.937521	0.91202	0.909766	0.895495	0.901758	0.909255	0.895394	0.941312	0.944987	0.935545	0.938594	0.931677	0.938899	0.864879	0.883635	0.871573	0.879166	0.865644	0.888954	0.966355	0.945617	0.998696	0.96537	0.957441	0.968072
ERR635346	0.969706	0.96449	0.97102	0.969889	0.976903	0.970597	0.929677	0.93991	0.905761	0.912872	0.93557	0.90362	1.07568	1.08644	1.07693	1.09639	1.09562	1.09817	1.0931	1.09659	1.07104	1.11911	1.08084	1.09123	0.891142	0.890596	0.896307	0.891811	0.942583	0.889988	1.10345	1.08455	1.1131	1.07789	1.10298	1.10489	0.805077	0.782972	0.783244	0.782231	0	0.804297	1.08025	1.0827	1.08165	1.08448	1.08959	1.08051	0.925815	0.903755	0.914619	0.926374	0.923862	0.915668	0.867791	0.896539	0.895837	0.892145	0.867732	0.86858	0.917607	0.918713	0.922438	0.916032	0.923458	0.919394	0.922509	0.95191	0.925089	0.96116	0.925923	0.94192	0.914572	0.91293	0.898687	0.904979	0.912043	0.898896	0.943814	0.947763	0.938479	0.941996	0.934821	0.941093	0.869302	0.88725	0.875129	0.883086	0.869913	0.891447	0.968131	0.947343	1.00022	0.966858	0.958703	0.969917
ERR635347	0.982969	0.978411	0.983605	0.98317	0.989936	0.984108	0.944006	0.9541	0.922164	0.92769	0.949768	0.920134	1.08865	1.09866	1.09018	1.10883	1.1081	1.11017	1.10538	1.10841	1.08394	1.12902	1.09302	1.10251	0.90956	0.908772	0.914168	0.910447	0.955533	0.90901	1.11444	1.09679	1.12283	1.09042	1.11415	1.116	0.823641	0.804068	0.80427	0.803261	0.804297	0	1.09189	1.09491	1.09377	1.09627	1.10106	1.09288	0.93927	0.918822	0.927917	0.939794	0.937917	0.929616	0.886265	0.911936	0.911374	0.907292	0.885898	0.886736	0.93588	0.936989	0.940263	0.934974	0.941066	0.937623	0.940376	0.967797	0.941971	0.977388	0.943175	0.958557	0.931634	0.930524	0.917979	0.922829	0.930098	0.917999	0.960059	0.963368	0.955383	0.958327	0.951533	0.957141	0.88797	0.904717	0.892526	0.900621	0.887907	0.905899	0.981541	0.962215	1.01174	0.980735	0.972324	0.982618
ERR637065	1.09735	1.09343	1.09925	1.09714	1.10246	1.09886	1.11179	1.11862	1.09586	1.09934	1.11537	1.09341	0.883015	0.891429	0.886066	0.907679	0.906617	0.907026	0.933716	0.937406	0.904813	0.96528	0.915651	0.926965	1.04063	1.03961	1.04394	1.04049	1.07474	1.03911	0.932954	0.91157	0.938334	0.904942	0.932227	0.935034	1.09291	1.07809	1.0789	1.0787	1.08025	1.09189	0	0.801001	0.799379	0.801217	0.805883	0.796493	1.11005	1.09544	1.10172	1.1094	1.10908	1.10255	1.07842	1.09912	1.09755	1.09486	1.07817	1.07903	1.06729	1.06871	1.07178	1.06736	1.07225	1.06907	1.09375	1.11507	1.09524	1.12266	1.09582	1.10828	1.08331	1.08334	1.07439	1.07778	1.0828	1.07389	1.04903	1.0524	1.04647	1.04748	1.04266	1.04528	1.07744	1.09078	1.08026	1.08714	1.07692	1.0899	1.1054	1.09032	1.12741	1.10402	1.09791	1.10647
ERR637067	1.09963	1.09569	1.10185	1.09937	1.10529	1.10131	1.11443	1.12117	1.09878	1.10272	1.11843	1.09666	0.885275	0.893652	0.888219	0.908556	0.907213	0.908465	0.9359	0.939415	0.907907	0.96792	0.919239	0.929744	1.04393	1.0428	1.04736	1.04381	1.0788	1.04224	0.935919	0.91518	0.942598	0.908326	0.935085	0.93731	1.09559	1.08088	1.08159	1.08121	1.0827	1.09491	0.801001	0	0.798511	0.800666	0.811419	0.801912	1.11232	1.09791	1.10401	1.11187	1.11145	1.10517	1.08088	1.10147	1.10053	1.0975	1.08075	1.08162	1.07034	1.07173	1.07492	1.07039	1.0757	1.0721	1.09484	1.1158	1.09644	1.12297	1.09719	1.1092	1.08659	1.08568	1.07709	1.08048	1.08554	1.07638	1.05237	1.05543	1.04949	1.05044	1.04549	1.04865	1.07969	1.09292	1.08293	1.08929	1.07954	1.09321	1.10798	1.0932	1.1301	1.10683	1.10065	1.10933
ERR637068	1.09843	1.09455	1.10083	1.09855	1.10399	1.10024	1.11346	1.1203	1.09759	1.10194	1.11738	1.09558	0.883585	0.891829	0.886301	0.906513	0.905913	0.907404	0.934073	0.937477	0.906091	0.966649	0.917215	0.927892	1.04273	1.04158	1.04589	1.0425	1.07785	1.04067	0.934813	0.913557	0.941574	0.906673	0.93363	0.936145	1.0946	1.07948	1.0805	1.08025	1.08165	1.09377	0.799379	0.798511	0	0.798584	0.809905	0.799834	1.11119	1.09617	1.1032	1.11056	1.11021	1.10407	1.08016	1.10063	1.09955	1.09657	1.07972	1.08049	1.0694	1.07084	1.07376	1.06919	1.07437	1.07109	1.09362	1.11465	1.09513	1.12201	1.09581	1.10779	1.08547	1.08446	1.07565	1.07912	1.08428	1.07511	1.05164	1.05467	1.0489	1.04944	1.04463	1.04784	1.07855	1.09174	1.08149	1.08815	1.07826	1.0923	1.10708	1.09201	1.12904	1.10571	1.0996	1.10839
ERR637066	1.10093	1.09708	1.10276	1.10068	1.10641	1.10278	1.11546	1.12244	1.09962	1.10413	1.11922	1.09762	0.885439	0.893543	0.888327	0.908561	0.907737	0.908732	0.936247	0.939748	0.908598	0.968085	0.918845	0.929818	1.04497	1.04374	1.04844	1.04461	1.07935	1.04324	0.936973	0.91681	0.943523	0.909731	0.936596	0.938795	1.09661	1.08217	1.0831	1.08258	1.08448	1.09627	0.801217	0.800666	0.798584	0	0.810663	0.801836	1.11355	1.09906	1.10548	1.113	1.11263	1.10648	1.08254	1.10266	1.10194	1.09886	1.08201	1.08288	1.07142	1.07287	1.07593	1.07121	1.07634	1.07318	1.09669	1.11738	1.0981	1.12443	1.09874	1.11071	1.08777	1.0872	1.07881	1.08188	1.08669	1.07813	1.05287	1.05622	1.05047	1.05117	1.04658	1.04952	1.08107	1.09444	1.08428	1.09103	1.08093	1.09455	1.10921	1.09427	1.13104	1.10798	1.10187	1.11047
ERR637063	1.10574	1.10201	1.10757	1.1057	1.1107	1.10731	1.12007	1.12685	1.10472	1.10852	1.12386	1.10244	0.892817	0.900507	0.896141	0.915359	0.914516	0.915504	0.941748	0.945197	0.914587	0.972336	0.924819	0.935194	1.05022	1.04893	1.05332	1.0502	1.08346	1.04881	0.942122	0.922154	0.947448	0.915974	0.941328	0.943875	1.10179	1.08769	1.08832	1.08802	1.08959	1.10106	0.805883	0.811419	0.809905	0.810663	0	0.806681	1.11786	1.10388	1.11011	1.11767	1.11732	1.11098	1.0878	1.10754	1.1065	1.10362	1.08744	1.08805	1.07647	1.07789	1.08081	1.07644	1.08148	1.0782	1.1022	1.12243	1.10359	1.1297	1.10408	1.11626	1.09275	1.09238	1.08374	1.08693	1.0921	1.08338	1.05816	1.06119	1.05557	1.05604	1.0518	1.05446	1.08658	1.09931	1.08921	1.09592	1.08602	1.09907	1.1141	1.09956	1.13521	1.1126	1.10663	1.1153
ERR637064	1.09691	1.0933	1.09962	1.09692	1.10284	1.09898	1.11249	1.11927	1.09633	1.10103	1.11622	1.09446	0.882765	0.89087	0.884866	0.90588	0.904708	0.906122	0.932923	0.936775	0.905148	0.965782	0.916137	0.927094	1.04125	1.03985	1.04433	1.04091	1.07669	1.03928	0.93406	0.913295	0.941204	0.906065	0.933218	0.935939	1.09341	1.07852	1.07911	1.0789	1.08051	1.09288	0.796493	0.801912	0.799834	0.801836	0.806681	0	1.10993	1.09521	1.10181	1.10955	1.10909	1.10295	1.07872	1.09924	1.09832	1.09535	1.07814	1.0792	1.06777	1.06934	1.07253	1.06783	1.07301	1.06971	1.09229	1.11326	1.09393	1.12067	1.0945	1.10683	1.08413	1.0834	1.07433	1.07804	1.08282	1.07369	1.04972	1.05286	1.04674	1.04767	1.04285	1.04624	1.07709	1.09059	1.08079	1.08677	1.07665	1.09146	1.10615	1.0907	1.12806	1.10469	1.09868	1.10749
