	ERR636885	ERR636883	ERR636886	ERR636884	ERR636887	ERR636888	ERR621924	ERR621920	ERR621922	ERR621923	ERR621919	ERR621921	ERR612903	ERR612904	ERR612906	ERR612907	ERR612908	ERR612905	ERR630040	ERR630041	ERR630039	ERR630036	ERR630038	ERR630037	ERR637122	ERR637119	ERR637118	ERR637120	ERR637117	ERR637121	ERR613997	ERR613999	ERR613998	ERR613996	ERR614001	ERR614000	ERR613681	ERR613679	ERR613677	ERR613678	ERR613682	ERR613680	ERR607730	ERR607731	ERR607733	ERR607734	ERR607732	ERR607729	ERR630510	ERR630507	ERR630506	ERR630511	ERR630508	ERR630509	ERR629692	ERR629693	ERR629696	ERR629694	ERR629697	ERR629695	ERR610968	ERR610965	ERR610966	ERR610969	ERR610970	ERR610967	ERR617096	ERR617095	ERR617100	ERR617099	ERR617098	ERR617097	ERR618499	ERR618495	ERR618500	ERR618496	ERR618497	ERR618498	ERR638157	ERR638156	ERR638158	ERR638155	ERR638154	ERR638153	ERR608700	ERR608696	ERR608699	ERR608697	ERR608695	ERR608698	ERR617256	ERR617257	ERR617255	ERR617253	ERR617254	ERR617258
ERR636885	7.9268e+09	7.47388e+09	6.06589e+09	7.67206e+09	6.15193e+09	6.03222e+09	6.25455e+09	6.71639e+09	6.67477e+09	6.33654e+09	7.14407e+09	6.68752e+09	7.37314e+09	5.6551e+09	6.36936e+09	6.16885e+09	6.24435e+09	6.94798e+09	5.43544e+09	5.65889e+09	4.7011e+09	6.12789e+09	5.85922e+09	5.4726e+09	8.05366e+09	8.11816e+09	8.13326e+09	7.97373e+09	7.84991e+09	7.9912e+09	7.52204e+09	7.45922e+09	6.70922e+09	7.83661e+09	7.48653e+09	7.47852e+09	7.03674e+09	7.29638e+09	7.68755e+09	7.56725e+09	5.99061e+09	7.09449e+09	7.0962e+09	7.09027e+09	6.98903e+09	7.02338e+09	6.9612e+09	6.80205e+09	7.5307e+09	7.03558e+09	7.34529e+09	7.564e+09	7.25662e+09	7.5429e+09	7.02284e+09	6.20807e+09	7.23659e+09	6.22516e+09	7.28772e+09	7.25121e+09	7.15961e+09	7.28202e+09	6.56263e+09	7.1459e+09	6.81651e+09	6.30073e+09	5.35279e+09	5.20437e+09	4.88494e+09	4.83339e+09	4.90497e+09	5.47717e+09	5.93591e+09	6.47328e+09	5.73229e+09	5.79199e+09	6.18719e+09	5.73673e+09	7.53564e+09	7.52434e+09	7.5444e+09	6.15664e+09	6.55674e+09	6.42599e+09	5.91032e+09	5.94116e+09	5.92247e+09	6.21053e+09	4.44601e+09	5.92831e+09	6.17934e+09	6.18847e+09	5.34929e+09	5.11047e+09	5.37228e+09	5.11485e+09
ERR636883	7.47388e+09	7.47526e+09	5.90996e+09	7.44759e+09	5.99306e+09	5.87763e+09	6.08415e+09	6.52791e+09	6.48765e+09	6.1636e+09	6.93721e+09	6.50055e+09	7.16104e+09	5.512e+09	6.20045e+09	6.00679e+09	6.07961e+09	6.75443e+09	5.28754e+09	5.50324e+09	4.57821e+09	5.95383e+09	5.69529e+09	5.32375e+09	7.80427e+09	7.86404e+09	7.87932e+09	7.72888e+09	7.61235e+09	7.74522e+09	7.30372e+09	7.24457e+09	6.53045e+09	7.6014e+09	7.26987e+09	7.26306e+09	6.82988e+09	7.07997e+09	7.45145e+09	7.3374e+09	5.82745e+09	6.88558e+09	6.90197e+09	6.89535e+09	6.7996e+09	6.83233e+09	6.7732e+09	6.62223e+09	7.30905e+09	6.83932e+09	7.13338e+09	7.34068e+09	7.04974e+09	7.32135e+09	6.81922e+09	6.03638e+09	7.0239e+09	6.05333e+09	7.07268e+09	7.03799e+09	6.94996e+09	7.0667e+09	6.37642e+09	6.93643e+09	6.62126e+09	6.12473e+09	5.19035e+09	5.04721e+09	4.73887e+09	4.68953e+09	4.75808e+09	5.30967e+09	5.75526e+09	6.27034e+09	5.55995e+09	5.61781e+09	5.99695e+09	5.56435e+09	7.30963e+09	7.29908e+09	7.31861e+09	5.98838e+09	6.37297e+09	6.24732e+09	5.72885e+09	5.75926e+09	5.7404e+09	6.01657e+09	4.32132e+09	5.74657e+09	5.98518e+09	5.99421e+09	5.18847e+09	4.95945e+09	5.21161e+09	4.96333e+09
ERR636886	6.06589e+09	5.90996e+09	5.07754e+09	6.0497e+09	4.97637e+09	4.88885e+09	5.02565e+09	5.36085e+09	5.33206e+09	5.08641e+09	5.66762e+09	5.3403e+09	5.81611e+09	4.56369e+09	5.10068e+09	4.95208e+09	5.00927e+09	5.51093e+09	4.37121e+09	4.53874e+09	3.81451e+09	4.89858e+09	4.70042e+09	4.41192e+09	6.29153e+09	6.33207e+09	6.34729e+09	6.23503e+09	6.14783e+09	6.24738e+09	5.93435e+09	5.89297e+09	5.35335e+09	6.15505e+09	5.91193e+09	5.90659e+09	5.58966e+09	5.76576e+09	6.04651e+09	5.9579e+09	4.82661e+09	5.63049e+09	5.63182e+09	5.62235e+09	5.55483e+09	5.57947e+09	5.53406e+09	5.42045e+09	5.92166e+09	5.56259e+09	5.78734e+09	5.94397e+09	5.72529e+09	5.93165e+09	5.56524e+09	4.97273e+09	5.71655e+09	4.98551e+09	5.75141e+09	5.72758e+09	5.64885e+09	5.73781e+09	5.21671e+09	5.64075e+09	5.39581e+09	5.02751e+09	4.29125e+09	4.17408e+09	3.92628e+09	3.88896e+09	3.94291e+09	4.38684e+09	4.74423e+09	5.13553e+09	4.59212e+09	4.6327e+09	4.92588e+09	4.59807e+09	5.93819e+09	5.93148e+09	5.94552e+09	4.95038e+09	5.23954e+09	5.14377e+09	4.72822e+09	4.75078e+09	4.73764e+09	4.95074e+09	3.60933e+09	4.74309e+09	4.92197e+09	4.92986e+09	4.30536e+09	4.12034e+09	4.3232e+09	4.11833e+09
ERR636884	7.67206e+09	7.44759e+09	6.0497e+09	7.8739e+09	6.13438e+09	6.01551e+09	6.23549e+09	6.69532e+09	6.6549e+09	6.3185e+09	7.12212e+09	6.66626e+09	7.3444e+09	5.63334e+09	6.34613e+09	6.14665e+09	6.22174e+09	6.91892e+09	5.41126e+09	5.63338e+09	4.68081e+09	6.10637e+09	5.83864e+09	5.45247e+09	8.01749e+09	8.07918e+09	8.09823e+09	7.93795e+09	7.81433e+09	7.95551e+09	7.49592e+09	7.43484e+09	6.68406e+09	7.80999e+09	7.46205e+09	7.45398e+09	7.0125e+09	7.26565e+09	7.65709e+09	7.53499e+09	5.96862e+09	7.06963e+09	7.06712e+09	7.05784e+09	6.95899e+09	6.99348e+09	6.93098e+09	6.77308e+09	7.49754e+09	7.00225e+09	7.31313e+09	7.53061e+09	7.22554e+09	7.5105e+09	6.9981e+09	6.18525e+09	7.20964e+09	6.20422e+09	7.25986e+09	7.22447e+09	7.12836e+09	7.25093e+09	6.5342e+09	7.11498e+09	6.78425e+09	6.2759e+09	5.34015e+09	5.1896e+09	4.86726e+09	4.81696e+09	4.88853e+09	5.46423e+09	5.92181e+09	6.45415e+09	5.71853e+09	5.77443e+09	6.16858e+09	5.72362e+09	7.50915e+09	7.49789e+09	7.51852e+09	6.14178e+09	6.53874e+09	6.40782e+09	5.89845e+09	5.92848e+09	5.91039e+09	6.19934e+09	4.43237e+09	5.91749e+09	6.1662e+09	6.17553e+09	5.33932e+09	5.09809e+09	5.36181e+09	5.09702e+09
ERR636887	6.15193e+09	5.99306e+09	4.97637e+09	6.13438e+09	5.20534e+09	4.95061e+09	5.08976e+09	5.43236e+09	5.40246e+09	5.15198e+09	5.74483e+09	5.41108e+09	5.89974e+09	4.6255e+09	5.17057e+09	5.01963e+09	5.07686e+09	5.58991e+09	4.42888e+09	4.59894e+09	3.86343e+09	4.96271e+09	4.76105e+09	4.4679e+09	6.38293e+09	6.42554e+09	6.43968e+09	6.32612e+09	6.23724e+09	6.33855e+09	6.01832e+09	5.97549e+09	5.42845e+09	6.24229e+09	5.99553e+09	5.98977e+09	5.6639e+09	5.84543e+09	6.13075e+09	6.04189e+09	4.88709e+09	5.70592e+09	5.7122e+09	5.70361e+09	5.63435e+09	5.65898e+09	5.61305e+09	5.49753e+09	6.00758e+09	5.64371e+09	5.87125e+09	6.03063e+09	5.80801e+09	6.0179e+09	5.64095e+09	5.03787e+09	5.79578e+09	5.05103e+09	5.83172e+09	5.8073e+09	5.72834e+09	5.81886e+09	5.28825e+09	5.7192e+09	5.4715e+09	5.09493e+09	4.34161e+09	4.22392e+09	3.97378e+09	3.93555e+09	3.99023e+09	4.43882e+09	4.80177e+09	5.19952e+09	4.64683e+09	4.68966e+09	4.98668e+09	4.65209e+09	6.02112e+09	6.01414e+09	6.02835e+09	5.01315e+09	5.30816e+09	5.21068e+09	4.78379e+09	4.80691e+09	4.79304e+09	5.00915e+09	3.65129e+09	4.79884e+09	4.98051e+09	4.9882e+09	4.35378e+09	4.16747e+09	4.37192e+09	4.16723e+09
ERR636888	6.03222e+09	5.87763e+09	4.88885e+09	6.01551e+09	4.95061e+09	5.02485e+09	4.99963e+09	5.33343e+09	5.30404e+09	5.06012e+09	5.63733e+09	5.3128e+09	5.78585e+09	4.5436e+09	5.07599e+09	4.92872e+09	4.98535e+09	5.48422e+09	4.3548e+09	4.52147e+09	3.80122e+09	4.87682e+09	4.6796e+09	4.39365e+09	6.25749e+09	6.2991e+09	6.31314e+09	6.20199e+09	6.11564e+09	6.2144e+09	5.90122e+09	5.85992e+09	5.32678e+09	6.11976e+09	5.87871e+09	5.87326e+09	5.55988e+09	5.73661e+09	6.0144e+09	5.92735e+09	4.80297e+09	5.60051e+09	5.6033e+09	5.59502e+09	5.52753e+09	5.55187e+09	5.50683e+09	5.39409e+09	5.89136e+09	5.53585e+09	5.75851e+09	5.91365e+09	5.6965e+09	5.90104e+09	5.53741e+09	4.94987e+09	5.68797e+09	4.9624e+09	5.72226e+09	5.69874e+09	5.62162e+09	5.70896e+09	5.19269e+09	5.61318e+09	5.37062e+09	5.00446e+09	4.27064e+09	4.15521e+09	3.90991e+09	3.87266e+09	3.92635e+09	4.36531e+09	4.7204e+09	5.10897e+09	4.56974e+09	4.61158e+09	4.90173e+09	4.57488e+09	5.90658e+09	5.89956e+09	5.91347e+09	4.9251e+09	5.21333e+09	5.11797e+09	4.70355e+09	4.72589e+09	4.71213e+09	4.92376e+09	3.59407e+09	4.71866e+09	4.89618e+09	4.904e+09	4.28388e+09	4.10118e+09	4.30176e+09	4.10121e+09
ERR621924	6.25455e+09	6.08415e+09	5.02565e+09	6.23549e+09	5.08976e+09	4.99963e+09	5.62598e+09	5.79951e+09	5.76984e+09	5.50064e+09	6.1374e+09	5.77757e+09	6.10081e+09	4.77786e+09	5.34767e+09	5.19247e+09	5.25126e+09	5.77812e+09	4.50466e+09	4.68151e+09	3.92106e+09	5.06649e+09	4.85535e+09	4.54799e+09	6.59061e+09	6.64078e+09	6.65332e+09	6.52495e+09	6.42361e+09	6.53952e+09	6.19047e+09	6.14394e+09	5.56076e+09	6.43713e+09	6.16331e+09	6.15915e+09	5.9671e+09	6.15797e+09	6.4652e+09	6.36993e+09	5.13652e+09	6.00976e+09	5.78812e+09	5.78132e+09	5.70604e+09	5.73365e+09	5.68296e+09	5.55802e+09	6.1265e+09	5.72889e+09	5.97798e+09	6.15415e+09	5.90686e+09	6.13654e+09	5.74106e+09	5.11325e+09	5.90148e+09	5.12608e+09	5.94229e+09	5.91382e+09	5.84239e+09	5.93937e+09	5.38416e+09	5.83291e+09	5.57363e+09	5.18486e+09	4.47151e+09	4.34883e+09	4.08655e+09	4.04626e+09	4.10414e+09	4.57422e+09	4.94174e+09	5.36406e+09	4.77917e+09	4.8255e+09	5.1375e+09	4.78354e+09	6.12904e+09	6.12014e+09	6.13656e+09	5.07884e+09	5.38402e+09	5.2831e+09	4.91939e+09	4.94017e+09	4.9278e+09	5.15639e+09	3.72749e+09	4.93423e+09	5.13326e+09	5.14219e+09	4.47229e+09	4.27702e+09	4.48907e+09	4.27717e+09
ERR621920	6.71639e+09	6.52791e+09	5.36085e+09	6.69532e+09	5.43236e+09	5.33343e+09	5.79951e+09	6.42732e+09	6.17327e+09	5.87509e+09	6.58755e+09	6.18541e+09	6.55256e+09	5.09371e+09	5.71852e+09	5.54709e+09	5.61164e+09	6.19667e+09	4.81628e+09	5.00951e+09	4.18067e+09	5.42825e+09	5.19652e+09	4.86084e+09	7.09495e+09	7.15146e+09	7.16428e+09	7.02235e+09	6.91009e+09	7.03879e+09	6.64787e+09	6.59583e+09	5.9558e+09	6.92103e+09	6.61722e+09	6.61222e+09	6.39686e+09	6.61108e+09	6.95283e+09	6.84807e+09	5.48164e+09	6.4448e+09	6.20499e+09	6.19851e+09	6.11439e+09	6.14474e+09	6.08946e+09	5.95215e+09	6.58387e+09	6.14917e+09	6.42117e+09	6.61468e+09	6.34324e+09	6.59402e+09	6.16297e+09	5.47348e+09	6.34147e+09	5.48644e+09	6.38648e+09	6.35406e+09	6.27915e+09	6.38655e+09	5.77642e+09	6.268e+09	5.98501e+09	5.55525e+09	4.78129e+09	4.65046e+09	4.36834e+09	4.32392e+09	4.38689e+09	4.89392e+09	5.28921e+09	5.75338e+09	5.11104e+09	5.16408e+09	5.50489e+09	5.11509e+09	6.59067e+09	6.58025e+09	6.59879e+09	5.43136e+09	5.76705e+09	5.65623e+09	5.26486e+09	5.28795e+09	5.27439e+09	5.52372e+09	3.97148e+09	5.28053e+09	5.50237e+09	5.51224e+09	4.78028e+09	4.56935e+09	4.79831e+09	4.57151e+09
ERR621922	6.67477e+09	6.48765e+09	5.33206e+09	6.6549e+09	5.40246e+09	5.30404e+09	5.76984e+09	6.17327e+09	6.3533e+09	5.84498e+09	6.54728e+09	6.14982e+09	6.50691e+09	5.059e+09	5.68068e+09	5.51036e+09	5.5749e+09	6.15166e+09	4.77859e+09	4.96972e+09	4.14887e+09	5.3885e+09	5.1594e+09	4.82502e+09	7.04603e+09	7.10108e+09	7.11544e+09	6.97341e+09	6.86154e+09	6.98944e+09	6.60527e+09	6.5545e+09	5.91283e+09	6.8778e+09	6.57641e+09	6.57131e+09	6.3611e+09	6.56767e+09	6.90883e+09	6.80247e+09	5.45055e+09	6.40799e+09	6.16139e+09	6.153e+09	6.07129e+09	6.10084e+09	6.04571e+09	5.90924e+09	6.53692e+09	6.10045e+09	6.37373e+09	6.56633e+09	6.29585e+09	6.54776e+09	6.12043e+09	5.43521e+09	6.29558e+09	5.44937e+09	6.34021e+09	6.30988e+09	6.23118e+09	6.33715e+09	5.73091e+09	6.22071e+09	5.93671e+09	5.5145e+09	4.75819e+09	4.6257e+09	4.34179e+09	4.29871e+09	4.36128e+09	4.86938e+09	5.26329e+09	5.72157e+09	5.08645e+09	5.135e+09	5.475e+09	5.09113e+09	6.54441e+09	6.53441e+09	6.55248e+09	5.39833e+09	5.73023e+09	5.61973e+09	5.24143e+09	5.2637e+09	5.25066e+09	5.49933e+09	3.95155e+09	5.25779e+09	5.47579e+09	5.48468e+09	4.75765e+09	4.54537e+09	4.7754e+09	4.54457e+09
ERR621923	6.33654e+09	6.1636e+09	5.08641e+09	6.3185e+09	5.15198e+09	5.06012e+09	5.50064e+09	5.87509e+09	5.84498e+09	5.76763e+09	6.22003e+09	5.85251e+09	6.18271e+09	4.83512e+09	5.41584e+09	5.25751e+09	5.31771e+09	5.85421e+09	4.5626e+09	4.74248e+09	3.96973e+09	5.13421e+09	4.91972e+09	4.60699e+09	6.67998e+09	6.73128e+09	6.7445e+09	6.61351e+09	6.51008e+09	6.62818e+09	6.27241e+09	6.22559e+09	5.63093e+09	6.52394e+09	6.24505e+09	6.24101e+09	6.04694e+09	6.24042e+09	6.5548e+09	6.4578e+09	5.20043e+09	6.09022e+09	5.86185e+09	5.85505e+09	5.77828e+09	5.80651e+09	5.755e+09	5.62811e+09	6.20795e+09	5.8039e+09	6.05702e+09	6.23604e+09	5.9845e+09	6.21806e+09	5.81829e+09	5.17941e+09	5.9818e+09	5.19213e+09	6.02284e+09	5.99426e+09	5.92195e+09	6.02034e+09	5.45536e+09	5.91171e+09	5.64811e+09	5.25298e+09	4.53095e+09	4.40691e+09	4.14015e+09	4.09934e+09	4.15834e+09	4.63559e+09	5.00761e+09	5.43722e+09	4.84199e+09	4.88977e+09	5.20665e+09	4.84645e+09	6.21343e+09	6.20411e+09	6.22076e+09	5.14407e+09	5.45398e+09	5.35157e+09	4.98588e+09	5.00695e+09	4.99414e+09	5.22635e+09	3.7743e+09	5.00087e+09	5.20486e+09	5.21328e+09	4.53139e+09	4.33339e+09	4.54905e+09	4.33335e+09
ERR621919	7.14407e+09	6.93721e+09	5.66762e+09	7.12212e+09	5.74483e+09	5.63733e+09	6.1374e+09	6.58755e+09	6.54728e+09	6.22003e+09	7.24302e+09	6.55901e+09	6.96014e+09	5.36903e+09	6.04653e+09	5.85936e+09	5.93039e+09	6.56758e+09	5.08827e+09	5.29625e+09	4.40619e+09	5.75409e+09	5.50339e+09	5.13847e+09	7.56285e+09	7.62386e+09	7.63987e+09	7.48219e+09	7.357e+09	7.50019e+09	7.06765e+09	7.01143e+09	6.30485e+09	7.37018e+09	7.03516e+09	7.02967e+09	6.79944e+09	7.02906e+09	7.40921e+09	7.29127e+09	5.79797e+09	6.85127e+09	6.57808e+09	6.56932e+09	6.4789e+09	6.51174e+09	6.45146e+09	6.30082e+09	6.99929e+09	6.51947e+09	6.82046e+09	7.03242e+09	6.73434e+09	7.01094e+09	6.54712e+09	5.79541e+09	6.74002e+09	5.81124e+09	6.78835e+09	6.75491e+09	6.67027e+09	6.7878e+09	6.12288e+09	6.65888e+09	6.34789e+09	5.88563e+09	5.07863e+09	4.93621e+09	4.6298e+09	4.58253e+09	4.65065e+09	5.19988e+09	5.6213e+09	6.12352e+09	5.42859e+09	5.48136e+09	5.85165e+09	5.43278e+09	7.01062e+09	6.99974e+09	7.01972e+09	5.75109e+09	6.11438e+09	5.99384e+09	5.59806e+09	5.62162e+09	5.60871e+09	5.88016e+09	4.19825e+09	5.6152e+09	5.85815e+09	5.86788e+09	5.07599e+09	4.84621e+09	5.09378e+09	4.84463e+09
ERR621921	6.68752e+09	6.50055e+09	5.3403e+09	6.66626e+09	5.41108e+09	5.3128e+09	5.77757e+09	6.18541e+09	6.14982e+09	5.85251e+09	6.55901e+09	6.37621e+09	6.52333e+09	5.07287e+09	5.69422e+09	5.52381e+09	5.58798e+09	6.16879e+09	4.7939e+09	4.98494e+09	4.16206e+09	5.40043e+09	5.17016e+09	4.83735e+09	7.06079e+09	7.11789e+09	7.13039e+09	6.98906e+09	6.87828e+09	7.00483e+09	6.61551e+09	6.56395e+09	5.92551e+09	6.88693e+09	6.58594e+09	6.58049e+09	6.37164e+09	6.58251e+09	6.92199e+09	6.81737e+09	5.46074e+09	6.41899e+09	6.17527e+09	6.16884e+09	6.08562e+09	6.11542e+09	6.06015e+09	5.92449e+09	6.55383e+09	6.11924e+09	6.39067e+09	6.58355e+09	6.31231e+09	6.56387e+09	6.13413e+09	5.44814e+09	6.31075e+09	5.46166e+09	6.35491e+09	6.32392e+09	6.24883e+09	6.35412e+09	5.74733e+09	6.23712e+09	5.95553e+09	5.52878e+09	4.76385e+09	4.63266e+09	4.35182e+09	4.30714e+09	4.36989e+09	4.87532e+09	5.26942e+09	5.73045e+09	5.09236e+09	5.14392e+09	5.48407e+09	5.09679e+09	6.56015e+09	6.54955e+09	6.56785e+09	5.40774e+09	5.74141e+09	5.63157e+09	5.24614e+09	5.26913e+09	5.25548e+09	5.50336e+09	3.95964e+09	5.26162e+09	5.48049e+09	5.48988e+09	4.76192e+09	4.55137e+09	4.77975e+09	4.55439e+09
ERR612903	7.37314e+09	7.16104e+09	5.81611e+09	7.3444e+09	5.89974e+09	5.78585e+09	6.10081e+09	6.55256e+09	6.50691e+09	6.18271e+09	6.96014e+09	6.52333e+09	7.65268e+09	5.7066e+09	6.41915e+09	6.2188e+09	6.29178e+09	7.00923e+09	5.46615e+09	5.68724e+09	4.74034e+09	6.13411e+09	5.87049e+09	5.49502e+09	7.75635e+09	7.82258e+09	7.83133e+09	7.68316e+09	7.57021e+09	7.69811e+09	7.30233e+09	7.23782e+09	6.53247e+09	7.60065e+09	7.26456e+09	7.25711e+09	6.82285e+09	7.08815e+09	7.45528e+09	7.34735e+09	5.82504e+09	6.87919e+09	6.88618e+09	6.88379e+09	6.78381e+09	6.81593e+09	6.75789e+09	6.60725e+09	7.45175e+09	6.98043e+09	7.2774e+09	7.48509e+09	7.1906e+09	7.4616e+09	6.98528e+09	6.19438e+09	7.19592e+09	6.21068e+09	7.24633e+09	7.20839e+09	7.1438e+09	7.26075e+09	6.56184e+09	7.12758e+09	6.81449e+09	6.30356e+09	5.35624e+09	5.21674e+09	4.90722e+09	4.85488e+09	4.92387e+09	5.47547e+09	5.91791e+09	6.44856e+09	5.72139e+09	5.78956e+09	6.17113e+09	5.72397e+09	7.48323e+09	7.4705e+09	7.49245e+09	6.1384e+09	6.53156e+09	6.40389e+09	5.89281e+09	5.92444e+09	5.9044e+09	6.18116e+09	4.47393e+09	5.90902e+09	6.15322e+09	6.16378e+09	5.34558e+09	5.12086e+09	5.3712e+09	5.13181e+09
ERR612904	5.6551e+09	5.512e+09	4.56369e+09	5.63334e+09	4.6255e+09	4.5436e+09	4.77786e+09	5.09371e+09	5.059e+09	4.83512e+09	5.36903e+09	5.07287e+09	5.7066e+09	4.69133e+09	5.03383e+09	4.89532e+09	4.94504e+09	5.43427e+09	4.28704e+09	4.44665e+09	3.75754e+09	4.75411e+09	4.56802e+09	4.30271e+09	5.90379e+09	5.94844e+09	5.95202e+09	5.8566e+09	5.78239e+09	5.86605e+09	5.60926e+09	5.56467e+09	5.09536e+09	5.80411e+09	5.58221e+09	5.5771e+09	5.25974e+09	5.45362e+09	5.69903e+09	5.6301e+09	4.5672e+09	5.29976e+09	5.34145e+09	5.34287e+09	5.27375e+09	5.29541e+09	5.25603e+09	5.15409e+09	5.71508e+09	5.40733e+09	5.60194e+09	5.73768e+09	5.54422e+09	5.7213e+09	5.36559e+09	4.81581e+09	5.51536e+09	4.82491e+09	5.55097e+09	5.52335e+09	5.48391e+09	5.56332e+09	5.07802e+09	5.47032e+09	5.25996e+09	4.89209e+09	4.1101e+09	4.01322e+09	3.79332e+09	3.75406e+09	3.803e+09	4.1968e+09	4.53384e+09	4.9151e+09	4.39408e+09	4.4532e+09	4.72014e+09	4.39582e+09	5.71318e+09	5.70402e+09	5.71865e+09	4.76851e+09	5.04665e+09	4.95764e+09	4.50463e+09	4.52976e+09	4.51243e+09	4.70602e+09	3.49072e+09	4.51596e+09	4.68561e+09	4.69414e+09	4.10889e+09	3.95391e+09	4.13134e+09	3.97042e+09
ERR612906	6.36936e+09	6.20045e+09	5.10068e+09	6.34613e+09	5.17057e+09	5.07599e+09	5.34767e+09	5.71852e+09	5.68068e+09	5.41584e+09	6.04653e+09	5.69422e+09	6.41915e+09	5.03383e+09	5.80512e+09	5.46249e+09	5.52241e+09	6.09222e+09	4.77577e+09	4.96022e+09	4.16657e+09	5.33138e+09	5.11356e+09	4.80284e+09	6.66036e+09	6.71105e+09	6.71804e+09	6.60267e+09	6.51219e+09	6.61472e+09	6.31339e+09	6.26331e+09	5.69826e+09	6.54811e+09	6.28385e+09	6.27849e+09	5.92152e+09	6.13779e+09	6.43447e+09	6.34853e+09	5.10384e+09	5.96836e+09	5.98064e+09	5.9789e+09	5.90025e+09	5.92627e+09	5.87833e+09	5.75685e+09	6.42899e+09	6.05451e+09	6.29049e+09	6.45534e+09	6.22155e+09	6.43745e+09	6.04088e+09	5.39424e+09	6.21414e+09	5.40646e+09	6.25467e+09	6.22428e+09	6.16775e+09	6.26231e+09	5.69185e+09	6.15387e+09	5.89887e+09	5.47909e+09	4.63836e+09	4.52282e+09	4.26536e+09	4.22162e+09	4.2787e+09	4.73939e+09	5.11867e+09	5.55478e+09	4.95511e+09	5.01373e+09	5.3268e+09	4.95831e+09	6.45098e+09	6.44127e+09	6.45809e+09	5.35063e+09	5.67274e+09	5.56813e+09	5.09477e+09	5.12131e+09	5.10428e+09	5.33109e+09	3.90964e+09	5.10902e+09	5.3055e+09	5.31496e+09	4.63788e+09	4.4516e+09	4.66022e+09	4.46288e+09
ERR612907	6.16885e+09	6.00679e+09	4.95208e+09	6.14665e+09	5.01963e+09	4.92872e+09	5.19247e+09	5.54709e+09	5.51036e+09	5.25751e+09	5.85936e+09	5.52381e+09	6.2188e+09	4.89532e+09	5.46249e+09	5.47778e+09	5.3622e+09	5.90699e+09	4.6392e+09	4.81604e+09	4.05248e+09	5.17064e+09	4.9624e+09	4.66375e+09	6.44655e+09	6.49533e+09	6.50192e+09	6.39188e+09	6.30525e+09	6.40282e+09	6.1157e+09	6.06778e+09	5.52837e+09	6.34016e+09	6.08729e+09	6.08186e+09	5.74007e+09	5.94786e+09	6.22998e+09	6.14842e+09	4.95747e+09	5.78454e+09	5.79869e+09	5.79756e+09	5.72204e+09	5.74719e+09	5.70102e+09	5.58472e+09	6.22653e+09	5.86928e+09	6.09421e+09	6.25187e+09	6.02865e+09	6.23424e+09	5.85131e+09	5.23231e+09	6.01703e+09	5.24375e+09	6.0564e+09	6.02745e+09	5.97465e+09	6.0651e+09	5.51981e+09	5.96183e+09	5.7178e+09	5.31479e+09	4.49663e+09	4.38633e+09	4.13795e+09	4.09592e+09	4.15117e+09	4.59403e+09	4.96109e+09	5.38043e+09	4.80413e+09	4.86203e+09	5.16206e+09	4.80721e+09	6.24512e+09	6.2356e+09	6.25146e+09	5.19019e+09	5.49966e+09	5.39994e+09	4.93682e+09	4.96267e+09	4.94585e+09	5.16365e+09	3.79754e+09	4.95039e+09	5.13807e+09	5.14711e+09	4.49655e+09	4.31798e+09	4.51884e+09	4.33023e+09
ERR612908	6.24435e+09	6.07961e+09	5.00927e+09	6.22174e+09	5.07686e+09	4.98535e+09	5.25126e+09	5.61164e+09	5.5749e+09	5.31771e+09	5.93039e+09	5.58798e+09	6.29178e+09	4.94504e+09	5.52241e+09	5.3622e+09	5.59914e+09	5.97413e+09	4.69153e+09	4.87131e+09	4.09659e+09	5.23323e+09	5.02143e+09	4.71818e+09	6.52598e+09	6.57499e+09	6.5822e+09	6.46965e+09	6.38154e+09	6.48111e+09	6.18881e+09	6.14044e+09	5.59022e+09	6.41778e+09	6.16031e+09	6.15525e+09	5.80915e+09	6.02022e+09	6.30717e+09	6.22342e+09	5.013e+09	5.85458e+09	5.8642e+09	5.86247e+09	5.78598e+09	5.8115e+09	5.76462e+09	5.6463e+09	6.3013e+09	5.93686e+09	6.16616e+09	6.32661e+09	6.09956e+09	6.30954e+09	5.9245e+09	5.29543e+09	6.09297e+09	5.30664e+09	6.13227e+09	6.103e+09	6.04811e+09	6.13986e+09	5.58589e+09	6.03496e+09	5.78645e+09	5.37768e+09	4.55499e+09	4.44181e+09	4.18958e+09	4.14697e+09	4.2032e+09	4.65398e+09	5.02548e+09	5.45118e+09	4.86621e+09	4.92386e+09	5.22907e+09	4.86927e+09	6.3241e+09	6.31469e+09	6.33155e+09	5.25386e+09	5.56762e+09	5.46611e+09	5.00161e+09	5.02752e+09	5.01091e+09	5.2324e+09	3.84374e+09	5.01589e+09	5.20712e+09	5.21628e+09	4.55558e+09	4.37324e+09	4.57766e+09	4.38487e+09
ERR612905	6.94798e+09	6.75443e+09	5.51093e+09	6.91892e+09	5.58991e+09	5.48422e+09	5.77812e+09	6.19667e+09	6.15166e+09	5.85421e+09	6.56758e+09	6.16879e+09	7.00923e+09	5.43427e+09	6.09222e+09	5.90699e+09	5.97413e+09	6.83939e+09	5.18471e+09	5.39056e+09	4.50813e+09	5.79522e+09	5.55147e+09	5.20675e+09	7.29627e+09	7.35729e+09	7.36123e+09	7.23101e+09	7.12961e+09	7.2442e+09	6.88478e+09	6.82402e+09	6.19085e+09	7.15124e+09	6.84824e+09	6.8415e+09	6.43472e+09	6.6873e+09	7.01938e+09	6.92506e+09	5.51984e+09	6.48789e+09	6.5148e+09	6.51637e+09	6.42403e+09	6.45316e+09	6.40014e+09	6.26339e+09	7.0266e+09	6.60627e+09	6.87127e+09	7.05742e+09	6.79233e+09	7.03503e+09	6.5848e+09	5.85881e+09	6.78084e+09	5.87092e+09	6.82725e+09	6.7913e+09	6.73725e+09	6.84303e+09	6.20261e+09	6.72081e+09	6.43874e+09	5.95993e+09	5.03178e+09	4.90786e+09	4.62716e+09	4.57677e+09	4.64059e+09	5.1427e+09	5.55807e+09	6.05075e+09	5.37696e+09	5.44698e+09	5.79596e+09	5.37938e+09	7.04323e+09	7.03058e+09	7.05078e+09	5.79767e+09	6.16233e+09	6.04547e+09	5.52877e+09	5.55964e+09	5.53909e+09	5.79153e+09	4.22602e+09	5.54385e+09	5.76655e+09	5.77691e+09	5.02251e+09	4.81982e+09	5.04798e+09	4.83915e+09
ERR630040	5.43544e+09	5.28754e+09	4.37121e+09	5.41126e+09	4.42888e+09	4.3548e+09	4.50466e+09	4.81628e+09	4.77859e+09	4.5626e+09	5.08827e+09	4.7939e+09	5.46615e+09	4.28704e+09	4.77577e+09	4.6392e+09	4.69153e+09	5.18471e+09	4.93068e+09	4.93614e+09	4.1773e+09	5.27022e+09	5.06914e+09	4.78307e+09	5.7166e+09	5.77148e+09	5.76694e+09	5.66565e+09	5.58136e+09	5.67534e+09	5.37672e+09	5.32917e+09	4.85377e+09	5.5897e+09	5.34751e+09	5.3422e+09	5.06606e+09	5.25455e+09	5.49963e+09	5.43414e+09	4.40019e+09	5.10378e+09	5.09209e+09	5.10164e+09	5.02682e+09	5.05011e+09	5.00971e+09	4.89992e+09	5.70804e+09	5.36077e+09	5.57932e+09	5.73658e+09	5.51028e+09	5.71268e+09	5.70308e+09	5.13449e+09	5.85213e+09	5.13974e+09	5.88973e+09	5.85931e+09	5.8065e+09	5.89216e+09	5.39472e+09	5.79227e+09	5.57676e+09	5.20522e+09	4.67831e+09	4.57697e+09	4.34177e+09	4.29573e+09	4.35076e+09	4.77684e+09	5.08547e+09	5.49981e+09	4.93505e+09	4.99985e+09	5.29006e+09	4.93797e+09	6.01696e+09	6.00669e+09	6.02138e+09	5.04415e+09	5.32838e+09	5.23836e+09	5.03824e+09	5.06166e+09	5.04397e+09	5.24802e+09	3.9292e+09	5.04601e+09	5.2917e+09	5.30078e+09	4.66237e+09	4.49476e+09	4.68341e+09	4.5238e+09
ERR630041	5.65889e+09	5.50324e+09	4.53874e+09	5.63338e+09	4.59894e+09	4.52147e+09	4.68151e+09	5.00951e+09	4.96972e+09	4.74248e+09	5.29625e+09	4.98494e+09	5.68724e+09	4.44665e+09	4.96022e+09	4.81604e+09	4.87131e+09	5.39056e+09	4.93614e+09	5.29704e+09	4.31971e+09	5.47499e+09	5.26213e+09	4.95926e+09	5.95687e+09	6.01455e+09	6.00955e+09	5.90306e+09	5.81402e+09	5.91315e+09	5.59792e+09	5.54788e+09	5.04702e+09	5.82236e+09	5.56691e+09	5.56134e+09	5.27141e+09	5.46986e+09	5.72828e+09	5.65872e+09	4.56892e+09	5.31106e+09	5.29724e+09	5.30627e+09	5.22788e+09	5.25222e+09	5.20969e+09	5.09428e+09	5.93944e+09	5.57301e+09	5.8031e+09	5.96927e+09	5.73092e+09	5.94441e+09	5.93378e+09	5.33123e+09	6.09075e+09	5.33673e+09	6.13097e+09	6.09831e+09	6.04083e+09	6.13169e+09	5.60559e+09	6.02691e+09	5.79801e+09	5.40433e+09	4.85546e+09	4.74843e+09	4.50032e+09	4.45243e+09	4.51095e+09	4.95928e+09	5.28333e+09	5.71994e+09	5.1244e+09	5.19136e+09	5.49795e+09	5.12672e+09	6.26536e+09	6.2547e+09	6.2699e+09	5.2366e+09	5.53802e+09	5.44164e+09	5.23298e+09	5.25818e+09	5.23984e+09	5.45552e+09	4.06475e+09	5.24205e+09	5.50065e+09	5.50993e+09	4.83696e+09	4.66003e+09	4.85968e+09	4.68922e+09
ERR630039	4.7011e+09	4.57821e+09	3.81451e+09	4.68081e+09	3.86343e+09	3.80122e+09	3.92106e+09	4.18067e+09	4.14887e+09	3.96973e+09	4.40619e+09	4.16206e+09	4.74034e+09	3.75754e+09	4.16657e+09	4.05248e+09	4.09659e+09	4.50813e+09	4.1773e+09	4.31971e+09	3.83345e+09	4.59006e+09	4.42526e+09	4.19133e+09	4.9308e+09	4.97674e+09	4.97174e+09	4.88879e+09	4.81902e+09	4.89656e+09	4.6503e+09	4.61049e+09	4.21679e+09	4.82705e+09	4.62594e+09	4.62138e+09	4.38915e+09	4.54727e+09	4.74869e+09	4.69608e+09	3.83815e+09	4.42055e+09	4.41666e+09	4.4261e+09	4.36296e+09	4.38262e+09	4.34863e+09	4.25676e+09	4.94411e+09	4.65805e+09	4.83815e+09	4.9682e+09	4.78117e+09	4.94794e+09	4.9455e+09	4.47892e+09	5.06725e+09	4.48268e+09	5.09812e+09	5.07323e+09	5.03069e+09	5.09998e+09	4.69341e+09	5.01894e+09	4.84391e+09	4.5367e+09	4.08985e+09	4.00592e+09	3.81052e+09	3.77115e+09	3.8175e+09	4.17216e+09	4.43432e+09	4.77661e+09	4.3098e+09	4.36507e+09	4.60412e+09	4.3122e+09	5.20124e+09	5.19205e+09	5.20468e+09	4.40268e+09	4.63636e+09	4.56238e+09	4.39196e+09	4.41202e+09	4.3967e+09	4.5654e+09	3.4699e+09	4.39841e+09	4.60211e+09	4.6094e+09	4.07907e+09	3.9407e+09	4.09758e+09	3.96809e+09
ERR630036	6.12789e+09	5.95383e+09	4.89858e+09	6.10637e+09	4.96271e+09	4.87682e+09	5.06649e+09	5.42825e+09	5.3885e+09	5.13421e+09	5.75409e+09	5.40043e+09	6.13411e+09	4.75411e+09	5.33138e+09	5.17064e+09	5.23323e+09	5.79522e+09	5.27022e+09	5.47499e+09	4.59006e+09	6.11191e+09	5.67722e+09	5.32522e+09	6.45529e+09	6.51389e+09	6.51816e+09	6.39231e+09	6.28809e+09	6.40509e+09	6.06504e+09	6.01244e+09	5.43325e+09	6.32166e+09	6.03393e+09	6.02844e+09	5.72666e+09	5.9258e+09	6.22718e+09	6.14102e+09	4.92993e+09	5.76963e+09	5.70536e+09	5.70585e+09	5.62371e+09	5.65281e+09	5.60258e+09	5.47176e+09	6.41327e+09	5.98523e+09	6.2568e+09	6.44521e+09	6.17584e+09	6.42055e+09	6.42235e+09	5.73677e+09	6.59207e+09	5.74769e+09	6.63516e+09	6.60221e+09	6.52176e+09	6.63178e+09	6.0319e+09	6.5092e+09	6.23281e+09	5.8164e+09	5.2753e+09	5.14452e+09	4.8512e+09	4.80374e+09	4.87009e+09	5.39498e+09	5.74697e+09	6.22818e+09	5.56747e+09	5.62633e+09	5.97278e+09	5.57215e+09	6.79784e+09	6.78672e+09	6.80442e+09	5.65958e+09	5.98837e+09	5.88051e+09	5.70799e+09	5.73088e+09	5.71596e+09	5.96449e+09	4.36665e+09	5.71989e+09	6.00699e+09	6.01611e+09	5.26436e+09	5.05008e+09	5.28273e+09	5.05914e+09
ERR630038	5.85922e+09	5.69529e+09	4.70042e+09	5.83864e+09	4.76105e+09	4.6796e+09	4.85535e+09	5.19652e+09	5.1594e+09	4.91972e+09	5.50339e+09	5.17016e+09	5.87049e+09	4.56802e+09	5.11356e+09	4.9624e+09	5.02143e+09	5.55147e+09	5.06914e+09	5.26213e+09	4.42526e+09	5.67722e+09	5.63878e+09	5.12114e+09	6.16406e+09	6.21888e+09	6.22322e+09	6.1049e+09	6.00712e+09	6.11708e+09	5.79905e+09	5.75012e+09	5.20402e+09	6.04044e+09	5.76996e+09	5.76485e+09	5.47846e+09	5.66551e+09	5.94909e+09	5.86828e+09	4.7291e+09	5.51897e+09	5.46216e+09	5.46269e+09	5.38575e+09	5.41278e+09	5.3653e+09	5.24198e+09	6.13613e+09	5.73399e+09	5.98944e+09	6.16651e+09	5.91346e+09	6.1432e+09	6.14852e+09	5.50621e+09	6.30812e+09	5.51712e+09	6.34862e+09	6.31758e+09	6.2436e+09	6.34662e+09	5.78485e+09	6.23194e+09	5.97338e+09	5.58246e+09	5.0656e+09	4.94296e+09	4.66513e+09	4.61959e+09	4.68214e+09	5.1785e+09	5.51253e+09	5.96456e+09	5.34353e+09	5.39939e+09	5.72532e+09	5.34793e+09	6.50005e+09	6.48992e+09	6.50562e+09	5.43309e+09	5.74263e+09	5.64085e+09	5.47437e+09	5.49595e+09	5.48134e+09	5.715e+09	4.20812e+09	5.48488e+09	5.75536e+09	5.76451e+09	5.0568e+09	4.85598e+09	5.07519e+09	4.86337e+09
ERR630037	5.4726e+09	5.32375e+09	4.41192e+09	5.45247e+09	4.4679e+09	4.39365e+09	4.54799e+09	4.86084e+09	4.82502e+09	4.60699e+09	5.13847e+09	4.83735e+09	5.49502e+09	4.30271e+09	4.80284e+09	4.66375e+09	4.71818e+09	5.20675e+09	4.78307e+09	4.95926e+09	4.19133e+09	5.32522e+09	5.12114e+09	4.99156e+09	5.74923e+09	5.80133e+09	5.80206e+09	5.69605e+09	5.60858e+09	5.70721e+09	5.41538e+09	5.36988e+09	4.87763e+09	5.63393e+09	5.38783e+09	5.38286e+09	5.11831e+09	5.29414e+09	5.54808e+09	5.47711e+09	4.43903e+09	5.15522e+09	5.11425e+09	5.11826e+09	5.04552e+09	5.06996e+09	5.0273e+09	4.91497e+09	5.73972e+09	5.37863e+09	5.60683e+09	5.7678e+09	5.53758e+09	5.74548e+09	5.75285e+09	5.17448e+09	5.89921e+09	5.1811e+09	5.9361e+09	5.90757e+09	5.84322e+09	5.93428e+09	5.42873e+09	5.83147e+09	5.60296e+09	5.24208e+09	4.75195e+09	4.64183e+09	4.39403e+09	4.35093e+09	4.4078e+09	4.85436e+09	5.16306e+09	5.5753e+09	5.00962e+09	5.06538e+09	5.36035e+09	5.01313e+09	6.07232e+09	6.06244e+09	6.07707e+09	5.10055e+09	5.38232e+09	5.29113e+09	5.12397e+09	5.1458e+09	5.13034e+09	5.34075e+09	3.97467e+09	5.13356e+09	5.38093e+09	5.38932e+09	4.74455e+09	4.56471e+09	4.76225e+09	4.58023e+09
ERR637122	8.05366e+09	7.80427e+09	6.29153e+09	8.01749e+09	6.38293e+09	6.25749e+09	6.59061e+09	7.09495e+09	7.04603e+09	6.67998e+09	7.56285e+09	7.06079e+09	7.75635e+09	5.90379e+09	6.66036e+09	6.44655e+09	6.52598e+09	7.29627e+09	5.7166e+09	5.95687e+09	4.9308e+09	6.45529e+09	6.16406e+09	5.74923e+09	8.9606e+09	8.78628e+09	8.79524e+09	8.61975e+09	8.47337e+09	8.64021e+09	7.94297e+09	7.86653e+09	7.05506e+09	8.29468e+09	7.89789e+09	7.88807e+09	7.45519e+09	7.75062e+09	8.18029e+09	8.05339e+09	6.32654e+09	7.51736e+09	7.45796e+09	7.45913e+09	7.34228e+09	7.37955e+09	7.31352e+09	7.13695e+09	7.96302e+09	7.41935e+09	7.76063e+09	8.00275e+09	7.66095e+09	7.97507e+09	7.37931e+09	6.49929e+09	7.611e+09	6.51728e+09	7.66809e+09	7.62452e+09	7.55833e+09	7.69197e+09	6.91255e+09	7.54242e+09	7.19143e+09	6.62811e+09	5.60959e+09	5.45716e+09	5.12212e+09	5.06316e+09	5.14019e+09	5.74252e+09	6.22826e+09	6.81805e+09	6.00832e+09	6.08183e+09	6.50504e+09	6.01224e+09	7.89435e+09	7.88045e+09	7.90474e+09	6.40176e+09	6.83154e+09	6.69332e+09	6.18926e+09	6.22176e+09	6.20178e+09	6.51031e+09	4.63006e+09	6.20655e+09	6.49309e+09	6.50258e+09	5.59408e+09	5.34531e+09	5.61887e+09	5.35858e+09
ERR637119	8.11816e+09	7.86404e+09	6.33207e+09	8.07918e+09	6.42554e+09	6.2991e+09	6.64078e+09	7.15146e+09	7.10108e+09	6.73128e+09	7.62386e+09	7.11789e+09	7.82258e+09	5.94844e+09	6.71105e+09	6.49533e+09	6.57499e+09	7.35729e+09	5.77148e+09	6.01455e+09	4.97674e+09	6.51389e+09	6.21888e+09	5.80133e+09	8.78628e+09	9.13066e+09	8.87783e+09	8.69372e+09	8.55053e+09	8.7147e+09	8.00176e+09	7.92331e+09	7.10557e+09	8.35877e+09	7.95452e+09	7.94442e+09	7.5185e+09	7.82142e+09	8.25317e+09	8.12631e+09	6.37844e+09	7.58116e+09	7.51169e+09	7.51555e+09	7.39397e+09	7.43133e+09	7.36477e+09	7.18761e+09	8.02888e+09	7.47892e+09	7.82298e+09	8.06989e+09	7.72073e+09	8.03992e+09	7.44358e+09	6.55555e+09	7.67935e+09	6.572e+09	7.737e+09	7.69248e+09	7.63023e+09	7.76428e+09	6.97716e+09	7.61336e+09	7.26118e+09	6.68684e+09	5.66457e+09	5.51231e+09	5.17633e+09	5.11556e+09	5.19362e+09	5.79958e+09	6.28796e+09	6.88719e+09	6.06516e+09	6.14292e+09	6.57082e+09	6.06878e+09	7.96349e+09	7.94867e+09	7.97355e+09	6.45146e+09	6.88658e+09	6.74721e+09	6.24774e+09	6.28163e+09	6.25974e+09	6.57169e+09	4.67553e+09	6.26496e+09	6.55767e+09	6.56731e+09	5.64661e+09	5.39693e+09	5.67214e+09	5.41467e+09
ERR637118	8.13326e+09	7.87932e+09	6.34729e+09	8.09823e+09	6.43968e+09	6.31314e+09	6.65332e+09	7.16428e+09	7.11544e+09	6.7445e+09	7.63987e+09	7.13039e+09	7.83133e+09	5.95202e+09	6.71804e+09	6.50192e+09	6.5822e+09	7.36123e+09	5.76694e+09	6.00955e+09	4.97174e+09	6.51816e+09	6.22322e+09	5.80206e+09	8.79524e+09	8.87783e+09	9.14828e+09	8.70219e+09	8.55876e+09	8.72302e+09	8.01992e+09	7.94311e+09	7.1148e+09	8.37954e+09	7.97432e+09	7.96441e+09	7.53287e+09	7.82819e+09	8.26392e+09	8.13339e+09	6.38444e+09	7.59468e+09	7.52231e+09	7.52145e+09	7.40175e+09	7.44008e+09	7.37242e+09	7.19464e+09	8.03783e+09	7.48276e+09	7.83135e+09	8.07845e+09	7.72914e+09	8.04979e+09	7.45227e+09	6.56012e+09	7.68714e+09	6.57866e+09	7.74398e+09	7.70072e+09	7.63281e+09	7.76864e+09	6.97785e+09	7.61717e+09	7.259e+09	6.68985e+09	5.67584e+09	5.51924e+09	5.17703e+09	5.11754e+09	5.19599e+09	5.81103e+09	6.30228e+09	6.8989e+09	6.07861e+09	6.15083e+09	6.58135e+09	6.08253e+09	7.97504e+09	7.96079e+09	7.98548e+09	6.46516e+09	6.89987e+09	6.75969e+09	6.26458e+09	6.29776e+09	6.27709e+09	6.5926e+09	4.68008e+09	6.2816e+09	6.57325e+09	6.58305e+09	5.66086e+09	5.40607e+09	5.68549e+09	5.41645e+09
ERR637120	7.97373e+09	7.72888e+09	6.23503e+09	7.93795e+09	6.32612e+09	6.20199e+09	6.52495e+09	7.02235e+09	6.97341e+09	6.61351e+09	7.48219e+09	6.98906e+09	7.68316e+09	5.8566e+09	6.60267e+09	6.39188e+09	6.46965e+09	7.23101e+09	5.66565e+09	5.90306e+09	4.88879e+09	6.39231e+09	6.1049e+09	5.69605e+09	8.61975e+09	8.69372e+09	8.70219e+09	8.77646e+09	8.38913e+09	8.55102e+09	7.86665e+09	7.79163e+09	6.9952e+09	8.21035e+09	7.82189e+09	7.81195e+09	7.37456e+09	7.66827e+09	8.08874e+09	7.96439e+09	6.26419e+09	7.43566e+09	7.39456e+09	7.39671e+09	7.28123e+09	7.3181e+09	7.25295e+09	7.07924e+09	7.88782e+09	7.35616e+09	7.69065e+09	7.92741e+09	7.5926e+09	7.89934e+09	7.30538e+09	6.43826e+09	7.5344e+09	6.45594e+09	7.59064e+09	7.5476e+09	7.48438e+09	7.61579e+09	6.84746e+09	7.46833e+09	7.12399e+09	6.56585e+09	5.54369e+09	5.39468e+09	5.06498e+09	5.00655e+09	5.08246e+09	5.67494e+09	6.15584e+09	6.7378e+09	5.93953e+09	6.01375e+09	6.43001e+09	5.94292e+09	7.81394e+09	7.79949e+09	7.8239e+09	6.34106e+09	6.7657e+09	6.62909e+09	6.11536e+09	6.14785e+09	6.12743e+09	6.43043e+09	4.5819e+09	6.1319e+09	6.41361e+09	6.42307e+09	5.5285e+09	5.28477e+09	5.55335e+09	5.29935e+09
ERR637117	7.84991e+09	7.61235e+09	6.14783e+09	7.81433e+09	6.23724e+09	6.11564e+09	6.42361e+09	6.91009e+09	6.86154e+09	6.51008e+09	7.357e+09	6.87828e+09	7.57021e+09	5.78239e+09	6.51219e+09	6.30525e+09	6.38154e+09	7.12961e+09	5.58136e+09	5.81402e+09	4.81902e+09	6.28809e+09	6.00712e+09	5.60858e+09	8.47337e+09	8.55053e+09	8.55876e+09	8.38913e+09	8.49406e+09	8.40712e+09	7.74552e+09	7.67186e+09	6.89957e+09	8.07705e+09	7.70111e+09	7.69145e+09	7.25016e+09	7.53999e+09	7.9461e+09	7.82669e+09	6.16659e+09	7.31016e+09	7.29464e+09	7.29712e+09	7.1829e+09	7.21779e+09	7.15538e+09	6.98912e+09	7.77125e+09	7.25818e+09	7.58019e+09	7.80905e+09	7.4851e+09	7.7823e+09	7.18818e+09	6.3409e+09	7.41301e+09	6.35723e+09	7.46794e+09	7.42591e+09	7.36709e+09	7.49362e+09	6.74347e+09	7.35077e+09	7.0162e+09	6.46603e+09	5.43785e+09	5.29318e+09	4.97172e+09	4.91438e+09	4.98845e+09	5.56502e+09	6.04082e+09	6.60908e+09	5.82937e+09	5.90401e+09	6.31035e+09	5.83285e+09	7.68476e+09	7.67104e+09	7.69478e+09	6.24336e+09	6.66056e+09	6.52729e+09	5.99724e+09	6.03076e+09	6.00919e+09	6.30445e+09	4.50376e+09	6.01362e+09	6.28674e+09	6.29578e+09	5.42247e+09	5.18592e+09	5.44797e+09	5.20228e+09
ERR637121	7.9912e+09	7.74522e+09	6.24738e+09	7.95551e+09	6.33855e+09	6.2144e+09	6.53952e+09	7.03879e+09	6.98944e+09	6.62818e+09	7.50019e+09	7.00483e+09	7.69811e+09	5.86605e+09	6.61472e+09	6.40282e+09	6.48111e+09	7.2442e+09	5.67534e+09	5.91315e+09	4.89656e+09	6.40509e+09	6.11708e+09	5.70721e+09	8.64021e+09	8.7147e+09	8.72302e+09	8.55102e+09	8.40712e+09	8.81723e+09	7.88434e+09	7.80929e+09	7.00914e+09	8.22949e+09	7.83918e+09	7.82952e+09	7.39327e+09	7.687e+09	8.1098e+09	7.98532e+09	6.27857e+09	7.45446e+09	7.40816e+09	7.40966e+09	7.2938e+09	7.33072e+09	7.2655e+09	7.09152e+09	7.90427e+09	7.36916e+09	7.70507e+09	7.94309e+09	7.60701e+09	7.91567e+09	7.32043e+09	6.45038e+09	7.55e+09	6.46798e+09	7.60618e+09	7.56326e+09	7.4994e+09	7.6309e+09	6.86053e+09	7.48339e+09	7.13759e+09	6.57846e+09	5.55643e+09	5.40648e+09	5.07583e+09	5.01733e+09	5.09352e+09	5.6876e+09	6.16989e+09	6.75285e+09	5.95273e+09	6.02645e+09	6.44462e+09	5.95615e+09	7.83046e+09	7.81621e+09	7.84062e+09	6.35289e+09	6.77875e+09	6.64183e+09	6.13015e+09	6.16261e+09	6.14228e+09	6.44678e+09	4.59024e+09	6.14728e+09	6.42954e+09	6.43924e+09	5.54122e+09	5.29609e+09	5.56606e+09	5.3106e+09
ERR613997	7.52204e+09	7.30372e+09	5.93435e+09	7.49592e+09	6.01832e+09	5.90122e+09	6.19047e+09	6.64787e+09	6.60527e+09	6.27241e+09	7.06765e+09	6.61551e+09	7.30233e+09	5.60926e+09	6.31339e+09	6.1157e+09	6.18881e+09	6.88478e+09	5.37672e+09	5.59792e+09	4.6503e+09	6.06504e+09	5.79905e+09	5.41538e+09	7.94297e+09	8.00176e+09	8.01992e+09	7.86665e+09	7.74552e+09	7.88434e+09	7.78171e+09	7.50956e+09	6.75757e+09	7.88764e+09	7.537e+09	7.52893e+09	6.95502e+09	7.2135e+09	7.59859e+09	7.48099e+09	5.92676e+09	7.01082e+09	7.00252e+09	6.99472e+09	6.89741e+09	6.93124e+09	6.87084e+09	6.71473e+09	7.4686e+09	6.98675e+09	7.29008e+09	7.50033e+09	7.20417e+09	7.47977e+09	6.93219e+09	6.12714e+09	7.14214e+09	6.14616e+09	7.19257e+09	7.1558e+09	7.07296e+09	7.19468e+09	6.48383e+09	7.05948e+09	6.73501e+09	6.22685e+09	5.26776e+09	5.12253e+09	4.80706e+09	4.75596e+09	4.82643e+09	5.39052e+09	5.84334e+09	6.37322e+09	5.64331e+09	5.70321e+09	6.08917e+09	5.64741e+09	7.43793e+09	7.42708e+09	7.44665e+09	6.08031e+09	6.47414e+09	6.34574e+09	5.81236e+09	5.84035e+09	5.82393e+09	6.10502e+09	4.37033e+09	5.8286e+09	6.072e+09	6.08148e+09	5.25928e+09	5.02503e+09	5.28105e+09	5.02683e+09
ERR613999	7.45922e+09	7.24457e+09	5.89297e+09	7.43484e+09	5.97549e+09	5.85992e+09	6.14394e+09	6.59583e+09	6.5545e+09	6.22559e+09	7.01143e+09	6.56395e+09	7.23782e+09	5.56467e+09	6.26331e+09	6.06778e+09	6.14044e+09	6.82402e+09	5.32917e+09	5.54788e+09	4.61049e+09	6.01244e+09	5.75012e+09	5.36988e+09	7.86653e+09	7.92331e+09	7.94311e+09	7.79163e+09	7.67186e+09	7.80929e+09	7.50956e+09	7.65471e+09	6.70312e+09	7.819e+09	7.47822e+09	7.46996e+09	6.89762e+09	7.14943e+09	7.53068e+09	7.41273e+09	5.87978e+09	6.95322e+09	6.94215e+09	6.93241e+09	6.83822e+09	6.87068e+09	6.81125e+09	6.65709e+09	7.40035e+09	6.92296e+09	7.22259e+09	7.43068e+09	7.13848e+09	7.41181e+09	6.87222e+09	6.07649e+09	7.07933e+09	6.09579e+09	7.12862e+09	7.09262e+09	7.00706e+09	7.12749e+09	6.42562e+09	6.99491e+09	6.67117e+09	6.17167e+09	5.22583e+09	5.0798e+09	4.76516e+09	4.71571e+09	4.78532e+09	5.34737e+09	5.79694e+09	6.31779e+09	5.59885e+09	5.65457e+09	6.03727e+09	5.60303e+09	7.37401e+09	7.36362e+09	7.38296e+09	6.03556e+09	6.4239e+09	6.29634e+09	5.76618e+09	5.79391e+09	5.77806e+09	6.05715e+09	4.33505e+09	5.7831e+09	6.02243e+09	6.03203e+09	5.2195e+09	4.98571e+09	5.24056e+09	4.98422e+09
ERR613998	6.70922e+09	6.53045e+09	5.35335e+09	6.68406e+09	5.42845e+09	5.32678e+09	5.56076e+09	5.9558e+09	5.91283e+09	5.63093e+09	6.30485e+09	5.92551e+09	6.53247e+09	5.09536e+09	5.69826e+09	5.52837e+09	5.59022e+09	6.19085e+09	4.85377e+09	5.04702e+09	4.21679e+09	5.43325e+09	5.20402e+09	4.87763e+09	7.05506e+09	7.10557e+09	7.1148e+09	6.9952e+09	6.89957e+09	7.00914e+09	6.75757e+09	6.70312e+09	6.27421e+09	7.00478e+09	6.7254e+09	6.71802e+09	6.19337e+09	6.43117e+09	6.74578e+09	6.65579e+09	5.32668e+09	6.24291e+09	6.30281e+09	6.30125e+09	6.219e+09	6.24578e+09	6.19747e+09	6.06893e+09	6.67282e+09	6.28999e+09	6.53049e+09	6.69941e+09	6.46101e+09	6.6813e+09	6.19018e+09	5.5049e+09	6.3734e+09	5.51753e+09	6.41731e+09	6.38422e+09	6.3219e+09	6.42277e+09	5.81915e+09	6.30811e+09	6.04185e+09	5.59087e+09	4.6513e+09	4.53415e+09	4.27135e+09	4.22495e+09	4.28464e+09	4.75619e+09	5.16074e+09	5.62025e+09	4.99003e+09	5.05483e+09	5.3803e+09	4.99287e+09	6.62157e+09	6.61107e+09	6.62858e+09	5.45058e+09	5.79235e+09	5.68313e+09	5.11992e+09	5.14812e+09	5.13022e+09	5.36528e+09	3.89855e+09	5.13427e+09	5.33885e+09	5.34883e+09	4.64484e+09	4.4537e+09	4.66695e+09	4.46759e+09
