	ERR621933	ERR621932	ERR621935	ERR621931	ERR621934	ERR621936	ERR607764	ERR607768	ERR607763	ERR607766	ERR607765	ERR607767	ERR636667	ERR636669	ERR636668	ERR636672	ERR636670	ERR636671	ERR605656	ERR605653	ERR605658	ERR605654	ERR605657	ERR605655	ERR636787	ERR636789	ERR636788	ERR636790	ERR636792	ERR636791	ERR608153	ERR608149	ERR608151	ERR608154	ERR608152	ERR608150	ERR608341	ERR608344	ERR608342	ERR608345	ERR608343	ERR608346	ERR617232	ERR617231	ERR617230	ERR617229	ERR617228	ERR617227	ERR616054	ERR616055	ERR616057	ERR616056	ERR616058	ERR616059	ERR616267	ERR616266	ERR616270	ERR616269	ERR616268	ERR616265	ERR638312	ERR638314	ERR638313	ERR638311	ERR638309	ERR638310	ERR606715	ERR606714	ERR606710	ERR606711	ERR606713	ERR606712	ERR616827	ERR616828	ERR616826	ERR616824	ERR616823	ERR616825	ERR618744	ERR618742	ERR618741	ERR618743	ERR618745	ERR618746	ERR622045	ERR622047	ERR622046	ERR622049	ERR622050	ERR622048	ERR618493	ERR618491	ERR618492	ERR618494	ERR618490	ERR618489
ERR621933	0	0.258052	0.263505	0.2632	0.265295	0.265352	0.398236	0.397815	0.399017	0.398707	0.401351	0.398136	0.399534	0.402351	0.400838	0.405126	0.404329	0.404862	0.441315	0.43369	0.443238	0.437647	0.444358	0.437433	0.387746	0.38532	0.382182	0.385653	0.385031	0.385703	0.396704	0.427678	0.396079	0.398303	0.395425	0.39835	0.402514	0.377495	0.379115	0.377893	0.378886	0.378856	0.454692	0.437746	0.444391	0.424712	0.425804	0.430378	0.568192	0.562595	0.555712	0.578269	0.553635	0.55501	0.530575	0.516832	0.51118	0.510514	0.511162	0.520754	0.416865	0.416692	0.416113	0.428215	0.418661	0.431499	0.53444	0.532877	0.61961	0.530712	0.542991	0.532191	0.426501	0.42484	0.427542	0.409187	0.416026	0.410301	0.561364	0.565421	0.561789	0.566205	0.560968	0.561034	0.511907	0.520681	0.521157	0.506153	0.505606	0.506022	0.528131	0.528924	0.528595	0.528877	0.532449	0.529787
ERR621932	0.258052	0	0.262875	0.261286	0.264607	0.264512	0.39695	0.396438	0.397918	0.397347	0.399718	0.396506	0.399198	0.401646	0.399946	0.404912	0.404006	0.404732	0.441133	0.432544	0.442691	0.436823	0.443743	0.436374	0.388216	0.385172	0.381924	0.385352	0.384924	0.385305	0.395925	0.429381	0.395677	0.398458	0.39489	0.39836	0.404023	0.377155	0.37903	0.377654	0.378448	0.378992	0.455609	0.438263	0.445008	0.424202	0.425735	0.430254	0.567586	0.56179	0.554873	0.577663	0.552786	0.554067	0.529934	0.515908	0.510089	0.509537	0.510096	0.519826	0.416424	0.416126	0.41575	0.428302	0.418316	0.431885	0.533035	0.53123	0.619539	0.529031	0.541918	0.530475	0.425907	0.424222	0.427113	0.408218	0.414894	0.408762	0.560297	0.564363	0.560553	0.565425	0.559961	0.560133	0.510757	0.520587	0.52003	0.505282	0.504713	0.505226	0.527301	0.528346	0.527741	0.528049	0.531504	0.528408
ERR621935	0.263505	0.262875	0	0.255251	0.251894	0.252308	0.385716	0.3856	0.390865	0.387504	0.389254	0.386505	0.39486	0.392817	0.389776	0.404248	0.402308	0.40406	0.448271	0.433207	0.450116	0.441662	0.450356	0.442519	0.385815	0.379522	0.37554	0.377001	0.375115	0.376657	0.393199	0.443932	0.394717	0.4027	0.393326	0.402881	0.416938	0.374888	0.381373	0.375874	0.374575	0.380332	0.46722	0.446518	0.454587	0.424786	0.42658	0.435735	0.570347	0.562068	0.552592	0.581185	0.550322	0.550845	0.535425	0.517282	0.506052	0.506194	0.507133	0.524317	0.419054	0.418571	0.418036	0.437594	0.421488	0.441848	0.536633	0.534018	0.634672	0.532718	0.550659	0.535915	0.427743	0.425927	0.429406	0.403517	0.411202	0.400702	0.55864	0.565538	0.559446	0.566273	0.557876	0.557057	0.521097	0.533964	0.533697	0.512728	0.510957	0.512425	0.523697	0.525999	0.525067	0.524112	0.532941	0.523993
ERR621931	0.2632	0.261286	0.255251	0	0.255281	0.255178	0.389051	0.388817	0.39429	0.390666	0.392886	0.389704	0.397617	0.395971	0.392896	0.406837	0.404963	0.406527	0.447108	0.432455	0.449164	0.440483	0.449742	0.44163	0.389658	0.383406	0.379198	0.381638	0.380065	0.381513	0.395119	0.444944	0.395974	0.404143	0.394814	0.404195	0.41804	0.376742	0.382832	0.377576	0.376446	0.382166	0.467244	0.446044	0.453967	0.425296	0.42733	0.435809	0.56828	0.560092	0.55158	0.578905	0.549452	0.550007	0.533353	0.515841	0.505744	0.505933	0.506642	0.522537	0.420769	0.420067	0.419751	0.438591	0.423122	0.442739	0.535785	0.533313	0.6334	0.531752	0.549044	0.534632	0.430064	0.42833	0.431656	0.406484	0.413635	0.403516	0.558325	0.564741	0.5586	0.565716	0.557595	0.557036	0.51953	0.532525	0.531826	0.51208	0.510343	0.511628	0.524241	0.526542	0.525499	0.524697	0.532843	0.524417
ERR621934	0.265295	0.264607	0.251894	0.255281	0	0.252052	0.386142	0.386272	0.392091	0.388318	0.390064	0.387313	0.396016	0.393342	0.389894	0.406167	0.404095	0.405914	0.449392	0.433825	0.451734	0.442772	0.452148	0.443765	0.387986	0.381166	0.376742	0.378302	0.376355	0.377894	0.394243	0.44748	0.395933	0.404834	0.394241	0.404901	0.420148	0.375608	0.382909	0.376589	0.375238	0.381839	0.469609	0.447472	0.455868	0.425008	0.426969	0.436922	0.570398	0.561685	0.552265	0.581064	0.549896	0.550311	0.536249	0.517797	0.506061	0.506524	0.507144	0.525288	0.421304	0.420723	0.420328	0.440501	0.423817	0.44488	0.538597	0.535915	0.637836	0.534538	0.552952	0.537983	0.430826	0.428618	0.432302	0.405245	0.413188	0.401877	0.558993	0.56636	0.559714	0.566768	0.558263	0.55713	0.523687	0.536833	0.536483	0.515113	0.513132	0.51468	0.524204	0.526968	0.525703	0.524552	0.534349	0.524578
ERR621936	0.265352	0.264512	0.252308	0.255178	0.252052	0	0.384957	0.385075	0.390687	0.38673	0.388529	0.385822	0.395047	0.392349	0.389048	0.404951	0.403024	0.404869	0.449409	0.43362	0.451179	0.442542	0.451432	0.443672	0.386667	0.379924	0.37553	0.377019	0.374992	0.376512	0.393385	0.446502	0.395131	0.403964	0.393724	0.404086	0.419098	0.375088	0.382191	0.376188	0.37439	0.381099	0.468587	0.447431	0.455739	0.424805	0.426646	0.43644	0.57096	0.562251	0.552551	0.581867	0.550292	0.550677	0.536783	0.518205	0.505998	0.506506	0.507257	0.525568	0.420053	0.41959	0.419079	0.439512	0.422612	0.443754	0.537527	0.534889	0.636562	0.533612	0.552133	0.537068	0.428948	0.426852	0.430617	0.403852	0.411504	0.400373	0.558649	0.565841	0.559376	0.566335	0.557948	0.556876	0.522933	0.53599	0.53548	0.514099	0.512179	0.51377	0.523726	0.526171	0.525175	0.52404	0.533572	0.52383
ERR607764	0.398236	0.39695	0.385716	0.389051	0.386142	0.384957	0	0.24076	0.242945	0.241022	0.240757	0.240961	0.29425	0.288544	0.289094	0.303056	0.29989	0.303789	0.438961	0.413948	0.431513	0.425708	0.428635	0.426813	0.298494	0.289284	0.286969	0.285541	0.284721	0.285481	0.320868	0.393422	0.322327	0.338672	0.324081	0.338839	0.390349	0.340188	0.346241	0.340341	0.332355	0.345732	0.4538	0.441714	0.452134	0.412574	0.411861	0.420121	0.558151	0.548179	0.534694	0.571798	0.531747	0.53234	0.513778	0.488438	0.467735	0.467547	0.47017	0.497079	0.320155	0.319525	0.318742	0.353331	0.321756	0.356816	0.468486	0.464362	0.579966	0.466645	0.490889	0.473397	0.317244	0.315126	0.319615	0.287823	0.292828	0.283916	0.517382	0.524035	0.517302	0.525502	0.516922	0.515905	0.481674	0.498429	0.497184	0.468878	0.465199	0.469611	0.466465	0.464876	0.469411	0.465983	0.474115	0.460428
ERR607768	0.397815	0.396438	0.3856	0.388817	0.386272	0.385075	0.24076	0	0.243061	0.238816	0.241259	0.238699	0.293512	0.288222	0.289801	0.30155	0.29845	0.30229	0.43844	0.413435	0.42978	0.424544	0.426753	0.426111	0.29701	0.287516	0.286579	0.284519	0.284121	0.284608	0.320764	0.390992	0.321849	0.337375	0.323975	0.337537	0.388607	0.340873	0.346087	0.340899	0.332628	0.345581	0.452301	0.441839	0.452274	0.413515	0.412927	0.419659	0.559151	0.549369	0.535957	0.573174	0.532712	0.533555	0.514431	0.488743	0.468274	0.467942	0.470683	0.497258	0.318073	0.317524	0.316741	0.350897	0.319462	0.354036	0.466448	0.462408	0.577923	0.465248	0.488714	0.471744	0.313211	0.31127	0.31568	0.286469	0.290081	0.282491	0.518253	0.524406	0.517929	0.525877	0.517675	0.516802	0.480058	0.496959	0.495516	0.467679	0.463935	0.468288	0.467407	0.465325	0.470152	0.466881	0.47397	0.460966
ERR607763	0.399017	0.397918	0.390865	0.39429	0.392091	0.390687	0.242945	0.243061	0	0.241542	0.24274	0.24207	0.286159	0.28718	0.290754	0.289464	0.287277	0.289818	0.442603	0.421638	0.432949	0.430336	0.429896	0.430427	0.283506	0.278776	0.278598	0.278729	0.279795	0.279186	0.319143	0.376749	0.318595	0.330369	0.321621	0.330139	0.378934	0.342477	0.343827	0.341809	0.334681	0.344149	0.450091	0.443921	0.453377	0.420149	0.418668	0.422513	0.566162	0.55782	0.545208	0.580219	0.541951	0.543244	0.517347	0.493279	0.474846	0.473904	0.476751	0.499784	0.304733	0.304579	0.303523	0.333051	0.305509	0.335453	0.463773	0.460143	0.567778	0.462765	0.484092	0.468618	0.298143	0.29667	0.300264	0.279092	0.28214	0.281026	0.527086	0.531449	0.526803	0.533194	0.526737	0.526565	0.473148	0.487911	0.486644	0.460983	0.457702	0.462034	0.47334	0.469591	0.475613	0.472807	0.476515	0.46713
ERR607766	0.398707	0.397347	0.387504	0.390666	0.388318	0.38673	0.241022	0.238816	0.241542	0	0.241096	0.238796	0.292255	0.288004	0.290235	0.29873	0.295875	0.299691	0.439268	0.414963	0.429888	0.425414	0.426912	0.426839	0.294199	0.285503	0.284707	0.28294	0.282861	0.283026	0.320483	0.387724	0.321068	0.335789	0.323521	0.336065	0.386457	0.341378	0.345732	0.341343	0.333179	0.345369	0.451495	0.442343	0.452519	0.41513	0.414153	0.420144	0.560756	0.551345	0.53805	0.574868	0.534864	0.535792	0.515271	0.489868	0.469909	0.469476	0.47236	0.497896	0.314879	0.314588	0.313654	0.346821	0.316317	0.349987	0.464911	0.460984	0.574868	0.463904	0.486875	0.470286	0.309531	0.307588	0.31172	0.284531	0.287573	0.281558	0.519916	0.525564	0.519553	0.527238	0.519509	0.518846	0.478257	0.494659	0.493272	0.465864	0.462225	0.466677	0.46846	0.465876	0.47107	0.467953	0.474042	0.461983
ERR607765	0.401351	0.399718	0.389254	0.392886	0.390064	0.388529	0.240757	0.241259	0.24274	0.241096	0	0.241385	0.297026	0.290461	0.293417	0.304049	0.301043	0.305108	0.440189	0.415053	0.429942	0.425995	0.426771	0.427129	0.298628	0.288273	0.288535	0.284838	0.283994	0.284731	0.324397	0.392135	0.325226	0.340106	0.327663	0.340485	0.389735	0.344697	0.349046	0.34457	0.336152	0.348326	0.451781	0.444047	0.454473	0.415424	0.414432	0.420697	0.563179	0.553589	0.539507	0.577774	0.536285	0.537139	0.519343	0.493357	0.472095	0.471683	0.474633	0.501738	0.320974	0.320301	0.319485	0.353501	0.322202	0.355987	0.466715	0.462728	0.577209	0.465702	0.489287	0.472181	0.312939	0.311052	0.315413	0.287576	0.290258	0.283114	0.5184	0.524207	0.518005	0.525972	0.517757	0.517098	0.482437	0.498881	0.497464	0.469566	0.46587	0.470418	0.4683	0.46538	0.471126	0.467721	0.474007	0.461292
ERR607767	0.398136	0.396506	0.386505	0.389704	0.387313	0.385822	0.240961	0.238699	0.24207	0.238796	0.241385	0	0.292101	0.287759	0.289775	0.299344	0.296332	0.300035	0.439196	0.414584	0.430181	0.425377	0.427181	0.426837	0.294866	0.286068	0.284945	0.283369	0.283112	0.283595	0.320424	0.388941	0.321249	0.336351	0.323294	0.336396	0.386825	0.3408	0.34535	0.340708	0.332648	0.344967	0.451678	0.441859	0.452159	0.414353	0.413438	0.419866	0.560274	0.550633	0.53732	0.57425	0.534086	0.534907	0.514982	0.489586	0.469387	0.468901	0.471778	0.497782	0.31586	0.315359	0.314449	0.348011	0.317212	0.351205	0.466222	0.462233	0.576664	0.465132	0.488342	0.471494	0.310819	0.308994	0.313005	0.285118	0.288614	0.281984	0.519834	0.525801	0.519415	0.527359	0.519331	0.518542	0.479397	0.495909	0.494598	0.466859	0.463392	0.46775	0.46845	0.466211	0.471214	0.467975	0.47461	0.462149
ERR636667	0.399534	0.399198	0.39486	0.397617	0.396016	0.395047	0.29425	0.293512	0.286159	0.292255	0.297026	0.292101	0	0.242691	0.245315	0.23931	0.237778	0.239858	0.420051	0.401481	0.413521	0.409192	0.410889	0.409399	0.289913	0.290827	0.288431	0.293861	0.296288	0.295174	0.28566	0.347996	0.285911	0.297049	0.287571	0.296712	0.362606	0.324893	0.326187	0.323917	0.318955	0.326746	0.433454	0.42173	0.431384	0.399775	0.39869	0.403944	0.539231	0.532065	0.52129	0.55216	0.518264	0.519958	0.487902	0.466214	0.451795	0.450418	0.452839	0.471673	0.274129	0.27373	0.27321	0.301505	0.275783	0.305314	0.455859	0.452785	0.556818	0.454043	0.47319	0.458964	0.295253	0.294384	0.297372	0.279285	0.28548	0.286683	0.522084	0.525849	0.522227	0.526968	0.522004	0.52184	0.455733	0.469464	0.468505	0.444578	0.44201	0.44531	0.463299	0.45995	0.465117	0.46304	0.466082	0.459822
ERR636669	0.402351	0.401646	0.392817	0.395971	0.393342	0.392349	0.288544	0.288222	0.28718	0.288004	0.290461	0.287759	0.242691	0	0.239517	0.253498	0.250267	0.254715	0.416592	0.391837	0.409138	0.402963	0.406142	0.404496	0.303141	0.296897	0.294903	0.295649	0.295907	0.296267	0.290205	0.366983	0.292034	0.308434	0.29315	0.309016	0.375813	0.326792	0.331986	0.326764	0.319559	0.331427	0.435229	0.422003	0.432943	0.393284	0.392859	0.401281	0.535519	0.526463	0.513677	0.549228	0.510406	0.511587	0.491268	0.466464	0.447802	0.447238	0.4498	0.474539	0.291427	0.290609	0.289908	0.325745	0.293571	0.329526	0.457388	0.453729	0.567356	0.455637	0.478169	0.461454	0.309171	0.307386	0.311566	0.28386	0.289278	0.282979	0.510552	0.51619	0.510745	0.517247	0.510041	0.509386	0.466638	0.482473	0.481323	0.453987	0.450621	0.454522	0.455229	0.453021	0.45774	0.454717	0.461382	0.450519
ERR636668	0.400838	0.399946	0.389776	0.392896	0.389894	0.389048	0.289094	0.289801	0.290754	0.290235	0.293417	0.289775	0.245315	0.239517	0	0.258936	0.255257	0.259972	0.415998	0.390561	0.411384	0.403233	0.408966	0.404759	0.308007	0.301433	0.297174	0.299521	0.299207	0.299988	0.290152	0.37415	0.292875	0.311374	0.292937	0.311491	0.381089	0.324896	0.332701	0.325083	0.318307	0.332195	0.439839	0.421391	0.432368	0.39104	0.391071	0.402182	0.531054	0.521321	0.508835	0.544118	0.5059	0.506533	0.487291	0.462694	0.443797	0.443758	0.446011	0.471405	0.296952	0.295799	0.295423	0.332313	0.299519	0.337335	0.461679	0.457786	0.574418	0.459113	0.482864	0.465231	0.319335	0.317571	0.321919	0.289307	0.29693	0.287433	0.509474	0.51635	0.509863	0.517079	0.508919	0.507764	0.470082	0.486715	0.485714	0.457394	0.454065	0.45787	0.454111	0.453537	0.45679	0.453768	0.463121	0.450475
ERR636672	0.405126	0.404912	0.404248	0.406837	0.406167	0.404951	0.303056	0.30155	0.289464	0.29873	0.304049	0.299344	0.23931	0.253498	0.258936	0	0.234433	0.234555	0.428676	0.413945	0.419208	0.418646	0.416389	0.417683	0.286281	0.290864	0.290486	0.296287	0.300356	0.298218	0.292702	0.33703	0.291068	0.2972	0.293787	0.296223	0.356853	0.333797	0.330463	0.331989	0.328139	0.331941	0.433847	0.428312	0.437018	0.412156	0.41031	0.410853	0.549609	0.544212	0.534055	0.562937	0.530974	0.533333	0.494839	0.474662	0.462245	0.460011	0.462818	0.477916	0.267262	0.267347	0.266595	0.287929	0.268017	0.290392	0.453758	0.451169	0.545767	0.452926	0.468728	0.4569	0.284242	0.283746	0.285523	0.279477	0.282766	0.291749	0.532631	0.534051	0.532092	0.535749	0.532639	0.533499	0.45004	0.461968	0.460711	0.440047	0.437963	0.441235	0.472214	0.466829	0.473568	0.472068	0.470344	0.46802
ERR636670	0.404329	0.404006	0.402308	0.404963	0.404095	0.403024	0.29989	0.29845	0.287277	0.295875	0.301043	0.296332	0.237778	0.250267	0.255257	0.234433	0	0.234598	0.427241	0.411251	0.418144	0.416694	0.415292	0.416045	0.285981	0.289536	0.288805	0.294257	0.298025	0.296021	0.291308	0.339939	0.289922	0.297424	0.29272	0.296548	0.358603	0.332338	0.330107	0.330722	0.326258	0.331238	0.433984	0.427312	0.436384	0.409873	0.408088	0.409636	0.54866	0.542808	0.532421	0.561939	0.529371	0.531459	0.494534	0.473821	0.46079	0.458852	0.461575	0.477741	0.268167	0.268301	0.26747	0.290658	0.269368	0.293657	0.454588	0.451936	0.548622	0.453668	0.470278	0.458008	0.285781	0.285134	0.287387	0.278142	0.281951	0.289216	0.531021	0.53292	0.530614	0.534545	0.530983	0.5316	0.451945	0.464255	0.463094	0.441444	0.439396	0.442711	0.470802	0.465711	0.472165	0.470457	0.469928	0.466564
ERR636671	0.404862	0.404732	0.40406	0.406527	0.405914	0.404869	0.303789	0.30229	0.289818	0.299691	0.305108	0.300035	0.239858	0.254715	0.259972	0.234555	0.234598	0	0.429397	0.414772	0.420112	0.419407	0.417439	0.41848	0.285558	0.290813	0.290303	0.296571	0.30057	0.298351	0.292755	0.336369	0.291021	0.296733	0.293854	0.295881	0.356408	0.333705	0.330253	0.331735	0.328101	0.331766	0.434339	0.428553	0.437005	0.412733	0.411006	0.41142	0.550315	0.544877	0.5348	0.563403	0.531904	0.534082	0.494873	0.474816	0.462806	0.460568	0.463117	0.478053	0.267185	0.267273	0.266357	0.287155	0.267762	0.289695	0.455168	0.452692	0.546522	0.4543	0.469873	0.458325	0.284351	0.283969	0.285835	0.279777	0.283577	0.292812	0.534134	0.535522	0.533647	0.537195	0.534151	0.535067	0.450424	0.462019	0.460782	0.440391	0.438449	0.441515	0.473574	0.468218	0.474872	0.473362	0.471708	0.469587
ERR605656	0.441315	0.441133	0.448271	0.447108	0.449392	0.449409	0.438961	0.43844	0.442603	0.439268	0.440189	0.439196	0.420051	0.416592	0.415998	0.428676	0.427241	0.429397	0	0.275518	0.274841	0.269605	0.277238	0.268121	0.45895	0.452742	0.450785	0.4509	0.450135	0.451288	0.37624	0.385781	0.374762	0.367329	0.37404	0.369635	0.388266	0.383934	0.379926	0.38378	0.389253	0.379011	0.375094	0.356807	0.360862	0.357557	0.357096	0.355799	0.472837	0.477543	0.47981	0.481041	0.47813	0.482507	0.457382	0.45784	0.469797	0.467086	0.466994	0.45362	0.422019	0.420527	0.421323	0.431957	0.423057	0.43591	0.472068	0.473154	0.528304	0.467082	0.462932	0.463769	0.447401	0.44539	0.448921	0.427371	0.43261	0.423993	0.458081	0.454134	0.457697	0.453963	0.458325	0.46162	0.483984	0.487094	0.488637	0.484292	0.485518	0.483626	0.457643	0.455599	0.453484	0.459651	0.447375	0.465828
ERR605653	0.43369	0.432544	0.433207	0.432455	0.433825	0.43362	0.413948	0.413435	0.421638	0.414963	0.415053	0.414584	0.401481	0.391837	0.390561	0.413945	0.411251	0.414772	0.275518	0	0.279364	0.266917	0.28019	0.270195	0.444583	0.43461	0.432526	0.430715	0.428762	0.430796	0.358324	0.395585	0.358153	0.360163	0.358045	0.362041	0.396254	0.370761	0.37219	0.371213	0.372871	0.370235	0.387883	0.367523	0.375074	0.352746	0.353312	0.358087	0.472697	0.472118	0.469557	0.483699	0.467236	0.470266	0.457891	0.449491	0.452461	0.450818	0.451222	0.450195	0.410472	0.408542	0.409286	0.428743	0.411213	0.433191	0.459793	0.459497	0.541671	0.455366	0.460579	0.454401	0.434468	0.432094	0.436434	0.407527	0.412749	0.399499	0.44759	0.447963	0.447265	0.448224	0.447508	0.449317	0.480726	0.488817	0.489618	0.477554	0.477398	0.477044	0.440416	0.439629	0.438236	0.442001	0.436766	0.445318
ERR605658	0.443238	0.442691	0.450116	0.449164	0.451734	0.451179	0.431513	0.42978	0.432949	0.429888	0.429942	0.430181	0.413521	0.409138	0.411384	0.419208	0.418144	0.420112	0.274841	0.279364	0	0.27169	0.265218	0.271328	0.45001	0.443162	0.4439	0.44163	0.441117	0.442131	0.373348	0.37455	0.370971	0.362333	0.371652	0.364841	0.381267	0.385475	0.379094	0.384867	0.388566	0.377919	0.365983	0.36362	0.36851	0.363073	0.36192	0.355254	0.484204	0.488431	0.487205	0.495107	0.484864	0.489411	0.467043	0.463707	0.471383	0.468239	0.468982	0.459451	0.412385	0.411302	0.411524	0.42154	0.412463	0.423369	0.457367	0.458589	0.512544	0.455998	0.449399	0.452338	0.428458	0.426723	0.429559	0.416419	0.417234	0.41295	0.459207	0.453523	0.458027	0.4547	0.459606	0.463482	0.476665	0.479166	0.480384	0.476314	0.477332	0.47636	0.456578	0.451616	0.452944	0.458459	0.442367	0.461693
ERR605654	0.437647	0.436823	0.441662	0.440483	0.442772	0.442542	0.425708	0.424544	0.430336	0.425414	0.425995	0.425377	0.409192	0.402963	0.403233	0.418646	0.416694	0.419407	0.269605	0.266917	0.27169	0	0.272915	0.266037	0.450026	0.441983	0.440775	0.439574	0.438414	0.439732	0.366385	0.3855	0.364867	0.36114	0.365224	0.363382	0.388329	0.377719	0.37513	0.377474	0.380948	0.373912	0.377383	0.362088	0.36777	0.356111	0.356097	0.35529	0.472669	0.475439	0.475059	0.483035	0.472822	0.47669	0.456853	0.452674	0.460393	0.457837	0.458115	0.450424	0.413041	0.411487	0.412039	0.426016	0.413586	0.429933	0.459669	0.46044	0.527559	0.456097	0.455129	0.453428	0.43544	0.433488	0.43718	0.414606	0.418451	0.409501	0.45146	0.448722	0.450682	0.448993	0.451628	0.454676	0.477349	0.482678	0.483584	0.476238	0.47713	0.475836	0.447656	0.445204	0.444419	0.44956	0.438529	0.453438
ERR605657	0.444358	0.443743	0.450356	0.449742	0.452148	0.451432	0.428635	0.426753	0.429896	0.426912	0.426771	0.427181	0.410889	0.406142	0.408966	0.416389	0.415292	0.417439	0.277238	0.28019	0.265218	0.272915	0	0.272791	0.447355	0.440463	0.441431	0.438626	0.438281	0.439033	0.37174	0.373875	0.369298	0.361271	0.37038	0.363535	0.381164	0.385707	0.379194	0.38498	0.388173	0.377744	0.3676	0.367015	0.372214	0.365432	0.364142	0.356924	0.487093	0.49084	0.48913	0.498656	0.486673	0.491072	0.469156	0.464877	0.47158	0.468351	0.469262	0.460983	0.410144	0.408878	0.40921	0.419781	0.410006	0.421297	0.455315	0.456346	0.511397	0.454455	0.448283	0.450928	0.424616	0.422886	0.425877	0.413085	0.413445	0.409653	0.460092	0.454576	0.458835	0.455699	0.460321	0.46436	0.476037	0.478468	0.4797	0.475189	0.476053	0.475243	0.456197	0.450848	0.452777	0.45816	0.441886	0.460594
ERR605655	0.437433	0.436374	0.442519	0.44163	0.443765	0.443672	0.426813	0.426111	0.430427	0.426839	0.427129	0.426837	0.409399	0.404496	0.404759	0.417683	0.416045	0.41848	0.268121	0.270195	0.271328	0.266037	0.272791	0	0.448871	0.441692	0.44052	0.439428	0.438575	0.439783	0.367249	0.381283	0.365697	0.3603	0.365607	0.362288	0.384602	0.377845	0.374218	0.377647	0.381719	0.372955	0.374259	0.359473	0.364756	0.356192	0.355469	0.354033	0.474966	0.478444	0.478422	0.484844	0.476421	0.480401	0.457933	0.455114	0.463683	0.461108	0.461309	0.451999	0.411802	0.410442	0.410941	0.423614	0.412531	0.427268	0.461166	0.461892	0.523184	0.4569	0.454853	0.453845	0.434524	0.432603	0.436277	0.414732	0.418978	0.410702	0.453465	0.449807	0.452641	0.450113	0.453821	0.457124	0.476648	0.480624	0.481796	0.475479	0.476659	0.475224	0.450035	0.44717	0.446505	0.451948	0.439639	0.456421
ERR636787	0.387746	0.388216	0.385815	0.389658	0.387986	0.386667	0.298494	0.29701	0.283506	0.294199	0.298628	0.294866	0.289913	0.303141	0.308007	0.286281	0.285981	0.285558	0.45895	0.444583	0.45001	0.450026	0.447355	0.448871	0	0.237852	0.23825	0.244547	0.248597	0.245674	0.330458	0.366682	0.328536	0.333815	0.33179	0.3327	0.362078	0.342379	0.338289	0.340286	0.335633	0.3398	0.448496	0.445427	0.453758	0.428902	0.426993	0.427365	0.596106	0.589228	0.577587	0.609444	0.574496	0.576459	0.542659	0.521092	0.505869	0.504269	0.506935	0.525757	0.304335	0.304779	0.303526	0.321402	0.304708	0.323031	0.493538	0.490529	0.586534	0.493011	0.510574	0.49796	0.298387	0.297848	0.299479	0.294201	0.297403	0.306066	0.569726	0.572707	0.569364	0.574373	0.569621	0.569651	0.494015	0.505584	0.504648	0.483089	0.480648	0.484187	0.51101	0.50644	0.513069	0.510587	0.512035	0.505968
ERR636789	0.38532	0.385172	0.379522	0.383406	0.381166	0.379924	0.289284	0.287516	0.278776	0.285503	0.288273	0.286068	0.290827	0.296897	0.301433	0.290864	0.289536	0.290813	0.452742	0.43461	0.443162	0.441983	0.440463	0.441692	0.237852	0	0.23628	0.237756	0.239878	0.238555	0.329407	0.377225	0.328558	0.33711	0.331533	0.336853	0.368264	0.338737	0.337699	0.337493	0.331436	0.338269	0.445696	0.441381	0.450595	0.419847	0.418548	0.420846	0.592121	0.58405	0.571183	0.605957	0.568033	0.569557	0.54303	0.519622	0.501773	0.500568	0.503452	0.525917	0.312513	0.312554	0.311202	0.335192	0.313002	0.337021	0.492553	0.488986	0.592551	0.491896	0.511981	0.49754	0.304252	0.303166	0.305899	0.293031	0.295835	0.299371	0.560285	0.564405	0.559876	0.566084	0.559846	0.559622	0.499448	0.512848	0.51171	0.487694	0.484689	0.488713	0.504163	0.500141	0.506635	0.503613	0.507041	0.49817
ERR636788	0.382182	0.381924	0.37554	0.379198	0.376742	0.37553	0.286969	0.286579	0.278598	0.284707	0.288535	0.284945	0.288431	0.294903	0.297174	0.290486	0.288805	0.290303	0.450785	0.432526	0.4439	0.440775	0.441431	0.44052	0.23825	0.23628	0	0.238497	0.240395	0.239276	0.325563	0.379108	0.325375	0.335807	0.327686	0.334866	0.368904	0.334031	0.334569	0.33281	0.327016	0.335444	0.447911	0.438979	0.448182	0.416761	0.415594	0.419819	0.587605	0.579111	0.566846	0.600706	0.563863	0.565127	0.538093	0.514949	0.497609	0.496781	0.499311	0.521697	0.311974	0.312151	0.310825	0.335855	0.313084	0.338768	0.494129	0.490755	0.59592	0.492988	0.513794	0.498789	0.309113	0.307917	0.310957	0.293603	0.298411	0.299844	0.559012	0.563997	0.558953	0.565435	0.558779	0.558147	0.499398	0.513295	0.512136	0.48761	0.484631	0.488398	0.502386	0.499469	0.504964	0.501754	0.506994	0.497085
ERR636790	0.385653	0.385352	0.377001	0.381638	0.378302	0.377019	0.285541	0.284519	0.278729	0.28294	0.284838	0.283369	0.293861	0.295649	0.299521	0.296287	0.294257	0.296571	0.4509	0.430715	0.44163	0.439574	0.438626	0.439428	0.244547	0.237756	0.238497	0	0.236279	0.235978	0.329908	0.384434	0.330009	0.340794	0.33239	0.340503	0.372621	0.337391	0.338389	0.336438	0.329767	0.338594	0.446464	0.440389	0.450054	0.416088	0.414679	0.418946	0.590474	0.581758	0.568206	0.604471	0.564983	0.566302	0.543947	0.519713	0.500368	0.499601	0.502357	0.526921	0.319258	0.319158	0.317893	0.345073	0.320341	0.347267	0.494212	0.490532	0.59726	0.493641	0.514946	0.499752	0.311598	0.310249	0.313597	0.294962	0.298127	0.297924	0.555349	0.560447	0.555184	0.562024	0.554838	0.554181	0.504457	0.518419	0.517505	0.491833	0.48866	0.492765	0.500637	0.49723	0.503442	0.499923	0.505281	0.494642
ERR636792	0.385031	0.384924	0.375115	0.380065	0.376355	0.374992	0.284721	0.284121	0.279795	0.282861	0.283994	0.283112	0.296288	0.295907	0.299207	0.300356	0.298025	0.30057	0.450135	0.428762	0.441117	0.438414	0.438281	0.438575	0.248597	0.239878	0.240395	0.236279	0	0.236283	0.331256	0.389214	0.331627	0.343392	0.333821	0.343477	0.376087	0.337235	0.339355	0.336497	0.32948	0.339269	0.447271	0.440126	0.4501	0.414268	0.413071	0.418347	0.589651	0.58046	0.566512	0.603698	0.563379	0.564452	0.544621	0.519802	0.499732	0.499118	0.50198	0.527674	0.323957	0.323695	0.322498	0.350973	0.32506	0.35357	0.495906	0.492083	0.600899	0.495165	0.517365	0.501436	0.316506	0.314899	0.318569	0.297282	0.300678	0.298583	0.553293	0.558909	0.553197	0.560374	0.5527	0.55173	0.507513	0.521882	0.521078	0.4946	0.491264	0.495438	0.499216	0.496295	0.502191	0.498661	0.505004	0.493165
ERR636791	0.385703	0.385305	0.376657	0.381513	0.377894	0.376512	0.285481	0.284608	0.279186	0.283026	0.284731	0.283595	0.295174	0.296267	0.299988	0.298218	0.296021	0.298351	0.451288	0.430796	0.442131	0.439732	0.439033	0.439783	0.245674	0.238555	0.239276	0.235978	0.236283	0	0.330962	0.386418	0.331422	0.342201	0.333527	0.342242	0.374251	0.337855	0.339086	0.336862	0.330117	0.339274	0.447211	0.440877	0.450693	0.416128	0.415093	0.419388	0.591095	0.582026	0.568429	0.605054	0.565183	0.566452	0.54496	0.52055	0.50095	0.500219	0.50293	0.527993	0.321128	0.321054	0.319822	0.347386	0.322274	0.349726	0.495661	0.491695	0.598942	0.494922	0.51646	0.501102	0.313463	0.312128	0.315532	0.296198	0.29957	0.298561	0.555355	0.560693	0.555378	0.562136	0.554864	0.554167	0.506214	0.520303	0.519284	0.493499	0.490243	0.494466	0.500941	0.497724	0.503753	0.500263	0.506039	0.494859
ERR608153	0.396704	0.395925	0.393199	0.395119	0.394243	0.393385	0.320868	0.320764	0.319143	0.320483	0.324397	0.320424	0.28566	0.290205	0.290152	0.292702	0.291308	0.292755	0.37624	0.358324	0.373348	0.366385	0.37174	0.367249	0.330458	0.329407	0.325563	0.329908	0.331256	0.330962	0	0.317431	0.245468	0.255199	0.2438	0.255992	0.348031	0.305267	0.308418	0.304431	0.302624	0.308281	0.41033	0.391837	0.40147	0.36992	0.369413	0.376852	0.496602	0.490377	0.481835	0.508731	0.47913	0.481175	0.44964	0.430313	0.421644	0.41999	0.421649	0.435082	0.286811	0.285519	0.285859	0.309584	0.288817	0.314728	0.444956	0.442828	0.546078	0.441463	0.458152	0.444458	0.323769	0.321649	0.325793	0.302561	0.310422	0.306124	0.487078	0.490672	0.48747	0.491602	0.486897	0.487213	0.445672	0.459058	0.458191	0.437368	0.435639	0.437622	0.437467	0.436064	0.438393	0.437845	0.440547	0.437406
ERR608149	0.427678	0.429381	0.443932	0.444944	0.44748	0.446502	0.393422	0.390992	0.376749	0.387724	0.392135	0.388941	0.347996	0.366983	0.37415	0.33703	0.339939	0.336369	0.385781	0.395585	0.37455	0.3855	0.373875	0.381283	0.366682	0.377225	0.379108	0.384434	0.389214	0.386418	0.317431	0	0.309687	0.286904	0.313641	0.286015	0.313777	0.360266	0.34239	0.356994	0.362683	0.344555	0.376793	0.39055	0.392427	0.404084	0.39993	0.384393	0.526808	0.531659	0.529714	0.537781	0.527163	0.532549	0.475243	0.472547	0.481668	0.47645	0.478322	0.463909	0.318406	0.318869	0.318716	0.301038	0.316989	0.3003	0.464052	0.465896	0.491995	0.464004	0.453742	0.460007	0.338373	0.338512	0.337797	0.355476	0.355293	0.372124	0.521795	0.513285	0.520426	0.515269	0.52264	0.527042	0.448178	0.443973	0.445415	0.448822	0.451367	0.450667	0.485985	0.476721	0.4831	0.486955	0.466287	0.488316
ERR608151	0.396079	0.395677	0.394717	0.395974	0.395933	0.395131	0.322327	0.321849	0.318595	0.321068	0.325226	0.321249	0.285911	0.292034	0.292875	0.291068	0.289922	0.291021	0.374762	0.358153	0.370971	0.364867	0.369298	0.365697	0.328536	0.328558	0.325375	0.330009	0.331627	0.331422	0.245468	0.309687	0	0.253723	0.245452	0.251985	0.343052	0.306593	0.307432	0.305496	0.303799	0.307772	0.406255	0.389653	0.399054	0.370579	0.369518	0.374914	0.498018	0.492649	0.484606	0.510571	0.482081	0.484427	0.450106	0.431738	0.424523	0.422427	0.424086	0.435317	0.283553	0.282369	0.282547	0.303211	0.284785	0.308495	0.442762	0.440824	0.540629	0.439771	0.454768	0.442231	0.319258	0.317471	0.32105	0.301243	0.308176	0.306384	0.488299	0.490777	0.488224	0.491803	0.488164	0.488877	0.442515	0.454711	0.453841	0.434741	0.433425	0.43518	0.439456	0.437048	0.439949	0.439628	0.440198	0.439041
ERR608154	0.398303	0.398458	0.4027	0.404143	0.404834	0.403964	0.338672	0.337375	0.330369	0.335789	0.340106	0.336351	0.297049	0.308434	0.311374	0.2972	0.297424	0.296733	0.367329	0.360163	0.362333	0.36114	0.361271	0.3603	0.333815	0.33711	0.335807	0.340794	0.343392	0.342201	0.255199	0.286904	0.253723	0	0.253738	0.249477	0.325483	0.31194	0.306232	0.310189	0.311538	0.306666	0.389316	0.380178	0.387583	0.37014	0.368531	0.367839	0.499066	0.496838	0.490694	0.510964	0.488105	0.491497	0.448826	0.435706	0.434262	0.431041	0.432778	0.435291	0.285257	0.284559	0.284407	0.294203	0.286592	0.297497	0.444276	0.443559	0.525117	0.441659	0.449698	0.442239	0.318236	0.316766	0.319526	0.311461	0.316498	0.320233	0.492342	0.491634	0.492002	0.492877	0.492373	0.494497	0.439028	0.446795	0.446506	0.433577	0.433748	0.434498	0.447349	0.443001	0.446635	0.447911	0.441874	0.448482
ERR608152	0.395425	0.39489	0.393326	0.394814	0.394241	0.393724	0.324081	0.323975	0.321621	0.323521	0.327663	0.323294	0.287571	0.29315	0.292937	0.293787	0.29272	0.293854	0.37404	0.358045	0.371652	0.365224	0.37038	0.365607	0.33179	0.331533	0.327686	0.33239	0.333821	0.333527	0.2438	0.313641	0.245452	0.253738	0	0.254232	0.345027	0.304735	0.307315	0.303841	0.302727	0.307052	0.407552	0.388825	0.398246	0.368646	0.367896	0.374748	0.495034	0.489377	0.481357	0.507038	0.478992	0.48102	0.447279	0.429327	0.422112	0.420314	0.421982	0.433489	0.287069	0.285647	0.28597	0.307854	0.289033	0.313076	0.445548	0.443544	0.544155	0.442114	0.457517	0.444783	0.325049	0.323195	0.326911	0.304589	0.312776	0.309273	0.487378	0.490614	0.487642	0.491442	0.487358	0.487771	0.445194	0.457581	0.456872	0.437381	0.43596	0.437545	0.438597	0.437067	0.439229	0.438912	0.440852	0.438961
ERR608150	0.39835	0.39836	0.402881	0.404195	0.404901	0.404086	0.338839	0.337537	0.330139	0.336065	0.340485	0.336396	0.296712	0.309016	0.311491	0.296223	0.296548	0.295881	0.369635	0.362041	0.364841	0.363382	0.363535	0.362288	0.3327	0.336853	0.334866	0.340503	0.343477	0.342242	0.255992	0.286015	0.251985	0.249477	0.254232	0	0.325555	0.312169	0.306097	0.309831	0.311739	0.307246	0.391524	0.38066	0.388145	0.371566	0.369603	0.368858	0.499312	0.497312	0.491587	0.511331	0.489104	0.492395	0.44823	0.435289	0.434546	0.431274	0.433228	0.434779	0.283608	0.282853	0.283019	0.291665	0.284169	0.295341	0.443907	0.44322	0.52469	0.441455	0.449115	0.441857	0.31816	0.316627	0.319419	0.310782	0.316128	0.320694	0.493764	0.492779	0.493307	0.494036	0.493753	0.4959	0.437619	0.445329	0.444974	0.432407	0.432465	0.433236	0.447722	0.443259	0.447196	0.448423	0.442245	0.448707
ERR608341	0.402514	0.404023	0.416938	0.41804	0.420148	0.419098	0.390349	0.388607	0.378934	0.386457	0.389735	0.386825	0.362606	0.375813	0.381089	0.356853	0.358603	0.356408	0.388266	0.396254	0.381267	0.388329	0.381164	0.384602	0.362078	0.368264	0.368904	0.372621	0.376087	0.374251	0.348031	0.313777	0.343052	0.325483	0.345027	0.325555	0	0.302953	0.284867	0.30005	0.306696	0.286897	0.346448	0.352955	0.354773	0.364534	0.361124	0.347409	0.523484	0.526626	0.524507	0.534026	0.522077	0.52683	0.48068	0.476753	0.484446	0.480086	0.481372	0.47035	0.348392	0.348891	0.348481	0.339292	0.348255	0.339789	0.482321	0.483748	0.523831	0.481243	0.475596	0.478261	0.362891	0.362103	0.362785	0.36923	0.37071	0.380301	0.518034	0.512225	0.517143	0.513673	0.518562	0.522151	0.471688	0.470213	0.471654	0.470929	0.472398	0.471858	0.487486	0.480769	0.484802	0.488399	0.472418	0.490607
ERR608344	0.377495	0.377155	0.374888	0.376742	0.375608	0.375088	0.340188	0.340873	0.342477	0.341378	0.344697	0.3408	0.324893	0.326792	0.324896	0.333797	0.332338	0.333705	0.383934	0.370761	0.385475	0.377719	0.385707	0.377845	0.342379	0.338737	0.334031	0.337391	0.337235	0.337855	0.305267	0.360266	0.306593	0.31194	0.304735	0.312169	0.302953	0	0.255762	0.250075	0.251482	0.253942	0.381319	0.356279	0.365467	0.33575	0.335913	0.344311	0.499548	0.493614	0.486627	0.51044	0.484203	0.486032	0.46036	0.444616	0.439378	0.437863	0.438855	0.448977	0.335562	0.334387	0.334517	0.352684	0.338009	0.358389	0.474368	0.472862	0.569681	0.470189	0.484739	0.472603	0.363113	0.360986	0.364721	0.339006	0.347788	0.339699	0.493414	0.497954	0.49408	0.498215	0.493284	0.493292	0.473585	0.485143	0.485179	0.466771	0.465379	0.466536	0.452968	0.453521	0.453124	0.453359	0.457348	0.454869
ERR608342	0.379115	0.37903	0.381373	0.382832	0.382909	0.382191	0.346241	0.346087	0.343827	0.345732	0.349046	0.34535	0.326187	0.331986	0.332701	0.330463	0.330107	0.330253	0.379926	0.37219	0.379094	0.37513	0.379194	0.374218	0.338289	0.337699	0.334569	0.338389	0.339355	0.339086	0.308418	0.34239	0.307432	0.306232	0.307315	0.306097	0.284867	0.255762	0	0.254735	0.256359	0.253369	0.367842	0.349944	0.357612	0.337384	0.336376	0.338983	0.503507	0.499925	0.494141	0.514598	0.491829	0.49453	0.462285	0.449335	0.447508	0.445287	0.446246	0.450622	0.329108	0.328276	0.328489	0.340209	0.330797	0.344925	0.471166	0.4704	0.555867	0.468006	0.47785	0.468824	0.353893	0.352107	0.355122	0.337788	0.344712	0.342001	0.497074	0.498821	0.497177	0.499271	0.496969	0.498096	0.467516	0.476331	0.476472	0.462042	0.461438	0.462251	0.457779	0.456099	0.45731	0.458516	0.456744	0.459837
ERR608345	0.377893	0.377654	0.375874	0.377576	0.376589	0.376188	0.340341	0.340899	0.341809	0.341343	0.34457	0.340708	0.323917	0.326764	0.325083	0.331989	0.330722	0.331735	0.38378	0.371213	0.384867	0.377474	0.38498	0.377647	0.340286	0.337493	0.33281	0.336438	0.336497	0.336862	0.304431	0.356994	0.305496	0.310189	0.303841	0.309831	0.30005	0.250075	0.254735	0	0.251794	0.252973	0.380421	0.356389	0.365192	0.337012	0.336963	0.344544	0.501007	0.49543	0.488484	0.512068	0.486061	0.488045	0.461146	0.445682	0.440648	0.439184	0.44025	0.449623	0.333246	0.332237	0.33211	0.349462	0.335425	0.355189	0.473789	0.472413	0.567681	0.469894	0.483767	0.471917	0.360282	0.358427	0.362134	0.337632	0.346246	0.339161	0.494534	0.498735	0.49509	0.49887	0.494447	0.494665	0.472926	0.484227	0.484022	0.466212	0.464945	0.465964	0.453784	0.454057	0.454039	0.4542	0.457393	0.455936
ERR608343	0.378886	0.378448	0.374575	0.376446	0.375238	0.37439	0.332355	0.332628	0.334681	0.333179	0.336152	0.332648	0.318955	0.319559	0.318307	0.328139	0.326258	0.328101	0.389253	0.372871	0.388566	0.380948	0.388173	0.381719	0.335633	0.331436	0.327016	0.329767	0.32948	0.330117	0.302624	0.362683	0.303799	0.311538	0.302727	0.311739	0.306696	0.251482	0.256359	0.251794	0	0.256392	0.38648	0.363839	0.373458	0.340292	0.340356	0.349147	0.50588	0.498912	0.490595	0.517777	0.487853	0.48959	0.466724	0.448321	0.439834	0.438726	0.439962	0.453742	0.330808	0.329621	0.329465	0.350472	0.332958	0.355793	0.471389	0.469323	0.571363	0.467704	0.48426	0.470638	0.355515	0.353251	0.357273	0.330932	0.339125	0.330998	0.495053	0.500055	0.495535	0.500426	0.494926	0.494776	0.473656	0.486465	0.485956	0.465851	0.464231	0.465863	0.452591	0.45261	0.453271	0.452712	0.457465	0.452844
ERR608346	0.378856	0.378992	0.380332	0.382166	0.381839	0.381099	0.345732	0.345581	0.344149	0.345369	0.348326	0.344967	0.326746	0.331427	0.332195	0.331941	0.331238	0.331766	0.379011	0.370235	0.377919	0.373912	0.377744	0.372955	0.3398	0.338269	0.335444	0.338594	0.339269	0.339274	0.308281	0.344555	0.307772	0.306666	0.307052	0.307246	0.286897	0.253942	0.253369	0.252973	0.256392	0	0.367297	0.350157	0.358228	0.336042	0.335342	0.338536	0.502941	0.499005	0.49259	0.514485	0.490113	0.492869	0.462861	0.449172	0.446507	0.444315	0.445338	0.451176	0.331616	0.330818	0.330627	0.343982	0.333312	0.347932	0.471986	0.470982	0.558091	0.468728	0.479107	0.469749	0.35487	0.353058	0.356187	0.338681	0.34541	0.341972	0.495737	0.497758	0.495901	0.498178	0.495489	0.496624	0.469968	0.479038	0.478951	0.464071	0.463358	0.464265	0.457014	0.455646	0.456562	0.457695	0.456565	0.459234
ERR617232	0.454692	0.455609	0.46722	0.467244	0.469609	0.468587	0.4538	0.452301	0.450091	0.451495	0.451781	0.451678	0.433454	0.435229	0.439839	0.433847	0.433984	0.434339	0.375094	0.387883	0.365983	0.377383	0.3676	0.374259	0.448496	0.445696	0.447911	0.446464	0.447271	0.447211	0.41033	0.376793	0.406255	0.389316	0.407552	0.391524	0.346448	0.381319	0.367842	0.380421	0.38648	0.367297	0	0.29309	0.293447	0.31338	0.311005	0.290564	0.515717	0.522087	0.522108	0.525623	0.519482	0.524944	0.495774	0.495941	0.506589	0.502413	0.503223	0.488997	0.431008	0.430808	0.430397	0.427474	0.430385	0.427421	0.508605	0.510478	0.542308	0.508508	0.497893	0.504194	0.444844	0.443758	0.445178	0.446378	0.446046	0.448047	0.500021	0.491698	0.499152	0.492675	0.500677	0.504893	0.512797	0.51054	0.512522	0.513098	0.515043	0.513615	0.495238	0.488197	0.490589	0.496441	0.476308	0.500064
ERR617231	0.437746	0.438263	0.446518	0.446044	0.447472	0.447431	0.441714	0.441839	0.443921	0.442343	0.444047	0.441859	0.42173	0.422003	0.421391	0.428312	0.427312	0.428553	0.356807	0.367523	0.36362	0.362088	0.367015	0.359473	0.445427	0.441381	0.438979	0.440389	0.440126	0.440877	0.391837	0.39055	0.389653	0.380178	0.388825	0.38066	0.352955	0.356279	0.349944	0.356389	0.363839	0.350157	0.29309	0	0.269958	0.280308	0.279783	0.274166	0.486057	0.490921	0.493854	0.493126	0.491894	0.49632	0.46753	0.469267	0.482224	0.479488	0.479141	0.464737	0.427607	0.426735	0.426669	0.430862	0.428228	0.435589	0.51164	0.512848	0.565036	0.507802	0.503991	0.50503	0.458604	0.456745	0.459661	0.442259	0.448037	0.441887	0.483546	0.480119	0.483472	0.479428	0.483767	0.486823	0.510959	0.513612	0.515487	0.511016	0.512269	0.510489	0.477544	0.475476	0.47337	0.478948	0.467612	0.485305
ERR617230	0.444391	0.445008	0.454587	0.453967	0.455868	0.455739	0.452134	0.452274	0.453377	0.452519	0.454473	0.452159	0.431384	0.432943	0.432368	0.437018	0.436384	0.437005	0.360862	0.375074	0.36851	0.36777	0.372214	0.364756	0.453758	0.450595	0.448182	0.450054	0.4501	0.450693	0.40147	0.392427	0.399054	0.387583	0.398246	0.388145	0.354773	0.365467	0.357612	0.365192	0.373458	0.358228	0.293447	0.269958	0	0.289124	0.287736	0.280018	0.48947	0.4956	0.499687	0.495614	0.497957	0.50284	0.470986	0.475025	0.490148	0.487199	0.486936	0.469067	0.435401	0.434689	0.43469	0.435778	0.4361	0.440835	0.51801	0.519671	0.564319	0.514282	0.508122	0.510727	0.466306	0.464456	0.467226	0.451637	0.457364	0.452346	0.489025	0.484333	0.48878	0.483624	0.489356	0.492637	0.515442	0.516393	0.518544	0.516199	0.517906	0.515773	0.485185	0.482649	0.480642	0.486838	0.473805	0.493592
