	ERR618548	ERR618543	ERR618545	ERR618544	ERR618546	ERR618547	ERR636774	ERR636771	ERR636770	ERR636772	ERR636769	ERR636773	ERR613176	ERR613175	ERR613177	ERR613174	ERR613178	ERR613173	ERR637122	ERR637119	ERR637118	ERR637120	ERR637117	ERR637121	ERR635348	ERR635350	ERR635349	ERR635351	ERR635346	ERR635347	ERR636863	ERR636864	ERR636860	ERR636862	ERR636861	ERR636859	ERR607649	ERR607646	ERR607645	ERR607648	ERR607650	ERR607647	ERR612638	ERR612639	ERR612640	ERR612642	ERR612641	ERR612637	ERR612190	ERR612185	ERR612187	ERR612186	ERR612188	ERR612189	ERR616257	ERR616255	ERR616253	ERR616254	ERR616256	ERR616258	ERR617033	ERR617037	ERR617038	ERR617036	ERR617034	ERR617035	ERR631068	ERR631072	ERR631073	ERR631070	ERR631071	ERR631069	ERR617330	ERR617329	ERR617326	ERR617327	ERR617325	ERR617328	ERR638269	ERR638267	ERR638268	ERR638272	ERR638271	ERR638270	ERR616924	ERR616921	ERR616923	ERR616920	ERR616922	ERR616919	ERR618351	ERR618352	ERR618355	ERR618356	ERR618354	ERR618353
ERR618548	0	0.733819	0.739542	0.73923	0.71776	0.718405	0.922472	0.926959	0.924893	0.924128	0.934179	0.923043	0.994982	0.954455	0.989014	0.946055	0.987699	0.936152	0.9465	0.946944	0.94386	0.949992	0.954979	0.948255	1.10731	1.09307	1.09352	1.0923	1.09646	1.10893	0.906843	0.906808	0.884107	0.904551	0.889358	0.897148	0.904857	0.90154	0.914282	0.904706	0.906693	0.910682	0.955544	0.926608	0.939005	0.941651	0.940415	0.912661	1.08706	1.07786	1.08259	1.08434	1.08301	1.10232	1.09228	1.09461	1.09407	1.08526	1.09315	1.08735	1.10781	1.11921	1.12014	1.11788	1.10164	1.09897	1.07127	1.07558	1.0794	1.06613	1.07606	1.07122	1.07398	1.07484	1.08732	1.08716	1.09266	1.07495	1.11953	1.11848	1.1166	1.1074	1.0951	1.09603	1.11	1.09304	1.11092	1.09786	1.11219	1.10107	1.05392	1.05609	1.04787	1.04821	1.04755	1.05622
ERR618543	0.733819	0	0.743898	0.744032	0.732546	0.73344	0.934804	0.93903	0.936382	0.936497	0.945721	0.935462	1.00379	0.964479	0.997964	0.956594	0.996627	0.946301	0.960562	0.961128	0.957509	0.964078	0.968416	0.962522	1.11368	1.09983	1.10017	1.09901	1.10303	1.11574	0.920278	0.920553	0.897899	0.918056	0.903573	0.910554	0.918153	0.915035	0.927279	0.917979	0.919694	0.924008	0.965755	0.938934	0.949945	0.952492	0.951086	0.924294	1.09371	1.08502	1.08998	1.09134	1.09005	1.10887	1.09729	1.0975	1.09802	1.08943	1.09772	1.09211	1.11435	1.12678	1.12756	1.12499	1.10792	1.10558	1.0778	1.08219	1.08567	1.07212	1.08276	1.07689	1.07937	1.0804	1.09286	1.09297	1.09889	1.0805	1.12546	1.12474	1.12286	1.11489	1.10131	1.10287	1.11788	1.10082	1.1187	1.10533	1.11999	1.10903	1.05401	1.05597	1.0497	1.05029	1.04944	1.05635
ERR618545	0.739542	0.743898	0	0.748928	0.738323	0.7389	0.936437	0.941142	0.938257	0.938237	0.947214	0.937137	1.00485	0.966084	0.998891	0.957863	0.997535	0.948314	0.962208	0.962764	0.959288	0.965259	0.970131	0.964108	1.11518	1.10149	1.10195	1.10062	1.10474	1.1171	0.921832	0.921897	0.89997	0.919668	0.905442	0.912432	0.919877	0.917183	0.929012	0.919843	0.921533	0.925545	0.966898	0.94042	0.951562	0.953742	0.952658	0.926367	1.09517	1.08649	1.09114	1.09284	1.09175	1.11004	1.09964	1.10046	1.10071	1.09215	1.10057	1.09464	1.11625	1.12793	1.12906	1.12664	1.11007	1.10749	1.0798	1.08403	1.08763	1.07442	1.08467	1.07891	1.08224	1.08302	1.09527	1.09503	1.10098	1.08308	1.12703	1.12597	1.12421	1.11616	1.10316	1.10443	1.11932	1.10231	1.11997	1.10717	1.12121	1.11038	1.05737	1.05948	1.0531	1.05356	1.05287	1.05962
ERR618544	0.73923	0.744032	0.748928	0	0.73822	0.738955	0.937828	0.942136	0.939532	0.939868	0.948396	0.938542	1.00614	0.967271	1.00045	0.95949	0.998716	0.949513	0.964022	0.964435	0.96075	0.967044	0.971497	0.965748	1.11619	1.10247	1.10262	1.10183	1.10565	1.11796	0.922829	0.923036	0.900991	0.920664	0.90654	0.913455	0.920902	0.9179	0.929797	0.920603	0.922376	0.926666	0.968509	0.942326	0.953101	0.955512	0.953788	0.92802	1.0963	1.08748	1.0925	1.09393	1.09256	1.11089	1.1002	1.10083	1.10103	1.09268	1.10083	1.09521	1.11716	1.1291	1.13019	1.12769	1.11075	1.10854	1.08072	1.08491	1.08869	1.07514	1.08547	1.07974	1.08312	1.08388	1.09591	1.09603	1.10194	1.08408	1.12777	1.12712	1.12528	1.11712	1.10428	1.10545	1.12026	1.10348	1.12121	1.10811	1.12255	1.11153	1.05787	1.05966	1.05362	1.05414	1.0535	1.06007
ERR618546	0.71776	0.732546	0.738323	0.73822	0	0.717409	0.923171	0.927793	0.925386	0.924984	0.935021	0.924037	0.994851	0.954415	0.988679	0.946012	0.987556	0.935938	0.946229	0.946782	0.943776	0.949537	0.95483	0.948066	1.10772	1.09325	1.09369	1.09277	1.09657	1.10961	0.907342	0.907465	0.884304	0.905039	0.889569	0.897562	0.905242	0.901909	0.914571	0.905009	0.907042	0.910645	0.955159	0.926301	0.938753	0.941374	0.939571	0.912272	1.08682	1.07798	1.08248	1.08424	1.08285	1.10204	1.09213	1.09423	1.09373	1.08494	1.09304	1.08694	1.1081	1.11968	1.12041	1.11825	1.10176	1.09904	1.07137	1.07573	1.07968	1.06631	1.07659	1.07145	1.07379	1.07482	1.0875	1.08736	1.09287	1.07494	1.11982	1.11914	1.11713	1.10796	1.09526	1.09615	1.11058	1.09351	1.11137	1.0985	1.11247	1.10181	1.05325	1.05528	1.04717	1.04762	1.04664	1.05585
ERR618547	0.718405	0.73344	0.7389	0.738955	0.717409	0	0.921812	0.926186	0.924083	0.923539	0.933316	0.922842	0.993765	0.953421	0.987911	0.9451	0.986665	0.935191	0.945231	0.945685	0.942755	0.948739	0.953836	0.94724	1.10699	1.09243	1.09275	1.09169	1.09583	1.10856	0.906835	0.906682	0.883814	0.904001	0.888855	0.896682	0.904542	0.901166	0.913786	0.904424	0.906237	0.910097	0.954626	0.92571	0.938196	0.941157	0.939402	0.9118	1.08572	1.07698	1.08141	1.08297	1.08199	1.10112	1.0919	1.0943	1.09331	1.08462	1.0926	1.08684	1.107	1.11841	1.11929	1.1168	1.1011	1.09826	1.07064	1.0749	1.0786	1.06558	1.07548	1.07039	1.07345	1.07425	1.08673	1.08675	1.09212	1.07428	1.11919	1.11811	1.1163	1.10695	1.09467	1.0955	1.10943	1.09253	1.11007	1.09742	1.11141	1.10034	1.05349	1.05537	1.04691	1.04767	1.0469	1.05562
ERR636774	0.922472	0.934804	0.936437	0.937828	0.923171	0.921812	0	0.774793	0.775999	0.770956	0.784866	0.770623	0.911966	0.864297	0.906759	0.854518	0.90548	0.847596	0.889821	0.887433	0.888251	0.892212	0.895743	0.891169	1.08418	1.0694	1.07027	1.06988	1.0713	1.08389	0.870412	0.86866	0.852815	0.86735	0.852343	0.86385	0.860579	0.857079	0.865541	0.8604	0.861848	0.861954	0.953475	0.923505	0.941889	0.945445	0.942016	0.916099	1.0441	1.0337	1.03801	1.03737	1.04012	1.06224	1.11054	1.12095	1.11445	1.10733	1.11252	1.10659	1.08308	1.09304	1.09186	1.09173	1.08113	1.07872	1.06235	1.06471	1.07011	1.06023	1.066	1.06669	1.07361	1.07395	1.08491	1.08412	1.08345	1.07383	1.10031	1.09812	1.09635	1.08114	1.07551	1.0757	1.07539	1.06081	1.07644	1.06719	1.07775	1.06664	1.11878	1.12022	1.11001	1.11035	1.11099	1.11971
ERR636771	0.926959	0.93903	0.941142	0.942136	0.927793	0.926186	0.774793	0	0.774405	0.774873	0.782681	0.775451	0.912342	0.865131	0.907129	0.8558	0.906541	0.849344	0.891265	0.887989	0.889394	0.893944	0.896247	0.892699	1.08495	1.07039	1.0713	1.07117	1.07244	1.0841	0.871294	0.869973	0.855009	0.868598	0.85392	0.865783	0.861969	0.858699	0.866726	0.861968	0.863273	0.862761	0.954531	0.924456	0.943398	0.946229	0.943355	0.917549	1.04447	1.03493	1.03858	1.03764	1.04095	1.06275	1.11261	1.12377	1.11705	1.10984	1.11493	1.10898	1.08434	1.09368	1.09254	1.09219	1.0827	1.08046	1.06356	1.06582	1.0715	1.06146	1.06679	1.06825	1.07581	1.07615	1.08657	1.08589	1.08476	1.07571	1.10083	1.0983	1.09689	1.08153	1.07638	1.07663	1.07583	1.06164	1.07671	1.06786	1.07768	1.06715	1.12138	1.12258	1.11238	1.11266	1.11325	1.1218
ERR636770	0.924893	0.936382	0.938257	0.939532	0.925386	0.924083	0.775999	0.774405	0	0.776768	0.783602	0.776761	0.913386	0.865931	0.907878	0.85604	0.906994	0.848699	0.893228	0.890386	0.890426	0.895619	0.898174	0.894381	1.08583	1.07093	1.07204	1.07163	1.0731	1.08528	0.872616	0.870944	0.854894	0.869599	0.85513	0.865906	0.862044	0.858664	0.866939	0.862049	0.863283	0.863798	0.955525	0.926154	0.944243	0.947415	0.944335	0.918177	1.04483	1.03468	1.0389	1.03807	1.04102	1.06309	1.11164	1.12139	1.11526	1.10826	1.11368	1.10753	1.08461	1.095	1.09361	1.09353	1.08201	1.07983	1.06376	1.0666	1.07204	1.06162	1.06753	1.06796	1.07522	1.07547	1.08611	1.08547	1.08502	1.07481	1.10118	1.09924	1.09751	1.0835	1.077	1.0774	1.07796	1.06281	1.07875	1.06872	1.07987	1.06886	1.11944	1.12065	1.11066	1.11123	1.11174	1.11992
ERR636772	0.924128	0.936497	0.938237	0.939868	0.924984	0.923539	0.770956	0.774873	0.776768	0	0.785574	0.771437	0.912659	0.865059	0.907444	0.855554	0.90667	0.848593	0.89112	0.888873	0.889225	0.893274	0.896506	0.892319	1.08498	1.07039	1.07116	1.07088	1.07213	1.08447	0.871422	0.869595	0.854217	0.86846	0.853628	0.865003	0.861303	0.858084	0.866441	0.861048	0.862777	0.862799	0.954279	0.924064	0.942849	0.94612	0.94275	0.916973	1.04442	1.03456	1.03811	1.03759	1.04087	1.06274	1.11149	1.12221	1.11553	1.10844	1.11377	1.10772	1.08395	1.09383	1.09247	1.0925	1.08191	1.07982	1.06312	1.06591	1.07134	1.06109	1.06694	1.06774	1.07487	1.07526	1.08596	1.08543	1.08431	1.0749	1.10053	1.09844	1.09679	1.08174	1.07594	1.07646	1.07652	1.06162	1.07705	1.06787	1.07836	1.06758	1.12013	1.12162	1.11125	1.11179	1.11224	1.12088
ERR636769	0.934179	0.945721	0.947214	0.948396	0.935021	0.933316	0.784866	0.782681	0.783602	0.785574	0	0.785188	0.9182	0.873396	0.913611	0.864193	0.91236	0.858143	0.900954	0.897863	0.899208	0.903172	0.905408	0.902097	1.09294	1.07928	1.0802	1.07968	1.08106	1.09246	0.879629	0.87758	0.864139	0.876472	0.863092	0.873696	0.869312	0.866138	0.873466	0.869247	0.870367	0.870485	0.960995	0.932372	0.950408	0.953291	0.950329	0.925692	1.05009	1.04084	1.04428	1.0434	1.04673	1.06811	1.11954	1.12995	1.12348	1.11647	1.1217	1.11579	1.09263	1.10193	1.10071	1.10052	1.09054	1.08878	1.0722	1.07463	1.07981	1.0704	1.07564	1.07665	1.08392	1.08447	1.09422	1.09371	1.09294	1.08374	1.10826	1.10617	1.10475	1.09026	1.08474	1.08485	1.08504	1.07116	1.08567	1.07669	1.08697	1.07667	1.12673	1.128	1.1182	1.11848	1.11918	1.1271
ERR636773	0.923043	0.935462	0.937137	0.938542	0.924037	0.922842	0.770623	0.775451	0.776761	0.771437	0.785188	0	0.913043	0.865254	0.90792	0.855635	0.906647	0.848548	0.890576	0.888162	0.889166	0.893183	0.896566	0.892081	1.08484	1.07018	1.07118	1.07089	1.07208	1.08437	0.871089	0.8696	0.853871	0.868362	0.853383	0.864791	0.861398	0.857754	0.866405	0.860917	0.862629	0.862545	0.954551	0.924522	0.943001	0.946234	0.943173	0.917265	1.04436	1.0342	1.03837	1.03767	1.04059	1.06254	1.11143	1.12185	1.11563	1.10836	1.11385	1.10755	1.08384	1.09352	1.09244	1.09245	1.08183	1.0796	1.06336	1.06576	1.07125	1.06111	1.06693	1.0677	1.07443	1.07497	1.08578	1.08528	1.08427	1.07464	1.10094	1.09855	1.09724	1.08206	1.07632	1.07681	1.07665	1.06177	1.07724	1.06795	1.07858	1.06746	1.1198	1.12101	1.11064	1.11097	1.1116	1.12019
ERR613176	0.994982	1.00379	1.00485	1.00614	0.994851	0.993765	0.911966	0.912342	0.913386	0.912659	0.9182	0.913043	0	0.82849	0.851191	0.824529	0.852224	0.821656	0.971146	0.968721	0.970019	0.973276	0.975103	0.971911	1.12571	1.11429	1.11477	1.11454	1.11546	1.12561	0.958796	0.958454	0.947312	0.956836	0.946868	0.954573	0.950127	0.948224	0.953325	0.949683	0.951054	0.95078	0.926758	0.912345	0.920487	0.922643	0.920421	0.910885	1.03207	1.02884	1.02958	1.02909	1.03095	1.04049	1.1469	1.156	1.15041	1.14476	1.14885	1.14373	1.12517	1.13271	1.13218	1.1316	1.12358	1.12208	1.10957	1.11135	1.11541	1.10817	1.1122	1.11343	1.12037	1.12055	1.12932	1.12874	1.12838	1.12045	1.13984	1.1377	1.13618	1.12443	1.11941	1.11945	1.12141	1.10957	1.12194	1.11449	1.12283	1.11436	1.15224	1.15354	1.14506	1.1454	1.14614	1.15294
ERR613175	0.954455	0.964479	0.966084	0.967271	0.954415	0.953421	0.864297	0.865131	0.865931	0.865059	0.873396	0.865254	0.82849	0	0.822247	0.776153	0.823053	0.770134	0.926253	0.923576	0.924106	0.928457	0.931442	0.927394	1.09601	1.0822	1.08301	1.08255	1.08408	1.09592	0.916945	0.916471	0.901121	0.914642	0.901109	0.911104	0.906528	0.903094	0.91105	0.905799	0.907635	0.907385	0.898659	0.878431	0.890153	0.893006	0.890053	0.873848	1.00761	1.00165	1.00391	1.0035	1.00551	1.01892	1.11792	1.12719	1.12144	1.11445	1.11991	1.11415	1.09422	1.10347	1.1029	1.10217	1.09203	1.08979	1.07678	1.07904	1.08419	1.07443	1.08	1.08061	1.08783	1.08837	1.09798	1.09759	1.09757	1.08752	1.11113	1.10912	1.10785	1.09434	1.08793	1.08843	1.09081	1.07648	1.09146	1.08193	1.09276	1.0824	1.12614	1.12742	1.11768	1.11819	1.11861	1.12681
ERR613177	0.989014	0.997964	0.998891	1.00045	0.988679	0.987911	0.906759	0.907129	0.907878	0.907444	0.913611	0.90792	0.851191	0.822247	0	0.817365	0.847232	0.814443	0.966229	0.963592	0.964789	0.968124	0.970406	0.967425	1.12031	1.10823	1.10883	1.10865	1.1098	1.12006	0.953864	0.953397	0.941582	0.951852	0.941173	0.949565	0.945381	0.942695	0.948778	0.944978	0.946436	0.946242	0.922976	0.908363	0.917031	0.918641	0.916623	0.905539	1.02776	1.02428	1.0251	1.02505	1.02649	1.03625	1.14114	1.14991	1.14461	1.13835	1.1427	1.13772	1.11923	1.12742	1.12692	1.12611	1.11754	1.11594	1.10338	1.10528	1.10984	1.10198	1.10625	1.10723	1.11397	1.1142	1.12342	1.12261	1.12238	1.11386	1.13444	1.13233	1.1311	1.1188	1.11358	1.1139	1.11599	1.10361	1.11635	1.10849	1.11751	1.10837	1.1475	1.14864	1.13998	1.14051	1.14097	1.14825
ERR613174	0.946055	0.956594	0.957863	0.95949	0.946012	0.9451	0.854518	0.8558	0.85604	0.855554	0.864193	0.855635	0.824529	0.776153	0.817365	0	0.817995	0.761127	0.917015	0.914194	0.914537	0.919478	0.92262	0.917724	1.08997	1.07573	1.07644	1.076	1.07748	1.09009	0.908034	0.90798	0.891196	0.905926	0.891965	0.90231	0.897685	0.893729	0.902463	0.897067	0.898926	0.899045	0.893572	0.872408	0.884679	0.886882	0.884888	0.867152	1.00433	0.998225	1.00059	1.00023	1.00228	1.01624	1.11177	1.12127	1.11537	1.10829	1.11383	1.10762	1.08828	1.0984	1.09756	1.09668	1.08572	1.08383	1.07002	1.07296	1.07768	1.06797	1.07376	1.07401	1.08088	1.08137	1.09191	1.09123	1.09142	1.08071	1.10551	1.10377	1.10216	1.08862	1.08171	1.08227	1.08497	1.07008	1.08575	1.07589	1.08706	1.07634	1.12025	1.12151	1.11157	1.11189	1.11239	1.12074
ERR613178	0.987699	0.996627	0.997535	0.998716	0.987556	0.986665	0.90548	0.906541	0.906994	0.90667	0.91236	0.906647	0.852224	0.823053	0.847232	0.817995	0	0.81412	0.965541	0.962828	0.963842	0.967685	0.969831	0.96629	1.12015	1.10808	1.10877	1.10833	1.10943	1.11988	0.952921	0.952038	0.940083	0.95068	0.939854	0.947856	0.944338	0.94169	0.947539	0.94373	0.945262	0.945002	0.922993	0.908663	0.917043	0.918771	0.916559	0.905426	1.02846	1.02482	1.02575	1.02549	1.02716	1.03693	1.14092	1.14947	1.14434	1.13822	1.14243	1.13716	1.11904	1.12735	1.12696	1.12598	1.11721	1.11589	1.10335	1.10521	1.10934	1.1014	1.10624	1.1067	1.11388	1.11404	1.1231	1.1226	1.12226	1.11369	1.13381	1.13195	1.13101	1.11872	1.11334	1.11338	1.11595	1.1037	1.11658	1.10843	1.11767	1.10859	1.14698	1.1482	1.13935	1.13972	1.14017	1.14771
ERR613173	0.936152	0.946301	0.948314	0.949513	0.935938	0.935191	0.847596	0.849344	0.848699	0.848593	0.858143	0.848548	0.821656	0.770134	0.814443	0.761127	0.81412	0	0.910515	0.908077	0.907702	0.91316	0.916329	0.911744	1.08345	1.06883	1.06991	1.06897	1.07076	1.08421	0.901874	0.901468	0.882945	0.899396	0.884511	0.894932	0.890664	0.886585	0.896556	0.889988	0.89161	0.892584	0.891177	0.869077	0.881466	0.884112	0.881598	0.861928	1.00144	0.994569	0.997369	0.997373	0.999234	1.01423	1.10475	1.11324	1.10783	1.10023	1.10649	1.1003	1.08167	1.09268	1.09232	1.09086	1.07799	1.07571	1.06267	1.0656	1.07048	1.05999	1.06675	1.06601	1.07248	1.07301	1.08404	1.08341	1.08456	1.07261	1.09997	1.09784	1.09627	1.08339	1.07484	1.07551	1.07952	1.06301	1.08007	1.06877	1.0815	1.07014	1.11307	1.11472	1.10461	1.10515	1.10555	1.11407
ERR637122	0.9465	0.960562	0.962208	0.964022	0.946229	0.945231	0.889821	0.891265	0.893228	0.89112	0.900954	0.890576	0.971146	0.926253	0.966229	0.917015	0.965541	0.910515	0	0.723881	0.724766	0.724588	0.732214	0.723613	1.10369	1.08955	1.09032	1.08999	1.09139	1.10352	0.84237	0.841412	0.82218	0.838673	0.821488	0.835191	0.841909	0.83785	0.847395	0.841249	0.8433	0.8428	0.959486	0.926545	0.946912	0.950081	0.947703	0.917971	1.0609	1.05079	1.05458	1.05383	1.0569	1.07876	1.13165	1.14213	1.13583	1.12835	1.13371	1.12775	1.10457	1.1134	1.11196	1.11204	1.10248	1.10052	1.08428	1.08663	1.09248	1.08238	1.08777	1.0891	1.09577	1.096	1.10653	1.10587	1.10479	1.0954	1.11795	1.11567	1.11381	1.09826	1.09307	1.09332	1.09528	1.08155	1.096	1.08741	1.09702	1.08662	1.13957	1.14123	1.13036	1.13065	1.13129	1.14035
ERR637119	0.946944	0.961128	0.962764	0.964435	0.946782	0.945685	0.887433	0.887989	0.890386	0.888873	0.897863	0.888162	0.968721	0.923576	0.963592	0.914194	0.962828	0.908077	0.723881	0	0.720524	0.726312	0.728267	0.72529	1.10053	1.08622	1.08714	1.08692	1.0881	1.10007	0.840268	0.839269	0.820087	0.836472	0.81899	0.833218	0.839688	0.835536	0.845291	0.839428	0.841733	0.840302	0.9573	0.92382	0.944751	0.947663	0.945579	0.915911	1.05872	1.04853	1.05212	1.0512	1.05464	1.07673	1.13016	1.1411	1.13438	1.12724	1.13222	1.12623	1.10119	1.10979	1.10865	1.1086	1.09989	1.09838	1.08122	1.08339	1.08924	1.07936	1.08439	1.08625	1.0933	1.0935	1.10414	1.10328	1.10178	1.09316	1.11489	1.11213	1.1104	1.0941	1.08967	1.08978	1.09152	1.07774	1.09193	1.08378	1.09332	1.08261	1.13898	1.14085	1.12952	1.13	1.13049	1.13971
ERR637118	0.94386	0.957509	0.959288	0.96075	0.943776	0.942755	0.888251	0.889394	0.890426	0.889225	0.899208	0.889166	0.970019	0.924106	0.964789	0.914537	0.963842	0.907702	0.724766	0.720524	0	0.726618	0.72852	0.726178	1.10168	1.087	1.08799	1.08757	1.08906	1.10116	0.840722	0.839692	0.819733	0.837288	0.819693	0.833593	0.839975	0.835443	0.845994	0.839469	0.841837	0.841207	0.958073	0.924946	0.945243	0.948086	0.9461	0.916259	1.05947	1.04911	1.05309	1.05239	1.05563	1.07743	1.12945	1.13927	1.13308	1.12584	1.13142	1.12527	1.10172	1.11121	1.11021	1.10991	1.09947	1.0979	1.08165	1.08426	1.08977	1.07965	1.0851	1.08632	1.09275	1.09311	1.10362	1.10319	1.10219	1.09246	1.11546	1.11321	1.11151	1.09619	1.09049	1.09062	1.09364	1.07881	1.0939	1.08469	1.09517	1.08432	1.13738	1.13906	1.12836	1.1287	1.12932	1.13821
ERR637120	0.949992	0.964078	0.965259	0.967044	0.949537	0.948739	0.892212	0.893944	0.895619	0.893274	0.903172	0.893183	0.973276	0.928457	0.968124	0.919478	0.967685	0.91316	0.724588	0.726312	0.726618	0	0.734099	0.726138	1.10636	1.09219	1.09278	1.09268	1.094	1.10566	0.844593	0.843657	0.824924	0.840877	0.824343	0.83756	0.84356	0.839784	0.848971	0.84344	0.845206	0.845056	0.961183	0.928786	0.948711	0.951928	0.949582	0.920468	1.06258	1.0528	1.05642	1.05551	1.0587	1.08065	1.13441	1.14477	1.13826	1.13127	1.13639	1.13053	1.10675	1.11539	1.11429	1.11411	1.10512	1.10329	1.08706	1.0895	1.09525	1.08526	1.0904	1.09168	1.09825	1.09857	1.10903	1.10809	1.10692	1.09807	1.12039	1.11773	1.1162	1.10063	1.0956	1.09592	1.09797	1.08397	1.09843	1.08989	1.0997	1.08924	1.14189	1.14376	1.13288	1.13311	1.13375	1.14277
ERR637117	0.954979	0.968416	0.970131	0.971497	0.95483	0.953836	0.895743	0.896247	0.898174	0.896506	0.905408	0.896566	0.975103	0.931442	0.970406	0.92262	0.969831	0.916329	0.732214	0.728267	0.72852	0.734099	0	0.734176	1.10884	1.09497	1.09575	1.0959	1.09693	1.10842	0.848464	0.847739	0.830136	0.845444	0.829755	0.842394	0.847965	0.844269	0.852975	0.847674	0.849459	0.848781	0.96407	0.931708	0.952121	0.955178	0.952418	0.924112	1.06519	1.05567	1.05918	1.05821	1.06131	1.08289	1.13731	1.14779	1.14143	1.13439	1.13931	1.1336	1.1097	1.11825	1.11683	1.11688	1.10796	1.1063	1.09016	1.09244	1.09805	1.08846	1.09357	1.09497	1.10154	1.10178	1.11219	1.1114	1.11011	1.10154	1.12291	1.1203	1.11856	1.10327	1.0985	1.09874	1.1008	1.08712	1.10127	1.09288	1.10243	1.09225	1.1447	1.14648	1.13583	1.13611	1.13688	1.14563
ERR637121	0.948255	0.962522	0.964108	0.965748	0.948066	0.94724	0.891169	0.892699	0.894381	0.892319	0.902097	0.892081	0.971911	0.927394	0.967425	0.917724	0.96629	0.911744	0.723613	0.72529	0.726178	0.726138	0.734176	0	1.10563	1.09158	1.09232	1.09191	1.0932	1.10526	0.843376	0.842813	0.824192	0.840192	0.823084	0.836629	0.842621	0.838638	0.848301	0.842547	0.844196	0.843365	0.960468	0.927696	0.948156	0.951119	0.94875	0.919541	1.06257	1.05234	1.05612	1.05537	1.05826	1.08027	1.13357	1.14382	1.13734	1.1303	1.13555	1.12944	1.10613	1.11512	1.11391	1.11368	1.10445	1.10247	1.08655	1.08882	1.09428	1.08447	1.08982	1.09121	1.09739	1.09788	1.10834	1.10746	1.10637	1.09736	1.11993	1.11755	1.11588	1.09992	1.09511	1.0952	1.09729	1.08346	1.09787	1.08923	1.09919	1.08851	1.14116	1.14274	1.13209	1.13225	1.13284	1.14192
ERR635348	1.10731	1.11368	1.11518	1.11619	1.10772	1.10699	1.08418	1.08495	1.08583	1.08498	1.09294	1.08484	1.12571	1.09601	1.12031	1.08997	1.12015	1.08345	1.10369	1.10053	1.10168	1.10636	1.10884	1.10563	0	0.797888	0.798143	0.797571	0.798284	0.816442	1.10358	1.1031	1.08996	1.10214	1.08994	1.09848	1.09431	1.08996	1.09928	1.09429	1.09596	1.0953	1.12576	1.10661	1.1178	1.11911	1.11788	1.09994	1.0014	0.990099	0.995232	0.995532	0.995629	1.01974	0.963617	0.979492	0.968628	0.959688	0.96571	0.957636	0.958162	0.972104	0.970245	0.970379	0.955522	0.953135	0.891592	0.895594	0.903409	0.890055	0.896735	0.898314	0.923756	0.924475	0.939559	0.939242	0.93655	0.923685	0.945369	0.943485	0.941027	0.920961	0.911612	0.912019	0.911577	0.891986	0.912202	0.900348	0.913439	0.899241	1.01569	1.01808	1.00359	1.00462	1.00561	1.0169
ERR635350	1.09307	1.09983	1.10149	1.10247	1.09325	1.09243	1.0694	1.07039	1.07093	1.07039	1.07928	1.07018	1.11429	1.0822	1.10823	1.07573	1.10808	1.06883	1.08955	1.08622	1.087	1.09219	1.09497	1.09158	0.797888	0	0.7707	0.77	0.776748	0.797574	1.09008	1.0897	1.07546	1.08863	1.07554	1.08475	1.08033	1.07575	1.08565	1.08038	1.08189	1.08164	1.11391	1.09326	1.10517	1.10678	1.10517	1.08631	0.984242	0.97223	0.977677	0.978305	0.978299	1.00389	0.946863	0.963096	0.952	0.942102	0.948914	0.940519	0.939295	0.954666	0.952978	0.952945	0.935902	0.933125	0.869803	0.874608	0.882769	0.86833	0.875579	0.877221	0.901859	0.902313	0.919371	0.918528	0.916873	0.902065	0.929	0.927117	0.924218	0.902731	0.891872	0.892658	0.891081	0.868929	0.891845	0.878176	0.893125	0.877619	0.999492	1.00241	0.986537	0.987735	0.988293	1.00153
ERR635349	1.09352	1.10017	1.10195	1.10262	1.09369	1.09275	1.07027	1.0713	1.07204	1.07116	1.0802	1.07118	1.11477	1.08301	1.10883	1.07644	1.10877	1.06991	1.09032	1.08714	1.08799	1.09278	1.09575	1.09232	0.798143	0.7707	0	0.769903	0.777141	0.797787	1.0909	1.09072	1.076	1.08924	1.0762	1.08549	1.08103	1.07642	1.08626	1.08138	1.08281	1.08233	1.11439	1.09437	1.10589	1.10747	1.10612	1.08713	0.984864	0.972776	0.978272	0.978615	0.978706	1.0044	0.946944	0.96312	0.951971	0.942238	0.949119	0.940366	0.939995	0.95508	0.953757	0.95334	0.936538	0.933676	0.87016	0.875381	0.883066	0.868715	0.876048	0.877401	0.902161	0.902708	0.919526	0.918928	0.917377	0.902131	0.929692	0.927612	0.924959	0.90328	0.892386	0.893119	0.891638	0.869089	0.892167	0.878645	0.893762	0.878032	0.999376	1.00222	0.986486	0.987741	0.98845	1.00108
ERR635351	1.0923	1.09901	1.10062	1.10183	1.09277	1.09169	1.06988	1.07117	1.07163	1.07088	1.07968	1.07089	1.11454	1.08255	1.10865	1.076	1.10833	1.06897	1.08999	1.08692	1.08757	1.09268	1.0959	1.09191	0.797571	0.77	0.769903	0	0.776177	0.796881	1.0905	1.09015	1.07567	1.0888	1.07564	1.08499	1.08084	1.07606	1.08612	1.08074	1.08242	1.08205	1.1139	1.09382	1.10536	1.10685	1.10555	1.08655	0.984501	0.972508	0.977988	0.978089	0.978443	1.00415	0.946119	0.962308	0.951325	0.941241	0.948301	0.939611	0.939376	0.954722	0.953363	0.952838	0.935913	0.932969	0.869711	0.874372	0.882423	0.867541	0.874998	0.876449	0.90116	0.90153	0.918577	0.917934	0.916327	0.901063	0.928625	0.926719	0.923963	0.902892	0.891425	0.892266	0.892247	0.869811	0.893016	0.878657	0.894245	0.87879	0.998149	1.00108	0.985197	0.98646	0.987192	1.00018
ERR635346	1.09646	1.10303	1.10474	1.10565	1.09657	1.09583	1.0713	1.07244	1.0731	1.07213	1.08106	1.07208	1.11546	1.08408	1.1098	1.07748	1.10943	1.07076	1.09139	1.0881	1.08906	1.094	1.09693	1.0932	0.798284	0.776748	0.777141	0.776177	0	0.797611	1.09209	1.09181	1.0776	1.09046	1.07771	1.08691	1.08264	1.07809	1.088	1.08265	1.08427	1.08366	1.11543	1.09506	1.1072	1.10839	1.10707	1.08809	0.987219	0.974905	0.980628	0.981044	0.981292	1.00662	0.950143	0.966667	0.955547	0.945668	0.952094	0.943712	0.942073	0.957085	0.955534	0.955241	0.939117	0.93634	0.873229	0.878055	0.885753	0.871772	0.878779	0.880543	0.905819	0.905891	0.92265	0.922079	0.919797	0.905806	0.93112	0.928132	0.92599	0.904346	0.894209	0.894775	0.893525	0.871701	0.894307	0.880777	0.895513	0.879954	1.00321	1.0058	0.990421	0.991683	0.99243	1.0051
ERR635347	1.10893	1.11574	1.1171	1.11796	1.10961	1.10856	1.08389	1.0841	1.08528	1.08447	1.09246	1.08437	1.12561	1.09592	1.12006	1.09009	1.11988	1.08421	1.10352	1.10007	1.10116	1.10566	1.10842	1.10526	0.816442	0.797574	0.797787	0.796881	0.797611	0	1.10386	1.10317	1.0904	1.10223	1.0899	1.09879	1.09463	1.0903	1.09937	1.0947	1.09633	1.09548	1.12596	1.10645	1.11812	1.11962	1.11805	1.10046	1.00136	0.990523	0.995168	0.995242	0.99554	1.01972	0.964077	0.981435	0.969811	0.961334	0.966526	0.958556	0.958411	0.971742	0.969724	0.969884	0.956609	0.954199	0.891258	0.89486	0.902675	0.890588	0.895866	0.898421	0.925147	0.925642	0.940263	0.939736	0.936602	0.924833	0.945222	0.942893	0.940169	0.919155	0.911424	0.911984	0.908883	0.890172	0.909772	0.898536	0.910832	0.897898	1.01773	1.02002	1.00557	1.00642	1.00719	1.01899
ERR636863	0.906843	0.920278	0.921832	0.922829	0.907342	0.906835	0.870412	0.871294	0.872616	0.871422	0.879629	0.871089	0.958796	0.916945	0.953864	0.908034	0.952921	0.901874	0.84237	0.840268	0.840722	0.844593	0.848464	0.843376	1.10358	1.09008	1.0909	1.0905	1.09209	1.10386	0	0.765487	0.750108	0.763373	0.750223	0.760991	0.817503	0.815203	0.823957	0.817986	0.818841	0.819573	0.949375	0.920819	0.937447	0.940177	0.93854	0.91186	1.07149	1.06243	1.06587	1.06548	1.06781	1.0878	1.12634	1.13582	1.1301	1.12339	1.12841	1.12284	1.10677	1.11578	1.11509	1.11452	1.10412	1.10245	1.08438	1.0864	1.09164	1.08252	1.08763	1.08824	1.09585	1.09637	1.10656	1.10581	1.10567	1.0962	1.11798	1.11604	1.11411	1.10107	1.09449	1.09481	1.09951	1.08577	1.10012	1.09115	1.10135	1.0912	1.12672	1.12831	1.11845	1.11865	1.11926	1.12749
ERR636864	0.906808	0.920553	0.921897	0.923036	0.907465	0.906682	0.86866	0.869973	0.870944	0.869595	0.87758	0.8696	0.958454	0.916471	0.953397	0.90798	0.952038	0.901468	0.841412	0.839269	0.839692	0.843657	0.847739	0.842813	1.1031	1.0897	1.09072	1.09015	1.09181	1.10317	0.765487	0	0.748617	0.762133	0.748798	0.760048	0.81639	0.813346	0.82284	0.816663	0.817379	0.818424	0.94934	0.920503	0.9374	0.940141	0.938133	0.911897	1.07082	1.06183	1.06512	1.06471	1.06736	1.08734	1.12626	1.13563	1.13003	1.1231	1.12809	1.12255	1.10636	1.11545	1.11443	1.11402	1.10405	1.10226	1.08385	1.08608	1.09126	1.08213	1.087	1.08786	1.09588	1.09621	1.10608	1.10555	1.10539	1.09569	1.11758	1.11526	1.11397	1.10039	1.09406	1.09439	1.09884	1.08498	1.09953	1.09041	1.10072	1.09061	1.12696	1.12841	1.11843	1.11892	1.11912	1.12768
ERR636860	0.884107	0.897899	0.89997	0.900991	0.884304	0.883814	0.852815	0.855009	0.854894	0.854217	0.864139	0.853871	0.947312	0.901121	0.941582	0.891196	0.940083	0.882945	0.82218	0.820087	0.819733	0.824924	0.830136	0.824192	1.08996	1.07546	1.076	1.07567	1.0776	1.0904	0.750108	0.748617	0	0.745795	0.72398	0.737028	0.799562	0.795651	0.808102	0.799941	0.801585	0.803008	0.936151	0.905326	0.922922	0.925832	0.924161	0.89459	1.05864	1.0487	1.05276	1.05272	1.0549	1.07614	1.11139	1.11973	1.11461	1.10699	1.11293	1.10683	1.09139	1.10219	1.10181	1.1006	1.08795	1.08578	1.06819	1.07123	1.07615	1.06558	1.07184	1.07157	1.07869	1.07934	1.0903	1.0896	1.09047	1.07867	1.10514	1.10305	1.10115	1.08785	1.07971	1.07995	1.08592	1.07	1.08662	1.07561	1.08789	1.07675	1.11287	1.11459	1.10411	1.10443	1.10484	1.11379
ERR636862	0.904551	0.918056	0.919668	0.920664	0.905039	0.904001	0.86735	0.868598	0.869599	0.86846	0.876472	0.868362	0.956836	0.914642	0.951852	0.905926	0.95068	0.899396	0.838673	0.836472	0.837288	0.840877	0.845444	0.840192	1.10214	1.08863	1.08924	1.0888	1.09046	1.10223	0.763373	0.762133	0.745795	0	0.746055	0.757527	0.814495	0.811622	0.82088	0.814422	0.815842	0.816308	0.947334	0.918101	0.935106	0.938097	0.936283	0.909403	1.06897	1.05994	1.06348	1.063	1.06547	1.0857	1.1249	1.1344	1.12862	1.12161	1.12678	1.1212	1.10484	1.11395	1.1133	1.11273	1.10246	1.10059	1.08283	1.08471	1.08986	1.08044	1.08585	1.08633	1.09407	1.09461	1.10481	1.10418	1.1039	1.09424	1.11631	1.11412	1.11256	1.09912	1.09257	1.09292	1.09756	1.08343	1.09823	1.0893	1.09948	1.08887	1.12596	1.12733	1.11745	1.1177	1.1182	1.12642
ERR636861	0.889358	0.903573	0.905442	0.90654	0.889569	0.888855	0.852343	0.85392	0.85513	0.853628	0.863092	0.853383	0.946868	0.901109	0.941173	0.891965	0.939854	0.884511	0.821488	0.81899	0.819693	0.824343	0.829755	0.823084	1.08994	1.07554	1.0762	1.07564	1.07771	1.0899	0.750223	0.748798	0.72398	0.746055	0	0.738275	0.801053	0.79725	0.80843	0.800881	0.802915	0.803388	0.936846	0.905487	0.92396	0.92735	0.925065	0.896147	1.05839	1.0488	1.05226	1.05224	1.05448	1.07589	1.113	1.12285	1.11676	1.10943	1.11528	1.10912	1.09185	1.10152	1.10077	1.10019	1.08921	1.08722	1.06895	1.07118	1.07674	1.06666	1.07237	1.07281	1.08067	1.08093	1.09201	1.09104	1.09108	1.08079	1.10505	1.10279	1.101	1.08682	1.07992	1.08005	1.08438	1.06945	1.08478	1.07544	1.08646	1.0754	1.11599	1.11769	1.10707	1.10722	1.10777	1.11685
ERR636859	0.897148	0.910554	0.912432	0.913455	0.897562	0.896682	0.86385	0.865783	0.865906	0.865003	0.873696	0.864791	0.954573	0.911104	0.949565	0.90231	0.947856	0.894932	0.835191	0.833218	0.833593	0.83756	0.842394	0.836629	1.09848	1.08475	1.08549	1.08499	1.08691	1.09879	0.760991	0.760048	0.737028	0.757527	0.738275	0	0.810914	0.807974	0.817915	0.81095	0.812805	0.813643	0.944746	0.915385	0.931821	0.935126	0.933385	0.906068	1.06755	1.0583	1.06218	1.06203	1.06429	1.08448	1.12018	1.12906	1.12371	1.11646	1.12212	1.11651	1.10057	1.11048	1.10982	1.10908	1.09765	1.09567	1.07821	1.08056	1.08543	1.07575	1.08184	1.08161	1.08905	1.08979	1.09995	1.09934	1.09986	1.08906	1.11323	1.11111	1.10924	1.09627	1.08892	1.08912	1.09458	1.07997	1.09509	1.08528	1.09638	1.08587	1.12065	1.12199	1.11196	1.11232	1.11276	1.12129
ERR607649	0.904857	0.918153	0.919877	0.920902	0.905242	0.904542	0.860579	0.861969	0.862044	0.861303	0.869312	0.861398	0.950127	0.906528	0.945381	0.897685	0.944338	0.890664	0.841909	0.839688	0.839975	0.84356	0.847965	0.842621	1.09431	1.08033	1.08103	1.08084	1.08264	1.09463	0.817503	0.81639	0.799562	0.814495	0.801053	0.810914	0	0.754241	0.765662	0.754962	0.757187	0.760789	0.950831	0.921674	0.938387	0.9413	0.939348	0.911903	1.0601	1.05098	1.05481	1.05482	1.05663	1.07693	1.11609	1.12453	1.11913	1.11204	1.11778	1.11197	1.09878	1.10905	1.10845	1.10746	1.09536	1.09342	1.07737	1.08014	1.08491	1.0749	1.08107	1.08064	1.08542	1.08584	1.09627	1.09562	1.09632	1.08528	1.11308	1.111	1.10934	1.09685	1.08912	1.08952	1.0922	1.0772	1.09293	1.08262	1.09423	1.08344	1.11841	1.11989	1.11006	1.11055	1.11115	1.11918
ERR607646	0.90154	0.915035	0.917183	0.9179	0.901909	0.901166	0.857079	0.858699	0.858664	0.858084	0.866138	0.857754	0.948224	0.903094	0.942695	0.893729	0.94169	0.886585	0.83785	0.835536	0.835443	0.839784	0.844269	0.838638	1.08996	1.07575	1.07642	1.07606	1.07809	1.0903	0.815203	0.813346	0.795651	0.811622	0.79725	0.807974	0.754241	0	0.759604	0.754142	0.756075	0.755024	0.948374	0.918734	0.935872	0.938453	0.937111	0.908583	1.05726	1.0479	1.05191	1.05169	1.05392	1.07448	1.11207	1.12041	1.11509	1.10759	1.11354	1.10782	1.09389	1.10441	1.104	1.10304	1.0906	1.08865	1.07272	1.07553	1.08038	1.07007	1.07654	1.07607	1.08043	1.08101	1.09153	1.09099	1.09177	1.08052	1.10853	1.10664	1.10485	1.09242	1.08435	1.08501	1.08765	1.07214	1.08836	1.07757	1.0896	1.07851	1.11542	1.11707	1.1069	1.10741	1.10777	1.11621
ERR607645	0.914282	0.927279	0.929012	0.929797	0.914571	0.913786	0.865541	0.866726	0.866939	0.866441	0.873466	0.866405	0.953325	0.91105	0.948778	0.902463	0.947539	0.896556	0.847395	0.845291	0.845994	0.848971	0.852975	0.848301	1.09928	1.08565	1.08626	1.08612	1.088	1.09937	0.823957	0.82284	0.808102	0.82088	0.80843	0.817915	0.765662	0.759604	0	0.765579	0.767415	0.765175	0.954758	0.926234	0.942796	0.945942	0.944085	0.917442	1.06376	1.05465	1.05825	1.058	1.0602	1.08033	1.12186	1.13066	1.12538	1.11835	1.12338	1.11779	1.10352	1.11324	1.11242	1.11177	1.10081	1.09906	1.08338	1.08571	1.09041	1.08092	1.08668	1.08672	1.09139	1.09185	1.10196	1.10146	1.1017	1.0916	1.11713	1.11515	1.11361	1.10115	1.09407	1.09442	1.09673	1.08223	1.09736	1.08756	1.09848	1.08834	1.12408	1.12532	1.11584	1.11602	1.11646	1.12461
ERR607648	0.904706	0.917979	0.919843	0.920603	0.905009	0.904424	0.8604	0.861968	0.862049	0.861048	0.869247	0.860917	0.949683	0.905799	0.944978	0.897067	0.94373	0.889988	0.841249	0.839428	0.839469	0.84344	0.847674	0.842547	1.09429	1.08038	1.08138	1.08074	1.08265	1.0947	0.817986	0.816663	0.799941	0.814422	0.800881	0.81095	0.754962	0.754142	0.765579	0	0.756399	0.760451	0.950524	0.92125	0.938147	0.940729	0.939229	0.911693	1.0602	1.05113	1.05504	1.0547	1.05668	1.07705	1.11593	1.12424	1.11906	1.11189	1.11735	1.11169	1.09874	1.10916	1.10862	1.10756	1.09535	1.09346	1.07747	1.07996	1.08469	1.07499	1.08091	1.08045	1.08522	1.08561	1.09618	1.0957	1.09636	1.08541	1.11291	1.11094	1.10919	1.09682	1.08903	1.08948	1.09247	1.07749	1.09329	1.08271	1.09477	1.08349	1.11852	1.1202	1.11012	1.11036	1.11104	1.11909
ERR607650	0.906693	0.919694	0.921533	0.922376	0.907042	0.906237	0.861848	0.863273	0.863283	0.862777	0.870367	0.862629	0.951054	0.907635	0.946436	0.898926	0.945262	0.89161	0.8433	0.841733	0.841837	0.845206	0.849459	0.844196	1.09596	1.08189	1.08281	1.08242	1.08427	1.09633	0.818841	0.817379	0.801585	0.815842	0.802915	0.812805	0.757187	0.756075	0.767415	0.756399	0	0.762398	0.951679	0.923029	0.939322	0.942255	0.940717	0.913099	1.06103	1.05182	1.05562	1.05547	1.0574	1.07787	1.11755	1.12551	1.12044	1.11331	1.11874	1.11328	1.10003	1.11024	1.11012	1.10899	1.09683	1.09495	1.07911	1.0818	1.08651	1.07668	1.08278	1.08231	1.08677	1.08728	1.09768	1.09718	1.09799	1.08673	1.1142	1.11235	1.11066	1.09857	1.09039	1.09114	1.09418	1.07893	1.09464	1.0842	1.09615	1.08514	1.1196	1.12094	1.11125	1.1116	1.11222	1.12004
ERR607647	0.910682	0.924008	0.925545	0.926666	0.910645	0.910097	0.861954	0.862761	0.863798	0.862799	0.870485	0.862545	0.95078	0.907385	0.946242	0.899045	0.945002	0.892584	0.8428	0.840302	0.841207	0.845056	0.848781	0.843365	1.0953	1.08164	1.08233	1.08205	1.08366	1.09548	0.819573	0.818424	0.803008	0.816308	0.803388	0.813643	0.760789	0.755024	0.765175	0.760451	0.762398	0	0.952057	0.922763	0.939909	0.942492	0.940751	0.914043	1.06118	1.05224	1.05575	1.05539	1.05799	1.07793	1.11836	1.12758	1.12193	1.11493	1.12009	1.11437	1.09983	1.10955	1.10914	1.10827	1.09738	1.09552	1.07899	1.0814	1.0862	1.07698	1.08249	1.08274	1.08802	1.08838	1.09867	1.09784	1.09792	1.08792	1.11379	1.11171	1.11019	1.09714	1.0901	1.09071	1.09277	1.07827	1.09308	1.08372	1.09466	1.08408	1.12189	1.12303	1.11304	1.11341	1.11387	1.12216
ERR612638	0.955544	0.965755	0.966898	0.968509	0.955159	0.954626	0.953475	0.954531	0.955525	0.954279	0.960995	0.954551	0.926758	0.898659	0.922976	0.893572	0.922993	0.891177	0.959486	0.9573	0.958073	0.961183	0.96407	0.960468	1.12576	1.11391	1.11439	1.1139	1.11543	1.12596	0.949375	0.94934	0.936151	0.947334	0.936846	0.944746	0.950831	0.948374	0.954758	0.950524	0.951679	0.952057	0	0.75864	0.772108	0.773093	0.771082	0.755931	1.02908	1.02501	1.0264	1.02579	1.02734	1.03872	1.14523	1.15351	1.14859	1.1426	1.14693	1.14218	1.12846	1.13642	1.13602	1.1354	1.12659	1.12501	1.1071	1.1089	1.11319	1.10532	1.10954	1.11044	1.11884	1.11943	1.12798	1.12754	1.12673	1.11896	1.13546	1.13352	1.13216	1.12082	1.11478	1.1151	1.12359	1.11096	1.12407	1.11595	1.12496	1.11589	1.14904	1.15025	1.14184	1.14229	1.14309	1.14969
ERR612639	0.926608	0.938934	0.94042	0.942326	0.926301	0.92571	0.923505	0.924456	0.926154	0.924064	0.932372	0.924522	0.912345	0.878431	0.908363	0.872408	0.908663	0.869077	0.926545	0.92382	0.924946	0.928786	0.931708	0.927696	1.10661	1.09326	1.09437	1.09382	1.09506	1.10645	0.920819	0.920503	0.905326	0.918101	0.905487	0.915385	0.921674	0.918734	0.926234	0.92125	0.923029	0.922763	0.75864	0	0.751694	0.753594	0.750214	0.727145	1.01655	1.01073	1.01269	1.01176	1.01418	1.02842	1.12804	1.13768	1.13194	1.12547	1.13002	1.12462	1.10879	1.11685	1.11623	1.11562	1.10701	1.10512	1.08603	1.08813	1.09307	1.08418	1.08906	1.0901	1.09873	1.09922	1.10892	1.10808	1.1074	1.09892	1.1173	1.11503	1.1139	1.10045	1.09444	1.09481	1.1024	1.08903	1.10265	1.09437	1.10379	1.09389	1.13386	1.13495	1.12533	1.12614	1.1269	1.13436
ERR612640	0.939005	0.949945	0.951562	0.953101	0.938753	0.938196	0.941889	0.943398	0.944243	0.942849	0.950408	0.943001	0.920487	0.890153	0.917031	0.884679	0.917043	0.881466	0.946912	0.944751	0.945243	0.948711	0.952121	0.948156	1.1178	1.10517	1.10589	1.10536	1.1072	1.11812	0.937447	0.9374	0.922922	0.935106	0.92396	0.931821	0.938387	0.935872	0.942796	0.938147	0.939322	0.939909	0.772108	0.751694	0	0.76116	0.758721	0.747121	1.02393	1.01932	1.02106	1.0207	1.0219	1.03415	1.13627	1.14491	1.13978	1.1334	1.1384	1.13316	1.11973	1.12829	1.12803	1.12692	1.1175	1.11565	1.09761	1.09959	1.10391	1.09547	1.10035	1.1008	1.10889	1.10958	1.11871	1.11832	1.11831	1.10935	1.12767	1.12583	1.12437	1.1129	1.10596	1.10648	1.11545	1.10178	1.11584	1.10704	1.11712	1.10744	1.13999	1.14143	1.13255	1.13317	1.13375	1.14073
ERR612642	0.941651	0.952492	0.953742	0.955512	0.941374	0.941157	0.945445	0.946229	0.947415	0.94612	0.953291	0.946234	0.922643	0.893006	0.918641	0.886882	0.918771	0.884112	0.950081	0.947663	0.948086	0.951928	0.955178	0.951119	1.11911	1.10678	1.10747	1.10685	1.10839	1.11962	0.940177	0.940141	0.925832	0.938097	0.92735	0.935126	0.9413	0.938453	0.945942	0.940729	0.942255	0.942492	0.773093	0.753594	0.76116	0	0.76057	0.749284	1.02561	1.02136	1.02299	1.02236	1.02397	1.03569	1.13785	1.14604	1.1411	1.13464	1.1396	1.13441	1.12154	1.12975	1.12971	1.12869	1.11899	1.11732	1.09953	1.10164	1.10562	1.09742	1.10233	1.10275	1.11027	1.11104	1.1201	1.11961	1.11952	1.11051	1.12899	1.12696	1.12597	1.11451	1.1077	1.10816	1.11706	1.10345	1.11759	1.10847	1.11864	1.10902	1.14074	1.14207	1.13356	1.13396	1.1345	1.14149
ERR612641	0.940415	0.951086	0.952658	0.953788	0.939571	0.939402	0.942016	0.943355	0.944335	0.94275	0.950329	0.943173	0.920421	0.890053	0.916623	0.884888	0.916559	0.881598	0.947703	0.945579	0.9461	0.949582	0.952418	0.94875	1.11788	1.10517	1.10612	1.10555	1.10707	1.11805	0.93854	0.938133	0.924161	0.936283	0.925065	0.933385	0.939348	0.937111	0.944085	0.939229	0.940717	0.940751	0.771082	0.750214	0.758721	0.76057	0	0.746188	1.02444	1.01992	1.02143	1.02092	1.02241	1.03484	1.13703	1.14554	1.14036	1.13417	1.1389	1.13374	1.12031	1.12846	1.12818	1.12727	1.11811	1.11633	1.09802	1.10011	1.10441	1.09617	1.10104	1.1013	1.10944	1.10995	1.11893	1.11861	1.11836	1.1095	1.12785	1.12596	1.12441	1.11283	1.10627	1.10654	1.11557	1.1021	1.1157	1.10724	1.11717	1.10775	1.14018	1.14141	1.1325	1.13304	1.13378	1.14095
ERR612637	0.912661	0.924294	0.926367	0.92802	0.912272	0.9118	0.916099	0.917549	0.918177	0.916973	0.925692	0.917265	0.910885	0.873848	0.905539	0.867152	0.905426	0.861928	0.917971	0.915911	0.916259	0.920468	0.924112	0.919541	1.09994	1.08631	1.08713	1.08655	1.08809	1.10046	0.91186	0.911897	0.89459	0.909403	0.896147	0.906068	0.911903	0.908583	0.917442	0.911693	0.913099	0.914043	0.755931	0.727145	0.747121	0.749284	0.746188	0	1.01334	1.00738	1.0097	1.00919	1.01117	1.02628	1.11993	1.12875	1.12366	1.11663	1.12206	1.11656	1.10175	1.11161	1.11096	1.11013	1.09906	1.09726	1.07882	1.08128	1.0859	1.07614	1.08206	1.082	1.08962	1.0903	1.1005	1.10014	1.10033	1.08987	1.11145	1.10927	1.1078	1.09522	1.08771	1.08807	1.09724	1.08223	1.09766	1.08766	1.09887	1.08836	1.12464	1.12642	1.11677	1.11736	1.1179	1.12585
