	ERR618587	ERR618589	ERR618588	ERR618586	ERR618590	ERR618585	ERR618509	ERR618511	ERR618507	ERR618510	ERR618508	ERR618512	ERR607662	ERR607657	ERR607658	ERR607660	ERR607659	ERR607661	ERR613458	ERR613455	ERR613460	ERR613456	ERR613457	ERR613459	ERR622581	ERR622579	ERR622577	ERR622578	ERR622582	ERR622580	ERR612618	ERR612614	ERR612613	ERR612616	ERR612617	ERR612615	ERR606035	ERR606030	ERR606033	ERR606034	ERR606031	ERR606032	ERR630057	ERR630056	ERR630054	ERR630055	ERR630058	ERR630059	ERR613180	ERR613181	ERR613179	ERR613183	ERR613182	ERR613184	ERR614539	ERR614541	ERR614540	ERR614537	ERR614538	ERR614542	ERR616153	ERR616148	ERR616152	ERR616150	ERR616151	ERR616149	ERR626651	ERR626653	ERR626654	ERR626652	ERR626655	ERR626650	ERR612289	ERR612288	ERR612287	ERR612290	ERR612292	ERR612291	ERR618739	ERR618738	ERR618735	ERR618740	ERR618736	ERR618737	ERR617256	ERR617257	ERR617255	ERR617253	ERR617254	ERR617258	ERR608087	ERR608088	ERR608091	ERR608092	ERR608089	ERR608090
ERR618587	0	0.757255	0.747458	0.74741	0.75687	0.737969	0.840663	0.828021	0.830152	0.832755	0.855255	0.826093	0.845497	0.863185	0.849681	0.844974	0.850527	0.84481	0.89598	0.880095	0.899089	0.880989	0.880891	0.897473	0.892864	0.93037	0.864916	0.873132	0.888697	0.89457	0.888393	0.897068	0.866288	0.887106	0.886154	0.873752	0.908247	0.910978	0.903179	0.904308	0.872741	0.870471	1.05232	1.03519	1.03069	1.04325	1.03683	1.03207	1.04883	1.05416	1.04266	1.07973	1.0847	1.07992	1.08398	1.05387	1.05425	1.08091	1.07867	1.05993	1.05895	1.08184	1.0612	1.08842	1.06122	1.07449	1.04591	1.0498	1.04827	1.06294	1.04835	1.03551	1.10821	1.10734	1.09836	1.06947	1.06543	1.06949	1.06072	1.06132	1.06013	1.05852	1.06596	1.06436	1.05407	1.05414	1.07138	1.0765	1.07025	1.07683	1.06166	1.0599	1.04996	1.0486	1.06181	1.04942
ERR618589	0.757255	0	0.753478	0.762285	0.76222	0.752019	0.853234	0.838814	0.842302	0.843103	0.868053	0.836714	0.856926	0.873339	0.859666	0.856599	0.862132	0.856544	0.907122	0.893562	0.909896	0.894227	0.894162	0.908518	0.904019	0.938838	0.874859	0.883072	0.900243	0.905797	0.897371	0.90714	0.876131	0.896306	0.896231	0.885241	0.916961	0.923223	0.911439	0.913497	0.882583	0.879931	1.06582	1.04726	1.04261	1.0556	1.05069	1.04617	1.05845	1.06388	1.05166	1.08868	1.09453	1.08923	1.0916	1.0621	1.06283	1.08887	1.08669	1.06966	1.06225	1.084	1.06451	1.08931	1.06429	1.07633	1.05441	1.05741	1.05585	1.07229	1.05604	1.0438	1.10536	1.10397	1.09464	1.07148	1.06789	1.07191	1.06946	1.07001	1.06884	1.06653	1.07521	1.0735	1.0605	1.06101	1.07701	1.08367	1.0766	1.0857	1.07043	1.06814	1.05778	1.05627	1.07031	1.05755
ERR618588	0.747458	0.753478	0	0.752143	0.753314	0.741963	0.845516	0.831246	0.834576	0.835553	0.860993	0.829218	0.84834	0.865218	0.851313	0.847751	0.853586	0.847875	0.899089	0.884667	0.901709	0.885273	0.885665	0.900341	0.896584	0.932644	0.866968	0.875451	0.892753	0.898451	0.890211	0.899741	0.867687	0.888933	0.888974	0.877098	0.910118	0.916328	0.904607	0.906531	0.874829	0.872069	1.0586	1.03979	1.035	1.04848	1.04354	1.03871	1.05197	1.05734	1.04511	1.08282	1.0883	1.08331	1.08611	1.05594	1.05644	1.08318	1.08095	1.06342	1.05651	1.07921	1.05916	1.08456	1.0587	1.07131	1.04768	1.05076	1.04914	1.06598	1.0491	1.0369	1.10142	1.10025	1.09073	1.06601	1.06219	1.06637	1.06302	1.06372	1.06253	1.06041	1.06868	1.06727	1.05477	1.05514	1.07181	1.07842	1.07108	1.08012	1.06398	1.06214	1.05152	1.05022	1.06375	1.0509
ERR618586	0.74741	0.762285	0.752143	0	0.761765	0.741619	0.842946	0.830767	0.831901	0.835404	0.856417	0.828457	0.847844	0.865233	0.852229	0.847274	0.852932	0.847306	0.897482	0.881201	0.900101	0.882016	0.881943	0.89885	0.895296	0.932797	0.867712	0.875725	0.891083	0.896861	0.89124	0.899503	0.869785	0.88977	0.889289	0.87621	0.910549	0.912722	0.905885	0.906354	0.87585	0.873422	1.0531	1.03631	1.03132	1.04444	1.03723	1.03279	1.05072	1.0564	1.04509	1.08138	1.08652	1.08212	1.08567	1.0564	1.05669	1.08288	1.08055	1.06155	1.06316	1.0856	1.06502	1.09272	1.06494	1.07844	1.04877	1.05302	1.05097	1.06496	1.05116	1.03838	1.11343	1.11248	1.10423	1.07296	1.0691	1.07304	1.06297	1.06329	1.06167	1.06055	1.06723	1.06606	1.05698	1.05693	1.07371	1.0785	1.07294	1.07823	1.06362	1.06196	1.0524	1.05088	1.06384	1.05199
ERR618590	0.75687	0.76222	0.753314	0.761765	0	0.751741	0.85264	0.838318	0.842335	0.843032	0.868182	0.836496	0.85604	0.87198	0.858169	0.855365	0.860794	0.855887	0.906503	0.893169	0.909375	0.893714	0.89353	0.907918	0.904079	0.938923	0.875347	0.883117	0.900311	0.905938	0.897417	0.90668	0.875713	0.895895	0.895698	0.884844	0.916624	0.923501	0.911553	0.913326	0.882412	0.879803	1.06619	1.04738	1.04259	1.05625	1.05109	1.04651	1.05887	1.06416	1.05211	1.08933	1.09487	1.08967	1.09198	1.06271	1.06307	1.08929	1.08703	1.07036	1.06283	1.08464	1.06533	1.09	1.06472	1.07695	1.05415	1.05741	1.0557	1.07209	1.05561	1.04372	1.10578	1.10445	1.0949	1.07219	1.06812	1.07216	1.06986	1.0705	1.06952	1.0674	1.0755	1.07387	1.06116	1.06143	1.0776	1.08422	1.07703	1.08618	1.07041	1.06874	1.05804	1.05669	1.07056	1.05782
ERR618585	0.737969	0.752019	0.741963	0.741619	0.751741	0	0.836981	0.823549	0.825419	0.828544	0.85149	0.821675	0.840793	0.858622	0.844731	0.840225	0.846251	0.840094	0.891638	0.875309	0.894525	0.87599	0.875856	0.89306	0.889218	0.927165	0.859356	0.868158	0.884602	0.890841	0.88418	0.893008	0.86098	0.88243	0.881912	0.868741	0.903729	0.907437	0.898704	0.900077	0.867704	0.865172	1.04868	1.03072	1.02587	1.03918	1.03284	1.02822	1.04522	1.05029	1.03896	1.07656	1.08166	1.07694	1.08059	1.05044	1.05074	1.07782	1.07562	1.05648	1.05559	1.07801	1.05749	1.08545	1.0575	1.07065	1.04216	1.04608	1.04483	1.0598	1.04478	1.03176	1.10459	1.10356	1.0946	1.06484	1.06085	1.06484	1.05721	1.05764	1.05619	1.05464	1.06208	1.06101	1.0504	1.05064	1.06773	1.07334	1.06723	1.07402	1.05795	1.05606	1.04588	1.04449	1.05821	1.04543
ERR618509	0.840663	0.853234	0.845516	0.842946	0.85264	0.836981	0	0.822427	0.819527	0.826849	0.841658	0.82079	0.88798	0.903158	0.893064	0.888255	0.892669	0.887788	0.930796	0.914728	0.934009	0.915671	0.915429	0.93233	0.918287	0.952959	0.895091	0.901987	0.914245	0.920136	0.914272	0.920475	0.897351	0.913055	0.912193	0.901213	0.933796	0.932801	0.929815	0.930381	0.904485	0.903028	1.06562	1.05152	1.04683	1.05841	1.05072	1.04613	1.0761	1.08057	1.0713	1.10366	1.10794	1.10398	1.10755	1.08069	1.0808	1.10433	1.10249	1.08405	1.09356	1.11408	1.09519	1.12187	1.09559	1.10801	1.06501	1.06923	1.06769	1.07869	1.06767	1.05612	1.13767	1.13708	1.12976	1.09235	1.08886	1.09282	1.0845	1.08475	1.08321	1.08235	1.08798	1.08708	1.08456	1.08476	1.10013	1.10332	1.09928	1.10197	1.07925	1.07809	1.07014	1.06828	1.08001	1.06902
ERR618511	0.828021	0.838814	0.831246	0.830767	0.838318	0.823549	0.822427	0	0.81174	0.811108	0.836689	0.805062	0.87837	0.893316	0.882396	0.878545	0.882947	0.878092	0.922687	0.906845	0.925702	0.908038	0.907941	0.924332	0.909715	0.94472	0.884306	0.891475	0.905826	0.91121	0.904537	0.912115	0.886413	0.903606	0.903025	0.891956	0.92472	0.926271	0.919835	0.921632	0.893589	0.891782	1.06283	1.04691	1.04206	1.05446	1.04773	1.04304	1.07084	1.07551	1.06522	1.09929	1.10385	1.09969	1.10223	1.07447	1.075	1.09944	1.09736	1.07935	1.08493	1.10557	1.08643	1.11305	1.08684	1.09902	1.05831	1.06212	1.06046	1.07342	1.06093	1.04919	1.12574	1.12506	1.11701	1.08201	1.07829	1.08246	1.07827	1.07865	1.07759	1.07609	1.08277	1.08176	1.07769	1.0778	1.09303	1.09756	1.09263	1.09746	1.07401	1.07266	1.06328	1.06182	1.07441	1.06229
ERR618507	0.830152	0.842302	0.834576	0.831901	0.842335	0.825419	0.819527	0.81174	0	0.81631	0.832258	0.809531	0.878465	0.894087	0.883009	0.878405	0.882674	0.878188	0.922564	0.905886	0.925959	0.907237	0.906929	0.924039	0.910241	0.945495	0.88517	0.892572	0.906721	0.911997	0.905227	0.912173	0.887662	0.904358	0.903385	0.892176	0.925894	0.925694	0.921225	0.922329	0.894931	0.893384	1.05862	1.04382	1.03903	1.05099	1.04364	1.03861	1.06923	1.07362	1.06415	1.09759	1.10207	1.09791	1.1015	1.07366	1.07402	1.09822	1.09606	1.07736	1.08733	1.10791	1.08865	1.1161	1.08913	1.10142	1.05737	1.06174	1.06032	1.07184	1.06032	1.04835	1.1314	1.13091	1.12297	1.08491	1.08118	1.08528	1.07739	1.0779	1.07614	1.07538	1.0812	1.08035	1.07739	1.07776	1.09339	1.09705	1.09273	1.09599	1.07258	1.07115	1.0628	1.06135	1.07348	1.06199
ERR618510	0.832755	0.843103	0.835553	0.835404	0.843032	0.828544	0.826849	0.811108	0.81631	0	0.840467	0.809532	0.882194	0.897168	0.886171	0.882113	0.886376	0.881842	0.926034	0.910791	0.929297	0.912045	0.912129	0.927802	0.913353	0.947778	0.888473	0.895688	0.909623	0.914972	0.907699	0.914991	0.890563	0.906857	0.90644	0.896022	0.928215	0.929584	0.923477	0.924918	0.897811	0.895861	1.06526	1.04981	1.04507	1.0573	1.05062	1.04596	1.07374	1.07835	1.06849	1.10192	1.10663	1.10229	1.10492	1.07763	1.07814	1.10227	1.1001	1.08209	1.08794	1.10847	1.08946	1.11562	1.08969	1.1018	1.06103	1.06513	1.06336	1.07597	1.06347	1.05214	1.12786	1.12715	1.11928	1.08479	1.08096	1.08496	1.08135	1.08192	1.08057	1.07917	1.08552	1.08467	1.08024	1.08027	1.09564	1.09997	1.09495	1.09974	1.07658	1.075	1.06633	1.06463	1.07721	1.06548
ERR618508	0.855255	0.868053	0.860993	0.856417	0.868182	0.85149	0.841658	0.836689	0.832258	0.840467	0	0.834716	0.900057	0.914235	0.90522	0.900062	0.903841	0.899805	0.941312	0.924886	0.943928	0.926185	0.926078	0.942609	0.928313	0.962095	0.906982	0.9135	0.925244	0.929997	0.925457	0.931188	0.910089	0.924561	0.923586	0.912484	0.944138	0.942474	0.940517	0.941075	0.916653	0.914932	1.07175	1.05892	1.05411	1.06546	1.05744	1.05286	1.08391	1.08847	1.07991	1.11071	1.1148	1.1112	1.11535	1.08929	1.08932	1.11216	1.11034	1.09187	1.10354	1.12351	1.10495	1.13146	1.10533	1.11749	1.07275	1.07756	1.07612	1.08542	1.07588	1.06462	1.14804	1.14772	1.14097	1.10199	1.09828	1.10213	1.09205	1.09272	1.09095	1.09051	1.09522	1.0949	1.09353	1.09353	1.10835	1.11159	1.10788	1.10928	1.08718	1.08584	1.07807	1.07712	1.08797	1.07753
ERR618512	0.826093	0.836714	0.829218	0.828457	0.836496	0.821675	0.82079	0.805062	0.809531	0.809532	0.834716	0	0.876316	0.891931	0.880265	0.876296	0.880768	0.875924	0.921092	0.905464	0.924311	0.906112	0.906454	0.9225	0.907779	0.943197	0.882533	0.889715	0.904273	0.909711	0.90292	0.910277	0.884716	0.901935	0.901478	0.890468	0.923343	0.924361	0.918446	0.919772	0.891624	0.889956	1.06118	1.0454	1.04044	1.0527	1.04624	1.04139	1.06893	1.07379	1.0634	1.0974	1.102	1.09782	1.10085	1.07284	1.07324	1.09792	1.0958	1.0774	1.08374	1.10447	1.08519	1.11161	1.08539	1.09785	1.05687	1.06076	1.05889	1.07191	1.05932	1.04757	1.12504	1.12467	1.11625	1.08119	1.07727	1.0814	1.07644	1.07693	1.07582	1.0744	1.08084	1.08013	1.07577	1.0762	1.09143	1.09624	1.09111	1.0959	1.0727	1.07092	1.06177	1.06008	1.07284	1.06106
ERR607662	0.845497	0.856926	0.84834	0.847844	0.85604	0.840793	0.88798	0.87837	0.878465	0.882194	0.900057	0.876316	0	0.753831	0.739491	0.730023	0.739851	0.730018	0.864763	0.85055	0.868078	0.851048	0.851228	0.867146	0.907293	0.945496	0.883726	0.891209	0.903722	0.909455	0.870539	0.878685	0.85191	0.869409	0.868285	0.856944	0.88863	0.887854	0.883503	0.884591	0.85533	0.853951	1.04828	1.03254	1.02743	1.04025	1.03294	1.02768	1.06085	1.06613	1.05545	1.09043	1.09535	1.09112	1.09631	1.06827	1.06864	1.09353	1.09114	1.07289	1.07568	1.09636	1.07747	1.1036	1.07763	1.08992	1.04904	1.05343	1.05167	1.06473	1.05199	1.03952	1.12179	1.12118	1.11285	1.08051	1.07684	1.08061	1.07556	1.076	1.07445	1.07351	1.07975	1.07875	1.06942	1.06971	1.08579	1.09011	1.08502	1.0895	1.06881	1.06692	1.05799	1.05642	1.069	1.05676
ERR607657	0.863185	0.873339	0.865218	0.865233	0.87198	0.858622	0.903158	0.893316	0.894087	0.897168	0.914235	0.891931	0.753831	0	0.755638	0.753332	0.756537	0.753189	0.879287	0.867877	0.88232	0.868382	0.86827	0.881272	0.922541	0.957497	0.900167	0.907228	0.919293	0.924586	0.885022	0.892554	0.869596	0.883655	0.883237	0.874089	0.90274	0.903342	0.89799	0.89932	0.872929	0.871226	1.06434	1.04814	1.04318	1.05585	1.04943	1.04468	1.07851	1.08343	1.07317	1.10621	1.11135	1.1072	1.11081	1.08453	1.08517	1.10839	1.1063	1.08978	1.08982	1.10898	1.09142	1.11531	1.09157	1.10284	1.06054	1.06401	1.06258	1.07533	1.06295	1.05165	1.12928	1.1286	1.12066	1.09145	1.08799	1.0919	1.09194	1.09225	1.09126	1.09016	1.09655	1.09507	1.08505	1.0854	1.10005	1.10509	1.09964	1.10487	1.08284	1.08069	1.07222	1.07056	1.08268	1.07079
ERR607658	0.849681	0.859666	0.851313	0.852229	0.858169	0.844731	0.893064	0.882396	0.883009	0.886171	0.90522	0.880265	0.739491	0.755638	0	0.739258	0.743675	0.739581	0.869643	0.857378	0.872898	0.857845	0.857897	0.871984	0.912107	0.948176	0.887406	0.894661	0.908745	0.914466	0.874111	0.882862	0.856096	0.873037	0.872212	0.861966	0.891934	0.894231	0.886733	0.887927	0.859358	0.8576	1.05536	1.03775	1.03261	1.04601	1.03984	1.0349	1.06634	1.07132	1.06026	1.09601	1.10125	1.09637	1.10047	1.07297	1.07339	1.09798	1.09591	1.07869	1.07716	1.09716	1.07898	1.10335	1.07892	1.0904	1.05156	1.05516	1.05349	1.06787	1.05384	1.04181	1.11721	1.11629	1.10758	1.07899	1.07559	1.07951	1.08039	1.0806	1.07927	1.07819	1.08511	1.08376	1.07287	1.07304	1.08858	1.09404	1.08802	1.09476	1.07262	1.07094	1.06118	1.0596	1.07257	1.06016
ERR607660	0.844974	0.856599	0.847751	0.847274	0.855365	0.840225	0.888255	0.878545	0.878405	0.882113	0.900062	0.876296	0.730023	0.753332	0.739258	0	0.739388	0.729595	0.865006	0.850777	0.868486	0.85145	0.851447	0.867529	0.907596	0.945707	0.883863	0.89138	0.904278	0.909663	0.87069	0.878955	0.852013	0.869148	0.868499	0.856754	0.888775	0.888442	0.883815	0.884985	0.855603	0.853886	1.04852	1.03268	1.02733	1.0404	1.03308	1.02832	1.06017	1.06533	1.05448	1.08988	1.09484	1.09047	1.0954	1.06734	1.06796	1.09271	1.09046	1.07238	1.07421	1.09521	1.07615	1.10224	1.07638	1.08859	1.04859	1.05274	1.05085	1.0645	1.05124	1.03912	1.12062	1.11975	1.11154	1.07994	1.07643	1.08013	1.07504	1.0752	1.0739	1.07287	1.07929	1.07819	1.06868	1.06897	1.08474	1.0895	1.08432	1.08878	1.06874	1.06661	1.05786	1.05596	1.0689	1.05645
ERR607659	0.850527	0.862132	0.853586	0.852932	0.860794	0.846251	0.892669	0.882947	0.882674	0.886376	0.903841	0.880768	0.739851	0.756537	0.743675	0.739388	0	0.73988	0.869654	0.856219	0.872959	0.856914	0.856865	0.872045	0.912409	0.949106	0.888916	0.896305	0.908651	0.914303	0.875253	0.883173	0.85782	0.873965	0.873087	0.862225	0.892904	0.893163	0.888433	0.889174	0.861203	0.859494	1.05263	1.03666	1.03139	1.04435	1.03729	1.03231	1.06592	1.07083	1.06042	1.09476	1.10009	1.09549	1.10037	1.0729	1.07314	1.09766	1.09539	1.07734	1.07943	1.0998	1.08106	1.10688	1.08126	1.09298	1.05216	1.05635	1.0547	1.06763	1.05493	1.04294	1.1236	1.12312	1.115	1.0832	1.07955	1.0834	1.08007	1.08056	1.07894	1.07803	1.08434	1.08344	1.07404	1.07417	1.08969	1.09427	1.08917	1.09367	1.07268	1.07061	1.06182	1.06025	1.07266	1.06071
ERR607661	0.84481	0.856544	0.847875	0.847306	0.855887	0.840094	0.887788	0.878092	0.878188	0.881842	0.899805	0.875924	0.730018	0.753189	0.739581	0.729595	0.73988	0	0.86489	0.850304	0.868348	0.851097	0.851648	0.867097	0.906924	0.945204	0.883383	0.890767	0.903451	0.909264	0.87073	0.878918	0.852291	0.869232	0.868284	0.856985	0.888131	0.888022	0.883552	0.884448	0.855459	0.853312	1.04846	1.03272	1.02731	1.04025	1.03302	1.02826	1.06021	1.06531	1.05463	1.08994	1.09505	1.09024	1.09568	1.06762	1.06802	1.09286	1.09047	1.07253	1.07465	1.09539	1.07635	1.1026	1.07656	1.08881	1.04874	1.05255	1.05119	1.0647	1.05131	1.03889	1.12087	1.12009	1.11188	1.07981	1.07613	1.08002	1.07461	1.07546	1.07387	1.07276	1.07923	1.07813	1.06886	1.06917	1.08468	1.08951	1.0842	1.08898	1.06863	1.06684	1.05773	1.05575	1.06871	1.05642
ERR613458	0.89598	0.907122	0.899089	0.897482	0.906503	0.891638	0.930796	0.922687	0.922564	0.926034	0.941312	0.921092	0.864763	0.879287	0.869643	0.865006	0.869654	0.86489	0	0.774075	0.791604	0.774479	0.775194	0.78989	0.915094	0.947079	0.895364	0.901331	0.912083	0.917083	0.860614	0.867875	0.841741	0.859452	0.85792	0.846475	0.906733	0.906231	0.902637	0.903079	0.87744	0.876262	1.05212	1.03582	1.03076	1.04337	1.03725	1.03224	1.05972	1.06472	1.05432	1.08906	1.09394	1.08956	1.09835	1.07072	1.07119	1.09565	1.0935	1.07511	1.08138	1.10218	1.08279	1.10948	1.08306	1.09536	1.0548	1.05868	1.05714	1.06913	1.05736	1.04569	1.11967	1.11926	1.11125	1.06969	1.06604	1.06961	1.07604	1.07673	1.07548	1.07413	1.08058	1.07927	1.07621	1.07626	1.09168	1.09611	1.0916	1.09559	1.06886	1.06666	1.05805	1.05676	1.06935	1.05721
ERR613455	0.880095	0.893562	0.884667	0.881201	0.893169	0.875309	0.914728	0.906845	0.905886	0.910791	0.924886	0.905464	0.85055	0.867877	0.857378	0.850777	0.856219	0.850304	0.774075	0	0.778441	0.751631	0.752057	0.776471	0.89962	0.934343	0.878737	0.885165	0.89644	0.901033	0.844471	0.852197	0.823503	0.843054	0.841517	0.82701	0.893222	0.891095	0.889962	0.888997	0.861444	0.860321	1.03447	1.01896	1.01389	1.02647	1.01862	1.01399	1.04269	1.04779	1.03771	1.0737	1.07827	1.07396	1.08385	1.05489	1.05538	1.08061	1.07869	1.05837	1.06942	1.09152	1.07097	1.10026	1.07147	1.08514	1.04213	1.04717	1.04537	1.05628	1.04532	1.03242	1.11439	1.11418	1.10619	1.05961	1.05534	1.05947	1.06027	1.06098	1.05945	1.05855	1.06436	1.06333	1.06181	1.06209	1.07838	1.0823	1.07813	1.0801	1.05412	1.05227	1.04377	1.0424	1.05487	1.04299
ERR613460	0.899089	0.909896	0.901709	0.900101	0.909375	0.894525	0.934009	0.925702	0.925959	0.929297	0.943928	0.924311	0.868078	0.88232	0.872898	0.868486	0.872959	0.868348	0.791604	0.778441	0	0.778825	0.7792	0.793372	0.917717	0.949551	0.8983	0.903628	0.91472	0.919594	0.864035	0.870893	0.845016	0.862809	0.861188	0.849488	0.909122	0.909162	0.905204	0.90539	0.880282	0.878888	1.05423	1.03763	1.03309	1.04549	1.03903	1.03452	1.0608	1.06591	1.05518	1.08989	1.09466	1.09057	1.0991	1.07156	1.07221	1.09632	1.09414	1.07603	1.08209	1.10272	1.08347	1.11002	1.08371	1.09611	1.05658	1.0605	1.05874	1.07078	1.05914	1.04746	1.12028	1.11967	1.11183	1.07081	1.06711	1.07101	1.0769	1.07775	1.07657	1.07527	1.08132	1.08017	1.07703	1.07727	1.09294	1.09703	1.09245	1.09675	1.07021	1.0682	1.05941	1.0583	1.07075	1.05889
ERR613456	0.880989	0.894227	0.885273	0.882016	0.893714	0.87599	0.915671	0.908038	0.907237	0.912045	0.926185	0.906112	0.851048	0.868382	0.857845	0.85145	0.856914	0.851097	0.774479	0.751631	0.778825	0	0.752676	0.777035	0.900036	0.93429	0.879595	0.885593	0.896382	0.901512	0.845541	0.853442	0.82435	0.84422	0.842661	0.828242	0.894154	0.892102	0.890286	0.88993	0.862445	0.861407	1.03603	1.02006	1.01535	1.02759	1.02024	1.01493	1.04407	1.049	1.03871	1.0746	1.07923	1.07501	1.08511	1.05625	1.05664	1.08207	1.07977	1.05955	1.0699	1.09202	1.0713	1.10054	1.07208	1.08548	1.04296	1.04764	1.04589	1.05716	1.04599	1.03303	1.11372	1.11338	1.10562	1.05953	1.05528	1.05946	1.06163	1.06205	1.06039	1.05969	1.06569	1.0646	1.06282	1.06256	1.07895	1.0828	1.07899	1.08104	1.05533	1.05312	1.04476	1.0433	1.056	1.0439
ERR613457	0.880891	0.894162	0.885665	0.881943	0.89353	0.875856	0.915429	0.907941	0.906929	0.912129	0.926078	0.906454	0.851228	0.86827	0.857897	0.851447	0.856865	0.851648	0.775194	0.752057	0.7792	0.752676	0	0.777241	0.899828	0.934544	0.879244	0.885415	0.896607	0.901276	0.845262	0.852713	0.824107	0.843817	0.842394	0.827935	0.893874	0.891691	0.890107	0.889894	0.862251	0.860998	1.03575	1.01981	1.01479	1.02763	1.01972	1.0149	1.04411	1.04912	1.03871	1.07482	1.0796	1.07529	1.08564	1.0565	1.057	1.08228	1.08023	1.05998	1.07025	1.0924	1.07153	1.10099	1.07235	1.08565	1.04275	1.04757	1.04573	1.05702	1.04597	1.03313	1.11436	1.11377	1.10613	1.0594	1.05545	1.05949	1.06144	1.06203	1.06059	1.05983	1.06576	1.06487	1.06319	1.06318	1.0792	1.08331	1.07914	1.08124	1.05521	1.05314	1.04465	1.04333	1.05597	1.04388
ERR613459	0.897473	0.908518	0.900341	0.89885	0.907918	0.89306	0.93233	0.924332	0.924039	0.927802	0.942609	0.9225	0.867146	0.881272	0.871984	0.867529	0.872045	0.867097	0.78989	0.776471	0.793372	0.777035	0.777241	0	0.916785	0.948328	0.896464	0.902616	0.913782	0.918404	0.862681	0.87013	0.843832	0.861877	0.860157	0.848503	0.908265	0.908454	0.904266	0.904686	0.87969	0.877944	1.05389	1.037	1.0323	1.0448	1.03853	1.03391	1.06097	1.06558	1.0554	1.09027	1.09497	1.09057	1.09945	1.07186	1.07246	1.09702	1.09459	1.07651	1.08198	1.1028	1.0834	1.10981	1.0839	1.0962	1.05575	1.05969	1.05805	1.07031	1.05827	1.04672	1.11984	1.11928	1.11126	1.07018	1.06633	1.07015	1.07709	1.07754	1.07644	1.07501	1.08148	1.08025	1.07742	1.07752	1.09297	1.09744	1.09282	1.09674	1.06957	1.06768	1.05904	1.05764	1.07013	1.05823
ERR622581	0.892864	0.904019	0.896584	0.895296	0.904079	0.889218	0.918287	0.909715	0.910241	0.913353	0.928313	0.907779	0.907293	0.922541	0.912107	0.907596	0.912409	0.906924	0.915094	0.89962	0.917717	0.900036	0.899828	0.916785	0	0.818143	0.769617	0.774446	0.779719	0.784517	0.923766	0.930794	0.906418	0.923051	0.921419	0.910514	0.921063	0.921124	0.918073	0.917975	0.89446	0.892677	1.0875	1.07267	1.06839	1.07987	1.07403	1.06972	1.08721	1.09171	1.08265	1.11402	1.11806	1.11387	1.12469	1.09941	1.09987	1.12246	1.12024	1.10243	1.11005	1.13012	1.11141	1.1378	1.11196	1.12384	1.09139	1.09555	1.09405	1.10469	1.09402	1.08296	1.125	1.12496	1.11769	1.06869	1.06392	1.06869	1.10072	1.10118	1.09979	1.09898	1.1048	1.10355	1.10115	1.10111	1.11587	1.11969	1.11572	1.11858	1.10077	1.09908	1.09164	1.09024	1.10087	1.091
ERR622579	0.93037	0.938838	0.932644	0.932797	0.938923	0.927165	0.952959	0.94472	0.945495	0.947778	0.962095	0.943197	0.945496	0.957497	0.948176	0.945707	0.949106	0.945204	0.947079	0.934343	0.949551	0.93429	0.934544	0.948328	0.818143	0	0.804548	0.807503	0.815927	0.819546	0.957322	0.963668	0.942227	0.957107	0.955661	0.947701	0.953828	0.955849	0.951162	0.951524	0.930913	0.92942	1.11348	1.09825	1.09418	1.10514	1.10068	1.09733	1.11145	1.11576	1.10684	1.13652	1.14038	1.13608	1.14536	1.12254	1.12283	1.14354	1.14167	1.126	1.13025	1.14826	1.13152	1.15491	1.13192	1.1424	1.11437	1.11762	1.11629	1.12723	1.11634	1.10636	1.13386	1.13358	1.12642	1.0812	1.07667	1.08157	1.1239	1.12403	1.12285	1.12202	1.12752	1.12645	1.12302	1.12322	1.13689	1.1411	1.13662	1.14125	1.12321	1.12169	1.114	1.11314	1.1229	1.1139
ERR622577	0.864916	0.874859	0.866968	0.867712	0.875347	0.859356	0.895091	0.884306	0.88517	0.888473	0.906982	0.882533	0.883726	0.900167	0.887406	0.883863	0.888916	0.883383	0.895364	0.878737	0.8983	0.879595	0.879244	0.896464	0.769617	0.804548	0	0.747959	0.765357	0.77168	0.899853	0.908788	0.879083	0.899601	0.897992	0.885879	0.896975	0.901965	0.893288	0.893562	0.865813	0.863652	1.06927	1.05053	1.04563	1.05923	1.05456	1.05008	1.06582	1.07089	1.06015	1.09541	1.10024	1.09503	1.10549	1.07802	1.07845	1.10312	1.10083	1.08255	1.08633	1.10781	1.08791	1.11543	1.08842	1.10059	1.06963	1.07392	1.07223	1.08566	1.07225	1.06025	1.10135	1.10112	1.09216	1.04515	1.04059	1.04561	1.07961	1.07972	1.07832	1.07724	1.08413	1.0829	1.07866	1.07842	1.09458	1.09973	1.09458	1.10023	1.07986	1.07819	1.06909	1.06752	1.07961	1.06892
ERR622578	0.873132	0.883072	0.875451	0.875725	0.883117	0.868158	0.901987	0.891475	0.892572	0.895688	0.9135	0.889715	0.891209	0.907228	0.894661	0.89138	0.896305	0.890767	0.901331	0.885165	0.903628	0.885593	0.885415	0.902616	0.774446	0.807503	0.747959	0	0.770129	0.776379	0.906798	0.915238	0.886889	0.906042	0.904588	0.893075	0.90366	0.907546	0.900455	0.900436	0.873869	0.872111	1.07465	1.05655	1.05161	1.0647	1.06005	1.0557	1.07193	1.07672	1.06638	1.10078	1.1055	1.10056	1.11086	1.08426	1.08464	1.10857	1.1063	1.08833	1.09278	1.11337	1.09405	1.12129	1.09473	1.10667	1.07521	1.07927	1.07759	1.09038	1.07765	1.06606	1.10589	1.10576	1.09715	1.04983	1.04512	1.05038	1.08556	1.08587	1.08433	1.08313	1.08995	1.08879	1.08452	1.08451	1.10025	1.10518	1.10008	1.10548	1.0854	1.08362	1.07496	1.07351	1.0849	1.07482
ERR622582	0.888697	0.900243	0.892753	0.891083	0.900311	0.884602	0.914245	0.905826	0.906721	0.909623	0.925244	0.904273	0.903722	0.919293	0.908745	0.904278	0.908651	0.903451	0.912083	0.89644	0.91472	0.896382	0.896607	0.913782	0.779719	0.815927	0.765357	0.770129	0	0.781615	0.919751	0.926936	0.902026	0.919153	0.917277	0.906674	0.916979	0.917004	0.914119	0.913947	0.889688	0.888184	1.08514	1.07031	1.0657	1.07736	1.07184	1.06725	1.08466	1.08922	1.08038	1.11182	1.11581	1.11157	1.12228	1.09703	1.09744	1.1199	1.11806	1.0998	1.10763	1.12752	1.1088	1.13547	1.10924	1.12134	1.08912	1.09329	1.0916	1.10235	1.09152	1.08025	1.12308	1.12306	1.11544	1.06679	1.06186	1.06687	1.09833	1.09869	1.09722	1.09627	1.10202	1.10126	1.09835	1.09864	1.1136	1.11724	1.11323	1.11625	1.09816	1.09659	1.08893	1.08784	1.09867	1.08865
ERR622580	0.89457	0.905797	0.898451	0.896861	0.905938	0.890841	0.920136	0.91121	0.911997	0.914972	0.929997	0.909711	0.909455	0.924586	0.914466	0.909663	0.914303	0.909264	0.917083	0.901033	0.919594	0.901512	0.901276	0.918404	0.784517	0.819546	0.77168	0.776379	0.781615	0	0.925066	0.931618	0.907607	0.924452	0.922598	0.911713	0.922488	0.922382	0.919736	0.919496	0.895848	0.894013	1.08832	1.07365	1.06906	1.08054	1.0747	1.0708	1.08809	1.09266	1.08375	1.11464	1.11895	1.11453	1.12542	1.10039	1.10061	1.12297	1.1209	1.10303	1.11091	1.13086	1.11188	1.13864	1.11283	1.12485	1.09271	1.09676	1.09516	1.10563	1.09477	1.08407	1.12584	1.12559	1.11837	1.06966	1.06445	1.06946	1.10149	1.10179	1.10051	1.09953	1.10545	1.10419	1.10181	1.10205	1.11689	1.12042	1.11642	1.11914	1.10145	1.10006	1.09267	1.09114	1.10171	1.09215
ERR612618	0.888393	0.897371	0.890211	0.89124	0.897417	0.88418	0.914272	0.904537	0.905227	0.907699	0.925457	0.90292	0.870539	0.885022	0.874111	0.87069	0.875253	0.87073	0.860614	0.844471	0.864035	0.845541	0.845262	0.862681	0.923766	0.957322	0.899853	0.906798	0.919751	0.925066	0	0.788886	0.75653	0.77397	0.773392	0.763588	0.875644	0.878008	0.870695	0.87173	0.843287	0.841526	1.04513	1.02753	1.02258	1.03562	1.02957	1.02458	1.04843	1.05319	1.04182	1.07864	1.08368	1.07892	1.08442	1.05627	1.05638	1.08152	1.07961	1.06174	1.06025	1.08098	1.06204	1.08772	1.0623	1.07432	1.03486	1.03883	1.0368	1.05087	1.03707	1.02543	1.0962	1.09551	1.08699	1.05571	1.05224	1.05638	1.0648	1.06536	1.0643	1.06299	1.0697	1.06817	1.05886	1.05926	1.07447	1.08026	1.07442	1.08011	1.05359	1.05146	1.04207	1.04083	1.05379	1.04143
ERR612614	0.897068	0.90714	0.899741	0.899503	0.90668	0.893008	0.920475	0.912115	0.912173	0.914991	0.931188	0.910277	0.878685	0.892554	0.882862	0.878955	0.883173	0.878918	0.867875	0.852197	0.870893	0.853442	0.852713	0.87013	0.930794	0.963668	0.908788	0.915238	0.926936	0.931618	0.788886	0	0.766408	0.787737	0.786423	0.771897	0.884321	0.88426	0.879504	0.880217	0.853405	0.851716	1.04957	1.0333	1.02846	1.04118	1.0348	1.02959	1.05578	1.06039	1.04961	1.08505	1.09027	1.08555	1.09089	1.06379	1.06415	1.08813	1.08627	1.06866	1.06947	1.08966	1.07127	1.09665	1.07153	1.08323	1.0411	1.0452	1.04306	1.0558	1.04372	1.03225	1.10678	1.10628	1.09834	1.06532	1.06186	1.06559	1.07226	1.07293	1.07188	1.07045	1.07667	1.07541	1.06724	1.06758	1.08273	1.08733	1.08202	1.08646	1.06003	1.05811	1.04942	1.0483	1.06065	1.04888
ERR612613	0.866288	0.876131	0.867687	0.869785	0.875713	0.86098	0.897351	0.886413	0.887662	0.890563	0.910089	0.884716	0.85191	0.869596	0.856096	0.852013	0.85782	0.852291	0.841741	0.823503	0.845016	0.82435	0.824107	0.843832	0.906418	0.942227	0.879083	0.886889	0.902026	0.907607	0.75653	0.766408	0	0.755235	0.754265	0.734874	0.857915	0.861766	0.852739	0.853732	0.820558	0.818623	1.02887	1.0093	1.00421	1.01834	1.01243	1.00708	1.02689	1.03266	1.01963	1.05975	1.06529	1.06021	1.06667	1.03552	1.03621	1.06306	1.06119	1.04234	1.04023	1.06265	1.04226	1.06948	1.04218	1.05491	1.01955	1.02378	1.02184	1.03771	1.02231	1.00916	1.07951	1.07871	1.06864	1.03676	1.03285	1.03713	1.04444	1.04492	1.04374	1.04226	1.04961	1.04807	1.03841	1.03893	1.05583	1.06187	1.05527	1.06212	1.03606	1.03369	1.02344	1.02213	1.03646	1.0227
ERR612616	0.887106	0.896306	0.888933	0.88977	0.895895	0.88243	0.913055	0.903606	0.904358	0.906857	0.924561	0.901935	0.869409	0.883655	0.873037	0.869148	0.873965	0.869232	0.859452	0.843054	0.862809	0.84422	0.843817	0.861877	0.923051	0.957107	0.899601	0.906042	0.919153	0.924452	0.77397	0.787737	0.755235	0	0.771849	0.761887	0.874405	0.876454	0.86973	0.870747	0.841879	0.840076	1.04409	1.0262	1.02163	1.03459	1.02822	1.02338	1.04698	1.05185	1.0402	1.07747	1.08248	1.07779	1.08334	1.05497	1.05531	1.08025	1.07836	1.06034	1.05904	1.08021	1.06117	1.08693	1.06112	1.07341	1.03407	1.03792	1.03622	1.04959	1.03645	1.0246	1.09636	1.09551	1.08712	1.05546	1.05175	1.05573	1.06333	1.06424	1.06306	1.06155	1.06828	1.06693	1.05773	1.05806	1.07339	1.07875	1.07289	1.07861	1.05271	1.05067	1.041	1.03984	1.05285	1.04052
ERR612617	0.886154	0.896231	0.888974	0.889289	0.895698	0.881912	0.912193	0.903025	0.903385	0.90644	0.923586	0.901478	0.868285	0.883237	0.872212	0.868499	0.873087	0.868284	0.85792	0.841517	0.861188	0.842661	0.842394	0.860157	0.921419	0.955661	0.897992	0.904588	0.917277	0.922598	0.773392	0.786423	0.754265	0.771849	0	0.760918	0.873008	0.874795	0.868634	0.869227	0.840734	0.838899	1.04347	1.02602	1.0214	1.03404	1.02785	1.02275	1.04707	1.05201	1.04048	1.07728	1.0824	1.07753	1.08344	1.05509	1.05542	1.08035	1.07845	1.06053	1.06	1.08109	1.06171	1.08772	1.06187	1.07406	1.03418	1.03841	1.0364	1.04982	1.03681	1.02472	1.09731	1.09707	1.08857	1.05601	1.05254	1.05635	1.06373	1.06429	1.06314	1.0619	1.06818	1.06688	1.05786	1.05843	1.07362	1.07883	1.07324	1.07826	1.05252	1.05086	1.0411	1.0399	1.05306	1.04044
ERR612615	0.873752	0.885241	0.877098	0.87621	0.884844	0.868741	0.901213	0.891956	0.892176	0.896022	0.912484	0.890468	0.856944	0.874089	0.861966	0.856754	0.862225	0.856985	0.846475	0.82701	0.849488	0.828242	0.827935	0.848503	0.910514	0.947701	0.885879	0.893075	0.906674	0.911713	0.763588	0.771897	0.734874	0.761887	0.760918	0	0.862453	0.863354	0.858198	0.85829	0.827587	0.825912	1.02987	1.01249	1.0076	1.02084	1.01344	1.00847	1.03213	1.03718	1.02588	1.06388	1.06894	1.06416	1.07156	1.04166	1.04213	1.0681	1.06632	1.04653	1.04974	1.07178	1.05148	1.07987	1.05173	1.06501	1.025	1.02963	1.028	1.04106	1.02812	1.01514	1.09265	1.0923	1.08396	1.04754	1.04379	1.04768	1.04978	1.05047	1.04903	1.04798	1.05415	1.05311	1.04541	1.04578	1.06204	1.06686	1.06177	1.06572	1.04142	1.0394	1.02974	1.02851	1.04153	1.02918
ERR606035	0.908247	0.916961	0.910118	0.910549	0.916624	0.903729	0.933796	0.92472	0.925894	0.928215	0.944138	0.923343	0.88863	0.90274	0.891934	0.888775	0.892904	0.888131	0.906733	0.893222	0.909122	0.894154	0.893874	0.908265	0.921063	0.953828	0.896975	0.90366	0.916979	0.922488	0.875644	0.884321	0.857915	0.874405	0.873008	0.862453	0	0.825626	0.81088	0.810805	0.784395	0.783025	1.0678	1.0505	1.04567	1.05828	1.05301	1.04876	1.06119	1.06639	1.05591	1.09081	1.09596	1.09143	1.10029	1.07313	1.07335	1.09796	1.09591	1.07767	1.07707	1.09779	1.07847	1.10488	1.07895	1.09098	1.06132	1.06549	1.06353	1.07668	1.06369	1.05223	1.10558	1.10501	1.09646	1.06405	1.06037	1.06442	1.07938	1.08037	1.07884	1.07763	1.08446	1.08344	1.07553	1.07575	1.09085	1.09598	1.09082	1.09581	1.08016	1.07829	1.0693	1.06773	1.07998	1.06891
ERR606030	0.910978	0.923223	0.916328	0.912722	0.923501	0.907437	0.932801	0.926271	0.925694	0.929584	0.942474	0.924361	0.887854	0.903342	0.894231	0.888442	0.893163	0.888022	0.906231	0.891095	0.909162	0.892102	0.891691	0.908454	0.921124	0.955849	0.901965	0.907546	0.917004	0.922382	0.878008	0.88426	0.861766	0.876454	0.874795	0.863354	0.825626	0	0.822235	0.821322	0.790854	0.788764	1.06492	1.05186	1.04705	1.05862	1.05035	1.04594	1.0654	1.06957	1.06108	1.09335	1.09769	1.09379	1.10436	1.07767	1.07775	1.10135	1.09946	1.08074	1.08859	1.109	1.08978	1.11735	1.09007	1.103	1.06489	1.06943	1.06759	1.07785	1.06779	1.05618	1.12755	1.12733	1.12034	1.08096	1.07679	1.0807	1.08399	1.08489	1.08292	1.08228	1.08757	1.08724	1.08289	1.08297	1.09795	1.10099	1.09731	1.09889	1.08334	1.08199	1.07446	1.07293	1.0842	1.07346
ERR606033	0.903179	0.911439	0.904607	0.905885	0.911553	0.898704	0.929815	0.919835	0.921225	0.923477	0.940517	0.918446	0.883503	0.89799	0.886733	0.883815	0.888433	0.883552	0.902637	0.889962	0.905204	0.890286	0.890107	0.904266	0.918073	0.951162	0.893288	0.900455	0.914119	0.919736	0.870695	0.879504	0.852739	0.86973	0.868634	0.858198	0.81088	0.822235	0	0.807382	0.780088	0.778168	1.06626	1.04902	1.04402	1.05685	1.05159	1.04708	1.05999	1.06507	1.054	1.08969	1.09488	1.08991	1.09882	1.07096	1.07122	1.096	1.09392	1.07615	1.07408	1.09497	1.07574	1.10174	1.07584	1.08813	1.05789	1.06182	1.05984	1.07369	1.05979	1.04834	1.10137	1.10103	1.09187	1.06187	1.05778	1.062	1.07791	1.07822	1.07699	1.07551	1.08295	1.08145	1.07278	1.07307	1.08848	1.09381	1.08811	1.09408	1.07772	1.07589	1.06656	1.06505	1.07728	1.06617
ERR606034	0.904308	0.913497	0.906531	0.906354	0.913326	0.900077	0.930381	0.921632	0.922329	0.924918	0.941075	0.919772	0.884591	0.89932	0.887927	0.884985	0.889174	0.884448	0.903079	0.888997	0.90539	0.88993	0.889894	0.904686	0.917975	0.951524	0.893562	0.900436	0.913947	0.919496	0.87173	0.880217	0.853732	0.870747	0.869227	0.85829	0.810805	0.821322	0.807382	0	0.780487	0.777908	1.065	1.04802	1.04285	1.05567	1.05046	1.04587	1.05896	1.06382	1.05311	1.08851	1.09378	1.08891	1.09839	1.07082	1.07094	1.09589	1.0937	1.0751	1.0746	1.09582	1.07614	1.10268	1.07636	1.08876	1.05869	1.06252	1.06051	1.07404	1.06075	1.04918	1.10408	1.1037	1.09496	1.06199	1.05817	1.06231	1.07704	1.07786	1.07623	1.0749	1.08199	1.08054	1.07293	1.07304	1.08861	1.09369	1.08841	1.09352	1.07772	1.07606	1.0666	1.06552	1.07747	1.06622
ERR606031	0.872741	0.882583	0.874829	0.87585	0.882412	0.867704	0.904485	0.893589	0.894931	0.897811	0.916653	0.891624	0.85533	0.872929	0.859358	0.855603	0.861203	0.855459	0.87744	0.861444	0.880282	0.862445	0.862251	0.87969	0.89446	0.930913	0.865813	0.873869	0.889688	0.895848	0.843287	0.853405	0.820558	0.841879	0.840734	0.827587	0.784395	0.790854	0.780088	0.780487	0	0.736777	1.04381	1.02484	1.01948	1.03327	1.02763	1.02304	1.03436	1.03969	1.02785	1.0669	1.07241	1.06706	1.07707	1.04685	1.04703	1.07449	1.07173	1.05271	1.05091	1.07393	1.05289	1.08096	1.05288	1.0662	1.03607	1.04032	1.03806	1.05353	1.03823	1.0254	1.08343	1.08268	1.07317	1.03968	1.03548	1.04009	1.05373	1.05457	1.05285	1.05142	1.05895	1.0577	1.04974	1.04998	1.06652	1.07275	1.06648	1.07337	1.0554	1.05333	1.0431	1.04174	1.05536	1.04295
ERR606032	0.870471	0.879931	0.872069	0.873422	0.879803	0.865172	0.903028	0.891782	0.893384	0.895861	0.914932	0.889956	0.853951	0.871226	0.8576	0.853886	0.859494	0.853312	0.876262	0.860321	0.878888	0.861407	0.860998	0.877944	0.892677	0.92942	0.863652	0.872111	0.888184	0.894013	0.841526	0.851716	0.818623	0.840076	0.838899	0.825912	0.783025	0.788764	0.778168	0.777908	0.736777	0	1.04305	1.02348	1.01831	1.03245	1.02664	1.02187	1.03274	1.03796	1.02605	1.06512	1.07132	1.06542	1.07538	1.04482	1.0454	1.07266	1.07028	1.05141	1.04863	1.07138	1.05056	1.07836	1.05059	1.06353	1.03456	1.03872	1.03655	1.05258	1.03676	1.02379	1.0806	1.07971	1.06973	1.0372	1.03295	1.03743	1.05218	1.05296	1.0512	1.04936	1.05721	1.05601	1.04776	1.04781	1.06498	1.07101	1.06446	1.07178	1.05393	1.05208	1.0415	1.03986	1.05376	1.04103
ERR630057	1.05232	1.06582	1.0586	1.0531	1.06619	1.04868	1.06562	1.06283	1.05862	1.06526	1.07175	1.06118	1.04828	1.06434	1.05536	1.04852	1.05263	1.04846	1.05212	1.03447	1.05423	1.03603	1.03575	1.05389	1.0875	1.11348	1.06927	1.07465	1.08514	1.08832	1.04513	1.04957	1.02887	1.04409	1.04347	1.02987	1.0678	1.06492	1.06626	1.065	1.04381	1.04305	0	0.858023	0.850383	0.867319	0.8509	0.843597	0.934973	0.941535	0.931178	0.973087	0.978411	0.973692	1.01423	0.98054	0.980633	1.0099	1.00729	0.980396	1.02339	1.04818	1.02455	1.06099	1.0257	1.04176	0.989699	0.99638	0.99462	1.00278	0.993998	0.979316	1.09171	1.09186	1.08484	1.01655	1.01149	1.01551	0.990077	0.990726	0.988054	0.98859	0.993223	0.992846	0.989243	0.988707	1.00867	1.01032	1.00712	1.00341	0.986909	0.985296	0.977542	0.976221	0.988925	0.976553
ERR630056	1.03519	1.04726	1.03979	1.03631	1.04738	1.03072	1.05152	1.04691	1.04382	1.04981	1.05892	1.0454	1.03254	1.04814	1.03775	1.03268	1.03666	1.03272	1.03582	1.01896	1.03763	1.02006	1.01981	1.037	1.07267	1.09825	1.05053	1.05655	1.07031	1.07365	1.02753	1.0333	1.0093	1.0262	1.02602	1.01249	1.0505	1.05186	1.04902	1.04802	1.02484	1.02348	0.858023	0	0.821306	0.842119	0.833538	0.826163	0.912638	0.919899	0.906207	0.955126	0.962211	0.955675	0.995411	0.95971	0.960054	0.99231	0.989108	0.962529	0.997924	1.0238	0.999428	1.03533	1.00024	1.01603	0.969502	0.975117	0.973225	0.98642	0.973009	0.957409	1.05734	1.0574	1.04817	0.981833	0.976824	0.981809	0.969769	0.970484	0.96779	0.967873	0.974041	0.973465	0.966207	0.965479	0.987142	0.990962	0.986224	0.987665	0.967246	0.965163	0.95477	0.953796	0.968241	0.953933
ERR630054	1.03069	1.04261	1.035	1.03132	1.04259	1.02587	1.04683	1.04206	1.03903	1.04507	1.05411	1.04044	1.02743	1.04318	1.03261	1.02733	1.03139	1.02731	1.03076	1.01389	1.03309	1.01535	1.01479	1.0323	1.06839	1.09418	1.04563	1.05161	1.0657	1.06906	1.02258	1.02846	1.00421	1.02163	1.0214	1.0076	1.04567	1.04705	1.04402	1.04285	1.01948	1.01831	0.850383	0.821306	0	0.833111	0.824818	0.817146	0.905512	0.91314	0.898965	0.948712	0.956381	0.949617	0.990617	0.954287	0.954495	0.987296	0.984026	0.957194	0.992553	1.0189	0.994001	1.03071	0.995416	1.01094	0.963715	0.969627	0.967661	0.980836	0.967441	0.951267	1.05249	1.05247	1.043	0.975739	0.970466	0.975529	0.964454	0.964685	0.962829	0.962095	0.969324	0.968359	0.960644	0.960232	0.981653	0.986039	0.98108	0.982925	0.961887	0.959437	0.94912	0.947969	0.962384	0.948593
ERR630055	1.04325	1.0556	1.04848	1.04444	1.05625	1.03918	1.05841	1.05446	1.05099	1.0573	1.06546	1.0527	1.04025	1.05585	1.04601	1.0404	1.04435	1.04025	1.04337	1.02647	1.04549	1.02759	1.02763	1.0448	1.07987	1.10514	1.05923	1.0647	1.07736	1.08054	1.03562	1.04118	1.01834	1.03459	1.03404	1.02084	1.05828	1.05862	1.05685	1.05567	1.03327	1.03245	0.867319	0.842119	0.833111	0	0.843157	0.835659	0.92285	0.929775	0.917718	0.96361	0.97017	0.964433	1.00397	0.969503	0.97005	1.00065	0.997624	0.971297	1.00827	1.03365	1.00959	1.04579	1.01107	1.02614	0.978644	0.984753	0.982967	0.99414	0.982479	0.967418	1.06891	1.06887	1.06047	0.994791	0.989503	0.994074	0.9794	0.979807	0.977785	0.97753	0.983385	0.98257	0.97627	0.975763	0.996092	0.999385	0.995397	0.995099	0.975985	0.973718	0.96448	0.963714	0.977341	0.964118
ERR630058	1.03683	1.05069	1.04354	1.03723	1.05109	1.03284	1.05072	1.04773	1.04364	1.05062	1.05744	1.04624	1.03294	1.04943	1.03984	1.03308	1.03729	1.03302	1.03725	1.01862	1.03903	1.02024	1.01972	1.03853	1.07403	1.10068	1.05456	1.06005	1.07184	1.0747	1.02957	1.0348	1.01243	1.02822	1.02785	1.01344	1.05301	1.05035	1.05159	1.05046	1.02763	1.02664	0.8509	0.833538	0.824818	0.843157	0	0.818471	0.914083	0.921077	0.909675	0.954696	0.96076	0.956022	0.998	0.962113	0.961931	0.99344	0.990743	0.962235	1.00596	1.0323	1.00693	1.04572	1.0085	1.02542	0.972462	0.979548	0.977335	0.987043	0.977157	0.96121	1.07731	1.07739	1.07018	0.998962	0.99318	0.998003	0.971833	0.972375	0.970295	0.970541	0.975859	0.975102	0.971041	0.970246	0.991678	0.993316	0.990126	0.986482	0.969194	0.967492	0.958953	0.957608	0.971754	0.958023
ERR630059	1.03207	1.04617	1.03871	1.03279	1.04651	1.02822	1.04613	1.04304	1.03861	1.04596	1.05286	1.04139	1.02768	1.04468	1.0349	1.02832	1.03231	1.02826	1.03224	1.01399	1.03452	1.01493	1.0149	1.03391	1.06972	1.09733	1.05008	1.0557	1.06725	1.0708	1.02458	1.02959	1.00708	1.02338	1.02275	1.00847	1.04876	1.04594	1.04708	1.04587	1.02304	1.02187	0.843597	0.826163	0.817146	0.835659	0.818471	0	0.908779	0.916116	0.904293	0.950149	0.956179	0.95099	0.99404	0.957649	0.957905	0.989642	0.986725	0.957844	1.00195	1.02855	1.00309	1.04193	1.00472	1.02168	0.96706	0.973752	0.971938	0.981838	0.971531	0.955557	1.07324	1.07372	1.06568	0.993689	0.988583	0.992952	0.968083	0.968577	0.965988	0.965897	0.971407	0.970826	0.96637	0.965487	0.987081	0.989337	0.985977	0.982062	0.964034	0.962742	0.953976	0.95284	0.966867	0.952924
