	ERR630047	ERR630042	ERR630044	ERR630046	ERR630045	ERR630043	ERR636911	ERR636912	ERR636910	ERR636907	ERR636908	ERR636909	ERR612225	ERR612224	ERR612221	ERR612223	ERR612226	ERR612222	ERR612903	ERR612904	ERR612906	ERR612907	ERR612908	ERR612905	ERR608936	ERR608932	ERR608935	ERR608934	ERR608931	ERR608933	ERR608852	ERR608851	ERR608848	ERR608849	ERR608847	ERR608850	ERR629858	ERR629860	ERR629856	ERR629861	ERR629859	ERR629857	ERR636746	ERR636747	ERR636745	ERR636749	ERR636750	ERR636748	ERR622045	ERR622047	ERR622046	ERR622049	ERR622050	ERR622048	ERR630268	ERR630269	ERR630267	ERR630270	ERR630266	ERR630271	ERR626612	ERR626610	ERR626611	ERR626613	ERR626608	ERR626609	ERR631068	ERR631072	ERR631073	ERR631070	ERR631071	ERR631069	ERR608355	ERR608356	ERR608358	ERR608357	ERR608354	ERR608353	ERR608246	ERR608247	ERR608245	ERR608248	ERR608250	ERR608249	ERR629873	ERR629870	ERR629868	ERR629871	ERR629869	ERR629872	ERR626517	ERR626516	ERR626521	ERR626519	ERR626520	ERR626518
ERR630047	0	0.258781	0.262015	0.247345	0.268975	0.263239	0.302958	0.304594	0.303086	0.311764	0.316122	0.305447	0.380247	0.370752	0.402279	0.389025	0.37218	0.386969	0.377809	0.392591	0.385214	0.388256	0.388247	0.37037	0.326789	0.334925	0.32719	0.326672	0.299995	0.354872	0.339962	0.339339	0.336374	0.346364	0.351745	0.341383	0.384695	0.364814	0.386978	0.364874	0.36746	0.37827	0.326049	0.31728	0.32189	0.317597	0.319352	0.317562	0.51025	0.516285	0.51501	0.501996	0.50069	0.504313	0.463179	0.456525	0.467122	0.460495	0.487089	0.452123	0.531488	0.518041	0.534243	0.534643	0.511688	0.514143	0.54619	0.538587	0.544568	0.552852	0.539982	0.555047	0.589218	0.580481	0.577796	0.578729	0.587249	0.5928	0.634862	0.630009	0.655077	0.63017	0.638269	0.630203	0.340478	0.337754	0.337343	0.341296	0.338576	0.341432	0.47111	0.490466	0.473378	0.471586	0.473839	0.449319
ERR630042	0.258781	0	0.248344	0.26257	0.285296	0.257979	0.286116	0.287229	0.286167	0.290986	0.291033	0.286092	0.373672	0.361404	0.385922	0.376568	0.362766	0.375072	0.3677	0.389249	0.374893	0.378807	0.378093	0.36449	0.30472	0.315369	0.304521	0.304058	0.298591	0.332114	0.319412	0.319068	0.318647	0.323835	0.352046	0.32118	0.35838	0.350256	0.360005	0.350502	0.35198	0.355744	0.311552	0.30875	0.313649	0.309705	0.310491	0.309611	0.496125	0.505121	0.503152	0.48915	0.487895	0.490793	0.457936	0.454242	0.46213	0.456073	0.477734	0.454079	0.511808	0.503582	0.514971	0.515028	0.493272	0.495407	0.526029	0.520189	0.525119	0.531578	0.521392	0.532243	0.566022	0.558138	0.555944	0.556514	0.565615	0.579467	0.607654	0.600725	0.635106	0.605641	0.614246	0.605752	0.350081	0.329987	0.328251	0.350413	0.340457	0.35147	0.456549	0.474522	0.457849	0.456547	0.45827	0.440908
ERR630044	0.262015	0.248344	0	0.263316	0.280214	0.255273	0.292786	0.294442	0.292109	0.292032	0.2955	0.290496	0.372898	0.366473	0.395852	0.385759	0.367137	0.384246	0.374513	0.386919	0.37606	0.379038	0.378399	0.368923	0.308473	0.326534	0.309285	0.309438	0.300435	0.344639	0.325629	0.325266	0.322891	0.331411	0.347219	0.326732	0.363453	0.349979	0.365334	0.350737	0.35166	0.356979	0.316461	0.313313	0.316012	0.315729	0.316689	0.315371	0.495659	0.502934	0.50118	0.490081	0.489513	0.491772	0.462924	0.457465	0.467918	0.460396	0.48511	0.456568	0.510857	0.502299	0.513646	0.51356	0.49722	0.49722	0.530989	0.524412	0.528107	0.536862	0.525419	0.536488	0.567268	0.560913	0.558947	0.559154	0.5658	0.576245	0.606578	0.600933	0.631567	0.60365	0.611579	0.6038	0.35032	0.334519	0.333213	0.350222	0.341781	0.351468	0.463245	0.482551	0.464108	0.462553	0.464586	0.444747
ERR630046	0.247345	0.26257	0.263316	0	0.261984	0.260471	0.308646	0.311211	0.308951	0.312609	0.320671	0.309509	0.37866	0.374415	0.4111	0.397087	0.375174	0.394909	0.38346	0.38909	0.385437	0.387296	0.387968	0.373495	0.329957	0.344477	0.330638	0.330613	0.300961	0.365641	0.345283	0.344537	0.340335	0.353468	0.346729	0.346569	0.389514	0.365107	0.392285	0.365623	0.367844	0.380044	0.329989	0.320586	0.322805	0.322247	0.324445	0.32203	0.509908	0.514312	0.513158	0.502737	0.502023	0.505263	0.467791	0.459385	0.472432	0.464304	0.494139	0.454224	0.531109	0.517435	0.533554	0.533735	0.515476	0.515971	0.551259	0.54299	0.54806	0.558264	0.54422	0.55936	0.591009	0.58355	0.581378	0.58181	0.588189	0.590438	0.634819	0.631318	0.652812	0.629427	0.637162	0.629479	0.339464	0.340866	0.341072	0.34014	0.338785	0.340346	0.477356	0.4981	0.479232	0.477296	0.479766	0.45273
ERR630045	0.268975	0.285296	0.280214	0.261984	0	0.266386	0.334035	0.338295	0.333456	0.326925	0.342005	0.331553	0.382573	0.392652	0.439125	0.423705	0.391997	0.421639	0.405752	0.386937	0.393625	0.392707	0.394227	0.390556	0.347229	0.376059	0.349441	0.350749	0.31559	0.398954	0.36698	0.365778	0.358621	0.377921	0.337868	0.367501	0.410331	0.376067	0.413759	0.377668	0.378253	0.393508	0.351526	0.341231	0.338256	0.345707	0.348734	0.345286	0.514629	0.51397	0.513429	0.510905	0.51137	0.513291	0.486526	0.474319	0.492813	0.481537	0.517513	0.467581	0.534522	0.520035	0.536074	0.536077	0.531153	0.526506	0.568507	0.558343	0.560907	0.576432	0.559214	0.57432	0.597827	0.594158	0.59264	0.592614	0.592261	0.584716	0.635334	0.6352	0.64625	0.627843	0.634002	0.627778	0.348667	0.360115	0.361485	0.348822	0.350971	0.349037	0.498883	0.522068	0.499985	0.497612	0.500502	0.468866
ERR630043	0.263239	0.257979	0.255273	0.260471	0.266386	0	0.305849	0.30898	0.304807	0.298553	0.308474	0.30172	0.372251	0.374271	0.411947	0.399691	0.374111	0.397971	0.385338	0.382063	0.378393	0.379744	0.379903	0.375016	0.317863	0.344642	0.319699	0.320519	0.302928	0.36546	0.337753	0.336444	0.332322	0.346576	0.337369	0.338835	0.378043	0.354945	0.380645	0.356264	0.356451	0.365303	0.327764	0.321925	0.32132	0.325965	0.327759	0.325289	0.498494	0.502025	0.500568	0.494425	0.494454	0.49641	0.472086	0.463488	0.477661	0.468304	0.498043	0.460543	0.514422	0.503842	0.516697	0.516514	0.507856	0.504416	0.542826	0.534762	0.537346	0.549837	0.535537	0.547558	0.573978	0.56967	0.568125	0.567839	0.570427	0.573363	0.610488	0.60747	0.62973	0.605735	0.61279	0.605806	0.348568	0.34274	0.3425	0.348569	0.343273	0.349541	0.476425	0.497684	0.477227	0.475293	0.477682	0.452483
ERR636911	0.302958	0.286116	0.292786	0.308646	0.334035	0.305849	0	0.242283	0.242727	0.255317	0.248547	0.246414	0.371933	0.35074	0.362521	0.355059	0.352348	0.355748	0.351297	0.391102	0.366662	0.372821	0.37041	0.354754	0.284203	0.28547	0.282983	0.281681	0.290599	0.29863	0.293444	0.293752	0.294717	0.294567	0.347448	0.294109	0.335339	0.339575	0.335956	0.338767	0.34095	0.339701	0.291435	0.292646	0.300642	0.289112	0.287948	0.289502	0.494931	0.505394	0.504737	0.485298	0.483348	0.486271	0.455334	0.455733	0.457732	0.454422	0.467653	0.458287	0.49871	0.494692	0.502605	0.503237	0.475325	0.48022	0.504072	0.499388	0.504375	0.508422	0.500393	0.510064	0.546287	0.537095	0.534951	0.535251	0.548111	0.570739	0.589466	0.580148	0.623805	0.590665	0.60015	0.591007	0.365435	0.333196	0.330015	0.366972	0.352697	0.368058	0.441373	0.45544	0.442385	0.44136	0.442582	0.434538
ERR636912	0.304594	0.287229	0.294442	0.311211	0.338295	0.30898	0.242283	0	0.242395	0.257387	0.24895	0.24671	0.374087	0.350315	0.359157	0.352544	0.352477	0.353104	0.350679	0.394555	0.368656	0.374963	0.37253	0.355399	0.284245	0.281683	0.28261	0.281286	0.292168	0.293707	0.292189	0.292566	0.294204	0.292122	0.351505	0.292792	0.334188	0.341145	0.334376	0.340278	0.342508	0.340479	0.291399	0.293005	0.302378	0.2891	0.287821	0.289555	0.496604	0.508001	0.506971	0.48665	0.484625	0.487675	0.455139	0.456401	0.457294	0.454677	0.466174	0.459394	0.500429	0.49661	0.504323	0.504932	0.47493	0.481052	0.502665	0.498409	0.503788	0.50686	0.499637	0.509027	0.546485	0.536823	0.534602	0.53509	0.548935	0.573091	0.5904	0.580424	0.62572	0.592073	0.601546	0.59234	0.367624	0.333225	0.32974	0.368874	0.354391	0.370173	0.440037	0.453238	0.441074	0.440251	0.44125	0.434713
ERR636910	0.303086	0.286167	0.292109	0.308951	0.333456	0.304807	0.242727	0.242395	0	0.254094	0.247878	0.246028	0.371647	0.351019	0.363629	0.356227	0.352779	0.356828	0.351581	0.390571	0.366026	0.372053	0.36969	0.354815	0.28326	0.286219	0.282226	0.28105	0.290084	0.299673	0.293036	0.293449	0.294255	0.294343	0.346575	0.293545	0.334995	0.338731	0.335647	0.338051	0.340149	0.338419	0.292024	0.293265	0.30084	0.290234	0.289033	0.290465	0.494686	0.504978	0.504288	0.48521	0.483571	0.486223	0.456227	0.456567	0.458753	0.455425	0.468655	0.459182	0.497839	0.493845	0.50167	0.502221	0.47506	0.479754	0.503587	0.498842	0.503694	0.508342	0.499932	0.509632	0.545242	0.536347	0.534301	0.534427	0.54688	0.569385	0.587703	0.578487	0.621767	0.58884	0.598195	0.589049	0.366773	0.334214	0.33091	0.368157	0.353704	0.369247	0.441963	0.456055	0.442925	0.441804	0.443088	0.434717
ERR636907	0.311764	0.290986	0.292032	0.312609	0.326925	0.298553	0.255317	0.257387	0.254094	0	0.251515	0.250888	0.36684	0.358134	0.38086	0.372001	0.358405	0.373013	0.363346	0.38217	0.364048	0.367763	0.366226	0.36167	0.284719	0.305945	0.285017	0.285217	0.292682	0.322215	0.300926	0.30049	0.298206	0.305783	0.332792	0.301086	0.340372	0.335209	0.341519	0.335528	0.336043	0.335665	0.299334	0.300715	0.302734	0.301201	0.300574	0.300619	0.488872	0.495709	0.495248	0.482593	0.482148	0.483843	0.465459	0.46285	0.469534	0.463358	0.482339	0.465051	0.48971	0.486163	0.492881	0.49309	0.479589	0.478418	0.509716	0.503593	0.505448	0.515206	0.504066	0.51279	0.540435	0.535372	0.534451	0.533606	0.539677	0.555653	0.576125	0.570018	0.606002	0.57642	0.584609	0.576729	0.368667	0.340328	0.33775	0.369667	0.355786	0.371016	0.452985	0.470072	0.453037	0.451416	0.453129	0.44074
ERR636908	0.316122	0.291033	0.2955	0.320671	0.342005	0.308474	0.248547	0.24895	0.247878	0.251515	0	0.247418	0.372642	0.354557	0.366624	0.360785	0.3557	0.361712	0.356436	0.391485	0.367216	0.372799	0.370268	0.360031	0.281811	0.290754	0.2812	0.280559	0.297477	0.302765	0.294116	0.294287	0.295458	0.295186	0.348867	0.294228	0.331458	0.337592	0.331705	0.337396	0.338451	0.334213	0.294543	0.298834	0.304928	0.29708	0.295587	0.296829	0.491036	0.501384	0.500555	0.483186	0.48175	0.483937	0.460836	0.461483	0.463828	0.460072	0.472709	0.465395	0.49139	0.489651	0.495167	0.495492	0.472738	0.475631	0.50073	0.496454	0.500025	0.504837	0.497442	0.504498	0.537906	0.530614	0.528913	0.528888	0.539693	0.563881	0.576937	0.567486	0.612819	0.579009	0.588228	0.579461	0.374962	0.338378	0.335087	0.375972	0.3599	0.377501	0.443391	0.457274	0.443457	0.442606	0.443666	0.437571
ERR636909	0.305447	0.286092	0.290496	0.309509	0.331553	0.30172	0.246414	0.24671	0.246028	0.250888	0.247418	0	0.369388	0.352359	0.36794	0.360404	0.353491	0.360978	0.355491	0.388207	0.365366	0.370833	0.368685	0.356829	0.282717	0.291709	0.282135	0.281304	0.290582	0.306321	0.294471	0.294206	0.295044	0.297244	0.342684	0.295372	0.335486	0.336189	0.335923	0.336049	0.337495	0.336181	0.293731	0.29498	0.300975	0.293579	0.292503	0.29348	0.491383	0.501196	0.500371	0.483354	0.481792	0.484252	0.458566	0.458037	0.461482	0.457405	0.472191	0.460511	0.494473	0.490482	0.498434	0.498755	0.475672	0.47843	0.504537	0.499478	0.503346	0.509558	0.500447	0.509387	0.543102	0.535204	0.53339	0.533425	0.544065	0.564867	0.58298	0.574664	0.61618	0.583798	0.592908	0.584111	0.367376	0.336095	0.332897	0.368599	0.354147	0.369771	0.444615	0.459739	0.445277	0.444161	0.445516	0.435545
ERR612225	0.380247	0.373672	0.372898	0.37866	0.382573	0.372251	0.371933	0.374087	0.371647	0.36684	0.372642	0.369388	0	0.265164	0.33547	0.318238	0.261292	0.317204	0.344829	0.324706	0.3192	0.320313	0.320206	0.328944	0.346146	0.375772	0.346953	0.348206	0.339667	0.395967	0.380027	0.37887	0.375454	0.385183	0.384069	0.379077	0.375314	0.35669	0.378018	0.356826	0.357248	0.363637	0.336742	0.334845	0.329168	0.340975	0.342335	0.339767	0.402259	0.402099	0.402071	0.401241	0.403176	0.403047	0.416228	0.399134	0.426263	0.407384	0.456363	0.396797	0.433931	0.424372	0.434453	0.435052	0.439486	0.430704	0.494817	0.48451	0.48423	0.502777	0.484871	0.496875	0.522206	0.522562	0.521987	0.52087	0.51609	0.513931	0.554281	0.554987	0.565922	0.547968	0.552803	0.547995	0.331858	0.329818	0.330952	0.331533	0.325239	0.333043	0.418513	0.449093	0.416116	0.412953	0.416608	0.38263
ERR612224	0.370752	0.361404	0.366473	0.374415	0.392652	0.374271	0.35074	0.350315	0.351019	0.358134	0.354557	0.352359	0.265164	0	0.279743	0.266094	0.241148	0.265444	0.317826	0.348386	0.324343	0.330531	0.328444	0.315711	0.332793	0.339402	0.331739	0.331321	0.33286	0.354126	0.357761	0.357112	0.357499	0.358162	0.394931	0.357305	0.348666	0.348427	0.349949	0.346645	0.349174	0.349814	0.321981	0.322322	0.326006	0.323106	0.323041	0.322561	0.406488	0.41606	0.415176	0.398317	0.397196	0.399702	0.390816	0.382854	0.397308	0.385612	0.419692	0.384148	0.429656	0.422569	0.431814	0.432647	0.415044	0.415252	0.463198	0.45546	0.458573	0.469624	0.45638	0.46784	0.503988	0.499026	0.497436	0.497178	0.502225	0.515997	0.544264	0.539333	0.568833	0.541962	0.549258	0.542102	0.338232	0.315949	0.315051	0.339188	0.326953	0.3405	0.383958	0.408715	0.382882	0.380978	0.383488	0.36223
ERR612221	0.402279	0.385922	0.395852	0.4111	0.439125	0.411947	0.362521	0.359157	0.363629	0.38086	0.366624	0.36794	0.33547	0.279743	0	0.245904	0.28562	0.246653	0.33295	0.408358	0.370531	0.380123	0.37669	0.349044	0.354724	0.330881	0.351928	0.349604	0.369386	0.331096	0.359938	0.360437	0.366148	0.354082	0.431591	0.360338	0.347434	0.374332	0.345516	0.371369	0.375365	0.366638	0.356532	0.361444	0.374721	0.354997	0.35215	0.355476	0.435877	0.454254	0.453081	0.422407	0.4187	0.42299	0.398339	0.406667	0.397249	0.400299	0.399608	0.413972	0.443261	0.441878	0.446801	0.448328	0.408324	0.418841	0.432598	0.430294	0.436739	0.435697	0.431528	0.439085	0.485358	0.4734	0.470384	0.471484	0.489913	0.525285	0.529871	0.516663	0.572085	0.533666	0.544349	0.534122	0.405377	0.357854	0.353213	0.407021	0.388874	0.408219	0.373705	0.381109	0.375062	0.375472	0.375502	0.381656
ERR612223	0.389025	0.376568	0.385759	0.397087	0.423705	0.399691	0.355059	0.352544	0.356227	0.372001	0.360785	0.360404	0.318238	0.266094	0.245904	0	0.271467	0.243292	0.324589	0.392836	0.357594	0.36663	0.363577	0.336769	0.346403	0.327905	0.344054	0.341934	0.355628	0.332489	0.355635	0.355936	0.359991	0.351502	0.4189	0.355917	0.34523	0.364625	0.344086	0.361742	0.365746	0.35985	0.345491	0.348609	0.360443	0.343024	0.340863	0.343369	0.429223	0.445214	0.444347	0.416123	0.412847	0.416917	0.393214	0.397956	0.393417	0.393532	0.401039	0.403487	0.440387	0.436898	0.443612	0.445228	0.409387	0.417546	0.438788	0.43465	0.440413	0.443033	0.435963	0.445419	0.489532	0.478984	0.476301	0.477048	0.492445	0.521694	0.534368	0.523657	0.571532	0.536604	0.546459	0.536818	0.386315	0.344588	0.34084	0.388183	0.371466	0.389209	0.373978	0.385765	0.375435	0.374934	0.375728	0.374772
ERR612226	0.37218	0.362766	0.367137	0.375174	0.391997	0.374111	0.352348	0.352477	0.352779	0.358405	0.3557	0.353491	0.261292	0.241148	0.28562	0.271467	0	0.271055	0.320021	0.345125	0.322194	0.32789	0.326235	0.315952	0.333425	0.343209	0.332498	0.332142	0.333488	0.358534	0.359936	0.359288	0.359147	0.360845	0.3939	0.359278	0.350909	0.349138	0.352469	0.347705	0.349839	0.350654	0.322654	0.323146	0.325433	0.324612	0.324633	0.324011	0.405065	0.413438	0.412725	0.397448	0.396851	0.399	0.394035	0.384871	0.400855	0.388268	0.424352	0.385742	0.429199	0.422197	0.431272	0.432024	0.417008	0.416163	0.46616	0.458116	0.46093	0.472762	0.459101	0.470519	0.505673	0.501277	0.499902	0.499611	0.50342	0.515757	0.544629	0.540187	0.567776	0.541795	0.548973	0.541876	0.337584	0.316955	0.316401	0.338265	0.326408	0.339507	0.387621	0.413318	0.386383	0.384272	0.38699	0.364408
ERR612222	0.386969	0.375072	0.384246	0.394909	0.421639	0.397971	0.355748	0.353104	0.356828	0.373013	0.361712	0.360978	0.317204	0.265444	0.246653	0.243292	0.271055	0	0.324997	0.391816	0.357713	0.366454	0.363525	0.336172	0.347832	0.329699	0.345319	0.34348	0.355641	0.334538	0.356629	0.356774	0.361068	0.353054	0.418595	0.357254	0.34645	0.364564	0.345418	0.361649	0.365662	0.36042	0.346154	0.348815	0.360837	0.34355	0.341455	0.343937	0.427512	0.4438	0.442478	0.414772	0.41153	0.415665	0.390928	0.395514	0.391152	0.391464	0.399214	0.400537	0.440373	0.435666	0.443722	0.44498	0.409494	0.41767	0.439581	0.435203	0.441244	0.444164	0.436571	0.446596	0.490356	0.479544	0.476946	0.477721	0.492689	0.52076	0.53477	0.524345	0.571104	0.536248	0.546134	0.53654	0.385314	0.344855	0.341233	0.387252	0.37076	0.388211	0.373703	0.385862	0.375275	0.37513	0.375883	0.373132
ERR612903	0.377809	0.3677	0.374513	0.38346	0.405752	0.385338	0.351297	0.350679	0.351581	0.363346	0.356436	0.355491	0.344829	0.317826	0.33295	0.324589	0.320021	0.324997	0	0.308521	0.271717	0.28107	0.278631	0.249615	0.342605	0.337712	0.341277	0.340142	0.345963	0.347568	0.356768	0.356433	0.357097	0.354129	0.403157	0.355666	0.332243	0.340849	0.333068	0.338927	0.342568	0.340385	0.320855	0.323207	0.330739	0.319649	0.318372	0.319282	0.421271	0.433189	0.432507	0.410574	0.408369	0.4119	0.400032	0.398486	0.404039	0.398268	0.418459	0.401616	0.442715	0.438301	0.445574	0.446779	0.420876	0.42461	0.458232	0.452478	0.456352	0.463213	0.453306	0.463941	0.500188	0.49357	0.491242	0.491415	0.501012	0.522057	0.548738	0.541459	0.579274	0.548446	0.556839	0.548548	0.35511	0.32026	0.317726	0.356919	0.341232	0.357551	0.389436	0.407544	0.390259	0.388808	0.390556	0.379967
ERR612904	0.392591	0.389249	0.386919	0.38909	0.386937	0.382063	0.391102	0.394555	0.390571	0.38217	0.391485	0.388207	0.324706	0.348386	0.408358	0.392836	0.345125	0.391816	0.308521	0	0.266104	0.262011	0.265128	0.285076	0.369919	0.401716	0.37168	0.373461	0.358788	0.421559	0.397581	0.395617	0.390385	0.404225	0.380833	0.395993	0.383202	0.356913	0.386789	0.358255	0.357635	0.367059	0.350697	0.347904	0.342138	0.353044	0.354732	0.351903	0.417312	0.41215	0.412581	0.418876	0.421623	0.420881	0.44128	0.424967	0.450724	0.433605	0.479099	0.421704	0.452974	0.4423	0.453227	0.453132	0.465539	0.453966	0.515147	0.50406	0.502041	0.523141	0.504223	0.516577	0.531473	0.534229	0.53424	0.532541	0.523367	0.51312	0.56469	0.567699	0.57164	0.557069	0.560515	0.55678	0.3462	0.346341	0.347602	0.346317	0.341022	0.34712	0.447447	0.476097	0.446173	0.443164	0.446855	0.413713
ERR612906	0.385214	0.374893	0.37606	0.385437	0.393625	0.378393	0.366662	0.368656	0.366026	0.364048	0.367216	0.365366	0.3192	0.324343	0.370531	0.357594	0.322194	0.357713	0.271717	0.266104	0	0.250259	0.250443	0.257474	0.346737	0.368487	0.347382	0.347896	0.346751	0.384895	0.371374	0.370138	0.3678	0.375018	0.38592	0.370155	0.350609	0.339174	0.353111	0.339172	0.340146	0.343124	0.328686	0.329155	0.327916	0.331762	0.332138	0.330879	0.406693	0.409381	0.40926	0.403633	0.40442	0.405036	0.420532	0.409484	0.428072	0.414635	0.451212	0.409916	0.4363	0.429638	0.437835	0.438232	0.436829	0.430377	0.482959	0.474042	0.473738	0.490062	0.474354	0.485141	0.508376	0.507715	0.507206	0.505959	0.504101	0.508924	0.545995	0.544632	0.564384	0.541903	0.547632	0.541962	0.346067	0.328186	0.327546	0.346648	0.334986	0.347797	0.41596	0.441547	0.414895	0.412124	0.415269	0.391191
ERR612907	0.388256	0.378807	0.379038	0.387296	0.392707	0.379744	0.372821	0.374963	0.372053	0.367763	0.372799	0.370833	0.320313	0.330531	0.380123	0.36663	0.32789	0.366454	0.28107	0.262011	0.250259	0	0.252059	0.264344	0.35176	0.376943	0.352956	0.353711	0.349919	0.394052	0.37724	0.375761	0.372522	0.38154	0.383866	0.375801	0.357854	0.342846	0.360502	0.343173	0.343262	0.347946	0.334442	0.334044	0.331648	0.337307	0.337923	0.336164	0.408903	0.409177	0.409322	0.407097	0.408665	0.408603	0.426623	0.414241	0.434651	0.42037	0.458879	0.414057	0.438959	0.431906	0.440085	0.440353	0.443658	0.435696	0.490191	0.480691	0.479642	0.497425	0.480839	0.49193	0.512133	0.512854	0.512483	0.51124	0.506792	0.508035	0.548212	0.547951	0.563657	0.543339	0.548475	0.543144	0.347623	0.333216	0.333189	0.348165	0.337677	0.349338	0.424107	0.450395	0.422962	0.4202	0.42332	0.397232
ERR612908	0.388247	0.378093	0.378399	0.387968	0.394227	0.379903	0.37041	0.37253	0.36969	0.366226	0.370268	0.368685	0.320206	0.328444	0.37669	0.363577	0.326235	0.363525	0.278631	0.265128	0.250443	0.252059	0	0.263074	0.349294	0.373569	0.350166	0.351064	0.349086	0.390382	0.374466	0.373335	0.370392	0.378551	0.384575	0.373168	0.354238	0.341002	0.357016	0.341176	0.341643	0.345534	0.333472	0.333245	0.331235	0.33618	0.336634	0.335217	0.407522	0.408661	0.40877	0.40519	0.406445	0.40682	0.42457	0.412936	0.43235	0.418497	0.4559	0.41296	0.436816	0.429891	0.437987	0.438145	0.44032	0.432611	0.486315	0.477117	0.475952	0.493355	0.477186	0.488085	0.509187	0.509531	0.509108	0.50779	0.504297	0.507154	0.545425	0.54468	0.562046	0.540758	0.546205	0.540799	0.348471	0.332264	0.331873	0.349049	0.33797	0.350256	0.420741	0.446728	0.419475	0.416854	0.419915	0.394901
ERR612905	0.37037	0.36449	0.368923	0.373495	0.390556	0.375016	0.354754	0.355399	0.354815	0.36167	0.360031	0.356829	0.328944	0.315711	0.349044	0.336769	0.315952	0.336172	0.249615	0.285076	0.257474	0.264344	0.263074	0	0.343256	0.349787	0.342702	0.342054	0.338896	0.364452	0.361902	0.361175	0.360195	0.362972	0.39069	0.361333	0.341638	0.337213	0.343586	0.336107	0.338819	0.341283	0.320158	0.319238	0.323541	0.318747	0.318652	0.318003	0.414747	0.422315	0.421801	0.406624	0.405703	0.40846	0.404315	0.397198	0.4099	0.400361	0.430458	0.39758	0.443433	0.435287	0.445686	0.446619	0.430118	0.429361	0.472913	0.464932	0.467619	0.479362	0.465667	0.478211	0.509732	0.505049	0.50334	0.502901	0.507505	0.518539	0.554942	0.550814	0.577563	0.551872	0.559084	0.551844	0.341032	0.318079	0.316618	0.342243	0.330053	0.343103	0.400964	0.423786	0.401596	0.399485	0.40202	0.381428
ERR608936	0.326789	0.30472	0.308473	0.329957	0.347229	0.317863	0.284203	0.284245	0.28326	0.284719	0.281811	0.282717	0.346146	0.332793	0.354724	0.346403	0.333425	0.347832	0.342605	0.369919	0.346737	0.35176	0.349294	0.343256	0	0.266414	0.245584	0.245878	0.263699	0.282163	0.280544	0.280303	0.280021	0.283273	0.328273	0.280201	0.320617	0.321816	0.321307	0.321296	0.322439	0.319455	0.290054	0.293585	0.296406	0.293231	0.292506	0.292833	0.474045	0.482405	0.482223	0.467233	0.466311	0.467965	0.453591	0.451134	0.457645	0.451122	0.469903	0.454616	0.477762	0.47513	0.480842	0.481621	0.464475	0.465163	0.493329	0.487846	0.490231	0.498175	0.488648	0.496138	0.528747	0.523053	0.521966	0.521357	0.529104	0.548678	0.568877	0.561387	0.600805	0.570307	0.578583	0.570684	0.353671	0.320032	0.317054	0.354968	0.338465	0.356459	0.435321	0.45244	0.434913	0.433351	0.434958	0.424646
ERR608932	0.334925	0.315369	0.326534	0.344477	0.376059	0.344642	0.28547	0.281683	0.286219	0.305945	0.290754	0.291709	0.375772	0.339402	0.330881	0.327905	0.343209	0.329699	0.337712	0.401716	0.368487	0.376943	0.373569	0.349787	0.266414	0	0.262772	0.260129	0.283147	0.243777	0.282121	0.28336	0.287632	0.276393	0.36378	0.283202	0.320374	0.342973	0.319307	0.340494	0.344501	0.336625	0.30017	0.304926	0.31787	0.297934	0.295166	0.298469	0.492974	0.507361	0.506479	0.480792	0.477913	0.481533	0.447935	0.45384	0.448334	0.449141	0.451845	0.459198	0.497168	0.495508	0.50118	0.502549	0.464307	0.474357	0.483763	0.48186	0.488551	0.486374	0.483165	0.490536	0.534441	0.52267	0.52004	0.52079	0.539183	0.570659	0.583603	0.571016	0.624011	0.587884	0.598196	0.588215	0.374398	0.328411	0.323628	0.376055	0.357628	0.37738	0.423742	0.432237	0.425294	0.424915	0.425202	0.427726
ERR608935	0.32719	0.304521	0.309285	0.330638	0.349441	0.319699	0.282983	0.28261	0.282226	0.285017	0.2812	0.282135	0.346953	0.331739	0.351928	0.344054	0.332498	0.345319	0.341277	0.37168	0.347382	0.352956	0.350166	0.342702	0.245584	0.262772	0	0.244545	0.264144	0.27794	0.279638	0.27948	0.279675	0.281376	0.331607	0.279199	0.318397	0.321748	0.318883	0.321273	0.322359	0.318898	0.288494	0.292265	0.29569	0.291631	0.290303	0.291358	0.474475	0.483476	0.483017	0.466907	0.465855	0.467682	0.452108	0.450244	0.456013	0.449937	0.46805	0.453952	0.478503	0.476232	0.481921	0.482596	0.463466	0.465041	0.491913	0.486978	0.489706	0.496705	0.487805	0.49516	0.529228	0.522964	0.521846	0.52138	0.529836	0.550903	0.570136	0.562225	0.602887	0.571907	0.580448	0.57227	0.353341	0.318522	0.315285	0.354627	0.337826	0.356068	0.433144	0.450084	0.433026	0.431464	0.432966	0.423258
ERR608934	0.326672	0.304058	0.309438	0.330613	0.350749	0.320519	0.281681	0.281286	0.28105	0.285217	0.280559	0.281304	0.348206	0.331321	0.349604	0.341934	0.332142	0.34348	0.340142	0.373461	0.347896	0.353711	0.351064	0.342054	0.245878	0.260129	0.244545	0	0.263844	0.274731	0.278533	0.278651	0.279067	0.280059	0.333493	0.278738	0.317929	0.322909	0.318575	0.322243	0.323876	0.319784	0.288024	0.291774	0.295908	0.290799	0.289419	0.290588	0.475771	0.485442	0.484978	0.467853	0.466709	0.468752	0.451852	0.450452	0.455469	0.449822	0.466779	0.454288	0.480026	0.477809	0.483391	0.484098	0.463238	0.465568	0.491377	0.486549	0.489558	0.496018	0.48732	0.494799	0.529788	0.523043	0.521742	0.521279	0.530799	0.552889	0.571524	0.563248	0.604948	0.573415	0.582151	0.573837	0.354066	0.318458	0.314878	0.35529	0.338408	0.356948	0.432368	0.44864	0.432284	0.430745	0.432244	0.423372
ERR608931	0.299995	0.298591	0.300435	0.300961	0.31559	0.302928	0.290599	0.292168	0.290084	0.292682	0.297477	0.290582	0.339667	0.33286	0.369386	0.355628	0.333488	0.355641	0.345963	0.358788	0.346751	0.349919	0.349086	0.338896	0.263699	0.283147	0.264144	0.263844	0	0.305179	0.296613	0.296076	0.29103	0.303261	0.311923	0.297064	0.343046	0.326314	0.345001	0.32573	0.328295	0.335179	0.292925	0.288232	0.288703	0.289368	0.290117	0.288739	0.481021	0.485564	0.485857	0.473219	0.472595	0.47513	0.451365	0.444687	0.456376	0.447784	0.475243	0.443183	0.494215	0.484464	0.496504	0.497358	0.480813	0.480701	0.514726	0.506832	0.51026	0.521443	0.507804	0.520672	0.553049	0.546808	0.545233	0.545068	0.550624	0.557504	0.596054	0.591904	0.617561	0.593509	0.601115	0.59357	0.327351	0.314161	0.31299	0.329013	0.319875	0.329516	0.44664	0.467513	0.447498	0.445344	0.447788	0.425732
ERR608933	0.354872	0.332114	0.344639	0.365641	0.398954	0.36546	0.29863	0.293707	0.299673	0.322215	0.302765	0.306321	0.395967	0.354126	0.331096	0.332489	0.358534	0.334538	0.347568	0.421559	0.384895	0.394052	0.390382	0.364452	0.282163	0.243777	0.27794	0.274731	0.305179	0	0.291195	0.292722	0.299241	0.282028	0.383637	0.292189	0.326728	0.358663	0.324631	0.35579	0.359985	0.348751	0.317065	0.32408	0.339138	0.315202	0.311596	0.316051	0.504166	0.520433	0.519638	0.491205	0.487647	0.491576	0.45617	0.465806	0.455051	0.459006	0.453017	0.472852	0.505201	0.505675	0.50959	0.511004	0.467911	0.480704	0.480821	0.480994	0.488481	0.482016	0.482517	0.487875	0.534352	0.520916	0.518132	0.519237	0.54106	0.578341	0.584344	0.569211	0.629309	0.590546	0.601298	0.590862	0.398146	0.34587	0.340123	0.399858	0.379791	0.401156	0.426636	0.430206	0.428494	0.428735	0.428295	0.4387
ERR608852	0.339962	0.319412	0.325629	0.345283	0.36698	0.337753	0.293444	0.292189	0.293036	0.300926	0.294116	0.294471	0.380027	0.357761	0.359938	0.355635	0.359936	0.356629	0.356768	0.397581	0.371374	0.37724	0.374466	0.361902	0.280544	0.282121	0.279638	0.278533	0.296613	0.291195	0	0.253329	0.257052	0.255422	0.320794	0.253847	0.332969	0.341115	0.332584	0.340079	0.342172	0.337346	0.315574	0.318979	0.326512	0.314729	0.312739	0.314969	0.495823	0.506497	0.505946	0.486949	0.485024	0.487555	0.469829	0.473045	0.470812	0.470316	0.475662	0.477218	0.499841	0.497456	0.503338	0.504034	0.479639	0.483835	0.496182	0.491909	0.496184	0.500272	0.492937	0.500686	0.534342	0.525514	0.523679	0.523939	0.536169	0.560959	0.578205	0.568583	0.614139	0.580749	0.590035	0.581004	0.387436	0.347052	0.342986	0.389206	0.372343	0.390532	0.448232	0.458382	0.449112	0.448629	0.449097	0.446502
ERR608851	0.339339	0.319068	0.325266	0.344537	0.365778	0.336444	0.293752	0.292566	0.293449	0.30049	0.294287	0.294206	0.37887	0.357112	0.360437	0.355936	0.359288	0.356774	0.356433	0.395617	0.370138	0.375761	0.373335	0.361175	0.280303	0.28336	0.27948	0.278651	0.296076	0.292722	0.253329	0	0.257297	0.256376	0.318689	0.254126	0.3329	0.340126	0.332868	0.338963	0.341019	0.336598	0.315558	0.318593	0.326144	0.314788	0.312776	0.314902	0.494589	0.505052	0.504448	0.485865	0.484162	0.486628	0.469504	0.472222	0.470534	0.46973	0.475834	0.476282	0.49862	0.496156	0.501971	0.50282	0.479448	0.483185	0.496295	0.491976	0.495841	0.500482	0.492871	0.500498	0.533463	0.524971	0.523229	0.523495	0.534988	0.558941	0.576956	0.567666	0.612359	0.579331	0.588425	0.579609	0.386717	0.34702	0.34306	0.388583	0.37178	0.389761	0.448454	0.458881	0.449403	0.44882	0.449479	0.446044
ERR608848	0.336374	0.318647	0.322891	0.340335	0.358621	0.332322	0.294717	0.294204	0.294255	0.298206	0.295458	0.295044	0.375454	0.357499	0.366148	0.359991	0.359147	0.361068	0.357097	0.390385	0.3678	0.372522	0.370392	0.360195	0.280021	0.287632	0.279675	0.279067	0.29103	0.299241	0.257052	0.257297	0	0.25891	0.308309	0.257005	0.335825	0.338452	0.336502	0.337582	0.339344	0.336794	0.314999	0.317217	0.322908	0.314055	0.312562	0.313963	0.49402	0.502786	0.502586	0.485654	0.484454	0.486521	0.470555	0.471787	0.4721	0.470182	0.47925	0.475299	0.498284	0.494975	0.501412	0.502098	0.482139	0.48438	0.500439	0.495329	0.498419	0.505064	0.495968	0.504441	0.535151	0.528055	0.526748	0.526666	0.535839	0.55615	0.578587	0.570837	0.611244	0.580678	0.589321	0.580841	0.381245	0.345063	0.34161	0.383346	0.367498	0.384468	0.45189	0.463784	0.452711	0.451772	0.452596	0.446819
ERR608849	0.346364	0.323835	0.331411	0.353468	0.377921	0.346576	0.294567	0.292122	0.294343	0.305783	0.295186	0.297244	0.385183	0.358162	0.354082	0.351502	0.360845	0.353054	0.354129	0.404225	0.375018	0.38154	0.378551	0.362972	0.283273	0.276393	0.281376	0.280059	0.303261	0.282028	0.255422	0.256376	0.25891	0	0.333228	0.255315	0.3311	0.347253	0.330758	0.345799	0.348213	0.341181	0.315749	0.321005	0.330002	0.315701	0.313235	0.316036	0.498183	0.510628	0.509856	0.488049	0.485779	0.488566	0.468363	0.473092	0.468791	0.469377	0.471606	0.478352	0.501288	0.50065	0.50496	0.506109	0.47651	0.483054	0.491953	0.48928	0.494214	0.49502	0.490293	0.496789	0.533426	0.52386	0.521995	0.52236	0.537033	0.566682	0.580458	0.56907	0.619865	0.584612	0.594311	0.584942	0.392533	0.347643	0.343238	0.394337	0.376193	0.395586	0.444236	0.45239	0.444983	0.444617	0.444908	0.44647
ERR608847	0.351745	0.352046	0.347219	0.346729	0.337868	0.337369	0.347448	0.351505	0.346575	0.332792	0.348867	0.342684	0.384069	0.394931	0.431591	0.4189	0.3939	0.418595	0.403157	0.380833	0.38592	0.383866	0.384575	0.39069	0.328273	0.36378	0.331607	0.333493	0.311923	0.383637	0.320794	0.318689	0.308309	0.333228	0	0.320234	0.390965	0.360093	0.394003	0.361223	0.36095	0.371768	0.359352	0.35445	0.350659	0.356155	0.357341	0.355433	0.508015	0.504384	0.505864	0.505756	0.50703	0.507348	0.502843	0.494781	0.5073	0.499003	0.525053	0.492235	0.515357	0.504986	0.515704	0.515954	0.524236	0.515666	0.549376	0.538988	0.53728	0.55698	0.538806	0.55152	0.561389	0.562446	0.562673	0.561225	0.55393	0.542615	0.593101	0.595669	0.602148	0.587554	0.592318	0.587546	0.38393	0.378945	0.37875	0.385725	0.380484	0.386	0.500849	0.519981	0.501559	0.499471	0.501731	0.478657
ERR608850	0.341383	0.32118	0.326732	0.346569	0.367501	0.338835	0.294109	0.292792	0.293545	0.301086	0.294228	0.295372	0.379077	0.357305	0.360338	0.355917	0.359278	0.357254	0.355666	0.395993	0.370155	0.375801	0.373168	0.361333	0.280201	0.283202	0.279199	0.278738	0.297064	0.292189	0.253847	0.254126	0.257005	0.255315	0.320234	0	0.333152	0.341352	0.333081	0.340334	0.342117	0.337751	0.3151	0.319007	0.326309	0.314669	0.312589	0.314761	0.495171	0.505442	0.505128	0.486241	0.484478	0.486877	0.470312	0.473023	0.471337	0.470298	0.476752	0.477221	0.49865	0.49693	0.501929	0.502733	0.479175	0.483243	0.496354	0.49204	0.495771	0.500293	0.492985	0.500367	0.533475	0.525275	0.523762	0.523771	0.535462	0.56014	0.578094	0.568673	0.613998	0.580942	0.590092	0.581379	0.386768	0.346511	0.342624	0.388766	0.371785	0.389963	0.448554	0.458816	0.449109	0.448489	0.449022	0.44668
ERR629858	0.384695	0.35838	0.363453	0.389514	0.410331	0.378043	0.335339	0.334188	0.334995	0.340372	0.331458	0.335486	0.375314	0.348666	0.347434	0.34523	0.350909	0.34645	0.332243	0.383202	0.350609	0.357854	0.354238	0.341638	0.320617	0.320374	0.318397	0.317929	0.343046	0.326728	0.332969	0.3329	0.335825	0.3311	0.390965	0.333152	0	0.261295	0.236023	0.25837	0.261255	0.248022	0.324044	0.331059	0.338832	0.327544	0.324581	0.327589	0.445703	0.457606	0.456988	0.437681	0.436352	0.437841	0.418757	0.422302	0.420936	0.418801	0.426986	0.429611	0.435771	0.435255	0.438721	0.439371	0.419408	0.421067	0.444344	0.440274	0.441527	0.44861	0.44042	0.446294	0.480301	0.47444	0.473662	0.472972	0.482274	0.509759	0.515976	0.506895	0.554529	0.519649	0.529184	0.520208	0.39037	0.341324	0.336601	0.392235	0.371693	0.393368	0.396546	0.409331	0.396739	0.395848	0.39661	0.395982
ERR629860	0.364814	0.350256	0.349979	0.365107	0.376067	0.354945	0.339575	0.341145	0.338731	0.335209	0.337592	0.336189	0.35669	0.348427	0.374332	0.364625	0.349138	0.364564	0.340849	0.356913	0.339174	0.342846	0.341002	0.337213	0.321816	0.342973	0.321748	0.322909	0.326314	0.358663	0.341115	0.340126	0.338452	0.347253	0.360093	0.341352	0.261295	0	0.264474	0.242378	0.243455	0.247305	0.323833	0.324447	0.32653	0.324964	0.324232	0.324479	0.440409	0.444334	0.44421	0.435772	0.436668	0.437043	0.425476	0.420315	0.429872	0.421943	0.446985	0.421932	0.438472	0.431025	0.440093	0.440246	0.438225	0.432022	0.471376	0.462696	0.461568	0.478643	0.462385	0.472894	0.496301	0.49471	0.49475	0.493152	0.492352	0.49897	0.527006	0.525076	0.549182	0.524506	0.531687	0.524869	0.364138	0.335964	0.333753	0.365968	0.352058	0.366743	0.417829	0.438097	0.417932	0.415942	0.417992	0.399543
ERR629856	0.386978	0.360005	0.365334	0.392285	0.413759	0.380645	0.335956	0.334376	0.335647	0.341519	0.331705	0.335923	0.378018	0.349949	0.345516	0.344086	0.352469	0.345418	0.333068	0.386789	0.353111	0.360502	0.357016	0.343586	0.321307	0.319307	0.318883	0.318575	0.345001	0.324631	0.332584	0.332868	0.336502	0.330758	0.394003	0.333081	0.236023	0.264474	0	0.261531	0.264567	0.250182	0.325217	0.33284	0.34125	0.328999	0.325999	0.329061	0.447134	0.459837	0.458993	0.438792	0.437534	0.439117	0.419835	0.424232	0.421456	0.420126	0.42642	0.431772	0.436294	0.436253	0.439339	0.440094	0.418697	0.420984	0.442175	0.438519	0.440235	0.446227	0.438841	0.444117	0.479333	0.472821	0.472157	0.471534	0.481708	0.51087	0.514416	0.504612	0.554244	0.51869	0.528443	0.519205	0.394389	0.343751	0.338625	0.396308	0.375339	0.397371	0.395385	0.407215	0.395719	0.39496	0.395412	0.396601
ERR629861	0.364874	0.350502	0.350737	0.365623	0.377668	0.356264	0.338767	0.340278	0.338051	0.335528	0.337396	0.336049	0.356826	0.346645	0.371369	0.361742	0.347705	0.361649	0.338927	0.358255	0.339172	0.343173	0.341176	0.336107	0.321296	0.340494	0.321273	0.322243	0.32573	0.35579	0.340079	0.338963	0.337582	0.345799	0.361223	0.340334	0.25837	0.242378	0.261531	0	0.24312	0.246027	0.323097	0.323939	0.326399	0.324001	0.323082	0.32366	0.440049	0.444595	0.444445	0.434851	0.435562	0.436149	0.423261	0.4185	0.42748	0.419967	0.444184	0.42029	0.438302	0.430726	0.439978	0.440248	0.436473	0.430821	0.469099	0.460479	0.459891	0.476176	0.460445	0.470986	0.495661	0.493551	0.493587	0.492101	0.491985	0.499607	0.527176	0.524837	0.550097	0.525033	0.532431	0.525345	0.364039	0.33518	0.332794	0.366059	0.351463	0.366781	0.415109	0.435131	0.415166	0.413208	0.415344	0.397416
ERR629859	0.36746	0.35198	0.35166	0.367844	0.378253	0.356451	0.34095	0.342508	0.340149	0.336043	0.338451	0.337495	0.357248	0.349174	0.375365	0.365746	0.349839	0.365662	0.342568	0.357635	0.340146	0.343262	0.341643	0.338819	0.322439	0.344501	0.322359	0.323876	0.328295	0.359985	0.342172	0.341019	0.339344	0.348213	0.36095	0.342117	0.261255	0.243455	0.264567	0.24312	0	0.246863	0.325705	0.326669	0.328613	0.327062	0.326235	0.326689	0.440284	0.444343	0.443994	0.435995	0.437016	0.437249	0.427156	0.421979	0.431734	0.423698	0.448569	0.423658	0.438181	0.430969	0.439703	0.439918	0.438817	0.432343	0.471525	0.462925	0.461545	0.478599	0.462543	0.472901	0.49577	0.494432	0.494517	0.493003	0.491773	0.498588	0.525388	0.523349	0.547683	0.523014	0.530085	0.523248	0.366422	0.337796	0.33547	0.368079	0.354031	0.36889	0.419041	0.439184	0.419063	0.416918	0.419156	0.401121
ERR629857	0.37827	0.355744	0.356979	0.380044	0.393508	0.365303	0.339701	0.340479	0.338419	0.335665	0.334213	0.336181	0.363637	0.349814	0.366638	0.35985	0.350654	0.36042	0.340385	0.367059	0.343124	0.347946	0.345534	0.341283	0.319455	0.336625	0.318898	0.319784	0.335179	0.348751	0.337346	0.336598	0.336794	0.341181	0.371768	0.337751	0.248022	0.247305	0.250182	0.246027	0.246863	0	0.32485	0.329072	0.33258	0.328915	0.326992	0.328388	0.44009	0.446757	0.446423	0.435186	0.435738	0.435779	0.426363	0.424353	0.430054	0.424003	0.442755	0.428914	0.432795	0.429106	0.434839	0.43524	0.430232	0.425387	0.459969	0.453099	0.451931	0.466161	0.452633	0.460421	0.485597	0.483715	0.483928	0.48226	0.483513	0.498503	0.514975	0.510616	0.543927	0.515409	0.523234	0.515662	0.378828	0.340261	0.336946	0.380669	0.362469	0.381632	0.411325	0.429045	0.411067	0.409331	0.410911	0.399559
ERR636746	0.326049	0.311552	0.316461	0.329989	0.351526	0.327764	0.291435	0.291399	0.292024	0.299334	0.294543	0.293731	0.336742	0.321981	0.356532	0.345491	0.322654	0.346154	0.320855	0.350697	0.328686	0.334442	0.333472	0.320158	0.290054	0.30017	0.288494	0.288024	0.292925	0.317065	0.315574	0.315558	0.314999	0.315749	0.359352	0.3151	0.324044	0.323833	0.325217	0.323097	0.325705	0.32485	0	0.232245	0.236271	0.233815	0.233906	0.233209	0.464451	0.474089	0.472993	0.45636	0.45475	0.45764	0.42401	0.417727	0.431622	0.419731	0.451907	0.419985	0.473235	0.468762	0.476355	0.476921	0.453451	0.45637	0.501864	0.496207	0.500137	0.506781	0.497412	0.506815	0.543764	0.53788	0.536097	0.536075	0.544364	0.562602	0.588045	0.580849	0.61758	0.587732	0.595609	0.587818	0.309272	0.285238	0.283884	0.309645	0.295713	0.311001	0.413934	0.437711	0.413235	0.411195	0.413651	0.39639
ERR636747	0.31728	0.30875	0.313313	0.320586	0.341231	0.321925	0.292646	0.293005	0.293265	0.300715	0.298834	0.29498	0.334845	0.322322	0.361444	0.348609	0.323146	0.348815	0.323207	0.347904	0.329155	0.334044	0.333245	0.319238	0.293585	0.304926	0.292265	0.291774	0.288232	0.32408	0.318979	0.318593	0.317217	0.321005	0.35445	0.319007	0.331059	0.324447	0.33284	0.323939	0.326669	0.329072	0.232245	0	0.234074	0.232386	0.233412	0.232202	0.466551	0.475172	0.474131	0.458503	0.456954	0.459851	0.424397	0.416771	0.431957	0.419686	0.45441	0.417217	0.478375	0.4713	0.481358	0.481932	0.458964	0.461445	0.508061	0.501545	0.505801	0.513771	0.502687	0.513943	0.550369	0.544147	0.542431	0.54235	0.550227	0.564427	0.595229	0.589041	0.621598	0.59361	0.601396	0.593513	0.302181	0.285599	0.284646	0.302771	0.291324	0.303696	0.418414	0.443089	0.418096	0.415847	0.418345	0.397393
ERR636745	0.32189	0.313649	0.316012	0.322805	0.338256	0.32132	0.300642	0.302378	0.30084	0.302734	0.304928	0.300975	0.329168	0.326006	0.374721	0.360443	0.325433	0.360837	0.330739	0.342138	0.327916	0.331648	0.331235	0.323541	0.296406	0.31787	0.29569	0.295908	0.288703	0.339138	0.326512	0.326144	0.322908	0.330002	0.350659	0.326309	0.338832	0.32653	0.34125	0.326399	0.328613	0.33258	0.236271	0.234074	0	0.239485	0.241306	0.238893	0.464837	0.470965	0.470365	0.458144	0.457329	0.459717	0.430811	0.419737	0.439846	0.424459	0.465056	0.419422	0.477929	0.470773	0.480624	0.481108	0.463977	0.463886	0.516392	0.509153	0.512236	0.522387	0.510136	0.52126	0.555546	0.551124	0.549595	0.549308	0.554118	0.564808	0.598472	0.593911	0.622189	0.596323	0.603547	0.596441	0.297021	0.287742	0.287698	0.297122	0.287355	0.297892	0.427203	0.454612	0.42612	0.4233	0.426369	0.401202
