	ERR608374	ERR608375	ERR608373	ERR608376	ERR608372	ERR608371	ERR630233	ERR630231	ERR630235	ERR630232	ERR630230	ERR630234	ERR608758	ERR608757	ERR608760	ERR608762	ERR608761	ERR608759	ERR608647	ERR608650	ERR608652	ERR608651	ERR608648	ERR608649	ERR618662	ERR618658	ERR618657	ERR618659	ERR618660	ERR618661	ERR631209	ERR631212	ERR631207	ERR631208	ERR631211	ERR631210	ERR608102	ERR608099	ERR608104	ERR608100	ERR608101	ERR608103	ERR607649	ERR607646	ERR607645	ERR607648	ERR607650	ERR607647	ERR617256	ERR617257	ERR617255	ERR617253	ERR617254	ERR617258	ERR616222	ERR616226	ERR616223	ERR616225	ERR616227	ERR616224	ERR613798	ERR613799	ERR613795	ERR613797	ERR613796	ERR613794	ERR618232	ERR618235	ERR618236	ERR618233	ERR618231	ERR618234	ERR618542	ERR618537	ERR618538	ERR618539	ERR618540	ERR618541	ERR626688	ERR626691	ERR626687	ERR626690	ERR626689	ERR626686	ERR607129	ERR607127	ERR607126	ERR607128	ERR607130	ERR607125	ERR618440	ERR618437	ERR618435	ERR618436	ERR618439	ERR618438
ERR608374	3.44532e+08	2.35517e+08	2.7816e+08	2.37852e+08	2.79811e+08	2.56631e+08	1.43553e+08	1.15067e+08	1.29975e+08	1.09745e+08	1.37065e+08	1.41482e+08	1.91255e+08	1.50779e+08	2.18364e+08	1.94479e+08	2.23956e+08	2.12722e+08	1.84378e+08	2.47485e+08	2.33276e+08	2.45653e+08	2.30536e+08	2.55113e+08	2.32119e+08	2.45291e+08	2.65392e+08	2.5314e+08	2.50098e+08	2.32112e+08	1.92651e+08	1.61e+08	1.6707e+08	1.61746e+08	1.61347e+08	1.62072e+08	2.25786e+08	2.55462e+08	2.32151e+08	2.80343e+08	2.8251e+08	2.29969e+08	2.44113e+08	2.54209e+08	2.29629e+08	2.44047e+08	2.4048e+08	2.39581e+08	1.60787e+08	1.60941e+08	1.28765e+08	1.19944e+08	1.29412e+08	1.21555e+08	1.5089e+08	1.86222e+08	1.66196e+08	1.86523e+08	1.9272e+08	1.43152e+08	1.46491e+08	1.46513e+08	1.49537e+08	1.45653e+08	1.17676e+08	1.66129e+08	1.32776e+08	1.35271e+08	1.3758e+08	1.40323e+08	1.35831e+08	1.41995e+08	1.5738e+08	1.80138e+08	1.67411e+08	1.72852e+08	1.70244e+08	1.56933e+08	1.05935e+08	1.31294e+08	1.3453e+08	1.31641e+08	1.30617e+08	1.48963e+08	1.66195e+08	1.40776e+08	1.43889e+08	1.61645e+08	1.62031e+08	1.45246e+08	1.78227e+08	1.68869e+08	1.84328e+08	1.52004e+08	1.7574e+08	1.69972e+08
ERR608375	2.35517e+08	3.56278e+08	2.83526e+08	2.42848e+08	2.85531e+08	2.61508e+08	1.46141e+08	1.1722e+08	1.32249e+08	1.11818e+08	1.39662e+08	1.44135e+08	1.94877e+08	1.53269e+08	2.22754e+08	1.98142e+08	2.28512e+08	2.16735e+08	1.87458e+08	2.52435e+08	2.37581e+08	2.50547e+08	2.34963e+08	2.60034e+08	2.36802e+08	2.49918e+08	2.70453e+08	2.58009e+08	2.5519e+08	2.36773e+08	1.96907e+08	1.64618e+08	1.70849e+08	1.65501e+08	1.64873e+08	1.65726e+08	2.30545e+08	2.6081e+08	2.37273e+08	2.8637e+08	2.88318e+08	2.34989e+08	2.48813e+08	2.59164e+08	2.33875e+08	2.48638e+08	2.45201e+08	2.44078e+08	1.64486e+08	1.6467e+08	1.31711e+08	1.22516e+08	1.32202e+08	1.23862e+08	1.54804e+08	1.91013e+08	1.70633e+08	1.91335e+08	1.97635e+08	1.47357e+08	1.49652e+08	1.49846e+08	1.52734e+08	1.48862e+08	1.19955e+08	1.69871e+08	1.35445e+08	1.38123e+08	1.40337e+08	1.43107e+08	1.38375e+08	1.44916e+08	1.61105e+08	1.84213e+08	1.71136e+08	1.76843e+08	1.74375e+08	1.60656e+08	1.07907e+08	1.34093e+08	1.37425e+08	1.34521e+08	1.33519e+08	1.52056e+08	1.71098e+08	1.45078e+08	1.48194e+08	1.66525e+08	1.66743e+08	1.49733e+08	1.82003e+08	1.72282e+08	1.88036e+08	1.54977e+08	1.795e+08	1.73644e+08
ERR608373	2.7816e+08	2.83526e+08	4.80664e+08	2.86275e+08	3.40285e+08	3.11801e+08	1.79056e+08	1.43784e+08	1.62569e+08	1.37052e+08	1.71004e+08	1.76491e+08	2.32029e+08	1.8289e+08	2.64685e+08	2.35662e+08	2.71609e+08	2.57869e+08	2.24189e+08	3.0047e+08	2.83459e+08	2.9847e+08	2.80139e+08	3.10515e+08	2.82144e+08	2.99547e+08	3.2385e+08	3.08774e+08	3.0439e+08	2.82011e+08	2.3561e+08	1.96898e+08	2.04286e+08	1.97608e+08	1.97377e+08	1.98169e+08	2.72885e+08	3.09863e+08	2.80605e+08	3.3985e+08	3.43394e+08	2.77734e+08	2.96331e+08	3.08666e+08	2.78461e+08	2.96097e+08	2.91791e+08	2.90995e+08	1.99127e+08	1.99469e+08	1.59394e+08	1.48921e+08	1.60069e+08	1.51256e+08	1.85475e+08	2.2925e+08	2.04123e+08	2.29539e+08	2.37026e+08	1.7562e+08	1.81915e+08	1.82065e+08	1.85957e+08	1.80806e+08	1.46735e+08	2.06389e+08	1.64951e+08	1.68308e+08	1.7122e+08	1.74183e+08	1.69093e+08	1.76464e+08	1.94934e+08	2.23916e+08	2.08151e+08	2.14731e+08	2.11019e+08	1.94397e+08	1.32162e+08	1.63069e+08	1.67382e+08	1.63521e+08	1.62302e+08	1.852e+08	2.03231e+08	1.72244e+08	1.76106e+08	1.97827e+08	1.98148e+08	1.77545e+08	2.2159e+08	2.10499e+08	2.29688e+08	1.89639e+08	2.18562e+08	2.11312e+08
ERR608376	2.37852e+08	2.42848e+08	2.86275e+08	3.62443e+08	2.88292e+08	2.64102e+08	1.47789e+08	1.18569e+08	1.33748e+08	1.13071e+08	1.41311e+08	1.45776e+08	1.96805e+08	1.54705e+08	2.24947e+08	2.00078e+08	2.30663e+08	2.19087e+08	1.89176e+08	2.54812e+08	2.39879e+08	2.52981e+08	2.37225e+08	2.62559e+08	2.3933e+08	2.52443e+08	2.73201e+08	2.60735e+08	2.57881e+08	2.39357e+08	1.98953e+08	1.66132e+08	1.7247e+08	1.67101e+08	1.66402e+08	1.6716e+08	2.32559e+08	2.63023e+08	2.39509e+08	2.88856e+08	2.90904e+08	2.37012e+08	2.50976e+08	2.61429e+08	2.35827e+08	2.50805e+08	2.47256e+08	2.46052e+08	1.66239e+08	1.66418e+08	1.33076e+08	1.23807e+08	1.33556e+08	1.25151e+08	1.56613e+08	1.9318e+08	1.72512e+08	1.93537e+08	1.9975e+08	1.4897e+08	1.51412e+08	1.51466e+08	1.54455e+08	1.50491e+08	1.21244e+08	1.7166e+08	1.36896e+08	1.39539e+08	1.41746e+08	1.44627e+08	1.39685e+08	1.46438e+08	1.6298e+08	1.86327e+08	1.72973e+08	1.78829e+08	1.76298e+08	1.62462e+08	1.09104e+08	1.35565e+08	1.38913e+08	1.35955e+08	1.3495e+08	1.53876e+08	1.73056e+08	1.46597e+08	1.49863e+08	1.68393e+08	1.68511e+08	1.51221e+08	1.84006e+08	1.74113e+08	1.90172e+08	1.56661e+08	1.81336e+08	1.7561e+08
ERR608372	2.79811e+08	2.85531e+08	3.40285e+08	2.88292e+08	4.83733e+08	3.13107e+08	1.78448e+08	1.43258e+08	1.61702e+08	1.36647e+08	1.70607e+08	1.75975e+08	2.32826e+08	1.83166e+08	2.66085e+08	2.36625e+08	2.73147e+08	2.59125e+08	2.24246e+08	3.01926e+08	2.84432e+08	2.99895e+08	2.81179e+08	3.11732e+08	2.83781e+08	3.0023e+08	3.25047e+08	3.09876e+08	3.06088e+08	2.83701e+08	2.36862e+08	1.97867e+08	2.05323e+08	1.98756e+08	1.98022e+08	1.99014e+08	2.74515e+08	3.11344e+08	2.8262e+08	3.4236e+08	3.44943e+08	2.79775e+08	2.97273e+08	3.10126e+08	2.79339e+08	2.97143e+08	2.92818e+08	2.91615e+08	1.99828e+08	2.00008e+08	1.59836e+08	1.48952e+08	1.60533e+08	1.50802e+08	1.87453e+08	2.31411e+08	2.06414e+08	2.31579e+08	2.39295e+08	1.77779e+08	1.82335e+08	1.82512e+08	1.86147e+08	1.81254e+08	1.46438e+08	2.06822e+08	1.6488e+08	1.68089e+08	1.70875e+08	1.74107e+08	1.68586e+08	1.76348e+08	1.95791e+08	2.24401e+08	2.08413e+08	2.15231e+08	2.11862e+08	1.9537e+08	1.31866e+08	1.6333e+08	1.67524e+08	1.6386e+08	1.62546e+08	1.85437e+08	2.06336e+08	1.74868e+08	1.78779e+08	2.00831e+08	2.01304e+08	1.80426e+08	2.21685e+08	2.10056e+08	2.29354e+08	1.89094e+08	2.18677e+08	2.11461e+08
ERR608371	2.56631e+08	2.61508e+08	3.11801e+08	2.64102e+08	3.13107e+08	4.15403e+08	1.62507e+08	1.30475e+08	1.4748e+08	1.24341e+08	1.55113e+08	1.60252e+08	2.13345e+08	1.68344e+08	2.43427e+08	2.16814e+08	2.49728e+08	2.37176e+08	2.06196e+08	2.76392e+08	2.60793e+08	2.746e+08	2.57816e+08	2.85408e+08	2.59317e+08	2.74829e+08	2.97068e+08	2.83521e+08	2.79603e+08	2.59207e+08	2.15934e+08	1.80432e+08	1.87171e+08	1.81142e+08	1.80732e+08	1.81582e+08	2.51725e+08	2.85418e+08	2.58684e+08	3.12921e+08	3.15974e+08	2.56064e+08	2.72659e+08	2.84073e+08	2.56505e+08	2.72546e+08	2.68699e+08	2.67875e+08	1.81317e+08	1.81578e+08	1.45127e+08	1.35419e+08	1.45873e+08	1.37428e+08	1.6913e+08	2.08967e+08	1.86236e+08	2.09268e+08	2.1609e+08	1.60282e+08	1.65289e+08	1.65375e+08	1.68828e+08	1.64258e+08	1.33114e+08	1.87446e+08	1.50031e+08	1.53065e+08	1.55676e+08	1.5846e+08	1.53614e+08	1.60486e+08	1.77326e+08	2.03591e+08	1.89251e+08	1.95464e+08	1.92111e+08	1.76918e+08	1.19903e+08	1.48122e+08	1.52137e+08	1.48702e+08	1.47532e+08	1.68208e+08	1.85819e+08	1.57568e+08	1.6111e+08	1.80956e+08	1.8123e+08	1.62452e+08	2.01632e+08	1.91311e+08	2.08668e+08	1.72213e+08	1.98682e+08	1.92121e+08
ERR630233	1.43553e+08	1.46141e+08	1.79056e+08	1.47789e+08	1.78448e+08	1.62507e+08	4.66559e+08	2.81969e+08	3.13626e+08	2.66987e+08	3.25932e+08	3.35102e+08	1.34874e+08	1.05731e+08	1.54285e+08	1.36713e+08	1.58796e+08	1.50835e+08	1.30243e+08	1.76737e+08	1.66189e+08	1.75353e+08	1.64381e+08	1.8384e+08	1.69162e+08	1.81814e+08	1.97173e+08	1.86985e+08	1.83627e+08	1.69239e+08	2.44546e+08	2.05201e+08	2.11946e+08	2.05417e+08	2.05065e+08	2.06304e+08	1.55747e+08	1.78961e+08	1.6019e+08	1.97716e+08	2.00853e+08	1.58449e+08	1.71949e+08	1.80585e+08	1.61044e+08	1.71578e+08	1.68949e+08	1.69008e+08	2.37103e+08	2.38045e+08	1.91039e+08	1.79666e+08	1.92023e+08	1.83708e+08	2.11271e+08	2.61479e+08	2.32218e+08	2.60788e+08	2.70356e+08	1.99309e+08	2.32296e+08	2.31925e+08	2.36174e+08	2.30163e+08	1.89725e+08	2.60886e+08	2.28424e+08	2.33054e+08	2.36392e+08	2.39534e+08	2.34484e+08	2.43741e+08	2.42493e+08	2.79117e+08	2.60076e+08	2.66923e+08	2.61391e+08	2.41896e+08	1.74624e+08	2.11001e+08	2.16655e+08	2.12287e+08	2.10002e+08	2.3778e+08	2.37816e+08	2.02629e+08	2.06377e+08	2.31532e+08	2.32183e+08	2.0822e+08	2.74675e+08	2.61769e+08	2.84329e+08	2.37296e+08	2.71176e+08	2.63194e+08
ERR630231	1.15067e+08	1.1722e+08	1.43784e+08	1.18569e+08	1.43258e+08	1.30475e+08	2.81969e+08	3.38965e+08	2.62346e+08	2.24447e+08	2.72737e+08	2.79068e+08	1.08262e+08	8.4948e+07	1.23825e+08	1.09815e+08	1.27443e+08	1.21134e+08	1.04662e+08	1.41888e+08	1.33511e+08	1.40812e+08	1.32045e+08	1.47558e+08	1.3574e+08	1.46085e+08	1.58232e+08	1.50087e+08	1.47273e+08	1.35795e+08	1.97095e+08	1.65332e+08	1.71003e+08	1.65594e+08	1.65462e+08	1.66304e+08	1.24858e+08	1.43688e+08	1.28516e+08	1.58647e+08	1.61159e+08	1.27128e+08	1.38055e+08	1.45107e+08	1.2943e+08	1.37953e+08	1.3555e+08	1.35809e+08	1.92091e+08	1.93099e+08	1.54983e+08	1.45991e+08	1.55771e+08	1.49442e+08	1.71119e+08	2.11763e+08	1.88082e+08	2.11151e+08	2.18916e+08	1.61403e+08	1.89328e+08	1.89104e+08	1.92497e+08	1.87491e+08	1.5495e+08	2.12583e+08	1.88592e+08	1.92321e+08	1.95034e+08	1.97527e+08	1.9354e+08	2.01158e+08	1.97574e+08	2.27456e+08	2.12158e+08	2.17552e+08	2.12904e+08	1.97134e+08	1.43033e+08	1.72323e+08	1.77078e+08	1.73357e+08	1.71521e+08	1.93965e+08	1.93006e+08	1.64802e+08	1.67637e+08	1.87997e+08	1.88496e+08	1.69247e+08	2.23358e+08	2.13194e+08	2.31244e+08	1.93281e+08	2.20728e+08	2.14101e+08
ERR630235	1.29975e+08	1.32249e+08	1.62569e+08	1.33748e+08	1.61702e+08	1.4748e+08	3.13626e+08	2.62346e+08	4.08421e+08	2.48369e+08	3.02568e+08	3.10262e+08	1.222e+08	9.60959e+07	1.39675e+08	1.23914e+08	1.4385e+08	1.36658e+08	1.18295e+08	1.5996e+08	1.50698e+08	1.58955e+08	1.4909e+08	1.66495e+08	1.53164e+08	1.65045e+08	1.7887e+08	1.69668e+08	1.66178e+08	1.53228e+08	2.21357e+08	1.85669e+08	1.91853e+08	1.85854e+08	1.85772e+08	1.86714e+08	1.40918e+08	1.6216e+08	1.4481e+08	1.78859e+08	1.82126e+08	1.43305e+08	1.55868e+08	1.63738e+08	1.46079e+08	1.55677e+08	1.53211e+08	1.53531e+08	2.15467e+08	2.16477e+08	1.7384e+08	1.63791e+08	1.7473e+08	1.6796e+08	1.91347e+08	2.36996e+08	2.10177e+08	2.36219e+08	2.44989e+08	1.80379e+08	2.12125e+08	2.11845e+08	2.15736e+08	2.09992e+08	1.73813e+08	2.38153e+08	2.10429e+08	2.14742e+08	2.1769e+08	2.20378e+08	2.16145e+08	2.24321e+08	2.21004e+08	2.54867e+08	2.37716e+08	2.43655e+08	2.38441e+08	2.2043e+08	1.60335e+08	1.92958e+08	1.9825e+08	1.94045e+08	1.92087e+08	2.17399e+08	2.15103e+08	1.83723e+08	1.86971e+08	2.09718e+08	2.10134e+08	1.88602e+08	2.50558e+08	2.39494e+08	2.5974e+08	2.17032e+08	2.47533e+08	2.39987e+08
ERR630232	1.09745e+08	1.11818e+08	1.37052e+08	1.13071e+08	1.36647e+08	1.24341e+08	2.66987e+08	2.24447e+08	2.48369e+08	3.11297e+08	2.58489e+08	2.64322e+08	1.0316e+08	8.08272e+07	1.18157e+08	1.04618e+08	1.21592e+08	1.15432e+08	9.96026e+07	1.35199e+08	1.27145e+08	1.34199e+08	1.2585e+08	1.40777e+08	1.29447e+08	1.3915e+08	1.50857e+08	1.43038e+08	1.40604e+08	1.29635e+08	1.88258e+08	1.57978e+08	1.6328e+08	1.58265e+08	1.57979e+08	1.58934e+08	1.19202e+08	1.36944e+08	1.22661e+08	1.51341e+08	1.53773e+08	1.21403e+08	1.31659e+08	1.3828e+08	1.23357e+08	1.31496e+08	1.29342e+08	1.29473e+08	1.83663e+08	1.84434e+08	1.48195e+08	1.39349e+08	1.4891e+08	1.42419e+08	1.63925e+08	2.02504e+08	1.80178e+08	2.01977e+08	2.09438e+08	1.54849e+08	1.80997e+08	1.80815e+08	1.83986e+08	1.79228e+08	1.48036e+08	2.03108e+08	1.79519e+08	1.8303e+08	1.85536e+08	1.88084e+08	1.84223e+08	1.91628e+08	1.88602e+08	2.17026e+08	2.02285e+08	2.07572e+08	2.03361e+08	1.8808e+08	1.36327e+08	1.64574e+08	1.68998e+08	1.65513e+08	1.63677e+08	1.8528e+08	1.84856e+08	1.57722e+08	1.6057e+08	1.79924e+08	1.80429e+08	1.61966e+08	2.13263e+08	2.03387e+08	2.20578e+08	1.84331e+08	2.1067e+08	2.04267e+08
ERR630230	1.37065e+08	1.39662e+08	1.71004e+08	1.41311e+08	1.70607e+08	1.55113e+08	3.25932e+08	2.72737e+08	3.02568e+08	2.58489e+08	4.37704e+08	3.22524e+08	1.28852e+08	1.01008e+08	1.47585e+08	1.30716e+08	1.51753e+08	1.44319e+08	1.24247e+08	1.68959e+08	1.58781e+08	1.67673e+08	1.5705e+08	1.75645e+08	1.61653e+08	1.7373e+08	1.88462e+08	1.78687e+08	1.75482e+08	1.61847e+08	2.33836e+08	1.9613e+08	2.02762e+08	1.9663e+08	1.96179e+08	1.97265e+08	1.4888e+08	1.70959e+08	1.53181e+08	1.89051e+08	1.91804e+08	1.51564e+08	1.64333e+08	1.72611e+08	1.54014e+08	1.6409e+08	1.61396e+08	1.61538e+08	2.27055e+08	2.27932e+08	1.83017e+08	1.72089e+08	1.83772e+08	1.75708e+08	2.02362e+08	2.50229e+08	2.22479e+08	2.49605e+08	2.58866e+08	1.91043e+08	2.22611e+08	2.2243e+08	2.26491e+08	2.20526e+08	1.81777e+08	2.50187e+08	2.19747e+08	2.24078e+08	2.27244e+08	2.30331e+08	2.25422e+08	2.34348e+08	2.32552e+08	2.67575e+08	2.49374e+08	2.55895e+08	2.50834e+08	2.31955e+08	1.67569e+08	2.02281e+08	2.07824e+08	2.03612e+08	2.01444e+08	2.27993e+08	2.28049e+08	1.94429e+08	1.97978e+08	2.21958e+08	2.22731e+08	1.99695e+08	2.6307e+08	2.50847e+08	2.72151e+08	2.27292e+08	2.5975e+08	2.52048e+08
ERR630234	1.41482e+08	1.44135e+08	1.76491e+08	1.45776e+08	1.75975e+08	1.60252e+08	3.35102e+08	2.79068e+08	3.10262e+08	2.64322e+08	3.22524e+08	4.57585e+08	1.33003e+08	1.04238e+08	1.52344e+08	1.34856e+08	1.56814e+08	1.48893e+08	1.28212e+08	1.74227e+08	1.63876e+08	1.73046e+08	1.62075e+08	1.81232e+08	1.67042e+08	1.79246e+08	1.9438e+08	1.84446e+08	1.8109e+08	1.67069e+08	2.41816e+08	2.02859e+08	2.09535e+08	2.03284e+08	2.02814e+08	2.03958e+08	1.53664e+08	1.76603e+08	1.58136e+08	1.95071e+08	1.98081e+08	1.563e+08	1.6968e+08	1.78198e+08	1.58886e+08	1.69414e+08	1.66645e+08	1.66792e+08	2.34275e+08	2.35284e+08	1.88921e+08	1.77417e+08	1.89795e+08	1.81349e+08	2.08699e+08	2.58352e+08	2.29554e+08	2.57752e+08	2.67138e+08	1.97194e+08	2.29801e+08	2.29473e+08	2.33497e+08	2.27431e+08	1.87453e+08	2.57944e+08	2.26012e+08	2.30569e+08	2.33822e+08	2.37008e+08	2.31808e+08	2.4117e+08	2.39943e+08	2.76067e+08	2.57151e+08	2.63947e+08	2.58769e+08	2.39333e+08	1.72662e+08	2.08598e+08	2.14253e+08	2.09913e+08	2.07755e+08	2.35053e+08	2.35507e+08	2.00694e+08	2.04358e+08	2.29254e+08	2.29913e+08	2.061e+08	2.71424e+08	2.58791e+08	2.80751e+08	2.34415e+08	2.68129e+08	2.59986e+08
ERR608758	1.91255e+08	1.94877e+08	2.32029e+08	1.96805e+08	2.32826e+08	2.13345e+08	1.34874e+08	1.08262e+08	1.222e+08	1.0316e+08	1.28852e+08	1.33003e+08	3.05678e+08	1.57944e+08	2.25881e+08	2.01904e+08	2.31911e+08	2.21229e+08	1.66294e+08	2.23588e+08	2.10558e+08	2.22029e+08	2.08384e+08	2.3121e+08	2.18782e+08	2.31771e+08	2.50419e+08	2.39152e+08	2.35983e+08	2.18788e+08	1.77008e+08	1.47844e+08	1.53537e+08	1.48676e+08	1.48007e+08	1.48936e+08	2.12229e+08	2.40331e+08	2.18382e+08	2.63468e+08	2.65815e+08	2.16107e+08	2.31762e+08	2.41262e+08	2.1827e+08	2.31414e+08	2.28422e+08	2.27565e+08	1.49757e+08	1.50033e+08	1.1992e+08	1.11979e+08	1.204e+08	1.13352e+08	1.39702e+08	1.72535e+08	1.53679e+08	1.72356e+08	1.78197e+08	1.32028e+08	1.37606e+08	1.37881e+08	1.40705e+08	1.36866e+08	1.10813e+08	1.56333e+08	1.24781e+08	1.27186e+08	1.29345e+08	1.31708e+08	1.27804e+08	1.33337e+08	1.44453e+08	1.65787e+08	1.54183e+08	1.58973e+08	1.56321e+08	1.44175e+08	9.88329e+07	1.22203e+08	1.25463e+08	1.22559e+08	1.21675e+08	1.388e+08	1.51833e+08	1.28854e+08	1.31753e+08	1.47831e+08	1.48222e+08	1.32756e+08	1.6693e+08	1.58297e+08	1.72872e+08	1.42711e+08	1.6452e+08	1.59243e+08
ERR608757	1.50779e+08	1.53269e+08	1.8289e+08	1.54705e+08	1.83166e+08	1.68344e+08	1.05731e+08	8.4948e+07	9.60959e+07	8.08272e+07	1.01008e+08	1.04238e+08	1.57944e+08	2.09516e+08	1.783e+08	1.60125e+08	1.83033e+08	1.74983e+08	1.31952e+08	1.75255e+08	1.65513e+08	1.74079e+08	1.63892e+08	1.81346e+08	1.72529e+08	1.83632e+08	1.97772e+08	1.89049e+08	1.85945e+08	1.72523e+08	1.37276e+08	1.14766e+08	1.19043e+08	1.14954e+08	1.14886e+08	1.15636e+08	1.67707e+08	1.89882e+08	1.72129e+08	2.07541e+08	2.09941e+08	1.70381e+08	1.83279e+08	1.90624e+08	1.73129e+08	1.83089e+08	1.80666e+08	1.80404e+08	1.16458e+08	1.16621e+08	9.32229e+07	8.74078e+07	9.37028e+07	8.91643e+07	1.07387e+08	1.33069e+08	1.18029e+08	1.32785e+08	1.37354e+08	1.01096e+08	1.06981e+08	1.07263e+08	1.09589e+08	1.06456e+08	8.68891e+07	1.21562e+08	9.76221e+07	9.95262e+07	1.01387e+08	1.02875e+08	1.00304e+08	1.04283e+08	1.11952e+08	1.28859e+08	1.20191e+08	1.23765e+08	1.21257e+08	1.11691e+08	7.75147e+07	9.51565e+07	9.7818e+07	9.54684e+07	9.47504e+07	1.07978e+08	1.16185e+08	9.86788e+07	1.00879e+08	1.1324e+08	1.13529e+08	1.01424e+08	1.3027e+08	1.24005e+08	1.35186e+08	1.11895e+08	1.28383e+08	1.24259e+08
ERR608760	2.18364e+08	2.22754e+08	2.64685e+08	2.24947e+08	2.66085e+08	2.43427e+08	1.54285e+08	1.23825e+08	1.39675e+08	1.18157e+08	1.47585e+08	1.52344e+08	2.25881e+08	1.783e+08	3.81036e+08	2.30311e+08	2.65359e+08	2.51152e+08	1.89096e+08	2.55593e+08	2.40421e+08	2.53929e+08	2.37833e+08	2.63856e+08	2.4987e+08	2.63943e+08	2.85578e+08	2.72459e+08	2.69439e+08	2.49894e+08	2.03469e+08	1.69778e+08	1.76324e+08	1.70796e+08	1.69991e+08	1.70997e+08	2.41922e+08	2.73993e+08	2.49329e+08	3.00965e+08	3.03238e+08	2.467e+08	2.64131e+08	2.74952e+08	2.48328e+08	2.63783e+08	2.60131e+08	2.59134e+08	1.72178e+08	1.7242e+08	1.37788e+08	1.28361e+08	1.38409e+08	1.29669e+08	1.61173e+08	1.98836e+08	1.7746e+08	1.98796e+08	2.05768e+08	1.52694e+08	1.58293e+08	1.58497e+08	1.61572e+08	1.57388e+08	1.27003e+08	1.79476e+08	1.42941e+08	1.45594e+08	1.48113e+08	1.5102e+08	1.46011e+08	1.52679e+08	1.66282e+08	1.90413e+08	1.76933e+08	1.82722e+08	1.79949e+08	1.66067e+08	1.13015e+08	1.4032e+08	1.43831e+08	1.40744e+08	1.39734e+08	1.5926e+08	1.76097e+08	1.49252e+08	1.5256e+08	1.71453e+08	1.71786e+08	1.53827e+08	1.91474e+08	1.81321e+08	1.9786e+08	1.6317e+08	1.88718e+08	1.82635e+08
ERR608762	1.94479e+08	1.98142e+08	2.35662e+08	2.00078e+08	2.36625e+08	2.16814e+08	1.36713e+08	1.09815e+08	1.23914e+08	1.04618e+08	1.30716e+08	1.34856e+08	2.01904e+08	1.60125e+08	2.30311e+08	3.13822e+08	2.3651e+08	2.24133e+08	1.68974e+08	2.26927e+08	2.13953e+08	2.25337e+08	2.11608e+08	2.34433e+08	2.22519e+08	2.35661e+08	2.54636e+08	2.43049e+08	2.39823e+08	2.22414e+08	1.79459e+08	1.49881e+08	1.55584e+08	1.50517e+08	1.50063e+08	1.50987e+08	2.15885e+08	2.44469e+08	2.22054e+08	2.6792e+08	2.70331e+08	2.1976e+08	2.35833e+08	2.45384e+08	2.21996e+08	2.35435e+08	2.32315e+08	2.31637e+08	1.51872e+08	1.5214e+08	1.2159e+08	1.13518e+08	1.22061e+08	1.1509e+08	1.4142e+08	1.74945e+08	1.55783e+08	1.7487e+08	1.80647e+08	1.3381e+08	1.39575e+08	1.39814e+08	1.42697e+08	1.38793e+08	1.12435e+08	1.58484e+08	1.26385e+08	1.28819e+08	1.31084e+08	1.33449e+08	1.29397e+08	1.3508e+08	1.4645e+08	1.67986e+08	1.563e+08	1.61285e+08	1.58607e+08	1.46284e+08	1.00196e+08	1.23868e+08	1.27215e+08	1.24206e+08	1.23386e+08	1.40571e+08	1.54159e+08	1.30576e+08	1.33526e+08	1.50049e+08	1.5039e+08	1.34479e+08	1.69216e+08	1.60492e+08	1.75084e+08	1.44614e+08	1.66775e+08	1.61328e+08
ERR608761	2.23956e+08	2.28512e+08	2.71609e+08	2.30663e+08	2.73147e+08	2.49728e+08	1.58796e+08	1.27443e+08	1.4385e+08	1.21592e+08	1.51753e+08	1.56814e+08	2.31911e+08	1.83033e+08	2.65359e+08	2.3651e+08	3.98612e+08	2.57862e+08	1.94351e+08	2.6253e+08	2.47038e+08	2.60745e+08	2.44355e+08	2.71131e+08	2.56299e+08	2.70906e+08	2.93248e+08	2.79719e+08	2.76307e+08	2.56371e+08	2.09146e+08	1.74537e+08	1.81289e+08	1.75541e+08	1.74736e+08	1.75736e+08	2.48524e+08	2.81422e+08	2.55822e+08	3.09044e+08	3.11455e+08	2.53156e+08	2.71141e+08	2.82242e+08	2.54824e+08	2.70793e+08	2.67047e+08	2.66038e+08	1.76993e+08	1.77187e+08	1.41608e+08	1.31971e+08	1.423e+08	1.33432e+08	1.65632e+08	2.0448e+08	1.8235e+08	2.04339e+08	2.113e+08	1.5685e+08	1.62731e+08	1.63111e+08	1.66203e+08	1.61879e+08	1.30591e+08	1.84618e+08	1.47057e+08	1.49838e+08	1.52431e+08	1.55319e+08	1.50429e+08	1.57269e+08	1.71078e+08	1.95953e+08	1.82075e+08	1.87909e+08	1.85162e+08	1.70645e+08	1.1629e+08	1.44178e+08	1.47924e+08	1.44723e+08	1.43752e+08	1.63715e+08	1.80875e+08	1.53227e+08	1.56656e+08	1.75995e+08	1.76412e+08	1.5791e+08	1.96901e+08	1.86489e+08	2.03682e+08	1.67931e+08	1.94106e+08	1.87841e+08
ERR608759	2.12722e+08	2.16735e+08	2.57869e+08	2.19087e+08	2.59125e+08	2.37176e+08	1.50835e+08	1.21134e+08	1.36658e+08	1.15432e+08	1.44319e+08	1.48893e+08	2.21229e+08	1.74983e+08	2.51152e+08	2.24133e+08	2.57862e+08	3.65389e+08	1.84799e+08	2.48958e+08	2.34609e+08	2.47415e+08	2.32113e+08	2.57463e+08	2.43266e+08	2.57567e+08	2.7848e+08	2.65576e+08	2.62222e+08	2.43244e+08	1.98082e+08	1.65419e+08	1.71584e+08	1.66221e+08	1.65417e+08	1.66545e+08	2.35979e+08	2.67169e+08	2.42671e+08	2.9324e+08	2.95646e+08	2.40173e+08	2.57924e+08	2.68475e+08	2.42584e+08	2.57523e+08	2.53966e+08	2.53096e+08	1.67718e+08	1.68069e+08	1.34341e+08	1.25304e+08	1.34869e+08	1.26792e+08	1.56443e+08	1.93211e+08	1.72259e+08	1.93165e+08	1.99661e+08	1.47954e+08	1.54414e+08	1.54561e+08	1.57601e+08	1.53551e+08	1.24147e+08	1.75196e+08	1.3957e+08	1.4214e+08	1.44668e+08	1.47347e+08	1.42821e+08	1.49129e+08	1.61958e+08	1.85668e+08	1.72648e+08	1.78213e+08	1.75227e+08	1.61546e+08	1.10603e+08	1.36917e+08	1.40383e+08	1.37249e+08	1.36411e+08	1.55365e+08	1.70357e+08	1.44427e+08	1.47655e+08	1.65874e+08	1.66294e+08	1.4876e+08	1.86841e+08	1.77122e+08	1.93368e+08	1.59566e+08	1.84193e+08	1.78178e+08
ERR608647	1.84378e+08	1.87458e+08	2.24189e+08	1.89176e+08	2.24246e+08	2.06196e+08	1.30243e+08	1.04662e+08	1.18295e+08	9.96026e+07	1.24247e+08	1.28212e+08	1.66294e+08	1.31952e+08	1.89096e+08	1.68974e+08	1.94351e+08	1.84799e+08	2.828e+08	2.39633e+08	2.27138e+08	2.38077e+08	2.25004e+08	2.48394e+08	2.08196e+08	2.22023e+08	2.39489e+08	2.28458e+08	2.24356e+08	2.08004e+08	1.72375e+08	1.442e+08	1.49746e+08	1.44268e+08	1.44538e+08	1.45257e+08	2.01842e+08	2.29511e+08	2.07344e+08	2.51316e+08	2.54459e+08	2.04994e+08	2.21816e+08	2.30967e+08	2.08822e+08	2.21649e+08	2.18319e+08	2.18127e+08	1.42585e+08	1.42837e+08	1.1419e+08	1.07192e+08	1.14806e+08	1.0925e+08	1.31622e+08	1.62862e+08	1.44562e+08	1.62606e+08	1.68093e+08	1.23945e+08	1.31774e+08	1.3195e+08	1.34953e+08	1.30977e+08	1.06965e+08	1.49607e+08	1.19535e+08	1.21977e+08	1.24113e+08	1.26078e+08	1.22782e+08	1.27662e+08	1.36936e+08	1.57715e+08	1.47039e+08	1.51453e+08	1.48272e+08	1.36645e+08	9.55965e+07	1.17352e+08	1.20528e+08	1.17596e+08	1.16758e+08	1.3304e+08	1.42489e+08	1.21017e+08	1.23822e+08	1.38801e+08	1.39305e+08	1.24462e+08	1.59932e+08	1.52244e+08	1.65874e+08	1.37577e+08	1.57671e+08	1.525e+08
ERR608650	2.47485e+08	2.52435e+08	3.0047e+08	2.54812e+08	3.01926e+08	2.76392e+08	1.76737e+08	1.41888e+08	1.5996e+08	1.35199e+08	1.68959e+08	1.74227e+08	2.23588e+08	1.75255e+08	2.55593e+08	2.26927e+08	2.6253e+08	2.48958e+08	2.39633e+08	4.62962e+08	3.05343e+08	3.21596e+08	3.00817e+08	3.33504e+08	2.82485e+08	2.98853e+08	3.23393e+08	3.083e+08	3.04551e+08	2.82349e+08	2.35123e+08	1.96462e+08	2.03926e+08	1.97475e+08	1.96713e+08	1.97809e+08	2.72019e+08	3.08745e+08	2.80132e+08	3.39716e+08	3.42439e+08	2.7705e+08	2.97597e+08	3.10282e+08	2.79208e+08	2.97332e+08	2.92852e+08	2.91695e+08	1.96183e+08	1.96355e+08	1.57002e+08	1.46297e+08	1.57649e+08	1.47907e+08	1.83499e+08	2.26244e+08	2.01982e+08	2.263e+08	2.33948e+08	1.73906e+08	1.81329e+08	1.81532e+08	1.85069e+08	1.8028e+08	1.45511e+08	2.05588e+08	1.6294e+08	1.65943e+08	1.68759e+08	1.72121e+08	1.6647e+08	1.74057e+08	1.89356e+08	2.16627e+08	2.01476e+08	2.08055e+08	2.04816e+08	1.88858e+08	1.29652e+08	1.60668e+08	1.64786e+08	1.61286e+08	1.60214e+08	1.8243e+08	2.00575e+08	1.70061e+08	1.73854e+08	1.95241e+08	1.95625e+08	1.75241e+08	2.18812e+08	2.07288e+08	2.2622e+08	1.86824e+08	2.1582e+08	2.0871e+08
ERR608652	2.33276e+08	2.37581e+08	2.83459e+08	2.39879e+08	2.84432e+08	2.60793e+08	1.66189e+08	1.33511e+08	1.50698e+08	1.27145e+08	1.58781e+08	1.63876e+08	2.10558e+08	1.65513e+08	2.40421e+08	2.13953e+08	2.47038e+08	2.34609e+08	2.27138e+08	3.05343e+08	4.18266e+08	3.03159e+08	2.84129e+08	3.14425e+08	2.65565e+08	2.81611e+08	3.04598e+08	2.90283e+08	2.86508e+08	2.65462e+08	2.20639e+08	1.84428e+08	1.91491e+08	1.85165e+08	1.84664e+08	1.85727e+08	2.56234e+08	2.91049e+08	2.63768e+08	3.19707e+08	3.22855e+08	2.60801e+08	2.80594e+08	2.92366e+08	2.63466e+08	2.80386e+08	2.76133e+08	2.75229e+08	1.83764e+08	1.83955e+08	1.47206e+08	1.37383e+08	1.47838e+08	1.39353e+08	1.71242e+08	2.11402e+08	1.88334e+08	2.11269e+08	2.18306e+08	1.61742e+08	1.69805e+08	1.70108e+08	1.73604e+08	1.69016e+08	1.36886e+08	1.92634e+08	1.52977e+08	1.55873e+08	1.58521e+08	1.61433e+08	1.5658e+08	1.63508e+08	1.77102e+08	2.03129e+08	1.88838e+08	1.94913e+08	1.91595e+08	1.76642e+08	1.219e+08	1.50693e+08	1.54668e+08	1.51239e+08	1.50179e+08	1.70966e+08	1.86574e+08	1.58254e+08	1.61766e+08	1.817e+08	1.8213e+08	1.62902e+08	2.05308e+08	1.9463e+08	2.12274e+08	1.75567e+08	2.02592e+08	1.95816e+08
ERR608651	2.45653e+08	2.50547e+08	2.9847e+08	2.52981e+08	2.99895e+08	2.746e+08	1.75353e+08	1.40812e+08	1.58955e+08	1.34199e+08	1.67673e+08	1.73046e+08	2.22029e+08	1.74079e+08	2.53929e+08	2.25337e+08	2.60745e+08	2.47415e+08	2.38077e+08	3.21596e+08	3.03159e+08	4.57e+08	2.98678e+08	3.31078e+08	2.80325e+08	2.96669e+08	3.21211e+08	3.05948e+08	3.02214e+08	2.80036e+08	2.33394e+08	1.95163e+08	2.02557e+08	1.96066e+08	1.95304e+08	1.96404e+08	2.70124e+08	3.06601e+08	2.78167e+08	3.37059e+08	3.39919e+08	2.74945e+08	2.957e+08	3.08306e+08	2.77371e+08	2.95513e+08	2.90998e+08	2.8987e+08	1.94608e+08	1.94792e+08	1.55739e+08	1.4521e+08	1.5649e+08	1.46821e+08	1.81825e+08	2.24326e+08	2.00167e+08	2.24307e+08	2.31821e+08	1.723e+08	1.79937e+08	1.80258e+08	1.83853e+08	1.78899e+08	1.44408e+08	2.0394e+08	1.61781e+08	1.64859e+08	1.67622e+08	1.7089e+08	1.65239e+08	1.72873e+08	1.87693e+08	2.15156e+08	1.99959e+08	2.06448e+08	2.03114e+08	1.87325e+08	1.28697e+08	1.59569e+08	1.63538e+08	1.60041e+08	1.5889e+08	1.80888e+08	1.98443e+08	1.68322e+08	1.72044e+08	1.93118e+08	1.93472e+08	1.73479e+08	2.17183e+08	2.05728e+08	2.24509e+08	1.85468e+08	2.14257e+08	2.07175e+08
ERR608648	2.30536e+08	2.34963e+08	2.80139e+08	2.37225e+08	2.81179e+08	2.57816e+08	1.64381e+08	1.32045e+08	1.4909e+08	1.2585e+08	1.5705e+08	1.62075e+08	2.08384e+08	1.63892e+08	2.37833e+08	2.11608e+08	2.44355e+08	2.32113e+08	2.25004e+08	3.00817e+08	2.84129e+08	2.98678e+08	4.10307e+08	3.11494e+08	2.62356e+08	2.78195e+08	3.00738e+08	2.8669e+08	2.82825e+08	2.62111e+08	2.18498e+08	1.82707e+08	1.89674e+08	1.83371e+08	1.82964e+08	1.83993e+08	2.53308e+08	2.87672e+08	2.60716e+08	3.16079e+08	3.19114e+08	2.57705e+08	2.77618e+08	2.89331e+08	2.60798e+08	2.7739e+08	2.73107e+08	2.72358e+08	1.81926e+08	1.82061e+08	1.45535e+08	1.35946e+08	1.46264e+08	1.37758e+08	1.69249e+08	2.08887e+08	1.86219e+08	2.08801e+08	2.15694e+08	1.6012e+08	1.68049e+08	1.68288e+08	1.71755e+08	1.67148e+08	1.35297e+08	1.90617e+08	1.5135e+08	1.54344e+08	1.56884e+08	1.59744e+08	1.54908e+08	1.61783e+08	1.75113e+08	2.00959e+08	1.86948e+08	1.92794e+08	1.89429e+08	1.74718e+08	1.2068e+08	1.49147e+08	1.53071e+08	1.4962e+08	1.4862e+08	1.69329e+08	1.8449e+08	1.56635e+08	1.60116e+08	1.79749e+08	1.80106e+08	1.613e+08	2.03104e+08	1.92608e+08	2.10052e+08	1.73773e+08	2.00287e+08	1.93674e+08
ERR608649	2.55113e+08	2.60034e+08	3.10515e+08	2.62559e+08	3.11732e+08	2.85408e+08	1.8384e+08	1.47558e+08	1.66495e+08	1.40777e+08	1.75645e+08	1.81232e+08	2.3121e+08	1.81346e+08	2.63856e+08	2.34433e+08	2.71131e+08	2.57463e+08	2.48394e+08	3.33504e+08	3.14425e+08	3.31078e+08	3.11494e+08	4.91058e+08	2.91424e+08	3.08998e+08	3.34324e+08	3.18492e+08	3.14407e+08	2.91257e+08	2.431e+08	2.03053e+08	2.10876e+08	2.03899e+08	2.03322e+08	2.04426e+08	2.80739e+08	3.18841e+08	2.89017e+08	3.50764e+08	3.53748e+08	2.85765e+08	3.07616e+08	3.20721e+08	2.88683e+08	3.07335e+08	3.02738e+08	3.01603e+08	2.03283e+08	2.03514e+08	1.62671e+08	1.51895e+08	1.63465e+08	1.53646e+08	1.89375e+08	2.33788e+08	2.08411e+08	2.33669e+08	2.41484e+08	1.79227e+08	1.88224e+08	1.88455e+08	1.92269e+08	1.87149e+08	1.51324e+08	2.1351e+08	1.69065e+08	1.72209e+08	1.7511e+08	1.78525e+08	1.72905e+08	1.80603e+08	1.96035e+08	2.24825e+08	2.09077e+08	2.15861e+08	2.12225e+08	1.95571e+08	1.34921e+08	1.67062e+08	1.71221e+08	1.67503e+08	1.66389e+08	1.89432e+08	2.06292e+08	1.75028e+08	1.78992e+08	2.00956e+08	2.01334e+08	1.80209e+08	2.27238e+08	2.15275e+08	2.34975e+08	1.94257e+08	2.24018e+08	2.16657e+08
ERR618662	2.32119e+08	2.36802e+08	2.82144e+08	2.3933e+08	2.83781e+08	2.59317e+08	1.69162e+08	1.3574e+08	1.53164e+08	1.29447e+08	1.61653e+08	1.67042e+08	2.18782e+08	1.72529e+08	2.4987e+08	2.22519e+08	2.56299e+08	2.43266e+08	2.08196e+08	2.82485e+08	2.65565e+08	2.80325e+08	2.62356e+08	2.91424e+08	4.30529e+08	3.11359e+08	3.36618e+08	3.21024e+08	3.19239e+08	2.95912e+08	2.1664e+08	1.8089e+08	1.87539e+08	1.82102e+08	1.80821e+08	1.81994e+08	2.63626e+08	2.97955e+08	2.71499e+08	3.27276e+08	3.29784e+08	2.68869e+08	2.86596e+08	2.98752e+08	2.68619e+08	2.86381e+08	2.82035e+08	2.80872e+08	1.88851e+08	1.88962e+08	1.51177e+08	1.40819e+08	1.51899e+08	1.42183e+08	1.77473e+08	2.18997e+08	1.95493e+08	2.18988e+08	2.26253e+08	1.68369e+08	1.73437e+08	1.73699e+08	1.77065e+08	1.7251e+08	1.39053e+08	1.96678e+08	1.56747e+08	1.59728e+08	1.62356e+08	1.65522e+08	1.60099e+08	1.67553e+08	1.82026e+08	2.08134e+08	1.93351e+08	1.99906e+08	1.96808e+08	1.81586e+08	1.23813e+08	1.53744e+08	1.5766e+08	1.54365e+08	1.53239e+08	1.74429e+08	1.94287e+08	1.64651e+08	1.68219e+08	1.89008e+08	1.89371e+08	1.6965e+08	2.1012e+08	1.98922e+08	2.16825e+08	1.79092e+08	2.072e+08	2.00439e+08
ERR618658	2.45291e+08	2.49918e+08	2.99547e+08	2.52443e+08	3.0023e+08	2.74829e+08	1.81814e+08	1.46085e+08	1.65045e+08	1.3915e+08	1.7373e+08	1.79246e+08	2.31771e+08	1.83632e+08	2.63943e+08	2.35661e+08	2.70906e+08	2.57567e+08	2.22023e+08	2.98853e+08	2.81611e+08	2.96669e+08	2.78195e+08	3.08998e+08	3.11359e+08	4.74403e+08	3.57384e+08	3.41004e+08	3.35696e+08	3.11022e+08	2.29734e+08	1.91787e+08	1.98966e+08	1.92551e+08	1.92012e+08	1.92984e+08	2.78089e+08	3.15197e+08	2.85894e+08	3.45606e+08	3.4929e+08	2.82942e+08	3.03672e+08	3.1643e+08	2.85015e+08	3.03291e+08	2.98736e+08	2.98108e+08	2.00777e+08	2.01079e+08	1.60731e+08	1.5027e+08	1.61444e+08	1.52727e+08	1.86328e+08	2.30449e+08	2.05157e+08	2.30323e+08	2.37989e+08	1.76147e+08	1.84597e+08	1.84929e+08	1.88949e+08	1.83622e+08	1.49072e+08	2.09591e+08	1.67576e+08	1.70868e+08	1.7384e+08	1.76904e+08	1.71775e+08	1.78995e+08	1.93028e+08	2.21926e+08	2.06607e+08	2.13002e+08	2.09101e+08	1.92587e+08	1.33062e+08	1.64045e+08	1.68429e+08	1.64592e+08	1.63483e+08	1.86211e+08	2.02373e+08	1.71876e+08	1.75675e+08	1.9731e+08	1.97578e+08	1.76942e+08	2.24417e+08	2.13229e+08	2.3245e+08	1.92361e+08	2.21297e+08	2.14078e+08
ERR618657	2.65392e+08	2.70453e+08	3.2385e+08	2.73201e+08	3.25047e+08	2.97068e+08	1.97173e+08	1.58232e+08	1.7887e+08	1.50857e+08	1.88462e+08	1.9438e+08	2.50419e+08	1.97772e+08	2.85578e+08	2.54636e+08	2.93248e+08	2.7848e+08	2.39489e+08	3.23393e+08	3.04598e+08	3.21211e+08	3.00738e+08	3.34324e+08	3.36618e+08	3.57384e+08	5.41754e+08	3.68352e+08	3.62874e+08	3.36013e+08	2.49755e+08	2.08683e+08	2.16463e+08	2.09763e+08	2.08894e+08	2.09953e+08	2.99977e+08	3.40181e+08	3.08838e+08	3.73455e+08	3.77001e+08	3.05516e+08	3.27458e+08	3.41519e+08	3.07392e+08	3.27327e+08	3.22394e+08	3.21361e+08	2.18295e+08	2.18385e+08	1.74733e+08	1.63263e+08	1.75473e+08	1.65371e+08	2.03433e+08	2.50938e+08	2.23871e+08	2.50997e+08	2.59287e+08	1.92244e+08	2.00636e+08	2.01046e+08	2.05068e+08	1.99525e+08	1.61688e+08	2.27655e+08	1.81816e+08	1.85432e+08	1.88611e+08	1.92009e+08	1.86312e+08	1.94353e+08	2.1005e+08	2.41201e+08	2.24381e+08	2.31355e+08	2.27314e+08	2.09492e+08	1.44218e+08	1.78214e+08	1.82896e+08	1.78736e+08	1.77555e+08	2.02191e+08	2.2105e+08	1.87641e+08	1.91802e+08	2.15482e+08	2.15755e+08	1.93148e+08	2.43763e+08	2.31221e+08	2.52316e+08	2.08547e+08	2.40329e+08	2.32502e+08
ERR618659	2.5314e+08	2.58009e+08	3.08774e+08	2.60735e+08	3.09876e+08	2.83521e+08	1.86985e+08	1.50087e+08	1.69668e+08	1.43038e+08	1.78687e+08	1.84446e+08	2.39152e+08	1.89049e+08	2.72459e+08	2.43049e+08	2.79719e+08	2.65576e+08	2.28458e+08	3.083e+08	2.90283e+08	3.05948e+08	2.8669e+08	3.18492e+08	3.21024e+08	3.41004e+08	3.68352e+08	4.98682e+08	3.46253e+08	3.20681e+08	2.37134e+08	1.98128e+08	2.05378e+08	1.99053e+08	1.98126e+08	1.99358e+08	2.86709e+08	3.24916e+08	2.95036e+08	3.56623e+08	3.60012e+08	2.91974e+08	3.12748e+08	3.25898e+08	2.93412e+08	3.12402e+08	3.07628e+08	3.06783e+08	2.07146e+08	2.07265e+08	1.6564e+08	1.54774e+08	1.66521e+08	1.57071e+08	1.92986e+08	2.38279e+08	2.12243e+08	2.38421e+08	2.46199e+08	1.82443e+08	1.90415e+08	1.90559e+08	1.94629e+08	1.89321e+08	1.53252e+08	2.15887e+08	1.72654e+08	1.75978e+08	1.79097e+08	1.8233e+08	1.76778e+08	1.84532e+08	1.9917e+08	2.28628e+08	2.12818e+08	2.19502e+08	2.15649e+08	1.98725e+08	1.36759e+08	1.69118e+08	1.73383e+08	1.69519e+08	1.68336e+08	1.9183e+08	2.10017e+08	1.78313e+08	1.82256e+08	2.04551e+08	2.04948e+08	1.83592e+08	2.3122e+08	2.19368e+08	2.3926e+08	1.97927e+08	2.27901e+08	2.20531e+08
ERR618660	2.50098e+08	2.5519e+08	3.0439e+08	2.57881e+08	3.06088e+08	2.79603e+08	1.83627e+08	1.47273e+08	1.66178e+08	1.40604e+08	1.75482e+08	1.8109e+08	2.35983e+08	1.85945e+08	2.69439e+08	2.39823e+08	2.76307e+08	2.62222e+08	2.24356e+08	3.04551e+08	2.86508e+08	3.02214e+08	2.82825e+08	3.14407e+08	3.19239e+08	3.35696e+08	3.62874e+08	3.46253e+08	4.89517e+08	3.1861e+08	2.34392e+08	1.95729e+08	2.02987e+08	1.96911e+08	1.95709e+08	1.9699e+08	2.83686e+08	3.20992e+08	2.92396e+08	3.5267e+08	3.55496e+08	2.89214e+08	3.08542e+08	3.21549e+08	2.89117e+08	3.08446e+08	3.03575e+08	3.02366e+08	2.04741e+08	2.04866e+08	1.63918e+08	1.52697e+08	1.64618e+08	1.54301e+08	1.92105e+08	2.37015e+08	2.11459e+08	2.37188e+08	2.44955e+08	1.82174e+08	1.88178e+08	1.88391e+08	1.92109e+08	1.86999e+08	1.50911e+08	2.13228e+08	1.69855e+08	1.73088e+08	1.7607e+08	1.79471e+08	1.73516e+08	1.8164e+08	1.97279e+08	2.25784e+08	2.09881e+08	2.16731e+08	2.13491e+08	1.96943e+08	1.34464e+08	1.66958e+08	1.71043e+08	1.67394e+08	1.66195e+08	1.89278e+08	2.09977e+08	1.77934e+08	1.81903e+08	2.04319e+08	2.04685e+08	1.83406e+08	2.27878e+08	2.15894e+08	2.35429e+08	1.94319e+08	2.24736e+08	2.17445e+08
ERR618661	2.32112e+08	2.36773e+08	2.82011e+08	2.39357e+08	2.83701e+08	2.59207e+08	1.69239e+08	1.35795e+08	1.53228e+08	1.29635e+08	1.61847e+08	1.67069e+08	2.18788e+08	1.72523e+08	2.49894e+08	2.22414e+08	2.56371e+08	2.43244e+08	2.08004e+08	2.82349e+08	2.65462e+08	2.80036e+08	2.62111e+08	2.91257e+08	2.95912e+08	3.11022e+08	3.36013e+08	3.20681e+08	3.1861e+08	4.29617e+08	2.16888e+08	1.81137e+08	1.87724e+08	1.82226e+08	1.81178e+08	1.82234e+08	2.63247e+08	2.97495e+08	2.7109e+08	3.26768e+08	3.29236e+08	2.68367e+08	2.86041e+08	2.98136e+08	2.68301e+08	2.85806e+08	2.81472e+08	2.80321e+08	1.89019e+08	1.89248e+08	1.51388e+08	1.40934e+08	1.52037e+08	1.4238e+08	1.77676e+08	2.19003e+08	1.95472e+08	2.19244e+08	2.26405e+08	1.68558e+08	1.7362e+08	1.73828e+08	1.77219e+08	1.72643e+08	1.39115e+08	1.96752e+08	1.56873e+08	1.59942e+08	1.62611e+08	1.65793e+08	1.60346e+08	1.67682e+08	1.82136e+08	2.0841e+08	1.93643e+08	2.0001e+08	1.97037e+08	1.81793e+08	1.24008e+08	1.54032e+08	1.57786e+08	1.54462e+08	1.53428e+08	1.74624e+08	1.94369e+08	1.647e+08	1.68303e+08	1.89013e+08	1.89401e+08	1.69701e+08	2.10468e+08	1.99208e+08	2.17231e+08	1.79363e+08	2.07496e+08	2.00868e+08
ERR631209	1.92651e+08	1.96907e+08	2.3561e+08	1.98953e+08	2.36862e+08	2.15934e+08	2.44546e+08	1.97095e+08	2.21357e+08	1.88258e+08	2.33836e+08	2.41816e+08	1.77008e+08	1.37276e+08	2.03469e+08	1.79459e+08	2.09146e+08	1.98082e+08	1.72375e+08	2.35123e+08	2.20639e+08	2.33394e+08	2.18498e+08	2.431e+08	2.1664e+08	2.29734e+08	2.49755e+08	2.37134e+08	2.34392e+08	2.16888e+08	5.27504e+08	3.17079e+08	3.27626e+08	3.19092e+08	3.16527e+08	3.18848e+08	2.06632e+08	2.35775e+08	2.13163e+08	2.60771e+08	2.62713e+08	2.10714e+08	2.25535e+08	2.3597e+08	2.11344e+08	2.2542e+08	2.22008e+08	2.2122e+08	2.82207e+08	2.82826e+08	2.27361e+08	2.1191e+08	2.28296e+08	2.14037e+08	2.54876e+08	3.12127e+08	2.80211e+08	3.12582e+08	3.22695e+08	2.42579e+08	2.53804e+08	2.54245e+08	2.58113e+08	2.52382e+08	2.0399e+08	2.86004e+08	2.32463e+08	2.36359e+08	2.40174e+08	2.4483e+08	2.36494e+08	2.48067e+08	2.85639e+08	3.24313e+08	3.02002e+08	3.11449e+08	3.08043e+08	2.84966e+08	1.88035e+08	2.32426e+08	2.37821e+08	2.3327e+08	2.31315e+08	2.62591e+08	2.95797e+08	2.51469e+08	2.56542e+08	2.87792e+08	2.88837e+08	2.58763e+08	3.12525e+08	2.9523e+08	3.21932e+08	2.66536e+08	3.08099e+08	2.98504e+08
ERR631212	1.61e+08	1.64618e+08	1.96898e+08	1.66132e+08	1.97867e+08	1.80432e+08	2.05201e+08	1.65332e+08	1.85669e+08	1.57978e+08	1.9613e+08	2.02859e+08	1.47844e+08	1.14766e+08	1.69778e+08	1.49881e+08	1.74537e+08	1.65419e+08	1.442e+08	1.96462e+08	1.84428e+08	1.95163e+08	1.82707e+08	2.03053e+08	1.8089e+08	1.91787e+08	2.08683e+08	1.98128e+08	1.95729e+08	1.81137e+08	3.17079e+08	3.92787e+08	2.76382e+08	2.69387e+08	2.68177e+08	2.70013e+08	1.72605e+08	1.96846e+08	1.78039e+08	2.1783e+08	2.19503e+08	1.75991e+08	1.88489e+08	1.97047e+08	1.76544e+08	1.88142e+08	1.85417e+08	1.84787e+08	2.36544e+08	2.37113e+08	1.90766e+08	1.78008e+08	1.91511e+08	1.7982e+08	2.14626e+08	2.62206e+08	2.3547e+08	2.62632e+08	2.71219e+08	2.04246e+08	2.12621e+08	2.13048e+08	2.16145e+08	2.11442e+08	1.7107e+08	2.39299e+08	1.95889e+08	1.99204e+08	2.02662e+08	2.06347e+08	1.99302e+08	2.08998e+08	2.39764e+08	2.7217e+08	2.5363e+08	2.61394e+08	2.58413e+08	2.39151e+08	1.57851e+08	1.94809e+08	1.9941e+08	1.95544e+08	1.94033e+08	2.20227e+08	2.48911e+08	2.11611e+08	2.15882e+08	2.42266e+08	2.42937e+08	2.17785e+08	2.62009e+08	2.47693e+08	2.69808e+08	2.23822e+08	2.58411e+08	2.50447e+08
ERR631207	1.6707e+08	1.70849e+08	2.04286e+08	1.7247e+08	2.05323e+08	1.87171e+08	2.11946e+08	1.71003e+08	1.91853e+08	1.6328e+08	2.02762e+08	2.09535e+08	1.53537e+08	1.19043e+08	1.76324e+08	1.55584e+08	1.81289e+08	1.71584e+08	1.49746e+08	2.03926e+08	1.91491e+08	2.02557e+08	1.89674e+08	2.10876e+08	1.87539e+08	1.98966e+08	2.16463e+08	2.05378e+08	2.02987e+08	1.87724e+08	3.27626e+08	2.76382e+08	4.15766e+08	2.78303e+08	2.76136e+08	2.77998e+08	1.79078e+08	2.04428e+08	1.84673e+08	2.25854e+08	2.2783e+08	1.8256e+08	1.95529e+08	2.04555e+08	1.83373e+08	1.95443e+08	1.92494e+08	1.91852e+08	2.44595e+08	2.45103e+08	1.97206e+08	1.83847e+08	1.97999e+08	1.85859e+08	2.21567e+08	2.70875e+08	2.43185e+08	2.71174e+08	2.80008e+08	2.10651e+08	2.19787e+08	2.20057e+08	2.23503e+08	2.18487e+08	1.7686e+08	2.47378e+08	2.02332e+08	2.0574e+08	2.09251e+08	2.13e+08	2.05833e+08	2.15836e+08	2.4773e+08	2.81043e+08	2.6193e+08	2.69939e+08	2.6681e+08	2.46917e+08	1.6322e+08	2.01516e+08	2.06102e+08	2.02198e+08	2.0046e+08	2.27675e+08	2.56771e+08	2.18277e+08	2.22741e+08	2.49956e+08	2.50918e+08	2.24641e+08	2.71006e+08	2.56118e+08	2.7934e+08	2.31525e+08	2.67341e+08	2.5916e+08
