	ERR630057	ERR630056	ERR630054	ERR630055	ERR630058	ERR630059	ERR607315	ERR607313	ERR607314	ERR607316	ERR607312	ERR607311	ERR613247	ERR613250	ERR613248	ERR613249	ERR613246	ERR613245	ERR613974	ERR613977	ERR613972	ERR613975	ERR613973	ERR613976	ERR637113	ERR637116	ERR637115	ERR637114	ERR637111	ERR637112	ERR636667	ERR636669	ERR636668	ERR636672	ERR636670	ERR636671	ERR637000	ERR636999	ERR636997	ERR636998	ERR637001	ERR637002	ERR626766	ERR626765	ERR626769	ERR626770	ERR626768	ERR626767	ERR613773	ERR613774	ERR613775	ERR613771	ERR613770	ERR613772	ERR608700	ERR608696	ERR608699	ERR608697	ERR608695	ERR608698	ERR616623	ERR616624	ERR616622	ERR616627	ERR616625	ERR616626	ERR638283	ERR638279	ERR638284	ERR638280	ERR638281	ERR638282	ERR616507	ERR616505	ERR616506	ERR616509	ERR616508	ERR616504	ERR614902	ERR614901	ERR614904	ERR614905	ERR614906	ERR614903	ERR608755	ERR608752	ERR608753	ERR608754	ERR608751	ERR608756	ERR618224	ERR618221	ERR618220	ERR618222	ERR618223	ERR618219
ERR630057	2.67277e+08	1.96138e+08	2.07955e+08	1.78618e+08	1.97538e+08	2.08106e+08	1.09006e+08	1.39201e+08	1.05008e+08	1.12274e+08	1.3788e+08	1.25907e+08	1.69732e+08	1.1976e+08	1.11982e+08	1.20113e+08	1.79807e+08	1.94874e+08	1.14402e+08	1.50968e+08	1.48447e+08	1.28362e+08	1.32013e+08	1.28635e+08	1.54151e+08	1.55338e+08	1.5741e+08	1.5675e+08	1.47269e+08	1.6434e+08	1.53252e+08	1.72388e+08	1.7348e+08	1.44154e+08	1.47117e+08	1.43054e+08	1.19604e+08	1.18809e+08	1.12391e+08	1.27051e+08	1.1999e+08	1.1793e+08	1.83671e+08	1.95013e+08	1.76937e+08	1.74218e+08	1.75385e+08	1.85134e+08	1.5949e+08	1.60508e+08	1.59957e+08	1.62643e+08	1.8107e+08	1.29182e+08	1.66794e+08	1.6753e+08	1.66778e+08	1.79098e+08	1.14389e+08	1.66884e+08	1.52285e+08	1.37948e+08	1.48089e+08	1.82667e+08	1.83342e+08	1.82595e+08	1.87e+08	1.33676e+08	1.76695e+08	1.37615e+08	1.29639e+08	1.86946e+08	2.10003e+08	1.02231e+08	1.67992e+08	2.06761e+08	2.1095e+08	1.67178e+08	1.64975e+08	1.59413e+08	2.02804e+08	2.00664e+08	2.01967e+08	1.59635e+08	1.53761e+08	1.99445e+08	2.1366e+08	1.498e+08	1.39463e+08	1.45166e+08	1.52013e+08	1.51878e+08	1.44652e+08	1.56355e+08	1.48521e+08	1.46362e+08
ERR630056	1.96138e+08	3.59779e+08	2.50479e+08	2.14349e+08	2.34451e+08	2.46927e+08	1.32129e+08	1.67607e+08	1.26921e+08	1.36204e+08	1.66842e+08	1.51884e+08	2.06104e+08	1.45054e+08	1.35224e+08	1.45414e+08	2.18449e+08	2.37849e+08	1.37617e+08	1.82514e+08	1.79602e+08	1.55566e+08	1.595e+08	1.55989e+08	1.86244e+08	1.88212e+08	1.90751e+08	1.90087e+08	1.78047e+08	1.99247e+08	1.85431e+08	2.08205e+08	2.10494e+08	1.73763e+08	1.77357e+08	1.72693e+08	1.44635e+08	1.4349e+08	1.35695e+08	1.53942e+08	1.45139e+08	1.4272e+08	2.20879e+08	2.35199e+08	2.1348e+08	2.10259e+08	2.11589e+08	2.22932e+08	1.93533e+08	1.94642e+08	1.93895e+08	1.96768e+08	2.19603e+08	1.55038e+08	2.02351e+08	2.03042e+08	2.02369e+08	2.17891e+08	1.37013e+08	2.02676e+08	1.83599e+08	1.66585e+08	1.78524e+08	2.19804e+08	2.20735e+08	2.19623e+08	2.25243e+08	1.60311e+08	2.11598e+08	1.65372e+08	1.55968e+08	2.24914e+08	2.51931e+08	1.23043e+08	2.02434e+08	2.4818e+08	2.53421e+08	2.01314e+08	1.9915e+08	1.92011e+08	2.45335e+08	2.42675e+08	2.44674e+08	1.9298e+08	1.84742e+08	2.39585e+08	2.57625e+08	1.80099e+08	1.65706e+08	1.74381e+08	1.82379e+08	1.82943e+08	1.73874e+08	1.88045e+08	1.78473e+08	1.75356e+08
ERR630054	2.07955e+08	2.50479e+08	3.96536e+08	2.27624e+08	2.48809e+08	2.62086e+08	1.40337e+08	1.77925e+08	1.34818e+08	1.44538e+08	1.77207e+08	1.6134e+08	2.18594e+08	1.5381e+08	1.43317e+08	1.54135e+08	2.31707e+08	2.52344e+08	1.4591e+08	1.93644e+08	1.90459e+08	1.65024e+08	1.69166e+08	1.65452e+08	1.97766e+08	1.9969e+08	2.02515e+08	2.01733e+08	1.89054e+08	2.11496e+08	1.96949e+08	2.21254e+08	2.23521e+08	1.84485e+08	1.88243e+08	1.83377e+08	1.53593e+08	1.52328e+08	1.44073e+08	1.63333e+08	1.54023e+08	1.51429e+08	2.34561e+08	2.4965e+08	2.26779e+08	2.23505e+08	2.24733e+08	2.36621e+08	2.05213e+08	2.06418e+08	2.05655e+08	2.08773e+08	2.33036e+08	1.64243e+08	2.14456e+08	2.15282e+08	2.14667e+08	2.30831e+08	1.45113e+08	2.14834e+08	1.94629e+08	1.7665e+08	1.89326e+08	2.33302e+08	2.3397e+08	2.32957e+08	2.38607e+08	1.69828e+08	2.24088e+08	1.75017e+08	1.6514e+08	2.38282e+08	2.67164e+08	1.30326e+08	2.14548e+08	2.62956e+08	2.68702e+08	2.13322e+08	2.10946e+08	2.03501e+08	2.60126e+08	2.57427e+08	2.59305e+08	2.04526e+08	1.958e+08	2.53903e+08	2.73245e+08	1.90857e+08	1.7545e+08	1.84572e+08	1.93321e+08	1.93712e+08	1.84238e+08	1.99362e+08	1.89275e+08	1.85913e+08
ERR630055	1.78618e+08	2.14349e+08	2.27624e+08	3.06156e+08	2.13573e+08	2.25027e+08	1.19585e+08	1.52067e+08	1.15076e+08	1.23294e+08	1.51205e+08	1.37726e+08	1.86484e+08	1.31212e+08	1.22461e+08	1.31559e+08	1.97375e+08	2.1474e+08	1.24763e+08	1.65323e+08	1.6264e+08	1.40747e+08	1.44403e+08	1.41101e+08	1.68662e+08	1.7025e+08	1.72483e+08	1.71978e+08	1.61134e+08	1.80208e+08	1.67809e+08	1.88504e+08	1.90292e+08	1.57396e+08	1.60626e+08	1.56397e+08	1.30819e+08	1.29987e+08	1.22856e+08	1.39178e+08	1.31291e+08	1.29092e+08	2.00241e+08	2.12958e+08	1.93435e+08	1.90451e+08	1.91625e+08	2.01915e+08	1.75107e+08	1.76211e+08	1.75531e+08	1.78359e+08	1.9879e+08	1.4079e+08	1.83137e+08	1.839e+08	1.83284e+08	1.97e+08	1.24508e+08	1.83311e+08	1.6666e+08	1.51086e+08	1.62022e+08	1.9975e+08	2.00322e+08	1.99481e+08	2.04192e+08	1.45582e+08	1.92161e+08	1.50123e+08	1.41435e+08	2.03851e+08	2.28692e+08	1.11572e+08	1.83496e+08	2.25231e+08	2.29914e+08	1.82416e+08	1.80368e+08	1.74037e+08	2.22253e+08	2.19756e+08	2.21479e+08	1.7487e+08	1.67641e+08	2.17316e+08	2.33361e+08	1.6336e+08	1.50588e+08	1.58117e+08	1.6563e+08	1.65883e+08	1.57775e+08	1.70619e+08	1.62026e+08	1.59286e+08
ERR630058	1.97538e+08	2.34451e+08	2.48809e+08	2.13573e+08	3.58358e+08	2.48709e+08	1.31007e+08	1.67221e+08	1.26168e+08	1.34887e+08	1.65671e+08	1.51313e+08	2.03776e+08	1.43645e+08	1.34195e+08	1.44095e+08	2.15697e+08	2.3416e+08	1.37084e+08	1.81156e+08	1.78121e+08	1.53965e+08	1.58403e+08	1.54428e+08	1.85176e+08	1.86735e+08	1.89233e+08	1.8839e+08	1.7693e+08	1.97552e+08	1.84086e+08	2.07063e+08	2.08576e+08	1.73102e+08	1.76459e+08	1.71939e+08	1.43721e+08	1.42913e+08	1.35006e+08	1.52808e+08	1.44251e+08	1.41769e+08	2.20545e+08	2.34456e+08	2.12604e+08	2.09484e+08	2.10695e+08	2.22381e+08	1.91072e+08	1.9213e+08	1.91499e+08	1.94644e+08	2.17018e+08	1.54383e+08	1.9966e+08	2.00798e+08	1.99885e+08	2.14631e+08	1.36737e+08	1.999e+08	1.82392e+08	1.65243e+08	1.77397e+08	2.18875e+08	2.19592e+08	2.18619e+08	2.24033e+08	1.59846e+08	2.11679e+08	1.64701e+08	1.55187e+08	2.23807e+08	2.51444e+08	1.22128e+08	2.01027e+08	2.47431e+08	2.52588e+08	2.00002e+08	1.97426e+08	1.90582e+08	2.42869e+08	2.40269e+08	2.42113e+08	1.91118e+08	1.83765e+08	2.38733e+08	2.55924e+08	1.79183e+08	1.66435e+08	1.73572e+08	1.81825e+08	1.81755e+08	1.72963e+08	1.87075e+08	1.77781e+08	1.75098e+08
ERR630059	2.08106e+08	2.46927e+08	2.62086e+08	2.25027e+08	2.48709e+08	3.90329e+08	1.38173e+08	1.76376e+08	1.33087e+08	1.42412e+08	1.74811e+08	1.5949e+08	2.14949e+08	1.51461e+08	1.41521e+08	1.51923e+08	2.27434e+08	2.46948e+08	1.44718e+08	1.91084e+08	1.8808e+08	1.6259e+08	1.6707e+08	1.62992e+08	1.954e+08	1.96995e+08	1.99682e+08	1.98833e+08	1.86705e+08	2.08388e+08	1.94323e+08	2.18502e+08	2.19947e+08	1.82623e+08	1.86272e+08	1.81536e+08	1.51182e+08	1.50341e+08	1.42072e+08	1.6087e+08	1.51749e+08	1.4918e+08	2.32507e+08	2.47257e+08	2.24164e+08	2.20812e+08	2.22317e+08	2.34442e+08	2.00939e+08	2.02294e+08	2.01413e+08	2.04799e+08	2.28241e+08	1.62345e+08	2.10355e+08	2.11244e+08	2.10464e+08	2.25966e+08	1.43743e+08	2.10561e+08	1.92237e+08	1.73994e+08	1.86835e+08	2.30593e+08	2.31298e+08	2.30443e+08	2.35651e+08	1.68058e+08	2.22438e+08	1.7316e+08	1.63175e+08	2.35466e+08	2.6432e+08	1.28312e+08	2.1141e+08	2.60251e+08	2.65686e+08	2.10322e+08	2.07674e+08	2.0065e+08	2.55582e+08	2.52884e+08	2.54807e+08	2.00972e+08	1.93292e+08	2.50991e+08	2.69192e+08	1.88356e+08	1.74928e+08	1.82408e+08	1.9126e+08	1.91113e+08	1.81877e+08	1.96681e+08	1.86958e+08	1.84105e+08
ERR607315	1.09006e+08	1.32129e+08	1.40337e+08	1.19585e+08	1.31007e+08	1.38173e+08	2.88503e+08	2.2805e+08	1.82096e+08	1.93966e+08	2.28593e+08	2.10059e+08	2.07178e+08	1.49069e+08	1.39522e+08	1.49037e+08	2.18977e+08	2.38651e+08	1.48474e+08	1.94939e+08	1.9213e+08	1.69303e+08	1.72078e+08	1.69872e+08	1.92944e+08	1.96075e+08	1.97866e+08	1.97007e+08	1.84654e+08	2.05773e+08	2.0389e+08	2.26091e+08	2.29174e+08	1.91168e+08	1.94924e+08	1.89779e+08	1.68435e+08	1.66651e+08	1.58667e+08	1.77832e+08	1.69152e+08	1.66391e+08	2.42188e+08	2.56015e+08	2.36037e+08	2.33201e+08	2.33823e+08	2.44885e+08	1.2159e+08	1.22328e+08	1.21697e+08	1.23334e+08	1.38331e+08	9.56654e+07	1.37484e+08	1.37895e+08	1.37761e+08	1.48808e+08	9.12892e+07	1.38013e+08	1.23261e+08	1.11778e+08	1.19523e+08	1.47408e+08	1.47946e+08	1.47051e+08	1.4686e+08	1.0353e+08	1.36488e+08	1.06782e+08	1.00451e+08	1.46557e+08	1.58876e+08	7.77582e+07	1.28393e+08	1.56313e+08	1.60151e+08	1.27533e+08	1.30226e+08	1.25344e+08	1.61993e+08	1.60237e+08	1.61573e+08	1.26096e+08	1.23087e+08	1.59541e+08	1.72383e+08	1.19777e+08	1.0901e+08	1.15753e+08	1.15579e+08	1.16345e+08	1.10407e+08	1.19675e+08	1.13262e+08	1.10743e+08
ERR607313	1.39201e+08	1.67607e+08	1.77925e+08	1.52067e+08	1.67221e+08	1.76376e+08	2.2805e+08	4.06335e+08	2.20107e+08	2.34465e+08	2.79832e+08	2.57125e+08	2.56034e+08	1.83653e+08	1.71811e+08	1.83605e+08	2.70546e+08	2.9426e+08	1.83227e+08	2.40258e+08	2.3663e+08	2.07816e+08	2.11721e+08	2.08517e+08	2.3835e+08	2.4167e+08	2.44043e+08	2.42988e+08	2.27986e+08	2.53958e+08	2.51137e+08	2.79467e+08	2.82248e+08	2.35752e+08	2.40274e+08	2.33942e+08	2.06815e+08	2.04788e+08	1.94753e+08	2.18296e+08	2.07652e+08	2.04062e+08	3.01027e+08	3.18396e+08	2.92745e+08	2.88908e+08	2.90041e+08	3.0424e+08	1.52238e+08	1.53214e+08	1.52516e+08	1.54739e+08	1.73519e+08	1.20738e+08	1.71927e+08	1.72715e+08	1.72093e+08	1.8578e+08	1.151e+08	1.72578e+08	1.54551e+08	1.40024e+08	1.49911e+08	1.85347e+08	1.85948e+08	1.84948e+08	1.84962e+08	1.30491e+08	1.72593e+08	1.34526e+08	1.26592e+08	1.84469e+08	2.00017e+08	9.70924e+07	1.60936e+08	1.96814e+08	2.01551e+08	1.59693e+08	1.63978e+08	1.57862e+08	2.03551e+08	2.01347e+08	2.02867e+08	1.58692e+08	1.54692e+08	2.00797e+08	2.16613e+08	1.50409e+08	1.38034e+08	1.45616e+08	1.45711e+08	1.46434e+08	1.391e+08	1.50689e+08	1.42727e+08	1.39943e+08
ERR607314	1.05008e+08	1.26921e+08	1.34818e+08	1.15076e+08	1.26168e+08	1.33087e+08	1.82096e+08	2.20107e+08	2.71351e+08	1.87076e+08	2.20321e+08	2.02824e+08	1.99201e+08	1.43583e+08	1.34263e+08	1.43405e+08	2.10474e+08	2.28938e+08	1.43024e+08	1.87294e+08	1.84565e+08	1.62629e+08	1.65394e+08	1.63115e+08	1.85736e+08	1.88659e+08	1.90183e+08	1.89441e+08	1.77676e+08	1.97765e+08	1.96235e+08	2.17691e+08	2.20365e+08	1.84162e+08	1.87645e+08	1.82736e+08	1.62586e+08	1.60798e+08	1.53228e+08	1.71466e+08	1.63217e+08	1.60613e+08	2.33454e+08	2.46923e+08	2.27304e+08	2.24767e+08	2.25455e+08	2.35997e+08	1.16559e+08	1.17211e+08	1.16676e+08	1.18257e+08	1.32641e+08	9.18737e+07	1.31774e+08	1.32258e+08	1.3205e+08	1.42478e+08	8.77481e+07	1.32268e+08	1.18045e+08	1.07106e+08	1.14495e+08	1.41496e+08	1.41942e+08	1.41204e+08	1.4092e+08	9.93072e+07	1.31244e+08	1.02425e+08	9.64257e+07	1.40657e+08	1.52457e+08	7.43355e+07	1.22948e+08	1.49986e+08	1.53808e+08	1.22112e+08	1.24883e+08	1.20321e+08	1.55444e+08	1.53753e+08	1.54924e+08	1.21029e+08	1.1828e+08	1.53393e+08	1.65682e+08	1.15124e+08	1.05057e+08	1.11401e+08	1.10918e+08	1.11671e+08	1.0599e+08	1.148e+08	1.08733e+08	1.06429e+08
ERR607316	1.12274e+08	1.36204e+08	1.44538e+08	1.23294e+08	1.34887e+08	1.42412e+08	1.93966e+08	2.34465e+08	1.87076e+08	3.02376e+08	2.35002e+08	2.16071e+08	2.13441e+08	1.53342e+08	1.43446e+08	1.53276e+08	2.25452e+08	2.45617e+08	1.52666e+08	2.00468e+08	1.97619e+08	1.74077e+08	1.76937e+08	1.74617e+08	1.98262e+08	2.01402e+08	2.03414e+08	2.02448e+08	1.89783e+08	2.11542e+08	2.09665e+08	2.32755e+08	2.35634e+08	1.96607e+08	2.00375e+08	1.95068e+08	1.73446e+08	1.71498e+08	1.63192e+08	1.83043e+08	1.74177e+08	1.71227e+08	2.49192e+08	2.63747e+08	2.4287e+08	2.40082e+08	2.40679e+08	2.52032e+08	1.25552e+08	1.26295e+08	1.25629e+08	1.2727e+08	1.42854e+08	9.87045e+07	1.41817e+08	1.42224e+08	1.41846e+08	1.53483e+08	9.41252e+07	1.4231e+08	1.269e+08	1.1514e+08	1.23012e+08	1.51875e+08	1.52287e+08	1.51343e+08	1.51557e+08	1.06758e+08	1.40815e+08	1.1019e+08	1.03627e+08	1.5118e+08	1.63743e+08	8.01024e+07	1.32442e+08	1.61287e+08	1.65278e+08	1.31537e+08	1.34377e+08	1.29343e+08	1.67191e+08	1.6551e+08	1.66697e+08	1.30181e+08	1.27093e+08	1.64675e+08	1.78051e+08	1.23537e+08	1.12491e+08	1.19602e+08	1.19224e+08	1.20059e+08	1.13898e+08	1.23589e+08	1.16839e+08	1.14341e+08
ERR607312	1.3788e+08	1.66842e+08	1.77207e+08	1.51205e+08	1.65671e+08	1.74811e+08	2.28593e+08	2.79832e+08	2.20321e+08	2.35002e+08	4.05954e+08	2.57231e+08	2.56306e+08	1.83661e+08	1.71638e+08	1.83647e+08	2.70889e+08	2.95242e+08	1.82767e+08	2.40381e+08	2.36778e+08	2.08061e+08	2.1169e+08	2.08778e+08	2.37816e+08	2.41516e+08	2.43867e+08	2.42851e+08	2.27657e+08	2.53793e+08	2.51104e+08	2.7901e+08	2.82566e+08	2.35355e+08	2.39921e+08	2.33601e+08	2.06506e+08	2.04365e+08	1.94358e+08	2.18221e+08	2.074e+08	2.03885e+08	2.99843e+08	3.17254e+08	2.91692e+08	2.88085e+08	2.89118e+08	3.02995e+08	1.52749e+08	1.53557e+08	1.52782e+08	1.54862e+08	1.73917e+08	1.20435e+08	1.72268e+08	1.72851e+08	1.72527e+08	1.86345e+08	1.14641e+08	1.72933e+08	1.54481e+08	1.40107e+08	1.49805e+08	1.85115e+08	1.85546e+08	1.84566e+08	1.84542e+08	1.30056e+08	1.71822e+08	1.34195e+08	1.26202e+08	1.84213e+08	1.995e+08	9.71391e+07	1.60855e+08	1.96256e+08	2.012e+08	1.59798e+08	1.63726e+08	1.576e+08	2.03621e+08	2.01426e+08	2.02946e+08	1.58532e+08	1.54346e+08	2.00158e+08	2.16277e+08	1.50209e+08	1.36995e+08	1.45282e+08	1.45259e+08	1.46246e+08	1.3883e+08	1.50394e+08	1.42451e+08	1.39392e+08
ERR607311	1.25907e+08	1.51884e+08	1.6134e+08	1.37726e+08	1.51313e+08	1.5949e+08	2.10059e+08	2.57125e+08	2.02824e+08	2.16071e+08	2.57231e+08	3.50304e+08	2.33976e+08	1.68005e+08	1.57243e+08	1.67934e+08	2.47175e+08	2.68817e+08	1.67655e+08	2.19746e+08	2.1641e+08	1.90224e+08	1.93629e+08	1.90923e+08	2.17803e+08	2.21116e+08	2.23233e+08	2.22187e+08	2.08456e+08	2.32081e+08	2.29825e+08	2.55522e+08	2.58377e+08	2.15792e+08	2.20072e+08	2.14177e+08	1.89388e+08	1.87632e+08	1.78494e+08	1.99942e+08	1.90213e+08	1.87094e+08	2.7461e+08	2.90397e+08	2.67235e+08	2.63771e+08	2.6475e+08	2.77534e+08	1.3834e+08	1.39032e+08	1.38398e+08	1.40459e+08	1.57392e+08	1.09444e+08	1.56266e+08	1.56927e+08	1.56469e+08	1.6893e+08	1.04417e+08	1.56895e+08	1.40447e+08	1.27261e+08	1.36225e+08	1.68362e+08	1.68803e+08	1.67868e+08	1.67743e+08	1.18361e+08	1.56385e+08	1.22018e+08	1.14745e+08	1.67432e+08	1.81431e+08	8.82018e+07	1.46009e+08	1.78561e+08	1.82789e+08	1.4511e+08	1.48576e+08	1.43168e+08	1.84585e+08	1.82743e+08	1.84127e+08	1.43907e+08	1.40487e+08	1.8221e+08	1.96588e+08	1.36489e+08	1.25256e+08	1.32119e+08	1.32197e+08	1.32858e+08	1.26139e+08	1.36667e+08	1.29418e+08	1.26783e+08
ERR613247	1.69732e+08	2.06104e+08	2.18594e+08	1.86484e+08	2.03776e+08	2.14949e+08	2.07178e+08	2.56034e+08	1.99201e+08	2.13441e+08	2.56306e+08	2.33976e+08	5.04141e+08	2.52894e+08	2.36283e+08	2.52844e+08	3.73844e+08	4.06615e+08	2.21946e+08	2.92555e+08	2.88067e+08	2.52943e+08	2.57298e+08	2.53455e+08	2.86389e+08	2.90249e+08	2.94e+08	2.9252e+08	2.74382e+08	3.06139e+08	2.90473e+08	3.23485e+08	3.28052e+08	2.71889e+08	2.77254e+08	2.69737e+08	2.26278e+08	2.23887e+08	2.12678e+08	2.39935e+08	2.27016e+08	2.23604e+08	3.32636e+08	3.53503e+08	3.23803e+08	3.20034e+08	3.20989e+08	3.36669e+08	1.89139e+08	1.90078e+08	1.89248e+08	1.91673e+08	2.14765e+08	1.49099e+08	2.11241e+08	2.11856e+08	2.11523e+08	2.28196e+08	1.41073e+08	2.11856e+08	1.89358e+08	1.72021e+08	1.83883e+08	2.269e+08	2.27505e+08	2.26355e+08	2.25967e+08	1.59572e+08	2.10551e+08	1.64653e+08	1.55212e+08	2.25555e+08	2.46268e+08	1.20412e+08	1.98828e+08	2.42667e+08	2.48366e+08	1.97292e+08	2.00879e+08	1.93435e+08	2.49659e+08	2.46658e+08	2.48736e+08	1.94991e+08	1.90379e+08	2.46505e+08	2.65939e+08	1.85419e+08	1.68844e+08	1.79269e+08	1.79501e+08	1.80891e+08	1.71698e+08	1.86021e+08	1.75967e+08	1.71966e+08
ERR613250	1.1976e+08	1.45054e+08	1.5381e+08	1.31212e+08	1.43645e+08	1.51461e+08	1.49069e+08	1.83653e+08	1.43583e+08	1.53342e+08	1.83661e+08	1.68005e+08	2.52894e+08	2.87e+08	1.7166e+08	1.83415e+08	2.67072e+08	2.90074e+08	1.60013e+08	2.09786e+08	2.06694e+08	1.81803e+08	1.84972e+08	1.82209e+08	2.05563e+08	2.08288e+08	2.10923e+08	2.09854e+08	1.9708e+08	2.19447e+08	2.07947e+08	2.31245e+08	2.34165e+08	1.94673e+08	1.98568e+08	1.9328e+08	1.62661e+08	1.60996e+08	1.53052e+08	1.72097e+08	1.63119e+08	1.60754e+08	2.37114e+08	2.5171e+08	2.30897e+08	2.28134e+08	2.28898e+08	2.40046e+08	1.33063e+08	1.3384e+08	1.33168e+08	1.34869e+08	1.51135e+08	1.05048e+08	1.49266e+08	1.49814e+08	1.49481e+08	1.61104e+08	1.00222e+08	1.49698e+08	1.33827e+08	1.21533e+08	1.29954e+08	1.60073e+08	1.60497e+08	1.59738e+08	1.59095e+08	1.12498e+08	1.48326e+08	1.16132e+08	1.09272e+08	1.58839e+08	1.73677e+08	8.52061e+07	1.40139e+08	1.71102e+08	1.75023e+08	1.39246e+08	1.4154e+08	1.36407e+08	1.75829e+08	1.73737e+08	1.75162e+08	1.37204e+08	1.3481e+08	1.74397e+08	1.87931e+08	1.31336e+08	1.20075e+08	1.27061e+08	1.2683e+08	1.27812e+08	1.21311e+08	1.31422e+08	1.2446e+08	1.21512e+08
ERR613248	1.11982e+08	1.35224e+08	1.43317e+08	1.22461e+08	1.34195e+08	1.41521e+08	1.39522e+08	1.71811e+08	1.34263e+08	1.43446e+08	1.71638e+08	1.57243e+08	2.36283e+08	1.7166e+08	2.57413e+08	1.71693e+08	2.49469e+08	2.70607e+08	1.49993e+08	1.96236e+08	1.9331e+08	1.70081e+08	1.73128e+08	1.70469e+08	1.9213e+08	1.94564e+08	1.97051e+08	1.95887e+08	1.8424e+08	2.04832e+08	1.94074e+08	2.15896e+08	2.18424e+08	1.81959e+08	1.85519e+08	1.80635e+08	1.52004e+08	1.50622e+08	1.43268e+08	1.60908e+08	1.5258e+08	1.50252e+08	2.21732e+08	2.3512e+08	2.15635e+08	2.13144e+08	2.1381e+08	2.24215e+08	1.23579e+08	1.24233e+08	1.23646e+08	1.25345e+08	1.40376e+08	9.77612e+07	1.38863e+08	1.39429e+08	1.39013e+08	1.49747e+08	9.36544e+07	1.39254e+08	1.24764e+08	1.13222e+08	1.2109e+08	1.49052e+08	1.49609e+08	1.48854e+08	1.48181e+08	1.04818e+08	1.38357e+08	1.08211e+08	1.01758e+08	1.47941e+08	1.61739e+08	7.93735e+07	1.30533e+08	1.59396e+08	1.63027e+08	1.29666e+08	1.31604e+08	1.26907e+08	1.63354e+08	1.61322e+08	1.62818e+08	1.2751e+08	1.25684e+08	1.62584e+08	1.75098e+08	1.22489e+08	1.12342e+08	1.18491e+08	1.18329e+08	1.19085e+08	1.13079e+08	1.22428e+08	1.15923e+08	1.13458e+08
ERR613249	1.20113e+08	1.45414e+08	1.54135e+08	1.31559e+08	1.44095e+08	1.51923e+08	1.49037e+08	1.83605e+08	1.43405e+08	1.53276e+08	1.83647e+08	1.67934e+08	2.52844e+08	1.83415e+08	1.71693e+08	2.87139e+08	2.67255e+08	2.90089e+08	1.59971e+08	2.09844e+08	2.06572e+08	1.81748e+08	1.84911e+08	1.82111e+08	2.05523e+08	2.08119e+08	2.10782e+08	2.09751e+08	1.969e+08	2.19274e+08	2.07758e+08	2.31137e+08	2.34123e+08	1.94704e+08	1.984e+08	1.93329e+08	1.62617e+08	1.61126e+08	1.53176e+08	1.72163e+08	1.63231e+08	1.60867e+08	2.37207e+08	2.51814e+08	2.30917e+08	2.28184e+08	2.28886e+08	2.40024e+08	1.33426e+08	1.34101e+08	1.33502e+08	1.35237e+08	1.51458e+08	1.05396e+08	1.49414e+08	1.49923e+08	1.4972e+08	1.61334e+08	1.00482e+08	1.5001e+08	1.34087e+08	1.21605e+08	1.29979e+08	1.60256e+08	1.60766e+08	1.5997e+08	1.59557e+08	1.12786e+08	1.48778e+08	1.16351e+08	1.09626e+08	1.59366e+08	1.74176e+08	8.53631e+07	1.40506e+08	1.71521e+08	1.75544e+08	1.39555e+08	1.41821e+08	1.36698e+08	1.76029e+08	1.73988e+08	1.75525e+08	1.37525e+08	1.35235e+08	1.74737e+08	1.88347e+08	1.31605e+08	1.20479e+08	1.27405e+08	1.27208e+08	1.28188e+08	1.2173e+08	1.31818e+08	1.24832e+08	1.21964e+08
ERR613246	1.79807e+08	2.18449e+08	2.31707e+08	1.97375e+08	2.15697e+08	2.27434e+08	2.18977e+08	2.70546e+08	2.10474e+08	2.25452e+08	2.70889e+08	2.47175e+08	3.73844e+08	2.67072e+08	2.49469e+08	2.67255e+08	5.55714e+08	4.3069e+08	2.34609e+08	3.0988e+08	3.0534e+08	2.67768e+08	2.72424e+08	2.68325e+08	3.03258e+08	3.0742e+08	3.11528e+08	3.09971e+08	2.90784e+08	3.24291e+08	3.07442e+08	3.42611e+08	3.47508e+08	2.87722e+08	2.93524e+08	2.85541e+08	2.39092e+08	2.36526e+08	2.24529e+08	2.53577e+08	2.3999e+08	2.36256e+08	3.52162e+08	3.74296e+08	3.4273e+08	3.38828e+08	3.39853e+08	3.56423e+08	2.0084e+08	2.01721e+08	2.00736e+08	2.03256e+08	2.27895e+08	1.57833e+08	2.23783e+08	2.24553e+08	2.24179e+08	2.41999e+08	1.49132e+08	2.24423e+08	2.00858e+08	1.82355e+08	1.94939e+08	2.40507e+08	2.41171e+08	2.40101e+08	2.39889e+08	1.69219e+08	2.23221e+08	1.74699e+08	1.64398e+08	2.39291e+08	2.61015e+08	1.27699e+08	2.10776e+08	2.57234e+08	2.63278e+08	2.09289e+08	2.13258e+08	2.05352e+08	2.65196e+08	2.61922e+08	2.64218e+08	2.06861e+08	2.0182e+08	2.61169e+08	2.82222e+08	1.96463e+08	1.78674e+08	1.90026e+08	1.902e+08	1.91699e+08	1.81912e+08	1.97194e+08	1.86474e+08	1.82219e+08
ERR613245	1.94874e+08	2.37849e+08	2.52344e+08	2.1474e+08	2.3416e+08	2.46948e+08	2.38651e+08	2.9426e+08	2.28938e+08	2.45617e+08	2.95242e+08	2.68817e+08	4.06615e+08	2.90074e+08	2.70607e+08	2.90089e+08	4.3069e+08	6.45431e+08	2.53902e+08	3.36639e+08	3.31758e+08	2.91166e+08	2.95671e+08	2.91715e+08	3.29114e+08	3.34187e+08	3.38537e+08	3.36816e+08	3.15313e+08	3.52641e+08	3.34777e+08	3.72774e+08	3.79022e+08	3.12534e+08	3.1897e+08	3.10201e+08	2.60434e+08	2.57434e+08	2.44359e+08	2.76424e+08	2.61367e+08	2.57404e+08	3.82997e+08	4.075e+08	3.73141e+08	3.69026e+08	3.69764e+08	3.87856e+08	2.2021e+08	2.21317e+08	2.20178e+08	2.22698e+08	2.5002e+08	1.72361e+08	2.4513e+08	2.45824e+08	2.45652e+08	2.65308e+08	1.62386e+08	2.46012e+08	2.19311e+08	1.99001e+08	2.12517e+08	2.62295e+08	2.62949e+08	2.61556e+08	2.62182e+08	1.84703e+08	2.43423e+08	1.90831e+08	1.79808e+08	2.61572e+08	2.85216e+08	1.39772e+08	2.30591e+08	2.80914e+08	2.87829e+08	2.29079e+08	2.32969e+08	2.24383e+08	2.90407e+08	2.86731e+08	2.89388e+08	2.26361e+08	2.2021e+08	2.85205e+08	3.08432e+08	2.14498e+08	1.94072e+08	2.07403e+08	2.07558e+08	2.09496e+08	1.98642e+08	2.15476e+08	2.03741e+08	1.98596e+08
ERR613974	1.14402e+08	1.37617e+08	1.4591e+08	1.24763e+08	1.37084e+08	1.44718e+08	1.48474e+08	1.83227e+08	1.43024e+08	1.52666e+08	1.82767e+08	1.67655e+08	2.21946e+08	1.60013e+08	1.49993e+08	1.59971e+08	2.34609e+08	2.53902e+08	2.80608e+08	2.35757e+08	2.33189e+08	2.04819e+08	2.09331e+08	2.05134e+08	2.08104e+08	2.10542e+08	2.13162e+08	2.11985e+08	1.9969e+08	2.2124e+08	2.09533e+08	2.32653e+08	2.34953e+08	1.97095e+08	2.0086e+08	1.95453e+08	1.62746e+08	1.61375e+08	1.53183e+08	1.71906e+08	1.63428e+08	1.60777e+08	2.37909e+08	2.51853e+08	2.31096e+08	2.28161e+08	2.29268e+08	2.40316e+08	1.24646e+08	1.25261e+08	1.24657e+08	1.26588e+08	1.41814e+08	9.89341e+07	1.37029e+08	1.3772e+08	1.37373e+08	1.4804e+08	9.18143e+07	1.37521e+08	1.29472e+08	1.17353e+08	1.25508e+08	1.551e+08	1.55772e+08	1.55034e+08	1.50567e+08	1.06449e+08	1.40909e+08	1.09652e+08	1.03272e+08	1.50311e+08	1.62311e+08	7.88718e+07	1.30581e+08	1.59909e+08	1.63716e+08	1.29572e+08	1.34208e+08	1.294e+08	1.66474e+08	1.64543e+08	1.65795e+08	1.29978e+08	1.27337e+08	1.64946e+08	1.77695e+08	1.23964e+08	1.1353e+08	1.19838e+08	1.18634e+08	1.19328e+08	1.13426e+08	1.22776e+08	1.16403e+08	1.13941e+08
ERR613977	1.50968e+08	1.82514e+08	1.93644e+08	1.65323e+08	1.81156e+08	1.91084e+08	1.94939e+08	2.40258e+08	1.87294e+08	2.00468e+08	2.40381e+08	2.19746e+08	2.92555e+08	2.09786e+08	1.96236e+08	2.09844e+08	3.0988e+08	3.36639e+08	2.35757e+08	4.43128e+08	3.05383e+08	2.6839e+08	2.73206e+08	2.68973e+08	2.72424e+08	2.7633e+08	2.79662e+08	2.78211e+08	2.6118e+08	2.9084e+08	2.75093e+08	3.05796e+08	3.09606e+08	2.57852e+08	2.6307e+08	2.55813e+08	2.14064e+08	2.11974e+08	2.01047e+08	2.26552e+08	2.14917e+08	2.11542e+08	3.12855e+08	3.31806e+08	3.04227e+08	3.00578e+08	3.01798e+08	3.16369e+08	1.67788e+08	1.68765e+08	1.67772e+08	1.70124e+08	1.9094e+08	1.32133e+08	1.83579e+08	1.84294e+08	1.83982e+08	1.98594e+08	1.21953e+08	1.8425e+08	1.72263e+08	1.56153e+08	1.66941e+08	2.06281e+08	2.07129e+08	2.06123e+08	2.01877e+08	1.42213e+08	1.8811e+08	1.46727e+08	1.38251e+08	2.01513e+08	2.17544e+08	1.05824e+08	1.75374e+08	2.14215e+08	2.1947e+08	1.74036e+08	1.79915e+08	1.73257e+08	2.23768e+08	2.21003e+08	2.22907e+08	1.74511e+08	1.69943e+08	2.20212e+08	2.38017e+08	1.65323e+08	1.5041e+08	1.59786e+08	1.58712e+08	1.59838e+08	1.5178e+08	1.64564e+08	1.55775e+08	1.52057e+08
ERR613972	1.48447e+08	1.79602e+08	1.90459e+08	1.6264e+08	1.78121e+08	1.8808e+08	1.9213e+08	2.3663e+08	1.84565e+08	1.97619e+08	2.36778e+08	2.1641e+08	2.88067e+08	2.06694e+08	1.9331e+08	2.06572e+08	3.0534e+08	3.31758e+08	2.33189e+08	3.05383e+08	4.32758e+08	2.64745e+08	2.70406e+08	2.65419e+08	2.6849e+08	2.72413e+08	2.75649e+08	2.7421e+08	2.57536e+08	2.86783e+08	2.71163e+08	3.01359e+08	3.05225e+08	2.54185e+08	2.59392e+08	2.52191e+08	2.10822e+08	2.08776e+08	1.98051e+08	2.23094e+08	2.11726e+08	2.0835e+08	3.07912e+08	3.26505e+08	2.9962e+08	2.95981e+08	2.97322e+08	3.11356e+08	1.65246e+08	1.66131e+08	1.65257e+08	1.67396e+08	1.87879e+08	1.30085e+08	1.80876e+08	1.81552e+08	1.81309e+08	1.95814e+08	1.19961e+08	1.81466e+08	1.69769e+08	1.53877e+08	1.64524e+08	2.033e+08	2.04119e+08	2.03017e+08	1.98946e+08	1.40095e+08	1.85131e+08	1.44609e+08	1.36193e+08	1.98434e+08	2.14135e+08	1.04345e+08	1.72721e+08	2.10955e+08	2.16146e+08	1.71488e+08	1.77205e+08	1.70484e+08	2.20276e+08	2.17676e+08	2.19576e+08	1.71663e+08	1.67369e+08	2.16869e+08	2.34263e+08	1.62853e+08	1.48016e+08	1.57447e+08	1.56186e+08	1.57443e+08	1.4923e+08	1.62015e+08	1.5318e+08	1.49545e+08
ERR613975	1.28362e+08	1.55566e+08	1.65024e+08	1.40747e+08	1.53965e+08	1.6259e+08	1.69303e+08	2.07816e+08	1.62629e+08	1.74077e+08	2.08061e+08	1.90224e+08	2.52943e+08	1.81803e+08	1.70081e+08	1.81748e+08	2.67768e+08	2.91166e+08	2.04819e+08	2.6839e+08	2.64745e+08	3.47055e+08	2.37119e+08	2.34632e+08	2.3547e+08	2.38898e+08	2.4179e+08	2.40522e+08	2.25926e+08	2.51355e+08	2.37899e+08	2.63981e+08	2.67532e+08	2.23005e+08	2.27395e+08	2.2123e+08	1.85231e+08	1.83109e+08	1.73822e+08	1.95582e+08	1.85819e+08	1.82902e+08	2.69056e+08	2.8514e+08	2.62259e+08	2.58947e+08	2.60018e+08	2.72303e+08	1.43583e+08	1.44364e+08	1.43447e+08	1.45345e+08	1.63159e+08	1.12834e+08	1.57438e+08	1.58115e+08	1.57813e+08	1.70478e+08	1.0425e+08	1.58065e+08	1.47682e+08	1.34019e+08	1.43237e+08	1.76844e+08	1.77451e+08	1.76514e+08	1.7228e+08	1.21323e+08	1.60128e+08	1.25261e+08	1.17967e+08	1.71991e+08	1.85667e+08	9.07713e+07	1.50019e+08	1.82779e+08	1.87377e+08	1.48866e+08	1.53457e+08	1.47699e+08	1.90901e+08	1.88679e+08	1.90404e+08	1.4885e+08	1.45218e+08	1.88048e+08	2.03446e+08	1.41468e+08	1.2828e+08	1.36713e+08	1.35181e+08	1.36333e+08	1.29364e+08	1.40335e+08	1.32666e+08	1.2954e+08
ERR613973	1.32013e+08	1.595e+08	1.69166e+08	1.44403e+08	1.58403e+08	1.6707e+08	1.72078e+08	2.11721e+08	1.65394e+08	1.76937e+08	2.1169e+08	1.93629e+08	2.57298e+08	1.84972e+08	1.73128e+08	1.84911e+08	2.72424e+08	2.95671e+08	2.09331e+08	2.73206e+08	2.70406e+08	2.37119e+08	3.57645e+08	2.37614e+08	2.40002e+08	2.43398e+08	2.46274e+08	2.44843e+08	2.30216e+08	2.56039e+08	2.42518e+08	2.6931e+08	2.72573e+08	2.27587e+08	2.32061e+08	2.25671e+08	1.88515e+08	1.86658e+08	1.77242e+08	1.99339e+08	1.89295e+08	1.86279e+08	2.74982e+08	2.91444e+08	2.67597e+08	2.64279e+08	2.65379e+08	2.78006e+08	1.46184e+08	1.47046e+08	1.46077e+08	1.48243e+08	1.66265e+08	1.15321e+08	1.60351e+08	1.60887e+08	1.60716e+08	1.73413e+08	1.06612e+08	1.60893e+08	1.50705e+08	1.36664e+08	1.46126e+08	1.80526e+08	1.81141e+08	1.80229e+08	1.76014e+08	1.24141e+08	1.6398e+08	1.28e+08	1.20572e+08	1.75757e+08	1.89612e+08	9.23466e+07	1.5295e+08	1.86829e+08	1.91343e+08	1.51827e+08	1.56827e+08	1.51016e+08	1.94908e+08	1.92588e+08	1.94295e+08	1.5204e+08	1.48473e+08	1.92363e+08	2.07734e+08	1.44468e+08	1.31527e+08	1.39619e+08	1.38382e+08	1.39375e+08	1.3234e+08	1.43462e+08	1.35827e+08	1.32624e+08
ERR613976	1.28635e+08	1.55989e+08	1.65452e+08	1.41101e+08	1.54428e+08	1.62992e+08	1.69872e+08	2.08517e+08	1.63115e+08	1.74617e+08	2.08778e+08	1.90923e+08	2.53455e+08	1.82209e+08	1.70469e+08	1.82111e+08	2.68325e+08	2.91715e+08	2.05134e+08	2.68973e+08	2.65419e+08	2.34632e+08	2.37614e+08	3.48475e+08	2.36044e+08	2.39561e+08	2.42574e+08	2.41025e+08	2.26505e+08	2.51874e+08	2.3864e+08	2.64839e+08	2.68291e+08	2.23726e+08	2.28141e+08	2.22094e+08	1.85705e+08	1.83727e+08	1.74355e+08	1.96135e+08	1.86424e+08	1.83405e+08	2.69973e+08	2.86347e+08	2.63071e+08	2.59832e+08	2.60866e+08	2.73255e+08	1.43925e+08	1.44609e+08	1.43881e+08	1.45697e+08	1.63492e+08	1.1299e+08	1.57882e+08	1.58441e+08	1.58193e+08	1.70907e+08	1.04576e+08	1.58487e+08	1.48025e+08	1.34331e+08	1.43501e+08	1.77164e+08	1.77764e+08	1.76849e+08	1.72615e+08	1.21536e+08	1.604e+08	1.25418e+08	1.18159e+08	1.72209e+08	1.86127e+08	9.09442e+07	1.50374e+08	1.83295e+08	1.87844e+08	1.49389e+08	1.53743e+08	1.47964e+08	1.91314e+08	1.88964e+08	1.90639e+08	1.49121e+08	1.45485e+08	1.88412e+08	2.03714e+08	1.41667e+08	1.28528e+08	1.36836e+08	1.35549e+08	1.36686e+08	1.2966e+08	1.40681e+08	1.33089e+08	1.29874e+08
ERR637113	1.54151e+08	1.86244e+08	1.97766e+08	1.68662e+08	1.85176e+08	1.954e+08	1.92944e+08	2.3835e+08	1.85736e+08	1.98262e+08	2.37816e+08	2.17803e+08	2.86389e+08	2.05563e+08	1.9213e+08	2.05523e+08	3.03258e+08	3.29114e+08	2.08104e+08	2.72424e+08	2.6849e+08	2.3547e+08	2.40002e+08	2.36044e+08	4.35399e+08	3.07944e+08	3.11371e+08	3.0997e+08	2.92137e+08	3.24726e+08	2.7568e+08	3.06684e+08	3.10365e+08	2.58843e+08	2.63872e+08	2.5676e+08	2.06473e+08	2.04664e+08	1.94244e+08	2.18434e+08	2.07318e+08	2.04051e+08	3.16091e+08	3.34627e+08	3.07251e+08	3.032e+08	3.04799e+08	3.19314e+08	1.70213e+08	1.7108e+08	1.70392e+08	1.72806e+08	1.93427e+08	1.34585e+08	1.89729e+08	1.90382e+08	1.9013e+08	2.04997e+08	1.26694e+08	1.90316e+08	1.74309e+08	1.58173e+08	1.6919e+08	2.08942e+08	2.09845e+08	2.08761e+08	2.02728e+08	1.43616e+08	1.89114e+08	1.48106e+08	1.39427e+08	2.0239e+08	2.21583e+08	1.09e+08	1.78642e+08	2.17938e+08	2.23063e+08	1.77387e+08	1.84038e+08	1.77432e+08	2.27732e+08	2.2508e+08	2.26913e+08	1.78482e+08	1.7309e+08	2.23436e+08	2.40736e+08	1.68545e+08	1.54069e+08	1.62943e+08	1.59453e+08	1.60476e+08	1.5239e+08	1.65111e+08	1.5639e+08	1.53064e+08
ERR637116	1.55338e+08	1.88212e+08	1.9969e+08	1.7025e+08	1.86735e+08	1.96995e+08	1.96075e+08	2.4167e+08	1.88659e+08	2.01402e+08	2.41516e+08	2.21116e+08	2.90249e+08	2.08288e+08	1.94564e+08	2.08119e+08	3.0742e+08	3.34187e+08	2.10542e+08	2.7633e+08	2.72413e+08	2.38898e+08	2.43398e+08	2.39561e+08	3.07944e+08	4.45697e+08	3.16881e+08	3.15435e+08	2.95243e+08	3.28483e+08	2.7952e+08	3.10656e+08	3.14906e+08	2.62183e+08	2.6736e+08	2.60105e+08	2.09608e+08	2.07502e+08	1.96997e+08	2.21696e+08	2.10397e+08	2.07215e+08	3.1983e+08	3.39041e+08	3.11179e+08	3.07346e+08	3.08832e+08	3.2336e+08	1.72879e+08	1.73715e+08	1.72943e+08	1.75278e+08	1.96336e+08	1.36232e+08	1.92708e+08	1.93355e+08	1.93168e+08	2.08292e+08	1.28232e+08	1.93204e+08	1.76649e+08	1.60301e+08	1.71289e+08	2.11401e+08	2.12254e+08	2.11211e+08	2.05418e+08	1.45396e+08	1.91336e+08	1.50066e+08	1.41089e+08	2.05072e+08	2.24223e+08	1.10622e+08	1.81104e+08	2.20684e+08	2.25862e+08	1.79875e+08	1.86496e+08	1.79713e+08	2.31069e+08	2.2857e+08	2.30437e+08	1.81146e+08	1.75461e+08	2.26603e+08	2.44561e+08	1.70854e+08	1.55742e+08	1.65394e+08	1.61344e+08	1.62464e+08	1.54232e+08	1.67156e+08	1.58251e+08	1.54852e+08
ERR637115	1.5741e+08	1.90751e+08	2.02515e+08	1.72483e+08	1.89233e+08	1.99682e+08	1.97866e+08	2.44043e+08	1.90183e+08	2.03414e+08	2.43867e+08	2.23233e+08	2.94e+08	2.10923e+08	1.97051e+08	2.10782e+08	3.11528e+08	3.38537e+08	2.13162e+08	2.79662e+08	2.75649e+08	2.4179e+08	2.46274e+08	2.42574e+08	3.11371e+08	3.16881e+08	4.54774e+08	3.19028e+08	2.9841e+08	3.32133e+08	2.82894e+08	3.14524e+08	3.186e+08	2.65372e+08	2.70598e+08	2.63321e+08	2.11938e+08	2.09881e+08	1.9926e+08	2.24344e+08	2.12784e+08	2.09528e+08	3.23408e+08	3.42848e+08	3.14547e+08	3.10737e+08	3.12114e+08	3.27108e+08	1.75046e+08	1.75984e+08	1.75259e+08	1.7747e+08	1.98865e+08	1.38173e+08	1.94899e+08	1.95558e+08	1.95445e+08	2.10633e+08	1.29791e+08	1.95552e+08	1.78783e+08	1.62195e+08	1.73348e+08	2.14103e+08	2.14921e+08	2.13907e+08	2.08233e+08	1.47335e+08	1.9383e+08	1.51965e+08	1.42958e+08	2.07849e+08	2.27173e+08	1.11982e+08	1.83405e+08	2.23491e+08	2.28705e+08	1.82141e+08	1.89044e+08	1.82181e+08	2.34231e+08	2.31422e+08	2.33404e+08	1.83395e+08	1.7773e+08	2.29368e+08	2.47494e+08	1.73113e+08	1.57726e+08	1.67349e+08	1.63561e+08	1.6462e+08	1.56265e+08	1.69414e+08	1.60403e+08	1.5687e+08
ERR637114	1.5675e+08	1.90087e+08	2.01733e+08	1.71978e+08	1.8839e+08	1.98833e+08	1.97007e+08	2.42988e+08	1.89441e+08	2.02448e+08	2.42851e+08	2.22187e+08	2.9252e+08	2.09854e+08	1.95887e+08	2.09751e+08	3.09971e+08	3.36816e+08	2.11985e+08	2.78211e+08	2.7421e+08	2.40522e+08	2.44843e+08	2.41025e+08	3.0997e+08	3.15435e+08	3.19028e+08	4.50677e+08	2.97052e+08	3.30663e+08	2.81165e+08	3.12754e+08	3.16765e+08	2.6366e+08	2.69045e+08	2.61715e+08	2.10812e+08	2.0888e+08	1.98155e+08	2.23176e+08	2.11722e+08	2.08494e+08	3.22007e+08	3.41115e+08	3.13123e+08	3.09214e+08	3.10512e+08	3.2541e+08	1.74426e+08	1.75287e+08	1.74433e+08	1.76891e+08	1.98146e+08	1.37512e+08	1.94096e+08	1.9486e+08	1.94722e+08	2.09931e+08	1.29283e+08	1.94729e+08	1.78119e+08	1.61668e+08	1.72804e+08	2.13204e+08	2.14125e+08	2.12976e+08	2.07355e+08	1.4682e+08	1.92985e+08	1.51348e+08	1.42443e+08	2.0698e+08	2.263e+08	1.11582e+08	1.82652e+08	2.22662e+08	2.28043e+08	1.81495e+08	1.88312e+08	1.81476e+08	2.33367e+08	2.30606e+08	2.32542e+08	1.82795e+08	1.77101e+08	2.28534e+08	2.46617e+08	1.72518e+08	1.57128e+08	1.66851e+08	1.63e+08	1.63976e+08	1.55788e+08	1.68875e+08	1.5969e+08	1.56346e+08
ERR637111	1.47269e+08	1.78047e+08	1.89054e+08	1.61134e+08	1.7693e+08	1.86705e+08	1.84654e+08	2.27986e+08	1.77676e+08	1.89783e+08	2.27657e+08	2.08456e+08	2.74382e+08	1.9708e+08	1.8424e+08	1.969e+08	2.90784e+08	3.15313e+08	1.9969e+08	2.6118e+08	2.57536e+08	2.25926e+08	2.30216e+08	2.26505e+08	2.92137e+08	2.95243e+08	2.9841e+08	2.97052e+08	4.04762e+08	3.11284e+08	2.64115e+08	2.93768e+08	2.97256e+08	2.47942e+08	2.52823e+08	2.45982e+08	1.97299e+08	1.9554e+08	1.85712e+08	2.08796e+08	1.98238e+08	1.95176e+08	3.02149e+08	3.20103e+08	2.93713e+08	2.89973e+08	2.91345e+08	3.05283e+08	1.62525e+08	1.63288e+08	1.62524e+08	1.64936e+08	1.84602e+08	1.28505e+08	1.81345e+08	1.82092e+08	1.81831e+08	1.95862e+08	1.21184e+08	1.81957e+08	1.66914e+08	1.5148e+08	1.61915e+08	2.00032e+08	2.00872e+08	1.9976e+08	1.9355e+08	1.37131e+08	1.80503e+08	1.4134e+08	1.33093e+08	1.93194e+08	2.11391e+08	1.04105e+08	1.70525e+08	2.07944e+08	2.12901e+08	1.69216e+08	1.75596e+08	1.69299e+08	2.17301e+08	2.14647e+08	2.1661e+08	1.70372e+08	1.65322e+08	2.13253e+08	2.2994e+08	1.61088e+08	1.47163e+08	1.55766e+08	1.52088e+08	1.53093e+08	1.45508e+08	1.57508e+08	1.49228e+08	1.46107e+08
ERR637112	1.6434e+08	1.99247e+08	2.11496e+08	1.80208e+08	1.97552e+08	2.08388e+08	2.05773e+08	2.53958e+08	1.97765e+08	2.11542e+08	2.53793e+08	2.32081e+08	3.06139e+08	2.19447e+08	2.04832e+08	2.19274e+08	3.24291e+08	3.52641e+08	2.2124e+08	2.9084e+08	2.86783e+08	2.51355e+08	2.56039e+08	2.51874e+08	3.24726e+08	3.28483e+08	3.32133e+08	3.30663e+08	3.11284e+08	4.87277e+08	2.94208e+08	3.27159e+08	3.31671e+08	2.75734e+08	2.81155e+08	2.73682e+08	2.20928e+08	2.18827e+08	2.07735e+08	2.33862e+08	2.21827e+08	2.18436e+08	3.36928e+08	3.57057e+08	3.27649e+08	3.23655e+08	3.24996e+08	3.40658e+08	1.83393e+08	1.84207e+08	1.83344e+08	1.85934e+08	2.08289e+08	1.44477e+08	2.03507e+08	2.04279e+08	2.04087e+08	2.20057e+08	1.35451e+08	2.04281e+08	1.86473e+08	1.69264e+08	1.8091e+08	2.23368e+08	2.24256e+08	2.23148e+08	2.17966e+08	1.54116e+08	2.02815e+08	1.5903e+08	1.49719e+08	2.17536e+08	2.37672e+08	1.17065e+08	1.92039e+08	2.33861e+08	2.39402e+08	1.90514e+08	1.97502e+08	1.90418e+08	2.44867e+08	2.42004e+08	2.44048e+08	1.91724e+08	1.85801e+08	2.39904e+08	2.58771e+08	1.80953e+08	1.64757e+08	1.75064e+08	1.71125e+08	1.72454e+08	1.63647e+08	1.7736e+08	1.67865e+08	1.64217e+08
ERR636667	1.53252e+08	1.85431e+08	1.96949e+08	1.67809e+08	1.84086e+08	1.94323e+08	2.0389e+08	2.51137e+08	1.96235e+08	2.09665e+08	2.51104e+08	2.29825e+08	2.90473e+08	2.07947e+08	1.94074e+08	2.07758e+08	3.07442e+08	3.34777e+08	2.09533e+08	2.75093e+08	2.71163e+08	2.37899e+08	2.42518e+08	2.3864e+08	2.7568e+08	2.7952e+08	2.82894e+08	2.81165e+08	2.64115e+08	2.94208e+08	4.5348e+08	3.51827e+08	3.56212e+08	2.96456e+08	3.02173e+08	2.94049e+08	2.23003e+08	2.20713e+08	2.09782e+08	2.3568e+08	2.23814e+08	2.20274e+08	3.19871e+08	3.3925e+08	3.10879e+08	3.07136e+08	3.08126e+08	3.2317e+08	1.6804e+08	1.68951e+08	1.6822e+08	1.70456e+08	1.91225e+08	1.32475e+08	1.88523e+08	1.89439e+08	1.89019e+08	2.04141e+08	1.25276e+08	1.89261e+08	1.7064e+08	1.54788e+08	1.65514e+08	2.04829e+08	2.05576e+08	2.04455e+08	2.00441e+08	1.41284e+08	1.86664e+08	1.45739e+08	1.37165e+08	2.00143e+08	2.17145e+08	1.05081e+08	1.74759e+08	2.13565e+08	2.1876e+08	1.73481e+08	1.78298e+08	1.7165e+08	2.21841e+08	2.19303e+08	2.21156e+08	1.72907e+08	1.63264e+08	2.12154e+08	2.29426e+08	1.58896e+08	1.44461e+08	1.53525e+08	1.56949e+08	1.58168e+08	1.50063e+08	1.62576e+08	1.54004e+08	1.50599e+08
ERR636669	1.72388e+08	2.08205e+08	2.21254e+08	1.88504e+08	2.07063e+08	2.18502e+08	2.26091e+08	2.79467e+08	2.17691e+08	2.32755e+08	2.7901e+08	2.55522e+08	3.23485e+08	2.31245e+08	2.15896e+08	2.31137e+08	3.42611e+08	3.72774e+08	2.32653e+08	3.05796e+08	3.01359e+08	2.63981e+08	2.6931e+08	2.64839e+08	3.06684e+08	3.10656e+08	3.14524e+08	3.12754e+08	2.93768e+08	3.27159e+08	3.51827e+08	5.4716e+08	3.96201e+08	3.29254e+08	3.35465e+08	3.26456e+08	2.49378e+08	2.46918e+08	2.34554e+08	2.63733e+08	2.50439e+08	2.46399e+08	3.57272e+08	3.79204e+08	3.47395e+08	3.42913e+08	3.44278e+08	3.61117e+08	1.89506e+08	1.90449e+08	1.8963e+08	1.92389e+08	2.15735e+08	1.49689e+08	2.11467e+08	2.12503e+08	2.11976e+08	2.28757e+08	1.40816e+08	2.12262e+08	1.9094e+08	1.73011e+08	1.85215e+08	2.29323e+08	2.29993e+08	2.28737e+08	2.26429e+08	1.59781e+08	2.11092e+08	1.64571e+08	1.54971e+08	2.26013e+08	2.45291e+08	1.18582e+08	1.97214e+08	2.41212e+08	2.47112e+08	1.95658e+08	2.01495e+08	1.93957e+08	2.50587e+08	2.47779e+08	2.49808e+08	1.95329e+08	1.84319e+08	2.39736e+08	2.58971e+08	1.79426e+08	1.63405e+08	1.73373e+08	1.77582e+08	1.78718e+08	1.69531e+08	1.83862e+08	1.73973e+08	1.70426e+08
ERR636668	1.7348e+08	2.10494e+08	2.23521e+08	1.90292e+08	2.08576e+08	2.19947e+08	2.29174e+08	2.82248e+08	2.20365e+08	2.35634e+08	2.82566e+08	2.58377e+08	3.28052e+08	2.34165e+08	2.18424e+08	2.34123e+08	3.47508e+08	3.79022e+08	2.34953e+08	3.09606e+08	3.05225e+08	2.67532e+08	2.72573e+08	2.68291e+08	3.10365e+08	3.14906e+08	3.186e+08	3.16765e+08	2.97256e+08	3.31671e+08	3.56212e+08	3.96201e+08	5.59964e+08	3.33046e+08	3.39574e+08	3.30459e+08	2.52234e+08	2.49652e+08	2.37282e+08	2.66992e+08	2.5323e+08	2.49335e+08	3.60955e+08	3.83233e+08	3.51088e+08	3.46806e+08	3.48034e+08	3.64876e+08	1.92406e+08	1.93588e+08	1.92494e+08	1.95079e+08	2.19033e+08	1.51417e+08	2.14709e+08	2.15664e+08	2.1531e+08	2.32631e+08	1.42233e+08	2.15612e+08	1.93397e+08	1.75292e+08	1.87551e+08	2.31992e+08	2.32757e+08	2.31514e+08	2.29294e+08	1.61504e+08	2.13191e+08	1.66592e+08	1.56827e+08	2.2888e+08	2.48124e+08	1.20207e+08	1.99779e+08	2.4382e+08	2.49897e+08	1.9824e+08	2.03935e+08	1.96251e+08	2.54001e+08	2.50974e+08	2.53153e+08	1.97977e+08	1.86472e+08	2.42388e+08	2.62325e+08	1.81618e+08	1.64519e+08	1.75314e+08	1.79308e+08	1.8083e+08	1.71408e+08	1.8593e+08	1.75804e+08	1.72017e+08
