	ERR612548	ERR612552	ERR612547	ERR612549	ERR612551	ERR612550	ERR636885	ERR636883	ERR636886	ERR636884	ERR636887	ERR636888	ERR622232	ERR622231	ERR622228	ERR622227	ERR622230	ERR622229	ERR612940	ERR612944	ERR612939	ERR612943	ERR612941	ERR612942	ERR608852	ERR608851	ERR608848	ERR608849	ERR608847	ERR608850	ERR618754	ERR618758	ERR618753	ERR618757	ERR618755	ERR618756	ERR622206	ERR622204	ERR622203	ERR622205	ERR622207	ERR622208	ERR636774	ERR636771	ERR636770	ERR636772	ERR636769	ERR636773	ERR607462	ERR607460	ERR607461	ERR607459	ERR607457	ERR607458	ERR626708	ERR626706	ERR626707	ERR626709	ERR626704	ERR626705	ERR617267	ERR617269	ERR617265	ERR617270	ERR617266	ERR617268	ERR617510	ERR617507	ERR617508	ERR617509	ERR617506	ERR617505	ERR621964	ERR621963	ERR621962	ERR621965	ERR621961	ERR621966	ERR608706	ERR608703	ERR608704	ERR608702	ERR608705	ERR608701	ERR607484	ERR607483	ERR607481	ERR607482	ERR607486	ERR607485	ERR608087	ERR608088	ERR608091	ERR608092	ERR608089	ERR608090
ERR612548	4.05585e+08	2.98456e+08	3.78201e+08	3.5215e+08	3.03584e+08	3.01986e+08	2.73346e+08	2.58492e+08	1.92849e+08	2.7069e+08	1.96573e+08	1.91682e+08	1.39838e+08	1.37692e+08	1.95354e+08	1.81485e+08	1.36868e+08	1.96241e+08	2.19749e+08	1.91374e+08	2.24025e+08	2.01786e+08	2.1643e+08	1.82151e+08	2.77046e+08	2.74148e+08	2.64005e+08	2.9018e+08	1.95261e+08	2.75261e+08	2.23276e+08	2.45282e+08	2.3649e+08	2.38914e+08	2.25443e+08	2.36903e+08	2.03686e+08	2.82329e+08	2.64645e+08	2.83358e+08	2.04834e+08	2.07631e+08	2.49904e+08	2.47079e+08	2.44977e+08	2.49548e+08	2.25679e+08	2.49092e+08	1.37232e+08	1.35042e+08	1.34775e+08	1.17533e+08	1.18361e+08	1.22015e+08	1.71856e+08	1.51645e+08	1.68256e+08	1.70007e+08	2.08027e+08	1.8224e+08	1.77912e+08	2.08766e+08	1.72506e+08	2.10712e+08	1.76411e+08	2.10248e+08	1.4673e+08	1.58164e+08	1.3528e+08	1.42578e+08	1.57667e+08	1.53869e+08	2.00082e+08	1.6108e+08	1.63454e+08	1.98749e+08	1.83833e+08	2.05785e+08	1.65704e+08	1.81671e+08	1.66493e+08	1.69808e+08	1.66007e+08	1.17757e+08	1.5504e+08	1.33245e+08	1.3365e+08	1.37651e+08	1.57012e+08	1.54807e+08	1.29978e+08	1.33613e+08	1.48796e+08	1.51151e+08	1.30273e+08	1.49226e+08
ERR612552	2.98456e+08	4.58612e+08	4.05781e+08	3.77197e+08	3.27551e+08	3.25732e+08	2.93648e+08	2.77734e+08	2.07222e+08	2.90968e+08	2.11081e+08	2.05862e+08	1.51088e+08	1.48591e+08	2.1065e+08	1.95821e+08	1.4783e+08	2.11602e+08	2.37623e+08	2.06724e+08	2.4234e+08	2.18185e+08	2.33925e+08	1.9663e+08	2.97168e+08	2.94151e+08	2.83249e+08	3.11522e+08	2.08775e+08	2.95398e+08	2.39657e+08	2.6374e+08	2.5404e+08	2.56876e+08	2.42211e+08	2.5459e+08	2.1896e+08	3.03537e+08	2.84267e+08	3.04234e+08	2.20247e+08	2.23164e+08	2.6837e+08	2.65065e+08	2.62948e+08	2.67871e+08	2.42187e+08	2.67505e+08	1.47997e+08	1.45593e+08	1.45317e+08	1.26781e+08	1.27431e+08	1.31604e+08	1.85364e+08	1.63187e+08	1.81304e+08	1.83182e+08	2.24149e+08	1.9638e+08	1.92219e+08	2.2564e+08	1.8607e+08	2.27784e+08	1.90511e+08	2.27308e+08	1.58319e+08	1.70919e+08	1.46106e+08	1.54041e+08	1.70173e+08	1.65943e+08	2.15746e+08	1.73606e+08	1.76167e+08	2.14317e+08	1.98192e+08	2.21786e+08	1.78668e+08	1.95909e+08	1.795e+08	1.82975e+08	1.7888e+08	1.26633e+08	1.67442e+08	1.43693e+08	1.44222e+08	1.48587e+08	1.69462e+08	1.67135e+08	1.40022e+08	1.44059e+08	1.60489e+08	1.63067e+08	1.40402e+08	1.6101e+08
ERR612547	3.78201e+08	4.05781e+08	6.92752e+08	4.79612e+08	4.12802e+08	4.10526e+08	3.71216e+08	3.51039e+08	2.60646e+08	3.68154e+08	2.65657e+08	2.59072e+08	1.93736e+08	1.90745e+08	2.70169e+08	2.50963e+08	1.89641e+08	2.71272e+08	3.00614e+08	2.60781e+08	3.06826e+08	2.75625e+08	2.95932e+08	2.48148e+08	3.75584e+08	3.71571e+08	3.576e+08	3.9399e+08	2.62149e+08	3.73364e+08	3.04226e+08	3.34761e+08	3.2255e+08	3.26231e+08	3.07487e+08	3.23084e+08	2.77657e+08	3.85823e+08	3.6105e+08	3.86814e+08	2.79272e+08	2.82989e+08	3.40759e+08	3.36422e+08	3.34084e+08	3.40222e+08	3.07167e+08	3.39717e+08	1.90283e+08	1.87154e+08	1.86726e+08	1.62728e+08	1.63791e+08	1.68938e+08	2.37621e+08	2.08874e+08	2.32526e+08	2.34915e+08	2.87481e+08	2.51713e+08	2.46829e+08	2.90069e+08	2.38945e+08	2.92794e+08	2.44767e+08	2.92143e+08	2.03114e+08	2.19276e+08	1.8758e+08	1.9767e+08	2.18481e+08	2.13038e+08	2.765e+08	2.22242e+08	2.25377e+08	2.74584e+08	2.53903e+08	2.84226e+08	2.29521e+08	2.51719e+08	2.30392e+08	2.34954e+08	2.29698e+08	1.62441e+08	2.1518e+08	1.84709e+08	1.85295e+08	1.90838e+08	2.17942e+08	2.1489e+08	1.79706e+08	1.8488e+08	2.06121e+08	2.09469e+08	1.80307e+08	2.0671e+08
ERR612549	3.5215e+08	3.77197e+08	4.79612e+08	6.08638e+08	3.8396e+08	3.8173e+08	3.45351e+08	3.26564e+08	2.42511e+08	3.42049e+08	2.47184e+08	2.40966e+08	1.78936e+08	1.76043e+08	2.50198e+08	2.32648e+08	1.75238e+08	2.51497e+08	2.77566e+08	2.41256e+08	2.8271e+08	2.54372e+08	2.73219e+08	2.29383e+08	3.502e+08	3.46698e+08	3.33723e+08	3.66957e+08	2.45863e+08	3.47963e+08	2.83558e+08	3.11305e+08	3.00335e+08	3.03575e+08	2.86378e+08	3.00782e+08	2.57217e+08	3.5803e+08	3.35583e+08	3.59234e+08	2.58689e+08	2.6211e+08	3.17113e+08	3.13729e+08	3.10826e+08	3.16896e+08	2.86278e+08	3.16242e+08	1.76093e+08	1.73268e+08	1.72871e+08	1.50891e+08	1.52015e+08	1.56662e+08	2.20209e+08	1.94365e+08	2.15489e+08	2.17609e+08	2.66457e+08	2.33573e+08	2.28111e+08	2.67687e+08	2.21475e+08	2.70011e+08	2.26244e+08	2.69415e+08	1.87903e+08	2.02509e+08	1.73127e+08	1.82553e+08	2.01911e+08	1.97243e+08	2.56267e+08	2.06123e+08	2.09191e+08	2.54541e+08	2.35205e+08	2.63399e+08	2.12739e+08	2.3323e+08	2.13758e+08	2.17978e+08	2.13144e+08	1.51411e+08	1.98807e+08	1.70798e+08	1.71658e+08	1.76548e+08	2.01279e+08	1.9857e+08	1.6671e+08	1.71351e+08	1.90841e+08	1.93813e+08	1.67094e+08	1.91342e+08
ERR612551	3.03584e+08	3.27551e+08	4.12802e+08	3.8396e+08	4.71694e+08	3.31415e+08	2.98632e+08	2.82617e+08	2.10754e+08	2.9603e+08	2.14764e+08	2.09396e+08	1.53361e+08	1.50944e+08	2.14022e+08	1.98973e+08	1.50202e+08	2.15013e+08	2.41388e+08	2.10052e+08	2.46096e+08	2.21755e+08	2.37761e+08	1.99908e+08	3.02599e+08	2.99471e+08	2.88421e+08	3.17145e+08	2.12728e+08	3.00799e+08	2.43974e+08	2.68152e+08	2.58421e+08	2.61399e+08	2.46379e+08	2.58965e+08	2.22825e+08	3.0897e+08	2.89504e+08	3.10029e+08	2.24238e+08	2.27124e+08	2.73052e+08	2.69815e+08	2.67646e+08	2.72747e+08	2.46569e+08	2.72356e+08	1.50507e+08	1.48101e+08	1.47728e+08	1.28947e+08	1.29634e+08	1.33774e+08	1.88131e+08	1.65724e+08	1.83937e+08	1.86002e+08	2.2749e+08	1.99264e+08	1.95166e+08	2.29235e+08	1.89253e+08	2.31334e+08	1.93546e+08	2.30834e+08	1.60847e+08	1.73514e+08	1.4828e+08	1.56386e+08	1.72843e+08	1.68583e+08	2.19303e+08	1.7649e+08	1.7906e+08	2.17898e+08	2.01385e+08	2.25567e+08	1.81829e+08	1.99284e+08	1.8255e+08	1.86236e+08	1.82061e+08	1.29064e+08	1.69926e+08	1.4592e+08	1.46479e+08	1.50871e+08	1.72083e+08	1.69788e+08	1.42426e+08	1.46605e+08	1.63242e+08	1.65745e+08	1.42863e+08	1.63562e+08
ERR612550	3.01986e+08	3.25732e+08	4.10526e+08	3.8173e+08	3.31415e+08	4.67948e+08	2.97017e+08	2.80798e+08	2.09425e+08	2.94314e+08	2.13595e+08	2.08228e+08	1.53141e+08	1.50738e+08	2.13554e+08	1.98405e+08	1.49935e+08	2.14625e+08	2.40071e+08	2.08985e+08	2.44861e+08	2.20468e+08	2.36336e+08	1.98788e+08	3.0058e+08	2.97523e+08	2.86459e+08	3.15154e+08	2.11101e+08	2.98836e+08	2.4258e+08	2.66756e+08	2.56954e+08	2.59929e+08	2.45039e+08	2.57453e+08	2.21677e+08	3.07395e+08	2.87833e+08	3.08186e+08	2.22986e+08	2.25863e+08	2.71691e+08	2.68436e+08	2.66257e+08	2.71279e+08	2.45226e+08	2.70734e+08	1.50204e+08	1.47764e+08	1.47406e+08	1.28548e+08	1.29359e+08	1.33423e+08	1.87766e+08	1.65283e+08	1.83698e+08	1.85661e+08	2.27143e+08	1.98842e+08	1.95036e+08	2.29031e+08	1.88862e+08	2.31132e+08	1.93319e+08	2.30632e+08	1.60583e+08	1.73302e+08	1.48137e+08	1.56205e+08	1.72676e+08	1.68443e+08	2.18865e+08	1.75945e+08	1.78651e+08	2.17267e+08	2.00881e+08	2.24903e+08	1.81208e+08	1.98732e+08	1.8213e+08	1.85671e+08	1.81569e+08	1.28522e+08	1.69728e+08	1.45719e+08	1.46224e+08	1.50682e+08	1.71924e+08	1.69524e+08	1.4195e+08	1.4608e+08	1.62873e+08	1.65361e+08	1.4244e+08	1.63143e+08
ERR636885	2.73346e+08	2.93648e+08	3.71216e+08	3.45351e+08	2.98632e+08	2.97017e+08	4.72698e+08	3.1412e+08	2.33336e+08	3.28781e+08	2.37884e+08	2.31905e+08	1.61383e+08	1.58758e+08	2.24848e+08	2.0898e+08	1.5792e+08	2.25878e+08	2.33178e+08	2.02817e+08	2.37496e+08	2.14081e+08	2.2932e+08	1.92993e+08	3.03396e+08	3.00034e+08	2.89466e+08	3.18428e+08	2.13455e+08	3.01884e+08	2.48706e+08	2.73936e+08	2.63669e+08	2.67041e+08	2.51489e+08	2.64247e+08	2.34928e+08	3.25297e+08	3.04982e+08	3.26386e+08	2.36327e+08	2.39462e+08	2.87636e+08	2.84315e+08	2.82247e+08	2.87039e+08	2.60247e+08	2.86695e+08	1.56308e+08	1.53711e+08	1.5336e+08	1.33784e+08	1.34535e+08	1.38876e+08	1.99868e+08	1.76323e+08	1.95522e+08	1.97561e+08	2.40698e+08	2.11515e+08	2.03258e+08	2.38448e+08	1.96863e+08	2.40665e+08	2.01531e+08	2.40059e+08	1.66981e+08	1.79997e+08	1.54069e+08	1.62696e+08	1.79519e+08	1.75093e+08	2.11845e+08	1.70423e+08	1.72961e+08	2.10179e+08	1.94446e+08	2.1762e+08	1.89159e+08	2.07404e+08	1.90147e+08	1.93872e+08	1.89587e+08	1.3463e+08	1.74384e+08	1.49808e+08	1.5029e+08	1.54886e+08	1.76601e+08	1.74215e+08	1.48866e+08	1.52988e+08	1.70537e+08	1.73159e+08	1.49176e+08	1.71138e+08
ERR636883	2.58492e+08	2.77734e+08	3.51039e+08	3.26564e+08	2.82617e+08	2.80798e+08	3.1412e+08	4.3001e+08	2.21425e+08	3.1135e+08	2.25696e+08	2.20051e+08	1.51994e+08	1.4958e+08	2.11968e+08	1.96895e+08	1.4882e+08	2.12785e+08	2.20571e+08	1.91878e+08	2.24662e+08	2.02545e+08	2.17017e+08	1.82538e+08	2.87073e+08	2.8403e+08	2.74094e+08	3.01271e+08	2.02353e+08	2.857e+08	2.34879e+08	2.58566e+08	2.48845e+08	2.52095e+08	2.37609e+08	2.49488e+08	2.22465e+08	3.07658e+08	2.88316e+08	3.08559e+08	2.23794e+08	2.26566e+08	2.71673e+08	2.68689e+08	2.66745e+08	2.71225e+08	2.46179e+08	2.71004e+08	1.47109e+08	1.44794e+08	1.44318e+08	1.25844e+08	1.26552e+08	1.30724e+08	1.8848e+08	1.66241e+08	1.84432e+08	1.86274e+08	2.26931e+08	1.99319e+08	1.91279e+08	2.24601e+08	1.85418e+08	2.26608e+08	1.89748e+08	2.26149e+08	1.57276e+08	1.69582e+08	1.45154e+08	1.53168e+08	1.69091e+08	1.64879e+08	1.99592e+08	1.60527e+08	1.62938e+08	1.98072e+08	1.83175e+08	2.05106e+08	1.7798e+08	1.9519e+08	1.78911e+08	1.82325e+08	1.78361e+08	1.26684e+08	1.64145e+08	1.40802e+08	1.41327e+08	1.45678e+08	1.66147e+08	1.6402e+08	1.40147e+08	1.44176e+08	1.60758e+08	1.63255e+08	1.40497e+08	1.61228e+08
ERR636886	1.92849e+08	2.07222e+08	2.60646e+08	2.42511e+08	2.10754e+08	2.09425e+08	2.33336e+08	2.21425e+08	2.63722e+08	2.31692e+08	1.70704e+08	1.66657e+08	1.10642e+08	1.08937e+08	1.53671e+08	1.42631e+08	1.08401e+08	1.5399e+08	1.66308e+08	1.45031e+08	1.69508e+08	1.53156e+08	1.63645e+08	1.38212e+08	2.13724e+08	2.11376e+08	2.04034e+08	2.23985e+08	1.51312e+08	2.12627e+08	1.7286e+08	1.90814e+08	1.8326e+08	1.85886e+08	1.74815e+08	1.83959e+08	1.65992e+08	2.27475e+08	2.13199e+08	2.27854e+08	1.66969e+08	1.69024e+08	2.0053e+08	1.98063e+08	1.96923e+08	2.00137e+08	1.81874e+08	2.00011e+08	1.06189e+08	1.0441e+08	1.04238e+08	9.08458e+07	9.12666e+07	9.4275e+07	1.36259e+08	1.19915e+08	1.33456e+08	1.34726e+08	1.6391e+08	1.43983e+08	1.38739e+08	1.63081e+08	1.34107e+08	1.64547e+08	1.37696e+08	1.64141e+08	1.14115e+08	1.23214e+08	1.05546e+08	1.11378e+08	1.22865e+08	1.19493e+08	1.45077e+08	1.16604e+08	1.18289e+08	1.43892e+08	1.33108e+08	1.48928e+08	1.2849e+08	1.41095e+08	1.29197e+08	1.31655e+08	1.28816e+08	9.10355e+07	1.1872e+08	1.01876e+08	1.02136e+08	1.0533e+08	1.20177e+08	1.18657e+08	1.01258e+08	1.0418e+08	1.1631e+08	1.18051e+08	1.01581e+08	1.16571e+08
ERR636884	2.7069e+08	2.90968e+08	3.68154e+08	3.42049e+08	2.9603e+08	2.94314e+08	3.28781e+08	3.1135e+08	2.31692e+08	4.665e+08	2.3606e+08	2.30273e+08	1.60158e+08	1.57692e+08	2.23081e+08	2.0723e+08	1.56923e+08	2.23784e+08	2.32416e+08	2.0177e+08	2.36943e+08	2.13329e+08	2.28665e+08	1.9209e+08	3.00313e+08	2.97057e+08	2.86681e+08	3.15376e+08	2.10882e+08	2.98961e+08	2.46149e+08	2.7114e+08	2.60924e+08	2.64209e+08	2.48879e+08	2.61659e+08	2.33436e+08	3.22765e+08	3.02268e+08	3.23452e+08	2.34776e+08	2.37785e+08	2.84721e+08	2.81182e+08	2.79519e+08	2.84041e+08	2.57549e+08	2.83897e+08	1.54836e+08	1.52307e+08	1.52015e+08	1.32535e+08	1.33168e+08	1.37535e+08	1.98003e+08	1.74275e+08	1.93684e+08	1.95632e+08	2.38325e+08	2.09297e+08	2.01521e+08	2.36764e+08	1.95034e+08	2.3892e+08	2.00097e+08	2.38398e+08	1.65618e+08	1.78701e+08	1.53048e+08	1.61484e+08	1.78212e+08	1.73571e+08	2.09864e+08	1.68781e+08	1.7131e+08	2.08221e+08	1.92668e+08	2.15647e+08	1.87215e+08	2.0547e+08	1.88164e+08	1.91886e+08	1.87676e+08	1.3283e+08	1.73076e+08	1.48516e+08	1.4903e+08	1.53569e+08	1.75243e+08	1.72806e+08	1.47422e+08	1.5166e+08	1.69046e+08	1.71642e+08	1.47786e+08	1.69726e+08
ERR636887	1.96573e+08	2.11081e+08	2.65657e+08	2.47184e+08	2.14764e+08	2.13595e+08	2.37884e+08	2.25696e+08	1.70704e+08	2.3606e+08	2.71749e+08	1.69774e+08	1.12635e+08	1.10894e+08	1.56647e+08	1.45544e+08	1.10321e+08	1.57123e+08	1.69295e+08	1.47739e+08	1.72512e+08	1.55924e+08	1.66563e+08	1.4064e+08	2.17834e+08	2.15432e+08	2.07974e+08	2.28439e+08	1.54336e+08	2.16759e+08	1.76611e+08	1.94814e+08	1.87039e+08	1.89817e+08	1.78604e+08	1.87902e+08	1.6914e+08	2.31953e+08	2.17333e+08	2.32384e+08	1.70039e+08	1.7214e+08	2.0467e+08	2.02186e+08	2.01039e+08	2.04273e+08	1.85519e+08	2.0398e+08	1.08349e+08	1.06533e+08	1.06377e+08	9.27148e+07	9.3217e+07	9.62402e+07	1.38987e+08	1.22211e+08	1.36003e+08	1.37283e+08	1.67026e+08	1.46948e+08	1.41514e+08	1.66292e+08	1.36841e+08	1.67748e+08	1.40343e+08	1.67364e+08	1.16367e+08	1.25624e+08	1.07677e+08	1.13488e+08	1.25253e+08	1.2189e+08	1.47746e+08	1.18876e+08	1.20539e+08	1.46478e+08	1.35631e+08	1.51683e+08	1.31134e+08	1.43895e+08	1.31913e+08	1.34397e+08	1.31428e+08	9.29827e+07	1.21127e+08	1.03918e+08	1.04161e+08	1.07412e+08	1.22667e+08	1.21e+08	1.03225e+08	1.06292e+08	1.18551e+08	1.20323e+08	1.036e+08	1.18875e+08
ERR636888	1.91682e+08	2.05862e+08	2.59072e+08	2.40966e+08	2.09396e+08	2.08228e+08	2.31905e+08	2.20051e+08	1.66657e+08	2.30273e+08	1.69774e+08	2.60748e+08	1.09675e+08	1.07942e+08	1.52429e+08	1.41653e+08	1.07469e+08	1.52892e+08	1.65065e+08	1.44078e+08	1.6821e+08	1.52007e+08	1.62445e+08	1.37268e+08	2.12455e+08	2.10082e+08	2.02789e+08	2.22652e+08	1.50574e+08	2.11241e+08	1.7203e+08	1.89842e+08	1.82359e+08	1.84903e+08	1.73924e+08	1.83076e+08	1.6468e+08	2.25895e+08	2.11859e+08	2.26295e+08	1.65661e+08	1.67771e+08	1.99386e+08	1.9691e+08	1.95612e+08	1.98918e+08	1.80748e+08	1.98772e+08	1.05425e+08	1.03639e+08	1.03571e+08	9.01875e+07	9.06437e+07	9.35461e+07	1.3515e+08	1.19036e+08	1.32203e+08	1.33515e+08	1.62653e+08	1.4288e+08	1.37767e+08	1.61915e+08	1.33265e+08	1.63341e+08	1.36743e+08	1.63007e+08	1.13238e+08	1.22171e+08	1.04735e+08	1.10462e+08	1.21867e+08	1.18553e+08	1.43747e+08	1.15613e+08	1.17256e+08	1.42713e+08	1.31968e+08	1.47717e+08	1.27656e+08	1.40015e+08	1.28343e+08	1.30702e+08	1.27887e+08	9.05077e+07	1.17873e+08	1.01128e+08	1.01425e+08	1.04531e+08	1.19377e+08	1.17749e+08	1.00537e+08	1.03467e+08	1.15386e+08	1.17119e+08	1.00858e+08	1.15677e+08
ERR622232	1.39838e+08	1.51088e+08	1.93736e+08	1.78936e+08	1.53361e+08	1.53141e+08	1.61383e+08	1.51994e+08	1.10642e+08	1.60158e+08	1.12635e+08	1.09675e+08	3.12828e+08	2.01508e+08	2.76045e+08	2.56725e+08	2.00461e+08	2.76621e+08	1.3709e+08	1.17283e+08	1.40104e+08	1.24564e+08	1.34767e+08	1.11713e+08	1.54349e+08	1.52705e+08	1.46645e+08	1.62832e+08	1.04858e+08	1.53663e+08	1.51512e+08	1.66804e+08	1.61251e+08	1.62749e+08	1.53313e+08	1.61093e+08	1.3775e+08	1.93467e+08	1.80112e+08	1.93495e+08	1.38528e+08	1.40266e+08	1.68603e+08	1.66149e+08	1.65228e+08	1.6825e+08	1.51238e+08	1.67859e+08	1.70739e+08	1.68368e+08	1.68267e+08	1.472e+08	1.47699e+08	1.52308e+08	2.17468e+08	1.90711e+08	2.12449e+08	2.14683e+08	2.60013e+08	2.29008e+08	2.31271e+08	2.70416e+08	2.23512e+08	2.7263e+08	2.29736e+08	2.71915e+08	1.84705e+08	1.99231e+08	1.71467e+08	1.8041e+08	1.98902e+08	1.93145e+08	2.02291e+08	1.63189e+08	1.65498e+08	2.00611e+08	1.86028e+08	2.07646e+08	2.14909e+08	2.3479e+08	2.15769e+08	2.19591e+08	2.15372e+08	1.53755e+08	1.9818e+08	1.71226e+08	1.71375e+08	1.76542e+08	2.00637e+08	1.9791e+08	1.65714e+08	1.70307e+08	1.8929e+08	1.91754e+08	1.66359e+08	1.89557e+08
ERR622231	1.37692e+08	1.48591e+08	1.90745e+08	1.76043e+08	1.50944e+08	1.50738e+08	1.58758e+08	1.4958e+08	1.08937e+08	1.57692e+08	1.10894e+08	1.07942e+08	2.01508e+08	3.0498e+08	2.72027e+08	2.52925e+08	1.97628e+08	2.72503e+08	1.34974e+08	1.1554e+08	1.37905e+08	1.22644e+08	1.32616e+08	1.09992e+08	1.51832e+08	1.50176e+08	1.44214e+08	1.60242e+08	1.0317e+08	1.51118e+08	1.493e+08	1.64345e+08	1.58779e+08	1.60305e+08	1.5106e+08	1.58732e+08	1.35634e+08	1.90327e+08	1.77284e+08	1.90537e+08	1.36347e+08	1.37935e+08	1.66015e+08	1.63535e+08	1.6273e+08	1.65614e+08	1.48852e+08	1.65318e+08	1.68244e+08	1.65936e+08	1.65745e+08	1.45044e+08	1.45682e+08	1.5009e+08	2.14057e+08	1.87669e+08	2.08988e+08	2.11376e+08	2.55915e+08	2.25362e+08	2.27703e+08	2.6631e+08	2.19973e+08	2.68514e+08	2.2622e+08	2.67708e+08	1.81993e+08	1.96454e+08	1.69064e+08	1.77917e+08	1.96111e+08	1.90209e+08	1.99372e+08	1.60893e+08	1.63122e+08	1.97729e+08	1.83494e+08	2.04645e+08	2.11623e+08	2.31169e+08	2.12384e+08	2.16224e+08	2.12099e+08	1.5134e+08	1.95218e+08	1.68784e+08	1.69016e+08	1.73999e+08	1.97669e+08	1.95037e+08	1.63295e+08	1.67778e+08	1.86434e+08	1.88908e+08	1.63838e+08	1.86697e+08
ERR622228	1.95354e+08	2.1065e+08	2.70169e+08	2.50198e+08	2.14022e+08	2.13554e+08	2.24848e+08	2.11968e+08	1.53671e+08	2.23081e+08	1.56647e+08	1.52429e+08	2.76045e+08	2.72027e+08	5.28515e+08	3.51598e+08	2.70851e+08	3.79074e+08	1.87676e+08	1.60722e+08	1.91567e+08	1.70507e+08	1.84508e+08	1.52856e+08	2.16039e+08	2.1372e+08	2.05122e+08	2.2759e+08	1.47359e+08	2.14914e+08	2.11269e+08	2.31888e+08	2.24627e+08	2.26339e+08	2.13552e+08	2.2424e+08	1.90727e+08	2.68952e+08	2.50826e+08	2.69554e+08	1.9197e+08	1.94176e+08	2.35366e+08	2.32202e+08	2.30696e+08	2.35032e+08	2.11293e+08	2.34526e+08	2.34832e+08	2.31642e+08	2.31268e+08	2.02548e+08	2.03383e+08	2.09491e+08	2.98091e+08	2.62066e+08	2.90893e+08	2.9433e+08	3.57488e+08	3.14628e+08	3.16972e+08	3.70656e+08	3.06939e+08	3.73887e+08	3.14752e+08	3.72926e+08	2.52618e+08	2.72313e+08	2.33923e+08	2.46363e+08	2.71916e+08	2.644e+08	2.76728e+08	2.23213e+08	2.26387e+08	2.74634e+08	2.54586e+08	2.8457e+08	2.94115e+08	3.21634e+08	2.95279e+08	3.00941e+08	2.9489e+08	2.10491e+08	2.70813e+08	2.33773e+08	2.34294e+08	2.41198e+08	2.74008e+08	2.70493e+08	2.27042e+08	2.3319e+08	2.5905e+08	2.6262e+08	2.2757e+08	2.59541e+08
ERR622227	1.81485e+08	1.95821e+08	2.50963e+08	2.32648e+08	1.98973e+08	1.98405e+08	2.0898e+08	1.96895e+08	1.42631e+08	2.0723e+08	1.45544e+08	1.41653e+08	2.56725e+08	2.52925e+08	3.51598e+08	4.67416e+08	2.51779e+08	3.52942e+08	1.73156e+08	1.48542e+08	1.7671e+08	1.57345e+08	1.70296e+08	1.41176e+08	2.01228e+08	1.99104e+08	1.91212e+08	2.11811e+08	1.37837e+08	2.00055e+08	1.97101e+08	2.16049e+08	2.09488e+08	2.10877e+08	1.99151e+08	2.08998e+08	1.76877e+08	2.49606e+08	2.33285e+08	2.50513e+08	1.77921e+08	1.79941e+08	2.19404e+08	2.16674e+08	2.14851e+08	2.1905e+08	1.9695e+08	2.18538e+08	2.18636e+08	2.15726e+08	2.15343e+08	1.88781e+08	1.89689e+08	1.95431e+08	2.77612e+08	2.444e+08	2.70866e+08	2.73884e+08	3.32692e+08	2.92841e+08	2.94895e+08	3.44405e+08	2.86107e+08	3.47377e+08	2.92631e+08	3.46293e+08	2.35021e+08	2.52993e+08	2.17386e+08	2.2889e+08	2.52619e+08	2.46152e+08	2.57649e+08	2.08158e+08	2.11165e+08	2.55842e+08	2.37136e+08	2.65035e+08	2.74438e+08	2.99706e+08	2.75505e+08	2.80738e+08	2.75133e+08	1.97356e+08	2.52063e+08	2.17786e+08	2.18364e+08	2.24781e+08	2.55003e+08	2.51865e+08	2.11859e+08	2.17429e+08	2.41307e+08	2.44543e+08	2.12166e+08	2.41822e+08
ERR622230	1.36868e+08	1.4783e+08	1.89641e+08	1.75238e+08	1.50202e+08	1.49935e+08	1.5792e+08	1.4882e+08	1.08401e+08	1.56923e+08	1.10321e+08	1.07469e+08	2.00461e+08	1.97628e+08	2.70851e+08	2.51779e+08	3.02688e+08	2.71142e+08	1.34143e+08	1.14876e+08	1.37186e+08	1.21977e+08	1.31906e+08	1.0943e+08	1.51144e+08	1.49536e+08	1.43583e+08	1.5949e+08	1.0277e+08	1.50511e+08	1.4844e+08	1.63533e+08	1.5809e+08	1.5955e+08	1.50334e+08	1.5801e+08	1.34903e+08	1.89489e+08	1.76403e+08	1.8951e+08	1.3563e+08	1.37364e+08	1.6513e+08	1.62637e+08	1.61938e+08	1.64799e+08	1.48109e+08	1.64462e+08	1.67365e+08	1.65108e+08	1.64882e+08	1.44383e+08	1.4481e+08	1.49302e+08	2.12953e+08	1.86751e+08	2.07865e+08	2.10298e+08	2.54611e+08	2.24232e+08	2.26588e+08	2.65046e+08	2.19034e+08	2.67202e+08	2.25213e+08	2.66555e+08	1.81063e+08	1.95335e+08	1.68145e+08	1.76955e+08	1.95138e+08	1.89361e+08	1.98096e+08	1.59899e+08	1.62112e+08	1.96508e+08	1.82296e+08	2.03355e+08	2.1043e+08	2.29996e+08	2.11313e+08	2.1516e+08	2.10987e+08	1.50635e+08	1.94237e+08	1.67908e+08	1.679e+08	1.73083e+08	1.9656e+08	1.93978e+08	1.62342e+08	1.66812e+08	1.85436e+08	1.87834e+08	1.62965e+08	1.85579e+08
ERR622229	1.96241e+08	2.11602e+08	2.71272e+08	2.51497e+08	2.15013e+08	2.14625e+08	2.25878e+08	2.12785e+08	1.5399e+08	2.23784e+08	1.57123e+08	1.52892e+08	2.76621e+08	2.72503e+08	3.79074e+08	3.52942e+08	2.71142e+08	5.3176e+08	1.87293e+08	1.60574e+08	1.91184e+08	1.70265e+08	1.84122e+08	1.52766e+08	2.17214e+08	2.1496e+08	2.06496e+08	2.2875e+08	1.48689e+08	2.16205e+08	2.12729e+08	2.331e+08	2.26152e+08	2.27857e+08	2.15014e+08	2.25477e+08	1.91187e+08	2.69999e+08	2.52028e+08	2.70765e+08	1.92394e+08	1.94614e+08	2.36857e+08	2.33884e+08	2.31964e+08	2.36599e+08	2.12651e+08	2.36041e+08	2.36044e+08	2.32804e+08	2.32436e+08	2.03582e+08	2.04821e+08	2.10666e+08	2.99093e+08	2.63293e+08	2.91923e+08	2.95231e+08	3.58897e+08	3.15654e+08	3.17955e+08	3.71556e+08	3.08502e+08	3.74919e+08	3.15617e+08	3.73836e+08	2.53751e+08	2.73201e+08	2.34622e+08	2.471e+08	2.72895e+08	2.65731e+08	2.7797e+08	2.24218e+08	2.27505e+08	2.75895e+08	2.55666e+08	2.85648e+08	2.95705e+08	3.22826e+08	2.96808e+08	3.02464e+08	2.96257e+08	2.12151e+08	2.71728e+08	2.34778e+08	2.35407e+08	2.42194e+08	2.74992e+08	2.71379e+08	2.28116e+08	2.34314e+08	2.60217e+08	2.63748e+08	2.28599e+08	2.60563e+08
ERR612940	2.19749e+08	2.37623e+08	3.00614e+08	2.77566e+08	2.41388e+08	2.40071e+08	2.33178e+08	2.20571e+08	1.66308e+08	2.32416e+08	1.69295e+08	1.65065e+08	1.3709e+08	1.34974e+08	1.87676e+08	1.73156e+08	1.34143e+08	1.87293e+08	4.01567e+08	2.49545e+08	2.96916e+08	2.65918e+08	2.8586e+08	2.38526e+08	2.22719e+08	2.20494e+08	2.11929e+08	2.34567e+08	1.52959e+08	2.2191e+08	2.03057e+08	2.25661e+08	2.15608e+08	2.19324e+08	2.05523e+08	2.17348e+08	1.97259e+08	2.70028e+08	2.50989e+08	2.69066e+08	1.97899e+08	2.00768e+08	2.39496e+08	2.35375e+08	2.34912e+08	2.39022e+08	2.1571e+08	2.38827e+08	1.29744e+08	1.27728e+08	1.27667e+08	1.10956e+08	1.11017e+08	1.14855e+08	1.64052e+08	1.42044e+08	1.60241e+08	1.62035e+08	1.97849e+08	1.7278e+08	1.77336e+08	2.0974e+08	1.69239e+08	2.11798e+08	1.76656e+08	2.10912e+08	1.44096e+08	1.56841e+08	1.34361e+08	1.41618e+08	1.56391e+08	1.50367e+08	1.81051e+08	1.45063e+08	1.46929e+08	1.79313e+08	1.65968e+08	1.85851e+08	1.58923e+08	1.74652e+08	1.59656e+08	1.62432e+08	1.59149e+08	1.10471e+08	1.48666e+08	1.27547e+08	1.2726e+08	1.31308e+08	1.50733e+08	1.48635e+08	1.2349e+08	1.27111e+08	1.42525e+08	1.44602e+08	1.24392e+08	1.42517e+08
ERR612944	1.91374e+08	2.06724e+08	2.60781e+08	2.41256e+08	2.10052e+08	2.08985e+08	2.02817e+08	1.91878e+08	1.45031e+08	2.0177e+08	1.47739e+08	1.44078e+08	1.17283e+08	1.1554e+08	1.60722e+08	1.48542e+08	1.14876e+08	1.60574e+08	2.49545e+08	3.12361e+08	2.54883e+08	2.31144e+08	2.45747e+08	2.07659e+08	1.94204e+08	1.92345e+08	1.84872e+08	2.04214e+08	1.34199e+08	1.93322e+08	1.77049e+08	1.96604e+08	1.8776e+08	1.91127e+08	1.79182e+08	1.89459e+08	1.70858e+08	2.33803e+08	2.17362e+08	2.33127e+08	1.7145e+08	1.73941e+08	2.08645e+08	2.05021e+08	2.04282e+08	2.08136e+08	1.87944e+08	2.07947e+08	1.11384e+08	1.0961e+08	1.09536e+08	9.52527e+07	9.54534e+07	9.85142e+07	1.40643e+08	1.21949e+08	1.3738e+08	1.38839e+08	1.69548e+08	1.48125e+08	1.51997e+08	1.79491e+08	1.45177e+08	1.81308e+08	1.51441e+08	1.80622e+08	1.2375e+08	1.34497e+08	1.15194e+08	1.2126e+08	1.34137e+08	1.29084e+08	1.55642e+08	1.2481e+08	1.26353e+08	1.54241e+08	1.42665e+08	1.5966e+08	1.36612e+08	1.49748e+08	1.37299e+08	1.3937e+08	1.36718e+08	9.51021e+07	1.27309e+08	1.0931e+08	1.09201e+08	1.12554e+08	1.29083e+08	1.27234e+08	1.06016e+08	1.09085e+08	1.22125e+08	1.23906e+08	1.06683e+08	1.22135e+08
ERR612939	2.24025e+08	2.4234e+08	3.06826e+08	2.8271e+08	2.46096e+08	2.44861e+08	2.37496e+08	2.24662e+08	1.69508e+08	2.36943e+08	1.72512e+08	1.6821e+08	1.40104e+08	1.37905e+08	1.91567e+08	1.7671e+08	1.37186e+08	1.91184e+08	2.96916e+08	2.54883e+08	4.17181e+08	2.7172e+08	2.92254e+08	2.4371e+08	2.26681e+08	2.24346e+08	2.15774e+08	2.38946e+08	1.55444e+08	2.2604e+08	2.06558e+08	2.29914e+08	2.19496e+08	2.23272e+08	2.09138e+08	2.21278e+08	2.01589e+08	2.75854e+08	2.56113e+08	2.74559e+08	2.02205e+08	2.05268e+08	2.43818e+08	2.39329e+08	2.39122e+08	2.43098e+08	2.1957e+08	2.42973e+08	1.3247e+08	1.30383e+08	1.3019e+08	1.13157e+08	1.13207e+08	1.16994e+08	1.67458e+08	1.44703e+08	1.63623e+08	1.65254e+08	2.01963e+08	1.76262e+08	1.81215e+08	2.14432e+08	1.72556e+08	2.16591e+08	1.8046e+08	2.15773e+08	1.4717e+08	1.60207e+08	1.3735e+08	1.44698e+08	1.59768e+08	1.53358e+08	1.84864e+08	1.47988e+08	1.49759e+08	1.82947e+08	1.69334e+08	1.89489e+08	1.62001e+08	1.78101e+08	1.62955e+08	1.65538e+08	1.62262e+08	1.12285e+08	1.5171e+08	1.3015e+08	1.29845e+08	1.33958e+08	1.53873e+08	1.51719e+08	1.25947e+08	1.29708e+08	1.455e+08	1.4768e+08	1.26825e+08	1.45501e+08
ERR612943	2.01786e+08	2.18185e+08	2.75625e+08	2.54372e+08	2.21755e+08	2.20468e+08	2.14081e+08	2.02545e+08	1.53156e+08	2.13329e+08	1.55924e+08	1.52007e+08	1.24564e+08	1.22644e+08	1.70507e+08	1.57345e+08	1.21977e+08	1.70265e+08	2.65918e+08	2.31144e+08	2.7172e+08	3.45961e+08	2.61655e+08	2.20629e+08	2.04665e+08	2.02557e+08	1.94768e+08	2.15356e+08	1.4089e+08	2.03896e+08	1.86389e+08	2.07265e+08	1.97849e+08	2.01422e+08	1.88667e+08	1.99688e+08	1.81156e+08	2.47541e+08	2.30003e+08	2.46951e+08	1.81752e+08	1.84413e+08	2.19803e+08	2.16074e+08	2.15451e+08	2.19356e+08	1.98059e+08	2.19123e+08	1.17811e+08	1.15867e+08	1.15901e+08	1.00836e+08	1.00792e+08	1.04199e+08	1.48975e+08	1.29022e+08	1.45509e+08	1.46986e+08	1.79709e+08	1.56893e+08	1.61221e+08	1.90684e+08	1.53765e+08	1.92409e+08	1.605e+08	1.91771e+08	1.3093e+08	1.42524e+08	1.22117e+08	1.28724e+08	1.4218e+08	1.36697e+08	1.64808e+08	1.32028e+08	1.33689e+08	1.63218e+08	1.51037e+08	1.68946e+08	1.44532e+08	1.5871e+08	1.45241e+08	1.47533e+08	1.44579e+08	1.00364e+08	1.34819e+08	1.15701e+08	1.15525e+08	1.19249e+08	1.36768e+08	1.34955e+08	1.12182e+08	1.15488e+08	1.29397e+08	1.31365e+08	1.1299e+08	1.29432e+08
ERR612941	2.1643e+08	2.33925e+08	2.95932e+08	2.73219e+08	2.37761e+08	2.36336e+08	2.2932e+08	2.17017e+08	1.63645e+08	2.28665e+08	1.66563e+08	1.62445e+08	1.34767e+08	1.32616e+08	1.84508e+08	1.70296e+08	1.31906e+08	1.84122e+08	2.8586e+08	2.45747e+08	2.92254e+08	2.61655e+08	3.90535e+08	2.34768e+08	2.19247e+08	2.17057e+08	2.08627e+08	2.30857e+08	1.50616e+08	2.18539e+08	1.99758e+08	2.22036e+08	2.12013e+08	2.15755e+08	2.02184e+08	2.139e+08	1.94365e+08	2.65916e+08	2.47082e+08	2.65094e+08	1.95001e+08	1.97781e+08	2.35573e+08	2.31511e+08	2.3126e+08	2.35132e+08	2.12223e+08	2.34888e+08	1.27626e+08	1.25454e+08	1.25477e+08	1.0902e+08	1.09122e+08	1.12796e+08	1.61214e+08	1.39685e+08	1.57488e+08	1.59179e+08	1.94533e+08	1.69797e+08	1.74362e+08	2.06188e+08	1.66287e+08	2.08284e+08	1.73725e+08	2.07436e+08	1.41649e+08	1.54174e+08	1.32065e+08	1.39153e+08	1.53765e+08	1.47675e+08	1.78182e+08	1.42717e+08	1.44533e+08	1.76414e+08	1.63323e+08	1.82732e+08	1.56081e+08	1.71766e+08	1.57055e+08	1.59561e+08	1.56441e+08	1.08509e+08	1.46177e+08	1.25327e+08	1.25146e+08	1.29074e+08	1.48148e+08	1.46162e+08	1.21569e+08	1.25067e+08	1.40201e+08	1.42357e+08	1.22484e+08	1.40278e+08
ERR612942	1.82151e+08	1.9663e+08	2.48148e+08	2.29383e+08	1.99908e+08	1.98788e+08	1.92993e+08	1.82538e+08	1.38212e+08	1.9209e+08	1.4064e+08	1.37268e+08	1.11713e+08	1.09992e+08	1.52856e+08	1.41176e+08	1.0943e+08	1.52766e+08	2.38526e+08	2.07659e+08	2.4371e+08	2.20629e+08	2.34768e+08	2.88352e+08	1.84641e+08	1.82779e+08	1.75751e+08	1.94188e+08	1.27467e+08	1.83966e+08	1.68184e+08	1.86958e+08	1.78427e+08	1.81692e+08	1.70163e+08	1.80072e+08	1.63135e+08	2.22919e+08	2.07203e+08	2.22234e+08	1.63668e+08	1.6603e+08	1.98276e+08	1.94763e+08	1.94301e+08	1.97744e+08	1.78703e+08	1.97457e+08	1.0587e+08	1.04107e+08	1.0413e+08	9.05592e+07	9.05806e+07	9.36034e+07	1.33636e+08	1.15801e+08	1.30545e+08	1.31879e+08	1.61269e+08	1.40751e+08	1.44537e+08	1.70718e+08	1.37955e+08	1.72415e+08	1.43856e+08	1.71775e+08	1.17792e+08	1.28044e+08	1.09632e+08	1.15538e+08	1.27661e+08	1.22851e+08	1.47819e+08	1.18521e+08	1.20011e+08	1.46471e+08	1.35565e+08	1.51614e+08	1.29744e+08	1.42429e+08	1.30446e+08	1.32437e+08	1.29876e+08	9.02845e+07	1.21105e+08	1.03945e+08	1.03795e+08	1.0713e+08	1.22784e+08	1.21118e+08	1.00729e+08	1.03656e+08	1.16149e+08	1.17794e+08	1.0143e+08	1.16139e+08
ERR608852	2.77046e+08	2.97168e+08	3.75584e+08	3.502e+08	3.02599e+08	3.0058e+08	3.03396e+08	2.87073e+08	2.13724e+08	3.00313e+08	2.17834e+08	2.12455e+08	1.54349e+08	1.51832e+08	2.16039e+08	2.01228e+08	1.51144e+08	2.17214e+08	2.22719e+08	1.94204e+08	2.26681e+08	2.04665e+08	2.19247e+08	1.84641e+08	4.62732e+08	3.20774e+08	3.07988e+08	3.37838e+08	2.29114e+08	3.22082e+08	2.52399e+08	2.76655e+08	2.66914e+08	2.70059e+08	2.54876e+08	2.67388e+08	2.25106e+08	3.1292e+08	2.93582e+08	3.14314e+08	2.2653e+08	2.29374e+08	2.81029e+08	2.77992e+08	2.75202e+08	2.80627e+08	2.5397e+08	2.80103e+08	1.51531e+08	1.49226e+08	1.48764e+08	1.29871e+08	1.3083e+08	1.34976e+08	1.90778e+08	1.68924e+08	1.86604e+08	1.88636e+08	2.30736e+08	2.02357e+08	1.95861e+08	2.2972e+08	1.90619e+08	2.31859e+08	1.94238e+08	2.31295e+08	1.60518e+08	1.7281e+08	1.47748e+08	1.55737e+08	1.72329e+08	1.68532e+08	2.06462e+08	1.66278e+08	1.68777e+08	2.05219e+08	1.89663e+08	2.12375e+08	1.839e+08	2.01307e+08	1.84662e+08	1.88386e+08	1.84074e+08	1.31178e+08	1.69324e+08	1.45489e+08	1.46195e+08	1.50377e+08	1.7138e+08	1.69015e+08	1.44144e+08	1.48266e+08	1.64821e+08	1.67498e+08	1.44354e+08	1.65451e+08
ERR608851	2.74148e+08	2.94151e+08	3.71571e+08	3.46698e+08	2.99471e+08	2.97523e+08	3.00034e+08	2.8403e+08	2.11376e+08	2.97057e+08	2.15432e+08	2.10082e+08	1.52705e+08	1.50176e+08	2.1372e+08	1.99104e+08	1.49536e+08	2.1496e+08	2.20494e+08	1.92345e+08	2.24346e+08	2.02557e+08	2.17057e+08	1.82779e+08	3.20774e+08	4.54802e+08	3.05003e+08	3.34518e+08	2.26856e+08	3.1894e+08	2.49931e+08	2.73826e+08	2.64163e+08	2.6721e+08	2.52265e+08	2.64659e+08	2.22715e+08	3.09522e+08	2.90453e+08	3.10979e+08	2.24101e+08	2.26785e+08	2.78039e+08	2.75003e+08	2.72224e+08	2.77544e+08	2.5115e+08	2.77096e+08	1.50022e+08	1.4771e+08	1.47352e+08	1.28544e+08	1.29559e+08	1.33638e+08	1.888e+08	1.67041e+08	1.84726e+08	1.8663e+08	2.28234e+08	2.00295e+08	1.93967e+08	2.27613e+08	1.88831e+08	2.29563e+08	1.92378e+08	2.29005e+08	1.5898e+08	1.71093e+08	1.46417e+08	1.54369e+08	1.70641e+08	1.66902e+08	2.04113e+08	1.64353e+08	1.66988e+08	2.02866e+08	1.87547e+08	2.10171e+08	1.8198e+08	1.99323e+08	1.82673e+08	1.86397e+08	1.82147e+08	1.29919e+08	1.67593e+08	1.44039e+08	1.44763e+08	1.48948e+08	1.69722e+08	1.67509e+08	1.42622e+08	1.46565e+08	1.63018e+08	1.65562e+08	1.42838e+08	1.63651e+08
ERR608848	2.64005e+08	2.83249e+08	3.576e+08	3.33723e+08	2.88421e+08	2.86459e+08	2.89466e+08	2.74094e+08	2.04034e+08	2.86681e+08	2.07974e+08	2.02789e+08	1.46645e+08	1.44214e+08	2.05122e+08	1.91212e+08	1.43583e+08	2.06496e+08	2.11929e+08	1.84872e+08	2.15774e+08	1.94768e+08	2.08627e+08	1.75751e+08	3.07988e+08	3.05003e+08	4.27222e+08	3.23443e+08	2.20116e+08	3.06311e+08	2.40679e+08	2.6365e+08	2.54373e+08	2.57487e+08	2.43041e+08	2.54751e+08	2.14496e+08	2.97893e+08	2.79724e+08	2.99215e+08	2.15685e+08	2.18549e+08	2.67559e+08	2.64916e+08	2.6223e+08	2.67204e+08	2.42057e+08	2.6681e+08	1.44076e+08	1.41685e+08	1.41452e+08	1.23445e+08	1.24385e+08	1.28267e+08	1.81182e+08	1.60523e+08	1.77329e+08	1.79184e+08	2.19248e+08	1.92152e+08	1.86251e+08	2.1839e+08	1.81307e+08	2.20374e+08	1.84723e+08	2.1979e+08	1.5275e+08	1.64317e+08	1.40493e+08	1.48195e+08	1.63746e+08	1.60362e+08	1.96005e+08	1.57709e+08	1.60082e+08	1.94636e+08	1.7994e+08	2.01631e+08	1.7493e+08	1.91499e+08	1.75557e+08	1.79023e+08	1.74899e+08	1.25006e+08	1.6089e+08	1.38219e+08	1.38975e+08	1.42992e+08	1.62818e+08	1.60658e+08	1.36881e+08	1.40668e+08	1.56441e+08	1.58979e+08	1.37022e+08	1.57099e+08
ERR608849	2.9018e+08	3.11522e+08	3.9399e+08	3.66957e+08	3.17145e+08	3.15154e+08	3.18428e+08	3.01271e+08	2.23985e+08	3.15376e+08	2.28439e+08	2.22652e+08	1.62832e+08	1.60242e+08	2.2759e+08	2.11811e+08	1.5949e+08	2.2875e+08	2.34567e+08	2.04214e+08	2.38946e+08	2.15356e+08	2.30857e+08	1.94188e+08	3.37838e+08	3.34518e+08	3.23443e+08	5.01778e+08	2.39669e+08	3.36143e+08	2.64509e+08	2.90225e+08	2.79845e+08	2.83381e+08	2.67175e+08	2.80407e+08	2.36507e+08	3.28686e+08	3.08271e+08	3.29806e+08	2.38101e+08	2.41113e+08	2.94561e+08	2.91412e+08	2.88738e+08	2.94127e+08	2.66337e+08	2.93724e+08	1.59724e+08	1.57135e+08	1.56717e+08	1.36798e+08	1.37803e+08	1.42085e+08	2.00982e+08	1.77265e+08	1.96602e+08	1.98465e+08	2.42869e+08	2.1287e+08	2.0642e+08	2.42492e+08	2.00674e+08	2.44476e+08	2.04877e+08	2.44057e+08	1.694e+08	1.8241e+08	1.5604e+08	1.64643e+08	1.81948e+08	1.77739e+08	2.17161e+08	1.74677e+08	1.77313e+08	2.15553e+08	1.9941e+08	2.23286e+08	1.93377e+08	2.12079e+08	1.94303e+08	1.98187e+08	1.93574e+08	1.37733e+08	1.78618e+08	1.53384e+08	1.53966e+08	1.58589e+08	1.80895e+08	1.78391e+08	1.51539e+08	1.55892e+08	1.73517e+08	1.76294e+08	1.51842e+08	1.74112e+08
ERR608847	1.95261e+08	2.08775e+08	2.62149e+08	2.45863e+08	2.12728e+08	2.11101e+08	2.13455e+08	2.02353e+08	1.51312e+08	2.10882e+08	1.54336e+08	1.50574e+08	1.04858e+08	1.0317e+08	1.47359e+08	1.37837e+08	1.0277e+08	1.48689e+08	1.52959e+08	1.34199e+08	1.55444e+08	1.4089e+08	1.50616e+08	1.27467e+08	2.29114e+08	2.26856e+08	2.20116e+08	2.39669e+08	2.61903e+08	2.27736e+08	1.78205e+08	1.94455e+08	1.8795e+08	1.90113e+08	1.79675e+08	1.8814e+08	1.5666e+08	2.17262e+08	2.04795e+08	2.18784e+08	1.57628e+08	1.5955e+08	1.97468e+08	1.95851e+08	1.93372e+08	1.97168e+08	1.79079e+08	1.96824e+08	1.03556e+08	1.01977e+08	1.01676e+08	8.88964e+07	8.97736e+07	9.25775e+07	1.30519e+08	1.16461e+08	1.2773e+08	1.29067e+08	1.57939e+08	1.38727e+08	1.33507e+08	1.56152e+08	1.30715e+08	1.57429e+08	1.32139e+08	1.57216e+08	1.09479e+08	1.17419e+08	1.00459e+08	1.05749e+08	1.17124e+08	1.15151e+08	1.40662e+08	1.13508e+08	1.15192e+08	1.39898e+08	1.29178e+08	1.448e+08	1.26085e+08	1.37656e+08	1.26462e+08	1.29292e+08	1.26151e+08	9.11644e+07	1.15231e+08	9.92646e+07	9.99471e+07	1.02694e+08	1.16671e+08	1.15018e+08	9.87951e+07	1.01549e+08	1.12406e+08	1.14174e+08	9.8614e+07	1.12885e+08
ERR608850	2.75261e+08	2.95398e+08	3.73364e+08	3.47963e+08	3.00799e+08	2.98836e+08	3.01884e+08	2.857e+08	2.12627e+08	2.98961e+08	2.16759e+08	2.11241e+08	1.53663e+08	1.51118e+08	2.14914e+08	2.00055e+08	1.50511e+08	2.16205e+08	2.2191e+08	1.93322e+08	2.2604e+08	2.03896e+08	2.18539e+08	1.83966e+08	3.22082e+08	3.1894e+08	3.06311e+08	3.36143e+08	2.27736e+08	4.58612e+08	2.50813e+08	2.75091e+08	2.65247e+08	2.68538e+08	2.53427e+08	2.65765e+08	2.24099e+08	3.11333e+08	2.92068e+08	3.12532e+08	2.25631e+08	2.28356e+08	2.79211e+08	2.76238e+08	2.73562e+08	2.7867e+08	2.52336e+08	2.78379e+08	1.5071e+08	1.48238e+08	1.47929e+08	1.2903e+08	1.29982e+08	1.34162e+08	1.8966e+08	1.67788e+08	1.85602e+08	1.87586e+08	2.2947e+08	2.01083e+08	1.94746e+08	2.28657e+08	1.89434e+08	2.30528e+08	1.93255e+08	2.30084e+08	1.59828e+08	1.71998e+08	1.47167e+08	1.55189e+08	1.71618e+08	1.67743e+08	2.0513e+08	1.65049e+08	1.67433e+08	2.03693e+08	1.88299e+08	2.10867e+08	1.82684e+08	2.00056e+08	1.83389e+08	1.87112e+08	1.8274e+08	1.30205e+08	1.68313e+08	1.44629e+08	1.45275e+08	1.49516e+08	1.70423e+08	1.68207e+08	1.43152e+08	1.47143e+08	1.63841e+08	1.6651e+08	1.43336e+08	1.6439e+08
ERR618754	2.23276e+08	2.39657e+08	3.04226e+08	2.83558e+08	2.43974e+08	2.4258e+08	2.48706e+08	2.34879e+08	1.7286e+08	2.46149e+08	1.76611e+08	1.7203e+08	1.51512e+08	1.493e+08	2.11269e+08	1.97101e+08	1.4844e+08	2.12729e+08	2.03057e+08	1.77049e+08	2.06558e+08	1.86389e+08	1.99758e+08	1.68184e+08	2.52399e+08	2.49931e+08	2.40679e+08	2.64509e+08	1.78205e+08	2.50813e+08	3.92524e+08	2.86468e+08	2.77872e+08	2.79847e+08	2.65473e+08	2.77016e+08	1.97632e+08	2.77545e+08	2.59999e+08	2.78838e+08	1.98901e+08	2.01488e+08	2.56836e+08	2.54118e+08	2.51339e+08	2.56407e+08	2.31486e+08	2.55772e+08	1.52304e+08	1.49764e+08	1.4955e+08	1.30627e+08	1.31705e+08	1.3568e+08	1.86685e+08	1.65198e+08	1.8257e+08	1.8443e+08	2.26077e+08	1.98218e+08	1.97573e+08	2.31316e+08	1.92534e+08	2.33185e+08	1.96001e+08	2.32744e+08	1.60955e+08	1.73171e+08	1.4821e+08	1.56306e+08	1.72659e+08	1.69094e+08	1.90543e+08	1.53306e+08	1.55795e+08	1.89158e+08	1.75076e+08	1.96012e+08	1.86133e+08	2.03442e+08	1.86937e+08	1.90784e+08	1.86363e+08	1.33608e+08	1.686e+08	1.45162e+08	1.45935e+08	1.50055e+08	1.70751e+08	1.68328e+08	1.42549e+08	1.46326e+08	1.62392e+08	1.64999e+08	1.42479e+08	1.62994e+08
ERR618758	2.45282e+08	2.6374e+08	3.34761e+08	3.11305e+08	2.68152e+08	2.66756e+08	2.73936e+08	2.58566e+08	1.90814e+08	2.7114e+08	1.94814e+08	1.89842e+08	1.66804e+08	1.64345e+08	2.31888e+08	2.16049e+08	1.63533e+08	2.331e+08	2.25661e+08	1.96604e+08	2.29914e+08	2.07265e+08	2.22036e+08	1.86958e+08	2.76655e+08	2.73826e+08	2.6365e+08	2.90225e+08	1.94455e+08	2.75091e+08	2.86468e+08	4.57476e+08	3.03136e+08	3.08062e+08	2.8955e+08	3.04883e+08	2.18515e+08	3.05731e+08	2.86011e+08	3.06795e+08	2.197e+08	2.2276e+08	2.81591e+08	2.7816e+08	2.75722e+08	2.81069e+08	2.53801e+08	2.80522e+08	1.6684e+08	1.64176e+08	1.63877e+08	1.42972e+08	1.43898e+08	1.48426e+08	2.04689e+08	1.80486e+08	2.00174e+08	2.02189e+08	2.47729e+08	2.16989e+08	2.17104e+08	2.5453e+08	2.10985e+08	2.56762e+08	2.15409e+08	2.56239e+08	1.77002e+08	1.90392e+08	1.63185e+08	1.72038e+08	1.9004e+08	1.85608e+08	2.0922e+08	1.68206e+08	1.70684e+08	2.07753e+08	1.92134e+08	2.15201e+08	2.03584e+08	2.22781e+08	2.04521e+08	2.08563e+08	2.03935e+08	1.45465e+08	1.85096e+08	1.59259e+08	1.59789e+08	1.64457e+08	1.87384e+08	1.84877e+08	1.55865e+08	1.60242e+08	1.78198e+08	1.80864e+08	1.56006e+08	1.78577e+08
ERR618753	2.3649e+08	2.5404e+08	3.2255e+08	3.00335e+08	2.58421e+08	2.56954e+08	2.63669e+08	2.48845e+08	1.8326e+08	2.60924e+08	1.87039e+08	1.82359e+08	1.61251e+08	1.58779e+08	2.24627e+08	2.09488e+08	1.5809e+08	2.26152e+08	2.15608e+08	1.8776e+08	2.19496e+08	1.97849e+08	2.12013e+08	1.78427e+08	2.66914e+08	2.64163e+08	2.54373e+08	2.79845e+08	1.8795e+08	2.65247e+08	2.77872e+08	3.03136e+08	4.31826e+08	2.9604e+08	2.80658e+08	2.92977e+08	2.09868e+08	2.94391e+08	2.75583e+08	2.9564e+08	2.10971e+08	2.13891e+08	2.72021e+08	2.68954e+08	2.66292e+08	2.71555e+08	2.45071e+08	2.71079e+08	1.61819e+08	1.59185e+08	1.58905e+08	1.38854e+08	1.39781e+08	1.44036e+08	1.98313e+08	1.75468e+08	1.93962e+08	1.96036e+08	2.40132e+08	2.1036e+08	2.10081e+08	2.46117e+08	2.04521e+08	2.48203e+08	2.08337e+08	2.47682e+08	1.71123e+08	1.8419e+08	1.57661e+08	1.66178e+08	1.83747e+08	1.79681e+08	2.02682e+08	1.62941e+08	1.65485e+08	2.0133e+08	1.86221e+08	2.08443e+08	1.97639e+08	2.16161e+08	1.98457e+08	2.02442e+08	1.97955e+08	1.41577e+08	1.79246e+08	1.5437e+08	1.55033e+08	1.59551e+08	1.81645e+08	1.79017e+08	1.51357e+08	1.55496e+08	1.72738e+08	1.75355e+08	1.51477e+08	1.73202e+08
