	ERR636946	ERR636947	ERR636943	ERR636948	ERR636945	ERR636944	ERR636720	ERR636718	ERR636716	ERR636719	ERR636717	ERR636715	ERR613681	ERR613679	ERR613677	ERR613678	ERR613682	ERR613680	ERR607308	ERR607310	ERR607305	ERR607307	ERR607309	ERR607306	ERR636951	ERR636949	ERR636954	ERR636950	ERR636953	ERR636952	ERR607785	ERR607781	ERR607783	ERR607784	ERR607786	ERR607782	ERR629858	ERR629860	ERR629856	ERR629861	ERR629859	ERR629857	ERR630691	ERR630689	ERR630693	ERR630690	ERR630692	ERR630688	ERR618526	ERR618525	ERR618528	ERR618527	ERR618530	ERR618529	ERR605475	ERR605476	ERR605478	ERR605477	ERR605473	ERR605474	ERR611301	ERR611302	ERR611300	ERR611299	ERR611297	ERR611298	ERR611336	ERR611337	ERR611340	ERR611338	ERR611339	ERR611335	ERR616987	ERR616986	ERR616989	ERR616988	ERR616990	ERR616985	ERR617915	ERR617918	ERR617917	ERR617919	ERR617920	ERR617916	ERR629823	ERR629821	ERR629818	ERR629820	ERR629819	ERR629822	ERR618173	ERR618174	ERR618172	ERR618170	ERR618171	ERR618169
ERR636946	8.70858e+09	8.46903e+09	7.77371e+09	8.5045e+09	8.17251e+09	8.15607e+09	8.31505e+09	8.31127e+09	8.24341e+09	8.31351e+09	8.22372e+09	7.91241e+09	7.42337e+09	7.71138e+09	8.13341e+09	8.00596e+09	6.30295e+09	7.48449e+09	6.27905e+09	6.42881e+09	6.98322e+09	7.49527e+09	6.38062e+09	7.44555e+09	7.36323e+09	6.94217e+09	7.5068e+09	7.40472e+09	7.38457e+09	7.47408e+09	8.03653e+09	8.11068e+09	8.11467e+09	7.28535e+09	8.07501e+09	7.4336e+09	7.5308e+09	6.74169e+09	7.60657e+09	6.82369e+09	6.7161e+09	6.92185e+09	6.77426e+09	6.94127e+09	6.81551e+09	7.50246e+09	6.90073e+09	7.25221e+09	5.30834e+09	5.61976e+09	5.3617e+09	5.38097e+09	5.07271e+09	5.07075e+09	7.17456e+09	7.43628e+09	7.44514e+09	7.52606e+09	7.76075e+09	7.51131e+09	6.14814e+09	6.12706e+09	6.14806e+09	7.47174e+09	7.23385e+09	6.98103e+09	5.72503e+09	6.08774e+09	5.64735e+09	5.40633e+09	5.7808e+09	5.84724e+09	6.45174e+09	6.32589e+09	5.5931e+09	5.67539e+09	5.65006e+09	6.1678e+09	6.10132e+09	6.55112e+09	4.59879e+09	6.64497e+09	6.62829e+09	3.62394e+09	8.3236e+09	8.28231e+09	8.07056e+09	7.40083e+09	7.4053e+09	8.26772e+09	6.35863e+09	6.20409e+09	6.57221e+09	6.48821e+09	6.80492e+09	6.53087e+09
ERR636947	8.46903e+09	8.72703e+09	7.78092e+09	8.51354e+09	8.1807e+09	8.16363e+09	8.32267e+09	8.31902e+09	8.2512e+09	8.32153e+09	8.23167e+09	7.91955e+09	7.42901e+09	7.71787e+09	8.13973e+09	8.01271e+09	6.3081e+09	7.49016e+09	6.28339e+09	6.43316e+09	6.98882e+09	7.50172e+09	6.38478e+09	7.45107e+09	7.36965e+09	6.94742e+09	7.51315e+09	7.41086e+09	7.39118e+09	7.48038e+09	8.04435e+09	8.11788e+09	8.12215e+09	7.29206e+09	8.08297e+09	7.4409e+09	7.53693e+09	6.74759e+09	7.61334e+09	6.8298e+09	6.72195e+09	6.92737e+09	6.7796e+09	6.94646e+09	6.82038e+09	7.50902e+09	6.90605e+09	7.25782e+09	5.31156e+09	5.62336e+09	5.3646e+09	5.38401e+09	5.07464e+09	5.07339e+09	7.1798e+09	7.44179e+09	7.45034e+09	7.53152e+09	7.76675e+09	7.51666e+09	6.15198e+09	6.13053e+09	6.15231e+09	7.47707e+09	7.23898e+09	6.98552e+09	5.72848e+09	6.09206e+09	5.65126e+09	5.40982e+09	5.78449e+09	5.85087e+09	6.4569e+09	6.33092e+09	5.59789e+09	5.6802e+09	5.65494e+09	6.1735e+09	6.10501e+09	6.55559e+09	4.60108e+09	6.64927e+09	6.63291e+09	3.6261e+09	8.33173e+09	8.29069e+09	8.07814e+09	7.40646e+09	7.41122e+09	8.27556e+09	6.36322e+09	6.20863e+09	6.57726e+09	6.49303e+09	6.80979e+09	6.53643e+09
ERR636943	7.77371e+09	7.78092e+09	7.40507e+09	7.81145e+09	7.53354e+09	7.52067e+09	7.65187e+09	7.64861e+09	7.59211e+09	7.65032e+09	7.57234e+09	7.30947e+09	6.84876e+09	7.10556e+09	7.47588e+09	7.36536e+09	5.84895e+09	6.90407e+09	5.84894e+09	5.98416e+09	6.48575e+09	6.94178e+09	5.94022e+09	6.89731e+09	6.79917e+09	6.42362e+09	6.92642e+09	6.83598e+09	6.81801e+09	6.89649e+09	7.41232e+09	7.47792e+09	7.48106e+09	6.76581e+09	7.44573e+09	6.89436e+09	6.95846e+09	6.25936e+09	7.02514e+09	6.3327e+09	6.23563e+09	6.41932e+09	6.29692e+09	6.44597e+09	6.33301e+09	6.94195e+09	6.40914e+09	6.72227e+09	4.89568e+09	5.17726e+09	4.94326e+09	4.96138e+09	4.68141e+09	4.68002e+09	6.61713e+09	6.84914e+09	6.8579e+09	6.92841e+09	7.13695e+09	6.91697e+09	5.71944e+09	5.69937e+09	5.71926e+09	6.90753e+09	6.69649e+09	6.47018e+09	5.33061e+09	5.66153e+09	5.25991e+09	5.04092e+09	5.38221e+09	5.44274e+09	5.90715e+09	5.79514e+09	5.13743e+09	5.21136e+09	5.18815e+09	5.6539e+09	5.62033e+09	6.02411e+09	4.26153e+09	6.10827e+09	6.09353e+09	3.36652e+09	7.64301e+09	7.60915e+09	7.42786e+09	6.84863e+09	6.85193e+09	7.59597e+09	5.86496e+09	5.72645e+09	6.05759e+09	5.98252e+09	6.2653e+09	6.02066e+09
ERR636948	8.5045e+09	8.51354e+09	7.81145e+09	8.80147e+09	8.21383e+09	8.19769e+09	8.35708e+09	8.35315e+09	8.28504e+09	8.35535e+09	8.26433e+09	7.95011e+09	7.46091e+09	7.74994e+09	8.17566e+09	8.04679e+09	6.33206e+09	7.52215e+09	6.30644e+09	6.45669e+09	7.01462e+09	7.53027e+09	6.40853e+09	7.48033e+09	7.3998e+09	6.97585e+09	7.54451e+09	7.44198e+09	7.42126e+09	7.51142e+09	8.07542e+09	8.15066e+09	8.155e+09	7.3167e+09	8.11485e+09	7.46673e+09	7.56781e+09	6.77205e+09	7.64468e+09	6.85516e+09	6.74626e+09	6.95435e+09	6.80245e+09	6.97139e+09	6.84395e+09	7.53745e+09	6.9299e+09	7.28429e+09	5.33388e+09	5.64796e+09	5.38842e+09	5.40726e+09	5.09718e+09	5.09574e+09	7.20741e+09	7.47166e+09	7.48035e+09	7.56157e+09	7.7982e+09	7.54672e+09	6.17325e+09	6.15176e+09	6.17349e+09	7.50696e+09	7.26667e+09	7.0122e+09	5.74873e+09	6.11406e+09	5.67005e+09	5.42676e+09	5.80391e+09	5.87122e+09	6.4873e+09	6.36057e+09	5.62138e+09	5.70423e+09	5.67885e+09	6.20115e+09	6.13312e+09	6.58568e+09	4.62025e+09	6.68027e+09	6.66358e+09	3.63882e+09	8.3655e+09	8.32457e+09	8.11042e+09	7.43349e+09	7.43741e+09	8.30975e+09	6.39014e+09	6.23411e+09	6.60558e+09	6.52056e+09	6.83935e+09	6.56347e+09
ERR636945	8.17251e+09	8.1807e+09	7.53354e+09	8.21383e+09	8.14117e+09	7.89345e+09	8.04033e+09	8.0373e+09	7.97357e+09	8.03958e+09	7.95471e+09	7.66377e+09	7.18178e+09	7.45743e+09	7.85809e+09	7.73849e+09	6.11309e+09	7.241e+09	6.10091e+09	6.24366e+09	6.77724e+09	7.26721e+09	6.19719e+09	7.21825e+09	7.12689e+09	6.72377e+09	7.26286e+09	7.16537e+09	7.14639e+09	7.23147e+09	7.78047e+09	7.8502e+09	7.85379e+09	7.07531e+09	7.8165e+09	7.21487e+09	7.29257e+09	6.5427e+09	7.36457e+09	6.62126e+09	6.51782e+09	6.71385e+09	6.58102e+09	6.74006e+09	6.61995e+09	7.27442e+09	6.7019e+09	7.03759e+09	5.13468e+09	5.43298e+09	5.18469e+09	5.20392e+09	4.90705e+09	4.90555e+09	6.94529e+09	7.19447e+09	7.20295e+09	7.2799e+09	7.504e+09	7.26737e+09	5.97152e+09	5.95064e+09	5.97172e+09	7.23854e+09	7.01296e+09	6.77021e+09	5.56478e+09	5.91421e+09	5.49048e+09	5.25969e+09	5.61922e+09	5.68305e+09	6.22102e+09	6.1006e+09	5.40232e+09	5.48041e+09	5.45647e+09	5.95093e+09	5.89768e+09	6.32801e+09	4.4568e+09	6.41829e+09	6.40236e+09	3.51619e+09	8.04326e+09	8.00557e+09	7.80756e+09	7.17675e+09	7.18047e+09	7.99165e+09	6.15161e+09	6.00448e+09	6.35617e+09	6.27629e+09	6.57922e+09	6.31848e+09
ERR636944	8.15607e+09	8.16363e+09	7.52067e+09	8.19769e+09	7.89345e+09	8.11413e+09	8.02675e+09	8.02252e+09	7.96264e+09	8.0253e+09	7.93731e+09	7.64996e+09	7.17569e+09	7.44298e+09	7.84539e+09	7.72254e+09	6.10408e+09	7.23428e+09	6.09677e+09	6.24298e+09	6.77033e+09	7.25763e+09	6.19657e+09	7.2147e+09	7.11654e+09	6.71667e+09	7.25217e+09	7.16064e+09	7.13554e+09	7.22067e+09	7.76456e+09	7.83833e+09	7.84241e+09	7.05974e+09	7.80055e+09	7.19796e+09	7.28573e+09	6.528e+09	7.35862e+09	6.60658e+09	6.50404e+09	6.70442e+09	6.56511e+09	6.73042e+09	6.60537e+09	7.26267e+09	6.68502e+09	7.02398e+09	5.12899e+09	5.42938e+09	5.1841e+09	5.19923e+09	4.90701e+09	4.90556e+09	6.93366e+09	7.1838e+09	7.1929e+09	7.26842e+09	7.49241e+09	7.25523e+09	5.96798e+09	5.94779e+09	5.96816e+09	7.23725e+09	7.00863e+09	6.76955e+09	5.559e+09	5.90881e+09	5.4801e+09	5.24355e+09	5.60858e+09	5.67593e+09	6.21444e+09	6.094e+09	5.38616e+09	5.46456e+09	5.43914e+09	5.93996e+09	5.90205e+09	6.32886e+09	4.45667e+09	6.41842e+09	6.40207e+09	3.50764e+09	8.02509e+09	7.98739e+09	7.79059e+09	7.16087e+09	7.16209e+09	7.97309e+09	6.14231e+09	5.99424e+09	6.34864e+09	6.26795e+09	6.57051e+09	6.30571e+09
ERR636720	8.31505e+09	8.32267e+09	7.65187e+09	8.35708e+09	8.04033e+09	8.02675e+09	8.61855e+09	8.37486e+09	8.3027e+09	8.37742e+09	8.27905e+09	7.96547e+09	7.32761e+09	7.60769e+09	8.02727e+09	7.90061e+09	6.22325e+09	7.38828e+09	6.30048e+09	6.45106e+09	7.00542e+09	7.51544e+09	6.40278e+09	7.46996e+09	7.32075e+09	6.90236e+09	7.46022e+09	7.3647e+09	7.3399e+09	7.42725e+09	8.06398e+09	8.14251e+09	8.14422e+09	7.31214e+09	8.10138e+09	7.46131e+09	7.54958e+09	6.755e+09	7.6271e+09	6.83632e+09	6.72975e+09	6.93923e+09	6.88335e+09	7.05698e+09	6.92625e+09	7.6178e+09	7.00939e+09	7.36558e+09	5.42151e+09	5.73484e+09	5.47848e+09	5.49412e+09	5.1896e+09	5.18826e+09	7.29194e+09	7.5526e+09	7.56217e+09	7.64175e+09	7.877e+09	7.62871e+09	6.2595e+09	6.23825e+09	6.2595e+09	7.58397e+09	7.34823e+09	7.09635e+09	5.85944e+09	6.22341e+09	5.77736e+09	5.52849e+09	5.91076e+09	5.98157e+09	6.56553e+09	6.43849e+09	5.70248e+09	5.78369e+09	5.75813e+09	6.27924e+09	6.22654e+09	6.67361e+09	4.71809e+09	6.76612e+09	6.75069e+09	3.72055e+09	8.44565e+09	8.40619e+09	8.19899e+09	7.52875e+09	7.53239e+09	8.392e+09	6.47968e+09	6.32437e+09	6.69362e+09	6.6106e+09	6.92678e+09	6.65137e+09
ERR636718	8.31127e+09	8.31902e+09	7.64861e+09	8.35315e+09	8.0373e+09	8.02252e+09	8.37486e+09	8.61114e+09	8.29774e+09	8.37326e+09	8.2752e+09	7.96162e+09	7.32342e+09	7.60356e+09	8.02194e+09	7.89625e+09	6.22028e+09	7.38383e+09	6.29671e+09	6.44696e+09	7.0015e+09	7.51177e+09	6.39869e+09	7.46508e+09	7.31628e+09	6.89822e+09	7.45609e+09	7.36008e+09	7.33599e+09	7.42348e+09	8.05937e+09	8.1374e+09	8.13912e+09	7.30866e+09	8.09663e+09	7.45825e+09	7.54675e+09	6.75313e+09	7.62272e+09	6.83422e+09	6.72731e+09	6.93625e+09	6.88082e+09	7.05346e+09	6.9239e+09	7.61459e+09	7.00669e+09	7.3625e+09	5.41836e+09	5.7309e+09	5.47435e+09	5.49014e+09	5.18558e+09	5.18449e+09	7.28827e+09	7.54851e+09	7.55761e+09	7.63773e+09	7.87276e+09	7.62474e+09	6.25594e+09	6.23439e+09	6.25598e+09	7.57902e+09	7.34358e+09	7.09173e+09	5.85592e+09	6.21998e+09	5.77412e+09	5.52631e+09	5.90745e+09	5.97776e+09	6.56168e+09	6.43547e+09	5.69974e+09	5.78137e+09	5.75609e+09	6.27689e+09	6.22142e+09	6.66802e+09	4.71448e+09	6.76113e+09	6.74561e+09	3.71881e+09	8.44291e+09	8.4038e+09	8.19654e+09	7.5262e+09	7.52997e+09	8.38923e+09	6.47627e+09	6.32137e+09	6.69009e+09	6.60697e+09	6.92322e+09	6.64836e+09
ERR636716	8.24341e+09	8.2512e+09	7.59211e+09	8.28504e+09	7.97357e+09	7.96264e+09	8.3027e+09	8.29774e+09	8.46813e+09	8.3002e+09	8.20904e+09	7.90287e+09	7.26257e+09	7.53756e+09	7.9486e+09	7.82279e+09	6.17081e+09	7.32238e+09	6.25499e+09	6.40579e+09	6.95321e+09	7.45666e+09	6.35797e+09	7.41303e+09	7.25715e+09	6.84497e+09	7.39604e+09	7.30296e+09	7.27699e+09	7.36331e+09	7.99492e+09	8.07375e+09	8.07581e+09	7.25864e+09	8.03247e+09	7.40484e+09	7.48655e+09	6.70018e+09	7.56191e+09	6.78094e+09	6.67469e+09	6.88315e+09	6.8282e+09	7.00078e+09	6.87046e+09	7.55547e+09	6.95259e+09	7.30574e+09	5.36683e+09	5.67655e+09	5.42434e+09	5.43923e+09	5.13901e+09	5.1379e+09	7.22112e+09	7.47946e+09	7.48867e+09	7.5667e+09	7.79724e+09	7.55178e+09	6.20948e+09	6.18823e+09	6.20949e+09	7.52037e+09	7.28597e+09	7.03767e+09	5.81012e+09	6.1711e+09	5.72769e+09	5.48024e+09	5.85962e+09	5.93039e+09	6.49316e+09	6.36874e+09	5.63793e+09	5.7186e+09	5.69248e+09	6.2089e+09	6.16573e+09	6.60609e+09	4.67401e+09	6.69704e+09	6.68138e+09	3.68563e+09	8.365e+09	8.32778e+09	8.12359e+09	7.46408e+09	7.46755e+09	8.31292e+09	6.41629e+09	6.26305e+09	6.62866e+09	6.54559e+09	6.85793e+09	6.58454e+09
ERR636719	8.31351e+09	8.32153e+09	7.65032e+09	8.35535e+09	8.03958e+09	8.0253e+09	8.37742e+09	8.37326e+09	8.3002e+09	8.61558e+09	8.27746e+09	7.96375e+09	7.3266e+09	7.60709e+09	8.0256e+09	7.90013e+09	6.22296e+09	7.38727e+09	6.2977e+09	6.4484e+09	7.0029e+09	7.51275e+09	6.40033e+09	7.46737e+09	7.31897e+09	6.90061e+09	7.45848e+09	7.36255e+09	7.33859e+09	7.42572e+09	8.06197e+09	8.14067e+09	8.14233e+09	7.31088e+09	8.09954e+09	7.46008e+09	7.54824e+09	6.7539e+09	7.62481e+09	6.8355e+09	6.72877e+09	6.93792e+09	6.88145e+09	7.0543e+09	6.92443e+09	7.61481e+09	7.00694e+09	7.3634e+09	5.41925e+09	5.73185e+09	5.47568e+09	5.49128e+09	5.18679e+09	5.18539e+09	7.28965e+09	7.55022e+09	7.55915e+09	7.63962e+09	7.8741e+09	7.62649e+09	6.25701e+09	6.23575e+09	6.25731e+09	7.58097e+09	7.34557e+09	7.09351e+09	5.85698e+09	6.22069e+09	5.77532e+09	5.52692e+09	5.90862e+09	5.97905e+09	6.56254e+09	6.43583e+09	5.70024e+09	5.78205e+09	5.75673e+09	6.27711e+09	6.22276e+09	6.66983e+09	4.71544e+09	6.76254e+09	6.74677e+09	3.71918e+09	8.44372e+09	8.40416e+09	8.19685e+09	7.52709e+09	7.53047e+09	8.38951e+09	6.47717e+09	6.32186e+09	6.6913e+09	6.60819e+09	6.92399e+09	6.64918e+09
ERR636717	8.22372e+09	8.23167e+09	7.57234e+09	8.26433e+09	7.95471e+09	7.93731e+09	8.27905e+09	8.2752e+09	8.20904e+09	8.27746e+09	8.42557e+09	7.88348e+09	7.23887e+09	7.52211e+09	7.92672e+09	7.80577e+09	6.15759e+09	7.29878e+09	6.23357e+09	6.37987e+09	6.93111e+09	7.43483e+09	6.33275e+09	7.38423e+09	7.23773e+09	6.82455e+09	7.37647e+09	7.2766e+09	7.2588e+09	7.34394e+09	7.97685e+09	8.05009e+09	8.05149e+09	7.24505e+09	8.01334e+09	7.39225e+09	7.46049e+09	6.68903e+09	7.53488e+09	6.769e+09	6.66287e+09	6.86462e+09	6.81537e+09	6.97988e+09	6.85594e+09	7.53227e+09	6.93955e+09	7.28682e+09	5.349e+09	5.65383e+09	5.39915e+09	5.41879e+09	5.11517e+09	5.11364e+09	7.20166e+09	7.45613e+09	7.46494e+09	7.54371e+09	7.77272e+09	7.53001e+09	6.1869e+09	6.16557e+09	6.18706e+09	7.48609e+09	7.25689e+09	7.00679e+09	5.7912e+09	6.1492e+09	5.71391e+09	5.47473e+09	5.84537e+09	5.91219e+09	6.46805e+09	6.34475e+09	5.629e+09	5.70916e+09	5.68484e+09	6.19206e+09	6.13008e+09	6.57171e+09	4.65277e+09	6.66265e+09	6.64731e+09	3.67869e+09	8.34494e+09	8.30662e+09	8.10275e+09	7.44747e+09	7.45344e+09	8.29246e+09	6.39798e+09	6.24621e+09	6.60658e+09	6.52514e+09	6.83561e+09	6.56888e+09
ERR636715	7.91241e+09	7.91955e+09	7.30947e+09	7.95011e+09	7.66377e+09	7.64996e+09	7.96547e+09	7.96162e+09	7.90287e+09	7.96375e+09	7.88348e+09	7.81589e+09	6.96699e+09	7.23464e+09	7.61457e+09	7.50066e+09	5.94169e+09	7.02391e+09	6.03308e+09	6.17354e+09	6.69944e+09	7.17584e+09	6.12833e+09	7.12781e+09	6.96764e+09	6.57743e+09	7.09914e+09	7.00476e+09	6.98842e+09	7.06872e+09	7.68684e+09	7.75555e+09	7.75767e+09	7.01304e+09	7.72028e+09	7.14881e+09	7.18818e+09	6.45927e+09	7.25739e+09	6.53588e+09	6.43448e+09	6.62529e+09	6.58922e+09	6.74497e+09	6.62789e+09	7.26752e+09	6.70721e+09	7.03597e+09	5.13226e+09	5.42144e+09	5.17956e+09	5.19873e+09	4.91014e+09	4.90899e+09	6.92136e+09	7.16126e+09	7.1704e+09	7.24403e+09	7.45975e+09	7.23081e+09	5.97821e+09	5.95788e+09	5.97842e+09	7.21331e+09	6.99575e+09	6.75895e+09	5.59525e+09	5.93853e+09	5.52183e+09	5.29208e+09	5.64739e+09	5.71214e+09	6.17945e+09	6.06429e+09	5.38422e+09	5.45968e+09	5.43655e+09	5.91844e+09	5.88077e+09	6.29784e+09	4.47669e+09	6.38414e+09	6.37012e+09	3.5431e+09	8.01278e+09	7.97756e+09	7.79101e+09	7.18278e+09	7.18694e+09	7.96494e+09	6.14471e+09	6.00104e+09	6.34276e+09	6.26539e+09	6.55905e+09	6.30712e+09
ERR613681	7.42337e+09	7.42901e+09	6.84876e+09	7.46091e+09	7.18178e+09	7.17569e+09	7.32761e+09	7.32342e+09	7.26257e+09	7.3266e+09	7.23887e+09	6.96699e+09	6.96714e+09	6.96254e+09	7.33746e+09	7.22078e+09	5.75551e+09	6.79475e+09	5.61751e+09	5.75063e+09	6.20956e+09	6.63705e+09	5.70835e+09	6.61077e+09	6.58731e+09	6.23357e+09	6.7035e+09	6.63282e+09	6.59828e+09	6.67419e+09	7.06935e+09	7.14084e+09	7.1432e+09	6.38887e+09	7.10453e+09	6.52105e+09	6.71006e+09	6.01684e+09	6.77997e+09	6.08603e+09	5.99752e+09	6.1882e+09	5.99254e+09	6.15173e+09	6.03203e+09	6.62094e+09	6.09718e+09	6.4049e+09	4.86491e+09	5.14785e+09	4.92522e+09	4.9321e+09	4.66667e+09	4.66554e+09	6.49978e+09	6.73066e+09	6.73727e+09	6.80372e+09	7.00709e+09	6.79234e+09	5.53167e+09	5.5132e+09	5.53355e+09	6.66369e+09	6.45878e+09	6.25165e+09	5.16439e+09	5.47778e+09	5.08672e+09	4.85992e+09	5.20247e+09	5.26677e+09	5.89632e+09	5.7828e+09	5.12053e+09	5.19476e+09	5.16804e+09	5.63444e+09	5.58904e+09	5.97552e+09	4.24324e+09	6.05762e+09	6.04143e+09	3.33945e+09	7.3341e+09	7.29914e+09	7.11298e+09	6.52953e+09	6.53127e+09	7.28556e+09	5.75604e+09	5.61987e+09	5.94491e+09	5.87368e+09	6.14795e+09	5.89857e+09
ERR613679	7.71138e+09	7.71787e+09	7.10556e+09	7.74994e+09	7.45743e+09	7.44298e+09	7.60769e+09	7.60356e+09	7.53756e+09	7.60709e+09	7.52211e+09	7.23464e+09	6.96254e+09	7.45434e+09	7.60279e+09	7.48944e+09	5.93933e+09	7.01759e+09	5.79764e+09	5.93057e+09	6.4236e+09	6.87741e+09	5.88767e+09	6.83851e+09	6.81382e+09	6.4362e+09	6.93682e+09	6.85108e+09	6.82811e+09	6.90756e+09	7.34483e+09	7.41183e+09	7.41411e+09	6.64232e+09	7.38021e+09	6.78169e+09	6.93791e+09	6.23044e+09	7.00888e+09	6.30219e+09	6.20817e+09	6.39572e+09	6.22454e+09	6.37741e+09	6.26282e+09	6.8728e+09	6.33602e+09	6.65072e+09	4.99878e+09	5.28711e+09	5.04882e+09	5.0651e+09	4.78099e+09	4.77883e+09	6.7299e+09	6.96687e+09	6.97322e+09	7.04619e+09	7.2587e+09	7.03538e+09	5.709e+09	5.68962e+09	5.71062e+09	6.89022e+09	6.67973e+09	6.45674e+09	5.32879e+09	5.65541e+09	5.25666e+09	5.03421e+09	5.37796e+09	5.43764e+09	6.06485e+09	5.9486e+09	5.27783e+09	5.3548e+09	5.33102e+09	5.80484e+09	5.72851e+09	6.13808e+09	4.3451e+09	6.22437e+09	6.2085e+09	3.43184e+09	7.62601e+09	7.58752e+09	7.39435e+09	6.78843e+09	6.79284e+09	7.57443e+09	5.93988e+09	5.79868e+09	6.13269e+09	6.05967e+09	6.34501e+09	6.09623e+09
ERR613677	8.13341e+09	8.13973e+09	7.47588e+09	8.17566e+09	7.85809e+09	7.84539e+09	8.02727e+09	8.02194e+09	7.9486e+09	8.0256e+09	7.92672e+09	7.61457e+09	7.33746e+09	7.60279e+09	8.28689e+09	7.90404e+09	6.22874e+09	7.39612e+09	6.08394e+09	6.22828e+09	6.74972e+09	7.23628e+09	6.18116e+09	7.2001e+09	7.17195e+09	6.76776e+09	7.30372e+09	7.21836e+09	7.18467e+09	7.27164e+09	7.73654e+09	7.81462e+09	7.81662e+09	6.97077e+09	7.77531e+09	7.1199e+09	7.31226e+09	6.53784e+09	7.39028e+09	6.61478e+09	6.51521e+09	6.72324e+09	6.53263e+09	6.70443e+09	6.57584e+09	7.23584e+09	6.65081e+09	6.99426e+09	5.25941e+09	5.57036e+09	5.31932e+09	5.33168e+09	5.03367e+09	5.03256e+09	7.08978e+09	7.34874e+09	7.3563e+09	7.43493e+09	7.66792e+09	7.42464e+09	5.99218e+09	5.97213e+09	5.99398e+09	7.26635e+09	7.03705e+09	6.79925e+09	5.59151e+09	5.93977e+09	5.50962e+09	5.26664e+09	5.63853e+09	5.70629e+09	6.40883e+09	6.28149e+09	5.55491e+09	5.63741e+09	5.61031e+09	6.12294e+09	6.04833e+09	6.48515e+09	4.56453e+09	6.57825e+09	6.56071e+09	3.58895e+09	8.05231e+09	8.01048e+09	7.8008e+09	7.14081e+09	7.1445e+09	7.99628e+09	6.25127e+09	6.09908e+09	6.46081e+09	6.38178e+09	6.69051e+09	6.41759e+09
ERR613678	8.00596e+09	8.01271e+09	7.36536e+09	8.04679e+09	7.73849e+09	7.72254e+09	7.90061e+09	7.89625e+09	7.82279e+09	7.90013e+09	7.80577e+09	7.50066e+09	7.22078e+09	7.48944e+09	7.90404e+09	8.03302e+09	6.14178e+09	7.27932e+09	5.99545e+09	6.13399e+09	6.64988e+09	7.12748e+09	6.08797e+09	7.088e+09	7.06199e+09	6.66465e+09	7.19036e+09	7.10295e+09	7.07501e+09	7.15969e+09	7.62102e+09	7.69312e+09	7.69476e+09	6.87622e+09	7.65811e+09	7.02329e+09	7.19665e+09	6.44782e+09	7.27207e+09	6.52334e+09	6.42474e+09	6.62469e+09	6.44601e+09	6.60875e+09	6.48718e+09	7.12807e+09	6.5629e+09	6.89478e+09	5.17635e+09	5.47834e+09	5.22952e+09	5.24507e+09	4.94957e+09	4.9482e+09	6.98137e+09	7.23262e+09	7.23995e+09	7.31629e+09	7.54509e+09	7.30834e+09	5.90587e+09	5.88561e+09	5.90699e+09	7.14939e+09	6.92706e+09	6.69224e+09	5.51287e+09	5.85433e+09	5.43636e+09	5.20394e+09	5.56385e+09	5.62657e+09	6.29819e+09	6.17461e+09	5.47175e+09	5.5529e+09	5.5279e+09	6.02441e+09	5.94141e+09	6.3714e+09	4.49306e+09	6.46359e+09	6.44682e+09	3.5424e+09	7.92765e+09	7.88588e+09	7.68145e+09	7.04039e+09	7.04518e+09	7.87198e+09	6.15621e+09	6.00747e+09	6.35917e+09	6.28245e+09	6.58314e+09	6.32146e+09
ERR613682	6.30295e+09	6.3081e+09	5.84895e+09	6.33206e+09	6.11309e+09	6.10408e+09	6.22325e+09	6.22028e+09	6.17081e+09	6.22296e+09	6.15759e+09	5.94169e+09	5.75551e+09	5.93933e+09	6.22874e+09	6.14178e+09	5.15579e+09	5.79569e+09	4.84707e+09	4.95165e+09	5.32791e+09	5.67274e+09	4.91787e+09	5.64573e+09	5.63165e+09	5.3472e+09	5.72417e+09	5.66224e+09	5.64209e+09	5.70158e+09	6.02246e+09	6.07428e+09	6.076e+09	5.48497e+09	6.05003e+09	5.59164e+09	5.72282e+09	5.18117e+09	5.77766e+09	5.2358e+09	5.16424e+09	5.31125e+09	5.15229e+09	5.27427e+09	5.18312e+09	5.65161e+09	5.23764e+09	5.48119e+09	4.2021e+09	4.43284e+09	4.24512e+09	4.25522e+09	4.0301e+09	4.02897e+09	5.55396e+09	5.73495e+09	5.73951e+09	5.79383e+09	5.95422e+09	5.7859e+09	4.77172e+09	4.75695e+09	4.77398e+09	5.67696e+09	5.51587e+09	5.34768e+09	4.46971e+09	4.72391e+09	4.41082e+09	4.22998e+09	4.50523e+09	4.55406e+09	5.03722e+09	4.94552e+09	4.41254e+09	4.47413e+09	4.45348e+09	4.8302e+09	4.7881e+09	5.10467e+09	3.6848e+09	5.17098e+09	5.15745e+09	2.9268e+09	6.22157e+09	6.19313e+09	6.04588e+09	5.58449e+09	5.58683e+09	6.1829e+09	4.94537e+09	4.83619e+09	5.09579e+09	5.03909e+09	5.25805e+09	5.06459e+09
ERR613680	7.48449e+09	7.49016e+09	6.90407e+09	7.52215e+09	7.241e+09	7.23428e+09	7.38828e+09	7.38383e+09	7.32238e+09	7.38727e+09	7.29878e+09	7.02391e+09	6.79475e+09	7.01759e+09	7.39612e+09	7.27932e+09	5.79569e+09	7.07053e+09	5.65898e+09	5.79288e+09	6.2574e+09	6.69032e+09	5.75025e+09	6.66254e+09	6.63775e+09	6.27897e+09	6.75479e+09	6.68292e+09	6.64857e+09	6.72562e+09	7.12769e+09	7.19956e+09	7.20204e+09	6.44174e+09	7.1631e+09	6.57511e+09	6.76162e+09	6.06234e+09	6.83141e+09	6.13133e+09	6.04218e+09	6.2338e+09	6.04095e+09	6.20103e+09	6.08102e+09	6.67551e+09	6.14709e+09	6.45777e+09	4.89722e+09	5.1825e+09	4.95765e+09	4.96507e+09	4.69684e+09	4.69582e+09	6.55116e+09	6.78449e+09	6.79087e+09	6.85839e+09	7.06397e+09	6.84725e+09	5.57271e+09	5.55418e+09	5.57466e+09	6.71684e+09	6.51057e+09	6.30018e+09	5.20253e+09	5.51832e+09	5.12403e+09	4.89637e+09	5.24111e+09	5.30554e+09	5.93753e+09	5.822e+09	5.15507e+09	5.2306e+09	5.20385e+09	5.67363e+09	5.62632e+09	6.0168e+09	4.26968e+09	6.09988e+09	6.08354e+09	3.3602e+09	7.39589e+09	7.36027e+09	7.17304e+09	6.58423e+09	6.58604e+09	7.34702e+09	5.79791e+09	5.65934e+09	5.98843e+09	5.91586e+09	6.19327e+09	5.94221e+09
ERR607308	6.27905e+09	6.28339e+09	5.84894e+09	6.30644e+09	6.10091e+09	6.09677e+09	6.30048e+09	6.29671e+09	6.25499e+09	6.2977e+09	6.23357e+09	6.03308e+09	5.61751e+09	5.79764e+09	6.08394e+09	5.99545e+09	4.84707e+09	5.65898e+09	5.20767e+09	5.15206e+09	5.53592e+09	5.88626e+09	5.1156e+09	5.86206e+09	5.61718e+09	5.33252e+09	5.71148e+09	5.65204e+09	5.62914e+09	5.68802e+09	6.14715e+09	6.20234e+09	6.20437e+09	5.63993e+09	6.17316e+09	5.73864e+09	5.82539e+09	5.27306e+09	5.87851e+09	5.3307e+09	5.25657e+09	5.40824e+09	5.3858e+09	5.51617e+09	5.41877e+09	5.89387e+09	5.47144e+09	5.72122e+09	4.30453e+09	4.538e+09	4.35438e+09	4.36056e+09	4.14203e+09	4.14212e+09	5.63532e+09	5.81925e+09	5.82494e+09	5.87872e+09	6.03759e+09	5.86782e+09	4.97686e+09	4.96158e+09	4.97705e+09	5.90824e+09	5.74252e+09	5.57353e+09	4.65924e+09	4.92269e+09	4.59472e+09	4.40294e+09	4.69196e+09	4.7468e+09	5.09707e+09	5.00668e+09	4.46394e+09	4.52314e+09	4.50108e+09	4.88488e+09	4.93886e+09	5.25269e+09	3.81775e+09	5.31821e+09	5.30689e+09	3.02937e+09	6.43028e+09	6.40599e+09	6.26738e+09	5.81969e+09	5.82139e+09	6.39614e+09	5.08304e+09	4.97175e+09	5.23895e+09	5.17791e+09	5.40279e+09	5.19867e+09
ERR607310	6.42881e+09	6.43316e+09	5.98416e+09	6.45669e+09	6.24366e+09	6.24298e+09	6.45106e+09	6.44696e+09	6.40579e+09	6.4484e+09	6.37987e+09	6.17354e+09	5.75063e+09	5.93057e+09	6.22828e+09	6.13399e+09	4.95165e+09	5.79288e+09	5.15206e+09	5.44728e+09	5.66574e+09	6.02606e+09	5.23545e+09	6.00586e+09	5.74766e+09	5.45601e+09	5.84516e+09	5.78802e+09	5.76004e+09	5.82056e+09	6.28908e+09	6.34966e+09	6.35228e+09	5.76233e+09	6.31678e+09	5.86406e+09	5.96672e+09	5.38861e+09	6.02175e+09	5.44723e+09	5.37197e+09	5.53164e+09	5.50289e+09	5.64267e+09	5.53693e+09	6.03302e+09	5.59136e+09	5.8518e+09	4.40421e+09	4.64655e+09	4.46002e+09	4.46336e+09	4.24115e+09	4.24142e+09	5.76759e+09	5.95863e+09	5.96514e+09	6.01895e+09	6.18323e+09	6.00765e+09	5.09195e+09	5.07602e+09	5.09249e+09	6.05735e+09	5.88287e+09	5.7105e+09	4.76052e+09	5.03274e+09	4.68934e+09	4.48774e+09	4.7891e+09	4.84947e+09	5.22311e+09	5.13026e+09	4.5625e+09	4.6241e+09	4.59951e+09	5.00059e+09	5.06613e+09	5.3874e+09	3.90623e+09	5.45488e+09	5.44253e+09	3.09024e+09	6.58531e+09	6.56078e+09	6.41663e+09	5.95234e+09	5.95172e+09	6.54908e+09	5.20067e+09	5.08552e+09	5.36355e+09	5.29977e+09	5.53282e+09	5.31777e+09
ERR607305	6.98322e+09	6.98882e+09	6.48575e+09	7.01462e+09	6.77724e+09	6.77033e+09	7.00542e+09	7.0015e+09	6.95321e+09	7.0029e+09	6.93111e+09	6.69944e+09	6.20956e+09	6.4236e+09	6.74972e+09	6.64988e+09	5.32791e+09	6.2574e+09	5.53592e+09	5.66574e+09	6.30876e+09	6.52394e+09	5.62435e+09	6.49176e+09	6.21054e+09	5.88099e+09	6.31999e+09	6.24803e+09	6.22561e+09	6.29323e+09	6.83023e+09	6.89202e+09	6.89432e+09	6.24798e+09	6.8601e+09	6.36315e+09	6.45113e+09	5.81887e+09	6.51143e+09	5.88619e+09	5.79998e+09	5.97016e+09	5.95625e+09	6.102e+09	5.99277e+09	6.53932e+09	6.05575e+09	6.34067e+09	4.7203e+09	4.9812e+09	4.772e+09	4.78273e+09	4.5322e+09	4.53249e+09	6.23896e+09	6.44786e+09	6.45539e+09	6.51717e+09	6.70034e+09	6.50552e+09	5.47339e+09	5.45555e+09	5.47457e+09	6.54618e+09	6.35499e+09	6.15823e+09	5.11275e+09	5.41353e+09	5.04153e+09	4.83164e+09	5.15267e+09	5.21293e+09	5.62077e+09	5.51978e+09	4.91173e+09	4.97811e+09	4.95502e+09	5.38538e+09	5.42698e+09	5.78707e+09	4.16481e+09	5.86202e+09	5.84977e+09	3.29903e+09	7.16379e+09	7.13483e+09	6.97462e+09	6.46001e+09	6.4619e+09	7.12334e+09	5.6008e+09	5.47397e+09	5.77795e+09	5.70897e+09	5.96501e+09	5.73588e+09
ERR607307	7.49527e+09	7.50172e+09	6.94178e+09	7.53027e+09	7.26721e+09	7.25763e+09	7.51544e+09	7.51177e+09	7.45666e+09	7.51275e+09	7.43483e+09	7.17584e+09	6.63705e+09	6.87741e+09	7.23628e+09	7.12748e+09	5.67274e+09	6.69032e+09	5.88626e+09	6.02606e+09	6.52394e+09	7.19094e+09	5.98149e+09	6.93829e+09	6.6365e+09	6.27329e+09	6.75784e+09	6.67588e+09	6.6539e+09	6.72856e+09	7.32204e+09	7.38872e+09	7.39195e+09	6.67917e+09	7.35498e+09	6.80513e+09	6.89807e+09	6.20434e+09	6.96399e+09	6.27741e+09	6.18321e+09	6.36732e+09	6.35715e+09	6.5143e+09	6.39668e+09	6.99875e+09	6.46748e+09	6.78067e+09	5.02077e+09	5.30199e+09	5.07504e+09	5.08804e+09	4.81531e+09	4.81512e+09	6.67372e+09	6.90322e+09	6.91136e+09	6.98023e+09	7.18257e+09	6.96776e+09	5.82244e+09	5.80254e+09	5.8227e+09	7.0004e+09	6.79045e+09	6.57146e+09	5.43315e+09	5.75977e+09	5.35791e+09	5.13429e+09	5.4792e+09	5.54223e+09	6.00729e+09	5.89657e+09	5.23932e+09	5.31184e+09	5.28759e+09	5.752e+09	5.78003e+09	6.17497e+09	4.41348e+09	6.25677e+09	6.24278e+09	3.49041e+09	7.69406e+09	7.66218e+09	7.48392e+09	6.91468e+09	6.91784e+09	7.64895e+09	5.97355e+09	5.83597e+09	6.16652e+09	6.09034e+09	6.37114e+09	6.12276e+09
ERR607309	6.38062e+09	6.38478e+09	5.94022e+09	6.40853e+09	6.19719e+09	6.19657e+09	6.40278e+09	6.39869e+09	6.35797e+09	6.40033e+09	6.33275e+09	6.12833e+09	5.70835e+09	5.88767e+09	6.18116e+09	6.08797e+09	4.91787e+09	5.75025e+09	5.1156e+09	5.23545e+09	5.62435e+09	5.98149e+09	5.37129e+09	5.96058e+09	5.70601e+09	5.41705e+09	5.80323e+09	5.74568e+09	5.71824e+09	5.77851e+09	6.2421e+09	6.30176e+09	6.30445e+09	5.72109e+09	6.26935e+09	5.82165e+09	5.92224e+09	5.34988e+09	5.9761e+09	5.40893e+09	5.33395e+09	5.49181e+09	5.46316e+09	5.60168e+09	5.49746e+09	5.98804e+09	5.55025e+09	5.80873e+09	4.37511e+09	4.61461e+09	4.42981e+09	4.43306e+09	4.21292e+09	4.2134e+09	5.72584e+09	5.91506e+09	5.92073e+09	5.97463e+09	6.137e+09	5.96338e+09	5.05562e+09	5.04046e+09	5.05688e+09	6.01186e+09	5.83919e+09	5.6688e+09	4.72823e+09	4.99715e+09	4.65721e+09	4.45795e+09	4.75614e+09	4.81586e+09	5.18603e+09	5.09338e+09	4.53125e+09	4.5919e+09	4.5681e+09	4.96589e+09	5.02903e+09	5.34778e+09	3.88057e+09	5.41416e+09	5.40234e+09	3.07046e+09	6.53573e+09	6.51128e+09	6.36887e+09	5.90951e+09	5.90878e+09	6.50052e+09	5.16369e+09	5.05003e+09	5.3252e+09	5.26173e+09	5.49183e+09	5.28035e+09
ERR607306	7.44555e+09	7.45107e+09	6.89731e+09	7.48033e+09	7.21825e+09	7.2147e+09	7.46996e+09	7.46508e+09	7.41303e+09	7.46737e+09	7.38423e+09	7.12781e+09	6.61077e+09	6.83851e+09	7.2001e+09	7.088e+09	5.64573e+09	6.66254e+09	5.86206e+09	6.00586e+09	6.49176e+09	6.93829e+09	5.96058e+09	7.12068e+09	6.60415e+09	6.2467e+09	6.72416e+09	6.6504e+09	6.61963e+09	6.69457e+09	7.27212e+09	7.34397e+09	7.34648e+09	6.6265e+09	7.30547e+09	6.75163e+09	6.86853e+09	6.16661e+09	6.93525e+09	6.239e+09	6.14674e+09	6.33696e+09	6.31507e+09	6.47962e+09	6.35528e+09	6.95869e+09	6.42289e+09	6.73837e+09	5.01491e+09	5.29891e+09	5.07645e+09	5.08288e+09	4.81682e+09	4.81688e+09	6.64538e+09	6.87623e+09	6.88419e+09	6.95163e+09	7.15257e+09	6.93812e+09	5.80509e+09	5.78603e+09	5.8057e+09	6.9817e+09	6.76925e+09	6.55541e+09	5.41437e+09	5.74035e+09	5.33345e+09	5.10206e+09	5.45343e+09	5.52181e+09	6.00108e+09	5.88992e+09	5.22288e+09	5.29545e+09	5.26872e+09	5.74007e+09	5.78798e+09	6.17773e+09	4.41597e+09	6.25843e+09	6.24468e+09	3.48171e+09	7.64781e+09	7.61563e+09	7.43889e+09	6.86884e+09	6.86933e+09	7.60206e+09	5.95504e+09	5.81696e+09	6.15022e+09	6.07377e+09	6.35398e+09	6.09974e+09
ERR636951	7.36323e+09	7.36965e+09	6.79917e+09	7.3998e+09	7.12689e+09	7.11654e+09	7.32075e+09	7.31628e+09	7.25715e+09	7.31897e+09	7.23773e+09	6.96764e+09	6.58731e+09	6.81382e+09	7.17195e+09	7.06199e+09	5.63165e+09	6.63775e+09	5.61718e+09	5.74766e+09	6.21054e+09	6.6365e+09	5.70601e+09	6.60415e+09	6.82987e+09	6.24932e+09	6.72231e+09	6.64551e+09	6.61757e+09	6.69205e+09	7.06125e+09	7.12718e+09	7.13007e+09	6.3933e+09	7.09467e+09	6.52539e+09	6.6965e+09	6.01823e+09	6.76364e+09	6.08696e+09	5.99817e+09	6.18226e+09	6.0207e+09	6.17383e+09	6.05837e+09	6.63838e+09	6.12509e+09	6.42629e+09	4.87951e+09	5.15877e+09	4.93411e+09	4.94609e+09	4.678e+09	4.67638e+09	6.42777e+09	6.65313e+09	6.65942e+09	6.72603e+09	6.92518e+09	6.71504e+09	5.55025e+09	5.53221e+09	5.55168e+09	6.67218e+09	6.47186e+09	6.26321e+09	5.18868e+09	5.50026e+09	5.11472e+09	4.89462e+09	5.23042e+09	5.29156e+09	5.89824e+09	5.78631e+09	5.13605e+09	5.20905e+09	5.18365e+09	5.64429e+09	5.59104e+09	5.97799e+09	4.25924e+09	6.05831e+09	6.04345e+09	3.36565e+09	7.35124e+09	7.31664e+09	7.13377e+09	6.56065e+09	6.56401e+09	7.30408e+09	5.77251e+09	5.63752e+09	5.95873e+09	5.88691e+09	6.15858e+09	5.91555e+09
ERR636949	6.94217e+09	6.94742e+09	6.42362e+09	6.97585e+09	6.72377e+09	6.71667e+09	6.90236e+09	6.89822e+09	6.84497e+09	6.90061e+09	6.82455e+09	6.57743e+09	6.23357e+09	6.4362e+09	6.76776e+09	6.66465e+09	5.3472e+09	6.27897e+09	5.33252e+09	5.45601e+09	5.88099e+09	6.27329e+09	5.41705e+09	6.2467e+09	6.24932e+09	6.13139e+09	6.35671e+09	6.28923e+09	6.26043e+09	6.32924e+09	6.66163e+09	6.7241e+09	6.72754e+09	6.042e+09	6.69277e+09	6.1652e+09	6.33401e+09	5.70301e+09	6.39573e+09	5.76632e+09	5.68459e+09	5.85824e+09	5.69145e+09	5.83685e+09	5.72782e+09	6.26747e+09	5.78844e+09	6.06958e+09	4.64484e+09	4.90796e+09	4.69903e+09	4.70828e+09	4.45805e+09	4.45732e+09	6.07385e+09	6.28287e+09	6.28885e+09	6.34966e+09	6.53359e+09	6.33867e+09	5.26599e+09	5.24959e+09	5.26758e+09	6.30592e+09	6.11992e+09	5.92842e+09	4.92734e+09	5.2178e+09	4.85696e+09	4.64586e+09	4.96366e+09	5.02276e+09	5.59463e+09	5.49137e+09	4.87792e+09	4.94658e+09	4.9217e+09	5.35484e+09	5.31506e+09	5.67337e+09	4.06624e+09	5.74732e+09	5.73352e+09	3.21596e+09	6.92487e+09	6.893e+09	6.72407e+09	6.19211e+09	6.19366e+09	6.8812e+09	5.47555e+09	5.34985e+09	5.64914e+09	5.58262e+09	5.83374e+09	5.60622e+09
ERR636954	7.5068e+09	7.51315e+09	6.92642e+09	7.54451e+09	7.26286e+09	7.25217e+09	7.46022e+09	7.45609e+09	7.39604e+09	7.45848e+09	7.37647e+09	7.09914e+09	6.7035e+09	6.93682e+09	7.30372e+09	7.19036e+09	5.72417e+09	6.75479e+09	5.71148e+09	5.84516e+09	6.31999e+09	6.75784e+09	5.80323e+09	6.72416e+09	6.72231e+09	6.35671e+09	7.0763e+09	6.76381e+09	6.73907e+09	6.81606e+09	7.19414e+09	7.26137e+09	7.26509e+09	6.51111e+09	7.2287e+09	6.64592e+09	6.81601e+09	6.12184e+09	6.88456e+09	6.19155e+09	6.10085e+09	6.28741e+09	6.12784e+09	6.28279e+09	6.16671e+09	6.76106e+09	6.23537e+09	6.54285e+09	4.95376e+09	5.23819e+09	5.00898e+09	5.02168e+09	4.74738e+09	4.74561e+09	6.53814e+09	6.76846e+09	6.7752e+09	6.84322e+09	7.04742e+09	6.83152e+09	5.64179e+09	5.62287e+09	5.64268e+09	6.79135e+09	6.5861e+09	6.37249e+09	5.27031e+09	5.58942e+09	5.1948e+09	4.97086e+09	5.31319e+09	5.3756e+09	5.99309e+09	5.88015e+09	5.21422e+09	5.28882e+09	5.26334e+09	5.73399e+09	5.67901e+09	6.07534e+09	4.31936e+09	6.15712e+09	6.14195e+09	3.41152e+09	7.49142e+09	7.45575e+09	7.2683e+09	6.68097e+09	6.68347e+09	7.44305e+09	5.86794e+09	5.73011e+09	6.05813e+09	5.98406e+09	6.26216e+09	6.01418e+09
ERR636950	7.40472e+09	7.41086e+09	6.83598e+09	7.44198e+09	7.16537e+09	7.16064e+09	7.3647e+09	7.36008e+09	7.30296e+09	7.36255e+09	7.2766e+09	7.00476e+09	6.63282e+09	6.85108e+09	7.21836e+09	7.10295e+09	5.66224e+09	6.68292e+09	5.65204e+09	5.78802e+09	6.24803e+09	6.67588e+09	5.74568e+09	6.6504e+09	6.64551e+09	6.28923e+09	6.76381e+09	6.92006e+09	6.65751e+09	6.73318e+09	7.09724e+09	7.16942e+09	7.17293e+09	6.41925e+09	7.13236e+09	6.55178e+09	6.74448e+09	6.04888e+09	6.81281e+09	6.11783e+09	6.02913e+09	6.22092e+09	6.048e+09	6.20956e+09	6.08838e+09	6.6786e+09	6.15325e+09	6.4611e+09	4.91986e+09	5.2043e+09	4.98088e+09	4.98766e+09	4.72159e+09	4.7204e+09	6.47165e+09	6.7016e+09	6.70726e+09	6.77385e+09	6.97544e+09	6.76247e+09	5.58858e+09	5.57068e+09	5.59e+09	6.72564e+09	6.52004e+09	6.31279e+09	5.22367e+09	5.53906e+09	5.14333e+09	4.91438e+09	5.25954e+09	5.32583e+09	5.95081e+09	5.83717e+09	5.16901e+09	5.2435e+09	5.21594e+09	5.68811e+09	5.649e+09	6.0369e+09	4.2976e+09	6.11729e+09	6.10217e+09	3.38536e+09	7.39692e+09	7.36249e+09	7.1777e+09	6.59563e+09	6.59656e+09	7.34872e+09	5.81261e+09	5.67598e+09	6.00344e+09	5.93005e+09	6.20519e+09	5.95446e+09
ERR636953	7.38457e+09	7.39118e+09	6.81801e+09	7.42126e+09	7.14639e+09	7.13554e+09	7.3399e+09	7.33599e+09	7.27699e+09	7.33859e+09	7.2588e+09	6.98842e+09	6.59828e+09	6.82811e+09	7.18467e+09	7.07501e+09	5.64209e+09	6.64857e+09	5.62914e+09	5.76004e+09	6.22561e+09	6.6539e+09	5.71824e+09	6.61963e+09	6.61757e+09	6.26043e+09	6.73907e+09	6.65751e+09	6.85819e+09	6.70967e+09	7.08102e+09	7.14608e+09	7.14948e+09	6.41436e+09	7.1147e+09	6.54653e+09	6.71029e+09	6.03309e+09	6.77732e+09	6.10222e+09	6.01298e+09	6.19449e+09	6.03804e+09	6.18953e+09	6.07665e+09	6.65719e+09	6.14396e+09	6.44453e+09	4.8836e+09	5.16236e+09	4.93662e+09	4.94977e+09	4.68005e+09	4.67813e+09	6.43831e+09	6.66289e+09	6.6694e+09	6.73621e+09	6.935e+09	6.7244e+09	5.55947e+09	5.54113e+09	5.56061e+09	6.68398e+09	6.48273e+09	6.27325e+09	5.19737e+09	5.51032e+09	5.12477e+09	4.90537e+09	5.24031e+09	5.30078e+09	5.90083e+09	5.78986e+09	5.1389e+09	5.21248e+09	5.18759e+09	5.64817e+09	5.59263e+09	5.98109e+09	4.26017e+09	6.0611e+09	6.04584e+09	3.36875e+09	7.37145e+09	7.3362e+09	7.15327e+09	6.58005e+09	6.58272e+09	7.32377e+09	5.78033e+09	5.64559e+09	5.96688e+09	5.89396e+09	6.16561e+09	5.92433e+09
ERR636952	7.47408e+09	7.48038e+09	6.89649e+09	7.51142e+09	7.23147e+09	7.22067e+09	7.42725e+09	7.42348e+09	7.36331e+09	7.42572e+09	7.34394e+09	7.06872e+09	6.67419e+09	6.90756e+09	7.27164e+09	7.15969e+09	5.70158e+09	6.72562e+09	5.68802e+09	5.82056e+09	6.29323e+09	6.72856e+09	5.77851e+09	6.69457e+09	6.69205e+09	6.32924e+09	6.81606e+09	6.73318e+09	6.70967e+09	7.01323e+09	7.16372e+09	7.22978e+09	7.23365e+09	6.48531e+09	7.19773e+09	6.61939e+09	6.78676e+09	6.09752e+09	6.85468e+09	6.16734e+09	6.07679e+09	6.2621e+09	6.10274e+09	6.25695e+09	6.14178e+09	6.73289e+09	6.21051e+09	6.51584e+09	4.93439e+09	5.21759e+09	4.98867e+09	5.00157e+09	4.72843e+09	4.72644e+09	6.51249e+09	6.74121e+09	6.74797e+09	6.81526e+09	7.01824e+09	6.80364e+09	5.61844e+09	5.59934e+09	5.61954e+09	6.76154e+09	6.55662e+09	6.34421e+09	5.24987e+09	5.56748e+09	5.17624e+09	4.95422e+09	5.29352e+09	5.3548e+09	5.9686e+09	5.85535e+09	5.19475e+09	5.26941e+09	5.24425e+09	5.7114e+09	5.65416e+09	6.04891e+09	4.30264e+09	6.13042e+09	6.11532e+09	3.40022e+09	7.46032e+09	7.42508e+09	7.23836e+09	6.65408e+09	6.65682e+09	7.41145e+09	5.84434e+09	5.70751e+09	6.03323e+09	5.96012e+09	6.23636e+09	5.99062e+09
ERR607785	8.03653e+09	8.04435e+09	7.41232e+09	8.07542e+09	7.78047e+09	7.76456e+09	8.06398e+09	8.05937e+09	7.99492e+09	8.06197e+09	7.97685e+09	7.68684e+09	7.06935e+09	7.34483e+09	7.73654e+09	7.62102e+09	6.02246e+09	7.12769e+09	6.14715e+09	6.28908e+09	6.83023e+09	7.32204e+09	6.2421e+09	7.27212e+09	7.06125e+09	6.66163e+09	7.19414e+09	7.09724e+09	7.08102e+09	7.16372e+09	8.16882e+09	8.00946e+09	8.01211e+09	7.21976e+09	7.97651e+09	7.36238e+09	7.32522e+09	6.57583e+09	7.39744e+09	6.65354e+09	6.55088e+09	6.74629e+09	6.7294e+09	6.89014e+09	6.76908e+09	7.42969e+09	6.85129e+09	7.19101e+09	5.24727e+09	5.54376e+09	5.29558e+09	5.31503e+09	5.01877e+09	5.01783e+09	7.07456e+09	7.32292e+09	7.33177e+09	7.40913e+09	7.63166e+09	7.39636e+09	6.09588e+09	6.07498e+09	6.09623e+09	7.36507e+09	7.1411e+09	6.89738e+09	5.71401e+09	6.0673e+09	5.63907e+09	5.40484e+09	5.76845e+09	5.83418e+09	6.31844e+09	6.19971e+09	5.50588e+09	5.58352e+09	5.55979e+09	6.0512e+09	6.01599e+09	6.44606e+09	4.57376e+09	6.53481e+09	6.52099e+09	3.61876e+09	8.20677e+09	8.16872e+09	7.97193e+09	7.3384e+09	7.34304e+09	8.15551e+09	6.28459e+09	6.13662e+09	6.48856e+09	6.40843e+09	6.71178e+09	6.45359e+09
ERR607781	8.11068e+09	8.11788e+09	7.47792e+09	8.15066e+09	7.8502e+09	7.83833e+09	8.14251e+09	8.1374e+09	8.07375e+09	8.14067e+09	8.05009e+09	7.75555e+09	7.14084e+09	7.41183e+09	7.81462e+09	7.69312e+09	6.07428e+09	7.19956e+09	6.20234e+09	6.34966e+09	6.89202e+09	7.38872e+09	6.30176e+09	7.34397e+09	7.12718e+09	6.7241e+09	7.26137e+09	7.16942e+09	7.14608e+09	7.22978e+09	8.00946e+09	8.31933e+09	8.09156e+09	7.27328e+09	8.04655e+09	7.42055e+09	7.40091e+09	6.6296e+09	7.47451e+09	6.70791e+09	6.60485e+09	6.80763e+09	6.78469e+09	6.95438e+09	6.82634e+09	7.50157e+09	6.90803e+09	7.2561e+09	5.30534e+09	5.60908e+09	5.36029e+09	5.37571e+09	5.07911e+09	5.07867e+09	7.14753e+09	7.40132e+09	7.40979e+09	7.48774e+09	7.71531e+09	7.47528e+09	6.15362e+09	6.13296e+09	6.15392e+09	7.44499e+09	7.21463e+09	6.96986e+09	5.76979e+09	6.12765e+09	5.6884e+09	5.44511e+09	5.81948e+09	5.88972e+09	6.39671e+09	6.27498e+09	5.56079e+09	5.64006e+09	5.61395e+09	6.12019e+09	6.09409e+09	6.52687e+09	4.62601e+09	6.61694e+09	6.60245e+09	3.64998e+09	8.28867e+09	8.25059e+09	8.05166e+09	7.40441e+09	7.40715e+09	8.23674e+09	6.35064e+09	6.19993e+09	6.55971e+09	6.47804e+09	6.78587e+09	6.51932e+09
ERR607783	8.11467e+09	8.12215e+09	7.48106e+09	8.155e+09	7.85379e+09	7.84241e+09	8.14422e+09	8.13912e+09	8.07581e+09	8.14233e+09	8.05149e+09	7.75767e+09	7.1432e+09	7.41411e+09	7.81662e+09	7.69476e+09	6.076e+09	7.20204e+09	6.20437e+09	6.35228e+09	6.89432e+09	7.39195e+09	6.30445e+09	7.34648e+09	7.13007e+09	6.72754e+09	7.26509e+09	7.17293e+09	7.14948e+09	7.23365e+09	8.01211e+09	8.09156e+09	8.32805e+09	7.27554e+09	8.04942e+09	7.42235e+09	7.4026e+09	6.63104e+09	7.47586e+09	6.70935e+09	6.60613e+09	6.80916e+09	6.78466e+09	6.95495e+09	6.82683e+09	7.50277e+09	6.90872e+09	7.25661e+09	5.30528e+09	5.60934e+09	5.36031e+09	5.37617e+09	5.07974e+09	5.07891e+09	7.14692e+09	7.40191e+09	7.41086e+09	7.4884e+09	7.71533e+09	7.47537e+09	6.15518e+09	6.13451e+09	6.15559e+09	7.44708e+09	7.21685e+09	6.97204e+09	5.76961e+09	6.12748e+09	5.68842e+09	5.44458e+09	5.8191e+09	5.88962e+09	6.39723e+09	6.27528e+09	5.56034e+09	5.63898e+09	5.61305e+09	6.12017e+09	6.09565e+09	6.52822e+09	4.62641e+09	6.61784e+09	6.60349e+09	3.64958e+09	8.28964e+09	8.25183e+09	8.0518e+09	7.40541e+09	7.40768e+09	8.23759e+09	6.35137e+09	6.20025e+09	6.56085e+09	6.47835e+09	6.78667e+09	6.51948e+09
