	ERR630005	ERR630004	ERR630001	ERR630002	ERR630000	ERR630003	ERR613356	ERR613354	ERR613355	ERR613353	ERR613358	ERR613357	ERR605934	ERR605937	ERR605938	ERR605935	ERR605936	ERR605939	ERR608950	ERR608951	ERR608952	ERR608954	ERR608949	ERR608953	ERR630397	ERR630396	ERR630394	ERR630393	ERR630395	ERR630392	ERR630276	ERR630277	ERR630275	ERR630274	ERR630272	ERR630273	ERR629948	ERR629951	ERR629949	ERR629950	ERR629946	ERR629947	ERR622034	ERR622035	ERR622036	ERR622037	ERR622033	ERR622038	ERR630533	ERR630535	ERR630534	ERR630537	ERR630536	ERR630532	ERR618617	ERR618620	ERR618615	ERR618616	ERR618618	ERR618619	ERR629975	ERR629973	ERR629972	ERR629971	ERR629974	ERR629970	ERR615626	ERR615625	ERR615624	ERR615623	ERR615622	ERR615621	ERR617407	ERR617406	ERR617404	ERR617403	ERR617405	ERR617408	ERR607446	ERR607445	ERR607448	ERR607447	ERR607449	ERR607450	ERR613773	ERR613774	ERR613775	ERR613771	ERR613770	ERR613772	ERR608535	ERR608532	ERR608533	ERR608536	ERR608531	ERR608534
ERR630005	0	0.796545	0.800165	0.786382	0.78421	0.794922	0.940663	0.931421	0.920355	0.911017	0.963576	0.936904	0.949575	0.950792	0.953768	0.921905	0.920861	0.955675	0.89267	0.886974	0.912344	0.916747	0.919079	0.914642	1.10573	1.11246	1.09076	1.09385	1.10953	1.08856	1.0606	1.06366	1.06019	1.07425	1.05827	1.06935	1.06325	1.07136	1.07043	1.07158	1.06261	1.07164	0.897985	0.898082	0.899386	0.907796	0.89197	0.909779	1.08318	1.08765	1.07453	1.08695	1.08567	1.07745	1.05749	1.06912	1.05317	1.05897	1.06267	1.06928	1.07436	1.07376	1.06691	1.07596	1.07494	1.06572	1.04809	1.04745	1.05557	1.0559	1.07648	1.08322	1.07134	1.07456	1.17513	1.17918	1.17437	1.071	0.868553	0.872698	0.841209	0.872917	0.843034	0.842982	1.0884	1.08783	1.08818	1.08539	1.07819	1.10161	1.07579	1.08703	1.08356	1.07504	1.10428	1.07601
ERR630004	0.796545	0	0.801449	0.787609	0.784849	0.79561	0.941097	0.932325	0.920965	0.911551	0.963781	0.937699	0.951136	0.952467	0.955182	0.923665	0.92252	0.95727	0.893539	0.888192	0.913266	0.918021	0.92011	0.915428	1.10679	1.1134	1.09188	1.09497	1.11033	1.08986	1.06157	1.06483	1.06138	1.0754	1.05944	1.07036	1.06435	1.07265	1.07158	1.07277	1.06378	1.07296	0.898473	0.898382	0.900064	0.907674	0.892253	0.910035	1.085	1.08905	1.0761	1.08839	1.08708	1.07874	1.05868	1.0701	1.05431	1.06018	1.06372	1.07026	1.07599	1.07514	1.06833	1.07721	1.07642	1.06696	1.04936	1.04855	1.05687	1.05719	1.07761	1.08456	1.07277	1.07582	1.17665	1.18056	1.17572	1.0725	0.868703	0.872984	0.842221	0.873785	0.843573	0.843587	1.08991	1.08904	1.08956	1.08664	1.07928	1.10275	1.07779	1.08883	1.08522	1.07664	1.10617	1.07776
ERR630001	0.800165	0.801449	0	0.783645	0.781162	0.799232	0.938676	0.931198	0.919845	0.909741	0.963791	0.935075	0.947601	0.944807	0.948215	0.914867	0.913838	0.950307	0.893944	0.887366	0.912958	0.917643	0.922926	0.915526	1.10526	1.11135	1.08982	1.09399	1.10858	1.08799	1.0603	1.06458	1.06046	1.07414	1.05791	1.06967	1.06187	1.07188	1.07071	1.07204	1.06103	1.07092	0.897619	0.897656	0.898537	0.907013	0.891064	0.909424	1.08027	1.08583	1.07146	1.08505	1.08396	1.07506	1.05691	1.06739	1.05225	1.05866	1.06108	1.06741	1.07409	1.07344	1.06468	1.07456	1.07481	1.06361	1.04659	1.04587	1.05419	1.05372	1.07441	1.08215	1.06976	1.0733	1.1662	1.17059	1.16521	1.06912	0.869134	0.873579	0.841133	0.873457	0.842928	0.843019	1.08662	1.08594	1.08661	1.08405	1.07644	1.10151	1.07399	1.08565	1.08131	1.07316	1.10465	1.07425
ERR630002	0.786382	0.787609	0.783645	0	0.763443	0.785729	0.926554	0.920014	0.907913	0.896268	0.955129	0.923077	0.935005	0.929957	0.93432	0.89796	0.895856	0.936237	0.881946	0.874313	0.902433	0.907343	0.913892	0.904726	1.09407	1.10083	1.07833	1.08308	1.09789	1.07655	1.04804	1.05292	1.04822	1.06228	1.04535	1.05779	1.04899	1.06053	1.05927	1.06074	1.048	1.05914	0.885831	0.886051	0.88661	0.895795	0.878126	0.898527	1.06736	1.07422	1.05808	1.07285	1.07213	1.06201	1.04485	1.05527	1.03988	1.04701	1.04909	1.05561	1.06223	1.06105	1.05112	1.06201	1.06289	1.04963	1.03388	1.03308	1.04182	1.04059	1.06268	1.07061	1.05691	1.06082	1.15207	1.15677	1.15099	1.0563	0.857264	0.862803	0.826439	0.861426	0.827847	0.828419	1.07461	1.07366	1.07429	1.07205	1.06375	1.09144	1.06289	1.07544	1.07051	1.06206	1.09689	1.06313
ERR630000	0.78421	0.784849	0.781162	0.763443	0	0.783303	0.92473	0.917916	0.905758	0.893829	0.953475	0.921077	0.933182	0.927882	0.932273	0.895279	0.893154	0.933949	0.879857	0.87258	0.900494	0.905579	0.912725	0.903321	1.09258	1.09952	1.07676	1.08156	1.09629	1.07482	1.04602	1.0515	1.0461	1.06062	1.04322	1.05607	1.04711	1.05882	1.05759	1.05904	1.04644	1.05731	0.883671	0.883622	0.884204	0.893719	0.875707	0.896198	1.06563	1.07247	1.05653	1.07108	1.0704	1.06024	1.04316	1.05344	1.03828	1.04525	1.04709	1.05394	1.06028	1.05947	1.0491	1.06038	1.06129	1.04788	1.03212	1.03139	1.04029	1.03876	1.06104	1.06881	1.05504	1.0591	1.15076	1.15538	1.1496	1.05444	0.855337	0.859878	0.824228	0.859463	0.825518	0.825754	1.07253	1.07183	1.07235	1.07009	1.06186	1.08948	1.06155	1.07368	1.06908	1.06051	1.09568	1.06141
ERR630003	0.794922	0.79561	0.799232	0.785729	0.783303	0	0.939616	0.930686	0.919295	0.909895	0.963213	0.936417	0.948656	0.949158	0.952698	0.920476	0.919205	0.954587	0.892732	0.887003	0.912516	0.916791	0.919815	0.9149	1.10477	1.11134	1.08953	1.09297	1.10837	1.08764	1.05915	1.06235	1.05889	1.07281	1.05683	1.06801	1.06154	1.07016	1.06889	1.07028	1.06107	1.07045	0.898182	0.898172	0.899439	0.907473	0.892037	0.909965	1.08187	1.08642	1.07332	1.08576	1.08458	1.07612	1.05704	1.06842	1.05234	1.05835	1.06198	1.06834	1.07326	1.0724	1.06555	1.07466	1.07376	1.06427	1.04758	1.04678	1.05503	1.05554	1.07567	1.0829	1.07003	1.0731	1.17396	1.17785	1.17306	1.06967	0.86786	0.872084	0.84073	0.872927	0.842189	0.842571	1.08726	1.08681	1.08698	1.08425	1.07675	1.10039	1.07468	1.08622	1.08255	1.07385	1.10371	1.07507
ERR613356	0.940663	0.941097	0.938676	0.926554	0.92473	0.939616	0	0.794329	0.785168	0.77627	0.819323	0.791359	0.925476	0.922955	0.924481	0.90415	0.903389	0.925991	0.968999	0.96218	0.984759	0.988777	0.998619	0.987116	1.10856	1.11427	1.09456	1.09944	1.11117	1.09301	1.07589	1.08144	1.07599	1.08874	1.07354	1.08524	1.07646	1.08793	1.0866	1.088	1.07532	1.08575	0.954031	0.953796	0.954191	0.961972	0.947179	0.965167	1.08482	1.09172	1.07707	1.09045	1.08974	1.08017	1.08014	1.08735	1.07532	1.0819	1.08179	1.08783	1.08148	1.08057	1.07064	1.0808	1.08183	1.06923	1.05882	1.05733	1.06571	1.06346	1.08316	1.09073	1.0742	1.07788	1.1587	1.16271	1.15817	1.07332	0.947949	0.950875	0.923003	0.949705	0.924214	0.924017	1.09273	1.09228	1.09272	1.09148	1.0834	1.10963	1.07186	1.08342	1.07846	1.07069	1.10332	1.07232
ERR613354	0.931421	0.932325	0.931198	0.920014	0.917916	0.930686	0.794329	0	0.77575	0.767176	0.817046	0.791348	0.924621	0.926538	0.927137	0.907302	0.906592	0.929106	0.959764	0.954006	0.977233	0.981188	0.987574	0.979459	1.10385	1.10971	1.08929	1.0934	1.10709	1.08746	1.06939	1.07369	1.06912	1.08245	1.06665	1.07814	1.07181	1.08167	1.08024	1.08153	1.0707	1.0803	0.94802	0.947741	0.948191	0.956203	0.941121	0.959423	1.08311	1.0887	1.07518	1.08791	1.08663	1.07789	1.07439	1.08368	1.0698	1.07564	1.07749	1.08385	1.07602	1.07506	1.06678	1.07676	1.07642	1.06596	1.05435	1.05317	1.06155	1.06009	1.0802	1.08699	1.07056	1.07353	1.16868	1.1723	1.16826	1.06988	0.941184	0.944262	0.916747	0.943527	0.917902	0.917849	1.08986	1.08915	1.08948	1.08746	1.07987	1.10447	1.06883	1.08008	1.07611	1.06751	1.09855	1.06912
ERR613355	0.920355	0.920965	0.919845	0.907913	0.905758	0.919295	0.785168	0.77575	0	0.754255	0.810244	0.781226	0.917491	0.918067	0.918787	0.896363	0.89576	0.920806	0.948268	0.942025	0.966972	0.970863	0.977731	0.968832	1.09464	1.10107	1.07974	1.08412	1.09808	1.07758	1.05802	1.06269	1.05828	1.072	1.05549	1.0676	1.06071	1.07096	1.06976	1.07105	1.05957	1.0697	0.93697	0.937102	0.937859	0.945716	0.930034	0.949459	1.07261	1.07786	1.06423	1.07748	1.07584	1.06701	1.06427	1.07337	1.05959	1.06549	1.06727	1.07364	1.0655	1.06449	1.05627	1.06585	1.06624	1.05495	1.0437	1.04244	1.05116	1.04979	1.07081	1.07778	1.05938	1.06274	1.16067	1.16443	1.16028	1.05877	0.930349	0.93366	0.904447	0.932953	0.905908	0.905368	1.07948	1.07871	1.07916	1.07721	1.06941	1.09464	1.05888	1.07105	1.06686	1.05765	1.09027	1.05933
ERR613353	0.911017	0.911551	0.909741	0.896268	0.893829	0.909895	0.77627	0.767176	0.754255	0	0.805762	0.772209	0.910398	0.908832	0.910335	0.884445	0.88343	0.912515	0.939023	0.931686	0.958103	0.962009	0.970456	0.960392	1.08663	1.09302	1.07119	1.07614	1.09008	1.06934	1.04967	1.05487	1.04947	1.06386	1.04675	1.0593	1.05113	1.06269	1.06159	1.06307	1.04994	1.06124	0.926576	0.926564	0.927292	0.935956	0.919015	0.939614	1.06248	1.0688	1.0537	1.06811	1.06691	1.05714	1.05509	1.06411	1.05013	1.05702	1.05775	1.06476	1.05687	1.05588	1.04629	1.05688	1.05761	1.04507	1.03318	1.03203	1.04114	1.03906	1.06086	1.06846	1.05035	1.054	1.14945	1.15359	1.14884	1.04947	0.920592	0.924284	0.892047	0.923336	0.894241	0.893966	1.07067	1.0701	1.07042	1.06863	1.0603	1.08769	1.05011	1.06272	1.0578	1.04872	1.08409	1.0504
ERR613358	0.963576	0.963781	0.963791	0.955129	0.953475	0.963213	0.819323	0.817046	0.810244	0.805762	0	0.81708	0.944339	0.949103	0.948397	0.93609	0.936008	0.9503	0.992317	0.988008	1.00698	1.01043	1.01577	1.00924	1.12878	1.13422	1.11629	1.11948	1.13165	1.11449	1.09788	1.10169	1.09788	1.11009	1.096	1.10634	1.10062	1.1086	1.10759	1.10875	1.09968	1.10808	0.980564	0.980177	0.980998	0.987269	0.975446	0.990338	1.11059	1.11469	1.10342	1.11443	1.11309	1.10562	1.10248	1.11079	1.09877	1.10393	1.10541	1.11142	1.10324	1.10295	1.09614	1.10433	1.10396	1.09498	1.08362	1.08242	1.08971	1.08908	1.10669	1.11296	1.09885	1.10153	1.18951	1.19258	1.18927	1.09849	0.972029	0.974649	0.951562	0.974545	0.952867	0.952435	1.11668	1.1162	1.11623	1.11464	1.1079	1.12902	1.09542	1.10511	1.10192	1.09432	1.11999	1.09586
ERR613357	0.936904	0.937699	0.935075	0.923077	0.921077	0.936417	0.791359	0.791348	0.781226	0.772209	0.81708	0	0.923126	0.920626	0.921927	0.900959	0.900492	0.923902	0.965714	0.958864	0.981948	0.985645	0.995317	0.984103	1.10606	1.11182	1.09193	1.09665	1.10893	1.08995	1.07255	1.07809	1.07279	1.08577	1.06992	1.08191	1.07371	1.08506	1.08368	1.08515	1.0722	1.08291	0.951131	0.950781	0.950976	0.958876	0.943801	0.962623	1.0822	1.08863	1.07412	1.08779	1.08692	1.07754	1.07706	1.08467	1.07211	1.07871	1.07892	1.08482	1.07875	1.07779	1.06791	1.07808	1.07902	1.06661	1.05601	1.05458	1.06302	1.06058	1.08101	1.08816	1.07136	1.07497	1.15763	1.16168	1.15728	1.07061	0.944356	0.94779	0.918839	0.946426	0.920276	0.920189	1.08995	1.08959	1.08981	1.08839	1.08047	1.10679	1.06879	1.0805	1.07588	1.0679	1.10113	1.06929
ERR605934	0.949575	0.951136	0.947601	0.935005	0.933182	0.948656	0.925476	0.924621	0.917491	0.910398	0.944339	0.923126	0	0.821886	0.824263	0.796868	0.796275	0.824919	0.986286	0.97856	1.00136	1.00479	1.01577	1.00333	1.12968	1.13547	1.1161	1.12139	1.13265	1.11447	1.09531	1.10193	1.09591	1.10838	1.09316	1.10481	1.09235	1.10487	1.10323	1.10493	1.0915	1.10194	0.951828	0.950825	0.951007	0.960276	0.944301	0.962685	1.09229	1.10017	1.08495	1.09855	1.09825	1.089	1.09649	1.10285	1.09216	1.09913	1.097	1.10272	1.10471	1.10317	1.09255	1.10273	1.10502	1.09117	1.0857	1.08457	1.09207	1.08931	1.10865	1.11611	1.09764	1.10181	1.1599	1.16465	1.15917	1.09663	0.970319	0.973868	0.946869	0.972496	0.948272	0.948051	1.10607	1.10574	1.10621	1.10524	1.09774	1.12397	1.09224	1.10319	1.09847	1.09175	1.1237	1.09217
ERR605937	0.950792	0.952467	0.944807	0.929957	0.927882	0.949158	0.922955	0.926538	0.918067	0.908832	0.949103	0.920626	0.821886	0	0.804407	0.777434	0.775897	0.805637	0.98484	0.97581	0.999192	1.00298	1.02018	1.00124	1.12407	1.12951	1.10991	1.1172	1.12608	1.10877	1.09113	1.09996	1.09213	1.10425	1.08869	1.10154	1.08444	1.10072	1.09916	1.10096	1.08362	1.09543	0.947398	0.945766	0.945362	0.954842	0.937858	0.957344	1.08018	1.09085	1.07258	1.08857	1.08914	1.07732	1.09015	1.09448	1.08562	1.0935	1.08923	1.09437	1.09875	1.09676	1.08261	1.09456	1.09921	1.08103	1.07684	1.07566	1.08368	1.07899	1.09985	1.1081	1.08857	1.09415	1.12955	1.13552	1.12858	1.08697	0.968698	0.972315	0.942155	0.969331	0.943367	0.942905	1.09589	1.09586	1.09641	1.09644	1.08792	1.11905	1.08255	1.09446	1.08882	1.08249	1.1201	1.08245
ERR605938	0.953768	0.955182	0.948215	0.93432	0.932273	0.952698	0.924481	0.927137	0.918787	0.910335	0.948397	0.921927	0.824263	0.804407	0	0.78322	0.782375	0.808479	0.986986	0.978013	1.00121	1.00488	1.02046	1.00318	1.12599	1.13126	1.11182	1.11852	1.12842	1.11066	1.09293	1.10127	1.09361	1.10594	1.09039	1.10293	1.08718	1.10276	1.10089	1.10271	1.08624	1.09769	0.950254	0.949136	0.948736	0.958633	0.941381	0.961	1.08389	1.09408	1.07651	1.09203	1.09228	1.08103	1.09273	1.09725	1.08816	1.09563	1.09186	1.09712	1.10086	1.09939	1.0859	1.09699	1.10129	1.08397	1.08015	1.07877	1.08694	1.08263	1.10315	1.11109	1.09126	1.09651	1.13658	1.14225	1.13595	1.08975	0.971288	0.975123	0.946125	0.972476	0.94738	0.94714	1.09898	1.09859	1.09922	1.09917	1.0906	1.12035	1.08609	1.09819	1.09257	1.08603	1.12259	1.08609
ERR605935	0.921905	0.923665	0.914867	0.89796	0.895279	0.920476	0.90415	0.907302	0.896363	0.884445	0.93609	0.900959	0.796868	0.777434	0.78322	0	0.735553	0.784906	0.956272	0.946173	0.973113	0.977027	0.99565	0.975195	1.10247	1.10839	1.08678	1.09492	1.10477	1.08586	1.0654	1.07519	1.06643	1.08019	1.0629	1.0769	1.059	1.07689	1.07516	1.0768	1.05788	1.07119	0.917377	0.916358	0.915398	0.926888	0.907164	0.929877	1.05407	1.06653	1.04578	1.06367	1.06438	1.05135	1.06562	1.0705	1.06064	1.06928	1.06407	1.07038	1.07455	1.07274	1.05654	1.06999	1.07501	1.05504	1.05121	1.04973	1.05864	1.05297	1.07633	1.08523	1.06374	1.06983	1.10803	1.1149	1.10701	1.06196	0.941302	0.945649	0.911181	0.942506	0.91232	0.911922	1.07207	1.07185	1.07245	1.07251	1.06296	1.09707	1.0592	1.07273	1.06595	1.05893	1.10172	1.05915
ERR605936	0.920861	0.92252	0.913838	0.895856	0.893154	0.919205	0.903389	0.906592	0.89576	0.88343	0.936008	0.900492	0.796275	0.775897	0.782375	0.735553	0	0.783853	0.955676	0.944787	0.972221	0.976327	0.995264	0.974318	1.10112	1.10717	1.08557	1.09359	1.10357	1.08437	1.06409	1.07404	1.06507	1.07855	1.0614	1.07579	1.05723	1.07584	1.07372	1.07583	1.05621	1.06946	0.91576	0.914342	0.913668	0.925565	0.905094	0.927723	1.05233	1.06508	1.04402	1.06199	1.06328	1.0498	1.0644	1.06912	1.05891	1.06796	1.06255	1.06848	1.07286	1.07109	1.05462	1.0682	1.07351	1.05312	1.04933	1.048	1.05676	1.05104	1.07464	1.08341	1.06205	1.06818	1.10512	1.11189	1.10397	1.06007	0.939899	0.944398	0.909586	0.941209	0.91043	0.910475	1.07047	1.07014	1.07087	1.07103	1.06133	1.0961	1.05775	1.07128	1.06442	1.0576	1.1012	1.05762
ERR605939	0.955675	0.95727	0.950307	0.936237	0.933949	0.954587	0.925991	0.929106	0.920806	0.912515	0.9503	0.923902	0.824919	0.805637	0.808479	0.784906	0.783853	0	0.988784	0.980016	1.00296	1.00652	1.02262	1.00486	1.12738	1.13265	1.11318	1.12026	1.12957	1.1123	1.09464	1.10272	1.09523	1.10753	1.09222	1.10467	1.08885	1.10435	1.10281	1.10455	1.08779	1.09951	0.952402	0.950764	0.950751	0.960339	0.943265	0.962838	1.08547	1.09559	1.07785	1.09315	1.09372	1.08243	1.09415	1.09877	1.08952	1.09719	1.09321	1.09849	1.10239	1.10091	1.08739	1.09864	1.10285	1.08562	1.08184	1.08042	1.08856	1.08411	1.10461	1.11264	1.09276	1.09808	1.13706	1.14266	1.13637	1.09135	0.972619	0.976194	0.94786	0.973981	0.94897	0.948509	1.10045	1.10013	1.10072	1.10059	1.09229	1.12196	1.08707	1.09857	1.09332	1.08699	1.12304	1.08695
ERR608950	0.89267	0.893539	0.893944	0.881946	0.879857	0.892732	0.968999	0.959764	0.948268	0.939023	0.992317	0.965714	0.986286	0.98484	0.986986	0.956272	0.955676	0.988784	0	0.758318	0.791709	0.797306	0.797775	0.794446	1.11407	1.12081	1.0985	1.10171	1.11799	1.09625	1.06208	1.0648	1.06165	1.07562	1.05989	1.07085	1.06911	1.07711	1.07599	1.07722	1.06836	1.07764	0.927457	0.927733	0.929277	0.93712	0.921844	0.939261	1.09016	1.09414	1.08114	1.0936	1.09173	1.08405	1.06653	1.07824	1.06188	1.06754	1.07168	1.07836	1.084	1.08318	1.0763	1.08544	1.08438	1.07523	1.05348	1.05266	1.06081	1.06135	1.08178	1.08899	1.07739	1.08061	1.18465	1.1888	1.18374	1.07742	0.92153	0.924722	0.8965	0.925102	0.898491	0.897238	1.09581	1.09488	1.09515	1.09202	1.08477	1.10792	1.08421	1.09556	1.09192	1.0832	1.11265	1.08433
ERR608951	0.886974	0.888192	0.887366	0.874313	0.87258	0.887003	0.96218	0.954006	0.942025	0.931686	0.988008	0.958864	0.97856	0.97581	0.978013	0.946173	0.944787	0.980016	0.758318	0	0.785858	0.791522	0.79418	0.788626	1.10876	1.11544	1.09254	1.09652	1.1124	1.09032	1.05582	1.05952	1.05526	1.0697	1.05365	1.06511	1.0623	1.07166	1.07034	1.07182	1.06164	1.07172	0.921143	0.921478	0.922897	0.931059	0.914615	0.932794	1.08308	1.08811	1.07381	1.08716	1.08571	1.07705	1.06102	1.07242	1.05608	1.06224	1.06593	1.07266	1.07795	1.07687	1.06919	1.07895	1.07858	1.06829	1.04729	1.04641	1.05469	1.05448	1.07574	1.08321	1.07092	1.07414	1.17592	1.18041	1.17498	1.07057	0.915798	0.919157	0.889616	0.919249	0.891229	0.890276	1.08928	1.08833	1.08885	1.08575	1.07819	1.10303	1.07786	1.08971	1.08586	1.07698	1.10823	1.07816
ERR608952	0.912344	0.913266	0.912958	0.902433	0.900494	0.912516	0.984759	0.977233	0.966972	0.958103	1.00698	0.981948	1.00136	0.999192	1.00121	0.973113	0.972221	1.00296	0.791709	0.785858	0	0.811895	0.819587	0.809505	1.12963	1.13573	1.11514	1.11865	1.13312	1.11293	1.08108	1.08455	1.08069	1.09391	1.07919	1.08958	1.08732	1.0955	1.09435	1.09569	1.08665	1.09567	0.944968	0.945416	0.94673	0.953941	0.939365	0.95557	1.10618	1.11044	1.09754	1.10954	1.10811	1.1008	1.08404	1.09469	1.07982	1.08506	1.08862	1.09453	1.10157	1.10066	1.09369	1.10257	1.10202	1.0928	1.07092	1.07022	1.07794	1.07781	1.09724	1.10415	1.09466	1.0976	1.19207	1.19599	1.19094	1.09453	0.939378	0.94273	0.916497	0.942241	0.918185	0.917196	1.11194	1.11116	1.11173	1.10884	1.10176	1.12422	1.10004	1.11068	1.10705	1.09922	1.127	1.10019
ERR608954	0.916747	0.918021	0.917643	0.907343	0.905579	0.916791	0.988777	0.981188	0.970863	0.962009	1.01043	0.985645	1.00479	1.00298	1.00488	0.977027	0.976327	1.00652	0.797306	0.791522	0.811895	0	0.824524	0.814229	1.13186	1.1382	1.11757	1.12064	1.13572	1.11561	1.0833	1.08663	1.08318	1.09606	1.08157	1.09163	1.09006	1.09814	1.09694	1.0981	1.08931	1.09815	0.94885	0.949695	0.950654	0.957612	0.943746	0.959064	1.10835	1.1126	1.09989	1.11198	1.1105	1.10269	1.08692	1.09713	1.08276	1.08782	1.09127	1.09737	1.10406	1.10315	1.09611	1.10469	1.1042	1.09529	1.07403	1.07318	1.08091	1.08066	1.10021	1.1072	1.09704	1.10031	1.19364	1.19765	1.19279	1.0969	0.943481	0.946259	0.920844	0.946137	0.922395	0.921712	1.11382	1.11335	1.11351	1.11047	1.10385	1.12613	1.10246	1.11265	1.10939	1.10168	1.12915	1.10246
ERR608949	0.919079	0.92011	0.922926	0.913892	0.912725	0.919815	0.998619	0.987574	0.977731	0.970456	1.01577	0.995317	1.01577	1.02018	1.02046	0.99565	0.995264	1.02262	0.797775	0.79418	0.819587	0.824524	0	0.821981	1.13452	1.14064	1.12017	1.12213	1.13838	1.11788	1.08489	1.08621	1.08425	1.09729	1.08347	1.09247	1.09389	1.09868	1.09794	1.09909	1.09334	1.10087	0.955507	0.955976	0.957705	0.96419	0.951107	0.965526	1.11662	1.11843	1.10844	1.11822	1.11613	1.11021	1.08999	1.10203	1.08582	1.09036	1.09603	1.10237	1.10622	1.10574	1.10178	1.10915	1.10669	1.10085	1.07879	1.07848	1.08546	1.0878	1.10564	1.11172	1.1023	1.10465	1.21435	1.21742	1.21352	1.1025	0.947796	0.950247	0.927827	0.951437	0.929325	0.928488	1.11972	1.11907	1.11914	1.11559	1.10963	1.12804	1.11016	1.1204	1.11773	1.10908	1.13306	1.11039
ERR608953	0.914642	0.915428	0.915526	0.904726	0.903321	0.9149	0.987116	0.979459	0.968832	0.960392	1.00924	0.984103	1.00333	1.00124	1.00318	0.975195	0.974318	1.00486	0.794446	0.788626	0.809505	0.814229	0.821981	0	1.13071	1.13684	1.11585	1.11939	1.13425	1.11414	1.08209	1.08546	1.08172	1.09493	1.08051	1.09053	1.08842	1.09636	1.09552	1.09669	1.08761	1.09674	0.947208	0.947953	0.949022	0.955795	0.941652	0.957501	1.10711	1.11153	1.09865	1.11071	1.10938	1.10175	1.08505	1.09528	1.08086	1.08631	1.08951	1.09579	1.10255	1.10173	1.09493	1.10354	1.10297	1.09402	1.07242	1.07146	1.07932	1.07909	1.09846	1.10529	1.09572	1.09882	1.19259	1.19651	1.19178	1.09541	0.940995	0.944362	0.918263	0.944258	0.920364	0.91942	1.11242	1.11175	1.11218	1.10936	1.10253	1.12473	1.10167	1.11215	1.10849	1.10072	1.12842	1.10163
ERR630397	1.10573	1.10679	1.10526	1.09407	1.09258	1.10477	1.10856	1.10385	1.09464	1.08663	1.12878	1.10606	1.12968	1.12407	1.12599	1.10247	1.10112	1.12738	1.11407	1.10876	1.12963	1.13186	1.13452	1.13071	0	0.860062	0.829165	0.835205	0.856085	0.826409	0.923482	0.92881	0.923801	0.940242	0.921451	0.934928	0.910639	0.921118	0.92079	0.922055	0.908598	0.920367	1.11492	1.11552	1.11636	1.12236	1.10898	1.12406	0.974397	0.97636	0.962646	0.977044	0.974947	0.965499	0.97185	0.983457	0.966186	0.974303	0.974794	0.982822	0.914929	0.914617	0.905743	0.915307	0.916894	0.90428	0.963494	0.961721	0.973211	0.970809	0.993333	1.002	0.910281	0.912926	1.07701	1.07801	1.07566	0.90905	1.10594	1.10761	1.0883	1.10842	1.08793	1.0882	0.937291	0.937027	0.936253	0.934584	0.924436	0.958544	0.927014	0.948475	0.939514	0.924211	0.978422	0.927569
ERR630396	1.11246	1.1134	1.11135	1.10083	1.09952	1.11134	1.11427	1.10971	1.10107	1.09302	1.13422	1.11182	1.13547	1.12951	1.13126	1.10839	1.10717	1.13265	1.12081	1.11544	1.13573	1.1382	1.14064	1.13684	0.860062	0	0.840438	0.846317	0.865526	0.837225	0.934182	0.93998	0.934545	0.950348	0.93216	0.944892	0.92136	0.931272	0.93149	0.93306	0.919502	0.930367	1.12096	1.12143	1.12259	1.12827	1.11519	1.12957	0.982697	0.984653	0.9714	0.985286	0.98354	0.974335	0.980035	0.990541	0.97494	0.982721	0.982681	0.990494	0.924914	0.924913	0.915993	0.925302	0.926673	0.91453	0.972192	0.970507	0.98136	0.97928	1.00047	1.0088	0.920458	0.923282	1.08015	1.08121	1.07855	0.919341	1.11186	1.11332	1.09446	1.11435	1.09451	1.09461	0.947192	0.946782	0.945965	0.944761	0.934821	0.9676	0.937589	0.958434	0.949543	0.934927	0.987965	0.938086
ERR630394	1.09076	1.09188	1.08982	1.07833	1.07676	1.08953	1.09456	1.08929	1.07974	1.07119	1.11629	1.09193	1.1161	1.10991	1.11182	1.08678	1.08557	1.11318	1.0985	1.09254	1.11514	1.11757	1.12017	1.11585	0.829165	0.840438	0	0.808803	0.836021	0.797644	0.898909	0.905034	0.898958	0.916792	0.896268	0.911246	0.885208	0.897603	0.896853	0.898918	0.883229	0.896539	1.10053	1.10092	1.10209	1.10794	1.09415	1.11013	0.954487	0.95734	0.941722	0.958073	0.955933	0.94512	0.951872	0.964251	0.945701	0.954745	0.955158	0.964006	0.892062	0.891492	0.880832	0.892163	0.893715	0.879322	0.942986	0.941107	0.953838	0.95088	0.975321	0.984842	0.887006	0.890093	1.06376	1.06526	1.06216	0.885251	1.09154	1.093	1.07267	1.09409	1.07271	1.07294	0.914305	0.914274	0.913281	0.911561	0.900531	0.937415	0.902778	0.926007	0.915747	0.899902	0.958822	0.903212
ERR630393	1.09385	1.09497	1.09399	1.08308	1.08156	1.09297	1.09944	1.0934	1.08412	1.07614	1.11948	1.09665	1.12139	1.1172	1.11852	1.09492	1.09359	1.12026	1.10171	1.09652	1.11865	1.12064	1.12213	1.11939	0.835205	0.846317	0.808803	0	0.842143	0.805328	0.904897	0.909853	0.905018	0.9226	0.902791	0.916566	0.893245	0.902921	0.902669	0.904588	0.891243	0.902763	1.10482	1.10547	1.1069	1.11285	1.09912	1.11457	0.961603	0.962873	0.949044	0.963728	0.961435	0.951901	0.957827	0.970649	0.952258	0.960119	0.961988	0.970283	0.897633	0.897751	0.889397	0.899244	0.899577	0.887925	0.949873	0.948135	0.959971	0.958502	0.981369	0.99041	0.894445	0.897099	1.07698	1.07796	1.0752	0.893083	1.09488	1.09643	1.0768	1.09766	1.07692	1.0771	0.922889	0.922174	0.921617	0.919532	0.909037	0.942669	0.911543	0.933797	0.924509	0.908099	0.96354	0.912159
ERR630395	1.10953	1.11033	1.10858	1.09789	1.09629	1.10837	1.11117	1.10709	1.09808	1.09008	1.13165	1.10893	1.13265	1.12608	1.12842	1.10477	1.10357	1.12957	1.11799	1.1124	1.13312	1.13572	1.13838	1.13425	0.856085	0.865526	0.836021	0.842143	0	0.833188	0.930397	0.936342	0.930833	0.946659	0.928475	0.941803	0.916439	0.927085	0.926965	0.928791	0.914779	0.926132	1.11835	1.11854	1.11957	1.12558	1.11236	1.12711	0.979166	0.981609	0.967421	0.981901	0.980226	0.970716	0.975534	0.986131	0.969897	0.977952	0.978415	0.985701	0.921322	0.920717	0.911602	0.921149	0.922857	0.909851	0.968125	0.96664	0.977555	0.975339	0.997349	1.00572	0.917845	0.920621	1.07655	1.07781	1.07511	0.916326	1.10889	1.1107	1.09141	1.11165	1.09116	1.09141	0.942529	0.942186	0.941328	0.940131	0.930204	0.963741	0.932433	0.953661	0.944833	0.929635	0.983774	0.932824
ERR630392	1.08856	1.08986	1.08799	1.07655	1.07482	1.08764	1.09301	1.08746	1.07758	1.06934	1.11449	1.08995	1.11447	1.10877	1.11066	1.08586	1.08437	1.1123	1.09625	1.09032	1.11293	1.11561	1.11788	1.11414	0.826409	0.837225	0.797644	0.805328	0.833188	0	0.89646	0.90227	0.897008	0.91473	0.89378	0.908703	0.882907	0.894638	0.894515	0.896303	0.881134	0.893814	1.09869	1.09927	1.10063	1.10665	1.09236	1.10854	0.951966	0.954338	0.939118	0.955226	0.95318	0.94217	0.949095	0.96205	0.943119	0.951731	0.952906	0.961885	0.88966	0.889489	0.879431	0.890437	0.89207	0.877786	0.940232	0.938479	0.951079	0.948543	0.972658	0.982228	0.883835	0.886754	1.06474	1.06586	1.06296	0.88241	1.08898	1.09082	1.07081	1.092	1.07068	1.07083	0.913288	0.912979	0.911878	0.910154	0.898878	0.935466	0.901064	0.92416	0.9145	0.897753	0.956838	0.901479
ERR630276	1.0606	1.06157	1.0603	1.04804	1.04602	1.05915	1.07589	1.06939	1.05802	1.04967	1.09788	1.07255	1.09531	1.09113	1.09293	1.0654	1.06409	1.09464	1.06208	1.05582	1.08108	1.0833	1.08489	1.08209	0.923482	0.934182	0.898909	0.904897	0.930397	0.89646	0	0.764053	0.75438	0.782269	0.754021	0.773244	0.870674	0.8826	0.881862	0.883512	0.869249	0.883319	1.07541	1.07624	1.07774	1.08415	1.06916	1.08607	0.946112	0.949987	0.93234	0.950506	0.947566	0.93649	0.944626	0.959369	0.939	0.947441	0.950263	0.959262	0.882643	0.881799	0.872235	0.884439	0.883916	0.870689	0.938509	0.93648	0.949662	0.947445	0.974433	0.983912	0.877288	0.881744	1.07059	1.07344	1.06903	0.877257	1.06404	1.0661	1.0436	1.06708	1.04422	1.04393	0.918173	0.917931	0.917633	0.913495	0.902714	0.939402	0.907341	0.929714	0.921127	0.90405	0.961764	0.907362
ERR630277	1.06366	1.06483	1.06458	1.05292	1.0515	1.06235	1.08144	1.07369	1.06269	1.05487	1.10169	1.07809	1.10193	1.09996	1.10127	1.07519	1.07404	1.10272	1.0648	1.05952	1.08455	1.08663	1.08621	1.08546	0.92881	0.93998	0.905034	0.909853	0.936342	0.90227	0.764053	0	0.762834	0.787883	0.761883	0.779169	0.877833	0.886508	0.886608	0.887634	0.876474	0.88903	1.08011	1.0806	1.08271	1.08898	1.07431	1.09066	0.955145	0.957055	0.941637	0.957923	0.954917	0.945078	0.952029	0.967905	0.946311	0.954119	0.958194	0.966997	0.887993	0.887444	0.881013	0.891551	0.889513	0.879274	0.946525	0.944704	0.957277	0.956685	0.982187	0.991413	0.885684	0.889178	1.08798	1.09006	1.08666	0.885537	1.06798	1.06974	1.04874	1.07128	1.04904	1.04927	0.925694	0.924843	0.925026	0.920282	0.910234	0.943347	0.915024	0.936433	0.928712	0.911549	0.96541	0.914701
ERR630275	1.06019	1.06138	1.06046	1.04822	1.0461	1.05889	1.07599	1.06912	1.05828	1.04947	1.09788	1.07279	1.09591	1.09213	1.09361	1.06643	1.06507	1.09523	1.06165	1.05526	1.08069	1.08318	1.08425	1.08172	0.923801	0.934545	0.898958	0.905018	0.930833	0.897008	0.75438	0.762834	0	0.781399	0.753778	0.772379	0.870797	0.882411	0.881572	0.883466	0.869177	0.883197	1.07572	1.07619	1.07783	1.08431	1.06956	1.08613	0.947163	0.950322	0.933548	0.950748	0.948333	0.937249	0.945249	0.960433	0.939183	0.947679	0.950649	0.959795	0.881996	0.881717	0.872748	0.884395	0.883513	0.871035	0.938662	0.936539	0.94981	0.947757	0.974462	0.984027	0.87692	0.881032	1.07313	1.07568	1.07163	0.87646	1.06403	1.06573	1.04375	1.06709	1.04423	1.04409	0.918566	0.917801	0.918125	0.913729	0.902698	0.939005	0.907531	0.929671	0.921292	0.904235	0.961266	0.907202
ERR630274	1.07425	1.0754	1.07414	1.06228	1.06062	1.07281	1.08874	1.08245	1.072	1.06386	1.11009	1.08577	1.10838	1.10425	1.10594	1.08019	1.07855	1.10753	1.07562	1.0697	1.09391	1.09606	1.09729	1.09493	0.940242	0.950348	0.916792	0.9226	0.946659	0.91473	0.782269	0.787883	0.781399	0	0.777623	0.794356	0.890153	0.900917	0.900472	0.902058	0.88837	0.901518	1.0887	1.08933	1.09081	1.09692	1.083	1.09891	0.963975	0.967192	0.951035	0.967666	0.965197	0.954678	0.963632	0.977633	0.957668	0.965751	0.968482	0.977136	0.900904	0.900416	0.891426	0.902671	0.902024	0.890362	0.957247	0.955649	0.967729	0.966079	0.990784	0.999407	0.896875	0.900602	1.08368	1.08578	1.0822	0.896328	1.07778	1.07957	1.05853	1.08051	1.05897	1.05879	0.934962	0.934223	0.934354	0.930366	0.92029	0.9541	0.926492	0.947502	0.939321	0.923321	0.977383	0.926576
ERR630272	1.05827	1.05944	1.05791	1.04535	1.04322	1.05683	1.07354	1.06665	1.05549	1.04675	1.096	1.06992	1.09316	1.08869	1.09039	1.0629	1.0614	1.09222	1.05989	1.05365	1.07919	1.08157	1.08347	1.08051	0.921451	0.93216	0.896268	0.902791	0.928475	0.89378	0.754021	0.761883	0.753778	0.777623	0	0.76851	0.867508	0.880427	0.879711	0.881194	0.866055	0.880281	1.07362	1.07444	1.07567	1.08222	1.06724	1.08424	0.943995	0.947881	0.930236	0.948277	0.945887	0.934207	0.941858	0.956837	0.93594	0.944652	0.947267	0.956451	0.880416	0.879669	0.869443	0.881826	0.881622	0.867712	0.936126	0.933905	0.947414	0.944937	0.972263	0.98181	0.87403	0.878238	1.06856	1.0715	1.06705	0.873757	1.06196	1.06394	1.04145	1.06472	1.04188	1.04167	0.915683	0.9147	0.914816	0.910639	0.899653	0.936536	0.903557	0.926451	0.917351	0.900426	0.959033	0.903829
ERR630273	1.06935	1.07036	1.06967	1.05779	1.05607	1.06801	1.08524	1.07814	1.0676	1.0593	1.10634	1.08191	1.10481	1.10154	1.10293	1.0769	1.07579	1.10467	1.07085	1.06511	1.08958	1.09163	1.09247	1.09053	0.934928	0.944892	0.911246	0.916566	0.941803	0.908703	0.773244	0.779169	0.772379	0.794356	0.76851	0	0.884203	0.89427	0.894129	0.895319	0.882502	0.895475	1.08462	1.08529	1.08684	1.09304	1.07881	1.09488	0.959539	0.962727	0.946417	0.963392	0.960561	0.950181	0.957378	0.972225	0.951813	0.959438	0.96291	0.971785	0.894729	0.894295	0.886083	0.896872	0.896319	0.88449	0.951762	0.949914	0.962377	0.961211	0.986563	0.995194	0.892203	0.895547	1.0842	1.08648	1.08296	0.891825	1.07349	1.07515	1.05402	1.07635	1.0543	1.05438	0.93012	0.929637	0.92923	0.925496	0.914916	0.948854	0.920653	0.941805	0.933445	0.917231	0.97143	0.920381
ERR629948	1.06325	1.06435	1.06187	1.04899	1.04711	1.06154	1.07646	1.07181	1.06071	1.05113	1.10062	1.07371	1.09235	1.08444	1.08718	1.059	1.05723	1.08885	1.06911	1.0623	1.08732	1.09006	1.09389	1.08842	0.910639	0.92136	0.885208	0.893245	0.916439	0.882907	0.870674	0.877833	0.870797	0.890153	0.867508	0.884203	0	0.758077	0.756096	0.758977	0.730975	0.753606	1.07862	1.07923	1.08004	1.08674	1.07176	1.08921	0.933189	0.939842	0.919954	0.939266	0.93759	0.924944	0.926744	0.940249	0.920383	0.9302	0.930497	0.940432	0.858993	0.857984	0.844628	0.859599	0.860676	0.843483	0.916114	0.913742	0.926795	0.922459	0.950526	0.960661	0.856914	0.8618	1.02803	1.03192	1.02671	0.855444	1.0636	1.06568	1.04219	1.06622	1.04241	1.04268	0.854389	0.853062	0.8538	0.851161	0.837341	0.883234	0.893497	0.916765	0.90626	0.889972	0.953358	0.893466
ERR629951	1.07136	1.07265	1.07188	1.06053	1.05882	1.07016	1.08793	1.08167	1.07096	1.06269	1.1086	1.08506	1.10487	1.10072	1.10276	1.07689	1.07584	1.10435	1.07711	1.07166	1.0955	1.09814	1.09868	1.09636	0.921118	0.931272	0.897603	0.902921	0.927085	0.894638	0.8826	0.886508	0.882411	0.900917	0.880427	0.89427	0.758077	0	0.768877	0.771334	0.755888	0.773319	1.08877	1.0892	1.09084	1.09721	1.08293	1.09907	0.949632	0.952258	0.936838	0.952743	0.95022	0.940288	0.940306	0.955747	0.934692	0.943101	0.946279	0.955687	0.870793	0.870024	0.862715	0.874108	0.872481	0.861767	0.93122	0.929118	0.941272	0.939912	0.96481	0.974071	0.872519	0.876181	1.05937	1.06219	1.05819	0.87185	1.07345	1.07531	1.0539	1.07643	1.05399	1.05417	0.8723	0.870933	0.871496	0.868036	0.855973	0.894399	0.909974	0.931961	0.924033	0.90651	0.962294	0.910573
ERR629949	1.07043	1.07158	1.07071	1.05927	1.05759	1.06889	1.0866	1.08024	1.06976	1.06159	1.10759	1.08368	1.10323	1.09916	1.10089	1.07516	1.07372	1.10281	1.07599	1.07034	1.09435	1.09694	1.09794	1.09552	0.92079	0.93149	0.896853	0.902669	0.926965	0.894515	0.881862	0.886608	0.881572	0.900472	0.879711	0.894129	0.756096	0.768877	0	0.769672	0.753785	0.771933	1.08776	1.0883	1.08976	1.09574	1.08174	1.09805	0.949021	0.952134	0.936369	0.952392	0.949775	0.939483	0.939224	0.954337	0.933026	0.941836	0.944866	0.954196	0.870047	0.869463	0.861457	0.873282	0.871611	0.86041	0.930609	0.92862	0.940503	0.93928	0.964483	0.973721	0.872616	0.875849	1.05748	1.06024	1.05644	0.871602	1.07205	1.07398	1.0527	1.07527	1.05271	1.05282	0.870512	0.869484	0.869705	0.8665	0.854404	0.893333	0.908352	0.930616	0.922446	0.905161	0.96196	0.909094
ERR629950	1.07158	1.07277	1.07204	1.06074	1.05904	1.07028	1.088	1.08153	1.07105	1.06307	1.10875	1.08515	1.10493	1.10096	1.10271	1.0768	1.07583	1.10455	1.07722	1.07182	1.09569	1.0981	1.09909	1.09669	0.922055	0.93306	0.898918	0.904588	0.928791	0.896303	0.883512	0.887634	0.883466	0.902058	0.881194	0.895319	0.758977	0.771334	0.769672	0	0.757139	0.77456	1.08883	1.08942	1.09125	1.09708	1.08321	1.09944	0.951471	0.953989	0.938427	0.954368	0.951685	0.941814	0.941461	0.956545	0.935121	0.943509	0.946515	0.95631	0.872128	0.871578	0.864229	0.875545	0.873594	0.863291	0.932651	0.930615	0.942601	0.941569	0.96627	0.975683	0.875224	0.878883	1.06086	1.06347	1.0598	0.874315	1.07363	1.07548	1.05433	1.07664	1.0544	1.05449	0.872938	0.871775	0.872099	0.868513	0.856611	0.895187	0.910465	0.932564	0.924357	0.90698	0.962549	0.910908
ERR629946	1.06261	1.06378	1.06103	1.048	1.04644	1.06107	1.07532	1.0707	1.05957	1.04994	1.09968	1.0722	1.0915	1.08362	1.08624	1.05788	1.05621	1.08779	1.06836	1.06164	1.08665	1.08931	1.09334	1.08761	0.908598	0.919502	0.883229	0.891243	0.914779	0.881134	0.869249	0.876474	0.869177	0.88837	0.866055	0.882502	0.730975	0.755888	0.753785	0.757139	0	0.750932	1.07779	1.07856	1.07953	1.08628	1.07097	1.08853	0.931624	0.938085	0.918353	0.93756	0.93615	0.923286	0.925575	0.938578	0.918297	0.928607	0.929004	0.938705	0.857393	0.856168	0.843134	0.857835	0.859093	0.841454	0.913734	0.911662	0.924522	0.920206	0.948629	0.958903	0.854204	0.8594	1.02658	1.03065	1.02535	0.852778	1.06262	1.06498	1.04147	1.06534	1.04147	1.04178	0.852328	0.851184	0.851755	0.849114	0.835239	0.881738	0.891352	0.915375	0.905032	0.887929	0.952062	0.891683
ERR629947	1.07164	1.07296	1.07092	1.05914	1.05731	1.07045	1.08575	1.0803	1.0697	1.06124	1.10808	1.08291	1.10194	1.09543	1.09769	1.07119	1.06946	1.09951	1.07764	1.07172	1.09567	1.09815	1.10087	1.09674	0.920367	0.930367	0.896539	0.902763	0.926132	0.893814	0.883319	0.88903	0.883197	0.901518	0.880281	0.895475	0.753606	0.773319	0.771933	0.77456	0.750932	0	1.08772	1.08822	1.08944	1.09598	1.08166	1.0983	0.945925	0.950349	0.933383	0.950511	0.948522	0.937259	0.938539	0.952271	0.932154	0.941375	0.943101	0.952024	0.871026	0.87044	0.860151	0.872439	0.872546	0.858569	0.928814	0.926998	0.939383	0.936918	0.962738	0.972133	0.870073	0.874917	1.04557	1.04889	1.04446	0.869126	1.0724	1.07457	1.05249	1.07552	1.05269	1.05271	0.869006	0.86785	0.86781	0.865037	0.852705	0.894271	0.907157	0.92934	0.920538	0.903799	0.96277	0.907373
ERR622034	0.897985	0.898473	0.897619	0.885831	0.883671	0.898182	0.954031	0.94802	0.93697	0.926576	0.980564	0.951131	0.951828	0.947398	0.950254	0.917377	0.91576	0.952402	0.927457	0.921143	0.944968	0.94885	0.955507	0.947208	1.11492	1.12096	1.10053	1.10482	1.11835	1.09869	1.07541	1.08011	1.07572	1.0887	1.07362	1.08462	1.07862	1.08877	1.08776	1.08883	1.07779	1.08772	0	0.820723	0.823292	0.833284	0.812252	0.835855	1.09429	1.10001	1.0862	1.09882	1.09813	1.08926	1.06746	1.07676	1.06282	1.06898	1.07072	1.07708	1.09279	1.09185	1.08284	1.0926	1.09315	1.08186	1.05342	1.05242	1.06068	1.05971	1.08029	1.08712	1.08626	1.08994	1.17086	1.1751	1.16992	1.08611	0.924658	0.929089	0.901012	0.927479	0.902221	0.90262	1.0945	1.09367	1.09424	1.0922	1.08442	1.11013	1.08247	1.09367	1.08948	1.08161	1.11335	1.08293
ERR622035	0.898082	0.898382	0.897656	0.886051	0.883622	0.898172	0.953796	0.947741	0.937102	0.926564	0.980177	0.950781	0.950825	0.945766	0.949136	0.916358	0.914342	0.950764	0.927733	0.921478	0.945416	0.949695	0.955976	0.947953	1.11552	1.12143	1.10092	1.10547	1.11854	1.09927	1.07624	1.0806	1.07619	1.08933	1.07444	1.08529	1.07923	1.0892	1.0883	1.08942	1.07856	1.08822	0.820723	0	0.824065	0.833596	0.813296	0.835971	1.09408	1.09988	1.08599	1.09866	1.09818	1.08932	1.06785	1.07716	1.06346	1.06941	1.07105	1.07748	1.09295	1.09193	1.08318	1.09306	1.09377	1.08195	1.05375	1.05298	1.06065	1.05997	1.08047	1.08734	1.08667	1.09033	1.16927	1.17357	1.16823	1.08636	0.924519	0.92926	0.900847	0.927791	0.902762	0.902266	1.09509	1.09428	1.09507	1.09276	1.08524	1.11046	1.08275	1.09352	1.08924	1.08188	1.11303	1.083
ERR622036	0.899386	0.900064	0.898537	0.88661	0.884204	0.899439	0.954191	0.948191	0.937859	0.927292	0.980998	0.950976	0.951007	0.945362	0.948736	0.915398	0.913668	0.950751	0.929277	0.922897	0.94673	0.950654	0.957705	0.949022	1.11636	1.12259	1.10209	1.1069	1.11957	1.10063	1.07774	1.08271	1.07783	1.09081	1.07567	1.08684	1.08004	1.09084	1.08976	1.09125	1.07953	1.08944	0.823292	0.824065	0	0.831116	0.815283	0.83392	1.0944	1.10094	1.08653	1.09958	1.09908	1.09003	1.06885	1.07732	1.06406	1.07062	1.07163	1.07781	1.09466	1.09333	1.0842	1.09402	1.09496	1.08287	1.05431	1.05366	1.06139	1.06003	1.08088	1.08768	1.08747	1.09124	1.16691	1.17131	1.16599	1.08689	0.925712	0.930072	0.901201	0.92832	0.902942	0.902559	1.09551	1.09487	1.09546	1.09355	1.08555	1.11186	1.08362	1.09459	1.09011	1.08269	1.11469	1.0836
ERR622037	0.907796	0.907674	0.907013	0.895795	0.893719	0.907473	0.961972	0.956203	0.945716	0.935956	0.987269	0.958876	0.960276	0.954842	0.958633	0.926888	0.925565	0.960339	0.93712	0.931059	0.953941	0.957612	0.96419	0.955795	1.12236	1.12827	1.10794	1.11285	1.12558	1.10665	1.08415	1.08898	1.08431	1.09692	1.08222	1.09304	1.08674	1.09721	1.09574	1.09708	1.08628	1.09598	0.833284	0.833596	0.831116	0	0.825868	0.842614	1.10088	1.10697	1.09339	1.10624	1.10531	1.09687	1.07555	1.08411	1.07095	1.07692	1.07828	1.08415	1.10082	1.09967	1.09092	1.10035	1.10141	1.08979	1.06118	1.06051	1.06805	1.06723	1.08707	1.09389	1.09398	1.09784	1.17346	1.17763	1.17259	1.09373	0.93314	0.937371	0.909994	0.935976	0.911823	0.911618	1.10175	1.10117	1.10199	1.10008	1.09231	1.11751	1.08979	1.10027	1.09621	1.08895	1.11977	1.08975
ERR622033	0.89197	0.892253	0.891064	0.878126	0.875707	0.892037	0.947179	0.941121	0.930034	0.919015	0.975446	0.943801	0.944301	0.937858	0.941381	0.907164	0.905094	0.943265	0.921844	0.914615	0.939365	0.943746	0.951107	0.941652	1.10898	1.11519	1.09415	1.09912	1.11236	1.09236	1.06916	1.07431	1.06956	1.083	1.06724	1.07881	1.07176	1.08293	1.08174	1.08321	1.07097	1.08166	0.812252	0.813296	0.815283	0.825868	0	0.828332	1.08761	1.09406	1.07934	1.09261	1.09218	1.08278	1.06142	1.07048	1.05669	1.06294	1.06449	1.07088	1.0867	1.08529	1.07593	1.08613	1.08712	1.07456	1.04691	1.04624	1.05441	1.05329	1.07441	1.08168	1.07958	1.08344	1.16292	1.1675	1.16208	1.07896	0.918376	0.923009	0.89329	0.921714	0.894747	0.894801	1.08775	1.08718	1.08768	1.08577	1.07767	1.10434	1.07646	1.08805	1.08352	1.07563	1.10953	1.07667
ERR622038	0.909779	0.910035	0.909424	0.898527	0.896198	0.909965	0.965167	0.959423	0.949459	0.939614	0.990338	0.962623	0.962685	0.957344	0.961	0.929877	0.927723	0.962838	0.939261	0.932794	0.95557	0.959064	0.965526	0.957501	1.12406	1.12957	1.11013	1.11457	1.12711	1.10854	1.08607	1.09066	1.08613	1.09891	1.08424	1.09488	1.08921	1.09907	1.09805	1.09944	1.08853	1.0983	0.835855	0.835971	0.83392	0.842614	0.828332	0	1.10332	1.10942	1.0955	1.10769	1.10745	1.09888	1.07685	1.0859	1.07244	1.07812	1.07988	1.08603	1.10262	1.10186	1.09307	1.10273	1.10319	1.09186	1.0627	1.06228	1.06987	1.06888	1.08885	1.0953	1.0962	1.10006	1.17524	1.17943	1.17453	1.09585	0.935108	0.939449	0.912544	0.938111	0.91413	0.91411	1.10388	1.10324	1.10392	1.10207	1.09462	1.1195	1.09208	1.10249	1.0985	1.09098	1.12145	1.09206
