	ERR636720	ERR636718	ERR636716	ERR636719	ERR636717	ERR636715	ERR621924	ERR621920	ERR621922	ERR621923	ERR621919	ERR621921	ERR626848	ERR626846	ERR626843	ERR626847	ERR626844	ERR626845	ERR636796	ERR636797	ERR636795	ERR636794	ERR636793	ERR636798	ERR613960	ERR613965	ERR613961	ERR613962	ERR613963	ERR613964	ERR607674	ERR607670	ERR607672	ERR607673	ERR607671	ERR607669	ERR608027	ERR608025	ERR608026	ERR608028	ERR608029	ERR608030	ERR622183	ERR622179	ERR622180	ERR622184	ERR622181	ERR622182	ERR617344	ERR617348	ERR617343	ERR617346	ERR617347	ERR617345	ERR608432	ERR608431	ERR608430	ERR608427	ERR608429	ERR608428	ERR612289	ERR612288	ERR612287	ERR612290	ERR612292	ERR612291	ERR629898	ERR629903	ERR629900	ERR629902	ERR629901	ERR629899	ERR626763	ERR626760	ERR626764	ERR626762	ERR626761	ERR626759	ERR608755	ERR608752	ERR608753	ERR608754	ERR608751	ERR608756	ERR612074	ERR612071	ERR612073	ERR612075	ERR612072	ERR612076	ERR607446	ERR607445	ERR607448	ERR607447	ERR607449	ERR607450
ERR636720	0	0.236038	0.237191	0.235841	0.23855	0.242809	0.371777	0.355836	0.358015	0.369458	0.347031	0.357826	0.350282	0.409941	0.35215	0.412564	0.360483	0.359823	0.280151	0.278774	0.277411	0.274227	0.287015	0.277097	0.306021	0.305735	0.292864	0.292804	0.29713	0.29726	0.264126	0.267495	0.263357	0.263467	0.268826	0.262704	0.338799	0.420721	0.35044	0.344056	0.344042	0.343256	0.529231	0.462149	0.466474	0.526425	0.456186	0.529402	0.526467	0.521461	0.518737	0.521342	0.522056	0.525256	0.486705	0.489578	0.490379	0.529518	0.496132	0.496591	0.6699	0.668335	0.661775	0.571346	0.568866	0.567948	0.427354	0.436085	0.426707	0.43831	0.43714	0.434301	0.481887	0.481991	0.481727	0.481651	0.483498	0.481454	0.438695	0.425329	0.429773	0.442147	0.453433	0.44389	0.461741	0.445925	0.448868	0.445505	0.450583	0.4829	0.354965	0.362221	0.314558	0.362058	0.31623	0.31524
ERR636718	0.236038	0	0.237876	0.236117	0.238694	0.243025	0.372069	0.356437	0.358517	0.369961	0.347538	0.358169	0.350927	0.410788	0.352975	0.413195	0.361024	0.360475	0.279846	0.278494	0.277114	0.274188	0.286598	0.276799	0.307144	0.306773	0.293609	0.293325	0.298196	0.29827	0.264435	0.267922	0.26357	0.263724	0.269193	0.262938	0.338759	0.419986	0.350156	0.344008	0.343991	0.343284	0.529918	0.462844	0.467223	0.527167	0.456725	0.530127	0.527288	0.522033	0.519216	0.522009	0.522589	0.526004	0.487174	0.490075	0.490901	0.529678	0.496701	0.497085	0.671254	0.669776	0.663221	0.572553	0.570041	0.569024	0.427306	0.435766	0.426669	0.438028	0.43691	0.434115	0.481975	0.481949	0.481844	0.481669	0.483433	0.481463	0.438758	0.425257	0.429733	0.442146	0.452987	0.443917	0.461886	0.446052	0.448863	0.445579	0.450352	0.482903	0.355194	0.362287	0.315035	0.362275	0.316745	0.315468
ERR636716	0.237191	0.237876	0	0.237718	0.237282	0.239131	0.369723	0.354815	0.35661	0.367605	0.346652	0.356521	0.350617	0.408142	0.352772	0.410727	0.360031	0.359373	0.277144	0.275741	0.274776	0.270605	0.2825	0.274123	0.306722	0.307038	0.291834	0.290295	0.29547	0.295555	0.265442	0.268021	0.264137	0.264371	0.270377	0.262297	0.337609	0.418317	0.349049	0.34276	0.343756	0.342988	0.527783	0.462125	0.466593	0.525264	0.456754	0.527963	0.528976	0.524385	0.521777	0.524284	0.524896	0.527981	0.489635	0.492375	0.493114	0.530466	0.497893	0.498448	0.671152	0.669596	0.663346	0.573619	0.571427	0.570203	0.428299	0.436477	0.427494	0.438735	0.43764	0.434661	0.48485	0.485015	0.484571	0.484476	0.486444	0.484737	0.439032	0.426663	0.431068	0.442403	0.453395	0.444089	0.462003	0.447	0.449376	0.446319	0.451016	0.482707	0.352687	0.360063	0.313552	0.359649	0.314945	0.313742
ERR636719	0.235841	0.236117	0.237718	0	0.238632	0.242988	0.371897	0.355837	0.358143	0.369521	0.347049	0.357878	0.35077	0.410695	0.352901	0.413072	0.360942	0.3603	0.279784	0.278668	0.277136	0.274416	0.286738	0.27678	0.306764	0.306577	0.293439	0.293143	0.297832	0.298113	0.264555	0.267862	0.263655	0.263704	0.269193	0.263072	0.33858	0.419967	0.350138	0.343932	0.343782	0.343125	0.529568	0.46258	0.466887	0.526911	0.456422	0.529844	0.527314	0.522209	0.519373	0.522223	0.522862	0.526169	0.487193	0.490103	0.490934	0.529816	0.496761	0.49701	0.670695	0.669206	0.662745	0.572236	0.569694	0.568852	0.427675	0.436264	0.427109	0.438522	0.437349	0.434687	0.482349	0.482439	0.482252	0.482122	0.484001	0.481903	0.439074	0.42568	0.430201	0.442442	0.453493	0.444105	0.461929	0.44622	0.449097	0.445623	0.450698	0.48314	0.355192	0.36224	0.314892	0.362223	0.31661	0.315473
ERR636717	0.23855	0.238694	0.237282	0.238632	0	0.238874	0.371788	0.356366	0.359414	0.369727	0.349798	0.358258	0.356348	0.413732	0.358411	0.416129	0.364526	0.364282	0.274489	0.27343	0.271026	0.269773	0.27944	0.271858	0.312398	0.312433	0.297012	0.291183	0.302213	0.302078	0.266025	0.270064	0.264283	0.264842	0.269627	0.262213	0.33701	0.41221	0.345995	0.341095	0.341279	0.34067	0.531487	0.463912	0.469966	0.528847	0.458524	0.531546	0.533123	0.529216	0.524148	0.528993	0.529585	0.531945	0.493452	0.496022	0.496976	0.53021	0.502381	0.501741	0.680385	0.678987	0.673588	0.582902	0.580483	0.579189	0.428767	0.433554	0.427782	0.435762	0.434921	0.433665	0.485592	0.484794	0.485989	0.485426	0.486692	0.485281	0.43932	0.42659	0.432769	0.442629	0.449839	0.444053	0.462584	0.448495	0.45033	0.447032	0.451705	0.48283	0.352696	0.359461	0.315265	0.360129	0.317184	0.315882
ERR636715	0.242809	0.243025	0.239131	0.242988	0.238874	0	0.364764	0.352323	0.354924	0.36312	0.349051	0.353892	0.359798	0.408056	0.361704	0.410206	0.364176	0.364274	0.265524	0.264856	0.26625	0.263654	0.267851	0.264526	0.322137	0.3226	0.300165	0.283971	0.302981	0.303111	0.273524	0.279298	0.27035	0.271182	0.280227	0.265942	0.335125	0.401407	0.341144	0.33761	0.337906	0.337656	0.528748	0.465443	0.473147	0.526278	0.462089	0.528606	0.54296	0.54158	0.533978	0.541377	0.54204	0.542082	0.504111	0.506396	0.507226	0.531731	0.51074	0.508671	0.681976	0.680836	0.677263	0.589176	0.587764	0.58538	0.431461	0.432467	0.430147	0.434566	0.434343	0.432803	0.496752	0.495036	0.497408	0.496243	0.49699	0.496841	0.438498	0.431382	0.439483	0.441228	0.446817	0.442255	0.460124	0.449658	0.449984	0.447931	0.451225	0.478194	0.345401	0.351283	0.314117	0.351659	0.315754	0.314231
ERR621924	0.371777	0.372069	0.369723	0.371897	0.371788	0.364764	0	0.266664	0.264259	0.262146	0.27768	0.265935	0.383011	0.386392	0.382663	0.386692	0.374391	0.375202	0.373196	0.372608	0.375201	0.371681	0.376046	0.372126	0.412252	0.412749	0.39501	0.377015	0.392371	0.39255	0.386326	0.390554	0.384843	0.385207	0.392407	0.382516	0.395494	0.422599	0.391908	0.391797	0.391258	0.392068	0.516298	0.477745	0.488915	0.515285	0.480227	0.516585	0.567296	0.571265	0.560569	0.57138	0.571408	0.566807	0.549824	0.549446	0.550134	0.556727	0.548964	0.544556	0.647095	0.645895	0.645499	0.576323	0.577766	0.57271	0.512244	0.508574	0.510239	0.509492	0.509183	0.505751	0.544722	0.542466	0.545837	0.543996	0.544387	0.546101	0.5061	0.516283	0.5233	0.505786	0.515838	0.506425	0.483524	0.487506	0.483424	0.485853	0.484065	0.48982	0.372579	0.374551	0.37135	0.372956	0.370859	0.370916
ERR621920	0.355836	0.356437	0.354815	0.355837	0.356366	0.352323	0.266664	0	0.26057	0.264799	0.262706	0.259955	0.372649	0.392405	0.372566	0.39358	0.36886	0.369801	0.362604	0.361771	0.36268	0.359724	0.366778	0.361	0.394245	0.394748	0.37935	0.365907	0.378075	0.378252	0.369503	0.373087	0.368698	0.368921	0.374528	0.366909	0.386448	0.429646	0.387293	0.384786	0.384304	0.384825	0.524495	0.478148	0.487114	0.523112	0.478125	0.524967	0.563271	0.563612	0.556285	0.563762	0.563997	0.562179	0.539324	0.539663	0.540539	0.559467	0.541864	0.53948	0.652213	0.650815	0.647528	0.569551	0.569453	0.566146	0.501023	0.501168	0.499427	0.502641	0.501605	0.498367	0.535414	0.534055	0.536132	0.534973	0.536113	0.536104	0.500932	0.504447	0.510288	0.501196	0.513242	0.502637	0.480176	0.477681	0.47596	0.476623	0.476486	0.491339	0.375278	0.37837	0.363934	0.37727	0.363815	0.363802
ERR621922	0.358015	0.358517	0.35661	0.358143	0.359414	0.354924	0.264259	0.26057	0	0.262402	0.263951	0.259874	0.371775	0.38934	0.372049	0.390403	0.368225	0.368406	0.365719	0.364892	0.366383	0.362261	0.369958	0.363832	0.394619	0.39491	0.380057	0.368276	0.378012	0.378212	0.371656	0.374839	0.371069	0.371069	0.377105	0.369391	0.388571	0.43216	0.389554	0.387048	0.387165	0.387524	0.521486	0.476995	0.485644	0.520066	0.477321	0.521853	0.561378	0.561965	0.5554	0.561996	0.562219	0.560547	0.539536	0.539525	0.540295	0.559523	0.541184	0.538952	0.647726	0.646323	0.642932	0.56739	0.567482	0.563945	0.503761	0.504766	0.502253	0.506305	0.505301	0.501392	0.536523	0.535723	0.536843	0.535915	0.537316	0.537399	0.502733	0.506642	0.511948	0.502888	0.515924	0.50436	0.481915	0.480059	0.47815	0.478883	0.479143	0.492907	0.376155	0.379338	0.364703	0.37769	0.364554	0.364654
ERR621923	0.369458	0.369961	0.367605	0.369521	0.369727	0.36312	0.262146	0.264799	0.262402	0	0.274401	0.26428	0.380452	0.386195	0.380086	0.386819	0.372444	0.373257	0.372079	0.371513	0.373799	0.370174	0.375328	0.370876	0.409128	0.40938	0.392149	0.375322	0.389596	0.389972	0.383719	0.387725	0.382387	0.382616	0.389579	0.380166	0.394008	0.424422	0.391516	0.390751	0.390309	0.391178	0.517044	0.477515	0.487801	0.515918	0.479422	0.517447	0.565494	0.568864	0.558952	0.568937	0.569062	0.564936	0.547234	0.546963	0.547685	0.556617	0.546806	0.542721	0.646633	0.6455	0.644428	0.57373	0.574868	0.57009	0.509719	0.506792	0.507848	0.5079	0.507537	0.504057	0.542432	0.540341	0.543225	0.541622	0.542281	0.54345	0.504736	0.513717	0.520486	0.504484	0.514963	0.505287	0.482315	0.485219	0.481549	0.483606	0.48209	0.489505	0.372948	0.374985	0.369955	0.373568	0.369346	0.369591
ERR621919	0.347031	0.347538	0.346652	0.347049	0.349798	0.349051	0.27768	0.262706	0.263951	0.274401	0	0.263986	0.366276	0.399773	0.366497	0.401499	0.368268	0.368246	0.362235	0.361076	0.360932	0.357233	0.368333	0.359536	0.379813	0.380137	0.369075	0.364306	0.368132	0.368415	0.359423	0.361462	0.359519	0.359243	0.363607	0.359031	0.385271	0.44517	0.391534	0.386786	0.386475	0.386345	0.531771	0.480806	0.48641	0.529908	0.478165	0.53222	0.558375	0.555164	0.552666	0.555353	0.555688	0.557235	0.53141	0.532406	0.53303	0.56562	0.536767	0.536929	0.652458	0.650785	0.644254	0.562485	0.560993	0.559338	0.497147	0.503288	0.495934	0.505207	0.503497	0.499397	0.529755	0.530067	0.529791	0.529491	0.531792	0.530072	0.502035	0.498936	0.502461	0.503152	0.518581	0.505404	0.484233	0.475677	0.476557	0.475213	0.477406	0.499786	0.384797	0.389351	0.363068	0.387621	0.363148	0.363058
ERR621921	0.357826	0.358169	0.356521	0.357878	0.358258	0.353892	0.265935	0.259955	0.259874	0.26428	0.263986	0	0.373557	0.392729	0.374015	0.3938	0.369901	0.370459	0.364147	0.3634	0.364438	0.361002	0.368013	0.362556	0.395476	0.395778	0.380618	0.367489	0.378993	0.379365	0.37116	0.374453	0.370311	0.370456	0.375983	0.368259	0.387641	0.428917	0.387677	0.385978	0.385614	0.386006	0.523594	0.477464	0.486576	0.522105	0.477917	0.523923	0.562606	0.563229	0.555833	0.563428	0.563588	0.561799	0.540438	0.540501	0.541334	0.559133	0.54262	0.54002	0.652932	0.651589	0.648364	0.571435	0.571289	0.567927	0.502874	0.502727	0.50131	0.504435	0.503657	0.500174	0.536299	0.535052	0.53684	0.535735	0.536833	0.537116	0.502002	0.505508	0.511494	0.502392	0.513325	0.503642	0.481562	0.480056	0.477713	0.478423	0.478664	0.492495	0.375462	0.378681	0.364585	0.377565	0.36457	0.364304
ERR626848	0.350282	0.350927	0.350617	0.35077	0.356348	0.359798	0.383011	0.372649	0.371775	0.380452	0.366276	0.373557	0	0.307491	0.251768	0.310966	0.26001	0.258394	0.387888	0.385822	0.384794	0.379835	0.396126	0.383711	0.348123	0.347876	0.342149	0.348637	0.33966	0.339577	0.356636	0.356306	0.358904	0.357563	0.36024	0.35886	0.366262	0.442602	0.376193	0.369072	0.369264	0.368883	0.509053	0.455793	0.458384	0.506585	0.451425	0.509796	0.486943	0.485113	0.483093	0.485213	0.485298	0.485538	0.472666	0.472468	0.473145	0.510057	0.474628	0.474538	0.604463	0.602719	0.596428	0.518989	0.518733	0.515465	0.444887	0.456284	0.444176	0.458188	0.455908	0.448003	0.465914	0.467507	0.4656	0.465386	0.467984	0.467233	0.445765	0.445879	0.448232	0.446793	0.470562	0.449858	0.451935	0.442059	0.443912	0.443499	0.445436	0.468685	0.365644	0.371711	0.33793	0.368348	0.33686	0.33734
ERR626846	0.409941	0.410788	0.408142	0.410695	0.413732	0.408056	0.386392	0.392405	0.38934	0.386195	0.399773	0.392729	0.307491	0	0.303885	0.264971	0.285974	0.286813	0.430874	0.429329	0.432355	0.426751	0.435519	0.428418	0.419888	0.420419	0.405064	0.393226	0.398506	0.398509	0.420695	0.42313	0.420842	0.420274	0.427551	0.41921	0.403126	0.425234	0.397614	0.398184	0.397622	0.398947	0.469918	0.45067	0.461926	0.468514	0.455838	0.470513	0.495431	0.510819	0.492417	0.510636	0.510025	0.495441	0.509757	0.506139	0.506652	0.489818	0.496041	0.487088	0.56707	0.566499	0.573835	0.530727	0.536916	0.526974	0.489255	0.486144	0.487095	0.486405	0.48588	0.47666	0.499308	0.496467	0.501328	0.497536	0.497092	0.502969	0.46769	0.495539	0.502337	0.465151	0.484612	0.464772	0.466118	0.477029	0.471794	0.477518	0.472635	0.464078	0.354125	0.355198	0.368071	0.350222	0.365738	0.36676
ERR626843	0.35215	0.352975	0.352772	0.352901	0.358411	0.361704	0.382663	0.372566	0.372049	0.380086	0.366497	0.374015	0.251768	0.303885	0	0.307675	0.258065	0.257112	0.389656	0.387637	0.386918	0.381888	0.397857	0.385632	0.351239	0.351269	0.344785	0.350177	0.342036	0.342027	0.359074	0.358886	0.361257	0.360077	0.362913	0.361571	0.367311	0.442872	0.376841	0.370045	0.369585	0.369532	0.507524	0.45575	0.458266	0.505115	0.451527	0.508143	0.486346	0.485455	0.482508	0.48555	0.485659	0.485082	0.472679	0.472599	0.473237	0.508893	0.473989	0.473816	0.600104	0.598375	0.592521	0.5163	0.516523	0.512999	0.444572	0.455899	0.44386	0.457708	0.455381	0.447059	0.465909	0.467208	0.466027	0.465387	0.46802	0.467073	0.445025	0.446991	0.449506	0.445892	0.47103	0.448761	0.450746	0.441122	0.443256	0.442981	0.444328	0.466546	0.364152	0.370324	0.338306	0.366696	0.337241	0.337682
ERR626847	0.412564	0.413195	0.410727	0.413072	0.416129	0.410206	0.386692	0.39358	0.390403	0.386819	0.401499	0.3938	0.310966	0.264971	0.307675	0	0.288954	0.28968	0.4326	0.4312	0.434251	0.428777	0.437111	0.430322	0.423352	0.423753	0.408466	0.39593	0.401985	0.402106	0.423226	0.425958	0.423466	0.422718	0.430011	0.421602	0.405065	0.423937	0.398784	0.399541	0.399231	0.400444	0.469202	0.450891	0.462797	0.467903	0.456662	0.469769	0.497065	0.512976	0.493709	0.512775	0.512036	0.497174	0.512354	0.508991	0.509466	0.48929	0.498473	0.489154	0.568537	0.567985	0.575876	0.534128	0.540405	0.530337	0.492032	0.48788	0.489785	0.488131	0.487809	0.47865	0.501218	0.498107	0.503443	0.499612	0.498828	0.505019	0.469903	0.498362	0.505338	0.466972	0.485357	0.466563	0.468267	0.479801	0.474373	0.480242	0.475253	0.465541	0.35407	0.355622	0.370297	0.350697	0.368149	0.36909
ERR626844	0.360483	0.361024	0.360031	0.360942	0.364526	0.364176	0.374391	0.36886	0.368225	0.372444	0.368268	0.369901	0.26001	0.285974	0.258065	0.288954	0	0.254775	0.390015	0.388214	0.388536	0.384038	0.396721	0.386823	0.367676	0.367861	0.35651	0.352003	0.353239	0.353256	0.36932	0.370937	0.370227	0.369509	0.374094	0.369497	0.366552	0.42392	0.36998	0.366072	0.365294	0.365695	0.494003	0.448203	0.45453	0.491764	0.446979	0.494411	0.48819	0.492892	0.483019	0.49271	0.492809	0.487116	0.481951	0.480674	0.481409	0.498046	0.478995	0.475048	0.595209	0.593932	0.592607	0.523712	0.525719	0.519925	0.451057	0.454913	0.449604	0.456119	0.454591	0.447094	0.471636	0.470631	0.472735	0.470816	0.471732	0.473443	0.443941	0.454832	0.459996	0.443671	0.464534	0.445558	0.447218	0.444955	0.443977	0.445812	0.444773	0.457579	0.349643	0.354397	0.33689	0.350961	0.335622	0.336029
ERR626845	0.359823	0.360475	0.359373	0.3603	0.364282	0.364274	0.375202	0.369801	0.368406	0.373257	0.368246	0.370459	0.258394	0.286813	0.257112	0.28968	0.254775	0	0.39037	0.388632	0.388786	0.384018	0.397287	0.387098	0.36514	0.365251	0.354664	0.351984	0.351055	0.351107	0.368461	0.369646	0.369649	0.368644	0.373271	0.368732	0.366584	0.42595	0.370771	0.366587	0.366177	0.366443	0.494046	0.447941	0.453821	0.491819	0.446501	0.494575	0.486479	0.490514	0.481704	0.490469	0.490401	0.485552	0.480366	0.479084	0.479748	0.498284	0.477414	0.473774	0.594908	0.593614	0.59167	0.522893	0.524562	0.519252	0.451175	0.456009	0.449737	0.457336	0.455873	0.448033	0.470724	0.470197	0.471446	0.469907	0.470977	0.47256	0.444284	0.454286	0.459223	0.444136	0.465269	0.446034	0.448614	0.445699	0.44492	0.446584	0.446137	0.459826	0.351121	0.356211	0.336692	0.352637	0.335357	0.336079
ERR636796	0.280151	0.279846	0.277144	0.279784	0.274489	0.265524	0.373196	0.362604	0.365719	0.372079	0.362235	0.364147	0.387888	0.430874	0.389656	0.4326	0.390015	0.39037	0	0.233837	0.238569	0.237952	0.236224	0.234402	0.34248	0.342845	0.318383	0.295454	0.322319	0.322559	0.28882	0.296964	0.283863	0.285667	0.295967	0.279956	0.347791	0.399037	0.349592	0.34799	0.347691	0.347973	0.545647	0.484416	0.494242	0.543487	0.482393	0.545207	0.575315	0.573832	0.565079	0.573613	0.574199	0.574494	0.534508	0.537412	0.53837	0.559	0.542451	0.540065	0.714455	0.713275	0.710157	0.623033	0.621153	0.619247	0.453508	0.450579	0.452068	0.452242	0.452397	0.453481	0.524901	0.522407	0.525665	0.524361	0.524509	0.524328	0.462636	0.455568	0.464415	0.465348	0.466068	0.465735	0.484198	0.475083	0.474798	0.472746	0.475914	0.50117	0.350811	0.355349	0.326067	0.356991	0.327606	0.325479
ERR636797	0.278774	0.278494	0.275741	0.278668	0.27343	0.264856	0.372608	0.361771	0.364892	0.371513	0.361076	0.3634	0.385822	0.429329	0.387637	0.4312	0.388214	0.388632	0.233837	0	0.238202	0.237695	0.236215	0.234193	0.34114	0.341328	0.317003	0.294434	0.320729	0.321079	0.287659	0.295945	0.283152	0.284917	0.295259	0.279211	0.34715	0.39916	0.349063	0.347394	0.347076	0.347286	0.544582	0.483252	0.493037	0.542447	0.481197	0.544333	0.573866	0.572262	0.563546	0.572099	0.572695	0.573076	0.53307	0.535904	0.536974	0.557848	0.540956	0.538555	0.712386	0.711233	0.707949	0.621001	0.61904	0.617185	0.452578	0.449955	0.451118	0.451579	0.451722	0.452536	0.523734	0.521308	0.524376	0.523152	0.523392	0.523134	0.461688	0.454586	0.463395	0.464389	0.465363	0.464828	0.483108	0.473941	0.473691	0.471682	0.474857	0.500165	0.349894	0.354739	0.324985	0.356267	0.326492	0.324337
ERR636795	0.277411	0.277114	0.274776	0.277136	0.271026	0.26625	0.375201	0.36268	0.366383	0.373799	0.360932	0.364438	0.384794	0.432355	0.386918	0.434251	0.388536	0.388786	0.238569	0.238202	0	0.237865	0.239747	0.238092	0.336923	0.337158	0.315871	0.297034	0.321047	0.321136	0.28419	0.290736	0.279954	0.281593	0.28878	0.275955	0.346088	0.401622	0.349032	0.346861	0.346917	0.346989	0.545735	0.48148	0.491036	0.543437	0.478804	0.54533	0.569163	0.566654	0.558748	0.566485	0.567169	0.568191	0.528467	0.531391	0.532254	0.555988	0.537249	0.535397	0.714423	0.713225	0.70934	0.620447	0.617999	0.61659	0.451088	0.449701	0.449823	0.45146	0.451514	0.452457	0.517516	0.515433	0.518067	0.517042	0.517411	0.516788	0.461947	0.451841	0.460233	0.464971	0.465446	0.46572	0.484618	0.473883	0.474208	0.471524	0.475218	0.502362	0.351905	0.356973	0.324064	0.358929	0.32574	0.323643
ERR636794	0.274227	0.274188	0.270605	0.274416	0.269773	0.263654	0.371681	0.359724	0.362261	0.370174	0.357233	0.361002	0.379835	0.426751	0.381888	0.428777	0.384038	0.384018	0.237952	0.237695	0.237865	0	0.239308	0.237145	0.33181	0.332289	0.31062	0.294102	0.31446	0.314821	0.281986	0.287778	0.27806	0.279607	0.28809	0.274091	0.344976	0.405354	0.349589	0.346781	0.347586	0.347332	0.541811	0.479455	0.487747	0.539641	0.476658	0.541534	0.56576	0.563017	0.556734	0.562888	0.563505	0.565078	0.525325	0.528167	0.529137	0.555458	0.533422	0.532102	0.707144	0.705829	0.701548	0.613701	0.611423	0.610019	0.450045	0.450995	0.448696	0.452919	0.452749	0.452429	0.516701	0.515213	0.516884	0.516132	0.517006	0.51624	0.460687	0.450826	0.458219	0.463719	0.467145	0.464648	0.483087	0.471782	0.47242	0.469967	0.473775	0.501335	0.350438	0.355869	0.320996	0.357026	0.322466	0.320487
ERR636793	0.287015	0.286598	0.2825	0.286738	0.27944	0.267851	0.376046	0.366778	0.369958	0.375328	0.368333	0.368013	0.396126	0.435519	0.397857	0.437111	0.396721	0.397287	0.236224	0.236215	0.239747	0.239308	0	0.237195	0.352042	0.352385	0.325604	0.297935	0.3291	0.329514	0.297192	0.305385	0.291681	0.29377	0.304645	0.286156	0.351514	0.395474	0.351083	0.350698	0.350896	0.351332	0.549173	0.489347	0.500526	0.547058	0.488455	0.548631	0.583705	0.58312	0.57316	0.582929	0.583524	0.58302	0.543069	0.545707	0.546633	0.562495	0.550226	0.547063	0.721974	0.720931	0.718588	0.63191	0.630212	0.628093	0.458026	0.452348	0.456222	0.453962	0.454553	0.456033	0.53248	0.52957	0.533328	0.531842	0.531788	0.53211	0.465936	0.460378	0.47047	0.46842	0.466358	0.468489	0.487072	0.479703	0.478545	0.476936	0.479461	0.502876	0.352288	0.356465	0.331351	0.358666	0.333024	0.330807
ERR636798	0.277097	0.276799	0.274123	0.27678	0.271858	0.264526	0.372126	0.361	0.363832	0.370876	0.359536	0.362556	0.383711	0.428418	0.385632	0.430322	0.386823	0.387098	0.234402	0.234193	0.238092	0.237145	0.237195	0	0.337956	0.338039	0.314789	0.294297	0.318678	0.318964	0.285066	0.292897	0.28073	0.28217	0.292208	0.277064	0.346247	0.401145	0.349061	0.346821	0.346728	0.346781	0.543621	0.481777	0.491232	0.54145	0.479525	0.543421	0.571099	0.569099	0.561118	0.568891	0.569467	0.570279	0.530297	0.533229	0.534182	0.557022	0.538593	0.536474	0.710868	0.709746	0.706209	0.618704	0.616554	0.614939	0.451778	0.450261	0.450404	0.452037	0.452014	0.452625	0.521262	0.519101	0.521794	0.520647	0.521155	0.520688	0.461471	0.45343	0.461771	0.464233	0.466017	0.464846	0.483234	0.473249	0.473318	0.471099	0.474611	0.50065	0.35001	0.354911	0.323334	0.356342	0.324978	0.322899
ERR613960	0.306021	0.307144	0.306722	0.306764	0.312398	0.322137	0.412252	0.394245	0.394619	0.409128	0.379813	0.395476	0.348123	0.419888	0.351239	0.423352	0.367676	0.36514	0.34248	0.34114	0.336923	0.33181	0.352042	0.337956	0	0.23724	0.242468	0.278583	0.246502	0.246329	0.29617	0.292826	0.299448	0.297925	0.297606	0.301093	0.367467	0.466101	0.386391	0.376473	0.378164	0.376585	0.539602	0.474163	0.471935	0.536897	0.464907	0.540041	0.495538	0.483159	0.494027	0.483831	0.484317	0.494362	0.453035	0.455836	0.456526	0.524097	0.464902	0.471228	0.63879	0.636625	0.62342	0.535399	0.531214	0.532797	0.42955	0.451643	0.430089	0.454116	0.451605	0.44506	0.465013	0.469614	0.462583	0.464918	0.46936	0.464763	0.443096	0.420661	0.417839	0.447127	0.469916	0.451126	0.468838	0.44544	0.45168	0.446617	0.454562	0.493872	0.369374	0.378297	0.314951	0.376589	0.31649	0.315952
ERR613965	0.305735	0.306773	0.307038	0.306577	0.312433	0.3226	0.412749	0.394748	0.39491	0.40938	0.380137	0.395778	0.347876	0.420419	0.351269	0.423753	0.367861	0.365251	0.342845	0.341328	0.337158	0.332289	0.352385	0.338039	0.23724	0	0.243989	0.279845	0.247319	0.247086	0.295797	0.292782	0.299188	0.29757	0.297313	0.301209	0.367594	0.46612	0.386278	0.376637	0.378018	0.376288	0.540169	0.47441	0.4721	0.537393	0.464919	0.540752	0.495297	0.48283	0.493712	0.483212	0.48385	0.494125	0.452654	0.455614	0.456134	0.524155	0.46501	0.471285	0.638587	0.636496	0.623295	0.534872	0.530527	0.532273	0.42945	0.451601	0.430114	0.454082	0.451489	0.445158	0.464458	0.469124	0.462101	0.464502	0.468873	0.464112	0.443287	0.420444	0.4176	0.447325	0.470083	0.45142	0.469043	0.445446	0.451827	0.446833	0.454725	0.494208	0.369978	0.37893	0.315471	0.377216	0.316893	0.316556
ERR613961	0.292864	0.293609	0.291834	0.293439	0.297012	0.300165	0.39501	0.37935	0.380057	0.392149	0.369075	0.380618	0.342149	0.405064	0.344785	0.408466	0.35651	0.354664	0.318383	0.317003	0.315871	0.31062	0.325604	0.314789	0.242468	0.243989	0	0.254018	0.237192	0.237365	0.287409	0.287532	0.288556	0.287695	0.291855	0.288301	0.351718	0.441852	0.36688	0.358547	0.360135	0.358844	0.530295	0.466703	0.467451	0.527563	0.4594	0.530615	0.502852	0.495435	0.499539	0.495779	0.496209	0.501825	0.461974	0.464187	0.464967	0.517624	0.470796	0.473874	0.640895	0.639187	0.629646	0.543608	0.540789	0.540513	0.422822	0.438359	0.422597	0.440652	0.438765	0.433139	0.470308	0.472816	0.46897	0.469944	0.473192	0.470407	0.431867	0.416487	0.417765	0.435335	0.454764	0.438497	0.456345	0.437816	0.441807	0.438333	0.444208	0.479073	0.347784	0.355937	0.299175	0.354323	0.300778	0.2998
ERR613962	0.292804	0.293325	0.290295	0.293143	0.291183	0.283971	0.377015	0.365907	0.368276	0.375322	0.364306	0.367489	0.348637	0.393226	0.350177	0.39593	0.352003	0.351984	0.295454	0.294434	0.297034	0.294102	0.297935	0.294297	0.278583	0.279845	0.254018	0	0.254411	0.254991	0.294231	0.300165	0.291739	0.292291	0.301591	0.288401	0.338505	0.404056	0.344082	0.339995	0.34037	0.340059	0.523295	0.462792	0.470292	0.520763	0.459473	0.522911	0.523242	0.523328	0.515451	0.523043	0.523655	0.522142	0.484896	0.486245	0.487214	0.511894	0.49001	0.487303	0.65523	0.654027	0.650677	0.565941	0.56495	0.561983	0.42323	0.423908	0.421779	0.425798	0.425086	0.422517	0.485461	0.48377	0.486099	0.484832	0.485572	0.48576	0.423887	0.421609	0.430122	0.426211	0.435652	0.427626	0.444914	0.436028	0.436026	0.434715	0.43701	0.462033	0.321098	0.327053	0.289733	0.327489	0.291039	0.289696
ERR613963	0.29713	0.298196	0.29547	0.297832	0.302213	0.302981	0.392371	0.378075	0.378012	0.389596	0.368132	0.378993	0.33966	0.398506	0.342036	0.401985	0.353239	0.351055	0.322319	0.320729	0.321047	0.31446	0.3291	0.318678	0.246502	0.247319	0.237192	0.254411	0	0.234588	0.293135	0.293481	0.294339	0.29322	0.299107	0.29368	0.353211	0.443132	0.368315	0.35997	0.361853	0.360408	0.525837	0.465129	0.465694	0.523135	0.458274	0.526031	0.502254	0.495497	0.500379	0.495818	0.496348	0.50141	0.462783	0.464697	0.465396	0.517266	0.470185	0.473256	0.632748	0.631038	0.621451	0.537315	0.534947	0.53428	0.425619	0.441193	0.425374	0.443668	0.441583	0.434981	0.473846	0.476678	0.472278	0.473384	0.477026	0.474523	0.432628	0.420159	0.421047	0.435699	0.456998	0.439077	0.455852	0.438715	0.442276	0.439313	0.444801	0.477767	0.34571	0.353902	0.29862	0.351735	0.299704	0.298789
ERR613964	0.29726	0.29827	0.295555	0.298113	0.302078	0.303111	0.39255	0.378252	0.378212	0.389972	0.368415	0.379365	0.339577	0.398509	0.342027	0.402106	0.353256	0.351107	0.322559	0.321079	0.321136	0.314821	0.329514	0.318964	0.246329	0.247086	0.237365	0.254991	0.234588	0	0.293194	0.293497	0.294549	0.293487	0.299163	0.293829	0.353207	0.443044	0.368299	0.359804	0.361732	0.360575	0.525855	0.465115	0.465665	0.523113	0.458255	0.526105	0.502103	0.495195	0.500113	0.495588	0.49603	0.501327	0.462657	0.464481	0.465239	0.51728	0.470135	0.473211	0.632898	0.631054	0.621386	0.537536	0.535114	0.534394	0.425619	0.441254	0.425411	0.443669	0.441578	0.435151	0.473676	0.476517	0.472196	0.473235	0.47673	0.474334	0.43257	0.42002	0.420862	0.435723	0.456974	0.438977	0.456007	0.438957	0.44239	0.43952	0.445241	0.478058	0.345761	0.35391	0.298428	0.351786	0.299474	0.29881
ERR607674	0.264126	0.264435	0.265442	0.264555	0.266025	0.273524	0.386326	0.369503	0.371656	0.383719	0.359423	0.37116	0.356636	0.420695	0.359074	0.423226	0.36932	0.368461	0.28882	0.287659	0.28419	0.281986	0.297192	0.285066	0.29617	0.295797	0.287409	0.294231	0.293135	0.293194	0	0.238334	0.235273	0.235112	0.238827	0.237768	0.344608	0.430028	0.357755	0.35095	0.350966	0.349909	0.527989	0.458026	0.461048	0.525176	0.450788	0.528445	0.515193	0.508917	0.507655	0.509041	0.50959	0.514232	0.475165	0.478134	0.479059	0.522374	0.485488	0.486721	0.667288	0.665764	0.658335	0.5654	0.562406	0.561952	0.421279	0.431876	0.420931	0.434078	0.432717	0.430144	0.469324	0.470026	0.468775	0.469118	0.471211	0.468711	0.434292	0.418193	0.421602	0.4378	0.449838	0.440061	0.458954	0.441312	0.444969	0.441101	0.446778	0.481141	0.355178	0.362919	0.31076	0.362728	0.312247	0.311497
ERR607670	0.267495	0.267922	0.268021	0.267862	0.270064	0.279298	0.390554	0.373087	0.374839	0.387725	0.361462	0.374453	0.356306	0.42313	0.358886	0.425958	0.370937	0.369646	0.296964	0.295945	0.290736	0.287778	0.305385	0.292897	0.292826	0.292782	0.287532	0.300165	0.293481	0.293497	0.238334	0	0.239661	0.239018	0.238489	0.239917	0.348618	0.438401	0.363381	0.356018	0.356785	0.355601	0.529595	0.459435	0.461078	0.526772	0.45162	0.530147	0.511514	0.503607	0.505331	0.503893	0.50439	0.510655	0.471495	0.474603	0.475364	0.52399	0.482086	0.48471	0.665612	0.663806	0.655236	0.56183	0.558498	0.558676	0.422882	0.43649	0.422789	0.438959	0.437224	0.433925	0.466609	0.468214	0.465527	0.466445	0.469185	0.46604	0.437409	0.418739	0.420427	0.44115	0.454974	0.443796	0.46268	0.443345	0.447672	0.443385	0.449641	0.485636	0.361263	0.369393	0.314232	0.368729	0.315682	0.31518
ERR607672	0.263357	0.26357	0.264137	0.263655	0.264283	0.27035	0.384843	0.368698	0.371069	0.382387	0.359519	0.370311	0.358904	0.420842	0.361257	0.423466	0.370227	0.369649	0.283863	0.283152	0.279954	0.27806	0.291681	0.28073	0.299448	0.299188	0.288556	0.291739	0.294339	0.294549	0.235273	0.239661	0	0.234943	0.239552	0.236698	0.3428	0.425327	0.354829	0.348686	0.348654	0.347523	0.528095	0.458584	0.462331	0.525388	0.45173	0.528414	0.518868	0.513403	0.510894	0.513513	0.514162	0.517917	0.478746	0.48193	0.482589	0.522714	0.488712	0.489474	0.670802	0.669242	0.662511	0.570096	0.5673	0.566637	0.421614	0.430425	0.421352	0.432664	0.431343	0.42941	0.472142	0.472278	0.471919	0.471947	0.473748	0.471419	0.433742	0.418962	0.42315	0.437254	0.447767	0.439191	0.458436	0.441953	0.444922	0.44133	0.446589	0.480007	0.352662	0.359975	0.309874	0.360124	0.311545	0.310698
ERR607673	0.263467	0.263724	0.264371	0.263704	0.264842	0.271182	0.385207	0.368921	0.371069	0.382616	0.359243	0.370456	0.357563	0.420274	0.360077	0.422718	0.369509	0.368644	0.285667	0.284917	0.281593	0.279607	0.29377	0.28217	0.297925	0.29757	0.287695	0.292291	0.29322	0.293487	0.235112	0.239018	0.234943	0	0.239181	0.237053	0.343288	0.427202	0.355902	0.349408	0.349504	0.348511	0.527778	0.458096	0.46161	0.524943	0.451058	0.528082	0.51717	0.511436	0.50941	0.511499	0.512107	0.516345	0.476897	0.479921	0.480759	0.522013	0.487031	0.487717	0.668648	0.667232	0.660178	0.567579	0.564796	0.564114	0.421299	0.430774	0.420777	0.432879	0.431604	0.429233	0.470846	0.47127	0.470509	0.470691	0.47264	0.470358	0.433539	0.418357	0.422301	0.436955	0.448127	0.43906	0.458105	0.441154	0.444507	0.440768	0.44623	0.479921	0.353324	0.360803	0.309772	0.360773	0.311371	0.310623
ERR607671	0.268826	0.269193	0.270377	0.269193	0.269627	0.280227	0.392407	0.374528	0.377105	0.389579	0.363607	0.375983	0.36024	0.427551	0.362913	0.430011	0.374094	0.373271	0.295967	0.295259	0.28878	0.28809	0.304645	0.292208	0.297606	0.297313	0.291855	0.301591	0.299107	0.299163	0.238827	0.238489	0.239552	0.239181	0	0.240079	0.348424	0.434756	0.361969	0.355171	0.355271	0.35415	0.532425	0.46059	0.463314	0.529618	0.452597	0.532772	0.51405	0.506623	0.506361	0.506636	0.507337	0.512899	0.473558	0.476749	0.477544	0.523381	0.484871	0.486862	0.671981	0.670425	0.662331	0.568028	0.56444	0.564643	0.42291	0.434166	0.422698	0.436521	0.435021	0.432943	0.466265	0.467287	0.465706	0.466265	0.468458	0.465539	0.437479	0.418456	0.421275	0.441358	0.452159	0.443811	0.463148	0.444269	0.448281	0.443754	0.449918	0.485942	0.361486	0.369198	0.315607	0.369454	0.317335	0.316685
ERR607669	0.262704	0.262938	0.262297	0.263072	0.262213	0.265942	0.382516	0.366909	0.369391	0.380166	0.359031	0.368259	0.35886	0.41921	0.361571	0.421602	0.369497	0.368732	0.279956	0.279211	0.275955	0.274091	0.286156	0.277064	0.301093	0.301209	0.288301	0.288401	0.29368	0.293829	0.237768	0.239917	0.236698	0.237053	0.240079	0	0.340801	0.420815	0.351936	0.346271	0.346695	0.345641	0.527127	0.457854	0.46264	0.524282	0.451802	0.527168	0.520954	0.516117	0.512825	0.516219	0.516856	0.519963	0.481266	0.483909	0.484817	0.521635	0.490323	0.490394	0.672918	0.67144	0.665481	0.573276	0.57071	0.569715	0.421188	0.428466	0.42055	0.430749	0.42983	0.427687	0.473795	0.473803	0.473613	0.473474	0.475089	0.473446	0.432616	0.418692	0.423721	0.436023	0.444984	0.437942	0.457303	0.441829	0.444297	0.440837	0.44592	0.478281	0.349257	0.356792	0.308092	0.356941	0.309923	0.308864
ERR608027	0.338799	0.338759	0.337609	0.33858	0.33701	0.335125	0.395494	0.386448	0.388571	0.394008	0.385271	0.387641	0.366262	0.403126	0.367311	0.405065	0.366552	0.366584	0.347791	0.34715	0.346088	0.344976	0.351514	0.346247	0.367467	0.367594	0.351718	0.338505	0.353211	0.353207	0.344608	0.348618	0.3428	0.343288	0.348424	0.340801	0	0.345362	0.259606	0.254591	0.256547	0.255168	0.445523	0.384683	0.390682	0.442757	0.38156	0.445229	0.536706	0.537796	0.527676	0.537529	0.53802	0.535819	0.509699	0.510922	0.511446	0.529103	0.513267	0.510179	0.674468	0.673387	0.67096	0.588662	0.588159	0.584877	0.458233	0.456436	0.456544	0.457847	0.457273	0.455571	0.500759	0.498352	0.501489	0.499943	0.499948	0.500851	0.458232	0.458997	0.46675	0.459596	0.466568	0.4609	0.478554	0.472498	0.471843	0.471446	0.472525	0.492503	0.357368	0.362356	0.336123	0.362417	0.336555	0.336236
ERR608025	0.420721	0.419986	0.418317	0.419967	0.41221	0.401407	0.422599	0.429646	0.43216	0.424422	0.44517	0.428917	0.442602	0.425234	0.442872	0.423937	0.42392	0.42595	0.399037	0.39916	0.401622	0.405354	0.395474	0.401145	0.466101	0.46612	0.441852	0.404056	0.443132	0.443044	0.430028	0.438401	0.425327	0.427202	0.434756	0.420815	0.345362	0	0.316618	0.331006	0.3281	0.331124	0.474798	0.442037	0.465087	0.473709	0.451379	0.473624	0.58198	0.597512	0.56687	0.596534	0.596596	0.582082	0.576522	0.575529	0.5761	0.525873	0.570404	0.556804	0.710716	0.710481	0.719417	0.655947	0.658645	0.651383	0.515546	0.484902	0.512072	0.484115	0.487083	0.492487	0.554421	0.54481	0.558163	0.552784	0.546869	0.555591	0.494819	0.520179	0.536272	0.49308	0.47134	0.489386	0.508677	0.524682	0.51556	0.51995	0.514819	0.502477	0.364202	0.360397	0.396033	0.36498	0.395651	0.395418
ERR608026	0.35044	0.350156	0.349049	0.350138	0.345995	0.341144	0.391908	0.387293	0.389554	0.391516	0.391534	0.387677	0.376193	0.397614	0.376841	0.398784	0.36998	0.370771	0.349592	0.349063	0.349032	0.349589	0.351083	0.349061	0.386391	0.386278	0.36688	0.344082	0.368315	0.368299	0.357755	0.363381	0.354829	0.355902	0.361969	0.351936	0.259606	0.316618	0	0.257306	0.25726	0.257273	0.443989	0.388475	0.400433	0.441523	0.389176	0.443255	0.541652	0.547084	0.530342	0.546729	0.546954	0.540925	0.52021	0.520884	0.521547	0.519695	0.52105	0.514421	0.67856	0.677713	0.67864	0.600867	0.601511	0.596819	0.465137	0.45402	0.462865	0.454995	0.455361	0.455822	0.506994	0.502446	0.508781	0.506052	0.504145	0.507625	0.458546	0.467133	0.477952	0.458963	0.457952	0.458793	0.477612	0.478073	0.474889	0.475911	0.474912	0.486484	0.344976	0.348094	0.338965	0.349562	0.339238	0.338968
ERR608028	0.344056	0.344008	0.34276	0.343932	0.341095	0.33761	0.391797	0.384786	0.387048	0.390751	0.386786	0.385978	0.369072	0.398184	0.370045	0.399541	0.366072	0.366587	0.34799	0.347394	0.346861	0.346781	0.350698	0.346821	0.376473	0.376637	0.358547	0.339995	0.35997	0.359804	0.35095	0.356018	0.348686	0.349408	0.355171	0.346271	0.254591	0.331006	0.257306	0	0.254192	0.253865	0.443223	0.385875	0.394708	0.440787	0.384292	0.442807	0.538867	0.542263	0.528691	0.542021	0.5423	0.538052	0.514568	0.515482	0.516179	0.523805	0.51674	0.511812	0.675225	0.674287	0.673579	0.593571	0.593685	0.58956	0.46146	0.454784	0.459634	0.455793	0.455594	0.455182	0.503908	0.500126	0.505171	0.502947	0.501991	0.504165	0.457804	0.463224	0.472579	0.458866	0.462128	0.459404	0.476927	0.474581	0.47255	0.472927	0.47274	0.488441	0.349381	0.353427	0.336002	0.353805	0.336133	0.335826
ERR608029	0.344042	0.343991	0.343756	0.343782	0.341279	0.337906	0.391258	0.384304	0.387165	0.390309	0.386475	0.385614	0.369264	0.397622	0.369585	0.399231	0.365294	0.366177	0.347691	0.347076	0.346917	0.347586	0.350896	0.346728	0.378164	0.378018	0.360135	0.34037	0.361853	0.361732	0.350966	0.356785	0.348654	0.349504	0.355271	0.346695	0.256547	0.3281	0.25726	0.254192	0	0.252732	0.447122	0.388587	0.398375	0.444644	0.387276	0.446706	0.53849	0.542127	0.527479	0.541931	0.542146	0.537588	0.513967	0.514839	0.515552	0.522346	0.516547	0.511161	0.674771	0.673857	0.673385	0.593029	0.593339	0.589094	0.460281	0.452572	0.458416	0.453588	0.453487	0.453334	0.502453	0.498432	0.50416	0.501772	0.500423	0.502657	0.456512	0.462354	0.472181	0.457377	0.460092	0.457793	0.47516	0.473033	0.471106	0.471504	0.470989	0.486375	0.34825	0.351866	0.336273	0.352525	0.336369	0.336265
ERR608030	0.343256	0.343284	0.342988	0.343125	0.34067	0.337656	0.392068	0.384825	0.387524	0.391178	0.386345	0.386006	0.368883	0.398947	0.369532	0.400444	0.365695	0.366443	0.347973	0.347286	0.346989	0.347332	0.351332	0.346781	0.376585	0.376288	0.358844	0.340059	0.360408	0.360575	0.349909	0.355601	0.347523	0.348511	0.35415	0.345641	0.255168	0.331124	0.257273	0.253865	0.252732	0	0.446719	0.387438	0.396679	0.443936	0.385849	0.445989	0.537991	0.541261	0.527183	0.540963	0.541286	0.536959	0.513175	0.514117	0.514858	0.523194	0.515886	0.510865	0.674742	0.673866	0.673103	0.592251	0.592369	0.588285	0.459839	0.453017	0.458177	0.45407	0.454141	0.453597	0.50217	0.498417	0.503706	0.501421	0.500207	0.502154	0.456303	0.4617	0.471249	0.457439	0.460692	0.458004	0.475836	0.472949	0.471105	0.471405	0.471329	0.487592	0.349797	0.353508	0.336017	0.354311	0.336358	0.336081
ERR622183	0.529231	0.529918	0.527783	0.529568	0.531487	0.528748	0.516298	0.524495	0.521486	0.517044	0.531771	0.523594	0.509053	0.469918	0.507524	0.469202	0.494003	0.494046	0.545647	0.544582	0.545735	0.541811	0.549173	0.543621	0.539602	0.540169	0.530295	0.523295	0.525837	0.525855	0.527989	0.529595	0.528095	0.527778	0.532425	0.527127	0.445523	0.474798	0.443989	0.443223	0.447122	0.446719	0	0.304404	0.311001	0.281771	0.31399	0.282304	0.568125	0.587375	0.566653	0.587022	0.586133	0.569233	0.591575	0.588034	0.588077	0.551088	0.57486	0.564488	0.630276	0.630341	0.640909	0.620204	0.626726	0.617398	0.595107	0.589106	0.593057	0.588792	0.589084	0.581754	0.586925	0.583391	0.589236	0.58544	0.582904	0.59119	0.570488	0.598659	0.604173	0.567363	0.578921	0.566101	0.575823	0.588916	0.583306	0.588996	0.584377	0.568561	0.468228	0.468225	0.487725	0.464431	0.486294	0.487181
ERR622179	0.462149	0.462844	0.462125	0.46258	0.463912	0.465443	0.477745	0.478148	0.476995	0.477515	0.480806	0.477464	0.455793	0.45067	0.45575	0.450891	0.448203	0.447941	0.484416	0.483252	0.48148	0.479455	0.489347	0.481777	0.474163	0.47441	0.466703	0.462792	0.465129	0.465115	0.458026	0.459435	0.458584	0.458096	0.46059	0.457854	0.384683	0.442037	0.388475	0.385875	0.388587	0.387438	0.304404	0	0.273515	0.302273	0.271974	0.304911	0.537417	0.548944	0.532826	0.548593	0.548251	0.537896	0.543986	0.541838	0.542281	0.529675	0.535044	0.527715	0.639449	0.638939	0.642184	0.595443	0.598885	0.592405	0.538767	0.535851	0.537253	0.53638	0.536005	0.530402	0.537721	0.5349	0.539469	0.536667	0.534854	0.540643	0.523521	0.540308	0.545933	0.5222	0.53268	0.522142	0.534004	0.538781	0.53549	0.53854	0.536468	0.535836	0.429744	0.4322	0.431688	0.429709	0.430867	0.431735
ERR622180	0.466474	0.467223	0.466593	0.466887	0.469966	0.473147	0.488915	0.487114	0.485644	0.487801	0.48641	0.486576	0.458384	0.461926	0.458266	0.462797	0.45453	0.453821	0.494242	0.493037	0.491036	0.487747	0.500526	0.491232	0.471935	0.4721	0.467451	0.470292	0.465694	0.465665	0.461048	0.461078	0.462331	0.46161	0.463314	0.46264	0.390682	0.465087	0.400433	0.394708	0.398375	0.396679	0.311001	0.273515	0	0.308559	0.269745	0.311895	0.537632	0.545857	0.53508	0.545541	0.545165	0.537795	0.541613	0.539874	0.54012	0.541378	0.534297	0.529477	0.637716	0.636737	0.637366	0.589932	0.592589	0.587165	0.541608	0.544256	0.540352	0.545136	0.544145	0.537222	0.538767	0.537649	0.539856	0.538013	0.53735	0.541373	0.529968	0.542228	0.545586	0.529366	0.544755	0.529951	0.541096	0.541994	0.54029	0.542559	0.541585	0.545903	0.44607	0.449682	0.439531	0.446354	0.43879	0.439708
