	ERR618587	ERR618589	ERR618588	ERR618586	ERR618590	ERR618585	ERR618509	ERR618511	ERR618507	ERR618510	ERR618508	ERR618512	ERR607662	ERR607657	ERR607658	ERR607660	ERR607659	ERR607661	ERR613458	ERR613455	ERR613460	ERR613456	ERR613457	ERR613459	ERR622581	ERR622579	ERR622577	ERR622578	ERR622582	ERR622580	ERR612618	ERR612614	ERR612613	ERR612616	ERR612617	ERR612615	ERR606035	ERR606030	ERR606033	ERR606034	ERR606031	ERR606032	ERR630057	ERR630056	ERR630054	ERR630055	ERR630058	ERR630059	ERR613180	ERR613181	ERR613179	ERR613183	ERR613182	ERR613184	ERR614539	ERR614541	ERR614540	ERR614537	ERR614538	ERR614542	ERR616153	ERR616148	ERR616152	ERR616150	ERR616151	ERR616149	ERR626651	ERR626653	ERR626654	ERR626652	ERR626655	ERR626650	ERR612289	ERR612288	ERR612287	ERR612290	ERR612292	ERR612291	ERR618739	ERR618738	ERR618735	ERR618740	ERR618736	ERR618737	ERR617256	ERR617257	ERR617255	ERR617253	ERR617254	ERR617258	ERR608087	ERR608088	ERR608091	ERR608092	ERR608089	ERR608090
ERR618587	5.9986e+08	3.98835e+08	4.29652e+08	4.21448e+08	3.99224e+08	4.53759e+08	2.93246e+08	3.19766e+08	3.21537e+08	3.0915e+08	2.66334e+08	3.26192e+08	3.81538e+08	3.24912e+08	3.66038e+08	3.8361e+08	3.62852e+08	3.83767e+08	2.97199e+08	3.53396e+08	2.89679e+08	3.51644e+08	3.5027e+08	2.9231e+08	2.90051e+08	2.24411e+08	3.57688e+08	3.35949e+08	2.99084e+08	2.86421e+08	3.14817e+08	2.90265e+08	3.90898e+08	3.18579e+08	3.19131e+08	3.63995e+08	2.71367e+08	2.67424e+08	2.82019e+08	2.80028e+08	3.76835e+08	3.85198e+08	1.78278e+08	2.14976e+08	2.28009e+08	1.94801e+08	2.14073e+08	2.25881e+08	2.51642e+08	2.34466e+08	2.72853e+08	1.65256e+08	1.55989e+08	1.64873e+08	1.71357e+08	2.47603e+08	2.46326e+08	1.77067e+08	1.82356e+08	2.31452e+08	2.4384e+08	1.84721e+08	2.37129e+08	1.76791e+08	2.36484e+08	2.0423e+08	2.11356e+08	2.04579e+08	2.08708e+08	1.72487e+08	2.08227e+08	2.43677e+08	1.66707e+08	1.69081e+08	2.05051e+08	2.57004e+08	2.75128e+08	2.53778e+08	2.09379e+08	2.07441e+08	2.11078e+08	2.15989e+08	1.97342e+08	1.99718e+08	2.36586e+08	2.3691e+08	1.89284e+08	1.76876e+08	1.90515e+08	1.78965e+08	1.69716e+08	1.74448e+08	1.94621e+08	1.97512e+08	1.70067e+08	1.95089e+08
ERR618589	3.98835e+08	5.21212e+08	3.97986e+08	3.86729e+08	3.70015e+08	4.16884e+08	2.68846e+08	2.93987e+08	2.95072e+08	2.84347e+08	2.43945e+08	2.99982e+08	3.50263e+08	2.98609e+08	3.36643e+08	3.52079e+08	3.32963e+08	3.52174e+08	2.72383e+08	3.22994e+08	2.65592e+08	3.21488e+08	3.20218e+08	2.67925e+08	2.65863e+08	2.06264e+08	3.28809e+08	3.08736e+08	2.74031e+08	2.62487e+08	2.89568e+08	2.66455e+08	3.59372e+08	2.92944e+08	2.93077e+08	3.3375e+08	2.49529e+08	2.44492e+08	2.59555e+08	2.57338e+08	3.46363e+08	3.54273e+08	1.60857e+08	1.94961e+08	2.06934e+08	1.76421e+08	1.93307e+08	2.03952e+08	2.29278e+08	2.13492e+08	2.49089e+08	1.50458e+08	1.41619e+08	1.49962e+08	1.56516e+08	2.26284e+08	2.24919e+08	1.61623e+08	1.66456e+08	2.10646e+08	2.25482e+08	1.71215e+08	2.1926e+08	1.64402e+08	2.18794e+08	1.8948e+08	1.93132e+08	1.87291e+08	1.91098e+08	1.57092e+08	1.90614e+08	2.22923e+08	1.56667e+08	1.59129e+08	1.93102e+08	2.38358e+08	2.54901e+08	2.35124e+08	1.91016e+08	1.89264e+08	1.92591e+08	1.97434e+08	1.79733e+08	1.81972e+08	2.1716e+08	2.17223e+08	1.73934e+08	1.61838e+08	1.74756e+08	1.63015e+08	1.54808e+08	1.59356e+08	1.78083e+08	1.80809e+08	1.55233e+08	1.78386e+08
ERR618588	4.29652e+08	3.97986e+08	5.92558e+08	4.16812e+08	3.9828e+08	4.49158e+08	2.89611e+08	3.16519e+08	3.17779e+08	3.06165e+08	2.62653e+08	3.22928e+08	3.77788e+08	3.22025e+08	3.63014e+08	3.79874e+08	3.59164e+08	3.79886e+08	2.94008e+08	3.48926e+08	2.8677e+08	3.47336e+08	3.45733e+08	2.89271e+08	2.86685e+08	2.22208e+08	3.54495e+08	3.32804e+08	2.95483e+08	2.83021e+08	3.12059e+08	2.87334e+08	3.87758e+08	3.15786e+08	3.15876e+08	3.60059e+08	2.6893e+08	2.63571e+08	2.79686e+08	2.77371e+08	3.73431e+08	3.81988e+08	1.74561e+08	2.11468e+08	2.24462e+08	1.9129e+08	2.09557e+08	2.21199e+08	2.48271e+08	2.31275e+08	2.69667e+08	1.62928e+08	1.53563e+08	1.62425e+08	1.69356e+08	2.44883e+08	2.4355e+08	1.74944e+08	1.80178e+08	2.28096e+08	2.4377e+08	1.84855e+08	2.3685e+08	1.77518e+08	2.36479e+08	2.04623e+08	2.09205e+08	2.02872e+08	2.07013e+08	1.70159e+08	2.06593e+08	2.41439e+08	1.68911e+08	1.7145e+08	2.08091e+08	2.57639e+08	2.75624e+08	2.5419e+08	2.06936e+08	2.04969e+08	2.08572e+08	2.1369e+08	1.94818e+08	1.97082e+08	2.34754e+08	2.34904e+08	1.87922e+08	1.74931e+08	1.88961e+08	1.76373e+08	1.67726e+08	1.7244e+08	1.92726e+08	1.95564e+08	1.68228e+08	1.9323e+08
ERR618586	4.21448e+08	3.86729e+08	4.16812e+08	5.70088e+08	3.87164e+08	4.40714e+08	2.85026e+08	3.10649e+08	3.12761e+08	3.00361e+08	2.59234e+08	3.1705e+08	3.70799e+08	3.15853e+08	3.55628e+08	3.72837e+08	3.52598e+08	3.72894e+08	2.89078e+08	3.43967e+08	2.81967e+08	3.42299e+08	3.4095e+08	2.84374e+08	2.81739e+08	2.17899e+08	3.47349e+08	3.26307e+08	2.90545e+08	2.78268e+08	3.05621e+08	2.81934e+08	3.79223e+08	3.0936e+08	3.09685e+08	3.53613e+08	2.63605e+08	2.59995e+08	2.73795e+08	2.72136e+08	3.65752e+08	3.73962e+08	1.73479e+08	2.09048e+08	2.21969e+08	1.8939e+08	2.08507e+08	2.19852e+08	2.44236e+08	2.2736e+08	2.64518e+08	1.60414e+08	1.51337e+08	1.59814e+08	1.66307e+08	2.3993e+08	2.38744e+08	1.71732e+08	1.76913e+08	2.24751e+08	2.3529e+08	1.78309e+08	2.29021e+08	1.70365e+08	2.28453e+08	1.97094e+08	2.0468e+08	1.97931e+08	2.0218e+08	1.67322e+08	2.01666e+08	2.36028e+08	1.60074e+08	1.62402e+08	1.96642e+08	2.48358e+08	2.65781e+08	2.45201e+08	2.03001e+08	2.01258e+08	2.05008e+08	2.09531e+08	1.91777e+08	1.93885e+08	2.29049e+08	2.29423e+08	1.83443e+08	1.71547e+08	1.84479e+08	1.73844e+08	1.64661e+08	1.69215e+08	1.88648e+08	1.91524e+08	1.64973e+08	1.89047e+08
ERR618590	3.99224e+08	3.70015e+08	3.9828e+08	3.87164e+08	5.21803e+08	4.17242e+08	2.69213e+08	2.94343e+08	2.95227e+08	2.84534e+08	2.44039e+08	3.00236e+08	3.50882e+08	2.99351e+08	3.37521e+08	3.52866e+08	3.33764e+08	3.52686e+08	2.72797e+08	3.23367e+08	2.65957e+08	3.21916e+08	3.20701e+08	2.68325e+08	2.6599e+08	2.06352e+08	3.28768e+08	3.08891e+08	2.74158e+08	2.62579e+08	2.89712e+08	2.66795e+08	3.59789e+08	2.9329e+08	2.93477e+08	3.34132e+08	2.49804e+08	2.44522e+08	2.59656e+08	2.57553e+08	3.46645e+08	3.54539e+08	1.60802e+08	1.95021e+08	2.07058e+08	1.76245e+08	1.93235e+08	2.03907e+08	2.29181e+08	2.13466e+08	2.48965e+08	1.50281e+08	1.4157e+08	1.49872e+08	1.56444e+08	2.26076e+08	2.24911e+08	1.61531e+08	1.664e+08	2.10399e+08	2.25289e+08	1.71025e+08	2.18938e+08	1.64193e+08	2.18688e+08	1.8929e+08	1.93359e+08	1.87396e+08	1.91279e+08	1.57261e+08	1.90913e+08	2.2309e+08	1.56568e+08	1.59e+08	1.93075e+08	2.38068e+08	2.54897e+08	2.35111e+08	1.90935e+08	1.89139e+08	1.92372e+08	1.97121e+08	1.797e+08	1.81904e+08	2.16937e+08	2.1712e+08	1.73771e+08	1.61693e+08	1.74661e+08	1.62901e+08	1.54906e+08	1.59209e+08	1.78074e+08	1.80727e+08	1.55224e+08	1.78373e+08
ERR618585	4.53759e+08	4.16884e+08	4.49158e+08	4.40714e+08	4.17242e+08	6.4818e+08	3.06283e+08	3.34263e+08	3.36234e+08	3.23081e+08	2.78256e+08	3.40949e+08	3.99055e+08	3.3986e+08	3.82993e+08	4.01242e+08	3.79327e+08	4.01389e+08	3.1094e+08	3.69873e+08	3.03189e+08	3.68155e+08	3.66736e+08	3.05865e+08	3.03136e+08	2.34499e+08	3.74662e+08	3.51662e+08	3.12762e+08	2.99386e+08	3.2927e+08	3.03564e+08	4.09319e+08	3.3342e+08	3.33784e+08	3.81044e+08	2.84051e+08	2.79516e+08	2.95153e+08	2.92968e+08	3.94492e+08	4.03376e+08	1.86908e+08	2.2569e+08	2.39518e+08	2.04375e+08	2.24518e+08	2.36795e+08	2.63776e+08	2.45959e+08	2.86023e+08	1.73188e+08	1.63444e+08	1.72706e+08	1.79708e+08	2.59473e+08	2.58181e+08	1.85537e+08	1.91049e+08	2.42599e+08	2.55516e+08	1.93935e+08	2.48715e+08	1.85231e+08	2.48041e+08	2.14368e+08	2.21599e+08	2.14502e+08	2.18681e+08	1.80674e+08	2.18246e+08	2.55419e+08	1.7509e+08	1.7766e+08	2.15365e+08	2.70239e+08	2.89216e+08	2.66862e+08	2.19496e+08	2.17561e+08	2.21505e+08	2.26612e+08	2.07099e+08	2.09313e+08	2.48068e+08	2.48307e+08	1.9856e+08	1.85346e+08	1.99536e+08	1.87371e+08	1.78009e+08	1.83018e+08	2.04237e+08	2.07275e+08	1.78326e+08	2.04683e+08
ERR618509	2.93246e+08	2.68846e+08	2.89611e+08	2.85026e+08	2.69213e+08	3.06283e+08	3.42834e+08	2.43438e+08	2.4633e+08	2.35468e+08	2.05009e+08	2.48233e+08	2.71911e+08	2.31811e+08	2.60352e+08	2.73089e+08	2.58528e+08	2.7333e+08	2.12744e+08	2.53613e+08	2.07231e+08	2.52305e+08	2.51379e+08	2.09185e+08	2.10882e+08	1.63291e+08	2.58938e+08	2.43464e+08	2.175e+08	2.08158e+08	2.28829e+08	2.11627e+08	2.8256e+08	2.31568e+08	2.3196e+08	2.6433e+08	1.96935e+08	1.95218e+08	2.04414e+08	2.03133e+08	2.71905e+08	2.77671e+08	1.30525e+08	1.56554e+08	1.66206e+08	1.42122e+08	1.56765e+08	1.65425e+08	1.7799e+08	1.66012e+08	1.92597e+08	1.17105e+08	1.10628e+08	1.16788e+08	1.21433e+08	1.75139e+08	1.7434e+08	1.25622e+08	1.29298e+08	1.64652e+08	1.68711e+08	1.27733e+08	1.64232e+08	1.21532e+08	1.63614e+08	1.41036e+08	1.52673e+08	1.47569e+08	1.50586e+08	1.25343e+08	1.50276e+08	1.75657e+08	1.15228e+08	1.168e+08	1.41352e+08	1.83068e+08	1.95855e+08	1.8055e+08	1.49056e+08	1.47799e+08	1.50564e+08	1.53814e+08	1.40995e+08	1.42475e+08	1.65738e+08	1.659e+08	1.32612e+08	1.24422e+08	1.33416e+08	1.2648e+08	1.22767e+08	1.26031e+08	1.4012e+08	1.4241e+08	1.22824e+08	1.40673e+08
ERR618511	3.19766e+08	2.93987e+08	3.16519e+08	3.10649e+08	2.94343e+08	3.34263e+08	2.43438e+08	3.94667e+08	2.66823e+08	2.57591e+08	2.21381e+08	2.71473e+08	2.9583e+08	2.52432e+08	2.83741e+08	2.97158e+08	2.81363e+08	2.97408e+08	2.31287e+08	2.75469e+08	2.25391e+08	2.73951e+08	2.72883e+08	2.27389e+08	2.29328e+08	1.77709e+08	2.82271e+08	2.65372e+08	2.36434e+08	2.26506e+08	2.49253e+08	2.3008e+08	3.08119e+08	2.52114e+08	2.52424e+08	2.87573e+08	2.14458e+08	2.11707e+08	2.22889e+08	2.21062e+08	2.96573e+08	3.03e+08	1.41008e+08	1.69789e+08	1.80293e+08	1.53934e+08	1.69377e+08	1.78755e+08	1.9353e+08	1.80455e+08	2.0979e+08	1.27195e+08	1.20088e+08	1.26824e+08	1.3227e+08	1.9094e+08	1.89869e+08	1.36646e+08	1.40723e+08	1.78841e+08	1.85246e+08	1.40458e+08	1.80415e+08	1.33864e+08	1.79739e+08	1.55212e+08	1.66496e+08	1.61131e+08	1.64457e+08	1.36309e+08	1.63926e+08	1.91576e+08	1.28362e+08	1.30138e+08	1.57663e+08	2.01892e+08	2.16051e+08	1.99139e+08	1.62545e+08	1.61119e+08	1.63918e+08	1.67721e+08	1.53375e+08	1.55023e+08	1.81035e+08	1.81257e+08	1.45089e+08	1.35659e+08	1.45781e+08	1.37416e+08	1.33501e+08	1.37107e+08	1.52912e+08	1.55243e+08	1.3369e+08	1.53457e+08
ERR618507	3.21537e+08	2.95072e+08	3.17779e+08	3.12761e+08	2.95227e+08	3.36234e+08	2.4633e+08	2.66823e+08	4.01206e+08	2.58078e+08	2.24477e+08	2.72252e+08	2.98231e+08	2.54222e+08	2.85828e+08	2.9967e+08	2.83797e+08	2.99821e+08	2.33242e+08	2.78152e+08	2.27156e+08	2.76553e+08	2.75564e+08	2.29373e+08	2.31031e+08	1.78938e+08	2.84243e+08	2.67127e+08	2.38057e+08	2.28094e+08	2.51044e+08	2.31958e+08	3.10094e+08	2.53903e+08	2.54367e+08	2.89851e+08	2.15817e+08	2.13654e+08	2.24229e+08	2.22637e+08	2.98422e+08	3.04775e+08	1.43628e+08	1.72415e+08	1.83036e+08	1.56479e+08	1.72391e+08	1.82054e+08	1.95916e+08	1.82817e+08	2.1208e+08	1.2885e+08	1.21686e+08	1.28501e+08	1.33632e+08	1.9291e+08	1.91913e+08	1.38241e+08	1.42393e+08	1.81242e+08	1.8559e+08	1.40675e+08	1.80832e+08	1.33762e+08	1.80122e+08	1.55451e+08	1.6825e+08	1.62611e+08	1.65873e+08	1.37985e+08	1.65522e+08	1.93538e+08	1.27166e+08	1.28854e+08	1.56146e+08	2.02017e+08	2.16207e+08	1.99297e+08	1.64256e+08	1.62762e+08	1.65885e+08	1.69414e+08	1.55274e+08	1.56877e+08	1.82668e+08	1.82771e+08	1.46146e+08	1.36971e+08	1.46942e+08	1.39112e+08	1.35091e+08	1.38765e+08	1.54357e+08	1.56704e+08	1.35112e+08	1.54839e+08
ERR618510	3.0915e+08	2.84347e+08	3.06165e+08	3.00361e+08	2.84534e+08	3.23081e+08	2.35468e+08	2.57591e+08	2.58078e+08	3.7335e+08	2.1427e+08	2.6263e+08	2.86154e+08	2.44111e+08	2.74463e+08	2.87543e+08	2.72299e+08	2.87712e+08	2.23742e+08	2.66294e+08	2.17941e+08	2.64797e+08	2.6369e+08	2.19922e+08	2.21787e+08	1.7194e+08	2.72877e+08	2.56494e+08	2.28617e+08	2.1901e+08	2.41252e+08	2.22774e+08	2.97863e+08	2.43992e+08	2.44232e+08	2.7801e+08	2.07406e+08	2.04802e+08	2.15525e+08	2.13875e+08	2.86637e+08	2.9292e+08	1.3633e+08	1.6403e+08	1.74152e+08	1.48707e+08	1.63632e+08	1.72701e+08	1.86861e+08	1.74237e+08	2.024e+08	1.22807e+08	1.1588e+08	1.22457e+08	1.27675e+08	1.84214e+08	1.83191e+08	1.31859e+08	1.35837e+08	1.72711e+08	1.78742e+08	1.35486e+08	1.74063e+08	1.2922e+08	1.73492e+08	1.49795e+08	1.6088e+08	1.55567e+08	1.5883e+08	1.31719e+08	1.58454e+08	1.85047e+08	1.24031e+08	1.25761e+08	1.52314e+08	1.94939e+08	2.08687e+08	1.92419e+08	1.56838e+08	1.55386e+08	1.58207e+08	1.61845e+08	1.481e+08	1.49631e+08	1.74921e+08	1.75173e+08	1.40116e+08	1.31067e+08	1.40898e+08	1.32814e+08	1.28999e+08	1.32562e+08	1.47616e+08	1.49959e+08	1.29104e+08	1.48095e+08
ERR618508	2.66334e+08	2.43945e+08	2.62653e+08	2.59234e+08	2.44039e+08	2.78256e+08	2.05009e+08	2.21381e+08	2.24477e+08	2.1427e+08	2.93939e+08	2.25855e+08	2.47288e+08	2.10996e+08	2.3669e+08	2.48457e+08	2.3539e+08	2.48602e+08	1.93569e+08	2.3106e+08	1.88715e+08	2.29726e+08	2.28836e+08	1.90393e+08	1.9214e+08	1.48776e+08	2.35477e+08	2.21463e+08	1.97893e+08	1.89695e+08	2.08138e+08	1.92584e+08	2.56594e+08	2.10533e+08	2.10936e+08	2.40544e+08	1.79212e+08	1.7786e+08	1.8594e+08	1.84772e+08	2.4705e+08	2.52412e+08	1.19026e+08	1.42429e+08	1.51296e+08	1.29358e+08	1.42862e+08	1.50785e+08	1.61505e+08	1.50552e+08	1.7446e+08	1.0627e+08	1.00413e+08	1.05927e+08	1.09919e+08	1.58529e+08	1.57844e+08	1.13733e+08	1.17071e+08	1.49314e+08	1.51957e+08	1.14983e+08	1.47992e+08	1.09254e+08	1.47438e+08	1.27026e+08	1.38663e+08	1.33788e+08	1.36505e+08	1.14041e+08	1.363e+08	1.59335e+08	1.0311e+08	1.0443e+08	1.26279e+08	1.65067e+08	1.76762e+08	1.62938e+08	1.35265e+08	1.33968e+08	1.36575e+08	1.39374e+08	1.28028e+08	1.29173e+08	1.49826e+08	1.50052e+08	1.19969e+08	1.12513e+08	1.20571e+08	1.14704e+08	1.1134e+08	1.14362e+08	1.27156e+08	1.2895e+08	1.11373e+08	1.27478e+08
ERR618512	3.26192e+08	2.99982e+08	3.22928e+08	3.1705e+08	3.00236e+08	3.40949e+08	2.48233e+08	2.71473e+08	2.72252e+08	2.6263e+08	2.25855e+08	4.08704e+08	3.01929e+08	2.5741e+08	2.89631e+08	3.03368e+08	2.87225e+08	3.03587e+08	2.35967e+08	2.8092e+08	2.29881e+08	2.79609e+08	2.78331e+08	2.32081e+08	2.34071e+08	1.81311e+08	2.87986e+08	2.70753e+08	2.41176e+08	2.31037e+08	2.54274e+08	2.34808e+08	3.14327e+08	2.57213e+08	2.57479e+08	2.93287e+08	2.18724e+08	2.16106e+08	2.2732e+08	2.25629e+08	3.02682e+08	3.09174e+08	1.44068e+08	1.73387e+08	1.84149e+08	1.57302e+08	1.72959e+08	1.82595e+08	1.97885e+08	1.8444e+08	2.14448e+08	1.30115e+08	1.22842e+08	1.2973e+08	1.35123e+08	1.95105e+08	1.9408e+08	1.39642e+08	1.43821e+08	1.82909e+08	1.89104e+08	1.43382e+08	1.84201e+08	1.36795e+08	1.83614e+08	1.58462e+08	1.7002e+08	1.64514e+08	1.67991e+08	1.39242e+08	1.67468e+08	1.95691e+08	1.30903e+08	1.32591e+08	1.60804e+08	2.05892e+08	2.20436e+08	2.03209e+08	1.6619e+08	1.64684e+08	1.67567e+08	1.71416e+08	1.56865e+08	1.58425e+08	1.85135e+08	1.85212e+08	1.48287e+08	1.38555e+08	1.4896e+08	1.40441e+08	1.36307e+08	1.40136e+08	1.56181e+08	1.58648e+08	1.36589e+08	1.56632e+08
ERR607662	3.81538e+08	3.50263e+08	3.77788e+08	3.70799e+08	3.50882e+08	3.99055e+08	2.71911e+08	2.9583e+08	2.98231e+08	2.86154e+08	2.47288e+08	3.01929e+08	5.87745e+08	3.66933e+08	4.11967e+08	4.33173e+08	4.08691e+08	4.3326e+08	3.07689e+08	3.64405e+08	2.99925e+08	3.62823e+08	3.61268e+08	3.02306e+08	2.80907e+08	2.16577e+08	3.44755e+08	3.2397e+08	2.89461e+08	2.77168e+08	3.19704e+08	2.95166e+08	3.94581e+08	3.23426e+08	3.24045e+08	3.68777e+08	2.76671e+08	2.7412e+08	2.87443e+08	2.85456e+08	3.82074e+08	3.90031e+08	1.78146e+08	2.14052e+08	2.27307e+08	1.94145e+08	2.13744e+08	2.25749e+08	2.42065e+08	2.25457e+08	2.62149e+08	1.59025e+08	1.50053e+08	1.5844e+08	1.6409e+08	2.3667e+08	2.35442e+08	1.69486e+08	1.74669e+08	2.21877e+08	2.3155e+08	1.75878e+08	2.25376e+08	1.67853e+08	2.24685e+08	1.94174e+08	2.07697e+08	2.00779e+08	2.04952e+08	1.69991e+08	2.04364e+08	2.39038e+08	1.58541e+08	1.60694e+08	1.94777e+08	2.47343e+08	2.64637e+08	2.44188e+08	1.99741e+08	1.97961e+08	2.01649e+08	2.06025e+08	1.88648e+08	1.90662e+08	2.25601e+08	2.25776e+08	1.80527e+08	1.6894e+08	1.81557e+08	1.71363e+08	1.65062e+08	1.69736e+08	1.89015e+08	1.91931e+08	1.65385e+08	1.89788e+08
ERR607657	3.24912e+08	2.98609e+08	3.22025e+08	3.15853e+08	2.99351e+08	3.3986e+08	2.31811e+08	2.52432e+08	2.54222e+08	2.44111e+08	2.10996e+08	2.5741e+08	3.66933e+08	4.47009e+08	3.53306e+08	3.68865e+08	3.50291e+08	3.68992e+08	2.62906e+08	3.10384e+08	2.56332e+08	3.09024e+08	3.07822e+08	2.58422e+08	2.3917e+08	1.84976e+08	2.93426e+08	2.75782e+08	2.46381e+08	2.35998e+08	2.73106e+08	2.52263e+08	3.3589e+08	2.76396e+08	2.76658e+08	3.14067e+08	2.36244e+08	2.33585e+08	2.45372e+08	2.43572e+08	3.25214e+08	3.32167e+08	1.49514e+08	1.80182e+08	1.9139e+08	1.6328e+08	1.79545e+08	1.89525e+08	2.01988e+08	1.8815e+08	2.18887e+08	1.32754e+08	1.25086e+08	1.3214e+08	1.37362e+08	1.97986e+08	1.96806e+08	1.41795e+08	1.46057e+08	1.85173e+08	1.94602e+08	1.48034e+08	1.89463e+08	1.41521e+08	1.8888e+08	1.63429e+08	1.76245e+08	1.70693e+08	1.74124e+08	1.44365e+08	1.73602e+08	2.02714e+08	1.35119e+08	1.36995e+08	1.65973e+08	2.09551e+08	2.24163e+08	2.06682e+08	1.66861e+08	1.65419e+08	1.68285e+08	1.72037e+08	1.57306e+08	1.59222e+08	1.89006e+08	1.89117e+08	1.5146e+08	1.41362e+08	1.5219e+08	1.43246e+08	1.38882e+08	1.42947e+08	1.59163e+08	1.61688e+08	1.39276e+08	1.59921e+08
ERR607658	3.66038e+08	3.36643e+08	3.63014e+08	3.55628e+08	3.37521e+08	3.82993e+08	2.60352e+08	2.83741e+08	2.85828e+08	2.74463e+08	2.3669e+08	2.89631e+08	4.11967e+08	3.53306e+08	5.46982e+08	4.14017e+08	3.92724e+08	4.13962e+08	2.94821e+08	3.4833e+08	2.8739e+08	3.46829e+08	3.45401e+08	2.89668e+08	2.68974e+08	2.07974e+08	3.30807e+08	3.10936e+08	2.77094e+08	2.65301e+08	3.06871e+08	2.8304e+08	3.78516e+08	3.10424e+08	3.10891e+08	3.53332e+08	2.65607e+08	2.61963e+08	2.75996e+08	2.74042e+08	3.66579e+08	3.74414e+08	1.69019e+08	2.04108e+08	2.16805e+08	1.84841e+08	2.03039e+08	2.14346e+08	2.30406e+08	2.14705e+08	2.4999e+08	1.51101e+08	1.42411e+08	1.5068e+08	1.56484e+08	2.25637e+08	2.2444e+08	1.6152e+08	1.66332e+08	2.10902e+08	2.22533e+08	1.69298e+08	2.16577e+08	1.62042e+08	2.16031e+08	1.87076e+08	1.99183e+08	1.92898e+08	1.96866e+08	1.6272e+08	1.96293e+08	2.29409e+08	1.5506e+08	1.57304e+08	1.90788e+08	2.39552e+08	2.56111e+08	2.36241e+08	1.90312e+08	1.88722e+08	1.92142e+08	1.96395e+08	1.79455e+08	1.81549e+08	2.15758e+08	2.1599e+08	1.72867e+08	1.61256e+08	1.73761e+08	1.62981e+08	1.5772e+08	1.6211e+08	1.80942e+08	1.83749e+08	1.58124e+08	1.81597e+08
ERR607660	3.8361e+08	3.52079e+08	3.79874e+08	3.72837e+08	3.52866e+08	4.01242e+08	2.73089e+08	2.97158e+08	2.9967e+08	2.87543e+08	2.48457e+08	3.03368e+08	4.33173e+08	3.68865e+08	4.14017e+08	5.93328e+08	4.10821e+08	4.35496e+08	3.09043e+08	3.66021e+08	3.01175e+08	3.64347e+08	3.62874e+08	3.03576e+08	2.82106e+08	2.17525e+08	3.4632e+08	3.25423e+08	2.90585e+08	2.78391e+08	3.21151e+08	2.9645e+08	3.96396e+08	3.25077e+08	3.25482e+08	3.70619e+08	2.77923e+08	2.75181e+08	2.88674e+08	2.86645e+08	3.83743e+08	3.91914e+08	1.78893e+08	2.14998e+08	2.28435e+08	1.94999e+08	2.14691e+08	2.26503e+08	2.43617e+08	2.26974e+08	2.63995e+08	1.60015e+08	1.50974e+08	1.59468e+08	1.6528e+08	2.38338e+08	2.36959e+08	1.70669e+08	1.75815e+08	2.23217e+08	2.33523e+08	1.77268e+08	2.27208e+08	1.69295e+08	2.2647e+08	1.9579e+08	2.08899e+08	2.02061e+08	2.0632e+08	1.70891e+08	2.05699e+08	2.40388e+08	1.59857e+08	1.62151e+08	1.96445e+08	2.4888e+08	2.66168e+08	2.45653e+08	2.00955e+08	1.99308e+08	2.02885e+08	2.0734e+08	1.89765e+08	1.9184e+08	2.27085e+08	2.27267e+08	1.81884e+08	1.70021e+08	1.82754e+08	1.72509e+08	1.65872e+08	1.70669e+08	1.89968e+08	1.93054e+08	1.66207e+08	1.90829e+08
ERR607659	3.62852e+08	3.32963e+08	3.59164e+08	3.52598e+08	3.33764e+08	3.79327e+08	2.58528e+08	2.81363e+08	2.83797e+08	2.72299e+08	2.3539e+08	2.87225e+08	4.08691e+08	3.50291e+08	3.92724e+08	4.10821e+08	5.38712e+08	4.10695e+08	2.92579e+08	3.4623e+08	2.85185e+08	3.44632e+08	3.4326e+08	2.87445e+08	2.66807e+08	2.06064e+08	3.27571e+08	3.07819e+08	2.75031e+08	2.63354e+08	3.0405e+08	2.80766e+08	3.74768e+08	3.07665e+08	3.08151e+08	3.50526e+08	2.63212e+08	2.60389e+08	2.73221e+08	2.71465e+08	3.62882e+08	3.70617e+08	1.68825e+08	2.03057e+08	2.15741e+08	1.84141e+08	2.02662e+08	2.13944e+08	2.28894e+08	2.1334e+08	2.47996e+08	1.50471e+08	1.41788e+08	1.49896e+08	1.55339e+08	2.23968e+08	2.22874e+08	1.60436e+08	1.65305e+08	2.10027e+08	2.1956e+08	1.66785e+08	2.13775e+08	1.5921e+08	2.13097e+08	1.8437e+08	1.97392e+08	1.9089e+08	1.94813e+08	1.61581e+08	1.94299e+08	2.2708e+08	1.50954e+08	1.52947e+08	1.85302e+08	2.35144e+08	2.51599e+08	2.32087e+08	1.89023e+08	1.87311e+08	1.90843e+08	1.94982e+08	1.78453e+08	1.80323e+08	2.13488e+08	2.13742e+08	1.71047e+08	1.5993e+08	1.71913e+08	1.62224e+08	1.56497e+08	1.61015e+08	1.79288e+08	1.82065e+08	1.56888e+08	1.79978e+08
ERR607661	3.83767e+08	3.52174e+08	3.79886e+08	3.72894e+08	3.52686e+08	4.01389e+08	2.7333e+08	2.97408e+08	2.99821e+08	2.87712e+08	2.48602e+08	3.03587e+08	4.3326e+08	3.68992e+08	4.13962e+08	4.35496e+08	4.10695e+08	5.93559e+08	3.09152e+08	3.66323e+08	3.01291e+08	3.6459e+08	3.62847e+08	3.03818e+08	2.82454e+08	2.17755e+08	3.46629e+08	3.25781e+08	2.91009e+08	2.78618e+08	3.21196e+08	2.96523e+08	3.96326e+08	3.25102e+08	3.25644e+08	3.70576e+08	2.7824e+08	2.75405e+08	2.88841e+08	2.86924e+08	3.83892e+08	3.92292e+08	1.7895e+08	2.15022e+08	2.28488e+08	1.95105e+08	2.1476e+08	2.26577e+08	2.43638e+08	2.27032e+08	2.63956e+08	1.60021e+08	1.50914e+08	1.59599e+08	1.65184e+08	2.3822e+08	2.36971e+08	1.70632e+08	1.75848e+08	2.23176e+08	2.33303e+08	1.77217e+08	2.2714e+08	1.69158e+08	2.26415e+08	1.95713e+08	2.08866e+08	2.0219e+08	2.06193e+08	1.70842e+08	2.05701e+08	2.4056e+08	1.59766e+08	1.62018e+08	1.96293e+08	2.49014e+08	2.66425e+08	2.4577e+08	2.01213e+08	1.99211e+08	2.0294e+08	2.07437e+08	1.89833e+08	1.91907e+08	2.27031e+08	2.27196e+08	1.8195e+08	1.7005e+08	1.82847e+08	1.7245e+08	1.65949e+08	1.70608e+08	1.90064e+08	1.93187e+08	1.66321e+08	1.9088e+08
ERR613458	2.97199e+08	2.72383e+08	2.94008e+08	2.89078e+08	2.72797e+08	3.1094e+08	2.12744e+08	2.31287e+08	2.33242e+08	2.23742e+08	1.93569e+08	2.35967e+08	3.07689e+08	2.62906e+08	2.94821e+08	3.09043e+08	2.92579e+08	3.09152e+08	4.1092e+08	3.34352e+08	2.76319e+08	3.32974e+08	3.31364e+08	2.787e+08	2.32043e+08	1.80601e+08	2.83371e+08	2.66811e+08	2.38927e+08	2.29001e+08	2.71018e+08	2.50598e+08	3.34388e+08	2.74175e+08	2.7484e+08	3.12697e+08	2.25126e+08	2.22969e+08	2.33609e+08	2.32205e+08	3.09821e+08	3.16218e+08	1.47624e+08	1.77676e+08	1.88684e+08	1.61185e+08	1.77016e+08	1.86882e+08	2.02959e+08	1.89174e+08	2.19784e+08	1.33458e+08	1.25948e+08	1.33038e+08	1.36431e+08	1.96685e+08	1.95614e+08	1.40896e+08	1.4512e+08	1.84483e+08	1.90786e+08	1.447e+08	1.85867e+08	1.38015e+08	1.85242e+08	1.59981e+08	1.71324e+08	1.65792e+08	1.69158e+08	1.40596e+08	1.68713e+08	1.97077e+08	1.33414e+08	1.35145e+08	1.63624e+08	2.12594e+08	2.27371e+08	2.09978e+08	1.66809e+08	1.65215e+08	1.68167e+08	1.71998e+08	1.57399e+08	1.59207e+08	1.85425e+08	1.85682e+08	1.48591e+08	1.38976e+08	1.49168e+08	1.40941e+08	1.37999e+08	1.42016e+08	1.58022e+08	1.60356e+08	1.38166e+08	1.58521e+08
ERR613455	3.53396e+08	3.22994e+08	3.48926e+08	3.43967e+08	3.23367e+08	3.69873e+08	2.53613e+08	2.75469e+08	2.78152e+08	2.66294e+08	2.3106e+08	2.8092e+08	3.64405e+08	3.10384e+08	3.4833e+08	3.66021e+08	3.4623e+08	3.66323e+08	3.34352e+08	5.54567e+08	3.25834e+08	3.96452e+08	3.94672e+08	3.28715e+08	2.76078e+08	2.14363e+08	3.37299e+08	3.17496e+08	2.84287e+08	2.72732e+08	3.21727e+08	2.97419e+08	3.97598e+08	3.25562e+08	3.26327e+08	3.72484e+08	2.66932e+08	2.65004e+08	2.7659e+08	2.75502e+08	3.68062e+08	3.75608e+08	1.78571e+08	2.14123e+08	2.27261e+08	1.9444e+08	2.1416e+08	2.25777e+08	2.45408e+08	2.28837e+08	2.65312e+08	1.61365e+08	1.52516e+08	1.60967e+08	1.64815e+08	2.37499e+08	2.3621e+08	1.70382e+08	1.7533e+08	2.23384e+08	2.28503e+08	1.73106e+08	2.22566e+08	1.64584e+08	2.21695e+08	1.91028e+08	2.04988e+08	1.97911e+08	2.02024e+08	1.68539e+08	2.01624e+08	2.35912e+08	1.57436e+08	1.59384e+08	1.9287e+08	2.5317e+08	2.71081e+08	2.50088e+08	2.01537e+08	1.99622e+08	2.03286e+08	2.07658e+08	1.90494e+08	1.92518e+08	2.23289e+08	2.23475e+08	1.7878e+08	1.67534e+08	1.79556e+08	1.70633e+08	1.66165e+08	1.70816e+08	1.89834e+08	1.92645e+08	1.6627e+08	1.90391e+08
ERR613460	2.89679e+08	2.65592e+08	2.8677e+08	2.81967e+08	2.65957e+08	3.03189e+08	2.07231e+08	2.25391e+08	2.27156e+08	2.17941e+08	1.88715e+08	2.29881e+08	2.99925e+08	2.56332e+08	2.8739e+08	3.01175e+08	2.85185e+08	3.01291e+08	2.76319e+08	3.25834e+08	3.94052e+08	3.24496e+08	3.23047e+08	2.71827e+08	2.26291e+08	1.76103e+08	2.76275e+08	2.60366e+08	2.33007e+08	2.2336e+08	2.64154e+08	2.44368e+08	3.26053e+08	2.67258e+08	2.67944e+08	3.04993e+08	2.19645e+08	2.17359e+08	2.27869e+08	2.26587e+08	3.02164e+08	3.08502e+08	1.43844e+08	1.73287e+08	1.83823e+08	1.57075e+08	1.72651e+08	1.82083e+08	1.98231e+08	1.84707e+08	2.14784e+08	1.30399e+08	1.23095e+08	1.29926e+08	1.33326e+08	1.92199e+08	1.91068e+08	1.37722e+08	1.41862e+08	1.80232e+08	1.86487e+08	1.41487e+08	1.81688e+08	1.34942e+08	1.81089e+08	1.56343e+08	1.67059e+08	1.6164e+08	1.65016e+08	1.37111e+08	1.6451e+08	1.92201e+08	1.30409e+08	1.3218e+08	1.5996e+08	2.07605e+08	2.22069e+08	2.04906e+08	1.62992e+08	1.61366e+08	1.64221e+08	1.67943e+08	1.53838e+08	1.55541e+08	1.81198e+08	1.81361e+08	1.45014e+08	1.35751e+08	1.45738e+08	1.37578e+08	1.34683e+08	1.3854e+08	1.54237e+08	1.5645e+08	1.34826e+08	1.54607e+08
ERR613456	3.51644e+08	3.21488e+08	3.47336e+08	3.42299e+08	3.21916e+08	3.68155e+08	2.52305e+08	2.73951e+08	2.76553e+08	2.64797e+08	2.29726e+08	2.79609e+08	3.62823e+08	3.09024e+08	3.46829e+08	3.64347e+08	3.44632e+08	3.6459e+08	3.32974e+08	3.96452e+08	3.24496e+08	5.50495e+08	3.92965e+08	3.27301e+08	2.7489e+08	2.13594e+08	3.35645e+08	3.1613e+08	2.83266e+08	2.71531e+08	3.20093e+08	2.95831e+08	3.95717e+08	3.23869e+08	3.24641e+08	3.70539e+08	2.65581e+08	2.63636e+08	2.7544e+08	2.74113e+08	3.66205e+08	3.7367e+08	1.77294e+08	2.12839e+08	2.25737e+08	1.93251e+08	2.12644e+08	2.24507e+08	2.43732e+08	2.27356e+08	2.63742e+08	1.60404e+08	1.51581e+08	1.59948e+08	1.63665e+08	2.35857e+08	2.34631e+08	1.69111e+08	1.74197e+08	2.21931e+08	2.2739e+08	1.7224e+08	2.21563e+08	1.63849e+08	2.20539e+08	1.90156e+08	2.03846e+08	1.96968e+08	2.01039e+08	1.67564e+08	2.00568e+08	2.34726e+08	1.57168e+08	1.59168e+08	1.92471e+08	2.52289e+08	2.7012e+08	2.49172e+08	2.00132e+08	1.9837e+08	2.02082e+08	2.06327e+08	1.89171e+08	1.91212e+08	2.21919e+08	2.22398e+08	1.77861e+08	1.66702e+08	1.78497e+08	1.69591e+08	1.65079e+08	1.69845e+08	1.88705e+08	1.91539e+08	1.65216e+08	1.89294e+08
ERR613457	3.5027e+08	3.20218e+08	3.45733e+08	3.4095e+08	3.20701e+08	3.66736e+08	2.51379e+08	2.72883e+08	2.75564e+08	2.6369e+08	2.28836e+08	2.78331e+08	3.61268e+08	3.07822e+08	3.45401e+08	3.62874e+08	3.4326e+08	3.62847e+08	3.31364e+08	3.94672e+08	3.23047e+08	3.92965e+08	5.46048e+08	3.25901e+08	2.73863e+08	2.1264e+08	3.34455e+08	3.14933e+08	2.82024e+08	2.70529e+08	3.18915e+08	2.94922e+08	3.94235e+08	3.22729e+08	3.23441e+08	3.69182e+08	2.64617e+08	2.62729e+08	2.74398e+08	2.73018e+08	3.6482e+08	3.72367e+08	1.76686e+08	2.12091e+08	2.25087e+08	1.92452e+08	2.12018e+08	2.23615e+08	2.42724e+08	2.2637e+08	2.62671e+08	1.59669e+08	1.50822e+08	1.59186e+08	1.62775e+08	2.34764e+08	2.33483e+08	1.68338e+08	1.73284e+08	2.20798e+08	2.26271e+08	1.71366e+08	2.20537e+08	1.62982e+08	2.19497e+08	1.89298e+08	2.03122e+08	1.96201e+08	2.003e+08	1.66942e+08	1.99769e+08	2.33727e+08	1.56237e+08	1.58344e+08	1.91419e+08	2.51342e+08	2.68921e+08	2.48148e+08	1.99414e+08	1.97576e+08	2.01164e+08	2.0542e+08	1.88377e+08	1.90313e+08	2.20826e+08	2.21162e+08	1.77027e+08	1.65802e+08	1.77709e+08	1.68816e+08	1.64456e+08	1.6915e+08	1.87986e+08	1.90753e+08	1.64559e+08	1.88535e+08
ERR613459	2.9231e+08	2.67925e+08	2.89271e+08	2.84374e+08	2.68325e+08	3.05865e+08	2.09185e+08	2.27389e+08	2.29373e+08	2.19922e+08	1.90393e+08	2.32081e+08	3.02306e+08	2.58422e+08	2.89668e+08	3.03576e+08	2.87445e+08	3.03818e+08	2.787e+08	3.28715e+08	2.71827e+08	3.27301e+08	3.25901e+08	3.99296e+08	2.28128e+08	1.77646e+08	2.78875e+08	2.62497e+08	2.34898e+08	2.25267e+08	2.66402e+08	2.46251e+08	3.28725e+08	2.69374e+08	2.70101e+08	3.07417e+08	2.21395e+08	2.1904e+08	2.2971e+08	2.28336e+08	3.04426e+08	3.10967e+08	1.44916e+08	1.74686e+08	1.85367e+08	1.5837e+08	1.73992e+08	1.8354e+08	1.99464e+08	1.86086e+08	2.16098e+08	1.3113e+08	1.23807e+08	1.30787e+08	1.34079e+08	1.93328e+08	1.92212e+08	1.3837e+08	1.42629e+08	1.81204e+08	1.87778e+08	1.42394e+08	1.82928e+08	1.35922e+08	1.82201e+08	1.57338e+08	1.68502e+08	1.63031e+08	1.66384e+08	1.38185e+08	1.65949e+08	1.93807e+08	1.31446e+08	1.3321e+08	1.61289e+08	2.09312e+08	2.2397e+08	2.06709e+08	1.63994e+08	1.62524e+08	1.65365e+08	1.69171e+08	1.54791e+08	1.5654e+08	1.82221e+08	1.82448e+08	1.45961e+08	1.36496e+08	1.46557e+08	1.38494e+08	1.35793e+08	1.3964e+08	1.554e+08	1.57736e+08	1.35931e+08	1.55882e+08
ERR622581	2.90051e+08	2.65863e+08	2.86685e+08	2.81739e+08	2.6599e+08	3.03136e+08	2.10882e+08	2.29328e+08	2.31031e+08	2.21787e+08	1.9214e+08	2.34071e+08	2.80907e+08	2.3917e+08	2.68974e+08	2.82106e+08	2.66807e+08	2.82454e+08	2.32043e+08	2.76078e+08	2.26291e+08	2.7489e+08	2.73863e+08	2.28128e+08	3.87773e+08	2.1164e+08	3.23369e+08	3.05593e+08	2.76595e+08	2.65756e+08	2.39716e+08	2.21341e+08	2.96395e+08	2.42403e+08	2.43121e+08	2.77133e+08	2.1383e+08	2.11597e+08	2.21553e+08	2.20404e+08	2.9359e+08	2.99943e+08	1.31252e+08	1.58134e+08	1.67848e+08	1.43265e+08	1.57506e+08	1.66236e+08	1.83893e+08	1.71421e+08	1.98957e+08	1.20887e+08	1.14225e+08	1.20721e+08	1.22756e+08	1.77128e+08	1.76145e+08	1.26692e+08	1.30596e+08	1.66582e+08	1.71317e+08	1.29402e+08	1.66856e+08	1.22977e+08	1.66144e+08	1.43136e+08	1.51701e+08	1.46504e+08	1.49537e+08	1.24259e+08	1.49239e+08	1.74689e+08	1.27523e+08	1.29035e+08	1.55966e+08	2.07039e+08	2.22028e+08	2.04449e+08	1.51707e+08	1.50328e+08	1.53116e+08	1.56424e+08	1.43177e+08	1.44843e+08	1.68507e+08	1.6878e+08	1.34806e+08	1.26171e+08	1.35361e+08	1.28198e+08	1.23232e+08	1.26725e+08	1.40916e+08	1.43095e+08	1.23497e+08	1.41324e+08
ERR622579	2.24411e+08	2.06264e+08	2.22208e+08	2.17899e+08	2.06352e+08	2.34499e+08	1.63291e+08	1.77709e+08	1.78938e+08	1.7194e+08	1.48776e+08	1.81311e+08	2.16577e+08	1.84976e+08	2.07974e+08	2.17525e+08	2.06064e+08	2.17755e+08	1.80601e+08	2.14363e+08	1.76103e+08	2.13594e+08	2.1264e+08	1.77646e+08	2.1164e+08	2.6095e+08	2.54908e+08	2.41326e+08	2.17483e+08	2.09161e+08	1.85822e+08	1.71598e+08	2.29484e+08	1.8776e+08	1.88303e+08	2.13926e+08	1.66055e+08	1.63755e+08	1.72033e+08	1.71006e+08	2.27486e+08	2.32362e+08	1.00136e+08	1.21242e+08	1.28746e+08	1.09743e+08	1.20362e+08	1.26833e+08	1.41025e+08	1.31386e+08	1.52767e+08	9.25511e+07	8.74028e+07	9.25115e+07	9.42739e+07	1.35863e+08	1.35169e+08	9.72219e+07	1.00161e+08	1.27504e+08	1.32255e+08	1.00082e+08	1.28805e+08	9.5271e+07	1.28298e+08	1.10717e+08	1.16647e+08	1.12844e+08	1.15163e+08	9.53557e+07	1.14904e+08	1.3443e+08	1.01762e+08	1.03046e+08	1.24607e+08	1.64515e+08	1.76412e+08	1.62302e+08	1.16308e+08	1.15355e+08	1.17461e+08	1.20031e+08	1.09809e+08	1.11063e+08	1.29692e+08	1.29811e+08	1.03648e+08	9.67897e+07	1.04119e+08	9.79703e+07	9.46929e+07	9.73661e+07	1.08547e+08	1.10085e+08	9.50107e+07	1.08704e+08
ERR622577	3.57688e+08	3.28809e+08	3.54495e+08	3.47349e+08	3.28768e+08	3.74662e+08	2.58938e+08	2.82271e+08	2.84243e+08	2.72877e+08	2.35477e+08	2.87986e+08	3.44755e+08	2.93426e+08	3.30807e+08	3.4632e+08	3.27571e+08	3.46629e+08	2.83371e+08	3.37299e+08	2.76275e+08	3.35645e+08	3.34455e+08	2.78875e+08	3.23369e+08	2.54908e+08	5.44334e+08	3.72493e+08	3.32933e+08	3.1941e+08	2.94817e+08	2.71609e+08	3.65713e+08	2.97891e+08	2.98716e+08	3.40756e+08	2.62979e+08	2.58304e+08	2.7268e+08	2.71113e+08	3.62463e+08	3.7043e+08	1.62986e+08	1.97729e+08	2.10014e+08	1.78727e+08	1.95751e+08	2.06539e+08	2.30142e+08	2.14415e+08	2.49451e+08	1.50985e+08	1.42465e+08	1.50866e+08	1.53912e+08	2.22211e+08	2.2102e+08	1.58832e+08	1.63681e+08	2.08292e+08	2.16747e+08	1.63902e+08	2.1105e+08	1.56116e+08	2.102e+08	1.81488e+08	1.90185e+08	1.8376e+08	1.87603e+08	1.55094e+08	1.87199e+08	2.19152e+08	1.61925e+08	1.63928e+08	1.98673e+08	2.59523e+08	2.77934e+08	2.56008e+08	1.90233e+08	1.88698e+08	1.92145e+08	1.96395e+08	1.79485e+08	1.81516e+08	2.12079e+08	2.12528e+08	1.69676e+08	1.58362e+08	1.70299e+08	1.60146e+08	1.54451e+08	1.58763e+08	1.77024e+08	1.79784e+08	1.54926e+08	1.77301e+08
ERR622578	3.35949e+08	3.08736e+08	3.32804e+08	3.26307e+08	3.08891e+08	3.51662e+08	2.43464e+08	2.65372e+08	2.67127e+08	2.56494e+08	2.21463e+08	2.70753e+08	3.2397e+08	2.75782e+08	3.10936e+08	3.25423e+08	3.07819e+08	3.25781e+08	2.66811e+08	3.17496e+08	2.60366e+08	3.1613e+08	3.14933e+08	2.62497e+08	3.05593e+08	2.41326e+08	3.72493e+08	4.91325e+08	3.14669e+08	3.01888e+08	2.77141e+08	2.5546e+08	3.43547e+08	2.80251e+08	2.80972e+08	3.20329e+08	2.47331e+08	2.43316e+08	2.56292e+08	2.5493e+08	3.40502e+08	3.47811e+08	1.52761e+08	1.85196e+08	1.96765e+08	1.67555e+08	1.83542e+08	1.93639e+08	2.15345e+08	2.00719e+08	2.33406e+08	1.41331e+08	1.33362e+08	1.41162e+08	1.4399e+08	2.07714e+08	2.0662e+08	1.48578e+08	1.53125e+08	1.94889e+08	2.02396e+08	1.5323e+08	1.97217e+08	1.45744e+08	1.9633e+08	1.69489e+08	1.7816e+08	1.72209e+08	1.75817e+08	1.45505e+08	1.75424e+08	2.0527e+08	1.5188e+08	1.53715e+08	1.86198e+08	2.439e+08	2.61339e+08	2.40543e+08	1.77945e+08	1.76411e+08	1.79714e+08	1.83761e+08	1.67903e+08	1.69787e+08	1.9843e+08	1.9874e+08	1.58701e+08	1.48167e+08	1.5936e+08	1.49921e+08	1.44628e+08	1.48721e+08	1.65713e+08	1.6826e+08	1.45168e+08	1.6596e+08
ERR622582	2.99084e+08	2.74031e+08	2.95483e+08	2.90545e+08	2.74158e+08	3.12762e+08	2.175e+08	2.36434e+08	2.38057e+08	2.28617e+08	1.97893e+08	2.41176e+08	2.89461e+08	2.46381e+08	2.77094e+08	2.90585e+08	2.75031e+08	2.91009e+08	2.38927e+08	2.84287e+08	2.33007e+08	2.83266e+08	2.82024e+08	2.34898e+08	2.76595e+08	2.17483e+08	3.32933e+08	3.14669e+08	4.07258e+08	2.73245e+08	2.47251e+08	2.28268e+08	3.05798e+08	2.49972e+08	2.50803e+08	2.85703e+08	2.20565e+08	2.18274e+08	2.28473e+08	2.27314e+08	3.03011e+08	3.09432e+08	1.35351e+08	1.63024e+08	1.73163e+08	1.47774e+08	1.62312e+08	1.71415e+08	1.89729e+08	1.76857e+08	2.051e+08	1.24685e+08	1.17843e+08	1.24549e+08	1.26727e+08	1.82722e+08	1.81738e+08	1.30843e+08	1.34712e+08	1.71975e+08	1.76797e+08	1.3369e+08	1.7229e+08	1.26976e+08	1.71615e+08	1.47806e+08	1.56418e+08	1.5107e+08	1.54271e+08	1.28187e+08	1.53981e+08	1.80297e+08	1.31456e+08	1.33007e+08	1.60905e+08	2.13176e+08	2.28688e+08	2.10471e+08	1.56508e+08	1.55133e+08	1.58038e+08	1.61509e+08	1.47884e+08	1.49397e+08	1.7404e+08	1.74162e+08	1.39078e+08	1.30252e+08	1.3974e+08	1.32293e+08	1.2721e+08	1.30765e+08	1.45471e+08	1.47591e+08	1.27338e+08	1.45747e+08
ERR622580	2.86421e+08	2.62487e+08	2.83021e+08	2.78268e+08	2.62579e+08	2.99386e+08	2.08158e+08	2.26506e+08	2.28094e+08	2.1901e+08	1.89695e+08	2.31037e+08	2.77168e+08	2.35998e+08	2.65301e+08	2.78391e+08	2.63354e+08	2.78618e+08	2.29001e+08	2.72732e+08	2.2336e+08	2.71531e+08	2.70529e+08	2.25267e+08	2.65756e+08	2.09161e+08	3.1941e+08	3.01888e+08	2.73245e+08	3.80051e+08	2.3682e+08	2.18829e+08	2.92892e+08	2.39436e+08	2.40234e+08	2.73848e+08	2.11208e+08	2.09058e+08	2.18757e+08	2.17672e+08	2.9005e+08	2.96353e+08	1.29655e+08	1.56166e+08	1.65894e+08	1.41585e+08	1.55666e+08	1.64128e+08	1.81624e+08	1.69274e+08	1.96399e+08	1.19459e+08	1.1278e+08	1.1928e+08	1.21255e+08	1.74875e+08	1.74023e+08	1.2523e+08	1.29032e+08	1.64637e+08	1.69183e+08	1.27812e+08	1.64958e+08	1.21418e+08	1.64065e+08	1.41267e+08	1.49646e+08	1.44555e+08	1.47593e+08	1.22686e+08	1.47441e+08	1.72439e+08	1.25923e+08	1.27496e+08	1.54094e+08	2.04471e+08	2.19523e+08	2.02015e+08	1.49867e+08	1.48572e+08	1.51282e+08	1.54622e+08	1.41481e+08	1.43134e+08	1.66511e+08	1.66654e+08	1.33055e+08	1.24638e+08	1.3373e+08	1.26705e+08	1.21768e+08	1.25113e+08	1.39119e+08	1.4132e+08	1.21975e+08	1.39473e+08
ERR612618	3.14817e+08	2.89568e+08	3.12059e+08	3.05621e+08	2.89712e+08	3.2927e+08	2.28829e+08	2.49253e+08	2.51044e+08	2.41252e+08	2.08138e+08	2.54274e+08	3.19704e+08	2.73106e+08	3.06871e+08	3.21151e+08	3.0405e+08	3.21196e+08	2.71018e+08	3.21727e+08	2.64154e+08	3.20093e+08	3.18915e+08	2.66402e+08	2.39716e+08	1.85822e+08	2.94817e+08	2.77141e+08	2.47251e+08	2.3682e+08	4.50828e+08	2.90036e+08	3.87185e+08	3.1897e+08	3.19283e+08	3.61586e+08	2.46899e+08	2.43523e+08	2.56385e+08	2.54644e+08	3.40022e+08	3.47257e+08	1.57165e+08	1.89541e+08	2.01175e+08	1.71816e+08	1.88594e+08	1.99048e+08	2.18357e+08	2.03732e+08	2.36999e+08	1.43667e+08	1.35593e+08	1.43301e+08	1.48381e+08	2.13428e+08	2.12463e+08	1.53258e+08	1.57708e+08	1.99771e+08	2.10723e+08	1.605e+08	2.05155e+08	1.53549e+08	2.04477e+08	1.7713e+08	1.87878e+08	1.81878e+08	1.85734e+08	1.53918e+08	1.8523e+08	2.1598e+08	1.49479e+08	1.51517e+08	1.8333e+08	2.30411e+08	2.46215e+08	2.2717e+08	1.79714e+08	1.78067e+08	1.81139e+08	1.85226e+08	1.69499e+08	1.71518e+08	2.0277e+08	2.02878e+08	1.62816e+08	1.51859e+08	1.63436e+08	1.53846e+08	1.50006e+08	1.54306e+08	1.71825e+08	1.74315e+08	1.50302e+08	1.72271e+08
ERR612614	2.90265e+08	2.66455e+08	2.87334e+08	2.81934e+08	2.66795e+08	3.03564e+08	2.11627e+08	2.3008e+08	2.31958e+08	2.22774e+08	1.92584e+08	2.34808e+08	2.95166e+08	2.52263e+08	2.8304e+08	2.9645e+08	2.80766e+08	2.96523e+08	2.50598e+08	2.97419e+08	2.44368e+08	2.95831e+08	2.94922e+08	2.46251e+08	2.21341e+08	1.71598e+08	2.71609e+08	2.5546e+08	2.28268e+08	2.18829e+08	2.90036e+08	3.9325e+08	3.57805e+08	2.93334e+08	2.93874e+08	3.34666e+08	2.27738e+08	2.25402e+08	2.3648e+08	2.34976e+08	3.13337e+08	3.19993e+08	1.45284e+08	1.74795e+08	1.85516e+08	1.58472e+08	1.74117e+08	1.83887e+08	2.00432e+08	1.87027e+08	2.17404e+08	1.31956e+08	1.24441e+08	1.31542e+08	1.36213e+08	1.95741e+08	1.94736e+08	1.40667e+08	1.44745e+08	1.83427e+08	1.92395e+08	1.46503e+08	1.87279e+08	1.39986e+08	1.86659e+08	1.61674e+08	1.73024e+08	1.6742e+08	1.71027e+08	1.42087e+08	1.7041e+08	1.98733e+08	1.35532e+08	1.37316e+08	1.66034e+08	2.10241e+08	2.2472e+08	2.07478e+08	1.64756e+08	1.63197e+08	1.66017e+08	1.69828e+08	1.55535e+08	1.57296e+08	1.85539e+08	1.85661e+08	1.48859e+08	1.3922e+08	1.49682e+08	1.41313e+08	1.3796e+08	1.41856e+08	1.57777e+08	1.60033e+08	1.38086e+08	1.58157e+08
ERR612613	3.90898e+08	3.59372e+08	3.87758e+08	3.79223e+08	3.59789e+08	4.09319e+08	2.8256e+08	3.08119e+08	3.10094e+08	2.97863e+08	2.56594e+08	3.14327e+08	3.94581e+08	3.3589e+08	3.78516e+08	3.96396e+08	3.74768e+08	3.96326e+08	3.34388e+08	3.97598e+08	3.26053e+08	3.95717e+08	3.94235e+08	3.28725e+08	2.96395e+08	2.29484e+08	3.65713e+08	3.43547e+08	3.05798e+08	2.92892e+08	3.87185e+08	3.57805e+08	6.52581e+08	3.9161e+08	3.92145e+08	4.48244e+08	3.04453e+08	2.99725e+08	3.1615e+08	3.14042e+08	4.21092e+08	4.30091e+08	1.96118e+08	2.37008e+08	2.51482e+08	2.14626e+08	2.35352e+08	2.48438e+08	2.75744e+08	2.569e+08	2.99401e+08	1.81198e+08	1.70942e+08	1.80665e+08	1.86792e+08	2.69391e+08	2.67824e+08	1.93184e+08	1.98709e+08	2.51595e+08	2.65701e+08	2.02226e+08	2.58605e+08	1.93638e+08	2.57963e+08	2.23524e+08	2.33692e+08	2.26198e+08	2.30903e+08	1.90866e+08	2.30185e+08	2.68921e+08	1.88025e+08	1.90623e+08	2.31228e+08	2.8963e+08	3.09646e+08	2.85774e+08	2.26942e+08	2.24921e+08	2.28827e+08	2.34028e+08	2.14071e+08	2.16576e+08	2.55862e+08	2.55951e+08	2.05088e+08	1.91343e+08	2.06118e+08	1.93652e+08	1.87908e+08	1.9334e+08	2.15428e+08	2.18547e+08	1.88196e+08	2.16018e+08
