	ERR636646	ERR636648	ERR636643	ERR636645	ERR636647	ERR636644	ERR613390	ERR613393	ERR613394	ERR613392	ERR613391	ERR613389	ERR608919	ERR608924	ERR608921	ERR608923	ERR608920	ERR608922	ERR612254	ERR612251	ERR612252	ERR612253	ERR612255	ERR612256	ERR612604	ERR612602	ERR612601	ERR612603	ERR612606	ERR612605	ERR626866	ERR626861	ERR626865	ERR626864	ERR626862	ERR626863	ERR631830	ERR631828	ERR631827	ERR631825	ERR631826	ERR631829	ERR636919	ERR636923	ERR636924	ERR636920	ERR636922	ERR636921	ERR626937	ERR626934	ERR626938	ERR626936	ERR626935	ERR626933	ERR616153	ERR616148	ERR616152	ERR616150	ERR616151	ERR616149	ERR630460	ERR630458	ERR630462	ERR630461	ERR630463	ERR630459	ERR618542	ERR618537	ERR618538	ERR618539	ERR618540	ERR618541	ERR618714	ERR618711	ERR618713	ERR618712	ERR618715	ERR618716	ERR626696	ERR626693	ERR626697	ERR626692	ERR626695	ERR626694	ERR626749	ERR626748	ERR626752	ERR626751	ERR626747	ERR626750	ERR613341	ERR613345	ERR613346	ERR613343	ERR613342	ERR613344
ERR636646	7.564e+09	7.81999e+09	7.82259e+09	6.8769e+09	7.35839e+09	7.47652e+09	7.12582e+09	7.23177e+09	6.26219e+09	7.21109e+09	7.62219e+09	7.79019e+09	5.95714e+09	6.34454e+09	7.68895e+09	6.41903e+09	7.37228e+09	6.49381e+09	7.10825e+09	7.32051e+09	7.11294e+09	7.12776e+09	6.1871e+09	6.91692e+09	6.74368e+09	6.28669e+09	7.52151e+09	7.18536e+09	6.73382e+09	6.74038e+09	7.39669e+09	7.38858e+09	5.76722e+09	5.83436e+09	6.88887e+09	6.91596e+09	7.21023e+09	7.12186e+09	7.52483e+09	7.27113e+09	7.06192e+09	7.20573e+09	7.1525e+09	7.71761e+09	7.69087e+09	7.65089e+09	7.71447e+09	7.58641e+09	7.59052e+09	6.722e+09	7.66345e+09	6.55235e+09	7.5798e+09	7.56106e+09	6.97091e+09	5.87357e+09	6.86809e+09	5.65412e+09	6.83755e+09	6.24157e+09	7.41947e+09	7.53778e+09	7.55932e+09	7.64397e+09	7.65067e+09	7.14545e+09	6.06226e+09	6.61291e+09	6.33711e+09	6.43888e+09	6.37244e+09	6.05939e+09	5.47292e+09	5.55841e+09	5.28705e+09	5.28586e+09	5.51343e+09	5.5833e+09	5.98796e+09	6.23038e+09	5.93547e+09	5.72652e+09	5.95567e+09	5.95271e+09	6.37538e+09	6.36571e+09	6.18e+09	6.2549e+09	6.56772e+09	6.2247e+09	7.35402e+09	6.56182e+09	5.54242e+09	6.95628e+09	6.55343e+09	6.4551e+09
ERR636648	7.81999e+09	8.59404e+09	8.35823e+09	7.28656e+09	7.82018e+09	7.96042e+09	7.60811e+09	7.72755e+09	6.65734e+09	7.70444e+09	8.16403e+09	8.35167e+09	6.31293e+09	6.73137e+09	8.2214e+09	6.81236e+09	7.86483e+09	6.89321e+09	7.57813e+09	7.81618e+09	7.58548e+09	7.60171e+09	6.56586e+09	7.36675e+09	7.16551e+09	6.66393e+09	8.03276e+09	7.65707e+09	7.15406e+09	7.16145e+09	7.90432e+09	7.89521e+09	6.1158e+09	6.18749e+09	7.34114e+09	7.37106e+09	7.67647e+09	7.57605e+09	8.03168e+09	7.74409e+09	7.50483e+09	7.67165e+09	7.60187e+09	8.24329e+09	8.21314e+09	8.16389e+09	8.23973e+09	8.09301e+09	8.11036e+09	7.14489e+09	8.19184e+09	6.96064e+09	8.09648e+09	8.07579e+09	7.44387e+09	6.24546e+09	7.3304e+09	6.0082e+09	7.29714e+09	6.6469e+09	7.91235e+09	8.04582e+09	8.06859e+09	8.16493e+09	8.17354e+09	7.60784e+09	6.51889e+09	7.12566e+09	6.81956e+09	6.93316e+09	6.85939e+09	6.51535e+09	5.87283e+09	5.96741e+09	5.67094e+09	5.66929e+09	5.91705e+09	5.99399e+09	6.34563e+09	6.60871e+09	6.28794e+09	6.06318e+09	6.31074e+09	6.30723e+09	6.85675e+09	6.84465e+09	6.64081e+09	6.72353e+09	7.0683e+09	6.69029e+09	7.85816e+09	6.98122e+09	5.8742e+09	7.41684e+09	6.97246e+09	6.86389e+09
ERR636643	7.82259e+09	8.35823e+09	8.59989e+09	7.28864e+09	7.82206e+09	7.96429e+09	7.60785e+09	7.72751e+09	6.65538e+09	7.70418e+09	8.16342e+09	8.35202e+09	6.3118e+09	6.73147e+09	8.22212e+09	6.81276e+09	7.86465e+09	6.8939e+09	7.57847e+09	7.81624e+09	7.58495e+09	7.6015e+09	6.56592e+09	7.36699e+09	7.16468e+09	6.66362e+09	8.03289e+09	7.65609e+09	7.15357e+09	7.16099e+09	7.90538e+09	7.89642e+09	6.1172e+09	6.18902e+09	7.34205e+09	7.37221e+09	7.68007e+09	7.57907e+09	8.03689e+09	7.74839e+09	7.50874e+09	7.6752e+09	7.60348e+09	8.24469e+09	8.21492e+09	8.1668e+09	8.24122e+09	8.09412e+09	8.11043e+09	7.14493e+09	8.19245e+09	6.96076e+09	8.09802e+09	8.07756e+09	7.44899e+09	6.25007e+09	7.33528e+09	6.01366e+09	7.30226e+09	6.65208e+09	7.91314e+09	8.04609e+09	8.06919e+09	8.16472e+09	8.17371e+09	7.60805e+09	6.5234e+09	7.1302e+09	6.82377e+09	6.93772e+09	6.86418e+09	6.52053e+09	5.87578e+09	5.97044e+09	5.67427e+09	5.67188e+09	5.92043e+09	5.99751e+09	6.34834e+09	6.61156e+09	6.29098e+09	6.0654e+09	6.31362e+09	6.30965e+09	6.86066e+09	6.84823e+09	6.6447e+09	6.72682e+09	7.07208e+09	6.6939e+09	7.86184e+09	6.98341e+09	5.87468e+09	7.41866e+09	6.97497e+09	6.86626e+09
ERR636645	6.8769e+09	7.28656e+09	7.28864e+09	6.66101e+09	6.87734e+09	6.99226e+09	6.66089e+09	6.73525e+09	5.88087e+09	6.71466e+09	7.10421e+09	7.24593e+09	5.63234e+09	5.96107e+09	7.16788e+09	6.02931e+09	6.8955e+09	6.09803e+09	6.63609e+09	6.82243e+09	6.64765e+09	6.65567e+09	5.80224e+09	6.46327e+09	6.3188e+09	5.91005e+09	7.01012e+09	6.72544e+09	6.30939e+09	6.31884e+09	6.87814e+09	6.87063e+09	5.39045e+09	5.45107e+09	6.42679e+09	6.44629e+09	6.76082e+09	6.68331e+09	7.02698e+09	6.81082e+09	6.62403e+09	6.75688e+09	6.69048e+09	7.19443e+09	7.17246e+09	7.12622e+09	7.19149e+09	7.07975e+09	7.0823e+09	6.30751e+09	7.14599e+09	6.1467e+09	7.06587e+09	7.04745e+09	6.46022e+09	5.46002e+09	6.36949e+09	5.24777e+09	6.33868e+09	5.79016e+09	6.93626e+09	7.04299e+09	7.05718e+09	7.13016e+09	7.13962e+09	6.7016e+09	5.59425e+09	6.10646e+09	5.8633e+09	5.95037e+09	5.87716e+09	5.59068e+09	5.0775e+09	5.15838e+09	4.91226e+09	4.91541e+09	5.11482e+09	5.17386e+09	5.64089e+09	5.8615e+09	5.59153e+09	5.40329e+09	5.61015e+09	5.61315e+09	5.90638e+09	5.9033e+09	5.72269e+09	5.79377e+09	6.0808e+09	5.76679e+09	6.88337e+09	6.15885e+09	5.2383e+09	6.53262e+09	6.16742e+09	6.06049e+09
ERR636647	7.35839e+09	7.82018e+09	7.82206e+09	6.87734e+09	7.56376e+09	7.47628e+09	7.12759e+09	7.23276e+09	6.26374e+09	7.21196e+09	7.62389e+09	7.79186e+09	5.95785e+09	6.34525e+09	7.68922e+09	6.41956e+09	7.37296e+09	6.4944e+09	7.10935e+09	7.32142e+09	7.11439e+09	7.12914e+09	6.18829e+09	6.91804e+09	6.74398e+09	6.28678e+09	7.52179e+09	7.18605e+09	6.73381e+09	6.74063e+09	7.39655e+09	7.38776e+09	5.76703e+09	5.83396e+09	6.88859e+09	6.91519e+09	7.21185e+09	7.12335e+09	7.52604e+09	7.27248e+09	7.06293e+09	7.20725e+09	7.15214e+09	7.71808e+09	7.6915e+09	7.65073e+09	7.71435e+09	7.5862e+09	7.59077e+09	6.72238e+09	7.66401e+09	6.5525e+09	7.58e+09	7.561e+09	6.97045e+09	5.8735e+09	6.8678e+09	5.65396e+09	6.83666e+09	6.24129e+09	7.42053e+09	7.53898e+09	7.56008e+09	7.64428e+09	7.65148e+09	7.14657e+09	6.06325e+09	6.61418e+09	6.33819e+09	6.44001e+09	6.37349e+09	6.06004e+09	5.47392e+09	5.55979e+09	5.28848e+09	5.28685e+09	5.51459e+09	5.58433e+09	5.9889e+09	6.23155e+09	5.93652e+09	5.72756e+09	5.95674e+09	5.9534e+09	6.37617e+09	6.36628e+09	6.18108e+09	6.25571e+09	6.56845e+09	6.22569e+09	7.3553e+09	6.56282e+09	5.54417e+09	6.95807e+09	6.55501e+09	6.45633e+09
ERR636644	7.47652e+09	7.96042e+09	7.96429e+09	6.99226e+09	7.47628e+09	7.82044e+09	7.2493e+09	7.35254e+09	6.36326e+09	7.33079e+09	7.76012e+09	7.93144e+09	6.05947e+09	6.44696e+09	7.82914e+09	6.52319e+09	7.50454e+09	6.5996e+09	7.22582e+09	7.44408e+09	7.23332e+09	7.24722e+09	6.28218e+09	7.02949e+09	6.85192e+09	6.38517e+09	7.65092e+09	7.30905e+09	6.84127e+09	6.84943e+09	7.51873e+09	7.51003e+09	5.84716e+09	5.9153e+09	6.99853e+09	7.02498e+09	7.34109e+09	7.24929e+09	7.66227e+09	7.40198e+09	7.18401e+09	7.33635e+09	7.26742e+09	7.85448e+09	7.82752e+09	7.78116e+09	7.85114e+09	7.71809e+09	7.72581e+09	6.83377e+09	7.801e+09	6.65903e+09	7.71296e+09	7.69352e+09	7.07502e+09	5.95319e+09	6.97009e+09	5.727e+09	6.93797e+09	6.32755e+09	7.55129e+09	7.67402e+09	7.69345e+09	7.77984e+09	7.78896e+09	7.27207e+09	6.16602e+09	6.7344e+09	6.45237e+09	6.55635e+09	6.48334e+09	6.16249e+09	5.56905e+09	5.65822e+09	5.38085e+09	5.38023e+09	5.61084e+09	5.68116e+09	6.08495e+09	6.33259e+09	6.03066e+09	5.81836e+09	6.05145e+09	6.04982e+09	6.49248e+09	6.48332e+09	6.28971e+09	6.36759e+09	6.68954e+09	6.33638e+09	7.49322e+09	6.67472e+09	5.63581e+09	7.08537e+09	6.67194e+09	6.56484e+09
ERR613390	7.12582e+09	7.60811e+09	7.60785e+09	6.66089e+09	7.12759e+09	7.2493e+09	7.65448e+09	7.53443e+09	6.51187e+09	7.51356e+09	7.94243e+09	8.11183e+09	5.92237e+09	6.32028e+09	7.66763e+09	6.39443e+09	7.34443e+09	6.46948e+09	7.18673e+09	7.40793e+09	7.1988e+09	7.20942e+09	6.25201e+09	6.9918e+09	6.81722e+09	6.35255e+09	7.61086e+09	7.26971e+09	6.80614e+09	6.81214e+09	7.43285e+09	7.42892e+09	5.79495e+09	5.86152e+09	6.92517e+09	6.94744e+09	7.10827e+09	7.01653e+09	7.4378e+09	7.17255e+09	6.94838e+09	7.10377e+09	7.07075e+09	7.64497e+09	7.61884e+09	7.57664e+09	7.64213e+09	7.51395e+09	7.55968e+09	6.68393e+09	7.6323e+09	6.51924e+09	7.54409e+09	7.5276e+09	7.00523e+09	5.91704e+09	6.90476e+09	5.69574e+09	6.87386e+09	6.28295e+09	7.37794e+09	7.49847e+09	7.51635e+09	7.60595e+09	7.61761e+09	7.10051e+09	6.22531e+09	6.78743e+09	6.50969e+09	6.60808e+09	6.54068e+09	6.22179e+09	5.64321e+09	5.73685e+09	5.45461e+09	5.4571e+09	5.68417e+09	5.75448e+09	5.9656e+09	6.2047e+09	5.91393e+09	5.70937e+09	5.93535e+09	5.92794e+09	6.5382e+09	6.53108e+09	6.33955e+09	6.41653e+09	6.73613e+09	6.38674e+09	7.42645e+09	6.63324e+09	5.60211e+09	7.02524e+09	6.61572e+09	6.52878e+09
ERR613393	7.23177e+09	7.72755e+09	7.72751e+09	6.73525e+09	7.23276e+09	7.35254e+09	7.53443e+09	7.92389e+09	6.61015e+09	7.66333e+09	8.08044e+09	8.26048e+09	5.9779e+09	6.40748e+09	7.78936e+09	6.48294e+09	7.45001e+09	6.55949e+09	7.3055e+09	7.53767e+09	7.31235e+09	7.32782e+09	6.34791e+09	7.10614e+09	6.91983e+09	6.43708e+09	7.73995e+09	7.37658e+09	6.90817e+09	6.91226e+09	7.57795e+09	7.57401e+09	5.90616e+09	5.97535e+09	7.05211e+09	7.07865e+09	7.20192e+09	7.10655e+09	7.55149e+09	7.2716e+09	7.04249e+09	7.19753e+09	7.1774e+09	7.76541e+09	7.73683e+09	7.7038e+09	7.76248e+09	7.63161e+09	7.6801e+09	6.77725e+09	7.75519e+09	6.61333e+09	7.66816e+09	7.65354e+09	7.1615e+09	6.04611e+09	7.05627e+09	5.82722e+09	7.02642e+09	6.42609e+09	7.48735e+09	7.61093e+09	7.6335e+09	7.72874e+09	7.73648e+09	7.1939e+09	6.37421e+09	6.9409e+09	6.65057e+09	6.75541e+09	6.69671e+09	6.37112e+09	5.76285e+09	5.85703e+09	5.56542e+09	5.565e+09	5.80457e+09	5.88046e+09	6.043e+09	6.28811e+09	5.99076e+09	5.77968e+09	6.0128e+09	6.00082e+09	6.67646e+09	6.66474e+09	6.47817e+09	6.55496e+09	6.88089e+09	6.52481e+09	7.53111e+09	6.72792e+09	5.66022e+09	7.11354e+09	6.69184e+09	6.62235e+09
ERR613394	6.26219e+09	6.65734e+09	6.65538e+09	5.88087e+09	6.26374e+09	6.36326e+09	6.51187e+09	6.61015e+09	5.9761e+09	6.59399e+09	6.94162e+09	7.07616e+09	5.26026e+09	5.59163e+09	6.6997e+09	5.65309e+09	6.43826e+09	5.71751e+09	6.31524e+09	6.49316e+09	6.3239e+09	6.33527e+09	5.54334e+09	6.156e+09	6.01658e+09	5.62919e+09	6.66656e+09	6.39049e+09	6.00713e+09	6.01262e+09	6.51515e+09	6.51e+09	5.15088e+09	5.20774e+09	6.09745e+09	6.11759e+09	6.2349e+09	6.15793e+09	6.50422e+09	6.28678e+09	6.10137e+09	6.23049e+09	6.21752e+09	6.68717e+09	6.66558e+09	6.6288e+09	6.6846e+09	6.5804e+09	6.61699e+09	5.89926e+09	6.67661e+09	5.76148e+09	6.60217e+09	6.58869e+09	6.14945e+09	5.23884e+09	6.06621e+09	5.04895e+09	6.04074e+09	5.54457e+09	6.47211e+09	6.57133e+09	6.58745e+09	6.66072e+09	6.66962e+09	6.24823e+09	5.47276e+09	5.94378e+09	5.71466e+09	5.79626e+09	5.73795e+09	5.46977e+09	4.98807e+09	5.06625e+09	4.82757e+09	4.82955e+09	5.02233e+09	5.08184e+09	5.28589e+09	5.48562e+09	5.24165e+09	5.0706e+09	5.25972e+09	5.25538e+09	5.74286e+09	5.73744e+09	5.57646e+09	5.63979e+09	5.90685e+09	5.61563e+09	6.50144e+09	5.849e+09	4.99037e+09	6.17422e+09	5.83369e+09	5.76274e+09
ERR613392	7.21109e+09	7.70444e+09	7.70418e+09	6.71466e+09	7.21196e+09	7.33079e+09	7.51356e+09	7.66333e+09	6.59399e+09	7.88434e+09	8.05812e+09	8.23774e+09	5.96019e+09	6.38941e+09	7.76602e+09	6.46483e+09	7.427e+09	6.54137e+09	7.28646e+09	7.51849e+09	7.29286e+09	7.30866e+09	6.33264e+09	7.08807e+09	6.9013e+09	6.42019e+09	7.71815e+09	7.35556e+09	6.88918e+09	6.8931e+09	7.55871e+09	7.55466e+09	5.89481e+09	5.96307e+09	7.03404e+09	7.06109e+09	7.17918e+09	7.08399e+09	7.52806e+09	7.24893e+09	7.02014e+09	7.17425e+09	7.15791e+09	7.74286e+09	7.71433e+09	7.68252e+09	7.73964e+09	7.60905e+09	7.65764e+09	6.75784e+09	7.73251e+09	6.59595e+09	7.64662e+09	7.63123e+09	7.14625e+09	6.03442e+09	7.04068e+09	5.81644e+09	7.01138e+09	6.41351e+09	7.46515e+09	7.58816e+09	7.61157e+09	7.70634e+09	7.71414e+09	7.1726e+09	6.36128e+09	6.92387e+09	6.63549e+09	6.73991e+09	6.68225e+09	6.35816e+09	5.75039e+09	5.84317e+09	5.55251e+09	5.55232e+09	5.79159e+09	5.86797e+09	6.02581e+09	6.2705e+09	5.974e+09	5.76315e+09	5.99552e+09	5.98323e+09	6.66075e+09	6.64847e+09	6.46407e+09	6.53957e+09	6.86383e+09	6.50994e+09	7.508e+09	6.70961e+09	5.64444e+09	7.09239e+09	6.67211e+09	6.60442e+09
ERR613391	7.62219e+09	8.16403e+09	8.16342e+09	7.10421e+09	7.62389e+09	7.76012e+09	7.94243e+09	8.08044e+09	6.94162e+09	8.05812e+09	8.80945e+09	8.73123e+09	6.30972e+09	6.74229e+09	8.23971e+09	6.8237e+09	7.87712e+09	6.90681e+09	7.69917e+09	7.94797e+09	7.71206e+09	7.72481e+09	6.66436e+09	7.48172e+09	7.27907e+09	6.76468e+09	8.16699e+09	7.78381e+09	7.26691e+09	7.27338e+09	7.97705e+09	7.97257e+09	6.17082e+09	6.24219e+09	7.40937e+09	7.43655e+09	7.61495e+09	7.51184e+09	7.98473e+09	7.68676e+09	7.43623e+09	7.60945e+09	7.56485e+09	8.20819e+09	8.17844e+09	8.13196e+09	8.2051e+09	8.06149e+09	8.11362e+09	7.13967e+09	8.19494e+09	6.95739e+09	8.09547e+09	8.07817e+09	7.51759e+09	6.31692e+09	7.40598e+09	6.07599e+09	7.37185e+09	6.72042e+09	7.90572e+09	8.04114e+09	8.06128e+09	8.16277e+09	8.17466e+09	7.59667e+09	6.6892e+09	7.30832e+09	6.99928e+09	7.10969e+09	7.03639e+09	6.68522e+09	6.04574e+09	6.14745e+09	5.83972e+09	5.84144e+09	6.09008e+09	6.16926e+09	6.35382e+09	6.61536e+09	6.29734e+09	6.07398e+09	6.32073e+09	6.31288e+09	7.02706e+09	7.01631e+09	6.80747e+09	6.89211e+09	7.24415e+09	6.85934e+09	7.97023e+09	7.08855e+09	5.95788e+09	7.52241e+09	7.06593e+09	6.97299e+09
ERR613389	7.79019e+09	8.35167e+09	8.35202e+09	7.24593e+09	7.79186e+09	7.93144e+09	8.11183e+09	8.26048e+09	7.07616e+09	8.23774e+09	8.73123e+09	9.21532e+09	6.42735e+09	6.87934e+09	8.43041e+09	6.96278e+09	8.0503e+09	7.04804e+09	7.86728e+09	8.12648e+09	7.87743e+09	7.89305e+09	6.79886e+09	7.64286e+09	7.43019e+09	6.8986e+09	8.3535e+09	7.94871e+09	7.418e+09	7.42372e+09	8.16108e+09	8.15566e+09	6.29924e+09	6.37298e+09	7.57051e+09	7.60069e+09	7.78378e+09	7.67681e+09	8.17144e+09	7.85894e+09	7.60106e+09	7.7775e+09	7.72839e+09	8.39688e+09	8.36523e+09	8.32085e+09	8.39307e+09	8.24258e+09	8.29603e+09	7.28618e+09	8.38094e+09	7.10041e+09	8.28146e+09	8.26238e+09	7.69929e+09	6.46179e+09	7.58236e+09	6.2182e+09	7.54877e+09	6.87943e+09	8.08126e+09	8.22091e+09	8.24364e+09	8.34925e+09	8.36046e+09	7.75707e+09	6.85716e+09	7.4925e+09	7.17029e+09	7.28729e+09	7.21538e+09	6.85355e+09	6.18659e+09	6.29077e+09	5.97327e+09	5.97301e+09	6.23294e+09	6.31531e+09	6.48297e+09	6.75298e+09	6.42609e+09	6.19446e+09	6.44957e+09	6.43913e+09	7.1984e+09	7.18463e+09	6.97399e+09	7.05937e+09	7.42279e+09	7.02614e+09	8.14889e+09	7.23702e+09	6.06886e+09	7.68084e+09	7.21064e+09	7.11813e+09
ERR608919	5.95714e+09	6.31293e+09	6.3118e+09	5.63234e+09	5.95785e+09	6.05947e+09	5.92237e+09	5.9779e+09	5.26026e+09	5.96019e+09	6.30972e+09	6.42735e+09	5.51726e+09	5.62035e+09	6.73517e+09	5.68251e+09	6.47498e+09	5.74735e+09	5.98662e+09	6.14471e+09	5.99672e+09	6.00605e+09	5.25484e+09	5.83363e+09	5.62502e+09	5.27616e+09	6.22681e+09	5.98575e+09	5.61842e+09	5.6275e+09	6.11329e+09	6.10121e+09	4.82573e+09	4.87752e+09	5.72467e+09	5.74104e+09	5.84678e+09	5.7776e+09	6.0751e+09	5.88707e+09	5.71905e+09	5.84193e+09	5.96969e+09	6.41485e+09	6.39733e+09	6.3451e+09	6.41235e+09	6.31268e+09	6.32524e+09	5.6618e+09	6.38131e+09	5.51883e+09	6.30593e+09	6.29044e+09	5.59146e+09	4.73963e+09	5.51739e+09	4.55232e+09	5.48897e+09	5.01699e+09	6.14642e+09	6.2403e+09	6.2512e+09	6.31368e+09	6.32357e+09	5.95268e+09	4.91118e+09	5.3632e+09	5.15628e+09	5.23071e+09	5.15835e+09	4.90791e+09	4.48479e+09	4.55606e+09	4.34296e+09	4.34687e+09	4.51671e+09	4.5684e+09	4.91123e+09	5.09555e+09	4.86772e+09	4.71417e+09	4.88475e+09	4.89032e+09	5.20943e+09	5.20661e+09	5.04713e+09	5.107e+09	5.35649e+09	5.08471e+09	5.9826e+09	5.35585e+09	4.58922e+09	5.68634e+09	5.37347e+09	5.27318e+09
ERR608924	6.34454e+09	6.73137e+09	6.73147e+09	5.96107e+09	6.34525e+09	6.44696e+09	6.32028e+09	6.40748e+09	5.59163e+09	6.38941e+09	6.74229e+09	6.87934e+09	5.62035e+09	6.20553e+09	7.22314e+09	6.06649e+09	6.9217e+09	6.13607e+09	6.3869e+09	6.56681e+09	6.39202e+09	6.40519e+09	5.59043e+09	6.22129e+09	5.98972e+09	5.60122e+09	6.64938e+09	6.36985e+09	5.98245e+09	5.9878e+09	6.55364e+09	6.54396e+09	5.16634e+09	5.22383e+09	6.12735e+09	6.14788e+09	6.20428e+09	6.12856e+09	6.46784e+09	6.25409e+09	6.07217e+09	6.19963e+09	6.35845e+09	6.83896e+09	6.81796e+09	6.77691e+09	6.83636e+09	6.72825e+09	6.7457e+09	6.01303e+09	6.80838e+09	5.86743e+09	6.73253e+09	6.71735e+09	6.0161e+09	5.09474e+09	5.93231e+09	4.90408e+09	5.90513e+09	5.40228e+09	6.5422e+09	6.64258e+09	6.65953e+09	6.73008e+09	6.73745e+09	6.31656e+09	5.28968e+09	5.76655e+09	5.53504e+09	5.61946e+09	5.55616e+09	5.28595e+09	4.80565e+09	4.88127e+09	4.64607e+09	4.64709e+09	4.84034e+09	4.89981e+09	5.2071e+09	5.40893e+09	5.16126e+09	4.98847e+09	5.17989e+09	5.17746e+09	5.58492e+09	5.57861e+09	5.41577e+09	5.47892e+09	5.7485e+09	5.45469e+09	6.35971e+09	5.69242e+09	4.83526e+09	6.02839e+09	5.68825e+09	5.60374e+09
ERR608921	7.68895e+09	8.2214e+09	8.22212e+09	7.16788e+09	7.68922e+09	7.82914e+09	7.66763e+09	7.78936e+09	6.6997e+09	7.76602e+09	8.23971e+09	8.43041e+09	6.73517e+09	7.22314e+09	9.17455e+09	7.31286e+09	8.47228e+09	7.40418e+09	7.75671e+09	8.00326e+09	7.7646e+09	7.78125e+09	6.70544e+09	7.5363e+09	7.22533e+09	6.71689e+09	8.11373e+09	7.73098e+09	7.21468e+09	7.22191e+09	7.98501e+09	7.97295e+09	6.1593e+09	6.2316e+09	7.40823e+09	7.43774e+09	7.52884e+09	7.42647e+09	7.88743e+09	7.59582e+09	7.35194e+09	7.52254e+09	7.69915e+09	8.36031e+09	8.33123e+09	8.27699e+09	8.3563e+09	8.2061e+09	8.23353e+09	7.24445e+09	8.3191e+09	7.05291e+09	8.21898e+09	8.19866e+09	7.29204e+09	6.0957e+09	7.18019e+09	5.85704e+09	7.14573e+09	6.49459e+09	7.95863e+09	8.09557e+09	8.11672e+09	8.2149e+09	8.22455e+09	7.65037e+09	6.41411e+09	7.03182e+09	6.72463e+09	6.83779e+09	6.75883e+09	6.40922e+09	5.78369e+09	5.88085e+09	5.58245e+09	5.58095e+09	5.82782e+09	5.90555e+09	6.21623e+09	6.47789e+09	6.15811e+09	5.93667e+09	6.18175e+09	6.17727e+09	6.78105e+09	6.7696e+09	6.56233e+09	6.64409e+09	6.99531e+09	6.61224e+09	7.74455e+09	6.85914e+09	5.75725e+09	7.30071e+09	6.85382e+09	6.74288e+09
ERR608923	6.41903e+09	6.81236e+09	6.81276e+09	6.02931e+09	6.41956e+09	6.52319e+09	6.39443e+09	6.48294e+09	5.65309e+09	6.46483e+09	6.8237e+09	6.96278e+09	5.68251e+09	6.06649e+09	7.31286e+09	6.34712e+09	7.00619e+09	6.20675e+09	6.462e+09	6.6458e+09	6.46749e+09	6.48021e+09	5.65274e+09	6.2937e+09	6.05881e+09	5.66447e+09	6.72912e+09	6.44463e+09	6.05109e+09	6.05662e+09	6.63113e+09	6.6217e+09	5.22092e+09	5.27915e+09	6.19748e+09	6.21846e+09	6.27742e+09	6.20046e+09	6.54574e+09	6.32856e+09	6.14349e+09	6.27317e+09	6.43205e+09	6.92104e+09	6.90028e+09	6.85855e+09	6.91841e+09	6.80856e+09	6.82744e+09	6.08216e+09	6.89053e+09	5.93416e+09	6.81424e+09	6.79894e+09	6.08542e+09	5.1494e+09	6.00038e+09	4.95569e+09	5.97203e+09	5.46077e+09	6.61961e+09	6.72119e+09	6.73784e+09	6.81048e+09	6.81797e+09	6.38995e+09	5.34733e+09	5.83175e+09	5.59624e+09	5.68193e+09	5.61774e+09	5.34353e+09	4.85521e+09	4.93208e+09	4.6937e+09	4.69521e+09	4.8909e+09	4.95034e+09	5.26371e+09	5.46891e+09	5.21676e+09	5.04145e+09	5.23594e+09	5.23387e+09	5.64641e+09	5.63995e+09	5.4747e+09	5.53981e+09	5.8134e+09	5.51452e+09	6.43497e+09	5.75736e+09	4.88708e+09	6.09909e+09	5.75302e+09	5.66689e+09
ERR608920	7.37228e+09	7.86483e+09	7.86465e+09	6.8955e+09	7.37296e+09	7.50454e+09	7.34443e+09	7.45001e+09	6.43826e+09	7.427e+09	7.87712e+09	8.0503e+09	6.47498e+09	6.9217e+09	8.47228e+09	7.00619e+09	8.34891e+09	7.09255e+09	7.4278e+09	7.65434e+09	7.43589e+09	7.45159e+09	6.44028e+09	7.221e+09	6.93265e+09	6.45658e+09	7.75878e+09	7.40874e+09	6.92263e+09	6.93092e+09	7.63327e+09	7.62137e+09	5.91327e+09	5.98226e+09	7.09684e+09	7.1229e+09	7.22245e+09	7.12769e+09	7.55176e+09	7.28347e+09	7.05641e+09	7.21678e+09	7.38332e+09	7.99567e+09	7.96977e+09	7.91498e+09	7.99229e+09	7.8543e+09	7.87853e+09	6.95681e+09	7.95725e+09	6.77509e+09	7.86202e+09	7.84224e+09	6.97226e+09	5.84323e+09	6.86841e+09	5.61263e+09	6.83522e+09	6.21779e+09	7.62453e+09	7.75233e+09	7.77009e+09	7.8602e+09	7.87044e+09	7.34164e+09	6.11941e+09	6.70462e+09	6.41902e+09	6.52359e+09	6.44441e+09	6.11484e+09	5.53174e+09	5.624e+09	5.34317e+09	5.34329e+09	5.57429e+09	5.64588e+09	5.98316e+09	6.2297e+09	5.92788e+09	5.71874e+09	5.94974e+09	5.94829e+09	6.47503e+09	6.46618e+09	6.26698e+09	6.34502e+09	6.67547e+09	6.3148e+09	7.4189e+09	6.58599e+09	5.54881e+09	7.00651e+09	6.58666e+09	6.47619e+09
ERR608922	6.49381e+09	6.89321e+09	6.8939e+09	6.09803e+09	6.4944e+09	6.5996e+09	6.46948e+09	6.55949e+09	5.71751e+09	6.54137e+09	6.90681e+09	7.04804e+09	5.74735e+09	6.13607e+09	7.40418e+09	6.20675e+09	7.09255e+09	6.49347e+09	6.5392e+09	6.72539e+09	6.54466e+09	6.55821e+09	5.71703e+09	6.3682e+09	6.12813e+09	5.72797e+09	6.80953e+09	6.52098e+09	6.11994e+09	6.12677e+09	6.7107e+09	6.70126e+09	5.27694e+09	5.33661e+09	6.27039e+09	6.29132e+09	6.35136e+09	6.27309e+09	6.62343e+09	6.40272e+09	6.21528e+09	6.34665e+09	6.50805e+09	7.00448e+09	6.98354e+09	6.94107e+09	7.00183e+09	6.8907e+09	6.90939e+09	6.15207e+09	6.97333e+09	6.0018e+09	6.89572e+09	6.88004e+09	6.15679e+09	5.2057e+09	6.07023e+09	5.00883e+09	6.04189e+09	5.5223e+09	6.69891e+09	6.80265e+09	6.81926e+09	6.8931e+09	6.90084e+09	6.46568e+09	5.40683e+09	5.89918e+09	5.65998e+09	5.74682e+09	5.68158e+09	5.40302e+09	4.90867e+09	4.98675e+09	4.74491e+09	4.74597e+09	4.94445e+09	5.00531e+09	5.32228e+09	5.53089e+09	5.27504e+09	5.09674e+09	5.29341e+09	5.29129e+09	5.71064e+09	5.70402e+09	5.53669e+09	5.60255e+09	5.88028e+09	5.57718e+09	6.51202e+09	5.82373e+09	4.94143e+09	6.17113e+09	5.8193e+09	5.73199e+09
ERR612254	7.10825e+09	7.57813e+09	7.57847e+09	6.63609e+09	7.10935e+09	7.22582e+09	7.18673e+09	7.3055e+09	6.31524e+09	7.28646e+09	7.69917e+09	7.86728e+09	5.98662e+09	6.3869e+09	7.75671e+09	6.462e+09	7.4278e+09	6.5392e+09	7.61733e+09	7.59472e+09	7.37485e+09	7.39383e+09	6.40981e+09	7.17426e+09	6.81813e+09	6.35224e+09	7.6094e+09	7.2653e+09	6.80868e+09	6.81258e+09	7.4085e+09	7.39831e+09	5.7737e+09	5.8409e+09	6.89557e+09	6.92179e+09	6.91619e+09	6.82461e+09	7.24136e+09	6.97752e+09	6.76045e+09	6.91073e+09	7.1438e+09	7.72614e+09	7.69967e+09	7.65681e+09	7.72368e+09	7.58905e+09	7.59161e+09	6.7119e+09	7.66642e+09	6.5479e+09	7.57887e+09	7.56084e+09	6.80016e+09	5.71745e+09	6.6982e+09	5.50105e+09	6.66936e+09	6.07962e+09	7.33498e+09	7.45404e+09	7.47847e+09	7.56638e+09	7.57417e+09	7.05922e+09	5.97229e+09	6.52433e+09	6.24717e+09	6.35005e+09	6.28399e+09	5.96957e+09	5.38872e+09	5.47574e+09	5.20302e+09	5.20088e+09	5.42815e+09	5.49899e+09	5.76711e+09	6.00204e+09	5.71662e+09	5.51391e+09	5.73707e+09	5.72945e+09	6.28821e+09	6.27832e+09	6.09456e+09	6.16855e+09	6.48195e+09	6.14005e+09	7.22081e+09	6.44188e+09	5.42774e+09	6.82583e+09	6.42402e+09	6.33731e+09
ERR612251	7.32051e+09	7.81618e+09	7.81624e+09	6.82243e+09	7.32142e+09	7.44408e+09	7.40793e+09	7.53767e+09	6.49316e+09	7.51849e+09	7.94797e+09	8.12648e+09	6.14471e+09	6.56681e+09	8.00326e+09	6.6458e+09	7.65434e+09	6.72539e+09	7.59472e+09	8.09245e+09	7.60058e+09	7.61924e+09	6.58546e+09	7.38557e+09	7.01604e+09	6.52831e+09	7.84955e+09	7.48397e+09	7.00621e+09	7.01032e+09	7.64599e+09	7.6381e+09	5.94056e+09	6.01057e+09	7.108e+09	7.1363e+09	7.1258e+09	7.03054e+09	7.46977e+09	7.19193e+09	6.96408e+09	7.12077e+09	7.3564e+09	7.96687e+09	7.93888e+09	7.89796e+09	7.96477e+09	7.82389e+09	7.83046e+09	6.90644e+09	7.9087e+09	6.73637e+09	7.81887e+09	7.80134e+09	7.02017e+09	5.89277e+09	6.91293e+09	5.66994e+09	6.88331e+09	6.27101e+09	7.56025e+09	7.68448e+09	7.70795e+09	7.80144e+09	7.809e+09	7.26663e+09	6.17024e+09	6.7452e+09	6.45374e+09	6.5617e+09	6.49493e+09	6.16684e+09	5.55774e+09	5.64942e+09	5.36429e+09	5.36218e+09	5.59849e+09	5.67244e+09	5.93112e+09	6.17638e+09	5.87815e+09	5.66766e+09	5.90008e+09	5.89099e+09	6.49472e+09	6.48337e+09	6.2928e+09	6.36973e+09	6.69837e+09	6.33899e+09	7.4466e+09	6.63153e+09	5.57112e+09	7.03034e+09	6.60937e+09	6.52186e+09
ERR612252	7.11294e+09	7.58548e+09	7.58495e+09	6.64765e+09	7.11439e+09	7.23332e+09	7.1988e+09	7.31235e+09	6.3239e+09	7.29286e+09	7.71206e+09	7.87743e+09	5.99672e+09	6.39202e+09	7.7646e+09	6.46749e+09	7.43589e+09	6.54466e+09	7.37485e+09	7.60058e+09	7.62719e+09	7.39946e+09	6.41005e+09	7.1749e+09	6.82459e+09	6.3603e+09	7.61609e+09	7.27535e+09	6.81557e+09	6.82085e+09	7.41194e+09	7.40306e+09	5.77309e+09	5.8402e+09	6.90066e+09	6.92557e+09	6.93044e+09	6.83924e+09	7.25355e+09	6.9917e+09	6.77373e+09	6.92531e+09	7.14842e+09	7.73187e+09	7.70537e+09	7.66063e+09	7.72955e+09	7.59542e+09	7.60007e+09	6.72098e+09	7.67498e+09	6.55444e+09	7.58643e+09	7.56823e+09	6.7993e+09	5.71559e+09	6.69834e+09	5.49637e+09	6.66814e+09	6.07703e+09	7.34415e+09	7.46382e+09	7.48467e+09	7.57226e+09	7.58159e+09	7.06969e+09	5.97286e+09	6.52876e+09	6.25345e+09	6.35397e+09	6.28502e+09	5.96975e+09	5.39182e+09	5.48044e+09	5.20754e+09	5.20706e+09	5.43095e+09	5.50073e+09	5.78032e+09	6.01548e+09	5.72843e+09	5.52738e+09	5.74927e+09	5.74378e+09	6.29475e+09	6.28652e+09	6.09834e+09	6.17379e+09	6.48961e+09	6.14443e+09	7.23964e+09	6.45659e+09	5.44154e+09	6.84514e+09	6.44222e+09	6.35011e+09
ERR612253	7.12776e+09	7.60171e+09	7.6015e+09	6.65567e+09	7.12914e+09	7.24722e+09	7.20942e+09	7.32782e+09	6.33527e+09	7.30866e+09	7.72481e+09	7.89305e+09	6.00605e+09	6.40519e+09	7.78125e+09	6.48021e+09	7.45159e+09	6.55821e+09	7.39383e+09	7.61924e+09	7.39946e+09	7.66375e+09	6.42588e+09	7.1933e+09	6.83749e+09	6.37053e+09	7.63314e+09	7.28832e+09	6.82835e+09	6.83291e+09	7.43184e+09	7.42126e+09	5.78857e+09	5.85587e+09	6.91598e+09	6.9435e+09	6.93794e+09	6.84573e+09	7.26433e+09	6.99976e+09	6.78093e+09	6.93252e+09	7.16331e+09	7.74863e+09	7.72208e+09	7.67808e+09	7.74628e+09	7.61157e+09	7.61581e+09	6.73264e+09	7.69157e+09	6.56713e+09	7.60257e+09	7.58506e+09	6.82065e+09	5.73309e+09	6.71846e+09	5.51535e+09	6.68935e+09	6.09657e+09	7.35768e+09	7.47768e+09	7.50084e+09	7.58949e+09	7.5974e+09	7.08078e+09	5.99355e+09	6.54835e+09	6.2709e+09	6.37446e+09	6.30558e+09	5.98986e+09	5.40805e+09	5.49577e+09	5.22268e+09	5.2203e+09	5.44735e+09	5.51856e+09	5.7846e+09	6.02051e+09	5.73314e+09	5.53089e+09	5.7539e+09	5.74765e+09	6.31253e+09	6.30202e+09	6.11671e+09	6.19055e+09	6.50645e+09	6.16121e+09	7.24532e+09	6.46162e+09	5.44551e+09	6.84898e+09	6.44434e+09	6.35623e+09
ERR612255	6.1871e+09	6.56586e+09	6.56592e+09	5.80224e+09	6.18829e+09	6.28218e+09	6.25201e+09	6.34791e+09	5.54334e+09	6.33264e+09	6.66436e+09	6.79886e+09	5.25484e+09	5.59043e+09	6.70544e+09	5.65274e+09	6.44028e+09	5.71703e+09	6.40981e+09	6.58546e+09	6.41005e+09	6.42588e+09	5.83186e+09	6.2503e+09	5.95774e+09	5.57828e+09	6.59335e+09	6.31683e+09	5.95047e+09	5.95376e+09	6.42621e+09	6.41788e+09	5.08243e+09	5.13994e+09	6.00934e+09	6.03074e+09	6.01713e+09	5.94239e+09	6.28189e+09	6.06745e+09	5.88989e+09	6.01289e+09	6.21884e+09	6.68681e+09	6.66529e+09	6.63129e+09	6.68475e+09	6.57716e+09	6.57571e+09	5.86058e+09	6.63669e+09	5.72607e+09	6.56536e+09	6.55074e+09	5.92123e+09	5.02643e+09	5.83869e+09	4.84407e+09	5.81458e+09	5.32628e+09	6.36882e+09	6.46555e+09	6.48517e+09	6.55619e+09	6.56259e+09	6.14494e+09	5.20963e+09	5.6672e+09	5.44092e+09	5.52438e+09	5.46875e+09	5.20758e+09	4.72288e+09	4.79571e+09	4.56513e+09	4.56392e+09	4.75595e+09	4.81447e+09	5.06997e+09	5.26552e+09	5.02687e+09	4.858e+09	5.04466e+09	5.03899e+09	5.47794e+09	5.4712e+09	5.3173e+09	5.37869e+09	5.63867e+09	5.3546e+09	6.26795e+09	5.63729e+09	4.79419e+09	5.94757e+09	5.6202e+09	5.5517e+09
ERR612256	6.91692e+09	7.36675e+09	7.36699e+09	6.46327e+09	6.91804e+09	7.02949e+09	6.9918e+09	7.10614e+09	6.156e+09	7.08807e+09	7.48172e+09	7.64286e+09	5.83363e+09	6.22129e+09	7.5363e+09	6.2937e+09	7.221e+09	6.3682e+09	7.17426e+09	7.38557e+09	7.1749e+09	7.1933e+09	6.2503e+09	7.21904e+09	6.64013e+09	6.19294e+09	7.3973e+09	7.06755e+09	6.63179e+09	6.63514e+09	7.20327e+09	7.19383e+09	5.63089e+09	5.69641e+09	6.71105e+09	6.73702e+09	6.72934e+09	6.642e+09	7.04188e+09	6.78878e+09	6.58028e+09	6.72412e+09	6.95154e+09	7.50828e+09	7.48284e+09	7.44209e+09	7.50581e+09	7.37749e+09	7.37909e+09	6.5347e+09	7.45061e+09	6.37727e+09	7.36679e+09	7.34954e+09	6.61864e+09	5.57521e+09	6.52071e+09	5.36669e+09	6.49311e+09	5.92459e+09	7.13279e+09	7.24677e+09	7.27022e+09	7.35443e+09	7.36161e+09	6.86779e+09	5.81273e+09	6.34435e+09	6.07765e+09	6.1767e+09	6.11293e+09	5.80955e+09	5.24889e+09	5.33289e+09	5.06882e+09	5.06673e+09	5.28639e+09	5.35495e+09	5.62321e+09	5.84988e+09	5.57373e+09	5.37848e+09	5.59403e+09	5.58675e+09	6.11835e+09	6.10884e+09	5.93183e+09	6.00288e+09	6.30463e+09	5.97467e+09	7.02151e+09	6.27602e+09	5.29662e+09	6.64311e+09	6.2572e+09	6.1743e+09
ERR612604	6.74368e+09	7.16551e+09	7.16468e+09	6.3188e+09	6.74398e+09	6.85192e+09	6.81722e+09	6.91983e+09	6.01658e+09	6.9013e+09	7.27907e+09	7.43019e+09	5.62502e+09	5.98972e+09	7.22533e+09	6.05881e+09	6.93265e+09	6.12813e+09	6.81813e+09	7.01604e+09	6.82459e+09	6.83749e+09	5.95774e+09	6.64013e+09	6.80071e+09	6.15288e+09	7.31226e+09	7.00047e+09	6.58002e+09	6.58636e+09	6.94785e+09	6.9429e+09	5.44922e+09	5.5125e+09	6.48352e+09	6.50727e+09	6.66141e+09	6.58105e+09	6.95087e+09	6.71739e+09	6.52375e+09	6.65739e+09	6.71033e+09	7.22762e+09	7.20349e+09	7.16611e+09	7.22424e+09	7.10954e+09	7.1283e+09	6.32928e+09	7.19387e+09	6.17475e+09	7.11691e+09	7.09997e+09	6.49127e+09	5.49587e+09	6.39888e+09	5.29433e+09	6.37167e+09	5.82972e+09	6.94213e+09	7.05042e+09	7.06812e+09	7.14815e+09	7.15563e+09	6.68971e+09	5.69323e+09	6.19843e+09	5.94849e+09	6.04012e+09	5.97834e+09	5.69103e+09	5.16677e+09	5.24927e+09	4.99541e+09	4.99508e+09	5.20318e+09	5.26768e+09	5.5786e+09	5.79888e+09	5.53139e+09	5.34304e+09	5.55039e+09	5.54542e+09	5.98888e+09	5.98263e+09	5.80967e+09	5.87924e+09	6.16745e+09	5.8515e+09	6.94863e+09	6.2354e+09	5.28913e+09	6.59018e+09	6.22173e+09	6.13864e+09
ERR612602	6.28669e+09	6.66393e+09	6.66362e+09	5.91005e+09	6.28678e+09	6.38517e+09	6.35255e+09	6.43708e+09	5.62919e+09	6.42019e+09	6.76468e+09	6.8986e+09	5.27616e+09	5.60122e+09	6.71689e+09	5.66447e+09	6.45658e+09	5.72797e+09	6.35224e+09	6.52831e+09	6.3603e+09	6.37053e+09	5.57828e+09	6.19294e+09	6.15288e+09	5.95663e+09	6.79935e+09	6.52464e+09	6.1443e+09	6.15085e+09	6.45713e+09	6.45252e+09	5.09673e+09	5.15439e+09	6.04005e+09	6.05998e+09	6.2108e+09	6.13869e+09	6.4684e+09	6.25998e+09	6.08569e+09	6.20742e+09	6.25753e+09	6.72161e+09	6.70017e+09	6.66471e+09	6.71836e+09	6.61538e+09	6.63033e+09	5.91207e+09	6.68901e+09	5.77053e+09	6.61943e+09	6.60336e+09	6.0306e+09	5.12653e+09	5.94752e+09	4.93965e+09	5.92202e+09	5.42881e+09	6.46569e+09	6.56346e+09	6.57719e+09	6.64853e+09	6.65667e+09	6.24074e+09	5.28856e+09	5.75232e+09	5.52707e+09	5.60845e+09	5.54964e+09	5.28685e+09	4.81413e+09	4.89002e+09	4.65752e+09	4.65893e+09	4.84738e+09	4.90511e+09	5.22432e+09	5.42497e+09	5.18108e+09	5.00921e+09	5.19812e+09	5.19464e+09	5.56597e+09	5.56263e+09	5.40138e+09	5.46593e+09	5.7286e+09	5.44086e+09	6.47273e+09	5.82863e+09	4.97224e+09	6.15163e+09	5.82183e+09	5.74168e+09
ERR612601	7.52151e+09	8.03276e+09	8.03289e+09	7.01012e+09	7.52179e+09	7.65092e+09	7.61086e+09	7.73995e+09	6.66656e+09	7.71815e+09	8.16699e+09	8.3535e+09	6.22681e+09	6.64938e+09	8.11373e+09	6.72912e+09	7.75878e+09	6.80953e+09	7.6094e+09	7.84955e+09	7.61609e+09	7.63314e+09	6.59335e+09	7.3973e+09	7.31226e+09	6.79935e+09	8.45416e+09	7.81337e+09	7.30057e+09	7.30762e+09	7.78707e+09	7.7805e+09	6.03583e+09	6.10755e+09	7.23332e+09	7.26465e+09	7.43738e+09	7.34034e+09	7.78937e+09	7.50497e+09	7.27273e+09	7.43203e+09	7.48101e+09	8.10478e+09	8.07555e+09	8.03274e+09	8.10078e+09	7.96007e+09	7.98765e+09	7.03983e+09	8.0681e+09	6.86143e+09	7.97691e+09	7.95784e+09	7.26876e+09	6.11066e+09	7.15873e+09	5.88314e+09	7.12836e+09	6.50012e+09	7.76423e+09	7.89461e+09	7.91608e+09	8.01223e+09	8.02074e+09	7.46129e+09	6.3972e+09	6.98414e+09	6.68688e+09	6.79831e+09	6.72953e+09	6.39432e+09	5.77944e+09	5.8736e+09	5.58179e+09	5.57946e+09	5.82117e+09	5.89795e+09	6.176e+09	6.43072e+09	6.12198e+09	5.90522e+09	6.14375e+09	6.13586e+09	6.72948e+09	6.71831e+09	6.52167e+09	6.60098e+09	6.93632e+09	6.56858e+09	7.77442e+09	6.92026e+09	5.82301e+09	7.33976e+09	6.90236e+09	6.80634e+09
ERR612603	7.18536e+09	7.65707e+09	7.65609e+09	6.72544e+09	7.18605e+09	7.30905e+09	7.26971e+09	7.37658e+09	6.39049e+09	7.35556e+09	7.78381e+09	7.94871e+09	5.98575e+09	6.36985e+09	7.73098e+09	6.44463e+09	7.40874e+09	6.52098e+09	7.2653e+09	7.48397e+09	7.27535e+09	7.28832e+09	6.31683e+09	7.06755e+09	7.00047e+09	6.52464e+09	7.81337e+09	7.70173e+09	6.98966e+09	6.99778e+09	7.41536e+09	7.40892e+09	5.77125e+09	5.83853e+09	6.90419e+09	6.93001e+09	7.1096e+09	7.02097e+09	7.42696e+09	7.17015e+09	6.95442e+09	7.10528e+09	7.14962e+09	7.72635e+09	7.6998e+09	7.65343e+09	7.72313e+09	7.59397e+09	7.61905e+09	6.7405e+09	7.69162e+09	6.5691e+09	7.60384e+09	7.5857e+09	6.90874e+09	5.82172e+09	6.80835e+09	5.60099e+09	6.77775e+09	6.18463e+09	7.41417e+09	7.53556e+09	7.55307e+09	7.64093e+09	7.65062e+09	7.13963e+09	6.06699e+09	6.62291e+09	6.35021e+09	6.45003e+09	6.379e+09	6.06436e+09	5.50006e+09	5.59009e+09	5.31667e+09	5.31717e+09	5.53984e+09	5.60942e+09	5.92415e+09	6.16268e+09	5.87234e+09	5.66933e+09	5.89247e+09	5.88926e+09	6.39436e+09	6.38778e+09	6.19621e+09	6.27247e+09	6.58807e+09	6.24248e+09	7.42705e+09	6.62946e+09	5.60534e+09	7.0304e+09	6.62181e+09	6.52271e+09
ERR612606	6.73382e+09	7.15406e+09	7.15357e+09	6.30939e+09	6.73381e+09	6.84127e+09	6.80614e+09	6.90817e+09	6.00713e+09	6.88918e+09	7.26691e+09	7.418e+09	5.61842e+09	5.98245e+09	7.21468e+09	6.05109e+09	6.92263e+09	6.11994e+09	6.80868e+09	7.00621e+09	6.81557e+09	6.82835e+09	5.95047e+09	6.63179e+09	6.58002e+09	6.1443e+09	7.30057e+09	6.98966e+09	6.78125e+09	6.57667e+09	6.93665e+09	6.93161e+09	5.44128e+09	5.50449e+09	6.47283e+09	6.49696e+09	6.65009e+09	6.56984e+09	6.93874e+09	6.70593e+09	6.51255e+09	6.64644e+09	6.70085e+09	7.21668e+09	7.19272e+09	7.15592e+09	7.21332e+09	7.09859e+09	7.11658e+09	6.3196e+09	7.18229e+09	6.16594e+09	7.10586e+09	7.08858e+09	6.48036e+09	5.4866e+09	6.38757e+09	5.28624e+09	6.36031e+09	5.82034e+09	6.9309e+09	7.03911e+09	7.05691e+09	7.13611e+09	7.14355e+09	6.6793e+09	5.68307e+09	6.18728e+09	5.93732e+09	6.02922e+09	5.9679e+09	5.68077e+09	5.15826e+09	5.23954e+09	4.9867e+09	4.98651e+09	5.19379e+09	5.25868e+09	5.57006e+09	5.78939e+09	5.52289e+09	5.33445e+09	5.54091e+09	5.5365e+09	5.9778e+09	5.97198e+09	5.79862e+09	5.86823e+09	6.15604e+09	5.84083e+09	6.93631e+09	6.22468e+09	5.28024e+09	6.57854e+09	6.21095e+09	6.12817e+09
ERR612605	6.74038e+09	7.16145e+09	7.16099e+09	6.31884e+09	6.74063e+09	6.84943e+09	6.81214e+09	6.91226e+09	6.01262e+09	6.8931e+09	7.27338e+09	7.42372e+09	5.6275e+09	5.9878e+09	7.22191e+09	6.05662e+09	6.93092e+09	6.12677e+09	6.81258e+09	7.01032e+09	6.82085e+09	6.83291e+09	5.95376e+09	6.63514e+09	6.58636e+09	6.15085e+09	7.30762e+09	6.99778e+09	6.57667e+09	6.78971e+09	6.94017e+09	6.93459e+09	5.44197e+09	5.505e+09	6.47661e+09	6.50006e+09	6.66047e+09	6.57974e+09	6.94768e+09	6.71564e+09	6.5221e+09	6.65588e+09	6.70745e+09	7.22463e+09	7.19996e+09	7.16218e+09	7.22069e+09	7.10571e+09	7.12387e+09	6.32768e+09	7.18938e+09	6.17192e+09	7.11194e+09	7.0954e+09	6.47928e+09	5.48502e+09	6.38724e+09	5.2829e+09	6.35959e+09	5.81806e+09	6.93915e+09	7.0477e+09	7.06494e+09	7.14388e+09	7.15183e+09	6.68816e+09	5.68064e+09	6.18592e+09	5.93722e+09	6.0286e+09	5.96569e+09	5.67852e+09	5.15754e+09	5.23972e+09	4.98693e+09	4.98706e+09	5.1936e+09	5.25795e+09	5.57598e+09	5.79589e+09	5.52872e+09	5.34084e+09	5.54729e+09	5.54298e+09	5.97831e+09	5.97329e+09	5.79905e+09	5.86856e+09	6.15658e+09	5.84132e+09	6.94597e+09	6.23171e+09	5.28797e+09	6.58886e+09	6.22008e+09	6.13539e+09
ERR626866	7.39669e+09	7.90432e+09	7.90538e+09	6.87814e+09	7.39655e+09	7.51873e+09	7.43285e+09	7.57795e+09	6.51515e+09	7.55871e+09	7.97705e+09	8.16108e+09	6.11329e+09	6.55364e+09	7.98501e+09	6.63113e+09	7.63327e+09	6.7107e+09	7.4085e+09	7.64599e+09	7.41194e+09	7.43184e+09	6.42621e+09	7.20327e+09	6.94785e+09	6.45713e+09	7.78707e+09	7.41536e+09	6.93665e+09	6.94017e+09	8.14363e+09	7.8925e+09	6.13393e+09	6.20514e+09	7.34086e+09	7.37206e+09	7.27143e+09	7.17343e+09	7.63052e+09	7.34275e+09	7.10819e+09	7.26631e+09	7.34656e+09	7.95486e+09	7.92585e+09	7.89265e+09	7.95279e+09	7.81468e+09	7.89537e+09	6.95811e+09	7.97388e+09	6.78973e+09	7.8847e+09	7.86851e+09	7.24656e+09	6.10083e+09	7.13771e+09	5.87581e+09	7.10949e+09	6.49106e+09	7.72073e+09	7.85031e+09	7.87777e+09	7.97668e+09	7.98316e+09	7.41673e+09	6.40544e+09	6.98466e+09	6.68682e+09	6.79679e+09	6.7354e+09	6.4029e+09	5.78675e+09	5.87935e+09	5.58512e+09	5.58284e+09	5.8291e+09	5.90627e+09	6.09485e+09	6.34536e+09	6.04061e+09	5.82555e+09	6.06282e+09	6.05254e+09	6.73073e+09	6.71701e+09	6.52805e+09	6.60394e+09	6.93825e+09	6.57345e+09	7.51773e+09	6.70115e+09	5.6285e+09	7.09447e+09	6.66713e+09	6.59222e+09
ERR626861	7.38858e+09	7.89521e+09	7.89642e+09	6.87063e+09	7.38776e+09	7.51003e+09	7.42892e+09	7.57401e+09	6.51e+09	7.55466e+09	7.97257e+09	8.15566e+09	6.10121e+09	6.54396e+09	7.97295e+09	6.6217e+09	7.62137e+09	6.70126e+09	7.39831e+09	7.6381e+09	7.40306e+09	7.42126e+09	6.41788e+09	7.19383e+09	6.9429e+09	6.45252e+09	7.7805e+09	7.40892e+09	6.93161e+09	6.93459e+09	7.8925e+09	8.13046e+09	6.12958e+09	6.19972e+09	7.33651e+09	7.36638e+09	7.26777e+09	7.17057e+09	7.62617e+09	7.33967e+09	7.10554e+09	7.26357e+09	7.33656e+09	7.94326e+09	7.91426e+09	7.88261e+09	7.94153e+09	7.80467e+09	7.88773e+09	6.95034e+09	7.96581e+09	6.7827e+09	7.87751e+09	7.86151e+09	7.2439e+09	6.10008e+09	7.13537e+09	5.87604e+09	7.1073e+09	6.49058e+09	7.71185e+09	7.84064e+09	7.86668e+09	7.96559e+09	7.97273e+09	7.4069e+09	6.40293e+09	6.98194e+09	6.68481e+09	6.79337e+09	6.73248e+09	6.39997e+09	5.78388e+09	5.8777e+09	5.58226e+09	5.58103e+09	5.82688e+09	5.90269e+09	6.09521e+09	6.34518e+09	6.04058e+09	5.82532e+09	6.06316e+09	6.0529e+09	6.72669e+09	6.71454e+09	6.52467e+09	6.60143e+09	6.93662e+09	6.57079e+09	7.51522e+09	6.70053e+09	5.62627e+09	7.09326e+09	6.66596e+09	6.59124e+09
ERR626865	5.76722e+09	6.1158e+09	6.1172e+09	5.39045e+09	5.76703e+09	5.84716e+09	5.79495e+09	5.90616e+09	5.15088e+09	5.89481e+09	6.17082e+09	6.29924e+09	4.82573e+09	5.16634e+09	6.1593e+09	5.22092e+09	5.91327e+09	5.27694e+09	5.7737e+09	5.94056e+09	5.77309e+09	5.78857e+09	5.08243e+09	5.63089e+09	5.44922e+09	5.09673e+09	6.03583e+09	5.77125e+09	5.44128e+09	5.44197e+09	6.13393e+09	6.12958e+09	5.08203e+09	4.96557e+09	5.7507e+09	5.77267e+09	5.65174e+09	5.58177e+09	5.90887e+09	5.70448e+09	5.53909e+09	5.64769e+09	5.7323e+09	6.14926e+09	6.12861e+09	6.11147e+09	6.14762e+09	6.0542e+09	6.11059e+09	5.45835e+09	6.16521e+09	5.34561e+09	6.10509e+09	6.09532e+09	5.678e+09	4.87219e+09	5.60163e+09	4.71358e+09	5.58323e+09	5.15143e+09	5.99082e+09	6.07912e+09	6.10002e+09	6.1687e+09	6.17173e+09	5.776e+09	5.06479e+09	5.47307e+09	5.2613e+09	5.33963e+09	5.30198e+09	5.06417e+09	4.60846e+09	4.67528e+09	4.4547e+09	4.45296e+09	4.64087e+09	4.69688e+09	4.82876e+09	5.00862e+09	4.78987e+09	4.63204e+09	4.80631e+09	4.79506e+09	5.29204e+09	5.28212e+09	5.15121e+09	5.20432e+09	5.44078e+09	5.18289e+09	5.82547e+09	5.25822e+09	4.47117e+09	5.52547e+09	5.22103e+09	5.18191e+09
