	ERR629704	ERR629705	ERR629708	ERR629706	ERR629707	ERR629709	ERR636983	ERR636982	ERR636980	ERR636979	ERR636984	ERR636981	ERR630047	ERR630042	ERR630044	ERR630046	ERR630045	ERR630043	ERR613638	ERR613635	ERR613637	ERR613639	ERR613640	ERR613636	ERR629880	ERR629881	ERR629885	ERR629882	ERR629884	ERR629883	ERR626870	ERR626867	ERR626868	ERR626872	ERR626869	ERR626871	ERR608871	ERR608872	ERR608875	ERR608873	ERR608876	ERR608874	ERR630691	ERR630689	ERR630693	ERR630690	ERR630692	ERR630688	ERR616786	ERR616781	ERR616782	ERR616783	ERR616785	ERR616784	ERR617439	ERR617441	ERR617440	ERR617444	ERR617443	ERR617442	ERR618232	ERR618235	ERR618236	ERR618233	ERR618231	ERR618234	ERR609283	ERR609287	ERR609286	ERR609284	ERR609288	ERR609285	ERR609168	ERR609166	ERR609165	ERR609164	ERR609163	ERR609167	ERR626598	ERR626601	ERR626600	ERR626599	ERR626596	ERR626597	ERR612533	ERR612531	ERR612532	ERR612534	ERR612530	ERR612529	ERR616444	ERR616447	ERR616449	ERR616445	ERR616448	ERR616446
ERR629704	4.74308e+08	2.83034e+08	3.51937e+08	2.82239e+08	3.53054e+08	3.60163e+08	3.35959e+08	2.73957e+08	2.5638e+08	3.12116e+08	3.27408e+08	3.1427e+08	2.3378e+08	2.34345e+08	2.21337e+08	2.19953e+08	1.8818e+08	2.01908e+08	2.57291e+08	2.98676e+08	2.77045e+08	2.54895e+08	2.04236e+08	2.90803e+08	2.69609e+08	2.32823e+08	2.28016e+08	2.65075e+08	2.246e+08	2.24774e+08	2.30627e+08	3.21506e+08	2.89457e+08	3.19185e+08	2.92908e+08	2.27424e+08	1.73549e+08	2.36721e+08	1.91737e+08	2.56483e+08	1.8747e+08	1.94949e+08	1.82469e+08	1.89979e+08	1.8474e+08	2.16423e+08	1.8755e+08	2.03329e+08	2.05244e+08	2.14502e+08	2.23059e+08	2.34824e+08	2.03439e+08	2.0605e+08	1.91147e+08	1.99861e+08	1.97464e+08	2.11064e+08	2.31285e+08	2.27825e+08	1.77992e+08	1.81157e+08	1.84265e+08	1.87692e+08	1.81987e+08	1.89836e+08	2.39439e+08	2.42251e+08	1.86909e+08	2.36321e+08	2.3818e+08	2.21773e+08	1.87911e+08	1.44802e+08	1.70567e+08	1.8084e+08	1.82093e+08	1.89254e+08	1.68392e+08	1.93533e+08	1.95184e+08	1.9108e+08	2.32839e+08	2.04784e+08	1.88484e+08	2.17446e+08	1.88877e+08	1.8688e+08	1.71398e+08	2.37599e+08	1.71423e+08	2.18042e+08	2.20113e+08	1.06471e+08	2.20567e+08	1.74605e+08
ERR629705	2.83034e+08	3.5358e+08	2.95933e+08	2.38487e+08	2.96896e+08	3.02844e+08	2.80457e+08	2.28954e+08	2.14579e+08	2.60573e+08	2.73529e+08	2.62254e+08	1.96561e+08	1.96582e+08	1.85689e+08	1.85228e+08	1.58632e+08	1.6964e+08	2.16515e+08	2.51031e+08	2.33537e+08	2.14657e+08	1.72618e+08	2.4477e+08	2.26223e+08	1.95898e+08	1.92047e+08	2.2221e+08	1.89245e+08	1.89244e+08	1.94137e+08	2.69822e+08	2.43476e+08	2.67993e+08	2.46253e+08	1.91596e+08	1.46045e+08	1.98114e+08	1.60652e+08	2.14281e+08	1.56959e+08	1.6326e+08	1.53375e+08	1.59243e+08	1.55106e+08	1.81242e+08	1.57588e+08	1.7034e+08	1.72353e+08	1.79846e+08	1.86873e+08	1.96611e+08	1.70845e+08	1.72988e+08	1.59236e+08	1.66229e+08	1.64267e+08	1.75602e+08	1.92109e+08	1.89152e+08	1.48274e+08	1.5091e+08	1.53501e+08	1.56195e+08	1.51645e+08	1.58007e+08	1.99729e+08	2.02196e+08	1.56006e+08	1.97196e+08	1.98788e+08	1.85365e+08	1.56381e+08	1.20506e+08	1.4212e+08	1.50436e+08	1.51529e+08	1.57448e+08	1.40214e+08	1.60802e+08	1.62109e+08	1.587e+08	1.9325e+08	1.69958e+08	1.56587e+08	1.8063e+08	1.56926e+08	1.55249e+08	1.42422e+08	1.97038e+08	1.42777e+08	1.81571e+08	1.83498e+08	8.90054e+07	1.83678e+08	1.45298e+08
ERR629708	3.51937e+08	2.95933e+08	5.16276e+08	2.94899e+08	3.71793e+08	3.781e+08	3.53411e+08	2.88053e+08	2.69692e+08	3.2822e+08	3.44392e+08	3.30449e+08	2.45892e+08	2.46406e+08	2.32693e+08	2.31575e+08	1.97919e+08	2.12457e+08	2.69763e+08	3.13378e+08	2.90715e+08	2.67162e+08	2.14204e+08	3.05176e+08	2.82909e+08	2.44403e+08	2.39269e+08	2.7811e+08	2.35736e+08	2.35782e+08	2.41665e+08	3.37363e+08	3.03594e+08	3.34729e+08	3.07295e+08	2.38275e+08	1.8273e+08	2.49093e+08	2.01547e+08	2.69732e+08	1.9724e+08	2.04985e+08	1.91912e+08	1.99502e+08	1.94152e+08	2.2735e+08	1.972e+08	2.13611e+08	2.16146e+08	2.25832e+08	2.34842e+08	2.47343e+08	2.14174e+08	2.1701e+08	2.01365e+08	2.106e+08	2.08008e+08	2.22326e+08	2.43681e+08	2.40014e+08	1.88036e+08	1.91393e+08	1.94605e+08	1.98153e+08	1.92109e+08	2.00447e+08	2.5198e+08	2.55041e+08	1.9664e+08	2.48811e+08	2.50661e+08	2.33544e+08	1.98705e+08	1.52841e+08	1.80408e+08	1.91038e+08	1.92472e+08	2.00052e+08	1.77917e+08	2.04422e+08	2.06118e+08	2.01642e+08	2.45892e+08	2.16247e+08	1.98824e+08	2.29521e+08	1.99318e+08	1.9716e+08	1.80827e+08	2.50521e+08	1.81105e+08	2.30527e+08	2.32774e+08	1.12405e+08	2.33256e+08	1.84498e+08
ERR629706	2.82239e+08	2.38487e+08	2.94899e+08	3.51763e+08	2.96028e+08	3.0189e+08	2.79372e+08	2.28112e+08	2.13763e+08	2.59623e+08	2.72385e+08	2.61478e+08	1.95271e+08	1.95479e+08	1.84955e+08	1.83919e+08	1.5761e+08	1.68789e+08	2.16042e+08	2.50326e+08	2.3263e+08	2.14041e+08	1.72041e+08	2.4386e+08	2.25388e+08	1.95147e+08	1.91313e+08	2.21557e+08	1.88379e+08	1.8849e+08	1.93511e+08	2.68899e+08	2.42401e+08	2.6696e+08	2.45365e+08	1.9086e+08	1.45293e+08	1.97203e+08	1.59942e+08	2.13413e+08	1.56205e+08	1.62571e+08	1.5269e+08	1.58713e+08	1.54413e+08	1.80584e+08	1.56847e+08	1.69681e+08	1.71048e+08	1.78798e+08	1.85684e+08	1.95422e+08	1.69523e+08	1.71708e+08	1.58716e+08	1.65734e+08	1.63741e+08	1.75035e+08	1.91591e+08	1.88742e+08	1.47478e+08	1.50039e+08	1.52714e+08	1.55288e+08	1.50685e+08	1.57118e+08	1.98868e+08	2.0131e+08	1.55385e+08	1.96246e+08	1.97828e+08	1.84415e+08	1.55505e+08	1.19794e+08	1.41266e+08	1.49609e+08	1.50732e+08	1.56515e+08	1.39468e+08	1.60152e+08	1.61406e+08	1.58048e+08	1.92507e+08	1.69314e+08	1.55748e+08	1.7965e+08	1.56248e+08	1.54468e+08	1.41769e+08	1.96223e+08	1.42067e+08	1.80386e+08	1.82249e+08	8.85838e+07	1.82441e+08	1.44627e+08
ERR629707	3.53054e+08	2.96896e+08	3.71793e+08	2.96028e+08	5.18943e+08	3.79416e+08	3.54513e+08	2.89014e+08	2.70521e+08	3.29305e+08	3.45521e+08	3.31628e+08	2.46679e+08	2.47121e+08	2.33366e+08	2.32175e+08	1.9851e+08	2.1299e+08	2.7063e+08	3.14497e+08	2.91577e+08	2.68184e+08	2.14883e+08	3.0608e+08	2.83977e+08	2.45198e+08	2.40082e+08	2.79035e+08	2.36516e+08	2.36578e+08	2.42477e+08	3.38521e+08	3.04592e+08	3.36027e+08	3.0838e+08	2.39125e+08	1.83275e+08	2.49839e+08	2.02368e+08	2.70754e+08	1.9784e+08	2.05747e+08	1.9241e+08	2.00149e+08	1.94609e+08	2.28227e+08	1.97686e+08	2.14348e+08	2.16749e+08	2.26499e+08	2.3554e+08	2.48085e+08	2.14711e+08	2.1744e+08	2.02282e+08	2.11428e+08	2.0882e+08	2.23203e+08	2.44803e+08	2.41005e+08	1.88521e+08	1.9203e+08	1.95112e+08	1.98856e+08	1.92698e+08	2.00897e+08	2.52843e+08	2.55942e+08	1.97326e+08	2.49681e+08	2.51621e+08	2.342e+08	1.99059e+08	1.53308e+08	1.80775e+08	1.91553e+08	1.93013e+08	2.00452e+08	1.78334e+08	2.05033e+08	2.06647e+08	2.02279e+08	2.46716e+08	2.16858e+08	1.99411e+08	2.30052e+08	1.99702e+08	1.97712e+08	1.8125e+08	2.512e+08	1.81544e+08	2.31088e+08	2.33334e+08	1.12598e+08	2.33773e+08	1.84856e+08
ERR629709	3.60163e+08	3.02844e+08	3.781e+08	3.0189e+08	3.79416e+08	5.37498e+08	3.61878e+08	2.94946e+08	2.76167e+08	3.36154e+08	3.52668e+08	3.38344e+08	2.52037e+08	2.52239e+08	2.38261e+08	2.37209e+08	2.02924e+08	2.17361e+08	2.75827e+08	3.20616e+08	2.97374e+08	2.73181e+08	2.18966e+08	3.12246e+08	2.89614e+08	2.49916e+08	2.44856e+08	2.84641e+08	2.41153e+08	2.41399e+08	2.47039e+08	3.44886e+08	3.1039e+08	3.4254e+08	3.14225e+08	2.43519e+08	1.87204e+08	2.54819e+08	2.06436e+08	2.76248e+08	2.01845e+08	2.09892e+08	1.96325e+08	2.04149e+08	1.98617e+08	2.32775e+08	2.01713e+08	2.18566e+08	2.21309e+08	2.31303e+08	2.40347e+08	2.53264e+08	2.19286e+08	2.22164e+08	2.06057e+08	2.15383e+08	2.12733e+08	2.27585e+08	2.49218e+08	2.45436e+08	1.9252e+08	1.95942e+08	1.99213e+08	2.02816e+08	1.96761e+08	2.05231e+08	2.58047e+08	2.61157e+08	2.01194e+08	2.54725e+08	2.56693e+08	2.39086e+08	2.03417e+08	1.56445e+08	1.84676e+08	1.95761e+08	1.97113e+08	2.04703e+08	1.82121e+08	2.09228e+08	2.11047e+08	2.06461e+08	2.51765e+08	2.21399e+08	2.03496e+08	2.34847e+08	2.03907e+08	2.01798e+08	1.85026e+08	2.56511e+08	1.85352e+08	2.35986e+08	2.38367e+08	1.14895e+08	2.38767e+08	1.88686e+08
ERR636983	3.35959e+08	2.80457e+08	3.53411e+08	2.79372e+08	3.54513e+08	3.61878e+08	6.27969e+08	3.80105e+08	3.5561e+08	4.28973e+08	4.50063e+08	4.31882e+08	3.05577e+08	3.08043e+08	2.92087e+08	2.88425e+08	2.47015e+08	2.66827e+08	2.7767e+08	3.24726e+08	2.99822e+08	2.7524e+08	2.19357e+08	3.15934e+08	2.94262e+08	2.52736e+08	2.46756e+08	2.89295e+08	2.43134e+08	2.43451e+08	2.57121e+08	3.63704e+08	3.25735e+08	3.61016e+08	3.30126e+08	2.53514e+08	2.39766e+08	3.19923e+08	2.63877e+08	3.44522e+08	2.5846e+08	2.67898e+08	2.04272e+08	2.12698e+08	2.06722e+08	2.4366e+08	2.10098e+08	2.28258e+08	2.2972e+08	2.40467e+08	2.50382e+08	2.63902e+08	2.27766e+08	2.30729e+08	2.14689e+08	2.24721e+08	2.21912e+08	2.37768e+08	2.61261e+08	2.57251e+08	2.00064e+08	2.03841e+08	2.07505e+08	2.11378e+08	2.04776e+08	2.13954e+08	2.71044e+08	2.74145e+08	2.1018e+08	2.6713e+08	2.69258e+08	2.50208e+08	2.18059e+08	1.66822e+08	1.97352e+08	2.09568e+08	2.11106e+08	2.194e+08	1.93527e+08	2.23432e+08	2.2519e+08	2.20289e+08	2.69834e+08	2.3656e+08	2.16131e+08	2.50162e+08	2.16704e+08	2.14247e+08	1.96226e+08	2.73647e+08	1.92495e+08	2.47711e+08	2.50145e+08	1.16709e+08	2.50632e+08	1.96195e+08
ERR636982	2.73957e+08	2.28954e+08	2.88053e+08	2.28112e+08	2.89014e+08	2.94946e+08	3.80105e+08	4.49684e+08	2.95056e+08	3.54144e+08	3.71072e+08	3.5648e+08	2.52535e+08	2.54886e+08	2.41907e+08	2.38716e+08	2.04946e+08	2.21276e+08	2.26605e+08	2.64597e+08	2.44579e+08	2.24756e+08	1.79391e+08	2.5761e+08	2.38608e+08	2.05035e+08	2.00109e+08	2.34467e+08	1.97234e+08	1.97444e+08	2.10058e+08	2.96529e+08	2.65557e+08	2.94119e+08	2.69103e+08	2.07057e+08	2.00539e+08	2.65573e+08	2.20264e+08	2.8555e+08	2.15874e+08	2.23456e+08	1.6554e+08	1.72715e+08	1.67646e+08	1.97497e+08	1.70316e+08	1.85057e+08	1.85293e+08	1.93986e+08	2.02089e+08	2.12995e+08	1.83799e+08	1.86244e+08	1.73589e+08	1.81773e+08	1.79419e+08	1.92349e+08	2.11191e+08	2.0812e+08	1.61332e+08	1.64453e+08	1.67249e+08	1.70508e+08	1.65116e+08	1.72526e+08	2.18752e+08	2.2118e+08	1.69766e+08	2.15573e+08	2.17333e+08	2.01917e+08	1.75586e+08	1.3459e+08	1.59047e+08	1.68797e+08	1.70153e+08	1.7681e+08	1.56236e+08	1.80239e+08	1.81723e+08	1.77929e+08	2.17732e+08	1.90828e+08	1.74403e+08	2.01863e+08	1.74766e+08	1.72934e+08	1.58288e+08	2.20777e+08	1.55321e+08	1.99656e+08	2.0158e+08	9.41949e+07	2.02128e+08	1.58183e+08
ERR636980	2.5638e+08	2.14579e+08	2.69692e+08	2.13763e+08	2.70521e+08	2.76167e+08	3.5561e+08	2.95056e+08	4.04019e+08	3.32981e+08	3.47398e+08	3.35358e+08	2.38079e+08	2.40088e+08	2.2791e+08	2.25209e+08	1.93486e+08	2.08662e+08	2.12049e+08	2.47474e+08	2.29051e+08	2.10121e+08	1.67901e+08	2.41157e+08	2.23127e+08	1.91995e+08	1.87536e+08	2.19362e+08	1.84733e+08	1.85073e+08	1.9592e+08	2.76899e+08	2.48282e+08	2.74914e+08	2.51378e+08	1.93341e+08	1.89606e+08	2.49975e+08	2.07704e+08	2.68577e+08	2.03575e+08	2.10688e+08	1.55028e+08	1.6135e+08	1.56865e+08	1.84584e+08	1.59482e+08	1.73086e+08	1.73737e+08	1.81862e+08	1.89117e+08	1.99365e+08	1.72302e+08	1.74502e+08	1.61722e+08	1.69083e+08	1.6686e+08	1.79007e+08	1.96352e+08	1.93352e+08	1.50672e+08	1.53628e+08	1.56326e+08	1.591e+08	1.54263e+08	1.6102e+08	2.04414e+08	2.06631e+08	1.58485e+08	2.01631e+08	2.03114e+08	1.88887e+08	1.63883e+08	1.2548e+08	1.48649e+08	1.57542e+08	1.58709e+08	1.65077e+08	1.45699e+08	1.67791e+08	1.69074e+08	1.6548e+08	2.02686e+08	1.77638e+08	1.62472e+08	1.88232e+08	1.62797e+08	1.61131e+08	1.47558e+08	2.05668e+08	1.44817e+08	1.86601e+08	1.88415e+08	8.7882e+07	1.88698e+08	1.47685e+08
ERR636979	3.12116e+08	2.60573e+08	3.2822e+08	2.59623e+08	3.29305e+08	3.36154e+08	4.28973e+08	3.54144e+08	3.32981e+08	5.57017e+08	4.18642e+08	4.0458e+08	2.83787e+08	2.87206e+08	2.72292e+08	2.67984e+08	2.29651e+08	2.48651e+08	2.58565e+08	3.02173e+08	2.78749e+08	2.56551e+08	2.04309e+08	2.93746e+08	2.73437e+08	2.34648e+08	2.28643e+08	2.68757e+08	2.25327e+08	2.25685e+08	2.39893e+08	3.38921e+08	3.03411e+08	3.36357e+08	3.07528e+08	2.3659e+08	2.24005e+08	2.98645e+08	2.47e+08	3.21896e+08	2.41961e+08	2.50678e+08	1.89788e+08	1.98172e+08	1.92171e+08	2.26847e+08	1.95206e+08	2.1229e+08	2.12454e+08	2.22641e+08	2.32304e+08	2.44816e+08	2.10728e+08	2.13401e+08	1.9946e+08	2.09115e+08	2.06485e+08	2.21085e+08	2.43334e+08	2.39705e+08	1.85815e+08	1.89244e+08	1.92455e+08	1.9627e+08	1.89896e+08	1.98596e+08	2.52056e+08	2.54676e+08	1.95535e+08	2.48299e+08	2.50004e+08	2.32245e+08	2.02186e+08	1.55023e+08	1.82881e+08	1.94488e+08	1.96048e+08	2.03546e+08	1.79655e+08	2.07708e+08	2.09514e+08	2.04896e+08	2.51034e+08	2.19947e+08	2.00908e+08	2.32488e+08	2.01409e+08	1.99311e+08	1.82363e+08	2.54593e+08	1.78653e+08	2.2975e+08	2.31945e+08	1.08509e+08	2.32401e+08	1.82291e+08
ERR636984	3.27408e+08	2.73529e+08	3.44392e+08	2.72385e+08	3.45521e+08	3.52668e+08	4.50063e+08	3.71072e+08	3.47398e+08	4.18642e+08	6.02229e+08	4.21683e+08	2.98006e+08	3.00669e+08	2.85038e+08	2.81333e+08	2.40974e+08	2.6039e+08	2.70987e+08	3.16509e+08	2.92545e+08	2.68463e+08	2.14102e+08	3.07986e+08	2.86799e+08	2.46469e+08	2.40595e+08	2.81995e+08	2.37015e+08	2.37396e+08	2.50868e+08	3.5479e+08	3.17788e+08	3.52217e+08	3.21947e+08	2.47354e+08	2.34493e+08	3.12458e+08	2.57909e+08	3.36705e+08	2.52778e+08	2.61859e+08	1.99058e+08	2.07436e+08	2.01592e+08	2.37565e+08	2.04723e+08	2.22439e+08	2.23779e+08	2.34172e+08	2.44127e+08	2.57346e+08	2.21952e+08	2.24859e+08	2.09395e+08	2.192e+08	2.16279e+08	2.31961e+08	2.54983e+08	2.50921e+08	1.95082e+08	1.98647e+08	2.02142e+08	2.05973e+08	1.99477e+08	2.083e+08	2.64275e+08	2.67181e+08	2.04868e+08	2.60348e+08	2.6237e+08	2.43796e+08	2.12293e+08	1.62534e+08	1.92138e+08	2.03994e+08	2.05588e+08	2.13659e+08	1.88635e+08	2.17703e+08	2.19511e+08	2.14703e+08	2.63023e+08	2.30398e+08	2.10799e+08	2.43888e+08	2.11217e+08	2.08877e+08	1.91184e+08	2.66798e+08	1.8761e+08	2.41316e+08	2.43722e+08	1.13755e+08	2.44137e+08	1.91233e+08
ERR636981	3.1427e+08	2.62254e+08	3.30449e+08	2.61478e+08	3.31628e+08	3.38344e+08	4.31882e+08	3.5648e+08	3.35358e+08	4.0458e+08	4.21683e+08	5.64011e+08	2.85838e+08	2.8915e+08	2.74127e+08	2.69888e+08	2.31296e+08	2.50344e+08	2.6049e+08	3.04052e+08	2.80806e+08	2.58206e+08	2.05474e+08	2.95758e+08	2.75508e+08	2.36489e+08	2.30459e+08	2.70786e+08	2.27168e+08	2.2739e+08	2.41673e+08	3.41205e+08	3.05442e+08	3.38544e+08	3.09636e+08	2.38241e+08	2.2559e+08	3.00892e+08	2.48561e+08	3.24305e+08	2.43817e+08	2.52435e+08	1.91011e+08	1.99563e+08	1.93491e+08	2.28439e+08	1.96533e+08	2.13822e+08	2.14138e+08	2.24323e+08	2.34042e+08	2.46728e+08	2.12225e+08	2.1505e+08	2.01068e+08	2.10865e+08	2.08033e+08	2.22901e+08	2.45383e+08	2.41564e+08	1.87351e+08	1.90654e+08	1.94039e+08	1.9778e+08	1.91475e+08	2.00182e+08	2.53818e+08	2.56596e+08	1.96897e+08	2.50039e+08	2.51853e+08	2.33834e+08	2.03766e+08	1.56215e+08	1.84347e+08	1.95941e+08	1.9754e+08	2.05167e+08	1.81152e+08	2.09574e+08	2.11332e+08	2.06713e+08	2.5324e+08	2.21796e+08	2.02471e+08	2.34288e+08	2.03032e+08	2.01003e+08	1.83859e+08	2.56811e+08	1.80114e+08	2.31442e+08	2.33687e+08	1.09364e+08	2.34145e+08	1.83746e+08
ERR630047	2.3378e+08	1.96561e+08	2.45892e+08	1.95271e+08	2.46679e+08	2.52037e+08	3.05577e+08	2.52535e+08	2.38079e+08	2.83787e+08	2.98006e+08	2.85838e+08	3.72515e+08	2.55619e+08	2.42276e+08	2.44149e+08	2.10535e+08	2.2347e+08	1.94925e+08	2.28395e+08	2.12706e+08	1.93091e+08	1.55675e+08	2.23965e+08	2.10452e+08	1.82438e+08	1.79881e+08	2.06907e+08	1.77275e+08	1.77078e+08	1.81501e+08	2.59012e+08	2.32586e+08	2.57281e+08	2.35299e+08	1.79256e+08	1.85594e+08	2.4226e+08	1.99861e+08	2.59551e+08	1.96005e+08	2.03106e+08	1.45914e+08	1.49861e+08	1.47362e+08	1.71747e+08	1.50152e+08	1.61513e+08	1.6159e+08	1.68993e+08	1.74015e+08	1.83278e+08	1.60166e+08	1.62431e+08	1.42231e+08	1.47231e+08	1.45274e+08	1.5687e+08	1.70611e+08	1.68084e+08	1.34214e+08	1.36998e+08	1.39635e+08	1.41358e+08	1.38441e+08	1.4317e+08	1.845e+08	1.87248e+08	1.42377e+08	1.82513e+08	1.84049e+08	1.72146e+08	1.47153e+08	1.11708e+08	1.33927e+08	1.41364e+08	1.41914e+08	1.47966e+08	1.29765e+08	1.47706e+08	1.48757e+08	1.45706e+08	1.79028e+08	1.57013e+08	1.43071e+08	1.66861e+08	1.43383e+08	1.41535e+08	1.30239e+08	1.80599e+08	1.27714e+08	1.65848e+08	1.67424e+08	7.6778e+07	1.67455e+08	1.29949e+08
ERR630042	2.34345e+08	1.96582e+08	2.46406e+08	1.95479e+08	2.47121e+08	2.52239e+08	3.08043e+08	2.54886e+08	2.40088e+08	2.87206e+08	3.00669e+08	2.8915e+08	2.55619e+08	3.71931e+08	2.43491e+08	2.4162e+08	2.08172e+08	2.23873e+08	1.96534e+08	2.29803e+08	2.13109e+08	1.9462e+08	1.56153e+08	2.24478e+08	2.11517e+08	1.82787e+08	1.79196e+08	2.07904e+08	1.76651e+08	1.76574e+08	1.84441e+08	2.62152e+08	2.35027e+08	2.60215e+08	2.37896e+08	1.82131e+08	1.8559e+08	2.43663e+08	2.01674e+08	2.61736e+08	1.97729e+08	2.04881e+08	1.46136e+08	1.50931e+08	1.47639e+08	1.73022e+08	1.5013e+08	1.62333e+08	1.60623e+08	1.6815e+08	1.74059e+08	1.83523e+08	1.59213e+08	1.61411e+08	1.43199e+08	1.48885e+08	1.46838e+08	1.58149e+08	1.72876e+08	1.70236e+08	1.34631e+08	1.37126e+08	1.39679e+08	1.42018e+08	1.38378e+08	1.4364e+08	1.86164e+08	1.88613e+08	1.44144e+08	1.83948e+08	1.85419e+08	1.7285e+08	1.47447e+08	1.12532e+08	1.33826e+08	1.41885e+08	1.42619e+08	1.48374e+08	1.30192e+08	1.49061e+08	1.50272e+08	1.47112e+08	1.8048e+08	1.58341e+08	1.44335e+08	1.67713e+08	1.44548e+08	1.42843e+08	1.31235e+08	1.82433e+08	1.28207e+08	1.65919e+08	1.67572e+08	7.72014e+07	1.67607e+08	1.30626e+08
ERR630044	2.21337e+08	1.85689e+08	2.32693e+08	1.84955e+08	2.33366e+08	2.38261e+08	2.92087e+08	2.41907e+08	2.2791e+08	2.72292e+08	2.85038e+08	2.74127e+08	2.42276e+08	2.43491e+08	3.40343e+08	2.29156e+08	1.97548e+08	2.1248e+08	1.85749e+08	2.17012e+08	2.01504e+08	1.83892e+08	1.47779e+08	2.12121e+08	1.99469e+08	1.72518e+08	1.6917e+08	1.9616e+08	1.66651e+08	1.66713e+08	1.74115e+08	2.47587e+08	2.21971e+08	2.45803e+08	2.24682e+08	1.72119e+08	1.76782e+08	2.31536e+08	1.91963e+08	2.48538e+08	1.88261e+08	1.94802e+08	1.3821e+08	1.42759e+08	1.39804e+08	1.63552e+08	1.42113e+08	1.53625e+08	1.51718e+08	1.58884e+08	1.64408e+08	1.73297e+08	1.50427e+08	1.52455e+08	1.3537e+08	1.40832e+08	1.38953e+08	1.49627e+08	1.63612e+08	1.61028e+08	1.27234e+08	1.29537e+08	1.32033e+08	1.34239e+08	1.30707e+08	1.35788e+08	1.75778e+08	1.78099e+08	1.36027e+08	1.73622e+08	1.74992e+08	1.63157e+08	1.39403e+08	1.06285e+08	1.26444e+08	1.34041e+08	1.34719e+08	1.40285e+08	1.23047e+08	1.40908e+08	1.41987e+08	1.39008e+08	1.70738e+08	1.49568e+08	1.36386e+08	1.586e+08	1.36704e+08	1.35044e+08	1.23995e+08	1.72456e+08	1.21087e+08	1.56828e+08	1.58284e+08	7.30029e+07	1.58411e+08	1.23448e+08
ERR630046	2.19953e+08	1.85228e+08	2.31575e+08	1.83919e+08	2.32175e+08	2.37209e+08	2.88425e+08	2.38716e+08	2.25209e+08	2.67984e+08	2.81333e+08	2.69888e+08	2.44149e+08	2.4162e+08	2.29156e+08	3.38088e+08	1.99216e+08	2.11476e+08	1.83572e+08	2.15055e+08	2.0045e+08	1.81831e+08	1.46658e+08	2.10777e+08	1.97483e+08	1.71262e+08	1.68921e+08	1.94259e+08	1.66556e+08	1.6638e+08	1.70818e+08	2.43727e+08	2.19088e+08	2.42264e+08	2.21538e+08	1.68887e+08	1.75997e+08	2.29134e+08	1.89416e+08	2.45411e+08	1.85681e+08	1.92302e+08	1.37123e+08	1.40768e+08	1.38417e+08	1.61314e+08	1.41065e+08	1.51671e+08	1.51449e+08	1.58414e+08	1.63027e+08	1.71821e+08	1.50194e+08	1.52282e+08	1.33416e+08	1.38092e+08	1.361e+08	1.47139e+08	1.60144e+08	1.57636e+08	1.25886e+08	1.28361e+08	1.30746e+08	1.32502e+08	1.29732e+08	1.34129e+08	1.72665e+08	1.75432e+08	1.33456e+08	1.71043e+08	1.72451e+08	1.61393e+08	1.37779e+08	1.04662e+08	1.25515e+08	1.32339e+08	1.32867e+08	1.38632e+08	1.21653e+08	1.38384e+08	1.3945e+08	1.36532e+08	1.67587e+08	1.47093e+08	1.34166e+08	1.56308e+08	1.34234e+08	1.32663e+08	1.22103e+08	1.69054e+08	1.19684e+08	1.55457e+08	1.56863e+08	7.1945e+07	1.56909e+08	1.21744e+08
ERR630045	1.8818e+08	1.58632e+08	1.97919e+08	1.5761e+08	1.9851e+08	2.02924e+08	2.47015e+08	2.04946e+08	1.93486e+08	2.29651e+08	2.40974e+08	2.31296e+08	2.10535e+08	2.08172e+08	1.97548e+08	1.99216e+08	2.63319e+08	1.82641e+08	1.57073e+08	1.83912e+08	1.71618e+08	1.55648e+08	1.25926e+08	1.80373e+08	1.6807e+08	1.459e+08	1.43975e+08	1.65306e+08	1.41902e+08	1.41748e+08	1.46112e+08	2.08216e+08	1.87193e+08	2.07161e+08	1.8936e+08	1.4441e+08	1.52087e+08	1.96962e+08	1.63259e+08	2.10801e+08	1.60054e+08	1.65769e+08	1.16613e+08	1.19632e+08	1.17724e+08	1.36993e+08	1.19846e+08	1.28995e+08	1.28502e+08	1.34296e+08	1.38232e+08	1.4558e+08	1.27285e+08	1.29138e+08	1.12695e+08	1.16566e+08	1.15129e+08	1.24289e+08	1.35204e+08	1.33083e+08	1.06245e+08	1.08588e+08	1.1055e+08	1.11968e+08	1.09676e+08	1.13306e+08	1.46092e+08	1.48505e+08	1.12895e+08	1.44689e+08	1.46029e+08	1.36619e+08	1.16398e+08	8.83528e+07	1.06026e+08	1.11829e+08	1.1219e+08	1.17081e+08	1.02824e+08	1.16807e+08	1.17618e+08	1.15257e+08	1.41638e+08	1.24265e+08	1.13207e+08	1.32111e+08	1.13375e+08	1.12029e+08	1.03083e+08	1.42815e+08	1.01099e+08	1.31359e+08	1.3263e+08	6.07407e+07	1.3254e+08	1.02849e+08
ERR630043	2.01908e+08	1.6964e+08	2.12457e+08	1.68789e+08	2.1299e+08	2.17361e+08	2.66827e+08	2.21276e+08	2.08662e+08	2.48651e+08	2.6039e+08	2.50344e+08	2.2347e+08	2.23873e+08	2.1248e+08	2.11476e+08	1.82641e+08	2.94393e+08	1.69312e+08	1.97902e+08	1.8405e+08	1.67753e+08	1.34957e+08	1.93669e+08	1.81333e+08	1.56915e+08	1.5407e+08	1.78302e+08	1.51979e+08	1.51867e+08	1.58708e+08	2.25437e+08	2.02389e+08	2.23909e+08	2.04777e+08	1.56717e+08	1.62874e+08	2.12285e+08	1.76279e+08	2.27765e+08	1.72891e+08	1.78977e+08	1.25558e+08	1.29453e+08	1.26871e+08	1.48346e+08	1.29131e+08	1.39289e+08	1.37918e+08	1.44176e+08	1.49044e+08	1.57069e+08	1.36705e+08	1.38617e+08	1.22542e+08	1.27273e+08	1.25508e+08	1.35252e+08	1.47627e+08	1.45374e+08	1.1525e+08	1.17405e+08	1.19751e+08	1.21603e+08	1.1861e+08	1.2294e+08	1.5884e+08	1.61102e+08	1.22882e+08	1.57145e+08	1.58321e+08	1.47765e+08	1.26249e+08	9.61115e+07	1.14662e+08	1.21337e+08	1.21873e+08	1.26978e+08	1.11539e+08	1.2745e+08	1.28382e+08	1.25786e+08	1.54251e+08	1.35352e+08	1.23347e+08	1.4351e+08	1.23474e+08	1.22131e+08	1.12244e+08	1.55802e+08	1.09744e+08	1.42264e+08	1.4369e+08	6.61562e+07	1.4383e+08	1.11849e+08
ERR613638	2.57291e+08	2.16515e+08	2.69763e+08	2.16042e+08	2.7063e+08	2.75827e+08	2.7767e+08	2.26605e+08	2.12049e+08	2.58565e+08	2.70987e+08	2.6049e+08	1.94925e+08	1.96534e+08	1.85749e+08	1.83572e+08	1.57073e+08	1.69312e+08	3.54324e+08	2.74314e+08	2.53854e+08	2.34703e+08	1.88362e+08	2.66566e+08	2.22572e+08	1.91849e+08	1.87405e+08	2.18754e+08	1.84536e+08	1.84609e+08	1.92479e+08	2.67725e+08	2.40765e+08	2.65759e+08	2.43866e+08	1.89998e+08	1.46648e+08	2.00051e+08	1.6275e+08	2.17008e+08	1.59205e+08	1.65318e+08	1.51741e+08	1.58192e+08	1.53454e+08	1.80273e+08	1.55865e+08	1.69044e+08	1.67205e+08	1.74854e+08	1.82637e+08	1.92348e+08	1.657e+08	1.6775e+08	1.57365e+08	1.64966e+08	1.62884e+08	1.74025e+08	1.90907e+08	1.88053e+08	1.47095e+08	1.49649e+08	1.52074e+08	1.55085e+08	1.50096e+08	1.56844e+08	2.01536e+08	2.03652e+08	1.57437e+08	1.98458e+08	1.99991e+08	1.86073e+08	1.66492e+08	1.28229e+08	1.51399e+08	1.60469e+08	1.61216e+08	1.67685e+08	1.41111e+08	1.62542e+08	1.63988e+08	1.60448e+08	1.95503e+08	1.71843e+08	1.68401e+08	1.93013e+08	1.68867e+08	1.67066e+08	1.53848e+08	2.10263e+08	1.41926e+08	1.80767e+08	1.82494e+08	8.78893e+07	1.82755e+08	1.44565e+08
ERR613635	2.98676e+08	2.51031e+08	3.13378e+08	2.50326e+08	3.14497e+08	3.20616e+08	3.24726e+08	2.64597e+08	2.47474e+08	3.02173e+08	3.16509e+08	3.04052e+08	2.28395e+08	2.29803e+08	2.17012e+08	2.15055e+08	1.83912e+08	1.97902e+08	2.74314e+08	4.59669e+08	2.9663e+08	2.71747e+08	2.18062e+08	3.12136e+08	2.59428e+08	2.23538e+08	2.18684e+08	2.54857e+08	2.1527e+08	2.15417e+08	2.21877e+08	3.10162e+08	2.78735e+08	3.07819e+08	2.82304e+08	2.18946e+08	1.71347e+08	2.33582e+08	1.89626e+08	2.53234e+08	1.85471e+08	1.92692e+08	1.77152e+08	1.84259e+08	1.79247e+08	2.10171e+08	1.82014e+08	1.97354e+08	1.96595e+08	2.05564e+08	2.143e+08	2.25649e+08	1.94912e+08	1.9741e+08	1.8361e+08	1.92071e+08	1.89664e+08	2.0303e+08	2.22377e+08	2.1913e+08	1.72048e+08	1.75022e+08	1.77789e+08	1.81309e+08	1.75848e+08	1.83423e+08	2.3589e+08	2.38444e+08	1.83991e+08	2.32497e+08	2.34325e+08	2.18027e+08	1.96041e+08	1.50455e+08	1.78552e+08	1.89029e+08	1.89565e+08	1.97488e+08	1.65098e+08	1.8987e+08	1.91439e+08	1.87397e+08	2.28527e+08	2.00839e+08	1.98091e+08	2.27114e+08	1.98684e+08	1.96529e+08	1.81052e+08	2.46871e+08	1.65697e+08	2.11727e+08	2.13788e+08	1.02136e+08	2.14048e+08	1.6871e+08
ERR613637	2.77045e+08	2.33537e+08	2.90715e+08	2.3263e+08	2.91577e+08	2.97374e+08	2.99822e+08	2.44579e+08	2.29051e+08	2.78749e+08	2.92545e+08	2.80806e+08	2.12706e+08	2.13109e+08	2.01504e+08	2.0045e+08	1.71618e+08	1.8405e+08	2.53854e+08	2.9663e+08	4.03005e+08	2.51509e+08	2.02417e+08	2.88982e+08	2.39776e+08	2.06954e+08	2.02852e+08	2.35665e+08	1.99904e+08	1.9986e+08	2.05299e+08	2.86757e+08	2.58143e+08	2.84833e+08	2.61236e+08	2.02585e+08	1.59357e+08	2.16271e+08	1.75614e+08	2.34238e+08	1.7166e+08	1.78469e+08	1.64098e+08	1.70294e+08	1.65877e+08	1.94079e+08	1.68484e+08	1.82287e+08	1.81876e+08	1.90188e+08	1.97902e+08	2.08344e+08	1.80541e+08	1.82762e+08	1.69143e+08	1.76627e+08	1.74446e+08	1.86892e+08	2.04352e+08	2.01566e+08	1.58708e+08	1.61465e+08	1.64209e+08	1.67193e+08	1.62497e+08	1.69219e+08	2.17223e+08	2.1975e+08	1.69439e+08	2.14224e+08	2.16111e+08	2.01207e+08	1.81029e+08	1.38867e+08	1.64952e+08	1.74368e+08	1.74874e+08	1.82381e+08	1.52167e+08	1.74586e+08	1.76021e+08	1.72275e+08	2.10215e+08	1.84698e+08	1.82647e+08	2.09479e+08	1.83135e+08	1.81162e+08	1.66987e+08	2.27327e+08	1.52685e+08	1.9527e+08	1.97153e+08	9.4281e+07	1.97319e+08	1.55617e+08
ERR613639	2.54895e+08	2.14657e+08	2.67162e+08	2.14041e+08	2.68184e+08	2.73181e+08	2.7524e+08	2.24756e+08	2.10121e+08	2.56551e+08	2.68463e+08	2.58206e+08	1.93091e+08	1.9462e+08	1.83892e+08	1.81831e+08	1.55648e+08	1.67753e+08	2.34703e+08	2.71747e+08	2.51509e+08	3.49186e+08	1.8668e+08	2.64191e+08	2.20432e+08	1.90041e+08	1.85596e+08	2.16663e+08	1.82718e+08	1.82998e+08	1.90723e+08	2.65163e+08	2.38499e+08	2.63127e+08	2.41566e+08	1.88203e+08	1.45358e+08	1.98246e+08	1.61119e+08	2.1512e+08	1.57677e+08	1.63878e+08	1.50357e+08	1.56772e+08	1.52132e+08	1.78703e+08	1.54341e+08	1.67563e+08	1.65792e+08	1.73354e+08	1.81062e+08	1.90728e+08	1.64321e+08	1.66357e+08	1.56142e+08	1.63555e+08	1.61432e+08	1.72565e+08	1.89205e+08	1.86588e+08	1.45855e+08	1.48205e+08	1.50782e+08	1.5367e+08	1.48897e+08	1.55566e+08	1.99795e+08	2.01859e+08	1.5612e+08	1.96755e+08	1.98407e+08	1.84372e+08	1.64951e+08	1.27069e+08	1.50041e+08	1.59024e+08	1.59816e+08	1.6625e+08	1.39952e+08	1.61251e+08	1.62643e+08	1.59256e+08	1.93952e+08	1.70389e+08	1.66924e+08	1.9145e+08	1.67507e+08	1.65734e+08	1.52542e+08	2.08498e+08	1.40679e+08	1.79157e+08	1.80825e+08	8.71251e+07	1.81178e+08	1.43327e+08
ERR613640	2.04236e+08	1.72618e+08	2.14204e+08	1.72041e+08	2.14883e+08	2.18966e+08	2.19357e+08	1.79391e+08	1.67901e+08	2.04309e+08	2.14102e+08	2.05474e+08	1.55675e+08	1.56153e+08	1.47779e+08	1.46658e+08	1.25926e+08	1.34957e+08	1.88362e+08	2.18062e+08	2.02417e+08	1.8668e+08	2.42922e+08	2.12377e+08	1.75529e+08	1.51703e+08	1.48642e+08	1.72506e+08	1.46384e+08	1.46448e+08	1.52333e+08	2.11504e+08	1.90572e+08	2.10006e+08	1.92819e+08	1.5039e+08	1.16945e+08	1.58474e+08	1.28987e+08	1.71511e+08	1.26136e+08	1.31046e+08	1.1994e+08	1.24635e+08	1.21296e+08	1.41944e+08	1.23182e+08	1.33284e+08	1.32531e+08	1.38565e+08	1.44242e+08	1.51826e+08	1.31436e+08	1.33051e+08	1.23788e+08	1.29277e+08	1.27725e+08	1.36541e+08	1.49369e+08	1.47217e+08	1.1576e+08	1.17785e+08	1.1974e+08	1.22005e+08	1.18387e+08	1.2344e+08	1.58361e+08	1.60341e+08	1.23728e+08	1.56193e+08	1.57509e+08	1.46757e+08	1.31745e+08	1.01196e+08	1.20025e+08	1.26963e+08	1.27354e+08	1.32668e+08	1.11158e+08	1.27435e+08	1.28551e+08	1.25801e+08	1.53215e+08	1.34791e+08	1.32966e+08	1.5235e+08	1.33264e+08	1.31905e+08	1.21628e+08	1.6556e+08	1.115e+08	1.42229e+08	1.43611e+08	6.91794e+07	1.43847e+08	1.13727e+08
ERR613636	2.90803e+08	2.4477e+08	3.05176e+08	2.4386e+08	3.0608e+08	3.12246e+08	3.15934e+08	2.5761e+08	2.41157e+08	2.93746e+08	3.07986e+08	2.95758e+08	2.23965e+08	2.24478e+08	2.12121e+08	2.10777e+08	1.80373e+08	1.93669e+08	2.66566e+08	3.12136e+08	2.88982e+08	2.64191e+08	2.12377e+08	4.38949e+08	2.52356e+08	2.17745e+08	2.13271e+08	2.47829e+08	2.10012e+08	2.10156e+08	2.15434e+08	3.01567e+08	2.71244e+08	2.99275e+08	2.74446e+08	2.12696e+08	1.67524e+08	2.27772e+08	1.84663e+08	2.46593e+08	1.80605e+08	1.87722e+08	1.72642e+08	1.79084e+08	1.74533e+08	2.04379e+08	1.77331e+08	1.91962e+08	1.91703e+08	2.00533e+08	2.0844e+08	2.19542e+08	1.90049e+08	1.9241e+08	1.7826e+08	1.86045e+08	1.83708e+08	1.96794e+08	2.15326e+08	2.12171e+08	1.6729e+08	1.70215e+08	1.72997e+08	1.76251e+08	1.71154e+08	1.78189e+08	2.2928e+08	2.32024e+08	1.78745e+08	2.26226e+08	2.27979e+08	2.1249e+08	1.90644e+08	1.46086e+08	1.73679e+08	1.83598e+08	1.84215e+08	1.91951e+08	1.60501e+08	1.83933e+08	1.85415e+08	1.81453e+08	2.21486e+08	1.94712e+08	1.92319e+08	2.20839e+08	1.92848e+08	1.90722e+08	1.75885e+08	2.39688e+08	1.60896e+08	2.05943e+08	2.07902e+08	9.91137e+07	2.08107e+08	1.63859e+08
ERR629880	2.69609e+08	2.26223e+08	2.82909e+08	2.25388e+08	2.83977e+08	2.89614e+08	2.94262e+08	2.38608e+08	2.23127e+08	2.73437e+08	2.86799e+08	2.75508e+08	2.10452e+08	2.11517e+08	1.99469e+08	1.97483e+08	1.6807e+08	1.81333e+08	2.22572e+08	2.59428e+08	2.39776e+08	2.20432e+08	1.75529e+08	2.52356e+08	4.34625e+08	2.62562e+08	2.56371e+08	2.98292e+08	2.5276e+08	2.52809e+08	2.04901e+08	2.88065e+08	2.58317e+08	2.85605e+08	2.61788e+08	2.02345e+08	1.57167e+08	2.16364e+08	1.74164e+08	2.34731e+08	1.70507e+08	1.77349e+08	1.90554e+08	1.98084e+08	1.92546e+08	2.25177e+08	1.95808e+08	2.11738e+08	2.08162e+08	2.17509e+08	2.26278e+08	2.38404e+08	2.06334e+08	2.08929e+08	1.91596e+08	2.00306e+08	1.97896e+08	2.11779e+08	2.31962e+08	2.28337e+08	1.75591e+08	1.78765e+08	1.81668e+08	1.85319e+08	1.79378e+08	1.87243e+08	2.39093e+08	2.41804e+08	1.87097e+08	2.36028e+08	2.37629e+08	2.21291e+08	1.91162e+08	1.47716e+08	1.73849e+08	1.84024e+08	1.85569e+08	1.92416e+08	1.69915e+08	1.95091e+08	1.96716e+08	1.92376e+08	2.34556e+08	2.06238e+08	1.91868e+08	2.21127e+08	1.92195e+08	1.90147e+08	1.7464e+08	2.41488e+08	1.70966e+08	2.17626e+08	2.19435e+08	1.06304e+08	2.19992e+08	1.74014e+08
ERR629881	2.32823e+08	1.95898e+08	2.44403e+08	1.95147e+08	2.45198e+08	2.49916e+08	2.52736e+08	2.05035e+08	1.91995e+08	2.34648e+08	2.46469e+08	2.36489e+08	1.82438e+08	1.82787e+08	1.72518e+08	1.71262e+08	1.459e+08	1.56915e+08	1.91849e+08	2.23538e+08	2.06954e+08	1.90041e+08	1.51703e+08	2.17745e+08	2.62562e+08	3.39842e+08	2.23198e+08	2.58234e+08	2.20051e+08	2.2004e+08	1.76195e+08	2.47543e+08	2.2236e+08	2.45564e+08	2.25116e+08	1.74047e+08	1.35763e+08	1.86043e+08	1.49685e+08	2.01531e+08	1.4647e+08	1.52458e+08	1.65269e+08	1.71371e+08	1.66909e+08	1.94601e+08	1.69769e+08	1.83258e+08	1.80431e+08	1.88346e+08	1.95569e+08	2.05891e+08	1.79023e+08	1.81214e+08	1.64396e+08	1.71444e+08	1.694e+08	1.81319e+08	1.98204e+08	1.95074e+08	1.4994e+08	1.5285e+08	1.5526e+08	1.58186e+08	1.53463e+08	1.59849e+08	2.054e+08	2.07982e+08	1.60738e+08	2.02973e+08	2.04428e+08	1.90662e+08	1.63365e+08	1.26213e+08	1.48625e+08	1.57269e+08	1.5835e+08	1.64411e+08	1.45331e+08	1.66318e+08	1.67597e+08	1.64045e+08	1.99883e+08	1.75844e+08	1.63919e+08	1.88896e+08	1.64031e+08	1.62317e+08	1.4919e+08	2.05666e+08	1.45994e+08	1.86049e+08	1.87608e+08	9.099e+07	1.88023e+08	1.48541e+08
ERR629885	2.28016e+08	1.92047e+08	2.39269e+08	1.91313e+08	2.40082e+08	2.44856e+08	2.46756e+08	2.00109e+08	1.87536e+08	2.28643e+08	2.40595e+08	2.30459e+08	1.79881e+08	1.79196e+08	1.6917e+08	1.68921e+08	1.43975e+08	1.5407e+08	1.87405e+08	2.18684e+08	2.02852e+08	1.85596e+08	1.48642e+08	2.13271e+08	2.56371e+08	2.23198e+08	3.29187e+08	2.52259e+08	2.17119e+08	2.16929e+08	1.71166e+08	2.40898e+08	2.16607e+08	2.39039e+08	2.19254e+08	1.69122e+08	1.33425e+08	1.81809e+08	1.46282e+08	1.96771e+08	1.43255e+08	1.48927e+08	1.61745e+08	1.67149e+08	1.63222e+08	1.89959e+08	1.66192e+08	1.79048e+08	1.76629e+08	1.84286e+08	1.90754e+08	2.01025e+08	1.7517e+08	1.77361e+08	1.59925e+08	1.66332e+08	1.64502e+08	1.76339e+08	1.92222e+08	1.89241e+08	1.4622e+08	1.49024e+08	1.51419e+08	1.54027e+08	1.49833e+08	1.55767e+08	1.998e+08	2.02494e+08	1.56171e+08	1.97554e+08	1.99033e+08	1.86063e+08	1.5934e+08	1.2284e+08	1.45252e+08	1.53282e+08	1.54236e+08	1.60377e+08	1.41608e+08	1.61526e+08	1.62827e+08	1.59302e+08	1.94107e+08	1.70978e+08	1.59244e+08	1.83722e+08	1.5937e+08	1.57604e+08	1.45028e+08	1.99677e+08	1.42177e+08	1.81373e+08	1.82778e+08	8.84988e+07	1.83296e+08	1.44581e+08
ERR629882	2.65075e+08	2.2221e+08	2.7811e+08	2.21557e+08	2.79035e+08	2.84641e+08	2.89295e+08	2.34467e+08	2.19362e+08	2.68757e+08	2.81995e+08	2.70786e+08	2.06907e+08	2.07904e+08	1.9616e+08	1.94259e+08	1.65306e+08	1.78302e+08	2.18754e+08	2.54857e+08	2.35665e+08	2.16663e+08	1.72506e+08	2.47829e+08	2.98292e+08	2.58234e+08	2.52259e+08	4.22472e+08	2.48738e+08	2.48497e+08	2.01137e+08	2.82846e+08	2.53696e+08	2.80597e+08	2.57026e+08	1.98742e+08	1.54642e+08	2.12631e+08	1.71217e+08	2.30649e+08	1.67564e+08	1.7423e+08	1.87274e+08	1.94828e+08	1.8941e+08	2.21459e+08	1.92645e+08	2.08254e+08	2.04835e+08	2.14045e+08	2.22524e+08	2.3463e+08	2.03024e+08	2.05448e+08	1.88559e+08	1.96921e+08	1.94708e+08	2.08223e+08	2.28227e+08	2.24609e+08	1.72757e+08	1.75757e+08	1.78785e+08	1.82225e+08	1.76558e+08	1.84217e+08	2.34947e+08	2.37617e+08	1.83769e+08	2.31939e+08	2.33551e+08	2.17571e+08	1.88061e+08	1.45248e+08	1.71041e+08	1.80945e+08	1.82375e+08	1.89224e+08	1.67175e+08	1.92029e+08	1.93598e+08	1.89482e+08	2.30788e+08	2.02994e+08	1.88768e+08	2.17639e+08	1.89026e+08	1.87135e+08	1.71752e+08	2.37545e+08	1.68228e+08	2.14108e+08	2.15888e+08	1.04639e+08	2.16318e+08	1.71133e+08
ERR629884	2.246e+08	1.89245e+08	2.35736e+08	1.88379e+08	2.36516e+08	2.41153e+08	2.43134e+08	1.97234e+08	1.84733e+08	2.25327e+08	2.37015e+08	2.27168e+08	1.77275e+08	1.76651e+08	1.66651e+08	1.66556e+08	1.41902e+08	1.51979e+08	1.84536e+08	2.1527e+08	1.99904e+08	1.82718e+08	1.46384e+08	2.10012e+08	2.5276e+08	2.20051e+08	2.17119e+08	2.48738e+08	3.21418e+08	2.13927e+08	1.68708e+08	2.37578e+08	2.13575e+08	2.35719e+08	2.16011e+08	1.66738e+08	1.31388e+08	1.79203e+08	1.44122e+08	1.93875e+08	1.41136e+08	1.46813e+08	1.59629e+08	1.64886e+08	1.61112e+08	1.87295e+08	1.64026e+08	1.76588e+08	1.74463e+08	1.82129e+08	1.88391e+08	1.984e+08	1.73115e+08	1.75112e+08	1.57845e+08	1.64155e+08	1.62304e+08	1.73928e+08	1.89553e+08	1.86713e+08	1.44318e+08	1.46996e+08	1.4941e+08	1.51976e+08	1.47958e+08	1.53676e+08	1.97135e+08	1.99817e+08	1.54153e+08	1.94891e+08	1.96488e+08	1.83521e+08	1.57273e+08	1.21282e+08	1.43315e+08	1.51289e+08	1.52245e+08	1.58255e+08	1.39714e+08	1.59268e+08	1.60652e+08	1.5717e+08	1.91469e+08	1.68685e+08	1.57244e+08	1.81367e+08	1.5733e+08	1.55637e+08	1.4313e+08	1.97093e+08	1.40319e+08	1.79058e+08	1.80482e+08	8.74533e+07	1.80809e+08	1.42666e+08
ERR629883	2.24774e+08	1.89244e+08	2.35782e+08	1.8849e+08	2.36578e+08	2.41399e+08	2.43451e+08	1.97444e+08	1.85073e+08	2.25685e+08	2.37396e+08	2.2739e+08	1.77078e+08	1.76574e+08	1.66713e+08	1.6638e+08	1.41748e+08	1.51867e+08	1.84609e+08	2.15417e+08	1.9986e+08	1.82998e+08	1.46448e+08	2.10156e+08	2.52809e+08	2.2004e+08	2.16929e+08	2.48497e+08	2.13927e+08	3.21164e+08	1.68617e+08	2.37593e+08	2.1353e+08	2.35675e+08	2.16075e+08	1.66755e+08	1.31432e+08	1.79378e+08	1.44232e+08	1.94036e+08	1.412e+08	1.46877e+08	1.59526e+08	1.64882e+08	1.61011e+08	1.87252e+08	1.63972e+08	1.76527e+08	1.74588e+08	1.82099e+08	1.88515e+08	1.98451e+08	1.73164e+08	1.75213e+08	1.57847e+08	1.64161e+08	1.62293e+08	1.73982e+08	1.89694e+08	1.86839e+08	1.4419e+08	1.46923e+08	1.49345e+08	1.51966e+08	1.47803e+08	1.53615e+08	1.97219e+08	1.99806e+08	1.54247e+08	1.94979e+08	1.96605e+08	1.83431e+08	1.57352e+08	1.21367e+08	1.43427e+08	1.51367e+08	1.52304e+08	1.58423e+08	1.39916e+08	1.59583e+08	1.60897e+08	1.57381e+08	1.91778e+08	1.68921e+08	1.57261e+08	1.81452e+08	1.57547e+08	1.55788e+08	1.43234e+08	1.97303e+08	1.4028e+08	1.79185e+08	1.80516e+08	8.73817e+07	1.80885e+08	1.42733e+08
ERR626870	2.30627e+08	1.94137e+08	2.41665e+08	1.93511e+08	2.42477e+08	2.47039e+08	2.57121e+08	2.10058e+08	1.9592e+08	2.39893e+08	2.50868e+08	2.41673e+08	1.81501e+08	1.84441e+08	1.74115e+08	1.70818e+08	1.46112e+08	1.58708e+08	1.92479e+08	2.21877e+08	2.05299e+08	1.90723e+08	1.52333e+08	2.15434e+08	2.04901e+08	1.76195e+08	1.71166e+08	2.01137e+08	1.68708e+08	1.68617e+08	3.19922e+08	2.89824e+08	2.61133e+08	2.87857e+08	2.64593e+08	2.08379e+08	1.39133e+08	1.91129e+08	1.5587e+08	2.07805e+08	1.52401e+08	1.58425e+08	1.4336e+08	1.50336e+08	1.45309e+08	1.70896e+08	1.47316e+08	1.60223e+08	1.54388e+08	1.6126e+08	1.69186e+08	1.78273e+08	1.52869e+08	1.54644e+08	1.47747e+08	1.55291e+08	1.53356e+08	1.63361e+08	1.79968e+08	1.77348e+08	1.37314e+08	1.39551e+08	1.41646e+08	1.44952e+08	1.39605e+08	1.46527e+08	1.85589e+08	1.87175e+08	1.45403e+08	1.82597e+08	1.84053e+08	1.70458e+08	1.46652e+08	1.13704e+08	1.32635e+08	1.41216e+08	1.42662e+08	1.47643e+08	1.30628e+08	1.51507e+08	1.52848e+08	1.49552e+08	1.82073e+08	1.59898e+08	1.48213e+08	1.70354e+08	1.48614e+08	1.47159e+08	1.34671e+08	1.86965e+08	1.3273e+08	1.68072e+08	1.69739e+08	8.26856e+07	1.70309e+08	1.35198e+08
ERR626867	3.21506e+08	2.69822e+08	3.37363e+08	2.68899e+08	3.38521e+08	3.44886e+08	3.63704e+08	2.96529e+08	2.76899e+08	3.38921e+08	3.5479e+08	3.41205e+08	2.59012e+08	2.62152e+08	2.47587e+08	2.43727e+08	2.08216e+08	2.25437e+08	2.67725e+08	3.10162e+08	2.86757e+08	2.65163e+08	2.11504e+08	3.01567e+08	2.88065e+08	2.47543e+08	2.40898e+08	2.82846e+08	2.37578e+08	2.37593e+08	2.89824e+08	5.59619e+08	3.63609e+08	4.00179e+08	3.68388e+08	2.85814e+08	1.96952e+08	2.70451e+08	2.19673e+08	2.93669e+08	2.14771e+08	2.23285e+08	2.01778e+08	2.10951e+08	2.04444e+08	2.40461e+08	2.07437e+08	2.2544e+08	2.20022e+08	2.2995e+08	2.40375e+08	2.53456e+08	2.18073e+08	2.20626e+08	2.0743e+08	2.17548e+08	2.1487e+08	2.29612e+08	2.52506e+08	2.48535e+08	1.93582e+08	1.96977e+08	2.00234e+08	2.04579e+08	1.97532e+08	2.06705e+08	2.62537e+08	2.6522e+08	2.0486e+08	2.58789e+08	2.60486e+08	2.41692e+08	2.08133e+08	1.60631e+08	1.88596e+08	2.00385e+08	2.02221e+08	2.097e+08	1.8498e+08	2.1397e+08	2.15837e+08	2.11244e+08	2.57787e+08	2.26198e+08	2.08901e+08	2.40768e+08	2.09643e+08	2.07214e+08	1.89877e+08	2.6359e+08	1.86651e+08	2.37871e+08	2.40259e+08	1.15204e+08	2.4078e+08	1.90227e+08
ERR626868	2.89457e+08	2.43476e+08	3.03594e+08	2.42401e+08	3.04592e+08	3.1039e+08	3.25735e+08	2.65557e+08	2.48282e+08	3.03411e+08	3.17788e+08	3.05442e+08	2.32586e+08	2.35027e+08	2.21971e+08	2.19088e+08	1.87193e+08	2.02389e+08	2.40765e+08	2.78735e+08	2.58143e+08	2.38499e+08	1.90572e+08	2.71244e+08	2.58317e+08	2.2236e+08	2.16607e+08	2.53696e+08	2.13575e+08	2.1353e+08	2.61133e+08	3.63609e+08	4.65678e+08	3.60058e+08	3.31524e+08	2.57672e+08	1.7699e+08	2.42423e+08	1.96943e+08	2.63147e+08	1.92598e+08	2.00281e+08	1.81275e+08	1.89194e+08	1.83459e+08	2.1542e+08	1.86222e+08	2.0212e+08	1.97168e+08	2.05969e+08	2.1502e+08	2.26658e+08	1.95256e+08	1.97702e+08	1.85712e+08	1.94753e+08	1.92091e+08	2.05496e+08	2.25616e+08	2.22294e+08	1.73646e+08	1.76632e+08	1.79369e+08	1.83188e+08	1.77132e+08	1.85202e+08	2.34483e+08	2.37086e+08	1.83137e+08	2.31286e+08	2.32968e+08	2.16135e+08	1.86352e+08	1.43877e+08	1.68983e+08	1.7949e+08	1.81015e+08	1.87834e+08	1.65529e+08	1.91013e+08	1.92817e+08	1.88577e+08	2.30008e+08	2.0199e+08	1.87064e+08	2.15516e+08	1.87599e+08	1.85573e+08	1.70012e+08	2.3593e+08	1.67292e+08	2.13163e+08	2.15238e+08	1.03453e+08	2.15759e+08	1.70377e+08
