	ERR626870	ERR626867	ERR626868	ERR626872	ERR626869	ERR626871	ERR629867	ERR629863	ERR629866	ERR629865	ERR629862	ERR629864	ERR609045	ERR609050	ERR609049	ERR609047	ERR609048	ERR609046	ERR622146	ERR622144	ERR622143	ERR622148	ERR622147	ERR622145	ERR629879	ERR629876	ERR629878	ERR629875	ERR629874	ERR629877	ERR608707	ERR608709	ERR608711	ERR608710	ERR608712	ERR608708	ERR636946	ERR636947	ERR636943	ERR636948	ERR636945	ERR636944	ERR636774	ERR636771	ERR636770	ERR636772	ERR636769	ERR636773	ERR611301	ERR611302	ERR611300	ERR611299	ERR611297	ERR611298	ERR613664	ERR613662	ERR613659	ERR613661	ERR613663	ERR613660	ERR608535	ERR608532	ERR608533	ERR608536	ERR608531	ERR608534	ERR629955	ERR629953	ERR629952	ERR629957	ERR629956	ERR629954	ERR626676	ERR626679	ERR626675	ERR626677	ERR626678	ERR626674	ERR617357	ERR617359	ERR617355	ERR617356	ERR617358	ERR617360	ERR622132	ERR622133	ERR622135	ERR622131	ERR622136	ERR622134	ERR613568	ERR613565	ERR613567	ERR613564	ERR613563	ERR613566
ERR626870	5.57868e+09	6.61174e+09	6.23146e+09	6.56691e+09	6.26029e+09	5.34394e+09	5.68931e+09	5.7177e+09	5.62623e+09	5.70863e+09	6.2459e+09	6.17964e+09	4.07688e+09	5.86619e+09	5.82607e+09	6.20414e+09	5.94351e+09	5.73716e+09	5.09134e+09	5.79971e+09	4.80194e+09	4.96346e+09	5.0392e+09	6.08124e+09	4.09625e+09	4.57194e+09	4.05987e+09	4.15005e+09	4.63075e+09	4.11639e+09	4.41772e+09	5.68709e+09	5.50958e+09	5.54091e+09	5.32474e+09	5.28977e+09	6.48847e+09	6.49175e+09	6.02013e+09	6.51996e+09	6.29281e+09	6.29672e+09	6.37632e+09	6.32404e+09	6.33811e+09	6.36075e+09	6.09608e+09	6.36999e+09	5.04317e+09	5.02934e+09	5.04483e+09	6.01775e+09	5.84015e+09	5.67045e+09	4.47387e+09	5.2993e+09	5.55046e+09	5.30334e+09	5.25863e+09	5.50366e+09	5.50507e+09	4.89823e+09	5.16395e+09	5.57652e+09	3.95948e+09	5.50793e+09	5.90231e+09	6.15507e+09	6.63877e+09	5.94933e+09	5.88336e+09	6.58139e+09	4.69335e+09	5.40379e+09	5.44477e+09	5.38354e+09	5.39832e+09	5.77968e+09	4.81887e+09	5.24174e+09	4.73064e+09	4.78865e+09	5.25864e+09	5.26963e+09	5.95683e+09	5.94503e+09	6.0728e+09	6.20475e+09	5.01367e+09	5.48813e+09	4.54093e+09	5.06702e+09	4.56162e+09	5.0844e+09	5.10241e+09	4.60428e+09
ERR626867	6.61174e+09	8.58522e+09	7.79068e+09	8.261e+09	7.82911e+09	6.54677e+09	7.07332e+09	7.09697e+09	6.98752e+09	7.09966e+09	7.8286e+09	7.73677e+09	4.9783e+09	7.33415e+09	7.27897e+09	7.79399e+09	7.43456e+09	7.15742e+09	6.25724e+09	7.23069e+09	5.90663e+09	6.08779e+09	6.18676e+09	7.6148e+09	4.95257e+09	5.562e+09	4.90728e+09	5.01497e+09	5.64116e+09	4.97898e+09	5.37652e+09	7.05367e+09	6.80798e+09	6.84898e+09	6.56079e+09	6.5166e+09	8.19319e+09	8.19909e+09	7.53859e+09	8.23654e+09	7.92012e+09	7.91856e+09	8.0399e+09	7.97198e+09	7.98442e+09	8.01993e+09	7.65425e+09	8.03195e+09	6.20035e+09	6.17987e+09	6.20103e+09	7.52712e+09	7.28524e+09	7.04551e+09	5.46861e+09	6.55908e+09	6.91353e+09	6.58455e+09	6.50344e+09	6.85771e+09	6.81246e+09	5.99603e+09	6.34859e+09	6.91241e+09	4.7976e+09	6.81578e+09	7.40122e+09	7.7417e+09	8.41453e+09	7.46845e+09	7.37751e+09	8.3347e+09	5.749e+09	6.68336e+09	6.74431e+09	6.65571e+09	6.67522e+09	7.20096e+09	5.88817e+09	6.44979e+09	5.78039e+09	5.84759e+09	6.47397e+09	6.4876e+09	7.45253e+09	7.43257e+09	7.61004e+09	7.7918e+09	6.16555e+09	6.80567e+09	5.52421e+09	6.22913e+09	5.55068e+09	6.25143e+09	6.27698e+09	5.60671e+09
ERR626868	6.23146e+09	7.79068e+09	7.54219e+09	7.7316e+09	7.34311e+09	6.17192e+09	6.6537e+09	6.67388e+09	6.57498e+09	6.67721e+09	7.33384e+09	7.25197e+09	4.71534e+09	6.89318e+09	6.84352e+09	7.30897e+09	6.98437e+09	6.73196e+09	5.9053e+09	6.79938e+09	5.58159e+09	5.74811e+09	5.8409e+09	7.14778e+09	4.67997e+09	5.23961e+09	4.63755e+09	4.7364e+09	5.31211e+09	4.70439e+09	5.09121e+09	6.63657e+09	6.41097e+09	6.44892e+09	6.18533e+09	6.14429e+09	7.67165e+09	7.67659e+09	7.08055e+09	7.71042e+09	7.4259e+09	7.42301e+09	7.53087e+09	7.47112e+09	7.48112e+09	7.51303e+09	7.18401e+09	7.52367e+09	5.84822e+09	5.82981e+09	5.8492e+09	7.05937e+09	6.84077e+09	6.62127e+09	5.16546e+09	6.17023e+09	6.49518e+09	6.19549e+09	6.1189e+09	6.44573e+09	6.39703e+09	5.64885e+09	5.97008e+09	6.48852e+09	4.53917e+09	6.40002e+09	6.94466e+09	7.25167e+09	7.85621e+09	7.00587e+09	6.92287e+09	7.78533e+09	5.42819e+09	6.28588e+09	6.34286e+09	6.26039e+09	6.27789e+09	6.7602e+09	5.54334e+09	6.05806e+09	5.4459e+09	5.50614e+09	6.08043e+09	6.09229e+09	6.98565e+09	6.96646e+09	7.1286e+09	7.29203e+09	5.80885e+09	6.39557e+09	5.20674e+09	5.8555e+09	5.2309e+09	5.87693e+09	5.90024e+09	5.28326e+09
ERR626872	6.56691e+09	8.261e+09	7.7316e+09	8.45419e+09	7.7702e+09	6.50219e+09	7.02358e+09	7.04574e+09	6.93803e+09	7.0488e+09	7.76749e+09	7.67749e+09	4.95009e+09	7.28119e+09	7.22697e+09	7.73595e+09	7.38186e+09	7.10777e+09	6.21704e+09	7.18003e+09	5.87073e+09	6.04855e+09	6.1469e+09	7.56001e+09	4.92201e+09	5.52477e+09	4.87676e+09	4.98292e+09	5.60294e+09	4.94811e+09	5.34426e+09	7.00482e+09	6.76176e+09	6.80231e+09	6.51768e+09	6.47317e+09	8.13239e+09	8.13827e+09	7.48516e+09	8.17571e+09	7.86186e+09	7.85911e+09	7.97663e+09	7.9103e+09	7.92253e+09	7.95683e+09	7.59629e+09	7.96863e+09	6.15647e+09	6.13679e+09	6.15708e+09	7.46891e+09	7.22923e+09	6.99226e+09	5.42952e+09	6.5091e+09	6.85864e+09	6.53445e+09	6.45396e+09	6.80362e+09	6.7616e+09	5.95443e+09	6.30199e+09	6.86104e+09	4.76797e+09	6.765e+09	7.34457e+09	7.67995e+09	8.34374e+09	7.41167e+09	7.32144e+09	8.26482e+09	5.70835e+09	6.63327e+09	6.69358e+09	6.60573e+09	6.62464e+09	7.14414e+09	5.84709e+09	6.40388e+09	5.74044e+09	5.8075e+09	6.42806e+09	6.44093e+09	7.38995e+09	7.37121e+09	7.54672e+09	7.72479e+09	6.11881e+09	6.75143e+09	5.48595e+09	6.18422e+09	5.51217e+09	6.20617e+09	6.23129e+09	5.56781e+09
ERR626869	6.26029e+09	7.82911e+09	7.34311e+09	7.7702e+09	7.61355e+09	6.2e+09	6.68282e+09	6.70521e+09	6.60408e+09	6.70698e+09	7.37151e+09	7.28805e+09	4.73237e+09	6.92125e+09	6.87054e+09	7.34189e+09	7.01388e+09	6.75993e+09	5.92979e+09	6.82798e+09	5.60233e+09	5.77161e+09	5.86457e+09	7.1794e+09	4.70621e+09	5.27218e+09	4.66276e+09	4.76359e+09	5.34456e+09	4.7303e+09	5.11049e+09	6.66661e+09	6.43999e+09	6.47803e+09	6.21256e+09	6.17134e+09	7.70639e+09	7.71128e+09	7.11014e+09	7.74597e+09	7.45804e+09	7.45539e+09	7.56421e+09	7.50332e+09	7.51406e+09	7.54603e+09	7.21346e+09	7.55678e+09	5.87396e+09	5.85559e+09	5.87518e+09	7.09522e+09	6.87373e+09	6.65395e+09	5.18774e+09	6.19975e+09	6.52532e+09	6.22239e+09	6.14839e+09	6.47344e+09	6.43285e+09	5.67901e+09	6.00407e+09	6.52489e+09	4.56049e+09	6.43631e+09	6.97662e+09	7.28738e+09	7.89758e+09	7.03778e+09	6.95416e+09	7.82554e+09	5.45128e+09	6.3175e+09	6.37363e+09	6.29095e+09	6.30986e+09	6.79351e+09	5.57502e+09	6.09488e+09	5.47561e+09	5.53777e+09	6.11707e+09	6.12948e+09	7.02002e+09	7.00266e+09	7.16518e+09	7.3297e+09	5.83685e+09	6.42734e+09	5.23672e+09	5.88943e+09	5.26105e+09	5.91076e+09	5.9341e+09	5.31395e+09
ERR626871	5.34394e+09	6.54677e+09	6.17192e+09	6.50219e+09	6.2e+09	5.47883e+09	5.63961e+09	5.66723e+09	5.5779e+09	5.65928e+09	6.18828e+09	6.12325e+09	4.04701e+09	5.81443e+09	5.77462e+09	6.14721e+09	5.89095e+09	5.6874e+09	5.04797e+09	5.74909e+09	4.7632e+09	4.92264e+09	4.99759e+09	6.02679e+09	4.06234e+09	4.53245e+09	4.02671e+09	4.11583e+09	4.59067e+09	4.0826e+09	4.38345e+09	5.63647e+09	5.46226e+09	5.4929e+09	5.27878e+09	5.24505e+09	6.42802e+09	6.43137e+09	5.96566e+09	6.4588e+09	6.23483e+09	6.23837e+09	6.31733e+09	6.26638e+09	6.27999e+09	6.30188e+09	6.04071e+09	6.31135e+09	5.00135e+09	4.98734e+09	5.00237e+09	5.96244e+09	5.78736e+09	5.61961e+09	4.43681e+09	5.25131e+09	5.5003e+09	5.25583e+09	5.21215e+09	5.45442e+09	5.45539e+09	4.8559e+09	5.11823e+09	5.52596e+09	3.92897e+09	5.45826e+09	5.84993e+09	6.09916e+09	6.5758e+09	5.89581e+09	5.83076e+09	6.5192e+09	4.65507e+09	5.35615e+09	5.39644e+09	5.33545e+09	5.34993e+09	5.72649e+09	4.77673e+09	5.1941e+09	4.69027e+09	4.747e+09	5.21124e+09	5.22139e+09	5.90092e+09	5.88964e+09	6.01541e+09	6.14597e+09	4.97035e+09	5.43878e+09	4.50159e+09	5.02104e+09	4.52192e+09	5.038e+09	5.05598e+09	4.5639e+09
ERR629867	5.68931e+09	7.07332e+09	6.6537e+09	7.02358e+09	6.68282e+09	5.63961e+09	6.6386e+09	6.43227e+09	6.35952e+09	6.45239e+09	7.03187e+09	6.95721e+09	4.52933e+09	6.53338e+09	6.48938e+09	6.90632e+09	6.61418e+09	6.39107e+09	5.54911e+09	6.37409e+09	5.27894e+09	5.40516e+09	5.49093e+09	6.68323e+09	4.55497e+09	5.06022e+09	4.51623e+09	4.59683e+09	5.12421e+09	4.57666e+09	4.8357e+09	6.23781e+09	6.02832e+09	6.06072e+09	5.83012e+09	5.79369e+09	7.10039e+09	7.10711e+09	6.56665e+09	7.13368e+09	6.87867e+09	6.86388e+09	7.12701e+09	7.08135e+09	7.08126e+09	7.11453e+09	6.81701e+09	7.12191e+09	5.59419e+09	5.57658e+09	5.59699e+09	6.69405e+09	6.50075e+09	6.29504e+09	4.99336e+09	5.91382e+09	6.21755e+09	5.95222e+09	5.86587e+09	6.17709e+09	6.10959e+09	5.42771e+09	5.71737e+09	6.19488e+09	4.41725e+09	6.11203e+09	6.64121e+09	6.90633e+09	7.44795e+09	6.70031e+09	6.62396e+09	7.38334e+09	5.23441e+09	6.00235e+09	6.06033e+09	5.97908e+09	5.99622e+09	6.43673e+09	5.31062e+09	5.7801e+09	5.23266e+09	5.2769e+09	5.80029e+09	5.81051e+09	6.61946e+09	6.60028e+09	6.74798e+09	6.89013e+09	5.54924e+09	6.08435e+09	5.04451e+09	5.6542e+09	5.06735e+09	5.67344e+09	5.69615e+09	5.11637e+09
ERR629863	5.7177e+09	7.09697e+09	6.67388e+09	7.04574e+09	6.70521e+09	5.66723e+09	6.43227e+09	6.65142e+09	6.35935e+09	6.45281e+09	7.05401e+09	6.97814e+09	4.51137e+09	6.52924e+09	6.48459e+09	6.9107e+09	6.6138e+09	6.38547e+09	5.551e+09	6.37204e+09	5.26288e+09	5.40705e+09	5.49294e+09	6.68664e+09	4.57673e+09	5.09911e+09	4.53747e+09	4.62744e+09	5.16373e+09	4.59977e+09	4.83146e+09	6.25115e+09	6.04313e+09	6.0766e+09	5.83916e+09	5.80296e+09	7.09609e+09	7.10209e+09	6.56228e+09	7.12984e+09	6.87428e+09	6.86535e+09	7.1253e+09	7.0755e+09	7.08142e+09	7.11154e+09	6.8102e+09	7.12033e+09	5.60865e+09	5.5914e+09	5.61172e+09	6.71616e+09	6.52016e+09	6.31675e+09	5.00079e+09	5.92986e+09	6.22745e+09	5.95554e+09	5.88232e+09	6.1819e+09	6.14321e+09	5.45729e+09	5.75305e+09	6.22788e+09	4.42791e+09	6.14585e+09	6.64454e+09	6.91987e+09	7.46833e+09	6.70161e+09	6.62638e+09	7.40293e+09	5.24293e+09	6.02639e+09	6.08053e+09	6.0025e+09	6.02003e+09	6.45963e+09	5.34887e+09	5.82318e+09	5.26324e+09	5.31521e+09	5.84298e+09	5.85421e+09	6.64246e+09	6.62579e+09	6.7717e+09	6.9184e+09	5.57031e+09	6.10712e+09	5.07849e+09	5.68639e+09	5.10154e+09	5.70592e+09	5.72765e+09	5.15037e+09
ERR629866	5.62623e+09	6.98752e+09	6.57498e+09	6.93803e+09	6.60408e+09	5.5779e+09	6.35952e+09	6.35935e+09	6.49151e+09	6.37868e+09	6.94757e+09	6.87441e+09	4.4836e+09	6.45768e+09	6.41476e+09	6.82455e+09	6.53846e+09	6.31801e+09	5.48944e+09	6.30126e+09	5.22308e+09	5.34776e+09	5.43232e+09	6.60499e+09	4.50839e+09	5.00707e+09	4.47057e+09	4.54974e+09	5.0694e+09	4.53014e+09	4.78638e+09	6.16748e+09	5.9614e+09	5.99331e+09	5.76586e+09	5.73023e+09	7.01502e+09	7.02154e+09	6.49008e+09	7.04773e+09	6.79695e+09	6.78237e+09	7.04253e+09	6.99839e+09	6.99765e+09	7.03023e+09	6.73801e+09	7.03749e+09	5.5342e+09	5.51682e+09	5.53733e+09	6.61606e+09	6.42654e+09	6.22406e+09	4.943e+09	5.8498e+09	6.14912e+09	5.88834e+09	5.80308e+09	6.10932e+09	6.04071e+09	5.36963e+09	5.65539e+09	6.12478e+09	4.37274e+09	6.04274e+09	6.56463e+09	6.82411e+09	7.35723e+09	6.62184e+09	6.54782e+09	7.29358e+09	5.17961e+09	5.93654e+09	5.99328e+09	5.91345e+09	5.9309e+09	6.36414e+09	5.25401e+09	5.71601e+09	5.17752e+09	5.22092e+09	5.73562e+09	5.74604e+09	6.5436e+09	6.52502e+09	6.67022e+09	6.80961e+09	5.49095e+09	6.01762e+09	4.99212e+09	5.5924e+09	5.01438e+09	5.61158e+09	5.63329e+09	5.0627e+09
ERR629865	5.70863e+09	7.09966e+09	6.67721e+09	7.0488e+09	6.70698e+09	5.65928e+09	6.45239e+09	6.45281e+09	6.37868e+09	6.68027e+09	7.05617e+09	6.98193e+09	4.53821e+09	6.55243e+09	6.50825e+09	6.92798e+09	6.63359e+09	6.40815e+09	5.56469e+09	6.39259e+09	5.29096e+09	5.4204e+09	5.50607e+09	6.70483e+09	4.56982e+09	5.07888e+09	4.5307e+09	4.61238e+09	5.14331e+09	4.59208e+09	4.84662e+09	6.25744e+09	6.0473e+09	6.08045e+09	5.8471e+09	5.81025e+09	7.12319e+09	7.12992e+09	6.58621e+09	7.15702e+09	6.9004e+09	6.88605e+09	7.14991e+09	7.10411e+09	7.1037e+09	7.13766e+09	6.83711e+09	7.14494e+09	5.61207e+09	5.59395e+09	5.61439e+09	6.71751e+09	6.52358e+09	6.31665e+09	5.01027e+09	5.93605e+09	6.24145e+09	5.97387e+09	5.88807e+09	6.20015e+09	6.13329e+09	5.44764e+09	5.73978e+09	6.21912e+09	4.43039e+09	6.13541e+09	6.66416e+09	6.93078e+09	7.47699e+09	6.72223e+09	6.64653e+09	7.41186e+09	5.25119e+09	6.02474e+09	6.08221e+09	6.00095e+09	6.01832e+09	6.46096e+09	5.33122e+09	5.8029e+09	5.25215e+09	5.29748e+09	5.8229e+09	5.83351e+09	6.64726e+09	6.6284e+09	6.77675e+09	6.91964e+09	5.5716e+09	6.10918e+09	5.06338e+09	5.67606e+09	5.08662e+09	5.69538e+09	5.71753e+09	5.13508e+09
ERR629862	6.2459e+09	7.8286e+09	7.33384e+09	7.76749e+09	7.37151e+09	6.18828e+09	7.03187e+09	7.05401e+09	6.94757e+09	7.05617e+09	8.00427e+09	7.67841e+09	4.8765e+09	7.14868e+09	7.09696e+09	7.59407e+09	7.24802e+09	6.9847e+09	6.04381e+09	6.97418e+09	5.71375e+09	5.88157e+09	5.97789e+09	7.33923e+09	4.97087e+09	5.56759e+09	4.92784e+09	5.03231e+09	5.64277e+09	4.99748e+09	5.23109e+09	6.83996e+09	6.60389e+09	6.64275e+09	6.36811e+09	6.32694e+09	7.81751e+09	7.82459e+09	7.19837e+09	7.85762e+09	7.55841e+09	7.55303e+09	7.83954e+09	7.77782e+09	7.78897e+09	7.823e+09	7.46985e+09	7.83377e+09	6.11535e+09	6.09624e+09	6.11779e+09	7.38659e+09	7.15692e+09	6.92681e+09	5.43338e+09	6.48551e+09	6.82377e+09	6.50997e+09	6.43204e+09	6.76869e+09	6.74407e+09	5.96108e+09	6.30009e+09	6.84027e+09	4.80022e+09	6.74723e+09	7.29611e+09	7.61909e+09	8.26247e+09	7.36108e+09	7.27415e+09	8.18579e+09	5.7015e+09	6.598e+09	6.65731e+09	6.57095e+09	6.59102e+09	7.09244e+09	5.84856e+09	6.3915e+09	5.74655e+09	5.81132e+09	6.41409e+09	6.42707e+09	7.30682e+09	7.28928e+09	7.45587e+09	7.62857e+09	6.08181e+09	6.6938e+09	5.54169e+09	6.22856e+09	5.56803e+09	6.25001e+09	6.27414e+09	5.62228e+09
ERR629864	6.17964e+09	7.73677e+09	7.25197e+09	7.67749e+09	7.28805e+09	6.12325e+09	6.95721e+09	6.97814e+09	6.87441e+09	6.98193e+09	7.67841e+09	7.8246e+09	4.83101e+09	7.07166e+09	7.02087e+09	7.50984e+09	7.17009e+09	6.90935e+09	5.98362e+09	6.90009e+09	5.65808e+09	5.82368e+09	5.91837e+09	7.25907e+09	4.92127e+09	5.50925e+09	4.87833e+09	4.98076e+09	5.58281e+09	4.94756e+09	5.18061e+09	6.76691e+09	6.53453e+09	6.57275e+09	6.3019e+09	6.26202e+09	7.72998e+09	7.73644e+09	7.12175e+09	7.76901e+09	7.47565e+09	7.47001e+09	7.75132e+09	7.69174e+09	7.7028e+09	7.73561e+09	7.38877e+09	7.74573e+09	6.05415e+09	6.03453e+09	6.05626e+09	7.30465e+09	7.07857e+09	6.85202e+09	5.38094e+09	6.41757e+09	6.75122e+09	6.4428e+09	6.36522e+09	6.69661e+09	6.66902e+09	5.89864e+09	6.23251e+09	6.76369e+09	4.75349e+09	6.67227e+09	7.21583e+09	7.53287e+09	8.16454e+09	7.27952e+09	7.19408e+09	8.09e+09	5.64542e+09	6.52779e+09	6.58681e+09	6.50211e+09	6.52138e+09	7.015e+09	5.7861e+09	6.32043e+09	5.6857e+09	5.74959e+09	6.34248e+09	6.35582e+09	7.22548e+09	7.20776e+09	7.37221e+09	7.54208e+09	6.01966e+09	6.62211e+09	5.48329e+09	6.16071e+09	5.51002e+09	6.18185e+09	6.20586e+09	5.5637e+09
ERR609045	4.07688e+09	4.9783e+09	4.71534e+09	4.95009e+09	4.73237e+09	4.04701e+09	4.52933e+09	4.51137e+09	4.4836e+09	4.53821e+09	4.8765e+09	4.83101e+09	3.60837e+09	4.75258e+09	4.72505e+09	4.98099e+09	4.79883e+09	4.66737e+09	4.05725e+09	4.59984e+09	3.9222e+09	3.96425e+09	4.01858e+09	4.78806e+09	3.28488e+09	3.59146e+09	3.25895e+09	3.29619e+09	3.63067e+09	3.29648e+09	3.617e+09	4.49018e+09	4.35209e+09	4.37016e+09	4.23464e+09	4.21215e+09	5.08299e+09	5.0869e+09	4.74449e+09	5.10332e+09	4.94345e+09	4.92526e+09	5.05771e+09	5.03715e+09	5.0289e+09	5.05189e+09	4.87728e+09	5.0552e+09	4.02824e+09	4.01643e+09	4.02884e+09	4.72587e+09	4.60851e+09	4.4679e+09	3.64834e+09	4.23398e+09	4.44062e+09	4.28173e+09	4.20362e+09	4.42365e+09	4.31747e+09	3.88259e+09	4.06035e+09	4.37347e+09	3.23789e+09	4.31694e+09	4.72413e+09	4.8767e+09	5.21204e+09	4.76491e+09	4.7161e+09	5.17194e+09	3.80651e+09	4.27733e+09	4.32195e+09	4.26269e+09	4.27254e+09	4.55992e+09	3.76895e+09	4.0655e+09	3.73194e+09	3.74662e+09	4.07898e+09	4.08493e+09	4.67335e+09	4.6599e+09	4.75574e+09	4.83776e+09	3.98691e+09	4.32923e+09	3.59997e+09	4.00038e+09	3.61436e+09	4.01395e+09	4.03024e+09	3.64627e+09
ERR609050	5.86619e+09	7.33415e+09	6.89318e+09	7.28119e+09	6.92125e+09	5.81443e+09	6.53338e+09	6.52924e+09	6.45768e+09	6.55243e+09	7.14868e+09	7.07166e+09	4.75258e+09	7.08765e+09	6.82667e+09	7.26486e+09	6.95575e+09	6.71924e+09	5.75441e+09	6.63296e+09	5.48671e+09	5.60262e+09	5.69177e+09	6.95535e+09	4.60403e+09	5.11788e+09	4.56471e+09	4.64402e+09	5.18407e+09	4.62572e+09	5.01772e+09	6.48394e+09	6.25989e+09	6.29174e+09	6.05329e+09	6.0161e+09	7.43264e+09	7.43898e+09	6.87381e+09	7.46746e+09	7.20297e+09	7.18556e+09	7.39913e+09	7.35283e+09	7.35109e+09	7.38686e+09	7.08498e+09	7.39426e+09	5.76332e+09	5.74373e+09	5.76429e+09	6.91935e+09	6.71801e+09	6.49599e+09	5.13265e+09	6.09238e+09	6.42055e+09	6.14569e+09	6.04284e+09	6.38296e+09	6.2587e+09	5.54601e+09	5.84503e+09	6.35049e+09	4.50511e+09	6.26036e+09	6.87006e+09	7.1447e+09	7.71138e+09	6.93257e+09	6.85313e+09	7.64412e+09	5.38015e+09	6.1779e+09	6.24282e+09	6.15391e+09	6.17144e+09	6.63963e+09	5.39917e+09	5.88251e+09	5.32272e+09	5.36326e+09	5.90347e+09	5.91413e+09	6.83891e+09	6.81778e+09	6.97374e+09	7.12154e+09	5.71123e+09	6.27305e+09	5.11062e+09	5.74061e+09	5.13314e+09	5.76099e+09	5.78525e+09	5.1832e+09
ERR609049	5.82607e+09	7.27897e+09	6.84352e+09	7.22697e+09	6.87054e+09	5.77462e+09	6.48938e+09	6.48459e+09	6.41476e+09	6.50825e+09	7.09696e+09	7.02087e+09	4.72505e+09	6.82667e+09	6.99091e+09	7.21211e+09	6.90707e+09	6.67375e+09	5.71736e+09	6.58704e+09	5.45267e+09	5.56671e+09	5.6545e+09	6.90627e+09	4.57589e+09	5.08455e+09	4.53679e+09	4.61515e+09	5.15001e+09	4.59757e+09	4.98853e+09	6.44019e+09	6.21818e+09	6.2495e+09	6.0141e+09	5.97657e+09	7.37711e+09	7.38284e+09	6.82455e+09	7.41097e+09	7.14998e+09	7.13233e+09	7.34576e+09	7.3009e+09	7.29878e+09	7.33387e+09	7.03566e+09	7.34133e+09	5.72648e+09	5.70744e+09	5.72754e+09	6.87053e+09	6.6716e+09	6.45215e+09	5.10353e+09	6.054e+09	6.3799e+09	6.10765e+09	6.00456e+09	6.34284e+09	6.21687e+09	5.51096e+09	5.80695e+09	6.30751e+09	4.47927e+09	6.21798e+09	6.82358e+09	7.09461e+09	7.65492e+09	6.88573e+09	6.80694e+09	7.58865e+09	5.34757e+09	6.13699e+09	6.20108e+09	6.11359e+09	6.13079e+09	6.59448e+09	5.36364e+09	5.84157e+09	5.28864e+09	5.3277e+09	5.86243e+09	5.87345e+09	6.79278e+09	6.77174e+09	6.92666e+09	7.07204e+09	5.67622e+09	6.23307e+09	5.07904e+09	5.70312e+09	5.10132e+09	5.72448e+09	5.7477e+09	5.15078e+09
ERR609047	6.20414e+09	7.79399e+09	7.30897e+09	7.73595e+09	7.34189e+09	6.14721e+09	6.90632e+09	6.9107e+09	6.82455e+09	6.92798e+09	7.59407e+09	7.50984e+09	4.98099e+09	7.26486e+09	7.21211e+09	7.93904e+09	7.36201e+09	7.10203e+09	6.06803e+09	7.01497e+09	5.76762e+09	5.90426e+09	5.99961e+09	7.37094e+09	4.85372e+09	5.41844e+09	4.81196e+09	4.90333e+09	5.49087e+09	4.87846e+09	5.27061e+09	6.86171e+09	6.62111e+09	6.65639e+09	6.39176e+09	6.35268e+09	7.89063e+09	7.89682e+09	7.27785e+09	7.92845e+09	7.63683e+09	7.62335e+09	7.84895e+09	7.79658e+09	7.80118e+09	7.83466e+09	7.50301e+09	7.84374e+09	6.08727e+09	6.06634e+09	6.08766e+09	7.34708e+09	7.12324e+09	6.88542e+09	5.40208e+09	6.44041e+09	6.7888e+09	6.48897e+09	6.38733e+09	6.74283e+09	6.64023e+09	5.8693e+09	6.19705e+09	6.73797e+09	4.74029e+09	6.64197e+09	7.27555e+09	7.58187e+09	8.2082e+09	7.34279e+09	7.25634e+09	8.13445e+09	5.66736e+09	6.53945e+09	6.6067e+09	6.51387e+09	6.53292e+09	7.03863e+09	5.71959e+09	6.24513e+09	5.63005e+09	5.68173e+09	6.26795e+09	6.2804e+09	7.25416e+09	7.23242e+09	7.401e+09	7.56434e+09	6.0319e+09	6.63992e+09	5.40768e+09	6.08413e+09	5.43289e+09	6.10716e+09	6.13257e+09	5.4862e+09
ERR609048	5.94351e+09	7.43456e+09	6.98437e+09	7.38186e+09	7.01388e+09	5.89095e+09	6.61418e+09	6.6138e+09	6.53846e+09	6.63359e+09	7.24802e+09	7.17009e+09	4.79883e+09	6.95575e+09	6.90707e+09	7.36201e+09	7.26322e+09	6.80128e+09	5.82499e+09	6.7174e+09	5.54553e+09	5.67041e+09	5.76035e+09	7.04846e+09	4.65992e+09	5.1873e+09	4.6197e+09	4.70368e+09	5.25475e+09	4.68195e+09	5.07425e+09	6.57014e+09	6.34466e+09	6.37699e+09	6.13061e+09	6.09396e+09	7.53192e+09	7.53854e+09	6.96227e+09	7.56763e+09	7.29655e+09	7.28182e+09	7.49537e+09	7.44827e+09	7.45033e+09	7.48228e+09	7.17541e+09	7.49038e+09	5.84007e+09	5.8199e+09	5.84035e+09	7.01903e+09	6.81159e+09	6.5879e+09	5.18894e+09	6.16652e+09	6.49556e+09	6.21643e+09	6.11596e+09	6.45437e+09	6.34636e+09	5.62135e+09	5.92804e+09	6.43831e+09	4.55746e+09	6.34714e+09	6.95683e+09	7.23892e+09	7.8197e+09	7.01981e+09	6.93921e+09	7.75094e+09	5.44144e+09	6.25876e+09	6.3234e+09	6.23465e+09	6.25281e+09	6.72813e+09	5.47397e+09	5.96733e+09	5.39225e+09	5.43841e+09	5.98826e+09	6.00013e+09	6.92837e+09	6.90777e+09	7.0654e+09	7.21688e+09	5.78134e+09	6.3533e+09	5.1796e+09	5.81728e+09	5.20341e+09	5.8394e+09	5.86333e+09	5.2532e+09
ERR609046	5.73716e+09	7.15742e+09	6.73196e+09	7.10777e+09	6.75993e+09	5.6874e+09	6.39107e+09	6.38547e+09	6.31801e+09	6.40815e+09	6.9847e+09	6.90935e+09	4.66737e+09	6.71924e+09	6.67375e+09	7.10203e+09	6.80128e+09	6.78432e+09	5.63682e+09	6.48997e+09	5.37916e+09	5.48915e+09	5.57538e+09	6.80169e+09	4.51301e+09	5.01173e+09	4.47446e+09	4.55155e+09	5.07568e+09	4.53383e+09	4.9235e+09	6.34311e+09	6.12627e+09	6.15685e+09	5.92651e+09	5.89148e+09	7.26212e+09	7.26783e+09	6.72268e+09	7.29524e+09	7.03884e+09	7.02205e+09	7.22776e+09	7.18524e+09	7.18427e+09	7.21576e+09	6.92777e+09	7.22263e+09	5.64163e+09	5.62251e+09	5.64257e+09	6.76134e+09	6.56669e+09	6.35153e+09	5.02491e+09	5.95749e+09	6.27373e+09	6.00927e+09	5.90944e+09	6.2374e+09	6.12017e+09	5.43001e+09	5.71951e+09	6.20811e+09	4.41858e+09	6.12113e+09	6.71418e+09	6.97921e+09	7.52671e+09	6.77633e+09	6.69921e+09	7.46139e+09	5.26846e+09	6.04184e+09	6.10505e+09	6.01819e+09	6.03505e+09	6.48963e+09	5.28371e+09	5.75259e+09	5.21002e+09	5.24965e+09	5.7731e+09	5.78415e+09	6.67653e+09	6.65679e+09	6.80693e+09	6.94827e+09	5.58419e+09	6.12868e+09	5.00482e+09	5.61696e+09	5.02766e+09	5.63759e+09	5.66023e+09	5.07569e+09
ERR622146	5.09134e+09	6.25724e+09	5.9053e+09	6.21704e+09	5.92979e+09	5.04797e+09	5.54911e+09	5.551e+09	5.48944e+09	5.56469e+09	6.04381e+09	5.98362e+09	4.05725e+09	5.75441e+09	5.71736e+09	6.06803e+09	5.82499e+09	5.63682e+09	5.19927e+09	5.72277e+09	4.78126e+09	4.89773e+09	4.9704e+09	5.98528e+09	3.95255e+09	4.38023e+09	3.91845e+09	3.98798e+09	4.43259e+09	3.97018e+09	4.34583e+09	5.53534e+09	5.3607e+09	5.38706e+09	5.19221e+09	5.1608e+09	6.34322e+09	6.34811e+09	5.89122e+09	6.372e+09	6.15429e+09	6.14563e+09	6.23455e+09	6.19709e+09	6.19915e+09	6.22273e+09	5.98222e+09	6.22933e+09	4.89705e+09	4.8821e+09	4.89864e+09	5.82101e+09	5.65797e+09	5.48577e+09	4.35587e+09	5.13337e+09	5.38734e+09	5.16619e+09	5.09413e+09	5.35283e+09	5.28869e+09	4.71474e+09	4.95951e+09	5.36002e+09	3.84748e+09	5.28977e+09	5.74955e+09	5.97066e+09	6.4246e+09	5.7972e+09	5.73424e+09	6.3708e+09	4.56308e+09	5.21363e+09	5.26305e+09	5.19449e+09	5.20876e+09	5.57935e+09	4.60705e+09	5.00283e+09	4.53998e+09	4.57831e+09	5.01905e+09	5.02876e+09	5.73514e+09	5.71976e+09	5.84404e+09	5.96308e+09	4.83321e+09	5.28512e+09	4.36328e+09	4.87277e+09	4.38329e+09	4.88968e+09	4.90914e+09	4.42387e+09
ERR622144	5.79971e+09	7.23069e+09	6.79938e+09	7.18003e+09	6.82798e+09	5.74909e+09	6.37409e+09	6.37204e+09	6.30126e+09	6.39259e+09	6.97418e+09	6.90009e+09	4.59984e+09	6.63296e+09	6.58704e+09	7.01497e+09	6.7174e+09	6.48997e+09	5.72277e+09	6.80411e+09	5.45081e+09	5.57331e+09	5.66083e+09	6.90755e+09	4.4604e+09	4.96252e+09	4.42097e+09	4.4995e+09	5.02613e+09	4.48107e+09	4.92079e+09	6.34968e+09	6.1352e+09	6.16725e+09	5.93131e+09	5.89472e+09	7.34841e+09	7.35497e+09	6.7957e+09	7.38374e+09	7.11841e+09	7.10501e+09	7.21864e+09	7.17511e+09	7.17552e+09	7.20569e+09	6.91253e+09	7.21297e+09	5.59151e+09	5.57231e+09	5.59253e+09	6.71261e+09	6.51453e+09	6.30314e+09	4.94992e+09	5.88152e+09	6.19462e+09	5.92894e+09	5.83376e+09	6.15528e+09	6.05576e+09	5.36371e+09	5.65607e+09	6.14332e+09	4.34763e+09	6.05677e+09	6.63882e+09	6.90678e+09	7.45939e+09	6.69812e+09	6.6218e+09	7.39355e+09	5.19495e+09	5.97308e+09	6.03456e+09	5.94982e+09	5.96708e+09	6.42044e+09	5.23244e+09	5.70505e+09	5.15516e+09	5.19832e+09	5.72534e+09	5.7367e+09	6.60828e+09	6.58795e+09	6.74001e+09	6.88424e+09	5.51503e+09	6.05976e+09	4.94145e+09	5.55293e+09	4.96445e+09	5.5738e+09	5.59651e+09	5.01327e+09
ERR622143	4.80194e+09	5.90663e+09	5.58159e+09	5.87073e+09	5.60233e+09	4.7632e+09	5.27894e+09	5.26288e+09	5.22308e+09	5.29096e+09	5.71375e+09	5.65808e+09	3.9222e+09	5.48671e+09	5.45267e+09	5.76762e+09	5.54553e+09	5.37916e+09	4.78126e+09	5.45081e+09	4.76358e+09	4.66671e+09	4.73407e+09	5.68755e+09	3.74711e+09	4.12473e+09	3.71498e+09	3.76655e+09	4.17252e+09	3.76186e+09	4.16316e+09	5.24793e+09	5.08149e+09	5.10494e+09	4.93285e+09	4.90353e+09	6.03294e+09	6.03841e+09	5.61072e+09	6.05883e+09	5.85755e+09	5.83897e+09	5.93037e+09	5.9026e+09	5.89508e+09	5.92159e+09	5.70325e+09	5.92573e+09	4.64858e+09	4.63384e+09	4.64975e+09	5.50553e+09	5.35849e+09	5.19043e+09	4.15715e+09	4.87569e+09	5.12468e+09	4.92669e+09	4.83843e+09	5.10095e+09	4.99112e+09	4.45707e+09	4.6782e+09	5.05974e+09	3.66875e+09	4.99117e+09	5.47289e+09	5.66606e+09	6.08202e+09	5.52008e+09	5.4609e+09	6.032e+09	4.35197e+09	4.9374e+09	4.98955e+09	4.91872e+09	4.93212e+09	5.28384e+09	4.33878e+09	4.70354e+09	4.28924e+09	4.31167e+09	4.71925e+09	4.72699e+09	5.42537e+09	5.40758e+09	5.52628e+09	5.63152e+09	4.58144e+09	5.00277e+09	4.11705e+09	4.60059e+09	4.13513e+09	4.61696e+09	4.63587e+09	4.17378e+09
ERR622148	4.96346e+09	6.08779e+09	5.74811e+09	6.04855e+09	5.77161e+09	4.92264e+09	5.40516e+09	5.40705e+09	5.34776e+09	5.4204e+09	5.88157e+09	5.82368e+09	3.96425e+09	5.60262e+09	5.56671e+09	5.90426e+09	5.67041e+09	5.48915e+09	4.89773e+09	5.57331e+09	4.66671e+09	4.95138e+09	4.84905e+09	5.82582e+09	3.86449e+09	4.27782e+09	3.83185e+09	3.89861e+09	4.32843e+09	3.8817e+09	4.24518e+09	5.39169e+09	5.22358e+09	5.24937e+09	5.06151e+09	5.03102e+09	6.16772e+09	6.17278e+09	5.73234e+09	6.19572e+09	5.98647e+09	5.97779e+09	6.06427e+09	6.02851e+09	6.03029e+09	6.05358e+09	5.82096e+09	6.05933e+09	4.77713e+09	4.76227e+09	4.77819e+09	5.66663e+09	5.50983e+09	5.34379e+09	4.25498e+09	5.00472e+09	5.24982e+09	5.03653e+09	4.96692e+09	5.21573e+09	5.15641e+09	4.60249e+09	4.83862e+09	5.22461e+09	3.7629e+09	5.15722e+09	5.59787e+09	5.81123e+09	6.24821e+09	5.64361e+09	5.58329e+09	6.19671e+09	4.45592e+09	5.08267e+09	5.12988e+09	5.06371e+09	5.07746e+09	5.43485e+09	4.49752e+09	4.8785e+09	4.43264e+09	4.46951e+09	4.89485e+09	4.90424e+09	5.58481e+09	5.56899e+09	5.68856e+09	5.80358e+09	4.71476e+09	5.14986e+09	4.26217e+09	4.75413e+09	4.28119e+09	4.77091e+09	4.78902e+09	4.32063e+09
ERR622147	5.0392e+09	6.18676e+09	5.8409e+09	6.1469e+09	5.86457e+09	4.99759e+09	5.49093e+09	5.49294e+09	5.43232e+09	5.50607e+09	5.97789e+09	5.91837e+09	4.01858e+09	5.69177e+09	5.6545e+09	5.99961e+09	5.76035e+09	5.57538e+09	4.9704e+09	5.66083e+09	4.73407e+09	4.84905e+09	5.09581e+09	5.9192e+09	3.91672e+09	4.33786e+09	3.88342e+09	3.95114e+09	4.39012e+09	3.93428e+09	4.30471e+09	5.47579e+09	5.30449e+09	5.33081e+09	5.13922e+09	5.10721e+09	6.26859e+09	6.27358e+09	5.82365e+09	6.29712e+09	6.08313e+09	6.07379e+09	6.16274e+09	6.12596e+09	6.12802e+09	6.1514e+09	5.91379e+09	6.15757e+09	4.84754e+09	4.83307e+09	4.84919e+09	5.75673e+09	5.59617e+09	5.42684e+09	4.31521e+09	5.08152e+09	5.33179e+09	5.11366e+09	5.04277e+09	5.29713e+09	5.2349e+09	4.66916e+09	4.91003e+09	5.30502e+09	3.81345e+09	5.23559e+09	5.68615e+09	5.90404e+09	6.35043e+09	5.7331e+09	5.67123e+09	6.29752e+09	4.51941e+09	5.16019e+09	5.20762e+09	5.1407e+09	5.15511e+09	5.51977e+09	4.56287e+09	4.95268e+09	4.49702e+09	4.53469e+09	4.96898e+09	4.97828e+09	5.67383e+09	5.65844e+09	5.7803e+09	5.89814e+09	4.78583e+09	5.23053e+09	4.32205e+09	4.82372e+09	4.34125e+09	4.84106e+09	4.85977e+09	4.38139e+09
ERR622145	6.08124e+09	7.6148e+09	7.14778e+09	7.56001e+09	7.1794e+09	6.02679e+09	6.68323e+09	6.68664e+09	6.60499e+09	6.70483e+09	7.33923e+09	7.25907e+09	4.78806e+09	6.95535e+09	6.90627e+09	7.37094e+09	7.04846e+09	6.80169e+09	5.98528e+09	6.90755e+09	5.68755e+09	5.82582e+09	5.9192e+09	7.48871e+09	4.66005e+09	5.20061e+09	4.61803e+09	4.70541e+09	5.26913e+09	4.68302e+09	5.12863e+09	6.66019e+09	6.43098e+09	6.46532e+09	6.20937e+09	6.17067e+09	7.73002e+09	7.73635e+09	7.13267e+09	7.7679e+09	7.48049e+09	7.46907e+09	7.58938e+09	7.54041e+09	7.54435e+09	7.57465e+09	7.25674e+09	7.58323e+09	5.85275e+09	5.83273e+09	5.85355e+09	7.05516e+09	6.84058e+09	6.61595e+09	5.16969e+09	6.16282e+09	6.49426e+09	6.2082e+09	6.11135e+09	6.45049e+09	6.35965e+09	5.61913e+09	5.93404e+09	6.45269e+09	4.53624e+09	6.36079e+09	6.96629e+09	7.25877e+09	7.8585e+09	7.03027e+09	6.94789e+09	7.78786e+09	5.42844e+09	6.26439e+09	6.3279e+09	6.23873e+09	6.25757e+09	6.74168e+09	5.48636e+09	5.99299e+09	5.40043e+09	5.45078e+09	6.01504e+09	6.02737e+09	6.94463e+09	6.92386e+09	7.08541e+09	7.24283e+09	5.77446e+09	6.35689e+09	5.17592e+09	5.82539e+09	5.20002e+09	5.84712e+09	5.87144e+09	5.25192e+09
ERR629879	4.09625e+09	4.95257e+09	4.67997e+09	4.92201e+09	4.70621e+09	4.06234e+09	4.55497e+09	4.57673e+09	4.50839e+09	4.56982e+09	4.97087e+09	4.92127e+09	3.28488e+09	4.60403e+09	4.57589e+09	4.85372e+09	4.65992e+09	4.51301e+09	3.95255e+09	4.4604e+09	3.74711e+09	3.86449e+09	3.91672e+09	4.66005e+09	4.05916e+09	4.30598e+09	3.8764e+09	3.95017e+09	4.35427e+09	3.92426e+09	3.51852e+09	4.43949e+09	4.30959e+09	4.33388e+09	4.18004e+09	4.15435e+09	4.83766e+09	4.84144e+09	4.47615e+09	4.86043e+09	4.68558e+09	4.67971e+09	4.95079e+09	4.91194e+09	4.91732e+09	4.94034e+09	4.72166e+09	4.94752e+09	4.32101e+09	4.30885e+09	4.32199e+09	5.07017e+09	4.9359e+09	4.80328e+09	4.02232e+09	4.67641e+09	4.86789e+09	4.67288e+09	4.64735e+09	4.82872e+09	4.9067e+09	4.43756e+09	4.64585e+09	4.96325e+09	3.67283e+09	4.90959e+09	5.08777e+09	5.27699e+09	5.65757e+09	5.12443e+09	5.07534e+09	5.61001e+09	4.16286e+09	4.71782e+09	4.74622e+09	4.7012e+09	4.71181e+09	4.99537e+09	4.41051e+09	4.74742e+09	4.34039e+09	4.38477e+09	4.759e+09	4.76639e+09	5.12023e+09	5.11592e+09	5.21151e+09	5.311e+09	4.39794e+09	4.76517e+09	4.25722e+09	4.68547e+09	4.27378e+09	4.69695e+09	4.71154e+09	4.30954e+09
ERR629876	4.57194e+09	5.562e+09	5.23961e+09	5.52477e+09	5.27218e+09	4.53245e+09	5.06022e+09	5.09911e+09	5.00707e+09	5.07888e+09	5.56759e+09	5.50925e+09	3.59146e+09	5.11788e+09	5.08455e+09	5.41844e+09	5.1873e+09	5.01173e+09	4.38023e+09	4.96252e+09	4.12473e+09	4.27782e+09	4.33786e+09	5.20061e+09	4.30598e+09	4.9801e+09	4.27376e+09	4.37357e+09	4.85956e+09	4.33045e+09	3.867e+09	4.94857e+09	4.79953e+09	4.82857e+09	4.64116e+09	4.61247e+09	5.41233e+09	5.41629e+09	4.99469e+09	5.44005e+09	5.23569e+09	5.23707e+09	5.52858e+09	5.47758e+09	5.49224e+09	5.51518e+09	5.25742e+09	5.52506e+09	4.79684e+09	4.78361e+09	4.798e+09	5.68589e+09	5.5216e+09	5.37111e+09	4.43399e+09	5.20669e+09	5.42558e+09	5.18702e+09	5.17311e+09	5.37193e+09	5.49938e+09	4.94395e+09	5.19618e+09	5.56477e+09	4.03489e+09	5.50328e+09	5.67735e+09	5.91425e+09	6.37146e+09	5.71926e+09	5.66096e+09	6.31583e+09	4.59708e+09	5.26812e+09	5.29714e+09	5.2486e+09	5.26166e+09	5.59314e+09	4.91899e+09	5.32177e+09	4.82603e+09	4.89062e+09	5.33423e+09	5.34436e+09	5.73595e+09	5.73451e+09	5.84411e+09	5.96806e+09	4.88746e+09	5.31929e+09	4.73667e+09	5.23363e+09	4.75668e+09	5.24691e+09	5.26402e+09	4.79818e+09
ERR629878	4.05987e+09	4.90728e+09	4.63755e+09	4.87676e+09	4.66276e+09	4.02671e+09	4.51623e+09	4.53747e+09	4.47057e+09	4.5307e+09	4.92784e+09	4.87833e+09	3.25895e+09	4.56471e+09	4.53679e+09	4.81196e+09	4.6197e+09	4.47446e+09	3.91845e+09	4.42097e+09	3.71498e+09	3.83185e+09	3.88342e+09	4.61803e+09	3.8764e+09	4.27376e+09	4.0038e+09	3.92175e+09	4.32114e+09	3.8965e+09	3.48977e+09	4.40094e+09	4.27244e+09	4.29638e+09	4.14404e+09	4.11826e+09	4.79326e+09	4.79691e+09	4.43544e+09	4.81574e+09	4.64269e+09	4.6367e+09	4.90775e+09	4.86913e+09	4.87443e+09	4.89754e+09	4.68089e+09	4.90484e+09	4.28714e+09	4.2755e+09	4.28842e+09	5.02857e+09	4.89538e+09	4.76438e+09	3.99402e+09	4.64096e+09	4.83084e+09	4.63757e+09	4.61228e+09	4.79155e+09	4.86757e+09	4.40427e+09	4.61049e+09	4.92353e+09	3.64701e+09	4.87051e+09	5.04744e+09	5.23401e+09	5.60995e+09	5.08334e+09	5.03445e+09	5.56322e+09	4.1325e+09	4.68137e+09	4.70925e+09	4.6649e+09	4.67531e+09	4.95547e+09	4.37563e+09	4.70906e+09	4.30683e+09	4.35079e+09	4.72003e+09	4.72741e+09	5.07895e+09	5.07388e+09	5.1689e+09	5.26747e+09	4.3643e+09	4.7276e+09	4.22662e+09	4.65024e+09	4.24297e+09	4.66137e+09	4.67575e+09	4.27864e+09
ERR629875	4.15005e+09	5.01497e+09	4.7364e+09	4.98292e+09	4.76359e+09	4.11583e+09	4.59683e+09	4.62744e+09	4.54974e+09	4.61238e+09	5.03231e+09	4.98076e+09	3.29619e+09	4.64402e+09	4.61515e+09	4.90333e+09	4.70368e+09	4.55155e+09	3.98798e+09	4.4995e+09	3.76655e+09	3.89861e+09	3.95114e+09	4.70541e+09	3.95017e+09	4.37357e+09	3.92175e+09	4.16135e+09	4.42382e+09	3.97106e+09	3.54329e+09	4.48977e+09	4.35867e+09	4.38371e+09	4.22356e+09	4.1975e+09	4.88204e+09	4.88515e+09	4.51657e+09	4.90505e+09	4.72814e+09	4.72631e+09	4.99971e+09	4.95714e+09	4.96674e+09	4.9883e+09	4.76426e+09	4.99639e+09	4.37105e+09	4.35936e+09	4.37202e+09	5.13842e+09	4.99878e+09	4.86689e+09	4.05936e+09	4.73097e+09	4.92158e+09	4.71732e+09	4.70169e+09	4.87721e+09	4.97711e+09	4.49864e+09	4.71422e+09	5.03411e+09	3.70752e+09	4.98077e+09	5.14093e+09	5.34142e+09	5.73194e+09	5.17712e+09	5.12689e+09	5.68349e+09	4.2039e+09	4.77972e+09	4.80658e+09	4.76297e+09	4.77382e+09	5.06078e+09	4.47601e+09	4.82084e+09	4.39794e+09	4.45012e+09	4.83212e+09	4.84047e+09	5.18699e+09	5.18415e+09	5.27998e+09	5.38478e+09	4.45183e+09	4.82538e+09	4.31897e+09	4.75054e+09	4.33604e+09	4.76242e+09	4.77702e+09	4.37195e+09
ERR629874	4.63075e+09	5.64116e+09	5.31211e+09	5.60294e+09	5.34456e+09	4.59067e+09	5.12421e+09	5.16373e+09	5.0694e+09	5.14331e+09	5.64277e+09	5.58281e+09	3.63067e+09	5.18407e+09	5.15001e+09	5.49087e+09	5.25475e+09	5.07568e+09	4.43259e+09	5.02613e+09	4.17252e+09	4.32843e+09	4.39012e+09	5.26913e+09	4.35427e+09	4.85956e+09	4.32114e+09	4.42382e+09	5.09999e+09	4.37911e+09	3.91088e+09	5.01253e+09	4.86e+09	4.89011e+09	4.6995e+09	4.66996e+09	5.48872e+09	5.49295e+09	5.06328e+09	5.51668e+09	5.30874e+09	5.30981e+09	5.60372e+09	5.55154e+09	5.56644e+09	5.59013e+09	5.3273e+09	5.60005e+09	4.85448e+09	4.84137e+09	4.85567e+09	5.76292e+09	5.59512e+09	5.44105e+09	4.48579e+09	5.27434e+09	5.49771e+09	5.25319e+09	5.23984e+09	5.44302e+09	5.57137e+09	5.00437e+09	5.26161e+09	5.6377e+09	4.07819e+09	5.57523e+09	5.75298e+09	5.99588e+09	6.46352e+09	5.79545e+09	5.73549e+09	6.40591e+09	4.65047e+09	5.3356e+09	5.36516e+09	5.31624e+09	5.32881e+09	5.6672e+09	4.97835e+09	5.38913e+09	4.88361e+09	4.94956e+09	5.40266e+09	5.41236e+09	5.81557e+09	5.8139e+09	5.9264e+09	6.05307e+09	4.94835e+09	5.38924e+09	4.79374e+09	5.30028e+09	4.81342e+09	5.31385e+09	5.3307e+09	4.85507e+09
ERR629877	4.11639e+09	4.97898e+09	4.70439e+09	4.94811e+09	4.7303e+09	4.0826e+09	4.57666e+09	4.59977e+09	4.53014e+09	4.59208e+09	4.99748e+09	4.94756e+09	3.29648e+09	4.62572e+09	4.59757e+09	4.87846e+09	4.68195e+09	4.53383e+09	3.97018e+09	4.48107e+09	3.76186e+09	3.8817e+09	3.93428e+09	4.68302e+09	3.92426e+09	4.33045e+09	3.8965e+09	3.97106e+09	4.37911e+09	4.10134e+09	3.53182e+09	4.46091e+09	4.33045e+09	4.35448e+09	4.19858e+09	4.17273e+09	4.86164e+09	4.86544e+09	4.49743e+09	4.88451e+09	4.70876e+09	4.70306e+09	4.97655e+09	4.93698e+09	4.94295e+09	4.96621e+09	4.74488e+09	4.97362e+09	4.3415e+09	4.33011e+09	4.3429e+09	5.09817e+09	4.96167e+09	4.82865e+09	4.04195e+09	4.70141e+09	4.89489e+09	4.69711e+09	4.67209e+09	4.85459e+09	4.93462e+09	4.46195e+09	4.67192e+09	4.99139e+09	3.68938e+09	4.9376e+09	5.11521e+09	5.30649e+09	5.69006e+09	5.1517e+09	5.1017e+09	5.64253e+09	4.18305e+09	4.74353e+09	4.77205e+09	4.72718e+09	4.73785e+09	5.02366e+09	4.43451e+09	4.77423e+09	4.36338e+09	4.40896e+09	4.78614e+09	4.79283e+09	5.14953e+09	5.14541e+09	5.2418e+09	5.34237e+09	4.42171e+09	4.792e+09	4.28151e+09	4.71199e+09	4.29864e+09	4.72383e+09	4.73875e+09	4.33469e+09
ERR608707	4.41772e+09	5.37652e+09	5.09121e+09	5.34426e+09	5.11049e+09	4.38345e+09	4.8357e+09	4.83146e+09	4.78638e+09	4.84662e+09	5.23109e+09	5.18061e+09	3.617e+09	5.01772e+09	4.98853e+09	5.27061e+09	5.07425e+09	4.9235e+09	4.34583e+09	4.92079e+09	4.16316e+09	4.24518e+09	4.30471e+09	5.12863e+09	3.51852e+09	3.867e+09	3.48977e+09	3.54329e+09	3.91088e+09	3.53182e+09	4.07465e+09	4.91312e+09	4.76582e+09	4.78762e+09	4.62989e+09	4.60355e+09	5.4303e+09	5.43424e+09	5.06976e+09	5.45285e+09	5.28105e+09	5.27006e+09	5.39704e+09	5.36808e+09	5.36773e+09	5.38877e+09	5.19609e+09	5.39311e+09	4.33774e+09	4.3254e+09	4.33897e+09	5.09625e+09	4.96488e+09	4.82102e+09	3.91082e+09	4.55399e+09	4.76659e+09	4.58627e+09	4.52128e+09	4.74091e+09	4.64595e+09	4.17338e+09	4.37204e+09	4.70557e+09	3.45036e+09	4.64619e+09	5.03931e+09	5.2168e+09	5.58162e+09	5.08023e+09	5.02792e+09	5.53799e+09	4.06059e+09	4.5905e+09	4.63181e+09	4.57446e+09	4.58623e+09	4.8916e+09	4.07094e+09	4.39618e+09	4.01939e+09	4.04657e+09	4.40959e+09	4.41759e+09	5.04528e+09	5.03207e+09	5.13492e+09	5.22952e+09	4.30315e+09	4.67545e+09	3.88633e+09	4.31242e+09	3.90322e+09	4.3266e+09	4.343e+09	3.93763e+09
ERR608709	5.68709e+09	7.05367e+09	6.63657e+09	7.00482e+09	6.66661e+09	5.63647e+09	6.23781e+09	6.25115e+09	6.16748e+09	6.25744e+09	6.83996e+09	6.76691e+09	4.49018e+09	6.48394e+09	6.44019e+09	6.86171e+09	6.57014e+09	6.34311e+09	5.53534e+09	6.34968e+09	5.24793e+09	5.39169e+09	5.47579e+09	6.66019e+09	4.43949e+09	4.94857e+09	4.40094e+09	4.48977e+09	5.01253e+09	4.46091e+09	4.91312e+09	6.55402e+09	6.13693e+09	6.16916e+09	5.92936e+09	5.89255e+09	7.08723e+09	7.09229e+09	6.56944e+09	7.12105e+09	6.8724e+09	6.86748e+09	7.0438e+09	6.99352e+09	7.00404e+09	7.02974e+09	6.74375e+09	7.03861e+09	5.55937e+09	5.54137e+09	5.56051e+09	6.65773e+09	6.46187e+09	6.2615e+09	4.9409e+09	5.85781e+09	6.15388e+09	5.88613e+09	5.8111e+09	6.10905e+09	6.02545e+09	5.34861e+09	5.64009e+09	6.10977e+09	4.33039e+09	6.02668e+09	6.54449e+09	6.81644e+09	7.35369e+09	6.59898e+09	6.52525e+09	7.28992e+09	5.15421e+09	5.93137e+09	5.98482e+09	5.90894e+09	5.92606e+09	6.36129e+09	5.22777e+09	5.69331e+09	5.14142e+09	5.19508e+09	5.71163e+09	5.72336e+09	6.57433e+09	6.55838e+09	6.70282e+09	6.84735e+09	5.51269e+09	6.04482e+09	4.95137e+09	5.54153e+09	4.97451e+09	5.56102e+09	5.58261e+09	5.0223e+09
ERR608711	5.50958e+09	6.80798e+09	6.41097e+09	6.76176e+09	6.43999e+09	5.46226e+09	6.02832e+09	6.04313e+09	5.9614e+09	6.0473e+09	6.60389e+09	6.53453e+09	4.35209e+09	6.25989e+09	6.21818e+09	6.62111e+09	6.34466e+09	6.12627e+09	5.3607e+09	6.1352e+09	5.08149e+09	5.22358e+09	5.30449e+09	6.43098e+09	4.30959e+09	4.79953e+09	4.27244e+09	4.35867e+09	4.86e+09	4.33045e+09	4.76582e+09	6.13693e+09	6.13831e+09	5.97335e+09	5.74261e+09	5.70515e+09	6.83554e+09	6.84029e+09	6.34212e+09	6.86709e+09	6.63019e+09	6.62709e+09	6.79176e+09	6.74333e+09	6.75493e+09	6.77882e+09	6.50612e+09	6.78676e+09	5.38272e+09	5.36641e+09	5.38473e+09	6.42942e+09	6.24175e+09	6.0531e+09	4.78728e+09	5.6639e+09	5.94377e+09	5.68867e+09	5.62047e+09	5.90025e+09	5.82838e+09	5.18183e+09	5.46187e+09	5.90823e+09	4.20158e+09	5.83004e+09	6.31552e+09	6.57485e+09	7.08631e+09	6.36757e+09	6.29725e+09	7.02604e+09	4.99189e+09	5.73703e+09	5.78654e+09	5.71534e+09	5.73149e+09	6.14588e+09	5.06786e+09	5.5134e+09	4.98386e+09	5.03679e+09	5.53143e+09	5.54282e+09	6.3474e+09	6.33249e+09	6.47071e+09	6.60765e+09	5.33656e+09	5.84449e+09	4.80281e+09	5.3657e+09	4.82524e+09	5.38394e+09	5.40518e+09	4.87073e+09
