	ERR618550	ERR618553	ERR618552	ERR618554	ERR618551	ERR618549	ERR605661	ERR605660	ERR605659	ERR605663	ERR605664	ERR605662	ERR636646	ERR636648	ERR636643	ERR636645	ERR636647	ERR636644	ERR613219	ERR613217	ERR613220	ERR613215	ERR613216	ERR613218	ERR608742	ERR608741	ERR608743	ERR608739	ERR608744	ERR608740	ERR607266	ERR607264	ERR607265	ERR607268	ERR607263	ERR607267	ERR605270	ERR605267	ERR605269	ERR605268	ERR605266	ERR605265	ERR636835	ERR636838	ERR636836	ERR636839	ERR636840	ERR636837	ERR635311	ERR635314	ERR635313	ERR635310	ERR635312	ERR635315	ERR629907	ERR629906	ERR629908	ERR629905	ERR629909	ERR629904	ERR605970	ERR605975	ERR605971	ERR605974	ERR605972	ERR605973	ERR617452	ERR617451	ERR617453	ERR617456	ERR617455	ERR617454	ERR612652	ERR612653	ERR612654	ERR612651	ERR612650	ERR612649	ERR630451	ERR630447	ERR630448	ERR630449	ERR630450	ERR630446	ERR608213	ERR608210	ERR608214	ERR608209	ERR608211	ERR608212	ERR613316	ERR613311	ERR613314	ERR613312	ERR613313	ERR613315
ERR618550	0	0.833454	0.824025	0.832589	0.815919	0.810391	0.940226	0.938045	0.931261	0.937325	0.939817	0.943535	0.965681	0.950757	0.951045	0.97672	0.965664	0.96092	1.02167	0.996363	1.02162	0.985871	0.991213	1.02681	0.928741	0.925406	0.929556	0.970044	0.92823	0.93442	0.944219	0.923196	0.920611	0.943084	0.931282	0.942941	0.891319	0.92329	0.895128	0.89663	0.883064	0.877761	0.938076	0.928146	0.930836	0.927514	0.926182	0.931412	1.08334	1.09274	1.09191	1.08663	1.0781	1.09352	1.09759	1.08471	1.09761	1.09465	1.09603	1.08375	1.07168	1.06476	1.04444	1.06394	1.04255	1.06254	1.09683	1.09838	1.09674	1.10397	1.08437	1.08602	1.07377	1.0741	1.07502	1.06527	1.07917	1.06179	1.08625	1.07543	1.07143	1.09	1.093	1.07143	1.07729	1.07926	1.08187	1.09514	1.07168	1.07628	1.09692	1.06552	1.08085	1.07815	1.07184	1.07948
ERR618553	0.833454	0	0.828188	0.836288	0.829363	0.824029	0.952452	0.95035	0.943132	0.95248	0.954077	0.954398	0.967816	0.954481	0.955016	0.982431	0.967683	0.964746	1.02907	1.00197	1.02835	0.988785	0.996371	1.03441	0.937588	0.93411	0.939317	0.982322	0.938432	0.944838	0.94801	0.927538	0.927483	0.945746	0.937337	0.945984	0.909213	0.939632	0.912756	0.91496	0.899224	0.893797	0.945894	0.937134	0.938175	0.936446	0.93475	0.940074	1.09062	1.10166	1.10076	1.09581	1.0856	1.1026	1.10348	1.08879	1.10396	1.09959	1.10235	1.08815	1.08367	1.07401	1.05248	1.07306	1.05096	1.07123	1.09949	1.1026	1.09937	1.10701	1.08658	1.08846	1.08186	1.08242	1.08319	1.07424	1.08792	1.06921	1.09115	1.08175	1.07686	1.09435	1.09733	1.07727	1.08004	1.08034	1.08445	1.09829	1.07233	1.07896	1.10979	1.07674	1.09123	1.09025	1.08403	1.08983
ERR618552	0.824025	0.828188	0	0.827103	0.819417	0.814326	0.942997	0.941211	0.933298	0.942389	0.944724	0.944988	0.959442	0.945831	0.946076	0.97467	0.959398	0.956575	1.02104	0.993524	1.0208	0.980237	0.987514	1.02668	0.928806	0.924965	0.930222	0.973833	0.929349	0.935754	0.939573	0.91818	0.917662	0.937126	0.928195	0.937026	0.899123	0.931059	0.90263	0.904466	0.88934	0.883576	0.936855	0.927634	0.928646	0.927018	0.925155	0.930518	1.08487	1.09616	1.09512	1.08999	1.07979	1.09693	1.09766	1.083	1.09804	1.09408	1.09645	1.08224	1.07701	1.06767	1.04592	1.06679	1.04413	1.06502	1.09398	1.09729	1.0942	1.10194	1.08109	1.08294	1.07523	1.0758	1.07652	1.06723	1.0816	1.06228	1.08505	1.07541	1.07054	1.08866	1.09147	1.07085	1.07528	1.07552	1.07939	1.09353	1.06715	1.07393	1.1035	1.06979	1.08458	1.08353	1.07716	1.0835
ERR618554	0.832589	0.836288	0.827103	0	0.828567	0.822913	0.949765	0.94773	0.941051	0.949936	0.9515	0.952065	0.969463	0.956814	0.956665	0.984177	0.969187	0.966696	1.0252	0.999001	1.02478	0.986281	0.993341	1.03056	0.939679	0.935851	0.941113	0.983221	0.939948	0.946476	0.949393	0.929195	0.928633	0.947272	0.938427	0.94724	0.905983	0.934935	0.909604	0.910924	0.896527	0.891093	0.947843	0.939014	0.940157	0.93845	0.936576	0.941942	1.09209	1.10291	1.10199	1.09708	1.08673	1.10353	1.10493	1.09018	1.10514	1.10107	1.1036	1.08929	1.0792	1.06972	1.04957	1.06935	1.04786	1.0675	1.10099	1.1039	1.10056	1.10827	1.08819	1.08976	1.07908	1.07977	1.08044	1.07209	1.08501	1.06712	1.09248	1.08301	1.07817	1.09558	1.09831	1.0787	1.08203	1.08213	1.08608	1.0997	1.07384	1.08061	1.10563	1.07429	1.08779	1.0871	1.08111	1.08683
ERR618551	0.815919	0.829363	0.819417	0.828567	0	0.807087	0.937754	0.93587	0.928766	0.935877	0.937768	0.940551	0.961444	0.946797	0.946902	0.973801	0.961018	0.956897	1.01849	0.992424	1.01815	0.980819	0.987099	1.02371	0.92616	0.922787	0.92754	0.968652	0.926332	0.932523	0.940106	0.918645	0.916849	0.938522	0.927413	0.938418	0.890504	0.923073	0.89429	0.896124	0.881765	0.876144	0.935052	0.925185	0.927196	0.924164	0.922702	0.928042	1.0815	1.09188	1.09071	1.08569	1.07642	1.09238	1.09487	1.081	1.09507	1.09177	1.09358	1.08042	1.07017	1.06268	1.04176	1.06176	1.04014	1.06017	1.09348	1.09519	1.09321	1.10035	1.08044	1.08258	1.071	1.07144	1.07216	1.0624	1.07658	1.05857	1.08334	1.07259	1.06838	1.08688	1.08986	1.06843	1.0743	1.07566	1.07868	1.09244	1.06807	1.07307	1.0956	1.06361	1.07888	1.07649	1.07039	1.07754
ERR618549	0.810391	0.824029	0.814326	0.822913	0.807087	0	0.93262	0.930507	0.923202	0.930928	0.93323	0.935964	0.956729	0.941826	0.941957	0.969423	0.956643	0.952222	1.01613	0.988549	1.01559	0.976678	0.983342	1.02149	0.92074	0.917042	0.921924	0.964495	0.920887	0.927489	0.934031	0.912209	0.910612	0.932567	0.921321	0.932692	0.885734	0.91842	0.889416	0.891213	0.876465	0.870694	0.928943	0.919185	0.921085	0.918328	0.916606	0.922055	1.07705	1.08809	1.08702	1.0816	1.07211	1.08838	1.0915	1.07735	1.09169	1.08817	1.09011	1.07633	1.06757	1.05936	1.03822	1.05853	1.03632	1.05734	1.0898	1.09171	1.08963	1.09722	1.07695	1.07862	1.06785	1.06832	1.06913	1.05917	1.07337	1.05502	1.07976	1.06912	1.06445	1.0833	1.08614	1.06464	1.06986	1.07154	1.07437	1.08872	1.06352	1.06874	1.09313	1.06012	1.07555	1.07356	1.06694	1.07448
ERR605661	0.940226	0.952452	0.942997	0.949765	0.937754	0.93262	0	0.767049	0.758326	0.770823	0.772147	0.77329	0.969926	0.954209	0.955295	0.981862	0.96972	0.965685	0.929464	0.905547	0.928869	0.898285	0.901853	0.934596	0.971351	0.967737	0.971035	1.01083	0.970519	0.977572	0.954086	0.934211	0.933231	0.952814	0.942408	0.953132	0.878425	0.905591	0.881591	0.882821	0.871371	0.866168	0.942362	0.93273	0.93489	0.932613	0.931037	0.936343	1.09923	1.11009	1.10896	1.10445	1.09407	1.11097	1.11102	1.09643	1.1114	1.10764	1.11021	1.09532	0.98552	0.980278	0.960174	0.978469	0.959858	0.977662	1.1153	1.11684	1.11464	1.12212	1.10335	1.10459	1.04633	1.04679	1.04785	1.03891	1.05215	1.03497	1.10092	1.0902	1.08578	1.10431	1.10724	1.08569	1.09582	1.09716	1.10043	1.11418	1.08903	1.09479	1.05776	1.02961	1.04253	1.04103	1.03585	1.04146
ERR605660	0.938045	0.95035	0.941211	0.94773	0.93587	0.930507	0.767049	0	0.756352	0.768366	0.769918	0.771857	0.968512	0.952576	0.953552	0.980203	0.968381	0.9638	0.930153	0.905456	0.929495	0.897562	0.90174	0.935254	0.969915	0.966319	0.969432	1.00951	0.968794	0.97628	0.952137	0.931917	0.930518	0.951091	0.939762	0.951026	0.876978	0.904517	0.880036	0.881856	0.869533	0.863714	0.940819	0.931315	0.933104	0.930822	0.929386	0.934724	1.09673	1.10734	1.10654	1.10181	1.09124	1.10811	1.10842	1.09342	1.10899	1.10456	1.10756	1.09201	0.985219	0.979353	0.959351	0.97796	0.959012	0.977266	1.11269	1.114	1.11173	1.11914	1.10071	1.10181	1.04407	1.04458	1.04562	1.0361	1.04977	1.03249	1.09799	1.0874	1.08263	1.10131	1.10423	1.0826	1.09268	1.09381	1.09697	1.11102	1.08571	1.09101	1.05637	1.02758	1.04087	1.03896	1.03378	1.0397
ERR605659	0.931261	0.943132	0.933298	0.941051	0.928766	0.923202	0.758326	0.756352	0	0.760805	0.763073	0.763553	0.958694	0.942116	0.943224	0.971782	0.958255	0.95427	0.925253	0.898345	0.92495	0.889065	0.893714	0.931229	0.961126	0.957462	0.961016	1.00309	0.960286	0.96776	0.942168	0.921303	0.920603	0.940719	0.930044	0.941216	0.871627	0.900693	0.875097	0.876721	0.863248	0.856488	0.931559	0.921786	0.923564	0.921569	0.919411	0.924901	1.09072	1.10179	1.1011	1.0962	1.08501	1.10259	1.10194	1.08627	1.10274	1.09832	1.10143	1.08498	0.983107	0.976549	0.954551	0.974793	0.953623	0.973495	1.10619	1.10787	1.1054	1.11304	1.09364	1.09466	1.04012	1.04078	1.04176	1.03183	1.04618	1.02735	1.09121	1.08059	1.07538	1.09455	1.09768	1.07548	1.08609	1.08661	1.09038	1.10502	1.07824	1.08442	1.05526	1.02414	1.03797	1.03662	1.03059	1.03684
ERR605663	0.937325	0.95248	0.942389	0.949936	0.935877	0.930928	0.770823	0.768366	0.760805	0	0.764269	0.772769	0.971498	0.95456	0.95588	0.980347	0.971023	0.965916	0.931025	0.908138	0.9308	0.902782	0.904916	0.935507	0.969215	0.966128	0.968624	1.00528	0.96785	0.974839	0.954802	0.934955	0.932084	0.954694	0.941878	0.954981	0.87249	0.902449	0.876065	0.877285	0.867509	0.861829	0.941722	0.931775	0.935394	0.931334	0.929885	0.935229	1.09614	1.10509	1.10426	1.09961	1.09073	1.10594	1.10821	1.09515	1.10846	1.10543	1.10699	1.09397	0.982003	0.978137	0.959401	0.976249	0.95897	0.976349	1.11446	1.11467	1.11379	1.12077	1.10297	1.10428	1.04587	1.04594	1.04728	1.03689	1.05111	1.03458	1.09939	1.08805	1.08415	1.10291	1.10582	1.08417	1.09477	1.09721	1.0994	1.11232	1.08981	1.09344	1.05419	1.02664	1.04056	1.03751	1.03172	1.03916
ERR605664	0.939817	0.954077	0.944724	0.9515	0.937768	0.93323	0.772147	0.769918	0.763073	0.764269	0	0.773246	0.972853	0.955739	0.957436	0.981793	0.972316	0.967057	0.932424	0.909545	0.931918	0.903967	0.906224	0.936952	0.971707	0.968679	0.970905	1.00804	0.970305	0.977354	0.956489	0.936917	0.934574	0.956861	0.944151	0.957063	0.874962	0.903698	0.877873	0.879617	0.869731	0.863858	0.943531	0.934214	0.937332	0.934168	0.932537	0.937603	1.0992	1.10804	1.10707	1.1026	1.09363	1.10855	1.1103	1.097	1.1103	1.10763	1.1092	1.09562	0.983857	0.979531	0.961341	0.977973	0.961068	0.977765	1.11619	1.11647	1.11544	1.12244	1.10469	1.10552	1.04677	1.04702	1.04822	1.03802	1.052	1.03552	1.10094	1.08983	1.08608	1.10467	1.10743	1.08597	1.09699	1.09898	1.10131	1.11446	1.09162	1.09552	1.05534	1.02801	1.04168	1.03855	1.03329	1.04067
ERR605662	0.943535	0.954398	0.944988	0.952065	0.940551	0.935964	0.77329	0.771857	0.763553	0.772769	0.773246	0	0.971805	0.956538	0.957769	0.985	0.971701	0.96784	0.929743	0.905763	0.929093	0.89742	0.901878	0.935015	0.975665	0.971789	0.975938	1.01621	0.975266	0.982212	0.956782	0.937512	0.937068	0.955499	0.945972	0.955623	0.883004	0.908515	0.886223	0.887639	0.875953	0.870149	0.946095	0.93751	0.938506	0.937217	0.935473	0.94055	1.10342	1.1146	1.11366	1.10886	1.09826	1.11536	1.11469	1.09934	1.11526	1.11103	1.11411	1.09826	0.988337	0.981887	0.962425	0.980575	0.961908	0.979122	1.11793	1.11976	1.11708	1.12475	1.10559	1.10686	1.04843	1.04901	1.04955	1.04132	1.05375	1.03706	1.10386	1.09391	1.089	1.10699	1.10984	1.08939	1.09866	1.09915	1.10283	1.11693	1.09107	1.09732	1.06035	1.03287	1.04483	1.04392	1.03887	1.04381
ERR636646	0.965681	0.967816	0.959442	0.969463	0.961444	0.956729	0.969926	0.968512	0.958694	0.971498	0.972853	0.971805	0	0.779684	0.779876	0.815091	0.792101	0.791843	1.05298	1.01989	1.05181	1.0037	1.01294	1.0606	0.95536	0.951768	0.957499	1.00058	0.957196	0.963199	0.941541	0.921606	0.922938	0.93808	0.931588	0.939193	1.00051	1.0343	1.00501	1.00623	0.989521	0.982543	0.940488	0.929904	0.931613	0.928887	0.927248	0.933317	1.10461	1.11567	1.11448	1.11024	1.09842	1.11593	1.05281	1.03658	1.05283	1.04924	1.05226	1.03537	1.11827	1.10642	1.07891	1.10561	1.07767	1.10269	1.06182	1.06451	1.06154	1.07197	1.04693	1.04878	1.07089	1.07063	1.07265	1.05861	1.08025	1.05152	1.04022	1.0277	1.02403	1.04385	1.04708	1.02344	1.08671	1.08582	1.09126	1.10585	1.07747	1.08537	1.11527	1.06545	1.08789	1.08574	1.07536	1.08542
ERR636648	0.950757	0.954481	0.945831	0.956814	0.946797	0.941826	0.954209	0.952576	0.942116	0.95456	0.955739	0.956538	0.779684	0	0.762115	0.800327	0.779951	0.775605	1.04447	1.00965	1.04329	0.993238	1.00215	1.05211	0.940567	0.936955	0.942132	0.98688	0.941916	0.948541	0.926656	0.905457	0.905432	0.923938	0.915706	0.924975	0.98486	1.02128	0.989697	0.991062	0.97387	0.966325	0.924964	0.913176	0.91536	0.911974	0.909976	0.91693	1.0918	1.10297	1.10153	1.09727	1.08557	1.10358	1.04008	1.02414	1.04035	1.03712	1.03948	1.0227	1.10823	1.09687	1.06826	1.09595	1.06665	1.09324	1.05009	1.05241	1.04983	1.06038	1.03476	1.03653	1.05914	1.05859	1.0609	1.04589	1.0685	1.03914	1.02758	1.014	1.01018	1.03167	1.03481	1.0096	1.07489	1.0745	1.07945	1.09476	1.06628	1.07373	1.10391	1.05258	1.07613	1.07312	1.06248	1.07372
ERR636643	0.951045	0.955016	0.946076	0.956665	0.946902	0.941957	0.955295	0.953552	0.943224	0.95588	0.957436	0.957769	0.779876	0.762115	0	0.79804	0.780618	0.772962	1.04465	1.00992	1.04401	0.993375	1.00245	1.05277	0.941105	0.937368	0.942761	0.987688	0.942433	0.94889	0.926429	0.904879	0.905255	0.922866	0.915083	0.924299	0.985713	1.02185	0.990372	0.992046	0.974515	0.967153	0.925488	0.913643	0.916223	0.912435	0.910435	0.917235	1.0915	1.10275	1.10168	1.0967	1.08523	1.10328	1.03988	1.02333	1.04006	1.03652	1.03924	1.02207	1.108	1.09688	1.06787	1.09571	1.06641	1.09284	1.04968	1.05229	1.04955	1.05979	1.03427	1.03591	1.05875	1.05849	1.06064	1.0457	1.06849	1.03868	1.02725	1.01358	1.00983	1.03156	1.03468	1.0092	1.0747	1.07418	1.07913	1.09437	1.06579	1.07331	1.10373	1.05211	1.07587	1.07283	1.06215	1.07307
ERR636645	0.97672	0.982431	0.97467	0.984177	0.973801	0.969423	0.981862	0.980203	0.971782	0.980347	0.981793	0.985	0.815091	0.800327	0.79804	0	0.815467	0.807378	1.06578	1.03575	1.06521	1.02362	1.02999	1.07265	0.965541	0.962923	0.966524	1.00395	0.96633	0.97188	0.958306	0.939827	0.938609	0.95654	0.947494	0.957534	1.00791	1.04184	1.01211	1.01342	0.998858	0.992364	0.952545	0.942333	0.94591	0.941401	0.940051	0.945826	1.11181	1.12041	1.11929	1.11539	1.10612	1.12112	1.05845	1.04565	1.05856	1.05613	1.05778	1.04426	1.12442	1.11578	1.09014	1.11447	1.08911	1.11253	1.07271	1.07365	1.07233	1.08152	1.05915	1.06086	1.08024	1.07951	1.08205	1.06701	1.08862	1.06191	1.04867	1.03497	1.03258	1.05301	1.05576	1.0322	1.09876	1.10025	1.10362	1.11632	1.09312	1.09808	1.11974	1.07218	1.09532	1.09106	1.08047	1.09265
ERR636647	0.965664	0.967683	0.959398	0.969187	0.961018	0.956643	0.96972	0.968381	0.958255	0.971023	0.972316	0.971701	0.792101	0.779951	0.780618	0.815467	0	0.792635	1.05253	1.01996	1.05175	1.00397	1.01276	1.06029	0.954511	0.951233	0.956629	0.999841	0.956018	0.962198	0.941187	0.921286	0.921893	0.93756	0.931053	0.938461	1.00064	1.03411	1.00485	1.00619	0.989509	0.982399	0.940242	0.930075	0.931195	0.928629	0.926899	0.93304	1.10392	1.11491	1.11401	1.10961	1.09772	1.11537	1.05246	1.03634	1.05267	1.04915	1.052	1.03493	1.11813	1.10638	1.07881	1.10517	1.07733	1.10271	1.06134	1.06395	1.06107	1.07117	1.04643	1.0481	1.07026	1.06992	1.07196	1.05802	1.07949	1.05086	1.03981	1.02713	1.02324	1.0435	1.0468	1.02288	1.086	1.08503	1.09067	1.10539	1.07689	1.08475	1.11468	1.0653	1.08739	1.08521	1.07509	1.08519
ERR636644	0.96092	0.964746	0.956575	0.966696	0.956897	0.952222	0.965685	0.9638	0.95427	0.965916	0.967057	0.96784	0.791843	0.775605	0.772962	0.807378	0.792635	0	1.05204	1.01906	1.05115	1.00414	1.01222	1.05965	0.950199	0.947184	0.952347	0.994717	0.952014	0.957976	0.938915	0.918655	0.918555	0.935797	0.928189	0.936798	0.994847	1.0298	0.999421	1.00056	0.984259	0.977049	0.935774	0.924755	0.927294	0.923919	0.921899	0.928379	1.09948	1.10999	1.10894	1.1043	1.09325	1.11045	1.04713	1.03169	1.04725	1.04409	1.04621	1.03024	1.1149	1.10415	1.07678	1.10326	1.07518	1.10082	1.05819	1.06023	1.05781	1.0679	1.04324	1.04492	1.06671	1.06625	1.06845	1.05336	1.07579	1.04725	1.03505	1.02177	1.01828	1.03936	1.04228	1.01786	1.08377	1.08352	1.08835	1.10287	1.07561	1.08252	1.10983	1.05974	1.08291	1.0797	1.06914	1.08066
ERR613219	1.02167	1.02907	1.02104	1.0252	1.01849	1.01613	0.929464	0.930153	0.925253	0.931025	0.932424	0.929743	1.05298	1.04447	1.04465	1.06578	1.05253	1.05204	0	0.772664	0.787254	0.769687	0.770672	0.790765	1.06826	1.06527	1.06871	1.10146	1.06881	1.07301	1.04906	1.03647	1.03828	1.04732	1.04334	1.04821	0.951225	0.967192	0.952654	0.954427	0.950161	0.945826	1.0285	1.02288	1.02279	1.0225	1.02099	1.02472	1.15387	1.16363	1.16353	1.16	1.1504	1.16425	1.1519	1.13869	1.15228	1.14835	1.15082	1.13771	0.968055	0.967775	0.95461	0.965333	0.954745	0.964133	1.1508	1.15404	1.15043	1.15669	1.14107	1.14223	1.06918	1.0695	1.06929	1.06584	1.07345	1.06228	1.1506	1.14382	1.13972	1.15232	1.15478	1.13981	1.14743	1.14583	1.15087	1.16085	1.13994	1.14646	1.06874	1.05279	1.05987	1.06014	1.05762	1.05985
ERR613217	0.996363	1.00197	0.993524	0.999001	0.992424	0.988549	0.905547	0.905456	0.898345	0.908138	0.909545	0.905763	1.01989	1.00965	1.00992	1.03575	1.01996	1.01906	0.772664	0	0.774634	0.730932	0.735932	0.780691	1.03627	1.03219	1.03709	1.07523	1.03672	1.04211	1.01236	0.997359	0.999326	1.00971	1.00558	1.01099	0.932353	0.954613	0.934298	0.936741	0.927825	0.921791	0.991656	0.985276	0.984136	0.98433	0.982374	0.986838	1.12716	1.13905	1.13882	1.13445	1.12295	1.1396	1.12606	1.11013	1.12658	1.12153	1.12489	1.10912	0.959637	0.956593	0.934831	0.953961	0.934421	0.951507	1.12476	1.12892	1.12443	1.13161	1.11358	1.11502	1.05192	1.05221	1.05263	1.04649	1.0576	1.04144	1.12399	1.11646	1.11127	1.12583	1.12891	1.11152	1.12007	1.11785	1.12385	1.13566	1.11103	1.11877	1.06337	1.03786	1.04865	1.04876	1.04461	1.04771
ERR613220	1.02162	1.02835	1.0208	1.02478	1.01815	1.01559	0.928869	0.929495	0.92495	0.9308	0.931918	0.929093	1.05181	1.04329	1.04401	1.06521	1.05175	1.05115	0.787254	0.774634	0	0.770641	0.772067	0.792019	1.06801	1.06478	1.06876	1.1017	1.06855	1.07271	1.04871	1.03633	1.03742	1.04645	1.0428	1.04734	0.952199	0.968043	0.953662	0.955798	0.950745	0.946795	1.02829	1.02292	1.02233	1.02214	1.02076	1.02419	1.15431	1.16391	1.16391	1.16044	1.15015	1.16455	1.15224	1.13869	1.15268	1.1485	1.15106	1.13774	0.969421	0.96875	0.95538	0.966308	0.955614	0.965014	1.15065	1.15438	1.15053	1.15669	1.14091	1.14214	1.06957	1.0699	1.06977	1.06611	1.07368	1.06244	1.15032	1.14371	1.13951	1.1522	1.15451	1.13963	1.14704	1.14528	1.15029	1.16018	1.13927	1.14571	1.06932	1.05318	1.06	1.0607	1.05844	1.05994
ERR613215	0.985871	0.988785	0.980237	0.986281	0.980819	0.976678	0.898285	0.897562	0.889065	0.902782	0.903967	0.89742	1.0037	0.993238	0.993375	1.02362	1.00397	1.00414	0.769687	0.730932	0.770641	0	0.722318	0.779073	1.02275	1.01805	1.02411	1.06653	1.02362	1.02928	0.994331	0.977611	0.980815	0.990393	0.987572	0.991741	0.926732	0.951378	0.929611	0.932077	0.920087	0.913455	0.976494	0.969232	0.967235	0.968328	0.966041	0.971094	1.1162	1.12966	1.12949	1.1248	1.11153	1.13027	1.11449	1.09623	1.11524	1.1091	1.11334	1.09507	0.958999	0.953719	0.92731	0.950505	0.926657	0.947283	1.11107	1.11669	1.11122	1.11895	1.09877	1.1003	1.04365	1.04433	1.04448	1.03795	1.05068	1.03093	1.11075	1.10354	1.09738	1.11256	1.11588	1.09801	1.10627	1.10247	1.11006	1.12329	1.09475	1.10429	1.06233	1.03183	1.04374	1.04554	1.04031	1.04303
ERR613216	0.991213	0.996371	0.987514	0.993341	0.987099	0.983342	0.901853	0.90174	0.893714	0.904916	0.906224	0.901878	1.01294	1.00215	1.00245	1.02999	1.01276	1.01222	0.770672	0.735932	0.772067	0.722318	0	0.779021	1.02977	1.02534	1.03072	1.07037	1.03048	1.03584	1.00418	0.988386	0.990898	1.00109	0.997182	1.00228	0.928868	0.952694	0.93139	0.933752	0.923716	0.917198	0.984045	0.976829	0.975427	0.976101	0.974122	0.97862	1.12199	1.1341	1.13377	1.12925	1.11737	1.13452	1.11998	1.10348	1.12049	1.11559	1.11904	1.10236	0.957885	0.953966	0.930201	0.951234	0.929883	0.948444	1.11829	1.12269	1.11773	1.12534	1.10666	1.10791	1.0477	1.04796	1.04852	1.04194	1.0537	1.03639	1.11786	1.11015	1.10483	1.1198	1.12264	1.10488	1.11402	1.11132	1.11774	1.1299	1.10415	1.11256	1.06206	1.03402	1.04581	1.04647	1.04164	1.04495
ERR613218	1.02681	1.03441	1.02668	1.03056	1.02371	1.02149	0.934596	0.935254	0.931229	0.935507	0.936952	0.935015	1.0606	1.05211	1.05277	1.07265	1.06029	1.05965	0.790765	0.780691	0.792019	0.779073	0.779021	0	1.07426	1.07138	1.075	1.10596	1.07483	1.07874	1.05728	1.04568	1.04666	1.05575	1.05165	1.0566	0.954844	0.969588	0.955916	0.957573	0.954625	0.950926	1.0359	1.03037	1.03055	1.03004	1.02847	1.03183	1.15864	1.16795	1.16742	1.16434	1.15516	1.16835	1.157	1.1447	1.15752	1.15385	1.1559	1.14363	0.97001	0.970842	0.959331	0.96824	0.959265	0.967366	1.15635	1.15937	1.15607	1.16215	1.14691	1.14803	1.07282	1.07315	1.07342	1.06981	1.07656	1.06689	1.15614	1.14949	1.14539	1.15789	1.16027	1.1457	1.15296	1.15152	1.15627	1.16549	1.14616	1.1521	1.0698	1.05589	1.06245	1.06249	1.06022	1.06226
ERR608742	0.928741	0.937588	0.928806	0.939679	0.92616	0.92074	0.971351	0.969915	0.961126	0.969215	0.971707	0.975665	0.95536	0.940567	0.941105	0.965541	0.954511	0.950199	1.06826	1.03627	1.06801	1.02275	1.02977	1.07426	0	0.81561	0.81743	0.867031	0.815806	0.825794	0.916359	0.897977	0.895052	0.916413	0.904149	0.915235	0.957282	0.996668	0.961913	0.964401	0.948303	0.940978	0.885832	0.877214	0.881059	0.876639	0.875455	0.880582	1.08683	1.09656	1.09516	1.09004	1.08222	1.09736	1.11261	1.1	1.11282	1.11	1.11134	1.09898	1.09664	1.0906	1.06495	1.08966	1.0636	1.08782	1.11304	1.11406	1.11286	1.1202	1.10096	1.10229	1.11993	1.12007	1.12171	1.10813	1.12711	1.10348	1.10385	1.09262	1.08915	1.10762	1.11055	1.08885	1.09101	1.09346	1.09529	1.10886	1.08611	1.0896	1.15348	1.11174	1.13241	1.12871	1.11951	1.13037
ERR608741	0.925406	0.93411	0.924965	0.935851	0.922787	0.917042	0.967737	0.966319	0.957462	0.966128	0.968679	0.971789	0.951768	0.936955	0.937368	0.962923	0.951233	0.947184	1.06527	1.03219	1.06478	1.01805	1.02534	1.07138	0.81561	0	0.81798	0.863126	0.816273	0.82043	0.912238	0.893468	0.890852	0.911304	0.899881	0.911169	0.954858	0.994129	0.959388	0.962389	0.945269	0.937547	0.882334	0.874158	0.876826	0.873342	0.871988	0.876988	1.08348	1.09338	1.09213	1.08706	1.07829	1.0942	1.1096	1.09608	1.1095	1.10692	1.10828	1.09537	1.0946	1.08819	1.06187	1.08707	1.0598	1.08478	1.10941	1.11062	1.10948	1.11692	1.09714	1.09869	1.11632	1.11655	1.11808	1.10469	1.12345	1.09955	1.10022	1.08901	1.08513	1.104	1.10675	1.08524	1.08702	1.08948	1.09156	1.10571	1.08161	1.08607	1.15101	1.1087	1.12945	1.12571	1.11647	1.12706
ERR608743	0.929556	0.939317	0.930222	0.941113	0.92754	0.921924	0.971035	0.969432	0.961016	0.968624	0.970905	0.975938	0.957499	0.942132	0.942761	0.966524	0.956629	0.952347	1.06871	1.03709	1.06876	1.02411	1.03072	1.075	0.81743	0.81798	0	0.867734	0.817238	0.827361	0.918607	0.900246	0.8969	0.918998	0.906293	0.918318	0.957305	0.997064	0.961419	0.964237	0.948211	0.940943	0.887601	0.87938	0.882693	0.878648	0.877708	0.882397	1.08644	1.09545	1.09438	1.08933	1.08167	1.0963	1.11249	1.09968	1.11235	1.10998	1.11116	1.09925	1.0973	1.09112	1.06587	1.09036	1.06423	1.08841	1.1131	1.11406	1.11313	1.12012	1.10118	1.10272	1.12009	1.12024	1.12166	1.10813	1.12683	1.10366	1.10375	1.09241	1.08889	1.10751	1.11048	1.08879	1.09089	1.09368	1.0949	1.10895	1.08618	1.08971	1.15306	1.11161	1.13226	1.12845	1.11921	1.1304
ERR608739	0.970044	0.982322	0.973833	0.983221	0.968652	0.964495	1.01083	1.00951	1.00309	1.00528	1.00804	1.01621	1.00058	0.98688	0.987688	1.00395	0.999841	0.994717	1.10146	1.07523	1.1017	1.06653	1.07037	1.10596	0.867031	0.863126	0.867734	0	0.866449	0.867894	0.962935	0.948226	0.943075	0.965005	0.95115	0.963819	0.991534	1.0281	0.995062	0.997452	0.986327	0.980207	0.929058	0.92263	0.927719	0.921694	0.921288	0.925516	1.11317	1.11962	1.11835	1.11416	1.10922	1.12019	1.13882	1.13057	1.13902	1.13814	1.13733	1.12992	1.12031	1.1186	1.09718	1.11735	1.09603	1.11609	1.14312	1.14213	1.14303	1.14857	1.13307	1.13439	1.14907	1.14911	1.15069	1.13746	1.15481	1.13513	1.1334	1.12203	1.11993	1.1371	1.13931	1.11977	1.12296	1.12693	1.12693	1.13771	1.12163	1.12238	1.17502	1.13944	1.15908	1.15334	1.1451	1.15712
ERR608744	0.92823	0.938432	0.929349	0.939948	0.926332	0.920887	0.970519	0.968794	0.960286	0.96785	0.970305	0.975266	0.957196	0.941916	0.942433	0.96633	0.956018	0.952014	1.06881	1.03672	1.06855	1.02362	1.03048	1.07483	0.815806	0.816273	0.817238	0.866449	0	0.825702	0.916645	0.898504	0.895389	0.916801	0.904531	0.916273	0.956577	0.996255	0.960886	0.963154	0.94728	0.939857	0.885327	0.877355	0.880517	0.876484	0.875161	0.880319	1.08497	1.09442	1.09322	1.08784	1.0802	1.09521	1.11209	1.09941	1.11208	1.10961	1.11076	1.09859	1.09623	1.09024	1.06461	1.08922	1.06319	1.08759	1.11273	1.11366	1.1126	1.11976	1.10108	1.10232	1.1195	1.11962	1.1213	1.10758	1.12652	1.10318	1.10319	1.09214	1.08831	1.10704	1.10987	1.08833	1.09002	1.09291	1.09444	1.10825	1.0856	1.08929	1.15288	1.11113	1.13161	1.12786	1.11873	1.12979
ERR608740	0.93442	0.944838	0.935754	0.946476	0.932523	0.927489	0.977572	0.97628	0.96776	0.974839	0.977354	0.982212	0.963199	0.948541	0.94889	0.97188	0.962198	0.957976	1.07301	1.04211	1.07271	1.02928	1.03584	1.07874	0.825794	0.82043	0.827361	0.867894	0.825702	0	0.92348	0.906465	0.902954	0.924124	0.911584	0.923426	0.962688	1.00165	0.966901	0.969501	0.954056	0.947117	0.892438	0.884359	0.887628	0.884	0.882445	0.887234	1.09067	1.09949	1.09823	1.09335	1.08573	1.10028	1.11695	1.10476	1.11688	1.11449	1.11549	1.10394	1.1001	1.09495	1.07016	1.09372	1.0684	1.09183	1.11784	1.11848	1.11783	1.1248	1.10622	1.10761	1.12497	1.125	1.12647	1.11311	1.13159	1.10869	1.10859	1.09749	1.09424	1.11233	1.11524	1.09399	1.09598	1.09865	1.10008	1.11322	1.09152	1.09501	1.15675	1.11596	1.13663	1.13249	1.12355	1.13454
ERR607266	0.944219	0.94801	0.939573	0.949393	0.940106	0.934031	0.954086	0.952137	0.942168	0.954802	0.956489	0.956782	0.941541	0.926656	0.926429	0.958306	0.941187	0.938915	1.04906	1.01236	1.04871	0.994331	1.00418	1.05728	0.916359	0.912238	0.918607	0.962935	0.916645	0.92348	0	0.770584	0.771892	0.78971	0.781793	0.790866	0.975989	1.01352	0.981513	0.983191	0.963625	0.955757	0.884206	0.874649	0.87507	0.873439	0.871799	0.87862	1.0734	1.08546	1.08426	1.07929	1.06775	1.08617	1.08707	1.0703	1.08728	1.08262	1.08581	1.06912	1.06451	1.05395	1.02494	1.05264	1.02312	1.04995	1.08405	1.08805	1.08385	1.09279	1.07007	1.0714	1.08902	1.08961	1.09094	1.07781	1.09772	1.07035	1.07218	1.06096	1.05576	1.07549	1.07865	1.05594	1.06049	1.06019	1.06488	1.08129	1.05081	1.05912	1.13033	1.08366	1.10441	1.10294	1.09313	1.1022
ERR607264	0.923196	0.927538	0.91818	0.929195	0.918645	0.912209	0.934211	0.931917	0.921303	0.934955	0.936917	0.937512	0.921606	0.905457	0.904879	0.939827	0.921286	0.918655	1.03647	0.997359	1.03633	0.977611	0.988386	1.04568	0.897977	0.893468	0.900246	0.948226	0.898504	0.906465	0.770584	0	0.739533	0.765718	0.752447	0.766991	0.95638	0.995809	0.961812	0.963947	0.94274	0.934322	0.864668	0.853355	0.85382	0.852302	0.850067	0.857581	1.05605	1.06914	1.06793	1.06243	1.04993	1.07016	1.06943	1.05159	1.06967	1.0649	1.06809	1.05026	1.05354	1.04239	1.01073	1.0411	1.00859	1.03825	1.06703	1.07094	1.06688	1.07623	1.05201	1.05355	1.07201	1.07258	1.0739	1.05975	1.08108	1.05202	1.05403	1.0419	1.03658	1.05763	1.06096	1.0367	1.0429	1.04251	1.04736	1.06479	1.03259	1.04118	1.11571	1.06593	1.08781	1.08666	1.07602	1.08586
ERR607265	0.920611	0.927483	0.917662	0.928633	0.916849	0.910612	0.933231	0.930518	0.920603	0.932084	0.934574	0.937068	0.922938	0.905432	0.905255	0.938609	0.921893	0.918555	1.03828	0.999326	1.03742	0.980815	0.990898	1.04666	0.895052	0.890852	0.8969	0.943075	0.895389	0.902954	0.771892	0.739533	0	0.768284	0.751847	0.769084	0.95239	0.993429	0.958089	0.959984	0.939909	0.931323	0.862356	0.850694	0.852593	0.849563	0.847253	0.85508	1.05356	1.06544	1.06409	1.05874	1.04767	1.06647	1.06724	1.05072	1.06712	1.06321	1.06556	1.04902	1.05224	1.04255	1.01106	1.04122	1.00923	1.03843	1.06666	1.06988	1.06646	1.07592	1.05208	1.05378	1.07163	1.07206	1.0735	1.05892	1.08041	1.05197	1.05229	1.03955	1.03507	1.05634	1.05946	1.03512	1.04327	1.0437	1.04783	1.06483	1.03468	1.04158	1.11334	1.06403	1.08676	1.08417	1.0734	1.08432
ERR607268	0.943084	0.945746	0.937126	0.947272	0.938522	0.932567	0.952814	0.951091	0.940719	0.954694	0.956861	0.955499	0.93808	0.923938	0.922866	0.95654	0.93756	0.935797	1.04732	1.00971	1.04645	0.990393	1.00109	1.05575	0.916413	0.911304	0.918998	0.965005	0.916801	0.924124	0.78971	0.765718	0.768284	0	0.778647	0.785827	0.976921	1.01372	0.982156	0.984109	0.963749	0.955486	0.882667	0.873426	0.872991	0.872077	0.870105	0.876832	1.0725	1.08545	1.08449	1.07897	1.06666	1.08632	1.08555	1.06781	1.08584	1.08054	1.08449	1.06633	1.06439	1.05263	1.02315	1.05164	1.02102	1.04865	1.08135	1.08576	1.08109	1.09047	1.06679	1.06841	1.08676	1.08743	1.0884	1.07581	1.09539	1.06751	1.06991	1.05923	1.05369	1.07359	1.07688	1.05409	1.05835	1.05711	1.06252	1.07933	1.04721	1.05646	1.12968	1.08221	1.1027	1.10204	1.092	1.10052
ERR607263	0.931282	0.937337	0.928195	0.938427	0.927413	0.921321	0.942408	0.939762	0.930044	0.941878	0.944151	0.945972	0.931588	0.915706	0.915083	0.947494	0.931053	0.928189	1.04334	1.00558	1.0428	0.987572	0.997182	1.05165	0.904149	0.899881	0.906293	0.95115	0.904531	0.911584	0.781793	0.752447	0.751847	0.778647	0	0.779246	0.96259	1.00229	0.968345	0.970217	0.950248	0.942097	0.871176	0.860217	0.862246	0.859546	0.857602	0.86491	1.06171	1.07341	1.07265	1.06744	1.05607	1.07483	1.07582	1.0594	1.0762	1.07185	1.07471	1.05803	1.05713	1.04736	1.01723	1.04638	1.01525	1.04361	1.07446	1.07807	1.07451	1.08395	1.06071	1.0619	1.07985	1.08023	1.08191	1.06752	1.08846	1.06054	1.06103	1.04911	1.04428	1.06513	1.06835	1.04422	1.05116	1.05156	1.05573	1.07234	1.04217	1.0497	1.12078	1.07266	1.09499	1.09288	1.08235	1.0925
ERR607267	0.942941	0.945984	0.937026	0.94724	0.938418	0.932692	0.953132	0.951026	0.941216	0.954981	0.957063	0.955623	0.939193	0.924975	0.924299	0.957534	0.938461	0.936798	1.04821	1.01099	1.04734	0.991741	1.00228	1.0566	0.915235	0.911169	0.918318	0.963819	0.916273	0.923426	0.790866	0.766991	0.769084	0.785827	0.779246	0	0.976268	1.01302	0.981279	0.983517	0.963299	0.955261	0.883371	0.873994	0.873871	0.873042	0.87135	0.878033	1.07257	1.0855	1.08392	1.07914	1.0668	1.08637	1.08632	1.06876	1.08684	1.0817	1.08532	1.06774	1.06468	1.05323	1.02372	1.05249	1.02177	1.04923	1.08235	1.08652	1.08209	1.09154	1.06784	1.06943	1.08789	1.08843	1.08953	1.07679	1.09644	1.06882	1.0713	1.06049	1.055	1.07471	1.07793	1.05537	1.05879	1.05809	1.06311	1.08001	1.04811	1.05727	1.13056	1.08326	1.10376	1.10271	1.09311	1.10168
ERR605270	0.891319	0.909213	0.899123	0.905983	0.890504	0.885734	0.878425	0.876978	0.871627	0.87249	0.874962	0.883004	1.00051	0.98486	0.985713	1.00791	1.00064	0.994847	0.951225	0.932353	0.952199	0.926732	0.928868	0.954844	0.957282	0.954858	0.957305	0.991534	0.956577	0.962688	0.975989	0.95638	0.95239	0.976921	0.96259	0.976268	0	0.808965	0.771202	0.772195	0.765295	0.759304	0.9628	0.952778	0.95666	0.952354	0.95074	0.955805	1.09103	1.09956	1.0981	1.09379	1.08626	1.1001	1.11188	1.10125	1.11227	1.11065	1.111	1.10016	0.989481	0.990561	0.9716	0.989182	0.971538	0.988659	1.1177	1.11759	1.11712	1.12331	1.10643	1.10781	1.04714	1.04715	1.04834	1.03853	1.05174	1.03716	1.10421	1.09318	1.09013	1.10842	1.1105	1.08995	1.09316	1.09683	1.09693	1.1098	1.09005	1.09221	1.04817	1.02244	1.03624	1.03235	1.02713	1.03561
ERR605267	0.92329	0.939632	0.931059	0.934935	0.923073	0.91842	0.905591	0.904517	0.900693	0.902449	0.903698	0.908515	1.0343	1.02128	1.02185	1.04184	1.03411	1.0298	0.967192	0.954613	0.968043	0.951378	0.952694	0.969588	0.996668	0.994129	0.997064	1.0281	0.996255	1.00165	1.01352	0.995809	0.993429	1.01372	1.00229	1.01302	0.808965	0	0.811613	0.81266	0.803838	0.800518	1.00129	0.993389	0.995762	0.992775	0.991493	0.995469	1.11867	1.12699	1.12559	1.12154	1.1142	1.12735	1.13797	1.12734	1.13829	1.13617	1.13678	1.12618	1.0051	1.00499	0.993082	1.00381	0.992671	1.0037	1.14183	1.14243	1.14128	1.14718	1.13151	1.13265	1.0618	1.06169	1.06236	1.05599	1.06479	1.05486	1.13064	1.12082	1.11768	1.13397	1.13604	1.1173	1.11862	1.12146	1.12213	1.13406	1.11481	1.11781	1.05615	1.03918	1.04796	1.04539	1.04253	1.04789
ERR605269	0.895128	0.912756	0.90263	0.909604	0.89429	0.889416	0.881591	0.880036	0.875097	0.876065	0.877873	0.886223	1.00501	0.989697	0.990372	1.01211	1.00485	0.999421	0.952654	0.934298	0.953662	0.929611	0.93139	0.955916	0.961913	0.959388	0.961419	0.995062	0.960886	0.966901	0.981513	0.961812	0.958089	0.982156	0.968345	0.981279	0.771202	0.811613	0	0.775835	0.769693	0.764491	0.967321	0.957538	0.961244	0.956818	0.955549	0.960533	1.09484	1.10295	1.10162	1.09697	1.08959	1.10353	1.11581	1.10497	1.11599	1.11435	1.11432	1.10391	0.990958	0.992124	0.974534	0.990852	0.974012	0.990304	1.12125	1.1212	1.1207	1.12694	1.11041	1.11129	1.04953	1.04958	1.05096	1.04143	1.05391	1.04006	1.10794	1.09719	1.09432	1.11203	1.11438	1.09368	1.09695	1.10033	1.1009	1.11336	1.09375	1.09602	1.04988	1.02502	1.03829	1.0342	1.02934	1.03781
ERR605268	0.89663	0.91496	0.904466	0.910924	0.896124	0.891213	0.882821	0.881856	0.876721	0.877285	0.879617	0.887639	1.00623	0.991062	0.992046	1.01342	1.00619	1.00056	0.954427	0.936741	0.955798	0.932077	0.933752	0.957573	0.964401	0.962389	0.964237	0.997452	0.963154	0.969501	0.983191	0.963947	0.959984	0.984109	0.970217	0.983517	0.772195	0.81266	0.775835	0	0.771032	0.766383	0.969876	0.959956	0.964161	0.959464	0.95783	0.963219	1.09611	1.10428	1.10288	1.09867	1.09127	1.10483	1.11629	1.10566	1.11628	1.11481	1.11507	1.10456	0.992504	0.993369	0.975783	0.991756	0.97547	0.991343	1.1219	1.12146	1.12155	1.1275	1.111	1.11206	1.04967	1.04959	1.05101	1.04166	1.0542	1.04029	1.10873	1.09775	1.09506	1.11249	1.11491	1.09409	1.09786	1.10161	1.10165	1.11394	1.09462	1.09664	1.04947	1.02513	1.03833	1.0344	1.02911	1.03766
ERR605266	0.883064	0.899224	0.88934	0.896527	0.881765	0.876465	0.871371	0.869533	0.863248	0.867509	0.869731	0.875953	0.989521	0.97387	0.974515	0.998858	0.989509	0.984259	0.950161	0.927825	0.950745	0.920087	0.923716	0.954625	0.948303	0.945269	0.948211	0.986327	0.94728	0.954056	0.963625	0.94274	0.939909	0.963749	0.950248	0.963299	0.765295	0.803838	0.769693	0.771032	0	0.748901	0.951874	0.942003	0.944796	0.941435	0.939525	0.944801	1.08315	1.09302	1.09152	1.08637	1.07767	1.09323	1.10451	1.09161	1.10473	1.10215	1.10348	1.09068	0.989875	0.987688	0.967444	0.986521	0.966801	0.985525	1.1087	1.10931	1.10834	1.11486	1.09713	1.09808	1.04104	1.04133	1.04229	1.03225	1.04635	1.02976	1.09543	1.08458	1.08059	1.09927	1.10173	1.0802	1.08291	1.08579	1.08696	1.10057	1.07831	1.08175	1.04781	1.01877	1.03318	1.02995	1.02409	1.03248
ERR605265	0.877761	0.893797	0.883576	0.891093	0.876144	0.870694	0.866168	0.863714	0.856488	0.861829	0.863858	0.870149	0.982543	0.966325	0.967153	0.992364	0.982399	0.977049	0.945826	0.921791	0.946795	0.913455	0.917198	0.950926	0.940978	0.937547	0.940943	0.980207	0.939857	0.947117	0.955757	0.934322	0.931323	0.955486	0.942097	0.955261	0.759304	0.800518	0.764491	0.766383	0.748901	0	0.944007	0.933831	0.936475	0.933112	0.931207	0.936832	1.07776	1.08779	1.08659	1.08112	1.07227	1.08825	1.09884	1.08569	1.09901	1.09621	1.09755	1.08443	0.986121	0.98413	0.962259	0.982588	0.961277	0.981173	1.10285	1.10348	1.10224	1.10945	1.0906	1.09199	1.03655	1.03695	1.03801	1.02751	1.04233	1.02469	1.08894	1.07809	1.0742	1.09312	1.09591	1.07365	1.07731	1.0801	1.08135	1.09547	1.07241	1.076	1.04572	1.01473	1.0299	1.02663	1.02047	1.02894
ERR636835	0.938076	0.945894	0.936855	0.947843	0.935052	0.928943	0.942362	0.940819	0.931559	0.941722	0.943531	0.946095	0.940488	0.924964	0.925488	0.952545	0.940242	0.935774	1.0285	0.991656	1.02829	0.976494	0.984045	1.0359	0.885832	0.882334	0.887601	0.929058	0.885327	0.892438	0.884206	0.864668	0.862356	0.882667	0.871176	0.883371	0.9628	1.00129	0.967321	0.969876	0.951874	0.944007	0	0.76268	0.763124	0.761728	0.758744	0.763489	1.06655	1.07753	1.07638	1.07119	1.06136	1.07872	1.08642	1.07099	1.08689	1.08342	1.08467	1.07007	1.05523	1.0481	1.01832	1.0466	1.01672	1.04422	1.09199	1.09362	1.09173	1.09957	1.07935	1.08066	1.09357	1.09359	1.0951	1.08109	1.10157	1.07521	1.08637	1.07496	1.07082	1.09002	1.09313	1.07064	1.07917	1.0811	1.0837	1.09815	1.0729	1.07824	1.13164	1.0857	1.10779	1.10459	1.09456	1.10531
ERR636838	0.928146	0.937134	0.927634	0.939014	0.925185	0.919185	0.93273	0.931315	0.921786	0.931775	0.934214	0.93751	0.929904	0.913176	0.913643	0.942333	0.930075	0.924755	1.02288	0.985276	1.02292	0.969232	0.976829	1.03037	0.877214	0.874158	0.87938	0.92263	0.877355	0.884359	0.874649	0.853355	0.850694	0.873426	0.860217	0.873994	0.952778	0.993389	0.957538	0.959956	0.942003	0.933831	0.76268	0	0.752612	0.745278	0.742206	0.752959	1.0591	1.07013	1.06883	1.06325	1.05349	1.07106	1.07612	1.06082	1.07613	1.07329	1.07448	1.05987	1.04937	1.04241	1.01163	1.04108	1.01003	1.0386	1.08243	1.08401	1.08214	1.0903	1.0692	1.07071	1.08403	1.08375	1.08522	1.07113	1.09201	1.06515	1.07621	1.06411	1.06021	1.08004	1.08316	1.05992	1.07118	1.07327	1.07582	1.09113	1.06524	1.07014	1.12249	1.07526	1.098	1.09446	1.08424	1.09581
ERR636836	0.930836	0.938175	0.928646	0.940157	0.927196	0.921085	0.93489	0.933104	0.923564	0.935394	0.937332	0.938506	0.931613	0.91536	0.916223	0.94591	0.931195	0.927294	1.02279	0.984136	1.02233	0.967235	0.975427	1.03055	0.881059	0.876826	0.882693	0.927719	0.880517	0.887628	0.87507	0.85382	0.852593	0.872991	0.862246	0.873871	0.95666	0.995762	0.961244	0.964161	0.944796	0.936475	0.763124	0.752612	0	0.751777	0.748624	0.754153	1.06069	1.07225	1.07126	1.06554	1.05478	1.07347	1.07879	1.06196	1.07886	1.07517	1.07712	1.06093	1.05098	1.04244	1.01154	1.04109	1.00964	1.03812	1.08348	1.08569	1.08307	1.09141	1.0703	1.07145	1.08491	1.08524	1.08645	1.07239	1.09351	1.06597	1.07782	1.06629	1.06149	1.08167	1.08492	1.0616	1.07104	1.07247	1.07553	1.09111	1.06355	1.0698	1.12559	1.07764	1.0999	1.09716	1.08711	1.09733
ERR636839	0.927514	0.936446	0.927018	0.93845	0.924164	0.918328	0.932613	0.930822	0.921569	0.931334	0.934168	0.937217	0.928887	0.911974	0.912435	0.941401	0.928629	0.923919	1.0225	0.98433	1.02214	0.968328	0.976101	1.03004	0.876639	0.873342	0.878648	0.921694	0.876484	0.884	0.873439	0.852302	0.849563	0.872077	0.859546	0.873042	0.952354	0.992775	0.956818	0.959464	0.941435	0.933112	0.761728	0.745278	0.751777	0	0.740953	0.751588	1.05876	1.0695	1.06853	1.06306	1.05332	1.071	1.07545	1.06006	1.07548	1.07278	1.07354	1.05915	1.04925	1.04256	1.01133	1.04099	1.00948	1.03839	1.08157	1.08324	1.08164	1.0895	1.06848	1.07002	1.08353	1.08355	1.08501	1.07037	1.09148	1.06447	1.07563	1.06356	1.05934	1.07948	1.08266	1.05929	1.07089	1.07303	1.07536	1.09077	1.06461	1.06962	1.12223	1.07496	1.09788	1.09417	1.08391	1.09558
ERR636840	0.926182	0.93475	0.925155	0.936576	0.922702	0.916606	0.931037	0.929386	0.919411	0.929885	0.932537	0.935473	0.927248	0.909976	0.910435	0.940051	0.926899	0.921899	1.02099	0.982374	1.02076	0.966041	0.974122	1.02847	0.875455	0.871988	0.877708	0.921288	0.875161	0.882445	0.871799	0.850067	0.847253	0.870105	0.857602	0.87135	0.95074	0.991493	0.955549	0.95783	0.939525	0.931207	0.758744	0.742206	0.748624	0.740953	0	0.748561	1.05657	1.06747	1.06675	1.06097	1.05082	1.06901	1.07314	1.05736	1.07326	1.06993	1.0712	1.05646	1.04791	1.04087	1.00945	1.0395	1.00775	1.03692	1.07927	1.08098	1.07909	1.0872	1.06609	1.06742	1.08094	1.08106	1.08244	1.06788	1.08934	1.06186	1.07353	1.06133	1.05715	1.07739	1.08064	1.05702	1.0689	1.07107	1.07327	1.08895	1.0627	1.06776	1.12063	1.07268	1.09553	1.09208	1.08166	1.09319
ERR636837	0.931412	0.940074	0.930518	0.941942	0.928042	0.922055	0.936343	0.934724	0.924901	0.935229	0.937603	0.94055	0.933317	0.91693	0.917235	0.945826	0.93304	0.928379	1.02472	0.986838	1.02419	0.971094	0.97862	1.03183	0.880582	0.876988	0.882397	0.925516	0.880319	0.887234	0.87862	0.857581	0.85508	0.876832	0.86491	0.878033	0.955805	0.995469	0.960533	0.963219	0.944801	0.936832	0.763489	0.752959	0.754153	0.751588	0.748561	0	1.06019	1.07099	1.07013	1.06465	1.05464	1.07232	1.07798	1.06272	1.07838	1.07504	1.0764	1.06163	1.05107	1.04349	1.0131	1.04227	1.01148	1.03972	1.08451	1.08604	1.08408	1.09215	1.07157	1.07289	1.08572	1.08554	1.08708	1.0727	1.09369	1.06698	1.07894	1.06674	1.06265	1.08254	1.08565	1.06251	1.07299	1.07528	1.07772	1.09266	1.06684	1.07184	1.12449	1.07739	1.09993	1.09659	1.08618	1.09766
