	ERR605564	ERR605568	ERR605563	ERR605566	ERR605567	ERR605565	ERR612580	ERR612579	ERR612577	ERR612582	ERR612581	ERR612578	ERR607987	ERR607986	ERR607988	ERR607984	ERR607983	ERR607985	ERR618451	ERR618452	ERR618448	ERR618447	ERR618449	ERR618450	ERR612205	ERR612203	ERR612206	ERR612204	ERR612208	ERR612207	ERR613390	ERR613393	ERR613394	ERR613392	ERR613391	ERR613389	ERR608275	ERR608278	ERR608276	ERR608280	ERR608279	ERR608277	ERR622030	ERR622028	ERR622027	ERR622032	ERR622029	ERR622031	ERR617217	ERR617218	ERR617215	ERR617219	ERR617216	ERR617220	ERR617049	ERR617048	ERR617047	ERR617045	ERR617046	ERR617050	ERR612875	ERR612874	ERR612877	ERR612878	ERR612873	ERR612876	ERR616711	ERR616707	ERR616706	ERR616708	ERR616709	ERR616710	ERR631077	ERR631076	ERR631074	ERR631075	ERR631079	ERR631078	ERR629823	ERR629821	ERR629818	ERR629820	ERR629819	ERR629822	ERR618521	ERR618524	ERR618523	ERR618520	ERR618519	ERR618522	ERR629604	ERR629600	ERR629602	ERR629605	ERR629601	ERR629603
ERR605564	5.80886e+08	4.27227e+08	4.52842e+08	4.27805e+08	4.34955e+08	4.05816e+08	2.32628e+08	2.69066e+08	2.88157e+08	2.29673e+08	2.32997e+08	2.11734e+08	2.24763e+08	2.21146e+08	2.19219e+08	3.1728e+08	3.02069e+08	3.19401e+08	2.90914e+08	2.93787e+08	2.52077e+08	2.99393e+08	2.76765e+08	2.81854e+08	2.62928e+08	2.73977e+08	2.65624e+08	2.62748e+08	2.55084e+08	2.19321e+08	3.69702e+08	3.7723e+08	3.1045e+08	3.76097e+08	4.13488e+08	4.28904e+08	1.80017e+08	2.50311e+08	2.25084e+08	2.2693e+08	2.55858e+08	2.50602e+08	3.78927e+08	3.31571e+08	3.61278e+08	3.80003e+08	3.31842e+08	3.75126e+08	2.57619e+08	2.08201e+08	2.40562e+08	2.17811e+08	2.57696e+08	2.03145e+08	2.28683e+08	2.33151e+08	2.71016e+08	2.5684e+08	2.63953e+08	2.35476e+08	2.49401e+08	1.81486e+08	2.04667e+08	2.08756e+08	2.75645e+08	2.14515e+08	1.98562e+08	1.64305e+08	1.59469e+08	1.48435e+08	1.98887e+08	1.98662e+08	1.91477e+08	2.14525e+08	2.062e+08	1.96082e+08	1.81501e+08	1.94279e+08	2.61278e+08	2.57706e+08	2.40717e+08	1.99679e+08	2.00513e+08	2.56539e+08	2.09144e+08	1.92867e+08	1.92378e+08	2.04211e+08	2.20503e+08	2.06792e+08	1.69406e+08	2.13415e+08	1.79666e+08	1.67895e+08	1.832e+08	1.80046e+08
ERR605568	4.27227e+08	5.80108e+08	4.5165e+08	4.28624e+08	4.35794e+08	4.04668e+08	2.32374e+08	2.68618e+08	2.87869e+08	2.29528e+08	2.32867e+08	2.11403e+08	2.24663e+08	2.21084e+08	2.19293e+08	3.17081e+08	3.01772e+08	3.18996e+08	2.90713e+08	2.9371e+08	2.51784e+08	2.98944e+08	2.76572e+08	2.81848e+08	2.62495e+08	2.73713e+08	2.65376e+08	2.6226e+08	2.54932e+08	2.19175e+08	3.69453e+08	3.77558e+08	3.10312e+08	3.76316e+08	4.1317e+08	4.28792e+08	1.79473e+08	2.49898e+08	2.24745e+08	2.26448e+08	2.55369e+08	2.50072e+08	3.79168e+08	3.31573e+08	3.61171e+08	3.79979e+08	3.31922e+08	3.75251e+08	2.5687e+08	2.07615e+08	2.39522e+08	2.17273e+08	2.57042e+08	2.02279e+08	2.27546e+08	2.31935e+08	2.70104e+08	2.55565e+08	2.63202e+08	2.34404e+08	2.49314e+08	1.81225e+08	2.04601e+08	2.08651e+08	2.75576e+08	2.14456e+08	1.97835e+08	1.63928e+08	1.58958e+08	1.48088e+08	1.98039e+08	1.97983e+08	1.91174e+08	2.14382e+08	2.05935e+08	1.95975e+08	1.81253e+08	1.93994e+08	2.60137e+08	2.56637e+08	2.39637e+08	1.98832e+08	1.99697e+08	2.55442e+08	2.0848e+08	1.92477e+08	1.92046e+08	2.03512e+08	2.19701e+08	2.06336e+08	1.68928e+08	2.12832e+08	1.79147e+08	1.67563e+08	1.82619e+08	1.7952e+08
ERR605563	4.52842e+08	4.5165e+08	6.41821e+08	4.52322e+08	4.5986e+08	4.28706e+08	2.46641e+08	2.85084e+08	3.05545e+08	2.43401e+08	2.47075e+08	2.24292e+08	2.38298e+08	2.34505e+08	2.32449e+08	3.36781e+08	3.20469e+08	3.38791e+08	3.0901e+08	3.12228e+08	2.67651e+08	3.17981e+08	2.94015e+08	2.99573e+08	2.77521e+08	2.89458e+08	2.80479e+08	2.77346e+08	2.69321e+08	2.31414e+08	3.90662e+08	3.99164e+08	3.27383e+08	3.97895e+08	4.37241e+08	4.53644e+08	1.90864e+08	2.65979e+08	2.39141e+08	2.40981e+08	2.71861e+08	2.66312e+08	4.00557e+08	3.5028e+08	3.81985e+08	4.01871e+08	3.50583e+08	3.96585e+08	2.74798e+08	2.22082e+08	2.56388e+08	2.32332e+08	2.74866e+08	2.16347e+08	2.43257e+08	2.47966e+08	2.88588e+08	2.73337e+08	2.81302e+08	2.5057e+08	2.6576e+08	1.93201e+08	2.18287e+08	2.22571e+08	2.93934e+08	2.28687e+08	2.1162e+08	1.7509e+08	1.69975e+08	1.58201e+08	2.11774e+08	2.11587e+08	2.04277e+08	2.29131e+08	2.20112e+08	2.09413e+08	1.93697e+08	2.07344e+08	2.78284e+08	2.74491e+08	2.56478e+08	2.12692e+08	2.13551e+08	2.72999e+08	2.2121e+08	2.04029e+08	2.03495e+08	2.15933e+08	2.33265e+08	2.18795e+08	1.80739e+08	2.27595e+08	1.91704e+08	1.79188e+08	1.95389e+08	1.92032e+08
ERR605566	4.27805e+08	4.28624e+08	4.52322e+08	5.81332e+08	4.36423e+08	4.05282e+08	2.32839e+08	2.69041e+08	2.8847e+08	2.29903e+08	2.33276e+08	2.11766e+08	2.25026e+08	2.21612e+08	2.19593e+08	3.17541e+08	3.02409e+08	3.19594e+08	2.91397e+08	2.94313e+08	2.52318e+08	2.99638e+08	2.7726e+08	2.82526e+08	2.62912e+08	2.7398e+08	2.65658e+08	2.62635e+08	2.55137e+08	2.19446e+08	3.70249e+08	3.78343e+08	3.10696e+08	3.76847e+08	4.13973e+08	4.29539e+08	1.79673e+08	2.50317e+08	2.25051e+08	2.26985e+08	2.55926e+08	2.50512e+08	3.79623e+08	3.31947e+08	3.61741e+08	3.8055e+08	3.32234e+08	3.75825e+08	2.57326e+08	2.08003e+08	2.39851e+08	2.17541e+08	2.57379e+08	2.0235e+08	2.27702e+08	2.32213e+08	2.70494e+08	2.559e+08	2.63459e+08	2.34564e+08	2.49428e+08	1.81379e+08	2.04952e+08	2.09022e+08	2.75857e+08	2.14826e+08	1.98118e+08	1.64168e+08	1.59176e+08	1.48101e+08	1.98324e+08	1.98137e+08	1.91393e+08	2.14709e+08	2.06269e+08	1.9625e+08	1.81497e+08	1.94179e+08	2.60491e+08	2.57068e+08	2.40049e+08	1.99062e+08	1.99929e+08	2.55656e+08	2.08797e+08	1.92695e+08	1.92148e+08	2.03733e+08	2.20014e+08	2.06694e+08	1.69268e+08	2.13111e+08	1.79448e+08	1.67752e+08	1.82811e+08	1.79764e+08
ERR605567	4.34955e+08	4.35794e+08	4.5986e+08	4.36423e+08	5.98601e+08	4.12034e+08	2.3683e+08	2.73897e+08	2.93513e+08	2.33821e+08	2.37354e+08	2.15425e+08	2.28995e+08	2.25339e+08	2.23394e+08	3.23241e+08	3.07796e+08	3.25441e+08	2.96546e+08	2.99607e+08	2.56729e+08	3.04945e+08	2.82089e+08	2.87453e+08	2.67378e+08	2.78544e+08	2.70225e+08	2.67168e+08	2.5953e+08	2.23003e+08	3.76347e+08	3.84371e+08	3.15656e+08	3.83075e+08	4.20789e+08	4.36784e+08	1.8301e+08	2.54787e+08	2.29012e+08	2.30823e+08	2.60297e+08	2.5492e+08	3.85608e+08	3.37346e+08	3.67623e+08	3.86783e+08	3.37666e+08	3.82019e+08	2.61896e+08	2.11753e+08	2.44278e+08	2.21469e+08	2.62151e+08	2.06274e+08	2.32001e+08	2.36791e+08	2.75422e+08	2.60767e+08	2.68431e+08	2.39094e+08	2.53845e+08	1.84547e+08	2.08527e+08	2.12617e+08	2.80734e+08	2.18715e+08	2.01791e+08	1.67124e+08	1.62034e+08	1.50887e+08	2.02048e+08	2.01819e+08	1.94838e+08	2.18458e+08	2.09957e+08	1.99716e+08	1.84741e+08	1.97739e+08	2.6542e+08	2.61872e+08	2.44434e+08	2.02735e+08	2.03632e+08	2.60332e+08	2.12294e+08	1.95803e+08	1.95302e+08	2.07053e+08	2.23702e+08	2.09908e+08	1.72292e+08	2.17014e+08	1.82683e+08	1.70776e+08	1.86342e+08	1.83112e+08
ERR605565	4.05816e+08	4.04668e+08	4.28706e+08	4.05282e+08	4.12034e+08	5.2771e+08	2.19753e+08	2.53992e+08	2.7209e+08	2.16984e+08	2.20219e+08	2.00046e+08	2.12333e+08	2.08949e+08	2.07193e+08	2.99258e+08	2.85185e+08	3.01255e+08	2.74159e+08	2.76922e+08	2.37845e+08	2.81986e+08	2.6099e+08	2.65657e+08	2.49038e+08	2.59455e+08	2.51746e+08	2.49033e+08	2.4182e+08	2.08274e+08	3.50439e+08	3.5749e+08	2.94663e+08	3.56271e+08	3.91496e+08	4.06038e+08	1.69701e+08	2.35623e+08	2.12089e+08	2.13653e+08	2.4092e+08	2.35991e+08	3.59093e+08	3.14561e+08	3.42584e+08	3.60251e+08	3.1479e+08	3.55669e+08	2.41261e+08	1.95107e+08	2.25168e+08	2.04125e+08	2.41412e+08	1.90324e+08	2.14452e+08	2.18764e+08	2.54024e+08	2.40926e+08	2.47658e+08	2.20966e+08	2.34428e+08	1.70587e+08	1.92441e+08	1.9618e+08	2.58954e+08	2.01616e+08	1.8607e+08	1.54206e+08	1.49515e+08	1.39048e+08	1.86135e+08	1.86102e+08	1.79183e+08	2.00905e+08	1.93081e+08	1.83603e+08	1.69964e+08	1.82016e+08	2.44923e+08	2.41646e+08	2.25666e+08	1.87318e+08	1.88235e+08	2.40232e+08	1.97726e+08	1.82427e+08	1.81942e+08	1.93044e+08	2.08247e+08	1.95459e+08	1.58851e+08	2.0004e+08	1.68408e+08	1.57498e+08	1.71739e+08	1.68639e+08
ERR612580	2.32628e+08	2.32374e+08	2.46641e+08	2.32839e+08	2.3683e+08	2.19753e+08	3.07301e+08	2.29984e+08	2.46325e+08	1.99298e+08	2.019e+08	1.83085e+08	1.63567e+08	1.60997e+08	1.59609e+08	2.27013e+08	2.16314e+08	2.28083e+08	2.14376e+08	2.16744e+08	1.85962e+08	2.19875e+08	2.03919e+08	2.08273e+08	1.9247e+08	2.01345e+08	1.94526e+08	1.91949e+08	1.86724e+08	1.59534e+08	2.20786e+08	2.26755e+08	1.83431e+08	2.25831e+08	2.47777e+08	2.57851e+08	1.18638e+08	1.65248e+08	1.48501e+08	1.49806e+08	1.68998e+08	1.65427e+08	2.47035e+08	2.15356e+08	2.36008e+08	2.47866e+08	2.15746e+08	2.44764e+08	1.66702e+08	1.34722e+08	1.5499e+08	1.40852e+08	1.66932e+08	1.30672e+08	1.46813e+08	1.49687e+08	1.74707e+08	1.65149e+08	1.70104e+08	1.51269e+08	1.73607e+08	1.27096e+08	1.4323e+08	1.46302e+08	1.91667e+08	1.49997e+08	1.27675e+08	1.05743e+08	1.02683e+08	9.53556e+07	1.27801e+08	1.27723e+08	1.23538e+08	1.38902e+08	1.33245e+08	1.2696e+08	1.17341e+08	1.2547e+08	1.69578e+08	1.6727e+08	1.55974e+08	1.29348e+08	1.29805e+08	1.66414e+08	1.23164e+08	1.13132e+08	1.12924e+08	1.1969e+08	1.30026e+08	1.21866e+08	1.09007e+08	1.3735e+08	1.15833e+08	1.08081e+08	1.17704e+08	1.1595e+08
ERR612579	2.69066e+08	2.68618e+08	2.85084e+08	2.69041e+08	2.73897e+08	2.53992e+08	2.29984e+08	3.86818e+08	2.83967e+08	2.27105e+08	2.30246e+08	2.1039e+08	1.87083e+08	1.8411e+08	1.82548e+08	2.60454e+08	2.48299e+08	2.61851e+08	2.46063e+08	2.48848e+08	2.13776e+08	2.52879e+08	2.34382e+08	2.39077e+08	2.22251e+08	2.32267e+08	2.24264e+08	2.21846e+08	2.15266e+08	1.83867e+08	2.54563e+08	2.6094e+08	2.1157e+08	2.59736e+08	2.85843e+08	2.97155e+08	1.3707e+08	1.90211e+08	1.71223e+08	1.72645e+08	1.94513e+08	1.90578e+08	2.84772e+08	2.48297e+08	2.71923e+08	2.85812e+08	2.48783e+08	2.81992e+08	1.92041e+08	1.55067e+08	1.78905e+08	1.62228e+08	1.92363e+08	1.51294e+08	1.70392e+08	1.73786e+08	2.02138e+08	1.91302e+08	1.96819e+08	1.75682e+08	1.99094e+08	1.4538e+08	1.63798e+08	1.672e+08	2.1975e+08	1.71674e+08	1.47574e+08	1.21985e+08	1.18482e+08	1.09997e+08	1.47631e+08	1.47556e+08	1.42316e+08	1.59646e+08	1.53222e+08	1.4586e+08	1.34976e+08	1.44451e+08	1.96235e+08	1.93526e+08	1.80501e+08	1.49561e+08	1.5027e+08	1.92507e+08	1.42889e+08	1.31087e+08	1.30824e+08	1.39015e+08	1.50869e+08	1.41193e+08	1.25536e+08	1.58415e+08	1.33368e+08	1.24427e+08	1.35811e+08	1.33525e+08
ERR612577	2.88157e+08	2.87869e+08	3.05545e+08	2.8847e+08	2.93513e+08	2.7209e+08	2.46325e+08	2.83967e+08	4.37556e+08	2.4328e+08	2.4666e+08	2.25097e+08	2.00171e+08	1.96965e+08	1.95399e+08	2.79367e+08	2.66002e+08	2.80782e+08	2.64793e+08	2.67602e+08	2.29156e+08	2.71643e+08	2.51624e+08	2.57159e+08	2.38129e+08	2.49181e+08	2.4056e+08	2.37471e+08	2.30748e+08	1.97079e+08	2.72804e+08	2.80446e+08	2.26397e+08	2.79315e+08	3.06385e+08	3.19188e+08	1.46902e+08	2.05269e+08	1.84381e+08	1.85855e+08	2.09791e+08	2.05536e+08	3.06478e+08	2.66649e+08	2.92479e+08	3.07616e+08	2.67167e+08	3.03504e+08	2.08527e+08	1.68273e+08	1.93784e+08	1.76097e+08	2.08778e+08	1.63091e+08	1.83239e+08	1.86989e+08	2.18299e+08	2.06344e+08	2.12926e+08	1.88829e+08	2.15415e+08	1.57349e+08	1.77435e+08	1.81286e+08	2.38202e+08	1.86025e+08	1.60026e+08	1.32491e+08	1.28501e+08	1.19481e+08	1.60019e+08	1.59863e+08	1.54915e+08	1.74573e+08	1.67244e+08	1.59452e+08	1.47258e+08	1.5724e+08	2.12382e+08	2.09411e+08	1.95432e+08	1.62008e+08	1.6245e+08	2.08359e+08	1.54194e+08	1.41749e+08	1.41504e+08	1.49882e+08	1.6286e+08	1.52786e+08	1.36466e+08	1.72082e+08	1.44838e+08	1.35324e+08	1.47456e+08	1.45188e+08
ERR612582	2.29673e+08	2.29528e+08	2.43401e+08	2.29903e+08	2.33821e+08	2.16984e+08	1.99298e+08	2.27105e+08	2.4328e+08	3.01069e+08	1.99367e+08	1.80828e+08	1.61631e+08	1.59044e+08	1.57702e+08	2.24217e+08	2.13602e+08	2.25251e+08	2.11846e+08	2.14176e+08	1.83666e+08	2.17287e+08	2.01531e+08	2.05846e+08	1.90042e+08	1.98661e+08	1.91828e+08	1.89404e+08	1.84128e+08	1.57418e+08	2.18001e+08	2.23841e+08	1.81151e+08	2.22976e+08	2.44625e+08	2.54575e+08	1.16849e+08	1.62854e+08	1.46396e+08	1.476e+08	1.667e+08	1.62956e+08	2.44064e+08	2.12726e+08	2.32978e+08	2.44889e+08	2.1302e+08	2.41617e+08	1.64319e+08	1.32846e+08	1.52786e+08	1.3893e+08	1.64557e+08	1.28872e+08	1.4486e+08	1.47768e+08	1.72243e+08	1.62942e+08	1.67995e+08	1.49236e+08	1.71388e+08	1.25495e+08	1.41311e+08	1.44389e+08	1.89294e+08	1.4818e+08	1.26018e+08	1.04368e+08	1.0123e+08	9.41501e+07	1.26054e+08	1.25906e+08	1.22014e+08	1.3719e+08	1.31555e+08	1.25349e+08	1.15844e+08	1.23856e+08	1.67177e+08	1.64905e+08	1.53695e+08	1.27521e+08	1.27995e+08	1.64121e+08	1.21311e+08	1.11551e+08	1.11363e+08	1.17943e+08	1.28105e+08	1.20229e+08	1.07534e+08	1.35581e+08	1.14196e+08	1.06637e+08	1.16187e+08	1.14394e+08
ERR612581	2.32997e+08	2.32867e+08	2.47075e+08	2.33276e+08	2.37354e+08	2.20219e+08	2.019e+08	2.30246e+08	2.4666e+08	1.99367e+08	3.07157e+08	1.83201e+08	1.63503e+08	1.6096e+08	1.59634e+08	2.26818e+08	2.16253e+08	2.28112e+08	2.14345e+08	2.16728e+08	1.86025e+08	2.19941e+08	2.03899e+08	2.0835e+08	1.92783e+08	2.01637e+08	1.94753e+08	1.92257e+08	1.86792e+08	1.59756e+08	2.21331e+08	2.27084e+08	1.83881e+08	2.26139e+08	2.48293e+08	2.58245e+08	1.18689e+08	1.65111e+08	1.48563e+08	1.49807e+08	1.68863e+08	1.65336e+08	2.47517e+08	2.15593e+08	2.36192e+08	2.48132e+08	2.16155e+08	2.45099e+08	1.66134e+08	1.34137e+08	1.54615e+08	1.40392e+08	1.66361e+08	1.30393e+08	1.46747e+08	1.49609e+08	1.74348e+08	1.64877e+08	1.69948e+08	1.51138e+08	1.73311e+08	1.26855e+08	1.42968e+08	1.46002e+08	1.91227e+08	1.49725e+08	1.27444e+08	1.05414e+08	1.02404e+08	9.50728e+07	1.27414e+08	1.27288e+08	1.23166e+08	1.38349e+08	1.3278e+08	1.26441e+08	1.16907e+08	1.2503e+08	1.69151e+08	1.6676e+08	1.55596e+08	1.29086e+08	1.29574e+08	1.65971e+08	1.23144e+08	1.13242e+08	1.13035e+08	1.19703e+08	1.30017e+08	1.21868e+08	1.08648e+08	1.37007e+08	1.15285e+08	1.07622e+08	1.17478e+08	1.15636e+08
ERR612578	2.11734e+08	2.11403e+08	2.24292e+08	2.11766e+08	2.15425e+08	2.00046e+08	1.83085e+08	2.1039e+08	2.25097e+08	1.80828e+08	1.83201e+08	2.63138e+08	1.48929e+08	1.46517e+08	1.45388e+08	2.06452e+08	1.96855e+08	2.07463e+08	1.94445e+08	1.96634e+08	1.69132e+08	1.99664e+08	1.85329e+08	1.89096e+08	1.75192e+08	1.83043e+08	1.76794e+08	1.74823e+08	1.69701e+08	1.45255e+08	2.00939e+08	2.06067e+08	1.67088e+08	2.05252e+08	2.25345e+08	2.34372e+08	1.07787e+08	1.49581e+08	1.34603e+08	1.35693e+08	1.52921e+08	1.49779e+08	2.24532e+08	1.95929e+08	2.14588e+08	2.25374e+08	1.96461e+08	2.22412e+08	1.50595e+08	1.21667e+08	1.40199e+08	1.27282e+08	1.50748e+08	1.18245e+08	1.33201e+08	1.35832e+08	1.58122e+08	1.49626e+08	1.54146e+08	1.37255e+08	1.57322e+08	1.15313e+08	1.29763e+08	1.32487e+08	1.73597e+08	1.35999e+08	1.15468e+08	9.54562e+07	9.27406e+07	8.61534e+07	1.15403e+08	1.15356e+08	1.11491e+08	1.25244e+08	1.20183e+08	1.14388e+08	1.05758e+08	1.13164e+08	1.53487e+08	1.51271e+08	1.41254e+08	1.17066e+08	1.17605e+08	1.50577e+08	1.119e+08	1.02787e+08	1.0264e+08	1.08801e+08	1.18059e+08	1.10689e+08	9.85138e+07	1.24097e+08	1.04574e+08	9.76379e+07	1.06459e+08	1.04804e+08
ERR607987	2.24763e+08	2.24663e+08	2.38298e+08	2.25026e+08	2.28995e+08	2.12333e+08	1.63567e+08	1.87083e+08	2.00171e+08	1.61631e+08	1.63503e+08	1.48929e+08	3.43375e+08	2.43119e+08	2.41052e+08	3.20823e+08	3.09182e+08	3.22281e+08	2.03894e+08	2.05714e+08	1.76787e+08	2.087e+08	1.93695e+08	1.97907e+08	1.63833e+08	1.7129e+08	1.65642e+08	1.63019e+08	1.58717e+08	1.35105e+08	2.06711e+08	2.12346e+08	1.71811e+08	2.11659e+08	2.31956e+08	2.41488e+08	1.16394e+08	1.62063e+08	1.457e+08	1.46968e+08	1.65615e+08	1.62145e+08	2.27594e+08	1.97739e+08	2.16846e+08	2.2833e+08	1.98425e+08	2.25429e+08	1.58867e+08	1.28388e+08	1.47424e+08	1.34187e+08	1.58943e+08	1.24248e+08	1.39665e+08	1.42478e+08	1.6615e+08	1.57026e+08	1.61874e+08	1.4377e+08	1.58582e+08	1.16252e+08	1.31298e+08	1.33945e+08	1.75151e+08	1.37393e+08	1.21713e+08	1.00757e+08	9.77904e+07	9.10083e+07	1.21765e+08	1.21652e+08	1.18417e+08	1.33233e+08	1.27811e+08	1.21883e+08	1.1239e+08	1.2023e+08	1.60545e+08	1.58452e+08	1.47864e+08	1.22564e+08	1.22991e+08	1.57585e+08	1.11482e+08	1.02238e+08	1.02192e+08	1.08263e+08	1.18126e+08	1.10571e+08	1.03506e+08	1.30357e+08	1.09854e+08	1.02731e+08	1.11854e+08	1.10051e+08
ERR607986	2.21146e+08	2.21084e+08	2.34505e+08	2.21612e+08	2.25339e+08	2.08949e+08	1.60997e+08	1.8411e+08	1.96965e+08	1.59044e+08	1.6096e+08	1.46517e+08	2.43119e+08	3.34895e+08	2.37757e+08	3.16212e+08	3.04773e+08	3.17443e+08	2.00676e+08	2.02549e+08	1.73844e+08	2.05433e+08	1.9069e+08	1.94852e+08	1.61287e+08	1.68412e+08	1.62925e+08	1.6036e+08	1.56128e+08	1.32887e+08	2.03557e+08	2.09121e+08	1.69166e+08	2.08389e+08	2.2828e+08	2.37707e+08	1.14269e+08	1.59313e+08	1.43186e+08	1.44394e+08	1.62717e+08	1.59399e+08	2.23883e+08	1.94464e+08	2.13278e+08	2.24606e+08	1.95075e+08	2.2177e+08	1.55958e+08	1.26013e+08	1.4475e+08	1.31741e+08	1.5609e+08	1.21844e+08	1.36694e+08	1.39459e+08	1.62845e+08	1.53847e+08	1.58644e+08	1.40759e+08	1.5566e+08	1.14344e+08	1.28948e+08	1.31683e+08	1.72029e+08	1.35033e+08	1.19333e+08	9.89267e+07	9.59802e+07	8.93948e+07	1.19523e+08	1.19347e+08	1.16275e+08	1.30898e+08	1.25421e+08	1.19771e+08	1.10401e+08	1.1796e+08	1.57397e+08	1.55415e+08	1.44895e+08	1.20123e+08	1.20646e+08	1.54531e+08	1.09296e+08	1.00482e+08	1.00229e+08	1.06144e+08	1.15957e+08	1.08599e+08	1.01575e+08	1.27873e+08	1.07819e+08	1.00774e+08	1.09754e+08	1.08007e+08
ERR607988	2.19219e+08	2.19293e+08	2.32449e+08	2.19593e+08	2.23394e+08	2.07193e+08	1.59609e+08	1.82548e+08	1.95399e+08	1.57702e+08	1.59634e+08	1.45388e+08	2.41052e+08	2.37757e+08	3.30012e+08	3.13267e+08	3.02003e+08	3.14543e+08	1.99008e+08	2.00949e+08	1.72512e+08	2.03761e+08	1.89285e+08	1.93378e+08	1.59839e+08	1.67134e+08	1.61546e+08	1.58997e+08	1.5483e+08	1.31859e+08	2.01783e+08	2.07312e+08	1.67714e+08	2.06765e+08	2.26435e+08	2.35648e+08	1.1347e+08	1.58154e+08	1.42085e+08	1.43302e+08	1.61484e+08	1.58071e+08	2.21919e+08	1.92792e+08	2.11396e+08	2.22606e+08	1.9346e+08	2.19902e+08	1.54878e+08	1.25157e+08	1.4387e+08	1.30851e+08	1.54982e+08	1.21185e+08	1.35925e+08	1.38742e+08	1.61736e+08	1.52851e+08	1.5772e+08	1.39964e+08	1.54649e+08	1.13459e+08	1.28093e+08	1.30692e+08	1.70952e+08	1.34142e+08	1.18761e+08	9.82402e+07	9.54001e+07	8.88413e+07	1.18711e+08	1.18598e+08	1.15466e+08	1.29978e+08	1.24618e+08	1.1889e+08	1.09666e+08	1.1714e+08	1.56502e+08	1.5443e+08	1.43994e+08	1.1939e+08	1.19928e+08	1.53588e+08	1.08672e+08	9.97339e+07	9.96688e+07	1.05476e+08	1.15167e+08	1.07832e+08	1.00957e+08	1.27099e+08	1.07058e+08	1.00092e+08	1.09021e+08	1.07337e+08
ERR607984	3.1728e+08	3.17081e+08	3.36781e+08	3.17541e+08	3.23241e+08	2.99258e+08	2.27013e+08	2.60454e+08	2.79367e+08	2.24217e+08	2.26818e+08	2.06452e+08	3.20823e+08	3.16212e+08	3.13267e+08	5.70181e+08	4.1247e+08	4.30984e+08	2.86366e+08	2.89171e+08	2.47655e+08	2.93706e+08	2.72095e+08	2.77706e+08	2.30181e+08	2.40939e+08	2.32739e+08	2.2924e+08	2.22789e+08	1.89149e+08	2.90391e+08	2.9827e+08	2.40188e+08	2.97094e+08	3.26832e+08	3.40666e+08	1.65052e+08	2.30623e+08	2.07063e+08	2.08802e+08	2.35673e+08	2.30791e+08	3.21399e+08	2.78598e+08	3.05879e+08	3.22274e+08	2.79157e+08	3.18128e+08	2.30083e+08	1.85752e+08	2.13892e+08	1.94343e+08	2.30383e+08	1.79895e+08	2.01874e+08	2.05906e+08	2.40201e+08	2.27106e+08	2.3418e+08	2.07956e+08	2.25688e+08	1.64799e+08	1.86128e+08	1.89994e+08	2.49619e+08	1.94977e+08	1.7692e+08	1.46345e+08	1.42029e+08	1.32164e+08	1.76959e+08	1.76817e+08	1.7161e+08	1.93183e+08	1.85243e+08	1.76716e+08	1.62856e+08	1.74193e+08	2.33807e+08	2.30611e+08	2.15034e+08	1.78254e+08	1.78931e+08	2.2945e+08	1.61631e+08	1.4798e+08	1.47655e+08	1.57005e+08	1.71205e+08	1.60045e+08	1.50055e+08	1.8913e+08	1.59198e+08	1.48615e+08	1.62113e+08	1.5952e+08
ERR607983	3.02069e+08	3.01772e+08	3.20469e+08	3.02409e+08	3.07796e+08	2.85185e+08	2.16314e+08	2.48299e+08	2.66002e+08	2.13602e+08	2.16253e+08	1.96855e+08	3.09182e+08	3.04773e+08	3.02003e+08	4.1247e+08	5.29753e+08	4.1437e+08	2.72327e+08	2.74986e+08	2.35896e+08	2.7941e+08	2.59001e+08	2.64128e+08	2.19051e+08	2.29038e+08	2.21354e+08	2.18258e+08	2.11898e+08	1.79975e+08	2.76425e+08	2.83452e+08	2.28936e+08	2.824e+08	3.10999e+08	3.23853e+08	1.57072e+08	2.18699e+08	1.96566e+08	1.98236e+08	2.23514e+08	2.18885e+08	3.0526e+08	2.64833e+08	2.90661e+08	3.06289e+08	2.65407e+08	3.02402e+08	2.17283e+08	1.75393e+08	2.02227e+08	1.8361e+08	2.17596e+08	1.70272e+08	1.91593e+08	1.95271e+08	2.27394e+08	2.1532e+08	2.21659e+08	1.97176e+08	2.13738e+08	1.56147e+08	1.76181e+08	1.79777e+08	2.36287e+08	1.84529e+08	1.67146e+08	1.38131e+08	1.34101e+08	1.24855e+08	1.67145e+08	1.6704e+08	1.61749e+08	1.81917e+08	1.74568e+08	1.66328e+08	1.53517e+08	1.6421e+08	2.21072e+08	2.18098e+08	2.03375e+08	1.68552e+08	1.69323e+08	2.16901e+08	1.52786e+08	1.39847e+08	1.39513e+08	1.48479e+08	1.61899e+08	1.51225e+08	1.41562e+08	1.78617e+08	1.50435e+08	1.40443e+08	1.53156e+08	1.50658e+08
ERR607985	3.19401e+08	3.18996e+08	3.38791e+08	3.19594e+08	3.25441e+08	3.01255e+08	2.28083e+08	2.61851e+08	2.80782e+08	2.25251e+08	2.28112e+08	2.07463e+08	3.22281e+08	3.17443e+08	3.14543e+08	4.30984e+08	4.1437e+08	5.75114e+08	2.87788e+08	2.90638e+08	2.49295e+08	2.95443e+08	2.73641e+08	2.79017e+08	2.31502e+08	2.4209e+08	2.33898e+08	2.30808e+08	2.23923e+08	1.90203e+08	2.92013e+08	2.99467e+08	2.41649e+08	2.98225e+08	3.28688e+08	3.42426e+08	1.66241e+08	2.31656e+08	2.08116e+08	2.10011e+08	2.36715e+08	2.31819e+08	3.22457e+08	2.79772e+08	3.07191e+08	3.2358e+08	2.80338e+08	3.1941e+08	2.3094e+08	1.8653e+08	2.14992e+08	1.95044e+08	2.31279e+08	1.81315e+08	2.03597e+08	2.07589e+08	2.41716e+08	2.28768e+08	2.35467e+08	2.09632e+08	2.26189e+08	1.65285e+08	1.86389e+08	1.9022e+08	2.50129e+08	1.95293e+08	1.77935e+08	1.47153e+08	1.42722e+08	1.32712e+08	1.77891e+08	1.77838e+08	1.72005e+08	1.93221e+08	1.85491e+08	1.76747e+08	1.63225e+08	1.74539e+08	2.35247e+08	2.32052e+08	2.16465e+08	1.79453e+08	1.80241e+08	2.31004e+08	1.6238e+08	1.48474e+08	1.48335e+08	1.57892e+08	1.72077e+08	1.60743e+08	1.50558e+08	1.90012e+08	1.60067e+08	1.49259e+08	1.62904e+08	1.60092e+08
ERR618451	2.90914e+08	2.90713e+08	3.0901e+08	2.91397e+08	2.96546e+08	2.74159e+08	2.14376e+08	2.46063e+08	2.64793e+08	2.11846e+08	2.14345e+08	1.94445e+08	2.03894e+08	2.00676e+08	1.99008e+08	2.86366e+08	2.72327e+08	2.87788e+08	4.5174e+08	3.17115e+08	2.70307e+08	3.20072e+08	2.96665e+08	3.04332e+08	2.11318e+08	2.21449e+08	2.13947e+08	2.10585e+08	2.04506e+08	1.73277e+08	2.71365e+08	2.79237e+08	2.24351e+08	2.78132e+08	3.05693e+08	3.18686e+08	1.56152e+08	2.18194e+08	1.95832e+08	1.97558e+08	2.22876e+08	2.18253e+08	2.97994e+08	2.57919e+08	2.83826e+08	2.99007e+08	2.58686e+08	2.95103e+08	2.2616e+08	1.82491e+08	2.10145e+08	1.91087e+08	2.26397e+08	1.76953e+08	1.97003e+08	2.01032e+08	2.34902e+08	2.21906e+08	2.28966e+08	2.02984e+08	2.17055e+08	1.58563e+08	1.79183e+08	1.82973e+08	2.40321e+08	1.87654e+08	1.73143e+08	1.43038e+08	1.38917e+08	1.2922e+08	1.73009e+08	1.72899e+08	1.68702e+08	1.89881e+08	1.82018e+08	1.73387e+08	1.60061e+08	1.71201e+08	2.29966e+08	2.26783e+08	2.11705e+08	1.75352e+08	1.76186e+08	2.25766e+08	1.59343e+08	1.45889e+08	1.45773e+08	1.55031e+08	1.68937e+08	1.57887e+08	1.48697e+08	1.87724e+08	1.58052e+08	1.47633e+08	1.60936e+08	1.58245e+08
ERR618452	2.93787e+08	2.9371e+08	3.12228e+08	2.94313e+08	2.99607e+08	2.76922e+08	2.16744e+08	2.48848e+08	2.67602e+08	2.14176e+08	2.16728e+08	1.96634e+08	2.05714e+08	2.02549e+08	2.00949e+08	2.89171e+08	2.74986e+08	2.90638e+08	3.17115e+08	4.60611e+08	2.73033e+08	3.23325e+08	2.99867e+08	3.07543e+08	2.13507e+08	2.23907e+08	2.16345e+08	2.12908e+08	2.06726e+08	1.75187e+08	2.74144e+08	2.82187e+08	2.26583e+08	2.81012e+08	3.08863e+08	3.22128e+08	1.57938e+08	2.20639e+08	1.98114e+08	1.99916e+08	2.25475e+08	2.20823e+08	3.0089e+08	2.6055e+08	2.86696e+08	3.02033e+08	2.6122e+08	2.98093e+08	2.28982e+08	1.84807e+08	2.12814e+08	1.93461e+08	2.29213e+08	1.79208e+08	1.99423e+08	2.0335e+08	2.37575e+08	2.24397e+08	2.31561e+08	2.05357e+08	2.19608e+08	1.6041e+08	1.81093e+08	1.85044e+08	2.43047e+08	1.89832e+08	1.75286e+08	1.44912e+08	1.4065e+08	1.30915e+08	1.75291e+08	1.751e+08	1.70874e+08	1.9223e+08	1.84291e+08	1.75614e+08	1.62109e+08	1.73422e+08	2.32871e+08	2.2976e+08	2.14452e+08	1.77538e+08	1.78422e+08	2.28603e+08	1.61489e+08	1.477e+08	1.4737e+08	1.56815e+08	1.70883e+08	1.59674e+08	1.50771e+08	1.90213e+08	1.6002e+08	1.49528e+08	1.62976e+08	1.60361e+08
ERR618448	2.52077e+08	2.51784e+08	2.67651e+08	2.52318e+08	2.56729e+08	2.37845e+08	1.85962e+08	2.13776e+08	2.29156e+08	1.83666e+08	1.86025e+08	1.69132e+08	1.76787e+08	1.73844e+08	1.72512e+08	2.47655e+08	2.35896e+08	2.49295e+08	2.70307e+08	2.73033e+08	3.54978e+08	2.78426e+08	2.5859e+08	2.62213e+08	1.8252e+08	1.91251e+08	1.84741e+08	1.82297e+08	1.76532e+08	1.49634e+08	2.34977e+08	2.40778e+08	1.94581e+08	2.39708e+08	2.6459e+08	2.75065e+08	1.3568e+08	1.87785e+08	1.69074e+08	1.7056e+08	1.91974e+08	1.88212e+08	2.56813e+08	2.23079e+08	2.45111e+08	2.57906e+08	2.23515e+08	2.54556e+08	1.93474e+08	1.56252e+08	1.80548e+08	1.63675e+08	1.93884e+08	1.52892e+08	1.7041e+08	1.74021e+08	2.0202e+08	1.91423e+08	1.96882e+08	1.75733e+08	1.86157e+08	1.36158e+08	1.532e+08	1.56343e+08	2.05451e+08	1.60417e+08	1.48723e+08	1.22757e+08	1.19203e+08	1.10869e+08	1.48729e+08	1.48577e+08	1.43816e+08	1.61214e+08	1.54876e+08	1.47114e+08	1.36269e+08	1.46028e+08	1.98091e+08	1.95249e+08	1.82126e+08	1.5102e+08	1.51834e+08	1.94379e+08	1.37019e+08	1.24924e+08	1.2481e+08	1.33369e+08	1.45139e+08	1.35233e+08	1.27486e+08	1.60888e+08	1.35357e+08	1.26457e+08	1.38085e+08	1.35687e+08
ERR618447	2.99393e+08	2.98944e+08	3.17981e+08	2.99638e+08	3.04945e+08	2.81986e+08	2.19875e+08	2.52879e+08	2.71643e+08	2.17287e+08	2.19941e+08	1.99664e+08	2.087e+08	2.05433e+08	2.03761e+08	2.93706e+08	2.7941e+08	2.95443e+08	3.20072e+08	3.23325e+08	2.78426e+08	4.72519e+08	3.05402e+08	3.10332e+08	2.17396e+08	2.27866e+08	2.19916e+08	2.16977e+08	2.10261e+08	1.78136e+08	2.78574e+08	2.86059e+08	2.30165e+08	2.84859e+08	3.14204e+08	3.26925e+08	1.61037e+08	2.24285e+08	2.0147e+08	2.03293e+08	2.29081e+08	2.24519e+08	3.05582e+08	2.64859e+08	2.91341e+08	3.06791e+08	2.65354e+08	3.02816e+08	2.32384e+08	1.87605e+08	2.16553e+08	1.96466e+08	2.32834e+08	1.82812e+08	2.03939e+08	2.0812e+08	2.42369e+08	2.29539e+08	2.36183e+08	2.10164e+08	2.23047e+08	1.62826e+08	1.83537e+08	1.87388e+08	2.46441e+08	1.92281e+08	1.78457e+08	1.47333e+08	1.43009e+08	1.33047e+08	1.78381e+08	1.78259e+08	1.73095e+08	1.94255e+08	1.86621e+08	1.77496e+08	1.64068e+08	1.7577e+08	2.37496e+08	2.34163e+08	2.18498e+08	1.81204e+08	1.81967e+08	2.33167e+08	1.6426e+08	1.50033e+08	1.49918e+08	1.59816e+08	1.74124e+08	1.62435e+08	1.53129e+08	1.93325e+08	1.62582e+08	1.51812e+08	1.65713e+08	1.62846e+08
ERR618449	2.76765e+08	2.76572e+08	2.94015e+08	2.7726e+08	2.82089e+08	2.6099e+08	2.03919e+08	2.34382e+08	2.51624e+08	2.01531e+08	2.03899e+08	1.85329e+08	1.93695e+08	1.9069e+08	1.89285e+08	2.72095e+08	2.59001e+08	2.73641e+08	2.96665e+08	2.99867e+08	2.5859e+08	3.05402e+08	4.1479e+08	2.87891e+08	2.0097e+08	2.10532e+08	2.03392e+08	2.00479e+08	1.94339e+08	1.64658e+08	2.58037e+08	2.64725e+08	2.13508e+08	2.63677e+08	2.90617e+08	3.02504e+08	1.48996e+08	2.06968e+08	1.86181e+08	1.87857e+08	2.11561e+08	2.07335e+08	2.82582e+08	2.44869e+08	2.69321e+08	2.83653e+08	2.45593e+08	2.79941e+08	2.14153e+08	1.72895e+08	1.99545e+08	1.81112e+08	2.1449e+08	1.68488e+08	1.8791e+08	1.91775e+08	2.23008e+08	2.11221e+08	2.17328e+08	1.9366e+08	2.05354e+08	1.50141e+08	1.69085e+08	1.72507e+08	2.26943e+08	1.77122e+08	1.64293e+08	1.35794e+08	1.31818e+08	1.2244e+08	1.64291e+08	1.64209e+08	1.59443e+08	1.78772e+08	1.71845e+08	1.63373e+08	1.51087e+08	1.61872e+08	2.18737e+08	2.15602e+08	2.01232e+08	1.66791e+08	1.67519e+08	2.14794e+08	1.5133e+08	1.38149e+08	1.38062e+08	1.47166e+08	1.60313e+08	1.49473e+08	1.41016e+08	1.77824e+08	1.49773e+08	1.3971e+08	1.52636e+08	1.50021e+08
ERR618450	2.81854e+08	2.81848e+08	2.99573e+08	2.82526e+08	2.87453e+08	2.65657e+08	2.08273e+08	2.39077e+08	2.57159e+08	2.05846e+08	2.0835e+08	1.89096e+08	1.97907e+08	1.94852e+08	1.93378e+08	2.77706e+08	2.64128e+08	2.79017e+08	3.04332e+08	3.07543e+08	2.62213e+08	3.10332e+08	2.87891e+08	4.29271e+08	2.04988e+08	2.14666e+08	2.07368e+08	2.04195e+08	1.98366e+08	1.68034e+08	2.63183e+08	2.70972e+08	2.17756e+08	2.7002e+08	2.96561e+08	3.09133e+08	1.5142e+08	2.11653e+08	1.90033e+08	1.91662e+08	2.16221e+08	2.11656e+08	2.89039e+08	2.50179e+08	2.7523e+08	2.89855e+08	2.50905e+08	2.86205e+08	2.19173e+08	1.76818e+08	2.03643e+08	1.8522e+08	2.19472e+08	1.715e+08	1.90923e+08	1.94945e+08	2.2758e+08	2.15072e+08	2.21812e+08	1.96638e+08	2.10764e+08	1.5404e+08	1.7392e+08	1.77579e+08	2.33166e+08	1.82077e+08	1.67595e+08	1.38535e+08	1.34459e+08	1.251e+08	1.67546e+08	1.67465e+08	1.63492e+08	1.83884e+08	1.76323e+08	1.67931e+08	1.55176e+08	1.65924e+08	2.22686e+08	2.19759e+08	2.05022e+08	1.69786e+08	1.70514e+08	2.18639e+08	1.54392e+08	1.41341e+08	1.4122e+08	1.50016e+08	1.63647e+08	1.52891e+08	1.44138e+08	1.81957e+08	1.5318e+08	1.43019e+08	1.55818e+08	1.53516e+08
ERR612205	2.62928e+08	2.62495e+08	2.77521e+08	2.62912e+08	2.67378e+08	2.49038e+08	1.9247e+08	2.22251e+08	2.38129e+08	1.90042e+08	1.92783e+08	1.75192e+08	1.63833e+08	1.61287e+08	1.59839e+08	2.30181e+08	2.19051e+08	2.31502e+08	2.11318e+08	2.13507e+08	1.8252e+08	2.17396e+08	2.0097e+08	2.04988e+08	3.68696e+08	2.68766e+08	2.60479e+08	2.57428e+08	2.50963e+08	2.18287e+08	2.4721e+08	2.52739e+08	2.07978e+08	2.51595e+08	2.75871e+08	2.86181e+08	1.21659e+08	1.69677e+08	1.52524e+08	1.53578e+08	1.73397e+08	1.6979e+08	2.75266e+08	2.41998e+08	2.63344e+08	2.75951e+08	2.42205e+08	2.72772e+08	1.71207e+08	1.37874e+08	1.59392e+08	1.44474e+08	1.71492e+08	1.34458e+08	1.53851e+08	1.56999e+08	1.82887e+08	1.7283e+08	1.78071e+08	1.58605e+08	1.76968e+08	1.27689e+08	1.44474e+08	1.47444e+08	1.95918e+08	1.51646e+08	1.33442e+08	1.10041e+08	1.06832e+08	9.92118e+07	1.33455e+08	1.33334e+08	1.28493e+08	1.44342e+08	1.38449e+08	1.31761e+08	1.21738e+08	1.30358e+08	1.75968e+08	1.73497e+08	1.61714e+08	1.33853e+08	1.34529e+08	1.72703e+08	1.46421e+08	1.35547e+08	1.35093e+08	1.42844e+08	1.5378e+08	1.44789e+08	1.12235e+08	1.41847e+08	1.19169e+08	1.11231e+08	1.21464e+08	1.19373e+08
ERR612203	2.73977e+08	2.73713e+08	2.89458e+08	2.7398e+08	2.78544e+08	2.59455e+08	2.01345e+08	2.32267e+08	2.49181e+08	1.98661e+08	2.01637e+08	1.83043e+08	1.7129e+08	1.68412e+08	1.67134e+08	2.40939e+08	2.29038e+08	2.4209e+08	2.21449e+08	2.23907e+08	1.91251e+08	2.27866e+08	2.10532e+08	2.14666e+08	2.68766e+08	3.96059e+08	2.70999e+08	2.67677e+08	2.61038e+08	2.26839e+08	2.57674e+08	2.63883e+08	2.16222e+08	2.62637e+08	2.87716e+08	2.98749e+08	1.27553e+08	1.78389e+08	1.60201e+08	1.61215e+08	1.82332e+08	1.78466e+08	2.87527e+08	2.52455e+08	2.75195e+08	2.88269e+08	2.52613e+08	2.84809e+08	1.8055e+08	1.45432e+08	1.67906e+08	1.5242e+08	1.80722e+08	1.41303e+08	1.61827e+08	1.6499e+08	1.9267e+08	1.81992e+08	1.87723e+08	1.66736e+08	1.86609e+08	1.34709e+08	1.52549e+08	1.55762e+08	2.06669e+08	1.60129e+08	1.40494e+08	1.16069e+08	1.12696e+08	1.04648e+08	1.40597e+08	1.4052e+08	1.35538e+08	1.52455e+08	1.46162e+08	1.39327e+08	1.28456e+08	1.37505e+08	1.85183e+08	1.82606e+08	1.70452e+08	1.40886e+08	1.41436e+08	1.8192e+08	1.52803e+08	1.41434e+08	1.41134e+08	1.48973e+08	1.60597e+08	1.51231e+08	1.18407e+08	1.49644e+08	1.25729e+08	1.17392e+08	1.27997e+08	1.26072e+08
ERR612206	2.65624e+08	2.65376e+08	2.80479e+08	2.65658e+08	2.70225e+08	2.51746e+08	1.94526e+08	2.24264e+08	2.4056e+08	1.91828e+08	1.94753e+08	1.76794e+08	1.65642e+08	1.62925e+08	1.61546e+08	2.32739e+08	2.21354e+08	2.33898e+08	2.13947e+08	2.16345e+08	1.84741e+08	2.19916e+08	2.03392e+08	2.07368e+08	2.60479e+08	2.70999e+08	3.7569e+08	2.5927e+08	2.54782e+08	2.21409e+08	2.49875e+08	2.55907e+08	2.10237e+08	2.5465e+08	2.78892e+08	2.89583e+08	1.23097e+08	1.71833e+08	1.54422e+08	1.55538e+08	1.7566e+08	1.71966e+08	2.78422e+08	2.4458e+08	2.66318e+08	2.79006e+08	2.44814e+08	2.75709e+08	1.73457e+08	1.39797e+08	1.61455e+08	1.46418e+08	1.73696e+08	1.35999e+08	1.55488e+08	1.58679e+08	1.85041e+08	1.74781e+08	1.80164e+08	1.60262e+08	1.79433e+08	1.29471e+08	1.46656e+08	1.49735e+08	1.98798e+08	1.53948e+08	1.35266e+08	1.11598e+08	1.08332e+08	1.00557e+08	1.3536e+08	1.35249e+08	1.30261e+08	1.46407e+08	1.40431e+08	1.3371e+08	1.23481e+08	1.32156e+08	1.78149e+08	1.75546e+08	1.63637e+08	1.35468e+08	1.3597e+08	1.74824e+08	1.48023e+08	1.3708e+08	1.36727e+08	1.44356e+08	1.55557e+08	1.46518e+08	1.13648e+08	1.43682e+08	1.20783e+08	1.1272e+08	1.2304e+08	1.21129e+08
ERR612204	2.62748e+08	2.6226e+08	2.77346e+08	2.62635e+08	2.67168e+08	2.49033e+08	1.91949e+08	2.21846e+08	2.37471e+08	1.89404e+08	1.92257e+08	1.74823e+08	1.63019e+08	1.6036e+08	1.58997e+08	2.2924e+08	2.18258e+08	2.30808e+08	2.10585e+08	2.12908e+08	1.82297e+08	2.16977e+08	2.00479e+08	2.04195e+08	2.57428e+08	2.67677e+08	2.5927e+08	3.66666e+08	2.49827e+08	2.17343e+08	2.46945e+08	2.52177e+08	2.07635e+08	2.5098e+08	2.75487e+08	2.85566e+08	1.21675e+08	1.69262e+08	1.52359e+08	1.53384e+08	1.73141e+08	1.69588e+08	2.74639e+08	2.41609e+08	2.62771e+08	2.75408e+08	2.41674e+08	2.72214e+08	1.71085e+08	1.37745e+08	1.59483e+08	1.44365e+08	1.71304e+08	1.34717e+08	1.54333e+08	1.57375e+08	1.83064e+08	1.7327e+08	1.7839e+08	1.59215e+08	1.76798e+08	1.27582e+08	1.44244e+08	1.47216e+08	1.95547e+08	1.51386e+08	1.33422e+08	1.10056e+08	1.06926e+08	9.91399e+07	1.33489e+08	1.33475e+08	1.28037e+08	1.43621e+08	1.37982e+08	1.31148e+08	1.21253e+08	1.29885e+08	1.76121e+08	1.73792e+08	1.61954e+08	1.34046e+08	1.34764e+08	1.72886e+08	1.46491e+08	1.35503e+08	1.35123e+08	1.42977e+08	1.53929e+08	1.44805e+08	1.12169e+08	1.41732e+08	1.19172e+08	1.11172e+08	1.21491e+08	1.19329e+08
ERR612208	2.55084e+08	2.54932e+08	2.69321e+08	2.55137e+08	2.5953e+08	2.4182e+08	1.86724e+08	2.15266e+08	2.30748e+08	1.84128e+08	1.86792e+08	1.69701e+08	1.58717e+08	1.56128e+08	1.5483e+08	2.22789e+08	2.11898e+08	2.23923e+08	2.04506e+08	2.06726e+08	1.76532e+08	2.10261e+08	1.94339e+08	1.98366e+08	2.50963e+08	2.61038e+08	2.54782e+08	2.49827e+08	3.52148e+08	2.13631e+08	2.40203e+08	2.45731e+08	2.02149e+08	2.44643e+08	2.67816e+08	2.77921e+08	1.17697e+08	1.64315e+08	1.47632e+08	1.48734e+08	1.67878e+08	1.6444e+08	2.67257e+08	2.34902e+08	2.55686e+08	2.6807e+08	2.35187e+08	2.64749e+08	1.65903e+08	1.33711e+08	1.54314e+08	1.40038e+08	1.66007e+08	1.29869e+08	1.48674e+08	1.51648e+08	1.76959e+08	1.67148e+08	1.72396e+08	1.53153e+08	1.71679e+08	1.23804e+08	1.4034e+08	1.43177e+08	1.9015e+08	1.47282e+08	1.29217e+08	1.06713e+08	1.03591e+08	9.61385e+07	1.29241e+08	1.292e+08	1.24568e+08	1.40088e+08	1.34282e+08	1.27989e+08	1.18094e+08	1.26439e+08	1.70109e+08	1.67815e+08	1.56411e+08	1.29476e+08	1.30073e+08	1.67047e+08	1.42415e+08	1.31983e+08	1.31665e+08	1.3893e+08	1.49573e+08	1.40992e+08	1.08662e+08	1.37353e+08	1.15351e+08	1.07697e+08	1.17541e+08	1.1565e+08
ERR612207	2.19321e+08	2.19175e+08	2.31414e+08	2.19446e+08	2.23003e+08	2.08274e+08	1.59534e+08	1.83867e+08	1.97079e+08	1.57418e+08	1.59756e+08	1.45255e+08	1.35105e+08	1.32887e+08	1.31859e+08	1.89149e+08	1.79975e+08	1.90203e+08	1.73277e+08	1.75187e+08	1.49634e+08	1.78136e+08	1.64658e+08	1.68034e+08	2.18287e+08	2.26839e+08	2.21409e+08	2.17343e+08	2.13631e+08	2.76739e+08	2.06757e+08	2.11577e+08	1.74636e+08	2.10535e+08	2.30025e+08	2.38507e+08	9.9564e+07	1.38883e+08	1.24846e+08	1.2565e+08	1.41983e+08	1.39023e+08	2.2949e+08	2.02277e+08	2.19784e+08	2.30054e+08	2.02447e+08	2.27427e+08	1.39743e+08	1.12534e+08	1.30029e+08	1.17868e+08	1.39951e+08	1.09512e+08	1.25549e+08	1.27935e+08	1.49367e+08	1.4112e+08	1.4549e+08	1.29382e+08	1.45035e+08	1.04621e+08	1.18569e+08	1.21092e+08	1.60722e+08	1.24486e+08	1.08749e+08	8.98451e+07	8.71319e+07	8.09242e+07	1.08824e+08	1.08806e+08	1.04796e+08	1.17865e+08	1.13071e+08	1.07725e+08	9.94201e+07	1.06332e+08	1.43207e+08	1.41258e+08	1.31732e+08	1.09011e+08	1.09395e+08	1.40695e+08	1.23477e+08	1.14723e+08	1.14403e+08	1.20585e+08	1.29499e+08	1.22273e+08	9.15706e+07	1.15673e+08	9.71756e+07	9.06604e+07	9.90039e+07	9.74365e+07
ERR613390	3.69702e+08	3.69453e+08	3.90662e+08	3.70249e+08	3.76347e+08	3.50439e+08	2.20786e+08	2.54563e+08	2.72804e+08	2.18001e+08	2.21331e+08	2.00939e+08	2.06711e+08	2.03557e+08	2.01783e+08	2.90391e+08	2.76425e+08	2.92013e+08	2.71365e+08	2.74144e+08	2.34977e+08	2.78574e+08	2.58037e+08	2.63183e+08	2.4721e+08	2.57674e+08	2.49875e+08	2.46945e+08	2.40203e+08	2.06757e+08	5.07741e+08	3.74032e+08	3.07099e+08	3.72643e+08	4.0905e+08	4.24316e+08	1.63885e+08	2.28437e+08	2.05158e+08	2.06919e+08	2.3331e+08	2.2849e+08	3.56478e+08	3.12338e+08	3.40177e+08	3.57339e+08	3.1279e+08	3.52996e+08	2.36681e+08	1.913e+08	2.20623e+08	2.00056e+08	2.3674e+08	1.86074e+08	2.10051e+08	2.14186e+08	2.49371e+08	2.35761e+08	2.43104e+08	2.16323e+08	2.36578e+08	1.72641e+08	1.94885e+08	1.98821e+08	2.61408e+08	2.04106e+08	1.80289e+08	1.49292e+08	1.448e+08	1.34898e+08	1.80404e+08	1.80246e+08	1.75511e+08	1.97045e+08	1.89224e+08	1.79958e+08	1.66451e+08	1.78104e+08	2.37414e+08	2.34195e+08	2.18737e+08	1.81569e+08	1.82398e+08	2.32957e+08	1.93581e+08	1.78918e+08	1.78561e+08	1.88851e+08	2.03846e+08	1.91657e+08	1.55577e+08	1.95797e+08	1.64884e+08	1.54377e+08	1.68115e+08	1.65381e+08
ERR613393	3.7723e+08	3.77558e+08	3.99164e+08	3.78343e+08	3.84371e+08	3.5749e+08	2.26755e+08	2.6094e+08	2.80446e+08	2.23841e+08	2.27084e+08	2.06067e+08	2.12346e+08	2.09121e+08	2.07312e+08	2.9827e+08	2.83452e+08	2.99467e+08	2.79237e+08	2.82187e+08	2.40778e+08	2.86059e+08	2.64725e+08	2.70972e+08	2.52739e+08	2.63883e+08	2.55907e+08	2.52177e+08	2.45731e+08	2.11577e+08	3.74032e+08	5.28386e+08	3.14635e+08	3.84215e+08	4.17882e+08	4.33887e+08	1.67549e+08	2.3525e+08	2.10833e+08	2.12679e+08	2.40221e+08	2.35156e+08	3.65449e+08	3.19681e+08	3.48534e+08	3.66212e+08	3.20256e+08	3.61767e+08	2.44866e+08	1.9774e+08	2.2715e+08	2.07002e+08	2.44747e+08	1.90987e+08	2.15301e+08	2.19669e+08	2.57177e+08	2.42275e+08	2.5035e+08	2.2143e+08	2.45e+08	1.78684e+08	2.02272e+08	2.06499e+08	2.71127e+08	2.1206e+08	1.85585e+08	1.53829e+08	1.49242e+08	1.39091e+08	1.85695e+08	1.85475e+08	1.82224e+08	2.04957e+08	1.96464e+08	1.87481e+08	1.72884e+08	1.84757e+08	2.43924e+08	2.4082e+08	2.2484e+08	1.86294e+08	1.86888e+08	2.39386e+08	1.98307e+08	1.83855e+08	1.83463e+08	1.9323e+08	2.08945e+08	1.96818e+08	1.60844e+08	2.02396e+08	1.70409e+08	1.5966e+08	1.73605e+08	1.71042e+08
ERR613394	3.1045e+08	3.10312e+08	3.27383e+08	3.10696e+08	3.15656e+08	2.94663e+08	1.83431e+08	2.1157e+08	2.26397e+08	1.81151e+08	1.83881e+08	1.67088e+08	1.71811e+08	1.69166e+08	1.67714e+08	2.40188e+08	2.28936e+08	2.41649e+08	2.24351e+08	2.26583e+08	1.94581e+08	2.30165e+08	2.13508e+08	2.17756e+08	2.07978e+08	2.16222e+08	2.10237e+08	2.07635e+08	2.02149e+08	1.74636e+08	3.07099e+08	3.14635e+08	3.73418e+08	3.13505e+08	3.42048e+08	3.54009e+08	1.35163e+08	1.87477e+08	1.68691e+08	1.70092e+08	1.9146e+08	1.87562e+08	2.987e+08	2.62619e+08	2.8507e+08	2.99563e+08	2.63076e+08	2.95944e+08	1.9246e+08	1.55686e+08	1.79542e+08	1.62819e+08	1.92678e+08	1.51887e+08	1.71489e+08	1.7485e+08	2.03295e+08	1.92385e+08	1.98123e+08	1.767e+08	1.93164e+08	1.41204e+08	1.59258e+08	1.62352e+08	2.1324e+08	1.66766e+08	1.46637e+08	1.21494e+08	1.1796e+08	1.0981e+08	1.46895e+08	1.46629e+08	1.4296e+08	1.60138e+08	1.53796e+08	1.46378e+08	1.35514e+08	1.45037e+08	1.93288e+08	1.90739e+08	1.78127e+08	1.4783e+08	1.4853e+08	1.89688e+08	1.62301e+08	1.5029e+08	1.50012e+08	1.58412e+08	1.7057e+08	1.60661e+08	1.26773e+08	1.59461e+08	1.34389e+08	1.25676e+08	1.36979e+08	1.34738e+08
