	ERR630005	ERR630004	ERR630001	ERR630002	ERR630000	ERR630003	ERR613356	ERR613354	ERR613355	ERR613353	ERR613358	ERR613357	ERR605934	ERR605937	ERR605938	ERR605935	ERR605936	ERR605939	ERR608950	ERR608951	ERR608952	ERR608954	ERR608949	ERR608953	ERR630397	ERR630396	ERR630394	ERR630393	ERR630395	ERR630392	ERR630276	ERR630277	ERR630275	ERR630274	ERR630272	ERR630273	ERR629948	ERR629951	ERR629949	ERR629950	ERR629946	ERR629947	ERR622034	ERR622035	ERR622036	ERR622037	ERR622033	ERR622038	ERR630533	ERR630535	ERR630534	ERR630537	ERR630536	ERR630532	ERR618617	ERR618620	ERR618615	ERR618616	ERR618618	ERR618619	ERR629975	ERR629973	ERR629972	ERR629971	ERR629974	ERR629970	ERR615626	ERR615625	ERR615624	ERR615623	ERR615622	ERR615621	ERR617407	ERR617406	ERR617404	ERR617403	ERR617405	ERR617408	ERR607446	ERR607445	ERR607448	ERR607447	ERR607449	ERR607450	ERR613773	ERR613774	ERR613775	ERR613771	ERR613770	ERR613772	ERR608535	ERR608532	ERR608533	ERR608536	ERR608531	ERR608534
ERR630005	3.8792e+08	2.62388e+08	2.62156e+08	2.98581e+08	3.0455e+08	2.6664e+08	2.05757e+08	2.16799e+08	2.39502e+08	2.62942e+08	1.68956e+08	2.11942e+08	1.8666e+08	2.02499e+08	1.94821e+08	2.66166e+08	2.71077e+08	1.92236e+08	2.56013e+08	2.74283e+08	2.1156e+08	2.04175e+08	2.00104e+08	2.07933e+08	1.27675e+08	1.17321e+08	1.59553e+08	1.49328e+08	1.21548e+08	1.63389e+08	2.02824e+08	1.92794e+08	2.03179e+08	1.69801e+08	2.10801e+08	1.79362e+08	2.15392e+08	1.86287e+08	1.88639e+08	1.85027e+08	2.18921e+08	1.8648e+08	2.11716e+08	2.10363e+08	2.08245e+08	1.92679e+08	2.28431e+08	1.88737e+08	1.71251e+08	1.57188e+08	1.97101e+08	1.59225e+08	1.60878e+08	1.84521e+08	1.63959e+08	1.46563e+08	1.7362e+08	1.59725e+08	1.59082e+08	1.46574e+08	1.81923e+08	1.83671e+08	2.0836e+08	1.80077e+08	1.79613e+08	2.11882e+08	2.02004e+08	2.05253e+08	1.83543e+08	1.92628e+08	1.47838e+08	1.36122e+08	2.13007e+08	2.02029e+08	1.68329e+08	1.40458e+08	1.77536e+08	2.1664e+08	2.09796e+08	2.03159e+08	2.64014e+08	2.02495e+08	2.6156e+08	2.61615e+08	1.56712e+08	1.57619e+08	1.56838e+08	1.59755e+08	1.78507e+08	1.25627e+08	1.75876e+08	1.45942e+08	1.58077e+08	1.80196e+08	1.10007e+08	1.75974e+08
ERR630004	2.62388e+08	3.80726e+08	2.59321e+08	2.95387e+08	3.01495e+08	2.63945e+08	2.0369e+08	2.1446e+08	2.37039e+08	2.60275e+08	1.6732e+08	2.09688e+08	1.84422e+08	2.00029e+08	1.92529e+08	2.62942e+08	2.67839e+08	1.8991e+08	2.53301e+08	2.71244e+08	2.09287e+08	2.01866e+08	1.97914e+08	2.05741e+08	1.26106e+08	1.15908e+08	1.57589e+08	1.47485e+08	1.20137e+08	1.61301e+08	2.00464e+08	1.90451e+08	2.00708e+08	1.67731e+08	2.08253e+08	1.77243e+08	2.12811e+08	1.83955e+08	1.86343e+08	1.82753e+08	2.16259e+08	1.84128e+08	2.0959e+08	2.08309e+08	2.06094e+08	1.9092e+08	2.26208e+08	1.86904e+08	1.68848e+08	1.55144e+08	1.94487e+08	1.57138e+08	1.58783e+08	1.82199e+08	1.61967e+08	1.44843e+08	1.7154e+08	1.57774e+08	1.57199e+08	1.44851e+08	1.79483e+08	1.81319e+08	2.05693e+08	1.77832e+08	1.77268e+08	2.09269e+08	1.9953e+08	2.02821e+08	1.81268e+08	1.90244e+08	1.4604e+08	1.34379e+08	2.10262e+08	1.99506e+08	1.65801e+08	1.38405e+08	1.74985e+08	2.1381e+08	2.07798e+08	2.01185e+08	2.6121e+08	2.00363e+08	2.58941e+08	2.58973e+08	1.54627e+08	1.55648e+08	1.54806e+08	1.57745e+08	1.76348e+08	1.24059e+08	1.73348e+08	1.43892e+08	1.55922e+08	1.77792e+08	1.08399e+08	1.73552e+08
ERR630001	2.62156e+08	2.59321e+08	3.83292e+08	2.97718e+08	3.03771e+08	2.63714e+08	2.05211e+08	2.15581e+08	2.38263e+08	2.61888e+08	1.6788e+08	2.11317e+08	1.86176e+08	2.03371e+08	1.95532e+08	2.67548e+08	2.72469e+08	1.92885e+08	2.54e+08	2.72486e+08	2.10092e+08	2.02666e+08	1.97687e+08	2.06402e+08	1.27081e+08	1.16997e+08	1.58998e+08	1.48378e+08	1.21151e+08	1.62658e+08	2.01757e+08	1.91209e+08	2.01829e+08	1.68836e+08	2.09722e+08	1.78148e+08	2.14826e+08	1.84932e+08	1.8738e+08	1.83707e+08	2.1845e+08	1.85699e+08	2.10565e+08	2.09239e+08	2.07265e+08	1.91758e+08	2.27369e+08	1.87711e+08	1.71522e+08	1.57004e+08	1.97451e+08	1.59073e+08	1.60636e+08	1.84545e+08	1.63207e+08	1.46314e+08	1.72957e+08	1.58889e+08	1.58744e+08	1.46376e+08	1.80957e+08	1.82718e+08	2.08256e+08	1.79638e+08	1.78597e+08	2.11714e+08	2.01496e+08	2.04772e+08	1.83046e+08	1.92469e+08	1.47732e+08	1.35686e+08	2.12572e+08	2.01463e+08	1.72972e+08	1.44239e+08	1.82568e+08	2.16356e+08	2.08372e+08	2.01692e+08	2.62461e+08	2.0113e+08	2.60031e+08	2.60038e+08	1.56515e+08	1.57464e+08	1.56552e+08	1.5936e+08	1.78235e+08	1.24908e+08	1.75628e+08	1.45604e+08	1.58058e+08	1.79978e+08	1.09232e+08	1.75705e+08
ERR630002	2.98581e+08	2.95387e+08	2.97718e+08	4.8159e+08	3.47207e+08	3.00249e+08	2.34672e+08	2.46065e+08	2.7212e+08	2.99647e+08	1.911e+08	2.4156e+08	2.13179e+08	2.33694e+08	2.24383e+08	3.07802e+08	3.13947e+08	2.2144e+08	2.89764e+08	3.11227e+08	2.39354e+08	2.3086e+08	2.24793e+08	2.35274e+08	1.46954e+08	1.35134e+08	1.83693e+08	1.71237e+08	1.39955e+08	1.87854e+08	2.32829e+08	2.20435e+08	2.32906e+08	1.94916e+08	2.42135e+08	2.05587e+08	2.48305e+08	2.13189e+08	2.1603e+08	2.11756e+08	2.52559e+08	2.14276e+08	2.40181e+08	2.38604e+08	2.36474e+08	2.18637e+08	2.59699e+08	2.13943e+08	1.98663e+08	1.81365e+08	2.28727e+08	1.8401e+08	1.85628e+08	2.13689e+08	1.88193e+08	1.68907e+08	1.9949e+08	1.83068e+08	1.8309e+08	1.6885e+08	2.08913e+08	2.11204e+08	2.41165e+08	2.07748e+08	2.06233e+08	2.45381e+08	2.32462e+08	2.36266e+08	2.11164e+08	2.22412e+08	1.70504e+08	1.5665e+08	2.45886e+08	2.32916e+08	2.03812e+08	1.69942e+08	2.15134e+08	2.50231e+08	2.37413e+08	2.29501e+08	2.99774e+08	2.29254e+08	2.97169e+08	2.96998e+08	1.81e+08	1.82211e+08	1.81185e+08	1.84234e+08	2.06237e+08	1.43943e+08	2.02379e+08	1.67594e+08	1.82127e+08	2.07374e+08	1.25123e+08	2.02484e+08
ERR630000	3.0455e+08	3.01495e+08	3.03771e+08	3.47207e+08	4.9857e+08	3.06337e+08	2.3948e+08	2.51203e+08	2.77797e+08	3.05996e+08	1.95004e+08	2.46571e+08	2.1756e+08	2.38586e+08	2.29078e+08	3.14443e+08	3.20724e+08	2.26168e+08	2.95717e+08	3.17442e+08	2.44255e+08	2.35533e+08	2.2914e+08	2.39901e+08	1.50125e+08	1.37998e+08	1.87659e+08	1.74922e+08	1.43029e+08	1.91983e+08	2.38011e+08	2.2504e+08	2.38146e+08	1.99126e+08	2.47571e+08	2.10041e+08	2.53755e+08	2.17813e+08	2.20699e+08	2.16344e+08	2.57905e+08	2.18983e+08	2.45147e+08	2.43634e+08	2.41452e+08	2.23148e+08	2.6515e+08	2.18445e+08	2.03003e+08	1.85355e+08	2.33591e+08	1.88065e+08	1.89694e+08	2.1836e+08	1.92226e+08	1.72608e+08	2.03709e+08	1.87026e+08	1.87161e+08	1.72484e+08	2.13573e+08	2.15718e+08	2.46545e+08	2.1222e+08	2.10656e+08	2.50691e+08	2.37446e+08	2.41293e+08	2.15603e+08	2.27234e+08	1.74181e+08	1.60108e+08	2.51306e+08	2.37975e+08	2.08306e+08	1.73748e+08	2.19933e+08	2.55737e+08	2.42193e+08	2.34449e+08	3.05858e+08	2.33888e+08	3.03249e+08	3.03202e+08	1.85134e+08	1.86252e+08	1.85258e+08	1.88381e+08	2.10816e+08	1.47232e+08	2.0659e+08	1.71286e+08	1.85973e+08	2.11797e+08	1.27736e+08	2.06891e+08
ERR630003	2.6664e+08	2.63945e+08	2.63714e+08	3.00249e+08	3.06337e+08	3.91682e+08	2.07117e+08	2.18111e+08	2.41067e+08	2.64675e+08	1.69884e+08	2.1314e+08	1.87861e+08	2.04055e+08	1.9613e+08	2.68066e+08	2.73109e+08	1.93535e+08	2.57228e+08	2.75599e+08	2.12526e+08	2.05149e+08	2.00836e+08	2.08854e+08	1.28643e+08	1.18272e+08	1.60855e+08	1.50408e+08	1.22546e+08	1.6458e+08	2.04523e+08	1.9435e+08	2.04803e+08	1.71247e+08	2.12558e+08	1.80833e+08	2.17338e+08	1.87754e+08	1.90284e+08	1.86532e+08	2.20803e+08	1.87943e+08	2.12677e+08	2.11352e+08	2.09236e+08	1.93708e+08	2.29513e+08	1.89595e+08	1.72671e+08	1.58465e+08	1.98668e+08	1.605e+08	1.6212e+08	1.86047e+08	1.6493e+08	1.47528e+08	1.74802e+08	1.60736e+08	1.60123e+08	1.47625e+08	1.83314e+08	1.85195e+08	2.10073e+08	1.81549e+08	1.81021e+08	2.13671e+08	2.03221e+08	2.06567e+08	1.84668e+08	1.93726e+08	1.48861e+08	1.36895e+08	2.1474e+08	2.0376e+08	1.69897e+08	1.41861e+08	1.7928e+08	2.18412e+08	2.11015e+08	2.04318e+08	2.65456e+08	2.03472e+08	2.63116e+08	2.63022e+08	1.5795e+08	1.58815e+08	1.58101e+08	1.61009e+08	1.80035e+08	1.26666e+08	1.77227e+08	1.46964e+08	1.59262e+08	1.81619e+08	1.10717e+08	1.77248e+08
ERR613356	2.05757e+08	2.0369e+08	2.05211e+08	2.34672e+08	2.3948e+08	2.07117e+08	3.5104e+08	2.49322e+08	2.73394e+08	2.98734e+08	1.99301e+08	2.46807e+08	1.84871e+08	2.01801e+08	1.94679e+08	2.60336e+08	2.65004e+08	1.92269e+08	2.14776e+08	2.31013e+08	1.77574e+08	1.71237e+08	1.65222e+08	1.74369e+08	1.20476e+08	1.11015e+08	1.50224e+08	1.39881e+08	1.15079e+08	1.53576e+08	1.8574e+08	1.75348e+08	1.8583e+08	1.55544e+08	1.93115e+08	1.63805e+08	1.98236e+08	1.6977e+08	1.72121e+08	1.68685e+08	2.01754e+08	1.71051e+08	1.83887e+08	1.82813e+08	1.81204e+08	1.67502e+08	1.98981e+08	1.63636e+08	1.62206e+08	1.47907e+08	1.86286e+08	1.50057e+08	1.51389e+08	1.74306e+08	1.47405e+08	1.33025e+08	1.56418e+08	1.43451e+08	1.44207e+08	1.32918e+08	1.6992e+08	1.71692e+08	1.96374e+08	1.6918e+08	1.67857e+08	1.99813e+08	1.87345e+08	1.90755e+08	1.70361e+08	1.79924e+08	1.38223e+08	1.26931e+08	2.01172e+08	1.90561e+08	1.70045e+08	1.42069e+08	1.79169e+08	2.0488e+08	1.76467e+08	1.71013e+08	2.23108e+08	1.70853e+08	2.21129e+08	2.21231e+08	1.47349e+08	1.48161e+08	1.47386e+08	1.49522e+08	1.67525e+08	1.1681e+08	1.6898e+08	1.40163e+08	1.52384e+08	1.73314e+08	1.04932e+08	1.68975e+08
ERR613354	2.16799e+08	2.1446e+08	2.15581e+08	2.46065e+08	2.51203e+08	2.18111e+08	2.49322e+08	3.77913e+08	2.8668e+08	3.13071e+08	2.07368e+08	2.56083e+08	1.92082e+08	2.08174e+08	2.01126e+08	2.68812e+08	2.73614e+08	1.98484e+08	2.26586e+08	2.43187e+08	1.86886e+08	1.80269e+08	1.7518e+08	1.83576e+08	1.2669e+08	1.16726e+08	1.58105e+08	1.47568e+08	1.20814e+08	1.61738e+08	1.95906e+08	1.85595e+08	1.96187e+08	1.64095e+08	2.03857e+08	1.73134e+08	2.08127e+08	1.79079e+08	1.81589e+08	1.78034e+08	2.11795e+08	1.80028e+08	1.92797e+08	1.91685e+08	1.89981e+08	1.75585e+08	2.08598e+08	1.71541e+08	1.69059e+08	1.54716e+08	1.94221e+08	1.56758e+08	1.58384e+08	1.81923e+08	1.55217e+08	1.39368e+08	1.64574e+08	1.51266e+08	1.51299e+08	1.39371e+08	1.78805e+08	1.80688e+08	2.05721e+08	1.77376e+08	1.76611e+08	2.0901e+08	1.96471e+08	1.99892e+08	1.78572e+08	1.88219e+08	1.44529e+08	1.33023e+08	2.10656e+08	1.99929e+08	1.70203e+08	1.42315e+08	1.79271e+08	2.14429e+08	1.85221e+08	1.79467e+08	2.33811e+08	1.7916e+08	2.31766e+08	2.31818e+08	1.54077e+08	1.55025e+08	1.54267e+08	1.56818e+08	1.75427e+08	1.23e+08	1.76667e+08	1.46699e+08	1.59066e+08	1.81256e+08	1.10335e+08	1.76734e+08
ERR613355	2.39502e+08	2.37039e+08	2.38263e+08	2.7212e+08	2.77797e+08	2.41067e+08	2.73394e+08	2.8668e+08	4.44956e+08	3.44439e+08	2.26881e+08	2.81091e+08	2.10816e+08	2.28978e+08	2.21188e+08	2.96574e+08	3.01813e+08	2.18281e+08	2.50863e+08	2.69378e+08	2.06658e+08	1.99408e+08	1.93673e+08	2.03159e+08	1.41032e+08	1.29805e+08	1.75927e+08	1.64145e+08	1.34458e+08	1.80092e+08	2.18582e+08	2.06972e+08	2.1861e+08	1.82898e+08	2.27279e+08	1.92935e+08	2.32117e+08	1.99713e+08	2.02369e+08	1.98428e+08	2.36197e+08	2.00694e+08	2.13157e+08	2.11779e+08	2.09794e+08	1.94024e+08	2.30561e+08	1.89416e+08	1.88465e+08	1.72716e+08	2.16596e+08	1.748e+08	1.76754e+08	2.02893e+08	1.72736e+08	1.55301e+08	1.83117e+08	1.68366e+08	1.68461e+08	1.55265e+08	1.99204e+08	2.01311e+08	2.29e+08	1.97823e+08	1.96606e+08	2.32925e+08	2.18551e+08	2.22373e+08	1.98638e+08	2.09299e+08	1.60626e+08	1.47857e+08	2.34951e+08	2.22838e+08	1.90113e+08	1.58961e+08	2.00219e+08	2.39106e+08	2.04638e+08	1.98234e+08	2.58605e+08	1.97879e+08	2.56238e+08	2.56486e+08	1.71818e+08	1.72895e+08	1.71999e+08	1.74778e+08	1.95483e+08	1.37164e+08	1.96432e+08	1.62893e+08	1.76663e+08	2.0147e+08	1.22457e+08	1.96437e+08
ERR613353	2.62942e+08	2.60275e+08	2.61888e+08	2.99647e+08	3.05996e+08	2.64675e+08	2.98734e+08	3.13071e+08	3.44439e+08	5.2075e+08	2.46769e+08	3.07155e+08	2.30618e+08	2.51325e+08	2.42487e+08	3.26532e+08	3.3249e+08	2.39256e+08	2.75691e+08	2.96493e+08	2.27151e+08	2.19215e+08	2.12364e+08	2.23153e+08	1.55898e+08	1.43573e+08	1.94517e+08	1.81287e+08	1.48665e+08	1.98939e+08	2.4119e+08	2.28166e+08	2.41484e+08	2.01903e+08	2.50972e+08	2.13004e+08	2.56914e+08	2.20523e+08	2.23386e+08	2.18952e+08	2.61439e+08	2.21688e+08	2.34579e+08	2.33119e+08	2.30953e+08	2.13386e+08	2.53903e+08	2.08383e+08	2.09077e+08	1.91185e+08	2.40342e+08	1.93635e+08	1.95562e+08	2.24837e+08	1.91059e+08	1.7193e+08	2.02607e+08	1.85929e+08	1.86528e+08	1.71734e+08	2.20069e+08	2.22368e+08	2.5362e+08	2.18724e+08	2.17209e+08	2.57877e+08	2.42104e+08	2.46258e+08	2.1992e+08	2.32079e+08	1.78087e+08	1.63772e+08	2.59694e+08	2.46196e+08	2.13836e+08	1.78679e+08	2.25349e+08	2.64438e+08	2.24906e+08	2.17766e+08	2.85038e+08	2.17453e+08	2.8214e+08	2.82296e+08	1.90096e+08	1.91181e+08	1.90255e+08	1.93224e+08	2.1627e+08	1.51193e+08	2.16976e+08	1.79891e+08	1.95383e+08	2.22604e+08	1.34671e+08	2.17069e+08
ERR613358	1.68956e+08	1.6732e+08	1.6788e+08	1.911e+08	1.95004e+08	1.69884e+08	1.99301e+08	2.07368e+08	2.26881e+08	2.46769e+08	2.56367e+08	2.04565e+08	1.53114e+08	1.65102e+08	1.59863e+08	2.11419e+08	2.1499e+08	1.5775e+08	1.75632e+08	1.88162e+08	1.45232e+08	1.4014e+08	1.36329e+08	1.42595e+08	9.69175e+07	8.926e+07	1.20688e+08	1.12824e+08	9.24427e+07	1.23514e+08	1.49722e+08	1.41873e+08	1.49834e+08	1.25265e+08	1.55542e+08	1.32109e+08	1.58815e+08	1.37013e+08	1.38822e+08	1.36105e+08	1.6159e+08	1.37457e+08	1.49744e+08	1.48918e+08	1.4748e+08	1.36576e+08	1.61666e+08	1.33398e+08	1.29091e+08	1.18472e+08	1.48308e+08	1.19876e+08	1.21185e+08	1.39013e+08	1.186e+08	1.06518e+08	1.25594e+08	1.15474e+08	1.15564e+08	1.06373e+08	1.36896e+08	1.38111e+08	1.56954e+08	1.35642e+08	1.35083e+08	1.59649e+08	1.5042e+08	1.53094e+08	1.36871e+08	1.44002e+08	1.10761e+08	1.01915e+08	1.61032e+08	1.52837e+08	1.29324e+08	1.0823e+08	1.36141e+08	1.63801e+08	1.44475e+08	1.40039e+08	1.81773e+08	1.39652e+08	1.80103e+08	1.80264e+08	1.17656e+08	1.18327e+08	1.17839e+08	1.19702e+08	1.33863e+08	9.41856e+07	1.35745e+08	1.12899e+08	1.22265e+08	1.39235e+08	8.54248e+07	1.35732e+08
ERR613357	2.11942e+08	2.09688e+08	2.11317e+08	2.4156e+08	2.46571e+08	2.1314e+08	2.46807e+08	2.56083e+08	2.81091e+08	3.07155e+08	2.04565e+08	3.67792e+08	1.8995e+08	2.07332e+08	2.00091e+08	2.67773e+08	2.72451e+08	1.97469e+08	2.21157e+08	2.37863e+08	1.82737e+08	1.76336e+08	1.70229e+08	1.79515e+08	1.24201e+08	1.14448e+08	1.54867e+08	1.44289e+08	1.18557e+08	1.585e+08	1.9174e+08	1.8105e+08	1.91767e+08	1.60476e+08	1.99481e+08	1.69137e+08	2.04341e+08	1.75103e+08	1.77542e+08	1.73973e+08	2.08151e+08	1.76399e+08	1.89177e+08	1.8811e+08	1.8652e+08	1.72401e+08	2.04853e+08	1.68264e+08	1.6718e+08	1.52655e+08	1.92121e+08	1.54692e+08	1.56129e+08	1.79629e+08	1.52085e+08	1.37133e+08	1.61417e+08	1.48056e+08	1.48711e+08	1.37143e+08	1.75158e+08	1.77008e+08	2.0238e+08	1.74395e+08	1.73073e+08	2.05862e+08	1.93058e+08	1.9654e+08	1.75533e+08	1.85463e+08	1.42282e+08	1.30822e+08	2.07398e+08	1.96515e+08	1.74714e+08	1.45959e+08	1.83963e+08	2.1115e+08	1.81743e+08	1.75981e+08	2.29895e+08	1.75872e+08	2.27779e+08	2.27843e+08	1.5196e+08	1.52756e+08	1.52049e+08	1.54321e+08	1.72794e+08	1.20543e+08	1.74304e+08	1.44564e+08	1.57011e+08	1.78641e+08	1.08067e+08	1.74279e+08
ERR605934	1.8666e+08	1.84422e+08	1.86176e+08	2.13179e+08	2.1756e+08	1.87861e+08	1.84871e+08	1.92082e+08	2.10816e+08	2.30618e+08	1.53114e+08	1.8995e+08	2.97834e+08	2.14429e+08	2.06759e+08	2.76802e+08	2.81633e+08	2.04531e+08	1.91528e+08	2.0649e+08	1.5833e+08	1.52803e+08	1.46942e+08	1.55556e+08	1.04168e+08	9.58238e+07	1.30154e+08	1.2091e+08	9.93243e+07	1.33139e+08	1.62522e+08	1.52812e+08	1.62378e+08	1.35684e+08	1.68956e+08	1.43016e+08	1.75119e+08	1.49264e+08	1.51496e+08	1.48309e+08	1.78114e+08	1.50758e+08	1.70031e+08	1.69264e+08	1.67837e+08	1.54755e+08	1.84187e+08	1.51401e+08	1.46459e+08	1.33114e+08	1.68111e+08	1.35196e+08	1.3625e+08	1.56863e+08	1.29978e+08	1.17443e+08	1.37846e+08	1.26147e+08	1.27523e+08	1.17542e+08	1.46939e+08	1.48769e+08	1.70837e+08	1.46863e+08	1.4516e+08	1.73867e+08	1.61245e+08	1.64083e+08	1.46593e+08	1.55117e+08	1.18715e+08	1.08835e+08	1.7415e+08	1.64605e+08	1.55968e+08	1.29948e+08	1.64452e+08	1.77462e+08	1.56211e+08	1.51159e+08	1.97517e+08	1.51094e+08	1.95675e+08	1.95778e+08	1.30785e+08	1.31467e+08	1.30763e+08	1.32578e+08	1.48469e+08	1.03111e+08	1.47585e+08	1.22348e+08	1.33053e+08	1.51123e+08	9.10462e+07	1.47775e+08
ERR605937	2.02499e+08	2.00029e+08	2.03371e+08	2.33694e+08	2.38586e+08	2.04055e+08	2.01801e+08	2.08174e+08	2.28978e+08	2.51325e+08	1.65102e+08	2.07332e+08	2.14429e+08	3.52005e+08	2.30281e+08	3.07669e+08	3.13357e+08	2.27653e+08	2.08797e+08	2.25642e+08	1.72875e+08	1.66727e+08	1.58268e+08	1.69827e+08	1.15224e+08	1.06152e+08	1.44082e+08	1.33105e+08	1.10214e+08	1.47158e+08	1.78703e+08	1.67048e+08	1.78358e+08	1.49256e+08	1.85906e+08	1.56916e+08	1.94443e+08	1.64174e+08	1.66581e+08	1.63048e+08	1.9774e+08	1.66885e+08	1.8627e+08	1.85626e+08	1.84246e+08	1.69865e+08	2.02429e+08	1.66168e+08	1.64414e+08	1.48459e+08	1.88688e+08	1.51024e+08	1.51841e+08	1.75833e+08	1.43761e+08	1.30676e+08	1.525e+08	1.3928e+08	1.41595e+08	1.30775e+08	1.62435e+08	1.64646e+08	1.90707e+08	1.63317e+08	1.60408e+08	1.94162e+08	1.79388e+08	1.82549e+08	1.62972e+08	1.73271e+08	1.32315e+08	1.21113e+08	1.94048e+08	1.82777e+08	1.87557e+08	1.55983e+08	1.97843e+08	1.98028e+08	1.70329e+08	1.64804e+08	2.16463e+08	1.65219e+08	2.1452e+08	2.14719e+08	1.46287e+08	1.46923e+08	1.46111e+08	1.47716e+08	1.65763e+08	1.13778e+08	1.64637e+08	1.3627e+08	1.48498e+08	1.68386e+08	1.00067e+08	1.64864e+08
ERR605938	1.94821e+08	1.92529e+08	1.95532e+08	2.24383e+08	2.29078e+08	1.9613e+08	1.94679e+08	2.01126e+08	2.21188e+08	2.42487e+08	1.59863e+08	2.00091e+08	2.06759e+08	2.30281e+08	3.29214e+08	2.95617e+08	3.00855e+08	2.19412e+08	2.01095e+08	2.17318e+08	1.66511e+08	1.60621e+08	1.52967e+08	1.63597e+08	1.10778e+08	1.02099e+08	1.38569e+08	1.28218e+08	1.05817e+08	1.41542e+08	1.71982e+08	1.6096e+08	1.71796e+08	1.43651e+08	1.78971e+08	1.51161e+08	1.86681e+08	1.57865e+08	1.60323e+08	1.56907e+08	1.89916e+08	1.60389e+08	1.79253e+08	1.78479e+08	1.77152e+08	1.63179e+08	1.9461e+08	1.59658e+08	1.57468e+08	1.42321e+08	1.80663e+08	1.44702e+08	1.45606e+08	1.68422e+08	1.38066e+08	1.25418e+08	1.46491e+08	1.33913e+08	1.35966e+08	1.25521e+08	1.56172e+08	1.58074e+08	1.8284e+08	1.56895e+08	1.54229e+08	1.86333e+08	1.72008e+08	1.75135e+08	1.56257e+08	1.65992e+08	1.26783e+08	1.16121e+08	1.86309e+08	1.75624e+08	1.77392e+08	1.47595e+08	1.86934e+08	1.90096e+08	1.63943e+08	1.58553e+08	2.07927e+08	1.58861e+08	2.06042e+08	2.06156e+08	1.40271e+08	1.41021e+08	1.40208e+08	1.41779e+08	1.59162e+08	1.09602e+08	1.57742e+08	1.30441e+08	1.42167e+08	1.61335e+08	9.60461e+07	1.57914e+08
ERR605935	2.66166e+08	2.62942e+08	2.67548e+08	3.07802e+08	3.14443e+08	2.68066e+08	2.60336e+08	2.68812e+08	2.96574e+08	3.26532e+08	2.11419e+08	2.67773e+08	2.76802e+08	3.07669e+08	2.95617e+08	5.5228e+08	4.09626e+08	2.92114e+08	2.75614e+08	2.97999e+08	2.2766e+08	2.19636e+08	2.08461e+08	2.23699e+08	1.53752e+08	1.41646e+08	1.92411e+08	1.77653e+08	1.47019e+08	1.96354e+08	2.39187e+08	2.23509e+08	2.38758e+08	1.99539e+08	2.48724e+08	2.09962e+08	2.59671e+08	2.19179e+08	2.22405e+08	2.17867e+08	2.6422e+08	2.22756e+08	2.45166e+08	2.44028e+08	2.42414e+08	2.23054e+08	2.66374e+08	2.18096e+08	2.19715e+08	1.98e+08	2.5214e+08	2.01609e+08	2.02656e+08	2.3475e+08	1.91807e+08	1.74275e+08	2.03491e+08	1.8582e+08	1.89168e+08	1.74406e+08	2.16961e+08	2.19716e+08	2.54962e+08	2.18136e+08	2.14274e+08	2.59443e+08	2.3928e+08	2.43604e+08	2.17398e+08	2.31442e+08	1.76469e+08	1.61562e+08	2.59e+08	2.43954e+08	2.50549e+08	2.08138e+08	2.6427e+08	2.64331e+08	2.23866e+08	2.16441e+08	2.8513e+08	2.16959e+08	2.8265e+08	2.82866e+08	1.95078e+08	1.96017e+08	1.94935e+08	1.97064e+08	2.21284e+08	1.51796e+08	2.18675e+08	1.80709e+08	1.97258e+08	2.23763e+08	1.32206e+08	2.18946e+08
ERR605936	2.71077e+08	2.67839e+08	2.72469e+08	3.13947e+08	3.20724e+08	2.73109e+08	2.65004e+08	2.73614e+08	3.01813e+08	3.3249e+08	2.1499e+08	2.72451e+08	2.81633e+08	3.13357e+08	3.00855e+08	4.09626e+08	5.70935e+08	2.97361e+08	2.80525e+08	3.03709e+08	2.31855e+08	2.23607e+08	2.12114e+08	2.27817e+08	1.56921e+08	1.44523e+08	1.96261e+08	1.81287e+08	1.49987e+08	2.00433e+08	2.43975e+08	2.27918e+08	2.43572e+08	2.03745e+08	2.53813e+08	2.14087e+08	2.65143e+08	2.2345e+08	2.26964e+08	2.22065e+08	2.69724e+08	2.27469e+08	2.49911e+08	2.48905e+08	2.47145e+08	2.27277e+08	2.71699e+08	2.2253e+08	2.24314e+08	2.02038e+08	2.57401e+08	2.05827e+08	2.06605e+08	2.39551e+08	1.95605e+08	1.77808e+08	2.07763e+08	1.89553e+08	1.93052e+08	1.78172e+08	2.21542e+08	2.24327e+08	2.60422e+08	2.22782e+08	2.18697e+08	2.64991e+08	2.44361e+08	2.48687e+08	2.22038e+08	2.36395e+08	1.802e+08	1.65056e+08	2.64421e+08	2.4906e+08	2.56876e+08	2.13499e+08	2.7103e+08	2.69993e+08	2.28155e+08	2.20537e+08	2.90625e+08	2.21078e+08	2.88232e+08	2.88253e+08	1.99148e+08	2.00159e+08	1.98989e+08	2.01112e+08	2.25888e+08	1.54751e+08	2.23116e+08	1.84411e+08	2.0132e+08	2.28242e+08	1.34618e+08	2.23433e+08
ERR605939	1.92236e+08	1.8991e+08	1.92885e+08	2.2144e+08	2.26168e+08	1.93535e+08	1.92269e+08	1.98484e+08	2.18281e+08	2.39256e+08	1.5775e+08	1.97469e+08	2.04531e+08	2.27653e+08	2.19412e+08	2.92114e+08	2.97361e+08	3.22686e+08	1.98402e+08	2.14344e+08	1.64274e+08	1.58492e+08	1.50745e+08	1.61417e+08	1.09206e+08	1.00641e+08	1.36645e+08	1.26282e+08	1.04389e+08	1.39466e+08	1.69479e+08	1.58708e+08	1.69332e+08	1.41576e+08	1.76314e+08	1.48922e+08	1.84003e+08	1.55596e+08	1.57876e+08	1.54538e+08	1.87252e+08	1.57994e+08	1.76806e+08	1.76203e+08	1.74777e+08	1.61064e+08	1.92056e+08	1.57548e+08	1.55252e+08	1.40323e+08	1.78249e+08	1.42823e+08	1.43594e+08	1.66138e+08	1.36161e+08	1.23646e+08	1.44505e+08	1.32013e+08	1.34119e+08	1.23799e+08	1.53954e+08	1.55839e+08	1.80302e+08	1.54621e+08	1.52026e+08	1.83679e+08	1.69546e+08	1.72654e+08	1.54034e+08	1.63704e+08	1.25001e+08	1.14446e+08	1.83705e+08	1.73125e+08	1.75352e+08	1.45928e+08	1.84821e+08	1.87393e+08	1.61912e+08	1.56661e+08	2.05243e+08	1.56841e+08	2.03431e+08	2.03622e+08	1.38305e+08	1.39021e+08	1.38234e+08	1.39814e+08	1.5686e+08	1.07984e+08	1.55764e+08	1.29006e+08	1.40465e+08	1.59323e+08	9.496e+07	1.55985e+08
ERR608950	2.56013e+08	2.53301e+08	2.54e+08	2.89764e+08	2.95717e+08	2.57228e+08	2.14776e+08	2.26586e+08	2.50863e+08	2.75691e+08	1.75632e+08	2.21157e+08	1.91528e+08	2.08797e+08	2.01095e+08	2.75614e+08	2.80525e+08	1.98402e+08	4.66884e+08	3.53406e+08	2.72958e+08	2.63542e+08	2.59101e+08	2.68395e+08	1.36731e+08	1.25559e+08	1.7138e+08	1.60302e+08	1.30079e+08	1.75552e+08	2.21716e+08	2.10916e+08	2.22112e+08	1.85638e+08	2.30364e+08	1.96038e+08	2.32907e+08	2.01409e+08	2.04059e+08	2.00101e+08	2.3679e+08	2.01481e+08	2.21798e+08	2.20314e+08	2.17975e+08	2.01657e+08	2.39329e+08	1.97429e+08	1.84427e+08	1.69458e+08	2.1259e+08	1.71585e+08	1.73658e+08	1.98995e+08	1.7596e+08	1.57117e+08	1.86532e+08	1.71593e+08	1.70673e+08	1.57137e+08	1.94669e+08	1.96664e+08	2.23243e+08	1.92751e+08	1.92294e+08	2.26973e+08	2.18827e+08	2.22446e+08	1.98838e+08	2.0857e+08	1.59986e+08	1.4707e+08	2.30119e+08	2.18224e+08	1.77964e+08	1.48332e+08	1.8784e+08	2.33823e+08	2.12638e+08	2.0605e+08	2.68108e+08	2.05314e+08	2.65454e+08	2.65993e+08	1.68513e+08	1.69661e+08	1.68852e+08	1.72184e+08	1.92508e+08	1.35376e+08	1.88785e+08	1.56466e+08	1.69604e+08	1.93566e+08	1.17815e+08	1.88936e+08
ERR608951	2.74283e+08	2.71244e+08	2.72486e+08	3.11227e+08	3.17442e+08	2.75599e+08	2.31013e+08	2.43187e+08	2.69378e+08	2.96493e+08	1.88162e+08	2.37863e+08	2.0649e+08	2.25642e+08	2.17318e+08	2.97999e+08	3.03709e+08	2.14344e+08	3.53406e+08	5.26984e+08	2.91943e+08	2.81876e+08	2.76428e+08	2.87066e+08	1.47527e+08	1.35553e+08	1.85076e+08	1.72781e+08	1.40496e+08	1.89537e+08	2.39131e+08	2.26986e+08	2.3963e+08	2.00195e+08	2.48425e+08	2.11262e+08	2.51632e+08	2.16961e+08	2.19916e+08	2.15527e+08	2.55766e+08	2.17306e+08	2.38055e+08	2.36441e+08	2.33988e+08	2.16406e+08	2.57202e+08	2.12023e+08	1.99652e+08	1.82988e+08	2.30154e+08	1.85483e+08	1.8749e+08	2.1529e+08	1.8948e+08	1.69417e+08	2.00967e+08	1.84695e+08	1.83941e+08	1.6939e+08	2.10101e+08	2.12381e+08	2.41475e+08	2.08282e+08	2.07405e+08	2.45392e+08	2.35879e+08	2.39804e+08	2.14376e+08	2.25273e+08	1.72637e+08	1.58661e+08	2.48529e+08	2.35728e+08	1.95609e+08	1.62929e+08	2.06447e+08	2.52773e+08	2.27977e+08	2.20872e+08	2.8777e+08	2.20187e+08	2.85096e+08	2.85538e+08	1.82228e+08	1.8347e+08	1.82477e+08	1.86026e+08	2.08057e+08	1.45837e+08	2.03904e+08	1.68889e+08	1.83134e+08	2.08991e+08	1.26782e+08	2.03975e+08
ERR608952	2.1156e+08	2.09287e+08	2.10092e+08	2.39354e+08	2.44255e+08	2.12526e+08	1.77574e+08	1.86886e+08	2.06658e+08	2.27151e+08	1.45232e+08	1.82737e+08	1.5833e+08	1.72875e+08	1.66511e+08	2.2766e+08	2.31855e+08	1.64274e+08	2.72958e+08	2.91943e+08	3.38513e+08	2.20543e+08	2.14916e+08	2.24505e+08	1.11071e+08	1.02074e+08	1.39152e+08	1.29967e+08	1.05732e+08	1.42583e+08	1.7997e+08	1.70793e+08	1.80289e+08	1.50628e+08	1.86914e+08	1.59006e+08	1.89232e+08	1.63341e+08	1.65537e+08	1.6224e+08	1.92372e+08	1.63546e+08	1.83428e+08	1.82143e+08	1.80258e+08	1.66841e+08	1.98011e+08	1.63462e+08	1.50231e+08	1.37834e+08	1.73241e+08	1.39723e+08	1.41277e+08	1.61925e+08	1.43287e+08	1.28073e+08	1.51839e+08	1.39706e+08	1.39079e+08	1.28187e+08	1.58048e+08	1.59727e+08	1.81567e+08	1.56641e+08	1.56074e+08	1.84544e+08	1.78575e+08	1.81496e+08	1.62217e+08	1.70437e+08	1.30696e+08	1.20117e+08	1.87189e+08	1.77552e+08	1.47059e+08	1.22613e+08	1.55376e+08	1.90284e+08	1.75835e+08	1.70297e+08	2.21375e+08	1.69934e+08	2.19253e+08	2.19629e+08	1.37094e+08	1.37991e+08	1.37208e+08	1.39893e+08	1.56521e+08	1.09842e+08	1.54008e+08	1.27674e+08	1.38467e+08	1.57851e+08	9.60874e+07	1.54114e+08
ERR608954	2.04175e+08	2.01866e+08	2.02666e+08	2.3086e+08	2.35533e+08	2.05149e+08	1.71237e+08	1.80269e+08	1.99408e+08	2.19215e+08	1.4014e+08	1.76336e+08	1.52803e+08	1.66727e+08	1.60621e+08	2.19636e+08	2.23607e+08	1.58492e+08	2.63542e+08	2.81876e+08	2.20543e+08	3.19688e+08	2.07578e+08	2.16929e+08	1.07186e+08	9.84109e+07	1.3426e+08	1.25549e+08	1.01904e+08	1.37475e+08	1.73886e+08	1.6507e+08	1.74071e+08	1.45523e+08	1.80528e+08	1.53672e+08	1.8255e+08	1.57585e+08	1.59727e+08	1.56622e+08	1.85625e+08	1.5785e+08	1.7707e+08	1.75708e+08	1.73992e+08	1.61092e+08	1.91006e+08	1.57875e+08	1.45091e+08	1.33109e+08	1.67259e+08	1.34829e+08	1.36349e+08	1.56527e+08	1.38189e+08	1.23629e+08	1.46431e+08	1.34776e+08	1.34201e+08	1.23607e+08	1.52517e+08	1.5414e+08	1.75286e+08	1.51318e+08	1.50742e+08	1.78129e+08	1.72185e+08	1.75068e+08	1.56436e+08	1.64414e+08	1.25968e+08	1.15719e+08	1.80726e+08	1.71254e+08	1.41986e+08	1.18327e+08	1.4985e+08	1.83717e+08	1.69694e+08	1.64502e+08	2.1365e+08	1.64049e+08	2.11642e+08	2.11905e+08	1.32498e+08	1.33245e+08	1.32648e+08	1.3531e+08	1.51216e+08	1.06121e+08	1.48656e+08	1.23364e+08	1.33662e+08	1.52348e+08	9.27565e+07	1.4882e+08
ERR608949	2.00104e+08	1.97914e+08	1.97687e+08	2.24793e+08	2.2914e+08	2.00836e+08	1.65222e+08	1.7518e+08	1.93673e+08	2.12364e+08	1.36329e+08	1.70229e+08	1.46942e+08	1.58268e+08	1.52967e+08	2.08461e+08	2.12114e+08	1.50745e+08	2.59101e+08	2.76428e+08	2.14916e+08	2.07578e+08	3.09346e+08	2.11366e+08	1.04553e+08	9.60423e+07	1.31047e+08	1.22947e+08	9.93868e+07	1.34323e+08	1.70335e+08	1.62558e+08	1.70752e+08	1.42665e+08	1.76703e+08	1.50825e+08	1.77727e+08	1.54784e+08	1.56688e+08	1.53645e+08	1.80622e+08	1.54109e+08	1.72175e+08	1.70958e+08	1.69054e+08	1.56615e+08	1.85528e+08	1.53512e+08	1.39321e+08	1.28705e+08	1.606e+08	1.30209e+08	1.31931e+08	1.50706e+08	1.34826e+08	1.19968e+08	1.42886e+08	1.3168e+08	1.30314e+08	1.1991e+08	1.49113e+08	1.50519e+08	1.69733e+08	1.46964e+08	1.4724e+08	1.7255e+08	1.67322e+08	1.69897e+08	1.52062e+08	1.58726e+08	1.22033e+08	1.12356e+08	1.75194e+08	1.66417e+08	1.27562e+08	1.06572e+08	1.34667e+08	1.77928e+08	1.65699e+08	1.60711e+08	2.07811e+08	1.59905e+08	2.05866e+08	2.06177e+08	1.28075e+08	1.28871e+08	1.28327e+08	1.31125e+08	1.46312e+08	1.03777e+08	1.43055e+08	1.18596e+08	1.28306e+08	1.46748e+08	9.01308e+07	1.43117e+08
ERR608953	2.07933e+08	2.05741e+08	2.06402e+08	2.35274e+08	2.39901e+08	2.08854e+08	1.74369e+08	1.83576e+08	2.03159e+08	2.23153e+08	1.42595e+08	1.79515e+08	1.55556e+08	1.69827e+08	1.63597e+08	2.23699e+08	2.27817e+08	1.61417e+08	2.68395e+08	2.87066e+08	2.24505e+08	2.16929e+08	2.11366e+08	3.2937e+08	1.09192e+08	1.0033e+08	1.36976e+08	1.27916e+08	1.03921e+08	1.40144e+08	1.77058e+08	1.68069e+08	1.77361e+08	1.48166e+08	1.83747e+08	1.56446e+08	1.86111e+08	1.60738e+08	1.62761e+08	1.59593e+08	1.89271e+08	1.60847e+08	1.80241e+08	1.78886e+08	1.77107e+08	1.64038e+08	1.94566e+08	1.60692e+08	1.47795e+08	1.35531e+08	1.70359e+08	1.37358e+08	1.38846e+08	1.59298e+08	1.40963e+08	1.26127e+08	1.49368e+08	1.37351e+08	1.36864e+08	1.26011e+08	1.5547e+08	1.57083e+08	1.78493e+08	1.54091e+08	1.53538e+08	1.81434e+08	1.75484e+08	1.78471e+08	1.59444e+08	1.67568e+08	1.28484e+08	1.18099e+08	1.84106e+08	1.74548e+08	1.4475e+08	1.20683e+08	1.52735e+08	1.87244e+08	1.72972e+08	1.67516e+08	2.17755e+08	1.6705e+08	2.15523e+08	2.15878e+08	1.35042e+08	1.3588e+08	1.35166e+08	1.37785e+08	1.54058e+08	1.08183e+08	1.51223e+08	1.254e+08	1.36022e+08	1.55053e+08	9.4366e+07	1.51407e+08
ERR630397	1.27675e+08	1.26106e+08	1.27081e+08	1.46954e+08	1.50125e+08	1.28643e+08	1.20476e+08	1.2669e+08	1.41032e+08	1.55898e+08	9.69175e+07	1.24201e+08	1.04168e+08	1.15224e+08	1.10778e+08	1.53752e+08	1.56921e+08	1.09206e+08	1.36731e+08	1.47527e+08	1.11071e+08	1.07186e+08	1.04553e+08	1.09192e+08	2.78157e+08	1.64216e+08	2.18856e+08	2.04967e+08	1.69608e+08	2.23571e+08	2.25141e+08	2.13755e+08	2.25194e+08	1.8967e+08	2.33446e+08	1.99658e+08	2.45581e+08	2.13159e+08	2.15458e+08	2.11516e+08	2.50003e+08	2.13783e+08	1.13693e+08	1.12782e+08	1.11589e+08	1.0272e+08	1.23692e+08	1.00406e+08	1.84275e+08	1.70528e+08	2.11904e+08	1.72197e+08	1.74072e+08	1.9884e+08	1.66206e+08	1.49571e+08	1.76008e+08	1.61753e+08	1.62409e+08	1.49821e+08	2.11818e+08	2.1363e+08	2.41532e+08	2.10401e+08	2.08789e+08	2.45447e+08	2.03343e+08	2.06963e+08	1.8474e+08	1.94896e+08	1.50801e+08	1.38882e+08	2.4792e+08	2.3609e+08	1.93418e+08	1.63497e+08	2.04116e+08	2.52413e+08	1.10802e+08	1.07408e+08	1.41088e+08	1.06844e+08	1.4025e+08	1.40168e+08	1.8252e+08	1.83378e+08	1.82875e+08	1.85415e+08	2.0673e+08	1.46245e+08	2.01591e+08	1.66173e+08	1.81089e+08	2.07088e+08	1.24433e+08	2.01633e+08
ERR630396	1.17321e+08	1.15908e+08	1.16997e+08	1.35134e+08	1.37998e+08	1.18272e+08	1.11015e+08	1.16726e+08	1.29805e+08	1.43573e+08	8.926e+07	1.14448e+08	9.58238e+07	1.06152e+08	1.02099e+08	1.41646e+08	1.44523e+08	1.00641e+08	1.25559e+08	1.35553e+08	1.02074e+08	9.84109e+07	9.60423e+07	1.0033e+08	1.64216e+08	2.44151e+08	2.02102e+08	1.89274e+08	1.56864e+08	2.06598e+08	2.07275e+08	1.96588e+08	2.07306e+08	1.74656e+08	2.14939e+08	1.83944e+08	2.26221e+08	1.96443e+08	1.98386e+08	1.94647e+08	2.30247e+08	1.97075e+08	1.04615e+08	1.03815e+08	1.0261e+08	9.45069e+07	1.13807e+08	9.24818e+07	1.69975e+08	1.57282e+08	1.95397e+08	1.58832e+08	1.60469e+08	1.83299e+08	1.53358e+08	1.38233e+08	1.62271e+08	1.49168e+08	1.49921e+08	1.38309e+08	1.95313e+08	1.96888e+08	2.22704e+08	1.94001e+08	1.92569e+08	2.26329e+08	1.87516e+08	1.90838e+08	1.70461e+08	1.79742e+08	1.39298e+08	1.2833e+08	2.28577e+08	2.17583e+08	1.79749e+08	1.51916e+08	1.8982e+08	2.3269e+08	1.02053e+08	9.89779e+07	1.30003e+08	9.83899e+07	1.29087e+08	1.2907e+08	1.68155e+08	1.6899e+08	1.68544e+08	1.70763e+08	1.90416e+08	1.34804e+08	1.85601e+08	1.52998e+08	1.66782e+08	1.90643e+08	1.14481e+08	1.85653e+08
ERR630394	1.59553e+08	1.57589e+08	1.58998e+08	1.83693e+08	1.87659e+08	1.60855e+08	1.50224e+08	1.58105e+08	1.75927e+08	1.94517e+08	1.20688e+08	1.54867e+08	1.30154e+08	1.44082e+08	1.38569e+08	1.92411e+08	1.96261e+08	1.36645e+08	1.7138e+08	1.85076e+08	1.39152e+08	1.3426e+08	1.31047e+08	1.36976e+08	2.18856e+08	2.02102e+08	3.99852e+08	2.53936e+08	2.08801e+08	2.77561e+08	2.80472e+08	2.66109e+08	2.80662e+08	2.3628e+08	2.91024e+08	2.48678e+08	3.05928e+08	2.65061e+08	2.68081e+08	2.62892e+08	3.11344e+08	2.65943e+08	1.42052e+08	1.4101e+08	1.39411e+08	1.28506e+08	1.54592e+08	1.25471e+08	2.29015e+08	2.1164e+08	2.63497e+08	2.13707e+08	2.16006e+08	2.47094e+08	2.06529e+08	1.85825e+08	2.18776e+08	2.00899e+08	2.01752e+08	1.85993e+08	2.62985e+08	2.65329e+08	3.00512e+08	2.61342e+08	2.59392e+08	3.05361e+08	2.52695e+08	2.57193e+08	2.2935e+08	2.42134e+08	1.87131e+08	1.72212e+08	3.07861e+08	2.93052e+08	2.39733e+08	2.0242e+08	2.53104e+08	3.13644e+08	1.3826e+08	1.34133e+08	1.76167e+08	1.3334e+08	1.74926e+08	1.74849e+08	2.27139e+08	2.28117e+08	2.27552e+08	2.30693e+08	2.57301e+08	1.81839e+08	2.51096e+08	2.0686e+08	2.25687e+08	2.57899e+08	1.54623e+08	2.51209e+08
ERR630393	1.49328e+08	1.47485e+08	1.48378e+08	1.71237e+08	1.74922e+08	1.50408e+08	1.39881e+08	1.47568e+08	1.64145e+08	1.81287e+08	1.12824e+08	1.44289e+08	1.2091e+08	1.33105e+08	1.28218e+08	1.77653e+08	1.81287e+08	1.26282e+08	1.60302e+08	1.72781e+08	1.29967e+08	1.25549e+08	1.22947e+08	1.27916e+08	2.04967e+08	1.89274e+08	2.53936e+08	3.56144e+08	1.95503e+08	2.59586e+08	2.62301e+08	2.49284e+08	2.62449e+08	2.20939e+08	2.71964e+08	2.32742e+08	2.85331e+08	2.48149e+08	2.50791e+08	2.45979e+08	2.9041e+08	2.48637e+08	1.32458e+08	1.31386e+08	1.29791e+08	1.19568e+08	1.43921e+08	1.16891e+08	2.1343e+08	1.97779e+08	2.45586e+08	1.99663e+08	2.01879e+08	2.30488e+08	1.92889e+08	1.73347e+08	2.04149e+08	1.87809e+08	1.88114e+08	1.73543e+08	2.46141e+08	2.48081e+08	2.801e+08	2.44047e+08	2.42662e+08	2.84617e+08	2.35685e+08	2.39837e+08	2.14122e+08	2.25483e+08	1.74615e+08	1.60792e+08	2.87374e+08	2.73705e+08	2.18879e+08	1.85025e+08	2.31235e+08	2.92616e+08	1.29307e+08	1.25411e+08	1.64523e+08	1.24615e+08	1.63331e+08	1.63278e+08	2.11462e+08	2.12606e+08	2.11938e+08	2.15001e+08	2.39688e+08	1.70101e+08	2.33795e+08	1.92751e+08	2.10038e+08	2.40364e+08	1.44703e+08	2.3383e+08
ERR630395	1.21548e+08	1.20137e+08	1.21151e+08	1.39955e+08	1.43029e+08	1.22546e+08	1.15079e+08	1.20814e+08	1.34458e+08	1.48665e+08	9.24427e+07	1.18557e+08	9.93243e+07	1.10214e+08	1.05817e+08	1.47019e+08	1.49987e+08	1.04389e+08	1.30079e+08	1.40496e+08	1.05732e+08	1.01904e+08	9.93868e+07	1.03921e+08	1.69608e+08	1.56864e+08	2.08801e+08	1.95503e+08	2.57648e+08	2.13334e+08	2.14261e+08	2.03183e+08	2.14268e+08	1.80563e+08	2.22138e+08	1.89955e+08	2.34215e+08	2.03186e+08	2.0531e+08	2.01362e+08	2.38301e+08	2.03852e+08	1.08312e+08	1.07576e+08	1.06374e+08	9.78919e+07	1.17886e+08	9.57327e+07	1.75779e+08	1.62509e+08	2.02192e+08	1.64218e+08	1.65884e+08	1.89559e+08	1.58874e+08	1.43218e+08	1.68254e+08	1.54621e+08	1.55254e+08	1.43402e+08	2.01802e+08	2.03626e+08	2.30359e+08	2.00627e+08	1.99043e+08	2.34206e+08	1.9407e+08	1.97429e+08	1.76368e+08	1.8601e+08	1.4399e+08	1.32662e+08	2.35789e+08	2.24472e+08	1.86371e+08	1.57437e+08	1.96721e+08	2.40181e+08	1.05742e+08	1.02456e+08	1.34659e+08	1.01872e+08	1.33816e+08	1.33747e+08	1.7412e+08	1.74964e+08	1.74512e+08	1.76802e+08	1.97105e+08	1.3945e+08	1.92302e+08	1.58496e+08	1.72722e+08	1.97558e+08	1.18552e+08	1.92393e+08
ERR630392	1.63389e+08	1.61301e+08	1.62658e+08	1.87854e+08	1.91983e+08	1.6458e+08	1.53576e+08	1.61738e+08	1.80092e+08	1.98939e+08	1.23514e+08	1.585e+08	1.33139e+08	1.47158e+08	1.41542e+08	1.96354e+08	2.00433e+08	1.39466e+08	1.75552e+08	1.89537e+08	1.42583e+08	1.37475e+08	1.34323e+08	1.40144e+08	2.23571e+08	2.06598e+08	2.77561e+08	2.59586e+08	2.13334e+08	4.1438e+08	2.86575e+08	2.72046e+08	2.86555e+08	2.41319e+08	2.97366e+08	2.54157e+08	3.12478e+08	2.71034e+08	2.73864e+08	2.68679e+08	3.1791e+08	2.71835e+08	1.45354e+08	1.44214e+08	1.42502e+08	1.31305e+08	1.58146e+08	1.28317e+08	2.34168e+08	2.16592e+08	2.69421e+08	2.1865e+08	2.20959e+08	2.52809e+08	2.11263e+08	1.8992e+08	2.23697e+08	2.05596e+08	2.06196e+08	1.90064e+08	2.68672e+08	2.70906e+08	3.06539e+08	2.66728e+08	2.64708e+08	3.11544e+08	2.58446e+08	2.62985e+08	2.34605e+08	2.47492e+08	1.91443e+08	1.76188e+08	3.14855e+08	2.99794e+08	2.4346e+08	2.05759e+08	2.5716e+08	3.2061e+08	1.41721e+08	1.37356e+08	1.80179e+08	1.36515e+08	1.7899e+08	1.78946e+08	2.31598e+08	2.32697e+08	2.32158e+08	2.35362e+08	2.62589e+08	1.85715e+08	2.56284e+08	2.11214e+08	2.30202e+08	2.63394e+08	1.5796e+08	2.56407e+08
ERR630276	2.02824e+08	2.00464e+08	2.01757e+08	2.32829e+08	2.38011e+08	2.04523e+08	1.8574e+08	1.95906e+08	2.18582e+08	2.4119e+08	1.49722e+08	1.9174e+08	1.62522e+08	1.78703e+08	1.71982e+08	2.39187e+08	2.43975e+08	1.69479e+08	2.21716e+08	2.39131e+08	1.7997e+08	1.73886e+08	1.70335e+08	1.77058e+08	2.25141e+08	2.07275e+08	2.80472e+08	2.62301e+08	2.14261e+08	2.86575e+08	5.53879e+08	3.75605e+08	3.96573e+08	3.32909e+08	4.0971e+08	3.50852e+08	3.67616e+08	3.1894e+08	3.22554e+08	3.16538e+08	3.73796e+08	3.19158e+08	1.78775e+08	1.77279e+08	1.75168e+08	1.61456e+08	1.94201e+08	1.57834e+08	2.73479e+08	2.52313e+08	3.1502e+08	2.54879e+08	2.57956e+08	2.95084e+08	2.46128e+08	2.20626e+08	2.60429e+08	2.39467e+08	2.39488e+08	2.2077e+08	3.13816e+08	3.16732e+08	3.58042e+08	3.11092e+08	3.09718e+08	3.63821e+08	2.99664e+08	3.05063e+08	2.71902e+08	2.86675e+08	2.20608e+08	2.03046e+08	3.67458e+08	3.49132e+08	2.77419e+08	2.33419e+08	2.92893e+08	3.73419e+08	1.74655e+08	1.69252e+08	2.22355e+08	1.68347e+08	2.20501e+08	2.20677e+08	2.65703e+08	2.66938e+08	2.65987e+08	2.70694e+08	3.01828e+08	2.13303e+08	2.93467e+08	2.41998e+08	2.63362e+08	3.01625e+08	1.81032e+08	2.93784e+08
ERR630277	1.92794e+08	1.90451e+08	1.91209e+08	2.20435e+08	2.2504e+08	1.9435e+08	1.75348e+08	1.85595e+08	2.06972e+08	2.28166e+08	1.41873e+08	1.8105e+08	1.52812e+08	1.67048e+08	1.6096e+08	2.23509e+08	2.27918e+08	1.58708e+08	2.10916e+08	2.26986e+08	1.70793e+08	1.6507e+08	1.62558e+08	1.68069e+08	2.13755e+08	1.96588e+08	2.66109e+08	2.49284e+08	2.03183e+08	2.72046e+08	3.75605e+08	5.07976e+08	3.7638e+08	3.16791e+08	3.89099e+08	3.33795e+08	3.48505e+08	3.03709e+08	3.06779e+08	3.01323e+08	3.54344e+08	3.0311e+08	1.69151e+08	1.67879e+08	1.65603e+08	1.52652e+08	1.83587e+08	1.49313e+08	2.57831e+08	2.38665e+08	2.97036e+08	2.40938e+08	2.43901e+08	2.78526e+08	2.32721e+08	2.08067e+08	2.4633e+08	2.26687e+08	2.26185e+08	2.08506e+08	2.982e+08	3.00846e+08	3.38627e+08	2.94832e+08	2.94191e+08	3.44205e+08	2.83104e+08	2.88124e+08	2.56948e+08	2.70158e+08	2.08217e+08	1.91658e+08	3.47669e+08	3.30752e+08	2.5399e+08	2.14059e+08	2.68057e+08	3.53369e+08	1.65641e+08	1.6063e+08	2.10429e+08	1.59538e+08	2.08825e+08	2.08742e+08	2.51405e+08	2.52824e+08	2.5173e+08	2.56467e+08	2.85725e+08	2.02916e+08	2.777e+08	2.29194e+08	2.4914e+08	2.85531e+08	1.72235e+08	2.7815e+08
ERR630275	2.03179e+08	2.00708e+08	2.01829e+08	2.32906e+08	2.38146e+08	2.04803e+08	1.8583e+08	1.96187e+08	2.1861e+08	2.41484e+08	1.49834e+08	1.91767e+08	1.62378e+08	1.78358e+08	1.71796e+08	2.38758e+08	2.43572e+08	1.69332e+08	2.22112e+08	2.3963e+08	1.80289e+08	1.74071e+08	1.70752e+08	1.77361e+08	2.25194e+08	2.07306e+08	2.80662e+08	2.62449e+08	2.14268e+08	2.86555e+08	3.96573e+08	3.7638e+08	5.54711e+08	3.33485e+08	4.10123e+08	3.5145e+08	3.67829e+08	3.19267e+08	3.22932e+08	3.16797e+08	3.74114e+08	3.19454e+08	1.78766e+08	1.77435e+08	1.75259e+08	1.6151e+08	1.94154e+08	1.57931e+08	2.73192e+08	2.52357e+08	3.14629e+08	2.54964e+08	2.57809e+08	2.94932e+08	2.46052e+08	2.20374e+08	2.60544e+08	2.39548e+08	2.39507e+08	2.20726e+08	3.14346e+08	3.17008e+08	3.58053e+08	3.11346e+08	3.10131e+08	3.63918e+08	2.99813e+08	3.05263e+08	2.72036e+08	2.86737e+08	2.20761e+08	2.03154e+08	3.67926e+08	3.49753e+08	2.75855e+08	2.3227e+08	2.91206e+08	3.74124e+08	1.74789e+08	1.69535e+08	2.22446e+08	1.68468e+08	2.20662e+08	2.20764e+08	2.65737e+08	2.67193e+08	2.65979e+08	2.70798e+08	3.02062e+08	2.13606e+08	2.93601e+08	2.42197e+08	2.6349e+08	3.01766e+08	1.81329e+08	2.94077e+08
