	ERR636911	ERR636912	ERR636910	ERR636907	ERR636908	ERR636909	ERR621933	ERR621932	ERR621935	ERR621931	ERR621934	ERR621936	ERR613620	ERR613621	ERR613618	ERR613622	ERR613619	ERR613617	ERR622232	ERR622231	ERR622228	ERR622227	ERR622230	ERR622229	ERR605564	ERR605568	ERR605563	ERR605566	ERR605567	ERR605565	ERR613497	ERR613501	ERR613500	ERR613499	ERR613498	ERR613502	ERR607762	ERR607759	ERR607761	ERR607760	ERR637124	ERR637123	ERR622213	ERR622211	ERR622214	ERR622212	ERR622210	ERR622209	ERR617217	ERR617218	ERR617215	ERR617219	ERR617216	ERR617220	ERR607591	ERR607593	ERR607596	ERR607594	ERR607592	ERR607595	ERR617531	ERR617534	ERR617532	ERR617533	ERR617529	ERR617530	ERR621958	ERR621957	ERR621955	ERR621960	ERR621956	ERR621959	ERR618421	ERR618417	ERR618420	ERR618422	ERR618419	ERR618418	ERR629692	ERR629693	ERR629696	ERR629694	ERR629697	ERR629695	ERR626644	ERR626648	ERR626647	ERR626649	ERR626646	ERR626645	ERR605521	ERR605522	ERR605523	ERR605526	ERR605524	ERR605525
ERR636911	0	0.242283	0.242727	0.255317	0.248547	0.246414	0.385603	0.385271	0.383943	0.387633	0.38647	0.385099	0.34879	0.349534	0.347637	0.387239	0.348309	0.341888	0.575002	0.577134	0.536708	0.534151	0.576914	0.530829	0.35122	0.349508	0.357075	0.349899	0.350772	0.34607	0.358107	0.370141	0.368019	0.358954	0.359009	0.370878	0.330897	0.3388	0.328785	0.330447	0.342428	0.332841	0.377414	0.345063	0.376638	0.378911	0.349428	0.342786	0.553768	0.561847	0.547575	0.558555	0.550487	0.554883	0.469032	0.462292	0.469988	0.469811	0.460823	0.469168	0.591065	0.592477	0.607769	0.601381	0.586491	0.588925	0.492389	0.505748	0.496188	0.490529	0.505689	0.492244	0.5441	0.537244	0.545398	0.543552	0.539306	0.543225	0.454094	0.466055	0.451759	0.465206	0.451057	0.451201	0.458119	0.462121	0.463245	0.463903	0.472267	0.457391	0.504608	0.50623	0.508833	0.507284	0.507208	0.503992
ERR636912	0.242283	0	0.242395	0.257387	0.24895	0.24671	0.384854	0.384345	0.381739	0.385454	0.383986	0.382665	0.350474	0.351398	0.348735	0.391038	0.349773	0.342037	0.575893	0.578058	0.536264	0.53419	0.577893	0.530488	0.348976	0.347113	0.354065	0.347645	0.348264	0.344577	0.357937	0.372057	0.369766	0.358759	0.358739	0.372854	0.330603	0.334983	0.328173	0.329907	0.338301	0.329382	0.378727	0.343176	0.377936	0.380297	0.34727	0.341469	0.552694	0.561979	0.547001	0.558403	0.5493	0.55536	0.467414	0.461934	0.468171	0.468136	0.460523	0.467538	0.591408	0.593147	0.60858	0.60192	0.58706	0.58905	0.492871	0.507201	0.496946	0.49093	0.50725	0.49273	0.543344	0.536087	0.544644	0.542616	0.538643	0.543233	0.454432	0.467631	0.451731	0.46703	0.451143	0.451308	0.457938	0.463572	0.464665	0.465224	0.474399	0.458216	0.504565	0.507006	0.509985	0.507932	0.507758	0.504599
ERR636910	0.242727	0.242395	0	0.254094	0.247878	0.246028	0.384564	0.384348	0.383396	0.386737	0.385878	0.384462	0.348232	0.348994	0.347628	0.386189	0.347899	0.341766	0.573609	0.5756	0.535775	0.533128	0.575399	0.530138	0.351925	0.350112	0.357796	0.350535	0.351422	0.346322	0.358392	0.369636	0.367479	0.359076	0.35907	0.370326	0.331021	0.339506	0.328939	0.330463	0.342976	0.333462	0.375634	0.344802	0.375041	0.3773	0.349286	0.342346	0.552882	0.560593	0.546628	0.557423	0.54955	0.553621	0.469582	0.462418	0.470381	0.470332	0.460994	0.46976	0.589911	0.591278	0.606371	0.600021	0.585287	0.58774	0.491742	0.504705	0.495405	0.48991	0.504932	0.491549	0.543402	0.536701	0.544436	0.542744	0.538515	0.542228	0.453898	0.465195	0.451595	0.464593	0.451049	0.451174	0.458403	0.461894	0.462842	0.463579	0.471729	0.457387	0.503821	0.505747	0.508097	0.506702	0.506634	0.503409
ERR636907	0.255317	0.257387	0.254094	0	0.251515	0.250888	0.383695	0.384042	0.389414	0.391839	0.392242	0.391253	0.346139	0.346482	0.352584	0.37236	0.350158	0.348419	0.562541	0.564105	0.53475	0.529991	0.564147	0.529733	0.367932	0.365705	0.376026	0.366128	0.367997	0.359784	0.36761	0.365216	0.364626	0.367616	0.367498	0.365496	0.33633	0.359934	0.335602	0.336076	0.36307	0.352127	0.36404	0.357616	0.364212	0.365269	0.360485	0.350119	0.553842	0.555085	0.545999	0.553346	0.550692	0.548611	0.481806	0.469027	0.482382	0.482152	0.467501	0.481746	0.583649	0.583005	0.596626	0.591252	0.578195	0.581363	0.48971	0.497119	0.491762	0.488813	0.497566	0.489285	0.544476	0.540686	0.544447	0.544209	0.539435	0.540207	0.457288	0.461084	0.457906	0.460621	0.457958	0.457547	0.465059	0.460435	0.460726	0.461853	0.466113	0.458975	0.504523	0.504034	0.50415	0.504159	0.504182	0.501774
ERR636908	0.248547	0.24895	0.247878	0.251515	0	0.247418	0.377657	0.376823	0.377704	0.379882	0.379673	0.378966	0.348584	0.349201	0.353126	0.38524	0.352822	0.345652	0.563634	0.565513	0.5292	0.527183	0.565549	0.524635	0.356364	0.354086	0.362062	0.354404	0.355785	0.350804	0.362626	0.367851	0.366448	0.363059	0.36299	0.368493	0.333298	0.343558	0.331303	0.332386	0.345431	0.337464	0.365506	0.344829	0.364818	0.36718	0.346755	0.340998	0.546503	0.552678	0.541082	0.549755	0.543734	0.549529	0.470869	0.462243	0.471301	0.471129	0.461471	0.470682	0.581492	0.583365	0.597285	0.591	0.577999	0.579401	0.487212	0.499365	0.490275	0.486145	0.499174	0.487209	0.538407	0.533166	0.539002	0.537918	0.534716	0.537778	0.453503	0.463714	0.452649	0.462495	0.452486	0.452021	0.459082	0.46005	0.46099	0.46162	0.470944	0.456935	0.500096	0.501696	0.503855	0.502026	0.502088	0.499213
ERR636909	0.246414	0.24671	0.246028	0.250888	0.247418	0	0.383198	0.382608	0.383913	0.386829	0.38654	0.385262	0.346447	0.347019	0.347749	0.381367	0.347579	0.342199	0.569768	0.571718	0.534624	0.531545	0.571392	0.528888	0.355526	0.353936	0.362284	0.354348	0.355548	0.349635	0.360478	0.367924	0.366035	0.360902	0.360913	0.368289	0.332015	0.345052	0.330411	0.331455	0.348448	0.338553	0.371358	0.347365	0.37123	0.372963	0.35126	0.343359	0.55189	0.55798	0.545065	0.55514	0.548674	0.550731	0.472406	0.463503	0.47311	0.473067	0.461728	0.472382	0.587346	0.588207	0.603067	0.596942	0.582575	0.585283	0.489866	0.501453	0.492898	0.488549	0.501377	0.489631	0.54278	0.537074	0.543676	0.542537	0.538153	0.540766	0.453957	0.463102	0.452824	0.462717	0.452411	0.452302	0.459468	0.460319	0.461345	0.461961	0.468854	0.456708	0.50206	0.503309	0.505139	0.504241	0.504039	0.501095
ERR621933	0.385603	0.384854	0.384564	0.383695	0.377657	0.383198	0	0.258052	0.263505	0.2632	0.265295	0.265352	0.405977	0.405613	0.420584	0.438323	0.419381	0.409941	0.573472	0.574832	0.546199	0.546943	0.575405	0.544949	0.419045	0.41574	0.420927	0.416497	0.417622	0.417794	0.421458	0.415548	0.415453	0.420274	0.421316	0.416445	0.423814	0.41332	0.421268	0.42186	0.412685	0.412031	0.401867	0.397971	0.401521	0.402665	0.396961	0.394934	0.562133	0.568171	0.560626	0.565251	0.560987	0.57138	0.513925	0.507121	0.512501	0.512519	0.507247	0.512767	0.585962	0.590893	0.601654	0.595687	0.586729	0.584586	0.503421	0.513878	0.505469	0.503961	0.514181	0.503471	0.550937	0.550366	0.551328	0.550759	0.552015	0.554968	0.513203	0.521393	0.513928	0.520375	0.513715	0.512811	0.522241	0.522717	0.523824	0.524211	0.535498	0.522039	0.52575	0.527379	0.530194	0.526981	0.526688	0.525482
ERR621932	0.385271	0.384345	0.384348	0.384042	0.376823	0.382608	0.258052	0	0.262875	0.261286	0.264607	0.264512	0.405816	0.405462	0.419835	0.438738	0.418985	0.409056	0.572934	0.574396	0.545262	0.546162	0.574837	0.543934	0.417331	0.414199	0.419053	0.414751	0.416073	0.41626	0.420413	0.415104	0.414995	0.419355	0.42032	0.416244	0.423765	0.411989	0.421225	0.421869	0.411229	0.410765	0.401675	0.396569	0.400993	0.402802	0.3953	0.394151	0.560706	0.567155	0.559317	0.564182	0.559857	0.570684	0.512559	0.505958	0.511024	0.511036	0.5061	0.511318	0.585425	0.590708	0.601421	0.595517	0.58649	0.584373	0.502612	0.513528	0.504242	0.502997	0.513016	0.502454	0.550092	0.549168	0.550742	0.549934	0.551266	0.554213	0.512173	0.520787	0.512846	0.519736	0.512704	0.511632	0.521244	0.521863	0.522912	0.523337	0.534749	0.521174	0.523804	0.525462	0.528584	0.525428	0.524884	0.523537
ERR621935	0.383943	0.381739	0.383396	0.389414	0.377704	0.383913	0.263505	0.262875	0	0.255251	0.251894	0.252308	0.415988	0.415997	0.426859	0.457533	0.427607	0.41381	0.579699	0.581486	0.544246	0.547383	0.581948	0.542974	0.4122	0.408719	0.41074	0.409258	0.409653	0.41383	0.421664	0.424827	0.424197	0.420914	0.42199	0.42606	0.426525	0.401138	0.422917	0.424325	0.399596	0.401962	0.410215	0.390221	0.409234	0.411319	0.3887	0.391069	0.557121	0.569158	0.558184	0.565031	0.556001	0.574561	0.505773	0.504305	0.503978	0.504225	0.505007	0.504602	0.587643	0.595431	0.607046	0.599971	0.590396	0.586367	0.506922	0.523128	0.51065	0.507023	0.522969	0.507396	0.54672	0.544318	0.548204	0.546214	0.549089	0.555179	0.512439	0.527005	0.511769	0.525615	0.511211	0.510491	0.520922	0.52734	0.52896	0.529055	0.544474	0.524929	0.525776	0.529594	0.534912	0.529955	0.529481	0.527565
ERR621931	0.387633	0.385454	0.386737	0.391839	0.379882	0.386829	0.2632	0.261286	0.255251	0	0.255281	0.255178	0.415836	0.415942	0.427123	0.456681	0.42819	0.413979	0.577804	0.579595	0.543469	0.546702	0.580011	0.542388	0.413172	0.410449	0.412421	0.410872	0.411514	0.415175	0.423502	0.425363	0.424712	0.4226	0.423622	0.426594	0.428267	0.404246	0.42479	0.42596	0.402536	0.404951	0.409916	0.392261	0.40893	0.411041	0.390511	0.392947	0.556428	0.567874	0.557478	0.563794	0.555788	0.573782	0.506393	0.504567	0.504835	0.504923	0.505382	0.505291	0.586691	0.594283	0.605592	0.598872	0.589449	0.58562	0.505835	0.521325	0.508686	0.506095	0.520835	0.506318	0.546726	0.544327	0.548067	0.546353	0.54908	0.554635	0.512868	0.526859	0.512502	0.525452	0.512081	0.511338	0.5209	0.526818	0.528451	0.528341	0.54353	0.524631	0.523974	0.527404	0.532823	0.528129	0.527461	0.525662
ERR621934	0.38647	0.383986	0.385878	0.392242	0.379673	0.38654	0.265295	0.264607	0.251894	0.255281	0	0.252052	0.419183	0.419053	0.429984	0.461558	0.431055	0.416594	0.580503	0.582317	0.544431	0.548188	0.582707	0.543423	0.413533	0.409908	0.411686	0.410626	0.411082	0.415492	0.423953	0.427502	0.426899	0.423221	0.424351	0.428845	0.428508	0.401546	0.424821	0.426158	0.399665	0.4027	0.411764	0.39095	0.410828	0.412958	0.389213	0.392303	0.556892	0.569535	0.558635	0.565449	0.555907	0.575845	0.50607	0.505376	0.504359	0.504544	0.506348	0.504962	0.588051	0.596181	0.607789	0.600606	0.591202	0.586693	0.508493	0.525324	0.512629	0.508671	0.525258	0.509069	0.5469	0.544492	0.548443	0.546336	0.549516	0.556107	0.5141	0.529406	0.513226	0.527834	0.512671	0.51204	0.522348	0.5295	0.531194	0.531249	0.547383	0.527026	0.526992	0.531195	0.536667	0.531358	0.530809	0.528941
ERR621936	0.385099	0.382665	0.384462	0.391253	0.378966	0.385262	0.265352	0.264512	0.252308	0.255178	0.252052	0	0.417859	0.417961	0.428732	0.460749	0.429551	0.415212	0.580732	0.582548	0.544285	0.547931	0.582986	0.543169	0.412057	0.408574	0.410332	0.409168	0.409494	0.413931	0.4223	0.426495	0.425553	0.421685	0.42256	0.427723	0.427597	0.400243	0.423576	0.42513	0.398426	0.401312	0.411741	0.390026	0.410614	0.412943	0.38836	0.391323	0.556706	0.569462	0.558186	0.56523	0.555664	0.575185	0.505248	0.50453	0.503405	0.503775	0.505395	0.504186	0.588069	0.596172	0.607877	0.600701	0.591135	0.586728	0.508045	0.52485	0.511991	0.508118	0.524681	0.508672	0.546499	0.54386	0.547982	0.545811	0.548929	0.555427	0.513061	0.528303	0.512149	0.526929	0.511486	0.510903	0.521358	0.52864	0.530343	0.530334	0.546289	0.526059	0.526498	0.530542	0.535938	0.530745	0.530269	0.52828
ERR613620	0.34879	0.350474	0.348232	0.346139	0.348584	0.346447	0.405977	0.405816	0.415988	0.415836	0.419183	0.417859	0	0.243038	0.251229	0.275881	0.247666	0.250227	0.530612	0.531822	0.509904	0.502237	0.531665	0.503644	0.331817	0.331122	0.345776	0.33149	0.334792	0.320277	0.316898	0.310876	0.309225	0.315666	0.316328	0.311001	0.312918	0.358638	0.314087	0.313621	0.36268	0.348128	0.355819	0.347723	0.356129	0.356825	0.352577	0.33913	0.536174	0.531138	0.524488	0.530744	0.532713	0.520446	0.444792	0.424206	0.445629	0.445097	0.421248	0.44451	0.560487	0.555651	0.568167	0.564527	0.551499	0.558381	0.424786	0.425885	0.423592	0.423617	0.42612	0.423056	0.524538	0.521538	0.524047	0.525129	0.517867	0.514592	0.418207	0.415626	0.419618	0.415706	0.419814	0.419284	0.413158	0.400757	0.40045	0.401177	0.399178	0.400204	0.446181	0.442179	0.439546	0.442637	0.443101	0.440857
ERR613621	0.349534	0.351398	0.348994	0.346482	0.349201	0.347019	0.405613	0.405462	0.415997	0.415942	0.419053	0.417961	0.243038	0	0.252372	0.274648	0.248275	0.251651	0.530182	0.531327	0.510341	0.502433	0.531085	0.504325	0.333563	0.332517	0.347174	0.332892	0.336316	0.321615	0.317806	0.310439	0.309098	0.316239	0.316969	0.310287	0.313424	0.35994	0.314703	0.314192	0.363679	0.349169	0.355394	0.348747	0.355667	0.356693	0.353512	0.340002	0.536775	0.531278	0.525177	0.530995	0.533224	0.520567	0.44595	0.425201	0.446857	0.446357	0.42231	0.445674	0.560345	0.555523	0.567786	0.564276	0.551281	0.558284	0.425127	0.425777	0.424228	0.424069	0.426215	0.423502	0.525076	0.522408	0.524428	0.525544	0.518437	0.514957	0.419344	0.416038	0.420758	0.416087	0.420982	0.4203	0.414379	0.401705	0.4012	0.401977	0.399725	0.401279	0.447048	0.442993	0.43973	0.44331	0.443549	0.441335
ERR613618	0.347637	0.348735	0.347628	0.352584	0.353126	0.347749	0.420584	0.419835	0.426859	0.427123	0.429984	0.428732	0.251229	0.252372	0	0.287216	0.243614	0.242488	0.5461	0.547745	0.518247	0.51034	0.547322	0.51053	0.324078	0.325963	0.338221	0.326118	0.328672	0.314505	0.314515	0.321373	0.318993	0.314345	0.314491	0.321051	0.314056	0.352646	0.314911	0.315111	0.358285	0.342998	0.375	0.349592	0.375197	0.376864	0.356727	0.343361	0.542708	0.540945	0.529783	0.539815	0.538826	0.524967	0.441546	0.424888	0.443479	0.442902	0.420887	0.441977	0.572636	0.567631	0.582277	0.5782	0.56186	0.570566	0.433894	0.43805	0.433733	0.431715	0.437898	0.432052	0.531032	0.525012	0.531487	0.531485	0.522727	0.520189	0.418533	0.418968	0.418243	0.419441	0.417435	0.418096	0.411965	0.405999	0.405984	0.406025	0.40239	0.402105	0.449907	0.44625	0.44512	0.449226	0.449378	0.446378
ERR613622	0.387239	0.391038	0.386189	0.37236	0.38524	0.381367	0.438323	0.438738	0.457533	0.456681	0.461558	0.460749	0.275881	0.274648	0.287216	0	0.278353	0.296545	0.546592	0.547098	0.541312	0.529279	0.54691	0.534727	0.386288	0.386359	0.403112	0.386411	0.390467	0.371192	0.360832	0.334712	0.335344	0.358486	0.359582	0.333387	0.352631	0.416562	0.355893	0.354217	0.421443	0.404702	0.378595	0.400428	0.380263	0.379521	0.405822	0.386499	0.570585	0.556496	0.5552	0.55786	0.567154	0.540034	0.492559	0.46533	0.493682	0.492939	0.461635	0.492115	0.584349	0.574964	0.585478	0.584063	0.571779	0.582287	0.453752	0.441569	0.449191	0.452929	0.441828	0.450901	0.557945	0.557299	0.556254	0.558951	0.549027	0.540407	0.453324	0.434289	0.45735	0.435996	0.458133	0.457372	0.45217	0.427282	0.425439	0.427142	0.410358	0.431403	0.478504	0.46966	0.461215	0.469345	0.469887	0.469206
ERR613619	0.348309	0.349773	0.347899	0.350158	0.352822	0.347579	0.419381	0.418985	0.427607	0.42819	0.431055	0.429551	0.247666	0.248275	0.243614	0.278353	0	0.246645	0.545611	0.546877	0.520675	0.512147	0.546517	0.51316	0.329585	0.330261	0.344517	0.330469	0.333403	0.317574	0.315085	0.316255	0.313966	0.314008	0.314826	0.316062	0.313116	0.358156	0.3143	0.314385	0.363576	0.347502	0.371304	0.352692	0.371717	0.372977	0.359566	0.345226	0.546841	0.543139	0.533622	0.542384	0.542788	0.527916	0.446627	0.427783	0.448124	0.447427	0.423891	0.446652	0.573932	0.568381	0.582107	0.578556	0.563056	0.571839	0.434115	0.436289	0.433384	0.431791	0.436116	0.432231	0.534377	0.529164	0.534324	0.534876	0.525984	0.522649	0.420803	0.41843	0.420838	0.419173	0.420656	0.420832	0.41412	0.404876	0.404542	0.404854	0.399885	0.402123	0.453462	0.449431	0.446364	0.451032	0.45131	0.448573
ERR613617	0.341888	0.342037	0.341766	0.348419	0.345652	0.342199	0.409941	0.409056	0.41381	0.413979	0.416594	0.415212	0.250227	0.251651	0.242488	0.296545	0.246645	0	0.535534	0.537193	0.505447	0.499266	0.536961	0.49849	0.312646	0.313816	0.324809	0.314205	0.316165	0.304787	0.307713	0.317651	0.314744	0.307341	0.307977	0.317359	0.309385	0.338789	0.309207	0.309848	0.343279	0.330056	0.364921	0.335406	0.364618	0.366806	0.341639	0.330994	0.529266	0.529273	0.5182	0.527684	0.525738	0.517255	0.429586	0.415172	0.431059	0.430527	0.412014	0.429892	0.560284	0.557045	0.571478	0.566909	0.551315	0.558264	0.425728	0.43267	0.426231	0.423635	0.432477	0.424299	0.517879	0.512023	0.518348	0.518197	0.510978	0.509807	0.410565	0.414925	0.409917	0.414798	0.409397	0.409767	0.404265	0.401308	0.401474	0.401676	0.40304	0.396908	0.440674	0.438538	0.438845	0.441224	0.441119	0.438049
ERR622232	0.575002	0.575893	0.573609	0.562541	0.563634	0.569768	0.573472	0.572934	0.579699	0.577804	0.580503	0.580732	0.530612	0.530182	0.5461	0.546592	0.545611	0.535534	0	0.268829	0.304481	0.294573	0.269026	0.307718	0.526223	0.524527	0.526425	0.524216	0.525842	0.526046	0.515698	0.496701	0.499226	0.514256	0.514556	0.496777	0.544111	0.524235	0.542748	0.543056	0.522111	0.524689	0.454943	0.491828	0.455194	0.4554	0.48732	0.485206	0.366543	0.327367	0.356261	0.333787	0.36686	0.346681	0.428467	0.40485	0.425674	0.425183	0.40745	0.4256	0.331444	0.327414	0.326297	0.325924	0.32999	0.330993	0.393259	0.385125	0.391617	0.397223	0.386282	0.393628	0.366839	0.385062	0.360631	0.369463	0.366207	0.354239	0.419889	0.405636	0.430459	0.403311	0.433109	0.429686	0.430883	0.418652	0.418008	0.420166	0.433295	0.426253	0.393036	0.386883	0.379522	0.379987	0.380206	0.38478
ERR622231	0.577134	0.578058	0.5756	0.564105	0.565513	0.571718	0.574832	0.574396	0.581486	0.579595	0.582317	0.582548	0.531822	0.531327	0.547745	0.547098	0.546877	0.537193	0.268829	0	0.306944	0.296837	0.268803	0.310564	0.528426	0.52689	0.529056	0.526651	0.528209	0.528229	0.517528	0.497624	0.500467	0.51584	0.516457	0.497773	0.545707	0.526577	0.54436	0.544806	0.524469	0.526868	0.45555	0.493972	0.45596	0.456365	0.489604	0.487261	0.36911	0.328784	0.358507	0.335628	0.369393	0.347977	0.431549	0.40736	0.428872	0.428367	0.409984	0.428748	0.332133	0.327737	0.326151	0.325946	0.330406	0.331916	0.39493	0.385634	0.392804	0.398809	0.387101	0.394984	0.368909	0.38753	0.362207	0.371481	0.368239	0.355536	0.422073	0.406661	0.432796	0.404494	0.43554	0.432239	0.433271	0.420421	0.419385	0.421823	0.434353	0.428203	0.395718	0.389487	0.381658	0.382462	0.382725	0.387366
ERR622228	0.536708	0.536264	0.535775	0.53475	0.5292	0.534624	0.546199	0.545262	0.544246	0.543469	0.544431	0.544285	0.509904	0.510341	0.518247	0.541312	0.520675	0.505447	0.304481	0.306944	0	0.264038	0.307944	0.261	0.481842	0.480938	0.47859	0.480567	0.480846	0.48577	0.481552	0.480193	0.481031	0.480736	0.481084	0.480821	0.51713	0.475722	0.514191	0.515685	0.473539	0.479319	0.449918	0.448945	0.448829	0.451119	0.445317	0.448452	0.31607	0.314435	0.315023	0.311873	0.31597	0.333644	0.362116	0.355721	0.359353	0.359188	0.359129	0.359749	0.337095	0.348729	0.362209	0.353198	0.342951	0.33542	0.370414	0.384269	0.375034	0.37229	0.38472	0.372199	0.324489	0.331502	0.323784	0.32548	0.327074	0.331082	0.382845	0.393092	0.387627	0.391167	0.38846	0.386583	0.389094	0.400332	0.401996	0.402508	0.426857	0.399688	0.351759	0.35496	0.359036	0.351689	0.351726	0.35282
ERR622227	0.534151	0.53419	0.533128	0.529991	0.527183	0.531545	0.546943	0.546162	0.547383	0.546702	0.548188	0.547931	0.502237	0.502433	0.51034	0.529279	0.512147	0.499266	0.294573	0.296837	0.264038	0	0.297612	0.263216	0.480469	0.479782	0.478936	0.479508	0.48004	0.482833	0.476122	0.471959	0.472829	0.475107	0.475482	0.472328	0.512599	0.47761	0.510014	0.511594	0.476509	0.480096	0.444671	0.44971	0.443814	0.445814	0.447312	0.447149	0.324249	0.31153	0.3165	0.311176	0.323111	0.322816	0.367495	0.355001	0.365265	0.364836	0.356717	0.365167	0.334245	0.339529	0.353159	0.345878	0.334733	0.332604	0.365389	0.373139	0.368656	0.367179	0.374299	0.366462	0.327981	0.336342	0.325729	0.329594	0.326786	0.32545	0.37769	0.380566	0.383599	0.379292	0.384822	0.383049	0.386141	0.391929	0.393069	0.393965	0.413247	0.392385	0.349848	0.349887	0.350267	0.346003	0.346133	0.348026
ERR622230	0.576914	0.577893	0.575399	0.564147	0.565549	0.571392	0.575405	0.574837	0.581948	0.580011	0.582707	0.582986	0.531665	0.531085	0.547322	0.54691	0.546517	0.536961	0.269026	0.268803	0.307944	0.297612	0	0.311457	0.528246	0.52662	0.528865	0.52635	0.527926	0.527965	0.517323	0.497685	0.500459	0.515762	0.516213	0.497663	0.545099	0.526424	0.543822	0.544164	0.524367	0.52664	0.455695	0.494284	0.456008	0.456501	0.489923	0.487386	0.370302	0.329611	0.359521	0.336169	0.370354	0.348601	0.431837	0.407762	0.429313	0.428613	0.410464	0.429065	0.332317	0.327393	0.325859	0.325955	0.33044	0.33201	0.395587	0.386529	0.393835	0.399528	0.387891	0.395695	0.369609	0.388404	0.363233	0.372203	0.368909	0.356478	0.421991	0.406837	0.43284	0.404482	0.435656	0.432266	0.433062	0.420319	0.419279	0.42173	0.434155	0.428114	0.396424	0.390435	0.38236	0.382986	0.383298	0.387864
ERR622229	0.530829	0.530488	0.530138	0.529733	0.524635	0.528888	0.544949	0.543934	0.542974	0.542388	0.543423	0.543169	0.503644	0.504325	0.51053	0.534727	0.51316	0.49849	0.307718	0.310564	0.261	0.263216	0.311457	0	0.475726	0.475135	0.472939	0.474804	0.474991	0.47942	0.474648	0.474995	0.475209	0.474047	0.474395	0.475413	0.511789	0.470834	0.50879	0.510509	0.469627	0.474358	0.44854	0.444523	0.447454	0.449891	0.442107	0.444027	0.316445	0.315113	0.31276	0.312195	0.315916	0.328003	0.357158	0.350352	0.354999	0.354832	0.352577	0.355018	0.340038	0.349857	0.365283	0.356707	0.343486	0.338627	0.366914	0.380181	0.371656	0.36803	0.380928	0.368212	0.323668	0.328873	0.323061	0.324696	0.324346	0.327595	0.376299	0.385936	0.380686	0.384724	0.381447	0.379969	0.383347	0.394992	0.396845	0.397478	0.419796	0.393779	0.347332	0.349701	0.353748	0.347006	0.347244	0.348055
ERR605564	0.35122	0.348976	0.351925	0.367932	0.356364	0.355526	0.419045	0.417331	0.4122	0.413172	0.413533	0.412057	0.331817	0.333563	0.324078	0.386288	0.329585	0.312646	0.526223	0.528426	0.481842	0.480469	0.528246	0.475726	0	0.244861	0.2456	0.244874	0.244846	0.245971	0.285405	0.314967	0.311714	0.286909	0.286755	0.316066	0.343647	0.326131	0.340502	0.343183	0.328579	0.323563	0.385678	0.332807	0.383799	0.387525	0.337362	0.33597	0.49781	0.508086	0.491171	0.50417	0.494788	0.501151	0.409592	0.407433	0.41078	0.410453	0.405664	0.409775	0.540687	0.542772	0.558769	0.55247	0.53569	0.538726	0.429457	0.445813	0.43271	0.427082	0.444971	0.428909	0.487447	0.478954	0.489526	0.487186	0.482883	0.486883	0.409057	0.426044	0.406319	0.425319	0.40489	0.405688	0.40547	0.418051	0.41925	0.418886	0.431351	0.410302	0.428847	0.431946	0.436814	0.434612	0.434406	0.430796
ERR605568	0.349508	0.347113	0.350112	0.365705	0.354086	0.353936	0.41574	0.414199	0.408719	0.410449	0.409908	0.408574	0.331122	0.332517	0.325963	0.386359	0.330261	0.313816	0.524527	0.52689	0.480938	0.479782	0.52662	0.475135	0.244861	0	0.246613	0.243179	0.243104	0.246428	0.284713	0.312968	0.309894	0.286375	0.286054	0.314429	0.342191	0.325135	0.33888	0.341527	0.32718	0.322397	0.382263	0.331042	0.380475	0.383817	0.33466	0.333788	0.497263	0.507597	0.491431	0.503716	0.494231	0.501746	0.409728	0.407354	0.410619	0.410387	0.405643	0.409793	0.539256	0.541882	0.557505	0.551023	0.534969	0.537301	0.428791	0.445348	0.432569	0.426576	0.444839	0.428298	0.486492	0.478941	0.488467	0.486198	0.482475	0.486863	0.409136	0.426539	0.406378	0.425685	0.405303	0.405742	0.405803	0.417883	0.41926	0.418968	0.432154	0.410446	0.430297	0.433734	0.437921	0.435268	0.434968	0.431573
ERR605563	0.357075	0.354065	0.357796	0.376026	0.362062	0.362284	0.420927	0.419053	0.41074	0.412421	0.411686	0.410332	0.345776	0.347174	0.338221	0.403112	0.344517	0.324809	0.526425	0.529056	0.47859	0.478936	0.528865	0.472939	0.2456	0.246613	0	0.246584	0.245407	0.252001	0.293225	0.326124	0.322775	0.295017	0.294688	0.327558	0.354194	0.324362	0.350089	0.353124	0.325845	0.323615	0.390748	0.332497	0.388699	0.392362	0.336334	0.337652	0.492111	0.505679	0.487481	0.501034	0.489295	0.500936	0.40696	0.408901	0.407902	0.407918	0.407549	0.407275	0.538089	0.541969	0.558329	0.551302	0.534705	0.536186	0.433914	0.452925	0.438234	0.431603	0.451976	0.433643	0.482252	0.473443	0.48469	0.481745	0.478836	0.484815	0.412063	0.432941	0.408833	0.431933	0.407462	0.408097	0.410063	0.426479	0.428167	0.427623	0.442859	0.417989	0.430924	0.435439	0.441708	0.437804	0.437579	0.433912
ERR605566	0.349899	0.347645	0.350535	0.366128	0.354404	0.354348	0.416497	0.414751	0.409258	0.410872	0.410626	0.409168	0.33149	0.332892	0.326118	0.386411	0.330469	0.314205	0.524216	0.526651	0.480567	0.479508	0.52635	0.474804	0.244874	0.243179	0.246584	0	0.243477	0.246627	0.284728	0.312959	0.309676	0.286369	0.285961	0.314405	0.342251	0.32543	0.339079	0.341684	0.327513	0.32273	0.382088	0.330912	0.380353	0.383791	0.334774	0.333902	0.496721	0.507118	0.491019	0.503226	0.49372	0.501503	0.409742	0.407199	0.410337	0.41025	0.40561	0.409609	0.538972	0.541364	0.557198	0.550676	0.534639	0.536938	0.428631	0.445332	0.432245	0.426298	0.44443	0.427992	0.486208	0.478595	0.488193	0.485983	0.482138	0.486591	0.409248	0.426335	0.40634	0.42555	0.405291	0.405509	0.405371	0.417451	0.418945	0.418467	0.431762	0.410028	0.429814	0.433176	0.437494	0.434709	0.434433	0.431114
ERR605567	0.350772	0.348264	0.351422	0.367997	0.355785	0.355548	0.417622	0.416073	0.409653	0.411514	0.411082	0.409494	0.334792	0.336316	0.328672	0.390467	0.333403	0.316165	0.525842	0.528209	0.480846	0.48004	0.527926	0.474991	0.244846	0.243104	0.245407	0.243477	0	0.247486	0.286497	0.316552	0.313145	0.288245	0.287938	0.317843	0.344765	0.324822	0.341256	0.343952	0.326858	0.322572	0.384899	0.331405	0.382958	0.386627	0.335319	0.335011	0.49665	0.507672	0.491	0.503633	0.493585	0.50189	0.409431	0.408199	0.410181	0.409962	0.406356	0.409319	0.539604	0.542361	0.55825	0.551646	0.53553	0.537553	0.430668	0.447929	0.434505	0.428213	0.447132	0.430164	0.485933	0.478007	0.488245	0.485618	0.481947	0.48684	0.410222	0.428266	0.407197	0.427436	0.40597	0.406404	0.406896	0.420182	0.421609	0.421346	0.434873	0.412409	0.430893	0.434668	0.439346	0.436334	0.436068	0.432554
ERR605565	0.34607	0.344577	0.346322	0.359784	0.350804	0.349635	0.417794	0.41626	0.41383	0.415175	0.415492	0.413931	0.320277	0.321615	0.314505	0.371192	0.317574	0.304787	0.526046	0.528229	0.48577	0.482833	0.527965	0.47942	0.245971	0.246428	0.252001	0.246627	0.247486	0	0.279501	0.304212	0.300769	0.280475	0.280489	0.305078	0.335011	0.329984	0.332679	0.335062	0.332942	0.325428	0.380144	0.334481	0.378738	0.381885	0.33918	0.335181	0.504355	0.511216	0.496359	0.508082	0.500988	0.503231	0.413987	0.408081	0.415105	0.414772	0.40576	0.413994	0.543824	0.544399	0.559727	0.553986	0.537735	0.541698	0.426829	0.440811	0.429405	0.424573	0.439951	0.425891	0.493037	0.485651	0.494738	0.49308	0.487694	0.490091	0.407836	0.421142	0.405483	0.420833	0.404508	0.405005	0.403382	0.411543	0.412578	0.412399	0.4221	0.404859	0.430241	0.432205	0.434836	0.433942	0.433755	0.430429
ERR613497	0.358107	0.357937	0.358392	0.36761	0.362626	0.360478	0.421458	0.420413	0.421664	0.423502	0.423953	0.4223	0.316898	0.317806	0.314515	0.360832	0.315085	0.307713	0.515698	0.517528	0.481552	0.476122	0.517323	0.474648	0.285405	0.284713	0.293225	0.284728	0.286497	0.279501	0	0.269154	0.265598	0.248051	0.248459	0.269609	0.337039	0.341254	0.335769	0.337147	0.345336	0.335623	0.377173	0.341648	0.376047	0.378659	0.346814	0.339643	0.502095	0.504645	0.491991	0.502335	0.498475	0.493333	0.415195	0.403811	0.416563	0.416219	0.400719	0.415322	0.536525	0.534637	0.549852	0.544606	0.528506	0.534524	0.416121	0.425738	0.418254	0.413921	0.42524	0.414524	0.489427	0.483567	0.490492	0.489461	0.482501	0.482946	0.402731	0.409765	0.401214	0.40986	0.400841	0.401031	0.399597	0.402024	0.402414	0.402956	0.408313	0.396724	0.426168	0.426157	0.426532	0.427102	0.427061	0.424096
ERR613501	0.370141	0.372057	0.369636	0.365216	0.367851	0.367924	0.415548	0.415104	0.424827	0.425363	0.427502	0.426495	0.310876	0.310439	0.321373	0.334712	0.316255	0.317651	0.496701	0.497624	0.480193	0.471959	0.497685	0.474995	0.314967	0.312968	0.326124	0.312959	0.316552	0.304212	0.269154	0	0.253789	0.267383	0.268022	0.254796	0.34463	0.3698	0.345035	0.345019	0.37293	0.361853	0.356631	0.358117	0.356501	0.35744	0.360814	0.3493	0.50541	0.496878	0.493347	0.497132	0.501916	0.488485	0.437659	0.416783	0.438227	0.437532	0.414585	0.437007	0.526219	0.521057	0.532596	0.529213	0.517322	0.524223	0.411667	0.410554	0.410793	0.410832	0.410469	0.409964	0.492421	0.491566	0.491609	0.493108	0.485771	0.481319	0.41051	0.40486	0.413407	0.404194	0.414258	0.413116	0.41267	0.400487	0.39966	0.400959	0.400659	0.401098	0.429181	0.425146	0.420651	0.424157	0.424294	0.42313
ERR613500	0.368019	0.369766	0.367479	0.364626	0.366448	0.366035	0.415453	0.414995	0.424197	0.424712	0.426899	0.425553	0.309225	0.309098	0.318993	0.335344	0.313966	0.314744	0.499226	0.500467	0.481031	0.472829	0.500459	0.475209	0.311714	0.309894	0.322775	0.309676	0.313145	0.300769	0.265598	0.253789	0	0.263519	0.264597	0.253832	0.342581	0.366732	0.34286	0.342902	0.37	0.358793	0.358812	0.355857	0.358355	0.359599	0.358972	0.347684	0.505837	0.498621	0.494079	0.498319	0.50235	0.48944	0.435039	0.414732	0.435675	0.434972	0.412385	0.434419	0.528071	0.523018	0.535085	0.531428	0.519045	0.525898	0.411357	0.411335	0.410853	0.410546	0.411555	0.409673	0.49287	0.49132	0.492073	0.493313	0.486109	0.481937	0.409138	0.404713	0.411786	0.404321	0.412047	0.411174	0.410462	0.39941	0.398531	0.39972	0.399778	0.399247	0.428595	0.425112	0.421054	0.424195	0.424425	0.422987
ERR613499	0.358954	0.358759	0.359076	0.367616	0.363059	0.360902	0.420274	0.419355	0.420914	0.4226	0.423221	0.421685	0.315666	0.316239	0.314345	0.358486	0.314008	0.307341	0.514256	0.51584	0.480736	0.475107	0.515762	0.474047	0.286909	0.286375	0.295017	0.286369	0.288245	0.280475	0.248051	0.267383	0.263519	0	0.248816	0.267895	0.337545	0.343024	0.336177	0.33758	0.347063	0.337374	0.375544	0.342145	0.374464	0.376924	0.347339	0.33975	0.501655	0.503603	0.49139	0.501489	0.498002	0.492337	0.416305	0.404221	0.417507	0.417005	0.401382	0.416338	0.535285	0.533177	0.548176	0.542971	0.527202	0.533141	0.415207	0.424305	0.417387	0.413303	0.424018	0.413856	0.489137	0.483516	0.490043	0.489191	0.482299	0.482552	0.402982	0.409402	0.40196	0.409515	0.401498	0.401706	0.400536	0.40175	0.402313	0.402678	0.407691	0.396831	0.425656	0.425388	0.425575	0.426187	0.426234	0.423264
ERR613498	0.359009	0.358739	0.35907	0.367498	0.36299	0.360913	0.421316	0.42032	0.42199	0.423622	0.424351	0.42256	0.316328	0.316969	0.314491	0.359582	0.314826	0.307977	0.514556	0.516457	0.481084	0.475482	0.516213	0.474395	0.286755	0.286054	0.294688	0.285961	0.287938	0.280489	0.248459	0.268022	0.264597	0.248816	0	0.268826	0.337832	0.34253	0.336624	0.337885	0.346656	0.336953	0.37622	0.342183	0.375031	0.377553	0.347178	0.339686	0.501833	0.504047	0.491655	0.50167	0.498216	0.492879	0.416316	0.404463	0.417595	0.417061	0.401433	0.416189	0.535671	0.533668	0.548731	0.543593	0.527722	0.533606	0.41566	0.424841	0.41771	0.413572	0.424496	0.414323	0.489387	0.483737	0.490247	0.489441	0.482391	0.482566	0.402797	0.40946	0.401781	0.409416	0.401285	0.40133	0.400333	0.4021	0.402305	0.402657	0.408055	0.396814	0.425694	0.4256	0.425594	0.426503	0.426364	0.423438
ERR613502	0.370878	0.372854	0.370326	0.365496	0.368493	0.368289	0.416445	0.416244	0.42606	0.426594	0.428845	0.427723	0.311001	0.310287	0.321051	0.333387	0.316062	0.317359	0.496777	0.497773	0.480821	0.472328	0.497663	0.475413	0.316066	0.314429	0.327558	0.314405	0.317843	0.305078	0.269609	0.254796	0.253832	0.267895	0.268826	0	0.34488	0.370963	0.3455	0.345486	0.374046	0.36277	0.357438	0.359354	0.357406	0.358241	0.362341	0.350582	0.506002	0.497211	0.493759	0.49716	0.502613	0.488117	0.438152	0.416891	0.43881	0.438114	0.414658	0.437472	0.526347	0.521123	0.532596	0.529315	0.517318	0.524354	0.411684	0.410168	0.410722	0.41116	0.410268	0.409947	0.492755	0.492136	0.491807	0.493446	0.486082	0.481375	0.410711	0.404354	0.413677	0.403945	0.41427	0.413437	0.412787	0.40049	0.399368	0.40067	0.39982	0.400975	0.429307	0.424909	0.420322	0.424159	0.424355	0.422989
ERR607762	0.330897	0.330603	0.331021	0.33633	0.333298	0.332015	0.423814	0.423765	0.426525	0.428267	0.428508	0.427597	0.312918	0.313424	0.314056	0.352631	0.313116	0.309385	0.544111	0.545707	0.51713	0.512599	0.545099	0.511789	0.343647	0.342191	0.354194	0.342251	0.344765	0.335011	0.337039	0.34463	0.342581	0.337545	0.337832	0.34488	0	0.286565	0.228074	0.22747	0.289507	0.27282	0.374522	0.350948	0.374359	0.376139	0.354697	0.34685	0.546466	0.546547	0.538436	0.545129	0.542873	0.540657	0.436719	0.422324	0.437391	0.437216	0.42069	0.436524	0.574725	0.573029	0.584867	0.580225	0.568513	0.572414	0.440267	0.449389	0.442134	0.438241	0.449183	0.439548	0.536025	0.531948	0.53634	0.536415	0.531306	0.531681	0.420135	0.426147	0.418822	0.424955	0.419171	0.418599	0.403122	0.399097	0.399495	0.399787	0.406185	0.395706	0.478146	0.477379	0.477057	0.477557	0.47769	0.474945
ERR607759	0.3388	0.334983	0.339506	0.359934	0.343558	0.345052	0.41332	0.411989	0.401138	0.404246	0.401546	0.400243	0.358638	0.35994	0.352646	0.416562	0.358156	0.338789	0.524235	0.526577	0.475722	0.47761	0.526424	0.470834	0.326131	0.325135	0.324362	0.32543	0.324822	0.329984	0.341254	0.3698	0.366732	0.343024	0.34253	0.370963	0.286565	0	0.280071	0.284117	0.235518	0.234983	0.379305	0.318427	0.377216	0.381258	0.320794	0.324494	0.493671	0.508294	0.491284	0.503405	0.490622	0.506481	0.40347	0.405853	0.404083	0.404004	0.405723	0.403689	0.536056	0.541325	0.556778	0.54907	0.53457	0.53388	0.442218	0.462566	0.447945	0.439913	0.462278	0.442674	0.483911	0.475797	0.486089	0.483132	0.481421	0.489128	0.408879	0.431023	0.40486	0.429529	0.403942	0.404298	0.408969	0.425529	0.428056	0.427542	0.445324	0.417556	0.45867	0.463384	0.468782	0.464622	0.464233	0.460665
ERR607761	0.328785	0.328173	0.328939	0.335602	0.331303	0.330411	0.421268	0.421225	0.422917	0.42479	0.424821	0.423576	0.314087	0.314703	0.314911	0.355893	0.3143	0.309207	0.542748	0.54436	0.514191	0.510014	0.543822	0.50879	0.340502	0.33888	0.350089	0.339079	0.341256	0.332679	0.335769	0.345035	0.34286	0.336177	0.336624	0.3455	0.228074	0.280071	0	0.227466	0.282609	0.266751	0.373427	0.347064	0.372863	0.374848	0.35057	0.343426	0.542796	0.543837	0.535171	0.542212	0.539264	0.538405	0.433283	0.420301	0.433947	0.433979	0.4187	0.433193	0.571949	0.57081	0.582907	0.578045	0.566164	0.569764	0.4399	0.449797	0.442188	0.437825	0.449906	0.439169	0.532085	0.527935	0.532696	0.532521	0.527663	0.528704	0.418416	0.425777	0.416951	0.424617	0.417122	0.416575	0.402252	0.400021	0.400573	0.400871	0.408227	0.396299	0.476368	0.475967	0.476165	0.476136	0.476216	0.473407
ERR607760	0.330447	0.329907	0.330463	0.336076	0.332386	0.331455	0.42186	0.421869	0.424325	0.42596	0.426158	0.42513	0.313621	0.314192	0.315111	0.354217	0.314385	0.309848	0.543056	0.544806	0.515685	0.511594	0.544164	0.510509	0.343183	0.341527	0.353124	0.341684	0.343952	0.335062	0.337147	0.345019	0.342902	0.33758	0.337885	0.345486	0.22747	0.284117	0.227466	0	0.286722	0.270684	0.373291	0.349253	0.373106	0.374832	0.352576	0.345358	0.544668	0.545102	0.537073	0.543653	0.541207	0.540026	0.435328	0.421483	0.436015	0.435836	0.419973	0.435132	0.57328	0.571876	0.583695	0.578879	0.56734	0.570829	0.439705	0.449208	0.441761	0.437852	0.449275	0.439097	0.534365	0.530399	0.534815	0.534799	0.529922	0.530717	0.419707	0.426359	0.418553	0.425283	0.418883	0.418211	0.402884	0.399538	0.399973	0.400265	0.407463	0.396093	0.477395	0.476922	0.476795	0.477075	0.477148	0.474427
ERR637124	0.342428	0.338301	0.342976	0.36307	0.345431	0.348448	0.412685	0.411229	0.399596	0.402536	0.399665	0.398426	0.36268	0.363679	0.358285	0.421443	0.363576	0.343279	0.522111	0.524469	0.473539	0.476509	0.524367	0.469627	0.328579	0.32718	0.325845	0.327513	0.326858	0.332942	0.345336	0.37293	0.37	0.347063	0.346656	0.374046	0.289507	0.235518	0.282609	0.286722	0	0.236156	0.378702	0.318858	0.376522	0.38062	0.31972	0.325333	0.491319	0.506459	0.490357	0.501685	0.488495	0.50773	0.402964	0.406067	0.403224	0.403335	0.406726	0.403155	0.534067	0.540337	0.55513	0.547255	0.533761	0.531791	0.441902	0.463009	0.44785	0.43984	0.462765	0.442481	0.482135	0.474606	0.484471	0.481519	0.480848	0.489077	0.410159	0.433694	0.406421	0.431595	0.405513	0.405863	0.409743	0.426723	0.429158	0.428715	0.448375	0.419037	0.458799	0.463889	0.469812	0.464991	0.464616	0.461061
ERR637123	0.332841	0.329382	0.333462	0.352127	0.337464	0.338553	0.412031	0.410765	0.401962	0.404951	0.4027	0.401312	0.348128	0.349169	0.342998	0.404702	0.347502	0.330056	0.524689	0.526868	0.479319	0.480096	0.52664	0.474358	0.323563	0.322397	0.323615	0.32273	0.322572	0.325428	0.335623	0.361853	0.358793	0.337374	0.336953	0.36277	0.27282	0.234983	0.266751	0.270684	0.236156	0	0.3746	0.318527	0.372726	0.376483	0.320942	0.322785	0.499405	0.511546	0.496111	0.50719	0.496089	0.509347	0.40496	0.404692	0.405627	0.405692	0.404529	0.405236	0.539502	0.543692	0.55861	0.55129	0.537273	0.537217	0.439202	0.458038	0.444535	0.436822	0.457972	0.439469	0.489156	0.481832	0.4911	0.48862	0.486306	0.492872	0.406777	0.427021	0.403178	0.425333	0.40252	0.402796	0.40459	0.418633	0.420744	0.420413	0.437048	0.411136	0.458912	0.46287	0.467349	0.463798	0.463589	0.460171
ERR622213	0.377414	0.378727	0.375634	0.36404	0.365506	0.371358	0.401867	0.401675	0.410215	0.409916	0.411764	0.411741	0.355819	0.355394	0.375	0.378595	0.371304	0.364921	0.454943	0.45555	0.449918	0.444671	0.455695	0.44854	0.385678	0.382263	0.390748	0.382088	0.384899	0.380144	0.377173	0.356631	0.358812	0.375544	0.37622	0.357438	0.374522	0.379305	0.373427	0.373291	0.378702	0.3746	0	0.304999	0.265531	0.26532	0.30178	0.292894	0.477952	0.46515	0.470273	0.466464	0.47588	0.469553	0.451118	0.431677	0.449702	0.449481	0.432205	0.449553	0.48112	0.479561	0.486962	0.48364	0.478207	0.479244	0.437565	0.436587	0.437048	0.439011	0.437171	0.436958	0.470466	0.475498	0.467933	0.471057	0.468041	0.46403	0.421951	0.415218	0.428595	0.41326	0.429825	0.427383	0.438981	0.425549	0.424953	0.427233	0.433774	0.430139	0.456333	0.453058	0.449387	0.450323	0.450085	0.450618
ERR622211	0.345063	0.343176	0.344802	0.357616	0.344829	0.347365	0.397971	0.396569	0.390221	0.392261	0.39095	0.390026	0.347723	0.348747	0.349592	0.400428	0.352692	0.335406	0.491828	0.493972	0.448945	0.44971	0.494284	0.444523	0.332807	0.331042	0.332497	0.330912	0.331405	0.334481	0.341648	0.358117	0.355857	0.342145	0.342183	0.359354	0.350948	0.318427	0.347064	0.349253	0.318858	0.318527	0.304999	0	0.302057	0.306323	0.251469	0.253686	0.468223	0.478608	0.464947	0.47485	0.465649	0.477903	0.404043	0.399986	0.403624	0.403729	0.399902	0.40365	0.502383	0.507215	0.522234	0.514921	0.501146	0.500435	0.431119	0.447235	0.435348	0.42971	0.447222	0.431073	0.462322	0.456932	0.463713	0.461517	0.459891	0.465643	0.398873	0.415316	0.397543	0.414135	0.396898	0.396663	0.408329	0.41693	0.41863	0.419011	0.434838	0.412274	0.440341	0.443573	0.44828	0.444429	0.444186	0.441451
ERR622214	0.376638	0.377936	0.375041	0.364212	0.364818	0.37123	0.401521	0.400993	0.409234	0.40893	0.410828	0.410614	0.356129	0.355667	0.375197	0.380263	0.371717	0.364618	0.455194	0.45596	0.448829	0.443814	0.456008	0.447454	0.383799	0.380475	0.388699	0.380353	0.382958	0.378738	0.376047	0.356501	0.358355	0.374464	0.375031	0.357406	0.374359	0.377216	0.372863	0.373106	0.376522	0.372726	0.265531	0.302057	0	0.265625	0.299036	0.290837	0.476666	0.464726	0.469485	0.465759	0.474871	0.469263	0.449439	0.430322	0.448185	0.447882	0.431111	0.447993	0.480668	0.479469	0.487132	0.483464	0.4778	0.478811	0.437237	0.436739	0.43682	0.438573	0.437509	0.436711	0.469234	0.474001	0.467119	0.469651	0.467124	0.463304	0.420913	0.414953	0.427191	0.412878	0.428387	0.425919	0.437996	0.425617	0.425006	0.427195	0.434437	0.429749	0.455431	0.452355	0.448979	0.449604	0.449534	0.449971
