	ERR629940	ERR629944	ERR629945	ERR629943	ERR629942	ERR629941	ERR618509	ERR618511	ERR618507	ERR618510	ERR618508	ERR618512	ERR636741	ERR636740	ERR636742	ERR636743	ERR636739	ERR636744	ERR612548	ERR612552	ERR612547	ERR612549	ERR612551	ERR612550	ERR636777	ERR636779	ERR636780	ERR636778	ERR636775	ERR636776	ERR612782	ERR612777	ERR612778	ERR612781	ERR612780	ERR612779	ERR629674	ERR629676	ERR629677	ERR629678	ERR629675	ERR629679	ERR636729	ERR636728	ERR636730	ERR636732	ERR636727	ERR636731	ERR616650	ERR616647	ERR616646	ERR616648	ERR616649	ERR616651	ERR637072	ERR637073	ERR637071	ERR637074	ERR637069	ERR637070	ERR618702	ERR618699	ERR618701	ERR618703	ERR618700	ERR618704	ERR612951	ERR612954	ERR612952	ERR612955	ERR612953	ERR612956	ERR621964	ERR621963	ERR621962	ERR621965	ERR621961	ERR621966	ERR605542	ERR605543	ERR605539	ERR605540	ERR605541	ERR605544	ERR630443	ERR630444	ERR630442	ERR630445	ERR630440	ERR630441	ERR613316	ERR613311	ERR613314	ERR613312	ERR613313	ERR613315
ERR629940	9.78322e+09	8.57159e+09	8.68144e+09	8.70255e+09	9.44384e+09	8.87814e+09	7.02333e+09	7.4496e+09	7.50244e+09	7.28997e+09	6.56645e+09	7.54069e+09	8.13151e+09	8.13624e+09	7.90301e+09	7.93786e+09	7.82898e+09	7.99073e+09	6.69097e+09	7.03068e+09	8.20167e+09	7.84524e+09	7.11818e+09	7.09053e+09	7.47373e+09	7.53706e+09	7.66087e+09	7.69822e+09	7.02501e+09	7.46996e+09	7.29136e+09	8.04908e+09	6.21855e+09	7.35429e+09	7.29202e+09	7.61315e+09	8.37151e+09	7.4072e+09	8.6483e+09	8.60633e+09	7.44095e+09	8.6917e+09	7.67436e+09	7.67476e+09	7.451e+09	7.53645e+09	7.3672e+09	7.47296e+09	7.92731e+09	7.0373e+09	6.91039e+09	6.59074e+09	7.9536e+09	7.94625e+09	7.15046e+09	7.42777e+09	8.43757e+09	7.7499e+09	7.98498e+09	8.42539e+09	6.41834e+09	7.04378e+09	6.80023e+09	6.45344e+09	6.78423e+09	6.3736e+09	8.72914e+09	7.54332e+09	6.73025e+09	7.31106e+09	8.24238e+09	7.41269e+09	7.76069e+09	6.72943e+09	6.80444e+09	7.72138e+09	7.36538e+09	7.89413e+09	7.65454e+09	7.71624e+09	8.0395e+09	7.71744e+09	7.42181e+09	7.6267e+09	7.84906e+09	7.76341e+09	7.82035e+09	7.99142e+09	7.9703e+09	7.43546e+09	5.76366e+09	7.9583e+09	6.90227e+09	7.03066e+09	7.59733e+09	7.04099e+09
ERR629944	8.57159e+09	8.04941e+09	7.92882e+09	7.94503e+09	8.50615e+09	8.0703e+09	6.43062e+09	6.79066e+09	6.84697e+09	6.65014e+09	6.03231e+09	6.86936e+09	7.41728e+09	7.41412e+09	7.22816e+09	7.25547e+09	7.16859e+09	7.29791e+09	6.05278e+09	6.34236e+09	7.34427e+09	7.05434e+09	6.42093e+09	6.39429e+09	6.82336e+09	6.88448e+09	6.99086e+09	7.02492e+09	6.42538e+09	6.80937e+09	6.71101e+09	7.347e+09	5.76931e+09	6.76633e+09	6.71107e+09	6.98925e+09	7.63252e+09	6.80357e+09	7.86843e+09	7.83345e+09	6.83711e+09	7.90567e+09	7.03754e+09	7.03152e+09	6.85027e+09	6.91865e+09	6.78123e+09	6.8674e+09	7.15513e+09	6.38097e+09	6.27185e+09	5.98836e+09	7.17603e+09	7.16928e+09	6.5658e+09	6.80853e+09	7.69262e+09	7.09057e+09	7.29966e+09	7.66687e+09	5.79623e+09	6.33905e+09	6.13228e+09	5.82784e+09	6.12177e+09	5.75367e+09	7.81937e+09	6.80608e+09	6.12395e+09	6.60838e+09	7.41895e+09	6.69255e+09	7.03776e+09	6.14937e+09	6.21644e+09	7.00881e+09	6.69701e+09	7.15553e+09	6.97348e+09	7.02901e+09	7.30568e+09	7.03181e+09	6.77987e+09	6.94907e+09	7.06363e+09	6.9934e+09	7.04493e+09	7.19166e+09	7.17638e+09	6.7293e+09	5.33658e+09	7.2669e+09	6.3311e+09	6.46636e+09	6.9622e+09	6.45382e+09
ERR629945	8.68144e+09	7.92882e+09	8.2325e+09	8.03626e+09	8.61444e+09	8.16564e+09	6.49975e+09	6.86604e+09	6.92267e+09	6.72362e+09	6.09491e+09	6.94628e+09	7.5004e+09	7.49685e+09	7.30608e+09	7.33443e+09	7.24568e+09	7.37765e+09	6.12438e+09	6.41914e+09	7.43914e+09	7.14317e+09	6.49894e+09	6.47211e+09	6.89881e+09	6.95991e+09	7.06844e+09	7.10244e+09	6.49499e+09	6.8844e+09	6.77842e+09	7.42827e+09	5.82218e+09	6.83493e+09	6.7785e+09	7.06255e+09	7.71937e+09	6.87512e+09	7.9603e+09	7.92482e+09	6.90957e+09	7.99859e+09	7.11093e+09	7.1048e+09	6.91959e+09	6.98912e+09	6.84877e+09	6.9368e+09	7.2458e+09	6.45762e+09	6.34658e+09	6.05867e+09	7.2676e+09	7.26062e+09	6.63343e+09	6.88002e+09	7.77954e+09	7.1662e+09	7.37955e+09	7.75442e+09	5.86906e+09	6.42154e+09	6.21134e+09	5.90172e+09	6.20048e+09	5.82653e+09	7.92179e+09	6.88919e+09	6.19348e+09	6.68758e+09	7.51271e+09	6.77371e+09	7.11959e+09	6.2161e+09	6.28381e+09	7.09e+09	6.77272e+09	7.23986e+09	7.05251e+09	7.10888e+09	7.39029e+09	7.11111e+09	6.85497e+09	7.02763e+09	7.15312e+09	7.08223e+09	7.1337e+09	7.28384e+09	7.26754e+09	6.81205e+09	5.38812e+09	7.34811e+09	6.39755e+09	6.53335e+09	7.03769e+09	6.52221e+09
ERR629943	8.70255e+09	7.94503e+09	8.03626e+09	8.26894e+09	8.63496e+09	8.18402e+09	6.51193e+09	6.88048e+09	6.93654e+09	6.73677e+09	6.10607e+09	6.96044e+09	7.51516e+09	7.51164e+09	7.31989e+09	7.34868e+09	7.2589e+09	7.39227e+09	6.13766e+09	6.43338e+09	7.45624e+09	7.15912e+09	6.51308e+09	6.48659e+09	6.91144e+09	6.97303e+09	7.08179e+09	7.1164e+09	6.50695e+09	6.89836e+09	6.79084e+09	7.44281e+09	5.83156e+09	6.84744e+09	6.7906e+09	7.07542e+09	7.73597e+09	6.88884e+09	7.97817e+09	7.94166e+09	6.9233e+09	8.01618e+09	7.12395e+09	7.11795e+09	6.93188e+09	7.0021e+09	6.86038e+09	6.9493e+09	7.26426e+09	6.47338e+09	6.36206e+09	6.07314e+09	7.28541e+09	7.27855e+09	6.64594e+09	6.8936e+09	7.79513e+09	7.18058e+09	7.3928e+09	7.77015e+09	5.88346e+09	6.43844e+09	6.2262e+09	5.9159e+09	6.21589e+09	5.84084e+09	7.94185e+09	6.90649e+09	6.20784e+09	6.70433e+09	7.53142e+09	6.79055e+09	7.13756e+09	6.23036e+09	6.29886e+09	7.10759e+09	6.78978e+09	7.25782e+09	7.06954e+09	7.12599e+09	7.40907e+09	7.12939e+09	6.8717e+09	7.04439e+09	7.17083e+09	7.09957e+09	7.15172e+09	7.30196e+09	7.28541e+09	6.82778e+09	5.39747e+09	7.36444e+09	6.4118e+09	6.54678e+09	7.05222e+09	6.53639e+09
ERR629942	9.44384e+09	8.50615e+09	8.61444e+09	8.63496e+09	9.61262e+09	8.8068e+09	6.97132e+09	7.3925e+09	7.44464e+09	7.23474e+09	6.51875e+09	7.48224e+09	8.06826e+09	8.07372e+09	7.84386e+09	7.87819e+09	7.77074e+09	7.93002e+09	6.63562e+09	6.97116e+09	8.1274e+09	7.77616e+09	7.05797e+09	7.03005e+09	7.4161e+09	7.47923e+09	7.60129e+09	7.63804e+09	6.97223e+09	7.41191e+09	7.24068e+09	7.98828e+09	6.17901e+09	7.30278e+09	7.24108e+09	7.55875e+09	8.30411e+09	7.35261e+09	8.57763e+09	8.53568e+09	7.38545e+09	8.61954e+09	7.61899e+09	7.61927e+09	7.3987e+09	7.48257e+09	7.31606e+09	7.42042e+09	7.858e+09	6.97891e+09	6.85336e+09	6.53737e+09	7.88348e+09	7.87602e+09	7.09836e+09	7.37264e+09	8.37085e+09	7.69188e+09	7.92451e+09	8.35829e+09	6.36213e+09	6.98049e+09	6.73968e+09	6.39726e+09	6.72426e+09	6.31812e+09	8.65038e+09	7.47841e+09	6.67691e+09	7.24966e+09	8.16949e+09	7.3497e+09	7.69638e+09	6.67762e+09	6.75154e+09	7.65795e+09	7.30605e+09	7.8287e+09	7.5932e+09	7.65391e+09	7.97267e+09	7.65488e+09	7.3634e+09	7.56542e+09	7.778e+09	7.69368e+09	7.75044e+09	7.91887e+09	7.89821e+09	7.37093e+09	5.72445e+09	7.89555e+09	6.85173e+09	6.97944e+09	7.53932e+09	6.98862e+09
ERR629941	8.87814e+09	8.0703e+09	8.16564e+09	8.18402e+09	8.8068e+09	8.54946e+09	6.61701e+09	7.00084e+09	7.05423e+09	6.85429e+09	6.19949e+09	7.08327e+09	7.63878e+09	7.64008e+09	7.43839e+09	7.46884e+09	7.37448e+09	7.51435e+09	6.2587e+09	6.56499e+09	7.61852e+09	7.30696e+09	6.64579e+09	6.61896e+09	7.02859e+09	7.08903e+09	7.20092e+09	7.23579e+09	6.6156e+09	7.01947e+09	6.89405e+09	7.56834e+09	5.91046e+09	6.9515e+09	6.89444e+09	7.18535e+09	7.86701e+09	6.99439e+09	8.11515e+09	8.07776e+09	7.02771e+09	8.15349e+09	7.2369e+09	7.23424e+09	7.03827e+09	7.11323e+09	6.96532e+09	7.05813e+09	7.40245e+09	6.59237e+09	6.47749e+09	6.18433e+09	7.42559e+09	7.41807e+09	6.75206e+09	7.00638e+09	7.92822e+09	7.30141e+09	7.5178e+09	7.9096e+09	5.99563e+09	6.56398e+09	6.3455e+09	6.02906e+09	6.33181e+09	5.95348e+09	8.11591e+09	7.05036e+09	6.32328e+09	6.84147e+09	7.68796e+09	6.93131e+09	7.27313e+09	6.33821e+09	6.40796e+09	7.24056e+09	6.91533e+09	7.39531e+09	7.19203e+09	7.24902e+09	7.54049e+09	7.25064e+09	6.98428e+09	7.16656e+09	7.31385e+09	7.23844e+09	7.29157e+09	7.44528e+09	7.42834e+09	6.95275e+09	5.46984e+09	7.48561e+09	6.51561e+09	6.64434e+09	7.16265e+09	6.64286e+09
ERR618509	7.02333e+09	6.43062e+09	6.49975e+09	6.51193e+09	6.97132e+09	6.61701e+09	6.30958e+09	6.44174e+09	6.48649e+09	6.31489e+09	5.73859e+09	6.51421e+09	6.87862e+09	6.87765e+09	6.70156e+09	6.72713e+09	6.6475e+09	6.76791e+09	5.75849e+09	6.02545e+09	6.93694e+09	6.67104e+09	6.0963e+09	6.07275e+09	6.37256e+09	6.42661e+09	6.51803e+09	6.54994e+09	6.02172e+09	6.36416e+09	6.24271e+09	6.81928e+09	5.39009e+09	6.29044e+09	6.24142e+09	6.49113e+09	6.47102e+09	5.793e+09	6.6652e+09	6.63622e+09	5.82163e+09	6.69424e+09	6.53798e+09	6.53359e+09	6.36072e+09	6.42674e+09	6.29673e+09	6.37767e+09	5.9858e+09	5.35033e+09	5.25907e+09	5.02531e+09	6.00213e+09	5.99664e+09	5.79101e+09	5.99903e+09	6.73853e+09	6.23666e+09	6.41284e+09	6.72249e+09	4.84152e+09	5.29469e+09	5.12138e+09	4.86837e+09	5.11261e+09	4.80743e+09	6.54241e+09	5.7127e+09	5.15355e+09	5.54863e+09	6.21379e+09	5.6177e+09	6.00487e+09	5.26614e+09	5.31923e+09	5.97969e+09	5.71832e+09	6.10176e+09	5.81715e+09	5.85983e+09	6.08893e+09	5.8625e+09	5.65771e+09	5.7975e+09	6.04091e+09	5.98307e+09	6.02141e+09	6.14655e+09	6.12924e+09	5.75715e+09	4.50415e+09	6.07862e+09	5.31548e+09	5.425e+09	5.82919e+09	5.41268e+09
ERR618511	7.4496e+09	6.79066e+09	6.86604e+09	6.88048e+09	7.3925e+09	7.00084e+09	6.44174e+09	7.02672e+09	6.85134e+09	6.6753e+09	6.03728e+09	6.89096e+09	7.27349e+09	7.27768e+09	7.0815e+09	7.11069e+09	7.02198e+09	7.15604e+09	6.09125e+09	6.38334e+09	7.37443e+09	7.07943e+09	6.45968e+09	6.43505e+09	6.73203e+09	6.78848e+09	6.88824e+09	6.92191e+09	6.35347e+09	6.72709e+09	6.58379e+09	7.21314e+09	5.66318e+09	6.63511e+09	6.58319e+09	6.85145e+09	6.8398e+09	6.10338e+09	7.04967e+09	7.01832e+09	6.13292e+09	7.07979e+09	6.90442e+09	6.90353e+09	6.71235e+09	6.78579e+09	6.64232e+09	6.7312e+09	6.32837e+09	5.64585e+09	5.547e+09	5.2984e+09	6.34617e+09	6.34077e+09	6.10277e+09	6.32808e+09	7.12614e+09	6.58508e+09	6.77448e+09	7.11471e+09	5.10843e+09	5.59111e+09	5.40502e+09	5.13676e+09	5.39359e+09	5.07303e+09	6.94717e+09	6.05071e+09	5.4388e+09	5.87198e+09	6.58627e+09	5.94872e+09	6.35234e+09	5.55342e+09	5.61088e+09	6.3243e+09	6.04308e+09	6.45684e+09	6.13999e+09	6.18508e+09	6.43189e+09	6.18637e+09	5.96427e+09	6.11808e+09	6.39408e+09	6.33009e+09	6.36946e+09	6.50546e+09	6.48474e+09	6.07863e+09	4.7217e+09	6.41505e+09	5.59922e+09	5.70837e+09	6.14315e+09	5.7029e+09
ERR618507	7.50244e+09	6.84697e+09	6.92267e+09	6.93654e+09	7.44464e+09	7.05423e+09	6.48649e+09	6.85134e+09	7.12037e+09	6.71257e+09	6.08165e+09	6.93071e+09	7.333e+09	7.3329e+09	7.13944e+09	7.16748e+09	7.07841e+09	7.21234e+09	6.11761e+09	6.4093e+09	7.40817e+09	7.11513e+09	6.48726e+09	6.46169e+09	6.77796e+09	6.83599e+09	6.93687e+09	6.97167e+09	6.39397e+09	6.77045e+09	6.6329e+09	7.26619e+09	5.70417e+09	6.68466e+09	6.63194e+09	6.90416e+09	6.89389e+09	6.15067e+09	7.10558e+09	7.07438e+09	6.18019e+09	7.13737e+09	6.95963e+09	6.9558e+09	6.76622e+09	6.83885e+09	6.6951e+09	6.78474e+09	6.3659e+09	5.67521e+09	5.5763e+09	5.32381e+09	6.38399e+09	6.3784e+09	6.14764e+09	6.37415e+09	7.18203e+09	6.63379e+09	6.82464e+09	7.16685e+09	5.13087e+09	5.62036e+09	5.43251e+09	5.15949e+09	5.42249e+09	5.09394e+09	6.97849e+09	6.07202e+09	5.4627e+09	5.89332e+09	6.61612e+09	5.96905e+09	6.38779e+09	5.58329e+09	5.64254e+09	6.36106e+09	6.07765e+09	6.49417e+09	6.18096e+09	6.22783e+09	6.47801e+09	6.23132e+09	6.0068e+09	6.15944e+09	6.428e+09	6.36425e+09	6.40759e+09	6.54241e+09	6.52427e+09	6.1158e+09	4.7542e+09	6.46292e+09	5.63437e+09	5.75137e+09	6.19054e+09	5.73898e+09
ERR618510	7.28997e+09	6.65014e+09	6.72362e+09	6.73677e+09	7.23474e+09	6.85429e+09	6.31489e+09	6.6753e+09	6.71257e+09	6.7502e+09	5.92126e+09	6.7513e+09	7.12059e+09	7.12492e+09	6.93535e+09	6.96338e+09	6.87717e+09	7.00729e+09	5.97182e+09	6.25539e+09	7.2174e+09	6.93121e+09	6.33025e+09	6.30558e+09	6.59602e+09	6.65048e+09	6.74748e+09	6.7805e+09	6.22888e+09	6.5917e+09	6.45206e+09	7.06337e+09	5.55617e+09	6.50172e+09	6.4518e+09	6.71217e+09	6.69805e+09	5.98231e+09	6.90113e+09	6.87074e+09	6.01026e+09	6.93069e+09	6.76297e+09	6.76285e+09	6.57701e+09	6.64834e+09	6.50942e+09	6.5956e+09	6.20041e+09	5.5365e+09	5.44003e+09	5.19781e+09	6.21774e+09	6.21184e+09	5.98386e+09	6.20237e+09	6.97703e+09	6.45294e+09	6.63666e+09	6.96627e+09	5.01145e+09	5.48179e+09	5.3003e+09	5.039e+09	5.28926e+09	4.97749e+09	6.8018e+09	5.93092e+09	5.33609e+09	5.75769e+09	6.45093e+09	5.83151e+09	6.22494e+09	5.44759e+09	5.50366e+09	6.19794e+09	5.92436e+09	6.32591e+09	6.01761e+09	6.06134e+09	6.30087e+09	6.06227e+09	5.84682e+09	5.9966e+09	6.26472e+09	6.20299e+09	6.24099e+09	6.37345e+09	6.35301e+09	5.95803e+09	4.63576e+09	6.28488e+09	5.4913e+09	5.59714e+09	6.02009e+09	5.59274e+09
ERR618508	6.56645e+09	6.03231e+09	6.09491e+09	6.10607e+09	6.51875e+09	6.19949e+09	5.73859e+09	6.03728e+09	6.08165e+09	5.92126e+09	5.5832e+09	6.10294e+09	6.4402e+09	6.43752e+09	6.27939e+09	6.30176e+09	6.22999e+09	6.33894e+09	5.4022e+09	5.64516e+09	6.47755e+09	6.238e+09	5.71162e+09	5.68888e+09	5.97559e+09	6.02509e+09	6.10803e+09	6.13735e+09	5.65382e+09	5.9654e+09	5.86124e+09	6.38411e+09	5.08112e+09	5.90505e+09	5.86057e+09	6.08875e+09	6.06861e+09	5.44751e+09	6.24548e+09	6.21956e+09	5.47478e+09	6.27206e+09	6.13008e+09	6.12457e+09	5.96836e+09	6.02821e+09	5.90993e+09	5.9834e+09	5.61411e+09	5.02842e+09	4.94514e+09	4.72893e+09	5.62895e+09	5.62365e+09	5.44512e+09	5.63525e+09	6.31105e+09	5.85183e+09	6.01262e+09	6.2942e+09	4.55283e+09	4.97369e+09	4.8127e+09	4.57848e+09	4.80659e+09	4.52051e+09	6.11866e+09	5.35812e+09	4.84753e+09	5.20713e+09	5.81913e+09	5.27082e+09	5.6333e+09	4.95689e+09	5.00676e+09	5.61153e+09	5.37163e+09	5.7226e+09	5.46655e+09	5.50564e+09	5.71593e+09	5.50953e+09	5.32231e+09	5.44822e+09	5.66094e+09	5.60797e+09	5.64536e+09	5.75955e+09	5.74435e+09	5.4053e+09	4.25787e+09	5.70739e+09	5.00511e+09	5.11e+09	5.48035e+09	5.09401e+09
ERR618512	7.54069e+09	6.86936e+09	6.94628e+09	6.96044e+09	7.48224e+09	7.08327e+09	6.51421e+09	6.89096e+09	6.93071e+09	6.7513e+09	6.10294e+09	7.19109e+09	7.36124e+09	7.36512e+09	7.16579e+09	7.19494e+09	7.10472e+09	7.24136e+09	6.1597e+09	6.45643e+09	7.46517e+09	7.16472e+09	6.53411e+09	6.50898e+09	6.81039e+09	6.86761e+09	6.96948e+09	7.00411e+09	6.42475e+09	6.8054e+09	6.65716e+09	7.29835e+09	5.72131e+09	6.70942e+09	6.6567e+09	6.9297e+09	6.9202e+09	6.17116e+09	7.13321e+09	7.10118e+09	6.20068e+09	7.16428e+09	6.98428e+09	6.98365e+09	6.78811e+09	6.86339e+09	6.71754e+09	6.80799e+09	6.40296e+09	5.7086e+09	5.60925e+09	5.35621e+09	6.42125e+09	6.41506e+09	6.17092e+09	6.3994e+09	7.21149e+09	6.66037e+09	6.8534e+09	7.1993e+09	5.16648e+09	5.65587e+09	5.46711e+09	5.19502e+09	5.45562e+09	5.13042e+09	7.02864e+09	6.11728e+09	5.49677e+09	5.93667e+09	6.66125e+09	6.01361e+09	6.42373e+09	5.61205e+09	5.67062e+09	6.3954e+09	6.10977e+09	6.52987e+09	6.20835e+09	6.25433e+09	6.50506e+09	6.2557e+09	6.03012e+09	6.18652e+09	6.47038e+09	6.40508e+09	6.44465e+09	6.58373e+09	6.56205e+09	6.14924e+09	4.76944e+09	6.48738e+09	5.6585e+09	5.76918e+09	6.21089e+09	5.76401e+09
ERR636741	8.13151e+09	7.41728e+09	7.5004e+09	7.51516e+09	8.06826e+09	7.63878e+09	6.87862e+09	7.27349e+09	7.333e+09	7.12059e+09	6.4402e+09	7.36124e+09	8.35236e+09	8.113e+09	7.89565e+09	7.92459e+09	7.82892e+09	7.97602e+09	6.60446e+09	6.92481e+09	8.04789e+09	7.72125e+09	7.0139e+09	6.98282e+09	7.38054e+09	7.44992e+09	7.56534e+09	7.60481e+09	6.94295e+09	7.3654e+09	7.13971e+09	7.84627e+09	6.11283e+09	7.1995e+09	7.13704e+09	7.44714e+09	7.46556e+09	6.63062e+09	7.70859e+09	7.67246e+09	6.66478e+09	7.74593e+09	7.64557e+09	7.63539e+09	7.42457e+09	7.50463e+09	7.34364e+09	7.44364e+09	6.81566e+09	6.05547e+09	5.94509e+09	5.66656e+09	6.83507e+09	6.82987e+09	6.629e+09	6.88126e+09	7.80294e+09	7.17195e+09	7.39313e+09	7.77886e+09	5.46297e+09	5.99554e+09	5.79338e+09	5.49253e+09	5.78223e+09	5.42125e+09	7.49487e+09	6.48164e+09	5.81925e+09	6.28601e+09	7.09299e+09	6.36797e+09	6.85829e+09	5.97064e+09	6.03536e+09	6.82988e+09	6.51229e+09	6.97634e+09	6.6348e+09	6.68848e+09	6.96189e+09	6.68969e+09	6.44419e+09	6.61056e+09	6.91174e+09	6.84057e+09	6.88702e+09	7.03942e+09	7.01875e+09	6.57013e+09	5.07421e+09	6.95237e+09	6.02505e+09	6.16647e+09	6.65093e+09	6.14158e+09
ERR636740	8.13624e+09	7.41412e+09	7.49685e+09	7.51164e+09	8.07372e+09	7.64008e+09	6.87765e+09	7.27768e+09	7.3329e+09	7.12492e+09	6.43752e+09	7.36512e+09	8.113e+09	8.34531e+09	7.89283e+09	7.9228e+09	7.82606e+09	7.97424e+09	6.61168e+09	6.93384e+09	8.05949e+09	7.72747e+09	7.0225e+09	6.99177e+09	7.37836e+09	7.44666e+09	7.56246e+09	7.60212e+09	6.94265e+09	7.36786e+09	7.14023e+09	7.84881e+09	6.11219e+09	7.19974e+09	7.13774e+09	7.44542e+09	7.46276e+09	6.62689e+09	7.70434e+09	7.66772e+09	6.65906e+09	7.74116e+09	7.64505e+09	7.63986e+09	7.4266e+09	7.50706e+09	7.34522e+09	7.44547e+09	6.81186e+09	6.05574e+09	5.94512e+09	5.66861e+09	6.83239e+09	6.82687e+09	6.6282e+09	6.88071e+09	7.79942e+09	7.17178e+09	7.39241e+09	7.78125e+09	5.46095e+09	5.99147e+09	5.78934e+09	5.49062e+09	5.7769e+09	5.42054e+09	7.5063e+09	6.49294e+09	5.82604e+09	6.2962e+09	7.10054e+09	6.37849e+09	6.86496e+09	5.97498e+09	6.0396e+09	6.83542e+09	6.51803e+09	6.98211e+09	6.63315e+09	6.68574e+09	6.95937e+09	6.68609e+09	6.44091e+09	6.60907e+09	6.90959e+09	6.83809e+09	6.88418e+09	7.03511e+09	7.01462e+09	6.56292e+09	5.06902e+09	6.94984e+09	6.0251e+09	6.16164e+09	6.6458e+09	6.14161e+09
ERR636742	7.90301e+09	7.22816e+09	7.30608e+09	7.31989e+09	7.84386e+09	7.43839e+09	6.70156e+09	7.0815e+09	7.13944e+09	6.93535e+09	6.27939e+09	7.16579e+09	7.89565e+09	7.89283e+09	7.90821e+09	7.72137e+09	7.62642e+09	7.76941e+09	6.42178e+09	6.72885e+09	7.8022e+09	7.48991e+09	6.81401e+09	6.78405e+09	7.18233e+09	7.24995e+09	7.36046e+09	7.39836e+09	6.76304e+09	7.16852e+09	6.96868e+09	7.64032e+09	5.97907e+09	7.02615e+09	6.96604e+09	7.26117e+09	7.2671e+09	6.46402e+09	7.49883e+09	7.46408e+09	6.49557e+09	7.53438e+09	7.45521e+09	7.44774e+09	7.24956e+09	7.32537e+09	7.17127e+09	7.26726e+09	6.61207e+09	5.8808e+09	5.77439e+09	5.5072e+09	6.63096e+09	6.6259e+09	6.46487e+09	6.70859e+09	7.59231e+09	6.98922e+09	7.20058e+09	7.57002e+09	5.29399e+09	5.80567e+09	5.61131e+09	5.32284e+09	5.60041e+09	5.25382e+09	7.27444e+09	6.30232e+09	5.66504e+09	6.11371e+09	6.88906e+09	6.19198e+09	6.67326e+09	5.81761e+09	5.88026e+09	6.64566e+09	6.34059e+09	6.78627e+09	6.45488e+09	6.50625e+09	6.7707e+09	6.50847e+09	6.2714e+09	6.43129e+09	6.69981e+09	6.63138e+09	6.67727e+09	6.82155e+09	6.80299e+09	6.37095e+09	4.95058e+09	6.76667e+09	5.87125e+09	6.00905e+09	6.47564e+09	5.98392e+09
ERR636743	7.93786e+09	7.25547e+09	7.33443e+09	7.34868e+09	7.87819e+09	7.46884e+09	6.72713e+09	7.11069e+09	7.16748e+09	6.96338e+09	6.30176e+09	7.19494e+09	7.92459e+09	7.9228e+09	7.72137e+09	7.96528e+09	7.65328e+09	7.79798e+09	6.44922e+09	6.7596e+09	7.84008e+09	7.52476e+09	6.84531e+09	6.81524e+09	7.21001e+09	7.27776e+09	7.38958e+09	7.42723e+09	6.78856e+09	7.19728e+09	6.99336e+09	7.66993e+09	5.9975e+09	7.05078e+09	6.99056e+09	7.28718e+09	7.29578e+09	6.48823e+09	7.52928e+09	7.49401e+09	6.5195e+09	7.56452e+09	7.48168e+09	7.47513e+09	7.2746e+09	7.35154e+09	7.19575e+09	7.29283e+09	6.64194e+09	5.907e+09	5.8002e+09	5.53138e+09	6.66088e+09	6.65574e+09	6.48849e+09	6.73405e+09	7.6212e+09	7.01589e+09	7.22797e+09	7.59985e+09	5.31908e+09	5.83368e+09	5.63756e+09	5.34796e+09	5.62633e+09	5.27908e+09	7.30983e+09	6.33278e+09	5.68996e+09	6.1428e+09	6.92122e+09	6.22161e+09	6.70283e+09	5.84228e+09	5.90518e+09	6.67525e+09	6.36814e+09	6.81633e+09	6.48204e+09	6.53359e+09	6.79936e+09	6.53569e+09	6.29704e+09	6.45824e+09	6.73155e+09	6.66261e+09	6.70804e+09	6.85387e+09	6.83432e+09	6.39954e+09	4.96801e+09	6.79333e+09	5.89476e+09	6.03136e+09	6.50074e+09	6.0083e+09
ERR636739	7.82898e+09	7.16859e+09	7.24568e+09	7.2589e+09	7.77074e+09	7.37448e+09	6.6475e+09	7.02198e+09	7.07841e+09	6.87717e+09	6.22999e+09	7.10472e+09	7.82892e+09	7.82606e+09	7.62642e+09	7.65328e+09	7.77746e+09	7.69988e+09	6.36138e+09	6.66428e+09	7.7221e+09	7.41559e+09	6.74866e+09	6.71889e+09	7.12093e+09	7.18841e+09	7.29698e+09	7.33462e+09	6.70733e+09	7.10655e+09	6.91559e+09	7.57619e+09	5.93821e+09	6.97192e+09	6.91257e+09	7.20402e+09	7.20316e+09	6.40955e+09	7.43118e+09	7.39744e+09	6.44142e+09	7.46609e+09	7.39693e+09	7.38949e+09	7.19323e+09	7.26725e+09	7.1185e+09	7.2104e+09	6.54783e+09	5.82622e+09	5.72121e+09	5.45626e+09	6.56611e+09	6.56132e+09	6.40995e+09	6.65081e+09	7.52533e+09	6.92786e+09	7.13974e+09	7.50275e+09	5.24036e+09	5.74603e+09	5.55464e+09	5.26901e+09	5.54375e+09	5.20134e+09	7.20012e+09	6.23962e+09	5.61223e+09	6.05401e+09	6.82062e+09	6.1309e+09	6.60896e+09	5.76521e+09	5.82634e+09	6.58195e+09	6.27946e+09	6.72089e+09	6.39684e+09	6.44792e+09	6.70785e+09	6.44894e+09	6.2163e+09	6.3738e+09	6.63061e+09	6.56322e+09	6.60828e+09	6.75154e+09	6.73306e+09	6.30876e+09	4.91225e+09	6.7083e+09	5.82173e+09	5.95924e+09	6.42119e+09	5.93306e+09
ERR636744	7.99073e+09	7.29791e+09	7.37765e+09	7.39227e+09	7.93002e+09	7.51435e+09	6.76791e+09	7.15604e+09	7.21234e+09	7.00729e+09	6.33894e+09	7.24136e+09	7.97602e+09	7.97424e+09	7.76941e+09	7.79798e+09	7.69988e+09	8.06686e+09	6.49427e+09	6.80747e+09	7.89968e+09	7.58003e+09	6.89386e+09	6.86359e+09	7.25618e+09	7.32397e+09	7.43668e+09	7.47487e+09	6.83039e+09	7.24363e+09	7.03338e+09	7.71818e+09	6.02878e+09	7.09122e+09	7.03062e+09	7.33025e+09	7.34089e+09	6.52543e+09	7.57609e+09	7.5408e+09	6.55708e+09	7.61202e+09	7.52603e+09	7.51935e+09	7.31609e+09	7.39416e+09	7.23611e+09	7.33474e+09	6.68688e+09	5.9457e+09	5.83821e+09	5.56766e+09	6.70659e+09	6.70151e+09	6.52652e+09	6.77405e+09	7.66996e+09	7.0584e+09	7.27216e+09	7.64889e+09	5.35638e+09	5.87527e+09	5.67749e+09	5.38526e+09	5.66563e+09	5.31631e+09	7.36204e+09	6.37568e+09	5.72602e+09	6.18411e+09	6.96944e+09	6.26385e+09	6.74671e+09	5.87817e+09	5.94164e+09	6.71851e+09	6.40889e+09	6.86174e+09	6.52188e+09	6.57398e+09	6.84186e+09	6.57564e+09	6.33488e+09	6.49793e+09	6.77911e+09	6.70953e+09	6.7555e+09	6.90278e+09	6.88289e+09	6.44304e+09	4.9946e+09	6.83455e+09	5.92918e+09	6.06552e+09	6.53883e+09	6.04315e+09
ERR612548	6.69097e+09	6.05278e+09	6.12438e+09	6.13766e+09	6.63562e+09	6.2587e+09	5.75849e+09	6.09125e+09	6.11761e+09	5.97182e+09	5.4022e+09	6.1597e+09	6.60446e+09	6.61168e+09	6.42178e+09	6.44922e+09	6.36138e+09	6.49427e+09	6.16448e+09	6.23363e+09	7.15961e+09	6.87531e+09	6.30402e+09	6.28332e+09	6.14161e+09	6.18466e+09	6.27661e+09	6.3049e+09	5.80779e+09	6.14655e+09	5.96546e+09	6.53702e+09	5.14918e+09	6.00868e+09	5.96598e+09	6.20067e+09	6.11488e+09	5.46439e+09	6.30456e+09	6.2749e+09	5.48667e+09	6.33118e+09	6.27381e+09	6.27681e+09	6.09304e+09	6.16397e+09	6.02457e+09	6.1115e+09	5.75021e+09	5.15083e+09	5.06054e+09	4.84285e+09	5.76626e+09	5.76238e+09	5.49337e+09	5.6921e+09	6.38963e+09	5.9192e+09	6.0782e+09	6.38809e+09	4.68788e+09	5.12045e+09	4.95129e+09	4.71181e+09	4.93917e+09	4.65583e+09	6.50893e+09	5.69983e+09	5.12434e+09	5.53567e+09	6.17606e+09	5.60778e+09	5.9457e+09	5.2141e+09	5.26564e+09	5.91912e+09	5.66521e+09	6.03749e+09	5.62819e+09	5.66852e+09	5.88724e+09	5.6652e+09	5.46501e+09	5.61181e+09	5.82791e+09	5.76788e+09	5.80149e+09	5.92434e+09	5.90311e+09	5.53294e+09	4.33866e+09	5.85013e+09	5.14042e+09	5.21832e+09	5.60552e+09	5.23076e+09
ERR612552	7.03068e+09	6.34236e+09	6.41914e+09	6.43338e+09	6.97116e+09	6.56499e+09	6.02545e+09	6.38334e+09	6.4093e+09	6.25539e+09	5.64516e+09	6.45643e+09	6.92481e+09	6.93384e+09	6.72885e+09	6.7596e+09	6.66428e+09	6.80747e+09	6.23363e+09	6.7689e+09	7.53665e+09	7.22665e+09	6.61629e+09	6.59438e+09	6.43377e+09	6.47897e+09	6.57759e+09	6.60817e+09	6.07717e+09	6.43979e+09	6.24177e+09	6.85416e+09	5.3702e+09	6.28727e+09	6.24262e+09	6.49208e+09	6.40861e+09	5.71396e+09	6.61067e+09	6.57951e+09	5.73801e+09	6.6397e+09	6.57075e+09	6.5744e+09	6.37762e+09	6.45436e+09	6.30448e+09	6.39827e+09	6.02829e+09	5.38922e+09	5.29319e+09	5.06305e+09	6.04587e+09	6.04196e+09	5.74572e+09	5.95732e+09	6.70114e+09	6.19961e+09	6.3687e+09	6.70062e+09	4.90165e+09	5.3594e+09	5.17927e+09	4.92689e+09	5.16685e+09	4.86779e+09	6.84216e+09	5.97595e+09	5.35668e+09	5.79945e+09	6.48291e+09	5.87698e+09	6.23267e+09	5.44968e+09	5.50445e+09	6.20366e+09	5.93206e+09	6.33083e+09	5.89148e+09	5.9345e+09	6.16758e+09	5.93023e+09	5.71587e+09	5.8737e+09	6.11231e+09	6.04765e+09	6.08153e+09	6.2135e+09	6.18974e+09	5.79377e+09	4.5191e+09	6.12503e+09	5.37076e+09	5.45054e+09	5.86376e+09	5.46706e+09
ERR612547	8.20167e+09	7.34427e+09	7.43914e+09	7.45624e+09	8.1274e+09	7.61852e+09	6.93694e+09	7.37443e+09	7.40817e+09	7.2174e+09	6.47755e+09	7.46517e+09	8.04789e+09	8.05949e+09	7.8022e+09	7.84008e+09	7.7221e+09	7.89968e+09	7.15961e+09	7.53665e+09	9.09382e+09	8.40843e+09	7.63044e+09	7.60249e+09	7.43371e+09	7.49128e+09	7.61237e+09	7.65027e+09	6.99601e+09	7.44201e+09	7.19002e+09	7.95249e+09	6.1301e+09	7.2474e+09	7.19085e+09	7.50114e+09	7.4238e+09	6.57199e+09	7.67396e+09	7.63591e+09	6.60116e+09	7.71006e+09	7.60402e+09	7.60803e+09	7.36429e+09	7.45987e+09	7.27453e+09	7.38995e+09	6.9674e+09	6.18946e+09	6.0738e+09	5.79499e+09	6.98962e+09	6.98372e+09	6.59885e+09	6.85592e+09	7.77237e+09	7.15209e+09	7.36099e+09	7.77307e+09	5.61531e+09	6.16417e+09	5.94823e+09	5.64418e+09	5.93219e+09	5.5754e+09	7.94836e+09	6.86653e+09	6.11194e+09	6.64964e+09	7.49502e+09	6.74568e+09	7.17936e+09	6.2203e+09	6.2869e+09	7.14331e+09	6.8084e+09	7.30106e+09	6.77582e+09	6.82896e+09	7.11604e+09	6.82535e+09	6.56405e+09	6.75438e+09	7.07033e+09	6.99071e+09	7.03455e+09	7.195e+09	7.16571e+09	6.68098e+09	5.12528e+09	7.06388e+09	6.13995e+09	6.2393e+09	6.74211e+09	6.25654e+09
ERR612549	7.84524e+09	7.05434e+09	7.14317e+09	7.15912e+09	7.77616e+09	7.30696e+09	6.67104e+09	7.07943e+09	7.11513e+09	6.93121e+09	6.238e+09	7.16472e+09	7.72125e+09	7.72747e+09	7.48991e+09	7.52476e+09	7.41559e+09	7.58003e+09	6.87531e+09	7.22665e+09	8.40843e+09	8.31259e+09	7.31623e+09	7.28998e+09	7.14101e+09	7.19554e+09	7.30938e+09	7.34557e+09	6.7267e+09	7.14438e+09	6.91701e+09	7.62929e+09	5.9162e+09	6.97156e+09	6.91871e+09	7.21139e+09	7.12729e+09	6.32402e+09	7.3627e+09	7.3271e+09	6.35415e+09	7.39706e+09	7.3046e+09	7.30409e+09	7.07854e+09	7.16656e+09	6.99437e+09	7.10193e+09	6.68343e+09	5.94411e+09	5.83487e+09	5.56928e+09	6.7042e+09	6.69844e+09	6.35016e+09	6.59359e+09	7.45938e+09	6.87242e+09	7.07073e+09	7.45403e+09	5.3946e+09	5.91727e+09	5.71282e+09	5.42261e+09	5.69923e+09	5.35585e+09	7.59871e+09	6.58482e+09	5.87862e+09	6.3817e+09	7.18098e+09	6.47087e+09	6.8916e+09	5.98901e+09	6.0527e+09	6.85932e+09	6.54289e+09	7.00766e+09	6.51543e+09	6.56639e+09	6.83745e+09	6.56354e+09	6.31707e+09	6.49544e+09	6.77627e+09	6.70271e+09	6.74408e+09	6.89609e+09	6.86947e+09	6.41583e+09	4.95468e+09	6.79144e+09	5.91439e+09	6.01426e+09	6.49198e+09	6.02519e+09
ERR612551	7.11818e+09	6.42093e+09	6.49894e+09	6.51308e+09	7.05797e+09	6.64579e+09	6.0963e+09	6.45968e+09	6.48726e+09	6.33025e+09	5.71162e+09	6.53411e+09	7.0139e+09	7.0225e+09	6.81401e+09	6.84531e+09	6.74866e+09	6.89386e+09	6.30402e+09	6.61629e+09	7.63044e+09	7.31623e+09	6.923e+09	6.67078e+09	6.51251e+09	6.55882e+09	6.6596e+09	6.69043e+09	6.14976e+09	6.51764e+09	6.31746e+09	6.93981e+09	5.43274e+09	6.36447e+09	6.31868e+09	6.57265e+09	6.48583e+09	5.78042e+09	6.69238e+09	6.66023e+09	5.80532e+09	6.72161e+09	6.65357e+09	6.65645e+09	6.45674e+09	6.53471e+09	6.38211e+09	6.47768e+09	6.09798e+09	5.44783e+09	5.35082e+09	5.11591e+09	6.11611e+09	6.11136e+09	5.81146e+09	6.02656e+09	6.78353e+09	6.27366e+09	6.44531e+09	6.78229e+09	4.95235e+09	5.41751e+09	5.23495e+09	4.97781e+09	5.22226e+09	4.91848e+09	6.92239e+09	6.04052e+09	5.41258e+09	5.86179e+09	6.55784e+09	5.94036e+09	6.30376e+09	5.5084e+09	5.5643e+09	6.27456e+09	5.9977e+09	6.40389e+09	5.95909e+09	6.00322e+09	6.23999e+09	5.99908e+09	5.78243e+09	5.94137e+09	6.18148e+09	6.11599e+09	6.15083e+09	6.28475e+09	6.26131e+09	5.85945e+09	4.56733e+09	6.19855e+09	5.43023e+09	5.51307e+09	5.93368e+09	5.52819e+09
ERR612550	7.09053e+09	6.39429e+09	6.47211e+09	6.48659e+09	7.03005e+09	6.61896e+09	6.07275e+09	6.43505e+09	6.46169e+09	6.30558e+09	5.68888e+09	6.50898e+09	6.98282e+09	6.99177e+09	6.78405e+09	6.81524e+09	6.71889e+09	6.86359e+09	6.28332e+09	6.59438e+09	7.60249e+09	7.28998e+09	6.67078e+09	6.87986e+09	6.48609e+09	6.53211e+09	6.63223e+09	6.66305e+09	6.12634e+09	6.49223e+09	6.29094e+09	6.91042e+09	5.41013e+09	6.33698e+09	6.29219e+09	6.54416e+09	6.46082e+09	5.75904e+09	6.66539e+09	6.63387e+09	5.78312e+09	6.69463e+09	6.62435e+09	6.62816e+09	6.42896e+09	6.50656e+09	6.35474e+09	6.44995e+09	6.07692e+09	5.43038e+09	5.33342e+09	5.10054e+09	6.09521e+09	6.09035e+09	5.78928e+09	6.0034e+09	6.75549e+09	6.24875e+09	6.41962e+09	6.75455e+09	4.93798e+09	5.40088e+09	5.21868e+09	4.96332e+09	5.2059e+09	4.90412e+09	6.90015e+09	6.02192e+09	5.39611e+09	5.84414e+09	6.53651e+09	5.92295e+09	6.2822e+09	5.49033e+09	5.54581e+09	6.25302e+09	5.97784e+09	6.38178e+09	5.93753e+09	5.98072e+09	6.21667e+09	5.97716e+09	5.76033e+09	5.91992e+09	6.16091e+09	6.09565e+09	6.13011e+09	6.2638e+09	6.23997e+09	5.83935e+09	4.55057e+09	6.17382e+09	5.41112e+09	5.49156e+09	5.90968e+09	5.50851e+09
ERR636777	7.47373e+09	6.82336e+09	6.89881e+09	6.91144e+09	7.4161e+09	7.02859e+09	6.37256e+09	6.73203e+09	6.77796e+09	6.59602e+09	5.97559e+09	6.81039e+09	7.38054e+09	7.37836e+09	7.18233e+09	7.21001e+09	7.12093e+09	7.25618e+09	6.14161e+09	6.43377e+09	7.43371e+09	7.14101e+09	6.51251e+09	6.48609e+09	7.06474e+09	6.90895e+09	7.01162e+09	7.04607e+09	6.46393e+09	6.84379e+09	6.57948e+09	7.20635e+09	5.66089e+09	6.63194e+09	6.57934e+09	6.8489e+09	6.89049e+09	6.15044e+09	7.10046e+09	7.06917e+09	6.18163e+09	7.13216e+09	6.98771e+09	6.98175e+09	6.79093e+09	6.86395e+09	6.71822e+09	6.8095e+09	6.35301e+09	5.66931e+09	5.5692e+09	5.31891e+09	6.37134e+09	6.36613e+09	6.15167e+09	6.37846e+09	7.18259e+09	6.63654e+09	6.828e+09	7.16725e+09	5.14117e+09	5.62699e+09	5.44057e+09	5.16943e+09	5.43071e+09	5.10357e+09	6.96014e+09	6.06179e+09	5.45539e+09	5.88489e+09	6.60229e+09	5.96001e+09	6.37873e+09	5.5796e+09	5.6378e+09	6.35158e+09	6.07026e+09	6.48416e+09	6.17076e+09	6.21738e+09	6.46423e+09	6.21861e+09	5.99583e+09	6.14877e+09	6.43667e+09	6.37207e+09	6.41395e+09	6.55014e+09	6.53086e+09	6.12405e+09	4.75099e+09	6.44694e+09	5.62489e+09	5.74123e+09	6.17699e+09	5.72969e+09
ERR636779	7.53706e+09	6.88448e+09	6.95991e+09	6.97303e+09	7.47923e+09	7.08903e+09	6.42661e+09	6.78848e+09	6.83599e+09	6.65048e+09	6.02509e+09	6.86761e+09	7.44992e+09	7.44666e+09	7.24995e+09	7.27776e+09	7.18841e+09	7.32397e+09	6.18466e+09	6.47897e+09	7.49128e+09	7.19554e+09	6.55882e+09	6.53211e+09	6.90895e+09	7.18254e+09	7.07355e+09	7.10827e+09	6.51391e+09	6.89737e+09	6.63929e+09	7.27246e+09	5.70986e+09	6.69253e+09	6.63811e+09	6.91226e+09	6.94911e+09	6.19993e+09	7.16235e+09	7.13036e+09	6.23203e+09	7.19438e+09	7.05401e+09	7.04698e+09	6.85553e+09	6.9289e+09	6.78285e+09	6.87371e+09	6.39688e+09	5.70518e+09	5.60461e+09	5.3508e+09	6.41556e+09	6.40987e+09	6.19967e+09	6.42855e+09	7.24513e+09	6.69025e+09	6.88485e+09	7.22857e+09	5.16998e+09	5.66001e+09	5.47344e+09	5.19855e+09	5.46328e+09	5.13179e+09	7.00984e+09	6.09849e+09	5.48801e+09	5.91971e+09	6.64697e+09	5.99512e+09	6.42234e+09	5.61503e+09	5.67331e+09	6.395e+09	6.10932e+09	6.52965e+09	6.21557e+09	6.26352e+09	6.51226e+09	6.2646e+09	6.04016e+09	6.19389e+09	6.48142e+09	6.41614e+09	6.45774e+09	6.59642e+09	6.57689e+09	6.16678e+09	4.78441e+09	6.4983e+09	5.66346e+09	5.78411e+09	6.22509e+09	5.76966e+09
ERR636780	7.66087e+09	6.99086e+09	7.06844e+09	7.08179e+09	7.60129e+09	7.20092e+09	6.51803e+09	6.88824e+09	6.93687e+09	6.74748e+09	6.10803e+09	6.96948e+09	7.56534e+09	7.56246e+09	7.36046e+09	7.38958e+09	7.29698e+09	7.43668e+09	6.27661e+09	6.57759e+09	7.61237e+09	7.30938e+09	6.6596e+09	6.63223e+09	7.01162e+09	7.07355e+09	7.39832e+09	7.21565e+09	6.60842e+09	7.00094e+09	6.7355e+09	7.38502e+09	5.78641e+09	6.78954e+09	6.73445e+09	7.01442e+09	7.05646e+09	6.29041e+09	7.27456e+09	7.2414e+09	6.32259e+09	7.30763e+09	7.15959e+09	7.15327e+09	6.95672e+09	7.03188e+09	6.88189e+09	6.97588e+09	6.49423e+09	5.78944e+09	5.68691e+09	5.42831e+09	6.51339e+09	6.50804e+09	6.28928e+09	6.52381e+09	7.35957e+09	6.79167e+09	6.98997e+09	7.34279e+09	5.24659e+09	5.74606e+09	5.55536e+09	5.27579e+09	5.54524e+09	5.20809e+09	7.12225e+09	6.19211e+09	5.56852e+09	6.00928e+09	6.75166e+09	6.08659e+09	6.52206e+09	5.69758e+09	5.75696e+09	6.49346e+09	6.20162e+09	6.63063e+09	6.30936e+09	6.35818e+09	6.61247e+09	6.35848e+09	6.13048e+09	6.28757e+09	6.58245e+09	6.51534e+09	6.5581e+09	6.69958e+09	6.67922e+09	6.26006e+09	4.84892e+09	6.59674e+09	5.74576e+09	5.86704e+09	6.31732e+09	5.85355e+09
ERR636778	7.69822e+09	7.02492e+09	7.10244e+09	7.1164e+09	7.63804e+09	7.23579e+09	6.54994e+09	6.92191e+09	6.97167e+09	6.7805e+09	6.13735e+09	7.00411e+09	7.60481e+09	7.60212e+09	7.39836e+09	7.42723e+09	7.33462e+09	7.47487e+09	6.3049e+09	6.60817e+09	7.65027e+09	7.34557e+09	6.69043e+09	6.66305e+09	7.04607e+09	7.10827e+09	7.21565e+09	7.47008e+09	6.63912e+09	7.03427e+09	6.76835e+09	7.42159e+09	5.81328e+09	6.82341e+09	6.76712e+09	7.0497e+09	7.0913e+09	6.32003e+09	7.31075e+09	7.27777e+09	6.35233e+09	7.34354e+09	7.19626e+09	7.1895e+09	6.99196e+09	7.06787e+09	6.91631e+09	7.01095e+09	6.52255e+09	5.81347e+09	5.71032e+09	5.45004e+09	6.54289e+09	6.53644e+09	6.31781e+09	6.5538e+09	7.3941e+09	6.82225e+09	7.02251e+09	7.37678e+09	5.26625e+09	5.76892e+09	5.57765e+09	5.29585e+09	5.56669e+09	5.22811e+09	7.15495e+09	6.2185e+09	5.59096e+09	6.03448e+09	6.78191e+09	6.11253e+09	6.55053e+09	5.72121e+09	5.78118e+09	6.52263e+09	6.22894e+09	6.66051e+09	6.33713e+09	6.38654e+09	6.64201e+09	6.3874e+09	6.15699e+09	6.31518e+09	6.61145e+09	6.54455e+09	6.58726e+09	6.72939e+09	6.70958e+09	6.2874e+09	4.86862e+09	6.62683e+09	5.77002e+09	5.89295e+09	6.34602e+09	5.87824e+09
ERR636775	7.02501e+09	6.42538e+09	6.49499e+09	6.50695e+09	6.97223e+09	6.6156e+09	6.02172e+09	6.35347e+09	6.39397e+09	6.22888e+09	5.65382e+09	6.42475e+09	6.94295e+09	6.94265e+09	6.76304e+09	6.78856e+09	6.70733e+09	6.83039e+09	5.80779e+09	6.07717e+09	6.99601e+09	6.7267e+09	6.14976e+09	6.12634e+09	6.46393e+09	6.51391e+09	6.60842e+09	6.63912e+09	6.30323e+09	6.45593e+09	6.21052e+09	6.78611e+09	5.36293e+09	6.25832e+09	6.21021e+09	6.45738e+09	6.48896e+09	5.80916e+09	6.6811e+09	6.65186e+09	5.83759e+09	6.70998e+09	6.58427e+09	6.58065e+09	6.40479e+09	6.47204e+09	6.3383e+09	6.42164e+09	5.99413e+09	5.36336e+09	5.27119e+09	5.03981e+09	6.01125e+09	6.00602e+09	5.81457e+09	6.02392e+09	6.76017e+09	6.26182e+09	6.43728e+09	6.7485e+09	4.86899e+09	5.32049e+09	5.14749e+09	4.89568e+09	5.13783e+09	4.83485e+09	6.55768e+09	5.73079e+09	5.16806e+09	5.56756e+09	6.22813e+09	5.63686e+09	6.0215e+09	5.28381e+09	5.33626e+09	5.99614e+09	5.73619e+09	6.11845e+09	5.826e+09	5.86908e+09	6.09627e+09	5.86935e+09	5.66453e+09	5.80646e+09	6.07178e+09	6.01238e+09	6.0511e+09	6.1761e+09	6.15899e+09	5.78297e+09	4.50918e+09	6.08032e+09	5.32361e+09	5.4281e+09	5.83171e+09	5.4203e+09
ERR636776	7.46996e+09	6.80937e+09	6.8844e+09	6.89836e+09	7.41191e+09	7.01947e+09	6.36416e+09	6.72709e+09	6.77045e+09	6.5917e+09	5.9654e+09	6.8054e+09	7.3654e+09	7.36786e+09	7.16852e+09	7.19728e+09	7.10655e+09	7.24363e+09	6.14655e+09	6.43979e+09	7.44201e+09	7.14438e+09	6.51764e+09	6.49223e+09	6.84379e+09	6.89737e+09	7.00094e+09	7.03427e+09	6.45593e+09	7.0491e+09	6.56895e+09	7.19767e+09	5.6512e+09	6.62107e+09	6.56803e+09	6.83634e+09	6.87878e+09	6.13894e+09	7.08785e+09	7.05573e+09	6.16805e+09	7.11859e+09	6.97471e+09	6.97261e+09	6.77922e+09	6.85337e+09	6.70604e+09	6.79802e+09	6.3475e+09	5.66692e+09	5.56683e+09	5.31919e+09	6.36594e+09	6.36075e+09	6.14325e+09	6.36948e+09	7.17075e+09	6.62823e+09	6.81698e+09	7.16056e+09	5.13976e+09	5.62413e+09	5.43736e+09	5.16795e+09	5.42678e+09	5.1029e+09	6.96945e+09	6.07051e+09	5.46035e+09	5.89317e+09	6.60766e+09	5.96904e+09	6.3809e+09	5.58012e+09	5.63815e+09	6.3526e+09	6.07225e+09	6.48592e+09	6.16544e+09	6.21129e+09	6.45859e+09	6.21207e+09	5.98906e+09	6.14375e+09	6.43399e+09	6.36907e+09	6.41063e+09	6.54587e+09	6.52673e+09	6.117e+09	4.74078e+09	6.43811e+09	5.61997e+09	5.73041e+09	6.16522e+09	5.72409e+09
ERR612782	7.29136e+09	6.71101e+09	6.77842e+09	6.79084e+09	7.24068e+09	6.89405e+09	6.24271e+09	6.58379e+09	6.6329e+09	6.45206e+09	5.86124e+09	6.65716e+09	7.13971e+09	7.14023e+09	6.96868e+09	6.99336e+09	6.91559e+09	7.03338e+09	5.96546e+09	6.24177e+09	7.19002e+09	6.91701e+09	6.31746e+09	6.29094e+09	6.57948e+09	6.63929e+09	6.7355e+09	6.76835e+09	6.21052e+09	6.56895e+09	6.78235e+09	7.17257e+09	5.68752e+09	6.63723e+09	6.58576e+09	6.84176e+09	6.71538e+09	6.00418e+09	6.91717e+09	6.88661e+09	6.03456e+09	6.94671e+09	6.80987e+09	6.80596e+09	6.63543e+09	6.69995e+09	6.57098e+09	6.65038e+09	6.13464e+09	5.47699e+09	5.38304e+09	5.14276e+09	6.15098e+09	6.14569e+09	5.99566e+09	6.21349e+09	6.98965e+09	6.46293e+09	6.64863e+09	6.97085e+09	4.91696e+09	5.37754e+09	5.20261e+09	4.94486e+09	5.19446e+09	4.88113e+09	6.79769e+09	5.92876e+09	5.34955e+09	5.75843e+09	6.45674e+09	5.82891e+09	6.244e+09	5.4708e+09	5.52817e+09	6.21937e+09	5.94461e+09	6.34541e+09	6.10295e+09	6.14932e+09	6.38807e+09	6.14959e+09	5.93729e+09	6.08179e+09	6.16733e+09	6.10763e+09	6.14939e+09	6.27653e+09	6.26269e+09	5.87931e+09	4.7097e+09	6.3669e+09	5.55836e+09	5.68151e+09	6.10605e+09	5.66012e+09
ERR612777	8.04908e+09	7.347e+09	7.42827e+09	7.44281e+09	7.98828e+09	7.56834e+09	6.81928e+09	7.21314e+09	7.26619e+09	7.06337e+09	6.38411e+09	7.29835e+09	7.84627e+09	7.84881e+09	7.64032e+09	7.66993e+09	7.57619e+09	7.71818e+09	6.53702e+09	6.85416e+09	7.95249e+09	7.62929e+09	6.93981e+09	6.91042e+09	7.20635e+09	7.27246e+09	7.38502e+09	7.42159e+09	6.78611e+09	7.19767e+09	7.17257e+09	8.10804e+09	6.14538e+09	7.23052e+09	7.17015e+09	7.47707e+09	7.36384e+09	6.55089e+09	7.59894e+09	7.56357e+09	6.58278e+09	7.63393e+09	7.44773e+09	7.44456e+09	7.23941e+09	7.31709e+09	7.16317e+09	7.25752e+09	6.75874e+09	6.01639e+09	5.90856e+09	5.63814e+09	6.77786e+09	6.77194e+09	6.53969e+09	6.78626e+09	7.67852e+09	7.07034e+09	7.28383e+09	7.65974e+09	5.41893e+09	5.9388e+09	5.74036e+09	5.4484e+09	5.72836e+09	5.37928e+09	7.4985e+09	6.50193e+09	5.84006e+09	6.30718e+09	7.10002e+09	6.38925e+09	6.83764e+09	5.96004e+09	6.02341e+09	6.80884e+09	6.49684e+09	6.95347e+09	6.67827e+09	6.73003e+09	7.00174e+09	6.72958e+09	6.48765e+09	6.65453e+09	6.81315e+09	6.74409e+09	6.79024e+09	6.93614e+09	6.917e+09	6.47687e+09	5.09774e+09	6.96019e+09	6.0485e+09	6.18078e+09	6.65996e+09	6.16293e+09
ERR612778	6.21855e+09	5.76931e+09	5.82218e+09	5.83156e+09	6.17901e+09	5.91046e+09	5.39009e+09	5.66318e+09	5.70417e+09	5.55617e+09	5.08112e+09	5.72131e+09	6.11283e+09	6.11219e+09	5.97907e+09	5.9975e+09	5.93821e+09	6.02878e+09	5.14918e+09	5.3702e+09	6.1301e+09	5.9162e+09	5.43274e+09	5.41013e+09	5.66089e+09	5.70986e+09	5.78641e+09	5.81328e+09	5.36293e+09	5.6512e+09	5.68752e+09	6.14538e+09	5.13139e+09	5.7265e+09	5.68569e+09	5.88958e+09	5.7714e+09	5.19876e+09	5.93157e+09	5.90698e+09	5.22431e+09	5.95534e+09	5.85394e+09	5.85002e+09	5.7166e+09	5.76699e+09	5.66696e+09	5.72809e+09	5.2694e+09	4.72979e+09	4.65234e+09	4.45439e+09	5.28178e+09	5.27758e+09	5.18828e+09	5.36445e+09	5.9894e+09	5.56744e+09	5.7172e+09	5.97258e+09	4.24055e+09	4.62516e+09	4.47903e+09	4.26547e+09	4.47416e+09	4.21012e+09	5.81876e+09	5.11837e+09	4.65159e+09	4.97983e+09	5.54878e+09	5.0368e+09	5.3848e+09	4.75802e+09	4.80643e+09	5.36529e+09	5.14316e+09	5.46778e+09	5.274e+09	5.31163e+09	5.50538e+09	5.31206e+09	5.1409e+09	5.25642e+09	5.28432e+09	5.23633e+09	5.27328e+09	5.37554e+09	5.36627e+09	5.05504e+09	4.13626e+09	5.49859e+09	4.83921e+09	4.946e+09	5.29087e+09	4.92238e+09
