	ERR617271	ERR617274	ERR617275	ERR617276	ERR617272	ERR617273	ERR636911	ERR636912	ERR636910	ERR636907	ERR636908	ERR636909	ERR617527	ERR617525	ERR617524	ERR617523	ERR617526	ERR617528	ERR613933	ERR613931	ERR613932	ERR613928	ERR613930	ERR613929	ERR608197	ERR608201	ERR608199	ERR608198	ERR608200	ERR608202	ERR608374	ERR608375	ERR608373	ERR608376	ERR608372	ERR608371	ERR612555	ERR612554	ERR612553	ERR612557	ERR612558	ERR612556	ERR621996	ERR621991	ERR621992	ERR621994	ERR621995	ERR621993	ERR612891	ERR612895	ERR612893	ERR612892	ERR612894	ERR612896	ERR617477	ERR617475	ERR617480	ERR617479	ERR617476	ERR617478	ERR612297	ERR612293	ERR612296	ERR612294	ERR612298	ERR612295	ERR618729	ERR618733	ERR618731	ERR618734	ERR618730	ERR618732	ERR608432	ERR608431	ERR608430	ERR608427	ERR608429	ERR608428	ERR626545	ERR626540	ERR626544	ERR626543	ERR626542	ERR626541	ERR608841	ERR608846	ERR608845	ERR608844	ERR608843	ERR608842	ERR630311	ERR630308	ERR630310	ERR630313	ERR630312	ERR630309
ERR617271	5.99592e+09	6.46567e+09	6.43896e+09	6.4811e+09	5.8662e+09	5.90537e+09	6.08068e+09	6.17139e+09	6.05865e+09	5.59455e+09	5.93949e+09	5.92425e+09	6.37456e+09	5.87415e+09	5.85213e+09	5.77663e+09	6.31277e+09	6.07664e+09	6.52722e+09	6.50751e+09	6.52072e+09	6.83874e+09	5.87675e+09	6.55755e+09	5.24118e+09	6.74806e+09	6.95009e+09	6.59879e+09	6.76913e+09	6.78561e+09	6.18213e+09	6.2527e+09	6.7795e+09	6.28281e+09	6.82708e+09	6.53722e+09	6.31238e+09	5.54219e+09	6.57237e+09	5.48728e+09	5.37482e+09	5.45351e+09	6.21317e+09	6.86673e+09	6.5443e+09	6.5241e+09	6.27336e+09	6.51762e+09	6.63332e+09	5.6271e+09	6.29746e+09	5.23309e+09	5.77367e+09	5.69373e+09	5.25177e+09	5.10077e+09	5.47727e+09	5.75698e+09	5.22679e+09	5.71836e+09	5.63404e+09	4.92026e+09	5.70619e+09	4.42156e+09	5.86454e+09	4.38461e+09	6.00034e+09	5.94821e+09	5.80144e+09	6.02214e+09	5.77266e+09	5.9149e+09	6.78473e+09	6.67575e+09	6.67436e+09	4.84759e+09	6.28961e+09	5.98874e+09	6.26964e+09	5.99719e+09	6.30313e+09	6.27444e+09	6.17026e+09	6.38705e+09	4.46038e+09	5.57186e+09	5.57909e+09	5.5853e+09	5.90278e+09	5.67538e+09	6.9717e+09	7.08486e+09	6.4601e+09	6.76715e+09	6.98267e+09	6.64409e+09
ERR617274	6.46567e+09	7.55074e+09	7.27387e+09	7.32472e+09	6.57693e+09	6.62143e+09	6.80475e+09	6.91212e+09	6.77918e+09	6.23678e+09	6.64796e+09	6.62068e+09	7.21542e+09	6.61414e+09	6.58835e+09	6.48284e+09	7.14e+09	6.84803e+09	7.33422e+09	7.3119e+09	7.32819e+09	7.71016e+09	6.54602e+09	7.36766e+09	5.79916e+09	7.59016e+09	7.84216e+09	7.40988e+09	7.62046e+09	7.63704e+09	6.92854e+09	7.02107e+09	7.63601e+09	7.05737e+09	7.70683e+09	7.34795e+09	7.0673e+09	6.16482e+09	7.38948e+09	6.10387e+09	5.97495e+09	6.06607e+09	6.9746e+09	7.7572e+09	7.36562e+09	7.34813e+09	7.04626e+09	7.3345e+09	7.50737e+09	6.31455e+09	7.09793e+09	5.84325e+09	6.48945e+09	6.39401e+09	5.87077e+09	5.68291e+09	6.12563e+09	6.4688e+09	5.84016e+09	6.42205e+09	6.39656e+09	5.60777e+09	6.48455e+09	5.00819e+09	6.67187e+09	4.96493e+09	6.76715e+09	6.70892e+09	6.53293e+09	6.80073e+09	6.49429e+09	6.67034e+09	7.69555e+09	7.56708e+09	7.56616e+09	5.38133e+09	7.11172e+09	6.74461e+09	7.03722e+09	6.71119e+09	7.07573e+09	7.04265e+09	6.91361e+09	7.17725e+09	4.91756e+09	6.21985e+09	6.22885e+09	6.23691e+09	6.61455e+09	6.34076e+09	7.85006e+09	7.98948e+09	7.23846e+09	7.59627e+09	7.86478e+09	7.45393e+09
ERR617275	6.43896e+09	7.27387e+09	7.48784e+09	7.2936e+09	6.55135e+09	6.59511e+09	6.77077e+09	6.87852e+09	6.74551e+09	6.20779e+09	6.61583e+09	6.58822e+09	7.18567e+09	6.58864e+09	6.56287e+09	6.45662e+09	7.11134e+09	6.82016e+09	7.29836e+09	7.27575e+09	7.29202e+09	7.67226e+09	6.51254e+09	7.3313e+09	5.77014e+09	7.55184e+09	7.80326e+09	7.37264e+09	7.58248e+09	7.59835e+09	6.89575e+09	6.98731e+09	7.59852e+09	7.02425e+09	7.66932e+09	7.31232e+09	7.03123e+09	6.13478e+09	7.35207e+09	6.07411e+09	5.94626e+09	6.0366e+09	6.94106e+09	7.7193e+09	7.33012e+09	7.31243e+09	7.01252e+09	7.29983e+09	7.47339e+09	6.29002e+09	7.06688e+09	5.82029e+09	6.46323e+09	6.3694e+09	5.84862e+09	5.66149e+09	6.10254e+09	6.44382e+09	5.81933e+09	6.39703e+09	6.37581e+09	5.59228e+09	6.46349e+09	4.99575e+09	6.6496e+09	4.95256e+09	6.74141e+09	6.68397e+09	6.50814e+09	6.7753e+09	6.47055e+09	6.64494e+09	7.66274e+09	7.53593e+09	7.53524e+09	5.36117e+09	7.08362e+09	6.71857e+09	7.00288e+09	6.67843e+09	7.04091e+09	7.00865e+09	6.87965e+09	7.14227e+09	4.89619e+09	6.19231e+09	6.20068e+09	6.20847e+09	6.58426e+09	6.31183e+09	7.80971e+09	7.94883e+09	7.20101e+09	7.55613e+09	7.82433e+09	7.41573e+09
ERR617276	6.4811e+09	7.32472e+09	7.2936e+09	7.59228e+09	6.59438e+09	6.6387e+09	6.82203e+09	6.93063e+09	6.79613e+09	6.25318e+09	6.6656e+09	6.63747e+09	7.23769e+09	6.63432e+09	6.60808e+09	6.50086e+09	7.16254e+09	6.86833e+09	7.35361e+09	7.33047e+09	7.34659e+09	7.73058e+09	6.56059e+09	7.38625e+09	5.81081e+09	7.60925e+09	7.86387e+09	7.42865e+09	7.64025e+09	7.65612e+09	6.94591e+09	7.03904e+09	7.6557e+09	7.07556e+09	7.72762e+09	7.36648e+09	7.08384e+09	6.1789e+09	7.40734e+09	6.11756e+09	5.98841e+09	6.07946e+09	6.99119e+09	7.77739e+09	7.38391e+09	7.36604e+09	7.06386e+09	7.35316e+09	7.52747e+09	6.3307e+09	7.11641e+09	5.85749e+09	6.50619e+09	6.41167e+09	5.8843e+09	5.69584e+09	6.14052e+09	6.48525e+09	5.85438e+09	6.4386e+09	6.41758e+09	5.62828e+09	6.50637e+09	5.02617e+09	6.69477e+09	4.98199e+09	6.78479e+09	6.72702e+09	6.5492e+09	6.81948e+09	6.51136e+09	6.68814e+09	7.71812e+09	7.58899e+09	7.58828e+09	5.39204e+09	7.13199e+09	6.76224e+09	7.0532e+09	6.72629e+09	7.0921e+09	7.05961e+09	6.92936e+09	7.19451e+09	4.92647e+09	6.23416e+09	6.24354e+09	6.25111e+09	6.63074e+09	6.35562e+09	7.86846e+09	8.00921e+09	7.254e+09	7.61242e+09	7.8836e+09	7.47064e+09
ERR617272	5.8662e+09	6.57693e+09	6.55135e+09	6.59438e+09	6.17349e+09	5.99986e+09	6.14459e+09	6.23735e+09	6.12275e+09	5.65477e+09	6.00924e+09	5.98641e+09	6.49396e+09	5.98125e+09	5.9594e+09	5.86977e+09	6.43043e+09	6.18244e+09	6.60731e+09	6.58782e+09	6.60129e+09	6.92795e+09	5.92615e+09	6.63605e+09	5.27326e+09	6.82488e+09	7.03962e+09	6.67133e+09	6.85033e+09	6.86453e+09	6.2603e+09	6.33858e+09	6.86573e+09	6.36935e+09	6.92471e+09	6.61997e+09	6.37687e+09	5.59472e+09	6.65298e+09	5.54152e+09	5.42922e+09	5.50805e+09	6.29265e+09	6.96283e+09	6.62924e+09	6.61313e+09	6.35463e+09	6.6024e+09	6.74258e+09	5.71762e+09	6.39364e+09	5.30858e+09	5.86808e+09	5.78706e+09	5.33442e+09	5.17117e+09	5.55793e+09	5.85298e+09	5.30905e+09	5.81275e+09	5.77526e+09	5.07683e+09	5.85102e+09	4.55544e+09	6.01296e+09	4.51737e+09	6.10292e+09	6.05193e+09	5.90012e+09	6.13087e+09	5.86688e+09	6.01868e+09	6.90568e+09	6.79625e+09	6.79558e+09	4.90972e+09	6.4056e+09	6.09226e+09	6.34254e+09	6.06151e+09	6.37602e+09	6.34725e+09	6.23676e+09	6.4627e+09	4.49412e+09	5.63626e+09	5.64309e+09	5.64982e+09	5.97721e+09	5.74029e+09	7.04425e+09	7.16323e+09	6.51956e+09	6.82641e+09	7.05708e+09	6.70511e+09
ERR617273	5.90537e+09	6.62143e+09	6.59511e+09	6.6387e+09	5.99986e+09	6.254e+09	6.18595e+09	6.27975e+09	6.16415e+09	5.69079e+09	6.04917e+09	6.0267e+09	6.53779e+09	6.02061e+09	5.99731e+09	5.90834e+09	6.47249e+09	6.22376e+09	6.65171e+09	6.63179e+09	6.6459e+09	6.97604e+09	5.9653e+09	6.68123e+09	5.30725e+09	6.87393e+09	7.08907e+09	6.71752e+09	6.89823e+09	6.91343e+09	6.30127e+09	6.37935e+09	6.91418e+09	6.41104e+09	6.9717e+09	6.66523e+09	6.42062e+09	5.63003e+09	6.69823e+09	5.57607e+09	5.46319e+09	5.5427e+09	6.33452e+09	7.0125e+09	6.67534e+09	6.65822e+09	6.39689e+09	6.6477e+09	6.78916e+09	5.75458e+09	6.43771e+09	5.34242e+09	5.90693e+09	5.82407e+09	5.37006e+09	5.2057e+09	5.59524e+09	5.89183e+09	5.34272e+09	5.85134e+09	5.81119e+09	5.10478e+09	5.88769e+09	4.58031e+09	6.05156e+09	4.5418e+09	6.147e+09	6.09548e+09	5.94174e+09	6.17462e+09	5.90977e+09	6.06109e+09	6.95458e+09	6.84396e+09	6.84282e+09	4.94101e+09	6.44878e+09	6.13339e+09	6.38633e+09	6.10299e+09	6.41982e+09	6.39085e+09	6.27972e+09	6.50749e+09	4.52214e+09	5.67346e+09	5.6813e+09	5.68745e+09	6.0174e+09	5.77855e+09	7.09608e+09	7.21608e+09	6.56599e+09	6.87689e+09	7.1086e+09	6.75486e+09
ERR636911	6.08068e+09	6.80475e+09	6.77077e+09	6.82203e+09	6.14459e+09	6.18595e+09	7.20394e+09	7.09764e+09	6.96126e+09	6.39559e+09	6.79943e+09	6.79457e+09	6.92988e+09	6.35633e+09	6.33228e+09	6.26158e+09	6.85906e+09	6.60175e+09	7.25837e+09	7.23698e+09	7.25105e+09	7.57677e+09	6.58665e+09	7.29418e+09	5.85796e+09	7.52744e+09	7.7381e+09	7.3714e+09	7.54964e+09	7.5652e+09	6.7839e+09	6.85577e+09	7.42968e+09	6.88576e+09	7.46726e+09	7.17428e+09	7.00077e+09	6.14799e+09	7.26616e+09	6.07428e+09	5.94716e+09	6.03427e+09	6.87487e+09	7.58648e+09	7.24012e+09	7.21348e+09	6.94099e+09	7.21005e+09	7.08671e+09	5.92765e+09	6.71215e+09	5.50377e+09	6.08948e+09	5.99965e+09	5.37614e+09	5.22668e+09	5.63999e+09	5.93876e+09	5.35008e+09	5.89435e+09	5.77159e+09	4.90172e+09	5.84775e+09	4.37816e+09	6.02434e+09	4.34097e+09	6.10945e+09	6.04918e+09	5.89323e+09	6.12754e+09	5.86763e+09	6.01416e+09	7.12564e+09	6.99435e+09	6.99137e+09	4.97552e+09	6.54944e+09	6.21688e+09	6.82911e+09	6.5277e+09	6.86856e+09	6.83456e+09	6.72443e+09	6.96054e+09	4.74387e+09	5.98287e+09	5.98958e+09	5.99512e+09	6.35869e+09	6.10541e+09	7.64448e+09	7.75995e+09	7.10744e+09	7.44041e+09	7.6556e+09	7.30401e+09
ERR636912	6.17139e+09	6.91212e+09	6.87852e+09	6.93063e+09	6.23735e+09	6.27975e+09	7.09764e+09	7.42221e+09	7.06651e+09	6.48819e+09	6.90095e+09	6.89621e+09	7.04245e+09	6.45615e+09	6.43156e+09	6.3589e+09	6.9711e+09	6.70697e+09	7.37229e+09	7.35011e+09	7.36511e+09	7.69925e+09	6.6829e+09	7.40863e+09	5.93937e+09	7.64891e+09	7.86507e+09	7.48821e+09	7.67093e+09	7.6879e+09	6.88663e+09	6.9609e+09	7.54836e+09	6.99199e+09	7.58703e+09	7.28662e+09	7.10752e+09	6.23527e+09	7.37982e+09	6.16004e+09	6.03019e+09	6.11981e+09	6.98076e+09	7.7106e+09	7.35514e+09	7.32729e+09	7.04843e+09	7.32362e+09	7.19868e+09	6.01465e+09	6.81517e+09	5.5822e+09	6.17993e+09	6.08855e+09	5.45472e+09	5.30198e+09	5.72278e+09	6.02804e+09	5.42784e+09	5.98308e+09	5.86224e+09	4.97936e+09	5.94013e+09	4.44484e+09	6.12039e+09	4.40705e+09	6.20616e+09	6.14513e+09	5.9854e+09	6.22541e+09	5.95901e+09	6.10909e+09	7.23881e+09	7.10552e+09	7.10193e+09	5.04383e+09	6.65123e+09	6.31067e+09	6.93277e+09	6.62408e+09	6.97317e+09	6.93851e+09	6.82526e+09	7.06745e+09	4.80647e+09	6.06791e+09	6.07565e+09	6.08103e+09	6.45257e+09	6.19373e+09	7.76853e+09	7.88676e+09	7.21853e+09	7.55818e+09	7.77936e+09	7.41897e+09
ERR636910	6.05865e+09	6.77918e+09	6.74551e+09	6.79613e+09	6.12275e+09	6.16415e+09	6.96126e+09	7.06651e+09	7.14129e+09	6.36977e+09	6.77095e+09	6.76562e+09	6.90254e+09	6.33303e+09	6.30923e+09	6.23871e+09	6.83275e+09	6.57664e+09	7.22514e+09	7.20342e+09	7.21778e+09	7.54176e+09	6.55702e+09	7.25996e+09	5.83231e+09	7.49251e+09	7.70101e+09	7.33634e+09	7.51392e+09	7.52986e+09	6.75418e+09	6.82613e+09	7.39514e+09	6.85593e+09	7.43286e+09	7.14158e+09	6.96925e+09	6.12181e+09	7.23248e+09	6.04894e+09	5.92239e+09	6.00972e+09	6.84528e+09	7.5528e+09	7.208e+09	7.18137e+09	6.91089e+09	7.17836e+09	7.05581e+09	5.90435e+09	6.68337e+09	5.48236e+09	6.0655e+09	5.97635e+09	5.35727e+09	5.20878e+09	5.61884e+09	5.91675e+09	5.33109e+09	5.87235e+09	5.75437e+09	4.89084e+09	5.82982e+09	4.36884e+09	6.006e+09	4.33171e+09	6.08735e+09	6.02759e+09	5.87216e+09	6.10542e+09	5.84669e+09	5.99244e+09	7.09644e+09	6.96624e+09	6.96274e+09	4.95733e+09	6.52383e+09	6.19323e+09	6.79798e+09	6.49905e+09	6.83726e+09	6.80378e+09	6.69428e+09	6.92837e+09	4.7257e+09	5.95738e+09	5.96417e+09	5.96972e+09	6.33151e+09	6.0796e+09	7.60791e+09	7.72309e+09	7.07457e+09	7.40444e+09	7.61915e+09	7.26986e+09
ERR636907	5.59455e+09	6.23678e+09	6.20779e+09	6.25318e+09	5.65477e+09	5.69079e+09	6.39559e+09	6.48819e+09	6.36977e+09	6.06699e+09	6.23506e+09	6.22823e+09	6.34441e+09	5.83966e+09	5.81876e+09	5.75434e+09	6.28267e+09	6.05459e+09	6.62753e+09	6.60865e+09	6.621e+09	6.90657e+09	6.03302e+09	6.65809e+09	5.38394e+09	6.86065e+09	7.04501e+09	6.72382e+09	6.87959e+09	6.89367e+09	6.21254e+09	6.27698e+09	6.77419e+09	6.30348e+09	6.81053e+09	6.55212e+09	6.39741e+09	5.64722e+09	6.63227e+09	5.58381e+09	5.47133e+09	5.54837e+09	6.29208e+09	6.91742e+09	6.61249e+09	6.58958e+09	6.35008e+09	6.58649e+09	6.48074e+09	5.45908e+09	6.15151e+09	5.0782e+09	5.60353e+09	5.52411e+09	4.96331e+09	4.82632e+09	5.19599e+09	5.46429e+09	4.93957e+09	5.42407e+09	5.33694e+09	4.55778e+09	5.40599e+09	4.08314e+09	5.5635e+09	4.04971e+09	5.60677e+09	5.5544e+09	5.41324e+09	5.62369e+09	5.38995e+09	5.52247e+09	6.51786e+09	6.4031e+09	6.40055e+09	4.6028e+09	6.011e+09	5.71573e+09	6.24587e+09	5.98125e+09	6.28031e+09	6.25035e+09	6.15257e+09	6.36086e+09	4.38478e+09	5.49926e+09	5.5062e+09	5.51135e+09	5.83321e+09	5.60833e+09	6.95643e+09	7.05894e+09	6.48678e+09	6.77359e+09	6.96662e+09	6.65798e+09
ERR636908	5.93949e+09	6.64796e+09	6.61583e+09	6.6656e+09	6.00924e+09	6.04917e+09	6.79943e+09	6.90095e+09	6.77095e+09	6.23506e+09	6.83323e+09	6.61575e+09	6.77072e+09	6.21953e+09	6.19464e+09	6.12027e+09	6.70311e+09	6.44965e+09	7.06183e+09	7.04133e+09	7.05538e+09	7.37013e+09	6.40191e+09	7.09467e+09	5.68864e+09	7.31371e+09	7.52005e+09	7.16021e+09	7.33559e+09	7.35022e+09	6.60657e+09	6.67955e+09	7.22309e+09	6.70898e+09	7.26743e+09	6.9789e+09	6.80559e+09	5.9874e+09	7.06795e+09	5.91847e+09	5.79668e+09	5.88041e+09	6.69844e+09	7.38736e+09	7.05033e+09	7.02622e+09	6.7619e+09	7.02023e+09	6.91517e+09	5.80014e+09	6.55154e+09	5.38482e+09	5.95723e+09	5.87043e+09	5.26636e+09	5.11553e+09	5.51534e+09	5.81032e+09	5.23991e+09	5.76748e+09	5.69523e+09	4.86647e+09	5.77131e+09	4.34921e+09	5.94247e+09	4.3113e+09	5.97991e+09	5.92224e+09	5.76889e+09	5.99948e+09	5.74288e+09	5.88876e+09	6.96125e+09	6.83615e+09	6.83276e+09	4.86721e+09	6.40974e+09	6.08416e+09	6.64777e+09	6.35594e+09	6.68453e+09	6.6531e+09	6.54351e+09	6.77512e+09	4.62433e+09	5.83315e+09	5.84097e+09	5.84591e+09	6.19873e+09	5.95119e+09	7.42112e+09	7.53568e+09	6.90432e+09	7.21678e+09	7.4324e+09	7.09136e+09
ERR636909	5.92425e+09	6.62068e+09	6.58822e+09	6.63747e+09	5.98641e+09	6.0267e+09	6.79457e+09	6.89621e+09	6.76562e+09	6.22823e+09	6.61575e+09	6.81605e+09	6.73775e+09	6.18864e+09	6.16459e+09	6.0962e+09	6.67024e+09	6.42243e+09	7.04947e+09	7.02868e+09	7.04272e+09	7.3547e+09	6.40433e+09	7.08338e+09	5.69956e+09	7.30651e+09	7.50702e+09	7.15546e+09	7.32596e+09	7.34247e+09	6.59672e+09	6.66554e+09	7.21275e+09	6.69505e+09	7.24973e+09	6.96887e+09	6.80214e+09	5.98401e+09	7.05615e+09	5.914e+09	5.79181e+09	5.87602e+09	6.68447e+09	7.36818e+09	7.03574e+09	7.00885e+09	6.74809e+09	7.00595e+09	6.8899e+09	5.777e+09	6.53056e+09	5.36672e+09	5.93312e+09	5.84693e+09	5.24496e+09	5.09927e+09	5.49732e+09	5.78585e+09	5.21868e+09	5.74303e+09	5.6398e+09	4.80124e+09	5.714e+09	4.29222e+09	5.88493e+09	4.25598e+09	5.95e+09	5.89153e+09	5.74059e+09	5.96654e+09	5.71634e+09	5.8575e+09	6.9307e+09	6.80541e+09	6.80215e+09	4.85559e+09	6.3774e+09	6.05658e+09	6.63883e+09	6.35024e+09	6.67648e+09	6.64444e+09	6.53814e+09	6.76416e+09	4.62618e+09	5.82544e+09	5.83259e+09	5.83759e+09	6.18718e+09	5.94354e+09	7.41659e+09	7.52814e+09	6.90263e+09	7.21909e+09	7.42717e+09	7.09112e+09
ERR617527	6.37456e+09	7.21542e+09	7.18567e+09	7.23769e+09	6.49396e+09	6.53779e+09	6.92988e+09	7.04245e+09	6.90254e+09	6.34441e+09	6.77072e+09	6.73775e+09	7.86432e+09	6.93414e+09	6.90859e+09	6.78707e+09	7.49942e+09	7.18366e+09	7.28716e+09	7.26079e+09	7.27868e+09	7.68043e+09	6.46545e+09	7.32024e+09	5.79311e+09	7.63001e+09	7.89956e+09	7.44174e+09	7.66678e+09	7.68056e+09	6.81517e+09	6.9096e+09	7.5394e+09	6.94811e+09	7.61556e+09	7.24137e+09	7.01917e+09	6.10579e+09	7.35426e+09	6.04575e+09	5.918e+09	6.0056e+09	6.95175e+09	7.76583e+09	7.35441e+09	7.33867e+09	7.0246e+09	7.32434e+09	7.35285e+09	6.15001e+09	6.93177e+09	5.67606e+09	6.32514e+09	6.23036e+09	5.73444e+09	5.54358e+09	5.98896e+09	6.33906e+09	5.70427e+09	6.2926e+09	6.31643e+09	5.53903e+09	6.40673e+09	4.92599e+09	6.60039e+09	4.88206e+09	6.71518e+09	6.65686e+09	6.47424e+09	6.75277e+09	6.43304e+09	6.61716e+09	7.5771e+09	7.44672e+09	7.44652e+09	5.23647e+09	6.98609e+09	6.60893e+09	6.82248e+09	6.49043e+09	6.86116e+09	6.82802e+09	6.69526e+09	6.96589e+09	4.72807e+09	6.01156e+09	6.02026e+09	6.02768e+09	6.40548e+09	6.12964e+09	7.70531e+09	7.85322e+09	7.06539e+09	7.43916e+09	7.72205e+09	7.28944e+09
ERR617525	5.87415e+09	6.61414e+09	6.58864e+09	6.63432e+09	5.98125e+09	6.02061e+09	6.35633e+09	6.45615e+09	6.33303e+09	5.83966e+09	6.21953e+09	6.18864e+09	6.93414e+09	6.62546e+09	6.35218e+09	6.24581e+09	6.8639e+09	6.58971e+09	6.67273e+09	6.64975e+09	6.66466e+09	7.01816e+09	5.94049e+09	6.70147e+09	5.33674e+09	6.97366e+09	7.20925e+09	6.8071e+09	7.00551e+09	7.01855e+09	6.25579e+09	6.33882e+09	6.8935e+09	6.37193e+09	6.96055e+09	6.6311e+09	6.43323e+09	5.62075e+09	6.72942e+09	5.56801e+09	5.45429e+09	5.53162e+09	6.37504e+09	7.09528e+09	6.73204e+09	6.71766e+09	6.43994e+09	6.70464e+09	6.72735e+09	5.66585e+09	6.35726e+09	5.24171e+09	5.82126e+09	5.73747e+09	5.30208e+09	5.1288e+09	5.52804e+09	5.83839e+09	5.27419e+09	5.79614e+09	5.82235e+09	5.12206e+09	5.90202e+09	4.57317e+09	6.07367e+09	4.53382e+09	6.17067e+09	6.11971e+09	5.95615e+09	6.20461e+09	5.92039e+09	6.08423e+09	6.92992e+09	6.81605e+09	6.81554e+09	4.85348e+09	6.41052e+09	6.07844e+09	6.25518e+09	5.95969e+09	6.28906e+09	6.25981e+09	6.14201e+09	6.38179e+09	4.37931e+09	5.53527e+09	5.54315e+09	5.54935e+09	5.88555e+09	5.64002e+09	7.03389e+09	7.16412e+09	6.46787e+09	6.79615e+09	7.04842e+09	6.66711e+09
ERR617524	5.85213e+09	6.58835e+09	6.56287e+09	6.60808e+09	5.9594e+09	5.99731e+09	6.33228e+09	6.43156e+09	6.30923e+09	5.81876e+09	6.19464e+09	6.16459e+09	6.90859e+09	6.35218e+09	6.5758e+09	6.22213e+09	6.8385e+09	6.5656e+09	6.64598e+09	6.62246e+09	6.63782e+09	6.98927e+09	5.91774e+09	6.67394e+09	5.32078e+09	6.94682e+09	7.18171e+09	6.78271e+09	6.97888e+09	6.99139e+09	6.22957e+09	6.31279e+09	6.86412e+09	6.34648e+09	6.93006e+09	6.60379e+09	6.40758e+09	5.59963e+09	6.7022e+09	5.54699e+09	5.4337e+09	5.51075e+09	6.34936e+09	7.06347e+09	6.70298e+09	6.68957e+09	6.41303e+09	6.6768e+09	6.69744e+09	5.64157e+09	6.32945e+09	5.22038e+09	5.79629e+09	5.71293e+09	5.27963e+09	5.10795e+09	5.50527e+09	5.81393e+09	5.25316e+09	5.77257e+09	5.79161e+09	5.09357e+09	5.87145e+09	4.54766e+09	6.04193e+09	4.50917e+09	6.14403e+09	6.09359e+09	5.93135e+09	6.17782e+09	5.89523e+09	6.05786e+09	6.89863e+09	6.78517e+09	6.78495e+09	4.8363e+09	6.38272e+09	6.05357e+09	6.2279e+09	5.93469e+09	6.26196e+09	6.23256e+09	6.11519e+09	6.35377e+09	4.36485e+09	5.51293e+09	5.52033e+09	5.52743e+09	5.86153e+09	5.61726e+09	7.00353e+09	7.13328e+09	6.44094e+09	6.76748e+09	7.018e+09	6.63875e+09
ERR617523	5.77663e+09	6.48284e+09	6.45662e+09	6.50086e+09	5.86977e+09	5.90834e+09	6.26158e+09	6.3589e+09	6.23871e+09	5.75434e+09	6.12027e+09	6.0962e+09	6.78707e+09	6.24581e+09	6.22213e+09	6.37073e+09	6.71833e+09	6.45814e+09	6.56272e+09	6.53972e+09	6.5548e+09	6.89666e+09	5.86257e+09	6.5924e+09	5.28026e+09	6.86345e+09	7.08665e+09	6.70398e+09	6.89218e+09	6.90598e+09	6.15384e+09	6.23062e+09	6.77718e+09	6.26251e+09	6.83444e+09	6.52163e+09	6.33761e+09	5.54369e+09	6.61888e+09	5.48965e+09	5.37732e+09	5.45318e+09	6.2684e+09	6.96482e+09	6.61532e+09	6.59886e+09	6.33042e+09	6.58904e+09	6.59241e+09	5.55684e+09	6.2369e+09	5.14954e+09	5.70759e+09	5.62599e+09	5.20179e+09	5.04029e+09	5.42831e+09	5.72375e+09	5.17581e+09	5.68385e+09	5.66441e+09	4.9586e+09	5.74041e+09	4.43323e+09	5.90695e+09	4.3958e+09	6.04533e+09	5.99364e+09	5.83709e+09	6.07385e+09	5.80385e+09	5.95878e+09	6.78435e+09	6.67213e+09	6.67094e+09	4.77546e+09	6.2743e+09	5.95649e+09	6.15451e+09	5.86925e+09	6.18896e+09	6.15952e+09	6.04745e+09	6.27721e+09	4.32765e+09	5.44931e+09	5.45614e+09	5.46272e+09	5.78802e+09	5.55276e+09	6.92488e+09	7.04901e+09	6.37572e+09	6.7005e+09	6.93809e+09	6.57031e+09
ERR617526	6.31277e+09	7.14e+09	7.11134e+09	7.16254e+09	6.43043e+09	6.47249e+09	6.85906e+09	6.9711e+09	6.83275e+09	6.28267e+09	6.70311e+09	6.67024e+09	7.49942e+09	6.8639e+09	6.8385e+09	6.71833e+09	7.69743e+09	7.10972e+09	7.20994e+09	7.1843e+09	7.20218e+09	7.59717e+09	6.40091e+09	7.24318e+09	5.73682e+09	7.54776e+09	7.81314e+09	7.36275e+09	7.58388e+09	7.59803e+09	6.74602e+09	6.83913e+09	7.45878e+09	6.87687e+09	7.53312e+09	7.16534e+09	6.9463e+09	6.04603e+09	7.2759e+09	5.98682e+09	5.8609e+09	5.9471e+09	6.87856e+09	7.68125e+09	7.27572e+09	7.26007e+09	6.95083e+09	7.24603e+09	7.27294e+09	6.08875e+09	6.85895e+09	5.62111e+09	6.26076e+09	6.16744e+09	5.67902e+09	5.49118e+09	5.93123e+09	6.27538e+09	5.64921e+09	6.22919e+09	6.25183e+09	5.48355e+09	6.34094e+09	4.87873e+09	6.53181e+09	4.83576e+09	6.64487e+09	6.58743e+09	6.40759e+09	6.68199e+09	6.36726e+09	6.54824e+09	7.49505e+09	7.36628e+09	7.36634e+09	5.18838e+09	6.91282e+09	6.54154e+09	6.75168e+09	6.42381e+09	6.78978e+09	6.75667e+09	6.62571e+09	6.893e+09	4.68525e+09	5.95274e+09	5.96115e+09	5.96891e+09	6.3408e+09	6.06948e+09	7.62115e+09	7.76693e+09	6.99112e+09	7.35871e+09	7.63784e+09	7.21203e+09
ERR617528	6.07664e+09	6.84803e+09	6.82016e+09	6.86833e+09	6.18244e+09	6.22376e+09	6.60175e+09	6.70697e+09	6.57664e+09	6.05459e+09	6.44965e+09	6.42243e+09	7.18366e+09	6.58971e+09	6.5656e+09	6.45814e+09	7.10972e+09	7.08667e+09	6.92573e+09	6.90128e+09	6.91731e+09	7.28909e+09	6.16766e+09	6.95781e+09	5.54434e+09	7.25097e+09	7.4957e+09	7.07751e+09	7.28319e+09	7.29736e+09	6.48527e+09	6.56947e+09	7.15894e+09	6.60464e+09	7.22339e+09	6.88179e+09	6.68248e+09	5.82799e+09	6.98825e+09	5.77145e+09	5.65079e+09	5.7324e+09	6.60923e+09	7.36326e+09	6.98411e+09	6.9677e+09	6.67691e+09	6.95654e+09	6.96578e+09	5.84774e+09	6.57959e+09	5.40824e+09	6.01095e+09	5.92264e+09	5.46549e+09	5.29037e+09	5.70843e+09	6.02854e+09	5.4377e+09	5.98533e+09	5.97731e+09	5.2322e+09	6.06004e+09	4.66627e+09	6.24027e+09	4.62608e+09	6.37791e+09	6.32305e+09	6.15415e+09	6.41089e+09	6.11696e+09	6.28594e+09	7.17669e+09	7.0559e+09	7.05437e+09	5.00661e+09	6.6257e+09	6.2799e+09	6.48782e+09	6.17957e+09	6.52407e+09	6.49287e+09	6.37189e+09	6.62045e+09	4.52987e+09	5.73013e+09	5.73775e+09	5.74508e+09	6.09581e+09	5.84088e+09	7.31701e+09	7.45214e+09	6.72237e+09	7.07268e+09	7.33163e+09	6.93167e+09
ERR613933	6.52722e+09	7.33422e+09	7.29836e+09	7.35361e+09	6.60731e+09	6.65171e+09	7.25837e+09	7.37229e+09	7.22514e+09	6.62753e+09	7.06183e+09	7.04947e+09	7.28716e+09	6.67273e+09	6.64598e+09	6.56272e+09	7.20994e+09	6.92573e+09	8.08664e+09	7.85002e+09	7.86511e+09	8.22717e+09	7.10291e+09	7.90635e+09	6.21304e+09	8.05998e+09	8.29754e+09	7.88412e+09	8.08471e+09	8.10241e+09	7.3185e+09	7.40452e+09	8.03209e+09	7.43854e+09	8.08353e+09	7.75146e+09	7.53845e+09	6.59513e+09	7.84268e+09	6.51576e+09	6.37669e+09	6.47481e+09	7.36101e+09	8.14161e+09	7.76003e+09	7.73317e+09	7.43446e+09	7.72673e+09	7.70379e+09	6.44031e+09	7.28935e+09	5.97402e+09	6.61723e+09	6.51899e+09	5.82975e+09	5.66001e+09	6.10625e+09	6.43867e+09	5.80077e+09	6.39012e+09	6.30886e+09	5.39553e+09	6.39342e+09	4.819e+09	6.58378e+09	4.7775e+09	6.5949e+09	6.53106e+09	6.36261e+09	6.61806e+09	6.33249e+09	6.49388e+09	7.72236e+09	7.58106e+09	7.57784e+09	5.37848e+09	7.10379e+09	6.73834e+09	7.41021e+09	7.07414e+09	7.45379e+09	7.41601e+09	7.29044e+09	7.5562e+09	5.12887e+09	6.48478e+09	6.49331e+09	6.50017e+09	6.90076e+09	6.61872e+09	8.26388e+09	8.39273e+09	7.67702e+09	8.03194e+09	8.27711e+09	7.89079e+09
ERR613931	6.50751e+09	7.3119e+09	7.27575e+09	7.33047e+09	6.58782e+09	6.63179e+09	7.23698e+09	7.35011e+09	7.20342e+09	6.60865e+09	7.04133e+09	7.02868e+09	7.26079e+09	6.64975e+09	6.62246e+09	6.53972e+09	7.1843e+09	6.90128e+09	7.85002e+09	8.04234e+09	7.84367e+09	8.20342e+09	7.08531e+09	7.88453e+09	6.19527e+09	8.03504e+09	8.27094e+09	7.85924e+09	8.05935e+09	8.07618e+09	7.29948e+09	7.38539e+09	8.00905e+09	7.41905e+09	8.0606e+09	7.73032e+09	7.51775e+09	6.57891e+09	7.82059e+09	6.50053e+09	6.36175e+09	6.45972e+09	7.3401e+09	8.11662e+09	7.73701e+09	7.70988e+09	7.41337e+09	7.70339e+09	7.68108e+09	6.42322e+09	7.26876e+09	5.95877e+09	6.59976e+09	6.50177e+09	5.81339e+09	5.64399e+09	6.08811e+09	6.41972e+09	5.78402e+09	6.371e+09	6.29181e+09	5.38352e+09	6.3764e+09	4.80865e+09	6.56608e+09	4.76685e+09	6.57261e+09	6.50892e+09	6.34121e+09	6.59512e+09	6.31095e+09	6.47161e+09	7.69863e+09	7.55787e+09	7.55426e+09	5.36327e+09	7.08288e+09	6.71894e+09	7.39119e+09	7.05603e+09	7.43421e+09	7.39693e+09	7.27168e+09	7.53634e+09	5.11653e+09	6.4689e+09	6.47735e+09	6.48379e+09	6.88346e+09	6.60185e+09	8.23853e+09	8.36718e+09	7.65615e+09	8.00848e+09	8.25222e+09	7.86857e+09
ERR613932	6.52072e+09	7.32819e+09	7.29202e+09	7.34659e+09	6.60129e+09	6.6459e+09	7.25105e+09	7.36511e+09	7.21778e+09	6.621e+09	7.05538e+09	7.04272e+09	7.27868e+09	6.66466e+09	6.63782e+09	6.5548e+09	7.20218e+09	6.91731e+09	7.86511e+09	7.84367e+09	8.0738e+09	8.21991e+09	7.0973e+09	7.90003e+09	6.2065e+09	8.0519e+09	8.28937e+09	7.87624e+09	8.07664e+09	8.09373e+09	7.31254e+09	7.39853e+09	8.0248e+09	7.43293e+09	8.07658e+09	7.74458e+09	7.53167e+09	6.58957e+09	7.83575e+09	6.51067e+09	6.3715e+09	6.46937e+09	7.35328e+09	8.13285e+09	7.75185e+09	7.72416e+09	7.42655e+09	7.718e+09	7.69667e+09	6.43506e+09	7.28302e+09	5.96907e+09	6.61189e+09	6.51382e+09	5.82552e+09	5.65562e+09	6.10101e+09	6.43364e+09	5.79652e+09	6.38484e+09	6.30386e+09	5.39281e+09	6.38861e+09	4.81693e+09	6.57885e+09	4.7752e+09	6.58857e+09	6.52493e+09	6.35635e+09	6.61146e+09	6.3263e+09	6.48751e+09	7.7161e+09	7.57503e+09	7.5716e+09	5.37383e+09	7.09827e+09	6.73344e+09	7.40534e+09	7.06947e+09	7.44838e+09	7.41079e+09	7.28532e+09	7.55104e+09	5.12508e+09	6.48062e+09	6.48938e+09	6.49595e+09	6.89621e+09	6.61387e+09	8.25595e+09	8.38444e+09	7.67077e+09	8.02434e+09	8.26964e+09	7.88364e+09
ERR613928	6.83874e+09	7.71016e+09	7.67226e+09	7.73058e+09	6.92795e+09	6.97604e+09	7.57677e+09	7.69925e+09	7.54176e+09	6.90657e+09	7.37013e+09	7.3547e+09	7.68043e+09	7.01816e+09	6.98927e+09	6.89666e+09	7.59717e+09	7.28909e+09	8.22717e+09	8.20342e+09	8.21991e+09	8.86935e+09	7.39109e+09	8.27021e+09	6.45833e+09	8.44325e+09	8.70525e+09	8.24851e+09	8.46942e+09	8.48928e+09	7.62993e+09	7.72332e+09	8.41062e+09	7.76072e+09	8.46749e+09	8.09986e+09	7.87411e+09	6.86052e+09	8.20677e+09	6.7769e+09	6.62964e+09	6.73306e+09	7.69466e+09	8.54526e+09	8.12655e+09	8.09786e+09	7.77365e+09	8.09006e+09	8.08951e+09	6.73949e+09	7.64294e+09	6.24152e+09	6.92882e+09	6.82428e+09	6.12053e+09	5.93759e+09	6.41385e+09	6.77085e+09	6.08819e+09	6.71952e+09	6.64884e+09	5.69548e+09	6.74103e+09	5.07607e+09	6.94565e+09	5.03111e+09	6.98854e+09	6.92021e+09	6.73861e+09	7.01481e+09	6.70472e+09	6.88001e+09	8.14188e+09	7.99084e+09	7.98783e+09	5.62994e+09	7.4802e+09	7.08617e+09	7.74063e+09	7.378e+09	7.78664e+09	7.74669e+09	7.61029e+09	7.89856e+09	5.32831e+09	6.76247e+09	6.7716e+09	6.77833e+09	7.20518e+09	6.90362e+09	8.67464e+09	8.81868e+09	8.02806e+09	8.42022e+09	8.68921e+09	8.26302e+09
ERR613930	5.87675e+09	6.54602e+09	6.51254e+09	6.56059e+09	5.92615e+09	5.9653e+09	6.58665e+09	6.6829e+09	6.55702e+09	6.03302e+09	6.40191e+09	6.40433e+09	6.46545e+09	5.94049e+09	5.91774e+09	5.86257e+09	6.40091e+09	6.16766e+09	7.10291e+09	7.08531e+09	7.0973e+09	7.39109e+09	6.67474e+09	7.13741e+09	5.70766e+09	7.26402e+09	7.44854e+09	7.12246e+09	7.27977e+09	7.29629e+09	6.6391e+09	6.7051e+09	7.23476e+09	6.73216e+09	7.26595e+09	7.00455e+09	6.83892e+09	6.03299e+09	7.07635e+09	5.95956e+09	5.83552e+09	5.92219e+09	6.65415e+09	7.30132e+09	6.99133e+09	6.96217e+09	6.71524e+09	6.96185e+09	6.89367e+09	5.79715e+09	6.54603e+09	5.40337e+09	5.9501e+09	5.86453e+09	5.22389e+09	5.08908e+09	5.4737e+09	5.7488e+09	5.1999e+09	5.70653e+09	5.56342e+09	4.71268e+09	5.63309e+09	4.22797e+09	5.79719e+09	4.19322e+09	5.8168e+09	5.75971e+09	5.61843e+09	5.82916e+09	5.59744e+09	5.72732e+09	6.86433e+09	6.73983e+09	6.73597e+09	4.8609e+09	6.3218e+09	6.01565e+09	6.71156e+09	6.43151e+09	6.74982e+09	6.71667e+09	6.61651e+09	6.83361e+09	4.71538e+09	5.89748e+09	5.90403e+09	5.90933e+09	6.25384e+09	6.01636e+09	7.43512e+09	7.53595e+09	6.95811e+09	7.25815e+09	7.44423e+09	7.13678e+09
ERR613929	6.55755e+09	7.36766e+09	7.3313e+09	7.38625e+09	6.63605e+09	6.68123e+09	7.29418e+09	7.40863e+09	7.25996e+09	6.65809e+09	7.09467e+09	7.08338e+09	7.32024e+09	6.70147e+09	6.67394e+09	6.5924e+09	7.24318e+09	6.95781e+09	7.90635e+09	7.88453e+09	7.90003e+09	8.27021e+09	7.13741e+09	8.16481e+09	6.24461e+09	8.10259e+09	8.34143e+09	7.92522e+09	8.12611e+09	8.14476e+09	7.34955e+09	7.43495e+09	8.07265e+09	7.46944e+09	8.12175e+09	7.78747e+09	7.5768e+09	6.62465e+09	7.88157e+09	6.5442e+09	6.40391e+09	6.50219e+09	7.3933e+09	8.17978e+09	7.79575e+09	7.7668e+09	7.46648e+09	7.76154e+09	7.73516e+09	6.46239e+09	7.31929e+09	5.99507e+09	6.6401e+09	6.54163e+09	5.85431e+09	5.68495e+09	6.1342e+09	6.46642e+09	5.82476e+09	6.41797e+09	6.32057e+09	5.40085e+09	6.40518e+09	4.82396e+09	6.5967e+09	4.78196e+09	6.63204e+09	6.56696e+09	6.39831e+09	6.65418e+09	6.36836e+09	6.5293e+09	7.75837e+09	7.61561e+09	7.61237e+09	5.40156e+09	7.13444e+09	6.76742e+09	7.44273e+09	7.10504e+09	7.48674e+09	7.44888e+09	7.32353e+09	7.59072e+09	5.15012e+09	6.51142e+09	6.51974e+09	6.52615e+09	6.92903e+09	6.64596e+09	8.31013e+09	8.44046e+09	7.71742e+09	8.07894e+09	8.3237e+09	7.93435e+09
ERR608197	5.24118e+09	5.79916e+09	5.77014e+09	5.81081e+09	5.27326e+09	5.30725e+09	5.85796e+09	5.93937e+09	5.83231e+09	5.38394e+09	5.68864e+09	5.69956e+09	5.79311e+09	5.33674e+09	5.32078e+09	5.28026e+09	5.73682e+09	5.54434e+09	6.21304e+09	6.19527e+09	6.2065e+09	6.45833e+09	5.70766e+09	6.24461e+09	5.35824e+09	6.48452e+09	6.64472e+09	6.36903e+09	6.49828e+09	6.51273e+09	5.84424e+09	5.89455e+09	6.36109e+09	5.91812e+09	6.37676e+09	6.16074e+09	6.0238e+09	5.3353e+09	6.22071e+09	5.27074e+09	5.16376e+09	5.237e+09	5.85794e+09	6.40926e+09	6.14602e+09	6.12066e+09	5.90907e+09	6.12584e+09	6.03484e+09	5.09802e+09	5.7434e+09	4.76792e+09	5.22845e+09	5.15471e+09	4.6448e+09	4.53584e+09	4.86989e+09	5.09961e+09	4.62547e+09	5.06279e+09	4.83609e+09	4.08366e+09	4.89288e+09	3.67558e+09	5.03356e+09	3.64673e+09	5.17502e+09	5.12516e+09	5.00492e+09	5.18603e+09	4.98546e+09	5.09726e+09	6.03714e+09	5.93134e+09	5.92879e+09	4.34849e+09	5.57004e+09	5.31563e+09	5.8762e+09	5.64259e+09	5.90947e+09	5.88101e+09	5.80151e+09	5.98088e+09	4.20962e+09	5.19944e+09	5.20435e+09	5.20878e+09	5.49577e+09	5.3027e+09	6.53234e+09	6.61522e+09	6.1154e+09	6.38598e+09	6.53907e+09	6.27148e+09
ERR608201	6.74806e+09	7.59016e+09	7.55184e+09	7.60925e+09	6.82488e+09	6.87393e+09	7.52744e+09	7.64891e+09	7.49251e+09	6.86065e+09	7.31371e+09	7.30651e+09	7.63001e+09	6.97366e+09	6.94682e+09	6.86345e+09	7.54776e+09	7.25097e+09	8.05998e+09	8.03504e+09	8.0519e+09	8.44325e+09	7.26402e+09	8.10259e+09	6.48452e+09	8.70673e+09	8.70616e+09	8.25895e+09	8.47682e+09	8.49857e+09	7.51771e+09	7.60307e+09	8.28563e+09	7.64022e+09	8.32979e+09	7.98054e+09	7.76252e+09	6.7683e+09	8.07842e+09	6.68551e+09	6.53926e+09	6.64066e+09	7.584e+09	8.41471e+09	8.00889e+09	7.97772e+09	7.66123e+09	7.97437e+09	7.92649e+09	6.59873e+09	7.49263e+09	6.11488e+09	6.78421e+09	6.68097e+09	6.00118e+09	5.82775e+09	6.29684e+09	6.64124e+09	5.97003e+09	6.59026e+09	6.44265e+09	5.48127e+09	6.53121e+09	4.8871e+09	6.73061e+09	4.84487e+09	6.86273e+09	6.79328e+09	6.61588e+09	6.88471e+09	6.58447e+09	6.75318e+09	7.98696e+09	7.83735e+09	7.83444e+09	5.53146e+09	7.329e+09	6.9467e+09	7.5957e+09	7.24473e+09	7.64214e+09	7.60237e+09	7.47365e+09	7.75064e+09	5.24244e+09	6.6395e+09	6.6483e+09	6.65407e+09	7.06912e+09	6.7789e+09	8.53647e+09	8.67456e+09	7.90146e+09	8.2945e+09	8.54969e+09	8.13361e+09
ERR608199	6.95009e+09	7.84216e+09	7.80326e+09	7.86387e+09	7.03962e+09	7.08907e+09	7.7381e+09	7.86507e+09	7.70101e+09	7.04501e+09	7.52005e+09	7.50702e+09	7.89956e+09	7.20925e+09	7.18171e+09	7.08665e+09	7.81314e+09	7.4957e+09	8.29754e+09	8.27094e+09	8.28937e+09	8.70525e+09	7.44854e+09	8.34143e+09	6.64472e+09	8.70616e+09	9.25744e+09	8.50591e+09	8.7356e+09	8.75574e+09	7.73029e+09	7.82382e+09	8.53897e+09	7.86344e+09	8.59193e+09	8.21651e+09	7.97964e+09	6.94162e+09	8.3193e+09	6.85659e+09	6.70545e+09	6.81036e+09	7.80506e+09	8.68102e+09	8.25057e+09	8.22007e+09	7.8864e+09	8.21415e+09	8.18587e+09	6.79864e+09	7.72672e+09	6.29185e+09	6.99272e+09	6.8847e+09	6.18884e+09	6.004e+09	6.49313e+09	6.85934e+09	6.15681e+09	6.80544e+09	6.6728e+09	5.69317e+09	6.76661e+09	5.06682e+09	6.9751e+09	5.02224e+09	7.10974e+09	7.0391e+09	6.85157e+09	7.13696e+09	6.81627e+09	6.9975e+09	8.26212e+09	8.1068e+09	8.10392e+09	5.69036e+09	7.57922e+09	7.17458e+09	7.81223e+09	7.44251e+09	7.86036e+09	7.81911e+09	7.68138e+09	7.9752e+09	5.36862e+09	6.82025e+09	6.82999e+09	6.83647e+09	7.27164e+09	6.96524e+09	8.80017e+09	8.94831e+09	8.12627e+09	8.54028e+09	8.81541e+09	8.37009e+09
ERR608198	6.59879e+09	7.40988e+09	7.37264e+09	7.42865e+09	6.67133e+09	6.71752e+09	7.3714e+09	7.48821e+09	7.33634e+09	6.72382e+09	7.16021e+09	7.15546e+09	7.44174e+09	6.8071e+09	6.78271e+09	6.70398e+09	7.36275e+09	7.07751e+09	7.88412e+09	7.85924e+09	7.87624e+09	8.24851e+09	7.12246e+09	7.92522e+09	6.36903e+09	8.25895e+09	8.50591e+09	8.32455e+09	8.28364e+09	8.3025e+09	7.36394e+09	7.44568e+09	8.10112e+09	7.48087e+09	8.14278e+09	7.81028e+09	7.59854e+09	6.63727e+09	7.90074e+09	6.55607e+09	6.41322e+09	6.5118e+09	7.4159e+09	8.21164e+09	7.82441e+09	7.79423e+09	7.49035e+09	7.79262e+09	7.73713e+09	6.44861e+09	7.31824e+09	5.98229e+09	6.62899e+09	6.52888e+09	5.85955e+09	5.69383e+09	6.14831e+09	6.48114e+09	5.83083e+09	6.43088e+09	6.26365e+09	5.32092e+09	6.34834e+09	4.74795e+09	6.54092e+09	4.70758e+09	6.67402e+09	6.60863e+09	6.43753e+09	6.69668e+09	6.40701e+09	6.56985e+09	7.78155e+09	7.63707e+09	7.63423e+09	5.41264e+09	7.14571e+09	6.77724e+09	7.42976e+09	7.09232e+09	7.47539e+09	7.43687e+09	7.31331e+09	7.57881e+09	5.14669e+09	6.502e+09	6.51037e+09	6.51662e+09	6.91928e+09	6.63903e+09	8.33795e+09	8.46831e+09	7.7302e+09	8.10806e+09	8.35095e+09	7.95293e+09
ERR608200	6.76913e+09	7.62046e+09	7.58248e+09	7.64025e+09	6.85033e+09	6.89823e+09	7.54964e+09	7.67093e+09	7.51392e+09	6.87959e+09	7.33559e+09	7.32596e+09	7.66678e+09	7.00551e+09	6.97888e+09	6.89218e+09	7.58388e+09	7.28319e+09	8.08471e+09	8.05935e+09	8.07664e+09	8.46942e+09	7.27977e+09	8.12611e+09	6.49828e+09	8.47682e+09	8.7356e+09	8.28364e+09	8.76098e+09	8.5231e+09	7.54197e+09	7.63042e+09	8.31324e+09	7.66746e+09	8.36071e+09	8.00713e+09	7.78234e+09	6.78528e+09	8.10396e+09	6.70232e+09	6.55583e+09	6.65728e+09	7.605e+09	8.43871e+09	8.03044e+09	8.00114e+09	7.68251e+09	7.99615e+09	7.95453e+09	6.61933e+09	7.51549e+09	6.13241e+09	6.80556e+09	6.70153e+09	6.01915e+09	5.84309e+09	6.31432e+09	6.66431e+09	5.98861e+09	6.61268e+09	6.46671e+09	5.50727e+09	6.55606e+09	4.90741e+09	6.75665e+09	4.865e+09	6.88222e+09	6.81406e+09	6.63516e+09	6.90699e+09	6.60227e+09	6.77414e+09	8.01479e+09	7.86526e+09	7.86263e+09	5.54534e+09	7.35642e+09	6.97052e+09	7.61412e+09	7.25969e+09	7.66046e+09	7.62098e+09	7.48973e+09	7.76951e+09	5.25093e+09	6.65496e+09	6.66409e+09	6.67043e+09	7.0891e+09	6.79566e+09	8.55774e+09	8.69568e+09	7.91817e+09	8.31273e+09	8.57151e+09	8.1507e+09
ERR608202	6.78561e+09	7.63704e+09	7.59835e+09	7.65612e+09	6.86453e+09	6.91343e+09	7.5652e+09	7.6879e+09	7.52986e+09	6.89367e+09	7.35022e+09	7.34247e+09	7.68056e+09	7.01855e+09	6.99139e+09	6.90598e+09	7.59803e+09	7.29736e+09	8.10241e+09	8.07618e+09	8.09373e+09	8.48928e+09	7.29629e+09	8.14476e+09	6.51273e+09	8.49857e+09	8.75574e+09	8.3025e+09	8.5231e+09	8.80127e+09	7.55588e+09	7.64176e+09	8.33053e+09	7.67954e+09	8.37662e+09	8.02211e+09	7.80156e+09	6.79907e+09	8.12143e+09	6.71647e+09	6.56921e+09	6.67109e+09	7.62455e+09	8.46345e+09	8.05294e+09	8.02195e+09	7.70241e+09	8.01804e+09	7.97341e+09	6.63524e+09	7.53532e+09	6.1471e+09	6.82249e+09	6.71867e+09	6.03727e+09	5.86134e+09	6.33443e+09	6.68235e+09	6.00581e+09	6.63098e+09	6.48936e+09	5.52417e+09	6.57906e+09	4.92346e+09	6.78003e+09	4.88089e+09	6.90945e+09	6.83956e+09	6.66053e+09	6.9322e+09	6.62812e+09	6.79963e+09	8.03828e+09	7.88779e+09	7.8849e+09	5.56177e+09	7.37484e+09	6.98916e+09	7.6337e+09	7.27977e+09	7.68086e+09	7.64068e+09	7.51021e+09	7.79045e+09	5.26469e+09	6.67202e+09	6.68047e+09	6.68731e+09	7.10519e+09	6.81196e+09	8.58279e+09	8.72265e+09	7.94078e+09	8.33717e+09	8.5963e+09	8.17482e+09
ERR608374	6.18213e+09	6.92854e+09	6.89575e+09	6.94591e+09	6.2603e+09	6.30127e+09	6.7839e+09	6.88663e+09	6.75418e+09	6.21254e+09	6.60657e+09	6.59672e+09	6.81517e+09	6.25579e+09	6.22957e+09	6.15384e+09	6.74602e+09	6.48527e+09	7.3185e+09	7.29948e+09	7.31254e+09	7.62993e+09	6.6391e+09	7.34955e+09	5.84424e+09	7.51771e+09	7.73029e+09	7.36394e+09	7.54197e+09	7.55588e+09	7.20042e+09	7.08425e+09	7.64703e+09	7.11653e+09	7.69832e+09	7.39537e+09	7.04969e+09	6.20121e+09	7.32437e+09	6.12987e+09	6.00246e+09	6.09345e+09	6.9146e+09	7.61442e+09	7.27484e+09	7.2517e+09	6.98135e+09	7.24457e+09	7.31662e+09	6.15593e+09	6.9375e+09	5.71919e+09	6.32147e+09	6.22969e+09	5.57285e+09	5.41186e+09	5.82578e+09	6.13704e+09	5.5461e+09	6.09027e+09	5.96628e+09	5.13434e+09	6.04388e+09	4.60009e+09	6.21708e+09	4.56085e+09	6.22428e+09	6.16765e+09	6.01237e+09	6.24823e+09	5.98485e+09	6.13326e+09	7.31951e+09	7.19114e+09	7.18861e+09	5.15158e+09	6.75234e+09	6.41578e+09	7.02689e+09	6.72274e+09	7.06613e+09	7.03265e+09	6.91873e+09	7.15767e+09	4.92159e+09	6.19421e+09	6.20205e+09	6.20927e+09	6.57947e+09	6.31828e+09	7.74343e+09	7.85681e+09	7.22425e+09	7.5351e+09	7.7547e+09	7.41286e+09
ERR608375	6.2527e+09	7.02107e+09	6.98731e+09	7.03904e+09	6.33858e+09	6.37935e+09	6.85577e+09	6.9609e+09	6.82613e+09	6.27698e+09	6.67955e+09	6.66554e+09	6.9096e+09	6.33882e+09	6.31279e+09	6.23062e+09	6.83913e+09	6.56947e+09	7.40452e+09	7.38539e+09	7.39853e+09	7.72332e+09	6.7051e+09	7.43495e+09	5.89455e+09	7.60307e+09	7.82382e+09	7.44568e+09	7.63042e+09	7.64176e+09	7.08425e+09	7.36904e+09	7.7403e+09	7.20339e+09	7.79743e+09	7.48339e+09	7.12588e+09	6.26285e+09	7.41082e+09	6.19199e+09	6.06296e+09	6.15531e+09	6.99609e+09	7.71049e+09	7.36226e+09	7.34036e+09	7.06398e+09	7.33166e+09	7.41759e+09	6.23469e+09	7.02667e+09	5.78804e+09	6.40286e+09	6.30996e+09	5.64443e+09	5.47703e+09	5.89889e+09	6.22019e+09	5.61695e+09	6.17292e+09	6.06038e+09	5.22478e+09	6.13983e+09	4.67717e+09	6.31562e+09	4.63604e+09	6.31185e+09	6.25469e+09	6.09517e+09	6.33744e+09	6.06634e+09	6.22005e+09	7.42218e+09	7.29149e+09	7.2896e+09	5.20955e+09	6.84866e+09	6.50273e+09	7.10981e+09	6.79851e+09	7.14964e+09	7.11573e+09	6.99784e+09	7.24405e+09	4.96805e+09	6.2633e+09	6.2712e+09	6.27923e+09	6.65766e+09	6.38953e+09	7.83474e+09	7.95134e+09	7.30424e+09	7.61914e+09	7.84697e+09	7.49548e+09
ERR608373	6.7795e+09	7.63601e+09	7.59852e+09	7.6557e+09	6.86573e+09	6.91418e+09	7.42968e+09	7.54836e+09	7.39514e+09	6.77419e+09	7.22309e+09	7.21275e+09	7.5394e+09	6.8935e+09	6.86412e+09	6.77718e+09	7.45878e+09	7.15894e+09	8.03209e+09	8.00905e+09	8.0248e+09	8.41062e+09	7.23476e+09	8.07265e+09	6.36109e+09	8.28563e+09	8.53897e+09	8.10112e+09	8.31324e+09	8.33053e+09	7.64703e+09	7.7403e+09	8.66816e+09	7.7784e+09	8.48521e+09	8.1211e+09	7.72836e+09	6.74279e+09	8.04886e+09	6.66117e+09	6.51648e+09	6.61856e+09	7.5784e+09	8.40355e+09	8.00123e+09	7.97156e+09	7.65615e+09	7.96534e+09	8.06783e+09	6.73462e+09	7.62859e+09	6.24216e+09	6.92275e+09	6.8184e+09	6.12021e+09	5.93948e+09	6.41032e+09	6.76423e+09	6.08893e+09	6.71194e+09	6.55002e+09	5.61953e+09	6.63813e+09	5.01645e+09	6.83659e+09	4.97197e+09	6.9379e+09	6.87116e+09	6.69447e+09	6.96368e+09	6.66264e+09	6.83141e+09	8.10748e+09	7.96028e+09	7.95782e+09	5.63807e+09	7.45716e+09	7.07085e+09	7.70211e+09	7.34803e+09	7.7474e+09	7.70848e+09	7.57702e+09	7.85668e+09	5.33829e+09	6.75679e+09	6.76535e+09	6.77257e+09	7.19367e+09	6.89756e+09	8.5735e+09	8.70867e+09	7.94487e+09	8.33081e+09	8.58584e+09	8.17456e+09
