	ERR608374	ERR608375	ERR608373	ERR608376	ERR608372	ERR608371	ERR630233	ERR630231	ERR630235	ERR630232	ERR630230	ERR630234	ERR608758	ERR608757	ERR608760	ERR608762	ERR608761	ERR608759	ERR608647	ERR608650	ERR608652	ERR608651	ERR608648	ERR608649	ERR618662	ERR618658	ERR618657	ERR618659	ERR618660	ERR618661	ERR631209	ERR631212	ERR631207	ERR631208	ERR631211	ERR631210	ERR608102	ERR608099	ERR608104	ERR608100	ERR608101	ERR608103	ERR607649	ERR607646	ERR607645	ERR607648	ERR607650	ERR607647	ERR617256	ERR617257	ERR617255	ERR617253	ERR617254	ERR617258	ERR616222	ERR616226	ERR616223	ERR616225	ERR616227	ERR616224	ERR613798	ERR613799	ERR613795	ERR613797	ERR613796	ERR613794	ERR618232	ERR618235	ERR618236	ERR618233	ERR618231	ERR618234	ERR618542	ERR618537	ERR618538	ERR618539	ERR618540	ERR618541	ERR626688	ERR626691	ERR626687	ERR626690	ERR626689	ERR626686	ERR607129	ERR607127	ERR607126	ERR607128	ERR607130	ERR607125	ERR618440	ERR618437	ERR618435	ERR618436	ERR618439	ERR618438
ERR608374	0	0.809664	0.795574	0.808595	0.793215	0.802049	1.13309	1.15177	1.14325	1.15316	1.13758	1.13461	0.906269	0.936804	0.891431	0.903939	0.889575	0.894939	0.904786	0.872156	0.878055	0.872829	0.879598	0.871517	0.891415	0.886874	0.878308	0.882373	0.884316	0.890716	1.04699	1.06051	1.05695	1.06114	1.05932	1.05984	0.892724	0.880462	0.891089	0.871777	0.871676	0.891243	0.893739	0.890645	0.899499	0.893096	0.894838	0.896227	1.08752	1.08771	1.10296	1.10905	1.10249	1.10908	1.0856	1.07027	1.07924	1.07016	1.06801	1.09083	1.09797	1.09818	1.09562	1.09817	1.11414	1.08815	1.11151	1.11021	1.10897	1.10638	1.11029	1.10636	1.09594	1.08683	1.0918	1.08904	1.09046	1.09619	1.12843	1.10986	1.10829	1.11028	1.1105	1.1006	1.10915	1.11897	1.11721	1.11003	1.10962	1.11725	1.0834	1.08684	1.08119	1.09497	1.08437	1.08678
ERR608375	0.809664	0	0.793554	0.805229	0.790202	0.800302	1.13274	1.15125	1.14307	1.1526	1.13696	1.13404	0.904964	0.937032	0.8893	0.902696	0.887274	0.893645	0.904913	0.86999	0.876987	0.870721	0.87802	0.869847	0.889234	0.885556	0.876816	0.880786	0.881973	0.888597	1.04479	1.05825	1.0546	1.05859	1.05731	1.05754	0.889953	0.877699	0.887648	0.868556	0.869116	0.887961	0.892186	0.888919	0.898464	0.891831	0.893037	0.894999	1.08526	1.08539	1.10087	1.1075	1.10086	1.10837	1.08224	1.0668	1.07551	1.06666	1.0646	1.08627	1.09631	1.0961	1.09401	1.09634	1.11332	1.08607	1.11043	1.10879	1.1079	1.10536	1.10967	1.1051	1.09352	1.08471	1.08985	1.08677	1.08776	1.09374	1.12788	1.10836	1.10671	1.10858	1.1087	1.09924	1.10484	1.11447	1.1129	1.1055	1.10547	1.11261	1.0818	1.08562	1.07997	1.09402	1.08269	1.08504
ERR608373	0.795574	0.793554	0	0.792626	0.767205	0.777452	1.11525	1.13471	1.12524	1.13639	1.11999	1.11685	0.888452	0.920526	0.873521	0.886822	0.871196	0.877131	0.88536	0.852111	0.85769	0.85226	0.859291	0.849542	0.871523	0.863373	0.854831	0.859443	0.863114	0.871103	1.03159	1.0458	1.04214	1.0469	1.04443	1.04518	0.876928	0.861533	0.875154	0.852838	0.850731	0.875908	0.874905	0.871471	0.881666	0.874594	0.87637	0.877114	1.06913	1.06903	1.08577	1.09114	1.08557	1.09035	1.0701	1.05327	1.06371	1.0533	1.05127	1.07638	1.07923	1.07919	1.07616	1.07959	1.09502	1.06855	1.09355	1.0916	1.09018	1.08837	1.09149	1.08792	1.07806	1.06691	1.07214	1.06953	1.07193	1.07829	1.11017	1.09189	1.08955	1.09228	1.0924	1.08159	1.09683	1.10691	1.10496	1.09746	1.09731	1.10545	1.06315	1.06579	1.05985	1.0742	1.06407	1.0668
ERR608376	0.808595	0.805229	0.792626	0	0.789292	0.7992	1.13191	1.15041	1.14225	1.15185	1.13597	1.13318	0.904136	0.936582	0.888473	0.901941	0.886733	0.892152	0.904555	0.869421	0.87625	0.869944	0.877318	0.86907	0.887845	0.884541	0.875739	0.879439	0.880646	0.887043	1.04402	1.05801	1.05424	1.05815	1.05703	1.05753	0.889873	0.877789	0.887099	0.86851	0.868864	0.887967	0.892132	0.888835	0.89864	0.891762	0.893194	0.895348	1.08449	1.08464	1.10025	1.10683	1.10028	1.10775	1.08107	1.06571	1.07457	1.0655	1.06376	1.0854	1.09517	1.09531	1.09304	1.0955	1.1126	1.08535	1.10971	1.10822	1.1074	1.10466	1.10937	1.10444	1.09241	1.08363	1.08907	1.08579	1.08686	1.09278	1.12709	1.10754	1.10594	1.10788	1.10798	1.09804	1.10385	1.11384	1.112	1.10459	1.10478	1.11216	1.08089	1.08486	1.07892	1.0932	1.08208	1.08402
ERR608372	0.793215	0.790202	0.767205	0.789292	0	0.776556	1.11747	1.13685	1.12801	1.1383	1.12181	1.1189	0.888283	0.921571	0.872038	0.886208	0.869438	0.875955	0.887366	0.850874	0.857512	0.851075	0.858907	0.848992	0.869667	0.864031	0.854455	0.859163	0.861379	0.869109	1.03063	1.04505	1.04131	1.04578	1.0444	1.04472	0.874975	0.860373	0.872342	0.84971	0.849741	0.872985	0.87491	0.870378	0.881689	0.874352	0.876137	0.877854	1.069	1.06922	1.08593	1.09225	1.08567	1.09264	1.06712	1.05064	1.06044	1.0509	1.04856	1.07283	1.07957	1.07947	1.07701	1.07986	1.09692	1.06898	1.09488	1.09325	1.09211	1.08973	1.09377	1.08936	1.07759	1.06733	1.0729	1.06987	1.07161	1.07759	1.11204	1.09247	1.09042	1.09269	1.09302	1.08232	1.09244	1.1027	1.10074	1.09311	1.0927	1.10086	1.06427	1.06793	1.06176	1.07658	1.06515	1.0678
ERR608371	0.802049	0.800302	0.777452	0.7992	0.776556	0	1.12327	1.14218	1.13309	1.14388	1.12804	1.12467	0.895869	0.926682	0.881069	0.893871	0.878976	0.88456	0.89264	0.859934	0.865269	0.859951	0.866623	0.857992	0.879558	0.872822	0.864628	0.868413	0.871729	0.879114	1.03799	1.05197	1.04845	1.05291	1.05095	1.05139	0.882332	0.868204	0.881018	0.859933	0.858352	0.881689	0.882099	0.878573	0.887972	0.881537	0.88298	0.883948	1.07733	1.07733	1.09353	1.09921	1.093	1.09874	1.07771	1.06147	1.07127	1.06143	1.05947	1.0835	1.08795	1.08803	1.08528	1.08835	1.10382	1.07776	1.10147	1.09962	1.09833	1.09637	1.09989	1.09604	1.08638	1.07574	1.08082	1.07783	1.08011	1.08642	1.11847	1.10033	1.09783	1.1003	1.10057	1.09039	1.1028	1.11249	1.11056	1.10326	1.10316	1.11098	1.07178	1.07482	1.06922	1.08328	1.07306	1.07565
ERR630233	1.13309	1.13274	1.11525	1.13191	1.11747	1.12327	0	0.762837	0.750383	0.773863	0.746664	0.741282	1.13389	1.1505	1.12613	1.13377	1.12408	1.12666	1.13264	1.1133	1.11696	1.11377	1.11741	1.10988	1.11585	1.10774	1.10255	1.10666	1.10974	1.11534	1.00704	1.02045	1.0186	1.02283	1.02042	1.02028	1.13441	1.12369	1.13354	1.11736	1.11459	1.13408	1.12823	1.12398	1.13238	1.12853	1.12959	1.12894	0.981991	0.980665	1.00056	1.00441	0.99983	1.00003	1.00579	0.984341	0.99856	0.986419	0.981853	1.01527	0.95782	0.959125	0.956421	0.960083	0.974097	0.948108	0.932589	0.92941	0.92887	0.928323	0.928332	0.924878	0.970664	0.953813	0.959875	0.959079	0.964408	0.970819	0.985224	0.969068	0.965421	0.967836	0.969851	0.958207	1.02636	1.03678	1.03602	1.02708	1.02635	1.03629	0.951715	0.953588	0.947861	0.961974	0.952465	0.954111
ERR630231	1.15177	1.15125	1.13471	1.15041	1.13685	1.14218	0.762837	0	0.767999	0.786188	0.764106	0.763422	1.1521	1.16725	1.14495	1.15178	1.14306	1.14525	1.15062	1.13298	1.13615	1.13334	1.1366	1.12989	1.13549	1.12757	1.12317	1.1269	1.13	1.13504	1.03334	1.04584	1.04354	1.04781	1.04519	1.04547	1.15295	1.14257	1.15193	1.1369	1.13435	1.15241	1.14678	1.1426	1.15033	1.14663	1.14825	1.14719	1.00776	1.00591	1.02435	1.02719	1.0237	1.02258	1.02994	1.01012	1.02325	1.01216	1.00789	1.03883	0.982259	0.983262	0.980932	0.984647	0.99641	0.973328	0.951409	0.948674	0.948285	0.948062	0.947535	0.944325	0.994411	0.978601	0.98371	0.983431	0.988738	0.994437	1.00541	0.99171	0.987895	0.990607	0.992402	0.982167	1.0482	1.05701	1.05684	1.04866	1.04804	1.05682	0.977788	0.978704	0.97413	0.986463	0.977967	0.979818
ERR630235	1.14325	1.14307	1.12524	1.14225	1.12801	1.13309	0.750383	0.767999	0	0.77903	0.754171	0.751409	1.14381	1.15887	1.13661	1.14357	1.13444	1.13688	1.14186	1.1244	1.12729	1.12434	1.12765	1.12091	1.12671	1.11808	1.11332	1.11718	1.12103	1.12623	1.02284	1.0358	1.03385	1.0381	1.03523	1.03553	1.14472	1.13399	1.14415	1.12844	1.12503	1.14453	1.13822	1.13406	1.14201	1.13822	1.1394	1.13824	0.997022	0.995395	1.01416	1.01698	1.01347	1.01137	1.02138	1.00058	1.01482	1.00288	0.998321	1.03076	0.971288	0.972395	0.969765	0.973944	0.985275	0.962128	0.941868	0.93864	0.938461	0.938488	0.937352	0.934939	0.984678	0.967462	0.972759	0.972702	0.978196	0.984901	0.994919	0.981355	0.977508	0.980409	0.981994	0.970997	1.04159	1.05048	1.0501	1.04165	1.04132	1.05045	0.966001	0.966167	0.961492	0.97444	0.966351	0.968525
ERR630232	1.15316	1.1526	1.13639	1.15185	1.1383	1.14388	0.773863	0.786188	0.77903	0	0.77425	0.774154	1.15376	1.1692	1.14623	1.1535	1.1444	1.14694	1.15265	1.13478	1.1381	1.13508	1.1383	1.13132	1.13702	1.12952	1.12486	1.12868	1.13121	1.13624	1.03482	1.04711	1.04512	1.04897	1.04679	1.04667	1.15404	1.14424	1.15311	1.13832	1.13571	1.15343	1.14823	1.1443	1.15194	1.14823	1.14953	1.14873	1.00888	1.00755	1.02537	1.02902	1.02484	1.02516	1.03012	1.01115	1.02342	1.01305	1.00871	1.03833	0.983534	0.984439	0.982331	0.98595	0.997959	0.974955	0.955261	0.952676	0.952525	0.951766	0.951445	0.947805	0.996385	0.980919	0.986365	0.985725	0.99043	0.996687	1.00808	0.993466	0.990026	0.992518	0.99456	0.983868	1.04844	1.05757	1.05705	1.04922	1.04854	1.0574	0.979746	0.9811	0.976627	0.98897	0.980128	0.982168
ERR630230	1.13758	1.13696	1.11999	1.13597	1.12181	1.12804	0.746664	0.764106	0.754171	0.77425	0	0.747439	1.13819	1.15451	1.13015	1.13781	1.12845	1.1306	1.13741	1.11773	1.12152	1.11812	1.12197	1.11458	1.12037	1.11243	1.10723	1.11134	1.11436	1.11962	1.01327	1.02663	1.0244	1.02829	1.02618	1.02628	1.13851	1.12819	1.13755	1.12166	1.11936	1.13798	1.1325	1.12828	1.13637	1.13258	1.13398	1.13318	0.98794	0.986696	1.006	1.00988	1.00578	1.00627	1.01123	0.990598	1.004	0.992562	0.987871	1.02022	0.963795	0.964647	0.962018	0.966125	0.979915	0.953842	0.936689	0.933879	0.93346	0.932747	0.932897	0.929416	0.976037	0.959658	0.965505	0.964816	0.969532	0.97625	0.990057	0.974653	0.970742	0.97318	0.975101	0.963869	1.03095	1.04094	1.0403	1.03179	1.03077	1.04068	0.958123	0.959654	0.954686	0.968147	0.958794	0.960534
ERR630234	1.13461	1.13404	1.11685	1.13318	1.1189	1.12467	0.741282	0.763422	0.751409	0.774154	0.747439	0	1.13523	1.15182	1.12708	1.13501	1.12501	1.12771	1.13454	1.11487	1.1184	1.11498	1.11889	1.11146	1.11683	1.10931	1.10417	1.10804	1.11119	1.11642	1.00778	1.02128	1.01942	1.02317	1.02104	1.02109	1.13558	1.12485	1.13454	1.11862	1.11601	1.13532	1.12938	1.12516	1.13357	1.12948	1.13088	1.13006	0.983196	0.981699	1.00128	1.00583	1.00081	1.00163	1.00703	0.985554	0.999477	0.987458	0.983044	1.01573	0.958433	0.959642	0.957378	0.961334	0.975357	0.949052	0.933135	0.930027	0.929617	0.928871	0.929413	0.92543	0.971132	0.954544	0.960774	0.959924	0.964614	0.971334	0.986055	0.970022	0.966216	0.968679	0.970421	0.959237	1.02638	1.03673	1.03607	1.02716	1.0264	1.03653	0.952975	0.954576	0.949574	0.963369	0.953378	0.955566
ERR608758	0.906269	0.904964	0.888452	0.904136	0.888283	0.895869	1.13389	1.1521	1.14381	1.15376	1.13819	1.13523	0	0.86705	0.822367	0.834403	0.819295	0.822242	0.932102	0.90072	0.906795	0.90106	0.907295	0.898028	0.890971	0.884727	0.877079	0.880302	0.88312	0.890234	1.05754	1.07082	1.06707	1.07104	1.07009	1.06988	0.894132	0.881314	0.891975	0.873378	0.872448	0.892827	0.888389	0.885493	0.893429	0.888576	0.889177	0.890594	1.09171	1.09157	1.10696	1.11212	1.10685	1.11254	1.09204	1.07679	1.0863	1.07771	1.07537	1.09854	1.09896	1.0985	1.096	1.09903	1.11423	1.0885	1.11229	1.11083	1.10963	1.10761	1.11066	1.10744	1.10522	1.09543	1.1	1.09782	1.09977	1.10513	1.13149	1.11396	1.11173	1.11427	1.1143	1.10445	1.11954	1.12837	1.12656	1.12004	1.11957	1.12718	1.08555	1.08865	1.08285	1.09616	1.0867	1.0888
ERR608757	0.936804	0.937032	0.920526	0.936582	0.921571	0.926682	1.1505	1.16725	1.15887	1.1692	1.15451	1.15182	0.86705	0	0.859015	0.866639	0.856326	0.857407	0.956989	0.935184	0.93903	0.935333	0.939173	0.932339	0.922549	0.913828	0.908818	0.911195	0.915837	0.921911	1.08358	1.09539	1.09239	1.09703	1.09474	1.09446	0.924183	0.912461	0.923778	0.907091	0.904527	0.924397	0.918408	0.916293	0.921194	0.918289	0.91904	0.918902	1.11395	1.11397	1.12811	1.13156	1.12764	1.12949	1.11817	1.10317	1.11326	1.1044	1.10209	1.12533	1.12071	1.12008	1.11737	1.12062	1.13209	1.11103	1.131	1.12957	1.1279	1.12717	1.12847	1.1266	1.12749	1.11754	1.12078	1.1192	1.12221	1.12754	1.14811	1.13404	1.13158	1.13421	1.13434	1.12556	1.14451	1.15227	1.15068	1.14465	1.14425	1.15189	1.10705	1.1086	1.10383	1.11528	1.10813	1.11009
ERR608760	0.891431	0.8893	0.873521	0.888473	0.872038	0.881069	1.12613	1.14495	1.13661	1.14623	1.13015	1.12708	0.822367	0.859015	0	0.817282	0.798891	0.808585	0.920816	0.884822	0.89193	0.884856	0.89275	0.883196	0.875302	0.870858	0.861916	0.865982	0.86733	0.874488	1.04514	1.05938	1.05546	1.05945	1.05857	1.05849	0.879933	0.866531	0.876588	0.856827	0.856851	0.877562	0.874123	0.871134	0.880547	0.874187	0.875465	0.87699	1.08064	1.08065	1.09672	1.10292	1.09642	1.10408	1.07965	1.06414	1.07329	1.06477	1.06185	1.08552	1.08798	1.08777	1.08556	1.08818	1.10517	1.07787	1.10333	1.10207	1.10071	1.09815	1.1026	1.09847	1.09424	1.08489	1.08996	1.0871	1.08856	1.09391	1.12376	1.10422	1.10248	1.10451	1.10453	1.09462	1.10652	1.11624	1.11445	1.10705	1.1068	1.11487	1.07515	1.0789	1.07321	1.08736	1.07632	1.07856
ERR608762	0.903939	0.902696	0.886822	0.901941	0.886208	0.893871	1.13377	1.15178	1.14357	1.1535	1.13781	1.13501	0.834403	0.866639	0.817282	0	0.814001	0.822326	0.930375	0.89961	0.904939	0.899976	0.905863	0.897565	0.888396	0.882312	0.874576	0.878197	0.881045	0.887997	1.05729	1.07061	1.06703	1.07137	1.06984	1.06967	0.891483	0.87858	0.889587	0.870812	0.869811	0.890382	0.885469	0.88288	0.89088	0.885786	0.886616	0.887474	1.09139	1.09127	1.10672	1.11195	1.10665	1.11183	1.09238	1.07651	1.08613	1.07719	1.07517	1.09845	1.09858	1.09822	1.09567	1.09873	1.11376	1.08831	1.11242	1.11097	1.10955	1.10762	1.11092	1.1075	1.10501	1.09542	1.09982	1.09736	1.09928	1.10464	1.13131	1.11383	1.11148	1.1142	1.11403	1.10462	1.11885	1.12833	1.12648	1.11946	1.11911	1.12726	1.08538	1.08842	1.08302	1.09612	1.08652	1.08885
ERR608761	0.889575	0.887274	0.871196	0.886733	0.869438	0.878976	1.12408	1.14306	1.13444	1.1444	1.12845	1.12501	0.819295	0.856326	0.798891	0.814001	0	0.805394	0.91776	0.881898	0.888809	0.882137	0.889702	0.879969	0.873286	0.868361	0.85902	0.863267	0.865438	0.872334	1.04297	1.05726	1.05326	1.05744	1.05649	1.0565	0.876873	0.863486	0.87436	0.853904	0.853746	0.875252	0.871537	0.868546	0.878262	0.871578	0.872857	0.874352	1.07869	1.07883	1.09497	1.10107	1.09453	1.10193	1.07781	1.06192	1.07145	1.06275	1.0602	1.08388	1.08606	1.08545	1.08339	1.08607	1.10329	1.07564	1.10125	1.09986	1.09848	1.09614	1.10001	1.0959	1.09207	1.08256	1.08767	1.08504	1.0863	1.0922	1.12178	1.1026	1.10051	1.10262	1.10247	1.09277	1.10504	1.11498	1.1131	1.10579	1.10539	1.11363	1.07302	1.07674	1.07064	1.08501	1.07412	1.0764
ERR608759	0.894939	0.893645	0.877131	0.892152	0.875955	0.88456	1.12666	1.14525	1.13688	1.14694	1.1306	1.12771	0.822242	0.857407	0.808585	0.822326	0.805394	0	0.922078	0.888475	0.894289	0.888295	0.89502	0.885647	0.879385	0.873337	0.864968	0.869305	0.871753	0.878707	1.04768	1.06147	1.05809	1.062	1.06117	1.06074	0.882643	0.869586	0.880851	0.86053	0.860081	0.881639	0.876108	0.873175	0.882238	0.876339	0.877586	0.87882	1.08266	1.08242	1.0983	1.10403	1.09821	1.1046	1.08304	1.06728	1.07674	1.06791	1.06559	1.08949	1.08942	1.08933	1.08704	1.08957	1.10579	1.0791	1.10436	1.10316	1.10163	1.09946	1.103	1.09939	1.0962	1.08651	1.09128	1.08861	1.09066	1.09634	1.12396	1.10549	1.10365	1.10598	1.10562	1.09601	1.11076	1.12023	1.1184	1.11126	1.11081	1.11909	1.07653	1.07985	1.07399	1.08787	1.07761	1.08001
ERR608647	0.904786	0.904913	0.88536	0.904555	0.887366	0.89264	1.13264	1.15062	1.14186	1.15265	1.13741	1.13454	0.932102	0.956989	0.920816	0.930375	0.91776	0.922078	0	0.821866	0.824105	0.821893	0.823973	0.816636	0.898147	0.887517	0.881079	0.885041	0.891071	0.898057	1.05234	1.06521	1.06141	1.06751	1.06397	1.06428	0.901635	0.88626	0.900634	0.879229	0.875816	0.902075	0.891759	0.888714	0.897015	0.891436	0.893466	0.892934	1.09545	1.09534	1.11046	1.11376	1.10987	1.11184	1.09958	1.08403	1.09458	1.08514	1.0829	1.10717	1.10055	1.10033	1.09703	1.10086	1.11302	1.0904	1.11368	1.11184	1.11045	1.10928	1.11107	1.10905	1.11029	1.09943	1.10305	1.10126	1.10475	1.11027	1.1297	1.11451	1.11215	1.1151	1.1151	1.10568	1.12762	1.13594	1.13397	1.12795	1.12717	1.13533	1.08704	1.08869	1.08378	1.09534	1.08806	1.09043
ERR608650	0.872156	0.86999	0.852111	0.869421	0.850874	0.859934	1.1133	1.13298	1.1244	1.13478	1.11773	1.11487	0.90072	0.935184	0.884822	0.89961	0.881898	0.888475	0.821866	0	0.78245	0.775673	0.787146	0.775296	0.857047	0.851244	0.841738	0.846598	0.848833	0.856621	1.02393	1.03855	1.03459	1.03899	1.03766	1.03774	0.865834	0.850318	0.862924	0.838893	0.838564	0.864269	0.858312	0.85402	0.866509	0.858066	0.860306	0.861979	1.06758	1.06781	1.08439	1.09078	1.08423	1.0917	1.06687	1.05091	1.06034	1.05137	1.04884	1.07286	1.07316	1.073	1.07065	1.07339	1.09119	1.06251	1.09115	1.08988	1.08858	1.08579	1.09033	1.08603	1.08203	1.07265	1.07757	1.07461	1.07629	1.0822	1.11031	1.09043	1.08838	1.09043	1.09025	1.08017	1.09479	1.1048	1.10288	1.09542	1.09515	1.10343	1.06063	1.06441	1.05838	1.0727	1.06155	1.06421
ERR608652	0.878055	0.876987	0.85769	0.87625	0.857512	0.865269	1.11696	1.13615	1.12729	1.1381	1.12152	1.1184	0.906795	0.93903	0.89193	0.904939	0.888809	0.894289	0.824105	0.78245	0	0.783068	0.792642	0.782582	0.865089	0.85768	0.848668	0.853699	0.856529	0.864602	1.02983	1.04402	1.04	1.04496	1.04315	1.04314	0.872291	0.856474	0.869723	0.846501	0.844799	0.871223	0.864206	0.860449	0.871712	0.863853	0.866135	0.867297	1.07342	1.07358	1.08954	1.09524	1.08931	1.09494	1.07419	1.0581	1.06816	1.05892	1.05665	1.08134	1.07899	1.07857	1.07586	1.07877	1.095	1.06832	1.09569	1.09426	1.09297	1.09079	1.0942	1.09044	1.08814	1.07797	1.08297	1.08025	1.08247	1.0883	1.11405	1.09534	1.09306	1.09542	1.09538	1.08557	1.10258	1.11217	1.11034	1.10302	1.10262	1.11121	1.06591	1.06936	1.06368	1.07717	1.06665	1.06947
ERR608651	0.872829	0.870721	0.85226	0.869944	0.851075	0.859951	1.11377	1.13334	1.12434	1.13508	1.11812	1.11498	0.90106	0.935333	0.884856	0.899976	0.882137	0.888295	0.821893	0.775673	0.783068	0	0.787721	0.776035	0.857928	0.851881	0.84196	0.847489	0.849756	0.857907	1.02435	1.03861	1.03471	1.0393	1.03797	1.03802	0.8662	0.850685	0.863331	0.839951	0.839263	0.865099	0.85825	0.853951	0.866595	0.85781	0.860211	0.861828	1.06822	1.06842	1.085	1.09114	1.08457	1.09202	1.06795	1.05177	1.06139	1.05238	1.04998	1.07397	1.07364	1.07322	1.07069	1.07387	1.09161	1.06315	1.0914	1.08991	1.08869	1.08606	1.09068	1.08616	1.08292	1.07278	1.07799	1.07511	1.07702	1.08284	1.11063	1.09057	1.0888	1.0909	1.09092	1.08095	1.09632	1.10614	1.10429	1.09704	1.09682	1.10472	1.06103	1.06485	1.05884	1.07302	1.06188	1.06458
ERR608648	0.879598	0.87802	0.859291	0.877318	0.858907	0.866623	1.11741	1.1366	1.12765	1.1383	1.12197	1.11889	0.907295	0.939173	0.89275	0.905863	0.889702	0.89502	0.823973	0.787146	0.792642	0.787721	0	0.782366	0.866929	0.85959	0.851033	0.855814	0.858985	0.866839	1.0299	1.04392	1.03997	1.04502	1.04299	1.04304	0.873622	0.857998	0.871174	0.847868	0.846354	0.872882	0.864971	0.861057	0.872119	0.864676	0.867156	0.867928	1.07359	1.07387	1.09021	1.09557	1.08972	1.09563	1.07502	1.05908	1.06884	1.05981	1.05767	1.08152	1.07929	1.07902	1.07629	1.07936	1.09576	1.06869	1.09609	1.09435	1.09326	1.09113	1.09461	1.09081	1.08878	1.07841	1.08315	1.08076	1.08314	1.08881	1.1142	1.0956	1.09334	1.09584	1.09568	1.08558	1.10316	1.1124	1.11056	1.10344	1.10317	1.1113	1.0664	1.06969	1.06406	1.07743	1.06739	1.07003
ERR608649	0.871517	0.869847	0.849542	0.86907	0.848992	0.857992	1.10988	1.12989	1.12091	1.13132	1.11458	1.11146	0.898028	0.932339	0.883196	0.897565	0.879969	0.885647	0.816636	0.775296	0.782582	0.776035	0.782366	0	0.855794	0.848293	0.838824	0.844268	0.847028	0.855435	1.02211	1.03697	1.03276	1.03786	1.03606	1.0362	0.864317	0.848271	0.861638	0.836922	0.836211	0.86317	0.855615	0.85131	0.863675	0.855383	0.857557	0.859093	1.06511	1.06524	1.0821	1.08776	1.08164	1.08849	1.06603	1.04948	1.05957	1.05027	1.04788	1.07259	1.07003	1.06983	1.06715	1.07024	1.08757	1.05907	1.08838	1.08704	1.08577	1.08311	1.08716	1.0832	1.08002	1.06958	1.07461	1.0717	1.07391	1.0801	1.1067	1.08685	1.08504	1.0873	1.08712	1.07699	1.09528	1.10504	1.103	1.09564	1.0954	1.10397	1.05717	1.061	1.05482	1.06889	1.05832	1.06097
ERR618662	0.891415	0.889234	0.871523	0.887845	0.869667	0.879558	1.11585	1.13549	1.12671	1.13702	1.12037	1.11683	0.890971	0.922549	0.875302	0.888396	0.873286	0.879385	0.898147	0.857047	0.865089	0.857928	0.866929	0.855794	0	0.788734	0.778456	0.783803	0.780521	0.789872	1.04442	1.05841	1.05521	1.05819	1.05827	1.05797	0.862226	0.84976	0.859261	0.839656	0.8396	0.859646	0.859306	0.855174	0.868195	0.858956	0.861271	0.863065	1.06829	1.06864	1.08496	1.09146	1.08455	1.09286	1.06568	1.0493	1.05882	1.04989	1.04761	1.07129	1.07637	1.07606	1.07378	1.07643	1.09454	1.06577	1.09206	1.09058	1.08947	1.08684	1.09133	1.0867	1.08324	1.0741	1.07945	1.07604	1.07768	1.08333	1.11366	1.09329	1.09132	1.09322	1.09328	1.08344	1.09315	1.10339	1.10168	1.094	1.09375	1.10205	1.06236	1.0664	1.06091	1.07504	1.06338	1.06589
ERR618658	0.886874	0.885556	0.863373	0.884541	0.864031	0.872822	1.10774	1.12757	1.11808	1.12952	1.11243	1.10931	0.884727	0.913828	0.870858	0.882312	0.868361	0.873337	0.887517	0.851244	0.85768	0.851881	0.85959	0.848293	0.788734	0	0.768176	0.773187	0.778964	0.788755	1.03996	1.05424	1.05071	1.05515	1.05344	1.05373	0.858646	0.843903	0.85695	0.835024	0.832641	0.857809	0.852381	0.848466	0.860421	0.852401	0.854639	0.854959	1.06314	1.06312	1.08008	1.08531	1.07979	1.08425	1.06561	1.04825	1.05894	1.04906	1.04672	1.07262	1.07091	1.07048	1.06722	1.07095	1.08672	1.0596	1.08521	1.08346	1.08197	1.07999	1.08311	1.08001	1.07933	1.06787	1.07249	1.07014	1.07295	1.07937	1.10552	1.08721	1.08474	1.0874	1.08726	1.07695	1.09598	1.10536	1.10351	1.09603	1.09598	1.10433	1.05518	1.0578	1.0521	1.06589	1.05622	1.05879
ERR618657	0.878308	0.876816	0.854831	0.875739	0.854455	0.864628	1.10255	1.12317	1.11332	1.12486	1.10723	1.10417	0.877079	0.908818	0.861916	0.874576	0.85902	0.864968	0.881079	0.841738	0.848668	0.84196	0.851033	0.838824	0.778456	0.768176	0	0.763308	0.768575	0.779116	1.03228	1.04653	1.04298	1.04696	1.04578	1.04608	0.851685	0.836274	0.848879	0.826254	0.824744	0.850083	0.845574	0.84091	0.853626	0.844945	0.847264	0.848425	1.05599	1.05642	1.07339	1.07897	1.07317	1.0792	1.05678	1.04006	1.05013	1.04055	1.03826	1.06416	1.06409	1.06355	1.0609	1.06423	1.08106	1.05277	1.0794	1.07752	1.07609	1.07392	1.07737	1.07379	1.07223	1.06098	1.06602	1.06356	1.06609	1.07242	1.1005	1.08095	1.07859	1.0813	1.0811	1.07066	1.08789	1.09773	1.0958	1.08799	1.08798	1.09672	1.04824	1.05165	1.04539	1.05999	1.04939	1.052
ERR618659	0.882373	0.880786	0.859443	0.879439	0.859163	0.868413	1.10666	1.1269	1.11718	1.12868	1.11134	1.10804	0.880302	0.911195	0.865982	0.878197	0.863267	0.869305	0.885041	0.846598	0.853699	0.847489	0.855814	0.844268	0.783803	0.773187	0.763308	0	0.773556	0.783811	1.03697	1.05103	1.04781	1.05167	1.05073	1.05053	0.854529	0.839751	0.852104	0.82998	0.828477	0.853017	0.849008	0.845037	0.857423	0.848918	0.851375	0.852181	1.06056	1.06092	1.07809	1.08357	1.07746	1.08307	1.06147	1.04459	1.05518	1.04491	1.04283	1.06857	1.06848	1.06847	1.06533	1.06871	1.0857	1.05767	1.08335	1.08174	1.08011	1.07795	1.08167	1.07788	1.07686	1.06593	1.07063	1.06809	1.07061	1.07688	1.10465	1.08514	1.0832	1.08569	1.08564	1.07508	1.09153	1.10117	1.09929	1.09196	1.09169	1.10008	1.05311	1.05637	1.05043	1.06444	1.05435	1.05682
ERR618660	0.884316	0.881973	0.863114	0.880646	0.861379	0.871729	1.10974	1.13	1.12103	1.13121	1.11436	1.11119	0.88312	0.915837	0.86733	0.881045	0.865438	0.871753	0.891071	0.848833	0.856529	0.849756	0.858985	0.847028	0.780521	0.778964	0.768575	0.773556	0	0.781332	1.03802	1.05227	1.04886	1.05232	1.052	1.05167	0.855512	0.841962	0.851889	0.831457	0.831123	0.853183	0.85221	0.848189	0.861438	0.851524	0.854349	0.856069	1.06155	1.0619	1.07855	1.08518	1.07832	1.0863	1.05953	1.04287	1.05283	1.04313	1.04098	1.06542	1.0695	1.06934	1.06685	1.06993	1.088	1.05897	1.08604	1.08452	1.08309	1.08048	1.08523	1.0804	1.07696	1.06724	1.07247	1.06947	1.07093	1.07678	1.10734	1.08649	1.08484	1.08695	1.08697	1.07669	1.08815	1.0986	1.09664	1.08893	1.08872	1.0971	1.05533	1.05916	1.05335	1.06813	1.05633	1.05882
ERR618661	0.890716	0.888597	0.871103	0.887043	0.869109	0.879114	1.11534	1.13504	1.12623	1.13624	1.11962	1.11642	0.890234	0.921911	0.874488	0.887997	0.872334	0.878707	0.898057	0.856621	0.864602	0.857907	0.866839	0.855435	0.789872	0.788755	0.779116	0.783811	0.781332	0	1.04346	1.0574	1.05435	1.05747	1.05701	1.05698	0.862501	0.850126	0.859592	0.840037	0.840063	0.860238	0.85995	0.855917	0.868285	0.859652	0.861957	0.863724	1.06751	1.06761	1.08403	1.09077	1.0838	1.09196	1.06479	1.04884	1.05843	1.04894	1.04686	1.07042	1.07555	1.07536	1.07301	1.07572	1.09399	1.06519	1.09137	1.08968	1.08848	1.08583	1.09037	1.08601	1.0826	1.07316	1.07846	1.07542	1.07682	1.08249	1.11276	1.09221	1.09063	1.09259	1.09244	1.08261	1.0926	1.10291	1.10112	1.0936	1.0933	1.10156	1.06124	1.06538	1.0597	1.07403	1.06236	1.06459
ERR631209	1.04699	1.04479	1.03159	1.04402	1.03063	1.03799	1.00704	1.03334	1.02284	1.03482	1.01327	1.00778	1.05754	1.08358	1.04514	1.05729	1.04297	1.04768	1.05234	1.02393	1.02983	1.02435	1.0299	1.02211	1.04442	1.03996	1.03228	1.03697	1.03802	1.04346	0	0.778988	0.77513	0.778828	0.779902	0.778494	1.05367	1.04233	1.05123	1.03336	1.03342	1.05223	1.05028	1.04629	1.05555	1.04997	1.0513	1.0521	0.916888	0.916422	0.939143	0.948982	0.938888	0.950965	0.937338	0.917873	0.92839	0.917795	0.914933	0.943714	0.942129	0.941528	0.940503	0.942373	0.968052	0.929928	0.958238	0.957235	0.955718	0.951783	0.95937	0.951021	0.910033	0.899249	0.906671	0.902601	0.90233	0.910152	0.978574	0.949184	0.947367	0.949302	0.950037	0.936168	0.944847	0.959314	0.957432	0.946142	0.944739	0.957931	0.910551	0.918234	0.909406	0.92997	0.912315	0.91527
ERR631212	1.06051	1.05825	1.0458	1.05801	1.04505	1.05197	1.02045	1.04584	1.0358	1.04711	1.02663	1.02128	1.07082	1.09539	1.05938	1.07061	1.05726	1.06147	1.06521	1.03855	1.04402	1.03861	1.04392	1.03697	1.05841	1.05424	1.04653	1.05103	1.05227	1.0574	0.778988	0	0.795081	0.79796	0.795932	0.794994	1.06708	1.05646	1.0648	1.04767	1.04764	1.06576	1.06364	1.06016	1.06887	1.06389	1.06489	1.06559	0.934821	0.934248	0.955465	0.964227	0.955337	0.966048	0.95167	0.934418	0.944293	0.934245	0.931303	0.957866	0.959196	0.95847	0.957871	0.959398	0.983385	0.948288	0.97139	0.970337	0.968217	0.965073	0.972436	0.964544	0.927414	0.917254	0.923883	0.920405	0.920443	0.927649	0.992933	0.965649	0.963693	0.965685	0.966022	0.952877	0.95928	0.973178	0.971363	0.960314	0.959446	0.971757	0.928664	0.935538	0.927771	0.946213	0.930079	0.932692
ERR631207	1.05695	1.0546	1.04214	1.05424	1.04131	1.04845	1.0186	1.04354	1.03385	1.04512	1.0244	1.01942	1.06707	1.09239	1.05546	1.06703	1.05326	1.05809	1.06141	1.03459	1.04	1.03471	1.03997	1.03276	1.05521	1.05071	1.04298	1.04781	1.04886	1.05435	0.77513	0.795081	0	0.794413	0.795229	0.794378	1.06368	1.05252	1.06147	1.04432	1.04382	1.06241	1.06025	1.05643	1.06503	1.05993	1.06119	1.06188	0.931772	0.931394	0.952737	0.962087	0.952545	0.9635	0.94971	0.931939	0.94205	0.93208	0.929192	0.956478	0.956529	0.956242	0.955007	0.956942	0.980822	0.945506	0.969244	0.968228	0.966254	0.963238	0.97036	0.962451	0.924789	0.91494	0.921534	0.918054	0.918213	0.925476	0.990361	0.962641	0.961139	0.962894	0.963719	0.950099	0.957779	0.971776	0.969808	0.958726	0.957249	0.970359	0.925381	0.932507	0.923888	0.943042	0.926679	0.929179
ERR631208	1.06114	1.05859	1.0469	1.05815	1.04578	1.05291	1.02283	1.04781	1.0381	1.04897	1.02829	1.02317	1.07104	1.09703	1.05945	1.07137	1.05744	1.062	1.06751	1.03899	1.04496	1.0393	1.04502	1.03786	1.05819	1.05515	1.04696	1.05167	1.05232	1.05747	0.778828	0.79796	0.794413	0	0.798502	0.797925	1.06739	1.05706	1.06469	1.04811	1.04846	1.06545	1.06441	1.06085	1.06978	1.06455	1.06575	1.06691	0.935105	0.93489	0.955643	0.96529	0.955237	0.968237	0.949987	0.933059	0.942154	0.932671	0.929922	0.955478	0.959667	0.958901	0.958667	0.959693	0.98466	0.948576	0.973003	0.971616	0.970192	0.966608	0.974457	0.966074	0.927063	0.918052	0.924705	0.921188	0.920453	0.927748	0.994218	0.965734	0.964229	0.965728	0.966126	0.953597	0.956774	0.970318	0.968829	0.958313	0.956833	0.969337	0.929536	0.937063	0.928698	0.948295	0.930708	0.933628
ERR631211	1.05932	1.05731	1.04443	1.05703	1.0444	1.05095	1.02042	1.04519	1.03523	1.04679	1.02618	1.02104	1.07009	1.09474	1.05857	1.06984	1.05649	1.06117	1.06397	1.03766	1.04315	1.03797	1.04299	1.03606	1.05827	1.05344	1.04578	1.05073	1.052	1.05701	0.779902	0.795932	0.795229	0.798502	0	0.795087	1.06657	1.05567	1.06437	1.04714	1.04697	1.06508	1.06285	1.05927	1.06801	1.06298	1.0641	1.06468	0.935445	0.934648	0.955741	0.964503	0.955525	0.966185	0.952679	0.935085	0.945331	0.934937	0.932386	0.959173	0.95924	0.958591	0.957868	0.959383	0.983024	0.947958	0.971372	0.970328	0.968395	0.965512	0.972217	0.964931	0.927205	0.917664	0.923917	0.920581	0.920368	0.927745	0.992384	0.965607	0.963692	0.965408	0.96595	0.952863	0.960534	0.974071	0.972213	0.961654	0.960555	0.972891	0.928426	0.935251	0.927294	0.946248	0.929851	0.932662
ERR631210	1.05984	1.05754	1.04518	1.05753	1.04472	1.05139	1.02028	1.04547	1.03553	1.04667	1.02628	1.02109	1.06988	1.09446	1.05849	1.06967	1.0565	1.06074	1.06428	1.03774	1.04314	1.03802	1.04304	1.0362	1.05797	1.05373	1.04608	1.05053	1.05167	1.05698	0.778494	0.794994	0.794378	0.797925	0.795087	0	1.06679	1.05569	1.06439	1.04745	1.04707	1.0653	1.06315	1.05952	1.06797	1.06299	1.06423	1.06486	0.934621	0.934284	0.95533	0.964392	0.954825	0.965678	0.952797	0.93511	0.945106	0.935294	0.932319	0.959083	0.958797	0.95805	0.957324	0.958864	0.982568	0.947764	0.971409	0.970521	0.9684	0.96551	0.972528	0.964652	0.927198	0.91704	0.923519	0.919906	0.920247	0.927403	0.992235	0.965147	0.963179	0.964984	0.965552	0.95232	0.960828	0.974271	0.972579	0.961623	0.960391	0.973134	0.928353	0.935213	0.927144	0.94587	0.929895	0.932334
ERR608102	0.892724	0.889953	0.876928	0.889873	0.874975	0.882332	1.13441	1.15295	1.14472	1.15404	1.13851	1.13558	0.894132	0.924183	0.879933	0.891483	0.876873	0.882643	0.901635	0.865834	0.872291	0.8662	0.873622	0.864317	0.862226	0.858646	0.851685	0.854529	0.855512	0.862501	1.05367	1.06708	1.06368	1.06739	1.06657	1.06679	0	0.769636	0.777138	0.760243	0.760249	0.77842	0.841754	0.838633	0.849053	0.841702	0.843055	0.844946	1.09201	1.09243	1.10744	1.11363	1.10741	1.11456	1.08758	1.0724	1.08107	1.07255	1.07053	1.09249	1.09657	1.09634	1.09425	1.09696	1.11343	1.08679	1.11408	1.11311	1.11149	1.10898	1.11336	1.10903	1.10627	1.09751	1.10252	1.0997	1.1006	1.10612	1.13382	1.11482	1.11304	1.11492	1.11495	1.10556	1.11033	1.12046	1.11875	1.11134	1.11104	1.11913	1.08818	1.09193	1.08636	1.10013	1.08886	1.09146
ERR608099	0.880462	0.877699	0.861533	0.877789	0.860373	0.868204	1.12369	1.14257	1.13399	1.14424	1.12819	1.12485	0.881314	0.912461	0.866531	0.87858	0.863486	0.869586	0.88626	0.850318	0.856474	0.850685	0.857998	0.848271	0.84976	0.843903	0.836274	0.839751	0.841962	0.850126	1.04233	1.05646	1.05252	1.05706	1.05567	1.05569	0.769636	0	0.766083	0.740832	0.740515	0.767326	0.827921	0.824263	0.835176	0.827482	0.829261	0.83077	1.08098	1.08127	1.09753	1.10315	1.09708	1.10345	1.07834	1.0624	1.07206	1.06254	1.06037	1.08418	1.08524	1.08537	1.08259	1.08562	1.10192	1.07512	1.10366	1.10207	1.1007	1.09848	1.10226	1.09827	1.09569	1.08596	1.09074	1.08805	1.08998	1.09571	1.12282	1.10414	1.10227	1.10424	1.10458	1.09448	1.10348	1.11329	1.11154	1.10409	1.10377	1.11203	1.0763	1.0797	1.07394	1.08778	1.07728	1.07963
ERR608104	0.891089	0.887648	0.875154	0.887099	0.872342	0.881018	1.13354	1.15193	1.14415	1.15311	1.13755	1.13454	0.891975	0.923778	0.876588	0.889587	0.87436	0.880851	0.900634	0.862924	0.869723	0.863331	0.871174	0.861638	0.859261	0.85695	0.848879	0.852104	0.851889	0.859592	1.05123	1.0648	1.06147	1.06469	1.06437	1.06439	0.777138	0.766083	0	0.755979	0.756879	0.773937	0.839466	0.836228	0.847253	0.839114	0.840789	0.843351	1.08981	1.08998	1.10562	1.11202	1.10558	1.11408	1.08375	1.06918	1.07761	1.06867	1.06668	1.0884	1.09424	1.09417	1.0919	1.09428	1.11212	1.08452	1.11324	1.11186	1.11058	1.10805	1.11278	1.10772	1.10357	1.09538	1.10036	1.09746	1.09806	1.10354	1.13275	1.11299	1.11156	1.11318	1.1131	1.10378	1.10655	1.11651	1.11462	1.10729	1.10729	1.11495	1.08658	1.09087	1.08492	1.09899	1.08725	1.08967
ERR608100	0.871777	0.868556	0.852838	0.86851	0.84971	0.859933	1.11736	1.1369	1.12844	1.13832	1.12166	1.11862	0.873378	0.907091	0.856827	0.870812	0.853904	0.86053	0.879229	0.838893	0.846501	0.839951	0.847868	0.836922	0.839656	0.835024	0.826254	0.82998	0.831457	0.840037	1.03336	1.04767	1.04432	1.04811	1.04714	1.04745	0.760243	0.740832	0.755979	0	0.72935	0.756947	0.819971	0.815835	0.828499	0.819647	0.82143	0.823802	1.07267	1.07293	1.08947	1.09591	1.08934	1.09695	1.06793	1.05174	1.0612	1.05181	1.04967	1.07349	1.07655	1.07653	1.07415	1.077	1.09461	1.06587	1.09677	1.09535	1.0939	1.09128	1.09587	1.09109	1.08668	1.07764	1.08267	1.07975	1.08123	1.08683	1.11657	1.09638	1.0946	1.09658	1.09638	1.0864	1.09263	1.10312	1.10132	1.09358	1.09316	1.10179	1.06801	1.07197	1.06604	1.0808	1.06906	1.07166
ERR608101	0.871676	0.869116	0.850731	0.868864	0.849741	0.858352	1.11459	1.13435	1.12503	1.13571	1.11936	1.11601	0.872448	0.904527	0.856851	0.869811	0.853746	0.860081	0.875816	0.838564	0.844799	0.839263	0.846354	0.836211	0.8396	0.832641	0.824744	0.828477	0.831123	0.840063	1.03342	1.04764	1.04382	1.04846	1.04697	1.04707	0.760249	0.740515	0.756879	0.72935	0	0.75894	0.81865	0.814637	0.826549	0.818486	0.820307	0.821607	1.07164	1.07179	1.08858	1.09428	1.08817	1.09394	1.06971	1.05281	1.06307	1.05326	1.05089	1.07598	1.07541	1.0754	1.07236	1.07579	1.092	1.06444	1.0943	1.09277	1.09122	1.08893	1.09271	1.08871	1.08667	1.07618	1.0811	1.07859	1.08059	1.08667	1.11377	1.0947	1.09268	1.09507	1.09496	1.08474	1.09575	1.10572	1.10401	1.09628	1.09601	1.10476	1.06603	1.06925	1.0635	1.07773	1.06702	1.06941
ERR608103	0.891243	0.887961	0.875908	0.887967	0.872985	0.881689	1.13408	1.15241	1.14453	1.15343	1.13798	1.13532	0.892827	0.924397	0.877562	0.890382	0.875252	0.881639	0.902075	0.864269	0.871223	0.865099	0.872882	0.86317	0.859646	0.857809	0.850083	0.853017	0.853183	0.860238	1.05223	1.06576	1.06241	1.06545	1.06508	1.0653	0.77842	0.767326	0.773937	0.756947	0.75894	0	0.840876	0.837653	0.848287	0.840557	0.842167	0.844379	1.09055	1.09078	1.10633	1.11291	1.10621	1.11451	1.08473	1.06985	1.07836	1.06966	1.06784	1.08937	1.09512	1.09495	1.09273	1.09539	1.11278	1.08485	1.11356	1.11243	1.11121	1.10835	1.11299	1.10837	1.1041	1.09604	1.10135	1.09819	1.0989	1.1043	1.13327	1.1136	1.11218	1.11379	1.11372	1.10434	1.1074	1.1174	1.11561	1.10828	1.10802	1.11566	1.08705	1.09124	1.0856	1.09957	1.08794	1.09046
ERR607649	0.893739	0.892186	0.874905	0.892132	0.87491	0.882099	1.12823	1.14678	1.13822	1.14823	1.1325	1.12938	0.888389	0.918408	0.874123	0.885469	0.871537	0.876108	0.891759	0.858312	0.864206	0.85825	0.864971	0.855615	0.859306	0.852381	0.845574	0.849008	0.85221	0.85995	1.05028	1.06364	1.06025	1.06441	1.06285	1.06315	0.841754	0.827921	0.839466	0.819971	0.81865	0.840876	0	0.754994	0.76643	0.755842	0.757933	0.761547	1.08768	1.08791	1.10369	1.10904	1.10349	1.10957	1.09015	1.07443	1.08384	1.07514	1.07282	1.09615	1.0909	1.09059	1.08797	1.09092	1.10689	1.0806	1.11113	1.10924	1.10806	1.10609	1.10959	1.10574	1.10118	1.09123	1.09585	1.09352	1.09567	1.1012	1.12596	1.10766	1.10552	1.10792	1.1077	1.09833	1.11823	1.12743	1.12572	1.11891	1.11855	1.12633	1.08053	1.0837	1.07795	1.09158	1.08162	1.0838
ERR607646	0.890645	0.888919	0.871471	0.888835	0.870378	0.878573	1.12398	1.1426	1.13406	1.1443	1.12828	1.12516	0.885493	0.916293	0.871134	0.88288	0.868546	0.873175	0.888714	0.85402	0.860449	0.853951	0.861057	0.85131	0.855174	0.848466	0.84091	0.845037	0.848189	0.855917	1.04629	1.06016	1.05643	1.06085	1.05927	1.05952	0.838633	0.824263	0.836228	0.815835	0.814637	0.837653	0.754994	0	0.760432	0.755062	0.756868	0.75581	1.08286	1.08297	1.09893	1.10444	1.09866	1.10541	1.08527	1.06936	1.07898	1.07007	1.06769	1.09142	1.08583	1.08584	1.08276	1.08614	1.10243	1.07545	1.10662	1.10491	1.10367	1.10143	1.10526	1.1014	1.09638	1.08626	1.09115	1.08868	1.0908	1.09617	1.12178	1.10308	1.10098	1.10333	1.10339	1.09359	1.11409	1.1236	1.12157	1.11479	1.11429	1.12235	1.07567	1.0787	1.07267	1.08653	1.07648	1.07898
ERR607645	0.899499	0.898464	0.881666	0.89864	0.881689	0.887972	1.13238	1.15033	1.14201	1.15194	1.13637	1.13357	0.893429	0.921194	0.880547	0.89088	0.878262	0.882238	0.897015	0.866509	0.871712	0.866595	0.872119	0.863675	0.868195	0.860421	0.853626	0.857423	0.861438	0.868285	1.05555	1.06887	1.06503	1.06978	1.06801	1.06797	0.849053	0.835176	0.847253	0.828499	0.826549	0.848287	0.76643	0.760432	0	0.766473	0.768257	0.766014	1.09365	1.09345	1.10894	1.11373	1.10839	1.11374	1.09693	1.08138	1.09097	1.08239	1.07969	1.1031	1.09677	1.09646	1.09377	1.09698	1.11165	1.08647	1.11551	1.11386	1.11273	1.11089	1.11405	1.1108	1.10693	1.09683	1.10131	1.09925	1.10131	1.10701	1.13009	1.11273	1.11072	1.1131	1.1134	1.10357	1.12502	1.13401	1.13206	1.12558	1.12511	1.13279	1.08635	1.08899	1.08355	1.09636	1.08733	1.08938
ERR607648	0.893096	0.891831	0.874594	0.891762	0.874352	0.881537	1.12853	1.14663	1.13822	1.14823	1.13258	1.12948	0.888576	0.918289	0.874187	0.885786	0.871578	0.876339	0.891436	0.858066	0.863853	0.85781	0.864676	0.855383	0.858956	0.852401	0.844945	0.848918	0.851524	0.859652	1.04997	1.06389	1.05993	1.06455	1.06298	1.06299	0.841702	0.827482	0.839114	0.819647	0.818486	0.840557	0.755842	0.755062	0.766473	0	0.757304	0.761337	1.08768	1.08786	1.10348	1.10895	1.10349	1.10965	1.08982	1.0744	1.08356	1.07491	1.07254	1.09594	1.09095	1.09082	1.08792	1.09125	1.10745	1.08064	1.11084	1.10934	1.10788	1.10594	1.10949	1.10592	1.10117	1.09131	1.09605	1.09363	1.09572	1.10104	1.12629	1.10772	1.1057	1.10817	1.10819	1.09839	1.11798	1.12713	1.12544	1.1185	1.11817	1.12603	1.08045	1.08379	1.07829	1.0916	1.0815	1.08403
ERR607650	0.894838	0.893037	0.87637	0.893194	0.876137	0.88298	1.12959	1.14825	1.1394	1.14953	1.13398	1.13088	0.889177	0.91904	0.875465	0.886616	0.872857	0.877586	0.893466	0.860306	0.866135	0.860211	0.867156	0.857557	0.861271	0.854639	0.847264	0.851375	0.854349	0.861957	1.0513	1.06489	1.06119	1.06575	1.0641	1.06423	0.843055	0.829261	0.840789	0.82143	0.820307	0.842167	0.757933	0.756868	0.768257	0.757304	0	0.763194	1.08938	1.08937	1.10525	1.11066	1.10489	1.11109	1.09155	1.0762	1.08535	1.07678	1.07447	1.09762	1.09238	1.0923	1.08943	1.09268	1.1084	1.08232	1.11253	1.11092	1.10956	1.1075	1.11145	1.10728	1.10293	1.09304	1.09768	1.09537	1.09752	1.1028	1.12741	1.1092	1.10725	1.10946	1.10941	1.09993	1.1195	1.12874	1.12689	1.12022	1.11997	1.12752	1.08206	1.08541	1.07962	1.09306	1.08325	1.08542
ERR607647	0.896227	0.894999	0.877114	0.895348	0.877854	0.883948	1.12894	1.14719	1.13824	1.14873	1.13318	1.13006	0.890594	0.918902	0.87699	0.887474	0.874352	0.87882	0.892934	0.861979	0.867297	0.861828	0.867928	0.859093	0.863065	0.854959	0.848425	0.852181	0.856069	0.863724	1.0521	1.06559	1.06188	1.06691	1.06468	1.06486	0.844946	0.83077	0.843351	0.823802	0.821607	0.844379	0.761547	0.75581	0.766014	0.761337	0.763194	0	1.0896	1.08951	1.10508	1.11002	1.10495	1.10978	1.09285	1.07737	1.08707	1.07823	1.0757	1.09968	1.09258	1.09234	1.0896	1.09279	1.10751	1.08232	1.11174	1.11026	1.10883	1.10709	1.11001	1.107	1.10331	1.09302	1.09762	1.0949	1.09791	1.10323	1.12655	1.10929	1.10705	1.10954	1.10946	1.09986	1.12167	1.13053	1.12884	1.1222	1.12188	1.12959	1.08195	1.08474	1.07904	1.09215	1.08299	1.08493
