	ERR626870	ERR626867	ERR626868	ERR626872	ERR626869	ERR626871	ERR618548	ERR618543	ERR618545	ERR618544	ERR618546	ERR618547	ERR636894	ERR636891	ERR636890	ERR636893	ERR636889	ERR636892	ERR626884	ERR626883	ERR626881	ERR626880	ERR626882	ERR626879	ERR613232	ERR613231	ERR613229	ERR613228	ERR613230	ERR613227	ERR608647	ERR608650	ERR608652	ERR608651	ERR608648	ERR608649	ERR622084	ERR622088	ERR622086	ERR622087	ERR622085	ERR622083	ERR606035	ERR606030	ERR606033	ERR606034	ERR606031	ERR606032	ERR613798	ERR613799	ERR613795	ERR613797	ERR613796	ERR613794	ERR607446	ERR607445	ERR607448	ERR607447	ERR607449	ERR607450	ERR621958	ERR621957	ERR621955	ERR621960	ERR621956	ERR621959	ERR612610	ERR612607	ERR612608	ERR612612	ERR612611	ERR612609	ERR617200	ERR617202	ERR617198	ERR617201	ERR617199	ERR617197	ERR626644	ERR626648	ERR626647	ERR626649	ERR626646	ERR626645	ERR613475	ERR613474	ERR613473	ERR613477	ERR613478	ERR613476	ERR617314	ERR617316	ERR617317	ERR617315	ERR617318	ERR617313
ERR626870	0	0.298742	0.280455	0.295895	0.280772	0.25841	0.392299	0.392979	0.388498	0.390482	0.395348	0.393414	0.380558	0.372358	0.368058	0.380812	0.371171	0.379776	0.325493	0.288309	0.312637	0.31105	0.28894	0.331614	0.367147	0.367459	0.359106	0.363576	0.375429	0.370041	0.368258	0.357369	0.355701	0.356703	0.355797	0.361521	0.393536	0.402194	0.403849	0.403603	0.393219	0.397204	0.348524	0.373373	0.348892	0.349976	0.377991	0.381098	0.463859	0.46382	0.466346	0.46328	0.466612	0.473159	0.336393	0.340223	0.33531	0.335004	0.333566	0.334132	0.466544	0.470116	0.46679	0.468263	0.470184	0.466816	0.472028	0.480003	0.47549	0.47252	0.473194	0.478562	0.493102	0.498635	0.497292	0.492166	0.498801	0.493549	0.470329	0.460703	0.460599	0.462256	0.47213	0.463997	0.486842	0.487055	0.488494	0.475739	0.476269	0.475791	0.560131	0.543601	0.544541	0.557381	0.544571	0.559577
ERR626867	0.298742	0	0.252316	0.246321	0.251502	0.301431	0.40468	0.418502	0.419584	0.421973	0.407091	0.404436	0.357329	0.329396	0.323519	0.358065	0.340278	0.354763	0.280293	0.320315	0.281878	0.282144	0.317362	0.279861	0.408848	0.408221	0.357465	0.350838	0.420907	0.346542	0.361184	0.313832	0.319146	0.313868	0.320337	0.312464	0.403688	0.389426	0.390729	0.389453	0.403439	0.402586	0.349924	0.368331	0.345452	0.345993	0.328366	0.329391	0.442819	0.442843	0.442074	0.442751	0.46384	0.440434	0.366698	0.374059	0.327153	0.371259	0.326782	0.326992	0.464888	0.484305	0.469388	0.464119	0.483717	0.465908	0.470919	0.456121	0.482614	0.472811	0.470638	0.459534	0.502579	0.506903	0.485736	0.497337	0.486691	0.487446	0.447307	0.458079	0.460278	0.460053	0.479469	0.453402	0.461886	0.461898	0.462328	0.484314	0.48589	0.484784	0.590554	0.565309	0.567111	0.587229	0.566402	0.588331
ERR626868	0.280455	0.252316	0	0.252016	0.248873	0.282401	0.403078	0.413919	0.413332	0.415625	0.406	0.403183	0.349683	0.330494	0.326567	0.350346	0.336454	0.347833	0.287121	0.305829	0.28284	0.281793	0.304061	0.289607	0.390639	0.389839	0.351073	0.347854	0.401284	0.348653	0.347036	0.31767	0.318691	0.317087	0.319332	0.318197	0.397916	0.390659	0.392112	0.391249	0.397733	0.398587	0.339267	0.356036	0.336582	0.33695	0.33654	0.3385	0.441949	0.441809	0.441616	0.441447	0.454546	0.443656	0.347383	0.353673	0.318176	0.350766	0.317814	0.318152	0.459416	0.474153	0.462806	0.459412	0.473761	0.459894	0.464863	0.457589	0.473776	0.466409	0.464739	0.458022	0.499495	0.501062	0.488668	0.495381	0.490156	0.487851	0.446006	0.449654	0.451246	0.451587	0.466677	0.446981	0.462025	0.462075	0.462817	0.475225	0.476607	0.475563	0.583166	0.560593	0.562337	0.579874	0.561857	0.580168
ERR626872	0.295895	0.246321	0.252016	0	0.250973	0.298704	0.402289	0.416266	0.417113	0.41953	0.404752	0.40196	0.356328	0.329013	0.323159	0.357117	0.339267	0.353619	0.279374	0.317442	0.28053	0.281468	0.314883	0.280978	0.406508	0.405642	0.357007	0.350914	0.418086	0.346892	0.359129	0.314097	0.318847	0.314049	0.320106	0.313222	0.403303	0.389339	0.390679	0.389375	0.402932	0.402155	0.349693	0.367205	0.345234	0.345901	0.330067	0.330733	0.443665	0.443646	0.443015	0.443585	0.463658	0.441969	0.363601	0.370797	0.325194	0.368329	0.324871	0.32497	0.464572	0.483484	0.469691	0.464077	0.483309	0.465816	0.471191	0.457066	0.482762	0.473085	0.470834	0.460399	0.501829	0.505795	0.485667	0.496616	0.486909	0.487177	0.4481	0.457854	0.460086	0.459836	0.478716	0.453541	0.463061	0.463118	0.463599	0.48433	0.485968	0.484771	0.589152	0.564245	0.565962	0.585899	0.56524	0.586859
ERR626869	0.280772	0.251502	0.248873	0.250973	0	0.282978	0.399101	0.410195	0.409865	0.412067	0.401867	0.39917	0.352285	0.331262	0.326676	0.352787	0.337835	0.350253	0.285044	0.304979	0.281368	0.281397	0.30293	0.288173	0.390839	0.390245	0.350368	0.347279	0.401714	0.346856	0.350007	0.317305	0.319267	0.317023	0.319785	0.317912	0.39628	0.388481	0.389787	0.38885	0.396042	0.396714	0.340349	0.358384	0.337253	0.337784	0.335861	0.337688	0.441812	0.441886	0.441774	0.441505	0.456066	0.443446	0.34893	0.355324	0.318662	0.352394	0.318035	0.318099	0.459175	0.47408	0.462842	0.459024	0.474185	0.459873	0.465102	0.457157	0.474623	0.466687	0.464943	0.458215	0.497481	0.500032	0.486096	0.493165	0.487535	0.485772	0.446517	0.450947	0.452483	0.45279	0.468915	0.448282	0.462697	0.462735	0.463416	0.475894	0.477204	0.47623	0.581397	0.558345	0.560097	0.578154	0.559628	0.578844
ERR626871	0.25841	0.301431	0.282401	0.298704	0.282978	0	0.393633	0.394097	0.38932	0.391205	0.396936	0.394953	0.379965	0.372977	0.368795	0.37999	0.371036	0.379266	0.328226	0.289928	0.315072	0.313353	0.290092	0.334443	0.365265	0.365859	0.359069	0.364249	0.373249	0.371016	0.366816	0.358322	0.356175	0.357556	0.356236	0.362737	0.394093	0.403528	0.405442	0.405151	0.393915	0.397956	0.348706	0.372958	0.349263	0.350487	0.379567	0.382866	0.464337	0.464171	0.466787	0.463534	0.465883	0.473974	0.334046	0.337799	0.335398	0.332694	0.333539	0.334152	0.466306	0.468957	0.466168	0.46801	0.468986	0.466446	0.472013	0.480743	0.474966	0.472457	0.472816	0.479023	0.493546	0.498411	0.498334	0.49254	0.499831	0.494115	0.470736	0.460054	0.459961	0.461598	0.470926	0.463647	0.487354	0.487433	0.488802	0.474687	0.475426	0.474962	0.559777	0.543666	0.544533	0.557127	0.544626	0.558898
ERR618548	0.392299	0.40468	0.403078	0.402289	0.399101	0.393633	0	0.264499	0.268256	0.268886	0.257466	0.257633	0.515823	0.483442	0.473191	0.516159	0.49472	0.51311	0.398361	0.387443	0.395206	0.39796	0.384703	0.402242	0.45255	0.453613	0.427781	0.426712	0.465014	0.421295	0.497668	0.445838	0.456145	0.447742	0.457876	0.447484	0.363256	0.359293	0.35843	0.359034	0.362606	0.359551	0.440246	0.480887	0.438715	0.439696	0.437409	0.435864	0.540032	0.539033	0.54376	0.538892	0.559315	0.541489	0.447764	0.453298	0.430218	0.447364	0.428025	0.429865	0.535459	0.544645	0.538325	0.537929	0.545137	0.53718	0.540813	0.53791	0.550445	0.541377	0.542941	0.545782	0.510177	0.530758	0.506573	0.507973	0.505065	0.510831	0.547588	0.547046	0.547958	0.549531	0.569033	0.550588	0.553706	0.553807	0.554845	0.548571	0.549604	0.548993	0.558096	0.535982	0.5357	0.555946	0.535008	0.565806
ERR618543	0.392979	0.418502	0.413919	0.416266	0.410195	0.394097	0.264499	0	0.260737	0.26128	0.264874	0.265405	0.524955	0.495898	0.485182	0.525175	0.504864	0.522556	0.413301	0.389049	0.407792	0.410153	0.387008	0.417495	0.45079	0.452335	0.434188	0.43481	0.462554	0.430645	0.505299	0.457532	0.467427	0.459266	0.468423	0.460178	0.362958	0.367884	0.367078	0.367904	0.362513	0.360641	0.44653	0.488806	0.445351	0.446885	0.451629	0.450365	0.546825	0.545732	0.55126	0.5455	0.564092	0.550271	0.449665	0.45463	0.438048	0.447658	0.436146	0.437616	0.538671	0.545123	0.540584	0.541678	0.545528	0.540188	0.544514	0.545265	0.552552	0.544886	0.546867	0.552975	0.510198	0.533768	0.511737	0.509402	0.51061	0.515134	0.554751	0.550814	0.551378	0.5532	0.572197	0.555876	0.561855	0.56191	0.563277	0.550151	0.55094	0.550462	0.55186	0.53179	0.531235	0.550136	0.530706	0.560778
ERR618545	0.388498	0.419584	0.413332	0.417113	0.409865	0.38932	0.268256	0.260737	0	0.261071	0.269029	0.269054	0.52283	0.49542	0.4852	0.523073	0.50353	0.520633	0.414822	0.385095	0.408229	0.410066	0.383652	0.41934	0.444192	0.445518	0.431478	0.43316	0.455213	0.43035	0.502159	0.458273	0.466994	0.459608	0.468077	0.461218	0.363971	0.371314	0.370974	0.371476	0.363315	0.362516	0.44362	0.485352	0.442918	0.44443	0.453087	0.452166	0.546678	0.545781	0.551257	0.545448	0.561771	0.551077	0.443915	0.448755	0.436174	0.441719	0.433923	0.43544	0.537731	0.542453	0.53901	0.54075	0.543101	0.538974	0.543108	0.545954	0.550181	0.543349	0.545485	0.552854	0.508801	0.531157	0.512592	0.508211	0.511574	0.514897	0.554473	0.548885	0.549375	0.551193	0.568845	0.554415	0.561618	0.561797	0.56327	0.547503	0.548347	0.547917	0.548218	0.529273	0.528699	0.546296	0.528401	0.556726
ERR618544	0.390482	0.421973	0.415625	0.41953	0.412067	0.391205	0.268886	0.26128	0.261071	0	0.269765	0.269676	0.524571	0.49738	0.487092	0.524814	0.505294	0.522326	0.417169	0.387002	0.410312	0.412231	0.385474	0.421667	0.445583	0.446829	0.433414	0.435075	0.45654	0.43231	0.503815	0.45995	0.46891	0.461446	0.469792	0.462996	0.364191	0.372047	0.371773	0.372324	0.363404	0.362767	0.445348	0.487078	0.444614	0.446127	0.455105	0.454336	0.548304	0.547304	0.552925	0.547138	0.563502	0.552729	0.445239	0.449705	0.437628	0.442957	0.435346	0.437148	0.538514	0.543118	0.539819	0.541615	0.543655	0.539801	0.544084	0.547126	0.551003	0.544124	0.546444	0.554125	0.509959	0.532552	0.513912	0.509498	0.512918	0.516253	0.556072	0.55034	0.550714	0.552699	0.57033	0.556005	0.563113	0.563237	0.564737	0.548478	0.54933	0.548937	0.548509	0.529862	0.529212	0.546848	0.529063	0.557383
ERR618546	0.395348	0.407091	0.406	0.404752	0.401867	0.396936	0.257466	0.264874	0.269029	0.269765	0	0.25735	0.518761	0.486046	0.475494	0.519127	0.497469	0.51604	0.400544	0.390112	0.397591	0.400459	0.387565	0.404232	0.455457	0.456669	0.430294	0.428862	0.46801	0.42291	0.501026	0.448003	0.458592	0.450095	0.460424	0.449566	0.364516	0.360135	0.359293	0.359792	0.363865	0.360569	0.443209	0.484065	0.441435	0.442374	0.439366	0.437789	0.542245	0.54118	0.546129	0.541156	0.562263	0.543622	0.45136	0.456899	0.433254	0.451058	0.431328	0.432898	0.537642	0.547092	0.540545	0.540112	0.547578	0.539207	0.542907	0.539645	0.552527	0.54361	0.544778	0.547814	0.512057	0.533162	0.508037	0.509748	0.506395	0.512525	0.550035	0.549701	0.550775	0.55216	0.572081	0.553224	0.555899	0.556065	0.557258	0.551051	0.55226	0.551743	0.559836	0.537326	0.537138	0.557636	0.536526	0.567717
ERR618547	0.393414	0.404436	0.403183	0.40196	0.39917	0.394953	0.257633	0.265405	0.269054	0.269676	0.25735	0	0.516279	0.483608	0.473304	0.516577	0.495084	0.513511	0.398157	0.388202	0.395207	0.397699	0.385534	0.401758	0.453238	0.454439	0.428053	0.426621	0.465952	0.42106	0.498015	0.445925	0.456168	0.44782	0.45808	0.447619	0.364087	0.359536	0.358779	0.359159	0.363155	0.360266	0.440485	0.481016	0.439035	0.439716	0.43691	0.435365	0.539972	0.538932	0.543756	0.538864	0.559602	0.54131	0.448671	0.45419	0.430403	0.448286	0.428395	0.430053	0.535588	0.545039	0.538479	0.537992	0.54559	0.537112	0.541006	0.537691	0.550654	0.541735	0.542922	0.545668	0.510511	0.530684	0.506064	0.508093	0.504797	0.510316	0.547584	0.547287	0.548411	0.549832	0.569471	0.550709	0.553429	0.55367	0.554674	0.548908	0.550295	0.549479	0.558884	0.536515	0.536353	0.556683	0.535683	0.566305
ERR636894	0.380558	0.357329	0.349683	0.356328	0.352285	0.379965	0.515823	0.524955	0.52283	0.524571	0.518761	0.516279	0	0.253733	0.260327	0.232368	0.238809	0.232349	0.38226	0.404165	0.378017	0.376309	0.40431	0.385198	0.419303	0.41786	0.39278	0.391365	0.424255	0.39806	0.298744	0.314358	0.303465	0.312364	0.301306	0.318319	0.452347	0.447333	0.449415	0.448674	0.4532	0.45574	0.351855	0.334887	0.348321	0.350318	0.360703	0.365829	0.445317	0.446173	0.4422	0.445755	0.446917	0.449064	0.350734	0.354656	0.330098	0.356304	0.331302	0.329294	0.482907	0.495072	0.485941	0.480573	0.495112	0.482385	0.484493	0.479519	0.489973	0.486276	0.483288	0.473631	0.569148	0.559749	0.560165	0.565969	0.56352	0.557066	0.437862	0.441128	0.441885	0.44193	0.448549	0.435315	0.476107	0.47569	0.476415	0.494182	0.495732	0.493975	0.656146	0.639128	0.641203	0.653115	0.641364	0.649347
ERR636891	0.372358	0.329396	0.330494	0.329013	0.331262	0.372977	0.483442	0.495898	0.49542	0.49738	0.486046	0.483608	0.253733	0	0.239165	0.254866	0.241308	0.250939	0.35132	0.390243	0.352209	0.351335	0.388952	0.352699	0.417568	0.416024	0.373747	0.368141	0.425863	0.368932	0.322675	0.299857	0.297066	0.298911	0.296916	0.299379	0.440503	0.427669	0.429159	0.427849	0.440803	0.441509	0.352744	0.34683	0.347182	0.349305	0.33567	0.338603	0.443173	0.443638	0.439572	0.443597	0.457	0.440084	0.357819	0.364108	0.320831	0.364649	0.322514	0.320777	0.48028	0.498003	0.485393	0.478036	0.498	0.480422	0.483167	0.468472	0.492483	0.485185	0.481866	0.467557	0.54482	0.539548	0.529246	0.540259	0.531757	0.528884	0.438627	0.451241	0.453145	0.453093	0.466599	0.443895	0.468129	0.467725	0.468399	0.496139	0.497943	0.496078	0.635156	0.613728	0.615734	0.631745	0.615569	0.629674
ERR636890	0.368058	0.323519	0.326567	0.323159	0.326676	0.368795	0.473191	0.485182	0.4852	0.487092	0.475494	0.473304	0.260327	0.239165	0	0.261065	0.244435	0.256999	0.345161	0.385417	0.346814	0.346676	0.383765	0.346077	0.418798	0.41762	0.371994	0.365361	0.428157	0.363784	0.329049	0.296046	0.296654	0.295821	0.296319	0.295889	0.432516	0.419184	0.420411	0.419393	0.432781	0.432704	0.353045	0.351789	0.346679	0.349461	0.331682	0.333992	0.442115	0.442823	0.439211	0.442621	0.460088	0.438358	0.36068	0.367706	0.320693	0.367077	0.321915	0.320437	0.478647	0.497558	0.484048	0.476575	0.49757	0.479214	0.48259	0.466108	0.492564	0.484525	0.481419	0.467164	0.540826	0.539699	0.524283	0.535996	0.526502	0.525388	0.438667	0.452233	0.454228	0.454032	0.470408	0.445004	0.468066	0.467614	0.468358	0.496154	0.497899	0.496006	0.631342	0.609041	0.611052	0.628216	0.610707	0.627367
ERR636893	0.380812	0.358065	0.350346	0.357117	0.352787	0.37999	0.516159	0.525175	0.523073	0.524814	0.519127	0.516577	0.232368	0.254866	0.261065	0	0.239239	0.2328	0.382955	0.404396	0.378651	0.377048	0.40461	0.385873	0.419897	0.418475	0.393871	0.392689	0.424586	0.399302	0.29821	0.31483	0.303762	0.312784	0.301612	0.319001	0.452234	0.4475	0.449524	0.448666	0.453081	0.45572	0.351985	0.335022	0.348689	0.350692	0.361388	0.36647	0.445558	0.446403	0.442396	0.445917	0.446907	0.449489	0.351116	0.354917	0.330774	0.356386	0.332134	0.329903	0.483194	0.495182	0.486255	0.480651	0.495264	0.482524	0.484741	0.47976	0.490016	0.486383	0.483255	0.473862	0.569854	0.560431	0.560913	0.566583	0.564328	0.557765	0.437691	0.440704	0.441477	0.441553	0.448202	0.434975	0.476682	0.476298	0.477062	0.49449	0.495863	0.494233	0.656561	0.639676	0.64175	0.65358	0.641913	0.649932
ERR636889	0.371171	0.340278	0.336454	0.339267	0.337835	0.371036	0.49472	0.504864	0.50353	0.505294	0.497469	0.495084	0.238809	0.241308	0.244435	0.239239	0	0.237262	0.363663	0.39203	0.361493	0.360721	0.391415	0.366116	0.415793	0.414161	0.380914	0.377686	0.422734	0.381034	0.307096	0.301987	0.295357	0.300632	0.29397	0.304535	0.440322	0.432393	0.433886	0.433063	0.440796	0.442508	0.348468	0.339109	0.343635	0.346167	0.345634	0.34977	0.441427	0.442098	0.438558	0.441996	0.450348	0.44236	0.351024	0.356232	0.321685	0.356762	0.323048	0.32109	0.478975	0.494082	0.483162	0.476706	0.49417	0.478832	0.481606	0.471957	0.489092	0.483474	0.480331	0.469031	0.555428	0.549563	0.543751	0.551592	0.546654	0.542208	0.43576	0.443258	0.444632	0.444568	0.455668	0.437035	0.470921	0.470471	0.471226	0.492945	0.494479	0.49282	0.644005	0.624771	0.626794	0.64081	0.626768	0.638621
ERR636892	0.379776	0.354763	0.347833	0.353619	0.350253	0.379266	0.51311	0.522556	0.520633	0.522326	0.51604	0.513511	0.232349	0.250939	0.256999	0.2328	0.237262	0	0.379509	0.402999	0.375705	0.374293	0.403069	0.382391	0.418859	0.417313	0.390815	0.389085	0.424032	0.395067	0.300251	0.312286	0.301925	0.310218	0.299956	0.315824	0.451421	0.445676	0.447701	0.446803	0.452136	0.454597	0.351764	0.335555	0.347886	0.349941	0.358132	0.363045	0.44482	0.445554	0.441581	0.44514	0.447554	0.447919	0.351046	0.355311	0.328626	0.356698	0.329966	0.327733	0.482445	0.495088	0.485771	0.479915	0.495227	0.481839	0.48424	0.478196	0.490023	0.485999	0.482792	0.472775	0.566819	0.55783	0.557324	0.563465	0.560627	0.554509	0.437418	0.441503	0.442412	0.442481	0.450024	0.435591	0.475205	0.474795	0.47552	0.494295	0.4958	0.494152	0.654246	0.636859	0.638955	0.651196	0.63902	0.647594
ERR626884	0.325493	0.280293	0.287121	0.279374	0.285044	0.328226	0.398361	0.413301	0.414822	0.417169	0.400544	0.398157	0.38226	0.35132	0.345161	0.382955	0.363663	0.379509	0	0.292891	0.24886	0.250491	0.28924	0.246086	0.414167	0.413845	0.363541	0.356785	0.42657	0.351912	0.383708	0.335196	0.341185	0.335216	0.342418	0.333317	0.409203	0.394435	0.395007	0.394061	0.408636	0.407533	0.356677	0.377885	0.352071	0.352434	0.332607	0.332838	0.442265	0.441949	0.441698	0.442071	0.46401	0.439362	0.377723	0.385237	0.338526	0.382209	0.338323	0.338741	0.466754	0.485168	0.471717	0.466502	0.485316	0.467918	0.473888	0.459248	0.485196	0.4753	0.473514	0.463584	0.488977	0.494347	0.472162	0.483832	0.47302	0.474328	0.447804	0.458525	0.460893	0.460732	0.480663	0.454319	0.46308	0.463285	0.463805	0.483325	0.4849	0.48389	0.576268	0.550556	0.552129	0.573032	0.551486	0.574457
ERR626883	0.288309	0.320315	0.305829	0.317442	0.304979	0.289928	0.387443	0.389049	0.385095	0.387002	0.390112	0.388202	0.404165	0.390243	0.385417	0.404396	0.39203	0.402999	0.292891	0	0.280321	0.279078	0.255536	0.299387	0.377498	0.378245	0.365385	0.368681	0.386848	0.373875	0.391896	0.373475	0.373648	0.373077	0.37382	0.376566	0.401518	0.407765	0.409115	0.409009	0.401158	0.404267	0.356187	0.384374	0.356123	0.356716	0.37883	0.381144	0.461857	0.461737	0.464404	0.461172	0.467279	0.46989	0.35147	0.35585	0.346896	0.350325	0.345053	0.345783	0.469164	0.473211	0.469653	0.47118	0.473641	0.469744	0.475713	0.481881	0.4796	0.475976	0.476709	0.481685	0.479042	0.485864	0.483073	0.478126	0.484405	0.479575	0.469733	0.462072	0.46236	0.463939	0.475373	0.464965	0.486198	0.486445	0.487675	0.475917	0.47692	0.47593	0.545726	0.528073	0.528767	0.542537	0.528946	0.545414
ERR626881	0.312637	0.281878	0.28284	0.28053	0.281368	0.315072	0.395206	0.407792	0.408229	0.410312	0.397591	0.395207	0.378017	0.352209	0.346814	0.378651	0.361493	0.375705	0.24886	0.280321	0	0.248044	0.277423	0.250774	0.401778	0.401447	0.358142	0.353576	0.413601	0.351578	0.375399	0.335746	0.339661	0.335615	0.340443	0.335045	0.403554	0.393301	0.3943	0.393173	0.402826	0.402914	0.348766	0.37027	0.345353	0.345514	0.336585	0.337682	0.440383	0.440279	0.44033	0.440098	0.457512	0.440285	0.365402	0.372344	0.33249	0.369097	0.3317	0.332327	0.461922	0.477529	0.466195	0.462192	0.477834	0.463014	0.468902	0.459302	0.478884	0.47037	0.468957	0.461828	0.485343	0.489651	0.472847	0.481	0.473907	0.473352	0.446373	0.452684	0.454656	0.454723	0.472477	0.449872	0.462541	0.462763	0.463431	0.476681	0.478212	0.477194	0.569657	0.545601	0.54706	0.566406	0.546614	0.567714
ERR626880	0.31105	0.282144	0.281793	0.281468	0.281397	0.313353	0.39796	0.410153	0.410066	0.412231	0.400459	0.397699	0.376309	0.351335	0.346676	0.377048	0.360721	0.374293	0.250491	0.279078	0.248044	0	0.276587	0.252236	0.399073	0.398647	0.356218	0.352275	0.410641	0.351436	0.37342	0.336423	0.339511	0.335993	0.340301	0.335692	0.404657	0.395274	0.396513	0.3955	0.404073	0.40451	0.346499	0.36708	0.343427	0.343171	0.336524	0.337854	0.439577	0.43926	0.43924	0.439046	0.454841	0.439701	0.362436	0.369044	0.331245	0.365814	0.330355	0.330864	0.460854	0.475603	0.464412	0.460953	0.475566	0.461752	0.467137	0.458599	0.476383	0.468533	0.46704	0.460358	0.484743	0.487809	0.473175	0.480587	0.474248	0.472865	0.445181	0.450998	0.452676	0.452893	0.469576	0.448139	0.460705	0.461056	0.461499	0.474181	0.47564	0.474575	0.568414	0.544801	0.546328	0.564961	0.546009	0.56586
ERR626882	0.28894	0.317362	0.304061	0.314883	0.30293	0.290092	0.384703	0.387008	0.383652	0.385474	0.387565	0.385534	0.40431	0.388952	0.383765	0.40461	0.391415	0.403069	0.28924	0.255536	0.277423	0.276587	0	0.295822	0.37923	0.37961	0.364561	0.367469	0.388623	0.372006	0.392665	0.371732	0.372521	0.371332	0.372766	0.374685	0.400278	0.405511	0.406872	0.406487	0.399719	0.402661	0.356356	0.384783	0.355827	0.356672	0.376637	0.378765	0.461556	0.461309	0.464081	0.460777	0.468266	0.46899	0.352625	0.357582	0.346029	0.352098	0.344405	0.345405	0.469135	0.473943	0.46992	0.471203	0.47428	0.46972	0.476083	0.481222	0.480477	0.476404	0.477035	0.481416	0.478757	0.486046	0.481659	0.477552	0.482905	0.478651	0.469269	0.462673	0.462945	0.464446	0.476662	0.465255	0.485759	0.486016	0.48735	0.476612	0.477557	0.476841	0.546286	0.528086	0.528788	0.543361	0.528743	0.54622
ERR626879	0.331614	0.279861	0.289607	0.280978	0.288173	0.334443	0.402242	0.417495	0.41934	0.421667	0.404232	0.401758	0.385198	0.352699	0.346077	0.385873	0.366116	0.382391	0.246086	0.299387	0.250774	0.252236	0.295822	0	0.420655	0.420142	0.366828	0.358752	0.433343	0.353073	0.388049	0.335457	0.342622	0.335751	0.343918	0.332931	0.412078	0.396099	0.396866	0.395365	0.411681	0.410187	0.35977	0.381499	0.354856	0.355283	0.331028	0.330593	0.442169	0.442193	0.441389	0.442058	0.465889	0.438055	0.383412	0.391249	0.342246	0.387937	0.342094	0.342337	0.468483	0.488012	0.473315	0.467998	0.487741	0.469739	0.475463	0.459125	0.487443	0.476969	0.475022	0.463673	0.490285	0.496533	0.471993	0.484802	0.472513	0.474634	0.447788	0.460685	0.46303	0.462726	0.483673	0.45584	0.462464	0.462714	0.462983	0.485626	0.487249	0.486054	0.578859	0.552466	0.554035	0.575471	0.553375	0.576951
ERR613232	0.367147	0.408848	0.390639	0.406508	0.390839	0.365265	0.45255	0.45079	0.444192	0.445583	0.455457	0.453238	0.419303	0.417568	0.418798	0.419897	0.415793	0.418859	0.414167	0.377498	0.401778	0.399073	0.37923	0.420655	0	0.267303	0.295604	0.308385	0.270336	0.326585	0.38207	0.397292	0.389785	0.3958	0.389314	0.400223	0.421129	0.435718	0.437685	0.437213	0.420672	0.427175	0.346282	0.356768	0.350591	0.350306	0.396577	0.400864	0.464241	0.464335	0.465911	0.463864	0.448622	0.477376	0.329178	0.328691	0.350824	0.327366	0.349418	0.350424	0.448532	0.437811	0.445101	0.450018	0.439147	0.446662	0.440382	0.464938	0.434497	0.439833	0.440778	0.455357	0.473281	0.466046	0.490451	0.475015	0.493623	0.479824	0.469426	0.451506	0.45023	0.452811	0.449134	0.457073	0.466714	0.467209	0.46873	0.43661	0.436018	0.435867	0.521221	0.514086	0.514285	0.51903	0.515641	0.515147
ERR613231	0.367459	0.408221	0.389839	0.405642	0.390245	0.365859	0.453613	0.452335	0.445518	0.446829	0.456669	0.454439	0.41786	0.416024	0.41762	0.418475	0.414161	0.417313	0.413845	0.378245	0.401447	0.398647	0.37961	0.420142	0.267303	0	0.294848	0.307892	0.269707	0.326127	0.380825	0.395986	0.388713	0.394813	0.388205	0.399064	0.42249	0.436554	0.438332	0.43803	0.421874	0.428141	0.344959	0.354817	0.349718	0.349059	0.39525	0.399701	0.463609	0.463709	0.465166	0.462988	0.447747	0.476457	0.328943	0.328357	0.350025	0.327522	0.348995	0.350006	0.448574	0.43822	0.445286	0.44997	0.43908	0.446555	0.439862	0.464204	0.43405	0.439376	0.440344	0.454469	0.473517	0.465489	0.490236	0.475209	0.493522	0.479726	0.46855	0.451081	0.449918	0.452237	0.448518	0.456395	0.465878	0.466202	0.467629	0.43651	0.435721	0.435533	0.522177	0.514727	0.514935	0.519548	0.516404	0.515578
ERR613229	0.359106	0.357465	0.351073	0.357007	0.350368	0.359069	0.427781	0.434188	0.431478	0.433414	0.430294	0.428053	0.39278	0.373747	0.371994	0.393871	0.380914	0.390815	0.363541	0.365385	0.358142	0.356218	0.364561	0.366828	0.295604	0.294848	0	0.25616	0.308221	0.262914	0.3694	0.346541	0.346114	0.346098	0.346772	0.346443	0.394154	0.394613	0.396114	0.395112	0.393517	0.396306	0.323936	0.342758	0.323368	0.323301	0.335918	0.338678	0.43026	0.430209	0.430541	0.430028	0.434864	0.435282	0.338281	0.343227	0.320947	0.340513	0.320436	0.32145	0.426099	0.432239	0.426636	0.426459	0.432116	0.425287	0.420892	0.42525	0.425297	0.421682	0.420799	0.422085	0.459252	0.458379	0.458697	0.456933	0.460425	0.453907	0.436344	0.434666	0.435043	0.436263	0.446317	0.434613	0.429003	0.42928	0.430426	0.42604	0.426475	0.425675	0.52934	0.511105	0.512066	0.526283	0.512783	0.525416
ERR613228	0.363576	0.350838	0.347854	0.350914	0.347279	0.364249	0.426712	0.43481	0.43316	0.435075	0.428862	0.426621	0.391365	0.368141	0.365361	0.392689	0.377686	0.389085	0.356785	0.368681	0.353576	0.352275	0.367469	0.358752	0.308385	0.307892	0.25616	0	0.322664	0.255472	0.372238	0.339739	0.341565	0.339406	0.342424	0.338574	0.393684	0.390245	0.39151	0.390319	0.393212	0.395073	0.32671	0.345638	0.324542	0.32509	0.326274	0.328415	0.426573	0.426619	0.426355	0.426559	0.435882	0.429185	0.34598	0.351576	0.320401	0.348953	0.320663	0.321375	0.42578	0.435688	0.427405	0.425932	0.435238	0.425357	0.42125	0.420342	0.427655	0.422492	0.421313	0.419119	0.459293	0.460214	0.454583	0.456042	0.456028	0.451385	0.432458	0.434883	0.435709	0.436384	0.449453	0.433438	0.424636	0.424742	0.425949	0.428598	0.429271	0.428335	0.533322	0.513125	0.51429	0.530274	0.514667	0.529787
ERR613230	0.375429	0.420907	0.401284	0.418086	0.401714	0.373249	0.465014	0.462554	0.455213	0.45654	0.46801	0.465952	0.424255	0.425863	0.428157	0.424586	0.422734	0.424032	0.42657	0.386848	0.413601	0.410641	0.388623	0.433343	0.270336	0.269707	0.308221	0.322664	0	0.342335	0.384833	0.407943	0.399342	0.406543	0.398501	0.411141	0.433206	0.449073	0.451106	0.450765	0.432742	0.439447	0.354777	0.360484	0.360118	0.359415	0.409252	0.413912	0.472905	0.473051	0.474423	0.472511	0.453331	0.486895	0.332382	0.330799	0.360101	0.330098	0.35858	0.359788	0.4564	0.443099	0.452686	0.457984	0.444443	0.454259	0.447224	0.47435	0.439581	0.446679	0.447719	0.463342	0.481538	0.471572	0.500561	0.483728	0.504063	0.489125	0.477292	0.457336	0.455875	0.458475	0.451502	0.463516	0.47516	0.475473	0.476913	0.442145	0.441157	0.441189	0.526298	0.520797	0.520941	0.524098	0.522411	0.519235
ERR613227	0.370041	0.346542	0.348653	0.346892	0.346856	0.371016	0.421295	0.430645	0.43035	0.43231	0.42291	0.42106	0.39806	0.368932	0.363784	0.399302	0.381034	0.395067	0.351912	0.373875	0.351578	0.351436	0.372006	0.353073	0.326585	0.326127	0.262914	0.255472	0.342335	0	0.384264	0.337367	0.343124	0.337731	0.344163	0.335559	0.392135	0.384383	0.385172	0.383919	0.391615	0.391612	0.336346	0.359101	0.332234	0.33335	0.321255	0.321842	0.427598	0.4279	0.427659	0.427724	0.444961	0.427613	0.360146	0.366688	0.325697	0.363627	0.32609	0.326741	0.429497	0.444071	0.432643	0.429602	0.443678	0.429858	0.427338	0.41917	0.436529	0.428565	0.427217	0.422051	0.460068	0.465977	0.450464	0.455962	0.451412	0.450168	0.434597	0.441552	0.442806	0.443373	0.461163	0.439	0.426222	0.426301	0.42732	0.436833	0.437742	0.436909	0.538	0.514762	0.515883	0.535009	0.516135	0.536244
ERR608647	0.368258	0.361184	0.347036	0.359129	0.350007	0.366816	0.497668	0.505299	0.502159	0.503815	0.501026	0.498015	0.298744	0.322675	0.329049	0.29821	0.307096	0.300251	0.383708	0.391896	0.375399	0.37342	0.392665	0.388049	0.38207	0.380825	0.3694	0.372238	0.384833	0.384264	0	0.285632	0.267715	0.2828	0.265164	0.291789	0.431496	0.431907	0.4343	0.433634	0.432007	0.436285	0.322669	0.304408	0.322925	0.322588	0.354085	0.360474	0.413578	0.413988	0.411396	0.413498	0.398904	0.425485	0.317663	0.319709	0.309788	0.322047	0.310352	0.308788	0.440539	0.444275	0.44156	0.438595	0.444939	0.439165	0.443194	0.45108	0.444391	0.444703	0.441734	0.439775	0.530411	0.514799	0.529331	0.528669	0.533529	0.522518	0.407775	0.397446	0.397494	0.398123	0.395752	0.395549	0.443887	0.443615	0.444643	0.44572	0.446706	0.445555	0.609626	0.596863	0.599101	0.60695	0.599453	0.600971
ERR608650	0.357369	0.313832	0.31767	0.314097	0.317305	0.358322	0.445838	0.457532	0.458273	0.45995	0.448003	0.445925	0.314358	0.299857	0.296046	0.31483	0.301987	0.312286	0.335196	0.373475	0.335746	0.336423	0.371732	0.335457	0.397292	0.395986	0.346541	0.339739	0.407943	0.337367	0.285632	0	0.237606	0.234528	0.239174	0.237136	0.402366	0.388687	0.389542	0.388656	0.402663	0.402033	0.325022	0.330119	0.318583	0.320446	0.303004	0.305415	0.398508	0.399021	0.396712	0.399036	0.416859	0.397876	0.341014	0.348756	0.29605	0.347163	0.29737	0.296197	0.431808	0.450329	0.436983	0.429998	0.450562	0.432126	0.438448	0.424608	0.448938	0.440215	0.43742	0.425595	0.495845	0.497277	0.482762	0.491672	0.48484	0.483072	0.397146	0.408286	0.410133	0.410147	0.428722	0.402246	0.426564	0.425884	0.426963	0.449798	0.451516	0.450074	0.584862	0.562455	0.564719	0.581785	0.564595	0.581705
ERR608652	0.355701	0.319146	0.318691	0.318847	0.319267	0.356175	0.456145	0.467427	0.466994	0.46891	0.458592	0.456168	0.303465	0.297066	0.296654	0.303762	0.295357	0.301925	0.341185	0.373648	0.339661	0.339511	0.372521	0.342622	0.389785	0.388713	0.346114	0.341565	0.399342	0.343124	0.267715	0.237606	0	0.236899	0.235352	0.24138	0.406916	0.395787	0.397102	0.396085	0.407236	0.407933	0.317981	0.318147	0.313329	0.314285	0.308262	0.312095	0.397026	0.39749	0.394921	0.397371	0.408243	0.399231	0.33089	0.337847	0.292511	0.337068	0.293684	0.292548	0.43016	0.445799	0.434447	0.428186	0.446119	0.430084	0.435818	0.426685	0.4446	0.43766	0.43473	0.424332	0.501055	0.497318	0.490571	0.497361	0.493167	0.488843	0.39443	0.401806	0.403329	0.403202	0.417532	0.395908	0.425784	0.425301	0.426273	0.44564	0.44724	0.445775	0.588324	0.568136	0.570421	0.585243	0.570373	0.583622
ERR608651	0.356703	0.313868	0.317087	0.314049	0.317023	0.357556	0.447742	0.459266	0.459608	0.461446	0.450095	0.44782	0.312364	0.298911	0.295821	0.312784	0.300632	0.310218	0.335216	0.373077	0.335615	0.335993	0.371332	0.335751	0.3958	0.394813	0.346098	0.339406	0.406543	0.337731	0.2828	0.234528	0.236899	0	0.238052	0.23706	0.402905	0.389621	0.390751	0.389657	0.403192	0.402726	0.323419	0.327555	0.317044	0.319156	0.302742	0.305374	0.396916	0.397512	0.395062	0.397479	0.41437	0.396678	0.339323	0.347027	0.295072	0.345347	0.296354	0.295334	0.430572	0.448733	0.435512	0.428813	0.448821	0.430891	0.437157	0.423847	0.447349	0.438865	0.436141	0.424406	0.495764	0.496519	0.483132	0.491866	0.485519	0.483283	0.395586	0.406453	0.408198	0.408024	0.42616	0.400325	0.42544	0.424863	0.425766	0.448173	0.449832	0.448419	0.584513	0.562573	0.564711	0.581361	0.564637	0.58123
ERR608648	0.355797	0.320337	0.319332	0.320106	0.319785	0.356236	0.457876	0.468423	0.468077	0.469792	0.460424	0.45808	0.301306	0.296916	0.296319	0.301612	0.29397	0.299956	0.342418	0.37382	0.340443	0.340301	0.372766	0.343918	0.389314	0.388205	0.346772	0.342424	0.398501	0.344163	0.265164	0.239174	0.235352	0.238052	0	0.241695	0.406269	0.396262	0.397686	0.396569	0.406647	0.40745	0.317612	0.316647	0.312348	0.314087	0.309325	0.313299	0.396233	0.396665	0.394039	0.396463	0.406786	0.398879	0.329791	0.336541	0.292124	0.335797	0.293355	0.292103	0.429707	0.444783	0.433718	0.427637	0.445226	0.429575	0.435038	0.426687	0.443437	0.436895	0.433991	0.424173	0.501734	0.498431	0.491902	0.49834	0.494779	0.490069	0.393378	0.399844	0.401175	0.401315	0.415529	0.394265	0.425841	0.425156	0.426255	0.444648	0.446158	0.444769	0.588934	0.569075	0.571304	0.585858	0.571247	0.58437
ERR608649	0.361521	0.312464	0.318197	0.313222	0.317912	0.362737	0.447484	0.460178	0.461218	0.462996	0.449566	0.447619	0.318319	0.299379	0.295889	0.319001	0.304535	0.315824	0.333317	0.376566	0.335045	0.335692	0.374685	0.332931	0.400223	0.399064	0.346443	0.338574	0.411141	0.335559	0.291789	0.237136	0.24138	0.23706	0.241695	0	0.407862	0.39194	0.393029	0.391921	0.408048	0.40696	0.328902	0.334013	0.322418	0.323988	0.301027	0.302994	0.399691	0.400084	0.39723	0.400124	0.419359	0.397175	0.345585	0.353539	0.298416	0.352005	0.299922	0.298964	0.43357	0.453153	0.439008	0.431702	0.453326	0.434005	0.440186	0.424305	0.451262	0.442193	0.439135	0.425542	0.493807	0.494631	0.478938	0.489308	0.481069	0.479461	0.398731	0.412587	0.414739	0.414383	0.433239	0.405549	0.425862	0.425235	0.426235	0.452406	0.454064	0.452506	0.583966	0.560656	0.563033	0.580766	0.562822	0.580495
ERR622084	0.393536	0.403688	0.397916	0.403303	0.39628	0.394093	0.363256	0.362958	0.363971	0.364191	0.364516	0.364087	0.452347	0.440503	0.432516	0.452234	0.440322	0.451421	0.409203	0.401518	0.403554	0.404657	0.400278	0.412078	0.421129	0.42249	0.394154	0.393684	0.433206	0.392135	0.431496	0.402366	0.406916	0.402905	0.406269	0.407862	0	0.259663	0.260535	0.26111	0.248131	0.248262	0.379024	0.414058	0.378787	0.379635	0.397797	0.398923	0.491012	0.490729	0.495366	0.490117	0.502786	0.499824	0.417744	0.422327	0.399223	0.416996	0.398252	0.398597	0.471265	0.479577	0.471696	0.472996	0.478937	0.472163	0.472205	0.477015	0.47999	0.472849	0.473632	0.480125	0.526099	0.541978	0.524132	0.524392	0.523387	0.525864	0.491564	0.483336	0.484271	0.484894	0.502323	0.487759	0.494475	0.494492	0.49578	0.483136	0.484324	0.484	0.585765	0.566905	0.567353	0.583421	0.567367	0.590568
ERR622088	0.402194	0.389426	0.390659	0.389339	0.388481	0.403528	0.359293	0.367884	0.371314	0.372047	0.360135	0.359536	0.447333	0.427669	0.419184	0.4475	0.432393	0.445676	0.394435	0.407765	0.393301	0.395274	0.405511	0.396099	0.435718	0.436554	0.394613	0.390245	0.449073	0.384383	0.431907	0.388687	0.395787	0.389621	0.396262	0.39194	0.259663	0	0.244681	0.244633	0.259885	0.255115	0.382028	0.414933	0.379901	0.380183	0.378718	0.378827	0.48575	0.485518	0.488775	0.485194	0.504781	0.489444	0.426651	0.432512	0.396842	0.428112	0.396081	0.396634	0.473738	0.488338	0.476817	0.474665	0.48796	0.475106	0.475241	0.469549	0.4866	0.476213	0.476068	0.474957	0.525569	0.540139	0.516	0.52213	0.514894	0.51958	0.485629	0.486526	0.488156	0.488231	0.508949	0.487557	0.487276	0.487455	0.488165	0.491035	0.492458	0.491695	0.592296	0.569971	0.570604	0.589609	0.570418	0.596465
ERR622086	0.403849	0.390729	0.392112	0.390679	0.389787	0.405442	0.35843	0.367078	0.370974	0.371773	0.359293	0.358779	0.449415	0.429159	0.420411	0.449524	0.433886	0.447701	0.395007	0.409115	0.3943	0.396513	0.406872	0.396866	0.437685	0.438332	0.396114	0.39151	0.451106	0.385172	0.4343	0.389542	0.397102	0.390751	0.397686	0.393029	0.260535	0.244681	0	0.244316	0.260534	0.255544	0.384124	0.417401	0.381877	0.382091	0.379403	0.379323	0.487553	0.487174	0.490507	0.486911	0.507221	0.490913	0.429003	0.434863	0.398552	0.430522	0.397815	0.39845	0.475754	0.490777	0.478994	0.476594	0.490392	0.477164	0.477136	0.470943	0.488695	0.47817	0.47802	0.476702	0.526627	0.541608	0.516585	0.523134	0.515503	0.520604	0.487539	0.488843	0.490589	0.490507	0.511563	0.489752	0.489017	0.488925	0.489643	0.493229	0.494593	0.493997	0.593186	0.570534	0.571275	0.590494	0.571051	0.597634
ERR622087	0.403603	0.389453	0.391249	0.389375	0.38885	0.405151	0.359034	0.367904	0.371476	0.372324	0.359792	0.359159	0.448674	0.427849	0.419393	0.448666	0.433063	0.446803	0.394061	0.409009	0.393173	0.3955	0.406487	0.395365	0.437213	0.43803	0.395112	0.390319	0.450765	0.383919	0.433634	0.388656	0.396085	0.389657	0.396569	0.391921	0.26111	0.244633	0.244316	0	0.261028	0.256232	0.383062	0.416115	0.380796	0.381111	0.377645	0.377553	0.486271	0.485934	0.489227	0.485732	0.505922	0.489447	0.428128	0.434175	0.397421	0.429825	0.396684	0.397316	0.474595	0.489756	0.477799	0.475495	0.489345	0.475962	0.47595	0.469495	0.487804	0.477083	0.476749	0.475202	0.525244	0.539829	0.515107	0.521599	0.513902	0.518956	0.486116	0.48769	0.489571	0.489473	0.510616	0.488527	0.487158	0.487345	0.487956	0.492006	0.493514	0.492895	0.592333	0.569644	0.57021	0.589662	0.570121	0.596603
ERR622085	0.393219	0.403439	0.397733	0.402932	0.396042	0.393915	0.362606	0.362513	0.363315	0.363404	0.363865	0.363155	0.4532	0.440803	0.432781	0.453081	0.440796	0.452136	0.408636	0.401158	0.402826	0.404073	0.399719	0.411681	0.420672	0.421874	0.393517	0.393212	0.432742	0.391615	0.432007	0.402663	0.407236	0.403192	0.406647	0.408048	0.248131	0.259885	0.260534	0.261028	0	0.248514	0.37907	0.414189	0.378692	0.379645	0.39748	0.398625	0.491568	0.491285	0.495847	0.490635	0.503032	0.500195	0.417589	0.422208	0.399137	0.41672	0.398262	0.398626	0.471034	0.479439	0.471604	0.472991	0.47875	0.472146	0.472084	0.477055	0.479932	0.472747	0.473603	0.479973	0.525428	0.541408	0.523549	0.523825	0.522813	0.52526	0.49236	0.484287	0.485231	0.485644	0.503091	0.488552	0.494548	0.494692	0.495902	0.483347	0.484324	0.484055	0.58512	0.566276	0.566691	0.582745	0.566705	0.589943
ERR622083	0.397204	0.402586	0.398587	0.402155	0.396714	0.397956	0.359551	0.360641	0.362516	0.362767	0.360569	0.360266	0.45574	0.441509	0.432704	0.45572	0.442508	0.454597	0.407533	0.404267	0.402914	0.40451	0.402661	0.410187	0.427175	0.428141	0.396306	0.395073	0.439447	0.391612	0.436285	0.402033	0.407933	0.402726	0.40745	0.40696	0.248262	0.255115	0.255544	0.256232	0.248514	0	0.383122	0.418764	0.382203	0.383318	0.396082	0.396745	0.492106	0.4918	0.49619	0.49125	0.50623	0.499475	0.423147	0.428059	0.401625	0.422775	0.400618	0.401285	0.473311	0.483278	0.474669	0.475061	0.482762	0.47446	0.474611	0.476774	0.483498	0.475434	0.476087	0.480979	0.525794	0.542726	0.522193	0.523808	0.521254	0.524717	0.492942	0.486833	0.487909	0.488541	0.507223	0.490581	0.495158	0.49524	0.496308	0.486918	0.487992	0.48766	0.586354	0.566436	0.566822	0.584018	0.566815	0.591646
ERR606035	0.348524	0.349924	0.339267	0.349693	0.340349	0.348706	0.440246	0.44653	0.44362	0.445348	0.443209	0.440485	0.351855	0.352744	0.353045	0.351985	0.348468	0.351764	0.356677	0.356187	0.348766	0.346499	0.356356	0.35977	0.346282	0.344959	0.323936	0.32671	0.354777	0.336346	0.322669	0.325022	0.317981	0.323419	0.317612	0.328902	0.379024	0.382028	0.384124	0.383062	0.37907	0.383122	0	0.268029	0.252098	0.250056	0.291267	0.296522	0.417823	0.418014	0.418155	0.417527	0.414181	0.427836	0.324383	0.328289	0.311882	0.326679	0.31214	0.311791	0.424344	0.429211	0.423782	0.424109	0.428947	0.423475	0.417608	0.42771	0.421133	0.418693	0.417562	0.419898	0.490546	0.484879	0.491505	0.489001	0.493274	0.485179	0.416079	0.408259	0.408653	0.408996	0.415312	0.408424	0.433277	0.433823	0.434525	0.429065	0.429934	0.429337	0.567058	0.551838	0.553173	0.563674	0.553779	0.561466
ERR606030	0.373373	0.368331	0.356036	0.367205	0.358384	0.372958	0.480887	0.488806	0.485352	0.487078	0.484065	0.481016	0.334887	0.34683	0.351789	0.335022	0.339109	0.335555	0.377885	0.384374	0.37027	0.36708	0.384783	0.381499	0.356768	0.354817	0.342758	0.345638	0.360484	0.359101	0.304408	0.330119	0.318147	0.327555	0.316647	0.334013	0.414058	0.414933	0.417401	0.416115	0.414189	0.418764	0.268029	0	0.270076	0.267855	0.306536	0.312743	0.421854	0.422243	0.420168	0.421752	0.409299	0.431844	0.325109	0.327614	0.317769	0.329617	0.318588	0.317886	0.434625	0.437343	0.434646	0.433335	0.437835	0.432877	0.425375	0.43603	0.426013	0.426623	0.424274	0.424577	0.51322	0.499113	0.513442	0.511415	0.516982	0.505562	0.415773	0.40752	0.407938	0.407966	0.406966	0.40634	0.437115	0.437367	0.437934	0.436108	0.436928	0.435922	0.589553	0.576613	0.578234	0.586866	0.579027	0.580562
ERR606033	0.348892	0.345452	0.336582	0.345234	0.337253	0.349263	0.438715	0.445351	0.442918	0.444614	0.441435	0.439035	0.348321	0.347182	0.346679	0.348689	0.343635	0.347886	0.352071	0.356123	0.345353	0.343427	0.355827	0.354856	0.350591	0.349718	0.323368	0.324542	0.360118	0.332234	0.322925	0.318583	0.313329	0.317044	0.312348	0.322418	0.378787	0.379901	0.381877	0.380796	0.378692	0.382203	0.252098	0.270076	0	0.251571	0.28457	0.289478	0.414837	0.415094	0.415004	0.414598	0.415087	0.42366	0.326683	0.33126	0.309072	0.329367	0.309439	0.309084	0.423618	0.430714	0.424186	0.423475	0.430668	0.42315	0.418168	0.424836	0.423065	0.419321	0.417965	0.418934	0.489619	0.486352	0.488827	0.487577	0.490854	0.48363	0.413129	0.407571	0.408202	0.408666	0.417548	0.407221	0.431839	0.43218	0.433257	0.430916	0.431782	0.431137	0.567911	0.551381	0.552794	0.564895	0.553456	0.563126
