	ERR618509	ERR618511	ERR618507	ERR618510	ERR618508	ERR618512	ERR630005	ERR630004	ERR630001	ERR630002	ERR630000	ERR630003	ERR613638	ERR613635	ERR613637	ERR613639	ERR613640	ERR613636	ERR636863	ERR636864	ERR636860	ERR636862	ERR636861	ERR636859	ERR608977	ERR608973	ERR608976	ERR608978	ERR608975	ERR608974	ERR613620	ERR613621	ERR613618	ERR613622	ERR613619	ERR613617	ERR613666	ERR613669	ERR613667	ERR613668	ERR613670	ERR613665	ERR636768	ERR636766	ERR636765	ERR636763	ERR636764	ERR636767	ERR626703	ERR626698	ERR626699	ERR626700	ERR626701	ERR626702	ERR618397	ERR618394	ERR618395	ERR618393	ERR618398	ERR618396	ERR605674	ERR605676	ERR605671	ERR605672	ERR605673	ERR605675	ERR617759	ERR617762	ERR617758	ERR617761	ERR617760	ERR617757	ERR618668	ERR618665	ERR618666	ERR618667	ERR618663	ERR618664	ERR613568	ERR613565	ERR613567	ERR613564	ERR613563	ERR613566	ERR622008	ERR622003	ERR622004	ERR622005	ERR622007	ERR622006	ERR616987	ERR616986	ERR616989	ERR616988	ERR616990	ERR616985
ERR618509	0	0.255162	0.254014	0.254459	0.25745	0.256579	0.31072	0.310576	0.311037	0.320968	0.323736	0.311367	0.341189	0.341693	0.333333	0.341268	0.358589	0.338115	0.308598	0.308073	0.341624	0.310169	0.335669	0.317885	0.457713	0.445647	0.454914	0.457907	0.443169	0.436999	0.335909	0.336476	0.340695	0.36597	0.338371	0.336341	0.337575	0.340288	0.337944	0.339744	0.371885	0.335102	0.3218	0.321282	0.322244	0.320851	0.322211	0.321248	0.435039	0.443528	0.434277	0.429632	0.434759	0.435354	0.498632	0.507738	0.496709	0.48998	0.49853	0.501592	0.500798	0.495428	0.492581	0.496056	0.496019	0.495673	0.806179	0.564078	0.806156	0.566794	0.560907	0.800399	0.65316	0.661492	0.65469	0.653337	0.661426	0.663147	0.570414	0.553137	0.570158	0.55191	0.550996	0.568306	0.478624	0.47691	0.474733	0.475038	0.478146	0.476588	0.557085	0.555261	0.561732	0.560763	0.560613	0.552259
ERR618511	0.255162	0	0.250571	0.24799	0.268772	0.24736	0.312401	0.313106	0.308684	0.309977	0.311741	0.312198	0.337936	0.333627	0.331065	0.338268	0.367827	0.333099	0.301817	0.301535	0.323473	0.302396	0.320117	0.30551	0.461641	0.45651	0.458357	0.46221	0.438141	0.436134	0.340889	0.341559	0.346731	0.381546	0.345751	0.338296	0.340262	0.34364	0.342958	0.343046	0.38512	0.334868	0.31699	0.317842	0.318288	0.320138	0.316182	0.316968	0.428752	0.434922	0.428677	0.432658	0.428686	0.429269	0.501803	0.516491	0.503096	0.493669	0.501842	0.505426	0.501558	0.498994	0.490985	0.496948	0.497532	0.49909	0.790704	0.557697	0.791053	0.56275	0.556073	0.786658	0.642751	0.652128	0.644206	0.642755	0.651683	0.653912	0.569788	0.55023	0.569514	0.54905	0.547953	0.567528	0.478836	0.472038	0.472589	0.473086	0.47752	0.474013	0.549988	0.549072	0.561413	0.560089	0.56046	0.548342
ERR618507	0.254014	0.250571	0	0.252065	0.26624	0.250737	0.311195	0.311801	0.310132	0.311234	0.312821	0.310857	0.341923	0.334468	0.330891	0.342393	0.370584	0.332371	0.301575	0.300767	0.324894	0.301693	0.319881	0.306513	0.466049	0.457912	0.46319	0.467034	0.441971	0.43953	0.33889	0.33976	0.340288	0.379453	0.340272	0.332966	0.336831	0.344669	0.340621	0.343858	0.385746	0.332835	0.314533	0.315025	0.315183	0.317389	0.31454	0.314529	0.428162	0.434065	0.427324	0.429755	0.427963	0.428472	0.503413	0.516142	0.503379	0.493638	0.503307	0.507395	0.502593	0.497523	0.490919	0.496358	0.497388	0.497325	0.801745	0.562573	0.802109	0.567662	0.560149	0.797856	0.650599	0.660177	0.652043	0.650575	0.659691	0.661944	0.574559	0.553816	0.574363	0.552598	0.551482	0.572272	0.479821	0.472442	0.4731	0.473942	0.478803	0.475319	0.553831	0.552897	0.563101	0.561762	0.561776	0.550826
ERR618510	0.254459	0.24799	0.252065	0	0.266354	0.248927	0.312697	0.313285	0.309135	0.313142	0.314854	0.312751	0.337348	0.335813	0.331725	0.3376	0.363731	0.334488	0.303768	0.303652	0.328613	0.304867	0.324685	0.308809	0.458033	0.452617	0.45524	0.458671	0.437748	0.434852	0.340131	0.340779	0.346973	0.378011	0.345613	0.339223	0.340381	0.342226	0.342701	0.341587	0.381251	0.335333	0.318989	0.319638	0.320619	0.321183	0.318483	0.318924	0.430761	0.437837	0.430901	0.432737	0.430488	0.431221	0.500019	0.51364	0.501081	0.492477	0.500119	0.503481	0.500686	0.49859	0.491367	0.496632	0.497041	0.498717	0.790783	0.557243	0.790962	0.561883	0.555614	0.785879	0.642595	0.651408	0.644076	0.642802	0.651036	0.653203	0.567957	0.549633	0.567717	0.548379	0.547328	0.565672	0.47858	0.47314	0.473096	0.473455	0.477453	0.474654	0.550362	0.549226	0.560682	0.559456	0.559932	0.548416
ERR618508	0.25745	0.268772	0.26624	0.266354	0	0.271426	0.317195	0.316355	0.318999	0.335818	0.339282	0.317731	0.347506	0.353814	0.34065	0.347116	0.352821	0.347704	0.320825	0.320636	0.361505	0.323731	0.354521	0.334425	0.455612	0.438968	0.453266	0.455349	0.450416	0.440951	0.336391	0.336862	0.34166	0.354611	0.337887	0.340483	0.340461	0.340747	0.338779	0.340541	0.36085	0.340567	0.332888	0.331293	0.333125	0.32903	0.334012	0.331524	0.443712	0.454573	0.443127	0.430858	0.443363	0.444192	0.496296	0.500575	0.492309	0.487969	0.496693	0.498422	0.500627	0.493987	0.495295	0.496237	0.495747	0.49435	0.815557	0.569447	0.815312	0.570118	0.565153	0.808349	0.660078	0.667074	0.661773	0.660587	0.667558	0.668715	0.570644	0.556368	0.570607	0.555161	0.554333	0.568946	0.480109	0.482921	0.478232	0.478726	0.479874	0.480357	0.563536	0.561356	0.563245	0.56259	0.562114	0.556955
ERR618512	0.256579	0.24736	0.250737	0.248927	0.271426	0	0.31301	0.313667	0.309332	0.30932	0.310656	0.312746	0.338796	0.332868	0.331125	0.339332	0.370488	0.332657	0.301801	0.301231	0.321503	0.301992	0.317792	0.304698	0.4627	0.45821	0.459542	0.463688	0.43784	0.436249	0.343325	0.343982	0.348117	0.385177	0.34759	0.339126	0.341748	0.346298	0.345009	0.345291	0.389008	0.335979	0.317249	0.318308	0.318364	0.321184	0.316387	0.317477	0.428466	0.433988	0.428241	0.433908	0.42826	0.429039	0.502762	0.51789	0.504242	0.494537	0.502797	0.5066	0.502702	0.500011	0.491571	0.497862	0.498463	0.500066	0.790642	0.557068	0.791021	0.562785	0.555618	0.787016	0.642693	0.652433	0.644038	0.642654	0.651844	0.654152	0.570612	0.550303	0.570207	0.549127	0.548012	0.568124	0.480247	0.472339	0.473603	0.474051	0.47904	0.475118	0.548938	0.548157	0.561178	0.55966	0.560262	0.5476
ERR630005	0.31072	0.312401	0.311195	0.312697	0.317195	0.31301	0	0.249282	0.25206	0.262871	0.265584	0.249055	0.312113	0.3094	0.300212	0.312895	0.334252	0.304755	0.307884	0.307704	0.339262	0.309994	0.331595	0.316627	0.462788	0.450016	0.460249	0.463013	0.446583	0.440809	0.31729	0.317846	0.31966	0.352785	0.318209	0.314227	0.351019	0.357765	0.352548	0.356456	0.389028	0.348866	0.307855	0.308086	0.307147	0.309197	0.309325	0.307626	0.414175	0.422702	0.413657	0.406171	0.413542	0.414557	0.472647	0.480174	0.469729	0.463679	0.472591	0.475007	0.477588	0.471699	0.470341	0.47309	0.47291	0.471898	0.792396	0.536471	0.792061	0.53832	0.532356	0.785594	0.631526	0.639987	0.633404	0.631865	0.640338	0.641798	0.545985	0.52892	0.545868	0.527833	0.527022	0.544103	0.459697	0.457743	0.455115	0.455672	0.458391	0.457718	0.533673	0.531371	0.53463	0.533799	0.533773	0.527201
ERR630004	0.310576	0.313106	0.311801	0.313285	0.316355	0.313667	0.249282	0	0.252794	0.265047	0.267683	0.249425	0.312072	0.309846	0.300209	0.312788	0.332318	0.304928	0.309185	0.309047	0.341963	0.311431	0.334184	0.318553	0.462169	0.449234	0.459686	0.462589	0.447396	0.441098	0.31612	0.317026	0.31881	0.350223	0.317098	0.313658	0.350445	0.356893	0.351694	0.355832	0.387055	0.348726	0.308996	0.308901	0.308328	0.310048	0.310845	0.308564	0.415276	0.424355	0.414895	0.406105	0.414687	0.415706	0.471716	0.479065	0.468711	0.463239	0.471902	0.474286	0.477236	0.470996	0.470528	0.472823	0.472402	0.471383	0.793714	0.537494	0.793434	0.539008	0.533225	0.786764	0.632708	0.64093	0.6346	0.633094	0.641446	0.642657	0.546012	0.529439	0.545768	0.528323	0.527505	0.54417	0.459398	0.458174	0.455144	0.455813	0.458181	0.457719	0.534719	0.532348	0.535044	0.534293	0.534193	0.528056
ERR630001	0.311037	0.308684	0.310132	0.309135	0.318999	0.309332	0.25206	0.252794	0	0.255132	0.256998	0.251617	0.302187	0.301655	0.296367	0.303156	0.329515	0.299557	0.306554	0.306774	0.333084	0.308605	0.328002	0.312373	0.457691	0.452028	0.455339	0.458411	0.440296	0.43612	0.317195	0.318074	0.324207	0.356592	0.323427	0.315848	0.352677	0.355676	0.355093	0.354634	0.390747	0.348486	0.309016	0.310086	0.309715	0.312546	0.309775	0.309128	0.409835	0.418191	0.410055	0.406447	0.40906	0.410161	0.467343	0.478598	0.467098	0.4601	0.467786	0.470269	0.472211	0.470463	0.465425	0.469078	0.469044	0.47129	0.77365	0.525637	0.773316	0.52823	0.522828	0.766764	0.617279	0.625065	0.619083	0.617675	0.625373	0.626863	0.53617	0.520036	0.536062	0.518979	0.51814	0.534493	0.45497	0.451874	0.450152	0.450881	0.453597	0.452277	0.523542	0.521853	0.528894	0.527963	0.528872	0.519687
ERR630002	0.320968	0.309977	0.311234	0.313142	0.335818	0.30932	0.262871	0.265047	0.255132	0	0.242523	0.261602	0.308633	0.295685	0.299599	0.310037	0.353615	0.297769	0.304104	0.30397	0.310981	0.303605	0.308801	0.301379	0.471821	0.471405	0.468593	0.47314	0.440277	0.441969	0.331633	0.332824	0.335315	0.384728	0.337546	0.321927	0.359898	0.367737	0.365745	0.366402	0.414676	0.352658	0.305429	0.308439	0.306585	0.315417	0.304541	0.30683	0.402885	0.405846	0.402781	0.413385	0.402247	0.402978	0.476664	0.493959	0.479021	0.467973	0.4763	0.480447	0.477951	0.477915	0.466179	0.473445	0.474687	0.478357	0.762173	0.521732	0.762654	0.528252	0.520609	0.758744	0.611191	0.621231	0.612756	0.611255	0.620629	0.623121	0.540913	0.519735	0.540494	0.518568	0.517698	0.538429	0.459113	0.447657	0.450489	0.451635	0.456802	0.452399	0.517462	0.516888	0.53221	0.530652	0.532119	0.517109
ERR630000	0.323736	0.311741	0.312821	0.314854	0.339282	0.310656	0.265584	0.267683	0.256998	0.242523	0	0.26389	0.309939	0.295139	0.300381	0.311247	0.356531	0.297674	0.304447	0.304383	0.308619	0.303943	0.306907	0.300683	0.473178	0.473702	0.470156	0.474823	0.440136	0.442366	0.334281	0.335594	0.337497	0.388713	0.340094	0.323634	0.361587	0.369971	0.368386	0.36872	0.418214	0.354021	0.307085	0.310235	0.308092	0.317936	0.305948	0.308394	0.402733	0.405109	0.402742	0.414879	0.402313	0.402955	0.477918	0.496032	0.480826	0.469363	0.47781	0.482095	0.479028	0.479124	0.46665	0.474328	0.475666	0.479525	0.759778	0.521108	0.760384	0.528095	0.520271	0.756893	0.610035	0.620374	0.611543	0.610009	0.619702	0.622346	0.541672	0.519749	0.541207	0.518645	0.517847	0.539165	0.460808	0.448212	0.451663	0.452827	0.458608	0.453615	0.515788	0.515447	0.531651	0.530101	0.531472	0.516028
ERR630003	0.311367	0.312198	0.310857	0.312751	0.317731	0.312746	0.249055	0.249425	0.251617	0.261602	0.26389	0	0.310829	0.307367	0.298784	0.311817	0.334352	0.302647	0.307776	0.307578	0.338342	0.309829	0.331002	0.316139	0.4633	0.451436	0.460672	0.463954	0.446538	0.440928	0.316794	0.317221	0.318543	0.353309	0.317656	0.312863	0.350619	0.357896	0.352617	0.356539	0.3899	0.34831	0.307998	0.308028	0.307443	0.309934	0.309424	0.307561	0.412474	0.420984	0.411841	0.40495	0.411875	0.412833	0.471589	0.479781	0.469068	0.462698	0.471531	0.474268	0.475854	0.46999	0.468159	0.471015	0.470999	0.47037	0.790761	0.535123	0.790468	0.537102	0.530873	0.784073	0.630023	0.638482	0.631918	0.630372	0.638868	0.640312	0.544892	0.527414	0.544739	0.526483	0.525596	0.542976	0.458139	0.455792	0.453446	0.453958	0.456838	0.455863	0.531971	0.52983	0.533322	0.532668	0.53271	0.525706
ERR613638	0.341189	0.337936	0.341923	0.337348	0.347506	0.338796	0.312113	0.312072	0.302187	0.308633	0.309939	0.310829	0	0.264953	0.262214	0.254569	0.28356	0.265605	0.340128	0.340715	0.356039	0.34212	0.35363	0.341514	0.443741	0.44475	0.441426	0.443845	0.432263	0.427928	0.331536	0.331596	0.345834	0.366224	0.345408	0.334366	0.360058	0.354683	0.362991	0.354001	0.38697	0.35341	0.35036	0.352575	0.352084	0.358412	0.350096	0.351336	0.437696	0.443079	0.438338	0.441189	0.437199	0.438228	0.470111	0.482155	0.471368	0.465671	0.470287	0.472766	0.460179	0.465793	0.458319	0.460617	0.46065	0.466914	0.743062	0.502654	0.742284	0.504895	0.501017	0.735267	0.586383	0.592831	0.588197	0.586601	0.592928	0.594657	0.499083	0.485352	0.49913	0.484633	0.484248	0.497505	0.450258	0.450127	0.448483	0.448417	0.448742	0.448588	0.498031	0.496849	0.506039	0.504975	0.506645	0.496194
ERR613635	0.341693	0.333627	0.334468	0.335813	0.353814	0.332868	0.3094	0.309846	0.301655	0.295685	0.295139	0.307367	0.264953	0	0.255911	0.266982	0.313854	0.251321	0.330412	0.330273	0.334092	0.330406	0.331378	0.327095	0.465737	0.465578	0.462925	0.466913	0.438253	0.438499	0.332421	0.333414	0.336938	0.381121	0.340971	0.323648	0.354472	0.361268	0.362126	0.360226	0.405313	0.347588	0.339109	0.342418	0.339946	0.351448	0.339108	0.340668	0.42627	0.427532	0.425896	0.43628	0.425953	0.426657	0.480758	0.496477	0.482664	0.472423	0.480473	0.484685	0.465187	0.465788	0.455266	0.460701	0.462651	0.465991	0.752379	0.510275	0.752598	0.516664	0.508578	0.74886	0.595378	0.605584	0.597231	0.595102	0.604889	0.60765	0.515818	0.493861	0.515852	0.49303	0.492273	0.513574	0.453171	0.443426	0.445846	0.446849	0.450899	0.447272	0.500892	0.500871	0.513862	0.512184	0.513148	0.500041
ERR613637	0.333333	0.331065	0.330891	0.331725	0.34065	0.331125	0.300212	0.300209	0.296367	0.299599	0.300381	0.298784	0.262214	0.255911	0	0.263563	0.296531	0.253915	0.328395	0.328306	0.34409	0.329391	0.338869	0.33046	0.456548	0.450663	0.453799	0.457193	0.437338	0.433632	0.321277	0.321669	0.326202	0.360898	0.327383	0.316572	0.345953	0.351154	0.350339	0.349952	0.387049	0.341619	0.335167	0.337168	0.33491	0.343571	0.33561	0.336161	0.429335	0.433278	0.428705	0.431009	0.428962	0.429851	0.475379	0.486379	0.474711	0.467414	0.475429	0.478873	0.461698	0.460295	0.455131	0.458225	0.458722	0.460285	0.767785	0.515092	0.767689	0.518762	0.511968	0.762329	0.604501	0.613316	0.6065	0.604552	0.613357	0.615223	0.514447	0.495145	0.514418	0.494109	0.493563	0.512487	0.449341	0.445594	0.444661	0.445425	0.447875	0.446329	0.507274	0.506023	0.513089	0.51173	0.512228	0.503115
ERR613639	0.341268	0.338268	0.342393	0.3376	0.347116	0.339332	0.312895	0.312788	0.303156	0.310037	0.311247	0.311817	0.254569	0.266982	0.263563	0	0.282674	0.267405	0.340873	0.341484	0.357933	0.343205	0.355679	0.342781	0.442613	0.443804	0.440379	0.44309	0.432363	0.4277	0.331789	0.331777	0.346937	0.365619	0.346003	0.335594	0.360323	0.354002	0.362924	0.353674	0.385707	0.35384	0.351688	0.35387	0.353376	0.359417	0.351429	0.352618	0.439106	0.444784	0.43987	0.442039	0.438617	0.439629	0.470367	0.482316	0.471589	0.466171	0.470702	0.473045	0.460394	0.466282	0.458924	0.461032	0.461019	0.467429	0.74369	0.503667	0.742799	0.505635	0.502043	0.735609	0.586976	0.593212	0.588726	0.587203	0.593253	0.594999	0.49966	0.486458	0.499664	0.485575	0.485238	0.498109	0.45085	0.451169	0.449001	0.44928	0.449396	0.449231	0.499307	0.497988	0.507094	0.506219	0.507813	0.497334
ERR613640	0.358589	0.367827	0.370584	0.363731	0.352821	0.370488	0.334252	0.332318	0.329515	0.353615	0.356531	0.334352	0.28356	0.313854	0.296531	0.282674	0	0.307963	0.374025	0.375134	0.408633	0.378381	0.403631	0.384807	0.43408	0.42442	0.432875	0.432699	0.44948	0.436033	0.34324	0.342269	0.360305	0.345885	0.355714	0.357051	0.376103	0.363401	0.372953	0.363126	0.366143	0.375109	0.382882	0.382519	0.384089	0.383427	0.384364	0.382393	0.468158	0.47888	0.468841	0.45459	0.467185	0.468692	0.468128	0.467659	0.464057	0.466743	0.469141	0.468319	0.46724	0.470379	0.475158	0.470217	0.468241	0.472381	0.764637	0.517847	0.762737	0.513328	0.513333	0.751337	0.603078	0.605183	0.605111	0.603858	0.606642	0.606626	0.498199	0.495386	0.498555	0.494698	0.494746	0.49792	0.461027	0.475134	0.466299	0.466017	0.46124	0.46655	0.517304	0.514375	0.511032	0.510835	0.511705	0.509926
ERR613636	0.338115	0.333099	0.332371	0.334488	0.347704	0.332657	0.304755	0.304928	0.299557	0.297769	0.297674	0.302647	0.265605	0.251321	0.253915	0.267405	0.307963	0	0.329797	0.329422	0.339476	0.330316	0.334912	0.329323	0.464595	0.46037	0.46173	0.465711	0.440079	0.438571	0.326323	0.327172	0.328107	0.371049	0.3325	0.317168	0.3488	0.357867	0.356599	0.356691	0.397987	0.343937	0.337383	0.340024	0.33761	0.34818	0.33808	0.338611	0.426987	0.429213	0.426115	0.432102	0.426881	0.427484	0.479137	0.492199	0.479438	0.470311	0.479171	0.482822	0.463627	0.46162	0.454235	0.458388	0.46053	0.461462	0.762702	0.513856	0.762816	0.518967	0.511083	0.758453	0.601459	0.611211	0.603414	0.601271	0.610938	0.613375	0.517346	0.495708	0.517412	0.494716	0.494077	0.515184	0.451898	0.444224	0.445289	0.44623	0.450049	0.447225	0.50465	0.504041	0.513193	0.511663	0.511915	0.501637
ERR636863	0.308598	0.301817	0.301575	0.303768	0.320825	0.301801	0.307884	0.309185	0.306554	0.304104	0.304447	0.307776	0.340128	0.330412	0.328395	0.340873	0.374025	0.329797	0	0.243841	0.268291	0.244092	0.262992	0.248539	0.454993	0.448565	0.451619	0.456002	0.425985	0.425206	0.333483	0.334287	0.335356	0.378703	0.33533	0.326411	0.321183	0.330887	0.32583	0.329883	0.377889	0.316219	0.279657	0.280279	0.280906	0.284802	0.279796	0.280004	0.437797	0.442539	0.4373	0.443204	0.437332	0.438289	0.525427	0.539993	0.526328	0.516228	0.52504	0.529257	0.522021	0.517557	0.508903	0.51604	0.516717	0.517435	0.804024	0.579292	0.804817	0.585725	0.577674	0.802216	0.661139	0.672222	0.662574	0.661068	0.671404	0.674056	0.597471	0.575799	0.597084	0.574436	0.573586	0.594907	0.493861	0.483424	0.485421	0.48664	0.491869	0.487847	0.573721	0.573313	0.586422	0.585085	0.585766	0.572781
ERR636864	0.308073	0.301535	0.300767	0.303652	0.320636	0.301231	0.307704	0.309047	0.306774	0.30397	0.304383	0.307578	0.340715	0.330273	0.328306	0.341484	0.375134	0.329422	0.243841	0	0.267326	0.243788	0.261733	0.248269	0.456298	0.449376	0.452867	0.457108	0.426505	0.425892	0.333976	0.334679	0.334799	0.379135	0.335193	0.326103	0.321724	0.332356	0.326561	0.331242	0.379591	0.316914	0.279164	0.279913	0.280138	0.284189	0.27931	0.279032	0.437423	0.441957	0.436878	0.442727	0.437009	0.437871	0.525407	0.539904	0.52609	0.515862	0.525115	0.529266	0.522189	0.517275	0.508924	0.516014	0.516688	0.516997	0.805144	0.579415	0.806047	0.5859	0.577601	0.803569	0.661789	0.672964	0.663252	0.661714	0.67214	0.674731	0.597812	0.575937	0.597374	0.574532	0.573592	0.595354	0.494336	0.483604	0.485716	0.486745	0.492314	0.488195	0.573381	0.572874	0.585769	0.584454	0.584977	0.572273
ERR636860	0.341624	0.323473	0.324894	0.328613	0.361505	0.321503	0.339262	0.341963	0.333084	0.310981	0.308619	0.338342	0.356039	0.334092	0.34409	0.357933	0.408633	0.339476	0.268291	0.267326	0	0.263292	0.244746	0.25204	0.474118	0.476917	0.470272	0.476014	0.427516	0.434887	0.375774	0.376487	0.374909	0.432811	0.378944	0.35976	0.354966	0.368653	0.364518	0.367255	0.427468	0.345108	0.304968	0.309459	0.30584	0.320927	0.301924	0.307292	0.447213	0.442693	0.446489	0.471353	0.447261	0.447641	0.539522	0.560901	0.543967	0.52998	0.538819	0.544506	0.536391	0.535401	0.519383	0.53023	0.53213	0.535075	0.77559	0.569667	0.777621	0.581182	0.570397	0.779363	0.644104	0.658253	0.645112	0.643379	0.656193	0.660176	0.599603	0.573141	0.599065	0.571642	0.570652	0.596697	0.511941	0.491144	0.499136	0.500648	0.509018	0.501134	0.559954	0.561479	0.584356	0.582001	0.583584	0.564254
ERR636862	0.310169	0.302396	0.301693	0.304867	0.323731	0.301992	0.309994	0.311431	0.308605	0.303605	0.303943	0.309829	0.34212	0.330406	0.329391	0.343205	0.378381	0.330316	0.244092	0.243788	0.263292	0	0.258531	0.246604	0.458011	0.451626	0.454438	0.458826	0.426184	0.426454	0.336915	0.337552	0.337268	0.383918	0.33821	0.327871	0.323366	0.33433	0.328598	0.333372	0.383323	0.318028	0.279089	0.280005	0.280017	0.285113	0.278868	0.279472	0.437577	0.441235	0.436893	0.444748	0.43709	0.43801	0.527159	0.542164	0.527978	0.517577	0.526821	0.531196	0.523668	0.518969	0.509901	0.517353	0.518268	0.518859	0.80375	0.579334	0.804668	0.586321	0.577803	0.802525	0.661459	0.672964	0.662886	0.661395	0.672056	0.674902	0.598702	0.576319	0.598397	0.574966	0.574019	0.596256	0.495894	0.484004	0.486864	0.487964	0.49379	0.489309	0.573088	0.572788	0.586599	0.585135	0.585779	0.572368
ERR636861	0.335669	0.320117	0.319881	0.324685	0.354521	0.317792	0.331595	0.334184	0.328002	0.308801	0.306907	0.331002	0.35363	0.331378	0.338869	0.355679	0.403631	0.334912	0.262992	0.261733	0.244746	0.258531	0	0.249498	0.472077	0.470768	0.468145	0.473889	0.427081	0.432787	0.368129	0.368903	0.364979	0.423813	0.369289	0.351148	0.347134	0.363199	0.356916	0.361649	0.420435	0.338707	0.29769	0.30176	0.29746	0.312282	0.295805	0.299932	0.445433	0.441671	0.444092	0.465892	0.445454	0.445783	0.53713	0.556689	0.540284	0.526934	0.536458	0.54208	0.534434	0.531175	0.517378	0.527439	0.529216	0.53061	0.78724	0.57188	0.789056	0.5825	0.571523	0.790014	0.650191	0.664334	0.651324	0.64951	0.662631	0.666289	0.600264	0.573399	0.599811	0.571963	0.570999	0.597374	0.510079	0.490413	0.497468	0.49864	0.507289	0.499825	0.561609	0.562797	0.582531	0.580375	0.581231	0.564162
ERR636859	0.317885	0.30551	0.306513	0.308809	0.334425	0.304698	0.316627	0.318553	0.312373	0.301379	0.300683	0.316139	0.341514	0.327095	0.33046	0.342781	0.384807	0.329323	0.248539	0.248269	0.25204	0.246604	0.249498	0	0.460198	0.458316	0.456466	0.461623	0.423283	0.426294	0.347023	0.347908	0.348617	0.398948	0.350286	0.336613	0.332107	0.342945	0.339359	0.341947	0.396595	0.32472	0.285427	0.287911	0.286818	0.294967	0.284005	0.286623	0.437894	0.439342	0.437556	0.451498	0.437616	0.438355	0.528629	0.546476	0.531289	0.519415	0.528324	0.532974	0.525291	0.522823	0.5108	0.51953	0.520757	0.522825	0.78965	0.572507	0.790816	0.581077	0.572104	0.789815	0.651706	0.663928	0.652848	0.651381	0.66262	0.665794	0.595235	0.571778	0.594706	0.570314	0.56942	0.592476	0.498457	0.483597	0.488137	0.489163	0.495891	0.490276	0.565591	0.565826	0.583413	0.581633	0.582625	0.566992
ERR608977	0.457713	0.461641	0.466049	0.458033	0.455612	0.4627	0.462788	0.462169	0.457691	0.471821	0.473178	0.4633	0.443741	0.465737	0.456548	0.442613	0.43408	0.464595	0.454993	0.456298	0.474118	0.458011	0.472077	0.460198	0	0.308973	0.283545	0.284518	0.307111	0.295059	0.496903	0.496348	0.511071	0.502838	0.507578	0.505411	0.477139	0.463632	0.474727	0.464059	0.470794	0.473247	0.478956	0.479567	0.479429	0.482555	0.478945	0.479369	0.585475	0.588626	0.5862	0.586465	0.585098	0.585864	0.574143	0.578148	0.572975	0.574127	0.574136	0.574325	0.595988	0.603005	0.600544	0.599791	0.598322	0.604435	0.797032	0.594359	0.795707	0.591999	0.591744	0.786941	0.663555	0.66712	0.664876	0.663773	0.667868	0.668292	0.598957	0.595876	0.598997	0.595665	0.595537	0.598375	0.596248	0.600927	0.597708	0.597374	0.595693	0.597381	0.589925	0.587908	0.591341	0.590828	0.592625	0.586587
ERR608973	0.445647	0.45651	0.457912	0.452617	0.438968	0.45821	0.450016	0.449234	0.452028	0.471405	0.473702	0.451436	0.44475	0.465578	0.450663	0.443804	0.42442	0.46037	0.448565	0.449376	0.476917	0.451626	0.470768	0.458316	0.308973	0	0.309421	0.308682	0.340287	0.320005	0.483909	0.483184	0.492648	0.479985	0.488521	0.491729	0.462288	0.453905	0.458256	0.453955	0.45019	0.463004	0.469263	0.468637	0.4676	0.468711	0.470287	0.468917	0.58413	0.588566	0.58356	0.576233	0.583993	0.584584	0.570671	0.567493	0.564528	0.567895	0.570684	0.570426	0.59492	0.594645	0.599105	0.596168	0.594402	0.594956	0.832288	0.605595	0.831076	0.601442	0.599964	0.822261	0.684947	0.689828	0.686732	0.685474	0.691011	0.690898	0.605896	0.601318	0.60617	0.601147	0.600825	0.605392	0.59409	0.601603	0.596341	0.595594	0.594145	0.597044	0.598649	0.595217	0.588777	0.588719	0.588547	0.589735
ERR608976	0.454914	0.458357	0.46319	0.45524	0.453266	0.459542	0.460249	0.459686	0.455339	0.468593	0.470156	0.460672	0.441426	0.462925	0.453799	0.440379	0.432875	0.46173	0.451619	0.452867	0.470272	0.454438	0.468145	0.456466	0.283545	0.309421	0	0.283988	0.303805	0.292099	0.494263	0.49363	0.508215	0.50096	0.50493	0.50226	0.473964	0.461062	0.471859	0.461232	0.469072	0.470291	0.475608	0.476313	0.475821	0.479408	0.475372	0.4761	0.582848	0.585883	0.583522	0.584325	0.582653	0.5832	0.573427	0.578119	0.572533	0.573233	0.573313	0.573776	0.5944	0.601188	0.598455	0.597885	0.596383	0.602447	0.79655	0.593964	0.795277	0.592034	0.591215	0.786795	0.662867	0.666712	0.664292	0.663026	0.667502	0.667982	0.598902	0.595047	0.598652	0.594701	0.594575	0.598008	0.594369	0.598544	0.595485	0.595152	0.593686	0.595131	0.588965	0.586978	0.590996	0.590526	0.592168	0.585936
ERR608978	0.457907	0.46221	0.467034	0.458671	0.455349	0.463688	0.463013	0.462589	0.458411	0.47314	0.474823	0.463954	0.443845	0.466913	0.457193	0.44309	0.432699	0.465711	0.456002	0.457108	0.476014	0.458826	0.473889	0.461623	0.284518	0.308682	0.283988	0	0.310617	0.29753	0.496395	0.495707	0.510956	0.500914	0.50699	0.505479	0.477014	0.463132	0.47411	0.463257	0.468706	0.473479	0.479656	0.480242	0.480237	0.482879	0.479689	0.479984	0.585808	0.589539	0.586641	0.585855	0.585415	0.586174	0.573376	0.576849	0.571995	0.573455	0.573346	0.57347	0.595539	0.602425	0.600535	0.599435	0.597814	0.603886	0.797399	0.594872	0.795933	0.592191	0.591896	0.786854	0.663833	0.667042	0.665223	0.6642	0.668032	0.668171	0.598477	0.596089	0.598475	0.595931	0.595766	0.597849	0.595773	0.601258	0.597441	0.597176	0.595307	0.597262	0.590615	0.588495	0.591227	0.590708	0.592482	0.587162
ERR608975	0.443169	0.438141	0.441971	0.437748	0.450416	0.43784	0.446583	0.447396	0.440296	0.440277	0.440136	0.446538	0.432263	0.438253	0.437338	0.432363	0.44948	0.440079	0.425985	0.426505	0.427516	0.426184	0.427081	0.423283	0.307111	0.340287	0.303805	0.310617	0	0.27659	0.487909	0.487866	0.496914	0.513314	0.496396	0.486999	0.460711	0.456814	0.463307	0.456662	0.485798	0.454016	0.450616	0.453201	0.450617	0.46025	0.449145	0.452313	0.56186	0.559917	0.562029	0.574661	0.561906	0.562222	0.578755	0.591952	0.580729	0.574831	0.578277	0.580986	0.592848	0.598382	0.588587	0.592817	0.592856	0.598644	0.792723	0.590911	0.792936	0.595379	0.590131	0.789473	0.661017	0.669691	0.662377	0.660502	0.669148	0.67128	0.609092	0.594733	0.608623	0.594232	0.593566	0.60717	0.589026	0.582632	0.584675	0.584952	0.587526	0.584958	0.581351	0.581065	0.59552	0.593862	0.59566	0.582232
ERR608974	0.436999	0.436134	0.43953	0.434852	0.440951	0.436249	0.440809	0.441098	0.43612	0.441969	0.442366	0.440928	0.427928	0.438499	0.433632	0.4277	0.436033	0.438571	0.425206	0.425892	0.434887	0.426454	0.432787	0.426294	0.295059	0.320005	0.292099	0.29753	0.27659	0	0.481085	0.48097	0.490449	0.5004	0.489182	0.482631	0.455667	0.450195	0.456602	0.450054	0.472267	0.450381	0.449501	0.451344	0.448971	0.456745	0.44855	0.450647	0.562582	0.562408	0.562677	0.570186	0.562538	0.562983	0.571058	0.580651	0.571148	0.567747	0.5706	0.572685	0.588099	0.592544	0.586213	0.588758	0.588175	0.592982	0.798382	0.588798	0.798079	0.591091	0.586823	0.792976	0.661651	0.669238	0.663126	0.661371	0.669142	0.670597	0.602494	0.590695	0.602241	0.590256	0.589825	0.600838	0.585601	0.582865	0.582805	0.582896	0.584401	0.583246	0.579981	0.578865	0.588548	0.587251	0.588725	0.578354
ERR613620	0.335909	0.340889	0.33889	0.340131	0.336391	0.343325	0.31729	0.31612	0.317195	0.331633	0.334281	0.316794	0.331536	0.332421	0.321277	0.331789	0.34324	0.326323	0.333483	0.333976	0.375774	0.336915	0.368129	0.347023	0.496903	0.483909	0.494263	0.496395	0.487909	0.481085	0	0.243038	0.251229	0.275881	0.247666	0.250227	0.321438	0.323708	0.32078	0.323196	0.347823	0.322362	0.32323	0.321282	0.324746	0.317803	0.325796	0.321297	0.410291	0.425781	0.410216	0.391304	0.409213	0.410864	0.482153	0.486017	0.478639	0.474325	0.482927	0.484297	0.45303	0.445335	0.448182	0.448104	0.447849	0.446537	0.810167	0.564429	0.809482	0.564301	0.560185	0.801251	0.652309	0.657619	0.654069	0.653055	0.658432	0.659326	0.549174	0.536358	0.549263	0.535264	0.534428	0.547886	0.425709	0.431178	0.424608	0.42528	0.424919	0.427529	0.564444	0.562366	0.56226	0.561814	0.561679	0.557807
ERR613621	0.336476	0.341559	0.33976	0.340779	0.336862	0.343982	0.317846	0.317026	0.318074	0.332824	0.335594	0.317221	0.331596	0.333414	0.321669	0.331777	0.342269	0.327172	0.334287	0.334679	0.376487	0.337552	0.368903	0.347908	0.496348	0.483184	0.49363	0.495707	0.487866	0.48097	0.243038	0	0.252372	0.274648	0.248275	0.251651	0.321899	0.323186	0.320835	0.322356	0.346533	0.322617	0.323461	0.321592	0.325381	0.318042	0.326148	0.321881	0.411221	0.426962	0.411455	0.392204	0.410398	0.411926	0.481714	0.485215	0.478162	0.474102	0.482622	0.483819	0.452924	0.445557	0.448542	0.448467	0.447856	0.446842	0.809999	0.564168	0.809263	0.563881	0.559992	0.800932	0.652499	0.657721	0.65437	0.653301	0.658501	0.659298	0.548416	0.536033	0.548434	0.534916	0.534106	0.547123	0.425286	0.431544	0.424417	0.42509	0.424326	0.427229	0.564691	0.562572	0.562316	0.561885	0.561759	0.558022
ERR613618	0.340695	0.346731	0.340288	0.346973	0.34166	0.348117	0.31966	0.31881	0.324207	0.335315	0.337497	0.318543	0.345834	0.336938	0.326202	0.346937	0.360305	0.328107	0.335356	0.334799	0.374909	0.337268	0.364979	0.348617	0.511071	0.492648	0.508215	0.510956	0.496914	0.490449	0.251229	0.252372	0	0.287216	0.243614	0.242488	0.320782	0.336906	0.324335	0.335785	0.362309	0.324558	0.320883	0.318988	0.3213	0.316996	0.324817	0.318926	0.409715	0.423358	0.408399	0.390492	0.409245	0.410379	0.490684	0.493045	0.485517	0.479686	0.491284	0.493491	0.461335	0.446499	0.452218	0.452383	0.453129	0.446679	0.828356	0.57444	0.828224	0.575378	0.568922	0.821371	0.666165	0.673343	0.668181	0.666766	0.673926	0.674953	0.563468	0.546813	0.563822	0.545508	0.544581	0.56194	0.435274	0.435985	0.431238	0.432408	0.434352	0.435519	0.571498	0.569446	0.566373	0.566108	0.564718	0.562868
ERR613622	0.36597	0.381546	0.379453	0.378011	0.354611	0.385177	0.352785	0.350223	0.356592	0.384728	0.388713	0.353309	0.366224	0.381121	0.360898	0.365619	0.345885	0.371049	0.378703	0.379135	0.432811	0.383918	0.423813	0.398948	0.502838	0.479985	0.50096	0.500914	0.513314	0.5004	0.275881	0.274648	0.287216	0	0.278353	0.296545	0.350896	0.343326	0.343104	0.343514	0.330504	0.356715	0.369621	0.365804	0.371082	0.358168	0.373593	0.366898	0.45197	0.471562	0.452203	0.416372	0.450882	0.452612	0.493086	0.483819	0.484202	0.487481	0.494214	0.492572	0.469672	0.459484	0.474006	0.467355	0.465254	0.461078	0.835513	0.590193	0.834242	0.585594	0.584178	0.823199	0.677054	0.67958	0.678906	0.678153	0.681085	0.680844	0.561712	0.557186	0.562051	0.556014	0.555575	0.561529	0.446179	0.466214	0.452934	0.452915	0.447	0.455448	0.593468	0.590185	0.581506	0.581763	0.580839	0.583338
ERR613619	0.338371	0.345751	0.340272	0.345613	0.337887	0.34759	0.318209	0.317098	0.323427	0.337546	0.340094	0.317656	0.345408	0.340971	0.327383	0.346003	0.355714	0.3325	0.33533	0.335193	0.378944	0.33821	0.369289	0.350286	0.507578	0.488521	0.50493	0.50699	0.496396	0.489182	0.247666	0.248275	0.243614	0.278353	0	0.246645	0.321289	0.331488	0.320669	0.330893	0.35397	0.324456	0.321142	0.318547	0.321107	0.314635	0.324334	0.31911	0.412463	0.427231	0.411388	0.390438	0.411702	0.413056	0.489283	0.49052	0.483608	0.479233	0.489919	0.491709	0.460957	0.447534	0.454068	0.453611	0.453165	0.448032	0.83105	0.576905	0.830694	0.576867	0.571306	0.823318	0.668741	0.675128	0.670644	0.66947	0.676	0.676782	0.562914	0.547712	0.562925	0.546522	0.54556	0.561321	0.433219	0.437358	0.430757	0.431781	0.432553	0.434803	0.574979	0.572464	0.569666	0.569176	0.568145	0.566315
ERR613617	0.336341	0.338296	0.332966	0.339223	0.340483	0.339126	0.314227	0.313658	0.315848	0.321927	0.323634	0.312863	0.334366	0.323648	0.316572	0.335594	0.357051	0.317168	0.326411	0.326103	0.35976	0.327871	0.351148	0.336613	0.505411	0.491729	0.50226	0.505479	0.486999	0.482631	0.250227	0.251651	0.242488	0.296545	0.246645	0	0.319409	0.334018	0.324152	0.3329	0.367038	0.319699	0.31305	0.312065	0.313906	0.312078	0.31598	0.311716	0.40067	0.412325	0.399595	0.388673	0.400117	0.401282	0.485115	0.49145	0.48205	0.474609	0.48563	0.488562	0.455502	0.444617	0.445244	0.447308	0.448548	0.445018	0.812582	0.561895	0.81239	0.564019	0.557359	0.806129	0.652485	0.659962	0.654317	0.652937	0.660327	0.661694	0.553745	0.536043	0.553974	0.534819	0.53378	0.552063	0.429774	0.427202	0.424342	0.425846	0.428237	0.42818	0.558527	0.556951	0.558179	0.557446	0.556761	0.551867
ERR613666	0.337575	0.340262	0.336831	0.340381	0.340461	0.341748	0.351019	0.350445	0.352677	0.359898	0.361587	0.350619	0.360058	0.354472	0.345953	0.360323	0.376103	0.3488	0.321183	0.321724	0.354966	0.323366	0.347134	0.332107	0.477139	0.462288	0.473964	0.477014	0.460711	0.455667	0.321438	0.321899	0.320782	0.350896	0.321289	0.319409	0	0.266743	0.256666	0.265509	0.305839	0.253644	0.325806	0.32437	0.326589	0.325431	0.328638	0.324664	0.467129	0.475103	0.466268	0.459873	0.466867	0.46773	0.541219	0.5485	0.538959	0.531463	0.54139	0.544295	0.502087	0.49244	0.491507	0.494547	0.495428	0.492187	0.838611	0.607091	0.839056	0.610603	0.603411	0.835229	0.686287	0.695278	0.687851	0.686307	0.695083	0.697071	0.603345	0.584589	0.603403	0.583361	0.582469	0.601432	0.48084	0.477385	0.475194	0.476691	0.479338	0.478674	0.603025	0.602091	0.60679	0.605636	0.605298	0.59819
ERR613669	0.340288	0.34364	0.344669	0.342226	0.340747	0.346298	0.357765	0.356893	0.355676	0.367737	0.369971	0.357896	0.354683	0.361268	0.351154	0.354002	0.363401	0.357867	0.330887	0.332356	0.368653	0.33433	0.363199	0.342945	0.463632	0.453905	0.461062	0.463132	0.456814	0.450195	0.323708	0.323186	0.336906	0.343326	0.331488	0.334018	0.266743	0	0.263272	0.256973	0.287286	0.265117	0.339299	0.337753	0.341582	0.336538	0.340908	0.338051	0.474242	0.484648	0.474866	0.465955	0.473622	0.474911	0.534874	0.54222	0.533594	0.528616	0.535414	0.537028	0.497536	0.4941	0.492598	0.494264	0.493553	0.495108	0.822749	0.600129	0.82266	0.602129	0.597614	0.817056	0.67529	0.681908	0.676655	0.675532	0.682003	0.683659	0.590651	0.57723	0.590582	0.576059	0.575454	0.589229	0.475497	0.479124	0.474012	0.474725	0.474336	0.475997	0.599508	0.598274	0.604871	0.603838	0.604447	0.596447
ERR613667	0.337944	0.342958	0.340621	0.342701	0.338779	0.345009	0.352548	0.351694	0.355093	0.365745	0.368386	0.352617	0.362991	0.362126	0.350339	0.362924	0.372953	0.356599	0.32583	0.326561	0.364518	0.328598	0.356916	0.339359	0.474727	0.458256	0.471859	0.47411	0.463307	0.456602	0.32078	0.320835	0.324335	0.343104	0.320669	0.324152	0.256666	0.263272	0	0.2622	0.295403	0.258718	0.330646	0.328249	0.330943	0.327083	0.332857	0.328795	0.471241	0.48047	0.470412	0.460761	0.470658	0.471673	0.540171	0.54581	0.537028	0.53121	0.54028	0.542715	0.50153	0.492273	0.49346	0.495446	0.495083	0.492433	0.843411	0.610128	0.843753	0.612652	0.606173	0.839174	0.690249	0.698495	0.691837	0.690397	0.698455	0.700233	0.603302	0.586404	0.603318	0.584989	0.584201	0.601513	0.480227	0.480731	0.476344	0.477633	0.478958	0.4798	0.607091	0.605688	0.609513	0.608472	0.608237	0.601998
ERR613668	0.339744	0.343046	0.343858	0.341587	0.340541	0.345291	0.356456	0.355832	0.354634	0.366402	0.36872	0.356539	0.354001	0.360226	0.349952	0.353674	0.363126	0.356691	0.329883	0.331242	0.367255	0.333372	0.361649	0.341947	0.464059	0.453955	0.461232	0.463257	0.456662	0.450054	0.323196	0.322356	0.335785	0.343514	0.330893	0.3329	0.265509	0.256973	0.2622	0	0.288096	0.264455	0.33783	0.336253	0.339995	0.335042	0.339634	0.336606	0.474159	0.484416	0.474533	0.465909	0.473494	0.474659	0.535122	0.542366	0.533855	0.528839	0.535608	0.537363	0.497778	0.494057	0.492736	0.494563	0.493783	0.495013	0.823772	0.600552	0.823749	0.602658	0.597832	0.818175	0.675983	0.682865	0.677442	0.676244	0.682795	0.684512	0.591292	0.577501	0.591069	0.576402	0.575581	0.589845	0.476048	0.479397	0.474461	0.475095	0.474911	0.476608	0.599728	0.598562	0.604745	0.603673	0.604294	0.596347
ERR613670	0.371885	0.38512	0.385746	0.381251	0.36085	0.389008	0.389028	0.387055	0.390747	0.414676	0.418214	0.3899	0.38697	0.405313	0.387049	0.385707	0.366143	0.397987	0.377889	0.379591	0.427468	0.383323	0.420435	0.396595	0.470794	0.45019	0.469072	0.468706	0.485798	0.472267	0.347823	0.346533	0.362309	0.330504	0.35397	0.367038	0.305839	0.287286	0.295403	0.288096	0	0.311286	0.384654	0.381316	0.386371	0.376048	0.387543	0.382435	0.507609	0.521956	0.508108	0.484812	0.506812	0.508013	0.541629	0.538125	0.535911	0.537408	0.542425	0.541786	0.50959	0.503672	0.513025	0.508703	0.506425	0.505153	0.845443	0.620208	0.84466	0.617714	0.615583	0.835904	0.695776	0.699643	0.697271	0.696349	0.700496	0.701002	0.597747	0.591899	0.597736	0.590769	0.590397	0.597174	0.492157	0.50841	0.497444	0.497424	0.492375	0.499095	0.622416	0.620038	0.617634	0.617336	0.617327	0.615462
ERR613665	0.335102	0.334868	0.332835	0.335333	0.340567	0.335979	0.348866	0.348726	0.348486	0.352658	0.354021	0.34831	0.35341	0.347588	0.341619	0.35384	0.375109	0.343937	0.316219	0.316914	0.345108	0.318028	0.338707	0.32472	0.473247	0.463004	0.470291	0.473479	0.454016	0.450381	0.322362	0.322617	0.324558	0.356715	0.324456	0.319699	0.253644	0.265117	0.258718	0.264455	0.311286	0	0.322474	0.321662	0.323914	0.324021	0.324509	0.321762	0.462228	0.469358	0.461644	0.459377	0.461932	0.462787	0.537804	0.547528	0.536909	0.528616	0.537883	0.541087	0.499074	0.492017	0.488161	0.492161	0.493126	0.492026	0.82673	0.599217	0.827232	0.60359	0.596485	0.823684	0.67701	0.686269	0.678589	0.677101	0.685758	0.687978	0.597206	0.578159	0.597371	0.576911	0.575924	0.595287	0.478067	0.472688	0.471818	0.473206	0.476341	0.474993	0.595181	0.594609	0.602255	0.60093	0.601084	0.592012
ERR636768	0.3218	0.31699	0.314533	0.318989	0.332888	0.317249	0.307855	0.308996	0.309016	0.305429	0.307085	0.307998	0.35036	0.339109	0.335167	0.351688	0.382882	0.337383	0.279657	0.279164	0.304968	0.279089	0.29769	0.285427	0.478956	0.469263	0.475608	0.479656	0.450616	0.449501	0.32323	0.323461	0.320883	0.369621	0.321142	0.31305	0.325806	0.339299	0.330646	0.33783	0.384654	0.322474	0	0.232585	0.235198	0.236574	0.23434	0.232355	0.421689	0.428041	0.420237	0.425087	0.421315	0.422182	0.521923	0.534486	0.521546	0.512017	0.521953	0.525809	0.515219	0.508894	0.501577	0.508385	0.508994	0.508887	0.823818	0.58795	0.824212	0.59327	0.5856	0.820206	0.679066	0.688628	0.680397	0.679116	0.688129	0.690303	0.598953	0.578385	0.59874	0.576816	0.576096	0.596879	0.481813	0.472175	0.473639	0.474565	0.479868	0.476397	0.584417	0.583503	0.594499	0.593285	0.593647	0.5819
ERR636766	0.321282	0.317842	0.315025	0.319638	0.331293	0.318308	0.308086	0.308901	0.310086	0.308439	0.310235	0.308028	0.352575	0.342418	0.337168	0.35387	0.382519	0.340024	0.280279	0.279913	0.309459	0.280005	0.30176	0.287911	0.479567	0.468637	0.476313	0.480242	0.453201	0.451344	0.321282	0.321592	0.318988	0.365804	0.318547	0.312065	0.32437	0.337753	0.328249	0.336253	0.381316	0.321662	0.232585	0	0.235306	0.234762	0.235144	0.232393	0.423028	0.430155	0.421632	0.424246	0.422664	0.423519	0.52317	0.534809	0.522412	0.513286	0.52327	0.527034	0.516158	0.50927	0.50276	0.509332	0.509666	0.509362	0.829098	0.591807	0.829421	0.596717	0.589247	0.825233	0.683857	0.693151	0.685182	0.68404	0.692711	0.694849	0.601644	0.581408	0.601448	0.579954	0.579194	0.599637	0.482398	0.473734	0.474542	0.475578	0.480506	0.477461	0.588865	0.58774	0.597763	0.596611	0.596938	0.58561
ERR636765	0.322244	0.318288	0.315183	0.320619	0.333125	0.318364	0.307147	0.308328	0.309715	0.306585	0.308092	0.307443	0.352084	0.339946	0.33491	0.353376	0.384089	0.33761	0.280906	0.280138	0.30584	0.280017	0.29746	0.286818	0.479429	0.4676	0.475821	0.480237	0.450617	0.448971	0.324746	0.325381	0.3213	0.371082	0.321107	0.313906	0.326589	0.341582	0.330943	0.339995	0.386371	0.323914	0.235198	0.235306	0	0.237007	0.234356	0.23519	0.423396	0.428811	0.42155	0.426126	0.423138	0.423777	0.521845	0.533708	0.520786	0.511382	0.5217	0.52587	0.515788	0.508355	0.501842	0.508805	0.50906	0.50828	0.829122	0.588079	0.82961	0.593363	0.585196	0.825811	0.681155	0.691073	0.682612	0.68124	0.690709	0.692805	0.599516	0.577894	0.599236	0.576266	0.575481	0.597265	0.483589	0.473733	0.474881	0.476135	0.481694	0.478106	0.583511	0.582447	0.592398	0.591176	0.591348	0.580282
