	ERR618509	ERR618511	ERR618507	ERR618510	ERR618508	ERR618512	ERR630005	ERR630004	ERR630001	ERR630002	ERR630000	ERR630003	ERR613638	ERR613635	ERR613637	ERR613639	ERR613640	ERR613636	ERR636863	ERR636864	ERR636860	ERR636862	ERR636861	ERR636859	ERR608977	ERR608973	ERR608976	ERR608978	ERR608975	ERR608974	ERR613620	ERR613621	ERR613618	ERR613622	ERR613619	ERR613617	ERR613666	ERR613669	ERR613667	ERR613668	ERR613670	ERR613665	ERR636768	ERR636766	ERR636765	ERR636763	ERR636764	ERR636767	ERR626703	ERR626698	ERR626699	ERR626700	ERR626701	ERR626702	ERR618397	ERR618394	ERR618395	ERR618393	ERR618398	ERR618396	ERR605674	ERR605676	ERR605671	ERR605672	ERR605673	ERR605675	ERR617759	ERR617762	ERR617758	ERR617761	ERR617760	ERR617757	ERR618668	ERR618665	ERR618666	ERR618667	ERR618663	ERR618664	ERR613568	ERR613565	ERR613567	ERR613564	ERR613563	ERR613566	ERR622008	ERR622003	ERR622004	ERR622005	ERR622007	ERR622006	ERR616987	ERR616986	ERR616989	ERR616988	ERR616990	ERR616985
ERR618509	3.54036e+08	2.51519e+08	2.54898e+08	2.43279e+08	2.12032e+08	2.56675e+08	2.18556e+08	2.16113e+08	2.1694e+08	2.48274e+08	2.53268e+08	2.19556e+08	2.03583e+08	2.38025e+08	2.20744e+08	2.01523e+08	1.61175e+08	2.32193e+08	2.44453e+08	2.46461e+08	3.00852e+08	2.51305e+08	2.97087e+08	2.63871e+08	1.80773e+08	1.69826e+08	1.83738e+08	1.77891e+08	2.38202e+08	2.20629e+08	1.80728e+08	1.79431e+08	1.94144e+08	1.40606e+08	1.8674e+08	2.03734e+08	2.20347e+08	1.97493e+08	2.09301e+08	1.99223e+08	1.56404e+08	2.26049e+08	2.28083e+08	2.23701e+08	2.3302e+08	2.12825e+08	2.31095e+08	2.25059e+08	1.70715e+08	1.91361e+08	1.73233e+08	1.38122e+08	1.69178e+08	1.70654e+08	1.52242e+08	1.32309e+08	1.46229e+08	1.60721e+08	1.53911e+08	1.47331e+08	1.43678e+08	1.47109e+08	1.63085e+08	1.5083e+08	1.48039e+08	1.49776e+08	1.74998e+08	1.76017e+08	1.66359e+08	1.58248e+08	1.7267e+08	1.38774e+08	1.76217e+08	1.53746e+08	1.77577e+08	1.79717e+08	1.59392e+08	1.5338e+08	1.2375e+08	1.48345e+08	1.24694e+08	1.48979e+08	1.49797e+08	1.26699e+08	1.40166e+08	1.69906e+08	1.54887e+08	1.54063e+08	1.42337e+08	1.53366e+08	1.89675e+08	1.84557e+08	1.57414e+08	1.60547e+08	1.60274e+08	1.78735e+08
ERR618511	2.51519e+08	4.0696e+08	2.75787e+08	2.6581e+08	2.28744e+08	2.80338e+08	2.36835e+08	2.34129e+08	2.35638e+08	2.69975e+08	2.7533e+08	2.38077e+08	2.21418e+08	2.58552e+08	2.39595e+08	2.19078e+08	1.74897e+08	2.51991e+08	2.65726e+08	2.67825e+08	3.27902e+08	2.73166e+08	3.23177e+08	2.87132e+08	1.96531e+08	1.83774e+08	1.99964e+08	1.93481e+08	2.59106e+08	2.39566e+08	1.96266e+08	1.94927e+08	2.10183e+08	1.5242e+08	2.02278e+08	2.20874e+08	2.38829e+08	2.14724e+08	2.26987e+08	2.1664e+08	1.6953e+08	2.4546e+08	2.47529e+08	2.4279e+08	2.52627e+08	2.3078e+08	2.50934e+08	2.44456e+08	1.86034e+08	2.08355e+08	1.88545e+08	1.49849e+08	1.84272e+08	1.85889e+08	1.654e+08	1.43224e+08	1.58395e+08	1.74292e+08	1.6711e+08	1.59968e+08	1.56332e+08	1.59602e+08	1.7736e+08	1.63914e+08	1.60975e+08	1.6243e+08	1.97138e+08	1.91864e+08	1.87286e+08	1.72457e+08	1.87863e+08	1.56163e+08	1.93596e+08	1.69167e+08	1.94906e+08	1.97399e+08	1.75359e+08	1.68671e+08	1.35548e+08	1.62283e+08	1.36671e+08	1.62838e+08	1.63782e+08	1.3875e+08	1.52646e+08	1.85041e+08	1.68756e+08	1.67793e+08	1.55038e+08	1.67303e+08	2.06233e+08	2.00489e+08	1.70278e+08	1.73743e+08	1.73325e+08	1.9364e+08
ERR618507	2.54898e+08	2.75787e+08	4.14568e+08	2.66729e+08	2.32269e+08	2.81598e+08	2.395e+08	2.36772e+08	2.37838e+08	2.7249e+08	2.78077e+08	2.40936e+08	2.23262e+08	2.61188e+08	2.42224e+08	2.21045e+08	1.76739e+08	2.54831e+08	2.68084e+08	2.70408e+08	3.30331e+08	2.75809e+08	3.26051e+08	2.8943e+08	1.9843e+08	1.8614e+08	2.01741e+08	1.95263e+08	2.61667e+08	2.42157e+08	1.98203e+08	1.96806e+08	2.13033e+08	1.54066e+08	2.04816e+08	2.23675e+08	2.41471e+08	2.16515e+08	2.29166e+08	2.18355e+08	1.71066e+08	2.47847e+08	2.49995e+08	2.45263e+08	2.55514e+08	2.33335e+08	2.53344e+08	2.46949e+08	1.87809e+08	2.10568e+08	1.90365e+08	1.51772e+08	1.86091e+08	1.87646e+08	1.67658e+08	1.45673e+08	1.60881e+08	1.77003e+08	1.69616e+08	1.62087e+08	1.58079e+08	1.61732e+08	1.79424e+08	1.6597e+08	1.62895e+08	1.64743e+08	1.93291e+08	1.93726e+08	1.83698e+08	1.74167e+08	1.90032e+08	1.53279e+08	1.94156e+08	1.69536e+08	1.9551e+08	1.97994e+08	1.75761e+08	1.69096e+08	1.3618e+08	1.63252e+08	1.37221e+08	1.63928e+08	1.6481e+08	1.39324e+08	1.53929e+08	1.86847e+08	1.70184e+08	1.69265e+08	1.56399e+08	1.68547e+08	2.08864e+08	2.03102e+08	1.7315e+08	1.76564e+08	1.76234e+08	1.96492e+08
ERR618510	2.43279e+08	2.6581e+08	2.66729e+08	3.8493e+08	2.21387e+08	2.71221e+08	2.29203e+08	2.26488e+08	2.27836e+08	2.61037e+08	2.66373e+08	2.30353e+08	2.14087e+08	2.49883e+08	2.31702e+08	2.11945e+08	1.6922e+08	2.43664e+08	2.5706e+08	2.59125e+08	3.16954e+08	2.64234e+08	3.12429e+08	2.77801e+08	1.90122e+08	1.77757e+08	1.93395e+08	1.87248e+08	2.50717e+08	2.3161e+08	1.89604e+08	1.88195e+08	2.02881e+08	1.47102e+08	1.95228e+08	2.13275e+08	2.30832e+08	2.07544e+08	2.19281e+08	2.09421e+08	1.63867e+08	2.3718e+08	2.39396e+08	2.34685e+08	2.44203e+08	2.23252e+08	2.42592e+08	2.36335e+08	1.79678e+08	2.01157e+08	1.82036e+08	1.44745e+08	1.78054e+08	1.796e+08	1.5991e+08	1.3848e+08	1.53019e+08	1.68546e+08	1.61665e+08	1.54661e+08	1.509e+08	1.54005e+08	1.71035e+08	1.58e+08	1.55307e+08	1.56725e+08	1.90665e+08	1.85462e+08	1.81064e+08	1.66637e+08	1.81511e+08	1.51028e+08	1.87003e+08	1.63406e+08	1.88261e+08	1.90662e+08	1.69329e+08	1.62911e+08	1.30758e+08	1.56581e+08	1.31848e+08	1.57181e+08	1.58034e+08	1.33884e+08	1.47395e+08	1.78745e+08	1.62959e+08	1.6208e+08	1.49713e+08	1.61387e+08	1.99181e+08	1.93752e+08	1.64677e+08	1.67944e+08	1.67417e+08	1.87092e+08
ERR618508	2.12032e+08	2.28744e+08	2.32269e+08	2.21387e+08	3.03545e+08	2.33529e+08	1.99016e+08	1.96773e+08	1.97394e+08	2.25667e+08	2.30196e+08	2.00066e+08	1.85054e+08	2.16501e+08	2.01197e+08	1.83212e+08	1.46787e+08	2.11559e+08	2.22362e+08	2.24256e+08	2.73375e+08	2.28609e+08	2.70157e+08	2.39796e+08	1.64481e+08	1.54843e+08	1.67231e+08	1.6203e+08	2.16686e+08	2.00776e+08	1.64664e+08	1.63311e+08	1.77069e+08	1.28274e+08	1.70361e+08	1.8579e+08	2.0093e+08	1.79816e+08	1.9083e+08	1.81524e+08	1.42715e+08	2.05984e+08	2.07602e+08	2.03644e+08	2.12124e+08	1.93688e+08	2.10362e+08	2.04977e+08	1.54703e+08	1.73417e+08	1.56963e+08	1.2538e+08	1.53245e+08	1.54478e+08	1.38369e+08	1.20538e+08	1.33052e+08	1.4633e+08	1.39964e+08	1.33933e+08	1.30418e+08	1.3393e+08	1.47988e+08	1.37053e+08	1.34465e+08	1.36354e+08	1.55382e+08	1.59594e+08	1.47622e+08	1.43612e+08	1.56769e+08	1.23247e+08	1.59353e+08	1.38915e+08	1.6026e+08	1.62306e+08	1.43976e+08	1.38547e+08	1.11824e+08	1.34217e+08	1.12621e+08	1.34808e+08	1.35489e+08	1.14429e+08	1.26843e+08	1.5391e+08	1.40358e+08	1.39473e+08	1.28912e+08	1.38828e+08	1.72455e+08	1.67722e+08	1.43442e+08	1.46242e+08	1.46015e+08	1.62575e+08
ERR618512	2.56675e+08	2.80338e+08	2.81598e+08	2.71221e+08	2.33529e+08	4.21861e+08	2.4205e+08	2.39196e+08	2.40683e+08	2.75671e+08	2.8121e+08	2.43225e+08	2.26011e+08	2.64006e+08	2.44643e+08	2.23718e+08	1.78603e+08	2.57293e+08	2.71324e+08	2.73653e+08	3.34793e+08	2.79067e+08	3.30154e+08	2.93117e+08	2.00807e+08	1.87731e+08	2.0441e+08	1.97715e+08	2.64653e+08	2.44788e+08	2.00084e+08	1.98834e+08	2.14288e+08	1.55411e+08	2.06283e+08	2.25336e+08	2.43778e+08	2.19072e+08	2.31537e+08	2.21063e+08	1.72888e+08	2.50333e+08	2.52644e+08	2.4782e+08	2.57875e+08	2.35589e+08	2.56129e+08	2.49388e+08	1.90186e+08	2.12982e+08	1.92629e+08	1.53123e+08	1.88442e+08	1.90023e+08	1.69126e+08	1.46543e+08	1.6193e+08	1.78225e+08	1.70963e+08	1.63561e+08	1.59719e+08	1.6308e+08	1.81192e+08	1.67417e+08	1.64475e+08	1.65987e+08	2.01102e+08	1.96207e+08	1.91072e+08	1.76081e+08	1.92021e+08	1.59216e+08	1.97755e+08	1.72712e+08	1.99173e+08	2.01675e+08	1.79093e+08	1.7232e+08	1.38412e+08	1.65681e+08	1.39547e+08	1.6635e+08	1.67149e+08	1.41737e+08	1.55977e+08	1.89255e+08	1.72357e+08	1.71467e+08	1.58453e+08	1.7087e+08	2.10921e+08	2.0504e+08	1.74306e+08	1.77809e+08	1.77315e+08	1.98116e+08
ERR630005	2.18556e+08	2.36835e+08	2.395e+08	2.29203e+08	1.99016e+08	2.4205e+08	3.89759e+08	2.61717e+08	2.61482e+08	2.98391e+08	3.04328e+08	2.65963e+08	2.28607e+08	2.66726e+08	2.4808e+08	2.26397e+08	1.8164e+08	2.6053e+08	2.59864e+08	2.6243e+08	3.18941e+08	2.67205e+08	3.15573e+08	2.80228e+08	1.87667e+08	1.76898e+08	1.9095e+08	1.85047e+08	2.47077e+08	2.29075e+08	1.98548e+08	1.97435e+08	2.12931e+08	1.54406e+08	2.05296e+08	2.23584e+08	2.21894e+08	1.98151e+08	2.10637e+08	2.00228e+08	1.56603e+08	2.27586e+08	2.53987e+08	2.49294e+08	2.59305e+08	2.37305e+08	2.57117e+08	2.50753e+08	1.81343e+08	2.03174e+08	1.83818e+08	1.46789e+08	1.79631e+08	1.81202e+08	1.61273e+08	1.40251e+08	1.54836e+08	1.70335e+08	1.63139e+08	1.56116e+08	1.52164e+08	1.55924e+08	1.72822e+08	1.59766e+08	1.56774e+08	1.5878e+08	1.85979e+08	1.87328e+08	1.76765e+08	1.68483e+08	1.83818e+08	1.47537e+08	1.8989e+08	1.65722e+08	1.91171e+08	1.93444e+08	1.71729e+08	1.65262e+08	1.31995e+08	1.58525e+08	1.33058e+08	1.59331e+08	1.60156e+08	1.35106e+08	1.4729e+08	1.78607e+08	1.62842e+08	1.62011e+08	1.49652e+08	1.61349e+08	2.01856e+08	1.96312e+08	1.6755e+08	1.70938e+08	1.7055e+08	1.9005e+08
ERR630004	2.16113e+08	2.34129e+08	2.36772e+08	2.26488e+08	1.96773e+08	2.39196e+08	2.61717e+08	3.82481e+08	2.5862e+08	2.95163e+08	3.01252e+08	2.63228e+08	2.2636e+08	2.64035e+08	2.45618e+08	2.23984e+08	1.79862e+08	2.57963e+08	2.57127e+08	2.5962e+08	3.15449e+08	2.64455e+08	3.12155e+08	2.77231e+08	1.85589e+08	1.7481e+08	1.88787e+08	1.82909e+08	2.4444e+08	2.26576e+08	1.96435e+08	1.95192e+08	2.10537e+08	1.52839e+08	2.03163e+08	2.21192e+08	2.19562e+08	1.96078e+08	2.08525e+08	1.98085e+08	1.54872e+08	2.25326e+08	2.51487e+08	2.4692e+08	2.56825e+08	2.34926e+08	2.54432e+08	2.48399e+08	1.78951e+08	2.00596e+08	1.81457e+08	1.44913e+08	1.77296e+08	1.78867e+08	1.59537e+08	1.38557e+08	1.5311e+08	1.68428e+08	1.61156e+08	1.54264e+08	1.50153e+08	1.53985e+08	1.70596e+08	1.57739e+08	1.54801e+08	1.56765e+08	1.83302e+08	1.84993e+08	1.74217e+08	1.66382e+08	1.81641e+08	1.45462e+08	1.87597e+08	1.6378e+08	1.88821e+08	1.91151e+08	1.69699e+08	1.63356e+08	1.303e+08	1.5652e+08	1.31306e+08	1.57332e+08	1.58112e+08	1.33419e+08	1.45427e+08	1.76384e+08	1.60884e+08	1.60011e+08	1.47837e+08	1.59214e+08	1.9936e+08	1.93907e+08	1.65425e+08	1.68671e+08	1.68487e+08	1.87619e+08
ERR630001	2.1694e+08	2.35638e+08	2.37838e+08	2.27836e+08	1.97394e+08	2.40683e+08	2.61482e+08	2.5862e+08	3.85147e+08	2.97539e+08	3.03604e+08	2.63002e+08	2.27731e+08	2.65467e+08	2.46206e+08	2.25468e+08	1.80516e+08	2.58753e+08	2.58128e+08	2.60507e+08	3.17528e+08	2.65423e+08	3.13505e+08	2.78629e+08	1.86613e+08	1.74749e+08	1.89758e+08	1.83837e+08	2.45846e+08	2.27546e+08	1.97411e+08	1.96346e+08	2.11015e+08	1.53274e+08	2.03486e+08	2.2202e+08	2.2038e+08	1.9725e+08	2.09037e+08	1.99339e+08	1.55493e+08	2.26342e+08	2.52013e+08	2.47227e+08	2.56995e+08	2.35175e+08	2.55081e+08	2.48735e+08	1.80861e+08	2.02693e+08	1.83293e+08	1.45987e+08	1.79372e+08	1.80819e+08	1.60865e+08	1.39428e+08	1.53998e+08	1.695e+08	1.62637e+08	1.5563e+08	1.51826e+08	1.54973e+08	1.72328e+08	1.59136e+08	1.56249e+08	1.57757e+08	1.91393e+08	1.87365e+08	1.81965e+08	1.68271e+08	1.83473e+08	1.51677e+08	1.91034e+08	1.66854e+08	1.92365e+08	1.94653e+08	1.72969e+08	1.66527e+08	1.32582e+08	1.58935e+08	1.33549e+08	1.59687e+08	1.60367e+08	1.35609e+08	1.46915e+08	1.7845e+08	1.62577e+08	1.61634e+08	1.49222e+08	1.61089e+08	2.01086e+08	1.95458e+08	1.66305e+08	1.69622e+08	1.69009e+08	1.88773e+08
ERR630002	2.48274e+08	2.69975e+08	2.7249e+08	2.61037e+08	2.25667e+08	2.75671e+08	2.98391e+08	2.95163e+08	2.97539e+08	4.84879e+08	3.47608e+08	3.00019e+08	2.60627e+08	3.03818e+08	2.81571e+08	2.58195e+08	2.06125e+08	2.95873e+08	2.95078e+08	2.97864e+08	3.64153e+08	3.03492e+08	3.59156e+08	3.1912e+08	2.13212e+08	1.99049e+08	2.16904e+08	2.10043e+08	2.81618e+08	2.60096e+08	2.26223e+08	2.24911e+08	2.41434e+08	1.75073e+08	2.32677e+08	2.54191e+08	2.52058e+08	2.25969e+08	2.39256e+08	2.28252e+08	1.77697e+08	2.59274e+08	2.88102e+08	2.82684e+08	2.93649e+08	2.68646e+08	2.91818e+08	2.84391e+08	2.09275e+08	2.34585e+08	2.1207e+08	1.6836e+08	2.07612e+08	2.09286e+08	1.85332e+08	1.60531e+08	1.77586e+08	1.95496e+08	1.8764e+08	1.79531e+08	1.75457e+08	1.78737e+08	1.99176e+08	1.8389e+08	1.80387e+08	1.8183e+08	2.25653e+08	2.16572e+08	2.1441e+08	1.94429e+08	2.11995e+08	1.78582e+08	2.21466e+08	1.93601e+08	2.22962e+08	2.25629e+08	2.00735e+08	1.93295e+08	1.53783e+08	1.8404e+08	1.54963e+08	1.84983e+08	1.85861e+08	1.57364e+08	1.69844e+08	2.06292e+08	1.87909e+08	1.8689e+08	1.72769e+08	1.86282e+08	2.32083e+08	2.25596e+08	1.91188e+08	1.95175e+08	1.94448e+08	2.17529e+08
ERR630000	2.53268e+08	2.7533e+08	2.78077e+08	2.66373e+08	2.30196e+08	2.8121e+08	3.04328e+08	3.01252e+08	3.03604e+08	3.47608e+08	5.01956e+08	3.06077e+08	2.66015e+08	3.10001e+08	2.87269e+08	2.63477e+08	2.10377e+08	3.02166e+08	3.01163e+08	3.03904e+08	3.71538e+08	3.09606e+08	3.66479e+08	3.25587e+08	2.17463e+08	2.02955e+08	2.2127e+08	2.14252e+08	2.87393e+08	2.65577e+08	2.30779e+08	2.29457e+08	2.46483e+08	1.78802e+08	2.37591e+08	2.59513e+08	2.5736e+08	2.30615e+08	2.44142e+08	2.33022e+08	1.81378e+08	2.64729e+08	2.94133e+08	2.8853e+08	2.99759e+08	2.74025e+08	2.97864e+08	2.90312e+08	2.13822e+08	2.39728e+08	2.16646e+08	1.72114e+08	2.1204e+08	2.13826e+08	1.89562e+08	1.64056e+08	1.81424e+08	1.99666e+08	1.91659e+08	1.8347e+08	1.79418e+08	1.82599e+08	2.03474e+08	1.87996e+08	1.84483e+08	1.85808e+08	2.30658e+08	2.21192e+08	2.18988e+08	1.98587e+08	2.16422e+08	1.82532e+08	2.26293e+08	1.97849e+08	2.27826e+08	2.30539e+08	2.05163e+08	1.97393e+08	1.57249e+08	1.88235e+08	1.58487e+08	1.89101e+08	1.89982e+08	1.60802e+08	1.73503e+08	2.10828e+08	1.91943e+08	1.90826e+08	1.76446e+08	1.90358e+08	2.37284e+08	2.30534e+08	1.95558e+08	1.99431e+08	1.98749e+08	2.22349e+08
ERR630003	2.19556e+08	2.38077e+08	2.40936e+08	2.30353e+08	2.00066e+08	2.43225e+08	2.65963e+08	2.63228e+08	2.63002e+08	3.00019e+08	3.06077e+08	3.93478e+08	2.2993e+08	2.68258e+08	2.49313e+08	2.27678e+08	1.8271e+08	2.62035e+08	2.61098e+08	2.63727e+08	3.20487e+08	2.68437e+08	3.1712e+08	2.81584e+08	1.88777e+08	1.7776e+08	1.92033e+08	1.85887e+08	2.48674e+08	2.30406e+08	1.99497e+08	1.98445e+08	2.13917e+08	1.55181e+08	2.06293e+08	2.24701e+08	2.23175e+08	1.99151e+08	2.11716e+08	2.01226e+08	1.57285e+08	2.28825e+08	2.54976e+08	2.50432e+08	2.6042e+08	2.3828e+08	2.58207e+08	2.51855e+08	1.82523e+08	2.04616e+08	1.85202e+08	1.47746e+08	1.8087e+08	1.82392e+08	1.62484e+08	1.41239e+08	1.56033e+08	1.71668e+08	1.64306e+08	1.57235e+08	1.53241e+08	1.5706e+08	1.74082e+08	1.60979e+08	1.57945e+08	1.59919e+08	1.88085e+08	1.88698e+08	1.78643e+08	1.69754e+08	1.85305e+08	1.49034e+08	1.9134e+08	1.67163e+08	1.92679e+08	1.95177e+08	1.73176e+08	1.66589e+08	1.32983e+08	1.59704e+08	1.34002e+08	1.60394e+08	1.61266e+08	1.36033e+08	1.48393e+08	1.80003e+08	1.64151e+08	1.63246e+08	1.50697e+08	1.6255e+08	2.03339e+08	1.97692e+08	1.68744e+08	1.72168e+08	1.71681e+08	1.91363e+08
ERR613638	2.03583e+08	2.21418e+08	2.23262e+08	2.14087e+08	1.85054e+08	2.26011e+08	2.28607e+08	2.2636e+08	2.27731e+08	2.60627e+08	2.66015e+08	2.2993e+08	3.59352e+08	2.78006e+08	2.57044e+08	2.36348e+08	1.89121e+08	2.70427e+08	2.43428e+08	2.45679e+08	3.0058e+08	2.50396e+08	2.96443e+08	2.6334e+08	1.75701e+08	1.63836e+08	1.78728e+08	1.73228e+08	2.322e+08	2.14477e+08	1.99737e+08	1.98683e+08	2.12427e+08	1.56645e+08	2.04923e+08	2.2327e+08	2.22292e+08	2.00351e+08	2.11169e+08	2.02299e+08	1.59672e+08	2.28351e+08	2.35542e+08	2.31123e+08	2.39971e+08	2.19533e+08	2.38674e+08	2.32492e+08	1.72718e+08	1.93251e+08	1.74913e+08	1.38762e+08	1.71117e+08	1.72557e+08	1.51827e+08	1.31327e+08	1.45289e+08	1.59909e+08	1.53514e+08	1.46712e+08	1.62032e+08	1.64576e+08	1.82258e+08	1.69071e+08	1.66143e+08	1.67241e+08	1.86425e+08	1.79375e+08	1.7723e+08	1.61153e+08	1.75559e+08	1.47667e+08	1.82991e+08	1.60129e+08	1.84418e+08	1.86737e+08	1.65997e+08	1.59759e+08	1.39607e+08	1.65779e+08	1.40643e+08	1.66459e+08	1.67146e+08	1.42641e+08	1.48752e+08	1.80668e+08	1.64295e+08	1.63579e+08	1.51297e+08	1.62806e+08	1.9221e+08	1.86816e+08	1.58389e+08	1.61604e+08	1.61116e+08	1.80156e+08
ERR613635	2.38025e+08	2.58552e+08	2.61188e+08	2.49883e+08	2.16501e+08	2.64006e+08	2.66726e+08	2.64035e+08	2.65467e+08	3.03818e+08	3.10001e+08	2.68258e+08	2.78006e+08	4.69904e+08	3.02184e+08	2.75382e+08	2.20467e+08	3.18404e+08	2.83698e+08	2.86477e+08	3.50307e+08	2.91994e+08	3.45808e+08	3.06938e+08	2.04515e+08	1.9125e+08	2.07975e+08	2.01548e+08	2.70666e+08	2.50166e+08	2.35157e+08	2.33692e+08	2.50786e+08	1.84781e+08	2.41696e+08	2.63144e+08	2.61606e+08	2.35222e+08	2.48398e+08	2.37465e+08	1.87845e+08	2.68562e+08	2.74976e+08	2.69743e+08	2.80314e+08	2.56076e+08	2.78455e+08	2.71325e+08	2.02442e+08	2.26893e+08	2.05251e+08	1.63212e+08	2.00656e+08	2.02316e+08	1.7848e+08	1.54641e+08	1.70996e+08	1.88264e+08	1.80499e+08	1.72661e+08	1.92184e+08	1.95917e+08	2.16309e+08	2.00891e+08	1.97277e+08	1.991e+08	2.13719e+08	2.10447e+08	2.03192e+08	1.89046e+08	2.05964e+08	1.69544e+08	2.13918e+08	1.86979e+08	2.15319e+08	2.18007e+08	1.93759e+08	1.86323e+08	1.64656e+08	1.95562e+08	1.65891e+08	1.96335e+08	1.97349e+08	1.68447e+08	1.74991e+08	2.12603e+08	1.93426e+08	1.92304e+08	1.77882e+08	1.91448e+08	2.26149e+08	2.19616e+08	1.86713e+08	1.90426e+08	1.90082e+08	2.12225e+08
ERR613637	2.20744e+08	2.39595e+08	2.42224e+08	2.31702e+08	2.01197e+08	2.44643e+08	2.4808e+08	2.45618e+08	2.46206e+08	2.81571e+08	2.87269e+08	2.49313e+08	2.57044e+08	3.02184e+08	4.11843e+08	2.54661e+08	2.04413e+08	2.94655e+08	2.6333e+08	2.65759e+08	3.24321e+08	2.7078e+08	3.20419e+08	2.84469e+08	1.89778e+08	1.78093e+08	1.93135e+08	1.8709e+08	2.50891e+08	2.32151e+08	2.18127e+08	2.16853e+08	2.3288e+08	1.7182e+08	2.24751e+08	2.44018e+08	2.4314e+08	2.18317e+08	2.30951e+08	2.20313e+08	1.74779e+08	2.49007e+08	2.55033e+08	2.50409e+08	2.60367e+08	2.37899e+08	2.58318e+08	2.51878e+08	1.86513e+08	2.08906e+08	1.89172e+08	1.50867e+08	1.84837e+08	1.86291e+08	1.64925e+08	1.43127e+08	1.58212e+08	1.74038e+08	1.66682e+08	1.59549e+08	1.77527e+08	1.81199e+08	1.99614e+08	1.85615e+08	1.82258e+08	1.84271e+08	1.92317e+08	1.93811e+08	1.82753e+08	1.74165e+08	1.89973e+08	1.52518e+08	1.95959e+08	1.71148e+08	1.97265e+08	1.99645e+08	1.77282e+08	1.70654e+08	1.51477e+08	1.79965e+08	1.52452e+08	1.80753e+08	1.81465e+08	1.54759e+08	1.61411e+08	1.95979e+08	1.78311e+08	1.77449e+08	1.64027e+08	1.76511e+08	2.08512e+08	2.02648e+08	1.7276e+08	1.76177e+08	1.75938e+08	1.96064e+08
ERR613639	2.01523e+08	2.19078e+08	2.21045e+08	2.11945e+08	1.83212e+08	2.23718e+08	2.26397e+08	2.23984e+08	2.25468e+08	2.58195e+08	2.63477e+08	2.27678e+08	2.36348e+08	2.75382e+08	2.54661e+08	3.54137e+08	1.87412e+08	2.67995e+08	2.41105e+08	2.43403e+08	2.97757e+08	2.48058e+08	2.93458e+08	2.60891e+08	1.74238e+08	1.62367e+08	1.77149e+08	1.71626e+08	2.30028e+08	2.12561e+08	1.9786e+08	1.96787e+08	2.10438e+08	1.55108e+08	2.02951e+08	2.21055e+08	2.20048e+08	1.98466e+08	2.09156e+08	2.00227e+08	1.58008e+08	2.26096e+08	2.33336e+08	2.28888e+08	2.37865e+08	2.17622e+08	2.36578e+08	2.30415e+08	1.71203e+08	1.91778e+08	1.73452e+08	1.3773e+08	1.69639e+08	1.71101e+08	1.50448e+08	1.30134e+08	1.43963e+08	1.58487e+08	1.52255e+08	1.45649e+08	1.60784e+08	1.63318e+08	1.80868e+08	1.67711e+08	1.64875e+08	1.65938e+08	1.84649e+08	1.77991e+08	1.75681e+08	1.59818e+08	1.73948e+08	1.46404e+08	1.81421e+08	1.58727e+08	1.82842e+08	1.85039e+08	1.64614e+08	1.58311e+08	1.38385e+08	1.64356e+08	1.39365e+08	1.6502e+08	1.65778e+08	1.41513e+08	1.47314e+08	1.78936e+08	1.62859e+08	1.62067e+08	1.49773e+08	1.61247e+08	1.90498e+08	1.85187e+08	1.57041e+08	1.60057e+08	1.5962e+08	1.78531e+08
ERR613640	1.61175e+08	1.74897e+08	1.76739e+08	1.6922e+08	1.46787e+08	1.78603e+08	1.8164e+08	1.79862e+08	1.80516e+08	2.06125e+08	2.10377e+08	1.8271e+08	1.89121e+08	2.20467e+08	2.04413e+08	1.87412e+08	2.45581e+08	2.14912e+08	1.92699e+08	1.94536e+08	2.37044e+08	1.98256e+08	2.3424e+08	2.08121e+08	1.3938e+08	1.30737e+08	1.41765e+08	1.37368e+08	1.836e+08	1.69981e+08	1.5894e+08	1.58107e+08	1.69479e+08	1.25243e+08	1.63456e+08	1.77644e+08	1.77082e+08	1.59195e+08	1.6823e+08	1.60687e+08	1.27585e+08	1.81505e+08	1.86841e+08	1.83429e+08	1.90634e+08	1.74375e+08	1.89196e+08	1.84554e+08	1.35231e+08	1.51509e+08	1.37256e+08	1.09258e+08	1.34043e+08	1.35191e+08	1.19442e+08	1.03565e+08	1.1452e+08	1.26021e+08	1.20755e+08	1.15539e+08	1.28221e+08	1.30723e+08	1.44146e+08	1.33936e+08	1.31527e+08	1.3282e+08	1.41759e+08	1.40882e+08	1.34762e+08	1.266e+08	1.37948e+08	1.12503e+08	1.42826e+08	1.24836e+08	1.43816e+08	1.457e+08	1.29421e+08	1.24476e+08	1.09753e+08	1.30527e+08	1.10676e+08	1.30973e+08	1.31595e+08	1.12284e+08	1.16928e+08	1.42171e+08	1.29272e+08	1.28718e+08	1.18853e+08	1.27992e+08	1.51211e+08	1.46786e+08	1.25008e+08	1.27529e+08	1.27225e+08	1.41943e+08
ERR613636	2.32193e+08	2.51991e+08	2.54831e+08	2.43664e+08	2.11559e+08	2.57293e+08	2.6053e+08	2.57963e+08	2.58753e+08	2.95873e+08	3.02166e+08	2.62035e+08	2.70427e+08	3.18404e+08	2.94655e+08	2.67995e+08	2.14912e+08	4.49334e+08	2.76793e+08	2.7941e+08	3.41058e+08	2.84684e+08	3.37189e+08	2.99021e+08	1.99501e+08	1.87245e+08	2.0306e+08	1.96583e+08	2.63944e+08	2.44178e+08	2.29211e+08	2.2797e+08	2.45225e+08	1.80489e+08	2.36079e+08	2.56959e+08	2.55779e+08	2.29309e+08	2.42626e+08	2.31514e+08	1.83538e+08	2.62078e+08	2.68278e+08	2.63141e+08	2.73715e+08	2.4993e+08	2.71468e+08	2.64825e+08	1.9678e+08	2.20547e+08	1.9967e+08	1.59061e+08	1.94923e+08	1.96628e+08	1.73899e+08	1.50967e+08	1.66728e+08	1.83616e+08	1.75779e+08	1.68252e+08	1.86729e+08	1.90915e+08	2.10221e+08	1.95457e+08	1.91881e+08	1.93985e+08	2.03117e+08	2.04628e+08	1.93167e+08	1.83787e+08	2.00502e+08	1.61237e+08	2.06944e+08	1.80866e+08	2.08323e+08	2.11046e+08	1.87395e+08	1.80285e+08	1.59562e+08	1.89847e+08	1.60594e+08	1.906e+08	1.91469e+08	1.63045e+08	1.7012e+08	2.06863e+08	1.88188e+08	1.87242e+08	1.72917e+08	1.86158e+08	2.20326e+08	2.13943e+08	1.82574e+08	1.86023e+08	1.85733e+08	2.06978e+08
ERR636863	2.44453e+08	2.65726e+08	2.68084e+08	2.5706e+08	2.22362e+08	2.71324e+08	2.59864e+08	2.57127e+08	2.58128e+08	2.95078e+08	3.01163e+08	2.61098e+08	2.43428e+08	2.83698e+08	2.6333e+08	2.41105e+08	1.92699e+08	2.76793e+08	4.68433e+08	3.31373e+08	4.02641e+08	3.37712e+08	3.97346e+08	3.54092e+08	2.27505e+08	2.1332e+08	2.31427e+08	2.24214e+08	2.98496e+08	2.76547e+08	2.18957e+08	2.17888e+08	2.33998e+08	1.7065e+08	2.25783e+08	2.45771e+08	2.67107e+08	2.39661e+08	2.53628e+08	2.42063e+08	1.89618e+08	2.74217e+08	2.92274e+08	2.87029e+08	2.97801e+08	2.72671e+08	2.95789e+08	2.88634e+08	1.92729e+08	2.16156e+08	1.95415e+08	1.55042e+08	1.90986e+08	1.92697e+08	1.70276e+08	1.47487e+08	1.63166e+08	1.7981e+08	1.72335e+08	1.64851e+08	1.60436e+08	1.63803e+08	1.82286e+08	1.68291e+08	1.65059e+08	1.66836e+08	2.06505e+08	1.98423e+08	1.96091e+08	1.77997e+08	1.94274e+08	1.63188e+08	2.02187e+08	1.76341e+08	2.03536e+08	2.061e+08	1.83018e+08	1.75898e+08	1.37706e+08	1.65456e+08	1.38896e+08	1.6619e+08	1.66992e+08	1.4108e+08	1.57156e+08	1.91156e+08	1.74123e+08	1.73111e+08	1.599e+08	1.72421e+08	2.12607e+08	2.06678e+08	1.75429e+08	1.78954e+08	1.7839e+08	1.99624e+08
ERR636864	2.46461e+08	2.67825e+08	2.70408e+08	2.59125e+08	2.24256e+08	2.73653e+08	2.6243e+08	2.5962e+08	2.60507e+08	2.97864e+08	3.03904e+08	2.63727e+08	2.45679e+08	2.86477e+08	2.65759e+08	2.43403e+08	1.94536e+08	2.7941e+08	3.31373e+08	4.75282e+08	4.06202e+08	3.40655e+08	4.00869e+08	3.57054e+08	2.29189e+08	2.14971e+08	2.33037e+08	2.2588e+08	3.00747e+08	2.78647e+08	2.20914e+08	2.19956e+08	2.36396e+08	1.72421e+08	2.27903e+08	2.48193e+08	2.69067e+08	2.414e+08	2.55491e+08	2.438e+08	1.90961e+08	2.76223e+08	2.94944e+08	2.89615e+08	3.00463e+08	2.75347e+08	2.98384e+08	2.91421e+08	1.94456e+08	2.18115e+08	1.97173e+08	1.56455e+08	1.92723e+08	1.94451e+08	1.71918e+08	1.48881e+08	1.6475e+08	1.81438e+08	1.73961e+08	1.6641e+08	1.61837e+08	1.6546e+08	1.83946e+08	1.69824e+08	1.66696e+08	1.68503e+08	2.07465e+08	2.00113e+08	1.96918e+08	1.79614e+08	1.96046e+08	1.63729e+08	2.03558e+08	1.77623e+08	2.04889e+08	2.07576e+08	1.84248e+08	1.77208e+08	1.38924e+08	1.66913e+08	1.40052e+08	1.67574e+08	1.68555e+08	1.42273e+08	1.58602e+08	1.92895e+08	1.75643e+08	1.74671e+08	1.61296e+08	1.73962e+08	2.14683e+08	2.08577e+08	1.77136e+08	1.80724e+08	1.80229e+08	2.01477e+08
ERR636860	3.00852e+08	3.27902e+08	3.30331e+08	3.16954e+08	2.73375e+08	3.34793e+08	3.18941e+08	3.15449e+08	3.17528e+08	3.64153e+08	3.71538e+08	3.20487e+08	3.0058e+08	3.50307e+08	3.24321e+08	2.97757e+08	2.37044e+08	3.41058e+08	4.02641e+08	4.06202e+08	6.76776e+08	4.14171e+08	4.90987e+08	4.37051e+08	2.78857e+08	2.59979e+08	2.83696e+08	2.74685e+08	3.6723e+08	3.39541e+08	2.69049e+08	2.67816e+08	2.8707e+08	2.08947e+08	2.7683e+08	3.02084e+08	3.2764e+08	2.94556e+08	3.10949e+08	2.97405e+08	2.32042e+08	3.36962e+08	3.58128e+08	3.51298e+08	3.64421e+08	3.33326e+08	3.62618e+08	3.53429e+08	2.4097e+08	2.70215e+08	2.44094e+08	1.92928e+08	2.38744e+08	2.40955e+08	2.11691e+08	1.82916e+08	2.02646e+08	2.23338e+08	2.14316e+08	2.04903e+08	2.00477e+08	2.04251e+08	2.27838e+08	2.09969e+08	2.06056e+08	2.07661e+08	2.67044e+08	2.47939e+08	2.53477e+08	2.22179e+08	2.42324e+08	2.10594e+08	2.54729e+08	2.226e+08	2.56582e+08	2.5982e+08	2.30834e+08	2.22052e+08	1.7336e+08	2.07824e+08	1.74678e+08	2.08678e+08	2.09791e+08	1.77554e+08	1.963e+08	2.39158e+08	2.17381e+08	2.16098e+08	1.99676e+08	2.15509e+08	2.6545e+08	2.57758e+08	2.17922e+08	2.22474e+08	2.21431e+08	2.48447e+08
ERR636862	2.51305e+08	2.73166e+08	2.75809e+08	2.64234e+08	2.28609e+08	2.79067e+08	2.67205e+08	2.64455e+08	2.65423e+08	3.03492e+08	3.09606e+08	2.68437e+08	2.50396e+08	2.91994e+08	2.7078e+08	2.48058e+08	1.98256e+08	2.84684e+08	3.37712e+08	3.40655e+08	4.14171e+08	4.91192e+08	4.08711e+08	3.63985e+08	2.33612e+08	2.19231e+08	2.37612e+08	2.3043e+08	3.06763e+08	2.84087e+08	2.2519e+08	2.24103e+08	2.40757e+08	1.75543e+08	2.32109e+08	2.52913e+08	2.74422e+08	2.46326e+08	2.605e+08	2.48563e+08	1.94785e+08	2.81655e+08	3.00462e+08	2.95216e+08	3.0618e+08	2.80413e+08	3.04107e+08	2.96769e+08	1.98367e+08	2.22316e+08	2.01041e+08	1.59529e+08	1.96488e+08	1.98289e+08	1.75342e+08	1.51868e+08	1.6813e+08	1.85098e+08	1.77415e+08	1.69662e+08	1.65039e+08	1.68738e+08	1.87615e+08	1.73181e+08	1.69931e+08	1.71861e+08	2.1245e+08	2.0436e+08	2.01864e+08	1.83399e+08	2.00139e+08	1.67863e+08	2.07999e+08	1.81589e+08	2.09445e+08	2.12088e+08	1.88208e+08	1.81015e+08	1.4188e+08	1.70332e+08	1.42909e+08	1.71157e+08	1.72026e+08	1.45174e+08	1.61795e+08	1.96814e+08	1.7902e+08	1.78223e+08	1.64557e+08	1.77379e+08	2.18902e+08	2.12725e+08	1.80549e+08	1.84192e+08	1.83582e+08	2.05633e+08
ERR636861	2.97087e+08	3.23177e+08	3.26051e+08	3.12429e+08	2.70157e+08	3.30154e+08	3.15573e+08	3.12155e+08	3.13505e+08	3.59156e+08	3.66479e+08	3.1712e+08	2.96443e+08	3.45808e+08	3.20419e+08	2.93458e+08	2.3424e+08	3.37189e+08	3.97346e+08	4.00869e+08	4.90987e+08	4.08711e+08	6.59232e+08	4.30846e+08	2.75036e+08	2.57521e+08	2.79917e+08	2.71088e+08	3.62357e+08	3.35225e+08	2.66041e+08	2.64656e+08	2.84647e+08	2.07045e+08	2.74209e+08	2.99075e+08	3.24007e+08	2.90299e+08	3.0709e+08	2.93255e+08	2.29195e+08	3.32662e+08	3.53991e+08	3.47133e+08	3.60514e+08	3.29679e+08	3.582e+08	3.49394e+08	2.37442e+08	2.66275e+08	2.40711e+08	1.90863e+08	2.35271e+08	2.37532e+08	2.09277e+08	1.81184e+08	2.00526e+08	2.20859e+08	2.11754e+08	2.02557e+08	1.97701e+08	2.02105e+08	2.24827e+08	2.07441e+08	2.03588e+08	2.05726e+08	2.55701e+08	2.44078e+08	2.42855e+08	2.19004e+08	2.38966e+08	2.01895e+08	2.49296e+08	2.17688e+08	2.50989e+08	2.5425e+08	2.25625e+08	2.17026e+08	1.69988e+08	2.04234e+08	1.71248e+08	2.05074e+08	2.0611e+08	1.74051e+08	1.93412e+08	2.35354e+08	2.14081e+08	2.13001e+08	1.9662e+08	2.12045e+08	2.62172e+08	2.54742e+08	2.16207e+08	2.20531e+08	2.19831e+08	2.46056e+08
ERR636859	2.63871e+08	2.87132e+08	2.8943e+08	2.77801e+08	2.39796e+08	2.93117e+08	2.80228e+08	2.77231e+08	2.78629e+08	3.1912e+08	3.25587e+08	2.81584e+08	2.6334e+08	3.06938e+08	2.84469e+08	2.60891e+08	2.08121e+08	2.99021e+08	3.54092e+08	3.57054e+08	4.37051e+08	3.63985e+08	4.30846e+08	5.36792e+08	2.45336e+08	2.29508e+08	2.49724e+08	2.4172e+08	3.22455e+08	2.98357e+08	2.36115e+08	2.35104e+08	2.52136e+08	1.83718e+08	2.43139e+08	2.65096e+08	2.87825e+08	2.58606e+08	2.73136e+08	2.61172e+08	2.041e+08	2.95744e+08	3.15109e+08	3.09356e+08	3.20708e+08	2.93704e+08	3.18963e+08	3.11161e+08	2.09391e+08	2.34809e+08	2.12166e+08	1.68135e+08	2.07554e+08	2.09348e+08	1.84486e+08	1.5948e+08	1.76443e+08	1.94607e+08	1.86614e+08	1.78562e+08	1.74134e+08	1.77599e+08	1.97802e+08	1.82603e+08	1.79087e+08	1.80647e+08	2.28878e+08	2.15586e+08	2.17456e+08	1.93335e+08	2.10796e+08	1.80737e+08	2.20366e+08	1.92331e+08	2.22092e+08	2.24763e+08	1.99543e+08	1.91962e+08	1.50324e+08	1.8038e+08	1.51583e+08	1.81197e+08	1.82077e+08	1.5395e+08	1.70623e+08	2.07651e+08	1.88958e+08	1.8801e+08	1.73499e+08	1.8725e+08	2.30935e+08	2.24352e+08	1.89944e+08	1.93757e+08	1.93144e+08	2.16322e+08
ERR608977	1.80773e+08	1.96531e+08	1.9843e+08	1.90122e+08	1.64481e+08	2.00807e+08	1.87667e+08	1.85589e+08	1.86613e+08	2.13212e+08	2.17463e+08	1.88777e+08	1.75701e+08	2.04515e+08	1.89778e+08	1.74238e+08	1.3938e+08	1.99501e+08	2.27505e+08	2.29189e+08	2.78857e+08	2.33612e+08	2.75036e+08	2.45336e+08	3.95234e+08	2.52135e+08	2.90143e+08	2.80891e+08	3.671e+08	3.38249e+08	1.56359e+08	1.55364e+08	1.66797e+08	1.22059e+08	1.60762e+08	1.75168e+08	1.99526e+08	1.79253e+08	1.8947e+08	1.81007e+08	1.41975e+08	2.04977e+08	2.13915e+08	2.10125e+08	2.18273e+08	1.99747e+08	2.16665e+08	2.11365e+08	1.42881e+08	1.60251e+08	1.4487e+08	1.15104e+08	1.41503e+08	1.42807e+08	1.25113e+08	1.08376e+08	1.19839e+08	1.32054e+08	1.26642e+08	1.21056e+08	1.18768e+08	1.2143e+08	1.35088e+08	1.24636e+08	1.22205e+08	1.23608e+08	1.47576e+08	1.45887e+08	1.402e+08	1.31115e+08	1.42931e+08	1.16668e+08	1.46919e+08	1.28207e+08	1.48105e+08	1.49854e+08	1.3293e+08	1.27774e+08	1.0252e+08	1.23233e+08	1.03243e+08	1.23791e+08	1.24477e+08	1.0485e+08	1.15901e+08	1.40945e+08	1.2835e+08	1.27707e+08	1.17771e+08	1.27101e+08	1.58785e+08	1.54377e+08	1.31097e+08	1.33846e+08	1.33523e+08	1.49168e+08
ERR608973	1.69826e+08	1.83774e+08	1.8614e+08	1.77757e+08	1.54843e+08	1.87731e+08	1.76898e+08	1.7481e+08	1.74749e+08	1.99049e+08	2.02955e+08	1.7776e+08	1.63836e+08	1.9125e+08	1.78093e+08	1.62367e+08	1.30737e+08	1.87245e+08	2.1332e+08	2.14971e+08	2.59979e+08	2.19231e+08	2.57521e+08	2.29508e+08	2.52135e+08	3.29488e+08	2.55986e+08	2.48104e+08	3.24676e+08	3.00723e+08	1.46633e+08	1.45664e+08	1.5753e+08	1.15054e+08	1.51753e+08	1.64778e+08	1.87955e+08	1.67726e+08	1.78344e+08	1.69355e+08	1.33658e+08	1.92218e+08	2.00956e+08	1.97583e+08	2.05666e+08	1.88219e+08	2.03306e+08	1.98575e+08	1.32173e+08	1.48348e+08	1.3437e+08	1.07416e+08	1.30907e+08	1.32041e+08	1.16414e+08	1.01646e+08	1.1228e+08	1.2346e+08	1.17895e+08	1.12707e+08	1.10058e+08	1.13678e+08	1.25349e+08	1.15945e+08	1.13743e+08	1.15888e+08	1.26188e+08	1.34963e+08	1.19752e+08	1.21486e+08	1.32753e+08	1.001e+08	1.33668e+08	1.16032e+08	1.34394e+08	1.36192e+08	1.2033e+08	1.15753e+08	9.3658e+07	1.13183e+08	9.42596e+07	1.1355e+08	1.14294e+08	9.58463e+07	1.07308e+08	1.30293e+08	1.18924e+08	1.18197e+08	1.08998e+08	1.17452e+08	1.47929e+08	1.43947e+08	1.23592e+08	1.26055e+08	1.2591e+08	1.39864e+08
ERR608976	1.83738e+08	1.99964e+08	2.01741e+08	1.93395e+08	1.67231e+08	2.0441e+08	1.9095e+08	1.88787e+08	1.89758e+08	2.16904e+08	2.2127e+08	1.92033e+08	1.78728e+08	2.07975e+08	1.93135e+08	1.77149e+08	1.41765e+08	2.0306e+08	2.31427e+08	2.33037e+08	2.83696e+08	2.37612e+08	2.79917e+08	2.49724e+08	2.90143e+08	2.55986e+08	4.06419e+08	2.85373e+08	3.73052e+08	3.43789e+08	1.59145e+08	1.58144e+08	1.69727e+08	1.24262e+08	1.63694e+08	1.78323e+08	2.0298e+08	1.82289e+08	1.92596e+08	1.84028e+08	1.44358e+08	2.08533e+08	2.17593e+08	2.13702e+08	2.22068e+08	2.03249e+08	2.20519e+08	2.14913e+08	1.45289e+08	1.62942e+08	1.47261e+08	1.17003e+08	1.43853e+08	1.45168e+08	1.27215e+08	1.10227e+08	1.22015e+08	1.34233e+08	1.28806e+08	1.23084e+08	1.20577e+08	1.2333e+08	1.37195e+08	1.26561e+08	1.24232e+08	1.25568e+08	1.50136e+08	1.48506e+08	1.42745e+08	1.33213e+08	1.45394e+08	1.18798e+08	1.49689e+08	1.30424e+08	1.50736e+08	1.52657e+08	1.35301e+08	1.30104e+08	1.04136e+08	1.25272e+08	1.0503e+08	1.25795e+08	1.26512e+08	1.06585e+08	1.17711e+08	1.43265e+08	1.30456e+08	1.2973e+08	1.19774e+08	1.29189e+08	1.61377e+08	1.56866e+08	1.33438e+08	1.36127e+08	1.35764e+08	1.51661e+08
ERR608978	1.77891e+08	1.93481e+08	1.95263e+08	1.87248e+08	1.6203e+08	1.97715e+08	1.85047e+08	1.82909e+08	1.83837e+08	2.10043e+08	2.14252e+08	1.85887e+08	1.73228e+08	2.01548e+08	1.8709e+08	1.71626e+08	1.37368e+08	1.96583e+08	2.24214e+08	2.2588e+08	2.74685e+08	2.3043e+08	2.71088e+08	2.4172e+08	2.80891e+08	2.48104e+08	2.85373e+08	3.83948e+08	3.60809e+08	3.32616e+08	1.53893e+08	1.52885e+08	1.64147e+08	1.20068e+08	1.58253e+08	1.72354e+08	1.96501e+08	1.76716e+08	1.86667e+08	1.78291e+08	1.3998e+08	2.01992e+08	2.10766e+08	2.07169e+08	2.15028e+08	1.97006e+08	2.1349e+08	2.08228e+08	1.40587e+08	1.57594e+08	1.42521e+08	1.13247e+08	1.39305e+08	1.40566e+08	1.23009e+08	1.06494e+08	1.17953e+08	1.29964e+08	1.24506e+08	1.18922e+08	1.16772e+08	1.19362e+08	1.3278e+08	1.225e+08	1.20225e+08	1.21568e+08	1.45146e+08	1.43448e+08	1.3782e+08	1.28922e+08	1.40605e+08	1.14712e+08	1.44464e+08	1.26025e+08	1.45653e+08	1.47336e+08	1.30658e+08	1.25752e+08	1.00759e+08	1.21089e+08	1.01511e+08	1.2155e+08	1.22253e+08	1.03083e+08	1.13951e+08	1.38551e+08	1.26216e+08	1.25559e+08	1.15886e+08	1.24921e+08	1.56111e+08	1.51836e+08	1.29096e+08	1.31667e+08	1.31346e+08	1.46682e+08
ERR608975	2.38202e+08	2.59106e+08	2.61667e+08	2.50717e+08	2.16686e+08	2.64653e+08	2.47077e+08	2.4444e+08	2.45846e+08	2.81618e+08	2.87393e+08	2.48674e+08	2.322e+08	2.70666e+08	2.50891e+08	2.30028e+08	1.836e+08	2.63944e+08	2.98496e+08	3.00747e+08	3.6723e+08	3.06763e+08	3.62357e+08	3.22455e+08	3.671e+08	3.24676e+08	3.73052e+08	3.60809e+08	6.2766e+08	4.40045e+08	2.06369e+08	2.04969e+08	2.2051e+08	1.60599e+08	2.12418e+08	2.31695e+08	2.62439e+08	2.35629e+08	2.49117e+08	2.37777e+08	1.86058e+08	2.69852e+08	2.8171e+08	2.76643e+08	2.87243e+08	2.62682e+08	2.8533e+08	2.78224e+08	1.92166e+08	2.15638e+08	1.94904e+08	1.54547e+08	1.90487e+08	1.92167e+08	1.68477e+08	1.45929e+08	1.61492e+08	1.77915e+08	1.70428e+08	1.63008e+08	1.59919e+08	1.63491e+08	1.81955e+08	1.67883e+08	1.64597e+08	1.66403e+08	1.98818e+08	1.96234e+08	1.88886e+08	1.76182e+08	1.92148e+08	1.56939e+08	1.97661e+08	1.72429e+08	1.9905e+08	2.01646e+08	1.78739e+08	1.719e+08	1.38074e+08	1.65817e+08	1.39127e+08	1.66499e+08	1.67482e+08	1.41334e+08	1.5569e+08	1.89274e+08	1.72285e+08	1.71374e+08	1.58201e+08	1.70604e+08	2.13592e+08	2.07548e+08	1.7622e+08	1.79775e+08	1.7935e+08	2.0055e+08
ERR608974	2.20629e+08	2.39566e+08	2.42157e+08	2.3161e+08	2.00776e+08	2.44788e+08	2.29075e+08	2.26576e+08	2.27546e+08	2.60096e+08	2.65577e+08	2.30406e+08	2.14477e+08	2.50166e+08	2.32151e+08	2.12561e+08	1.69981e+08	2.44178e+08	2.76547e+08	2.78647e+08	3.39541e+08	2.84087e+08	3.35225e+08	2.98357e+08	3.38249e+08	3.00723e+08	3.43789e+08	3.32616e+08	4.40045e+08	5.4085e+08	1.90919e+08	1.89612e+08	2.04249e+08	1.48832e+08	1.96696e+08	2.1439e+08	2.43279e+08	2.18058e+08	2.30871e+08	2.202e+08	1.72477e+08	2.49844e+08	2.60748e+08	2.56064e+08	2.6619e+08	2.43357e+08	2.64227e+08	2.57498e+08	1.76743e+08	1.98305e+08	1.79245e+08	1.42464e+08	1.75065e+08	1.76634e+08	1.55035e+08	1.34523e+08	1.48796e+08	1.63807e+08	1.56892e+08	1.49989e+08	1.47057e+08	1.50724e+08	1.67315e+08	1.54485e+08	1.51541e+08	1.53394e+08	1.79216e+08	1.80307e+08	1.70372e+08	1.6188e+08	1.76756e+08	1.41579e+08	1.81163e+08	1.5792e+08	1.82383e+08	1.84756e+08	1.63683e+08	1.57433e+08	1.26465e+08	1.52224e+08	1.27416e+08	1.5276e+08	1.53684e+08	1.29545e+08	1.43141e+08	1.74135e+08	1.58605e+08	1.57733e+08	1.45474e+08	1.56996e+08	1.96788e+08	1.91315e+08	1.62842e+08	1.66213e+08	1.65675e+08	1.85151e+08
ERR613620	1.80728e+08	1.96266e+08	1.98203e+08	1.89604e+08	1.64664e+08	2.00084e+08	1.98548e+08	1.96435e+08	1.97411e+08	2.26223e+08	2.30779e+08	1.99497e+08	1.99737e+08	2.35157e+08	2.18127e+08	1.9786e+08	1.5894e+08	2.29211e+08	2.18957e+08	2.20914e+08	2.69049e+08	2.2519e+08	2.66041e+08	2.36115e+08	1.56359e+08	1.46633e+08	1.59145e+08	1.53893e+08	2.06369e+08	1.90919e+08	3.26142e+08	2.17285e+08	2.31436e+08	1.75173e+08	2.23791e+08	2.4162e+08	2.21649e+08	2.01093e+08	2.11766e+08	2.02659e+08	1.64407e+08	2.26928e+08	2.10374e+08	2.06672e+08	2.14813e+08	1.96674e+08	2.13216e+08	2.07985e+08	1.56458e+08	1.75275e+08	1.58766e+08	1.26483e+08	1.55168e+08	1.56415e+08	1.40032e+08	1.21419e+08	1.34343e+08	1.4792e+08	1.41563e+08	1.3554e+08	1.67503e+08	1.70715e+08	1.86402e+08	1.74357e+08	1.71657e+08	1.73364e+08	1.637e+08	1.6306e+08	1.55675e+08	1.46491e+08	1.59748e+08	1.29876e+08	1.66498e+08	1.45582e+08	1.67727e+08	1.69777e+08	1.50778e+08	1.45127e+08	1.37712e+08	1.61926e+08	1.3855e+08	1.62404e+08	1.63343e+08	1.40606e+08	1.42252e+08	1.72753e+08	1.57076e+08	1.56346e+08	1.44676e+08	1.5515e+08	1.74468e+08	1.69359e+08	1.44307e+08	1.47105e+08	1.46828e+08	1.63768e+08
ERR613621	1.79431e+08	1.94927e+08	1.96806e+08	1.88195e+08	1.63311e+08	1.98834e+08	1.97435e+08	1.95192e+08	1.96346e+08	2.24911e+08	2.29457e+08	1.98445e+08	1.98683e+08	2.33692e+08	2.16853e+08	1.96787e+08	1.58107e+08	2.2797e+08	2.17888e+08	2.19956e+08	2.67816e+08	2.24103e+08	2.64656e+08	2.35104e+08	1.55364e+08	1.45664e+08	1.58144e+08	1.52885e+08	2.04969e+08	1.89612e+08	2.17285e+08	3.23041e+08	2.30109e+08	1.74315e+08	2.22513e+08	2.4023e+08	2.19969e+08	1.99554e+08	2.10264e+08	2.01259e+08	1.6328e+08	2.25163e+08	2.09348e+08	2.05621e+08	2.13639e+08	1.95633e+08	2.12205e+08	2.06816e+08	1.55401e+08	1.73996e+08	1.57448e+08	1.25529e+08	1.54046e+08	1.55268e+08	1.38951e+08	1.20515e+08	1.3316e+08	1.46666e+08	1.40437e+08	1.34473e+08	1.6618e+08	1.69348e+08	1.84866e+08	1.72917e+08	1.703e+08	1.72031e+08	1.62926e+08	1.61929e+08	1.54937e+08	1.45386e+08	1.58606e+08	1.29327e+08	1.65008e+08	1.44187e+08	1.66128e+08	1.68213e+08	1.49396e+08	1.43724e+08	1.36665e+08	1.60633e+08	1.37572e+08	1.61217e+08	1.62047e+08	1.39579e+08	1.41169e+08	1.71403e+08	1.55911e+08	1.55136e+08	1.43534e+08	1.54005e+08	1.72886e+08	1.68007e+08	1.42981e+08	1.45911e+08	1.45551e+08	1.62369e+08
ERR613618	1.94144e+08	2.10183e+08	2.13033e+08	2.02881e+08	1.77069e+08	2.14288e+08	2.12931e+08	2.10537e+08	2.11015e+08	2.41434e+08	2.46483e+08	2.13917e+08	2.12427e+08	2.50786e+08	2.3288e+08	2.10438e+08	1.69479e+08	2.45225e+08	2.33998e+08	2.36396e+08	2.8707e+08	2.40757e+08	2.84647e+08	2.52136e+08	1.66797e+08	1.5753e+08	1.69727e+08	1.64147e+08	2.2051e+08	2.04249e+08	2.31436e+08	2.30109e+08	3.6388e+08	1.8596e+08	2.39504e+08	2.58644e+08	2.36633e+08	2.13057e+08	2.2572e+08	2.14833e+08	1.745e+08	2.41548e+08	2.25127e+08	2.21137e+08	2.30085e+08	2.10307e+08	2.27884e+08	2.22587e+08	1.67421e+08	1.87602e+08	1.69998e+08	1.36031e+08	1.6584e+08	1.67283e+08	1.50607e+08	1.31187e+08	1.44921e+08	1.59466e+08	1.5224e+08	1.45859e+08	1.77795e+08	1.82543e+08	1.9849e+08	1.85807e+08	1.82714e+08	1.85446e+08	1.66232e+08	1.74351e+08	1.5804e+08	1.56667e+08	1.71283e+08	1.32102e+08	1.76373e+08	1.53925e+08	1.77372e+08	1.79777e+08	1.59395e+08	1.53311e+08	1.44504e+08	1.70645e+08	1.45329e+08	1.71171e+08	1.72125e+08	1.47598e+08	1.51427e+08	1.83958e+08	1.67403e+08	1.6656e+08	1.53863e+08	1.65112e+08	1.87479e+08	1.82179e+08	1.56148e+08	1.59234e+08	1.59029e+08	1.767e+08
