	ERR618548	ERR618543	ERR618545	ERR618544	ERR618546	ERR618547	ERR636774	ERR636771	ERR636770	ERR636772	ERR636769	ERR636773	ERR613176	ERR613175	ERR613177	ERR613174	ERR613178	ERR613173	ERR637122	ERR637119	ERR637118	ERR637120	ERR637117	ERR637121	ERR635348	ERR635350	ERR635349	ERR635351	ERR635346	ERR635347	ERR636863	ERR636864	ERR636860	ERR636862	ERR636861	ERR636859	ERR607649	ERR607646	ERR607645	ERR607648	ERR607650	ERR607647	ERR612638	ERR612639	ERR612640	ERR612642	ERR612641	ERR612637	ERR612190	ERR612185	ERR612187	ERR612186	ERR612188	ERR612189	ERR616257	ERR616255	ERR616253	ERR616254	ERR616256	ERR616258	ERR617033	ERR617037	ERR617038	ERR617036	ERR617034	ERR617035	ERR631068	ERR631072	ERR631073	ERR631070	ERR631071	ERR631069	ERR617330	ERR617329	ERR617326	ERR617327	ERR617325	ERR617328	ERR638269	ERR638267	ERR638268	ERR638272	ERR638271	ERR638270	ERR616924	ERR616921	ERR616923	ERR616920	ERR616922	ERR616919	ERR618351	ERR618352	ERR618355	ERR618356	ERR618354	ERR618353
ERR618548	5.31876e+08	3.62028e+08	3.48078e+08	3.48319e+08	3.97867e+08	3.96973e+08	2.89747e+08	2.85003e+08	2.83832e+08	2.89117e+08	2.61139e+08	2.89079e+08	1.8206e+08	2.56538e+08	1.91351e+08	2.76027e+08	1.91082e+08	2.97527e+08	3.08438e+08	3.15661e+08	3.15774e+08	3.01924e+08	2.89962e+08	3.03839e+08	1.65364e+08	2.00349e+08	1.99713e+08	2.01392e+08	1.94689e+08	1.65174e+08	2.89909e+08	2.92008e+08	3.59626e+08	2.97841e+08	3.52077e+08	3.14612e+08	3.02481e+08	3.15165e+08	2.82879e+08	3.02247e+08	2.97653e+08	2.95321e+08	2.42264e+08	3.04087e+08	2.64793e+08	2.59995e+08	2.64684e+08	3.30164e+08	1.83318e+08	2.05476e+08	1.95419e+08	1.94114e+08	1.92217e+08	1.53879e+08	1.60845e+08	1.5475e+08	1.59234e+08	1.76536e+08	1.59765e+08	1.71274e+08	1.65405e+08	1.43419e+08	1.44488e+08	1.46278e+08	1.7567e+08	1.82472e+08	2.40804e+08	2.27605e+08	2.13041e+08	2.51673e+08	2.25278e+08	2.30595e+08	2.18622e+08	2.16703e+08	1.84056e+08	1.85087e+08	1.79405e+08	2.17787e+08	1.43165e+08	1.4566e+08	1.4942e+08	1.79615e+08	2.00009e+08	1.99106e+08	1.79381e+08	2.26404e+08	1.77933e+08	2.05466e+08	1.75839e+08	2.06157e+08	2.04177e+08	1.96143e+08	2.25003e+08	2.22693e+08	2.25288e+08	1.96373e+08
ERR618543	3.62028e+08	4.61457e+08	3.22776e+08	3.22852e+08	3.65241e+08	3.64322e+08	2.64506e+08	2.60225e+08	2.59436e+08	2.6389e+08	2.38556e+08	2.6385e+08	1.66623e+08	2.34732e+08	1.75133e+08	2.52441e+08	1.74906e+08	2.7242e+08	2.80317e+08	2.8681e+08	2.87246e+08	2.74319e+08	2.6367e+08	2.76003e+08	1.51213e+08	1.83182e+08	1.82647e+08	1.84166e+08	1.78058e+08	1.50826e+08	2.64407e+08	2.66191e+08	3.28217e+08	2.71646e+08	3.2103e+08	2.87103e+08	2.75965e+08	2.875e+08	2.5807e+08	2.75764e+08	2.7166e+08	2.69332e+08	2.21584e+08	2.77536e+08	2.42084e+08	2.37706e+08	2.4208e+08	3.019e+08	1.67727e+08	1.87856e+08	1.78497e+08	1.77467e+08	1.75732e+08	1.40686e+08	1.47785e+08	1.43001e+08	1.46719e+08	1.62623e+08	1.46961e+08	1.57507e+08	1.51171e+08	1.30549e+08	1.31572e+08	1.33358e+08	1.60743e+08	1.66837e+08	2.20601e+08	2.08415e+08	1.95209e+08	2.30947e+08	2.06232e+08	2.11718e+08	2.00845e+08	1.98988e+08	1.6891e+08	1.6973e+08	1.64276e+08	1.99987e+08	1.30974e+08	1.33132e+08	1.36588e+08	1.63701e+08	1.83125e+08	1.81964e+08	1.63267e+08	2.06415e+08	1.61982e+08	1.8742e+08	1.60047e+08	1.87741e+08	1.9014e+08	1.8275e+08	2.08688e+08	2.06423e+08	2.08923e+08	1.82856e+08
ERR618545	3.48078e+08	3.22776e+08	4.31544e+08	3.10635e+08	3.51154e+08	3.50379e+08	2.55095e+08	2.50756e+08	2.50102e+08	2.54453e+08	2.30105e+08	2.54443e+08	1.60788e+08	2.26339e+08	1.69049e+08	2.43575e+08	1.68837e+08	2.62533e+08	2.70283e+08	2.76547e+08	2.76906e+08	2.64715e+08	2.54183e+08	2.66147e+08	1.45583e+08	1.76323e+08	1.75753e+08	1.77304e+08	1.71359e+08	1.45268e+08	2.55059e+08	2.56865e+08	3.16411e+08	2.62022e+08	3.09564e+08	2.76831e+08	2.6614e+08	2.77084e+08	2.48861e+08	2.65887e+08	2.61937e+08	2.5981e+08	2.13838e+08	2.6772e+08	2.3345e+08	2.29371e+08	2.33463e+08	2.90974e+08	1.61555e+08	1.80958e+08	1.72077e+08	1.70926e+08	1.69162e+08	1.35593e+08	1.41987e+08	1.37158e+08	1.40827e+08	1.56114e+08	1.41e+08	1.51276e+08	1.45372e+08	1.25798e+08	1.26642e+08	1.2831e+08	1.54486e+08	1.60462e+08	2.12237e+08	2.00578e+08	1.87796e+08	2.22038e+08	1.9844e+08	2.03679e+08	1.92779e+08	1.91121e+08	1.62273e+08	1.63219e+08	1.57941e+08	1.92097e+08	1.26049e+08	1.2826e+08	1.31543e+08	1.57715e+08	1.7617e+08	1.75196e+08	1.5721e+08	1.98784e+08	1.56045e+08	1.80295e+08	1.54203e+08	1.80847e+08	1.82408e+08	1.75243e+08	2.00206e+08	1.98088e+08	2.00417e+08	1.75449e+08
ERR618544	3.48319e+08	3.22852e+08	3.10635e+08	4.31867e+08	3.51322e+08	3.5049e+08	2.54599e+08	2.50428e+08	2.4966e+08	2.53851e+08	2.29724e+08	2.53941e+08	1.60427e+08	2.25937e+08	1.68585e+08	2.42964e+08	1.68504e+08	2.62089e+08	2.69504e+08	2.75821e+08	2.76289e+08	2.63958e+08	2.53641e+08	2.6546e+08	1.45208e+08	1.75907e+08	1.75486e+08	1.76767e+08	1.70982e+08	1.44951e+08	2.54747e+08	2.56492e+08	3.1604e+08	2.61703e+08	3.09157e+08	2.76491e+08	2.65805e+08	2.76873e+08	2.48635e+08	2.65665e+08	2.61681e+08	2.59435e+08	2.13292e+08	2.66959e+08	2.32912e+08	2.28746e+08	2.3309e+08	2.90301e+08	1.61115e+08	1.80551e+08	1.7151e+08	1.70485e+08	1.68856e+08	1.3531e+08	1.41821e+08	1.37067e+08	1.40756e+08	1.55949e+08	1.40949e+08	1.51096e+08	1.45034e+08	1.2539e+08	1.26246e+08	1.2794e+08	1.5424e+08	1.6004e+08	2.11806e+08	2.0019e+08	1.87336e+08	2.21714e+08	1.98094e+08	2.03322e+08	1.92411e+08	1.9076e+08	1.6205e+08	1.62831e+08	1.57577e+08	1.91669e+08	1.25808e+08	1.27854e+08	1.31164e+08	1.57325e+08	1.75682e+08	1.74757e+08	1.56824e+08	1.982e+08	1.55522e+08	1.79873e+08	1.53639e+08	1.8031e+08	1.82254e+08	1.75236e+08	2.00033e+08	1.97893e+08	2.00193e+08	1.75324e+08
ERR618546	3.97867e+08	3.65241e+08	3.51154e+08	3.51322e+08	5.39979e+08	4.00371e+08	2.91618e+08	2.86776e+08	2.85758e+08	2.90909e+08	2.62753e+08	2.90807e+08	1.83489e+08	2.58503e+08	1.92928e+08	2.78143e+08	1.92585e+08	2.99892e+08	3.10922e+08	3.18145e+08	3.18216e+08	3.04455e+08	2.92239e+08	3.06244e+08	1.66421e+08	2.01772e+08	2.01134e+08	2.02662e+08	1.96105e+08	1.661e+08	2.91884e+08	2.93926e+08	3.62252e+08	2.99877e+08	3.54639e+08	3.16802e+08	3.04597e+08	3.17379e+08	2.84896e+08	3.044e+08	2.9975e+08	2.97579e+08	2.44268e+08	3.06548e+08	2.66915e+08	2.62091e+08	2.67072e+08	3.32871e+08	1.84825e+08	2.0697e+08	1.9696e+08	1.95642e+08	1.93759e+08	1.55169e+08	1.62134e+08	1.56084e+08	1.60591e+08	1.78024e+08	1.61026e+08	1.7276e+08	1.66521e+08	1.44303e+08	1.45463e+08	1.47229e+08	1.76942e+08	1.83824e+08	2.42567e+08	2.2924e+08	2.14503e+08	2.53475e+08	2.26681e+08	2.32209e+08	2.20386e+08	2.18358e+08	1.85365e+08	1.86391e+08	1.80662e+08	2.19449e+08	1.44129e+08	1.46477e+08	1.50316e+08	1.80689e+08	2.01436e+08	2.00552e+08	1.80443e+08	2.2783e+08	1.79046e+08	2.06656e+08	1.77027e+08	2.07296e+08	2.0605e+08	1.98015e+08	2.2708e+08	2.24689e+08	2.27478e+08	1.98041e+08
ERR618547	3.96973e+08	3.64322e+08	3.50379e+08	3.5049e+08	4.00371e+08	5.38228e+08	2.91781e+08	2.8706e+08	2.85895e+08	2.91115e+08	2.63069e+08	2.90895e+08	1.83583e+08	2.58533e+08	1.92901e+08	2.78124e+08	1.92602e+08	2.99778e+08	3.10949e+08	3.18226e+08	3.18251e+08	3.0438e+08	2.92274e+08	3.06182e+08	1.66498e+08	2.01892e+08	2.01324e+08	2.02924e+08	1.96184e+08	1.66333e+08	2.91638e+08	2.93804e+08	3.61921e+08	2.99866e+08	3.54435e+08	3.16706e+08	3.04429e+08	3.17222e+08	2.84784e+08	3.04178e+08	2.99635e+08	2.97349e+08	2.441e+08	3.06344e+08	2.66731e+08	2.61761e+08	2.66715e+08	3.32576e+08	1.85063e+08	2.07166e+08	1.97192e+08	1.95975e+08	1.93878e+08	1.55315e+08	1.61971e+08	1.55801e+08	1.60513e+08	1.77888e+08	1.60955e+08	1.72526e+08	1.66773e+08	1.44618e+08	1.45718e+08	1.47622e+08	1.76983e+08	1.83919e+08	2.4262e+08	2.29356e+08	2.14752e+08	2.53518e+08	2.26956e+08	2.32452e+08	2.20221e+08	2.18321e+08	1.85442e+08	1.86389e+08	1.80736e+08	2.19459e+08	1.44165e+08	1.46689e+08	1.50443e+08	1.80915e+08	2.01435e+08	2.00581e+08	1.80746e+08	2.28067e+08	1.7943e+08	2.06943e+08	1.77285e+08	2.07814e+08	2.05602e+08	1.97651e+08	2.26849e+08	2.24301e+08	2.26971e+08	1.97825e+08
ERR636774	2.89747e+08	2.64506e+08	2.55095e+08	2.54599e+08	2.91618e+08	2.91781e+08	4.78205e+08	3.31586e+08	3.28679e+08	3.36252e+08	3.03992e+08	3.35744e+08	1.99688e+08	2.79877e+08	2.09128e+08	3.0077e+08	2.08714e+08	3.21778e+08	3.2003e+08	3.28926e+08	3.26923e+08	3.14051e+08	3.02647e+08	3.15583e+08	1.67068e+08	2.02048e+08	2.01217e+08	2.02432e+08	1.97225e+08	1.67782e+08	2.90006e+08	2.92807e+08	3.56211e+08	2.98166e+08	3.51642e+08	3.12953e+08	3.05794e+08	3.18522e+08	2.88216e+08	3.05562e+08	3.01239e+08	3.00686e+08	2.3055e+08	2.89787e+08	2.4986e+08	2.44943e+08	2.50297e+08	3.11375e+08	1.93271e+08	2.16508e+08	2.06454e+08	2.06317e+08	2.02332e+08	1.62035e+08	1.44915e+08	1.36054e+08	1.42522e+08	1.57543e+08	1.43449e+08	1.5402e+08	1.67834e+08	1.46525e+08	1.48502e+08	1.49383e+08	1.76056e+08	1.82651e+08	2.3343e+08	2.21769e+08	2.06835e+08	2.42106e+08	2.19075e+08	2.21134e+08	2.07494e+08	2.05948e+08	1.75643e+08	1.76916e+08	1.74342e+08	2.07096e+08	1.4351e+08	1.46438e+08	1.50109e+08	1.82963e+08	1.99717e+08	1.99228e+08	1.86844e+08	2.33185e+08	1.85331e+08	2.11101e+08	1.8321e+08	2.14005e+08	1.62921e+08	1.56643e+08	1.81633e+08	1.79734e+08	1.81213e+08	1.57118e+08
ERR636771	2.85003e+08	2.60225e+08	2.50756e+08	2.50428e+08	2.86776e+08	2.8706e+08	3.31586e+08	4.6943e+08	3.26225e+08	3.31718e+08	3.01935e+08	3.30884e+08	1.97731e+08	2.76978e+08	2.07082e+08	2.97483e+08	2.06453e+08	3.18073e+08	3.16406e+08	3.25629e+08	3.23365e+08	3.10356e+08	2.99631e+08	3.11966e+08	1.65193e+08	1.9969e+08	1.98847e+08	1.99917e+08	1.94846e+08	1.66144e+08	2.86978e+08	2.89576e+08	3.51889e+08	2.94905e+08	3.47664e+08	3.09242e+08	3.024e+08	3.14893e+08	2.8509e+08	3.02097e+08	2.97878e+08	2.97584e+08	2.28003e+08	2.86676e+08	2.46923e+08	2.4236e+08	2.47427e+08	3.07799e+08	1.91328e+08	2.13927e+08	2.04289e+08	2.04292e+08	2.00086e+08	1.60342e+08	1.42714e+08	1.33655e+08	1.40131e+08	1.54966e+08	1.41125e+08	1.51555e+08	1.65735e+08	1.4492e+08	1.46864e+08	1.47822e+08	1.73717e+08	1.80154e+08	2.30596e+08	2.19122e+08	2.04219e+08	2.3916e+08	2.16635e+08	2.18249e+08	2.0443e+08	2.02909e+08	1.73258e+08	1.7447e+08	1.72142e+08	2.04212e+08	1.41979e+08	1.45016e+08	1.48504e+08	1.81093e+08	1.97439e+08	1.96924e+08	1.84913e+08	2.3057e+08	1.83492e+08	2.08807e+08	1.81555e+08	2.11767e+08	1.6016e+08	1.54095e+08	1.78723e+08	1.76881e+08	1.78363e+08	1.5469e+08
ERR636770	2.83832e+08	2.59436e+08	2.50102e+08	2.4966e+08	2.85758e+08	2.85895e+08	3.28679e+08	3.26225e+08	4.62471e+08	3.28559e+08	2.99377e+08	3.27945e+08	1.9594e+08	2.74613e+08	2.05304e+08	2.95174e+08	2.04774e+08	3.15978e+08	3.13139e+08	3.22069e+08	3.20472e+08	3.07279e+08	2.96542e+08	3.08872e+08	1.63584e+08	1.97938e+08	1.97002e+08	1.98201e+08	1.93074e+08	1.64395e+08	2.84314e+08	2.87031e+08	3.49325e+08	2.92302e+08	3.44517e+08	3.06889e+08	3.00119e+08	3.12566e+08	2.82886e+08	2.99816e+08	2.95658e+08	2.94949e+08	2.25913e+08	2.83763e+08	2.44734e+08	2.40068e+08	2.45177e+08	3.05205e+08	1.89746e+08	2.12454e+08	2.02621e+08	2.02574e+08	1.98568e+08	1.59017e+08	1.42055e+08	1.3362e+08	1.39826e+08	1.54515e+08	1.40591e+08	1.51057e+08	1.64389e+08	1.43324e+08	1.45347e+08	1.46189e+08	1.72737e+08	1.79107e+08	2.28764e+08	2.17075e+08	2.02421e+08	2.37291e+08	2.14628e+08	2.16785e+08	2.03217e+08	2.0175e+08	1.72179e+08	1.73361e+08	1.70746e+08	2.03158e+08	1.40785e+08	1.43563e+08	1.47148e+08	1.7882e+08	1.95658e+08	1.95075e+08	1.8254e+08	2.28204e+08	1.81179e+08	2.0681e+08	1.79189e+08	2.09297e+08	1.59904e+08	1.53844e+08	1.78282e+08	1.76301e+08	1.77816e+08	1.54412e+08
ERR636772	2.89117e+08	2.6389e+08	2.54453e+08	2.53851e+08	2.90909e+08	2.91115e+08	3.36252e+08	3.31718e+08	3.28559e+08	4.78671e+08	3.03896e+08	3.35608e+08	1.99569e+08	2.79719e+08	2.09009e+08	3.00497e+08	2.08434e+08	3.21509e+08	3.19573e+08	3.28392e+08	3.26614e+08	3.13709e+08	3.02449e+08	3.152e+08	1.66797e+08	2.01648e+08	2.00864e+08	2.02025e+08	1.96908e+08	1.67607e+08	2.89737e+08	2.92568e+08	3.55715e+08	2.97851e+08	3.51208e+08	3.12608e+08	3.05641e+08	3.18244e+08	2.87997e+08	3.0544e+08	3.01001e+08	3.00483e+08	2.30338e+08	2.89667e+08	2.49575e+08	2.44779e+08	2.50107e+08	3.11097e+08	1.93222e+08	2.16201e+08	2.06507e+08	2.06315e+08	2.02082e+08	1.61916e+08	1.44585e+08	1.35604e+08	1.42138e+08	1.57118e+08	1.42993e+08	1.53597e+08	1.67531e+08	1.46281e+08	1.48327e+08	1.49145e+08	1.75783e+08	1.82222e+08	2.33101e+08	2.21221e+08	2.06298e+08	2.4172e+08	2.18675e+08	2.20668e+08	2.06928e+08	2.05362e+08	1.7524e+08	1.7639e+08	1.74035e+08	2.06637e+08	1.4349e+08	1.4638e+08	1.50002e+08	1.82767e+08	1.99593e+08	1.9894e+08	1.86398e+08	2.32837e+08	1.8513e+08	2.10846e+08	1.83013e+08	2.13609e+08	1.62343e+08	1.56057e+08	1.81065e+08	1.79069e+08	1.8064e+08	1.56642e+08
ERR636769	2.61139e+08	2.38556e+08	2.30105e+08	2.29724e+08	2.62753e+08	2.63069e+08	3.03992e+08	3.01935e+08	2.99377e+08	3.03896e+08	4.03558e+08	3.03458e+08	1.8165e+08	2.53862e+08	1.90079e+08	2.72682e+08	1.89701e+08	2.91449e+08	2.89142e+08	2.97525e+08	2.95467e+08	2.83785e+08	2.73983e+08	2.85196e+08	1.49924e+08	1.81011e+08	1.80228e+08	1.81382e+08	1.76713e+08	1.50649e+08	2.62953e+08	2.65621e+08	3.22231e+08	2.70416e+08	3.18356e+08	2.83569e+08	2.77546e+08	2.88998e+08	2.6185e+08	2.77292e+08	2.73482e+08	2.72975e+08	2.08998e+08	2.62392e+08	2.26207e+08	2.21984e+08	2.26682e+08	2.81689e+08	1.75098e+08	1.95731e+08	1.86976e+08	1.86959e+08	1.83076e+08	1.46718e+08	1.29639e+08	1.21579e+08	1.27439e+08	1.40922e+08	1.28234e+08	1.37757e+08	1.50304e+08	1.31341e+08	1.33143e+08	1.3396e+08	1.57756e+08	1.63419e+08	2.09263e+08	1.98734e+08	1.85373e+08	2.16907e+08	1.96444e+08	1.98114e+08	1.85605e+08	1.84117e+08	1.57375e+08	1.58407e+08	1.56152e+08	1.85446e+08	1.289e+08	1.31516e+08	1.34702e+08	1.64074e+08	1.79132e+08	1.78726e+08	1.67403e+08	2.08807e+08	1.66212e+08	1.8934e+08	1.64298e+08	1.91692e+08	1.46094e+08	1.40521e+08	1.62888e+08	1.61207e+08	1.62496e+08	1.41121e+08
ERR636773	2.89079e+08	2.6385e+08	2.54443e+08	2.53941e+08	2.90807e+08	2.90895e+08	3.35744e+08	3.30884e+08	3.27945e+08	3.35608e+08	3.03458e+08	4.76877e+08	1.99075e+08	2.79119e+08	2.08464e+08	2.999e+08	2.0805e+08	3.20926e+08	3.1923e+08	3.28119e+08	3.2603e+08	3.13163e+08	3.01854e+08	3.1472e+08	1.66548e+08	2.01372e+08	2.0048e+08	2.01638e+08	1.96566e+08	1.67338e+08	2.89329e+08	2.92017e+08	3.55213e+08	2.97333e+08	3.50664e+08	3.12113e+08	3.05028e+08	3.17789e+08	2.87471e+08	3.04922e+08	3.00498e+08	3.00024e+08	2.29797e+08	2.8891e+08	2.49042e+08	2.44273e+08	2.49459e+08	3.1037e+08	1.92887e+08	2.15967e+08	2.05999e+08	2.05893e+08	2.01832e+08	1.61694e+08	1.4434e+08	1.35499e+08	1.41831e+08	1.56859e+08	1.42693e+08	1.53384e+08	1.67267e+08	1.4613e+08	1.48065e+08	1.48885e+08	1.75489e+08	1.81984e+08	2.32527e+08	2.2089e+08	2.05962e+08	2.41257e+08	2.1827e+08	2.20273e+08	2.06774e+08	2.05129e+08	1.74996e+08	1.7613e+08	1.73724e+08	2.06384e+08	1.43057e+08	1.4606e+08	1.49537e+08	1.82271e+08	1.99027e+08	1.98386e+08	1.85986e+08	2.32316e+08	1.84691e+08	2.10412e+08	1.82566e+08	2.13272e+08	1.62198e+08	1.56052e+08	1.81049e+08	1.7916e+08	1.8064e+08	1.56675e+08
ERR613176	1.8206e+08	1.66623e+08	1.60788e+08	1.60427e+08	1.83489e+08	1.83583e+08	1.99688e+08	1.97731e+08	1.9594e+08	1.99569e+08	1.8165e+08	1.99075e+08	2.44359e+08	2.09745e+08	1.61892e+08	2.23527e+08	1.61031e+08	2.3779e+08	2.00114e+08	2.05868e+08	2.04374e+08	1.96298e+08	1.89524e+08	1.97447e+08	1.06133e+08	1.27898e+08	1.27469e+08	1.28204e+08	1.25011e+08	1.06539e+08	1.8033e+08	1.81737e+08	2.20599e+08	1.85255e+08	2.17798e+08	1.94274e+08	1.9045e+08	1.98085e+08	1.79728e+08	1.90405e+08	1.87637e+08	1.87409e+08	1.72395e+08	2.10851e+08	1.85006e+08	1.81837e+08	1.85389e+08	2.2441e+08	1.41949e+08	1.56433e+08	1.50369e+08	1.50214e+08	1.47626e+08	1.21906e+08	9.24992e+07	8.68182e+07	9.09342e+07	1.00349e+08	9.14907e+07	9.8232e+07	1.06489e+08	9.32556e+07	9.43711e+07	9.50724e+07	1.1168e+08	1.15669e+08	1.47225e+08	1.39956e+08	1.30732e+08	1.52528e+08	1.38355e+08	1.39395e+08	1.30364e+08	1.29435e+08	1.10554e+08	1.11325e+08	1.09636e+08	1.3016e+08	9.10756e+07	9.30129e+07	9.53474e+07	1.15765e+08	1.26452e+08	1.26191e+08	1.17558e+08	1.46523e+08	1.16729e+08	1.32818e+08	1.1547e+08	1.34515e+08	1.04637e+08	1.00589e+08	1.16474e+08	1.15236e+08	1.16116e+08	1.00946e+08
ERR613175	2.56538e+08	2.34732e+08	2.26339e+08	2.25937e+08	2.58503e+08	2.58533e+08	2.79877e+08	2.76978e+08	2.74613e+08	2.79719e+08	2.53862e+08	2.79119e+08	2.09745e+08	4.17336e+08	2.19604e+08	3.09253e+08	2.18519e+08	3.29994e+08	2.82598e+08	2.90691e+08	2.8902e+08	2.77303e+08	2.67331e+08	2.78708e+08	1.51193e+08	1.8268e+08	1.81941e+08	1.83081e+08	1.78291e+08	1.51762e+08	2.52784e+08	2.54792e+08	3.10616e+08	2.5973e+08	3.06444e+08	2.728e+08	2.67253e+08	2.78515e+08	2.51845e+08	2.67284e+08	2.63279e+08	2.62935e+08	2.35423e+08	2.89884e+08	2.53297e+08	2.48767e+08	2.53832e+08	3.09836e+08	1.95407e+08	2.16422e+08	2.07427e+08	2.0716e+08	2.03591e+08	1.6703e+08	1.32471e+08	1.24704e+08	1.304e+08	1.44164e+08	1.31111e+08	1.40768e+08	1.52191e+08	1.32989e+08	1.34566e+08	1.35599e+08	1.5978e+08	1.65736e+08	2.10342e+08	1.99828e+08	1.86369e+08	2.1835e+08	1.97538e+08	1.99419e+08	1.86807e+08	1.85308e+08	1.58393e+08	1.59384e+08	1.56798e+08	1.86709e+08	1.30002e+08	1.32619e+08	1.35778e+08	1.65016e+08	1.80631e+08	1.80036e+08	1.67636e+08	2.095e+08	1.66431e+08	1.89955e+08	1.64503e+08	1.92069e+08	1.48839e+08	1.43155e+08	1.65901e+08	1.64077e+08	1.65528e+08	1.43642e+08
ERR613177	1.91351e+08	1.75133e+08	1.69049e+08	1.68585e+08	1.92928e+08	1.92901e+08	2.09128e+08	2.07082e+08	2.05304e+08	2.09009e+08	1.90079e+08	2.08464e+08	1.61892e+08	2.19604e+08	2.63716e+08	2.34281e+08	1.68402e+08	2.49229e+08	2.09763e+08	2.15864e+08	2.14344e+08	2.05862e+08	1.98602e+08	2.0681e+08	1.12084e+08	1.3523e+08	1.34732e+08	1.35486e+08	1.3203e+08	1.12559e+08	1.88972e+08	1.90486e+08	2.3142e+08	1.94141e+08	2.28465e+08	2.0359e+08	1.99472e+08	2.07735e+08	1.88191e+08	1.99409e+08	1.96486e+08	1.96219e+08	1.80191e+08	2.20403e+08	1.93253e+08	1.90114e+08	1.93758e+08	2.35063e+08	1.48864e+08	1.64126e+08	1.57741e+08	1.57429e+08	1.54863e+08	1.2786e+08	9.79438e+07	9.20969e+07	9.6326e+07	1.0646e+08	9.70152e+07	1.04072e+08	1.12636e+08	9.84964e+07	9.96601e+07	1.00467e+08	1.18149e+08	1.22393e+08	1.5567e+08	1.47952e+08	1.38038e+08	1.61261e+08	1.4622e+08	1.47431e+08	1.38032e+08	1.37027e+08	1.16955e+08	1.17848e+08	1.1601e+08	1.37891e+08	9.6274e+07	9.82972e+07	1.00661e+08	1.22327e+08	1.33653e+08	1.33267e+08	1.24119e+08	1.54824e+08	1.23312e+08	1.40406e+08	1.21891e+08	1.42196e+08	1.10462e+08	1.06258e+08	1.23037e+08	1.21659e+08	1.22705e+08	1.06558e+08
ERR613174	2.76027e+08	2.52441e+08	2.43575e+08	2.42964e+08	2.78143e+08	2.78124e+08	3.0077e+08	2.97483e+08	2.95174e+08	3.00497e+08	2.72682e+08	2.999e+08	2.23527e+08	3.09253e+08	2.34281e+08	4.69294e+08	2.33177e+08	3.53365e+08	3.04142e+08	3.1289e+08	3.11189e+08	2.98346e+08	2.87579e+08	3.00175e+08	1.62977e+08	1.96983e+08	1.96244e+08	1.97457e+08	1.92336e+08	1.63499e+08	2.71819e+08	2.73796e+08	3.34318e+08	2.79181e+08	3.29446e+08	2.93227e+08	2.87239e+08	2.9954e+08	2.70617e+08	2.87217e+08	2.82922e+08	2.82393e+08	2.51557e+08	3.10039e+08	2.70763e+08	2.6619e+08	2.71213e+08	3.31656e+08	2.08604e+08	2.31078e+08	2.21434e+08	2.21128e+08	2.17306e+08	1.78126e+08	1.43046e+08	1.34649e+08	1.40805e+08	1.55636e+08	1.41563e+08	1.52128e+08	1.63993e+08	1.43036e+08	1.44838e+08	1.46003e+08	1.72317e+08	1.78552e+08	2.26902e+08	2.15222e+08	2.01003e+08	2.3533e+08	2.12853e+08	2.15082e+08	2.01751e+08	2.00164e+08	1.70774e+08	1.71973e+08	1.69088e+08	2.01569e+08	1.401e+08	1.42795e+08	1.46325e+08	1.77709e+08	1.94709e+08	1.94044e+08	1.80554e+08	2.25786e+08	1.792e+08	2.04597e+08	1.77133e+08	2.06891e+08	1.60684e+08	1.54573e+08	1.79118e+08	1.77256e+08	1.78783e+08	1.55164e+08
ERR613178	1.91082e+08	1.74906e+08	1.68837e+08	1.68504e+08	1.92585e+08	1.92602e+08	2.08714e+08	2.06453e+08	2.04774e+08	2.08434e+08	1.89701e+08	2.0805e+08	1.61031e+08	2.18519e+08	1.68402e+08	2.33177e+08	2.61641e+08	2.48345e+08	2.09196e+08	2.15308e+08	2.13863e+08	2.05214e+08	1.98028e+08	2.0642e+08	1.11694e+08	1.34755e+08	1.34226e+08	1.35074e+08	1.3165e+08	1.12179e+08	1.88537e+08	1.90185e+08	2.31092e+08	1.9377e+08	2.28071e+08	2.03386e+08	1.9904e+08	2.07269e+08	1.8785e+08	1.99045e+08	1.96106e+08	1.95861e+08	1.79476e+08	2.19432e+08	1.92488e+08	1.89325e+08	1.93014e+08	2.34177e+08	1.48051e+08	1.63291e+08	1.56899e+08	1.56658e+08	1.54027e+08	1.27162e+08	9.76276e+07	9.18717e+07	9.60336e+07	1.06085e+08	9.67177e+07	1.03848e+08	1.12256e+08	9.81277e+07	9.92551e+07	1.0011e+08	1.17796e+08	1.21926e+08	1.55069e+08	1.474e+08	1.37693e+08	1.60885e+08	1.45646e+08	1.47073e+08	1.37523e+08	1.36552e+08	1.16608e+08	1.17387e+08	1.15596e+08	1.37415e+08	9.60854e+07	9.80269e+07	1.00293e+08	1.21875e+08	1.3322e+08	1.32944e+08	1.23645e+08	1.54178e+08	1.22741e+08	1.39877e+08	1.21351e+08	1.41544e+08	1.10221e+08	1.05998e+08	1.22802e+08	1.21492e+08	1.22541e+08	1.0633e+08
ERR613173	2.97527e+08	2.7242e+08	2.62533e+08	2.62089e+08	2.99892e+08	2.99778e+08	3.21778e+08	3.18073e+08	3.15978e+08	3.21509e+08	2.91449e+08	3.20926e+08	2.3779e+08	3.29994e+08	2.49229e+08	3.53365e+08	2.48345e+08	5.27308e+08	3.25698e+08	3.34842e+08	3.33394e+08	3.19422e+08	3.07907e+08	3.21195e+08	1.75772e+08	2.12469e+08	2.11486e+08	2.13054e+08	2.07386e+08	1.76037e+08	2.90864e+08	2.93136e+08	3.58682e+08	2.98893e+08	3.53055e+08	3.14299e+08	3.07677e+08	3.20877e+08	2.89428e+08	3.07675e+08	3.03196e+08	3.02247e+08	2.67602e+08	3.30183e+08	2.8835e+08	2.83304e+08	2.88861e+08	3.54103e+08	2.22418e+08	2.46724e+08	2.36235e+08	2.35736e+08	2.31759e+08	1.89614e+08	1.54717e+08	1.46179e+08	1.52565e+08	1.68781e+08	1.5328e+08	1.64627e+08	1.76889e+08	1.54014e+08	1.55748e+08	1.57234e+08	1.86382e+08	1.93289e+08	2.44927e+08	2.32369e+08	2.16996e+08	2.54379e+08	2.29623e+08	2.326e+08	2.18507e+08	2.16779e+08	1.84863e+08	1.86123e+08	1.82541e+08	2.18144e+08	1.50838e+08	1.53893e+08	1.57665e+08	1.91003e+08	2.10077e+08	2.09307e+08	1.94134e+08	2.43557e+08	1.92802e+08	2.20804e+08	1.90529e+08	2.22776e+08	1.73995e+08	1.67201e+08	1.93699e+08	1.91569e+08	1.93285e+08	1.67771e+08
ERR637122	3.08438e+08	2.80317e+08	2.70283e+08	2.69504e+08	3.10922e+08	3.10949e+08	3.2003e+08	3.16406e+08	3.13139e+08	3.19573e+08	2.89142e+08	3.1923e+08	2.00114e+08	2.82598e+08	2.09763e+08	3.04142e+08	2.09196e+08	3.25698e+08	5.86864e+08	4.43585e+08	4.41028e+08	4.26221e+08	4.09799e+08	4.28048e+08	1.75497e+08	2.1246e+08	2.11608e+08	2.12868e+08	2.07349e+08	1.76197e+08	3.3369e+08	3.36508e+08	4.10522e+08	3.4326e+08	4.05347e+08	3.60154e+08	3.4731e+08	3.61948e+08	3.2722e+08	3.47259e+08	3.42107e+08	3.41752e+08	2.52712e+08	3.19453e+08	2.74435e+08	2.69192e+08	2.746e+08	3.43922e+08	2.05784e+08	2.30672e+08	2.20113e+08	2.20044e+08	2.15552e+08	1.72222e+08	1.50626e+08	1.41006e+08	1.47868e+08	1.63927e+08	1.48992e+08	1.6022e+08	1.75356e+08	1.53265e+08	1.55491e+08	1.56323e+08	1.84091e+08	1.90849e+08	2.44621e+08	2.32302e+08	2.16167e+08	2.53676e+08	2.29518e+08	2.31249e+08	2.16821e+08	2.15252e+08	1.83371e+08	1.84668e+08	1.8222e+08	2.1675e+08	1.51096e+08	1.54286e+08	1.58252e+08	1.93588e+08	2.11259e+08	2.10698e+08	1.96391e+08	2.45201e+08	1.94937e+08	2.22028e+08	1.92816e+08	2.25249e+08	1.69161e+08	1.62462e+08	1.89264e+08	1.87298e+08	1.88815e+08	1.63177e+08
ERR637119	3.15661e+08	2.8681e+08	2.76547e+08	2.75821e+08	3.18145e+08	3.18226e+08	3.28926e+08	3.25629e+08	3.22069e+08	3.28392e+08	2.97525e+08	3.28119e+08	2.05868e+08	2.90691e+08	2.15864e+08	3.1289e+08	2.15308e+08	3.34842e+08	4.43585e+08	6.1561e+08	4.53578e+08	4.35795e+08	4.21368e+08	4.37685e+08	1.81348e+08	2.1954e+08	2.18578e+08	2.19815e+08	2.14251e+08	1.82216e+08	3.42701e+08	3.45612e+08	4.21547e+08	3.52567e+08	4.1644e+08	3.69801e+08	3.56743e+08	3.71812e+08	3.36069e+08	3.56504e+08	3.51104e+08	3.51163e+08	2.59832e+08	3.28628e+08	2.82117e+08	2.76859e+08	2.82272e+08	3.53394e+08	2.11878e+08	2.37505e+08	2.26759e+08	2.26772e+08	2.21959e+08	1.77309e+08	1.54994e+08	1.44903e+08	1.52146e+08	1.68469e+08	1.53318e+08	1.64869e+08	1.81317e+08	1.58628e+08	1.60787e+08	1.61708e+08	1.89917e+08	1.96632e+08	2.52555e+08	2.39969e+08	2.23337e+08	2.61861e+08	2.37182e+08	2.38645e+08	2.2357e+08	2.21973e+08	1.89092e+08	1.90529e+08	1.88222e+08	2.23349e+08	1.56164e+08	1.5967e+08	1.63697e+08	2.0055e+08	2.18361e+08	2.17872e+08	2.0321e+08	2.53624e+08	2.01882e+08	2.29592e+08	1.99493e+08	2.33148e+08	1.73588e+08	1.66601e+08	1.94354e+08	1.92222e+08	1.93868e+08	1.67469e+08
ERR637118	3.15774e+08	2.87246e+08	2.76906e+08	2.76289e+08	3.18216e+08	3.18251e+08	3.26923e+08	3.23365e+08	3.20472e+08	3.26614e+08	2.95467e+08	3.2603e+08	2.04374e+08	2.8902e+08	2.14344e+08	3.11189e+08	2.13863e+08	3.33394e+08	4.41028e+08	4.53578e+08	6.09593e+08	4.33528e+08	4.19198e+08	4.3516e+08	1.79879e+08	2.18014e+08	2.17014e+08	2.1836e+08	2.12654e+08	1.8077e+08	3.40821e+08	3.4373e+08	4.19665e+08	3.50471e+08	4.1404e+08	3.67813e+08	3.54862e+08	3.70034e+08	3.34113e+08	3.54739e+08	3.49336e+08	3.49032e+08	2.58206e+08	3.26424e+08	2.80499e+08	2.75302e+08	2.80639e+08	3.5147e+08	2.10456e+08	2.36026e+08	2.25133e+08	2.25028e+08	2.20355e+08	1.76124e+08	1.54577e+08	1.45058e+08	1.52028e+08	1.68369e+08	1.5295e+08	1.64546e+08	1.80159e+08	1.57203e+08	1.59279e+08	1.60306e+08	1.8921e+08	1.95928e+08	2.51036e+08	2.38245e+08	2.21932e+08	2.60379e+08	2.3558e+08	2.37435e+08	2.22805e+08	2.2112e+08	1.88442e+08	1.89641e+08	1.8708e+08	2.2268e+08	1.55136e+08	1.58386e+08	1.62372e+08	1.9843e+08	2.16815e+08	2.16312e+08	2.0106e+08	2.51684e+08	1.99821e+08	2.27921e+08	1.97514e+08	2.30969e+08	1.73632e+08	1.66756e+08	1.94101e+08	1.92055e+08	1.93623e+08	1.67462e+08
ERR637120	3.01924e+08	2.74319e+08	2.64715e+08	2.63958e+08	3.04455e+08	3.0438e+08	3.14051e+08	3.10356e+08	3.07279e+08	3.13709e+08	2.83785e+08	3.13163e+08	1.96298e+08	2.77303e+08	2.05862e+08	2.98346e+08	2.05214e+08	3.19422e+08	4.26221e+08	4.35795e+08	4.33528e+08	5.69146e+08	4.02803e+08	4.20492e+08	1.71521e+08	2.07744e+08	2.07009e+08	2.08112e+08	2.02757e+08	1.72471e+08	3.27659e+08	3.30419e+08	4.02897e+08	3.37074e+08	3.97766e+08	3.53597e+08	3.4129e+08	3.55551e+08	3.2157e+08	3.41e+08	3.36062e+08	3.35561e+08	2.48116e+08	3.13447e+08	2.69425e+08	2.64249e+08	2.69549e+08	3.37347e+08	2.01828e+08	2.26092e+08	2.15819e+08	2.1583e+08	2.11358e+08	1.68774e+08	1.47043e+08	1.37653e+08	1.44482e+08	1.59966e+08	1.45476e+08	1.56421e+08	1.71621e+08	1.50052e+08	1.52086e+08	1.53013e+08	1.79946e+08	1.86488e+08	2.39139e+08	2.27026e+08	2.11279e+08	2.47933e+08	2.24438e+08	2.26153e+08	2.12068e+08	2.1048e+08	1.79293e+08	1.80706e+08	1.78361e+08	2.11886e+08	1.47717e+08	1.51014e+08	1.54751e+08	1.89391e+08	2.06612e+08	2.06028e+08	1.91983e+08	2.39943e+08	1.90692e+08	2.17207e+08	1.88478e+08	2.20274e+08	1.65328e+08	1.58667e+08	1.84916e+08	1.83029e+08	1.84503e+08	1.59421e+08
ERR637117	2.89962e+08	2.6367e+08	2.54183e+08	2.53641e+08	2.92239e+08	2.92274e+08	3.02647e+08	2.99631e+08	2.96542e+08	3.02449e+08	2.73983e+08	3.01854e+08	1.89524e+08	2.67331e+08	1.98602e+08	2.87579e+08	1.98028e+08	3.07907e+08	4.09799e+08	4.21368e+08	4.19198e+08	4.02803e+08	5.34149e+08	4.04112e+08	1.64991e+08	1.9974e+08	1.98923e+08	1.99851e+08	1.94853e+08	1.65767e+08	3.15808e+08	3.18383e+08	3.87761e+08	3.24601e+08	3.8273e+08	3.4041e+08	3.28717e+08	3.42437e+08	3.09867e+08	3.28514e+08	3.23741e+08	3.23485e+08	2.39125e+08	3.02206e+08	2.59472e+08	2.54545e+08	2.59847e+08	3.24905e+08	1.94276e+08	2.17548e+08	2.07698e+08	2.07745e+08	2.03467e+08	1.62549e+08	1.41136e+08	1.32015e+08	1.38533e+08	1.53451e+08	1.39612e+08	1.50078e+08	1.64858e+08	1.44136e+08	1.46232e+08	1.47028e+08	1.7292e+08	1.79131e+08	2.29757e+08	2.182e+08	2.03111e+08	2.38156e+08	2.15578e+08	2.17142e+08	2.03573e+08	2.02094e+08	1.72112e+08	1.73398e+08	1.71217e+08	2.033e+08	1.42018e+08	1.45176e+08	1.48867e+08	1.82123e+08	1.98568e+08	1.98045e+08	1.84529e+08	2.30523e+08	1.83279e+08	2.08728e+08	1.81202e+08	2.11673e+08	1.58688e+08	1.52327e+08	1.77463e+08	1.75622e+08	1.76959e+08	1.52988e+08
ERR637121	3.03839e+08	2.76003e+08	2.66147e+08	2.6546e+08	3.06244e+08	3.06182e+08	3.15583e+08	3.11966e+08	3.08872e+08	3.152e+08	2.85196e+08	3.1472e+08	1.97447e+08	2.78708e+08	2.0681e+08	3.00175e+08	2.0642e+08	3.21195e+08	4.28048e+08	4.37685e+08	4.3516e+08	4.20492e+08	4.04112e+08	5.72941e+08	1.72454e+08	2.08782e+08	2.07955e+08	2.09244e+08	2.03871e+08	1.73242e+08	3.29274e+08	3.31885e+08	4.04608e+08	3.38497e+08	3.99716e+08	3.55199e+08	3.42846e+08	3.57264e+08	3.22927e+08	3.42534e+08	3.37628e+08	3.37425e+08	2.4926e+08	3.1505e+08	2.7058e+08	2.65502e+08	2.70834e+08	3.38971e+08	2.02504e+08	2.27092e+08	2.16691e+08	2.16621e+08	2.12283e+08	1.69502e+08	1.47927e+08	1.38547e+08	1.45395e+08	1.60987e+08	1.46352e+08	1.57478e+08	1.72495e+08	1.50671e+08	1.52759e+08	1.53719e+08	1.80891e+08	1.87545e+08	2.40261e+08	2.28198e+08	2.12547e+08	2.49278e+08	2.25541e+08	2.27196e+08	2.13278e+08	2.11588e+08	1.80248e+08	1.81636e+08	1.7924e+08	2.13008e+08	1.48412e+08	1.516e+08	1.5541e+08	1.904e+08	2.07578e+08	2.07122e+08	1.92982e+08	2.41065e+08	1.91625e+08	2.18314e+08	1.89376e+08	2.2144e+08	1.66276e+08	1.59733e+08	1.85993e+08	1.84136e+08	1.85651e+08	1.60402e+08
ERR635348	1.65364e+08	1.51213e+08	1.45583e+08	1.45208e+08	1.66421e+08	1.66498e+08	1.67068e+08	1.65193e+08	1.63584e+08	1.66797e+08	1.49924e+08	1.66548e+08	1.06133e+08	1.51193e+08	1.12084e+08	1.62977e+08	1.11694e+08	1.75772e+08	1.75497e+08	1.81348e+08	1.79879e+08	1.71521e+08	1.64991e+08	1.72454e+08	3.43397e+08	2.72579e+08	2.71967e+08	2.73527e+08	2.67219e+08	2.2975e+08	1.5471e+08	1.5603e+08	1.92586e+08	1.59026e+08	1.90005e+08	1.67808e+08	1.65119e+08	1.73199e+08	1.54564e+08	1.6496e+08	1.62206e+08	1.62223e+08	1.31216e+08	1.65994e+08	1.42796e+08	1.40286e+08	1.43044e+08	1.79613e+08	1.795e+08	2.0085e+08	1.91446e+08	1.9093e+08	1.88369e+08	1.51251e+08	1.7161e+08	1.6137e+08	1.69174e+08	1.86151e+08	1.70213e+08	1.82267e+08	1.86078e+08	1.62675e+08	1.64907e+08	1.65787e+08	1.95108e+08	2.02003e+08	2.73546e+08	2.59837e+08	2.42728e+08	2.82901e+08	2.5706e+08	2.59302e+08	2.37938e+08	2.36095e+08	2.02058e+08	2.03208e+08	2.00805e+08	2.37645e+08	1.70444e+08	1.73424e+08	1.77647e+08	2.14868e+08	2.34605e+08	2.33996e+08	2.19429e+08	2.72081e+08	2.18021e+08	2.47084e+08	2.15835e+08	2.50561e+08	1.78654e+08	1.7165e+08	1.99e+08	1.96703e+08	1.98292e+08	1.72335e+08
ERR635350	2.00349e+08	1.83182e+08	1.76323e+08	1.75907e+08	2.01772e+08	2.01892e+08	2.02048e+08	1.9969e+08	1.97938e+08	2.01648e+08	1.81011e+08	2.01372e+08	1.27898e+08	1.8268e+08	1.3523e+08	1.96983e+08	1.34755e+08	2.12469e+08	2.1246e+08	2.1954e+08	2.18014e+08	2.07744e+08	1.9974e+08	2.08782e+08	2.72579e+08	4.65606e+08	3.26688e+08	3.28594e+08	3.18901e+08	2.73637e+08	1.86967e+08	1.88504e+08	2.32918e+08	1.92153e+08	2.2974e+08	2.02784e+08	1.99553e+08	2.09322e+08	1.86749e+08	1.99324e+08	1.96123e+08	1.95917e+08	1.58326e+08	2.00608e+08	1.72496e+08	1.6935e+08	1.72835e+08	2.1703e+08	2.16156e+08	2.41917e+08	2.30572e+08	2.29816e+08	2.2678e+08	1.82e+08	2.05796e+08	1.93654e+08	2.02915e+08	2.23477e+08	2.04171e+08	2.18603e+08	2.23842e+08	1.95455e+08	1.98045e+08	1.99163e+08	2.34944e+08	2.4335e+08	3.28668e+08	3.11943e+08	2.9144e+08	3.39835e+08	3.08712e+08	3.11416e+08	2.8672e+08	2.84632e+08	2.43184e+08	2.44766e+08	2.41417e+08	2.86244e+08	2.03973e+08	2.0751e+08	2.12675e+08	2.57418e+08	2.81499e+08	2.8062e+08	2.63584e+08	3.27498e+08	2.61851e+08	2.9725e+08	2.59236e+08	3.01167e+08	2.15042e+08	2.06439e+08	2.39642e+08	2.36822e+08	2.38958e+08	2.07114e+08
ERR635349	1.99713e+08	1.82647e+08	1.75753e+08	1.75486e+08	2.01134e+08	2.01324e+08	2.01217e+08	1.98847e+08	1.97002e+08	2.00864e+08	1.80228e+08	2.0048e+08	1.27469e+08	1.81941e+08	1.34732e+08	1.96244e+08	1.34226e+08	2.11486e+08	2.11608e+08	2.18578e+08	2.17014e+08	2.07009e+08	1.98923e+08	2.07955e+08	2.71967e+08	3.26688e+08	4.63792e+08	3.27988e+08	3.1814e+08	2.73035e+08	1.86188e+08	1.87619e+08	2.32143e+08	1.91464e+08	2.28908e+08	2.01992e+08	1.988e+08	2.08554e+08	1.86083e+08	1.98421e+08	1.95271e+08	1.95183e+08	1.57795e+08	1.99613e+08	1.71806e+08	1.68686e+08	1.72032e+08	2.16135e+08	2.15478e+08	2.41202e+08	2.29866e+08	2.29235e+08	2.26164e+08	1.81458e+08	2.05366e+08	1.93268e+08	2.0253e+08	2.2299e+08	2.03701e+08	2.18234e+08	2.23143e+08	1.94932e+08	1.9739e+08	1.98637e+08	2.34238e+08	2.42654e+08	3.27863e+08	3.10994e+08	2.90747e+08	3.3899e+08	3.07905e+08	3.10729e+08	2.86029e+08	2.83906e+08	2.4265e+08	2.44134e+08	2.40754e+08	2.85657e+08	2.03345e+08	2.06938e+08	2.12007e+08	2.56702e+08	2.80736e+08	2.79881e+08	2.62853e+08	3.26786e+08	2.61216e+08	2.96471e+08	2.58485e+08	3.00403e+08	2.14673e+08	2.06117e+08	2.39198e+08	2.36358e+08	2.38419e+08	2.06897e+08
ERR635351	2.01392e+08	1.84166e+08	1.77304e+08	1.76767e+08	2.02662e+08	2.02924e+08	2.02432e+08	1.99917e+08	1.98201e+08	2.02025e+08	1.81382e+08	2.01638e+08	1.28204e+08	1.83081e+08	1.35486e+08	1.97457e+08	1.35074e+08	2.13054e+08	2.12868e+08	2.19815e+08	2.1836e+08	2.08112e+08	1.99851e+08	2.09244e+08	2.73527e+08	3.28594e+08	3.27988e+08	4.68501e+08	3.20094e+08	2.74708e+08	1.87335e+08	1.88857e+08	2.33516e+08	1.92661e+08	2.30395e+08	2.03284e+08	1.99907e+08	2.09805e+08	1.87095e+08	1.99757e+08	1.96456e+08	1.96318e+08	1.58821e+08	2.00923e+08	1.72935e+08	1.69839e+08	1.73185e+08	2.17567e+08	2.1672e+08	2.42543e+08	2.31153e+08	2.30623e+08	2.27422e+08	1.82469e+08	2.06699e+08	1.9453e+08	2.03784e+08	2.24498e+08	2.05022e+08	2.19618e+08	2.24507e+08	1.96043e+08	1.98526e+08	1.99818e+08	2.35669e+08	2.44168e+08	3.2973e+08	3.13016e+08	2.92491e+08	3.41265e+08	3.09926e+08	3.12726e+08	2.87915e+08	2.85855e+08	2.44247e+08	2.45758e+08	2.42375e+08	2.8757e+08	2.04732e+08	2.08288e+08	2.13423e+08	2.58154e+08	2.8256e+08	2.81654e+08	2.63946e+08	3.28109e+08	2.62208e+08	2.97967e+08	2.59607e+08	3.01597e+08	2.16288e+08	2.07635e+08	2.41005e+08	2.38141e+08	2.40209e+08	2.0832e+08
ERR635346	1.94689e+08	1.78058e+08	1.71359e+08	1.70982e+08	1.96105e+08	1.96184e+08	1.97225e+08	1.94846e+08	1.93074e+08	1.96908e+08	1.76713e+08	1.96566e+08	1.25011e+08	1.78291e+08	1.3203e+08	1.92336e+08	1.3165e+08	2.07386e+08	2.07349e+08	2.14251e+08	2.12654e+08	2.02757e+08	1.94853e+08	2.03871e+08	2.67219e+08	3.18901e+08	3.1814e+08	3.20094e+08	4.47889e+08	2.68368e+08	1.82386e+08	1.83834e+08	2.27196e+08	1.87537e+08	2.24081e+08	1.97757e+08	1.94545e+08	2.0407e+08	1.82019e+08	1.94342e+08	1.9116e+08	1.9114e+08	1.5459e+08	1.95791e+08	1.68205e+08	1.65333e+08	1.68597e+08	2.11857e+08	2.10797e+08	2.36098e+08	2.24891e+08	2.24241e+08	2.21172e+08	1.77517e+08	2.00705e+08	1.88714e+08	1.97786e+08	2.17858e+08	1.99148e+08	2.13248e+08	2.18516e+08	1.90886e+08	1.93373e+08	1.94552e+08	2.29195e+08	2.37405e+08	3.20806e+08	3.04454e+08	2.84605e+08	3.31705e+08	3.01403e+08	3.03984e+08	2.79515e+08	2.77641e+08	2.37265e+08	2.38708e+08	2.35682e+08	2.79145e+08	1.99361e+08	2.03187e+08	2.07993e+08	2.51852e+08	2.75135e+08	2.74364e+08	2.57585e+08	3.19961e+08	2.55883e+08	2.90454e+08	2.53352e+08	2.94396e+08	2.09344e+08	2.01089e+08	2.33281e+08	2.30501e+08	2.3249e+08	2.01674e+08
ERR635347	1.65174e+08	1.50826e+08	1.45268e+08	1.44951e+08	1.661e+08	1.66333e+08	1.67782e+08	1.66144e+08	1.64395e+08	1.67607e+08	1.50649e+08	1.67338e+08	1.06539e+08	1.51762e+08	1.12559e+08	1.63499e+08	1.12179e+08	1.76037e+08	1.76197e+08	1.82216e+08	1.8077e+08	1.72471e+08	1.65767e+08	1.73242e+08	2.2975e+08	2.73637e+08	2.73035e+08	2.74708e+08	2.68368e+08	3.45812e+08	1.55128e+08	1.56548e+08	1.93032e+08	1.59543e+08	1.90693e+08	1.68253e+08	1.65552e+08	1.73647e+08	1.55068e+08	1.65355e+08	1.62612e+08	1.62713e+08	1.31593e+08	1.6665e+08	1.43162e+08	1.40564e+08	1.43474e+08	1.7998e+08	1.80147e+08	2.01389e+08	1.92142e+08	1.9171e+08	1.89064e+08	1.51787e+08	1.7207e+08	1.61343e+08	1.69401e+08	1.86257e+08	1.70559e+08	1.82609e+08	1.86649e+08	1.63355e+08	1.65644e+08	1.6652e+08	1.95418e+08	2.02335e+08	2.74642e+08	2.61035e+08	2.43853e+08	2.83671e+08	2.58299e+08	2.60171e+08	2.38238e+08	2.36477e+08	2.02527e+08	2.03753e+08	2.01493e+08	2.38038e+08	1.71086e+08	1.74208e+08	1.78529e+08	2.16244e+08	2.35498e+08	2.3483e+08	2.21124e+08	2.73769e+08	2.19615e+08	2.48631e+08	2.17476e+08	2.51949e+08	1.78515e+08	1.71545e+08	1.98901e+08	1.96673e+08	1.98346e+08	1.72178e+08
ERR636863	2.89909e+08	2.64407e+08	2.55059e+08	2.54747e+08	2.91884e+08	2.91638e+08	2.90006e+08	2.86978e+08	2.84314e+08	2.89737e+08	2.62953e+08	2.89329e+08	1.8033e+08	2.52784e+08	1.88972e+08	2.71819e+08	1.88537e+08	2.90864e+08	3.3369e+08	3.42701e+08	3.40821e+08	3.27659e+08	3.15808e+08	3.29274e+08	1.5471e+08	1.86967e+08	1.86188e+08	1.87335e+08	1.82386e+08	1.55128e+08	4.55774e+08	3.24556e+08	3.92741e+08	3.30647e+08	3.87412e+08	3.46252e+08	3.15671e+08	3.28171e+08	2.97179e+08	3.15167e+08	3.10997e+08	3.10191e+08	2.26688e+08	2.84131e+08	2.45759e+08	2.41277e+08	2.45791e+08	3.06015e+08	1.76666e+08	1.97705e+08	1.88748e+08	1.88533e+08	1.8497e+08	1.48216e+08	1.34953e+08	1.26831e+08	1.32692e+08	1.46679e+08	1.33504e+08	1.43338e+08	1.53571e+08	1.34123e+08	1.35776e+08	1.36764e+08	1.61486e+08	1.6728e+08	2.15522e+08	2.04847e+08	1.90932e+08	2.23474e+08	2.02338e+08	2.04258e+08	1.91032e+08	1.89503e+08	1.61588e+08	1.62768e+08	1.60181e+08	1.90591e+08	1.33147e+08	1.35819e+08	1.39339e+08	1.69273e+08	1.85456e+08	1.8493e+08	1.71065e+08	2.13704e+08	1.69846e+08	1.93717e+08	1.67893e+08	1.96085e+08	1.55264e+08	1.49189e+08	1.72976e+08	1.71233e+08	1.72647e+08	1.49794e+08
ERR636864	2.92008e+08	2.66191e+08	2.56865e+08	2.56492e+08	2.93926e+08	2.93804e+08	2.92807e+08	2.89576e+08	2.87031e+08	2.92568e+08	2.65621e+08	2.92017e+08	1.81737e+08	2.54792e+08	1.90486e+08	2.73796e+08	1.90185e+08	2.93136e+08	3.36508e+08	3.45612e+08	3.4373e+08	3.30419e+08	3.18383e+08	3.31885e+08	1.5603e+08	1.88504e+08	1.87619e+08	1.88857e+08	1.83834e+08	1.56548e+08	3.24556e+08	4.6235e+08	3.96179e+08	3.33468e+08	3.90776e+08	3.49093e+08	3.18375e+08	3.31279e+08	2.99732e+08	3.17948e+08	3.13796e+08	3.12863e+08	2.28331e+08	2.86318e+08	2.47545e+08	2.43026e+08	2.47727e+08	3.08196e+08	1.78236e+08	1.99416e+08	1.90457e+08	1.90248e+08	1.86509e+08	1.49466e+08	1.35954e+08	1.27821e+08	1.33674e+08	1.47865e+08	1.34597e+08	1.44497e+08	1.54855e+08	1.35219e+08	1.37019e+08	1.37951e+08	1.62681e+08	1.68573e+08	2.17369e+08	2.06494e+08	1.92505e+08	2.25307e+08	2.0414e+08	2.05937e+08	1.92389e+08	1.90948e+08	1.6297e+08	1.64061e+08	1.61462e+08	1.92232e+08	1.34261e+08	1.37111e+08	1.40395e+08	1.70817e+08	1.87008e+08	1.86473e+08	1.72618e+08	2.15692e+08	1.71349e+08	1.95495e+08	1.69396e+08	1.97808e+08	1.56263e+08	1.50217e+08	1.74231e+08	1.72323e+08	1.73964e+08	1.5078e+08
ERR636860	3.59626e+08	3.28217e+08	3.16411e+08	3.1604e+08	3.62252e+08	3.61921e+08	3.56211e+08	3.51889e+08	3.49325e+08	3.55715e+08	3.22231e+08	3.55213e+08	2.20599e+08	3.10616e+08	2.3142e+08	3.34318e+08	2.31092e+08	3.58682e+08	4.10522e+08	4.21547e+08	4.19665e+08	4.02897e+08	3.87761e+08	4.04608e+08	1.92586e+08	2.32918e+08	2.32143e+08	2.33516e+08	2.27196e+08	1.93032e+08	3.92741e+08	3.96179e+08	6.55247e+08	4.03874e+08	4.7702e+08	4.25653e+08	3.86743e+08	4.02765e+08	3.63303e+08	3.86183e+08	3.80735e+08	3.79452e+08	2.77973e+08	3.49045e+08	3.01773e+08	2.96235e+08	3.01763e+08	3.76715e+08	2.18635e+08	2.44937e+08	2.33588e+08	2.33119e+08	2.28854e+08	1.83207e+08	1.69215e+08	1.59845e+08	1.66753e+08	1.84592e+08	1.67718e+08	1.80164e+08	1.92168e+08	1.67239e+08	1.69135e+08	1.70656e+08	2.02413e+08	2.09901e+08	2.69339e+08	2.55421e+08	2.38447e+08	2.79723e+08	2.52735e+08	2.55719e+08	2.39751e+08	2.37766e+08	2.0267e+08	2.04101e+08	2.00311e+08	2.3944e+08	1.65719e+08	1.69072e+08	1.73393e+08	2.10418e+08	2.31271e+08	2.30676e+08	2.12816e+08	2.66844e+08	2.11263e+08	2.41929e+08	2.0884e+08	2.44214e+08	1.94069e+08	1.86458e+08	2.16229e+08	2.13981e+08	2.15895e+08	1.87174e+08
