	ERR617522	ERR617518	ERR617517	ERR617521	ERR617519	ERR617520	ERR614130	ERR614129	ERR614131	ERR614134	ERR614133	ERR614132	ERR613176	ERR613175	ERR613177	ERR613174	ERR613178	ERR613173	ERR636777	ERR636779	ERR636780	ERR636778	ERR636775	ERR636776	ERR621996	ERR621991	ERR621992	ERR621994	ERR621995	ERR621993	ERR605656	ERR605653	ERR605658	ERR605654	ERR605657	ERR605655	ERR608691	ERR608690	ERR608692	ERR608694	ERR608693	ERR608689	ERR626848	ERR626846	ERR626843	ERR626847	ERR626844	ERR626845	ERR616222	ERR616226	ERR616223	ERR616225	ERR616227	ERR616224	ERR629794	ERR629797	ERR629798	ERR629795	ERR629796	ERR629799	ERR622045	ERR622047	ERR622046	ERR622049	ERR622050	ERR622048	ERR616786	ERR616781	ERR616782	ERR616783	ERR616785	ERR616784	ERR607875	ERR607880	ERR607876	ERR607877	ERR607879	ERR607878	ERR638318	ERR638316	ERR638319	ERR638315	ERR638320	ERR638317	ERR613697	ERR613698	ERR613699	ERR613696	ERR613695	ERR613700	ERR616633	ERR616629	ERR616631	ERR616628	ERR616630	ERR616632
ERR617522	3.55748e+08	2.51888e+08	2.44015e+08	2.26739e+08	2.52321e+08	2.1482e+08	1.43561e+08	1.02819e+08	1.5909e+08	1.51254e+08	1.49637e+08	1.51344e+08	1.48331e+08	2.09602e+08	1.55832e+08	2.25745e+08	1.55502e+08	2.42641e+08	2.11448e+08	2.14843e+08	2.19807e+08	2.21515e+08	1.93352e+08	2.10751e+08	2.18239e+08	2.64403e+08	2.39337e+08	2.3888e+08	2.21471e+08	2.37848e+08	1.82599e+08	2.12778e+08	1.85609e+08	1.94913e+08	1.88505e+08	1.90411e+08	2.01908e+08	1.82777e+08	2.05171e+08	1.87345e+08	2.09418e+08	1.48873e+08	2.27634e+08	1.58997e+08	2.22604e+08	1.56699e+08	1.99628e+08	2.02902e+08	1.75295e+08	2.15907e+08	1.92922e+08	2.16291e+08	2.23421e+08	1.66162e+08	2.04898e+08	2.2247e+08	2.2147e+08	1.7074e+08	1.70743e+08	2.24713e+08	1.38735e+08	1.23779e+08	1.24687e+08	1.51297e+08	1.5662e+08	1.52267e+08	1.69194e+08	1.77029e+08	1.84828e+08	1.9518e+08	1.6777e+08	1.69957e+08	1.30394e+08	1.53106e+08	1.34157e+08	1.30452e+08	1.50835e+08	1.51561e+08	2.00949e+08	1.58465e+08	2.04591e+08	1.88862e+08	2.04995e+08	1.62238e+08	1.73697e+08	1.66194e+08	1.64403e+08	1.8348e+08	1.88915e+08	1.28916e+08	1.99026e+08	1.65882e+08	1.99393e+08	1.61157e+08	1.50849e+08	1.99015e+08
ERR617518	2.51888e+08	4.04529e+08	2.63886e+08	2.43847e+08	2.73208e+08	2.30857e+08	1.53978e+08	1.09976e+08	1.70905e+08	1.62501e+08	1.60604e+08	1.62571e+08	1.59484e+08	2.25762e+08	1.67745e+08	2.4299e+08	1.6731e+08	2.61798e+08	2.27309e+08	2.30791e+08	2.36239e+08	2.38167e+08	2.07865e+08	2.26611e+08	2.35186e+08	2.85217e+08	2.57928e+08	2.57577e+08	2.38698e+08	2.56344e+08	1.96724e+08	2.2935e+08	1.99748e+08	2.09854e+08	2.02636e+08	2.05213e+08	2.17468e+08	1.96705e+08	2.21025e+08	2.01714e+08	2.2565e+08	1.59794e+08	2.4549e+08	1.7149e+08	2.4025e+08	1.69112e+08	2.15215e+08	2.18864e+08	1.90426e+08	2.34518e+08	2.09695e+08	2.35037e+08	2.42702e+08	1.80924e+08	2.21234e+08	2.40022e+08	2.39042e+08	1.84193e+08	1.84303e+08	2.42219e+08	1.50161e+08	1.33854e+08	1.34829e+08	1.63798e+08	1.69609e+08	1.64878e+08	1.82017e+08	1.90413e+08	1.99041e+08	2.10361e+08	1.8049e+08	1.82711e+08	1.40855e+08	1.65784e+08	1.44971e+08	1.41137e+08	1.63214e+08	1.64012e+08	2.1634e+08	1.70264e+08	2.20327e+08	2.03301e+08	2.20786e+08	1.74562e+08	1.86927e+08	1.79203e+08	1.77385e+08	1.97497e+08	2.03595e+08	1.38916e+08	2.1489e+08	1.79098e+08	2.15149e+08	1.73974e+08	1.62889e+08	2.14655e+08
ERR617517	2.44015e+08	2.63886e+08	3.8606e+08	2.35744e+08	2.64502e+08	2.23282e+08	1.50139e+08	1.07713e+08	1.66361e+08	1.58266e+08	1.56626e+08	1.58524e+08	1.55316e+08	2.19476e+08	1.63189e+08	2.36201e+08	1.62649e+08	2.53856e+08	2.21766e+08	2.25257e+08	2.30486e+08	2.32178e+08	2.02663e+08	2.20658e+08	2.28202e+08	2.76738e+08	2.50493e+08	2.4983e+08	2.3178e+08	2.48904e+08	1.9083e+08	2.22444e+08	1.94495e+08	2.03787e+08	1.97415e+08	1.99158e+08	2.11206e+08	1.91116e+08	2.14395e+08	1.9602e+08	2.18971e+08	1.5595e+08	2.38003e+08	1.6578e+08	2.32587e+08	1.63464e+08	2.08502e+08	2.11965e+08	1.83114e+08	2.25676e+08	2.01381e+08	2.25872e+08	2.33367e+08	1.733e+08	2.15093e+08	2.33386e+08	2.32268e+08	1.79337e+08	1.79332e+08	2.35728e+08	1.45255e+08	1.29438e+08	1.3061e+08	1.58454e+08	1.63871e+08	1.59481e+08	1.78064e+08	1.86344e+08	1.93984e+08	2.04938e+08	1.76656e+08	1.78848e+08	1.36383e+08	1.60179e+08	1.40272e+08	1.36545e+08	1.57778e+08	1.58407e+08	2.1032e+08	1.65826e+08	2.14046e+08	1.97587e+08	2.14611e+08	1.69854e+08	1.82456e+08	1.74293e+08	1.72515e+08	1.92759e+08	1.98413e+08	1.35366e+08	2.08937e+08	1.73834e+08	2.09293e+08	1.68983e+08	1.58123e+08	2.08824e+08
ERR617521	2.26739e+08	2.43847e+08	2.35744e+08	3.37085e+08	2.44254e+08	2.08139e+08	1.38303e+08	9.88723e+07	1.53566e+08	1.45814e+08	1.44293e+08	1.46098e+08	1.43162e+08	2.02498e+08	1.5051e+08	2.18077e+08	1.50204e+08	2.34812e+08	2.03878e+08	2.07029e+08	2.11952e+08	2.13511e+08	1.86393e+08	2.03201e+08	2.10898e+08	2.55657e+08	2.31342e+08	2.31071e+08	2.14149e+08	2.29917e+08	1.76459e+08	2.0557e+08	1.78685e+08	1.88094e+08	1.81461e+08	1.83784e+08	1.95202e+08	1.76495e+08	1.98234e+08	1.80916e+08	2.02379e+08	1.43435e+08	2.20476e+08	1.54165e+08	2.15486e+08	1.52e+08	1.93095e+08	1.96408e+08	1.70748e+08	2.10029e+08	1.87993e+08	2.10503e+08	2.174e+08	1.62136e+08	1.98123e+08	2.15074e+08	2.13975e+08	1.64913e+08	1.64969e+08	2.17137e+08	1.34418e+08	1.19845e+08	1.20809e+08	1.46636e+08	1.51758e+08	1.47624e+08	1.62823e+08	1.7048e+08	1.78188e+08	1.88297e+08	1.61534e+08	1.63412e+08	1.26213e+08	1.4851e+08	1.29865e+08	1.2636e+08	1.46333e+08	1.46947e+08	1.94169e+08	1.52867e+08	1.97641e+08	1.82335e+08	1.98072e+08	1.56838e+08	1.67356e+08	1.60527e+08	1.58896e+08	1.76821e+08	1.82339e+08	1.24418e+08	1.92387e+08	1.60493e+08	1.92676e+08	1.55905e+08	1.45963e+08	1.92233e+08
ERR617519	2.52321e+08	2.73208e+08	2.64502e+08	2.44254e+08	4.07425e+08	2.3128e+08	1.54522e+08	1.10308e+08	1.71477e+08	1.62911e+08	1.61183e+08	1.63079e+08	1.60007e+08	2.2665e+08	1.68308e+08	2.44066e+08	1.67826e+08	2.62709e+08	2.28139e+08	2.31517e+08	2.36955e+08	2.38751e+08	2.08568e+08	2.27277e+08	2.35685e+08	2.8597e+08	2.58583e+08	2.58227e+08	2.39257e+08	2.57033e+08	1.97428e+08	2.30107e+08	2.0047e+08	2.10546e+08	2.0322e+08	2.05712e+08	2.17898e+08	1.97157e+08	2.21467e+08	2.0222e+08	2.26173e+08	1.60241e+08	2.46565e+08	1.72239e+08	2.41011e+08	1.69644e+08	2.15951e+08	2.19566e+08	1.90874e+08	2.35015e+08	2.10028e+08	2.35533e+08	2.43254e+08	1.81234e+08	2.21785e+08	2.40686e+08	2.39599e+08	1.8475e+08	1.84739e+08	2.43008e+08	1.50635e+08	1.34346e+08	1.35405e+08	1.64283e+08	1.70113e+08	1.65423e+08	1.82602e+08	1.90948e+08	1.99776e+08	2.10907e+08	1.81061e+08	1.83308e+08	1.41288e+08	1.66191e+08	1.4544e+08	1.41482e+08	1.63738e+08	1.64426e+08	2.172e+08	1.7087e+08	2.2099e+08	2.04057e+08	2.21428e+08	1.75153e+08	1.87522e+08	1.79942e+08	1.78041e+08	1.98222e+08	2.04366e+08	1.39461e+08	2.15544e+08	1.7963e+08	2.15781e+08	1.74437e+08	1.63481e+08	2.1533e+08
ERR617520	2.1482e+08	2.30857e+08	2.23282e+08	2.08139e+08	2.3128e+08	3.08356e+08	1.31202e+08	9.37129e+07	1.45569e+08	1.38111e+08	1.36697e+08	1.38419e+08	1.35424e+08	1.91649e+08	1.4256e+08	2.06458e+08	1.42157e+08	2.22268e+08	1.93084e+08	1.96094e+08	2.00651e+08	2.02166e+08	1.76727e+08	1.92594e+08	1.99707e+08	2.4188e+08	2.1877e+08	2.18769e+08	2.02742e+08	2.17506e+08	1.66912e+08	1.94503e+08	1.69224e+08	1.77929e+08	1.71643e+08	1.73923e+08	1.84639e+08	1.67166e+08	1.87692e+08	1.71238e+08	1.9157e+08	1.3585e+08	2.08891e+08	1.46361e+08	2.04343e+08	1.44163e+08	1.83167e+08	1.86212e+08	1.61448e+08	1.9846e+08	1.77612e+08	1.98825e+08	2.05531e+08	1.53424e+08	1.8712e+08	2.03041e+08	2.02074e+08	1.55857e+08	1.55944e+08	2.05006e+08	1.27113e+08	1.1331e+08	1.14207e+08	1.38675e+08	1.43434e+08	1.3955e+08	1.53792e+08	1.61077e+08	1.68317e+08	1.779e+08	1.52572e+08	1.54508e+08	1.19213e+08	1.40177e+08	1.22685e+08	1.19339e+08	1.3808e+08	1.38724e+08	1.83804e+08	1.44786e+08	1.87149e+08	1.72721e+08	1.87496e+08	1.48528e+08	1.57968e+08	1.51595e+08	1.49992e+08	1.66918e+08	1.72199e+08	1.17547e+08	1.81913e+08	1.51753e+08	1.82206e+08	1.47313e+08	1.38034e+08	1.8181e+08
ERR614130	1.43561e+08	1.53978e+08	1.50139e+08	1.38303e+08	1.54522e+08	1.31202e+08	1.50835e+09	1.04607e+09	1.50775e+09	1.45068e+09	1.44096e+09	1.4512e+09	1.11185e+08	1.55974e+08	1.1657e+08	1.6752e+08	1.16184e+08	1.79524e+08	1.7598e+08	1.78462e+08	1.82616e+08	1.83946e+08	1.61181e+08	1.74885e+08	1.6611e+08	2.00229e+08	1.8195e+08	1.81404e+08	1.68727e+08	1.80897e+08	1.31176e+08	1.52812e+08	1.33883e+08	1.40165e+08	1.35998e+08	1.37266e+08	1.46502e+08	1.33142e+08	1.48547e+08	1.36226e+08	1.51672e+08	1.09474e+08	1.63091e+08	1.13538e+08	1.59672e+08	1.12179e+08	1.4345e+08	1.45646e+08	1.1409e+08	1.41151e+08	1.25399e+08	1.41048e+08	1.45873e+08	1.07515e+08	1.44995e+08	1.57026e+08	1.5661e+08	1.21046e+08	1.20881e+08	1.5875e+08	9.35404e+07	8.34195e+07	8.42253e+07	1.02184e+08	1.05674e+08	1.02751e+08	1.19969e+08	1.25622e+08	1.30269e+08	1.37279e+08	1.18951e+08	1.20521e+08	8.61781e+07	1.01171e+08	8.86065e+07	8.62294e+07	9.96191e+07	9.99132e+07	1.46412e+08	1.16472e+08	1.49258e+08	1.38168e+08	1.4918e+08	1.19153e+08	1.23027e+08	1.16933e+08	1.15777e+08	1.29837e+08	1.33389e+08	9.11281e+07	1.42466e+08	1.18155e+08	1.42658e+08	1.14814e+08	1.07308e+08	1.42298e+08
ERR614129	1.02819e+08	1.09976e+08	1.07713e+08	9.88723e+07	1.10308e+08	9.37129e+07	1.04607e+09	8.89281e+08	1.12354e+09	1.08613e+09	1.0794e+09	1.08578e+09	8.04834e+07	1.12009e+08	8.42054e+07	1.20121e+08	8.38884e+07	1.28176e+08	1.27522e+08	1.295e+08	1.32388e+08	1.33358e+08	1.17009e+08	1.26479e+08	1.19759e+08	1.43814e+08	1.30899e+08	1.30401e+08	1.21534e+08	1.30354e+08	9.40618e+07	1.09492e+08	9.66315e+07	1.00704e+08	9.82071e+07	9.86584e+07	1.05597e+08	9.62366e+07	1.06882e+08	9.846e+07	1.09161e+08	7.99126e+07	1.16115e+08	8.07828e+07	1.13657e+08	7.97871e+07	1.02433e+08	1.03858e+08	7.9353e+07	9.84916e+07	8.71986e+07	9.82569e+07	1.01677e+08	7.44823e+07	1.02909e+08	1.11605e+08	1.11238e+08	8.60868e+07	8.60039e+07	1.12813e+08	6.56353e+07	5.86274e+07	5.90721e+07	7.16471e+07	7.41677e+07	7.19827e+07	8.59558e+07	8.98813e+07	9.28885e+07	9.77707e+07	8.52367e+07	8.64515e+07	6.07186e+07	7.10218e+07	6.24213e+07	6.05918e+07	6.99836e+07	7.02042e+07	1.0535e+08	8.44175e+07	1.07455e+08	9.96425e+07	1.07188e+08	8.60763e+07	8.78907e+07	8.30178e+07	8.22139e+07	9.26304e+07	9.4907e+07	6.4989e+07	1.01241e+08	8.39073e+07	1.01464e+08	8.16955e+07	7.61332e+07	1.01309e+08
ERR614131	1.5909e+08	1.70905e+08	1.66361e+08	1.53566e+08	1.71477e+08	1.45569e+08	1.50775e+09	1.12354e+09	1.76766e+09	1.57291e+09	1.56181e+09	1.57399e+09	1.22844e+08	1.72842e+08	1.28956e+08	1.85835e+08	1.28518e+08	1.99305e+08	1.94429e+08	1.97248e+08	2.01959e+08	2.03372e+08	1.78119e+08	1.93583e+08	1.84297e+08	2.22318e+08	2.01819e+08	2.01411e+08	1.87162e+08	2.00664e+08	1.45697e+08	1.69702e+08	1.4831e+08	1.55519e+08	1.50592e+08	1.52271e+08	1.62407e+08	1.47388e+08	1.64882e+08	1.50903e+08	1.68192e+08	1.20816e+08	1.81614e+08	1.26439e+08	1.77829e+08	1.2492e+08	1.59662e+08	1.6212e+08	1.27901e+08	1.58037e+08	1.40753e+08	1.57957e+08	1.63294e+08	1.20754e+08	1.61312e+08	1.74775e+08	1.74312e+08	1.34516e+08	1.344e+08	1.76608e+08	1.04564e+08	9.30997e+07	9.39696e+07	1.14075e+08	1.1801e+08	1.14708e+08	1.32972e+08	1.39321e+08	1.44781e+08	1.52621e+08	1.31839e+08	1.33702e+08	9.62416e+07	1.13157e+08	9.89803e+07	9.63321e+07	1.11513e+08	1.1174e+08	1.62164e+08	1.28641e+08	1.65304e+08	1.529e+08	1.65336e+08	1.3179e+08	1.36767e+08	1.30323e+08	1.2888e+08	1.44244e+08	1.48388e+08	1.01331e+08	1.58401e+08	1.31474e+08	1.58594e+08	1.27741e+08	1.19436e+08	1.58272e+08
ERR614134	1.51254e+08	1.62501e+08	1.58266e+08	1.45814e+08	1.62911e+08	1.38111e+08	1.45068e+09	1.08613e+09	1.57291e+09	1.63751e+09	1.50472e+09	1.5149e+09	1.16974e+08	1.64468e+08	1.22726e+08	1.7662e+08	1.22444e+08	1.89133e+08	1.85191e+08	1.87845e+08	1.9235e+08	1.93689e+08	1.69696e+08	1.84262e+08	1.75292e+08	2.11455e+08	1.91977e+08	1.91448e+08	1.78e+08	1.90875e+08	1.3833e+08	1.61336e+08	1.41373e+08	1.48037e+08	1.43569e+08	1.44718e+08	1.54427e+08	1.40211e+08	1.56587e+08	1.43528e+08	1.59824e+08	1.15176e+08	1.72249e+08	1.19739e+08	1.68626e+08	1.18297e+08	1.5148e+08	1.53671e+08	1.208e+08	1.49374e+08	1.32916e+08	1.49311e+08	1.54384e+08	1.13852e+08	1.53377e+08	1.66112e+08	1.65676e+08	1.27918e+08	1.27839e+08	1.6783e+08	9.90333e+07	8.82247e+07	8.91126e+07	1.0806e+08	1.11836e+08	1.08694e+08	1.26864e+08	1.32766e+08	1.37874e+08	1.45289e+08	1.25807e+08	1.27498e+08	9.12185e+07	1.07101e+08	9.38313e+07	9.12956e+07	1.05577e+08	1.05767e+08	1.54203e+08	1.2246e+08	1.57143e+08	1.45471e+08	1.57125e+08	1.25335e+08	1.3011e+08	1.23757e+08	1.22453e+08	1.37249e+08	1.41196e+08	9.64764e+07	1.50525e+08	1.24921e+08	1.50688e+08	1.21407e+08	1.13438e+08	1.50539e+08
ERR614133	1.49637e+08	1.60604e+08	1.56626e+08	1.44293e+08	1.61183e+08	1.36697e+08	1.44096e+09	1.0794e+09	1.56181e+09	1.50472e+09	1.61582e+09	1.50444e+09	1.15676e+08	1.62546e+08	1.2139e+08	1.74719e+08	1.21072e+08	1.87041e+08	1.83372e+08	1.8602e+08	1.90413e+08	1.9179e+08	1.67842e+08	1.8234e+08	1.73377e+08	2.09302e+08	1.89984e+08	1.89372e+08	1.76125e+08	1.88828e+08	1.37004e+08	1.59652e+08	1.39909e+08	1.46564e+08	1.42122e+08	1.43302e+08	1.52696e+08	1.3868e+08	1.54824e+08	1.41894e+08	1.57983e+08	1.13976e+08	1.70429e+08	1.18553e+08	1.66835e+08	1.17084e+08	1.50019e+08	1.52141e+08	1.19511e+08	1.4791e+08	1.31496e+08	1.47747e+08	1.52742e+08	1.12757e+08	1.51529e+08	1.64286e+08	1.63742e+08	1.2661e+08	1.26374e+08	1.66014e+08	9.80603e+07	8.73487e+07	8.81927e+07	1.07004e+08	1.10575e+08	1.07542e+08	1.25466e+08	1.31236e+08	1.362e+08	1.43586e+08	1.24359e+08	1.2599e+08	9.01952e+07	1.06037e+08	9.28018e+07	9.02802e+07	1.04398e+08	1.04706e+08	1.5241e+08	1.21244e+08	1.55374e+08	1.43768e+08	1.55444e+08	1.23988e+08	1.28679e+08	1.22294e+08	1.21098e+08	1.35606e+08	1.39492e+08	9.53074e+07	1.4882e+08	1.23468e+08	1.49076e+08	1.19949e+08	1.11978e+08	1.48796e+08
ERR614132	1.51344e+08	1.62571e+08	1.58524e+08	1.46098e+08	1.63079e+08	1.38419e+08	1.4512e+09	1.08578e+09	1.57399e+09	1.5149e+09	1.50444e+09	1.63816e+09	1.16953e+08	1.64346e+08	1.22624e+08	1.76608e+08	1.22363e+08	1.89286e+08	1.85575e+08	1.88239e+08	1.92699e+08	1.94015e+08	1.69979e+08	1.84535e+08	1.75313e+08	2.11412e+08	1.91868e+08	1.91415e+08	1.77915e+08	1.90825e+08	1.38224e+08	1.60967e+08	1.41022e+08	1.47701e+08	1.43169e+08	1.44659e+08	1.54499e+08	1.40337e+08	1.56764e+08	1.43667e+08	1.6006e+08	1.15272e+08	1.72573e+08	1.20225e+08	1.68915e+08	1.18633e+08	1.51812e+08	1.54034e+08	1.20767e+08	1.49338e+08	1.32924e+08	1.49189e+08	1.54258e+08	1.13958e+08	1.52774e+08	1.65406e+08	1.64883e+08	1.27372e+08	1.27359e+08	1.67245e+08	9.87927e+07	8.79946e+07	8.88167e+07	1.07845e+08	1.11574e+08	1.08438e+08	1.26128e+08	1.32048e+08	1.37045e+08	1.44456e+08	1.25004e+08	1.26592e+08	9.09237e+07	1.06943e+08	9.3575e+07	9.10368e+07	1.05341e+08	1.05532e+08	1.54332e+08	1.22639e+08	1.57371e+08	1.45631e+08	1.57453e+08	1.25584e+08	1.29595e+08	1.23173e+08	1.21983e+08	1.36617e+08	1.40513e+08	9.59754e+07	1.50049e+08	1.24558e+08	1.5013e+08	1.20978e+08	1.13003e+08	1.4989e+08
ERR613176	1.48331e+08	1.59484e+08	1.55316e+08	1.43162e+08	1.60007e+08	1.35424e+08	1.11185e+08	8.04834e+07	1.22844e+08	1.16974e+08	1.15676e+08	1.16953e+08	2.43814e+08	2.0549e+08	1.57949e+08	2.1929e+08	1.56983e+08	2.3388e+08	1.63435e+08	1.65749e+08	1.69919e+08	1.71066e+08	1.49356e+08	1.62586e+08	1.74187e+08	2.10409e+08	1.90902e+08	1.90446e+08	1.77004e+08	1.89799e+08	1.63304e+08	1.87189e+08	1.6644e+08	1.73335e+08	1.6872e+08	1.69902e+08	1.6311e+08	1.48096e+08	1.65325e+08	1.51623e+08	1.68804e+08	1.21617e+08	1.81614e+08	1.26056e+08	1.778e+08	1.24211e+08	1.60297e+08	1.6154e+08	1.22227e+08	1.51169e+08	1.34517e+08	1.51098e+08	1.56319e+08	1.153e+08	1.52801e+08	1.65452e+08	1.64948e+08	1.2737e+08	1.27305e+08	1.67254e+08	1.22642e+08	1.11528e+08	1.12329e+08	1.32206e+08	1.36133e+08	1.32822e+08	1.27361e+08	1.33218e+08	1.38465e+08	1.45861e+08	1.2625e+08	1.27886e+08	9.2661e+07	1.08754e+08	9.52848e+07	9.2759e+07	1.07163e+08	1.07414e+08	1.57683e+08	1.24758e+08	1.6058e+08	1.48581e+08	1.60642e+08	1.27766e+08	1.54852e+08	1.48351e+08	1.47083e+08	1.62251e+08	1.6627e+08	1.19865e+08	1.51665e+08	1.25853e+08	1.5172e+08	1.22394e+08	1.14322e+08	1.51628e+08
ERR613175	2.09602e+08	2.25762e+08	2.19476e+08	2.02498e+08	2.2665e+08	1.91649e+08	1.55974e+08	1.12009e+08	1.72842e+08	1.64468e+08	1.62546e+08	1.64346e+08	2.0549e+08	4.18291e+08	2.15624e+08	3.05047e+08	2.14386e+08	3.26289e+08	2.30455e+08	2.33626e+08	2.39427e+08	2.41196e+08	2.1043e+08	2.29616e+08	2.46389e+08	2.98406e+08	2.70247e+08	2.69773e+08	2.50299e+08	2.6866e+08	2.246e+08	2.58604e+08	2.28556e+08	2.38755e+08	2.31508e+08	2.33835e+08	2.29852e+08	2.08335e+08	2.32946e+08	2.13148e+08	2.37911e+08	1.6985e+08	2.54297e+08	1.76356e+08	2.48928e+08	1.73688e+08	2.2393e+08	2.2611e+08	1.76084e+08	2.17832e+08	1.93794e+08	2.17499e+08	2.24974e+08	1.66203e+08	2.1856e+08	2.36644e+08	2.35727e+08	1.81894e+08	1.81797e+08	2.39106e+08	1.69632e+08	1.53351e+08	1.54446e+08	1.83187e+08	1.88756e+08	1.83954e+08	1.81416e+08	1.89941e+08	1.97739e+08	2.08381e+08	1.79852e+08	1.82213e+08	1.32903e+08	1.56338e+08	1.36778e+08	1.33225e+08	1.54097e+08	1.54344e+08	2.22278e+08	1.7494e+08	2.26416e+08	2.09195e+08	2.26676e+08	1.79535e+08	2.14072e+08	2.0527e+08	2.03197e+08	2.2475e+08	2.30931e+08	1.6429e+08	2.1656e+08	1.79727e+08	2.16621e+08	1.74649e+08	1.63312e+08	2.16332e+08
ERR613177	1.55832e+08	1.67745e+08	1.63189e+08	1.5051e+08	1.68308e+08	1.4256e+08	1.1657e+08	8.42054e+07	1.28956e+08	1.22726e+08	1.2139e+08	1.22624e+08	1.57949e+08	2.15624e+08	2.63801e+08	2.30347e+08	1.64554e+08	2.45646e+08	1.71544e+08	1.74091e+08	1.78445e+08	1.7958e+08	1.56901e+08	1.70922e+08	1.83327e+08	2.21471e+08	2.00821e+08	2.00377e+08	1.8624e+08	1.99602e+08	1.71312e+08	1.9659e+08	1.74499e+08	1.81986e+08	1.76783e+08	1.78252e+08	1.71216e+08	1.55293e+08	1.73556e+08	1.59037e+08	1.77236e+08	1.27096e+08	1.91263e+08	1.329e+08	1.87305e+08	1.30767e+08	1.68825e+08	1.70192e+08	1.29565e+08	1.6039e+08	1.42728e+08	1.60262e+08	1.65733e+08	1.22419e+08	1.6111e+08	1.74535e+08	1.73988e+08	1.34262e+08	1.34287e+08	1.76374e+08	1.29377e+08	1.17492e+08	1.18227e+08	1.39421e+08	1.43557e+08	1.40056e+08	1.33998e+08	1.4029e+08	1.45918e+08	1.53728e+08	1.32861e+08	1.34659e+08	9.80375e+07	1.1533e+08	1.00837e+08	9.82058e+07	1.13565e+08	1.1381e+08	1.65459e+08	1.30648e+08	1.6851e+08	1.55834e+08	1.68725e+08	1.33932e+08	1.62492e+08	1.55826e+08	1.54449e+08	1.70279e+08	1.74678e+08	1.258e+08	1.59708e+08	1.32719e+08	1.59891e+08	1.28936e+08	1.20538e+08	1.59803e+08
ERR613174	2.25745e+08	2.4299e+08	2.36201e+08	2.18077e+08	2.44066e+08	2.06458e+08	1.6752e+08	1.20121e+08	1.85835e+08	1.7662e+08	1.74719e+08	1.76608e+08	2.1929e+08	3.05047e+08	2.30347e+08	4.70762e+08	2.29084e+08	3.4975e+08	2.4798e+08	2.51383e+08	2.57667e+08	2.59585e+08	2.26365e+08	2.47091e+08	2.65075e+08	3.21426e+08	2.90868e+08	2.90423e+08	2.69372e+08	2.88983e+08	2.40046e+08	2.76855e+08	2.44092e+08	2.55216e+08	2.47376e+08	2.49959e+08	2.47368e+08	2.23971e+08	2.50818e+08	2.29405e+08	2.5623e+08	1.82571e+08	2.73177e+08	1.89441e+08	2.67484e+08	1.86722e+08	2.4053e+08	2.43005e+08	1.90312e+08	2.35331e+08	2.09492e+08	2.35095e+08	2.42981e+08	1.79918e+08	2.35468e+08	2.54901e+08	2.541e+08	1.95768e+08	1.95887e+08	2.57507e+08	1.81333e+08	1.6377e+08	1.65072e+08	1.96034e+08	2.02048e+08	1.97071e+08	1.95121e+08	2.04244e+08	2.12778e+08	2.2438e+08	1.93348e+08	1.95894e+08	1.43496e+08	1.68958e+08	1.47659e+08	1.43779e+08	1.66495e+08	1.66868e+08	2.391e+08	1.88125e+08	2.43664e+08	2.24928e+08	2.43868e+08	1.93069e+08	2.28878e+08	2.19436e+08	2.17365e+08	2.40153e+08	2.46973e+08	1.75203e+08	2.33057e+08	1.93572e+08	2.33211e+08	1.88079e+08	1.75906e+08	2.33e+08
ERR613178	1.55502e+08	1.6731e+08	1.62649e+08	1.50204e+08	1.67826e+08	1.42157e+08	1.16184e+08	8.38884e+07	1.28518e+08	1.22444e+08	1.21072e+08	1.22363e+08	1.56983e+08	2.14386e+08	1.64554e+08	2.29084e+08	2.61468e+08	2.44605e+08	1.71007e+08	1.73507e+08	1.77769e+08	1.79069e+08	1.56433e+08	1.70321e+08	1.82703e+08	2.2078e+08	2.00406e+08	1.99949e+08	1.85678e+08	1.99093e+08	1.70456e+08	1.95614e+08	1.73453e+08	1.80935e+08	1.75834e+08	1.77244e+08	1.70793e+08	1.54917e+08	1.73081e+08	1.58562e+08	1.76695e+08	1.26781e+08	1.90287e+08	1.3219e+08	1.8628e+08	1.3018e+08	1.67865e+08	1.69429e+08	1.29171e+08	1.59848e+08	1.42208e+08	1.59692e+08	1.65118e+08	1.22029e+08	1.60733e+08	1.74042e+08	1.735e+08	1.33851e+08	1.33795e+08	1.75845e+08	1.28522e+08	1.16667e+08	1.17445e+08	1.38517e+08	1.42683e+08	1.39087e+08	1.3361e+08	1.39852e+08	1.45511e+08	1.53287e+08	1.32519e+08	1.34192e+08	9.7655e+07	1.1484e+08	1.00507e+08	9.77148e+07	1.13144e+08	1.13311e+08	1.65053e+08	1.30415e+08	1.68136e+08	1.55413e+08	1.68338e+08	1.3363e+08	1.6162e+08	1.55002e+08	1.53618e+08	1.69386e+08	1.73788e+08	1.24954e+08	1.59316e+08	1.32367e+08	1.59505e+08	1.28564e+08	1.20263e+08	1.59173e+08
ERR613173	2.42641e+08	2.61798e+08	2.53856e+08	2.34812e+08	2.62709e+08	2.22268e+08	1.79524e+08	1.28176e+08	1.99305e+08	1.89133e+08	1.87041e+08	1.89286e+08	2.3388e+08	3.26289e+08	2.45646e+08	3.4975e+08	2.44605e+08	5.30385e+08	2.65757e+08	2.6947e+08	2.76298e+08	2.78221e+08	2.42622e+08	2.65286e+08	2.84905e+08	3.45432e+08	3.12407e+08	3.12187e+08	2.89534e+08	3.10525e+08	2.56951e+08	2.96319e+08	2.6053e+08	2.73053e+08	2.63991e+08	2.67271e+08	2.65526e+08	2.40197e+08	2.69462e+08	2.45905e+08	2.75121e+08	1.95052e+08	2.93744e+08	2.03909e+08	2.87605e+08	2.00752e+08	2.58248e+08	2.61124e+08	2.06512e+08	2.55053e+08	2.27593e+08	2.54987e+08	2.63668e+08	1.95562e+08	2.53373e+08	2.74273e+08	2.73339e+08	2.10553e+08	2.10655e+08	2.7688e+08	1.94853e+08	1.75755e+08	1.77034e+08	2.1071e+08	2.17332e+08	2.11747e+08	2.08925e+08	2.19087e+08	2.28661e+08	2.41176e+08	2.07163e+08	2.09954e+08	1.54974e+08	1.82835e+08	1.59596e+08	1.55418e+08	1.80156e+08	1.80423e+08	2.5672e+08	2.0152e+08	2.61502e+08	2.4146e+08	2.61872e+08	2.07175e+08	2.44172e+08	2.34654e+08	2.32422e+08	2.56404e+08	2.63917e+08	1.86826e+08	2.5067e+08	2.08361e+08	2.50696e+08	2.02345e+08	1.89453e+08	2.50457e+08
ERR636777	2.11448e+08	2.27309e+08	2.21766e+08	2.03878e+08	2.28139e+08	1.93084e+08	1.7598e+08	1.27522e+08	1.94429e+08	1.85191e+08	1.83372e+08	1.85575e+08	1.63435e+08	2.30455e+08	1.71544e+08	2.4798e+08	1.71007e+08	2.65757e+08	4.01573e+08	2.74306e+08	2.80892e+08	2.82966e+08	2.47562e+08	2.69449e+08	2.46462e+08	2.97922e+08	2.70194e+08	2.6957e+08	2.50234e+08	2.68728e+08	1.94077e+08	2.26388e+08	1.98473e+08	2.07677e+08	2.01621e+08	2.03209e+08	2.15831e+08	1.95831e+08	2.18832e+08	2.00389e+08	2.23437e+08	1.60455e+08	2.44473e+08	1.69311e+08	2.39216e+08	1.67265e+08	2.14869e+08	2.17926e+08	1.68363e+08	2.08546e+08	1.8524e+08	2.08292e+08	2.15441e+08	1.58603e+08	2.12105e+08	2.29898e+08	2.29169e+08	1.76847e+08	1.76723e+08	2.32464e+08	1.38606e+08	1.23407e+08	1.24686e+08	1.51277e+08	1.56625e+08	1.52074e+08	1.76263e+08	1.84605e+08	1.91381e+08	2.01735e+08	1.74797e+08	1.77127e+08	1.27295e+08	1.49588e+08	1.30951e+08	1.27405e+08	1.47406e+08	1.47691e+08	2.15277e+08	1.70443e+08	2.19525e+08	2.02894e+08	2.19716e+08	1.74368e+08	1.8149e+08	1.72426e+08	1.70722e+08	1.91371e+08	1.96749e+08	1.34236e+08	2.09632e+08	1.73799e+08	2.09733e+08	1.6878e+08	1.57687e+08	2.09542e+08
ERR636779	2.14843e+08	2.30791e+08	2.25257e+08	2.07029e+08	2.31517e+08	1.96094e+08	1.78462e+08	1.295e+08	1.97248e+08	1.87845e+08	1.8602e+08	1.88239e+08	1.65749e+08	2.33626e+08	1.74091e+08	2.51383e+08	1.73507e+08	2.6947e+08	2.74306e+08	4.11234e+08	2.86038e+08	2.88038e+08	2.5042e+08	2.72631e+08	2.50092e+08	3.023e+08	2.73967e+08	2.7339e+08	2.54075e+08	2.72626e+08	1.96579e+08	2.29494e+08	2.01198e+08	2.10435e+08	2.04281e+08	2.05822e+08	2.18974e+08	1.98771e+08	2.22067e+08	2.03439e+08	2.26867e+08	1.62975e+08	2.48084e+08	1.71588e+08	2.42797e+08	1.69505e+08	2.17918e+08	2.21089e+08	1.70627e+08	2.11402e+08	1.87813e+08	2.11206e+08	2.18439e+08	1.6072e+08	2.15304e+08	2.33345e+08	2.32711e+08	1.79546e+08	1.79429e+08	2.35951e+08	1.40608e+08	1.25188e+08	1.26525e+08	1.53558e+08	1.58834e+08	1.54405e+08	1.7915e+08	1.87449e+08	1.94412e+08	2.04811e+08	1.77577e+08	1.7982e+08	1.29203e+08	1.51698e+08	1.3283e+08	1.29244e+08	1.49575e+08	1.4986e+08	2.18486e+08	1.72891e+08	2.22675e+08	2.05932e+08	2.22929e+08	1.76789e+08	1.84386e+08	1.75039e+08	1.73311e+08	1.94388e+08	1.99877e+08	1.36285e+08	2.12903e+08	1.76437e+08	2.12919e+08	1.71529e+08	1.6011e+08	2.12753e+08
ERR636780	2.19807e+08	2.36239e+08	2.30486e+08	2.11952e+08	2.36955e+08	2.00651e+08	1.82616e+08	1.32388e+08	2.01959e+08	1.9235e+08	1.90413e+08	1.92699e+08	1.69919e+08	2.39427e+08	1.78445e+08	2.57667e+08	1.77769e+08	2.76298e+08	2.80892e+08	2.86038e+08	4.2833e+08	2.95049e+08	2.56491e+08	2.79112e+08	2.56139e+08	3.09802e+08	2.80733e+08	2.80254e+08	2.60114e+08	2.79403e+08	2.01527e+08	2.35354e+08	2.06154e+08	2.15605e+08	2.09445e+08	2.11019e+08	2.24514e+08	2.03578e+08	2.27721e+08	2.0847e+08	2.3244e+08	1.66871e+08	2.5431e+08	1.76107e+08	2.48813e+08	1.73862e+08	2.23428e+08	2.26781e+08	1.75301e+08	2.17175e+08	1.92909e+08	2.16801e+08	2.2432e+08	1.65204e+08	2.21157e+08	2.39452e+08	2.38715e+08	1.84132e+08	1.84112e+08	2.42089e+08	1.44399e+08	1.28569e+08	1.29889e+08	1.57685e+08	1.63159e+08	1.58448e+08	1.83587e+08	1.92307e+08	1.99333e+08	2.10061e+08	1.8199e+08	1.84368e+08	1.32576e+08	1.55859e+08	1.36392e+08	1.32671e+08	1.53481e+08	1.53879e+08	2.23743e+08	1.76913e+08	2.28156e+08	2.10896e+08	2.28265e+08	1.81011e+08	1.89107e+08	1.79619e+08	1.77769e+08	1.99323e+08	2.04939e+08	1.39874e+08	2.18181e+08	1.81051e+08	2.18384e+08	1.75888e+08	1.64249e+08	2.18259e+08
ERR636778	2.21515e+08	2.38167e+08	2.32178e+08	2.13511e+08	2.38751e+08	2.02166e+08	1.83946e+08	1.33358e+08	2.03372e+08	1.93689e+08	1.9179e+08	1.94015e+08	1.71066e+08	2.41196e+08	1.7958e+08	2.59585e+08	1.79069e+08	2.78221e+08	2.82966e+08	2.88038e+08	2.95049e+08	4.33571e+08	2.58423e+08	2.81146e+08	2.58043e+08	3.1199e+08	2.8285e+08	2.82284e+08	2.62022e+08	2.81367e+08	2.0286e+08	2.3684e+08	2.0763e+08	2.16997e+08	2.108e+08	2.124e+08	2.26044e+08	2.05019e+08	2.29227e+08	2.10014e+08	2.33978e+08	1.68085e+08	2.56031e+08	1.77178e+08	2.5053e+08	1.74955e+08	2.24802e+08	2.28171e+08	1.76395e+08	2.18435e+08	1.9403e+08	2.18204e+08	2.25552e+08	1.66121e+08	2.22577e+08	2.41039e+08	2.40384e+08	1.85458e+08	1.85304e+08	2.43762e+08	1.45243e+08	1.29213e+08	1.30612e+08	1.58442e+08	1.63968e+08	1.59372e+08	1.84799e+08	1.93672e+08	2.00856e+08	2.11677e+08	1.83318e+08	1.85688e+08	1.33446e+08	1.56721e+08	1.373e+08	1.33467e+08	1.54475e+08	1.54857e+08	2.25427e+08	1.78264e+08	2.29584e+08	2.12332e+08	2.29937e+08	1.82324e+08	1.90518e+08	1.80793e+08	1.7898e+08	2.00829e+08	2.06402e+08	1.40813e+08	2.19801e+08	1.82226e+08	2.19909e+08	1.77133e+08	1.65425e+08	2.19833e+08
ERR636775	1.93352e+08	2.07865e+08	2.02663e+08	1.86393e+08	2.08568e+08	1.76727e+08	1.61181e+08	1.17009e+08	1.78119e+08	1.69696e+08	1.67842e+08	1.69979e+08	1.49356e+08	2.1043e+08	1.56901e+08	2.26365e+08	1.56433e+08	2.42622e+08	2.47562e+08	2.5042e+08	2.56491e+08	2.58423e+08	3.44718e+08	2.4613e+08	2.25033e+08	2.71962e+08	2.46647e+08	2.46009e+08	2.28463e+08	2.45256e+08	1.77348e+08	2.06889e+08	1.81159e+08	1.8968e+08	1.83934e+08	1.85632e+08	1.97218e+08	1.79049e+08	1.99889e+08	1.83263e+08	2.04142e+08	1.46795e+08	2.22877e+08	1.54593e+08	2.1807e+08	1.52648e+08	1.95779e+08	1.98754e+08	1.5291e+08	1.89351e+08	1.68342e+08	1.89091e+08	1.95574e+08	1.43997e+08	1.92714e+08	2.08793e+08	2.08135e+08	1.60608e+08	1.60403e+08	2.11163e+08	1.25712e+08	1.1197e+08	1.13014e+08	1.3719e+08	1.42116e+08	1.38047e+08	1.59972e+08	1.67567e+08	1.73838e+08	1.83219e+08	1.58629e+08	1.60807e+08	1.15455e+08	1.35603e+08	1.18819e+08	1.15525e+08	1.33579e+08	1.34051e+08	1.96821e+08	1.56002e+08	2.00692e+08	1.85662e+08	2.00796e+08	1.59587e+08	1.6477e+08	1.56696e+08	1.55133e+08	1.73743e+08	1.78745e+08	1.22061e+08	1.90285e+08	1.57926e+08	1.90442e+08	1.53474e+08	1.43329e+08	1.90242e+08
ERR636776	2.10751e+08	2.26611e+08	2.20658e+08	2.03201e+08	2.27277e+08	1.92594e+08	1.74885e+08	1.26479e+08	1.93583e+08	1.84262e+08	1.8234e+08	1.84535e+08	1.62586e+08	2.29616e+08	1.70922e+08	2.47091e+08	1.70321e+08	2.65286e+08	2.69449e+08	2.72631e+08	2.79112e+08	2.81146e+08	2.4613e+08	3.97938e+08	2.4562e+08	2.96945e+08	2.69131e+08	2.68708e+08	2.49428e+08	2.67721e+08	1.93476e+08	2.25815e+08	1.9732e+08	2.06914e+08	2.00411e+08	2.02523e+08	2.15098e+08	1.95052e+08	2.18261e+08	1.99612e+08	2.22738e+08	1.5943e+08	2.44014e+08	1.69212e+08	2.38927e+08	1.67273e+08	2.1427e+08	2.17696e+08	1.6827e+08	2.0833e+08	1.85266e+08	2.08038e+08	2.15099e+08	1.58881e+08	2.10905e+08	2.28568e+08	2.27815e+08	1.75607e+08	1.75717e+08	2.3089e+08	1.38213e+08	1.23022e+08	1.24225e+08	1.50858e+08	1.56092e+08	1.51831e+08	1.74587e+08	1.8294e+08	1.90068e+08	2.00396e+08	1.73175e+08	1.75511e+08	1.26724e+08	1.49077e+08	1.30329e+08	1.26786e+08	1.46837e+08	1.47335e+08	2.14583e+08	1.69652e+08	2.18708e+08	2.02162e+08	2.18908e+08	1.7374e+08	1.80284e+08	1.71561e+08	1.69822e+08	1.90071e+08	1.95546e+08	1.33407e+08	2.08215e+08	1.72837e+08	2.08387e+08	1.67843e+08	1.56954e+08	2.08231e+08
ERR621996	2.18239e+08	2.35186e+08	2.28202e+08	2.10898e+08	2.35685e+08	1.99707e+08	1.6611e+08	1.19759e+08	1.84297e+08	1.75292e+08	1.73377e+08	1.75313e+08	1.74187e+08	2.46389e+08	1.83327e+08	2.65075e+08	1.82703e+08	2.84905e+08	2.46462e+08	2.50092e+08	2.56139e+08	2.58043e+08	2.25033e+08	2.4562e+08	4.29476e+08	3.5081e+08	3.17896e+08	3.18635e+08	2.95968e+08	3.16138e+08	2.03664e+08	2.3771e+08	2.07063e+08	2.17589e+08	2.10167e+08	2.12698e+08	2.37147e+08	2.14675e+08	2.40375e+08	2.19678e+08	2.45471e+08	1.74967e+08	2.5008e+08	1.73693e+08	2.44878e+08	1.71273e+08	2.19242e+08	2.22839e+08	2.01017e+08	2.47543e+08	2.21097e+08	2.4752e+08	2.55982e+08	1.90324e+08	2.44747e+08	2.64799e+08	2.63872e+08	2.04239e+08	2.04342e+08	2.67469e+08	1.70546e+08	1.5201e+08	1.53198e+08	1.85693e+08	1.92062e+08	1.86891e+08	2.04056e+08	2.13502e+08	2.22355e+08	2.34394e+08	2.02367e+08	2.04835e+08	1.51401e+08	1.77903e+08	1.55857e+08	1.51618e+08	1.75335e+08	1.75795e+08	2.20433e+08	1.7355e+08	2.24967e+08	2.07509e+08	2.25074e+08	1.77983e+08	2.15721e+08	2.06224e+08	2.04376e+08	2.27688e+08	2.34338e+08	1.60415e+08	2.39049e+08	1.99248e+08	2.39282e+08	1.93449e+08	1.81212e+08	2.38962e+08
ERR621991	2.64403e+08	2.85217e+08	2.76738e+08	2.55657e+08	2.8597e+08	2.4188e+08	2.00229e+08	1.43814e+08	2.22318e+08	2.11455e+08	2.09302e+08	2.11412e+08	2.10409e+08	2.98406e+08	2.21471e+08	3.21426e+08	2.2078e+08	3.45432e+08	2.97922e+08	3.023e+08	3.09802e+08	3.1199e+08	2.71962e+08	2.96945e+08	3.5081e+08	5.98669e+08	3.85499e+08	3.84236e+08	3.56559e+08	3.83324e+08	2.47027e+08	2.88635e+08	2.51178e+08	2.64099e+08	2.54839e+08	2.57908e+08	2.86795e+08	2.59354e+08	2.90719e+08	2.65429e+08	2.96839e+08	2.10559e+08	3.03927e+08	2.10755e+08	2.97688e+08	2.07818e+08	2.66553e+08	2.706e+08	2.45481e+08	3.02182e+08	2.69984e+08	3.02254e+08	3.12509e+08	2.32345e+08	2.97564e+08	3.2207e+08	3.20938e+08	2.48058e+08	2.48297e+08	3.25366e+08	2.0819e+08	1.85386e+08	1.86906e+08	2.26559e+08	2.34207e+08	2.27931e+08	2.47672e+08	2.5919e+08	2.70072e+08	2.84946e+08	2.45517e+08	2.48602e+08	1.85025e+08	2.17259e+08	1.90391e+08	1.85122e+08	2.14156e+08	2.14885e+08	2.66731e+08	2.09486e+08	2.72181e+08	2.51047e+08	2.72284e+08	2.15096e+08	2.62227e+08	2.50798e+08	2.48445e+08	2.76891e+08	2.85063e+08	1.94909e+08	2.90863e+08	2.41992e+08	2.9097e+08	2.35097e+08	2.20181e+08	2.90664e+08
ERR621992	2.39337e+08	2.57928e+08	2.50493e+08	2.31342e+08	2.58583e+08	2.1877e+08	1.8195e+08	1.30899e+08	2.01819e+08	1.91977e+08	1.89984e+08	1.91868e+08	1.90902e+08	2.70247e+08	2.00821e+08	2.90868e+08	2.00406e+08	3.12407e+08	2.70194e+08	2.73967e+08	2.80733e+08	2.8285e+08	2.46647e+08	2.69131e+08	3.17896e+08	3.85499e+08	5.02753e+08	3.47688e+08	3.22936e+08	3.47313e+08	2.23305e+08	2.60973e+08	2.27615e+08	2.39013e+08	2.30885e+08	2.33404e+08	2.59815e+08	2.35151e+08	2.63311e+08	2.40689e+08	2.68879e+08	1.91559e+08	2.74143e+08	1.90214e+08	2.68638e+08	1.87708e+08	2.40511e+08	2.44253e+08	2.20964e+08	2.71949e+08	2.42907e+08	2.7203e+08	2.81221e+08	2.08902e+08	2.69248e+08	2.91266e+08	2.90235e+08	2.2471e+08	2.2484e+08	2.94267e+08	1.8741e+08	1.67125e+08	1.68526e+08	2.04048e+08	2.1104e+08	2.05317e+08	2.24505e+08	2.34866e+08	2.44579e+08	2.57811e+08	2.22639e+08	2.25549e+08	1.66798e+08	1.95719e+08	1.71521e+08	1.66955e+08	1.92861e+08	1.93375e+08	2.41896e+08	1.90282e+08	2.46706e+08	2.27488e+08	2.46857e+08	1.95122e+08	2.37237e+08	2.26854e+08	2.24566e+08	2.50544e+08	2.57646e+08	1.76343e+08	2.63038e+08	2.18997e+08	2.63304e+08	2.12734e+08	1.99277e+08	2.62902e+08
ERR621994	2.3888e+08	2.57577e+08	2.4983e+08	2.31071e+08	2.58227e+08	2.18769e+08	1.81404e+08	1.30401e+08	2.01411e+08	1.91448e+08	1.89372e+08	1.91415e+08	1.90446e+08	2.69773e+08	2.00377e+08	2.90423e+08	1.99949e+08	3.12187e+08	2.6957e+08	2.7339e+08	2.80254e+08	2.82284e+08	2.46009e+08	2.68708e+08	3.18635e+08	3.84236e+08	3.47688e+08	5.00701e+08	3.23556e+08	3.46083e+08	2.23175e+08	2.60591e+08	2.26815e+08	2.38448e+08	2.30087e+08	2.33031e+08	2.59519e+08	2.34748e+08	2.63155e+08	2.40334e+08	2.68658e+08	1.90941e+08	2.74103e+08	1.90401e+08	2.68374e+08	1.87659e+08	2.4026e+08	2.44046e+08	2.21146e+08	2.71978e+08	2.42951e+08	2.7204e+08	2.81205e+08	2.09426e+08	2.68526e+08	2.90612e+08	2.89477e+08	2.23948e+08	2.2406e+08	2.93418e+08	1.87321e+08	1.67099e+08	1.68235e+08	2.04033e+08	2.10817e+08	2.05263e+08	2.23235e+08	2.33713e+08	2.43544e+08	2.56775e+08	2.21419e+08	2.24257e+08	1.66292e+08	1.95446e+08	1.71159e+08	1.66529e+08	1.92672e+08	1.932e+08	2.41362e+08	1.89731e+08	2.46095e+08	2.26949e+08	2.46448e+08	1.94691e+08	2.36301e+08	2.26331e+08	2.23937e+08	2.4948e+08	2.56907e+08	1.75804e+08	2.6212e+08	2.18388e+08	2.62392e+08	2.1201e+08	1.98716e+08	2.61962e+08
ERR621995	2.21471e+08	2.38698e+08	2.3178e+08	2.14149e+08	2.39257e+08	2.02742e+08	1.68727e+08	1.21534e+08	1.87162e+08	1.78e+08	1.76125e+08	1.77915e+08	1.77004e+08	2.50299e+08	1.8624e+08	2.69372e+08	1.85678e+08	2.89534e+08	2.50234e+08	2.54075e+08	2.60114e+08	2.62022e+08	2.28463e+08	2.49428e+08	2.95968e+08	3.56559e+08	3.22936e+08	3.23556e+08	4.41112e+08	3.21302e+08	2.0698e+08	2.4173e+08	2.10504e+08	2.21255e+08	2.1363e+08	2.16176e+08	2.40798e+08	2.17983e+08	2.44132e+08	2.23167e+08	2.49169e+08	1.77552e+08	2.53884e+08	1.76071e+08	2.48461e+08	1.73761e+08	2.22452e+08	2.2607e+08	2.04393e+08	2.51544e+08	2.24803e+08	2.5138e+08	2.60083e+08	1.93462e+08	2.48885e+08	2.69195e+08	2.68225e+08	2.07603e+08	2.07714e+08	2.71822e+08	1.73486e+08	1.54771e+08	1.55807e+08	1.88884e+08	1.95188e+08	1.90089e+08	2.07293e+08	2.16982e+08	2.25981e+08	2.38355e+08	2.05616e+08	2.08186e+08	1.54057e+08	1.80914e+08	1.58509e+08	1.54344e+08	1.78354e+08	1.78851e+08	2.24029e+08	1.76313e+08	2.28481e+08	2.10849e+08	2.28714e+08	1.80907e+08	2.19344e+08	2.0979e+08	2.07795e+08	2.31458e+08	2.38083e+08	1.63142e+08	2.43178e+08	2.0256e+08	2.43347e+08	1.96649e+08	1.84245e+08	2.43037e+08
ERR621993	2.37848e+08	2.56344e+08	2.48904e+08	2.29917e+08	2.57033e+08	2.17506e+08	1.80897e+08	1.30354e+08	2.00664e+08	1.90875e+08	1.88828e+08	1.90825e+08	1.89799e+08	2.6866e+08	1.99602e+08	2.88983e+08	1.99093e+08	3.10525e+08	2.68728e+08	2.72626e+08	2.79403e+08	2.81367e+08	2.45256e+08	2.67721e+08	3.16138e+08	3.83324e+08	3.47313e+08	3.46083e+08	3.21302e+08	4.97455e+08	2.21873e+08	2.59283e+08	2.2609e+08	2.37341e+08	2.29239e+08	2.31895e+08	2.58222e+08	2.33714e+08	2.61644e+08	2.39242e+08	2.67207e+08	1.90399e+08	2.72413e+08	1.8906e+08	2.66737e+08	1.86515e+08	2.38859e+08	2.42707e+08	2.19492e+08	2.70314e+08	2.41401e+08	2.70297e+08	2.79413e+08	2.0762e+08	2.67417e+08	2.89413e+08	2.88358e+08	2.23143e+08	2.23291e+08	2.92392e+08	1.86007e+08	1.66054e+08	1.67235e+08	2.02715e+08	2.09568e+08	2.03927e+08	2.22886e+08	2.33117e+08	2.42822e+08	2.55926e+08	2.20988e+08	2.23878e+08	1.65519e+08	1.94333e+08	1.70369e+08	1.6572e+08	1.91498e+08	1.92014e+08	2.40305e+08	1.8915e+08	2.45044e+08	2.26219e+08	2.45355e+08	1.94012e+08	2.35626e+08	2.2544e+08	2.23106e+08	2.48755e+08	2.55839e+08	1.75222e+08	2.61255e+08	2.17637e+08	2.6137e+08	2.11289e+08	1.97863e+08	2.61017e+08
ERR605656	1.82599e+08	1.96724e+08	1.9083e+08	1.76459e+08	1.97428e+08	1.66912e+08	1.31176e+08	9.40618e+07	1.45697e+08	1.3833e+08	1.37004e+08	1.38224e+08	1.63304e+08	2.246e+08	1.71312e+08	2.40046e+08	1.70456e+08	2.56951e+08	1.94077e+08	1.96579e+08	2.01527e+08	2.0286e+08	1.77348e+08	1.93476e+08	2.03664e+08	2.47027e+08	2.23305e+08	2.23175e+08	2.0698e+08	2.21873e+08	3.34594e+08	2.53458e+08	2.24309e+08	2.33927e+08	2.27218e+08	2.28885e+08	1.94828e+08	1.7634e+08	1.97616e+08	1.80728e+08	2.01735e+08	1.43842e+08	2.21126e+08	1.5384e+08	2.16511e+08	1.51365e+08	1.94805e+08	1.96731e+08	1.50769e+08	1.86312e+08	1.66089e+08	1.86243e+08	1.92556e+08	1.42756e+08	1.81849e+08	1.96966e+08	1.96449e+08	1.51002e+08	1.51055e+08	1.99093e+08	1.49168e+08	1.35159e+08	1.36181e+08	1.60695e+08	1.65448e+08	1.61555e+08	1.49363e+08	1.56586e+08	1.63745e+08	1.72757e+08	1.48048e+08	1.50136e+08	1.14682e+08	1.35111e+08	1.18126e+08	1.15031e+08	1.3318e+08	1.33468e+08	1.91866e+08	1.51321e+08	1.95534e+08	1.80305e+08	1.95855e+08	1.55034e+08	1.82246e+08	1.7567e+08	1.74002e+08	1.91195e+08	1.96671e+08	1.41111e+08	1.78966e+08	1.48532e+08	1.79048e+08	1.44352e+08	1.35196e+08	1.78785e+08
ERR605653	2.12778e+08	2.2935e+08	2.22444e+08	2.0557e+08	2.30107e+08	1.94503e+08	1.52812e+08	1.09492e+08	1.69702e+08	1.61336e+08	1.59652e+08	1.60967e+08	1.87189e+08	2.58604e+08	1.9659e+08	2.76855e+08	1.95614e+08	2.96319e+08	2.26388e+08	2.29494e+08	2.35354e+08	2.3684e+08	2.06889e+08	2.25815e+08	2.3771e+08	2.88635e+08	2.60973e+08	2.60591e+08	2.4173e+08	2.59283e+08	2.53458e+08	4.27763e+08	2.57242e+08	2.70029e+08	2.6071e+08	2.63896e+08	2.26941e+08	2.0532e+08	2.30301e+08	2.10527e+08	2.35073e+08	1.67425e+08	2.55423e+08	1.77182e+08	2.50025e+08	1.74645e+08	2.24831e+08	2.27256e+08	1.76736e+08	2.18496e+08	1.94838e+08	2.18545e+08	2.25798e+08	1.67027e+08	2.14012e+08	2.31858e+08	2.31076e+08	1.7766e+08	1.77852e+08	2.34302e+08	1.7122e+08	1.54859e+08	1.56013e+08	1.84642e+08	1.90209e+08	1.85558e+08	1.76075e+08	1.844e+08	1.92732e+08	2.03308e+08	1.74408e+08	1.76924e+08	1.34587e+08	1.58612e+08	1.38577e+08	1.35093e+08	1.56344e+08	1.56522e+08	2.23423e+08	1.7595e+08	2.2785e+08	2.10107e+08	2.28216e+08	1.80269e+08	2.10801e+08	2.02644e+08	2.00772e+08	2.21295e+08	2.27664e+08	1.62086e+08	2.106e+08	1.74616e+08	2.1061e+08	1.69747e+08	1.58987e+08	2.10282e+08
ERR605658	1.85609e+08	1.99748e+08	1.94495e+08	1.78685e+08	2.0047e+08	1.69224e+08	1.33883e+08	9.66315e+07	1.4831e+08	1.41373e+08	1.39909e+08	1.41022e+08	1.6644e+08	2.28556e+08	1.74499e+08	2.44092e+08	1.73453e+08	2.6053e+08	1.98473e+08	2.01198e+08	2.06154e+08	2.0763e+08	1.81159e+08	1.9732e+08	2.07063e+08	2.51178e+08	2.27615e+08	2.26815e+08	2.10504e+08	2.2609e+08	2.24309e+08	2.57242e+08	3.44464e+08	2.37767e+08	2.32564e+08	2.32461e+08	1.98388e+08	1.79857e+08	2.01036e+08	1.8446e+08	2.05283e+08	1.47456e+08	2.23828e+08	1.54961e+08	2.19276e+08	1.52649e+08	1.97517e+08	1.99349e+08	1.51999e+08	1.88445e+08	1.67377e+08	1.8817e+08	1.94649e+08	1.43238e+08	1.86075e+08	2.0168e+08	2.01075e+08	1.54805e+08	1.54856e+08	2.03917e+08	1.51207e+08	1.37021e+08	1.38112e+08	1.62954e+08	1.6778e+08	1.63581e+08	1.54357e+08	1.61493e+08	1.67961e+08	1.7722e+08	1.52959e+08	1.55081e+08	1.16725e+08	1.36946e+08	1.20039e+08	1.16991e+08	1.35044e+08	1.35245e+08	1.95259e+08	1.54307e+08	1.99129e+08	1.83728e+08	1.99353e+08	1.57737e+08	1.86902e+08	1.79076e+08	1.77409e+08	1.96104e+08	2.0121e+08	1.44215e+08	1.83519e+08	1.51849e+08	1.835e+08	1.47646e+08	1.38102e+08	1.83159e+08
