	ERR617271	ERR617274	ERR617275	ERR617276	ERR617272	ERR617273	ERR626905	ERR626906	ERR626908	ERR626907	ERR626904	ERR626903	ERR626870	ERR626867	ERR626868	ERR626872	ERR626869	ERR626871	ERR636919	ERR636923	ERR636924	ERR636920	ERR636922	ERR636921	ERR608758	ERR608757	ERR608760	ERR608762	ERR608761	ERR608759	ERR637122	ERR637119	ERR637118	ERR637120	ERR637117	ERR637121	ERR613997	ERR613999	ERR613998	ERR613996	ERR614001	ERR614000	ERR631209	ERR631212	ERR631207	ERR631208	ERR631211	ERR631210	ERR609253	ERR609257	ERR609258	ERR609255	ERR609256	ERR609254	ERR626517	ERR626516	ERR626521	ERR626519	ERR626520	ERR626518	ERR630460	ERR630458	ERR630462	ERR630461	ERR630463	ERR630459	ERR613196	ERR613194	ERR613193	ERR613192	ERR613191	ERR613195	ERR613495	ERR613494	ERR613491	ERR613492	ERR613496	ERR613493	ERR614953	ERR614954	ERR614949	ERR614951	ERR614952	ERR614950	ERR614872	ERR614873	ERR614876	ERR614875	ERR614871	ERR614874	ERR630268	ERR630269	ERR630267	ERR630270	ERR630266	ERR630271
ERR617271	5.99592e+09	6.46567e+09	6.43896e+09	6.4811e+09	5.8662e+09	5.90537e+09	5.90839e+09	5.02005e+09	6.33888e+09	4.97335e+09	5.86319e+09	6.26372e+09	5.42469e+09	6.69618e+09	6.30296e+09	6.65177e+09	6.33429e+09	5.37639e+09	6.20906e+09	6.70499e+09	6.68298e+09	6.64512e+09	6.70319e+09	6.58996e+09	5.64285e+09	4.75684e+09	6.12975e+09	5.69326e+09	6.23579e+09	6.06617e+09	6.72401e+09	6.78444e+09	6.79406e+09	6.65272e+09	6.54271e+09	6.66742e+09	6.31211e+09	6.26043e+09	5.62324e+09	6.59047e+09	6.28409e+09	6.27649e+09	6.38782e+09	5.76691e+09	5.90275e+09	5.79165e+09	5.76918e+09	5.79472e+09	5.99529e+09	6.12135e+09	6.06454e+09	5.75825e+09	5.27732e+09	5.96058e+09	6.68947e+09	7.05368e+09	6.63221e+09	6.58777e+09	6.63745e+09	6.12473e+09	6.48775e+09	6.59168e+09	6.61152e+09	6.68978e+09	6.69678e+09	6.2505e+09	5.21708e+09	5.0182e+09	6.37782e+09	6.60101e+09	6.86158e+09	5.22117e+09	5.75461e+09	5.80949e+09	6.31772e+09	6.3002e+09	5.74198e+09	6.30457e+09	6.46425e+09	6.51642e+09	5.63096e+09	5.60782e+09	6.50627e+09	5.75905e+09	5.42971e+09	5.30224e+09	6.17267e+09	6.13087e+09	5.32048e+09	6.17162e+09	6.27948e+09	5.94539e+09	6.4351e+09	6.13659e+09	6.85104e+09	5.82437e+09
ERR617274	6.46567e+09	7.55074e+09	7.27387e+09	7.32472e+09	6.57693e+09	6.62143e+09	6.6647e+09	5.62616e+09	7.17978e+09	5.57044e+09	6.60818e+09	7.09081e+09	6.06586e+09	7.56374e+09	7.08981e+09	7.51096e+09	7.12978e+09	6.00752e+09	6.96793e+09	7.55836e+09	7.52974e+09	7.49644e+09	7.55616e+09	7.41913e+09	6.29636e+09	5.25331e+09	6.87988e+09	6.35495e+09	7.00495e+09	6.79922e+09	7.56923e+09	7.63689e+09	7.65687e+09	7.48232e+09	7.34783e+09	7.50106e+09	7.08971e+09	7.03294e+09	6.26532e+09	7.42611e+09	7.06025e+09	7.05273e+09	7.21953e+09	6.47861e+09	6.64057e+09	6.51524e+09	6.47877e+09	6.50913e+09	6.77405e+09	6.91695e+09	6.84839e+09	6.47776e+09	5.92984e+09	6.72645e+09	7.53958e+09	7.98137e+09	7.47533e+09	7.4221e+09	7.48258e+09	6.85362e+09	7.28784e+09	7.41062e+09	7.43886e+09	7.53474e+09	7.53909e+09	6.99591e+09	5.80486e+09	5.56994e+09	7.1731e+09	7.44033e+09	7.76252e+09	5.80783e+09	6.43385e+09	6.49746e+09	7.08737e+09	7.06743e+09	6.41842e+09	7.07237e+09	7.27511e+09	7.33813e+09	6.28607e+09	6.2652e+09	7.32601e+09	6.43853e+09	6.04837e+09	5.90322e+09	6.92537e+09	6.87394e+09	5.91823e+09	6.92351e+09	7.0352e+09	6.63896e+09	7.21705e+09	6.86694e+09	7.71968e+09	6.49019e+09
ERR617275	6.43896e+09	7.27387e+09	7.48784e+09	7.2936e+09	6.55135e+09	6.59511e+09	6.63849e+09	5.60685e+09	7.15065e+09	5.55056e+09	6.58206e+09	7.06238e+09	6.04069e+09	7.52707e+09	7.05605e+09	7.47483e+09	7.09685e+09	5.98365e+09	6.93394e+09	7.52018e+09	7.49122e+09	7.45938e+09	7.51767e+09	7.38153e+09	6.26891e+09	5.231e+09	6.84895e+09	6.32694e+09	6.97319e+09	6.76835e+09	7.53108e+09	7.59759e+09	7.61838e+09	7.44415e+09	7.31087e+09	7.46259e+09	7.05383e+09	6.99743e+09	6.23347e+09	7.38838e+09	7.02513e+09	7.01678e+09	7.19037e+09	6.45474e+09	6.61505e+09	6.49104e+09	6.45471e+09	6.48484e+09	6.74987e+09	6.89148e+09	6.82339e+09	6.45435e+09	5.91008e+09	6.70221e+09	7.5022e+09	7.94273e+09	7.43863e+09	7.38536e+09	7.44595e+09	6.8185e+09	7.25055e+09	7.37285e+09	7.40132e+09	7.49622e+09	7.50018e+09	6.9604e+09	5.77973e+09	5.54607e+09	7.1397e+09	7.40528e+09	7.72554e+09	5.7835e+09	6.40405e+09	6.46634e+09	7.05213e+09	7.03246e+09	6.38827e+09	7.03745e+09	7.24088e+09	7.30349e+09	6.25784e+09	6.23766e+09	7.29152e+09	6.40937e+09	6.02104e+09	5.87699e+09	6.89249e+09	6.84155e+09	5.89168e+09	6.89067e+09	6.99801e+09	6.60354e+09	7.17889e+09	6.83051e+09	7.67965e+09	6.45515e+09
ERR617276	6.4811e+09	7.32472e+09	7.2936e+09	7.59228e+09	6.59438e+09	6.6387e+09	6.68382e+09	5.64228e+09	7.20123e+09	5.58627e+09	6.62705e+09	7.11238e+09	6.08218e+09	7.58447e+09	7.109e+09	7.53165e+09	7.14936e+09	6.02402e+09	6.98604e+09	7.57863e+09	7.54965e+09	7.51749e+09	7.57637e+09	7.4387e+09	6.31237e+09	5.26524e+09	6.8986e+09	6.37109e+09	7.02429e+09	6.81645e+09	7.59026e+09	7.65754e+09	7.67841e+09	7.5023e+09	7.36783e+09	7.52102e+09	7.10833e+09	7.05154e+09	6.27995e+09	7.44635e+09	7.07905e+09	7.07121e+09	7.24014e+09	6.49554e+09	6.6584e+09	6.53309e+09	6.49618e+09	6.52629e+09	6.79384e+09	6.93693e+09	6.86826e+09	6.49504e+09	5.9462e+09	6.74612e+09	7.55778e+09	8.00275e+09	7.49377e+09	7.44055e+09	7.50152e+09	6.86816e+09	7.30522e+09	7.4288e+09	7.45729e+09	7.55345e+09	7.55714e+09	7.01162e+09	5.8175e+09	5.58075e+09	7.19053e+09	7.45842e+09	7.78279e+09	5.81991e+09	6.44884e+09	6.51254e+09	7.10358e+09	7.08368e+09	6.43305e+09	7.08851e+09	7.2938e+09	7.35755e+09	6.30044e+09	6.28039e+09	7.34519e+09	6.45404e+09	6.0619e+09	5.91669e+09	6.94219e+09	6.89071e+09	5.93093e+09	6.94057e+09	7.05002e+09	6.65244e+09	7.23269e+09	6.88139e+09	7.73808e+09	6.50251e+09
ERR617272	5.8662e+09	6.57693e+09	6.55135e+09	6.59438e+09	6.17349e+09	5.99986e+09	6.02484e+09	5.1237e+09	6.46525e+09	5.07416e+09	5.97708e+09	6.38934e+09	5.51066e+09	6.79743e+09	6.39463e+09	6.75302e+09	6.42844e+09	5.4604e+09	6.28905e+09	6.79448e+09	6.76976e+09	6.74039e+09	6.79261e+09	6.6758e+09	5.71529e+09	4.80164e+09	6.21779e+09	5.76614e+09	6.32544e+09	6.14927e+09	6.79889e+09	6.85662e+09	6.87374e+09	6.72433e+09	6.61029e+09	6.7398e+09	6.39103e+09	6.34088e+09	5.67579e+09	6.67969e+09	6.36515e+09	6.35868e+09	6.49891e+09	5.86385e+09	6.00304e+09	5.89437e+09	5.86404e+09	5.89018e+09	6.11035e+09	6.23423e+09	6.17558e+09	5.8565e+09	5.37784e+09	6.0705e+09	6.77528e+09	7.15266e+09	6.7196e+09	6.67416e+09	6.72584e+09	6.18519e+09	6.5661e+09	6.67155e+09	6.69517e+09	6.77671e+09	6.78074e+09	6.31656e+09	5.27576e+09	5.07052e+09	6.45936e+09	6.68858e+09	6.96236e+09	5.27901e+09	5.82098e+09	5.87649e+09	6.3846e+09	6.36776e+09	5.80783e+09	6.37238e+09	6.54643e+09	6.60012e+09	5.69376e+09	5.67614e+09	6.58975e+09	5.82627e+09	5.48759e+09	5.36198e+09	6.24637e+09	6.20248e+09	5.37465e+09	6.24517e+09	6.33533e+09	5.99213e+09	6.49281e+09	6.18984e+09	6.92473e+09	5.86205e+09
ERR617273	5.90537e+09	6.62143e+09	6.59511e+09	6.6387e+09	5.99986e+09	6.254e+09	6.06466e+09	5.15378e+09	6.50954e+09	5.10512e+09	6.01632e+09	6.4328e+09	5.54442e+09	6.8455e+09	6.43719e+09	6.79929e+09	6.4718e+09	5.49403e+09	6.33053e+09	6.84085e+09	6.81639e+09	6.78607e+09	6.83882e+09	6.7218e+09	5.75075e+09	4.8302e+09	6.25819e+09	5.803e+09	6.36724e+09	6.18881e+09	6.84733e+09	6.90686e+09	6.92271e+09	6.77273e+09	6.65683e+09	6.78842e+09	6.4334e+09	6.38309e+09	5.71256e+09	6.72492e+09	6.40696e+09	6.40019e+09	6.54342e+09	5.90204e+09	6.04295e+09	5.93279e+09	5.90253e+09	5.92894e+09	6.15362e+09	6.2795e+09	6.22046e+09	5.89787e+09	5.41426e+09	6.11417e+09	6.82279e+09	7.20382e+09	6.76637e+09	6.72015e+09	6.77243e+09	6.22838e+09	6.61081e+09	6.71717e+09	6.74104e+09	6.82314e+09	6.82789e+09	6.35933e+09	5.30973e+09	5.10261e+09	6.50483e+09	6.73654e+09	7.01248e+09	5.31302e+09	5.86095e+09	5.91655e+09	6.43165e+09	6.41437e+09	5.84726e+09	6.4189e+09	6.59358e+09	6.64789e+09	5.73369e+09	5.71538e+09	6.63734e+09	5.86651e+09	5.52442e+09	5.39714e+09	6.28938e+09	6.24509e+09	5.41054e+09	6.28796e+09	6.38041e+09	6.035e+09	6.54022e+09	6.234e+09	6.97632e+09	5.9042e+09
ERR626905	5.90839e+09	6.6647e+09	6.63849e+09	6.68382e+09	6.02484e+09	6.06466e+09	6.79288e+09	5.57475e+09	7.04848e+09	5.51727e+09	6.50435e+09	6.96841e+09	5.77238e+09	7.13885e+09	6.69193e+09	7.0897e+09	6.73338e+09	5.71597e+09	6.38575e+09	6.9296e+09	6.90164e+09	6.88626e+09	6.92818e+09	6.80193e+09	5.79169e+09	4.83574e+09	6.32329e+09	5.84814e+09	6.43359e+09	6.24689e+09	6.94326e+09	7.00336e+09	7.03132e+09	6.85508e+09	6.71867e+09	6.87488e+09	6.55051e+09	6.5e+09	5.7493e+09	6.88451e+09	6.52587e+09	6.51789e+09	6.64925e+09	5.98165e+09	6.13161e+09	6.02555e+09	5.98035e+09	6.00784e+09	6.45665e+09	6.58338e+09	6.51775e+09	6.15709e+09	5.66505e+09	6.40685e+09	6.79558e+09	7.22591e+09	6.73742e+09	6.68581e+09	6.7446e+09	6.13687e+09	6.74761e+09	6.86204e+09	6.89358e+09	6.98795e+09	6.98811e+09	6.46526e+09	5.29584e+09	5.07558e+09	6.52878e+09	6.7721e+09	7.07847e+09	5.29622e+09	5.82801e+09	5.88056e+09	6.39718e+09	6.38129e+09	5.81414e+09	6.38614e+09	6.62041e+09	6.6773e+09	5.72786e+09	5.7222e+09	6.66694e+09	5.86772e+09	5.47525e+09	5.35705e+09	6.25848e+09	6.21354e+09	5.356e+09	6.25905e+09	6.29857e+09	5.91871e+09	6.47467e+09	6.13838e+09	6.97175e+09	5.76787e+09
ERR626906	5.02005e+09	5.62616e+09	5.60685e+09	5.64228e+09	5.1237e+09	5.15378e+09	5.57475e+09	4.98969e+09	5.95183e+09	4.76302e+09	5.528e+09	5.88956e+09	4.93502e+09	5.99763e+09	5.64784e+09	5.95876e+09	5.68098e+09	4.88829e+09	5.38994e+09	5.81539e+09	5.79243e+09	5.78741e+09	5.81404e+09	5.71608e+09	4.92506e+09	4.14076e+09	5.35183e+09	4.97133e+09	5.43747e+09	5.28827e+09	5.80937e+09	5.85319e+09	5.88081e+09	5.73888e+09	5.62888e+09	5.75502e+09	5.51843e+09	5.48167e+09	4.86667e+09	5.78462e+09	5.50176e+09	5.496e+09	5.60937e+09	5.08383e+09	5.20328e+09	5.12291e+09	5.08169e+09	5.10323e+09	5.47553e+09	5.57213e+09	5.52023e+09	5.23079e+09	4.85197e+09	5.43432e+09	5.70146e+09	6.04351e+09	5.65747e+09	5.61665e+09	5.66368e+09	5.16779e+09	5.67623e+09	5.76544e+09	5.79258e+09	5.86796e+09	5.86565e+09	5.44722e+09	4.5058e+09	4.32481e+09	5.48875e+09	5.68155e+09	5.92702e+09	4.50506e+09	4.93028e+09	4.97075e+09	5.37384e+09	5.36226e+09	4.91824e+09	5.36671e+09	5.5625e+09	5.60766e+09	4.85309e+09	4.85388e+09	5.59978e+09	4.96575e+09	4.64887e+09	4.55824e+09	5.27491e+09	5.23918e+09	4.55192e+09	5.27554e+09	5.28387e+09	4.97675e+09	5.42414e+09	5.15618e+09	5.82416e+09	4.84862e+09
ERR626908	6.33888e+09	7.17978e+09	7.15065e+09	7.20123e+09	6.46525e+09	6.50954e+09	7.04848e+09	5.95183e+09	7.85665e+09	5.88953e+09	6.98272e+09	7.50489e+09	6.1819e+09	7.70581e+09	7.20525e+09	7.65039e+09	7.25107e+09	6.12024e+09	6.87405e+09	7.48066e+09	7.44962e+09	7.43095e+09	7.47862e+09	7.33743e+09	6.21241e+09	5.16622e+09	6.80156e+09	6.27498e+09	6.92367e+09	6.71628e+09	7.50291e+09	7.5709e+09	7.60008e+09	7.40446e+09	7.25335e+09	7.42686e+09	7.05716e+09	7.00081e+09	6.17693e+09	7.42711e+09	7.02928e+09	7.02053e+09	7.16857e+09	6.42392e+09	6.59097e+09	6.47255e+09	6.4227e+09	6.45331e+09	6.94823e+09	7.08984e+09	7.01686e+09	6.61674e+09	6.06943e+09	6.89295e+09	7.33881e+09	7.81853e+09	7.27421e+09	7.21653e+09	7.28166e+09	6.61062e+09	7.27056e+09	7.39804e+09	7.43329e+09	7.53844e+09	7.5384e+09	6.95739e+09	5.67631e+09	5.43522e+09	7.04191e+09	7.31221e+09	7.65484e+09	5.67688e+09	6.26695e+09	6.32535e+09	6.89963e+09	6.88099e+09	6.25029e+09	6.88644e+09	7.14408e+09	7.20769e+09	6.15315e+09	6.14526e+09	7.19548e+09	6.3071e+09	5.87539e+09	5.74375e+09	6.74122e+09	6.69154e+09	5.74469e+09	6.74237e+09	6.79447e+09	6.37555e+09	6.98889e+09	6.61677e+09	7.53996e+09	6.21167e+09
ERR626907	4.97335e+09	5.57044e+09	5.55056e+09	5.58627e+09	5.07416e+09	5.10512e+09	5.51727e+09	4.76302e+09	5.88953e+09	4.8951e+09	5.47217e+09	5.8281e+09	4.89064e+09	5.9388e+09	5.59414e+09	5.90093e+09	5.62718e+09	4.84442e+09	5.34038e+09	5.75938e+09	5.7372e+09	5.73171e+09	5.75791e+09	5.66199e+09	4.88079e+09	4.10605e+09	5.30161e+09	4.92664e+09	5.38631e+09	5.23914e+09	5.75508e+09	5.79835e+09	5.82526e+09	5.68561e+09	5.57719e+09	5.70115e+09	5.46774e+09	5.43132e+09	4.8251e+09	5.73036e+09	5.45104e+09	5.44562e+09	5.55269e+09	5.0345e+09	5.15194e+09	5.07319e+09	5.03227e+09	5.05396e+09	5.41849e+09	5.51417e+09	5.46282e+09	5.17766e+09	4.80418e+09	5.37826e+09	5.64581e+09	5.98166e+09	5.60219e+09	5.56197e+09	5.60831e+09	5.12025e+09	5.62224e+09	5.70965e+09	5.73653e+09	5.81038e+09	5.80885e+09	5.39699e+09	4.46562e+09	4.28709e+09	5.43624e+09	5.6261e+09	5.8677e+09	4.46503e+09	4.88658e+09	4.92602e+09	5.32415e+09	5.31268e+09	4.87415e+09	5.31679e+09	5.50906e+09	5.55318e+09	4.8087e+09	4.80936e+09	5.54514e+09	4.91995e+09	4.6081e+09	4.51834e+09	5.22544e+09	5.19072e+09	4.51257e+09	5.22602e+09	5.23523e+09	4.93266e+09	5.37366e+09	5.10935e+09	5.76761e+09	4.80579e+09
ERR626904	5.86319e+09	6.60818e+09	6.58206e+09	6.62705e+09	5.97708e+09	6.01632e+09	6.50435e+09	5.528e+09	6.98272e+09	5.47217e+09	6.67462e+09	6.90454e+09	5.72797e+09	7.07882e+09	6.63854e+09	7.02903e+09	6.67829e+09	5.67221e+09	6.3353e+09	6.87173e+09	6.84469e+09	6.82878e+09	6.87067e+09	6.74621e+09	5.74951e+09	4.8038e+09	6.27439e+09	5.80547e+09	6.38299e+09	6.19905e+09	6.88693e+09	6.94728e+09	6.97354e+09	6.79995e+09	6.66494e+09	6.82013e+09	6.499e+09	6.44876e+09	5.70928e+09	6.82815e+09	6.47389e+09	6.46632e+09	6.59698e+09	5.93728e+09	6.08632e+09	5.98031e+09	5.9363e+09	5.96291e+09	6.40535e+09	6.5309e+09	6.46645e+09	6.11017e+09	5.62339e+09	6.35721e+09	6.7436e+09	7.16747e+09	6.68592e+09	6.63416e+09	6.69222e+09	6.09443e+09	6.69363e+09	6.80644e+09	6.83648e+09	6.92851e+09	6.93006e+09	6.41586e+09	5.2605e+09	5.04269e+09	6.48063e+09	6.72108e+09	7.02224e+09	5.26101e+09	5.78933e+09	5.84144e+09	6.35311e+09	6.33719e+09	5.77528e+09	6.34217e+09	6.57216e+09	6.62793e+09	5.69054e+09	5.68453e+09	6.61822e+09	5.82862e+09	5.44103e+09	5.3236e+09	6.21456e+09	6.1703e+09	5.32332e+09	6.21541e+09	6.25496e+09	5.87926e+09	6.42896e+09	6.09633e+09	6.91968e+09	5.7311e+09
ERR626903	6.26372e+09	7.09081e+09	7.06238e+09	7.11238e+09	6.38934e+09	6.4328e+09	6.96841e+09	5.88956e+09	7.50489e+09	5.8281e+09	6.90454e+09	7.67128e+09	6.1138e+09	7.6118e+09	7.1193e+09	7.55486e+09	7.16341e+09	6.05346e+09	6.78993e+09	7.38445e+09	7.35416e+09	7.33839e+09	7.38287e+09	7.24497e+09	6.14121e+09	5.10764e+09	6.72026e+09	6.20237e+09	6.84115e+09	6.63699e+09	7.40518e+09	7.47145e+09	7.50112e+09	7.30855e+09	7.15922e+09	7.33077e+09	6.97142e+09	6.91617e+09	6.1039e+09	7.33555e+09	6.94364e+09	6.93545e+09	7.08592e+09	6.35366e+09	6.51815e+09	6.40218e+09	6.35221e+09	6.38231e+09	6.87281e+09	7.0108e+09	6.93977e+09	6.54377e+09	6.00933e+09	6.8179e+09	7.25052e+09	7.72157e+09	7.18726e+09	7.13046e+09	7.19454e+09	6.5332e+09	7.18104e+09	7.30622e+09	7.3388e+09	7.44219e+09	7.44293e+09	6.87232e+09	5.61329e+09	5.37511e+09	6.95897e+09	7.22585e+09	7.56222e+09	5.61401e+09	6.19698e+09	6.25451e+09	6.81812e+09	6.79985e+09	6.18088e+09	6.80517e+09	7.05976e+09	7.12203e+09	6.08509e+09	6.07793e+09	7.11032e+09	6.23653e+09	5.81224e+09	5.68346e+09	6.66462e+09	6.61537e+09	5.68236e+09	6.6653e+09	6.71361e+09	6.30071e+09	6.90411e+09	6.53877e+09	7.44669e+09	6.13852e+09
ERR626870	5.42469e+09	6.06586e+09	6.04069e+09	6.08218e+09	5.51066e+09	5.54442e+09	5.77238e+09	4.93502e+09	6.1819e+09	4.89064e+09	5.72797e+09	6.1138e+09	5.57868e+09	6.61174e+09	6.23146e+09	6.56691e+09	6.26029e+09	5.34394e+09	6.03668e+09	6.48802e+09	6.46588e+09	6.44785e+09	6.48656e+09	6.3852e+09	5.4397e+09	4.58249e+09	5.90485e+09	5.48837e+09	6.00502e+09	5.84346e+09	6.52931e+09	6.57592e+09	6.59674e+09	6.46113e+09	6.35393e+09	6.47698e+09	6.19947e+09	6.15729e+09	5.53821e+09	6.46263e+09	6.1783e+09	6.17187e+09	6.02287e+09	5.43446e+09	5.56508e+09	5.46445e+09	5.43401e+09	5.45941e+09	5.6136e+09	5.72588e+09	5.67032e+09	5.37275e+09	4.94357e+09	5.5761e+09	6.3514e+09	6.68571e+09	6.30505e+09	6.26282e+09	6.30966e+09	5.82351e+09	6.29412e+09	6.38869e+09	6.41166e+09	6.48572e+09	6.48914e+09	6.06202e+09	4.94454e+09	4.7494e+09	6.05388e+09	6.26584e+09	6.51704e+09	4.94729e+09	5.46785e+09	5.51812e+09	5.98682e+09	5.97157e+09	5.45571e+09	5.97538e+09	6.12136e+09	6.17076e+09	5.32554e+09	5.3123e+09	6.16076e+09	5.45137e+09	5.16745e+09	5.05225e+09	5.8752e+09	5.83498e+09	5.06022e+09	5.87425e+09	5.95293e+09	5.64439e+09	6.0921e+09	5.82405e+09	6.47816e+09	5.52265e+09
ERR626867	6.69618e+09	7.56374e+09	7.52707e+09	7.58447e+09	6.79743e+09	6.8455e+09	7.13885e+09	5.99763e+09	7.70581e+09	5.9388e+09	7.07882e+09	7.6118e+09	6.61174e+09	8.58522e+09	7.79068e+09	8.261e+09	7.82911e+09	6.54677e+09	7.54592e+09	8.18158e+09	8.15201e+09	8.1171e+09	8.17925e+09	8.03584e+09	6.7119e+09	5.58659e+09	7.3445e+09	6.7759e+09	7.48513e+09	7.26448e+09	8.26678e+09	8.33457e+09	8.35758e+09	8.17252e+09	8.0257e+09	8.19398e+09	7.78104e+09	7.71696e+09	6.89048e+09	8.14234e+09	7.74663e+09	7.73756e+09	7.51983e+09	6.71235e+09	6.88924e+09	6.74812e+09	6.71427e+09	6.7487e+09	6.9656e+09	7.11955e+09	7.04618e+09	6.64817e+09	6.06473e+09	6.91608e+09	8.01536e+09	8.47591e+09	7.94884e+09	7.88932e+09	7.95406e+09	7.30251e+09	7.90861e+09	8.04243e+09	8.06938e+09	8.17059e+09	8.17938e+09	7.59241e+09	6.09201e+09	5.83646e+09	7.6003e+09	7.89333e+09	8.23772e+09	6.09639e+09	6.79567e+09	6.86607e+09	7.52335e+09	7.50018e+09	6.7791e+09	7.50573e+09	7.69369e+09	7.76287e+09	6.60431e+09	6.57882e+09	7.74786e+09	6.77338e+09	6.38926e+09	6.2273e+09	7.35465e+09	7.2994e+09	6.24589e+09	7.35373e+09	7.50084e+09	7.08315e+09	7.69059e+09	7.32401e+09	8.21558e+09	6.9282e+09
ERR626868	6.30296e+09	7.08981e+09	7.05605e+09	7.109e+09	6.39463e+09	6.43719e+09	6.69193e+09	5.64784e+09	7.20525e+09	5.59414e+09	6.63854e+09	7.1193e+09	6.23146e+09	7.79068e+09	7.54219e+09	7.7316e+09	7.34311e+09	6.17192e+09	7.08692e+09	7.66016e+09	7.63306e+09	7.60023e+09	7.65765e+09	7.52869e+09	6.32635e+09	5.28824e+09	6.90162e+09	6.38409e+09	7.02916e+09	6.82947e+09	7.73337e+09	7.79601e+09	7.81562e+09	7.64909e+09	7.51716e+09	7.66855e+09	7.29919e+09	7.24094e+09	6.49079e+09	7.62455e+09	7.26713e+09	7.25906e+09	7.04153e+09	6.30549e+09	6.46758e+09	6.3369e+09	6.30758e+09	6.33903e+09	6.51493e+09	6.65683e+09	6.58959e+09	6.22926e+09	5.69149e+09	6.47177e+09	7.50048e+09	7.9144e+09	7.43962e+09	7.38641e+09	7.44447e+09	6.85741e+09	7.4163e+09	7.53711e+09	7.56098e+09	7.65215e+09	7.6601e+09	7.13228e+09	5.74015e+09	5.50556e+09	7.12066e+09	7.38631e+09	7.6954e+09	5.7445e+09	6.3918e+09	6.45613e+09	7.05651e+09	7.03501e+09	6.377e+09	7.03978e+09	7.20736e+09	7.26939e+09	6.2137e+09	6.1892e+09	7.25741e+09	6.36883e+09	6.02163e+09	5.87163e+09	6.90371e+09	6.85397e+09	5.88982e+09	6.90286e+09	7.03399e+09	6.65472e+09	7.20704e+09	6.87403e+09	7.68105e+09	6.51428e+09
ERR626872	6.65177e+09	7.51096e+09	7.47483e+09	7.53165e+09	6.75302e+09	6.79929e+09	7.0897e+09	5.95876e+09	7.65039e+09	5.90093e+09	7.02903e+09	7.55486e+09	6.56691e+09	8.261e+09	7.7316e+09	8.45419e+09	7.7702e+09	6.50219e+09	7.49211e+09	8.12097e+09	8.09097e+09	8.05554e+09	8.11857e+09	7.9759e+09	6.66657e+09	5.55235e+09	7.29194e+09	6.72957e+09	7.43099e+09	7.21144e+09	8.20245e+09	8.27002e+09	8.29266e+09	8.10941e+09	7.9652e+09	8.13039e+09	7.72155e+09	7.65865e+09	6.8408e+09	8.07937e+09	7.68773e+09	7.67919e+09	7.46131e+09	6.66283e+09	6.83734e+09	6.69812e+09	6.66476e+09	6.69889e+09	6.91107e+09	7.06342e+09	6.99068e+09	6.59871e+09	6.01916e+09	6.86164e+09	7.94973e+09	8.40567e+09	7.88323e+09	7.82542e+09	7.88962e+09	7.24435e+09	7.85014e+09	7.98223e+09	8.01054e+09	8.11156e+09	8.119e+09	7.53861e+09	6.04863e+09	5.7967e+09	7.53886e+09	7.82796e+09	8.16814e+09	6.05287e+09	6.74395e+09	6.81374e+09	7.46368e+09	7.44029e+09	6.72731e+09	7.44529e+09	7.63206e+09	7.70009e+09	6.55495e+09	6.52854e+09	7.68609e+09	6.72164e+09	6.34216e+09	6.18115e+09	7.29689e+09	7.24262e+09	6.20066e+09	7.29549e+09	7.43973e+09	7.0271e+09	7.62783e+09	7.26533e+09	8.14701e+09	6.87434e+09
ERR626869	6.33429e+09	7.12978e+09	7.09685e+09	7.14936e+09	6.42844e+09	6.4718e+09	6.73338e+09	5.68098e+09	7.25107e+09	5.62718e+09	6.67829e+09	7.16341e+09	6.26029e+09	7.82911e+09	7.34311e+09	7.7702e+09	7.61355e+09	6.2e+09	7.11777e+09	7.69591e+09	7.66852e+09	7.6362e+09	7.69401e+09	7.5638e+09	6.35297e+09	5.3079e+09	6.93382e+09	6.41236e+09	7.06225e+09	6.86079e+09	7.76779e+09	7.83056e+09	7.85056e+09	7.68213e+09	7.54948e+09	7.70193e+09	7.33007e+09	7.27198e+09	6.51221e+09	7.65865e+09	7.29874e+09	7.29092e+09	7.08286e+09	6.34125e+09	6.50371e+09	6.37284e+09	6.34251e+09	6.3745e+09	6.5582e+09	6.70033e+09	6.63251e+09	6.26912e+09	5.72796e+09	6.51356e+09	7.53657e+09	7.95536e+09	7.47508e+09	7.42218e+09	7.48072e+09	6.88503e+09	7.44981e+09	7.57109e+09	7.59718e+09	7.68864e+09	7.69616e+09	7.16229e+09	5.76844e+09	5.53166e+09	7.15642e+09	7.42394e+09	7.7367e+09	5.77274e+09	6.42088e+09	6.48549e+09	7.08706e+09	7.06583e+09	6.40512e+09	7.07102e+09	7.24205e+09	7.30438e+09	6.24125e+09	6.21739e+09	7.29218e+09	6.39728e+09	6.04591e+09	5.89516e+09	6.9344e+09	6.88394e+09	5.91334e+09	6.93317e+09	7.06224e+09	6.67988e+09	7.23634e+09	6.90078e+09	7.71539e+09	6.53686e+09
ERR626871	5.37639e+09	6.00752e+09	5.98365e+09	6.02402e+09	5.4604e+09	5.49403e+09	5.71597e+09	4.88829e+09	6.12024e+09	4.84442e+09	5.67221e+09	6.05346e+09	5.34394e+09	6.54677e+09	6.17192e+09	6.50219e+09	6.2e+09	5.47883e+09	5.9822e+09	6.42739e+09	6.40574e+09	6.38791e+09	6.42569e+09	6.32608e+09	5.392e+09	4.54573e+09	5.85072e+09	5.43966e+09	5.94913e+09	5.7908e+09	6.46869e+09	6.51411e+09	6.53557e+09	6.40062e+09	6.29534e+09	6.41694e+09	6.14279e+09	6.10118e+09	5.49079e+09	6.4021e+09	6.12158e+09	6.11569e+09	5.96568e+09	5.38489e+09	5.51381e+09	5.41485e+09	5.38539e+09	5.40998e+09	5.55904e+09	5.6699e+09	5.6157e+09	5.32186e+09	4.89723e+09	5.5229e+09	6.293e+09	6.6225e+09	6.24729e+09	6.20536e+09	6.25206e+09	5.77342e+09	6.23551e+09	6.32905e+09	6.35079e+09	6.42352e+09	6.42746e+09	6.00706e+09	4.90195e+09	4.71007e+09	5.99789e+09	6.20674e+09	6.45436e+09	4.9051e+09	5.42064e+09	5.46998e+09	5.93323e+09	5.91738e+09	5.40809e+09	5.92119e+09	6.06472e+09	6.11365e+09	5.27959e+09	5.26564e+09	6.10352e+09	5.40325e+09	5.12439e+09	5.00994e+09	5.82281e+09	5.78328e+09	5.01859e+09	5.82195e+09	5.89965e+09	5.5957e+09	6.0367e+09	5.77259e+09	6.41759e+09	5.47534e+09
ERR636919	6.20906e+09	6.96793e+09	6.93394e+09	6.98604e+09	6.28905e+09	6.33053e+09	6.38575e+09	5.38994e+09	6.87405e+09	5.34038e+09	6.3353e+09	6.78993e+09	6.03668e+09	7.54592e+09	7.08692e+09	7.49211e+09	7.11777e+09	5.9822e+09	7.37996e+09	7.73439e+09	7.70805e+09	7.6687e+09	7.73176e+09	7.60399e+09	6.26048e+09	5.2492e+09	6.82238e+09	6.31694e+09	6.94992e+09	6.75454e+09	7.76193e+09	7.82039e+09	7.83748e+09	7.68602e+09	7.56817e+09	7.70333e+09	7.27228e+09	7.21456e+09	6.50215e+09	7.56909e+09	7.24076e+09	7.23273e+09	6.8485e+09	6.13085e+09	6.28389e+09	6.15246e+09	6.13341e+09	6.16386e+09	6.20622e+09	6.34573e+09	6.28227e+09	5.94269e+09	5.41625e+09	6.16627e+09	7.45867e+09	7.83957e+09	7.39928e+09	7.35049e+09	7.40415e+09	6.84868e+09	7.34548e+09	7.46291e+09	7.48353e+09	7.56764e+09	7.57549e+09	7.07532e+09	5.65976e+09	5.43458e+09	7.0211e+09	7.28148e+09	7.57551e+09	5.66461e+09	6.3169e+09	6.38425e+09	6.98747e+09	6.96512e+09	6.30289e+09	6.97032e+09	7.09362e+09	7.15527e+09	6.11016e+09	6.07866e+09	7.14238e+09	6.26258e+09	5.9614e+09	5.8048e+09	6.84247e+09	6.79161e+09	5.83182e+09	6.83866e+09	7.0163e+09	6.65746e+09	7.17477e+09	6.86628e+09	7.60691e+09	6.52843e+09
ERR636923	6.70499e+09	7.55836e+09	7.52018e+09	7.57863e+09	6.79448e+09	6.84085e+09	6.9296e+09	5.81539e+09	7.48066e+09	5.75938e+09	6.87173e+09	7.38445e+09	6.48802e+09	8.18158e+09	7.66016e+09	8.12097e+09	7.69591e+09	6.42739e+09	7.73439e+09	8.64025e+09	8.36673e+09	8.31173e+09	8.39331e+09	8.23879e+09	6.73026e+09	5.61853e+09	7.35771e+09	6.7935e+09	7.50101e+09	7.28052e+09	8.43949e+09	8.50936e+09	8.52585e+09	8.35138e+09	8.2139e+09	8.37055e+09	7.85996e+09	7.79123e+09	6.98257e+09	8.20414e+09	7.82167e+09	7.81262e+09	7.429e+09	6.62583e+09	6.79689e+09	6.65018e+09	6.62902e+09	6.66314e+09	6.76618e+09	6.92316e+09	6.85327e+09	6.47086e+09	5.87986e+09	6.72126e+09	8.08187e+09	8.52477e+09	8.01235e+09	7.95547e+09	8.01737e+09	7.38211e+09	7.94755e+09	8.08274e+09	8.10764e+09	8.20402e+09	8.213e+09	7.6429e+09	6.08591e+09	5.83746e+09	7.59926e+09	7.89405e+09	8.22879e+09	6.0911e+09	6.80237e+09	6.87657e+09	7.55589e+09	7.53079e+09	6.78565e+09	7.5356e+09	7.68264e+09	7.75225e+09	6.58575e+09	6.55019e+09	7.73814e+09	6.75516e+09	6.4035e+09	6.22943e+09	7.38262e+09	7.32426e+09	6.2606e+09	7.3785e+09	7.58915e+09	7.17951e+09	7.77258e+09	7.41709e+09	8.26958e+09	7.03566e+09
ERR636924	6.68298e+09	7.52974e+09	7.49122e+09	7.54965e+09	6.76976e+09	6.81639e+09	6.90164e+09	5.79243e+09	7.44962e+09	5.7372e+09	6.84469e+09	7.35416e+09	6.46588e+09	8.15201e+09	7.63306e+09	8.09097e+09	7.66852e+09	6.40574e+09	7.70805e+09	8.36673e+09	8.57944e+09	8.28161e+09	8.36374e+09	8.20943e+09	6.70822e+09	5.6019e+09	7.33188e+09	6.77089e+09	7.47449e+09	7.25541e+09	8.41061e+09	8.4808e+09	8.49667e+09	8.32333e+09	8.18734e+09	8.34272e+09	7.83302e+09	7.7653e+09	6.96168e+09	8.1745e+09	7.79493e+09	7.78546e+09	7.39888e+09	6.60068e+09	6.76985e+09	6.62361e+09	6.60343e+09	6.63756e+09	6.73724e+09	6.89417e+09	6.82408e+09	6.44452e+09	5.85541e+09	6.69263e+09	8.05145e+09	8.4913e+09	7.98206e+09	7.92594e+09	7.98711e+09	7.35795e+09	7.92141e+09	8.05579e+09	8.08007e+09	8.17521e+09	8.18461e+09	7.61863e+09	6.06613e+09	5.8188e+09	7.57144e+09	7.86475e+09	8.19614e+09	6.07127e+09	6.78011e+09	6.85381e+09	7.53031e+09	7.50512e+09	6.76313e+09	7.50999e+09	7.65439e+09	7.72368e+09	6.56406e+09	6.52745e+09	7.70929e+09	6.73166e+09	6.38198e+09	6.20881e+09	7.35607e+09	7.2986e+09	6.23982e+09	7.35181e+09	7.56409e+09	7.15737e+09	7.74668e+09	7.39297e+09	8.2403e+09	7.01505e+09
ERR636920	6.64512e+09	7.49644e+09	7.45938e+09	7.51749e+09	6.74039e+09	6.78607e+09	6.88626e+09	5.78741e+09	7.43095e+09	5.73171e+09	6.82878e+09	7.33839e+09	6.44785e+09	8.1171e+09	7.60023e+09	8.05554e+09	7.6362e+09	6.38791e+09	7.6687e+09	8.31173e+09	8.28161e+09	8.48026e+09	8.30873e+09	8.1617e+09	6.67614e+09	5.56842e+09	7.29959e+09	6.73776e+09	7.44123e+09	7.22252e+09	8.34652e+09	8.41156e+09	8.43403e+09	8.25917e+09	8.1231e+09	8.27842e+09	7.78837e+09	7.72361e+09	6.91804e+09	8.12918e+09	7.75278e+09	7.74397e+09	7.37422e+09	6.57931e+09	6.74924e+09	6.60684e+09	6.58154e+09	6.61508e+09	6.71734e+09	6.86908e+09	6.79917e+09	6.41723e+09	5.84269e+09	6.67047e+09	8.00867e+09	8.44571e+09	7.94207e+09	7.88573e+09	7.94728e+09	7.31329e+09	7.87257e+09	8.00461e+09	8.0291e+09	8.12485e+09	8.13206e+09	7.56629e+09	6.03284e+09	5.78544e+09	7.53113e+09	7.82345e+09	8.15812e+09	6.0379e+09	6.74347e+09	6.81585e+09	7.48186e+09	7.45677e+09	6.72613e+09	7.4617e+09	7.61254e+09	7.68167e+09	6.52697e+09	6.49571e+09	7.66767e+09	6.69468e+09	6.34909e+09	6.18029e+09	7.31821e+09	7.26119e+09	6.20666e+09	7.31445e+09	7.50913e+09	7.10442e+09	7.6873e+09	7.33928e+09	8.18059e+09	6.95824e+09
ERR636922	6.70319e+09	7.55616e+09	7.51767e+09	7.57637e+09	6.79261e+09	6.83882e+09	6.92818e+09	5.81404e+09	7.47862e+09	5.75791e+09	6.87067e+09	7.38287e+09	6.48656e+09	8.17925e+09	7.65765e+09	8.11857e+09	7.69401e+09	6.42569e+09	7.73176e+09	8.39331e+09	8.36374e+09	8.30873e+09	8.63371e+09	8.23529e+09	6.72707e+09	5.61635e+09	7.35435e+09	6.79039e+09	7.49763e+09	7.27704e+09	8.43613e+09	8.5068e+09	8.52331e+09	8.34858e+09	8.21109e+09	8.36775e+09	7.85691e+09	7.78864e+09	6.97991e+09	8.20073e+09	7.81899e+09	7.80967e+09	7.42631e+09	6.62421e+09	6.79429e+09	6.64763e+09	6.62672e+09	6.66107e+09	6.76584e+09	6.92242e+09	6.85223e+09	6.46989e+09	5.87876e+09	6.72014e+09	8.07817e+09	8.52162e+09	8.00911e+09	7.95239e+09	8.01422e+09	7.37961e+09	7.94514e+09	8.08025e+09	8.10462e+09	8.20082e+09	8.21027e+09	7.64003e+09	6.0846e+09	5.83578e+09	7.59669e+09	7.89176e+09	8.22623e+09	6.08953e+09	6.7997e+09	6.87373e+09	7.55292e+09	7.52752e+09	6.78297e+09	7.53245e+09	7.68015e+09	7.74942e+09	6.58353e+09	6.54778e+09	7.73556e+09	6.75224e+09	6.40034e+09	6.22619e+09	7.3791e+09	7.32103e+09	6.25728e+09	7.37463e+09	7.58668e+09	7.17699e+09	7.76971e+09	7.41421e+09	8.2672e+09	7.03295e+09
ERR636921	6.58996e+09	7.41913e+09	7.38153e+09	7.4387e+09	6.6758e+09	6.7218e+09	6.80193e+09	5.71608e+09	7.33743e+09	5.66199e+09	6.74621e+09	7.24497e+09	6.3852e+09	8.03584e+09	7.52869e+09	7.9759e+09	7.5638e+09	6.32608e+09	7.60399e+09	8.23879e+09	8.20943e+09	8.1617e+09	8.23529e+09	8.3273e+09	6.62262e+09	5.53359e+09	7.23379e+09	6.68377e+09	7.37362e+09	7.1596e+09	8.28052e+09	8.3477e+09	8.36449e+09	8.19577e+09	8.06363e+09	8.21455e+09	7.72372e+09	7.6582e+09	6.87333e+09	8.05619e+09	7.68699e+09	7.67831e+09	7.29522e+09	6.51292e+09	6.68018e+09	6.5366e+09	6.51616e+09	6.54938e+09	6.6374e+09	6.79014e+09	6.72201e+09	6.34964e+09	5.77486e+09	6.59371e+09	7.94044e+09	8.36721e+09	7.87331e+09	7.81864e+09	7.87801e+09	7.26399e+09	7.80847e+09	7.9394e+09	7.96215e+09	8.05561e+09	8.06484e+09	7.51269e+09	5.99086e+09	5.74742e+09	7.46951e+09	7.75573e+09	8.08003e+09	5.99595e+09	6.69312e+09	6.76589e+09	7.42828e+09	7.40337e+09	6.67692e+09	7.40794e+09	7.54906e+09	7.61663e+09	6.47952e+09	6.44483e+09	7.6025e+09	6.64425e+09	6.30495e+09	6.13556e+09	7.26127e+09	7.20528e+09	6.16555e+09	7.25711e+09	7.4603e+09	7.06339e+09	7.63731e+09	7.29348e+09	8.11849e+09	6.92318e+09
ERR608758	5.64285e+09	6.29636e+09	6.26891e+09	6.31237e+09	5.71529e+09	5.75075e+09	5.79169e+09	4.92506e+09	6.21241e+09	4.88079e+09	5.74951e+09	6.14121e+09	5.4397e+09	6.7119e+09	6.32635e+09	6.66657e+09	6.35297e+09	5.392e+09	6.26048e+09	6.73026e+09	6.70822e+09	6.67614e+09	6.72707e+09	6.62262e+09	5.88724e+09	4.8081e+09	6.18478e+09	5.74837e+09	6.29168e+09	6.12517e+09	6.77332e+09	6.82478e+09	6.8388e+09	6.70792e+09	6.60577e+09	6.72212e+09	6.40553e+09	6.35775e+09	5.7467e+09	6.66374e+09	6.37984e+09	6.37347e+09	6.25955e+09	5.64704e+09	5.78068e+09	5.66925e+09	5.64948e+09	5.67562e+09	5.75753e+09	5.87788e+09	5.82213e+09	5.52761e+09	5.06836e+09	5.72356e+09	6.68136e+09	7.01254e+09	6.63081e+09	6.58847e+09	6.63491e+09	6.15674e+09	6.51987e+09	6.61867e+09	6.63599e+09	6.7095e+09	6.71654e+09	6.2898e+09	5.19867e+09	5.00149e+09	6.35758e+09	6.57628e+09	6.82678e+09	5.20297e+09	5.75949e+09	5.81509e+09	6.31752e+09	6.2992e+09	5.74714e+09	6.30294e+09	6.42869e+09	6.47984e+09	5.59926e+09	5.5758e+09	6.46912e+09	5.72841e+09	5.44393e+09	5.3141e+09	6.18647e+09	6.14503e+09	5.33331e+09	6.18447e+09	6.30263e+09	5.99171e+09	6.4424e+09	6.17209e+09	6.82228e+09	5.87626e+09
ERR608757	4.75684e+09	5.25331e+09	5.231e+09	5.26524e+09	4.80164e+09	4.8302e+09	4.83574e+09	4.14076e+09	5.16622e+09	4.10605e+09	4.8038e+09	5.10764e+09	4.58249e+09	5.58659e+09	5.28824e+09	5.55235e+09	5.3079e+09	4.54573e+09	5.2492e+09	5.61853e+09	5.6019e+09	5.56842e+09	5.61635e+09	5.53359e+09	4.8081e+09	4.26853e+09	5.1796e+09	4.84568e+09	5.26396e+09	5.13653e+09	5.65715e+09	5.70128e+09	5.70563e+09	5.6081e+09	5.53099e+09	5.61862e+09	5.36515e+09	5.32412e+09	4.86032e+09	5.56176e+09	5.34166e+09	5.33604e+09	5.21397e+09	4.73455e+09	4.83862e+09	4.74636e+09	4.73797e+09	4.75839e+09	4.7946e+09	4.8956e+09	4.85202e+09	4.62548e+09	4.24327e+09	4.77233e+09	5.57322e+09	5.82646e+09	5.53086e+09	5.49882e+09	5.53392e+09	5.17532e+09	5.45735e+09	5.53514e+09	5.54691e+09	5.60251e+09	5.60989e+09	5.28559e+09	4.40801e+09	4.25631e+09	5.31537e+09	5.48468e+09	5.67346e+09	4.41277e+09	4.84874e+09	4.89451e+09	5.29526e+09	5.28033e+09	4.84055e+09	5.28303e+09	5.37249e+09	5.4113e+09	4.72601e+09	4.7011e+09	5.40332e+09	4.8263e+09	4.60502e+09	4.49825e+09	5.18521e+09	5.15377e+09	4.52023e+09	5.18448e+09	5.29337e+09	5.05241e+09	5.40362e+09	5.19104e+09	5.693e+09	4.96818e+09
ERR608760	6.12975e+09	6.87988e+09	6.84895e+09	6.8986e+09	6.21779e+09	6.25819e+09	6.32329e+09	5.35183e+09	6.80156e+09	5.30161e+09	6.27439e+09	6.72026e+09	5.90485e+09	7.3445e+09	6.90162e+09	7.29194e+09	6.93382e+09	5.85072e+09	6.82238e+09	7.35771e+09	7.33188e+09	7.29959e+09	7.35435e+09	7.23379e+09	6.18478e+09	5.1796e+09	6.95506e+09	6.24138e+09	6.86407e+09	6.66915e+09	7.40449e+09	7.46122e+09	7.48049e+09	7.32851e+09	7.21067e+09	7.34538e+09	6.98598e+09	6.934e+09	6.2335e+09	7.28337e+09	6.95911e+09	6.95156e+09	6.84684e+09	6.15249e+09	6.30426e+09	6.18094e+09	6.15404e+09	6.18428e+09	6.29966e+09	6.43252e+09	6.36964e+09	6.03309e+09	5.5261e+09	6.25808e+09	7.30668e+09	7.68808e+09	7.25126e+09	7.2029e+09	7.25613e+09	6.70302e+09	7.11259e+09	7.22476e+09	7.24654e+09	7.33114e+09	7.33774e+09	6.84592e+09	5.63232e+09	5.40964e+09	6.94129e+09	7.19109e+09	7.48046e+09	5.63709e+09	6.26045e+09	6.323e+09	6.88852e+09	6.86833e+09	6.2462e+09	6.87333e+09	7.02196e+09	7.0808e+09	6.08079e+09	6.05717e+09	7.0684e+09	6.22759e+09	5.90312e+09	5.75974e+09	6.74481e+09	6.69639e+09	5.7784e+09	6.742e+09	6.86899e+09	6.51541e+09	7.02701e+09	6.72048e+09	7.46272e+09	6.38234e+09
ERR608762	5.69326e+09	6.35495e+09	6.32694e+09	6.37109e+09	5.76614e+09	5.803e+09	5.84814e+09	4.97133e+09	6.27498e+09	4.92664e+09	5.80547e+09	6.20237e+09	5.48837e+09	6.7759e+09	6.38409e+09	6.72957e+09	6.41236e+09	5.43966e+09	6.31694e+09	6.7935e+09	6.77089e+09	6.73776e+09	6.79039e+09	6.68377e+09	5.74837e+09	4.84568e+09	6.24138e+09	5.98992e+09	6.34961e+09	6.17817e+09	6.83668e+09	6.88936e+09	6.90281e+09	6.77089e+09	6.66642e+09	6.78547e+09	6.46358e+09	6.41544e+09	5.79575e+09	6.72498e+09	6.43719e+09	6.43053e+09	6.31736e+09	5.69712e+09	5.83314e+09	5.71977e+09	5.69966e+09	5.72621e+09	5.81325e+09	5.93617e+09	5.87988e+09	5.58026e+09	5.11612e+09	5.77904e+09	6.74239e+09	7.078e+09	6.69087e+09	6.64781e+09	6.6953e+09	6.20968e+09	6.57915e+09	6.67938e+09	6.69764e+09	6.77208e+09	6.77973e+09	6.34581e+09	5.2424e+09	5.04235e+09	6.4152e+09	6.63623e+09	6.89002e+09	5.24691e+09	5.80859e+09	5.86544e+09	6.3734e+09	6.35538e+09	5.7965e+09	6.3593e+09	6.48656e+09	6.53751e+09	5.64715e+09	5.62315e+09	6.52758e+09	5.77755e+09	5.4889e+09	5.35801e+09	6.24079e+09	6.19937e+09	5.37716e+09	6.23912e+09	6.35682e+09	6.04232e+09	6.49954e+09	6.2249e+09	6.88462e+09	5.92483e+09
ERR608761	6.23579e+09	7.00495e+09	6.97319e+09	7.02429e+09	6.32544e+09	6.36724e+09	6.43359e+09	5.43747e+09	6.92367e+09	5.38631e+09	6.38299e+09	6.84115e+09	6.00502e+09	7.48513e+09	7.02916e+09	7.43099e+09	7.06225e+09	5.94913e+09	6.94992e+09	7.50101e+09	7.47449e+09	7.44123e+09	7.49763e+09	7.37362e+09	6.29168e+09	5.26396e+09	6.86407e+09	6.34961e+09	7.20727e+09	6.78926e+09	7.5525e+09	7.61113e+09	7.63021e+09	7.47431e+09	7.35331e+09	7.49165e+09	7.11947e+09	7.06544e+09	6.34742e+09	7.42452e+09	7.09138e+09	7.08382e+09	6.97018e+09	6.25826e+09	6.41352e+09	6.28637e+09	6.26012e+09	6.29078e+09	6.40982e+09	6.54672e+09	6.48216e+09	6.13754e+09	5.61827e+09	6.36795e+09	7.44821e+09	7.83975e+09	7.39091e+09	7.34083e+09	7.39577e+09	6.82875e+09	7.24824e+09	7.3639e+09	7.3856e+09	7.47252e+09	7.47977e+09	6.97455e+09	5.7299e+09	5.50181e+09	7.07261e+09	7.3297e+09	7.62586e+09	5.73412e+09	6.37306e+09	6.43744e+09	7.01993e+09	6.99865e+09	6.35839e+09	7.00319e+09	7.15441e+09	7.21479e+09	6.18814e+09	6.16324e+09	7.20299e+09	6.33898e+09	6.00601e+09	5.85809e+09	6.86971e+09	6.82022e+09	5.87749e+09	6.86724e+09	7.00164e+09	6.63906e+09	7.16432e+09	6.84928e+09	7.6113e+09	6.50377e+09
ERR608759	6.06617e+09	6.79922e+09	6.76835e+09	6.81645e+09	6.14927e+09	6.18881e+09	6.24689e+09	5.28827e+09	6.71628e+09	5.23914e+09	6.19905e+09	6.63699e+09	5.84346e+09	7.26448e+09	6.82947e+09	7.21144e+09	6.86079e+09	5.7908e+09	6.75454e+09	7.28052e+09	7.25541e+09	7.22252e+09	7.27704e+09	7.1596e+09	6.12517e+09	5.13653e+09	6.66915e+09	6.17817e+09	6.78926e+09	6.80987e+09	7.33124e+09	7.38734e+09	7.40468e+09	7.25802e+09	7.14237e+09	7.27398e+09	6.91829e+09	6.86593e+09	6.18093e+09	7.20821e+09	6.89013e+09	6.88235e+09	6.76558e+09	6.08304e+09	6.23174e+09	6.10899e+09	6.08492e+09	6.11452e+09	6.22056e+09	6.35269e+09	6.29068e+09	5.96165e+09	5.45915e+09	6.18155e+09	7.23239e+09	7.60433e+09	7.17624e+09	7.12866e+09	7.18102e+09	6.64194e+09	7.04364e+09	7.15386e+09	7.17371e+09	7.25635e+09	7.26381e+09	6.78252e+09	5.57982e+09	5.36071e+09	6.86961e+09	7.11518e+09	7.39753e+09	5.5847e+09	6.20141e+09	6.26352e+09	6.82293e+09	6.8026e+09	6.18751e+09	6.80721e+09	6.94977e+09	7.00747e+09	6.02357e+09	5.99851e+09	6.99559e+09	6.16752e+09	5.85041e+09	5.70731e+09	6.67892e+09	6.63216e+09	5.72701e+09	6.67657e+09	6.80798e+09	6.46078e+09	6.96381e+09	6.66207e+09	7.38963e+09	6.33097e+09
ERR637122	6.72401e+09	7.56923e+09	7.53108e+09	7.59026e+09	6.79889e+09	6.84733e+09	6.94326e+09	5.80937e+09	7.50291e+09	5.75508e+09	6.88693e+09	7.40518e+09	6.52931e+09	8.26678e+09	7.73337e+09	8.20245e+09	7.76779e+09	6.46869e+09	7.76193e+09	8.43949e+09	8.41061e+09	8.34652e+09	8.43613e+09	8.28052e+09	6.77332e+09	5.65715e+09	7.40449e+09	6.83668e+09	7.5525e+09	7.33124e+09	8.9606e+09	8.78628e+09	8.79524e+09	8.61975e+09	8.47337e+09	8.64021e+09	7.94297e+09	7.86653e+09	7.05506e+09	8.29468e+09	7.89789e+09	7.88807e+09	7.46656e+09	6.64995e+09	6.82327e+09	6.6704e+09	6.65477e+09	6.68927e+09	6.79841e+09	6.96279e+09	6.89194e+09	6.5078e+09	5.89594e+09	6.75654e+09	8.15728e+09	8.61342e+09	8.08079e+09	8.02132e+09	8.08532e+09	7.44779e+09	8.01475e+09	8.15377e+09	8.17124e+09	8.2693e+09	8.28285e+09	7.70692e+09	6.12814e+09	5.87795e+09	7.66794e+09	7.96831e+09	8.30475e+09	6.13388e+09	6.86418e+09	6.94132e+09	7.64405e+09	7.61721e+09	6.84726e+09	7.62318e+09	7.75219e+09	7.8235e+09	6.63856e+09	6.59804e+09	7.80787e+09	6.80897e+09	6.44747e+09	6.26885e+09	7.44254e+09	7.38246e+09	6.30489e+09	7.4373e+09	7.70148e+09	7.27769e+09	7.89191e+09	7.5202e+09	8.40253e+09	7.13595e+09
ERR637119	6.78444e+09	7.63689e+09	7.59759e+09	7.65754e+09	6.85662e+09	6.90686e+09	7.00336e+09	5.85319e+09	7.5709e+09	5.79835e+09	6.94728e+09	7.47145e+09	6.57592e+09	8.33457e+09	7.79601e+09	8.27002e+09	7.83056e+09	6.51411e+09	7.82039e+09	8.50936e+09	8.4808e+09	8.41156e+09	8.5068e+09	8.3477e+09	6.82478e+09	5.70128e+09	7.46122e+09	6.88936e+09	7.61113e+09	7.38734e+09	8.78628e+09	9.13066e+09	8.87783e+09	8.69372e+09	8.55053e+09	8.7147e+09	8.00176e+09	7.92331e+09	7.10557e+09	8.35877e+09	7.95452e+09	7.94442e+09	7.53427e+09	6.70681e+09	6.88287e+09	6.72715e+09	6.71213e+09	6.74653e+09	6.87081e+09	7.03932e+09	6.96766e+09	6.57975e+09	5.95352e+09	6.8295e+09	8.22257e+09	8.68758e+09	8.14357e+09	8.08281e+09	8.14782e+09	7.50535e+09	8.07908e+09	8.22095e+09	8.23819e+09	8.33703e+09	8.35172e+09	7.77159e+09	6.17845e+09	5.92674e+09	7.73608e+09	8.04028e+09	8.37928e+09	6.18478e+09	6.92052e+09	6.99908e+09	7.7129e+09	7.6853e+09	6.90342e+09	7.69085e+09	7.82188e+09	7.89376e+09	6.69611e+09	6.65318e+09	7.87773e+09	6.86738e+09	6.49654e+09	6.31465e+09	7.50062e+09	7.4404e+09	6.3529e+09	7.49587e+09	7.76762e+09	7.33699e+09	7.96416e+09	7.58305e+09	8.48346e+09	7.1957e+09
ERR637118	6.79406e+09	7.65687e+09	7.61838e+09	7.67841e+09	6.87374e+09	6.92271e+09	7.03132e+09	5.88081e+09	7.60008e+09	5.82526e+09	6.97354e+09	7.50112e+09	6.59674e+09	8.35758e+09	7.81562e+09	8.29266e+09	7.85056e+09	6.53557e+09	7.83748e+09	8.52585e+09	8.49667e+09	8.43403e+09	8.52331e+09	8.36449e+09	6.8388e+09	5.70563e+09	7.48049e+09	6.90281e+09	7.63021e+09	7.40468e+09	8.79524e+09	8.87783e+09	9.14828e+09	8.70219e+09	8.55876e+09	8.72302e+09	8.01992e+09	7.94311e+09	7.1148e+09	8.37954e+09	7.97432e+09	7.96441e+09	7.55481e+09	6.72436e+09	6.90109e+09	6.74699e+09	6.7291e+09	6.76392e+09	6.89006e+09	7.05573e+09	6.98381e+09	6.59236e+09	5.9726e+09	6.84645e+09	8.23983e+09	8.7068e+09	8.16218e+09	8.10139e+09	8.16693e+09	7.51418e+09	8.09429e+09	8.2355e+09	8.25371e+09	8.35377e+09	8.36681e+09	7.78105e+09	6.18549e+09	5.93165e+09	7.74794e+09	8.05361e+09	8.39784e+09	6.19101e+09	6.93075e+09	7.00819e+09	7.71951e+09	7.6924e+09	6.91307e+09	7.69827e+09	7.83336e+09	7.90653e+09	6.70341e+09	6.66393e+09	7.89036e+09	6.87645e+09	6.50606e+09	6.32584e+09	7.51425e+09	7.45331e+09	6.36102e+09	7.50873e+09	7.77297e+09	7.3413e+09	7.96735e+09	7.58858e+09	8.49073e+09	7.19609e+09
