	SRR1734607	SRR1734608	SRR1734609	SRR1734610	SRR1734612	SRR1734617	SRR1734618	SRR1734619	SRR1734620
SRR1734607	9.16065e+10	9.26819e+10	7.34917e+10	7.90771e+10	7.7044e+10	8.45347e+10	9.52485e+10	9.01984e+10	7.6757e+10
SRR1734608	9.26819e+10	1.17314e+11	8.38665e+10	9.06679e+10	9.3539e+10	1.0326e+11	9.95532e+10	1.04972e+11	8.8338e+10
SRR1734609	7.34917e+10	8.38665e+10	7.98898e+10	6.97554e+10	7.70007e+10	8.39744e+10	8.02908e+10	8.43765e+10	6.9654e+10
SRR1734610	7.90771e+10	9.06679e+10	6.97554e+10	7.93054e+10	7.53981e+10	8.27193e+10	8.35772e+10	8.77064e+10	7.51632e+10
SRR1734612	7.7044e+10	9.3539e+10	7.70007e+10	7.53981e+10	8.49599e+10	9.09618e+10	8.37262e+10	8.91148e+10	7.45956e+10
SRR1734617	8.45347e+10	1.0326e+11	8.39744e+10	8.27193e+10	9.09618e+10	1.04256e+11	9.21094e+10	9.7817e+10	8.16176e+10
SRR1734618	9.52485e+10	9.95532e+10	8.02908e+10	8.35772e+10	8.37262e+10	9.21094e+10	1.05935e+11	9.67172e+10	8.0971e+10
SRR1734619	9.01984e+10	1.04972e+11	8.43765e+10	8.77064e+10	8.91148e+10	9.7817e+10	9.67172e+10	1.06043e+11	8.64962e+10
SRR1734620	7.6757e+10	8.8338e+10	6.9654e+10	7.51632e+10	7.45956e+10	8.16176e+10	8.0971e+10	8.64962e+10	7.66187e+10
