	SRR1734599	SRR1734600	SRR1734601	SRR1734602	SRR1734603	SRR1734604	SRR1734611	SRR1734613	SRR1734614	SRR1734615	SRR1734616
SRR1734599	5.5123e+10	1.8511e+10	1.61968e+10	1.51938e+10	1.52731e+10	1.74906e+10	1.72316e+10	2.13664e+10	2.543e+10	2.09716e+10	1.84292e+10
SRR1734600	1.8511e+10	3.90547e+10	1.53268e+10	1.12218e+10	1.16427e+10	1.28385e+10	1.32012e+10	4.36927e+10	1.76659e+10	1.61353e+10	1.36485e+10
SRR1734601	1.61968e+10	1.53268e+10	3.97047e+10	1.08962e+10	1.06911e+10	1.26561e+10	1.22295e+10	1.79601e+10	1.60532e+10	1.59271e+10	1.3495e+10
SRR1734602	1.51938e+10	1.12218e+10	1.08962e+10	3.99951e+10	1.95752e+10	2.73884e+10	2.66196e+10	1.323e+10	1.63908e+10	1.32745e+10	2.45941e+10
SRR1734603	1.52731e+10	1.16427e+10	1.06911e+10	1.95752e+10	3.59927e+10	2.2223e+10	2.16951e+10	1.36892e+10	1.59009e+10	1.35793e+10	2.58559e+10
SRR1734604	1.74906e+10	1.28385e+10	1.26561e+10	2.73884e+10	2.2223e+10	5.16308e+10	2.97587e+10	1.52098e+10	1.90303e+10	1.50867e+10	2.89524e+10
SRR1734611	1.72316e+10	1.32012e+10	1.22295e+10	2.66196e+10	2.16951e+10	2.97587e+10	5.25496e+10	1.6216e+10	1.97505e+10	1.524e+10	2.79581e+10
SRR1734613	2.13664e+10	4.36927e+10	1.79601e+10	1.323e+10	1.36892e+10	1.52098e+10	1.6216e+10	5.55406e+10	2.13092e+10	1.98353e+10	1.68747e+10
SRR1734614	2.543e+10	1.76659e+10	1.60532e+10	1.63908e+10	1.59009e+10	1.90303e+10	1.97505e+10	2.13092e+10	5.88736e+10	2.10071e+10	2.0816e+10
SRR1734615	2.09716e+10	1.61353e+10	1.59271e+10	1.32745e+10	1.35793e+10	1.50867e+10	1.524e+10	1.98353e+10	2.10071e+10	4.38236e+10	1.72825e+10
SRR1734616	1.84292e+10	1.36485e+10	1.3495e+10	2.45941e+10	2.58559e+10	2.89524e+10	2.79581e+10	1.68747e+10	2.0816e+10	1.72825e+10	5.70449e+10
