	SRR1734599	SRR1734600	SRR1734601	SRR1734602	SRR1734603	SRR1734604	SRR1734611	SRR1734613	SRR1734614	SRR1734615	SRR1734616
SRR1734599	0	1.0964	1.14349	1.16311	1.1464	1.15943	1.16605	1.10801	1.05224	1.0708	1.15875
SRR1734600	1.0964	0	1.10524	1.19671	1.17428	1.19507	1.19046	0.351741	1.12391	1.10452	1.19234
SRR1734601	1.14349	1.10524	0	1.20546	1.19766	1.20039	1.21018	1.11134	1.15583	1.11191	1.19703
SRR1734602	1.16311	1.19671	1.20546	0	0.983935	0.891391	0.915808	1.19941	1.15084	1.1687	0.984992
SRR1734603	1.1464	1.17428	1.19766	0.983935	0	0.984364	1.00115	1.17799	1.14418	1.14725	0.926697
SRR1734604	1.15943	1.19507	1.20039	0.891391	0.984364	0	0.925944	1.19664	1.14441	1.16862	0.965935
SRR1734611	1.16605	1.19046	1.21018	0.915808	1.00115	0.925944	0	1.18308	1.13571	1.16827	0.989303
SRR1734613	1.10801	0.351741	1.11134	1.19941	1.17799	1.19664	1.18308	0	1.12013	1.09357	1.18339
SRR1734614	1.05224	1.12391	1.15583	1.15084	1.14418	1.14441	1.13571	1.12013	0	1.08298	1.13208
SRR1734615	1.0708	1.10452	1.11191	1.1687	1.14725	1.16862	1.16827	1.09357	1.08298	0	1.14398
SRR1734616	1.15875	1.19234	1.19703	0.984992	0.926697	0.965935	0.989303	1.18339	1.13208	1.14398	0
