	SRR1734607	SRR1734608	SRR1734609	SRR1734610	SRR1734612	SRR1734617	SRR1734618	SRR1734619	SRR1734620
SRR1734607	4.66858e+09	1.42133e+08	1.62035e+09	1.01729e+09	1.32794e+08	1.20348e+08	4.83862e+09	1.14332e+09	9.86405e+08
SRR1734608	1.42133e+08	6.19218e+09	2.54617e+09	3.56521e+09	4.77285e+09	5.34921e+09	1.86219e+08	4.15459e+09	3.46944e+09
SRR1734609	1.62035e+09	2.54617e+09	4.32507e+09	2.46073e+09	2.49989e+09	2.81752e+09	1.87302e+09	3.22692e+09	2.47799e+09
SRR1734610	1.01729e+09	3.56521e+09	2.46073e+09	3.85236e+09	2.86995e+09	3.22284e+09	1.08731e+09	4.01606e+09	3.60294e+09
SRR1734612	1.32794e+08	4.77285e+09	2.49989e+09	2.86995e+09	4.56926e+09	4.90187e+09	2.07226e+08	3.46703e+09	2.8524e+09
SRR1734617	1.20348e+08	5.34921e+09	2.81752e+09	3.22284e+09	4.90187e+09	5.93249e+09	2.0947e+08	3.87179e+09	3.21283e+09
SRR1734618	4.83862e+09	1.86219e+08	1.87302e+09	1.08731e+09	2.07226e+08	2.0947e+08	5.59842e+09	1.26011e+09	1.04661e+09
SRR1734619	1.14332e+09	4.15459e+09	3.22692e+09	4.01606e+09	3.46703e+09	3.87179e+09	1.26011e+09	5.15359e+09	4.01839e+09
SRR1734620	9.86405e+08	3.46944e+09	2.47799e+09	3.60294e+09	2.8524e+09	3.21283e+09	1.04661e+09	4.01839e+09	3.93818e+09
