	SRR1734599	SRR1734600	SRR1734601	SRR1734602	SRR1734603	SRR1734604	SRR1734611	SRR1734613	SRR1734614	SRR1734615	SRR1734616
SRR1734599	1.10425e+11	5.48693e+10	5.18282e+10	5.16024e+10	5.0875e+10	5.6606e+10	5.65302e+10	6.18268e+10	6.77863e+10	5.9163e+10	5.91827e+10
SRR1734600	5.48693e+10	7.95318e+10	4.79491e+10	4.415e+10	4.38401e+10	4.80903e+10	4.86195e+10	8.79408e+10	5.52276e+10	5.02446e+10	5.05116e+10
SRR1734601	5.18282e+10	4.79491e+10	8.54469e+10	4.28962e+10	4.2019e+10	4.7076e+10	4.6843e+10	5.43837e+10	5.27556e+10	4.97902e+10	4.95437e+10
SRR1734602	5.16024e+10	4.415e+10	4.28962e+10	8.27213e+10	5.34405e+10	6.55952e+10	6.50138e+10	5.00961e+10	5.43468e+10	4.76029e+10	6.3584e+10
SRR1734603	5.0875e+10	4.38401e+10	4.2019e+10	5.34405e+10	7.60209e+10	5.86983e+10	5.80767e+10	4.96353e+10	5.27053e+10	4.7132e+10	6.4736e+10
SRR1734604	5.6606e+10	4.80903e+10	4.7076e+10	6.55952e+10	5.86983e+10	1.00664e+11	7.10376e+10	5.4914e+10	5.99385e+10	5.19529e+10	7.14359e+10
SRR1734611	5.65302e+10	4.86195e+10	4.6843e+10	6.50138e+10	5.80767e+10	7.10376e+10	1.0336e+11	5.70322e+10	6.17648e+10	5.28919e+10	7.10482e+10
SRR1734613	6.18268e+10	8.79408e+10	5.43837e+10	5.00961e+10	4.96353e+10	5.4914e+10	5.70322e+10	1.08045e+11	6.42428e+10	5.90198e+10	5.94023e+10
SRR1734614	6.77863e+10	5.52276e+10	5.27556e+10	5.43468e+10	5.27053e+10	5.99385e+10	6.17648e+10	6.42428e+10	1.19192e+11	6.12301e+10	6.45609e+10
SRR1734615	5.9163e+10	5.02446e+10	4.97902e+10	4.76029e+10	4.7132e+10	5.19529e+10	5.28919e+10	5.90198e+10	6.12301e+10	9.18054e+10	5.67355e+10
SRR1734616	5.91827e+10	5.05116e+10	4.95437e+10	6.3584e+10	6.4736e+10	7.14359e+10	7.10482e+10	5.94023e+10	6.45609e+10	5.67355e+10	1.12475e+11
