	SRR1734607	SRR1734608	SRR1734609	SRR1734610	SRR1734612	SRR1734617	SRR1734618	SRR1734619	SRR1734620
SRR1734607	0	1.3954	1.13084	1.23298	1.39373	1.39795	0.327275	1.23848	1.24093
SRR1734608	1.3954	0	1.00796	0.734899	0.453233	0.484622	1.39167	0.727397	0.771271
SRR1734609	1.13084	1.00796	0	0.891245	0.935583	0.942097	1.11298	0.795617	0.893959
SRR1734610	1.23298	0.734899	0.891245	0	0.794921	0.807278	1.23763	0.444239	0.387275
SRR1734612	1.39373	0.453233	0.935583	0.794921	0	0.342053	1.38494	0.755694	0.809422
SRR1734617	1.39795	0.484622	0.942097	0.807278	0.342053	0	1.38827	0.774303	0.818911
SRR1734618	0.327275	1.39167	1.11298	1.23763	1.38494	1.38827	0	1.23726	1.24668
SRR1734619	1.23848	0.727397	0.795617	0.444239	0.755694	0.774303	1.23726	0	0.464829
SRR1734620	1.24093	0.771271	0.893959	0.387275	0.809422	0.818911	1.24668	0.464829	0
