	SRR1734599	SRR1734600	SRR1734601	SRR1734602	SRR1734603	SRR1734604	SRR1734611	SRR1734613	SRR1734614	SRR1734615	SRR1734616
SRR1734599	0	0.910497	0.965856	0.959253	0.943113	0.962397	0.970423	0.931633	0.904591	0.908186	0.968456
SRR1734600	0.910497	0	0.914712	0.954655	0.93401	0.961807	0.963072	0.320394	0.93034	0.907733	0.965335
SRR1734601	0.965856	0.914712	0	0.989721	0.978415	0.99238	1.00155	0.931664	0.976982	0.935775	0.994612
SRR1734602	0.959253	0.954655	0.989721	0	0.807589	0.749894	0.770576	0.969641	0.951505	0.952629	0.825601
SRR1734603	0.943113	0.93401	0.978415	0.807589	0	0.811174	0.830448	0.951134	0.94479	0.93362	0.774485
SRR1734604	0.962397	0.961807	0.99238	0.749894	0.811174	0	0.779199	0.973085	0.951633	0.95872	0.810736
SRR1734611	0.970423	0.963072	1.00155	0.770576	0.830448	0.779199	0	0.959493	0.94184	0.956061	0.825898
SRR1734613	0.931633	0.320394	0.931664	0.969641	0.951134	0.973085	0.959493	0	0.931552	0.902663	0.960358
SRR1734614	0.904591	0.93034	0.976982	0.951505	0.94479	0.951633	0.94184	0.931552	0	0.910672	0.940645
SRR1734615	0.908186	0.907733	0.935775	0.952629	0.93362	0.95872	0.956061	0.902663	0.910672	0	0.939859
SRR1734616	0.968456	0.965335	0.994612	0.825601	0.774485	0.810736	0.825898	0.960358	0.940645	0.939859	0
