	SRR1523634	SRR1523636	SRR1523640	SRR1523641	SRR1523649	SRR1524309	SRR1524310	SRR1524311	SRR1524312	SRR1523635	SRR1524331	SRR1524336	SRR1524337	SRR1524338	SRR1524339	SRR1524340	SRR1524341	SRR1524342	SRR1524343	SRR1524344	SRR1524345	SRR1524346	SRR1524347	SRR1524581	SRR1524582	SRR1524583	SRR1524585	SRR1524586	SRR1524587	SRR1524590	SRR1524588	SRR1524592	SRR1524595	SRR1524593	SRR1524597	SRR1524599	SRR1524600	SRR1524602	SRR1524604	SRR1524606	SRR1524608	SRR1524610	SRR1524612	SRR1524613	SRR1524616	SRR1524618	SRR1524620	SRR1524348	SRR1524349	SRR1524350	SRR1524351	SRR1524352	SRR1524353	SRR1524354	SRR1524355	SRR1524356	SRR1524358	SRR1524360	SRR1524361	SRR1524362	SRR1524365	SRR1524369	SRR1524367	SRR1524370	SRR1524380	SRR1524383	SRR1524385	SRR1524390	SRR1524388	SRR1524392	SRR1524394	SRR1524622	SRR1524624	SRR1524627	SRR1524628	SRR1524630	SRR1524632	SRR1524634	SRR1524636	SRR1524638	SRR1524640	SRR1524642	SRR1524645	SRR1524647	SRR1524649	SRR1524651	SRR1524653	SRR1524657	SRR1524659	SRR1524661	SRR1524663	SRR1524665	SRR1524668	SRR1524670	SRR1524396	SRR1524397	SRR1524399	SRR1524400	SRR1524408	SRR1524402	SRR1524404	SRR1524406	SRR1524410	SRR1524414	SRR1524412	SRR1524416	SRR1524418	SRR1524420	SRR1524422	SRR1524424	SRR1524426	SRR1524428	SRR1524430	SRR1524433	SRR1524435	SRR1524436	SRR1524438	SRR1524441	SRR1524442	SRR1524444	SRR1524445	SRR1524448	SRR1524450	SRR1524453	SRR1524455	SRR1524456	SRR1524473	SRR1524476	SRR1524478	SRR1524480	SRR1524540	SRR1524542	SRR1524562	SRR1524564	SRR1524566	SRR1524567	SRR1524569	SRR1524571	SRR1524573	SRR1524575	SRR1524576	SRR1524578	SRR1524673	SRR1524674	SRR1524675	SRR1524677	SRR1524679	SRR1524682	SRR1524684	SRR1524686	SRR1524687	SRR1524688	SRR1524690	SRR1524691	SRR1524692	SRR1524694	SRR1524696	SRR1524702	SRR1524706	SRR1524708	SRR1524710	SRR1524712	SRR1524714	SRR1524716	SRR1524718	SRR1524721	SRR1524722	SRR1524723	SRR1524724	SRR1524726	SRR1524728	SRR1524732	SRR1524730	SRR1524734	SRR1524736	SRR1524738	SRR1524740	SRR1524743	SRR1524745	SRR1524747	SRR1524749	SRR1524751	SRR1524752	SRR1524755	SRR1524757	SRR1524759	SRR1524761
SRR1523634	0	0.961054	1.2212	0.731897	1.07496	1.28307	0.651599	0.999751	1.25422	0.72762	1.09328	1.26747	0.669309	1.29183	0.676248	1.01495	1.27003	0.641696	1.02272	1.28386	0.661899	0.760395	1.25446	0.741519	1.04186	1.2574	0.777387	1.00117	1.21758	0.746355	0.959209	1.19132	0.846019	1.10311	1.2279	0.772157	0.972499	1.26147	0.909929	1.07786	1.22718	0.784701	0.991109	1.20206	0.785716	0.956945	1.2605	1.09719	1.23039	1.3315	1.16277	1.25849	1.35155	1.18015	1.22775	1.36005	1.10485	1.24054	1.30689	1.10126	1.26606	1.34745	1.10973	1.28495	1.3481	1.15052	1.13744	1.34136	1.10745	1.27729	1.35259	1.10352	1.28415	1.32605	1.11094	1.08911	1.30969	1.09613	1.22579	1.32652	1.11151	1.31861	1.102	1.27192	1.33773	1.05491	1.21608	1.33005	1.1257	1.2757	1.32852	1.09773	1.24488	1.32205	1.29006	1.32228	1.3686	1.24346	1.31744	1.36672	1.32938	1.33518	1.36724	1.27583	1.3277	1.37369	1.30841	1.33046	1.37647	1.30236	1.35966	1.37264	1.32217	1.34138	1.38143	1.31008	1.34673	1.39523	1.23565	1.25244	1.36197	1.21988	1.30157	1.3518	1.21943	1.26106	1.35332	1.21249	1.27153	1.34222	1.24645	1.30305	1.3523	1.19535	1.295	1.36036	1.23078	1.238	1.34468	1.24385	1.31011	1.35505	1.22215	1.30636	1.34048	1.22369	1.26106	1.351	1.29731	1.35483	1.38791	1.25726	1.3142	1.37405	1.27254	1.29939	1.38209	1.26502	1.2937	1.38142	1.23753	1.30357	1.36523	1.24006	1.2893	1.37844	1.15302	1.23977	1.36141	1.12992	1.21872	1.33611	1.16628	1.23631	1.35785	1.15242	1.35756	1.12791	1.16724	1.35106	1.36082	1.07073	1.12515	1.33236	1.11828	1.22378	1.34703
SRR1523636	0.961054	0	1.02372	0.891011	0.85574	1.07341	0.905125	0.826772	1.03587	0.896124	0.921647	1.09529	0.965463	1.13777	0.927191	0.870605	1.08023	1.01028	0.962682	1.16164	0.931056	0.979936	1.0971	1.00435	0.927965	1.07715	1.06357	0.875256	1.06741	1.07355	0.891391	1.00194	1.024	0.974513	1.10557	1.04294	0.924662	1.13652	1.04361	1.0203	1.11581	1.03392	0.898594	1.00964	1.0276	0.955956	1.13363	1.16085	1.17491	1.27043	1.20635	1.21137	1.29125	1.1972	1.20521	1.32837	1.15036	1.16756	1.221	1.16715	1.20637	1.28841	1.18071	1.2275	1.27848	1.20781	1.16213	1.27993	1.17419	1.24023	1.30287	1.19162	1.21575	1.26681	1.17934	1.16302	1.23681	1.18795	1.16556	1.25792	1.17523	1.24223	1.18075	1.21128	1.27424	1.1557	1.15562	1.26053	1.19683	1.22072	1.25416	1.18388	1.20004	1.25018	1.30449	1.27999	1.33064	1.26968	1.27765	1.32178	1.34637	1.29985	1.33583	1.29514	1.2788	1.34032	1.32444	1.29546	1.33795	1.32277	1.33244	1.34254	1.33424	1.31561	1.35254	1.32594	1.33224	1.38472	1.28707	1.24865	1.33373	1.26673	1.27089	1.30535	1.2833	1.24588	1.30439	1.27711	1.26005	1.28726	1.28084	1.27297	1.29748	1.2622	1.26937	1.31214	1.27334	1.22898	1.28435	1.2776	1.28584	1.31099	1.25688	1.2751	1.29159	1.26623	1.25414	1.29235	1.32246	1.33366	1.3593	1.29789	1.29742	1.34579	1.29784	1.28835	1.35957	1.30108	1.28429	1.35757	1.26887	1.28616	1.32217	1.28473	1.28495	1.35269	1.23265	1.23454	1.31046	1.22153	1.21744	1.28633	1.25544	1.23942	1.31833	1.22747	1.3138	1.20941	1.19522	1.3144	1.32299	1.20044	1.14956	1.27429	1.21572	1.21089	1.30663
SRR1523640	1.2212	1.02372	0	1.20438	1.0162	0.755301	1.16783	0.977172	0.776592	1.22053	1.02314	0.744389	1.22667	0.783736	1.21223	1.05687	0.711895	1.23177	1.13416	1.0259	1.2188	1.23563	0.788489	1.26476	1.1646	1.02666	1.28747	1.12805	1.06538	1.28756	1.15984	1.03476	1.25707	1.15822	1.10773	1.27449	1.17901	1.09167	1.23394	1.15303	1.0549	1.24913	1.12393	0.987229	1.25756	1.1879	1.08403	1.26948	1.24639	1.2657	1.29628	1.23981	1.214	1.28883	1.26516	1.23903	1.28376	1.22817	1.14357	1.2963	1.25378	1.20232	1.29248	1.24239	1.17315	1.30421	1.24687	1.1372	1.29586	1.26394	1.18662	1.3087	1.27278	1.25535	1.30873	1.28902	1.21241	1.29151	1.23453	1.18934	1.29055	1.2066	1.29878	1.23728	1.21197	1.29224	1.23783	1.21857	1.30969	1.26849	1.21862	1.30523	1.2344	1.18745	1.34597	1.32513	1.3015	1.33509	1.31963	1.25366	1.37384	1.3334	1.34449	1.35076	1.31611	1.25424	1.36148	1.33848	1.30708	1.36455	1.35027	1.29575	1.36594	1.34226	1.2954	1.36295	1.34178	1.25293	1.34706	1.32351	1.29971	1.33521	1.32007	1.25785	1.34937	1.31435	1.26139	1.34839	1.32346	1.21674	1.35013	1.32827	1.27799	1.34491	1.31714	1.20148	1.34793	1.31887	1.26334	1.34846	1.32868	1.27941	1.33333	1.29809	1.27288	1.34914	1.31932	1.26213	1.3626	1.3379	1.29066	1.35852	1.34364	1.29752	1.3596	1.33518	1.311	1.35885	1.33312	1.32513	1.34339	1.31456	1.30117	1.35589	1.32563	1.33239	1.32535	1.30141	1.25482	1.32221	1.29018	1.23172	1.33679	1.30904	1.24321	1.32308	1.27374	1.31302	1.28569	1.27566	1.27745	1.32152	1.27951	1.25196	1.32173	1.29091	1.27073
SRR1523641	0.731897	0.891011	1.20438	0	0.859011	1.19197	0.497544	0.836597	1.18611	0.467601	0.9195	1.20282	0.615118	1.24674	0.413694	0.808457	1.219	0.622206	0.884492	1.23707	0.54066	0.588219	1.21621	0.612421	0.841514	1.18197	0.705973	0.783495	1.14521	0.763024	0.76681	1.1063	0.762776	0.970506	1.18251	0.714216	0.781007	1.21098	0.859648	0.99735	1.1903	0.746368	0.846118	1.14965	0.722211	0.806114	1.20343	1.03975	1.15825	1.30303	1.13249	1.209	1.32001	1.11643	1.16823	1.34103	1.03319	1.18734	1.28884	1.02523	1.20103	1.32383	1.05477	1.23509	1.32225	1.09766	1.06084	1.3263	1.03642	1.23528	1.33963	1.05347	1.21692	1.28441	1.03137	1.02915	1.26738	1.05423	1.157	1.29727	1.03878	1.26519	1.05246	1.22142	1.315	0.997539	1.14088	1.30031	1.07172	1.21399	1.28448	1.05461	1.20353	1.29997	1.26933	1.29239	1.3561	1.20608	1.2885	1.34922	1.31341	1.30812	1.35055	1.24827	1.30377	1.36566	1.28885	1.30342	1.36111	1.28223	1.33926	1.35914	1.30351	1.3189	1.37281	1.29428	1.33711	1.39526	1.24249	1.23593	1.35436	1.21916	1.28537	1.33979	1.23069	1.23702	1.33667	1.22225	1.25429	1.32576	1.23319	1.27643	1.31945	1.19992	1.27984	1.34918	1.21767	1.19149	1.30844	1.23221	1.29208	1.33983	1.20822	1.26922	1.31009	1.21052	1.22883	1.3071	1.28699	1.32587	1.37119	1.24907	1.29153	1.36091	1.26021	1.27833	1.37123	1.25685	1.2703	1.36927	1.21734	1.26902	1.33554	1.22769	1.26509	1.36068	1.16426	1.21355	1.34086	1.14136	1.20183	1.31997	1.1818	1.21957	1.33868	1.14833	1.33288	1.12816	1.16109	1.33272	1.34421	1.11151	1.10346	1.30135	1.15465	1.20702	1.32298
SRR1523649	1.07496	0.85574	1.0162	0.859011	0	0.900944	0.911475	0.742314	0.945347	0.96988	0.84943	1.0134	1.0067	1.08537	0.962483	0.804214	1.01933	1.04766	0.983604	1.15214	0.995996	1.01478	1.03026	1.05004	0.953418	1.05386	1.1105	0.943062	1.08973	1.13684	0.971174	1.05176	1.09237	1.03369	1.16002	1.10195	0.986781	1.15619	1.13065	1.09922	1.16018	1.09505	0.98619	1.04665	1.09816	1.01069	1.13659	1.16336	1.15032	1.23768	1.21773	1.19653	1.25912	1.18844	1.18787	1.31505	1.16046	1.15242	1.21115	1.17772	1.18428	1.25454	1.18692	1.19436	1.23397	1.23075	1.15605	1.25323	1.1854	1.22425	1.27752	1.21347	1.19762	1.24112	1.19884	1.19404	1.21575	1.2149	1.17694	1.2493	1.2039	1.19402	1.20037	1.20954	1.25919	1.18713	1.1602	1.2444	1.22261	1.20202	1.23102	1.21459	1.21743	1.24803	1.30088	1.26915	1.32114	1.26136	1.2622	1.28927	1.34437	1.29133	1.32818	1.29358	1.27534	1.32582	1.32035	1.27578	1.31824	1.32102	1.31962	1.32362	1.33202	1.30554	1.33539	1.33098	1.31973	1.36492	1.30627	1.26747	1.33627	1.28665	1.28653	1.30853	1.30328	1.26822	1.31038	1.30192	1.27611	1.28937	1.29546	1.28108	1.28129	1.28159	1.28863	1.31403	1.28958	1.22476	1.27233	1.29541	1.28593	1.30686	1.26865	1.27196	1.28204	1.2874	1.26274	1.26339	1.32619	1.30493	1.33467	1.30943	1.29363	1.32924	1.30666	1.28475	1.34674	1.31194	1.28178	1.34849	1.26662	1.26173	1.2947	1.28659	1.27121	1.33919	1.26534	1.24514	1.30103	1.25881	1.24875	1.28355	1.28541	1.24657	1.29956	1.25116	1.30553	1.2382	1.22948	1.30164	1.30979	1.23964	1.16253	1.25736	1.25957	1.21521	1.28345
SRR1524309	1.28307	1.07341	0.755301	1.19197	0.900944	0	1.1815	0.996255	0.690323	1.25269	0.995112	0.65161	1.26316	0.711291	1.23277	1.04057	0.528087	1.25237	1.16612	1.01865	1.2521	1.26446	0.807753	1.28909	1.18803	1.00484	1.31681	1.13548	1.05226	1.32715	1.18179	1.0393	1.29862	1.19693	1.11882	1.30567	1.2028	1.07908	1.31253	1.23273	1.13058	1.2901	1.15226	0.985434	1.30419	1.23075	1.0586	1.30041	1.26327	1.2491	1.32453	1.26913	1.21851	1.30552	1.28391	1.25133	1.31371	1.24307	1.14036	1.3245	1.27444	1.20716	1.32274	1.26635	1.18141	1.33888	1.28331	1.16093	1.32637	1.28604	1.20748	1.34072	1.28444	1.27066	1.34027	1.33572	1.22477	1.3376	1.28045	1.21622	1.3319	1.19497	1.33919	1.2757	1.23247	1.32691	1.26989	1.24352	1.34361	1.274	1.21372	1.34397	1.28395	1.22126	1.35353	1.32798	1.31315	1.34263	1.32422	1.24409	1.37789	1.33749	1.35153	1.35731	1.32348	1.25187	1.36543	1.33728	1.30447	1.367	1.35365	1.29249	1.37141	1.34415	1.29631	1.3701	1.34504	1.24803	1.36108	1.34078	1.31602	1.35752	1.33959	1.2723	1.36398	1.33412	1.27542	1.36824	1.34083	1.2389	1.35988	1.33394	1.26487	1.35722	1.3372	1.20538	1.35782	1.31965	1.26349	1.35989	1.32932	1.27957	1.33729	1.29573	1.27406	1.35397	1.31399	1.22853	1.36812	1.32978	1.27326	1.36798	1.3404	1.2887	1.36255	1.33064	1.3071	1.36568	1.32796	1.32014	1.33683	1.3012	1.2748	1.35044	1.32089	1.32045	1.33989	1.30879	1.26205	1.3439	1.31738	1.24873	1.35752	1.31361	1.2307	1.34267	1.2762	1.33318	1.29696	1.28545	1.291	1.33864	1.28107	1.2496	1.34316	1.28953	1.24323
SRR1524310	0.651599	0.905125	1.16783	0.497544	0.911475	1.1815	0	0.790525	1.1311	0.55306	0.945598	1.17012	0.615824	1.23129	0.50022	0.837938	1.18123	0.603457	0.929173	1.23682	0.620446	0.639437	1.15635	0.628834	0.897298	1.17944	0.735215	0.844739	1.15391	0.732494	0.793318	1.10067	0.806534	0.998199	1.18537	0.727753	0.824697	1.20801	0.863246	1.00201	1.17808	0.738528	0.860931	1.12305	0.737712	0.827023	1.2056	1.03292	1.16716	1.31169	1.12617	1.21207	1.32116	1.11668	1.17516	1.34511	1.03409	1.18664	1.28172	1.02213	1.19123	1.30697	1.03721	1.22124	1.30664	1.08242	1.05345	1.30357	1.0363	1.21548	1.31981	1.04818	1.23166	1.28956	1.04763	1.03501	1.26432	1.04084	1.15569	1.28894	1.04738	1.27096	1.05491	1.21565	1.30152	0.992472	1.13351	1.29133	1.06784	1.22651	1.28936	1.04968	1.19724	1.28614	1.25346	1.28355	1.34551	1.19201	1.28006	1.33821	1.30015	1.29522	1.34189	1.23938	1.29045	1.3525	1.27538	1.29238	1.3481	1.26983	1.33181	1.34708	1.28665	1.30289	1.36134	1.28101	1.31996	1.38973	1.22165	1.22315	1.3516	1.2052	1.27991	1.33794	1.20934	1.23712	1.33973	1.20484	1.24633	1.32093	1.2195	1.27006	1.31356	1.17949	1.26783	1.34307	1.19672	1.18586	1.31111	1.21996	1.28364	1.33314	1.18266	1.26632	1.30539	1.18849	1.21677	1.30582	1.26279	1.32227	1.36589	1.22525	1.2747	1.35156	1.23906	1.25961	1.36041	1.23369	1.24958	1.36087	1.19452	1.25817	1.32912	1.2038	1.24593	1.35378	1.12757	1.20363	1.33567	1.11198	1.18678	1.30807	1.14888	1.20542	1.33664	1.12367	1.33371	1.10416	1.13528	1.32476	1.33629	1.07523	1.08206	1.29642	1.12123	1.20295	1.33578
SRR1524311	0.999751	0.826772	0.977172	0.836597	0.742314	0.996255	0.790525	0	0.836261	0.84719	0.831572	0.987276	0.903616	1.08682	0.863295	0.744971	0.974907	0.944871	0.946417	1.1363	0.924577	0.918457	0.932453	0.963163	0.899424	1.04475	1.01547	0.850858	1.04169	1.03704	0.854238	0.97937	1.00323	0.966834	1.11826	1.00152	0.902823	1.13179	1.04316	1.02323	1.09201	1.00001	0.875986	0.975251	1.00151	0.941048	1.11844	1.12106	1.14368	1.28432	1.18963	1.18173	1.26293	1.17288	1.17713	1.31258	1.11992	1.14488	1.22542	1.12094	1.14171	1.23208	1.12758	1.15559	1.21826	1.17127	1.10132	1.23965	1.12961	1.17874	1.26525	1.1571	1.20918	1.24978	1.14559	1.13272	1.20007	1.14963	1.12491	1.23419	1.14174	1.22677	1.14661	1.18398	1.24457	1.11753	1.10154	1.22381	1.16704	1.22134	1.25001	1.1524	1.17937	1.22789	1.25867	1.23783	1.29671	1.21567	1.23677	1.28506	1.31277	1.2593	1.29573	1.2586	1.24087	1.32016	1.28402	1.25881	1.30493	1.28791	1.30024	1.30508	1.29429	1.27435	1.32278	1.29282	1.30098	1.37297	1.25853	1.22727	1.31998	1.24985	1.26618	1.30444	1.26999	1.2464	1.31379	1.25727	1.25491	1.28721	1.25897	1.26341	1.28135	1.24481	1.2598	1.30127	1.25069	1.21053	1.27181	1.25796	1.27602	1.29835	1.23601	1.25819	1.2759	1.2542	1.24736	1.2841	1.29339	1.30559	1.33516	1.27004	1.27853	1.3187	1.27355	1.26472	1.33389	1.27123	1.25513	1.3349	1.24428	1.25576	1.29609	1.2605	1.25533	1.33018	1.21865	1.2029	1.28701	1.20727	1.21118	1.26326	1.24492	1.23749	1.3164	1.2045	1.30726	1.19807	1.18877	1.29095	1.29259	1.20307	1.15438	1.25981	1.22992	1.22927	1.32782
SRR1524312	1.25422	1.03587	0.776592	1.18611	0.945347	0.690323	1.1311	0.836261	0	1.18546	0.97245	0.688925	1.20023	0.830388	1.18354	0.953773	0.639043	1.2088	1.12401	0.975682	1.21706	1.22278	0.699459	1.24367	1.12079	0.945495	1.26979	1.08259	0.997079	1.28293	1.13445	0.974064	1.2467	1.13973	1.10767	1.25578	1.14592	1.04465	1.26189	1.1945	1.10555	1.25003	1.11878	0.97027	1.25904	1.20087	1.07185	1.24741	1.22492	1.27661	1.28219	1.22944	1.20334	1.27539	1.25493	1.26327	1.26026	1.20825	1.14977	1.25312	1.19773	1.17424	1.24874	1.19261	1.13946	1.27747	1.21546	1.13923	1.25501	1.22728	1.1774	1.28607	1.2613	1.25095	1.28214	1.27231	1.18069	1.28267	1.21914	1.19162	1.27308	1.20905	1.27864	1.22921	1.21291	1.26804	1.20007	1.20141	1.2911	1.26784	1.22705	1.2829	1.23623	1.19394	1.30593	1.28801	1.28614	1.28912	1.28111	1.23655	1.34791	1.30439	1.30723	1.31618	1.28702	1.26746	1.32981	1.30969	1.27747	1.33799	1.32926	1.27923	1.33301	1.30777	1.28189	1.3368	1.32274	1.28429	1.32182	1.30502	1.30767	1.32178	1.30579	1.2479	1.3333	1.29822	1.26198	1.31829	1.29728	1.24201	1.32432	1.30243	1.26905	1.31509	1.29694	1.23065	1.32872	1.30127	1.26586	1.32795	1.31145	1.27902	1.31234	1.28511	1.26308	1.32828	1.30196	1.25557	1.33845	1.32036	1.28597	1.32985	1.318	1.29098	1.33212	1.30647	1.30256	1.32949	1.29918	1.31031	1.31702	1.29153	1.27565	1.32746	1.30322	1.31938	1.30828	1.27292	1.25254	1.30879	1.28238	1.23362	1.32882	1.29869	1.2594	1.29614	1.27303	1.30567	1.27647	1.26708	1.26121	1.31905	1.28077	1.24659	1.3256	1.29953	1.30058
SRR1523635	0.72762	0.896124	1.22053	0.467601	0.96988	1.25269	0.55306	0.84719	1.18546	0	0.938526	1.21202	0.615847	1.25541	0.438938	0.856293	1.22839	0.665697	0.874388	1.22283	0.561227	0.616467	1.22255	0.605042	0.826581	1.16969	0.680154	0.755585	1.12372	0.738772	0.743048	1.09091	0.716349	0.952188	1.15719	0.647332	0.74623	1.1989	0.821925	0.981021	1.17488	0.721328	0.822106	1.14369	0.680939	0.817079	1.21299	1.03086	1.166	1.33594	1.12525	1.20878	1.33144	1.12617	1.17387	1.34255	1.01636	1.20742	1.31346	1.01176	1.20239	1.32912	1.03657	1.23498	1.32693	1.06285	1.0481	1.32689	1.01755	1.2357	1.34173	1.0429	1.2398	1.30119	1.01485	1.00639	1.27503	1.04085	1.14919	1.29772	1.01453	1.29535	1.03513	1.21882	1.32212	0.973894	1.13088	1.30265	1.05812	1.24015	1.30877	1.03119	1.20033	1.30512	1.26924	1.29621	1.35739	1.20345	1.29144	1.35366	1.31757	1.31109	1.34863	1.24966	1.30551	1.36946	1.29397	1.31123	1.36766	1.28771	1.3456	1.36461	1.30112	1.31948	1.37358	1.29101	1.3361	1.39726	1.23139	1.21988	1.35228	1.21077	1.27969	1.33998	1.22355	1.23132	1.33745	1.19776	1.24651	1.33184	1.22847	1.27623	1.3354	1.18834	1.27078	1.35128	1.2141	1.20586	1.32871	1.22031	1.29073	1.34401	1.19987	1.26906	1.31585	1.19414	1.22189	1.33397	1.28936	1.34312	1.38074	1.24196	1.29744	1.37156	1.25272	1.27746	1.37841	1.2469	1.26932	1.37519	1.21539	1.27945	1.35161	1.22385	1.27617	1.37332	1.15215	1.21308	1.34738	1.12157	1.18851	1.32007	1.16911	1.2128	1.35014	1.12986	1.34319	1.11499	1.14463	1.34105	1.35012	1.09992	1.11334	1.31595	1.13723	1.22381	1.34141
SRR1524331	1.09328	0.921647	1.02314	0.9195	0.84943	0.995112	0.945598	0.831572	0.97245	0.938526	0	0.926361	1.00551	1.01491	0.971002	0.854513	1.01475	1.06818	0.876788	0.993409	0.966995	1.06212	0.979154	1.04692	0.946601	0.977893	1.09991	0.955807	0.997482	1.13492	0.981899	0.99715	1.06737	0.98691	1.07543	1.07862	0.973945	1.04017	1.10423	1.04913	1.07818	1.09337	0.976072	0.981764	1.09479	1.03537	1.06614	1.17007	1.17683	1.25575	1.20826	1.2021	1.26364	1.18451	1.19322	1.30651	1.17586	1.17933	1.22149	1.20581	1.22454	1.26902	1.20079	1.21916	1.25852	1.20757	1.15964	1.253	1.20474	1.23097	1.26721	1.20623	1.21224	1.24328	1.19794	1.19966	1.23133	1.20655	1.18948	1.25793	1.19396	1.20636	1.20732	1.21731	1.25347	1.18577	1.19033	1.24908	1.21034	1.1993	1.21671	1.2062	1.19104	1.24533	1.29435	1.27138	1.31313	1.26717	1.28266	1.31965	1.33787	1.28619	1.31782	1.28882	1.2904	1.33409	1.31707	1.28148	1.32653	1.31151	1.32387	1.32977	1.32188	1.30223	1.33977	1.31002	1.32231	1.36941	1.28604	1.24585	1.32297	1.26415	1.26941	1.28773	1.28189	1.24396	1.29367	1.27774	1.25201	1.2825	1.27355	1.2527	1.25781	1.26208	1.27119	1.30641	1.2638	1.20047	1.25206	1.26476	1.26266	1.29091	1.23081	1.23132	1.24719	1.25567	1.23968	1.24954	1.30937	1.29834	1.33747	1.29544	1.28705	1.32145	1.28681	1.26838	1.34209	1.28962	1.2679	1.34771	1.24056	1.23827	1.2709	1.26728	1.25959	1.32703	1.25262	1.23083	1.28611	1.24292	1.2246	1.2832	1.26673	1.23492	1.31128	1.24595	1.27819	1.21945	1.21656	1.28173	1.30792	1.23197	1.16735	1.2623	1.24892	1.21243	1.27113
SRR1524336	1.26747	1.09529	0.744389	1.20282	1.0134	0.65161	1.17012	0.987276	0.688925	1.21202	0.926361	0	1.2348	0.660232	1.20653	1.0291	0.554758	1.22281	1.17627	0.996018	1.23884	1.23703	0.659529	1.25719	1.1446	0.972126	1.28169	1.13756	1.05017	1.28796	1.1595	0.994136	1.27189	1.18993	1.08808	1.2714	1.18567	1.05014	1.28584	1.2089	1.12973	1.26094	1.14602	0.958757	1.27166	1.20612	1.06097	1.26429	1.23297	1.25389	1.30127	1.23967	1.15854	1.29314	1.26198	1.2233	1.28757	1.22326	1.10134	1.28578	1.23235	1.1443	1.28335	1.21847	1.10731	1.29694	1.22438	1.0582	1.28496	1.24265	1.12319	1.30806	1.26867	1.23493	1.30773	1.3028	1.17212	1.30329	1.23995	1.16196	1.29571	1.15492	1.30838	1.23453	1.17405	1.29158	1.22631	1.18681	1.31047	1.2553	1.17659	1.3101	1.23911	1.16102	1.33	1.30877	1.2691	1.31883	1.30291	1.20509	1.36253	1.31446	1.3234	1.33816	1.29876	1.20621	1.35039	1.32579	1.27538	1.35287	1.34086	1.26307	1.34979	1.31902	1.25082	1.35027	1.32307	1.19159	1.34131	1.32391	1.29615	1.3403	1.32621	1.24973	1.34701	1.3217	1.2572	1.34628	1.32524	1.21426	1.34329	1.32099	1.24727	1.33745	1.32312	1.16254	1.33786	1.30869	1.23651	1.34311	1.32158	1.2528	1.32005	1.27584	1.24147	1.33717	1.2981	1.20949	1.35166	1.31994	1.25549	1.35057	1.33285	1.26506	1.34982	1.32014	1.28623	1.34821	1.31913	1.29928	1.3248	1.28665	1.24972	1.33705	1.30742	1.30416	1.31534	1.27896	1.22175	1.31763	1.2886	1.20518	1.3359	1.29924	1.20353	1.31289	1.23241	1.31084	1.27639	1.23529	1.24024	1.31821	1.27067	1.21277	1.32931	1.2842	1.23183
SRR1524337	0.669309	0.965463	1.22667	0.615118	1.0067	1.26316	0.615824	0.903616	1.20023	0.615847	1.00551	1.2348	0	1.23875	0.600406	0.887747	1.2435	0.649005	0.906523	1.22516	0.652573	0.663999	1.23112	0.700452	0.907886	1.19047	0.78235	0.861235	1.14913	0.800887	0.847435	1.12673	0.832971	1.0259	1.18595	0.766681	0.843265	1.2137	0.922973	1.03421	1.19913	0.809675	0.88267	1.16252	0.809523	0.886378	1.23511	1.06833	1.18246	1.3402	1.16503	1.22613	1.33635	1.16252	1.1979	1.35718	1.07713	1.21778	1.31353	1.05787	1.20601	1.32471	1.08853	1.24289	1.32235	1.12018	1.07457	1.32977	1.06987	1.23063	1.34222	1.1055	1.25845	1.31135	1.09561	1.07405	1.27709	1.09782	1.17605	1.2993	1.10339	1.30018	1.07729	1.23513	1.32338	1.05279	1.15798	1.31108	1.12128	1.26507	1.31808	1.10514	1.22326	1.31163	1.28203	1.29736	1.35634	1.22155	1.29421	1.35239	1.32994	1.31967	1.35405	1.27663	1.30584	1.37248	1.30391	1.31836	1.37128	1.30076	1.34659	1.36331	1.31475	1.32403	1.37516	1.30894	1.33736	1.39815	1.24892	1.25375	1.36318	1.23718	1.29612	1.34162	1.24628	1.26181	1.34224	1.22944	1.26518	1.33852	1.25545	1.29753	1.34698	1.21905	1.29071	1.35784	1.23875	1.23669	1.34693	1.2551	1.306	1.3546	1.22462	1.3004	1.33508	1.23037	1.25695	1.3508	1.29599	1.34969	1.38645	1.26418	1.3085	1.37647	1.27189	1.29219	1.38406	1.26891	1.28988	1.38114	1.23704	1.29546	1.35969	1.23884	1.28333	1.37771	1.16186	1.2244	1.34941	1.14817	1.21061	1.33065	1.19249	1.23871	1.36099	1.16979	1.35531	1.14671	1.16438	1.35042	1.35918	1.12196	1.13091	1.32946	1.17065	1.24321	1.35442
SRR1524338	1.29183	1.13777	0.783736	1.24674	1.08537	0.711291	1.23129	1.08682	0.830388	1.25541	1.01491	0.660232	1.23875	0	1.25045	1.10368	0.64836	1.26562	1.0946	0.878256	1.24959	1.26822	0.77989	1.29051	1.19587	1.01661	1.30867	1.17098	1.06079	1.32526	1.20007	1.04653	1.29876	1.20115	1.09817	1.30189	1.21419	1.04343	1.32032	1.2388	1.13655	1.29448	1.16169	1.00638	1.30572	1.2419	1.08047	1.30281	1.27779	1.28294	1.32745	1.27184	1.20691	1.32214	1.29514	1.23888	1.32453	1.26687	1.15425	1.32629	1.27658	1.18218	1.32652	1.26833	1.16142	1.32975	1.27617	1.10806	1.32667	1.2797	1.1647	1.33791	1.30636	1.27491	1.33913	1.33273	1.21439	1.32948	1.27596	1.18738	1.32745	1.19932	1.33612	1.26282	1.19857	1.32565	1.27338	1.2298	1.34017	1.2944	1.21777	1.33782	1.26748	1.19006	1.34037	1.2937	1.28252	1.35068	1.30435	1.23301	1.38151	1.34392	1.35029	1.36049	1.32415	1.2219	1.37175	1.3491	1.30124	1.37421	1.36137	1.28925	1.37499	1.34875	1.27637	1.36103	1.3426	1.20385	1.36162	1.34948	1.30267	1.3612	1.34395	1.25099	1.36281	1.33467	1.25076	1.36516	1.33587	1.21847	1.36509	1.34203	1.2691	1.36193	1.33796	1.16146	1.36413	1.33825	1.27055	1.36457	1.33909	1.27347	1.34525	1.30604	1.27234	1.36133	1.32279	1.2341	1.37195	1.34031	1.26086	1.37473	1.35242	1.28209	1.36983	1.34015	1.2913	1.37005	1.34189	1.30834	1.35252	1.31452	1.28104	1.36111	1.33602	1.32273	1.33944	1.31275	1.23805	1.34288	1.31085	1.22498	1.3567	1.32141	1.20525	1.3435	1.25888	1.33824	1.30464	1.26152	1.27728	1.34416	1.3016	1.2458	1.34317	1.30241	1.25336
SRR1524339	0.676248	0.927191	1.21223	0.413694	0.962483	1.23277	0.50022	0.863295	1.18354	0.438938	0.971002	1.20653	0.600406	1.25045	0	0.809218	1.21436	0.522293	0.898071	1.2221	0.481099	0.551271	1.20972	0.504778	0.840407	1.18267	0.604375	0.770178	1.12631	0.627519	0.720446	1.07995	0.680101	0.957033	1.15995	0.586382	0.755369	1.20029	0.773673	0.959959	1.16319	0.61612	0.819424	1.13379	0.598776	0.769207	1.1895	1.01036	1.15049	1.31924	1.11711	1.20398	1.32358	1.10788	1.16297	1.33829	1.00937	1.18942	1.29413	0.987942	1.18438	1.31836	1.01831	1.22288	1.31638	1.06088	1.03251	1.31544	0.995705	1.21698	1.33105	1.00873	1.22504	1.28476	0.995235	0.985215	1.26183	1.00517	1.1404	1.28715	0.995224	1.26874	1.01626	1.20504	1.3092	0.944172	1.11875	1.2923	1.03138	1.21724	1.28622	1.01051	1.19021	1.29033	1.25374	1.2848	1.34823	1.18429	1.2788	1.34615	1.30611	1.30187	1.34256	1.23898	1.28985	1.36248	1.27859	1.30013	1.36135	1.2709	1.33715	1.35651	1.28943	1.30962	1.36893	1.28181	1.3292	1.39442	1.21464	1.2188	1.34955	1.19526	1.27195	1.33135	1.20166	1.22171	1.33356	1.1886	1.23908	1.32566	1.2171	1.27043	1.32665	1.17329	1.26649	1.34392	1.19721	1.19808	1.32152	1.21319	1.28269	1.33628	1.18915	1.26904	1.31049	1.18745	1.223	1.32538	1.27616	1.33302	1.37526	1.23165	1.28771	1.36631	1.24948	1.26975	1.37255	1.23936	1.26066	1.36956	1.20051	1.26703	1.34378	1.20987	1.26119	1.36571	1.12388	1.206	1.33805	1.1007	1.18315	1.31395	1.14898	1.21419	1.34455	1.11004	1.33388	1.09543	1.13419	1.33441	1.34414	1.06983	1.09418	1.30608	1.11926	1.20774	1.33144
SRR1524340	1.01495	0.870605	1.05687	0.808457	0.804214	1.04057	0.837938	0.744971	0.953773	0.856293	0.854513	1.0291	0.887747	1.10368	0.809218	0	0.999479	0.923082	0.905592	1.11034	0.884258	0.864492	0.965301	0.93146	0.878949	1.05666	1.00475	0.802841	1.02615	1.02589	0.788035	0.943568	1.00265	0.960291	1.1264	0.996287	0.860932	1.10238	1.04285	0.971402	1.08696	0.986371	0.853926	0.984547	0.982206	0.887597	1.07638	1.11784	1.098	1.2617	1.19822	1.15514	1.24646	1.16253	1.17014	1.31152	1.12288	1.12715	1.20751	1.11922	1.08087	1.18705	1.13994	1.10592	1.18258	1.17102	1.08106	1.22676	1.12856	1.12064	1.23893	1.16511	1.18566	1.22305	1.15138	1.14295	1.17092	1.16101	1.08707	1.20423	1.14846	1.18013	1.15807	1.15373	1.22603	1.12747	1.07296	1.20502	1.16649	1.18869	1.22019	1.16722	1.1606	1.21703	1.26975	1.21466	1.27572	1.23168	1.23059	1.27955	1.32641	1.24616	1.27832	1.2778	1.23627	1.33052	1.30153	1.25894	1.30691	1.30139	1.2994	1.30529	1.30462	1.25676	1.31996	1.30286	1.29779	1.3759	1.27485	1.2484	1.33774	1.26304	1.26815	1.29308	1.27707	1.24818	1.30563	1.26781	1.25056	1.28408	1.27209	1.25088	1.26272	1.251	1.26462	1.30769	1.25777	1.2172	1.29242	1.27291	1.27086	1.29815	1.25074	1.26989	1.29031	1.26098	1.25399	1.3013	1.30524	1.3102	1.34616	1.28652	1.28374	1.32745	1.28702	1.26622	1.33829	1.28612	1.26562	1.34365	1.25135	1.26659	1.31061	1.26767	1.2668	1.3424	1.22055	1.18985	1.26448	1.21325	1.19506	1.26374	1.25	1.24404	1.31961	1.21345	1.3046	1.20645	1.17595	1.28615	1.30304	1.21064	1.15521	1.26856	1.23392	1.2208	1.30978
SRR1524341	1.27003	1.08023	0.711895	1.219	1.01933	0.528087	1.18123	0.974907	0.639043	1.22839	1.01475	0.554758	1.2435	0.64836	1.21436	0.999479	0	1.21554	1.18568	1.01222	1.25511	1.23955	0.64069	1.27495	1.17262	0.991892	1.29085	1.10063	1.02441	1.29421	1.13994	0.979325	1.28342	1.18911	1.10722	1.28589	1.18653	1.05201	1.30275	1.21924	1.10047	1.26696	1.11848	0.915059	1.27702	1.21888	1.04695	1.27548	1.24029	1.28103	1.31328	1.24579	1.19202	1.30339	1.2758	1.24009	1.29089	1.23138	1.13607	1.28642	1.22239	1.14915	1.28437	1.21717	1.12607	1.30539	1.2307	1.09077	1.2847	1.23986	1.14359	1.31261	1.27767	1.25413	1.31105	1.30018	1.1801	1.30624	1.23584	1.16714	1.29834	1.18718	1.30597	1.23366	1.19087	1.29221	1.22098	1.19541	1.31654	1.27788	1.21635	1.31297	1.24776	1.16568	1.34026	1.31126	1.27641	1.32619	1.30863	1.22371	1.36992	1.32245	1.328	1.34764	1.29936	1.23172	1.35818	1.33081	1.28982	1.36181	1.34722	1.27813	1.35811	1.32596	1.26773	1.36047	1.32992	1.22511	1.35371	1.33736	1.30502	1.35342	1.33886	1.27225	1.35989	1.33485	1.27684	1.35803	1.33879	1.23214	1.35814	1.33382	1.26988	1.35138	1.33144	1.18081	1.35402	1.32763	1.27296	1.35791	1.33572	1.26828	1.34296	1.3027	1.27822	1.35551	1.32451	1.25737	1.36599	1.33787	1.27457	1.36138	1.34512	1.28426	1.36264	1.33429	1.29747	1.36038	1.33063	1.31051	1.34844	1.31529	1.29092	1.3568	1.32962	1.32424	1.32547	1.28889	1.23023	1.32572	1.29409	1.21819	1.3462	1.31718	1.22641	1.32229	1.26518	1.32704	1.28407	1.26185	1.2642	1.33173	1.29231	1.2405	1.33859	1.30707	1.27888
SRR1524342	0.641696	1.01028	1.23177	0.622206	1.04766	1.25237	0.603457	0.944871	1.2088	0.665697	1.06818	1.22281	0.649005	1.26562	0.522293	0.923082	1.21554	0	0.996134	1.26346	0.626729	0.5448	1.19468	0.608325	0.971974	1.23759	0.630731	0.901856	1.18362	0.638554	0.840103	1.13624	0.819043	1.07686	1.22969	0.679286	0.876704	1.2461	0.912365	1.05831	1.22224	0.675617	0.926847	1.17308	0.724993	0.883941	1.24373	1.03359	1.17242	1.34038	1.14079	1.22593	1.3298	1.15035	1.19693	1.35457	1.06411	1.21412	1.30947	0.999147	1.18138	1.30889	1.03818	1.22075	1.31121	1.08049	1.05831	1.30857	1.00873	1.20405	1.32288	1.04352	1.2598	1.31168	1.04995	1.03413	1.27239	1.04049	1.16697	1.2986	1.04814	1.29417	1.05699	1.22785	1.31238	0.988552	1.14116	1.30144	1.07147	1.26121	1.31514	1.05045	1.21711	1.29777	1.26503	1.2945	1.35225	1.20217	1.28872	1.3491	1.31312	1.30979	1.34809	1.25848	1.29804	1.36515	1.28761	1.30842	1.36397	1.28167	1.34174	1.35523	1.29218	1.31273	1.36842	1.29297	1.3279	1.39399	1.23561	1.25338	1.36302	1.23052	1.30222	1.35242	1.22778	1.26458	1.355	1.22062	1.27101	1.34059	1.24643	1.30132	1.34685	1.20104	1.29498	1.35632	1.22328	1.23861	1.3423	1.24694	1.30893	1.35046	1.22173	1.30016	1.3355	1.21744	1.25522	1.34491	1.28555	1.34749	1.38302	1.24475	1.30338	1.3703	1.26633	1.29001	1.3767	1.25575	1.27945	1.3745	1.22406	1.2913	1.3566	1.2264	1.2761	1.37068	1.1454	1.22176	1.3432	1.12942	1.20756	1.32412	1.17219	1.24514	1.35637	1.13411	1.35416	1.12903	1.16828	1.34474	1.34995	1.0766	1.13081	1.32251	1.14779	1.24126	1.36104
SRR1524343	1.02272	0.962682	1.13416	0.884492	0.983604	1.16612	0.929173	0.946417	1.12401	0.874388	0.876788	1.17627	0.906523	1.0946	0.898071	0.905592	1.18568	0.996134	0	0.810083	0.770613	0.935062	1.18681	0.982639	0.908173	1.00886	1.05249	0.894768	0.939135	1.08423	0.950463	0.997344	1.00574	0.944979	1.0453	1.00267	0.845782	1.0009	1.02753	0.917565	1.04007	1.03772	0.894146	1.04107	1.02066	0.948774	1.02575	1.18237	1.20449	1.28739	1.21942	1.21697	1.3059	1.18701	1.19249	1.2906	1.17744	1.2294	1.28583	1.21673	1.27877	1.34217	1.22319	1.28847	1.3293	1.21194	1.17883	1.3224	1.21917	1.29124	1.34141	1.20797	1.23604	1.26152	1.19268	1.19212	1.2756	1.20244	1.19497	1.27845	1.18471	1.25298	1.20328	1.22631	1.3093	1.18143	1.19991	1.288	1.20893	1.22126	1.2592	1.20262	1.22132	1.27945	1.30061	1.27114	1.34816	1.29231	1.29573	1.35614	1.35443	1.32538	1.35275	1.31025	1.31318	1.3586	1.33443	1.32043	1.362	1.32874	1.34539	1.36469	1.34626	1.337	1.37361	1.31087	1.34267	1.38936	1.28638	1.2583	1.31565	1.26192	1.25349	1.26297	1.28177	1.23396	1.26128	1.27364	1.23676	1.29381	1.28351	1.26029	1.29539	1.26842	1.25506	1.31131	1.28917	1.25769	1.29621	1.27246	1.26168	1.32076	1.24734	1.24065	1.26728	1.26044	1.25514	1.31114	1.33413	1.32742	1.36387	1.31752	1.30922	1.36041	1.31131	1.30097	1.37204	1.31184	1.30098	1.37018	1.26279	1.27291	1.32664	1.29173	1.30095	1.36475	1.25903	1.26723	1.34249	1.242	1.23952	1.31271	1.267	1.26338	1.33803	1.25509	1.29233	1.22424	1.22606	1.3277	1.35286	1.22849	1.19401	1.30766	1.23303	1.22106	1.28053
SRR1524344	1.28386	1.16164	1.0259	1.23707	1.15214	1.01865	1.23682	1.1363	0.975682	1.22283	0.993409	0.996018	1.22516	0.878256	1.2221	1.11034	1.01222	1.26346	0.810083	0	1.14385	1.26173	1.04369	1.25611	1.11879	0.909014	1.28996	1.14492	0.899867	1.31393	1.20355	1.00453	1.25267	1.1021	1.01101	1.25402	1.08444	0.86701	1.26212	1.086	1.05405	1.2747	1.12688	1.02037	1.27748	1.19219	0.93067	1.28593	1.27932	1.29467	1.29706	1.26715	1.27232	1.27984	1.26217	1.25399	1.30477	1.28367	1.24961	1.32958	1.31959	1.29896	1.32634	1.32133	1.28139	1.30392	1.28538	1.24137	1.32915	1.32392	1.2792	1.32198	1.28847	1.26388	1.31983	1.32366	1.27171	1.31956	1.27985	1.24987	1.30903	1.23307	1.32698	1.26649	1.28092	1.31958	1.28574	1.26703	1.31894	1.26896	1.23411	1.32135	1.27611	1.25633	1.33047	1.29105	1.32904	1.34578	1.32666	1.31819	1.37503	1.34962	1.3567	1.34908	1.3322	1.30897	1.36501	1.34984	1.34478	1.36464	1.36333	1.34092	1.37194	1.35973	1.33785	1.335	1.34669	1.31832	1.32641	1.31318	1.28791	1.31229	1.24671	1.15782	1.32873	1.25687	1.16315	1.31821	1.23914	1.21754	1.32615	1.26749	1.26044	1.31798	1.2517	1.21409	1.34377	1.32138	1.26007	1.32292	1.26791	1.28786	1.30747	1.26297	1.25879	1.32291	1.29834	1.29335	1.36507	1.34228	1.33199	1.36581	1.34249	1.33394	1.35167	1.32448	1.34781	1.3532	1.33222	1.34968	1.31198	1.2897	1.30142	1.34336	1.33519	1.35188	1.32472	1.31477	1.30832	1.32691	1.29524	1.28705	1.3345	1.31113	1.29936	1.33126	1.25591	1.31149	1.29839	1.30175	1.33193	1.33207	1.29417	1.29752	1.32335	1.27074	1.24315
SRR1524345	0.661899	0.931056	1.2188	0.54066	0.995996	1.2521	0.620446	0.924577	1.21706	0.561227	0.966995	1.23884	0.652573	1.24959	0.481099	0.884258	1.25511	0.626729	0.770613	1.14385	0	0.655216	1.24505	0.662932	0.887831	1.17222	0.725949	0.8425	1.10857	0.731798	0.82065	1.0822	0.715199	0.940964	1.1349	0.683043	0.798759	1.1614	0.771293	0.93042	1.14036	0.70722	0.852568	1.13589	0.681737	0.802987	1.15064	1.07366	1.19043	1.30915	1.14275	1.22484	1.33073	1.14282	1.18688	1.33471	1.07456	1.21274	1.29747	1.09207	1.249	1.3461	1.10453	1.27379	1.34332	1.12242	1.10121	1.3357	1.09107	1.26707	1.35132	1.07646	1.24317	1.2895	1.06731	1.05461	1.28655	1.06795	1.17916	1.3045	1.05579	1.27098	1.08046	1.2304	1.3255	1.02454	1.16957	1.30698	1.08852	1.21969	1.28239	1.06707	1.21096	1.30246	1.27879	1.29867	1.36077	1.23214	1.30032	1.36125	1.32863	1.3202	1.35248	1.26655	1.30786	1.36934	1.30511	1.31579	1.37017	1.2952	1.34909	1.36832	1.31779	1.33019	1.38034	1.29743	1.34062	1.39906	1.22554	1.2231	1.34611	1.20176	1.26856	1.32271	1.20384	1.21606	1.32303	1.19542	1.23725	1.32395	1.22975	1.26951	1.32619	1.19031	1.26742	1.34569	1.21496	1.21688	1.32353	1.21846	1.27867	1.33817	1.19656	1.26168	1.30558	1.197	1.23005	1.32816	1.29488	1.33554	1.37756	1.25259	1.29659	1.36894	1.26697	1.28181	1.37594	1.25745	1.27462	1.37383	1.20991	1.26925	1.34399	1.2289	1.27455	1.36639	1.14669	1.22309	1.35224	1.11773	1.19473	1.32193	1.16447	1.22415	1.34425	1.14233	1.33274	1.10557	1.149	1.34281	1.35812	1.07184	1.09489	1.31214	1.10735	1.19665	1.31728
SRR1524346	0.760395	0.979936	1.23563	0.588219	1.01478	1.26446	0.639437	0.918457	1.22278	0.616467	1.06212	1.23703	0.663999	1.26822	0.551271	0.864492	1.23955	0.5448	0.935062	1.26173	0.655216	0	1.21025	0.681283	0.925129	1.2376	0.779945	0.850594	1.18609	0.794831	0.788323	1.14256	0.881236	1.05942	1.23	0.786471	0.82914	1.25268	0.948493	1.03898	1.22206	0.794716	0.879865	1.1889	0.793109	0.844314	1.25996	1.06153	1.16413	1.34194	1.1801	1.21966	1.33104	1.16024	1.19414	1.35176	1.06736	1.21196	1.31119	1.02903	1.16807	1.30359	1.07502	1.21303	1.30446	1.11171	1.05698	1.31723	1.04587	1.18607	1.32983	1.09001	1.25707	1.30211	1.08463	1.07442	1.26753	1.08628	1.15265	1.28681	1.081	1.28439	1.10126	1.21618	1.30704	1.03505	1.12939	1.2946	1.10914	1.25733	1.30855	1.09702	1.22083	1.2985	1.28275	1.29246	1.34232	1.23468	1.28823	1.34431	1.33209	1.30893	1.34284	1.28208	1.29237	1.3593	1.30924	1.30875	1.35984	1.30539	1.34019	1.35403	1.3133	1.31169	1.36394	1.31056	1.32346	1.39029	1.26748	1.26198	1.35575	1.26044	1.29773	1.33928	1.26449	1.2726	1.34573	1.25286	1.27967	1.34208	1.27682	1.3003	1.33557	1.24012	1.29562	1.35146	1.25702	1.25304	1.34134	1.274	1.30283	1.34013	1.25051	1.30532	1.33248	1.24653	1.269	1.34948	1.30805	1.34869	1.37714	1.27864	1.31105	1.36824	1.29215	1.29851	1.37352	1.28404	1.29261	1.37326	1.25577	1.30326	1.35657	1.26353	1.29164	1.37358	1.19044	1.22892	1.33752	1.17378	1.21709	1.32752	1.21305	1.25661	1.36029	1.1797	1.35228	1.17468	1.18905	1.34911	1.35704	1.1427	1.15453	1.32806	1.18831	1.25349	1.36224
SRR1524347	1.25446	1.0971	0.788489	1.21621	1.03026	0.807753	1.15635	0.932453	0.699459	1.22255	0.979154	0.659529	1.23112	0.77989	1.20972	0.965301	0.64069	1.19468	1.18681	1.04369	1.24505	1.21025	0	1.26358	1.16098	1.02377	1.28041	1.14349	1.07229	1.28497	1.14256	1.03175	1.28732	1.19176	1.16285	1.2812	1.18759	1.08498	1.30473	1.22316	1.14219	1.26404	1.14444	0.971791	1.27595	1.21569	1.10359	1.24555	1.19434	1.25014	1.29593	1.19903	1.16171	1.28911	1.2509	1.26563	1.27628	1.18315	1.10403	1.26095	1.13685	1.08696	1.26384	1.1397	1.07112	1.28362	1.19153	1.03198	1.25926	1.14739	1.06653	1.30035	1.26498	1.23327	1.30505	1.29807	1.15225	1.295	1.19944	1.16057	1.29009	1.17227	1.30521	1.20887	1.16348	1.28687	1.19001	1.17175	1.30608	1.27032	1.19984	1.30299	1.21852	1.15145	1.32091	1.27456	1.24295	1.31353	1.282	1.22905	1.35869	1.29165	1.28963	1.33632	1.27961	1.24232	1.34641	1.30735	1.27459	1.34997	1.32759	1.27395	1.34353	1.29616	1.2507	1.34746	1.30488	1.24042	1.33986	1.32592	1.31178	1.34493	1.33446	1.28862	1.34977	1.33091	1.30173	1.34769	1.33275	1.26014	1.34747	1.3236	1.27703	1.34141	1.32997	1.23925	1.34038	1.3193	1.26963	1.34571	1.32863	1.26509	1.33581	1.30825	1.28684	1.3502	1.32583	1.28354	1.35091	1.32773	1.30591	1.34777	1.33272	1.28702	1.35021	1.32128	1.3072	1.34734	1.32136	1.31917	1.33926	1.31041	1.28863	1.34678	1.31337	1.32138	1.31066	1.25594	1.21635	1.31545	1.2625	1.21941	1.33963	1.31433	1.27517	1.31246	1.27293	1.31892	1.27766	1.24477	1.25012	1.32183	1.28	1.24255	1.33371	1.30181	1.30662
SRR1524581	0.741519	1.00435	1.26476	0.612421	1.05004	1.28909	0.628834	0.963163	1.24367	0.605042	1.04692	1.25719	0.700452	1.29051	0.504778	0.93146	1.27495	0.608325	0.982639	1.25611	0.662932	0.681283	1.26358	0	0.7882	1.12859	0.450314	0.760664	1.09758	0.52276	0.738798	1.0857	0.648338	0.949604	1.13447	0.447584	0.697227	1.1694	0.775109	0.955581	1.16333	0.528889	0.826802	1.13844	0.557836	0.780524	1.20007	1.01285	1.17054	1.33628	1.11443	1.22111	1.33505	1.11488	1.1796	1.34335	1.02567	1.20562	1.31607	0.986573	1.19731	1.32914	1.02017	1.23524	1.33056	1.05663	1.0561	1.33457	1.0022	1.22951	1.34806	0.971903	1.22955	1.28586	0.968616	0.956243	1.26008	0.968678	1.13078	1.28529	0.971928	1.27761	0.995602	1.2078	1.31004	0.910979	1.11643	1.29374	1.00179	1.22128	1.29372	0.975294	1.1834	1.29422	1.24579	1.29045	1.35594	1.17053	1.2847	1.35385	1.29656	1.30137	1.34887	1.23943	1.29915	1.37062	1.27095	1.30485	1.36789	1.26017	1.33919	1.35708	1.27369	1.30971	1.37709	1.27047	1.32883	1.39966	1.20609	1.21983	1.35288	1.1942	1.28143	1.34483	1.19999	1.23323	1.34205	1.18525	1.2442	1.33625	1.21162	1.2785	1.33797	1.16703	1.27082	1.35496	1.18701	1.20237	1.33675	1.21042	1.28776	1.34822	1.16331	1.2619	1.30732	1.15361	1.20559	1.32382	1.2558	1.32916	1.37193	1.206	1.27769	1.36124	1.2179	1.25297	1.37036	1.20922	1.24115	1.36336	1.17286	1.25535	1.34302	1.17734	1.24565	1.36228	1.10116	1.19305	1.33701	1.07417	1.16648	1.31081	1.12013	1.18707	1.34144	1.07622	1.33408	1.06267	1.10824	1.33131	1.34256	1.03934	1.07835	1.30696	1.09795	1.1987	1.3315
SRR1524582	1.04186	0.927965	1.1646	0.841514	0.953418	1.18803	0.897298	0.899424	1.12079	0.826581	0.946601	1.1446	0.907886	1.19587	0.840407	0.878949	1.17262	0.971974	0.908173	1.11879	0.887831	0.925129	1.16098	0.7882	0	0.83343	0.901799	0.636045	0.837158	0.970077	0.727524	0.882491	0.833724	0.739159	0.919556	0.837887	0.536868	0.957058	0.891177	0.822574	0.974323	0.895202	0.727683	0.948622	0.887836	0.808952	1.05725	1.09815	1.12843	1.28917	1.16534	1.17251	1.27896	1.137	1.14687	1.27581	1.09472	1.17313	1.28056	1.10127	1.16253	1.29113	1.13023	1.20764	1.27369	1.13136	1.09087	1.28931	1.11374	1.21708	1.3117	1.10948	1.179	1.20439	1.08404	1.08231	1.20165	1.11097	1.09283	1.21583	1.08438	1.20714	1.10638	1.15912	1.2651	1.07785	1.10617	1.22858	1.11318	1.18624	1.22429	1.10344	1.16017	1.2462	1.26908	1.26508	1.31959	1.21516	1.26303	1.31786	1.31783	1.28632	1.3207	1.26086	1.2678	1.34034	1.29174	1.29314	1.34233	1.28831	1.31982	1.33929	1.29999	1.29982	1.35482	1.28362	1.31415	1.38772	1.25055	1.22043	1.3062	1.22879	1.24545	1.28012	1.25165	1.21652	1.27832	1.23453	1.23409	1.29582	1.24554	1.24609	1.28836	1.23612	1.25789	1.31012	1.24539	1.22136	1.28139	1.24161	1.25307	1.30521	1.20822	1.21723	1.24491	1.21423	1.21579	1.28861	1.29297	1.30555	1.3484	1.26629	1.28259	1.33929	1.2618	1.25873	1.35281	1.2626	1.2552	1.34733	1.21898	1.24337	1.31016	1.24297	1.26372	1.34854	1.1692	1.18671	1.27543	1.15583	1.15696	1.25155	1.20471	1.19975	1.31181	1.15825	1.27123	1.14365	1.13803	1.29141	1.31299	1.15938	1.11171	1.26155	1.18168	1.19044	1.27495
