	SRR1523634	SRR1523636	SRR1523640	SRR1523641	SRR1523649	SRR1524309	SRR1524310	SRR1524311	SRR1524312	SRR1523635	SRR1524331	SRR1524336	SRR1524337	SRR1524338	SRR1524339	SRR1524340	SRR1524341	SRR1524342	SRR1524343	SRR1524344	SRR1524345	SRR1524346	SRR1524347	SRR1524581	SRR1524582	SRR1524583	SRR1524585	SRR1524586	SRR1524587	SRR1524590	SRR1524588	SRR1524592	SRR1524595	SRR1524593	SRR1524597	SRR1524599	SRR1524600	SRR1524602	SRR1524604	SRR1524606	SRR1524608	SRR1524610	SRR1524612	SRR1524613	SRR1524616	SRR1524618	SRR1524620	SRR1524348	SRR1524349	SRR1524350	SRR1524351	SRR1524352	SRR1524353	SRR1524354	SRR1524355	SRR1524356	SRR1524358	SRR1524360	SRR1524361	SRR1524362	SRR1524365	SRR1524369	SRR1524367	SRR1524370	SRR1524380	SRR1524383	SRR1524385	SRR1524390	SRR1524388	SRR1524392	SRR1524394	SRR1524622	SRR1524624	SRR1524627	SRR1524628	SRR1524630	SRR1524632	SRR1524634	SRR1524636	SRR1524638	SRR1524640	SRR1524642	SRR1524645	SRR1524647	SRR1524649	SRR1524651	SRR1524653	SRR1524657	SRR1524659	SRR1524661	SRR1524663	SRR1524665	SRR1524668	SRR1524670	SRR1524396	SRR1524397	SRR1524399	SRR1524400	SRR1524408	SRR1524402	SRR1524404	SRR1524406	SRR1524410	SRR1524414	SRR1524412	SRR1524416	SRR1524418	SRR1524420	SRR1524422	SRR1524424	SRR1524426	SRR1524428	SRR1524430	SRR1524433	SRR1524435	SRR1524436	SRR1524438	SRR1524441	SRR1524442	SRR1524444	SRR1524445	SRR1524448	SRR1524450	SRR1524453	SRR1524455	SRR1524456	SRR1524473	SRR1524476	SRR1524478	SRR1524480	SRR1524540	SRR1524542	SRR1524562	SRR1524564	SRR1524566	SRR1524567	SRR1524569	SRR1524571	SRR1524573	SRR1524575	SRR1524576	SRR1524578	SRR1524673	SRR1524674	SRR1524675	SRR1524677	SRR1524679	SRR1524682	SRR1524684	SRR1524686	SRR1524687	SRR1524688	SRR1524690	SRR1524691	SRR1524692	SRR1524694	SRR1524696	SRR1524702	SRR1524706	SRR1524708	SRR1524710	SRR1524712	SRR1524714	SRR1524716	SRR1524718	SRR1524721	SRR1524722	SRR1524723	SRR1524724	SRR1524726	SRR1524728	SRR1524732	SRR1524730	SRR1524734	SRR1524736	SRR1524738	SRR1524740	SRR1524743	SRR1524745	SRR1524747	SRR1524749	SRR1524751	SRR1524752	SRR1524755	SRR1524757	SRR1524759	SRR1524761
SRR1523634	3.32815e+07	2.22214e+07	4.50802e+06	4.01426e+07	1.19209e+07	4.57557e+06	3.30529e+07	1.94473e+07	5.87432e+06	4.25709e+07	1.24268e+07	4.92189e+06	1.41275e+07	4.37721e+06	4.67787e+07	2.25263e+07	5.28597e+06	4.60662e+07	1.73685e+07	6.47213e+06	4.21425e+07	3.7413e+07	4.53754e+06	5.33628e+07	3.05459e+07	9.42285e+06	6.59879e+07	4.02505e+07	1.61088e+07	6.02408e+07	4.24097e+07	2.38057e+07	4.89083e+07	2.77592e+07	1.31962e+07	6.13862e+07	4.02939e+07	1.15911e+07	5.03452e+07	3.47349e+07	1.65272e+07	6.49865e+07	3.71555e+07	1.69706e+07	5.95147e+07	4.08347e+07	1.17186e+07	1.55947e+07	1.22139e+07	3.73846e+06	1.38594e+07	6.85674e+06	3.57565e+06	1.27581e+07	9.90642e+06	2.88165e+06	1.284e+07	8.36249e+06	4.62531e+06	1.6061e+07	8.16656e+06	3.1821e+06	1.29246e+07	7.61806e+06	3.36536e+06	1.37136e+07	1.03827e+07	2.71606e+06	1.66855e+07	7.12555e+06	2.63456e+06	3.7586e+07	9.39526e+06	7.0645e+06	3.32621e+07	2.83675e+07	8.06166e+06	3.53598e+07	2.06947e+07	5.66446e+06	4.66466e+07	6.81276e+06	1.32034e+07	1.30279e+07	5.59816e+06	4.28796e+07	1.92492e+07	6.54708e+06	3.03136e+07	1.151e+07	6.08059e+06	4.01257e+07	1.57547e+07	6.29708e+06	1.17394e+07	7.63567e+06	2.37885e+06	1.41185e+07	6.15288e+06	2.90783e+06	7.57241e+06	5.71573e+06	3.02392e+06	1.12469e+07	4.39376e+06	1.77114e+06	8.02093e+06	5.83946e+06	2.81371e+06	1.0162e+07	4.14492e+06	2.96722e+06	8.41695e+06	4.57064e+06	1.62324e+06	8.52359e+06	4.63783e+06	614021	1.13043e+07	9.97051e+06	2.84095e+06	1.86644e+07	9.11712e+06	3.50161e+06	1.64484e+07	1.61123e+07	4.12416e+06	1.55313e+07	1.131e+07	3.86932e+06	1.41565e+07	9.46464e+06	4.47066e+06	1.78099e+07	8.43848e+06	2.56573e+06	1.36348e+07	9.10021e+06	4.76674e+06	1.47483e+07	6.13283e+06	3.07141e+06	1.9089e+07	1.01778e+07	5.66277e+06	2.62443e+07	1.42428e+07	3.88175e+06	1.30592e+07	5.74586e+06	1.6257e+06	2.02472e+07	6.91344e+06	2.93694e+06	1.93634e+07	1.46563e+07	2.42411e+06	2.07779e+07	1.46476e+07	2.90804e+06	2.56974e+07	1.35461e+07	3.76423e+06	2.20492e+07	1.7322e+07	3.59743e+06	2.57829e+07	2.23466e+07	3.49715e+06	3.31345e+07	1.93667e+07	6.91624e+06	3.24786e+07	1.41147e+07	4.16737e+06	4.58042e+07	5.01717e+06	3.49947e+07	2.20286e+07	5.45661e+06	4.3955e+06	3.58145e+07	2.39774e+07	6.7098e+06	3.85448e+07	1.94796e+07	4.24599e+06
SRR1523636	2.22214e+07	5.12241e+07	1.04669e+07	4.10192e+07	2.22017e+07	1.36054e+07	3.07331e+07	3.17456e+07	1.58238e+07	4.29876e+07	2.2042e+07	1.24187e+07	1.20594e+07	1.15677e+07	4.28974e+07	3.57888e+07	1.41159e+07	3.52399e+07	2.42397e+07	1.48532e+07	3.79304e+07	3.39421e+07	1.05153e+07	4.52542e+07	4.71918e+07	2.34326e+07	5.09617e+07	6.17608e+07	3.32353e+07	4.38945e+07	5.87286e+07	5.06566e+07	4.49513e+07	4.61868e+07	2.58651e+07	4.94919e+07	5.42923e+07	2.49223e+07	4.85416e+07	4.93022e+07	3.1333e+07	5.42253e+07	5.40141e+07	3.7197e+07	5.04125e+07	5.07484e+07	2.52783e+07	1.58539e+07	1.93123e+07	7.88295e+06	1.44543e+07	1.08854e+07	8.51499e+06	1.47715e+07	1.36581e+07	5.60092e+06	1.38318e+07	1.43291e+07	1.00045e+07	1.61425e+07	1.38965e+07	7.27921e+06	1.26427e+07	1.33605e+07	8.35554e+06	1.36145e+07	1.18453e+07	6.07198e+06	1.6625e+07	1.10785e+07	5.80007e+06	3.4576e+07	1.7334e+07	1.43363e+07	3.2824e+07	2.79949e+07	1.65208e+07	3.23462e+07	3.31089e+07	1.22106e+07	4.68407e+07	1.47792e+07	1.26317e+07	2.25297e+07	1.24165e+07	3.98367e+07	3.04521e+07	1.44563e+07	2.9129e+07	1.95404e+07	1.37083e+07	3.74717e+07	2.43047e+07	1.354e+07	1.29402e+07	1.36166e+07	5.33366e+06	1.49722e+07	1.06144e+07	6.9068e+06	7.55962e+06	1.01293e+07	6.1889e+06	1.20923e+07	8.38026e+06	3.95842e+06	8.4929e+06	1.01408e+07	6.95607e+06	1.03839e+07	7.63254e+06	6.27854e+06	9.11282e+06	7.60517e+06	3.74952e+06	9.016e+06	6.95252e+06	1.17929e+06	1.01793e+07	1.26413e+07	5.37454e+06	1.78857e+07	1.42281e+07	7.45065e+06	1.40472e+07	2.18453e+07	9.06516e+06	1.3418e+07	1.50955e+07	8.2962e+06	1.4143e+07	1.47539e+07	1.02491e+07	1.57393e+07	1.25991e+07	5.92841e+06	1.31995e+07	1.18276e+07	1.08027e+07	1.48588e+07	9.29906e+06	6.54265e+06	1.96558e+07	1.60984e+07	1.14767e+07	2.56964e+07	1.8421e+07	9.08758e+06	1.28334e+07	9.59568e+06	4.16785e+06	1.89003e+07	9.95416e+06	6.14471e+06	1.99186e+07	1.98514e+07	5.0745e+06	1.98099e+07	1.95237e+07	6.17822e+06	2.65358e+07	1.93253e+07	8.63931e+06	2.06808e+07	2.22029e+07	7.60538e+06	2.29248e+07	2.84989e+07	8.36857e+06	2.88642e+07	2.41732e+07	1.37946e+07	2.66945e+07	1.72246e+07	8.6693e+06	4.17204e+07	1.08582e+07	3.20514e+07	2.44962e+07	1.05574e+07	9.18946e+06	2.90972e+07	2.74964e+07	1.39289e+07	3.33083e+07	2.56754e+07	8.31144e+06
SRR1523640	4.50802e+06	1.04669e+07	9.43949e+06	8.02191e+06	7.27248e+06	9.84792e+06	7.10812e+06	1.0819e+07	1.02364e+07	7.86754e+06	7.83884e+06	9.6309e+06	2.40099e+06	9.75403e+06	8.56681e+06	1.09225e+07	1.0861e+07	7.45688e+06	6.91949e+06	9.28627e+06	7.39345e+06	6.63146e+06	7.81245e+06	7.84624e+06	1.145e+07	1.13313e+07	8.62209e+06	1.56311e+07	1.43391e+07	7.60833e+06	1.36943e+07	2.02865e+07	8.51394e+06	1.2431e+07	1.10348e+07	8.74899e+06	1.24151e+07	1.22078e+07	1.0921e+07	1.47979e+07	1.58064e+07	1.09932e+07	1.43257e+07	1.66965e+07	9.59484e+06	1.18113e+07	1.25211e+07	4.0519e+06	5.97447e+06	3.48915e+06	3.64112e+06	4.06115e+06	5.78192e+06	3.79232e+06	4.2771e+06	4.74687e+06	3.08846e+06	4.74848e+06	5.83891e+06	3.47279e+06	4.68793e+06	5.09558e+06	2.95134e+06	5.30773e+06	6.12121e+06	3.22938e+06	3.48657e+06	5.09232e+06	3.68454e+06	4.14423e+06	4.87155e+06	7.35172e+06	5.4177e+06	6.60459e+06	6.64388e+06	6.28253e+06	7.993e+06	7.82964e+06	1.05452e+07	7.34816e+06	1.08684e+07	7.55609e+06	2.80313e+06	8.51581e+06	7.52291e+06	8.49741e+06	9.20179e+06	7.77623e+06	6.27226e+06	6.43195e+06	7.09537e+06	7.9666e+06	8.8747e+06	7.84588e+06	3.50771e+06	3.9446e+06	3.05518e+06	3.60426e+06	3.20521e+06	5.02204e+06	1.9503e+06	3.11074e+06	2.37085e+06	2.82315e+06	2.64236e+06	3.56402e+06	2.17068e+06	2.82002e+06	4.14763e+06	2.45783e+06	2.57858e+06	4.37888e+06	2.38861e+06	2.40566e+06	3.03697e+06	2.27819e+06	2.64637e+06	2.63772e+06	2.35939e+06	3.05653e+06	3.24179e+06	4.21776e+06	4.08539e+06	4.51343e+06	3.05983e+06	5.70666e+06	5.32958e+06	2.83892e+06	3.90519e+06	5.3951e+06	2.99197e+06	3.93303e+06	5.09755e+06	3.17567e+06	3.68948e+06	5.08856e+06	2.74011e+06	2.70221e+06	5.34567e+06	3.15076e+06	2.70183e+06	3.62553e+06	4.46192e+06	5.81808e+06	5.6389e+06	5.00097e+06	4.80196e+06	4.81389e+06	3.1445e+06	3.90823e+06	3.92618e+06	3.97133e+06	2.62614e+06	4.41985e+06	4.10411e+06	5.44326e+06	4.04241e+06	4.2503e+06	5.32599e+06	4.12199e+06	5.70476e+06	6.5241e+06	4.51945e+06	4.10425e+06	6.63036e+06	4.30996e+06	4.98524e+06	7.87462e+06	5.40626e+06	6.14263e+06	6.72179e+06	8.27992e+06	5.75815e+06	4.5657e+06	6.45491e+06	9.05626e+06	6.42504e+06	7.06647e+06	6.38531e+06	6.2018e+06	5.81563e+06	5.66682e+06	6.31219e+06	6.87599e+06	6.9302e+06	6.88795e+06	4.69559e+06
SRR1523641	4.01426e+07	4.10192e+07	8.02191e+06	9.0322e+07	2.93508e+07	1.23428e+07	6.05696e+07	4.16311e+07	1.34449e+07	8.49516e+07	2.93697e+07	1.13986e+07	2.43172e+07	9.70297e+06	9.13576e+07	5.15161e+07	1.15657e+07	7.70658e+07	3.65191e+07	1.4238e+07	7.59056e+07	7.16993e+07	9.132e+06	9.8505e+07	7.10823e+07	2.23409e+07	1.16959e+08	9.21273e+07	3.53057e+07	9.75094e+07	9.13494e+07	5.24084e+07	8.89727e+07	6.17857e+07	2.65706e+07	1.07331e+08	8.75218e+07	2.49273e+07	8.92344e+07	6.86282e+07	3.21396e+07	1.11597e+08	7.72308e+07	3.41659e+07	1.04834e+08	8.37693e+07	2.59069e+07	2.96513e+07	2.72537e+07	8.19273e+06	2.52807e+07	1.46101e+07	8.75485e+06	2.6083e+07	2.10433e+07	6.36992e+06	2.5311e+07	1.76355e+07	8.8421e+06	3.18926e+07	1.88882e+07	7.03576e+06	2.4588e+07	1.7069e+07	7.63987e+06	2.65613e+07	2.11824e+07	5.36955e+06	3.2898e+07	1.51007e+07	5.22849e+06	7.04642e+07	2.28919e+07	1.68747e+07	6.69926e+07	5.4026e+07	1.83665e+07	6.48248e+07	4.5327e+07	1.23112e+07	9.25631e+07	1.71523e+07	2.47061e+07	2.85314e+07	1.18635e+07	8.00152e+07	4.24952e+07	1.44397e+07	5.80219e+07	2.67806e+07	1.49216e+07	7.38196e+07	3.17902e+07	1.27556e+07	2.2395e+07	1.64858e+07	4.97046e+06	2.79508e+07	1.30269e+07	6.51374e+06	1.4737e+07	1.25155e+07	6.71054e+06	2.19904e+07	9.16002e+06	3.48593e+06	1.55435e+07	1.26001e+07	6.48611e+06	1.96063e+07	9.31301e+06	6.44454e+06	1.65634e+07	9.77276e+06	3.36711e+06	1.60784e+07	8.69916e+06	1.01004e+06	1.79555e+07	1.79893e+07	5.34731e+06	3.08527e+07	1.70765e+07	6.8493e+06	2.56393e+07	3.04326e+07	8.60008e+06	2.44391e+07	2.07489e+07	7.78533e+06	2.50383e+07	1.91357e+07	1.11375e+07	2.87773e+07	1.55813e+07	5.0837e+06	2.39467e+07	1.86166e+07	1.17885e+07	2.58429e+07	1.17752e+07	6.32728e+06	3.35509e+07	2.22323e+07	1.30286e+07	4.59907e+07	2.80588e+07	1.06637e+07	2.33231e+07	1.39339e+07	4.35496e+06	3.49874e+07	1.38542e+07	6.39115e+06	3.45171e+07	2.83532e+07	5.32324e+06	3.59924e+07	2.85675e+07	6.537e+06	4.68123e+07	2.89133e+07	9.85329e+06	3.87212e+07	3.3761e+07	8.8125e+06	4.08234e+07	4.19288e+07	7.94389e+06	5.26236e+07	3.44394e+07	1.36675e+07	5.04585e+07	2.52792e+07	9.13598e+06	7.65133e+07	1.17602e+07	5.76049e+07	3.71055e+07	1.15232e+07	9.43653e+06	5.28499e+07	4.21014e+07	1.50685e+07	5.6493e+07	3.46928e+07	9.41606e+06
SRR1523649	1.19209e+07	2.22017e+07	7.27248e+06	2.93508e+07	2.39507e+07	1.30396e+07	2.08096e+07	2.38925e+07	1.29136e+07	2.60146e+07	1.67476e+07	1.03237e+07	7.61813e+06	9.21587e+06	2.76173e+07	2.66628e+07	1.11338e+07	2.22041e+07	1.5946e+07	1.04994e+07	2.3072e+07	2.16578e+07	8.47412e+06	2.80144e+07	3.09124e+07	1.697e+07	3.0755e+07	3.80116e+07	2.14546e+07	2.50604e+07	3.52075e+07	3.10811e+07	2.60628e+07	2.80088e+07	1.48807e+07	2.91472e+07	3.32747e+07	1.59566e+07	2.62965e+07	2.78318e+07	1.85592e+07	3.18958e+07	3.18208e+07	2.34613e+07	2.89943e+07	3.12624e+07	1.71229e+07	1.07438e+07	1.44244e+07	6.53721e+06	9.38321e+06	7.94256e+06	7.25672e+06	1.0473e+07	1.00468e+07	4.40277e+06	9.13177e+06	1.03383e+07	7.16291e+06	1.06089e+07	1.04237e+07	6.23854e+06	8.43496e+06	1.06223e+07	7.46164e+06	8.3471e+06	8.27552e+06	4.92824e+06	1.0884e+07	8.22132e+06	4.82351e+06	2.15011e+07	1.28465e+07	1.14013e+07	2.0736e+07	1.69807e+07	1.25375e+07	1.96857e+07	2.16989e+07	8.78158e+06	2.84986e+07	1.27043e+07	7.97156e+06	1.55274e+07	9.35039e+06	2.4221e+07	2.04898e+07	1.08568e+07	1.7729e+07	1.45484e+07	1.06354e+07	2.24694e+07	1.53712e+07	9.37186e+06	9.1268e+06	1.00221e+07	4.04765e+06	1.07932e+07	8.03276e+06	6.30799e+06	5.31777e+06	7.41915e+06	4.63229e+06	8.37226e+06	5.86926e+06	3.2211e+06	6.06284e+06	8.02447e+06	5.94282e+06	7.23176e+06	6.00884e+06	5.38917e+06	6.39941e+06	5.71015e+06	3.25667e+06	5.82371e+06	5.45456e+06	1.33816e+06	5.95156e+06	7.71559e+06	3.56212e+06	1.06564e+07	8.71846e+06	4.95132e+06	8.19983e+06	1.30635e+07	5.87357e+06	7.58409e+06	9.30235e+06	5.58289e+06	8.65725e+06	9.53811e+06	7.93266e+06	9.45794e+06	7.52309e+06	3.98127e+06	8.03326e+06	8.25859e+06	8.03479e+06	8.89393e+06	6.35447e+06	4.64581e+06	1.24894e+07	1.12433e+07	8.42866e+06	1.51764e+07	1.19577e+07	7.60833e+06	8.43e+06	8.80885e+06	4.09156e+06	1.1691e+07	7.01764e+06	5.18665e+06	1.26286e+07	1.39433e+07	4.26447e+06	1.22944e+07	1.35948e+07	4.88535e+06	1.84102e+07	1.55935e+07	7.59296e+06	1.39471e+07	1.67097e+07	6.31018e+06	1.30116e+07	1.84109e+07	6.22067e+06	1.61429e+07	1.4064e+07	9.6278e+06	1.49742e+07	1.13267e+07	7.03998e+06	2.51315e+07	8.01179e+06	1.90424e+07	1.43148e+07	8.10382e+06	7.1579e+06	1.64916e+07	1.79708e+07	1.06094e+07	1.80394e+07	1.72121e+07	6.84892e+06
SRR1524309	4.57557e+06	1.36054e+07	9.84792e+06	1.23428e+07	1.30396e+07	2.01104e+07	9.85154e+06	1.52226e+07	1.62948e+07	9.6935e+06	1.21207e+07	1.53166e+07	2.86159e+06	1.53498e+07	1.13205e+07	1.65596e+07	1.82724e+07	9.73044e+06	9.05932e+06	1.37663e+07	9.0658e+06	8.20511e+06	1.11487e+07	9.67524e+06	1.52815e+07	1.73144e+07	9.77676e+06	2.22882e+07	2.16014e+07	7.74524e+06	1.84189e+07	2.93106e+07	9.28289e+06	1.56326e+07	1.5592e+07	1.00354e+07	1.64378e+07	1.84213e+07	9.25824e+06	1.54742e+07	1.877e+07	1.22492e+07	1.90797e+07	2.44545e+07	1.00072e+07	1.42059e+07	1.94832e+07	4.70384e+06	7.89308e+06	5.62684e+06	4.08398e+06	4.98575e+06	8.26357e+06	4.82817e+06	5.49557e+06	6.47202e+06	3.5113e+06	6.41175e+06	8.61292e+06	3.89657e+06	6.00755e+06	7.28094e+06	3.27304e+06	6.72716e+06	8.65594e+06	3.26918e+06	4.03528e+06	6.85936e+06	4.03639e+06	5.20209e+06	6.5106e+06	7.56222e+06	7.28754e+06	8.7609e+06	6.87638e+06	5.84891e+06	1.10038e+07	7.25769e+06	1.16568e+07	9.54124e+06	1.07209e+07	1.1595e+07	2.69861e+06	9.87182e+06	9.94492e+06	8.99087e+06	1.11224e+07	9.9969e+06	6.26082e+06	9.05165e+06	1.05962e+07	7.60111e+06	9.55929e+06	9.87086e+06	4.56481e+06	5.57903e+06	4.01569e+06	4.77246e+06	4.45855e+06	7.73915e+06	2.56493e+06	4.31684e+06	3.11871e+06	3.70401e+06	3.57646e+06	5.2743e+06	2.93526e+06	4.17969e+06	6.19526e+06	3.41358e+06	3.56946e+06	6.55969e+06	3.09723e+06	3.42104e+06	4.40043e+06	2.8688e+06	3.69304e+06	3.9599e+06	2.73832e+06	3.63443e+06	4.08188e+06	4.45386e+06	4.76061e+06	6.0115e+06	3.4785e+06	6.72878e+06	7.10171e+06	2.91492e+06	4.63831e+06	7.04994e+06	3.71606e+06	5.3734e+06	8.11734e+06	3.82879e+06	4.30347e+06	7.30209e+06	3.41468e+06	3.91315e+06	7.79549e+06	3.81491e+06	3.91532e+06	5.28553e+06	6.20273e+06	8.65679e+06	8.16571e+06	6.76944e+06	7.38894e+06	8.47133e+06	4.10678e+06	6.29292e+06	6.49543e+06	4.828e+06	4.00416e+06	6.9159e+06	5.67244e+06	8.38773e+06	6.11485e+06	5.45126e+06	8.25226e+06	6.3418e+06	9.07682e+06	1.0746e+07	8.05683e+06	6.53779e+06	1.01773e+07	7.17772e+06	6.11782e+06	1.07709e+07	7.55324e+06	6.90578e+06	7.73673e+06	1.1029e+07	6.20073e+06	6.38543e+06	1.00633e+07	1.04512e+07	9.22202e+06	8.32103e+06	8.53826e+06	8.44322e+06	7.68596e+06	6.786e+06	9.11231e+06	1.0173e+07	7.8328e+06	1.01612e+07	8.08384e+06
SRR1524310	3.30529e+07	3.07331e+07	7.10812e+06	6.05696e+07	2.08096e+07	9.85154e+06	5.29034e+07	3.36984e+07	1.25011e+07	6.1832e+07	2.15297e+07	9.94715e+06	1.86006e+07	8.06374e+06	6.6895e+07	3.80052e+07	1.04126e+07	5.98206e+07	2.60889e+07	1.0911e+07	5.49409e+07	5.27871e+07	8.89468e+06	7.44431e+07	5.03163e+07	1.72677e+07	8.6999e+07	6.54349e+07	2.62355e+07	7.70296e+07	6.78642e+07	4.07522e+07	6.47958e+07	4.48496e+07	2.01061e+07	8.10668e+07	6.3602e+07	1.93341e+07	6.79575e+07	5.20365e+07	2.58184e+07	8.60969e+07	5.79427e+07	2.8478e+07	7.9004e+07	6.24892e+07	1.96393e+07	2.30424e+07	2.02012e+07	5.79988e+06	1.97331e+07	1.10272e+07	6.62134e+06	1.9947e+07	1.56937e+07	4.60991e+06	1.93326e+07	1.35346e+07	7.13267e+06	2.45714e+07	1.50639e+07	6.34974e+06	1.9597e+07	1.39993e+07	6.80004e+06	2.11774e+07	1.65012e+07	5.12892e+06	2.51847e+07	1.27397e+07	5.02839e+06	5.46008e+07	1.63019e+07	1.24255e+07	4.94194e+07	4.08155e+07	1.4333e+07	5.11779e+07	3.48488e+07	1.00616e+07	6.94619e+07	1.26461e+07	1.87985e+07	2.24402e+07	1.02619e+07	6.1852e+07	3.33034e+07	1.18822e+07	4.48382e+07	1.93059e+07	1.10102e+07	5.71551e+07	2.49964e+07	1.08881e+07	1.89048e+07	1.34886e+07	4.47986e+06	2.27152e+07	1.06061e+07	5.80641e+06	1.27003e+07	1.06928e+07	5.81624e+06	1.76721e+07	7.81766e+06	3.37474e+06	1.31089e+07	1.05609e+07	6.15088e+06	1.63396e+07	7.81429e+06	5.98559e+06	1.45167e+07	8.68512e+06	3.27754e+06	1.36007e+07	8.08785e+06	996726	1.52888e+07	1.46833e+07	4.27642e+06	2.51682e+07	1.3595e+07	5.36838e+06	2.17291e+07	2.32786e+07	6.32973e+06	2.02659e+07	1.66201e+07	6.27233e+06	2.05052e+07	1.52858e+07	9.03444e+06	2.39349e+07	1.29327e+07	4.24649e+06	2.01196e+07	1.45761e+07	8.80289e+06	2.10109e+07	9.60416e+06	5.26469e+06	2.85819e+07	1.73367e+07	1.04036e+07	3.8677e+07	2.27673e+07	8.25513e+06	2.10553e+07	1.10845e+07	3.73622e+06	3.03657e+07	1.19827e+07	5.73012e+06	2.98059e+07	2.45171e+07	5.07938e+06	3.13271e+07	2.48177e+07	5.91945e+06	3.96327e+07	2.36852e+07	8.13727e+06	3.31274e+07	2.89501e+07	7.59447e+06	3.53204e+07	3.35472e+07	6.49734e+06	4.40984e+07	2.80625e+07	1.17296e+07	4.35268e+07	2.0642e+07	7.17608e+06	6.33727e+07	8.91185e+06	4.73341e+07	3.09797e+07	9.65169e+06	8.01626e+06	4.46444e+07	3.41474e+07	1.20144e+07	4.81679e+07	2.70298e+07	6.22423e+06
SRR1524311	1.94473e+07	3.17456e+07	1.0819e+07	4.16311e+07	2.38925e+07	1.52226e+07	3.36984e+07	4.54094e+07	2.09049e+07	4.33588e+07	2.36017e+07	1.49788e+07	1.25834e+07	1.26411e+07	4.44414e+07	3.9203e+07	1.67438e+07	3.75124e+07	2.34828e+07	1.52365e+07	3.60916e+07	3.55449e+07	1.4055e+07	4.60914e+07	4.64675e+07	2.38684e+07	5.35056e+07	6.01344e+07	3.32649e+07	4.50853e+07	5.827e+07	4.98364e+07	4.41959e+07	4.41036e+07	2.34687e+07	5.09241e+07	5.28999e+07	2.38201e+07	4.57504e+07	4.61293e+07	3.15546e+07	5.48364e+07	5.25669e+07	3.74601e+07	5.01268e+07	4.90254e+07	2.49395e+07	1.70043e+07	2.03081e+07	6.73954e+06	1.46101e+07	1.1614e+07	9.76042e+06	1.53226e+07	1.44305e+07	6.20742e+06	1.43532e+07	1.46024e+07	9.21951e+06	1.77181e+07	1.67314e+07	9.71585e+06	1.43127e+07	1.695e+07	1.11037e+07	1.48775e+07	1.35162e+07	7.32072e+06	1.8241e+07	1.37899e+07	7.20475e+06	3.71046e+07	1.68189e+07	1.49624e+07	3.48857e+07	2.91907e+07	1.85159e+07	3.50881e+07	3.56975e+07	1.3125e+07	4.96325e+07	1.5078e+07	1.34533e+07	2.38161e+07	1.40122e+07	4.24061e+07	3.39375e+07	1.66324e+07	3.08291e+07	1.83431e+07	1.32207e+07	3.96177e+07	2.48942e+07	1.43595e+07	1.69794e+07	1.65838e+07	6.9734e+06	1.8975e+07	1.27886e+07	8.96437e+06	1.05133e+07	1.27257e+07	8.67996e+06	1.46787e+07	9.95775e+06	4.70901e+06	1.14255e+07	1.23252e+07	9.27215e+06	1.33315e+07	9.89825e+06	8.8786e+06	1.26791e+07	1.00028e+07	5.17784e+06	1.15332e+07	8.9389e+06	1.54602e+06	1.16116e+07	1.33314e+07	5.89527e+06	1.86486e+07	1.38125e+07	7.07117e+06	1.44996e+07	2.05081e+07	7.832e+06	1.43559e+07	1.46585e+07	7.81428e+06	1.53739e+07	1.47791e+07	1.09178e+07	1.6407e+07	1.26016e+07	6.15148e+06	1.43044e+07	1.216e+07	1.11017e+07	1.58839e+07	9.39068e+06	6.88244e+06	2.07975e+07	1.68934e+07	1.21171e+07	2.60439e+07	1.80323e+07	9.1073e+06	1.57429e+07	1.20586e+07	5.60024e+06	2.18287e+07	1.08119e+07	7.99615e+06	2.24655e+07	2.20056e+07	6.9582e+06	2.33142e+07	2.22644e+07	8.07785e+06	2.89433e+07	2.22629e+07	1.03392e+07	2.29067e+07	2.54121e+07	9.70072e+06	2.31255e+07	3.11802e+07	9.5766e+06	2.90301e+07	2.3428e+07	1.52008e+07	2.66941e+07	1.63848e+07	8.32115e+06	4.37292e+07	1.08633e+07	3.17109e+07	2.36841e+07	1.21694e+07	1.1407e+07	2.70862e+07	2.54646e+07	1.43939e+07	2.92741e+07	2.21438e+07	6.33329e+06
SRR1524312	5.87432e+06	1.58238e+07	1.02364e+07	1.34449e+07	1.29136e+07	1.62948e+07	1.25011e+07	2.09049e+07	2.2755e+07	1.42347e+07	1.34624e+07	1.57752e+07	4.21082e+06	1.43213e+07	1.50244e+07	2.09394e+07	1.79743e+07	1.29223e+07	1.10883e+07	1.59474e+07	1.15741e+07	1.09838e+07	1.32956e+07	1.37918e+07	2.05432e+07	2.05702e+07	1.51548e+07	2.76222e+07	2.58888e+07	1.22235e+07	2.31537e+07	3.56299e+07	1.40358e+07	2.05456e+07	1.71359e+07	1.52961e+07	2.17073e+07	2.13099e+07	1.44785e+07	1.96393e+07	2.15143e+07	1.69807e+07	2.2591e+07	2.67626e+07	1.47644e+07	1.73742e+07	2.00596e+07	7.19059e+06	1.03787e+07	5.03961e+06	6.29619e+06	6.65434e+06	9.41688e+06	6.48653e+06	7.06934e+06	6.4081e+06	5.60961e+06	8.10039e+06	8.87943e+06	7.24866e+06	9.6152e+06	8.86388e+06	6.12774e+06	1.0429e+07	1.06909e+07	6.17136e+06	6.35364e+06	7.85467e+06	7.57934e+06	7.89439e+06	7.84208e+06	1.37475e+07	9.05608e+06	1.0521e+07	1.27895e+07	1.09876e+07	1.41878e+07	1.29901e+07	1.76714e+07	1.13033e+07	1.91343e+07	1.16041e+07	5.07359e+06	1.37826e+07	1.16303e+07	1.56698e+07	1.7098e+07	1.30468e+07	1.13923e+07	1.00282e+07	1.05753e+07	1.47809e+07	1.36482e+07	1.18626e+07	8.51554e+06	8.55847e+06	5.35961e+06	8.69909e+06	6.90427e+06	8.57285e+06	4.92708e+06	6.49374e+06	5.57146e+06	6.68731e+06	5.2624e+06	5.10138e+06	5.33255e+06	5.9802e+06	8.12969e+06	5.80096e+06	5.27882e+06	7.69976e+06	6.16443e+06	5.45617e+06	5.22522e+06	5.29117e+06	5.15279e+06	3.33795e+06	4.99356e+06	5.67443e+06	4.69702e+06	7.62446e+06	7.2674e+06	7.4258e+06	5.89423e+06	1.023e+07	8.24442e+06	6.35271e+06	7.73778e+06	7.37475e+06	6.4556e+06	7.86755e+06	8.40599e+06	6.97555e+06	6.86879e+06	6.89321e+06	5.44926e+06	4.93812e+06	8.16919e+06	6.37019e+06	5.00819e+06	5.64421e+06	8.65872e+06	9.99504e+06	9.32841e+06	1.01761e+07	8.76384e+06	7.77747e+06	7.10439e+06	7.41521e+06	6.31612e+06	9.24316e+06	5.50707e+06	7.22915e+06	9.48342e+06	1.14017e+07	6.76856e+06	9.99085e+06	1.15845e+07	7.42436e+06	1.20389e+07	1.23649e+07	8.52048e+06	9.3808e+06	1.27928e+07	7.7191e+06	9.16942e+06	1.5153e+07	8.50637e+06	1.08738e+07	1.10603e+07	1.27305e+07	9.83266e+06	7.75672e+06	9.12874e+06	1.8038e+07	1.00234e+07	1.17374e+07	1.05887e+07	1.01925e+07	1.00409e+07	9.02436e+06	9.71366e+06	1.10068e+07	1.03243e+07	9.97836e+06	5.8379e+06
SRR1523635	4.25709e+07	4.29876e+07	7.86754e+06	8.49516e+07	2.60146e+07	9.6935e+06	6.1832e+07	4.33588e+07	1.42347e+07	1.00719e+08	3.00644e+07	1.15536e+07	2.56645e+07	9.74717e+06	9.53371e+07	5.11827e+07	1.16672e+07	7.85544e+07	3.91266e+07	1.6157e+07	7.90916e+07	7.41558e+07	9.35693e+06	1.04595e+08	7.65094e+07	2.47218e+07	1.2645e+08	1.003e+08	3.99225e+07	1.05614e+08	9.89149e+07	5.77552e+07	9.85035e+07	6.74166e+07	3.08215e+07	1.20268e+08	9.59534e+07	2.77586e+07	9.89706e+07	7.47993e+07	3.6062e+07	1.20846e+08	8.4099e+07	3.68061e+07	1.1504e+08	8.72933e+07	2.6213e+07	3.19387e+07	2.79918e+07	6.16392e+06	2.73041e+07	1.54431e+07	8.1571e+06	2.67448e+07	2.176e+07	6.59008e+06	2.77172e+07	1.71054e+07	7.57195e+06	3.46521e+07	1.9829e+07	7.00818e+06	2.70783e+07	1.80348e+07	7.66985e+06	3.07018e+07	2.30556e+07	5.63364e+06	3.61947e+07	1.59111e+07	5.37021e+06	7.62602e+07	2.15565e+07	1.56117e+07	7.3297e+07	5.98596e+07	1.84376e+07	7.06145e+07	4.91676e+07	1.29527e+07	1.03032e+08	1.46099e+07	2.71469e+07	3.05055e+07	1.16592e+07	8.84144e+07	4.63342e+07	1.49469e+07	6.33542e+07	2.48304e+07	1.29227e+07	8.22417e+07	3.40384e+07	1.28867e+07	2.36637e+07	1.68869e+07	5.13519e+06	2.98585e+07	1.34492e+07	6.41885e+06	1.49421e+07	1.28609e+07	7.29488e+06	2.30387e+07	9.52645e+06	3.39714e+06	1.57731e+07	1.24026e+07	6.01881e+06	1.98852e+07	9.02278e+06	6.14112e+06	1.78525e+07	1.02594e+07	3.49031e+06	1.7421e+07	9.30286e+06	954762	2.01022e+07	2.05818e+07	5.83796e+06	3.38742e+07	1.87885e+07	7.21495e+06	2.80528e+07	3.30984e+07	8.99347e+06	2.88295e+07	2.29102e+07	7.67308e+06	2.70815e+07	2.02358e+07	9.83901e+06	3.18891e+07	1.75041e+07	5.19845e+06	2.57125e+07	1.84918e+07	1.01382e+07	2.8942e+07	1.25651e+07	6.31564e+06	3.67468e+07	2.35012e+07	1.30244e+07	5.21437e+07	3.06586e+07	8.51977e+06	2.41916e+07	1.19161e+07	3.59027e+06	3.84345e+07	1.39561e+07	5.42044e+06	3.81135e+07	3.01207e+07	4.69355e+06	4.02622e+07	3.03616e+07	6.00644e+06	4.98877e+07	2.84482e+07	8.32845e+06	4.16708e+07	3.31389e+07	7.14094e+06	4.4986e+07	4.43716e+07	7.66159e+06	5.91388e+07	3.84518e+07	1.4418e+07	5.59167e+07	2.7552e+07	8.21795e+06	8.57881e+07	1.08861e+07	6.32996e+07	4.14644e+07	1.09575e+07	9.14347e+06	5.76788e+07	4.32131e+07	1.3929e+07	6.32288e+07	3.38822e+07	7.98793e+06
SRR1524331	1.24268e+07	2.2042e+07	7.83884e+06	2.93697e+07	1.67476e+07	1.21207e+07	2.15297e+07	2.36017e+07	1.34624e+07	3.00644e+07	2.86592e+07	1.32526e+07	8.35352e+06	1.18961e+07	2.97467e+07	2.73679e+07	1.22972e+07	2.312e+07	2.08002e+07	1.73011e+07	2.66635e+07	2.12904e+07	1.0284e+07	3.08677e+07	3.42162e+07	2.17845e+07	3.46696e+07	4.06744e+07	2.90308e+07	2.75822e+07	3.77496e+07	3.8255e+07	3.04175e+07	3.37474e+07	2.09816e+07	3.39475e+07	3.72914e+07	2.4161e+07	3.11186e+07	3.45828e+07	2.59998e+07	3.50505e+07	3.54811e+07	2.9398e+07	3.20122e+07	3.24324e+07	2.28346e+07	1.14681e+07	1.43404e+07	6.46301e+06	1.07201e+07	8.48436e+06	7.71969e+06	1.16382e+07	1.07525e+07	5.21427e+06	9.43898e+06	1.02531e+07	7.46553e+06	1.03375e+07	9.5517e+06	6.23881e+06	8.71025e+06	1.04069e+07	7.11573e+06	1.01942e+07	8.93901e+06	5.39824e+06	1.09809e+07	8.69686e+06	5.65236e+06	2.43e+07	1.31775e+07	1.2326e+07	2.27697e+07	1.81402e+07	1.27124e+07	2.23646e+07	2.25901e+07	9.133e+06	3.2524e+07	1.31802e+07	8.45901e+06	1.63891e+07	1.05834e+07	2.66401e+07	1.99866e+07	1.15695e+07	2.05401e+07	1.61021e+07	1.24751e+07	2.55303e+07	1.88784e+07	1.0408e+07	1.05342e+07	1.08034e+07	4.79449e+06	1.13829e+07	7.66261e+06	5.28125e+06	6.34363e+06	8.43859e+06	5.65562e+06	9.5025e+06	5.75579e+06	3.20336e+06	6.85575e+06	8.43404e+06	5.95684e+06	8.68726e+06	6.28748e+06	5.50715e+06	7.83476e+06	6.42848e+06	3.3698e+06	7.91442e+06	5.80889e+06	1.3327e+06	7.67278e+06	9.60523e+06	4.53949e+06	1.35989e+07	1.07468e+07	6.43284e+06	1.06147e+07	1.65141e+07	7.41337e+06	9.99333e+06	1.18445e+07	6.42667e+06	1.11264e+07	1.25239e+07	1.01215e+07	1.17818e+07	9.31236e+06	4.67334e+06	1.0504e+07	1.00986e+07	9.96917e+06	1.21002e+07	8.14094e+06	5.80287e+06	1.69714e+07	1.55735e+07	1.15003e+07	2.05114e+07	1.49419e+07	9.03956e+06	1.09159e+07	1.01916e+07	4.32286e+06	1.44215e+07	8.07599e+06	6.17597e+06	1.62445e+07	1.70771e+07	4.97848e+06	1.62499e+07	1.63461e+07	5.40578e+06	2.34651e+07	1.95092e+07	9.87255e+06	1.74398e+07	1.96784e+07	7.9858e+06	1.53761e+07	2.17258e+07	7.65939e+06	1.93487e+07	1.74706e+07	1.05584e+07	1.86261e+07	1.31932e+07	6.94363e+06	2.83141e+07	1.08584e+07	2.28866e+07	1.66725e+07	1.03562e+07	7.96512e+06	1.87774e+07	1.93177e+07	1.1261e+07	2.10092e+07	1.90709e+07	8.16053e+06
SRR1524336	4.92189e+06	1.24187e+07	9.6309e+06	1.13986e+07	1.03237e+07	1.53166e+07	9.94715e+06	1.49788e+07	1.57752e+07	1.15536e+07	1.32526e+07	1.88008e+07	3.25152e+06	1.55372e+07	1.24046e+07	1.6426e+07	1.7371e+07	1.10035e+07	8.43402e+06	1.39412e+07	9.43561e+06	9.29056e+06	1.25194e+07	1.16014e+07	1.73191e+07	1.78344e+07	1.26962e+07	2.14067e+07	2.09895e+07	1.07052e+07	1.93494e+07	3.11695e+07	1.09424e+07	1.556e+07	1.64429e+07	1.26061e+07	1.70687e+07	1.91246e+07	1.11904e+07	1.67737e+07	1.81969e+07	1.44681e+07	1.88414e+07	2.48368e+07	1.23866e+07	1.54348e+07	1.87305e+07	5.91175e+06	9.05998e+06	5.29236e+06	4.93052e+06	5.73586e+06	1.02004e+07	5.17602e+06	6.15752e+06	7.25741e+06	4.23729e+06	6.86571e+06	9.36893e+06	5.31758e+06	7.43956e+06	8.9572e+06	4.46219e+06	8.45676e+06	1.07182e+07	4.84575e+06	5.53458e+06	8.9502e+06	5.65586e+06	6.62435e+06	8.5766e+06	1.04363e+07	7.85642e+06	1.04387e+07	9.46171e+06	7.93073e+06	1.3325e+07	1.00327e+07	1.44625e+07	1.1511e+07	1.47259e+07	1.30556e+07	3.63974e+06	1.21923e+07	1.24258e+07	1.20545e+07	1.37739e+07	1.26022e+07	8.78824e+06	9.84998e+06	1.19712e+07	1.07603e+07	1.22183e+07	1.22378e+07	6.07338e+06	6.54979e+06	5.48512e+06	6.09568e+06	5.29051e+06	9.06345e+06	3.50929e+06	5.38162e+06	4.3247e+06	4.75319e+06	4.3605e+06	6.42199e+06	3.6925e+06	4.62568e+06	7.4968e+06	4.2665e+06	4.16039e+06	7.78939e+06	4.47264e+06	4.45332e+06	5.7971e+06	3.99213e+06	4.6675e+06	5.02034e+06	3.60731e+06	4.29532e+06	4.71082e+06	5.57976e+06	5.40227e+06	6.68026e+06	4.47165e+06	7.48038e+06	7.71562e+06	4.13132e+06	5.40672e+06	7.70253e+06	4.66178e+06	6.00468e+06	8.71564e+06	4.95045e+06	4.89686e+06	8.36949e+06	4.4381e+06	4.2053e+06	8.79687e+06	4.79882e+06	4.11908e+06	6.066e+06	7.29544e+06	9.70383e+06	9.61344e+06	8.3193e+06	8.22842e+06	8.96558e+06	5.35757e+06	6.76977e+06	7.02551e+06	6.38624e+06	4.25607e+06	7.87696e+06	6.80476e+06	9.0948e+06	7.01006e+06	7.12374e+06	8.76745e+06	7.43464e+06	1.00965e+07	1.16655e+07	9.10567e+06	7.6113e+06	1.12051e+07	8.09716e+06	7.79935e+06	1.32149e+07	9.09839e+06	9.0844e+06	9.60164e+06	1.32501e+07	8.21781e+06	7.01878e+06	1.10561e+07	1.41574e+07	1.15552e+07	1.01804e+07	9.63025e+06	1.11325e+07	1.02963e+07	8.27325e+06	9.46206e+06	1.18705e+07	9.00399e+06	1.02247e+07	8.30175e+06
SRR1524337	1.41275e+07	1.20594e+07	2.40099e+06	2.43172e+07	7.61813e+06	2.86159e+06	1.86006e+07	1.25834e+07	4.21082e+06	2.56645e+07	8.35352e+06	3.25152e+06	9.95843e+06	3.36545e+06	2.71943e+07	1.5397e+07	3.38965e+06	2.50489e+07	1.17331e+07	5.02281e+06	2.32332e+07	2.24416e+07	2.81981e+06	3.03819e+07	2.14812e+07	7.17012e+06	3.58958e+07	2.77688e+07	1.15699e+07	3.10254e+07	2.75364e+07	1.63795e+07	2.72096e+07	1.83715e+07	8.70339e+06	3.37804e+07	2.69471e+07	8.17462e+06	2.69775e+07	2.10902e+07	1.0286e+07	3.45256e+07	2.43822e+07	1.08467e+07	3.16609e+07	2.50167e+07	7.39798e+06	9.20014e+06	8.27075e+06	1.83563e+06	7.51965e+06	4.47537e+06	2.41713e+06	7.45363e+06	6.21516e+06	1.65786e+06	7.56879e+06	5.12943e+06	2.37936e+06	9.83107e+06	6.13707e+06	2.31411e+06	7.49879e+06	5.43682e+06	2.53394e+06	8.26572e+06	6.7978e+06	1.71484e+06	1.00924e+07	5.13548e+06	1.67744e+06	2.04448e+07	6.09579e+06	4.48454e+06	1.89981e+07	1.61384e+07	5.71584e+06	1.92523e+07	1.4039e+07	4.0199e+06	2.61161e+07	4.41506e+06	7.71731e+06	8.84601e+06	3.61767e+06	2.35738e+07	1.33164e+07	4.35824e+06	1.68066e+07	6.75272e+06	3.71719e+06	2.14985e+07	9.63938e+06	3.81943e+06	6.81667e+06	5.26046e+06	1.64384e+06	8.64214e+06	4.13802e+06	2.05956e+06	4.11574e+06	3.71926e+06	2.10843e+06	6.11848e+06	2.9869e+06	997348	4.56641e+06	3.6395e+06	1.74749e+06	5.63482e+06	2.79713e+06	1.98098e+06	4.96167e+06	3.07641e+06	1.05551e+06	4.71185e+06	2.87938e+06	284526	5.75274e+06	5.41236e+06	1.51875e+06	9.36188e+06	5.21793e+06	2.21983e+06	7.8365e+06	8.77246e+06	2.65608e+06	7.83215e+06	6.44674e+06	2.22245e+06	7.353e+06	5.42298e+06	2.6503e+06	8.76594e+06	4.77444e+06	1.46775e+06	7.15565e+06	5.01246e+06	2.52504e+06	7.56636e+06	3.4821e+06	1.6927e+06	1.03175e+07	5.8621e+06	3.31799e+06	1.38876e+07	7.98767e+06	2.13009e+06	7.22045e+06	3.40849e+06	938208	1.06149e+07	3.9889e+06	1.51085e+06	1.06381e+07	8.49776e+06	1.24556e+06	1.10857e+07	8.25474e+06	1.60384e+06	1.40932e+07	7.92945e+06	2.28715e+06	1.21401e+07	9.90644e+06	2.00738e+06	1.36727e+07	1.32235e+07	2.33748e+06	1.70828e+07	1.09996e+07	4.03969e+06	1.60493e+07	7.62345e+06	2.15506e+06	2.35513e+07	2.85122e+06	1.80175e+07	1.21759e+07	3.01436e+06	2.47686e+06	1.70128e+07	1.28834e+07	3.79637e+06	1.77115e+07	9.63884e+06	2.07254e+06
SRR1524338	4.37721e+06	1.15677e+07	9.75403e+06	9.70297e+06	9.21587e+06	1.53498e+07	8.06374e+06	1.26411e+07	1.43213e+07	9.74717e+06	1.18961e+07	1.55372e+07	3.36545e+06	2.09945e+07	1.05094e+07	1.44233e+07	1.71349e+07	9.17361e+06	1.15942e+07	1.7958e+07	9.39745e+06	8.18435e+06	1.17651e+07	9.7787e+06	1.51179e+07	1.72656e+07	1.0792e+07	2.01489e+07	2.16258e+07	8.08033e+06	1.74614e+07	2.9457e+07	9.47414e+06	1.56873e+07	1.69058e+07	1.0596e+07	1.59593e+07	2.05261e+07	8.75993e+06	1.53172e+07	1.88182e+07	1.2093e+07	1.8862e+07	2.39733e+07	1.00887e+07	1.36907e+07	1.88477e+07	4.70869e+06	7.32876e+06	4.62892e+06	4.04128e+06	5.00413e+06	8.90399e+06	4.20434e+06	5.15271e+06	7.08486e+06	3.21428e+06	5.69082e+06	8.39932e+06	3.9045e+06	6.04914e+06	8.25733e+06	3.21032e+06	6.78624e+06	9.52948e+06	3.73273e+06	4.3365e+06	8.29733e+06	4.11052e+06	5.56471e+06	7.89771e+06	8.01416e+06	6.2385e+06	8.7003e+06	7.13112e+06	6.19686e+06	1.18127e+07	8.17662e+06	1.22897e+07	1.1046e+07	1.15267e+07	1.16314e+07	2.86705e+06	1.09716e+07	1.19019e+07	9.31529e+06	1.11035e+07	1.09783e+07	6.70077e+06	7.96264e+06	1.06242e+07	8.4275e+06	1.09352e+07	1.15778e+07	5.64893e+06	7.86659e+06	5.28642e+06	4.34063e+06	5.52126e+06	8.38735e+06	2.36269e+06	4.05061e+06	3.24854e+06	3.57733e+06	3.62816e+06	6.31212e+06	2.61637e+06	3.63014e+06	6.50851e+06	2.9626e+06	3.19117e+06	6.87232e+06	2.9037e+06	3.27139e+06	5.21768e+06	3.52259e+06	3.90291e+06	5.03657e+06	2.77017e+06	3.28426e+06	4.71474e+06	4.26081e+06	4.58708e+06	7.00841e+06	3.63535e+06	6.82922e+06	8.46735e+06	3.17428e+06	5.05051e+06	7.98075e+06	3.43925e+06	4.95144e+06	8.07164e+06	3.59487e+06	4.35498e+06	8.87849e+06	3.10596e+06	3.2335e+06	7.6121e+06	3.56821e+06	3.55269e+06	5.6325e+06	5.69826e+06	8.10612e+06	8.4402e+06	6.08764e+06	6.90837e+06	8.4135e+06	3.85256e+06	5.64991e+06	7.18698e+06	4.22342e+06	3.43987e+06	7.42031e+06	4.99305e+06	7.62185e+06	7.12774e+06	5.07614e+06	7.1061e+06	7.2609e+06	7.43594e+06	9.7335e+06	7.88176e+06	5.58338e+06	8.76058e+06	7.16093e+06	6.28798e+06	1.06067e+07	8.85493e+06	7.15642e+06	8.41769e+06	1.27718e+07	6.42576e+06	6.03543e+06	1.15955e+07	1.05584e+07	1.05368e+07	7.98507e+06	8.17586e+06	1.01391e+07	8.68369e+06	6.43992e+06	7.9343e+06	1.0619e+07	8.00171e+06	9.35378e+06	7.79992e+06
SRR1524339	4.67787e+07	4.28974e+07	8.56681e+06	9.13576e+07	2.76173e+07	1.13205e+07	6.6895e+07	4.44414e+07	1.50244e+07	9.53371e+07	2.97467e+07	1.24046e+07	2.71943e+07	1.05094e+07	1.10509e+08	5.69307e+07	1.30738e+07	9.12876e+07	3.95914e+07	1.69838e+07	8.69526e+07	8.13266e+07	1.04065e+07	1.17022e+08	7.87387e+07	2.46437e+07	1.4084e+08	1.03425e+08	4.14875e+07	1.22191e+08	1.05978e+08	6.2274e+07	1.06692e+08	7.00196e+07	3.19725e+07	1.31969e+08	9.95528e+07	2.89042e+07	1.09695e+08	8.14371e+07	3.94395e+07	1.38621e+08	8.83842e+07	3.98087e+07	1.28748e+08	9.66486e+07	3.03883e+07	3.49482e+07	3.09659e+07	7.78727e+06	2.93124e+07	1.65245e+07	9.32908e+06	2.95787e+07	2.37263e+07	7.30247e+06	2.94581e+07	1.93438e+07	9.38643e+06	3.80679e+07	2.2381e+07	8.23661e+06	2.9514e+07	2.00743e+07	8.97029e+06	3.23134e+07	2.50188e+07	6.64676e+06	3.96414e+07	1.82842e+07	6.429e+06	8.60194e+07	2.43548e+07	1.86176e+07	7.98976e+07	6.538e+07	2.10395e+07	7.98565e+07	5.30274e+07	1.474e+07	1.12236e+08	1.85446e+07	2.96214e+07	3.40287e+07	1.38604e+07	9.76326e+07	5.03715e+07	1.70446e+07	7.05732e+07	2.91786e+07	1.62947e+07	9.0029e+07	3.71974e+07	1.52457e+07	2.72781e+07	1.93172e+07	6.22488e+06	3.38706e+07	1.54657e+07	7.53718e+06	1.74346e+07	1.46256e+07	8.33024e+06	2.55958e+07	1.13508e+07	4.10312e+06	1.85296e+07	1.43327e+07	7.14152e+06	2.34506e+07	1.05835e+07	7.4622e+06	2.05446e+07	1.18224e+07	4.06805e+06	1.95436e+07	1.0578e+07	1.16661e+06	2.28396e+07	2.16696e+07	6.37881e+06	3.79613e+07	2.07528e+07	8.40928e+06	3.24863e+07	3.63604e+07	9.88304e+06	3.13657e+07	2.49912e+07	8.6202e+06	2.99735e+07	2.20393e+07	1.14139e+07	3.54228e+07	1.88541e+07	6.06598e+06	2.90183e+07	2.00329e+07	1.14821e+07	3.13445e+07	1.39771e+07	7.32253e+06	4.02512e+07	2.46199e+07	1.43584e+07	5.61365e+07	3.19421e+07	9.84797e+06	2.78814e+07	1.42028e+07	4.3676e+06	4.25034e+07	1.57792e+07	6.3647e+06	4.0675e+07	3.3234e+07	5.70937e+06	4.39486e+07	3.35946e+07	7.18392e+06	5.58477e+07	3.2396e+07	9.78624e+06	4.66073e+07	3.82664e+07	8.84773e+06	5.16291e+07	4.79853e+07	9.1142e+06	6.58186e+07	4.1148e+07	1.60476e+07	6.28872e+07	2.86762e+07	9.34041e+06	9.53739e+07	1.28529e+07	7.00926e+07	4.49304e+07	1.24881e+07	1.04483e+07	6.54094e+07	4.77821e+07	1.59979e+07	7.00306e+07	3.82508e+07	9.47829e+06
SRR1524340	2.25263e+07	3.57888e+07	1.09225e+07	5.15161e+07	2.66628e+07	1.65596e+07	3.80052e+07	3.9203e+07	2.09394e+07	5.11827e+07	2.73679e+07	1.6426e+07	1.5397e+07	1.44233e+07	5.69307e+07	6.48344e+07	1.90822e+07	4.64711e+07	2.99806e+07	1.97038e+07	4.58723e+07	4.60062e+07	1.58682e+07	5.81594e+07	5.72212e+07	2.77345e+07	6.53626e+07	7.63257e+07	4.11437e+07	5.52125e+07	7.55859e+07	6.34881e+07	5.28712e+07	5.3323e+07	2.73594e+07	6.14868e+07	6.71512e+07	3.10639e+07	5.47065e+07	6.10991e+07	3.82188e+07	6.72996e+07	6.47566e+07	4.39834e+07	6.21968e+07	6.37181e+07	3.34725e+07	2.05154e+07	2.78571e+07	9.3765e+06	1.68454e+07	1.53061e+07	1.28533e+07	1.90176e+07	1.77037e+07	7.4919e+06	1.69975e+07	1.84678e+07	1.19794e+07	2.12814e+07	2.38736e+07	1.42333e+07	1.64439e+07	2.36764e+07	1.54705e+07	1.77933e+07	1.7058e+07	9.34797e+06	2.18673e+07	2.00824e+07	1.00305e+07	4.30887e+07	2.22017e+07	2.05763e+07	4.0879e+07	3.37473e+07	2.4856e+07	4.03016e+07	4.75155e+07	1.80856e+07	5.79954e+07	2.21024e+07	1.54555e+07	3.18219e+07	1.84441e+07	4.91656e+07	4.37562e+07	2.16788e+07	3.69113e+07	2.53112e+07	1.84568e+07	4.49174e+07	3.18909e+07	1.80835e+07	1.89218e+07	2.2223e+07	9.74525e+06	2.0972e+07	1.57761e+07	1.11462e+07	1.09278e+07	1.64147e+07	1.18191e+07	1.5486e+07	1.21931e+07	5.02619e+06	1.18933e+07	1.47159e+07	1.08865e+07	1.43005e+07	1.1911e+07	1.05891e+07	1.38984e+07	1.33679e+07	6.37084e+06	1.26884e+07	1.09693e+07	1.71797e+06	1.24966e+07	1.42418e+07	5.75326e+06	2.05971e+07	1.62972e+07	9.28438e+06	1.65178e+07	2.4262e+07	1.00883e+07	1.60648e+07	1.79645e+07	9.5561e+06	1.68993e+07	1.90364e+07	1.47725e+07	1.89327e+07	1.46137e+07	6.94858e+06	1.63954e+07	1.40894e+07	1.14328e+07	1.72604e+07	1.16177e+07	8.23746e+06	2.29233e+07	1.8754e+07	1.30403e+07	2.98761e+07	2.07416e+07	9.50417e+06	1.70394e+07	1.38202e+07	5.78367e+06	2.3244e+07	1.24471e+07	8.70701e+06	2.43954e+07	2.60446e+07	7.87079e+06	2.50949e+07	2.49467e+07	8.61479e+06	3.32341e+07	2.48842e+07	1.08934e+07	2.61647e+07	2.82941e+07	9.94971e+06	2.73841e+07	3.93608e+07	1.33579e+07	3.37619e+07	3.00309e+07	1.81088e+07	3.0999e+07	1.88984e+07	9.62788e+06	5.01925e+07	1.32901e+07	3.65383e+07	2.97626e+07	1.50812e+07	1.25075e+07	3.12943e+07	3.03408e+07	1.62774e+07	3.42728e+07	2.75815e+07	9.08732e+06
