	SRR1523634	SRR1523636	SRR1523640	SRR1523641	SRR1523649	SRR1524309	SRR1524310	SRR1524311	SRR1524312	SRR1523635	SRR1524331	SRR1524336	SRR1524337	SRR1524338	SRR1524339	SRR1524340	SRR1524341	SRR1524342	SRR1524343	SRR1524344	SRR1524345	SRR1524346	SRR1524347	SRR1524581	SRR1524582	SRR1524583	SRR1524585	SRR1524586	SRR1524587	SRR1524590	SRR1524588	SRR1524592	SRR1524595	SRR1524593	SRR1524597	SRR1524599	SRR1524600	SRR1524602	SRR1524604	SRR1524606	SRR1524608	SRR1524610	SRR1524612	SRR1524613	SRR1524616	SRR1524618	SRR1524620	SRR1524348	SRR1524349	SRR1524350	SRR1524351	SRR1524352	SRR1524353	SRR1524354	SRR1524355	SRR1524356	SRR1524358	SRR1524360	SRR1524361	SRR1524362	SRR1524365	SRR1524369	SRR1524367	SRR1524370	SRR1524380	SRR1524383	SRR1524385	SRR1524390	SRR1524388	SRR1524392	SRR1524394	SRR1524622	SRR1524624	SRR1524627	SRR1524628	SRR1524630	SRR1524632	SRR1524634	SRR1524636	SRR1524638	SRR1524640	SRR1524642	SRR1524645	SRR1524647	SRR1524649	SRR1524651	SRR1524653	SRR1524657	SRR1524659	SRR1524661	SRR1524663	SRR1524665	SRR1524668	SRR1524670	SRR1524396	SRR1524397	SRR1524399	SRR1524400	SRR1524408	SRR1524402	SRR1524404	SRR1524406	SRR1524410	SRR1524414	SRR1524412	SRR1524416	SRR1524418	SRR1524420	SRR1524422	SRR1524424	SRR1524426	SRR1524428	SRR1524430	SRR1524433	SRR1524435	SRR1524436	SRR1524438	SRR1524441	SRR1524442	SRR1524444	SRR1524445	SRR1524448	SRR1524450	SRR1524453	SRR1524455	SRR1524456	SRR1524473	SRR1524476	SRR1524478	SRR1524480	SRR1524540	SRR1524542	SRR1524562	SRR1524564	SRR1524566	SRR1524567	SRR1524569	SRR1524571	SRR1524573	SRR1524575	SRR1524576	SRR1524578	SRR1524673	SRR1524674	SRR1524675	SRR1524677	SRR1524679	SRR1524682	SRR1524684	SRR1524686	SRR1524687	SRR1524688	SRR1524690	SRR1524691	SRR1524692	SRR1524694	SRR1524696	SRR1524702	SRR1524706	SRR1524708	SRR1524710	SRR1524712	SRR1524714	SRR1524716	SRR1524718	SRR1524721	SRR1524722	SRR1524723	SRR1524724	SRR1524726	SRR1524728	SRR1524732	SRR1524730	SRR1524734	SRR1524736	SRR1524738	SRR1524740	SRR1524743	SRR1524745	SRR1524747	SRR1524749	SRR1524751	SRR1524752	SRR1524755	SRR1524757	SRR1524759	SRR1524761
SRR1523634	0	0.637561	0.821156	0.531999	0.709409	0.891294	0.468366	0.67836	0.837644	0.539489	0.711735	0.843388	0.459007	0.883517	0.53252	0.694341	0.849457	0.49755	0.653272	0.86377	0.492353	0.520369	0.84148	0.624388	0.756292	0.883678	0.687996	0.762749	0.862407	0.638602	0.742641	0.874891	0.670863	0.791476	0.84958	0.668321	0.73817	0.887169	0.720397	0.808851	0.879706	0.692401	0.743129	0.85737	0.662964	0.72751	0.88552	0.695042	0.838242	0.936985	0.762809	0.808844	0.952912	0.768368	0.805743	0.965415	0.702755	0.831276	0.918906	0.743086	0.887481	0.964658	0.729278	0.901291	0.953926	0.760924	0.738419	0.950957	0.739679	0.881923	0.973792	0.852	0.885398	0.949788	0.84258	0.790974	0.924963	0.830842	0.899544	0.925523	0.897884	0.931496	0.72011	0.904577	0.95272	0.822006	0.869111	0.950687	0.83581	0.889188	0.944888	0.859021	0.888881	0.933224	0.914416	0.933518	0.993343	0.86637	0.90044	0.989952	0.966297	0.944306	0.99593	0.885673	0.899244	0.992294	0.911934	0.917775	1.03308	0.91559	0.981564	1.02483	0.956535	0.94882	1.02881	0.923829	0.955015	1.13425	0.805776	0.797723	0.952429	0.846033	0.870327	0.930317	0.827616	0.885541	0.953195	0.810726	0.8367	0.906033	0.857156	0.900234	0.962228	0.801739	0.852098	0.947163	0.817869	0.776043	0.958487	0.851907	0.856436	0.936391	0.848636	0.918342	0.944519	0.903471	0.863598	0.942631	0.92994	1.01227	1.06469	0.919286	0.881734	1.00923	0.936839	0.947965	1.0376	0.931291	0.931158	1.04018	0.916999	0.948021	0.994581	0.901926	0.955322	1.05995	0.826587	0.927479	0.985011	0.834912	0.868167	0.959527	0.8748	0.840674	0.997497	0.929128	1.01586	0.8454	0.819634	0.99066	1.00699	0.789431	0.789551	0.953502	0.84809	0.887877	1.0173
SRR1523636	0.637561	0	0.669227	0.574093	0.503863	0.708193	0.552974	0.474056	0.640284	0.599806	0.51364	0.670773	0.65859	0.739941	0.62122	0.501451	0.674942	0.65567	0.565929	0.74298	0.627134	0.608913	0.69955	0.707022	0.616044	0.694545	0.793151	0.624943	0.703085	0.782769	0.631638	0.693742	0.740795	0.667414	0.738858	0.770362	0.642365	0.749938	0.78186	0.726952	0.755039	0.774614	0.627673	0.673465	0.746923	0.66917	0.747592	0.71984	0.734519	0.861761	0.7702	0.710601	0.840921	0.76147	0.733177	0.908539	0.730374	0.720774	0.812754	0.783652	0.789158	0.86027	0.766955	0.790275	0.829057	0.796983	0.713851	0.861259	0.789337	0.807322	0.900234	0.86443	0.766974	0.829814	0.843562	0.814382	0.796383	0.850161	0.799077	0.799594	0.888497	0.804294	0.775406	0.793162	0.830361	0.834476	0.76665	0.823559	0.843096	0.786072	0.821059	0.875299	0.797795	0.807934	0.890333	0.824578	0.887435	0.850235	0.799004	0.876381	0.959473	0.840963	0.898756	0.871447	0.787312	0.908224	0.898542	0.819223	0.92151	0.908429	0.881178	0.918207	0.941888	0.864484	0.942144	0.906241	0.876762	1.0922	0.837524	0.743378	0.877006	0.855798	0.784833	0.84317	0.878939	0.830334	0.861929	0.85594	0.784595	0.785512	0.859763	0.811964	0.842061	0.827331	0.770955	0.846021	0.83536	0.716225	0.832367	0.855929	0.792979	0.83868	0.828929	0.831731	0.827884	0.895286	0.810528	0.828128	0.915381	0.938632	0.982429	0.905677	0.802885	0.904707	0.916851	0.876636	0.946787	0.917982	0.86302	0.948266	0.897963	0.873513	0.883014	0.898959	0.900844	0.977296	0.828392	0.852204	0.861616	0.849518	0.801188	0.841148	0.895119	0.786828	0.902202	0.922058	0.917501	0.846174	0.766488	0.889461	0.906743	0.83003	0.746517	0.832682	0.878649	0.839157	0.960678
SRR1523640	0.821156	0.669227	0	0.864804	0.601286	0.440359	0.80394	0.673057	0.466352	0.889346	0.621283	0.428161	0.780059	0.434434	0.891732	0.7144	0.408201	0.886354	0.709081	0.601136	0.895105	0.837697	0.444297	0.944212	0.854571	0.681829	1.0171	0.877587	0.78233	1.00299	0.892625	0.844362	0.975587	0.880082	0.793835	0.996098	0.889994	0.76267	0.999105	0.912642	0.825546	1.00245	0.868005	0.770428	0.967022	0.903897	0.766744	0.878983	0.868576	0.805443	0.927738	0.767404	0.785408	0.900977	0.839701	0.826249	0.89376	0.813187	0.738095	0.943118	0.870537	0.793029	0.907922	0.838635	0.748773	0.932551	0.812893	0.724852	0.95036	0.842607	0.776058	1.03271	0.875004	0.853977	1.01668	0.998284	0.829507	1.01581	0.940582	0.800508	1.04433	0.820926	0.931424	0.899908	0.817068	1.00648	0.910787	0.83447	1.01128	0.892383	0.825767	1.04719	0.911196	0.798713	0.996546	0.923603	0.836089	0.979354	0.870817	0.836674	1.02529	0.91026	0.907854	0.986369	0.831627	0.797275	0.979399	0.893289	0.889969	1.00631	0.910037	0.879859	1.02197	0.909447	0.863349	0.988653	0.887727	0.940786	0.955766	0.885782	0.824483	1.00427	0.898218	0.784707	1.00957	0.972123	0.826385	0.997582	0.923588	0.74045	0.996833	0.92779	0.847783	0.981826	0.876146	0.754309	0.978371	0.851284	0.833456	0.997647	0.861419	0.799193	0.965752	0.928975	0.842569	1.03737	0.947681	0.811002	1.00464	0.977505	0.904467	1.02766	0.889299	0.854917	1.03823	0.993212	0.887871	1.03925	0.981605	0.930077	1.03561	0.978945	0.867856	1.03147	1.00862	0.960588	0.975989	0.984718	0.828933	1.0085	0.942616	0.851282	1.03108	0.911644	0.860539	1.064	0.909015	1.00459	0.919923	0.883591	0.879363	0.993874	0.921835	0.85394	1.02506	0.964406	0.920514
SRR1523641	0.531999	0.574093	0.864804	0	0.611221	0.8545	0.33905	0.560465	0.814654	0.31989	0.607291	0.823693	0.589202	0.892626	0.291344	0.541604	0.845922	0.414689	0.606421	0.859668	0.370785	0.421132	0.860595	0.455643	0.575287	0.813771	0.546798	0.562813	0.779666	0.556472	0.558943	0.76568	0.535201	0.657337	0.810777	0.538131	0.55331	0.834395	0.619773	0.707605	0.828265	0.570571	0.596104	0.780845	0.538064	0.580818	0.83036	0.650489	0.763433	0.938172	0.720675	0.794424	0.93377	0.715227	0.756829	0.975983	0.671061	0.783269	0.914682	0.699574	0.846484	0.96308	0.70129	0.862647	0.948054	0.726635	0.718921	0.975355	0.697222	0.865674	1.00052	0.751062	0.809431	0.897952	0.731977	0.707491	0.873302	0.739784	0.80435	0.896694	0.786157	0.878626	0.705786	0.832879	0.922598	0.717205	0.773946	0.908474	0.740679	0.810407	0.900423	0.766457	0.816276	0.905522	0.866253	0.871736	0.986157	0.802823	0.86738	0.969854	0.941789	0.892921	0.97519	0.842102	0.882284	0.999991	0.884615	0.873173	1.00125	0.874369	0.946821	0.997074	0.921228	0.914127	1.02911	0.895685	0.943977	1.15782	0.806532	0.769756	0.970559	0.805047	0.838619	0.947797	0.820192	0.828677	0.952135	0.798604	0.799515	0.902523	0.820525	0.848527	0.926758	0.768462	0.826805	0.960158	0.782789	0.742843	0.923148	0.81393	0.846963	0.942734	0.780594	0.848437	0.898316	0.833303	0.797722	0.899655	0.890966	0.965191	1.05331	0.866375	0.846879	0.989151	0.878673	0.884431	1.02683	0.873293	0.86607	1.01802	0.841454	0.873458	0.950738	0.836845	0.889319	1.03182	0.776123	0.848811	0.95562	0.775889	0.805207	0.921299	0.826883	0.796106	0.977801	0.856812	0.975559	0.771883	0.755601	0.95556	0.98054	0.750813	0.719845	0.909311	0.814835	0.837991	1.00019
SRR1523649	0.709409	0.503863	0.601286	0.611221	0	0.555588	0.611568	0.489399	0.57761	0.703389	0.494556	0.604929	0.655937	0.680745	0.707545	0.53369	0.625267	0.737607	0.582095	0.717058	0.713473	0.676251	0.649181	0.788539	0.691775	0.688468	0.876539	0.725879	0.745304	0.877963	0.745539	0.778722	0.82963	0.748885	0.784832	0.860543	0.740217	0.778705	0.876314	0.816785	0.818222	0.870931	0.735888	0.732257	0.838712	0.763792	0.768809	0.749333	0.7525	0.798235	0.807561	0.70683	0.8176	0.772917	0.737533	0.878066	0.751456	0.713415	0.774886	0.819015	0.804823	0.835885	0.793615	0.793391	0.807383	0.84164	0.737237	0.837071	0.828853	0.811448	0.874043	0.922875	0.774156	0.828275	0.901237	0.883618	0.805103	0.917165	0.853079	0.80627	0.950076	0.78437	0.813524	0.832415	0.830123	0.901287	0.82272	0.829388	0.906053	0.80363	0.814881	0.944587	0.84273	0.821258	0.918256	0.842056	0.870179	0.882224	0.799649	0.852965	0.971983	0.845506	0.888577	0.898199	0.791229	0.870289	0.910273	0.809041	0.895921	0.92729	0.870644	0.891131	0.958245	0.856461	0.910066	0.92945	0.868803	1.04708	0.886966	0.792496	0.875005	0.911317	0.824821	0.837487	0.930745	0.8871	0.862678	0.913054	0.834261	0.784458	0.912597	0.850983	0.836877	0.882658	0.809256	0.839598	0.88573	0.747829	0.82744	0.910428	0.807723	0.833757	0.874082	0.861765	0.837711	0.949442	0.853216	0.797636	0.941983	0.917592	0.93242	0.950568	0.813762	0.882559	0.955947	0.912102	0.92584	0.961529	0.900369	0.935713	0.940433	0.898196	0.858269	0.935494	0.926996	0.960563	0.893399	0.897834	0.859105	0.918926	0.86482	0.855845	0.954388	0.828246	0.879147	0.983615	0.91274	0.9084	0.835905	0.883617	0.896285	0.898258	0.805318	0.829876	0.942786	0.872609	0.929376
SRR1524309	0.891294	0.708193	0.440359	0.8545	0.555588	0	0.82297	0.692639	0.490321	0.91384	0.644201	0.420323	0.85217	0.432729	0.906646	0.72078	0.418145	0.909259	0.756841	0.640057	0.91771	0.877226	0.499886	0.965273	0.869902	0.696505	1.0346	0.886933	0.793287	1.03446	0.907479	0.850172	1.00068	0.901753	0.824185	1.01471	0.905872	0.780024	1.03418	0.94746	0.871286	1.02317	0.886224	0.774298	1.00039	0.927127	0.770894	0.907578	0.882094	0.798695	0.958888	0.817153	0.805103	0.92082	0.867243	0.869557	0.924957	0.826289	0.737551	0.982383	0.908749	0.828835	0.951932	0.879186	0.788251	0.980872	0.870164	0.776536	0.989543	0.880413	0.818891	1.05955	0.899738	0.87835	1.04895	1.04189	0.857217	1.05266	0.974202	0.839835	1.0721	0.820853	0.991302	0.93587	0.838458	1.03839	0.943547	0.865736	1.04341	0.910008	0.837238	1.07933	0.948912	0.838902	1.01303	0.937229	0.870622	1.00198	0.897045	0.847758	1.04854	0.928222	0.93757	1.01115	0.863624	0.813431	1.00178	0.908106	0.891841	1.02309	0.928259	0.887733	1.04332	0.92742	0.882873	1.01769	0.91745	0.964414	0.998037	0.931592	0.891972	1.03484	0.93439	0.834047	1.04581	0.999006	0.87643	1.0402	0.957073	0.787243	1.02853	0.953682	0.860718	1.01355	0.920258	0.7938	1.00858	0.892356	0.848744	1.02919	0.898401	0.834677	0.986713	0.943645	0.871233	1.05417	0.961844	0.80294	1.03196	0.980155	0.910549	1.05338	0.914689	0.858921	1.05634	1.0006	0.9065	1.05892	0.993139	0.946158	1.04034	0.981554	0.856415	1.03639	1.00946	0.953485	0.99497	0.991042	0.853635	1.03064	0.969491	0.871441	1.05379	0.935514	0.867838	1.07945	0.922167	1.02153	0.9457	0.895634	0.899932	1.01291	0.933592	0.862993	1.04605	0.974376	0.91763
SRR1524310	0.468366	0.552974	0.80394	0.33905	0.611568	0.82297	0	0.496841	0.740114	0.379293	0.593039	0.768791	0.53886	0.845412	0.358942	0.522311	0.783084	0.393451	0.610927	0.837124	0.435437	0.426689	0.785849	0.494518	0.614083	0.79418	0.590092	0.610714	0.772891	0.560071	0.584427	0.757971	0.587306	0.68234	0.80353	0.576652	0.593902	0.81251	0.651308	0.719529	0.809483	0.593661	0.614619	0.753385	0.577693	0.606664	0.811432	0.636792	0.76259	0.936538	0.70764	0.776228	0.912731	0.70074	0.749787	0.967119	0.653532	0.765457	0.885769	0.679278	0.813006	0.915448	0.66738	0.820234	0.899532	0.697844	0.684928	0.928463	0.681276	0.822088	0.955696	0.762269	0.815633	0.893204	0.754601	0.716092	0.850963	0.739643	0.797604	0.870132	0.808365	0.869272	0.69403	0.818477	0.891015	0.728533	0.760689	0.887157	0.744332	0.81273	0.890247	0.772889	0.804248	0.872103	0.8375	0.851736	0.951151	0.777419	0.836989	0.934449	0.909247	0.866171	0.94736	0.818869	0.843942	0.964492	0.851245	0.845811	0.969295	0.847997	0.919182	0.965694	0.88922	0.880846	0.99338	0.868014	0.903779	1.13908	0.764388	0.733543	0.943736	0.786292	0.817335	0.923668	0.790917	0.826435	0.943592	0.772204	0.772839	0.868767	0.792767	0.829589	0.896395	0.743401	0.794625	0.928771	0.743642	0.705631	0.898959	0.789964	0.817118	0.908663	0.757174	0.839213	0.874293	0.822066	0.779231	0.873468	0.853082	0.951567	1.02861	0.838056	0.805662	0.951479	0.853611	0.855907	0.982793	0.848417	0.833445	0.983418	0.826529	0.855767	0.921131	0.815873	0.863615	1.00093	0.746638	0.841311	0.928376	0.75909	0.786436	0.89101	0.805249	0.77226	0.959062	0.848835	0.968537	0.76502	0.729448	0.931573	0.953397	0.731854	0.709502	0.889308	0.806873	0.838083	1.00959
SRR1524311	0.67836	0.474056	0.673057	0.560465	0.489399	0.692639	0.496841	0	0.530882	0.59111	0.49199	0.625133	0.664683	0.730415	0.600974	0.426139	0.625599	0.63319	0.599245	0.748551	0.647482	0.601279	0.636516	0.688177	0.602404	0.664523	0.769101	0.608046	0.679578	0.769171	0.610426	0.669534	0.736039	0.672212	0.755995	0.757291	0.633203	0.739401	0.78941	0.73157	0.742023	0.763072	0.628753	0.649496	0.74292	0.67607	0.74143	0.704102	0.726127	0.883268	0.762596	0.711166	0.823996	0.753897	0.732377	0.912501	0.718575	0.706601	0.808998	0.757054	0.751035	0.81909	0.736561	0.740025	0.785045	0.772763	0.691467	0.846542	0.7634	0.772657	0.882388	0.840496	0.769294	0.820691	0.821851	0.800403	0.76772	0.822711	0.76398	0.788159	0.866916	0.798882	0.771836	0.775103	0.806021	0.810324	0.729991	0.797587	0.819801	0.786713	0.81873	0.850388	0.781593	0.788108	0.844037	0.782682	0.858209	0.803038	0.763629	0.845265	0.918483	0.796145	0.857903	0.835855	0.757627	0.896786	0.856302	0.7827	0.879832	0.869481	0.845605	0.876819	0.893578	0.821508	0.916192	0.869528	0.84581	1.08862	0.807454	0.726271	0.871257	0.836884	0.783285	0.85137	0.868833	0.83352	0.881474	0.837604	0.78137	0.790312	0.835157	0.797347	0.820564	0.811201	0.766056	0.845452	0.805614	0.70353	0.814486	0.832389	0.789003	0.827756	0.798502	0.812031	0.80538	0.874732	0.79974	0.814325	0.880519	0.909589	0.952299	0.868916	0.781866	0.870109	0.883428	0.847437	0.912075	0.877938	0.825346	0.909245	0.868821	0.839942	0.84855	0.869297	0.865452	0.94597	0.810563	0.825919	0.832279	0.829726	0.790379	0.812784	0.879828	0.786956	0.900837	0.896667	0.907975	0.832839	0.753256	0.863562	0.873006	0.829606	0.757804	0.819416	0.890713	0.853364	0.984813
SRR1524312	0.837644	0.640284	0.466352	0.814654	0.57761	0.490321	0.740114	0.530882	0	0.829171	0.593933	0.40943	0.793478	0.522683	0.837349	0.620922	0.379843	0.835077	0.723526	0.619799	0.863603	0.8122	0.419373	0.892092	0.784036	0.596747	0.963006	0.804684	0.706188	0.961041	0.828397	0.752455	0.934235	0.837397	0.78721	0.945545	0.826394	0.716279	0.972414	0.889069	0.797937	0.957328	0.825002	0.699565	0.935405	0.87658	0.740977	0.825748	0.81611	0.844167	0.873248	0.74857	0.771853	0.869235	0.818057	0.866444	0.837725	0.766017	0.726257	0.868782	0.795095	0.748648	0.836001	0.766409	0.702054	0.875669	0.768023	0.727401	0.877264	0.788799	0.774078	0.974886	0.841556	0.828511	0.958629	0.937743	0.772854	0.958771	0.881757	0.765769	0.991388	0.800983	0.884635	0.854934	0.786062	0.947644	0.846118	0.789769	0.952916	0.862453	0.808006	0.983434	0.870131	0.765874	0.919362	0.854935	0.808883	0.898471	0.807061	0.797339	0.966505	0.853992	0.853204	0.91467	0.788012	0.818504	0.917774	0.838417	0.840149	0.948673	0.874741	0.838478	0.953015	0.852618	0.838686	0.932587	0.861526	0.987273	0.903023	0.842341	0.844159	0.959751	0.867537	0.812828	0.972196	0.93713	0.854122	0.939141	0.881346	0.752473	0.943182	0.884476	0.82582	0.928454	0.846137	0.781058	0.926403	0.816262	0.807732	0.946751	0.849509	0.794192	0.91495	0.882368	0.802694	0.9855	0.899601	0.786275	0.956158	0.947965	0.887272	0.963405	0.845804	0.820103	0.980599	0.932458	0.862573	0.975848	0.913368	0.882676	0.977553	0.923235	0.825623	0.967733	0.949865	0.92557	0.921798	0.923716	0.796382	0.955528	0.891998	0.802931	0.987334	0.874366	0.852441	1.00173	0.885435	0.956687	0.87529	0.842023	0.826662	0.958907	0.892757	0.822333	1.00592	0.955358	0.977152
SRR1523635	0.539489	0.599806	0.889346	0.31989	0.703389	0.91384	0.379293	0.59111	0.829171	0	0.636645	0.845742	0.60592	0.914229	0.289213	0.583175	0.865562	0.43228	0.619187	0.860751	0.375944	0.44187	0.878323	0.441979	0.574037	0.821713	0.520093	0.550275	0.774199	0.530463	0.549673	0.759067	0.503328	0.651317	0.802672	0.485343	0.536625	0.83414	0.589611	0.701744	0.820328	0.543486	0.590068	0.788384	0.506676	0.590305	0.84717	0.64974	0.781017	0.985227	0.72027	0.807641	0.958209	0.733484	0.776059	0.992849	0.661168	0.813756	0.951833	0.686817	0.853373	0.981691	0.68763	0.872651	0.961875	0.69641	0.717709	0.986881	0.673764	0.875589	1.01225	0.735636	0.843485	0.924679	0.712464	0.677852	0.892497	0.720018	0.804051	0.910523	0.760858	0.919353	0.694765	0.838648	0.945729	0.690592	0.773658	0.92319	0.721529	0.842835	0.932915	0.735387	0.821098	0.920423	0.865979	0.886006	1.00294	0.802305	0.885899	0.991129	0.948045	0.909033	0.984856	0.840887	0.898117	1.02116	0.893976	0.894396	1.02575	0.882198	0.967747	1.01796	0.921245	0.928319	1.04341	0.89278	0.954713	1.17599	0.793113	0.754336	0.974423	0.792217	0.840095	0.959178	0.809356	0.82351	0.963313	0.765796	0.793916	0.921719	0.807944	0.849984	0.949392	0.754382	0.826836	0.974176	0.771379	0.754434	0.9439	0.793405	0.853661	0.954852	0.776602	0.854691	0.912089	0.818113	0.797755	0.938177	0.898868	0.996773	1.08123	0.857971	0.866864	1.01627	0.874508	0.888468	1.04752	0.863836	0.867285	1.03541	0.840796	0.890363	0.984308	0.837192	0.906498	1.06052	0.768672	0.854033	0.973595	0.757049	0.79775	0.92966	0.814666	0.795906	1.0009	0.836894	0.996572	0.761459	0.750006	0.974173	0.996293	0.742408	0.73431	0.934339	0.805855	0.862375	1.03746
SRR1524331	0.711735	0.51364	0.621283	0.607291	0.494556	0.644201	0.593039	0.49199	0.593933	0.636645	0	0.555548	0.681631	0.652981	0.665638	0.510505	0.621138	0.714608	0.512401	0.62792	0.663672	0.674879	0.62943	0.741248	0.642127	0.614427	0.83299	0.683419	0.652718	0.836667	0.695374	0.709921	0.775275	0.677636	0.697931	0.807741	0.684511	0.666165	0.824851	0.75293	0.727487	0.829209	0.68404	0.655455	0.799382	0.72805	0.685082	0.734162	0.748216	0.820765	0.78373	0.713306	0.812609	0.750471	0.723437	0.869625	0.755667	0.720491	0.784039	0.83033	0.822267	0.847001	0.79742	0.801274	0.817714	0.802515	0.718265	0.835914	0.830522	0.8149	0.874063	0.893501	0.761814	0.804608	0.876901	0.871298	0.794685	0.881815	0.828659	0.803436	0.917703	0.776237	0.819241	0.806009	0.808351	0.876871	0.802419	0.809355	0.869313	0.766206	0.786774	0.911824	0.796572	0.79566	0.891317	0.821456	0.869009	0.862559	0.808676	0.869753	0.949888	0.819695	0.878608	0.874867	0.794415	0.876886	0.893214	0.800298	0.896082	0.897818	0.859527	0.890599	0.93282	0.841791	0.917398	0.886591	0.851683	1.05493	0.849156	0.756208	0.851097	0.868409	0.793372	0.815055	0.888685	0.842192	0.837021	0.875645	0.793391	0.765783	0.865312	0.797763	0.794057	0.847199	0.782625	0.828397	0.8335	0.698698	0.790971	0.853965	0.765177	0.808193	0.809116	0.792343	0.775775	0.894223	0.804963	0.765378	0.904402	0.894452	0.94674	0.91843	0.796653	0.867376	0.915268	0.870154	0.916703	0.916956	0.860793	0.932522	0.890199	0.84224	0.824143	0.896378	0.8879	0.942082	0.85378	0.863176	0.83417	0.877472	0.822765	0.83097	0.909932	0.787002	0.891884	0.951089	0.875678	0.860348	0.790543	0.855512	0.887477	0.858183	0.770531	0.816858	0.907783	0.840719	0.898012
SRR1524336	0.843388	0.670773	0.428161	0.823693	0.604929	0.420323	0.768791	0.625133	0.40943	0.845742	0.555548	0	0.811417	0.39086	0.847556	0.653137	0.312093	0.846822	0.73118	0.598796	0.872349	0.824065	0.38666	0.903275	0.802396	0.60681	0.975493	0.83393	0.716121	0.966797	0.843657	0.77149	0.945925	0.851357	0.755334	0.955886	0.847274	0.691107	0.981906	0.891496	0.80178	0.965229	0.832995	0.693901	0.942857	0.872815	0.702715	0.841835	0.821247	0.791629	0.902767	0.757069	0.733433	0.876859	0.81155	0.826212	0.873354	0.780915	0.697199	0.917428	0.845258	0.760856	0.886061	0.809014	0.712065	0.901846	0.784696	0.688703	0.920819	0.816215	0.747001	1.00038	0.845833	0.816296	0.990493	0.979971	0.778179	0.984918	0.902893	0.76848	1.01311	0.762376	0.931195	0.863364	0.761642	0.976779	0.867365	0.785031	0.979667	0.851684	0.776374	1.01721	0.876166	0.751685	0.951814	0.882704	0.814989	0.938374	0.843648	0.796624	0.995142	0.869998	0.881322	0.951477	0.809343	0.770371	0.952602	0.864186	0.850741	0.973012	0.888969	0.843707	0.985071	0.874893	0.834739	0.95457	0.864443	0.935274	0.92961	0.869198	0.837771	0.977769	0.883254	0.797752	0.985758	0.950606	0.839271	0.973208	0.900888	0.734507	0.966941	0.899931	0.809427	0.952793	0.865407	0.748356	0.941898	0.82873	0.788966	0.967533	0.852917	0.775482	0.927441	0.885858	0.795846	1.00049	0.907439	0.760992	0.979787	0.953732	0.899101	0.995948	0.871107	0.812357	1.00625	0.953597	0.873057	1.0034	0.942439	0.90653	0.991784	0.931031	0.8149	0.987696	0.961483	0.929166	0.931394	0.931081	0.787468	0.968912	0.906665	0.797677	0.995741	0.877868	0.833619	1.02243	0.859532	0.964064	0.878305	0.823218	0.824483	0.957573	0.881986	0.799255	1.0053	0.940225	0.90411
SRR1524337	0.459007	0.65859	0.780059	0.589202	0.655937	0.85217	0.53886	0.664683	0.793478	0.60592	0.681631	0.811417	0	0.839835	0.619194	0.679511	0.811609	0.605226	0.619834	0.832596	0.594389	0.569948	0.810809	0.703662	0.757981	0.857045	0.778455	0.77551	0.855391	0.74511	0.77477	0.883008	0.748266	0.810129	0.851063	0.754157	0.760346	0.88467	0.797882	0.843098	0.891409	0.79032	0.767517	0.868482	0.761119	0.771407	0.89229	0.704189	0.825057	0.922052	0.774739	0.774513	0.934186	0.771421	0.791553	0.951281	0.680352	0.802054	0.898564	0.711362	0.830102	0.912011	0.699731	0.861868	0.913202	0.755007	0.705228	0.925032	0.720874	0.833647	0.948109	0.894801	0.870845	0.940778	0.875498	0.808879	0.907346	0.874091	0.90626	0.897433	0.944871	0.919127	0.670459	0.900251	0.942622	0.871303	0.870836	0.939185	0.872554	0.892581	0.942574	0.904765	0.898501	0.928246	0.917699	0.911604	0.945955	0.863939	0.871762	0.955355	0.954369	0.920226	0.949394	0.889684	0.849019	0.961916	0.892737	0.891321	1.01058	0.913004	0.952181	0.995487	0.940787	0.907223	0.987344	0.918464	0.929481	1.11758	0.824845	0.808024	0.943427	0.883424	0.877187	0.924609	0.872217	0.913706	0.946524	0.841811	0.85499	0.902089	0.880802	0.910444	0.959069	0.842286	0.856934	0.930374	0.843262	0.785138	0.966341	0.882554	0.859948	0.929895	0.885783	0.93297	0.949625	0.945464	0.890572	0.945863	0.942458	1.00612	1.03922	0.946941	0.866542	1.00194	0.961718	0.962816	1.02675	0.961877	0.948858	1.02169	0.954649	0.964486	0.987881	0.927946	0.976538	1.05354	0.870122	0.944281	0.950894	0.888058	0.891067	0.958541	0.928348	0.859064	0.988479	0.982321	1.01698	0.903836	0.853117	0.991179	1.00156	0.8646	0.834915	0.954596	0.919102	0.92895	1.02514
SRR1524338	0.883517	0.739941	0.434434	0.892626	0.680745	0.432729	0.845412	0.730415	0.522683	0.914229	0.652981	0.39086	0.839835	0	0.913344	0.742448	0.388671	0.909217	0.744649	0.564647	0.922222	0.877422	0.452137	0.962148	0.874301	0.682339	1.02704	0.894115	0.773028	1.02281	0.906486	0.836278	0.997923	0.893911	0.792219	1.00923	0.907495	0.730279	1.03395	0.938584	0.843154	1.01784	0.877231	0.755366	0.994015	0.92474	0.748983	0.903253	0.883956	0.820108	0.955454	0.803156	0.786358	0.928871	0.866669	0.84809	0.935475	0.842017	0.744051	0.976942	0.898324	0.795314	0.950579	0.865969	0.75811	0.959025	0.843634	0.714623	0.981077	0.861566	0.763688	1.05222	0.905002	0.867077	1.04316	1.03306	0.832652	1.03688	0.960007	0.802837	1.06157	0.810112	0.987011	0.91534	0.799029	1.02892	0.92874	0.838247	1.033	0.909616	0.823392	1.06774	0.929531	0.79806	1.00924	0.930097	0.84338	1.00387	0.898341	0.844104	1.04724	0.931806	0.935081	1.01338	0.863039	0.789523	1.0093	0.921792	0.894821	1.03143	0.939119	0.892813	1.04095	0.929111	0.861337	1.00678	0.909094	0.922678	0.987319	0.933765	0.864399	1.03044	0.935421	0.807611	1.02948	0.993966	0.851566	1.02547	0.951045	0.765908	1.02318	0.956767	0.852864	1.00858	0.915515	0.750377	1.00642	0.897071	0.846367	1.02614	0.898569	0.815296	0.986571	0.94515	0.859403	1.05507	0.963829	0.815148	1.02706	0.989795	0.90652	1.05382	0.922159	0.856286	1.05773	1.00447	0.892232	1.05817	0.999311	0.942077	1.04862	0.98645	0.859325	1.04605	1.01707	0.963016	0.981481	0.985893	0.820878	1.01964	0.951846	0.845815	1.04239	0.927878	0.853398	1.07235	0.89645	1.01653	0.939326	0.865256	0.879111	1.00563	0.933456	0.853769	1.03967	0.974782	0.912655
SRR1524339	0.53252	0.62122	0.891732	0.291344	0.707545	0.906646	0.358942	0.600974	0.837349	0.289213	0.665638	0.847556	0.619194	0.913344	0	0.559038	0.860298	0.336269	0.641957	0.869925	0.33479	0.404183	0.875973	0.370674	0.577948	0.829707	0.459789	0.546908	0.771743	0.445549	0.516867	0.74385	0.469847	0.649074	0.799991	0.432557	0.525488	0.829859	0.548669	0.675791	0.806472	0.461581	0.571464	0.772082	0.439465	0.542952	0.823871	0.645798	0.763595	0.969158	0.722315	0.803859	0.946867	0.721248	0.763701	0.985814	0.673458	0.803315	0.936023	0.686653	0.842493	0.972324	0.6946	0.864782	0.95579	0.707155	0.714987	0.980228	0.677471	0.862939	1.00474	0.711817	0.827357	0.906745	0.701308	0.67249	0.876765	0.695619	0.787934	0.897598	0.743847	0.891572	0.700742	0.821804	0.928678	0.670477	0.755949	0.910937	0.705024	0.819663	0.910678	0.721985	0.805601	0.904582	0.858694	0.876721	0.996172	0.792626	0.876579	0.982724	0.94328	0.902904	0.982766	0.840962	0.886383	1.01458	0.887888	0.889105	1.01873	0.874913	0.960502	1.01289	0.918056	0.923031	1.0424	0.892496	0.948031	1.17147	0.787786	0.762802	0.974439	0.783047	0.835569	0.953993	0.795278	0.81689	0.963411	0.771899	0.793355	0.915391	0.805766	0.846989	0.939656	0.750942	0.824849	0.969025	0.765509	0.758235	0.940643	0.795273	0.848542	0.948885	0.764941	0.851477	0.904496	0.808231	0.794659	0.931157	0.887554	0.98619	1.07587	0.850992	0.858559	1.00995	0.869822	0.878422	1.04204	0.85559	0.8584	1.03109	0.822317	0.874155	0.97292	0.821471	0.886551	1.0499	0.737886	0.841378	0.96523	0.73402	0.787399	0.921386	0.790774	0.793499	0.994747	0.815119	0.985993	0.736308	0.730748	0.964409	0.99073	0.710856	0.709186	0.922047	0.781602	0.840211	1.02033
SRR1524340	0.694341	0.501451	0.7144	0.541604	0.53369	0.72078	0.522311	0.426139	0.620922	0.583175	0.510505	0.653137	0.679511	0.742448	0.559038	0	0.645517	0.612567	0.588831	0.748517	0.612577	0.567501	0.656781	0.654227	0.571408	0.674462	0.748228	0.5496	0.661282	0.745968	0.542415	0.62675	0.722608	0.63771	0.747834	0.732555	0.58367	0.715288	0.771567	0.678697	0.725819	0.734242	0.57945	0.630573	0.714774	0.611942	0.708256	0.695351	0.674571	0.866809	0.772227	0.697641	0.817542	0.740751	0.715371	0.915336	0.723189	0.688248	0.800371	0.756605	0.714028	0.802888	0.750503	0.712301	0.777173	0.770229	0.675669	0.845034	0.761148	0.730274	0.870506	0.831108	0.746167	0.797934	0.816268	0.800099	0.740595	0.814582	0.725927	0.761523	0.855763	0.755623	0.783656	0.738812	0.789235	0.803476	0.693972	0.783041	0.810923	0.754041	0.791515	0.847802	0.753758	0.778077	0.855424	0.765418	0.851119	0.817145	0.763694	0.84806	0.939476	0.78186	0.850539	0.858859	0.751844	0.911279	0.88222	0.783642	0.888229	0.887256	0.846265	0.883494	0.907334	0.803313	0.920049	0.883503	0.838773	1.0954	0.82909	0.749295	0.896016	0.848345	0.791699	0.859913	0.874439	0.835014	0.889697	0.853218	0.784229	0.797315	0.848575	0.788694	0.807193	0.821198	0.775936	0.857994	0.813533	0.715027	0.834155	0.845843	0.788619	0.828233	0.809899	0.818677	0.820196	0.877126	0.807088	0.838667	0.892588	0.91961	0.974253	0.885957	0.792322	0.886592	0.895014	0.845336	0.925171	0.890609	0.834047	0.929496	0.871774	0.845555	0.86698	0.873968	0.869478	0.966192	0.803294	0.799192	0.819554	0.825317	0.76874	0.812841	0.873352	0.786743	0.913574	0.892686	0.906834	0.824723	0.728542	0.86296	0.889491	0.821822	0.736456	0.826515	0.880786	0.833621	0.969068
SRR1524341	0.849457	0.674942	0.408201	0.845922	0.625267	0.418145	0.783084	0.625599	0.379843	0.865562	0.621138	0.312093	0.811609	0.388671	0.860298	0.645517	0	0.846288	0.751884	0.620599	0.891062	0.829536	0.352347	0.92155	0.82558	0.638123	0.989262	0.832968	0.728431	0.975527	0.846298	0.774297	0.963297	0.865807	0.788388	0.971792	0.859438	0.71879	1.00083	0.908647	0.809404	0.976596	0.836841	0.697524	0.951906	0.890739	0.727191	0.854013	0.830748	0.823961	0.914675	0.75823	0.750524	0.893106	0.829559	0.839892	0.879625	0.786031	0.709467	0.910694	0.823951	0.738946	0.879892	0.794891	0.6862	0.909458	0.78365	0.682648	0.913112	0.798705	0.733169	1.00373	0.856041	0.830953	0.992386	0.974646	0.772797	0.985747	0.899992	0.753308	1.01658	0.780354	0.925022	0.862435	0.767767	0.976044	0.864867	0.784681	0.984598	0.871908	0.797428	1.01748	0.884534	0.745904	0.963492	0.891182	0.811398	0.945271	0.847136	0.799188	1.00272	0.883098	0.88448	0.960062	0.804172	0.792712	0.961608	0.87537	0.861795	0.984527	0.898202	0.85285	0.991038	0.878937	0.829878	0.968037	0.871749	0.946445	0.947183	0.887697	0.849349	0.995291	0.902767	0.816245	1.0047	0.969623	0.861034	0.986866	0.919301	0.755248	0.987346	0.921116	0.838908	0.970416	0.881942	0.754176	0.964311	0.853792	0.825296	0.988034	0.876688	0.792633	0.953607	0.913619	0.831233	1.02374	0.937293	0.804596	0.99547	0.973715	0.906987	1.00809	0.886756	0.835288	1.02271	0.971736	0.881545	1.01827	0.958246	0.913002	1.01848	0.958293	0.84891	1.01244	0.985235	0.949967	0.943549	0.942893	0.785014	0.978377	0.911061	0.804967	1.00972	0.896291	0.84273	1.03188	0.884122	0.983065	0.891157	0.840811	0.832096	0.974458	0.903661	0.819751	1.0187	0.962938	0.947156
SRR1524342	0.49755	0.65567	0.886354	0.414689	0.737607	0.909259	0.393451	0.63319	0.835077	0.43228	0.714608	0.846822	0.605226	0.909217	0.336269	0.612567	0.846288	0	0.691877	0.891649	0.425809	0.388953	0.84981	0.443387	0.665369	0.861053	0.496402	0.640891	0.817193	0.462105	0.602616	0.792309	0.577316	0.738937	0.853624	0.505695	0.613382	0.865346	0.65517	0.754001	0.855241	0.517317	0.651774	0.805012	0.532237	0.623501	0.862288	0.660938	0.785098	0.984181	0.746511	0.820783	0.951814	0.755777	0.793245	1.00068	0.703028	0.817936	0.938435	0.684323	0.835206	0.956139	0.700218	0.856759	0.94277	0.721381	0.719296	0.963995	0.677824	0.845736	0.987402	0.751154	0.861392	0.935802	0.752207	0.712533	0.88571	0.73231	0.816318	0.907561	0.793693	0.913348	0.721471	0.846529	0.932509	0.712466	0.777352	0.924625	0.744049	0.858802	0.935414	0.761752	0.83684	0.910901	0.87298	0.896117	0.995689	0.809209	0.885895	0.984271	0.949241	0.917917	0.989969	0.85866	0.889507	1.01435	0.897155	0.904726	1.02226	0.887808	0.970623	1.01503	0.921626	0.927347	1.03609	0.907314	0.950589	1.16583	0.807206	0.798622	0.988617	0.824579	0.873446	0.973278	0.821253	0.866176	0.988625	0.805077	0.829847	0.930444	0.838506	0.888344	0.96383	0.783687	0.855779	0.977822	0.792333	0.788226	0.961839	0.832801	0.876653	0.961599	0.806573	0.894405	0.932392	0.849068	0.834115	0.947076	0.897906	1.00488	1.0808	0.868759	0.873729	1.01254	0.892085	0.904394	1.04221	0.87879	0.883005	1.03661	0.854314	0.906081	0.98429	0.8431	0.905409	1.05131	0.761632	0.865748	0.969443	0.767811	0.817051	0.935348	0.818415	0.825371	1.0054	0.843554	1.01187	0.777702	0.767431	0.977563	0.994874	0.726124	0.748901	0.940687	0.816539	0.8772	1.04923
SRR1524343	0.653272	0.565929	0.709081	0.606421	0.582095	0.756841	0.610927	0.599245	0.723526	0.619187	0.512401	0.73118	0.619834	0.744649	0.641957	0.588831	0.751884	0.691877	0	0.55108	0.55085	0.619839	0.769572	0.713456	0.631939	0.660572	0.810168	0.671237	0.637272	0.807956	0.708561	0.724719	0.734102	0.656734	0.668633	0.759557	0.631408	0.667707	0.766634	0.682918	0.710507	0.798361	0.64421	0.705875	0.753935	0.68463	0.691452	0.762079	0.794349	0.867817	0.808785	0.746554	0.88559	0.767009	0.750657	0.876425	0.76689	0.791632	0.872812	0.847295	0.88841	0.941408	0.826882	0.888182	0.910369	0.819381	0.761075	0.919929	0.847455	0.889317	0.955993	0.900836	0.808223	0.845857	0.878753	0.861236	0.867474	0.88751	0.853422	0.852043	0.918529	0.845121	0.807676	0.837455	0.897445	0.881042	0.838417	0.876432	0.875913	0.810583	0.853851	0.912762	0.836667	0.864961	0.927752	0.871326	0.940867	0.904688	0.866665	0.948075	0.99293	0.895367	0.952254	0.919543	0.851436	0.938782	0.931609	0.869782	0.978086	0.936918	0.921238	0.975659	0.980318	0.913947	0.994673	0.920926	0.910383	1.10518	0.859262	0.779369	0.869252	0.872154	0.797629	0.821043	0.889142	0.83963	0.835054	0.876391	0.799137	0.821308	0.885297	0.828626	0.864013	0.860625	0.791314	0.870075	0.86633	0.757705	0.869124	0.870245	0.780327	0.869663	0.831615	0.823965	0.825245	0.904834	0.828213	0.863034	0.948195	0.949571	1.011	0.953554	0.844766	0.95925	0.950293	0.920177	0.995306	0.951192	0.909311	0.999686	0.91214	0.887269	0.913878	0.924966	0.941003	1.01397	0.875227	0.907362	0.927783	0.884973	0.842469	0.894035	0.919291	0.825458	0.94419	0.967474	0.915989	0.871062	0.815227	0.934318	0.974962	0.863064	0.792684	0.890538	0.893538	0.845526	0.920711
SRR1524344	0.86377	0.74298	0.601136	0.859668	0.717058	0.640057	0.837124	0.748551	0.619799	0.860751	0.62792	0.598796	0.832596	0.564647	0.869925	0.748517	0.620599	0.891649	0.55108	0	0.818851	0.857594	0.649275	0.908212	0.78876	0.591199	0.985402	0.839951	0.646129	0.986518	0.880525	0.768712	0.928097	0.800093	0.682531	0.941258	0.798421	0.602084	0.951273	0.82044	0.742763	0.97208	0.811478	0.716208	0.941552	0.860515	0.649933	0.888107	0.88739	0.862053	0.92527	0.811516	0.852382	0.89052	0.846759	0.83752	0.91968	0.876941	0.850422	0.978273	0.950773	0.921464	0.950605	0.933288	0.879774	0.933443	0.864397	0.850742	0.975554	0.932376	0.8996	1.02064	0.888385	0.857261	1.00888	1.00352	0.878429	1.00696	0.946054	0.848678	1.02619	0.845318	0.962105	0.905005	0.880154	1.00746	0.929273	0.868011	0.996435	0.886122	0.843495	1.03054	0.917474	0.855081	0.993274	0.928536	0.916921	0.99152	0.923249	0.925625	1.04269	0.948608	0.96415	0.994214	0.892603	0.88431	0.999713	0.931296	0.959493	1.01597	0.957959	0.95663	1.03868	0.957574	0.957175	0.979024	0.930323	1.03348	0.947859	0.892327	0.84664	0.976996	0.865094	0.761709	0.984529	0.923576	0.791621	0.976888	0.884469	0.787519	0.979186	0.895127	0.850744	0.968205	0.86182	0.806684	0.975565	0.877459	0.843981	0.971345	0.838793	0.837191	0.933493	0.884149	0.824281	1.00209	0.92043	0.856216	1.01983	0.990769	0.978689	1.03881	0.924806	0.927207	1.03391	0.985479	0.970457	1.03317	0.981509	0.993281	0.996092	0.94538	0.897842	1.01783	1.00625	1.00591	0.965625	0.977119	0.905749	0.993041	0.93043	0.886082	1.01264	0.916587	0.927183	1.0503	0.881658	0.977992	0.923189	0.9145	0.9517	0.982534	0.913107	0.896225	1.00085	0.929168	0.89284
SRR1524345	0.492353	0.627134	0.895105	0.370785	0.713473	0.91771	0.435437	0.647482	0.863603	0.375944	0.663672	0.872349	0.594389	0.922222	0.33479	0.612577	0.891062	0.425809	0.55085	0.818851	0	0.45465	0.898881	0.482208	0.615956	0.829058	0.558015	0.609403	0.764261	0.528637	0.597735	0.762252	0.501088	0.649008	0.774465	0.511226	0.568521	0.813546	0.54806	0.662203	0.79253	0.539619	0.59911	0.785198	0.504715	0.571966	0.807655	0.678608	0.797069	0.955182	0.73964	0.815867	0.961761	0.740828	0.778695	0.974736	0.701185	0.82699	0.946263	0.747209	0.895054	1.00253	0.745035	0.914736	0.986972	0.744051	0.750194	0.998877	0.7343	0.906272	1.02546	0.774731	0.844325	0.915491	0.764057	0.729618	0.910297	0.756402	0.833828	0.919187	0.802891	0.902435	0.727071	0.853556	0.954266	0.746046	0.813106	0.933819	0.758642	0.830782	0.916383	0.778792	0.834789	0.924207	0.893624	0.902758	1.01189	0.843877	0.904284	1.00593	0.971239	0.927871	1.00131	0.874035	0.905089	1.02107	0.916592	0.909744	1.038	0.903757	0.978809	1.03244	0.952699	0.948393	1.0606	0.911283	0.963584	1.17866	0.799954	0.771051	0.971103	0.798175	0.832632	0.941623	0.800029	0.817785	0.947615	0.783361	0.795194	0.916171	0.823738	0.852924	0.947328	0.775515	0.828846	0.974526	0.786763	0.767898	0.949019	0.806	0.841032	0.954497	0.786528	0.856202	0.907997	0.832866	0.81097	0.940354	0.916969	0.995271	1.08435	0.888252	0.873026	1.02368	0.902164	0.90594	1.05888	0.890873	0.887694	1.04828	0.846966	0.888567	0.98466	0.853555	0.914196	1.05877	0.777654	0.875001	0.990207	0.7701	0.811076	0.940898	0.820423	0.809052	1.00328	0.86413	0.98948	0.765078	0.758982	0.983364	1.01734	0.732251	0.721758	0.937883	0.781152	0.830881	1.0019
SRR1524346	0.520369	0.608913	0.837697	0.421132	0.676251	0.877226	0.426689	0.601279	0.8122	0.44187	0.674879	0.824065	0.569948	0.877422	0.404183	0.567501	0.829536	0.388953	0.619839	0.857594	0.45465	0	0.823921	0.50883	0.640712	0.846968	0.620409	0.621768	0.810411	0.59607	0.589116	0.797613	0.6403	0.727051	0.841726	0.604877	0.598417	0.861135	0.701395	0.744995	0.851132	0.626019	0.62875	0.814007	0.587413	0.604827	0.868092	0.670237	0.764317	0.957105	0.774824	0.781229	0.930784	0.759713	0.773703	0.978072	0.693776	0.787512	0.918265	0.69378	0.794758	0.920957	0.712016	0.821823	0.907797	0.738688	0.69569	0.944884	0.694859	0.806338	0.968491	0.795185	0.850217	0.913796	0.783581	0.746101	0.868891	0.778749	0.809662	0.877369	0.826186	0.892265	0.730597	0.832127	0.913965	0.751808	0.769322	0.90347	0.783802	0.853049	0.916421	0.809586	0.834716	0.899985	0.895421	0.879267	0.960284	0.844225	0.861593	0.956881	0.975952	0.89907	0.959669	0.889509	0.856697	0.984319	0.920371	0.883655	1.00156	0.917219	0.950435	0.992961	0.948605	0.906001	1.00784	0.925053	0.922485	1.1395	0.836712	0.792006	0.961616	0.859523	0.855781	0.941722	0.864385	0.872736	0.964517	0.837919	0.835891	0.909413	0.872973	0.87614	0.938805	0.81932	0.840774	0.954774	0.831086	0.776745	0.948527	0.864454	0.852509	0.931291	0.835279	0.899055	0.928949	0.882969	0.847131	0.944718	0.920422	0.997542	1.05882	0.900966	0.863001	1.00104	0.920999	0.91224	1.02701	0.911787	0.896822	1.02357	0.889966	0.919949	0.978598	0.881642	0.92445	1.04851	0.803066	0.871244	0.946951	0.81418	0.821787	0.930409	0.860748	0.83286	0.998267	0.889982	1.00416	0.824284	0.781795	0.979211	0.995457	0.787425	0.763228	0.937212	0.851468	0.884687	1.04144
