	SRR1524333	SRR1524334	SRR1524335	SRR1524359	SRR1524363	SRR1524364	SRR1524366	SRR1524368	SRR1524371	SRR1524382	SRR1524384	SRR1524386	SRR1524389	SRR1524391	SRR1524393	SRR1524395	SRR1524398	SRR1524401	SRR1524403	SRR1524405	SRR1524407	SRR1524409	SRR1524411	SRR1524413	SRR1524415	SRR1524417	SRR1524419	SRR1524421	SRR1524423	SRR1524425	SRR1524427	SRR1524429	SRR1524431	SRR1524432	SRR1524434	SRR1524437	SRR1524439	SRR1524440	SRR1524443	SRR1524446	SRR1524447	SRR1524449	SRR1524451	SRR1524452	SRR1524454	SRR1524457	SRR1524458	SRR1524459	SRR1524460	SRR1524461	SRR1524462	SRR1524463	SRR1524464	SRR1524465	SRR1524466	SRR1524467	SRR1524468	SRR1524469	SRR1524471	SRR1524472	SRR1524474	SRR1524475	SRR1524477	SRR1524479	SRR1524481	SRR1524541	SRR1524559	SRR1524560	SRR1524561	SRR1524563	SRR1524565	SRR1524568	SRR1524570	SRR1524572	SRR1524574	SRR1524577	SRR1524579	SRR1524580	SRR1524584	SRR1524589	SRR1524591	SRR1524594	SRR1524596	SRR1524598	SRR1524601	SRR1524603	SRR1524605	SRR1524607	SRR1524609	SRR1524611	SRR1524614	SRR1524615	SRR1524617	SRR1524619	SRR1524621	SRR1524623	SRR1524625	SRR1524626	SRR1524629	SRR1524631	SRR1524633	SRR1524635	SRR1524637	SRR1524639	SRR1524641	SRR1524643	SRR1524644	SRR1524646	SRR1524648	SRR1524650	SRR1524652	SRR1524654	SRR1524655	SRR1524656	SRR1524658	SRR1524660	SRR1524662	SRR1524664	SRR1524666	SRR1524676	SRR1524678	SRR1524680	SRR1524681	SRR1524683	SRR1524685	SRR1524689	SRR1524693	SRR1524695	SRR1524697	SRR1524698	SRR1524699	SRR1524700	SRR1524701	SRR1524703	SRR1524704	SRR1524705	SRR1524707	SRR1524709	SRR1524711	SRR1524713	SRR1524715	SRR1524717	SRR1524719	SRR1524720	SRR1524725	SRR1524727	SRR1524729	SRR1524731	SRR1524733	SRR1524735	SRR1524737	SRR1524739	SRR1524741	SRR1524742	SRR1524744	SRR1524746	SRR1524748	SRR1524750	SRR1524753	SRR1524756	SRR1524758	SRR1524760	SRR1524762	SRR1524763	SRR1524764	SRR1524766	SRR1524767	SRR1524768	SRR1524769	SRR1524770	SRR1524771	SRR1524772	SRR1524773	SRR1524774	SRR1524775	SRR1524776	SRR1524777	SRR1524778	SRR1524779	SRR1524780	SRR1524781	SRR1524782	SRR1524783	SRR1524784	SRR1524785	SRR1524786	SRR1524787	SRR1524788	SRR1524789	SRR1524790	SRR1524791	SRR1524792	SRR1524793	SRR1524794	SRR1524795	SRR1524796	SRR1524797	SRR1524798	SRR1524799	SRR1524800	SRR1524801	SRR1524802	SRR1524803	SRR1524804	SRR1524805	SRR1524806	SRR1524807	SRR1524808	SRR1524809	SRR1524810	SRR1524811	SRR1524812	SRR1524813	SRR1524814	SRR1524815	SRR1524816	SRR1524817	SRR1524818	SRR1524819	SRR1524820	SRR1524821	SRR1524822	SRR1524823	SRR1524824	SRR1524825	SRR1524826	SRR1524827
SRR1524333	0	0.473818	0.779834	0.993135	0.69139	0.429772	0.766203	1.03671	1.09223	0.520482	0.425912	0.758989	1.04716	0.491837	0.450327	0.865893	1.0282	0.422383	0.477054	0.873486	1.03439	0.481519	0.801807	1.05781	0.452833	0.437576	0.914724	1.03816	0.448671	0.431819	0.734203	1.05176	0.51347	0.455653	0.84426	1.09365	0.415453	0.499758	0.750992	1.05132	0.438067	0.447709	0.856965	1.06287	0.840811	0.928181	1.10149	0.77899	1.07605	0.732332	0.745031	0.856362	1.16244	0.66972	0.878389	1.11371	0.737063	0.940197	1.06075	0.734635	0.910491	1.11775	0.796411	0.895747	1.04922	0.740328	1.08805	0.705749	0.781683	1.10931	0.66232	0.793748	1.10342	0.783527	1.10484	0.778545	1.10275	0.865991	0.981253	1.08421	0.652794	0.906333	0.908947	1.10479	0.852323	0.754862	1.02222	1.0888	0.8102	0.821491	0.972339	1.09506	0.809872	0.964917	1.09092	0.847381	0.83397	1.05091	1.0853	0.633952	0.870644	1.1223	0.773405	0.820032	0.852895	1.12856	0.835722	0.874311	0.778518	0.657695	0.771828	0.665339	1.10424	0.834513	0.764856	0.619686	0.779577	0.713878	1.11908	0.642678	0.679652	0.815812	1.02355	0.573416	0.535621	0.757374	1.03418	0.490795	0.523501	0.753974	1.03723	0.590119	0.414881	0.715954	1.01846	0.538366	0.438689	0.691647	1.03979	0.540192	0.539154	0.831617	1.02726	0.657244	1.03938	0.568562	1.06704	0.687082	0.654484	1.10949	0.475038	0.821515	1.07397	0.576334	0.670036	0.995175	0.44601	0.874495	1.04126	0.798291	1.05122	0.760078	0.787763	1.06691	0.751241	0.720531	0.818137	1.06829	0.833486	1.06729	0.726451	1.03669	1.13186	0.855662	0.775303	1.08432	0.729263	0.865944	1.07723	0.719154	0.774863	1.07123	0.800401	1.08174	0.7555	0.748804	1.03848	0.759735	0.798066	1.18268	0.909642	0.79761	1.08174	0.832837	0.975282	1.0802	0.802106	0.808907	0.932507	1.06887	0.855751	0.83448	0.968835	1.16923	0.793476	0.970021	0.828854	0.950505	0.962174	1.08343	0.925631	1.093	0.879184	0.929854	1.02653	1.11882	1.04042	1.11832	0.851053	0.861677	1.11924	0.73469	1.10914	1.1048	0.875585	1.03362	1.10079
SRR1524334	0.473818	0	0.759656	0.999539	0.583395	0.316953	0.695604	1.0372	1.09166	0.46787	0.37661	0.779233	1.04476	0.46057	0.335105	0.861051	1.03083	0.390666	0.341796	0.877332	1.04985	0.280636	0.820347	1.04178	0.464287	0.293553	0.950115	1.00298	0.437072	0.367515	0.714347	1.04268	0.495167	0.396337	0.832836	1.10841	0.437069	0.379622	0.739497	1.04392	0.448376	0.399389	0.833411	1.06895	0.742087	0.912292	1.10344	0.681259	1.07471	0.668456	0.639173	0.840923	1.18833	0.629074	0.878877	1.11225	0.690091	0.937562	1.05948	0.665306	0.890838	1.14095	0.702505	0.866147	1.06292	0.661973	1.10361	0.651785	0.747433	1.15526	0.659172	0.764147	1.13222	0.790468	1.13826	0.764067	1.12093	0.799802	0.970216	1.05586	0.690636	0.854105	0.864135	1.0927	0.7908	0.731939	0.99644	1.06829	0.776637	0.785145	0.944742	1.07186	0.78395	0.956203	1.0839	0.799631	0.781209	1.0388	1.06871	0.67922	0.789169	1.11197	0.752782	0.754308	0.838178	1.11635	0.774235	0.806266	0.787061	0.721586	0.732042	0.692741	1.10191	0.790401	0.795091	0.658282	0.724562	0.720098	1.12854	0.632037	0.505286	0.755608	1.00632	0.524013	0.377494	0.662464	1.01911	0.414636	0.36036	0.707609	1.04272	0.545935	0.358115	0.666226	0.995676	0.500847	0.417815	0.622326	1.05456	0.50892	0.423682	0.79004	1.03897	0.474797	1.03691	0.388613	1.03939	0.541508	0.621395	1.12138	0.380946	0.783856	1.06936	0.454648	0.590278	0.984307	0.33904	0.864522	1.04683	0.722304	1.01739	0.704662	0.692605	1.04386	0.674365	0.619869	0.747	1.05931	0.787985	1.05228	0.695248	1.02934	1.13444	0.790418	0.666798	1.07297	0.679751	0.770044	1.06011	0.636907	0.66945	1.06234	0.714077	1.06323	0.701796	0.679835	1.0338	0.705389	0.719235	1.19202	0.89782	0.729568	1.0886	0.773986	0.937193	1.08202	0.753068	0.771996	0.907205	1.07722	0.841306	0.80159	0.936703	1.18572	0.771758	0.947546	0.79881	0.902817	0.944835	1.07443	0.852496	1.06764	0.831722	0.853608	0.995173	1.09882	1.00695	1.09968	0.816331	0.814831	1.11562	0.668316	1.09721	1.08606	0.820658	1.00537	1.08699
SRR1524335	0.779834	0.759656	0	0.681157	0.916788	0.740363	0.54576	0.775011	0.857958	0.801147	0.773236	0.512349	0.776511	0.837445	0.765551	0.608189	0.763002	0.818857	0.77953	0.565122	0.794472	0.802397	0.584169	0.753683	0.754651	0.756042	0.813321	0.713068	0.784879	0.723636	0.464271	0.749553	0.810819	0.742843	0.506948	0.891752	0.764194	0.769407	0.500839	0.751792	0.821322	0.705863	0.517934	0.827252	0.980814	0.844875	0.942497	0.932228	0.905977	0.941843	0.915777	0.767968	1.06426	0.879273	0.789302	0.944338	0.905903	0.8509	0.878276	0.893097	0.806384	0.997031	0.960057	0.786292	0.88451	0.908547	0.929508	0.908274	0.760772	1.00593	0.842719	0.767291	0.980189	0.771665	0.992635	0.773509	0.943423	0.965948	0.859528	0.934746	0.841712	0.986991	0.829298	0.953026	0.972923	0.890187	0.897694	0.946962	0.931379	0.903602	0.873236	0.939375	0.94523	0.843132	0.919468	0.964445	0.927001	0.927626	0.961781	0.883462	0.972771	0.956112	0.908631	0.889313	0.785358	0.976045	0.960642	0.965042	0.780374	0.835566	0.886785	0.754721	0.942279	0.903074	0.768795	0.857425	0.880971	0.764603	0.966751	0.816894	0.832916	0.660495	0.731229	0.816167	0.77	0.652377	0.741248	0.806116	0.778555	0.569724	0.768401	0.810467	0.76496	0.560278	0.675434	0.830725	0.750228	0.575648	0.818393	0.779395	0.816188	0.567514	0.771606	0.877825	0.762715	0.740978	0.758544	0.849241	0.567731	0.913748	0.785332	0.584215	0.801642	0.778085	0.592663	0.650069	0.730376	0.670372	0.767031	0.809304	0.838787	0.958387	0.827142	0.862935	0.969566	0.91033	0.809059	0.878143	0.801463	0.859489	0.936152	0.850571	0.985468	1.01105	0.896022	0.899956	0.931208	0.947914	0.898516	0.938236	0.907704	0.869301	0.916722	0.871225	0.956699	0.895055	0.845449	0.950685	0.926744	1.07635	0.999241	0.919461	0.935219	0.904771	0.889698	0.952006	0.917138	0.888312	0.859828	0.904301	0.952058	0.932099	0.919592	1.06431	0.892007	0.905681	0.922161	1.01345	0.901457	0.928674	1.00072	0.935483	0.964617	1.00941	0.893301	0.962459	0.931611	0.970399	0.950898	0.940652	0.9778	0.871338	0.976982	0.954207	0.947054	0.905109	0.929032
SRR1524359	0.993135	0.999539	0.681157	0	1.12073	0.969454	0.797467	0.440655	0.566173	1.02968	1.0076	0.553813	0.438497	1.07536	1.00045	0.715149	0.390124	1.05171	1.01535	0.662905	0.496217	1.03827	0.681715	0.399686	0.984152	0.994579	0.772677	0.518623	1.01971	0.96689	0.659361	0.450105	1.04265	0.977457	0.58705	0.595314	1.01437	0.989552	0.683342	0.439762	1.05998	0.930138	0.610017	0.478874	1.12596	0.896655	0.758511	1.09467	0.7515	1.10704	1.08684	0.85762	0.881988	1.05327	0.847076	0.81222	1.06233	0.843333	0.768671	1.05465	0.844099	0.824589	1.11709	0.892653	0.710562	1.08057	0.728566	1.07653	0.89221	0.821537	1.00784	0.88338	0.787863	0.857037	0.83076	0.902078	0.763156	1.09858	0.901124	0.894302	0.995286	1.10745	0.919045	0.803165	1.1132	1.02427	0.888389	0.906216	1.06886	1.03135	0.912494	0.868042	1.0759	0.880912	0.795278	1.09662	1.05277	0.940556	0.921268	1.04671	1.10243	0.780998	1.04817	1.0198	0.872802	0.813206	1.10229	1.08499	0.851881	1.00339	1.02141	0.884037	0.790644	1.02113	0.840361	1.04328	1.01353	0.885058	0.752201	0.991764	1.04394	0.859961	0.569312	1.03339	1.01778	0.860492	0.537673	1.03341	1.02814	0.800378	0.494959	1.03093	1.00146	0.781395	0.518834	1.04607	0.982623	0.804854	0.496835	1.00323	1.04478	0.742148	0.472889	1.0789	0.436106	0.987815	0.525827	1.05509	0.712776	0.602807	1.01502	0.71127	0.498011	1.00545	0.817045	0.429854	0.980556	0.768522	0.446119	0.960868	0.789757	1.11145	0.963675	0.753063	1.13195	1.08695	0.932256	0.739028	0.903879	0.749367	1.09005	0.718434	0.831049	1.14677	1.0532	0.778106	1.09905	1.09352	0.824267	1.11387	1.07359	0.715383	1.0654	0.739296	1.12343	1.05872	0.737194	1.11147	1.07991	0.95989	1.10345	1.05223	0.763878	1.03402	0.957816	0.839397	1.06071	1.01026	0.935534	0.754382	1.06628	1.05904	0.991438	0.884018	1.01152	0.966093	1.05552	1.12118	0.95265	0.816554	1.11465	0.859273	1.09861	1.13032	0.912348	0.842362	0.97145	0.866276	1.08599	1.05574	0.824141	1.03476	0.888891	0.871171	1.07	0.91879	0.808323
SRR1524363	0.69139	0.583395	0.916788	1.12073	0	0.64068	0.835275	1.14646	1.19497	0.56129	0.607882	0.951396	1.15977	0.538528	0.628156	0.981121	1.14291	0.616574	0.560657	0.987317	1.15656	0.619384	0.994576	1.15767	0.693418	0.661669	1.10578	1.11956	0.703382	0.719742	0.913746	1.15178	0.54403	0.654949	0.984483	1.20469	0.642511	0.631903	0.89602	1.15439	0.632031	0.687302	0.985261	1.18221	0.748035	1.02001	1.19676	0.748981	1.17097	0.774259	0.755486	0.982115	1.2627	0.764279	1.00319	1.18726	0.759541	1.04685	1.14842	0.775261	1.02489	1.23074	0.723288	0.980008	1.16908	0.7482	1.19675	0.738556	0.913867	1.23869	0.802465	0.917663	1.21938	0.953326	1.22461	0.906117	1.20553	0.812599	1.06301	1.12871	0.842684	0.84078	0.99337	1.17789	0.828467	0.876892	1.09563	1.13039	0.81391	0.821445	1.03533	1.13766	0.810882	1.04793	1.16834	0.79525	0.813241	1.10698	1.13137	0.837316	0.818884	1.19963	0.834903	0.855973	0.968361	1.2009	0.821207	0.829389	0.969492	0.916763	0.863686	0.862139	1.18	0.849394	0.94685	0.808621	0.866903	0.867578	1.21914	0.755857	0.447779	0.875671	1.11811	0.514728	0.525877	0.784656	1.13371	0.596786	0.532699	0.854078	1.15105	0.49435	0.60995	0.823737	1.1008	0.482849	0.686148	0.769638	1.16647	0.544097	0.426902	0.906897	1.14642	0.426777	1.15479	0.492184	1.14989	0.493376	0.841454	1.21996	0.562713	0.93176	1.17283	0.498699	0.735539	1.09798	0.566199	0.982818	1.15402	0.854004	1.11786	0.759032	0.843785	1.14556	0.771071	0.742773	0.899342	1.16037	0.944274	1.15072	0.730355	1.14146	1.21407	0.718814	0.753255	1.15821	0.687659	0.809345	1.14211	0.742664	0.750947	1.1622	0.75384	1.1583	0.693411	0.746237	1.12891	0.730011	0.769337	1.25273	0.916563	0.833982	1.17904	0.843628	1.01241	1.16242	0.847871	0.84739	1.00054	1.16438	0.87027	0.829321	0.979883	1.25908	0.85202	1.01232	0.8412	0.853195	1.00683	1.1532	0.860642	1.14967	0.831909	0.829726	1.08211	1.17972	1.06767	1.17343	0.822225	0.861779	1.19437	0.727443	1.17765	1.15986	0.862698	1.08728	1.17051
SRR1524364	0.429772	0.316953	0.740363	0.969454	0.64068	0	0.70883	1.00787	1.04946	0.491631	0.3947	0.732581	1.00661	0.421791	0.35883	0.842361	0.997472	0.357554	0.404146	0.867632	1.01614	0.400215	0.767895	1.02197	0.49718	0.305891	0.888474	1.00267	0.438188	0.311338	0.677645	1.01534	0.532738	0.419153	0.809256	1.06368	0.449248	0.390145	0.719762	1.01647	0.416824	0.404853	0.813796	1.02931	0.805816	0.89177	1.05852	0.740001	1.0402	0.706701	0.705204	0.814609	1.12983	0.651943	0.852872	1.08562	0.719918	0.909252	1.02946	0.708053	0.869129	1.08496	0.763676	0.845674	1.01955	0.708517	1.06124	0.679295	0.721191	1.08519	0.654391	0.755358	1.08128	0.759301	1.08464	0.754481	1.0871	0.835515	0.955246	1.0511	0.642226	0.885241	0.8532	1.06905	0.831085	0.716955	0.982947	1.06583	0.796207	0.796372	0.937828	1.06615	0.79781	0.943085	1.05887	0.833875	0.808162	1.03482	1.06396	0.649947	0.833677	1.08131	0.75901	0.762387	0.814307	1.09046	0.81046	0.837564	0.731037	0.666594	0.743158	0.649319	1.07457	0.811071	0.752035	0.643216	0.735069	0.694933	1.08324	0.637206	0.609228	0.7406	0.980125	0.569193	0.468666	0.699233	0.993505	0.414918	0.466816	0.703275	1.00751	0.576335	0.384769	0.680961	0.981167	0.537835	0.442759	0.629601	1.01082	0.562835	0.491671	0.805299	1.0051	0.574438	1.00675	0.453479	1.02348	0.645093	0.608896	1.0725	0.436666	0.78557	1.03599	0.541108	0.596184	0.963218	0.39614	0.859312	1.01364	0.728654	1.00569	0.74201	0.713545	1.01921	0.729445	0.651609	0.753994	1.02227	0.781963	1.02412	0.734821	0.998639	1.098	0.850647	0.723945	1.04471	0.728339	0.824332	1.04757	0.693131	0.721162	1.03232	0.758723	1.04253	0.756713	0.720899	1.01142	0.766225	0.766089	1.16326	0.907851	0.759744	1.06061	0.788474	0.941191	1.06514	0.777911	0.773768	0.900179	1.04766	0.856795	0.81812	0.945653	1.14605	0.775589	0.948804	0.826851	0.938425	0.940768	1.05554	0.895486	1.05763	0.87334	0.899196	0.992874	1.08222	1.00765	1.0867	0.849381	0.829735	1.0868	0.708722	1.07725	1.07584	0.851751	1.00148	1.06637
SRR1524366	0.766203	0.695604	0.54576	0.797467	0.835275	0.70883	0	0.868692	0.94008	0.754566	0.745157	0.644289	0.889426	0.788063	0.735383	0.624493	0.853716	0.781398	0.723855	0.588611	0.888853	0.739868	0.718261	0.853869	0.7335	0.726266	0.939563	0.772782	0.77028	0.714999	0.574835	0.868369	0.761493	0.718633	0.635045	0.98858	0.744226	0.732179	0.589578	0.860942	0.784866	0.684134	0.625559	0.942551	0.893744	0.853558	1.00178	0.860456	0.953995	0.892465	0.841921	0.780408	1.10273	0.834926	0.812278	0.975374	0.847043	0.875723	0.930585	0.830075	0.822879	1.06172	0.8823	0.818425	0.963326	0.846639	0.999388	0.849628	0.763817	1.07235	0.809357	0.754009	1.03946	0.807246	1.06135	0.760882	0.999065	0.905339	0.862665	0.926911	0.843212	0.919113	0.825427	0.975396	0.922065	0.882193	0.899276	0.917805	0.899121	0.855307	0.857912	0.936951	0.909229	0.846176	0.961234	0.904061	0.868134	0.911828	0.938073	0.877627	0.907265	1.00019	0.888571	0.851132	0.799857	1.01059	0.907174	0.900109	0.829367	0.893137	0.873546	0.77915	0.967242	0.848975	0.811827	0.857306	0.864341	0.757867	1.02456	0.788599	0.727494	0.607167	0.833869	0.744884	0.701407	0.519325	0.835866	0.757465	0.70496	0.458871	0.878695	0.751907	0.733362	0.485946	0.745414	0.765803	0.740398	0.526132	0.928697	0.721552	0.746321	0.536785	0.87352	0.786857	0.88847	0.661903	0.848256	0.757061	0.555172	1.00359	0.737062	0.562596	0.909589	0.701173	0.54856	0.752583	0.689017	0.636403	0.890819	0.768179	0.867961	0.902786	0.769736	0.914338	0.912053	0.850596	0.755629	0.936223	0.777417	0.912851	0.87933	0.910632	1.02848	0.934254	0.817412	0.948188	0.867284	0.869718	0.916646	0.879431	0.836247	0.922621	0.845269	0.918423	0.891624	0.829539	0.898523	0.884965	0.856669	1.10302	0.970227	0.872988	0.971291	0.8626	0.845257	0.956183	0.879132	0.850328	0.823789	0.954326	0.917368	0.889196	0.86507	1.1012	0.862036	0.862998	0.870636	0.939141	0.867261	0.940898	0.924937	0.946751	0.894943	0.934517	0.864045	0.974856	0.897134	0.978237	0.89802	0.903695	1.00832	0.806735	0.995058	0.950988	0.897643	0.890941	0.96244
SRR1524368	1.03671	1.0372	0.775011	0.440655	1.14646	1.00787	0.868692	0	0.486628	1.07483	1.0443	0.63671	0.476228	1.1026	1.03787	0.807387	0.482663	1.08596	1.05833	0.756018	0.423732	1.07855	0.783415	0.538427	1.06068	1.04181	0.82487	0.640771	1.07692	1.00589	0.781902	0.474822	1.09011	1.01649	0.675486	0.541892	1.06708	1.02276	0.743573	0.421577	1.09155	0.989575	0.668197	0.470585	1.14311	0.932707	0.780817	1.11818	0.728102	1.137	1.11315	0.886218	0.873708	1.08047	0.850907	0.798009	1.08617	0.83844	0.754921	1.07996	0.860045	0.816228	1.13967	0.920264	0.728958	1.11139	0.716106	1.10467	0.900945	0.818638	1.03522	0.900511	0.745638	0.877998	0.822002	0.916804	0.749132	1.12802	0.970065	0.92971	1.04218	1.13617	0.959944	0.792613	1.14539	1.06892	0.940039	0.949833	1.10412	1.06428	0.96034	0.886422	1.10499	0.931567	0.832333	1.12718	1.08801	0.996162	0.950135	1.08981	1.1309	0.802067	1.08587	1.05634	0.913098	0.822168	1.13583	1.11364	0.903932	1.05409	1.05669	0.939322	0.815187	1.05602	0.901585	1.08725	1.05315	0.933242	0.77969	1.02886	1.08916	0.887433	0.477854	1.08181	1.07221	0.935127	0.448219	1.07955	1.07439	0.901816	0.482324	1.08067	1.04485	0.873366	0.568855	1.09633	1.03298	0.861934	0.581331	1.06162	1.08271	0.812107	0.515718	1.10578	0.516895	1.03637	0.456882	1.09765	0.824399	0.64354	1.05684	0.75645	0.472892	1.05248	0.847159	0.527309	1.02568	0.855877	0.479542	0.978296	0.780058	1.13293	0.979116	0.723429	1.15866	1.10685	0.947105	0.755525	0.915895	0.751426	1.11895	0.725668	0.750294	1.16696	1.0629	0.740887	1.12799	1.11576	0.767971	1.14036	1.09009	0.721742	1.0812	0.72864	1.14554	1.07955	0.754278	1.14071	1.09749	0.946582	1.12794	1.08656	0.785618	1.06985	0.9887	0.869693	1.10037	1.04757	0.979013	0.805147	1.09954	1.09006	1.01927	0.86019	1.0509	1.00453	1.09701	1.1458	0.989211	0.835257	1.13889	0.895928	1.13252	1.15207	0.960305	0.840784	0.985031	0.885907	1.1172	1.07849	0.833572	1.07108	0.937524	0.900975	1.09913	0.958229	0.823048
SRR1524371	1.09223	1.09166	0.857958	0.566173	1.19497	1.04946	0.94008	0.486628	0	1.13451	1.09172	0.721291	0.431594	1.15723	1.07939	0.885762	0.507128	1.14122	1.10385	0.851183	0.496784	1.12925	0.821615	0.586592	1.12397	1.08877	0.843286	0.702987	1.13645	1.05297	0.855863	0.488575	1.14652	1.06752	0.741637	0.531224	1.12741	1.05971	0.828942	0.494019	1.14894	1.03836	0.728882	0.473669	1.18449	0.962449	0.738886	1.16033	0.730283	1.17982	1.1554	0.921442	0.765735	1.12366	0.895855	0.78583	1.12579	0.853976	0.763192	1.12163	0.883989	0.733107	1.18029	0.950605	0.732901	1.14961	0.715059	1.14577	0.931769	0.7184	1.0758	0.931455	0.697577	0.909727	0.792506	0.953095	0.763644	1.17732	0.998654	0.947506	1.09477	1.17943	0.987278	0.805734	1.19419	1.11395	0.973133	0.97242	1.15455	1.10708	0.983265	0.913238	1.15648	0.973863	0.831645	1.17767	1.13034	1.02918	0.981258	1.13574	1.16682	0.782949	1.14176	1.09012	0.966907	0.804086	1.18827	1.14767	0.928744	1.10042	1.09744	0.980679	0.817581	1.09083	0.95377	1.13393	1.09254	0.98669	0.730097	1.07202	1.14756	0.937959	0.581106	1.1416	1.12588	1.00005	0.567709	1.13561	1.12773	0.977746	0.435783	1.13833	1.09272	0.933558	0.64822	1.15201	1.07887	0.910669	0.590455	1.12665	1.13012	0.884354	0.564588	1.14683	0.574496	1.08561	0.555047	1.14847	0.890151	0.51641	1.10355	0.838702	0.498399	1.10261	0.904306	0.639244	1.07828	0.929577	0.550054	1.01162	0.818853	1.17435	1.01121	0.74647	1.20014	1.1473	0.970082	0.703658	0.928973	0.727962	1.16326	0.722058	0.767663	1.20979	1.10452	0.755583	1.17337	1.14762	0.829202	1.18411	1.12964	0.667947	1.11701	0.718919	1.192	1.11412	0.765827	1.1853	1.13409	0.936173	1.17563	1.12747	0.801402	1.115	1.02425	0.915972	1.15509	1.09611	1.01803	0.80676	1.14918	1.13512	1.06546	0.785847	1.09434	1.04351	1.15204	1.18556	1.03406	0.86669	1.16852	0.901308	1.18081	1.18675	0.988828	0.841407	1.01763	0.87376	1.16687	1.11743	0.821345	1.10714	0.931306	0.914741	1.13479	0.987559	0.833425
SRR1524382	0.520482	0.46787	0.801147	1.02968	0.56129	0.491631	0.754566	1.07483	1.13451	0	0.417212	0.806156	1.08673	0.46901	0.405687	0.871659	1.06126	0.372449	0.430159	0.871518	1.08056	0.510857	0.873469	1.08422	0.440832	0.478306	0.99827	1.05295	0.551446	0.528964	0.779792	1.08055	0.333463	0.408822	0.868489	1.14178	0.387672	0.444886	0.763968	1.07972	0.454238	0.501757	0.867078	1.11242	0.788401	0.950581	1.14565	0.752528	1.11648	0.717155	0.729757	0.895164	1.21975	0.68946	0.915538	1.1373	0.701383	0.971752	1.09496	0.714616	0.939558	1.17865	0.776254	0.892305	1.10688	0.736394	1.14032	0.714115	0.821605	1.18928	0.716275	0.829072	1.16468	0.849586	1.17045	0.819945	1.1475	0.797465	0.986936	1.0826	0.709858	0.848907	0.913142	1.12028	0.803279	0.761706	1.01351	1.08059	0.719898	0.767778	0.958466	1.08607	0.73477	0.964525	1.1051	0.76164	0.776713	1.04034	1.07277	0.70407	0.822944	1.14421	0.73654	0.801448	0.873285	1.14608	0.796565	0.825076	0.838776	0.743134	0.756378	0.700166	1.11767	0.798566	0.808039	0.662385	0.757737	0.736939	1.1612	0.651066	0.56461	0.777446	1.05224	0.426985	0.504599	0.734119	1.06608	0.511706	0.490551	0.747103	1.07536	0.431748	0.438399	0.711749	1.02165	0.461654	0.451935	0.665698	1.09199	0.437979	0.466029	0.804211	1.06723	0.583042	1.08296	0.525862	1.08964	0.619926	0.703633	1.16182	0.453593	0.819503	1.10595	0.49658	0.625045	1.01186	0.472362	0.872673	1.08046	0.813489	1.07057	0.707205	0.789768	1.09632	0.755247	0.70832	0.832426	1.10581	0.862987	1.09321	0.683911	1.07744	1.1684	0.770798	0.766122	1.11012	0.674213	0.831824	1.09482	0.706912	0.740609	1.10328	0.728935	1.10234	0.689017	0.71464	1.06697	0.71926	0.743698	1.21315	0.829481	0.764855	1.11357	0.766044	0.951929	1.0977	0.760388	0.767444	0.924599	1.09641	0.789054	0.758971	0.929137	1.21309	0.740188	0.937702	0.75585	0.874549	0.922047	1.09167	0.870326	1.09777	0.806448	0.856032	1.01995	1.12787	1.0134	1.11975	0.770972	0.796026	1.13542	0.658628	1.11571	1.10184	0.820314	1.01945	1.11078
SRR1524384	0.425912	0.37661	0.773236	1.0076	0.607882	0.3947	0.745157	1.0443	1.09172	0.417212	0	0.772339	1.04603	0.433973	0.252719	0.851376	1.02895	0.369631	0.307759	0.863228	1.04875	0.380271	0.827797	1.05573	0.425748	0.368049	0.945571	1.02812	0.524551	0.403093	0.735709	1.04874	0.433358	0.309956	0.827396	1.10328	0.354671	0.377172	0.72021	1.04952	0.427453	0.361816	0.828717	1.06969	0.794645	0.920526	1.1037	0.736328	1.07986	0.732755	0.703376	0.854844	1.17865	0.633731	0.87361	1.11155	0.682537	0.927923	1.0641	0.682539	0.896179	1.13347	0.764177	0.878545	1.06458	0.712682	1.10025	0.699138	0.761249	1.14808	0.641273	0.767775	1.12157	0.783202	1.12938	0.761228	1.11772	0.839543	0.97832	1.0708	0.688563	0.879329	0.890217	1.09681	0.833746	0.770395	1.00646	1.07508	0.775899	0.783338	0.947987	1.07576	0.779056	0.951954	1.08356	0.812441	0.791102	1.03609	1.06943	0.6559	0.836647	1.11742	0.763692	0.794889	0.845817	1.1232	0.827028	0.837889	0.77109	0.68874	0.729935	0.651924	1.09912	0.790894	0.768605	0.635442	0.736448	0.705279	1.12689	0.642335	0.604376	0.784172	1.01906	0.527077	0.457188	0.713539	1.03621	0.529127	0.445235	0.737895	1.04434	0.544487	0.264055	0.669268	0.999129	0.490646	0.291725	0.618968	1.05424	0.49706	0.427286	0.78394	1.04348	0.58014	1.05112	0.485079	1.05812	0.593494	0.634219	1.12191	0.310261	0.778051	1.06815	0.430375	0.590031	0.991501	0.324403	0.856757	1.04969	0.775295	1.03647	0.722496	0.756981	1.05885	0.749227	0.68488	0.782263	1.06658	0.800125	1.05728	0.687397	1.03623	1.13392	0.795989	0.729124	1.08026	0.68838	0.817145	1.0685	0.703947	0.722627	1.06692	0.72745	1.06906	0.702309	0.676655	1.04072	0.709329	0.729218	1.18708	0.889008	0.763267	1.09023	0.794418	0.952169	1.08582	0.792885	0.784056	0.911646	1.07717	0.8295	0.786606	0.935037	1.17978	0.749817	0.940774	0.795454	0.905377	0.932704	1.07241	0.881228	1.07814	0.841362	0.878958	1.0066	1.10502	1.00618	1.1025	0.804698	0.802895	1.11292	0.64557	1.09183	1.08838	0.819133	1.00547	1.09327
SRR1524386	0.758989	0.779233	0.512349	0.553813	0.951396	0.732581	0.644289	0.63671	0.721291	0.806156	0.772339	0	0.629792	0.839224	0.757177	0.594018	0.6043	0.799349	0.793284	0.546561	0.636676	0.82506	0.573876	0.695895	0.772159	0.770003	0.730256	0.71142	0.806469	0.710709	0.509506	0.647044	0.832545	0.735306	0.472576	0.735486	0.775187	0.756121	0.491431	0.638922	0.809239	0.698123	0.506593	0.69402	0.994946	0.808473	0.846355	0.949522	0.811751	0.939694	0.927232	0.733404	0.938337	0.869747	0.711541	0.854648	0.899508	0.776138	0.800459	0.890348	0.76193	0.875346	0.974097	0.772971	0.78517	0.92433	0.808283	0.908653	0.731152	0.871024	0.816592	0.736031	0.832938	0.6939	0.866123	0.733529	0.816458	0.971645	0.834682	0.905646	0.807058	0.996056	0.805596	0.866419	0.981433	0.865329	0.853028	0.907775	0.917015	0.898619	0.834966	0.879557	0.929647	0.794075	0.849992	0.961684	0.924973	0.903541	0.913625	0.861239	0.979448	0.86139	0.89039	0.889308	0.744109	0.887105	0.965882	0.96837	0.711109	0.797084	0.866917	0.692568	0.833002	0.894265	0.70002	0.85505	0.86219	0.720265	0.851296	0.814871	0.886151	0.722677	0.672309	0.84791	0.828544	0.737325	0.663079	0.824267	0.824284	0.654159	0.656343	0.848769	0.772111	0.633613	0.622711	0.856902	0.74629	0.643621	0.675782	0.816361	0.854426	0.626015	0.647977	0.912861	0.674753	0.797601	0.698976	0.906516	0.579253	0.784646	0.804349	0.594119	0.687272	0.823185	0.643185	0.576087	0.769537	0.683383	0.633754	0.826925	0.819932	0.949952	0.826769	0.809253	0.973442	0.911893	0.793913	0.785444	0.770563	0.789197	0.930319	0.767251	0.883352	1.01705	0.904847	0.821042	0.934675	0.970709	0.847998	0.937652	0.919329	0.777272	0.921817	0.791518	0.956829	0.89635	0.760609	0.958311	0.93229	1.00301	0.973187	0.906837	0.832218	0.897796	0.874765	0.865568	0.910622	0.870875	0.831276	0.806415	0.938334	0.922623	0.898445	0.942202	0.865224	0.87699	0.919472	1.02496	0.854384	0.839532	1.00549	0.885092	0.973443	1.02132	0.868095	0.896005	0.913618	0.906001	0.945645	0.921832	0.872954	0.879904	0.916236	0.888506	0.94654	0.870284	0.857815
SRR1524389	1.04716	1.04476	0.776511	0.438497	1.15977	1.00661	0.889426	0.476228	0.431594	1.08673	1.04603	0.629792	0	1.12064	1.03561	0.838565	0.402826	1.10037	1.05547	0.787488	0.468793	1.08341	0.744258	0.512068	1.0586	1.03635	0.80033	0.626311	1.08131	1.01403	0.774143	0.406682	1.09405	1.01725	0.666752	0.47376	1.07059	1.0199	0.762978	0.421712	1.10901	0.982016	0.667324	0.411363	1.15623	0.925424	0.72524	1.12593	0.73713	1.14535	1.11971	0.893092	0.802439	1.08561	0.862397	0.767184	1.09145	0.845929	0.75561	1.08595	0.854963	0.757538	1.14869	0.919824	0.719859	1.11245	0.716866	1.10869	0.914181	0.747595	1.03945	0.901235	0.709173	0.871291	0.789161	0.927679	0.759379	1.14369	0.958759	0.925098	1.04715	1.14722	0.952259	0.806317	1.15835	1.06916	0.938988	0.948838	1.11731	1.07293	0.951254	0.89015	1.12227	0.938178	0.80496	1.14458	1.09408	0.998871	0.962259	1.09624	1.13665	0.754171	1.10397	1.05027	0.92093	0.79855	1.15276	1.11967	0.879447	1.05203	1.0569	0.927962	0.783209	1.05699	0.89352	1.09235	1.05104	0.940748	0.709578	1.03391	1.10223	0.915049	0.596427	1.09415	1.07379	0.94344	0.557736	1.09096	1.07842	0.914687	0.479268	1.09167	1.04461	0.868101	0.549235	1.1026	1.02467	0.857672	0.495532	1.07509	1.08579	0.823631	0.528778	1.1133	0.448312	1.03787	0.51139	1.09966	0.808953	0.497226	1.05613	0.776963	0.394122	1.05132	0.863538	0.52689	1.02391	0.883659	0.429211	0.976563	0.794021	1.14505	0.978545	0.74636	1.16687	1.11622	0.942388	0.686412	0.897126	0.696396	1.12788	0.701043	0.789129	1.18109	1.07757	0.760177	1.13525	1.11668	0.830078	1.15053	1.1005	0.661474	1.08641	0.681463	1.1589	1.08247	0.733502	1.14942	1.10437	0.943642	1.14697	1.09007	0.788046	1.07738	1.00322	0.895004	1.11472	1.06145	0.988372	0.775053	1.11456	1.10047	1.03438	0.806834	1.05655	1.00686	1.1108	1.15735	1.00124	0.850433	1.14148	0.871173	1.14842	1.15959	0.95777	0.841671	1.00323	0.868733	1.13155	1.08623	0.794863	1.06902	0.901875	0.888702	1.09936	0.947457	0.819362
SRR1524391	0.491837	0.46057	0.837445	1.07536	0.538528	0.421791	0.788063	1.1026	1.15723	0.46901	0.433973	0.839224	1.12064	0	0.446509	0.910926	1.10221	0.340079	0.44534	0.932787	1.10946	0.515304	0.899455	1.13075	0.551065	0.503943	0.994946	1.10247	0.546493	0.491662	0.81067	1.11937	0.479098	0.462309	0.910965	1.16563	0.424095	0.481663	0.809635	1.1178	0.331924	0.548875	0.921522	1.14072	0.834465	0.984798	1.16372	0.788876	1.13619	0.752523	0.758474	0.914327	1.23294	0.704972	0.933989	1.16888	0.759893	1.00069	1.1161	0.763599	0.973373	1.19256	0.795079	0.941793	1.12419	0.760638	1.15604	0.73048	0.835088	1.19464	0.715554	0.850706	1.1758	0.86333	1.18495	0.837324	1.17099	0.847216	1.02548	1.1193	0.714405	0.898383	0.947371	1.15312	0.839811	0.779803	1.05999	1.12543	0.799594	0.823737	1.01054	1.12851	0.797212	1.00591	1.14034	0.827492	0.832911	1.09206	1.12204	0.67353	0.860425	1.17291	0.774274	0.836948	0.892392	1.17462	0.821922	0.869254	0.851168	0.735266	0.79833	0.724505	1.1494	0.851015	0.845524	0.681324	0.800202	0.767736	1.18485	0.68752	0.615692	0.821402	1.07797	0.545198	0.517551	0.775063	1.09286	0.485525	0.522685	0.789056	1.10776	0.539095	0.462711	0.767432	1.07112	0.463399	0.512093	0.71724	1.11601	0.553314	0.469416	0.871364	1.10106	0.595713	1.11746	0.493724	1.12259	0.653398	0.744156	1.18293	0.487909	0.880457	1.13813	0.554162	0.673649	1.06169	0.474417	0.935909	1.11362	0.827581	1.10047	0.765788	0.820223	1.11734	0.77092	0.710859	0.857596	1.12731	0.882178	1.12055	0.753379	1.10452	1.18299	0.839026	0.789173	1.13463	0.725527	0.876979	1.12242	0.721874	0.780915	1.13251	0.793588	1.13606	0.728325	0.757534	1.09945	0.77079	0.801564	1.23424	0.902125	0.810298	1.14359	0.82859	0.997138	1.13515	0.804213	0.829532	0.962238	1.12608	0.866029	0.833096	0.984399	1.23097	0.813789	0.999013	0.829228	0.934634	0.986532	1.12734	0.921631	1.13189	0.867108	0.907105	1.06241	1.16182	1.06055	1.15718	0.835166	0.861625	1.16472	0.737087	1.1548	1.14426	0.881641	1.06518	1.14507
SRR1524393	0.450327	0.335105	0.765551	1.00045	0.628156	0.35883	0.735383	1.03787	1.07939	0.405687	0.252719	0.757177	1.03561	0.446509	0	0.841072	1.01542	0.344464	0.306268	0.854136	1.0377	0.371672	0.819584	1.04683	0.442776	0.332874	0.931669	1.01972	0.522071	0.35986	0.727441	1.03939	0.449803	0.303218	0.816746	1.09245	0.368664	0.301696	0.712785	1.03903	0.418727	0.342753	0.818463	1.05887	0.78426	0.904667	1.08807	0.717981	1.06535	0.715778	0.67745	0.837567	1.16453	0.609542	0.854952	1.09871	0.671205	0.912279	1.04831	0.666227	0.87336	1.11799	0.750947	0.862701	1.05212	0.696979	1.08798	0.67912	0.734308	1.13512	0.623536	0.743089	1.11004	0.757877	1.11815	0.740005	1.10595	0.828226	0.964765	1.06071	0.670508	0.871178	0.868718	1.08655	0.823383	0.739931	0.989834	1.06676	0.762238	0.773898	0.932929	1.06794	0.767272	0.939824	1.07195	0.80087	0.779622	1.02692	1.06084	0.661259	0.819632	1.10456	0.749712	0.772487	0.830198	1.10951	0.811508	0.821262	0.754741	0.681536	0.707872	0.64658	1.08854	0.777919	0.757447	0.636255	0.710764	0.690478	1.11254	0.640764	0.606155	0.769743	1.01213	0.537601	0.486111	0.707875	1.03004	0.519665	0.455277	0.730036	1.03658	0.554626	0.296467	0.669376	0.995184	0.513864	0.3026	0.614559	1.04655	0.515886	0.4599	0.777915	1.03713	0.581603	1.04682	0.495691	1.0519	0.621571	0.629623	1.11159	0.346276	0.775266	1.06445	0.465861	0.569936	0.984483	0.361762	0.850428	1.0432	0.748268	1.02585	0.713009	0.729976	1.04664	0.72774	0.653331	0.752062	1.04891	0.768921	1.04144	0.686979	1.019	1.11955	0.793624	0.708789	1.0654	0.683679	0.79617	1.05795	0.67908	0.699904	1.04924	0.703871	1.05384	0.696557	0.663481	1.02469	0.709404	0.718673	1.17644	0.87755	0.742025	1.0766	0.77887	0.93782	1.07514	0.775043	0.768429	0.897664	1.06662	0.825663	0.777169	0.924494	1.16517	0.7353	0.929416	0.786928	0.902688	0.923171	1.06241	0.865524	1.06788	0.834491	0.867516	0.992594	1.09485	0.998287	1.09392	0.797614	0.783417	1.10136	0.636902	1.08071	1.07873	0.80314	0.991764	1.07928
SRR1524395	0.865893	0.861051	0.608189	0.715149	0.981121	0.842361	0.624493	0.807387	0.885762	0.871659	0.851376	0.594018	0.838565	0.910926	0.841072	0	0.747156	0.893249	0.858942	0.474855	0.800366	0.899287	0.727735	0.777676	0.84293	0.867363	0.883092	0.740832	0.904332	0.821647	0.630459	0.802389	0.884208	0.817071	0.58047	0.927516	0.85063	0.830901	0.562292	0.771041	0.889252	0.788679	0.553802	0.867672	1.0239	0.892711	0.990749	0.989577	0.937091	1.00583	0.968955	0.811448	1.08814	0.929927	0.817615	0.952642	0.94388	0.860383	0.907646	0.938386	0.838137	1.00425	1.0097	0.859918	0.929757	0.969453	0.957409	0.968267	0.822393	1.04217	0.881432	0.807207	0.99904	0.809139	1.0008	0.793601	0.948601	1.01082	0.876697	0.937935	0.903257	1.019	0.868603	0.942425	1.02715	0.954664	0.887266	0.918541	0.971258	0.938308	0.875952	0.921314	0.981646	0.83816	0.913358	0.993764	0.960776	0.88835	0.92548	0.950875	1.01703	0.965876	0.960788	0.948662	0.81888	0.969505	1.01304	0.993595	0.835294	0.913495	0.935166	0.802696	0.93657	0.92819	0.808875	0.932909	0.928131	0.78708	0.978913	0.888022	0.90312	0.748458	0.816591	0.890767	0.878509	0.68867	0.819829	0.907254	0.880043	0.609995	0.822895	0.886532	0.850192	0.606689	0.710021	0.898464	0.827516	0.651358	0.871781	0.856169	0.901813	0.584983	0.812595	0.956015	0.850895	0.83796	0.828824	0.932637	0.624988	0.963708	0.868786	0.610937	0.866625	0.854324	0.674146	0.68445	0.8374	0.622029	0.812036	0.879588	0.883495	1.00168	0.879319	0.902698	1.02679	0.967343	0.845246	0.920333	0.826437	0.877419	0.981378	0.864956	0.996593	1.03694	0.941912	0.934234	0.98129	0.988009	0.913663	0.995045	0.961124	0.890464	0.946208	0.896752	0.995974	0.922708	0.860394	0.994012	0.959093	1.04852	1.02197	0.962242	0.935149	0.949382	0.88552	0.921046	0.969628	0.927222	0.865001	0.922576	0.98384	0.964607	0.912938	1.06169	0.920065	0.881503	0.954005	1.02449	0.882266	0.902357	1.02035	0.944395	0.995495	1.03607	0.881078	0.94662	0.926305	0.946759	0.979025	0.959919	0.966247	0.90731	0.941943	0.924672	0.9759	0.881957	0.914813
SRR1524398	1.0282	1.03083	0.763002	0.390124	1.14291	0.997472	0.853716	0.482663	0.507128	1.06126	1.02895	0.6043	0.402826	1.10221	1.01542	0.747156	0	1.07824	1.03129	0.69684	0.444023	1.06488	0.753205	0.453742	1.02764	1.0223	0.808172	0.570644	1.06585	0.995336	0.754675	0.431004	1.07332	1.0009	0.633016	0.568466	1.0457	1.00431	0.726908	0.368773	1.08939	0.954042	0.632625	0.431359	1.13731	0.915022	0.74467	1.10754	0.753151	1.12865	1.09737	0.879707	0.846066	1.06629	0.855714	0.793406	1.07182	0.817262	0.739182	1.0628	0.84124	0.75011	1.132	0.91758	0.719092	1.09497	0.721579	1.0923	0.904705	0.805002	1.01471	0.883481	0.766973	0.845117	0.764839	0.898267	0.727315	1.12322	0.924287	0.900795	1.02628	1.12605	0.931456	0.78577	1.1392	1.05226	0.904214	0.915303	1.09141	1.0503	0.923819	0.872796	1.0982	0.893797	0.763098	1.11878	1.06985	0.951648	0.916083	1.07571	1.11847	0.750311	1.08047	1.03777	0.89148	0.77506	1.1295	1.09706	0.865501	1.03928	1.03709	0.899084	0.785579	1.03247	0.86529	1.07497	1.02942	0.898519	0.72188	1.01462	1.08084	0.913464	0.633936	1.07189	1.05505	0.90042	0.601424	1.07539	1.05995	0.871006	0.518471	1.07058	1.02417	0.836203	0.553011	1.07911	1.00256	0.827969	0.483284	1.04534	1.06946	0.769395	0.507319	1.10093	0.488115	1.0199	0.566948	1.08292	0.771913	0.588881	1.03686	0.748322	0.526483	1.03051	0.837332	0.461923	1.01054	0.829165	0.420487	0.978874	0.791644	1.12892	0.968336	0.766381	1.14981	1.10778	0.930238	0.729158	0.888686	0.72569	1.10865	0.67029	0.80132	1.16211	1.06545	0.776325	1.11818	1.09663	0.822639	1.13183	1.08394	0.682947	1.07132	0.70409	1.14049	1.06182	0.699929	1.1281	1.08548	0.916326	1.12435	1.0679	0.758803	1.05824	0.970694	0.855822	1.08981	1.03342	0.955676	0.760813	1.09193	1.0774	1.00436	0.835231	1.02885	0.968873	1.08204	1.13624	0.962187	0.803929	1.12054	0.847915	1.12133	1.14314	0.919873	0.818575	0.980388	0.849012	1.10584	1.06488	0.798319	1.04781	0.867796	0.844159	1.07986	0.917143	0.786045
SRR1524401	0.422383	0.390666	0.818857	1.05171	0.616574	0.357554	0.781398	1.08596	1.14122	0.372449	0.369631	0.799349	1.10037	0.340079	0.344464	0.893249	1.07824	0	0.398323	0.90942	1.09018	0.437177	0.865632	1.1078	0.438492	0.384815	0.958167	1.08338	0.461784	0.382595	0.775613	1.1009	0.426984	0.357697	0.8859	1.14803	0.333739	0.396802	0.784286	1.10008	0.291093	0.455332	0.895158	1.11871	0.817341	0.95232	1.14502	0.762419	1.11887	0.697887	0.719102	0.884231	1.21565	0.658572	0.905233	1.15203	0.720796	0.966743	1.10307	0.718135	0.937487	1.17356	0.785096	0.90966	1.10279	0.731742	1.13772	0.696423	0.798779	1.1791	0.68171	0.814654	1.1576	0.818073	1.16395	0.802178	1.1514	0.837505	1.00659	1.10608	0.661761	0.896592	0.917526	1.13571	0.826201	0.733592	1.03302	1.11101	0.768481	0.811514	0.986561	1.11565	0.774725	0.985492	1.12398	0.814634	0.820503	1.07214	1.1051	0.638517	0.850505	1.1575	0.742876	0.815467	0.86591	1.15932	0.808772	0.858926	0.800254	0.658831	0.753378	0.675557	1.13512	0.833208	0.795202	0.622946	0.75485	0.727889	1.16752	0.652978	0.631496	0.809034	1.06606	0.540375	0.51381	0.768403	1.07923	0.435785	0.503401	0.773882	1.08837	0.541459	0.397826	0.745251	1.05702	0.49011	0.402785	0.698167	1.09525	0.529195	0.498551	0.852794	1.08036	0.615875	1.09651	0.529902	1.11013	0.674816	0.703311	1.16604	0.454698	0.854272	1.12358	0.559236	0.657103	1.04023	0.454953	0.908969	1.09543	0.807469	1.08646	0.720767	0.785852	1.10526	0.729036	0.671581	0.825225	1.10913	0.848018	1.10562	0.71543	1.0832	1.17097	0.822038	0.768069	1.12009	0.700806	0.857384	1.11095	0.677273	0.752609	1.11231	0.766073	1.11851	0.709534	0.731023	1.08028	0.740802	0.773268	1.22029	0.872505	0.775464	1.12334	0.80106	0.981084	1.11348	0.773302	0.797106	0.94074	1.1085	0.841676	0.809267	0.969617	1.21326	0.776317	0.97539	0.803571	0.935273	0.962153	1.10977	0.909695	1.1176	0.857472	0.904065	1.04391	1.1468	1.04664	1.14324	0.821335	0.832637	1.15011	0.709254	1.13489	1.1275	0.859941	1.04714	1.13077
SRR1524403	0.477054	0.341796	0.77953	1.01535	0.560657	0.404146	0.723855	1.05833	1.10385	0.430159	0.307759	0.793284	1.05547	0.44534	0.306268	0.858942	1.03129	0.398323	0	0.861509	1.06232	0.342841	0.850236	1.05523	0.450483	0.368233	0.979129	1.01906	0.527033	0.436316	0.749053	1.0541	0.438496	0.371673	0.841339	1.11768	0.390193	0.372254	0.741366	1.05753	0.458455	0.362275	0.845337	1.08151	0.753664	0.911875	1.10964	0.688117	1.08497	0.711313	0.650898	0.863718	1.19135	0.613941	0.884132	1.10896	0.674687	0.938994	1.06541	0.652253	0.898502	1.14695	0.716402	0.884666	1.07034	0.66794	1.10747	0.669469	0.773007	1.1661	0.624388	0.76227	1.13922	0.791751	1.13901	0.753729	1.12019	0.823966	0.973728	1.06215	0.709352	0.853606	0.886626	1.10363	0.813919	0.771525	1.00325	1.06669	0.776619	0.779669	0.945796	1.0766	0.787475	0.95697	1.08517	0.800515	0.773267	1.02933	1.06537	0.69092	0.803261	1.11981	0.773268	0.77668	0.850375	1.12507	0.803096	0.810192	0.797159	0.738692	0.724825	0.684686	1.10363	0.774205	0.792267	0.670027	0.732459	0.721914	1.13832	0.64208	0.538921	0.788868	1.03119	0.513613	0.408618	0.666313	1.04766	0.513412	0.392415	0.720402	1.05748	0.526011	0.305707	0.665528	1.00476	0.458667	0.354754	0.610992	1.0669	0.481034	0.375079	0.772324	1.0513	0.515782	1.05732	0.438145	1.06469	0.531105	0.63197	1.13296	0.311686	0.78877	1.08177	0.386514	0.577893	0.995131	0.31166	0.860918	1.05799	0.747033	1.02813	0.717374	0.730795	1.06118	0.710144	0.668743	0.755968	1.06489	0.788457	1.0569	0.672284	1.03353	1.14285	0.762884	0.692625	1.0809	0.666304	0.74986	1.06495	0.665617	0.68234	1.0618	0.691196	1.06038	0.681603	0.648314	1.02976	0.677271	0.700254	1.18848	0.896949	0.747561	1.09571	0.790599	0.946082	1.08611	0.78149	0.785769	0.909413	1.08186	0.833989	0.787766	0.930998	1.18897	0.757803	0.93882	0.785656	0.885994	0.939335	1.07717	0.844553	1.07554	0.817379	0.849085	0.99869	1.10565	1.00713	1.10302	0.794016	0.802401	1.12098	0.626141	1.09624	1.08681	0.796787	0.999917	1.0946
