	SRR1524333	SRR1524334	SRR1524335	SRR1524359	SRR1524363	SRR1524364	SRR1524366	SRR1524368	SRR1524371	SRR1524382	SRR1524384	SRR1524386	SRR1524389	SRR1524391	SRR1524393	SRR1524395	SRR1524398	SRR1524401	SRR1524403	SRR1524405	SRR1524407	SRR1524409	SRR1524411	SRR1524413	SRR1524415	SRR1524417	SRR1524419	SRR1524421	SRR1524423	SRR1524425	SRR1524427	SRR1524429	SRR1524431	SRR1524432	SRR1524434	SRR1524437	SRR1524439	SRR1524440	SRR1524443	SRR1524446	SRR1524447	SRR1524449	SRR1524451	SRR1524452	SRR1524454	SRR1524457	SRR1524458	SRR1524459	SRR1524460	SRR1524461	SRR1524462	SRR1524463	SRR1524464	SRR1524465	SRR1524466	SRR1524467	SRR1524468	SRR1524469	SRR1524471	SRR1524472	SRR1524474	SRR1524475	SRR1524477	SRR1524479	SRR1524481	SRR1524541	SRR1524559	SRR1524560	SRR1524561	SRR1524563	SRR1524565	SRR1524568	SRR1524570	SRR1524572	SRR1524574	SRR1524577	SRR1524579	SRR1524580	SRR1524584	SRR1524589	SRR1524591	SRR1524594	SRR1524596	SRR1524598	SRR1524601	SRR1524603	SRR1524605	SRR1524607	SRR1524609	SRR1524611	SRR1524614	SRR1524615	SRR1524617	SRR1524619	SRR1524621	SRR1524623	SRR1524625	SRR1524626	SRR1524629	SRR1524631	SRR1524633	SRR1524635	SRR1524637	SRR1524639	SRR1524641	SRR1524643	SRR1524644	SRR1524646	SRR1524648	SRR1524650	SRR1524652	SRR1524654	SRR1524655	SRR1524656	SRR1524658	SRR1524660	SRR1524662	SRR1524664	SRR1524666	SRR1524676	SRR1524678	SRR1524680	SRR1524681	SRR1524683	SRR1524685	SRR1524689	SRR1524693	SRR1524695	SRR1524697	SRR1524698	SRR1524699	SRR1524700	SRR1524701	SRR1524703	SRR1524704	SRR1524705	SRR1524707	SRR1524709	SRR1524711	SRR1524713	SRR1524715	SRR1524717	SRR1524719	SRR1524720	SRR1524725	SRR1524727	SRR1524729	SRR1524731	SRR1524733	SRR1524735	SRR1524737	SRR1524739	SRR1524741	SRR1524742	SRR1524744	SRR1524746	SRR1524748	SRR1524750	SRR1524753	SRR1524756	SRR1524758	SRR1524760	SRR1524762	SRR1524763	SRR1524764	SRR1524766	SRR1524767	SRR1524768	SRR1524769	SRR1524770	SRR1524771	SRR1524772	SRR1524773	SRR1524774	SRR1524775	SRR1524776	SRR1524777	SRR1524778	SRR1524779	SRR1524780	SRR1524781	SRR1524782	SRR1524783	SRR1524784	SRR1524785	SRR1524786	SRR1524787	SRR1524788	SRR1524789	SRR1524790	SRR1524791	SRR1524792	SRR1524793	SRR1524794	SRR1524795	SRR1524796	SRR1524797	SRR1524798	SRR1524799	SRR1524800	SRR1524801	SRR1524802	SRR1524803	SRR1524804	SRR1524805	SRR1524806	SRR1524807	SRR1524808	SRR1524809	SRR1524810	SRR1524811	SRR1524812	SRR1524813	SRR1524814	SRR1524815	SRR1524816	SRR1524817	SRR1524818	SRR1524819	SRR1524820	SRR1524821	SRR1524822	SRR1524823	SRR1524824	SRR1524825	SRR1524826	SRR1524827
SRR1524333	0	0.605336	1.07764	1.29585	0.755273	0.595886	0.990412	1.33048	1.35759	0.674698	0.550581	1.0661	1.32502	0.637321	0.593115	1.16007	1.31826	0.572256	0.577497	1.17049	1.32371	0.59308	1.0956	1.3346	0.573771	0.594858	1.08944	1.30441	0.597073	0.588094	1.03158	1.33454	0.626724	0.577989	1.14052	1.36205	0.52955	0.671344	1.04507	1.33197	0.570207	0.60087	1.15702	1.34426	1.04464	1.25782	1.37937	1.01616	1.36311	1.01225	0.993542	1.19555	1.39633	0.957861	1.22356	1.37235	1.00842	1.27024	1.35284	1.01154	1.24661	1.38744	1.00551	1.2411	1.3639	0.990623	1.37146	0.980071	1.11533	1.38416	0.969124	1.1203	1.37583	1.13765	1.38193	1.10562	1.37761	1.11675	1.29478	1.34503	0.962339	1.12862	1.24757	1.37295	1.10609	1.09885	1.32158	1.34237	1.11251	1.11064	1.28634	1.35261	1.1074	1.29429	1.36302	1.09978	1.10064	1.32102	1.33751	0.860042	1.10732	1.37867	1.10429	1.12124	1.17922	1.37461	1.10458	1.11744	1.0822	0.888741	1.10423	0.918295	1.36422	1.12038	1.06186	0.863284	1.10568	1.00004	1.3801	0.829957	0.750999	1.07212	1.30871	0.685955	0.627452	0.940437	1.31819	0.659048	0.625776	0.993436	1.32186	0.70309	0.534063	0.937322	1.28642	0.637999	0.553251	0.897916	1.33164	0.64457	0.606315	1.08791	1.32141	0.747957	1.32144	0.672277	1.33262	0.739047	0.885765	1.37009	0.577771	1.09017	1.34194	0.638351	0.859452	1.28333	0.546409	1.1608	1.32674	1.0867	1.34024	1.02864	1.07703	1.35395	1.01159	0.987169	1.11445	1.36498	1.14857	1.3568	0.980647	1.34427	1.38122	1.02027	1.01461	1.36639	0.959072	1.07739	1.35209	0.985944	1.02188	1.3619	1.02845	1.36269	0.973011	0.995045	1.34295	0.987782	1.03869	1.39411	1.1933	1.09673	1.36805	1.13688	1.26393	1.35908	1.10606	1.13601	1.25368	1.36364	1.14743	1.12197	1.25001	1.3965	1.11699	1.26509	1.10269	1.13062	1.27121	1.36077	1.13688	1.35789	1.10932	1.12039	1.31155	1.37497	1.30479	1.36623	1.10803	1.15257	1.37554	0.927035	1.3643	1.35896	1.13535	1.3162	1.3669
SRR1524334	0.605336	0	1.02024	1.26031	0.65458	0.385597	0.905076	1.29428	1.32326	0.629048	0.52272	1.02377	1.28843	0.602547	0.458893	1.13431	1.28687	0.513445	0.457348	1.15957	1.30552	0.375969	1.05167	1.28648	0.60475	0.377918	1.02694	1.24654	0.538748	0.441456	0.95946	1.29044	0.645593	0.539807	1.09288	1.33971	0.587259	0.514339	1.00411	1.29227	0.580967	0.530269	1.09692	1.30803	0.957343	1.2359	1.36366	0.928967	1.3484	0.944988	0.902302	1.15899	1.39106	0.92036	1.20094	1.36568	0.969796	1.25649	1.34163	0.952355	1.2157	1.37863	0.914228	1.1999	1.34916	0.915261	1.368	0.912832	1.05222	1.38227	0.949526	1.06778	1.37411	1.11364	1.37751	1.07177	1.37098	1.06944	1.27635	1.32013	0.959128	1.08582	1.20444	1.352	1.06065	1.06238	1.29967	1.3253	1.0921	1.0816	1.2591	1.33005	1.0866	1.27592	1.34507	1.071	1.06735	1.3104	1.32373	0.879614	1.04412	1.35595	1.08237	1.06271	1.15946	1.3531	1.05399	1.06382	1.07913	0.917107	1.07738	0.933375	1.34998	1.08937	1.07335	0.890249	1.06872	1.0025	1.36075	0.82033	0.552475	0.997055	1.26116	0.654095	0.471428	0.835643	1.27443	0.525991	0.451556	0.931456	1.29162	0.656124	0.498812	0.878581	1.24661	0.62504	0.575043	0.817758	1.30108	0.627818	0.501945	1.0401	1.29593	0.523409	1.27806	0.480023	1.28135	0.591901	0.820891	1.3412	0.507232	1.03524	1.30442	0.534151	0.755712	1.24729	0.451234	1.13842	1.30024	1.00681	1.30327	0.978764	0.973778	1.31931	0.929184	0.887376	1.03859	1.34304	1.09655	1.3319	0.948696	1.31865	1.37373	0.969447	0.905717	1.35217	0.919275	0.98031	1.33549	0.903642	0.918634	1.34326	0.948307	1.33871	0.934605	0.94174	1.32922	0.945821	0.980339	1.38395	1.18358	1.04581	1.34963	1.09452	1.23045	1.34439	1.06902	1.09865	1.22824	1.34752	1.14216	1.10301	1.226	1.38717	1.10067	1.24711	1.09419	1.10273	1.25364	1.34278	1.07819	1.33331	1.08363	1.06493	1.28324	1.35158	1.27785	1.34603	1.09342	1.1173	1.35928	0.887851	1.34729	1.33973	1.10348	1.29105	1.34349
SRR1524335	1.07764	1.02024	0	0.923409	1.1056	1.03678	0.700934	1.06649	1.13114	1.052	1.04559	0.789738	1.0299	1.08792	1.04527	0.886962	1.03704	1.08368	1.04631	0.810568	1.09972	1.04105	0.830623	1.00106	0.995566	1.02339	0.862466	0.946743	1.0282	1.00885	0.702477	1.00303	1.04683	1.01616	0.765516	1.16737	1.01356	1.07342	0.785727	1.00807	1.08446	0.997651	0.763941	1.08105	1.22914	1.22383	1.27465	1.21462	1.25995	1.23629	1.20838	1.17144	1.32951	1.21201	1.19743	1.27782	1.22471	1.24938	1.24614	1.21502	1.19903	1.31427	1.21746	1.18455	1.25706	1.20411	1.27723	1.21468	1.16351	1.30984	1.20008	1.1593	1.29879	1.1827	1.31329	1.16579	1.27963	1.24415	1.23649	1.25711	1.19265	1.24063	1.22237	1.28849	1.24529	1.24424	1.26699	1.26796	1.25052	1.22773	1.24373	1.26686	1.25441	1.23728	1.26653	1.24393	1.23119	1.25443	1.27023	1.14986	1.2425	1.28277	1.2473	1.22609	1.18565	1.28224	1.24187	1.23932	1.17005	1.13905	1.2477	1.11136	1.27263	1.22745	1.15048	1.15775	1.23717	1.14103	1.27686	1.09107	1.01639	0.914711	1.01584	1.04156	0.972486	0.829576	1.01547	1.06129	0.993523	0.775575	1.04582	1.02547	1.0344	0.743797	0.921569	1.0619	1.02251	0.777076	1.10126	1.00638	1.03966	0.764411	1.05475	1.08777	1.01088	0.965339	1.02054	1.02416	0.824932	1.16812	1.0326	0.827079	1.0614	0.991323	0.811146	0.901926	0.978369	0.952152	1.04664	1.15329	1.19796	1.24828	1.17291	1.21786	1.2415	1.20686	1.16559	1.24757	1.18351	1.21992	1.2289	1.22662	1.3132	1.23226	1.19288	1.26924	1.2113	1.20744	1.25609	1.22434	1.20445	1.24023	1.20291	1.23127	1.22312	1.20436	1.2335	1.22275	1.2221	1.34253	1.28566	1.24011	1.28004	1.23825	1.22089	1.28723	1.23915	1.23947	1.22612	1.27175	1.26166	1.24655	1.23943	1.33839	1.24313	1.24171	1.23102	1.23643	1.25149	1.27262	1.24722	1.26631	1.22812	1.2406	1.23631	1.28758	1.2448	1.28624	1.24081	1.25561	1.30104	1.14158	1.29775	1.27714	1.24161	1.24997	1.27305
SRR1524359	1.29585	1.26031	0.923409	0	1.31139	1.27509	0.943115	0.685906	0.850864	1.26965	1.28221	0.786177	0.685558	1.32235	1.28365	0.927342	0.627763	1.3126	1.28169	0.854842	0.824078	1.27871	0.978782	0.583048	1.21501	1.27003	1.04274	0.638839	1.26971	1.26938	0.884402	0.698397	1.2722	1.25846	0.847413	0.878986	1.26409	1.2855	0.958217	0.668826	1.31829	1.22669	0.892711	0.723049	1.34762	1.23854	1.08417	1.3467	1.09372	1.36262	1.34511	1.23209	1.13957	1.34913	1.21466	1.14534	1.3431	1.20468	1.13114	1.34074	1.20144	1.14566	1.34968	1.25876	1.09017	1.34208	1.06461	1.35215	1.24922	1.13401	1.33229	1.23106	1.10433	1.22128	1.16006	1.24235	1.09106	1.33275	1.23593	1.17646	1.31741	1.32505	1.25689	1.15178	1.33799	1.33392	1.22022	1.19639	1.3329	1.30828	1.23878	1.17034	1.33614	1.23868	1.15233	1.32832	1.30847	1.23623	1.19379	1.30368	1.33094	1.11797	1.32916	1.30878	1.22645	1.1368	1.33585	1.31659	1.23345	1.31667	1.33369	1.22908	1.12391	1.29529	1.196	1.31893	1.32343	1.21611	1.0879	1.24177	1.22866	1.08231	0.863496	1.25359	1.22404	1.01247	0.793196	1.28695	1.2535	0.970946	0.801021	1.25073	1.27495	0.929503	0.686492	1.26576	1.26092	0.992373	0.79783	1.22304	1.27481	0.889867	0.747959	1.29061	0.681189	1.20953	0.765503	1.23566	0.920266	0.882047	1.26598	0.902807	0.781414	1.22563	1.02198	0.635458	1.23736	0.984093	0.749547	1.25961	1.1209	1.36191	1.26878	1.10443	1.36688	1.35114	1.23619	1.13134	1.23525	1.12445	1.34782	1.10566	1.17122	1.34472	1.32051	1.1287	1.3462	1.32479	1.16602	1.36149	1.33961	1.09384	1.32133	1.10101	1.35325	1.33242	1.11629	1.35003	1.33713	1.26916	1.34693	1.32961	1.1403	1.31137	1.22678	1.18118	1.32535	1.30893	1.23825	1.13891	1.32732	1.32493	1.25262	1.19898	1.3119	1.23685	1.30527	1.30751	1.24195	1.14881	1.32529	1.16523	1.31277	1.32494	1.20963	1.17163	1.24038	1.16972	1.32345	1.32689	1.17272	1.27846	1.20956	1.17657	1.31924	1.22231	1.17179
SRR1524363	0.755273	0.65458	1.1056	1.31139	0	0.664968	1.01864	1.33788	1.36359	0.657939	0.679174	1.11036	1.33689	0.583523	0.689102	1.18146	1.32736	0.655344	0.632254	1.19977	1.34033	0.710675	1.15475	1.34149	0.788095	0.728219	1.1452	1.31541	0.777896	0.766984	1.08665	1.3388	0.643732	0.729819	1.16934	1.36866	0.719932	0.699833	1.06918	1.34097	0.678329	0.760003	1.18064	1.35495	0.931647	1.24348	1.37655	0.941234	1.36472	0.95289	0.946792	1.19729	1.3975	0.945704	1.22023	1.37235	0.9532	1.25475	1.35166	0.970969	1.24756	1.38823	0.904155	1.1923	1.36361	0.939426	1.37922	0.92364	1.10473	1.38741	0.978761	1.12006	1.38301	1.15165	1.38399	1.10794	1.38097	1.03001	1.28659	1.33414	1.00978	1.04839	1.22894	1.36622	1.05069	1.08998	1.3107	1.33215	1.03762	1.05065	1.26384	1.33866	1.03527	1.28126	1.35993	1.01583	1.04122	1.3148	1.32784	0.957345	1.03632	1.3743	1.05889	1.08168	1.18933	1.37021	1.04622	1.0458	1.14189	1.022	1.08898	1.00423	1.36215	1.08279	1.12556	0.956796	1.08674	1.05974	1.37958	0.903621	0.537116	1.06137	1.31023	0.623898	0.627926	0.952715	1.32765	0.658805	0.638579	1.03872	1.334	0.588418	0.69103	1.00375	1.2995	0.571363	0.774459	0.929041	1.34138	0.654774	0.506526	1.10922	1.3337	0.511069	1.33297	0.570894	1.34039	0.597074	0.995451	1.37465	0.655368	1.13566	1.3481	0.595926	0.874545	1.29508	0.652114	1.19552	1.33889	1.0525	1.33231	0.951347	1.0354	1.34781	0.953789	0.908685	1.10817	1.35884	1.14886	1.35001	0.925658	1.34547	1.385	0.88783	0.93507	1.35893	0.879864	0.999595	1.35064	0.925349	0.941895	1.36285	0.944715	1.35963	0.885525	0.934907	1.34194	0.92987	0.968041	1.39071	1.13116	1.05972	1.36542	1.07232	1.23841	1.35366	1.07596	1.07398	1.23741	1.3596	1.10004	1.05879	1.20534	1.39536	1.08305	1.23991	1.07516	1.04221	1.2336	1.35263	1.06315	1.35035	1.05702	1.02651	1.30058	1.36876	1.27965	1.36129	1.05368	1.08283	1.37094	0.917849	1.36002	1.35395	1.08886	1.30419	1.36131
SRR1524364	0.595886	0.385597	1.03678	1.27509	0.664968	0	0.919522	1.30408	1.32331	0.612357	0.52316	1.02049	1.29412	0.499838	0.477896	1.13346	1.29328	0.425041	0.476708	1.16896	1.31095	0.487029	1.05947	1.30576	0.6257	0.422407	1.0416	1.27396	0.561755	0.43272	0.968537	1.30165	0.642931	0.539393	1.10649	1.34243	0.566131	0.536296	1.01755	1.30404	0.511369	0.564384	1.11314	1.31969	1.0138	1.24352	1.35993	0.986041	1.34979	0.987494	0.960285	1.16907	1.38494	0.954573	1.20963	1.36252	1.00512	1.26116	1.34405	0.995807	1.22438	1.37526	0.974684	1.21537	1.35278	0.965534	1.36482	0.955169	1.06827	1.37806	0.970677	1.09407	1.37205	1.12802	1.37529	1.09242	1.37419	1.09259	1.28242	1.3257	0.939105	1.10985	1.21396	1.35166	1.08836	1.06481	1.30271	1.33213	1.10391	1.09474	1.26843	1.3357	1.09527	1.28397	1.34528	1.08963	1.08654	1.31788	1.32898	0.877133	1.07882	1.35453	1.08907	1.08074	1.15754	1.35031	1.07947	1.08912	1.06477	0.893854	1.09548	0.916387	1.34751	1.11179	1.06733	0.893255	1.08643	0.993908	1.35765	0.837871	0.639906	0.989717	1.27335	0.678402	0.53275	0.869203	1.28654	0.524187	0.541145	0.932425	1.29819	0.67071	0.509157	0.901217	1.25578	0.62533	0.591964	0.825135	1.30654	0.674844	0.53569	1.06667	1.3059	0.618755	1.29337	0.505835	1.29715	0.681882	0.831868	1.34422	0.53903	1.05669	1.31093	0.599345	0.762644	1.25699	0.498961	1.1513	1.30827	1.03163	1.31464	1.01791	1.01112	1.32662	0.985438	0.922547	1.06261	1.34479	1.11714	1.33375	0.994062	1.32484	1.37344	1.02123	0.972675	1.35182	0.963714	1.03643	1.34267	0.95624	0.977147	1.34648	0.988533	1.34472	0.979207	0.984833	1.33433	1.0006	1.02336	1.38174	1.1901	1.07288	1.35108	1.10484	1.24315	1.35011	1.08777	1.11139	1.23516	1.34917	1.15447	1.11572	1.23971	1.38541	1.1122	1.25605	1.10857	1.12592	1.26117	1.34288	1.11364	1.33803	1.10825	1.0953	1.29317	1.35285	1.28662	1.34782	1.1128	1.13154	1.35701	0.915522	1.34937	1.34218	1.12959	1.29754	1.34614
SRR1524366	0.990412	0.905076	0.700934	0.943115	1.01864	0.919522	0	1.07695	1.12634	0.975768	0.970526	0.790144	1.0708	0.99523	0.9621	0.838472	1.04002	0.983539	0.948576	0.776718	1.09635	0.938168	0.852637	1.02552	0.927015	0.929037	0.887885	0.961343	0.954139	0.907035	0.719646	1.05351	0.978211	0.935682	0.813918	1.18358	0.946983	0.97578	0.79054	1.04621	0.986466	0.9077	0.818779	1.12089	1.13358	1.1713	1.25116	1.12651	1.21696	1.15113	1.11323	1.0843	1.28807	1.12329	1.13364	1.2308	1.13554	1.19163	1.20479	1.12107	1.14435	1.28731	1.12565	1.13924	1.22611	1.11495	1.25122	1.12324	1.0729	1.26118	1.1079	1.06739	1.26334	1.11384	1.28615	1.07267	1.23595	1.17645	1.1769	1.21539	1.12399	1.17351	1.16263	1.25202	1.18543	1.1852	1.20441	1.19865	1.19446	1.16366	1.18087	1.22299	1.19649	1.17572	1.23835	1.17761	1.16258	1.20374	1.21039	1.09428	1.17079	1.25811	1.18898	1.16239	1.13275	1.26301	1.17616	1.16902	1.11918	1.10744	1.19104	1.05858	1.22995	1.15804	1.10618	1.10183	1.1782	1.07244	1.24596	1.03438	0.91296	0.832014	1.04897	0.959022	0.888516	0.703364	1.04242	0.958856	0.900671	0.636159	1.07041	0.958131	0.957863	0.674413	0.947374	0.975602	0.958721	0.733116	1.12925	0.936597	0.955214	0.738062	1.07	0.984362	1.06973	0.863593	1.05666	0.940932	0.752688	1.17387	0.957223	0.787859	1.10118	0.91366	0.767402	0.94133	0.902937	0.861959	1.09117	1.06953	1.15743	1.16785	1.07422	1.18507	1.15943	1.11318	1.06301	1.19729	1.09514	1.18281	1.14586	1.19267	1.27587	1.15273	1.09279	1.23112	1.12739	1.12272	1.20629	1.13675	1.11271	1.19025	1.12124	1.19664	1.14033	1.11601	1.19653	1.14181	1.13443	1.30888	1.23869	1.1731	1.23903	1.17427	1.15623	1.22425	1.17409	1.17062	1.15107	1.22866	1.20754	1.18931	1.17082	1.31103	1.18201	1.17504	1.16485	1.16928	1.18583	1.22443	1.17446	1.23339	1.15827	1.17039	1.17097	1.25112	1.18593	1.24659	1.17878	1.20057	1.27118	1.07061	1.26094	1.22996	1.18394	1.19734	1.23981
SRR1524368	1.33048	1.29428	1.06649	0.685906	1.33788	1.30408	1.07695	0	0.713551	1.3192	1.31282	0.884299	0.704465	1.34457	1.3151	1.09557	0.729824	1.34125	1.31993	1.01276	0.648017	1.31565	1.09766	0.807949	1.31113	1.31086	1.12747	0.850754	1.32685	1.29895	1.07046	0.716887	1.32426	1.29686	0.981489	0.772621	1.32181	1.31279	1.04383	0.63273	1.34487	1.29103	0.967553	0.657625	1.35568	1.26723	1.08006	1.35857	1.04976	1.37614	1.35941	1.25045	1.1054	1.36246	1.16731	1.07821	1.35389	1.18087	1.10322	1.35386	1.20761	1.11344	1.3631	1.2792	1.08391	1.35919	1.03483	1.36534	1.23492	1.09949	1.34677	1.24072	1.04188	1.2073	1.08976	1.23736	1.01956	1.3539	1.30447	1.20492	1.34495	1.34972	1.28496	1.12087	1.36122	1.35849	1.27902	1.24464	1.3583	1.33514	1.2832	1.19136	1.35738	1.28507	1.17184	1.35432	1.34041	1.30233	1.2196	1.34287	1.35044	1.127	1.35441	1.33433	1.2605	1.13311	1.3617	1.34145	1.26984	1.35285	1.35334	1.27805	1.15542	1.32735	1.25527	1.35026	1.34881	1.26611	1.1094	1.27328	1.28909	1.12488	0.684233	1.31524	1.2905	1.14442	0.638142	1.32914	1.30659	1.14875	0.771041	1.31538	1.31416	1.09872	0.758106	1.32438	1.31006	1.08805	0.879537	1.30072	1.31407	1.02475	0.77822	1.31622	0.76916	1.27045	0.635787	1.28892	1.0968	0.902475	1.30721	0.984285	0.725283	1.28373	1.06228	0.783582	1.28591	1.12884	0.757373	1.25807	1.07308	1.3723	1.26843	1.0453	1.37951	1.35992	1.22876	1.10387	1.23412	1.1062	1.36564	1.08924	1.02665	1.36218	1.31785	1.04962	1.3639	1.34034	1.05852	1.37467	1.34387	1.06361	1.32976	1.02333	1.36626	1.34412	1.1163	1.36802	1.34428	1.2168	1.36451	1.35015	1.12793	1.33773	1.26015	1.19483	1.35485	1.33948	1.28636	1.17483	1.3492	1.34862	1.28477	1.15531	1.34382	1.2816	1.34571	1.33576	1.2833	1.14768	1.34427	1.18888	1.34625	1.34468	1.26289	1.14897	1.25002	1.18265	1.35094	1.33939	1.17212	1.31559	1.26217	1.19252	1.34239	1.26535	1.1686
SRR1524371	1.35759	1.32326	1.13114	0.850864	1.36359	1.32331	1.12634	0.713551	0	1.35118	1.33031	0.946316	0.659578	1.36643	1.329	1.16631	0.803363	1.36542	1.33691	1.11059	0.804954	1.34103	1.12623	0.897298	1.34947	1.33644	1.18895	0.914195	1.36087	1.32349	1.12577	0.694451	1.35442	1.31817	1.03581	0.806334	1.35338	1.32598	1.11869	0.785045	1.3689	1.31754	0.999566	0.768387	1.37437	1.27378	1.03661	1.37592	1.05066	1.39391	1.37458	1.24855	0.927401	1.3771	1.20087	1.07028	1.36845	1.17737	1.09403	1.36745	1.20282	1.04049	1.38073	1.28446	1.08764	1.37351	1.02867	1.38186	1.22737	0.904273	1.36011	1.23116	0.956494	1.21517	1.08621	1.24793	1.06553	1.37553	1.31123	1.20103	1.37022	1.37072	1.28538	1.12022	1.38198	1.37303	1.29683	1.23357	1.37899	1.34921	1.28179	1.17994	1.37825	1.30183	1.16979	1.37713	1.35511	1.31622	1.2336	1.36939	1.36241	1.11836	1.37577	1.34364	1.28439	1.12013	1.38327	1.352	1.27904	1.37189	1.36347	1.29923	1.12204	1.33449	1.2894	1.3725	1.3586	1.2946	1.05795	1.30148	1.32939	1.14745	0.832644	1.35161	1.32288	1.20089	0.769459	1.35822	1.33609	1.20458	0.627234	1.34862	1.33549	1.14225	0.835627	1.35605	1.33019	1.10451	0.919931	1.34386	1.33403	1.08512	0.836595	1.33607	0.864561	1.29885	0.752327	1.3195	1.14391	0.729552	1.32776	1.04358	0.75718	1.31013	1.09651	0.922	1.31151	1.19193	0.863675	1.27632	1.10854	1.38876	1.28211	1.05504	1.39556	1.37493	1.22503	0.995996	1.2175	1.0382	1.38449	1.06077	1.07591	1.38246	1.33712	1.0486	1.38459	1.3533	1.12617	1.39215	1.36083	0.944195	1.33913	1.01055	1.38598	1.35409	1.09969	1.38646	1.35796	1.2331	1.3832	1.36337	1.14569	1.3539	1.27108	1.23567	1.37704	1.35999	1.29646	1.13231	1.36917	1.36437	1.31041	1.06879	1.35885	1.29745	1.36917	1.35432	1.30232	1.15451	1.35071	1.17959	1.3673	1.35729	1.273	1.14071	1.25921	1.13451	1.37246	1.35514	1.14909	1.32607	1.25069	1.19614	1.35416	1.27615	1.17429
SRR1524382	0.674698	0.629048	1.052	1.26965	0.657939	0.612357	0.975768	1.3192	1.35118	0	0.568064	1.03057	1.31147	0.627456	0.527633	1.13364	1.29825	0.475457	0.577509	1.13491	1.31916	0.683851	1.09859	1.31222	0.576951	0.616571	1.08962	1.28536	0.697774	0.665775	1.02146	1.31384	0.452812	0.53697	1.11563	1.3523	0.525083	0.573899	1.00969	1.31209	0.59508	0.651414	1.1188	1.33665	1.00257	1.24185	1.3782	0.996829	1.36736	0.973389	0.989428	1.18696	1.39598	0.969737	1.22127	1.36887	0.956332	1.25318	1.35501	0.981069	1.23718	1.38566	0.996975	1.16562	1.36732	0.986334	1.37897	0.966422	1.10445	1.38892	0.992101	1.11843	1.38179	1.15075	1.38503	1.11362	1.37735	1.05018	1.26837	1.3265	0.96723	1.07136	1.21824	1.35635	1.065	1.06105	1.28341	1.32104	1.00636	1.04065	1.24424	1.32791	1.01718	1.26419	1.34468	1.0165	1.043	1.29403	1.30788	0.904789	1.07189	1.36313	1.04386	1.08687	1.16878	1.35665	1.06777	1.07116	1.09189	0.914513	1.07275	0.900169	1.34666	1.07678	1.05732	0.872193	1.067	0.996003	1.37017	0.840836	0.674741	0.995372	1.29748	0.538423	0.664857	0.932175	1.30933	0.662481	0.65001	0.97238	1.30675	0.517464	0.599845	0.927962	1.25954	0.600616	0.600428	0.869352	1.32209	0.559037	0.587991	1.04323	1.30799	0.711421	1.30912	0.68101	1.32108	0.743398	0.919795	1.36089	0.610415	1.072	1.32476	0.617716	0.79832	1.25211	0.637068	1.13653	1.31694	1.08374	1.33663	0.957494	1.04783	1.35369	1.00997	0.961157	1.11439	1.36166	1.15079	1.34839	0.923356	1.34447	1.38574	0.949132	1.00827	1.36324	0.911297	1.0502	1.35185	0.97006	0.977088	1.36061	0.94659	1.35617	0.92481	0.960561	1.3412	0.961571	0.981609	1.38972	1.08928	1.05741	1.35441	1.05497	1.22377	1.34317	1.05803	1.06098	1.22031	1.34682	1.07018	1.03719	1.19629	1.39243	1.03473	1.21089	1.03541	1.06261	1.19204	1.3396	1.08941	1.34145	1.05134	1.06224	1.28746	1.35875	1.26602	1.34853	1.03682	1.07179	1.35933	0.868774	1.34647	1.33712	1.0831	1.28371	1.34887
SRR1524384	0.550581	0.52272	1.04559	1.28221	0.679174	0.52316	0.970526	1.31282	1.33031	0.568064	0	1.02699	1.29719	0.569363	0.366628	1.1302	1.29586	0.50085	0.410322	1.14854	1.31371	0.509847	1.07537	1.31154	0.545224	0.507128	1.05142	1.28026	0.671729	0.527328	0.994563	1.30517	0.554588	0.427345	1.09012	1.34453	0.472716	0.537679	0.985331	1.30592	0.565352	0.473664	1.09776	1.31929	1.02015	1.2462	1.36795	0.99472	1.358	1.02626	0.980244	1.1812	1.3902	0.930367	1.20489	1.36584	0.961782	1.2483	1.348	0.973322	1.226	1.37915	0.990348	1.21291	1.35816	0.981346	1.37329	0.977488	1.08027	1.38449	0.940017	1.08414	1.37332	1.11884	1.37844	1.08006	1.37524	1.11288	1.28862	1.33435	0.967026	1.1136	1.23291	1.35941	1.10779	1.11633	1.3116	1.33417	1.09366	1.08158	1.26539	1.33601	1.08954	1.27916	1.35243	1.08532	1.07743	1.3118	1.32731	0.861013	1.09945	1.36791	1.10243	1.1085	1.1701	1.36449	1.11447	1.09891	1.06273	0.878238	1.08184	0.876546	1.35458	1.08823	1.05263	0.862421	1.08689	0.9905	1.36689	0.838689	0.699706	1.03041	1.28198	0.653376	0.575375	0.898565	1.29886	0.695711	0.569367	0.969171	1.3013	0.659641	0.367806	0.877396	1.25304	0.605598	0.40133	0.812803	1.31263	0.616326	0.497598	1.03294	1.31102	0.68174	1.3026	0.601836	1.30631	0.65334	0.842992	1.35146	0.391922	1.03148	1.31117	0.464124	0.75894	1.25902	0.420409	1.1349	1.31205	1.0684	1.32191	1.00399	1.04732	1.3364	1.02008	0.970473	1.08015	1.35154	1.11258	1.33582	0.945166	1.32921	1.37827	0.972173	0.977317	1.35951	0.934397	1.03636	1.3445	0.987234	0.979333	1.34854	0.961931	1.3445	0.936581	0.932216	1.3384	0.9527	0.983491	1.38346	1.17914	1.08423	1.35828	1.11626	1.24645	1.35457	1.1136	1.11644	1.23639	1.35867	1.13198	1.0914	1.22463	1.38929	1.08423	1.24356	1.08958	1.09991	1.24455	1.34718	1.10909	1.34601	1.09288	1.09238	1.29682	1.35861	1.278	1.3511	1.08167	1.1083	1.36422	0.849984	1.34699	1.34567	1.09887	1.29517	1.35469
SRR1524386	1.0661	1.02377	0.789738	0.786177	1.11036	1.02049	0.790144	0.884299	0.946316	1.03057	1.02699	0	0.810377	1.0698	1.02045	0.882145	0.837807	1.0444	1.03708	0.785615	0.916286	1.05032	0.88614	0.967771	1.00414	1.03152	0.909789	0.939689	1.05142	0.995448	0.812336	0.873095	1.05062	0.998758	0.772286	0.932277	1.0163	1.04313	0.798484	0.882513	1.05957	0.985444	0.802251	0.936393	1.22668	1.20269	1.12989	1.21798	1.12872	1.22859	1.20793	1.15414	1.11209	1.2001	1.11589	1.13883	1.20797	1.18101	1.14364	1.20504	1.17562	1.12712	1.2149	1.18397	1.13906	1.20387	1.11866	1.20607	1.13417	1.08942	1.17921	1.13225	1.05641	1.10416	1.13929	1.12526	1.11145	1.23106	1.20937	1.20516	1.16029	1.22834	1.19453	1.19393	1.23449	1.21923	1.22701	1.21116	1.2243	1.20323	1.2032	1.17915	1.22951	1.19696	1.19089	1.22213	1.207	1.2286	1.20135	1.13171	1.22846	1.1709	1.22189	1.21133	1.14849	1.17703	1.23204	1.22206	1.13304	1.11969	1.22976	1.05575	1.11989	1.20094	1.10773	1.15648	1.21896	1.08443	1.14645	1.05533	1.04659	0.972831	0.978556	1.05188	1.01949	0.907376	0.91973	1.07125	1.02525	0.859724	0.935093	1.04704	1.02644	0.817345	0.814079	1.06331	1.01144	0.841869	0.963153	1.02537	1.05387	0.822231	0.921562	1.09919	0.926469	1.00068	0.938167	1.06247	0.842513	1.01982	1.03548	0.828179	0.896594	1.01431	0.840486	0.819659	1.0058	0.966733	0.884133	1.15629	1.16547	1.22853	1.16095	1.15229	1.2381	1.20118	1.13491	1.12805	1.15205	1.11693	1.20711	1.133	1.17693	1.21624	1.18916	1.14994	1.19694	1.21181	1.19097	1.21455	1.19861	1.11346	1.18715	1.11146	1.20339	1.19061	1.13299	1.21213	1.20758	1.28011	1.25723	1.21894	1.19005	1.21404	1.19022	1.21834	1.21903	1.21444	1.18888	1.17311	1.23651	1.22189	1.20137	1.18686	1.20723	1.19778	1.20544	1.21887	1.18943	1.16957	1.23069	1.19687	1.20964	1.22663	1.20556	1.21583	1.21427	1.19457	1.21217	1.22841	1.17933	1.12316	1.24258	1.19171	1.22415	1.21039	1.20724
SRR1524389	1.32502	1.28843	1.0299	0.685558	1.33689	1.29412	1.0708	0.704465	0.659578	1.31147	1.29719	0.810377	0	1.34307	1.29967	1.11394	0.667793	1.33821	1.30369	1.0422	0.771033	1.30694	1.03365	0.797174	1.28726	1.29624	1.11963	0.818233	1.31449	1.30048	1.03808	0.597167	1.30957	1.28046	0.944288	0.66731	1.30536	1.30129	1.04408	0.66315	1.3427	1.27134	0.930648	0.667941	1.36277	1.2539	1.04552	1.36013	1.06697	1.37988	1.35934	1.24759	1.00265	1.36177	1.18611	1.05198	1.35458	1.19337	1.09231	1.35318	1.19846	1.05935	1.36599	1.27283	1.08831	1.35641	1.03318	1.36563	1.24712	0.993201	1.34625	1.22001	0.915118	1.20419	1.10886	1.24768	1.08772	1.36075	1.29412	1.19798	1.3475	1.35271	1.27973	1.14484	1.36525	1.35548	1.28543	1.23306	1.36327	1.33377	1.27082	1.1652	1.36412	1.28896	1.163	1.36096	1.33825	1.2998	1.2346	1.33937	1.35177	1.10415	1.3617	1.32436	1.25777	1.12417	1.36839	1.34127	1.25471	1.3392	1.34795	1.2619	1.08664	1.31984	1.24887	1.34466	1.3427	1.2591	1.05521	1.2707	1.28859	1.14484	0.879481	1.30995	1.27581	1.13084	0.784837	1.32394	1.29459	1.13623	0.744376	1.30591	1.29892	1.05779	0.674201	1.31394	1.2872	1.04355	0.819517	1.29529	1.29895	1.00637	0.834073	1.31149	0.717203	1.25755	0.710425	1.27146	1.05802	0.742196	1.29089	0.968635	0.590053	1.26294	1.0559	0.788474	1.26451	1.14919	0.721768	1.26245	1.10952	1.37723	1.26756	1.08551	1.38255	1.36213	1.225	1.03391	1.20607	0.994464	1.36753	1.0688	1.11793	1.36653	1.33019	1.09141	1.3648	1.33671	1.15328	1.37808	1.35013	0.987019	1.32456	0.98019	1.37071	1.34024	1.0841	1.36783	1.34516	1.25656	1.37155	1.34938	1.16036	1.33856	1.27125	1.24134	1.36067	1.34544	1.2919	1.13796	1.35861	1.35076	1.29307	1.07434	1.34329	1.2775	1.34761	1.33593	1.28673	1.16633	1.33795	1.17011	1.35122	1.34381	1.25759	1.16339	1.27103	1.15062	1.356	1.34236	1.11127	1.29973	1.23801	1.19312	1.33454	1.2494	1.17258
SRR1524391	0.637321	0.602547	1.08792	1.32235	0.583523	0.499838	0.99523	1.34457	1.36643	0.627456	0.569363	1.0698	1.34307	0	0.581693	1.15844	1.33425	0.450274	0.561356	1.19092	1.34258	0.674525	1.1309	1.3572	0.713058	0.654947	1.09835	1.33268	0.709505	0.604965	1.05538	1.34951	0.613435	0.585149	1.15169	1.37154	0.558472	0.615493	1.05	1.34863	0.439842	0.692288	1.17204	1.36202	1.04674	1.27072	1.38539	1.02829	1.37604	1.02348	1.01138	1.20605	1.40147	0.981071	1.22696	1.38469	1.01842	1.28005	1.36478	1.02881	1.2647	1.39282	1.00613	1.23843	1.37488	1.00828	1.38772	0.985244	1.12153	1.3933	0.979434	1.13463	1.38649	1.15899	1.38981	1.12329	1.38884	1.0971	1.29699	1.34855	0.967762	1.11478	1.24301	1.37627	1.09832	1.08814	1.32048	1.34974	1.09563	1.09236	1.28523	1.35477	1.08208	1.29217	1.36722	1.08239	1.09223	1.32902	1.34297	0.862515	1.10033	1.38073	1.09194	1.11457	1.17592	1.37441	1.091	1.10559	1.09991	0.933296	1.11281	0.913765	1.36596	1.12003	1.09357	0.906221	1.10918	1.01375	1.38493	0.87945	0.705489	1.0454	1.31866	0.672316	0.653119	0.953486	1.33312	0.629434	0.667296	1.00495	1.33905	0.644708	0.604144	0.977244	1.30455	0.571241	0.666668	0.906036	1.3443	0.68418	0.551878	1.10608	1.34081	0.695258	1.34308	0.582339	1.34927	0.749187	0.949508	1.38119	0.627045	1.12432	1.35337	0.648747	0.835113	1.30362	0.606152	1.19166	1.34561	1.09109	1.35279	1.03305	1.07701	1.36258	1.0302	0.970269	1.12736	1.37231	1.15846	1.36223	1.00346	1.35966	1.39048	1.01932	1.01574	1.3756	0.962271	1.08857	1.36482	0.987373	1.01555	1.37538	1.0136	1.37341	0.963767	0.995364	1.35724	1.01103	1.04017	1.39895	1.17301	1.09587	1.37121	1.11813	1.2602	1.36647	1.10008	1.12509	1.24966	1.36761	1.14705	1.11045	1.24331	1.39943	1.11172	1.26659	1.10316	1.11966	1.26205	1.36196	1.13231	1.36079	1.10561	1.10673	1.3151	1.37859	1.29976	1.37077	1.09681	1.13413	1.37637	0.939321	1.36914	1.36267	1.13633	1.31601	1.36928
SRR1524393	0.593115	0.458893	1.04527	1.28365	0.689102	0.477896	0.9621	1.3151	1.329	0.527633	0.366628	1.02045	1.29967	0.581693	0	1.12866	1.29011	0.458455	0.405201	1.14663	1.3112	0.500862	1.08128	1.31114	0.572463	0.459173	1.0509	1.27941	0.668246	0.482263	1.00033	1.30517	0.560009	0.427148	1.09513	1.34232	0.49407	0.426964	0.992218	1.30427	0.550464	0.465109	1.1001	1.31964	1.00622	1.243	1.36432	0.973707	1.35576	1.00802	0.9519	1.1769	1.38714	0.914471	1.19691	1.36292	0.956722	1.24981	1.34489	0.963318	1.2148	1.37605	0.971691	1.2139	1.35565	0.963608	1.3703	0.95477	1.06201	1.3821	0.931995	1.0687	1.37075	1.10826	1.37565	1.06859	1.37197	1.09332	1.27823	1.32638	0.945161	1.09563	1.21671	1.35413	1.08869	1.07821	1.29954	1.32805	1.0739	1.06377	1.25449	1.33109	1.06811	1.27113	1.34404	1.06289	1.05862	1.30531	1.32098	0.871728	1.07341	1.35963	1.08131	1.08257	1.16075	1.35485	1.08915	1.07411	1.062	0.882207	1.06006	0.883013	1.34822	1.07103	1.04968	0.865516	1.06225	0.977759	1.35763	0.831	0.682346	1.01776	1.28933	0.648806	0.606839	0.892692	1.30614	0.672108	0.570654	0.964601	1.3032	0.645881	0.42267	0.884946	1.25839	0.623411	0.436845	0.813039	1.31357	0.617668	0.530158	1.03501	1.31442	0.666568	1.308	0.616244	1.31142	0.685807	0.850994	1.35172	0.446058	1.03836	1.31766	0.511975	0.722784	1.26118	0.478734	1.13567	1.31448	1.04435	1.3221	0.996222	1.02474	1.33718	0.995971	0.93423	1.05613	1.34684	1.09239	1.3315	0.940895	1.32252	1.37478	0.958624	0.957121	1.3551	0.923399	1.00559	1.34293	0.961051	0.955471	1.34263	0.925512	1.33901	0.925761	0.922581	1.33178	0.94909	0.975222	1.38052	1.16393	1.05884	1.3491	1.09684	1.23505	1.34856	1.08952	1.0978	1.22519	1.35064	1.12405	1.07517	1.21559	1.38172	1.06736	1.23408	1.07339	1.08802	1.23895	1.34178	1.08505	1.33866	1.07502	1.06984	1.28716	1.35421	1.27386	1.34637	1.06522	1.085	1.35793	0.831597	1.3426	1.33897	1.07891	1.28515	1.3447
SRR1524395	1.16007	1.13431	0.886962	0.927342	1.18146	1.13346	0.838472	1.09557	1.16631	1.13364	1.1302	0.882145	1.11394	1.15844	1.12866	0	0.973856	1.15511	1.13323	0.698061	1.08203	1.15254	1.00939	1.00873	1.09094	1.14197	1.00589	0.967808	1.15473	1.1091	0.899873	1.07373	1.13462	1.10275	0.861575	1.20915	1.1114	1.13384	0.859923	1.01695	1.14938	1.08503	0.814773	1.1194	1.26873	1.24552	1.29962	1.26271	1.26469	1.28432	1.25419	1.17389	1.348	1.2463	1.20897	1.26648	1.24876	1.22522	1.23169	1.24772	1.20086	1.28941	1.25999	1.22018	1.26347	1.25049	1.28074	1.26026	1.18624	1.3228	1.22094	1.17565	1.30398	1.18501	1.2814	1.15271	1.24354	1.2773	1.20557	1.23042	1.22772	1.26561	1.2243	1.26153	1.28443	1.27793	1.20765	1.21017	1.2724	1.246	1.21874	1.22576	1.27714	1.2033	1.22379	1.26454	1.25026	1.18104	1.20878	1.20974	1.2769	1.26905	1.27473	1.26193	1.18964	1.26186	1.27974	1.25597	1.18777	1.19959	1.27242	1.13895	1.24121	1.23559	1.16338	1.21966	1.26064	1.13499	1.25084	1.16238	1.11368	1.02139	1.12834	1.12834	1.1084	0.890706	1.11045	1.1634	1.11879	0.825136	1.11096	1.11923	1.12861	0.82184	0.980545	1.13661	1.10872	0.900527	1.1401	1.0987	1.14172	0.813945	1.07514	1.18412	1.1215	1.08277	1.12062	1.14109	0.875311	1.22564	1.13119	0.899591	1.15569	1.0947	0.94512	0.93603	1.10476	0.879526	1.0832	1.19471	1.21048	1.27903	1.20057	1.22194	1.2866	1.2521	1.17838	1.25158	1.17985	1.20282	1.26078	1.1899	1.29177	1.25757	1.22817	1.26761	1.25263	1.2438	1.24373	1.27047	1.24716	1.22174	1.22559	1.22527	1.25381	1.2206	1.20112	1.25816	1.24044	1.28997	1.29768	1.26744	1.25725	1.26125	1.19463	1.23028	1.26868	1.25464	1.19998	1.25735	1.27706	1.26694	1.21717	1.32536	1.25003	1.19347	1.24489	1.24165	1.20858	1.2226	1.26001	1.25008	1.25039	1.26422	1.20113	1.25248	1.22389	1.2328	1.25772	1.26457	1.27703	1.17785	1.2155	1.22101	1.25691	1.19965	1.22745
SRR1524398	1.31826	1.28687	1.03704	0.627763	1.32736	1.29328	1.04002	0.729824	0.803363	1.29825	1.29586	0.837807	0.667793	1.33425	1.29011	0.973856	0	1.3253	1.29242	0.911382	0.734211	1.30279	1.06791	0.708145	1.26369	1.29201	1.11297	0.748857	1.30444	1.28886	1.03739	0.66397	1.29851	1.27662	0.926718	0.857704	1.29063	1.29405	1.01834	0.550999	1.33269	1.25045	0.908191	0.631646	1.35225	1.26331	1.07354	1.35214	1.10834	1.37268	1.34825	1.24525	1.09838	1.3548	1.22405	1.14919	1.34611	1.15814	1.06107	1.34129	1.1887	1.00925	1.35753	1.28322	1.10326	1.34761	1.06885	1.35701	1.25245	1.11539	1.33298	1.22814	1.08654	1.17095	1.01961	1.21737	1.04484	1.34743	1.25636	1.17382	1.33056	1.33626	1.25864	1.12519	1.35215	1.3426	1.24343	1.204	1.34488	1.31896	1.24538	1.16891	1.34934	1.24164	1.09019	1.34314	1.31908	1.25073	1.17828	1.32325	1.34137	1.08327	1.34533	1.31945	1.22284	1.09629	1.35163	1.32368	1.23089	1.32997	1.33925	1.22603	1.11621	1.30011	1.21193	1.33676	1.33	1.21359	1.014	1.25251	1.27504	1.1642	0.959686	1.29302	1.26501	1.07777	0.873886	1.3158	1.28653	1.08693	0.828161	1.28873	1.29103	1.02975	0.755817	1.29736	1.27785	1.01767	0.731014	1.26844	1.29449	0.93312	0.787362	1.31056	0.747557	1.24602	0.822684	1.26745	1.02256	0.866055	1.28472	0.961967	0.837097	1.25365	1.03671	0.656659	1.26701	1.08615	0.67012	1.27734	1.13014	1.3712	1.2659	1.12688	1.3742	1.36136	1.22754	1.11203	1.21398	1.09377	1.35876	1.00274	1.11075	1.35574	1.32744	1.13288	1.35721	1.32053	1.17166	1.36966	1.34238	1.06472	1.32208	1.06875	1.36279	1.33028	1.02995	1.35801	1.33557	1.21515	1.35797	1.33606	1.1321	1.32609	1.23786	1.1966	1.34174	1.32513	1.25887	1.14115	1.34307	1.33605	1.26288	1.1458	1.32253	1.23039	1.32411	1.31796	1.24075	1.10647	1.32278	1.14402	1.3299	1.3337	1.21712	1.14264	1.24996	1.14611	1.33648	1.33087	1.1453	1.28716	1.17991	1.12197	1.32329	1.21687	1.1272
SRR1524401	0.572256	0.513445	1.08368	1.3126	0.655344	0.425041	0.983539	1.34125	1.36542	0.475457	0.50085	1.0444	1.33821	0.450274	0.458455	1.15511	1.3253	0	0.491409	1.17774	1.33949	0.583594	1.11697	1.34831	0.588032	0.515018	1.08568	1.3238	0.61604	0.493991	1.03406	1.3443	0.524023	0.461494	1.14647	1.3685	0.464556	0.501805	1.04215	1.34303	0.410335	0.588458	1.16028	1.35749	1.02164	1.26182	1.3856	0.999491	1.37643	0.980372	0.975783	1.19414	1.40153	0.949726	1.22344	1.38407	0.982127	1.26785	1.36737	0.990718	1.25042	1.39235	0.989392	1.22408	1.37582	0.976334	1.38768	0.949869	1.10287	1.39422	0.966741	1.11719	1.38681	1.1442	1.38904	1.10629	1.38761	1.08775	1.29529	1.34593	0.928987	1.10724	1.23474	1.37318	1.08638	1.06385	1.31267	1.34521	1.07389	1.08157	1.27849	1.35147	1.06502	1.2892	1.36417	1.06716	1.08032	1.32254	1.33854	0.853836	1.08957	1.37847	1.07645	1.10294	1.16831	1.37305	1.08105	1.09429	1.07552	0.866584	1.09042	0.883984	1.36385	1.10521	1.05792	0.853855	1.08843	0.983588	1.3833	0.825861	0.68778	1.02934	1.31997	0.632243	0.628345	0.937961	1.33133	0.560552	0.623086	0.989926	1.33319	0.603643	0.535059	0.950925	1.29772	0.578751	0.544637	0.8812	1.33984	0.618991	0.55465	1.09064	1.33428	0.687054	1.33593	0.618657	1.34711	0.747641	0.912844	1.37841	0.574533	1.10477	1.35092	0.626177	0.805384	1.29225	0.572074	1.17344	1.34139	1.07938	1.35367	0.986996	1.04826	1.36636	0.997068	0.937784	1.1046	1.37377	1.14483	1.36527	0.957171	1.35906	1.3919	0.981606	0.994977	1.37557	0.925155	1.05687	1.36631	0.952294	0.982238	1.37441	0.970834	1.37241	0.933712	0.969222	1.35627	0.972563	1.00683	1.39867	1.15023	1.07388	1.36985	1.0992	1.25306	1.36266	1.08322	1.10349	1.24205	1.3657	1.1287	1.08939	1.23575	1.39854	1.08287	1.25343	1.07945	1.10898	1.24667	1.35907	1.1142	1.35878	1.08971	1.09529	1.3103	1.37616	1.29603	1.36706	1.0799	1.11198	1.37487	0.893597	1.36487	1.35769	1.11651	1.31072	1.36773
SRR1524403	0.577497	0.457348	1.04631	1.28169	0.632254	0.476708	0.948576	1.31993	1.33691	0.577509	0.410322	1.03708	1.30369	0.561356	0.405201	1.13323	1.29242	0.491409	0	1.14407	1.31893	0.452359	1.08489	1.3082	0.569659	0.463328	1.06019	1.27423	0.638808	0.508855	1.00006	1.31078	0.570417	0.490982	1.10601	1.34964	0.504883	0.49229	1.00289	1.31334	0.56265	0.455741	1.11533	1.32505	0.977491	1.22732	1.3644	0.938893	1.35678	0.9835	0.917236	1.17604	1.38874	0.893089	1.2013	1.36175	0.951166	1.25228	1.34407	0.935763	1.21789	1.37792	0.935188	1.20873	1.35043	0.924608	1.36891	0.930917	1.07312	1.38223	0.903424	1.06303	1.37477	1.10088	1.37522	1.05292	1.36426	1.0955	1.27525	1.32524	0.960737	1.08932	1.22033	1.36066	1.08395	1.09141	1.30082	1.32452	1.08861	1.07456	1.25683	1.33487	1.08852	1.27436	1.34677	1.07469	1.05955	1.29994	1.31917	0.872755	1.06454	1.36388	1.09451	1.08207	1.16342	1.36055	1.08294	1.07056	1.07025	0.903597	1.05984	0.897431	1.35265	1.06984	1.06111	0.880016	1.06709	0.998342	1.36732	0.828598	0.631596	1.03113	1.292	0.643392	0.523079	0.849765	1.30846	0.641215	0.512337	0.950179	1.30859	0.63269	0.414093	0.881655	1.26387	0.567509	0.471089	0.814425	1.31684	0.600314	0.44913	1.02316	1.3119	0.605509	1.30343	0.554126	1.31435	0.60401	0.833904	1.35526	0.418438	1.04793	1.32177	0.453294	0.749326	1.26084	0.413442	1.13767	1.3156	1.02883	1.31255	0.98681	1.01072	1.33482	0.963331	0.930823	1.04476	1.34369	1.0897	1.33203	0.921744	1.3216	1.37836	0.940806	0.933339	1.35553	0.906849	0.960496	1.33969	0.932361	0.933508	1.3398	0.923193	1.33656	0.912212	0.905127	1.32344	0.918458	0.958127	1.38198	1.18073	1.06055	1.35487	1.10712	1.23743	1.34779	1.09209	1.10938	1.22693	1.35238	1.13153	1.08928	1.21921	1.38827	1.08177	1.23742	1.07955	1.08774	1.24703	1.34608	1.07372	1.34042	1.07017	1.06706	1.28525	1.35789	1.2773	1.34975	1.07082	1.1038	1.36431	0.842737	1.34691	1.34227	1.07734	1.28552	1.35032
SRR1524405	1.17049	1.15957	0.810568	0.854842	1.19977	1.16896	0.776718	1.01276	1.11059	1.13491	1.14854	0.785615	1.0422	1.19092	1.14663	0.698061	0.911382	1.17774	1.14407	0	0.956685	1.16668	0.976198	0.959073	1.07392	1.15796	0.990602	0.921058	1.15932	1.13472	0.856312	1.03307	1.13218	1.11977	0.811698	1.12124	1.10853	1.16785	0.85645	0.967068	1.17794	1.08896	0.837042	1.03903	1.2734	1.21672	1.25011	1.26447	1.22838	1.28926	1.25412	1.17447	1.27793	1.2502	1.15191	1.20915	1.25311	1.2124	1.2007	1.24814	1.18654	1.20955	1.26735	1.2339	1.23374	1.2559	1.24359	1.26591	1.2091	1.25908	1.2281	1.19031	1.24866	1.16701	1.19323	1.15159	1.10149	1.27619	1.20115	1.20802	1.2366	1.26113	1.22973	1.20023	1.28069	1.28088	1.18772	1.19082	1.26826	1.24358	1.20564	1.20967	1.27688	1.19001	1.19447	1.25986	1.2455	1.18248	1.15921	1.21275	1.27626	1.23984	1.27604	1.26708	1.18851	1.24109	1.27761	1.25757	1.20009	1.21444	1.27164	1.14073	1.20629	1.23167	1.15416	1.22251	1.2639	1.14494	1.20529	1.14812	1.12154	1.03121	1.08068	1.12666	1.11177	0.842012	1.053	1.18148	1.12104	0.783372	1.06245	1.11602	1.14193	0.791985	0.917038	1.14177	1.11436	0.895151	1.0614	1.08165	1.15112	0.747048	0.980482	1.20241	1.05642	1.09827	1.06526	1.13818	0.884718	1.1742	1.14303	0.854745	1.08232	1.09609	0.930461	0.818025	1.11393	0.831152	0.99364	1.2196	1.18831	1.28812	1.22319	1.22081	1.29296	1.27298	1.19092	1.21262	1.20056	1.20289	1.25935	1.17939	1.22337	1.25389	1.24498	1.23118	1.25088	1.24164	1.2066	1.27524	1.25563	1.18735	1.23776	1.1797	1.25464	1.22765	1.17245	1.25364	1.25103	1.26628	1.29208	1.26956	1.17098	1.26101	1.1914	1.16067	1.26397	1.25562	1.19354	1.22529	1.26746	1.26067	1.21038	1.27784	1.24877	1.18685	1.23041	1.24013	1.19398	1.15369	1.2616	1.22909	1.2362	1.26607	1.18934	1.20983	1.19322	1.21603	1.24761	1.27011	1.25294	1.18289	1.23159	1.17416	1.25426	1.19647	1.18942
