	SRR1524454	SRR1524457	SRR1524458	SRR1524459	SRR1524460	SRR1524461	SRR1524462	SRR1524463	SRR1524464	SRR1524465	SRR1524466	SRR1524467	SRR1524468	SRR1524469	SRR1524471	SRR1524472	SRR1524474	SRR1524475	SRR1524477	SRR1524479	SRR1524481	SRR1524541	SRR1524559	SRR1524560	SRR1524561	SRR1524563	SRR1524565	SRR1524568	SRR1524570	SRR1524572	SRR1524574	SRR1524577	SRR1524579	SRR1524756	SRR1524758	SRR1524760	SRR1524762	SRR1524763	SRR1524764	SRR1524766	SRR1524767	SRR1524768	SRR1524769	SRR1524770	SRR1524771	SRR1524772	SRR1524773	SRR1524774	SRR1524775	SRR1524776	SRR1524777	SRR1524778	SRR1524779	SRR1524780	SRR1524781	SRR1524782	SRR1524783	SRR1524784	SRR1524785	SRR1524786	SRR1524787	SRR1524788	SRR1524789	SRR1524790	SRR2107462	SRR2107473	SRR2107486	SRR2107495	SRR2107506	SRR2113669	SRR2107428	SRR2107429	SRR2107430	SRR2107431	SRR2107432	SRR2107433	SRR2107434	SRR2107435	SRR2107436	SRR2107437	SRR2107438	SRR2107439	SRR2107440	SRR2107441	SRR2107442	SRR2107443	SRR2107444	SRR2107445	SRR2107446	SRR2107447	SRR2107448	SRR2107454	SRR2107455	SRR2107456	SRR2107457	SRR2107458	SRR2107459	SRR2107460	SRR2107461	SRR2107463	SRR2107464	SRR2107465	SRR2107466	SRR2107467	SRR2107468	SRR2107469	SRR2107470	SRR2107471	SRR2107472	SRR2107474	SRR2107475	SRR2107476	SRR2107477	SRR2107478	SRR2107479	SRR2107480	SRR2107481	SRR2107482	SRR2107483	SRR2107484	SRR2107485	SRR2107487	SRR2107488	SRR2107489	SRR2107490	SRR2107491	SRR2107492	SRR2107493	SRR2107494	SRR2107496	SRR2107497	SRR2107498	SRR2107499	SRR2107500	SRR2107501	SRR2107502	SRR2107503	SRR2107504	SRR2107505	SRR2107507	SRR2110714	SRR2111742	SRR2112665
SRR1524454	0	1.05475	1.26309	0.417252	1.25154	0.617309	0.479323	1.04758	1.33891	0.657387	1.09421	1.26457	0.560503	1.09083	1.24786	0.526655	1.06777	1.30955	0.421251	1.00635	1.24564	0.518006	1.28976	0.535286	0.943658	1.33397	0.739946	0.892534	1.32638	0.958129	1.31256	0.908066	1.3106	0.79022	1.18222	0.634709	0.726386	1.23795	0.577627	0.595694	0.855868	1.25526	0.953291	1.24825	0.627822	1.23602	1.31864	0.618944	0.539015	1.2501	0.613198	0.635137	1.22319	0.582214	0.501717	1.26644	0.657827	1.2516	0.643906	0.634745	1.23953	0.611777	0.606207	1.32928	1.40282	1.39938	1.4096	0.947523	0.921953	0.879226	0.937885	0.903881	0.959281	1.17886	1.13695	1.08058	1.34938	1.37577	1.34761	0.816071	0.862646	0.88148	0.978065	0.912744	0.920419	1.14378	1.22445	1.22608	1.361	1.34582	1.37325	0.831528	0.882715	0.969744	1.03469	1.0836	1.12976	1.22257	1.22412	1.35073	1.3434	0.832615	0.948144	0.836633	0.967975	1.1506	1.37226	0.996663	0.958363	0.947839	1.17579	1.19414	1.09592	1.31936	1.33219	1.30293	0.840657	0.814721	0.921128	0.928782	0.91007	0.910656	1.24428	1.17725	1.16777	1.33079	1.32263	1.32579	0.88935	0.85389	0.846767	0.917909	0.944248	0.960378	1.18672	1.21645	1.25683	1.2783	1.26959	1.27206	0.774659	0.780489	0.827923
SRR1524457	1.05475	0	1.0587	1.04817	1.00727	1.10789	1.05298	0.934411	1.18556	1.07473	0.944123	1.04544	1.03298	0.864918	1.04119	1.01429	0.920787	1.13958	1.10773	0.929598	1.0419	1.0555	1.07622	1.08111	0.9318	1.17746	1.02994	0.910939	1.15412	0.908163	1.16192	0.910721	1.11229	0.949893	0.994344	1.11584	0.962693	1.02715	1.14904	1.09376	0.910487	1.01949	0.919291	1.03567	1.127	1.03461	1.14096	1.1385	1.04388	1.06301	1.11736	1.05532	1.03487	1.12012	1.05009	1.0223	1.06575	1.05786	1.13664	1.03912	1.03093	1.12428	1.0418	1.18548	1.36421	1.35804	1.36966	1.18437	1.18803	1.17155	1.17284	1.17456	1.15515	1.17757	1.0809	1.19565	1.30462	1.32156	1.31106	1.18314	1.17361	1.18839	1.17987	1.17128	1.15035	1.21912	1.23144	1.20552	1.33174	1.28667	1.3304	1.19457	1.19755	1.20467	1.16831	1.14444	1.15051	1.18816	1.19861	1.31045	1.26292	1.15291	1.17136	1.17869	1.18413	1.17576	1.3264	1.17872	1.13345	1.14814	1.20973	1.17407	1.15764	1.28593	1.27694	1.26117	1.19156	1.19515	1.21291	1.13899	1.11746	1.16209	1.15539	1.15553	1.14729	1.24721	1.24432	1.24093	1.18657	1.1768	1.19221	1.14159	1.11415	1.09201	1.11851	1.148	1.14863	1.18317	1.19787	1.14897	1.16045	1.16173	1.18934
SRR1524458	1.26309	1.0587	0	1.26859	0.593967	1.33206	1.26553	1.0515	0.791108	1.27935	1.00839	0.807917	1.24954	0.960697	0.789935	1.24658	0.935767	0.778166	1.29738	1.02756	0.572811	1.27896	0.679805	1.29837	1.04814	0.80539	1.26415	1.03876	0.820507	0.973942	0.828795	1.07242	0.870596	1.09381	0.827628	1.33219	1.12881	0.783798	1.33925	1.30103	1.0237	0.748017	1.00763	0.809638	1.32233	0.804293	0.866253	1.32977	1.21248	0.755577	1.32236	1.21998	0.930347	1.33276	1.24714	0.819732	1.21745	0.862705	1.33244	1.25004	0.882897	1.31835	1.25059	1.07067	1.18332	1.19325	1.17652	1.33794	1.33915	1.33716	1.35297	1.34822	1.36172	1.32816	1.26386	1.36078	1.21294	1.18149	1.21636	1.34859	1.34159	1.34611	1.35216	1.35567	1.34209	1.32382	1.32376	1.31113	1.22658	1.22561	1.20814	1.34583	1.35407	1.35448	1.33935	1.34654	1.34504	1.30121	1.32141	1.21655	1.19436	1.34319	1.33594	1.34478	1.35403	1.32042	1.2082	1.34698	1.34611	1.34641	1.34223	1.29921	1.29115	1.31431	1.23609	1.20821	1.35186	1.35251	1.36258	1.33388	1.3317	1.33787	1.25988	1.2556	1.23798	1.20658	1.17975	1.15801	1.35667	1.3448	1.3526	1.3277	1.32189	1.3225	1.25852	1.28468	1.31144	1.2336	1.25922	1.21264	1.33645	1.33771	1.35536
SRR1524459	0.417252	1.04817	1.26859	0	1.25636	0.580848	0.374644	1.03436	1.34028	0.547775	1.07937	1.27242	0.538173	1.09049	1.24018	0.466954	1.06248	1.31348	0.398658	1.01187	1.25002	0.43063	1.29539	0.475286	0.928516	1.32685	0.655166	0.857143	1.32295	0.925248	1.31231	0.879211	1.30861	0.731718	1.17018	0.609302	0.687362	1.22668	0.488089	0.565317	0.826048	1.24373	0.923717	1.23592	0.549374	1.22083	1.32024	0.619076	0.506458	1.25478	0.561217	0.583637	1.23203	0.49658	0.440229	1.2549	0.595977	1.24054	0.598893	0.570829	1.22242	0.512065	0.575238	1.33874	1.40204	1.39814	1.40989	0.909867	0.873359	0.852513	0.939365	0.90435	0.963964	1.18371	1.13712	1.09121	1.36049	1.37574	1.3512	0.780962	0.855233	0.843141	0.977616	0.911433	0.924514	1.14583	1.23166	1.234	1.36356	1.35799	1.37586	0.770687	0.84249	0.94413	1.03342	1.09542	1.14476	1.22746	1.2408	1.35862	1.35094	0.80866	0.912084	0.803153	0.984746	1.16495	1.37511	0.999552	0.972107	0.948418	1.18937	1.20731	1.10944	1.33236	1.33716	1.30788	0.829236	0.787333	0.895806	0.927964	0.90923	0.906137	1.25855	1.18704	1.18475	1.33447	1.32602	1.32973	0.87156	0.804085	0.788569	0.912688	0.960828	0.958691	1.22066	1.24331	1.28538	1.31064	1.2939	1.28985	0.703048	0.712925	0.79937
SRR1524460	1.25154	1.00727	0.593967	1.25636	0	1.32349	1.25202	0.970063	0.896973	1.26886	0.933112	0.729263	1.23921	0.846167	0.560591	1.22886	0.784381	0.777171	1.28414	0.984805	0.588807	1.26632	0.604804	1.28961	0.992435	0.805646	1.24764	0.939274	0.760115	0.943055	0.837389	0.995428	0.813736	1.02809	0.723717	1.31918	1.07092	0.609114	1.33403	1.28519	0.975741	0.700086	0.945016	0.710846	1.31462	0.702826	0.770378	1.31478	1.18994	0.667478	1.31387	1.21572	0.761357	1.3228	1.22293	0.717693	1.20505	0.810597	1.32167	1.23154	0.743235	1.31302	1.22501	1.04669	1.23024	1.23736	1.2274	1.32971	1.33175	1.32785	1.33208	1.32773	1.33958	1.30296	1.24224	1.34063	1.2319	1.20709	1.22525	1.33746	1.32461	1.33369	1.33342	1.33515	1.31782	1.29818	1.29351	1.27129	1.23181	1.22867	1.21566	1.33906	1.33872	1.33534	1.3283	1.32895	1.32123	1.28781	1.28225	1.22003	1.19384	1.32962	1.32393	1.33153	1.32308	1.28494	1.21473	1.32037	1.31864	1.31977	1.30935	1.25295	1.2448	1.29472	1.20889	1.19055	1.33621	1.33694	1.34585	1.30057	1.29452	1.30474	1.17128	1.162	1.16336	1.12131	1.1089	1.07213	1.33514	1.3294	1.33795	1.30187	1.29265	1.29808	1.21443	1.22583	1.2636	1.18963	1.18445	1.13274	1.32921	1.32811	1.34311
SRR1524461	0.617309	1.10789	1.33206	0.580848	1.32349	0	0.580672	1.10174	1.3645	0.682921	1.14649	1.31978	0.677326	1.16509	1.31585	0.668169	1.16714	1.35412	0.603032	1.05576	1.30972	0.559332	1.33659	0.519079	0.972332	1.35967	0.739261	0.973519	1.35687	1.00935	1.34711	0.966708	1.34239	0.863718	1.27192	0.55933	0.78513	1.29989	0.483814	0.570949	0.956752	1.30759	1.03616	1.30646	0.594198	1.29194	1.36021	0.716435	0.69301	1.31145	0.569086	0.799932	1.30259	0.469301	0.656787	1.31575	0.805663	1.31311	0.654701	0.740875	1.29383	0.633172	0.718929	1.36548	1.40391	1.4018	1.41119	1.00359	0.968235	0.933089	1.01006	0.98757	1.00994	1.22229	1.18299	1.12338	1.38166	1.39053	1.3734	0.864555	0.938535	0.914892	1.0514	0.984069	1.0118	1.19594	1.25035	1.27692	1.38231	1.37418	1.38954	0.848869	0.926516	1.01035	1.09462	1.13395	1.18246	1.26029	1.28043	1.37367	1.37089	0.877887	0.992512	0.885866	1.03405	1.20688	1.38553	1.06339	0.996267	0.994789	1.2293	1.22667	1.14466	1.35647	1.35315	1.32332	0.885058	0.849405	0.922605	0.984452	0.971241	0.970253	1.29069	1.23109	1.22783	1.35782	1.35422	1.3577	0.920915	0.871487	0.871833	0.987362	1.00135	0.993414	1.25174	1.269	1.30114	1.33112	1.31168	1.30946	0.795091	0.771349	0.812329
SRR1524462	0.479323	1.05298	1.26553	0.374644	1.25202	0.580672	0	1.02814	1.33523	0.523198	1.07799	1.27027	0.536503	1.11063	1.24198	0.4403	1.05974	1.3069	0.444662	1.04109	1.23808	0.425444	1.29054	0.454342	0.923419	1.32723	0.616898	0.834955	1.32337	0.913923	1.30818	0.849494	1.3006	0.717757	1.16969	0.6399	0.656614	1.2332	0.518509	0.523943	0.788752	1.2388	0.892742	1.23328	0.586897	1.21379	1.3184	0.663429	0.49924	1.25294	0.577919	0.60125	1.22603	0.488483	0.448226	1.24594	0.589713	1.2391	0.608265	0.578152	1.21748	0.552525	0.602224	1.33376	1.40282	1.39905	1.41074	0.920312	0.892431	0.867934	0.954021	0.917616	0.983019	1.19987	1.14054	1.09757	1.37183	1.38265	1.36102	0.794108	0.860232	0.852516	0.991957	0.932511	0.942086	1.15462	1.2478	1.24988	1.3723	1.3658	1.38119	0.786732	0.851315	0.957909	1.0371	1.10782	1.15824	1.23189	1.25924	1.36709	1.3589	0.806603	0.915225	0.813201	0.998831	1.17975	1.37961	1.01637	0.977803	0.960466	1.21137	1.22361	1.11701	1.3505	1.34532	1.31261	0.835695	0.796954	0.895381	0.927918	0.926754	0.918235	1.26151	1.19768	1.20138	1.34168	1.33369	1.33903	0.884113	0.806657	0.800207	0.921755	0.964767	0.966234	1.22276	1.25876	1.29727	1.31333	1.31426	1.30686	0.735719	0.716067	0.797842
SRR1524463	1.04758	0.934411	1.0515	1.03436	0.970063	1.10174	1.02814	0	1.18066	1.03709	0.841141	1.02069	1.02106	0.913127	0.96552	1.00042	0.844598	1.11928	1.07236	0.928325	1.00416	1.04462	1.0562	1.05763	0.871398	1.11574	1.01641	0.840307	1.12093	0.864225	1.12635	0.865689	1.11014	0.884083	0.923241	1.10616	0.884047	0.946313	1.12362	1.05079	0.850779	0.965069	0.855703	0.952285	1.10357	0.979944	1.10785	1.12138	0.995124	1.01118	1.09484	1.06072	1.00351	1.09982	1.00465	0.980353	1.02796	1.01846	1.10189	1.01277	0.971001	1.09854	1.02631	1.18376	1.38002	1.37142	1.38708	1.17121	1.17646	1.14846	1.15064	1.15801	1.15851	1.20699	1.1327	1.20577	1.32494	1.34024	1.32114	1.15509	1.14536	1.1449	1.17748	1.15412	1.14426	1.21266	1.23585	1.22114	1.32334	1.29249	1.33573	1.15584	1.15688	1.15581	1.18108	1.19523	1.20535	1.22346	1.23768	1.31163	1.29325	1.12177	1.15854	1.14652	1.14008	1.17334	1.3356	1.16693	1.13444	1.14275	1.2263	1.17897	1.11963	1.29075	1.28005	1.25286	1.14597	1.15213	1.15799	1.12979	1.11542	1.12884	1.17258	1.14274	1.13997	1.23751	1.21952	1.22219	1.14751	1.13693	1.14836	1.14092	1.1208	1.1389	1.17022	1.18162	1.24355	1.21765	1.21098	1.19942	1.12906	1.12187	1.15202
SRR1524464	1.33891	1.18556	0.791108	1.34028	0.896973	1.3645	1.33523	1.18066	0	1.34331	1.10191	0.935854	1.32214	1.08832	1.00927	1.32091	1.14465	0.792864	1.35454	1.22283	0.947432	1.34437	0.870732	1.35226	1.16764	0.59921	1.30484	1.17223	0.699779	1.09111	0.881961	1.21055	0.90716	1.24434	1.10446	1.36414	1.2475	1.05157	1.37766	1.34375	1.16711	0.850609	1.1481	0.989627	1.36136	0.989647	0.894328	1.36407	1.30206	0.974728	1.36567	1.31998	1.09682	1.37122	1.32607	0.916032	1.29731	0.99636	1.37281	1.31083	1.05327	1.3654	1.32016	1.1258	1.11219	1.12652	1.09792	1.37234	1.37522	1.37321	1.37378	1.37325	1.3808	1.34428	1.31436	1.37474	1.18196	1.12906	1.17904	1.37885	1.37174	1.38027	1.37243	1.37591	1.36628	1.34148	1.32299	1.33119	1.20326	1.2063	1.18208	1.38062	1.38055	1.38175	1.36329	1.36306	1.36138	1.326	1.33718	1.19254	1.17134	1.37364	1.37216	1.37951	1.37365	1.34167	1.17663	1.36678	1.36569	1.3663	1.35541	1.31256	1.32781	1.31489	1.22585	1.21723	1.38424	1.38173	1.38664	1.36091	1.34922	1.36344	1.29262	1.29353	1.26639	1.21064	1.19114	1.15189	1.38356	1.37668	1.38008	1.35876	1.35611	1.34629	1.30268	1.32642	1.32948	1.25709	1.27918	1.25701	1.37751	1.37572	1.38391
SRR1524465	0.657387	1.07473	1.27935	0.547775	1.26886	0.682921	0.523198	1.03709	1.34331	0	1.05355	1.29078	0.535293	1.09959	1.25379	0.528199	1.06504	1.31919	0.609142	1.05451	1.26306	0.59217	1.30389	0.554043	0.920534	1.32847	0.48635	0.828142	1.3266	0.881843	1.31621	0.826251	1.31193	0.743306	1.21019	0.666269	0.734904	1.24327	0.657016	0.598581	0.81776	1.25215	0.883295	1.24411	0.597255	1.23402	1.32364	0.703697	0.607359	1.27034	0.60908	0.729039	1.25112	0.595115	0.571256	1.26389	0.612184	1.25735	0.58078	0.547411	1.23494	0.596957	0.626528	1.34601	1.4008	1.39541	1.40961	0.873829	0.865968	0.858771	0.897235	0.90872	0.933672	1.16748	1.13838	1.06545	1.34414	1.37698	1.34322	0.780774	0.845231	0.797014	0.96309	0.896896	0.907912	1.12949	1.22658	1.24113	1.36626	1.35566	1.3762	0.755598	0.783294	0.893519	1.03257	1.07823	1.12674	1.22118	1.24511	1.35451	1.3461	0.777443	0.886348	0.776419	0.950878	1.14543	1.37504	0.974795	0.954334	0.929375	1.19527	1.20303	1.10183	1.33532	1.33574	1.302	0.794708	0.758004	0.807771	0.886347	0.87417	0.858441	1.25413	1.17706	1.17701	1.33079	1.32536	1.32723	0.816864	0.731402	0.740919	0.873507	0.927709	0.935635	1.21682	1.25425	1.29444	1.3117	1.30581	1.3004	0.714162	0.693321	0.734242
SRR1524466	1.09421	0.944123	1.00839	1.07937	0.933112	1.14649	1.07799	0.841141	1.10191	1.05355	0	0.893838	1.05122	0.894374	0.933083	1.0455	0.86069	1.05686	1.11759	0.987997	1.00378	1.09468	1.00012	1.09336	0.917392	1.06658	1.03249	0.857121	1.03733	0.841309	1.05599	0.859675	0.984206	0.941304	0.936207	1.13824	0.959597	0.942162	1.16036	1.09671	0.877073	0.936781	0.884942	0.929728	1.1293	0.94997	1.01492	1.14685	1.0416	0.993041	1.12402	1.09675	0.945765	1.13011	1.07173	0.959625	1.04971	0.953262	1.12362	1.04295	0.94762	1.11896	1.07357	1.08884	1.34761	1.34473	1.35487	1.16569	1.17746	1.16291	1.15431	1.17384	1.16364	1.20238	1.15805	1.20284	1.28341	1.3166	1.29344	1.16764	1.16226	1.15983	1.18451	1.1644	1.15896	1.21259	1.20793	1.22858	1.31247	1.28012	1.3172	1.16871	1.16657	1.17339	1.18981	1.19016	1.19031	1.21808	1.22168	1.29507	1.26568	1.13022	1.16327	1.15562	1.17536	1.18896	1.32142	1.17857	1.15889	1.15948	1.22835	1.19595	1.14982	1.29108	1.27302	1.24319	1.16475	1.16445	1.17099	1.13802	1.12181	1.14489	1.17114	1.1385	1.14141	1.21578	1.2096	1.19675	1.16467	1.1405	1.15884	1.15397	1.1451	1.14345	1.18332	1.18237	1.24013	1.20686	1.20685	1.21047	1.14983	1.14238	1.16008
SRR1524467	1.26457	1.04544	0.807917	1.27242	0.729263	1.31978	1.27027	1.02069	0.935854	1.29078	0.893838	0	1.24341	0.930548	0.7375	1.23648	0.882282	0.88409	1.30195	1.07546	0.830872	1.27971	0.782062	1.30276	1.03737	0.88376	1.24553	0.98391	0.799975	0.974354	0.909867	1.01558	0.852654	1.09174	0.80849	1.33316	1.12239	0.806742	1.3466	1.31548	0.995707	0.786248	0.964176	0.738382	1.32056	0.797682	0.871202	1.32	1.22681	0.780928	1.31769	1.22249	0.781935	1.33617	1.24733	0.776035	1.21828	0.756143	1.32893	1.23362	0.800177	1.31878	1.22862	0.895259	1.27425	1.2822	1.27241	1.32251	1.33454	1.32537	1.34046	1.33577	1.34868	1.31543	1.23659	1.35204	1.28154	1.26649	1.27081	1.3449	1.32333	1.34263	1.33522	1.34062	1.32106	1.31756	1.27246	1.29474	1.29093	1.2742	1.27164	1.34585	1.34919	1.35039	1.31551	1.31294	1.31264	1.28272	1.29741	1.26741	1.2387	1.32326	1.3143	1.33883	1.34021	1.30967	1.27662	1.32647	1.31409	1.3147	1.32211	1.26722	1.25491	1.32403	1.26443	1.21916	1.35105	1.34678	1.35814	1.30669	1.31927	1.32883	1.21454	1.23148	1.2267	1.20887	1.19785	1.17159	1.35163	1.33555	1.34799	1.30529	1.28058	1.27785	1.21323	1.22574	1.23414	1.17516	1.21355	1.17535	1.33919	1.33238	1.35032
SRR1524468	0.560503	1.03298	1.24954	0.538173	1.23921	0.677326	0.536503	1.02106	1.32214	0.535293	1.05122	1.24341	0	1.03034	1.2288	0.436317	1.02447	1.29251	0.631476	0.973445	1.2385	0.591903	1.27764	0.558654	0.88142	1.32262	0.594091	0.806601	1.31211	0.879578	1.29964	0.825688	1.29938	0.781358	1.17209	0.5976	0.731332	1.22228	0.7161	0.619751	0.810831	1.23606	0.871426	1.21854	0.588556	1.21199	1.30581	0.668792	0.612591	1.23392	0.581771	0.740762	1.22188	0.658815	0.536761	1.24855	0.602301	1.22938	0.58156	0.52129	1.21163	0.604584	0.536291	1.31884	1.40038	1.39476	1.40836	0.890446	0.89253	0.87055	0.870247	0.89931	0.908444	1.13941	1.10433	1.04678	1.33807	1.3692	1.33785	0.801668	0.852622	0.82214	0.940791	0.883064	0.88083	1.10122	1.19217	1.20945	1.35654	1.33943	1.36877	0.801362	0.802995	0.896939	1.01085	1.03722	1.08281	1.19684	1.1974	1.34398	1.33437	0.787241	0.912973	0.80466	0.918598	1.11549	1.36473	0.933201	0.917382	0.910274	1.15108	1.16648	1.07842	1.30429	1.32288	1.29437	0.813109	0.774382	0.825968	0.874734	0.8468	0.833769	1.2322	1.15474	1.14914	1.32138	1.31486	1.31682	0.807422	0.759672	0.76425	0.839413	0.905451	0.918074	1.178	1.20707	1.24731	1.27624	1.25243	1.25863	0.755739	0.749144	0.755482
SRR1524469	1.09083	0.864918	0.960697	1.09049	0.846167	1.16509	1.11063	0.913127	1.08832	1.09959	0.894374	0.930548	1.03034	0	0.802317	1.04013	0.773582	0.948751	1.15427	0.937254	0.945464	1.12539	0.935387	1.11642	0.879404	1.04595	1.07686	0.850437	0.997148	0.775026	0.989683	0.865369	0.995143	0.971668	0.906442	1.13349	0.958439	0.888283	1.2024	1.13472	0.899672	0.924361	0.865464	0.893815	1.16094	0.842564	1.00702	1.17246	1.06853	0.930734	1.15453	1.11855	0.909692	1.16748	1.06935	0.922405	1.07214	0.932051	1.16544	1.04729	0.885021	1.16417	1.05275	1.09585	1.34363	1.34149	1.34722	1.21864	1.22972	1.21844	1.19762	1.203	1.19419	1.19768	1.14788	1.21646	1.2782	1.30356	1.29649	1.22234	1.21202	1.21841	1.20348	1.19899	1.18756	1.22897	1.23999	1.22617	1.32605	1.28599	1.3116	1.22507	1.22139	1.22201	1.21256	1.1739	1.17886	1.23064	1.20651	1.30364	1.27143	1.20508	1.21832	1.21799	1.1961	1.19343	1.30746	1.18912	1.18548	1.18448	1.22238	1.19701	1.1827	1.27589	1.28999	1.26779	1.21694	1.21923	1.22904	1.17831	1.13174	1.16807	1.17935	1.15286	1.14884	1.23429	1.23793	1.22524	1.19538	1.20667	1.20965	1.16195	1.15418	1.12941	1.17241	1.17197	1.17859	1.21197	1.19159	1.14369	1.19419	1.20745	1.21277
SRR1524471	1.24786	1.04119	0.789935	1.24018	0.560591	1.31585	1.24198	0.96552	1.00927	1.25379	0.933083	0.7375	1.2288	0.802317	0	1.21546	0.755789	0.808849	1.27336	0.996724	0.747378	1.25121	0.767604	1.27575	0.979229	0.866512	1.23166	0.903045	0.815541	0.9018	0.83666	0.945112	0.829131	1.00521	0.701514	1.30868	1.06609	0.638043	1.32104	1.27681	0.953694	0.708328	0.917815	0.654393	1.29846	0.599755	0.81763	1.30127	1.18399	0.707578	1.29332	1.20756	0.736907	1.31019	1.20566	0.71999	1.19058	0.766414	1.3008	1.21533	0.620604	1.29336	1.20716	1.06214	1.29889	1.3028	1.30011	1.31204	1.32002	1.31498	1.322	1.3192	1.33189	1.31058	1.23972	1.34065	1.29463	1.27993	1.28688	1.32277	1.31265	1.31697	1.32402	1.32595	1.30981	1.30174	1.30362	1.28108	1.28982	1.27968	1.27765	1.32144	1.32315	1.32138	1.32315	1.3303	1.32361	1.29489	1.29353	1.28134	1.25261	1.31079	1.3101	1.31354	1.31708	1.29148	1.28004	1.31316	1.31273	1.31125	1.30872	1.25553	1.23803	1.31871	1.24426	1.22956	1.32074	1.32208	1.32984	1.29202	1.29178	1.2925	1.17702	1.16523	1.16946	1.1503	1.13907	1.10116	1.32089	1.31068	1.32037	1.29697	1.28679	1.29286	1.22839	1.22525	1.27204	1.22085	1.20216	1.15158	1.30927	1.30781	1.32776
SRR1524472	0.526655	1.01429	1.24658	0.466954	1.22886	0.668169	0.4403	1.00042	1.32091	0.528199	1.0455	1.23648	0.436317	1.04013	1.21546	0	1.01617	1.28496	0.58931	0.967766	1.2192	0.522113	1.26015	0.53956	0.874497	1.31458	0.585965	0.782841	1.30593	0.865515	1.29031	0.795123	1.28184	0.743711	1.15296	0.633649	0.672013	1.21395	0.66751	0.61474	0.764169	1.22147	0.854399	1.21384	0.606235	1.1937	1.30333	0.700908	0.577488	1.23226	0.622648	0.670752	1.20158	0.608333	0.504973	1.22792	0.597093	1.21658	0.640812	0.533171	1.19364	0.594248	0.54197	1.30436	1.40027	1.39566	1.40905	0.883082	0.877257	0.851898	0.913112	0.885433	0.956372	1.16509	1.10676	1.06943	1.35701	1.37307	1.35186	0.804088	0.841483	0.846706	0.938408	0.897802	0.896413	1.10748	1.21808	1.21019	1.36032	1.34414	1.37054	0.796482	0.820654	0.921076	0.987201	1.04711	1.10047	1.19009	1.21236	1.35098	1.34054	0.807679	0.881652	0.818928	0.965018	1.1386	1.36919	0.952289	0.943059	0.907971	1.16415	1.1757	1.07138	1.32045	1.32551	1.29056	0.855532	0.811863	0.881179	0.881276	0.86494	0.864278	1.22216	1.16009	1.16274	1.32152	1.3119	1.32136	0.86037	0.788005	0.771156	0.844014	0.906487	0.904734	1.17449	1.19716	1.24425	1.27045	1.25956	1.26021	0.758901	0.73777	0.820502
SRR1524474	1.06777	0.920787	0.935767	1.06248	0.784381	1.16714	1.05974	0.844598	1.14465	1.06504	0.86069	0.882282	1.02447	0.773582	0.755789	1.01617	0	1.00846	1.12083	0.906445	0.915456	1.09099	0.966595	1.11289	0.865733	1.08034	1.06104	0.780385	1.04595	0.827468	1.06433	0.827136	1.02808	0.854708	0.785493	1.15424	0.892537	0.8037	1.18252	1.10513	0.790493	0.849172	0.753393	0.814648	1.15096	0.804314	0.995152	1.16185	1.02042	0.844179	1.14648	1.05724	0.854947	1.16297	1.03282	0.864223	1.02621	0.872104	1.15689	1.03779	0.815085	1.14912	1.03686	1.1183	1.3806	1.37315	1.38461	1.21806	1.22519	1.20777	1.19903	1.2079	1.20366	1.22097	1.16195	1.22757	1.30681	1.3439	1.32001	1.21189	1.20071	1.21136	1.21473	1.20378	1.19386	1.22548	1.24685	1.23702	1.33596	1.29086	1.34085	1.21413	1.2135	1.22007	1.22113	1.21824	1.20874	1.23433	1.23047	1.31794	1.29403	1.19171	1.21729	1.20994	1.20784	1.20878	1.33545	1.20047	1.18773	1.19351	1.2354	1.20049	1.18112	1.29991	1.28679	1.26912	1.21211	1.20869	1.22075	1.166	1.14258	1.16921	1.15058	1.12348	1.13877	1.21562	1.20984	1.1943	1.20872	1.19162	1.20531	1.17189	1.1671	1.16732	1.17177	1.18563	1.22999	1.22077	1.21005	1.18062	1.19419	1.19175	1.20495
SRR1524475	1.30955	1.13958	0.778166	1.31348	0.777171	1.35412	1.3069	1.11928	0.792864	1.31919	1.05686	0.88409	1.29251	0.948751	0.808849	1.28496	1.00846	0	1.32895	1.15235	0.815245	1.3132	0.787301	1.32688	1.11659	0.779791	1.27879	1.09497	0.735398	0.950883	0.609579	1.06234	0.694602	1.19042	0.998925	1.34654	1.1895	0.945394	1.36034	1.32947	1.12343	0.854704	1.08889	0.919717	1.34394	0.822254	0.749089	1.34378	1.26549	0.874685	1.34632	1.2794	1.00778	1.34659	1.28404	0.883542	1.26596	0.949452	1.34999	1.27091	0.890645	1.34485	1.27499	0.994002	1.12632	1.13642	1.11056	1.35373	1.35864	1.3557	1.35998	1.35991	1.37011	1.33734	1.29373	1.36675	1.1774	1.13034	1.18333	1.36351	1.35378	1.3628	1.3589	1.36287	1.35054	1.32906	1.32082	1.31401	1.18796	1.18831	1.15966	1.36362	1.36539	1.36725	1.35282	1.35218	1.3437	1.31587	1.31969	1.18797	1.17808	1.35594	1.35023	1.36043	1.36153	1.3299	1.16351	1.3529	1.35269	1.35634	1.35222	1.30248	1.31842	1.31066	1.22662	1.21374	1.36784	1.3649	1.37131	1.33903	1.34068	1.34878	1.27598	1.28418	1.27146	1.20434	1.19422	1.17609	1.36828	1.35887	1.36305	1.33936	1.33223	1.33145	1.29861	1.31118	1.32083	1.24075	1.2665	1.25409	1.35977	1.35555	1.3662
SRR1524477	0.421251	1.10773	1.29738	0.398658	1.28414	0.603032	0.444662	1.07236	1.35454	0.609142	1.11759	1.30195	0.631476	1.15427	1.27336	0.58931	1.12083	1.32895	0	1.06634	1.27152	0.465335	1.31069	0.469702	0.972092	1.33892	0.685406	0.919827	1.33392	0.975388	1.32347	0.914342	1.3184	0.786673	1.21451	0.638165	0.73651	1.25619	0.474677	0.555796	0.88828	1.27266	0.978708	1.26614	0.573589	1.25057	1.33275	0.553776	0.505895	1.28161	0.547061	0.617743	1.262	0.496161	0.490109	1.28028	0.628814	1.27347	0.560913	0.615261	1.2541	0.523758	0.641391	1.34921	1.40292	1.39924	1.41025	0.916114	0.874489	0.846031	0.926289	0.896879	0.957621	1.20715	1.1696	1.09355	1.37308	1.38206	1.36374	0.749911	0.829118	0.820777	0.98674	0.899848	0.917606	1.16976	1.25176	1.2566	1.37287	1.37054	1.38144	0.753263	0.830217	0.938585	1.05009	1.1211	1.1746	1.25048	1.2687	1.36821	1.36373	0.787618	0.917816	0.759724	0.966398	1.17887	1.38257	1.01079	0.973098	0.963083	1.21692	1.23111	1.12373	1.35281	1.34738	1.31514	0.771573	0.742445	0.867332	0.927322	0.936921	0.913329	1.27745	1.21551	1.20961	1.34565	1.34015	1.34289	0.851485	0.792045	0.789342	0.937318	0.969894	0.993291	1.24415	1.27134	1.31143	1.32758	1.31536	1.31544	0.69044	0.69625	0.770951
SRR1524479	1.00635	0.929598	1.02756	1.01187	0.984805	1.05576	1.04109	0.928325	1.22283	1.05451	0.987997	1.07546	0.973445	0.937254	0.996724	0.967766	0.906445	1.15235	1.06634	0	0.98651	1.02138	1.06395	1.03926	0.822459	1.17257	1.03363	0.841237	1.15535	0.895643	1.17257	0.847342	1.12032	0.846949	0.943892	1.01161	0.875319	0.946561	1.11596	1.03404	0.874404	0.996792	0.889612	0.99099	1.06613	1.00703	1.13576	1.09765	0.970083	1.00983	1.06342	1.04165	1.03006	1.06881	0.958967	1.02638	1.01486	1.04312	1.08581	0.975894	1.03152	1.08414	0.923452	1.21809	1.39375	1.3876	1.40094	1.20191	1.20393	1.17855	1.18135	1.17673	1.19073	1.23145	1.17656	1.23943	1.361	1.36399	1.34268	1.17378	1.18173	1.17451	1.1967	1.18579	1.17632	1.23523	1.26716	1.24249	1.35461	1.3422	1.35314	1.17987	1.18358	1.16965	1.20396	1.21037	1.2225	1.26516	1.24476	1.34213	1.32507	1.16846	1.19455	1.16455	1.17659	1.20333	1.35143	1.18212	1.16558	1.16233	1.22895	1.17955	1.14338	1.31442	1.28775	1.24854	1.17099	1.17913	1.18851	1.14569	1.11408	1.13324	1.20179	1.15333	1.15786	1.25964	1.25145	1.24098	1.14398	1.16235	1.16632	1.13057	1.13123	1.10837	1.17008	1.13636	1.20884	1.2538	1.1678	1.13456	1.13999	1.14295	1.17315
SRR1524481	1.24564	1.0419	0.572811	1.25002	0.588807	1.30972	1.23808	1.00416	0.947432	1.26306	1.00378	0.830872	1.2385	0.945464	0.747378	1.2192	0.915456	0.815245	1.27152	0.98651	0	1.24384	0.617614	1.27391	1.01117	0.831246	1.21962	0.956725	0.814711	0.938853	0.805709	0.993956	0.828301	1.06879	0.802192	1.31278	1.09547	0.767745	1.31607	1.28188	1.01733	0.804678	1.00796	0.814749	1.299	0.79181	0.901312	1.30206	1.19391	0.730725	1.3	1.19482	0.844374	1.30563	1.21461	0.801915	1.20498	0.854312	1.31081	1.22356	0.816279	1.294	1.21803	1.06033	1.22232	1.2382	1.21995	1.31742	1.31933	1.31822	1.33945	1.32706	1.35102	1.33021	1.24085	1.35613	1.24267	1.21541	1.2429	1.32899	1.31727	1.32434	1.33829	1.34246	1.32797	1.32161	1.31658	1.30318	1.25049	1.25013	1.23065	1.32753	1.33446	1.33925	1.32128	1.33673	1.34192	1.30203	1.31286	1.24281	1.22008	1.32173	1.31063	1.31958	1.3414	1.32067	1.23718	1.32917	1.33227	1.32685	1.33645	1.29467	1.26559	1.323	1.24957	1.21675	1.33432	1.33264	1.34619	1.31156	1.31878	1.32592	1.2403	1.24833	1.23843	1.20642	1.19477	1.17136	1.3394	1.32366	1.33387	1.29875	1.29472	1.30232	1.24691	1.25913	1.29519	1.22926	1.24282	1.19617	1.31618	1.31034	1.33739
SRR1524541	0.518006	1.0555	1.27896	0.43063	1.26632	0.559332	0.425444	1.04462	1.34437	0.59217	1.09468	1.27971	0.591903	1.12539	1.25121	0.522113	1.09099	1.3132	0.465335	1.02138	1.24384	0	1.28948	0.413175	0.924797	1.32621	0.639809	0.847821	1.3235	0.926492	1.30617	0.828351	1.29358	0.730796	1.16759	0.621525	0.682809	1.23147	0.516404	0.549131	0.815196	1.24154	0.930663	1.2348	0.554058	1.21519	1.3212	0.671134	0.560685	1.25771	0.534711	0.628047	1.23726	0.48728	0.51351	1.24819	0.649683	1.23644	0.588641	0.604554	1.22058	0.536973	0.61685	1.33657	1.40168	1.39877	1.40933	0.924282	0.892076	0.869163	0.97366	0.939911	0.993997	1.21071	1.15001	1.11499	1.37527	1.38414	1.36543	0.80051	0.867974	0.83689	1.01467	0.950477	0.960693	1.17811	1.25981	1.26152	1.37486	1.36929	1.38266	0.783431	0.863786	0.963024	1.05294	1.12214	1.17284	1.23857	1.26962	1.36909	1.36175	0.796348	0.917727	0.796378	1.00322	1.17974	1.3815	1.0299	0.992763	0.973343	1.22071	1.21842	1.12504	1.35421	1.34566	1.3117	0.826479	0.788841	0.889433	0.946033	0.940167	0.933761	1.26996	1.21168	1.20773	1.34311	1.33776	1.34306	0.871499	0.812582	0.810008	0.936384	0.960839	0.971746	1.22515	1.24556	1.29296	1.31457	1.3022	1.3011	0.717363	0.707595	0.765888
SRR1524559	1.28976	1.07622	0.679805	1.29539	0.604804	1.33659	1.29054	1.0562	0.870732	1.30389	1.00012	0.782062	1.27764	0.935387	0.767604	1.26015	0.966595	0.787301	1.31069	1.06395	0.617614	1.28948	0	1.31225	1.05068	0.808292	1.2586	1.00171	0.708114	0.965633	0.796656	1.02297	0.776504	1.12147	0.885079	1.33619	1.13291	0.780978	1.34637	1.31622	1.05568	0.826979	1.02367	0.864231	1.33037	0.782415	0.808246	1.32927	1.23241	0.772951	1.33245	1.23947	0.862628	1.33437	1.26051	0.773991	1.23566	0.858836	1.33828	1.25355	0.841866	1.32942	1.25186	0.977205	1.22794	1.24083	1.2233	1.33388	1.34033	1.33242	1.3514	1.3431	1.36526	1.34134	1.27289	1.36725	1.25618	1.23034	1.25748	1.34944	1.33416	1.34848	1.34994	1.35617	1.33896	1.33238	1.33137	1.31323	1.26333	1.26147	1.24543	1.35158	1.35391	1.35711	1.33366	1.33958	1.3447	1.30871	1.32623	1.25415	1.23294	1.33689	1.32781	1.34428	1.35283	1.33186	1.24493	1.3424	1.34216	1.33773	1.34549	1.29406	1.28036	1.32875	1.26395	1.21194	1.35539	1.35392	1.36403	1.32403	1.33276	1.34115	1.24745	1.2536	1.24846	1.20891	1.20072	1.17493	1.35919	1.34501	1.35449	1.3176	1.31138	1.30749	1.25413	1.2624	1.28408	1.23224	1.23574	1.20549	1.34597	1.33863	1.35654
SRR1524560	0.535286	1.08111	1.29837	0.475286	1.28961	0.519079	0.454342	1.05763	1.35226	0.554043	1.09336	1.30276	0.558654	1.11642	1.27575	0.53956	1.11289	1.32688	0.469702	1.03926	1.27391	0.413175	1.31225	0	0.917149	1.33476	0.603175	0.88341	1.33294	0.926235	1.31861	0.86827	1.31759	0.771435	1.22309	0.569103	0.714206	1.26386	0.500817	0.470633	0.86318	1.27047	0.963617	1.26639	0.519031	1.24888	1.33521	0.642341	0.585749	1.28582	0.479071	0.712372	1.26367	0.459491	0.529248	1.2834	0.654493	1.27642	0.529517	0.62754	1.25341	0.523583	0.639699	1.34764	1.40074	1.39784	1.40869	0.890679	0.865458	0.83809	0.926486	0.903781	0.945545	1.1981	1.16256	1.08008	1.36986	1.38113	1.36301	0.755008	0.833988	0.7831	0.984998	0.904324	0.923145	1.16571	1.25728	1.25923	1.37242	1.36855	1.38259	0.735106	0.808958	0.920427	1.03318	1.10059	1.15462	1.23368	1.26355	1.36762	1.36093	0.743823	0.898453	0.755657	0.960898	1.16481	1.3809	0.998634	0.954016	0.939807	1.21101	1.21909	1.12074	1.34729	1.34537	1.31186	0.757062	0.720728	0.818699	0.91478	0.904435	0.900143	1.27548	1.21062	1.20898	1.34488	1.34029	1.34412	0.800823	0.750732	0.75606	0.919269	0.939399	0.960866	1.23631	1.25735	1.29507	1.32381	1.3059	1.30107	0.665452	0.665209	0.686236
SRR1524561	0.943658	0.9318	1.04814	0.928516	0.992435	0.972332	0.923419	0.871398	1.16764	0.920534	0.917392	1.03737	0.88142	0.879404	0.979229	0.874497	0.865733	1.11659	0.972092	0.822459	1.01117	0.924797	1.05068	0.917149	0	1.11031	0.88376	0.726847	1.08749	0.757216	1.12087	0.743482	1.10036	0.780675	0.963415	0.979664	0.794398	0.957574	1.01139	0.895988	0.751446	0.971471	0.788905	0.964127	0.988263	0.963083	1.09751	1.02878	0.873374	1.03444	0.964837	0.973063	1.01076	0.972109	0.885649	1.00067	0.918281	1.01602	0.988011	0.887479	1.02605	0.996523	0.88166	1.16669	1.38016	1.36999	1.38568	1.1304	1.13011	1.10915	1.11804	1.12496	1.12619	1.20278	1.1513	1.16577	1.34833	1.35518	1.34049	1.08697	1.09943	1.07956	1.14951	1.12058	1.11762	1.20058	1.24872	1.24277	1.35267	1.33513	1.3495	1.08594	1.09756	1.10744	1.16161	1.17048	1.19351	1.23796	1.23835	1.33839	1.31598	1.0737	1.13036	1.07657	1.12183	1.17128	1.35093	1.13552	1.09677	1.10424	1.23197	1.19206	1.14621	1.32293	1.30248	1.27281	1.07186	1.07464	1.08983	1.07723	1.06949	1.08111	1.19396	1.16611	1.17455	1.25263	1.26141	1.25023	1.06478	1.06539	1.07625	1.09605	1.06744	1.0757	1.18396	1.18732	1.23363	1.24697	1.2205	1.18996	1.03551	1.04561	1.06499
SRR1524563	1.33397	1.17746	0.80539	1.32685	0.805646	1.35967	1.32723	1.11574	0.59921	1.32847	1.06658	0.88376	1.32262	1.04595	0.866512	1.31458	1.08034	0.779791	1.33892	1.17257	0.831246	1.32621	0.808292	1.33476	1.11031	0	1.30388	1.12006	0.641715	1.05122	0.797362	1.14737	0.850345	1.20224	1.02976	1.35486	1.22102	0.956859	1.36199	1.33641	1.15133	0.783204	1.15214	0.917749	1.3483	0.93507	0.885186	1.3506	1.28751	0.915602	1.34719	1.30809	1.02507	1.35468	1.30503	0.828654	1.28898	0.951542	1.35407	1.30921	0.978565	1.34618	1.30541	1.11275	1.16231	1.17443	1.14625	1.36225	1.36483	1.36421	1.36886	1.36708	1.37596	1.34836	1.32497	1.37333	1.21158	1.17025	1.21122	1.36824	1.36274	1.36448	1.37171	1.37214	1.36374	1.34442	1.3283	1.33145	1.22264	1.22343	1.20482	1.36725	1.36926	1.36881	1.3678	1.37003	1.36993	1.33425	1.34114	1.22155	1.19995	1.36258	1.35979	1.36291	1.36862	1.347	1.2095	1.36581	1.36619	1.36473	1.36074	1.31508	1.32214	1.3235	1.24371	1.22676	1.36914	1.36744	1.37292	1.35634	1.35433	1.3582	1.28888	1.28706	1.26431	1.21068	1.19522	1.16145	1.36934	1.36358	1.3666	1.35563	1.35146	1.3545	1.31637	1.31575	1.33872	1.26877	1.27087	1.24701	1.35974	1.35961	1.36847
SRR1524565	0.739946	1.02994	1.26415	0.655166	1.24764	0.739261	0.616898	1.01641	1.30484	0.48635	1.03249	1.24553	0.594091	1.07686	1.23166	0.585965	1.06104	1.27879	0.685406	1.03363	1.21962	0.639809	1.2586	0.603175	0.88376	1.30388	0	0.768007	1.28089	0.824606	1.27063	0.756433	1.26835	0.761423	1.1896	0.728452	0.754168	1.22616	0.751009	0.655503	0.817476	1.23094	0.861464	1.21561	0.658578	1.19938	1.29847	0.764984	0.67867	1.24508	0.667236	0.772173	1.21238	0.676053	0.641396	1.22467	0.676881	1.21915	0.657452	0.578944	1.19681	0.667502	0.646636	1.313	1.39409	1.39179	1.40349	0.857292	0.856758	0.850563	0.914661	0.912668	0.953211	1.18392	1.12031	1.08261	1.36125	1.37224	1.35348	0.789161	0.836103	0.795841	0.979477	0.913465	0.914183	1.14633	1.22391	1.2453	1.36174	1.35593	1.37101	0.769437	0.791714	0.902353	1.02271	1.07973	1.13524	1.21769	1.25118	1.35538	1.3446	0.777722	0.863147	0.772985	0.962605	1.14622	1.36823	0.971055	0.95717	0.926976	1.20332	1.20835	1.09494	1.33835	1.33163	1.29478	0.805665	0.778212	0.816207	0.881307	0.897539	0.878306	1.24302	1.19549	1.18881	1.32604	1.32162	1.32807	0.822794	0.748914	0.759202	0.872718	0.912867	0.920866	1.20608	1.24114	1.2696	1.29558	1.29758	1.2864	0.735876	0.719146	0.781947
SRR1524568	0.892534	0.910939	1.03876	0.857143	0.939274	0.973519	0.834955	0.840307	1.17223	0.828142	0.857121	0.98391	0.806601	0.850437	0.903045	0.782841	0.780385	1.09497	0.919827	0.841237	0.956725	0.847821	1.00171	0.88341	0.726847	1.12006	0.768007	0	1.05583	0.691295	1.1074	0.60201	1.05387	0.703482	0.86957	0.96058	0.70908	0.915687	0.999516	0.903957	0.655851	0.95123	0.654653	0.89436	0.943105	0.900084	1.08772	0.995478	0.821626	0.96239	0.945221	0.876878	0.928957	0.954641	0.802425	0.928293	0.819477	0.920827	0.950777	0.80209	0.917855	0.946197	0.802788	1.15825	1.38758	1.38362	1.39714	1.05403	1.05893	1.04964	1.07406	1.07219	1.08947	1.19036	1.11031	1.15424	1.33851	1.3591	1.33536	1.03721	1.04094	1.02912	1.10024	1.08116	1.07227	1.189	1.2222	1.22935	1.35038	1.33156	1.35117	1.03185	1.03846	1.07161	1.11624	1.13249	1.15172	1.21924	1.21662	1.33633	1.31167	1.01336	1.04842	1.02364	1.09349	1.16283	1.35237	1.09042	1.07217	1.06013	1.20971	1.17623	1.10389	1.32104	1.29474	1.25932	1.03979	1.02924	1.05608	1.02592	1.02429	1.02771	1.16816	1.13587	1.13615	1.24809	1.25082	1.23482	1.0452	1.00724	1.01735	1.01124	1.0203	1.02894	1.143	1.16597	1.22155	1.22792	1.22204	1.18569	1.00411	0.998036	1.02776
SRR1524570	1.32638	1.15412	0.820507	1.32295	0.760115	1.35687	1.32337	1.12093	0.699779	1.3266	1.03733	0.799975	1.31211	0.997148	0.815541	1.30593	1.04595	0.735398	1.33392	1.15535	0.814711	1.3235	0.708114	1.33294	1.08749	0.641715	1.28089	1.05583	0	1.02773	0.801643	1.10049	0.812493	1.18883	0.998268	1.34727	1.19818	0.902224	1.35829	1.33125	1.13945	0.83018	1.10747	0.833378	1.3412	0.864264	0.826714	1.3406	1.27502	0.826291	1.34303	1.2935	0.945899	1.34997	1.28843	0.80018	1.26849	0.854882	1.34887	1.2885	0.940283	1.34101	1.28445	1.05626	1.17436	1.18952	1.1613	1.35477	1.35815	1.35866	1.36315	1.36032	1.37046	1.34786	1.3029	1.3671	1.22418	1.18262	1.22226	1.36371	1.35536	1.35958	1.36456	1.36665	1.35256	1.33974	1.33133	1.32239	1.24099	1.23833	1.21878	1.36143	1.36149	1.36273	1.36057	1.35832	1.35633	1.33426	1.33634	1.22765	1.1979	1.35514	1.35194	1.35795	1.36104	1.34075	1.21551	1.35609	1.35685	1.36047	1.35777	1.3018	1.31731	1.3247	1.24481	1.22611	1.36473	1.36139	1.36661	1.34403	1.3435	1.34957	1.26986	1.27017	1.25092	1.18519	1.19383	1.14711	1.36355	1.35414	1.35965	1.34635	1.33781	1.34091	1.29724	1.30573	1.31814	1.25958	1.25153	1.23013	1.35641	1.35474	1.36141
SRR1524572	0.958129	0.908163	0.973942	0.925248	0.943055	1.00935	0.913923	0.864225	1.09111	0.881843	0.841309	0.974354	0.879578	0.775026	0.9018	0.865515	0.827468	0.950883	0.975388	0.895643	0.938853	0.926492	0.965633	0.926235	0.757216	1.05122	0.824606	0.691295	1.02773	0	0.931103	0.636363	0.97013	0.819502	0.965744	0.993009	0.825758	0.975541	1.02276	0.956307	0.761164	0.955214	0.773453	0.967861	0.975873	0.902926	1.03972	1.03429	0.899999	1.00256	0.976454	0.956774	0.987545	0.986087	0.904781	0.978691	0.907108	0.985833	0.981601	0.880974	0.950278	0.977058	0.904707	1.11392	1.32721	1.32733	1.32959	1.06646	1.07661	1.06645	1.08946	1.09217	1.10861	1.19438	1.12536	1.17174	1.30076	1.29661	1.29556	1.06044	1.06591	1.04488	1.11466	1.09237	1.08595	1.1837	1.23502	1.22521	1.31165	1.30121	1.30924	1.04848	1.05743	1.07784	1.11772	1.13987	1.16056	1.2061	1.23071	1.29935	1.27537	1.0368	1.06325	1.04972	1.12378	1.18696	1.31017	1.11092	1.0901	1.07063	1.2228	1.19102	1.11818	1.31371	1.2806	1.23919	1.06208	1.05641	1.07284	1.05266	1.05099	1.06168	1.17692	1.1597	1.15792	1.23577	1.24319	1.23444	1.06558	1.01823	1.03227	1.04812	1.06276	1.04623	1.15759	1.198	1.21987	1.21866	1.23994	1.19748	1.02078	1.01636	1.05035
SRR1524574	1.31256	1.16192	0.828795	1.31231	0.837389	1.34711	1.30818	1.12635	0.881961	1.31621	1.05599	0.909867	1.29964	0.989683	0.83666	1.29031	1.06433	0.609579	1.32347	1.17257	0.805709	1.30617	0.796656	1.31861	1.12087	0.797362	1.27063	1.1074	0.801643	0.931103	0	1.04334	0.654083	1.20194	1.00423	1.34209	1.20595	0.977286	1.35041	1.32905	1.14227	0.91113	1.14184	0.981698	1.33279	0.840776	0.819397	1.33357	1.27606	0.943286	1.33563	1.27836	0.989934	1.34277	1.28709	0.927246	1.2809	0.949459	1.34407	1.28362	0.908567	1.33324	1.28214	1.0062	1.15727	1.17337	1.14172	1.33864	1.34338	1.33994	1.35961	1.34851	1.36898	1.34273	1.29339	1.3695	1.20135	1.16375	1.19858	1.35294	1.33746	1.34595	1.356	1.36007	1.34778	1.33169	1.29991	1.32381	1.21497	1.22083	1.19202	1.35239	1.35621	1.36053	1.34005	1.34747	1.34824	1.31045	1.32598	1.21333	1.19906	1.34216	1.33284	1.34744	1.36321	1.34418	1.20049	1.35192	1.35033	1.34689	1.35086	1.3199	1.30789	1.32187	1.24872	1.22488	1.35855	1.35194	1.36538	1.33772	1.3465	1.3533	1.292	1.30556	1.29091	1.23982	1.22794	1.21405	1.3623	1.34741	1.35434	1.32523	1.3264	1.32717	1.29463	1.31054	1.3223	1.2248	1.27862	1.25892	1.34594	1.34263	1.35738
SRR1524577	0.908066	0.910721	1.07242	0.879211	0.995428	0.966708	0.849494	0.865689	1.21055	0.826251	0.859675	1.01558	0.825688	0.865369	0.945112	0.795123	0.827136	1.06234	0.914342	0.847342	0.993956	0.828351	1.02297	0.86827	0.743482	1.14737	0.756433	0.60201	1.10049	0.636363	1.04334	0	1.00106	0.73965	0.943449	0.950887	0.750586	0.969612	0.979965	0.885223	0.694836	0.992884	0.706006	0.971529	0.934285	0.942289	1.07979	0.976441	0.826081	1.0077	0.929842	0.890102	0.964139	0.931897	0.835818	0.970566	0.838649	0.980189	0.927753	0.792767	0.957615	0.931321	0.826282	1.11433	1.3793	1.37549	1.385	1.03053	1.04259	1.02621	1.06125	1.05476	1.08565	1.20325	1.10545	1.1585	1.3436	1.34928	1.33191	1.01266	1.01922	1.00469	1.0892	1.06154	1.0531	1.18328	1.23202	1.23365	1.33567	1.32942	1.34062	1.01155	1.0149	1.05392	1.09481	1.13172	1.16243	1.20655	1.23145	1.3286	1.30829	0.981132	1.01692	1.00086	1.08299	1.16587	1.3421	1.0771	1.06476	1.05181	1.21411	1.18884	1.10686	1.31895	1.29313	1.25242	1.01577	1.00862	1.02733	1.01339	1.02641	1.02725	1.1779	1.15561	1.16259	1.25633	1.25884	1.2555	1.01862	0.978326	0.994062	1.00802	1.01615	1.01371	1.15666	1.1832	1.23144	1.21783	1.22907	1.21238	0.980077	0.973284	1.00915
