	SRR1524454	SRR1524457	SRR1524458	SRR1524459	SRR1524460	SRR1524461	SRR1524462	SRR1524463	SRR1524464	SRR1524465	SRR1524466	SRR1524467	SRR1524468	SRR1524469	SRR1524471	SRR1524472	SRR1524474	SRR1524475	SRR1524477	SRR1524479	SRR1524481	SRR1524541	SRR1524559	SRR1524560	SRR1524561	SRR1524563	SRR1524565	SRR1524568	SRR1524570	SRR1524572	SRR1524574	SRR1524577	SRR1524579	SRR1524756	SRR1524758	SRR1524760	SRR1524762	SRR1524763	SRR1524764	SRR1524766	SRR1524767	SRR1524768	SRR1524769	SRR1524770	SRR1524771	SRR1524772	SRR1524773	SRR1524774	SRR1524775	SRR1524776	SRR1524777	SRR1524778	SRR1524779	SRR1524780	SRR1524781	SRR1524782	SRR1524783	SRR1524784	SRR1524785	SRR1524786	SRR1524787	SRR1524788	SRR1524789	SRR1524790	SRR2107462	SRR2107473	SRR2107486	SRR2107495	SRR2107506	SRR2113669	SRR2107428	SRR2107429	SRR2107430	SRR2107431	SRR2107432	SRR2107433	SRR2107434	SRR2107435	SRR2107436	SRR2107437	SRR2107438	SRR2107439	SRR2107440	SRR2107441	SRR2107442	SRR2107443	SRR2107444	SRR2107445	SRR2107446	SRR2107447	SRR2107448	SRR2107454	SRR2107455	SRR2107456	SRR2107457	SRR2107458	SRR2107459	SRR2107460	SRR2107461	SRR2107463	SRR2107464	SRR2107465	SRR2107466	SRR2107467	SRR2107468	SRR2107469	SRR2107470	SRR2107471	SRR2107472	SRR2107474	SRR2107475	SRR2107476	SRR2107477	SRR2107478	SRR2107479	SRR2107480	SRR2107481	SRR2107482	SRR2107483	SRR2107484	SRR2107485	SRR2107487	SRR2107488	SRR2107489	SRR2107490	SRR2107491	SRR2107492	SRR2107493	SRR2107494	SRR2107496	SRR2107497	SRR2107498	SRR2107499	SRR2107500	SRR2107501	SRR2107502	SRR2107503	SRR2107504	SRR2107505	SRR2107507	SRR2110714	SRR2111742	SRR2112665
SRR1524454	0	0.893127	1.12248	0.358495	1.09872	0.564518	0.422039	0.889624	1.21093	0.576813	0.912962	1.11375	0.47443	0.926903	1.08644	0.45512	0.899942	1.17469	0.363276	0.8646	1.10415	0.452466	1.14055	0.477909	0.809856	1.20616	0.644327	0.763204	1.18041	0.83038	1.17671	0.773403	1.1618	0.678721	1.02836	0.5447	0.629396	1.0851	0.526928	0.534383	0.722987	1.10166	0.800826	1.09362	0.535545	1.07935	1.16437	0.536097	0.459224	1.09279	0.520987	0.543082	1.06239	0.526872	0.428034	1.11011	0.542765	1.09924	0.545992	0.529269	1.07075	0.517032	0.50093	1.20173	1.34996	1.33427	1.37542	0.777261	0.76049	0.717248	0.766964	0.735295	0.788413	0.980913	0.955485	0.895786	1.21501	1.24932	1.20453	0.669818	0.705499	0.729539	0.793234	0.742333	0.749132	0.939462	1.03345	1.03051	1.23155	1.21563	1.24934	0.699129	0.726343	0.803947	0.83684	0.880918	0.920617	1.02485	1.02598	1.20727	1.19327	0.680945	0.77837	0.701443	0.797	0.960762	1.23826	0.805331	0.777963	0.771241	0.976423	0.995352	0.900148	1.16644	1.17083	1.12814	0.702953	0.676993	0.767741	0.754707	0.745029	0.740528	1.05482	0.980413	0.974655	1.1618	1.15664	1.16268	0.739137	0.705651	0.701485	0.743614	0.767072	0.783502	0.994934	1.03291	1.09161	1.10998	1.09876	1.10445	0.650445	0.6565	0.698652
SRR1524457	0.893127	0	0.852569	0.862684	0.791873	0.905498	0.859296	0.663376	0.998166	0.842851	0.679725	0.839809	0.824837	0.631662	0.810537	0.807828	0.663344	0.941834	0.930108	0.664835	0.833827	0.862637	0.87872	0.869235	0.67131	0.986899	0.797019	0.659946	0.946762	0.656552	0.95671	0.672599	0.91028	0.726664	0.775156	0.913633	0.739981	0.807543	0.959306	0.874233	0.688205	0.802679	0.677979	0.820254	0.92736	0.809868	0.914576	0.988022	0.842356	0.841664	0.928859	0.898441	0.819453	0.925476	0.850244	0.81562	0.880955	0.853145	0.955687	0.839187	0.804295	0.943408	0.856914	1.00838	1.25608	1.22533	1.2964	0.974118	0.983385	0.954032	0.937623	0.960244	0.927836	0.896659	0.874299	0.933637	1.0772	1.10769	1.06999	0.978475	0.969567	0.981399	0.940085	0.949527	0.937099	0.931617	0.951497	0.926027	1.10643	1.06367	1.11005	0.992043	0.980364	0.959334	0.923618	0.908404	0.88111	0.894108	0.924704	1.07594	1.01061	0.949563	0.962885	0.990358	0.948927	0.913207	1.08862	0.928229	0.890628	0.891555	0.937483	0.888546	0.883752	1.05401	1.00766	0.961448	0.992697	0.990368	0.979296	0.889614	0.857568	0.90758	0.872704	0.859938	0.882463	0.985073	0.973558	0.981789	0.969155	0.959734	0.973358	0.889899	0.878485	0.841279	0.842056	0.878081	0.91011	0.931298	0.951295	0.894765	0.961009	0.96528	0.98284
SRR1524458	1.12248	0.852569	0	1.10085	0.477736	1.14965	1.09789	0.833889	0.644343	1.07365	0.810905	0.626693	1.06314	0.754519	0.606677	1.06045	0.763577	0.590233	1.13605	0.818975	0.440505	1.09906	0.521651	1.09977	0.848622	0.634133	1.03235	0.854326	0.633643	0.794422	0.62613	0.879708	0.669939	0.929651	0.686075	1.14855	0.950041	0.616357	1.17208	1.10781	0.881299	0.538788	0.847213	0.617795	1.13842	0.599011	0.632286	1.1931	1.0459	0.606382	1.1503	1.08899	0.751812	1.15775	1.07092	0.607055	1.07027	0.673016	1.17317	1.0713	0.68862	1.15659	1.08805	0.839469	1.09868	1.06701	1.13814	1.16292	1.16488	1.15763	1.14328	1.1728	1.16337	1.07291	1.06191	1.12871	0.998977	1.00091	1.00258	1.17727	1.17172	1.17462	1.15597	1.16612	1.15238	1.08171	1.07649	1.04987	1.02408	1.00088	1.00203	1.17719	1.17702	1.15767	1.13923	1.13411	1.09474	1.00329	1.05765	0.987624	0.94327	1.1663	1.16067	1.17992	1.15052	1.08855	0.991693	1.13681	1.13054	1.12628	1.09829	1.0463	1.05776	1.0875	0.976359	0.939679	1.18853	1.17949	1.17229	1.12134	1.09327	1.12059	0.973059	0.992919	1.02531	0.953046	0.916068	0.926531	1.17656	1.16451	1.17086	1.10677	1.11942	1.09412	0.989603	1.01401	1.01174	0.961256	1.02076	0.933846	1.16362	1.1701	1.17683
SRR1524459	0.358495	0.862684	1.10085	0	1.07776	0.506827	0.310553	0.847834	1.1891	0.456205	0.86896	1.09978	0.427114	0.894237	1.05646	0.374196	0.865718	1.15087	0.339471	0.834305	1.07899	0.355518	1.12046	0.3977	0.760603	1.17615	0.543499	0.702351	1.15481	0.765134	1.15187	0.716004	1.13786	0.605689	1	0.499725	0.571504	1.05613	0.434714	0.476466	0.672159	1.06851	0.744769	1.06157	0.455305	1.04255	1.1458	0.547772	0.415187	1.07603	0.465503	0.50372	1.0512	0.435079	0.359265	1.07885	0.484342	1.07006	0.500108	0.457997	1.03601	0.426933	0.462646	1.19328	1.33926	1.32067	1.36887	0.730985	0.705145	0.682921	0.749655	0.726564	0.772464	0.959986	0.939449	0.880232	1.20398	1.23162	1.1891	0.626104	0.692563	0.679497	0.776715	0.729291	0.746142	0.921114	1.0169	1.01905	1.21626	1.20618	1.23373	0.629763	0.675232	0.759784	0.817803	0.87115	0.908852	1.00626	1.02085	1.1951	1.18079	0.647217	0.731894	0.66345	0.794409	0.950392	1.2247	0.791909	0.767945	0.747573	0.969258	0.98488	0.890186	1.16519	1.15781	1.10888	0.680617	0.639568	0.724419	0.73157	0.720004	0.713632	1.0472	0.96551	0.968645	1.14942	1.14144	1.14859	0.707329	0.644539	0.632373	0.715642	0.761864	0.756196	0.999911	1.0363	1.09707	1.11913	1.10506	1.10004	0.574115	0.581868	0.654401
SRR1524460	1.09872	0.791873	0.477736	1.07776	0	1.13479	1.07433	0.751379	0.765365	1.05179	0.740384	0.565685	1.04174	0.665037	0.405287	1.03389	0.634572	0.650579	1.1145	0.755664	0.463201	1.07861	0.513542	1.08594	0.788539	0.697147	1.01073	0.765583	0.625405	0.76464	0.684907	0.806381	0.660558	0.859174	0.564633	1.12588	0.886464	0.449246	1.16058	1.08082	0.817919	0.496669	0.780361	0.518151	1.1226	0.525313	0.571637	1.16779	1.01184	0.514187	1.1302	1.07232	0.5982	1.13916	1.03943	0.526548	1.04534	0.623387	1.14909	1.04318	0.555622	1.13913	1.05319	0.855406	1.15326	1.12374	1.19219	1.14037	1.14619	1.13096	1.10461	1.1313	1.122	1.02341	1.02006	1.09163	0.997972	0.991066	0.9778	1.14947	1.13591	1.14636	1.11669	1.12713	1.10999	1.03068	1.01627	0.984011	0.997488	0.977674	0.979355	1.156	1.13939	1.11453	1.10711	1.10506	1.05977	0.967679	1.00171	0.970881	0.907855	1.1382	1.13453	1.15211	1.0977	1.02976	0.955045	1.08832	1.08348	1.07906	1.04416	0.975939	0.986332	1.03184	0.908951	0.879639	1.15033	1.14616	1.13511	1.06723	1.03895	1.06648	0.872248	0.881416	0.929564	0.843427	0.813143	0.810679	1.13199	1.12923	1.13974	1.0674	1.06934	1.05888	0.923222	0.934771	0.965296	0.891116	0.923486	0.835909	1.14179	1.14797	1.15426
SRR1524461	0.564518	0.905498	1.14965	0.506827	1.13479	0	0.483352	0.89081	1.20666	0.544702	0.913941	1.15066	0.55987	0.949444	1.12417	0.540437	0.945602	1.17794	0.546066	0.862675	1.11691	0.477809	1.14974	0.441193	0.778638	1.19494	0.589759	0.780395	1.17776	0.800331	1.1722	0.771599	1.16101	0.710462	1.08747	0.458702	0.651401	1.11966	0.404603	0.459144	0.775094	1.11917	0.824937	1.12197	0.505541	1.09498	1.18546	0.661187	0.594002	1.12644	0.49476	0.706221	1.11947	0.381059	0.562515	1.1282	0.68412	1.13419	0.56209	0.610659	1.09824	0.548924	0.609418	1.21967	1.34713	1.32703	1.3771	0.816042	0.790025	0.760903	0.820694	0.811444	0.812439	0.993441	0.98484	0.908954	1.2274	1.25276	1.21315	0.703918	0.781646	0.740254	0.842878	0.80664	0.842467	0.968667	1.0398	1.06229	1.23873	1.22555	1.25212	0.690755	0.747453	0.800401	0.872318	0.907184	0.942361	1.0382	1.06313	1.21743	1.20451	0.719207	0.802519	0.746077	0.852289	0.991382	1.24162	0.853979	0.792055	0.785487	1.01072	1.00934	0.931391	1.19862	1.17755	1.11976	0.739022	0.707625	0.735542	0.786368	0.776855	0.779283	1.08409	1.01042	1.01768	1.18377	1.17622	1.18582	0.749427	0.701086	0.693606	0.780981	0.796252	0.77266	1.03347	1.06782	1.11865	1.15245	1.13332	1.12928	0.652067	0.626072	0.662924
SRR1524462	0.422039	0.859296	1.09789	0.310553	1.07433	0.483352	0	0.835865	1.187	0.422544	0.857071	1.09677	0.426221	0.900205	1.05777	0.34409	0.857938	1.14649	0.388337	0.846053	1.0684	0.349453	1.11316	0.374409	0.744942	1.17897	0.501815	0.677124	1.15276	0.74014	1.1471	0.683978	1.12733	0.595261	0.998548	0.514151	0.548808	1.06148	0.434362	0.428579	0.641294	1.06251	0.712935	1.05809	0.482851	1.03184	1.14487	0.591647	0.418199	1.07193	0.478369	0.528496	1.04722	0.402471	0.373475	1.06974	0.488992	1.06719	0.506376	0.45974	1.02971	0.456475	0.489595	1.18677	1.35386	1.33558	1.38218	0.7323	0.713613	0.690114	0.764905	0.735221	0.781771	0.967217	0.939209	0.882106	1.21965	1.2465	1.20342	0.632266	0.695672	0.677806	0.779647	0.747896	0.765864	0.924952	1.02823	1.03038	1.23251	1.22036	1.24891	0.632053	0.67492	0.759067	0.810399	0.873957	0.91172	1.00465	1.03262	1.20849	1.19212	0.640736	0.725519	0.674347	0.808704	0.960799	1.23686	0.800783	0.766712	0.748397	0.985431	0.99695	0.895056	1.18377	1.16806	1.11333	0.685031	0.649515	0.715874	0.725601	0.729238	0.723106	1.04858	0.971627	0.982209	1.15818	1.1508	1.15976	0.713699	0.63621	0.627394	0.716829	0.75499	0.749072	0.998711	1.04699	1.10615	1.12232	1.12215	1.11477	0.594411	0.57083	0.648983
SRR1524463	0.889624	0.663376	0.833889	0.847834	0.751379	0.89081	0.835865	0	0.980278	0.800812	0.576753	0.808088	0.805983	0.649942	0.737987	0.788188	0.592869	0.915416	0.900801	0.638448	0.788368	0.84351	0.847649	0.8415	0.609041	0.932998	0.762445	0.591465	0.902667	0.589512	0.921352	0.610465	0.896256	0.668671	0.719106	0.89283	0.682305	0.741394	0.930319	0.830209	0.645947	0.75059	0.623825	0.748147	0.89751	0.758511	0.877951	0.974346	0.803646	0.787236	0.902659	0.901986	0.789025	0.898497	0.816461	0.772746	0.850566	0.820511	0.920611	0.814743	0.742575	0.914875	0.842201	1.00498	1.25769	1.22212	1.30299	0.951973	0.962086	0.927941	0.902872	0.941087	0.912984	0.893319	0.890976	0.920821	1.06928	1.09835	1.0554	0.94635	0.942122	0.934988	0.928082	0.927747	0.925121	0.910485	0.92876	0.921097	1.07421	1.04425	1.09213	0.949434	0.936728	0.902135	0.921483	0.932102	0.906073	0.898012	0.935708	1.04618	1.00366	0.915083	0.939975	0.956516	0.902885	0.889224	1.07324	0.903488	0.874283	0.875497	0.932547	0.875069	0.834291	1.03797	0.979956	0.924614	0.947475	0.944876	0.915643	0.8685	0.835904	0.86774	0.859682	0.81725	0.853954	0.945598	0.918069	0.932238	0.923888	0.912252	0.923956	0.875302	0.872603	0.858269	0.859391	0.88973	0.965472	0.93034	0.941301	0.905662	0.924755	0.922023	0.936116
SRR1524464	1.21093	0.998166	0.644343	1.1891	0.765365	1.20666	1.187	0.980278	0	1.15723	0.939479	0.819439	1.14883	0.904518	0.850461	1.15217	0.962641	0.553943	1.20836	1.00057	0.752097	1.17969	0.701522	1.1668	0.982771	0.522019	1.0944	1.00017	0.563907	0.919874	0.648193	1.02482	0.747937	1.07978	0.94608	1.20482	1.07933	0.883118	1.23259	1.17643	1.03486	0.723758	0.993937	0.83767	1.19587	0.811099	0.700536	1.2475	1.14355	0.840099	1.21303	1.18888	0.944666	1.21989	1.1606	0.782762	1.16043	0.858269	1.238	1.15158	0.888592	1.22321	1.17364	0.914659	1.00884	0.952836	1.05364	1.22564	1.22654	1.22344	1.19388	1.23242	1.21955	1.12314	1.14096	1.16877	0.981701	0.977238	0.986805	1.23972	1.23492	1.24171	1.21054	1.21875	1.20509	1.13354	1.11437	1.10909	1.01602	1.00098	0.994443	1.24231	1.2402	1.22441	1.19557	1.1755	1.13314	1.06271	1.10497	0.97266	0.966496	1.2251	1.22592	1.24173	1.2023	1.13763	0.978973	1.18967	1.18888	1.18451	1.14493	1.09998	1.13361	1.11093	1.01502	1.00717	1.25792	1.23754	1.22835	1.18722	1.14164	1.17946	1.03884	1.06578	1.09522	0.995743	0.966279	0.96901	1.24133	1.22958	1.23046	1.16629	1.19017	1.15137	1.06664	1.09208	1.06007	1.02146	1.08089	1.02077	1.23399	1.23729	1.2292
SRR1524465	0.576813	0.842851	1.07365	0.456205	1.05179	0.544702	0.422544	0.800812	1.15723	0	0.797006	1.08615	0.417865	0.850075	1.03231	0.407949	0.823929	1.11548	0.530502	0.816305	1.04541	0.474922	1.08768	0.436072	0.698967	1.13533	0.370236	0.627157	1.11724	0.664102	1.11396	0.623849	1.10265	0.592187	1.00479	0.525145	0.585458	1.03863	0.533863	0.474529	0.637407	1.03956	0.668152	1.03572	0.48711	1.01396	1.1163	0.648816	0.505507	1.05856	0.507444	0.641135	1.04202	0.478509	0.472248	1.05084	0.523121	1.05549	0.499198	0.444091	1.01104	0.504768	0.51955	1.17396	1.32051	1.29572	1.35691	0.691945	0.68986	0.682767	0.705354	0.729739	0.72902	0.908783	0.915713	0.825596	1.16035	1.20338	1.15216	0.627985	0.692961	0.635712	0.748001	0.716697	0.739487	0.877479	0.976414	0.995411	1.18889	1.17277	1.20481	0.603525	0.619141	0.688842	0.793894	0.829233	0.857432	0.964271	0.993605	1.16375	1.14551	0.622335	0.6965	0.652517	0.755111	0.904179	1.19659	0.754545	0.731795	0.709357	0.945616	0.95087	0.857545	1.14341	1.12559	1.06289	0.658595	0.621528	0.63019	0.680404	0.66411	0.66055	1.01377	0.92378	0.935585	1.11904	1.10709	1.11615	0.655327	0.571066	0.573825	0.660513	0.715926	0.702967	0.96614	1.01774	1.07883	1.09345	1.09056	1.08326	0.576475	0.552715	0.588979
SRR1524466	0.912962	0.679725	0.810905	0.86896	0.740384	0.913941	0.857071	0.576753	0.939479	0.797006	0	0.748145	0.81116	0.632893	0.731349	0.804567	0.607054	0.879758	0.9236	0.694356	0.790396	0.869884	0.807975	0.855144	0.643135	0.909414	0.756205	0.598582	0.858455	0.562153	0.877849	0.600927	0.81822	0.717795	0.742486	0.905355	0.73184	0.752591	0.947553	0.855576	0.661734	0.743431	0.641911	0.746693	0.904615	0.744458	0.826136	0.983191	0.82545	0.788505	0.912648	0.920811	0.761106	0.908441	0.85065	0.760696	0.857087	0.787757	0.923656	0.821155	0.728992	0.918361	0.863452	0.941797	1.23591	1.20416	1.2818	0.93642	0.953468	0.932507	0.896379	0.945162	0.91135	0.883669	0.900441	0.913301	1.04648	1.09521	1.05098	0.948448	0.949091	0.936621	0.923201	0.929602	0.930937	0.903151	0.911137	0.922049	1.07316	1.04882	1.09638	0.948785	0.934041	0.907597	0.919076	0.917996	0.881933	0.885238	0.913746	1.0404	0.996698	0.911647	0.929426	0.955418	0.921664	0.897044	1.07729	0.904161	0.88795	0.881415	0.924518	0.882499	0.850677	1.03578	0.98415	0.922813	0.955177	0.947127	0.918459	0.867282	0.835888	0.874001	0.857159	0.811001	0.850655	0.938029	0.915373	0.922431	0.931401	0.905342	0.9208	0.872741	0.885653	0.856528	0.862531	0.892361	0.960789	0.922235	0.939594	0.918071	0.932775	0.926528	0.933156
SRR1524467	1.11375	0.839809	0.626693	1.09978	0.565685	1.15066	1.09677	0.808088	0.819439	1.08615	0.748145	0	1.05756	0.7383	0.556697	1.05029	0.715407	0.734461	1.13739	0.850522	0.643974	1.09999	0.62902	1.11159	0.848877	0.7768	1.03369	0.81398	0.687075	0.807442	0.750686	0.838696	0.697185	0.921486	0.638038	1.15415	0.943105	0.625152	1.18534	1.12642	0.848827	0.599144	0.810905	0.567362	1.14196	0.611898	0.687286	1.17942	1.0494	0.601274	1.14802	1.07764	0.626257	1.16649	1.0683	0.584774	1.05886	0.598794	1.1682	1.05514	0.610728	1.15448	1.06374	0.736582	1.18601	1.16359	1.21852	1.14659	1.16071	1.14472	1.13777	1.1575	1.1554	1.07247	1.04046	1.1334	1.07178	1.07684	1.06243	1.17234	1.15284	1.17118	1.13993	1.15395	1.13388	1.07843	1.05067	1.04011	1.08196	1.05985	1.0713	1.17808	1.17073	1.15252	1.12287	1.11548	1.08286	1.00571	1.0447	1.0446	0.991344	1.14908	1.13968	1.17449	1.1402	1.08589	1.05517	1.11637	1.11099	1.11032	1.08345	1.02528	1.02925	1.09088	1.00306	0.96417	1.18399	1.17261	1.16892	1.10085	1.09018	1.1159	0.947257	0.971559	1.00389	0.958086	0.927025	0.931766	1.17072	1.15449	1.16801	1.09312	1.08973	1.07076	0.96008	0.976066	0.980663	0.919967	0.980149	0.913733	1.16667	1.16459	1.17623
SRR1524468	0.47443	0.824837	1.06314	0.427114	1.04174	0.55987	0.426221	0.805983	1.14883	0.417865	0.81116	1.05756	0	0.822405	1.02308	0.33286	0.808329	1.10858	0.520481	0.783078	1.0452	0.465376	1.08162	0.438446	0.69788	1.14245	0.465751	0.632509	1.11703	0.69309	1.11382	0.642835	1.1056	0.623073	0.982856	0.479537	0.584622	1.03085	0.59293	0.50113	0.637745	1.03707	0.678051	1.02579	0.470074	1.00997	1.10817	0.593003	0.485632	1.03641	0.472752	0.624864	1.02203	0.541447	0.425796	1.04819	0.485642	1.04038	0.482561	0.404326	1.00155	0.493341	0.430558	1.15637	1.31692	1.29388	1.3513	0.699948	0.708283	0.682421	0.678446	0.711608	0.711215	0.897273	0.889665	0.819491	1.16448	1.20411	1.15555	0.635856	0.683396	0.654769	0.727087	0.693763	0.699384	0.858167	0.959824	0.971833	1.18747	1.16951	1.20714	0.644494	0.634816	0.703609	0.7752	0.799175	0.828581	0.94974	0.960193	1.15957	1.14225	0.618876	0.716843	0.663627	0.726431	0.885463	1.19449	0.717722	0.703119	0.695717	0.91517	0.925886	0.839186	1.12068	1.1205	1.06749	0.665378	0.625284	0.652162	0.669247	0.647469	0.639665	0.997361	0.912778	0.917785	1.1129	1.10654	1.11372	0.6486	0.597963	0.599888	0.63464	0.697795	0.698488	0.939743	0.984114	1.04547	1.06732	1.05113	1.05614	0.609	0.602329	0.607289
SRR1524469	0.926903	0.631662	0.754519	0.894237	0.665037	0.949444	0.900205	0.649942	0.904518	0.850075	0.632893	0.7383	0.822405	0	0.640986	0.826344	0.553688	0.797165	0.964453	0.669182	0.738775	0.910067	0.760145	0.891966	0.632519	0.87785	0.813647	0.610821	0.812084	0.56246	0.827053	0.640077	0.806583	0.752649	0.706658	0.928308	0.743417	0.704259	0.99914	0.907872	0.694606	0.715702	0.641737	0.695462	0.948818	0.667042	0.804892	1.01851	0.860655	0.726701	0.957335	0.946682	0.722012	0.961685	0.865516	0.718726	0.886614	0.743851	0.976702	0.843647	0.690121	0.972186	0.868193	0.921911	1.22713	1.19282	1.27148	0.99511	1.00982	0.988616	0.948182	0.980797	0.948836	0.898559	0.90482	0.93466	1.03717	1.07701	1.04221	1.00567	0.998245	1.00209	0.949189	0.968591	0.96343	0.921237	0.934955	0.920176	1.08454	1.0422	1.07726	1.01124	0.994388	0.966065	0.948783	0.917889	0.877665	0.88921	0.907112	1.05031	0.992803	0.983653	0.990979	1.0205	0.955005	0.917581	1.05558	0.927928	0.92285	0.911737	0.930036	0.892975	0.894686	1.02458	1.00043	0.947551	1.01248	1.0065	0.985583	0.912237	0.857333	0.907234	0.862246	0.839675	0.8751	0.956127	0.944188	0.951519	0.976267	0.97497	0.978443	0.893988	0.905633	0.862403	0.860419	0.877686	0.901917	0.923654	0.933199	0.871977	0.985103	0.995864	0.998432
SRR1524471	1.08644	0.810537	0.606677	1.05646	0.405287	1.12417	1.05777	0.737987	0.850461	1.03231	0.731349	0.556697	1.02308	0.640986	0	1.01298	0.605771	0.698395	1.09805	0.749594	0.566882	1.05901	0.617327	1.06857	0.77298	0.745324	0.994988	0.731326	0.674645	0.739358	0.7215	0.768075	0.689082	0.832203	0.53579	1.11102	0.874875	0.459857	1.14444	1.07136	0.793301	0.506901	0.756397	0.464795	1.10297	0.46691	0.628597	1.14953	0.997903	0.520605	1.10765	1.05614	0.562981	1.1233	1.01823	0.525353	1.0241	0.584442	1.12364	1.02233	0.459463	1.11659	1.02916	0.876748	1.19795	1.16932	1.23871	1.11834	1.1294	1.11362	1.09156	1.11953	1.10976	1.03032	1.01392	1.09042	1.05103	1.05079	1.03091	1.13081	1.12172	1.126	1.10301	1.11494	1.09968	1.02947	1.02405	0.992477	1.04649	1.02655	1.03473	1.13437	1.12016	1.09677	1.0984	1.10133	1.05787	0.979352	1.01141	1.02226	0.960098	1.11589	1.11514	1.13183	1.08937	1.03151	1.01398	1.07725	1.07527	1.0686	1.0398	0.976535	0.972377	1.05372	0.939961	0.911427	1.13178	1.12873	1.11431	1.05606	1.03336	1.05229	0.882732	0.877599	0.923197	0.870627	0.837814	0.83332	1.11426	1.10663	1.11838	1.05657	1.06054	1.04874	0.93705	0.93582	0.984158	0.921461	0.935882	0.858171	1.11837	1.1239	1.13494
SRR1524472	0.45512	0.807828	1.06045	0.374196	1.03389	0.540437	0.34409	0.788188	1.15217	0.407949	0.804567	1.05029	0.33286	0.826344	1.01298	0	0.798707	1.10541	0.492405	0.773744	1.03183	0.414292	1.06788	0.425441	0.687006	1.14289	0.455762	0.613531	1.11468	0.677189	1.10937	0.619957	1.09266	0.592688	0.966576	0.501022	0.539948	1.02448	0.549362	0.486387	0.602667	1.02508	0.661053	1.02141	0.486988	0.994316	1.1075	0.620943	0.462994	1.03302	0.505393	0.577827	1.00608	0.494395	0.403523	1.032	0.485154	1.03014	0.528304	0.416302	0.987732	0.48764	0.435715	1.14588	1.32877	1.30744	1.36239	0.694535	0.695434	0.667011	0.715256	0.699911	0.74609	0.915564	0.891056	0.836627	1.18545	1.21715	1.17208	0.63633	0.674177	0.66965	0.722036	0.706438	0.715183	0.859916	0.979582	0.972673	1.19912	1.18163	1.21778	0.638056	0.646044	0.717265	0.753344	0.802259	0.839342	0.944545	0.968567	1.17078	1.15274	0.63058	0.691135	0.675834	0.763627	0.903783	1.20386	0.730798	0.718485	0.690183	0.922334	0.933569	0.834751	1.13681	1.12686	1.07137	0.69719	0.653273	0.692475	0.6704	0.658629	0.661488	0.990781	0.915021	0.926259	1.11547	1.10707	1.12001	0.68756	0.614731	0.599625	0.633578	0.694559	0.682028	0.935094	0.975867	1.04127	1.06349	1.05567	1.05577	0.609797	0.587713	0.655498
SRR1524474	0.899942	0.663344	0.763577	0.865718	0.634572	0.945602	0.857938	0.592869	0.962641	0.823929	0.607054	0.715407	0.808329	0.553688	0.605771	0.798707	0	0.862279	0.934657	0.636635	0.738142	0.879968	0.796571	0.886441	0.613793	0.918598	0.801426	0.553003	0.863964	0.586818	0.888657	0.602684	0.8515	0.655114	0.615915	0.930681	0.678457	0.640428	0.978828	0.877897	0.593172	0.677769	0.549227	0.645512	0.937362	0.65166	0.806339	1.00385	0.815781	0.676616	0.94411	0.898237	0.676664	0.949268	0.83031	0.691503	0.847609	0.708585	0.962435	0.829033	0.629729	0.955067	0.844008	0.956535	1.2616	1.22699	1.30274	0.991763	1.00509	0.975859	0.941408	0.975858	0.948864	0.904618	0.910149	0.937462	1.05729	1.10055	1.04898	0.992797	0.983344	0.992698	0.951773	0.964359	0.959845	0.913485	0.936725	0.924282	1.08475	1.03962	1.09452	0.999127	0.979968	0.955304	0.949596	0.946032	0.901117	0.899452	0.919875	1.05319	1.0038	0.967949	0.988721	1.00953	0.952877	0.918396	1.07334	0.927177	0.911791	0.909837	0.933264	0.89069	0.880026	1.03992	0.989917	0.941821	1.00004	0.992346	0.970991	0.892325	0.851641	0.893343	0.840114	0.80494	0.851839	0.933714	0.913513	0.919572	0.972999	0.957678	0.969468	0.893435	0.90103	0.878014	0.855006	0.880942	0.942546	0.926547	0.938467	0.890798	0.98042	0.979317	0.986782
SRR1524475	1.17469	0.941834	0.590233	1.15087	0.650579	1.17794	1.14649	0.915416	0.553943	1.11548	0.879758	0.734461	1.10858	0.797165	0.698395	1.10541	0.862279	0	1.17286	0.931393	0.615094	1.13874	0.587761	1.12953	0.923341	0.540346	1.05165	0.926388	0.532516	0.826235	0.460595	0.921957	0.576161	1.0225	0.850645	1.17369	1.01999	0.77852	1.2016	1.14643	0.980317	0.67324	0.930108	0.749589	1.16479	0.682192	0.611626	1.21882	1.09991	0.739592	1.18172	1.1455	0.857138	1.18356	1.11373	0.702625	1.12099	0.77892	1.20376	1.10402	0.762461	1.19142	1.12431	0.804539	1.02549	0.975466	1.07403	1.19034	1.19449	1.18999	1.16406	1.20172	1.19156	1.09957	1.10499	1.14462	0.976977	0.975249	0.983358	1.20807	1.20226	1.20881	1.17946	1.18873	1.17482	1.10497	1.09068	1.07719	1.00078	0.985943	0.974156	1.20907	1.20549	1.18787	1.16668	1.1476	1.09977	1.03125	1.07054	0.972837	0.948712	1.19275	1.18664	1.2083	1.17389	1.11064	0.963392	1.15625	1.15733	1.15477	1.121	1.07185	1.10496	1.09306	0.994991	0.978654	1.22489	1.20541	1.19501	1.14911	1.11473	1.14948	1.00791	1.03542	1.07469	0.980715	0.945554	0.963057	1.20807	1.19473	1.19553	1.13082	1.15326	1.11825	1.04537	1.06196	1.03607	0.990346	1.05167	0.997237	1.20029	1.20052	1.19611
SRR1524477	0.363276	0.930108	1.13605	0.339471	1.1145	0.546066	0.388337	0.900801	1.20836	0.530502	0.9236	1.13739	0.520481	0.964453	1.09805	0.492405	0.934657	1.17286	0	0.896644	1.10806	0.392693	1.14442	0.406056	0.817264	1.19212	0.589246	0.772732	1.17245	0.826436	1.16998	0.766645	1.15771	0.669774	1.0498	0.54133	0.631265	1.09385	0.438037	0.498268	0.742953	1.10556	0.812814	1.10036	0.478392	1.08098	1.16945	0.48595	0.426388	1.11111	0.456817	0.52539	1.09042	0.453435	0.408842	1.11252	0.516097	1.10971	0.47331	0.506641	1.07642	0.435659	0.526801	1.21181	1.33371	1.31579	1.36273	0.747827	0.715349	0.69058	0.756848	0.737815	0.792641	1.00308	0.983825	0.905661	1.22557	1.24526	1.21187	0.61331	0.681962	0.673681	0.808754	0.738252	0.753169	0.965461	1.05507	1.05923	1.23335	1.22773	1.24689	0.62809	0.681019	0.779725	0.855465	0.914918	0.958738	1.04742	1.06462	1.21538	1.2043	0.642158	0.749707	0.628783	0.797837	0.982932	1.24087	0.82415	0.796334	0.787266	1.0143	1.02737	0.923394	1.19575	1.1807	1.13093	0.644481	0.612269	0.721138	0.75925	0.766826	0.745407	1.08361	1.01158	1.01133	1.17329	1.16764	1.17335	0.707868	0.651634	0.650298	0.759427	0.792938	0.812013	1.04137	1.07832	1.13451	1.14965	1.13771	1.13692	0.571824	0.579921	0.640901
SRR1524479	0.8646	0.664835	0.818975	0.834305	0.755664	0.862675	0.846053	0.638448	1.00057	0.816305	0.694356	0.850522	0.783078	0.669182	0.749594	0.773744	0.636635	0.931393	0.896644	0	0.778621	0.831341	0.853921	0.833863	0.574518	0.959054	0.783606	0.593543	0.923361	0.625787	0.948495	0.611694	0.906569	0.640457	0.720995	0.837934	0.664101	0.728813	0.927418	0.822658	0.650362	0.763521	0.64203	0.761667	0.879534	0.773353	0.890989	0.962643	0.786304	0.782532	0.886473	0.890723	0.799955	0.880448	0.783682	0.795127	0.844512	0.824046	0.914535	0.795264	0.776126	0.912102	0.779127	1.03031	1.26652	1.23159	1.31091	0.984682	0.991425	0.957523	0.933675	0.962462	0.943807	0.923902	0.931922	0.955742	1.10548	1.11972	1.07302	0.962925	0.974922	0.963506	0.948136	0.957071	0.954801	0.936497	0.962677	0.943607	1.10518	1.08438	1.10488	0.972696	0.958964	0.922862	0.947162	0.952921	0.929213	0.945208	0.953391	1.08195	1.03653	0.955527	0.976191	0.976012	0.937369	0.920804	1.08606	0.928277	0.902155	0.892584	0.946185	0.886069	0.855246	1.06954	0.994836	0.926084	0.970309	0.970034	0.944687	0.887196	0.844945	0.873383	0.891118	0.836019	0.869427	0.972134	0.95375	0.957391	0.928998	0.939056	0.943777	0.875996	0.882123	0.840307	0.868004	0.864282	0.949978	0.972384	0.92299	0.874459	0.938955	0.944391	0.960396
SRR1524481	1.10415	0.833827	0.440505	1.07899	0.463201	1.11691	1.0684	0.788368	0.752097	1.04541	0.790396	0.643974	1.0452	0.738775	0.566882	1.03183	0.738142	0.615094	1.10806	0.778621	0	1.06375	0.447644	1.0692	0.809618	0.624488	0.988103	0.792758	0.609472	0.75839	0.594259	0.818818	0.61527	0.903115	0.654241	1.12195	0.917865	0.584924	1.14054	1.08345	0.866477	0.571209	0.835367	0.608955	1.1085	0.573866	0.668908	1.16513	1.02524	0.57256	1.12225	1.06636	0.685651	1.12266	1.0421	0.582082	1.05288	0.650246	1.14499	1.04447	0.616915	1.12761	1.05827	0.840183	1.12165	1.09262	1.16848	1.13664	1.13898	1.13333	1.1224	1.14772	1.14673	1.06985	1.03605	1.11852	1.02106	1.02586	1.02038	1.15032	1.14518	1.14567	1.13817	1.14735	1.13297	1.07233	1.06615	1.04055	1.03872	1.02139	1.01472	1.14986	1.14771	1.13112	1.11843	1.12146	1.08858	1.00511	1.05496	1.01896	0.969826	1.13882	1.13024	1.1482	1.13188	1.08112	1.00931	1.1145	1.11049	1.10269	1.09037	1.03972	1.02927	1.09502	0.992715	0.943367	1.16304	1.15136	1.14479	1.09633	1.07364	1.10227	0.963663	0.979676	1.01469	0.959939	0.93013	0.93339	1.1503	1.13355	1.1428	1.07734	1.09126	1.07236	0.980078	0.994428	1.01173	0.964028	1.00622	0.926544	1.13569	1.13464	1.14896
SRR1524541	0.452466	0.862637	1.09906	0.355518	1.07861	0.477809	0.349453	0.84351	1.17969	0.474922	0.869884	1.09999	0.465376	0.910067	1.05901	0.414292	0.879968	1.13874	0.392693	0.831341	1.06375	0	1.10784	0.331867	0.74499	1.16025	0.515561	0.685736	1.1425	0.748671	1.13425	0.669648	1.11799	0.598894	0.994225	0.504696	0.560618	1.05434	0.444745	0.455934	0.660883	1.05874	0.742019	1.0537	0.450414	1.03048	1.14116	0.593801	0.45767	1.07127	0.440036	0.541295	1.05329	0.416425	0.414765	1.0667	0.528914	1.06171	0.49469	0.482676	1.02883	0.446233	0.498867	1.18603	1.32641	1.30647	1.35821	0.741689	0.719018	0.697227	0.779482	0.764042	0.801148	0.978729	0.949136	0.899729	1.20866	1.23051	1.19578	0.645095	0.708722	0.673299	0.811763	0.767692	0.781386	0.949683	1.03911	1.04134	1.21841	1.2096	1.23231	0.638098	0.694222	0.771957	0.836061	0.892421	0.929688	1.01335	1.04395	1.19852	1.18413	0.640149	0.736429	0.658378	0.814087	0.961389	1.22554	0.820539	0.786788	0.769459	0.998354	0.995472	0.902011	1.18495	1.16074	1.10471	0.682303	0.642484	0.714926	0.749853	0.743614	0.740497	1.05531	0.984339	0.989454	1.1545	1.14726	1.15626	0.708953	0.650169	0.647926	0.732407	0.762025	0.763241	1.00427	1.03803	1.1009	1.12316	1.11239	1.10708	0.581725	0.572742	0.619967
SRR1524559	1.14055	0.87872	0.521651	1.12046	0.513542	1.14974	1.11316	0.847649	0.701522	1.08768	0.807975	0.62902	1.08162	0.760145	0.617327	1.06788	0.796571	0.587761	1.14442	0.853921	0.447644	1.10784	0	1.10922	0.85638	0.633903	1.02507	0.841556	0.534648	0.795952	0.584846	0.854184	0.570418	0.960421	0.733349	1.1497	0.963197	0.635044	1.17546	1.11987	0.912127	0.614343	0.866858	0.672173	1.14107	0.603118	0.610607	1.19023	1.05977	0.616539	1.15526	1.10197	0.712486	1.15546	1.08261	0.585298	1.08089	0.678899	1.17446	1.07296	0.666411	1.16208	1.09037	0.778262	1.12395	1.09388	1.16682	1.15911	1.1652	1.15842	1.14662	1.1709	1.17357	1.09672	1.07118	1.14324	1.05596	1.06103	1.05434	1.17833	1.16986	1.17686	1.15823	1.16992	1.15254	1.0939	1.09326	1.06429	1.07091	1.05307	1.05186	1.17967	1.17621	1.16014	1.13882	1.13275	1.10187	1.02482	1.07583	1.04115	0.997321	1.16044	1.15302	1.17861	1.15405	1.10427	1.02954	1.13438	1.13437	1.12899	1.10889	1.05554	1.06061	1.10707	1.01622	0.968061	1.19452	1.18025	1.17274	1.12028	1.09959	1.12949	0.981213	0.997607	1.0374	0.970935	0.942195	0.948532	1.18171	1.1617	1.17006	1.10194	1.1207	1.09066	0.999124	1.01346	1.01343	0.971894	1.01134	0.949198	1.17137	1.16595	1.17413
SRR1524560	0.477909	0.869235	1.09977	0.3977	1.08594	0.441193	0.374409	0.8415	1.1668	0.436072	0.855144	1.11159	0.438446	0.891966	1.06857	0.425441	0.886441	1.12953	0.406056	0.833863	1.0692	0.331867	1.10922	0	0.726298	1.14377	0.469805	0.696363	1.1328	0.728104	1.12476	0.683536	1.12162	0.625998	1.03046	0.463055	0.58121	1.07192	0.425495	0.39667	0.68924	1.06919	0.755057	1.07035	0.416446	1.043	1.14119	0.582773	0.477382	1.08582	0.401054	0.610634	1.06905	0.392038	0.429613	1.08271	0.539696	1.08522	0.453055	0.497194	1.04514	0.439437	0.523969	1.18515	1.3047	1.28188	1.34108	0.712507	0.693968	0.672902	0.73467	0.737081	0.758589	0.954148	0.948264	0.8581	1.18644	1.2126	1.17651	0.611314	0.686687	0.62996	0.785266	0.729203	0.750444	0.928481	1.02379	1.03126	1.19975	1.19219	1.21546	0.597512	0.651618	0.733273	0.815423	0.866855	0.901678	0.996216	1.0291	1.18313	1.16833	0.603637	0.716355	0.624044	0.776903	0.937344	1.20912	0.792791	0.753941	0.738963	0.98137	0.986095	0.891755	1.16851	1.14923	1.09034	0.63169	0.593195	0.655216	0.72686	0.709282	0.710508	1.05283	0.975954	0.984535	1.14896	1.13821	1.14723	0.652827	0.60233	0.603832	0.71564	0.74585	0.750061	1.0043	1.04195	1.09691	1.12295	1.11113	1.10343	0.538114	0.538718	0.555106
SRR1524561	0.809856	0.67131	0.848622	0.760603	0.788539	0.778638	0.744942	0.609041	0.982771	0.698967	0.643135	0.848877	0.69788	0.632519	0.77298	0.687006	0.613793	0.923341	0.817264	0.574518	0.809618	0.74499	0.85638	0.726298	0	0.945836	0.650793	0.500728	0.897291	0.514627	0.927509	0.5174	0.903361	0.587503	0.767974	0.789578	0.596447	0.769955	0.830132	0.707719	0.56403	0.77985	0.562203	0.777318	0.803193	0.767402	0.888033	0.90538	0.706502	0.824365	0.801111	0.831003	0.813171	0.786715	0.71784	0.806379	0.767206	0.828894	0.829293	0.713878	0.799943	0.832072	0.73398	1.00548	1.25995	1.22493	1.30359	0.91339	0.918312	0.891553	0.873647	0.911051	0.880999	0.901435	0.906983	0.889736	1.10551	1.12651	1.08944	0.885268	0.902518	0.879537	0.899906	0.895486	0.901327	0.906594	0.953685	0.949581	1.1194	1.09271	1.11707	0.886394	0.882444	0.862893	0.899741	0.90442	0.89098	0.927691	0.950091	1.09192	1.05058	0.871904	0.910016	0.898649	0.884979	0.891989	1.10453	0.880852	0.840339	0.837977	0.944249	0.897247	0.859275	1.08712	1.02729	0.962593	0.889772	0.881392	0.857482	0.825521	0.797754	0.824724	0.903922	0.854387	0.89115	0.991869	0.985609	0.989111	0.859383	0.852066	0.859056	0.832976	0.826835	0.80264	0.887519	0.910661	0.976506	0.984062	0.974747	0.934334	0.847772	0.853867	0.865129
SRR1524563	1.20616	0.986899	0.634133	1.17615	0.697147	1.19494	1.17897	0.932998	0.522019	1.13533	0.909414	0.7768	1.14245	0.87785	0.745324	1.14289	0.918598	0.540346	1.19212	0.959054	0.624488	1.16025	0.633903	1.14377	0.945836	0	1.08065	0.963752	0.497073	0.891994	0.550196	0.979381	0.682057	1.04689	0.891844	1.19104	1.05701	0.802683	1.21152	1.16505	1.01958	0.67238	0.988803	0.774464	1.17736	0.750512	0.695174	1.23621	1.12963	0.78543	1.19374	1.17747	0.892759	1.20142	1.14349	0.711287	1.15264	0.807913	1.21764	1.14466	0.817821	1.20508	1.16099	0.891678	1.01659	0.9609	1.07515	1.21058	1.21161	1.21033	1.17865	1.22448	1.2098	1.11649	1.13718	1.16035	0.962652	0.968863	0.979716	1.22482	1.2245	1.22151	1.20906	1.20896	1.19641	1.12781	1.10045	1.10205	0.983143	0.976479	0.960121	1.22226	1.22106	1.1984	1.19699	1.17902	1.13783	1.0606	1.10382	0.97631	0.950173	1.21237	1.20852	1.21636	1.18855	1.13083	0.962475	1.18313	1.18278	1.17754	1.14137	1.09233	1.11509	1.10036	1.00249	0.977643	1.23457	1.21678	1.20259	1.17919	1.13652	1.16797	1.03561	1.05244	1.08518	0.989296	0.938145	0.949377	1.21649	1.21064	1.21147	1.15891	1.18416	1.15493	1.07218	1.07692	1.06869	1.02474	1.06577	1.0035	1.20838	1.21485	1.20374
SRR1524565	0.644327	0.797019	1.03235	0.543499	1.01073	0.589759	0.501815	0.762445	1.0944	0.370236	0.756205	1.03369	0.465751	0.813647	0.994988	0.455762	0.801426	1.05165	0.589246	0.783606	0.988103	0.515561	1.02507	0.469805	0.650793	1.08065	0	0.568436	1.05187	0.596895	1.04624	0.551976	1.04324	0.596438	0.972612	0.58195	0.588016	1.00627	0.613087	0.521458	0.625251	0.997021	0.63545	0.994461	0.534917	0.96414	1.0708	0.699406	0.553467	1.01802	0.557938	0.672567	0.997197	0.548185	0.524278	0.998279	0.57175	1.00936	0.570774	0.470224	0.963528	0.56718	0.54465	1.12406	1.28039	1.25331	1.32408	0.689136	0.691306	0.687163	0.719618	0.744948	0.756059	0.906928	0.891598	0.833214	1.15005	1.17502	1.13794	0.650334	0.700049	0.651984	0.768693	0.738732	0.746556	0.880105	0.961656	0.983867	1.15973	1.14887	1.17559	0.631667	0.645195	0.710467	0.788783	0.826763	0.851783	0.943664	0.982009	1.13755	1.11776	0.634431	0.68831	0.661859	0.769266	0.893512	1.16405	0.755005	0.737137	0.712558	0.941904	0.940148	0.843734	1.12924	1.10077	1.03381	0.687602	0.651475	0.651104	0.686259	0.67873	0.683379	0.986595	0.920184	0.934594	1.094	1.081	1.09593	0.679716	0.604626	0.60626	0.663931	0.711997	0.692738	0.942571	0.992471	1.04372	1.0609	1.068	1.05495	0.608937	0.59037	0.636517
SRR1524568	0.763204	0.659946	0.854326	0.702351	0.765583	0.780395	0.677124	0.591465	1.00017	0.627157	0.598582	0.81398	0.632509	0.610821	0.731326	0.613531	0.553003	0.926388	0.772732	0.593543	0.792758	0.685736	0.841556	0.696363	0.500728	0.963752	0.568436	0	0.892828	0.479858	0.931271	0.403242	0.877999	0.527363	0.70369	0.770376	0.532213	0.749747	0.821168	0.712316	0.483567	0.776781	0.461031	0.73477	0.764457	0.736207	0.89195	0.870607	0.66049	0.783288	0.77814	0.756608	0.75525	0.774875	0.651797	0.766187	0.684938	0.771359	0.794436	0.642925	0.729333	0.788351	0.666366	1.001	1.27008	1.24039	1.31503	0.847814	0.858789	0.839339	0.832553	0.860875	0.847715	0.883852	0.867756	0.872335	1.09806	1.12913	1.08402	0.84206	0.850712	0.835275	0.850104	0.858273	0.857032	0.884026	0.926779	0.930178	1.11582	1.091	1.12027	0.841278	0.831143	0.82684	0.85216	0.862568	0.847433	0.902362	0.920223	1.09002	1.04719	0.817492	0.840015	0.854234	0.856141	0.877993	1.10936	0.832804	0.812803	0.79527	0.916042	0.876333	0.816415	1.07791	1.02166	0.953261	0.857394	0.841921	0.827769	0.775908	0.753399	0.775642	0.877066	0.824887	0.85388	0.984623	0.975843	0.977478	0.835643	0.799306	0.808318	0.759816	0.778102	0.756237	0.852015	0.884403	0.963133	0.965107	0.96556	0.925145	0.817309	0.813475	0.835151
SRR1524570	1.18041	0.946762	0.633643	1.15481	0.625405	1.17776	1.15276	0.902667	0.563907	1.11724	0.858455	0.687075	1.11703	0.812084	0.674645	1.11468	0.863964	0.532516	1.17245	0.923361	0.609472	1.1425	0.534648	1.1328	0.897291	0.497073	1.05187	0.892828	0	0.845909	0.574607	0.919858	0.622763	1.01637	0.833947	1.16931	1.01982	0.740717	1.1951	1.14134	0.981441	0.659946	0.936265	0.68989	1.15865	0.678069	0.629848	1.21091	1.10158	0.688368	1.17383	1.15029	0.803103	1.1801	1.11462	0.645602	1.11653	0.71818	1.19394	1.10997	0.76308	1.18295	1.12616	0.84943	1.06806	1.02921	1.11151	1.18775	1.19183	1.18949	1.16384	1.19838	1.18757	1.105	1.10729	1.14767	1.01113	1.01133	1.0132	1.20367	1.1999	1.19947	1.18206	1.18982	1.17351	1.10982	1.09052	1.07801	1.03566	1.02	1.01002	1.20027	1.19502	1.17383	1.17099	1.15645	1.11793	1.05273	1.09096	1.01201	0.967444	1.18756	1.18427	1.20015	1.16717	1.1134	0.984826	1.15697	1.15951	1.15619	1.12554	1.06934	1.09425	1.09531	1.00112	0.975299	1.21339	1.19761	1.18102	1.14994	1.11553	1.14566	1.00715	1.01872	1.05323	0.957686	0.932591	0.931431	1.19367	1.18202	1.18597	1.13534	1.15135	1.12804	1.04212	1.05225	1.04373	1.00421	1.0314	0.974722	1.1903	1.19221	1.18574
SRR1524572	0.83038	0.656552	0.794422	0.765134	0.76464	0.800331	0.74014	0.589512	0.919874	0.664102	0.562153	0.807442	0.69309	0.56246	0.739358	0.677189	0.586818	0.826235	0.826436	0.625787	0.75839	0.748671	0.795952	0.728104	0.514627	0.891994	0.596895	0.479858	0.845909	0	0.818471	0.458264	0.816244	0.632759	0.777393	0.798207	0.635946	0.791357	0.835487	0.747769	0.584145	0.761294	0.546486	0.77757	0.794179	0.729469	0.8537	0.917359	0.731782	0.803979	0.810541	0.833006	0.810672	0.796086	0.736061	0.781611	0.766788	0.81069	0.82988	0.713013	0.75126	0.822181	0.753449	0.956514	1.21748	1.18369	1.26476	0.860621	0.872973	0.858008	0.847215	0.885592	0.862748	0.870165	0.874864	0.872076	1.0579	1.08497	1.0465	0.866489	0.882313	0.850891	0.861676	0.873657	0.880216	0.868004	0.919485	0.91589	1.07805	1.06325	1.08945	0.855385	0.851381	0.82954	0.854112	0.861234	0.837139	0.869376	0.914706	1.04737	1.00917	0.842117	0.853526	0.883401	0.882688	0.886011	1.07513	0.848523	0.827801	0.804266	0.912758	0.880336	0.83337	1.06339	1.00378	0.924886	0.886137	0.869545	0.837198	0.799033	0.771566	0.80738	0.869538	0.831988	0.871704	0.96767	0.957813	0.966535	0.859466	0.814716	0.82167	0.78408	0.816262	0.766659	0.849241	0.901074	0.946588	0.946104	0.974973	0.925887	0.837466	0.83117	0.849984
SRR1524574	1.17671	0.95671	0.62613	1.15187	0.684907	1.1722	1.1471	0.921352	0.648193	1.11396	0.877849	0.750686	1.11382	0.827053	0.7215	1.10937	0.888657	0.460595	1.16998	0.948495	0.594259	1.13425	0.584846	1.12476	0.927509	0.550196	1.04624	0.931271	0.574607	0.818471	0	0.907059	0.533939	1.0315	0.853675	1.17187	1.03193	0.797761	1.19151	1.14954	0.989937	0.700943	0.95986	0.78339	1.15777	0.682367	0.659807	1.21139	1.1075	0.781979	1.17545	1.1454	0.848546	1.17865	1.11858	0.722165	1.13085	0.775334	1.19902	1.11181	0.765662	1.18324	1.13034	0.801515	1.04368	1.00645	1.09137	1.1791	1.18295	1.18023	1.16602	1.19592	1.19511	1.10728	1.1062	1.15571	0.993328	1.00051	1.00767	1.19971	1.19222	1.19394	1.17964	1.18963	1.17526	1.1097	1.08793	1.08836	1.01806	1.01362	0.999942	1.19815	1.19842	1.18402	1.16139	1.14983	1.11213	1.03447	1.0813	0.998793	0.976435	1.1826	1.17401	1.19593	1.18028	1.12837	0.998726	1.16003	1.15892	1.15014	1.12522	1.08902	1.09845	1.11129	1.01916	0.986245	1.21567	1.19509	1.19289	1.15048	1.12328	1.15676	1.0302	1.0554	1.08841	1.01658	0.978464	0.992038	1.20456	1.1849	1.18907	1.1254	1.15026	1.12096	1.04755	1.0653	1.04939	0.990829	1.06388	1.00627	1.18823	1.18905	1.18976
