	SRR1524454	SRR1524457	SRR1524458	SRR1524459	SRR1524460	SRR1524461	SRR1524462	SRR1524463	SRR1524464	SRR1524465	SRR1524466	SRR1524467	SRR1524468	SRR1524469	SRR1524471	SRR1524472	SRR1524474	SRR1524475	SRR1524477	SRR1524479	SRR1524481	SRR1524541	SRR1524559	SRR1524560	SRR1524561	SRR1524563	SRR1524565	SRR1524568	SRR1524570	SRR1524572	SRR1524574	SRR1524577	SRR1524579	SRR1524756	SRR1524758	SRR1524760	SRR1524762	SRR1524763	SRR1524764	SRR1524766	SRR1524767	SRR1524768	SRR1524769	SRR1524770	SRR1524771	SRR1524772	SRR1524773	SRR1524774	SRR1524775	SRR1524776	SRR1524777	SRR1524778	SRR1524779	SRR1524780	SRR1524781	SRR1524782	SRR1524783	SRR1524784	SRR1524785	SRR1524786	SRR1524787	SRR1524788	SRR1524789	SRR1524790	SRR2107462	SRR2107473	SRR2107486	SRR2107495	SRR2107506	SRR2113669	SRR2107428	SRR2107429	SRR2107430	SRR2107431	SRR2107432	SRR2107433	SRR2107434	SRR2107435	SRR2107436	SRR2107437	SRR2107438	SRR2107439	SRR2107440	SRR2107441	SRR2107442	SRR2107443	SRR2107444	SRR2107445	SRR2107446	SRR2107447	SRR2107448	SRR2107454	SRR2107455	SRR2107456	SRR2107457	SRR2107458	SRR2107459	SRR2107460	SRR2107461	SRR2107463	SRR2107464	SRR2107465	SRR2107466	SRR2107467	SRR2107468	SRR2107469	SRR2107470	SRR2107471	SRR2107472	SRR2107474	SRR2107475	SRR2107476	SRR2107477	SRR2107478	SRR2107479	SRR2107480	SRR2107481	SRR2107482	SRR2107483	SRR2107484	SRR2107485	SRR2107487	SRR2107488	SRR2107489	SRR2107490	SRR2107491	SRR2107492	SRR2107493	SRR2107494	SRR2107496	SRR2107497	SRR2107498	SRR2107499	SRR2107500	SRR2107501	SRR2107502	SRR2107503	SRR2107504	SRR2107505	SRR2107507	SRR2110714	SRR2111742	SRR2112665
SRR1524454	6.18349e+08	1.35674e+08	3.44857e+07	4.56132e+08	4.17865e+07	3.04473e+08	3.82544e+08	1.16005e+08	1.25896e+07	2.59883e+08	1.01109e+08	5.17516e+07	3.46632e+08	9.66742e+07	4.78549e+07	3.34335e+08	1.16348e+08	1.70125e+07	5.46758e+08	1.33853e+08	3.60231e+07	4.07657e+08	2.93374e+07	3.65989e+08	1.48512e+08	1.05253e+07	2.27281e+08	1.69634e+08	1.75669e+07	1.10494e+08	1.78642e+07	1.68207e+08	2.75635e+07	2.69914e+08	9.61767e+07	3.44705e+08	2.90509e+08	5.73652e+07	3.67553e+08	3.0926e+08	2.36356e+08	4.13218e+07	1.6674e+08	5.27492e+07	3.89326e+08	5.08468e+07	2.49998e+07	6.03676e+08	4.21359e+08	5.60668e+07	4.18305e+08	5.46611e+08	8.12332e+07	3.37292e+08	4.25135e+08	4.35988e+07	4.3797e+08	5.95907e+07	4.10201e+08	3.65344e+08	5.90077e+07	4.31198e+08	4.15153e+08	2.88548e+07	1.84701e+06	1.98804e+06	977310	2.75623e+08	2.98763e+08	3.08004e+08	2.5011e+08	3.01131e+08	2.10617e+08	8.97628e+07	1.48948e+08	1.43151e+08	1.21935e+07	7.3678e+06	1.29933e+07	3.31792e+08	3.49782e+08	2.93461e+08	2.08087e+08	2.91233e+08	3.26817e+08	1.15602e+08	7.2217e+07	7.90925e+07	8.34061e+06	1.19235e+07	6.66137e+06	3.04022e+08	2.71947e+08	1.80787e+08	1.85682e+08	1.66215e+08	1.20053e+08	6.01652e+07	7.86617e+07	1.18418e+07	1.34941e+07	3.22185e+08	2.62683e+08	3.87347e+08	2.48278e+08	1.22057e+08	8.14721e+06	2.07164e+08	2.083e+08	1.9629e+08	1.13238e+08	9.79188e+07	1.49992e+08	3.52578e+07	2.17547e+07	2.55413e+07	3.46475e+08	3.55787e+08	2.20553e+08	2.1502e+08	2.08379e+08	2.29199e+08	5.41373e+07	8.67807e+07	1.16893e+08	2.47957e+07	2.10467e+07	2.31794e+07	2.67172e+08	2.65209e+08	2.54362e+08	2.14414e+08	2.25438e+08	1.7995e+08	8.86107e+07	8.62879e+07	5.88798e+07	4.7555e+07	6.92588e+07	5.17237e+07	3.3667e+08	3.15525e+08	3.13293e+08
SRR1524457	1.35674e+08	1.51178e+08	3.70518e+07	1.11336e+08	4.69504e+07	7.18448e+07	9.52286e+07	7.16135e+07	1.78488e+07	6.92531e+07	6.90476e+07	5.79008e+07	9.48499e+07	7.38719e+07	4.89402e+07	9.32039e+07	7.70836e+07	2.06952e+07	1.14653e+08	7.61459e+07	3.63258e+07	1.03123e+08	3.6284e+07	8.77872e+07	7.49045e+07	1.44809e+07	7.26688e+07	8.15629e+07	2.41035e+07	5.93429e+07	2.07116e+07	8.28292e+07	3.6825e+07	1.06503e+08	7.98398e+07	8.05612e+07	1.04704e+08	5.73362e+07	7.41326e+07	7.47026e+07	1.07972e+08	4.62558e+07	8.72561e+07	5.47411e+07	8.74958e+07	4.94874e+07	3.30443e+07	1.29931e+08	1.10946e+08	5.51623e+07	9.57142e+07	1.50033e+08	7.40687e+07	7.48362e+07	1.0789e+08	5.19666e+07	1.19409e+08	5.98758e+07	9.05851e+07	1.04086e+08	5.89868e+07	9.65242e+07	1.1501e+08	3.64073e+07	3.95197e+06	3.66641e+06	4.6008e+06	7.38505e+07	7.56084e+07	7.78827e+07	6.89262e+07	7.80875e+07	6.41972e+07	4.46047e+07	8.65893e+07	4.85083e+07	1.00268e+07	8.60885e+06	9.81862e+06	7.38099e+07	8.5749e+07	6.97322e+07	5.99464e+07	7.75117e+07	9.48562e+07	4.24504e+07	3.44841e+07	4.30443e+07	6.32447e+06	1.07593e+07	6.63539e+06	6.58248e+07	6.23268e+07	4.62954e+07	6.27328e+07	6.86944e+07	5.54789e+07	3.46316e+07	4.36865e+07	9.43087e+06	1.38381e+07	8.17764e+07	7.40746e+07	8.99699e+07	6.90415e+07	5.51276e+07	8.29378e+06	6.21337e+07	6.81174e+07	6.00678e+07	4.86509e+07	5.2425e+07	6.12521e+07	2.32901e+07	1.764e+07	1.71014e+07	7.68557e+07	7.52563e+07	5.00847e+07	6.56869e+07	6.60597e+07	6.28793e+07	3.94076e+07	4.64497e+07	6.21046e+07	2.37956e+07	1.87527e+07	2.17648e+07	6.46901e+07	6.3474e+07	5.67236e+07	6.38215e+07	7.62969e+07	6.66724e+07	5.54582e+07	5.59397e+07	4.71391e+07	3.85599e+07	4.98591e+07	4.55348e+07	7.76921e+07	7.29561e+07	6.89933e+07
SRR1524458	3.44857e+07	3.70518e+07	4.69961e+07	2.69055e+07	4.3758e+07	1.16973e+07	2.37365e+07	3.1689e+07	2.30044e+07	1.66e+07	3.41405e+07	4.795e+07	2.48646e+07	3.54349e+07	4.09928e+07	2.38653e+07	4.19408e+07	2.29415e+07	2.6201e+07	3.52893e+07	3.70298e+07	2.36399e+07	3.69606e+07	1.85043e+07	3.32634e+07	1.77813e+07	1.7339e+07	3.5791e+07	2.66918e+07	2.96014e+07	2.33305e+07	3.35305e+07	3.34312e+07	4.34701e+07	5.78856e+07	1.34038e+07	3.94789e+07	4.68762e+07	1.25517e+07	1.59264e+07	4.89424e+07	3.86717e+07	4.14796e+07	4.42485e+07	1.68062e+07	4.01629e+07	3.29741e+07	2.38496e+07	3.60083e+07	5.05202e+07	1.78497e+07	4.82903e+07	5.04282e+07	1.25262e+07	2.98088e+07	4.02956e+07	3.98921e+07	4.75881e+07	1.60213e+07	2.75843e+07	4.28303e+07	1.9154e+07	3.0568e+07	2.91414e+07	9.5122e+06	7.5635e+06	1.27345e+07	1.44707e+07	1.48031e+07	1.46714e+07	1.04296e+07	1.27932e+07	7.83643e+06	9.56872e+06	2.33745e+07	7.03077e+06	9.92059e+06	1.14383e+07	1.01356e+07	1.24313e+07	1.53677e+07	1.2435e+07	9.43813e+06	1.11575e+07	1.55372e+07	1.14026e+07	9.84678e+06	1.23325e+07	7.71525e+06	8.67027e+06	8.69122e+06	1.20885e+07	1.02241e+07	7.77908e+06	1.13535e+07	1.03675e+07	8.72992e+06	1.00716e+07	1.0977e+07	9.67152e+06	1.09249e+07	1.33121e+07	1.41579e+07	1.57363e+07	1.0727e+07	1.27646e+07	1.03809e+07	1.05323e+07	9.98157e+06	9.19464e+06	1.00317e+07	1.46754e+07	1.72308e+07	1.02187e+07	1.2568e+07	1.25801e+07	1.27374e+07	1.2531e+07	7.5701e+06	1.15065e+07	1.11083e+07	1.13397e+07	1.36347e+07	1.64979e+07	2.36719e+07	1.62432e+07	1.40784e+07	1.73817e+07	9.71369e+06	1.10173e+07	9.31698e+06	1.21145e+07	1.41637e+07	1.15539e+07	1.71805e+07	1.59853e+07	1.0817e+07	1.71323e+07	2.03835e+07	1.97726e+07	1.41818e+07	1.31671e+07	1.07099e+07
SRR1524459	4.56132e+08	1.11336e+08	2.69055e+07	4.03695e+08	3.28216e+07	2.52652e+08	3.24703e+08	9.65893e+07	9.99144e+06	2.27677e+08	8.49795e+07	3.97359e+07	2.84153e+08	7.81836e+07	4.0335e+07	2.79444e+08	9.52408e+07	1.32492e+07	4.46269e+08	1.06933e+08	2.83964e+07	3.45152e+08	2.26797e+07	3.06183e+08	1.23063e+08	9.23524e+06	1.98596e+08	1.44117e+08	1.4729e+07	9.43884e+07	1.44678e+07	1.41874e+08	2.26832e+07	2.32206e+08	8.13647e+07	2.84032e+08	2.43526e+08	4.91048e+07	3.13988e+08	2.55238e+08	1.98532e+08	3.56539e+07	1.41579e+08	4.55767e+07	3.32665e+08	4.43291e+07	1.9874e+07	4.87719e+08	3.47236e+08	4.40873e+07	3.50695e+08	4.59023e+08	6.2809e+07	2.87688e+08	3.54888e+08	3.78138e+07	3.71388e+08	5.1209e+07	3.43136e+08	3.0944e+08	5.20123e+07	3.72422e+08	3.4296e+08	2.0787e+07	1.5938e+06	1.73932e+06	739422	2.36835e+08	2.59713e+08	2.58249e+08	2.01587e+08	2.43138e+08	1.68758e+08	7.11678e+07	1.20282e+08	1.12457e+08	8.19703e+06	5.95684e+06	9.94597e+06	2.79355e+08	2.85489e+08	2.49935e+08	1.68276e+08	2.35798e+08	2.62336e+08	9.2771e+07	5.62869e+07	6.14006e+07	6.42123e+06	7.95455e+06	5.0441e+06	2.63948e+08	2.32223e+08	1.52834e+08	1.50455e+08	1.30114e+08	9.24276e+07	4.74595e+07	5.83475e+07	8.40317e+06	9.7686e+06	2.68158e+08	2.25179e+08	3.26192e+08	1.94428e+08	9.37741e+07	6.14294e+06	1.66429e+08	1.64177e+08	1.58444e+08	8.67374e+07	7.47587e+07	1.16671e+08	2.4701e+07	1.65416e+07	1.97557e+07	2.8408e+08	2.96914e+08	1.85326e+08	1.73967e+08	1.68589e+08	1.8649e+08	4.0285e+07	6.74773e+07	8.85199e+07	1.9175e+07	1.63953e+07	1.79196e+07	2.21467e+08	2.28212e+08	2.2077e+08	1.74676e+08	1.76962e+08	1.45836e+08	6.17122e+07	6.0868e+07	3.93607e+07	2.96323e+07	4.69759e+07	3.68057e+07	2.92591e+08	2.73439e+08	2.62087e+08
SRR1524460	4.17865e+07	4.69504e+07	4.3758e+07	3.28216e+07	6.00647e+07	1.45579e+07	2.91251e+07	4.242e+07	2.26247e+07	2.01483e+07	4.43339e+07	5.90733e+07	2.97574e+07	4.77568e+07	5.6775e+07	2.96344e+07	5.83967e+07	2.59647e+07	3.28177e+07	4.35307e+07	4.13978e+07	2.90864e+07	4.44025e+07	2.24286e+07	4.23467e+07	2.0096e+07	2.16246e+07	4.9108e+07	3.23468e+07	3.53495e+07	2.6088e+07	4.5008e+07	4.07089e+07	5.76725e+07	7.34629e+07	1.74736e+07	5.24623e+07	6.23003e+07	1.51488e+07	2.04062e+07	6.09041e+07	4.58258e+07	5.27158e+07	5.56128e+07	2.05353e+07	5.05365e+07	4.19589e+07	3.15753e+07	4.48681e+07	6.21247e+07	2.19766e+07	5.57018e+07	7.13766e+07	1.58351e+07	3.8232e+07	5.09364e+07	4.77164e+07	5.7535e+07	2.04166e+07	3.44585e+07	5.74307e+07	2.28132e+07	3.95778e+07	3.49046e+07	8.72334e+06	6.95968e+06	1.15372e+07	1.80716e+07	1.83343e+07	1.85274e+07	1.56933e+07	1.88124e+07	1.24944e+07	1.38574e+07	2.99822e+07	1.08663e+07	1.02326e+07	1.16222e+07	1.09806e+07	1.63718e+07	2.13025e+07	1.65484e+07	1.37988e+07	1.69091e+07	2.32688e+07	1.63926e+07	1.46914e+07	1.90473e+07	8.49565e+06	9.65413e+06	9.49404e+06	1.49835e+07	1.44292e+07	1.15317e+07	1.46707e+07	1.46719e+07	1.31518e+07	1.26741e+07	1.7394e+07	1.07558e+07	1.23776e+07	1.78367e+07	1.83817e+07	2.10809e+07	1.8158e+07	1.96317e+07	1.13923e+07	1.64596e+07	1.56775e+07	1.43393e+07	1.63237e+07	2.28678e+07	2.6357e+07	1.37192e+07	1.62104e+07	1.53378e+07	1.79142e+07	1.76412e+07	1.12642e+07	1.81786e+07	1.79693e+07	1.81628e+07	2.34587e+07	2.8618e+07	3.70201e+07	2.50616e+07	2.01598e+07	2.53618e+07	1.49725e+07	1.51347e+07	1.29696e+07	1.7617e+07	2.08591e+07	1.63933e+07	2.45117e+07	2.57091e+07	1.76065e+07	2.36844e+07	3.32056e+07	3.02643e+07	1.74793e+07	1.66956e+07	1.45632e+07
SRR1524461	3.04473e+08	7.18448e+07	1.16973e+07	2.52652e+08	1.45579e+07	2.28806e+08	2.1858e+08	6.14647e+07	5.10244e+06	1.54636e+08	5.25288e+07	2.02749e+07	1.92769e+08	4.66459e+07	1.76514e+07	1.83413e+08	5.24939e+07	6.03907e+06	2.98614e+08	7.30193e+07	1.39097e+07	2.41602e+08	1.13238e+07	2.24851e+08	8.58662e+07	4.39232e+06	1.38351e+08	9.02297e+07	7.0536e+06	6.0953e+07	7.26396e+06	9.27498e+07	1.17583e+07	1.49679e+08	3.71247e+07	2.215e+08	1.66059e+08	2.31616e+07	2.36943e+08	1.91423e+08	1.23032e+08	1.71906e+07	8.61035e+07	2.12887e+07	2.42886e+08	2.16718e+07	8.72391e+06	3.37649e+08	2.27865e+08	2.18474e+07	2.62626e+08	2.83252e+08	2.97442e+07	2.1984e+08	2.32035e+08	1.79967e+07	2.29638e+08	2.30561e+07	2.47318e+08	2.01923e+08	2.52435e+07	2.58e+08	2.2943e+08	1.02032e+07	1.01605e+06	1.01247e+06	390379	1.51022e+08	1.67912e+08	1.72453e+08	1.3305e+08	1.58667e+08	1.16282e+08	4.52717e+07	7.69229e+07	7.7209e+07	3.76808e+06	2.77583e+06	4.88855e+06	1.89501e+08	1.89613e+08	1.69751e+08	1.08524e+08	1.56617e+08	1.68353e+08	5.79136e+07	3.83063e+07	3.57862e+07	3.06522e+06	4.289e+06	2.45541e+06	1.80818e+08	1.54687e+08	1.01628e+08	9.74411e+07	8.7439e+07	6.07304e+07	2.98156e+07	3.43924e+07	4.63876e+06	5.07121e+06	1.84371e+08	1.47294e+08	2.20253e+08	1.32233e+08	5.9677e+07	3.40534e+06	1.08811e+08	1.18029e+08	1.09517e+08	5.45268e+07	5.13916e+07	7.8769e+07	1.32331e+07	9.92662e+06	1.27859e+07	1.98274e+08	2.07076e+08	1.33845e+08	1.18548e+08	1.14308e+08	1.26071e+08	2.43566e+07	4.16418e+07	5.50283e+07	1.02954e+07	8.48384e+06	9.11621e+06	1.54839e+08	1.57472e+08	1.49533e+08	1.15516e+08	1.23388e+08	1.02907e+08	3.94594e+07	3.93115e+07	2.61604e+07	1.80314e+07	3.03383e+07	2.35095e+07	2.00104e+08	1.93891e+08	1.94284e+08
SRR1524462	3.82544e+08	9.52286e+07	2.37365e+07	3.24703e+08	2.91251e+07	2.1858e+08	3.02079e+08	8.4705e+07	9.21703e+06	1.99999e+08	7.37717e+07	3.48665e+07	2.4606e+08	6.39338e+07	3.45535e+07	2.45009e+08	8.29365e+07	1.21805e+07	3.77904e+08	8.68152e+07	2.62323e+07	2.99299e+08	2.03821e+07	2.67766e+08	1.07337e+08	7.95484e+06	1.77117e+08	1.28365e+08	1.26843e+07	8.3136e+07	1.3003e+07	1.27864e+08	2.10487e+07	2.03642e+08	7.05104e+07	2.39932e+08	2.16357e+08	4.11016e+07	2.6689e+08	2.26711e+08	1.79586e+08	3.16754e+07	1.2848e+08	3.99693e+07	2.80542e+08	3.96362e+07	1.75157e+07	4.07051e+08	3.01622e+08	3.85505e+07	2.99938e+08	3.92077e+08	5.59933e+07	2.49993e+08	3.05783e+08	3.4435e+07	3.22715e+08	4.46401e+07	2.94779e+08	2.66331e+08	4.60642e+07	3.14173e+08	2.91025e+08	1.91333e+07	1.29019e+06	1.41952e+06	514475	2.01529e+08	2.18546e+08	2.1874e+08	1.7005e+08	2.06023e+08	1.40924e+08	5.76013e+07	1.02903e+08	9.56071e+07	5.61688e+06	4.23806e+06	7.28888e+06	2.38053e+08	2.45289e+08	2.13536e+08	1.41627e+08	1.97193e+08	2.20431e+08	7.78895e+07	4.46565e+07	4.8723e+07	4.60997e+06	5.94254e+06	3.76386e+06	2.24266e+08	1.98554e+08	1.29081e+08	1.29085e+08	1.08707e+08	7.63555e+07	4.01474e+07	4.5417e+07	6.1807e+06	7.40864e+06	2.32538e+08	1.9383e+08	2.78785e+08	1.63626e+08	7.67393e+07	4.70926e+06	1.3909e+08	1.40524e+08	1.34195e+08	6.82629e+07	5.99462e+07	9.87109e+07	1.67424e+07	1.28323e+07	1.63573e+07	2.43725e+08	2.54005e+08	1.60416e+08	1.50499e+08	1.41837e+08	1.58301e+08	3.42235e+07	5.58619e+07	7.14771e+07	1.51279e+07	1.29857e+07	1.38426e+07	1.88173e+08	1.96807e+08	1.88411e+08	1.48948e+08	1.52e+08	1.24459e+08	5.2844e+07	4.81723e+07	3.10438e+07	2.49915e+07	3.40139e+07	2.7656e+07	2.45201e+08	2.35822e+08	2.27122e+08
SRR1524463	1.16005e+08	7.16135e+07	3.1689e+07	9.65893e+07	4.242e+07	6.14647e+07	8.4705e+07	1.06858e+08	1.52988e+07	6.37001e+07	6.76775e+07	5.14238e+07	8.18369e+07	5.78544e+07	4.79667e+07	8.06141e+07	7.23725e+07	1.85368e+07	1.06009e+08	6.41518e+07	3.31191e+07	8.89335e+07	3.20524e+07	7.82633e+07	6.90354e+07	1.49824e+07	6.28965e+07	7.58213e+07	2.25554e+07	5.31977e+07	1.9594e+07	7.43964e+07	3.11542e+07	9.93858e+07	7.61742e+07	6.96606e+07	9.99408e+07	5.63419e+07	6.76219e+07	7.00059e+07	9.89279e+07	4.32608e+07	8.05286e+07	5.42495e+07	7.88283e+07	4.65346e+07	3.07447e+07	1.15241e+08	1.03463e+08	5.21074e+07	8.58041e+07	1.24514e+08	6.65577e+07	6.67208e+07	1.00146e+08	4.75332e+07	1.09581e+08	5.50148e+07	8.4525e+07	9.26517e+07	5.59408e+07	8.74592e+07	1.0008e+08	3.08184e+07	2.28507e+06	2.35995e+06	2.37025e+06	6.53117e+07	6.65193e+07	7.10696e+07	6.27362e+07	6.97359e+07	5.3342e+07	3.32112e+07	6.27615e+07	3.90449e+07	6.91825e+06	5.81815e+06	7.47627e+06	6.88346e+07	7.96773e+07	6.87471e+07	5.08656e+07	6.93056e+07	8.1394e+07	3.6781e+07	2.83393e+07	3.36804e+07	5.84092e+06	8.65135e+06	5.23426e+06	6.41328e+07	6.12674e+07	4.71033e+07	5.0251e+07	4.78124e+07	3.77329e+07	2.49029e+07	3.05232e+07	7.8422e+06	9.40762e+06	7.60127e+07	6.52394e+07	8.49046e+07	6.7986e+07	4.67735e+07	6.26313e+06	5.46043e+07	5.70886e+07	5.14151e+07	3.78249e+07	4.32588e+07	5.82535e+07	1.88781e+07	1.45111e+07	1.51117e+07	7.64821e+07	7.44466e+07	5.24749e+07	5.68658e+07	5.58758e+07	5.90636e+07	3.1138e+07	4.07788e+07	5.34921e+07	2.10901e+07	1.78986e+07	2.01349e+07	6.27614e+07	6.13674e+07	5.61487e+07	5.37751e+07	6.28889e+07	4.87923e+07	3.92576e+07	4.16303e+07	2.64111e+07	2.79466e+07	3.95755e+07	3.16109e+07	7.25042e+07	6.99204e+07	6.66622e+07
SRR1524464	1.25896e+07	1.78488e+07	2.30044e+07	9.99144e+06	2.26247e+07	5.10244e+06	9.21703e+06	1.52988e+07	2.38535e+07	6.36568e+06	1.944e+07	2.85046e+07	1.01746e+07	1.91159e+07	2.08291e+07	9.72846e+06	1.83312e+07	1.60737e+07	9.73578e+06	1.34393e+07	1.73948e+07	8.90828e+06	2.12631e+07	7.19025e+06	1.67364e+07	1.53828e+07	9.14002e+06	1.73285e+07	2.16469e+07	1.62361e+07	1.54702e+07	1.50253e+07	2.25711e+07	1.74055e+07	2.44664e+07	5.89742e+06	1.71964e+07	2.15513e+07	4.42172e+06	7.17494e+06	2.33612e+07	2.44142e+07	2.04632e+07	2.39309e+07	6.98592e+06	2.1582e+07	2.25626e+07	1.02159e+07	1.47481e+07	2.64422e+07	6.82671e+06	1.73243e+07	2.52398e+07	4.77615e+06	1.15362e+07	2.50947e+07	1.73983e+07	2.71949e+07	5.86418e+06	1.26573e+07	2.22665e+07	7.06844e+06	1.28452e+07	1.78166e+07	8.62164e+06	6.83636e+06	1.17063e+07	5.73037e+06	5.5504e+06	5.63529e+06	4.94281e+06	5.70881e+06	3.57758e+06	5.57267e+06	1.12681e+07	3.71878e+06	8.0596e+06	9.78348e+06	8.46123e+06	4.82456e+06	6.47333e+06	4.47065e+06	4.56071e+06	5.23813e+06	7.42107e+06	6.57842e+06	7.07332e+06	7.12823e+06	6.12515e+06	6.75957e+06	6.90568e+06	4.28461e+06	4.11568e+06	3.04142e+06	5.55049e+06	5.61625e+06	4.77854e+06	5.65262e+06	6.52896e+06	7.65678e+06	8.52233e+06	5.47756e+06	5.49113e+06	5.67343e+06	5.18788e+06	7.08886e+06	8.42659e+06	5.33147e+06	5.10238e+06	4.66239e+06	5.86572e+06	9.28645e+06	8.7359e+06	7.2396e+06	9.43218e+06	8.5996e+06	4.41325e+06	4.74908e+06	2.90556e+06	5.49222e+06	6.27322e+06	5.42348e+06	7.74643e+06	9.07015e+06	1.4297e+07	1.13637e+07	9.58491e+06	1.26493e+07	3.72259e+06	4.29379e+06	3.71363e+06	5.59488e+06	6.4299e+06	6.14915e+06	8.9135e+06	7.83799e+06	6.39542e+06	1.07124e+07	1.27465e+07	1.11717e+07	4.83973e+06	4.7856e+06	3.9693e+06
SRR1524465	2.59883e+08	6.92531e+07	1.66e+07	2.27677e+08	2.01483e+07	1.54636e+08	1.99999e+08	6.37001e+07	6.36568e+06	1.77737e+08	6.01049e+07	2.31095e+07	1.88886e+08	5.06028e+07	2.47972e+07	1.79078e+08	6.28001e+07	8.30978e+06	2.61996e+08	6.45491e+07	1.74308e+07	2.08166e+08	1.40162e+07	1.93879e+08	8.27156e+07	6.01771e+06	1.47942e+08	9.93198e+07	9.39502e+06	6.69243e+07	9.2458e+06	1.01068e+08	1.45962e+07	1.52278e+08	4.58359e+07	1.80057e+08	1.54434e+08	2.98874e+07	1.85466e+08	1.65457e+08	1.33094e+08	2.25601e+07	9.99261e+07	2.89411e+07	2.13598e+08	2.75445e+07	1.27252e+07	3.01212e+08	2.15551e+08	2.65537e+07	2.24962e+08	2.69543e+08	3.75776e+07	1.7918e+08	2.18201e+08	2.3756e+07	2.43495e+08	3.08845e+07	2.30646e+08	2.08535e+08	3.24108e+07	2.33727e+08	2.19162e+08	1.24977e+07	1.16458e+06	1.34868e+06	522702	1.65766e+08	1.74118e+08	1.69916e+08	1.4302e+08	1.60249e+08	1.17988e+08	5.02301e+07	7.94884e+07	7.97412e+07	7.05263e+06	3.82673e+06	7.41422e+06	1.85401e+08	1.91971e+08	1.75573e+08	1.14671e+08	1.59977e+08	1.78693e+08	6.48872e+07	3.83141e+07	3.92346e+07	4.0377e+06	5.4927e+06	3.31789e+06	1.78007e+08	1.65581e+08	1.09918e+08	1.0002e+08	9.03648e+07	6.49704e+07	3.24719e+07	3.78132e+07	5.97897e+06	6.9649e+06	1.84476e+08	1.55334e+08	2.23185e+08	1.37218e+08	6.65883e+07	4.08338e+06	1.15824e+08	1.12472e+08	1.08549e+08	5.61698e+07	5.05483e+07	7.91087e+07	1.58139e+07	1.11724e+07	1.38036e+07	1.9655e+08	2.03482e+08	1.3837e+08	1.23086e+08	1.17826e+08	1.32576e+08	2.74432e+07	4.65597e+07	6.05374e+07	1.32938e+07	1.09581e+07	1.22312e+07	1.57892e+08	1.63912e+08	1.54234e+08	1.22854e+08	1.24241e+08	1.00677e+08	4.16993e+07	3.79577e+07	2.43632e+07	1.94695e+07	2.82086e+07	2.24359e+07	1.92113e+08	1.84789e+08	1.86666e+08
SRR1524466	1.01109e+08	6.90476e+07	3.41405e+07	8.49795e+07	4.43339e+07	5.25288e+07	7.37717e+07	6.76775e+07	1.944e+07	6.01049e+07	1.02634e+08	6.31702e+07	7.49679e+07	5.83474e+07	4.97204e+07	7.17121e+07	6.94151e+07	2.1469e+07	9.17874e+07	5.65548e+07	3.24832e+07	7.68883e+07	3.55084e+07	7.00139e+07	6.31706e+07	1.67696e+07	5.9541e+07	7.26686e+07	2.74692e+07	5.37618e+07	2.3234e+07	7.35161e+07	4.10228e+07	8.90518e+07	7.30851e+07	6.19383e+07	8.67491e+07	5.5609e+07	5.87319e+07	6.10566e+07	9.35015e+07	4.45316e+07	7.57527e+07	5.52313e+07	7.15804e+07	4.81431e+07	3.78234e+07	1.04154e+08	9.18924e+07	5.29663e+07	7.7297e+07	1.11184e+08	7.26226e+07	5.98004e+07	8.43494e+07	4.83874e+07	1.02248e+08	6.1116e+07	7.77401e+07	8.50185e+07	5.71505e+07	8.08188e+07	8.78004e+07	4.10857e+07	4.31144e+06	3.719e+06	5.02166e+06	6.53224e+07	6.49433e+07	6.62361e+07	6.07139e+07	6.45147e+07	5.13308e+07	3.32138e+07	5.65272e+07	3.87593e+07	9.78355e+06	7.45916e+06	9.41124e+06	6.45067e+07	7.36607e+07	6.40126e+07	4.85026e+07	6.54993e+07	7.58593e+07	3.60579e+07	3.17826e+07	3.18254e+07	6.38352e+06	9.29796e+06	6.29767e+06	6.00218e+07	5.80021e+07	4.33163e+07	4.75622e+07	4.78499e+07	3.94148e+07	2.50423e+07	3.24285e+07	8.87245e+06	1.12057e+07	7.25853e+07	6.28695e+07	8.06668e+07	5.88553e+07	4.31269e+07	7.2085e+06	5.12257e+07	5.15487e+07	4.7594e+07	3.66951e+07	3.95927e+07	5.18491e+07	1.84542e+07	1.49281e+07	1.56406e+07	7.02199e+07	6.98654e+07	4.90653e+07	5.42929e+07	5.37257e+07	5.49734e+07	3.06813e+07	4.05219e+07	5.21793e+07	2.30215e+07	1.83659e+07	2.21311e+07	5.79374e+07	5.94497e+07	5.30744e+07	5.04417e+07	5.70708e+07	4.71111e+07	3.6593e+07	4.06791e+07	2.63676e+07	2.87734e+07	3.95122e+07	2.95109e+07	6.64197e+07	6.42324e+07	6.35233e+07
SRR1524467	5.17516e+07	5.79008e+07	4.795e+07	3.97359e+07	5.90733e+07	2.02749e+07	3.48665e+07	5.14238e+07	2.85046e+07	2.31095e+07	6.31702e+07	1.07812e+08	3.89718e+07	5.65115e+07	6.57023e+07	3.81803e+07	6.90181e+07	3.03602e+07	3.81978e+07	4.77466e+07	4.39343e+07	3.56175e+07	5.05395e+07	2.70072e+07	5.16364e+07	2.42935e+07	2.93142e+07	6.07396e+07	4.14417e+07	4.48005e+07	3.15435e+07	5.78779e+07	5.1896e+07	6.62107e+07	8.97621e+07	2.00677e+07	6.09857e+07	6.91296e+07	1.71931e+07	2.11547e+07	7.85314e+07	5.61877e+07	6.8292e+07	7.2518e+07	2.59285e+07	6.13075e+07	4.95994e+07	4.01588e+07	5.09406e+07	7.44332e+07	2.83606e+07	7.22663e+07	9.34888e+07	1.82002e+07	4.51009e+07	6.4237e+07	6.01864e+07	8.19795e+07	2.52755e+07	4.56753e+07	7.22716e+07	2.88852e+07	5.20844e+07	6.19685e+07	9.0393e+06	7.07793e+06	1.19328e+07	2.62053e+07	2.37565e+07	2.55124e+07	1.8937e+07	2.29288e+07	1.4748e+07	1.65599e+07	4.13985e+07	1.23517e+07	1.01631e+07	1.13573e+07	1.13567e+07	1.98613e+07	2.89363e+07	1.97722e+07	1.8087e+07	2.11276e+07	3.01611e+07	1.84231e+07	2.29347e+07	2.1518e+07	7.86479e+06	9.92848e+06	9.32779e+06	1.83049e+07	1.67138e+07	1.25714e+07	2.24771e+07	2.32119e+07	1.91864e+07	1.76304e+07	2.07432e+07	1.10898e+07	1.34348e+07	2.56328e+07	2.7158e+07	2.58199e+07	1.98798e+07	2.14659e+07	1.0775e+07	2.06654e+07	2.19685e+07	2.02058e+07	1.92975e+07	2.80741e+07	3.3332e+07	1.40222e+07	1.61782e+07	1.81172e+07	1.95397e+07	2.06997e+07	1.24316e+07	2.30949e+07	1.92721e+07	1.91471e+07	2.62648e+07	2.85287e+07	3.79864e+07	2.43516e+07	1.98152e+07	2.50634e+07	1.59705e+07	1.88491e+07	1.5144e+07	2.29135e+07	3.0583e+07	2.55951e+07	3.30217e+07	3.4459e+07	2.78915e+07	3.35872e+07	3.92878e+07	3.49841e+07	2.07445e+07	2.12913e+07	1.75771e+07
SRR1524468	3.46632e+08	9.48499e+07	2.48646e+07	2.84153e+08	2.97574e+07	1.92769e+08	2.4606e+08	8.18369e+07	1.01746e+07	1.88886e+08	7.49679e+07	3.89718e+07	2.73484e+08	7.44752e+07	3.52183e+07	2.33575e+08	8.55278e+07	1.30735e+07	3.19463e+08	9.48922e+07	2.49039e+07	2.58268e+08	2.13149e+07	2.39767e+08	1.08878e+08	7.95721e+06	1.71399e+08	1.26502e+08	1.35093e+07	8.32866e+07	1.33272e+07	1.25457e+08	2.02326e+07	1.81321e+08	6.64947e+07	2.35807e+08	1.92254e+08	4.12969e+07	2.18159e+08	2.02015e+08	1.66495e+08	3.05775e+07	1.26069e+08	4.08994e+07	2.66619e+08	3.80271e+07	1.87686e+07	3.85532e+08	2.66332e+08	4.07159e+07	2.84623e+08	3.3043e+08	5.43679e+07	2.11475e+08	2.76847e+08	3.22873e+07	3.04272e+08	4.46704e+07	2.85948e+08	2.62923e+08	4.50317e+07	2.88308e+08	2.89603e+08	2.14662e+07	1.48952e+06	1.73017e+06	823858	2.00747e+08	2.07914e+08	2.0737e+08	1.8449e+08	2.0166e+08	1.52386e+08	6.86415e+07	1.09294e+08	1.03426e+08	9.48534e+06	5.72267e+06	9.87219e+06	2.2451e+08	2.35805e+08	2.11296e+08	1.47873e+08	2.02529e+08	2.30791e+08	8.74992e+07	5.55079e+07	5.68901e+07	6.00203e+06	8.65124e+06	4.90682e+06	2.09798e+08	2.00765e+08	1.35652e+08	1.29966e+08	1.23707e+08	9.13019e+07	4.49409e+07	5.90616e+07	8.69153e+06	1.00854e+07	2.26318e+08	1.85081e+08	2.68e+08	1.79584e+08	9.07255e+07	6.37374e+06	1.54535e+08	1.48374e+08	1.38813e+08	8.23208e+07	7.25277e+07	1.04501e+08	2.70241e+07	1.60553e+07	1.82351e+07	2.38537e+08	2.47964e+08	1.67854e+08	1.55252e+08	1.51727e+08	1.6989e+08	3.83879e+07	6.26473e+07	8.30117e+07	1.82864e+07	1.51405e+07	1.69235e+07	1.98109e+08	1.97474e+08	1.86689e+08	1.59588e+08	1.59633e+08	1.28499e+08	6.09848e+07	5.98935e+07	4.13777e+07	3.20814e+07	5.11974e+07	3.74607e+07	2.28531e+08	2.17071e+08	2.26533e+08
SRR1524469	9.66742e+07	7.38719e+07	3.54349e+07	7.81836e+07	4.77568e+07	4.66459e+07	6.39338e+07	5.78544e+07	1.91159e+07	5.06028e+07	5.83474e+07	5.65115e+07	7.44752e+07	9.21253e+07	5.65716e+07	6.87806e+07	7.32003e+07	2.53348e+07	7.73126e+07	5.86937e+07	3.43002e+07	6.66495e+07	3.78574e+07	6.21309e+07	6.33757e+07	1.66907e+07	5.0757e+07	6.94688e+07	2.83275e+07	5.5158e+07	2.53869e+07	6.91081e+07	3.80501e+07	7.99702e+07	7.26226e+07	5.95796e+07	8.23571e+07	5.73564e+07	4.7186e+07	5.16915e+07	8.56952e+07	4.3059e+07	7.37806e+07	5.53449e+07	6.10353e+07	5.36128e+07	3.64243e+07	9.01184e+07	8.16534e+07	5.61141e+07	6.63198e+07	9.89558e+07	7.29698e+07	4.99267e+07	8.03911e+07	4.88191e+07	9.17396e+07	6.00244e+07	6.40915e+07	7.97485e+07	5.97822e+07	6.60029e+07	8.75293e+07	3.81942e+07	4.32248e+06	3.68361e+06	5.3563e+06	4.97e+07	4.89151e+07	4.99401e+07	4.87462e+07	5.43124e+07	4.32095e+07	3.21087e+07	5.5462e+07	3.45346e+07	9.61922e+06	7.9729e+06	8.7008e+06	4.85658e+07	5.7088e+07	4.77426e+07	4.24637e+07	5.41801e+07	6.45263e+07	3.15819e+07	2.57423e+07	3.05153e+07	5.26642e+06	8.44144e+06	6.29846e+06	4.47683e+07	4.36958e+07	3.33693e+07	4.08468e+07	4.83198e+07	3.90799e+07	2.23122e+07	3.29537e+07	7.82536e+06	1.02277e+07	5.21315e+07	4.7489e+07	5.93998e+07	5.13265e+07	4.0116e+07	7.81697e+06	4.65471e+07	4.42042e+07	4.10614e+07	3.58005e+07	3.73442e+07	4.35667e+07	1.95312e+07	1.25216e+07	1.28041e+07	5.36741e+07	5.27711e+07	3.61849e+07	4.46281e+07	4.93646e+07	4.80319e+07	2.8175e+07	3.65969e+07	4.82287e+07	1.99154e+07	1.51527e+07	1.84192e+07	4.87093e+07	4.38151e+07	4.10741e+07	4.64679e+07	5.24323e+07	4.66919e+07	3.61551e+07	4.01077e+07	3.30286e+07	2.66411e+07	3.99547e+07	3.61778e+07	5.3274e+07	4.74657e+07	4.8682e+07
SRR1524471	4.78549e+07	4.89402e+07	4.09928e+07	4.0335e+07	5.6775e+07	1.76514e+07	3.45535e+07	4.79667e+07	2.08291e+07	2.47972e+07	4.97204e+07	6.57023e+07	3.52183e+07	5.65716e+07	7.55397e+07	3.54541e+07	6.75713e+07	2.807e+07	3.96918e+07	4.76981e+07	4.04756e+07	3.57483e+07	4.2987e+07	2.78056e+07	4.87077e+07	2.08387e+07	2.64167e+07	5.83603e+07	3.40476e+07	4.23591e+07	2.92838e+07	5.53576e+07	4.47897e+07	6.78674e+07	8.41506e+07	2.16769e+07	5.95466e+07	6.8319e+07	1.96481e+07	2.42935e+07	7.10731e+07	5.0996e+07	6.18239e+07	6.55824e+07	2.66081e+07	6.17262e+07	4.45442e+07	4.00212e+07	5.15324e+07	6.71981e+07	2.94678e+07	6.48333e+07	8.21094e+07	2.01143e+07	4.64387e+07	5.69953e+07	5.68957e+07	6.78699e+07	2.78467e+07	4.18132e+07	7.18465e+07	3.03346e+07	4.82432e+07	3.77338e+07	6.29133e+06	5.03838e+06	8.12031e+06	2.43451e+07	2.33856e+07	2.37615e+07	1.96863e+07	2.31075e+07	1.54115e+07	1.45172e+07	3.40832e+07	1.21826e+07	7.70527e+06	8.68479e+06	8.49142e+06	2.17568e+07	2.69611e+07	2.22749e+07	1.72163e+07	2.10968e+07	2.81786e+07	1.7842e+07	1.51512e+07	1.99709e+07	6.63978e+06	8.00175e+06	7.49569e+06	2.06101e+07	1.94077e+07	1.51446e+07	1.74073e+07	1.62008e+07	1.43837e+07	1.34519e+07	1.79133e+07	8.44584e+06	1.04084e+07	2.4287e+07	2.3653e+07	2.85974e+07	2.16576e+07	2.09532e+07	8.80643e+06	1.98249e+07	1.86282e+07	1.74772e+07	1.84113e+07	2.5258e+07	3.06619e+07	1.24047e+07	1.52504e+07	1.44129e+07	2.39373e+07	2.3462e+07	1.54992e+07	2.18508e+07	2.05924e+07	2.25433e+07	2.57432e+07	3.17224e+07	4.06033e+07	2.56131e+07	2.06174e+07	2.63321e+07	1.97148e+07	2.05771e+07	1.77827e+07	2.05816e+07	2.44676e+07	1.91722e+07	2.5704e+07	2.89138e+07	1.86973e+07	2.31425e+07	3.46028e+07	3.19025e+07	2.40248e+07	2.29658e+07	1.97459e+07
SRR1524472	3.34335e+08	9.32039e+07	2.38653e+07	2.79444e+08	2.96344e+07	1.83413e+08	2.45009e+08	8.06141e+07	9.72846e+06	1.79078e+08	7.17121e+07	3.81803e+07	2.33575e+08	6.87806e+07	3.54541e+07	2.43671e+08	8.21708e+07	1.30693e+07	3.11243e+08	9.0509e+07	2.58996e+07	2.55274e+08	2.25483e+07	2.29133e+08	1.03794e+08	8.1458e+06	1.6273e+08	1.2275e+08	1.34934e+07	8.01894e+07	1.35568e+07	1.22872e+08	2.18724e+07	1.78225e+08	6.72233e+07	2.1657e+08	1.91784e+08	4.05437e+07	2.15234e+08	1.91416e+08	1.65762e+08	3.10547e+07	1.21818e+08	3.9463e+07	2.48453e+08	3.88672e+07	1.81053e+07	3.53602e+08	2.57861e+08	3.87606e+07	2.60702e+08	3.33138e+08	5.62973e+07	2.0777e+08	2.66377e+08	3.40074e+07	2.88305e+08	4.4865e+07	2.58148e+08	2.46379e+08	4.59648e+07	2.74203e+08	2.72385e+08	2.32146e+07	1.41702e+06	1.55837e+06	685983	1.9154e+08	2.00662e+08	2.00804e+08	1.63432e+08	1.94309e+08	1.32896e+08	5.9329e+07	1.02456e+08	9.2451e+07	6.77259e+06	4.94432e+06	7.64806e+06	2.11313e+08	2.2588e+08	1.93271e+08	1.40141e+08	1.87059e+08	2.1292e+08	8.11408e+07	4.67421e+07	5.35196e+07	5.30168e+06	7.66489e+06	4.45374e+06	1.9917e+08	1.85497e+08	1.23345e+08	1.28604e+08	1.14164e+08	8.21665e+07	4.3624e+07	5.22008e+07	7.4051e+06	8.80353e+06	2.08582e+08	1.83121e+08	2.48638e+08	1.56694e+08	7.9733e+07	5.48293e+06	1.41219e+08	1.34278e+08	1.31496e+08	7.42215e+07	6.61475e+07	1.00425e+08	2.18881e+07	1.47327e+07	1.77348e+07	2.13256e+08	2.24121e+08	1.47108e+08	1.45183e+08	1.39752e+08	1.53996e+08	3.80892e+07	5.80345e+07	7.47304e+07	1.72356e+07	1.47011e+07	1.52554e+07	1.7475e+08	1.80655e+08	1.749e+08	1.49738e+08	1.50441e+08	1.23842e+08	5.83417e+07	5.90162e+07	3.97277e+07	3.14853e+07	4.63193e+07	3.50209e+07	2.14992e+08	2.07307e+08	1.98499e+08
SRR1524474	1.16348e+08	7.70836e+07	4.19408e+07	9.52408e+07	5.83967e+07	5.24939e+07	8.29365e+07	7.23725e+07	1.83312e+07	6.28001e+07	6.94151e+07	6.90181e+07	8.55278e+07	7.32003e+07	6.75713e+07	8.21708e+07	1.18434e+08	2.56735e+07	9.76482e+07	6.99193e+07	4.08541e+07	8.34263e+07	4.06593e+07	7.11828e+07	7.3255e+07	1.73972e+07	5.98664e+07	8.58137e+07	2.89341e+07	5.87841e+07	2.44599e+07	8.24097e+07	4.02955e+07	1.09017e+08	9.66416e+07	6.30703e+07	1.03912e+08	7.27182e+07	5.80796e+07	6.40621e+07	1.12223e+08	5.45049e+07	9.57871e+07	6.98183e+07	7.16509e+07	6.37561e+07	4.22948e+07	1.06223e+08	1.03423e+08	7.22454e+07	7.72837e+07	1.32188e+08	8.95525e+07	5.75434e+07	9.93229e+07	6.03596e+07	1.15804e+08	7.45641e+07	7.49167e+07	9.24039e+07	7.44067e+07	7.88788e+07	1.02939e+08	4.06121e+07	2.36508e+06	2.3855e+06	2.72044e+06	5.65074e+07	5.6725e+07	5.94667e+07	5.49381e+07	6.02662e+07	4.70526e+07	3.2779e+07	5.98891e+07	3.7112e+07	8.70427e+06	5.82947e+06	7.96315e+06	5.78349e+07	6.80544e+07	5.59315e+07	4.57739e+07	6.01733e+07	7.13014e+07	3.64363e+07	2.81107e+07	3.27367e+07	5.31916e+06	9.22484e+06	5.1604e+06	5.34727e+07	5.14174e+07	3.81889e+07	4.44897e+07	4.54425e+07	3.91302e+07	2.48254e+07	3.33545e+07	7.7665e+06	9.84276e+06	6.25647e+07	5.41088e+07	6.98971e+07	5.531e+07	4.25723e+07	6.60634e+06	5.03347e+07	4.96706e+07	4.48812e+07	3.80233e+07	4.1718e+07	4.97035e+07	1.8462e+07	1.45458e+07	1.43924e+07	6.22328e+07	6.28173e+07	4.27306e+07	5.29884e+07	5.40526e+07	5.42318e+07	3.54612e+07	4.56309e+07	5.65351e+07	2.47477e+07	1.97069e+07	2.4019e+07	5.21251e+07	5.29745e+07	4.74806e+07	5.08065e+07	5.6779e+07	4.65774e+07	4.10912e+07	4.31373e+07	2.98605e+07	2.89884e+07	4.18405e+07	3.59311e+07	6.04039e+07	5.7558e+07	5.71673e+07
SRR1524475	1.70125e+07	2.06952e+07	2.29415e+07	1.32492e+07	2.59647e+07	6.03907e+06	1.21805e+07	1.85368e+07	1.60737e+07	8.30978e+06	2.1469e+07	3.03602e+07	1.30735e+07	2.53348e+07	2.807e+07	1.30693e+07	2.56735e+07	2.30374e+07	1.3543e+07	1.75885e+07	2.07078e+07	1.25192e+07	2.32239e+07	9.86957e+06	1.94605e+07	1.28232e+07	1.10146e+07	2.17954e+07	2.05533e+07	2.16e+07	2.02571e+07	2.40705e+07	2.85977e+07	2.20774e+07	3.08853e+07	7.78331e+06	2.22824e+07	2.62015e+07	6.36339e+06	8.43685e+06	2.65595e+07	2.38617e+07	2.40171e+07	2.65937e+07	9.07081e+06	2.75126e+07	2.65831e+07	1.39989e+07	1.89609e+07	3.05653e+07	9.31781e+06	2.3996e+07	3.0636e+07	7.31746e+06	1.64862e+07	2.59037e+07	2.1432e+07	2.91475e+07	8.86632e+06	1.69905e+07	2.96497e+07	9.7982e+06	1.83772e+07	2.41866e+07	8.12164e+06	6.51252e+06	1.11004e+07	8.08135e+06	7.72675e+06	7.85319e+06	6.48339e+06	7.40098e+06	4.62326e+06	6.00491e+06	1.32605e+07	4.38176e+06	8.06167e+06	9.57626e+06	8.17693e+06	6.76071e+06	8.99306e+06	6.61231e+06	5.90497e+06	6.86857e+06	9.63316e+06	7.53511e+06	7.11084e+06	8.40202e+06	6.41812e+06	7.16817e+06	7.37752e+06	6.30308e+06	5.8347e+06	4.30227e+06	6.55071e+06	6.66655e+06	6.22756e+06	6.17011e+06	7.8232e+06	7.66625e+06	8.16415e+06	7.68175e+06	8.14487e+06	8.5825e+06	6.59298e+06	8.06205e+06	8.6941e+06	6.73925e+06	6.32851e+06	5.51495e+06	6.07023e+06	9.99448e+06	9.48507e+06	7.40609e+06	9.23444e+06	8.58974e+06	6.67125e+06	7.04308e+06	4.41825e+06	7.55378e+06	6.95358e+06	6.83178e+06	8.60172e+06	9.57114e+06	1.35941e+07	1.14852e+07	9.30027e+06	1.13904e+07	5.45159e+06	6.18174e+06	5.4375e+06	7.37012e+06	8.83977e+06	7.32389e+06	9.06509e+06	8.99013e+06	6.90537e+06	1.15514e+07	1.36385e+07	1.11706e+07	7.01065e+06	7.11512e+06	6.14068e+06
SRR1524477	5.46758e+08	1.14653e+08	2.6201e+07	4.46269e+08	3.28177e+07	2.98614e+08	3.77904e+08	1.06009e+08	9.73578e+06	2.61996e+08	9.17874e+07	3.81978e+07	3.19463e+08	7.73126e+07	3.96918e+07	3.11243e+08	9.76482e+07	1.3543e+07	5.82182e+08	1.13521e+08	2.98746e+07	4.07386e+08	2.3861e+07	3.68785e+08	1.37028e+08	9.60002e+06	2.32337e+08	1.57832e+08	1.56237e+07	1.03907e+08	1.55358e+07	1.61625e+08	2.48044e+07	2.62966e+08	8.13306e+07	3.33551e+08	2.7905e+08	5.02445e+07	3.79829e+08	3.08459e+08	2.19111e+08	3.5939e+07	1.5451e+08	4.59728e+07	3.93097e+08	4.55576e+07	2.07837e+07	6.13442e+08	4.17128e+08	4.44776e+07	4.25066e+08	5.37624e+08	6.37322e+07	3.45564e+08	4.15232e+08	3.85393e+07	4.3509e+08	5.04536e+07	4.23128e+08	3.59905e+08	5.27696e+07	4.44121e+08	3.91997e+08	2.15818e+07	1.77617e+06	1.94596e+06	815024	2.81644e+08	3.11388e+08	3.12811e+08	2.47367e+08	2.95306e+08	2.04967e+08	7.74653e+07	1.29135e+08	1.34195e+08	7.57074e+06	5.99162e+06	9.61116e+06	3.46946e+08	3.54728e+08	3.08808e+08	1.98612e+08	2.88248e+08	3.18538e+08	1.02422e+08	6.06096e+07	6.50403e+07	6.31442e+06	7.45376e+06	5.18584e+06	3.22958e+08	2.83312e+08	1.85264e+08	1.73947e+08	1.45132e+08	9.9856e+07	5.04031e+07	5.9414e+07	8.37934e+06	9.40282e+06	3.30063e+08	2.67986e+08	4.11343e+08	2.41599e+08	1.06898e+08	5.98501e+06	1.95353e+08	1.96798e+08	1.85427e+08	9.23663e+07	8.01702e+07	1.34296e+08	2.24189e+07	1.72944e+07	2.21635e+07	3.65143e+08	3.74302e+08	2.31886e+08	2.09134e+08	1.93636e+08	2.21469e+08	4.28038e+07	7.1651e+07	9.56912e+07	1.98802e+07	1.66196e+07	1.82555e+07	2.73375e+08	2.77948e+08	2.64885e+08	2.01576e+08	2.09058e+08	1.6419e+08	6.56958e+07	6.1752e+07	3.80749e+07	2.9949e+07	4.67193e+07	3.54372e+07	3.55469e+08	3.33542e+08	3.25058e+08
SRR1524479	1.33853e+08	7.61459e+07	3.52893e+07	1.06933e+08	4.35307e+07	7.30193e+07	8.68152e+07	6.41518e+07	1.34393e+07	6.45491e+07	5.65548e+07	4.77466e+07	9.48922e+07	5.86937e+07	4.76981e+07	9.0509e+07	6.99193e+07	1.75885e+07	1.13521e+08	1.18911e+08	3.61752e+07	9.87736e+07	3.3184e+07	8.61682e+07	7.76907e+07	1.30832e+07	6.3926e+07	7.98866e+07	2.1286e+07	5.36417e+07	1.76664e+07	8.04523e+07	3.1892e+07	1.10372e+08	7.76557e+07	9.24356e+07	1.06755e+08	5.94093e+07	7.29944e+07	7.67274e+07	1.01025e+08	4.29777e+07	8.09834e+07	5.32898e+07	9.17904e+07	4.65479e+07	2.98032e+07	1.30189e+08	1.14461e+08	5.51204e+07	9.81742e+07	1.37367e+08	6.63926e+07	7.63724e+07	1.1521e+08	4.56846e+07	1.18877e+08	5.49702e+07	9.31553e+07	1.05093e+08	5.22468e+07	9.59154e+07	1.27938e+08	2.80334e+07	1.44982e+06	1.55725e+06	1.2295e+06	6.09076e+07	6.27211e+07	6.72635e+07	5.91692e+07	6.86854e+07	4.97961e+07	3.11878e+07	5.68542e+07	3.49797e+07	4.407e+06	4.20305e+06	6.10862e+06	6.78659e+07	7.37124e+07	6.52958e+07	4.96669e+07	6.49996e+07	7.66145e+07	3.47505e+07	2.49384e+07	3.18555e+07	4.08762e+06	5.49876e+06	4.32397e+06	6.19368e+07	5.85274e+07	4.72807e+07	4.82271e+07	4.72224e+07	3.67759e+07	2.0852e+07	3.09896e+07	5.8782e+06	7.39895e+06	6.86229e+07	5.99555e+07	8.41206e+07	6.30549e+07	4.36989e+07	5.3069e+06	5.43804e+07	5.41734e+07	5.0711e+07	3.93794e+07	4.55306e+07	5.70251e+07	1.62386e+07	1.44701e+07	1.6341e+07	7.3871e+07	7.11851e+07	4.93395e+07	5.6987e+07	5.91759e+07	6.14506e+07	2.92024e+07	4.15106e+07	5.31177e+07	1.96244e+07	1.59755e+07	1.9298e+07	6.69893e+07	5.93867e+07	5.56165e+07	5.86362e+07	6.42473e+07	5.6494e+07	4.14342e+07	5.15456e+07	3.30888e+07	2.43891e+07	4.97853e+07	4.2338e+07	7.38686e+07	6.90077e+07	6.51864e+07
SRR1524481	3.60231e+07	3.63258e+07	3.70298e+07	2.83964e+07	4.13978e+07	1.39097e+07	2.62323e+07	3.31191e+07	1.73948e+07	1.74308e+07	3.24832e+07	4.39343e+07	2.49039e+07	3.43002e+07	4.04756e+07	2.58996e+07	4.08541e+07	2.07078e+07	2.98746e+07	3.61752e+07	4.1753e+07	2.77023e+07	3.66657e+07	2.09326e+07	3.40007e+07	1.62352e+07	2.08403e+07	3.97316e+07	2.53386e+07	2.96824e+07	2.26225e+07	3.76341e+07	3.33342e+07	4.3732e+07	5.62812e+07	1.55135e+07	4.10138e+07	4.49783e+07	1.53583e+07	1.74287e+07	4.67624e+07	3.42245e+07	3.90705e+07	4.14497e+07	1.96929e+07	3.84137e+07	2.9539e+07	2.95557e+07	3.68015e+07	4.88496e+07	2.07486e+07	5.09228e+07	5.39249e+07	1.55838e+07	3.31563e+07	3.88077e+07	3.97953e+07	4.53698e+07	1.89447e+07	2.9893e+07	4.41147e+07	2.2438e+07	3.41249e+07	2.81767e+07	7.56342e+06	5.77667e+06	9.97446e+06	1.71809e+07	1.75095e+07	1.711e+07	1.19432e+07	1.5802e+07	8.85771e+06	8.81116e+06	2.51863e+07	7.19104e+06	8.05986e+06	9.33067e+06	8.35524e+06	1.51097e+07	1.91646e+07	1.53468e+07	1.08305e+07	1.28276e+07	1.74216e+07	1.1001e+07	9.9922e+06	1.24835e+07	6.40281e+06	7.17605e+06	7.36002e+06	1.43482e+07	1.26889e+07	9.15118e+06	1.31975e+07	1.1148e+07	8.58912e+06	9.42768e+06	1.12645e+07	7.98383e+06	9.18266e+06	1.62104e+07	1.74975e+07	2.00303e+07	1.21773e+07	1.20013e+07	8.50155e+06	1.24762e+07	1.1264e+07	1.10885e+07	1.01932e+07	1.43537e+07	1.94297e+07	8.82232e+06	1.10058e+07	1.14035e+07	1.52873e+07	1.5503e+07	9.3454e+06	1.37458e+07	1.20522e+07	1.23075e+07	1.43758e+07	1.62187e+07	2.22588e+07	1.53212e+07	1.24922e+07	1.56103e+07	1.18288e+07	1.34439e+07	1.13742e+07	1.50784e+07	1.71082e+07	1.31894e+07	1.73257e+07	1.78686e+07	1.17376e+07	1.65092e+07	2.11159e+07	2.00337e+07	1.67284e+07	1.66837e+07	1.30912e+07
SRR1524541	4.07657e+08	1.03123e+08	2.36399e+07	3.45152e+08	2.90864e+07	2.41602e+08	2.99299e+08	8.89335e+07	8.90828e+06	2.08166e+08	7.68883e+07	3.56175e+07	2.58268e+08	6.66495e+07	3.57483e+07	2.55274e+08	8.34263e+07	1.25192e+07	4.07386e+08	9.87736e+07	2.77023e+07	3.58497e+08	2.23856e+07	2.97509e+08	1.16672e+08	8.76463e+06	1.89518e+08	1.37515e+08	1.37993e+07	8.87687e+07	1.44238e+07	1.43159e+08	2.42822e+07	2.19023e+08	7.74115e+07	2.65188e+08	2.30426e+08	4.51736e+07	2.91112e+08	2.43107e+08	1.89617e+08	3.40036e+07	1.3192e+08	4.32011e+07	3.12535e+08	4.29006e+07	1.85427e+07	4.40513e+08	3.1636e+08	4.08286e+07	3.36177e+08	4.18537e+08	5.76031e+07	2.7252e+08	3.21491e+08	3.70419e+07	3.35746e+08	4.93201e+07	3.25756e+08	2.84699e+08	4.94478e+07	3.45678e+08	3.13586e+08	2.01365e+07	1.54649e+06	1.57499e+06	787623	2.18149e+08	2.38206e+08	2.37884e+08	1.78815e+08	2.16412e+08	1.50297e+08	5.98236e+07	1.08623e+08	9.91058e+07	5.62951e+06	4.40162e+06	7.29304e+06	2.57398e+08	2.64377e+08	2.37447e+08	1.47367e+08	2.08391e+08	2.32492e+08	7.78793e+07	4.53397e+07	4.95339e+07	4.71969e+06	6.01375e+06	3.91972e+06	2.4523e+08	2.12674e+08	1.39343e+08	1.35587e+08	1.1353e+08	7.88813e+07	4.22399e+07	4.63434e+07	6.45168e+06	7.66278e+06	2.5641e+08	2.10323e+08	3.09848e+08	1.7669e+08	8.36032e+07	4.85355e+06	1.47187e+08	1.48762e+08	1.42812e+08	7.1193e+07	6.69493e+07	1.04963e+08	1.72007e+07	1.39121e+07	1.79731e+07	2.68636e+08	2.79318e+08	1.76303e+08	1.59065e+08	1.51124e+08	1.68164e+08	3.53311e+07	5.72272e+07	7.57285e+07	1.61635e+07	1.34518e+07	1.42924e+07	2.08719e+08	2.12874e+08	2.0287e+08	1.58427e+08	1.66759e+08	1.34226e+08	5.69008e+07	5.66507e+07	3.50089e+07	2.69037e+07	4.13396e+07	3.16761e+07	2.72003e+08	2.58985e+08	2.56491e+08
