	A-0_10x	A-1_10x	A-2_10x	B-0_10x	B-1_10x	B-2_10x	C-0_10x	C-1_10x	C-2_10x	D-0_10x	D-1_10x	D-2_10x	E-0_10x	E-1_10x	E-2_10x	F-0_10x	F-1_10x	F-2_10x	G-0_10x	G-1_10x	G-2_10x	H-0_10x	H-1_10x	H-2_10x	I-0_10x	I-1_10x	I-2_10x	J-0_10x	J-1_10x	J-2_10x	K-0_10x	K-1_10x	K-2_10x	L-0_10x	L-1_10x	L-2_10x
A-0_10x	1.23171e+08	1.26542e+08	3.01583e+07	1.0741e+07	1.20406e+07	1.05596e+07	3.73482e+06	1.15831e+06	2.18581e+06	2.9685e+06	3.86056e+06	3.6546e+06	3.93214e+06	3.32828e+06	4.74453e+06	5.71902e+06	4.61504e+06	4.67844e+06	1.13166e+07	1.37234e+07	7.61429e+06	1.98459e+06	2.8357e+06	3.65328e+06	3.43582e+06	2.56837e+06	4.3232e+06	1.35625e+07	1.23755e+07	6.83197e+06	2.05324e+07	8.58457e+06	3.25628e+07	4.16714e+06	4.936e+06	3.88509e+06
A-1_10x	1.26542e+08	1.55654e+08	3.41759e+07	1.21288e+07	1.35615e+07	1.19283e+07	4.20822e+06	1.30847e+06	2.46806e+06	3.35693e+06	4.36311e+06	4.13706e+06	4.43582e+06	3.75344e+06	5.34973e+06	6.44499e+06	5.1876e+06	5.26543e+06	1.2756e+07	1.54505e+07	8.58698e+06	2.25019e+06	3.20372e+06	4.12286e+06	3.88725e+06	2.9109e+06	4.89443e+06	1.52922e+07	1.39655e+07	7.68187e+06	2.31841e+07	9.68857e+06	3.67581e+07	4.69746e+06	5.56021e+06	4.39414e+06
A-2_10x	3.01583e+07	3.41759e+07	1.11641e+07	2.92957e+06	3.26342e+06	2.88171e+06	1.01943e+06	315675	596494	815001	1.05706e+06	1.00437e+06	1.0738e+06	909882	1.29849e+06	1.57218e+06	1.26597e+06	1.28616e+06	3.06296e+06	3.72462e+06	2.05828e+06	543236	775251	1.00165e+06	943537	707361	1.18725e+06	3.68493e+06	3.37148e+06	1.8436e+06	5.5169e+06	2.29652e+06	8.72162e+06	1.13238e+06	1.34882e+06	1.06022e+06
B-0_10x	1.0741e+07	1.21288e+07	2.92957e+06	4.94565e+07	4.78912e+07	4.21517e+07	2.30327e+06	711303	1.35471e+06	1.85409e+06	2.41374e+06	2.28189e+06	2.4538e+06	2.06587e+06	2.95196e+06	3.49525e+06	2.79988e+06	2.86014e+06	9.77327e+06	1.17362e+07	6.47651e+06	1.22686e+06	1.75716e+06	2.26245e+06	2.13381e+06	1.60559e+06	2.69105e+06	1.15477e+07	1.06387e+07	5.79526e+06	6.63269e+06	2.7801e+06	1.04572e+07	2.58828e+06	3.06425e+06	2.43174e+06
B-1_10x	1.20406e+07	1.35615e+07	3.26342e+06	4.78912e+07	6.14278e+07	4.72628e+07	2.58837e+06	795625	1.51428e+06	2.07789e+06	2.70296e+06	2.56379e+06	2.77051e+06	2.33767e+06	3.3333e+06	3.93112e+06	3.14439e+06	3.22388e+06	1.10173e+07	1.3202e+07	7.29412e+06	1.37945e+06	1.98506e+06	2.55005e+06	2.41589e+06	1.80739e+06	3.02665e+06	1.30569e+07	1.20317e+07	6.53565e+06	7.37854e+06	3.10332e+06	1.16868e+07	2.89903e+06	3.42408e+06	2.71799e+06
B-2_10x	1.05596e+07	1.19283e+07	2.88171e+06	4.21517e+07	4.72628e+07	4.82317e+07	2.26644e+06	700558	1.3299e+06	1.83063e+06	2.37373e+06	2.24487e+06	2.43884e+06	2.06051e+06	2.93238e+06	3.45823e+06	2.7569e+06	2.81662e+06	9.60598e+06	1.14996e+07	6.3564e+06	1.22221e+06	1.75572e+06	2.25138e+06	2.14251e+06	1.60293e+06	2.67741e+06	1.1445e+07	1.0495e+07	5.71558e+06	6.49956e+06	2.7275e+06	1.03154e+07	2.54134e+06	3.00568e+06	2.38566e+06
C-0_10x	3.73482e+06	4.20822e+06	1.01943e+06	2.30327e+06	2.58837e+06	2.26644e+06	7.03054e+07	1.92772e+07	3.65244e+07	1.20002e+07	1.5597e+07	1.4886e+07	7.83129e+06	6.62112e+06	9.44823e+06	2.27253e+07	1.82722e+07	1.88193e+07	2.44914e+06	2.97323e+06	1.65437e+06	3.93214e+06	5.63143e+06	7.21958e+06	6.76583e+06	5.06296e+06	8.59612e+06	2.93012e+06	2.6695e+06	1.44007e+06	2.28763e+06	957291	3.65267e+06	6.34104e+07	7.53523e+07	5.95172e+07
C-1_10x	1.15831e+06	1.30847e+06	315675	711303	795625	700558	1.92772e+07	8.58481e+06	1.13947e+07	3.72387e+06	4.85958e+06	4.62725e+06	2.45054e+06	2.07588e+06	2.95722e+06	7.1128e+06	5.72622e+06	5.88254e+06	771504	935524	517761	1.22764e+06	1.76025e+06	2.2509e+06	2.11445e+06	1.57831e+06	2.67434e+06	923222	839379	454588	720632	303719	1.15232e+06	1.97261e+07	2.34518e+07	1.85587e+07
C-2_10x	2.18581e+06	2.46806e+06	596494	1.35471e+06	1.51428e+06	1.3299e+06	3.65244e+07	1.13947e+07	2.63686e+07	7.05739e+06	9.17365e+06	8.74978e+06	4.59372e+06	3.88726e+06	5.54622e+06	1.34407e+07	1.07979e+07	1.11151e+07	1.43825e+06	1.75309e+06	974948	2.3248e+06	3.31575e+06	4.25466e+06	3.97917e+06	2.99792e+06	5.03722e+06	1.72935e+06	1.5745e+06	848377	1.35091e+06	567800	2.16107e+06	3.74084e+07	4.44962e+07	3.50064e+07
D-0_10x	2.9685e+06	3.35693e+06	815001	1.85409e+06	2.07789e+06	1.83063e+06	1.20002e+07	3.72387e+06	7.05739e+06	4.72134e+07	5.2427e+07	4.98936e+07	6.37434e+06	5.4293e+06	7.68452e+06	4.52918e+07	3.63015e+07	3.74154e+07	1.96362e+06	2.37883e+06	1.3044e+06	3.19514e+06	4.5625e+06	5.8909e+06	5.53106e+06	4.14948e+06	6.92728e+06	2.35111e+06	2.15824e+06	1.16414e+06	1.83674e+06	774072	2.91986e+06	1.34306e+07	1.59197e+07	1.26039e+07
D-1_10x	3.86056e+06	4.36311e+06	1.05706e+06	2.41374e+06	2.70296e+06	2.37373e+06	1.5597e+07	4.85958e+06	9.17365e+06	5.2427e+07	7.66742e+07	6.47842e+07	8.30052e+06	7.00115e+06	1.00078e+07	5.86983e+07	4.72255e+07	4.85192e+07	2.55869e+06	3.08131e+06	1.70162e+06	4.16219e+06	5.92398e+06	7.64802e+06	7.20441e+06	5.42283e+06	9.01923e+06	3.05993e+06	2.80576e+06	1.5173e+06	2.3823e+06	1.00544e+06	3.78305e+06	1.75056e+07	2.07551e+07	1.64173e+07
D-2_10x	3.6546e+06	4.13706e+06	1.00437e+06	2.28189e+06	2.56379e+06	2.24487e+06	1.4886e+07	4.62725e+06	8.74978e+06	4.98936e+07	6.47842e+07	7.01518e+07	7.83124e+06	6.62732e+06	9.44074e+06	5.58158e+07	4.48109e+07	4.61535e+07	2.43798e+06	2.95372e+06	1.62927e+06	3.9289e+06	5.5747e+06	7.228e+06	6.78941e+06	5.10276e+06	8.5131e+06	2.90727e+06	2.66064e+06	1.43563e+06	2.28543e+06	966501	3.61288e+06	1.66591e+07	1.97453e+07	1.56272e+07
E-0_10x	3.93214e+06	4.43582e+06	1.0738e+06	2.4538e+06	2.77051e+06	2.43884e+06	7.83129e+06	2.45054e+06	4.59372e+06	6.37434e+06	8.30052e+06	7.83124e+06	7.99354e+07	5.98488e+07	8.50463e+07	1.2138e+07	9.72922e+06	9.92817e+06	2.61887e+06	3.17434e+06	1.7639e+06	2.70407e+07	3.85042e+07	4.97001e+07	4.70634e+07	3.52839e+07	5.91922e+07	3.11869e+06	2.84185e+06	1.55415e+06	2.44748e+06	1.03373e+06	3.88284e+06	8.85419e+06	1.05398e+07	8.30001e+06
E-1_10x	3.32828e+06	3.75344e+06	909882	2.06587e+06	2.33767e+06	2.06051e+06	6.62112e+06	2.07588e+06	3.88726e+06	5.4293e+06	7.00115e+06	6.62732e+06	5.98488e+07	5.79948e+07	7.16664e+07	1.02825e+07	8.23808e+06	8.42294e+06	2.20665e+06	2.67188e+06	1.48773e+06	2.29678e+07	3.2601e+07	4.20649e+07	3.9793e+07	2.9974e+07	5.00751e+07	2.66005e+06	2.42836e+06	1.32339e+06	2.08052e+06	881204	3.29975e+06	7.49135e+06	8.8801e+06	7.02682e+06
E-2_10x	4.74453e+06	5.34973e+06	1.29849e+06	2.95196e+06	3.3333e+06	2.93238e+06	9.44823e+06	2.95722e+06	5.54622e+06	7.68452e+06	1.00078e+07	9.44074e+06	8.50463e+07	7.16664e+07	1.12622e+08	1.4648e+07	1.1733e+07	1.19749e+07	3.16612e+06	3.83551e+06	2.13275e+06	3.25808e+07	4.62567e+07	5.97297e+07	5.65916e+07	4.23708e+07	7.11244e+07	3.80689e+06	3.47765e+06	1.90064e+06	2.94278e+06	1.2463e+06	4.67693e+06	1.06841e+07	1.27167e+07	9.99842e+06
F-0_10x	5.71902e+06	6.44499e+06	1.57218e+06	3.49525e+06	3.93112e+06	3.45823e+06	2.27253e+07	7.1128e+06	1.34407e+07	4.52918e+07	5.86983e+07	5.58158e+07	1.2138e+07	1.02825e+07	1.4648e+07	1.5908e+08	1.17603e+08	1.20674e+08	3.71171e+06	4.48328e+06	2.47431e+06	6.06992e+06	8.67974e+06	1.11909e+07	1.05827e+07	7.93983e+06	1.33105e+07	4.40868e+06	4.03772e+06	2.20036e+06	3.50112e+06	1.46954e+06	5.53611e+06	2.54923e+07	3.02846e+07	2.39396e+07
F-1_10x	4.61504e+06	5.1876e+06	1.26597e+06	2.79988e+06	3.14439e+06	2.7569e+06	1.82722e+07	5.72622e+06	1.07979e+07	3.63015e+07	4.72255e+07	4.48109e+07	9.72922e+06	8.23808e+06	1.1733e+07	1.17603e+08	1.04786e+08	9.69097e+07	2.9787e+06	3.6034e+06	1.99133e+06	4.87506e+06	6.97983e+06	8.96738e+06	8.49486e+06	6.35682e+06	1.06419e+07	3.55071e+06	3.24452e+06	1.76072e+06	2.80766e+06	1.1826e+06	4.4602e+06	2.04795e+07	2.43737e+07	1.92499e+07
F-2_10x	4.67844e+06	5.26543e+06	1.28616e+06	2.86014e+06	3.22388e+06	2.81662e+06	1.88193e+07	5.88254e+06	1.11151e+07	3.74154e+07	4.85192e+07	4.61535e+07	9.92817e+06	8.42294e+06	1.19749e+07	1.20674e+08	9.69097e+07	1.09849e+08	3.05832e+06	3.69149e+06	2.04757e+06	4.98771e+06	7.11927e+06	9.13394e+06	8.64938e+06	6.47429e+06	1.0874e+07	3.6312e+06	3.32217e+06	1.81366e+06	2.87055e+06	1.20769e+06	4.55188e+06	2.10911e+07	2.51175e+07	1.98117e+07
G-0_10x	1.13166e+07	1.2756e+07	3.06296e+06	9.77327e+06	1.10173e+07	9.60598e+06	2.44914e+06	771504	1.43825e+06	1.96362e+06	2.55869e+06	2.43798e+06	2.61887e+06	2.20665e+06	3.16612e+06	3.71171e+06	2.9787e+06	3.05832e+06	5.6832e+07	5.98595e+07	3.30559e+07	1.30707e+06	1.87057e+06	2.41764e+06	2.29294e+06	1.71289e+06	2.87335e+06	2.78656e+07	2.55225e+07	1.39684e+07	6.97808e+06	2.93932e+06	1.11174e+07	2.77793e+06	3.29414e+06	2.60398e+06
G-1_10x	1.37234e+07	1.54505e+07	3.72462e+06	1.17362e+07	1.3202e+07	1.14996e+07	2.97323e+06	935524	1.75309e+06	2.37883e+06	3.08131e+06	2.95372e+06	3.17434e+06	2.67188e+06	3.83551e+06	4.48328e+06	3.6034e+06	3.69149e+06	5.98595e+07	8.12707e+07	4.00193e+07	1.58425e+06	2.26166e+06	2.9397e+06	2.79263e+06	2.08483e+06	3.49007e+06	3.36845e+07	3.08079e+07	1.68629e+07	8.44982e+06	3.56634e+06	1.34285e+07	3.34646e+06	3.97544e+06	3.14028e+06
G-2_10x	7.61429e+06	8.58698e+06	2.05828e+06	6.47651e+06	7.29412e+06	6.3564e+06	1.65437e+06	517761	974948	1.3044e+06	1.70162e+06	1.62927e+06	1.7639e+06	1.48773e+06	2.13275e+06	2.47431e+06	1.99133e+06	2.04757e+06	3.30559e+07	4.00193e+07	2.6986e+07	880749	1.25926e+06	1.6361e+06	1.55148e+06	1.15505e+06	1.93666e+06	1.85677e+07	1.70065e+07	9.31945e+06	4.7086e+06	1.97515e+06	7.46881e+06	1.86544e+06	2.21522e+06	1.74108e+06
H-0_10x	1.98459e+06	2.25019e+06	543236	1.22686e+06	1.37945e+06	1.22221e+06	3.93214e+06	1.22764e+06	2.3248e+06	3.19514e+06	4.16219e+06	3.9289e+06	2.70407e+07	2.29678e+07	3.25808e+07	6.06992e+06	4.87506e+06	4.98771e+06	1.30707e+06	1.58425e+06	880749	2.22071e+07	2.53483e+07	3.2705e+07	2.85889e+07	2.14641e+07	3.59413e+07	1.56817e+06	1.42837e+06	776999	1.24354e+06	526146	1.97143e+06	4.4569e+06	5.27383e+06	4.165e+06
H-1_10x	2.8357e+06	3.20372e+06	775251	1.75716e+06	1.98506e+06	1.75572e+06	5.63143e+06	1.76025e+06	3.31575e+06	4.5625e+06	5.92398e+06	5.5747e+06	3.85042e+07	3.2601e+07	4.62567e+07	8.67974e+06	6.97983e+06	7.11927e+06	1.87057e+06	2.26166e+06	1.25926e+06	2.53483e+07	4.24046e+07	4.66673e+07	4.07429e+07	3.05138e+07	5.10941e+07	2.26898e+06	2.06282e+06	1.11768e+06	1.76257e+06	746797	2.80322e+06	6.37166e+06	7.55095e+06	5.95626e+06
H-2_10x	3.65328e+06	4.12286e+06	1.00165e+06	2.26245e+06	2.55005e+06	2.25138e+06	7.21958e+06	2.2509e+06	4.25466e+06	5.8909e+06	7.64802e+06	7.228e+06	4.97001e+07	4.20649e+07	5.97297e+07	1.11909e+07	8.96738e+06	9.13394e+06	2.41764e+06	2.9397e+06	1.6361e+06	3.2705e+07	4.66673e+07	6.8358e+07	5.25822e+07	3.93652e+07	6.60781e+07	2.90064e+06	2.63517e+06	1.43848e+06	2.289e+06	968209	3.62932e+06	8.1759e+06	9.7206e+06	7.62183e+06
I-0_10x	3.43582e+06	3.88725e+06	943537	2.13381e+06	2.41589e+06	2.14251e+06	6.76583e+06	2.11445e+06	3.97917e+06	5.53106e+06	7.20441e+06	6.78941e+06	4.70634e+07	3.9793e+07	5.65916e+07	1.05827e+07	8.49486e+06	8.64938e+06	2.29294e+06	2.79263e+06	1.55148e+06	2.85889e+07	4.07429e+07	5.25822e+07	6.13362e+07	4.03329e+07	6.7804e+07	2.76154e+06	2.50072e+06	1.36113e+06	2.14891e+06	907438	3.41834e+06	7.65529e+06	9.11841e+06	7.163e+06
I-1_10x	2.56837e+06	2.9109e+06	707361	1.60559e+06	1.80739e+06	1.60293e+06	5.06296e+06	1.57831e+06	2.99792e+06	4.14948e+06	5.42283e+06	5.10276e+06	3.52839e+07	2.9974e+07	4.23708e+07	7.93983e+06	6.35682e+06	6.47429e+06	1.71289e+06	2.08483e+06	1.15505e+06	2.14641e+07	3.05138e+07	3.93652e+07	4.03329e+07	3.62254e+07	5.08374e+07	2.05278e+06	1.87395e+06	1.01812e+06	1.6207e+06	686081	2.57761e+06	5.7668e+06	6.87513e+06	5.39337e+06
I-2_10x	4.3232e+06	4.89443e+06	1.18725e+06	2.69105e+06	3.02665e+06	2.67741e+06	8.59612e+06	2.67434e+06	5.03722e+06	6.92728e+06	9.01923e+06	8.5131e+06	5.91922e+07	5.00751e+07	7.11244e+07	1.33105e+07	1.06419e+07	1.0874e+07	2.87335e+06	3.49007e+06	1.93666e+06	3.59413e+07	5.10941e+07	6.60781e+07	6.7804e+07	5.08374e+07	9.51809e+07	3.44475e+06	3.14124e+06	1.70763e+06	2.71591e+06	1.14887e+06	4.30607e+06	9.68684e+06	1.1521e+07	9.09282e+06
J-0_10x	1.35625e+07	1.52922e+07	3.68493e+06	1.15477e+07	1.30569e+07	1.1445e+07	2.93012e+06	923222	1.72935e+06	2.35111e+06	3.05993e+06	2.90727e+06	3.11869e+06	2.66005e+06	3.80689e+06	4.40868e+06	3.55071e+06	3.6312e+06	2.78656e+07	3.36845e+07	1.85677e+07	1.56817e+06	2.26898e+06	2.90064e+06	2.76154e+06	2.05278e+06	3.44475e+06	7.89862e+07	6.41213e+07	3.51636e+07	8.32574e+06	3.50953e+06	1.32442e+07	3.3099e+06	3.922e+06	3.10215e+06
J-1_10x	1.23755e+07	1.39655e+07	3.37148e+06	1.06387e+07	1.20317e+07	1.0495e+07	2.6695e+06	839379	1.5745e+06	2.15824e+06	2.80576e+06	2.66064e+06	2.84185e+06	2.42836e+06	3.47765e+06	4.03772e+06	3.24452e+06	3.32217e+06	2.55225e+07	3.08079e+07	1.70065e+07	1.42837e+06	2.06282e+06	2.63517e+06	2.50072e+06	1.87395e+06	3.14124e+06	6.41213e+07	6.66607e+07	3.22008e+07	7.5678e+06	3.18853e+06	1.20785e+07	3.0146e+06	3.55757e+06	2.83204e+06
J-2_10x	6.83197e+06	7.68187e+06	1.8436e+06	5.79526e+06	6.53565e+06	5.71558e+06	1.44007e+06	454588	848377	1.16414e+06	1.5173e+06	1.43563e+06	1.55415e+06	1.32339e+06	1.90064e+06	2.20036e+06	1.76072e+06	1.81366e+06	1.39684e+07	1.68629e+07	9.31945e+06	776999	1.11768e+06	1.43848e+06	1.36113e+06	1.01812e+06	1.70763e+06	3.51636e+07	3.22008e+07	2.20086e+07	4.15664e+06	1.76344e+06	6.6335e+06	1.63527e+06	1.93582e+06	1.53225e+06
K-0_10x	2.05324e+07	2.31841e+07	5.5169e+06	6.63269e+06	7.37854e+06	6.49956e+06	2.28763e+06	720632	1.35091e+06	1.83674e+06	2.3823e+06	2.28543e+06	2.44748e+06	2.08052e+06	2.94278e+06	3.50112e+06	2.80766e+06	2.87055e+06	6.97808e+06	8.44982e+06	4.7086e+06	1.24354e+06	1.76257e+06	2.289e+06	2.14891e+06	1.6207e+06	2.71591e+06	8.32574e+06	7.5678e+06	4.15664e+06	5.00353e+07	1.80551e+07	6.8234e+07	2.57939e+06	3.04899e+06	2.39453e+06
K-1_10x	8.58457e+06	9.68857e+06	2.29652e+06	2.7801e+06	3.10332e+06	2.7275e+06	957291	303719	567800	774072	1.00544e+06	966501	1.03373e+06	881204	1.2463e+06	1.46954e+06	1.1826e+06	1.20769e+06	2.93932e+06	3.56634e+06	1.97515e+06	526146	746797	968209	907438	686081	1.14887e+06	3.50953e+06	3.18853e+06	1.76344e+06	1.80551e+07	1.04899e+07	2.87019e+07	1.07604e+06	1.2713e+06	996412
K-2_10x	3.25628e+07	3.67581e+07	8.72162e+06	1.04572e+07	1.16868e+07	1.03154e+07	3.65267e+06	1.15232e+06	2.16107e+06	2.91986e+06	3.78305e+06	3.61288e+06	3.88284e+06	3.29975e+06	4.67693e+06	5.53611e+06	4.4602e+06	4.55188e+06	1.11174e+07	1.34285e+07	7.46881e+06	1.97143e+06	2.80322e+06	3.62932e+06	3.41834e+06	2.57761e+06	4.30607e+06	1.32442e+07	1.20785e+07	6.6335e+06	6.8234e+07	2.87019e+07	1.1911e+08	4.10498e+06	4.85132e+06	3.80743e+06
L-0_10x	4.16714e+06	4.69746e+06	1.13238e+06	2.58828e+06	2.89903e+06	2.54134e+06	6.34104e+07	1.97261e+07	3.74084e+07	1.34306e+07	1.75056e+07	1.66591e+07	8.85419e+06	7.49135e+06	1.06841e+07	2.54923e+07	2.04795e+07	2.10911e+07	2.77793e+06	3.34646e+06	1.86544e+06	4.4569e+06	6.37166e+06	8.1759e+06	7.65529e+06	5.7668e+06	9.68684e+06	3.3099e+06	3.0146e+06	1.63527e+06	2.57939e+06	1.07604e+06	4.10498e+06	8.80616e+07	9.37166e+07	7.39276e+07
L-1_10x	4.936e+06	5.56021e+06	1.34882e+06	3.06425e+06	3.42408e+06	3.00568e+06	7.53523e+07	2.34518e+07	4.44962e+07	1.59197e+07	2.07551e+07	1.97453e+07	1.05398e+07	8.8801e+06	1.27167e+07	3.02846e+07	2.43737e+07	2.51175e+07	3.29414e+06	3.97544e+06	2.21522e+06	5.27383e+06	7.55095e+06	9.7206e+06	9.11841e+06	6.87513e+06	1.1521e+07	3.922e+06	3.55757e+06	1.93582e+06	3.04899e+06	1.2713e+06	4.85132e+06	9.37166e+07	1.22212e+08	8.77597e+07
L-2_10x	3.88509e+06	4.39414e+06	1.06022e+06	2.43174e+06	2.71799e+06	2.38566e+06	5.95172e+07	1.85587e+07	3.50064e+07	1.26039e+07	1.64173e+07	1.56272e+07	8.30001e+06	7.02682e+06	9.99842e+06	2.39396e+07	1.92499e+07	1.98117e+07	2.60398e+06	3.14028e+06	1.74108e+06	4.165e+06	5.95626e+06	7.62183e+06	7.163e+06	5.39337e+06	9.09282e+06	3.10215e+06	2.83204e+06	1.53225e+06	2.39453e+06	996412	3.80743e+06	7.39276e+07	8.77597e+07	7.81175e+07
