	A-0_10x	A-1_10x	A-2_10x	B-0_10x	B-1_10x	B-2_10x	C-0_10x	C-1_10x	C-2_10x	D-0_10x	D-1_10x	D-2_10x	E-0_10x	E-1_10x	E-2_10x	F-0_10x	F-1_10x	F-2_10x	G-0_10x	G-1_10x	G-2_10x	H-0_10x	H-1_10x	H-2_10x	I-0_10x	I-1_10x	I-2_10x	J-0_10x	J-1_10x	J-2_10x	K-0_10x	K-1_10x	K-2_10x	L-0_10x	L-1_10x	L-2_10x
A-0_10x	0	0.408262	0.597415	1.27025	1.26953	1.27108	1.37615	1.38037	1.37778	1.37654	1.37574	1.37612	1.37706	1.37731	1.37649	1.37471	1.37489	1.37532	1.27416	1.27212	1.27767	1.37896	1.3778	1.37728	1.37753	1.37853	1.37719	1.27202	1.27306	1.27869	1.15004	1.17488	1.14207	1.37624	1.37607	1.37661
A-1_10x	0.408262	0	0.587056	1.26958	1.26925	1.27035	1.37606	1.3802	1.37762	1.37633	1.37555	1.37587	1.37695	1.37722	1.37638	1.37463	1.37492	1.37529	1.27371	1.27183	1.2772	1.37866	1.37762	1.37713	1.3773	1.37825	1.37693	1.27155	1.27241	1.27864	1.14863	1.17366	1.14064	1.37615	1.37601	1.3764
A-2_10x	0.597415	0.587056	0	1.28429	1.28447	1.28499	1.37977	1.38365	1.38125	1.37989	1.37926	1.37949	1.38057	1.38077	1.37997	1.37818	1.37842	1.37874	1.28877	1.28656	1.29203	1.38221	1.38117	1.38063	1.38082	1.38162	1.38051	1.28641	1.28692	1.29316	1.1804	1.2029	1.17434	1.38001	1.37967	1.38021
B-0_10x	1.27025	1.26958	1.28429	0	0.503749	0.51447	1.3771	1.38139	1.37852	1.37703	1.3762	1.37668	1.37758	1.37805	1.37712	1.37595	1.37644	1.37656	1.22512	1.22427	1.23283	1.37977	1.37854	1.37802	1.37817	1.37891	1.37777	1.2249	1.22439	1.23467	1.27486	1.28712	1.27177	1.37694	1.37679	1.37699
B-1_10x	1.26953	1.26925	1.28447	0.503749	0	0.504679	1.37676	1.38125	1.37841	1.37682	1.37602	1.37638	1.37707	1.37745	1.37659	1.37561	1.37619	1.37615	1.22305	1.22266	1.23094	1.37942	1.37802	1.37759	1.37758	1.37856	1.37741	1.22215	1.22159	1.23264	1.27522	1.28706	1.27148	1.37676	1.37669	1.37689
B-2_10x	1.27108	1.27035	1.28499	0.51447	0.504679	0	1.3772	1.38144	1.3787	1.37704	1.37637	1.37681	1.37732	1.37763	1.37686	1.37588	1.37657	1.37667	1.22614	1.22594	1.23404	1.37943	1.37807	1.37772	1.37754	1.3785	1.37747	1.22425	1.2247	1.23501	1.27615	1.28811	1.27205	1.37715	1.37702	1.37721
C-0_10x	1.37615	1.37606	1.37977	1.3771	1.37676	1.3772	0	0.64251	0.54084	1.21246	1.20823	1.20862	1.31921	1.31996	1.31768	1.2055	1.20745	1.20627	1.3785	1.37797	1.37922	1.32494	1.32169	1.32077	1.3218	1.32428	1.31994	1.37796	1.37825	1.38044	1.37755	1.38081	1.37631	0.580291	0.568111	0.584914
C-1_10x	1.38037	1.3802	1.38365	1.38139	1.38125	1.38144	0.64251	0	0.682152	1.23619	1.23174	1.23249	1.32936	1.32986	1.32796	1.22846	1.22995	1.22942	1.382	1.38154	1.38285	1.33465	1.33167	1.33109	1.33179	1.33418	1.33053	1.38147	1.38181	1.38365	1.38113	1.38384	1.37995	0.713952	0.704864	0.715109
C-2_10x	1.37778	1.37762	1.38125	1.37852	1.37841	1.3787	0.54084	0.682152	0	1.22076	1.21676	1.21727	1.32326	1.3239	1.32173	1.21296	1.21504	1.21399	1.3799	1.37922	1.38045	1.32806	1.3253	1.32434	1.32551	1.32724	1.32405	1.37921	1.37952	1.38168	1.37882	1.38184	1.37755	0.628544	0.616286	0.636579
D-0_10x	1.37654	1.37633	1.37989	1.37703	1.37682	1.37704	1.21246	1.23619	1.22076	0	0.498315	0.507902	1.31678	1.31681	1.31531	0.89578	0.903371	0.89955	1.37848	1.37804	1.37979	1.32273	1.31968	1.31804	1.3189	1.32117	1.31842	1.37796	1.37796	1.38018	1.37756	1.38058	1.37649	1.21241	1.21112	1.21315
D-1_10x	1.37574	1.37555	1.37926	1.3762	1.37602	1.37637	1.20823	1.23174	1.21676	0.498315	0	0.474622	1.31462	1.31567	1.3131	0.884687	0.890144	0.88832	1.37766	1.37745	1.37896	1.32068	1.3179	1.31623	1.3168	1.3188	1.31633	1.37718	1.37723	1.3794	1.37691	1.3799	1.37585	1.20759	1.20623	1.20851
D-2_10x	1.37612	1.37587	1.37949	1.37668	1.37638	1.37681	1.20862	1.23249	1.21727	0.507902	0.474622	0	1.31599	1.31671	1.31452	0.888264	0.895087	0.891702	1.37779	1.37732	1.3789	1.32192	1.31948	1.31739	1.31822	1.32035	1.31761	1.37741	1.37755	1.37976	1.37675	1.3797	1.37587	1.2086	1.20731	1.20947
E-0_10x	1.37706	1.37695	1.38057	1.37758	1.37707	1.37732	1.31921	1.32936	1.32326	1.31678	1.31462	1.31599	0	0.483152	0.44715	1.31297	1.31421	1.31463	1.37893	1.37846	1.37973	0.783172	0.757079	0.741596	0.742037	0.764922	0.732794	1.37862	1.37888	1.38058	1.37793	1.38083	1.37695	1.31821	1.31723	1.31869
E-1_10x	1.37731	1.37722	1.38077	1.37805	1.37745	1.37763	1.31996	1.32986	1.3239	1.31681	1.31567	1.31671	0.483152	0	0.467335	1.31361	1.31487	1.31509	1.37936	1.3789	1.38011	0.785824	0.762788	0.747781	0.749165	0.767307	0.739529	1.37859	1.37879	1.38057	1.37801	1.38079	1.37703	1.3189	1.31831	1.31929
E-2_10x	1.37649	1.37638	1.37997	1.37712	1.37659	1.37686	1.31768	1.32796	1.32173	1.31531	1.3131	1.31452	0.44715	0.467335	0	1.31133	1.31267	1.31308	1.37831	1.37784	1.37912	0.770566	0.746405	0.729946	0.729954	0.754665	0.721119	1.37763	1.3778	1.37956	1.37748	1.38033	1.37641	1.31664	1.31565	1.3173
F-0_10x	1.37471	1.37463	1.37818	1.37595	1.37561	1.37588	1.2055	1.22846	1.21296	0.89578	0.884687	0.888264	1.31297	1.31361	1.31133	0	0.414533	0.410173	1.3774	1.37706	1.37861	1.31948	1.31615	1.31458	1.31479	1.31714	1.31382	1.37717	1.37723	1.37913	1.37621	1.37948	1.37531	1.20504	1.20325	1.20565
F-1_10x	1.37489	1.37492	1.37842	1.37644	1.37619	1.37657	1.20745	1.22995	1.21504	0.903371	0.890144	0.895087	1.31421	1.31487	1.31267	0.414533	0	0.432013	1.37781	1.37739	1.3789	1.32043	1.31701	1.31584	1.31583	1.31844	1.3153	1.37744	1.37758	1.37961	1.37663	1.37973	1.37557	1.2072	1.20501	1.2076
F-2_10x	1.37532	1.37529	1.37874	1.37656	1.37615	1.37667	1.20627	1.22942	1.21399	0.89955	0.88832	0.891702	1.31463	1.31509	1.31308	0.410173	0.432013	0	1.37772	1.37739	1.37875	1.32056	1.31747	1.31643	1.31649	1.31902	1.31558	1.37749	1.37759	1.37941	1.37672	1.37985	1.37573	1.20602	1.20368	1.20658
G-0_10x	1.27416	1.27371	1.28877	1.22512	1.22305	1.22614	1.3785	1.382	1.3799	1.37848	1.37766	1.37779	1.37893	1.37936	1.37831	1.3774	1.37781	1.37772	0	0.47991	0.548272	1.38112	1.37997	1.37934	1.3793	1.38028	1.37913	1.00127	1.00262	1.02534	1.27883	1.29006	1.27425	1.378	1.37778	1.37815
G-1_10x	1.27212	1.27183	1.28656	1.22427	1.22266	1.22594	1.37797	1.38154	1.37922	1.37804	1.37745	1.37732	1.37846	1.3789	1.37784	1.37706	1.37739	1.37739	0.47991	0	0.529724	1.38067	1.3796	1.37876	1.37866	1.37968	1.37856	0.996001	0.99818	1.02118	1.2771	1.28825	1.27284	1.37774	1.37747	1.37786
G-2_10x	1.27767	1.2772	1.29203	1.23283	1.23094	1.23404	1.37922	1.38285	1.38045	1.37979	1.37896	1.3789	1.37973	1.38011	1.37912	1.37861	1.3789	1.37875	0.548272	0.529724	0	1.38183	1.38076	1.37997	1.37992	1.38099	1.37987	1.017	1.0183	1.03946	1.28178	1.29335	1.27798	1.37893	1.37868	1.37923
H-0_10x	1.37896	1.37866	1.38221	1.37977	1.37942	1.37943	1.32494	1.33465	1.32806	1.32273	1.32068	1.32192	0.783172	0.785824	0.770566	1.31948	1.32043	1.32056	1.38112	1.38067	1.38183	0	0.578856	0.556004	0.636315	0.663795	0.625115	1.38058	1.38085	1.38261	1.37949	1.38223	1.37858	1.32377	1.3234	1.32448
H-1_10x	1.3778	1.37762	1.38117	1.37854	1.37802	1.37807	1.32169	1.33167	1.3253	1.31968	1.3179	1.31948	0.757079	0.762788	0.746405	1.31615	1.31701	1.31747	1.37997	1.3796	1.38076	0.578856	0	0.506718	0.597763	0.630736	0.588797	1.37901	1.37936	1.38133	1.37862	1.38139	1.37759	1.32067	1.32013	1.32137
H-2_10x	1.37728	1.37713	1.38063	1.37802	1.37759	1.37772	1.32077	1.33109	1.32434	1.31804	1.31623	1.31739	0.741596	0.747781	0.729946	1.31458	1.31584	1.31643	1.37934	1.37876	1.37997	0.556004	0.506718	0	0.574997	0.610202	0.562437	1.37878	1.37917	1.38087	1.37781	1.38071	1.37685	1.31966	1.31881	1.32063
I-0_10x	1.37753	1.3773	1.38082	1.37817	1.37758	1.37754	1.3218	1.33179	1.32551	1.3189	1.3168	1.31822	0.742037	0.749165	0.729954	1.31479	1.31583	1.31649	1.3793	1.37866	1.37992	0.636315	0.597763	0.574997	0	0.527497	0.465413	1.37859	1.37909	1.3809	1.37813	1.38103	1.37706	1.32081	1.31978	1.32142
I-1_10x	1.37853	1.37825	1.38162	1.37891	1.37856	1.3785	1.32428	1.33418	1.32724	1.32117	1.3188	1.32035	0.764922	0.767307	0.754665	1.31714	1.31844	1.31902	1.38028	1.37968	1.38099	0.663795	0.630736	0.610202	0.527497	0	0.508859	1.37975	1.37996	1.38179	1.37881	1.38156	1.37777	1.32268	1.32157	1.32331
I-2_10x	1.37719	1.37693	1.38051	1.37777	1.37741	1.37747	1.31994	1.33053	1.32405	1.31842	1.31633	1.31761	0.732794	0.739529	0.721119	1.31382	1.3153	1.31558	1.37913	1.37856	1.37987	0.625115	0.588797	0.562437	0.465413	0.508859	0	1.37855	1.37881	1.38068	1.37763	1.38051	1.37667	1.31932	1.31841	1.31961
J-0_10x	1.27202	1.27155	1.28641	1.2249	1.22215	1.22425	1.37796	1.38147	1.37921	1.37796	1.37718	1.37741	1.37862	1.37859	1.37763	1.37717	1.37744	1.37749	1.00127	0.996001	1.017	1.38058	1.37901	1.37878	1.37859	1.37975	1.37855	0	0.47453	0.549331	1.27736	1.28884	1.27308	1.37763	1.37745	1.3778
J-1_10x	1.27306	1.27241	1.28692	1.22439	1.22159	1.2247	1.37825	1.38181	1.37952	1.37796	1.37723	1.37755	1.37888	1.37879	1.3778	1.37723	1.37758	1.37759	1.00262	0.99818	1.0183	1.38085	1.37936	1.37917	1.37909	1.37996	1.37881	0.47453	0	0.553853	1.27897	1.29035	1.27424	1.37793	1.3779	1.37802
J-2_10x	1.27869	1.27864	1.29316	1.23467	1.23264	1.23501	1.38044	1.38365	1.38168	1.38018	1.3794	1.37976	1.38058	1.38057	1.37956	1.37913	1.37961	1.37941	1.02534	1.02118	1.03946	1.38261	1.38133	1.38087	1.3809	1.38179	1.38068	0.549331	0.553853	0	1.285	1.295	1.2805	1.37995	1.37982	1.38013
K-0_10x	1.15004	1.14863	1.1804	1.27486	1.27522	1.27615	1.37755	1.38113	1.37882	1.37756	1.37691	1.37675	1.37793	1.37801	1.37748	1.37621	1.37663	1.37672	1.27883	1.2771	1.28178	1.37949	1.37862	1.37781	1.37813	1.37881	1.37763	1.27736	1.27897	1.285	0	0.637724	0.474121	1.3773	1.3772	1.37784
K-1_10x	1.17488	1.17366	1.2029	1.28712	1.28706	1.28811	1.38081	1.38384	1.38184	1.38058	1.3799	1.3797	1.38083	1.38079	1.38033	1.37948	1.37973	1.37985	1.29006	1.28825	1.29335	1.38223	1.38139	1.38071	1.38103	1.38156	1.38051	1.28884	1.29035	1.295	0.637724	0	0.599923	1.38069	1.3806	1.38127
K-2_10x	1.14207	1.14064	1.17434	1.27177	1.27148	1.27205	1.37631	1.37995	1.37755	1.37649	1.37585	1.37587	1.37695	1.37703	1.37641	1.37531	1.37557	1.37573	1.27425	1.27284	1.27798	1.37858	1.37759	1.37685	1.37706	1.37777	1.37667	1.27308	1.27424	1.2805	0.474121	0.599923	0	1.37617	1.37607	1.37676
L-0_10x	1.37624	1.37615	1.38001	1.37694	1.37676	1.37715	0.580291	0.713952	0.628544	1.21241	1.20759	1.2086	1.31821	1.3189	1.31664	1.20504	1.2072	1.20602	1.378	1.37774	1.37893	1.32377	1.32067	1.31966	1.32081	1.32268	1.31932	1.37763	1.37793	1.37995	1.3773	1.38069	1.37617	0	0.431664	0.457744
L-1_10x	1.37607	1.37601	1.37967	1.37679	1.37669	1.37702	0.568111	0.704864	0.616286	1.21112	1.20623	1.20731	1.31723	1.31831	1.31565	1.20325	1.20501	1.20368	1.37778	1.37747	1.37868	1.3234	1.32013	1.31881	1.31978	1.32157	1.31841	1.37745	1.3779	1.37982	1.3772	1.3806	1.37607	0.431664	0	0.44319
L-2_10x	1.37661	1.3764	1.38021	1.37699	1.37689	1.37721	0.584914	0.715109	0.636579	1.21315	1.20851	1.20947	1.31869	1.31929	1.3173	1.20565	1.2076	1.20658	1.37815	1.37786	1.37923	1.32448	1.32137	1.32063	1.32142	1.32331	1.31961	1.3778	1.37802	1.38013	1.37784	1.38127	1.37676	0.457744	0.44319	0
