	A-0_1x	A-1_1x	A-2_1x	B-0_1x	B-1_1x	B-2_1x	C-0_1x	C-1_1x	C-2_1x	D-0_1x	D-1_1x	D-2_1x	E-0_1x	E-1_1x	E-2_1x	F-0_1x	F-1_1x	F-2_1x	G-0_1x	G-1_1x	G-2_1x	H-0_1x	H-1_1x	H-2_1x	I-0_1x	I-1_1x	I-2_1x	J-0_1x	J-1_1x	J-2_1x	K-0_1x	K-1_1x	K-2_1x	L-0_1x	L-1_1x	L-2_1x
A-0_1x	768177	246393	474549	56511	47871	50234	16652	9838	13584	21388	20893	14627	22611	21030	14535	16519	19776	16624	43473	75775	81381	19559	15660	26508	18562	23112	8690	34994	52870	52168	80503	105902	119225	25631	14787	15465
A-1_1x	246393	752670	462377	55363	45462	51132	16415	9203	13640	21399	20547	14833	22820	20544	14952	16229	19532	16734	43612	74462	81481	19082	15371	25867	17323	23275	8670	34704	50764	49441	82528	102903	119741	24143	14663	14639
A-2_1x	474549	462377	1.88654e+06	107511	87847	99444	31925	17888	25189	40206	39153	28316	44391	40568	29902	32047	37967	31725	84324	145710	158355	38729	30411	51496	35639	46658	17154	70354	98764	96318	153683	196531	225235	46615	27643	28441
B-0_1x	56511	55363	107511	1.3004e+06	427243	482178	23985	14344	20121	32120	30389	22256	32806	29957	22511	23634	28990	23958	91240	149265	163541	28615	22286	38631	27150	33938	12960	75537	103983	101178	61973	79800	90370	35948	20951	22050
B-1_1x	47871	45462	87847	427243	1.00074e+06	403617	20395	11484	16599	26669	24300	17632	27858	26128	18194	19724	22965	19302	77666	123157	138230	23925	18573	32838	22882	28454	11335	62606	90884	83603	51121	66091	74592	30104	18737	18366
B-2_1x	50234	51132	99444	482178	403617	1.15502e+06	22154	13122	18253	29198	28288	19865	30024	27914	19922	20916	26971	21609	83129	134747	145471	27141	20954	34948	25085	32248	12090	68226	96009	92596	55487	73531	79174	32612	20219	19992
C-0_1x	16652	16415	31925	23985	20395	22154	1.34558e+06	321457	446123	177278	166640	120774	89777	85827	60400	125371	158744	125995	18890	31489	34827	78727	62925	107427	72205	94040	33433	16537	22054	21971	18380	23561	26465	742469	439883	478923
C-1_1x	9838	9203	17888	14344	11484	13122	321457	635106	265983	99486	98538	73099	52075	48768	35083	74746	94235	77735	10690	18756	20275	45474	35277	60810	40864	53982	19269	9171	12856	12626	10826	13601	15869	435951	261250	270580
C-2_1x	13584	13640	25189	20121	16599	18253	446123	265983	1.02275e+06	142815	138506	101619	73128	69592	49633	108386	131653	110518	15674	26880	28996	66768	51259	86949	59731	78630	29265	13604	19245	18466	15037	19489	21902	629405	367775	389045
D-0_1x	21388	21399	40206	32120	26669	29198	177278	99486	142815	2.03525e+06	946865	683148	117631	113651	82860	427971	526758	435999	25972	43170	45915	108059	78967	143288	96489	124535	45785	21979	28567	29123	24416	30140	35605	264477	162326	161396
D-1_1x	20893	20547	39153	30389	24300	28288	166640	98538	138506	946865	1.89516e+06	643402	118270	111747	83079	407987	501749	420433	24487	42001	44984	103653	77549	137933	95126	121484	43594	20787	27938	28180	22726	28622	33881	257241	154264	159831
D-2_1x	14627	14833	28316	22256	17632	19865	120774	73099	101619	683148	643402	1.17695e+06	80959	77508	56596	298831	367756	298729	18002	29953	32701	71397	54053	97077	67421	84588	32298	15686	19766	20028	16800	21215	25352	181340	107267	114629
E-0_1x	22611	22820	44391	32806	27858	30024	89777	52075	73128	117631	118270	80959	2.13808e+06	986047	713246	90726	111304	86361	27895	44859	48504	703979	546088	934045	645024	835961	311222	22083	30853	30941	24946	32067	36269	136214	82070	83583
E-1_1x	21030	20544	40568	29957	26128	27914	85827	48768	69592	113651	111747	77508	986047	1.92087e+06	666414	82695	103734	83472	24416	40874	44313	653807	500277	865932	613044	797725	283016	20704	29081	28806	23731	30590	34569	127666	75738	79591
E-2_1x	14535	14952	29902	22511	18194	19922	60400	35083	49633	82860	83079	56596	713246	666414	1.21306e+06	61232	76587	62598	18917	30347	32495	476029	365550	637379	438404	566765	206248	14897	20762	21001	16984	22154	24843	92349	56436	55428
F-0_1x	16519	16229	32047	23634	19724	20916	125371	74746	108386	427971	407987	298831	90726	82695	61232	1.30168e+06	663214	543245	18813	31491	33693	79991	60474	105386	73673	95014	35160	15254	21196	21075	18066	23111	26723	191821	116730	125902
F-1_1x	19776	19532	37967	28990	22965	26971	158744	94235	131653	526758	501749	367756	111304	103734	76587	663214	1.75895e+06	678671	23552	39701	42401	98676	77538	129836	90102	116885	43097	19940	25517	26013	21810	28114	32445	240344	142332	152608
F-2_1x	16624	16734	31725	23958	19302	21609	125995	77735	110518	435999	420433	298729	86361	83472	62598	543245	678671	1.33567e+06	20033	33826	35943	80002	60187	102601	72169	93808	34285	16095	21857	21858	17992	23585	26851	198130	115217	123889
G-0_1x	43473	43612	84324	91240	77666	83129	18890	10690	15674	25972	24487	18002	27895	24416	18917	18813	23552	20033	1.00336e+06	580836	627218	24183	17582	31850	22336	27877	10288	138429	192874	186400	47846	63448	74851	29311	17647	17453
G-1_1x	75775	74462	145710	149265	123157	134747	31489	18756	26880	43170	42001	29953	44859	40874	30347	31491	39701	33826	580836	2.01663e+06	1.04098e+06	38765	31134	52656	37246	46448	17349	226465	316790	313368	81117	106926	125282	49382	29575	29839
G-2_1x	81381	81481	158355	163541	138230	145471	34827	20275	28996	45915	44984	32701	48504	44313	32495	33693	42401	35943	627218	1.04098e+06	2.23891e+06	42355	32842	57487	40863	49999	18634	243807	343271	334602	85118	114475	129614	52843	32154	32250
H-0_1x	19559	19082	38729	28615	23925	27141	78727	45474	66768	108059	103653	71397	703979	653807	476029	79991	98676	80002	24183	38765	42355	1.7531e+06	636132	1.07302e+06	695587	892489	319001	19966	27657	27222	21680	28823	32526	120486	70820	75371
H-1_1x	15660	15371	30411	22286	18573	20954	62925	35277	51259	78967	77549	54053	546088	500277	365550	60474	77538	60187	17582	31134	32842	636132	1.22223e+06	826500	540482	692000	253036	15955	21073	20961	17054	22055	25332	91684	54862	56832
H-2_1x	26508	25867	51496	38631	32838	34948	107427	60810	86949	143288	137933	97077	934045	865932	637379	105386	129836	102601	31850	52656	57487	1.07302e+06	826500	2.69504e+06	922618	1.17055e+06	427190	26065	36692	35989	29871	38778	44010	158802	94590	98393
I-0_1x	18562	17323	35639	27150	22882	25085	72205	40864	59731	96489	95126	67421	645024	613044	438404	73673	90102	72169	22336	37246	40863	695587	540482	922618	1.55569e+06	876997	321246	18974	24824	24827	20481	26504	30530	107824	64699	68146
I-1_1x	23112	23275	46658	33938	28454	32248	94040	53982	78630	124535	121484	84588	835961	797725	566765	95014	116885	93808	27877	46448	49999	892489	692000	1.17055e+06	876997	2.27413e+06	422877	23195	32432	31555	27087	35090	38555	140396	83144	87461
I-2_1x	8690	8670	17154	12960	11335	12090	33433	19269	29265	45785	43594	32298	311222	283016	206248	35160	43097	34285	10288	17349	18634	319001	253036	427190	321246	422877	571222	8409	12223	11950	9771	12884	14425	53163	32315	31390
J-0_1x	34994	34704	70354	75537	62606	68226	16537	9171	13604	21979	20787	15686	22083	20704	14897	15254	19940	16095	138429	226465	243807	19966	15955	26065	18974	23195	8409	741234	331932	323923	41153	51082	60464	24274	14633	15118
J-1_1x	52870	50764	98764	103983	90884	96009	22054	12856	19245	28567	27938	19766	30853	29081	20762	21196	25517	21857	192874	316790	343271	27657	21073	36692	24824	32432	12223	331932	1.18103e+06	447047	56448	72421	86887	33193	20038	20484
J-2_1x	52168	49441	96318	101178	83603	92596	21971	12626	18466	29123	28180	20028	30941	28806	21001	21075	26013	21858	186400	313368	334602	27222	20961	35989	24827	31555	11950	323923	447047	1.13834e+06	54582	71455	81334	33519	19752	20425
K-0_1x	80503	82528	153683	61973	51121	55487	18380	10826	15037	24416	22726	16800	24946	23731	16984	18066	21810	17992	47846	81117	85118	21680	17054	29871	20481	27087	9771	41153	56448	54582	891755	387516	452435	28555	17409	16718
K-1_1x	105902	102903	196531	79800	66091	73531	23561	13601	19489	30140	28622	21215	32067	30590	22154	23111	28114	23585	63448	106926	114475	28823	22055	38778	26504	35090	12884	51082	72421	71455	387516	1.25251e+06	571715	35277	20773	21453
K-2_1x	119225	119741	225235	90370	74592	79174	26465	15869	21902	35605	33881	25352	36269	34569	24843	26723	32445	26851	74851	125282	129614	32526	25332	44010	30530	38555	14425	60464	86887	81334	452435	571715	1.51219e+06	41396	24084	24547
L-0_1x	25631	24143	46615	35948	30104	32612	742469	435951	629405	264477	257241	181340	136214	127666	92349	191821	240344	198130	29311	49382	52843	120486	91684	158802	107824	140396	53163	24274	33193	33519	28555	35277	41396	2.42665e+06	753517	771293
L-1_1x	14787	14663	27643	20951	18737	20219	439883	261250	367775	162326	154264	107267	82070	75738	56436	116730	142332	115217	17647	29575	32154	70820	54862	94590	64699	83144	32315	14633	20038	19752	17409	20773	24084	753517	1.13844e+06	456093
L-2_1x	15465	14639	28441	22050	18366	19992	478923	270580	389045	161396	159831	114629	83583	79591	55428	125902	152608	123889	17453	29839	32250	75371	56832	98393	68146	87461	31390	15118	20484	20425	16718	21453	24547	771293	456093	1.21008e+06
