	A-0_1x	A-1_1x	A-2_1x	B-0_1x	B-1_1x	B-2_1x	C-0_1x	C-1_1x	C-2_1x	D-0_1x	D-1_1x	D-2_1x	E-0_1x	E-1_1x	E-2_1x	F-0_1x	F-1_1x	F-2_1x	G-0_1x	G-1_1x	G-2_1x	H-0_1x	H-1_1x	H-2_1x	I-0_1x	I-1_1x	I-2_1x	J-0_1x	J-1_1x	J-2_1x	K-0_1x	K-1_1x	K-2_1x	L-0_1x	L-1_1x	L-2_1x
A-0_1x	0	1.16272	1.10073	1.37365	1.37506	1.37599	1.40258	1.40422	1.40333	1.40207	1.40192	1.40329	1.40168	1.40192	1.40353	1.40248	1.40213	1.40256	1.37875	1.37049	1.36963	1.40225	1.40274	1.40113	1.40216	1.40179	1.40491	1.38103	1.3744	1.3742	1.34368	1.33569	1.3337	1.40088	1.40299	1.40283
A-1_1x	1.16272	0	1.10632	1.37407	1.37668	1.37489	1.40263	1.40477	1.40318	1.40193	1.402	1.40303	1.40144	1.40208	1.40311	1.40257	1.40216	1.40236	1.37827	1.37081	1.36911	1.40242	1.40284	1.40131	1.40285	1.40158	1.40483	1.38097	1.37561	1.37593	1.34109	1.33717	1.33249	1.40152	1.40297	1.40333
A-2_1x	1.10073	1.10632	0	1.36481	1.36826	1.36575	1.39997	1.40261	1.40133	1.39963	1.3995	1.40071	1.3985	1.39906	1.40017	1.39968	1.3994	1.40001	1.37019	1.36036	1.35864	1.39907	1.39998	1.39797	1.39943	1.39819	1.40248	1.3715	1.36663	1.36695	1.32779	1.32072	1.31655	1.39872	1.40081	1.40084
B-0_1x	1.37365	1.37407	1.36481	0	1.11846	1.10142	1.40133	1.40301	1.40182	1.40018	1.40046	1.40144	1.40023	1.40075	1.40148	1.40131	1.40059	1.4013	1.35656	1.34746	1.34473	1.40075	1.40166	1.39955	1.40065	1.40019	1.40354	1.35872	1.35358	1.35413	1.37292	1.36929	1.36789	1.39983	1.40198	1.40173
B-1_1x	1.37506	1.37668	1.36826	1.11846	0	1.11766	1.40173	1.40399	1.40256	1.40094	1.40168	1.40268	1.40068	1.40082	1.40249	1.40194	1.40192	1.40236	1.3583	1.35152	1.34733	1.40138	1.40229	1.4	1.40119	1.40081	1.40357	1.36184	1.35381	1.3577	1.37542	1.37184	1.37067	1.40049	1.40175	1.40236
B-2_1x	1.37599	1.37489	1.36575	1.10142	1.11766	0	1.40159	1.40334	1.40229	1.40068	1.40063	1.40211	1.40064	1.4009	1.40226	1.4021	1.40077	1.40186	1.35851	1.35034	1.34873	1.40066	1.40169	1.40014	1.40092	1.40007	1.40365	1.36108	1.35484	1.35591	1.37501	1.3703	1.3712	1.40037	1.40169	1.40221
C-0_1x	1.40258	1.40263	1.39997	1.40133	1.40173	1.40159	0	1.14216	1.11329	1.33632	1.33839	1.34464	1.37628	1.37595	1.38038	1.34556	1.33926	1.34612	1.40267	1.40063	1.39995	1.37749	1.37908	1.37374	1.37847	1.37568	1.38699	1.40246	1.40179	1.4016	1.4023	1.40132	1.40103	1.08546	1.13542	1.11775
C-1_1x	1.40422	1.40477	1.40261	1.40301	1.40399	1.40334	1.14216	0	1.15756	1.35092	1.34921	1.35311	1.38225	1.38264	1.38566	1.35484	1.3497	1.35322	1.40471	1.40245	1.40214	1.3834	1.38561	1.38096	1.38484	1.38209	1.39141	1.40473	1.40368	1.40367	1.404	1.40339	1.40272	1.13915	1.17708	1.17588
C-2_1x	1.40333	1.40318	1.40133	1.40182	1.40256	1.40229	1.11329	1.15756	0	1.3424	1.34202	1.34713	1.3788	1.37866	1.38235	1.34615	1.34301	1.34569	1.40323	1.40092	1.4006	1.3785	1.38141	1.37668	1.38032	1.37727	1.38688	1.40312	1.40178	1.40206	1.40304	1.40198	1.40171	1.09588	1.14819	1.14043
D-0_1x	1.40207	1.40193	1.39963	1.40018	1.40094	1.40068	1.33632	1.35092	1.3424	0	1.01772	1.05698	1.37376	1.37297	1.37642	1.21414	1.20133	1.2129	1.4013	1.39906	1.39892	1.37317	1.37836	1.37027	1.37534	1.37267	1.38386	1.4015	1.40112	1.40062	1.40134	1.4008	1.39979	1.3274	1.33668	1.33952
D-1_1x	1.40192	1.402	1.3995	1.40046	1.40168	1.40063	1.33839	1.34921	1.34202	1.01772	0	1.06695	1.37204	1.37217	1.37492	1.21675	1.20432	1.21305	1.4016	1.39894	1.39869	1.37341	1.37771	1.37038	1.37448	1.37221	1.38427	1.40176	1.40095	1.40058	1.4018	1.40102	1.39999	1.32668	1.33789	1.3375
D-2_1x	1.40329	1.40303	1.40071	1.40144	1.40268	1.40211	1.34464	1.35311	1.34713	1.05698	1.06695	0	1.37765	1.37728	1.38031	1.23172	1.22017	1.23429	1.40245	1.4004	1.3999	1.37862	1.38198	1.37513	1.37853	1.37717	1.38608	1.40229	1.40231	1.40192	1.40257	1.4018	1.40071	1.33619	1.34709	1.34458
E-0_1x	1.40168	1.40144	1.3985	1.40023	1.40068	1.40064	1.37628	1.38225	1.3788	1.37376	1.37204	1.37765	0	1.01335	1.05557	1.37522	1.37303	1.3776	1.40068	1.39885	1.39845	1.12817	1.15082	1.10534	1.13695	1.11435	1.19865	1.40175	1.40042	1.40012	1.40138	1.40029	1.39988	1.37128	1.37651	1.37698
E-1_1x	1.40192	1.40208	1.39906	1.40075	1.40082	1.4009	1.37595	1.38264	1.37866	1.37297	1.37217	1.37728	1.01335	0	1.06154	1.37674	1.37373	1.37687	1.40172	1.39945	1.39902	1.13465	1.1606	1.11303	1.1361	1.11205	1.20815	1.40189	1.40049	1.40037	1.40133	1.4002	1.3998	1.37176	1.37752	1.3768
E-2_1x	1.40353	1.40311	1.40017	1.40148	1.40249	1.40226	1.38038	1.38566	1.38235	1.37642	1.37492	1.38031	1.05557	1.06154	0	1.37933	1.37664	1.379	1.40204	1.40043	1.4002	1.16066	1.18304	1.13797	1.16693	1.14784	1.22657	1.40306	1.40189	1.40152	1.40262	1.40145	1.40118	1.37563	1.37984	1.38149
F-0_1x	1.40248	1.40257	1.39968	1.40131	1.40194	1.4021	1.34556	1.35484	1.34615	1.21414	1.21675	1.23172	1.37522	1.37674	1.37933	0	1.0599	1.08444	1.40253	1.4004	1.40019	1.37626	1.3799	1.37385	1.37712	1.37461	1.38508	1.40319	1.40207	1.40192	1.40231	1.40136	1.40068	1.33572	1.3447	1.3414
F-1_1x	1.40213	1.40216	1.3994	1.40059	1.40192	1.40077	1.33926	1.3497	1.34301	1.20133	1.20432	1.22017	1.37303	1.37373	1.37664	1.0599	0	1.05568	1.40162	1.39923	1.39902	1.3739	1.37631	1.3714	1.37516	1.37227	1.38348	1.40181	1.40164	1.40115	1.40185	1.40076	1.40008	1.32941	1.34121	1.33821
F-2_1x	1.40256	1.40236	1.40001	1.4013	1.40236	1.40186	1.34612	1.35322	1.34569	1.2129	1.21305	1.23429	1.3776	1.37687	1.379	1.08444	1.05568	0	1.40192	1.39956	1.39944	1.37675	1.3805	1.37544	1.37836	1.37563	1.38618	1.40273	1.40185	1.40162	1.40251	1.40126	1.40079	1.33413	1.34652	1.34354
G-0_1x	1.37875	1.37827	1.37019	1.35656	1.3583	1.35851	1.40267	1.40471	1.40323	1.4013	1.4016	1.40245	1.40068	1.40172	1.40204	1.40253	1.40162	1.40192	0	1.08781	1.07845	1.40126	1.40294	1.40045	1.40152	1.4011	1.40457	1.29575	1.28282	1.28498	1.37798	1.37361	1.37057	1.40087	1.40249	1.40297
G-1_1x	1.37049	1.37081	1.36036	1.34746	1.35152	1.35034	1.40063	1.40245	1.40092	1.39906	1.39894	1.4004	1.39885	1.39945	1.40043	1.4004	1.39923	1.39956	1.08781	0	1.01005	1.39956	1.40012	1.39815	1.39927	1.39879	1.40274	1.27653	1.26074	1.2595	1.37077	1.36581	1.36254	1.39834	1.40034	1.40064
G-2_1x	1.36963	1.36911	1.35864	1.34473	1.34733	1.34873	1.39995	1.40214	1.4006	1.39892	1.39869	1.3999	1.39845	1.39902	1.4002	1.40019	1.39902	1.39944	1.07845	1.01005	0	1.39901	1.4001	1.39757	1.39865	1.39846	1.40251	1.27338	1.2561	1.2573	1.37096	1.36502	1.36349	1.39809	1.3999	1.40029
H-0_1x	1.40225	1.40242	1.39907	1.40075	1.40138	1.40066	1.37749	1.3834	1.3785	1.37317	1.37341	1.37862	1.12817	1.13465	1.16066	1.37626	1.3739	1.37675	1.40126	1.39956	1.39901	0	1.06341	1.00633	1.07592	1.05168	1.16724	1.40177	1.40056	1.40052	1.4019	1.40039	1.40002	1.37229	1.37831	1.37714
H-1_1x	1.40274	1.40284	1.39998	1.40166	1.40229	1.40169	1.37908	1.38561	1.38141	1.37836	1.37771	1.38198	1.15082	1.1606	1.18304	1.3799	1.37631	1.3805	1.40294	1.40012	1.4001	1.06341	0	1.04366	1.10276	1.0816	1.18082	1.40231	1.40176	1.40159	1.40262	1.40155	1.40098	1.37605	1.38093	1.38077
H-2_1x	1.40113	1.40131	1.39797	1.39955	1.4	1.40014	1.37374	1.38096	1.37668	1.37027	1.37038	1.37513	1.10534	1.11303	1.13797	1.37385	1.3714	1.37544	1.40045	1.39815	1.39757	1.00633	1.04366	0	1.04825	1.02682	1.14516	1.40111	1.3996	1.39961	1.40052	1.39921	1.39871	1.3696	1.3755	1.37515
I-0_1x	1.40216	1.40285	1.39943	1.40065	1.40119	1.40092	1.37847	1.38484	1.38032	1.37534	1.37448	1.37853	1.13695	1.1361	1.16693	1.37712	1.37516	1.37836	1.40152	1.39927	1.39865	1.07592	1.10276	1.04825	0	1.03319	1.14823	1.40166	1.4012	1.40096	1.40186	1.40072	1.40007	1.37441	1.37941	1.37865
I-1_1x	1.40179	1.40158	1.39819	1.40019	1.40081	1.40007	1.37568	1.38209	1.37727	1.37267	1.37221	1.37717	1.11435	1.11205	1.14784	1.37461	1.37227	1.37563	1.4011	1.39879	1.39846	1.05168	1.0816	1.02682	1.03319	0	1.12158	1.40152	1.40015	1.40028	1.4007	1.39943	1.39944	1.3713	1.37719	1.37643
I-2_1x	1.40491	1.40483	1.40248	1.40354	1.40357	1.40365	1.38699	1.39141	1.38688	1.38386	1.38427	1.38608	1.19865	1.20815	1.22657	1.38508	1.38348	1.38618	1.40457	1.40274	1.40251	1.16724	1.18082	1.14516	1.14823	1.12158	0	1.40505	1.40365	1.4037	1.4045	1.4034	1.4032	1.38192	1.38559	1.38726
J-0_1x	1.38103	1.38097	1.3715	1.35872	1.36184	1.36108	1.40246	1.40473	1.40312	1.4015	1.40176	1.40229	1.40175	1.40189	1.40306	1.40319	1.40181	1.40273	1.29575	1.27653	1.27338	1.40177	1.40231	1.40111	1.40166	1.40152	1.40505	0	1.13599	1.13786	1.37796	1.37622	1.37324	1.40136	1.4029	1.40288
J-1_1x	1.3744	1.37561	1.36663	1.35358	1.35381	1.35484	1.40179	1.40368	1.40178	1.40112	1.40095	1.40231	1.40042	1.40049	1.40189	1.40207	1.40164	1.40185	1.28282	1.26074	1.2561	1.40056	1.40176	1.3996	1.4012	1.40015	1.40365	1.13599	0	1.10855	1.37477	1.37146	1.36747	1.40028	1.40194	1.40205
J-2_1x	1.3742	1.37593	1.36695	1.35413	1.3577	1.35591	1.4016	1.40367	1.40206	1.40062	1.40058	1.40192	1.40012	1.40037	1.40152	1.40192	1.40115	1.40162	1.28498	1.2595	1.2573	1.40052	1.40159	1.39961	1.40096	1.40028	1.4037	1.13786	1.10855	0	1.37537	1.37125	1.36968	1.39988	1.40189	1.40185
K-0_1x	1.34368	1.34109	1.32779	1.37292	1.37542	1.37501	1.4023	1.404	1.40304	1.40134	1.4018	1.40257	1.40138	1.40133	1.40262	1.40231	1.40185	1.40251	1.37798	1.37077	1.37096	1.4019	1.40262	1.40052	1.40186	1.4007	1.4045	1.37796	1.37477	1.37537	0	1.12546	1.10489	1.40042	1.40194	1.40279
K-1_1x	1.33569	1.33717	1.32072	1.36929	1.37184	1.3703	1.40132	1.40339	1.40198	1.4008	1.40102	1.4018	1.40029	1.4002	1.40145	1.40136	1.40076	1.40126	1.37361	1.36581	1.36502	1.40039	1.40155	1.39921	1.40072	1.39943	1.4034	1.37622	1.37146	1.37125	1.12546	0	1.08128	1.39983	1.40186	1.40184
K-2_1x	1.3337	1.33249	1.31655	1.36789	1.37067	1.3712	1.40103	1.40272	1.40171	1.39979	1.39999	1.40071	1.39988	1.3998	1.40118	1.40068	1.40008	1.40079	1.37057	1.36254	1.36349	1.40002	1.40098	1.39871	1.40007	1.39944	1.4032	1.37324	1.36747	1.36968	1.10489	1.08128	0	1.39885	1.40117	1.40132
L-0_1x	1.40088	1.40152	1.39872	1.39983	1.40049	1.40037	1.08546	1.13915	1.09588	1.3274	1.32668	1.33619	1.37128	1.37176	1.37563	1.33572	1.32941	1.33413	1.40087	1.39834	1.39809	1.37229	1.37605	1.3696	1.37441	1.3713	1.38192	1.40136	1.40028	1.39988	1.40042	1.39983	1.39885	0	1.04561	1.04871
L-1_1x	1.40299	1.40297	1.40081	1.40198	1.40175	1.40169	1.13542	1.17708	1.14819	1.33668	1.33789	1.34709	1.37651	1.37752	1.37984	1.3447	1.34121	1.34652	1.40249	1.40034	1.3999	1.37831	1.38093	1.3755	1.37941	1.37719	1.38559	1.4029	1.40194	1.40189	1.40194	1.40186	1.40117	1.04561	0	1.10581
L-2_1x	1.40283	1.40333	1.40084	1.40173	1.40236	1.40221	1.11775	1.17588	1.14043	1.33952	1.3375	1.34458	1.37698	1.3768	1.38149	1.3414	1.33821	1.34354	1.40297	1.40064	1.40029	1.37714	1.38077	1.37515	1.37865	1.37643	1.38726	1.40288	1.40205	1.40185	1.40279	1.40184	1.40132	1.04871	1.10581	0
