	A-0_1x	A-1_1x	A-2_1x	B-0_1x	B-1_1x	B-2_1x	C-0_1x	C-1_1x	C-2_1x	D-0_1x	D-1_1x	D-2_1x	E-0_1x	E-1_1x	E-2_1x	F-0_1x	F-1_1x	F-2_1x	G-0_1x	G-1_1x	G-2_1x	H-0_1x	H-1_1x	H-2_1x	I-0_1x	I-1_1x	I-2_1x	J-0_1x	J-1_1x	J-2_1x	K-0_1x	K-1_1x	K-2_1x	L-0_1x	L-1_1x	L-2_1x
A-0_1x	330156	122614	226471	37552.8	32149.5	33264.9	12882.1	7704.16	10531	16322.5	16005	11194	18170.7	16998.1	11712.3	12745.5	15028	12759	30837.4	52682.3	56769.7	15934.2	12843.7	21508.5	15211	18815.3	7134.11	24684.4	36508.7	36084.3	49817.4	64866.6	72816.1	19800.6	11418.8	11961.1
A-1_1x	122614	324127	221264	37022.7	30569.9	34041.6	12768.8	7256.48	10720.4	16325.7	15799.2	11472.9	18330.1	16645.4	12132.3	12428.8	14822	12874.3	30859.7	51940.7	56996.4	15502.6	12666.3	21015.6	14187	18936.8	7151.49	24402.7	35145.7	34282	51012	63460.5	73335.1	18766.8	11504.4	11454.6
A-2_1x	226471	221264	775468	70375.2	57992.2	64733.5	24452.8	13931.7	19444.2	30144	29373.8	21474	35541.8	32635.6	24009.8	24257.5	28278.9	23915.9	58387.3	99434.8	108123	31455.6	24694.7	41513.5	29056.7	37721.1	14051.7	48474.9	66910.1	65802.8	92796.2	117471	134359	35654.4	21199.6	21657
B-0_1x	37552.8	37022.7	70375.2	546673	206144	230047	18560.6	11190.9	15544.8	24194.3	22973.1	16964.4	26223.6	23968.8	18214.2	18048.8	21974.8	18251.2	61028	98492	107701	23322.4	18261.9	31414.5	22238	27536.4	10644	50303.8	68359.6	66772.7	41447.5	52896.2	60122.4	27631.5	16134.6	16978.6
B-1_1x	32149.5	30569.9	57992.2	206144	424141	194354	15763.4	8997.23	12913.6	20268.5	18405.6	13428.6	22378.3	21082.2	14757.7	15073	17399.6	14780.4	52127.8	81477	91491	19444.8	15198.3	26748.1	18750.3	23133.7	9306.68	42049.5	59900.1	55103.8	34257.4	43769.8	49616.9	23251.8	14556.2	14235
B-2_1x	33264.9	34041.6	64733.5	230047	194354	487871	17098.7	10288.8	14191.5	22025.4	21439.3	15135.3	24044.7	22435.9	16008.9	15932.4	20574.8	16578.8	55736.7	89210.6	95896.2	22035.6	17062.3	28288.2	20393.1	26086.9	9938.16	45616.7	63210.9	61002.8	36921.2	48491.3	52306.5	24950.8	15625.1	15467
C-0_1x	12882.1	12768.8	24452.8	18560.6	15763.4	17098.7	721190	192882	263941	132367	125046	91704.5	75212.9	72281.2	51088.6	94421.2	119237	95022.4	15031.3	24855.4	27580.6	66848.5	53656.1	90757.8	61454.3	79557.3	28826.9	13181.3	17314.6	17231	14371.7	18207.6	20521.8	440000	267593	288301
C-1_1x	7704.16	7256.48	13931.7	11190.9	8997.23	10288.8	192882	347353	161381	75225	74797.3	55942.8	43795.1	41257.3	29983.9	56987.8	71693.1	59223.5	8579.69	14957	16222.2	38811.1	30131.4	51769.4	35002.2	45813.2	16682.1	7335.31	10220.7	10040	8532.24	10611.1	12381.8	263408	161435	167010
C-2_1x	10531	10720.4	19444.2	15544.8	12913.6	14191.5	263941	161381	553139	107492	104832	77471.2	61434.2	58577.7	41935.4	81929.6	99566.4	83717.4	12509.4	21363	23028.3	56783.8	43770.3	73538.7	50721.1	66625.9	25202.3	10758.9	15109.3	14519	11772.5	15079.2	17012.2	375592	224727	236322
D-0_1x	16322.5	16325.7	30144	24194.3	20268.5	22025.4	132367	75225	107492	1.03657e+06	523714	382416	97311.4	94195.7	69015.9	271125	331761	276221	20317.1	33546.2	35633.9	90338.2	66720.5	119468	80941.7	104176	38847.7	17091.3	22145.8	22483.9	18598.4	22741	26937.8	196708	121984	121432
D-1_1x	16005	15799.2	29373.8	22973.1	18405.6	21439.3	125046	74797.3	104832	523714	971359	364678	97995.4	92767.1	69186	261078	318674	268182	19274.6	32619.7	35170.6	86763.6	65468.5	115398	79874.3	101620	36953.8	16269.4	21631.9	21882.1	17339.6	21745.1	25624.7	191674	116415	120430
D-2_1x	11194	11472.9	21474	16964.4	13428.6	15135.3	91704.5	55942.8	77471.2	382416	364678	614038	67576.8	64751.2	47646.6	193252	235519	192952	14235.1	23486.2	25632.8	60365.3	45878.7	81736.6	57046	71284.9	27611.3	12362.8	15508.9	15552.6	13017.1	16220.5	19404.4	136306	81609.8	87050.7
E-0_1x	18170.7	18330.1	35541.8	26223.6	22378.3	24044.7	75212.9	43795.1	61434.2	97311.4	97995.4	67576.8	1.25305e+06	619630	453405	75282.7	92209.8	71810.5	22980.3	36753.9	39445.5	484951	379215	637490	445839	571916	219293	18039.1	25001.5	25193.6	20097.8	25565.8	28849.1	113657	68854.7	69892.9
E-1_1x	16998.1	16645.4	32635.6	23968.8	21082.2	22435.9	72281.2	41257.3	58577.7	94195.7	92767.1	64751.2	619630	1.13512e+06	425765	68764.2	86363.7	69487.8	20149	33539.3	36256.2	452674	349301	593113	425718	547464	200191	17026.5	23714.8	23494.9	19144.7	24454.8	27584.5	106824	63838.6	66766.1
E-2_1x	11712.3	12132.3	24009.8	18214.2	14757.7	16008.9	51088.6	29983.9	41935.4	69015.9	69186	47646.6	453405	425765	724504	51101.1	64140.9	52446.9	15687	24981.2	26676.4	332295	257035	440295	306806	393842	147607	12264.9	17026.5	17238.3	13717.3	17795.6	20020.7	77529.8	47863.7	46621.5
F-0_1x	12745.5	12428.8	24257.5	18048.8	15073	15932.4	94421.2	56987.8	81929.6	271125	261078	193252	75282.7	68764.2	51101.1	671762	372677	307844	14789.6	24568.7	26432.6	67242	51066.1	88357.8	61898.5	79411.8	30029.6	11922.9	16455.6	16422.7	13843.6	17632.3	20367.6	143760	88274.2	95230.2
F-1_1x	15028	14822	28278.9	21974.8	17399.6	20574.8	119237	71693.1	99566.4	331761	318674	235519	92209.8	86363.7	64140.9	372677	900411	380546	18544.3	31031.1	33104.7	82832.4	65288.8	108693	75575.1	97759.2	36658.1	15576.5	19782.2	20217.9	16633.9	21303.9	24588.7	179850	107298	115287
F-2_1x	12759	12874.3	23915.9	18251.2	14780.4	16578.8	95022.4	59223.5	83717.4	276221	268182	192952	71810.5	69487.8	52446.9	307844	380546	685995	15860.1	26514.4	28210.5	67270.1	50921.3	86187.2	60769.5	78641.7	29189.8	12623.7	17008.9	17042.4	13765.2	17924.4	20432.7	147993	86987.7	93932.4
G-0_1x	30837.4	30859.7	58387.3	61028	52127.8	55736.7	15031.3	8579.69	12509.4	20317.1	19274.6	14235.1	22980.3	20149	15687	14789.6	18544.3	15860.1	477728	302597	326145	20214.7	14735.7	26445.2	18684	23118.4	8610.67	85758.5	117869	114015	33706	44216.9	52411.2	23335.5	14178.1	13925.5
G-1_1x	52682.3	51940.7	99434.8	98492	81477	89210.6	24855.4	14957	21363	33546.2	32619.7	23486.2	36753.9	33539.3	24981.2	24568.7	31031.1	26514.4	302597	932343	523769	32189.6	25974.7	43471.5	31078.9	38469.9	14529.1	137395	189905	187369	56029.8	73525.4	86436.7	39017.1	23495.2	23690.9
G-2_1x	56769.7	56996.4	108123	107701	91491	95896.2	27580.6	16222.2	23028.3	35633.9	35170.6	25632.8	39445.5	36256.2	26676.4	26432.6	33104.7	28210.5	326145	523769	1.03421e+06	35170.3	27446.3	47484	33948.4	41338.4	15605	148942	205307	200445	59120.3	78560.4	89342.2	41633.9	25502	25570.6
H-0_1x	15934.2	15502.6	31455.6	23322.4	19444.8	22035.6	66848.5	38811.1	56783.8	90338.2	86763.6	60365.3	484951	452674	332295	67242	82832.4	67270.1	20214.7	32189.6	35170.3	1.07256e+06	420277	695013	467813	593393	219440	16561.1	22775.1	22497.4	17654.4	23377.7	26383	101779	60242	63928.5
H-1_1x	12843.7	12666.3	24694.7	18261.9	15198.3	17062.3	53656.1	30131.4	43770.3	66720.5	65468.5	45878.7	379215	349301	257035	51066.1	65288.8	50921.3	14735.7	25974.7	27446.3	420277	754682	540082	366307	463654	175176	13272.5	17436.1	17355.9	13972.8	18018.7	20666.2	77804.2	46780.1	48451.4
H-2_1x	21508.5	21015.6	41513.5	31414.5	26748.1	28288.2	90757.8	51769.4	73538.7	119468	115398	81736.6	637490	593113	440295	88357.8	108693	86187.2	26445.2	43471.5	47484	695013	540082	1.63332e+06	612924	770240	291127	21508.8	30173.3	29551.2	24300	31341.7	35494.3	133233	80171.4	83025.9
I-0_1x	15211	14187	29056.7	22238	18750.3	20393.1	61454.3	35002.2	50721.1	80941.7	79874.3	57046	445839	425718	306806	61898.5	75575.1	60769.5	18684	31078.9	33948.4	467813	366307	612924	956205	573725	215600	15803.4	20484.3	20505.2	16723	21660.8	24943.7	90947.3	55068.5	57880.3
I-1_1x	18815.3	18936.8	37721.1	27536.4	23133.7	26086.9	79557.3	45813.2	66625.9	104176	101620	71284.9	571916	547464	393842	79411.8	97759.2	78641.7	23118.4	38469.9	41338.4	593393	463654	770240	573725	1.38336e+06	281564	19215.6	26647.8	25924.3	22079.3	28333.9	31139.9	118120	70412.7	74003.2
I-2_1x	7134.11	7151.49	14051.7	10644	9306.68	9938.16	28826.9	16682.1	25202.3	38847.7	36953.8	27611.3	219293	200191	147607	30029.6	36658.1	29189.8	8610.67	14529.1	15605	219440	175176	291127	215600	281564	355576	7030.15	10159.4	9940.88	8118.47	10587.4	11842	45324.7	27645.3	27055.6
J-0_1x	24684.4	24402.7	48474.9	50303.8	42049.5	45616.7	13181.3	7335.31	10758.9	17091.3	16269.4	12362.8	18039.1	17026.5	12264.9	11922.9	15576.5	12623.7	85758.5	137395	148942	16561.1	13272.5	21508.8	15803.4	19215.6	7030.15	343937	172641	168015	28726.4	35518.6	41979.3	19074.4	11633.4	11970.5
J-1_1x	36508.7	35145.7	66910.1	68359.6	59900.1	63210.9	17314.6	10220.7	15109.3	22145.8	21631.9	15508.9	25001.5	23714.8	17026.5	16455.6	19782.2	17008.9	117869	189905	205307	22775.1	17436.1	30173.3	20484.3	26647.8	10159.4	172641	536876	228562	38938.4	49802.7	59358.4	25826.8	15835.7	16072.5
J-2_1x	36084.3	34282	65802.8	66772.7	55103.8	61002.8	17231	10040	14519	22483.9	21882.1	15552.6	25193.6	23494.9	17238.3	16422.7	20217.9	17042.4	114015	187369	200445	22497.4	17355.9	29551.2	20505.2	25924.3	9940.88	168015	228562	516363	37794.8	48789.5	55910.4	26213.7	15558.6	16114.9
K-0_1x	49817.4	51012	92796.2	41447.5	34257.4	36921.2	14371.7	8532.24	11772.5	18598.4	17339.6	13017.1	20097.8	19144.7	13717.3	13843.6	16633.9	13765.2	33706	56029.8	59120.3	17654.4	13972.8	24300	16723	22079.3	8118.47	28726.4	38938.4	37794.8	385326	189167	218628	22033.2	13648.1	13038.4
K-1_1x	64866.6	63460.5	117471	52896.2	43769.8	48491.3	18207.6	10611.1	15079.2	22741	21745.1	16220.5	25565.8	24454.8	17795.6	17632.3	21303.9	17924.4	44216.9	73525.4	78560.4	23377.7	18018.7	31341.7	21660.8	28333.9	10587.4	35518.6	49802.7	48789.5	189167	531802	272267	27005.9	16134.1	16585.3
K-2_1x	72816.1	73335.1	134359	60122.4	49616.9	52306.5	20521.8	12381.8	17012.2	26937.8	25624.7	19404.4	28849.1	27584.5	20020.7	20367.6	24588.7	20432.7	52411.2	86436.7	89342.2	26383	20666.2	35494.3	24943.7	31139.9	11842	41979.3	59358.4	55910.4	218628	272267	638036	31754.6	18631.7	18935
L-0_1x	19800.6	18766.8	35654.4	27631.5	23251.8	24950.8	440000	263408	375592	196708	191674	136306	113657	106824	77529.8	143760	179850	147993	23335.5	39017.1	41633.9	101779	77804.2	133233	90947.3	118120	45324.7	19074.4	25826.8	26213.7	22033.2	27005.9	31754.6	1.28813e+06	437217	448024
L-1_1x	11418.8	11504.4	21199.6	16134.6	14556.2	15625.1	267593	161435	224727	121984	116415	81609.8	68854.7	63838.6	47863.7	88274.2	107298	86987.7	14178.1	23495.2	25502	60242	46780.1	80171.4	55068.5	70412.7	27645.3	11633.4	15835.7	15558.6	13648.1	16134.1	18631.7	437217	616366	270400
L-2_1x	11961.1	11454.6	21657	16978.6	14235	15467	288301	167010	236322	121432	120430	87050.7	69892.9	66766.1	46621.5	95230.2	115287	93932.4	13925.5	23690.9	25570.6	63928.5	48451.4	83025.9	57880.3	74003.2	27055.6	11970.5	16072.5	16114.9	13038.4	16585.3	18935	448024	270400	654596
