	A-1_10x	A-2_10x	A-3_10x	A-4_10x	B-1_10x	B-2_10x	B-3_10x	B-4_10x	C-1_10x	C-2_10x	C-3_10x	C-4_10x	D-1_10x	D-2_10x	D-3_10x	D-4_10x
A-1_10x	0.207096	0.175644	0.176877	0.176233	0.149333	0.14937	0.150511	0.148836	0.0936217	0.0937075	0.0931724	0.0935681	0.0460126	0.0456982	0.0463436	0.0459035
A-2_10x	0.175644	0.206368	0.175949	0.176112	0.148588	0.148754	0.150023	0.148799	0.0936317	0.0937701	0.092959	0.0934851	0.0460608	0.0460046	0.0464842	0.0461393
A-3_10x	0.176877	0.175949	0.208393	0.17699	0.149555	0.149712	0.15087	0.14934	0.0939508	0.0935501	0.0933875	0.093716	0.046249	0.04586	0.0467551	0.0462824
A-4_10x	0.176233	0.176112	0.17699	0.208113	0.14941	0.149636	0.151117	0.150157	0.0937596	0.0935783	0.0931057	0.0937569	0.0461506	0.0459956	0.0468942	0.0461394
B-1_10x	0.149333	0.148588	0.149555	0.14941	0.208886	0.177559	0.178707	0.177832	0.0945719	0.0942176	0.0936561	0.0943896	0.0475556	0.0470216	0.0479907	0.0475831
B-2_10x	0.14937	0.148754	0.149712	0.149636	0.177559	0.208968	0.179163	0.177729	0.0942844	0.0941472	0.093537	0.0940782	0.0469989	0.0466709	0.0476132	0.0471542
B-3_10x	0.150511	0.150023	0.15087	0.151117	0.178707	0.179163	0.211336	0.178259	0.0949454	0.0949007	0.0941045	0.0947792	0.0464946	0.0462728	0.0470678	0.0466473
B-4_10x	0.148836	0.148799	0.14934	0.150157	0.177832	0.177729	0.178259	0.208741	0.0942052	0.0940114	0.0939776	0.0944512	0.0464127	0.0460596	0.046611	0.0462661
C-1_10x	0.0936217	0.0936317	0.0939508	0.0937596	0.0945719	0.0942844	0.0949454	0.0942052	0.208142	0.176964	0.175634	0.176742	0.0510974	0.0509519	0.0515189	0.0511617
C-2_10x	0.0937075	0.0937701	0.0935501	0.0935783	0.0942176	0.0941472	0.0949007	0.0940114	0.176964	0.208956	0.175649	0.176813	0.0510755	0.0509555	0.0514314	0.0510922
C-3_10x	0.0931724	0.092959	0.0933875	0.0931057	0.0936561	0.093537	0.0941045	0.0939776	0.175634	0.175649	0.206298	0.175847	0.0503323	0.0502233	0.0505917	0.0504214
C-4_10x	0.0935681	0.0934851	0.093716	0.0937569	0.0943896	0.0940782	0.0947792	0.0944512	0.176742	0.176813	0.175847	0.208715	0.0502783	0.0505749	0.0509796	0.0505726
D-1_10x	0.0460126	0.0460608	0.046249	0.0461506	0.0475556	0.0469989	0.0464946	0.0464127	0.0510974	0.0510755	0.0503323	0.0502783	0.20821	0.177366	0.177823	0.178049
D-2_10x	0.0456982	0.0460046	0.04586	0.0459956	0.0470216	0.0466709	0.0462728	0.0460596	0.0509519	0.0509555	0.0502233	0.0505749	0.177366	0.208709	0.177988	0.178117
D-3_10x	0.0463436	0.0464842	0.0467551	0.0468942	0.0479907	0.0476132	0.0470678	0.046611	0.0515189	0.0514314	0.0505917	0.0509796	0.177823	0.177988	0.209641	0.178348
D-4_10x	0.0459035	0.0461393	0.0462824	0.0461394	0.0475831	0.0471542	0.0466473	0.0462661	0.0511617	0.0510922	0.0504214	0.0505726	0.178049	0.178117	0.178348	0.209675
