	A-1_10x	A-2_10x	A-3_10x	A-4_10x	B-1_10x	B-2_10x	B-3_10x	B-4_10x	C-1_10x	C-2_10x	C-3_10x	C-4_10x	D-1_10x	D-2_10x	D-3_10x	D-4_10x
A-1_10x	0	0.523943	0.519872	0.523455	0.581589	0.58237	0.583209	0.584927	0.679208	0.682732	0.679452	0.682732	0.76178	0.761954	0.761887	0.763623
A-2_10x	0.523943	0	0.52351	0.526112	0.585012	0.585548	0.583161	0.585358	0.677806	0.679734	0.680956	0.682698	0.762947	0.762363	0.76153	0.763577
A-3_10x	0.519872	0.52351	0	0.522593	0.582826	0.583477	0.582185	0.587313	0.679783	0.685601	0.681964	0.682584	0.763733	0.764911	0.761636	0.764129
A-4_10x	0.523455	0.526112	0.522593	0	0.58498	0.583231	0.582771	0.581005	0.679809	0.683152	0.681136	0.68053	0.762007	0.763116	0.759522	0.764099
B-1_10x	0.581589	0.585012	0.582826	0.58498	0	0.524479	0.521699	0.523434	0.678845	0.68213	0.681068	0.682112	0.761025	0.763183	0.761304	0.762123
B-2_10x	0.58237	0.585548	0.583477	0.583231	0.524479	0	0.519103	0.520862	0.679434	0.682245	0.678719	0.681131	0.760255	0.762091	0.761664	0.760139
B-3_10x	0.583209	0.583161	0.582185	0.582771	0.521699	0.519103	0	0.524842	0.681492	0.682207	0.682755	0.681438	0.764168	0.765183	0.765568	0.764263
B-4_10x	0.584927	0.585358	0.587313	0.581005	0.523434	0.520862	0.524842	0	0.68117	0.684834	0.680714	0.680687	0.762345	0.765768	0.764283	0.764618
C-1_10x	0.679208	0.677806	0.679783	0.679809	0.678845	0.679434	0.681492	0.68117	0	0.524321	0.526882	0.52458	0.763305	0.762555	0.763315	0.76571
C-2_10x	0.682732	0.679734	0.685601	0.683152	0.68213	0.682245	0.682207	0.684834	0.524321	0	0.530458	0.528769	0.765038	0.766547	0.765065	0.76774
C-3_10x	0.679452	0.680956	0.681964	0.681136	0.681068	0.678719	0.682755	0.680714	0.526882	0.530458	0	0.527255	0.764225	0.764778	0.763568	0.763227
C-4_10x	0.682732	0.682698	0.682584	0.68053	0.682112	0.681131	0.681438	0.680687	0.52458	0.528769	0.527255	0	0.76726	0.765632	0.766896	0.766937
D-1_10x	0.76178	0.762947	0.763733	0.762007	0.761025	0.760255	0.764168	0.762345	0.763305	0.765038	0.764225	0.76726	0	0.525198	0.52245	0.522316
D-2_10x	0.761954	0.762363	0.764911	0.763116	0.763183	0.762091	0.765183	0.765768	0.762555	0.766547	0.764778	0.765632	0.525198	0	0.522681	0.523952
D-3_10x	0.761887	0.76153	0.761636	0.759522	0.761304	0.761664	0.765568	0.764283	0.763315	0.765065	0.763568	0.766896	0.52245	0.522681	0	0.523666
D-4_10x	0.763623	0.763577	0.764129	0.764099	0.762123	0.760139	0.764263	0.764618	0.76571	0.76774	0.763227	0.766937	0.522316	0.523952	0.523666	0
