	SRR1734599	SRR1734600	SRR1734601	SRR1734602	SRR1734603	SRR1734604	SRR1734607	SRR1734608	SRR1734609	SRR1734610	SRR1734611	SRR1734612	SRR1734613	SRR1734614	SRR1734615	SRR1734616	SRR1734617	SRR1734618	SRR1734619	SRR1734620
SRR1734599	5.66852e+08	1.01409e+08	2.36233e+08	1.78414e+08	1.40687e+08	4.69436e+07	1.99392e+08	2.21701e+08	1.43274e+08	1.8877e+08	1.78677e+08	2.19317e+08	1.69385e+08	1.61014e+08	2.77483e+08	1.35405e+08	2.18006e+08	1.59319e+08	2.28877e+08	1.91988e+08
SRR1734600	1.01409e+08	1.5081e+08	1.26653e+08	9.37605e+07	7.53326e+07	2.03851e+07	1.11272e+08	1.07524e+08	7.97643e+07	9.28041e+07	9.59036e+07	1.09332e+08	1.92527e+08	6.4191e+07	7.38644e+07	6.74606e+07	1.08131e+08	8.53639e+07	1.10706e+08	9.59448e+07
SRR1734601	2.36233e+08	1.26653e+08	7.02521e+08	2.40292e+08	1.4399e+08	5.05172e+07	1.99013e+08	2.25712e+08	1.34525e+08	1.87834e+08	1.92063e+08	2.15752e+08	2.09057e+08	1.41386e+08	2.04346e+08	1.57022e+08	2.14303e+08	1.54996e+08	2.29951e+08	1.91314e+08
SRR1734602	1.78414e+08	9.37605e+07	2.40292e+08	5.90287e+08	1.58719e+08	6.03737e+07	3.60423e+08	4.21931e+08	2.69184e+08	3.47473e+08	2.25105e+08	4.09802e+08	1.51955e+08	1.44939e+08	1.54595e+08	2.06991e+08	3.99627e+08	3.07902e+08	4.30886e+08	3.4055e+08
SRR1734603	1.40687e+08	7.53326e+07	1.4399e+08	1.58719e+08	2.56179e+08	4.19809e+07	1.57394e+08	1.82251e+08	1.07625e+08	1.39349e+08	1.80318e+08	1.54787e+08	1.21092e+08	8.50884e+07	1.28787e+08	1.42508e+08	1.53961e+08	1.35681e+08	1.67098e+08	1.30666e+08
SRR1734604	4.69436e+07	2.03851e+07	5.05172e+07	6.03737e+07	4.19809e+07	4.73583e+07	6.04713e+07	7.11002e+07	4.01248e+07	5.51e+07	6.5094e+07	6.50873e+07	3.28494e+07	3.36593e+07	3.55643e+07	5.1421e+07	6.45216e+07	4.93117e+07	6.92403e+07	5.46962e+07
SRR1734607	1.99392e+08	1.11272e+08	1.99013e+08	3.60423e+08	1.57394e+08	6.04713e+07	8.1862e+08	7.72333e+08	5.45485e+08	6.86236e+08	3.08803e+08	7.77796e+08	1.84581e+08	1.37819e+08	1.46539e+08	1.88253e+08	7.66756e+08	5.85188e+08	8.13183e+08	6.92848e+08
SRR1734608	2.21701e+08	1.07524e+08	2.25712e+08	4.21931e+08	1.82251e+08	7.11002e+07	7.72333e+08	1.05958e+09	6.00774e+08	7.54965e+08	3.53837e+08	8.69442e+08	1.80049e+08	1.50403e+08	1.68639e+08	2.44851e+08	8.6044e+08	6.75025e+08	9.09188e+08	7.2336e+08
SRR1734609	1.43274e+08	7.97643e+07	1.34525e+08	2.69184e+08	1.07625e+08	4.01248e+07	5.45485e+08	6.00774e+08	5.55046e+08	5.42427e+08	2.23746e+08	6.50162e+08	1.24874e+08	1.04146e+08	1.03303e+08	1.43148e+08	6.47724e+08	4.49169e+08	6.51825e+08	5.62196e+08
SRR1734610	1.8877e+08	9.28041e+07	1.87834e+08	3.47473e+08	1.39349e+08	5.51e+07	6.86236e+08	7.54965e+08	5.42427e+08	7.45869e+08	2.83373e+08	7.80243e+08	1.49028e+08	1.31261e+08	1.36608e+08	1.72068e+08	7.68629e+08	5.26729e+08	8.08707e+08	7.0255e+08
SRR1734611	1.78677e+08	9.59036e+07	1.92063e+08	2.25105e+08	1.80318e+08	6.5094e+07	3.08803e+08	3.53837e+08	2.23746e+08	2.83373e+08	4.94825e+08	3.23241e+08	1.58126e+08	1.24638e+08	1.4431e+08	1.82727e+08	3.22427e+08	2.52763e+08	3.40464e+08	2.72729e+08
SRR1734612	2.19317e+08	1.09332e+08	2.15752e+08	4.09802e+08	1.54787e+08	6.50873e+07	7.77796e+08	8.69442e+08	6.50162e+08	7.80243e+08	3.23241e+08	1.00213e+09	1.77144e+08	1.61408e+08	1.60175e+08	2.10652e+08	9.26971e+08	6.04178e+08	9.45115e+08	8.13073e+08
SRR1734613	1.69385e+08	1.92527e+08	2.09057e+08	1.51955e+08	1.21092e+08	3.28494e+07	1.84581e+08	1.80049e+08	1.24874e+08	1.49028e+08	1.58126e+08	1.77144e+08	3.78919e+08	1.02228e+08	1.28193e+08	1.20374e+08	1.75306e+08	1.45758e+08	1.76717e+08	1.49515e+08
SRR1734614	1.61014e+08	6.4191e+07	1.41386e+08	1.44939e+08	8.50884e+07	3.36593e+07	1.37819e+08	1.50403e+08	1.04146e+08	1.31261e+08	1.24638e+08	1.61408e+08	1.02228e+08	2.27896e+08	1.14966e+08	9.92308e+07	1.59324e+08	1.01717e+08	1.65058e+08	1.38619e+08
SRR1734615	2.77483e+08	7.38644e+07	2.04346e+08	1.54595e+08	1.28787e+08	3.55643e+07	1.46539e+08	1.68639e+08	1.03303e+08	1.36608e+08	1.4431e+08	1.60175e+08	1.28193e+08	1.14966e+08	3.74172e+08	1.22704e+08	1.58869e+08	1.1755e+08	1.66845e+08	1.35103e+08
SRR1734616	1.35405e+08	6.74606e+07	1.57022e+08	2.06991e+08	1.42508e+08	5.1421e+07	1.88253e+08	2.44851e+08	1.43148e+08	1.72068e+08	1.82727e+08	2.10652e+08	1.20374e+08	9.92308e+07	1.22704e+08	3.49977e+08	2.09844e+08	1.95196e+08	2.18072e+08	1.55334e+08
SRR1734617	2.18006e+08	1.08131e+08	2.14303e+08	3.99627e+08	1.53961e+08	6.45216e+07	7.66756e+08	8.6044e+08	6.47724e+08	7.68629e+08	3.22427e+08	9.26971e+08	1.75306e+08	1.59324e+08	1.58869e+08	2.09844e+08	9.83415e+08	6.01366e+08	9.29873e+08	8.03725e+08
SRR1734618	1.59319e+08	8.53639e+07	1.54996e+08	3.07902e+08	1.35681e+08	4.93117e+07	5.85188e+08	6.75025e+08	4.49169e+08	5.26729e+08	2.52763e+08	6.04178e+08	1.45758e+08	1.01717e+08	1.1755e+08	1.95196e+08	6.01366e+08	6.45899e+08	6.38588e+08	4.9219e+08
SRR1734619	2.28877e+08	1.10706e+08	2.29951e+08	4.30886e+08	1.67098e+08	6.92403e+07	8.13183e+08	9.09188e+08	6.51825e+08	8.08707e+08	3.40464e+08	9.45115e+08	1.76717e+08	1.65058e+08	1.66845e+08	2.18072e+08	9.29873e+08	6.38588e+08	1.05599e+09	8.31382e+08
SRR1734620	1.91988e+08	9.59448e+07	1.91314e+08	3.4055e+08	1.30666e+08	5.46962e+07	6.92848e+08	7.2336e+08	5.62196e+08	7.0255e+08	2.72729e+08	8.13073e+08	1.49515e+08	1.38619e+08	1.35103e+08	1.55334e+08	8.03725e+08	4.9219e+08	8.31382e+08	8.01784e+08
