	SRR1734599	SRR1734600	SRR1734601	SRR1734602	SRR1734603	SRR1734604	SRR1734607	SRR1734608	SRR1734609	SRR1734610	SRR1734611	SRR1734612	SRR1734613	SRR1734614	SRR1734615	SRR1734616	SRR1734617	SRR1734618	SRR1734619	SRR1734620
SRR1734599	1.00747e+08	9.57811e+07	7.92752e+07	7.49454e+07	1.07008e+08	5.78685e+07	1.42413e+08	1.26119e+08	9.33811e+07	1.40045e+08	6.58742e+07	1.00567e+08	1.02608e+08	1.08101e+08	9.99063e+07	7.2825e+07	1.24886e+08	3.33228e+07	9.81e+07	1.30846e+08
SRR1734600	9.57811e+07	1.73802e+08	1.12001e+08	1.05312e+08	1.53169e+08	7.1438e+07	2.05551e+08	1.84139e+08	1.4239e+08	2.03508e+08	9.57518e+07	1.5343e+08	1.67734e+08	1.46233e+08	1.27502e+08	1.01124e+08	1.92872e+08	4.76706e+07	1.50474e+08	2.02459e+08
SRR1734601	7.92752e+07	1.12001e+08	1.31807e+08	8.52782e+07	1.27155e+08	6.06745e+07	1.58835e+08	1.47246e+08	1.12161e+08	1.64278e+08	8.18812e+07	1.20868e+08	1.22225e+08	1.27368e+08	1.1018e+08	9.20549e+07	1.51032e+08	3.69531e+07	1.18673e+08	1.61338e+08
SRR1734602	7.49454e+07	1.05312e+08	8.52782e+07	1.06603e+08	1.17794e+08	5.88092e+07	1.64679e+08	1.53197e+08	1.17263e+08	1.67165e+08	7.56265e+07	1.25986e+08	1.10186e+08	1.10166e+08	9.94307e+07	8.20576e+07	1.53976e+08	4.24305e+07	1.24351e+08	1.5837e+08
SRR1734603	1.07008e+08	1.53169e+08	1.27155e+08	1.17794e+08	2.18864e+08	8.2917e+07	2.27149e+08	2.12115e+08	1.53468e+08	2.28155e+08	1.1713e+08	1.65159e+08	1.66622e+08	1.64202e+08	1.47263e+08	1.26331e+08	2.07859e+08	5.4805e+07	1.62321e+08	2.15159e+08
SRR1734604	5.78685e+07	7.1438e+07	6.06745e+07	5.88092e+07	8.2917e+07	6.15871e+07	1.0828e+08	1.00111e+08	7.76973e+07	1.10398e+08	5.49495e+07	8.37986e+07	7.76388e+07	7.77689e+07	7.05292e+07	5.98962e+07	1.02347e+08	2.8142e+07	8.12992e+07	1.08221e+08
SRR1734607	1.42413e+08	2.05551e+08	1.58835e+08	1.64679e+08	2.27149e+08	1.0828e+08	4.06499e+08	3.40736e+08	2.56837e+08	3.86253e+08	1.33792e+08	2.75899e+08	2.16683e+08	2.09521e+08	1.90025e+08	1.45459e+08	3.46751e+08	8.86014e+07	2.68616e+08	3.69667e+08
SRR1734608	1.26119e+08	1.84139e+08	1.47246e+08	1.53197e+08	2.12115e+08	1.00111e+08	3.40736e+08	3.59506e+08	2.43457e+08	3.49317e+08	1.29514e+08	2.557e+08	1.98623e+08	1.95517e+08	1.74785e+08	1.44961e+08	3.17714e+08	8.84686e+07	2.48868e+08	3.1867e+08
SRR1734609	9.33811e+07	1.4239e+08	1.12161e+08	1.17263e+08	1.53468e+08	7.76973e+07	2.56837e+08	2.43457e+08	2.49353e+08	2.80402e+08	1.01118e+08	2.33984e+08	1.51159e+08	1.57681e+08	1.30686e+08	1.07527e+08	2.90278e+08	6.72422e+07	2.16528e+08	3.16917e+08
SRR1734610	1.40045e+08	2.03508e+08	1.64278e+08	1.67165e+08	2.28155e+08	1.10398e+08	3.86253e+08	3.49317e+08	2.80402e+08	4.42861e+08	1.38788e+08	3.04775e+08	2.16801e+08	2.16951e+08	1.91224e+08	1.44747e+08	3.84638e+08	8.84024e+07	2.98497e+08	4.39501e+08
SRR1734611	6.58742e+07	9.57518e+07	8.18812e+07	7.56265e+07	1.1713e+08	5.49495e+07	1.33792e+08	1.29514e+08	1.01118e+08	1.38788e+08	1.02281e+08	1.06766e+08	1.08525e+08	1.07529e+08	9.0828e+07	8.57735e+07	1.32379e+08	3.65779e+07	1.02776e+08	1.35862e+08
SRR1734612	1.00567e+08	1.5343e+08	1.20868e+08	1.25986e+08	1.65159e+08	8.37986e+07	2.75899e+08	2.557e+08	2.33984e+08	3.04775e+08	1.06766e+08	2.63476e+08	1.6129e+08	1.67851e+08	1.39896e+08	1.10928e+08	3.09797e+08	6.76473e+07	2.3382e+08	3.49537e+08
SRR1734613	1.02608e+08	1.67734e+08	1.22225e+08	1.10186e+08	1.66622e+08	7.76388e+07	2.16683e+08	1.98623e+08	1.51159e+08	2.16801e+08	1.08525e+08	1.6129e+08	2.12857e+08	1.60609e+08	1.42566e+08	1.17307e+08	2.02568e+08	5.17132e+07	1.54593e+08	2.077e+08
SRR1734614	1.08101e+08	1.46233e+08	1.27368e+08	1.10166e+08	1.64202e+08	7.77689e+07	2.09521e+08	1.95517e+08	1.57681e+08	2.16951e+08	1.07529e+08	1.67851e+08	1.60609e+08	2.22306e+08	1.43255e+08	1.22906e+08	2.1414e+08	4.8578e+07	1.59907e+08	2.26054e+08
SRR1734615	9.99063e+07	1.27502e+08	1.1018e+08	9.94307e+07	1.47263e+08	7.05292e+07	1.90025e+08	1.74785e+08	1.30686e+08	1.91224e+08	9.0828e+07	1.39896e+08	1.42566e+08	1.43255e+08	1.67278e+08	1.04335e+08	1.75622e+08	4.57267e+07	1.35223e+08	1.79489e+08
SRR1734616	7.2825e+07	1.01124e+08	9.20549e+07	8.20576e+07	1.26331e+08	5.98962e+07	1.45459e+08	1.44961e+08	1.07527e+08	1.44747e+08	8.57735e+07	1.10928e+08	1.17307e+08	1.22906e+08	1.04335e+08	1.26693e+08	1.37616e+08	4.06195e+07	1.051e+08	1.30078e+08
SRR1734617	1.24886e+08	1.92872e+08	1.51032e+08	1.53976e+08	2.07859e+08	1.02347e+08	3.46751e+08	3.17714e+08	2.90278e+08	3.84638e+08	1.32379e+08	3.09797e+08	2.02568e+08	2.1414e+08	1.75622e+08	1.37616e+08	4.14166e+08	8.13851e+07	2.92967e+08	4.55696e+08
SRR1734618	3.33228e+07	4.76706e+07	3.69531e+07	4.24305e+07	5.4805e+07	2.8142e+07	8.86014e+07	8.84686e+07	6.72422e+07	8.84024e+07	3.65779e+07	6.76473e+07	5.17132e+07	4.8578e+07	4.57267e+07	4.06195e+07	8.13851e+07	3.80076e+07	6.61915e+07	7.81189e+07
SRR1734619	9.81e+07	1.50474e+08	1.18673e+08	1.24351e+08	1.62321e+08	8.12992e+07	2.68616e+08	2.48868e+08	2.16528e+08	2.98497e+08	1.02776e+08	2.3382e+08	1.54593e+08	1.59907e+08	1.35223e+08	1.051e+08	2.92967e+08	6.61915e+07	2.45686e+08	3.3629e+08
SRR1734620	1.30846e+08	2.02459e+08	1.61338e+08	1.5837e+08	2.15159e+08	1.08221e+08	3.69667e+08	3.1867e+08	3.16917e+08	4.39501e+08	1.35862e+08	3.49537e+08	2.077e+08	2.26054e+08	1.79489e+08	1.30078e+08	4.55696e+08	7.81189e+07	3.3629e+08	6.09406e+08
