	SRR1734599	SRR1734600	SRR1734601	SRR1734602	SRR1734603	SRR1734604	SRR1734607	SRR1734608	SRR1734609	SRR1734610	SRR1734611	SRR1734612	SRR1734613	SRR1734614	SRR1734615	SRR1734616	SRR1734617	SRR1734618	SRR1734619	SRR1734620
SRR1734599	0	1.19389	1.18714	1.1878	1.18233	1.10818	1.31886	1.32253	1.33572	1.31726	1.18946	1.32797	1.18858	1.0425	1.06344	1.20066	1.32066	1.35787	1.32734	1.32416
SRR1734600	1.19389	0	1.16796	1.16086	1.07561	1.27555	1.20252	1.24932	1.26007	1.22458	1.08778	1.23456	0.744567	1.15723	1.1856	1.1931	1.21566	1.29563	1.22353	1.21243
SRR1734601	1.18714	1.16796	0	1.17555	1.0617	1.27193	1.29996	1.30895	1.3287	1.29666	1.0755	1.3106	1.17025	1.03787	1.10689	1.02489	1.30289	1.35181	1.30692	1.30172
SRR1734602	1.1878	1.16086	1.17555	0	1.1184	1.24458	1.11476	1.10685	1.14817	1.11132	1.11095	1.11503	1.17662	1.15231	1.17439	1.11997	1.11854	1.17763	1.11289	1.15627
SRR1734603	1.18233	1.07561	1.0617	1.1184	0	1.20941	1.21894	1.22491	1.27494	1.22487	0.894379	1.24963	1.0861	1.07342	1.12227	0.990315	1.23537	1.29625	1.24074	1.24528
SRR1734604	1.10818	1.27555	1.27193	1.24458	1.20941	0	1.26831	1.26979	1.30666	1.27094	1.23027	1.28102	1.27297	1.22251	1.25987	1.22529	1.27355	1.33143	1.28168	1.28401
SRR1734607	1.31886	1.20252	1.29996	1.11476	1.21894	1.26831	0	0.699981	0.798592	0.593538	1.21152	0.69688	1.20908	1.25639	1.2814	1.25712	0.65534	0.859303	0.655989	0.708436
SRR1734608	1.32253	1.24932	1.30895	1.10685	1.22491	1.26979	0.699981	0	0.760734	0.667871	1.22227	0.693922	1.25329	1.27112	1.28702	1.2276	0.712848	0.829686	0.71419	0.843567
SRR1734609	1.33572	1.26007	1.3287	1.14817	1.27494	1.30666	0.798592	0.760734	0	0.750234	1.25907	0.592027	1.26792	1.28154	1.31279	1.25439	0.633948	0.889439	0.718449	0.782542
SRR1734610	1.31726	1.22458	1.29666	1.11132	1.22487	1.27094	0.593538	0.667871	0.750234	0	1.20893	0.618973	1.23573	1.25149	1.28323	1.26204	0.582725	0.897183	0.582117	0.604298
SRR1734611	1.18946	1.08778	1.0755	1.11095	0.894379	1.23027	1.21152	1.22227	1.25907	1.20893	0	1.22907	1.09143	1.07058	1.19293	1.02188	1.21363	1.29327	1.22572	1.22259
SRR1734612	1.32797	1.23456	1.3106	1.11503	1.24963	1.28102	0.69688	0.693922	0.592027	0.618973	1.22907	0	1.24612	1.25543	1.29836	1.25067	0.509574	0.881016	0.579141	0.621923
SRR1734613	1.18858	0.744567	1.17025	1.17662	1.0861	1.27297	1.20908	1.25329	1.26792	1.23573	1.09143	1.24612	0	1.14315	1.16329	1.15923	1.23308	1.29781	1.24936	1.24045
SRR1734614	1.0425	1.15723	1.03787	1.15231	1.07342	1.22251	1.25639	1.27112	1.28154	1.25149	1.07058	1.25543	1.14315	0	1.12314	1.0326	1.24287	1.33309	1.26211	1.24609
SRR1734615	1.06344	1.1856	1.10689	1.17439	1.12227	1.25987	1.2814	1.28702	1.31279	1.28323	1.19293	1.29836	1.16329	1.12314	0	1.1445	1.28651	1.33343	1.29796	1.29874
SRR1734616	1.20066	1.1931	1.02489	1.11997	0.990315	1.22529	1.25712	1.2276	1.25439	1.26204	1.02188	1.25067	1.15923	1.0326	1.1445	0	1.25592	1.28684	1.27394	1.29859
SRR1734617	1.32066	1.21566	1.30289	1.11854	1.23537	1.27355	0.65534	0.712848	0.633948	0.582725	1.21363	0.509574	1.23308	1.24287	1.28651	1.25592	0	0.91848	0.552977	0.529284
SRR1734618	1.35787	1.29563	1.35181	1.17763	1.29625	1.33143	0.859303	0.829686	0.889439	0.897183	1.29327	0.881016	1.29781	1.33309	1.33343	1.28684	0.91848	0	0.88519	1.03247
SRR1734619	1.32734	1.22353	1.30692	1.11289	1.24074	1.28168	0.655989	0.71419	0.718449	0.582117	1.22572	0.579141	1.24936	1.26211	1.29796	1.27394	0.552977	0.88519	0	0.587069
SRR1734620	1.32416	1.21243	1.30172	1.15627	1.24528	1.28401	0.708436	0.843567	0.782542	0.604298	1.22259	0.621923	1.24045	1.24609	1.29874	1.29859	0.529284	1.03247	0.587069	0
