	SRR1734599	SRR1734600	SRR1734601	SRR1734602	SRR1734603	SRR1734604	SRR1734607	SRR1734608	SRR1734609	SRR1734610	SRR1734611	SRR1734612	SRR1734613	SRR1734614	SRR1734615	SRR1734616	SRR1734617	SRR1734618	SRR1734619	SRR1734620
SRR1734599	6.39288e+08	3.88185e+08	3.5408e+08	5.57346e+08	3.58212e+08	5.29385e+08	4.43633e+08	3.17074e+08	4.10874e+08	6.30207e+08	2.47261e+08	4.50313e+08	4.60429e+08	4.46446e+08	3.60278e+08	1.19302e+08	7.73981e+08	5.13206e+08	7.04341e+08	5.8697e+08
SRR1734600	3.88185e+08	3.7387e+08	2.76776e+08	4.36127e+08	2.79198e+08	3.95205e+08	3.4079e+08	2.47556e+08	3.30616e+08	4.73276e+08	2.01542e+08	3.61193e+08	4.0613e+08	3.34999e+08	2.55654e+08	9.61603e+07	6.06577e+08	3.97504e+08	5.56053e+08	4.5907e+08
SRR1734601	3.5408e+08	2.76776e+08	3.39541e+08	3.94697e+08	2.57913e+08	3.69425e+08	2.98611e+08	2.24267e+08	2.90892e+08	4.32894e+08	1.90818e+08	3.17081e+08	3.31974e+08	3.1285e+08	2.45538e+08	9.57595e+07	5.36474e+08	3.57024e+08	4.92592e+08	4.133e+08
SRR1734602	5.57346e+08	4.36127e+08	3.94697e+08	7.74356e+08	4.05541e+08	6.03818e+08	5.22844e+08	3.90647e+08	5.1427e+08	7.63913e+08	2.8923e+08	5.67448e+08	5.05531e+08	4.83036e+08	3.67023e+08	1.37171e+08	9.54264e+08	6.36334e+08	8.97607e+08	7.14815e+08
SRR1734603	3.58212e+08	2.79198e+08	2.57913e+08	4.05541e+08	3.276e+08	3.8414e+08	3.13617e+08	2.37662e+08	2.96843e+08	4.42957e+08	2.05394e+08	3.23001e+08	3.31457e+08	3.06736e+08	2.44674e+08	1.01636e+08	5.44454e+08	3.80568e+08	5.02687e+08	4.07172e+08
SRR1734604	5.29385e+08	3.95205e+08	3.69425e+08	6.03818e+08	3.8414e+08	6.65133e+08	4.69518e+08	3.45907e+08	4.49922e+08	6.81749e+08	2.78033e+08	4.95322e+08	4.71199e+08	4.49947e+08	3.44564e+08	1.31002e+08	8.493e+08	5.56651e+08	7.74988e+08	6.4792e+08
SRR1734607	4.43633e+08	3.4079e+08	2.98611e+08	5.22844e+08	3.13617e+08	4.69518e+08	4.91786e+08	3.373e+08	4.41341e+08	6.60646e+08	2.23465e+08	4.82389e+08	3.96282e+08	3.59944e+08	2.8481e+08	1.02188e+08	8.01686e+08	5.36439e+08	7.39414e+08	6.20897e+08
SRR1734608	3.17074e+08	2.47556e+08	2.24267e+08	3.90647e+08	2.37662e+08	3.45907e+08	3.373e+08	2.94295e+08	3.35907e+08	4.79877e+08	1.76972e+08	3.61009e+08	2.92134e+08	2.7049e+08	2.1331e+08	8.47299e+07	5.82988e+08	4.30446e+08	5.45629e+08	4.29234e+08
SRR1734609	4.10874e+08	3.30616e+08	2.90892e+08	5.1427e+08	2.96843e+08	4.49922e+08	4.41341e+08	3.35907e+08	5.67349e+08	6.80414e+08	2.2914e+08	5.67815e+08	3.84083e+08	3.82359e+08	2.74349e+08	1.03455e+08	9.40793e+08	5.41602e+08	8.30691e+08	7.59149e+08
SRR1734610	6.30207e+08	4.73276e+08	4.32894e+08	7.63913e+08	4.42957e+08	6.81749e+08	6.60646e+08	4.79877e+08	6.80414e+08	1.06958e+09	3.21191e+08	7.57804e+08	5.58512e+08	5.27841e+08	4.02665e+08	1.38572e+08	1.28844e+09	7.63417e+08	1.18812e+09	1.06023e+09
SRR1734611	2.47261e+08	2.01542e+08	1.90818e+08	2.8923e+08	2.05394e+08	2.78033e+08	2.23465e+08	1.76972e+08	2.2914e+08	3.21191e+08	1.99906e+08	2.45509e+08	2.46611e+08	2.34935e+08	1.76608e+08	8.24864e+07	4.05671e+08	2.78654e+08	3.66069e+08	3.06254e+08
SRR1734612	4.50313e+08	3.61193e+08	3.17081e+08	5.67448e+08	3.23001e+08	4.95322e+08	4.82389e+08	3.61009e+08	5.67815e+08	7.57804e+08	2.45509e+08	6.51784e+08	4.1556e+08	4.11127e+08	2.97085e+08	1.0774e+08	1.0364e+09	5.681e+08	9.27259e+08	8.56116e+08
SRR1734613	4.60429e+08	4.0613e+08	3.31974e+08	5.05531e+08	3.31457e+08	4.71199e+08	3.96282e+08	2.92134e+08	3.84083e+08	5.58512e+08	2.46611e+08	4.1556e+08	5.47387e+08	4.0327e+08	3.11928e+08	1.18973e+08	7.05432e+08	4.79441e+08	6.32261e+08	5.21062e+08
SRR1734614	4.46446e+08	3.34999e+08	3.1285e+08	4.83036e+08	3.06736e+08	4.49947e+08	3.59944e+08	2.7049e+08	3.82359e+08	5.27841e+08	2.34935e+08	4.11127e+08	4.0327e+08	4.9459e+08	2.96553e+08	1.17671e+08	7.08157e+08	4.40533e+08	6.2653e+08	5.35939e+08
SRR1734615	3.60278e+08	2.55654e+08	2.45538e+08	3.67023e+08	2.44674e+08	3.44564e+08	2.8481e+08	2.1331e+08	2.74349e+08	4.02665e+08	1.76608e+08	2.97085e+08	3.11928e+08	2.96553e+08	2.9706e+08	8.99287e+07	5.00711e+08	3.39925e+08	4.52317e+08	3.71094e+08
SRR1734616	1.19302e+08	9.61603e+07	9.57595e+07	1.37171e+08	1.01636e+08	1.31002e+08	1.02188e+08	8.47299e+07	1.03455e+08	1.38572e+08	8.24864e+07	1.0774e+08	1.18973e+08	1.17671e+08	8.99287e+07	6.37817e+07	1.73252e+08	1.35071e+08	1.55778e+08	1.2146e+08
SRR1734617	7.73981e+08	6.06577e+08	5.36474e+08	9.54264e+08	5.44454e+08	8.493e+08	8.01686e+08	5.82988e+08	9.40793e+08	1.28844e+09	4.05671e+08	1.0364e+09	7.05432e+08	7.08157e+08	5.00711e+08	1.73252e+08	1.85054e+09	9.39625e+08	1.58901e+09	1.50581e+09
SRR1734618	5.13206e+08	3.97504e+08	3.57024e+08	6.36334e+08	3.80568e+08	5.56651e+08	5.36439e+08	4.30446e+08	5.41602e+08	7.63417e+08	2.78654e+08	5.681e+08	4.79441e+08	4.40533e+08	3.39925e+08	1.35071e+08	9.39625e+08	7.99887e+08	8.77399e+08	6.54654e+08
SRR1734619	7.04341e+08	5.56053e+08	4.92592e+08	8.97607e+08	5.02687e+08	7.74988e+08	7.39414e+08	5.45629e+08	8.30691e+08	1.18812e+09	3.66069e+08	9.27259e+08	6.32261e+08	6.2653e+08	4.52317e+08	1.55778e+08	1.58901e+09	8.77399e+08	1.52091e+09	1.32309e+09
SRR1734620	5.8697e+08	4.5907e+08	4.133e+08	7.14815e+08	4.07172e+08	6.4792e+08	6.20897e+08	4.29234e+08	7.59149e+08	1.06023e+09	3.06254e+08	8.56116e+08	5.21062e+08	5.35939e+08	3.71094e+08	1.2146e+08	1.50581e+09	6.54654e+08	1.32309e+09	1.43318e+09
