	SRR1734599	SRR1734600	SRR1734601	SRR1734602	SRR1734603	SRR1734604	SRR1734607	SRR1734608	SRR1734609	SRR1734610	SRR1734611	SRR1734612	SRR1734613	SRR1734614	SRR1734615	SRR1734616	SRR1734617	SRR1734618	SRR1734619	SRR1734620
SRR1734599	0	1.11654	1.15538	1.20517	1.12813	1.18527	1.20768	1.21362	1.22666	1.20849	1.16578	1.21323	1.1242	1.07616	0.983124	1.17351	1.21486	1.21237	1.21325	1.207
SRR1734600	1.11654	0	1.09127	1.18439	1.15341	1.19344	1.21367	1.22981	1.22901	1.23019	1.17981	1.22651	0.421327	1.13598	1.14045	1.16437	1.22623	1.21584	1.22842	1.22618
SRR1734601	1.15538	1.09127	0	1.18577	1.18309	1.20233	1.24269	1.24107	1.25871	1.24309	1.2108	1.25464	1.09834	1.15581	1.10146	1.18758	1.25093	1.25181	1.24403	1.24829
SRR1734602	1.20517	1.18439	1.18577	0	1.03935	0.980455	0.962247	0.971493	1.00013	0.976172	1.03961	0.996075	1.18706	1.13502	1.17322	1.00689	0.992445	0.981691	0.97049	0.988063
SRR1734603	1.12813	1.15341	1.18309	1.03935	0	1.03035	1.12166	1.13379	1.15884	1.13748	1.04128	1.15674	1.15829	1.14696	1.09058	0.958262	1.15216	1.13843	1.13533	1.14378
SRR1734604	1.18527	1.19344	1.20233	0.980455	1.03035	0	1.00805	0.990575	1.06018	1.01855	0.963028	1.04671	1.19525	1.12709	1.18825	0.950619	1.02887	1.03801	1.00738	1.03276
SRR1734607	1.20768	1.21367	1.24269	0.962247	1.12166	1.00805	0	0.576306	0.619817	0.530569	1.00598	0.639593	1.21814	1.1637	1.21296	1.06146	0.622988	0.438677	0.526127	0.554482
SRR1734608	1.21362	1.22981	1.24107	0.971493	1.13379	0.990575	0.576306	0	0.614847	0.477808	1.01801	0.549698	1.23154	1.16306	1.21262	1.06519	0.503413	0.620458	0.450435	0.521764
SRR1734609	1.22666	1.22901	1.25871	1.00013	1.15884	1.06018	0.619817	0.614847	0	0.592923	1.03592	0.532732	1.22774	1.16699	1.22236	1.08522	0.517477	0.603876	0.516567	0.577282
SRR1734610	1.20849	1.23019	1.24309	0.976172	1.13748	1.01855	0.530569	0.477808	0.592923	0	1.00664	0.515106	1.23499	1.16039	1.21423	1.07488	0.509486	0.554729	0.419636	0.411104
SRR1734611	1.16578	1.17981	1.2108	1.03961	1.04128	0.963028	1.00598	1.01801	1.03592	1.00664	0	1.01505	1.17606	1.12958	1.16825	1.01232	1.01135	1.01322	1.01069	1.01435
SRR1734612	1.21323	1.22651	1.25464	0.996075	1.15674	1.04671	0.639593	0.549698	0.532732	0.515106	1.01505	0	1.22614	1.15635	1.21603	1.07924	0.40905	0.591695	0.520498	0.491852
SRR1734613	1.1242	0.421327	1.09834	1.18706	1.15829	1.19525	1.21814	1.23154	1.22774	1.23499	1.17606	1.22614	0	1.132	1.13208	1.15851	1.22435	1.21777	1.23298	1.23297
SRR1734614	1.07616	1.13598	1.15581	1.13502	1.14696	1.12709	1.1637	1.16306	1.16699	1.16039	1.12958	1.15635	1.132	0	1.11148	1.11966	1.15632	1.16901	1.16011	1.16504
SRR1734615	0.983124	1.14045	1.10146	1.17322	1.09058	1.18825	1.21296	1.21262	1.22236	1.21423	1.16825	1.21603	1.13208	1.11148	0	1.14628	1.21269	1.21911	1.21543	1.21837
SRR1734616	1.17351	1.16437	1.18758	1.00689	0.958262	0.950619	1.06146	1.06519	1.08522	1.07488	1.01232	1.07924	1.15851	1.11966	1.14628	0	1.07153	1.06815	1.06774	1.07869
SRR1734617	1.21486	1.22623	1.25093	0.992445	1.15216	1.02887	0.622988	0.503413	0.517477	0.509486	1.01135	0.40905	1.22435	1.15632	1.21269	1.07153	0	0.59394	0.492596	0.49788
SRR1734618	1.21237	1.21584	1.25181	0.981691	1.13843	1.03801	0.438677	0.620458	0.603876	0.554729	1.01322	0.591695	1.21777	1.16901	1.21911	1.06815	0.59394	0	0.560758	0.556013
SRR1734619	1.21325	1.22842	1.24403	0.97049	1.13533	1.00738	0.526127	0.450435	0.516567	0.419636	1.01069	0.520498	1.23298	1.16011	1.21543	1.06774	0.492596	0.560758	0	0.439478
SRR1734620	1.207	1.22618	1.24829	0.988063	1.14378	1.03276	0.554482	0.521764	0.577282	0.411104	1.01435	0.491852	1.23297	1.16504	1.21837	1.07869	0.49788	0.556013	0.439478	0
