	SRR1734599	SRR1734600	SRR1734601	SRR1734602	SRR1734603	SRR1734604	SRR1734607	SRR1734608	SRR1734609	SRR1734610	SRR1734611	SRR1734612	SRR1734613	SRR1734614	SRR1734615	SRR1734616	SRR1734617	SRR1734618	SRR1734619	SRR1734620
SRR1734599	1.23681e+08	2.93904e+07	6.12107e+07	5.90538e+07	6.4719e+07	6.93867e+07	7.29734e+07	3.60071e+07	5.81813e+07	6.26465e+07	4.1782e+07	7.12557e+07	5.33663e+07	1.05616e+08	5.99273e+07	3.6034e+07	6.58173e+07	1.51364e+07	5.67943e+07	7.29735e+07
SRR1734600	2.93904e+07	6.5328e+07	5.13176e+07	4.82025e+07	5.22448e+07	4.69229e+07	6.53197e+07	2.91846e+07	5.0864e+07	5.11729e+07	3.74654e+07	5.87876e+07	8.54313e+07	5.68876e+07	2.43545e+07	2.84304e+07	5.51898e+07	1.32579e+07	4.87756e+07	5.8752e+07
SRR1734601	6.12107e+07	5.13176e+07	2.99466e+08	1.21351e+08	1.0574e+08	1.20006e+08	1.18538e+08	5.6908e+07	8.92015e+07	1.01525e+08	7.3299e+07	1.11302e+08	9.40029e+07	1.35374e+08	6.76486e+07	7.14733e+07	1.03191e+08	2.2555e+07	9.07974e+07	1.18488e+08
SRR1734602	5.90538e+07	4.82025e+07	1.21351e+08	3.70637e+08	1.38601e+08	1.73892e+08	2.6728e+08	1.49087e+08	2.21254e+08	2.37899e+08	9.98951e+07	2.71602e+08	8.57479e+07	1.69386e+08	6.0121e+07	1.03028e+08	2.45868e+08	6.55699e+07	2.24587e+08	2.61476e+08
SRR1734603	6.4719e+07	5.22448e+07	1.0574e+08	1.38601e+08	2.97035e+08	1.62514e+08	1.68219e+08	8.69138e+07	1.24733e+08	1.38238e+08	1.14129e+08	1.46435e+08	9.38415e+07	1.36587e+08	6.97445e+07	1.02148e+08	1.36871e+08	3.58008e+07	1.24539e+08	1.43722e+08
SRR1734604	6.93867e+07	4.69229e+07	1.20006e+08	1.73892e+08	1.62514e+08	3.85342e+08	2.15435e+08	1.08502e+08	1.57959e+08	1.78317e+08	1.28293e+08	1.99855e+08	8.62718e+07	1.76357e+08	6.08771e+07	1.13436e+08	1.84707e+08	4.37624e+07	1.60966e+08	2.0038e+08
SRR1734607	7.29734e+07	6.53197e+07	1.18538e+08	2.6728e+08	1.68219e+08	2.15435e+08	7.40545e+08	3.32638e+08	5.36918e+08	5.79082e+08	1.57058e+08	6.37353e+08	1.23436e+08	1.99552e+08	6.35614e+07	1.11093e+08	5.91006e+08	1.50045e+08	5.33532e+08	6.48576e+08
SRR1734608	3.60071e+07	2.91846e+07	5.6908e+07	1.49087e+08	8.69138e+07	1.08502e+08	3.32638e+08	2.55635e+08	2.95782e+08	3.13258e+08	7.99814e+07	3.46211e+08	5.43623e+07	9.14315e+07	3.15351e+07	6.82669e+07	3.20815e+08	1.02289e+08	2.92064e+08	3.24034e+08
SRR1734609	5.81813e+07	5.0864e+07	8.92015e+07	2.21254e+08	1.24733e+08	1.57959e+08	5.36918e+08	2.95782e+08	5.88524e+08	4.9915e+08	1.23925e+08	5.94518e+08	9.108e+07	1.65504e+08	4.97081e+07	9.4306e+07	5.5879e+08	1.35878e+08	4.83926e+08	5.74065e+08
SRR1734610	6.26465e+07	5.11729e+07	1.01525e+08	2.37899e+08	1.38238e+08	1.78317e+08	5.79082e+08	3.13258e+08	4.9915e+08	5.92047e+08	1.34205e+08	6.00305e+08	9.31663e+07	1.71979e+08	5.36507e+07	9.29174e+07	5.56078e+08	1.34581e+08	5.04512e+08	6.1218e+08
SRR1734611	4.1782e+07	3.74654e+07	7.3299e+07	9.98951e+07	1.14129e+08	1.28293e+08	1.57058e+08	7.99814e+07	1.23925e+08	1.34205e+08	1.69739e+08	1.46632e+08	6.58192e+07	1.02966e+08	3.88533e+07	6.82075e+07	1.37631e+08	3.21363e+07	1.22072e+08	1.42917e+08
SRR1734612	7.12557e+07	5.87876e+07	1.11302e+08	2.71602e+08	1.46435e+08	1.99855e+08	6.37353e+08	3.46211e+08	5.94518e+08	6.00305e+08	1.46632e+08	7.61941e+08	1.05983e+08	2.06237e+08	6.07801e+07	1.09028e+08	6.62058e+08	1.48674e+08	5.76039e+08	7.01245e+08
SRR1734613	5.33663e+07	8.54313e+07	9.40029e+07	8.57479e+07	9.38415e+07	8.62718e+07	1.23436e+08	5.43623e+07	9.108e+07	9.31663e+07	6.58192e+07	1.05983e+08	1.95084e+08	1.05613e+08	4.609e+07	5.59183e+07	9.87383e+07	2.437e+07	8.43032e+07	1.03744e+08
SRR1734614	1.05616e+08	5.68876e+07	1.35374e+08	1.69386e+08	1.36587e+08	1.76357e+08	1.99552e+08	9.14315e+07	1.65504e+08	1.71979e+08	1.02966e+08	2.06237e+08	1.05613e+08	4.29326e+08	8.12254e+07	9.48464e+07	1.90605e+08	3.52408e+07	1.60922e+08	2.0994e+08
SRR1734615	5.99273e+07	2.43545e+07	6.76486e+07	6.0121e+07	6.97445e+07	6.08771e+07	6.35614e+07	3.15351e+07	4.97081e+07	5.36507e+07	3.88533e+07	6.07801e+07	4.609e+07	8.12254e+07	1.04147e+08	4.2813e+07	5.64457e+07	1.29843e+07	4.77949e+07	6.08418e+07
SRR1734616	3.6034e+07	2.84304e+07	7.14733e+07	1.03028e+08	1.02148e+08	1.13436e+08	1.11093e+08	6.82669e+07	9.4306e+07	9.29174e+07	6.82075e+07	1.09028e+08	5.59183e+07	9.48464e+07	4.2813e+07	1.56373e+08	1.00551e+08	3.30694e+07	8.39465e+07	9.456e+07
SRR1734617	6.58173e+07	5.51898e+07	1.03191e+08	2.45868e+08	1.36871e+08	1.84707e+08	5.91006e+08	3.20815e+08	5.5879e+08	5.56078e+08	1.37631e+08	6.62058e+08	9.87383e+07	1.90605e+08	5.64457e+07	1.00551e+08	6.64938e+08	1.39055e+08	5.35595e+08	6.52741e+08
SRR1734618	1.51364e+07	1.32579e+07	2.2555e+07	6.55699e+07	3.58008e+07	4.37624e+07	1.50045e+08	1.02289e+08	1.35878e+08	1.34581e+08	3.21363e+07	1.48674e+08	2.437e+07	3.52408e+07	1.29843e+07	3.30694e+07	1.39055e+08	7.79531e+07	1.27186e+08	1.35352e+08
SRR1734619	5.67943e+07	4.87756e+07	9.07974e+07	2.24587e+08	1.24539e+08	1.60966e+08	5.33532e+08	2.92064e+08	4.83926e+08	5.04512e+08	1.22072e+08	5.76039e+08	8.43032e+07	1.60922e+08	4.77949e+07	8.39465e+07	5.35595e+08	1.27186e+08	5.28788e+08	5.75693e+08
SRR1734620	7.29735e+07	5.8752e+07	1.18488e+08	2.61476e+08	1.43722e+08	2.0038e+08	6.48576e+08	3.24034e+08	5.74065e+08	6.1218e+08	1.42917e+08	7.01245e+08	1.03744e+08	2.0994e+08	6.08418e+07	9.456e+07	6.52741e+08	1.35352e+08	5.75693e+08	7.87111e+08
